0 0 0 0 0 0 0 0 0 0 0 0 0 0 0 0 0 0 0 0 0 0 0 0 0 0 0 0 0 0 0 0 0 0 0 0 0 0 0 0 0 0 0 0 0 0 0 0 0 0 0 0 0 0 0 0 0 0 0 0 0 0 0 0 0 0 0 0 0 0 0 0 0 0 0 0 0 0 0 0 0 0 0 0 0 0 0 0 0 0 0 0 0 0 0 0 0 0 0 0 0 0 0 0 0 0 0 0 0 0 0 0 0 0 0 0 0 0 0 0 0 0 0 0 0 0 0 0 0 0 0 0 0 0 0 0 0 0 0 0 0 0 0 0 0 0 0 0 0 0 0 0 0 0 0 0 0 0 0 0 0 0 0 0 0 0 0 0 0 0 0 0 0 0 0 0 0 0 0 0 0 0 0 0 0 0 0 0 0 0 0 0 0 0 0 0 0 0 0 0 
0 8.60058e-06 -5.93394e-06 1.11179e-06 1.72328e-05 6.35744e-06 1.79475e-05 3.01429e-05 6.63111e-06 1.8871e-05 2.94219e-05 1.10036e-05 3.40049e-05 4.01249e-05 2.36972e-05 3.73971e-05 4.12135e-05 4.32956e-05 4.45562e-05 5.04861e-05 5.35919e-05 3.08388e-05 5.44674e-05 7.32279e-05 5.95112e-05 6.9313e-05 5.92254e-05 8.03565e-05 9.14486e-05 6.51639e-05 8.581e-05 8.67088e-05 8.9208e-05 9.48447e-05 9.62306e-05 0.000113691 0.000102143 0.000125835 0.000127717 0.000121242 0.00014532 0.00013875 0.000149564 0.000148228 0.000165839 0.000169252 0.000165442 0.000195679 0.000192141 0.000206941 0.000214744 0.000238819 0.000246722 0.000250985 0.000284707 0.000291702 0.000311819 0.000320977 0.000359631 0.000375896 0.000394134 0.000430418 0.000468336 0.000512424 0.000542535 0.000615879 0.0006862 0.000778342 0.000871258 0.00101589 0.00119043 0.00139349 0.00163062 0.00191549 0.00225914 0.00261535 0.00298948 0.00334531 0.00369466 0.00395816 0.00411528 0.00410125 0.00392996 0.00355817 0.0029927 0.00221497 0.00128086 0.000240789 -0.000824324 -0.00185972 -0.00279928 -0.00358044 -0.00413908 -0.00442605 -0.00442555 -0.00413927 -0.00359788 -0.00282691 -0.00187753 -0.000796379 0.000336773 0.00145413 0.00247163 0.00333695 0.00399224 0.004407 0.00454191 0.00438551 0.00393859 0.00324062 0.00234753 0.00132331 0.000231748 -0.000870228 -0.00190348 -0.00280604 -0.00351011 -0.00401598 -0.00431187 -0.00443504 -0.00436906 -0.00416886 -0.00385277 -0.00350649 -0.00312648 -0.00275423 -0.0023795 -0.00205822 -0.00178279 -0.00155144 -0.00134559 -0.00117359 -0.00105442 -0.000948362 -0.00086401 -0.000775935 -0.000734252 -0.000682894 -0.000641903 -0.000593303 -0.000571619 -0.000549787 -0.000511197 -0.000493025 -0.000471319 -0.000465967 -0.000428644 -0.000425079 -0.000414637 -0.000398953 -0.000385431 -0.000374189 -0.00038013 -0.000348832 -0.000353359 -0.000344418 -0.000333119 -0.000323547 -0.000313642 -0.000319695 -0.000290133 -0.00030042 -0.000293358 -0.000279238 -0.000287413 -0.000275391 -0.000279353 -0.000264915 -0.000276809 -0.000271157 -0.000243006 -0.000263892 -0.000254253 -0.000250803 -0.000242073 -0.000224586 -0.000253837 -0.000248929 -0.00023323 -0.00023258 -0.000234106 -0.000239698 -0.000222036 -0.000234077 -0.000231858 -0.000202257 -0.000228469 -0.000228945 -0.000212621 -0.000236289 -0.000222728 -0.000208244 -0.000221129 -0.000210985 -0.000210962 -0.000222399 -0.000216887 -0.000215629 -0.000219328 -0.000213819 
0 -5.93394e-06 3.21496e-05 1.08603e-05 1.11377e-05 3.58265e-05 7.98645e-06 2.60908e-05 5.04339e-05 3.40056e-05 5.54616e-05 5.93978e-05 4.70348e-05 6.21105e-05 6.4504e-05 7.51648e-05 7.81088e-05 7.1804e-05 9.12098e-05 9.02137e-05 9.51531e-05 0.000128089 0.000121679 9.80576e-05 0.000117089 0.000144127 0.000136332 0.000132808 0.000150239 0.000161121 0.000171308 0.000184373 0.00018527 0.00019174 0.000214953 0.000211247 0.000213454 0.0002383 0.000239622 0.000248075 0.000265315 0.000286198 0.000290174 0.000305238 0.000340708 0.000338175 0.000359152 0.000384081 0.000403689 0.000412978 0.000433388 0.000476736 0.000478335 0.00051014 0.000543985 0.000585244 0.000605919 0.000643617 0.000711053 0.000745555 0.000800835 0.000856185 0.000955763 0.00102145 0.00111473 0.00123775 0.00139565 0.00157016 0.0017668 0.00205709 0.0023947 0.00281544 0.00327341 0.00386338 0.00451794 0.0052481 0.00596537 0.00669188 0.00735388 0.00788233 0.00816834 0.00814324 0.00778537 0.00703934 0.00590697 0.00435688 0.00251042 0.000439943 -0.00166109 -0.00372734 -0.00557244 -0.00713312 -0.008218 -0.00880334 -0.00878161 -0.00823376 -0.00713724 -0.00562699 -0.00372021 -0.0015969 0.000672486 0.00286699 0.00490831 0.00660476 0.00792696 0.00872818 0.00901556 0.0086865 0.00782295 0.00642576 0.00467493 0.0026295 0.000478132 -0.00171734 -0.00375625 -0.00555461 -0.00695662 -0.00797183 -0.00857365 -0.00881883 -0.00870897 -0.00830912 -0.00771113 -0.00700645 -0.00627452 -0.00551001 -0.00479233 -0.00412613 -0.00359218 -0.00310532 -0.0027073 -0.00235372 -0.00210994 -0.00189772 -0.0017169 -0.00156165 -0.00145088 -0.00137255 -0.00126817 -0.00120025 -0.00113659 -0.00110475 -0.00103229 -0.000991414 -0.000962643 -0.000927531 -0.000885595 -0.000847606 -0.000843339 -0.00079702 -0.000771739 -0.000751922 -0.000737687 -0.000706287 -0.000683214 -0.000687585 -0.000655356 -0.000642828 -0.000637484 -0.000627245 -0.000607502 -0.000598701 -0.000601338 -0.000571823 -0.000565141 -0.000564858 -0.000544519 -0.000534273 -0.000528356 -0.000520032 -0.000518375 -0.000519716 -0.000498756 -0.000489305 -0.000513743 -0.000506906 -0.000467922 -0.000468736 -0.000482686 -0.000467537 -0.000465227 -0.000462012 -0.000453116 -0.000457219 -0.000451768 -0.000462902 -0.00045834 -0.000431431 -0.000445218 -0.000435314 -0.000421781 -0.000452215 -0.000439073 -0.000430448 -0.000448542 -0.000423075 -0.000423168 -0.000436716 -0.000417235 -0.000432459 
0 1.11179e-06 1.08603e-05 1.63407e-05 2.95181e-05 3.77916e-05 4.22167e-05 5.58189e-05 5.25961e-05 5.66365e-05 7.26474e-05 7.08049e-05 8.5203e-05 9.96797e-05 9.51974e-05 0.000108059 0.000119236 0.000123638 0.000134604 0.000143386 0.00014672 0.000147521 0.000167107 0.000182131 0.000188107 0.000201521 0.000201369 0.000222221 0.000239593 0.000232305 0.000250622 0.000265184 0.000273651 0.00028702 0.000305468 0.000321938 0.000328717 0.00035961 0.000371782 0.000380666 0.000410614 0.00042572 0.000441145 0.000459798 0.00049348 0.000507913 0.000527626 0.000570542 0.000593837 0.000621317 0.000656774 0.000706638 0.000734854 0.000771891 0.000832234 0.000879915 0.000926131 0.000981144 0.00106503 0.00112929 0.00120157 0.00129935 0.00141993 0.00154013 0.00167433 0.00186691 0.00209575 0.00236424 0.00268065 0.00310747 0.00362937 0.0042483 0.00496859 0.00583241 0.0068232 0.00788603 0.00896924 0.0100268 0.0109974 0.0117452 0.0121477 0.0120906 0.0115321 0.0104059 0.00869562 0.00640366 0.00365638 0.000612116 -0.00251464 -0.00555041 -0.00829384 -0.0105694 -0.0121854 -0.013023 -0.0130124 -0.0121784 -0.010576 -0.00831357 -0.00551141 -0.00234565 0.000988238 0.00425841 0.00725855 0.00979605 0.0117322 0.0129405 0.0133423 0.0128821 0.0115926 0.00956146 0.00696072 0.00396059 0.000760851 -0.00246376 -0.0054924 -0.00814252 -0.0102492 -0.0117702 -0.0126955 -0.0130773 -0.0129413 -0.0123851 -0.0115224 -0.010504 -0.00940908 -0.00829802 -0.00722252 -0.00625383 -0.00542568 -0.00471147 -0.00409887 -0.00358663 -0.00319745 -0.00287596 -0.00260465 -0.00237015 -0.00220355 -0.00206138 -0.00192561 -0.00180594 -0.00171887 -0.00164569 -0.00155452 -0.00148688 -0.00143272 -0.00138494 -0.00131852 -0.00127697 -0.00124649 -0.00120083 -0.00116094 -0.00113216 -0.00111245 -0.00106783 -0.00104592 -0.00102839 -0.000997275 -0.00097113 -0.000952878 -0.000938727 -0.000904197 -0.000895334 -0.000882913 -0.000857425 -0.000850112 -0.000838028 -0.000825082 -0.00080894 -0.000808334 -0.000793093 -0.000769038 -0.000774398 -0.000760687 -0.000746347 -0.000737875 -0.00072447 -0.000728899 -0.00072511 -0.000712902 -0.000702944 -0.000702233 -0.000699734 -0.000685857 -0.000689434 -0.000679213 -0.000662929 -0.000673973 -0.000667959 -0.000663857 -0.000671924 -0.000658777 -0.000653859 -0.000653359 -0.000645291 -0.000648472 -0.000648881 -0.000648578 -0.000650546 -0.000645326 -0.000644221 
0 1.72328e-05 1.11377e-05 2.95181e-05 4.01356e-05 3.63293e-05 6.12626e-05 6.95848e-05 6.58627e-05 8.84276e-05 9.44752e-05 9.65851e-05 0.000117446 0.000125113 0.000131142 0.000142436 0.000154806 0.000168592 0.000172995 0.000191171 0.000205775 0.000200554 0.000221943 0.000245589 0.000249295 0.000259804 0.000272504 0.000295571 0.00031083 0.000315492 0.000338501 0.000354214 0.000370552 0.0003903 0.000404107 0.000429582 0.000445266 0.000468954 0.000493289 0.000510055 0.000543552 0.000563605 0.000592497 0.000622384 0.00065159 0.000687881 0.000713884 0.000761287 0.000794411 0.000835354 0.000884015 0.000930572 0.000986266 0.00103251 0.00110705 0.00116724 0.0012394 0.00131957 0.00141243 0.0015147 0.00161327 0.00175344 0.00189737 0.00207468 0.00226543 0.00252264 0.00282776 0.00319297 0.0036443 0.00420688 0.00491296 0.00573384 0.00672141 0.00785662 0.00916396 0.0105453 0.0119716 0.0133385 0.0145724 0.015501 0.0159789 0.0158684 0.0150834 0.0135662 0.0112757 0.00826919 0.00466197 0.0006976 -0.00340344 -0.00735452 -0.0109426 -0.0138821 -0.0159897 -0.017059 -0.017056 -0.0159486 -0.013861 -0.0108787 -0.00722043 -0.0030636 0.00128198 0.00557349 0.00948833 0.0128284 0.0153513 0.0169459 0.0174564 0.0168754 0.015192 0.0125739 0.00917736 0.0052783 0.00108516 -0.00311008 -0.00707778 -0.0105406 -0.0133422 -0.0153724 -0.0166419 -0.0171782 -0.0170531 -0.0163788 -0.0153005 -0.0139951 -0.0125628 -0.0111191 -0.00970775 -0.00844029 -0.00731356 -0.00636243 -0.00553271 -0.00485982 -0.00430951 -0.00387084 -0.00350163 -0.00319428 -0.00295863 -0.00275206 -0.00258396 -0.0024213 -0.00230612 -0.00218944 -0.00208968 -0.00199518 -0.00191742 -0.00184951 -0.00177085 -0.00171789 -0.00165658 -0.00161 -0.00155399 -0.00151273 -0.0014748 -0.00142762 -0.00139846 -0.00135921 -0.00133251 -0.00129768 -0.00127112 -0.00124896 -0.00121645 -0.00120063 -0.00117377 -0.00115495 -0.00113711 -0.00111465 -0.00110149 -0.00107951 -0.00107046 -0.00105502 -0.0010318 -0.00102527 -0.00101489 -0.00100528 -0.000985267 -0.000969734 -0.00097818 -0.000964241 -0.000944307 -0.000942177 -0.000935098 -0.000927775 -0.000917831 -0.000914692 -0.000911312 -0.000892855 -0.000896762 -0.000898801 -0.000879643 -0.000886116 -0.000884248 -0.000865635 -0.000874445 -0.000872608 -0.000860768 -0.000869891 -0.000864454 -0.000856075 -0.000864901 -0.000858801 
0 6.35744e-06 3.58265e-05 3.77916e-05 3.63293e-05 6.58183e-05 6.39504e-05 6.4264e-05 0.000106192 0.000107098 0.000110391 0.000145722 0.000135777 0.000142886 0.000176122 0.000180055 0.000191523 0.000204248 0.000222012 0.000231306 0.000243388 0.000290199 0.000284534 0.000279653 0.000312461 0.000325958 0.000360578 0.000354984 0.000366106 0.000419502 0.000419775 0.00044659 0.000466855 0.000488085 0.000517731 0.000525976 0.000570548 0.000576892 0.000610895 0.000651413 0.000663161 0.000713644 0.000738132 0.000786805 0.000815035 0.000859596 0.000915295 0.000939874 0.00100689 0.00104783 0.00111299 0.0011621 0.00123119 0.00131062 0.00137084 0.00146931 0.00155029 0.00166734 0.00176449 0.00190045 0.00204433 0.00220482 0.00239786 0.00261058 0.00288984 0.00319303 0.00359361 0.00405659 0.00465513 0.00536588 0.00624713 0.00729553 0.00853292 0.00996071 0.0115414 0.0132478 0.0149659 0.0166301 0.018058 0.0191323 0.0196274 0.0194368 0.0183939 0.0164706 0.0136088 0.00991195 0.00550927 0.000676663 -0.00431336 -0.0091279 -0.0134705 -0.0170323 -0.0195601 -0.0208589 -0.0208347 -0.0194941 -0.0169242 -0.0132898 -0.00880283 -0.0037462 0.00156773 0.00678579 0.0115822 0.0156497 0.0187486 0.0206791 0.0213166 0.0206055 0.0185922 0.0154234 0.011323 0.00657851 0.00148515 -0.00362292 -0.00844978 -0.0126889 -0.0161579 -0.0187055 -0.0203397 -0.021057 -0.0209946 -0.0202428 -0.019021 -0.0174526 -0.0157403 -0.0139651 -0.012268 -0.0106865 -0.00928668 -0.00807035 -0.00703876 -0.00618749 -0.00547183 -0.00490583 -0.00442442 -0.0040566 -0.00372378 -0.00347124 -0.00324203 -0.00306226 -0.00289347 -0.00274484 -0.00263033 -0.00250685 -0.00241488 -0.00230494 -0.00224075 -0.00215006 -0.00207887 -0.00201483 -0.00195092 -0.00190089 -0.00182807 -0.00180247 -0.00174092 -0.00170171 -0.001664 -0.00162586 -0.00159898 -0.00154847 -0.00154351 -0.00149743 -0.00147166 -0.00145511 -0.00141513 -0.00140378 -0.00136959 -0.00136054 -0.00132487 -0.00130665 -0.0013192 -0.00127333 -0.00126253 -0.00125181 -0.00124614 -0.00124653 -0.00119593 -0.00119092 -0.00119669 -0.00118098 -0.00116777 -0.00115081 -0.00115794 -0.00113568 -0.00112997 -0.00115392 -0.00111549 -0.0011068 -0.00112016 -0.00108616 -0.00109494 -0.00110909 -0.00108584 -0.00109205 -0.00109329 -0.00107358 -0.00107747 -0.00107965 -0.00106938 -0.00107662 
0 1.79475e-05 7.98645e-06 4.22167e-05 6.12626e-05 6.39504e-05 9.78218e-05 0.000100035 0.000105644 0.00012891 0.000128791 0.000153759 0.000175273 0.000184115 0.000209398 0.000211511 0.000230949 0.000259995 0.000262053 0.000286607 0.000302744 0.000301935 0.000328388 0.000369317 0.000387748 0.000386514 0.000419162 0.00044836 0.00045994 0.000489653 0.000501387 0.000524032 0.000562041 0.000584584 0.000607443 0.000643848 0.000684956 0.00070358 0.000743756 0.000788615 0.000811314 0.000851792 0.000898557 0.000939765 0.000972595 0.00103355 0.00108978 0.0011312 0.00119889 0.00127033 0.00133841 0.00140018 0.00149566 0.00158523 0.00166674 0.00177029 0.0018904 0.00201648 0.00213471 0.00229882 0.00247766 0.00267573 0.00289425 0.0031759 0.00351323 0.00389953 0.00437683 0.00496897 0.00571085 0.00658533 0.00765499 0.00892819 0.0104354 0.0121269 0.0139934 0.0159711 0.0179773 0.0198626 0.0214585 0.0225941 0.0230765 0.022742 0.0214258 0.0190712 0.0156571 0.0113049 0.00616909 0.000549129 -0.00525195 -0.0108339 -0.0158596 -0.0199556 -0.0228644 -0.024344 -0.0243123 -0.0227352 -0.0197392 -0.0154826 -0.0102552 -0.00435432 0.00182167 0.00790711 0.0134898 0.0182469 0.0218549 0.0241145 0.0248522 0.0240492 0.0217343 0.0180999 0.0133651 0.00787818 0.00196763 -0.00395776 -0.00956994 -0.0145292 -0.0186334 -0.0217053 -0.0237143 -0.0246675 -0.0247001 -0.0239556 -0.0226265 -0.0208814 -0.0189055 -0.0168661 -0.0148799 -0.0130284 -0.0113397 -0.00987529 -0.00862574 -0.00759212 -0.00670905 -0.00599305 -0.00541078 -0.00494657 -0.00454254 -0.0042049 -0.00393777 -0.00370859 -0.00350083 -0.00330852 -0.00316809 -0.00302797 -0.00289555 -0.00277426 -0.00268621 -0.00259166 -0.00249122 -0.00242146 -0.00235472 -0.00228413 -0.00221021 -0.00216856 -0.00211191 -0.00204845 -0.00200704 -0.00196573 -0.00191525 -0.00186668 -0.00184384 -0.00179845 -0.00175797 -0.00174002 -0.00170892 -0.00167504 -0.00165291 -0.0016405 -0.0016068 -0.00158521 -0.00156635 -0.00153476 -0.00153146 -0.00150919 -0.00147022 -0.00146054 -0.00146761 -0.0014513 -0.00142057 -0.00142077 -0.00140711 -0.00139118 -0.00139476 -0.00137087 -0.00135888 -0.00134947 -0.00133522 -0.00134779 -0.00133648 -0.00132955 -0.00133334 -0.00130679 -0.00130682 -0.0013079 -0.00129092 -0.00130596 -0.00130329 -0.00129125 -0.00130346 -0.00128896 
0 3.01429e-05 2.60908e-05 5.58189e-05 6.95848e-05 6.4264e-05 0.000100035 0.000115445 0.000123804 0.00015775 0.000165743 0.000180022 0.000203361 0.000211377 0.000236728 0.000252468 0.000268406 0.00029815 0.00030447 0.000330893 0.000364447 0.00036952 0.000395075 0.000422132 0.00043527 0.000459201 0.000487554 0.000515267 0.00053549 0.000568243 0.000601048 0.000620867 0.000662506 0.000690556 0.000712381 0.000758837 0.000790157 0.000820958 0.000864236 0.000911556 0.000950286 0.000991779 0.00105776 0.00110105 0.00114945 0.00122066 0.00128039 0.00133838 0.00140611 0.00149579 0.00156418 0.00164172 0.00174971 0.00185034 0.00195214 0.00206774 0.00222073 0.00236083 0.002513 0.00270559 0.00292696 0.00316439 0.0034282 0.00377734 0.0041821 0.00465834 0.00522759 0.00595711 0.00684452 0.00789688 0.00915815 0.0106652 0.0124253 0.0143754 0.0164986 0.0187219 0.0209601 0.0230128 0.0247091 0.0258446 0.0262513 0.02572 0.0240984 0.0213004 0.0173573 0.0123903 0.00659798 0.000272262 -0.00623193 -0.0124873 -0.0180903 -0.0226471 -0.0258656 -0.0274997 -0.0274422 -0.0256558 -0.0222643 -0.0174555 -0.0115546 -0.00490857 0.00204426 0.0088936 0.0151876 0.0205533 0.0246274 0.0271744 0.0280158 0.0271323 0.024575 0.0205395 0.0152729 0.00913903 0.00252681 -0.00412354 -0.0104289 -0.0160519 -0.0207491 -0.0243421 -0.0267436 -0.0279789 -0.0281649 -0.0274905 -0.0261225 -0.0242606 -0.0220835 -0.0198137 -0.0175713 -0.0154564 -0.013497 -0.0117751 -0.010303 -0.00906573 -0.00801042 -0.00713183 -0.00643387 -0.00586146 -0.00537862 -0.0049606 -0.00464174 -0.00436611 -0.00411751 -0.00389283 -0.0037192 -0.00356437 -0.00339982 -0.00326607 -0.0031523 -0.00304684 -0.00292602 -0.00283771 -0.0027609 -0.00266837 -0.00258936 -0.00252489 -0.00246631 -0.00238969 -0.00233987 -0.00229688 -0.00223549 -0.00219216 -0.00215453 -0.00211396 -0.00206597 -0.00203623 -0.00200594 -0.00195784 -0.00193516 -0.00190525 -0.00186927 -0.00185094 -0.0018243 -0.00179822 -0.00177884 -0.00176574 -0.00174184 -0.00171608 -0.00171195 -0.00168522 -0.00166137 -0.00166166 -0.00163831 -0.00162366 -0.00161634 -0.00160037 -0.00159975 -0.00158491 -0.00157476 -0.00157285 -0.00154802 -0.00154672 -0.00154666 -0.00152733 -0.00153748 -0.00153419 -0.0015158 -0.00152437 -0.00151431 -0.00150274 -0.00151611 -0.00150804 
0 6.63111e-06 5.04339e-05 5.25961e-05 6.58627e-05 0.000106192 0.000105644 0.000123804 0.000157607 0.000163794 0.000189709 0.000214544 0.000225971 0.000246811 0.00026692 0.000298489 0.000312776 0.000326113 0.000366967 0.000373497 0.000393287 0.000445645 0.000457803 0.000468895 0.000498243 0.000537225 0.000571967 0.00057984 0.000613128 0.000656225 0.000682957 0.000717904 0.000748562 0.000788775 0.000828113 0.00086365 0.000910404 0.00094697 0.000996368 0.00104744 0.00108963 0.00114877 0.00120421 0.00126337 0.00132362 0.00139288 0.00146959 0.00153325 0.00162263 0.00171154 0.00179992 0.00189862 0.00201012 0.00213593 0.00224754 0.00239585 0.00255519 0.00272511 0.0029075 0.00312661 0.00338952 0.00365937 0.00399336 0.00439096 0.00488485 0.00544489 0.00613925 0.00700287 0.00805067 0.00929475 0.0107599 0.0125125 0.0145038 0.0167166 0.0190592 0.021512 0.0239061 0.0260814 0.0277942 0.0288808 0.0291318 0.0283593 0.02639 0.0231519 0.0187029 0.0131728 0.00680141 -0.000138271 -0.00722779 -0.0140516 -0.020117 -0.0250596 -0.0285106 -0.0302757 -0.0301677 -0.0282069 -0.0244494 -0.0191742 -0.0126698 -0.00539492 0.00224758 0.00974042 0.0166682 0.0225456 0.0270433 0.0298282 0.0307845 0.0298306 0.0270982 0.0227281 0.0170437 0.0103699 0.00318622 -0.00408406 -0.0109847 -0.0172032 -0.0224479 -0.0265423 -0.0293594 -0.0309149 -0.0313299 -0.0307797 -0.0294604 -0.0275373 -0.0252493 -0.0227821 -0.020337 -0.0179642 -0.0157712 -0.0137883 -0.0120955 -0.0106392 -0.00940459 -0.00836537 -0.00752435 -0.00684357 -0.00625652 -0.00577539 -0.0053729 -0.00505419 -0.00475081 -0.00449779 -0.00428182 -0.00409443 -0.00391519 -0.0037495 -0.00362224 -0.00348672 -0.00336708 -0.00325439 -0.00316221 -0.00306629 -0.00297215 -0.00290215 -0.00282265 -0.00275307 -0.00268587 -0.00262834 -0.00257094 -0.00251041 -0.00246817 -0.00241576 -0.00237032 -0.00233037 -0.00228548 -0.00225305 -0.00221488 -0.00218163 -0.00214642 -0.00211502 -0.00210189 -0.00206426 -0.00202838 -0.00201303 -0.00200033 -0.00198104 -0.00193443 -0.00192165 -0.00192716 -0.00189206 -0.00187581 -0.00186753 -0.00184697 -0.001835 -0.00182282 -0.00182244 -0.0018017 -0.00178062 -0.00179132 -0.00176891 -0.00175821 -0.00177488 -0.00174718 -0.00174229 -0.00175519 -0.00172734 -0.00173204 -0.00174216 -0.00171735 -0.00172963 
0 1.8871e-05 3.40056e-05 5.66365e-05 8.84276e-05 0.000107098 0.00012891 0.00015775 0.000163794 0.000184399 0.00021625 0.000224436 0.000258505 0.00029462 0.00030127 0.000326929 0.000355195 0.000377603 0.000404674 0.000433027 0.000459599 0.000467468 0.000502001 0.000551756 0.000580397 0.00060468 0.000618747 0.000672399 0.000715748 0.000723015 0.000770608 0.000806121 0.000846306 0.000890583 0.00092909 0.000983749 0.00101949 0.00108437 0.00112946 0.00117661 0.00124775 0.00129354 0.00136501 0.00142266 0.00150208 0.00157421 0.00164804 0.00174913 0.00182767 0.0019391 0.00203583 0.00216026 0.00228164 0.00241263 0.00256798 0.00271781 0.00290948 0.00309122 0.00332366 0.00356675 0.00386225 0.00419211 0.0045802 0.00505998 0.00561642 0.00630554 0.0071156 0.00814026 0.00934484 0.010797 0.0124837 0.0144644 0.0166923 0.0191225 0.0216879 0.0242919 0.0268092 0.0290028 0.0306925 0.0316344 0.0316845 0.0305949 0.0282628 0.024579 0.0196632 0.0136275 0.00675482 -0.000686687 -0.00825166 -0.0155064 -0.0219395 -0.0271578 -0.030796 -0.0326283 -0.0324827 -0.0303413 -0.0262942 -0.0206012 -0.0136159 -0.00579048 0.0024019 0.0104559 0.0178862 0.0242151 0.0290445 0.0320585 0.0331001 0.0321267 0.0292506 0.0246484 0.018633 0.0115611 0.0039217 -0.00383804 -0.0112429 -0.0179772 -0.0237157 -0.0282922 -0.0315266 -0.0334621 -0.0341514 -0.0338184 -0.0325933 -0.030717 -0.0283626 -0.0257912 -0.0231502 -0.020577 -0.0181472 -0.0159363 -0.0140034 -0.012321 -0.0109009 -0.00968272 -0.00870185 -0.00786888 -0.00719838 -0.00661815 -0.00615274 -0.00575354 -0.00541146 -0.00512204 -0.00485597 -0.00464326 -0.00442856 -0.00426147 -0.00408505 -0.00394538 -0.00380917 -0.00368189 -0.00357301 -0.00345853 -0.00337715 -0.00326881 -0.00319452 -0.00311341 -0.00303694 -0.00296822 -0.00289511 -0.00284819 -0.00277005 -0.00272604 -0.00267601 -0.00262044 -0.00258417 -0.00253436 -0.0025035 -0.00245759 -0.00243467 -0.00239692 -0.00234204 -0.00233779 -0.00230776 -0.00226688 -0.00223212 -0.00221042 -0.00221178 -0.002181 -0.00215031 -0.00213265 -0.00212157 -0.00210925 -0.00208249 -0.00207777 -0.00205341 -0.00202291 -0.00203566 -0.00202301 -0.0020051 -0.00201306 -0.00199291 -0.0019746 -0.00197748 -0.00196486 -0.00195732 -0.00196428 -0.00195682 -0.00195005 -0.0019543 -0.00194533 
0 2.94219e-05 5.54616e-05 7.26474e-05 9.44752e-05 0.000110391 0.000128791 0.000165743 0.000189709 0.00021625 0.000249879 0.000260248 0.000285938 0.000314981 0.000329681 0.000368768 0.000397809 0.000417261 0.000451126 0.000478307 0.000512261 0.000547811 0.000577675 0.000597773 0.000626469 0.000674714 0.000699905 0.000743543 0.000786218 0.000809274 0.000873292 0.000912664 0.000945271 0.000998583 0.00104428 0.00109391 0.00113395 0.00120501 0.00125472 0.0013056 0.00139279 0.00144774 0.00152225 0.0015996 0.00168883 0.00176665 0.00184875 0.00196714 0.0020515 0.00216414 0.00228281 0.00241844 0.00254951 0.00269329 0.00287962 0.00304913 0.00325637 0.00347579 0.00374738 0.00403009 0.00436035 0.00475958 0.00521884 0.00577566 0.00642204 0.00723682 0.00819559 0.00937183 0.0107582 0.0124163 0.0143377 0.0165331 0.0189775 0.0216036 0.0243466 0.0270578 0.0296119 0.0317635 0.0333391 0.0340831 0.0338462 0.0324044 0.0296694 0.0255673 0.0202111 0.0137468 0.00644891 -0.0013741 -0.009295 -0.0168458 -0.0235364 -0.0289342 -0.0326935 -0.0345503 -0.034354 -0.0320531 -0.0277679 -0.0217405 -0.0143723 -0.00611119 0.00251781 0.0110139 0.0188407 0.0255245 0.0306188 0.0338227 0.0349471 0.0339813 0.0310158 0.0262652 0.0200233 0.0126863 0.00471969 -0.00339712 -0.0112117 -0.0183692 -0.0245551 -0.0295675 -0.0332388 -0.0355759 -0.0366185 -0.036554 -0.0355152 -0.0337479 -0.0314229 -0.0287999 -0.0260221 -0.0232735 -0.0206367 -0.0182123 -0.0160347 -0.0141245 -0.0124948 -0.0111029 -0.0099494 -0.00896668 -0.00818081 -0.0075102 -0.00696221 -0.00648246 -0.00609568 -0.00576441 -0.00545984 -0.00520379 -0.00497198 -0.00478474 -0.00457766 -0.00441725 -0.00426735 -0.004126 -0.00398732 -0.00386386 -0.00377097 -0.003644 -0.00355484 -0.00346824 -0.00338597 -0.00330057 -0.00322908 -0.003179 -0.00309224 -0.00304525 -0.00299293 -0.00292909 -0.00288071 -0.00283277 -0.0027912 -0.00272765 -0.00270175 -0.00266753 -0.00261422 -0.00259609 -0.00255673 -0.00253017 -0.0025136 -0.00247779 -0.0024464 -0.00242003 -0.00240538 -0.00237761 -0.00235633 -0.00233974 -0.00230808 -0.0023078 -0.00229858 -0.00227372 -0.00227243 -0.00224912 -0.00222593 -0.00222561 -0.00221133 -0.0022042 -0.00220723 -0.00219526 -0.00218542 -0.00218303 -0.0021728 -0.00216674 -0.00217063 -0.00216712 
0 1.10036e-05 5.93978e-05 7.08049e-05 9.65851e-05 0.000145722 0.000153759 0.000180022 0.000214544 0.000224436 0.000260248 0.000293085 0.000318912 0.000351122 0.000370375 0.000413661 0.000439306 0.000452054 0.000510671 0.000528269 0.000543683 0.000609305 0.000635121 0.000660997 0.000704537 0.000745785 0.000792208 0.00081614 0.000862502 0.000907386 0.000948473 0.00100739 0.0010352 0.00110093 0.00116378 0.00120034 0.00127454 0.00133243 0.00139736 0.00145769 0.00153439 0.00161545 0.00166986 0.00177645 0.00186001 0.00194588 0.00205241 0.00216475 0.0022863 0.00238808 0.00254813 0.00268846 0.00283568 0.00300873 0.00320282 0.00341555 0.0036169 0.00389515 0.00418366 0.00451611 0.00488534 0.00534907 0.00589731 0.00651956 0.00729443 0.00822272 0.00936732 0.0106883 0.0122885 0.0141523 0.0163151 0.018719 0.0213547 0.0241612 0.0270203 0.0298003 0.0322959 0.0343553 0.035717 0.0362175 0.0356069 0.0337905 0.030618 0.026132 0.020367 0.0135538 0.00591441 -0.00217154 -0.0103226 -0.0180418 -0.0248735 -0.0303644 -0.0341712 -0.0360194 -0.0357511 -0.0333239 -0.0288452 -0.0225814 -0.0149221 -0.00635439 0.00260517 0.0114107 0.0195349 0.0264637 0.0317642 0.0351082 0.0363233 0.0353841 0.0323938 0.027571 0.0212163 0.0137406 0.00558399 -0.00275872 -0.0108777 -0.0183618 -0.0249399 -0.0303354 -0.0344547 -0.0372016 -0.0386726 -0.0389211 -0.0381702 -0.0365678 -0.0343798 -0.0317568 -0.0289257 -0.0260308 -0.0232343 -0.0206119 -0.0182043 -0.0160728 -0.0142153 -0.0126565 -0.0112996 -0.0101801 -0.00923705 -0.00848528 -0.00782447 -0.00727007 -0.00681669 -0.00643027 -0.00609174 -0.00576944 -0.00553172 -0.00529277 -0.00508128 -0.00487896 -0.00472209 -0.00456879 -0.00440108 -0.00428631 -0.00416002 -0.004049 -0.00392788 -0.00384378 -0.00375382 -0.00364497 -0.00358293 -0.0034978 -0.00342461 -0.00335158 -0.00329478 -0.00323629 -0.00316132 -0.00313335 -0.00307393 -0.00302081 -0.00298734 -0.00293674 -0.00290901 -0.00286147 -0.00282028 -0.00278925 -0.00275989 -0.00273761 -0.00268167 -0.00266995 -0.00266574 -0.00261203 -0.00260241 -0.00259031 -0.00255646 -0.00254367 -0.00252204 -0.00250968 -0.00248864 -0.00246923 -0.00247798 -0.00245284 -0.00243817 -0.00244804 -0.00241568 -0.00241003 -0.00242174 -0.00239303 -0.00239794 -0.00240658 -0.00237966 -0.0023909 
0 3.40049e-05 4.70348e-05 8.5203e-05 0.000117446 0.000135777 0.000175273 0.000203361 0.000225971 0.000258505 0.000285938 0.000318912 0.000344037 0.000382113 0.000424579 0.000432967 0.000476234 0.00052185 0.000533972 0.000589126 0.00062737 0.000641729 0.000683765 0.000732838 0.00079097 0.000811522 0.000841398 0.000910937 0.00095251 0.000999243 0.00104114 0.00109389 0.00115783 0.00120322 0.00127032 0.00132358 0.00139153 0.00146618 0.00152472 0.00160808 0.00168368 0.00176937 0.00185041 0.00194722 0.00205229 0.00214168 0.00226406 0.00238376 0.00251005 0.00264013 0.00279784 0.00296349 0.00312146 0.00332094 0.00353569 0.00376792 0.00401052 0.00431401 0.00465416 0.0050234 0.0054611 0.00599316 0.00662787 0.00735244 0.00824514 0.0093305 0.0106332 0.0121478 0.0139416 0.0160357 0.0184098 0.0210153 0.0238146 0.026752 0.0296827 0.032441 0.0348304 0.0366895 0.0377936 0.0379457 0.0369417 0.0346845 0.031103 0.0262275 0.0201333 0.013023 0.00516178 -0.00308739 -0.0113263 -0.0190982 -0.0259501 -0.0314473 -0.0352313 -0.0370296 -0.0366797 -0.0341453 -0.0295356 -0.0231156 -0.0152785 -0.00651334 0.00264798 0.0116504 0.0199506 0.0270327 0.0324601 0.0359094 0.0372062 0.0363222 0.033362 0.0285452 0.0221874 0.0146883 0.00648405 -0.00197206 -0.0102654 -0.0180049 -0.0248815 -0.0306449 -0.0351677 -0.0383724 -0.0402796 -0.040939 -0.0405164 -0.0391913 -0.0371877 -0.034667 -0.0318305 -0.0288573 -0.0259286 -0.0231285 -0.0205166 -0.0181508 -0.0160815 -0.0143074 -0.0127705 -0.0114679 -0.0103835 -0.00950257 -0.00874078 -0.00809959 -0.00756716 -0.00713018 -0.00673444 -0.00638327 -0.00609693 -0.00583744 -0.00559863 -0.00537353 -0.0051968 -0.00501699 -0.00484877 -0.00470097 -0.00456844 -0.00444077 -0.00431017 -0.00421376 -0.00410386 -0.00400659 -0.00391641 -0.00383353 -0.00375578 -0.00367126 -0.00361423 -0.00354021 -0.00348036 -0.00342223 -0.00336075 -0.00332134 -0.00326394 -0.00321771 -0.00316469 -0.00313125 -0.00310904 -0.00304508 -0.00300648 -0.00298457 -0.00296792 -0.00293209 -0.00287806 -0.00287613 -0.00285166 -0.00281409 -0.00281152 -0.00277993 -0.00275243 -0.00274036 -0.00272625 -0.00271703 -0.00269388 -0.00268812 -0.00267722 -0.00264922 -0.0026553 -0.00264541 -0.00262427 -0.00263765 -0.00262485 -0.00260946 -0.00262482 -0.00260981 
0 4.01249e-05 6.21105e-05 9.96797e-05 0.000125113 0.000142886 0.000184115 0.000211377 0.000246811 0.00029462 0.000314981 0.000351122 0.000382113 0.000401528 0.000451848 0.000480297 0.000518954 0.000569928 0.000584817 0.00063326 0.000678012 0.000711789 0.000770921 0.000793219 0.000827253 0.00088462 0.00093903 0.000989226 0.00102225 0.0010911 0.00114696 0.00119637 0.00126743 0.00131167 0.00138252 0.00145069 0.00151503 0.00159132 0.00166335 0.00175699 0.00183279 0.00192948 0.00203051 0.00212637 0.00224182 0.00234985 0.0024806 0.00260508 0.00274664 0.00289868 0.00305967 0.00324171 0.00342513 0.00364569 0.0038776 0.00413804 0.0044236 0.00475894 0.00514258 0.00556816 0.00607972 0.00668762 0.00741532 0.00826046 0.00929247 0.0105383 0.0120155 0.0137337 0.0157385 0.0180513 0.0206258 0.0234107 0.026346 0.0293638 0.0322979 0.0349657 0.0371729 0.0387614 0.0395267 0.0392711 0.0378244 0.0351137 0.0311232 0.0258934 0.0195211 0.0121989 0.00421389 -0.00407981 -0.0122868 -0.0199908 -0.0267568 -0.0321711 -0.035867 -0.0375767 -0.0371362 -0.0345205 -0.029837 -0.0233489 -0.0154382 -0.00659402 0.00265012 0.0117279 0.0200931 0.0272296 0.0327133 0.0362259 0.037599 0.0367949 0.0339192 0.0291882 0.022928 0.0155237 0.00739496 -0.00104798 -0.00940331 -0.0172964 -0.0244013 -0.0304791 -0.0353868 -0.0390439 -0.0414202 -0.0425387 -0.0425221 -0.0415456 -0.0398069 -0.0374624 -0.0347012 -0.0317143 -0.0286975 -0.0257513 -0.0229572 -0.0203792 -0.018091 -0.016095 -0.0143617 -0.0128758 -0.0116291 -0.0106009 -0.00972451 -0.0089903 -0.0083712 -0.00786221 -0.00741219 -0.00702414 -0.00668936 -0.00639437 -0.00613235 -0.0058866 -0.00567876 -0.00547642 -0.00530164 -0.00513069 -0.00497753 -0.00483938 -0.0047028 -0.00458552 -0.00446351 -0.00436917 -0.00426331 -0.00416973 -0.00409205 -0.00400443 -0.00393205 -0.00385243 -0.00379559 -0.00372298 -0.00365625 -0.00360862 -0.00353818 -0.00350147 -0.00345236 -0.00339379 -0.00335564 -0.00332455 -0.00329958 -0.00323914 -0.00320639 -0.00318453 -0.00314235 -0.00313077 -0.00308774 -0.00305241 -0.0030456 -0.00301397 -0.00300674 -0.00299077 -0.00296015 -0.00294893 -0.0029221 -0.00290918 -0.00290484 -0.00288739 -0.00288446 -0.00287374 -0.0028588 -0.00285657 -0.00284755 -0.0028408 -0.00284173 -0.00283674 
0 2.36972e-05 6.4504e-05 9.51974e-05 0.000131142 0.000176122 0.000209398 0.000236728 0.00026692 0.00030127 0.000329681 0.000370375 0.000424579 0.000451848 0.000485595 0.000534878 0.000558974 0.000597373 0.000649285 0.00068452 0.000725695 0.000766901 0.000819754 0.000874935 0.000907007 0.000968395 0.0010284 0.00105484 0.00111827 0.00118391 0.00122922 0.00129453 0.00136172 0.00143002 0.00149735 0.00157946 0.00165755 0.00172332 0.0018253 0.00190806 0.00198954 0.00209796 0.00219992 0.00230946 0.0024188 0.00256028 0.00269088 0.00282585 0.00299647 0.00315955 0.00334316 0.00353128 0.00375815 0.0039904 0.00424202 0.00453956 0.00486052 0.00523913 0.00565336 0.00615968 0.00673952 0.00743677 0.0082637 0.00924856 0.0104402 0.011847 0.0135222 0.0154464 0.0176823 0.020189 0.0229564 0.0258873 0.0289291 0.0319646 0.0348309 0.0373378 0.0392883 0.0405407 0.0408867 0.0401783 0.0382472 0.0350913 0.0306945 0.0251594 0.0185569 0.0111201 0.00310329 -0.00511245 -0.0131838 -0.0207015 -0.0272887 -0.0325287 -0.0360801 -0.0376607 -0.0371288 -0.0344552 -0.0297591 -0.0232845 -0.0154064 -0.00659569 0.00261004 0.0116477 0.0199661 0.0270658 0.0325328 0.0360715 0.0375083 0.0368112 0.034067 0.0295047 0.0234313 0.0162376 0.00829089 -1.12207e-05 -0.0083242 -0.0162579 -0.023524 -0.0298495 -0.0351217 -0.0392044 -0.0420737 -0.0436806 -0.0441455 -0.0435809 -0.042187 -0.0400913 -0.03749 -0.034566 -0.0315124 -0.0284664 -0.0255138 -0.0227619 -0.0202498 -0.0180396 -0.0160883 -0.014425 -0.0129949 -0.0118037 -0.0107959 -0.00995374 -0.0092453 -0.00863514 -0.00813379 -0.00768757 -0.0073108 -0.00696084 -0.00667422 -0.00640968 -0.00616083 -0.00594667 -0.00575007 -0.0055777 -0.00539274 -0.00525172 -0.00511345 -0.00497051 -0.00484866 -0.00473542 -0.00463156 -0.0045109 -0.00442719 -0.00433981 -0.00423858 -0.00416959 -0.00409442 -0.00402243 -0.00395656 -0.00390287 -0.00384081 -0.00377635 -0.00374637 -0.00368613 -0.00362199 -0.00359525 -0.00354713 -0.00349885 -0.0034673 -0.0034342 -0.00340348 -0.00336514 -0.00334085 -0.00332564 -0.00329031 -0.00326159 -0.00324033 -0.00321335 -0.00319136 -0.00317891 -0.00317339 -0.0031489 -0.00313113 -0.00313266 -0.00310224 -0.0030937 -0.00310547 -0.00307152 -0.00307365 -0.00308434 -0.00305031 -0.00306711 
0 3.73971e-05 7.51648e-05 0.000108059 0.000142436 0.000180055 0.000211511 0.000252468 0.000298489 0.000326929 0.000368768 0.000413661 0.000432967 0.000480297 0.000534878 0.000556903 0.000607452 0.00066266 0.000687881 0.000741009 0.000801037 0.000831562 0.000870237 0.000931661 0.000994455 0.0010396 0.00108321 0.00114818 0.00122005 0.00128117 0.00133095 0.00139951 0.00148354 0.00154144 0.00161318 0.00170434 0.00177689 0.00186396 0.00196348 0.00206025 0.00215469 0.00226881 0.00239474 0.00249737 0.00263263 0.00277971 0.00291642 0.00306832 0.00324258 0.0034352 0.00361184 0.00383456 0.00408127 0.0043356 0.00461861 0.00494646 0.00533147 0.00573418 0.00622406 0.00679725 0.00747795 0.00826522 0.00921221 0.0103605 0.0117078 0.0133074 0.0151618 0.0173272 0.0197562 0.0224631 0.02537 0.0284275 0.0315123 0.0344996 0.037223 0.0394849 0.0411239 0.04195 0.0418381 0.0406063 0.0382063 0.0345846 0.0298398 0.0240138 0.0172777 0.00978954 0.00187083 -0.00618204 -0.0139918 -0.0212401 -0.0275386 -0.0325367 -0.0358723 -0.0373008 -0.0366674 -0.0339695 -0.0293117 -0.0229346 -0.0151851 -0.00652105 0.00253251 0.0114141 0.019583 0.0265539 0.0319407 0.0354595 0.0369539 0.0363745 0.0338183 0.0294847 0.0236987 0.0167958 0.00915075 0.00107577 -0.00706318 -0.0149625 -0.0222817 -0.0288259 -0.034392 -0.0389062 -0.0422348 -0.0443863 -0.0453573 -0.0452942 -0.0442929 -0.0425352 -0.0401644 -0.0373836 -0.0343596 -0.0312481 -0.0281897 -0.0252669 -0.0225717 -0.020115 -0.0179659 -0.0160857 -0.0144825 -0.0130963 -0.0119456 -0.0109845 -0.010166 -0.00946917 -0.00888006 -0.0084012 -0.00795563 -0.00757452 -0.00724375 -0.0069618 -0.0066842 -0.00643417 -0.00623348 -0.00602654 -0.00583485 -0.00566187 -0.00551868 -0.00536068 -0.00521604 -0.00510615 -0.00498092 -0.00486574 -0.00476635 -0.00467679 -0.00457737 -0.00449136 -0.00442387 -0.00433225 -0.00425968 -0.00420518 -0.00413269 -0.00406161 -0.00400657 -0.00396533 -0.00391421 -0.00385345 -0.00380683 -0.00377733 -0.00374806 -0.00369202 -0.00364534 -0.00363373 -0.00359493 -0.00355024 -0.00353974 -0.00350782 -0.00347284 -0.00346632 -0.00344484 -0.00341656 -0.00340247 -0.00338646 -0.00336612 -0.00335165 -0.00334487 -0.00333028 -0.00331718 -0.00331807 -0.00330722 -0.00329704 -0.0033014 -0.00329075 
0 4.12135e-05 7.81088e-05 0.000119236 0.000154806 0.000191523 0.000230949 0.000268406 0.000312776 0.000355195 0.000397809 0.000439306 0.000476234 0.000518954 0.000558974 0.000607452 0.00065797 0.000698568 0.000751256 0.000794481 0.000837204 0.000901188 0.000959826 0.00100793 0.00104635 0.00110803 0.00118641 0.001242 0.00129835 0.00136191 0.00144002 0.00151587 0.00158324 0.0016618 0.0017413 0.00183504 0.00191725 0.00200873 0.0021174 0.00221349 0.00232613 0.00244291 0.00257296 0.00269489 0.00283632 0.00299931 0.00314354 0.00331935 0.00350718 0.00371364 0.00391532 0.00415606 0.00443301 0.00470484 0.00502683 0.00539117 0.00582206 0.00627582 0.00682984 0.00749399 0.00826466 0.00917029 0.0102501 0.011573 0.013096 0.01489 0.0169537 0.0193404 0.0219736 0.0248393 0.0278754 0.0309997 0.0340807 0.0369413 0.0394501 0.0413971 0.0426502 0.0429977 0.0423629 0.0405967 0.0377072 0.0336609 0.028581 0.0225371 0.0157154 0.00828677 0.000543158 -0.00722959 -0.0147048 -0.0215782 -0.0275208 -0.0321893 -0.0352703 -0.0365079 -0.0357869 -0.0330835 -0.0285276 -0.0223147 -0.014796 -0.00637676 0.00240525 0.01103 0.0189429 0.0257112 0.0309467 0.0344164 0.0359448 0.0355097 0.0331724 0.029148 0.023715 0.017206 0.00993615 0.00220531 -0.00567637 -0.0134201 -0.0207285 -0.0274017 -0.0332326 -0.0381184 -0.0419085 -0.0445932 -0.0461222 -0.0466001 -0.0460665 -0.0447124 -0.0426527 -0.0400989 -0.0371722 -0.03407 -0.0309374 -0.0278994 -0.0250275 -0.0223624 -0.0199955 -0.0179081 -0.0161105 -0.0145289 -0.0132167 -0.0121097 -0.0111797 -0.01037 -0.00969722 -0.00914575 -0.00864362 -0.00821279 -0.00783315 -0.0075231 -0.00721091 -0.00694091 -0.00670851 -0.00648849 -0.00628208 -0.0060888 -0.00593448 -0.00576255 -0.00561494 -0.00548165 -0.00535264 -0.00523099 -0.00511466 -0.00501976 -0.00490968 -0.00481882 -0.00473497 -0.00464989 -0.00457146 -0.00449022 -0.00443024 -0.00436769 -0.0043021 -0.00423433 -0.00418191 -0.00414958 -0.0040943 -0.00403496 -0.00398768 -0.0039586 -0.00392768 -0.00387699 -0.00384288 -0.00381095 -0.00377793 -0.00375814 -0.00373417 -0.00370808 -0.00368029 -0.00365761 -0.00363728 -0.00361824 -0.00360895 -0.0035908 -0.00357751 -0.00356868 -0.00354969 -0.00354657 -0.0035391 -0.00352701 -0.00353115 -0.00352117 
0 4.32956e-05 7.1804e-05 0.000123638 0.000168592 0.000204248 0.000259995 0.00029815 0.000326113 0.000377603 0.000417261 0.000452054 0.00052185 0.000569928 0.000597373 0.00066266 0.000698568 0.000731491 0.000810177 0.000851159 0.000901444 0.000965364 0.00100646 0.0010818 0.00114013 0.00119987 0.00126822 0.00131671 0.00139747 0.0014612 0.0015412 0.00162059 0.00168216 0.00179528 0.00187028 0.00196221 0.0020682 0.00215748 0.00227888 0.00237253 0.00250523 0.00262482 0.00275106 0.00290744 0.00304175 0.00322351 0.00338052 0.00357772 0.00378321 0.00399349 0.00424199 0.00448858 0.00480011 0.00509648 0.00546276 0.00587255 0.00633907 0.00687515 0.00749044 0.00826396 0.00912607 0.0101769 0.0114073 0.0129063 0.0146261 0.0166135 0.018908 0.0214844 0.024318 0.0272989 0.0304377 0.0335604 0.0365723 0.0392313 0.0414494 0.0430184 0.0438087 0.0436393 0.0424306 0.0401393 0.0367529 0.0323348 0.0269451 0.0207647 0.0139138 0.00665174 -0.000841434 -0.00823015 -0.0153027 -0.0217108 -0.0272336 -0.0314984 -0.0342858 -0.035305 -0.0345062 -0.0318222 -0.027421 -0.0214394 -0.0142399 -0.00616406 0.00223979 0.0105064 0.0180708 0.024563 0.0295882 0.0329744 0.0345178 0.0342423 0.0321544 0.0285043 0.0234851 0.0174548 0.0106259 0.00333768 -0.00421087 -0.0116894 -0.0189207 -0.0256308 -0.0316879 -0.0368785 -0.0411217 -0.0443109 -0.046433 -0.0474742 -0.0474813 -0.0465877 -0.0449197 -0.0426664 -0.0399158 -0.0369013 -0.0337395 -0.0306389 -0.0276061 -0.0247758 -0.0221793 -0.019893 -0.0178762 -0.0161047 -0.0146103 -0.0133342 -0.0122807 -0.0113418 -0.0105868 -0.00992862 -0.0093778 -0.00888418 -0.00845765 -0.00810448 -0.00775639 -0.00747659 -0.0071942 -0.00696923 -0.00674002 -0.006536 -0.00635888 -0.00617206 -0.00603109 -0.00586051 -0.00573453 -0.00560063 -0.00547061 -0.00536514 -0.00524355 -0.00515981 -0.00504342 -0.00496565 -0.00489344 -0.00479318 -0.0047361 -0.00465762 -0.00460103 -0.00453723 -0.00446652 -0.0044195 -0.0043516 -0.00431777 -0.00426545 -0.00421079 -0.00418726 -0.00412587 -0.0041054 -0.0040902 -0.00402942 -0.00400666 -0.00397993 -0.00393679 -0.00392323 -0.00390978 -0.00388161 -0.00386035 -0.00384817 -0.00382592 -0.00381144 -0.00380812 -0.0037906 -0.00377868 -0.00377107 -0.00375949 -0.00375741 -0.00375532 
