0 0 0 0 0 0 0 0 0 0 0 0 0 0 0 0 0 0 0 0 0 0 0 0 0 0 0 0 0 0 0 0 0 0 0 0 0 0 0 0 0 0 0 0 0 0 0 0 0 0 0 0 0 0 0 0 0 0 0 0 0 0 0 0 0 0 0 0 0 0 0 0 0 0 0 0 0 0 0 0 0 0 0 0 0 0 0 0 0 0 0 0 0 0 0 0 0 0 0 0 0 0 0 0 0 0 0 0 0 0 0 0 0 0 0 0 0 0 0 0 0 0 0 0 0 0 0 0 0 0 0 0 0 0 0 0 0 0 0 0 0 0 0 0 0 0 0 0 0 0 0 0 0 0 0 0 0 0 0 0 0 0 0 0 0 0 0 0 0 0 0 0 0 0 0 0 0 0 0 0 0 0 0 0 0 0 0 0 0 0 0 0 0 0 0 0 0 0 0 0 
0 1.63497e-05 -5.19639e-06 1.83648e-05 2.01536e-05 -4.28689e-06 2.01494e-05 2.02208e-05 1.39291e-05 3.81705e-05 3.1569e-05 2.97567e-05 3.57459e-05 3.22475e-05 4.80868e-05 4.24415e-05 4.21121e-05 5.9443e-05 4.24965e-05 5.28824e-05 8.43184e-05 7.24163e-05 5.80541e-05 6.85992e-05 8.52248e-05 8.28798e-05 7.82115e-05 9.05583e-05 9.45807e-05 0.000103491 0.000114846 0.000109651 0.000118729 0.000132618 0.000126974 0.00013218 0.000145683 0.000147635 0.000152013 0.000164462 0.000179724 0.000179599 0.000192709 0.000215427 0.000214436 0.000228102 0.000244474 0.000260359 0.000265153 0.000279195 0.000310721 0.000314902 0.000336567 0.000360931 0.000396167 0.000416183 0.000443542 0.000498876 0.00053798 0.000591867 0.000644533 0.000742321 0.00083321 0.000945229 0.00108894 0.00127606 0.00150388 0.00174512 0.00205305 0.00239127 0.00278177 0.0031469 0.00351963 0.00384381 0.00411165 0.00424131 0.00420804 0.00399147 0.0035762 0.00296361 0.0021283 0.00113558 9.53949e-06 -0.0011342 -0.00228309 -0.00333042 -0.00427321 -0.00499939 -0.00552104 -0.00576892 -0.00580942 -0.00562036 -0.00528437 -0.00478377 -0.00419435 -0.00350401 -0.00278893 -0.00203799 -0.00131079 -0.000575105 0.000136084 0.000871308 0.00160116 0.00236243 0.0031017 0.00383215 0.00447986 0.0050543 0.00548052 0.0057739 0.00585216 0.00573017 0.0053319 0.00471135 0.00384529 0.00284017 0.00169694 0.000523089 -0.000674183 -0.00177389 -0.00274756 -0.00350656 -0.00406998 -0.00442053 -0.00457966 -0.00454942 -0.00435527 -0.00406748 -0.00371093 -0.0033426 -0.00293463 -0.00256248 -0.00221136 -0.00193289 -0.00166728 -0.00144735 -0.00126543 -0.00113112 -0.00102022 -0.000908371 -0.000838508 -0.000775598 -0.0007348 -0.000671657 -0.000640448 -0.000614813 -0.000583434 -0.000551864 -0.000525798 -0.000520499 -0.000485694 -0.000467599 -0.000454959 -0.000442333 -0.000420896 -0.000404205 -0.000407315 -0.000385875 -0.000374859 -0.000374146 -0.000365988 -0.000353662 -0.000347044 -0.000349082 -0.000332026 -0.000322554 -0.000326562 -0.000312289 -0.000302006 -0.000302966 -0.00029594 -0.000295266 -0.000294976 -0.000282734 -0.000279434 -0.000291559 -0.000290918 -0.000259389 -0.000256878 -0.00028122 -0.000264373 -0.000255544 -0.000261498 -0.000252804 -0.000260452 -0.000257635 -0.000257667 -0.000260115 -0.000234322 -0.000244156 -0.000252671 -0.000232613 -0.000256111 -0.000255495 -0.00023068 -0.000251151 -0.000241071 -0.000226279 -0.000251584 -0.00023875 
0 -5.19639e-06 1.0954e-05 1.54925e-05 1.23864e-05 3.9591e-05 4.65243e-05 3.12365e-05 5.20446e-05 5.079e-05 3.91292e-05 7.15292e-05 7.68345e-05 6.95099e-05 8.59623e-05 9.13755e-05 9.54989e-05 0.000102079 0.000122699 0.000120736 9.78967e-05 0.000129874 0.000147358 0.0001523 0.000163974 0.000148226 0.000188205 0.000198775 0.00017673 0.000208379 0.000208571 0.000220099 0.000231791 0.000244585 0.000267577 0.000260678 0.000303789 0.000306881 0.000309263 0.000349018 0.000348534 0.000370787 0.000378355 0.000415812 0.000428731 0.000435871 0.000492102 0.000502574 0.000536995 0.000563372 0.000618348 0.000650716 0.000674346 0.000747724 0.000789907 0.000850984 0.000896477 0.000998184 0.00108483 0.00117412 0.00130566 0.0014675 0.00167673 0.00188335 0.00219148 0.00255601 0.00301296 0.00351072 0.00411363 0.0048091 0.00555659 0.00631286 0.00702302 0.0076883 0.00818168 0.0084495 0.00835853 0.00793099 0.0070897 0.00586255 0.00420541 0.00222457 7.32506e-06 -0.00228209 -0.00454013 -0.00664373 -0.00848468 -0.00995352 -0.0109602 -0.0114885 -0.0115441 -0.0112052 -0.0105097 -0.00954755 -0.00834673 -0.00700547 -0.00555391 -0.00408777 -0.00260744 -0.00116563 0.00028636 0.00172813 0.00321478 0.00470307 0.00620344 0.0076256 0.00894262 0.010053 0.010929 0.0114767 0.011658 0.0113795 0.0106184 0.00935905 0.00767424 0.00565544 0.00341408 0.00106377 -0.00128828 -0.00348216 -0.0054045 -0.0069251 -0.00805449 -0.00875503 -0.00909147 -0.00902786 -0.00868113 -0.008098 -0.00742573 -0.00666825 -0.0058943 -0.00513441 -0.00445914 -0.003884 -0.00336286 -0.00292705 -0.00255354 -0.00229494 -0.00204605 -0.00185134 -0.00167948 -0.00157123 -0.00146411 -0.00135073 -0.00128215 -0.00121391 -0.00116848 -0.00108379 -0.00105715 -0.00101891 -0.000973878 -0.000936638 -0.000906184 -0.000899603 -0.000840833 -0.000834447 -0.000813338 -0.000784954 -0.000761852 -0.000738358 -0.000739586 -0.000690154 -0.000692463 -0.000682625 -0.000652267 -0.000656136 -0.000637214 -0.000637194 -0.000614092 -0.00061788 -0.000613518 -0.000569703 -0.000591622 -0.000580867 -0.000557712 -0.000553795 -0.000535147 -0.000560044 -0.000555104 -0.000526699 -0.000526207 -0.000528873 -0.000533683 -0.000510247 -0.000509167 -0.000515091 -0.000481681 -0.000502465 -0.000519537 -0.000489381 -0.000503019 -0.000500642 -0.000471723 -0.000485865 -0.000489903 -0.000477907 -0.000490777 -0.000492788 -0.000478342 -0.00048176 
0 1.83648e-05 1.54925e-05 2.97888e-05 3.52958e-05 3.43234e-05 5.17974e-05 5.66286e-05 6.7543e-05 8.57026e-05 8.61211e-05 9.76302e-05 0.000105773 0.000108965 0.000128369 0.00013346 0.000140228 0.000156683 0.000160545 0.000175152 0.000196592 0.000204894 0.000204621 0.000217786 0.000239781 0.000243459 0.000258516 0.000276936 0.000283964 0.000309854 0.000326947 0.000335617 0.000356249 0.000377648 0.000391052 0.000404048 0.000435327 0.000451832 0.000467339 0.000503985 0.000529172 0.00055135 0.000583222 0.000625239 0.000650503 0.000680122 0.000731851 0.000768883 0.000804451 0.000853469 0.000917715 0.000966048 0.00102024 0.00110345 0.00118591 0.00126625 0.00136093 0.00149586 0.00163412 0.00178533 0.00198082 0.00223593 0.00253479 0.00288107 0.00333024 0.00389118 0.00456098 0.00532513 0.00622494 0.00725033 0.00835489 0.00946099 0.0105192 0.0114648 0.0121791 0.0125256 0.0123857 0.0117107 0.010452 0.00859512 0.00614125 0.00320104 -6.93468e-05 -0.00346033 -0.00680123 -0.00991047 -0.012631 -0.0147945 -0.0162937 -0.0170776 -0.0171826 -0.0166798 -0.0156656 -0.0142277 -0.0124597 -0.0104552 -0.00831157 -0.00611239 -0.00391401 -0.00173778 0.000426981 0.0026045 0.00481412 0.00704811 0.00926455 0.0113889 0.0133276 0.0149849 0.0162656 0.017078 0.0173202 0.0169027 0.0157601 0.0139048 0.0114127 0.00843236 0.00511455 0.00163587 -0.00183527 -0.00508322 -0.00792517 -0.0102093 -0.0118959 -0.0129745 -0.0134779 -0.0134322 -0.0129365 -0.0121201 -0.0111197 -0.0100151 -0.00886565 -0.00775146 -0.00674056 -0.00586356 -0.00508798 -0.00442307 -0.00387575 -0.00345109 -0.00309187 -0.00278589 -0.00254256 -0.00235967 -0.00220039 -0.00204657 -0.00193155 -0.00183962 -0.00175184 -0.00165712 -0.00159228 -0.00153756 -0.00147026 -0.00141022 -0.00136745 -0.00132889 -0.00127235 -0.00123746 -0.00121064 -0.00117262 -0.00113767 -0.00111668 -0.00109648 -0.00105983 -0.00104409 -0.00102789 -0.000997989 -0.000979068 -0.000965073 -0.00094553 -0.000920251 -0.000913382 -0.000900005 -0.000880465 -0.000877635 -0.000860408 -0.000848697 -0.000849365 -0.000835502 -0.000814927 -0.000806104 -0.000808461 -0.000794533 -0.000784195 -0.000783422 -0.00076971 -0.000771409 -0.000770941 -0.000758944 -0.000758628 -0.000745123 -0.00073797 -0.000743198 -0.000734404 -0.000738475 -0.00073979 -0.00072775 -0.000731187 -0.000724984 -0.000717268 -0.000726843 -0.000722519 
0 2.01536e-05 1.23864e-05 3.52958e-05 5.6582e-05 4.75273e-05 6.69242e-05 8.65853e-05 8.37096e-05 0.000106003 0.000123096 0.000122962 0.000139644 0.000154297 0.000167476 0.000178853 0.000190335 0.000213338 0.000212727 0.000227424 0.000266021 0.000264882 0.000274516 0.000296873 0.000312912 0.000340831 0.000341948 0.000363932 0.000394151 0.000402451 0.000434385 0.000447088 0.000473443 0.00050364 0.00051588 0.000555644 0.000573274 0.000606883 0.000639499 0.000664618 0.000712298 0.000734443 0.000785056 0.000823886 0.000864754 0.000919961 0.000962336 0.00103069 0.00107577 0.0011506 0.00122167 0.00129378 0.00138458 0.0014727 0.00159367 0.00169678 0.00184319 0.00200196 0.00219187 0.00241053 0.00267318 0.0030181 0.0034102 0.0039102 0.00450692 0.00526681 0.0061509 0.00719298 0.00838905 0.0097331 0.0111736 0.0126121 0.0139936 0.0151816 0.0160721 0.0164575 0.016244 0.0153009 0.0136139 0.0111256 0.00790112 0.00404335 -0.000223341 -0.00466449 -0.00903364 -0.0130993 -0.0166488 -0.0194718 -0.0214432 -0.0224853 -0.0226524 -0.0220072 -0.020695 -0.0188055 -0.0164943 -0.0138528 -0.0110397 -0.00812507 -0.00521763 -0.00230973 0.000568981 0.00348125 0.00640745 0.00937196 0.0122829 0.0150829 0.0176177 0.0197964 0.0214589 0.0225119 0.0227971 0.022231 0.0207191 0.0182978 0.0150479 0.011158 0.00682256 0.00227244 -0.00225261 -0.00649999 -0.0102199 -0.013256 -0.015502 -0.0169745 -0.0176652 -0.0176758 -0.0170796 -0.0160784 -0.0147856 -0.0133613 -0.0118664 -0.0104216 -0.00908752 -0.00790458 -0.00687669 -0.00598399 -0.00526086 -0.00465517 -0.00417787 -0.00375922 -0.0034387 -0.00316851 -0.00294796 -0.00275594 -0.00258767 -0.00246316 -0.00232894 -0.00222964 -0.00212328 -0.00204751 -0.00196451 -0.00188779 -0.00183258 -0.00176186 -0.00171753 -0.00165436 -0.00161686 -0.00157041 -0.00152387 -0.00149714 -0.00144884 -0.00142757 -0.00138774 -0.00136157 -0.00133848 -0.00130096 -0.00129081 -0.00125721 -0.00124071 -0.00122026 -0.00119368 -0.00119345 -0.00116282 -0.0011464 -0.0011361 -0.00112189 -0.00111962 -0.00108432 -0.00107546 -0.00108372 -0.00106133 -0.00105035 -0.00104048 -0.00103594 -0.00102942 -0.00101318 -0.00102132 -0.00100823 -0.000986684 -0.0010018 -0.000990698 -0.000975871 -0.000992757 -0.000978659 -0.00096487 -0.000980158 -0.000967949 -0.000959476 -0.000975287 -0.00096329 
0 -4.28689e-06 3.9591e-05 3.43234e-05 4.75273e-05 8.94744e-05 8.31609e-05 0.000101978 0.000123295 0.000116604 0.000142927 0.000159531 0.000177349 0.000201438 0.000197427 0.000228956 0.000248377 0.000245995 0.00029294 0.000301907 0.000287714 0.000324091 0.000363658 0.000382775 0.000385681 0.000412366 0.000448347 0.000462063 0.000489394 0.000506487 0.000528228 0.000569636 0.000590224 0.000616953 0.000658304 0.000692923 0.000723316 0.000762896 0.000807429 0.000841313 0.000881261 0.000934885 0.00097941 0.00102388 0.00108817 0.00114843 0.00120937 0.00127918 0.00136239 0.00144596 0.00152678 0.00163569 0.0017435 0.00186373 0.00199357 0.00215129 0.0023308 0.00252392 0.00276953 0.00305205 0.00340705 0.00381892 0.00434169 0.00497835 0.00575662 0.00669886 0.00781403 0.00913369 0.0106174 0.0122736 0.014006 0.01577 0.0174099 0.0188179 0.0198001 0.020202 0.0198538 0.0186379 0.0164925 0.0133906 0.00942072 0.00470407 -0.00048777 -0.00591364 -0.0112301 -0.0161972 -0.020497 -0.0239518 -0.0263498 -0.0276714 -0.0278919 -0.0271537 -0.0255457 -0.023261 -0.0204119 -0.0171926 -0.0137118 -0.0101306 -0.00649907 -0.00289086 0.0007288 0.00434625 0.00800684 0.0116554 0.0152598 0.0186748 0.0217979 0.0244374 0.0264757 0.0277132 0.0280427 0.0272943 0.0254489 0.0224781 0.0185472 0.0137999 0.00853416 0.00297965 -0.00251474 -0.00769343 -0.0122443 -0.0160032 -0.0188222 -0.0206893 -0.0216188 -0.0217074 -0.0210954 -0.0199388 -0.0184293 -0.0166971 -0.0149135 -0.0131469 -0.0115143 -0.0100227 -0.0087359 -0.00762615 -0.0067007 -0.00592767 -0.00529276 -0.00478523 -0.00435539 -0.00400919 -0.00370997 -0.00347854 -0.00326557 -0.0030831 -0.00292776 -0.00279424 -0.002674 -0.00255323 -0.00246473 -0.00237612 -0.00229123 -0.00221352 -0.00215113 -0.00208948 -0.00201935 -0.00197013 -0.00192196 -0.00186527 -0.00181854 -0.00178224 -0.00173952 -0.00169672 -0.00166906 -0.00164214 -0.00160207 -0.00157876 -0.00156261 -0.00152799 -0.00150662 -0.00148039 -0.00145521 -0.00144789 -0.00142218 -0.00138868 -0.00137184 -0.00138684 -0.00137258 -0.00132259 -0.00133016 -0.0013286 -0.0013014 -0.00130243 -0.00128129 -0.00126826 -0.00126194 -0.00124981 -0.00126792 -0.00124951 -0.00123204 -0.00124722 -0.00121497 -0.00121168 -0.00123381 -0.00120452 -0.00121464 -0.00122887 -0.00119554 -0.0012102 
0 2.01494e-05 4.65243e-05 5.17974e-05 6.69242e-05 8.31609e-05 9.07715e-05 0.000122895 0.000140711 0.00015508 0.000189302 0.000191644 0.000203062 0.00023637 0.000245615 0.000268431 0.000295092 0.000306172 0.000326937 0.00035588 0.000389398 0.00040771 0.000421069 0.000439578 0.000467462 0.000510578 0.000519019 0.000542628 0.000595962 0.000614625 0.000648533 0.000688585 0.000717659 0.000750079 0.000788551 0.000835663 0.00085802 0.000911898 0.00096895 0.00100155 0.00106422 0.0011259 0.00118783 0.00123938 0.00131906 0.00140022 0.00145691 0.00155077 0.001645 0.00174384 0.00183628 0.0019656 0.00210854 0.00223802 0.00240737 0.00260098 0.00283093 0.00306441 0.00336835 0.00373825 0.00417135 0.00468919 0.00532714 0.00613466 0.00708277 0.00822724 0.00957268 0.0111621 0.0129325 0.0148598 0.0168759 0.0188947 0.0207683 0.0223058 0.0233433 0.0236798 0.0231697 0.0216349 0.0190287 0.0153229 0.0106472 0.00514414 -0.000902839 -0.00720943 -0.013404 -0.019166 -0.0241679 -0.0281732 -0.0309967 -0.0325638 -0.0328829 -0.0320484 -0.0302089 -0.0275353 -0.0242176 -0.0204282 -0.0163434 -0.0120908 -0.00777998 -0.00344826 0.000880243 0.00522769 0.00958046 0.0139196 0.0181544 0.0221747 0.0258127 0.028901 0.0312437 0.0326602 0.0329765 0.0320664 0.0298729 0.0264229 0.021849 0.0163501 0.0102215 0.00377567 -0.00261245 -0.0086309 -0.0139608 -0.0184095 -0.0217937 -0.0240842 -0.0252762 -0.0255156 -0.0249262 -0.0237056 -0.02201 -0.0200484 -0.0179864 -0.0159484 -0.014015 -0.0122331 -0.0106804 -0.00934083 -0.00821654 -0.00724746 -0.00646897 -0.00583401 -0.00531531 -0.00486775 -0.00450254 -0.00422047 -0.00396002 -0.00373575 -0.0035368 -0.00339113 -0.00323174 -0.00308742 -0.00297377 -0.0028686 -0.0027628 -0.00265436 -0.00259072 -0.00250468 -0.00242334 -0.00236253 -0.00230765 -0.00224754 -0.00218266 -0.00215547 -0.00209947 -0.0020475 -0.00201787 -0.00197398 -0.0019328 -0.00189365 -0.00187077 -0.00182621 -0.0017985 -0.00179262 -0.00174678 -0.00172419 -0.00171739 -0.00169653 -0.00167235 -0.00164086 -0.00162484 -0.00161347 -0.00160255 -0.00157905 -0.00155627 -0.00156131 -0.00154434 -0.00153387 -0.0015402 -0.00150886 -0.00149459 -0.00149628 -0.00147805 -0.00148092 -0.00148366 -0.00147177 -0.00146965 -0.00146143 -0.0014524 -0.00145117 -0.00144934 -0.00145233 
0 2.02208e-05 3.12365e-05 5.66286e-05 8.65853e-05 0.000101978 0.000122895 0.0001455 0.000156918 0.000179151 0.000206728 0.000224079 0.0002462 0.000274146 0.000296306 0.00031337 0.000341051 0.000371151 0.000383641 0.000410207 0.000444843 0.000464167 0.00049699 0.000524169 0.000554876 0.00059717 0.000611211 0.000647685 0.000693148 0.000713319 0.000755068 0.000795994 0.000836309 0.000877703 0.000924227 0.000981453 0.00101508 0.00107756 0.00113917 0.00117997 0.00125056 0.00131658 0.00138579 0.00144983 0.00153859 0.00163394 0.00170547 0.00181859 0.0019325 0.00204869 0.00216779 0.00231795 0.00249015 0.00264321 0.00284634 0.00307884 0.00334776 0.00363438 0.00399535 0.00445049 0.00496845 0.00560067 0.00637219 0.00734777 0.00848491 0.00983726 0.0114285 0.0132762 0.0153247 0.0175026 0.0197712 0.0219987 0.0240403 0.0256485 0.0266698 0.0268876 0.0261543 0.0242754 0.0211922 0.0169119 0.0115705 0.00535874 -0.00146026 -0.00854299 -0.0155181 -0.0219785 -0.0276061 -0.0321051 -0.0353231 -0.0371314 -0.0375636 -0.0366667 -0.0346335 -0.03162 -0.0278763 -0.0235653 -0.0189102 -0.01402 -0.00904357 -0.00400343 0.0010331 0.00609733 0.0111318 0.0161307 0.0209643 0.0255411 0.0296501 0.0331341 0.0357385 0.0372919 0.0375719 0.0364928 0.033972 0.0300899 0.0249452 0.0187903 0.0119036 0.00468164 -0.00249984 -0.00926196 -0.0153086 -0.0203965 -0.0243417 -0.0270659 -0.0285742 -0.0290158 -0.0285251 -0.0273063 -0.0255056 -0.0233773 -0.0210896 -0.0188154 -0.0166074 -0.0145602 -0.0127412 -0.0111726 -0.00983323 -0.00867313 -0.00773144 -0.00695741 -0.00633046 -0.00577772 -0.00533631 -0.00498206 -0.00467095 -0.00439496 -0.0041547 -0.00397667 -0.00378604 -0.00362043 -0.00348005 -0.00336082 -0.00323822 -0.00311617 -0.00303853 -0.00293964 -0.00284948 -0.00277231 -0.00270484 -0.00263394 -0.00255587 -0.00251444 -0.0024495 -0.00239055 -0.00235248 -0.00230223 -0.002261 -0.00221813 -0.00219035 -0.00214827 -0.00210777 -0.00209404 -0.00205016 -0.00201744 -0.00199871 -0.00196762 -0.00195017 -0.00192216 -0.0019012 -0.00189266 -0.00186809 -0.00184839 -0.00183523 -0.00182265 -0.00180305 -0.00178311 -0.00178192 -0.00176678 -0.00175003 -0.0017574 -0.00174274 -0.00172452 -0.00172988 -0.00171478 -0.00170242 -0.00171401 -0.00170408 -0.00169532 -0.00170585 -0.00169355 
0 1.39291e-05 5.20446e-05 6.7543e-05 8.37096e-05 0.000123295 0.000140711 0.000156918 0.000193276 0.000209855 0.000224641 0.000260238 0.000290289 0.000310674 0.000331784 0.000365901 0.00039268 0.000407897 0.000457686 0.000488111 0.00048681 0.000531062 0.000576402 0.000610077 0.000637498 0.000656544 0.000718201 0.000753425 0.000779109 0.00083146 0.00086182 0.000920528 0.000960645 0.00100373 0.00107102 0.00110813 0.00117971 0.00123252 0.00129632 0.00137075 0.00142638 0.0015232 0.00158518 0.00167864 0.00177481 0.00186608 0.00198308 0.00208236 0.00223202 0.00235032 0.00250402 0.00267667 0.00285641 0.00306874 0.00328289 0.00358002 0.00387352 0.00424121 0.00466886 0.00520337 0.00583773 0.00657924 0.00752642 0.00864528 0.0100068 0.0115584 0.0134096 0.0154933 0.0177927 0.0202042 0.0226646 0.0250603 0.0271671 0.0288017 0.0297076 0.0297685 0.0287275 0.0264929 0.0229134 0.0181034 0.0121443 0.0053059 -0.00218478 -0.0099362 -0.0175656 -0.0246331 -0.0307836 -0.0357351 -0.0392892 -0.0413526 -0.0418842 -0.0409835 -0.0387722 -0.0354978 -0.0313494 -0.0265939 -0.0213787 -0.0159124 -0.0102614 -0.00455682 0.0012078 0.0069461 0.0126733 0.0182721 0.023695 0.0287496 0.0333048 0.0370982 0.0399395 0.0415579 0.0418022 0.0405233 0.0377203 0.0334305 0.0278091 0.0210797 0.0135654 0.00567844 -0.00217827 -0.00959083 -0.0162832 -0.0219506 -0.0264502 -0.029606 -0.0315001 -0.0321799 -0.0318843 -0.0307112 -0.0289148 -0.0266662 -0.0242297 -0.0217361 -0.0192928 -0.0169998 -0.0149145 -0.0131196 -0.0115328 -0.0102033 -0.00905895 -0.00815549 -0.00738098 -0.00674046 -0.006209 -0.00576989 -0.00541498 -0.00507191 -0.00481652 -0.00456818 -0.00437208 -0.0041706 -0.00400514 -0.00386678 -0.0037112 -0.00360041 -0.00347001 -0.00337987 -0.00326933 -0.00317779 -0.00310471 -0.00300816 -0.00295154 -0.00286798 -0.00281339 -0.00275165 -0.00268751 -0.00265155 -0.0025835 -0.0025496 -0.00250297 -0.00246035 -0.0024298 -0.00237031 -0.00235567 -0.00232725 -0.00228248 -0.00225184 -0.0022204 -0.00222328 -0.0021906 -0.00214174 -0.00213942 -0.00212496 -0.0021014 -0.00208091 -0.00206507 -0.00205279 -0.00202471 -0.00202476 -0.0020274 -0.00199288 -0.00199038 -0.00199238 -0.00195977 -0.00196416 -0.00197121 -0.00194372 -0.00195164 -0.00195748 -0.00193151 -0.0019426 
0 3.81705e-05 5.079e-05 8.57026e-05 0.000106003 0.000116604 0.00015508 0.000179151 0.000209855 0.000247364 0.000265192 0.000300624 0.00031808 0.000336739 0.000390362 0.00040617 0.000435723 0.000484629 0.000491813 0.000532445 0.000589651 0.000618446 0.000638078 0.000665747 0.00072358 0.000760215 0.000796535 0.000844562 0.000878531 0.000946395 0.00099155 0.00102921 0.00109468 0.00114414 0.00120236 0.00125612 0.00132808 0.00139474 0.00145648 0.00155082 0.00162322 0.00171192 0.00180644 0.00190747 0.00201367 0.00211701 0.00225272 0.00237419 0.00251899 0.0026736 0.00284694 0.0030396 0.00324355 0.00349343 0.00375871 0.00408139 0.0044411 0.00487659 0.00539247 0.00601157 0.00676289 0.0076573 0.00875943 0.010065 0.0116236 0.0134202 0.0155 0.01782 0.0203332 0.0229463 0.0255587 0.0280339 0.0301512 0.0317051 0.0324599 0.0322595 0.0308898 0.028234 0.0241962 0.0188665 0.0123756 0.00497504 -0.00306939 -0.0113768 -0.0195341 -0.0270966 -0.0336895 -0.0390212 -0.0428884 -0.0451761 -0.0458382 -0.0449433 -0.0426265 -0.0391202 -0.0346505 -0.0294722 -0.0237693 -0.01773 -0.0114602 -0.00507845 0.00136754 0.00779382 0.0141594 0.0203571 0.0262973 0.0318083 0.0367224 0.0407915 0.043786 0.0454493 0.0456103 0.0441512 0.0410726 0.0364387 0.0304067 0.0232134 0.0151946 0.00677029 -0.00163327 -0.0096085 -0.0168465 -0.0230569 -0.0280533 -0.0316825 -0.0339715 -0.0349885 -0.0349203 -0.0339044 -0.0321669 -0.0299062 -0.0273669 -0.0247081 -0.0220663 -0.0195472 -0.0172295 -0.0151758 -0.0133675 -0.0118258 -0.0105067 -0.00942285 -0.00850873 -0.00775966 -0.00713093 -0.00660791 -0.00617369 -0.00579696 -0.00548508 -0.00519556 -0.00496124 -0.00474089 -0.00454865 -0.00436846 -0.00420956 -0.00407289 -0.00392502 -0.00381075 -0.0036959 -0.00359575 -0.00349223 -0.00340634 -0.00333442 -0.00324101 -0.0031803 -0.00311195 -0.00304511 -0.00298205 -0.00292746 -0.00288001 -0.00280857 -0.00277539 -0.00273483 -0.00268478 -0.00265411 -0.00260623 -0.00258433 -0.00256288 -0.00252264 -0.00247688 -0.00244948 -0.00245332 -0.00240938 -0.00237409 -0.00237302 -0.00233765 -0.00233081 -0.00232777 -0.00229751 -0.00228543 -0.00226112 -0.00224734 -0.00224577 -0.00222802 -0.00223167 -0.00222469 -0.00220357 -0.00220789 -0.00219572 -0.00218327 -0.00219539 -0.00218644 
0 3.1569e-05 3.91292e-05 8.61211e-05 0.000123096 0.000142927 0.000189302 0.000206728 0.000224641 0.000265192 0.000285504 0.000328902 0.000365258 0.000385532 0.000438313 0.000455401 0.000481374 0.000544159 0.000557677 0.00059232 0.000643957 0.000667308 0.000719186 0.000767461 0.000809195 0.000850241 0.000892418 0.000951522 0.000985 0.00104253 0.00110335 0.00113925 0.00122002 0.00128263 0.00133747 0.00141772 0.00149168 0.00156815 0.0016367 0.0017363 0.00182448 0.00190196 0.00202272 0.00212983 0.00224248 0.00236862 0.00251837 0.00267024 0.00281675 0.00301326 0.00321123 0.00342379 0.00366274 0.00394691 0.00426841 0.00461488 0.0050485 0.00555594 0.00616355 0.00687774 0.00775519 0.00882115 0.0100839 0.0115912 0.0133529 0.0154047 0.0177034 0.0202414 0.022939 0.0257141 0.0284245 0.0309023 0.0329538 0.0343459 0.0348836 0.0343505 0.0326055 0.0295001 0.0250217 0.0192122 0.0122603 0.00438193 -0.00410522 -0.0128459 -0.0214041 -0.0293508 -0.0362992 -0.0419487 -0.046092 -0.0485873 -0.0493916 -0.0485326 -0.0461635 -0.042481 -0.0377521 -0.0322003 -0.026058 -0.0194778 -0.0126218 -0.00558222 0.00151967 0.00861534 0.0155879 0.0223543 0.0287648 0.0346836 0.0398922 0.0441765 0.0472618 0.0489284 0.0489814 0.0473474 0.0440186 0.0390935 0.0327284 0.0251781 0.016784 0.0079571 -0.000865406 -0.00929818 -0.0169905 -0.0236809 -0.0291323 -0.0332402 -0.0359551 -0.037373 -0.0375968 -0.0368221 -0.0352267 -0.0330461 -0.0304762 -0.0277126 -0.0249175 -0.0222085 -0.0196834 -0.0173751 -0.0153465 -0.0135815 -0.0120837 -0.0107997 -0.00973274 -0.00885486 -0.00811807 -0.00749698 -0.00696817 -0.00654821 -0.0061689 -0.00583813 -0.00555342 -0.00531595 -0.00509534 -0.00487873 -0.00471584 -0.00455464 -0.0044006 -0.00425786 -0.00414237 -0.00402935 -0.00389886 -0.00381351 -0.00371808 -0.00361859 -0.00353732 -0.0034644 -0.00339527 -0.0033113 -0.00326757 -0.00320978 -0.00313972 -0.00310682 -0.00304787 -0.00299983 -0.00296203 -0.00291426 -0.0028714 -0.00282734 -0.00281032 -0.00276942 -0.00273298 -0.00272774 -0.00267826 -0.00265926 -0.00265592 -0.00260951 -0.00259347 -0.00257217 -0.00254641 -0.00254488 -0.00252352 -0.00251884 -0.0025101 -0.00247877 -0.0024802 -0.0024679 -0.00244777 -0.00246154 -0.00244975 -0.00243597 -0.00244908 -0.00243337 
0 2.97567e-05 7.15292e-05 9.76302e-05 0.000122962 0.000159531 0.000191644 0.000224079 0.000260238 0.000300624 0.000328902 0.000351744 0.000403152 0.000436089 0.000455262 0.000515153 0.00054711 0.000569909 0.000635555 0.00067245 0.000702416 0.000744586 0.000790641 0.000857331 0.000882616 0.000922148 0.00100183 0.00104381 0.0010984 0.00115967 0.0012172 0.00128468 0.00134323 0.00142156 0.00148197 0.00155863 0.00165482 0.00171998 0.00181865 0.00192115 0.00201875 0.00212361 0.00224175 0.00237897 0.00249026 0.00263945 0.00280512 0.00296157 0.00313927 0.00334352 0.00358009 0.00380714 0.00408618 0.0044178 0.00478018 0.00519268 0.00568748 0.00630049 0.00699745 0.00783606 0.00885856 0.0100976 0.0115506 0.0132479 0.0152432 0.0175159 0.0200385 0.0227464 0.0256009 0.0284746 0.0312117 0.0336184 0.0355073 0.0366753 0.0369001 0.0359966 0.0338083 0.0302665 0.025344 0.0191285 0.0117698 0.00352616 -0.00530267 -0.0143378 -0.0231757 -0.0313903 -0.038605 -0.0445104 -0.0488819 -0.0515736 -0.0525147 -0.0517339 -0.0493469 -0.0455622 -0.0406163 -0.0347616 -0.0282063 -0.0211417 -0.0137117 -0.00606261 0.00168778 0.00940433 0.016972 0.02425 0.0311049 0.0373585 0.0428169 0.0472333 0.0503643 0.0519751 0.0519107 0.0500944 0.046551 0.0413791 0.0347597 0.0269549 0.018306 0.00921552 8.90111e-05 -0.00867791 -0.0167515 -0.0238323 -0.0297201 -0.0342735 -0.0374646 -0.0393077 -0.0399146 -0.0394362 -0.0380838 -0.0360534 -0.0335375 -0.0307337 -0.027827 -0.0249752 -0.0222463 -0.0197199 -0.017444 -0.0154709 -0.0137591 -0.0122838 -0.011041 -0.0100183 -0.00917084 -0.00843218 -0.00782767 -0.00732756 -0.00690461 -0.00651517 -0.00618857 -0.00592273 -0.00566163 -0.00542902 -0.00522331 -0.00505426 -0.0048712 -0.00470853 -0.00458273 -0.004443 -0.00431913 -0.004204 -0.00411253 -0.00400616 -0.00390821 -0.00384249 -0.00374839 -0.00367592 -0.00360773 -0.00353734 -0.00347772 -0.00341392 -0.00336778 -0.00329952 -0.00325831 -0.00323411 -0.00316504 -0.00312613 -0.00309922 -0.00306745 -0.00303217 -0.00297647 -0.00296442 -0.00294599 -0.00289758 -0.00288537 -0.00286619 -0.00283675 -0.00282172 -0.00280617 -0.00279178 -0.00276354 -0.00275199 -0.00275251 -0.00272246 -0.00272064 -0.00272649 -0.0026933 -0.00269864 -0.00270559 -0.00267456 -0.00268854 
0 3.57459e-05 7.68345e-05 0.000105773 0.000139644 0.000177349 0.000203062 0.0002462 0.000290289 0.00031808 0.000365258 0.000403152 0.000427468 0.00047383 0.000514372 0.000553915 0.000601383 0.000642449 0.000682497 0.000718845 0.000780587 0.000843284 0.000868969 0.000909526 0.000973841 0.00104032 0.00108891 0.00113538 0.00120923 0.00127359 0.00134025 0.00140847 0.00147708 0.00156081 0.00163252 0.0017216 0.0018094 0.00189873 0.00200478 0.00210622 0.00222404 0.00233576 0.00247195 0.00261092 0.0027473 0.00291613 0.00308587 0.00327554 0.00346845 0.00370559 0.0039593 0.0042245 0.00454751 0.00491257 0.00533814 0.00580495 0.00639291 0.00708875 0.0079046 0.00887751 0.0100581 0.0114851 0.0131254 0.0150491 0.0172552 0.0197609 0.0224647 0.0253355 0.02829 0.0312072 0.0338968 0.0361502 0.0378108 0.03866 0.038522 0.0371713 0.0345351 0.0305305 0.0252136 0.0186227 0.0109534 0.00242525 -0.00661792 -0.0158352 -0.0248259 -0.0332054 -0.0406008 -0.0466966 -0.0512609 -0.0541222 -0.0552158 -0.0545302 -0.0521875 -0.0483441 -0.0432567 -0.0371359 -0.0302319 -0.0227043 -0.0147553 -0.00651162 0.00183424 0.0101568 0.0182641 0.0260331 0.0332678 0.0398204 0.0454499 0.0499509 0.053055 0.0545825 0.0543705 0.0523889 0.0486532 0.043294 0.0364951 0.0285374 0.0197576 0.0105263 0.00123314 -0.00776586 -0.0161063 -0.0235227 -0.0297762 -0.0347783 -0.0384293 -0.0407597 -0.0417886 -0.0417034 -0.0406582 -0.0388729 -0.0364906 -0.0337267 -0.0307794 -0.0278153 -0.0249364 -0.0221977 -0.0197132 -0.0175019 -0.0155875 -0.0138997 -0.0124784 -0.0112886 -0.0102999 -0.00945241 -0.00873738 -0.00816277 -0.00765801 -0.00722745 -0.00684344 -0.00653513 -0.00624456 -0.0059808 -0.00575637 -0.00554856 -0.00536377 -0.00517815 -0.00503144 -0.00488184 -0.00474378 -0.00462217 -0.00450268 -0.00440093 -0.00429139 -0.0042036 -0.00411212 -0.00402706 -0.00395471 -0.00387399 -0.00380879 -0.00373839 -0.00368526 -0.00363345 -0.00356427 -0.00351561 -0.00348104 -0.00344627 -0.00338395 -0.00333196 -0.00331638 -0.00328459 -0.00324358 -0.00320464 -0.0031778 -0.00315994 -0.00312997 -0.00311506 -0.00309479 -0.00305902 -0.00304462 -0.00303053 -0.00301087 -0.00300255 -0.00299365 -0.00297827 -0.00296561 -0.00296089 -0.00295002 -0.00294144 -0.0029445 -0.00293714 
0 3.22475e-05 6.95099e-05 0.000108965 0.000154297 0.000201438 0.00023637 0.000274146 0.000310674 0.000336739 0.000385532 0.000436089 0.00047383 0.00052698 0.000566742 0.000602121 0.000652065 0.000693988 0.000748995 0.000799995 0.00083523 0.00089326 0.000955165 0.00101086 0.00107515 0.00112925 0.00117842 0.00125276 0.00132429 0.00137738 0.00145436 0.00153686 0.00161293 0.00169863 0.00179087 0.00188665 0.00197519 0.00208757 0.00219641 0.00230017 0.0024324 0.00255831 0.00270106 0.0028467 0.00301354 0.00319505 0.00337632 0.00359676 0.00381856 0.00407995 0.00435721 0.00467188 0.0050378 0.00544395 0.00593199 0.0064781 0.00715755 0.00794843 0.00889668 0.0100247 0.0113777 0.0129919 0.0148407 0.0169908 0.019411 0.0221165 0.0249827 0.0279755 0.0309798 0.033865 0.0364263 0.038455 0.039806 0.0402689 0.0396931 0.0378642 0.0347556 0.0303096 0.0246208 0.0177212 0.0098147 0.00111165 -0.00803825 -0.0173157 -0.0263498 -0.0347907 -0.0422835 -0.0485064 -0.0532197 -0.0562335 -0.0574791 -0.056919 -0.0546597 -0.0508181 -0.0456399 -0.0393126 -0.0320998 -0.0241588 -0.0157231 -0.00693166 0.0019778 0.0108588 0.0194728 0.0276822 0.0352565 0.0420469 0.0477942 0.0523128 0.0553422 0.0567435 0.0563718 0.0542283 0.0503335 0.0448387 0.0379366 0.0299222 0.0211197 0.0118703 0.00252725 -0.00658199 -0.0150972 -0.0227643 -0.0293414 -0.0347519 -0.0388668 -0.0416964 -0.0432105 -0.04358 -0.0429253 -0.0414565 -0.0392966 -0.0366577 -0.03374 -0.0307175 -0.0277213 -0.0248144 -0.0221325 -0.0196934 -0.017557 -0.0156609 -0.0140467 -0.0126732 -0.0115213 -0.0105505 -0.00972248 -0.00904735 -0.00845616 -0.00797102 -0.00753416 -0.0071683 -0.0068439 -0.00655466 -0.006304 -0.00606088 -0.00586519 -0.00566841 -0.00549298 -0.00533049 -0.0051828 -0.00504767 -0.0049036 -0.00479533 -0.00468003 -0.00456755 -0.00447513 -0.00438485 -0.00429886 -0.00421575 -0.00415434 -0.00407856 -0.00400191 -0.00395564 -0.00389559 -0.00382701 -0.00377505 -0.00372617 -0.00367941 -0.00364508 -0.00360078 -0.00355321 -0.00352756 -0.00349878 -0.00346767 -0.00343702 -0.00339764 -0.00337023 -0.00334974 -0.00332992 -0.0033152 -0.00330076 -0.00328027 -0.00325598 -0.00324842 -0.00323533 -0.00321639 -0.00322216 -0.00320823 -0.00319206 -0.00320446 -0.00318937 
0 4.80868e-05 8.59623e-05 0.000128369 0.000167476 0.000197427 0.000245615 0.000296306 0.000331784 0.000390362 0.000438313 0.000455262 0.000514372 0.000566742 0.000589299 0.000665185 0.000718829 0.000741608 0.000817495 0.000874437 0.000914368 0.000974044 0.00102856 0.00109709 0.00115232 0.0012113 0.00128906 0.00135953 0.00144191 0.00150201 0.00158448 0.0016864 0.00174517 0.00184403 0.00194705 0.00203427 0.00214594 0.00225906 0.00238914 0.00250094 0.00264638 0.00280553 0.00293727 0.00311629 0.00329553 0.00348944 0.00368945 0.00392117 0.00419038 0.00444905 0.00477478 0.00513149 0.00554586 0.00601062 0.0065582 0.00722443 0.00798129 0.00890836 0.00999137 0.0113061 0.0128401 0.014642 0.0167244 0.0190786 0.0217218 0.0245661 0.0275852 0.0306288 0.0336341 0.036393 0.0387476 0.0404801 0.041438 0.041461 0.0403694 0.0380616 0.0344538 0.0296191 0.0235684 0.0164514 0.00836746 -0.000381671 -0.00954802 -0.018759 -0.0277462 -0.0361437 -0.0436574 -0.0499413 -0.0547594 -0.0579094 -0.0593008 -0.0588976 -0.0567476 -0.0529712 -0.0477395 -0.0412742 -0.0337818 -0.0254909 -0.0165923 -0.00731767 0.00213073 0.0115045 0.0206002 0.0291841 0.0370679 0.0440238 0.049849 0.0543132 0.0572342 0.0584635 0.0579276 0.0556215 0.0516014 0.0460218 0.039087 0.0311094 0.0223726 0.0132246 0.00392668 -0.00516004 -0.0137747 -0.0215881 -0.0284627 -0.0342135 -0.0388023 -0.0421089 -0.0441732 -0.0450361 -0.044857 -0.0437649 -0.0419113 -0.0394879 -0.0366651 -0.0336597 -0.0305662 -0.0275571 -0.0246764 -0.0220449 -0.0196588 -0.0175648 -0.015744 -0.0141712 -0.0128502 -0.0117234 -0.0108002 -0.00998891 -0.00932535 -0.00876022 -0.00827728 -0.00785123 -0.00747179 -0.00717086 -0.00686567 -0.00660419 -0.006369 -0.00616312 -0.00596248 -0.00576741 -0.00562822 -0.00546254 -0.00531799 -0.00519638 -0.00507593 -0.00496211 -0.00484544 -0.0047677 -0.00465845 -0.00456035 -0.00450022 -0.00440588 -0.00433053 -0.00426336 -0.00420342 -0.00415043 -0.00408234 -0.00403664 -0.00398581 -0.00394535 -0.00390052 -0.00383351 -0.00381959 -0.00378302 -0.00371687 -0.00371165 -0.00368666 -0.00364305 -0.00363441 -0.00360786 -0.00357296 -0.00355591 -0.00354054 -0.00352323 -0.00350581 -0.00349662 -0.00348548 -0.0034691 -0.00346681 -0.00346273 -0.00344863 -0.00344803 
0 4.24415e-05 9.13755e-05 0.00013346 0.000178853 0.000228956 0.000268431 0.00031337 0.000365901 0.00040617 0.000455401 0.000515153 0.000553915 0.000602121 0.000665185 0.000705281 0.000759142 0.000826624 0.000871793 0.000921913 0.00098696 0.00106805 0.00112715 0.00116201 0.00124892 0.00133167 0.00138878 0.00146702 0.00153857 0.00162842 0.00171809 0.00180303 0.00189931 0.00199293 0.00211405 0.00221055 0.00232149 0.00246253 0.00257626 0.00271649 0.00286474 0.00303015 0.00318828 0.00336627 0.00358745 0.00378073 0.00401662 0.00427804 0.00456928 0.00487282 0.00521963 0.00564923 0.00609589 0.00663254 0.00725871 0.0080236 0.00889915 0.00993932 0.0112074 0.012689 0.0144335 0.016425 0.0187418 0.0213102 0.0241298 0.0271165 0.0302121 0.0332914 0.036193 0.0387768 0.0408259 0.0422068 0.0427007 0.0422202 0.0405846 0.0377657 0.0336987 0.0284741 0.022141 0.014833 0.00669482 -0.00203912 -0.0110852 -0.0201689 -0.0289888 -0.0372873 -0.0447223 -0.0510286 -0.0558947 -0.0591767 -0.0607045 -0.0604839 -0.0584719 -0.0548064 -0.0495708 -0.0430155 -0.0352961 -0.0266977 -0.0173901 -0.00767464 0.0022553 0.0120788 0.0216003 0.0305158 0.0386534 0.0457264 0.0515745 0.0559364 0.0587114 0.0597384 0.0590356 0.0565654 0.0524647 0.0468359 0.0399609 0.0320785 0.0235252 0.0145434 0.00542953 -0.00356177 -0.0121366 -0.0200512 -0.0271227 -0.0331994 -0.0381958 -0.0419952 -0.0446098 -0.0460249 -0.0463776 -0.045726 -0.0442718 -0.0421291 -0.0395176 -0.0365692 -0.0334772 -0.0303789 -0.0273731 -0.0245492 -0.0219402 -0.0196418 -0.0176 -0.0158387 -0.0143019 -0.0130316 -0.0119549 -0.0110268 -0.010249 -0.00959407 -0.00905587 -0.00854754 -0.00813585 -0.00777672 -0.00745589 -0.0071557 -0.00689307 -0.006681 -0.00644479 -0.00625279 -0.00607648 -0.00591143 -0.00574889 -0.00560098 -0.00548532 -0.00533892 -0.00522764 -0.00512583 -0.0050171 -0.0049245 -0.00482813 -0.00475591 -0.00467399 -0.0046015 -0.00452835 -0.00444935 -0.00441561 -0.00435322 -0.00427243 -0.00422747 -0.00419281 -0.00415493 -0.00409391 -0.00405256 -0.00403316 -0.00398692 -0.00395554 -0.00393504 -0.00389547 -0.00386705 -0.00384828 -0.00382623 -0.00380595 -0.00378977 -0.00377614 -0.00375796 -0.00374358 -0.00373597 -0.00372263 -0.0037135 -0.00371325 -0.00370671 
0 4.21121e-05 9.54989e-05 0.000140228 0.000190335 0.000248377 0.000295092 0.000341051 0.00039268 0.000435723 0.000481374 0.00054711 0.000601383 0.000652065 0.000718829 0.000759142 0.000812885 0.00088558 0.000932445 0.00100981 0.00107237 0.0011146 0.00120312 0.00127635 0.00135346 0.00142325 0.00148501 0.0015891 0.00166253 0.00175288 0.00184836 0.0019314 0.00205673 0.00214811 0.0022685 0.00239003 0.00250372 0.00265902 0.0027767 0.00293961 0.00309901 0.00326516 0.00345797 0.00364014 0.00388342 0.0040943 0.00435705 0.00465091 0.00495753 0.00531569 0.00569647 0.00618702 0.00669067 0.00730526 0.00803508 0.00889897 0.00991759 0.011096 0.0125578 0.014224 0.0161771 0.0183806 0.0209095 0.023682 0.0266359 0.0297314 0.0328443 0.0358875 0.0386105 0.0409308 0.0426098 0.0435566 0.0435408 0.0424964 0.0403098 0.0369703 0.0324843 0.026901 0.0203495 0.0129157 0.00481518 -0.00380863 -0.0126416 -0.0215089 -0.0300864 -0.0382011 -0.0454946 -0.0517548 -0.0566411 -0.060023 -0.0616982 -0.0616583 -0.0598234 -0.0562893 -0.0511084 -0.044495 -0.0366132 -0.0277411 -0.0180917 -0.00797297 0.00236798 0.0126027 0.0224806 0.0316912 0.0400149 0.0471693 0.0529765 0.0572095 0.059792 0.0606109 0.0597202 0.0571078 0.0529418 0.0473237 0.0405625 0.0328561 0.0245545 0.0158243 0.0069802 -0.00181889 -0.010259 -0.0181975 -0.0253929 -0.0317503 -0.0371017 -0.0413837 -0.0445369 -0.0465472 -0.047465 -0.0473305 -0.0463336 -0.0445605 -0.0422346 -0.0394277 -0.0364038 -0.0332633 -0.0301794 -0.0271853 -0.0243856 -0.0218681 -0.0196112 -0.0176442 -0.015894 -0.0144546 -0.0132055 -0.0121576 -0.01125 -0.0105008 -0.00988055 -0.00930418 -0.00884492 -0.00842007 -0.00807616 -0.00773484 -0.00744657 -0.00720238 -0.00694518 -0.00674536 -0.00652987 -0.00636275 -0.00618398 -0.00602034 -0.00589092 -0.00573424 -0.00562585 -0.00549255 -0.00538681 -0.00529493 -0.00518056 -0.00510612 -0.00500524 -0.00493535 -0.00486792 -0.0047774 -0.00471665 -0.00464332 -0.00460489 -0.0045495 -0.00447069 -0.00444319 -0.00439296 -0.00435177 -0.00432668 -0.00426807 -0.00423226 -0.00420354 -0.00416821 -0.00414929 -0.00412671 -0.00409989 -0.00407427 -0.00405569 -0.0040389 -0.00402154 -0.00401317 -0.00399843 -0.00398526 -0.0039793 -0.00396996 -0.00396941 
0 5.9443e-05 0.000102079 0.000156683 0.000213338 0.000245995 0.000306172 0.000371151 0.000407897 0.000484629 0.000544159 0.000569909 0.000642449 0.000693988 0.000741608 0.000826624 0.00088558 0.000948765 0.00100464 0.00107118 0.00116296 0.00120114 0.00128049 0.00137919 0.00142254 0.00152093 0.00161474 0.00169343 0.00179784 0.00188101 0.00198889 0.00208809 0.00219722 0.00231861 0.00241828 0.00256864 0.00269886 0.00283482 0.00300404 0.00315877 0.00334499 0.00352092 0.00373077 0.00395098 0.00417338 0.00444404 0.0047129 0.0050378 0.00537885 0.00577127 0.0062295 0.0067402 0.00735158 0.00803858 0.00888951 0.00987138 0.0110321 0.0124068 0.0140292 0.0159287 0.0180634 0.0205113 0.0232171 0.0261655 0.0292282 0.0323643 0.0354611 0.0383491 0.0408568 0.0427967 0.0440751 0.0444878 0.0439398 0.0422855 0.0395541 0.0357122 0.0308333 0.0249588 0.0182261 0.0107719 0.00275649 -0.00563182 -0.0142129 -0.0227478 -0.0310576 -0.0388789 -0.0460091 -0.0521308 -0.0570385 -0.0604662 -0.0623166 -0.062434 -0.0608209 -0.0574209 -0.0523554 -0.0457076 -0.037732 -0.0286204 -0.0187013 -0.00821996 0.00245731 0.0130609 0.023222 0.0326897 0.0411283 0.048334 0.0540363 0.05813 0.060472 0.061098 0.0599874 0.0572763 0.0530374 0.0475122 0.040883 0.0334578 0.0254302 0.0170637 0.00852246 4.13852e-05 -0.00821726 -0.0160613 -0.0233382 -0.0298881 -0.0355618 -0.0402815 -0.0439557 -0.0465766 -0.0480732 -0.0485375 -0.0480279 -0.0467349 -0.0447306 -0.0421949 -0.0392798 -0.0361902 -0.0330527 -0.0299425 -0.0269895 -0.0242465 -0.0217997 -0.0195869 -0.0176639 -0.0159973 -0.0145883 -0.0133841 -0.0123481 -0.0114962 -0.0107516 -0.0101375 -0.00958483 -0.0091221 -0.00871342 -0.00834554 -0.00803192 -0.00772334 -0.00747694 -0.00723019 -0.00700954 -0.00681226 -0.00662444 -0.0064671 -0.00628838 -0.00615969 -0.00602491 -0.00588154 -0.00577595 -0.00565296 -0.00555405 -0.00544723 -0.00535344 -0.00527002 -0.00517259 -0.00512626 -0.00503899 -0.00495696 -0.00492913 -0.00484917 -0.00478852 -0.00474781 -0.00469235 -0.00464327 -0.00458102 -0.00456202 -0.00453384 -0.00447781 -0.00446812 -0.00442814 -0.00438522 -0.00438014 -0.00434716 -0.00432755 -0.00431079 -0.00428318 -0.00427949 -0.00426052 -0.00425519 -0.0042582 -0.0042325 -0.00423428 
