0 0 0 0 0 0 0 0 0 0 0 0 0 0 0 0 0 0 0 0 0 0 0 0 0 0 0 0 0 0 0 0 0 0 0 0 0 0 0 0 0 0 0 0 0 0 0 0 0 0 0 0 0 0 0 0 0 0 0 0 0 0 0 0 0 0 0 0 0 0 0 0 0 0 0 0 0 0 0 0 0 0 0 0 0 0 0 0 0 0 0 0 0 0 0 0 0 0 0 0 0 0 0 0 0 0 0 0 0 0 0 0 0 0 0 0 0 0 0 0 0 0 0 0 0 0 0 0 0 0 0 0 0 0 0 0 0 0 0 0 0 0 0 0 0 0 0 0 0 0 0 0 0 0 0 0 0 0 0 0 0 0 0 0 0 0 0 0 0 0 0 0 0 0 0 0 0 0 0 0 0 0 0 0 0 0 0 0 0 0 0 0 0 0 0 0 0 0 0 0 
0 8.05911e-06 -2.00293e-07 3.82438e-06 2.58512e-05 2.12505e-05 2.43885e-05 4.52368e-05 2.21236e-05 2.49368e-05 5.81353e-05 3.71615e-05 4.71345e-05 7.51877e-05 4.93837e-05 5.93544e-05 8.49176e-05 8.38233e-05 7.97725e-05 6.77053e-05 9.4521e-05 0.000109319 9.8086e-05 0.000119882 0.00011431 0.00012854 0.000148643 0.000125053 0.000150492 0.000159842 0.000154888 0.000177212 0.000181286 0.000202781 0.00020329 0.000221092 0.000247008 0.000234937 0.000265456 0.000279467 0.000288671 0.000306978 0.000325179 0.000362479 0.000365582 0.000403398 0.000443956 0.000471546 0.000511779 0.000554939 0.000629119 0.000677878 0.000755181 0.000859757 0.000983149 0.00112737 0.00129295 0.00153007 0.00179128 0.00209484 0.00242812 0.00281533 0.00322367 0.00360807 0.00395987 0.00424317 0.00444161 0.00447134 0.00431645 0.00394682 0.00338157 0.0026067 0.0016365 0.000513109 -0.000694801 -0.00189995 -0.00305166 -0.00408366 -0.00496106 -0.00561648 -0.00603278 -0.0061903 -0.00612944 -0.00587742 -0.00548672 -0.00498427 -0.00441273 -0.00380368 -0.00319968 -0.0026326 -0.00212708 -0.00169449 -0.00133301 -0.00103842 -0.000797957 -0.000606801 -0.000452152 -0.000331799 -0.000232514 -0.000151846 -7.47877e-05 1.91294e-06 9.35578e-05 0.000202744 0.000343199 0.000516791 0.000736562 0.00100664 0.00134121 0.00174595 0.00222806 0.00278093 0.00338719 0.00401761 0.00463259 0.00519821 0.00567315 0.00602912 0.00621532 0.00619802 0.0059267 0.00540373 0.00463284 0.00367364 0.00255752 0.00134859 8.92986e-05 -0.00113144 -0.00224013 -0.0031721 -0.00390346 -0.00443525 -0.00474803 -0.00485539 -0.00476267 -0.00454968 -0.00423941 -0.00387766 -0.00346406 -0.00305295 -0.00267849 -0.00233833 -0.00203515 -0.00175313 -0.00154398 -0.00136372 -0.00121631 -0.0010796 -0.00098179 -0.000915491 -0.000834266 -0.00077965 -0.000728662 -0.000705371 -0.000659037 -0.00062217 -0.000613185 -0.00057976 -0.000560458 -0.000530329 -0.000526452 -0.00050316 -0.00047101 -0.000478217 -0.000450847 -0.000440463 -0.000430418 -0.000422969 -0.000419933 -0.000393897 -0.000410664 -0.000393017 -0.000370082 -0.000384215 -0.000361877 -0.000362337 -0.000352956 -0.000334415 -0.00035293 -0.000348777 -0.000342336 -0.000322893 -0.000320477 -0.000351786 -0.000316322 -0.00030094 -0.000328005 -0.000301111 -0.000306511 -0.000328905 -0.000306245 -0.000305391 -0.000303911 -0.000292376 -0.000301719 -0.00029959 -0.000300816 -0.000306092 -0.000295425 -0.00029806 
0 -2.00293e-07 3.84232e-05 2.44525e-05 2.2126e-05 5.20782e-05 3.42505e-05 4.83391e-05 8.76692e-05 7.43477e-05 8.28774e-05 0.000104297 9.46434e-05 0.000108194 0.000129079 0.000133775 0.000137796 0.000140015 0.000165438 0.000199012 0.000191853 0.000181857 0.000214259 0.000231621 0.000225089 0.00024829 0.000267044 0.000277662 0.000302359 0.000321945 0.000336989 0.000347117 0.000379444 0.000395279 0.00039736 0.000443909 0.000462239 0.000480751 0.000520126 0.000556548 0.000595275 0.000613284 0.000678538 0.000721531 0.000750266 0.000817183 0.000876802 0.000953689 0.00100625 0.00111722 0.00123968 0.00135453 0.0015196 0.00171616 0.00198918 0.00226055 0.0026288 0.00308091 0.00361701 0.00422248 0.00488444 0.00566344 0.00644355 0.00722504 0.00789018 0.00846288 0.00881647 0.0088718 0.00854575 0.00780194 0.0066759 0.00511444 0.0032051 0.000958379 -0.00140771 -0.00381996 -0.00607898 -0.00814538 -0.00986158 -0.0111741 -0.0119885 -0.0123142 -0.0121959 -0.0117007 -0.0109313 -0.00992782 -0.00880408 -0.00758305 -0.00639913 -0.00525466 -0.00426571 -0.00338142 -0.00267824 -0.00206561 -0.00160502 -0.00119837 -0.000910468 -0.000644981 -0.000467957 -0.000281291 -0.000148587 3.02366e-05 0.000191968 0.000435306 0.000694583 0.00106632 0.00148499 0.00204924 0.00269813 0.00352832 0.0044698 0.00558765 0.0067735 0.00803779 0.00924317 0.0103731 0.0113045 0.0120075 0.0123671 0.0123187 0.011782 0.010731 0.00921913 0.00729739 0.00510434 0.00268233 0.000213286 -0.00222727 -0.00440438 -0.0062794 -0.0077269 -0.00879706 -0.00942425 -0.00964242 -0.00948896 -0.0090583 -0.00847084 -0.00772863 -0.00693884 -0.00610571 -0.0053722 -0.00468385 -0.00407571 -0.0035323 -0.00309002 -0.00275269 -0.00243319 -0.00218989 -0.00197907 -0.00184398 -0.00169478 -0.00156636 -0.00148649 -0.00140145 -0.00133201 -0.00124421 -0.00121186 -0.00116034 -0.00109693 -0.00106915 -0.00103387 -0.0010071 -0.000959554 -0.00094841 -0.000929922 -0.000882477 -0.000874791 -0.000852817 -0.000824545 -0.000802855 -0.000789246 -0.000776154 -0.000751181 -0.000754192 -0.000739539 -0.000711804 -0.000724602 -0.000718847 -0.00068107 -0.000667948 -0.000676483 -0.000672053 -0.00065608 -0.00063914 -0.000638763 -0.000653796 -0.000639192 -0.000625051 -0.000631766 -0.000606695 -0.000598038 -0.000620896 -0.000610105 -0.000605507 -0.000614488 -0.000596717 -0.000591928 -0.00059682 -0.000589743 -0.00059725 
0 3.82438e-06 2.44525e-05 3.47824e-05 4.99525e-05 6.9247e-05 7.51072e-05 8.99596e-05 0.000101317 0.000106598 0.000129138 0.000142763 0.000152645 0.000174698 0.00018356 0.000196046 0.000220542 0.000233121 0.00024214 0.000258788 0.0002794 0.000297679 0.000319955 0.00034114 0.00035361 0.00038188 0.000406426 0.000416798 0.000445922 0.000474258 0.000494661 0.000523895 0.000561096 0.000592713 0.000618765 0.000666074 0.000705243 0.000734283 0.000784629 0.000835646 0.00088124 0.000929603 0.00100175 0.00107213 0.00113267 0.00122363 0.001326 0.00143049 0.00154214 0.00169442 0.0018758 0.00206549 0.00230789 0.00261742 0.00299983 0.00343947 0.00398565 0.00466639 0.00546376 0.0063682 0.00737857 0.00850733 0.00967318 0.010799 0.011797 0.0126037 0.0130997 0.0131432 0.0126344 0.0115223 0.00981403 0.00749967 0.00464241 0.00134942 -0.00216707 -0.00570884 -0.00907428 -0.0121112 -0.0146606 -0.0165895 -0.0178095 -0.0183068 -0.0181507 -0.0174399 -0.0163016 -0.0148339 -0.013159 -0.0113724 -0.00960079 -0.00792385 -0.00642766 -0.00512831 -0.00404712 -0.00314974 -0.00242891 -0.00184102 -0.00137922 -0.00100335 -0.000707127 -0.000448723 -0.000218273 2.85193e-05 0.000302103 0.000644973 0.00106417 0.00159976 0.00225847 0.00308403 0.00408653 0.00530724 0.0067372 0.00837648 0.0101549 0.012005 0.0138043 0.0154584 0.016843 0.0178612 0.0183799 0.0182874 0.0174803 0.0159335 0.0136941 0.0108731 0.00761302 0.00405782 0.000394817 -0.00317567 -0.00641969 -0.00918747 -0.0113749 -0.0129657 -0.0139273 -0.0142837 -0.0140999 -0.0135125 -0.0126477 -0.0115867 -0.0104159 -0.00922248 -0.00811057 -0.00709149 -0.00617581 -0.00536768 -0.00470228 -0.0041601 -0.00369515 -0.00330836 -0.003 -0.00276448 -0.00254767 -0.00236468 -0.0022252 -0.00210871 -0.0019954 -0.00189097 -0.00182211 -0.00174755 -0.00167085 -0.00161078 -0.00156197 -0.00150769 -0.001449 -0.00141626 -0.00137636 -0.00133016 -0.00130164 -0.00127486 -0.00124306 -0.00121259 -0.00119705 -0.00117052 -0.00113907 -0.00112757 -0.00110538 -0.0010802 -0.00106596 -0.00105028 -0.00103695 -0.00102702 -0.0010147 -0.000995409 -0.000987858 -0.00098513 -0.00096457 -0.000954622 -0.000949468 -0.000935146 -0.000936923 -0.000934752 -0.000923082 -0.000920688 -0.000910903 -0.000903033 -0.000904187 -0.000899196 -0.000900243 -0.000901504 -0.000893876 -0.0008935 
0 2.58512e-05 2.2126e-05 4.99525e-05 7.38607e-05 7.28452e-05 0.000107221 0.000128808 0.000121064 0.00015256 0.00017872 0.000179633 0.000209939 0.000234873 0.00023963 0.000261705 0.00029051 0.000317011 0.000330274 0.000336532 0.000375201 0.000410861 0.000419176 0.000447509 0.000480142 0.000505763 0.000539381 0.000562338 0.000597491 0.000634056 0.000662659 0.000710035 0.000743056 0.000787598 0.000839479 0.00087763 0.000939913 0.000987194 0.00104871 0.00111719 0.0011752 0.00126318 0.00133523 0.00143285 0.00153163 0.00163889 0.00177979 0.0019088 0.00208788 0.00227645 0.00251508 0.00279348 0.00312095 0.00355245 0.00404554 0.00467457 0.00540933 0.00632052 0.00737868 0.00858128 0.00993997 0.0113893 0.0129129 0.0143443 0.0156441 0.0166345 0.0172204 0.0172091 0.0164903 0.0150021 0.0127032 0.0096545 0.0058802 0.00160721 -0.00299792 -0.00759927 -0.0120175 -0.0159663 -0.0193021 -0.0218114 -0.023424 -0.0241027 -0.0239291 -0.0230333 -0.0215497 -0.019651 -0.017449 -0.0151325 -0.0127937 -0.010611 -0.00861213 -0.00690825 -0.00544027 -0.0042608 -0.00326772 -0.00250076 -0.00185348 -0.00136935 -0.000941818 -0.00061287 -0.000271915 4.18358e-05 0.000439622 0.000880195 0.00147105 0.0021685 0.00307958 0.00416469 0.00553144 0.00713486 0.00905194 0.0111882 0.0135395 0.0159376 0.0183038 0.0204442 0.0222544 0.0235501 0.0241991 0.0240383 0.0229596 0.0209386 0.0180107 0.0143433 0.0100682 0.00544775 0.000656607 -0.00396727 -0.00823163 -0.0118577 -0.014782 -0.0168891 -0.0182018 -0.0187267 -0.0185619 -0.0178676 -0.0167598 -0.0154177 -0.0138964 -0.0123788 -0.0108951 -0.00955153 -0.00833004 -0.00726488 -0.00637262 -0.00561138 -0.00500249 -0.00446978 -0.0040636 -0.00371293 -0.00342988 -0.0031938 -0.00298465 -0.00282962 -0.00266704 -0.00254895 -0.00242971 -0.00232846 -0.00224364 -0.00214894 -0.00208652 -0.00200756 -0.00194897 -0.00189215 -0.00183067 -0.00179335 -0.00173753 -0.00170016 -0.00166305 -0.0016204 -0.00159521 -0.00155638 -0.00152821 -0.00149967 -0.00147015 -0.00145764 -0.00142194 -0.00139377 -0.00139328 -0.00137533 -0.00134807 -0.0013259 -0.00131636 -0.00131732 -0.00129113 -0.0012666 -0.00127277 -0.00125784 -0.00124003 -0.00124994 -0.00123711 -0.00121583 -0.00121885 -0.00121256 -0.00120242 -0.0012055 -0.00120176 -0.00119544 -0.00119522 -0.0011919 
0 2.12505e-05 5.20782e-05 6.9247e-05 7.28452e-05 0.000104737 0.000126053 0.000129079 0.000181626 0.000208148 0.000198232 0.000246011 0.000265336 0.000263133 0.000319596 0.000343056 0.00034642 0.000375984 0.000414313 0.000464636 0.000471553 0.000489242 0.000536594 0.000555993 0.000605375 0.000628654 0.000653831 0.000728157 0.000747385 0.000792012 0.000850391 0.000883259 0.00094149 0.000981233 0.00105169 0.00110362 0.00115655 0.0012546 0.00130892 0.00139723 0.00148972 0.00158606 0.0016939 0.00179162 0.00194408 0.00207081 0.00222875 0.00241822 0.00263046 0.0028895 0.0031685 0.00354986 0.0039822 0.00451713 0.00516544 0.00595847 0.00692676 0.00804475 0.0093778 0.0108762 0.012557 0.0143258 0.0161347 0.0178679 0.019382 0.0205323 0.0211201 0.0210209 0.0200533 0.0181683 0.0152944 0.0115086 0.00689864 0.00168196 -0.00388865 -0.00950718 -0.0148632 -0.019689 -0.0237211 -0.0267954 -0.0287676 -0.0296507 -0.0294817 -0.028436 -0.0266518 -0.0243486 -0.0216766 -0.0188478 -0.0160016 -0.0133104 -0.0108555 -0.0087195 -0.0068985 -0.00539569 -0.00416154 -0.00317108 -0.00237079 -0.00173286 -0.00120646 -0.000759988 -0.000340418 8.75453e-05 0.000577253 0.00116169 0.00189163 0.0027963 0.0039285 0.00531695 0.00701549 0.00903473 0.0113946 0.0140367 0.0168998 0.0198315 0.0227007 0.0253021 0.0274833 0.029021 0.0297621 0.0295029 0.0281639 0.0256769 0.0221364 0.0176583 0.0124794 0.00684038 0.00105243 -0.00457682 -0.0097558 -0.0142302 -0.0178501 -0.0204912 -0.0221706 -0.0228989 -0.0228288 -0.0220625 -0.0208023 -0.0191902 -0.0174031 -0.0155644 -0.0137576 -0.0120856 -0.0105635 -0.00925752 -0.00810691 -0.00715154 -0.00635126 -0.0057012 -0.00516408 -0.00470002 -0.00434945 -0.00403519 -0.00378426 -0.0035476 -0.00336497 -0.00320996 -0.00304167 -0.00292479 -0.0028021 -0.00270922 -0.00260105 -0.00251651 -0.00245965 -0.00236165 -0.00231006 -0.00224684 -0.00218673 -0.00213241 -0.00207213 -0.0020463 -0.00197562 -0.00194333 -0.00192688 -0.00186647 -0.00184915 -0.00181561 -0.00179188 -0.00177756 -0.00172477 -0.00170274 -0.00168647 -0.00168027 -0.00165656 -0.00160281 -0.00162361 -0.00162166 -0.00157502 -0.00158892 -0.00156752 -0.00152764 -0.00154239 -0.00153468 -0.00152225 -0.00152743 -0.00151336 -0.00150453 -0.00149862 -0.00149064 -0.00149441 -0.00149211 
0 2.43885e-05 3.42505e-05 7.51072e-05 0.000107221 0.000126053 0.000163027 0.00017727 0.000195764 0.000232026 0.000248368 0.000285808 0.000323457 0.000336926 0.000374768 0.000403973 0.000429387 0.000475027 0.00049558 0.000517475 0.000561708 0.000608951 0.000645862 0.000675236 0.000730077 0.000768227 0.000801346 0.000864744 0.000897597 0.000944121 0.00101489 0.0010652 0.00112504 0.00119389 0.00127459 0.00133735 0.00140985 0.00151458 0.00158813 0.00167912 0.00179487 0.0019122 0.0020306 0.00216461 0.00234471 0.00251172 0.00270161 0.0029425 0.00321765 0.0035268 0.00388389 0.0043526 0.00490083 0.00555169 0.00634921 0.00733325 0.00851046 0.00986527 0.0114513 0.0132501 0.0152267 0.0172826 0.0193502 0.0213164 0.0230068 0.0242281 0.0247794 0.0245189 0.0232807 0.0209705 0.0175319 0.0130447 0.00765194 0.00158695 -0.00487064 -0.0113892 -0.0176115 -0.0232103 -0.0278946 -0.0314717 -0.0338075 -0.0348914 -0.0347725 -0.0336099 -0.0315811 -0.0289189 -0.0258288 -0.0225358 -0.0192204 -0.0160574 -0.0131588 -0.0106078 -0.00842382 -0.00660406 -0.00510961 -0.00390103 -0.00292626 -0.00214058 -0.0014922 -0.000933816 -0.000411363 0.000125304 0.000730646 0.00145298 0.00234445 0.00345101 0.00482558 0.00651224 0.00855731 0.0109788 0.0137761 0.0168909 0.0202333 0.0236496 0.0269722 0.0299846 0.0324807 0.0342195 0.0350019 0.0346344 0.0330212 0.0301182 0.0260043 0.0208179 0.0148103 0.00828019 0.00158494 -0.00493158 -0.0109548 -0.0162132 -0.020504 -0.0236858 -0.0257502 -0.0267478 -0.0268166 -0.0260761 -0.0247151 -0.0229248 -0.0209107 -0.0188079 -0.0167096 -0.0147253 -0.0129237 -0.0113508 -0.00996165 -0.00877551 -0.00778932 -0.00698693 -0.00630985 -0.00573131 -0.00528076 -0.00490496 -0.00458239 -0.00429286 -0.0040713 -0.00388181 -0.00368643 -0.00353071 -0.00339662 -0.00327481 -0.00314073 -0.00303819 -0.002956 -0.00284623 -0.00276634 -0.00269822 -0.0026285 -0.0025567 -0.00250116 -0.00246207 -0.00239204 -0.00234966 -0.00231387 -0.00225372 -0.00222204 -0.00218472 -0.00213971 -0.00210774 -0.00208972 -0.00206919 -0.00202424 -0.00200718 -0.00199444 -0.00196108 -0.00195059 -0.00192106 -0.00189252 -0.0018953 -0.00187702 -0.00186789 -0.00186577 -0.00183903 -0.00183004 -0.00182215 -0.00180659 -0.00181246 -0.00180824 -0.00179946 -0.00180297 -0.00179115 
0 4.52368e-05 4.83391e-05 8.99596e-05 0.000128808 0.000129079 0.00017727 0.000224146 0.000226361 0.000270875 0.000314482 0.00032255 0.000367771 0.000408128 0.000428072 0.000469649 0.00050402 0.000551381 0.000592051 0.000606711 0.000668386 0.000718597 0.000739581 0.000797927 0.000843337 0.000893332 0.000952169 0.000998091 0.00106713 0.00111836 0.00118635 0.00126223 0.00131152 0.00140624 0.00148403 0.0015589 0.00166355 0.00175854 0.00187404 0.00197558 0.00211351 0.00226078 0.00238817 0.00257105 0.00275707 0.00296901 0.00319572 0.00347592 0.00381916 0.00417609 0.00463715 0.00519036 0.00586902 0.00666042 0.00762346 0.00881826 0.0102011 0.0118167 0.0136477 0.0157359 0.0179726 0.0202772 0.0225576 0.0246793 0.0264737 0.0276751 0.0281301 0.0276363 0.0260875 0.0233239 0.0193358 0.0141926 0.00808712 0.00127209 -0.00597053 -0.0132641 -0.0202489 -0.0265119 -0.0317825 -0.0358032 -0.0384914 -0.0397742 -0.0397418 -0.0385009 -0.0362858 -0.0333178 -0.0298681 -0.0261622 -0.0224224 -0.0188229 -0.0155009 -0.0125484 -0.00999927 -0.00786222 -0.00609505 -0.00466459 -0.00350041 -0.00256303 -0.00177643 -0.00110157 -0.000459055 0.000191054 0.00092882 0.00179333 0.00286222 0.00417498 0.00580627 0.0077933 0.0101911 0.0130049 0.0162247 0.0197794 0.023559 0.0274069 0.0311218 0.0344842 0.0372282 0.039115 0.0398868 0.0393923 0.0374959 0.0342147 0.0295754 0.0237769 0.0170376 0.00974443 0.00225068 -0.00503907 -0.0118203 -0.0177912 -0.0227148 -0.0264389 -0.0289121 -0.0302355 -0.030493 -0.0298613 -0.0284694 -0.0265861 -0.0243942 -0.0220751 -0.0197242 -0.0174545 -0.0153912 -0.0135385 -0.0119232 -0.0104977 -0.00932679 -0.00835081 -0.00752941 -0.00684104 -0.00627087 -0.00582928 -0.0054179 -0.00508324 -0.00480026 -0.00456138 -0.00434352 -0.00413457 -0.00398966 -0.00382674 -0.00368542 -0.00356529 -0.00345143 -0.00335443 -0.00324003 -0.00316989 -0.00308458 -0.00299429 -0.00293976 -0.00286163 -0.00280501 -0.00274647 -0.0026891 -0.00264817 -0.0025905 -0.00256356 -0.00251711 -0.00246145 -0.00245285 -0.00241285 -0.00236877 -0.00234519 -0.00231543 -0.00230533 -0.00227096 -0.00223866 -0.00224462 -0.00221292 -0.00218539 -0.0021923 -0.00216328 -0.00214186 -0.00214984 -0.00213243 -0.00211864 -0.00212136 -0.00210768 -0.00209865 -0.00210224 -0.00209567 
0 2.21236e-05 8.76692e-05 0.000101317 0.000121064 0.000181626 0.000195764 0.000226361 0.000289097 0.000310679 0.000345123 0.000390387 0.000414901 0.000457305 0.000499344 0.000546553 0.000588303 0.000604447 0.000667556 0.000739867 0.000763563 0.000801248 0.00086034 0.000919884 0.000971681 0.0010222 0.00108875 0.00115277 0.00122107 0.00129342 0.0013628 0.00144215 0.00152547 0.0016116 0.00170216 0.00180418 0.00191122 0.00202627 0.00215249 0.00228526 0.00243803 0.00259493 0.00277213 0.00296961 0.00318916 0.00343992 0.0037146 0.0040545 0.00443887 0.00489346 0.0054399 0.00610293 0.00691 0.0078545 0.00901602 0.0103939 0.0120175 0.0138687 0.0159675 0.018302 0.0207676 0.0232875 0.025712 0.0279405 0.0297231 0.0308586 0.0311202 0.0303605 0.0284345 0.0252113 0.0206917 0.0149434 0.00821795 0.000730728 -0.00715801 -0.0151303 -0.0227255 -0.0295805 -0.0353315 -0.0397776 -0.0427744 -0.0442851 -0.0443528 -0.0430971 -0.0407491 -0.0375466 -0.0338015 -0.0297379 -0.0256299 -0.0216224 -0.0179158 -0.0145608 -0.0116676 -0.00919118 -0.0071637 -0.00548002 -0.00413775 -0.00301424 -0.00210106 -0.00127368 -0.000522643 0.000277307 0.00113588 0.00217802 0.00341301 0.00496543 0.00684178 0.00915567 0.0118875 0.0151015 0.0187079 0.0226815 0.0268427 0.0310722 0.035111 0.0387525 0.0416797 0.0436449 0.0443757 0.0437153 0.0415622 0.03791 0.0328373 0.0264924 0.0191752 0.0112231 0.00308981 -0.00488093 -0.0122987 -0.0189132 -0.024415 -0.0286714 -0.0315963 -0.0332775 -0.033814 -0.0333397 -0.0320437 -0.0301286 -0.0278565 -0.02536 -0.022814 -0.0203065 -0.0179828 -0.0158755 -0.0139995 -0.0123669 -0.0109684 -0.00981358 -0.00882594 -0.00801138 -0.00732962 -0.00677175 -0.00630054 -0.00589218 -0.00555898 -0.00526158 -0.00500987 -0.0047808 -0.00458222 -0.00440726 -0.00424315 -0.00410124 -0.00396567 -0.00384782 -0.00373659 -0.00363036 -0.00353624 -0.00344873 -0.00336471 -0.00328474 -0.0032162 -0.00314859 -0.0030895 -0.00303462 -0.0029757 -0.00292562 -0.0028889 -0.00285311 -0.0027871 -0.00274159 -0.00273732 -0.00269824 -0.00264969 -0.00262126 -0.00260192 -0.00259249 -0.00255692 -0.00253251 -0.0025242 -0.00248272 -0.00247323 -0.0024799 -0.0024475 -0.00244287 -0.0024434 -0.00241332 -0.0024128 -0.00241437 -0.00239502 -0.00240319 
0 2.49368e-05 7.43477e-05 0.000106598 0.00015256 0.000208148 0.000232026 0.000270875 0.000310679 0.000334874 0.000392568 0.000437638 0.000472596 0.000534854 0.000564274 0.000600275 0.000669808 0.00071078 0.000753529 0.00080333 0.000851373 0.00092227 0.000987151 0.00103951 0.00109515 0.00117006 0.00124233 0.00129431 0.00137753 0.00146212 0.00153343 0.00163159 0.00173208 0.00182924 0.00193257 0.00205701 0.0021789 0.00229557 0.00244715 0.00260096 0.00276137 0.00294319 0.00315455 0.00338553 0.00363024 0.00393213 0.0042702 0.00465968 0.00511397 0.00566076 0.00631927 0.0070923 0.00803796 0.00916381 0.0105172 0.0121026 0.0139478 0.0160547 0.0183971 0.0209498 0.0236062 0.0262808 0.0288051 0.0310355 0.0327402 0.0337066 0.0337261 0.0326281 0.0302888 0.0265938 0.0215666 0.0152903 0.00801421 -2.00091e-05 -0.00845792 -0.0169505 -0.0250517 -0.0323661 -0.0385413 -0.0433463 -0.0466459 -0.0483772 -0.0485815 -0.0473591 -0.0449445 -0.0415842 -0.0376062 -0.0332578 -0.0288206 -0.0244618 -0.0203819 -0.0166613 -0.01341 -0.0106145 -0.00829643 -0.00637243 -0.00481568 -0.0035176 -0.00243968 -0.00147117 -0.000572766 0.000365737 0.00138383 0.00259237 0.00403127 0.00581151 0.00796635 0.0105894 0.0136747 0.0172554 0.0212436 0.0255818 0.0300917 0.0346292 0.038932 0.0427683 0.0458075 0.0477865 0.048429 0.0475914 0.0451762 0.0412015 0.0357404 0.0289695 0.0211782 0.0127337 0.00407223 -0.00443295 -0.012401 -0.019552 -0.0255856 -0.0303528 -0.0337533 -0.0358484 -0.0367123 -0.0364934 -0.0353658 -0.0335394 -0.0312457 -0.0286552 -0.0259588 -0.0232658 -0.0207128 -0.0183464 -0.0162282 -0.0143653 -0.0127505 -0.0113792 -0.010218 -0.00926286 -0.00844912 -0.00777463 -0.00721314 -0.00674691 -0.00634422 -0.00598964 -0.0057047 -0.00544417 -0.00520819 -0.00499787 -0.00482139 -0.0046518 -0.00448306 -0.00435307 -0.00422525 -0.00409868 -0.00398905 -0.00389874 -0.00380458 -0.00370944 -0.00364651 -0.00356692 -0.00348461 -0.0034307 -0.00337015 -0.00330112 -0.00324011 -0.00320309 -0.00316069 -0.00311368 -0.0030784 -0.00302738 -0.00300443 -0.00298747 -0.00293061 -0.00290178 -0.00288073 -0.00284726 -0.00284202 -0.00282628 -0.00280092 -0.00278703 -0.00276286 -0.00274712 -0.00274173 -0.00273086 -0.00272627 -0.00272155 -0.00271172 -0.00270727 
0 5.81353e-05 8.28774e-05 0.000129138 0.00017872 0.000198232 0.000248368 0.000314482 0.000345123 0.000392568 0.000450904 0.000477863 0.000524913 0.000587856 0.000629848 0.000678432 0.000735928 0.000796769 0.000852089 0.000901592 0.000969665 0.00102912 0.00108851 0.00115847 0.00121756 0.00130846 0.00138771 0.00144841 0.00155747 0.00164327 0.00172304 0.00183444 0.00193544 0.00204626 0.00215701 0.00229807 0.0024402 0.00256721 0.00275363 0.00292899 0.00310866 0.00332534 0.00356284 0.0038312 0.00410108 0.0044533 0.00485254 0.00529049 0.00583136 0.00647305 0.00725936 0.00815904 0.00926393 0.0105951 0.0121477 0.0139611 0.0160263 0.0183902 0.0209514 0.0236852 0.0264859 0.0292454 0.0318001 0.0339299 0.0354734 0.036176 0.0358888 0.034389 0.0316014 0.0274338 0.0219316 0.0152063 0.00746323 -0.00099482 -0.00986603 -0.0187266 -0.0272115 -0.0348613 -0.0413889 -0.0464932 -0.050076 -0.0520232 -0.052391 -0.0512523 -0.0488361 -0.0453977 -0.041253 -0.0366923 -0.0319703 -0.0273136 -0.022881 -0.0188276 -0.0152152 -0.0121143 -0.00948553 -0.00732421 -0.00552559 -0.00405296 -0.00278125 -0.00167119 -0.000595956 0.000481715 0.00168897 0.00306467 0.00473645 0.00674348 0.00920033 0.0121222 0.0155689 0.0194874 0.0238417 0.0284936 0.0333114 0.0380842 0.0425843 0.0465273 0.0496031 0.0515266 0.052037 0.0510047 0.0483299 0.0440701 0.0382741 0.0311826 0.023031 0.0142466 0.00518121 -0.00372096 -0.0121406 -0.0197252 -0.0262338 -0.0314805 -0.0353699 -0.0379197 -0.0391636 -0.0392807 -0.0383982 -0.0367623 -0.0345209 -0.0319174 -0.0291231 -0.0262967 -0.0235503 -0.0209428 -0.0185971 -0.0164968 -0.0146733 -0.0130731 -0.0117315 -0.0106205 -0.009664 -0.00886853 -0.00819422 -0.00766011 -0.00717383 -0.00675402 -0.00641984 -0.00611313 -0.0058443 -0.00559034 -0.00539836 -0.00520789 -0.00501405 -0.00487679 -0.00473017 -0.0045937 -0.00446702 -0.00435886 -0.00425713 -0.00413567 -0.00406291 -0.00397847 -0.00387922 -0.00382387 -0.00375518 -0.00369078 -0.0036333 -0.00357134 -0.00352823 -0.00347513 -0.00342494 -0.00338003 -0.00333928 -0.00331567 -0.0032676 -0.00323556 -0.00323355 -0.00318713 -0.00315215 -0.00315033 -0.00311102 -0.00308767 -0.00309642 -0.00306915 -0.00304876 -0.00305484 -0.00303232 -0.00301799 -0.00302963 -0.0030151 
0 3.71615e-05 0.000104297 0.000142763 0.000179633 0.000246011 0.000285808 0.00032255 0.000390387 0.000437638 0.000477863 0.000543011 0.000593375 0.000636817 0.000698996 0.000764741 0.00082295 0.000861697 0.000926381 0.00102344 0.00107413 0.00112679 0.0012126 0.00128477 0.0013702 0.00144407 0.00152203 0.00162553 0.00171108 0.00181805 0.00191729 0.00202541 0.00216241 0.00226583 0.0024104 0.00256074 0.00270258 0.00287705 0.0030502 0.00326415 0.00346223 0.00370178 0.00399065 0.00426854 0.0046164 0.00500348 0.00547556 0.00599441 0.0066118 0.00739209 0.00827655 0.00935119 0.0106122 0.0121516 0.0139207 0.0159387 0.0182573 0.0208182 0.0236019 0.0264524 0.0293613 0.032137 0.0346281 0.0365993 0.0378666 0.0382685 0.0375695 0.0356582 0.0323707 0.0277644 0.0218184 0.0147185 0.00661123 -0.00217608 -0.0113282 -0.0204562 -0.0291618 -0.0370817 -0.0438447 -0.0492399 -0.0530449 -0.0552438 -0.0557711 -0.0547937 -0.052425 -0.0490023 -0.0447561 -0.0400556 -0.0351042 -0.0301915 -0.0254483 -0.0210751 -0.0171286 -0.0137083 -0.0107823 -0.0083516 -0.00631932 -0.00463275 -0.00317572 -0.00188277 -0.000639998 0.000618561 0.00200616 0.00358991 0.00548632 0.00775576 0.0105021 0.0137428 0.0175253 0.0217756 0.026454 0.0313853 0.0364546 0.0413972 0.0460246 0.049982 0.0530318 0.0548152 0.0551793 0.0539081 0.0510202 0.0464752 0.040451 0.0330966 0.0247502 0.0157299 0.00643542 -0.00275652 -0.0114919 -0.0194207 -0.0263357 -0.0320111 -0.036409 -0.0394129 -0.0411313 -0.0416203 -0.0411082 -0.0397231 -0.0376575 -0.0351189 -0.0323001 -0.0294107 -0.0264917 -0.0237138 -0.0211147 -0.018809 -0.0167406 -0.0149199 -0.0133789 -0.0120666 -0.0109795 -0.0100166 -0.00925058 -0.00860223 -0.00804404 -0.0075689 -0.00715556 -0.00683189 -0.00650015 -0.00623307 -0.00599894 -0.00577511 -0.00558255 -0.00538943 -0.0052462 -0.00508189 -0.00493874 -0.00482789 -0.00469423 -0.00459386 -0.00448599 -0.00439458 -0.00431575 -0.00421858 -0.00414975 -0.00407324 -0.0040145 -0.00396058 -0.00387151 -0.00382721 -0.00379948 -0.00374304 -0.00368734 -0.00364144 -0.00362311 -0.00359072 -0.00353699 -0.00352077 -0.00349581 -0.00344976 -0.00344382 -0.00343213 -0.00339433 -0.00338838 -0.00338009 -0.00334933 -0.00334857 -0.00334653 -0.00332442 -0.00333051 
0 4.71345e-05 9.46434e-05 0.000152645 0.000209939 0.000265336 0.000323457 0.000367771 0.000414901 0.000472596 0.000524913 0.000593375 0.000656667 0.000706882 0.000777455 0.000827632 0.000885255 0.000978858 0.00103456 0.00108828 0.00116993 0.00125406 0.00134363 0.00141344 0.00150024 0.00159383 0.00167982 0.00179207 0.00187909 0.00199042 0.00212126 0.00222963 0.00237421 0.00250754 0.00266123 0.00282575 0.00298358 0.0031869 0.00337404 0.00360133 0.00384388 0.00410619 0.00442709 0.00474914 0.00515405 0.00560235 0.00613344 0.00675432 0.00747454 0.00837736 0.00940345 0.0106489 0.0121091 0.013845 0.0158417 0.0180809 0.0206265 0.0233789 0.0263153 0.0292667 0.0321967 0.0349223 0.0372492 0.0389755 0.0398969 0.0399039 0.0387528 0.0363645 0.0326003 0.0275515 0.0212365 0.0138175 0.00546071 -0.00354499 -0.0128466 -0.0221068 -0.0309218 -0.0389927 -0.0459318 -0.0515421 -0.0555674 -0.0579884 -0.058726 -0.0579297 -0.0557018 -0.0523446 -0.0480961 -0.0433007 -0.0381978 -0.0330577 -0.0280579 -0.0233774 -0.0191259 -0.0153807 -0.0121637 -0.00944496 -0.00717191 -0.00524868 -0.00359496 -0.00209674 -0.000674185 0.000787645 0.002368 0.00418296 0.00631396 0.00886624 0.011901 0.015469 0.0195642 0.0241362 0.0290901 0.0342732 0.0395205 0.0445876 0.0492436 0.0531587 0.05608 0.0576883 0.0578388 0.0563419 0.0532249 0.0484572 0.0422459 0.0347394 0.0262961 0.0171788 0.00778513 -0.00156726 -0.0104931 -0.0186852 -0.0259152 -0.0319966 -0.0368551 -0.0403556 -0.0425677 -0.0435185 -0.0434321 -0.0423888 -0.0405914 -0.0382034 -0.0354548 -0.0325353 -0.0295246 -0.026594 -0.0237935 -0.0212676 -0.0189623 -0.0169295 -0.0151652 -0.013655 -0.0123908 -0.0112832 -0.0103891 -0.00961521 -0.00897706 -0.00842614 -0.00794843 -0.00756219 -0.0071921 -0.00689631 -0.00661039 -0.00636501 -0.0061512 -0.00593216 -0.00576242 -0.00558334 -0.00543629 -0.00529222 -0.00515325 -0.00505387 -0.00492361 -0.00482299 -0.00473173 -0.00463219 -0.00455683 -0.00446369 -0.00438803 -0.00432299 -0.00426701 -0.00421396 -0.00413009 -0.00409197 -0.00406572 -0.00400144 -0.00396072 -0.00391737 -0.00387167 -0.00385139 -0.00382456 -0.00379774 -0.00377431 -0.00374482 -0.00372101 -0.00370467 -0.00369111 -0.0036765 -0.00366687 -0.00365839 -0.00364635 -0.0036437 
0 7.51877e-05 0.000108194 0.000174698 0.000234873 0.000263133 0.000336926 0.000408128 0.000457305 0.000534854 0.000587856 0.000636817 0.000706882 0.000759993 0.000846891 0.000917529 0.000960516 0.00106828 0.00113726 0.00118789 0.00130217 0.00136884 0.00144174 0.00154828 0.0016317 0.00174239 0.00184343 0.00195495 0.00207546 0.00217962 0.00233109 0.00244979 0.00258022 0.00276074 0.00290447 0.00308643 0.00328134 0.00349191 0.00372431 0.00395443 0.0042552 0.00454854 0.00488375 0.00528512 0.00572198 0.00625326 0.00684201 0.00757457 0.00842819 0.00943566 0.0106538 0.0120654 0.0137592 0.0156884 0.0179137 0.020394 0.0231214 0.0260579 0.0290674 0.0320953 0.0349539 0.0375485 0.0396191 0.0410074 0.0415312 0.0410444 0.0394193 0.0364963 0.0322987 0.0268147 0.0202072 0.0125321 0.00403348 -0.0050678 -0.0144043 -0.0236576 -0.0324953 -0.0405915 -0.0476617 -0.0533987 -0.057651 -0.0602563 -0.061259 -0.0606563 -0.0586596 -0.0554138 -0.0512581 -0.0464164 -0.0412354 -0.035905 -0.0306968 -0.0257333 -0.0211989 -0.0171369 -0.0136255 -0.0106133 -0.00807973 -0.00590947 -0.00403359 -0.00232005 -0.000691055 0.000984041 0.00278386 0.00484073 0.00722938 0.0100715 0.0134039 0.0172932 0.0216857 0.0265558 0.0317431 0.0371401 0.0424972 0.0476372 0.0522284 0.056046 0.0587418 0.0601466 0.060015 0.0583125 0.0549435 0.0500271 0.0436585 0.0361181 0.0276512 0.018577 0.00919239 -0.000181045 -0.0091829 -0.0175491 -0.0250067 -0.0314599 -0.0367149 -0.0407407 -0.0434447 -0.0449462 -0.0453201 -0.0447121 -0.0432589 -0.0411187 -0.0385352 -0.0356307 -0.0326156 -0.029555 -0.026624 -0.0238669 -0.0213485 -0.0191052 -0.0171084 -0.0154061 -0.0139193 -0.0126872 -0.0116243 -0.0107238 -0.00998178 -0.00933438 -0.00880243 -0.00831052 -0.00791942 -0.00757119 -0.00723901 -0.00697544 -0.00672132 -0.0065093 -0.00629047 -0.00610809 -0.00595847 -0.00576921 -0.00563766 -0.00550509 -0.00536608 -0.00525806 -0.00513976 -0.00505141 -0.0049503 -0.00486952 -0.00480531 -0.0046968 -0.00464975 -0.00459324 -0.00449474 -0.00446138 -0.0044061 -0.00433887 -0.00430824 -0.00426573 -0.00423926 -0.00419601 -0.00414544 -0.00413361 -0.00409326 -0.00406193 -0.00406504 -0.00402909 -0.00400459 -0.004009 -0.00398369 -0.00396921 -0.0039773 -0.00395961 
0 4.93837e-05 0.000129079 0.00018356 0.00023963 0.000319596 0.000374768 0.000428072 0.000499344 0.000564274 0.000629848 0.000698996 0.000777455 0.000846891 0.000899837 0.000992101 0.00107889 0.0011272 0.00121565 0.00131649 0.00140549 0.00149247 0.0015681 0.00169088 0.00179969 0.00187705 0.00200822 0.00212496 0.00224157 0.00238499 0.00252135 0.00267591 0.00282516 0.00300906 0.00319222 0.00336356 0.00359929 0.00382165 0.00406193 0.00434171 0.00465392 0.00500512 0.00536993 0.00583888 0.00635761 0.00694406 0.00765249 0.00848768 0.00949139 0.0106355 0.0120282 0.0136581 0.0155422 0.0176996 0.0201245 0.0228362 0.0257238 0.0287719 0.031841 0.0348413 0.0375956 0.0399358 0.0416952 0.0426627 0.0427272 0.0417063 0.039545 0.0361182 0.0314723 0.0256407 0.0187564 0.0109395 0.00236651 -0.00669381 -0.0159659 -0.0251034 -0.0338643 -0.0419148 -0.0490234 -0.0548647 -0.0592847 -0.0621104 -0.0633591 -0.0630322 -0.0612806 -0.0582546 -0.0542203 -0.0494375 -0.0442004 -0.0387646 -0.0333569 -0.0281721 -0.0233492 -0.0190062 -0.0151777 -0.0118848 -0.00905724 -0.00664051 -0.00450661 -0.0025749 -0.000704264 0.00118739 0.00324224 0.00554238 0.00822251 0.0113458 0.0149997 0.0191798 0.023876 0.0289873 0.0343984 0.0399281 0.0453714 0.0504806 0.0549744 0.0585827 0.0610314 0.0621407 0.061737 0.0597783 0.0562099 0.0511533 0.0447216 0.0372088 0.0288264 0.0198959 0.0106344 0.00137958 -0.00760356 -0.0160141 -0.0236591 -0.0303775 -0.0360234 -0.0405134 -0.0437603 -0.0458299 -0.0467364 -0.0466328 -0.0455961 -0.0438289 -0.0414693 -0.0387055 -0.0357129 -0.0326219 -0.029582 -0.0266339 -0.0239189 -0.0214409 -0.0192431 -0.0172913 -0.0156031 -0.0141898 -0.0129591 -0.0119249 -0.0110386 -0.0103227 -0.00969077 -0.00913393 -0.00868971 -0.00828461 -0.00793212 -0.0076018 -0.00733718 -0.00708851 -0.00683392 -0.00664499 -0.00645017 -0.00627214 -0.00611145 -0.00596535 -0.00583675 -0.00569302 -0.00559571 -0.00548178 -0.00535491 -0.00528431 -0.00519388 -0.00509908 -0.00501461 -0.00494496 -0.00490487 -0.0048252 -0.00475209 -0.00471926 -0.00466886 -0.00461596 -0.00456586 -0.00453017 -0.00450212 -0.00445154 -0.0044335 -0.00441998 -0.00436854 -0.00436069 -0.00435477 -0.00430788 -0.00430953 -0.00430941 -0.0042722 -0.00428695 
0 5.93544e-05 0.000133775 0.000196046 0.000261705 0.000343056 0.000403973 0.000469649 0.000546553 0.000600275 0.000678432 0.000764741 0.000827632 0.000917529 0.000992101 0.00105812 0.00115461 0.00123446 0.00133554 0.00142305 0.00148759 0.00161836 0.00172498 0.00181826 0.00193924 0.00203901 0.00218343 0.00230814 0.00242708 0.00259439 0.00273022 0.0029023 0.00307561 0.00325554 0.0034715 0.00366158 0.00391839 0.00416896 0.00443109 0.00476028 0.00509378 0.00549341 0.0059148 0.00643803 0.0070409 0.00770125 0.00853346 0.0094922 0.0106443 0.0119642 0.0135437 0.0154045 0.0174909 0.0198764 0.0225072 0.0254095 0.0284311 0.031529 0.0346026 0.0374921 0.0400518 0.0420527 0.0434094 0.0438965 0.0434284 0.0418428 0.039113 0.0352047 0.0301398 0.0240202 0.0169238 0.00904701 0.000505762 -0.00840963 -0.0175004 -0.0264372 -0.0350215 -0.0429587 -0.0500214 -0.0559274 -0.0604739 -0.0635275 -0.0650283 -0.0650194 -0.0635529 -0.0608111 -0.0569583 -0.0523018 -0.0470668 -0.0415779 -0.0360158 -0.0306421 -0.0255589 -0.0209451 -0.0168082 -0.0132234 -0.0100954 -0.00740897 -0.00500494 -0.00282847 -0.000703246 0.00143215 0.00375504 0.00632392 0.00930455 0.0127246 0.0166952 0.0211616 0.0261367 0.0314616 0.0370534 0.042667 0.0481381 0.05315 0.0574817 0.0608127 0.0629655 0.0637291 0.063034 0.0607986 0.0570553 0.0518843 0.0454622 0.0380347 0.0298278 0.0211142 0.0120856 0.00304769 -0.00580368 -0.0141707 -0.0219242 -0.0288391 -0.0348259 -0.0397366 -0.0435302 -0.0461753 -0.0476684 -0.0481109 -0.0475704 -0.0462469 -0.0442039 -0.0416659 -0.038766 -0.0357147 -0.032609 -0.0295315 -0.0266351 -0.0239451 -0.0215443 -0.0193535 -0.0174614 -0.0158383 -0.0144381 -0.013247 -0.0122124 -0.01139 -0.0106474 -0.0100215 -0.00949399 -0.00902962 -0.00863993 -0.00825723 -0.00796565 -0.00767828 -0.00741226 -0.00719832 -0.00697122 -0.00679544 -0.00660558 -0.00644636 -0.0063083 -0.00614256 -0.00603415 -0.00590849 -0.00579362 -0.00569245 -0.00557133 -0.00551407 -0.00542844 -0.00532555 -0.00526602 -0.00519225 -0.00514495 -0.00508481 -0.00500789 -0.00497126 -0.00491654 -0.00487466 -0.00485264 -0.00480274 -0.00477195 -0.00474423 -0.00470723 -0.00469315 -0.00467303 -0.00465064 -0.00463955 -0.00462497 -0.00461356 -0.00460817 
0 8.49176e-05 0.000137796 0.000220542 0.00029051 0.00034642 0.000429387 0.00050402 0.000588303 0.000669808 0.000735928 0.00082295 0.000885255 0.000960516 0.00107889 0.00115461 0.0012373 0.00134257 0.00142705 0.00153444 0.00163061 0.00173376 0.00185865 0.00194794 0.00208108 0.00223019 0.00234113 0.00249237 0.00264386 0.00279497 0.00296546 0.00313269 0.00333154 0.00352559 0.00374248 0.00399306 0.00423802 0.00453011 0.00483928 0.00518533 0.00558133 0.00600654 0.00651914 0.00709646 0.00777483 0.00856534 0.00949605 0.0106227 0.0119138 0.0134439 0.0152293 0.0172943 0.0196209 0.0221941 0.0250461 0.0280681 0.0311907 0.0342858 0.0372778 0.0399975 0.0422401 0.0438643 0.0447114 0.0446889 0.0436189 0.0414585 0.0381637 0.0337897 0.0283726 0.0219943 0.0147916 0.0068995 -0.00147872 -0.0101894 -0.0189771 -0.0276603 -0.0359762 -0.0437438 -0.0506936 -0.0566144 -0.061271 -0.0645327 -0.0663201 -0.0666304 -0.0655174 -0.0630771 -0.0594988 -0.0549935 -0.0498563 -0.0443293 -0.0386945 -0.0331308 -0.0278502 -0.0229457 -0.0185413 -0.0146262 -0.01122 -0.00821422 -0.00555355 -0.00307955 -0.000711237 0.00172081 0.0042994 0.00718774 0.0104494 0.0142069 0.0184573 0.0232321 0.0284264 0.0339677 0.0396598 0.0453427 0.0507445 0.0556322 0.0597031 0.0627356 0.0645148 0.0649285 0.0638945 0.0613976 0.0574785 0.0522402 0.0458809 0.0385993 0.0306495 0.0222085 0.0135247 0.00476701 -0.00381821 -0.0120868 -0.0198266 -0.0268989 -0.0331345 -0.0384394 -0.0427402 -0.0459579 -0.0480762 -0.0490904 -0.0491394 -0.0482925 -0.0466919 -0.0444402 -0.0417487 -0.0387911 -0.0356823 -0.0325503 -0.0294875 -0.0266389 -0.0239999 -0.0216146 -0.0194921 -0.017647 -0.0160657 -0.0146817 -0.0135228 -0.0125281 -0.0116916 -0.0109739 -0.0103502 -0.00983244 -0.00936411 -0.00897083 -0.00861156 -0.00829275 -0.00802545 -0.00775677 -0.0075306 -0.00731939 -0.00712125 -0.00694305 -0.00676676 -0.00662932 -0.00647223 -0.00633144 -0.00623939 -0.00611066 -0.00600159 -0.00591424 -0.00581649 -0.00573926 -0.00564794 -0.00557585 -0.00551104 -0.00542427 -0.00538423 -0.00534148 -0.00528104 -0.00523851 -0.00518031 -0.00515226 -0.00512174 -0.00506773 -0.00506766 -0.00503003 -0.00497972 -0.00500619 -0.00497263 -0.00493969 -0.0049752 -0.00493073 
0 8.38233e-05 0.000140015 0.000233121 0.000317011 0.000375984 0.000475027 0.000551381 0.000604447 0.00071078 0.000796769 0.000861697 0.000978858 0.00106828 0.0011272 0.00123446 0.00134257 0.00142823 0.00152581 0.00164333 0.00176665 0.00187276 0.00198741 0.0021157 0.00224985 0.00239197 0.00251402 0.00267046 0.0028527 0.00300423 0.00318989 0.00339557 0.00359932 0.00381747 0.00405628 0.00432932 0.00459313 0.00490489 0.00526509 0.00563764 0.00607789 0.00657478 0.00716109 0.00782146 0.00859535 0.00952667 0.0105958 0.0118735 0.0133511 0.0150889 0.0170889 0.0193556 0.0219011 0.0246722 0.0276792 0.0307931 0.0339418 0.0369851 0.0398142 0.0422655 0.0441275 0.0452877 0.0455929 0.0449847 0.0433062 0.0405543 0.036731 0.0319276 0.0262065 0.0196444 0.0123953 0.00459023 -0.00356476 -0.0119669 -0.0204025 -0.0287443 -0.0367511 -0.0442749 -0.0510712 -0.0569568 -0.0617038 -0.0651673 -0.0672464 -0.0679027 -0.0671631 -0.0650787 -0.0618105 -0.057531 -0.0525301 -0.0470375 -0.0413546 -0.0356593 -0.0301874 -0.025033 -0.0203469 -0.0161223 -0.0124059 -0.00908747 -0.00612881 -0.00335887 -0.000703932 0.00202361 0.00490008 0.00810265 0.0116797 0.0157563 0.0203035 0.0253483 0.030758 0.0364579 0.0422273 0.0479054 0.0531986 0.0578823 0.061653 0.0643248 0.065708 0.0657367 0.0643567 0.0615935 0.0575147 0.0522481 0.0459921 0.0389253 0.0312758 0.023191 0.0149003 0.0065247 -0.00173376 -0.00979207 -0.0174505 -0.0245849 -0.0310124 -0.0366511 -0.0414088 -0.0451845 -0.0479173 -0.0495627 -0.050227 -0.0499424 -0.0488395 -0.0469879 -0.0445932 -0.0418071 -0.0387752 -0.0356359 -0.0324884 -0.0294822 -0.0266398 -0.0240512 -0.0217056 -0.0196324 -0.0178283 -0.0162639 -0.0149399 -0.0137813 -0.0128204 -0.0120012 -0.0112952 -0.0106868 -0.0101603 -0.00972487 -0.00930493 -0.0089477 -0.00864265 -0.0083486 -0.00808566 -0.00784943 -0.00765061 -0.00743912 -0.00725551 -0.00711517 -0.00694716 -0.00679766 -0.00667102 -0.00654929 -0.00643537 -0.00631377 -0.00621185 -0.00612768 -0.00605081 -0.00596339 -0.00587516 -0.00583448 -0.00577087 -0.00567738 -0.00564343 -0.00560068 -0.00552865 -0.00550304 -0.00547089 -0.00541859 -0.00540135 -0.00538012 -0.00534455 -0.00532664 -0.00530442 -0.00528339 -0.00527912 -0.00527333 
