0 0 0 0 0 0 0 0 0 0 0 0 0 0 0 0 0 0 0 0 0 0 0 0 0 0 0 0 0 0 0 0 0 0 0 0 0 0 0 0 0 0 0 0 0 0 0 0 0 0 0 0 0 0 0 0 0 0 0 0 0 0 0 0 0 0 0 0 0 0 0 0 0 0 0 0 0 0 0 0 0 0 0 0 0 0 0 0 0 0 0 0 0 0 0 0 0 0 0 0 0 0 0 0 0 0 0 0 0 0 0 0 0 0 0 0 0 0 0 0 0 0 0 0 0 0 0 0 0 0 0 0 0 0 0 0 0 0 0 0 0 0 0 0 0 0 0 0 0 0 0 0 0 0 0 0 0 0 0 0 0 0 0 0 0 0 0 0 0 0 0 0 0 0 0 0 0 0 0 0 0 0 0 0 0 0 0 0 0 0 0 0 0 0 0 0 0 0 0 0 
0 1.55982e-05 6.2376e-06 1.43683e-05 4.35989e-05 4.64376e-05 4.69448e-05 6.39886e-05 6.15325e-05 6.10623e-05 8.05336e-05 0.000105462 0.000121525 0.000101056 0.000109257 0.000154054 0.000139245 0.000143142 0.000179128 0.00016982 0.000202679 0.000226504 0.00020873 0.000247754 0.000260175 0.000263753 0.000296335 0.000306358 0.000347777 0.00036227 0.000384373 0.000445796 0.00044772 0.000492057 0.00054763 0.00058208 0.000650353 0.000704635 0.000815075 0.000914845 0.00102238 0.00120671 0.0013857 0.00162016 0.00187321 0.0021919 0.00256723 0.0029293 0.00335084 0.00375987 0.00417246 0.00450146 0.00472307 0.00484729 0.00477936 0.00452966 0.00401299 0.00330115 0.00238347 0.00128878 6.27433e-05 -0.00125831 -0.00253472 -0.00374642 -0.00478381 -0.00566092 -0.00629678 -0.00668432 -0.00680566 -0.00667925 -0.00637491 -0.00590823 -0.00536466 -0.00472901 -0.004087 -0.00342535 -0.0028256 -0.00227436 -0.00181655 -0.00142898 -0.00111762 -0.000866598 -0.000662217 -0.000508283 -0.000379801 -0.000296267 -0.000222299 -0.000186831 -0.00014734 -0.000139321 -0.000117534 -0.000122073 -0.000107653 -0.000116744 -0.000104934 -0.000115264 -0.000104344 -0.000114849 -0.000104268 -0.000114725 -0.000104264 -0.000114706 -0.000104212 -0.000114707 -0.000104001 -0.000114469 -0.000103157 -0.000112926 -9.97627e-05 -0.00010641 -8.76868e-05 -8.47602e-05 -5.17057e-05 -2.61108e-05 3.67601e-05 0.000104652 0.000217089 0.00034926 0.000531751 0.000752791 0.00103344 0.00138151 0.00180318 0.00231829 0.00289822 0.00355544 0.00421869 0.00489791 0.00550845 0.0060691 0.00649228 0.00677264 0.00682068 0.006617 0.00614391 0.00541189 0.00448071 0.00334148 0.00208649 0.000723207 -0.000600072 -0.00184772 -0.00293541 -0.00384929 -0.00457067 -0.00503118 -0.00528278 -0.00530203 -0.00519997 -0.00494686 -0.00458986 -0.00418142 -0.00374359 -0.00335159 -0.00292919 -0.00256445 -0.00224367 -0.00197183 -0.00174907 -0.0015229 -0.0013888 -0.00125667 -0.00114054 -0.00105568 -0.000971002 -0.000933621 -0.000852226 -0.000806411 -0.000789126 -0.000728095 -0.000711094 -0.000681771 -0.00066297 -0.000648546 -0.000607646 -0.000619338 -0.000590231 -0.000553677 -0.000567836 -0.000533932 -0.000527395 -0.000534441 -0.000496474 -0.000503781 -0.000514204 -0.000492712 -0.00047265 -0.000455061 -0.00047529 -0.000477695 -0.0004431 -0.000457356 -0.000463415 -0.000433446 -0.000445787 -0.000454515 -0.000428146 -0.000431392 -0.000448611 -0.000433603 
0 6.2376e-06 5.09286e-05 5.19745e-05 5.12396e-05 8.403e-05 9.19497e-05 0.000109757 0.000145493 0.000160119 0.000172642 0.000176294 0.000189139 0.00023469 0.000259033 0.000262076 0.000285614 0.000323918 0.000349778 0.000354972 0.000381588 0.000422978 0.000441802 0.000476233 0.000526121 0.000555387 0.000587961 0.000642697 0.000686159 0.000716391 0.000781035 0.000851278 0.000905716 0.000985167 0.00108686 0.00119749 0.00130235 0.00144933 0.00164488 0.0018362 0.0020848 0.00240375 0.00279429 0.00324344 0.00376123 0.00441456 0.00512849 0.00589807 0.00670631 0.0075359 0.00833578 0.00896681 0.00942338 0.009613 0.00948909 0.00894205 0.00792671 0.00650002 0.00466013 0.00250455 4.68988e-05 -0.00252604 -0.00508115 -0.00744978 -0.0095244 -0.0112479 -0.0125017 -0.0132796 -0.0135046 -0.0132904 -0.0126642 -0.0117766 -0.0106693 -0.00943872 -0.00814454 -0.00685194 -0.00565302 -0.00456136 -0.00365265 -0.00286875 -0.00226102 -0.00173861 -0.00135355 -0.00101914 -0.000790957 -0.000593944 -0.000476074 -0.000374382 -0.000324662 -0.000279287 -0.000263105 -0.000245442 -0.000241558 -0.000235819 -0.000234633 -0.000233877 -0.00023231 -0.000233799 -0.000231428 -0.000233938 -0.000231166 -0.000233895 -0.000231302 -0.000233483 -0.000231554 -0.000232139 -0.000230787 -0.000227624 -0.000224765 -0.000212376 -0.000200576 -0.000165802 -0.00012705 -4.42511e-05 5.3289e-05 0.000221715 0.000419178 0.000714967 0.00105666 0.00152674 0.00207289 0.00278888 0.00362531 0.0046581 0.00581628 0.00711135 0.00844469 0.00976915 0.0110081 0.0120848 0.0129476 0.0134591 0.0135694 0.0131382 0.0122099 0.0107562 0.00889565 0.00665419 0.00413977 0.00148049 -0.00117047 -0.00361421 -0.00579812 -0.00760343 -0.00902772 -0.00996787 -0.010452 -0.0105442 -0.0103141 -0.00984742 -0.00914346 -0.00834496 -0.00750701 -0.00669429 -0.00590466 -0.00515658 -0.00453425 -0.00398749 -0.00351612 -0.00310314 -0.00277909 -0.00252994 -0.00228648 -0.00209876 -0.00195869 -0.00183881 -0.00172375 -0.00162803 -0.00157168 -0.00149648 -0.00142118 -0.00137882 -0.00133086 -0.00127205 -0.00123238 -0.00120774 -0.00116686 -0.00113633 -0.00112657 -0.00109627 -0.00105918 -0.001046 -0.00103847 -0.00100268 -0.000969239 -0.000973993 -0.000971617 -0.00095812 -0.000942722 -0.000913233 -0.000919012 -0.000921429 -0.000884956 -0.00089715 -0.000903039 -0.000863996 -0.000885534 -0.000895035 -0.000854565 -0.000876636 
0 1.43683e-05 5.19745e-05 7.41096e-05 9.44597e-05 0.000129258 0.000148948 0.000169112 0.000200164 0.000223015 0.000253187 0.000287488 0.000310709 0.000341219 0.000373855 0.000399971 0.000435377 0.000473456 0.000507926 0.000546476 0.000589413 0.000635611 0.000676023 0.000720017 0.000779074 0.000828443 0.000881544 0.00095805 0.00102511 0.00109476 0.00118733 0.00128212 0.0013811 0.00149449 0.00163721 0.00179703 0.00196767 0.00219633 0.0024731 0.00278886 0.00317803 0.00366109 0.0042515 0.00493026 0.00573286 0.00668455 0.00774344 0.00888604 0.0100773 0.0112914 0.0124243 0.0133512 0.0139907 0.0142412 0.014008 0.0131599 0.0116561 0.00951716 0.00679712 0.00358066 -2.95402e-05 -0.00382205 -0.00758149 -0.011078 -0.0141586 -0.0166908 -0.0185607 -0.0196965 -0.0200694 -0.0197613 -0.0188743 -0.0175645 -0.0159376 -0.0141184 -0.0122004 -0.0102977 -0.00850562 -0.00689633 -0.00551485 -0.00435594 -0.00341448 -0.00264611 -0.00204052 -0.00155474 -0.00118911 -0.000906783 -0.000711107 -0.000567733 -0.000479528 -0.000417124 -0.000384853 -0.000361063 -0.000352154 -0.000343569 -0.000342409 -0.000338978 -0.000339769 -0.000337971 -0.00033906 -0.000337785 -0.00033888 -0.000337707 -0.000338835 -0.000337412 -0.00033845 -0.000335988 -0.000335879 -0.000329839 -0.000324381 -0.000307046 -0.000283903 -0.000235928 -0.000167235 -5.08476e-05 0.000110959 0.000351157 0.000666931 0.00109404 0.00163063 0.00231835 0.00316544 0.00422098 0.00549643 0.00701609 0.00875079 0.0106511 0.0126288 0.0145795 0.016407 0.0179941 0.0192379 0.0199813 0.0201018 0.0194751 0.018086 0.015963 0.0132002 0.00990131 0.00619823 0.00229323 -0.00159362 -0.00522057 -0.00844618 -0.011148 -0.0132507 -0.0146847 -0.0154492 -0.0156375 -0.0153413 -0.0146657 -0.0136801 -0.0125178 -0.0112964 -0.0100785 -0.0089074 -0.00781234 -0.00685922 -0.00603612 -0.00531939 -0.00471448 -0.00421902 -0.00382321 -0.00347697 -0.00319003 -0.00296952 -0.00277539 -0.00260537 -0.00246156 -0.00234758 -0.00224277 -0.00213905 -0.00206591 -0.00199728 -0.00192237 -0.00186766 -0.00181679 -0.00176235 -0.00171449 -0.00167405 -0.00163815 -0.00159787 -0.00156607 -0.00154445 -0.00151339 -0.00148887 -0.00147079 -0.00144126 -0.00142303 -0.00141025 -0.00138765 -0.00138014 -0.00137017 -0.00134776 -0.00134648 -0.00134028 -0.00132045 -0.00132469 -0.00131975 -0.00130022 -0.00131261 
0 4.35989e-05 5.12396e-05 9.44597e-05 0.000140684 0.000160142 0.0002023 0.000237873 0.000260296 0.000297013 0.000331637 0.000385954 0.000434873 0.000443683 0.000485625 0.000553048 0.000587428 0.000624224 0.000676195 0.000734185 0.000794814 0.000843281 0.000904395 0.000975058 0.00103368 0.00110935 0.00119513 0.00127236 0.0013709 0.00148045 0.00158733 0.00171728 0.00185788 0.00201777 0.00220525 0.00241144 0.0026745 0.00297635 0.00333708 0.00379004 0.00431878 0.00497927 0.00575794 0.00668378 0.00778028 0.00901519 0.0104204 0.0119138 0.0134804 0.015033 0.0164476 0.0176319 0.0183964 0.0186678 0.01826 0.0170904 0.015091 0.0122518 0.00868401 0.00444026 -0.00023718 -0.00517639 -0.0100443 -0.0146086 -0.0186331 -0.0219242 -0.0243785 -0.0258488 -0.026394 -0.0260102 -0.0249165 -0.0232088 -0.0211099 -0.0187273 -0.0162278 -0.0137449 -0.011386 -0.0092787 -0.00742424 -0.00589824 -0.00460739 -0.00360062 -0.00275626 -0.00213009 -0.00160921 -0.00125314 -0.000962338 -0.000787731 -0.000645459 -0.000575457 -0.000514382 -0.000492986 -0.000469233 -0.000465202 -0.000456539 -0.000456626 -0.000453843 -0.000453946 -0.000453555 -0.000453084 -0.000453541 -0.000452952 -0.000453178 -0.000453026 -0.000451713 -0.000451877 -0.000446338 -0.000444101 -0.000427222 -0.000412527 -0.000366226 -0.000313231 -0.000199382 -5.81641e-05 0.000185819 0.000488148 0.000941609 0.00149066 0.00224314 0.00314267 0.00431217 0.00570326 0.00742829 0.00942052 0.0117159 0.0141926 0.0167777 0.0193264 0.0216967 0.0237668 0.0253328 0.0262786 0.026365 0.0255492 0.0237105 0.0209603 0.0173424 0.0130413 0.00823693 0.00316552 -0.00185613 -0.00661462 -0.0108257 -0.0143985 -0.017158 -0.0190878 -0.0201777 -0.0204973 -0.0201945 -0.0193445 -0.0181418 -0.0166707 -0.0150986 -0.0135108 -0.0119689 -0.0105614 -0.00927345 -0.00816664 -0.0072067 -0.00639483 -0.00572675 -0.00515456 -0.00470219 -0.00431622 -0.00399291 -0.00373154 -0.00350106 -0.00331469 -0.00314351 -0.00299791 -0.00288218 -0.00276285 -0.00266417 -0.00258348 -0.00249677 -0.00242357 -0.00236048 -0.002294 -0.00223457 -0.00218307 -0.00214507 -0.00210244 -0.00204408 -0.00202172 -0.0020093 -0.00195762 -0.00191904 -0.00189778 -0.00188046 -0.0018734 -0.00183519 -0.00181278 -0.00182572 -0.00179006 -0.00176973 -0.00179247 -0.00175817 -0.00174139 -0.00177262 -0.00174358 
0 4.64376e-05 8.403e-05 0.000129258 0.000160142 0.000193678 0.000249905 0.000291374 0.000335692 0.000396368 0.000433486 0.00045643 0.000504631 0.000582798 0.00063698 0.000667141 0.00073918 0.000802918 0.000850314 0.000930863 0.000978748 0.00104294 0.00115119 0.00121479 0.00130166 0.00141144 0.00150362 0.00161448 0.00171973 0.00186232 0.0020047 0.00214055 0.00235299 0.00255467 0.00278338 0.00307586 0.00340394 0.00380981 0.00425817 0.00483969 0.00554546 0.00635367 0.00735657 0.0085252 0.00990749 0.0114477 0.0131505 0.015011 0.0168924 0.0187442 0.0203918 0.0217445 0.0226064 0.022793 0.0221903 0.020643 0.0181475 0.0146359 0.0102332 0.00506442 -0.000632601 -0.00657222 -0.0124799 -0.0179978 -0.0228994 -0.0268931 -0.0298705 -0.031692 -0.0323849 -0.0320075 -0.0307105 -0.0286969 -0.0261377 -0.023266 -0.0202122 -0.0171975 -0.0143072 -0.0117085 -0.00941189 -0.00748728 -0.00587825 -0.00458439 -0.00353964 -0.00272097 -0.00208711 -0.00160627 -0.00126077 -0.00100787 -0.00084766 -0.000729743 -0.000671162 -0.000619624 -0.000607319 -0.000582383 -0.000587677 -0.000571388 -0.000582435 -0.000568411 -0.000581164 -0.000567628 -0.000580846 -0.000567411 -0.000580556 -0.000566953 -0.000579118 -0.000564128 -0.000572366 -0.000551277 -0.000546477 -0.000505098 -0.00046377 -0.000368484 -0.000242246 -3.11956e-05 0.000257639 0.000672738 0.00122346 0.0019483 0.00287811 0.00404373 0.0055036 0.00727396 0.00941758 0.0118933 0.0147108 0.0177308 0.0208868 0.0239684 0.0268598 0.0293234 0.0311974 0.0322489 0.0323105 0.0312584 0.0290233 0.0256729 0.0212705 0.0160595 0.0102314 0.00414023 -0.00194996 -0.00770852 -0.0128776 -0.0172523 -0.0206605 -0.0231014 -0.0245309 -0.0250727 -0.0247868 -0.023867 -0.0224885 -0.020783 -0.0189237 -0.01698 -0.0151329 -0.0133953 -0.0118096 -0.010409 -0.00918647 -0.00818426 -0.00729534 -0.00656394 -0.0059734 -0.00547225 -0.0050647 -0.00469691 -0.00443119 -0.00418981 -0.00395468 -0.00379254 -0.00362698 -0.00348169 -0.00334665 -0.00323044 -0.00314364 -0.00302227 -0.00294972 -0.00289501 -0.0028008 -0.00274913 -0.00269081 -0.00262511 -0.00259099 -0.00253188 -0.00247343 -0.00244467 -0.00243081 -0.0024036 -0.00234537 -0.00232339 -0.00231949 -0.00227678 -0.00225967 -0.00225757 -0.00222693 -0.00221548 -0.00221579 -0.00220472 -0.00219701 -0.00218767 
0 4.69448e-05 9.19497e-05 0.000148948 0.0002023 0.000249905 0.000303654 0.000349925 0.000395757 0.000455981 0.000518532 0.000574019 0.000631301 0.000697106 0.000751726 0.000808378 0.000891903 0.000957502 0.00102306 0.00112271 0.00119553 0.00127633 0.00138827 0.00146831 0.00156877 0.00169573 0.00181084 0.00194465 0.00208859 0.00226155 0.00243859 0.00261609 0.00286458 0.00311704 0.00339227 0.00375358 0.0041678 0.00466397 0.00524018 0.00596358 0.00684774 0.00785026 0.00907153 0.0105066 0.012155 0.0139886 0.0159805 0.0181416 0.0203045 0.0223723 0.0241993 0.0256398 0.0265133 0.0265659 0.0256997 0.0237714 0.0207553 0.0166127 0.0114262 0.00541654 -0.00118578 -0.00802768 -0.0148401 -0.021228 -0.026897 -0.0315457 -0.0349946 -0.0371654 -0.0380252 -0.037691 -0.0362572 -0.0339824 -0.0310402 -0.0277154 -0.0241793 -0.020657 -0.0172872 -0.0142013 -0.0114826 -0.00914683 -0.0072167 -0.0056221 -0.0043653 -0.00334853 -0.00258633 -0.00198248 -0.00156365 -0.00123949 -0.00104081 -0.000886519 -0.000809767 -0.000743313 -0.000722417 -0.000694159 -0.000693913 -0.000679963 -0.00068562 -0.000676562 -0.000683339 -0.000675874 -0.000682727 -0.000675527 -0.00068238 -0.000674303 -0.000680576 -0.00066913 -0.000671494 -0.000649464 -0.000636607 -0.000584715 -0.000527623 -0.000403352 -0.00024399 2.70939e-05 0.000379712 0.000901614 0.00156491 0.00246515 0.00358371 0.00502253 0.00677704 0.00893505 0.0114811 0.0144341 0.0177244 0.0212599 0.0249116 0.0284857 0.0318131 0.0346212 0.0367231 0.0378362 0.0378329 0.0365376 0.0339392 0.0300337 0.0249516 0.01892 0.012216 0.00521563 -0.0018007 -0.00845793 -0.0144984 -0.0196184 -0.0236777 -0.0266263 -0.0284608 -0.0292686 -0.0291013 -0.0281939 -0.0267148 -0.0248564 -0.0227506 -0.0205256 -0.0183766 -0.0163314 -0.0144548 -0.0127556 -0.0112844 -0.0100531 -0.0089661 -0.00806528 -0.00732268 -0.00671017 -0.00619057 -0.00573328 -0.00539166 -0.00507996 -0.00479393 -0.00457684 -0.00437706 -0.00420354 -0.00403987 -0.00390627 -0.00379692 -0.00366119 -0.00356481 -0.00348119 -0.00337295 -0.0033041 -0.0032356 -0.0031572 -0.0031079 -0.0030574 -0.00300376 -0.00295432 -0.0029096 -0.00287274 -0.00282926 -0.00280072 -0.0027828 -0.00274577 -0.002721 -0.00271077 -0.00268842 -0.00267113 -0.0026592 -0.00264332 -0.00263456 -0.00263459 
0 6.39886e-05 0.000109757 0.000169112 0.000237873 0.000291374 0.000349925 0.000417232 0.000476808 0.0005332 0.000592231 0.000675788 0.000760477 0.000799575 0.00086889 0.000979835 0.00104315 0.00111746 0.0012173 0.00129753 0.0014111 0.00151107 0.00160504 0.00174429 0.00185264 0.00198942 0.0021487 0.00228057 0.00247621 0.00266327 0.00286256 0.0031212 0.00337477 0.00370346 0.00405587 0.00447265 0.00500868 0.00558172 0.00631667 0.00718911 0.00822645 0.00947217 0.0108923 0.0126092 0.0145132 0.0166227 0.0189184 0.0213003 0.023718 0.0259208 0.0278593 0.0293076 0.0300688 0.0299444 0.0287237 0.0264069 0.022837 0.0180921 0.0122017 0.0054289 -0.00192716 -0.00958 -0.0171262 -0.0242836 -0.0305859 -0.0358175 -0.0396933 -0.0421848 -0.0432501 -0.0429663 -0.0414903 -0.0389852 -0.0357695 -0.0320285 -0.028101 -0.0241055 -0.0203108 -0.0167639 -0.0136342 -0.0109049 -0.00863113 -0.00675448 -0.00524722 -0.00405847 -0.00312412 -0.00242874 -0.00189128 -0.00152886 -0.00124788 -0.0010899 -0.000955174 -0.000905338 -0.00084094 -0.000839023 -0.000802718 -0.000818527 -0.000791605 -0.00081294 -0.000788708 -0.000811516 -0.000787938 -0.000810971 -0.000787223 -0.000809503 -0.000784073 -0.000802658 -0.000770503 -0.000776014 -0.000722241 -0.000690008 -0.000579003 -0.000456879 -0.000221016 7.87652e-05 0.00054205 0.00114061 0.0019645 0.00301472 0.00436842 0.00606286 0.00814829 0.0106794 0.0136362 0.017044 0.0207725 0.0247905 0.0288612 0.0328879 0.0365441 0.0396574 0.0418781 0.0430321 0.0428946 0.041368 0.0384099 0.0340052 0.0283437 0.0215889 0.014172 0.00636012 -0.00141323 -0.00887644 -0.0156601 -0.0214706 -0.0261624 -0.0296062 -0.0319019 -0.0329922 -0.0330623 -0.0322365 -0.0307556 -0.028825 -0.0265331 -0.0241349 -0.0216973 -0.0193998 -0.0172397 -0.0152584 -0.0135532 -0.0120378 -0.0107723 -0.00966659 -0.0087523 -0.00801517 -0.00734884 -0.00683358 -0.00637838 -0.0059994 -0.00568818 -0.00538497 -0.00516857 -0.00494661 -0.00474922 -0.00460304 -0.0044302 -0.0043088 -0.00418754 -0.00405774 -0.00397467 -0.00386953 -0.00379048 -0.0037225 -0.00362093 -0.00357459 -0.00353377 -0.00345399 -0.00339736 -0.00335565 -0.00332785 -0.00329249 -0.00323344 -0.00321637 -0.00320527 -0.00315231 -0.0031376 -0.00314273 -0.00310267 -0.00308827 -0.00310478 -0.00307821 
0 6.15325e-05 0.000145493 0.000200164 0.000260296 0.000335692 0.000395757 0.000476808 0.000554986 0.000621222 0.000706842 0.000763417 0.000827217 0.000941783 0.0010329 0.00110732 0.00119503 0.00129791 0.00141317 0.00149756 0.00160681 0.00174447 0.00185225 0.00200176 0.00215759 0.00229539 0.00247874 0.0026591 0.00285876 0.00308154 0.00332352 0.00362576 0.00393427 0.00431042 0.00476257 0.00526328 0.00588462 0.00660258 0.00747842 0.00852043 0.0097394 0.0112077 0.0128862 0.0148335 0.0170058 0.0193766 0.0219195 0.0245033 0.0270559 0.0293651 0.0313034 0.0326681 0.033234 0.0328284 0.0312505 0.0284689 0.0243818 0.0190423 0.0125447 0.00512715 -0.00287856 -0.0111751 -0.0193577 -0.0271007 -0.0339611 -0.039659 -0.0439427 -0.0467331 -0.0480167 -0.0478372 -0.0463526 -0.0437271 -0.0402779 -0.0362408 -0.031946 -0.0275735 -0.0233604 -0.0194119 -0.0158653 -0.0127623 -0.0101346 -0.00796592 -0.00620554 -0.00481853 -0.0037227 -0.00290041 -0.00226626 -0.00182435 -0.00149086 -0.00128522 -0.0011278 -0.00105044 -0.000981378 -0.000962642 -0.000930817 -0.000934313 -0.000915766 -0.000926243 -0.000911809 -0.000924098 -0.000910722 -0.000923258 -0.000909548 -0.000921099 -0.000904703 -0.000911443 -0.00088527 -0.00087524 -0.000819813 -0.000762762 -0.00063428 -0.000469102 -0.000188625 0.000183658 0.000732186 0.00144689 0.00241557 0.00364812 0.00523374 0.00720299 0.00962503 0.0125218 0.0158925 0.0197084 0.023867 0.0282799 0.0327448 0.037103 0.0410446 0.0443361 0.0466348 0.0477469 0.0474562 0.0456859 0.042377 0.0375569 0.0313838 0.0240837 0.016056 0.00762152 -0.000800672 -0.0089102 -0.0163238 -0.0227628 -0.0280302 -0.0320171 -0.0347546 -0.0362265 -0.0365904 -0.0359648 -0.0345865 -0.0326401 -0.0302903 -0.0277503 -0.0251208 -0.0225772 -0.0201557 -0.0179367 -0.0159553 -0.0141909 -0.0126956 -0.0113947 -0.010304 -0.00938473 -0.00860895 -0.00798427 -0.00742397 -0.00697427 -0.0065964 -0.00625308 -0.00597019 -0.00570682 -0.00549589 -0.00529038 -0.00509747 -0.00496159 -0.00480382 -0.00467378 -0.00457482 -0.00445048 -0.00435187 -0.00426825 -0.00418948 -0.00410061 -0.00400646 -0.00397266 -0.00392871 -0.00385223 -0.00381215 -0.00376387 -0.00372098 -0.00369949 -0.00365169 -0.00362766 -0.00361174 -0.00356933 -0.00357169 -0.0035699 -0.00353117 -0.00353631 
0 6.10623e-05 0.000160119 0.000223015 0.000297013 0.000396368 0.000455981 0.0005332 0.000621222 0.000686919 0.000795549 0.000891314 0.000955881 0.00106827 0.00116124 0.00123847 0.00136444 0.00147552 0.00158563 0.00171338 0.00183825 0.00198873 0.00211847 0.00226311 0.00245482 0.0026079 0.00280424 0.00304748 0.00325924 0.00352801 0.00383235 0.00416106 0.00454294 0.00496743 0.00550969 0.00611488 0.0068183 0.00771344 0.00874114 0.00996856 0.011407 0.0130947 0.0150547 0.0172128 0.0196396 0.022248 0.0249696 0.0277061 0.0302932 0.0326387 0.0344758 0.035654 0.0359471 0.0351754 0.0332215 0.029934 0.0253555 0.0194629 0.0124519 0.00451751 -0.00402281 -0.012805 -0.0215029 -0.0296674 -0.0369863 -0.043055 -0.0477128 -0.0507913 -0.0523008 -0.0522757 -0.0508249 -0.0481793 -0.0445597 -0.0403329 -0.0357194 -0.0310473 -0.0264429 -0.0221367 -0.0181843 -0.0147186 -0.0117363 -0.00926126 -0.00724501 -0.00563363 -0.0043799 -0.00340116 -0.00268091 -0.00212904 -0.0017585 -0.00147528 -0.00131408 -0.00118113 -0.00112869 -0.00106728 -0.00106241 -0.0010295 -0.00104204 -0.00101866 -0.00103654 -0.00101584 -0.00103496 -0.00101456 -0.00103315 -0.00101109 -0.00102603 -0.000997035 -0.000998965 -0.000947806 -0.000911933 -0.000802209 -0.000675558 -0.000437332 -0.000128829 0.000346918 0.000967837 0.00182923 0.00293561 0.00437872 0.00619523 0.0084581 0.0112147 0.0144727 0.0182436 0.0224301 0.0269893 0.0317244 0.0365327 0.0411139 0.0452699 0.0486236 0.0509439 0.0519409 0.0514788 0.0494511 0.0458139 0.0406491 0.0340577 0.0263736 0.0178681 0.00898861 4.71724e-05 -0.00854902 -0.0164764 -0.023459 -0.0292542 -0.0338005 -0.0369858 -0.0389167 -0.0396394 -0.0393294 -0.0381547 -0.0362815 -0.033977 -0.0313532 -0.0286157 -0.0258521 -0.0232026 -0.020765 -0.0185044 -0.0165111 -0.0147586 -0.0132685 -0.0119908 -0.0108731 -0.0099834 -0.00921317 -0.00855117 -0.00800402 -0.00753382 -0.00715316 -0.00678592 -0.0064901 -0.00625826 -0.00600028 -0.00580476 -0.00563523 -0.00545128 -0.00530496 -0.00516281 -0.00504297 -0.00492445 -0.00480395 -0.00473954 -0.00464859 -0.0045499 -0.00450446 -0.00442102 -0.00434581 -0.00431297 -0.00424777 -0.0042081 -0.00417749 -0.00411473 -0.00410793 -0.00409349 -0.00403132 -0.00402979 -0.00401959 -0.00397242 -0.00399767 
0 8.05336e-05 0.000172642 0.000253187 0.000331637 0.000433486 0.000518532 0.000592231 0.000706842 0.000795549 0.000856553 0.000988156 0.00110647 0.00117268 0.00129307 0.00141931 0.0015298 0.00166297 0.00177178 0.00191281 0.00208141 0.00221243 0.00238166 0.00256704 0.00274882 0.00296089 0.00317129 0.00342821 0.00369838 0.00397956 0.00434873 0.00473082 0.00516789 0.00570515 0.00631912 0.00705051 0.00789009 0.00892566 0.0101516 0.0115492 0.0132202 0.0151457 0.0173369 0.0197476 0.022377 0.0252032 0.0280578 0.0308587 0.0334484 0.0356921 0.037364 0.0382347 0.0381697 0.0369787 0.0345648 0.0307952 0.0256974 0.0193473 0.0118925 0.00357196 -0.00535597 -0.0144992 -0.0235221 -0.0320029 -0.03961 -0.0460018 -0.0509505 -0.0543213 -0.056056 -0.056215 -0.0548747 -0.0522634 -0.0486016 -0.0442346 -0.0394258 -0.0344753 -0.029573 -0.0249116 -0.0206127 -0.0167766 -0.0134616 -0.0106681 -0.0083883 -0.00654734 -0.00511118 -0.00398398 -0.0031437 -0.00250182 -0.00205408 -0.00172193 -0.00151339 -0.00135986 -0.00127938 -0.0012146 -0.0011921 -0.00116455 -0.00116393 -0.00114961 -0.00115587 -0.00114554 -0.00115344 -0.00114363 -0.00115086 -0.00113861 -0.00114112 -0.00111912 -0.00110496 -0.00105352 -0.000992453 -0.000867211 -0.000697606 -0.000417737 -3.80454e-05 0.000517881 0.0012505 0.00224686 0.00352405 0.00518022 0.00724846 0.00981726 0.0129037 0.0165338 0.020664 0.025224 0.0301068 0.0351523 0.0401907 0.044954 0.0491889 0.0525489 0.0547874 0.0556324 0.0549646 0.0526636 0.0487412 0.0432566 0.0363858 0.0284027 0.0196094 0.0103995 0.00111146 -0.00783955 -0.0161658 -0.0235711 -0.0298716 -0.0349092 -0.0385975 -0.0409925 -0.0421543 -0.0422445 -0.041352 -0.0396971 -0.0374902 -0.0349127 -0.0321234 -0.0292209 -0.0264091 -0.0237401 -0.0212647 -0.0190109 -0.0170104 -0.0153051 -0.0137937 -0.0125074 -0.011432 -0.0105222 -0.00975819 -0.00908582 -0.00855585 -0.00809105 -0.0076672 -0.00733519 -0.00702389 -0.00675561 -0.00651464 -0.00629664 -0.006124 -0.00593006 -0.00577618 -0.00565641 -0.00550976 -0.0053968 -0.00528183 -0.00517969 -0.00511899 -0.00500847 -0.00491487 -0.00488201 -0.00481486 -0.00474386 -0.0047004 -0.00465572 -0.0046163 -0.0045701 -0.00453855 -0.00452807 -0.00449193 -0.00447077 -0.00447721 -0.00444884 
0 0.000105462 0.000176294 0.000287488 0.000385954 0.00045643 0.000574019 0.000675788 0.000763417 0.000891314 0.000988156 0.00107805 0.00119988 0.00131367 0.00145427 0.00158402 0.00168753 0.00184196 0.00199291 0.00213664 0.00230336 0.00246073 0.00266268 0.00286688 0.00306085 0.00331469 0.00355903 0.00383252 0.0041552 0.00448571 0.00489691 0.00534534 0.00586267 0.00649628 0.00720554 0.00806755 0.00907174 0.0102661 0.0116876 0.0133018 0.0152075 0.0173716 0.019785 0.0224276 0.025241 0.0282065 0.0311329 0.0339193 0.036424 0.0384675 0.0398609 0.0403527 0.0398516 0.0381943 0.0352829 0.0310346 0.0254633 0.0187209 0.0109269 0.00232908 -0.00684222 -0.0162079 -0.0254072 -0.0340738 -0.0418593 -0.048491 -0.0536874 -0.0573272 -0.0593019 -0.0596714 -0.0585053 -0.0560003 -0.0523897 -0.0479655 -0.0430406 -0.0378725 -0.0327218 -0.0277434 -0.0231232 -0.0189351 -0.0152892 -0.0121771 -0.00961866 -0.00753917 -0.00590126 -0.00461773 -0.00364063 -0.00290421 -0.0023656 -0.00198261 -0.00171579 -0.00154196 -0.00142516 -0.00135919 -0.00131292 -0.0012941 -0.00127552 -0.00127412 -0.00126455 -0.00126853 -0.00126113 -0.00126572 -0.00125728 -0.00125839 -0.00124346 -0.0012314 -0.00119483 -0.00114484 -0.00105014 -0.000909242 -0.000685611 -0.000361869 0.000102713 0.000743303 0.0016042 0.00274305 0.00421049 0.00608895 0.00842577 0.0113024 0.01472 0.0187051 0.0231714 0.0280666 0.0332251 0.0385196 0.0437092 0.048566 0.0527778 0.0560558 0.0581303 0.0587767 0.0578692 0.0553009 0.0511182 0.0453832 0.0383298 0.0301763 0.0212457 0.0118598 0.00238827 -0.00678372 -0.0153784 -0.0231152 -0.0298414 -0.0353405 -0.0395422 -0.0424391 -0.0441065 -0.0446608 -0.0441622 -0.0428278 -0.040825 -0.0383749 -0.0356081 -0.0326561 -0.0297191 -0.0268576 -0.0241783 -0.0216892 -0.0194513 -0.0175004 -0.0157663 -0.0142934 -0.0130219 -0.0119501 -0.0110555 -0.0102694 -0.00963548 -0.00907718 -0.00860034 -0.00820416 -0.00782787 -0.007533 -0.00725534 -0.00699444 -0.00679728 -0.00659446 -0.00642005 -0.00625764 -0.00610304 -0.00599656 -0.00585772 -0.00572817 -0.00564192 -0.00554233 -0.00547557 -0.005399 -0.00529977 -0.0052594 -0.00520495 -0.00513523 -0.00511136 -0.00505834 -0.00500623 -0.00500229 -0.00497132 -0.00494515 -0.00494788 -0.00491581 
0 0.000121525 0.000189139 0.000310709 0.000434873 0.000504631 0.000631301 0.000760477 0.000827217 0.000955881 0.00110647 0.00119988 0.0013322 0.00147262 0.00157759 0.00172965 0.00188311 0.00202141 0.00220719 0.00237439 0.00253708 0.00275144 0.00295207 0.00315854 0.00340294 0.00366575 0.0039611 0.00426905 0.00463091 0.00505241 0.00548704 0.00601953 0.00664368 0.00734549 0.00819411 0.00918501 0.0103721 0.0117562 0.0133593 0.0152453 0.0173688 0.0197669 0.022401 0.0252267 0.0282108 0.0312133 0.0341524 0.0368442 0.0391561 0.0409186 0.0419036 0.0419754 0.0409588 0.0387983 0.0353713 0.0306459 0.0246852 0.0175978 0.00959017 0.000805517 -0.00845633 -0.0179036 -0.0271476 -0.0358608 -0.0437472 -0.0505096 -0.0559325 -0.0597896 -0.0620347 -0.062629 -0.061702 -0.0593761 -0.0558953 -0.0515149 -0.046532 -0.0412377 -0.0358633 -0.0306402 -0.0257005 -0.0212103 -0.0172171 -0.0138092 -0.0109443 -0.00862889 -0.00676375 -0.00531699 -0.004188 -0.00334534 -0.00271145 -0.00226192 -0.00194109 -0.00172827 -0.00158645 -0.00149882 -0.00144543 -0.00141378 -0.00139737 -0.0013865 -0.00138314 -0.00137848 -0.00137851 -0.00137441 -0.00137271 -0.0013643 -0.00135292 -0.00132839 -0.00128747 -0.00121715 -0.00110216 -0.000924968 -0.000654294 -0.000268272 0.000282145 0.00102247 0.00202265 0.00331514 0.00499486 0.00709913 0.00973126 0.0129006 0.0166671 0.0209638 0.0257668 0.030928 0.036342 0.0417935 0.0470823 0.0519231 0.0560335 0.0591362 0.060974 0.0613812 0.060191 0.057384 0.0529472 0.047058 0.0398827 0.0316969 0.0227469 0.0133434 0.00384557 -0.00542716 -0.0141495 -0.022148 -0.0291834 -0.0351191 -0.0398097 -0.0432405 -0.0454664 -0.04652 -0.0465317 -0.0455922 -0.0439233 -0.041674 -0.0390124 -0.0361147 -0.0330906 -0.0301116 -0.0272303 -0.0245463 -0.0220918 -0.0198679 -0.0179356 -0.0162378 -0.0147772 -0.0135219 -0.0124527 -0.0115701 -0.0107823 -0.0101271 -0.00958945 -0.00910065 -0.00868947 -0.00833334 -0.00802951 -0.00775077 -0.00748342 -0.0072819 -0.00707871 -0.00687177 -0.00672499 -0.00657018 -0.00642768 -0.00632749 -0.00620055 -0.0060931 -0.00601504 -0.00590637 -0.0058293 -0.0057815 -0.00569688 -0.00562987 -0.00559995 -0.00555954 -0.00551692 -0.00548142 -0.00544566 -0.00541568 -0.00539831 -0.00539868 
0 0.000101056 0.00023469 0.000341219 0.000443683 0.000582798 0.000697106 0.000799575 0.000941783 0.00106827 0.00117268 0.00131367 0.00147262 0.00160838 0.00173688 0.00190362 0.00208271 0.00223041 0.00240422 0.00260434 0.00279525 0.00302103 0.00325386 0.00348807 0.00376976 0.00406755 0.00438468 0.00473784 0.00514995 0.00562325 0.00612945 0.00675148 0.0074869 0.00830814 0.00929462 0.0104597 0.0118314 0.0134052 0.0152264 0.0173496 0.019702 0.0223067 0.0251333 0.0281273 0.0311993 0.0342006 0.0370612 0.0395839 0.0416171 0.0429793 0.0434959 0.0430542 0.0414911 0.0387763 0.0348233 0.0296619 0.0233558 0.0160291 0.00787674 -0.000957627 -0.010189 -0.0195671 -0.0287218 -0.0373784 -0.0452519 -0.0520862 -0.0576541 -0.0617232 -0.0642213 -0.0650868 -0.0644409 -0.0623683 -0.0591001 -0.0548416 -0.0498941 -0.044529 -0.0390099 -0.0335696 -0.0283699 -0.0235835 -0.019279 -0.0155615 -0.012402 -0.00982612 -0.00773109 -0.00609892 -0.00481058 -0.00384748 -0.00310873 -0.002586 -0.00219971 -0.00194744 -0.00176805 -0.00166352 -0.00159006 -0.00155424 -0.00152689 -0.00151775 -0.00150731 -0.00150652 -0.00150066 -0.00150069 -0.00149257 -0.00148684 -0.00146607 -0.00143945 -0.00138137 -0.00129778 -0.00114982 -0.000938644 -0.00060878 -0.000156864 0.000490431 0.00134164 0.00249116 0.00395751 0.0058571 0.00821279 0.0111368 0.0146178 0.0187071 0.0233169 0.028406 0.033815 0.0394128 0.0449776 0.0502747 0.0550299 0.0589493 0.0618031 0.0633458 0.0634578 0.0619787 0.0589197 0.0542897 0.0482849 0.0410873 0.0329459 0.0241008 0.0148117 0.00541929 -0.00381236 -0.0125757 -0.0207107 -0.0279877 -0.0342701 -0.0394272 -0.0433926 -0.0461857 -0.0477979 -0.0483565 -0.0479278 -0.0466746 -0.044735 -0.0422816 -0.0395138 -0.0365184 -0.0334634 -0.0304471 -0.0275894 -0.0249257 -0.0224576 -0.0202799 -0.0183604 -0.0166839 -0.0152241 -0.0139836 -0.012957 -0.0120444 -0.0112778 -0.0106469 -0.0100883 -0.00960374 -0.00918097 -0.00883039 -0.00850693 -0.00820867 -0.00797131 -0.00774076 -0.00753768 -0.00736803 -0.0071835 -0.00702685 -0.00690597 -0.00677887 -0.00664353 -0.00653416 -0.00646448 -0.00637482 -0.00627637 -0.0062266 -0.00616751 -0.00608841 -0.0060468 -0.00600803 -0.00596028 -0.00594134 -0.0059228 -0.0058917 -0.00587862 
0 0.000109257 0.000259033 0.000373855 0.000485625 0.00063698 0.000751726 0.00086889 0.0010329 0.00116124 0.00129307 0.00145427 0.00157759 0.00173688 0.00193204 0.00208282 0.0022546 0.00244563 0.00263588 0.00286005 0.00306945 0.00329828 0.00357113 0.00383667 0.00414427 0.00448162 0.00483452 0.00525672 0.0057222 0.00624927 0.00686094 0.00756831 0.00841472 0.00937768 0.010512 0.0118734 0.013431 0.0152259 0.0172909 0.0196344 0.0222228 0.0250076 0.0279988 0.0310993 0.0341717 0.037109 0.0397822 0.0420498 0.0436974 0.0445736 0.0445665 0.0435467 0.0414283 0.0381342 0.0336924 0.0281416 0.0215628 0.0140911 0.00587018 -0.00288696 -0.0119888 -0.021158 -0.030131 -0.0386333 -0.0464164 -0.0532593 -0.0589059 -0.0631762 -0.0659076 -0.0670915 -0.0667488 -0.0650045 -0.0620006 -0.0579473 -0.0531023 -0.0477331 -0.0421304 -0.0365099 -0.0310996 -0.026027 -0.0214463 -0.0174042 -0.013968 -0.0110996 -0.00878277 -0.00692993 -0.00548897 -0.00437547 -0.0035393 -0.00291994 -0.00247525 -0.00216593 -0.00195519 -0.00182133 -0.0017333 -0.00168511 -0.00165159 -0.00163869 -0.00162524 -0.00162415 -0.00161589 -0.00161592 -0.00160467 -0.00159624 -0.00156942 -0.00153265 -0.00146086 -0.00135187 -0.00117455 -0.000912102 -0.000527197 1.36211e-05 0.000753106 0.00174465 0.00303914 0.00471481 0.00682865 0.00947012 0.0126706 0.016482 0.0208594 0.0257758 0.0310977 0.0367199 0.0424326 0.0480438 0.0532694 0.0578501 0.0615099 0.0640288 0.0652362 0.0649882 0.0632219 0.0599011 0.0551374 0.0490688 0.0419324 0.0339248 0.0252831 0.0162481 0.00707545 -0.00196853 -0.0106817 -0.0188361 -0.0262739 -0.0328276 -0.0383985 -0.0428985 -0.0462547 -0.0484832 -0.0496265 -0.0497916 -0.0490439 -0.047507 -0.0453701 -0.0427935 -0.0399227 -0.0368574 -0.0337647 -0.0307726 -0.0279145 -0.025251 -0.0228251 -0.02068 -0.0187865 -0.0171104 -0.0156896 -0.0144724 -0.0134237 -0.0125339 -0.0117693 -0.0111327 -0.0105706 -0.0100819 -0.009676 -0.00929908 -0.00898367 -0.00870462 -0.00843319 -0.00821488 -0.00800723 -0.00782165 -0.00766021 -0.00747586 -0.00734446 -0.00724277 -0.00710814 -0.00700556 -0.00691015 -0.00681098 -0.00675351 -0.0066837 -0.00660569 -0.00655792 -0.00650707 -0.00646382 -0.00644075 -0.0064143 -0.0063878 -0.00636879 
0 0.000154054 0.000262076 0.000399971 0.000553048 0.000667141 0.000808378 0.000979835 0.00110732 0.00123847 0.00141931 0.00158402 0.00172965 0.00190362 0.00208282 0.0022558 0.00245238 0.00267127 0.00288759 0.00310871 0.00336036 0.00362117 0.00389363 0.00421158 0.00454403 0.00490759 0.00534037 0.00581047 0.00634042 0.0069559 0.00766359 0.00849194 0.0094468 0.0105729 0.0118966 0.0134309 0.0152109 0.017237 0.0195392 0.0221041 0.0248829 0.0278496 0.0309431 0.0340728 0.0370869 0.0398613 0.0422814 0.0441714 0.0453525 0.0456794 0.0450792 0.0434614 0.0407427 0.036904 0.0319998 0.0261232 0.0193521 0.0118054 0.00363493 -0.0049636 -0.0138013 -0.0226725 -0.0313569 -0.0396253 -0.0472506 -0.0540218 -0.0597134 -0.0641323 -0.0671201 -0.0686213 -0.0686408 -0.0672597 -0.0645906 -0.0608082 -0.0561369 -0.0508426 -0.0452058 -0.0394751 -0.0338755 -0.0285713 -0.0237117 -0.0193798 -0.0156439 -0.0124979 -0.00992632 -0.0078569 -0.00623309 -0.00497002 -0.00401425 -0.00329728 -0.00277977 -0.00241042 -0.00216052 -0.00199287 -0.00188806 -0.00182211 -0.00178441 -0.00176178 -0.00174986 -0.00174209 -0.00173708 -0.00173064 -0.00172155 -0.00170418 -0.00167475 -0.00162203 -0.00153644 -0.00139683 -0.00118504 -0.00086723 -0.000415977 0.000216163 0.00106666 0.00219956 0.00366653 0.00555037 0.00791109 0.0108282 0.0143311 0.0184435 0.0231169 0.0282889 0.0338294 0.0395959 0.0453819 0.0509571 0.0560453 0.060377 0.0637086 0.0658476 0.0666584 0.0660381 0.0639486 0.060405 0.055525 0.0494699 0.0424471 0.0346521 0.0263007 0.0176062 0.00877822 6.88704e-06 -0.00852663 -0.0166256 -0.0241204 -0.0308738 -0.036795 -0.0417686 -0.0456961 -0.0485324 -0.0503162 -0.0511049 -0.0509385 -0.0499122 -0.0481733 -0.045901 -0.0432167 -0.0402516 -0.0371596 -0.0340683 -0.0310742 -0.0282246 -0.0255921 -0.0232069 -0.021075 -0.0192031 -0.0175592 -0.0161448 -0.0149342 -0.0138966 -0.0130099 -0.0122444 -0.0116098 -0.0110576 -0.0105638 -0.0101563 -0.00979098 -0.00945821 -0.00917327 -0.00891206 -0.00867088 -0.00846056 -0.00828576 -0.00811586 -0.00794709 -0.00782058 -0.00769482 -0.00755503 -0.00746925 -0.00738617 -0.00725988 -0.00718795 -0.00715613 -0.00708032 -0.00702614 -0.00700108 -0.00693118 -0.00688794 -0.00689538 -0.00687021 
0 0.000139245 0.000285614 0.000435377 0.000587428 0.00073918 0.000891903 0.00104315 0.00119503 0.00136444 0.0015298 0.00168753 0.00188311 0.00208271 0.0022546 0.00245238 0.00268006 0.00290478 0.00312179 0.00336893 0.00366534 0.00394731 0.00425123 0.00462127 0.00498478 0.00539699 0.00588785 0.00640927 0.00701684 0.00772441 0.00855431 0.00951262 0.0106093 0.0119349 0.0134509 0.015182 0.0171906 0.0194476 0.0219763 0.0247219 0.0276724 0.0307746 0.0339035 0.0369913 0.0398633 0.0424082 0.0444757 0.0458941 0.0465383 0.0462581 0.0450327 0.0427771 0.0394632 0.0351128 0.0298006 0.0236684 0.0167696 0.00924414 0.00121409 -0.00712089 -0.0156022 -0.0240894 -0.0324004 -0.0403703 -0.047763 -0.0544124 -0.0600924 -0.0646376 -0.0678723 -0.0697077 -0.0701212 -0.0691393 -0.0668627 -0.0634045 -0.0589854 -0.0538266 -0.0482302 -0.0424357 -0.0366993 -0.0311922 -0.0260828 -0.021473 -0.0174424 -0.0140154 -0.0111758 -0.00888044 -0.00705401 -0.00563489 -0.00454017 -0.00372406 -0.00311592 -0.0026888 -0.0023835 -0.00218723 -0.0020512 -0.00197506 -0.00192039 -0.00189722 -0.00187516 -0.00187072 -0.00185772 -0.00185498 -0.00183667 -0.00182004 -0.00177577 -0.00171547 -0.00160236 -0.00143838 -0.00117656 -0.000806943 -0.000272025 0.000451386 0.00143218 0.00271134 0.0043717 0.0064727 0.00909724 0.0122952 0.0161016 0.0205063 0.0254533 0.0308557 0.0365686 0.0424369 0.048226 0.0537063 0.0585772 0.0626053 0.0655467 0.0672692 0.0676453 0.0666322 0.0642159 0.0604623 0.0555096 0.0495095 0.0426666 0.0351374 0.0271515 0.0188658 0.0104645 0.00205864 -0.00620275 -0.014143 -0.0216194 -0.0284847 -0.0346815 -0.0400546 -0.0445097 -0.0479538 -0.0503823 -0.0518284 -0.0522858 -0.0518588 -0.0506215 -0.0487424 -0.0463475 -0.0435721 -0.0405827 -0.0374609 -0.0343712 -0.0313816 -0.0285567 -0.0259461 -0.0235631 -0.0214771 -0.0196163 -0.017981 -0.0165973 -0.0154009 -0.0143782 -0.0134849 -0.0127397 -0.0121079 -0.0115219 -0.0110483 -0.0106352 -0.0102417 -0.00992687 -0.00965028 -0.00938447 -0.00913949 -0.00893513 -0.00876639 -0.00857365 -0.00839963 -0.00827924 -0.00814921 -0.0080249 -0.00793103 -0.00784029 -0.00775579 -0.00767579 -0.00760101 -0.00754482 -0.00749945 -0.00746377 -0.00743592 -0.00740676 -0.00738098 
0 0.000143142 0.000323918 0.000473456 0.000624224 0.000802918 0.000957502 0.00111746 0.00129791 0.00147552 0.00166297 0.00184196 0.00202141 0.00223041 0.00244563 0.00267127 0.00290478 0.0031317 0.00339427 0.00368835 0.00397623 0.00428635 0.00464379 0.00503471 0.00545693 0.00593095 0.00647754 0.00709304 0.00778474 0.00860663 0.00956579 0.0106494 0.0119323 0.0134419 0.0151606 0.0171215 0.0193519 0.0218613 0.0245858 0.0274995 0.0305951 0.0337479 0.0368544 0.0397903 0.0424393 0.0446575 0.0462578 0.0471406 0.0471677 0.0462687 0.0443885 0.0414977 0.0376329 0.0328185 0.0271965 0.0208592 0.013926 0.00649584 -0.001302 -0.00928744 -0.0173611 -0.0253879 -0.0332911 -0.0408865 -0.048013 -0.0544809 -0.0601166 -0.0647597 -0.0682222 -0.0704067 -0.0712129 -0.0706742 -0.0688049 -0.0657381 -0.0616105 -0.056666 -0.0511584 -0.0453625 -0.0395292 -0.0338548 -0.0285255 -0.0236479 -0.0193406 -0.0156191 -0.012519 -0.00996983 -0.00794605 -0.00634027 -0.00511516 -0.0041717 -0.00348469 -0.00297451 -0.00262728 -0.00237999 -0.0022273 -0.0021213 -0.00206496 -0.00202361 -0.00200696 -0.00198922 -0.00198365 -0.00196787 -0.00195527 -0.0019214 -0.0018764 -0.00178818 -0.00166036 -0.00144852 -0.00114793 -0.000699617 -9.04325e-05 0.000754622 0.00185932 0.00331844 0.00516918 0.00752017 0.0104037 0.0139028 0.0179966 0.0226901 0.0278801 0.0334823 0.039324 0.0452336 0.0509689 0.05627 0.0608698 0.0645144 0.0670365 0.0682843 0.0682172 0.0667795 0.0640487 0.0600958 0.0551013 0.0492048 0.0425795 0.0353924 0.0278114 0.020016 0.0120872 0.00414028 -0.00376044 -0.011448 -0.0188089 -0.0257258 -0.032094 -0.0378103 -0.0427197 -0.0467601 -0.0498378 -0.051947 -0.0530839 -0.0532939 -0.0526631 -0.0512534 -0.0492351 -0.0467438 -0.0439215 -0.0408777 -0.0377374 -0.0346644 -0.0316955 -0.0288832 -0.0262931 -0.0239651 -0.0218949 -0.0200393 -0.0184355 -0.0170667 -0.0158668 -0.0148372 -0.0139662 -0.0132191 -0.0125682 -0.0120074 -0.0115352 -0.011113 -0.0107262 -0.010403 -0.0101243 -0.00985566 -0.00961043 -0.00939486 -0.0092116 -0.00905276 -0.00888817 -0.00874141 -0.0086167 -0.00849385 -0.00840804 -0.00831891 -0.0082071 -0.00815384 -0.00810047 -0.00801696 -0.00799945 -0.00797307 -0.00790707 -0.00790985 
