0 0 0 0 0 0 0 0 0 0 0 0 0 0 0 0 0 0 0 0 0 0 0 0 0 0 0 0 0 0 0 0 0 0 0 0 0 0 0 0 0 0 0 0 0 0 0 0 0 0 0 0 0 0 0 0 0 0 0 0 0 0 0 0 0 0 0 0 0 0 0 0 0 0 0 0 0 0 0 0 0 0 0 0 0 0 0 0 0 0 0 0 0 0 0 0 0 0 0 0 0 0 0 0 0 0 0 0 0 0 0 0 0 0 0 0 0 0 0 0 0 0 0 0 0 0 0 0 0 0 0 0 0 0 0 0 0 0 0 0 0 0 0 0 0 0 0 0 0 0 0 0 0 0 0 0 0 0 0 0 0 0 0 0 0 0 0 0 0 0 0 0 0 0 0 0 0 0 0 0 0 0 0 0 0 0 0 0 0 0 0 0 0 0 0 0 0 0 0 0 
0 -8.68085e-06 2.06279e-05 9.57702e-06 1.21631e-05 5.16332e-05 3.72518e-05 2.89463e-05 5.73677e-05 4.60883e-05 4.68425e-05 7.95545e-05 7.76056e-05 7.06838e-05 8.44552e-05 9.93444e-05 0.000114007 0.000108442 9.7578e-05 0.000123233 0.000146093 0.000136695 0.000149982 0.000174031 0.000172639 0.000184837 0.00019884 0.000203946 0.0002163 0.00022929 0.000255095 0.000261066 0.000278373 0.000318441 0.000318632 0.000343849 0.000375856 0.000394398 0.000424025 0.000444341 0.000503706 0.000535218 0.000575245 0.000656779 0.000720906 0.000816285 0.000905565 0.00105427 0.0012205 0.00139267 0.00163809 0.00190653 0.00224776 0.00258263 0.00297391 0.00339364 0.00379214 0.00416255 0.0044243 0.00463023 0.00465253 0.00450744 0.00411868 0.0035261 0.00273748 0.00173848 0.000604611 -0.000663903 -0.0019032 -0.00312164 -0.00418343 -0.00511752 -0.00581711 -0.00628683 -0.00648853 -0.00644543 -0.00621486 -0.0058093 -0.00531945 -0.0047166 -0.00411019 -0.00345642 -0.00287768 -0.00231422 -0.00186831 -0.00145792 -0.00115715 -0.000881528 -0.00068997 -0.000512902 -0.000398578 -0.000293778 -0.000234009 -0.000179486 -0.000153821 -0.000129179 -0.000120713 -0.000110688 -0.000108941 -0.000104593 -0.00010458 -0.000100942 -9.99409e-05 -9.24812e-05 -8.63648e-05 -6.73355e-05 -4.70595e-05 -2.57777e-06 4.75725e-05 0.000137271 0.000237361 0.000394122 0.000565842 0.000814438 0.00108754 0.00146435 0.00187942 0.0024161 0.00298162 0.00364112 0.00427382 0.00492843 0.00548761 0.00599133 0.00633735 0.00652875 0.006482 0.00617826 0.00561797 0.00480348 0.00381901 0.00264444 0.00139941 6.91929e-05 -0.0011751 -0.00233097 -0.00328592 -0.00406781 -0.00463641 -0.00496662 -0.00509287 -0.00500447 -0.00482547 -0.00450646 -0.0041398 -0.00370528 -0.00329176 -0.00291192 -0.00253309 -0.00221259 -0.00191081 -0.00170063 -0.0014922 -0.0013188 -0.00119242 -0.00108263 -0.00100882 -0.000908849 -0.000864276 -0.000819535 -0.000762129 -0.000727622 -0.000687182 -0.000672061 -0.000625814 -0.000600262 -0.000597185 -0.000559954 -0.000547746 -0.000537001 -0.000523963 -0.000509509 -0.000491719 -0.000491725 -0.000467463 -0.000453105 -0.000460187 -0.000434311 -0.000419977 -0.000435082 -0.000431071 -0.000412142 -0.000401973 -0.000401853 -0.000408577 -0.000397714 -0.000369321 -0.000375339 -0.000391688 -0.000375878 -0.000377476 -0.00038458 -0.000360364 -0.000356253 -0.000368162 -0.00036133 -0.000362756 -0.000367498 -0.000360505 -0.000359163 
0 2.06279e-05 2.83609e-05 3.35464e-05 5.30092e-05 4.91608e-05 5.2023e-05 9.63246e-05 9.81599e-05 9.7863e-05 0.000140854 0.000126483 0.000124403 0.000179158 0.00017802 0.000171626 0.000196378 0.000220475 0.000252701 0.000251613 0.000264186 0.000292014 0.000293547 0.000332066 0.00034224 0.000350181 0.000411067 0.000415761 0.000438609 0.000486081 0.000500399 0.000534677 0.000558208 0.000608521 0.00064458 0.000667369 0.00074985 0.000792645 0.000844714 0.000922756 0.00100254 0.00109578 0.00117068 0.00131348 0.00146287 0.00161813 0.00183487 0.00210115 0.00244277 0.00280769 0.00327963 0.00385343 0.00449674 0.00520781 0.00596724 0.0068017 0.00759251 0.00829637 0.00884162 0.00918986 0.00925115 0.00891106 0.00815292 0.00695509 0.0053751 0.00340185 0.00112647 -0.00134565 -0.0038385 -0.00620989 -0.00835412 -0.010167 -0.0115768 -0.0124877 -0.0129 -0.0128227 -0.0123609 -0.0115792 -0.010581 -0.0094182 -0.0081775 -0.00692168 -0.00572951 -0.00465157 -0.00371863 -0.00293917 -0.00229668 -0.00178079 -0.00136267 -0.00103849 -0.000781802 -0.000595986 -0.00045459 -0.000363461 -0.000295647 -0.000259689 -0.000230597 -0.000220698 -0.000207883 -0.000207489 -0.000199264 -0.000199755 -0.000188904 -0.000182536 -0.000159061 -0.000131684 -7.59353e-05 -1.27267e-06 0.000119306 0.00027923 0.000505574 0.000793605 0.00117006 0.00163611 0.00222205 0.00293825 0.00381 0.00483662 0.00600362 0.00726845 0.0085628 0.00982148 0.0109611 0.0119275 0.0126234 0.0129795 0.0128769 0.0122776 0.0111469 0.00955965 0.00757038 0.00528007 0.00277206 0.000183841 -0.0023134 -0.00457907 -0.00649612 -0.0080491 -0.00916845 -0.00985526 -0.0100871 -0.00996867 -0.00958122 -0.00898905 -0.00824761 -0.0074079 -0.0065992 -0.0058198 -0.00510517 -0.00443623 -0.00387405 -0.00342199 -0.00301468 -0.0026806 -0.00239628 -0.00219997 -0.0020087 -0.00183666 -0.00172591 -0.00161821 -0.00153301 -0.00143395 -0.0013849 -0.00133802 -0.00125832 -0.00123065 -0.00118647 -0.00114626 -0.00110197 -0.00106576 -0.00105426 -0.000993793 -0.000981278 -0.000975601 -0.000928378 -0.000927016 -0.000906773 -0.000889281 -0.000882504 -0.000847294 -0.000835881 -0.000819601 -0.000821343 -0.00081768 -0.000765172 -0.000785495 -0.000808451 -0.000759808 -0.000761268 -0.000759744 -0.000727685 -0.000742178 -0.000745909 -0.000735525 -0.000739664 -0.000724168 -0.000719029 -0.0007219 -0.000711493 -0.000721615 
0 9.57702e-06 3.35464e-05 5.06431e-05 7.11746e-05 9.30458e-05 0.000104328 0.000124935 0.000141596 0.00015312 0.000182341 0.000201615 0.000215329 0.000243896 0.000261318 0.000281128 0.000310305 0.000326967 0.000347284 0.000374882 0.000404883 0.000432776 0.000457374 0.000495621 0.000523425 0.000549201 0.000595605 0.000624153 0.000657864 0.000711333 0.000753032 0.000799026 0.00085366 0.000917196 0.000974559 0.0010319 0.00111872 0.00119569 0.00127408 0.00138216 0.00150302 0.00163435 0.00178036 0.00197834 0.00221001 0.00246623 0.00279564 0.0032073 0.00370489 0.00428276 0.00498713 0.0058366 0.00679367 0.00784942 0.00898864 0.0101907 0.0113508 0.0123678 0.0131621 0.0136389 0.0136829 0.0131553 0.0120069 0.0102278 0.00785682 0.00493519 0.00156593 -0.00206733 -0.00574651 -0.00925052 -0.0124216 -0.0151035 -0.0171792 -0.018538 -0.0191567 -0.0190754 -0.0184055 -0.0172721 -0.0157941 -0.0140848 -0.0122458 -0.0103949 -0.00862411 -0.00702379 -0.00562697 -0.00445727 -0.00348869 -0.00270874 -0.00207837 -0.00158583 -0.00120015 -0.000914583 -0.000702968 -0.000558747 -0.000458638 -0.000397385 -0.000356816 -0.000335335 -0.000320376 -0.00031369 -0.000306187 -0.000300985 -0.00028942 -0.000273667 -0.000242357 -0.000194543 -0.000113596 5.42921e-06 0.000184627 0.000430953 0.000769612 0.00120744 0.00177355 0.00247895 0.00336226 0.00443994 0.00574726 0.00727561 0.00901067 0.0108777 0.0127961 0.0146497 0.0163397 0.0177518 0.018772 0.0192665 0.0191044 0.0182033 0.0165437 0.0141987 0.0112646 0.00788033 0.00418334 0.000381757 -0.00330271 -0.0066492 -0.00951565 -0.0118224 -0.0135082 -0.0145462 -0.0149457 -0.0148185 -0.0142767 -0.0134286 -0.0123494 -0.0111475 -0.00994193 -0.00878685 -0.00771094 -0.00672343 -0.0058783 -0.0051703 -0.00456518 -0.00405306 -0.00363575 -0.0033142 -0.00303161 -0.00279185 -0.002606 -0.00245165 -0.00231219 -0.00218101 -0.002088 -0.00199915 -0.00190455 -0.0018356 -0.00177335 -0.00171343 -0.001653 -0.00160946 -0.00157226 -0.00151813 -0.00148596 -0.00145514 -0.00141147 -0.00138473 -0.00135628 -0.00132666 -0.00130249 -0.00128381 -0.00126802 -0.00124013 -0.00122554 -0.00121538 -0.00118981 -0.00117989 -0.00116643 -0.00114475 -0.00114462 -0.00113733 -0.00112365 -0.00112062 -0.00110727 -0.00109752 -0.00109618 -0.00108801 -0.00108872 -0.00108905 -0.00107952 -0.00107974 
0 1.21631e-05 5.30092e-05 7.11746e-05 7.87812e-05 0.000127757 0.000153618 0.000148725 0.000194105 0.000222887 0.000219504 0.00027505 0.000309261 0.000303191 0.000346211 0.000385942 0.000414283 0.000442095 0.000453287 0.000507731 0.000548505 0.000566632 0.000622895 0.000651135 0.000696727 0.000754237 0.00077567 0.00084279 0.000892985 0.00093859 0.00101643 0.00106545 0.0011488 0.00122161 0.00129565 0.0014034 0.00148234 0.00160357 0.00172236 0.00185382 0.00202513 0.00219034 0.00242006 0.00266721 0.00297421 0.00335041 0.00378809 0.0043551 0.00500779 0.00581623 0.00676571 0.00787939 0.00915747 0.0105454 0.0120595 0.0135884 0.015078 0.0163721 0.0173654 0.0179262 0.0178893 0.0171517 0.0155922 0.0132398 0.0100873 0.00625044 0.00185095 -0.00287432 -0.00765577 -0.0122377 -0.0163674 -0.0198772 -0.0225688 -0.0243632 -0.0251874 -0.025129 -0.0242823 -0.0228279 -0.020905 -0.0186747 -0.0162769 -0.0138526 -0.0115374 -0.00942001 -0.00757627 -0.00600515 -0.00471691 -0.00365763 -0.00282035 -0.00214647 -0.00163736 -0.00124091 -0.000963657 -0.000756505 -0.000627968 -0.00053328 -0.000485129 -0.000445605 -0.000432606 -0.000414144 -0.000411457 -0.000395087 -0.000386579 -0.000354978 -0.000319011 -0.000242489 -0.000139007 3.46254e-05 0.000269527 0.000613978 0.00106112 0.00166223 0.00241428 0.00337536 0.00455229 0.00600613 0.00773656 0.0097662 0.0120376 0.0144867 0.0169862 0.0194074 0.0216068 0.0234311 0.0247336 0.0253289 0.0250883 0.0238819 0.0217275 0.0186581 0.0148408 0.0104125 0.00561133 0.000670999 -0.00411737 -0.00849451 -0.0122787 -0.0153177 -0.01757 -0.0189646 -0.0195825 -0.0194865 -0.0188451 -0.0177755 -0.016408 -0.0148924 -0.0133147 -0.0118083 -0.0103737 -0.00909415 -0.00796169 -0.00699177 -0.00618416 -0.00548663 -0.00493785 -0.00446202 -0.00408799 -0.0037727 -0.00350039 -0.00329408 -0.00308947 -0.00294154 -0.00279219 -0.00266364 -0.0025677 -0.00245016 -0.00237641 -0.00228843 -0.002216 -0.00216026 -0.00208029 -0.00204609 -0.00198456 -0.00192733 -0.00190115 -0.00184194 -0.00181582 -0.00177704 -0.00173003 -0.00172465 -0.00169034 -0.00166176 -0.00163274 -0.00160208 -0.00161608 -0.00157696 -0.00152972 -0.00155084 -0.00153119 -0.00150307 -0.00151423 -0.00149198 -0.00146985 -0.00147177 -0.00146162 -0.00145661 -0.00145415 -0.00144694 -0.00144593 -0.00143982 
0 5.16332e-05 4.91608e-05 9.30458e-05 0.000127757 0.000122506 0.00017427 0.000217138 0.000228736 0.000281761 0.000311303 0.000320617 0.000365329 0.000403894 0.0004427 0.000473938 0.000491507 0.000553023 0.000614797 0.000635029 0.00066774 0.00072569 0.000774147 0.000811336 0.00087193 0.000934002 0.000984286 0.00105819 0.00112995 0.00119183 0.00126567 0.00135397 0.00143921 0.00151826 0.00163631 0.00175387 0.00186642 0.00201533 0.0021767 0.00235823 0.00254747 0.00278972 0.00307783 0.0033868 0.00378538 0.00426185 0.00485139 0.0055454 0.00639002 0.00742857 0.00862289 0.0100208 0.0115829 0.0133258 0.0151569 0.0169944 0.0187535 0.020267 0.0214158 0.0219705 0.0218266 0.0208075 0.01885 0.0159053 0.012008 0.00730256 0.00194144 -0.0037666 -0.0095802 -0.0151259 -0.0201696 -0.0244126 -0.027701 -0.0298857 -0.0309399 -0.0309217 -0.0299434 -0.0282131 -0.0258799 -0.023185 -0.0202521 -0.0173155 -0.0144616 -0.0118746 -0.00956425 -0.00762101 -0.00597934 -0.0046627 -0.0035848 -0.00275033 -0.00208819 -0.00159961 -0.00123059 -0.000976656 -0.000797041 -0.000683434 -0.000608617 -0.0005649 -0.000537469 -0.000520771 -0.000507635 -0.000493425 -0.000472069 -0.000437808 -0.000378955 -0.00028704 -0.000139348 7.45539e-05 0.000390378 0.00081631 0.00140062 0.00214617 0.00311727 0.0043143 0.00582046 0.00762514 0.00980401 0.0122916 0.0150996 0.018068 0.0211276 0.0240522 0.0267279 0.0289076 0.0304453 0.0311037 0.0307486 0.0292581 0.0266169 0.0229052 0.018244 0.0128855 0.00704817 0.00109596 -0.00471809 -0.0100457 -0.0146985 -0.018459 -0.0212521 -0.0230542 -0.0239039 -0.0239314 -0.0232274 -0.0220133 -0.0204127 -0.0186271 -0.0167419 -0.0148793 -0.0131386 -0.0115468 -0.0101517 -0.00890909 -0.00787877 -0.00701326 -0.00628722 -0.00568132 -0.00517608 -0.00478633 -0.0044302 -0.00413686 -0.00389996 -0.00369638 -0.00351504 -0.00334504 -0.00322568 -0.00309971 -0.00297457 -0.00288223 -0.00279154 -0.0026997 -0.00261334 -0.00255206 -0.00248478 -0.00241473 -0.00237418 -0.00232265 -0.00226589 -0.00223451 -0.00220194 -0.002141 -0.00209529 -0.0020878 -0.00205643 -0.00201277 -0.00198728 -0.00196754 -0.00196777 -0.0019427 -0.00189814 -0.00189434 -0.00187502 -0.00184946 -0.00186397 -0.00185157 -0.00182738 -0.00183075 -0.00181406 -0.00180039 -0.00181048 -0.00180296 
0 3.72518e-05 5.2023e-05 0.000104328 0.000153618 0.00017427 0.000219558 0.000253526 0.000273711 0.000324394 0.000362962 0.00039838 0.000452874 0.000483252 0.000522266 0.000581729 0.00061677 0.000658607 0.000713259 0.000755404 0.000812915 0.000881677 0.000933376 0.000988131 0.00106253 0.00112881 0.00118652 0.00126701 0.00135445 0.00143018 0.00152299 0.00163878 0.00174102 0.00184692 0.00198966 0.00212894 0.00226624 0.00243864 0.0026404 0.00285394 0.00308852 0.00339597 0.00375273 0.00414825 0.0046424 0.00525195 0.00598524 0.00683949 0.00788367 0.00914732 0.0105989 0.0122548 0.0141095 0.0161555 0.0182756 0.0203694 0.0223347 0.0240143 0.0252249 0.0257324 0.0254027 0.0240857 0.0216985 0.0181786 0.0135777 0.0080611 0.00184592 -0.00476319 -0.0114745 -0.0179083 -0.0237502 -0.0286778 -0.0324972 -0.0350657 -0.0363539 -0.0364095 -0.0353546 -0.033391 -0.0307205 -0.0275948 -0.024203 -0.020774 -0.0174458 -0.014385 -0.0116476 -0.00930626 -0.00733207 -0.00572558 -0.00442125 -0.00339754 -0.00259383 -0.00198963 -0.00153728 -0.00121751 -0.000992908 -0.000845763 -0.000749448 -0.000690851 -0.000654034 -0.000630898 -0.000612412 -0.0005927 -0.000563614 -0.00051756 -0.000441023 -0.000321436 -0.000135423 0.000134955 0.000523764 0.00105144 0.00176199 0.00267723 0.00385408 0.00531754 0.00713485 0.00931826 0.0119114 0.0148661 0.0181506 0.0216228 0.0251653 0.0285625 0.0316362 0.0341307 0.0358376 0.0365228 0.0360311 0.0342567 0.0311787 0.0268721 0.0214789 0.0152712 0.00854226 0.00167085 -0.00503695 -0.0112431 -0.0166929 -0.0211479 -0.0244929 -0.0267187 -0.0278742 -0.0280704 -0.0274107 -0.0261128 -0.0243658 -0.022363 -0.0202153 -0.0180477 -0.0159981 -0.0141191 -0.0124369 -0.0109339 -0.00966283 -0.00860608 -0.00770816 -0.00695021 -0.0063281 -0.00583853 -0.00540624 -0.00503428 -0.00474135 -0.00449028 -0.00425736 -0.00404836 -0.00388893 -0.00373614 -0.00358055 -0.0034643 -0.00336203 -0.00325139 -0.00315594 -0.00308289 -0.00300208 -0.00291717 -0.00285727 -0.00279793 -0.00272466 -0.00267176 -0.00263386 -0.00258199 -0.0025409 -0.00250996 -0.00246292 -0.00243363 -0.00241121 -0.00236616 -0.00233831 -0.00231815 -0.0022917 -0.00228457 -0.00226804 -0.00224153 -0.00223017 -0.00221086 -0.00219468 -0.00219548 -0.00218718 -0.00217888 -0.00217785 -0.00216705 
0 2.89463e-05 9.63246e-05 0.000124935 0.000148725 0.000217138 0.000253526 0.000280188 0.000346784 0.000383648 0.000411352 0.000478942 0.000528072 0.000560865 0.000611368 0.000670619 0.000735728 0.000779842 0.000823365 0.000900449 0.000963597 0.00101968 0.00109232 0.00115844 0.00124124 0.00132455 0.00139554 0.00149647 0.00159295 0.00168372 0.00180171 0.00191679 0.00204225 0.00217841 0.00232899 0.00250548 0.00267283 0.00288318 0.00312809 0.00337678 0.00368482 0.00404157 0.00447258 0.00496517 0.00555633 0.0063098 0.00717758 0.00822625 0.00947673 0.0109686 0.0126889 0.014598 0.0167528 0.0190525 0.0214301 0.0237236 0.0258297 0.0275963 0.0287655 0.0291643 0.0285683 0.0269201 0.0240618 0.0199824 0.0147229 0.00847027 0.00151026 -0.00589915 -0.0133668 -0.0205832 -0.0270944 -0.0326377 -0.0369176 -0.039855 -0.0413731 -0.0415325 -0.0404498 -0.038305 -0.03537 -0.0318625 -0.0280858 -0.0241974 -0.0204543 -0.0169284 -0.0137994 -0.0110453 -0.00875494 -0.00683429 -0.00531264 -0.00407666 -0.00313874 -0.00239974 -0.00186986 -0.00146845 -0.00120336 -0.00101025 -0.000896613 -0.000813754 -0.000771875 -0.000734741 -0.00071515 -0.000682412 -0.000649281 -0.000582093 -0.000490668 -0.000330845 -0.000108751 0.000234368 0.000693411 0.00134276 0.00217567 0.00328472 0.00466233 0.00641915 0.00853713 0.0111193 0.0140986 0.0175185 0.0212244 0.0251713 0.0291205 0.0329397 0.0363275 0.0390764 0.0408826 0.0415482 0.0408956 0.0388308 0.0353579 0.030506 0.0244934 0.0175364 0.0100625 0.00238098 -0.00508861 -0.0120776 -0.01824 -0.0233439 -0.0272454 -0.0299062 -0.0314257 -0.0318335 -0.031317 -0.0300132 -0.0282049 -0.0260491 -0.0236936 -0.021292 -0.0189542 -0.0168182 -0.014847 -0.0131031 -0.0115892 -0.0103129 -0.00924114 -0.00830819 -0.00756308 -0.00693838 -0.00641533 -0.00596934 -0.00559321 -0.00529682 -0.00500997 -0.00477237 -0.00457455 -0.0043855 -0.00422356 -0.00406924 -0.0039433 -0.00382029 -0.0036975 -0.0036088 -0.00350979 -0.00341633 -0.00334543 -0.00326801 -0.00320436 -0.00313848 -0.003071 -0.00303199 -0.00298301 -0.00292388 -0.00287839 -0.00284231 -0.00282152 -0.00277689 -0.00272481 -0.0027217 -0.00269979 -0.00265252 -0.00264726 -0.00263003 -0.00259274 -0.00259144 -0.00258363 -0.00255832 -0.00255639 -0.00255146 -0.00253485 -0.00253696 
0 5.73677e-05 9.81599e-05 0.000141596 0.000194105 0.000228736 0.000273711 0.000346784 0.000388984 0.000431518 0.000506899 0.000539677 0.000575823 0.000663649 0.000720778 0.000762669 0.000822305 0.000892479 0.000979334 0.00103604 0.00109486 0.0011779 0.00124983 0.00134453 0.00142206 0.0015062 0.00163007 0.00171658 0.00182984 0.00195751 0.00206897 0.00221612 0.00235046 0.0025183 0.00269586 0.00287561 0.00311271 0.00334083 0.0036233 0.00393939 0.0042957 0.00474008 0.00522812 0.00584472 0.00656255 0.00743708 0.00849184 0.00972029 0.0112128 0.0129204 0.0148957 0.0170805 0.0194739 0.0220192 0.0245629 0.0270214 0.0291856 0.0309383 0.0319975 0.0321796 0.0313027 0.0292389 0.0259252 0.0212783 0.015437 0.00853956 0.000930004 -0.0071344 -0.0152608 -0.0230863 -0.030193 -0.0362227 -0.0409495 -0.0442011 -0.0459792 -0.0462561 -0.045203 -0.042947 -0.0398086 -0.0360122 -0.031888 -0.0276293 -0.0234769 -0.0195584 -0.0160125 -0.0128973 -0.0102444 -0.00804647 -0.00625504 -0.00483792 -0.00371693 -0.00287146 -0.00222097 -0.0017635 -0.0014205 -0.00120491 -0.00104183 -0.000957287 -0.000882289 -0.000853438 -0.000806528 -0.000782891 -0.000718687 -0.000652433 -0.000515862 -0.000338321 -4.51151e-05 0.000346621 0.000916333 0.00166066 0.0026623 0.00393588 0.00556565 0.00758172 0.0100491 0.0129826 0.016379 0.0201948 0.0243245 0.028656 0.0329818 0.0371219 0.0407658 0.0436804 0.0455252 0.0461328 0.0452826 0.0429574 0.0390918 0.033805 0.0272385 0.0197101 0.0115936 0.00327244 -0.00485688 -0.0125004 -0.0192823 -0.0249989 -0.0294256 -0.0325854 -0.0344733 -0.0351991 -0.0348818 -0.0336983 -0.0319113 -0.0296672 -0.0271958 -0.0245881 -0.0220435 -0.019628 -0.0174016 -0.0154148 -0.0136459 -0.0121563 -0.010858 -0.00978183 -0.00887214 -0.00810683 -0.0074893 -0.00694218 -0.00650999 -0.00611981 -0.00579882 -0.00552862 -0.00526447 -0.00506533 -0.00486331 -0.0046925 -0.00453547 -0.00438211 -0.00426998 -0.00412875 -0.00402563 -0.00394026 -0.00382878 -0.00375471 -0.00367522 -0.00360817 -0.00354445 -0.00345948 -0.00340904 -0.00335992 -0.00331507 -0.00326562 -0.0031949 -0.00318596 -0.0031728 -0.00310396 -0.00307857 -0.0030601 -0.0030138 -0.00300227 -0.00299666 -0.00296933 -0.00295338 -0.0029424 -0.00292364 -0.0029135 -0.00291199 -0.00290617 
0 4.60883e-05 9.7863e-05 0.00015312 0.000222887 0.000281761 0.000324394 0.000383648 0.000431518 0.000479179 0.000560615 0.000618794 0.000672233 0.000751526 0.000802034 0.000866852 0.000954538 0.00101092 0.00107958 0.00116325 0.00125027 0.00134139 0.00142336 0.00152927 0.00161899 0.00171297 0.00184695 0.0019402 0.0020638 0.00222213 0.00235033 0.00251375 0.00268535 0.00287776 0.00307781 0.00328401 0.00356156 0.00382619 0.00413717 0.00452272 0.0049479 0.00546533 0.0060513 0.00679202 0.00766131 0.00867717 0.00992292 0.0113696 0.0130861 0.0150266 0.0172363 0.0196834 0.0222857 0.0250065 0.0276741 0.0302048 0.0323639 0.0339907 0.0348582 0.0347511 0.0335326 0.031029 0.0272296 0.0220659 0.0156931 0.00827004 0.000109594 -0.00847248 -0.0171245 -0.0254201 -0.0329941 -0.0394328 -0.0445388 -0.0481004 -0.0501217 -0.0505643 -0.0495725 -0.0472947 -0.0440161 -0.0400238 -0.0356108 -0.0310489 -0.0265283 -0.0222537 -0.0183136 -0.0148444 -0.0118355 -0.00934631 -0.00728531 -0.00566428 -0.00436241 -0.00338612 -0.00262113 -0.0020834 -0.0016719 -0.00141048 -0.00121024 -0.00110207 -0.00100855 -0.00096719 -0.000908614 -0.000873429 -0.000793254 -0.000706328 -0.000537794 -0.000319491 3.42517e-05 0.000498725 0.00117152 0.00203552 0.00320211 0.0046645 0.00654546 0.00883886 0.01165 0.0149342 0.0187272 0.0229099 0.0274238 0.03208 0.036723 0.0410931 0.0449219 0.0479044 0.0497409 0.050228 0.0491826 0.0465843 0.0423802 0.0367164 0.0297198 0.0217545 0.0131452 0.00433229 -0.00433468 -0.0124949 -0.0198158 -0.0260633 -0.0310221 -0.0346835 -0.0369968 -0.0380981 -0.038068 -0.0371168 -0.0354336 -0.0332069 -0.0306718 -0.0279455 -0.0252281 -0.0225674 -0.0201013 -0.0178645 -0.01586 -0.0141224 -0.0126044 -0.0113579 -0.0102783 -0.00936965 -0.00862662 -0.00799425 -0.00747645 -0.00699881 -0.00662791 -0.00630442 -0.00598988 -0.00574492 -0.00551522 -0.00532164 -0.00512819 -0.00496468 -0.00484265 -0.00468027 -0.00456357 -0.00446308 -0.0043377 -0.00424629 -0.0041506 -0.00406455 -0.00398812 -0.003919 -0.00386691 -0.00378605 -0.00373557 -0.00370528 -0.00363261 -0.00358999 -0.00355326 -0.00349445 -0.0034783 -0.00346018 -0.00341896 -0.00339791 -0.00337256 -0.00334106 -0.00332847 -0.00331891 -0.00330428 -0.00329479 -0.00328828 -0.00327837 
0 4.68425e-05 0.000140854 0.000182341 0.000219504 0.000311303 0.000362962 0.000411352 0.000506899 0.000560615 0.000606309 0.000691884 0.000758929 0.000827083 0.000897389 0.000965615 0.00107323 0.00114496 0.00120029 0.00132018 0.00140699 0.00148266 0.00160141 0.00169607 0.00181162 0.00193758 0.00205543 0.00219935 0.00232643 0.00249143 0.00265888 0.00280594 0.0030279 0.00323193 0.00344957 0.00372377 0.0040096 0.00435114 0.00470323 0.00515269 0.0056795 0.00624532 0.00697336 0.00782094 0.00884645 0.0100376 0.0114559 0.0131656 0.0150777 0.0172797 0.019714 0.0223897 0.0251907 0.0280005 0.0307657 0.0332531 0.0353368 0.03673 0.0373084 0.0368546 0.0352039 0.0322616 0.0279323 0.0223235 0.0154645 0.00763632 -0.000961844 -0.00993322 -0.0189488 -0.0275966 -0.0354777 -0.0422693 -0.0476556 -0.0515366 -0.0537622 -0.0544217 -0.0535155 -0.0513012 -0.0479558 -0.043849 -0.0392281 -0.0344096 -0.0295908 -0.0249719 -0.0206947 -0.0168534 -0.0135304 -0.0107092 -0.00841024 -0.00653545 -0.00508232 -0.00392582 -0.00307692 -0.00241271 -0.00196381 -0.00161367 -0.00140771 -0.00123607 -0.00115586 -0.00106412 -0.00102573 -0.000941154 -0.000876154 -0.000728667 -0.000558166 -0.000255822 0.000129487 0.000713851 0.00146177 0.00249667 0.00380173 0.00550661 0.00761138 0.0102299 0.0133479 0.0170107 0.0211465 0.0256948 0.0305232 0.035468 0.0403427 0.0448665 0.04879 0.0517473 0.0535231 0.0538222 0.0525921 0.0496903 0.0452194 0.0392072 0.0319247 0.0236231 0.0146936 0.00551554 -0.00354803 -0.012094 -0.019868 -0.0265451 -0.0320384 -0.0361643 -0.0389714 -0.0404713 -0.0408222 -0.0401869 -0.0386949 -0.0366038 -0.0340553 -0.0313224 -0.0284603 -0.0256339 -0.0229496 -0.0204724 -0.0182633 -0.0162471 -0.0145361 -0.0130624 -0.0118114 -0.0107433 -0.00983084 -0.0091187 -0.00846695 -0.00792816 -0.00748318 -0.00709374 -0.00676606 -0.00644517 -0.00621159 -0.00597977 -0.00574734 -0.00558238 -0.00540017 -0.00524496 -0.00510131 -0.00496545 -0.00486088 -0.00473351 -0.00464642 -0.00455778 -0.00444296 -0.00439205 -0.00431787 -0.00421927 -0.00416861 -0.00411304 -0.00406271 -0.0040086 -0.00394728 -0.00393241 -0.00389282 -0.00382733 -0.00381744 -0.00379146 -0.00374202 -0.00374055 -0.00372551 -0.00368699 -0.00368635 -0.00367918 -0.00365258 -0.00365762 
0 7.95545e-05 0.000126483 0.000201615 0.00027505 0.000320617 0.00039838 0.000478942 0.000539677 0.000618794 0.000691884 0.000762353 0.000836124 0.000906736 0.00101397 0.0010955 0.00114628 0.00126078 0.0013702 0.00145413 0.00155571 0.00165091 0.00177713 0.00189681 0.0020055 0.00215348 0.00228497 0.0024369 0.00260309 0.00276254 0.00295964 0.00314632 0.00337087 0.00361655 0.0038614 0.00417543 0.0045028 0.00488209 0.00531677 0.00582328 0.00643868 0.0071163 0.0079634 0.00896857 0.010147 0.0115418 0.0131699 0.0151023 0.0172529 0.019672 0.0223343 0.0251812 0.0281153 0.0309814 0.0337287 0.0361233 0.037996 0.0391018 0.039299 0.0384346 0.0363212 0.0328967 0.0280939 0.0220487 0.0148245 0.0066578 -0.00222751 -0.0114717 -0.0207059 -0.0295661 -0.0376567 -0.0446886 -0.0503348 -0.0544709 -0.0569411 -0.0578013 -0.0570688 -0.0549546 -0.0516552 -0.0474946 -0.0427575 -0.0377355 -0.0326717 -0.0277516 -0.023156 -0.018975 -0.0153245 -0.0121927 -0.00961928 -0.00750877 -0.00585836 -0.00454365 -0.00356344 -0.0027998 -0.00226689 -0.00185885 -0.00160191 -0.00140041 -0.00128984 -0.00118312 -0.0011221 -0.00102384 -0.000930819 -0.000757311 -0.00054035 -0.000186323 0.000276392 0.00095133 0.00182127 0.00300223 0.00449253 0.00641918 0.00878786 0.0117082 0.015153 0.0191597 0.0236274 0.0284948 0.0335935 0.0387696 0.0437929 0.0484017 0.0523072 0.0551865 0.0568033 0.0569141 0.0554458 0.0522948 0.0475607 0.0413091 0.0338218 0.0253348 0.0162264 0.00682697 -0.00247345 -0.011308 -0.0193949 -0.0264672 -0.0324085 -0.0370288 -0.0403318 -0.0423033 -0.0431099 -0.042859 -0.0416894 -0.0397995 -0.0373739 -0.034667 -0.0317507 -0.0288059 -0.0259299 -0.0232496 -0.0207977 -0.0185545 -0.0166078 -0.0149084 -0.0134709 -0.0122194 -0.0111667 -0.0103082 -0.00955175 -0.00893135 -0.00838975 -0.00794435 -0.00755366 -0.00719481 -0.0069138 -0.00663549 -0.00640087 -0.00618923 -0.00598599 -0.00582402 -0.00565022 -0.00551221 -0.00538012 -0.00524169 -0.00514458 -0.00503546 -0.00493903 -0.00484021 -0.00474347 -0.00470119 -0.00462058 -0.00452534 -0.0044821 -0.00443516 -0.00438792 -0.00433237 -0.00427758 -0.00425184 -0.0042062 -0.00417075 -0.00416455 -0.00412587 -0.00409551 -0.00409216 -0.00406383 -0.0040461 -0.00405195 -0.00403505 
0 7.76056e-05 0.000124403 0.000215329 0.000309261 0.000365329 0.000452874 0.000528072 0.000575823 0.000672233 0.000758929 0.000836124 0.00094287 0.00100813 0.00109338 0.00120766 0.00127723 0.00139147 0.00150182 0.00157501 0.00172019 0.00184607 0.00195044 0.00209534 0.00222217 0.00237372 0.00252403 0.00268033 0.002879 0.00304827 0.00326587 0.00350641 0.00372969 0.00401786 0.0043111 0.00464836 0.00503266 0.0054538 0.00597942 0.00655602 0.00725535 0.0080845 0.00905197 0.0102306 0.0115826 0.0131939 0.0150565 0.0171878 0.019592 0.0222095 0.025071 0.0280398 0.0310361 0.0339133 0.0365383 0.0387588 0.0403106 0.0410585 0.040804 0.0394595 0.0368576 0.0329295 0.0277069 0.0212615 0.0137706 0.00535357 -0.00368441 -0.0130676 -0.0223874 -0.0313239 -0.0395293 -0.0466962 -0.0525643 -0.0569015 -0.0596341 -0.0606947 -0.0602007 -0.0582375 -0.055076 -0.0509356 -0.0461622 -0.0410017 -0.0357425 -0.0305713 -0.0256795 -0.0211946 -0.0172122 -0.0137892 -0.0109157 -0.00857955 -0.00669773 -0.005235 -0.00408945 -0.00323985 -0.002591 -0.00214114 -0.00180334 -0.00158995 -0.00142082 -0.00131828 -0.0012072 -0.00111445 -0.000965271 -0.000783693 -0.000490369 -0.000100659 0.00047161 0.00122374 0.00225049 0.00356762 0.00527954 0.00741943 0.0100826 0.0132885 0.0170716 0.0213889 0.0261738 0.0313108 0.0366376 0.0419797 0.0470773 0.0516911 0.055484 0.0582186 0.0595993 0.0595022 0.0577613 0.0543974 0.0494203 0.0430224 0.035409 0.0268698 0.0177079 0.00823439 -0.00115967 -0.0101691 -0.0184533 -0.0258591 -0.0321665 -0.0372743 -0.041067 -0.0435686 -0.0448821 -0.0450839 -0.0443341 -0.0427357 -0.0405508 -0.0379283 -0.0350469 -0.0320417 -0.0290333 -0.0261794 -0.0234856 -0.0210467 -0.0188495 -0.0169258 -0.015273 -0.013831 -0.0126326 -0.0115908 -0.0107293 -0.0100034 -0.00936378 -0.00884389 -0.00837353 -0.00798825 -0.00763608 -0.00731643 -0.00707352 -0.00681277 -0.00659827 -0.00641436 -0.0062229 -0.00606946 -0.00590676 -0.00577803 -0.00564544 -0.00550161 -0.00542988 -0.00531959 -0.00520696 -0.00515056 -0.00505657 -0.00499006 -0.00493537 -0.0048458 -0.0047947 -0.00473969 -0.00468997 -0.00467192 -0.0046175 -0.00457454 -0.00455626 -0.00451246 -0.00449015 -0.00448235 -0.0044534 -0.00443719 -0.00443436 -0.00442143 
0 7.06838e-05 0.000179158 0.000243896 0.000303191 0.000403894 0.000483252 0.000560865 0.000663649 0.000751526 0.000827083 0.000906736 0.00100813 0.00111654 0.00119567 0.0012998 0.00142839 0.00152434 0.00163348 0.00175302 0.00187341 0.00201712 0.00213173 0.00227404 0.00245806 0.00259773 0.00277063 0.00297269 0.00315483 0.00336708 0.00359418 0.00385232 0.00411907 0.00441271 0.00478285 0.00515342 0.00558633 0.00610851 0.0066927 0.00738127 0.00817535 0.00914985 0.0102814 0.0115991 0.0131767 0.0149926 0.0170915 0.0194375 0.0220548 0.0248962 0.0278778 0.0309416 0.0339275 0.0367384 0.039175 0.0410857 0.042268 0.0425454 0.0418074 0.0399085 0.0367957 0.0323853 0.026764 0.0200142 0.0122968 0.00377234 -0.00533093 -0.0146874 -0.0239863 -0.0328722 -0.0410913 -0.0483189 -0.0543259 -0.0588567 -0.0618101 -0.0631275 -0.0628737 -0.0611612 -0.0581743 -0.054166 -0.0494022 -0.0441933 -0.0387767 -0.0334125 -0.0282548 -0.0234927 -0.019199 -0.0154803 -0.0123175 -0.00972879 -0.00762519 -0.00597817 -0.00468262 -0.00370859 -0.00296534 -0.00243469 -0.00204188 -0.00177762 -0.0015785 -0.00144134 -0.00130979 -0.00118345 -0.00100677 -0.000777212 -0.000433539 3.25729e-05 0.000692527 0.00156309 0.00273085 0.00422496 0.00614906 0.00853674 0.0114852 0.0149917 0.0190943 0.0237069 0.0287783 0.0341376 0.0396528 0.0450797 0.0502014 0.0547103 0.0583433 0.0608241 0.0619507 0.061569 0.0595804 0.0559846 0.0508365 0.0443405 0.0366981 0.0282095 0.019102 0.00971027 0.000325917 -0.00870157 -0.0171253 -0.0247413 -0.031376 -0.0369011 -0.0411846 -0.0442468 -0.0460896 -0.04683 -0.0465346 -0.0453648 -0.0434849 -0.0410592 -0.0382868 -0.0352885 -0.0322458 -0.0292267 -0.0263618 -0.0237108 -0.0212935 -0.0191424 -0.0172339 -0.015618 -0.0142112 -0.0130016 -0.0119911 -0.0111348 -0.0104186 -0.00977565 -0.00925938 -0.00881916 -0.00840229 -0.00806298 -0.00775735 -0.00748649 -0.00722764 -0.00700186 -0.0068202 -0.0066087 -0.00644559 -0.00631619 -0.00615529 -0.0060287 -0.00591393 -0.00580573 -0.0057068 -0.00558993 -0.00550841 -0.00543934 -0.0053537 -0.00528629 -0.00522523 -0.00518169 -0.0051279 -0.00505052 -0.0050286 -0.0049997 -0.00492861 -0.00492445 -0.00491011 -0.0048456 -0.00485595 -0.00485472 -0.00479864 -0.00481689 
0 8.44552e-05 0.00017802 0.000261318 0.000346211 0.0004427 0.000522266 0.000611368 0.000720778 0.000802034 0.000897389 0.00101397 0.00109338 0.00119567 0.00132534 0.001427 0.00153235 0.00164543 0.00178436 0.00192957 0.00203934 0.00218632 0.0023435 0.00249279 0.00267535 0.00283236 0.0030241 0.00324743 0.00344398 0.00368893 0.00394746 0.00422888 0.00453826 0.0048683 0.00528239 0.00570217 0.00619438 0.00680046 0.00746779 0.00826674 0.00919461 0.0103262 0.0116352 0.0131383 0.0149415 0.0169855 0.0193059 0.0218622 0.0246737 0.0276802 0.0307388 0.0338114 0.0367245 0.0393731 0.0415298 0.0430461 0.0437753 0.0435387 0.0422582 0.0397918 0.0361577 0.031307 0.0253426 0.0183572 0.0105007 0.00195939 -0.0070814 -0.016303 -0.0254598 -0.0342112 -0.0423512 -0.0495729 -0.0556581 -0.0603521 -0.0635227 -0.0651133 -0.0651442 -0.06373 -0.0609918 -0.0571788 -0.0525057 -0.0473039 -0.0417953 -0.0362752 -0.0308967 -0.0258764 -0.0212947 -0.0172799 -0.01383 -0.0109743 -0.0086395 -0.00679074 -0.00533427 -0.00422177 -0.00337509 -0.00275346 -0.00229832 -0.00197578 -0.00174062 -0.00156313 -0.00140569 -0.00124038 -0.00103055 -0.000746584 -0.000346003 0.000205048 0.000960611 0.00196143 0.00327998 0.00496645 0.00711197 0.00976113 0.0129941 0.016802 0.0212025 0.0260913 0.0314047 0.0369482 0.0425859 0.0480403 0.0531018 0.0574381 0.0608293 0.0630013 0.0638178 0.0631256 0.0608784 0.057073 0.0518054 0.0452786 0.0376981 0.029346 0.0204141 0.0112182 0.00198574 -0.00695307 -0.015408 -0.0231545 -0.0300401 -0.0359251 -0.0406851 -0.044308 -0.04673 -0.0480469 -0.0482891 -0.0476251 -0.046152 -0.0440214 -0.0414342 -0.0385306 -0.0355008 -0.0323876 -0.0293733 -0.0265307 -0.0239059 -0.0215242 -0.0193772 -0.0175521 -0.0159444 -0.014558 -0.0133823 -0.012388 -0.0115602 -0.0108085 -0.0102068 -0.00968845 -0.00921362 -0.00882264 -0.00846458 -0.0081683 -0.00787874 -0.00762453 -0.00742467 -0.0071994 -0.0070177 -0.00685058 -0.00668653 -0.00656075 -0.00640755 -0.00627854 -0.00618214 -0.00607959 -0.00598575 -0.00587448 -0.00580043 -0.00575312 -0.00566139 -0.00559394 -0.00554717 -0.00548107 -0.00543828 -0.00540284 -0.00536168 -0.00532822 -0.00529511 -0.00527098 -0.00524767 -0.00522751 -0.00522012 -0.00520704 
0 9.93444e-05 0.000171626 0.000281128 0.000385942 0.000473938 0.000581729 0.000670619 0.000762669 0.000866852 0.000965615 0.0010955 0.00120766 0.0012998 0.001427 0.00153972 0.00166299 0.00180961 0.00192649 0.00206981 0.0022262 0.0023746 0.0025566 0.00271727 0.0028877 0.0031004 0.0032978 0.0035205 0.00376477 0.00402058 0.00431869 0.00462464 0.00497205 0.00536974 0.00580146 0.00630604 0.0068764 0.00755353 0.0083441 0.00924892 0.0103475 0.0116322 0.0131242 0.0148573 0.0168606 0.0191538 0.0216715 0.024438 0.027419 0.0305179 0.0336254 0.0366125 0.0393982 0.0417727 0.0435636 0.0446139 0.044802 0.0440215 0.0421297 0.0391123 0.0349485 0.0297154 0.0234627 0.0163109 0.00841484 -6.49963e-05 -0.00890463 -0.01791 -0.0267949 -0.0353513 -0.0433109 -0.0504696 -0.0565653 -0.0613877 -0.0647724 -0.0666379 -0.0670035 -0.0659103 -0.063504 -0.0599244 -0.0554407 -0.050284 -0.0447715 -0.0391201 -0.033587 -0.0283189 -0.0234905 -0.0191754 -0.0154539 -0.0123155 -0.00974719 -0.00767965 -0.00605302 -0.0047904 -0.00382951 -0.00311106 -0.0025821 -0.00219941 -0.00191615 -0.00169855 -0.0015028 -0.00129887 -0.00104304 -0.000703108 -0.00023249 0.000408817 0.0012733 0.00241549 0.00389794 0.00579409 0.00816967 0.011098 0.0146088 0.0187257 0.0233919 0.0285495 0.0340468 0.0397524 0.0454297 0.0508745 0.0557765 0.0599 0.0629587 0.0647953 0.0652376 0.0642259 0.0617006 0.0577106 0.0523694 0.0458645 0.0384313 0.0302695 0.0216279 0.0127003 0.00375892 -0.00501252 -0.0133807 -0.0211848 -0.0282388 -0.034412 -0.0396179 -0.0437566 -0.046795 -0.0486906 -0.0495467 -0.0494323 -0.0484555 -0.0467231 -0.0444006 -0.0417006 -0.0387284 -0.0356269 -0.0325053 -0.0295116 -0.0267046 -0.0240911 -0.0217423 -0.01966 -0.0178522 -0.0162697 -0.0149053 -0.0137645 -0.0127754 -0.0119387 -0.0112217 -0.0106075 -0.0100894 -0.0096206 -0.00922553 -0.00887655 -0.00856109 -0.00829032 -0.00802657 -0.00780927 -0.00761004 -0.00739915 -0.00723438 -0.00707525 -0.00692596 -0.00680147 -0.00666187 -0.00655379 -0.00645917 -0.00635689 -0.00627706 -0.00617785 -0.00609398 -0.00603862 -0.00596961 -0.00592821 -0.00586962 -0.00579999 -0.00578923 -0.00573986 -0.00568903 -0.0057022 -0.00565002 -0.00561079 -0.00564298 -0.00560347 
0 0.000114007 0.000196378 0.000310305 0.000414283 0.000491507 0.00061677 0.000735728 0.000822305 0.000954538 0.00107323 0.00114628 0.00127723 0.00142839 0.00153235 0.00166299 0.00181884 0.00194988 0.00208877 0.00224439 0.00240385 0.00257257 0.00275071 0.00293769 0.00313809 0.00336585 0.00359427 0.00382359 0.00410069 0.0043925 0.00469412 0.00504587 0.00544268 0.00588411 0.00637713 0.00695967 0.00763357 0.00840022 0.00931123 0.0103758 0.0116293 0.0130899 0.0147834 0.0167448 0.0189694 0.0214702 0.0241998 0.0271431 0.030243 0.0333846 0.036455 0.0393135 0.0418555 0.0438774 0.0452133 0.0457303 0.0453352 0.0439443 0.0414489 0.0378681 0.0332338 0.0276548 0.0211857 0.0139467 0.00608884 -0.00221757 -0.0107822 -0.0194548 -0.0280107 -0.0362759 -0.0440066 -0.0510253 -0.0570867 -0.0620022 -0.0655865 -0.0677468 -0.0684572 -0.0677397 -0.0656909 -0.0624252 -0.0581709 -0.0531483 -0.0476685 -0.0419596 -0.0362944 -0.0308305 -0.0257636 -0.0211759 -0.0171763 -0.0137604 -0.0109429 -0.00864886 -0.00683713 -0.0054132 -0.00432837 -0.00350165 -0.00289374 -0.00243928 -0.00210556 -0.00183602 -0.00160061 -0.00134599 -0.00104212 -0.000633878 -8.88118e-05 0.000655439 0.00163751 0.00293422 0.0045947 0.0067118 0.00933342 0.0125416 0.0163383 0.0207431 0.0256683 0.0310486 0.036708 0.0425058 0.0481856 0.0535312 0.0582301 0.0620539 0.0647502 0.0661877 0.0662421 0.0648763 0.0620804 0.0579223 0.0525474 0.0461282 0.0388899 0.0310041 0.0227037 0.0141531 0.00556966 -0.00291617 -0.0111192 -0.018881 -0.0260261 -0.0324252 -0.0380008 -0.0426329 -0.0462479 -0.0487668 -0.0502525 -0.0507489 -0.0503315 -0.0490822 -0.0471441 -0.0447102 -0.0419017 -0.038871 -0.0357325 -0.0326349 -0.0296596 -0.0268612 -0.0242987 -0.0219798 -0.0199362 -0.0181443 -0.0165938 -0.0152568 -0.0141127 -0.0131558 -0.012324 -0.0116118 -0.011012 -0.0104959 -0.0100345 -0.00962442 -0.00928612 -0.00896718 -0.00866778 -0.00842175 -0.00819631 -0.00798332 -0.00779209 -0.00762224 -0.00746283 -0.00731797 -0.00718846 -0.00704414 -0.00692569 -0.00684188 -0.00672268 -0.0066233 -0.0065786 -0.00649456 -0.00639929 -0.00635793 -0.00630524 -0.00623577 -0.00619963 -0.00616044 -0.00611205 -0.00609066 -0.00607412 -0.00605192 -0.00603441 -0.00601514 
0 0.000108442 0.000220475 0.000326967 0.000442095 0.000553023 0.000658607 0.000779842 0.000892479 0.00101092 0.00114496 0.00126078 0.00139147 0.00152434 0.00164543 0.00180961 0.00194988 0.00207181 0.00226227 0.0024384 0.00259525 0.00278152 0.0029717 0.00318565 0.00339622 0.00362569 0.00388704 0.00413824 0.00445143 0.0047802 0.00510867 0.00552232 0.00596463 0.00645537 0.00702067 0.00768084 0.0084611 0.00932796 0.0103821 0.011626 0.013048 0.0147152 0.0166296 0.0188311 0.0212726 0.0239633 0.0268892 0.0299563 0.0331125 0.0362167 0.0391718 0.0418205 0.0440125 0.0456002 0.0464049 0.0463489 0.0453288 0.0433052 0.0402211 0.0361108 0.0310742 0.0251991 0.0185941 0.0113399 0.00361386 -0.00443777 -0.0126536 -0.0209199 -0.0290931 -0.0369983 -0.044459 -0.0512741 -0.057272 -0.0622398 -0.0660223 -0.0684748 -0.0695514 -0.069234 -0.067578 -0.064678 -0.0607034 -0.0558845 -0.0504847 -0.0447821 -0.0390139 -0.0334024 -0.0281074 -0.0232778 -0.0189916 -0.0153108 -0.0122214 -0.00970285 -0.00767922 -0.00609416 -0.00486119 -0.00392791 -0.00322014 -0.00269678 -0.0022937 -0.00197557 -0.0016824 -0.00138045 -0.00101012 -0.000536609 0.000102834 0.000947925 0.00207041 0.00352106 0.00538524 0.00772163 0.0106121 0.0140886 0.0181805 0.0228433 0.0280176 0.0335714 0.0393633 0.0451864 0.0508192 0.0559882 0.0604282 0.0638894 0.0661829 0.0671872 0.0668294 0.0651031 0.0620337 0.05774 0.0523582 0.046087 0.0390855 0.0315489 0.0236427 0.0155459 0.00738892 -0.000725175 -0.00866719 -0.0163009 -0.0234475 -0.0300132 -0.0358786 -0.0409553 -0.0451059 -0.0482564 -0.0503988 -0.0515402 -0.0517438 -0.0510486 -0.0496013 -0.0475163 -0.0449561 -0.0420726 -0.0389892 -0.035853 -0.0327393 -0.0297887 -0.0270303 -0.0244912 -0.0222145 -0.0202003 -0.0184644 -0.0169215 -0.0156054 -0.0145036 -0.0135374 -0.0127141 -0.0120011 -0.0114145 -0.0108857 -0.0104073 -0.0100334 -0.009672 -0.00935213 -0.0090801 -0.0088155 -0.00859093 -0.00837631 -0.00818952 -0.00800482 -0.00782012 -0.00770642 -0.00757036 -0.00741454 -0.00731682 -0.00721472 -0.00711703 -0.00702935 -0.0069323 -0.00686445 -0.00679486 -0.00672706 -0.00668603 -0.00663047 -0.00658608 -0.00655706 -0.00650941 -0.00648324 -0.00646597 -0.0064367 -0.00643655 
