0 0 0 0 0 0 0 0 0 0 0 0 0 0 0 0 0 0 0 0 0 0 0 0 0 0 0 0 0 0 0 0 0 0 0 0 0 0 0 0 0 0 0 0 0 0 0 0 0 0 0 0 0 0 0 0 0 0 0 0 0 0 0 0 0 0 0 0 0 0 0 0 0 0 0 0 0 0 0 0 0 0 0 0 0 0 0 0 0 0 0 0 0 0 0 0 0 0 0 0 0 0 0 0 0 0 0 0 0 0 0 0 0 0 0 0 0 0 0 0 0 0 0 0 0 0 0 0 0 0 0 0 0 0 0 0 0 0 0 0 0 0 0 0 0 0 0 0 0 0 0 0 0 0 0 0 0 0 0 0 0 0 0 0 0 0 0 0 0 0 0 0 0 0 0 0 0 0 0 0 0 0 0 0 0 0 0 0 0 0 0 0 0 0 0 0 0 0 0 0 
0 8.12182e-06 -6.23454e-06 5.66631e-06 1.07623e-05 -1.69299e-06 1.38455e-05 1.32752e-05 7.41637e-07 2.03215e-05 1.61604e-05 7.6577e-06 2.87378e-05 1.54657e-05 8.86001e-06 2.66996e-05 1.64865e-05 2.36851e-05 3.66912e-05 3.20643e-05 3.00326e-05 2.46387e-05 3.42574e-05 3.08266e-05 3.26823e-05 4.79269e-05 3.3744e-05 3.54787e-05 4.11756e-05 5.86631e-05 6.14576e-05 3.2876e-05 5.79899e-05 6.16746e-05 5.38571e-05 6.04124e-05 5.42964e-05 6.74049e-05 6.16807e-05 7.51706e-05 7.03899e-05 7.26411e-05 9.27223e-05 7.64968e-05 9.32114e-05 9.24845e-05 9.85322e-05 9.62223e-05 0.000102107 0.000114649 9.85388e-05 0.00012138 0.00011749 0.000125575 0.000124719 0.000140194 0.000147224 0.000140622 0.000165726 0.000164913 0.000179277 0.000175069 0.000203706 0.000204187 0.00021168 0.000226601 0.000243321 0.000257367 0.000258571 0.000294156 0.000308604 0.000340383 0.000357736 0.000421933 0.000473936 0.000553109 0.000644848 0.000792865 0.000968158 0.00118303 0.00145612 0.00180582 0.00224238 0.00274722 0.00335945 0.00406415 0.00487565 0.00571351 0.00657309 0.00737387 0.00810617 0.00865114 0.0089763 0.0089731 0.00864089 0.0078973 0.00677461 0.00525572 0.00346434 0.00146054 -0.000600207 -0.0026574 -0.00455428 -0.0062232 -0.00752461 -0.00845577 -0.00896839 -0.00913459 -0.00894708 -0.00850756 -0.00784515 -0.00708384 -0.00623914 -0.00539668 -0.00455945 -0.00381614 -0.00315954 -0.00261658 -0.00214216 -0.00175856 -0.00145233 -0.00121648 -0.00102139 -0.000857485 -0.000747194 -0.000659389 -0.00059919 -0.000527787 -0.00050128 -0.000465809 -0.000450346 -0.000408796 -0.000404798 -0.000387504 -0.000373918 -0.000352054 -0.000346088 -0.000344035 -0.000318615 -0.000318782 -0.000306261 -0.000310682 -0.000283392 -0.000292633 -0.000284142 -0.000274726 -0.000268782 -0.000264966 -0.000267141 -0.000242418 -0.000257057 -0.000241316 -0.000237981 -0.000230988 -0.000230952 -0.000227142 -0.000210658 -0.000228887 -0.000209403 -0.00021327 -0.000211996 -0.000207402 -0.00021193 -0.000202878 -0.000207474 -0.000187571 -0.000206411 -0.000205642 -0.00017498 -0.00018591 -0.000188302 -0.000196034 -0.000181022 -0.000173019 -0.000188203 -0.000181018 -0.000185481 -0.000182315 -0.000180151 -0.000172452 -0.000162545 -0.000183029 -0.000170331 -0.000165312 -0.000183859 -0.000161859 -0.000165219 -0.000180736 -0.000163356 -0.000170171 -0.000174818 -0.000157374 -0.000163924 -0.00016701 -0.000158811 -0.000170617 -0.00017081 -0.000162239 -0.000168984 -0.000163701 
0 -6.23454e-06 1.93662e-05 3.47096e-06 6.12453e-06 2.57519e-05 4.90781e-06 2.04393e-05 3.18556e-05 1.29801e-05 3.29794e-05 3.05184e-05 2.42363e-05 4.42093e-05 4.20352e-05 5.07044e-05 4.71967e-05 4.46732e-05 5.22782e-05 3.46285e-05 6.39139e-05 7.58506e-05 5.41404e-05 8.23503e-05 7.63953e-05 6.22466e-05 8.80899e-05 9.90338e-05 8.63386e-05 7.28416e-05 9.30092e-05 0.000106138 0.000107091 0.000108893 0.000104684 0.000129773 0.000136453 0.000125373 0.000139391 0.000148375 0.000144903 0.000150316 0.000163305 0.000160926 0.000165166 0.000184476 0.000185674 0.000187921 0.000210268 0.000217675 0.0002191 0.000235984 0.000253718 0.000254249 0.00026237 0.000289271 0.000291651 0.000298402 0.000317953 0.000340206 0.000341976 0.000356685 0.000390158 0.000402449 0.000416865 0.000440943 0.000484358 0.000497499 0.00052707 0.000571482 0.000627962 0.000669499 0.000733623 0.000839521 0.000962618 0.00111274 0.0013089 0.00160124 0.001951 0.00239192 0.00293242 0.00364668 0.00450224 0.00553478 0.00673899 0.008168 0.0097561 0.0114471 0.0131299 0.0147447 0.0161655 0.0172627 0.0178717 0.0178785 0.017181 0.0157155 0.0134535 0.0104569 0.0068757 0.00291762 -0.00120003 -0.00526439 -0.0090544 -0.0123478 -0.0149627 -0.0168001 -0.0178552 -0.0181725 -0.0178364 -0.0169495 -0.0156686 -0.0141335 -0.0124803 -0.0107791 -0.00914056 -0.00763446 -0.00634379 -0.00523215 -0.00430291 -0.00351834 -0.00291627 -0.00242906 -0.00204448 -0.00171733 -0.00149194 -0.00132146 -0.00118848 -0.0010678 -0.000992758 -0.000945042 -0.000889662 -0.00083872 -0.000804385 -0.000791329 -0.000749128 -0.000720478 -0.000701251 -0.000691622 -0.000654835 -0.00063523 -0.000629143 -0.000608577 -0.000582823 -0.000570924 -0.000568791 -0.000540242 -0.000528312 -0.000526501 -0.000513314 -0.000494263 -0.000493716 -0.000491718 -0.000471053 -0.000469198 -0.000470763 -0.000454376 -0.000447253 -0.000448919 -0.000435698 -0.000423369 -0.000427392 -0.000418644 -0.000396585 -0.000404884 -0.000406348 -0.000392185 -0.000387709 -0.000379961 -0.000393237 -0.00039763 -0.000375722 -0.000359639 -0.000376193 -0.000386959 -0.000351941 -0.000358752 -0.000362356 -0.000335773 -0.000358316 -0.000361241 -0.00035165 -0.000351337 -0.000342456 -0.000348688 -0.000336749 -0.000342478 -0.000348698 -0.000324973 -0.000337918 -0.000335497 -0.000323826 -0.000345151 -0.000336803 -0.000331564 -0.000339375 -0.000323431 -0.000324211 -0.000330561 -0.00032255 -0.000330605 
0 5.66631e-06 3.47096e-06 1.25025e-05 1.90289e-05 1.71909e-05 2.727e-05 3.18889e-05 2.79774e-05 4.08285e-05 4.50253e-05 4.16019e-05 5.73682e-05 5.41953e-05 4.98802e-05 6.70929e-05 6.44152e-05 7.30199e-05 8.97048e-05 8.58341e-05 8.96857e-05 9.02007e-05 9.45681e-05 0.00010259 0.000107665 0.000118521 0.000117542 0.000121904 0.000129801 0.000149383 0.000157096 0.00013933 0.00016165 0.000171587 0.000167813 0.000180456 0.000182526 0.000193128 0.000200121 0.000217158 0.000217401 0.000228204 0.000252587 0.000246168 0.000264742 0.000277728 0.000286895 0.000291706 0.000310376 0.000327187 0.000322589 0.000352087 0.000364418 0.000376731 0.000389379 0.000420358 0.000436387 0.000444411 0.00048273 0.000503599 0.000525519 0.000543263 0.000591464 0.000612514 0.000637138 0.000677527 0.000725702 0.000761568 0.00079649 0.000869935 0.00093713 0.00101545 0.00110657 0.0012654 0.00144498 0.00167763 0.00198079 0.00241053 0.00294371 0.00360475 0.00443792 0.00549754 0.00679609 0.0083368 0.0101635 0.0122823 0.0146573 0.0171547 0.0196688 0.0220464 0.0241485 0.0257382 0.0266251 0.0265967 0.0255408 0.0233287 0.0199631 0.0155047 0.0102021 0.00432383 -0.00177858 -0.0078149 -0.0134269 -0.0183227 -0.0222092 -0.0249715 -0.0265599 -0.0270706 -0.0265917 -0.0253174 -0.0234299 -0.021176 -0.0187103 -0.0161988 -0.0137526 -0.0115236 -0.00957131 -0.00791246 -0.00650237 -0.00533969 -0.00441383 -0.0036827 -0.00309179 -0.00261139 -0.00226132 -0.00199751 -0.00179508 -0.00161463 -0.00150275 -0.00141263 -0.0013398 -0.00125519 -0.00121152 -0.00117055 -0.00112284 -0.00107357 -0.00104605 -0.00102411 -0.000976913 -0.000953702 -0.000931773 -0.000914814 -0.000873787 -0.000865795 -0.000849911 -0.000823293 -0.000804414 -0.000794074 -0.000781627 -0.000748859 -0.000750477 -0.000731676 -0.000713336 -0.000700214 -0.000694589 -0.000678962 -0.000659096 -0.000667423 -0.000645541 -0.000638344 -0.00063537 -0.00062667 -0.000619854 -0.000611877 -0.00060875 -0.000587969 -0.000598745 -0.000591071 -0.000562892 -0.00056761 -0.000566978 -0.000564805 -0.000552333 -0.000545898 -0.00054763 -0.000544914 -0.000546946 -0.000536912 -0.000535575 -0.000524958 -0.000514878 -0.000528146 -0.000516114 -0.000512904 -0.000521258 -0.000505085 -0.000507566 -0.000514217 -0.000504054 -0.000506711 -0.000506383 -0.000494605 -0.000495768 -0.000497141 -0.000492233 -0.000499195 -0.000499838 -0.000495908 -0.000500742 -0.000492045 
0 1.07623e-05 6.12453e-06 1.90289e-05 2.46655e-05 2.14049e-05 3.7535e-05 3.9525e-05 3.8798e-05 5.54224e-05 5.46403e-05 5.82066e-05 7.33044e-05 7.20812e-05 7.81891e-05 8.83947e-05 9.04354e-05 9.70016e-05 0.000104263 0.000113756 0.000116492 0.000122184 0.000136718 0.000136425 0.000144957 0.0001586 0.000159846 0.000166848 0.000173995 0.000189549 0.000196096 0.00019482 0.000214041 0.000223061 0.000230269 0.000241274 0.000249892 0.000263908 0.000271462 0.00028638 0.000294234 0.000306621 0.000324921 0.000330426 0.000349096 0.000363648 0.000378592 0.000393063 0.000411958 0.000432887 0.000443034 0.000470457 0.000489369 0.000508684 0.000530805 0.000558716 0.000583971 0.000602783 0.000640901 0.000668671 0.000699411 0.000730709 0.000776816 0.000814063 0.000850462 0.000904264 0.000958649 0.00101524 0.00107148 0.00116045 0.00125172 0.00136205 0.00149935 0.00169905 0.00194764 0.00226485 0.00268866 0.00325317 0.00397447 0.00486797 0.00600145 0.00741493 0.00915211 0.0112155 0.0136577 0.0164646 0.0195899 0.0228756 0.0261769 0.0292897 0.0320109 0.0340535 0.0351608 0.0350747 0.0336251 0.0306739 0.0262152 0.0203583 0.0133933 0.00568483 -0.00233443 -0.0102508 -0.0176202 -0.0240455 -0.0291818 -0.0328517 -0.0350011 -0.0357223 -0.0351538 -0.0335302 -0.0311002 -0.0281581 -0.0249255 -0.0216223 -0.0184078 -0.0154613 -0.0128579 -0.0106359 -0.00874987 -0.0071999 -0.00594587 -0.00495572 -0.0041551 -0.0035237 -0.00304113 -0.00268171 -0.00240072 -0.00217511 -0.00201382 -0.00188913 -0.00178807 -0.00168929 -0.00162367 -0.00156155 -0.00150494 -0.0014442 -0.00140387 -0.00136319 -0.00131618 -0.00127878 -0.00124586 -0.0012167 -0.00117553 -0.00115372 -0.00112611 -0.00109889 -0.00107204 -0.00105302 -0.00103302 -0.00100512 -0.000993694 -0.000972687 -0.000955566 -0.000938094 -0.0009259 -0.000910457 -0.000891774 -0.000886186 -0.000867739 -0.000856972 -0.000845646 -0.000832834 -0.000824793 -0.000812417 -0.000804921 -0.000789735 -0.000787989 -0.000783197 -0.000764476 -0.000761612 -0.000757255 -0.000752713 -0.000741216 -0.000731286 -0.000734619 -0.000723241 -0.000716491 -0.000716099 -0.000708516 -0.000703477 -0.000698382 -0.000699976 -0.00069276 -0.000685252 -0.000691387 -0.000679871 -0.000675785 -0.000682921 -0.000669816 -0.000670371 -0.00067444 -0.000662702 -0.000667125 -0.000667926 -0.000659982 -0.000665674 -0.000660656 -0.000653915 -0.000661751 -0.000658553 
0 -1.69299e-06 2.57519e-05 1.71909e-05 2.14049e-05 4.62694e-05 3.33612e-05 4.47692e-05 6.7815e-05 5.33421e-05 6.92193e-05 8.58997e-05 7.18192e-05 9.47251e-05 0.000109793 0.000102783 0.000120938 0.000124482 0.000122997 0.000132073 0.000147345 0.000165311 0.000160784 0.000178571 0.00018824 0.000179589 0.000206942 0.000220242 0.000226928 0.000217579 0.000228591 0.000273303 0.000260562 0.000271118 0.000289704 0.000300928 0.000324562 0.000322339 0.000347875 0.000351673 0.000373579 0.000390097 0.000390887 0.000427191 0.000428411 0.000456859 0.000469991 0.000495178 0.000517809 0.000530321 0.000572522 0.000578303 0.000618378 0.000635898 0.000672542 0.000697073 0.000726353 0.000770881 0.00079121 0.000843585 0.000869692 0.000929226 0.00096036 0.00102127 0.00107146 0.00113225 0.00119998 0.00126702 0.00136213 0.00144689 0.00157947 0.00170935 0.00191141 0.00213826 0.0024686 0.0028714 0.00342577 0.00412764 0.0050395 0.0061836 0.00761972 0.0094048 0.0115726 0.0141803 0.0172223 0.0207187 0.0245467 0.0286007 0.0326278 0.03644 0.0396995 0.0421471 0.0434004 0.0432278 0.0413405 0.0376625 0.0321268 0.0249524 0.0164016 0.00697972 -0.00286502 -0.012542 -0.0215849 -0.0294477 -0.0358037 -0.0403573 -0.0431024 -0.0440572 -0.0434696 -0.0415449 -0.0386561 -0.0350669 -0.0311335 -0.0270623 -0.0231325 -0.0194725 -0.0162398 -0.0134335 -0.0110815 -0.00912537 -0.00754392 -0.00627271 -0.00526084 -0.00447176 -0.0038503 -0.00338957 -0.00301823 -0.00275711 -0.00252996 -0.00238005 -0.00223182 -0.00213803 -0.0020311 -0.00195946 -0.0018814 -0.00182026 -0.0017604 -0.00169815 -0.00165943 -0.00159857 -0.00156696 -0.001509 -0.00148827 -0.00143644 -0.00140835 -0.00137524 -0.00134325 -0.00131889 -0.00128019 -0.00127428 -0.0012308 -0.00122201 -0.00119461 -0.00117818 -0.00115789 -0.00113468 -0.00113262 -0.00109411 -0.00109465 -0.00107109 -0.00105766 -0.00104574 -0.0010214 -0.00102056 -0.00100038 -0.00100514 -0.000972907 -0.000960396 -0.000983123 -0.00095885 -0.000942615 -0.00092523 -0.000934805 -0.000933281 -0.000903889 -0.000907321 -0.000895026 -0.00088653 -0.000886257 -0.000885956 -0.000886627 -0.000861419 -0.000868286 -0.000869021 -0.000844223 -0.000862875 -0.000855808 -0.000832068 -0.000849399 -0.000839037 -0.000827586 -0.000847458 -0.000835397 -0.000826765 -0.000837736 -0.000821762 -0.000821719 -0.000830645 -0.000816577 -0.000825916 
0 1.38455e-05 4.90781e-06 2.727e-05 3.7535e-05 3.33612e-05 5.86315e-05 5.88847e-05 6.03563e-05 8.32448e-05 8.03001e-05 9.38507e-05 0.000107406 0.00010642 0.0001189 0.000119221 0.000139439 0.000151767 0.000156183 0.000189266 0.000172815 0.000174969 0.000207444 0.000195671 0.000218255 0.000242756 0.00023791 0.000242632 0.000265391 0.000297651 0.000296884 0.000302884 0.000313941 0.000332403 0.000359566 0.000350728 0.000368884 0.000397075 0.000407258 0.000423701 0.000447448 0.000469576 0.000479778 0.000512738 0.000532222 0.000544434 0.000575567 0.000600318 0.000617249 0.000641561 0.000679857 0.000698904 0.000726326 0.000767986 0.00080236 0.000830145 0.000874397 0.000924611 0.000959186 0.00100511 0.00106315 0.00111895 0.0011642 0.00123145 0.00130394 0.00137253 0.00144348 0.00154032 0.00164701 0.00175836 0.00189942 0.0020849 0.0023196 0.0026063 0.0029967 0.00351186 0.00418751 0.00504216 0.00615099 0.00755386 0.00931281 0.0114654 0.0140909 0.017226 0.020889 0.025028 0.0295546 0.0342994 0.0390279 0.0434386 0.0471938 0.049936 0.0512994 0.0509529 0.0486283 0.044191 0.0376499 0.0292054 0.0192088 0.00816707 -0.00334174 -0.0146816 -0.0252497 -0.0344888 -0.0419776 -0.047432 -0.0507617 -0.05203 -0.0514559 -0.04934 -0.0460383 -0.0419088 -0.0373047 -0.0325505 -0.0279146 -0.023597 -0.019717 -0.0163503 -0.0135025 -0.0111493 -0.00921514 -0.00765937 -0.00642186 -0.00546364 -0.00470458 -0.00411961 -0.00367153 -0.0033432 -0.00307653 -0.00286391 -0.00269877 -0.00257302 -0.00245442 -0.00234516 -0.00226244 -0.00218897 -0.00211124 -0.0020362 -0.00198619 -0.00193013 -0.00186964 -0.00181905 -0.00178526 -0.00173615 -0.00168934 -0.00165931 -0.00162735 -0.0015832 -0.0015517 -0.00153125 -0.00149188 -0.00146103 -0.00144078 -0.00141588 -0.00137971 -0.00136588 -0.00134668 -0.00131602 -0.0013055 -0.00128932 -0.00126741 -0.00125063 -0.0012518 -0.00122511 -0.00120097 -0.00120352 -0.00118713 -0.00117563 -0.00114811 -0.00113203 -0.00113958 -0.00113431 -0.00110976 -0.00108751 -0.00110742 -0.00109275 -0.00107701 -0.00109377 -0.00106031 -0.00104902 -0.00105413 -0.00104126 -0.00104335 -0.0010328 -0.00103168 -0.00102293 -0.00101415 -0.00102735 -0.00101299 -0.00101148 -0.00101416 -0.00099239 -0.000997429 -0.000997497 -0.000988095 -0.000999294 -0.000998759 -0.000993739 -0.000997014 -0.000988396 
0 1.32752e-05 2.04393e-05 3.18889e-05 3.9525e-05 4.47692e-05 5.88847e-05 6.70326e-05 7.70194e-05 9.07685e-05 9.58155e-05 0.000109527 0.00011875 0.000128325 0.000147283 0.00015055 0.000164614 0.000173369 0.000172185 0.00019668 0.000204786 0.000219015 0.000244092 0.000242201 0.000257368 0.000273441 0.0002815 0.000301225 0.000313277 0.000318705 0.000331893 0.000361963 0.000373035 0.00038469 0.000413413 0.00042231 0.000444762 0.00046966 0.000479625 0.000497781 0.000525574 0.000543885 0.000556028 0.000591903 0.00061427 0.000631053 0.00066816 0.000700355 0.000721796 0.000755166 0.000800914 0.000824844 0.000858134 0.000907757 0.00094615 0.000976867 0.00102813 0.00108471 0.00112166 0.00117337 0.00124211 0.0013042 0.00135589 0.00143492 0.00152356 0.0016012 0.00168634 0.00180436 0.00193515 0.0020664 0.00223738 0.00246735 0.00275226 0.00309731 0.00356686 0.00419449 0.00500338 0.00602288 0.0073406 0.0090181 0.0111045 0.0136469 0.0167305 0.0204067 0.0246669 0.0294387 0.0346107 0.0400052 0.0453484 0.0502896 0.0544374 0.0574007 0.0587793 0.0582091 0.0553989 0.050219 0.042707 0.0330941 0.0217622 0.00925736 -0.00377406 -0.0166148 -0.0285861 -0.0390841 -0.047652 -0.0539725 -0.0579191 -0.0595401 -0.0590676 -0.0568319 -0.0532203 -0.0486217 -0.0434389 -0.0380489 -0.0327661 -0.027805 -0.0233067 -0.0193683 -0.0160277 -0.0132527 -0.0109627 -0.0091047 -0.00763298 -0.00649083 -0.00558584 -0.00487674 -0.00433934 -0.0039461 -0.00362749 -0.00336782 -0.00317037 -0.00302421 -0.00288364 -0.00275323 -0.00265533 -0.00257318 -0.00247976 -0.00239098 -0.00233116 -0.00226683 -0.0021922 -0.00213061 -0.00208934 -0.00203014 -0.00197174 -0.00193427 -0.00189623 -0.00184352 -0.00180582 -0.00178244 -0.00173951 -0.00170421 -0.00168371 -0.00165664 -0.00161873 -0.0016023 -0.00158203 -0.00154609 -0.00152923 -0.00151183 -0.00148373 -0.00145929 -0.00144939 -0.00142498 -0.001406 -0.00139939 -0.00137191 -0.00136288 -0.0013607 -0.00134241 -0.00132338 -0.00131581 -0.00130782 -0.00129046 -0.00128787 -0.00126743 -0.0012505 -0.00125528 -0.00123937 -0.00123868 -0.00123603 -0.00121866 -0.00121779 -0.00120874 -0.0012032 -0.0012007 -0.00119102 -0.00118653 -0.00117811 -0.00117525 -0.00117461 -0.00117196 -0.00117324 -0.00117014 -0.00116725 -0.00115961 -0.00115321 -0.00115356 -0.00115153 -0.00115776 
0 7.41637e-07 3.18556e-05 2.79774e-05 3.8798e-05 6.7815e-05 6.03563e-05 7.70194e-05 9.85697e-05 9.2735e-05 0.000114865 0.000129388 0.000128834 0.000149768 0.000161981 0.000171811 0.000185834 0.00020075 0.00021504 0.000217124 0.000240749 0.000257013 0.00025643 0.000284158 0.00029649 0.000303402 0.000324595 0.000344954 0.000367137 0.000364134 0.000387189 0.000422055 0.000423946 0.000443932 0.000463121 0.000485652 0.00050799 0.000525224 0.000552126 0.000568978 0.000604197 0.000624002 0.000644906 0.000684376 0.000704151 0.00073505 0.00076557 0.000803049 0.000828978 0.000864245 0.000913292 0.000938867 0.000985021 0.00103205 0.00108076 0.00112015 0.00117841 0.00124328 0.00128763 0.00135525 0.00142667 0.00150299 0.00156388 0.0016568 0.00175499 0.0018449 0.00194891 0.00208007 0.00223466 0.00238521 0.00259402 0.00285931 0.0031996 0.00360715 0.00416705 0.00490662 0.00585747 0.00705637 0.00859794 0.0105615 0.0129851 0.0159371 0.0194876 0.0237081 0.0285457 0.0339292 0.0396998 0.0456866 0.0515559 0.0569392 0.0613774 0.0644718 0.0657728 0.0649164 0.0615821 0.0556749 0.0472431 0.0365651 0.0240284 0.010227 -0.00415762 -0.0183259 -0.0315577 -0.043195 -0.0527721 -0.0599245 -0.0645104 -0.0665362 -0.0662533 -0.0639873 -0.0601704 -0.0551969 -0.0495334 -0.0435763 -0.037704 -0.0321285 -0.0270396 -0.0225333 -0.0186962 -0.0154799 -0.0128242 -0.0106516 -0.0089314 -0.00758648 -0.00652322 -0.00568649 -0.0050469 -0.00457853 -0.00419659 -0.00389411 -0.00365243 -0.00348061 -0.00331093 -0.00316509 -0.00304351 -0.00294709 -0.00284074 -0.00273948 -0.00266833 -0.0025903 -0.00251442 -0.00243906 -0.00239261 -0.00232546 -0.00226549 -0.00221912 -0.00217287 -0.00212259 -0.00207288 -0.00204601 -0.00199536 -0.00195883 -0.00192706 -0.00189291 -0.00185764 -0.0018256 -0.00180719 -0.00176645 -0.00174694 -0.00172498 -0.00169728 -0.00167958 -0.00165284 -0.00163807 -0.00161682 -0.00160454 -0.00157808 -0.00155357 -0.00155989 -0.00153436 -0.00150992 -0.00149943 -0.00149263 -0.00148484 -0.00145757 -0.00145676 -0.00144964 -0.00142745 -0.00142775 -0.0014184 -0.00140638 -0.00139436 -0.00138969 -0.00138778 -0.00136776 -0.00137353 -0.00137003 -0.00134724 -0.00136126 -0.00135174 -0.0013355 -0.00135205 -0.00133303 -0.00132358 -0.00134004 -0.00132245 -0.00132561 -0.00133675 -0.00131609 -0.00132373 
0 2.03215e-05 1.29801e-05 4.08285e-05 5.54224e-05 5.33421e-05 8.32448e-05 9.07685e-05 9.2735e-05 0.000121037 0.000127047 0.000134494 0.00016177 0.000168425 0.000174554 0.000195138 0.000207641 0.000221087 0.000242393 0.000264017 0.000269368 0.000274407 0.000302523 0.000312626 0.000326733 0.000360465 0.000368769 0.000375003 0.000393856 0.000437097 0.000456784 0.000445863 0.000481459 0.000507339 0.00052893 0.00054816 0.000561513 0.000601149 0.000617425 0.000651273 0.000673157 0.00070137 0.000741465 0.000758492 0.000804446 0.000826186 0.000869685 0.000902375 0.000937427 0.000986441 0.00101606 0.00107447 0.0011068 0.00117073 0.00121398 0.00127189 0.0013354 0.00139259 0.00146794 0.00152517 0.00162137 0.00168603 0.00178368 0.00187073 0.00198537 0.00209067 0.00221232 0.00236734 0.00252695 0.00272918 0.00295505 0.00328341 0.00365681 0.00416557 0.00480367 0.00567872 0.0067685 0.00817497 0.00995384 0.0122133 0.0149931 0.0183621 0.0224048 0.0271455 0.0325596 0.0384999 0.0448455 0.0513255 0.0576524 0.0633444 0.0679944 0.0710882 0.072245 0.0710034 0.0671414 0.0604957 0.051234 0.0395692 0.0259987 0.0110498 -0.00447051 -0.0198088 -0.0341158 -0.0467957 -0.0572717 -0.0652454 -0.0704547 -0.0729694 -0.0729347 -0.0707666 -0.0668224 -0.0616106 -0.0555415 -0.0491278 -0.0426976 -0.036571 -0.030896 -0.0258549 -0.0214974 -0.0178368 -0.0147904 -0.0122983 -0.0103122 -0.00874026 -0.0075144 -0.00653116 -0.00579963 -0.00522105 -0.00479545 -0.00442448 -0.00416392 -0.00393266 -0.00375741 -0.00358174 -0.00344802 -0.00332663 -0.0032079 -0.00310788 -0.00300407 -0.00293203 -0.00283145 -0.00276982 -0.00268657 -0.00263097 -0.0025593 -0.00250287 -0.00245176 -0.00238992 -0.00235233 -0.00229069 -0.00226117 -0.00220575 -0.0021732 -0.00213238 -0.00209372 -0.00206659 -0.0020207 -0.0020065 -0.00196487 -0.00194303 -0.0019147 -0.00188914 -0.00187615 -0.00183963 -0.00182316 -0.00179497 -0.00179267 -0.00177174 -0.00172345 -0.00172222 -0.00171919 -0.00170304 -0.00166917 -0.00165565 -0.00166104 -0.00163796 -0.00163088 -0.00162383 -0.00160225 -0.00158767 -0.00158057 -0.00158174 -0.00156454 -0.00155446 -0.00155801 -0.00153542 -0.00153204 -0.00154317 -0.00152107 -0.00151883 -0.00152346 -0.00149849 -0.00150476 -0.00150796 -0.00148749 -0.0015036 -0.00150032 -0.00148456 -0.00150178 -0.00148718 
0 1.61604e-05 3.29794e-05 4.50253e-05 5.46403e-05 6.92193e-05 8.03001e-05 9.58155e-05 0.000114865 0.000127047 0.000143246 0.000156333 0.000171424 0.000186513 0.000201946 0.000227235 0.00023125 0.000247015 0.000267106 0.000263593 0.000302115 0.000326743 0.000331355 0.000365132 0.000370325 0.000382035 0.000410447 0.00043584 0.000453858 0.000457602 0.000484996 0.000512158 0.000547709 0.000564445 0.000573933 0.000623681 0.000643282 0.000665654 0.000696196 0.000723922 0.000752339 0.000779446 0.000823349 0.00084158 0.000885997 0.000928358 0.000960219 0.00100618 0.00105078 0.00110269 0.00113739 0.00120162 0.00125101 0.0013023 0.00136329 0.00142666 0.00149364 0.00155227 0.00163966 0.001711 0.00179865 0.00188435 0.0019909 0.00209405 0.00220785 0.00234104 0.00248273 0.00265205 0.00283562 0.00307406 0.0033488 0.00371215 0.00415743 0.00474901 0.00550443 0.00649679 0.0077614 0.00937829 0.0114245 0.0139858 0.0171389 0.0209453 0.02548 0.0307423 0.0366913 0.0431698 0.0500128 0.0569283 0.0635828 0.0694969 0.0742163 0.0772291 0.0781141 0.076448 0.0720015 0.0646714 0.054618 0.0421084 0.0276247 0.0117455 -0.00473823 -0.0210201 -0.0362659 -0.0498273 -0.061143 -0.0698615 -0.0757298 -0.0787559 -0.0790872 -0.0770921 -0.0731628 -0.0678008 -0.0614654 -0.0546621 -0.0477647 -0.041111 -0.0349012 -0.0293273 -0.0244598 -0.0203321 -0.0168825 -0.0140596 -0.0117836 -0.0099764 -0.00855467 -0.0074383 -0.00658011 -0.00590866 -0.00540058 -0.00499098 -0.0046792 -0.00441045 -0.00420475 -0.00401749 -0.00386293 -0.0037137 -0.00359084 -0.00347703 -0.0033634 -0.00326529 -0.00317124 -0.00309276 -0.00299659 -0.00293019 -0.00285654 -0.00279032 -0.00271929 -0.00266722 -0.00261409 -0.00254895 -0.00251101 -0.00246158 -0.00241936 -0.0023701 -0.00234428 -0.00230104 -0.00225862 -0.00223735 -0.00219484 -0.00216594 -0.00213423 -0.00210912 -0.00206829 -0.00204987 -0.0020382 -0.00199161 -0.00197605 -0.00196072 -0.00194959 -0.00192958 -0.00189752 -0.00188375 -0.00187474 -0.00186922 -0.00183277 -0.00181811 -0.00181249 -0.00178105 -0.00179108 -0.00178271 -0.00175819 -0.00175733 -0.00174164 -0.00173355 -0.00172929 -0.00172139 -0.00171099 -0.00169718 -0.00169411 -0.00168503 -0.00168243 -0.00168474 -0.00167937 -0.00167943 -0.00167066 -0.00166239 -0.00165807 -0.00165216 -0.00165672 -0.00165791 
0 7.6577e-06 3.05184e-05 4.16019e-05 5.82066e-05 8.58997e-05 9.38507e-05 0.000109527 0.000129388 0.000134494 0.000156333 0.000174491 0.000187325 0.000206633 0.000219554 0.000242561 0.00025325 0.000276293 0.000308103 0.000304761 0.000335784 0.000354088 0.000349483 0.000394534 0.000409797 0.000425331 0.00045796 0.000470273 0.000501405 0.00052289 0.000548937 0.000570551 0.000592409 0.000622854 0.000635266 0.000681248 0.000703048 0.000721861 0.000773236 0.000797627 0.000832351 0.000869196 0.000913393 0.000942295 0.000981073 0.00103768 0.00106034 0.0011123 0.00116402 0.00120932 0.00125493 0.001317 0.0013833 0.00142616 0.00150543 0.00157792 0.00164812 0.00172023 0.00181582 0.00190821 0.00198796 0.00210079 0.00221375 0.00233317 0.00244971 0.00260761 0.00277082 0.00294903 0.00316345 0.00343337 0.00376258 0.00415868 0.00468685 0.00536538 0.00624888 0.00736726 0.00882328 0.010669 0.012999 0.0158805 0.0194216 0.023683 0.0287088 0.0344834 0.040934 0.047912 0.0551833 0.0624507 0.0693182 0.0753411 0.0800055 0.0828298 0.0833413 0.0811915 0.076137 0.068158 0.0573833 0.0441503 0.0289059 0.0122937 -0.00494794 -0.0219663 -0.0379823 -0.0522849 -0.0643496 -0.0737558 -0.0802854 -0.0838646 -0.0846528 -0.0829339 -0.0791441 -0.0737498 -0.0672719 -0.0601758 -0.0528944 -0.0457642 -0.0390634 -0.032975 -0.027607 -0.0229993 -0.019134 -0.0159614 -0.01338 -0.011317 -0.00968052 -0.00841694 -0.00741838 -0.00664532 -0.00603931 -0.00558643 -0.00521258 -0.00490619 -0.00465741 -0.00445843 -0.00427634 -0.00410108 -0.00396674 -0.00383869 -0.00371739 -0.00359203 -0.00350603 -0.00340942 -0.00331121 -0.00322952 -0.00316078 -0.0030862 -0.00300256 -0.00295645 -0.00288951 -0.00282578 -0.00277054 -0.00272742 -0.00266957 -0.00261281 -0.00258653 -0.00252861 -0.00248866 -0.00245518 -0.00241929 -0.00237862 -0.00234896 -0.00233272 -0.00228222 -0.00226707 -0.00224501 -0.0022094 -0.00219267 -0.0021606 -0.00214097 -0.00211481 -0.00209941 -0.00207615 -0.00205293 -0.0020492 -0.00201367 -0.00201562 -0.00201113 -0.00197243 -0.00197549 -0.00195669 -0.00193593 -0.0019348 -0.00191997 -0.00191062 -0.00189503 -0.0018919 -0.00188571 -0.00187171 -0.0018794 -0.00186718 -0.00185564 -0.00185536 -0.0018366 -0.00183455 -0.00183834 -0.0018331 -0.00183799 -0.00183798 -0.00182935 -0.00182459 
0 2.87378e-05 2.42363e-05 5.73682e-05 7.33044e-05 7.18192e-05 0.000107406 0.00011875 0.000128834 0.00016177 0.000171424 0.000187325 0.000210143 0.000227537 0.000245425 0.000257831 0.000286469 0.000298889 0.000312258 0.000354467 0.000360065 0.000376688 0.000414127 0.000423731 0.00044731 0.000473191 0.000503094 0.000514939 0.000525249 0.000584473 0.000601463 0.00061228 0.000651991 0.000679668 0.000718905 0.000739802 0.000771924 0.00080561 0.000840936 0.000881976 0.000900581 0.000955391 0.000992314 0.00102573 0.0010788 0.00112307 0.00117195 0.00121413 0.00128431 0.00132855 0.00138231 0.00145712 0.00151514 0.00157975 0.00164924 0.00174143 0.00180437 0.00189089 0.00199344 0.00208835 0.00218412 0.00229798 0.00243774 0.0025531 0.00269819 0.00286614 0.0030599 0.00325343 0.00350182 0.00381743 0.00419076 0.00465176 0.00525229 0.00605096 0.00705041 0.00833608 0.00998149 0.0120923 0.0147084 0.017942 0.02188 0.0266089 0.0321201 0.0383855 0.0453081 0.0527223 0.0603569 0.0678648 0.0748459 0.080836 0.0853388 0.0878389 0.0879031 0.0851907 0.0795383 0.0709242 0.0595301 0.0456714 0.0298495 0.012676 -0.00508913 -0.0226623 -0.0392481 -0.0541741 -0.0668639 -0.0769212 -0.084078 -0.0882681 -0.0895698 -0.088254 -0.0847055 -0.0794225 -0.0729046 -0.065637 -0.0580447 -0.0505133 -0.0433557 -0.0367834 -0.0309225 -0.0258301 -0.0215385 -0.0179871 -0.0150932 -0.0127417 -0.0108904 -0.00943949 -0.00831168 -0.00740642 -0.00671842 -0.00619028 -0.00577185 -0.0054144 -0.00513181 -0.00491213 -0.00470379 -0.0045161 -0.00435342 -0.00422766 -0.00407909 -0.00395312 -0.00384395 -0.0037464 -0.00363342 -0.00353822 -0.0034669 -0.00337283 -0.00329478 -0.00322257 -0.00316547 -0.00308448 -0.00302908 -0.00298112 -0.00291504 -0.00286852 -0.00282004 -0.00278039 -0.00272249 -0.0026931 -0.00265508 -0.00260319 -0.00257859 -0.00253844 -0.00251118 -0.00247187 -0.00244061 -0.00241571 -0.00239114 -0.00237447 -0.00232201 -0.00231358 -0.002312 -0.00227169 -0.00224894 -0.00223077 -0.00222474 -0.00219623 -0.00217482 -0.00217676 -0.00214256 -0.00213107 -0.00213032 -0.00210995 -0.00210052 -0.00208758 -0.00208283 -0.00206638 -0.00205526 -0.00206282 -0.00203329 -0.00202925 -0.00204019 -0.00201038 -0.00202242 -0.00202598 -0.00199525 -0.00201325 -0.00200371 -0.00198244 -0.00200878 -0.00199347 
0 1.54657e-05 4.42093e-05 5.41953e-05 7.20812e-05 9.47251e-05 0.00010642 0.000128325 0.000149768 0.000168425 0.000186513 0.000206633 0.000227537 0.00024076 0.000267879 0.000291259 0.00030496 0.000332652 0.000348755 0.000361955 0.000390939 0.000422723 0.000444894 0.000463804 0.000494537 0.000508703 0.000528171 0.000575528 0.000603826 0.000611649 0.000633443 0.000683133 0.000719204 0.000738045 0.000768002 0.000805489 0.000849009 0.000877788 0.000914245 0.000953773 0.00099295 0.00103934 0.00107644 0.0011259 0.00117121 0.00122545 0.00127384 0.00132831 0.00139361 0.00144491 0.00151406 0.00157955 0.00165483 0.00172003 0.00180508 0.00189341 0.00197137 0.00207059 0.00217225 0.00228541 0.00238413 0.00252194 0.00265752 0.00279933 0.00295373 0.00314457 0.00335499 0.00357467 0.0038628 0.00421183 0.00464753 0.0051652 0.0058701 0.00676868 0.00792236 0.00937073 0.0112488 0.0136187 0.0165587 0.020153 0.0245158 0.0297079 0.0356979 0.0424332 0.0497847 0.0575798 0.0654823 0.0731417 0.0801064 0.0859565 0.0901532 0.0922359 0.0917464 0.0884469 0.0821717 0.0729879 0.0610354 0.0466998 0.0304392 0.0129212 -0.00518446 -0.0230866 -0.040088 -0.0554692 -0.0687027 -0.0793238 -0.0871111 -0.0919155 -0.0938215 -0.0929912 -0.0898275 -0.084765 -0.0783461 -0.0710039 -0.0632114 -0.0553459 -0.047791 -0.0407622 -0.0344274 -0.0288592 -0.0241236 -0.0201829 -0.0169416 -0.0143044 -0.0121977 -0.0105599 -0.00926031 -0.00824078 -0.00743518 -0.00683945 -0.00634757 -0.00595348 -0.00562261 -0.00537408 -0.00514092 -0.0049321 -0.00475452 -0.00460078 -0.00445312 -0.00430355 -0.00419121 -0.00407048 -0.00396248 -0.00385159 -0.00376833 -0.00367339 -0.00358509 -0.00351102 -0.00343474 -0.00336604 -0.0032929 -0.00324049 -0.00317341 -0.0031197 -0.00306709 -0.00301611 -0.00296947 -0.00291862 -0.00288103 -0.00283554 -0.00279976 -0.00275588 -0.00271838 -0.00269228 -0.00265986 -0.00262428 -0.00258304 -0.00256948 -0.00255682 -0.00251777 -0.00247728 -0.00246605 -0.00246183 -0.00242698 -0.00240167 -0.00238613 -0.00236302 -0.00234708 -0.00233935 -0.00232756 -0.00230192 -0.00228965 -0.00228154 -0.00226527 -0.00225908 -0.00224863 -0.00223414 -0.0022219 -0.00221663 -0.00220943 -0.00219699 -0.00220273 -0.00219339 -0.00218089 -0.00218906 -0.0021707 -0.0021667 -0.00217605 -0.00215809 -0.0021685 
0 8.86001e-06 4.20352e-05 4.98802e-05 7.81891e-05 0.000109793 0.0001189 0.000147283 0.000161981 0.000174554 0.000201946 0.000219554 0.000245425 0.000267879 0.000286421 0.000309731 0.000329934 0.000356144 0.000382467 0.000410333 0.000428713 0.000446104 0.000472414 0.000491099 0.00052954 0.000564512 0.000582142 0.000612697 0.000639507 0.000672967 0.000713915 0.000739801 0.000756933 0.000797195 0.000842466 0.000867128 0.000907821 0.000948533 0.00098828 0.00103462 0.00108102 0.00112521 0.00116898 0.00122945 0.00127232 0.001326 0.00138583 0.0014417 0.00150349 0.00156512 0.00164243 0.00170517 0.00178823 0.00186838 0.00195594 0.00204813 0.0021426 0.00225382 0.00235708 0.00248309 0.00260059 0.00274679 0.00288963 0.00305144 0.00322739 0.00343055 0.00366216 0.00391612 0.00424324 0.00463167 0.00512686 0.00572664 0.00653172 0.00755069 0.00886058 0.0105084 0.0126261 0.0152811 0.0185568 0.0225427 0.0273382 0.0329918 0.0394436 0.0466199 0.0543563 0.0624535 0.0705359 0.0782321 0.0850736 0.0906485 0.0944253 0.0959708 0.0948647 0.0909302 0.0840516 0.0743317 0.061923 0.047225 0.0307019 0.0130118 -0.0052226 -0.0232735 -0.0404998 -0.0562032 -0.0698573 -0.0809873 -0.0893637 -0.0948088 -0.0973623 -0.0971247 -0.0944538 -0.0897494 -0.0835402 -0.0762465 -0.068351 -0.0602454 -0.0523488 -0.0449043 -0.0381182 -0.0320862 -0.0269037 -0.022548 -0.0189445 -0.0159966 -0.0136266 -0.0117647 -0.0102865 -0.00912917 -0.00821041 -0.00751871 -0.00695437 -0.00651248 -0.00613741 -0.00584732 -0.00558538 -0.0053615 -0.00516088 -0.00498291 -0.00482431 -0.00466785 -0.00453729 -0.00440159 -0.00429281 -0.00417397 -0.00407498 -0.00397551 -0.00388814 -0.00380125 -0.00371507 -0.00364857 -0.0035682 -0.00350177 -0.00343378 -0.00337794 -0.00331076 -0.00325465 -0.00321001 -0.00315021 -0.00310532 -0.00306164 -0.00302115 -0.00297782 -0.00294591 -0.00290582 -0.00286434 -0.00284812 -0.00281236 -0.00276758 -0.0027399 -0.00272025 -0.0026913 -0.00266496 -0.00263675 -0.0026056 -0.00259945 -0.00258371 -0.00256031 -0.00254392 -0.00251939 -0.0025019 -0.00248987 -0.00247733 -0.00245947 -0.00244503 -0.00243094 -0.00241621 -0.00241526 -0.00240206 -0.0023989 -0.00239726 -0.00237067 -0.00237172 -0.00235971 -0.00234188 -0.00236058 -0.00234611 -0.00234547 -0.00235921 -0.00233201 -0.00233919 
0 2.66996e-05 5.07044e-05 6.70929e-05 8.83947e-05 0.000102783 0.000119221 0.00015055 0.000171811 0.000195138 0.000227235 0.000242561 0.000257831 0.000291259 0.000309731 0.000325299 0.000367881 0.000379642 0.00039347 0.000444905 0.000454205 0.000482444 0.000530878 0.000538593 0.000571104 0.000596844 0.00062572 0.000664139 0.000678133 0.000723584 0.000759598 0.00078937 0.000824116 0.000865715 0.000919319 0.000932165 0.000985656 0.00103413 0.00105898 0.00111827 0.00115658 0.00120794 0.00125367 0.00131814 0.00137108 0.0014186 0.00150502 0.00155333 0.00162579 0.00169904 0.00177909 0.0018508 0.00192919 0.00203554 0.00210773 0.00221438 0.00231594 0.00243525 0.00254231 0.00267241 0.00282082 0.00295723 0.00312606 0.0032964 0.00350911 0.00371561 0.00398055 0.00427608 0.00464342 0.00508422 0.00563894 0.00635016 0.00724926 0.00841827 0.00988595 0.0117749 0.0141349 0.0171068 0.0207274 0.0251354 0.0303636 0.0364713 0.0433605 0.0509405 0.059008 0.0673159 0.0754844 0.083096 0.0897096 0.0948716 0.0981229 0.0990167 0.0972483 0.092638 0.0851877 0.0749651 0.0622106 0.0472616 0.0306545 0.01295 -0.00521018 -0.0232461 -0.0405065 -0.0564032 -0.0703462 -0.0819301 -0.0908412 -0.0969459 -0.10017 -0.100624 -0.0985413 -0.0943319 -0.0884374 -0.0813185 -0.0734184 -0.0651772 -0.0570024 -0.0491917 -0.0419826 -0.0355039 -0.0298786 -0.0250837 -0.0211054 -0.0178164 -0.0151791 -0.0130531 -0.0113924 -0.0100659 -0.00904305 -0.00822688 -0.00759465 -0.00709005 -0.00667845 -0.00633997 -0.00604501 -0.00581342 -0.00558202 -0.00539213 -0.00520469 -0.00505916 -0.00489491 -0.00475398 -0.00463103 -0.00450763 -0.00439148 -0.0042745 -0.00419572 -0.00408142 -0.0039971 -0.00391555 -0.00384034 -0.00375823 -0.00368684 -0.00363998 -0.00355465 -0.00350881 -0.00345356 -0.00339836 -0.00334531 -0.00329847 -0.00325804 -0.00319295 -0.00317415 -0.00312229 -0.00306986 -0.00305039 -0.00301179 -0.00298031 -0.00293884 -0.00292414 -0.00289595 -0.00286061 -0.00284653 -0.00281179 -0.00280102 -0.00276468 -0.00273291 -0.00273935 -0.00269973 -0.00268317 -0.00268358 -0.00265063 -0.00263907 -0.00263519 -0.00261834 -0.00260348 -0.00259746 -0.00257977 -0.0025569 -0.00255931 -0.0025511 -0.00254079 -0.00254979 -0.00253783 -0.00252479 -0.00252478 -0.00251189 -0.00250503 -0.00251241 -0.00251123 
0 1.64865e-05 4.71967e-05 6.44152e-05 9.04354e-05 0.000120938 0.000139439 0.000164614 0.000185834 0.000207641 0.00023125 0.00025325 0.000286469 0.00030496 0.000329934 0.000367881 0.000378491 0.000411564 0.000448738 0.000454261 0.000489086 0.000525901 0.000547701 0.000578008 0.000613946 0.000648805 0.000660632 0.000710713 0.000763919 0.000767077 0.000805771 0.000849104 0.00089174 0.000932774 0.000955014 0.00100812 0.00105619 0.00110557 0.00114207 0.00119333 0.00126108 0.00129275 0.00136071 0.00141871 0.00147178 0.00153578 0.00160445 0.0016773 0.00173103 0.00182959 0.00190267 0.00198089 0.00207766 0.00217828 0.00227695 0.00237104 0.00251031 0.00261887 0.00274717 0.00288641 0.00304981 0.00320126 0.00336889 0.00358071 0.00379091 0.00403478 0.00430691 0.00466503 0.0050589 0.00556147 0.00618848 0.00700666 0.00802882 0.00933642 0.0110127 0.0131304 0.0157874 0.0190616 0.0230842 0.0278992 0.0335914 0.0401136 0.0474347 0.055358 0.0637031 0.0721225 0.0802768 0.0876929 0.093961 0.098599 0.101206 0.101377 0.0988857 0.0936063 0.0855893 0.0749412 0.0619162 0.0468687 0.0303096 0.0127777 -0.00516396 -0.022994 -0.0401479 -0.0560698 -0.0702087 -0.0821483 -0.0915712 -0.0983076 -0.102247 -0.103444 -0.102062 -0.0984548 -0.0929998 -0.0861691 -0.0783782 -0.07011 -0.0617317 -0.0536267 -0.0460178 -0.0391396 -0.0330554 -0.0278428 -0.0234397 -0.0198242 -0.0168654 -0.0144896 -0.0125903 -0.0111056 -0.0099385 -0.00900557 -0.008279 -0.00770328 -0.0072523 -0.00684688 -0.00653195 -0.0062556 -0.00602424 -0.0057857 -0.00559809 -0.00542867 -0.00525733 -0.0050992 -0.00496102 -0.00484576 -0.00469939 -0.00459624 -0.00449094 -0.00439234 -0.0042842 -0.00420491 -0.00412772 -0.0040276 -0.0039663 -0.0038905 -0.00382294 -0.00374875 -0.00369905 -0.00363617 -0.00356798 -0.00353692 -0.00347401 -0.00342543 -0.00338146 -0.00334832 -0.00330817 -0.00325456 -0.00322613 -0.00318936 -0.00317218 -0.00312382 -0.00307178 -0.0030731 -0.00304305 -0.00300364 -0.002979 -0.00296285 -0.00293991 -0.00290883 -0.00290849 -0.0028818 -0.0028492 -0.00284908 -0.00282577 -0.00280752 -0.00279749 -0.00277886 -0.00276994 -0.00275632 -0.00275286 -0.00274347 -0.00272501 -0.00272785 -0.00271061 -0.00269835 -0.00270932 -0.00269065 -0.00269074 -0.00270009 -0.00267759 -0.00268529 
0 2.36851e-05 4.46732e-05 7.30199e-05 9.70016e-05 0.000124482 0.000151767 0.000173369 0.00020075 0.000221087 0.000247015 0.000276293 0.000298889 0.000332652 0.000356144 0.000379642 0.000411564 0.000435404 0.00046893 0.000500077 0.000533576 0.000558355 0.000578424 0.000622163 0.000647147 0.000688319 0.000735125 0.000750736 0.000786246 0.000826152 0.000882788 0.000916647 0.000935448 0.000992682 0.00103542 0.00108717 0.00112482 0.00117077 0.00123114 0.00127647 0.00134222 0.00138427 0.00145435 0.00151811 0.00157366 0.00165055 0.00171566 0.00179811 0.00186162 0.00196026 0.00204133 0.00212461 0.00223296 0.00233172 0.00244269 0.00254473 0.00269142 0.00280826 0.0029464 0.00310242 0.0032726 0.00344153 0.00362307 0.00386019 0.00408742 0.00435814 0.00466518 0.00506816 0.00551267 0.00607741 0.00679803 0.00772724 0.00888741 0.0103588 0.0122566 0.0146331 0.017593 0.0212085 0.0256332 0.0308814 0.0370115 0.0439463 0.0516438 0.0598704 0.0683969 0.0768439 0.0848614 0.09198 0.0977771 0.101788 0.103647 0.103033 0.0997827 0.0938382 0.085283 0.0742732 0.0610747 0.0460568 0.0296913 0.0124803 -0.00509287 -0.0225667 -0.0394616 -0.0552681 -0.0694871 -0.0816991 -0.0915843 -0.0989289 -0.103597 -0.105582 -0.104988 -0.102079 -0.0971845 -0.0907464 -0.0831886 -0.0749859 -0.0665095 -0.0581634 -0.0502192 -0.042952 -0.0364415 -0.0307912 -0.0259677 -0.0219848 -0.0186988 -0.0160398 -0.0138925 -0.0122185 -0.0108939 -0.00983593 -0.00900086 -0.00835074 -0.00784024 -0.00738681 -0.00703086 -0.00672363 -0.00647239 -0.00620937 -0.0060054 -0.00581581 -0.00563761 -0.00546199 -0.00531241 -0.00518433 -0.00503161 -0.0049173 -0.00479706 -0.00469692 -0.00457744 -0.00449105 -0.00440201 -0.00430432 -0.00423195 -0.00414788 -0.00408304 -0.00399962 -0.00394717 -0.00388032 -0.00381533 -0.00376704 -0.00370561 -0.00366844 -0.00360702 -0.00356275 -0.0035193 -0.00348426 -0.00345045 -0.00338627 -0.00336011 -0.00333426 -0.00330748 -0.00326405 -0.00321987 -0.00321324 -0.00318113 -0.00315884 -0.00313908 -0.00310427 -0.00308448 -0.0030631 -0.00305154 -0.00302938 -0.00300813 -0.0029972 -0.0029728 -0.00296403 -0.00295334 -0.00293925 -0.00293422 -0.00291728 -0.0029079 -0.00289762 -0.00288554 -0.00288432 -0.00287553 -0.00287348 -0.00287154 -0.0028632 -0.00286404 -0.0028573 
