0 0 0 0 0 0 0 0 0 0 0 0 0 0 0 0 0 0 0 0 0 0 0 0 0 0 0 0 0 0 0 0 0 0 0 0 0 0 0 0 0 0 0 0 0 0 0 0 0 0 0 0 0 0 0 0 0 0 0 0 0 0 0 0 0 0 0 0 0 0 0 0 0 0 0 0 0 0 0 0 0 0 0 0 0 0 0 0 0 0 0 0 0 0 0 0 0 0 0 0 0 0 0 0 0 0 0 0 0 0 0 0 0 0 0 0 0 0 0 0 0 0 0 0 0 0 0 0 0 0 0 0 0 0 0 0 0 0 0 0 0 0 0 0 0 0 0 0 0 0 0 0 0 0 0 0 0 0 0 0 0 0 0 0 0 0 0 0 0 0 0 0 0 0 0 0 0 0 0 0 0 0 0 0 0 0 0 0 0 0 0 0 0 0 0 0 0 0 0 0 
0 1.24879e-05 -3.07752e-06 9.14352e-06 2.53068e-05 9.41433e-06 2.03299e-05 3.76993e-05 1.79492e-05 3.17193e-05 5.5715e-05 3.05424e-05 3.83027e-05 5.8356e-05 3.83744e-05 5.66905e-05 7.97673e-05 7.11781e-05 7.01915e-05 6.26346e-05 8.2345e-05 9.77123e-05 8.05899e-05 9.23084e-05 0.000100462 0.000116917 0.000123603 0.000109402 0.00014119 0.000134841 0.000131213 0.00015959 0.000147129 0.000165069 0.00017399 0.000186216 0.000200793 0.000197207 0.000236146 0.00022846 0.000240253 0.000268171 0.00026918 0.000292725 0.000294969 0.000336805 0.000345805 0.000361168 0.00040785 0.000427975 0.000471591 0.000492443 0.000562526 0.000611606 0.000665292 0.000751341 0.000845815 0.000980229 0.00109807 0.00129367 0.00151006 0.00177957 0.00206886 0.00240723 0.00280109 0.00318724 0.00357817 0.00390368 0.00420373 0.00436571 0.00439244 0.00420304 0.00383177 0.00324837 0.00246003 0.00148266 0.000353044 -0.000827314 -0.00202243 -0.00312906 -0.00414636 -0.00496492 -0.00559298 -0.00594427 -0.0060798 -0.00597306 -0.00571644 -0.00529939 -0.00480226 -0.00421976 -0.00362649 -0.00302829 -0.00248476 -0.00199176 -0.00157678 -0.00121881 -0.000922603 -0.000663597 -0.00043986 -0.000230647 -3.28904e-05 0.000171926 0.000387185 0.000632458 0.00091104 0.0012463 0.00163792 0.00210815 0.00263831 0.00323503 0.0038472 0.00446689 0.00502355 0.00551723 0.00587179 0.00609362 0.00609053 0.00587657 0.00537784 0.00466505 0.00372002 0.00265117 0.00145298 0.000230611 -0.000991039 -0.00209435 -0.0030389 -0.00377865 -0.00431075 -0.00464681 -0.004757 -0.00469823 -0.004469 -0.00418352 -0.00380969 -0.0034246 -0.00300266 -0.00263023 -0.00229445 -0.00199121 -0.00172835 -0.00149257 -0.00133811 -0.00117718 -0.00106251 -0.000947597 -0.000885322 -0.000822064 -0.000750425 -0.000716355 -0.000671344 -0.0006551 -0.000599788 -0.000587757 -0.00057068 -0.00053591 -0.000522786 -0.00049447 -0.000497337 -0.000456958 -0.000449087 -0.000448461 -0.000416809 -0.000419438 -0.000401366 -0.000405197 -0.000387266 -0.000377438 -0.000390156 -0.000354675 -0.000363748 -0.000360088 -0.000334321 -0.00033844 -0.000329606 -0.000338538 -0.000322566 -0.000307591 -0.000327586 -0.000320814 -0.000319179 -0.000298853 -0.000284565 -0.000316122 -0.000296836 -0.000280641 -0.000306179 -0.000286224 -0.000277814 -0.000301895 -0.000288997 -0.000275925 -0.000284308 -0.000275601 -0.000270694 -0.000284483 -0.000283667 -0.000277285 -0.000280919 -0.000275488 
0 -3.07752e-06 2.90842e-05 2.05831e-05 1.79741e-05 4.95091e-05 3.87348e-05 4.30477e-05 7.35437e-05 5.84516e-05 6.52618e-05 9.05156e-05 8.92919e-05 0.000106886 0.000112164 0.0001129 0.000121168 0.0001095 0.000149398 0.000178772 0.00014669 0.000167587 0.000197971 0.000195815 0.000206019 0.000212059 0.000222734 0.000238414 0.000257755 0.000270678 0.000278189 0.000310994 0.000325398 0.000328208 0.000358175 0.000377734 0.000383312 0.000407218 0.000440592 0.00045624 0.000477449 0.000520319 0.000555735 0.000575643 0.000618499 0.000673532 0.000704208 0.000745792 0.000807337 0.000875627 0.000926719 0.000999277 0.00111036 0.00121457 0.00133608 0.00148999 0.00170902 0.00194742 0.00222918 0.00259699 0.00305046 0.00358327 0.00416497 0.004856 0.00561069 0.00640222 0.00714152 0.00781514 0.0083644 0.00869366 0.0087119 0.00833673 0.00758441 0.0064082 0.00484552 0.00288442 0.000669773 -0.00169778 -0.00403784 -0.00626576 -0.00824953 -0.00990175 -0.0111165 -0.0118441 -0.0120944 -0.0119107 -0.0113875 -0.0105766 -0.00957901 -0.00843187 -0.00724909 -0.0060636 -0.00498155 -0.00399598 -0.00316944 -0.0024461 -0.0018578 -0.00132924 -0.000887866 -0.000457971 -6.96965e-05 0.000351472 0.000775004 0.00127644 0.00182803 0.00250709 0.0032853 0.0042274 0.00528037 0.00646458 0.00768072 0.00890285 0.0100137 0.0109785 0.0116915 0.0121051 0.0121115 0.0116558 0.0106925 0.00925074 0.00741019 0.00525819 0.00291447 0.000462832 -0.00192601 -0.00413572 -0.00599491 -0.00748372 -0.00854271 -0.00921197 -0.00945163 -0.00932999 -0.00891553 -0.00832413 -0.00761828 -0.00682513 -0.00602443 -0.00526189 -0.00460358 -0.00399563 -0.0034676 -0.00301949 -0.00267703 -0.00238922 -0.00212975 -0.00193244 -0.00178046 -0.00165866 -0.00152526 -0.0014317 -0.00136397 -0.00129018 -0.0012148 -0.00116028 -0.00112796 -0.00107139 -0.0010244 -0.0010022 -0.000973859 -0.000932747 -0.000907667 -0.000895793 -0.000863503 -0.000831993 -0.000822943 -0.000801856 -0.00076674 -0.000759199 -0.000748035 -0.000722718 -0.000712618 -0.00070661 -0.000697626 -0.00068342 -0.000678191 -0.000658468 -0.000642577 -0.000662978 -0.000631397 -0.000596298 -0.000622486 -0.000623192 -0.00061076 -0.000599747 -0.000590064 -0.000598411 -0.000581598 -0.000579021 -0.000587117 -0.000559174 -0.000561478 -0.000574614 -0.000562402 -0.000569272 -0.000568159 -0.000551942 -0.000551534 -0.000550816 -0.000548292 -0.00055446 
0 9.14352e-06 2.05831e-05 3.20058e-05 4.44125e-05 5.55924e-05 6.50656e-05 7.86175e-05 8.86396e-05 9.8693e-05 0.000116448 0.000122828 0.000130646 0.000149633 0.00015611 0.000173436 0.000197797 0.00020136 0.000213423 0.000227988 0.000238407 0.000261928 0.000275481 0.000285436 0.000308604 0.000333021 0.000347781 0.000362186 0.000390663 0.000405883 0.000421054 0.000454622 0.000473276 0.00049486 0.000530149 0.000562181 0.000587271 0.000620765 0.000667613 0.000695122 0.000730409 0.000783686 0.000827033 0.000868464 0.000923754 0.000995942 0.00105228 0.00111871 0.00121295 0.00130853 0.00140464 0.00152038 0.00167861 0.00184426 0.0020322 0.00227683 0.00258905 0.00295701 0.00338948 0.0039438 0.00461971 0.00540872 0.00629808 0.00731647 0.00843781 0.00958799 0.010687 0.0116666 0.0124533 0.0129055 0.0128985 0.0123312 0.0111837 0.00942964 0.00708277 0.00419261 0.000908661 -0.00257282 -0.00604629 -0.00933181 -0.0122715 -0.0147039 -0.0165045 -0.0175897 -0.0179767 -0.0177266 -0.0169599 -0.0157747 -0.0142932 -0.0126091 -0.0108487 -0.00910585 -0.00748441 -0.00602852 -0.00477455 -0.0037021 -0.00279836 -0.00201616 -0.001332 -0.00069842 -9.40038e-05 0.000526521 0.0011843 0.00192627 0.00277649 0.00378449 0.00496982 0.00636405 0.00794665 0.00968959 0.0115023 0.0132974 0.0149496 0.0163636 0.0174158 0.0180053 0.0179991 0.0173102 0.0158813 0.013758 0.0110353 0.00786227 0.00438577 0.000778974 -0.00275805 -0.00600951 -0.00879056 -0.0110063 -0.0126139 -0.0136172 -0.014012 -0.0138701 -0.0132993 -0.0124505 -0.0114116 -0.0102615 -0.00908015 -0.00796285 -0.00695832 -0.00605446 -0.00525959 -0.00458782 -0.00405454 -0.00360568 -0.00322478 -0.00291575 -0.00268152 -0.00248365 -0.00229891 -0.00215692 -0.00204473 -0.00194215 -0.00183578 -0.00175885 -0.00169646 -0.00162163 -0.00155619 -0.00150667 -0.00146185 -0.00140195 -0.00136062 -0.00133061 -0.00128606 -0.00125021 -0.00122548 -0.00120055 -0.00116534 -0.00114528 -0.00112885 -0.00109551 -0.00107856 -0.00106232 -0.00103559 -0.00101709 -0.00100749 -0.000993339 -0.000970924 -0.00096444 -0.000956939 -0.000942266 -0.000936503 -0.000916387 -0.000903167 -0.000905116 -0.000891589 -0.000882681 -0.000880039 -0.000869611 -0.000865391 -0.000864567 -0.000858469 -0.000850162 -0.000844885 -0.000839938 -0.000835384 -0.000837577 -0.000837105 -0.000836009 -0.000837472 -0.000828193 
0 2.53068e-05 1.79741e-05 4.44125e-05 6.84751e-05 6.13479e-05 9.06098e-05 0.000112475 0.000105133 0.000137014 0.00015942 0.000157252 0.000182985 0.000199203 0.000209313 0.000231613 0.000251383 0.000280463 0.000284047 0.000289943 0.00033651 0.000352475 0.000359666 0.000389069 0.000410158 0.000441615 0.000463377 0.000482914 0.000518388 0.000541006 0.000572759 0.000604218 0.000631699 0.000673746 0.000705669 0.000745878 0.000790032 0.000829628 0.000882719 0.000928004 0.000982814 0.00104385 0.00110105 0.00117278 0.00124253 0.00132739 0.00141474 0.0015086 0.00162734 0.00174632 0.00189046 0.00205092 0.00224837 0.00247899 0.00274365 0.00308552 0.00349246 0.00399955 0.00460124 0.00534948 0.00625016 0.00729673 0.00850118 0.00983826 0.0113036 0.0127829 0.0142135 0.0154642 0.016438 0.016964 0.0168915 0.0161119 0.014553 0.0122189 0.00909935 0.00532146 0.00102411 -0.0035078 -0.00805722 -0.0123453 -0.0161884 -0.0193564 -0.0217127 -0.0231497 -0.0236831 -0.0233914 -0.0224048 -0.0208745 -0.0189337 -0.0167444 -0.0144317 -0.0121588 -0.0100115 -0.0080967 -0.00641283 -0.0049903 -0.00376138 -0.00272153 -0.00178437 -0.000943566 -0.000113333 0.0007099 0.00161184 0.00259819 0.00375707 0.00509603 0.0066929 0.00853031 0.010631 0.0129058 0.0152884 0.0176213 0.0197863 0.0216157 0.0229786 0.0237116 0.0236725 0.0227431 0.0208678 0.0181001 0.014546 0.0104072 0.00585823 0.00116501 -0.00345198 -0.00768667 -0.0113591 -0.0142888 -0.0164491 -0.0177943 -0.0183734 -0.0182535 -0.017578 -0.0165105 -0.0151708 -0.0136963 -0.0121656 -0.0107127 -0.00936328 -0.00816746 -0.00711076 -0.00621812 -0.00548215 -0.00486593 -0.00436461 -0.00394236 -0.00361531 -0.00333316 -0.00309987 -0.00290381 -0.00273643 -0.00259826 -0.00246326 -0.00235763 -0.00225655 -0.00216671 -0.00208691 -0.00200872 -0.00194734 -0.0018798 -0.00182444 -0.00177329 -0.00172074 -0.00168141 -0.00163417 -0.0015983 -0.00156456 -0.00152549 -0.00149924 -0.00146459 -0.00143953 -0.00141598 -0.0013829 -0.00136519 -0.00134153 -0.00132773 -0.00131035 -0.00127312 -0.00127345 -0.0012701 -0.00123823 -0.00122104 -0.00120951 -0.00120935 -0.00119521 -0.00117173 -0.00118005 -0.00116437 -0.00114408 -0.00115976 -0.00114455 -0.001126 -0.00113507 -0.00112211 -0.00111513 -0.00112497 -0.00111417 -0.00110735 -0.00111378 -0.0011072 
0 9.41433e-06 4.95091e-05 5.55924e-05 6.13479e-05 0.000101665 0.000110312 0.000116488 0.00016081 0.000169869 0.000168847 0.000216363 0.000235193 0.000240183 0.000283877 0.000293853 0.000294829 0.000327815 0.000360557 0.00040089 0.000410005 0.000419891 0.000470359 0.000496772 0.000519593 0.00053644 0.000569048 0.00062243 0.000631179 0.000681286 0.000728845 0.00074714 0.000810777 0.000843448 0.000889433 0.000936012 0.000983187 0.00105286 0.00108392 0.0011693 0.00123651 0.0012972 0.0013922 0.00146829 0.00157948 0.00165906 0.00178558 0.00191623 0.00203783 0.00220904 0.00237603 0.0026066 0.00283021 0.00313308 0.00349337 0.00391799 0.00445318 0.00508021 0.00589106 0.00681944 0.00795928 0.00926365 0.0107726 0.012433 0.0141894 0.0159924 0.0176841 0.0191862 0.0202642 0.0208247 0.0206299 0.019612 0.0176311 0.0147054 0.0108566 0.0062187 0.00100837 -0.00452517 -0.0100414 -0.0152907 -0.0199395 -0.0238158 -0.0266679 -0.0284696 -0.0291454 -0.0288545 -0.027672 -0.0258392 -0.0234741 -0.0208176 -0.0179935 -0.0152154 -0.0125736 -0.0102001 -0.00810177 -0.00631028 -0.00476452 -0.00344117 -0.00225967 -0.00118464 -0.000138316 0.000914843 0.00205187 0.00330963 0.004769 0.00646135 0.00845617 0.0107424 0.0133314 0.0161181 0.0190267 0.0218607 0.0244967 0.0266985 0.0283388 0.0291687 0.0290855 0.0278928 0.0256148 0.0222244 0.017931 0.0128695 0.00736033 0.00163553 -0.00394551 -0.00912135 -0.0136168 -0.0172619 -0.0199648 -0.0216753 -0.022479 -0.0224247 -0.0217249 -0.0204702 -0.0189067 -0.0171205 -0.0153074 -0.0135182 -0.0118522 -0.0103589 -0.00904051 -0.00793592 -0.0069662 -0.00619921 -0.0055407 -0.0050263 -0.00457638 -0.0042123 -0.00392837 -0.00366067 -0.00345624 -0.00324947 -0.00311225 -0.0029559 -0.00282174 -0.00272143 -0.00260967 -0.00252997 -0.00242329 -0.0023706 -0.00229438 -0.00221447 -0.00217378 -0.00210277 -0.00205871 -0.00199452 -0.00195765 -0.00191771 -0.00185512 -0.00184659 -0.00179619 -0.00175986 -0.00175088 -0.0017137 -0.00168679 -0.00164778 -0.00164065 -0.00162733 -0.00157718 -0.00156065 -0.00154517 -0.00154618 -0.00153757 -0.00148871 -0.00149269 -0.00149367 -0.00145469 -0.00146062 -0.00145725 -0.00141905 -0.00142161 -0.00143128 -0.00141134 -0.00141233 -0.00141474 -0.00139036 -0.00138918 -0.00139186 -0.00137695 -0.00138976 
0 2.03299e-05 3.87348e-05 6.50656e-05 9.06098e-05 0.000110312 0.000135314 0.000155761 0.00017644 0.00020483 0.000224823 0.000250737 0.000273287 0.00028778 0.000326175 0.000352666 0.000378487 0.000423686 0.000427736 0.000445762 0.000498794 0.00052162 0.000550219 0.000587472 0.000621872 0.000663122 0.000702622 0.000743999 0.000770011 0.000819503 0.000872277 0.000896555 0.000959 0.00101787 0.00106359 0.00112748 0.00119767 0.0012689 0.00132346 0.00141406 0.00150085 0.00156819 0.00167122 0.00177862 0.00189114 0.00199936 0.0021491 0.0023142 0.00246779 0.00266841 0.0029008 0.00317185 0.00346059 0.00383074 0.0042897 0.00481994 0.0054657 0.00625604 0.00724253 0.00838883 0.00974418 0.0113199 0.0131168 0.0150708 0.0171069 0.0191654 0.0210996 0.022757 0.0239111 0.024414 0.0240737 0.0227637 0.0203581 0.0168475 0.0123016 0.00688049 0.000821946 -0.00559388 -0.0120105 -0.0180985 -0.0235073 -0.0279949 -0.0313388 -0.0334623 -0.0343261 -0.0340396 -0.032729 -0.0306171 -0.0278957 -0.0248031 -0.0215267 -0.0182699 -0.0151698 -0.0123464 -0.00984282 -0.00767612 -0.00580696 -0.00418964 -0.00275244 -0.00143347 -0.000158731 0.00113402 0.00251871 0.00405878 0.00582878 0.0078831 0.0102736 0.0130039 0.0160531 0.0193269 0.0227077 0.0260088 0.0290493 0.0315941 0.0334422 0.0343547 0.0341729 0.0327449 0.030057 0.026131 0.0211387 0.0152786 0.00887645 0.00225185 -0.00422128 -0.0102384 -0.0155145 -0.0198437 -0.0230884 -0.025203 -0.0262593 -0.0263598 -0.0256745 -0.0243404 -0.0225833 -0.0205731 -0.018492 -0.016416 -0.0144448 -0.0126554 -0.0110862 -0.00973368 -0.00855444 -0.00758491 -0.00678643 -0.00613811 -0.00557429 -0.00511898 -0.00476109 -0.00444706 -0.00417381 -0.00393697 -0.00376285 -0.00358027 -0.0034152 -0.00328485 -0.00316592 -0.00304705 -0.00292684 -0.00285172 -0.00275737 -0.00266335 -0.0025987 -0.00253287 -0.00246698 -0.00239967 -0.0023645 -0.00230821 -0.00224745 -0.00222187 -0.00217158 -0.00212428 -0.0020881 -0.00205386 -0.00202122 -0.00198835 -0.00196804 -0.00192873 -0.00191371 -0.00191238 -0.00186401 -0.00183947 -0.00183107 -0.00180469 -0.00179463 -0.00177824 -0.00175849 -0.00174904 -0.00173914 -0.00173352 -0.00172201 -0.00170846 -0.00169664 -0.00168471 -0.00168096 -0.00167774 -0.00168052 -0.00168218 -0.00167075 -0.00166568 
0 3.76993e-05 4.30477e-05 7.86175e-05 0.000112475 0.000116488 0.000155761 0.000192264 0.000197744 0.000236842 0.000273039 0.000285694 0.000322839 0.000354038 0.000377226 0.000408043 0.000435754 0.00048245 0.000508364 0.000526688 0.000589186 0.00061945 0.000641081 0.000695298 0.000725106 0.000771234 0.000819801 0.000854037 0.000912793 0.000960014 0.00101796 0.00107082 0.0011223 0.001203 0.00124836 0.00132 0.00140673 0.00146886 0.00155988 0.00164722 0.00175497 0.00184909 0.00195827 0.00210575 0.00221906 0.00237043 0.00253688 0.00272632 0.0029237 0.00314374 0.00344274 0.00374421 0.00411448 0.00455689 0.00511439 0.00576983 0.00653935 0.00751984 0.00868039 0.0100668 0.0116452 0.013496 0.015564 0.0177821 0.0200716 0.0223272 0.0244461 0.0261705 0.0273366 0.0277039 0.0271641 0.0255105 0.0226635 0.0185814 0.0133801 0.00724975 0.000426176 -0.00675919 -0.0139754 -0.0207864 -0.0268751 -0.0318948 -0.0356989 -0.0381193 -0.0391917 -0.0389322 -0.0375463 -0.0352001 -0.0321829 -0.0287024 -0.0250264 -0.0213281 -0.0178013 -0.014543 -0.0116406 -0.00909455 -0.00689283 -0.0049697 -0.00326311 -0.00168762 -0.000170419 0.00137434 0.00302059 0.00485498 0.00694627 0.00936838 0.0121516 0.0153136 0.0187947 0.022519 0.0263187 0.0300342 0.0334133 0.0362463 0.0382387 0.039196 0.038879 0.037222 0.0341388 0.0297422 0.0241218 0.0175769 0.0103874 0.00298942 -0.00427621 -0.011036 -0.0170269 -0.021996 -0.0257747 -0.0283208 -0.029671 -0.029992 -0.0293799 -0.0280538 -0.0261679 -0.0240049 -0.0216908 -0.0193721 -0.0171239 -0.0150552 -0.0132384 -0.0116287 -0.0102515 -0.00906521 -0.00812256 -0.00731925 -0.00664603 -0.00609012 -0.00563918 -0.00527299 -0.00491982 -0.00465334 -0.004415 -0.00420826 -0.00401059 -0.00384183 -0.00371541 -0.00355818 -0.00344274 -0.00333441 -0.00323342 -0.00313661 -0.00304079 -0.0029809 -0.00288638 -0.0028174 -0.00276364 -0.00268857 -0.00263851 -0.00257959 -0.00253759 -0.00249069 -0.00243911 -0.00241327 -0.00236302 -0.0023354 -0.00230769 -0.00225119 -0.00223917 -0.00221796 -0.00217586 -0.00215595 -0.0021352 -0.00212327 -0.00209768 -0.00207016 -0.00207209 -0.00204582 -0.00202086 -0.00202809 -0.00200482 -0.0019853 -0.00199338 -0.00198019 -0.00196892 -0.00196974 -0.00195477 -0.00194589 -0.00195106 -0.00194793 
0 1.79492e-05 7.35437e-05 8.86396e-05 0.000105133 0.00016081 0.00017644 0.000197744 0.000253154 0.000269507 0.000294061 0.000339775 0.000366966 0.000406052 0.000437434 0.000473886 0.000510175 0.000518743 0.000585747 0.000647419 0.000649385 0.000697994 0.000750674 0.000795474 0.000846542 0.000874409 0.000936587 0.000992771 0.00104184 0.00110893 0.00115836 0.00123413 0.00130013 0.00136414 0.00144934 0.00151881 0.00161129 0.00169742 0.00179241 0.00190426 0.00200839 0.00213589 0.00226338 0.00241202 0.00256715 0.00273399 0.00293545 0.00314564 0.00338749 0.00366176 0.00399236 0.00436939 0.00480766 0.00535019 0.00600392 0.00678728 0.00772222 0.00886925 0.0102402 0.0118377 0.0136753 0.0157714 0.0180913 0.0205434 0.0230336 0.0254547 0.0276514 0.0293966 0.0304665 0.0306668 0.0298402 0.0278224 0.0245084 0.0198877 0.0140904 0.00732032 -0.000153216 -0.0080163 -0.0158814 -0.02333 -0.0299685 -0.0354848 -0.0396725 -0.0424088 -0.0436682 -0.0434995 -0.0420613 -0.0395668 -0.0362957 -0.0325079 -0.0284711 -0.0243902 -0.0204596 -0.0167963 -0.0134973 -0.0105757 -0.00803002 -0.00579093 -0.00379943 -0.00195301 -0.000177664 0.00163424 0.00355801 0.00569965 0.00812555 0.0109175 0.0140947 0.0176665 0.0215599 0.0256827 0.0298627 0.0339154 0.037586 0.0406186 0.0427202 0.0436494 0.0432035 0.0412861 0.0378699 0.0330253 0.0268991 0.0197502 0.0119334 0.00386161 -0.00405932 -0.0114814 -0.0180993 -0.0236606 -0.0279692 -0.0309608 -0.0326803 -0.0332572 -0.0328265 -0.0315611 -0.0296716 -0.0273988 -0.0249288 -0.0223967 -0.0199136 -0.0175954 -0.015509 -0.0136631 -0.0120496 -0.0106732 -0.00953196 -0.0085761 -0.0077759 -0.00710657 -0.00656542 -0.00610655 -0.00571271 -0.00538067 -0.00509624 -0.00485276 -0.004624 -0.00443525 -0.00425998 -0.0041029 -0.00396152 -0.00382677 -0.00371648 -0.00359819 -0.00350211 -0.00340616 -0.00331625 -0.00324229 -0.00315351 -0.00309381 -0.00302518 -0.00296051 -0.00290927 -0.00284684 -0.00281332 -0.0027599 -0.00270904 -0.00267235 -0.0026285 -0.00261593 -0.00255845 -0.00250403 -0.00251274 -0.00248489 -0.00244673 -0.0024196 -0.00239804 -0.00239054 -0.00235504 -0.00234396 -0.00233888 -0.00229362 -0.0022952 -0.00229979 -0.00226521 -0.00226895 -0.0022672 -0.00223846 -0.00224092 -0.00224038 -0.0022234 -0.0022319 
0 3.17193e-05 5.84516e-05 9.8693e-05 0.000137014 0.000169869 0.00020483 0.000236842 0.000269507 0.000303806 0.00034591 0.000380686 0.000410012 0.000455287 0.000486999 0.000528791 0.000590239 0.000621009 0.000658126 0.000695801 0.000732432 0.000807266 0.000848662 0.000880771 0.00095246 0.00101177 0.00106612 0.00112096 0.00118699 0.00124973 0.00130809 0.00139604 0.00146221 0.00153907 0.00164125 0.00172672 0.00182428 0.00192829 0.00204786 0.00215881 0.00227939 0.00243088 0.00257019 0.00273196 0.0029118 0.00311647 0.00333582 0.00357941 0.00387618 0.00419932 0.00458237 0.00502648 0.00556472 0.00620364 0.00696726 0.00789675 0.00900515 0.0103424 0.0119094 0.0137421 0.0158257 0.0181619 0.0206961 0.0233418 0.025993 0.0285021 0.0307084 0.0323708 0.0332862 0.0332367 0.0320773 0.0296449 0.0258642 0.0207378 0.0144063 0.00708847 -0.00094196 -0.00934774 -0.0177459 -0.0256914 -0.0327964 -0.0387199 -0.0432648 -0.0462827 -0.0477519 -0.0476924 -0.0462668 -0.0436793 -0.040232 -0.036196 -0.0318612 -0.027442 -0.0231456 -0.0191 -0.0154155 -0.0121206 -0.00922114 -0.00665624 -0.00436074 -0.00223017 -0.000175343 0.00191728 0.00413911 0.00659942 0.00937337 0.0125361 0.0161021 0.0200646 0.0243384 0.0288177 0.0333191 0.0376481 0.0415308 0.0446982 0.0468346 0.0477014 0.0470904 0.0449309 0.0411942 0.0359765 0.0294166 0.0218008 0.013476 0.00488049 -0.00358868 -0.011559 -0.0187248 -0.0248158 -0.0296331 -0.0330974 -0.0352253 -0.036134 -0.0359425 -0.0348441 -0.0330282 -0.0307426 -0.0281668 -0.0254795 -0.0228049 -0.0202609 -0.0179231 -0.0158225 -0.0139874 -0.0123959 -0.0110536 -0.00991619 -0.00897932 -0.00819257 -0.00753483 -0.00698902 -0.00653097 -0.0061479 -0.0058007 -0.00551767 -0.00526636 -0.00504013 -0.00483203 -0.00465161 -0.00449692 -0.00432963 -0.00419555 -0.0040734 -0.00395431 -0.00384158 -0.00374503 -0.00366659 -0.00356546 -0.00349412 -0.00342864 -0.0033475 -0.00328786 -0.00322544 -0.00316383 -0.0031017 -0.00306433 -0.00302283 -0.00295223 -0.00292847 -0.00290557 -0.00286142 -0.00282984 -0.00278209 -0.00275618 -0.00274203 -0.00270658 -0.0026815 -0.00265944 -0.00264003 -0.00262561 -0.00261355 -0.00260135 -0.0025754 -0.00256237 -0.00254943 -0.00253008 -0.00253996 -0.00253609 -0.00252374 -0.00253047 -0.00251025 
0 5.5715e-05 6.52618e-05 0.000116448 0.00015942 0.000168847 0.000224823 0.000273039 0.000294061 0.00034591 0.000388675 0.000418267 0.000467777 0.000511384 0.000550772 0.00059214 0.00063237 0.000688028 0.000739307 0.000783457 0.000841784 0.000896445 0.00094564 0.000995924 0.00105744 0.00112845 0.00117601 0.00124601 0.00133607 0.00139211 0.00147654 0.00157019 0.00164115 0.00173484 0.00183318 0.00193628 0.0020325 0.00215214 0.00229376 0.00240553 0.0025591 0.00272913 0.00289249 0.00307646 0.00328256 0.00352826 0.00376176 0.00404804 0.00439158 0.00476448 0.00520431 0.00572068 0.00636946 0.00711 0.00800495 0.00909561 0.0103972 0.0119375 0.0137124 0.0157896 0.0181131 0.0206732 0.0233848 0.0261818 0.0289327 0.031455 0.0335811 0.0350714 0.0357524 0.0353811 0.0338319 0.0309475 0.0267023 0.0211077 0.0143112 0.00653393 -0.00194508 -0.0107677 -0.0195645 -0.0278801 -0.0353493 -0.0416059 -0.0464632 -0.0497406 -0.0514239 -0.051502 -0.0501419 -0.0475279 -0.0439765 -0.0397597 -0.0351862 -0.0304769 -0.0258516 -0.0214494 -0.0173927 -0.0137272 -0.0104671 -0.00756387 -0.004947 -0.00251407 -0.000159848 0.0022321 0.00477041 0.00756365 0.0106952 0.014229 0.0181737 0.0225042 0.0271236 0.0319125 0.0366764 0.0412118 0.0452284 0.048453 0.0505558 0.0513137 0.0505152 0.0481184 0.0440891 0.0385562 0.0316508 0.0236883 0.0149929 0.00601193 -0.00287975 -0.0112889 -0.0189091 -0.0254631 -0.0307558 -0.0347018 -0.0372741 -0.0385721 -0.0386882 -0.0378409 -0.0361888 -0.0339751 -0.031367 -0.0285816 -0.0257673 -0.0230314 -0.0204677 -0.0181188 -0.016065 -0.0142558 -0.0127054 -0.0113773 -0.0102847 -0.00937301 -0.00858331 -0.00793998 -0.00739855 -0.00695244 -0.00653745 -0.00619722 -0.00591799 -0.00564591 -0.00541069 -0.00520117 -0.00503284 -0.00484904 -0.00468811 -0.00456852 -0.00442595 -0.00430218 -0.00419215 -0.00409361 -0.00398781 -0.00388835 -0.00382301 -0.00372857 -0.00365268 -0.00360466 -0.00352868 -0.00346786 -0.00342123 -0.003371 -0.00331594 -0.00326173 -0.00322678 -0.0031819 -0.00313792 -0.00311182 -0.00307673 -0.00305023 -0.00302176 -0.00298575 -0.00297801 -0.00295082 -0.00290999 -0.00291118 -0.00288502 -0.00285159 -0.00287349 -0.0028556 -0.00282387 -0.00284011 -0.00281105 -0.00278743 -0.0028165 -0.00279844 
0 3.05424e-05 9.05156e-05 0.000122828 0.000157252 0.000216363 0.000250737 0.000285694 0.000339775 0.000380686 0.000418267 0.000466233 0.000517958 0.000562405 0.00060618 0.000668543 0.00071469 0.000742588 0.000812573 0.000887537 0.000922958 0.000974174 0.0010463 0.00111407 0.00118287 0.00123921 0.0013091 0.00139619 0.00146764 0.00154675 0.00163241 0.00172786 0.00182512 0.0019155 0.00203969 0.0021487 0.00226049 0.00240697 0.00253916 0.00268796 0.00284517 0.00303216 0.00322249 0.00341328 0.00366996 0.00392363 0.00420954 0.00453781 0.00493003 0.00538032 0.00587097 0.00650557 0.0072417 0.00812119 0.00915472 0.0104163 0.0119282 0.013653 0.0156711 0.017953 0.0205242 0.0232542 0.0261187 0.0290096 0.031784 0.0342566 0.0361957 0.0374637 0.0378039 0.0370811 0.0350686 0.031741 0.0270281 0.0210253 0.0138348 0.00569056 -0.00311275 -0.0122414 -0.0212818 -0.0298719 -0.0375761 -0.0441269 -0.0492188 -0.0527689 -0.0546381 -0.0549162 -0.0536461 -0.0511038 -0.0474988 -0.0431959 -0.0384258 -0.0334963 -0.0285672 -0.0238515 -0.0194286 -0.015409 -0.0117757 -0.00852986 -0.00556818 -0.00281924 -0.000139007 0.00256724 0.00544701 0.00858156 0.0120865 0.0159814 0.0203026 0.0249652 0.0299083 0.0349442 0.0399301 0.044582 0.0486784 0.0518586 0.0538912 0.0544674 0.0534958 0.0508377 0.0465828 0.0407618 0.0336332 0.025412 0.0165081 0.00725746 -0.00191095 -0.0106563 -0.0186337 -0.025578 -0.0313214 -0.0357283 -0.038801 -0.0405151 -0.0410465 -0.0405031 -0.0391361 -0.0370631 -0.0345265 -0.0317074 -0.0288021 -0.025929 -0.023146 -0.020592 -0.0182814 -0.0162729 -0.0144808 -0.0129612 -0.0116868 -0.0106175 -0.009711 -0.00893128 -0.00832294 -0.00778061 -0.00732005 -0.00691982 -0.00659116 -0.00629982 -0.00601132 -0.00579255 -0.00557877 -0.00538317 -0.0052022 -0.00504459 -0.00490658 -0.00475082 -0.00463791 -0.00452389 -0.00440596 -0.0043133 -0.00421897 -0.00413527 -0.00404501 -0.00397165 -0.00391131 -0.00383283 -0.00376809 -0.00370879 -0.00366076 -0.00362094 -0.00355095 -0.00349963 -0.00348494 -0.00344597 -0.00339085 -0.00335667 -0.00333496 -0.00330478 -0.00326858 -0.00325085 -0.00323159 -0.00319536 -0.00318756 -0.00318027 -0.00314278 -0.00313745 -0.00313572 -0.00310389 -0.00310774 -0.00311064 -0.00308302 -0.00309168 
0 3.83027e-05 8.92919e-05 0.000130646 0.000182985 0.000235193 0.000273287 0.000322839 0.000366966 0.000410012 0.000467777 0.000517958 0.000563259 0.000614145 0.000669917 0.000719951 0.000779071 0.000855865 0.000896557 0.00093659 0.00101627 0.00108504 0.00115483 0.00121798 0.00128242 0.00137531 0.00145207 0.00152998 0.00161189 0.00170162 0.00180518 0.00189213 0.00200579 0.00211897 0.00223417 0.00237011 0.00249631 0.00265193 0.00280063 0.00296628 0.00315313 0.00334152 0.00356453 0.00378759 0.00406311 0.00435534 0.00467835 0.0050678 0.0055036 0.00602618 0.00660867 0.00733938 0.00819953 0.00921112 0.0104238 0.0118646 0.0135845 0.0155262 0.0177689 0.0202764 0.0230353 0.0259292 0.0288837 0.0318159 0.0345308 0.0368577 0.0385458 0.0394854 0.0394384 0.0382693 0.0357904 0.031984 0.0268517 0.0204703 0.0129747 0.00455607 -0.00445579 -0.0137562 -0.0229268 -0.0316549 -0.0395205 -0.046265 -0.051574 -0.055341 -0.0574301 -0.0579012 -0.0568042 -0.0543676 -0.0508129 -0.0464641 -0.0415872 -0.0364622 -0.0312951 -0.0262732 -0.0215254 -0.0171394 -0.0131498 -0.00953197 -0.0062259 -0.00312305 -0.000111567 0.00294751 0.00617061 0.00967789 0.0135435 0.0178142 0.022475 0.0274636 0.0326683 0.0379262 0.0430464 0.0477713 0.0518398 0.0549303 0.0567964 0.0571809 0.055985 0.053106 0.0486262 0.0426061 0.0353124 0.0269658 0.0179598 0.00858562 -0.000737887 -0.00970174 -0.0179333 -0.0252089 -0.0313354 -0.0362084 -0.0397619 -0.0419673 -0.0429461 -0.0428113 -0.0417827 -0.0399564 -0.0375734 -0.0347991 -0.0318717 -0.0288878 -0.0259569 -0.0231956 -0.0206664 -0.018427 -0.0164138 -0.0146909 -0.013212 -0.0119802 -0.0109221 -0.010028 -0.00930145 -0.00866975 -0.00814687 -0.00767818 -0.00729942 -0.00695582 -0.00664763 -0.00638718 -0.00613769 -0.00593158 -0.00572279 -0.0055474 -0.00538359 -0.00522667 -0.00509542 -0.00495588 -0.00484838 -0.00473272 -0.00462435 -0.00453863 -0.00444252 -0.00435807 -0.00426916 -0.00420354 -0.00414102 -0.00406244 -0.00400455 -0.00394467 -0.00390799 -0.00386844 -0.00379398 -0.00375114 -0.00372612 -0.0036867 -0.00364485 -0.00361117 -0.0035838 -0.00355025 -0.00353395 -0.00351813 -0.00348709 -0.00347188 -0.00344709 -0.00342355 -0.00342226 -0.0034074 -0.00340279 -0.00340302 -0.0033835 -0.00338155 
0 5.8356e-05 0.000106886 0.000149633 0.000199203 0.000240183 0.00028778 0.000354038 0.000406052 0.000455287 0.000511384 0.000562405 0.000614145 0.000670898 0.000740324 0.000787204 0.000833355 0.000921842 0.000975805 0.00103841 0.00113462 0.00117659 0.00125119 0.00134066 0.00139688 0.0014973 0.00157765 0.00166131 0.0017698 0.00186433 0.00198172 0.0020739 0.00219864 0.00233364 0.00243331 0.00259424 0.00273713 0.00289002 0.00306922 0.0032487 0.00346886 0.00366684 0.00392247 0.00419428 0.00447582 0.00482207 0.00518526 0.0056361 0.00612469 0.00671743 0.00742158 0.00824095 0.00924699 0.010405 0.0118176 0.0134538 0.0153746 0.0175597 0.0200101 0.0227398 0.0256358 0.0286632 0.0316536 0.0345518 0.0371275 0.0392088 0.0405868 0.0411033 0.0406194 0.0389326 0.0359848 0.031696 0.0261865 0.0194752 0.0117519 0.0031658 -0.00594729 -0.0152845 -0.0244851 -0.0332244 -0.0411806 -0.0480249 -0.0535256 -0.0574633 -0.059795 -0.0604631 -0.0596053 -0.057319 -0.0539008 -0.0495603 -0.0446512 -0.039372 -0.0340192 -0.0287156 -0.0236721 -0.018925 -0.0145839 -0.0105804 -0.00691668 -0.00343589 -7.30772e-05 0.00336373 0.00694596 0.0108419 0.0150677 0.0197114 0.024687 0.0299782 0.0353955 0.040834 0.046016 0.0507565 0.0547074 0.0576533 0.0592758 0.0594487 0.0579913 0.054922 0.0502291 0.0440924 0.0366937 0.0283435 0.0193302 0.00997323 0.00060763 -0.00844694 -0.0168401 -0.0243726 -0.0308238 -0.0361375 -0.0401519 -0.0428947 -0.0443575 -0.0447188 -0.0440801 -0.0426018 -0.0404527 -0.0378194 -0.0349345 -0.0318902 -0.0288725 -0.0259298 -0.0232167 -0.0207299 -0.0185145 -0.0165754 -0.0148851 -0.0134699 -0.0122394 -0.0112322 -0.0103542 -0.00962913 -0.00901963 -0.00848279 -0.00804013 -0.00762865 -0.00730852 -0.00699303 -0.00671642 -0.00648997 -0.00626136 -0.00607293 -0.00587362 -0.00572554 -0.00556759 -0.00540239 -0.00529595 -0.00515518 -0.00503844 -0.00493281 -0.00483297 -0.00475114 -0.00464554 -0.00458546 -0.00450609 -0.004425 -0.00438551 -0.00429373 -0.00423472 -0.00419846 -0.00412531 -0.00408977 -0.00405231 -0.00400117 -0.00396442 -0.00393342 -0.00391196 -0.00386841 -0.00383455 -0.00381671 -0.00377493 -0.0037638 -0.00376505 -0.00373664 -0.00372462 -0.00371256 -0.00368631 -0.00367706 -0.00367829 -0.00367718 
0 3.83744e-05 0.000112164 0.00015611 0.000209313 0.000283877 0.000326175 0.000377226 0.000437434 0.000486999 0.000550772 0.00060618 0.000669917 0.000740324 0.000784214 0.000862311 0.000941475 0.000975964 0.0010521 0.00114389 0.00120879 0.00127654 0.00135427 0.00146233 0.00154247 0.0016127 0.00172992 0.00181317 0.00191348 0.00203739 0.00212894 0.0022597 0.00239249 0.00252689 0.00266941 0.00281886 0.00300579 0.00315678 0.00334845 0.00357074 0.00377287 0.00401979 0.0042833 0.00459741 0.00491443 0.0052865 0.00574371 0.00622575 0.00681175 0.00748714 0.00831538 0.0092682 0.0103956 0.0117629 0.0133448 0.0152084 0.0173164 0.0197376 0.0223992 0.025283 0.0283132 0.0313788 0.0343861 0.0371355 0.0395102 0.0412553 0.0422535 0.0422989 0.0412961 0.0390951 0.035637 0.030938 0.0250505 0.0181108 0.0102041 0.00158349 -0.00753895 -0.0167875 -0.0259189 -0.0345789 -0.0425299 -0.0494258 -0.0550464 -0.0591648 -0.061706 -0.0626346 -0.062018 -0.0599836 -0.0567242 -0.0525041 -0.0475805 -0.0422455 -0.0367083 -0.0312013 -0.0258454 -0.0207926 -0.0160626 -0.0117061 -0.00763009 -0.0037894 -1.37739e-05 0.00378432 0.00778251 0.0120389 0.0166659 0.0216325 0.0269429 0.032463 0.0380943 0.0436186 0.0488464 0.0534908 0.0573006 0.0599947 0.0613663 0.0612526 0.0595601 0.056276 0.051438 0.0452201 0.0378158 0.0295421 0.0206278 0.0114057 0.00210503 -0.00690243 -0.0153899 -0.0230673 -0.0298269 -0.0354934 -0.039994 -0.0432479 -0.0452763 -0.0461684 -0.0460037 -0.0449529 -0.0431199 -0.0407461 -0.0379468 -0.0349489 -0.0318542 -0.0288167 -0.025912 -0.023205 -0.0207812 -0.0186057 -0.0167216 -0.0150627 -0.0136845 -0.0125073 -0.0114986 -0.0106553 -0.0099405 -0.00935919 -0.00881323 -0.00837374 -0.00799432 -0.00764673 -0.00733798 -0.00705623 -0.00683567 -0.00658718 -0.00638253 -0.00621265 -0.00602794 -0.00587368 -0.0057228 -0.0056047 -0.00546962 -0.00534626 -0.00525877 -0.00513476 -0.00505017 -0.00496743 -0.00485869 -0.00479204 -0.00472836 -0.00466157 -0.0045816 -0.00452194 -0.00450038 -0.00442903 -0.00436491 -0.0043401 -0.00429039 -0.00424999 -0.00421093 -0.0041748 -0.00416075 -0.00412069 -0.00410007 -0.00409309 -0.004041 -0.00402967 -0.0040326 -0.00398992 -0.00399801 -0.00400449 -0.00396243 -0.00397547 
0 5.66905e-05 0.0001129 0.000173436 0.000231613 0.000293853 0.000352666 0.000408043 0.000473886 0.000528791 0.00059214 0.000668543 0.000719951 0.000787204 0.000862311 0.00091774 0.000999216 0.00108157 0.00115527 0.00122277 0.00128634 0.00139808 0.00148874 0.0015561 0.00165823 0.00175285 0.00186952 0.00197028 0.00206805 0.00220896 0.00231523 0.00245197 0.00259803 0.00273099 0.00290039 0.00305758 0.00325183 0.00343269 0.00363649 0.00388845 0.00410782 0.00438883 0.00468838 0.00502745 0.00539583 0.00580942 0.00633453 0.00687899 0.00754833 0.00833668 0.0092818 0.0103848 0.0116674 0.0132402 0.0150273 0.0171035 0.019431 0.0220653 0.0249247 0.0279278 0.0310375 0.0340983 0.0370255 0.0395647 0.0416265 0.0429785 0.0435078 0.0430336 0.041459 0.0387236 0.0347721 0.0296849 0.0234846 0.016359 0.00837381 -0.000204025 -0.00920471 -0.0182844 -0.0272331 -0.0357457 -0.0435967 -0.0504882 -0.0561725 -0.0604524 -0.0632 -0.0644056 -0.0640686 -0.0623273 -0.059293 -0.0552434 -0.0503768 -0.0450244 -0.0393627 -0.0336715 -0.0280465 -0.0226858 -0.0175901 -0.012856 -0.00837268 -0.0041327 5.88676e-05 0.00425889 0.00867019 0.0133145 0.0183221 0.0236168 0.0292198 0.0349514 0.0407358 0.0463077 0.0515058 0.0560012 0.0595945 0.0619886 0.0630571 0.0626297 0.0606872 0.0571944 0.052249 0.0459969 0.0386692 0.0305353 0.0218233 0.0128122 0.00370598 -0.00516959 -0.0136318 -0.0213976 -0.0283793 -0.03436 -0.0392978 -0.0430596 -0.0456731 -0.0471301 -0.0475071 -0.0469319 -0.045517 -0.0434643 -0.0408603 -0.0379615 -0.0348684 -0.0317803 -0.0287292 -0.0258418 -0.0232036 -0.0208186 -0.0187172 -0.0168362 -0.015272 -0.0139154 -0.012765 -0.0117768 -0.010953 -0.0102789 -0.00964981 -0.00914871 -0.00870101 -0.00832074 -0.00796745 -0.00765305 -0.00740651 -0.0071334 -0.00691888 -0.00671389 -0.00652394 -0.00635612 -0.00618086 -0.00605276 -0.00589815 -0.00577377 -0.00566676 -0.00553302 -0.00544178 -0.00534249 -0.00526 -0.00517242 -0.00506932 -0.00502298 -0.00496057 -0.00488265 -0.00481528 -0.00475469 -0.00472406 -0.00466576 -0.00461017 -0.00458239 -0.00453114 -0.00449766 -0.00447486 -0.0044381 -0.00441344 -0.00438345 -0.00435851 -0.00434248 -0.00432091 -0.00431286 -0.00430068 -0.00428525 -0.00428322 -0.00427099 
0 7.97673e-05 0.000121168 0.000197797 0.000251383 0.000294829 0.000378487 0.000435754 0.000510175 0.000590239 0.00063237 0.00071469 0.000779071 0.000833355 0.000941475 0.000999216 0.00106042 0.001161 0.00123003 0.00132699 0.0014164 0.00149711 0.00159648 0.0016709 0.00179388 0.00190344 0.00198705 0.00213039 0.00224246 0.00237085 0.00251814 0.00264352 0.00280912 0.00295658 0.00313078 0.00331943 0.00349824 0.00372778 0.00394515 0.00420173 0.00447583 0.00476606 0.00512077 0.00547914 0.00590829 0.00639122 0.00695591 0.00761199 0.00835809 0.00928784 0.0103549 0.0116193 0.013102 0.0148547 0.0168824 0.0191454 0.0217137 0.0245232 0.0275414 0.0306332 0.0337459 0.0367614 0.0394902 0.0417718 0.0434141 0.0443285 0.044313 0.0432808 0.0411168 0.0378369 0.0334414 0.0279825 0.02156 0.0142831 0.00633847 -0.0021366 -0.0108892 -0.0197393 -0.0284061 -0.0367145 -0.0443876 -0.0512186 -0.0569267 -0.0613396 -0.0643063 -0.0657878 -0.0657812 -0.0643497 -0.0616195 -0.057768 -0.0530478 -0.0476986 -0.0419924 -0.0361201 -0.0302894 -0.0246038 -0.0191859 -0.0140354 -0.00916859 -0.00447485 0.000117966 0.00477579 0.00957884 0.0146532 0.0200011 0.0256444 0.0314788 0.0374217 0.0432799 0.0488804 0.0539571 0.058275 0.0615668 0.0636422 0.064348 0.0636056 0.0613876 0.0577103 0.0526834 0.046453 0.039271 0.031338 0.022919 0.0141813 0.00539058 -0.00328566 -0.0115953 -0.0194027 -0.0265 -0.032768 -0.0380691 -0.0423364 -0.0455218 -0.0475754 -0.0485498 -0.0484985 -0.0475988 -0.0459194 -0.0436379 -0.0408908 -0.0379 -0.0347942 -0.0316617 -0.0286352 -0.0257866 -0.0232157 -0.0208664 -0.0187973 -0.016998 -0.0154602 -0.0141445 -0.0129987 -0.0120637 -0.0112484 -0.0105651 -0.00996816 -0.00945809 -0.0090302 -0.00862518 -0.00829706 -0.00798216 -0.00771277 -0.00747072 -0.00722839 -0.00703881 -0.00683526 -0.00666439 -0.00650006 -0.00633889 -0.00621537 -0.00606353 -0.00595975 -0.00585075 -0.00572075 -0.005651 -0.00555519 -0.00546516 -0.00538325 -0.00529689 -0.00524494 -0.00516175 -0.00510894 -0.00506547 -0.00497849 -0.00495386 -0.00491788 -0.0048602 -0.00483937 -0.00477861 -0.00474466 -0.00472987 -0.00468143 -0.00468761 -0.00466704 -0.00461755 -0.00463321 -0.00460039 -0.00456791 -0.00460186 -0.0045724 
0 7.11781e-05 0.0001095 0.00020136 0.000280463 0.000327815 0.000423686 0.00048245 0.000518743 0.000621009 0.000688028 0.000742588 0.000855865 0.000921842 0.000975964 0.00108157 0.001161 0.00123556 0.0013228 0.00140848 0.00151957 0.00160863 0.00169625 0.00182473 0.00193681 0.00203756 0.00215031 0.00228483 0.00241942 0.00253616 0.00269694 0.00285668 0.00300567 0.00319756 0.0033837 0.00357959 0.00379264 0.00402856 0.00428202 0.00453719 0.00485104 0.00518277 0.00554844 0.00597279 0.00645098 0.00701419 0.00764491 0.00840336 0.00928692 0.0103309 0.0115657 0.0129996 0.0146975 0.0166475 0.0188848 0.0213724 0.024128 0.0271074 0.0302113 0.0333537 0.0364082 0.0392812 0.0417488 0.0436629 0.0448558 0.0452344 0.0446559 0.0430115 0.040277 0.0364669 0.0316648 0.0258972 0.0192991 0.0119723 0.00412029 -0.00413332 -0.0125919 -0.0211039 -0.0294565 -0.0374685 -0.0449314 -0.0516271 -0.0573383 -0.0618518 -0.0650432 -0.0668086 -0.0671529 -0.0660695 -0.0636771 -0.060088 -0.0555531 -0.050278 -0.0445532 -0.0385605 -0.0325301 -0.026565 -0.0208087 -0.0152685 -0.00998093 -0.00484477 0.000196617 0.00530209 0.0105368 0.0160171 0.0217252 0.0276735 0.0337371 0.0398306 0.0457398 0.0512955 0.0562128 0.0602827 0.0632385 0.0649491 0.0652721 0.0641977 0.0616975 0.0578561 0.0527662 0.0466227 0.0396204 0.0319751 0.0238815 0.0155202 0.00708726 -0.00127048 -0.00937504 -0.0171091 -0.0242708 -0.0307424 -0.0363648 -0.041096 -0.0448228 -0.0474982 -0.0490804 -0.0496403 -0.0492812 -0.0480852 -0.046184 -0.0437085 -0.0408841 -0.0378242 -0.0346811 -0.031544 -0.0285485 -0.0257602 -0.0232033 -0.0209196 -0.0188924 -0.0171507 -0.0156367 -0.0143549 -0.0132558 -0.0123208 -0.0115417 -0.0108615 -0.0102849 -0.0097733 -0.00934831 -0.00896059 -0.00860213 -0.00830691 -0.00802711 -0.00777327 -0.00753596 -0.00733771 -0.00714775 -0.00695435 -0.00681272 -0.00665766 -0.0065037 -0.00638477 -0.00626593 -0.00614254 -0.00601886 -0.00593515 -0.00584941 -0.00574115 -0.00566942 -0.00559884 -0.00553272 -0.00546949 -0.00538646 -0.0053505 -0.00530573 -0.00521697 -0.00518632 -0.00516031 -0.00510052 -0.00508393 -0.00506199 -0.00501 -0.00498688 -0.00496779 -0.00493911 -0.00492757 -0.00491819 -0.00490399 -0.00489276 -0.00488393 
