0 0 0 0 0 0 0 0 0 0 0 0 0 0 0 0 0 0 0 0 0 0 0 0 0 0 0 0 0 0 0 0 0 0 0 0 0 0 0 0 0 0 0 0 0 0 0 0 0 0 0 0 0 0 0 0 0 0 0 0 0 0 0 0 0 0 0 0 0 0 0 0 0 0 0 0 0 0 0 0 0 0 0 0 0 0 0 0 0 0 0 0 0 0 0 0 0 0 0 0 0 0 0 0 0 0 0 0 0 0 0 0 0 0 0 0 0 0 0 0 0 0 0 0 0 0 0 0 0 0 0 0 0 0 0 0 0 0 0 0 0 0 0 0 0 0 0 0 0 0 0 0 0 0 0 0 0 0 0 0 0 0 0 0 0 0 0 0 0 0 0 0 0 0 0 0 0 0 0 0 0 0 0 0 0 0 0 0 0 0 0 0 0 0 0 0 0 0 0 0 
0 1.17108e-05 1.19242e-05 2.80999e-05 2.71289e-05 1.52131e-05 3.84456e-05 5.04135e-05 4.52284e-05 6.77347e-05 7.5152e-05 5.87687e-05 7.44091e-05 0.000101343 9.58164e-05 8.86695e-05 0.000107135 0.00012487 0.00014 0.000144461 0.000135024 0.000161587 0.00017672 0.000162517 0.000192909 0.000208068 0.000210264 0.000239705 0.000249037 0.000269163 0.000278029 0.000295098 0.000330468 0.000323046 0.000362635 0.000398831 0.000410153 0.000458122 0.00048871 0.000549076 0.000583772 0.000635885 0.000733393 0.000792123 0.0009027 0.00102039 0.00118873 0.00137904 0.00158039 0.00187998 0.00218462 0.00255325 0.00292264 0.0033377 0.00376717 0.00412525 0.00444598 0.00463018 0.0047281 0.00460356 0.00427939 0.00372661 0.00296203 0.00202759 0.000885267 -0.000334238 -0.0016354 -0.00284566 -0.00398702 -0.00494564 -0.00572737 -0.00626323 -0.00653284 -0.0065657 -0.00635719 -0.00601519 -0.00550941 -0.00496024 -0.00431249 -0.00369393 -0.00305314 -0.00250515 -0.00199371 -0.00159115 -0.0012379 -0.000968422 -0.000740552 -0.000566079 -0.000428914 -0.000322017 -0.000250968 -0.00019069 -0.000163573 -0.000130524 -0.000127888 -0.000107311 -0.000115997 -9.96861e-05 -0.000112783 -9.74361e-05 -0.00011178 -9.64031e-05 -0.000110118 -9.39555e-05 -0.000104432 -8.49799e-05 -8.65106e-05 -5.69341e-05 -3.79655e-05 1.51008e-05 7.28898e-05 0.000168249 0.00028675 0.000444822 0.000647417 0.000893237 0.00121277 0.00158494 0.00206183 0.00258825 0.00321781 0.00384862 0.00452909 0.00513347 0.00571829 0.00615932 0.00649876 0.00661211 0.00651133 0.00612832 0.00549041 0.00463296 0.00356851 0.00238558 0.00106631 -0.000229601 -0.00150147 -0.00259014 -0.00353742 -0.00426768 -0.00478811 -0.00508014 -0.00513075 -0.00505096 -0.00480641 -0.00450434 -0.00408676 -0.00366992 -0.00326335 -0.00287006 -0.00252118 -0.00217135 -0.00192601 -0.00168749 -0.00149354 -0.00132671 -0.00118977 -0.00110839 -0.000987515 -0.000924348 -0.000866493 -0.000813815 -0.000773393 -0.000718854 -0.000716742 -0.000672051 -0.00063823 -0.000634239 -0.000597828 -0.000582638 -0.000555086 -0.000544902 -0.000533076 -0.000500623 -0.000513888 -0.000496781 -0.00047092 -0.000485075 -0.000470917 -0.000451484 -0.000440179 -0.000431457 -0.000439886 -0.000430247 -0.000408207 -0.000408274 -0.000423603 -0.000420451 -0.000394165 -0.00038947 -0.00039627 -0.000383055 -0.000386019 -0.000401317 -0.000387716 -0.000373918 -0.000382957 -0.000379881 -0.000368165 -0.000379948 
0 1.19242e-05 1.20683e-05 3.77792e-05 5.30896e-05 6.65476e-05 9.21883e-05 8.24589e-05 9.50159e-05 0.000124203 0.000113772 0.00015047 0.000182203 0.000151446 0.000186272 0.000231896 0.000222179 0.000232807 0.000247152 0.000274252 0.000301661 0.000310652 0.000347855 0.000360741 0.000382162 0.000426915 0.00042171 0.000456106 0.000502955 0.000513385 0.000557717 0.000601201 0.000647272 0.000684162 0.000728456 0.000805007 0.000840754 0.000900731 0.000992402 0.00107225 0.00116644 0.00127947 0.00144574 0.00161377 0.00180677 0.00207964 0.00240261 0.00278132 0.00321891 0.00377166 0.00441452 0.00510827 0.00586631 0.00667619 0.00750032 0.00823178 0.0088216 0.00922069 0.00935626 0.00912748 0.00846125 0.00736412 0.00585549 0.00396875 0.00174211 -0.000712211 -0.00324053 -0.00568016 -0.00791108 -0.00983793 -0.0113745 -0.0124401 -0.0129925 -0.0130482 -0.0126768 -0.0119703 -0.0110136 -0.00988286 -0.00864447 -0.00737611 -0.00614522 -0.00501982 -0.00403085 -0.00319979 -0.00251053 -0.00195519 -0.00150438 -0.00115103 -0.000871355 -0.000663505 -0.000507071 -0.000400637 -0.000325151 -0.000279682 -0.00024845 -0.000232823 -0.000221244 -0.000217424 -0.00021297 -0.000212876 -0.000210315 -0.000210652 -0.000207264 -0.000205241 -0.000196838 -0.000186036 -0.000162346 -0.000127514 -6.69166e-05 2.02777e-05 0.000152412 0.000331221 0.000576612 0.000890141 0.00129434 0.0017952 0.00242243 0.00318707 0.00411371 0.00519244 0.0064065 0.00769746 0.0090038 0.0102471 0.0113624 0.0122749 0.0129038 0.0131503 0.0129246 0.0121771 0.0109186 0.00920951 0.00712545 0.00474881 0.00218258 -0.000421728 -0.00289674 -0.00510002 -0.00696204 -0.00843341 -0.00947799 -0.0100582 -0.010216 -0.010037 -0.00960788 -0.00897738 -0.00819245 -0.00735922 -0.00654161 -0.00577534 -0.00504174 -0.00438823 -0.00384796 -0.00339045 -0.00299675 -0.00265464 -0.00240996 -0.00220326 -0.00201212 -0.00186321 -0.00174676 -0.00165588 -0.0015412 -0.00146642 -0.00141464 -0.00133629 -0.00128302 -0.00123642 -0.0012059 -0.0011576 -0.00111613 -0.00111364 -0.00106234 -0.00103107 -0.0010218 -0.000980248 -0.000964172 -0.000939065 -0.000918192 -0.000910462 -0.000894698 -0.00089691 -0.000856382 -0.000837125 -0.000872391 -0.000830012 -0.000795371 -0.000815251 -0.0007982 -0.000800889 -0.000805233 -0.000778849 -0.00078134 -0.000766906 -0.000752413 -0.000777496 -0.000763973 -0.000752755 -0.000775288 -0.000751504 
0 2.80999e-05 3.77792e-05 5.79385e-05 7.60231e-05 8.90833e-05 0.00011606 0.00013498 0.000154576 0.000183098 0.000194605 0.000214803 0.000245354 0.000258851 0.000284016 0.000313284 0.000330264 0.000362157 0.00039409 0.000416964 0.000444215 0.000474004 0.000509056 0.000537471 0.000573281 0.000621015 0.00065189 0.000697041 0.000753152 0.0007904 0.000842064 0.000904154 0.000962272 0.00102324 0.00109681 0.00118904 0.00127074 0.00136725 0.00149735 0.00162746 0.00177379 0.00195627 0.00218467 0.00244533 0.00274999 0.00315111 0.00363706 0.00420804 0.00488974 0.00571174 0.00666834 0.00771189 0.00884547 0.010042 0.0112312 0.0123002 0.0131496 0.0137095 0.0138573 0.0134748 0.0124631 0.0108166 0.00856338 0.0057469 0.00245557 -0.00116415 -0.0048815 -0.00848566 -0.0117797 -0.0146271 -0.0168895 -0.0184623 -0.0192883 -0.0193887 -0.0188627 -0.017829 -0.0164241 -0.0147489 -0.0129234 -0.011043 -0.00922615 -0.00754891 -0.00607865 -0.00482732 -0.00379497 -0.00295276 -0.00227674 -0.0017399 -0.00132123 -0.00100444 -0.000769878 -0.000606114 -0.000492257 -0.000421234 -0.000373763 -0.000348986 -0.000331203 -0.000325196 -0.000318132 -0.000318173 -0.000313819 -0.000314431 -0.000308609 -0.000305078 -0.000291353 -0.000273432 -0.000236179 -0.000180475 -8.73631e-05 4.85362e-05 0.000248676 0.000523051 0.000892301 0.00137034 0.00197837 0.00274032 0.00368286 0.00483829 0.00622 0.0078313 0.00962497 0.0115387 0.0134627 0.0153034 0.0169414 0.01828 0.019182 0.0195209 0.0191655 0.0180541 0.0161966 0.01367 0.0105898 0.00707596 0.00330216 -0.000530748 -0.00417483 -0.00744659 -0.0102131 -0.0124057 -0.0139632 -0.0148555 -0.0151377 -0.0149113 -0.0143042 -0.0133892 -0.0122677 -0.011054 -0.00985098 -0.0087066 -0.00762746 -0.00666589 -0.00584257 -0.00514969 -0.00455116 -0.0040469 -0.00365346 -0.00332502 -0.00304367 -0.00280933 -0.00262836 -0.00247537 -0.00232534 -0.00221275 -0.00211945 -0.00202485 -0.00194098 -0.00187115 -0.00181277 -0.00174267 -0.00168647 -0.00164761 -0.00159221 -0.00155075 -0.00152024 -0.00148161 -0.00145013 -0.00142189 -0.00139686 -0.00136523 -0.00133693 -0.0013245 -0.00129728 -0.00127515 -0.00126778 -0.00124452 -0.00123313 -0.00122786 -0.00120448 -0.00119348 -0.00118449 -0.00117006 -0.00117062 -0.00116347 -0.00115312 -0.00115387 -0.00114177 -0.00113392 -0.00114072 -0.00113443 
0 2.71289e-05 5.30896e-05 7.60231e-05 0.000106893 0.000123343 0.000142662 0.000190258 0.000207874 0.000227762 0.00028161 0.000283818 0.000301943 0.000375033 0.000385573 0.000395876 0.000450346 0.000483961 0.000529012 0.000558036 0.000584478 0.000646246 0.000675208 0.000720639 0.000778294 0.000811118 0.00088484 0.000937731 0.00098829 0.00107124 0.00112652 0.00120861 0.00128982 0.00137215 0.00148442 0.00157875 0.00171044 0.00184949 0.00199878 0.00219114 0.00239061 0.00264968 0.00294554 0.00330255 0.00374814 0.00427363 0.00493331 0.0057069 0.00663869 0.00773347 0.00897928 0.0103744 0.0118599 0.0134141 0.0149232 0.0162824 0.0173609 0.0180232 0.0181438 0.0175619 0.0162001 0.0140069 0.0110231 0.00731262 0.00300359 -0.00169587 -0.00653479 -0.011224 -0.0155337 -0.0192441 -0.022196 -0.0242507 -0.0253509 -0.0255235 -0.0248721 -0.0235567 -0.0217287 -0.0195532 -0.0171634 -0.0147147 -0.0123293 -0.0101288 -0.00817769 -0.00651383 -0.00512822 -0.00399718 -0.00308705 -0.00236285 -0.00180054 -0.00136936 -0.00105475 -0.00082633 -0.000674484 -0.000569774 -0.000508943 -0.00046697 -0.000447999 -0.000432028 -0.000428732 -0.000421304 -0.000422134 -0.000415521 -0.000414161 -0.000401651 -0.000388664 -0.000356032 -0.000309608 -0.000225323 -0.0001019 8.98362e-05 0.000357829 0.000733175 0.00122842 0.00187479 0.00269295 0.00371905 0.00498657 0.00652913 0.00836813 0.0104887 0.0128467 0.015341 0.0178595 0.0202525 0.0223895 0.0241066 0.0252513 0.0256446 0.0251508 0.0236881 0.0212658 0.0179757 0.013949 0.00937649 0.00446698 -0.000496417 -0.00524781 -0.0095335 -0.0131836 -0.0160822 -0.0181517 -0.0193917 -0.0198397 -0.0196319 -0.0188825 -0.0177387 -0.0163264 -0.0147751 -0.0132124 -0.0116904 -0.0102883 -0.00901463 -0.00790934 -0.00696384 -0.0061558 -0.00549622 -0.0049333 -0.0044857 -0.00410714 -0.00379242 -0.00354045 -0.00331 -0.00313776 -0.00297037 -0.00282949 -0.00271684 -0.0025962 -0.00251014 -0.00241121 -0.00233396 -0.00226959 -0.00218282 -0.00213964 -0.00207942 -0.00202186 -0.00198951 -0.00192966 -0.00190171 -0.00186786 -0.00181921 -0.00179386 -0.00175064 -0.00174362 -0.00172682 -0.00166091 -0.00166449 -0.00166853 -0.00162257 -0.00161161 -0.00159498 -0.00157367 -0.00157416 -0.00155664 -0.00155381 -0.0015508 -0.00152179 -0.00152796 -0.00153035 -0.00150435 -0.00151898 
0 1.52131e-05 6.65476e-05 8.90833e-05 0.000123343 0.00018067 0.000193561 0.000219804 0.000267767 0.000280785 0.000320857 0.000382424 0.00040583 0.000432698 0.000478494 0.000528413 0.000574792 0.000600461 0.000633036 0.000694959 0.000758755 0.000797227 0.0008472 0.000925079 0.000972791 0.00102723 0.00110861 0.00116718 0.0012415 0.00133047 0.00142367 0.00151869 0.0016154 0.00175221 0.00186657 0.00199232 0.00216563 0.00233046 0.00252967 0.00275246 0.00303687 0.00336625 0.00373112 0.00422038 0.00478675 0.00547847 0.00630106 0.00729482 0.00849156 0.00983399 0.0113897 0.013091 0.0149266 0.0167845 0.018562 0.0201689 0.0213953 0.0221264 0.0221316 0.0213326 0.0195839 0.0168537 0.0131646 0.00859186 0.00335808 -0.00235545 -0.00818999 -0.0139017 -0.0191248 -0.0236495 -0.0272287 -0.0297405 -0.0311198 -0.0313789 -0.030661 -0.0290873 -0.0269075 -0.0242487 -0.0213665 -0.0183638 -0.0154699 -0.0127478 -0.0103476 -0.00825773 -0.00652647 -0.00509181 -0.00394439 -0.00302612 -0.00231142 -0.00176688 -0.00135821 -0.00107181 -0.000863971 -0.00073718 -0.000642986 -0.00059965 -0.000558674 -0.000551526 -0.000530793 -0.000536229 -0.000520865 -0.00052765 -0.000509416 -0.000507607 -0.000474227 -0.00044423 -0.000367955 -0.000268754 -9.56811e-05 0.00014268 0.000494652 0.000966751 0.00159937 0.00241688 0.00345187 0.00475374 0.00634483 0.00828809 0.0105616 0.0131917 0.0160603 0.0191204 0.0221615 0.0250887 0.0276494 0.0297212 0.0310374 0.0314646 0.0308048 0.0290086 0.0260654 0.0220618 0.0171824 0.0116179 0.00570328 -0.000313643 -0.00605445 -0.0113088 -0.0157885 -0.0193777 -0.0219712 -0.0235731 -0.0242665 -0.0241131 -0.0233152 -0.0219827 -0.0203528 -0.0185152 -0.0166162 -0.0147631 -0.0130214 -0.0114722 -0.0100609 -0.0088642 -0.00784438 -0.00699997 -0.00629109 -0.00568354 -0.0052239 -0.00481634 -0.00447716 -0.00419017 -0.00395357 -0.00375725 -0.00354972 -0.00340489 -0.00327172 -0.00313362 -0.00302688 -0.00292909 -0.00284795 -0.00275213 -0.00268016 -0.00262312 -0.00253498 -0.00248095 -0.00243598 -0.00236667 -0.00231696 -0.00228987 -0.00225922 -0.00220884 -0.00216818 -0.00214584 -0.00212321 -0.00209474 -0.00204595 -0.00202085 -0.00202857 -0.0020053 -0.001982 -0.00197845 -0.00195006 -0.00192705 -0.00192835 -0.00192181 -0.00191305 -0.00191099 -0.00190603 -0.00189683 
0 3.84456e-05 9.21883e-05 0.00011606 0.000142662 0.000193561 0.000227134 0.000269858 0.000325479 0.000356658 0.000396227 0.000444829 0.000479337 0.000530494 0.000583164 0.00062007 0.000676128 0.00073839 0.000786415 0.000845413 0.000907447 0.000955135 0.00102269 0.00110382 0.00116394 0.00124174 0.00133958 0.00142089 0.00150878 0.00161464 0.00172597 0.00182901 0.00195138 0.00210899 0.00224895 0.00241172 0.00262254 0.00283978 0.00308211 0.00336708 0.00372537 0.00412628 0.00458703 0.00518571 0.00589713 0.00674369 0.00775157 0.00897685 0.0104236 0.012044 0.0138822 0.0158976 0.0180349 0.020159 0.0221602 0.023929 0.025251 0.0259454 0.0257958 0.0247063 0.0225521 0.0192768 0.0149015 0.00954072 0.00344318 -0.00315285 -0.00989997 -0.016495 -0.0225549 -0.0277914 -0.0319473 -0.0348786 -0.0365286 -0.0369082 -0.0361473 -0.034389 -0.0318847 -0.0288251 -0.0254729 -0.0219937 -0.0186034 -0.0154144 -0.0125583 -0.0100675 -0.00797218 -0.00624029 -0.00484 -0.00372624 -0.00285194 -0.00218733 -0.00168436 -0.00132832 -0.00106986 -0.000905994 -0.000788816 -0.000727469 -0.000678821 -0.000662958 -0.0006415 -0.00064165 -0.000627595 -0.000629239 -0.000610931 -0.000601104 -0.000561854 -0.000515778 -0.000420281 -0.000288015 -7.08809e-05 0.000230179 0.000666058 0.00124701 0.0020235 0.00301963 0.00428641 0.00586534 0.00779988 0.0101289 0.0128475 0.0159416 0.0193107 0.0228613 0.0264 0.0297725 0.0327237 0.0350608 0.0365133 0.0369121 0.0360764 0.0339508 0.0305222 0.0258831 0.0202231 0.0137988 0.00696906 4.63037e-05 -0.00660386 -0.0127151 -0.0179803 -0.0222247 -0.0253416 -0.0273456 -0.0283105 -0.0283052 -0.0275086 -0.026091 -0.0242937 -0.022239 -0.020065 -0.0179091 -0.0158762 -0.0140358 -0.012354 -0.010891 -0.00964996 -0.00860976 -0.00772242 -0.00696609 -0.00637609 -0.00587369 -0.0054399 -0.0050811 -0.00479182 -0.00454565 -0.00430357 -0.00411933 -0.00396261 -0.00379612 -0.00365674 -0.00353874 -0.00342748 -0.00331145 -0.00321984 -0.0031481 -0.00305581 -0.00298468 -0.00293456 -0.00286574 -0.00280446 -0.00275719 -0.00270198 -0.00265324 -0.00261893 -0.00257566 -0.0025348 -0.00251351 -0.00248604 -0.00245589 -0.00243323 -0.00240065 -0.00237451 -0.00236361 -0.00234881 -0.00233554 -0.002326 -0.00231096 -0.00229631 -0.00228824 -0.00228505 -0.00228272 
0 5.04135e-05 8.24589e-05 0.00013498 0.000190258 0.000219804 0.000269858 0.000328692 0.000358937 0.000414424 0.000482581 0.000508523 0.000557107 0.000639482 0.000685459 0.000725457 0.000791017 0.000858855 0.000929031 0.000987986 0.00104974 0.00113666 0.00121104 0.00128691 0.001378 0.00145976 0.00156533 0.001669 0.00176539 0.00190125 0.00202293 0.00215437 0.00231696 0.00247508 0.00266458 0.00285814 0.00309343 0.003368 0.00364419 0.00401259 0.00443049 0.00491978 0.0055114 0.00621678 0.00710455 0.00811164 0.00933715 0.0107971 0.012476 0.0143889 0.0164748 0.0187858 0.0211554 0.0234944 0.0256605 0.0274977 0.0288461 0.0294033 0.0290632 0.0276225 0.0250488 0.0212305 0.0162082 0.0101514 0.00327132 -0.00407104 -0.0116326 -0.0189646 -0.0257679 -0.0316128 -0.036295 -0.0396167 -0.0415346 -0.0420735 -0.041302 -0.039441 -0.0366568 -0.0332881 -0.0295037 -0.0256274 -0.0217628 -0.0181596 -0.0148486 -0.011978 -0.00950484 -0.00747573 -0.0058081 -0.00448995 -0.00344825 -0.00265025 -0.00205185 -0.00160937 -0.00130458 -0.00108489 -0.000953988 -0.000855411 -0.000812474 -0.00076886 -0.000762772 -0.000738822 -0.000743371 -0.000721204 -0.000719872 -0.00068339 -0.000653568 -0.000572722 -0.000470062 -0.000286357 -3.29911e-05 0.000347533 0.000864224 0.0015677 0.00249095 0.00367567 0.00518426 0.00704357 0.00933355 0.012034 0.015198 0.0187112 0.0225608 0.026527 0.0305261 0.0342512 0.0375468 0.0400588 0.0416104 0.041926 0.0409107 0.0384651 0.0345962 0.0294108 0.023067 0.0159324 0.00829943 0.000623998 -0.00683915 -0.0136863 -0.0196797 -0.0245469 -0.0281961 -0.0306501 -0.0319229 -0.0321651 -0.0314435 -0.0300548 -0.0281524 -0.0259481 -0.0235652 -0.0211391 -0.0188537 -0.0167024 -0.0147741 -0.0130375 -0.0115617 -0.0103175 -0.00923122 -0.00834681 -0.00759528 -0.00699471 -0.00647002 -0.00602298 -0.00567937 -0.00535286 -0.00508585 -0.00484857 -0.0046423 -0.0044677 -0.00428605 -0.00415296 -0.0040204 -0.00388693 -0.00378941 -0.00368192 -0.00359099 -0.00350693 -0.00341769 -0.00335652 -0.00328912 -0.00321877 -0.0031618 -0.0031066 -0.00307325 -0.00302662 -0.00295802 -0.00293487 -0.0029198 -0.00286636 -0.00283109 -0.00281575 -0.00278808 -0.0027645 -0.00274819 -0.00273295 -0.00271445 -0.00269498 -0.00269151 -0.00268436 -0.0026673 -0.00267022 
0 4.52284e-05 9.50159e-05 0.000154576 0.000207874 0.000267767 0.000325479 0.000358937 0.000418987 0.00048411 0.000518372 0.00060052 0.000679307 0.000700027 0.000772047 0.000863794 0.000919321 0.000984427 0.00104631 0.00113229 0.00122711 0.0012997 0.00139759 0.0014838 0.00158354 0.00170222 0.00178693 0.00191764 0.0020517 0.00217343 0.00233829 0.00249198 0.00267709 0.00286959 0.00307606 0.00333508 0.00358789 0.00390707 0.00426773 0.00468304 0.0051959 0.00577463 0.00650332 0.00735446 0.00838315 0.00961172 0.0110419 0.012747 0.0146657 0.0168381 0.0192006 0.0217212 0.0243037 0.0267756 0.0290406 0.0308719 0.0321155 0.0324947 0.0318549 0.0300587 0.0270019 0.0226651 0.0170439 0.0103656 0.00283904 -0.00516841 -0.0133665 -0.0213453 -0.0287187 -0.0351108 -0.0402242 -0.0439231 -0.0460987 -0.0468124 -0.0460925 -0.0441641 -0.0412093 -0.0375638 -0.0334625 -0.0292002 -0.0249582 -0.0209297 -0.0172313 -0.0139516 -0.0111379 -0.00877583 -0.00685748 -0.00530578 -0.0041017 -0.00315278 -0.00245547 -0.00191978 -0.00155821 -0.00128498 -0.00112511 -0.000999168 -0.000943875 -0.00088784 -0.000877445 -0.000847678 -0.000850363 -0.000823066 -0.000818191 -0.000771582 -0.000731357 -0.000627557 -0.000499608 -0.000269351 3.48827e-05 0.000498514 0.00110491 0.00194476 0.00301632 0.0044153 0.00615731 0.0083312 0.0109498 0.0140523 0.0176048 0.0215516 0.0257913 0.0301656 0.0345085 0.0385547 0.0420706 0.0447168 0.0462781 0.046487 0.0452692 0.0425067 0.0382581 0.0325774 0.0257062 0.0179546 0.00970804 0.00136919 -0.00674006 -0.0142351 -0.0208572 -0.0263032 -0.0305061 -0.033404 -0.0350735 -0.0355871 -0.0350796 -0.0337879 -0.0318812 -0.0296047 -0.0270636 -0.0244681 -0.0219217 -0.0195188 -0.017327 -0.015339 -0.0136297 -0.0121325 -0.0108772 -0.00981246 -0.00891156 -0.0081808 -0.00754369 -0.00703511 -0.00658163 -0.00620306 -0.0058931 -0.0055943 -0.0053598 -0.00513598 -0.00494953 -0.00477994 -0.00460997 -0.00449447 -0.00435168 -0.00422718 -0.00413424 -0.00402084 -0.00393506 -0.00384075 -0.00376101 -0.00370554 -0.00363316 -0.00357858 -0.0035052 -0.00345307 -0.00344338 -0.00336634 -0.00330051 -0.00329515 -0.00325692 -0.00322386 -0.00320918 -0.0031726 -0.00314499 -0.00312393 -0.00310487 -0.00309916 -0.00308466 -0.00307217 -0.00307049 -0.00305683 
0 6.77347e-05 0.000124203 0.000183098 0.000227762 0.000280785 0.000356658 0.000414424 0.00048411 0.000560521 0.000598614 0.000667975 0.00075158 0.000798714 0.000885677 0.000969862 0.00102332 0.0011234 0.00121471 0.00128911 0.00138208 0.0014697 0.00157808 0.0016783 0.0017909 0.00193149 0.00203541 0.00218502 0.00234802 0.00247329 0.00265766 0.00284406 0.00303857 0.00326377 0.00350801 0.00381484 0.00411519 0.00448371 0.0049376 0.0054213 0.00602175 0.00672253 0.00758217 0.00859328 0.00977746 0.0112286 0.0128892 0.014821 0.0169924 0.019406 0.0220225 0.0247135 0.0274369 0.0299912 0.032257 0.0340025 0.0350307 0.0351543 0.0341521 0.0319476 0.0283954 0.0235385 0.0173945 0.0101731 0.00212869 -0.0064288 -0.0151178 -0.0236002 -0.0314121 -0.0382398 -0.0437281 -0.0477571 -0.0501993 -0.0510896 -0.0504805 -0.0485344 -0.0455011 -0.041648 -0.0373133 -0.0327218 -0.028157 -0.0237412 -0.0196805 -0.0160111 -0.012855 -0.0101653 -0.00797813 -0.00619439 -0.004805 -0.00370929 -0.00289013 -0.00226849 -0.00182803 -0.00151103 -0.0013015 -0.00116024 -0.00107368 -0.00101912 -0.000986862 -0.000966141 -0.000949872 -0.00093226 -0.000906188 -0.000863194 -0.000793353 -0.000678323 -0.000503705 -0.000236079 0.000142413 0.000682644 0.00140365 0.00237664 0.00362245 0.00523579 0.00723455 0.009721 0.0126778 0.0161673 0.0200921 0.0244379 0.0290211 0.0337477 0.0383544 0.0426459 0.0462818 0.0489948 0.0504874 0.0505665 0.0491143 0.04606 0.0414601 0.0353765 0.0280915 0.0198692 0.0111587 0.00229046 -0.00631979 -0.0143546 -0.0214925 -0.0274811 -0.0322122 -0.0355853 -0.0376861 -0.0385377 -0.0383412 -0.0372357 -0.0354357 -0.0331544 -0.0305519 -0.0278454 -0.0250963 -0.0224758 -0.0200301 -0.0178177 -0.0158554 -0.01411 -0.0126545 -0.0113946 -0.0103327 -0.00943579 -0.00868704 -0.00808676 -0.00753092 -0.00709209 -0.00672507 -0.00638672 -0.00610383 -0.00584055 -0.00563799 -0.00542218 -0.0052238 -0.00508924 -0.00491876 -0.00478071 -0.00467085 -0.00454889 -0.00445407 -0.00435381 -0.00427267 -0.00418463 -0.004091 -0.00404813 -0.00396892 -0.00389025 -0.00386436 -0.00380175 -0.00375547 -0.00373664 -0.0036756 -0.00363195 -0.00360798 -0.003572 -0.0035558 -0.0035379 -0.00351134 -0.00349709 -0.00347735 -0.00346223 -0.00346065 -0.00345135 
0 7.5152e-05 0.000113772 0.000194605 0.00028161 0.000320857 0.000396227 0.000482581 0.000518372 0.000598614 0.000702599 0.000747267 0.000820797 0.000924091 0.000994215 0.00107611 0.00115332 0.00124297 0.00136599 0.00143905 0.00153451 0.00167536 0.00176726 0.00188877 0.00202646 0.00214374 0.00229856 0.00244536 0.00261726 0.00279819 0.00297522 0.00321987 0.00343577 0.00368194 0.00399805 0.00430717 0.0046832 0.0051041 0.00562169 0.00622161 0.00689146 0.0077614 0.00875896 0.00994191 0.0113414 0.0129874 0.0149209 0.0170512 0.0194735 0.0221089 0.0249013 0.0277422 0.0304936 0.0330826 0.0352325 0.0368027 0.0375392 0.0373074 0.0359266 0.0332395 0.0292301 0.0238529 0.0172806 0.00960877 0.00116001 -0.00779726 -0.0168673 -0.0256728 -0.0338368 -0.0409591 -0.0467993 -0.051096 -0.0538261 -0.0548988 -0.0544508 -0.0525613 -0.0495181 -0.0455671 -0.0410474 -0.0362286 -0.0313544 -0.0266334 -0.0221964 -0.0181969 -0.0146637 -0.011682 -0.00918068 -0.00718512 -0.00556769 -0.00433821 -0.0033634 -0.00266438 -0.00212036 -0.00176442 -0.00148853 -0.00133431 -0.00120639 -0.00115443 -0.00109483 -0.00108378 -0.00104514 -0.00103778 -0.000986468 -0.000948024 -0.000841287 -0.000716968 -0.000482988 -0.0001821 0.000290281 0.000899507 0.00176312 0.00285746 0.00431471 0.00612444 0.00842192 0.0111889 0.0145185 0.0183392 0.0226525 0.0273169 0.0322359 0.0372123 0.0420418 0.0464603 0.0501492 0.052834 0.0542046 0.0541252 0.0524156 0.0491119 0.0441772 0.0378177 0.0302005 0.0216973 0.0126381 0.00341919 -0.00557295 -0.0140184 -0.0215666 -0.0280608 -0.0332674 -0.037174 -0.0397098 -0.0410066 -0.0411816 -0.0403737 -0.0387895 -0.0365749 -0.0340259 -0.0312312 -0.0283738 -0.0255451 -0.0228737 -0.02045 -0.018212 -0.0162591 -0.0145499 -0.0131134 -0.0118738 -0.0107979 -0.00994899 -0.00920052 -0.00857594 -0.0080377 -0.00758878 -0.00722019 -0.00684767 -0.00657139 -0.00631935 -0.00607019 -0.00587791 -0.00568266 -0.00552575 -0.00536494 -0.00521652 -0.00510833 -0.00496073 -0.00486001 -0.00477991 -0.00465542 -0.0045791 -0.00451195 -0.0044376 -0.00437504 -0.00428869 -0.00424572 -0.00421445 -0.00413144 -0.00409084 -0.00407517 -0.00402267 -0.00399046 -0.00397197 -0.00393718 -0.00391297 -0.00389635 -0.0038803 -0.00386754 -0.00385463 -0.0038498 
0 5.87687e-05 0.00015047 0.000214803 0.000283818 0.000382424 0.000444829 0.000508523 0.00060052 0.000667975 0.000747267 0.000844588 0.000927691 0.00101561 0.00108897 0.00118675 0.00131459 0.00138845 0.00147828 0.00160869 0.00172063 0.00184839 0.00196655 0.00209756 0.00225588 0.0023898 0.00255807 0.00273221 0.00290807 0.00312404 0.00333081 0.00358223 0.00384737 0.00413025 0.00448526 0.0048477 0.00528342 0.0057898 0.00637899 0.00708521 0.0078863 0.00889099 0.0100584 0.0114223 0.013041 0.0149113 0.0170738 0.0194432 0.0220786 0.0249125 0.0278373 0.0307519 0.0334981 0.0359943 0.0379633 0.0392387 0.0396134 0.0389535 0.0371188 0.0339454 0.02945 0.023629 0.0166658 0.00866892 -8.12875e-05 -0.00929459 -0.0185969 -0.0275972 -0.0359621 -0.043306 -0.0493953 -0.0539544 -0.0569278 -0.0582258 -0.0579542 -0.0562035 -0.0532197 -0.0492612 -0.0446389 -0.0396529 -0.0345395 -0.0295392 -0.0247833 -0.0204509 -0.0165817 -0.0132805 -0.0104912 -0.00824269 -0.00641741 -0.00501205 -0.0039017 -0.00308714 -0.00246011 -0.00203141 -0.00170964 -0.00151272 -0.00136403 -0.00128835 -0.00122221 -0.00119651 -0.00115622 -0.00113489 -0.00107852 -0.00101848 -0.000894145 -0.000730869 -0.000455976 -8.776e-05 0.00046063 0.00117781 0.00216706 0.00342688 0.00507949 0.00713135 0.009707 0.0127902 0.0164572 0.0206216 0.0252695 0.0302371 0.0354224 0.0405989 0.0455641 0.0500223 0.0536778 0.056242 0.0574482 0.0571501 0.0552015 0.0516311 0.0464412 0.0398522 0.0320429 0.0233697 0.0141219 0.00469517 -0.00454728 -0.0132636 -0.021149 -0.0280401 -0.0337143 -0.0381144 -0.0411424 -0.0429218 -0.0435373 -0.0431235 -0.0418309 -0.0398233 -0.0373787 -0.0346053 -0.0316915 -0.0287269 -0.0258797 -0.0232316 -0.0207703 -0.0185797 -0.0166336 -0.0149808 -0.0135386 -0.0122998 -0.0112833 -0.0104016 -0.00967611 -0.00903882 -0.00851351 -0.00807091 -0.00765929 -0.00733427 -0.00702627 -0.00676344 -0.00653393 -0.00630791 -0.00613218 -0.00594559 -0.00578583 -0.00565145 -0.00550304 -0.00538577 -0.00526409 -0.00517126 -0.00509188 -0.00496909 -0.0048944 -0.00484278 -0.00476423 -0.00469433 -0.00462079 -0.00457661 -0.00454456 -0.00448471 -0.00445238 -0.00442093 -0.00436802 -0.00434775 -0.00433037 -0.00429915 -0.00428794 -0.00427564 -0.00425539 -0.00425155 
0 7.44091e-05 0.000182203 0.000245354 0.000301943 0.00040583 0.000479337 0.000557107 0.000679307 0.00075158 0.000820797 0.000927691 0.00100421 0.00110942 0.00122428 0.00130316 0.0014294 0.00154115 0.00163788 0.00179138 0.00189835 0.00200984 0.0021797 0.00231703 0.00247522 0.00265164 0.00282815 0.00303307 0.00322437 0.0034594 0.00371146 0.00395697 0.00427832 0.00461215 0.00498737 0.00543542 0.00593169 0.00653548 0.00721489 0.0080287 0.00900449 0.0101325 0.0114929 0.0130596 0.0148974 0.0170089 0.0193678 0.0219926 0.0248025 0.0277863 0.0307905 0.0336974 0.0363865 0.0386657 0.0403759 0.0412575 0.041206 0.0400603 0.0377097 0.0340598 0.0290785 0.0228953 0.0155926 0.00738632 -0.00155497 -0.0108856 -0.0202743 -0.0293531 -0.0377833 -0.0452801 -0.0515233 -0.0563329 -0.0595123 -0.0610722 -0.060999 -0.0594613 -0.0566082 -0.0527265 -0.0480866 -0.0429925 -0.0377126 -0.0324603 -0.0274438 -0.0227795 -0.0186155 -0.0149717 -0.0119178 -0.00937856 -0.00735993 -0.00573904 -0.0045067 -0.00354138 -0.00284552 -0.0023138 -0.00196058 -0.00169507 -0.00154038 -0.00141875 -0.00136132 -0.001301 -0.00127449 -0.0012195 -0.00117312 -0.00107006 -0.00094243 -0.000715441 -0.000413307 5.12052e-05 0.000662341 0.00152142 0.00262389 0.00408839 0.00592386 0.00825766 0.0110917 0.014519 0.0184858 0.0229986 0.0279241 0.033174 0.0385523 0.0438769 0.0488878 0.0533033 0.0568389 0.0592004 0.0601983 0.0596311 0.0574592 0.0536186 0.0482526 0.0414869 0.0336146 0.0248751 0.0155936 0.00609975 -0.00325586 -0.0121135 -0.0202564 -0.0274398 -0.033551 -0.0383982 -0.0419618 -0.0442556 -0.045375 -0.0454336 -0.0445148 -0.0428445 -0.0405726 -0.0379237 -0.0350118 -0.031993 -0.0290216 -0.0261578 -0.0235122 -0.0210737 -0.0189095 -0.0170083 -0.0153486 -0.013948 -0.0127248 -0.01171 -0.0108508 -0.0101169 -0.00950625 -0.00896222 -0.00852868 -0.00813176 -0.00777002 -0.00748672 -0.00720385 -0.00695956 -0.00674181 -0.00654208 -0.00637449 -0.00619051 -0.00606191 -0.00593941 -0.00577844 -0.00568387 -0.00558002 -0.00546162 -0.00538735 -0.00528694 -0.00520933 -0.00515712 -0.00508248 -0.00503877 -0.00497858 -0.00490339 -0.00487663 -0.0048378 -0.00479432 -0.00477524 -0.00474091 -0.00471325 -0.00469769 -0.00467936 -0.00466923 -0.00465647 
0 0.000101343 0.000151446 0.000258851 0.000375033 0.000432698 0.000530494 0.000639482 0.000700027 0.000798714 0.000924091 0.00101561 0.00110942 0.00121874 0.0013362 0.00144465 0.00154318 0.00167712 0.00181477 0.00193959 0.00208422 0.00222516 0.00239107 0.00256318 0.00270786 0.00290754 0.00311747 0.00330958 0.00355377 0.00381422 0.00409114 0.00439259 0.00473854 0.00513959 0.0055523 0.0060578 0.00665671 0.00732455 0.00812552 0.00907363 0.0102114 0.0115234 0.0130628 0.0148801 0.0169399 0.0192738 0.0218514 0.0246692 0.0276469 0.0306886 0.0337092 0.0365401 0.0390573 0.0410543 0.0423727 0.0428237 0.0422636 0.0405966 0.0377067 0.033572 0.0281797 0.0216648 0.0141401 0.00578607 -0.00319856 -0.0125328 -0.0218719 -0.0309097 -0.0393212 -0.0468617 -0.0532257 -0.0582105 -0.0616218 -0.063423 -0.0636195 -0.0623249 -0.0596961 -0.055956 -0.051383 -0.0462509 -0.0408559 -0.0354135 -0.030155 -0.025211 -0.0207413 -0.0167925 -0.0134375 -0.0106326 -0.00837133 -0.00655679 -0.00515258 -0.00406032 -0.00324975 -0.00264064 -0.00221429 -0.00190684 -0.00170832 -0.00156828 -0.00148474 -0.00141804 -0.0013719 -0.00131156 -0.00124116 -0.00112283 -0.00095552 -0.000691786 -0.000322662 0.000211921 0.000929481 0.0019056 0.00316928 0.00481546 0.00688312 0.00947339 0.0126053 0.0163388 0.0206214 0.0254281 0.0306185 0.0360842 0.0416112 0.047007 0.0519849 0.0562814 0.0596031 0.0617152 0.062426 0.0615935 0.0591599 0.0551142 0.0495934 0.0427621 0.0348981 0.0262206 0.0170314 0.00760514 -0.00170894 -0.0106207 -0.0188902 -0.0263214 -0.0327671 -0.038057 -0.0421455 -0.0449933 -0.046678 -0.0472477 -0.0468249 -0.0455542 -0.0435874 -0.0411216 -0.0382968 -0.0353049 -0.0322393 -0.0292332 -0.0263845 -0.0237466 -0.021359 -0.0192029 -0.0173424 -0.0157322 -0.0143365 -0.0131449 -0.0121377 -0.0113054 -0.0105591 -0.00993536 -0.00942275 -0.00895664 -0.00855545 -0.0082055 -0.00791538 -0.00763505 -0.00737783 -0.00718566 -0.00697292 -0.00677616 -0.00662267 -0.00646479 -0.0063255 -0.00618751 -0.00606767 -0.00597711 -0.00587328 -0.00577699 -0.00568729 -0.00561375 -0.00555486 -0.00545879 -0.00539904 -0.00538284 -0.00530575 -0.00525204 -0.00524946 -0.00518809 -0.00514611 -0.00515434 -0.00510709 -0.00507717 -0.00509692 -0.00506656 
0 9.58164e-05 0.000186272 0.000284016 0.000385573 0.000478494 0.000583164 0.000685459 0.000772047 0.000885677 0.000994215 0.00108897 0.00122428 0.0013362 0.00142949 0.00157321 0.00170867 0.00183755 0.00197082 0.0021019 0.00227947 0.00243986 0.00259537 0.00279255 0.00297044 0.00318718 0.00341586 0.00362824 0.00390707 0.0041873 0.00449033 0.0048418 0.00522467 0.00568277 0.00616377 0.00674876 0.0074495 0.00821672 0.00915436 0.0102554 0.0115595 0.0130639 0.0148044 0.0168595 0.019141 0.0216863 0.0244688 0.0274503 0.0305412 0.0335916 0.0365556 0.0392365 0.0414879 0.0431105 0.0439557 0.0439038 0.0427841 0.0405506 0.0371102 0.0325057 0.0267544 0.019973 0.0123059 0.00390071 -0.00501165 -0.0142201 -0.0233904 -0.0322774 -0.0405794 -0.0480762 -0.0544942 -0.0596044 -0.0632328 -0.0652825 -0.0657824 -0.0647787 -0.0624383 -0.0589119 -0.0544805 -0.0493828 -0.043934 -0.0383571 -0.0328976 -0.0277112 -0.022956 -0.0187192 -0.015062 -0.011991 -0.0094728 -0.00745741 -0.005865 -0.00463976 -0.00370063 -0.00301072 -0.0024999 -0.00214911 -0.00189744 -0.00173925 -0.00162189 -0.00155008 -0.00147718 -0.00141261 -0.00131022 -0.00117633 -0.000959358 -0.00065644 -0.000207783 0.000401874 0.00124153 0.00234302 0.00378724 0.0056262 0.00794559 0.0107993 0.0142381 0.0182689 0.0228556 0.0279262 0.033348 0.0389797 0.0445998 0.0499971 0.0548681 0.0589692 0.0620064 0.0638099 0.0641854 0.063061 0.0603593 0.0561365 0.0505089 0.0436834 0.0359027 0.0273808 0.0183893 0.00915585 4.28512e-06 -0.00885062 -0.0171514 -0.0247434 -0.0314439 -0.0371231 -0.0417082 -0.0451195 -0.0473916 -0.048522 -0.0486571 -0.0478726 -0.0463096 -0.044123 -0.0414818 -0.0385935 -0.03552 -0.0324318 -0.0294247 -0.0266078 -0.0240065 -0.0216098 -0.0195216 -0.0176834 -0.0160922 -0.0147091 -0.0135342 -0.0125698 -0.0117009 -0.0109845 -0.0103809 -0.00984842 -0.0093979 -0.00898359 -0.00865383 -0.00833857 -0.00804436 -0.00781728 -0.0075789 -0.00738149 -0.00719839 -0.0070099 -0.00687695 -0.00673445 -0.00659763 -0.00647405 -0.00635145 -0.00627938 -0.00618069 -0.0060648 -0.00600377 -0.00593411 -0.00586548 -0.00581568 -0.00575293 -0.00570342 -0.00565862 -0.00561719 -0.0055923 -0.00555891 -0.0055353 -0.00551991 -0.00549606 -0.00549021 
0 8.86695e-05 0.000231896 0.000313284 0.000395876 0.000528413 0.00062007 0.000725457 0.000863794 0.000969862 0.00107611 0.00118675 0.00130316 0.00144465 0.00157321 0.00170591 0.00185092 0.00198583 0.00214608 0.00231008 0.00246514 0.00264596 0.00282589 0.00302537 0.00325436 0.00346895 0.00371242 0.0039878 0.00426693 0.00458484 0.00493028 0.00531874 0.00576801 0.0062609 0.0068428 0.00751814 0.00830079 0.00922212 0.0102908 0.0115725 0.0130568 0.0147628 0.0167506 0.0190054 0.0215256 0.0242611 0.0272151 0.030321 0.0334296 0.0364523 0.0392511 0.0417028 0.0435887 0.0447472 0.0450743 0.0444372 0.0427515 0.0399124 0.0359587 0.0309163 0.0248664 0.017904 0.0101578 0.0018233 -0.00693979 -0.0158849 -0.0248117 -0.033443 -0.0415713 -0.048951 -0.0553579 -0.0605647 -0.0643767 -0.0667081 -0.0675136 -0.066871 -0.0648444 -0.061621 -0.0573758 -0.0524005 -0.0469432 -0.0412963 -0.0356713 -0.0302789 -0.0252631 -0.0207462 -0.0167991 -0.0134446 -0.0106737 -0.0084265 -0.00665137 -0.00525916 -0.00420253 -0.00339858 -0.00281916 -0.00239295 -0.00210739 -0.00190027 -0.0017707 -0.00166403 -0.00158701 -0.00148856 -0.00137623 -0.00119623 -0.000949756 -0.000575808 -6.49187e-05 0.000652913 0.00160151 0.00286267 0.00447954 0.00654409 0.00910922 0.0122479 0.0159801 0.0203058 0.0251691 0.0304724 0.0360859 0.0418231 0.0474851 0.0527966 0.0575075 0.0613196 0.0640379 0.0654545 0.0654845 0.06402 0.0610754 0.0566869 0.0510187 0.0442619 0.0366357 0.0283641 0.0196478 0.0107417 0.00183708 -0.00682468 -0.0150861 -0.0227312 -0.0296218 -0.0356282 -0.0406591 -0.0446422 -0.0474921 -0.049255 -0.0499741 -0.0497659 -0.0486868 -0.0468766 -0.0445282 -0.0417922 -0.0388176 -0.0356928 -0.0325971 -0.029622 -0.0268147 -0.0242259 -0.0218805 -0.0198273 -0.0180127 -0.0164351 -0.0150913 -0.0139369 -0.012965 -0.0121231 -0.0114106 -0.0108076 -0.0102754 -0.00982288 -0.0094151 -0.00906337 -0.00875984 -0.00846343 -0.00821575 -0.00799997 -0.00778829 -0.00760599 -0.00743059 -0.00727186 -0.00713596 -0.00699679 -0.00687336 -0.00675431 -0.00664847 -0.00657227 -0.00648144 -0.00640605 -0.00633799 -0.00624039 -0.00620296 -0.00617135 -0.00608106 -0.00606147 -0.00604219 -0.00596297 -0.00597155 -0.00597034 -0.00590186 -0.0059205 
0 0.000107135 0.000222179 0.000330264 0.000450346 0.000574792 0.000676128 0.000791017 0.000919321 0.00102332 0.00115332 0.00131459 0.0014294 0.00154318 0.00170867 0.00185092 0.00197826 0.00215097 0.00232871 0.00249401 0.00267705 0.00287558 0.00307653 0.00329186 0.00352834 0.0037636 0.00403038 0.0043423 0.00465335 0.00500297 0.00541089 0.00585525 0.00635199 0.00692025 0.00759624 0.00836404 0.00925552 0.0103269 0.0115678 0.0130257 0.0147109 0.0166545 0.0188744 0.0213429 0.0240702 0.0269874 0.0300695 0.0332156 0.0362901 0.0391883 0.0417521 0.0438605 0.0452937 0.0459299 0.0456704 0.044425 0.04213 0.0387163 0.0342754 0.0288553 0.0225739 0.0154977 0.00777571 -0.000413474 -0.00891158 -0.0175219 -0.0261057 -0.0344201 -0.0423018 -0.0495029 -0.0558491 -0.0611038 -0.065097 -0.0676985 -0.0688501 -0.0685823 -0.0669321 -0.0640486 -0.0600675 -0.055268 -0.0498744 -0.0442063 -0.038465 -0.032903 -0.0276511 -0.0228767 -0.0186393 -0.0150096 -0.0119662 -0.0094881 -0.00750275 -0.00594594 -0.00474445 -0.00383299 -0.0031595 -0.00266772 -0.00232447 -0.00208058 -0.00191641 -0.00178844 -0.00168557 -0.00156692 -0.00142238 -0.00120874 -0.000909087 -0.000474476 0.000124078 0.000942726 0.00202784 0.00344542 0.00526372 0.00755281 0.0103869 0.0138033 0.0178344 0.0224329 0.0275537 0.0330526 0.0388131 0.0446046 0.0502385 0.0554046 0.0598748 0.0633525 0.0656846 0.0666938 0.0663301 0.0645295 0.0613307 0.0568195 0.0511485 0.0445244 0.0371176 0.0291597 0.0208087 0.0122999 0.00375549 -0.00463605 -0.0127423 -0.0203683 -0.0273632 -0.0336309 -0.039054 -0.0435569 -0.0470001 -0.0493993 -0.0507617 -0.0511632 -0.05065 -0.0493159 -0.0473441 -0.0448608 -0.04204 -0.0389823 -0.0358523 -0.032762 -0.029787 -0.0270152 -0.0244545 -0.0221609 -0.0201253 -0.0183494 -0.0168096 -0.0154654 -0.0143406 -0.0133729 -0.0125334 -0.0118202 -0.0112168 -0.0106985 -0.0102243 -0.00983152 -0.00949544 -0.00916922 -0.00888829 -0.00864081 -0.0084064 -0.00819542 -0.00800817 -0.00782711 -0.00765953 -0.00753668 -0.00740805 -0.00725992 -0.00716467 -0.00707793 -0.00695226 -0.00686228 -0.00680782 -0.00672734 -0.00665091 -0.0066064 -0.00655702 -0.00650442 -0.00647189 -0.00643785 -0.00639508 -0.00636891 -0.00635943 -0.00634876 
0 0.00012487 0.000232807 0.000362157 0.000483961 0.000600461 0.00073839 0.000858855 0.000984427 0.0011234 0.00124297 0.00138845 0.00154115 0.00167712 0.00183755 0.00198583 0.00215097 0.00234969 0.00250027 0.00267498 0.00290043 0.00310398 0.00332515 0.00356358 0.00382005 0.00410062 0.00438688 0.00472481 0.00507463 0.00545379 0.00592308 0.00641698 0.00697806 0.00765123 0.00842342 0.00931601 0.010345 0.011583 0.0130169 0.0146491 0.0165582 0.0187321 0.021167 0.0238396 0.0267376 0.0298162 0.032958 0.0360827 0.0390576 0.0417474 0.0440026 0.0456579 0.0465787 0.0466278 0.0457412 0.0438567 0.0409343 0.03699 0.0320945 0.026373 0.0199092 0.0128076 0.00519552 -0.00276002 -0.0109016 -0.0191158 -0.027269 -0.0352197 -0.0427739 -0.0497572 -0.0559781 -0.0612537 -0.0654022 -0.0682731 -0.0697877 -0.0699106 -0.0686835 -0.0661709 -0.0625295 -0.0579507 -0.0527055 -0.0470546 -0.0412669 -0.0355578 -0.0301188 -0.0250942 -0.0205926 -0.0166797 -0.0133691 -0.0106437 -0.00844199 -0.00670532 -0.00534996 -0.00432104 -0.00354424 -0.00298165 -0.00257144 -0.00228884 -0.00208089 -0.00193161 -0.00179365 -0.00165487 -0.00146838 -0.00121939 -0.000856074 -0.000355837 0.000341554 0.00127077 0.00250435 0.00409403 0.00612468 0.00865681 0.0117619 0.015468 0.0197805 0.0246496 0.0299872 0.0356642 0.0415091 0.0473207 0.0528447 0.0578215 0.0619717 0.0650832 0.0669755 0.0675617 0.0667774 0.0646381 0.0611951 0.0565805 0.0509552 0.0444943 0.0373747 0.0297653 0.0218552 0.0137859 0.0056835 -0.0023646 -0.0102223 -0.0177371 -0.0247686 -0.0312068 -0.0369626 -0.0419004 -0.0459168 -0.0489393 -0.0509647 -0.0520093 -0.0521057 -0.051348 -0.0498347 -0.0477152 -0.0451299 -0.0422347 -0.0391634 -0.0360134 -0.032929 -0.0299874 -0.0272402 -0.0247082 -0.0224301 -0.0204456 -0.0186832 -0.0171469 -0.0158418 -0.0147294 -0.0137729 -0.0129331 -0.0122475 -0.0116507 -0.0111048 -0.0106587 -0.0102551 -0.00989511 -0.00958095 -0.00929525 -0.00904632 -0.00879976 -0.00860545 -0.00843463 -0.00822638 -0.00807026 -0.00794129 -0.00779936 -0.00767821 -0.00754974 -0.00744998 -0.00737331 -0.00727594 -0.00720718 -0.00713706 -0.00705666 -0.00701583 -0.00695929 -0.00690501 -0.00689142 -0.00684912 -0.00681515 -0.0068172 -0.00678399 
