0 0 0 0 0 0 0 0 0 0 0 0 0 0 0 0 0 0 0 0 0 0 0 0 0 0 0 0 0 0 0 0 0 0 0 0 0 0 0 0 0 0 0 0 0 0 0 0 0 0 0 0 0 0 0 0 0 0 0 0 0 0 0 0 0 0 0 0 0 0 0 0 0 0 0 0 0 0 0 0 0 0 0 0 0 0 0 0 0 0 0 0 0 0 0 0 0 0 0 0 0 0 0 0 0 0 0 0 0 0 0 0 0 0 0 0 0 0 0 0 0 0 0 0 0 0 0 0 0 0 0 0 0 0 0 0 0 0 0 0 0 0 0 0 0 0 0 0 0 0 0 0 0 0 0 0 0 0 0 0 0 0 0 0 0 0 0 0 0 0 0 0 0 0 0 0 0 0 0 0 0 0 0 0 0 0 0 0 0 0 0 0 0 0 0 0 0 0 0 0 
0 1.32331e-06 4.57336e-06 5.08196e-06 1.03924e-05 1.16991e-05 1.35834e-05 1.99148e-05 1.32119e-05 2.31823e-05 3.25942e-05 1.69936e-05 3.5224e-05 3.48557e-05 1.11901e-05 4.61859e-05 4.71055e-05 3.29095e-05 6.38348e-05 4.80441e-05 3.75017e-05 5.25379e-05 5.83745e-05 7.04248e-05 5.13577e-05 5.89139e-05 7.96503e-05 7.83337e-05 8.72109e-05 7.16349e-05 9.06372e-05 0.000100071 8.06307e-05 0.00010441 9.9535e-05 0.00010431 0.000114746 0.000118361 0.000131079 0.000124089 0.000150425 0.000146586 0.00014727 0.000168871 0.000165216 0.000176387 0.000176653 0.0002002 0.000199305 0.000204763 0.000232045 0.000235909 0.000252092 0.000260575 0.00029422 0.000301345 0.00031607 0.000346756 0.000370438 0.000395012 0.000411393 0.000462518 0.000495343 0.000537441 0.000583534 0.000661017 0.00074365 0.000831416 0.000955235 0.00111271 0.00131238 0.00152516 0.00179608 0.00210889 0.00247198 0.00283445 0.0032052 0.0035571 0.00386798 0.00407526 0.004138 0.00403465 0.00374707 0.00326448 0.00256635 0.00168628 0.000663971 -0.000414339 -0.00150036 -0.00251523 -0.00341554 -0.00411625 -0.004581 -0.00475833 -0.00466479 -0.00429808 -0.0037035 -0.00289165 -0.0019187 -0.00081664 0.000330195 0.001467 0.00250517 0.00340629 0.00410861 0.00459708 0.00482194 0.00477736 0.0044349 0.00383281 0.002998 0.0020122 0.000918505 -0.00020388 -0.00130802 -0.00230237 -0.00313665 -0.00375895 -0.00418001 -0.00440272 -0.00444524 -0.00431814 -0.00405945 -0.00372869 -0.00336167 -0.00298811 -0.00260282 -0.00225407 -0.00194407 -0.00169677 -0.00146591 -0.00127797 -0.0011228 -0.00101526 -0.000915405 -0.00082458 -0.000760338 -0.000710519 -0.000671273 -0.000613339 -0.000588727 -0.000559823 -0.000538414 -0.000500975 -0.000486341 -0.000477564 -0.000449157 -0.000436726 -0.000420808 -0.000421903 -0.000391476 -0.000387298 -0.00038329 -0.000364736 -0.000356336 -0.000342686 -0.000347948 -0.000319345 -0.000320997 -0.000319797 -0.000300928 -0.000304786 -0.000294189 -0.00029952 -0.000282709 -0.00028829 -0.000289033 -0.000262387 -0.000281477 -0.000270009 -0.000258312 -0.000253942 -0.000247761 -0.000266031 -0.000247456 -0.000240084 -0.000241356 -0.00024851 -0.000262387 -0.000225124 -0.000232043 -0.000245511 -0.000214324 -0.000235729 -0.000239387 -0.00021699 -0.000228291 -0.000226369 -0.000225198 -0.000227587 -0.000223173 -0.000224189 -0.000212627 -0.000213999 -0.000223223 -0.000214642 -0.000222992 -0.000227064 -0.000210612 -0.000218461 
0 4.57336e-06 1.31931e-05 1.30749e-05 1.81727e-05 2.65988e-05 2.24401e-05 3.41685e-05 4.42805e-05 3.37142e-05 4.78363e-05 5.5766e-05 4.85484e-05 7.19079e-05 8.01297e-05 7.06141e-05 7.57388e-05 7.71416e-05 8.32168e-05 9.22563e-05 0.000109152 0.000124453 0.000105968 0.000107447 0.000146036 0.000146469 0.000125261 0.000142899 0.00015699 0.000158608 0.000175937 0.000178787 0.000187628 0.000206259 0.000216356 0.000219061 0.000226075 0.000251508 0.000244232 0.000255127 0.000282866 0.000280354 0.000298399 0.000316108 0.000342037 0.000344836 0.000367823 0.000405929 0.000404161 0.000434153 0.00045804 0.000491462 0.000498728 0.000530944 0.000580318 0.000593914 0.000635057 0.000673018 0.000742098 0.000769187 0.000830954 0.000910784 0.000992581 0.00107756 0.00117355 0.0013377 0.00148987 0.00169376 0.00192286 0.00226228 0.00263758 0.00308938 0.00361505 0.00424973 0.00495888 0.00568115 0.00641744 0.00710202 0.00771682 0.00810043 0.00823237 0.00799693 0.00743529 0.0064419 0.00507185 0.0033001 0.00129549 -0.000866036 -0.00299962 -0.00503209 -0.00679527 -0.00819871 -0.00910118 -0.00946828 -0.00926895 -0.00855447 -0.00735967 -0.00575752 -0.00381295 -0.00163649 0.000649912 0.00289489 0.0049678 0.00674718 0.00815509 0.00911205 0.00957056 0.00946699 0.00880522 0.00759892 0.00596599 0.00399445 0.00184643 -0.000399807 -0.00256474 -0.00455867 -0.0061942 -0.00746182 -0.0082853 -0.00875751 -0.00882941 -0.00860543 -0.00808951 -0.00745157 -0.00671725 -0.00597607 -0.0052159 -0.00451494 -0.00390744 -0.00338944 -0.00294884 -0.002551 -0.00226378 -0.00201974 -0.0018405 -0.00164796 -0.00152981 -0.00142599 -0.00134271 -0.00124763 -0.0011783 -0.0011424 -0.00107459 -0.00102772 -0.000975681 -0.000962617 -0.000905727 -0.000869403 -0.0008498 -0.000821137 -0.000790724 -0.000755246 -0.000759899 -0.000721889 -0.000702669 -0.000695364 -0.0006809 -0.000662072 -0.000642446 -0.000650272 -0.000618474 -0.000606284 -0.000606827 -0.000583987 -0.000570627 -0.000561757 -0.000560093 -0.00054177 -0.000537369 -0.000535398 -0.000520003 -0.000533678 -0.000524796 -0.000491286 -0.000499276 -0.000515869 -0.000491788 -0.000468089 -0.000472669 -0.00047874 -0.000477157 -0.000470985 -0.000470974 -0.000464594 -0.000451187 -0.000459147 -0.000460458 -0.0004469 -0.000444461 -0.000444195 -0.000440324 -0.000440028 -0.00045088 -0.000447867 -0.0004336 -0.000441398 -0.000432296 -0.000422083 -0.000441316 -0.000433688 
0 5.08196e-06 1.30749e-05 2.00699e-05 2.86135e-05 3.57588e-05 4.20435e-05 5.14242e-05 5.49451e-05 6.41548e-05 7.66322e-05 7.56618e-05 8.76263e-05 9.56299e-05 9.04503e-05 0.000113493 0.000124491 0.000124444 0.000146345 0.000144381 0.000143849 0.000162115 0.000171572 0.000183459 0.000187879 0.000197517 0.000214277 0.000230118 0.000241579 0.000239907 0.000263221 0.000276602 0.000275568 0.000300528 0.000311319 0.000322676 0.00034257 0.000364008 0.000378418 0.00039193 0.000426701 0.000436445 0.000453467 0.000485765 0.00050533 0.000524084 0.000549595 0.000590844 0.00060767 0.000638528 0.000686042 0.000721783 0.000755825 0.000801049 0.000866196 0.000906514 0.00095977 0.00103218 0.00111038 0.00117781 0.00125943 0.00137867 0.00149629 0.00162611 0.00178502 0.00200688 0.00225559 0.00255006 0.00292413 0.00340912 0.00399063 0.00466398 0.00546821 0.0064075 0.00745504 0.00853328 0.00961411 0.0106295 0.011496 0.012058 0.0122101 0.0118637 0.0109812 0.00950741 0.00743955 0.00483664 0.00185203 -0.0013248 -0.00449937 -0.00748593 -0.0100998 -0.0121518 -0.0134917 -0.0140234 -0.0137387 -0.0126719 -0.0109044 -0.0085187 -0.00563964 -0.00241031 0.000969107 0.00429828 0.00736589 0.0100123 0.0120958 0.0135203 0.0141884 0.0140427 0.0130576 0.0112952 0.00887738 0.00598201 0.00278945 -0.000513417 -0.00373163 -0.00665996 -0.00911499 -0.0109939 -0.0122671 -0.012968 -0.0131224 -0.0127994 -0.0120904 -0.0111521 -0.0100876 -0.00898212 -0.00786896 -0.00683327 -0.00591839 -0.0051421 -0.00446495 -0.0038897 -0.0034306 -0.00307165 -0.00277292 -0.00250749 -0.0023074 -0.00214928 -0.00201401 -0.00187505 -0.0017752 -0.00169555 -0.00161392 -0.00153074 -0.00146972 -0.00142689 -0.00136209 -0.00131177 -0.00127351 -0.00124175 -0.00119089 -0.00115682 -0.00113699 -0.00109709 -0.00106536 -0.00104101 -0.00102303 -0.000985198 -0.000966191 -0.000955255 -0.000924192 -0.000909618 -0.000896689 -0.000883142 -0.0008614 -0.000854895 -0.000845151 -0.000817902 -0.000818923 -0.000805743 -0.000783807 -0.000775735 -0.000768294 -0.000763788 -0.000749136 -0.000741679 -0.000733774 -0.000733296 -0.000735824 -0.000710479 -0.000707425 -0.000707812 -0.000689168 -0.000696092 -0.000692866 -0.000678743 -0.000681151 -0.000677325 -0.000674046 -0.000674062 -0.00066946 -0.000663963 -0.000657828 -0.000656314 -0.000656176 -0.000655869 -0.000658105 -0.000658905 -0.000656483 -0.000650874 
0 1.03924e-05 1.81727e-05 2.86135e-05 3.80173e-05 4.45559e-05 5.87195e-05 6.72275e-05 7.04999e-05 8.9562e-05 9.76074e-05 9.97428e-05 0.000122901 0.000126863 0.000126766 0.00015266 0.000159879 0.00016466 0.000186885 0.000194631 0.000200226 0.000212809 0.000232974 0.00025078 0.000248102 0.000263896 0.000290468 0.000299241 0.00031436 0.000326537 0.000346123 0.000368103 0.000376413 0.000401271 0.000418293 0.000436524 0.000462846 0.000478312 0.000507363 0.000527019 0.000555696 0.000584108 0.00060523 0.000646093 0.0006697 0.000706811 0.000742284 0.000780941 0.000824493 0.000859157 0.000919583 0.000961098 0.00101817 0.00107677 0.00114448 0.00121609 0.00128261 0.00138282 0.00147046 0.00158107 0.0016927 0.00184363 0.00200531 0.0021872 0.0024199 0.00269832 0.0030499 0.00344985 0.00397639 0.00461129 0.00539764 0.00630529 0.00738627 0.0086237 0.00998694 0.0114072 0.0128075 0.0141212 0.0151927 0.0158922 0.0160327 0.0155508 0.0143286 0.0123642 0.00961289 0.00621112 0.00229774 -0.00184537 -0.00600539 -0.00989621 -0.0133046 -0.0159639 -0.0177087 -0.0183986 -0.0180297 -0.0166292 -0.0143068 -0.01117 -0.00739106 -0.00316008 0.00126376 0.00562287 0.00964575 0.0131213 0.0158573 0.017725 0.0185939 0.0184037 0.0171201 0.0148377 0.0116908 0.00792398 0.00374679 -0.000558074 -0.00476885 -0.00858629 -0.0118311 -0.0143195 -0.016052 -0.0170005 -0.0172623 -0.0168773 -0.0160212 -0.01482 -0.0134534 -0.0119995 -0.0105572 -0.00919758 -0.00798099 -0.00693406 -0.00602137 -0.00526561 -0.00463214 -0.0041442 -0.00372199 -0.00338745 -0.00310258 -0.00288632 -0.00269423 -0.00252342 -0.00238798 -0.00226395 -0.00216504 -0.00205342 -0.00197826 -0.00189667 -0.00182763 -0.00175858 -0.00169897 -0.00165202 -0.00158908 -0.00155107 -0.001502 -0.00146582 -0.00142382 -0.00138794 -0.00136161 -0.00132041 -0.00129982 -0.00126767 -0.00124391 -0.00122053 -0.00119373 -0.00117907 -0.00115129 -0.00113834 -0.00111839 -0.00109591 -0.00108763 -0.00106875 -0.00105633 -0.00103635 -0.00102349 -0.00102558 -0.00100443 -0.0009862 -0.000981222 -0.000978227 -0.000970206 -0.000947929 -0.000945615 -0.000945338 -0.000925244 -0.000926818 -0.000926212 -0.000908284 -0.000906879 -0.000905421 -0.000897744 -0.000894066 -0.000890401 -0.000888098 -0.000879567 -0.000878403 -0.00088355 -0.000873662 -0.000873334 -0.000875995 -0.000865182 -0.00087158 
0 1.16991e-05 2.65988e-05 3.57588e-05 4.45559e-05 6.18394e-05 6.88086e-05 7.78763e-05 0.000104037 0.000103887 0.000110398 0.000144448 0.000135898 0.000153493 0.000197451 0.000174296 0.000190215 0.000222368 0.000206056 0.000240746 0.000270139 0.000276591 0.000286972 0.000288221 0.000334661 0.000349226 0.000345478 0.000368817 0.000382611 0.00042618 0.000428716 0.000444688 0.000492596 0.000493542 0.000531953 0.000553085 0.00057509 0.000607175 0.000625259 0.000672159 0.000681886 0.000729021 0.00076847 0.000792983 0.000848213 0.000881593 0.0009407 0.000973262 0.0010365 0.00109466 0.0011405 0.00121617 0.00127489 0.00136171 0.00142489 0.00152544 0.00162184 0.00172539 0.00184955 0.0019796 0.00214823 0.00231029 0.00253042 0.00276818 0.0030736 0.00342463 0.00386519 0.00440732 0.00506731 0.00588447 0.00685405 0.00802652 0.00936598 0.0109033 0.0125552 0.0142952 0.0159892 0.0175472 0.0187868 0.0195543 0.0196663 0.0189926 0.0174366 0.0149479 0.0115613 0.00737714 0.00262467 -0.00244309 -0.00749278 -0.0122414 -0.0163543 -0.0195857 -0.0216791 -0.0225311 -0.0220668 -0.0203667 -0.0175034 -0.013668 -0.00902666 -0.00386791 0.00154574 0.00685756 0.0117917 0.0160376 0.0194041 0.0216738 0.0227441 0.0224959 0.0209583 0.0181861 0.0143965 0.00980805 0.00474496 -0.000512276 -0.00561667 -0.0102919 -0.0142627 -0.0173812 -0.0195574 -0.020806 -0.021186 -0.0208111 -0.0198447 -0.0184477 -0.0168083 -0.0150416 -0.0132975 -0.0116258 -0.010127 -0.00878683 -0.00765764 -0.00669144 -0.00590429 -0.00524742 -0.00471788 -0.00428991 -0.0039292 -0.00364112 -0.00338427 -0.00319329 -0.00300108 -0.00285313 -0.00270755 -0.00259594 -0.002483 -0.00237454 -0.00229653 -0.00220439 -0.00213794 -0.00205052 -0.00200412 -0.00193699 -0.00187638 -0.00183464 -0.00178081 -0.0017476 -0.00168819 -0.00167132 -0.00162618 -0.00158571 -0.00156754 -0.00152369 -0.0015052 -0.0014633 -0.00145042 -0.00141795 -0.00138681 -0.00139157 -0.00134408 -0.00133357 -0.00132572 -0.00130955 -0.00129575 -0.0012538 -0.00126213 -0.00125505 -0.00123171 -0.0012104 -0.00118318 -0.00121093 -0.00119034 -0.0011624 -0.0011872 -0.00115239 -0.00113793 -0.00115767 -0.0011351 -0.00112648 -0.00112417 -0.00111314 -0.00111045 -0.00110857 -0.00111398 -0.0011059 -0.00109473 -0.00109988 -0.0010893 -0.00108175 -0.00109359 -0.0010888 
0 1.35834e-05 2.24401e-05 4.20435e-05 5.87195e-05 6.88086e-05 8.98053e-05 0.000100068 0.000109851 0.000134391 0.000142744 0.000158772 0.000179512 0.000181845 0.000201086 0.000219894 0.000240813 0.000268583 0.000273728 0.000294363 0.000305286 0.00030766 0.000353676 0.000375316 0.00037271 0.000399459 0.000436267 0.000458709 0.00047419 0.000502495 0.000518333 0.000545132 0.000581018 0.000591493 0.000624159 0.000664331 0.000691788 0.000721456 0.000766805 0.000808366 0.000831784 0.000885811 0.000930631 0.000963691 0.00101308 0.00107072 0.00112195 0.00116509 0.00124414 0.00130989 0.00137218 0.00145264 0.00154742 0.00163821 0.00172218 0.00184755 0.00196852 0.00209597 0.00223391 0.00241385 0.00260683 0.00281079 0.00306881 0.00337843 0.00375317 0.00417842 0.0047281 0.00540004 0.00622632 0.00720535 0.00839525 0.00980732 0.011428 0.0132311 0.0151681 0.0171863 0.0191384 0.0208894 0.022234 0.0230247 0.0230447 0.0221613 0.0202282 0.01724 0.0132195 0.00833346 0.00278729 -0.00309423 -0.0089735 -0.0144666 -0.01923 -0.0229434 -0.0253665 -0.0263397 -0.0258064 -0.0238071 -0.0204592 -0.0159539 -0.010532 -0.00449989 0.00180511 0.0080111 0.0137683 0.0187472 0.0226794 0.0253399 0.0265743 0.0262958 0.0245124 0.0213309 0.0169496 0.0116528 0.00576899 -0.000322148 -0.00626343 -0.0117008 -0.0163813 -0.0200894 -0.0227448 -0.0243028 -0.0248668 -0.0245449 -0.0235432 -0.022007 -0.020149 -0.018118 -0.0160929 -0.0141483 -0.0123571 -0.0107526 -0.00937353 -0.00821827 -0.00723955 -0.00642861 -0.00575957 -0.00523859 -0.00478905 -0.00441637 -0.00410118 -0.00385877 -0.0036346 -0.00342916 -0.00326384 -0.00312309 -0.00299158 -0.00285332 -0.00275934 -0.00266453 -0.0025689 -0.00247788 -0.00241399 -0.00234638 -0.00226277 -0.002211 -0.00215659 -0.00209678 -0.00203597 -0.00200099 -0.00195417 -0.00189782 -0.00187236 -0.00183615 -0.00179541 -0.00176478 -0.00174757 -0.00171145 -0.00167773 -0.00166674 -0.00163345 -0.00160892 -0.00158776 -0.00155592 -0.00153951 -0.00153556 -0.00151239 -0.00147362 -0.00148013 -0.00148127 -0.00145078 -0.00144061 -0.00142126 -0.00140636 -0.00140216 -0.00138931 -0.00138549 -0.00137037 -0.00135898 -0.00136068 -0.00135316 -0.00134921 -0.00134215 -0.00133147 -0.00132229 -0.00131616 -0.00131841 -0.00131395 -0.00131845 -0.00132324 -0.00130873 -0.00130808 
0 1.99148e-05 3.41685e-05 5.14242e-05 6.72275e-05 7.78763e-05 0.000100068 0.00011851 0.000128714 0.000154391 0.000169629 0.000180638 0.000210472 0.000224466 0.000238669 0.000264175 0.000275613 0.000294344 0.000316204 0.000340077 0.000367886 0.000378599 0.000407556 0.000437105 0.000442852 0.000476449 0.000505867 0.000518085 0.000552383 0.000582008 0.000608593 0.000642502 0.00067661 0.000707541 0.000736978 0.000783378 0.000813196 0.000842876 0.000898437 0.000933044 0.000972688 0.00102821 0.0010821 0.00112957 0.00118418 0.00126223 0.00131526 0.00137895 0.00146546 0.00154249 0.00161839 0.00170578 0.00182191 0.00191594 0.00202345 0.00216238 0.00230873 0.00245675 0.00262157 0.0028426 0.00306853 0.00332327 0.00362991 0.0040188 0.00446746 0.00499104 0.00565592 0.00647588 0.00746945 0.00863293 0.0100445 0.0116994 0.013587 0.0156413 0.0178373 0.0200878 0.0222461 0.0241199 0.0255118 0.0262513 0.0261295 0.0249809 0.0226585 0.0191649 0.0145531 0.00901372 0.00276285 -0.00384607 -0.0104456 -0.0165907 -0.0219092 -0.0260391 -0.0287396 -0.0298165 -0.0292137 -0.0269427 -0.0231497 -0.0180355 -0.0119036 -0.00508445 0.00202405 0.00903409 0.0155363 0.021178 0.0256252 0.0286373 0.030023 0.0297188 0.0277291 0.0241954 0.0193124 0.0134015 0.00681222 -1.38434e-05 -0.00668761 -0.012819 -0.0181464 -0.0224286 -0.0255564 -0.0274653 -0.0282535 -0.0280553 -0.0270735 -0.025471 -0.0234498 -0.0212099 -0.0189346 -0.0167386 -0.0146712 -0.012806 -0.0111785 -0.00981471 -0.00864399 -0.00766468 -0.00685645 -0.00622112 -0.00568407 -0.00522363 -0.00485042 -0.00455014 -0.00429082 -0.00403904 -0.00384446 -0.00367529 -0.00351727 -0.00335755 -0.00323439 -0.00312875 -0.00300528 -0.00290357 -0.00281739 -0.00273955 -0.00264467 -0.00257651 -0.00252135 -0.00244629 -0.00238831 -0.00233952 -0.00229202 -0.00223212 -0.0021923 -0.00215795 -0.0021012 -0.00206838 -0.00203568 -0.0019944 -0.00196181 -0.00193375 -0.00190647 -0.00187424 -0.00185909 -0.00183357 -0.00180025 -0.00179498 -0.00176962 -0.00173929 -0.00173122 -0.00170894 -0.00168851 -0.00167528 -0.00166414 -0.00165556 -0.00163526 -0.00162673 -0.00161988 -0.00160163 -0.00159695 -0.00158742 -0.00157379 -0.00156791 -0.00155966 -0.00155778 -0.00155164 -0.00154889 -0.00155117 -0.00153343 -0.00152944 -0.00153243 -0.00151966 -0.00153104 
0 1.32119e-05 4.42805e-05 5.49451e-05 7.04999e-05 0.000104037 0.000109851 0.000128714 0.000165004 0.000165551 0.000189562 0.000224614 0.000221886 0.000254066 0.000290649 0.000292572 0.000318947 0.000345555 0.000360883 0.000384955 0.000416107 0.000452674 0.000458329 0.000475042 0.000529359 0.000554849 0.00057015 0.000598448 0.000633599 0.000675509 0.000698367 0.000731053 0.000775141 0.000807145 0.000850719 0.000890235 0.000930644 0.000979395 0.00102356 0.00107703 0.00112313 0.00118171 0.0012445 0.00129539 0.00136956 0.00143779 0.00151113 0.00158754 0.00167521 0.00177302 0.00185531 0.00197195 0.00208672 0.00220925 0.00233856 0.00249231 0.00266827 0.00283286 0.00304661 0.00328274 0.00356221 0.0038581 0.0042314 0.00468867 0.00521813 0.0058595 0.00663947 0.00762684 0.00877761 0.0101616 0.0117817 0.0136931 0.0158169 0.0181208 0.0205376 0.0229785 0.0252786 0.0272071 0.0285883 0.029201 0.0288896 0.0274155 0.0247061 0.0207024 0.0155616 0.0094135 0.00256772 -0.00468289 -0.0118668 -0.0185731 -0.0243309 -0.0288201 -0.0317293 -0.0329014 -0.0322144 -0.0297132 -0.0255094 -0.0198679 -0.0130952 -0.00559518 0.00223197 0.00993618 0.0171067 0.02332 0.0282352 0.0315445 0.0330811 0.0327466 0.0306059 0.0267675 0.0214909 0.0150562 0.00790197 0.000438261 -0.00684351 -0.013608 -0.0195021 -0.0243467 -0.027927 -0.0302381 -0.0312926 -0.0312997 -0.0303982 -0.0288104 -0.026699 -0.0243137 -0.0218388 -0.0194091 -0.0171028 -0.0149758 -0.0131202 -0.0115137 -0.0101605 -0.00898788 -0.00804341 -0.00726222 -0.00662775 -0.00607644 -0.00562799 -0.00526791 -0.00494681 -0.00467091 -0.00442203 -0.00423255 -0.00403612 -0.003867 -0.00371588 -0.00358536 -0.00345908 -0.00333282 -0.00324119 -0.00313707 -0.00304717 -0.00296029 -0.00288681 -0.0028144 -0.00273742 -0.00268428 -0.00261874 -0.00256263 -0.00251093 -0.00245967 -0.00241655 -0.00236654 -0.00232971 -0.00228793 -0.00225019 -0.00222339 -0.00218048 -0.00214917 -0.00212661 -0.00210245 -0.002073 -0.00203004 -0.00202071 -0.00201584 -0.00197517 -0.00194674 -0.00193588 -0.0019301 -0.00190819 -0.00188245 -0.00188459 -0.00185976 -0.00183643 -0.00184867 -0.00182684 -0.00180761 -0.00181112 -0.00179347 -0.00178679 -0.0017869 -0.0017763 -0.0017695 -0.00176243 -0.00176153 -0.00175612 -0.00174957 -0.00175497 -0.00174831 
0 2.31823e-05 3.37142e-05 6.41548e-05 8.9562e-05 0.000103887 0.000134391 0.000154391 0.000165551 0.000198459 0.000222488 0.000233161 0.00027076 0.000291927 0.00029441 0.000339965 0.000369043 0.000383521 0.000428536 0.000442629 0.000455899 0.000487725 0.000521658 0.000569156 0.000580461 0.000602708 0.000654054 0.000693598 0.000727756 0.000743315 0.00079492 0.000837704 0.000860638 0.000919385 0.000951648 0.00100235 0.0010557 0.00110376 0.00116425 0.00120962 0.00128653 0.00133613 0.00140228 0.00148015 0.0015426 0.00163004 0.00170181 0.00180528 0.00189098 0.00199632 0.00211415 0.0022269 0.00236907 0.00249845 0.00266915 0.00283043 0.00302787 0.00323575 0.00347394 0.00375567 0.00406075 0.0044382 0.00486274 0.00540435 0.00602271 0.00679229 0.00771657 0.0088531 0.0102021 0.0117878 0.0136546 0.0157787 0.0181489 0.0206563 0.0232747 0.0258367 0.0282103 0.0301246 0.0314158 0.0318481 0.0312613 0.0294431 0.0263064 0.0218455 0.0161898 0.00953808 0.00215657 -0.00558595 -0.0132646 -0.02038 -0.0265089 -0.0312481 -0.034342 -0.0355525 -0.0348083 -0.0320787 -0.0275437 -0.0214258 -0.0141268 -0.00602253 0.00239608 0.0107141 0.0184319 0.0251545 0.0304454 0.034034 0.0356804 0.035357 0.0330776 0.0290315 0.0234231 0.0166132 0.00898975 0.00105005 -0.00676373 -0.0140376 -0.0204667 -0.0257985 -0.029854 -0.0325661 -0.0339684 -0.0342275 -0.0334929 -0.0319854 -0.0298671 -0.0274115 -0.024777 -0.0221642 -0.0196216 -0.0172819 -0.0151699 -0.0133442 -0.011764 -0.010422 -0.00930595 -0.00837722 -0.00762326 -0.00697303 -0.00645616 -0.00600203 -0.00564052 -0.00530851 -0.00503556 -0.00479054 -0.00457293 -0.00438902 -0.00420383 -0.00405961 -0.00390538 -0.00378831 -0.0036567 -0.00354875 -0.0034519 -0.00334682 -0.00326499 -0.00317031 -0.00310734 -0.00301836 -0.00295343 -0.00289698 -0.0028249 -0.00277781 -0.00271762 -0.00268036 -0.00262388 -0.00258443 -0.00255091 -0.00249178 -0.00247532 -0.00243483 -0.00238742 -0.00235519 -0.00233308 -0.00231918 -0.00226752 -0.00224231 -0.00223211 -0.00221693 -0.00220262 -0.00215543 -0.00214457 -0.00213769 -0.00210145 -0.00210347 -0.00209096 -0.00205756 -0.00205531 -0.00205161 -0.00203592 -0.00203002 -0.00202338 -0.00200442 -0.00199556 -0.0019922 -0.00198148 -0.00198545 -0.00198632 -0.00197885 -0.00197934 -0.00196889 
0 3.25942e-05 4.78363e-05 7.66322e-05 9.76074e-05 0.000110398 0.000142744 0.000169629 0.000189562 0.000222488 0.00024662 0.000262592 0.00029908 0.000326843 0.000343452 0.00038388 0.000401854 0.000416665 0.000464153 0.000487807 0.000525023 0.000568816 0.000580361 0.000618168 0.000656037 0.000687607 0.000724603 0.000755757 0.000799197 0.000834304 0.000891856 0.00093459 0.000964009 0.00103703 0.00107439 0.00111987 0.00118334 0.0012333 0.00129234 0.00134674 0.00143125 0.00148684 0.00155894 0.00165818 0.00172754 0.0018219 0.00191508 0.00202966 0.00212409 0.00223771 0.00238035 0.00249945 0.00264953 0.00280363 0.00299509 0.00317475 0.00338897 0.0036434 0.00391475 0.00423417 0.00458981 0.00504183 0.0055449 0.00616506 0.0069013 0.00780792 0.00889416 0.0101912 0.0117455 0.0135527 0.0156521 0.0179889 0.0205657 0.0232623 0.0260184 0.0286503 0.0310064 0.0328414 0.0339603 0.034147 0.0332183 0.0310175 0.0274497 0.0225553 0.0164436 0.00935603 0.0015477 -0.00657715 -0.0146091 -0.0220246 -0.0284081 -0.0333322 -0.0365405 -0.0377741 -0.0369559 -0.0340427 -0.0292198 -0.022723 -0.0149791 -0.00639121 0.00252586 0.0113339 0.0195107 0.0266345 0.0322436 0.0360502 0.0378074 0.0374957 0.0351356 0.0309357 0.025104 0.0180241 0.0100782 0.00178337 -0.00643481 -0.0141329 -0.0210162 -0.0267919 -0.0313011 -0.034435 -0.0362357 -0.0368082 -0.0363176 -0.0349577 -0.032925 -0.0304611 -0.027741 -0.0249694 -0.0222384 -0.0196922 -0.0173487 -0.015287 -0.0134799 -0.0119545 -0.010658 -0.00957213 -0.0086762 -0.0079317 -0.00732466 -0.00678791 -0.00636147 -0.00598604 -0.00567592 -0.00537891 -0.00513508 -0.00492624 -0.00471785 -0.00453808 -0.00436836 -0.00423843 -0.00407947 -0.00395584 -0.00384773 -0.00373551 -0.00363253 -0.00353496 -0.0034701 -0.00336793 -0.00329876 -0.00323861 -0.00316159 -0.00310022 -0.00303783 -0.00299241 -0.00291813 -0.00287665 -0.00283963 -0.00277156 -0.00274416 -0.00270616 -0.00266952 -0.00263611 -0.00260057 -0.00257338 -0.00253732 -0.0025234 -0.00248343 -0.00244416 -0.00243859 -0.00240466 -0.00239197 -0.00238301 -0.00234553 -0.00233729 -0.00232724 -0.00230389 -0.00229556 -0.00228147 -0.00225912 -0.00224876 -0.00224336 -0.00223159 -0.00223333 -0.00223244 -0.00221452 -0.00220976 -0.002199 -0.0021871 -0.00219635 -0.00219453 
0 1.69936e-05 5.5766e-05 7.56618e-05 9.97428e-05 0.000144448 0.000158772 0.000180638 0.000224614 0.000233161 0.000262592 0.000310139 0.000316384 0.000350263 0.000395731 0.00041147 0.000447108 0.000482197 0.000512729 0.000539397 0.000566844 0.000625335 0.000643746 0.000665315 0.000737111 0.000764374 0.000799668 0.000848675 0.000881168 0.00094047 0.000978133 0.00102172 0.00107477 0.00112701 0.00119222 0.00123038 0.00130839 0.00137583 0.0014238 0.0015138 0.00158045 0.00165786 0.00173364 0.00183025 0.00192377 0.00199986 0.00213084 0.00223426 0.00235067 0.00248089 0.00263218 0.00278676 0.00292982 0.00313752 0.00333085 0.00354914 0.00378449 0.00407786 0.00439829 0.00473912 0.0051761 0.00567736 0.0062868 0.00697644 0.0078542 0.00890174 0.0101568 0.0116365 0.0133895 0.0154427 0.0177439 0.0203044 0.0230368 0.0259095 0.0287284 0.0313812 0.0336319 0.0353221 0.0361931 0.0360677 0.0347499 0.0321295 0.0281487 0.0228396 0.0163515 0.00888932 0.00078259 -0.00762503 -0.0158542 -0.0234732 -0.0299823 -0.0350375 -0.0382778 -0.0395288 -0.0386094 -0.0355689 -0.0304957 -0.023731 -0.0156195 -0.00668092 0.00264722 0.0118097 0.0203621 0.0277659 0.0336413 0.037594 0.0394729 0.0391647 0.036794 0.0324834 0.026549 0.0192912 0.0111822 0.00264057 -0.00583765 -0.0138838 -0.0211225 -0.0273082 -0.0322317 -0.0358123 -0.0380442 -0.0389986 -0.0388257 -0.0376905 -0.035837 -0.0334329 -0.0307169 -0.0278212 -0.0249677 -0.0222174 -0.0196864 -0.0173703 -0.0153524 -0.013615 -0.0121349 -0.0108756 -0.00981493 -0.0089683 -0.00823658 -0.00763106 -0.00710057 -0.00669287 -0.00631644 -0.00598236 -0.00570003 -0.00545769 -0.00524231 -0.00501346 -0.0048526 -0.00468477 -0.00453067 -0.00438052 -0.00426087 -0.00414987 -0.00401177 -0.00392669 -0.0038249 -0.00373088 -0.00363953 -0.00356487 -0.00349666 -0.00340339 -0.00336049 -0.00329284 -0.00322585 -0.00318253 -0.00312697 -0.00308528 -0.00302515 -0.002989 -0.00294905 -0.00290184 -0.00287678 -0.00281676 -0.00279645 -0.00278616 -0.00272913 -0.00270722 -0.00269215 -0.00266757 -0.00263815 -0.0026092 -0.00260578 -0.0025721 -0.00254733 -0.00255376 -0.00252055 -0.00250408 -0.00250822 -0.00248587 -0.00247826 -0.00246951 -0.00245083 -0.00244413 -0.00243576 -0.00243554 -0.00243342 -0.00242647 -0.00242793 -0.00241696 
0 3.5224e-05 4.85484e-05 8.76263e-05 0.000122901 0.000135898 0.000179512 0.000210472 0.000221886 0.00027076 0.00029908 0.000316384 0.000366437 0.000391641 0.000414372 0.000453726 0.000489328 0.000529645 0.000558041 0.000603364 0.00063664 0.000648503 0.000714841 0.000766709 0.000787942 0.000826572 0.000872915 0.000939987 0.000976971 0.0010142 0.00107784 0.00112552 0.00118753 0.00123956 0.00129862 0.00136677 0.00142926 0.00150642 0.00156901 0.00165449 0.00173811 0.00181536 0.00191332 0.00200902 0.00211369 0.00221321 0.00234082 0.00246608 0.00258871 0.00274056 0.00290004 0.00306818 0.00323995 0.00345732 0.0036822 0.00391892 0.00419627 0.00452326 0.00488733 0.00528651 0.00578558 0.00637675 0.00707109 0.00788438 0.00889415 0.0101106 0.0115406 0.0132172 0.0151883 0.0174609 0.0199768 0.0227088 0.025596 0.0285573 0.0314053 0.0339748 0.0360684 0.0375133 0.0380758 0.0375643 0.0358164 0.0327599 0.0283687 0.0226958 0.0158788 0.00814998 -0.000170602 -0.00871155 -0.0170387 -0.0247118 -0.0312761 -0.0363505 -0.0395985 -0.0408023 -0.0398136 -0.0366446 -0.0314182 -0.0244411 -0.0160988 -0.00688699 0.00270591 0.0121427 0.0209278 0.0285461 0.0345764 0.0386599 0.0406121 0.0403574 0.0379872 0.0336677 0.0276916 0.0204017 0.0122283 0.00359951 -0.005043 -0.0133087 -0.0208396 -0.0273596 -0.0326781 -0.0366957 -0.039387 -0.0407775 -0.0409811 -0.0401629 -0.0385454 -0.0363041 -0.0336356 -0.0307125 -0.0277472 -0.0248557 -0.0221264 -0.0195971 -0.017349 -0.0153991 -0.0137208 -0.0122737 -0.0110553 -0.0100622 -0.00922548 -0.00851377 -0.00790937 -0.00742691 -0.0070004 -0.0066225 -0.00629528 -0.0060243 -0.00577233 -0.00553131 -0.00533405 -0.00515031 -0.00497917 -0.00481078 -0.00467745 -0.00454292 -0.00441052 -0.00429944 -0.00419153 -0.00409347 -0.00398961 -0.00391208 -0.00382617 -0.00374443 -0.00367752 -0.00360403 -0.00354692 -0.00347802 -0.00342351 -0.00336866 -0.00331827 -0.0032784 -0.00321207 -0.00317482 -0.00314573 -0.00310949 -0.00306253 -0.00300903 -0.00300822 -0.00298357 -0.00293162 -0.00290891 -0.00288358 -0.00286334 -0.00283625 -0.00282022 -0.00280676 -0.00276604 -0.00276365 -0.0027579 -0.00272359 -0.00272503 -0.00271204 -0.00268687 -0.00268794 -0.00267579 -0.00266478 -0.00266576 -0.00265782 -0.00265215 -0.00265009 -0.00264489 
0 3.48557e-05 7.19079e-05 9.56299e-05 0.000126863 0.000153493 0.000181845 0.000224466 0.000254066 0.000291927 0.000326843 0.000350263 0.000391641 0.000423794 0.000461208 0.000501953 0.000528483 0.000570035 0.000599437 0.000645113 0.000703832 0.00073325 0.000783258 0.000813565 0.000850099 0.000926234 0.000957887 0.000998533 0.00105805 0.00111398 0.00117777 0.00122776 0.00129718 0.0013549 0.00142104 0.00149982 0.00155549 0.00163953 0.0017183 0.00180054 0.00189077 0.00198303 0.00209218 0.00218954 0.00231006 0.00243037 0.0025584 0.00269862 0.0028413 0.00300738 0.00317414 0.00336314 0.00356346 0.00379268 0.00404268 0.00431324 0.00463126 0.00499186 0.00540605 0.00587509 0.00644745 0.00712675 0.00792616 0.0088783 0.0100371 0.0114265 0.0130465 0.0149358 0.0171244 0.0196065 0.0223141 0.0251993 0.028195 0.0311887 0.0339892 0.0364076 0.0382673 0.0393925 0.039574 0.0386223 0.0364161 0.0329165 0.028137 0.0221405 0.0150691 0.00716166 -0.0012572 -0.0098174 -0.0181158 -0.0257355 -0.0322507 -0.0372715 -0.0404654 -0.0415981 -0.0405347 -0.0372759 -0.0319555 -0.0248603 -0.016386 -0.00701761 0.00273146 0.0123238 0.0212374 0.0289665 0.0350797 0.03924 0.0412553 0.041064 0.038744 0.0344785 0.0285575 0.0213386 0.0132278 0.00463094 -0.00404937 -0.0124317 -0.020162 -0.0269583 -0.0326309 -0.0370752 -0.0402355 -0.0421032 -0.0427474 -0.042321 -0.0410183 -0.0390134 -0.0364767 -0.0335967 -0.0305824 -0.027581 -0.024687 -0.0219641 -0.0194989 -0.0173257 -0.0154369 -0.0137968 -0.0124075 -0.0112516 -0.0102852 -0.00946559 -0.00877446 -0.00820583 -0.00771538 -0.0072931 -0.00692052 -0.00660582 -0.00631944 -0.00606267 -0.0058327 -0.00562172 -0.00543605 -0.00525491 -0.00509835 -0.00494524 -0.0048137 -0.00468488 -0.00456197 -0.00446122 -0.00435299 -0.00426008 -0.00416475 -0.0040879 -0.00400382 -0.00391888 -0.00386105 -0.00378239 -0.0037222 -0.00366189 -0.00360123 -0.00355371 -0.00350588 -0.00346921 -0.00340216 -0.00336856 -0.00335122 -0.00329285 -0.00325933 -0.00321715 -0.00318347 -0.00317056 -0.00313535 -0.00311107 -0.00308129 -0.00305968 -0.00304729 -0.00302018 -0.00300996 -0.00298471 -0.00295987 -0.00295253 -0.00292999 -0.0029305 -0.00292639 -0.00290825 -0.00290959 -0.00288775 -0.00287633 -0.00288061 -0.00286517 -0.00287689 
0 1.11901e-05 8.01297e-05 9.04503e-05 0.000126766 0.000197451 0.000201086 0.000238669 0.000290649 0.00029441 0.000343452 0.000395731 0.000414372 0.000461208 0.000502788 0.000535025 0.000581315 0.000621687 0.000666925 0.000703591 0.000734933 0.0007923 0.000841359 0.000880325 0.000937697 0.000996652 0.00104516 0.00108877 0.00115681 0.00122015 0.00125798 0.00133329 0.00140202 0.00145724 0.00154479 0.00161802 0.00169498 0.00178146 0.001876 0.00196665 0.00205075 0.00217258 0.00227108 0.00237767 0.00251083 0.00263857 0.00277905 0.00292042 0.00310068 0.00326948 0.00345453 0.00367336 0.00389851 0.00415445 0.00442122 0.00474849 0.00509671 0.00550123 0.00597021 0.00651711 0.00717418 0.00793652 0.00886879 0.00996218 0.0112926 0.0128502 0.0146812 0.0167879 0.0191895 0.0218645 0.0247343 0.0277513 0.0307949 0.0337652 0.0364313 0.0386415 0.0401849 0.0409293 0.0406565 0.0392311 0.0365475 0.0326164 0.0274751 0.0212038 0.0139561 0.00596233 -0.00243916 -0.0109126 -0.0190617 -0.0265322 -0.0328938 -0.0377957 -0.0408703 -0.0419164 -0.0407687 -0.0374665 -0.0321032 -0.0249896 -0.0164734 -0.00707159 0.00273286 0.0123553 0.0213023 0.0290342 0.0351678 0.039345 0.0414187 0.0412923 0.0390766 0.0349208 0.0291536 0.0220972 0.014169 0.00571118 -0.00288297 -0.0112789 -0.0191126 -0.0261217 -0.0321043 -0.0369502 -0.0405801 -0.0429454 -0.0440923 -0.0441192 -0.0432162 -0.0415107 -0.0392009 -0.036434 -0.0334513 -0.0303762 -0.0273628 -0.0244716 -0.0218102 -0.0194141 -0.0172995 -0.0154665 -0.0138843 -0.0125596 -0.0114272 -0.0104977 -0.00969774 -0.00903452 -0.00846317 -0.00798539 -0.00757261 -0.00719539 -0.00688447 -0.00659771 -0.00635083 -0.00610496 -0.0059059 -0.00572189 -0.00553327 -0.00537529 -0.00522536 -0.0050931 -0.00494379 -0.00483128 -0.00472428 -0.00459956 -0.00450738 -0.00441523 -0.00432881 -0.0042383 -0.00417095 -0.00410371 -0.00402034 -0.00397577 -0.00390974 -0.0038369 -0.00379662 -0.00374495 -0.00368551 -0.00363383 -0.00360156 -0.00356103 -0.00351187 -0.00349019 -0.00345845 -0.00341883 -0.0033905 -0.00335666 -0.00333923 -0.00331059 -0.00327147 -0.00326828 -0.00323847 -0.00320671 -0.00322572 -0.00319794 -0.00316755 -0.00318015 -0.00313962 -0.0031223 -0.00314334 -0.00311265 -0.00311784 -0.00313176 -0.00309517 -0.00310518 
0 4.61859e-05 7.06141e-05 0.000113493 0.00015266 0.000174296 0.000219894 0.000264175 0.000292572 0.000339965 0.00038388 0.00041147 0.000453726 0.000501953 0.000535025 0.000572006 0.000627032 0.00066929 0.00070521 0.000769617 0.000816885 0.000840876 0.000904117 0.000971444 0.00101026 0.0010573 0.00111391 0.00118442 0.00125348 0.00130043 0.00136756 0.00144985 0.00151917 0.00158504 0.00166474 0.00175522 0.00182647 0.00191996 0.00202602 0.00211013 0.0022223 0.00234194 0.00245898 0.00257768 0.00272069 0.00287513 0.00300738 0.00318279 0.00336709 0.0035528 0.00375298 0.00398757 0.00425099 0.00450634 0.00482494 0.00518082 0.00558462 0.00603105 0.00657022 0.00721675 0.00795261 0.00884346 0.00989948 0.0111834 0.0126703 0.0144322 0.0164691 0.0188024 0.0214041 0.0242364 0.0272526 0.0303329 0.033389 0.0362274 0.0387119 0.0406088 0.0417931 0.0420612 0.0413001 0.0393544 0.0362039 0.0318527 0.0263859 0.0198975 0.0125449 0.00457425 -0.00371939 -0.0119826 -0.0199023 -0.0271026 -0.0332473 -0.0379296 -0.0408619 -0.0417679 -0.0405704 -0.0372276 -0.0319128 -0.0248327 -0.0164052 -0.00704687 0.00266933 0.0122425 0.0210872 0.0287621 0.0348136 0.0389922 0.0410753 0.0410542 0.0389519 0.0349977 0.0294391 0.0226635 0.014993 0.00679939 -0.00161818 -0.00990519 -0.0177606 -0.0249034 -0.0311479 -0.0363615 -0.0404353 -0.0433179 -0.0449874 -0.0455468 -0.0450821 -0.0437737 -0.0417356 -0.0391932 -0.0362829 -0.033217 -0.0301021 -0.0270932 -0.0242496 -0.0216406 -0.0193047 -0.0172553 -0.0154959 -0.0139639 -0.0126826 -0.0115986 -0.0107078 -0.00992543 -0.00927462 -0.00873331 -0.00826376 -0.00784513 -0.00747293 -0.00717691 -0.00688151 -0.00661768 -0.00638454 -0.00618435 -0.00598133 -0.00578869 -0.00564343 -0.0054832 -0.00533524 -0.00520514 -0.00509212 -0.00497049 -0.00485532 -0.00477215 -0.00466583 -0.00457289 -0.00449854 -0.00441399 -0.00433109 -0.00426249 -0.00420887 -0.00413452 -0.00406692 -0.00402368 -0.0039762 -0.00392971 -0.00386891 -0.00381823 -0.00380158 -0.00375904 -0.00369845 -0.00367131 -0.00364857 -0.00360835 -0.00357928 -0.00356295 -0.00353142 -0.00350165 -0.00349478 -0.00347012 -0.00343678 -0.00343144 -0.00341329 -0.00338989 -0.00339296 -0.00337957 -0.00336041 -0.00336176 -0.00334753 -0.00333474 -0.00334188 -0.00333393 
0 4.71055e-05 7.57388e-05 0.000124491 0.000159879 0.000190215 0.000240813 0.000275613 0.000318947 0.000369043 0.000401854 0.000447108 0.000489328 0.000528483 0.000581315 0.000627032 0.00067062 0.000715589 0.000762701 0.000810628 0.000865247 0.000933325 0.000980236 0.00102014 0.00107946 0.00115058 0.00121832 0.00126445 0.00132862 0.0014065 0.00147923 0.00155529 0.00162296 0.00170986 0.00179687 0.0018832 0.00197492 0.00206903 0.00218244 0.00227789 0.00239737 0.00252502 0.00264506 0.00278543 0.00293113 0.00309766 0.00324766 0.00343723 0.00364101 0.00383854 0.00407042 0.00432389 0.00461596 0.00490028 0.0052571 0.00566084 0.00610702 0.0066201 0.0072312 0.00797762 0.0088121 0.00983303 0.0110448 0.0125057 0.0141813 0.0161398 0.0184018 0.0209421 0.0237309 0.0266946 0.0298127 0.0329147 0.035901 0.0385529 0.0407623 0.0422996 0.043039 0.0427964 0.04149 0.0390303 0.0354114 0.0306825 0.0249258 0.018288 0.0109096 0.00305775 -0.0050265 -0.0129908 -0.0205839 -0.0274373 -0.0332727 -0.037681 -0.0404111 -0.0411729 -0.0399168 -0.036584 -0.0313574 -0.0244074 -0.016145 -0.00695427 0.00258277 0.0119803 0.020642 0.0281566 0.0340787 0.0381981 0.0402893 0.0403654 0.0384274 0.0347202 0.0294598 0.0230375 0.0157221 0.00787767 -0.000258294 -0.00833756 -0.0161213 -0.0233192 -0.029773 -0.0353012 -0.0398017 -0.0431806 -0.045412 -0.0465301 -0.0465857 -0.0457221 -0.0440547 -0.0417982 -0.0390602 -0.03606 -0.0329118 -0.0298215 -0.0268287 -0.0240348 -0.0214747 -0.0192174 -0.0172501 -0.0155225 -0.0140559 -0.0128131 -0.0117948 -0.0108915 -0.0101464 -0.00951667 -0.00898998 -0.00851128 -0.00809388 -0.00775692 -0.0074305 -0.00714501 -0.00687902 -0.00666402 -0.00644054 -0.00623754 -0.00606908 -0.00589685 -0.00574375 -0.00559168 -0.00547039 -0.0053366 -0.00521628 -0.0051153 -0.00500415 -0.00491004 -0.00481359 -0.00473527 -0.00465243 -0.00456931 -0.00450083 -0.00443446 -0.00438168 -0.0043098 -0.0042444 -0.00420204 -0.00416029 -0.00411037 -0.00404571 -0.00400533 -0.00397898 -0.00394036 -0.00390143 -0.00386613 -0.00383628 -0.00380423 -0.00378302 -0.00376101 -0.00372929 -0.00371174 -0.0036846 -0.0036629 -0.00365761 -0.00363551 -0.00362746 -0.00361993 -0.00359553 -0.00359369 -0.00358282 -0.0035681 -0.00357655 -0.00356705 
0 3.29095e-05 7.71416e-05 0.000124444 0.00016466 0.000222368 0.000268583 0.000294344 0.000345555 0.000383521 0.000416665 0.000482197 0.000529645 0.000570035 0.000621687 0.00066929 0.000715589 0.000764906 0.000833993 0.000874588 0.000913127 0.000990192 0.00103325 0.00110263 0.00117956 0.00122017 0.00130337 0.00136152 0.00142986 0.00151863 0.00157302 0.00166185 0.00173845 0.00183404 0.00192808 0.00200685 0.00213403 0.00222198 0.00233941 0.00246078 0.00257347 0.00271884 0.0028377 0.00300325 0.00315046 0.00332005 0.00350845 0.00369295 0.0039261 0.00413498 0.00440364 0.00467812 0.00498859 0.00533069 0.00571105 0.00617897 0.00666519 0.00726878 0.00795989 0.00880575 0.00977092 0.0109259 0.0123257 0.0139498 0.0158471 0.0179967 0.0204891 0.023211 0.0261607 0.0292287 0.0323854 0.0354579 0.0382799 0.0406939 0.0425322 0.0436644 0.0438765 0.0431005 0.0412104 0.038254 0.0341798 0.02912 0.0231239 0.0164048 0.00908768 0.00143808 -0.00633663 -0.0139313 -0.0211036 -0.0275503 -0.0329844 -0.037078 -0.0395436 -0.0401679 -0.038839 -0.0355711 -0.0304613 -0.0237379 -0.015705 -0.00680735 0.0024693 0.0115631 0.0199729 0.0272246 0.0329819 0.0369783 0.0390829 0.0392381 0.0375168 0.0340878 0.0292132 0.023199 0.0163314 0.00890059 0.00114625 -0.00664349 -0.0142588 -0.0214366 -0.0280328 -0.0338186 -0.0387135 -0.0425569 -0.0453658 -0.0470508 -0.0476952 -0.0473173 -0.0461145 -0.0441946 -0.0417305 -0.0388546 -0.0357563 -0.0326197 -0.0295204 -0.0265722 -0.0238012 -0.0213462 -0.0191442 -0.0172345 -0.0155539 -0.0141528 -0.0129667 -0.0119455 -0.0110917 -0.0103567 -0.00976486 -0.00921109 -0.00876338 -0.00835522 -0.00800865 -0.00769218 -0.00739778 -0.00716001 -0.00690815 -0.00671168 -0.00649917 -0.00632464 -0.00615868 -0.00598888 -0.00585613 -0.00570198 -0.00559188 -0.00545583 -0.00534749 -0.00525701 -0.00513635 -0.00506211 -0.00496909 -0.00489596 -0.0048129 -0.00473102 -0.00468254 -0.00459631 -0.00454772 -0.00448313 -0.00441191 -0.00438714 -0.00432331 -0.00428458 -0.00425278 -0.00419305 -0.00416122 -0.00413097 -0.00410155 -0.00405904 -0.00402563 -0.00400771 -0.0039624 -0.0039547 -0.00395184 -0.00391008 -0.00390299 -0.00388578 -0.00384928 -0.00384901 -0.00384037 -0.00382462 -0.00382711 -0.00382086 -0.00380715 -0.00380301 
