0 0 0 0 0 0 0 0 0 0 0 0 0 0 0 0 0 0 0 0 0 0 0 0 0 0 0 0 0 0 0 0 0 0 0 0 0 0 0 0 0 0 0 0 0 0 0 0 0 0 0 0 0 0 0 0 0 0 0 0 0 0 0 0 0 0 0 0 0 0 0 0 0 0 0 0 0 0 0 0 0 0 0 0 0 0 0 0 0 0 0 0 0 0 0 0 0 0 0 0 0 0 0 0 0 0 0 0 0 0 0 0 0 0 0 0 0 0 0 0 0 0 0 0 0 0 0 0 0 0 0 0 0 0 0 0 0 0 0 0 0 0 0 0 0 0 0 0 0 0 0 0 0 0 0 0 0 0 0 0 0 0 0 0 0 0 0 0 0 0 0 0 0 0 0 0 0 0 0 0 0 0 0 0 0 0 0 0 0 0 0 0 0 0 0 0 0 0 0 0 
0 1.81477e-05 8.39739e-06 1.86322e-05 5.53288e-05 5.35944e-05 5.28105e-05 8.57926e-05 7.25675e-05 6.47658e-05 0.000117922 0.000132676 0.000123189 0.000136142 0.000146473 0.000175666 0.000180116 0.00017455 0.000221618 0.000231119 0.000236945 0.000283959 0.000279097 0.000295768 0.000339694 0.000343784 0.000376362 0.000412412 0.000448953 0.000493746 0.000520728 0.000591034 0.000648239 0.000693599 0.000793413 0.000892331 0.00101095 0.00115424 0.00133905 0.00157733 0.00181859 0.00212117 0.0024807 0.00286735 0.00327501 0.00368308 0.00410931 0.00448206 0.00475679 0.00491607 0.00492719 0.00476176 0.00435523 0.00371499 0.00286419 0.00183054 0.000643544 -0.00066219 -0.00199533 -0.00327226 -0.00441863 -0.00539199 -0.00616209 -0.00668663 -0.00694825 -0.00694482 -0.00671838 -0.00632055 -0.00579891 -0.00519789 -0.00454164 -0.0038752 -0.00322369 -0.00263118 -0.00210973 -0.00167405 -0.00131597 -0.00102542 -0.000794544 -0.000606643 -0.000465123 -0.000350682 -0.000273973 -0.00021199 -0.000178327 -0.00014866 -0.000138272 -0.000124835 -0.000124212 -0.000117629 -0.000119948 -0.000116095 -0.000118732 -0.000116129 -0.000118341 -0.000116465 -0.000118174 -0.00011676 -0.000118092 -0.000116919 -0.000118067 -0.000116919 -0.000118091 -0.000116755 -0.00011816 -0.000116429 -0.000118249 -0.000115901 -0.000118191 -0.000114856 -0.000117222 -0.000111863 -0.000112499 -0.000102007 -9.56108e-05 -7.2259e-05 -4.72482e-05 3.48148e-06 6.56438e-05 0.000163395 0.000284219 0.00044936 0.000651583 0.000910018 0.00122872 0.00162364 0.00210437 0.00266701 0.00330485 0.0039808 0.00467113 0.00532974 0.00593567 0.00644548 0.00681855 0.00699589 0.0069246 0.00658488 0.0059786 0.00514098 0.00409357 0.0028711 0.00152855 0.000147816 -0.00117072 -0.00237453 -0.00341993 -0.00427993 -0.00491045 -0.00528638 -0.0054496 -0.00542903 -0.00526644 -0.00496302 -0.00456847 -0.00415335 -0.00372532 -0.0033086 -0.00289551 -0.00254195 -0.00224891 -0.00197099 -0.00174362 -0.00155222 -0.00141073 -0.00127935 -0.00115069 -0.00108337 -0.00100482 -0.000931934 -0.000885337 -0.000839284 -0.000814969 -0.000765473 -0.000741446 -0.000736507 -0.000683062 -0.000671566 -0.000659426 -0.000616759 -0.000620254 -0.000606537 -0.000582853 -0.000578742 -0.000567885 -0.000577389 -0.000548165 -0.000506963 -0.00053983 -0.000539239 -0.000505167 -0.000518357 -0.000510905 -0.000497149 -0.00050808 -0.000494196 -0.000489032 -0.00049556 -0.000485003 -0.000490368 
0 8.39739e-06 5.99976e-05 6.3453e-05 6.03276e-05 0.000105013 0.000118592 0.000126652 0.000180113 0.000205184 0.000193414 0.000214681 0.000257162 0.000281341 0.000307454 0.000335629 0.000355152 0.000400083 0.000434811 0.000439153 0.000484576 0.000534423 0.000560446 0.000612225 0.000665565 0.000719583 0.000767214 0.000822253 0.000911462 0.000964081 0.00104514 0.00117641 0.00127804 0.00142037 0.00159455 0.00180893 0.00206044 0.00232991 0.00272272 0.00316197 0.0036598 0.00426943 0.00495771 0.00575206 0.00654221 0.00737505 0.00820958 0.00892634 0.00948819 0.00976801 0.0097941 0.00942466 0.00860545 0.00733541 0.00561951 0.00358282 0.00119792 -0.00136331 -0.00400861 -0.00652863 -0.00879179 -0.0107346 -0.0122331 -0.0132923 -0.0137856 -0.0138065 -0.0133517 -0.0125778 -0.0115476 -0.0103485 -0.00906402 -0.00772431 -0.00645882 -0.00525855 -0.00424726 -0.00335536 -0.00265952 -0.00206276 -0.00161133 -0.00123062 -0.000947691 -0.000724168 -0.00056064 -0.000450131 -0.000364583 -0.000324791 -0.000280628 -0.000277299 -0.000249976 -0.000262355 -0.00023997 -0.000258279 -0.000236711 -0.000257095 -0.000235469 -0.000256543 -0.000234887 -0.000256176 -0.000234604 -0.000255977 -0.000234517 -0.000255976 -0.0002346 -0.000256165 -0.000234856 -0.000256461 -0.000235261 -0.000256588 -0.000235517 -0.000255574 -0.000234073 -0.000249995 -0.000225088 -0.000229193 -0.00019143 -0.000166208 -9.43031e-05 -8.44052e-06 0.000132047 0.000320076 0.000569739 0.000903232 0.0013069 0.00183951 0.00246712 0.00328127 0.00422087 0.00536822 0.00661058 0.00797633 0.00932541 0.0106472 0.0118377 0.0128408 0.0135741 0.0138952 0.0137646 0.0130619 0.0118832 0.010196 0.00813066 0.00570218 0.00304793 0.000337129 -0.00229321 -0.0046554 -0.00675228 -0.0084341 -0.00969503 -0.01046 -0.0107877 -0.0107853 -0.0104475 -0.0098899 -0.00912115 -0.00830823 -0.0074803 -0.00663316 -0.00585073 -0.00512273 -0.00452836 -0.00398004 -0.00349603 -0.00313302 -0.00281294 -0.00255848 -0.00232587 -0.00215751 -0.00203578 -0.00188188 -0.00178652 -0.00170816 -0.00161587 -0.00154537 -0.00147936 -0.00143862 -0.00138069 -0.00133031 -0.00132181 -0.00127416 -0.00122858 -0.00121781 -0.00118479 -0.0011531 -0.00112986 -0.00110018 -0.00109434 -0.0011002 -0.00107084 -0.00103237 -0.00103853 -0.00103885 -0.00100524 -0.00100538 -0.00100991 -0.000984354 -0.000989252 -0.000994729 -0.000974405 -0.000980148 
0 1.86322e-05 6.3453e-05 9.20482e-05 0.000113842 0.000156317 0.000184541 0.000203493 0.000245031 0.000281038 0.000306828 0.000349744 0.000388161 0.000416839 0.000460307 0.000500706 0.000537397 0.000590352 0.000637391 0.00068214 0.000742865 0.000799552 0.000855536 0.000920385 0.000992067 0.00107216 0.00114951 0.00124667 0.00136247 0.00146821 0.00160422 0.00177056 0.00194464 0.00215654 0.00241559 0.00273631 0.00311077 0.00355788 0.00412947 0.00479718 0.00557165 0.00647972 0.00751794 0.00866579 0.00985487 0.011076 0.0122652 0.0133024 0.0140813 0.0144891 0.0144629 0.0138751 0.0126389 0.0107392 0.00821447 0.00516493 0.00166164 -0.00212542 -0.00599755 -0.00971103 -0.0130637 -0.0159238 -0.0181594 -0.0197002 -0.020467 -0.0205004 -0.0198769 -0.0187434 -0.0172362 -0.015469 -0.0135608 -0.0115962 -0.00970247 -0.0079439 -0.00640775 -0.00509436 -0.00401827 -0.00313743 -0.00243315 -0.00187161 -0.00143115 -0.0010983 -0.000846823 -0.000675085 -0.000549545 -0.000477117 -0.000421861 -0.00039942 -0.000375928 -0.000373724 -0.000362017 -0.000366352 -0.000358454 -0.000364344 -0.000357708 -0.000363703 -0.000357616 -0.000363423 -0.00035764 -0.000363299 -0.000357655 -0.000363296 -0.000357632 -0.000363401 -0.000357558 -0.000363553 -0.000357334 -0.000363446 -0.000356372 -0.000361701 -0.00035202 -0.000353057 -0.000334864 -0.000321056 -0.000278302 -0.000224747 -0.000123835 1.42423e-05 0.000225722 0.000508205 0.000891897 0.00138394 0.00200928 0.00279424 0.00376392 0.00496187 0.00639183 0.00807004 0.00993138 0.0119268 0.0139342 0.0158761 0.0176313 0.0191012 0.0201446 0.0206097 0.0203776 0.0193647 0.0176042 0.0151349 0.0120685 0.00849932 0.00460824 0.000618386 -0.00324136 -0.00676846 -0.00985562 -0.0123716 -0.0142457 -0.0154294 -0.0159784 -0.0159956 -0.0155476 -0.0147382 -0.0136615 -0.0124657 -0.0112319 -0.00999633 -0.00882864 -0.0077658 -0.00684493 -0.00603324 -0.00532817 -0.00475738 -0.00427939 -0.00387887 -0.00354079 -0.00326899 -0.00305217 -0.00284795 -0.00268602 -0.00255874 -0.00243403 -0.00233006 -0.00224101 -0.00216309 -0.00208868 -0.0020163 -0.00196467 -0.00190935 -0.00185237 -0.0018169 -0.00177597 -0.00173577 -0.00171093 -0.00167544 -0.0016424 -0.00162475 -0.00159702 -0.00157131 -0.00156247 -0.00154478 -0.00152297 -0.00151596 -0.00150487 -0.00148988 -0.0014869 -0.00147794 -0.00146566 -0.00147129 
0 5.53288e-05 6.03276e-05 0.000113842 0.000179004 0.000191839 0.000239753 0.0003042 0.000314318 0.000348766 0.000430435 0.00047911 0.000508333 0.000559605 0.00061242 0.000671875 0.000734043 0.000775869 0.000844425 0.000932012 0.000989306 0.00106609 0.00115408 0.00123191 0.00133488 0.00142968 0.00154723 0.00168621 0.0018086 0.00198829 0.00217264 0.00236933 0.00263857 0.00291813 0.00328138 0.00370953 0.00421331 0.00486502 0.00559677 0.00650488 0.00756036 0.00875913 0.010147 0.0116121 0.0132 0.0147742 0.0162678 0.017584 0.0185169 0.0190253 0.0188795 0.0180369 0.0163668 0.0138376 0.0105435 0.00649799 0.00195247 -0.00299271 -0.00799175 -0.0128173 -0.0172017 -0.0209124 -0.0238585 -0.0258327 -0.0268889 -0.0269421 -0.0262003 -0.0247448 -0.0227987 -0.0205065 -0.0179981 -0.0154613 -0.0129523 -0.0106793 -0.00861077 -0.00689723 -0.00542156 -0.00426371 -0.0032923 -0.00255044 -0.00194823 -0.00149965 -0.00116375 -0.000917237 -0.00076124 -0.000637861 -0.000586101 -0.000523939 -0.000522431 -0.000484182 -0.000503145 -0.000471935 -0.000498227 -0.000468389 -0.000497083 -0.000467335 -0.000496744 -0.000466996 -0.000496584 -0.000466892 -0.000496528 -0.000466887 -0.00049657 -0.000466958 -0.000496644 -0.00046708 -0.000496458 -0.000466913 -0.000494865 -0.000464557 -0.00048756 -0.000452503 -0.000460516 -0.000407645 -0.000376262 -0.000274195 -0.000155793 5.16634e-05 0.000328568 0.000717072 0.0012368 0.00189294 0.00275275 0.00379066 0.00512424 0.00669508 0.00863046 0.0108044 0.0132789 0.0158515 0.0184982 0.0210112 0.0232981 0.0251865 0.0264847 0.0270632 0.0266946 0.0253988 0.0230661 0.019874 0.0158473 0.0112189 0.0061856 0.00100604 -0.0039878 -0.00863897 -0.0126512 -0.0159824 -0.0184507 -0.020078 -0.0209011 -0.0209697 -0.020479 -0.0194617 -0.018154 -0.0166228 -0.0150078 -0.0134282 -0.0118836 -0.0105101 -0.00924731 -0.00816314 -0.00724672 -0.00643804 -0.00580024 -0.00523983 -0.00479247 -0.00442262 -0.00408685 -0.00384859 -0.00361618 -0.00342116 -0.00327465 -0.00312166 -0.00300772 -0.00289201 -0.00279097 -0.00271586 -0.00261339 -0.00254578 -0.00249719 -0.00242144 -0.00236923 -0.00232544 -0.00228035 -0.00225288 -0.00220104 -0.00214241 -0.00213518 -0.0021277 -0.00207567 -0.00204888 -0.00205255 -0.00202285 -0.00199831 -0.00200179 -0.00198221 -0.00196643 -0.0019727 -0.00196052 
0 5.35944e-05 0.000105013 0.000156317 0.000191839 0.000242743 0.00030841 0.000350893 0.000416207 0.000490113 0.000517733 0.000561905 0.000640562 0.000715321 0.000780025 0.000832793 0.000918134 0.00100583 0.0010593 0.0011558 0.00124724 0.00132059 0.0014539 0.00156519 0.00166994 0.00182148 0.00196297 0.0021213 0.00229236 0.00250054 0.00275296 0.00300093 0.00333781 0.00374185 0.00418689 0.00474629 0.00541322 0.00623211 0.00717974 0.00829731 0.00964305 0.0111448 0.012826 0.01464 0.0165509 0.0184594 0.0202039 0.0217085 0.022778 0.0232684 0.0229894 0.0218163 0.0196987 0.0165653 0.0124942 0.00755884 0.0019964 -0.00395684 -0.0100056 -0.0158264 -0.0211473 -0.0256652 -0.0292247 -0.0316543 -0.0329428 -0.0330953 -0.0322389 -0.0305438 -0.0281975 -0.0254261 -0.0223847 -0.0192876 -0.0162472 -0.0134369 -0.0109076 -0.00874226 -0.0069167 -0.00542707 -0.00422158 -0.00326156 -0.00251412 -0.00193317 -0.00151005 -0.00119159 -0.000984435 -0.000830163 -0.000747646 -0.000679955 -0.000656854 -0.000626844 -0.000626768 -0.000610544 -0.000617587 -0.000605926 -0.000614551 -0.000604533 -0.000613238 -0.00060401 -0.000612576 -0.000603804 -0.000612361 -0.000603796 -0.000612552 -0.000603945 -0.000613069 -0.000604112 -0.000613541 -0.000603586 -0.000612358 -0.000599288 -0.000603436 -0.000580298 -0.000567534 -0.000515149 -0.000455319 -0.000331679 -0.000166901 9.91419e-05 0.000454792 0.000957393 0.00160815 0.00245834 0.00353094 0.00487313 0.00653245 0.00853344 0.0109119 0.0136174 0.0166203 0.0197722 0.0229775 0.0260306 0.0287908 0.0310246 0.0325471 0.0331482 0.0326718 0.0310441 0.0282261 0.0243239 0.0194404 0.0138426 0.00776804 0.00155028 -0.0045201 -0.0101564 -0.0150834 -0.0191529 -0.0222247 -0.024324 -0.0254385 -0.0256685 -0.0251519 -0.0240481 -0.0225548 -0.0207564 -0.0188384 -0.0169075 -0.0150635 -0.013351 -0.0117691 -0.0104142 -0.00923762 -0.00822893 -0.00737527 -0.00666388 -0.00610637 -0.0056012 -0.00519098 -0.00487323 -0.00457844 -0.00433283 -0.00411198 -0.0039406 -0.00377971 -0.00361176 -0.00351313 -0.00340119 -0.00328486 -0.0032173 -0.00312426 -0.00304205 -0.00298482 -0.00291535 -0.00284951 -0.00278591 -0.00276315 -0.00274193 -0.00266699 -0.00263268 -0.00262194 -0.00257453 -0.00255476 -0.00253912 -0.00250607 -0.00249973 -0.00248614 -0.0024724 -0.00247564 -0.00245417 
0 5.28105e-05 0.000118592 0.000184541 0.000239753 0.00030841 0.000375368 0.00041949 0.000489063 0.000572462 0.000629579 0.000703102 0.000786679 0.000853483 0.000931689 0.00101171 0.0011015 0.00120238 0.00128586 0.00139937 0.00151969 0.00161293 0.00175415 0.00189372 0.00201491 0.00219738 0.00237934 0.00256699 0.00280167 0.00305739 0.00336353 0.00369131 0.00409067 0.00460073 0.0051508 0.00583857 0.00668811 0.00768082 0.00886341 0.010226 0.0118475 0.0136598 0.0156168 0.0177507 0.0199369 0.0220963 0.0240342 0.0256346 0.0267604 0.027148 0.0266692 0.0251395 0.0225477 0.0188386 0.0140272 0.00829184 0.00181595 -0.00502858 -0.0119966 -0.0187056 -0.0248468 -0.0301039 -0.0342118 -0.0370825 -0.0386053 -0.0388929 -0.0379785 -0.0361008 -0.0334283 -0.030228 -0.0267228 -0.0231033 -0.0195845 -0.0162552 -0.0132885 -0.0106671 -0.00848829 -0.00665436 -0.00520086 -0.00401521 -0.00310672 -0.00239272 -0.00186547 -0.00147866 -0.00120294 -0.00102461 -0.000895176 -0.000831452 -0.000772755 -0.000762036 -0.000730911 -0.000741039 -0.000718298 -0.000735684 -0.000714731 -0.000734512 -0.000713679 -0.000734268 -0.000713334 -0.000734208 -0.000713243 -0.000734194 -0.000713293 -0.000734158 -0.000713401 -0.000733834 -0.000713135 -0.000732059 -0.000710357 -0.000724282 -0.000696855 -0.000695411 -0.000647342 -0.000604359 -0.000499617 -0.000361635 -0.000132969 0.000186289 0.000637231 0.00125078 0.00204696 0.00309261 0.0043902 0.00604318 0.00803208 0.0104642 0.0132652 0.016482 0.0199602 0.0236497 0.0273402 0.0308796 0.0340319 0.0365501 0.0382271 0.0388068 0.0382027 0.0362481 0.0329972 0.0284487 0.0228249 0.0163679 0.00939575 0.0022655 -0.00475453 -0.0112696 -0.0170492 -0.0218134 -0.0255029 -0.0280863 -0.0295533 -0.0300157 -0.029559 -0.0284566 -0.026834 -0.0248518 -0.0226797 -0.0204466 -0.0183243 -0.0162874 -0.0144236 -0.0127869 -0.011357 -0.0101422 -0.00907 -0.00820153 -0.00748931 -0.00685251 -0.00634513 -0.00591752 -0.005562 -0.00525373 -0.00497665 -0.00477759 -0.00457283 -0.00438285 -0.00425287 -0.00410133 -0.00396897 -0.00386881 -0.0037575 -0.00366788 -0.0035851 -0.0035132 -0.00345401 -0.00337339 -0.00332074 -0.00328124 -0.00321063 -0.00317384 -0.0031529 -0.00310325 -0.00307383 -0.00305433 -0.00302625 -0.00301118 -0.00298814 -0.00296769 -0.00296613 -0.00295713 
0 8.57926e-05 0.000126652 0.000203493 0.0003042 0.000350893 0.00041949 0.000529366 0.000579146 0.000635782 0.000753632 0.000839678 0.000914017 0.00100098 0.00108535 0.00120895 0.00130626 0.00138673 0.0015305 0.00164712 0.00176587 0.0019263 0.00205335 0.00222385 0.00240851 0.00258014 0.0028193 0.00304556 0.0033134 0.00364786 0.0039827 0.00441757 0.00491303 0.00549832 0.00621955 0.00703753 0.00807104 0.00926927 0.0106594 0.0123111 0.0141663 0.0162695 0.0185129 0.0208942 0.0233397 0.0256484 0.027729 0.0293564 0.030414 0.0306501 0.029862 0.0279717 0.0248624 0.0205814 0.0150966 0.00861619 0.00138829 -0.00626451 -0.0139795 -0.0214648 -0.0282896 -0.0341735 -0.0387874 -0.0420307 -0.0438325 -0.0442361 -0.0433563 -0.0413275 -0.0384275 -0.0348628 -0.0309615 -0.0268974 -0.0229246 -0.0191512 -0.0157293 -0.0127098 -0.0101322 -0.00799407 -0.00624288 -0.00485894 -0.00375171 -0.0029192 -0.00226631 -0.00181097 -0.00146115 -0.00124497 -0.00107798 -0.000993909 -0.000921592 -0.000898128 -0.000867313 -0.000866173 -0.00085125 -0.000856235 -0.000847152 -0.000852908 -0.00084623 -0.000851544 -0.000846038 -0.000850979 -0.000845999 -0.000850956 -0.000845969 -0.000851364 -0.000845781 -0.000851836 -0.000844677 -0.000850724 -0.00083942 -0.0008417 -0.000818555 -0.000804609 -0.000748964 -0.000687254 -0.000553647 -0.000381549 -9.04033e-05 0.000290511 0.000851879 0.00157163 0.00254642 0.00377078 0.00534325 0.00727847 0.00965096 0.0124678 0.0157256 0.0193854 0.023335 0.0274818 0.0316075 0.035555 0.0390074 0.0417547 0.0434824 0.0440321 0.0432249 0.0409865 0.0372998 0.0322053 0.0259428 0.0187504 0.0110446 0.00310537 -0.00467707 -0.0119856 -0.0184876 -0.0239174 -0.0282107 -0.0312664 -0.0331601 -0.0338865 -0.0336321 -0.0325981 -0.0309418 -0.028882 -0.026513 -0.0240857 -0.0216783 -0.019368 -0.0172448 -0.015301 -0.0136353 -0.0121576 -0.0108891 -0.00984159 -0.00892964 -0.00819901 -0.00755718 -0.00702868 -0.00660677 -0.00620565 -0.00590363 -0.00562449 -0.00537235 -0.00518472 -0.00497597 -0.00481907 -0.0046769 -0.00451952 -0.00442687 -0.00431082 -0.00419287 -0.0041223 -0.00403668 -0.00397242 -0.00389347 -0.00380108 -0.00378717 -0.0037457 -0.00365703 -0.00363908 -0.00361811 -0.00355866 -0.00354092 -0.00352919 -0.00349455 -0.00347935 -0.00347569 -0.0034613 
0 7.25675e-05 0.000180113 0.000245031 0.000314318 0.000416207 0.000489063 0.000579146 0.000687694 0.000768259 0.000857098 0.000942759 0.00103652 0.00116789 0.00127602 0.00137587 0.00149895 0.00162578 0.00176743 0.00189068 0.00203274 0.00222191 0.00237868 0.00256858 0.00280018 0.00300707 0.00326483 0.0035535 0.00386955 0.00424662 0.00466414 0.00519026 0.00579184 0.00648992 0.00736341 0.00836812 0.00957291 0.0109862 0.0126238 0.0145295 0.0166399 0.0189899 0.0214997 0.0240963 0.026698 0.0291114 0.0312233 0.0328049 0.0336891 0.0336683 0.0325367 0.0302205 0.0266105 0.0217505 0.015667 0.00855066 0.000687275 -0.00761401 -0.0159636 -0.0240514 -0.0314487 -0.0378344 -0.0428974 -0.0464883 -0.0485632 -0.0491288 -0.0483115 -0.0462276 -0.0431574 -0.0393363 -0.0350967 -0.0306672 -0.0262844 -0.0221069 -0.0182596 -0.0148445 -0.0118842 -0.00941746 -0.00737857 -0.00576233 -0.00446759 -0.00348375 -0.00271752 -0.00216533 -0.0017522 -0.00147573 -0.00127952 -0.00115957 -0.0010795 -0.0010344 -0.0010071 -0.000991198 -0.000984528 -0.000977551 -0.000978236 -0.000973118 -0.000976506 -0.000971431 -0.000975972 -0.000970771 -0.000975823 -0.000970732 -0.000975857 -0.000971139 -0.000975796 -0.000971452 -0.000974464 -0.000969316 -0.000967196 -0.000956048 -0.00093845 -0.000905291 -0.00084578 -0.000752243 -0.000595811 -0.000369458 -2.43627e-05 0.000444789 0.00110591 0.00196391 0.0031067 0.00454532 0.00638313 0.00863089 0.0113723 0.0145815 0.0182675 0.0223424 0.0267187 0.0312539 0.0357531 0.0400014 0.0436849 0.0465504 0.0482856 0.0487346 0.0477161 0.0451849 0.0411024 0.0355555 0.0287622 0.0210056 0.0126875 0.00411769 -0.00429908 -0.0122471 -0.0193691 -0.0254214 -0.0302794 -0.0338465 -0.0361715 -0.0372628 -0.037298 -0.0364316 -0.0348527 -0.0327774 -0.0303397 -0.0277606 -0.0251291 -0.0225833 -0.0202046 -0.0180019 -0.0160558 -0.0143291 -0.0128549 -0.011593 -0.0104997 -0.00962005 -0.00885998 -0.00821988 -0.00768823 -0.00722835 -0.00685645 -0.00650176 -0.00621312 -0.0059818 -0.00573415 -0.00554977 -0.005391 -0.00522032 -0.00508258 -0.00495486 -0.00484857 -0.00473347 -0.00461318 -0.00454887 -0.00447804 -0.00440057 -0.00434472 -0.00426598 -0.00421917 -0.00419137 -0.00412468 -0.0040944 -0.0040729 -0.00402085 -0.00401944 -0.00401506 -0.0039727 -0.00397432 
0 6.47658e-05 0.000205184 0.000281038 0.000348766 0.000490113 0.000572462 0.000635782 0.000768259 0.000869991 0.000964752 0.00109829 0.00119629 0.00130958 0.00145012 0.00155272 0.00169469 0.0018634 0.00199424 0.00215996 0.00234466 0.00252191 0.00272344 0.00292863 0.00317968 0.00345112 0.00372242 0.00408871 0.00447722 0.00489241 0.00543127 0.00603465 0.00674501 0.00758849 0.00859408 0.00981846 0.0112001 0.0128433 0.0147615 0.0168935 0.0192785 0.0218395 0.0245732 0.0273368 0.0299862 0.0324422 0.0344628 0.0359054 0.0365161 0.0361379 0.0346342 0.0318357 0.0277514 0.0223297 0.0157325 0.00810521 -0.000274579 -0.00905499 -0.0179222 -0.0264367 -0.0342911 -0.0410598 -0.0465113 -0.0504343 -0.0527709 -0.0535509 -0.0528189 -0.0507819 -0.047602 -0.0436381 -0.0391259 -0.034408 -0.0296662 -0.0251174 -0.020884 -0.0170688 -0.0137523 -0.0109246 -0.00861489 -0.00672361 -0.00525542 -0.00408131 -0.00321447 -0.00253517 -0.00206777 -0.00171043 -0.00148925 -0.00132268 -0.00123452 -0.00116605 -0.00113773 -0.00111244 -0.00110559 -0.00109711 -0.00109578 -0.00109359 -0.0010927 -0.00109305 -0.00109162 -0.00109305 -0.00109131 -0.00109299 -0.00109144 -0.00109259 -0.0010916 -0.00109104 -0.00109013 -0.001085 -0.0010806 -0.00106274 -0.00104253 -0.000990473 -0.000922737 -0.000789406 -0.000610198 -0.000312314 8.14569e-05 0.000665408 0.00141597 0.00244764 0.00374495 0.00543895 0.00752464 0.0101196 0.0132011 0.0168131 0.0208829 0.0253478 0.0300933 0.0349484 0.0397466 0.0441823 0.0480202 0.0508877 0.0525916 0.0528677 0.0516409 0.0488056 0.0443792 0.0384731 0.0312675 0.0231226 0.014323 0.00530928 -0.00361315 -0.0120401 -0.0196797 -0.0262957 -0.0316772 -0.0357904 -0.0385542 -0.040104 -0.0405036 -0.0399089 -0.0385183 -0.0364961 -0.0341051 -0.0314245 -0.0286472 -0.0259091 -0.0232909 -0.0208819 -0.0186431 -0.0166887 -0.0149934 -0.0134962 -0.0122315 -0.0111454 -0.0102585 -0.00948783 -0.00881608 -0.00830503 -0.00783578 -0.00742694 -0.00710489 -0.00680521 -0.0065495 -0.00630836 -0.00610433 -0.0059387 -0.00574459 -0.00560197 -0.00549418 -0.00535074 -0.00525203 -0.00516143 -0.00504829 -0.00498417 -0.00490335 -0.00481457 -0.00478963 -0.00472758 -0.00464761 -0.00464561 -0.004614 -0.00454514 -0.00454048 -0.00452108 -0.00447423 -0.00449395 
0 0.000117922 0.000193414 0.000306828 0.000430435 0.000517733 0.000629579 0.000753632 0.000857098 0.000964752 0.00108207 0.00122553 0.00136131 0.00146204 0.00160972 0.00177927 0.00191453 0.0020766 0.002249 0.00242776 0.00264079 0.00284182 0.00306672 0.00332955 0.00360082 0.00391026 0.00424807 0.00464662 0.00510506 0.00560558 0.00623028 0.00695764 0.00779308 0.00880027 0.00999167 0.0114026 0.0130128 0.0148859 0.0170481 0.0194234 0.0220211 0.0247908 0.027677 0.030529 0.0331883 0.0355637 0.0374347 0.0386116 0.0388689 0.0380723 0.0361101 0.0328358 0.0282389 0.0223279 0.0152775 0.00725141 -0.00149539 -0.0106362 -0.0198293 -0.0286542 -0.0367889 -0.0438531 -0.049606 -0.0538258 -0.0564324 -0.0574235 -0.0568551 -0.0549004 -0.0517386 -0.0476949 -0.0430293 -0.0380791 -0.0330517 -0.0281774 -0.0235875 -0.019412 -0.01573 -0.0125713 -0.00995274 -0.00780989 -0.00612034 -0.00477846 -0.00376608 -0.00298055 -0.00242148 -0.00199963 -0.00172521 -0.00152284 -0.00140814 -0.00132176 -0.0012831 -0.00124893 -0.00124002 -0.0012261 -0.00122643 -0.00121969 -0.00122207 -0.00121795 -0.00122052 -0.00121746 -0.00122007 -0.00121736 -0.00122023 -0.00121722 -0.00122037 -0.00121586 -0.00121808 -0.00120856 -0.00120451 -0.00117968 -0.00115299 -0.00108635 -0.000997877 -0.000833858 -0.000609275 -0.000253906 0.000221524 0.000902086 0.00178511 0.00297098 0.00447358 0.00640382 0.00878549 0.0117037 0.0151518 0.0191321 0.0235771 0.0283906 0.0334547 0.0385772 0.0435717 0.0481275 0.0519869 0.0548052 0.0563736 0.0564634 0.0549814 0.0518583 0.0471262 0.0409271 0.0334521 0.0250267 0.0159391 0.00660282 -0.00264156 -0.01142 -0.019457 -0.0265279 -0.0324125 -0.0370203 -0.0402846 -0.0423124 -0.0431625 -0.0429479 -0.0418351 -0.0400165 -0.0377296 -0.0350739 -0.0322283 -0.029346 -0.0265504 -0.0239117 -0.0214348 -0.0192268 -0.0172786 -0.0155656 -0.0140834 -0.0128134 -0.0117645 -0.0108499 -0.0100745 -0.00944319 -0.00888796 -0.0084194 -0.00801121 -0.00766546 -0.00736945 -0.00708525 -0.00685671 -0.00665107 -0.00645777 -0.00629857 -0.00612769 -0.00599241 -0.00589208 -0.0057608 -0.00564468 -0.00555757 -0.00548446 -0.00541695 -0.00532585 -0.00526816 -0.00523777 -0.00516293 -0.00511974 -0.00511478 -0.00506015 -0.00502968 -0.00504182 -0.00500538 
0 0.000132676 0.000214681 0.000349744 0.00047911 0.000561905 0.000703102 0.000839678 0.000942759 0.00109829 0.00122553 0.00132719 0.00149608 0.00165348 0.00180116 0.00197875 0.00213254 0.00231471 0.00252349 0.00271266 0.00293717 0.00317719 0.00343895 0.00374209 0.00404248 0.00440174 0.00481413 0.00525145 0.00578698 0.00639859 0.00711249 0.00797072 0.00895682 0.0101426 0.0115314 0.0131351 0.0150002 0.0171108 0.0194983 0.0221082 0.0248917 0.0278307 0.0307895 0.0336479 0.0362416 0.0384288 0.0400477 0.0408477 0.0406817 0.0394081 0.0369381 0.0331825 0.0280884 0.0217677 0.0143462 0.00604054 -0.00294095 -0.0122984 -0.0216551 -0.0306598 -0.038935 -0.0462102 -0.0521863 -0.0566772 -0.0595473 -0.06077 -0.0604193 -0.0586054 -0.0555628 -0.0515166 -0.0468013 -0.0416775 -0.0364366 -0.0312719 -0.0263666 -0.0218511 -0.0178153 -0.0143316 -0.0113893 -0.00899299 -0.00705401 -0.00554485 -0.0043577 -0.0034719 -0.0027945 -0.00231745 -0.00196649 -0.00173902 -0.00157863 -0.00148547 -0.00142161 -0.00138924 -0.00136701 -0.00135718 -0.00135051 -0.00134728 -0.00134601 -0.00134416 -0.00134482 -0.00134315 -0.00134451 -0.00134299 -0.00134436 -0.00134305 -0.00134345 -0.0013416 -0.00133837 -0.00133215 -0.0013173 -0.00129412 -0.00124623 -0.00117402 -0.00104571 -0.000859785 -0.000566309 -0.000161438 0.000422849 0.0011942 0.00223996 0.00357867 0.00531733 0.00748502 0.0101833 0.0134182 0.017228 0.0215544 0.0263388 0.0314632 0.0367783 0.0421083 0.0471945 0.0517866 0.0555519 0.058248 0.0596032 0.0594719 0.0577173 0.0543187 0.0493383 0.0429184 0.0353034 0.0267235 0.0175198 0.00801464 -0.00139388 -0.0103888 -0.0187135 -0.0261331 -0.0324722 -0.037547 -0.0413449 -0.0438871 -0.0452447 -0.0455022 -0.0447675 -0.0432694 -0.0411659 -0.0386289 -0.0358069 -0.0328502 -0.029927 -0.027084 -0.024412 -0.0219632 -0.019754 -0.0178193 -0.0161113 -0.0146463 -0.0134005 -0.0123267 -0.0114372 -0.0106612 -0.010006 -0.0094682 -0.00897623 -0.00856789 -0.00821867 -0.00790595 -0.00764376 -0.00738726 -0.00718006 -0.00700194 -0.0068057 -0.00665654 -0.0065079 -0.0063642 -0.00628616 -0.00617254 -0.00605143 -0.00599232 -0.00590669 -0.00583148 -0.00579464 -0.00571484 -0.00565788 -0.00564808 -0.00560349 -0.00557512 -0.00557608 -0.00553503 
0 0.000123189 0.000257162 0.000388161 0.000508333 0.000640562 0.000786679 0.000914017 0.00103652 0.00119629 0.00136131 0.00149608 0.00165203 0.00183345 0.00198729 0.00216072 0.00237507 0.00256932 0.00278566 0.00303525 0.00326356 0.00353509 0.00384726 0.00415018 0.00451207 0.00493442 0.00539843 0.00592958 0.00654203 0.00727814 0.00811511 0.00908525 0.0102668 0.0116289 0.0132107 0.01505 0.0171494 0.0195193 0.0221103 0.0249223 0.027887 0.0309019 0.0338761 0.0366442 0.0390767 0.0409927 0.0422185 0.0425806 0.0419072 0.0401189 0.0371161 0.0328594 0.027342 0.020661 0.0129901 0.00449798 -0.00458499 -0.0140025 -0.0233941 -0.032418 -0.0407511 -0.0481184 -0.0542726 -0.0589821 -0.0621111 -0.0635925 -0.063489 -0.0619054 -0.0590364 -0.0551065 -0.0503996 -0.045204 -0.0397915 -0.0344 -0.0292105 -0.0243829 -0.0200172 -0.0162011 -0.0129496 -0.0102657 -0.00808885 -0.006369 -0.00502226 -0.00399483 -0.00321734 -0.00264919 -0.00223967 -0.00195782 -0.00176766 -0.00164569 -0.00156981 -0.00152405 -0.00149859 -0.00148315 -0.00147647 -0.00147102 -0.00147038 -0.00146769 -0.00146883 -0.00146679 -0.00146842 -0.00146653 -0.00146812 -0.001466 -0.00146657 -0.00146273 -0.00145907 -0.00144795 -0.00142998 -0.00139515 -0.00133652 -0.00123887 -0.00108381 -0.000848736 -0.00050183 -1.31296e-05 0.00066328 0.00156614 0.00275954 0.00429606 0.00625866 0.00870364 0.0117031 0.0152717 0.0194164 0.0240709 0.0291585 0.0345393 0.040059 0.0455007 0.0506156 0.0551196 0.0587273 0.061192 0.0622937 0.0618857 0.0598541 0.0562057 0.0510166 0.0444778 0.0367968 0.028219 0.0190215 0.00952609 9.16582e-05 -0.00899665 -0.0174804 -0.0251724 -0.0318597 -0.037398 -0.0417169 -0.0448082 -0.046723 -0.0474993 -0.0472698 -0.0461653 -0.0443595 -0.0420242 -0.0393088 -0.0363889 -0.0333687 -0.0303955 -0.0275563 -0.0248906 -0.0224549 -0.0202602 -0.0183456 -0.0166604 -0.015183 -0.0139494 -0.0128904 -0.0119813 -0.0112104 -0.010566 -0.0100273 -0.0095306 -0.00912007 -0.00878132 -0.00844423 -0.0081649 -0.00792589 -0.00769005 -0.00750314 -0.00733671 -0.00716764 -0.00702474 -0.00690113 -0.00678032 -0.00666137 -0.00657007 -0.00649894 -0.00640174 -0.00632666 -0.00630482 -0.00624818 -0.00617404 -0.00615454 -0.00612067 -0.00607067 -0.00608698 
0 0.000136142 0.000281341 0.000416839 0.000559605 0.000715321 0.000853483 0.00100098 0.00116789 0.00130958 0.00146204 0.00165348 0.00183345 0.00200229 0.00218583 0.00239872 0.002625 0.00282637 0.00306338 0.003344 0.00360753 0.00391753 0.00426579 0.00461839 0.00504239 0.00551689 0.00604705 0.00666172 0.00737309 0.00823465 0.00920519 0.010344 0.0117254 0.0132885 0.0150929 0.0171641 0.0195042 0.0220951 0.0248643 0.0278428 0.0309136 0.0339464 0.036846 0.0394488 0.0416359 0.0431777 0.0439354 0.0437771 0.0425542 0.040211 0.0366519 0.0319136 0.0260126 0.0190594 0.0112206 0.00264928 -0.00641074 -0.0157499 -0.0250263 -0.0339522 -0.0422289 -0.0496055 -0.0558596 -0.0607407 -0.0641137 -0.0658656 -0.0660575 -0.0647589 -0.0621477 -0.0584132 -0.0538079 -0.0486179 -0.0431062 -0.037546 -0.0321166 -0.027016 -0.0223397 -0.0182095 -0.0146434 -0.0116711 -0.0092367 -0.00729712 -0.00577027 -0.00459229 -0.00369889 -0.00303195 -0.00255274 -0.00220939 -0.00198251 -0.00182528 -0.00173435 -0.00166952 -0.00164092 -0.00161466 -0.00161015 -0.00159746 -0.00160091 -0.00159236 -0.00159821 -0.00159087 -0.00159745 -0.00159048 -0.00159713 -0.00158984 -0.00159533 -0.00158552 -0.00158557 -0.00156584 -0.00154747 -0.00149713 -0.00142795 -0.00130034 -0.00111512 -0.000825568 -0.000417597 0.000161186 0.000942479 0.0019851 0.00334519 0.00509005 0.00729865 0.0100271 0.0133404 0.0172325 0.0217036 0.0266557 0.0320142 0.0376025 0.0432673 0.0487505 0.0538084 0.0581457 0.0615085 0.0636783 0.0644619 0.063746 0.0614247 0.0575512 0.0522057 0.045611 0.0379539 0.0294726 0.020418 0.0110668 0.00174698 -0.00731335 -0.0158478 -0.0236952 -0.0306478 -0.036578 -0.0414019 -0.045042 -0.0475359 -0.0488904 -0.0492337 -0.0486378 -0.0472296 -0.045205 -0.0427018 -0.0399018 -0.0368833 -0.0338225 -0.0308539 -0.0279987 -0.0253407 -0.0229026 -0.0207514 -0.0188497 -0.0171512 -0.0157256 -0.0144988 -0.0134379 -0.0125378 -0.0117672 -0.0111306 -0.0105567 -0.010068 -0.0096701 -0.00928837 -0.00897601 -0.00871186 -0.00844309 -0.00821806 -0.00802756 -0.00785482 -0.00768448 -0.00751603 -0.00740182 -0.00730014 -0.00717487 -0.00708145 -0.00700613 -0.0069213 -0.00685223 -0.00679814 -0.00674919 -0.0067083 -0.00667702 -0.00665238 -0.0066291 
0 0.000146473 0.000307454 0.000460307 0.00061242 0.000780025 0.000931689 0.00108535 0.00127602 0.00145012 0.00160972 0.00180116 0.00198729 0.00218583 0.0024234 0.00263622 0.00285147 0.00311634 0.00338365 0.00366444 0.00398355 0.00432214 0.0047037 0.00513335 0.00560397 0.00614913 0.00676881 0.00747825 0.00832392 0.00929955 0.0104328 0.0117727 0.0133287 0.0151233 0.0171564 0.0194614 0.0220418 0.0248123 0.0277651 0.0308489 0.033949 0.0369338 0.0396512 0.0420149 0.0438288 0.0449051 0.0451252 0.0443713 0.0425844 0.0396471 0.035565 0.0303826 0.0241671 0.0170434 0.00911232 0.000590911 -0.00835188 -0.0174709 -0.0265231 -0.0352515 -0.0433798 -0.0507105 -0.0569809 -0.0620134 -0.0655934 -0.0676482 -0.06816 -0.0672035 -0.0649139 -0.0614373 -0.0570227 -0.0518935 -0.0463688 -0.0406723 -0.0350682 -0.0297081 -0.0247614 -0.0203166 -0.0164479 -0.0131759 -0.0104729 -0.00830234 -0.0065742 -0.00524314 -0.00421012 -0.00345096 -0.00287757 -0.00248545 -0.00219743 -0.00202169 -0.00189243 -0.00182775 -0.00177428 -0.00175756 -0.00173477 -0.00173524 -0.00172316 -0.00172872 -0.00172003 -0.00172687 -0.00171918 -0.00172628 -0.00171843 -0.00172502 -0.00171509 -0.00171831 -0.00170051 -0.00169074 -0.00164864 -0.0016001 -0.00149485 -0.00135215 -0.00110929 -0.000776503 -0.000279075 0.000383755 0.00129822 0.00248244 0.004036 0.00599941 0.00847237 0.011495 0.0151183 0.0193335 0.0240957 0.0293293 0.0348942 0.0406544 0.0463724 0.0518374 0.056735 0.0608365 0.0638708 0.0656815 0.0660997 0.0650312 0.0624358 0.0583462 0.0529242 0.0463238 0.038789 0.0304925 0.0216988 0.0126308 0.00353678 -0.00535524 -0.0138577 -0.0217418 -0.028888 -0.0351415 -0.0404231 -0.0446227 -0.0476903 -0.0496831 -0.0506319 -0.0506251 -0.0497172 -0.0480819 -0.0459013 -0.0432834 -0.0403774 -0.0373102 -0.0342508 -0.0312727 -0.0284137 -0.0257749 -0.0233782 -0.0212364 -0.0193388 -0.0176758 -0.0162577 -0.0150294 -0.0139733 -0.0130819 -0.0123113 -0.0116592 -0.0111014 -0.010611 -0.0101982 -0.0098313 -0.00950251 -0.0092338 -0.00897885 -0.00873117 -0.00853426 -0.0083631 -0.00820051 -0.00805315 -0.00791266 -0.00779534 -0.00769688 -0.00760627 -0.00752352 -0.00743015 -0.00736349 -0.00733231 -0.00727736 -0.00724029 -0.00723269 -0.00718533 
0 0.000175666 0.000335629 0.000500706 0.000671875 0.000832793 0.00101171 0.00120895 0.00137587 0.00155272 0.00177927 0.00197875 0.00216072 0.00239872 0.00263622 0.00285481 0.00312502 0.00342311 0.00371063 0.00402593 0.00438652 0.00476885 0.00518622 0.005675 0.00622456 0.00683983 0.00756563 0.00841106 0.00937905 0.0105044 0.0118289 0.0133635 0.0151215 0.0171394 0.0194169 0.0219537 0.024724 0.0276725 0.0307566 0.0338802 0.0369343 0.0397684 0.0422445 0.0442505 0.0455948 0.0461327 0.0457454 0.0443777 0.0419762 0.0384634 0.0338893 0.028318 0.021875 0.0146421 0.00673654 -0.00165115 -0.0103541 -0.0191496 -0.0278817 -0.0363112 -0.0442342 -0.051428 -0.0576764 -0.0627969 -0.0665791 -0.0689393 -0.0698011 -0.0692389 -0.0673115 -0.0641755 -0.0600027 -0.0550312 -0.0495427 -0.0437897 -0.0380452 -0.0324754 -0.0272806 -0.0225403 -0.0183795 -0.0147975 -0.0118273 -0.00939705 -0.00746936 -0.0059518 -0.00478654 -0.00390327 -0.00324741 -0.00277752 -0.00244203 -0.00222239 -0.0020692 -0.00198339 -0.00191948 -0.0018947 -0.00186744 -0.00186624 -0.00185151 -0.00185818 -0.00184705 -0.00185604 -0.00184578 -0.00185516 -0.00184469 -0.00185282 -0.00184002 -0.00184254 -0.00182032 -0.00180441 -0.00175268 -0.00168638 -0.00155928 -0.00137781 -0.00109108 -0.000687393 -0.000112927 0.000665183 0.00170395 0.00306399 0.00480766 0.00702215 0.0097576 0.0130923 0.0170155 0.0215437 0.0265746 0.0320489 0.0377855 0.0436446 0.0493656 0.0547151 0.0593982 0.0631733 0.0658372 0.0672236 0.0672433 0.0657981 0.0629244 0.0586624 0.0531956 0.0466732 0.0393076 0.0312941 0.0228388 0.01416 0.00540424 -0.00322339 -0.0115685 -0.0194182 -0.0266509 -0.0331618 -0.0388277 -0.0435431 -0.0471992 -0.0498257 -0.0514306 -0.052048 -0.0517338 -0.0505962 -0.0488106 -0.0464867 -0.0437725 -0.0408074 -0.0377283 -0.03466 -0.0316726 -0.0288487 -0.0262264 -0.023843 -0.0217231 -0.0198391 -0.0181876 -0.0167695 -0.0155583 -0.0145092 -0.0136104 -0.0128611 -0.0122103 -0.0116366 -0.0111561 -0.0107388 -0.0103494 -0.0100201 -0.00975792 -0.009495 -0.00925014 -0.00907147 -0.00889283 -0.00870586 -0.00857027 -0.00844831 -0.00830915 -0.00819783 -0.00812328 -0.00805393 -0.00798077 -0.00791399 -0.00785626 -0.00780689 -0.00777591 -0.00776793 
0 0.000180116 0.000355152 0.000537397 0.000734043 0.000918134 0.0011015 0.00130626 0.00149895 0.00169469 0.00191453 0.00213254 0.00237507 0.002625 0.00285147 0.00312502 0.00343202 0.00372358 0.00404385 0.00440669 0.00481608 0.00525486 0.00572441 0.00629471 0.00692535 0.00761826 0.0084672 0.00943854 0.0105465 0.0118578 0.0133836 0.01514 0.0171195 0.019371 0.0218977 0.0246255 0.0275553 0.0306357 0.0337743 0.036864 0.0397694 0.0423788 0.0445301 0.0460766 0.0468838 0.0468144 0.0457999 0.0437887 0.0407576 0.0367032 0.0316756 0.0257995 0.0191834 0.011926 0.00413845 -0.00402296 -0.0123753 -0.020777 -0.0290888 -0.0371585 -0.0447947 -0.0517916 -0.0579652 -0.0631225 -0.0671006 -0.0697508 -0.0710042 -0.0708532 -0.0693496 -0.0665985 -0.062741 -0.0579992 -0.0526155 -0.0468803 -0.0410362 -0.0353164 -0.0298867 -0.0248931 -0.0204311 -0.0165596 -0.0132968 -0.0106099 -0.00845398 -0.00674504 -0.00542592 -0.00441086 -0.00366009 -0.00310229 -0.00271478 -0.00243887 -0.00226392 -0.00214318 -0.00207646 -0.00202895 -0.00200879 -0.00199056 -0.00198722 -0.00197905 -0.0019809 -0.00197581 -0.00197903 -0.00197452 -0.00197747 -0.00197139 -0.00197106 -0.00195781 -0.00194482 -0.00190846 -0.00185767 -0.00176014 -0.00161713 -0.00138464 -0.001054 -0.000569107 8.97702e-05 0.000991316 0.00217093 0.00371302 0.00567207 0.00813809 0.0111616 0.0147931 0.0190289 0.0238333 0.0291264 0.0347859 0.0406635 0.0465489 0.0522137 0.0573718 0.0617719 0.06517 0.0674051 0.0683455 0.0679208 0.0661065 0.0629443 0.0585525 0.0530734 0.0466832 0.0395486 0.03187 0.0238343 0.0155973 0.00728083 -0.000999119 -0.00907797 -0.0168011 -0.0240421 -0.0307055 -0.0366816 -0.0418288 -0.0460551 -0.049308 -0.0515745 -0.0528613 -0.0531955 -0.0526679 -0.0513691 -0.0494362 -0.0470207 -0.044244 -0.0412426 -0.0381328 -0.0350596 -0.032095 -0.0292632 -0.0266599 -0.0243114 -0.02221 -0.0203399 -0.0187042 -0.0173207 -0.0160999 -0.0150391 -0.0141672 -0.0133982 -0.0127291 -0.0121694 -0.0116911 -0.0112732 -0.0108802 -0.010559 -0.0102972 -0.0100218 -0.00978118 -0.00958172 -0.00939644 -0.00924711 -0.00909783 -0.0089584 -0.00885816 -0.00874966 -0.00864856 -0.0085786 -0.00850946 -0.00845677 -0.00841901 -0.00837798 -0.00835228 
0 0.00017455 0.000400083 0.000590352 0.000775869 0.00100583 0.00120238 0.00138673 0.00162578 0.0018634 0.0020766 0.00231471 0.00256932 0.00282637 0.00311634 0.00342311 0.00372358 0.00405652 0.00443121 0.00483728 0.00528221 0.00576535 0.00632701 0.0069729 0.00768262 0.00851461 0.00948665 0.0106016 0.0118949 0.0133889 0.0151327 0.0171032 0.0193071 0.0218058 0.0245329 0.0274429 0.0305049 0.0336543 0.0367913 0.0397429 0.0424256 0.0447126 0.0464251 0.0474336 0.0476105 0.0469043 0.0452334 0.0425702 0.0389449 0.0343882 0.0290083 0.022899 0.0161972 0.00900061 0.00141355 -0.00641577 -0.0143624 -0.0222962 -0.0301503 -0.0378007 -0.0450979 -0.0518581 -0.0579038 -0.0630819 -0.0672162 -0.0701664 -0.0718044 -0.0720933 -0.0710371 -0.0687089 -0.0652245 -0.0607626 -0.0555628 -0.0498892 -0.0440159 -0.0381703 -0.0325559 -0.0273182 -0.0225822 -0.018418 -0.0148658 -0.0119114 -0.00951426 -0.00760591 -0.00611424 -0.00496743 -0.0041017 -0.00346306 -0.00300283 -0.0026825 -0.00246514 -0.00232468 -0.00223527 -0.00218241 -0.00215031 -0.00213346 -0.002123 -0.00211867 -0.00211516 -0.00211452 -0.00211278 -0.00211264 -0.00211024 -0.00210786 -0.00210058 -0.00208879 -0.0020645 -0.00202352 -0.00195158 -0.00183616 -0.00165339 -0.00137964 -0.000980038 -0.000418978 0.000349802 0.00137644 0.00272222 0.0044561 0.00665193 0.00938273 0.0127009 0.0166351 0.0211646 0.026237 0.0317467 0.0375666 0.0435134 0.0493781 0.0548962 0.0598036 0.0638429 0.0668156 0.0685776 0.0690355 0.0681567 0.0659548 0.0625341 0.0580206 0.052583 0.0463599 0.039521 0.0322377 0.0246715 0.0169457 0.0091193 0.00129167 -0.0064428 -0.0139432 -0.0211162 -0.0278578 -0.0340438 -0.0395674 -0.0442988 -0.04817 -0.0510904 -0.0530514 -0.0540826 -0.0542056 -0.0534938 -0.0520307 -0.0499991 -0.0475169 -0.0446773 -0.0416411 -0.0385373 -0.0354851 -0.0325146 -0.0297019 -0.0271407 -0.0248032 -0.0227048 -0.0208525 -0.0192385 -0.0178475 -0.0166247 -0.0155868 -0.0147099 -0.0139389 -0.0132809 -0.0127136 -0.0122313 -0.0118154 -0.0114211 -0.0110855 -0.0108136 -0.0105534 -0.0103204 -0.0101247 -0.00993008 -0.0097609 -0.00964542 -0.00951829 -0.00937473 -0.00928462 -0.00920739 -0.00911898 -0.00907678 -0.00903645 -0.00897641 -0.00895594 
