0 0 0 0 0 0 0 0 0 0 0 0 0 0 0 0 0 0 0 0 0 0 0 0 0 0 0 0 0 0 0 0 0 0 0 0 0 0 0 0 0 0 0 0 0 0 0 0 0 0 0 0 0 0 0 0 0 0 0 0 0 0 0 0 0 0 0 0 0 0 0 0 0 0 0 0 0 0 0 0 0 0 0 0 0 0 0 0 0 0 0 0 0 0 0 0 0 0 0 0 0 0 0 0 0 0 0 0 0 0 0 0 0 0 0 0 0 0 0 0 0 0 0 0 0 0 0 0 0 0 0 0 0 0 0 0 0 0 0 0 0 0 0 0 0 0 0 0 0 0 0 0 0 0 0 0 0 0 0 0 0 0 0 0 0 0 0 0 0 0 0 0 0 0 0 0 0 0 0 0 0 0 0 0 0 0 0 0 0 0 0 0 0 0 0 0 0 0 0 0 
0 1.05849e-05 3.29093e-05 4.91842e-05 5.53924e-05 6.8411e-05 9.54973e-05 0.000113889 0.000110696 0.00012736 0.000169847 0.000189176 0.000191355 0.000204823 0.000228248 0.000260204 0.000285869 0.000303617 0.000337593 0.000377838 0.000398039 0.000423637 0.000480037 0.000521172 0.000558862 0.000643651 0.000718419 0.000789976 0.000902677 0.00102578 0.00117856 0.00134655 0.00155921 0.0018468 0.00212927 0.00247305 0.00287937 0.00329477 0.00373929 0.00414169 0.00454907 0.00488959 0.0050777 0.00515225 0.00502189 0.00471997 0.00416303 0.00335084 0.00237112 0.00118754 -7.96604e-05 -0.00146105 -0.00282189 -0.00407658 -0.00519406 -0.00606748 -0.00676573 -0.00716221 -0.00732333 -0.00720691 -0.00687549 -0.00641093 -0.00580382 -0.00517976 -0.00446559 -0.0038007 -0.00312517 -0.00254402 -0.00203122 -0.00160213 -0.00127197 -0.000974821 -0.000778403 -0.00057441 -0.000466509 -0.000335029 -0.000285488 -0.000211743 -0.000194394 -0.000161322 -0.000154683 -0.000147171 -0.000138641 -0.000146719 -0.0001318 -0.000149649 -0.000128402 -0.000152406 -0.000126546 -0.000154182 -0.000125584 -0.000155049 -0.000125189 -0.000155293 -0.000125126 -0.000155204 -0.00012521 -0.000155014 -0.000125312 -0.000154881 -0.000125354 -0.000154881 -0.000125312 -0.000155014 -0.00012521 -0.000155204 -0.000125126 -0.000155292 -0.000125188 -0.000155046 -0.000125575 -0.000154159 -0.000126484 -0.000152249 -0.000128016 -0.000148742 -0.000129749 -0.000142267 -0.000129372 -0.000128674 -0.000119335 -9.66761e-05 -8.12977e-05 -2.24885e-05 1.75998e-05 0.000130129 0.000219341 0.000400896 0.000566303 0.000833974 0.00111618 0.00150629 0.00196265 0.0025118 0.0031553 0.00382403 0.00455883 0.00523099 0.00591742 0.00648219 0.0069687 0.00725691 0.00731158 0.00711596 0.00661483 0.00591178 0.00492706 0.00377509 0.00243059 0.00101342 -0.000373704 -0.00171401 -0.00288845 -0.00394189 -0.00473879 -0.0052942 -0.00562773 -0.00573594 -0.00570408 -0.00546421 -0.00513005 -0.00474213 -0.00430669 -0.00387939 -0.00342318 -0.00303867 -0.00269893 -0.00236267 -0.00209442 -0.00185996 -0.00167406 -0.00150706 -0.00135379 -0.00126726 -0.00117529 -0.00108387 -0.00103851 -0.000989493 -0.000933495 -0.00089157 -0.000861134 -0.000829532 -0.000790412 -0.000768798 -0.000763784 -0.000746812 -0.000719661 -0.000700345 -0.000690845 -0.000684936 -0.000671826 -0.000642639 -0.000636471 -0.000664403 -0.000649076 -0.00061252 -0.000629784 -0.000627204 -0.00059577 -0.000622628 
0 3.29093e-05 5.20548e-05 8.72041e-05 0.000123975 0.000147499 0.000181441 0.000209556 0.000243252 0.000298456 0.000307755 0.000319269 0.000404473 0.000446002 0.000458005 0.000531047 0.000568747 0.000598606 0.000680234 0.000729228 0.000790619 0.00088093 0.000959018 0.00106165 0.00115123 0.00127376 0.00144362 0.00158147 0.00179707 0.00207741 0.00236225 0.00273587 0.00317518 0.00371048 0.0043166 0.00497336 0.00577153 0.00660365 0.0074439 0.00828439 0.00905228 0.00971581 0.0101063 0.010208 0.00997882 0.00932004 0.00821648 0.00661054 0.00462816 0.00231706 -0.000249091 -0.0029413 -0.00564446 -0.00812655 -0.0103123 -0.0120842 -0.0134101 -0.0142394 -0.0145199 -0.0143199 -0.0136733 -0.0127427 -0.0115805 -0.0102976 -0.00893934 -0.0075732 -0.00628337 -0.00509928 -0.00409767 -0.00324053 -0.00256352 -0.00199801 -0.00156056 -0.00120163 -0.000927819 -0.000718835 -0.000562253 -0.000460196 -0.000380386 -0.000342993 -0.00030422 -0.000297928 -0.000276968 -0.000282199 -0.00026822 -0.000276187 -0.000265501 -0.000272992 -0.00026466 -0.000270712 -0.00026447 -0.000268936 -0.000264542 -0.00026758 -0.000264709 -0.000266608 -0.000264881 -0.000265986 -0.000265002 -0.000265683 -0.000265046 -0.000265683 -0.000265002 -0.000265986 -0.00026488 -0.000266608 -0.000264709 -0.000267579 -0.000264539 -0.000268929 -0.00026445 -0.000270658 -0.000264518 -0.000272635 -0.000264638 -0.000274179 -0.000263729 -0.000272551 -0.00025708 -0.000258619 -0.000229774 -0.00020798 -0.000145995 -7.06515e-05 5.79016e-05 0.000228301 0.000463468 0.000771705 0.00115584 0.00165256 0.00225296 0.00302259 0.0039375 0.00505218 0.00630002 0.00767447 0.00908186 0.010472 0.011785 0.0129349 0.0138664 0.0144192 0.0145368 0.0141035 0.013156 0.0117039 0.00978775 0.00747847 0.00483057 0.00205773 -0.000720814 -0.00332584 -0.00569416 -0.00773912 -0.00932796 -0.0104615 -0.0111094 -0.0113873 -0.0113007 -0.0108782 -0.0102504 -0.00946768 -0.00864847 -0.00776736 -0.00688937 -0.00611756 -0.00539518 -0.00476369 -0.00419984 -0.00373609 -0.00337993 -0.00302536 -0.00275965 -0.00255995 -0.00235689 -0.00220451 -0.00206527 -0.00196296 -0.00187663 -0.00177099 -0.0017294 -0.00167404 -0.0015931 -0.00157527 -0.00152044 -0.00145003 -0.00144796 -0.00142255 -0.00137505 -0.00135517 -0.00133938 -0.00133256 -0.0013089 -0.00126751 -0.0012644 -0.00126854 -0.00124924 -0.0012491 -0.00125523 -0.00123116 
0 4.91842e-05 8.72041e-05 0.000131616 0.000180153 0.000224244 0.000271451 0.000317076 0.000367097 0.000427042 0.000473212 0.000521287 0.000592518 0.000648828 0.000701487 0.000783124 0.000854759 0.00092458 0.00102068 0.00110784 0.00120197 0.00132164 0.00144262 0.00158586 0.00174979 0.00193817 0.00217491 0.00243077 0.00274718 0.00315087 0.00360169 0.00415709 0.0048323 0.00561736 0.00653368 0.00755244 0.00870758 0.00994653 0.0111828 0.0124113 0.0135211 0.014424 0.0149852 0.0150875 0.0146997 0.0136822 0.0120043 0.00965353 0.00670186 0.00329501 -0.000497252 -0.00445565 -0.00840101 -0.0120745 -0.0152829 -0.0179295 -0.0198753 -0.0211093 -0.0215437 -0.021266 -0.0203635 -0.0189877 -0.0173031 -0.015385 -0.0133926 -0.0113619 -0.00945413 -0.00769886 -0.00618815 -0.00491628 -0.00386964 -0.00303717 -0.00234926 -0.00182986 -0.00139544 -0.00109633 -0.000847363 -0.00069913 -0.000576298 -0.000515541 -0.000465287 -0.000443321 -0.000428663 -0.000418023 -0.000419574 -0.000409101 -0.000418433 -0.000405275 -0.000418821 -0.000403147 -0.000419124 -0.000401798 -0.000419125 -0.000400935 -0.000418927 -0.000400408 -0.000418672 -0.000400114 -0.000418472 -0.000399984 -0.000418398 -0.000399984 -0.000418472 -0.000400114 -0.000418672 -0.000400408 -0.000418927 -0.000400933 -0.000419121 -0.000401784 -0.000419086 -0.000403045 -0.000418559 -0.000404628 -0.000416895 -0.00040558 -0.000411824 -0.000401631 -0.000395378 -0.000378472 -0.000344146 -0.000298654 -0.000204212 -8.73104e-05 0.000117675 0.000366304 0.000740476 0.00118716 0.00179312 0.00252113 0.00345471 0.0045921 0.00598022 0.00762504 0.00947552 0.0115054 0.0135713 0.0156401 0.0175516 0.019256 0.0205767 0.0213787 0.021518 0.0208783 0.0194888 0.0173286 0.0145171 0.0110938 0.00723739 0.00315996 -0.000924509 -0.00477447 -0.008293 -0.0112911 -0.0136791 -0.0153819 -0.0164037 -0.0168517 -0.0167391 -0.016185 -0.0152849 -0.0141678 -0.0129566 -0.0116668 -0.0104133 -0.00924383 -0.00817564 -0.00723442 -0.00639188 -0.00569479 -0.00511145 -0.00459759 -0.00419067 -0.00385114 -0.00356536 -0.00333292 -0.00312779 -0.00296965 -0.00282786 -0.00269279 -0.00259739 -0.00250087 -0.00240799 -0.00234849 -0.00228086 -0.00221441 -0.00217288 -0.00212623 -0.00207965 -0.00204312 -0.00200683 -0.00198231 -0.00195818 -0.00192583 -0.00191307 -0.00190559 -0.00187856 -0.00186286 -0.00186446 -0.0018556 
0 5.53924e-05 0.000123975 0.000180153 0.000235536 0.000300587 0.000361075 0.000435741 0.000497921 0.000537762 0.000640516 0.000743093 0.000767958 0.000851637 0.000970377 0.00103073 0.00114287 0.00126401 0.0013493 0.00149687 0.00162994 0.00176308 0.00195412 0.00212819 0.00236556 0.00263943 0.00291805 0.00331931 0.00375011 0.00425868 0.00492033 0.00565549 0.00657037 0.00762386 0.00882293 0.0102255 0.0117015 0.0133064 0.014935 0.0164804 0.0179014 0.0189713 0.0196451 0.0197292 0.0191038 0.0177236 0.0154471 0.0123791 0.00851495 0.00403463 -0.000877382 -0.00604034 -0.0111065 -0.0158929 -0.020071 -0.0235196 -0.0260815 -0.0276635 -0.0282917 -0.0279474 -0.0268481 -0.0250812 -0.0228996 -0.0204143 -0.0177909 -0.0151713 -0.0126431 -0.0103684 -0.00833865 -0.00666094 -0.00524075 -0.00411997 -0.00319719 -0.00248081 -0.00191637 -0.0014836 -0.00117598 -0.000939175 -0.000801797 -0.000684575 -0.000641568 -0.000584868 -0.000583284 -0.000552579 -0.000564189 -0.00054435 -0.000557341 -0.000543264 -0.000553715 -0.000543911 -0.000550975 -0.000544804 -0.000548706 -0.000545573 -0.000546901 -0.000546141 -0.000545596 -0.000546505 -0.00054481 -0.000546681 -0.000544547 -0.000546681 -0.00054481 -0.000546505 -0.000545596 -0.000546141 -0.0005469 -0.00054557 -0.000548697 -0.000544778 -0.000550907 -0.000543732 -0.000553265 -0.000542174 -0.000554797 -0.000538638 -0.000551853 -0.000526972 -0.000532229 -0.000487148 -0.000462098 -0.000368392 -0.000267414 -7.22924e-05 0.000175338 0.000544555 0.00102303 0.0016489 0.00245325 0.0034449 0.00470869 0.00622371 0.00809377 0.0102363 0.012694 0.015311 0.0180372 0.020712 0.0232094 0.0253998 0.0270567 0.0280656 0.0281724 0.0273559 0.0255074 0.0227058 0.0190223 0.0145679 0.00960795 0.00431208 -0.000951211 -0.00600465 -0.0105781 -0.0144903 -0.0176528 -0.019917 -0.0213797 -0.0220072 -0.0219447 -0.0213186 -0.0202087 -0.0188419 -0.0172483 -0.0156151 -0.014011 -0.012446 -0.011058 -0.00977884 -0.00868025 -0.00774066 -0.00689932 -0.00625318 -0.0056778 -0.00519115 -0.00482702 -0.00448256 -0.00422588 -0.00399568 -0.00377979 -0.00364262 -0.00347217 -0.00333561 -0.00325364 -0.0031201 -0.00304567 -0.00300201 -0.00289176 -0.00282594 -0.00279469 -0.00273733 -0.00268785 -0.0026333 -0.00260383 -0.002606 -0.0025626 -0.00251818 -0.00252302 -0.00250197 -0.00246655 -0.00248463 
0 6.8411e-05 0.000147499 0.000224244 0.000300587 0.000384854 0.000456256 0.000530736 0.000631987 0.000714835 0.000786599 0.000886008 0.000984154 0.00109837 0.00122211 0.00130865 0.0014317 0.00158781 0.00170716 0.00186552 0.00206313 0.00224945 0.0024691 0.00272351 0.00301786 0.00334887 0.00373004 0.00422973 0.00479967 0.00546092 0.00630026 0.0072795 0.00841881 0.00973837 0.0112541 0.0129665 0.0147794 0.0166976 0.0186535 0.020498 0.022113 0.0233251 0.0240249 0.0240199 0.0231389 0.0213172 0.0184847 0.0146907 0.00997593 0.00450876 -0.00145846 -0.00766711 -0.0137804 -0.0195364 -0.0246175 -0.0288005 -0.0319145 -0.0338572 -0.0346484 -0.0343195 -0.0330435 -0.0309734 -0.0283413 -0.0253398 -0.0221541 -0.0189652 -0.0158934 -0.0130879 -0.010592 -0.00847563 -0.00670269 -0.00526653 -0.00410711 -0.00318844 -0.00247443 -0.00192202 -0.00152143 -0.00122169 -0.0010278 -0.000885036 -0.000807868 -0.000747255 -0.000723554 -0.00069898 -0.000694398 -0.00068393 -0.000683989 -0.000679303 -0.000679252 -0.00067761 -0.000676349 -0.00067677 -0.000674302 -0.000676255 -0.000672851 -0.00067592 -0.000671884 -0.000675715 -0.000671332 -0.000675617 -0.000671153 -0.000675617 -0.000671332 -0.000675715 -0.000671883 -0.000675919 -0.000672849 -0.000676249 -0.000674286 -0.000676725 -0.000676229 -0.000677306 -0.000678503 -0.000677527 -0.000679931 -0.000675006 -0.00067552 -0.000660587 -0.00064853 -0.000606451 -0.000554141 -0.000446049 -0.000298303 -5.63474e-05 0.000270835 0.000737931 0.00134704 0.00214675 0.00316173 0.00443619 0.00602419 0.00795141 0.0102669 0.0129302 0.0159256 0.0191255 0.0224368 0.0256839 0.0287067 0.0313058 0.0332562 0.0343743 0.0344524 0.0334083 0.0311528 0.0277355 0.0232474 0.0178772 0.0118956 0.00555537 -0.000806659 -0.00692234 -0.0124751 -0.0172499 -0.0211217 -0.0239962 -0.0258868 -0.026786 -0.0268391 -0.0262028 -0.0250093 -0.0234214 -0.0215546 -0.0196097 -0.0176708 -0.0157769 -0.0140268 -0.012448 -0.0110781 -0.00986916 -0.00881962 -0.0079784 -0.00725243 -0.00662922 -0.00612418 -0.00570106 -0.00534812 -0.00502804 -0.00477767 -0.00458174 -0.00436987 -0.00421334 -0.00409513 -0.00394633 -0.00382563 -0.00373121 -0.00364056 -0.00356742 -0.00348856 -0.00342223 -0.00337942 -0.00333283 -0.00328365 -0.0032296 -0.003192 -0.00317935 -0.00315345 -0.00313895 -0.00313809 -0.00310278 
0 9.54973e-05 0.000181441 0.000271451 0.000361075 0.000456256 0.000558077 0.000644555 0.000747467 0.000872685 0.000965005 0.00106667 0.00120757 0.0013228 0.00144583 0.00160121 0.00174309 0.00191563 0.00209941 0.00226885 0.00250556 0.00274826 0.00299143 0.00333506 0.00369742 0.00410392 0.00462795 0.00521859 0.00593752 0.00677996 0.00777787 0.00900742 0.0103751 0.0119681 0.0138102 0.0157981 0.0179488 0.020147 0.0223579 0.0244352 0.0261417 0.0274229 0.0280449 0.0278563 0.0266768 0.0243715 0.0210069 0.01651 0.0110215 0.00468419 -0.00222288 -0.00932172 -0.0163698 -0.022959 -0.0288488 -0.0336946 -0.0373107 -0.0396234 -0.0405805 -0.0403343 -0.0389286 -0.0366369 -0.0336193 -0.0301618 -0.0264805 -0.0227548 -0.0191967 -0.015865 -0.0129335 -0.0103608 -0.00823878 -0.00646804 -0.00506235 -0.00393584 -0.00305647 -0.00239207 -0.00187774 -0.00153012 -0.00125677 -0.00110667 -0.000974417 -0.00092803 -0.000866036 -0.000862825 -0.000831467 -0.000840751 -0.000822732 -0.000832292 -0.000821462 -0.00082763 -0.000821888 -0.000824187 -0.000822496 -0.000821464 -0.000822962 -0.000819413 -0.000823256 -0.000818043 -0.000823412 -0.00081736 -0.00082346 -0.00081736 -0.000823412 -0.000818043 -0.000823256 -0.000819411 -0.000822958 -0.000821453 -0.000822467 -0.000824109 -0.000821686 -0.000827125 -0.000820245 -0.000829467 -0.000816414 -0.000827149 -0.000803301 -0.000806743 -0.000758718 -0.000730717 -0.00062589 -0.000515073 -0.000291131 -1.25192e-05 0.00042307 0.000981952 0.00174543 0.00272177 0.00396362 0.00553514 0.00744956 0.00980346 0.0125373 0.015715 0.0191862 0.0229336 0.0267495 0.0305065 0.0339724 0.036895 0.0390738 0.0402224 0.0402535 0.0389541 0.0363352 0.0323566 0.0271639 0.0210081 0.0141263 0.00690397 -0.000434131 -0.00746855 -0.0139117 -0.019496 -0.0240397 -0.0275421 -0.0298697 -0.0311185 -0.031363 -0.0307873 -0.0295994 -0.027856 -0.0258186 -0.023617 -0.0213857 -0.0192258 -0.0171374 -0.0152857 -0.0136294 -0.0121425 -0.0108885 -0.00979977 -0.00890532 -0.00814018 -0.00747623 -0.00697653 -0.00652045 -0.0061249 -0.00583206 -0.00554519 -0.00530502 -0.00510744 -0.00491551 -0.0047745 -0.00463157 -0.00449292 -0.00440821 -0.0043073 -0.0042042 -0.00413755 -0.00406137 -0.00400144 -0.00395691 -0.00389057 -0.00386303 -0.00385053 -0.00378579 -0.00375748 -0.00377328 -0.00374012 
0 0.000113889 0.000209556 0.000317076 0.000435741 0.000530736 0.000644555 0.000786225 0.00088229 0.000986803 0.00115058 0.00128677 0.00140812 0.00155633 0.00170563 0.00188843 0.00207556 0.00224815 0.0024768 0.00271635 0.0029591 0.00326205 0.00358905 0.00397051 0.00442407 0.00493668 0.00556551 0.00629815 0.0071623 0.00820417 0.00941707 0.0108529 0.0124996 0.0143694 0.0164808 0.0187559 0.0211637 0.0236149 0.0260062 0.0281923 0.029961 0.0311836 0.0316594 0.0312024 0.0296465 0.0268844 0.0229403 0.0178064 0.011599 0.00450228 -0.003176 -0.0110662 -0.0188594 -0.0261826 -0.0327271 -0.0381455 -0.042224 -0.0448607 -0.0460436 -0.0458752 -0.0444451 -0.0419779 -0.0386782 -0.0348468 -0.0307303 -0.0265605 -0.022528 -0.0187509 -0.0153607 -0.0123808 -0.00987312 -0.00778233 -0.00610541 -0.00475922 -0.00371317 -0.00290488 -0.00229575 -0.00185432 -0.0015327 -0.00132397 -0.00117285 -0.00109247 -0.00102727 -0.00100564 -0.000976663 -0.000976727 -0.000961049 -0.00096706 -0.000956354 -0.000962884 -0.000954689 -0.00096025 -0.000953875 -0.000958258 -0.000953371 -0.00095676 -0.000953045 -0.000955754 -0.000952857 -0.000955249 -0.000952796 -0.000955248 -0.000952857 -0.000955754 -0.000953044 -0.000956758 -0.000953364 -0.000958239 -0.000953824 -0.000960117 -0.000954353 -0.000962062 -0.000954415 -0.000962654 -0.000951404 -0.000956407 -0.000935475 -0.000925365 -0.000876864 -0.000821628 -0.000704024 -0.000543455 -0.000281621 7.95705e-05 0.000593882 0.00128134 0.00218735 0.00336197 0.00484437 0.00671332 0.008988 0.0117371 0.0149217 0.0185467 0.0225014 0.0267068 0.0309913 0.0351651 0.0389862 0.0421625 0.0444583 0.0456161 0.0455078 0.0439747 0.0409751 0.03651 0.0307223 0.023885 0.0162865 0.00828607 0.000178607 -0.0076447 -0.0148456 -0.0211432 -0.0263548 -0.0304183 -0.0332459 -0.0348844 -0.0354207 -0.0350312 -0.0338981 -0.0321546 -0.030018 -0.0276423 -0.0251881 -0.0227574 -0.0204162 -0.018269 -0.0163163 -0.0145877 -0.0130833 -0.0117754 -0.0106822 -0.0097456 -0.00895974 -0.00830932 -0.00774808 -0.00729502 -0.0068951 -0.00654774 -0.00627835 -0.00601663 -0.00578968 -0.00561189 -0.00544511 -0.00530809 -0.00516374 -0.0050307 -0.00495616 -0.0048625 -0.0047545 -0.00468733 -0.00463036 -0.00458444 -0.00453541 -0.00447618 -0.00445401 -0.00442587 -0.00438263 -0.00439212 
0 0.000110696 0.000243252 0.000367097 0.000497921 0.000631987 0.000747467 0.00088229 0.00102995 0.00116744 0.00131389 0.00146127 0.00162913 0.00182081 0.00199306 0.00218544 0.00240058 0.00260746 0.00287234 0.00316329 0.00344651 0.00381538 0.00423176 0.00466776 0.00520957 0.00584575 0.0065856 0.00746744 0.00850725 0.0097609 0.0112054 0.0128615 0.0147922 0.0169367 0.019286 0.0218138 0.0244319 0.0270686 0.0295529 0.0317495 0.0334938 0.0345583 0.0347912 0.0339818 0.0320019 0.0287744 0.0242542 0.018532 0.0116888 0.00396835 -0.00432871 -0.0128636 -0.0212448 -0.0291623 -0.0362169 -0.0421149 -0.0465996 -0.0495497 -0.0509827 -0.0509252 -0.0495441 -0.0469717 -0.0434939 -0.0393726 -0.0349074 -0.0303586 -0.0258998 -0.0217211 -0.0178858 -0.0145214 -0.0116145 -0.00920844 -0.0072358 -0.00566657 -0.0044335 -0.00347458 -0.00275904 -0.00221304 -0.00183962 -0.0015578 -0.00139142 -0.0012608 -0.00120167 -0.00114525 -0.00113125 -0.00110643 -0.00110674 -0.00109477 -0.00109729 -0.00109135 -0.00109242 -0.00109017 -0.00108919 -0.00108964 -0.00108687 -0.00108934 -0.0010853 -0.00108916 -0.00108438 -0.00108908 -0.00108407 -0.00108908 -0.00108438 -0.00108916 -0.00108529 -0.00108934 -0.00108686 -0.00108961 -0.0010891 -0.00108995 -0.00109187 -0.00109003 -0.00109426 -0.00108803 -0.00109229 -0.00107661 -0.00107208 -0.00103234 -0.000994534 -0.000895419 -0.000771496 -0.000545304 -0.000245522 0.000211323 0.000812237 0.00163773 0.00270363 0.00408327 0.00583115 0.00799807 0.0106528 0.0137812 0.0174136 0.0214482 0.0258514 0.0304544 0.0351309 0.039635 0.0437023 0.0470467 0.0493664 0.0504814 0.0501813 0.0483988 0.0450351 0.0401472 0.0338865 0.0265013 0.0183479 0.00972192 0.00102028 -0.00742496 -0.0152502 -0.0221661 -0.0280031 -0.0325994 -0.0359444 -0.0380292 -0.0389487 -0.038851 -0.0378702 -0.0362384 -0.0341073 -0.03165 -0.0290381 -0.0263861 -0.0238357 -0.0214134 -0.019176 -0.0172013 -0.0154472 -0.0139173 -0.0126029 -0.0114862 -0.0105572 -0.00973736 -0.00905509 -0.00851388 -0.00801487 -0.00759923 -0.00727389 -0.0069698 -0.00671194 -0.00648586 -0.00627638 -0.00610523 -0.00594533 -0.00580987 -0.0056909 -0.00556673 -0.00549108 -0.00542061 -0.00531577 -0.00525479 -0.00519984 -0.00513012 -0.00512407 -0.00510557 -0.00504593 -0.00504122 
0 0.00012736 0.000298456 0.000427042 0.000537762 0.000714835 0.000872685 0.000986803 0.00116744 0.00135667 0.00148829 0.00166784 0.00187754 0.00205344 0.00226843 0.00250575 0.00273581 0.00301498 0.00331109 0.00362258 0.00398952 0.0043993 0.00488422 0.00543234 0.00606113 0.00684737 0.00773631 0.00876357 0.0100214 0.0114703 0.0131371 0.0150505 0.0172239 0.0196451 0.0222191 0.0249481 0.0277558 0.0304727 0.032973 0.0350872 0.0366692 0.0374944 0.0373534 0.03613 0.0336872 0.0299653 0.0249276 0.0186519 0.0113073 0.00309838 -0.00566523 -0.0146634 -0.0235083 -0.0318378 -0.0392987 -0.0455663 -0.0504126 -0.0536824 -0.0553638 -0.0554905 -0.0541876 -0.0516226 -0.0480397 -0.0437356 -0.0390046 -0.0341306 -0.0293157 -0.024742 -0.0205177 -0.0167481 -0.0134745 -0.0107211 -0.00845989 -0.00664389 -0.00521327 -0.00409961 -0.00325486 -0.00261804 -0.00216098 -0.00183122 -0.00161363 -0.00146343 -0.00137553 -0.00131539 -0.00128616 -0.00126391 -0.00125632 -0.00124771 -0.00124635 -0.00124233 -0.00124211 -0.00123989 -0.0012395 -0.00123831 -0.00123759 -0.00123716 -0.00123622 -0.00123637 -0.00123538 -0.00123598 -0.0012351 -0.00123598 -0.00123538 -0.00123637 -0.00123622 -0.00123715 -0.00123757 -0.00123825 -0.00123936 -0.00123953 -0.00124123 -0.00124027 -0.00124169 -0.00123756 -0.00123502 -0.00122089 -0.00120257 -0.00115916 -0.00109476 -0.0009781 -0.000806155 -0.000536745 -0.000157889 0.000381123 0.00110341 0.00206843 0.00331798 0.0049226 0.00694196 0.00943695 0.0124485 0.0159776 0.0200025 0.0244439 0.0292176 0.0341726 0.0391429 0.0438728 0.0480866 0.0514731 0.0537631 0.0547414 0.0542418 0.0521734 0.0484837 0.043251 0.0366231 0.0288685 0.0202904 0.0112381 0.00209076 -0.0068069 -0.0151113 -0.022573 -0.028947 -0.0340872 -0.0379399 -0.040517 -0.0419042 -0.0421608 -0.0414665 -0.0400203 -0.0380018 -0.0355771 -0.0328737 -0.0301064 -0.0273769 -0.0247302 -0.0222587 -0.020004 -0.0180133 -0.0162366 -0.0146707 -0.0133719 -0.0122473 -0.0112785 -0.01048 -0.00980058 -0.00923343 -0.00873344 -0.00830768 -0.00796671 -0.00763986 -0.00736994 -0.00715429 -0.00692431 -0.00675357 -0.00661991 -0.00644381 -0.006313 -0.00622987 -0.00611238 -0.00601248 -0.00595928 -0.00589996 -0.00583487 -0.00578365 -0.00574381 -0.00571757 -0.00570222 
0 0.000169847 0.000307755 0.000473212 0.000640516 0.000786599 0.000965005 0.00115058 0.00131389 0.00148829 0.00168804 0.00190912 0.00211499 0.00231423 0.00256751 0.00283574 0.00310614 0.00342327 0.0037562 0.00413213 0.00457243 0.00504703 0.00561368 0.0062695 0.00702222 0.00793925 0.00898495 0.0102124 0.011678 0.0133459 0.0152649 0.0174316 0.0198497 0.0224964 0.0252631 0.028148 0.0310384 0.0337579 0.0361772 0.0381153 0.0394391 0.0399108 0.0393377 0.0376399 0.0346996 0.0304809 0.0249448 0.0182001 0.0104485 0.00188531 -0.00719424 -0.0165011 -0.0256362 -0.0342318 -0.0419551 -0.0484941 -0.0536409 -0.0572053 -0.0591524 -0.0594916 -0.0583367 -0.055859 -0.0522777 -0.0478966 -0.0429938 -0.0378783 -0.0327621 -0.0278466 -0.0232603 -0.0191124 -0.0154768 -0.0123751 -0.00981365 -0.00773212 -0.00608985 -0.00479878 -0.00381537 -0.00306688 -0.00252046 -0.00212515 -0.00185247 -0.00166964 -0.0015502 -0.00147858 -0.00143179 -0.00140912 -0.00139087 -0.00138629 -0.00137742 -0.00137856 -0.00137241 -0.00137517 -0.00136992 -0.0013731 -0.00136835 -0.00137167 -0.00136732 -0.00137072 -0.00136673 -0.00137025 -0.00136653 -0.00137025 -0.00136673 -0.00137072 -0.00136732 -0.00137165 -0.00136832 -0.00137301 -0.00136968 -0.00137459 -0.00137103 -0.00137539 -0.00137038 -0.00137128 -0.00136 -0.00134804 -0.00131552 -0.0012657 -0.00117527 -0.00103416 -0.000815043 -0.000491504 -3.38826e-05 0.000601648 0.00144787 0.00257034 0.00401203 0.00586034 0.00816195 0.0109925 0.0143615 0.0182751 0.0226757 0.0274841 0.03259 0.0378289 0.043016 0.0478711 0.0521261 0.0554611 0.0576351 0.0584252 0.0576794 0.0553189 0.0513209 0.045806 0.038918 0.0309206 0.0220851 0.0127661 0.0033498 -0.00583981 -0.0144797 -0.0223513 -0.0291868 -0.0348189 -0.0391869 -0.0422843 -0.0441868 -0.0449079 -0.044606 -0.0434721 -0.0416682 -0.0393725 -0.0367001 -0.0338716 -0.0310147 -0.0281862 -0.025505 -0.0230064 -0.0207563 -0.0187465 -0.0169517 -0.0154263 -0.014103 -0.0129655 -0.0120171 -0.011191 -0.010508 -0.0099285 -0.00941706 -0.009001 -0.00862662 -0.00830594 -0.00805258 -0.00780264 -0.00757882 -0.00739755 -0.0072409 -0.00710375 -0.00695263 -0.0068313 -0.00676262 -0.00666911 -0.00658351 -0.00653818 -0.00646895 -0.00641675 -0.00640519 -0.00637254 
0 0.000189176 0.000319269 0.000521287 0.000743093 0.000886008 0.00106667 0.00128677 0.00146127 0.00166784 0.00190912 0.0021121 0.00234634 0.00263159 0.00289573 0.00317459 0.00350319 0.00385022 0.00423916 0.00468901 0.00519206 0.00576779 0.0064246 0.00719714 0.00810653 0.00914236 0.010378 0.0118351 0.0134918 0.0154115 0.0175825 0.0199945 0.0226474 0.0254582 0.0283993 0.0313695 0.034237 0.0368853 0.0391084 0.0407859 0.0417333 0.041744 0.0406989 0.0384632 0.0350195 0.0303009 0.0243166 0.0172137 0.00914781 0.000381775 -0.00888436 -0.0183302 -0.0275914 -0.0363234 -0.0441715 -0.0509157 -0.0562858 -0.0601357 -0.0623511 -0.0629357 -0.0620001 -0.059673 -0.0562096 -0.0518298 -0.046865 -0.0415705 -0.0362194 -0.0310074 -0.0260866 -0.0215962 -0.0175942 -0.0141646 -0.0112746 -0.0089338 -0.00704662 -0.00557797 -0.00443213 -0.00356755 -0.0029205 -0.00244955 -0.00212142 -0.00189067 -0.0017482 -0.00164664 -0.00159708 -0.00155412 -0.00154344 -0.00152279 -0.00152557 -0.0015124 -0.00151893 -0.00150838 -0.00151556 -0.00150632 -0.00151336 -0.00150507 -0.00151185 -0.00150431 -0.00151095 -0.00150394 -0.00151065 -0.00150394 -0.00151095 -0.0015043 -0.00151184 -0.00150505 -0.0015133 -0.00150617 -0.00151519 -0.00150747 -0.0015168 -0.00150759 -0.00151513 -0.00150093 -0.0014994 -0.00146874 -0.0014378 -0.00136078 -0.00125452 -0.00106972 -0.000805367 -0.000412164 0.000132781 0.000875382 0.00186689 0.0031532 0.00482048 0.00691288 0.00953046 0.012682 0.0164222 0.020686 0.0254453 0.0305735 0.0359569 0.041415 0.0467155 0.0516102 0.0557785 0.0589846 0.0609438 0.0614978 0.0604701 0.0578113 0.0535536 0.0478041 0.0407772 0.0326471 0.0237256 0.0143081 0.00477948 -0.00453636 -0.0133971 -0.0215292 -0.0287452 -0.0348177 -0.0396863 -0.0433371 -0.045763 -0.0470412 -0.0472258 -0.0465078 -0.0450333 -0.0429448 -0.0404381 -0.0376315 -0.0347058 -0.0317701 -0.0289055 -0.0262142 -0.0237067 -0.0214516 -0.0194553 -0.0176694 -0.0161324 -0.0148152 -0.0136773 -0.0127091 -0.0118815 -0.0111965 -0.0106101 -0.0100943 -0.00968059 -0.00931011 -0.0089609 -0.00869745 -0.0084628 -0.00821548 -0.00803517 -0.0078891 -0.00772381 -0.00760991 -0.00751345 -0.00737218 -0.007283 -0.00724631 -0.00717419 -0.00712639 -0.00711143 -0.00705597 
0 0.000191355 0.000404473 0.000592518 0.000767958 0.000984154 0.00120757 0.00140812 0.00162913 0.00187754 0.00211499 0.00234634 0.0026169 0.00292555 0.00322551 0.00354532 0.00393194 0.00434274 0.00477815 0.00529289 0.00588129 0.00654097 0.00731434 0.00823701 0.00929796 0.0105132 0.011962 0.0136348 0.0155155 0.0176657 0.0200796 0.0227259 0.0255538 0.028519 0.0315724 0.0345464 0.037325 0.0397806 0.0417309 0.0430313 0.0434831 0.0429711 0.0413753 0.0385951 0.0346286 0.0294327 0.0230928 0.0157145 0.00747866 -0.00138314 -0.0106859 -0.0201088 -0.0293607 -0.0380782 -0.0459763 -0.0528266 -0.0583778 -0.062481 -0.0649627 -0.0658421 -0.0651623 -0.0630842 -0.0598031 -0.0555346 -0.0505837 -0.0451905 -0.0396695 -0.0341983 -0.0289964 -0.0241699 -0.0198398 -0.0160658 -0.0128626 -0.0102346 -0.00810007 -0.00643204 -0.00511277 -0.00412422 -0.00336002 -0.00281749 -0.00241283 -0.00214626 -0.00195749 -0.00184295 -0.0017678 -0.00172348 -0.00169951 -0.0016812 -0.00167743 -0.00166626 -0.0016701 -0.00165986 -0.00166688 -0.00165619 -0.00166486 -0.00165374 -0.00166345 -0.00165216 -0.00166259 -0.00165139 -0.0016623 -0.00165139 -0.00166259 -0.00165216 -0.00166344 -0.0016537 -0.00166477 -0.00165594 -0.00166628 -0.00165844 -0.00166686 -0.00165909 -0.00166216 -0.00164987 -0.00163764 -0.00160589 -0.00155273 -0.00146441 -0.0013161 -0.00109905 -0.000762988 -0.00030417 0.00035214 0.00120894 0.00236587 0.00383746 0.00574351 0.00811036 0.0110397 0.0145344 0.0186142 0.0232281 0.0282915 0.0337094 0.0392983 0.0449012 0.0502262 0.055047 0.0590454 0.0620066 0.0636956 0.0639352 0.0626142 0.0596609 0.0551836 0.0492826 0.0421865 0.0340674 0.0251857 0.0158505 0.00636057 -0.00295219 -0.0118884 -0.0201847 -0.027655 -0.0341254 -0.0394682 -0.0436611 -0.0466479 -0.0484992 -0.0492687 -0.0490492 -0.047993 -0.0462333 -0.0439727 -0.0413209 -0.0384151 -0.0354349 -0.0324707 -0.0296049 -0.026881 -0.0243803 -0.0221462 -0.0201232 -0.018342 -0.0168215 -0.0155067 -0.0143674 -0.0133997 -0.0125918 -0.0118865 -0.0112726 -0.010777 -0.0103428 -0.00994344 -0.00962304 -0.00936232 -0.00910885 -0.00887292 -0.00869097 -0.00853393 -0.00836641 -0.0082335 -0.00814582 -0.00805065 -0.00795742 -0.00789331 -0.00783642 -0.00778813 -0.00776869 
0 0.000204823 0.000446002 0.000648828 0.000851637 0.00109837 0.0013228 0.00155633 0.00182081 0.00205344 0.00231423 0.00263159 0.00292555 0.00322882 0.00357971 0.00396029 0.00439163 0.00485346 0.00536125 0.00597151 0.0066521 0.00742128 0.00833944 0.00940026 0.0106259 0.0120522 0.0137077 0.01561 0.0177391 0.0201258 0.0227803 0.0256166 0.0285858 0.0316544 0.0347106 0.0376036 0.0401899 0.0423535 0.0439441 0.0447567 0.0446604 0.0435693 0.041391 0.0380682 0.033569 0.0279566 0.0213191 0.0137627 0.00546721 -0.00339341 -0.0125793 -0.0218537 -0.0309379 -0.0395263 -0.0473791 -0.0542399 -0.0599252 -0.0642185 -0.0669834 -0.0681713 -0.0678134 -0.0660574 -0.063036 -0.0589866 -0.0541221 -0.0487389 -0.0430982 -0.0374455 -0.0319918 -0.0268705 -0.0222298 -0.0181144 -0.0146041 -0.0116598 -0.00927841 -0.0073685 -0.00587918 -0.00472645 -0.00385143 -0.00320531 -0.00272914 -0.00240474 -0.00217092 -0.00203218 -0.00192836 -0.00188158 -0.00183691 -0.00182802 -0.00180624 -0.00181004 -0.00179632 -0.00180328 -0.00179267 -0.00179986 -0.00179091 -0.00179769 -0.00178991 -0.0017963 -0.00178935 -0.00179561 -0.00178917 -0.00179561 -0.00178935 -0.00179629 -0.00178988 -0.00179763 -0.00179076 -0.00179948 -0.00179174 -0.00180112 -0.00179147 -0.00179951 -0.00178426 -0.00178379 -0.00175126 -0.00172193 -0.00164195 -0.00153756 -0.0013481 -0.00108475 -0.000683593 -0.000135994 0.000621075 0.00162383 0.00293605 0.0046303 0.00676758 0.00943966 0.0126696 0.0165127 0.0209117 0.0258467 0.0311867 0.0368311 0.0425842 0.0482352 0.0535241 0.0581647 0.0619262 0.0645588 0.0659107 0.0657962 0.0641445 0.0609317 0.0562533 0.0502779 0.0431701 0.0351575 0.0264427 0.0173138 0.0080249 -0.00117351 -0.0100405 -0.0183822 -0.0259951 -0.0327584 -0.0385388 -0.043231 -0.0467994 -0.0492535 -0.0506586 -0.0510454 -0.0504987 -0.0491884 -0.0472662 -0.0448589 -0.0420886 -0.0391218 -0.0361152 -0.0331278 -0.0302306 -0.027528 -0.0250514 -0.0228054 -0.0207978 -0.0190356 -0.0175181 -0.0161914 -0.0150471 -0.0140936 -0.0132649 -0.0125509 -0.0119547 -0.011441 -0.011013 -0.0106257 -0.0102713 -0.0100086 -0.00977029 -0.0095253 -0.00933949 -0.00917474 -0.00902161 -0.00891912 -0.00880739 -0.0086923 -0.00863234 -0.00857267 -0.0085066 -0.00849244 
0 0.000228248 0.000458005 0.000701487 0.000970377 0.00122211 0.00144583 0.00170563 0.00199306 0.00226843 0.00256751 0.00289573 0.00322551 0.00357971 0.00398392 0.00442262 0.00487981 0.00540532 0.00603322 0.00671925 0.00749958 0.00843174 0.00948828 0.0107084 0.0121368 0.0137735 0.0156572 0.0177848 0.0201599 0.0227925 0.025627 0.0286198 0.0316997 0.0347824 0.0377653 0.0404731 0.0427797 0.0445665 0.0456671 0.0459234 0.0452156 0.0435031 0.0407345 0.0368532 0.0318831 0.0259144 0.0190659 0.0114422 0.0031759 -0.00554541 -0.0145091 -0.0235025 -0.0323041 -0.0406798 -0.0483911 -0.0552175 -0.0609595 -0.065421 -0.0684545 -0.069972 -0.0699922 -0.0685985 -0.0659246 -0.0621458 -0.0574671 -0.0521562 -0.0464744 -0.0406968 -0.0350311 -0.0296626 -0.0247185 -0.0202973 -0.0164607 -0.0132175 -0.0105567 -0.00840863 -0.00672122 -0.00540088 -0.00440026 -0.00364082 -0.00309112 -0.00269255 -0.00242177 -0.00223755 -0.00212066 -0.00204759 -0.00200257 -0.00197846 -0.0019611 -0.00195554 -0.00194678 -0.00194766 -0.00194097 -0.00194421 -0.00193787 -0.00194221 -0.00193595 -0.00194098 -0.00193486 -0.00194037 -0.0019345 -0.00194037 -0.00193485 -0.00194097 -0.00193591 -0.00194212 -0.00193762 -0.00194361 -0.00193955 -0.00194441 -0.00193963 -0.00194033 -0.00192993 -0.00191694 -0.00188568 -0.00183382 -0.00174429 -0.00159939 -0.0013788 -0.00104727 -0.000580993 7.2681e-05 0.000943665 0.00210482 0.00360058 0.00552409 0.00792973 0.0109003 0.0144593 0.0186225 0.0233448 0.0285542 0.0341419 0.0399516 0.0457971 0.0514226 0.0565718 0.0609667 0.0643891 0.0666423 0.0675765 0.067074 0.0650746 0.0616145 0.056797 0.0507891 0.0437655 0.0359297 0.0275007 0.0186981 0.00972749 0.000785418 -0.00791688 -0.0161779 -0.0238477 -0.0308124 -0.0369457 -0.0421157 -0.0462372 -0.049318 -0.0513735 -0.0524094 -0.0524797 -0.0516965 -0.0502169 -0.0481492 -0.0456188 -0.0427913 -0.0397944 -0.0367557 -0.0337566 -0.0308736 -0.0281851 -0.0257083 -0.0234766 -0.021483 -0.0197147 -0.0181996 -0.0168787 -0.0157265 -0.014771 -0.013955 -0.0132382 -0.012628 -0.0121206 -0.0116841 -0.0112798 -0.0109408 -0.0106698 -0.0104083 -0.0101914 -0.0100314 -0.00985033 -0.00967735 -0.00957141 -0.0094817 -0.00938583 -0.00932282 -0.00927982 -0.00922697 
0 0.000260204 0.000531047 0.000783124 0.00103073 0.00130865 0.00160121 0.00188843 0.00218544 0.00250575 0.00283574 0.00317459 0.00354532 0.00396029 0.00442262 0.00491014 0.00543371 0.00606756 0.00678228 0.00754614 0.00846737 0.00955336 0.0107705 0.0121913 0.0138361 0.0157141 0.0178256 0.0201716 0.0227957 0.0256188 0.0285895 0.031698 0.0348131 0.0378415 0.0406479 0.0430815 0.0450347 0.0463283 0.0468536 0.0464834 0.0451241 0.0427807 0.0393989 0.0349987 0.0296218 0.0233786 0.0164176 0.0088053 0.000687022 -0.00778946 -0.0164216 -0.0250286 -0.0334703 -0.0415398 -0.0490528 -0.0557745 -0.0615245 -0.0661218 -0.0694039 -0.0712797 -0.0716993 -0.0707291 -0.0684483 -0.0650107 -0.0605907 -0.055424 -0.0497832 -0.0439298 -0.0381167 -0.0325242 -0.0273182 -0.0225972 -0.018449 -0.0148997 -0.0119491 -0.00955225 -0.00764343 -0.00615175 -0.00499981 -0.00413131 -0.00348341 -0.00301906 -0.0026892 -0.00246903 -0.00232126 -0.00223082 -0.0021728 -0.00214051 -0.00211979 -0.00210917 -0.00210171 -0.00209787 -0.00209472 -0.00209276 -0.00209115 -0.00208977 -0.00208895 -0.00208793 -0.00208768 -0.00208703 -0.00208726 -0.00208702 -0.00208767 -0.00208791 -0.00208889 -0.00208962 -0.00209077 -0.00209184 -0.00209258 -0.00209308 -0.00209132 -0.0020875 -0.0020762 -0.0020561 -0.00201543 -0.00194832 -0.0018329 -0.00165554 -0.0013821 -0.000989809 -0.00043261 0.000322975 0.00133653 0.00265919 0.00436754 0.00653111 0.00922497 0.0125033 0.0163874 0.0208678 0.02588 0.0313446 0.0371193 0.0430491 0.0489006 0.0544279 0.0593505 0.0634236 0.0664463 0.0682509 0.0687319 0.0677951 0.0654547 0.0617597 0.0568496 0.0508698 0.0439899 0.0364215 0.0283486 0.0199756 0.0114193 0.0028455 -0.00557418 -0.0136712 -0.0212958 -0.0283798 -0.0347696 -0.040348 -0.045005 -0.0486864 -0.0514001 -0.0530997 -0.0538447 -0.0536886 -0.052725 -0.0511036 -0.0489226 -0.0463437 -0.0434715 -0.0404404 -0.0374099 -0.0344054 -0.0315181 -0.028833 -0.0263703 -0.0241491 -0.0221444 -0.0204047 -0.0189114 -0.017568 -0.0164261 -0.0154799 -0.014639 -0.0139112 -0.0133025 -0.012793 -0.0123565 -0.0119612 -0.0116245 -0.0113466 -0.0110927 -0.010864 -0.0106761 -0.0105257 -0.0103913 -0.0102682 -0.0101739 -0.0100973 -0.0100326 -0.00999522 
0 0.000285869 0.000568747 0.000854759 0.00114287 0.0014317 0.00174309 0.00207556 0.00240058 0.00273581 0.00310614 0.00350319 0.00393194 0.00439163 0.00487981 0.00543371 0.00607802 0.00679593 0.0075915 0.00851396 0.00959318 0.0108282 0.0122396 0.0138612 0.0157325 0.0178483 0.0201788 0.0227749 0.0256122 0.028586 0.0316751 0.0348117 0.0378822 0.0407472 0.0432589 0.0453425 0.0468233 0.0475471 0.0474399 0.046399 0.0444064 0.0414179 0.0374551 0.0325904 0.0268703 0.0204535 0.0134323 0.00592442 -0.00195655 -0.010093 -0.0182877 -0.0264496 -0.0344383 -0.0421413 -0.0493771 -0.0559301 -0.0616481 -0.0663312 -0.0698663 -0.072091 -0.0729527 -0.0724398 -0.0706055 -0.0675762 -0.0634758 -0.0585468 -0.0530062 -0.0471612 -0.0412392 -0.0354749 -0.0300281 -0.0250276 -0.020577 -0.0167115 -0.0134696 -0.0107932 -0.00865905 -0.006961 -0.00565762 -0.00465045 -0.00390684 -0.00335476 -0.0029678 -0.00269779 -0.00251918 -0.00240545 -0.00233217 -0.00229265 -0.0022638 -0.00225424 -0.0022408 -0.00224182 -0.00223272 -0.00223731 -0.00222922 -0.00223515 -0.00222733 -0.00223392 -0.00222631 -0.00223333 -0.00222597 -0.00223333 -0.00222629 -0.00223389 -0.00222724 -0.00223491 -0.00222864 -0.00223592 -0.00222955 -0.00223483 -0.00222594 -0.0022238 -0.00220372 -0.00217842 -0.00212307 -0.00203682 -0.00189312 -0.00167261 -0.00134712 -0.000876469 -0.000231884 0.000649914 0.00180229 0.00331648 0.00523546 0.00766756 0.0106446 0.0142422 0.0184356 0.0232163 0.0284921 0.0341649 0.0400878 0.046059 0.0518605 0.0571959 0.0618361 0.0655168 0.0680969 0.0694161 0.0694081 0.0680393 0.0653465 0.0614576 0.0564736 0.0505772 0.0438938 0.0366435 0.0289958 0.0210881 0.0130358 0.00490815 -0.00312051 -0.0109521 -0.0184535 -0.0255336 -0.0320905 -0.0379698 -0.0431048 -0.0473675 -0.0507092 -0.0531066 -0.0545521 -0.055101 -0.0547556 -0.0536498 -0.0519281 -0.0496779 -0.0470316 -0.0441111 -0.0410894 -0.0380526 -0.0350361 -0.0321732 -0.0295154 -0.0270618 -0.0248366 -0.022851 -0.021119 -0.0196028 -0.0182675 -0.0171287 -0.016167 -0.015339 -0.0146205 -0.0140013 -0.0134802 -0.0130421 -0.0126555 -0.0123103 -0.0120185 -0.0117721 -0.0115653 -0.0113959 -0.0112294 -0.0110807 -0.010989 -0.0109031 -0.0108174 -0.0107879 
0 0.000303617 0.000598606 0.00092458 0.00126401 0.00158781 0.00191563 0.00224815 0.00260746 0.00301498 0.00342327 0.00385022 0.00434274 0.00485346 0.00540532 0.00606756 0.00679593 0.00758959 0.00852901 0.00962342 0.0108598 0.0122724 0.0138981 0.0157561 0.017853 0.0201858 0.0227616 0.0255716 0.0285564 0.031651 0.034787 0.0378799 0.0408092 0.0434029 0.045561 0.0471829 0.0480961 0.0481887 0.047385 0.0456725 0.0430265 0.039415 0.0349348 0.0296647 0.0237184 0.0172041 0.0102173 0.00290709 -0.00465993 -0.0123498 -0.0200649 -0.0277201 -0.0352212 -0.0425116 -0.0494062 -0.0557647 -0.0613938 -0.0661543 -0.0699065 -0.0724786 -0.0737893 -0.0737438 -0.0724024 -0.0698044 -0.0660999 -0.0614558 -0.0561019 -0.0503224 -0.0443532 -0.0384661 -0.032807 -0.0275673 -0.0228154 -0.0186605 -0.0151063 -0.0121613 -0.00977224 -0.00786942 -0.00639036 -0.00524147 -0.00438818 -0.00374052 -0.0032919 -0.00295928 -0.00275314 -0.00259988 -0.00252091 -0.00245594 -0.00243285 -0.00240511 -0.00240197 -0.00238826 -0.00239056 -0.0023822 -0.00238529 -0.00237944 -0.0023823 -0.00237795 -0.00238063 -0.00237725 -0.00238008 -0.00237725 -0.0023806 -0.00237789 -0.00238215 -0.00237907 -0.0023844 -0.00238013 -0.00238592 -0.00237821 -0.00238101 -0.00236293 -0.00235111 -0.00230335 -0.00224654 -0.00212464 -0.00195973 -0.00168125 -0.00130252 -0.00074155 2.05014e-06 0.00101919 0.00233458 0.00404701 0.00621066 0.00891098 0.0122022 0.0161027 0.0206179 0.0256657 0.0311913 0.0370262 0.0430478 0.0489996 0.0546661 0.0597494 0.0640185 0.067269 0.0693394 0.0701531 0.0696254 0.0678213 0.0647936 0.0607161 0.0557076 0.0499149 0.043502 0.0366156 0.029446 0.0220555 0.0145444 0.00695739 -0.000617518 -0.00808505 -0.0153884 -0.0223872 -0.0290018 -0.0351115 -0.0406212 -0.0454167 -0.0493539 -0.052417 -0.0545811 -0.0558396 -0.0561936 -0.0556978 -0.0545058 -0.0527019 -0.050384 -0.0476983 -0.0447791 -0.0417547 -0.0387041 -0.0357117 -0.0328648 -0.0302062 -0.0277655 -0.0255493 -0.0235624 -0.0218306 -0.020327 -0.0189917 -0.0178439 -0.0168932 -0.0160589 -0.0153234 -0.0147142 -0.014188 -0.0137282 -0.0133484 -0.0130261 -0.0127446 -0.0124902 -0.0122672 -0.0121015 -0.0119633 -0.0118263 -0.0117264 -0.0116622 -0.0116013 
