0 0 0 0 0 0 0 0 0 0 0 0 0 0 0 0 0 0 0 0 0 0 0 0 0 0 0 0 0 0 0 0 0 0 0 0 0 0 0 0 0 0 0 0 0 0 0 0 0 0 0 0 0 0 0 0 0 0 0 0 0 0 0 0 0 0 0 0 0 0 0 0 0 0 0 0 0 0 0 0 0 0 0 0 0 0 0 0 0 0 0 0 0 0 0 0 0 0 0 0 0 0 0 0 0 0 0 0 0 0 0 0 0 0 0 0 0 0 0 0 0 0 0 0 0 0 0 0 0 0 0 0 0 0 0 0 0 0 0 0 0 0 0 0 0 0 0 0 0 0 0 0 0 0 0 0 0 0 0 0 0 0 0 0 0 0 0 0 0 0 0 0 0 0 0 0 0 0 0 0 0 0 0 0 0 0 0 0 0 0 0 0 0 0 0 0 0 0 0 0 
0 3.93271e-05 2.32445e-05 4.9276e-05 8.82101e-05 6.80097e-05 8.40931e-05 0.000150409 0.000162631 0.000149304 0.000178913 0.000209853 0.000224223 0.000258906 0.000286726 0.000301569 0.000350199 0.000384044 0.000391863 0.000445541 0.000498159 0.000536516 0.000606542 0.000674514 0.000762816 0.000855623 0.00094968 0.00111748 0.00127456 0.00145364 0.00172882 0.00200511 0.0023364 0.00270738 0.00310712 0.0035735 0.00397766 0.00439233 0.00478321 0.00504965 0.00522199 0.00517987 0.00499129 0.00458602 0.00389812 0.00302545 0.00190884 0.000694739 -0.000650592 -0.00205653 -0.00338672 -0.00464184 -0.00564838 -0.00649192 -0.00706541 -0.00738243 -0.00744831 -0.00722073 -0.00685589 -0.00629123 -0.00569545 -0.0050038 -0.0043092 -0.0036269 -0.00296314 -0.0024167 -0.00189873 -0.00153232 -0.00117839 -0.00094552 -0.000719347 -0.000565797 -0.000437591 -0.000334573 -0.000281882 -0.000211833 -0.000208761 -0.000157542 -0.000179016 -0.000138256 -0.000166486 -0.000133757 -0.000158871 -0.000134668 -0.000152242 -0.0001373 -0.000146027 -0.00014025 -0.000140491 -0.000142949 -0.000135889 -0.000145167 -0.000132307 -0.000146848 -0.0001297 -0.000148023 -0.000127959 -0.000148754 -0.000126969 -0.000149102 -0.000126649 -0.000149102 -0.000126969 -0.000148754 -0.000127959 -0.000148023 -0.0001297 -0.000146848 -0.000132307 -0.000145167 -0.000135888 -0.000142947 -0.000140485 -0.000140234 -0.000145983 -0.000137185 -0.000151957 -0.000133984 -0.000157298 -0.000130282 -0.000159121 -0.000123303 -0.000149949 -0.000103489 -0.000112652 -4.84767e-05 -1.63862e-05 7.8477e-05 0.000178875 0.000319958 0.000512069 0.00072132 0.00103271 0.00135714 0.00182989 0.0023291 0.00297257 0.00363631 0.00435945 0.00508004 0.00575078 0.00640528 0.00690373 0.00730889 0.0074356 0.0073441 0.00695973 0.00631272 0.00545788 0.00432455 0.00306166 0.0016293 0.000214915 -0.00115282 -0.00244367 -0.00354544 -0.0044991 -0.00515114 -0.00559364 -0.0058307 -0.00584567 -0.00572365 -0.00540578 -0.00504869 -0.00464479 -0.00417569 -0.00374406 -0.0033067 -0.00294434 -0.00260897 -0.00227715 -0.00205241 -0.00183505 -0.00163758 -0.00149446 -0.00135994 -0.00126979 -0.00117446 -0.00109421 -0.00106692 -0.00100258 -0.000945487 -0.000930625 -0.000886378 -0.000846764 -0.000830266 -0.000799148 -0.000784061 -0.000790763 -0.000764602 -0.000720565 -0.000723879 -0.00073718 -0.000703341 -0.000685986 -0.00070336 -0.00069183 -0.0006784 -0.000685616 -0.000675442 
0 2.32445e-05 6.54289e-05 0.000109209 0.000134866 0.000181262 0.000231674 0.000235391 0.000264886 0.00034038 0.000383554 0.000417507 0.000462683 0.000507592 0.000572116 0.000615043 0.000665333 0.000762309 0.000820786 0.000893776 0.00101687 0.00109228 0.00119926 0.00136269 0.00151123 0.00170577 0.0019453 0.00223786 0.0025905 0.00297056 0.00347179 0.00405904 0.00468459 0.00542607 0.00624246 0.0071109 0.00796919 0.00877087 0.00952297 0.0100723 0.0103468 0.010298 0.00986826 0.00903002 0.00768627 0.00589934 0.00374078 0.00128835 -0.00135479 -0.00410863 -0.00676408 -0.00918351 -0.0112357 -0.0128586 -0.0140212 -0.0146506 -0.0147667 -0.0143808 -0.0136178 -0.0125731 -0.0113458 -0.0100147 -0.00862385 -0.00726517 -0.00597633 -0.00484087 -0.00386137 -0.00305954 -0.00240544 -0.00187897 -0.00146142 -0.00112421 -0.000871859 -0.000671936 -0.000538623 -0.000435868 -0.000378354 -0.000333604 -0.000314277 -0.00029782 -0.00029287 -0.000288328 -0.00028676 -0.000287142 -0.00028523 -0.000287941 -0.000284914 -0.000288922 -0.000284906 -0.000289674 -0.000284974 -0.000290159 -0.000285051 -0.00029043 -0.000285114 -0.000290557 -0.000285157 -0.000290604 -0.000285181 -0.000290616 -0.000285189 -0.000290616 -0.000285181 -0.000290604 -0.000285157 -0.000290557 -0.000285114 -0.00029043 -0.000285051 -0.000290158 -0.000284973 -0.000289669 -0.000284892 -0.000288884 -0.000284812 -0.00028768 -0.000284587 -0.000285618 -0.000283291 -0.000280748 -0.000276976 -0.000265873 -0.000252767 -0.00022024 -0.000178445 -9.86067e-05 5.9588e-06 0.000170713 0.000380433 0.000669673 0.00102778 0.00148685 0.00205639 0.00276635 0.00364626 0.00469633 0.00592557 0.00726837 0.00869427 0.010109 0.0114781 0.0127209 0.0137621 0.0144951 0.0147857 0.0145788 0.013819 0.0125625 0.0108131 0.00862338 0.00607105 0.00328374 0.000470685 -0.00226159 -0.00477816 -0.00701121 -0.00884253 -0.0101803 -0.011069 -0.0115202 -0.0116075 -0.0113328 -0.0107742 -0.0100777 -0.00926239 -0.00839743 -0.00750767 -0.00666897 -0.00593429 -0.00522545 -0.00461165 -0.00410791 -0.00367164 -0.00331316 -0.00299244 -0.00275813 -0.00256937 -0.00236153 -0.00223026 -0.00211922 -0.00198773 -0.00191252 -0.00184153 -0.00176966 -0.00171963 -0.00166597 -0.00163497 -0.00158174 -0.00151451 -0.00151657 -0.00150298 -0.00144754 -0.00143768 -0.00142615 -0.00139844 -0.0013957 -0.00137575 -0.00135832 -0.00136648 -0.00135412 
0 4.9276e-05 0.000109209 0.000158232 0.000200069 0.000264521 0.000329879 0.000371952 0.000429444 0.000504418 0.000560055 0.000620808 0.000699521 0.000771404 0.000852579 0.000940379 0.00102414 0.00113184 0.00124198 0.00135393 0.001507 0.00166134 0.00183226 0.0020644 0.00230856 0.00259893 0.00297122 0.00339702 0.00392105 0.00453845 0.0052702 0.00615145 0.00711712 0.0082149 0.00943247 0.0106803 0.0119459 0.0131224 0.0141604 0.0149419 0.0152969 0.0152011 0.0145254 0.0132215 0.0112429 0.00858286 0.00540699 0.0017706 -0.00213912 -0.0061621 -0.0100818 -0.0136216 -0.0166791 -0.0190726 -0.0207862 -0.0217292 -0.0218949 -0.0213794 -0.020255 -0.0187503 -0.016926 -0.0149629 -0.0129114 -0.0108914 -0.00900597 -0.00729444 -0.00585837 -0.00462758 -0.00366318 -0.0028515 -0.00223108 -0.00172085 -0.00133495 -0.00104509 -0.000824011 -0.000689198 -0.000573559 -0.000530545 -0.000470793 -0.00047026 -0.000435758 -0.00044893 -0.000426164 -0.000439934 -0.000424659 -0.000434236 -0.000425389 -0.000429578 -0.00042659 -0.000425632 -0.000427734 -0.000422424 -0.000428656 -0.000419961 -0.000429327 -0.000418201 -0.000429766 -0.000417078 -0.00043001 -0.000416533 -0.000430088 -0.000416533 -0.00043001 -0.000417078 -0.000429766 -0.000418201 -0.000429327 -0.000419961 -0.000428656 -0.000422423 -0.00042773 -0.000425623 -0.000426563 -0.000429505 -0.000425199 -0.000433756 -0.000423499 -0.000437233 -0.000420118 -0.000435928 -0.000408922 -0.000417133 -0.000369977 -0.000347266 -0.000254442 -0.000156996 2.66909e-05 0.000260109 0.000591861 0.00102611 0.001569 0.00227779 0.00312811 0.00422693 0.00552607 0.00712211 0.00892096 0.0109266 0.013019 0.0151133 0.0171372 0.0189413 0.0204676 0.0214828 0.021905 0.0215644 0.0204526 0.0185906 0.0159899 0.012782 0.00902006 0.00497164 0.000824084 -0.00319797 -0.0069091 -0.0102136 -0.0129022 -0.0149459 -0.0162994 -0.0170174 -0.0171878 -0.0168168 -0.0160756 -0.0150552 -0.013867 -0.0126083 -0.0113023 -0.0100837 -0.00895665 -0.00791956 -0.00702564 -0.00623986 -0.00558712 -0.00503421 -0.00455106 -0.00418142 -0.00386081 -0.00358114 -0.00337306 -0.00318246 -0.00302136 -0.00289407 -0.00277045 -0.00267302 -0.00258415 -0.00249741 -0.00244143 -0.00237979 -0.00231212 -0.00227728 -0.00224051 -0.00218956 -0.00215854 -0.00213566 -0.00210891 -0.00208701 -0.0020671 -0.00205724 -0.00205223 -0.00203527 
0 8.82101e-05 0.000134866 0.000200069 0.000297813 0.000347368 0.000398683 0.000524531 0.000611077 0.000649025 0.000742986 0.000841613 0.000933255 0.00104577 0.00113332 0.0012584 0.00140465 0.00150424 0.00166714 0.00184885 0.00200192 0.00224819 0.00250467 0.00277181 0.00314471 0.00354392 0.00403528 0.00463596 0.00531984 0.00619014 0.00717338 0.00830798 0.00964499 0.0110784 0.0126552 0.014283 0.0158871 0.01742 0.018678 0.019607 0.0200274 0.0197997 0.0188597 0.0170554 0.0144318 0.0109703 0.0067882 0.00206742 -0.00304439 -0.00823326 -0.0132932 -0.0179077 -0.0218704 -0.0250313 -0.0272399 -0.0284971 -0.0287431 -0.0281167 -0.0267256 -0.0247698 -0.0224338 -0.0198456 -0.0171903 -0.0145416 -0.012075 -0.00983089 -0.00790457 -0.00628233 -0.00495273 -0.00388647 -0.00301996 -0.00235425 -0.00181623 -0.00143225 -0.00112968 -0.000936828 -0.000790058 -0.000708327 -0.000648677 -0.000618047 -0.000599255 -0.000585985 -0.000584207 -0.000574308 -0.000579531 -0.000569005 -0.000577356 -0.000565846 -0.000575664 -0.000563696 -0.00057411 -0.000562203 -0.000572719 -0.000561192 -0.000571566 -0.000560538 -0.000570706 -0.000560152 -0.000570178 -0.000559973 -0.00057 -0.000559973 -0.000570178 -0.000560152 -0.000570706 -0.000560538 -0.000571565 -0.000561192 -0.000572719 -0.000562201 -0.000574104 -0.000563678 -0.000575615 -0.000565716 -0.000577023 -0.000568185 -0.000577586 -0.000569869 -0.000574465 -0.000565442 -0.000557655 -0.000537207 -0.000497995 -0.000439019 -0.00032856 -0.00017828 6.73659e-05 0.000384584 0.000843103 0.00141366 0.00217147 0.00310337 0.00428467 0.0057347 0.00749634 0.00958922 0.01196 0.0145811 0.0172993 0.0200536 0.0226591 0.0250166 0.0269268 0.0282071 0.0286963 0.0282227 0.0267829 0.0243182 0.0209475 0.0167446 0.0119027 0.00668006 0.00129834 -0.00391141 -0.00878128 -0.0130525 -0.0165925 -0.0193224 -0.0211599 -0.0222066 -0.0224648 -0.0220967 -0.0212268 -0.0199444 -0.018459 -0.0168169 -0.0151721 -0.0135838 -0.0120589 -0.0107289 -0.00952221 -0.00846777 -0.00758741 -0.00680842 -0.00619451 -0.00565571 -0.00519154 -0.00486249 -0.00453668 -0.00427287 -0.0040862 -0.00387526 -0.00371983 -0.0035911 -0.00345295 -0.00335868 -0.00324911 -0.00317258 -0.00314288 -0.00303889 -0.00295722 -0.00295269 -0.00289826 -0.0028382 -0.00282312 -0.00279111 -0.00276585 -0.0027547 -0.00273269 -0.00272493 
0 6.80097e-05 0.000181262 0.000264521 0.000347368 0.000463436 0.000544462 0.000619127 0.000728399 0.000837195 0.000954341 0.00107235 0.00117719 0.00130222 0.00144057 0.00158754 0.00174505 0.00191015 0.00212317 0.00234573 0.00256101 0.00285578 0.00318714 0.00353781 0.0039981 0.00454636 0.00518264 0.00594422 0.0068526 0.00794716 0.00918489 0.0106026 0.0122487 0.0140313 0.0159254 0.0178821 0.0198118 0.0215965 0.0230373 0.0240338 0.0244308 0.0240388 0.0227446 0.0204457 0.0171701 0.0129382 0.00784149 0.00209416 -0.00407151 -0.0103239 -0.01639 -0.0219661 -0.0267732 -0.0306139 -0.0333158 -0.0348559 -0.0352268 -0.0345382 -0.0329401 -0.0306186 -0.0278066 -0.0246762 -0.0214405 -0.0182295 -0.0152023 -0.0124511 -0.0100441 -0.0080126 -0.00632415 -0.00496729 -0.00386719 -0.00301207 -0.00233576 -0.00183258 -0.00145548 -0.00119105 -0.00101072 -0.000889657 -0.000819793 -0.000769829 -0.000750872 -0.000729537 -0.000729628 -0.000717976 -0.000723532 -0.000715161 -0.000721326 -0.00071466 -0.000719912 -0.000714694 -0.000718652 -0.00071481 -0.000717508 -0.000714896 -0.00071654 -0.000714939 -0.000715809 -0.00071495 -0.000715354 -0.00071495 -0.0007152 -0.00071495 -0.000715354 -0.00071495 -0.000715809 -0.000714939 -0.00071654 -0.000714896 -0.000717507 -0.000714806 -0.000718641 -0.000714662 -0.000719825 -0.000714435 -0.000720764 -0.000713805 -0.000720384 -0.000710946 -0.000714526 -0.000698359 -0.000689044 -0.000652114 -0.000604695 -0.000512472 -0.000375841 -0.000164535 0.000141 0.000560809 0.00113336 0.00186804 0.00282407 0.00401279 0.00551205 0.00733778 0.00954727 0.0121249 0.0150422 0.0182229 0.02154 0.0248756 0.028034 0.0308557 0.0330993 0.0345737 0.0350807 0.0344752 0.0326935 0.0296954 0.0255868 0.0204972 0.0146804 0.0083995 0.00193389 -0.00438372 -0.0102818 -0.0154705 -0.0198075 -0.0231943 -0.0255626 -0.0269426 -0.0273862 -0.0270797 -0.0261556 -0.024729 -0.0229852 -0.021061 -0.0191087 -0.0171725 -0.0153098 -0.0136408 -0.0121429 -0.0108144 -0.0096683 -0.00869979 -0.00790764 -0.00720908 -0.00662646 -0.00617796 -0.00576354 -0.00541017 -0.00513929 -0.00489618 -0.00468626 -0.0045051 -0.00436011 -0.00423835 -0.00410136 -0.00399158 -0.00390198 -0.00380801 -0.00375558 -0.00369522 -0.00361136 -0.00358298 -0.00355181 -0.00349037 -0.00347463 -0.00345119 -0.00340824 -0.0034228 
0 8.40931e-05 0.000231674 0.000329879 0.000398683 0.000544462 0.000676341 0.000753862 0.000885736 0.00103042 0.00113711 0.00128372 0.00143615 0.00157287 0.00176213 0.00194066 0.00210892 0.0023457 0.00258143 0.00283297 0.00315344 0.00349418 0.0039092 0.00439094 0.00493186 0.00563185 0.00642224 0.00734239 0.00849774 0.00980414 0.0113168 0.0130512 0.0149728 0.017097 0.0192739 0.0214981 0.0236868 0.0256044 0.0271568 0.0281318 0.028406 0.0277987 0.0260935 0.0233162 0.0194039 0.0144433 0.00853266 0.00185094 -0.00521827 -0.0124192 -0.0193625 -0.0257782 -0.0313502 -0.035781 -0.0389626 -0.0407631 -0.0412927 -0.0405879 -0.0388357 -0.0362339 -0.0329929 -0.0294071 -0.0256298 -0.0219238 -0.01837 -0.0151417 -0.0122771 -0.00982632 -0.00779434 -0.00611815 -0.00479981 -0.00372755 -0.00292544 -0.00228327 -0.00183422 -0.00148834 -0.00126536 -0.00110598 -0.0010078 -0.000949168 -0.000906527 -0.000894108 -0.000870344 -0.000876478 -0.000857143 -0.000870068 -0.000851358 -0.000866427 -0.000848172 -0.000863458 -0.000846196 -0.000860843 -0.000844948 -0.000858633 -0.000844181 -0.000856915 -0.000843736 -0.000855746 -0.000843508 -0.000855155 -0.000843438 -0.000855155 -0.000843508 -0.000855746 -0.000843736 -0.000856915 -0.000844181 -0.000858632 -0.000844946 -0.000860835 -0.000846175 -0.000863402 -0.000848023 -0.000866048 -0.000850429 -0.000867879 -0.000852173 -0.000865618 -0.000847521 -0.000848006 -0.000817063 -0.000782429 -0.00070939 -0.000593068 -0.000418184 -0.000142172 0.000227317 0.000767136 0.00145002 0.00237976 0.00352813 0.00501388 0.00682652 0.00905923 0.0117045 0.0147615 0.0181966 0.0218843 0.0257585 0.0295864 0.0332413 0.0364194 0.0389261 0.0405079 0.040973 0.0402142 0.0380753 0.0346096 0.0298251 0.0239819 0.0173206 0.0101287 0.00275306 -0.00454061 -0.01132 -0.0173619 -0.0224465 -0.0264693 -0.0294053 -0.0311583 -0.0318967 -0.0317281 -0.0308264 -0.0293588 -0.0274226 -0.0252998 -0.0230723 -0.0208287 -0.018695 -0.0166878 -0.0149183 -0.0133258 -0.0119049 -0.0107412 -0.00971911 -0.00885121 -0.00814331 -0.00752761 -0.00704104 -0.0066121 -0.00623909 -0.00596731 -0.00569306 -0.00545417 -0.00528446 -0.00509812 -0.00495144 -0.00484007 -0.00469785 -0.00460747 -0.00454603 -0.00443377 -0.00435967 -0.00433205 -0.0042627 -0.00420246 -0.00419219 -0.0041645 -0.00412381 -0.00411747 
0 0.000150409 0.000235391 0.000371952 0.000524531 0.000619127 0.000753862 0.000924015 0.00106111 0.0012004 0.00134446 0.00150421 0.00169969 0.00187954 0.00206468 0.00228981 0.00252409 0.00278239 0.00306419 0.00338054 0.00376665 0.00419064 0.00468469 0.00528461 0.00597021 0.00679351 0.00776648 0.00890761 0.0102666 0.0118232 0.013612 0.0156294 0.0178386 0.0202204 0.0226649 0.0251113 0.0274351 0.0294414 0.0309858 0.0318636 0.0319279 0.0309848 0.0288712 0.0255694 0.0210539 0.0154173 0.00876358 0.00132843 -0.00653052 -0.0144949 -0.0221833 -0.029303 -0.0354956 -0.0404722 -0.044059 -0.046162 -0.0468602 -0.0462054 -0.0443815 -0.0415641 -0.0380163 -0.0340203 -0.0298095 -0.0256339 -0.021617 -0.0179289 -0.0146158 -0.0117598 -0.0093497 -0.00737095 -0.00578357 -0.00451551 -0.00354215 -0.0027791 -0.00222745 -0.00180679 -0.00152889 -0.00132431 -0.00120403 -0.00111844 -0.00107329 -0.00104348 -0.00102642 -0.00101958 -0.00100983 -0.00101211 -0.00100278 -0.00100905 -0.000998728 -0.00100704 -0.000995916 -0.00100535 -0.000993868 -0.00100391 -0.00099241 -0.00100277 -0.000991438 -0.00100198 -0.000990883 -0.00100157 -0.000990702 -0.00100157 -0.000990883 -0.00100198 -0.000991438 -0.00100277 -0.00099241 -0.00100391 -0.000993864 -0.00100534 -0.000995879 -0.00100694 -0.000998476 -0.00100842 -0.00100128 -0.00100864 -0.00100214 -0.00100314 -0.000992629 -0.000976702 -0.000946489 -0.000887143 -0.00079868 -0.000641547 -0.000422498 -7.93384e-05 0.000377069 0.00102413 0.00185553 0.00295794 0.00434616 0.00610532 0.00827108 0.0108871 0.0139727 0.0174821 0.0213875 0.0255519 0.0298856 0.0341634 0.0381875 0.0416639 0.0443289 0.0459577 0.0463403 0.0453751 0.0429201 0.0389957 0.0336673 0.0271722 0.0198105 0.0118705 0.00371328 -0.00434988 -0.011912 -0.0186867 -0.0244667 -0.0291093 -0.0325703 -0.0347866 -0.0358683 -0.0359442 -0.0351697 -0.0337305 -0.0317659 -0.0295017 -0.0270732 -0.0245979 -0.0221991 -0.0199204 -0.0178461 -0.0159812 -0.0143265 -0.0129032 -0.0116659 -0.010627 -0.00975085 -0.00899598 -0.00838526 -0.00786689 -0.00742053 -0.00704791 -0.00672479 -0.00646141 -0.00621824 -0.00599512 -0.00583136 -0.00568122 -0.00554528 -0.00542475 -0.00529096 -0.00521172 -0.00515747 -0.00504971 -0.004986 -0.00496736 -0.00489858 -0.00486163 -0.00486718 -0.00481856 
0 0.000162631 0.000264886 0.000429444 0.000611077 0.000728399 0.000885736 0.00106111 0.0011932 0.00138142 0.00159512 0.00175764 0.00195552 0.00218489 0.00239607 0.0026523 0.00294399 0.00324114 0.00358838 0.00398492 0.00443161 0.0049429 0.00553057 0.0062533 0.00709911 0.00806509 0.0092476 0.0106309 0.0121977 0.0140189 0.0160767 0.0183563 0.0208235 0.0234086 0.0260771 0.0286667 0.0310295 0.0330382 0.0344677 0.0351615 0.0349108 0.033554 0.0310071 0.0271639 0.0220844 0.0158226 0.00853918 0.000507724 -0.00799132 -0.0165443 -0.0248401 -0.0325033 -0.0391921 -0.0446329 -0.0485779 -0.0510057 -0.0518869 -0.0513512 -0.0495171 -0.0465796 -0.0428257 -0.0385036 -0.0339528 -0.0293516 -0.0249364 -0.0208029 -0.0170733 -0.013809 -0.0110194 -0.00872922 -0.00685009 -0.00538423 -0.00421012 -0.00333297 -0.0026496 -0.00216403 -0.00180648 -0.00156489 -0.00140577 -0.00129745 -0.0012427 -0.0011946 -0.00118607 -0.0011599 -0.00116855 -0.00114895 -0.00116271 -0.00114526 -0.00115967 -0.00114372 -0.0011572 -0.00114289 -0.00115498 -0.00114239 -0.00115309 -0.00114207 -0.00115165 -0.00114188 -0.00115075 -0.00114178 -0.00115045 -0.00114178 -0.00115075 -0.00114188 -0.00115165 -0.00114207 -0.00115309 -0.00114239 -0.00115497 -0.00114287 -0.00115713 -0.00114355 -0.00115925 -0.00114425 -0.00116033 -0.00114357 -0.00115687 -0.00113547 -0.00113694 -0.0010996 -0.00106617 -0.000982236 -0.000864725 -0.000671577 -0.000385845 1.62155e-05 0.000587973 0.00133415 0.00234495 0.00361805 0.0052738 0.00731156 0.0098411 0.0128426 0.016347 0.0202971 0.0246166 0.029222 0.033925 0.0385769 0.0428588 0.0465346 0.0492747 0.0508694 0.051134 0.049913 0.0471606 0.0428174 0.0370517 0.0300447 0.0221207 0.0136066 0.00482233 -0.00382141 -0.0120199 -0.0194203 -0.0258168 -0.0310533 -0.0350159 -0.0377428 -0.0392426 -0.039653 -0.0391187 -0.0378043 -0.0359377 -0.0336351 -0.0310839 -0.0284508 -0.0258268 -0.023317 -0.0209502 -0.0188073 -0.016924 -0.0152319 -0.0137722 -0.0125477 -0.0114893 -0.0105889 -0.00982577 -0.00919206 -0.00866037 -0.00818251 -0.00780093 -0.00749108 -0.00718805 -0.00695285 -0.00675659 -0.00653326 -0.00637142 -0.00625471 -0.00610524 -0.00599687 -0.00591923 -0.00581226 -0.00575153 -0.00571502 -0.00562819 -0.0055778 -0.00557705 -0.00554318 
0 0.000149304 0.00034038 0.000504418 0.000649025 0.000837195 0.00103042 0.0012004 0.00138142 0.00158134 0.00179816 0.00201415 0.00223102 0.00249694 0.00277771 0.00304961 0.00338224 0.00374808 0.00413363 0.0046135 0.00515363 0.00575406 0.00648935 0.00734799 0.00833908 0.00950251 0.010877 0.0124874 0.0143029 0.0163688 0.0187088 0.0212377 0.0239144 0.0266931 0.0294817 0.0321211 0.0344352 0.0363036 0.0375362 0.0379187 0.0372709 0.0354678 0.0324364 0.0280983 0.0224775 0.0156803 0.00789989 -0.000608501 -0.00955726 -0.0185756 -0.0273071 -0.0353735 -0.0424463 -0.0482399 -0.0525364 -0.055253 -0.0563672 -0.0559782 -0.0542004 -0.0512423 -0.0473575 -0.0428388 -0.0379987 -0.0330714 -0.0282851 -0.0237612 -0.019639 -0.0159755 -0.0128288 -0.0101972 -0.00804729 -0.00633716 -0.00498297 -0.00394889 -0.00314856 -0.0025681 -0.00213329 -0.00184098 -0.00163164 -0.00150347 -0.00141642 -0.00136679 -0.00133632 -0.00131686 -0.00130925 -0.00129849 -0.00129964 -0.00129027 -0.00129512 -0.00128539 -0.00129212 -0.00128199 -0.00128982 -0.00127954 -0.00128805 -0.00127785 -0.00128678 -0.00127678 -0.00128602 -0.00127627 -0.00128577 -0.00127627 -0.00128602 -0.00127678 -0.00128678 -0.00127784 -0.00128805 -0.00127954 -0.00128981 -0.00128195 -0.00129201 -0.00128512 -0.00129444 -0.00128865 -0.00129594 -0.0012903 -0.00129182 -0.00128119 -0.0012661 -0.00123389 -0.00117468 -0.00108074 -0.000920628 -0.000689575 -0.000335139 0.000146361 0.000824326 0.00170852 0.00288391 0.00437975 0.00628848 0.00865256 0.0115302 0.0149344 0.0188386 0.0232013 0.0279128 0.0328796 0.0379074 0.0428007 0.0472603 0.0510002 0.0537318 0.055217 0.0552905 0.0538057 0.0507226 0.0460442 0.0399179 0.0325522 0.024233 0.0153 0.0061038 -0.0029725 -0.0116176 -0.0195307 -0.026468 -0.0322361 -0.0367341 -0.0399744 -0.0419783 -0.0428177 -0.0426102 -0.041557 -0.0398525 -0.0376269 -0.0350542 -0.0323125 -0.0295542 -0.0268441 -0.0242412 -0.02186 -0.0197112 -0.0177792 -0.0160773 -0.0146105 -0.0133696 -0.0122869 -0.011368 -0.0106239 -0.00996992 -0.00941514 -0.00896458 -0.0085554 -0.00820889 -0.00792459 -0.00766882 -0.00744521 -0.00724464 -0.00708741 -0.00695804 -0.00680277 -0.0066833 -0.00661702 -0.00651447 -0.00642293 -0.00640091 -0.00635651 -0.00628975 -0.00628123 
0 0.000178913 0.000383554 0.000560055 0.000742986 0.000954341 0.00113711 0.00134446 0.00159512 0.00179816 0.00200623 0.00227762 0.00254735 0.00283116 0.00314615 0.00347553 0.0038633 0.00428807 0.00475085 0.00531006 0.00593788 0.00666692 0.00754244 0.00854017 0.00971817 0.0110982 0.012687 0.0145333 0.0166028 0.0189231 0.0214994 0.0242307 0.0270853 0.0299848 0.0328079 0.0354052 0.0375807 0.0392201 0.0401378 0.04011 0.0389985 0.0366933 0.0331537 0.0283215 0.0222108 0.0149801 0.0068226 -0.00200606 -0.0112423 -0.0205529 -0.0295465 -0.0378729 -0.045198 -0.0512692 -0.0558738 -0.0588788 -0.0602611 -0.0600637 -0.0584294 -0.0555361 -0.0516364 -0.04702 -0.0419799 -0.0367987 -0.0316828 -0.026815 -0.0223106 -0.0182727 -0.0147576 -0.0117845 -0.0093424 -0.00737153 -0.00582215 -0.00460993 -0.00368994 -0.00299282 -0.00248702 -0.00212325 -0.00187435 -0.00170909 -0.00160139 -0.00153837 -0.00149587 -0.00147705 -0.00145933 -0.00145655 -0.00144668 -0.00144887 -0.00144131 -0.00144477 -0.00143815 -0.00144179 -0.0014359 -0.00143943 -0.00143425 -0.00143763 -0.0014331 -0.00143641 -0.00143242 -0.0014358 -0.00143219 -0.0014358 -0.00143242 -0.00143641 -0.0014331 -0.00143763 -0.00143424 -0.00143942 -0.00143588 -0.00144172 -0.00143797 -0.00144432 -0.00144023 -0.00144635 -0.00144101 -0.00144428 -0.00143377 -0.00142582 -0.00139715 -0.00135542 -0.00127544 -0.00115056 -0.000953214 -0.000659128 -0.000239661 0.000347351 0.00113287 0.00217959 0.00352987 0.00526758 0.00744531 0.0101381 0.0133709 0.0171522 0.0214432 0.0261685 0.0312342 0.036489 0.041761 0.0467943 0.0513159 0.0550243 0.0576495 0.0589712 0.0588022 0.0570422 0.0536449 0.0486833 0.0422993 0.0346941 0.0261411 0.016951 0.00751168 -0.0018331 -0.0107823 -0.0190654 -0.0264437 -0.0326824 -0.0376931 -0.0414584 -0.0439895 -0.045334 -0.0455638 -0.0448809 -0.0434528 -0.0414134 -0.0389432 -0.0361958 -0.0333517 -0.0304997 -0.0277073 -0.0250998 -0.0226918 -0.0205127 -0.0185827 -0.0168725 -0.0154114 -0.0141525 -0.0130646 -0.0121638 -0.0113827 -0.0107224 -0.0101774 -0.00969092 -0.00928861 -0.00893793 -0.00862263 -0.0083948 -0.00817409 -0.00793931 -0.00778164 -0.0076516 -0.00750632 -0.00739533 -0.00729933 -0.00720961 -0.00715563 -0.00710774 -0.00705561 -0.00702723 
0 0.000209853 0.000417507 0.000620808 0.000841613 0.00107235 0.00128372 0.00150421 0.00175764 0.00201415 0.00227762 0.00257216 0.0028725 0.00317608 0.00353721 0.00394941 0.00437302 0.00486595 0.00545178 0.00607962 0.00681433 0.00770098 0.00869826 0.00987143 0.0112617 0.0128571 0.0146953 0.0167686 0.0190979 0.0216743 0.0244202 0.0273285 0.0303059 0.0332329 0.0360116 0.0384462 0.0404026 0.0417128 0.0421872 0.0416874 0.0400442 0.037217 0.0331605 0.0278405 0.0213355 0.0137611 0.00536279 -0.00365019 -0.01303 -0.0224467 -0.031563 -0.0399938 -0.0474731 -0.0537416 -0.0585976 -0.061894 -0.0635428 -0.0636031 -0.0621663 -0.0594355 -0.0556215 -0.0510014 -0.0458671 -0.0404879 -0.0351203 -0.0299334 -0.0250949 -0.020694 -0.0168243 -0.0135107 -0.0107572 -0.00852373 -0.00674453 -0.00535771 -0.00428347 -0.00347714 -0.00287217 -0.0024425 -0.00213506 -0.00193316 -0.00179655 -0.00171487 -0.00166231 -0.00163349 -0.00161571 -0.00160582 -0.00160042 -0.00159591 -0.00159461 -0.00159121 -0.00159142 -0.00158813 -0.0015891 -0.00158581 -0.00158729 -0.00158408 -0.00158597 -0.00158294 -0.00158517 -0.00158236 -0.0015849 -0.00158236 -0.00158517 -0.00158294 -0.00158597 -0.00158408 -0.00158728 -0.00158579 -0.00158905 -0.00158801 -0.00159113 -0.0015905 -0.00159292 -0.00159204 -0.0015919 -0.00158775 -0.00157884 -0.00156111 -0.00152567 -0.00146681 -0.00136345 -0.0012055 -0.000957449 -0.000603672 -9.52887e-05 0.000590562 0.00151651 0.00272127 0.00428428 0.00626488 0.0087409 0.0117621 0.0153506 0.0194989 0.0241412 0.0292083 0.0345595 0.0400566 0.0454687 0.0505552 0.0550231 0.0585966 0.0610346 0.0621072 0.0616709 0.0596021 0.0559285 0.0507289 0.0441716 0.0364546 0.0278 0.0185455 0.00901422 -0.000432917 -0.00954019 -0.0180642 -0.0257454 -0.0324057 -0.0378879 -0.0421814 -0.0452646 -0.0471487 -0.0479347 -0.0477124 -0.0466658 -0.0449296 -0.0426573 -0.0400349 -0.037169 -0.034233 -0.031329 -0.0285111 -0.025879 -0.0234581 -0.0212892 -0.019362 -0.0176458 -0.0161914 -0.0149361 -0.013828 -0.0129134 -0.0121389 -0.0114594 -0.0108982 -0.0104328 -0.0100254 -0.00965974 -0.00935031 -0.00909903 -0.00886381 -0.00865441 -0.00849554 -0.00834323 -0.0082033 -0.00811968 -0.00803535 -0.00791931 -0.00785263 -0.00783327 -0.00779283 
0 0.000224223 0.000462683 0.000699521 0.000933255 0.00117719 0.00143615 0.00169969 0.00195552 0.00223102 0.00254735 0.0028725 0.00320056 0.00357296 0.00400202 0.00445335 0.00493554 0.00551876 0.00619104 0.00692608 0.00780748 0.00884724 0.0100194 0.0113906 0.0129881 0.0148181 0.016882 0.0191882 0.0217765 0.0245567 0.0274667 0.0305038 0.0335259 0.0364115 0.039018 0.0411971 0.0428263 0.0436796 0.043637 0.0425808 0.040387 0.0370339 0.0324581 0.0267213 0.019893 0.012101 0.00357896 -0.00550442 -0.0148689 -0.0242577 -0.0333344 -0.0417596 -0.049298 -0.0556798 -0.060747 -0.0642907 -0.0662316 -0.0665762 -0.0654064 -0.0629187 -0.0592747 -0.0547599 -0.0496073 -0.0441259 -0.0385571 -0.0331133 -0.0279746 -0.0232402 -0.0190371 -0.0153788 -0.0123201 -0.00979645 -0.00778548 -0.00619256 -0.00496106 -0.00402107 -0.00331204 -0.00280112 -0.00242628 -0.00218122 -0.00200336 -0.00190445 -0.00182748 -0.00179609 -0.0017631 -0.00175703 -0.00174099 -0.00174211 -0.00173272 -0.00173478 -0.00172869 -0.00173002 -0.00172616 -0.00172656 -0.00172441 -0.00172408 -0.00172323 -0.00172247 -0.00172254 -0.00172168 -0.00172231 -0.00172168 -0.00172254 -0.00172247 -0.00172322 -0.00172408 -0.0017244 -0.00172654 -0.00172609 -0.00172984 -0.00172822 -0.00173365 -0.00173011 -0.00173627 -0.00172839 -0.00173084 -0.00171074 -0.00169539 -0.00164119 -0.00157297 -0.00143586 -0.0012457 -0.000939362 -0.000518005 8.36147e-05 0.000886649 0.00195632 0.00334867 0.00512898 0.00738593 0.0101606 0.0135287 0.0174598 0.0219638 0.0269316 0.0322963 0.0378918 0.0435477 0.0490307 0.0540575 0.0583838 0.0617178 0.0638815 0.06464 0.0638788 0.0615094 0.0575677 0.0521981 0.0455341 0.0378091 0.0292027 0.0200329 0.0105967 0.00118138 -0.00793241 -0.0165584 -0.0244332 -0.031413 -0.0373501 -0.0421474 -0.0457972 -0.0482681 -0.0496576 -0.0500082 -0.0494207 -0.0480832 -0.0461206 -0.0437044 -0.0409421 -0.0379967 -0.0350432 -0.0321034 -0.0292724 -0.0266403 -0.0242306 -0.0220582 -0.0201014 -0.0184066 -0.0169559 -0.0156683 -0.0145827 -0.0136824 -0.0128872 -0.012204 -0.0116401 -0.0111639 -0.0107394 -0.0103652 -0.0100674 -0.00981936 -0.00958409 -0.0093749 -0.00920687 -0.00906492 -0.00892729 -0.00881543 -0.00874892 -0.00868278 -0.00861266 -0.00857929 
0 0.000258906 0.000507592 0.000771404 0.00104577 0.00130222 0.00157287 0.00187954 0.00218489 0.00249694 0.00283116 0.00317608 0.00357296 0.00402156 0.00447611 0.00498579 0.00558924 0.00625884 0.00701763 0.00790178 0.00892735 0.0101221 0.0114977 0.0130788 0.0149099 0.016981 0.0192785 0.0218383 0.0246282 0.0275648 0.0306031 0.0336714 0.0366581 0.0393985 0.0417397 0.0435932 0.0447731 0.0450998 0.0444737 0.042803 0.0400509 0.0361397 0.0310844 0.0249842 0.0179128 0.0100335 0.0014835 -0.0075173 -0.0167327 -0.0259406 -0.0348279 -0.0431575 -0.0506465 -0.0570964 -0.06231 -0.0660858 -0.0683386 -0.0689998 -0.0681848 -0.0659955 -0.0626283 -0.0582898 -0.0532144 -0.0477051 -0.0419902 -0.0363503 -0.0309271 -0.025905 -0.0213598 -0.0173801 -0.0139924 -0.0111768 -0.00891116 -0.00709567 -0.00569804 -0.00460233 -0.00379523 -0.00317841 -0.00275106 -0.00243803 -0.00223736 -0.00209937 -0.00201617 -0.0019654 -0.00193228 -0.00191885 -0.00190246 -0.00190337 -0.00189086 -0.00189724 -0.00188494 -0.00189368 -0.00188104 -0.00189103 -0.00187826 -0.00188899 -0.00187633 -0.00188758 -0.0018752 -0.00188687 -0.00187483 -0.00188687 -0.0018752 -0.00188758 -0.00187633 -0.00188898 -0.00187824 -0.00189098 -0.00188093 -0.00189338 -0.0018842 -0.00189551 -0.00188691 -0.0018947 -0.00188411 -0.00188149 -0.00185906 -0.00182737 -0.00176582 -0.00166252 -0.00150353 -0.0012502 -0.00089526 -0.00037358 0.00031769 0.00126896 0.00249018 0.00409572 0.0061134 0.00865707 0.0117512 0.0154474 0.0197268 0.024537 0.0298126 0.0354037 0.0411904 0.0469171 0.0523773 0.0572594 0.061336 0.064369 0.0661619 0.066571 0.0654439 0.0627893 0.0586279 0.0531345 0.046459 0.0387921 0.0303694 0.021407 0.0122026 0.00296046 -0.0060594 -0.0146429 -0.0226163 -0.0298054 -0.0361165 -0.0413892 -0.0455654 -0.0486524 -0.0506644 -0.0516535 -0.0516452 -0.0507945 -0.0492663 -0.047157 -0.0446087 -0.0417694 -0.0388016 -0.0358047 -0.0328347 -0.030008 -0.0273862 -0.0249724 -0.0227945 -0.0208648 -0.0191746 -0.0177085 -0.0164339 -0.0153406 -0.0144257 -0.0136349 -0.0129407 -0.0123668 -0.0118914 -0.0114771 -0.0111096 -0.0107868 -0.0105283 -0.010312 -0.0101062 -0.009934 -0.0097863 -0.00965857 -0.00957961 -0.0095054 -0.00942461 -0.00938877 
0 0.000286726 0.000572116 0.000852579 0.00113332 0.00144057 0.00176213 0.00206468 0.00239607 0.00277771 0.00314615 0.00353721 0.00400202 0.00447611 0.00498674 0.00561292 0.0063108 0.00707442 0.00796851 0.00900893 0.0102002 0.0115658 0.0131502 0.0149774 0.0170332 0.0193367 0.0218948 0.0246666 0.0276131 0.0306729 0.0337643 0.036795 0.0396331 0.0421216 0.0441299 0.0455328 0.0461717 0.0459042 0.0446409 0.0423559 0.0390158 0.0345796 0.0291095 0.0227106 0.0155104 0.00762083 -0.000833038 -0.00963459 -0.0185898 -0.0274765 -0.0360896 -0.0442097 -0.0515862 -0.0580335 -0.0633297 -0.0673228 -0.0698641 -0.0708974 -0.0704684 -0.0686549 -0.0656325 -0.0615456 -0.0566467 -0.0511716 -0.0454075 -0.0396067 -0.0339673 -0.0286752 -0.023821 -0.0195286 -0.0158072 -0.0127015 -0.0101481 -0.008113 -0.0065076 -0.00526435 -0.00432145 -0.00360808 -0.00309914 -0.00272351 -0.00248178 -0.00230411 -0.00220808 -0.00213125 -0.00210186 -0.00206885 -0.00206403 -0.00204795 -0.00204977 -0.00204038 -0.00204274 -0.00203674 -0.00203811 -0.00203441 -0.0020347 -0.00203277 -0.00203229 -0.00203169 -0.00203084 -0.00203115 -0.00203036 -0.00203115 -0.00203084 -0.00203169 -0.00203228 -0.00203276 -0.00203467 -0.00203434 -0.00203792 -0.00203627 -0.0020416 -0.00203775 -0.00204388 -0.00203527 -0.00203773 -0.00201635 -0.00200097 -0.00194473 -0.00187627 -0.00173597 -0.00154474 -0.00123293 -0.000807881 -0.000195953 0.000616825 0.00170555 0.00311823 0.00493079 0.00722433 0.0100511 0.0134824 0.0174982 0.0221086 0.0272099 0.0327399 0.0385295 0.0444183 0.0501622 0.0554945 0.0601626 0.063906 0.0665609 0.0679305 0.0679171 0.066422 0.0634652 0.0591368 0.053564 0.0469384 0.039423 0.0312591 0.0226417 0.0137724 0.00484297 -0.00395613 -0.0123967 -0.0203409 -0.0276603 -0.0342363 -0.0399286 -0.0446198 -0.0483014 -0.0509668 -0.0526131 -0.053266 -0.0530115 -0.0519844 -0.0502954 -0.0480647 -0.0454394 -0.0425594 -0.0395513 -0.0365282 -0.033569 -0.0307426 -0.0281221 -0.0257287 -0.0235594 -0.0216267 -0.0199401 -0.018478 -0.0171872 -0.0160838 -0.0151821 -0.014387 -0.0136851 -0.0131247 -0.0126409 -0.0122019 -0.0118427 -0.0115356 -0.0112585 -0.0110298 -0.0108499 -0.010701 -0.0105571 -0.0104201 -0.0103234 -0.0102665 -0.0102245 
0 0.000301569 0.000615043 0.000940379 0.0012584 0.00158754 0.00194066 0.00228981 0.0026523 0.00304961 0.00347553 0.00394941 0.00445335 0.00498579 0.00561292 0.00632428 0.00709973 0.00799421 0.00903916 0.0102559 0.0116382 0.0132033 0.0150353 0.0170987 0.0193643 0.0219082 0.0246844 0.0276233 0.0306918 0.0338109 0.0368973 0.0397963 0.0423748 0.0445325 0.0460972 0.0469465 0.0469624 0.046037 0.0441355 0.0412228 0.0373084 0.0324112 0.0265968 0.0200084 0.0127568 0.00494834 -0.00329567 -0.0118054 -0.0203822 -0.0288722 -0.037121 -0.0449513 -0.0521555 -0.0585204 -0.0638666 -0.0680267 -0.0708606 -0.0722827 -0.0722741 -0.0709007 -0.0682658 -0.064521 -0.0598587 -0.054515 -0.048768 -0.042873 -0.037072 -0.0315368 -0.0264166 -0.0218073 -0.0177774 -0.0143552 -0.0115192 -0.00923233 -0.00741168 -0.00599901 -0.00490594 -0.00408858 -0.00347775 -0.00304388 -0.00273642 -0.00253174 -0.00239682 -0.00231166 -0.00226115 -0.00222811 -0.00221271 -0.00219835 -0.00219573 -0.00218685 -0.00218867 -0.00218116 -0.00218472 -0.0021776 -0.00218204 -0.00217519 -0.0021802 -0.00217366 -0.00217912 -0.00217291 -0.00217876 -0.00217291 -0.00217912 -0.00217366 -0.0021802 -0.00217517 -0.00218199 -0.00217748 -0.00218442 -0.00218043 -0.00218694 -0.00218291 -0.00218708 -0.0021801 -0.00217557 -0.00215539 -0.00212409 -0.00206306 -0.00196281 -0.00180209 -0.00155398 -0.00119391 -0.000677264 2.48553e-05 0.00097579 0.00221626 0.00383165 0.00587916 0.00844939 0.0115881 0.015338 0.0196861 0.0245894 0.0299688 0.0357015 0.0416393 0.0475641 0.0532365 0.0583756 0.0627351 0.0660985 0.0682972 0.0692033 0.0687229 0.06684 0.0636014 0.05912 0.0535342 0.0470022 0.0397206 0.0318914 0.0236971 0.0152759 0.00675659 -0.00168638 -0.00988706 -0.0177078 -0.0250497 -0.031805 -0.0378214 -0.0429981 -0.0472569 -0.0505563 -0.0528819 -0.0542243 -0.0546464 -0.0542035 -0.0530054 -0.0512072 -0.0489015 -0.0462226 -0.0433086 -0.0402954 -0.0372878 -0.0343117 -0.0314878 -0.0288932 -0.0264853 -0.0243074 -0.0223912 -0.0207153 -0.0192514 -0.0179593 -0.0168693 -0.0159579 -0.0151431 -0.014447 -0.0138689 -0.0133731 -0.0129662 -0.0126053 -0.0122806 -0.0120292 -0.0118069 -0.0115991 -0.0114472 -0.0113306 -0.011227 -0.0111453 -0.0110836 
0 0.000350199 0.000665333 0.00102414 0.00140465 0.00174505 0.00210892 0.00252409 0.00294399 0.00338224 0.0038633 0.00437302 0.00493554 0.00558924 0.0063108 0.00709973 0.00801499 0.00907105 0.0102796 0.0116705 0.013244 0.0150545 0.0171249 0.0194047 0.0219257 0.024691 0.027638 0.0307107 0.0338219 0.0369267 0.0398973 0.0425419 0.0447913 0.0465136 0.0475505 0.0477865 0.0471163 0.0455326 0.0429783 0.0394421 0.0349954 0.0296803 0.0236234 0.016924 0.00970265 0.00208031 -0.00586246 -0.0139553 -0.0220754 -0.0300928 -0.0379045 -0.0453915 -0.052346 -0.058597 -0.063947 -0.0682589 -0.071385 -0.0732013 -0.0736591 -0.0727496 -0.0705663 -0.0672084 -0.0628553 -0.0577145 -0.0520472 -0.0461287 -0.040198 -0.0344723 -0.029095 -0.0242005 -0.0198584 -0.0161252 -0.0129963 -0.0104421 -0.00839979 -0.00679377 -0.00555431 -0.00460825 -0.00390635 -0.00339127 -0.0030307 -0.00277986 -0.00261724 -0.0025102 -0.00244656 -0.00240605 -0.00238377 -0.00236921 -0.00236132 -0.00235558 -0.00235193 -0.00234908 -0.00234662 -0.00234495 -0.00234297 -0.00234204 -0.00234045 -0.00234011 -0.00233894 -0.00233915 -0.00233844 -0.00233915 -0.00233894 -0.00234011 -0.00234044 -0.00234201 -0.0023429 -0.00234477 -0.00234615 -0.00234795 -0.00234932 -0.00234977 -0.00234883 -0.00234332 -0.00233209 -0.00230674 -0.00226288 -0.00218319 -0.00205666 -0.00185393 -0.00155524 -0.00111886 -0.000515409 0.000309234 0.00139927 0.00282546 0.00465343 0.00696368 0.00982393 0.013281 0.0173541 0.0220095 0.0271951 0.0327987 0.0387001 0.0447048 0.0505976 0.0561063 0.0609692 0.0649541 0.067865 0.0695747 0.069965 0.0690153 0.0667384 0.0632435 0.0586515 0.0530915 0.0467324 0.0397353 0.0323142 0.0245901 0.016674 0.00865589 0.000643082 -0.00721418 -0.0148414 -0.0221117 -0.02893 -0.035181 -0.0407399 -0.0455318 -0.0494273 -0.0524084 -0.0544738 -0.0556069 -0.0558484 -0.0552443 -0.0539569 -0.0520917 -0.0497105 -0.0469919 -0.0440682 -0.0410513 -0.0380234 -0.035052 -0.0322613 -0.0296649 -0.0272617 -0.0251079 -0.0231895 -0.021507 -0.0200458 -0.0187507 -0.0176443 -0.0167255 -0.0159263 -0.0152311 -0.0146489 -0.0141511 -0.0137243 -0.0133796 -0.0130784 -0.0127907 -0.012571 -0.012414 -0.0122592 -0.0121395 -0.0120615 -0.0119787 
0 0.000384044 0.000762309 0.00113184 0.00150424 0.00191015 0.0023457 0.00278239 0.00324114 0.00374808 0.00428807 0.00486595 0.00551876 0.00625884 0.00707442 0.00799421 0.00907105 0.0103061 0.01169 0.013265 0.0150824 0.0171393 0.0194122 0.0219321 0.0246936 0.0276299 0.0307073 0.033842 0.036945 0.0399449 0.0426685 0.0449899 0.0468102 0.0479913 0.0484246 0.0479705 0.0466101 0.0443574 0.0411548 0.0370583 0.0321319 0.0265056 0.0202963 0.0135661 0.00647421 -0.000900089 -0.00844093 -0.0160519 -0.0236628 -0.0311546 -0.0385012 -0.0455701 -0.0522327 -0.0583123 -0.0636286 -0.0680712 -0.0714551 -0.0736774 -0.0745964 -0.0741924 -0.0724937 -0.0695772 -0.0656052 -0.0607318 -0.0552365 -0.0493486 -0.0433623 -0.0374774 -0.0318859 -0.0267235 -0.022081 -0.0180425 -0.0146031 -0.0117784 -0.00948151 -0.00767859 -0.00625971 -0.00518427 -0.00436517 -0.0037684 -0.00333695 -0.00303731 -0.00283795 -0.00270379 -0.00262617 -0.00257052 -0.00254707 -0.00252243 -0.00251944 -0.00250508 -0.00250886 -0.00249761 -0.00250349 -0.00249337 -0.00249999 -0.00249059 -0.00249758 -0.00248882 -0.00249614 -0.00248795 -0.00249566 -0.00248795 -0.00249614 -0.00248881 -0.00249756 -0.00249054 -0.00249987 -0.00249307 -0.00250277 -0.00249591 -0.00250501 -0.00249665 -0.00250164 -0.00248622 -0.00247614 -0.00243672 -0.00238322 -0.00227901 -0.00212253 -0.00187551 -0.00151512 -0.0010039 -0.000294855 0.000649046 0.00190463 0.00351481 0.00558539 0.00815692 0.0113274 0.015094 0.0194861 0.0244305 0.029866 0.0356661 0.0416734 0.047699 0.0534721 0.058759 0.0632682 0.0668285 0.0692436 0.0704232 0.0702917 0.0688519 0.0662078 0.0624587 0.0577857 0.0522833 0.0461334 0.0394868 0.0324989 0.025299 0.01792 0.0104686 0.00297557 -0.00446823 -0.0117939 -0.01892 -0.0256983 -0.0320804 -0.0379415 -0.0431698 -0.0476368 -0.0512418 -0.0540097 -0.0558773 -0.0568314 -0.056921 -0.0562205 -0.0548644 -0.0529138 -0.0504959 -0.0477686 -0.0448274 -0.0418099 -0.038794 -0.0358408 -0.0330552 -0.03047 -0.0280861 -0.0259183 -0.0239955 -0.0223266 -0.020853 -0.0195539 -0.0184611 -0.0175375 -0.0167253 -0.0160326 -0.0154542 -0.0149456 -0.0145115 -0.0141654 -0.0138745 -0.0136294 -0.0134196 -0.0132241 -0.0130819 -0.0129963 -0.0129206 
