0 0 0 0 0 0 0 0 0 0 0 0 0 0 0 0 0 0 0 0 0 0 0 0 0 0 0 0 0 0 0 0 0 0 0 0 0 0 0 0 0 0 0 0 0 0 0 0 0 0 0 0 0 0 0 0 0 0 0 0 0 0 0 0 0 0 0 0 0 0 0 0 0 0 0 0 0 0 0 0 0 0 0 0 0 0 0 0 0 0 0 0 0 0 0 0 0 0 0 0 0 0 0 0 0 0 0 0 0 0 0 0 0 0 0 0 0 0 0 0 0 0 0 0 0 0 0 0 0 0 0 0 0 0 0 0 0 0 0 0 0 0 0 0 0 0 0 0 0 0 0 0 0 0 0 0 0 0 0 0 0 0 0 0 0 0 0 0 0 0 0 0 0 0 0 0 0 0 0 0 0 0 0 0 0 0 0 0 0 0 0 0 0 0 0 0 0 0 0 0 
0 8.94811e-06 1.64368e-05 2.93971e-05 2.9172e-05 2.51397e-05 4.14973e-05 5.67993e-05 6.01882e-05 7.47711e-05 9.0835e-05 7.33208e-05 6.91989e-05 0.000116868 0.000123846 0.000105086 0.000137761 0.000145633 0.000149933 0.000178168 0.000159684 0.000177711 0.000213406 0.000203526 0.00023187 0.000250596 0.000263721 0.000289297 0.000288042 0.000330447 0.000341605 0.000347399 0.000408941 0.000418371 0.000455914 0.000503331 0.000544112 0.000610425 0.00064116 0.000737709 0.000825811 0.000908428 0.00105395 0.0012014 0.00141604 0.00162471 0.0019007 0.0022446 0.00258912 0.00299373 0.00338501 0.00382531 0.00420523 0.00450707 0.00472489 0.0047874 0.00471064 0.00436826 0.0038339 0.00306375 0.00211772 0.000999363 -0.00026184 -0.00154481 -0.0028229 -0.00395466 -0.00497237 -0.00576228 -0.00634599 -0.00664933 -0.00670154 -0.00653055 -0.00617114 -0.00570332 -0.00511673 -0.00450558 -0.00383702 -0.00322078 -0.0026174 -0.00211908 -0.00166999 -0.00132401 -0.00102413 -0.000797517 -0.000607495 -0.000463891 -0.000353836 -0.000269435 -0.000216656 -0.000171041 -0.000154021 -0.000129012 -0.000130479 -0.000113811 -0.000123344 -0.000109014 -0.000121696 -0.00010761 -0.000121464 -0.000107212 -0.000121427 -0.000107118 -0.0001212 -0.00010698 -0.000120272 -0.000105927 -0.00011691 -0.000100923 -0.000105683 -8.32232e-05 -7.29036e-05 -3.3211e-05 8.01565e-06 8.21879e-05 0.000175396 0.000304215 0.000471617 0.000677101 0.000946213 0.00126228 0.00167445 0.00214268 0.00272211 0.00333317 0.00401734 0.00466611 0.00531593 0.00586512 0.00633855 0.00664272 0.00675727 0.00662068 0.00620607 0.00555259 0.00464696 0.00358731 0.00233714 0.00103036 -0.000322868 -0.00157063 -0.00269093 -0.0036382 -0.00437521 -0.00491258 -0.00517061 -0.00525714 -0.00514387 -0.00493356 -0.00459728 -0.0041828 -0.00377329 -0.00334465 -0.00297194 -0.00257614 -0.00225857 -0.00199136 -0.00174583 -0.00155437 -0.00136338 -0.00125863 -0.00113552 -0.00102765 -0.000968293 -0.000893503 -0.000857102 -0.000789394 -0.000762873 -0.000748091 -0.000686107 -0.000682029 -0.000653828 -0.000623353 -0.000608478 -0.000576133 -0.000580256 -0.000546803 -0.000530108 -0.000549837 -0.000512759 -0.000507283 -0.000506329 -0.000477779 -0.000491691 -0.000473361 -0.000439204 -0.000457108 -0.000468205 -0.000454352 -0.000434167 -0.00043135 -0.000441282 -0.000424139 -0.000418786 -0.000433006 -0.000416843 -0.000408581 -0.000426126 -0.000419459 -0.000403181 -0.000414162 
0 1.64368e-05 1.81101e-05 4.29835e-05 6.29654e-05 7.75277e-05 0.000100705 0.000100783 0.000112655 0.000133893 0.000139366 0.00018056 0.000210971 0.000195995 0.000211874 0.000246614 0.000268645 0.000278499 0.000288589 0.000334715 0.00036201 0.000369811 0.000413674 0.000433347 0.000446903 0.000494605 0.000523191 0.000549197 0.000597972 0.000650748 0.000690485 0.000733717 0.000804388 0.000863051 0.000913112 0.0009965 0.00109703 0.00118895 0.00130223 0.00146753 0.00165147 0.00185517 0.00211564 0.00245513 0.00284854 0.00329175 0.00384527 0.00449443 0.00521375 0.00597419 0.00678473 0.00762042 0.00836875 0.0089769 0.00937223 0.00952091 0.00931041 0.00866214 0.00757252 0.00605288 0.00417143 0.00193282 -0.000533635 -0.00310858 -0.00560047 -0.0078873 -0.00987518 -0.0114671 -0.0126116 -0.013221 -0.013344 -0.0129974 -0.0123205 -0.0113629 -0.0102374 -0.00898611 -0.00769749 -0.00643825 -0.00526874 -0.00424753 -0.00336798 -0.00265837 -0.00206192 -0.00160353 -0.00121559 -0.000935711 -0.000698201 -0.000546337 -0.000415781 -0.000348588 -0.00028445 -0.00026364 -0.000233471 -0.000232776 -0.00021706 -0.000223046 -0.000212734 -0.00022023 -0.000211837 -0.000219441 -0.000211638 -0.00021923 -0.000211254 -0.000218851 -0.000209649 -0.000216417 -0.000203357 -0.000205545 -0.000181474 -0.000168302 -0.000116661 -6.51838e-05 4.37554e-05 0.000169632 0.000375481 0.000618264 0.000963345 0.00137021 0.00190807 0.00254841 0.00335798 0.00431086 0.0054354 0.0066772 0.00799609 0.00931827 0.0105662 0.0116892 0.0125874 0.0132075 0.0134054 0.0131388 0.0123214 0.0110172 0.0092505 0.00711897 0.0046864 0.00206766 -0.000564802 -0.00306435 -0.00527352 -0.00716232 -0.00864298 -0.0096922 -0.0102644 -0.0104206 -0.0102557 -0.00982135 -0.00918331 -0.00838409 -0.00755366 -0.00673503 -0.00594474 -0.005198 -0.00453498 -0.00399225 -0.00351399 -0.00309821 -0.00276285 -0.00250732 -0.00228784 -0.00208602 -0.00193963 -0.00182703 -0.00171046 -0.00160385 -0.00153441 -0.00146848 -0.00139094 -0.00133616 -0.00130035 -0.00125589 -0.00120503 -0.00118406 -0.00115748 -0.0011083 -0.00109146 -0.00106453 -0.00102276 -0.00101296 -0.00100012 -0.000974604 -0.000948394 -0.000947839 -0.000957088 -0.000914323 -0.000886106 -0.00089453 -0.000879927 -0.000878767 -0.00087069 -0.00084864 -0.000861681 -0.000846765 -0.000828748 -0.000852298 -0.00082816 -0.00081258 -0.000844191 -0.000821124 
0 2.93971e-05 4.29835e-05 6.65429e-05 8.91952e-05 0.000106229 0.000134752 0.000158799 0.000182024 0.000211273 0.000228763 0.000250773 0.000282188 0.000306174 0.000335703 0.000368378 0.000395768 0.00042649 0.000458192 0.000493962 0.000527147 0.00055824 0.000606732 0.000649511 0.000686078 0.000744453 0.000795246 0.00083957 0.000904506 0.000969131 0.00103154 0.00110545 0.00119539 0.00129178 0.00138583 0.00151136 0.00165895 0.00180686 0.00199243 0.00222477 0.00249925 0.00281822 0.00321396 0.00371911 0.00430716 0.00500013 0.00583049 0.00679663 0.00786943 0.00900772 0.0102124 0.0114128 0.0125017 0.0133713 0.0139308 0.0140982 0.0137329 0.0127489 0.0111083 0.00885288 0.00603686 0.00273262 -0.000907415 -0.00468713 -0.00835794 -0.0117394 -0.0146667 -0.017024 -0.0186966 -0.0196193 -0.0198057 -0.0193315 -0.0183378 -0.0169406 -0.0152746 -0.0134292 -0.0115279 -0.00966177 -0.00793605 -0.00640438 -0.0051011 -0.00401934 -0.00313691 -0.00242832 -0.001861 -0.00142138 -0.00108022 -0.000833593 -0.000651245 -0.000533237 -0.000448915 -0.000403151 -0.000368577 -0.0003558 -0.000341744 -0.000341216 -0.000334128 -0.000337339 -0.000332249 -0.000336399 -0.000331769 -0.000336029 -0.000331232 -0.000334966 -0.000328888 -0.000330099 -0.000319054 -0.000311255 -0.000284505 -0.000250684 -0.000183313 -8.87894e-05 6.34692e-05 0.000272068 0.000568274 0.000954002 0.00145927 0.00209365 0.00289105 0.00387544 0.00507887 0.00651827 0.00818109 0.0100295 0.011975 0.0139309 0.0157771 0.0174255 0.018746 0.0196247 0.0199037 0.0194771 0.01828 0.0163408 0.01374 0.0105778 0.0069918 0.00314077 -0.000733915 -0.00441528 -0.00770587 -0.0105014 -0.0127134 -0.0142727 -0.0151661 -0.0154436 -0.0152329 -0.0146183 -0.0136948 -0.0125596 -0.0113411 -0.0101341 -0.0089606 -0.00786647 -0.00688763 -0.00605483 -0.00533793 -0.00471464 -0.00420888 -0.0037985 -0.00345646 -0.00316078 -0.00292433 -0.00274141 -0.00256831 -0.00242237 -0.0023093 -0.00220682 -0.00210995 -0.00202357 -0.00195831 -0.00188884 -0.00181783 -0.00177172 -0.00172061 -0.00166691 -0.00163245 -0.00159611 -0.00155793 -0.00152563 -0.00149761 -0.0014713 -0.00143877 -0.00141543 -0.00139755 -0.00137199 -0.00135998 -0.00134752 -0.00132407 -0.00131456 -0.00130097 -0.00128424 -0.00128301 -0.00126924 -0.00125727 -0.0012614 -0.00124752 -0.00124214 -0.00125281 -0.00123617 
0 2.9172e-05 6.29654e-05 8.91952e-05 0.000121384 0.000145518 0.000169827 0.000217465 0.00024352 0.000272726 0.000326356 0.000333055 0.000353014 0.000426522 0.000459343 0.000480097 0.000525795 0.00056993 0.000624654 0.000658206 0.000694501 0.000762516 0.000806142 0.000861466 0.000934011 0.000985396 0.00105964 0.00113706 0.00120672 0.00129597 0.00138558 0.00148928 0.00160331 0.00172425 0.00187475 0.00203547 0.00221909 0.00244296 0.00269751 0.00300749 0.00337902 0.00382632 0.00438006 0.00504034 0.00584073 0.00678911 0.00789363 0.00916868 0.0105691 0.0120839 0.0136425 0.0151677 0.0165497 0.0176355 0.0183247 0.0184482 0.0179 0.0165539 0.0143755 0.0113989 0.00767474 0.00336324 -0.00138659 -0.00627658 -0.011066 -0.0154712 -0.0192968 -0.0223712 -0.024547 -0.0257815 -0.026047 -0.0254892 -0.0242064 -0.0224177 -0.0202314 -0.0178374 -0.0153442 -0.0129099 -0.0106397 -0.00861361 -0.00688337 -0.00542595 -0.00425092 -0.00328209 -0.00253414 -0.00192309 -0.00148175 -0.00112667 -0.000898683 -0.000714854 -0.000618764 -0.000533133 -0.000504654 -0.00046562 -0.000465133 -0.000444562 -0.000453286 -0.000439058 -0.000450086 -0.000437804 -0.000449212 -0.0004372 -0.000448447 -0.000435289 -0.000445092 -0.000427456 -0.000430759 -0.000399153 -0.000381024 -0.000312021 -0.000238561 -8.61995e-05 0.000101512 0.000406463 0.00078694 0.00132706 0.00198997 0.00286182 0.0039218 0.00525589 0.00685537 0.00876971 0.0109586 0.0133765 0.0159241 0.0184653 0.0208858 0.0230085 0.0247213 0.0258047 0.0261404 0.025538 0.02398 0.0214457 0.018055 0.0139312 0.00925561 0.00427567 -0.000762253 -0.00554221 -0.00987368 -0.0135428 -0.0164653 -0.0185449 -0.0197822 -0.020247 -0.0200316 -0.0192947 -0.0181342 -0.0167187 -0.0151602 -0.0135745 -0.0120446 -0.010607 -0.00932394 -0.00818885 -0.00721777 -0.006397 -0.00570345 -0.0051363 -0.004661 -0.00427316 -0.00395147 -0.00367541 -0.00345509 -0.00326297 -0.00309401 -0.00295428 -0.00282615 -0.00271796 -0.00261377 -0.00251894 -0.00244721 -0.0023624 -0.00229464 -0.00224266 -0.00217407 -0.0021321 -0.0020906 -0.00203544 -0.00199679 -0.00195834 -0.00193671 -0.00189737 -0.00183979 -0.00184235 -0.00183441 -0.00178687 -0.00177081 -0.00175151 -0.00173399 -0.00172873 -0.00169964 -0.00169614 -0.00169544 -0.00166338 -0.00167304 -0.00167571 -0.00164205 -0.00165868 
0 2.51397e-05 7.75277e-05 0.000106229 0.000145518 0.000203478 0.000227392 0.000258116 0.000307112 0.000333619 0.000372619 0.000444045 0.000494138 0.000509116 0.000552394 0.000619888 0.000660291 0.000713038 0.000768908 0.000814187 0.000902116 0.000964027 0.00100532 0.0010953 0.00116472 0.00123438 0.00132505 0.00141718 0.00152886 0.00162117 0.00175258 0.00189747 0.00201075 0.00218796 0.00237045 0.00256746 0.00280764 0.0030824 0.00344115 0.00381944 0.00430284 0.00490803 0.005603 0.00646037 0.00745929 0.00867792 0.0100609 0.011612 0.0133534 0.0151862 0.0170821 0.0188681 0.0204814 0.0217419 0.0224704 0.0225238 0.0217151 0.0200092 0.0172821 0.0136067 0.00903279 0.00375962 -0.00197532 -0.00790967 -0.0136889 -0.0190646 -0.0236998 -0.0274473 -0.0300957 -0.0316261 -0.032016 -0.0313868 -0.0298977 -0.0277279 -0.0251039 -0.0221708 -0.0191588 -0.0161675 -0.013398 -0.01088 -0.00873032 -0.00689563 -0.00541084 -0.00418917 -0.00323228 -0.00246918 -0.00189252 -0.00145631 -0.00114257 -0.000925028 -0.000775055 -0.000685034 -0.000620901 -0.000593163 -0.000565734 -0.000563477 -0.000548668 -0.000555364 -0.00054396 -0.000553394 -0.000542639 -0.000552443 -0.000541411 -0.0005496 -0.000536357 -0.000538221 -0.00051586 -0.00049835 -0.000447435 -0.000379657 -0.000257734 -8.1355e-05 0.000183224 0.000554286 0.00105658 0.00172687 0.00257929 0.00367497 0.00502096 0.00670132 0.00869981 0.0110837 0.0137644 0.0167358 0.019817 0.0229274 0.0258385 0.0284212 0.0304353 0.0317063 0.0320308 0.0312608 0.0293465 0.0262624 0.0221548 0.0171295 0.0114899 0.0054574 -0.000598477 -0.00641559 -0.0116948 -0.0162073 -0.0198192 -0.0224121 -0.0240524 -0.0247296 -0.0246092 -0.0237894 -0.0224778 -0.020842 -0.0189853 -0.0170832 -0.01519 -0.0134546 -0.0118516 -0.0104194 -0.00919572 -0.00814438 -0.00728622 -0.00652631 -0.0059253 -0.00543951 -0.00500933 -0.00466482 -0.00435932 -0.00413061 -0.00390333 -0.00369872 -0.00356296 -0.00340391 -0.00327433 -0.00316664 -0.00306694 -0.00297999 -0.00287754 -0.00282066 -0.00274705 -0.00265207 -0.00261325 -0.00255664 -0.00249635 -0.00245861 -0.00240558 -0.00237823 -0.00235909 -0.00230815 -0.00225595 -0.00223513 -0.00223135 -0.00219669 -0.00216579 -0.00216562 -0.00213982 -0.00211669 -0.00211948 -0.00210139 -0.00208521 -0.00208133 -0.00207202 -0.00207481 
0 4.14973e-05 0.000100705 0.000134752 0.000169827 0.000227392 0.000269293 0.000315083 0.000378043 0.000421363 0.000459296 0.000516195 0.00056771 0.000616182 0.000686227 0.000747306 0.000794137 0.000868366 0.000934998 0.000987989 0.00107361 0.00114657 0.00121559 0.0013202 0.00141102 0.00150149 0.00160972 0.00172419 0.00184551 0.00195969 0.00211549 0.00228336 0.00243531 0.0026501 0.00288568 0.00313415 0.00343252 0.00378702 0.00422192 0.00469841 0.00529489 0.00604444 0.00690809 0.00794953 0.00918408 0.0106586 0.0123255 0.0141659 0.0162118 0.0183556 0.0205147 0.022526 0.0242908 0.025641 0.0263395 0.0262293 0.0251335 0.0230076 0.0197487 0.0153862 0.0100299 0.00388798 -0.00273561 -0.00957511 -0.0162503 -0.0224614 -0.0278417 -0.0321732 -0.0352734 -0.0370819 -0.0376218 -0.0369681 -0.0353177 -0.0328417 -0.0298192 -0.0264275 -0.0229247 -0.0194479 -0.0161884 -0.0132231 -0.0106419 -0.00844814 -0.00663388 -0.00516416 -0.00398423 -0.00306762 -0.00234956 -0.00182496 -0.00142577 -0.00116221 -0.000964301 -0.000854522 -0.00076582 -0.000732386 -0.000693058 -0.000691051 -0.000670265 -0.000679 -0.000664048 -0.000675802 -0.000662254 -0.000674339 -0.000660178 -0.000670394 -0.000652214 -0.000654696 -0.000622568 -0.000600771 -0.00052921 -0.000444963 -0.000281514 -6.51089e-05 0.000275354 0.000725012 0.00135481 0.00216327 0.00321956 0.00454266 0.00619733 0.00821761 0.0106348 0.0134574 0.01663 0.0200934 0.0236867 0.0272868 0.0306527 0.0336128 0.0358807 0.0372718 0.0375463 0.0365947 0.0343254 0.0307512 0.0259747 0.0201677 0.0136489 0.00670862 -0.000266037 -0.0069989 -0.0131412 -0.0184442 -0.0227041 -0.0258369 -0.02788 -0.0288449 -0.0288659 -0.0280568 -0.026668 -0.0248695 -0.0227996 -0.0206142 -0.0184291 -0.0163973 -0.0145031 -0.0127919 -0.0113001 -0.010028 -0.00896094 -0.00802103 -0.00726316 -0.00664622 -0.00611311 -0.00566865 -0.00529418 -0.00500564 -0.00472978 -0.00448705 -0.00431133 -0.0041278 -0.00396336 -0.00382478 -0.00370049 -0.00358468 -0.00346448 -0.00338428 -0.0033018 -0.00320672 -0.00315137 -0.00308367 -0.00301109 -0.00296681 -0.00290764 -0.0028481 -0.00281059 -0.00277334 -0.00273457 -0.00270441 -0.00267687 -0.00264038 -0.0026125 -0.00259775 -0.00257271 -0.00255153 -0.00253956 -0.00252196 -0.00251496 -0.00251175 -0.00249933 -0.0024925 
0 5.67993e-05 0.000100783 0.000158799 0.000217465 0.000258116 0.000315083 0.000380973 0.000423939 0.000485397 0.00056582 0.000602788 0.000646904 0.000744174 0.000811613 0.000857297 0.000936927 0.00101269 0.00109579 0.00118011 0.00124631 0.0013506 0.00144834 0.00153568 0.00166114 0.00176161 0.00188701 0.00203632 0.00215674 0.00232867 0.00249989 0.00268162 0.00290581 0.00312594 0.00341989 0.00372359 0.00407408 0.00453378 0.00502548 0.00564587 0.0063741 0.00726444 0.00833944 0.00955956 0.0110621 0.0127681 0.014706 0.0168404 0.0191283 0.0215557 0.0238888 0.0260803 0.0279168 0.0292566 0.029865 0.0295012 0.0281088 0.025509 0.0217391 0.0167208 0.0106562 0.00376251 -0.00366014 -0.0112521 -0.0187306 -0.025629 -0.0316857 -0.0365187 -0.0400486 -0.0421337 -0.042838 -0.0422235 -0.0404472 -0.0377625 -0.0343762 -0.0306228 -0.0266525 -0.0227652 -0.0190231 -0.0156512 -0.0126302 -0.0100844 -0.00792828 -0.00619758 -0.00479054 -0.00369806 -0.00284559 -0.00220414 -0.00173502 -0.00139272 -0.00116888 -0.00100475 -0.000918669 -0.000844756 -0.000824325 -0.000788084 -0.000794134 -0.000770646 -0.000785847 -0.000765735 -0.000783353 -0.000763525 -0.000780076 -0.000758031 -0.000768154 -0.000736729 -0.000726586 -0.000665589 -0.00060231 -0.000466575 -0.000286339 3.79565e-06 0.000400604 0.00095881 0.00170333 0.00267422 0.00393112 0.00549774 0.00746652 0.00982554 0.0126649 0.0158928 0.019546 0.0234298 0.0275072 0.0314972 0.0352771 0.0385049 0.0409839 0.04241 0.0426123 0.0414546 0.0388457 0.034841 0.0294643 0.0230206 0.0157281 0.0080527 0.000264503 -0.00723183 -0.0141431 -0.0201604 -0.0250326 -0.0287356 -0.0311867 -0.0325267 -0.0327438 -0.0320703 -0.0306891 -0.0288017 -0.0266074 -0.0241803 -0.0217808 -0.0194416 -0.0172799 -0.0152983 -0.0135242 -0.0120372 -0.0107176 -0.00962417 -0.00869054 -0.00792168 -0.00729799 -0.00672872 -0.00629904 -0.00591444 -0.00558242 -0.00531346 -0.00505258 -0.00486008 -0.00465869 -0.00448371 -0.00435301 -0.00419597 -0.00408394 -0.00397153 -0.00385586 -0.00378221 -0.00368445 -0.00360094 -0.00353358 -0.00345874 -0.00341601 -0.00334765 -0.00327158 -0.00325309 -0.00321961 -0.00315633 -0.00311753 -0.00309345 -0.00306649 -0.00303243 -0.00300536 -0.00299606 -0.00297333 -0.00294623 -0.00294561 -0.00293514 -0.00291185 -0.00291791 
0 6.01882e-05 0.000112655 0.000182024 0.00024352 0.000307112 0.000378043 0.000423939 0.00048951 0.00056327 0.000612848 0.000704594 0.000795909 0.000839462 0.000906106 0.000995318 0.00108879 0.00116886 0.00124008 0.00135678 0.00145825 0.00154899 0.00167752 0.0017757 0.00189661 0.00204644 0.00217264 0.00233497 0.00250422 0.00269097 0.00289913 0.00310726 0.00337613 0.00365076 0.00396485 0.00435234 0.00477862 0.0053082 0.00591617 0.00665743 0.00755206 0.00859603 0.00986624 0.0113314 0.0130579 0.0150238 0.0172104 0.019615 0.0221383 0.0247409 0.0272307 0.0294893 0.0313344 0.0325579 0.0329678 0.0323206 0.0305398 0.0274875 0.023164 0.0175719 0.0108726 0.00334062 -0.00473794 -0.012981 -0.0210782 -0.0285783 -0.0351544 -0.0404616 -0.0443514 -0.0467316 -0.0476102 -0.047076 -0.0452534 -0.0424095 -0.0387745 -0.0346904 -0.0303633 -0.0260693 -0.0219321 -0.0181347 -0.014729 -0.0117983 -0.00932584 -0.00730225 -0.00567439 -0.00438633 -0.00339341 -0.00262963 -0.0020744 -0.00166006 -0.00138615 -0.00118462 -0.0010717 -0.000982524 -0.000948194 -0.000908835 -0.000906691 -0.000885695 -0.000894576 -0.000879078 -0.000890747 -0.000875793 -0.000886111 -0.000867498 -0.000869893 -0.000837439 -0.000814817 -0.00074248 -0.000655404 -0.000488629 -0.000263498 8.93767e-05 0.00056417 0.00123137 0.00210355 0.00325124 0.00471109 0.00654932 0.00881786 0.0115482 0.014767 0.0184224 0.0224787 0.026785 0.0312391 0.0355938 0.0396635 0.0431105 0.0456966 0.0471123 0.0472006 0.0458106 0.0428976 0.0384744 0.0326299 0.0256255 0.0177508 0.00944079 0.00101066 -0.00713328 -0.0146925 -0.0213214 -0.026802 -0.0310322 -0.0339654 -0.0356803 -0.0362057 -0.0357511 -0.0344725 -0.0326061 -0.030325 -0.0277854 -0.0251875 -0.0226078 -0.0201892 -0.0179416 -0.0159302 -0.0141683 -0.0126277 -0.0113407 -0.0102252 -0.00930419 -0.0085302 -0.00787785 -0.00734389 -0.00686212 -0.00648407 -0.00614738 -0.00584296 -0.00559882 -0.00536882 -0.00518208 -0.00499506 -0.00483618 -0.00471207 -0.00455821 -0.00444583 -0.00433916 -0.00421951 -0.00414445 -0.00405793 -0.00396933 -0.00389877 -0.00384619 -0.00380642 -0.00371815 -0.00365269 -0.00363777 -0.0035837 -0.00354158 -0.00351917 -0.00347368 -0.00345357 -0.00343189 -0.00340234 -0.00339822 -0.00336862 -0.00334526 -0.00335686 -0.00334051 
0 7.47711e-05 0.000133893 0.000211273 0.000272726 0.000333619 0.000421363 0.000485397 0.00056327 0.000655286 0.000702849 0.000780385 0.000879851 0.000945547 0.00104463 0.00114697 0.00122526 0.00132608 0.00142312 0.00153466 0.00164592 0.00174571 0.00189824 0.00202825 0.00215391 0.0023405 0.00248638 0.0026513 0.00286536 0.00306154 0.00329561 0.00355128 0.00385469 0.00419873 0.00455539 0.00502829 0.00555531 0.00615293 0.006899 0.0077703 0.00882939 0.0100515 0.0115133 0.0132459 0.01519 0.0174117 0.0198453 0.0224818 0.0252122 0.0279113 0.0304971 0.0327343 0.0344881 0.0355013 0.0356078 0.0346277 0.0323956 0.028882 0.0240069 0.0179024 0.0106704 0.00261182 -0.00597573 -0.0147451 -0.0232926 -0.0312705 -0.0382369 -0.0439556 -0.0481619 -0.0508307 -0.0519051 -0.0514842 -0.0496942 -0.0467564 -0.0429778 -0.0386244 -0.034029 -0.029366 -0.0248936 -0.0206871 -0.0169274 -0.0136107 -0.010826 -0.00849983 -0.00664047 -0.00514952 -0.00399996 -0.00311298 -0.00245295 -0.00197138 -0.00162715 -0.00139768 -0.00123742 -0.00114641 -0.00107814 -0.00105199 -0.00102208 -0.00102159 -0.00100479 -0.00101268 -0.000999077 -0.00100787 -0.000992563 -0.000995731 -0.00097072 -0.000954156 -0.000898711 -0.000829294 -0.000697132 -0.00050972 -0.000217851 0.000192044 0.000766216 0.00154242 0.00256249 0.00389412 0.00557402 0.00769559 0.0102694 0.013377 0.0169565 0.0210292 0.02544 0.0301382 0.0348885 0.0395508 0.0438029 0.0473974 0.049994 0.0513526 0.0512806 0.0496484 0.046444 0.0416426 0.0354306 0.0279768 0.0196842 0.0108685 0.00195709 -0.00671071 -0.0147826 -0.0219316 -0.0279732 -0.0327102 -0.0361569 -0.0382697 -0.0391897 -0.0390315 -0.0379646 -0.0362114 -0.0339267 -0.0313705 -0.0286314 -0.025883 -0.0232296 -0.0207481 -0.0185129 -0.0164696 -0.0147095 -0.0131938 -0.0118921 -0.0107909 -0.00984323 -0.00909546 -0.00843384 -0.00786561 -0.00742127 -0.0070192 -0.00668195 -0.00637159 -0.00611735 -0.00590035 -0.0056585 -0.00548942 -0.00532898 -0.00515066 -0.00503396 -0.00490861 -0.00478813 -0.00468879 -0.00458936 -0.00451369 -0.0044113 -0.00432742 -0.00428273 -0.00419738 -0.00414566 -0.00411759 -0.00404231 -0.00400331 -0.00397475 -0.00392353 -0.0039065 -0.0038689 -0.00382841 -0.00383396 -0.00380962 -0.00378961 -0.00380117 -0.00376765 
0 9.0835e-05 0.000139366 0.000228763 0.000326356 0.000372619 0.000459296 0.00056582 0.000612848 0.000702849 0.000827442 0.000882605 0.000961935 0.00108289 0.00117055 0.00127308 0.00137065 0.00147067 0.00161852 0.00172528 0.00183387 0.00199169 0.00212222 0.00227267 0.00243513 0.00260184 0.00280476 0.00298797 0.0032208 0.0034789 0.00371782 0.00404008 0.00438287 0.00475949 0.00521215 0.005732 0.00637171 0.00707849 0.00794748 0.00901011 0.010219 0.011665 0.0133449 0.0153122 0.0175128 0.0199345 0.0226148 0.0254186 0.0282801 0.0310354 0.0335905 0.0357569 0.037286 0.0380241 0.0377513 0.0363675 0.0336843 0.0296635 0.0243135 0.0177242 0.0100903 0.00160848 -0.00735601 -0.0164965 -0.0253802 -0.0336646 -0.04096 -0.0469763 -0.0515063 -0.0544225 -0.0557339 -0.0554537 -0.0537619 -0.0508221 -0.0469659 -0.0424535 -0.0376211 -0.0326843 -0.027874 -0.023333 -0.0191937 -0.0155399 -0.0124032 -0.00979846 -0.00766664 -0.00598154 -0.00464503 -0.00363467 -0.00285312 -0.00229686 -0.0018777 -0.00160675 -0.00140468 -0.00129396 -0.00120543 -0.00117162 -0.00113333 -0.00113042 -0.00111064 -0.00111771 -0.0011028 -0.00111079 -0.00109323 -0.00109419 -0.00106264 -0.00103938 -0.000967224 -0.000880402 -0.000712209 -0.000487455 -0.000128912 0.000349153 0.0010334 0.00192268 0.00311401 0.00462508 0.00655966 0.00894543 0.0118603 0.0153005 0.0192638 0.0236799 0.0284478 0.0334389 0.0384575 0.043306 0.0476743 0.0512995 0.0538336 0.0550759 0.0547957 0.0529363 0.0494242 0.0443393 0.0378093 0.0300809 0.0214843 0.0123501 0.00309714 -0.00594858 -0.0143867 -0.0219853 -0.0284836 -0.0337502 -0.0376834 -0.040273 -0.0416419 -0.0418669 -0.0411385 -0.0395702 -0.0374261 -0.034892 -0.0321136 -0.0292454 -0.0263857 -0.0237169 -0.0212209 -0.0189497 -0.016937 -0.0151868 -0.0137053 -0.0123884 -0.0113041 -0.0104007 -0.00961878 -0.00896746 -0.00839884 -0.00795116 -0.00753491 -0.00716686 -0.00688832 -0.00660269 -0.00636643 -0.00615935 -0.00596256 -0.00580035 -0.00562406 -0.00549589 -0.00537185 -0.00521949 -0.00512905 -0.0050341 -0.00493333 -0.00485545 -0.00475587 -0.00470544 -0.00466041 -0.00455754 -0.00451101 -0.00448839 -0.00441827 -0.00437812 -0.0043594 -0.00431972 -0.00429077 -0.00427006 -0.00424625 -0.00422819 -0.00421516 -0.00421058 
0 7.33208e-05 0.00018056 0.000250773 0.000333055 0.000444045 0.000516195 0.000602788 0.000704594 0.000780385 0.000882605 0.000991678 0.00109439 0.00120536 0.001286 0.00139786 0.00154335 0.00165108 0.00177512 0.0019112 0.00205498 0.0022219 0.00235858 0.00252972 0.00272404 0.0028986 0.00312459 0.00334923 0.00359668 0.00389001 0.00417999 0.00454321 0.00493674 0.00537742 0.0059179 0.00652141 0.00726085 0.00810907 0.00912426 0.0103561 0.0117566 0.0134223 0.0153382 0.0175319 0.0199714 0.0226091 0.0254763 0.0284125 0.0313314 0.0340763 0.03652 0.0384919 0.0397187 0.0400753 0.0393677 0.0375096 0.0343453 0.0298299 0.0240361 0.0170541 0.00910014 0.000338275 -0.008877 -0.0182283 -0.0273065 -0.0357653 -0.043276 -0.0495254 -0.0543233 -0.05749 -0.0590356 -0.0589514 -0.0574085 -0.0545617 -0.0507103 -0.0461309 -0.0411347 -0.0359843 -0.0308892 -0.0260449 -0.0215619 -0.0175757 -0.0141036 -0.0112035 -0.0088029 -0.00689781 -0.0053754 -0.00421686 -0.00331641 -0.00266419 -0.00217395 -0.00184373 -0.00160464 -0.00145988 -0.00135683 -0.00130417 -0.00126397 -0.00124961 -0.00123366 -0.00123202 -0.00122269 -0.00122219 -0.00120922 -0.00119955 -0.00116796 -0.00112772 -0.00104456 -0.000927067 -0.000727365 -0.000448349 -2.64015e-05 0.000540684 0.0013334 0.00236107 0.00372458 0.00544372 0.00763354 0.0103071 0.0135529 0.0173305 0.0216484 0.0263874 0.0314654 0.0367011 0.0419196 0.0468706 0.051269 0.0548255 0.0572307 0.0582859 0.0577807 0.0556702 0.0518862 0.0465557 0.0398037 0.03191 0.023147 0.0138483 0.00439256 -0.00487603 -0.0135776 -0.0215059 -0.0284016 -0.0341406 -0.0385624 -0.0416623 -0.0435203 -0.0442109 -0.0438852 -0.0426298 -0.0407123 -0.0382963 -0.0355598 -0.0326411 -0.0296638 -0.0268177 -0.0241048 -0.0216137 -0.0193581 -0.01737 -0.0156617 -0.0141476 -0.012886 -0.0118061 -0.0108925 -0.0101303 -0.00945793 -0.00892117 -0.00843752 -0.00802362 -0.00768137 -0.00735363 -0.00709672 -0.00684537 -0.00662023 -0.00644427 -0.00624481 -0.00608355 -0.00594168 -0.00580338 -0.0056872 -0.00554968 -0.00545882 -0.00538959 -0.0052808 -0.00519877 -0.00512024 -0.00505228 -0.00501284 -0.00493912 -0.00488639 -0.00485854 -0.00479811 -0.00477319 -0.0047591 -0.00470754 -0.00469054 -0.00467906 -0.00464665 -0.00465539 
0 6.91989e-05 0.000210971 0.000282188 0.000353014 0.000494138 0.00056771 0.000646904 0.000795909 0.000879851 0.000961935 0.00109439 0.00118661 0.00130654 0.00145195 0.00155432 0.00169301 0.00183449 0.00194819 0.00211498 0.00227737 0.00242494 0.00261384 0.00280795 0.00301564 0.00322929 0.00345817 0.00373436 0.0039997 0.00430708 0.00468267 0.0050658 0.00552595 0.00606251 0.00667608 0.00740534 0.00824057 0.00925755 0.010444 0.0118256 0.0134664 0.0153389 0.0175009 0.0199126 0.0225604 0.0254224 0.0283945 0.0314216 0.0343168 0.0369729 0.0392256 0.0408699 0.0417364 0.0416115 0.0404309 0.0380398 0.0343754 0.0294063 0.0232022 0.0159367 0.00772879 -0.00116359 -0.0105108 -0.0199168 -0.0290556 -0.0375793 -0.0451888 -0.0516233 -0.0566148 -0.0600477 -0.0618097 -0.0619857 -0.0606305 -0.0579695 -0.0542011 -0.0496395 -0.0445604 -0.0392454 -0.0339337 -0.0288024 -0.0240309 -0.0197017 -0.0159312 -0.0127026 -0.0100539 -0.00788708 -0.00619254 -0.00484763 -0.00384032 -0.00306138 -0.00251042 -0.00209732 -0.00182951 -0.00163357 -0.00152276 -0.00143956 -0.00140313 -0.00136949 -0.00136224 -0.00134614 -0.0013468 -0.00133236 -0.0013284 -0.00130122 -0.00127439 -0.00120701 -0.00111826 -0.000954931 -0.000730176 -0.000375511 0.000101743 0.000786332 0.0016779 0.00288047 0.00440538 0.00637491 0.00880379 0.0118023 0.0153472 0.0194796 0.0240997 0.0291532 0.034473 0.0399142 0.0452487 0.0502251 0.0545639 0.0579562 0.0601727 0.060964 0.0602292 0.0578333 0.0538343 0.0482846 0.0414185 0.0334469 0.0246533 0.0153356 0.00581567 -0.00351549 -0.0123904 -0.0205162 -0.0277536 -0.0338794 -0.0387861 -0.0424141 -0.0447918 -0.046023 -0.046145 -0.045336 -0.0437246 -0.0415362 -0.0389228 -0.0360269 -0.0330345 -0.0300283 -0.0271573 -0.0244511 -0.0219727 -0.0197548 -0.0177754 -0.0160831 -0.0146032 -0.0133376 -0.0122755 -0.0113677 -0.0106146 -0.00994795 -0.00940096 -0.00894364 -0.00850834 -0.00815669 -0.0078468 -0.00755599 -0.00730427 -0.00707532 -0.00689026 -0.00669878 -0.00652055 -0.00640032 -0.00625123 -0.00611351 -0.00601463 -0.00588374 -0.00578921 -0.00571728 -0.00561542 -0.00555944 -0.00549564 -0.00540335 -0.00537723 -0.00533822 -0.00525771 -0.00522945 -0.00520131 -0.00515462 -0.00515345 -0.00514445 -0.00510728 -0.00509855 
0 0.000116868 0.000195995 0.000306174 0.000426522 0.000509116 0.000616182 0.000744174 0.000839462 0.000945547 0.00108289 0.00120536 0.00130654 0.00142895 0.00158364 0.00171366 0.00183449 0.00200272 0.00216549 0.00232278 0.00250568 0.00267507 0.00287151 0.003096 0.00330517 0.00354657 0.00382296 0.00411956 0.00443413 0.00478874 0.00521437 0.0056598 0.00617372 0.00680436 0.00751458 0.0083465 0.0093324 0.0105165 0.0118909 0.0134716 0.0153409 0.0174629 0.0198423 0.0224636 0.0253061 0.0283168 0.0313593 0.0343671 0.0371783 0.0396507 0.041603 0.0428488 0.0432499 0.0426229 0.0409004 0.0379679 0.0338063 0.0284194 0.0218948 0.0143983 0.00606182 -0.00287619 -0.0121989 -0.0215452 -0.0306204 -0.0391054 -0.0467405 -0.0532702 -0.0584357 -0.0620882 -0.0641068 -0.0645495 -0.06346 -0.0610348 -0.0574396 -0.052968 -0.0478767 -0.0424655 -0.0369744 -0.0316136 -0.0265618 -0.021934 -0.017847 -0.0143169 -0.011383 -0.00896952 -0.00706114 -0.00554213 -0.00439115 -0.00349793 -0.00285622 -0.00237204 -0.00205169 -0.00181537 -0.00167846 -0.0015748 -0.00152819 -0.00148483 -0.0014751 -0.00145362 -0.00145415 -0.00143459 -0.00142885 -0.00139291 -0.00135768 -0.00127197 -0.00116045 -0.000960368 -0.000688177 -0.000267742 0.000293093 0.00108447 0.00210987 0.00347646 0.00520361 0.00741024 0.0101167 0.0134152 0.0172806 0.021723 0.0266405 0.0319465 0.0374745 0.043045 0.0484272 0.0533435 0.0575293 0.0606878 0.0626267 0.0631256 0.0621031 0.0594505 0.0552381 0.0495551 0.0426348 0.034695 0.0259838 0.0167768 0.00735649 -0.0019242 -0.0108248 -0.019078 -0.0265381 -0.0329997 -0.0383479 -0.042506 -0.0454522 -0.047244 -0.0479134 -0.0476109 -0.0464331 -0.0445603 -0.0421523 -0.0393818 -0.0364172 -0.0333436 -0.0303248 -0.0274404 -0.0247635 -0.0223054 -0.0200902 -0.0181767 -0.0164962 -0.015038 -0.0137916 -0.0127473 -0.0118597 -0.0110712 -0.0104306 -0.00988531 -0.00939205 -0.00897519 -0.0086196 -0.00831105 -0.0080143 -0.0077626 -0.00755312 -0.00733325 -0.0071468 -0.00697685 -0.00681087 -0.0066872 -0.0065582 -0.00642256 -0.00632236 -0.00624111 -0.00614712 -0.0060416 -0.00597656 -0.00592621 -0.00583663 -0.00578238 -0.00576247 -0.00570187 -0.00566067 -0.00564829 -0.00559775 -0.00556618 -0.00557316 -0.00555175 
0 0.000123846 0.000211874 0.000335703 0.000459343 0.000552394 0.000686227 0.000811613 0.000906106 0.00104463 0.00117055 0.001286 0.00145195 0.00158364 0.00170187 0.00186464 0.0020194 0.00219274 0.00236349 0.00252215 0.00273716 0.00294094 0.00314474 0.0033923 0.00362657 0.00390327 0.00421122 0.00452311 0.00489493 0.00529965 0.00576872 0.00629847 0.00689147 0.00762616 0.00845253 0.00941242 0.0105728 0.0119223 0.0134954 0.0152939 0.0173846 0.0197512 0.0223305 0.025153 0.028156 0.0312571 0.0343182 0.0372274 0.0398817 0.0420678 0.0436261 0.0443908 0.0442471 0.0430746 0.040759 0.0372842 0.0326367 0.026889 0.0201187 0.0124699 0.00411526 -0.00476448 -0.0139169 -0.0230913 -0.0319804 -0.0403404 -0.0479142 -0.0544667 -0.0597631 -0.063605 -0.0659035 -0.0666308 -0.0658749 -0.0637337 -0.0604019 -0.056086 -0.0510699 -0.0456231 -0.040015 -0.0344712 -0.0291738 -0.0242791 -0.0198827 -0.0160663 -0.01283 -0.0101738 -0.00802245 -0.00633228 -0.00500755 -0.0040065 -0.0032464 -0.00270057 -0.00230264 -0.00203739 -0.00185211 -0.00174114 -0.0016647 -0.00162603 -0.00159606 -0.00158431 -0.00156779 -0.00155835 -0.00153365 -0.00150378 -0.00144153 -0.00135124 -0.00119594 -0.000971284 -0.00062781 -0.000151814 0.00051946 0.00141039 0.00259991 0.00412756 0.00608877 0.00853062 0.0115386 0.0151263 0.0193148 0.0240403 0.0292314 0.0347482 0.0404336 0.0460767 0.0514285 0.0562199 0.0601653 0.0630386 0.064627 0.0648072 0.0634578 0.060565 0.056162 0.0504085 0.0435031 0.0356706 0.0271428 0.0181456 0.00896241 -0.000163278 -0.00896881 -0.0172653 -0.0248525 -0.0315732 -0.0373117 -0.0419645 -0.0454932 -0.0478558 -0.0491272 -0.0493846 -0.0487264 -0.0472699 -0.0451597 -0.0426159 -0.0397547 -0.0367091 -0.0336088 -0.0305883 -0.0277429 -0.0250601 -0.022625 -0.0204641 -0.018562 -0.0169007 -0.0154478 -0.0142414 -0.0131989 -0.0122934 -0.0115473 -0.0108962 -0.0103487 -0.0098631 -0.00944078 -0.00909344 -0.0087557 -0.00847469 -0.00822079 -0.00797329 -0.00778721 -0.00759197 -0.00740768 -0.00725987 -0.00711018 -0.00700189 -0.00687767 -0.0067366 -0.00665961 -0.00657189 -0.00647811 -0.00641999 -0.00633726 -0.00627064 -0.00623616 -0.00617916 -0.00613658 -0.00611056 -0.00606673 -0.00603913 -0.00603184 -0.00601469 
0 0.000105086 0.000246614 0.000368378 0.000480097 0.000619888 0.000747306 0.000857297 0.000995318 0.00114697 0.00127308 0.00139786 0.00155432 0.00171366 0.00186464 0.00203737 0.0022114 0.00237183 0.00256134 0.00276795 0.00296805 0.0031988 0.00344312 0.00368999 0.00398208 0.00428774 0.0046064 0.00497905 0.0053886 0.00585357 0.00638191 0.00698651 0.00770471 0.00852548 0.0094898 0.0106227 0.0119431 0.0134966 0.015269 0.0173082 0.0196282 0.0221954 0.0249905 0.0279624 0.0310784 0.0341994 0.0371898 0.0399482 0.0423214 0.0441447 0.0452153 0.0454351 0.0447078 0.0429304 0.0400372 0.0360134 0.0309438 0.0248857 0.017945 0.0102385 0.00194296 -0.00674996 -0.0156493 -0.0245252 -0.0331599 -0.0413038 -0.0487515 -0.0552655 -0.060636 -0.064662 -0.0672242 -0.0682855 -0.0678776 -0.0660955 -0.0630658 -0.0589924 -0.0541071 -0.048699 -0.0430262 -0.0373447 -0.0318444 -0.0266996 -0.0220248 -0.0179111 -0.0143898 -0.0114598 -0.00907597 -0.00717686 -0.00569002 -0.00454522 -0.00368148 -0.00304174 -0.00258279 -0.00225992 -0.00204382 -0.00190025 -0.0018123 -0.0017558 -0.00172437 -0.00170138 -0.00168661 -0.00166643 -0.00164119 -0.00159513 -0.00152354 -0.00140372 -0.00122125 -0.000943581 -0.000544303 1.94513e-05 0.000787293 0.00181406 0.0031567 0.00488482 0.00707074 0.00978306 0.0130769 0.0169711 0.0214523 0.0264508 0.0318706 0.0375588 0.043344 0.0489888 0.0542451 0.0588223 0.0624761 0.0649816 0.0661933 0.0659911 0.064318 0.0611687 0.0566241 0.050845 0.0440224 0.0363762 0.028101 0.0194315 0.0105698 0.00173722 -0.00688901 -0.0151104 -0.0227437 -0.0296447 -0.0356954 -0.0408162 -0.0448846 -0.0478603 -0.0497483 -0.0506276 -0.0505561 -0.0495981 -0.0479123 -0.0456579 -0.0430068 -0.0400573 -0.0369599 -0.0338659 -0.0308567 -0.028009 -0.0253525 -0.0229564 -0.0208218 -0.0189317 -0.0172965 -0.0158749 -0.0146698 -0.0136411 -0.0127541 -0.012006 -0.0113597 -0.010813 -0.010327 -0.00989567 -0.00954176 -0.00921076 -0.00891307 -0.00866477 -0.00842782 -0.00821964 -0.00804031 -0.00786142 -0.00769328 -0.00754901 -0.00742133 -0.00729656 -0.00718757 -0.00709843 -0.00699335 -0.00690382 -0.00686493 -0.0067935 -0.0066972 -0.00666441 -0.00662175 -0.00655576 -0.00656106 -0.00654838 -0.0064862 -0.0064874 
0 0.000137761 0.000268645 0.000395768 0.000525795 0.000660291 0.000794137 0.000936927 0.00108879 0.00122526 0.00137065 0.00154335 0.00169301 0.00183449 0.0020194 0.0022114 0.00238032 0.00256817 0.00279871 0.00301877 0.00322474 0.003482 0.00374775 0.00401273 0.00433918 0.00467667 0.00503849 0.00546901 0.00594026 0.00647067 0.00706601 0.00777409 0.00860077 0.00952659 0.0106498 0.0119607 0.0134712 0.0152304 0.0172333 0.019525 0.0220526 0.024818 0.0277901 0.0308743 0.0340259 0.0370778 0.0399306 0.042435 0.0444381 0.0457967 0.046316 0.0459497 0.0445916 0.0422022 0.0387326 0.0342148 0.0287768 0.0224753 0.0154441 0.00775943 -0.000372486 -0.00879684 -0.0173441 -0.0258487 -0.0341507 -0.0420142 -0.0492761 -0.0556909 -0.0611005 -0.0652791 -0.0681155 -0.0695192 -0.0694987 -0.0681088 -0.0654376 -0.0616642 -0.0569767 -0.0516737 -0.0459911 -0.0402258 -0.0345552 -0.0291977 -0.0242559 -0.0198641 -0.0160491 -0.0128476 -0.0102109 -0.00809788 -0.00642782 -0.0051347 -0.00415034 -0.00341404 -0.00288114 -0.00249931 -0.00224284 -0.00206649 -0.00196036 -0.00188691 -0.00184932 -0.00181656 -0.00179961 -0.00177007 -0.00173977 -0.00167814 -0.00159078 -0.00144076 -0.00122184 -0.000889055 -0.000421345 0.000233717 0.00111479 0.00228298 0.00379996 0.00573531 0.00816794 0.0111516 0.0147432 0.0189283 0.0236942 0.0289301 0.0345488 0.0403537 0.0461849 0.05176 0.0568499 0.0611446 0.0644434 0.0665371 0.0673253 0.066721 0.0647012 0.0613142 0.0566499 0.0509014 0.0442146 0.036821 0.0288709 0.020602 0.0121563 0.0037004 -0.00463396 -0.012691 -0.020273 -0.0272799 -0.0335698 -0.0390859 -0.0436633 -0.047236 -0.0497758 -0.0513001 -0.0518686 -0.0514897 -0.0503192 -0.0484606 -0.0460867 -0.0433297 -0.0403152 -0.0372131 -0.0340935 -0.0311011 -0.0282729 -0.0256503 -0.0232861 -0.021171 -0.0193345 -0.0177039 -0.0162981 -0.0151208 -0.014085 -0.0132015 -0.0124479 -0.0118145 -0.0112614 -0.0107631 -0.0103651 -0.00999677 -0.00965604 -0.00938499 -0.00911539 -0.00886116 -0.00865984 -0.00847812 -0.00829029 -0.00811785 -0.00799569 -0.00787374 -0.00773021 -0.00762659 -0.00753928 -0.00743256 -0.00734439 -0.00727962 -0.00721978 -0.007167 -0.00712043 -0.00707386 -0.00702688 -0.0069929 -0.00697653 -0.00696607 
0 0.000145633 0.000278499 0.00042649 0.00056993 0.000713038 0.000868366 0.00101269 0.00116886 0.00132608 0.00147067 0.00165108 0.00183449 0.00200272 0.00219274 0.00237183 0.00256817 0.00280613 0.00302113 0.00324231 0.0035052 0.00378285 0.00407433 0.00437944 0.00472565 0.00511166 0.00551588 0.00599047 0.00653449 0.00712607 0.00782538 0.00865214 0.00959198 0.0106808 0.0119691 0.0134758 0.0151905 0.0171501 0.0194035 0.0219072 0.0246313 0.0275714 0.0306679 0.0338282 0.0369218 0.0398509 0.0424805 0.0446383 0.0461915 0.0469836 0.0469192 0.0459052 0.0438982 0.0408865 0.0368625 0.0319248 0.0261628 0.0197108 0.0126475 0.00509451 -0.0027864 -0.0108562 -0.0189685 -0.0270487 -0.0349325 -0.0424775 -0.0494761 -0.0557648 -0.0611609 -0.0654823 -0.0685858 -0.0703437 -0.0707433 -0.0697677 -0.067518 -0.0640823 -0.0596803 -0.0545275 -0.0489193 -0.0431034 -0.0373243 -0.0317721 -0.0266002 -0.0219346 -0.017837 -0.0143565 -0.0114572 -0.00911944 -0.00724722 -0.0058 -0.00467402 -0.00384212 -0.00321396 -0.00277948 -0.00246149 -0.00226283 -0.00211809 -0.00204137 -0.0019781 -0.00195115 -0.00191297 -0.00189004 -0.00183547 -0.00177308 -0.00165004 -0.00148211 -0.00120609 -0.000826944 -0.000269774 0.000472585 0.00148809 0.00280016 0.00451197 0.00666288 0.00935606 0.012618 0.0165031 0.0209754 0.0259966 0.0314536 0.037217 0.0431088 0.0489077 0.0543704 0.0592068 0.0631829 0.0660608 0.0677257 0.068054 0.0670419 0.0646741 0.0610611 0.0563186 0.0506251 0.0441418 0.0370304 0.029483 0.0216483 0.0136893 0.0056674 -0.00229369 -0.0100888 -0.0175526 -0.0245684 -0.0310429 -0.03685 -0.0418838 -0.0460087 -0.0491886 -0.0513776 -0.0525888 -0.0528651 -0.0522694 -0.0509171 -0.0489129 -0.0464356 -0.0436203 -0.04058 -0.0374464 -0.0343437 -0.0313781 -0.0285663 -0.0259589 -0.0236251 -0.0215506 -0.0197082 -0.0180968 -0.0167253 -0.0155517 -0.0145208 -0.01365 -0.0129201 -0.0122703 -0.0117119 -0.0112382 -0.0108129 -0.0104352 -0.0101044 -0.00982494 -0.00956163 -0.00930362 -0.00910321 -0.00892439 -0.00874069 -0.00857914 -0.00842077 -0.00829101 -0.00818624 -0.00806796 -0.0079716 -0.00788098 -0.00779355 -0.00774226 -0.00766988 -0.00760425 -0.00758157 -0.00752345 -0.00748224 -0.007488 -0.00744947 
