0 0 0 0 0 0 0 0 0 0 0 0 0 0 0 0 0 0 0 0 0 0 0 0 0 0 0 0 0 0 0 0 0 0 0 0 0 0 0 0 0 0 0 0 0 0 0 0 0 0 0 0 0 0 0 0 0 0 0 0 0 0 0 0 0 0 0 0 0 0 0 0 0 0 0 0 0 0 0 0 0 0 0 0 0 0 0 0 0 0 0 0 0 0 0 0 0 0 0 0 0 0 0 0 0 0 0 0 0 0 0 0 0 0 0 0 0 0 0 0 0 0 0 0 0 0 0 0 0 0 0 0 0 0 0 0 0 0 0 0 0 0 0 0 0 0 0 0 0 0 0 0 0 0 0 0 0 0 0 0 0 0 0 0 0 0 0 0 0 0 0 0 0 0 0 0 0 0 0 0 0 0 0 0 0 0 0 0 0 0 0 0 0 0 0 0 0 0 0 0 
0 -4.01123e-06 1.2078e-05 7.11003e-06 1.41312e-06 1.47842e-05 2.18351e-06 2.38574e-06 2.16621e-05 9.35753e-06 2.0058e-05 3.17461e-05 1.18244e-05 2.01509e-05 2.17662e-05 1.59992e-05 2.74643e-05 3.25986e-05 3.77001e-05 2.52156e-05 3.45358e-05 4.63225e-05 2.61475e-05 5.0947e-05 5.09665e-05 2.50602e-05 4.35503e-05 5.02571e-05 6.02223e-05 5.48451e-05 4.69107e-05 6.58402e-05 6.86107e-05 7.02825e-05 6.07401e-05 7.08049e-05 7.98388e-05 6.63485e-05 8.22037e-05 8.2007e-05 8.23217e-05 9.17971e-05 9.70552e-05 0.000100911 0.000100566 0.000118051 0.000114082 0.000116232 0.000129922 0.000130695 0.000132293 0.000138264 0.000152562 0.000148601 0.000155622 0.000171747 0.000176565 0.00018054 0.000193456 0.000212487 0.000214822 0.00022546 0.000246669 0.000262313 0.0002698 0.000285913 0.000314563 0.000330975 0.000345881 0.000372316 0.000409743 0.000438728 0.000468071 0.00051834 0.000583031 0.000654304 0.000735922 0.000859902 0.00102409 0.00122966 0.00147774 0.00180222 0.00220868 0.0026923 0.0032383 0.00385365 0.00453528 0.00525497 0.00596521 0.0066161 0.00716887 0.00756653 0.00774921 0.00765104 0.00725191 0.00655042 0.00557876 0.00435237 0.00291143 0.00130015 -0.000385425 -0.00205105 -0.0035913 -0.00494963 -0.00607626 -0.00695046 -0.0075324 -0.00781111 -0.00779012 -0.00752487 -0.00707182 -0.00649117 -0.00582128 -0.00511304 -0.00441717 -0.00377348 -0.00319205 -0.00266879 -0.00221644 -0.00184604 -0.0015584 -0.00132151 -0.00112866 -0.000977785 -0.000876182 -0.000792308 -0.000717383 -0.000654629 -0.000616991 -0.000584088 -0.000543661 -0.000510286 -0.000491469 -0.000475125 -0.000445315 -0.000425528 -0.000416562 -0.000404015 -0.00038175 -0.000369747 -0.000368451 -0.000352556 -0.000338353 -0.000332844 -0.000331075 -0.000313739 -0.000304707 -0.000306471 -0.000293459 -0.000283183 -0.000278065 -0.000278546 -0.000261281 -0.000258362 -0.000261095 -0.000247335 -0.000246113 -0.000243857 -0.000244248 -0.000232735 -0.000237923 -0.000236821 -0.000220266 -0.000232812 -0.0002252 -0.000215419 -0.000209483 -0.000212939 -0.000218618 -0.000199947 -0.000200055 -0.000197083 -0.000212853 -0.000214461 -0.000181438 -0.000201279 -0.000203872 -0.000188522 -0.000198383 -0.000191284 -0.000184703 -0.000177404 -0.000189324 -0.000194766 -0.000179662 -0.000196217 -0.000185561 -0.000171362 -0.000189462 -0.000176714 -0.000177338 -0.000187432 -0.000175097 -0.000180274 -0.000180547 -0.000176152 -0.000181274 -0.000177711 -0.000176168 -0.000177767 
0 1.2078e-05 -1.14443e-05 1.31431e-05 1.66279e-05 4.4965e-06 3.60955e-05 2.78233e-05 1.6739e-05 3.78404e-05 2.21952e-05 2.10443e-05 4.85183e-05 4.41406e-05 4.79284e-05 6.44873e-05 5.06829e-05 4.81959e-05 6.0708e-05 6.29189e-05 7.14767e-05 6.90456e-05 7.47774e-05 8.13767e-05 7.38205e-05 0.000103711 0.00011393 9.08164e-05 9.02559e-05 0.000111375 0.00012751 0.000104006 0.000117085 0.000132928 0.000126213 0.000153778 0.000144835 0.00015372 0.000169577 0.000172079 0.000178759 0.000175798 0.000204391 0.000188111 0.000202375 0.000222831 0.000215361 0.000234403 0.000240814 0.000268324 0.000256402 0.000286706 0.000306161 0.000304578 0.000328794 0.00034235 0.000372496 0.000360378 0.000403101 0.000418791 0.00043558 0.000451061 0.000485355 0.000522891 0.000525378 0.000575339 0.000607595 0.000662746 0.000676313 0.000747295 0.000806296 0.000876873 0.000936594 0.00103847 0.00117278 0.00130982 0.00149343 0.00172859 0.00207654 0.00247086 0.00299492 0.0036261 0.0044588 0.00540321 0.00651374 0.00772409 0.00909457 0.0105055 0.0119236 0.0132004 0.014299 0.0150691 0.0154247 0.015216 0.0144214 0.0130222 0.0110882 0.00864614 0.00578154 0.00258437 -0.000758137 -0.00406121 -0.00712088 -0.00982253 -0.0120638 -0.0138036 -0.01496 -0.0155235 -0.015489 -0.0149805 -0.0140828 -0.0129447 -0.0116095 -0.0102215 -0.0088274 -0.00756146 -0.00638303 -0.00535947 -0.00443836 -0.00371803 -0.00311646 -0.00266143 -0.00225677 -0.00197373 -0.00175001 -0.00159345 -0.00143709 -0.00131935 -0.00124161 -0.00117007 -0.00110282 -0.00102487 -0.00100253 -0.00094803 -0.000913304 -0.000853197 -0.000849139 -0.000807375 -0.000773489 -0.000744118 -0.000730342 -0.000709306 -0.000664099 -0.0006692 -0.000640206 -0.000628796 -0.000596065 -0.000605138 -0.000583543 -0.000559262 -0.000566389 -0.00054731 -0.000542401 -0.000518386 -0.000533303 -0.000506353 -0.000494179 -0.0005022 -0.000476974 -0.00047396 -0.000459802 -0.000466608 -0.000444549 -0.000441099 -0.000446883 -0.000425572 -0.000446143 -0.000428434 -0.000409807 -0.000423604 -0.000430827 -0.000414082 -0.000381922 -0.000400578 -0.000405124 -0.000389556 -0.000391224 -0.000380039 -0.000385072 -0.000383509 -0.000382259 -0.00039572 -0.000373385 -0.000361808 -0.000375327 -0.000359714 -0.000359807 -0.000380389 -0.00036224 -0.000358857 -0.000373743 -0.000351896 -0.000357167 -0.000369048 -0.000347765 -0.000359606 -0.000360782 -0.000346689 -0.000362998 -0.000353482 
0 7.11003e-06 1.31431e-05 1.72142e-05 1.7065e-05 2.43022e-05 2.54827e-05 2.69616e-05 4.21022e-05 4.44403e-05 5.17337e-05 6.26276e-05 5.65306e-05 6.05794e-05 6.59335e-05 6.97438e-05 7.92021e-05 8.93168e-05 9.85044e-05 9.19807e-05 0.000104283 0.000115534 0.000107249 0.000130333 0.000130993 0.000120008 0.000139069 0.000147292 0.000160918 0.000165386 0.000165873 0.000180495 0.000193633 0.000201152 0.000195673 0.000214904 0.000224756 0.00022172 0.000243334 0.000250414 0.000258077 0.00027337 0.000291949 0.000297963 0.000309849 0.000337336 0.000339902 0.000354049 0.000376916 0.000392093 0.000399268 0.000422317 0.00045009 0.000456211 0.000480404 0.000512189 0.000536416 0.000551434 0.000589996 0.000629286 0.000651454 0.000685085 0.000735014 0.000781409 0.000811302 0.000865749 0.000931614 0.000990885 0.0010427 0.00112516 0.00122411 0.00131896 0.00142355 0.00157244 0.00176543 0.00198332 0.00225691 0.00263022 0.00313112 0.00374992 0.00452457 0.00550216 0.00672146 0.00815592 0.00979436 0.0116251 0.0136369 0.0157395 0.0178117 0.0197085 0.0213022 0.0224284 0.0229127 0.0225916 0.0213919 0.0193164 0.0164291 0.0128016 0.00854232 0.00381395 -0.0011337 -0.00601515 -0.0105578 -0.0145667 -0.0179068 -0.0204858 -0.0222166 -0.0230603 -0.0230487 -0.0223142 -0.0210208 -0.0193351 -0.0173877 -0.0153263 -0.0132852 -0.0113787 -0.0096401 -0.00808894 -0.00673975 -0.00563101 -0.00474019 -0.00402475 -0.00343852 -0.00298941 -0.00265643 -0.00239851 -0.00217266 -0.00199279 -0.00186371 -0.00175641 -0.00164588 -0.00154902 -0.00148565 -0.00142336 -0.00135276 -0.0012896 -0.00125514 -0.00120963 -0.00115775 -0.00111814 -0.00109683 -0.00105907 -0.00101843 -0.000999282 -0.000977792 -0.000944995 -0.000915802 -0.000908017 -0.000879853 -0.000852941 -0.000839598 -0.000826032 -0.000799533 -0.000782232 -0.000779938 -0.000754482 -0.000742277 -0.000736578 -0.000724953 -0.000708591 -0.000704307 -0.00069924 -0.000676018 -0.000679604 -0.000669992 -0.000649927 -0.000644637 -0.000641034 -0.000635378 -0.00061814 -0.000615016 -0.000608757 -0.000612773 -0.000613435 -0.000585865 -0.000593438 -0.00059459 -0.000578596 -0.000583103 -0.000573948 -0.000562951 -0.000559171 -0.000563373 -0.000563749 -0.000556725 -0.00056252 -0.000551321 -0.000543959 -0.000550132 -0.00053976 -0.000542923 -0.000543938 -0.000536117 -0.000540734 -0.000536087 -0.000535564 -0.000536669 -0.00053285 -0.000537837 -0.000531738 
0 1.41312e-06 1.66279e-05 1.7065e-05 2.39293e-05 3.90429e-05 3.4485e-05 4.28376e-05 5.71695e-05 5.23025e-05 6.50223e-05 7.7731e-05 7.36067e-05 8.70523e-05 9.58495e-05 9.5761e-05 0.000107846 0.000116146 0.000122778 0.000126974 0.000136639 0.000149945 0.000148173 0.000164183 0.000178333 0.000172775 0.000187692 0.000200132 0.00021027 0.000218183 0.000220182 0.000241714 0.000250587 0.000259088 0.000271676 0.000281916 0.000301907 0.000305678 0.000324704 0.000339229 0.000347729 0.000370791 0.000380311 0.00040078 0.000414023 0.000436801 0.000455149 0.000469031 0.000501452 0.000515121 0.000542432 0.000565285 0.000596701 0.000620583 0.000646598 0.0006892 0.000713097 0.000752394 0.000787136 0.000838064 0.000872257 0.000919889 0.000978925 0.00103208 0.00109121 0.00115246 0.0012416 0.00131238 0.0014037 0.00150281 0.00163463 0.00176287 0.0019193 0.00211934 0.00237154 0.00267789 0.00305727 0.00357369 0.00423513 0.00508322 0.00612698 0.0074534 0.00906125 0.0109746 0.0131405 0.0155753 0.0182062 0.0209577 0.0236451 0.0261157 0.0281606 0.029591 0.0301647 0.0297076 0.0281046 0.0253676 0.0215528 0.0167747 0.0111738 0.00498482 -0.00148567 -0.00786829 -0.0138308 -0.0191017 -0.0235048 -0.0268971 -0.0291877 -0.0303216 -0.0303627 -0.0294489 -0.0278036 -0.0256166 -0.0230986 -0.0204112 -0.0177535 -0.0152297 -0.0129361 -0.0108719 -0.00909782 -0.00760388 -0.00640807 -0.00542864 -0.00465485 -0.00403971 -0.00358401 -0.00321931 -0.00292458 -0.0026846 -0.00250031 -0.00235089 -0.00220533 -0.00208908 -0.00198551 -0.00190694 -0.00181045 -0.00174094 -0.00167303 -0.00161837 -0.00155208 -0.00150043 -0.00145981 -0.00140887 -0.00136862 -0.00132536 -0.00130053 -0.00125481 -0.00122789 -0.00119925 -0.00117098 -0.00114387 -0.0011167 -0.00110275 -0.0010695 -0.0010563 -0.00103475 -0.00101604 -0.000998621 -0.000979658 -0.000969932 -0.000945325 -0.000939511 -0.000921921 -0.000906028 -0.00089995 -0.000884146 -0.000876686 -0.00085855 -0.000855241 -0.000849679 -0.000832726 -0.000825882 -0.00081439 -0.000817293 -0.000805668 -0.000787015 -0.000792468 -0.000783948 -0.000774537 -0.000771791 -0.000766592 -0.000761769 -0.000750919 -0.000754389 -0.000750862 -0.000736649 -0.00074347 -0.000736851 -0.000725675 -0.000734237 -0.000727039 -0.000720473 -0.00072646 -0.000718978 -0.000715292 -0.000719487 -0.00071508 -0.000712316 -0.000712951 -0.000710852 -0.000711521 
0 1.47842e-05 4.4965e-06 2.43022e-05 3.90429e-05 2.88281e-05 5.67513e-05 6.67497e-05 5.34068e-05 8.08821e-05 7.82739e-05 7.36021e-05 0.000107614 0.00010808 0.000116676 0.000134886 0.000133939 0.000139087 0.000143325 0.000171173 0.00017312 0.000170603 0.000207853 0.000191986 0.000202791 0.000245171 0.000241561 0.00024907 0.000246589 0.000271879 0.000299019 0.000289868 0.000306442 0.000319669 0.000348134 0.000356932 0.000364273 0.000398602 0.000401082 0.000426317 0.000443678 0.000458295 0.000480527 0.00049665 0.000526587 0.00053612 0.000569762 0.000594685 0.000616078 0.000650043 0.000677754 0.000714467 0.00073897 0.000783856 0.000818379 0.0008555 0.000899931 0.000944437 0.000994743 0.00103894 0.00110146 0.00115767 0.00122337 0.00129105 0.00137043 0.00145525 0.00154513 0.00165067 0.00176419 0.00189834 0.00204506 0.0022227 0.00242882 0.00268496 0.00299946 0.00339635 0.00390312 0.00455743 0.00540178 0.00647119 0.00781682 0.00947778 0.0114922 0.0138559 0.0165597 0.01956 0.0227935 0.0261286 0.0293927 0.0323658 0.0348136 0.0364758 0.0370991 0.0364705 0.0344715 0.0310858 0.0263835 0.0204985 0.0136306 0.00606752 -0.00181881 -0.00960852 -0.0169047 -0.0233804 -0.0287944 -0.0329724 -0.0358009 -0.0372439 -0.0373671 -0.0363393 -0.0343904 -0.0317739 -0.0287289 -0.0254864 -0.0222393 -0.0191446 -0.0162927 -0.013748 -0.0115359 -0.00967585 -0.00814322 -0.00690834 -0.00592142 -0.00514822 -0.00454375 -0.00407128 -0.00369747 -0.00339622 -0.00315328 -0.00294788 -0.00277937 -0.00262813 -0.0024998 -0.00238069 -0.00228129 -0.00218662 -0.00209947 -0.00202178 -0.00195068 -0.00188747 -0.00181855 -0.00176803 -0.0017131 -0.00166584 -0.00161463 -0.00157703 -0.0015392 -0.00149445 -0.00146684 -0.00143151 -0.00140531 -0.00136816 -0.00135056 -0.00132319 -0.00129167 -0.00127785 -0.00124888 -0.00123204 -0.00120389 -0.00119298 -0.00116868 -0.00114753 -0.00114621 -0.0011123 -0.00110536 -0.00109648 -0.001088 -0.00106896 -0.00104366 -0.00105674 -0.00104234 -0.00102886 -0.00100171 -0.000990836 -0.00101724 -0.000981306 -0.000969912 -0.000978776 -0.000956924 -0.000958159 -0.000957331 -0.000957544 -0.000936733 -0.000924586 -0.000938097 -0.000911522 -0.000918457 -0.000931309 -0.000901688 -0.000913728 -0.00091173 -0.000892574 -0.000907438 -0.000899068 -0.000890154 -0.00089898 -0.000892082 -0.000888713 -0.000892711 -0.000890082 
0 2.18351e-06 3.60955e-05 2.54827e-05 3.4485e-05 5.67513e-05 4.4331e-05 6.51052e-05 8.26335e-05 8.2095e-05 0.000108467 0.000117714 0.000114462 0.000126629 0.000133832 0.000140844 0.000161213 0.000180105 0.00018802 0.000196696 0.000204794 0.00022077 0.000234651 0.000242754 0.000265659 0.000262505 0.000262553 0.000304223 0.000327152 0.000325179 0.000334207 0.0003682 0.000382056 0.000392012 0.000416201 0.000417141 0.000446848 0.000468882 0.000477111 0.000503821 0.000529095 0.00055663 0.000568011 0.000611556 0.000634374 0.000651077 0.000695462 0.000718846 0.000750503 0.000775012 0.000827011 0.000850647 0.00088463 0.000940902 0.000977453 0.00102564 0.00106914 0.00114543 0.00118616 0.00125211 0.00132569 0.00140323 0.00147581 0.00155519 0.00166914 0.00175833 0.00187475 0.00199017 0.00215235 0.0022969 0.00248114 0.00269396 0.0029632 0.00327308 0.00365448 0.00415635 0.00478853 0.00560628 0.00662459 0.00794965 0.00958342 0.0116096 0.0140026 0.016834 0.0200344 0.0235963 0.0273669 0.0312505 0.0350069 0.0384292 0.0411909 0.0430287 0.0436339 0.0428142 0.0404076 0.0364035 0.0308493 0.0239268 0.0158727 0.0070483 -0.00213972 -0.0112163 -0.019752 -0.0273484 -0.0337209 -0.0386385 -0.0419971 -0.043753 -0.0440104 -0.0429186 -0.0407516 -0.0377627 -0.0342785 -0.0305255 -0.0267625 -0.0231123 -0.019751 -0.0167154 -0.0140982 -0.0118447 -0.00999207 -0.00846489 -0.00727439 -0.00631123 -0.00556138 -0.00495765 -0.00450117 -0.00413079 -0.00381813 -0.00356218 -0.00334923 -0.00318141 -0.00300224 -0.00286697 -0.00273618 -0.00264044 -0.00251573 -0.00242866 -0.00234698 -0.00227184 -0.00218927 -0.00212079 -0.0020768 -0.00200145 -0.00195224 -0.00189874 -0.0018649 -0.00180031 -0.00176366 -0.00173312 -0.00168222 -0.00164823 -0.00161346 -0.00159183 -0.00154136 -0.00152726 -0.00150388 -0.00146664 -0.00145284 -0.00143225 -0.00141318 -0.00138125 -0.00137797 -0.00135565 -0.00132899 -0.00132143 -0.00128945 -0.00128271 -0.00127769 -0.00124964 -0.00122267 -0.00122957 -0.00123772 -0.00120363 -0.00119174 -0.00118968 -0.00117772 -0.00117469 -0.00116114 -0.00114912 -0.00113621 -0.00112361 -0.00112854 -0.00113035 -0.00111738 -0.00111561 -0.00111233 -0.00109036 -0.00109607 -0.00109768 -0.00107764 -0.00109107 -0.00108369 -0.00106913 -0.00108595 -0.00106946 -0.00106955 -0.00108363 -0.00106131 -0.00107124 
0 2.38574e-06 2.78233e-05 2.69616e-05 4.28376e-05 6.67497e-05 6.51052e-05 8.29996e-05 9.44113e-05 9.44426e-05 0.000113599 0.000123152 0.000134949 0.000157566 0.00016789 0.000178209 0.000190974 0.000197357 0.000210165 0.000229225 0.000240166 0.000256703 0.000272929 0.000279717 0.000304412 0.000324643 0.000332993 0.000351988 0.000364742 0.000377047 0.000400283 0.00042279 0.000431007 0.000453872 0.000486888 0.000496351 0.00052518 0.000553804 0.000568129 0.000596108 0.000625456 0.000648691 0.000666573 0.000709221 0.000734879 0.000756059 0.000804079 0.00083768 0.000870595 0.000909696 0.00096699 0.00100046 0.00104265 0.00110849 0.00115562 0.00120541 0.00126444 0.00134472 0.00139638 0.0014662 0.00155595 0.00164312 0.00172369 0.00182034 0.00195052 0.00206095 0.00218835 0.00233643 0.00252446 0.00270385 0.00291699 0.0031835 0.00351105 0.00388858 0.00435145 0.00496557 0.00574392 0.00672743 0.00795407 0.00953169 0.0114833 0.0138583 0.0166519 0.0199194 0.0236149 0.0276799 0.0319572 0.0363072 0.0404985 0.0442701 0.0472759 0.0491992 0.0497402 0.0486845 0.0458754 0.0412672 0.0349201 0.0270293 0.0178974 0.00792572 -0.00242642 -0.012668 -0.0223216 -0.0309516 -0.0382044 -0.0438252 -0.0476887 -0.0497811 -0.0502034 -0.0491248 -0.0468055 -0.0435433 -0.0396836 -0.0355083 -0.0312702 -0.0271325 -0.0232747 -0.019789 -0.0167521 -0.0141282 -0.0119307 -0.0101213 -0.00869371 -0.00754335 -0.00662678 -0.00589296 -0.00533811 -0.00489187 -0.00451323 -0.00419775 -0.00394909 -0.00374489 -0.00353818 -0.00336678 -0.00322158 -0.00310182 -0.00295952 -0.00284855 -0.00275527 -0.00266479 -0.00256287 -0.00248286 -0.00242403 -0.00234123 -0.00227307 -0.0022164 -0.0021709 -0.00210067 -0.00205606 -0.00202137 -0.00196907 -0.00192609 -0.0018936 -0.00186429 -0.00181329 -0.00179119 -0.00176414 -0.00172236 -0.00169728 -0.00167354 -0.00164491 -0.00161234 -0.00160105 -0.00157288 -0.00154714 -0.00154297 -0.00151728 -0.00149584 -0.00148686 -0.00147408 -0.00145292 -0.00143878 -0.00142429 -0.00140237 -0.00139947 -0.00138747 -0.00136757 -0.00136234 -0.00135119 -0.0013439 -0.00134289 -0.00133086 -0.00131891 -0.0013125 -0.0012983 -0.00129271 -0.00129478 -0.00128185 -0.00128165 -0.00128044 -0.00126522 -0.00127089 -0.00126413 -0.00125537 -0.00126598 -0.00125089 -0.00124765 -0.00125546 -0.00124098 -0.00125097 
0 2.16621e-05 1.6739e-05 4.21022e-05 5.71695e-05 5.34068e-05 8.26335e-05 9.44113e-05 9.69835e-05 0.000126897 0.000131449 0.000136458 0.000164055 0.000171688 0.000183424 0.000204928 0.000218502 0.000229131 0.000241632 0.000269429 0.000279073 0.000286029 0.000320889 0.000324048 0.000333048 0.000370993 0.000385197 0.000400116 0.000411238 0.000438142 0.000473649 0.000477223 0.000499928 0.000525929 0.0005522 0.000575924 0.000591065 0.00063188 0.000648523 0.000679921 0.00071687 0.000736356 0.000778494 0.000807458 0.000849167 0.000877019 0.000921507 0.000968984 0.000994943 0.00105525 0.00109714 0.00115057 0.00119544 0.00126301 0.00132549 0.00137397 0.00145961 0.00152836 0.0016118 0.00168137 0.00179301 0.00188839 0.00198534 0.00210702 0.00224076 0.00238683 0.00251861 0.00271237 0.00290756 0.00313764 0.00337582 0.00370373 0.00408335 0.00453794 0.00509666 0.00582663 0.00676528 0.00791933 0.00938481 0.0112148 0.0135026 0.0162137 0.0194215 0.0230975 0.0272708 0.0317789 0.0365186 0.0412545 0.0458088 0.0498273 0.0529947 0.0549178 0.0553437 0.0540122 0.0507999 0.0456092 0.0385324 0.0297596 0.0196677 0.00867699 -0.00269758 -0.0139694 -0.0246108 -0.0341696 -0.0422185 -0.0484982 -0.0528465 -0.0552952 -0.055918 -0.0549256 -0.0525317 -0.0490992 -0.0449436 -0.0404344 -0.0357761 -0.0312213 -0.0268972 -0.023 -0.0195367 -0.0165594 -0.0140014 -0.0119134 -0.0102154 -0.00887004 -0.00776522 -0.00689672 -0.0062209 -0.00568461 -0.00523599 -0.00485219 -0.00456466 -0.00430404 -0.00408282 -0.0038621 -0.00370947 -0.00354801 -0.00340525 -0.00326429 -0.00315995 -0.00305506 -0.00293921 -0.0028569 -0.00276968 -0.00269853 -0.00260453 -0.00255306 -0.00248464 -0.00241884 -0.00236334 -0.00231075 -0.00226584 -0.00220121 -0.00217391 -0.00212246 -0.00208149 -0.00204569 -0.00200886 -0.00197897 -0.00193589 -0.00192022 -0.00188028 -0.00185566 -0.00183712 -0.0018005 -0.00178283 -0.00175813 -0.00174579 -0.00171408 -0.00168701 -0.0016859 -0.00166466 -0.00164633 -0.00161824 -0.00161088 -0.00161467 -0.00157996 -0.00156978 -0.00156746 -0.00154573 -0.00153653 -0.00152993 -0.00152286 -0.00150359 -0.0014954 -0.00150072 -0.00147838 -0.00147621 -0.00148257 -0.00145666 -0.00145848 -0.0014622 -0.00144179 -0.00144746 -0.00144497 -0.00143055 -0.00144023 -0.00143576 -0.00142663 -0.00143577 -0.00142749 
0 9.35753e-06 3.78404e-05 4.44403e-05 5.23025e-05 8.08821e-05 8.2095e-05 9.44426e-05 0.000126897 0.000126668 0.000148709 0.000178285 0.000174577 0.000192267 0.000209647 0.000220155 0.00024108 0.000265051 0.000291054 0.000287494 0.000311694 0.000342151 0.00033584 0.000379211 0.000400079 0.000395738 0.000422514 0.000444801 0.000491997 0.000499153 0.000504629 0.000549425 0.000572458 0.000603255 0.000611764 0.000646436 0.000682408 0.000697115 0.000742899 0.000762244 0.00080427 0.000838716 0.000873606 0.000919016 0.000948424 0.00100512 0.00103678 0.00109029 0.00113638 0.00118572 0.00124537 0.00129249 0.00136463 0.00141879 0.00149653 0.00156181 0.00164571 0.00173117 0.00181553 0.00191844 0.00201872 0.0021412 0.00224999 0.00239444 0.00253864 0.00270302 0.00287313 0.00307961 0.00331451 0.00356834 0.00387281 0.00423783 0.00469438 0.0052247 0.00590417 0.00676111 0.00786401 0.00922053 0.010928 0.0130469 0.0156464 0.0187248 0.0223114 0.0264116 0.0309891 0.0359195 0.041024 0.0461035 0.0508991 0.0550943 0.0583 0.0601711 0.0604004 0.0587823 0.0551381 0.0494128 0.0416534 0.0321173 0.0211722 0.00931735 -0.00295306 -0.0150949 -0.0266044 -0.0369554 -0.0457287 -0.0525952 -0.0574321 -0.060229 -0.0611139 -0.0602461 -0.0578902 -0.0543577 -0.0500312 -0.0452396 -0.040266 -0.0353255 -0.0306217 -0.0263093 -0.0224657 -0.0191076 -0.0162225 -0.0138216 -0.0118581 -0.0102795 -0.0089883 -0.00796859 -0.00715518 -0.00652132 -0.00598316 -0.00555114 -0.00518956 -0.00489606 -0.00462722 -0.00439399 -0.00419649 -0.00401597 -0.0038553 -0.00369738 -0.00357486 -0.00344313 -0.00333619 -0.00322255 -0.00313368 -0.00303981 -0.00295437 -0.00287954 -0.00279945 -0.00273994 -0.00266306 -0.00261236 -0.00254572 -0.00249783 -0.00244288 -0.00239113 -0.00235527 -0.00229958 -0.00227042 -0.00222271 -0.0021955 -0.0021567 -0.00212315 -0.00210094 -0.00205522 -0.00204676 -0.00201051 -0.00197839 -0.00195419 -0.00193636 -0.00192812 -0.00187593 -0.00186317 -0.00185646 -0.0018459 -0.00182793 -0.00178186 -0.00179408 -0.00178263 -0.00175198 -0.00175538 -0.0017319 -0.00171262 -0.00170197 -0.00170433 -0.00169781 -0.00167449 -0.00168467 -0.00166414 -0.00164451 -0.00166301 -0.00163975 -0.00163194 -0.00164402 -0.00162231 -0.00162177 -0.00162593 -0.00161246 -0.00161609 -0.00161752 -0.00160778 -0.00160927 
0 2.0058e-05 2.21952e-05 5.17337e-05 6.50223e-05 7.82739e-05 0.000108467 0.000113599 0.000131449 0.000148709 0.000155441 0.000181043 0.000196824 0.000220153 0.000246238 0.000257233 0.000274682 0.000285204 0.000302606 0.000326595 0.000351534 0.000374072 0.000385818 0.000416171 0.000430721 0.000456633 0.000502713 0.000499066 0.000516314 0.000553984 0.000578045 0.000606782 0.00062765 0.000660016 0.000689077 0.000731781 0.000760475 0.000782022 0.00083539 0.00086089 0.000894818 0.000937385 0.000977628 0.00101483 0.00105672 0.00111719 0.00115137 0.00120967 0.00127061 0.00132602 0.00138516 0.00145319 0.00153101 0.00158928 0.00167548 0.00175806 0.00184571 0.00193245 0.00203786 0.00215015 0.00225714 0.00238831 0.00252425 0.00268106 0.00283623 0.00302615 0.00322859 0.0034619 0.00372071 0.00402526 0.00438444 0.0048104 0.00533392 0.00596983 0.00677571 0.00778045 0.00905745 0.0106369 0.0126103 0.0150226 0.0179449 0.021377 0.0253484 0.0298327 0.0347846 0.0400587 0.0454755 0.0507992 0.0557586 0.0600101 0.0631767 0.0649036 0.0648991 0.0629461 0.0588798 0.0526357 0.0442802 0.0340751 0.0224218 0.00983068 -0.0031768 -0.0160558 -0.0282778 -0.0393079 -0.0486951 -0.0561059 -0.0613979 -0.0645695 -0.0657359 -0.0650684 -0.0628173 -0.0593013 -0.0548849 -0.0499168 -0.0446879 -0.0394508 -0.0344092 -0.0297369 -0.0255164 -0.0218007 -0.0185817 -0.0158734 -0.0136224 -0.0117949 -0.0103039 -0.00911753 -0.00815906 -0.00740086 -0.00677955 -0.00627827 -0.00585547 -0.00550193 -0.0052025 -0.00493993 -0.00470904 -0.00449559 -0.00432027 -0.00414791 -0.00399585 -0.00384744 -0.00372968 -0.00360521 -0.00348942 -0.00338922 -0.00329729 -0.00320655 -0.0031132 -0.00305074 -0.00297166 -0.0029022 -0.00283819 -0.00278804 -0.00272497 -0.0026668 -0.00263187 -0.00257281 -0.0025282 -0.00248612 -0.00244885 -0.00239781 -0.00236353 -0.00233881 -0.00228576 -0.00226278 -0.00223585 -0.00220783 -0.00218159 -0.00215326 -0.0021309 -0.0021098 -0.00210484 -0.0020593 -0.00202995 -0.00203409 -0.00200546 -0.0019888 -0.00197034 -0.00194905 -0.00193981 -0.00193183 -0.00192713 -0.00190778 -0.00189584 -0.00187859 -0.00186297 -0.00186487 -0.00184809 -0.00184602 -0.00184154 -0.00182343 -0.00182868 -0.00181491 -0.00181071 -0.00181839 -0.00179817 -0.00180173 -0.00179739 -0.00178218 -0.00179723 -0.00178936 
0 3.17461e-05 2.10443e-05 6.26276e-05 7.7731e-05 7.36021e-05 0.000117714 0.000123152 0.000136458 0.000178285 0.000181043 0.000201567 0.000225006 0.000232167 0.000258337 0.000274227 0.000301367 0.000329173 0.000339196 0.000372261 0.000389404 0.000399477 0.00043665 0.000458211 0.000472101 0.000499091 0.000533599 0.000556123 0.000576624 0.000622403 0.000645136 0.000665104 0.000709285 0.000729672 0.000763021 0.000803167 0.000826903 0.000866147 0.000909791 0.000950823 0.000983416 0.00103765 0.00108951 0.00112051 0.00118456 0.00123777 0.00128344 0.00134109 0.00140892 0.00146978 0.00152206 0.00161166 0.00168245 0.00175437 0.00184397 0.00194496 0.00203913 0.00213184 0.00226475 0.00238251 0.00250938 0.00264779 0.00281864 0.00298389 0.00315851 0.00337435 0.00360936 0.00387126 0.00415461 0.00451761 0.00492898 0.0054257 0.00601852 0.00677753 0.00771607 0.00888606 0.0103477 0.0121713 0.0144224 0.0171371 0.0203811 0.0241611 0.0285021 0.0333361 0.0386128 0.0441619 0.0498186 0.0552964 0.060326 0.064529 0.0675712 0.0690796 0.0687971 0.0664764 0.0619913 0.0552588 0.0463893 0.035623 0.0234006 0.0102112 -0.00338311 -0.0168576 -0.0296433 -0.0412278 -0.051124 -0.0590235 -0.0647442 -0.0683039 -0.0697787 -0.0693712 -0.067299 -0.0638998 -0.0594892 -0.0544417 -0.0490384 -0.043584 -0.0382665 -0.0332833 -0.0287127 -0.0246547 -0.0211081 -0.0180892 -0.0155407 -0.0134435 -0.0117374 -0.0103627 -0.00924741 -0.00834161 -0.00762711 -0.00703871 -0.00655179 -0.00612437 -0.00578944 -0.0054894 -0.0052247 -0.00497624 -0.00477976 -0.00459702 -0.00441364 -0.00425609 -0.00411989 -0.00399607 -0.00385373 -0.00375186 -0.00365207 -0.00355033 -0.00344876 -0.00337302 -0.00329814 -0.00320291 -0.00314167 -0.00307635 -0.00300757 -0.00293911 -0.00289374 -0.00283928 -0.00277367 -0.00274276 -0.00269486 -0.00264596 -0.00261035 -0.00257833 -0.0025381 -0.00249766 -0.00247641 -0.00243364 -0.00240469 -0.00238422 -0.00233836 -0.00231908 -0.00230291 -0.00227018 -0.00224777 -0.00223611 -0.00221826 -0.00218638 -0.0021794 -0.00216953 -0.00213669 -0.00212749 -0.00210986 -0.00209088 -0.0020865 -0.00206959 -0.00206876 -0.00205403 -0.00203589 -0.00204394 -0.00201752 -0.00201259 -0.00202499 -0.00199017 -0.00199555 -0.00199949 -0.0019698 -0.00199227 -0.00198823 -0.00196784 -0.00199078 -0.0019693 
0 1.18244e-05 4.85183e-05 5.65306e-05 7.36067e-05 0.000107614 0.000114462 0.000134949 0.000164055 0.000174577 0.000196824 0.000225006 0.000245225 0.000261496 0.000285316 0.000310267 0.00031991 0.000353412 0.000385986 0.000388137 0.000423254 0.00045536 0.000464128 0.000502388 0.000535816 0.000553945 0.000571484 0.000602804 0.000653876 0.000673201 0.000687651 0.00073219 0.000774628 0.000806595 0.000833257 0.000878242 0.000919894 0.000952363 0.00100414 0.00103994 0.00108316 0.00113945 0.0011833 0.00123378 0.00128892 0.00135501 0.00140431 0.00146941 0.00154964 0.0016072 0.00168455 0.00176789 0.00185694 0.0019319 0.00203247 0.00214591 0.00223786 0.00235559 0.00248431 0.00262813 0.00275238 0.00291809 0.00310134 0.00328388 0.00348317 0.00371873 0.00399905 0.00427655 0.00461847 0.00502065 0.00551641 0.00607254 0.00677445 0.00765359 0.00875342 0.0100993 0.011771 0.0138582 0.0163918 0.019426 0.0229767 0.0271123 0.0317765 0.0369415 0.0424613 0.0482408 0.0540289 0.0595942 0.0645689 0.0686527 0.0714617 0.0727106 0.0720816 0.0693918 0.0644693 0.0573087 0.0479838 0.0367888 0.0241109 0.0104835 -0.003573 -0.017479 -0.0307054 -0.0426959 -0.0530194 -0.0613228 -0.0674655 -0.0713936 -0.0732254 -0.0731023 -0.0713023 -0.0680814 -0.0637975 -0.0587395 -0.0532759 -0.0476564 -0.0421554 -0.0368904 -0.0320311 -0.0276321 -0.0237854 -0.0204423 -0.0176034 -0.0152187 -0.0132815 -0.0117046 -0.010412 -0.00936149 -0.00852124 -0.00785609 -0.00727695 -0.0068002 -0.00639717 -0.00607734 -0.00576152 -0.00549337 -0.00526214 -0.00506363 -0.0048602 -0.00467573 -0.004533 -0.00438082 -0.00423944 -0.00410587 -0.00400737 -0.00388576 -0.00377811 -0.00369182 -0.00360314 -0.00351427 -0.00343073 -0.00337299 -0.00329092 -0.00322503 -0.00317095 -0.0031094 -0.00305124 -0.00299774 -0.00295671 -0.00289847 -0.0028565 -0.00281728 -0.00276735 -0.00273828 -0.00270048 -0.00265791 -0.00262407 -0.00260568 -0.00258038 -0.00252977 -0.00250713 -0.00249835 -0.00247318 -0.00243879 -0.00240624 -0.00240368 -0.0023838 -0.00234926 -0.00234787 -0.00232706 -0.002299 -0.00229652 -0.00228595 -0.00226744 -0.002252 -0.00224626 -0.0022316 -0.00221459 -0.00221982 -0.0022024 -0.00218783 -0.00220044 -0.00218012 -0.00217243 -0.00218442 -0.00215999 -0.00216002 -0.00216949 -0.00214766 -0.00215897 
0 2.01509e-05 4.41406e-05 6.05794e-05 8.70523e-05 0.00010808 0.000126629 0.000157566 0.000171688 0.000192267 0.000220153 0.000232167 0.000261496 0.000290938 0.000310883 0.00034074 0.000363227 0.00037898 0.000398485 0.000434616 0.00046414 0.000485071 0.000523205 0.000540689 0.000564028 0.000606173 0.000642071 0.000675377 0.00068144 0.000719588 0.000775205 0.000800887 0.000833207 0.000865308 0.000919316 0.000958863 0.000995242 0.00104657 0.00108372 0.0011417 0.00118314 0.00123778 0.00129239 0.00134341 0.00141283 0.00146515 0.00153948 0.00160266 0.0016833 0.00175755 0.00183555 0.00193425 0.00201576 0.00211975 0.00221744 0.00234149 0.0024477 0.00257618 0.00272205 0.00286537 0.00302366 0.00319241 0.00340317 0.00359582 0.00383018 0.00408946 0.00439901 0.00471941 0.00510353 0.00557455 0.00612826 0.00678617 0.00758701 0.00861954 0.00987385 0.0114281 0.0133235 0.0156878 0.0185126 0.0218593 0.0257278 0.0301828 0.0351564 0.0405789 0.046309 0.0522179 0.0580805 0.0636085 0.068464 0.0723121 0.0748441 0.0757472 0.0747618 0.0716593 0.0663381 0.058768 0.0490934 0.0375543 0.0245747 0.0106225 -0.00373081 -0.0179516 -0.0314569 -0.0437549 -0.0543817 -0.0630482 -0.0695531 -0.0738728 -0.0760549 -0.0762866 -0.0747904 -0.0718542 -0.0677563 -0.0628138 -0.0573526 -0.0516789 -0.0460358 -0.0405763 -0.0354531 -0.0307665 -0.0266149 -0.0229659 -0.0198284 -0.0171539 -0.0149681 -0.0131599 -0.0116878 -0.0104622 -0.00950005 -0.00871201 -0.00806023 -0.0075005 -0.00704651 -0.00666963 -0.00632125 -0.00602127 -0.00575375 -0.00553613 -0.00530491 -0.00511556 -0.00493562 -0.00478224 -0.00462044 -0.00448101 -0.00436045 -0.00423195 -0.00412432 -0.00401202 -0.00392703 -0.00382254 -0.00374325 -0.00366143 -0.00358409 -0.00351579 -0.00344062 -0.00338702 -0.00331559 -0.00326594 -0.00320487 -0.00315385 -0.00310825 -0.0030539 -0.00301825 -0.00296303 -0.0029323 -0.00289988 -0.00285939 -0.00281796 -0.0027837 -0.0027797 -0.00273699 -0.00269398 -0.00267032 -0.00265206 -0.00263986 -0.0025986 -0.00257578 -0.0025616 -0.00253728 -0.00252815 -0.00251592 -0.00249681 -0.0024697 -0.00245913 -0.00245064 -0.00242734 -0.00242754 -0.00241615 -0.00239638 -0.00239693 -0.00238217 -0.00237391 -0.00237562 -0.00236367 -0.0023593 -0.00235429 -0.00234541 -0.00234344 -0.00234147 -0.0023424 
0 2.17662e-05 4.79284e-05 6.59335e-05 9.58495e-05 0.000116676 0.000133832 0.00016789 0.000183424 0.000209647 0.000246238 0.000258337 0.000285316 0.000310883 0.000325315 0.000357157 0.000389047 0.000418898 0.000448359 0.000478996 0.000497449 0.00051945 0.000561712 0.000583929 0.000622243 0.000653404 0.0006687 0.000726249 0.000756736 0.000793725 0.000839198 0.000859059 0.000909454 0.000949212 0.00099352 0.00102673 0.00107255 0.00113634 0.00116434 0.00123444 0.00128593 0.00133818 0.00140663 0.00146355 0.00153787 0.00158921 0.00167865 0.00174424 0.00181883 0.00191148 0.00199091 0.00209432 0.00217934 0.00230368 0.0024057 0.00253234 0.00266381 0.00280196 0.00296194 0.00311273 0.00330433 0.00348434 0.00371117 0.00392998 0.00419566 0.00448529 0.00481825 0.00519485 0.00562808 0.00616919 0.00679048 0.00756168 0.0084853 0.00967327 0.0111043 0.0128784 0.015027 0.017666 0.0207911 0.0244407 0.0286262 0.0333674 0.0386104 0.0442308 0.0501112 0.0560723 0.0619204 0.0673165 0.071963 0.0755017 0.0776904 0.078202 0.0768248 0.0733068 0.0676018 0.0596774 0.0497257 0.0379522 0.0247863 0.0106478 -0.00387246 -0.0182656 -0.0319271 -0.0444109 -0.0552532 -0.0642088 -0.0710414 -0.0757355 -0.0782864 -0.0789032 -0.0777643 -0.0751734 -0.0713434 -0.0666069 -0.0612418 -0.0555975 -0.0498815 -0.0442955 -0.0389621 -0.0340345 -0.0295917 -0.0256531 -0.022215 -0.0192593 -0.0168003 -0.0147488 -0.0130715 -0.0116683 -0.0105578 -0.00963281 -0.00889082 -0.00824616 -0.0077306 -0.00728252 -0.00690115 -0.00656388 -0.0062636 -0.00601072 -0.00576264 -0.00556159 -0.00535044 -0.00518638 -0.00501201 -0.00486827 -0.00472052 -0.00459057 -0.00447807 -0.00434905 -0.0042538 -0.00414316 -0.0040615 -0.00395501 -0.00387961 -0.00380449 -0.00371522 -0.00365599 -0.00358164 -0.00352916 -0.00345505 -0.00341361 -0.00336013 -0.0032966 -0.00327189 -0.00321318 -0.00317062 -0.00312665 -0.00309527 -0.00305559 -0.00300465 -0.00298516 -0.00293743 -0.00292038 -0.0028992 -0.0028522 -0.00284002 -0.00281139 -0.0027932 -0.00277927 -0.00274659 -0.00272168 -0.00270031 -0.00268824 -0.00266764 -0.00265892 -0.00265061 -0.00262171 -0.0026192 -0.00260639 -0.00258721 -0.00259367 -0.00257577 -0.00255972 -0.00255902 -0.00254305 -0.00253986 -0.00254464 -0.0025399 -0.00253756 -0.0025346 -0.00252626 
0 1.59992e-05 6.44873e-05 6.97438e-05 9.5761e-05 0.000134886 0.000140844 0.000178209 0.000204928 0.000220155 0.000257233 0.000274227 0.000310267 0.00034074 0.000357157 0.000403332 0.000410678 0.000435266 0.000489395 0.000493108 0.000533819 0.000583732 0.000596636 0.000632735 0.000674431 0.000713049 0.000730328 0.000768503 0.000825028 0.000841671 0.000889332 0.000931256 0.000970857 0.001036 0.00106234 0.00111495 0.00117471 0.00122169 0.00127144 0.00132311 0.00139643 0.00143607 0.00150748 0.00158421 0.00163723 0.00172171 0.0018 0.00188812 0.0019611 0.00206689 0.00216906 0.00225444 0.00237739 0.00249087 0.00261806 0.00273462 0.00289136 0.00304233 0.00319508 0.00337913 0.00357177 0.0037906 0.00400529 0.00427824 0.00456102 0.0048908 0.00525398 0.00568921 0.00619763 0.00679426 0.00752451 0.00839945 0.0094955 0.0108231 0.0124771 0.0144685 0.0169078 0.0198096 0.0232424 0.0271838 0.0316702 0.0366661 0.0421155 0.0478863 0.0538328 0.0597875 0.0655068 0.0707041 0.0750345 0.078227 0.07999 0.0800987 0.0782759 0.0743745 0.0682832 0.0600881 0.0499034 0.0380211 0.0247503 0.0105806 -0.00400703 -0.0184136 -0.032142 -0.0446759 -0.0556768 -0.0648226 -0.0719674 -0.0769839 -0.0799389 -0.0809351 -0.0802213 -0.0779966 -0.0745291 -0.0700551 -0.064901 -0.0593455 -0.0536491 -0.0479865 -0.0425201 -0.0373918 -0.0326923 -0.0284801 -0.0247474 -0.0215265 -0.0187709 -0.0164799 -0.0145571 -0.0129934 -0.0116907 -0.0106427 -0.00976768 -0.00905943 -0.00845424 -0.00794343 -0.00751443 -0.00713927 -0.00681354 -0.00650396 -0.00625826 -0.00601544 -0.00580208 -0.00559101 -0.00542401 -0.00525545 -0.00508606 -0.00495031 -0.00481618 -0.00469471 -0.00455905 -0.00447074 -0.00436349 -0.00425859 -0.00417678 -0.00409419 -0.00401539 -0.00392618 -0.00387713 -0.00379618 -0.00372591 -0.00367925 -0.00361033 -0.00355362 -0.00349682 -0.00346209 -0.0034005 -0.00335171 -0.0033261 -0.00327342 -0.00325142 -0.00320486 -0.0031629 -0.00315281 -0.00311165 -0.00307258 -0.00304308 -0.00303149 -0.00299408 -0.00295374 -0.00296274 -0.00292603 -0.00290011 -0.00290565 -0.00286871 -0.00285428 -0.00284003 -0.00282123 -0.00281716 -0.00278893 -0.00278681 -0.00277495 -0.00274978 -0.00276869 -0.00275015 -0.00273563 -0.00275267 -0.0027174 -0.00271357 -0.00272764 -0.00269842 -0.00271859 
0 2.74643e-05 5.06829e-05 7.92021e-05 0.000107846 0.000133939 0.000161213 0.000190974 0.000218502 0.00024108 0.000274682 0.000301367 0.00031991 0.000363227 0.000389047 0.000410678 0.000462495 0.000480649 0.000501788 0.000549452 0.000575544 0.000610728 0.000646122 0.000681687 0.000714517 0.000740574 0.000805655 0.000846877 0.000861859 0.000907117 0.000964766 0.0010155 0.00104068 0.00109227 0.00114963 0.00119346 0.00125781 0.00130277 0.00136233 0.00143075 0.00149278 0.00155451 0.00162327 0.00170877 0.00176791 0.00185255 0.0019445 0.00202368 0.00211426 0.00221875 0.00232965 0.00242205 0.0025526 0.00268429 0.00281032 0.00295012 0.00311647 0.00328731 0.00344872 0.00365475 0.00387321 0.00410383 0.00434545 0.00464427 0.00496951 0.00532236 0.00573456 0.00622902 0.00681108 0.00748334 0.00831593 0.00933272 0.010585 0.0120959 0.0139586 0.016213 0.0189234 0.0221115 0.0258244 0.0300604 0.0348097 0.0400231 0.0456191 0.0514748 0.0574249 0.0632843 0.0688017 0.0737017 0.0776677 0.0804414 0.0817613 0.0814131 0.0791585 0.0748601 0.0684469 0.0600095 0.0496912 0.0377579 0.0245128 0.0103983 -0.00410606 -0.0184357 -0.0320943 -0.0446136 -0.0556658 -0.0649643 -0.0723438 -0.0776821 -0.081011 -0.0824285 -0.082144 -0.0803477 -0.0772768 -0.0731582 -0.0682833 -0.0629131 -0.057302 -0.0516406 -0.046107 -0.0408343 -0.0359265 -0.0314552 -0.0274604 -0.0239623 -0.0209331 -0.0183627 -0.0162062 -0.0144334 -0.0129521 -0.0117343 -0.0107303 -0.00992197 -0.0092286 -0.00864019 -0.00814686 -0.00773614 -0.00736232 -0.00702023 -0.00673942 -0.00648415 -0.00624334 -0.00601241 -0.0058328 -0.00564992 -0.00547231 -0.00531496 -0.00518281 -0.0050436 -0.00490371 -0.00480116 -0.00468703 -0.00457724 -0.00447561 -0.00439553 -0.00429834 -0.00420977 -0.00414595 -0.00406318 -0.00399265 -0.00392715 -0.00387334 -0.00380642 -0.00375021 -0.00370333 -0.00364467 -0.00361234 -0.00355684 -0.00350087 -0.00346986 -0.00344377 -0.00339973 -0.00333742 -0.00332239 -0.00330375 -0.00326272 -0.00323181 -0.00320184 -0.00318662 -0.00315359 -0.00313336 -0.00312496 -0.00308178 -0.0030671 -0.0030599 -0.00302985 -0.00301942 -0.00300928 -0.00299247 -0.00297869 -0.00296988 -0.00296033 -0.00294198 -0.00293891 -0.00293188 -0.00291582 -0.00292233 -0.00291555 -0.00290351 -0.00291265 -0.00290099 
0 3.25986e-05 4.81959e-05 8.93168e-05 0.000116146 0.000139087 0.000180105 0.000197357 0.000229131 0.000265051 0.000285204 0.000329173 0.000353412 0.00037898 0.000418898 0.000435266 0.000480649 0.000517766 0.000545484 0.00059621 0.000613153 0.000647522 0.000689768 0.000722327 0.000777099 0.000806437 0.000843653 0.000882402 0.00093349 0.000998829 0.00102019 0.00106949 0.0011238 0.00117581 0.00123475 0.00127275 0.00134234 0.0013977 0.00146161 0.00153066 0.00159032 0.00167125 0.0017384 0.00182524 0.00189863 0.00198647 0.0020847 0.00216794 0.00227522 0.00237952 0.00249791 0.00260547 0.00274125 0.00288329 0.00301638 0.00317638 0.00334854 0.00353415 0.00371221 0.00393711 0.00417571 0.00442339 0.00469762 0.00502449 0.00538995 0.00577886 0.00624979 0.00681121 0.00747421 0.00824046 0.00919475 0.0103677 0.0117921 0.0135052 0.0155972 0.0181243 0.0211097 0.0245791 0.0285619 0.033068 0.0380422 0.0434199 0.0491008 0.0549735 0.0608526 0.0665365 0.07177 0.0763006 0.0798447 0.082159 0.0830037 0.0821802 0.0794911 0.074818 0.0681235 0.0595011 0.0491136 0.0372068 0.0240765 0.0101224 -0.00418883 -0.0183326 -0.0318263 -0.0442478 -0.0552815 -0.0646685 -0.0722315 -0.0778546 -0.081544 -0.0833852 -0.083547 -0.0822043 -0.0795717 -0.0758656 -0.0713427 -0.0662342 -0.0607841 -0.0551951 -0.0496619 -0.0443067 -0.0392416 -0.0345484 -0.0303128 -0.0265511 -0.0232533 -0.0204027 -0.0179978 -0.0159992 -0.0143245 -0.0129265 -0.0117765 -0.0108499 -0.01006 -0.0093896 -0.00882461 -0.00836495 -0.00794424 -0.00756922 -0.00724893 -0.00697159 -0.00670672 -0.00645694 -0.00625451 -0.0060546 -0.00586896 -0.00569088 -0.00554731 -0.00539482 -0.00525168 -0.00513006 -0.00500774 -0.00489667 -0.00478109 -0.00469394 -0.00459054 -0.00450301 -0.00442147 -0.00433871 -0.00427106 -0.00419007 -0.00413312 -0.00406265 -0.00400908 -0.00395289 -0.00388689 -0.00384519 -0.00379078 -0.0037574 -0.00369648 -0.00364355 -0.00362564 -0.00358447 -0.00354999 -0.00350135 -0.00347417 -0.00345358 -0.00341922 -0.00340474 -0.00335865 -0.00333389 -0.0033193 -0.00328399 -0.00328105 -0.00325594 -0.00323335 -0.00322375 -0.00319441 -0.00319205 -0.00317794 -0.00316022 -0.00315997 -0.00313401 -0.00312654 -0.0031242 -0.00310527 -0.00311378 -0.00310934 -0.00309596 -0.00310416 -0.00309019 
