0 0 0 0 0 0 0 0 0 0 0 0 0 0 0 0 0 0 0 0 0 0 0 0 0 0 0 0 0 0 0 0 0 0 0 0 0 0 0 0 0 0 0 0 0 0 0 0 0 0 0 0 0 0 0 0 0 0 0 0 0 0 0 0 0 0 0 0 0 0 0 0 0 0 0 0 0 0 0 0 0 0 0 0 0 0 0 0 0 0 0 0 0 0 0 0 0 0 0 0 0 0 0 0 0 0 0 0 0 0 0 0 0 0 0 0 0 0 0 0 0 0 0 0 0 0 0 0 0 0 0 0 0 0 0 0 0 0 0 0 0 0 0 0 0 0 0 0 0 0 0 0 0 0 0 0 0 0 0 0 0 0 0 0 0 0 0 0 0 0 0 0 0 0 0 0 0 0 0 0 0 0 0 0 0 0 0 0 0 0 0 0 0 0 0 0 0 0 0 0 
0 5.74509e-06 -6.59134e-06 2.10251e-06 4.60239e-06 -2.86979e-06 1.20932e-05 7.99355e-06 3.40727e-06 1.41918e-05 9.85711e-07 2.94231e-06 9.5806e-06 3.7013e-06 1.32968e-05 1.58853e-05 1.63052e-05 1.22291e-05 1.42451e-05 1.5003e-05 4.19754e-06 2.48707e-05 1.66885e-05 8.95968e-06 2.94762e-05 8.66713e-06 1.75034e-05 3.03517e-05 2.44585e-05 2.91008e-05 2.17356e-05 2.83214e-05 1.94783e-05 2.63654e-05 3.7216e-05 2.71917e-05 2.40127e-05 1.99997e-05 4.69972e-05 3.87067e-05 2.64482e-05 4.12612e-05 4.12616e-05 4.62571e-05 4.05084e-05 4.76684e-05 4.21027e-05 4.92758e-05 5.22017e-05 4.29274e-05 5.65574e-05 5.50638e-05 6.07044e-05 6.51003e-05 8.54165e-05 9.55974e-05 0.000121713 0.000168787 0.00021561 0.000292715 0.000394675 0.000532025 0.000689138 0.000908233 0.00116695 0.00147332 0.00183807 0.00226417 0.00272739 0.00320928 0.00370488 0.00415296 0.00452132 0.00477388 0.00489839 0.00483713 0.00458827 0.00414311 0.00351004 0.00269221 0.00175724 0.00077531 -0.000197515 -0.001116 -0.00192114 -0.00256339 -0.00302688 -0.00329719 -0.00337679 -0.00328659 -0.00308676 -0.00280629 -0.0024657 -0.0020798 -0.0017059 -0.00136769 -0.0010655 -0.000769122 -0.000494762 -0.000250698 -3.55978e-05 0.000197546 0.000457971 0.000741466 0.00102769 0.00134523 0.00170198 0.00208476 0.00243757 0.00274237 0.00298046 0.00312942 0.00312777 0.002947 0.00257625 0.00202569 0.00130178 0.00044708 -0.000483494 -0.00144373 -0.00238457 -0.00323568 -0.00392291 -0.00443054 -0.00474842 -0.00487971 -0.00481975 -0.0046218 -0.00430015 -0.00388809 -0.00341211 -0.0029389 -0.00247566 -0.00204383 -0.0016652 -0.00134823 -0.0010775 -0.000847075 -0.000678459 -0.000534591 -0.00042537 -0.000340685 -0.000291799 -0.000240597 -0.000212927 -0.000199667 -0.000181587 -0.000173156 -0.000167798 -0.000169828 -0.000153345 -0.000161212 -0.000155284 -0.000151258 -0.0001524 -0.000144297 -0.000144747 -0.000145041 -0.000153788 -0.000129323 -0.000136415 -0.000151957 -0.000143933 -0.000138611 -0.000128284 -0.000144976 -0.000140882 -0.000136745 -0.000134257 -0.000130117 -0.000130956 -0.000119888 -0.000141722 -0.000129372 -0.000118909 -0.000137569 -0.000119678 -0.000127056 -0.000135264 -0.000128289 -0.000127306 -0.00012352 -0.000124411 -0.000114262 -0.000124311 -0.000126413 -0.000116846 -0.000132395 -0.000121045 -0.000117985 -0.000128578 -0.00011464 -0.000121844 -0.0001246 -0.000115203 -0.000123824 -0.000120474 -0.000116579 -0.000125272 -0.000119376 
0 -6.59134e-06 1.90131e-05 -1.43505e-06 7.12397e-06 1.66218e-05 -6.83963e-06 1.17472e-05 1.03858e-05 3.42624e-06 2.60632e-05 2.01495e-05 1.93604e-05 2.70149e-05 1.60277e-05 1.43289e-05 2.02956e-05 2.25594e-05 2.65595e-05 3.36603e-05 3.59114e-05 2.98482e-05 3.1436e-05 4.07051e-05 3.70041e-05 4.11894e-05 5.05582e-05 3.55028e-05 3.14023e-05 4.67463e-05 5.08877e-05 4.56028e-05 6.2998e-05 6.34004e-05 3.77671e-05 6.66701e-05 8.06941e-05 6.64818e-05 6.2278e-05 6.08695e-05 7.92336e-05 7.68025e-05 7.46307e-05 6.72144e-05 8.53258e-05 9.21897e-05 7.74379e-05 0.000100607 9.63591e-05 0.00010415 0.000108525 0.000124519 0.000125412 0.000141079 0.000178993 0.000193085 0.000257682 0.000329925 0.000443695 0.000577684 0.00079631 0.00105555 0.00138166 0.001814 0.00232865 0.00295066 0.00366869 0.00453209 0.00543874 0.00641965 0.00738435 0.00829246 0.00900991 0.00952665 0.00975934 0.00964459 0.00914566 0.00825988 0.00700201 0.005375 0.00352955 0.00156749 -0.000354967 -0.002195 -0.00378062 -0.00507928 -0.00598877 -0.00655038 -0.00669904 -0.00654972 -0.00614138 -0.00560483 -0.00491233 -0.00416857 -0.00340979 -0.00274997 -0.00212504 -0.00154952 -0.000985867 -0.000511106 -5.67912e-05 0.000397652 0.000934293 0.00148408 0.0020773 0.00269829 0.0034252 0.00416453 0.004882 0.00546913 0.00595596 0.00622376 0.00623071 0.00584728 0.00512297 0.00400528 0.00258144 0.000866576 -0.000970645 -0.00289341 -0.00474951 -0.0064458 -0.00780852 -0.00882338 -0.00945768 -0.00971647 -0.0096111 -0.00920905 -0.00858444 -0.00775195 -0.00682889 -0.00586837 -0.00496539 -0.00409042 -0.003351 -0.00270409 -0.00217063 -0.00170986 -0.00136496 -0.00108478 -0.000852206 -0.00069776 -0.000575114 -0.000492495 -0.000416821 -0.00039882 -0.000355422 -0.000339267 -0.000332106 -0.000321714 -0.000313222 -0.00031 -0.000317691 -0.000291821 -0.000308717 -0.000307039 -0.000297293 -0.000290572 -0.000289385 -0.000299517 -0.00029042 -0.000280588 -0.000259615 -0.000285641 -0.000290295 -0.000256932 -0.000265108 -0.000269973 -0.000263832 -0.000266846 -0.000277532 -0.000265078 -0.000252926 -0.000263953 -0.000260185 -0.00025777 -0.000259423 -0.000253323 -0.000246302 -0.000242402 -0.000250527 -0.000252067 -0.000249131 -0.000260027 -0.000250084 -0.000239326 -0.000252655 -0.000236623 -0.000237825 -0.000254986 -0.000232714 -0.00024652 -0.000250198 -0.000228505 -0.00025246 -0.00023991 -0.000233071 -0.000253274 -0.000230181 -0.000242694 
0 2.10251e-06 -1.43505e-06 4.81122e-06 1.00233e-05 7.1231e-06 1.88007e-05 2.03732e-05 1.60299e-05 2.50237e-05 1.69438e-05 1.71859e-05 2.56144e-05 2.42268e-05 3.35763e-05 3.94553e-05 4.18644e-05 3.77707e-05 4.13541e-05 4.30365e-05 3.41873e-05 5.64205e-05 5.01763e-05 4.52976e-05 6.6088e-05 4.73147e-05 5.97956e-05 7.38001e-05 6.99924e-05 7.80951e-05 7.15296e-05 7.72029e-05 7.33735e-05 8.25908e-05 9.17816e-05 8.8285e-05 8.61621e-05 8.24127e-05 0.000115074 0.000108855 9.95797e-05 0.000117103 0.000120388 0.00012653 0.000126532 0.000136185 0.000129959 0.000145235 0.000149929 0.000144005 0.00016435 0.000172134 0.000185712 0.000207241 0.000255624 0.00029726 0.000380195 0.000507063 0.000664322 0.000890963 0.00120182 0.00160442 0.00209654 0.00274241 0.00351899 0.00444404 0.00553477 0.00679791 0.00816962 0.0096085 0.0110544 0.0123761 0.0134571 0.0142065 0.0145495 0.0143669 0.0136246 0.0123042 0.010425 0.00802631 0.0052842 0.00238696 -0.000487635 -0.00320022 -0.00557733 -0.00749561 -0.00888127 -0.0097072 -0.00997124 -0.00975368 -0.00918651 -0.00837426 -0.00737332 -0.00626008 -0.00515744 -0.00414592 -0.00321977 -0.00233747 -0.00151381 -0.000774949 -9.41284e-05 0.000617192 0.00140226 0.0022447 0.00312369 0.00408051 0.00514065 0.00624865 0.00728762 0.00817713 0.00886507 0.00925993 0.00922612 0.00866369 0.00755137 0.00589952 0.00375858 0.0012317 -0.00151948 -0.00435943 -0.00712185 -0.00961852 -0.011654 -0.0131611 -0.0141063 -0.014495 -0.0143424 -0.0137578 -0.0128141 -0.0115976 -0.0102132 -0.00880217 -0.0074322 -0.0061518 -0.00502643 -0.0040673 -0.0032564 -0.00257566 -0.00205161 -0.00162465 -0.00129178 -0.00104317 -0.000874335 -0.000735552 -0.000644285 -0.000595503 -0.000546591 -0.000519096 -0.000503397 -0.000496524 -0.000471345 -0.000475117 -0.00046741 -0.000454318 -0.00045487 -0.00044353 -0.000439494 -0.000437549 -0.00044312 -0.000415583 -0.00042089 -0.00043658 -0.000421996 -0.00041697 -0.000406611 -0.000417209 -0.000413981 -0.000408653 -0.00040167 -0.000395121 -0.000395595 -0.000382258 -0.000401736 -0.000389613 -0.000376519 -0.0003935 -0.000375328 -0.00038174 -0.000389982 -0.000380965 -0.00037932 -0.000374223 -0.000371243 -0.000362627 -0.000371157 -0.000370844 -0.000364976 -0.00037683 -0.000364824 -0.000364509 -0.000369645 -0.000358214 -0.000365501 -0.000363971 -0.000358823 -0.000364251 -0.000361271 -0.000359529 -0.000360751 -0.000361405 
0 4.60239e-06 7.12397e-06 1.00233e-05 1.17648e-05 1.21471e-05 1.73929e-05 1.9338e-05 2.10456e-05 2.85324e-05 2.967e-05 3.3267e-05 3.81892e-05 3.74514e-05 4.06735e-05 4.33288e-05 4.63375e-05 4.95041e-05 5.52225e-05 5.97787e-05 5.89498e-05 6.79035e-05 6.77949e-05 6.87138e-05 8.03133e-05 7.62566e-05 8.19411e-05 8.74274e-05 8.57573e-05 9.41824e-05 9.70789e-05 0.000103555 0.000107297 0.000110838 0.000116571 0.000121185 0.000127435 0.000127244 0.000138012 0.000139532 0.000140548 0.000153075 0.000154339 0.000159694 0.000166945 0.000175123 0.000178163 0.00018904 0.000199146 0.000202176 0.000220999 0.00023552 0.000255185 0.000288884 0.000342216 0.000410757 0.000518761 0.000683539 0.000899787 0.00120546 0.00161803 0.00215248 0.00282377 0.00367605 0.00471428 0.00594885 0.00740402 0.00906607 0.0108831 0.0127818 0.0146748 0.0164038 0.0178238 0.0188052 0.0192359 0.01899 0.0180055 0.0162629 0.0137813 0.010647 0.00705586 0.00325551 -0.000531076 -0.00409215 -0.00722694 -0.00976495 -0.0116147 -0.012725 -0.0131148 -0.0128739 -0.0121634 -0.0111077 -0.00980726 -0.00836311 -0.00692174 -0.00557116 -0.00432523 -0.00314783 -0.00205369 -0.00105339 -0.000116027 0.000852629 0.00189887 0.0030226 0.00420737 0.00549285 0.00688744 0.00832958 0.00968328 0.0108466 0.0117247 0.0122032 0.0121166 0.0113518 0.00986064 0.00766889 0.00484038 0.00152068 -0.00210626 -0.00583721 -0.00945912 -0.0127212 -0.0154059 -0.0173945 -0.0186466 -0.0191619 -0.0189831 -0.0182209 -0.0169829 -0.015391 -0.0135835 -0.0117245 -0.00991239 -0.00822911 -0.00673352 -0.00545425 -0.00437016 -0.00347292 -0.00275892 -0.00218957 -0.00174486 -0.00141067 -0.00117302 -0.000990754 -0.000868548 -0.000789066 -0.000730665 -0.000690268 -0.000667767 -0.000652216 -0.000632313 -0.000628759 -0.000618831 -0.000609541 -0.000605644 -0.000600127 -0.000591492 -0.000585824 -0.000586456 -0.000573111 -0.000570811 -0.000567344 -0.000558554 -0.00055626 -0.000550241 -0.000547616 -0.000541068 -0.000538835 -0.000534527 -0.000533344 -0.00053206 -0.000522592 -0.000526628 -0.000519528 -0.000514386 -0.000518866 -0.000509552 -0.000507908 -0.000506413 -0.000501672 -0.000500694 -0.000500266 -0.000500339 -0.000496009 -0.00049725 -0.000494041 -0.000489071 -0.000492063 -0.000487056 -0.000486597 -0.000488506 -0.000483973 -0.000485414 -0.000484891 -0.000482265 -0.000482255 -0.00048268 -0.00048292 -0.000481218 -0.000481437 
0 -2.86979e-06 1.66218e-05 7.1231e-06 1.21471e-05 2.76261e-05 1.34421e-05 2.4745e-05 3.25606e-05 2.37849e-05 4.26436e-05 4.36053e-05 4.21862e-05 5.40272e-05 4.99469e-05 5.25993e-05 5.64204e-05 6.52931e-05 6.6759e-05 7.06093e-05 8.73664e-05 7.16711e-05 8.4426e-05 9.79329e-05 8.28663e-05 0.000107421 0.000107114 0.000101901 0.000110181 0.000113979 0.000127652 0.000121983 0.000141394 0.000142226 0.000133069 0.000152237 0.000162485 0.000173321 0.000155959 0.000171038 0.000190254 0.000186675 0.000195427 0.000194864 0.000214625 0.00021582 0.000227282 0.000234999 0.000243204 0.000263754 0.000269388 0.000298265 0.000320787 0.000369648 0.000428492 0.000525786 0.000667146 0.000863882 0.00115314 0.00153386 0.00205711 0.00272095 0.00358078 0.00463755 0.00593689 0.00748473 0.00929429 0.0113486 0.0135886 0.0159351 0.0182386 0.0203553 0.0220852 0.0232852 0.0237809 0.0234689 0.0222437 0.020092 0.017035 0.0132087 0.00882548 0.00416789 -0.00048007 -0.00485387 -0.00870873 -0.0118577 -0.014161 -0.015574 -0.0161093 -0.0158914 -0.0150643 -0.013801 -0.0122218 -0.0104853 -0.00871781 -0.00703901 -0.00546047 -0.00399379 -0.00261993 -0.00135387 -0.00013258 0.00110058 0.00241953 0.00381948 0.00532467 0.0069334 0.00865612 0.010398 0.0120479 0.013452 0.0144965 0.0150125 0.0148497 0.0138582 0.0119926 0.00926199 0.00577654 0.00169302 -0.00276314 -0.00734461 -0.01177 -0.0157527 -0.0190535 -0.0215073 -0.0230587 -0.0236991 -0.0235104 -0.0225812 -0.0210727 -0.0191214 -0.0169248 -0.0146286 -0.0123963 -0.0103151 -0.00846168 -0.00685667 -0.00550196 -0.00438867 -0.00347911 -0.0027688 -0.00220659 -0.00179297 -0.00147465 -0.00125815 -0.00109787 -0.000990557 -0.000920148 -0.000868394 -0.000840102 -0.0008088 -0.000803025 -0.000781439 -0.000776047 -0.000763061 -0.000754931 -0.000754416 -0.000740093 -0.000733992 -0.000717559 -0.000732513 -0.000718211 -0.000697027 -0.000696467 -0.000697649 -0.000701686 -0.000673848 -0.000676977 -0.000676033 -0.000667899 -0.00066887 -0.000662697 -0.000666138 -0.000641992 -0.000651003 -0.000655463 -0.000633071 -0.000647818 -0.000636549 -0.000625704 -0.000630126 -0.000627148 -0.000627021 -0.000621798 -0.000629375 -0.000616834 -0.000611996 -0.000622562 -0.000603303 -0.00061266 -0.000616406 -0.000599281 -0.000614564 -0.000606236 -0.000598462 -0.000613664 -0.000599376 -0.000599609 -0.000609702 -0.000595391 -0.000602749 
0 1.20932e-05 -6.83963e-06 1.88007e-05 1.73929e-05 1.34421e-05 3.89289e-05 2.83946e-05 3.69962e-05 4.74556e-05 3.47456e-05 4.56198e-05 4.98019e-05 5.242e-05 6.53907e-05 7.36056e-05 7.81291e-05 7.735e-05 8.30787e-05 8.30058e-05 8.37854e-05 9.99716e-05 0.000104644 0.00010306 0.000114047 0.000117493 0.000114717 0.000134759 0.000150135 0.000141221 0.000145911 0.00015955 0.000149734 0.00015953 0.000190907 0.000177693 0.000171281 0.000190164 0.000208234 0.000220414 0.000212575 0.000222791 0.000238742 0.000255897 0.000251205 0.0002582 0.00028206 0.00027811 0.000297514 0.00030889 0.000328862 0.000348839 0.000392642 0.000445789 0.000515614 0.000650776 0.00081361 0.00106713 0.00140946 0.00189392 0.00250838 0.00332574 0.00436266 0.00563386 0.00719477 0.00904825 0.0112172 0.0136342 0.016299 0.0190437 0.0217507 0.0241997 0.026233 0.0276067 0.028166 0.0277672 0.0263129 0.0237645 0.0201669 0.0157047 0.0105835 0.00514189 -0.000323313 -0.00544403 -0.0100005 -0.013719 -0.0164923 -0.0181994 -0.0189348 -0.0187588 -0.0178803 -0.0164239 -0.0146257 -0.0126077 -0.0105602 -0.00853843 -0.00664851 -0.00486707 -0.00322949 -0.00166193 -0.000159428 0.00137611 0.00295448 0.00465817 0.00646625 0.00841863 0.0104305 0.0124665 0.0143567 0.0159907 0.0171393 0.017674 0.017376 0.0161601 0.0138949 0.0106598 0.00652572 0.00173854 -0.00351142 -0.00887154 -0.0140511 -0.0186926 -0.0225737 -0.0254704 -0.0273081 -0.0280846 -0.0278856 -0.026826 -0.025052 -0.0227912 -0.0202106 -0.017527 -0.0148703 -0.0124249 -0.0102043 -0.00828834 -0.00665639 -0.00532473 -0.00422584 -0.00335742 -0.00269489 -0.00217675 -0.00180097 -0.00152364 -0.00134518 -0.0011951 -0.00111715 -0.00105547 -0.00101105 -0.000983081 -0.000963598 -0.000946796 -0.000923761 -0.000929927 -0.000903292 -0.000890202 -0.000888434 -0.000884729 -0.000871725 -0.000851361 -0.000851833 -0.00085405 -0.000858239 -0.000826193 -0.000815581 -0.00083807 -0.000823502 -0.000808393 -0.000809698 -0.00079814 -0.000781501 -0.000789614 -0.000792606 -0.000775694 -0.000772894 -0.000771802 -0.000762781 -0.000765162 -0.000769538 -0.000763334 -0.000755517 -0.000749468 -0.000745789 -0.000736865 -0.000739951 -0.000746838 -0.000732603 -0.000742317 -0.000739976 -0.000721523 -0.000740613 -0.000726643 -0.000720773 -0.000738949 -0.000714981 -0.000727429 -0.000730753 -0.000709159 -0.000733562 -0.000720002 
0 7.99355e-06 1.17472e-05 2.03732e-05 1.9338e-05 2.4745e-05 2.83946e-05 2.92752e-05 4.19713e-05 4.34842e-05 5.35493e-05 6.55569e-05 6.38154e-05 7.04924e-05 7.20004e-05 7.09051e-05 7.72681e-05 8.9705e-05 9.478e-05 0.000103251 0.000118509 0.000107394 0.000120018 0.000131351 0.000123468 0.000148962 0.000145779 0.000144157 0.000155486 0.000155556 0.000175016 0.000181516 0.000193165 0.000197283 0.000200093 0.000210027 0.000226753 0.000244502 0.000222642 0.000240932 0.000261596 0.00026043 0.000272153 0.000279214 0.000293154 0.000301656 0.000326213 0.000326123 0.000345502 0.000375277 0.000386166 0.000422288 0.000469733 0.000537502 0.000621931 0.000781305 0.000984032 0.00127355 0.00169479 0.0022556 0.00298958 0.00394334 0.00516942 0.0066534 0.00847569 0.0106405 0.0131452 0.0159362 0.0189793 0.0221201 0.0251719 0.0279478 0.030226 0.0317677 0.0323573 0.0318762 0.0301889 0.0272692 0.0231766 0.0181288 0.0123491 0.00618213 -1.25572e-05 -0.00584492 -0.0110376 -0.0153241 -0.0185342 -0.0205795 -0.0215216 -0.0214603 -0.02055 -0.0189773 -0.0169765 -0.0147413 -0.0124118 -0.010089 -0.00786515 -0.00579134 -0.0038528 -0.001995 -0.000168308 0.00165988 0.00353771 0.00552754 0.00766662 0.00992805 0.0122385 0.0145123 0.0166326 0.0184247 0.0196608 0.0201421 0.0196997 0.0182082 0.0155691 0.0118215 0.00709774 0.00163124 -0.00432911 -0.0104165 -0.0162683 -0.0215216 -0.0259295 -0.0292439 -0.0313629 -0.0322735 -0.0320905 -0.0309088 -0.0289246 -0.0263643 -0.0234597 -0.0203945 -0.0173676 -0.0145478 -0.0119925 -0.0097569 -0.00785761 -0.00630117 -0.00500718 -0.00398953 -0.0031994 -0.00259619 -0.00213256 -0.00181253 -0.00158539 -0.00140907 -0.0013078 -0.00123323 -0.00118053 -0.0011372 -0.00112848 -0.00109847 -0.00108045 -0.00107771 -0.00105969 -0.00105363 -0.00104151 -0.0010311 -0.00101275 -0.00102548 -0.00100679 -0.000976935 -0.000984111 -0.000977225 -0.000971734 -0.000953466 -0.000946678 -0.000940141 -0.000939904 -0.000939375 -0.000927418 -0.00093169 -0.000908277 -0.000910854 -0.000917061 -0.000895961 -0.000903911 -0.000891514 -0.000877162 -0.000880283 -0.000877696 -0.000876516 -0.000877567 -0.000878945 -0.000866045 -0.000865848 -0.000863081 -0.000851698 -0.000860796 -0.00085347 -0.000850582 -0.000855778 -0.000846635 -0.000849437 -0.000846347 -0.000845339 -0.000848696 -0.000843717 -0.000846773 -0.000841986 
0 3.40727e-06 1.03858e-05 1.60299e-05 2.10456e-05 3.25606e-05 3.69962e-05 4.19713e-05 5.03203e-05 4.93267e-05 5.73398e-05 6.4084e-05 6.60895e-05 7.82179e-05 8.62869e-05 9.20041e-05 9.88843e-05 0.000106676 0.000106833 0.000111706 0.000126418 0.000122597 0.000137229 0.000149102 0.000142276 0.000163187 0.000166251 0.000172622 0.000188866 0.000188876 0.000201291 0.000202528 0.000212511 0.000224436 0.000230408 0.000239311 0.000247181 0.000266399 0.000264127 0.000283278 0.000300526 0.000298449 0.000319028 0.000329089 0.000340682 0.000350222 0.000370217 0.000377789 0.000393571 0.000426085 0.00043948 0.000483118 0.000540323 0.000619229 0.000730266 0.000913138 0.00116172 0.00150208 0.00200014 0.00265086 0.0035065 0.00461074 0.0060187 0.00772809 0.00980862 0.0122789 0.0151076 0.0182566 0.0216521 0.0251459 0.0285118 0.031567 0.034054 0.0357214 0.0363285 0.0357455 0.0338329 0.0305622 0.0260268 0.0204496 0.0140864 0.00727575 0.00043136 -0.00604839 -0.0118298 -0.0166487 -0.0202891 -0.0226854 -0.0238714 -0.023963 -0.0230779 -0.0214402 -0.0192925 -0.0168711 -0.0142926 -0.0116831 -0.00914122 -0.00676336 -0.00451488 -0.0023446 -0.000186195 0.00195713 0.00414594 0.0064392 0.00889988 0.0114619 0.0140436 0.0165312 0.0188318 0.020734 0.0220001 0.0223877 0.0217574 0.0199685 0.0169498 0.0127146 0.00743691 0.00134526 -0.00525551 -0.0119914 -0.0184414 -0.0242471 -0.0291255 -0.0328274 -0.0352119 -0.0362675 -0.0361047 -0.0348329 -0.0326669 -0.029849 -0.0266439 -0.0232363 -0.0198611 -0.0166828 -0.0137996 -0.0112517 -0.00908683 -0.00729488 -0.00581316 -0.00463734 -0.00372201 -0.00302405 -0.00248349 -0.00211088 -0.00183801 -0.00163936 -0.00151119 -0.00142649 -0.00136267 -0.00131295 -0.00129662 -0.00126168 -0.00124431 -0.00123147 -0.00121262 -0.00119792 -0.00118834 -0.00117849 -0.00115389 -0.0011586 -0.001144 -0.00112922 -0.00112834 -0.00111557 -0.00110922 -0.00109739 -0.00109636 -0.0010843 -0.0010764 -0.00106768 -0.00105546 -0.00106015 -0.00104149 -0.00104173 -0.00104028 -0.00102104 -0.00102888 -0.00102279 -0.00101551 -0.0010168 -0.00100986 -0.00100193 -0.000996064 -0.000996342 -0.000987081 -0.000987871 -0.00099001 -0.000978917 -0.000983825 -0.000979862 -0.000972259 -0.000976623 -0.00097143 -0.000970992 -0.000971095 -0.00096572 -0.00096545 -0.00096468 -0.000963757 -0.000964462 
0 1.41918e-05 3.42624e-06 2.50237e-05 2.85324e-05 2.37849e-05 4.74556e-05 4.34842e-05 4.93267e-05 6.88473e-05 6.24662e-05 7.21964e-05 8.17536e-05 8.34051e-05 9.3759e-05 0.000102138 0.000113068 0.000112001 0.000125703 0.000134597 0.00012686 0.000155181 0.000155802 0.000154361 0.000180047 0.000173297 0.000182615 0.000196494 0.000209906 0.000215365 0.000215939 0.000242977 0.000233496 0.000247391 0.000274774 0.000273579 0.000279465 0.000282658 0.000316795 0.000322066 0.000323498 0.000339259 0.00035286 0.000378467 0.000374051 0.00039873 0.000413183 0.000429978 0.000452934 0.000473663 0.00051316 0.000548334 0.000627172 0.000710567 0.000854978 0.00106006 0.00134921 0.00175756 0.00231562 0.00307531 0.0040428 0.0053148 0.0068924 0.00884125 0.0111776 0.013944 0.0170931 0.0205769 0.0243089 0.0281044 0.0317657 0.0350433 0.0377116 0.0394555 0.0400748 0.0393668 0.0372428 0.0336464 0.0287239 0.0226794 0.0158078 0.00844735 0.00103279 -0.00601601 -0.012342 -0.0176445 -0.0217178 -0.0244674 -0.0259443 -0.0262158 -0.0254283 -0.0237743 -0.0215523 -0.0189677 -0.0161875 -0.0133022 -0.0104744 -0.0077717 -0.00521262 -0.00269792 -0.000212893 0.00227744 0.00478126 0.00740662 0.0101658 0.0130251 0.0158379 0.0185253 0.0209427 0.0229116 0.0241355 0.024401 0.0235318 0.0214363 0.0180239 0.013341 0.0075424 0.000895813 -0.00627589 -0.0135671 -0.0205421 -0.0268339 -0.0321265 -0.0361817 -0.0388139 -0.0400309 -0.0398921 -0.0385738 -0.0362535 -0.0332368 -0.0297512 -0.0260568 -0.0223524 -0.0188474 -0.0156394 -0.0127967 -0.0103677 -0.00833162 -0.0066697 -0.0053212 -0.0042866 -0.00347064 -0.00286786 -0.00241819 -0.00210396 -0.00187404 -0.00171552 -0.00161801 -0.00153369 -0.00149276 -0.00144808 -0.00142723 -0.0013987 -0.00138771 -0.00136983 -0.00134347 -0.00134383 -0.00132643 -0.00131958 -0.00128934 -0.00128624 -0.00128903 -0.00126998 -0.00125261 -0.00123449 -0.00125064 -0.00122835 -0.00121351 -0.00121674 -0.00119821 -0.00119309 -0.00118412 -0.00119077 -0.00117143 -0.00115975 -0.00117147 -0.00114612 -0.00114968 -0.00115186 -0.00113513 -0.00113485 -0.00112822 -0.00112534 -0.00111596 -0.00111946 -0.00111849 -0.00110236 -0.00111527 -0.00110276 -0.00109323 -0.00111089 -0.00108912 -0.0010913 -0.00110245 -0.00108015 -0.00109421 -0.001094 -0.0010775 -0.00109632 -0.00108435 
0 9.85711e-07 2.60632e-05 1.69438e-05 2.967e-05 4.26436e-05 3.47456e-05 5.35493e-05 5.73398e-05 6.24662e-05 7.79942e-05 8.292e-05 9.5305e-05 9.79135e-05 0.00010558 0.000109254 0.000111053 0.000132263 0.000134507 0.000147496 0.000165387 0.000159301 0.000169472 0.000183214 0.000188167 0.000198042 0.000216962 0.00021827 0.000212771 0.000239034 0.000249853 0.000253898 0.000280642 0.00028751 0.000280993 0.000299351 0.000328706 0.000338172 0.000334802 0.000342518 0.00036994 0.000388171 0.000391484 0.000401129 0.000426444 0.000445315 0.000456657 0.000482533 0.000503538 0.000535607 0.00057425 0.000629472 0.000704642 0.000817303 0.000986112 0.00121647 0.00156 0.00202556 0.00266965 0.00351689 0.00463194 0.00604846 0.00782085 0.00999686 0.0125975 0.0156482 0.0191006 0.0229116 0.0269301 0.0310105 0.0349023 0.0383835 0.0411585 0.0429683 0.0435516 0.0427268 0.0403807 0.0365057 0.0312404 0.0247983 0.0174981 0.00967769 0.00179119 -0.00576043 -0.0125557 -0.0183165 -0.0227909 -0.0259268 -0.0276996 -0.0282144 -0.0275581 -0.0259808 -0.0237182 -0.0210383 -0.0180646 -0.0149615 -0.0118415 -0.00883778 -0.00592547 -0.00307799 -0.00023027 0.00259533 0.00546031 0.00840231 0.0114762 0.0145816 0.0176238 0.0204513 0.0229604 0.0249063 0.0260533 0.0261281 0.0250102 0.0225649 0.0187803 0.0136603 0.00740725 0.000258287 -0.00739109 -0.015155 -0.0225703 -0.0292805 -0.034935 -0.0392937 -0.0421719 -0.0435386 -0.0434625 -0.0421038 -0.0396979 -0.0364988 -0.0327981 -0.0288294 -0.0248512 -0.0210233 -0.0175151 -0.0143828 -0.0116904 -0.00941627 -0.00755466 -0.00605362 -0.00486658 -0.00395501 -0.00326059 -0.00275244 -0.0023746 -0.00212003 -0.00193172 -0.0018066 -0.0017202 -0.00166085 -0.00161744 -0.00158568 -0.00156401 -0.00153437 -0.00152512 -0.00151309 -0.00148933 -0.00146812 -0.00146403 -0.0014601 -0.00143707 -0.00141131 -0.00140152 -0.00140941 -0.00139554 -0.0013631 -0.00135841 -0.00136102 -0.00134138 -0.00134072 -0.001341 -0.0013163 -0.00130708 -0.00131015 -0.00130272 -0.00129053 -0.00129102 -0.00127749 -0.00126073 -0.00126668 -0.00125858 -0.00125658 -0.00125754 -0.00124913 -0.00124519 -0.00123421 -0.00123715 -0.00122933 -0.00122377 -0.00123264 -0.0012146 -0.00122235 -0.0012223 -0.00120341 -0.00122323 -0.00120989 -0.00120512 -0.00122309 -0.00119913 -0.0012102 
0 2.94231e-06 2.01495e-05 1.71859e-05 3.3267e-05 4.36053e-05 4.56198e-05 6.55569e-05 6.4084e-05 7.21964e-05 8.292e-05 8.09461e-05 9.7787e-05 0.000104638 0.000115183 0.000133813 0.000138473 0.0001452 0.000151968 0.000155825 0.000161741 0.000180458 0.000189586 0.000198024 0.000215682 0.000212458 0.000229671 0.000245428 0.000253897 0.00027492 0.000271765 0.00028179 0.000293768 0.000303833 0.000324698 0.000339956 0.000342089 0.000346667 0.000386985 0.000396978 0.000403123 0.000424497 0.000435902 0.000459112 0.000474462 0.000490804 0.000501697 0.000536614 0.00055802 0.000583497 0.000640203 0.000697604 0.0007886 0.000920774 0.0011228 0.00138601 0.00178318 0.0023247 0.00304458 0.00400745 0.00525667 0.0068408 0.00879889 0.0112141 0.0140706 0.017396 0.0211429 0.0252451 0.0295311 0.0338389 0.0379365 0.0415515 0.044406 0.0462229 0.0467591 0.04579 0.0432431 0.0391156 0.0335647 0.0267914 0.0191428 0.0109615 0.00268789 -0.00527216 -0.0124821 -0.0186412 -0.0235167 -0.0270272 -0.0291368 -0.0299124 -0.0294655 -0.0280117 -0.0257906 -0.0230401 -0.0199332 -0.0166261 -0.0132579 -0.00993332 -0.00667694 -0.0034627 -0.000264204 0.00293124 0.00615234 0.00943929 0.0127934 0.0161391 0.0193568 0.0223073 0.0248332 0.0267122 0.0277005 0.0275611 0.0261456 0.0233537 0.0191829 0.0136734 0.00700609 -0.000558874 -0.00861124 -0.0167494 -0.024527 -0.0315828 -0.0375411 -0.0421665 -0.0452635 -0.046795 -0.0467871 -0.045437 -0.0429671 -0.0396504 -0.0357554 -0.031569 -0.0273309 -0.0232196 -0.0194149 -0.0160074 -0.0130549 -0.0105374 -0.00848161 -0.00680988 -0.0054851 -0.004453 -0.0036824 -0.00309712 -0.0026668 -0.00237688 -0.00215925 -0.00201217 -0.00191091 -0.00184994 -0.00178478 -0.00175526 -0.00173072 -0.00169626 -0.00167666 -0.00165682 -0.00164185 -0.00162158 -0.00161168 -0.00157939 -0.00157549 -0.00157983 -0.00155021 -0.00153388 -0.00152699 -0.00152403 -0.00150955 -0.00150266 -0.00148256 -0.001467 -0.00146646 -0.00144947 -0.001452 -0.00143741 -0.00142037 -0.00142176 -0.0014105 -0.00140991 -0.00141031 -0.00140164 -0.00138959 -0.00138453 -0.00137434 -0.00136549 -0.00137214 -0.00136041 -0.0013601 -0.00136098 -0.00134712 -0.00135303 -0.00134369 -0.0013418 -0.00134793 -0.0013348 -0.00134058 -0.00133376 -0.00132638 -0.00133446 -0.00132464 -0.00133258 
0 9.5806e-06 1.93604e-05 2.56144e-05 3.81892e-05 4.21862e-05 4.98019e-05 6.38154e-05 6.60895e-05 8.17536e-05 9.5305e-05 9.7787e-05 0.000112388 0.000118768 0.000120585 0.000134572 0.000143659 0.000148779 0.000170962 0.00018205 0.000182848 0.000206489 0.000206148 0.000211666 0.000236718 0.0002348 0.000252962 0.000261853 0.000268795 0.000289335 0.000292636 0.000320016 0.000331109 0.000337227 0.000355426 0.00037172 0.00038507 0.00038838 0.000421857 0.000422881 0.000434002 0.00046551 0.000470501 0.000495604 0.00051238 0.00053686 0.00055293 0.000590292 0.000619122 0.000647199 0.000719696 0.000781605 0.000889457 0.00104363 0.00127389 0.00157709 0.00202552 0.00264374 0.00344382 0.00452666 0.00591244 0.00766663 0.00982001 0.0124699 0.0155824 0.019173 0.0232036 0.0275675 0.0320943 0.0365919 0.0408523 0.044554 0.047445 0.0492322 0.0496898 0.0485699 0.045833 0.0414915 0.0357025 0.0286724 0.0207542 0.0123074 0.00373463 -0.00454128 -0.0120987 -0.0186057 -0.0238662 -0.0277476 -0.0302145 -0.0312846 -0.0311054 -0.029838 -0.0277224 -0.0249517 -0.0217581 -0.0182831 -0.0146931 -0.0110544 -0.00745019 -0.00385906 -0.000301184 0.00327634 0.00686287 0.0104968 0.0141151 0.0176743 0.0210299 0.0240611 0.0265474 0.0283001 0.0290701 0.0286774 0.0269376 0.0237952 0.0192448 0.013384 0.00635912 -0.0015369 -0.0099085 -0.0183272 -0.0263875 -0.0337108 -0.039921 -0.0447694 -0.0480682 -0.0497632 -0.0498511 -0.0485437 -0.0460531 -0.0426664 -0.0386252 -0.0342629 -0.0297974 -0.0254374 -0.0213543 -0.0176859 -0.0144764 -0.0117238 -0.00946511 -0.00761939 -0.00615123 -0.00499227 -0.00413404 -0.00346524 -0.00297796 -0.00263935 -0.00239083 -0.00221541 -0.00209484 -0.00202703 -0.00194826 -0.0019174 -0.00188522 -0.00185393 -0.00183441 -0.00181459 -0.00179627 -0.00177198 -0.00177385 -0.00173811 -0.00172539 -0.00172105 -0.00169321 -0.00168246 -0.00166821 -0.00165941 -0.00163379 -0.00162979 -0.00162262 -0.00160706 -0.00160576 -0.00158382 -0.00158582 -0.0015727 -0.00155909 -0.00156697 -0.00154238 -0.00153472 -0.0015325 -0.00151575 -0.0015138 -0.00151446 -0.00150646 -0.00149912 -0.00150108 -0.001489 -0.00148219 -0.00148591 -0.00147335 -0.00147507 -0.00147384 -0.00146064 -0.00146431 -0.00146036 -0.00145564 -0.00146189 -0.0014596 -0.00145644 -0.00145769 -0.0014528 
0 3.7013e-06 2.70149e-05 2.42268e-05 3.74514e-05 5.40272e-05 5.242e-05 7.04924e-05 7.82179e-05 8.34051e-05 9.79135e-05 0.000104638 0.000118768 0.000126982 0.000141823 0.000151284 0.000151318 0.000176877 0.000176846 0.000183961 0.000214075 0.000206167 0.000222571 0.000243935 0.000244021 0.00026181 0.000278493 0.00029283 0.000290504 0.000313658 0.000333931 0.000326537 0.000362131 0.000372611 0.000375387 0.000393894 0.000414751 0.000445864 0.000441029 0.000459122 0.000484648 0.000510492 0.000521774 0.000528561 0.000570925 0.00057912 0.000608193 0.000636799 0.000669477 0.000715598 0.000776895 0.00087064 0.000978189 0.00117663 0.00142507 0.00178686 0.00229401 0.00298468 0.0038944 0.00508393 0.00663414 0.00854171 0.0109201 0.0137806 0.0171568 0.0209957 0.0252892 0.0298866 0.0346098 0.0392725 0.0436245 0.0473853 0.0502441 0.051984 0.0523054 0.0510488 0.0481161 0.0436099 0.037619 0.0304144 0.0223021 0.013681 0.00490207 -0.00360044 -0.0114228 -0.0182369 -0.0238425 -0.0280983 -0.0309165 -0.0323306 -0.0324488 -0.031445 -0.0294733 -0.0267607 -0.023507 -0.0199247 -0.0161155 -0.0122004 -0.0082286 -0.00427958 -0.000329423 0.00361454 0.00759204 0.011542 0.0154304 0.0191508 0.0226257 0.0256641 0.028076 0.0296238 0.0301423 0.0294365 0.0273692 0.0238595 0.0189591 0.0127706 0.0054596 -0.0026907 -0.0112905 -0.0199056 -0.02817 -0.0356793 -0.0420965 -0.0471159 -0.0506114 -0.0524476 -0.0526778 -0.0514242 -0.0489749 -0.0455368 -0.0414187 -0.0368977 -0.0322492 -0.0276587 -0.0233227 -0.0194018 -0.0159312 -0.0129622 -0.0104758 -0.00847142 -0.0068338 -0.00556906 -0.00459326 -0.0038572 -0.00330459 -0.00291371 -0.00264127 -0.00242747 -0.00230547 -0.0022028 -0.00213935 -0.00208489 -0.00205352 -0.00201612 -0.00198806 -0.00198186 -0.00193898 -0.00192318 -0.00190724 -0.00190015 -0.00187199 -0.00184347 -0.00184367 -0.00183073 -0.0018205 -0.00178498 -0.00178561 -0.00178209 -0.00174977 -0.0017538 -0.00173988 -0.00172134 -0.0017082 -0.00170774 -0.00169844 -0.00167505 -0.00168614 -0.00166721 -0.00165248 -0.00166342 -0.00164387 -0.00164002 -0.00163699 -0.00162596 -0.0016203 -0.00161311 -0.00161657 -0.00160173 -0.00160028 -0.00160532 -0.00158555 -0.00159755 -0.00159358 -0.001577 -0.00159449 -0.00157667 -0.0015722 -0.00158782 -0.00156599 -0.00157874 
0 1.32968e-05 1.60277e-05 3.35763e-05 4.06735e-05 4.99469e-05 6.53907e-05 7.20004e-05 8.62869e-05 9.3759e-05 0.00010558 0.000115183 0.000120585 0.000141823 0.000143718 0.000160827 0.00018349 0.000177924 0.00019945 0.000207103 0.000207611 0.00023353 0.000244971 0.000257136 0.000269871 0.000285841 0.000290034 0.000303319 0.000337489 0.000338087 0.000352566 0.000371295 0.000375249 0.00039276 0.00041766 0.000445207 0.000440869 0.000452127 0.000487684 0.000513277 0.000524707 0.000531552 0.000564341 0.000588734 0.000609809 0.000628758 0.000657025 0.000694733 0.00072966 0.000783213 0.000852877 0.000955845 0.00109589 0.00130704 0.00160017 0.0020108 0.00258372 0.00335283 0.00436854 0.00568977 0.0073808 0.00947898 0.0120585 0.0151521 0.0187647 0.0228607 0.027385 0.0321884 0.0370827 0.0418607 0.046273 0.050026 0.0528376 0.0544619 0.054645 0.0532183 0.0501321 0.0454663 0.0393449 0.0320177 0.0238055 0.015081 0.00619327 -0.00244796 -0.0104598 -0.0175258 -0.023448 -0.0280514 -0.0312382 -0.0330113 -0.0334843 -0.0327761 -0.0310246 -0.0284119 -0.0251724 -0.0215 -0.0175222 -0.0133304 -0.0090281 -0.00469951 -0.000373931 0.00396318 0.00830117 0.0125747 0.0166898 0.0205645 0.0240933 0.0271041 0.0293658 0.0306778 0.0308829 0.0298444 0.0274207 0.0235638 0.0183297 0.0118611 0.00432584 -0.00399319 -0.0127288 -0.0214659 -0.0298438 -0.0374794 -0.0440291 -0.049206 -0.0528516 -0.0548527 -0.0552207 -0.0540868 -0.0516902 -0.0482693 -0.044102 -0.039481 -0.0346706 -0.0298867 -0.0253275 -0.0211565 -0.0174486 -0.014248 -0.0115588 -0.0093587 -0.00757746 -0.00617661 -0.00509297 -0.00427088 -0.00365375 -0.00320864 -0.00288888 -0.00265978 -0.00250462 -0.00239243 -0.00231496 -0.00225482 -0.00221835 -0.00218039 -0.00214808 -0.00212029 -0.00210454 -0.00208836 -0.00205216 -0.0020307 -0.00202221 -0.00201925 -0.00198535 -0.00195697 -0.00195481 -0.00194881 -0.00193162 -0.00190514 -0.00190252 -0.00188027 -0.00186419 -0.00187059 -0.00185146 -0.0018349 -0.00182393 -0.00181898 -0.00180429 -0.00180155 -0.00180411 -0.00177816 -0.00177878 -0.00176942 -0.00175224 -0.00175965 -0.00174717 -0.00174276 -0.00173994 -0.00173233 -0.00172987 -0.0017196 -0.00172367 -0.00171582 -0.00171082 -0.00171787 -0.00170185 -0.00170656 -0.00170667 -0.00169295 -0.00170686 -0.00169874 
0 1.58853e-05 1.43289e-05 3.94553e-05 4.33288e-05 5.25993e-05 7.36056e-05 7.09051e-05 9.20041e-05 0.000102138 0.000109254 0.000133813 0.000134572 0.000151284 0.000160827 0.000163441 0.000185124 0.000189055 0.00021044 0.000230642 0.000238389 0.000255502 0.000260776 0.0002727 0.000285361 0.00030579 0.000320139 0.000330531 0.000349658 0.000351004 0.000380055 0.000402004 0.000413583 0.000440802 0.000443013 0.00045828 0.000486398 0.000511752 0.000518574 0.000531978 0.00055992 0.000578702 0.000610009 0.000623508 0.000647537 0.000682906 0.000714561 0.000747454 0.000792997 0.000859786 0.000933407 0.00105502 0.00121959 0.00145493 0.00178877 0.00225871 0.00289592 0.00374925 0.00488169 0.00633271 0.00817723 0.0104642 0.0132564 0.0165698 0.0204208 0.0247558 0.0294895 0.0344679 0.0394998 0.0443565 0.0487762 0.0524856 0.055201 0.0566794 0.0566876 0.0550963 0.0518617 0.0470724 0.0408626 0.0334866 0.0252449 0.0164985 0.0075876 -0.00110325 -0.00922893 -0.0164928 -0.0226849 -0.0276136 -0.0311634 -0.0333231 -0.0341756 -0.0338096 -0.0323243 -0.029882 -0.0267038 -0.02299 -0.0188662 -0.0144364 -0.00981791 -0.00512807 -0.000417249 0.00430012 0.00899122 0.0135552 0.017881 0.0218701 0.0254146 0.0283311 0.0303961 0.0314221 0.0312859 0.0298796 0.0270953 0.0229013 0.0173715 0.0106663 0.00297425 -0.00543142 -0.0142171 -0.0229961 -0.0314154 -0.0391023 -0.0457352 -0.0510285 -0.0548126 -0.0569666 -0.0575016 -0.0565139 -0.0542178 -0.0508468 -0.0466838 -0.0419992 -0.0370643 -0.0321162 -0.02736 -0.0229579 -0.0190144 -0.0155951 -0.0126941 -0.0103012 -0.00836152 -0.00682819 -0.00562287 -0.00471006 -0.00402433 -0.00351664 -0.00315031 -0.00289384 -0.00271165 -0.00257775 -0.00249726 -0.0024264 -0.00237597 -0.00234084 -0.00231591 -0.00228053 -0.00225431 -0.00223797 -0.00221388 -0.00220246 -0.00216947 -0.00214471 -0.00213592 -0.00212625 -0.00209693 -0.00207276 -0.00206553 -0.00204137 -0.00204205 -0.0020281 -0.00200533 -0.00199842 -0.00198123 -0.00197662 -0.00196859 -0.00195954 -0.00194143 -0.00192833 -0.00192011 -0.00190345 -0.00190985 -0.00189778 -0.00189008 -0.00189093 -0.00187152 -0.0018744 -0.00186318 -0.00185771 -0.00186321 -0.00184505 -0.00184985 -0.00184036 -0.00182886 -0.00183953 -0.00182593 -0.00183301 -0.00183726 -0.00182349 -0.00183405 -0.00182166 
0 1.63052e-05 2.02956e-05 4.18644e-05 4.63375e-05 5.64204e-05 7.81291e-05 7.72681e-05 9.88843e-05 0.000113068 0.000111053 0.000138473 0.000143659 0.000151318 0.00018349 0.000185124 0.000197966 0.000220841 0.000217743 0.000232871 0.000251945 0.000258248 0.000282313 0.00029962 0.000312288 0.000328528 0.000338098 0.000363918 0.000373895 0.000387498 0.000417046 0.000415195 0.000432101 0.000462273 0.000478377 0.000490375 0.000517451 0.000546194 0.000549213 0.000586705 0.000608593 0.000624031 0.000656895 0.000670804 0.00070273 0.000730512 0.000767769 0.000794908 0.000854854 0.0009282 0.00100625 0.00115516 0.0013405 0.00161375 0.00198892 0.00252971 0.00323527 0.00418517 0.00544202 0.00702664 0.00903766 0.0115126 0.0145231 0.0180461 0.0221325 0.0266826 0.0316019 0.0367223 0.0418548 0.0467476 0.0511266 0.0547536 0.0573256 0.0586265 0.0584306 0.0566768 0.0532987 0.0484193 0.0421637 0.0348065 0.0266015 0.0179118 0.0090598 0.000403584 -0.00776291 -0.0151634 -0.0215713 -0.0267935 -0.0306952 -0.0332563 -0.0345042 -0.0345143 -0.0333371 -0.0311297 -0.0280628 -0.0243554 -0.0201158 -0.0154898 -0.0105807 -0.00555384 -0.000460899 0.00461745 0.00964217 0.0144592 0.0189704 0.0230328 0.0265498 0.0293088 0.0311309 0.0318303 0.0313311 0.0295333 0.026388 0.0218749 0.0160929 0.009202 0.0014184 -0.006997 -0.0157526 -0.0244964 -0.0328903 -0.0405602 -0.0472286 -0.0525991 -0.0565105 -0.0588089 -0.0595325 -0.0587156 -0.0565634 -0.0532754 -0.0491609 -0.0444495 -0.0394256 -0.0343408 -0.0294092 -0.024797 -0.0206204 -0.0169903 -0.0138714 -0.0112883 -0.00917674 -0.00751076 -0.00617813 -0.00516953 -0.00441351 -0.00383933 -0.0034306 -0.00313816 -0.00293883 -0.00277525 -0.00269111 -0.00261157 -0.00254967 -0.00251133 -0.00247499 -0.00244424 -0.00240963 -0.00239293 -0.00235296 -0.00234421 -0.00232367 -0.00228711 -0.00228258 -0.00226354 -0.00224018 -0.00222313 -0.0022225 -0.00219536 -0.00217122 -0.00217055 -0.00214602 -0.00213598 -0.00212265 -0.00210543 -0.00209499 -0.00207533 -0.00207593 -0.00206883 -0.00205237 -0.00205457 -0.00203985 -0.0020223 -0.00202502 -0.0020106 -0.00200059 -0.00200676 -0.00198972 -0.00198132 -0.00198412 -0.00197055 -0.00197145 -0.0019755 -0.00196644 -0.00196549 -0.00196191 -0.00195032 -0.00194756 -0.00194805 -0.00194464 -0.00195006 
0 1.22291e-05 2.25594e-05 3.77707e-05 4.95041e-05 6.52931e-05 7.735e-05 8.9705e-05 0.000106676 0.000112001 0.000132263 0.0001452 0.000148779 0.000176877 0.000177924 0.000189055 0.000220841 0.000217785 0.000242901 0.000265064 0.000261381 0.000288046 0.000303714 0.000310423 0.000329024 0.000351828 0.000360505 0.00037043 0.000408652 0.000414353 0.000429921 0.000463588 0.000468844 0.000491113 0.00050921 0.000540659 0.000558211 0.000556782 0.000594592 0.000626626 0.000645199 0.000652348 0.000693237 0.000727934 0.0007422 0.00078913 0.000817027 0.000866496 0.000927395 0.00100584 0.00110668 0.00126195 0.00149032 0.00177721 0.00222036 0.00280855 0.00360076 0.00464764 0.00602518 0.0077621 0.00992841 0.0126187 0.0158195 0.0195809 0.0238686 0.0286373 0.0337045 0.0389511 0.0441454 0.0490318 0.0533432 0.0568334 0.0592436 0.0603126 0.0599233 0.057974 0.0544905 0.0495203 0.0432892 0.0359809 0.0278973 0.0193171 0.0106144 0.00205398 -0.00607694 -0.0135543 -0.0201201 -0.0255961 -0.0298388 -0.0327957 -0.0344583 -0.0348555 -0.0340398 -0.0321064 -0.0292207 -0.0255494 -0.0212543 -0.0164563 -0.0113143 -0.00596037 -0.00052723 0.0049062 0.0102118 0.0152632 0.0199038 0.0240168 0.0274407 0.0300055 0.0315266 0.0318848 0.0309963 0.0288095 0.0253034 0.0205039 0.0145176 0.00750055 -0.000303298 -0.00866477 -0.0173022 -0.025951 -0.0342337 -0.0418497 -0.0484792 -0.0539186 -0.0579134 -0.0603847 -0.0612803 -0.0606874 -0.0586931 -0.0555492 -0.0515059 -0.0468198 -0.0417444 -0.0365516 -0.0314813 -0.0266673 -0.0222952 -0.0184324 -0.0151273 -0.0123277 -0.0100619 -0.00823531 -0.00678504 -0.00566735 -0.00482491 -0.00419331 -0.00371412 -0.00340005 -0.00315285 -0.00298451 -0.00286714 -0.00278667 -0.00271962 -0.00267118 -0.00263985 -0.00258849 -0.00258004 -0.00255314 -0.00251297 -0.0024887 -0.00248095 -0.00246451 -0.00241931 -0.00240641 -0.00238969 -0.00237651 -0.00235061 -0.00232381 -0.00232675 -0.00229505 -0.00228117 -0.00228156 -0.00225871 -0.00224177 -0.00223551 -0.00222901 -0.00220222 -0.00220205 -0.00219459 -0.00216377 -0.00217272 -0.00215914 -0.002143 -0.00214979 -0.00213071 -0.00212674 -0.00212511 -0.00211498 -0.0021137 -0.00210421 -0.00210107 -0.00209138 -0.00208517 -0.00208864 -0.00207834 -0.00208497 -0.0020859 -0.00207502 -0.00208324 -0.00207261 
