0 0 0 0 0 0 0 0 0 0 0 0 0 0 0 0 0 0 0 0 0 0 0 0 0 0 0 0 0 0 0 0 0 0 0 0 0 0 0 0 0 0 0 0 0 0 0 0 0 0 0 0 0 0 0 0 0 0 0 0 0 0 0 0 0 0 0 0 0 0 0 0 0 0 0 0 0 0 0 0 0 0 0 0 0 0 0 0 0 0 0 0 0 0 0 0 0 0 0 0 0 0 0 0 0 0 0 0 0 0 0 0 0 0 0 0 0 0 0 0 0 0 0 0 0 0 0 0 0 0 0 0 0 0 0 0 0 0 0 0 0 0 0 0 0 0 0 0 0 0 0 0 0 0 0 0 0 0 0 0 0 0 0 0 0 0 0 0 0 0 0 0 0 0 0 0 0 0 0 0 0 0 0 0 0 0 0 0 0 0 0 0 0 0 0 0 0 0 0 0 
0 3.72062e-06 -1.36513e-06 9.74749e-06 2.79878e-06 -1.22224e-07 7.55481e-06 -4.73815e-06 3.94443e-06 8.90762e-06 7.34143e-07 1.50712e-05 9.81699e-06 3.76619e-06 1.47065e-05 5.35125e-06 7.05518e-06 1.68261e-05 8.68778e-06 1.1119e-05 1.41574e-05 7.99174e-06 1.27577e-05 1.74006e-05 2.13156e-05 2.03351e-05 1.80285e-05 2.24271e-05 1.0086e-05 1.69173e-05 2.93281e-05 1.64414e-05 2.07323e-05 2.4175e-05 1.96769e-05 1.89762e-05 3.72467e-05 3.79288e-05 1.6803e-05 3.09742e-05 3.422e-05 3.94438e-05 3.35091e-05 2.57065e-05 3.80572e-05 3.84998e-05 4.13564e-05 3.36964e-05 5.3315e-05 5.50378e-05 6.54322e-05 9.32208e-05 0.000114276 0.000161051 0.000216346 0.000306461 0.000400016 0.000552029 0.000726581 0.000942668 0.00121484 0.0015365 0.00191238 0.00232733 0.0028062 0.00327185 0.00374189 0.0041508 0.00448539 0.00467256 0.00472728 0.00460477 0.00428501 0.00377079 0.00307679 0.00223702 0.00127895 0.000313083 -0.000632185 -0.00148237 -0.00223129 -0.0027871 -0.00317649 -0.00335944 -0.00338577 -0.00324227 -0.00302169 -0.00272347 -0.00239387 -0.00202476 -0.0016936 -0.00139836 -0.00114875 -0.000908433 -0.000712624 -0.000556851 -0.000440287 -0.000322115 -0.000215746 -0.000122809 -5.0795e-05 3.61258e-05 0.000136045 0.000247964 0.00035388 0.000490304 0.000664604 0.000884773 0.00111495 0.00138553 0.00169488 0.00205268 0.0023866 0.00269885 0.00294794 0.0031381 0.00317853 0.00307417 0.00277142 0.00230381 0.00163484 0.000850249 -4.6595e-05 -0.000981908 -0.00193886 -0.00280147 -0.0035404 -0.00410895 -0.00449671 -0.00468366 -0.00469256 -0.00456025 -0.00427691 -0.00390283 -0.00345686 -0.00300492 -0.00252807 -0.00210797 -0.00172119 -0.00139156 -0.00110323 -0.00087863 -0.000692325 -0.000533145 -0.000429545 -0.00033547 -0.000275896 -0.000223947 -0.000203935 -0.000171068 -0.000162902 -0.00016053 -0.000143208 -0.000143433 -0.000140833 -0.000147666 -0.000132108 -0.000131962 -0.000128942 -0.000137372 -0.000139452 -0.000112917 -0.000123818 -0.000133511 -0.000129437 -0.000121742 -0.000128109 -0.000125722 -0.000115812 -0.00013283 -0.00012808 -0.000120705 -0.000120981 -0.000116224 -0.000117807 -0.000114981 -0.000121611 -0.000120405 -0.000111592 -0.000119258 -0.000116105 -0.000111992 -0.00012375 -0.000118319 -0.000112986 -0.000119626 -0.000108552 -0.000107756 -0.000115398 -0.000108878 -0.000115456 -0.000118959 -0.000112599 -0.000115834 -0.000112652 -0.000108406 -0.000110958 -0.00011059 -0.000110336 -0.000112228 
0 -1.36513e-06 -1.26245e-06 1.24664e-06 -1.35757e-06 1.018e-05 9.77484e-06 1.10898e-05 2.06973e-05 4.04266e-06 1.47005e-05 1.26391e-05 8.46425e-07 2.79654e-05 1.17575e-05 1.71385e-05 3.41307e-05 7.99801e-06 2.74342e-05 2.98053e-05 2.12473e-05 3.64349e-05 3.29169e-05 2.68439e-05 2.00473e-05 3.60318e-05 2.6377e-05 3.27693e-05 5.91023e-05 3.07449e-05 4.28128e-05 4.65605e-05 4.28262e-05 5.62233e-05 4.97779e-05 5.99684e-05 3.9434e-05 4.25612e-05 6.32732e-05 6.83194e-05 5.34029e-05 4.37578e-05 8.05624e-05 7.08304e-05 7.07547e-05 7.90498e-05 8.10722e-05 9.41694e-05 0.000103076 0.000120485 0.000133737 0.00018886 0.00023541 0.000314055 0.000440673 0.000598267 0.00080968 0.00109138 0.00145654 0.00188183 0.00243038 0.00307593 0.0038204 0.00466496 0.00559846 0.00654858 0.00746253 0.00829601 0.0089391 0.00933033 0.00942325 0.00918478 0.00854301 0.00752056 0.00614326 0.00446561 0.00257748 0.000641907 -0.00122287 -0.00293604 -0.00440483 -0.00553811 -0.00629722 -0.00669125 -0.00672994 -0.00647711 -0.00602498 -0.00545378 -0.00478297 -0.00407131 -0.00339848 -0.0028208 -0.00230618 -0.00183965 -0.00143858 -0.00113377 -0.00088635 -0.000657961 -0.00043864 -0.00025936 -0.000103022 6.53166e-05 0.000271669 0.000487168 0.000712283 0.000980241 0.0013386 0.00176595 0.00224068 0.0027721 0.00340278 0.00409496 0.00477425 0.00537686 0.00588749 0.00623641 0.00633134 0.00609587 0.00551042 0.0045529 0.00324504 0.00166267 -0.000102795 -0.00198003 -0.00386164 -0.00558663 -0.00704784 -0.0081821 -0.00895319 -0.00932423 -0.00935454 -0.00907722 -0.00853413 -0.00777425 -0.00691084 -0.00598972 -0.00506661 -0.00421199 -0.00345468 -0.00278973 -0.00221906 -0.00177197 -0.0013893 -0.00108897 -0.000858831 -0.000691089 -0.000548783 -0.000460048 -0.000404551 -0.000346327 -0.000323767 -0.000301277 -0.000292779 -0.000280187 -0.000282553 -0.000262404 -0.00026458 -0.000288801 -0.000262835 -0.000254539 -0.00025864 -0.000278468 -0.000264881 -0.000251162 -0.000252815 -0.00024881 -0.000259525 -0.000240156 -0.000255122 -0.000243202 -0.000222784 -0.000251383 -0.000241883 -0.000241792 -0.000246108 -0.000243365 -0.000231049 -0.000232601 -0.000247561 -0.000223374 -0.000240415 -0.000236698 -0.000213116 -0.000237319 -0.000221489 -0.000226585 -0.000240908 -0.000226711 -0.000236841 -0.000226399 -0.000222787 -0.000224065 -0.000215942 -0.000228042 -0.000222029 -0.00022715 -0.000232752 -0.000220831 -0.000231018 -0.000222153 
0 9.74749e-06 1.24664e-06 1.43077e-05 7.75826e-06 5.29403e-06 1.47149e-05 1.84818e-06 1.41699e-05 1.9484e-05 1.3772e-05 3.10219e-05 2.40031e-05 2.22198e-05 3.17891e-05 2.28363e-05 2.94208e-05 3.63254e-05 3.25032e-05 3.65297e-05 3.78173e-05 3.61451e-05 4.15157e-05 4.80346e-05 5.46048e-05 5.61827e-05 5.30068e-05 5.83037e-05 4.96379e-05 5.37619e-05 7.18546e-05 6.05952e-05 6.3761e-05 7.23317e-05 6.68605e-05 7.05955e-05 9.18193e-05 9.34636e-05 7.47997e-05 9.10136e-05 9.60318e-05 0.000102565 0.00010284 9.29127e-05 0.000108465 0.000116287 0.000121148 0.000121634 0.000153677 0.000172314 0.00020702 0.000278786 0.000356862 0.000487087 0.000666387 0.000918633 0.00122815 0.00166388 0.00219748 0.0028515 0.00366451 0.00462921 0.00574631 0.00700011 0.00839122 0.00979127 0.0111614 0.0123768 0.0133384 0.0139072 0.0140492 0.0136759 0.0127256 0.0112041 0.00915632 0.00667107 0.00387446 0.00101052 -0.00177267 -0.00430999 -0.00650365 -0.00818555 -0.00934114 -0.0099295 -0.0100186 -0.00965453 -0.00901007 -0.00815458 -0.00717447 -0.00611791 -0.00512951 -0.00424984 -0.00348057 -0.00277663 -0.00218472 -0.00171235 -0.00133572 -0.000984633 -0.000664355 -0.000386347 -0.000146853 0.000116519 0.000417706 0.000746791 0.00108874 0.00150691 0.00203678 0.0026803 0.00338903 0.00420096 0.00513078 0.00615903 0.0071521 0.00805533 0.00879006 0.00929731 0.00940575 0.00905152 0.00815111 0.0067263 0.00476696 0.00242244 -0.000218818 -0.003 -0.00579231 -0.00834629 -0.0105225 -0.0122084 -0.0133522 -0.0139191 -0.0139627 -0.0135599 -0.0127445 -0.0116361 -0.0103383 -0.00897882 -0.00759744 -0.0063301 -0.00518637 -0.00419334 -0.00334168 -0.00265703 -0.00209275 -0.00163168 -0.00129602 -0.00102781 -0.000833449 -0.000689611 -0.000606362 -0.000526033 -0.000489786 -0.000469108 -0.000437935 -0.00042829 -0.000424397 -0.000423148 -0.000402892 -0.0004031 -0.000395178 -0.000401691 -0.000400842 -0.000372212 -0.00037961 -0.00039002 -0.00038347 -0.000373219 -0.000380739 -0.00037226 -0.000364902 -0.000381213 -0.000372199 -0.000365976 -0.000362774 -0.000355632 -0.000356097 -0.000354066 -0.000357535 -0.000355844 -0.000348146 -0.000350326 -0.00035038 -0.000345153 -0.000354482 -0.000352335 -0.00034245 -0.000349186 -0.000336961 -0.000333406 -0.000342988 -0.000334268 -0.000342771 -0.000346133 -0.000338269 -0.000343511 -0.00033682 -0.000333644 -0.000335177 -0.00033125 -0.000335933 -0.000336003 
0 2.79878e-06 -1.35757e-06 7.75826e-06 1.01592e-05 1.17139e-05 1.90288e-05 1.68856e-05 2.17686e-05 2.37315e-05 2.14807e-05 2.85488e-05 2.81893e-05 3.12769e-05 3.79913e-05 3.69898e-05 4.18165e-05 4.47887e-05 4.52236e-05 5.0693e-05 5.30954e-05 5.54938e-05 5.90008e-05 5.92148e-05 6.22982e-05 6.56612e-05 6.79136e-05 7.5866e-05 7.77597e-05 7.96846e-05 8.68276e-05 8.60766e-05 9.06412e-05 9.80451e-05 9.86212e-05 9.98118e-05 0.000106186 0.000108718 0.000110708 0.000121152 0.000120731 0.000125526 0.00013498 0.000137254 0.000145989 0.00015535 0.000164744 0.000177674 0.000206667 0.000236793 0.00028735 0.000373603 0.000487413 0.000657841 0.000900728 0.00123078 0.00166 0.00223153 0.00294722 0.00382785 0.00490859 0.00619279 0.00767644 0.00934639 0.0111656 0.0130208 0.0148149 0.0164104 0.0176579 0.0184115 0.018583 0.0180766 0.0168204 0.014816 0.0121218 0.00885477 0.00520228 0.00143338 -0.0022273 -0.00558084 -0.00846186 -0.0107052 -0.0122451 -0.0130604 -0.0132057 -0.0127806 -0.011954 -0.0108489 -0.00956471 -0.00820142 -0.00689812 -0.00572696 -0.00468812 -0.00376013 -0.00296981 -0.00233022 -0.00180503 -0.00133523 -0.000908251 -0.000534072 -0.00019451 0.000163123 0.000564961 0.00100224 0.00147902 0.00204964 0.00276022 0.00360767 0.00456494 0.0056519 0.00688521 0.00821663 0.00951985 0.0106942 0.0116472 0.0122664 0.0123824 0.0118768 0.0106723 0.00876413 0.00618934 0.00308875 -0.000387042 -0.00405296 -0.00770009 -0.0110567 -0.0139167 -0.0161383 -0.017644 -0.0184056 -0.0184777 -0.0179445 -0.0168864 -0.0154348 -0.0137382 -0.0119381 -0.0101354 -0.00845201 -0.00693789 -0.00561597 -0.0044907 -0.00356853 -0.00281416 -0.0022076 -0.00174574 -0.00139042 -0.00112515 -0.00093549 -0.000809089 -0.000711703 -0.000653009 -0.000617174 -0.00058657 -0.000569915 -0.000559335 -0.00055026 -0.000541521 -0.000541516 -0.000531751 -0.000527255 -0.00052831 -0.000519872 -0.000517736 -0.0005151 -0.000508068 -0.000503148 -0.000504264 -0.000498382 -0.000492619 -0.000492781 -0.000485897 -0.000484952 -0.000485069 -0.000481456 -0.00048092 -0.000477065 -0.000474117 -0.000473414 -0.000469813 -0.000468967 -0.000467987 -0.000462374 -0.000462369 -0.000460346 -0.000456667 -0.000460564 -0.000457944 -0.000457068 -0.000458843 -0.000453182 -0.000453192 -0.000451595 -0.000448447 -0.000450429 -0.000448741 -0.000450386 -0.000451592 -0.000449568 -0.000450769 -0.00044745 
0 -1.22224e-07 1.018e-05 5.29403e-06 1.17139e-05 1.75929e-05 1.35509e-05 2.83545e-05 2.68253e-05 2.36633e-05 3.7911e-05 2.90017e-05 3.41035e-05 4.76836e-05 3.81757e-05 5.02269e-05 5.63815e-05 4.7541e-05 6.06748e-05 6.31376e-05 6.24246e-05 7.29443e-05 7.51874e-05 7.53727e-05 7.50024e-05 8.46956e-05 8.6678e-05 8.67449e-05 0.000106679 0.000100318 9.78163e-05 0.000113423 0.000113427 0.000117871 0.000125009 0.000135547 0.000124483 0.00012778 0.000153289 0.000150518 0.000151835 0.000150557 0.000169446 0.000179889 0.000178367 0.000192561 0.000203226 0.000233529 0.000252424 0.000302774 0.000370024 0.000471792 0.000627713 0.000839209 0.00115262 0.00155825 0.00211799 0.00282014 0.00372378 0.00483148 0.00617873 0.00777887 0.00962135 0.0116998 0.0139213 0.0162168 0.0184047 0.0203592 0.0218648 0.022794 0.0229799 0.0223372 0.0207824 0.0183148 0.0150061 0.0109993 0.00654923 0.00191969 -0.00257318 -0.00671433 -0.0102498 -0.0130507 -0.0149723 -0.0160373 -0.0162618 -0.0158196 -0.0148381 -0.0135146 -0.0119478 -0.0103099 -0.00870365 -0.00724582 -0.00593101 -0.00478366 -0.00379158 -0.00297797 -0.00228976 -0.00169763 -0.00116037 -0.000685923 -0.000233864 0.000223311 0.000729245 0.00127671 0.00190151 0.00263283 0.00352879 0.00457589 0.00578813 0.00714914 0.00867883 0.0102852 0.0118786 0.0132956 0.014442 0.01513 0.0152273 0.0145429 0.0130303 0.0106348 0.00746985 0.00363484 -0.000636315 -0.00514993 -0.00959626 -0.0137145 -0.0172236 -0.0199601 -0.0218152 -0.0227721 -0.0228839 -0.022227 -0.0209487 -0.0191723 -0.0171046 -0.0148757 -0.0126765 -0.0105829 -0.00870633 -0.00705551 -0.00565902 -0.00449626 -0.0035466 -0.00279874 -0.00220173 -0.00176283 -0.00142131 -0.00118939 -0.00101375 -0.000903741 -0.0008236 -0.000767462 -0.000742833 -0.000715344 -0.00070348 -0.000680126 -0.000683505 -0.000679762 -0.000668645 -0.000655162 -0.000648774 -0.000665888 -0.000647394 -0.000634564 -0.00063463 -0.000634829 -0.000626777 -0.000620269 -0.000628119 -0.00060854 -0.000605136 -0.000613203 -0.000604407 -0.00060355 -0.000600891 -0.00059853 -0.000589108 -0.000588594 -0.000594445 -0.000580974 -0.000584959 -0.000585666 -0.000570046 -0.00057828 -0.000576609 -0.000568525 -0.000578342 -0.000572709 -0.000567158 -0.000571117 -0.000563966 -0.000561988 -0.000565453 -0.000562949 -0.000562567 -0.000564608 -0.000562389 -0.000560478 -0.0005624 -0.000560324 
0 7.55481e-06 9.77484e-06 1.47149e-05 1.90288e-05 1.35509e-05 2.36732e-05 2.29288e-05 1.94419e-05 4.18172e-05 3.38702e-05 4.33309e-05 5.96406e-05 3.79247e-05 5.96173e-05 5.88487e-05 4.78202e-05 7.82911e-05 6.622e-05 6.99864e-05 8.31957e-05 7.55539e-05 8.32515e-05 9.35739e-05 0.000108147 9.82945e-05 0.000113364 0.00011552 9.58493e-05 0.000127606 0.000125009 0.000130239 0.000137871 0.000134743 0.000148761 0.00014183 0.000172714 0.000178841 0.000166189 0.000168426 0.000190751 0.000212131 0.000187322 0.000206865 0.000217852 0.000231032 0.000250324 0.000267612 0.000310148 0.000363794 0.000461416 0.000573948 0.000773192 0.00104228 0.00140986 0.00191914 0.00258624 0.00344699 0.0045203 0.00587146 0.00747619 0.0093894 0.0115901 0.0140479 0.0166707 0.0193568 0.0219343 0.0241914 0.0259545 0.0270167 0.027222 0.0264251 0.0245896 0.0216779 0.0177917 0.0131053 0.00790785 0.00249219 -0.00280006 -0.00766505 -0.011849 -0.0151686 -0.0175009 -0.0188092 -0.0191744 -0.0187317 -0.0176607 -0.0161303 -0.0143375 -0.0124336 -0.0105638 -0.00880658 -0.00723379 -0.00585008 -0.00466844 -0.00365733 -0.00280869 -0.00207305 -0.00143216 -0.000837607 -0.000275343 0.000301371 0.000904836 0.00158217 0.00235258 0.00326808 0.00433958 0.00560339 0.00705572 0.00870635 0.0104998 0.0123762 0.0142077 0.0158581 0.0171367 0.0178767 0.0178916 0.0170289 0.0151717 0.0123205 0.00856157 0.00405014 -0.000993416 -0.00628265 -0.0114853 -0.0163 -0.0204234 -0.0236464 -0.025834 -0.0269945 -0.027141 -0.0263954 -0.0248963 -0.0228468 -0.0204097 -0.0178028 -0.0152034 -0.0127342 -0.0104893 -0.00851989 -0.0068531 -0.00544069 -0.00430842 -0.00339548 -0.00268583 -0.00213438 -0.00173973 -0.00144504 -0.00122867 -0.0010994 -0.000996581 -0.000938854 -0.000888579 -0.000867009 -0.000841858 -0.000840171 -0.000824172 -0.000789951 -0.000806969 -0.000804039 -0.000790539 -0.000761657 -0.000770343 -0.000776676 -0.000762482 -0.000762232 -0.000745066 -0.000755061 -0.000736813 -0.000742996 -0.000754604 -0.000721363 -0.000727472 -0.000721392 -0.000712953 -0.000712425 -0.000717736 -0.000711741 -0.000693519 -0.000712765 -0.000693181 -0.000693234 -0.000713589 -0.000685764 -0.000698032 -0.000692224 -0.000673445 -0.000687151 -0.000675909 -0.000680508 -0.000685678 -0.00067974 -0.000684363 -0.000676229 -0.000677159 -0.000673232 -0.000668687 -0.000675308 -0.000668328 -0.000674573 
0 -4.73815e-06 1.10898e-05 1.84818e-06 1.68856e-05 2.83545e-05 2.29288e-05 4.19264e-05 3.61012e-05 3.76485e-05 4.82406e-05 3.70244e-05 5.21893e-05 5.77831e-05 5.86686e-05 7.45447e-05 7.16198e-05 7.69929e-05 8.22888e-05 8.54019e-05 9.54364e-05 9.85893e-05 0.000105264 0.000105821 0.000104149 0.000112184 0.000122488 0.00012691 0.000142534 0.000150491 0.000138286 0.000156206 0.000165108 0.000162457 0.000181044 0.000184373 0.000173993 0.000182294 0.00020783 0.000208889 0.000213884 0.000218096 0.000228419 0.000257166 0.000258636 0.000269339 0.000297041 0.000334863 0.00036865 0.000443227 0.000551945 0.000693443 0.000929995 0.00124746 0.00168762 0.00228202 0.00308115 0.0040796 0.00535041 0.0069259 0.0088035 0.0110232 0.013572 0.0164027 0.019394 0.0224612 0.0253726 0.0279256 0.0298938 0.0310866 0.0312764 0.0303404 0.0282203 0.0248978 0.0204759 0.0151687 0.00929476 0.00315053 -0.00286627 -0.00842321 -0.0132059 -0.0170483 -0.0197723 -0.0213704 -0.0218934 -0.0215196 -0.0203838 -0.0187149 -0.0167159 -0.014599 -0.0124687 -0.0104443 -0.0086004 -0.00699519 -0.00560174 -0.0044009 -0.00336793 -0.00249256 -0.00172348 -0.00101298 -0.000318703 0.000372946 0.00109785 0.00190193 0.00284188 0.00393511 0.00520513 0.00667462 0.00838365 0.010298 0.0123577 0.0144588 0.0165143 0.0183357 0.0197257 0.0204514 0.0203659 0.0192738 0.0170863 0.0137682 0.00946064 0.00429576 -0.0014472 -0.00746037 -0.0133447 -0.0187989 -0.0234844 -0.0271591 -0.0296728 -0.0310206 -0.0312281 -0.0303957 -0.0287255 -0.026409 -0.0236616 -0.0206874 -0.0177307 -0.0148917 -0.0123019 -0.0100191 -0.00807776 -0.0064324 -0.00509631 -0.00403726 -0.00318886 -0.00254573 -0.00206756 -0.00172062 -0.00145736 -0.00129821 -0.00117385 -0.00108832 -0.00104629 -0.00101191 -0.000977892 -0.000959114 -0.000962544 -0.000945051 -0.000937958 -0.000921044 -0.000915345 -0.000928527 -0.000913672 -0.000891411 -0.000890119 -0.00089281 -0.000874155 -0.000878304 -0.000872681 -0.000849402 -0.000852514 -0.00085173 -0.000848265 -0.000848483 -0.000844387 -0.000835167 -0.000830821 -0.000828021 -0.000826333 -0.000825699 -0.000816076 -0.000816152 -0.000805349 -0.000799947 -0.000808986 -0.000798849 -0.0008079 -0.000808885 -0.000795774 -0.000802728 -0.000790208 -0.000786534 -0.000791473 -0.00078254 -0.000791213 -0.000790788 -0.000788289 -0.000794091 -0.000785101 -0.000786101 
0 3.94443e-06 2.06973e-05 1.41699e-05 2.17686e-05 2.68253e-05 1.94419e-05 3.61012e-05 3.79955e-05 4.22437e-05 5.7866e-05 5.42074e-05 6.4724e-05 6.96421e-05 6.64534e-05 7.8823e-05 7.96799e-05 8.60221e-05 9.55597e-05 9.66461e-05 0.000105185 0.000108801 0.000115687 0.000126598 0.000130219 0.000139691 0.000145516 0.000143135 0.000153435 0.00016129 0.000162444 0.000177572 0.000183975 0.000183504 0.000197379 0.000209548 0.000213081 0.000225694 0.00023542 0.00023478 0.00025221 0.000260409 0.000265093 0.000282705 0.000292395 0.000309112 0.000339405 0.000379221 0.000425153 0.000518528 0.000646792 0.00082286 0.00109959 0.00147755 0.00199197 0.00268676 0.0036083 0.00476248 0.00622492 0.00802694 0.0101731 0.0126936 0.0155767 0.0187514 0.0220953 0.025495 0.0287104 0.0315114 0.0336617 0.0349428 0.0351093 0.0340275 0.0316372 0.0279319 0.0230275 0.0171701 0.0106864 0.00389914 -0.00277629 -0.00895729 -0.0143119 -0.0186421 -0.0217686 -0.0236671 -0.0243997 -0.0241273 -0.0229901 -0.021225 -0.019077 -0.0167693 -0.0144132 -0.0121321 -0.0100346 -0.00819572 -0.00658937 -0.00518477 -0.00396667 -0.00293214 -0.00202579 -0.00118187 -0.000353977 0.000468512 0.00132335 0.00227424 0.00338567 0.00466996 0.00614051 0.00783054 0.00978421 0.0119556 0.0142515 0.0165601 0.0187885 0.0207409 0.0221792 0.0228557 0.0226132 0.0212717 0.0187313 0.0149699 0.010127 0.00436398 -0.00202517 -0.00868266 -0.0151893 -0.0212128 -0.0264083 -0.0305 -0.0333245 -0.0348589 -0.035131 -0.0342462 -0.0324241 -0.0298817 -0.0268479 -0.0235519 -0.0202478 -0.0170651 -0.0141374 -0.011547 -0.00932734 -0.00744703 -0.00590964 -0.00468748 -0.00370964 -0.00296294 -0.00240741 -0.00199938 -0.00169562 -0.00150219 -0.00136206 -0.00126033 -0.00120522 -0.00116416 -0.00113196 -0.00111121 -0.00109955 -0.00107788 -0.00107329 -0.00106455 -0.0010454 -0.00104298 -0.00103357 -0.00102217 -0.00102134 -0.00101614 -0.00100045 -0.000999193 -0.000998433 -0.000986632 -0.000986617 -0.000980142 -0.000967323 -0.000964636 -0.000958866 -0.000953491 -0.000952238 -0.00094463 -0.00094179 -0.000937507 -0.000931685 -0.000936125 -0.000929531 -0.00092789 -0.000928555 -0.000915402 -0.000916781 -0.000912166 -0.00090557 -0.000912279 -0.000906679 -0.000908472 -0.000910946 -0.000903168 -0.000904926 -0.000900023 -0.000896024 -0.000899058 -0.000895953 -0.000899762 
0 8.90762e-06 4.04266e-06 1.9484e-05 2.37315e-05 2.36633e-05 4.18172e-05 3.76485e-05 4.22437e-05 5.64597e-05 4.85025e-05 6.52145e-05 7.38686e-05 6.61671e-05 8.71698e-05 8.6841e-05 8.64567e-05 0.000106307 0.000104208 0.000109935 0.0001214 0.000124153 0.000127378 0.000137472 0.000151164 0.000146922 0.000161975 0.000173573 0.000164134 0.000184717 0.000194334 0.000196827 0.000206275 0.000214383 0.000225054 0.000221166 0.000245198 0.00025969 0.000252464 0.000262338 0.000280805 0.000302673 0.000297146 0.00031461 0.00033733 0.000356764 0.000393372 0.000428275 0.000502228 0.00059961 0.000753279 0.000963997 0.00127946 0.00172238 0.00230889 0.00311616 0.00414999 0.00547913 0.00712708 0.00916231 0.011575 0.0143949 0.0176 0.0210948 0.0247768 0.0284622 0.0319526 0.034954 0.0372617 0.0385865 0.038722 0.0374865 0.0348415 0.0307825 0.0254517 0.0191148 0.0120899 0.00474811 -0.00251455 -0.0092489 -0.0151461 -0.0199283 -0.0234687 -0.0256801 -0.0266748 -0.0265386 -0.0254697 -0.0236596 -0.021426 -0.0189528 -0.016411 -0.0138905 -0.0115623 -0.00947829 -0.00765782 -0.00603645 -0.00463378 -0.00341898 -0.00236343 -0.00136648 -0.000403058 0.000568058 0.00156438 0.00268482 0.00396934 0.00545767 0.00713173 0.00905842 0.0112418 0.0136584 0.0161568 0.0186545 0.0210017 0.0230392 0.0244587 0.0250513 0.0245977 0.0229889 0.0200761 0.0159004 0.010543 0.00424497 -0.00272632 -0.00993923 -0.0170005 -0.0235184 -0.0291639 -0.033633 -0.036748 -0.0384681 -0.0388072 -0.0379079 -0.0359578 -0.0332359 -0.0299445 -0.0263789 -0.0227453 -0.0192503 -0.0160001 -0.0131138 -0.0106189 -0.00850374 -0.0067726 -0.00537089 -0.00427292 -0.00340824 -0.00277684 -0.00229526 -0.00195257 -0.00171441 -0.00154849 -0.00143942 -0.00135637 -0.00131288 -0.00127197 -0.00125956 -0.00123275 -0.001208 -0.00120881 -0.0012026 -0.00118844 -0.00116179 -0.00116884 -0.00116504 -0.0011474 -0.00114079 -0.00113237 -0.00112897 -0.00111073 -0.00111554 -0.00111229 -0.00108952 -0.00109443 -0.00108792 -0.00107777 -0.00107641 -0.00107535 -0.00106675 -0.00105603 -0.00106371 -0.00105018 -0.00104445 -0.00105498 -0.00103556 -0.00103752 -0.00104075 -0.00102417 -0.00103244 -0.00102988 -0.0010218 -0.00102724 -0.00102005 -0.00101703 -0.00101841 -0.0010143 -0.00101488 -0.00101481 -0.00101306 -0.00101285 -0.00101183 
0 7.34143e-07 1.47005e-05 1.3772e-05 2.14807e-05 3.7911e-05 3.38702e-05 4.82406e-05 5.7866e-05 4.85025e-05 7.0385e-05 6.75349e-05 6.35959e-05 9.329e-05 8.37588e-05 9.59194e-05 0.000115749 0.000101182 0.000119554 0.000126721 0.000128166 0.000142625 0.000150762 0.00015582 0.000150607 0.000172844 0.000172511 0.000179431 0.000211031 0.000200432 0.000211752 0.000217724 0.000230268 0.000242682 0.000244985 0.000273385 0.000256755 0.000264957 0.000292438 0.000311628 0.000311567 0.000305458 0.000347178 0.00035705 0.000379612 0.000398134 0.000436432 0.000499332 0.000570044 0.000695462 0.000858522 0.00112637 0.00147694 0.00198328 0.00266386 0.00356559 0.00474233 0.00622425 0.00808676 0.010331 0.0130257 0.0161278 0.0196375 0.0234373 0.0274134 0.0313647 0.0350619 0.0382509 0.0406468 0.0420076 0.0420686 0.0406999 0.0377965 0.0334327 0.0277284 0.0209841 0.0135005 0.0056836 -0.00206664 -0.00930317 -0.0156741 -0.0209028 -0.0248277 -0.0274001 -0.0286645 -0.0287388 -0.0277696 -0.0260096 -0.023718 -0.0211459 -0.0184262 -0.0157235 -0.0131579 -0.0108518 -0.00878653 -0.00696503 -0.00534954 -0.00395988 -0.00271499 -0.00156976 -0.00044041 0.000673231 0.00185059 0.00313757 0.00462496 0.00630211 0.00821141 0.0103581 0.0127846 0.0153965 0.0180938 0.0207215 0.0231669 0.0251992 0.0265677 0.0269992 0.0263227 0.0243894 0.0211242 0.0165263 0.0107142 0.00391728 -0.00354188 -0.01124 -0.0187702 -0.0257156 -0.0317503 -0.0365474 -0.0399457 -0.0418297 -0.0422689 -0.041359 -0.0393457 -0.0364531 -0.0329724 -0.0291519 -0.0252392 -0.0214397 -0.0178927 -0.0147205 -0.0119427 -0.00961029 -0.00766075 -0.00610031 -0.00485002 -0.00389122 -0.00315459 -0.0026094 -0.00222398 -0.00193344 -0.00174797 -0.00160604 -0.00153088 -0.00146243 -0.00142199 -0.00138736 -0.00137136 -0.00137437 -0.00133304 -0.00132067 -0.00131725 -0.00132702 -0.00129835 -0.00127652 -0.0012836 -0.00126556 -0.00126696 -0.00124975 -0.00124928 -0.00123083 -0.00121398 -0.00123294 -0.00121294 -0.00121056 -0.0012081 -0.00119586 -0.00118709 -0.00118465 -0.0011912 -0.00116851 -0.0011772 -0.00117034 -0.0011457 -0.00116591 -0.00114998 -0.00114692 -0.00116215 -0.00114143 -0.00114544 -0.00114393 -0.00113034 -0.0011359 -0.0011311 -0.0011288 -0.00113197 -0.00112919 -0.00112935 -0.00112854 -0.00112644 -0.00112491 
0 1.50712e-05 1.26391e-05 3.10219e-05 2.85488e-05 2.90017e-05 4.33309e-05 3.70244e-05 5.42074e-05 6.52145e-05 6.75349e-05 8.70075e-05 8.53893e-05 9.47206e-05 0.000100484 9.84715e-05 0.000115303 0.000116734 0.000131258 0.000140641 0.000140072 0.000156599 0.000156551 0.000169926 0.000187831 0.000191464 0.000199169 0.00020654 0.000207713 0.000211921 0.000239923 0.000242805 0.000248328 0.000269483 0.000264389 0.000281585 0.000305448 0.000318409 0.000319098 0.000325979 0.000344649 0.000364847 0.000382006 0.000379167 0.000412432 0.000450459 0.000486247 0.000549238 0.000647095 0.000786307 0.000986627 0.00129247 0.00169657 0.00227232 0.00304713 0.00406134 0.00536802 0.00703071 0.00908484 0.0115614 0.014514 0.017901 0.0216884 0.0257697 0.0300104 0.0341755 0.0380518 0.0413643 0.0438267 0.0451658 0.0451551 0.0436287 0.0405028 0.0358586 0.0298523 0.022764 0.0149085 0.00670686 -0.00144595 -0.0091031 -0.0159028 -0.0215326 -0.0258512 -0.0287833 -0.0303668 -0.0306764 -0.0298889 -0.0282256 -0.025956 -0.0233084 -0.0204714 -0.0176002 -0.0148398 -0.0122952 -0.0100009 -0.00795373 -0.00613674 -0.00453741 -0.00310287 -0.0017731 -0.000482374 0.000809288 0.00216836 0.00365831 0.00533974 0.00723278 0.00936492 0.0117536 0.0143888 0.0171888 0.0200296 0.0227703 0.0252407 0.027225 0.0284583 0.0286995 0.0277433 0.0254798 0.0218394 0.0168537 0.0106164 0.00339336 -0.00448171 -0.0125761 -0.0204944 -0.0278001 -0.0341544 -0.039247 -0.0428893 -0.044953 -0.0454841 -0.0446146 -0.0425535 -0.0395533 -0.0359041 -0.0318832 -0.0277136 -0.0236384 -0.0198133 -0.0163578 -0.0133153 -0.0107446 -0.00859799 -0.0068501 -0.00546405 -0.00438787 -0.00355813 -0.0029386 -0.00250037 -0.00216991 -0.00195186 -0.00180062 -0.0016934 -0.0016181 -0.00158477 -0.00154863 -0.0015069 -0.00149596 -0.00148202 -0.0014733 -0.00144988 -0.00142826 -0.0014212 -0.00142575 -0.0014095 -0.00138847 -0.00139304 -0.00137204 -0.00136911 -0.00137517 -0.00135905 -0.00134609 -0.00133811 -0.00132925 -0.00131835 -0.0013233 -0.00131155 -0.00130238 -0.00130053 -0.00128552 -0.00129163 -0.0012859 -0.00128465 -0.00128628 -0.0012696 -0.00127126 -0.00125917 -0.00125344 -0.00125902 -0.00124874 -0.00125684 -0.00125455 -0.00124779 -0.00125288 -0.00124152 -0.00124099 -0.00124124 -0.00123423 -0.0012413 -0.00123881 
0 9.81699e-06 8.46425e-07 2.40031e-05 2.81893e-05 3.41035e-05 5.96406e-05 5.21893e-05 6.4724e-05 7.38686e-05 6.35959e-05 8.53893e-05 8.8264e-05 9.50065e-05 0.000115276 0.000115127 0.000130563 0.000134844 0.000140117 0.000153328 0.000154068 0.000173375 0.000176375 0.000180421 0.000198453 0.000195613 0.000211072 0.000231628 0.000235707 0.000247666 0.000262635 0.000264169 0.000272695 0.00029626 0.000299599 0.000306958 0.000324488 0.000328094 0.000345991 0.000366019 0.000373162 0.000393096 0.000413384 0.000429681 0.000463268 0.000502816 0.000544323 0.000620847 0.00073981 0.000889782 0.00112656 0.00147066 0.00193277 0.00257861 0.0034498 0.00457979 0.00602686 0.00787054 0.0101217 0.0128341 0.0160409 0.0197031 0.0237528 0.0280943 0.0325624 0.0369077 0.0409188 0.0443121 0.0467947 0.0480821 0.0479756 0.0462876 0.0429575 0.0380731 0.0318213 0.0244569 0.0163144 0.00781316 -0.000652793 -0.00865726 -0.0158222 -0.0218244 -0.0265244 -0.0298316 -0.0317567 -0.0323509 -0.031802 -0.0303064 -0.0281166 -0.0254494 -0.0225371 -0.0195376 -0.016605 -0.0138362 -0.0113111 -0.00903492 -0.00700424 -0.0051825 -0.0035385 -0.00200704 -0.000534046 0.000953389 0.002515 0.00422238 0.00611242 0.00822848 0.0105902 0.0132138 0.0160429 0.0189987 0.0219484 0.0247535 0.0271975 0.0290675 0.0301082 0.0301061 0.0288428 0.0262279 0.0222164 0.0168616 0.0102537 0.00267099 -0.00553404 -0.0139409 -0.0221587 -0.0297524 -0.0363632 -0.041704 -0.0455615 -0.0478003 -0.0484395 -0.0476348 -0.0455678 -0.0425026 -0.0387308 -0.0345455 -0.0301617 -0.0258384 -0.0217577 -0.0180343 -0.0147393 -0.0119316 -0.00958674 -0.00765413 -0.00612411 -0.00492528 -0.00399581 -0.00329798 -0.00279804 -0.00242209 -0.00215927 -0.00199177 -0.00186278 -0.00177437 -0.00172453 -0.00168558 -0.00165167 -0.00163584 -0.00161532 -0.00159572 -0.00159308 -0.00157694 -0.00156105 -0.00155687 -0.001536 -0.00152499 -0.00152591 -0.00150738 -0.00149043 -0.00148694 -0.00147471 -0.00146184 -0.00146768 -0.0014559 -0.00144301 -0.0014451 -0.00142964 -0.00142862 -0.00142518 -0.00141547 -0.00141387 -0.00139743 -0.00139668 -0.00138892 -0.00138143 -0.00139099 -0.00137853 -0.00138224 -0.00138235 -0.00136631 -0.0013718 -0.00136206 -0.00135633 -0.0013633 -0.00135527 -0.00135911 -0.00136036 -0.00135368 -0.00135755 -0.00135236 
0 3.76619e-06 2.79654e-05 2.22198e-05 3.12769e-05 4.76836e-05 3.79247e-05 5.77831e-05 6.96421e-05 6.61671e-05 9.329e-05 9.47206e-05 9.50065e-05 0.000116601 0.000112035 0.000123283 0.000140789 0.000139749 0.000152897 0.000166279 0.000172245 0.000179557 0.000198291 0.000205262 0.000206334 0.00023117 0.000230911 0.000237333 0.000260785 0.000263345 0.000276055 0.000284527 0.000304581 0.000314193 0.000318861 0.000352531 0.000352706 0.000356628 0.000382326 0.000406415 0.000410121 0.000415607 0.000453793 0.000469426 0.000503424 0.000542593 0.00059684 0.000695461 0.000820111 0.00100716 0.00127392 0.00167267 0.00219489 0.00292181 0.00389647 0.00514295 0.00675019 0.00875923 0.0112246 0.0141579 0.0176195 0.0215301 0.0258277 0.0303972 0.0350476 0.0395416 0.043632 0.0470698 0.0495141 0.0507345 0.0504936 0.0486545 0.0451313 0.0400604 0.0336112 0.026048 0.0177036 0.00899044 0.000303085 -0.00797136 -0.0154256 -0.0217724 -0.0268259 -0.0305228 -0.0327943 -0.0337303 -0.0334597 -0.0322095 -0.0301451 -0.0275336 -0.024579 -0.0215056 -0.0184139 -0.0154551 -0.0126907 -0.0101952 -0.00792483 -0.00588119 -0.00399746 -0.00225768 -0.0005651 0.00112655 0.0029227 0.00484862 0.00697553 0.00931039 0.0119168 0.0147482 0.0177644 0.0208295 0.023862 0.0266619 0.0290369 0.0307152 0.0315207 0.0312101 0.0296256 0.0266333 0.0222677 0.0165545 0.00963893 0.00176033 -0.0066892 -0.0153307 -0.0237639 -0.0315721 -0.0383884 -0.043925 -0.0479793 -0.0503784 -0.0511586 -0.0504294 -0.0484101 -0.0453111 -0.041472 -0.0371459 -0.0325926 -0.028046 -0.0237243 -0.0197504 -0.0162024 -0.0131671 -0.0106035 -0.00850044 -0.00680428 -0.0054868 -0.00444786 -0.00367074 -0.00310628 -0.00268115 -0.00238711 -0.0021812 -0.00204951 -0.0019436 -0.00188396 -0.0018323 -0.00180092 -0.00179062 -0.00175013 -0.00172973 -0.00172426 -0.00171895 -0.00168615 -0.00167216 -0.00167547 -0.00165167 -0.00164533 -0.00163415 -0.00162769 -0.00161305 -0.00159943 -0.00160655 -0.00158378 -0.00157538 -0.00157569 -0.00155834 -0.00155098 -0.00154845 -0.00154216 -0.0015268 -0.00153096 -0.00152557 -0.0015084 -0.00152175 -0.00150799 -0.00149706 -0.0015078 -0.00148603 -0.00148692 -0.00149256 -0.00147542 -0.00148539 -0.0014822 -0.00147078 -0.00148026 -0.00147031 -0.00146713 -0.00147441 -0.00146369 -0.00146869 
0 1.47065e-05 1.17575e-05 3.17891e-05 3.79913e-05 3.81757e-05 5.96173e-05 5.86686e-05 6.64534e-05 8.71698e-05 8.37588e-05 0.000100484 0.000115276 0.000112035 0.000132617 0.000137713 0.000138909 0.000159455 0.000166931 0.000176549 0.000187361 0.000199146 0.000203747 0.000213209 0.000239513 0.000238134 0.00025456 0.000272078 0.000265285 0.000284555 0.000300572 0.000318398 0.00032286 0.000338795 0.000356633 0.000350317 0.00038651 0.000407013 0.000413699 0.000415081 0.000437636 0.000480801 0.000484425 0.000509604 0.000541112 0.000603758 0.000668269 0.000762997 0.000920244 0.00112641 0.00144935 0.00187495 0.00248226 0.00328708 0.00436529 0.00574804 0.00750277 0.00970441 0.0123605 0.0155454 0.0192262 0.0233926 0.0279078 0.0326813 0.0374784 0.0420758 0.0462192 0.0496309 0.052022 0.0531164 0.0527457 0.0507225 0.0470553 0.0418139 0.0352371 0.0275299 0.019075 0.0102277 0.00140129 -0.0070549 -0.014741 -0.0213785 -0.026782 -0.030843 -0.0334997 -0.0347918 -0.0348761 -0.0339 -0.0320527 -0.029533 -0.0266191 -0.0234832 -0.0202945 -0.0171434 -0.0141808 -0.0114344 -0.00894124 -0.00663527 -0.00452434 -0.00252702 -0.0006158 0.0013318 0.00335272 0.00553912 0.00788942 0.010481 0.0132996 0.0163484 0.0194965 0.0226672 0.025708 0.0284726 0.0306885 0.0321471 0.0326374 0.0319999 0.030045 0.0266953 0.0219674 0.0159427 0.00876311 0.000675869 -0.00794256 -0.0167369 -0.0252973 -0.0332548 -0.0402054 -0.0459115 -0.0501077 -0.052688 -0.0535977 -0.0529985 -0.0510341 -0.0479734 -0.0440885 -0.0396747 -0.0349813 -0.0302478 -0.0257128 -0.0214913 -0.017726 -0.014441 -0.0116855 -0.00938477 -0.0075433 -0.00607923 -0.00494066 -0.00407742 -0.00342729 -0.00296642 -0.00261967 -0.00239617 -0.00221837 -0.00211421 -0.00204428 -0.0019891 -0.00194273 -0.00190427 -0.00190901 -0.00188159 -0.00185396 -0.00182702 -0.00183104 -0.00182626 -0.00179201 -0.00178994 -0.00177208 -0.0017612 -0.00175009 -0.00174869 -0.00173818 -0.0017092 -0.00171477 -0.00169968 -0.00168809 -0.00169036 -0.00167786 -0.00166729 -0.00165631 -0.00165772 -0.00164445 -0.00164111 -0.00164747 -0.00162419 -0.00162638 -0.00162407 -0.00160456 -0.00161515 -0.00160752 -0.00159808 -0.00160796 -0.00159524 -0.00159289 -0.00159731 -0.00158423 -0.00158838 -0.00158791 -0.00157924 -0.00158743 -0.00158226 
0 5.35125e-06 1.71385e-05 2.28363e-05 3.69898e-05 5.02269e-05 5.88487e-05 7.45447e-05 7.8823e-05 8.6841e-05 9.59194e-05 9.84715e-05 0.000115127 0.000123283 0.000137713 0.000153082 0.000157238 0.000176694 0.000176226 0.000185676 0.000205138 0.000205665 0.000229423 0.00023701 0.000240339 0.000257101 0.000266217 0.000283389 0.000301177 0.000321509 0.000320751 0.000334374 0.000351963 0.000357155 0.000388017 0.000395569 0.000406187 0.000415235 0.000434511 0.000469496 0.000481526 0.000496269 0.000514878 0.000566587 0.00060148 0.000650595 0.000736615 0.000849415 0.00102736 0.0012673 0.00162497 0.00210797 0.00278875 0.00368643 0.00486635 0.0063926 0.00830865 0.0106897 0.013559 0.0169713 0.0208815 0.0252686 0.0299969 0.0349293 0.0398433 0.0445056 0.048654 0.0520029 0.0542891 0.055244 0.0547017 0.0525138 0.048704 0.0433497 0.0366766 0.0289111 0.0204102 0.0115193 0.00262708 -0.00592324 -0.0137749 -0.0206584 -0.0263783 -0.0307963 -0.0338401 -0.0355317 -0.0359998 -0.0353617 -0.0337782 -0.0314348 -0.0286013 -0.0254646 -0.0221977 -0.018906 -0.015744 -0.0127673 -0.0100226 -0.00746281 -0.00508967 -0.00283248 -0.000655164 0.00155356 0.00383757 0.00627859 0.00888538 0.0117208 0.0147627 0.017985 0.0212527 0.0244746 0.027493 0.0301418 0.0321527 0.0333237 0.0334679 0.0324516 0.0301167 0.0264041 0.0213405 0.0150354 0.00765097 -0.000566669 -0.00928008 -0.0181419 -0.0267626 -0.0347836 -0.0418306 -0.0476458 -0.0519755 -0.0547094 -0.0557858 -0.0553235 -0.0534653 -0.0504726 -0.046595 -0.0421263 -0.0373281 -0.0324485 -0.0277114 -0.0232757 -0.0192861 -0.015778 -0.0128066 -0.0103262 -0.00832122 -0.0067105 -0.0054635 -0.00450608 -0.00378015 -0.0032559 -0.00286838 -0.00260529 -0.00241273 -0.00229128 -0.00218767 -0.00213336 -0.00210285 -0.00205947 -0.00202829 -0.0020053 -0.00200531 -0.00198353 -0.00196555 -0.00193993 -0.0019305 -0.00192899 -0.0019032 -0.00189986 -0.00187732 -0.00185816 -0.00185336 -0.00184788 -0.00183802 -0.00182513 -0.00182171 -0.00179925 -0.00179979 -0.00179704 -0.00178173 -0.00178643 -0.00176648 -0.00175765 -0.00175336 -0.00174074 -0.00174448 -0.0017378 -0.00173661 -0.00173407 -0.00172474 -0.00172292 -0.00171454 -0.00171124 -0.00170984 -0.00170598 -0.00170658 -0.00170418 -0.00170234 -0.00170151 -0.0016991 -0.0016982 
0 7.05518e-06 3.41307e-05 2.94208e-05 4.18165e-05 5.63815e-05 4.78202e-05 7.16198e-05 7.96799e-05 8.64567e-05 0.000115749 0.000115303 0.000130563 0.000140789 0.000138909 0.000157238 0.000160588 0.000181045 0.000190742 0.000201238 0.000227931 0.000217664 0.000243465 0.000258446 0.000254862 0.000291213 0.000291788 0.000297684 0.000316125 0.000325563 0.000340163 0.000359164 0.000384701 0.000384457 0.000407129 0.000425322 0.000438136 0.000468541 0.00047114 0.00049459 0.000514534 0.00053208 0.000564222 0.000600186 0.000641985 0.000699828 0.000809674 0.000936022 0.00113118 0.00142275 0.00181659 0.00237016 0.00312396 0.00412416 0.0054152 0.00708852 0.00917304 0.0117305 0.0148205 0.0184443 0.0225785 0.0271614 0.0320805 0.0371342 0.0421299 0.0468178 0.0509243 0.0541727 0.0563119 0.0571042 0.0563643 0.0540213 0.0500819 0.0446572 0.0379318 0.0301803 0.0217023 0.0128477 0.00396701 -0.00459649 -0.0125464 -0.0196245 -0.0256199 -0.0303768 -0.0338082 -0.0359271 -0.0368062 -0.0365545 -0.0352878 -0.0331941 -0.0304939 -0.0274112 -0.0241014 -0.0207131 -0.0173678 -0.0141749 -0.0111667 -0.00835031 -0.00569158 -0.00315979 -0.000682591 0.00180446 0.00437868 0.0070813 0.00996244 0.0130362 0.0162954 0.0196554 0.0230144 0.0262393 0.0291898 0.0316524 0.0334032 0.0342325 0.0339983 0.0325673 0.0298416 0.0257708 0.020402 0.0138566 0.00632565 -0.00195003 -0.0106841 -0.0195376 -0.0281512 -0.0361645 -0.043261 -0.0491409 -0.0535878 -0.0564609 -0.0577253 -0.0574195 -0.0557078 -0.0528161 -0.0489919 -0.0445041 -0.0396352 -0.034642 -0.0297248 -0.0250956 -0.0208847 -0.0171668 -0.0139701 -0.0113111 -0.00913202 -0.00737478 -0.00600939 -0.00495125 -0.00414905 -0.00355645 -0.00313718 -0.0028211 -0.00261088 -0.00247607 -0.00236293 -0.00229423 -0.00224672 -0.00221268 -0.00217659 -0.00215877 -0.00213157 -0.00210642 -0.00210107 -0.00207301 -0.0020682 -0.00204813 -0.00202439 -0.00202306 -0.00201381 -0.00200033 -0.00198464 -0.00198411 -0.00195468 -0.00194872 -0.00195401 -0.0019218 -0.00192797 -0.00191243 -0.00189336 -0.00189754 -0.00188386 -0.00188708 -0.00187756 -0.00187518 -0.00186982 -0.00185039 -0.00185644 -0.00184015 -0.00183662 -0.00184447 -0.00182786 -0.00183525 -0.0018309 -0.00181936 -0.00182718 -0.00181774 -0.00181575 -0.00182104 -0.00181186 -0.00181464 
0 1.68261e-05 7.99801e-06 3.63254e-05 4.47887e-05 4.7541e-05 7.82911e-05 7.69929e-05 8.60221e-05 0.000106307 0.000101182 0.000116734 0.000134844 0.000139749 0.000159455 0.000176694 0.000181045 0.000191237 0.000209042 0.000213484 0.000225121 0.000248232 0.000249666 0.000265445 0.000287157 0.000290892 0.000310635 0.000328507 0.000343639 0.000352621 0.000368672 0.000395542 0.000390569 0.000415035 0.000443144 0.000437478 0.000461882 0.000493974 0.000509226 0.000514351 0.000549871 0.000583485 0.000606274 0.00065145 0.000692117 0.000778858 0.000888447 0.00103215 0.00125698 0.0015829 0.00203104 0.00263606 0.0034853 0.00457515 0.0059978 0.00781665 0.0100727 0.0128245 0.0161213 0.0199702 0.0243008 0.0290853 0.0341497 0.0393117 0.044346 0.0490255 0.0530487 0.0561549 0.0581216 0.058707 0.0577715 0.0552552 0.0512202 0.045734 0.0390223 0.0313241 0.0229488 0.0141865 0.00540157 -0.00311286 -0.0110931 -0.0183114 -0.0245384 -0.0296051 -0.0334281 -0.0359792 -0.0373039 -0.0374635 -0.0365809 -0.0347849 -0.0322948 -0.0293026 -0.0260145 -0.0225506 -0.0190683 -0.0156544 -0.0124032 -0.00930208 -0.00636045 -0.00351314 -0.000732168 0.00207589 0.0049414 0.0079398 0.0110821 0.014408 0.0178471 0.0213328 0.0247254 0.0279238 0.0307335 0.0329646 0.0343834 0.0348414 0.0341863 0.0323312 0.0291996 0.0247917 0.0191505 0.0124168 0.00480083 -0.00346935 -0.0121417 -0.0209243 -0.0294492 -0.037408 -0.044481 -0.0504066 -0.0549279 -0.0579508 -0.0593903 -0.0592816 -0.0577342 -0.0549867 -0.0512503 -0.0467844 -0.0418856 -0.0367996 -0.0317501 -0.0269311 -0.022533 -0.0185966 -0.0152005 -0.0123453 -0.00999932 -0.00809226 -0.00659622 -0.00544327 -0.00454199 -0.00389136 -0.00341158 -0.00306302 -0.00280967 -0.00265187 -0.0025352 -0.00244685 -0.00239413 -0.00234017 -0.00232548 -0.00230107 -0.00226265 -0.00224407 -0.00224393 -0.00222273 -0.00218777 -0.00219336 -0.00217211 -0.00214707 -0.00214316 -0.00212563 -0.00211101 -0.00209324 -0.0020904 -0.00207789 -0.00205855 -0.00206092 -0.00204678 -0.00203394 -0.00203345 -0.00202383 -0.00201018 -0.00200408 -0.00199851 -0.00197939 -0.00198128 -0.00198143 -0.00196197 -0.00197385 -0.00196485 -0.00194696 -0.00196346 -0.00194372 -0.00193968 -0.0019539 -0.00192819 -0.00193925 -0.00194045 -0.00191973 -0.00194161 -0.00192902 
