0 0 0 0 0 0 0 0 0 0 0 0 0 0 0 0 0 0 0 0 0 0 0 0 0 0 0 0 0 0 0 0 0 0 0 0 0 0 0 0 0 0 0 0 0 0 0 0 0 0 0 0 0 0 0 0 0 0 0 0 0 0 0 0 0 0 0 0 0 0 0 0 0 0 0 0 0 0 0 0 0 0 0 0 0 0 0 0 0 0 0 0 0 0 0 0 0 0 0 0 0 0 0 0 0 0 0 0 0 0 0 0 0 0 0 0 0 0 0 0 0 0 0 0 0 0 0 0 0 0 0 0 0 0 0 0 0 0 0 0 0 0 0 0 0 0 0 0 0 0 0 0 0 0 0 0 0 0 0 0 0 0 0 0 0 0 0 0 0 0 0 0 0 0 0 0 0 0 0 0 0 0 0 0 0 0 0 0 0 0 0 0 0 0 0 0 0 0 0 0 
0 -7.43148e-07 2.34684e-06 1.28787e-06 9.32247e-07 2.69536e-06 1.30766e-06 9.55598e-07 4.262e-06 2.06803e-06 2.50971e-06 6.062e-06 -3.45236e-08 3.799e-06 5.47036e-06 7.44518e-07 1.02637e-05 7.96489e-06 6.03196e-06 1.15988e-05 3.49847e-06 3.03943e-06 5.94709e-06 3.74245e-06 7.76474e-06 1.21375e-05 1.28003e-05 1.0798e-05 1.48024e-05 1.93345e-05 1.9841e-05 4.01364e-05 5.58383e-05 6.81711e-05 0.000112572 0.000155826 0.000219418 0.000325266 0.000449546 0.000598039 0.000794758 0.00103908 0.0013138 0.00165754 0.00203933 0.00244418 0.00286705 0.00328306 0.00367442 0.00396526 0.00414019 0.00417886 0.00407407 0.00377551 0.00330185 0.00267523 0.00189765 0.0010382 0.000137333 -0.000726714 -0.00151601 -0.00216037 -0.00267162 -0.00300703 -0.00316478 -0.00316346 -0.00302833 -0.00279799 -0.00251057 -0.00221661 -0.00189549 -0.0016023 -0.00133631 -0.00112697 -0.000939449 -0.00080385 -0.000677892 -0.000582434 -0.000510771 -0.000467114 -0.000412146 -0.00036328 -0.000335035 -0.00031299 -0.000285515 -0.000254817 -0.00023935 -0.000217646 -0.000205485 -0.000184102 -0.00017166 -0.00014856 -0.000146431 -0.000128969 -0.000116587 -9.40607e-05 -9.76487e-05 -8.05169e-05 -6.77273e-05 -4.70295e-05 -5.26324e-05 -3.39235e-05 -2.10707e-05 -2.09962e-06 -6.26432e-06 1.45797e-05 2.69472e-05 4.5672e-05 4.6872e-05 6.90697e-05 8.07871e-05 0.000102444 0.000113727 0.000135553 0.000148577 0.000178153 0.000204827 0.000227226 0.000250024 0.000295206 0.000347028 0.000387399 0.000448087 0.000533045 0.000646393 0.000767873 0.000936936 0.00112696 0.00137188 0.00164737 0.00195972 0.00225037 0.0025446 0.00279368 0.00296644 0.00301547 0.00292124 0.00265218 0.00220899 0.00162628 0.000893791 7.13213e-05 -0.000807417 -0.00166556 -0.00246312 -0.00311669 -0.00363192 -0.00398369 -0.00414605 -0.00414558 -0.00400749 -0.00376273 -0.0034097 -0.00300636 -0.00257962 -0.00218379 -0.00180742 -0.00145844 -0.00117426 -0.000924646 -0.000715206 -0.000556794 -0.00043899 -0.000327907 -0.000253585 -0.000205131 -0.000154662 -0.000135171 -0.000121886 -0.000105992 -9.8544e-05 -9.33374e-05 -8.89239e-05 -8.56546e-05 -9.07598e-05 -9.22062e-05 -8.87612e-05 -9.33434e-05 -8.92357e-05 -8.39955e-05 -8.9355e-05 -8.50966e-05 -8.48824e-05 -8.98374e-05 -8.48116e-05 -8.47225e-05 -8.68735e-05 -8.27256e-05 -8.42085e-05 -8.86876e-05 -8.44604e-05 -8.79969e-05 -8.95543e-05 -8.13497e-05 -8.73573e-05 -8.26226e-05 -7.91476e-05 -8.87719e-05 -8.10504e-05 -8.52799e-05 
0 2.34684e-06 -2.78747e-06 3.55902e-06 8.71233e-07 2.35906e-06 6.03242e-06 3.00106e-06 7.1305e-06 3.37196e-06 8.09403e-06 6.76849e-06 6.72429e-06 1.6684e-05 2.79579e-06 1.52058e-05 9.44675e-06 -3.0341e-06 2.1075e-05 2.98125e-08 1.54314e-05 2.88795e-05 7.09423e-06 2.96666e-05 1.60762e-05 1.0365e-05 2.10226e-05 2.11565e-05 2.68997e-05 3.53541e-05 5.61869e-05 5.49261e-05 0.000100877 0.00015033 0.000215002 0.000334282 0.000461936 0.000654903 0.000884045 0.00120981 0.00160672 0.00207105 0.0026524 0.00330797 0.0040524 0.00486734 0.00575261 0.00656575 0.00729459 0.0078988 0.00826559 0.00835553 0.00810439 0.00752632 0.00659137 0.00534732 0.00379696 0.002079 0.000303411 -0.00143059 -0.00298732 -0.00429507 -0.00529869 -0.00598543 -0.0062965 -0.00630962 -0.00604421 -0.00559263 -0.00503028 -0.00443591 -0.00381121 -0.003214 -0.00269899 -0.00226046 -0.0019032 -0.00161028 -0.00137447 -0.00116712 -0.00103583 -0.00093078 -0.000831816 -0.000726813 -0.000673933 -0.000622739 -0.000570247 -0.000509555 -0.000474828 -0.000434558 -0.000404268 -0.000368055 -0.000334676 -0.000298534 -0.000282189 -0.000257834 -0.000222162 -0.000190648 -0.00018229 -0.00016109 -0.000123629 -9.67754e-05 -9.12815e-05 -6.80812e-05 -3.04498e-05 -6.3918e-06 1.09807e-06 2.88838e-05 6.47282e-05 9.02857e-05 0.000105302 0.000138232 0.0001707 0.000205493 0.000234663 0.000272402 0.000303285 0.000358958 0.000410332 0.000458208 0.000501527 0.000595705 0.000688371 0.000782615 0.000892675 0.00107591 0.00128591 0.00154847 0.00186793 0.00226753 0.00273951 0.00330387 0.00390877 0.00450106 0.00507535 0.0055707 0.00590916 0.00599855 0.00581202 0.00526216 0.00439509 0.00321573 0.00177358 0.000117542 -0.00161009 -0.00332104 -0.00490274 -0.00622182 -0.00724404 -0.00791297 -0.00826097 -0.00828115 -0.00802149 -0.007478 -0.00679334 -0.00602785 -0.00518561 -0.00436501 -0.00360324 -0.00293843 -0.00233878 -0.00186076 -0.00145103 -0.00111511 -0.000853173 -0.000646892 -0.000518698 -0.000392308 -0.00032915 -0.000277041 -0.000227243 -0.000213454 -0.000201681 -0.000195043 -0.000184283 -0.000197278 -0.000172502 -0.000172293 -0.000183916 -0.000156944 -0.000183283 -0.000175807 -0.000168649 -0.000184706 -0.000167173 -0.000174567 -0.000173345 -0.000171867 -0.00017555 -0.000172088 -0.000175735 -0.000166246 -0.000170667 -0.000167397 -0.000162983 -0.000175303 -0.000166588 -0.000173563 -0.000177102 -0.000164777 -0.00017613 -0.000168114 
0 1.28787e-06 3.55902e-06 3.91314e-06 3.54275e-06 5.6903e-06 5.48473e-06 4.36391e-06 9.86762e-06 7.55243e-06 8.50048e-06 1.40023e-05 6.13447e-06 1.26052e-05 1.40181e-05 9.98772e-06 2.28998e-05 1.89922e-05 2.02771e-05 2.44169e-05 1.55017e-05 1.68683e-05 1.71851e-05 1.95363e-05 2.42216e-05 3.06781e-05 3.60531e-05 3.40607e-05 4.40587e-05 5.69452e-05 6.97364e-05 0.000112463 0.000162546 0.000220183 0.000336969 0.000482898 0.000683316 0.000984053 0.00135501 0.0018162 0.00240642 0.00312678 0.00396995 0.00497788 0.00610659 0.00731898 0.0085823 0.0098119 0.0109372 0.0118052 0.0123284 0.0124443 0.0121043 0.0112259 0.00982894 0.00796493 0.00567604 0.00313135 0.000480094 -0.00208474 -0.00441382 -0.00635185 -0.00786775 -0.00888116 -0.00937292 -0.00939613 -0.00902277 -0.00836348 -0.00753557 -0.00665345 -0.00572154 -0.00484559 -0.0040624 -0.00341586 -0.00286464 -0.00243523 -0.00206465 -0.00177112 -0.00155568 -0.00140325 -0.00124549 -0.00110395 -0.00101194 -0.000937986 -0.000856753 -0.000772766 -0.000716394 -0.000656737 -0.000612054 -0.000556103 -0.000509762 -0.000453818 -0.000431141 -0.000387937 -0.000343861 -0.000292219 -0.000281766 -0.000241639 -0.000197768 -0.000150913 -0.000144759 -0.000102205 -5.82709e-05 -1.44406e-05 -5.2463e-06 4.23075e-05 8.61639e-05 0.000131602 0.000152195 0.000205014 0.000249549 0.000305253 0.000347723 0.000405434 0.000456149 0.000535992 0.000614388 0.000685343 0.000764002 0.000893228 0.00104027 0.00117834 0.00136353 0.0016235 0.0019559 0.00234114 0.00283789 0.00342637 0.00414966 0.00497659 0.0058821 0.00675877 0.00761006 0.0083314 0.0088159 0.00894022 0.0086334 0.0078184 0.00650262 0.00474956 0.00258457 0.000139179 -0.00244803 -0.00498872 -0.00733151 -0.00928537 -0.0108077 -0.0118369 -0.012335 -0.01235 -0.0119502 -0.0112043 -0.0101753 -0.00899325 -0.00774383 -0.00654696 -0.00542192 -0.00439912 -0.00353141 -0.00279035 -0.0021704 -0.00168598 -0.00131139 -0.000994952 -0.000772477 -0.000612106 -0.000481435 -0.000410427 -0.00036153 -0.000320643 -0.000298814 -0.000283378 -0.00027081 -0.000267501 -0.00026906 -0.000271279 -0.000268318 -0.000269511 -0.000267074 -0.00025805 -0.000263723 -0.000259627 -0.000257307 -0.00026433 -0.000256802 -0.000256636 -0.00025851 -0.000252853 -0.000255583 -0.000259782 -0.000256139 -0.000259917 -0.000260997 -0.000251974 -0.000257125 -0.000252006 -0.00024798 -0.000256522 -0.000247827 -0.00025565 
0 9.32247e-07 8.71233e-07 3.54275e-06 4.63855e-06 6.42938e-06 8.25164e-06 8.67178e-06 1.13181e-05 1.07228e-05 1.31524e-05 1.49673e-05 1.45899e-05 1.97166e-05 1.70723e-05 1.94843e-05 2.10887e-05 1.69819e-05 2.48333e-05 2.26717e-05 2.68696e-05 3.38579e-05 2.93649e-05 3.60631e-05 3.41146e-05 3.37712e-05 4.10703e-05 4.56813e-05 5.72839e-05 7.54834e-05 0.000101445 0.000140431 0.000210297 0.000306955 0.000454993 0.000664793 0.000942125 0.00132566 0.00181466 0.00244553 0.00323387 0.00418544 0.00532117 0.0066415 0.00812559 0.00973826 0.0114205 0.0130368 0.0144853 0.0156313 0.0163322 0.0164857 0.0160082 0.0148522 0.0130168 0.0105557 0.00754932 0.00419786 0.000717101 -0.00266604 -0.00573333 -0.00831632 -0.0103223 -0.0116808 -0.0123578 -0.0124202 -0.0119589 -0.0111181 -0.0100497 -0.00888122 -0.00766853 -0.00650941 -0.00547709 -0.00460097 -0.00387193 -0.00327946 -0.00278882 -0.00239118 -0.00210015 -0.0018766 -0.00167125 -0.00148637 -0.00135666 -0.00124949 -0.00114244 -0.00103606 -0.000953453 -0.000876742 -0.000810975 -0.000741299 -0.000673988 -0.000608981 -0.000565842 -0.000513695 -0.000451761 -0.000394635 -0.000363642 -0.000317385 -0.0002572 -0.000205753 -0.000179021 -0.000131648 -7.15477e-05 -2.21992e-05 7.45005e-06 6.00957e-05 0.000121379 0.000174834 0.000215574 0.000276063 0.000340877 0.000408913 0.000471569 0.000543479 0.000619302 0.000719041 0.000820941 0.000920075 0.00103355 0.00120039 0.00138887 0.0015885 0.00184029 0.00219091 0.002629 0.00316034 0.00381686 0.00461554 0.00557095 0.00666877 0.00784696 0.00901277 0.0101165 0.0110461 0.0116557 0.011794 0.0113598 0.0102651 0.00852377 0.00618752 0.00333333 0.000104092 -0.00329218 -0.00663639 -0.00971061 -0.0123012 -0.0143039 -0.0156488 -0.0163261 -0.0163681 -0.0158465 -0.0148438 -0.0135044 -0.0119665 -0.0103308 -0.00872838 -0.00723196 -0.00588913 -0.00472277 -0.0037423 -0.00292332 -0.00226214 -0.00174225 -0.00133409 -0.00103918 -0.000816038 -0.000659003 -0.000552862 -0.00047643 -0.00042995 -0.000402694 -0.000384799 -0.000372223 -0.000369229 -0.000357674 -0.000354986 -0.000354397 -0.000346754 -0.00035331 -0.00034915 -0.000348498 -0.000351032 -0.000344812 -0.000347546 -0.000345481 -0.000344695 -0.000346373 -0.000343917 -0.000343934 -0.000341798 -0.000340185 -0.000339306 -0.000338837 -0.000339547 -0.000339811 -0.000340649 -0.000342007 -0.000342451 -0.000340246 -0.000338608 
0 2.69536e-06 2.35906e-06 5.6903e-06 6.42938e-06 7.02184e-06 9.79331e-06 1.16325e-05 1.21837e-05 1.41256e-05 1.72241e-05 1.55437e-05 2.05843e-05 2.26457e-05 1.98495e-05 2.86398e-05 2.46493e-05 2.49971e-05 3.38171e-05 2.62062e-05 3.42136e-05 3.88271e-05 3.37542e-05 4.32798e-05 4.31039e-05 4.39861e-05 5.19937e-05 6.16716e-05 7.32393e-05 9.49785e-05 0.000135644 0.000180745 0.000268472 0.000399961 0.000576185 0.000843049 0.00120087 0.00167562 0.0022931 0.00308926 0.00407223 0.0052581 0.00668461 0.00832169 0.0101621 0.0121574 0.0142245 0.0162163 0.0179819 0.0193832 0.0202367 0.020416 0.0198077 0.0183808 0.0161173 0.0130773 0.00939359 0.00527683 0.00100537 -0.00315919 -0.00693782 -0.0101497 -0.0126388 -0.0143422 -0.0152215 -0.0153439 -0.0148247 -0.0138324 -0.0125488 -0.0111089 -0.00963298 -0.00820386 -0.00692672 -0.00582053 -0.00490972 -0.00414891 -0.00353443 -0.00303371 -0.00265936 -0.00235822 -0.00210415 -0.0018807 -0.00170834 -0.00156567 -0.00143245 -0.00130711 -0.00119618 -0.00110343 -0.00101461 -0.000932126 -0.000844376 -0.00077274 -0.000705317 -0.000643898 -0.000566608 -0.000506342 -0.000449768 -0.000397098 -0.000324132 -0.000269595 -0.000216757 -0.000165009 -9.23145e-05 -3.79966e-05 1.74204e-05 7.39141e-05 0.000150118 0.000211563 0.000276753 0.000343486 0.000428396 0.000508257 0.000593609 0.000679511 0.000783643 0.000901145 0.00102727 0.00115737 0.00131255 0.00151404 0.00174521 0.00201311 0.00234135 0.00278328 0.00333182 0.0040155 0.00483797 0.00584952 0.00703649 0.00839505 0.00983076 0.0112727 0.0126067 0.0137154 0.0144188 0.0145471 0.0139636 0.0125832 0.0104161 0.0075054 0.00398139 7.42502e-07 -0.0041721 -0.00828377 -0.0120487 -0.0152489 -0.0177182 -0.0193766 -0.0202241 -0.0202873 -0.0196537 -0.018425 -0.0167903 -0.0148957 -0.0128894 -0.0109034 -0.00904962 -0.00738955 -0.00592865 -0.00470302 -0.00368501 -0.00285617 -0.00219718 -0.00169566 -0.00131799 -0.00102963 -0.000839281 -0.000697997 -0.000599781 -0.000543864 -0.000504759 -0.000479598 -0.000464262 -0.000459781 -0.000446532 -0.000444156 -0.000446601 -0.000435488 -0.00044189 -0.000440043 -0.000433297 -0.000438796 -0.000433207 -0.000431612 -0.000433375 -0.000430811 -0.000429841 -0.000430103 -0.000429399 -0.000425467 -0.000428486 -0.000426016 -0.00042364 -0.000429936 -0.000423731 -0.000424922 -0.000426291 -0.000419394 -0.000426685 -0.000423472 
0 1.30766e-06 6.03242e-06 5.48473e-06 8.25164e-06 9.79331e-06 1.13629e-05 1.2777e-05 1.42194e-05 1.95813e-05 1.63209e-05 2.38085e-05 2.35715e-05 1.84992e-05 3.41993e-05 2.26049e-05 3.25141e-05 4.4808e-05 2.63621e-05 4.95318e-05 3.82963e-05 3.07462e-05 5.21184e-05 3.6464e-05 5.20978e-05 6.20332e-05 6.40286e-05 7.49546e-05 9.18503e-05 0.000120501 0.000153135 0.000242289 0.000335985 0.000488198 0.000721008 0.00102351 0.0014648 0.00203891 0.00280701 0.00374504 0.00492158 0.00636483 0.00804747 0.0100143 0.0122114 0.0145783 0.0169731 0.0193277 0.0214231 0.0230386 0.0240207 0.0242024 0.0234968 0.0217909 0.0191164 0.015522 0.0112087 0.00638098 0.0013537 -0.00353514 -0.00800861 -0.0118119 -0.0147942 -0.0168313 -0.0179435 -0.0181443 -0.0176091 -0.0165006 -0.0150297 -0.0133483 -0.0116191 -0.00994753 -0.00841741 -0.00709779 -0.00598238 -0.00506435 -0.00430417 -0.00371337 -0.00323235 -0.00286005 -0.00254249 -0.0022907 -0.00206428 -0.00188897 -0.00172411 -0.00158249 -0.00144267 -0.00133184 -0.00122115 -0.00112098 -0.00101991 -0.000935261 -0.00084896 -0.000768575 -0.000687764 -0.000614932 -0.000540438 -0.000469547 -0.000397895 -0.000329155 -0.000258646 -0.000190563 -0.000119613 -4.89592e-05 2.42563e-05 9.52281e-05 0.00017377 0.000253011 0.000336459 0.000417376 0.000514009 0.000611451 0.000716749 0.000820501 0.000951833 0.00108607 0.00123938 0.00139918 0.00160554 0.00183331 0.00211883 0.00244913 0.00287563 0.00339718 0.00407666 0.00490152 0.00591403 0.00712295 0.0085541 0.0101467 0.0118358 0.0135235 0.0150676 0.0163188 0.0170785 0.0171726 0.0164095 0.0147484 0.012142 0.00868716 0.00450301 -0.000171245 -0.0050922 -0.00991989 -0.0143353 -0.0181023 -0.0210172 -0.0230056 -0.0240015 -0.024085 -0.023339 -0.02195 -0.0200263 -0.0177708 -0.0154178 -0.0130842 -0.0108883 -0.00888806 -0.00716831 -0.00567814 -0.00445352 -0.0034692 -0.00268097 -0.0020725 -0.00159359 -0.00126941 -0.00101113 -0.000843947 -0.000741891 -0.000655658 -0.000607849 -0.000574434 -0.000559913 -0.000535455 -0.000546496 -0.000540594 -0.00052494 -0.000545791 -0.000520097 -0.000523894 -0.000530746 -0.000512849 -0.000527171 -0.000519991 -0.000516537 -0.000518845 -0.000513294 -0.00051422 -0.000512167 -0.000517145 -0.000512899 -0.000515056 -0.000516056 -0.000505645 -0.000513677 -0.000507852 -0.000503857 -0.000513218 -0.000503441 -0.000509813 
0 9.55598e-07 3.00106e-06 4.36391e-06 8.67178e-06 1.16325e-05 1.2777e-05 1.89035e-05 1.68093e-05 2.04542e-05 2.50311e-05 2.0155e-05 3.17673e-05 3.02019e-05 2.99943e-05 4.0081e-05 2.99387e-05 3.65885e-05 3.96592e-05 3.83184e-05 5.08646e-05 5.37651e-05 5.93014e-05 5.94102e-05 6.27485e-05 6.34848e-05 6.64769e-05 9.1062e-05 0.000106607 0.000141103 0.000203652 0.00027225 0.000397685 0.000598967 0.000859544 0.00124186 0.00176744 0.00243051 0.00330865 0.00443494 0.00581142 0.00747762 0.00945716 0.0117126 0.014231 0.0169461 0.0197236 0.0223927 0.0247259 0.0265592 0.0276798 0.0278779 0.0270144 0.0250619 0.0220014 0.0179059 0.012992 0.00750102 0.00179223 -0.00378779 -0.00890038 -0.0132973 -0.0167381 -0.0191403 -0.0204832 -0.0208141 -0.0202924 -0.019116 -0.0174932 -0.0155975 -0.0136478 -0.0117353 -0.00998026 -0.00842726 -0.00712406 -0.00601779 -0.00513061 -0.00441735 -0.00384457 -0.00337244 -0.00300561 -0.00270349 -0.00243594 -0.00221236 -0.00202242 -0.00185539 -0.00169211 -0.00155913 -0.00142476 -0.00130776 -0.00119069 -0.00109733 -0.000984186 -0.000892248 -0.000799545 -0.000723576 -0.000619712 -0.000541462 -0.000459902 -0.000388731 -0.000287866 -0.00021514 -0.000134497 -5.92194e-05 4.36687e-05 0.000119032 0.000208938 0.000296736 0.000407266 0.000496535 0.000608619 0.000719736 0.000848028 0.000971031 0.00112535 0.00128121 0.0014562 0.00165744 0.00190268 0.002174 0.00249954 0.00291648 0.00342552 0.00405637 0.00484666 0.0058425 0.00702705 0.00845708 0.0101036 0.0119356 0.0138447 0.0157607 0.0174781 0.0188335 0.019617 0.0196309 0.0186849 0.0167115 0.0136973 0.00969493 0.00490461 -0.000444923 -0.00603466 -0.0115258 -0.0165518 -0.020861 -0.024196 -0.0264527 -0.0276355 -0.0277695 -0.0269417 -0.0253324 -0.023172 -0.0206424 -0.0179529 -0.0152548 -0.0127168 -0.0104299 -0.00840789 -0.00668944 -0.00526877 -0.00409245 -0.00315261 -0.00244977 -0.00190048 -0.00149253 -0.00121609 -0.00100395 -0.000857967 -0.000777301 -0.000716402 -0.000680356 -0.000664697 -0.000644135 -0.000631696 -0.000621538 -0.00061817 -0.000613462 -0.000612985 -0.00061849 -0.000608652 -0.000612155 -0.00060958 -0.000601845 -0.000608866 -0.000604847 -0.00060438 -0.000606309 -0.000601497 -0.000597115 -0.00059691 -0.000594133 -0.0005919 -0.000598353 -0.000593075 -0.000598049 -0.000602369 -0.000592753 -0.000600456 -0.000592272 
0 4.262e-06 7.1305e-06 9.86762e-06 1.13181e-05 1.21837e-05 1.42194e-05 1.68093e-05 1.91325e-05 2.38638e-05 2.5012e-05 2.84028e-05 3.25229e-05 3.00149e-05 3.85404e-05 3.86804e-05 4.16003e-05 5.29497e-05 4.56256e-05 5.50136e-05 5.34103e-05 4.74023e-05 6.1212e-05 5.66013e-05 6.953e-05 8.24034e-05 8.79012e-05 0.000108339 0.000129988 0.000169088 0.000234153 0.000338575 0.000484289 0.000707543 0.00101772 0.00145039 0.00205439 0.00283458 0.00386305 0.0051421 0.00671426 0.00862589 0.0108667 0.013435 0.016289 0.0193289 0.0223964 0.0253616 0.0279662 0.0299726 0.0311703 0.0313487 0.0303782 0.0281753 0.0247425 0.0201744 0.0147225 0.00863936 0.00229961 -0.0039038 -0.00962437 -0.01456 -0.0184657 -0.0212204 -0.0228243 -0.0233069 -0.0228492 -0.0216445 -0.0199091 -0.0178435 -0.0156893 -0.0135674 -0.0115858 -0.00982146 -0.0083076 -0.00702906 -0.00599018 -0.00516404 -0.00447628 -0.00391731 -0.00348084 -0.00313509 -0.00281697 -0.00255283 -0.00232881 -0.00213858 -0.00195235 -0.00179631 -0.00163947 -0.00150222 -0.001375 -0.00126504 -0.00113372 -0.00102216 -0.000926104 -0.000835369 -0.000715114 -0.000618384 -0.000536637 -0.000450288 -0.000333545 -0.00024363 -0.00016309 -7.12937e-05 4.7915e-05 0.000139937 0.000232405 0.000338135 0.000466456 0.000573862 0.000695037 0.000825202 0.000974621 0.00112128 0.00129722 0.00147517 0.00168047 0.00191994 0.00221245 0.00252379 0.00290987 0.00340445 0.00401926 0.00475333 0.00568136 0.0068351 0.00821897 0.00985219 0.0117226 0.0137644 0.0158862 0.0179867 0.0198448 0.0212611 0.0220199 0.0219213 0.0207584 0.0184739 0.0150338 0.0105238 0.00514783 -0.000810575 -0.00703242 -0.0131266 -0.0187063 -0.0234981 -0.0272345 -0.0297873 -0.0311146 -0.0312774 -0.0303865 -0.028651 -0.0262535 -0.0234216 -0.0204257 -0.0174231 -0.0145695 -0.0119691 -0.00968252 -0.00771091 -0.00608137 -0.00475116 -0.0036822 -0.00286008 -0.00221565 -0.00174846 -0.00140857 -0.00116802 -0.00100889 -0.000898881 -0.000822745 -0.000775071 -0.000749819 -0.000724695 -0.000726127 -0.000718326 -0.000710138 -0.000716639 -0.000700496 -0.00070305 -0.000701176 -0.000693544 -0.000699999 -0.00069309 -0.00069175 -0.000690424 -0.000685304 -0.000685588 -0.000685476 -0.000685898 -0.000686667 -0.000687121 -0.000685729 -0.000685333 -0.000680455 -0.000677183 -0.000676484 -0.00067382 -0.000678231 -0.000679354 
0 2.06803e-06 3.37196e-06 7.55243e-06 1.07228e-05 1.41256e-05 1.95813e-05 2.04542e-05 2.38638e-05 2.76543e-05 2.64629e-05 3.43481e-05 3.5118e-05 3.50004e-05 4.61143e-05 3.96959e-05 4.62529e-05 5.41129e-05 4.56591e-05 6.23432e-05 6.16619e-05 6.13364e-05 7.69855e-05 7.03677e-05 7.92099e-05 8.89496e-05 9.70928e-05 0.000118219 0.000150784 0.000200901 0.000271894 0.000397388 0.000567947 0.000825273 0.00119566 0.0016965 0.00238269 0.00327179 0.00443325 0.00587676 0.00765405 0.00980468 0.0123045 0.0151619 0.0183171 0.0216659 0.0250314 0.0282528 0.0310701 0.0332234 0.0344974 0.0346538 0.0335585 0.0311139 0.0273439 0.0223586 0.0164145 0.00980153 0.00290023 -0.00386704 -0.010147 -0.01559 -0.0199467 -0.0230645 -0.0249458 -0.0256225 -0.0252728 -0.0240895 -0.0222865 -0.0200982 -0.0177676 -0.0154572 -0.0132642 -0.0112927 -0.00956529 -0.00810831 -0.00691023 -0.00595445 -0.00514671 -0.00449295 -0.00397919 -0.00357605 -0.00320916 -0.00289925 -0.00263865 -0.00241813 -0.00221194 -0.00202773 -0.00184994 -0.00168951 -0.00155286 -0.00142125 -0.00127598 -0.00114363 -0.0010426 -0.000932965 -0.000802072 -0.000685824 -0.000600985 -0.000496606 -0.000370298 -0.000261362 -0.000177986 -6.79621e-05 6.14927e-05 0.000173177 0.000269801 0.000394581 0.00053579 0.000665265 0.000794279 0.00094518 0.00111313 0.00128736 0.00148017 0.00168451 0.00192087 0.00220204 0.00253637 0.00289732 0.00334881 0.00392638 0.00464741 0.00549824 0.00656905 0.00788565 0.00947063 0.0113051 0.0133853 0.0156196 0.0179304 0.0201741 0.0221309 0.0235625 0.024255 0.0240018 0.0226044 0.0199962 0.0161424 0.011153 0.00523673 -0.00127688 -0.00805836 -0.0146868 -0.0207752 -0.0260043 -0.0301024 -0.0329234 -0.034411 -0.0346302 -0.033692 -0.0318295 -0.0292367 -0.0261693 -0.0228912 -0.0195884 -0.0164294 -0.0135333 -0.0109853 -0.00877531 -0.00693423 -0.00542658 -0.00421477 -0.00327311 -0.00254414 -0.00201478 -0.00161657 -0.00133917 -0.00115274 -0.0010201 -0.000937827 -0.000885797 -0.000854897 -0.000825338 -0.000820094 -0.000806788 -0.000793513 -0.000802592 -0.000786983 -0.000789071 -0.000792023 -0.000779366 -0.000786 -0.000781012 -0.00077726 -0.000780495 -0.000776376 -0.000775652 -0.000774289 -0.000772602 -0.000769442 -0.000767251 -0.000765767 -0.000764318 -0.000767823 -0.000767656 -0.000767791 -0.000769586 -0.000765031 -0.000763901 
0 2.50971e-06 8.09403e-06 8.50048e-06 1.31524e-05 1.72241e-05 1.63209e-05 2.50311e-05 2.5012e-05 2.64629e-05 3.7923e-05 3.04749e-05 3.99135e-05 4.76715e-05 3.80275e-05 5.74756e-05 5.15596e-05 4.92851e-05 6.86514e-05 5.39934e-05 6.83341e-05 7.76489e-05 7.10066e-05 8.78523e-05 8.92374e-05 9.78413e-05 0.000110635 0.000140593 0.00017433 0.00022866 0.000334586 0.000451869 0.000662748 0.000964298 0.00137317 0.00195584 0.00272712 0.00373955 0.00501584 0.00665091 0.00863375 0.0109986 0.0137798 0.016911 0.0203493 0.0239639 0.0276275 0.0310621 0.0340379 0.0363169 0.0376376 0.0377691 0.0365182 0.0338611 0.0297771 0.0244316 0.0180434 0.01097 0.00358908 -0.00368705 -0.010456 -0.0163801 -0.0211514 -0.0246514 -0.0268115 -0.0277318 -0.0275246 -0.0264163 -0.0245949 -0.0223318 -0.0198642 -0.0173814 -0.0150074 -0.0128235 -0.0108999 -0.00924655 -0.00789785 -0.00678196 -0.00586603 -0.00509806 -0.00451228 -0.00402805 -0.00362375 -0.00325679 -0.00296469 -0.00270363 -0.00248251 -0.00226482 -0.00206913 -0.00188523 -0.00173593 -0.00158185 -0.00142357 -0.00127566 -0.00116032 -0.00103467 -0.000892679 -0.000764202 -0.000663832 -0.000546842 -0.000409971 -0.00028889 -0.000189895 -6.79651e-05 7.24762e-05 0.000199228 0.000310363 0.00044921 0.000603188 0.000753902 0.000895602 0.00106684 0.00125197 0.00145786 0.00166435 0.00190358 0.00216851 0.00250209 0.00286811 0.00330021 0.00381456 0.0044951 0.00531134 0.00630973 0.0075174 0.00901884 0.0107904 0.0128384 0.0151009 0.0175199 0.0199833 0.0223317 0.0243366 0.0257341 0.0263206 0.0258619 0.0242187 0.0212597 0.0170168 0.0115624 0.00516906 -0.00185961 -0.00912201 -0.0162198 -0.0227607 -0.0283799 -0.0328126 -0.0358606 -0.0375239 -0.0378043 -0.0368541 -0.0348611 -0.0321174 -0.0288624 -0.025314 -0.0217316 -0.0182875 -0.0151318 -0.0122947 -0.00986905 -0.0078235 -0.00612644 -0.00477615 -0.00371549 -0.00290795 -0.00228223 -0.00185011 -0.00152525 -0.00129299 -0.00115817 -0.00105202 -0.000991425 -0.000950179 -0.000929185 -0.000903564 -0.000894092 -0.000897193 -0.000874786 -0.00088821 -0.000881446 -0.00086832 -0.000882005 -0.000865662 -0.000866997 -0.000870998 -0.000861057 -0.000865316 -0.000862201 -0.000857866 -0.000856195 -0.00085717 -0.000855241 -0.000853266 -0.000856968 -0.000850212 -0.000852303 -0.000853424 -0.000846159 -0.000853451 -0.000849349 
0 6.062e-06 6.76849e-06 1.40023e-05 1.49673e-05 1.55437e-05 2.38085e-05 2.0155e-05 2.84028e-05 3.43481e-05 3.04749e-05 4.52806e-05 4.09417e-05 4.44419e-05 5.55591e-05 4.72822e-05 6.22335e-05 6.52282e-05 6.52038e-05 7.609e-05 7.26482e-05 7.5811e-05 7.85836e-05 8.94132e-05 9.54741e-05 0.000112861 0.000139886 0.000152242 0.000205541 0.000271288 0.000365435 0.00054126 0.000775158 0.00110471 0.00158316 0.00222906 0.00308157 0.00422049 0.00566729 0.00744898 0.00963606 0.0122408 0.0152587 0.0186672 0.0223871 0.02627 0.0301232 0.0337469 0.0368984 0.0392643 0.0405756 0.0406373 0.0392852 0.036409 0.0320482 0.0263661 0.0196173 0.0121547 0.00435801 -0.00334944 -0.0105614 -0.0168982 -0.0220887 -0.0259451 -0.0284273 -0.0296029 -0.0296007 -0.0286029 -0.0268267 -0.0245376 -0.0219699 -0.0193514 -0.0168035 -0.014435 -0.0123003 -0.0104723 -0.00893847 -0.00767424 -0.0066182 -0.0057554 -0.00506289 -0.00450931 -0.0040427 -0.00363522 -0.00329161 -0.00300084 -0.00274955 -0.00250652 -0.00228648 -0.00208506 -0.00191503 -0.0017384 -0.00157026 -0.00140726 -0.00127435 -0.00112763 -0.000983383 -0.000839096 -0.000722461 -0.000586219 -0.000449752 -0.000311132 -0.000196059 -5.68115e-05 8.48627e-05 0.000231208 0.00035921 0.000513948 0.000675771 0.000848179 0.00100889 0.00119693 0.00140331 0.00163396 0.00186652 0.00213158 0.00244247 0.0028134 0.00323237 0.00372377 0.00433389 0.00509892 0.00604042 0.00717326 0.00855441 0.01022 0.0121981 0.014432 0.0168782 0.0194453 0.0220353 0.024439 0.0264364 0.0277589 0.02818 0.0274959 0.0255607 0.0222691 0.0176213 0.0117609 0.00492564 -0.00253419 -0.0102269 -0.0177278 -0.0246439 -0.0305997 -0.0353281 -0.0386337 -0.0404225 -0.0407632 -0.0398259 -0.0377987 -0.0349054 -0.0314434 -0.0276911 -0.0238744 -0.0201698 -0.0167269 -0.0136557 -0.0109846 -0.00872068 -0.00687574 -0.00538107 -0.00418407 -0.00327323 -0.00258941 -0.00207276 -0.001716 -0.00147356 -0.00128397 -0.00117327 -0.00109866 -0.00104011 -0.0010202 -0.00100248 -0.000992038 -0.000983034 -0.000979568 -0.00097039 -0.000962974 -0.000969235 -0.000957077 -0.000961253 -0.00096031 -0.000948518 -0.000953765 -0.000945041 -0.000944996 -0.000947675 -0.000943894 -0.000945592 -0.000944131 -0.000944254 -0.000938811 -0.000939271 -0.000935702 -0.00093138 -0.00093725 -0.000931478 -0.00093679 
0 -3.45236e-08 6.72429e-06 6.13447e-06 1.45899e-05 2.05843e-05 2.35715e-05 3.17673e-05 3.25229e-05 3.5118e-05 3.99135e-05 4.09417e-05 4.60494e-05 5.30137e-05 5.29284e-05 6.11065e-05 6.44431e-05 6.11898e-05 7.4554e-05 7.20816e-05 8.1184e-05 9.62397e-05 9.21727e-05 0.000109147 0.000110368 0.000117936 0.000143543 0.000170684 0.000230001 0.000310657 0.00043478 0.000615071 0.000883129 0.00126667 0.00180566 0.00253708 0.00349422 0.00475039 0.00631693 0.00828676 0.0106846 0.0135066 0.0167804 0.0204372 0.0243862 0.0284926 0.0325819 0.0363591 0.0395891 0.0420004 0.0433181 0.0433248 0.0418164 0.0387414 0.034143 0.0281968 0.0211324 0.0133461 0.00521327 -0.00285786 -0.0104391 -0.0171612 -0.0227274 -0.0269541 -0.0297602 -0.0312397 -0.0314715 -0.0306443 -0.0289647 -0.026704 -0.0240844 -0.0213564 -0.0186659 -0.0161138 -0.0137924 -0.0117719 -0.0100603 -0.00861722 -0.00743043 -0.00644623 -0.00565317 -0.00500343 -0.00448072 -0.00401542 -0.00362872 -0.00329448 -0.00301518 -0.00273865 -0.0025 -0.00227735 -0.00208342 -0.00188242 -0.001706 -0.00153032 -0.00137259 -0.00120723 -0.00105935 -0.000904645 -0.000762348 -0.000611558 -0.000473032 -0.000322775 -0.000182024 -3.03431e-05 0.000114169 0.000275711 0.000428395 0.000596341 0.000764861 0.00095791 0.00114144 0.00134869 0.00157101 0.00183076 0.00208731 0.00238907 0.00273735 0.00315847 0.00362269 0.00419588 0.00489428 0.00576723 0.00682223 0.00811735 0.00966363 0.0115136 0.0136737 0.0160965 0.0186956 0.0213926 0.024062 0.0264747 0.028411 0.0296021 0.0298244 0.0288677 0.0266314 0.0229873 0.0179744 0.0117299 0.00452145 -0.00331444 -0.0113488 -0.0191798 -0.0264244 -0.0326704 -0.0376451 -0.0411473 -0.0431116 -0.0435497 -0.0426291 -0.0405384 -0.0375711 -0.0339982 -0.0300429 -0.0259885 -0.0220437 -0.018362 -0.0150351 -0.0121522 -0.00968198 -0.00763395 -0.00598839 -0.00467359 -0.00366941 -0.00289924 -0.00233077 -0.00191649 -0.00162602 -0.00142771 -0.00130041 -0.0012178 -0.0011564 -0.00112878 -0.00109222 -0.00107887 -0.00107339 -0.00105675 -0.00106505 -0.00105553 -0.00105009 -0.00105189 -0.00104175 -0.00104281 -0.00104332 -0.00104041 -0.00104077 -0.00103928 -0.00103341 -0.00103268 -0.00102659 -0.00102151 -0.00102511 -0.00102033 -0.00102639 -0.00102819 -0.00102535 -0.00103051 -0.00102145 -0.00102158 
0 3.799e-06 1.6684e-05 1.26052e-05 1.97166e-05 2.26457e-05 1.84992e-05 3.02019e-05 3.00149e-05 3.50004e-05 4.76715e-05 4.44419e-05 5.30137e-05 5.94348e-05 5.45742e-05 6.92292e-05 6.99581e-05 7.01343e-05 8.74818e-05 7.8983e-05 8.71658e-05 9.62662e-05 9.02763e-05 0.000111086 0.000120098 0.00013843 0.000169158 0.0002039 0.000264782 0.000353118 0.000498942 0.000705889 0.00101532 0.00144669 0.00204273 0.00284955 0.00390776 0.00529693 0.00702026 0.00917195 0.0117676 0.0148067 0.0183197 0.0222199 0.0264044 0.0307089 0.034951 0.0388409 0.042147 0.0445784 0.0458441 0.0457537 0.0441066 0.0408588 0.0360505 0.0298733 0.0225688 0.0145345 0.00613993 -0.00222059 -0.0101032 -0.0171541 -0.0230643 -0.0276465 -0.0307954 -0.0325983 -0.0331062 -0.0324955 -0.0309723 -0.0287904 -0.0261727 -0.0233728 -0.0205658 -0.017851 -0.0153569 -0.0131486 -0.0112507 -0.00962529 -0.0082951 -0.00718497 -0.00627913 -0.00552985 -0.00493615 -0.00441364 -0.00397781 -0.00360161 -0.00328358 -0.00297727 -0.0027166 -0.00247576 -0.00225056 -0.00202892 -0.00184112 -0.00165572 -0.001468 -0.00128705 -0.00113246 -0.000970086 -0.000798157 -0.000635403 -0.000491854 -0.00033283 -0.00016257 -8.90058e-07 0.000149325 0.000322601 0.000504786 0.000683575 0.000861619 0.00107095 0.00128435 0.0015088 0.00175035 0.00203465 0.00232574 0.00266397 0.00305579 0.00352572 0.00405037 0.0047097 0.00550983 0.00649623 0.00767998 0.00914286 0.0108678 0.0129031 0.0152387 0.0178344 0.0205687 0.023365 0.0260669 0.0284412 0.0302589 0.0312697 0.0312461 0.0299902 0.0274243 0.0234297 0.0180668 0.011481 0.00395602 -0.00418734 -0.0125034 -0.0206 -0.028093 -0.0345795 -0.0397784 -0.0434695 -0.0455761 -0.0461084 -0.0452488 -0.0431581 -0.0401256 -0.0364334 -0.0323251 -0.0280857 -0.0239236 -0.0200072 -0.0164372 -0.0133308 -0.0106628 -0.00844309 -0.00664974 -0.00520389 -0.0040897 -0.00323031 -0.00259989 -0.00213821 -0.00180919 -0.00158287 -0.00142537 -0.00132311 -0.00125171 -0.00122061 -0.00118698 -0.00117515 -0.00117166 -0.00114895 -0.00115597 -0.00114592 -0.00113697 -0.00114608 -0.00113332 -0.00113254 -0.00113284 -0.00112132 -0.00112284 -0.00111964 -0.00111356 -0.00112073 -0.00111869 -0.00111776 -0.00112142 -0.00111224 -0.00111171 -0.00110747 -0.00110173 -0.00110651 -0.00110332 -0.00110919 
0 5.47036e-06 2.79579e-06 1.40181e-05 1.70723e-05 1.98495e-05 3.41993e-05 2.99943e-05 3.85404e-05 4.61143e-05 3.80275e-05 5.55591e-05 5.29284e-05 5.45742e-05 7.34278e-05 6.1967e-05 7.58593e-05 8.3893e-05 7.82135e-05 9.62176e-05 9.66811e-05 0.000102454 0.00011161 0.00012141 0.000131005 0.000147801 0.000188635 0.000217495 0.000298531 0.000412028 0.00055634 0.00081604 0.00115627 0.00163735 0.00231114 0.00320532 0.00437122 0.00587306 0.00777579 0.0100832 0.012879 0.0161517 0.0198774 0.0239972 0.0283823 0.032884 0.0372282 0.0412095 0.0445543 0.0469665 0.048162 0.0479497 0.0461831 0.0427589 0.0377867 0.0314147 0.0239491 0.0157259 0.00713742 -0.00143295 -0.00956069 -0.016877 -0.0231124 -0.0280207 -0.0315424 -0.0336733 -0.0345085 -0.0341511 -0.0328468 -0.0307912 -0.0282312 -0.0254025 -0.0225003 -0.0196546 -0.0169913 -0.0146107 -0.0125058 -0.0107083 -0.00920346 -0.00797184 -0.0069263 -0.00608487 -0.00538915 -0.00481737 -0.00431457 -0.00390424 -0.00352841 -0.00320129 -0.00290768 -0.00265353 -0.00238856 -0.00215228 -0.00194602 -0.00175239 -0.00153314 -0.00133916 -0.00117307 -0.00100265 -0.000803058 -0.000628767 -0.000476384 -0.000308317 -0.000110954 6.07154e-05 0.000220775 0.000403925 0.000615777 0.000804002 0.000997153 0.00121694 0.00146624 0.00170338 0.0019723 0.00227092 0.00261186 0.00297845 0.00342728 0.00393453 0.00454594 0.0052819 0.00620603 0.00729694 0.00863797 0.0102551 0.012179 0.0143827 0.0168933 0.0196278 0.0224811 0.0253333 0.0280176 0.0303021 0.0319418 0.0327295 0.0324075 0.0308418 0.0279118 0.0235902 0.0178892 0.011023 0.00322974 -0.00513485 -0.0136659 -0.0219642 -0.0296327 -0.0363124 -0.0416822 -0.045564 -0.0477972 -0.0484516 -0.0476621 -0.0456197 -0.042558 -0.0387778 -0.0345749 -0.030165 -0.0258069 -0.0216617 -0.0178953 -0.0145537 -0.0116788 -0.00929466 -0.00732701 -0.00575361 -0.00452423 -0.00359253 -0.00287262 -0.0023615 -0.00200379 -0.00172548 -0.00156593 -0.00144751 -0.00136481 -0.00132398 -0.00129039 -0.00126978 -0.00125224 -0.00125191 -0.00123553 -0.00123236 -0.0012373 -0.00121757 -0.00122754 -0.00122105 -0.00121049 -0.001221 -0.00121032 -0.00121244 -0.00121203 -0.00120332 -0.00120378 -0.00119848 -0.00119763 -0.00119633 -0.00119811 -0.0011985 -0.00119698 -0.00119987 -0.00119366 -0.00119406 
0 7.44518e-07 1.52058e-05 9.98772e-06 1.94843e-05 2.86398e-05 2.26049e-05 4.0081e-05 3.86804e-05 3.96959e-05 5.74756e-05 4.72822e-05 6.11065e-05 6.92292e-05 6.1967e-05 8.20712e-05 7.90451e-05 8.26198e-05 9.4643e-05 9.26158e-05 0.000102631 0.000111823 0.000123258 0.00012895 0.000150282 0.00016934 0.000192136 0.000261657 0.00033262 0.000459576 0.000656899 0.000916869 0.00130649 0.00185084 0.00259385 0.00357314 0.00486863 0.00650659 0.00853602 0.0110483 0.0140405 0.0175227 0.0214663 0.0257973 0.0303531 0.0349708 0.0394495 0.0434843 0.0468008 0.0491367 0.0502638 0.0499375 0.0480032 0.0444339 0.039318 0.0328339 0.0252422 0.0169075 0.00819388 -0.000506029 -0.00880545 -0.0163465 -0.0228433 -0.0280808 -0.0319525 -0.0344526 -0.0356212 -0.0355851 -0.0345311 -0.0326698 -0.0302157 -0.0274083 -0.0244472 -0.0214939 -0.0186925 -0.016131 -0.0138401 -0.0118477 -0.0101794 -0.00878903 -0.00762214 -0.00665435 -0.00586827 -0.00521454 -0.00466402 -0.0041915 -0.00377366 -0.0034049 -0.00309225 -0.00280463 -0.00251536 -0.00225231 -0.00203398 -0.00181856 -0.00158098 -0.0013668 -0.00119034 -0.00100307 -0.000787314 -0.000596088 -0.000434101 -0.000250422 -3.74284e-05 0.00015083 0.000320024 0.000520138 0.000748595 0.000956914 0.00115953 0.0014004 0.00167034 0.00193737 0.00222039 0.00255114 0.00292614 0.00334681 0.00383299 0.00440656 0.00509246 0.00593906 0.00696758 0.00819977 0.00968705 0.0114863 0.0135885 0.0159769 0.0186336 0.0214933 0.0244302 0.0272998 0.0299171 0.0320494 0.0334745 0.0339713 0.0333359 0.031413 0.0281314 0.023464 0.0174816 0.0103615 0.00236756 -0.00615847 -0.0148303 -0.0232549 -0.0310645 -0.0378753 -0.0433887 -0.0473971 -0.0498052 -0.0505996 -0.0498842 -0.0478851 -0.0448606 -0.0410678 -0.0367446 -0.0322017 -0.0276756 -0.0233437 -0.0193545 -0.0158124 -0.0127522 -0.0101538 -0.00804135 -0.00634247 -0.0049968 -0.00396212 -0.00318526 -0.0026065 -0.00218144 -0.00190809 -0.00170096 -0.00156581 -0.00148911 -0.00141924 -0.00138496 -0.00136244 -0.00134764 -0.001335 -0.00133369 -0.00132765 -0.00131354 -0.00132235 -0.00130716 -0.00130681 -0.00131428 -0.00129589 -0.00130483 -0.00129876 -0.00128982 -0.00129754 -0.00128664 -0.00128825 -0.00128914 -0.00128308 -0.00128671 -0.00128364 -0.00128216 -0.00128323 -0.0012803 -0.00128045 
0 1.02637e-05 9.44675e-06 2.28998e-05 2.10887e-05 2.46493e-05 3.25141e-05 2.99387e-05 4.16003e-05 4.62529e-05 5.15596e-05 6.22335e-05 6.44431e-05 6.99581e-05 7.58593e-05 7.90451e-05 8.50709e-05 9.4175e-05 9.71004e-05 0.000106897 0.000113251 0.000113767 0.000127991 0.000135015 0.000157278 0.00018889 0.000228215 0.000294908 0.000380572 0.00052515 0.000732605 0.00104022 0.0014847 0.00208519 0.00290075 0.00397917 0.00537861 0.0071496 0.00937381 0.0120578 0.0152361 0.0189323 0.0230691 0.0275797 0.0323103 0.0370597 0.0415655 0.0456012 0.0488952 0.0511643 0.0521554 0.0516592 0.0495951 0.0459049 0.0406789 0.0340966 0.0264606 0.0180771 0.00931394 0.00054881 -0.00785867 -0.0155559 -0.0222805 -0.0278097 -0.0320423 -0.0349024 -0.0364483 -0.0367579 -0.036013 -0.0343877 -0.0321024 -0.0293612 -0.0263816 -0.0233572 -0.0204322 -0.017709 -0.0152272 -0.0130534 -0.0111944 -0.00964809 -0.00833431 -0.00724731 -0.00634062 -0.00561165 -0.00498921 -0.00446293 -0.00398485 -0.00358568 -0.00323458 -0.00292037 -0.0025988 -0.00231932 -0.002073 -0.00184008 -0.00158238 -0.00135557 -0.00115527 -0.000954158 -0.000723586 -0.000520845 -0.000336938 -0.000141226 8.54946e-05 0.000285508 0.000476543 0.000687771 0.000932974 0.0011554 0.00138182 0.00163459 0.0019306 0.00221903 0.00253295 0.00288431 0.00330831 0.00377289 0.00431706 0.00494754 0.00573529 0.00668378 0.00784003 0.00920734 0.010869 0.0128372 0.0151261 0.0176796 0.0204743 0.0234233 0.02641 0.0292516 0.0317431 0.0336761 0.0348266 0.0350007 0.0340009 0.0317198 0.028066 0.0230813 0.0168343 0.0095227 0.00138434 -0.00723508 -0.0159888 -0.0244849 -0.0323458 -0.0392496 -0.0448857 -0.0490313 -0.0515525 -0.0524899 -0.0519178 -0.0500259 -0.0470248 -0.0432037 -0.0388564 -0.034222 -0.0295396 -0.0250232 -0.0208486 -0.017087 -0.0138376 -0.0110871 -0.00879906 -0.00695401 -0.00549078 -0.00435877 -0.00349898 -0.00287086 -0.00240368 -0.00207561 -0.00184528 -0.00168718 -0.00159164 -0.00152238 -0.00149 -0.00146062 -0.00144091 -0.00143297 -0.00141712 -0.00141527 -0.00141211 -0.00140654 -0.00140435 -0.00139957 -0.00139219 -0.00139015 -0.00138522 -0.00137924 -0.00138467 -0.00137859 -0.00138118 -0.00138321 -0.00137351 -0.00137894 -0.00136895 -0.00136637 -0.00136952 -0.00136014 -0.00137005 -0.0013667 
0 7.96489e-06 -3.0341e-06 1.89922e-05 1.69819e-05 2.49971e-05 4.4808e-05 3.65885e-05 5.29497e-05 5.41129e-05 4.92851e-05 6.52282e-05 6.11898e-05 7.01343e-05 8.3893e-05 8.26198e-05 9.4175e-05 0.000100556 0.000100463 0.000113868 0.000119594 0.000127943 0.000146211 0.000154566 0.000175724 0.000201755 0.000243736 0.000318554 0.000424963 0.000597438 0.000836959 0.00118119 0.00166943 0.00233596 0.00323448 0.00442356 0.00595014 0.00785652 0.0102378 0.0130936 0.0164708 0.0203726 0.0246991 0.0293735 0.0342236 0.039052 0.0436026 0.0476342 0.0508397 0.0529786 0.0538349 0.0531913 0.0509813 0.0471644 0.0418594 0.0352455 0.0276135 0.0192366 0.010488 0.00172896 -0.00672165 -0.0145212 -0.0214264 -0.0272212 -0.0317947 -0.0350242 -0.0369636 -0.0376564 -0.037257 -0.035921 -0.0338534 -0.0312308 -0.0282774 -0.025218 -0.0221918 -0.0193197 -0.0166598 -0.014302 -0.0122462 -0.0105263 -0.00905872 -0.00783577 -0.00680203 -0.00598004 -0.00527908 -0.0046851 -0.00414968 -0.00371041 -0.00331722 -0.00296626 -0.00262013 -0.00231912 -0.00204188 -0.00178357 -0.00151467 -0.00127165 -0.0010446 -0.000823509 -0.000587212 -0.00036956 -0.00016089 5.17144e-05 0.000282757 0.000498471 0.000713877 0.00094053 0.00119259 0.00143398 0.00168608 0.0019557 0.00226814 0.00258418 0.00293027 0.0033101 0.00377693 0.00429456 0.00489899 0.00560024 0.00649195 0.00755517 0.00884144 0.0103579 0.0121973 0.0143375 0.016799 0.0195048 0.0224146 0.0254193 0.0284104 0.0311713 0.0334844 0.0351602 0.0359923 0.0357993 0.03441 0.0317505 0.0277339 0.0224485 0.0159792 0.00852263 0.000298133 -0.00834812 -0.01711 -0.025618 -0.0334943 -0.0404348 -0.0461393 -0.0504015 -0.0530752 -0.0541723 -0.0537267 -0.0519528 -0.0490549 -0.0452735 -0.0408987 -0.0361834 -0.0313842 -0.026717 -0.0223727 -0.0184181 -0.0149688 -0.0120317 -0.00957499 -0.00759645 -0.00601512 -0.0047802 -0.00383338 -0.00313152 -0.00261374 -0.00225168 -0.00200273 -0.00182817 -0.00171802 -0.00163428 -0.00158844 -0.00155493 -0.00153101 -0.00152714 -0.00151066 -0.00150431 -0.0015019 -0.0014874 -0.00148869 -0.00148665 -0.00147694 -0.00148755 -0.0014813 -0.00147467 -0.00148143 -0.0014623 -0.00146412 -0.00146258 -0.00144991 -0.00146501 -0.00145599 -0.00145983 -0.00146749 -0.00145278 -0.00146319 -0.001452 
