0 0 0 0 0 0 0 0 0 0 0 0 0 0 0 0 0 0 0 0 0 0 0 0 0 0 0 0 0 0 0 0 0 0 0 0 0 0 0 0 0 0 0 0 0 0 0 0 0 0 0 0 0 0 0 0 0 0 0 0 0 0 0 0 0 0 0 0 0 0 0 0 0 0 0 0 0 0 0 0 0 0 0 0 0 0 0 0 0 0 0 0 0 0 0 0 0 0 0 0 0 0 0 0 0 0 0 0 0 0 0 0 0 0 0 0 0 0 0 0 0 0 0 0 0 0 0 0 0 0 0 0 0 0 0 0 0 0 0 0 0 0 0 0 0 0 0 0 0 0 0 0 0 0 0 0 0 0 0 0 0 0 0 0 0 0 0 0 0 0 0 0 0 0 0 0 0 0 0 0 0 0 0 0 0 0 0 0 0 0 0 0 0 0 0 0 0 0 0 0 
0 -3.68457e-06 9.10686e-06 3.88009e-06 8.76706e-07 9.70116e-06 -3.19002e-06 5.13716e-07 9.79072e-06 -2.39178e-06 1.30293e-05 1.38107e-05 2.17357e-06 1.77153e-05 6.88072e-06 5.12913e-06 1.74903e-05 9.58795e-06 1.27394e-05 1.45091e-05 1.3461e-05 8.05254e-06 1.70104e-05 2.51068e-05 1.30641e-05 3.08449e-05 2.12092e-05 1.04085e-05 2.53135e-05 1.7717e-05 2.79907e-05 2.1254e-05 2.43009e-05 2.68356e-05 1.47503e-05 3.79334e-05 3.90673e-05 3.22964e-05 2.12432e-05 3.82827e-05 4.80462e-05 2.79267e-05 4.02434e-05 3.31966e-05 4.15476e-05 4.16837e-05 3.95205e-05 4.20537e-05 4.40213e-05 5.59183e-05 4.42104e-05 6.43304e-05 6.71733e-05 7.81497e-05 9.79015e-05 0.000127027 0.000164484 0.00021343 0.000303575 0.000392194 0.000531274 0.000699946 0.000917514 0.00116751 0.00148727 0.00185891 0.00227153 0.00273955 0.00322853 0.00371399 0.00414151 0.00451443 0.00475378 0.0048517 0.00477083 0.00452058 0.00405155 0.0033928 0.00257249 0.00164467 0.000654374 -0.000320448 -0.00121244 -0.00199488 -0.0026289 -0.00308091 -0.00331548 -0.00337605 -0.00328531 -0.00308848 -0.00278874 -0.00244715 -0.00207863 -0.00172958 -0.00139163 -0.00110151 -0.000835289 -0.000608383 -0.000391904 -0.000211262 -3.19078e-05 0.000141405 0.000345847 0.000557278 0.000804223 0.00107262 0.00139032 0.00172377 0.00208501 0.00243229 0.00275521 0.00299116 0.00313641 0.00314667 0.00300061 0.00264295 0.00209838 0.00139292 0.00056747 -0.000361272 -0.00133018 -0.00226534 -0.00311368 -0.00382372 -0.0043572 -0.00467787 -0.00482513 -0.00479305 -0.00461273 -0.00428671 -0.0038941 -0.00343217 -0.00295542 -0.00248475 -0.00206768 -0.00168465 -0.00135336 -0.00108744 -0.000860925 -0.000679268 -0.000529539 -0.000432926 -0.000335567 -0.00028093 -0.000237208 -0.000209193 -0.000183422 -0.000174927 -0.00017106 -0.000152179 -0.00016282 -0.000153406 -0.000155214 -0.000147242 -0.000151401 -0.000148366 -0.000147348 -0.000149557 -0.000126517 -0.00014661 -0.000146991 -0.000135098 -0.000123835 -0.000132704 -0.000145471 -0.000128662 -0.000136004 -0.000127588 -0.00013295 -0.000132592 -0.000129366 -0.000143728 -0.000119403 -0.000123757 -0.00012924 -0.000118598 -0.000126848 -0.000127129 -0.000124927 -0.000116535 -0.000126607 -0.000123813 -0.000117061 -0.000135877 -0.000118644 -0.000118043 -0.000126746 -0.000107098 -0.000119887 -0.000121747 -0.000114371 -0.000127987 -0.000120832 -0.000118019 -0.000122165 -0.00011369 -0.000115621 -0.000118746 -0.00011475 -0.000118553 
0 9.10686e-06 -1.52906e-05 1.02505e-05 2.41271e-06 -2.3328e-06 2.65268e-05 5.34112e-06 1.45945e-05 2.2396e-05 -4.4224e-07 1.79422e-05 1.4393e-05 1.1668e-05 2.73559e-05 2.03564e-05 2.44615e-05 2.29397e-05 2.58034e-05 3.10858e-05 2.75955e-05 4.17485e-05 3.29874e-05 2.36186e-05 3.65822e-05 2.94558e-05 3.13144e-05 5.3495e-05 5.01348e-05 3.69897e-05 5.09717e-05 5.40639e-05 4.42383e-05 6.30989e-05 6.90335e-05 4.32384e-05 4.7194e-05 6.55737e-05 6.88354e-05 6.7608e-05 5.4582e-05 6.85065e-05 8.57604e-05 7.98641e-05 7.54458e-05 8.69145e-05 9.71362e-05 8.57086e-05 0.000102673 0.000102672 0.000103578 0.000121361 0.000134397 0.000153774 0.000186494 0.000254713 0.000314319 0.00043421 0.000591389 0.000793261 0.0010572 0.00140742 0.00183814 0.00234356 0.00298811 0.00371974 0.00456119 0.00547576 0.00646659 0.00741091 0.00828192 0.00900041 0.00948935 0.00966985 0.009516 0.0090061 0.00807358 0.00676658 0.00513098 0.0032944 0.00131718 -0.000606761 -0.00239974 -0.0039427 -0.00522298 -0.00610669 -0.00660303 -0.00671469 -0.00656151 -0.00615552 -0.0055855 -0.00489212 -0.00418013 -0.003467 -0.00281154 -0.00221358 -0.00169676 -0.00122411 -0.000806597 -0.000425628 -7.92124e-05 0.000287302 0.000681154 0.00112287 0.00160207 0.00215713 0.00277347 0.00345636 0.0041561 0.00486213 0.00547969 0.00596456 0.00622841 0.0062595 0.00593912 0.00524338 0.00414104 0.00275378 0.00109198 -0.000737951 -0.00267364 -0.00452012 -0.00621306 -0.00761608 -0.00867718 -0.00932081 -0.00960896 -0.00955383 -0.00918328 -0.0085549 -0.00775467 -0.00685625 -0.0058899 -0.00497445 -0.00412307 -0.00337573 -0.00270666 -0.00217951 -0.00172802 -0.00136158 -0.00107563 -0.000863622 -0.000692674 -0.000561901 -0.00049294 -0.000419839 -0.000380395 -0.000353331 -0.000340553 -0.000315888 -0.000314332 -0.000310111 -0.000290565 -0.000301344 -0.000296559 -0.000284166 -0.000278215 -0.000293835 -0.000290458 -0.000276829 -0.000273729 -0.000274533 -0.000294454 -0.000280163 -0.000254602 -0.00026826 -0.000275224 -0.000259051 -0.000262128 -0.000265816 -0.000244927 -0.000246914 -0.000265106 -0.000256252 -0.000254223 -0.00026119 -0.00024678 -0.00024692 -0.000251333 -0.000249086 -0.000249659 -0.000240999 -0.000245227 -0.000235131 -0.000234108 -0.000251641 -0.000236027 -0.000249072 -0.000252351 -0.000228718 -0.000246211 -0.000232106 -0.000225177 -0.000246373 -0.000228891 -0.000240711 -0.000247019 -0.000229657 -0.000245827 -0.000233793 
0 3.88009e-06 1.02505e-05 9.71138e-06 6.89662e-06 1.39744e-05 6.91376e-06 7.54597e-06 2.01441e-05 1.23028e-05 2.53129e-05 3.17829e-05 2.00931e-05 3.49488e-05 2.83127e-05 2.51179e-05 4.02612e-05 3.43596e-05 3.80463e-05 4.27263e-05 4.12787e-05 3.92373e-05 5.00507e-05 5.88703e-05 5.18752e-05 6.93752e-05 5.98611e-05 5.27084e-05 6.75803e-05 6.09003e-05 7.59051e-05 7.0781e-05 7.30106e-05 8.03141e-05 7.11931e-05 9.41286e-05 0.000100997 9.60175e-05 8.51049e-05 0.000106766 0.000117377 0.00010009 0.000116055 0.000109802 0.000119953 0.000125727 0.000126642 0.000129535 0.000140296 0.000156846 0.000150997 0.00018501 0.000204514 0.000238213 0.000296107 0.000383793 0.000496307 0.000660181 0.000907558 0.00120102 0.0016084 0.00212376 0.00276874 0.00353651 0.0044868 0.00559103 0.00683406 0.00821314 0.00966114 0.0110807 0.0123594 0.0134317 0.0141417 0.0144165 0.0141808 0.0134118 0.0120294 0.0100869 0.00767284 0.00493612 0.00202447 -0.000845028 -0.00349639 -0.00581443 -0.00769846 -0.0090392 -0.00977991 -0.0099903 -0.00976112 -0.00918879 -0.00833935 -0.00733765 -0.00626831 -0.00522268 -0.00423047 -0.00334731 -0.00255429 -0.00185385 -0.00121136 -0.000644733 -0.000102351 0.00044341 0.00105072 0.00170556 0.00244289 0.00326413 0.00419912 0.00520278 0.00625657 0.00728076 0.00820147 0.00889312 0.00928884 0.00929246 0.00881017 0.00774448 0.00612247 0.00403332 0.00157309 -0.00116344 -0.00401533 -0.00677171 -0.00927203 -0.011362 -0.012932 -0.0139046 -0.0143393 -0.0142556 -0.0137179 -0.0127841 -0.011609 -0.0102582 -0.0088451 -0.00746504 -0.00620688 -0.00507339 -0.0040882 -0.00328056 -0.00260447 -0.00205598 -0.001618 -0.00130131 -0.0010333 -0.000852224 -0.000724562 -0.000632288 -0.000563548 -0.000528619 -0.000507375 -0.00047283 -0.000477326 -0.000463517 -0.000456533 -0.000447331 -0.000449051 -0.000441227 -0.000436556 -0.000437461 -0.000410393 -0.000427964 -0.000427068 -0.00040899 -0.000397685 -0.000405571 -0.00041331 -0.000397031 -0.000403355 -0.000390404 -0.000395214 -0.000395976 -0.000389184 -0.000401467 -0.00037743 -0.000377197 -0.000381447 -0.000371279 -0.000376526 -0.000376952 -0.000372798 -0.000363262 -0.000373265 -0.000368181 -0.000363739 -0.000380198 -0.000361321 -0.000362293 -0.000365572 -0.000347054 -0.000360035 -0.000358423 -0.00035515 -0.000366729 -0.000358718 -0.000358248 -0.000358396 -0.000351383 -0.000351975 -0.000351772 -0.00035234 -0.00035451 
0 8.76706e-07 2.41271e-06 6.89662e-06 1.10115e-05 1.61026e-05 1.75423e-05 2.03639e-05 2.53108e-05 2.29657e-05 2.76841e-05 3.13071e-05 3.00468e-05 3.88941e-05 4.0133e-05 4.15359e-05 4.87927e-05 4.81764e-05 5.1925e-05 5.70626e-05 5.95482e-05 6.15305e-05 6.57768e-05 6.83593e-05 6.74204e-05 7.66533e-05 7.84207e-05 8.19214e-05 9.06579e-05 8.86444e-05 9.65041e-05 9.84042e-05 0.000102191 0.000110568 0.000108363 0.000114544 0.0001193 0.000123499 0.00012602 0.000134883 0.000140193 0.000139445 0.000153671 0.000155359 0.00016087 0.000170297 0.00017502 0.000181595 0.00019187 0.000205558 0.00021313 0.00024225 0.000274039 0.000319551 0.000397941 0.000510911 0.000668793 0.000894183 0.0012143 0.00162285 0.0021648 0.00285709 0.00371396 0.00475371 0.00601025 0.0074773 0.00913003 0.0109497 0.01285 0.014712 0.0163978 0.017787 0.0187153 0.0190659 0.0187519 0.0177131 0.0158958 0.0133421 0.0101786 0.00658123 0.00277053 -0.00100026 -0.00449707 -0.00756104 -0.0100451 -0.0118268 -0.0128436 -0.0131649 -0.012899 -0.0121695 -0.0110827 -0.00978304 -0.00838901 -0.00700828 -0.00570046 -0.00451828 -0.00345824 -0.00251153 -0.00165292 -0.000878439 -0.000141397 0.000606665 0.0014195 0.0023065 0.00329452 0.00439818 0.00563397 0.0069645 0.00834436 0.00968021 0.0108644 0.0117556 0.0122463 0.0122113 0.0115318 0.0101081 0.00796646 0.00520416 0.00195413 -0.00164582 -0.00538045 -0.00900266 -0.0122806 -0.0150251 -0.0170842 -0.0183874 -0.018963 -0.0188617 -0.018156 -0.0169491 -0.015399 -0.0136272 -0.011772 -0.00995695 -0.00828465 -0.00678229 -0.00548204 -0.00439501 -0.00349682 -0.00276421 -0.00218589 -0.00174686 -0.00140164 -0.00115395 -0.000978357 -0.000854298 -0.000764081 -0.000711872 -0.00067492 -0.000642479 -0.000630627 -0.000615825 -0.000604922 -0.000595962 -0.000592516 -0.000581297 -0.000577328 -0.000576902 -0.000563771 -0.000563946 -0.000559746 -0.000554159 -0.000549204 -0.000547166 -0.000541852 -0.00053385 -0.000535347 -0.000527068 -0.00052605 -0.000521191 -0.000514015 -0.000517235 -0.000509915 -0.000509868 -0.000509806 -0.000503792 -0.000501873 -0.000500221 -0.000498029 -0.000493459 -0.000495418 -0.00049034 -0.000485433 -0.00048908 -0.000481944 -0.000483472 -0.000486077 -0.000480147 -0.000483372 -0.000480336 -0.000476146 -0.000477388 -0.000473913 -0.000473574 -0.000474256 -0.000474404 -0.000475265 -0.000474689 -0.000474363 -0.000471823 
0 9.70116e-06 -2.3328e-06 1.39744e-05 1.61026e-05 7.38519e-06 2.98018e-05 2.56253e-05 2.34443e-05 4.20075e-05 2.80749e-05 3.54219e-05 4.87487e-05 3.76146e-05 5.3724e-05 5.78158e-05 5.2991e-05 6.31975e-05 6.51739e-05 6.92635e-05 7.15484e-05 8.5147e-05 8.19838e-05 7.77049e-05 9.77405e-05 8.47149e-05 9.61479e-05 0.000113521 0.000105878 0.000115395 0.00011361 0.000127611 0.000125439 0.000132668 0.000153103 0.000134778 0.00014269 0.000154632 0.000172487 0.00016608 0.000161321 0.000187084 0.000186055 0.000200182 0.000196919 0.000210298 0.000221731 0.00022685 0.000243575 0.000248455 0.000281083 0.000298661 0.000348874 0.000409788 0.000507521 0.000651938 0.000852824 0.0011494 0.0015337 0.00206895 0.00274078 0.00361342 0.00468106 0.00599456 0.007555 0.00937379 0.0114342 0.0136704 0.016007 0.0182798 0.0203575 0.0220309 0.0231653 0.0235769 0.0231831 0.0218727 0.0196385 0.0165078 0.0126354 0.00823099 0.00357183 -0.00104671 -0.00536043 -0.00913637 -0.0122072 -0.0144185 -0.0157379 -0.0161925 -0.0159298 -0.0150676 -0.0137857 -0.0122113 -0.0105242 -0.0088174 -0.0072106 -0.00572276 -0.00439749 -0.00319149 -0.00211687 -0.00111634 -0.000176362 0.000793353 0.00181284 0.00294587 0.00418478 0.00558068 0.00710492 0.00875754 0.0104368 0.012065 0.0134733 0.0145408 0.0150874 0.0149898 0.0140805 0.0123022 0.00964664 0.00623937 0.00222001 -0.00219655 -0.00676934 -0.011205 -0.015222 -0.0185839 -0.0211122 -0.022743 -0.0234611 -0.0233534 -0.0224905 -0.0210406 -0.0191304 -0.0169678 -0.0146858 -0.0124614 -0.0103759 -0.00851658 -0.00690085 -0.00553399 -0.00440999 -0.0034899 -0.00277259 -0.00219887 -0.00178268 -0.00145799 -0.00123792 -0.00107387 -0.000967808 -0.000893908 -0.000839843 -0.000816512 -0.0007822 -0.00077446 -0.000752921 -0.000752342 -0.000739026 -0.000728293 -0.00072234 -0.000713381 -0.000724799 -0.000696872 -0.000691606 -0.000693749 -0.000698581 -0.000683786 -0.000662325 -0.000677736 -0.000664739 -0.000663148 -0.000656546 -0.000652392 -0.000648242 -0.000631736 -0.000651329 -0.000638738 -0.000629864 -0.000638322 -0.000623706 -0.000622429 -0.000621623 -0.000624208 -0.00061376 -0.000612075 -0.000617599 -0.000597127 -0.000609849 -0.000610516 -0.000595343 -0.000613683 -0.000600497 -0.000593209 -0.000605032 -0.000588242 -0.000593393 -0.000599889 -0.000587535 -0.000596952 -0.000595486 -0.000586807 -0.000596301 -0.000590111 
0 -3.19002e-06 2.65268e-05 6.91376e-06 1.75423e-05 2.98018e-05 9.83186e-06 3.31176e-05 3.02716e-05 2.91999e-05 5.48965e-05 4.50441e-05 5.46122e-05 6.06448e-05 5.41985e-05 6.519e-05 6.52669e-05 7.73975e-05 7.79173e-05 7.99874e-05 9.29924e-05 8.09845e-05 9.80105e-05 0.000113463 0.000106459 0.000122441 0.000126664 0.000114135 0.000121958 0.000143073 0.000139553 0.000142601 0.000162065 0.00015139 0.000154082 0.000184322 0.000193305 0.000187253 0.000186534 0.000200544 0.0002233 0.000221129 0.00021465 0.000230617 0.000247283 0.000248738 0.00025492 0.000276531 0.00028256 0.000305872 0.000335351 0.000366616 0.000423485 0.000508239 0.000630378 0.000797644 0.00106373 0.00140959 0.00188766 0.00252656 0.00335258 0.00439011 0.00568113 0.00726419 0.00912156 0.0112959 0.013735 0.0163882 0.0191112 0.021791 0.0242044 0.0261576 0.0274541 0.0279301 0.0274347 0.0258671 0.0232311 0.0195614 0.0150351 0.00987772 0.00444532 -0.00097831 -0.00604625 -0.0105185 -0.0141329 -0.0167934 -0.0184101 -0.0190551 -0.0188105 -0.0178818 -0.0164211 -0.0146329 -0.0126587 -0.0106712 -0.00875422 -0.00698515 -0.00536738 -0.00391708 -0.00259543 -0.00137674 -0.00019519 0.000989767 0.00224832 0.00361407 0.00513326 0.00680155 0.00863047 0.0105657 0.0125432 0.014408 0.0160273 0.0172074 0.017795 0.0175745 0.016435 0.0142729 0.0111393 0.00709285 0.00236108 -0.00283989 -0.00817797 -0.0133788 -0.0180752 -0.0220184 -0.0249922 -0.0269365 -0.0278108 -0.0276939 -0.026711 -0.0250221 -0.0228049 -0.0202546 -0.0175966 -0.0149599 -0.0124956 -0.0102698 -0.00835195 -0.00670157 -0.00534541 -0.00424519 -0.00336849 -0.00267903 -0.00216198 -0.00178396 -0.00149267 -0.00130475 -0.00116954 -0.00107792 -0.00101225 -0.000979971 -0.000947718 -0.0009256 -0.000920839 -0.000897701 -0.000886561 -0.000887291 -0.000879603 -0.000854112 -0.00084646 -0.000852129 -0.00084526 -0.000828942 -0.000806815 -0.000812021 -0.000826493 -0.000804313 -0.000790092 -0.000799584 -0.000787442 -0.000780356 -0.000792224 -0.000783625 -0.000760255 -0.000763337 -0.000762497 -0.000747008 -0.000758934 -0.000752796 -0.000740414 -0.000743084 -0.000735855 -0.000740304 -0.000735421 -0.000738825 -0.000736997 -0.000718117 -0.000729252 -0.000714653 -0.000710167 -0.000729543 -0.000710267 -0.00072224 -0.000725416 -0.000704758 -0.000721743 -0.000707684 -0.000701695 -0.000717954 -0.000699651 -0.000712005 
0 5.13716e-07 5.34112e-06 7.54597e-06 2.03639e-05 2.56253e-05 3.31176e-05 4.26137e-05 3.74741e-05 4.86374e-05 4.7279e-05 4.40042e-05 6.32145e-05 5.94021e-05 7.0177e-05 8.43501e-05 7.63991e-05 8.8631e-05 9.3362e-05 9.47917e-05 0.000106637 0.000114302 0.000114117 0.00011498 0.000125259 0.000121685 0.000138708 0.000153168 0.000152892 0.000167149 0.000159771 0.000175265 0.000184552 0.000185534 0.000206505 0.000196941 0.00019694 0.000214422 0.000238503 0.000230549 0.000233327 0.000259921 0.00025934 0.000282042 0.000285584 0.000293558 0.000311318 0.000328842 0.000339556 0.000355963 0.000403154 0.000429417 0.000502234 0.000603915 0.000747123 0.000954657 0.00126631 0.00168909 0.00224417 0.00301353 0.00397908 0.00520325 0.00671547 0.00856789 0.0107304 0.0132418 0.0160625 0.0190882 0.0221959 0.0252224 0.0279583 0.030137 0.0315882 0.0320915 0.0314956 0.0296713 0.0266562 0.0224891 0.0173586 0.0115297 0.00537832 -0.000768283 -0.00655586 -0.0116602 -0.0158206 -0.0189033 -0.0208601 -0.0217032 -0.0215494 -0.0205781 -0.019011 -0.0170261 -0.0148256 -0.0125606 -0.0103714 -0.00830229 -0.00641071 -0.00468654 -0.00312728 -0.00165352 -0.000233375 0.00120502 0.00269548 0.00432539 0.0061098 0.00807392 0.0101768 0.0123976 0.0146192 0.0167085 0.0184723 0.0197437 0.0202999 0.0199454 0.0185274 0.0160021 0.0123789 0.00775128 0.00233361 -0.00357194 -0.00962686 -0.0155067 -0.0208318 -0.0253028 -0.0286962 -0.0309399 -0.0319652 -0.0318648 -0.0307671 -0.0288845 -0.0263719 -0.0234926 -0.0204608 -0.0174603 -0.0146148 -0.0120515 -0.00982178 -0.00790047 -0.00631352 -0.00502347 -0.00400104 -0.00317808 -0.00257901 -0.00212025 -0.00178203 -0.00154663 -0.00139003 -0.00127303 -0.00118954 -0.001156 -0.00110431 -0.00108139 -0.00106467 -0.00105246 -0.00103046 -0.00102204 -0.00101461 -0.000998786 -0.00100963 -0.000980899 -0.000969858 -0.000978848 -0.000977085 -0.000955289 -0.000941105 -0.000946831 -0.000929606 -0.000934346 -0.000921041 -0.000907881 -0.000906928 -0.000891371 -0.000903064 -0.000898378 -0.000888734 -0.000888026 -0.00087992 -0.000873159 -0.000872352 -0.00087634 -0.000860307 -0.000861448 -0.000857284 -0.000839612 -0.000854087 -0.000847298 -0.000845293 -0.000856907 -0.000841434 -0.00084208 -0.000839284 -0.000828256 -0.000832652 -0.000829494 -0.000830573 -0.00083438 -0.000832982 -0.000833633 -0.000830404 -0.000828216 
0 9.79072e-06 1.45945e-05 2.01441e-05 2.53108e-05 2.34443e-05 3.02716e-05 3.74741e-05 4.06115e-05 5.51513e-05 5.78526e-05 6.24382e-05 7.56709e-05 7.13284e-05 7.91359e-05 8.85548e-05 8.73499e-05 9.95299e-05 0.000106401 0.000109122 0.000116556 0.000125912 0.000130455 0.000138627 0.000153263 0.000151081 0.000160848 0.000167267 0.000167725 0.000184388 0.000184816 0.000199724 0.000206473 0.000206884 0.000228894 0.000233429 0.000242106 0.000252699 0.000266053 0.000267916 0.000278426 0.000298958 0.000293858 0.000314043 0.000324083 0.000332483 0.000351608 0.000368843 0.00038736 0.000411475 0.000463378 0.000504162 0.000590228 0.000715904 0.000885176 0.00113682 0.0014994 0.00199424 0.00264292 0.00352966 0.00464569 0.0060511 0.00779046 0.00990037 0.0123669 0.0152059 0.0183818 0.0217599 0.0252152 0.028558 0.0315644 0.0339468 0.0355142 0.0360312 0.0353188 0.0332591 0.029886 0.0252709 0.0196002 0.0131812 0.00638921 -0.000407699 -0.00684361 -0.0125338 -0.01721 -0.0207171 -0.0230194 -0.0241006 -0.0240791 -0.0231293 -0.0214984 -0.0193728 -0.0169781 -0.0144765 -0.0120231 -0.00967071 -0.00749456 -0.00549781 -0.00367636 -0.00193998 -0.000253379 0.00144723 0.00319651 0.0050925 0.00715709 0.00940606 0.0117822 0.0142549 0.0166946 0.0189573 0.0208281 0.0221285 0.0226094 0.022074 0.0203645 0.017463 0.0133685 0.00819142 0.00214905 -0.00439934 -0.0110997 -0.0175839 -0.0234724 -0.0284224 -0.0322117 -0.0347323 -0.0359196 -0.035848 -0.0346724 -0.0326159 -0.0298586 -0.0266802 -0.0233134 -0.019966 -0.0167675 -0.0138726 -0.0113312 -0.00914316 -0.00731801 -0.00583592 -0.00465149 -0.00370336 -0.00300139 -0.00246503 -0.00207055 -0.00178892 -0.00160423 -0.00146412 -0.00136934 -0.00132205 -0.00126997 -0.00124325 -0.00122204 -0.00120802 -0.00118579 -0.00118009 -0.00116668 -0.00114463 -0.00114858 -0.00112894 -0.00111684 -0.00110913 -0.00110142 -0.0010876 -0.00108061 -0.0010817 -0.00106192 -0.00106244 -0.00105357 -0.00104755 -0.00104813 -0.0010315 -0.0010321 -0.00102142 -0.00101162 -0.00101263 -0.0010058 -0.000999288 -0.000994839 -0.000993838 -0.000983125 -0.000985615 -0.00098709 -0.000974296 -0.000980808 -0.000972112 -0.000961368 -0.000967523 -0.000957096 -0.000956883 -0.00096181 -0.000955333 -0.000958452 -0.000956925 -0.000950348 -0.000950517 -0.000947197 -0.000944506 -0.000947784 -0.000948041 
0 -2.39178e-06 2.2396e-05 1.23028e-05 2.29657e-05 4.20075e-05 2.91999e-05 4.86374e-05 5.51513e-05 4.57738e-05 7.03395e-05 7.11138e-05 7.23893e-05 9.04133e-05 8.80506e-05 9.57464e-05 0.000105446 0.000112964 0.000118268 0.000124121 0.000139782 0.000131686 0.000146543 0.000164363 0.000153805 0.00017874 0.000184557 0.000180869 0.000196291 0.000206276 0.000219293 0.000216421 0.000239593 0.000242991 0.000237265 0.000268904 0.00027674 0.000286371 0.000281508 0.000302436 0.000328345 0.000325074 0.000339726 0.000347213 0.000375883 0.000379322 0.000396641 0.000421249 0.000436566 0.000479882 0.000515129 0.000588031 0.000675592 0.000827759 0.00102801 0.00132203 0.00174712 0.00230635 0.00307426 0.00406472 0.00535252 0.00693672 0.00891423 0.0112757 0.0140457 0.0172079 0.0207072 0.0244237 0.0281804 0.0318121 0.0350267 0.037592 0.0392263 0.0397412 0.0388917 0.0366176 0.0329073 0.0278916 0.0217495 0.0148187 0.00747162 9.60068e-05 -0.00690358 -0.0131366 -0.0182903 -0.0222309 -0.0248742 -0.0262404 -0.0263873 -0.025535 -0.02388 -0.0216827 -0.0191241 -0.0164373 -0.0137249 -0.0111164 -0.00864219 -0.00637979 -0.00426338 -0.00226147 -0.000275573 0.00169108 0.00373448 0.00589415 0.00825771 0.0107709 0.0134227 0.0161043 0.0187385 0.0211116 0.0230547 0.0243106 0.0246779 0.0239078 0.0219054 0.01861 0.0140731 0.00837685 0.00178806 -0.00533814 -0.0125988 -0.0196112 -0.025986 -0.0313625 -0.035516 -0.0382863 -0.0396428 -0.0396089 -0.0383965 -0.0361817 -0.0332366 -0.029785 -0.0261316 -0.0224497 -0.0189364 -0.0157154 -0.0128717 -0.0104224 -0.00835849 -0.00668839 -0.00532743 -0.00427108 -0.00344478 -0.0028423 -0.00237767 -0.0020572 -0.00183133 -0.00166804 -0.00156555 -0.00148551 -0.00144499 -0.00139745 -0.00138361 -0.00135185 -0.00133492 -0.00132903 -0.00130998 -0.00129658 -0.00127146 -0.00128252 -0.00126672 -0.00124761 -0.00123184 -0.00122943 -0.00123691 -0.00120336 -0.00120262 -0.00119725 -0.00118411 -0.00117811 -0.0011729 -0.00117322 -0.00114544 -0.00115177 -0.00115023 -0.00112937 -0.00114009 -0.00112934 -0.00111962 -0.00111678 -0.00111365 -0.00110993 -0.00109955 -0.00110846 -0.00109419 -0.00108659 -0.00109888 -0.00107736 -0.00108425 -0.00109107 -0.00106916 -0.00108338 -0.00107736 -0.00106324 -0.00108011 -0.00106663 -0.0010648 -0.00107726 -0.00105999 -0.00106817 
0 1.30293e-05 -4.4224e-07 2.53129e-05 2.76841e-05 2.80749e-05 5.48965e-05 4.7279e-05 5.78526e-05 7.03395e-05 6.40277e-05 7.87241e-05 8.09091e-05 9.15365e-05 0.000103271 0.000108752 0.000123906 0.000117592 0.000134334 0.000143141 0.00013919 0.000169877 0.000165003 0.000165326 0.000185752 0.000182867 0.00019426 0.000215923 0.000229818 0.000223848 0.000237977 0.000254378 0.000249722 0.000276225 0.000291144 0.000287788 0.000289411 0.000308837 0.000339624 0.000341493 0.000341282 0.000359726 0.000388404 0.000398513 0.000405017 0.000428137 0.000447574 0.000469423 0.00049761 0.000534108 0.000586204 0.000665809 0.00077858 0.000943182 0.00118561 0.00153059 0.00200575 0.00265764 0.00352347 0.0046494 0.00608536 0.00787902 0.0100748 0.0126971 0.0157617 0.0192298 0.0230385 0.0270479 0.031093 0.0349426 0.0383478 0.0410279 0.0427203 0.0431793 0.0422079 0.0397153 0.0357125 0.030337 0.0238008 0.0164418 0.00862072 0.000761909 -0.00673121 -0.0134319 -0.019051 -0.0233951 -0.0264086 -0.0280646 -0.0284556 -0.0277348 -0.0261428 -0.023904 -0.0212597 -0.0183983 -0.0154798 -0.0126041 -0.00986518 -0.0073015 -0.00489891 -0.00258557 -0.000310987 0.00196815 0.00429993 0.00676453 0.00940062 0.0121962 0.0150789 0.0179671 0.020725 0.0231845 0.0251168 0.0262958 0.0264689 0.025453 0.0231182 0.0194516 0.0144699 0.00831883 0.00123987 -0.00637144 -0.0141197 -0.021574 -0.0283603 -0.0341129 -0.0385857 -0.0415992 -0.0431059 -0.0431538 -0.0419113 -0.0396018 -0.0364832 -0.032831 -0.0289014 -0.0249364 -0.021117 -0.0175967 -0.0144533 -0.0117414 -0.00945242 -0.00756979 -0.00605172 -0.0048558 -0.00392877 -0.00322593 -0.00271043 -0.00233369 -0.00206586 -0.00188186 -0.00175626 -0.00166676 -0.00160716 -0.00156459 -0.00153111 -0.00151047 -0.00149288 -0.00146359 -0.00145106 -0.0014502 -0.00143518 -0.00140712 -0.00139411 -0.0014014 -0.00139265 -0.00137004 -0.00134543 -0.00135126 -0.0013482 -0.0013233 -0.00132451 -0.00131117 -0.00129134 -0.00128898 -0.00129629 -0.00128267 -0.00126866 -0.00127714 -0.00125269 -0.00125077 -0.00125884 -0.00123998 -0.00124269 -0.00123161 -0.00122355 -0.00121949 -0.00121401 -0.00122242 -0.00120975 -0.00121539 -0.00121234 -0.00119413 -0.0012074 -0.0011917 -0.00118803 -0.0012022 -0.00118271 -0.0011943 -0.00119658 -0.00117978 -0.00119649 -0.00118451 
0 1.38107e-05 1.79422e-05 3.17829e-05 3.13071e-05 3.54219e-05 4.50441e-05 4.40042e-05 6.24382e-05 7.11138e-05 7.87241e-05 9.70393e-05 9.39442e-05 0.00010695 0.000112412 0.000109475 0.000131005 0.000133445 0.000144699 0.000159782 0.000158982 0.000171748 0.000180909 0.000193752 0.000207205 0.000217991 0.000223138 0.000226241 0.000236562 0.00024385 0.000268557 0.000274036 0.00028181 0.000301737 0.000298173 0.000324683 0.000349972 0.000352335 0.000352835 0.00037514 0.000396471 0.000401337 0.000421686 0.000424271 0.000448705 0.000473754 0.000486861 0.00051244 0.000550989 0.00059952 0.000651827 0.000758492 0.000885971 0.00107922 0.00136387 0.00175996 0.00229964 0.00303569 0.00401957 0.00526652 0.00687304 0.00886219 0.0112869 0.0141595 0.0175115 0.0212711 0.0253567 0.0296399 0.0339189 0.0379587 0.0414907 0.0442613 0.0459552 0.0463483 0.0452347 0.0425488 0.0382795 0.0326035 0.0257449 0.0180393 0.00983869 0.00158173 -0.0063088 -0.0134254 -0.0194593 -0.0242076 -0.0275786 -0.0295677 -0.0302304 -0.0297183 -0.028233 -0.0260336 -0.0233382 -0.0203625 -0.0172486 -0.0141463 -0.0111335 -0.0082805 -0.00555507 -0.0029306 -0.000332895 0.00225893 0.00491897 0.00768352 0.0106095 0.0136547 0.0167651 0.0198084 0.0226635 0.025134 0.0270145 0.0280385 0.0279855 0.0266715 0.0240082 0.0199575 0.0145702 0.00800022 0.000517586 -0.00750363 -0.0156467 -0.0234667 -0.030589 -0.0366587 -0.041417 -0.0446469 -0.0463151 -0.0464515 -0.0452299 -0.0428488 -0.0396187 -0.0357916 -0.0316434 -0.0274117 -0.0233227 -0.0195131 -0.0160822 -0.0131115 -0.0105892 -0.00850229 -0.00680435 -0.00547944 -0.00442809 -0.00363547 -0.00304818 -0.00262055 -0.0023061 -0.00209494 -0.00195444 -0.00183938 -0.00178095 -0.0017324 -0.00169403 -0.00166146 -0.00165154 -0.00162874 -0.00160561 -0.00159377 -0.00156748 -0.00156777 -0.00155336 -0.00152445 -0.00150568 -0.00151221 -0.00150115 -0.00147758 -0.00147709 -0.00145606 -0.00145326 -0.00145272 -0.00144086 -0.00143324 -0.00141606 -0.00140674 -0.00139977 -0.00139701 -0.00138667 -0.00138214 -0.00137353 -0.00135827 -0.00136663 -0.00135646 -0.0013555 -0.00136077 -0.00134095 -0.00134171 -0.00133277 -0.00132172 -0.00132753 -0.00132017 -0.00132276 -0.00132425 -0.0013179 -0.0013186 -0.00131226 -0.00130839 -0.00130744 -0.00130452 -0.00130658 -0.00130676 
0 2.17357e-06 1.4393e-05 2.00931e-05 3.00468e-05 4.87487e-05 5.46122e-05 6.32145e-05 7.56709e-05 7.23893e-05 8.09091e-05 9.39442e-05 9.6233e-05 0.000114237 0.000125634 0.000129814 0.000146404 0.000151915 0.000156249 0.000170673 0.000180608 0.000186416 0.000200361 0.00020922 0.000212218 0.000230208 0.000240374 0.000256017 0.000270119 0.000276 0.000296621 0.000293998 0.000312548 0.000335499 0.000330503 0.000350061 0.000365134 0.000376987 0.000387517 0.000414025 0.000427463 0.000434252 0.000468561 0.000473121 0.000499682 0.000523026 0.000539864 0.0005707 0.00061172 0.000665001 0.000723388 0.000849305 0.000993831 0.00121655 0.00154552 0.00199571 0.00260813 0.00343689 0.00454125 0.00592429 0.00770634 0.00989877 0.0125527 0.0156803 0.0193069 0.023342 0.0276818 0.0322054 0.0366768 0.0408603 0.0444759 0.0472846 0.0489419 0.049238 0.0479773 0.0451033 0.0406053 0.0346795 0.0275708 0.0195946 0.0111068 0.00254312 -0.00565832 -0.0131262 -0.0195312 -0.0246643 -0.0283952 -0.0307386 -0.031714 -0.0314639 -0.0301514 -0.0280537 -0.0253655 -0.0223169 -0.0190454 -0.01574 -0.0124691 -0.00931963 -0.00625946 -0.00330352 -0.000370366 0.00255521 0.00555908 0.00863842 0.0118474 0.0151271 0.0184349 0.0216002 0.0245023 0.0269272 0.0286907 0.0295043 0.029179 0.0275388 0.0245347 0.0201095 0.0143491 0.00741467 -0.000394163 -0.00873719 -0.0171823 -0.0252883 -0.0326703 -0.0389979 -0.0439937 -0.0474233 -0.0492473 -0.0494918 -0.0483191 -0.0459128 -0.0426094 -0.0386512 -0.0343239 -0.0298617 -0.0255271 -0.0214483 -0.0177474 -0.0145205 -0.0117697 -0.00947794 -0.00760279 -0.00613918 -0.00496675 -0.00408 -0.00341676 -0.00293429 -0.00257146 -0.00232745 -0.00216547 -0.00202801 -0.00195671 -0.0018968 -0.00185455 -0.00181444 -0.00179803 -0.00177052 -0.00174762 -0.00174421 -0.00170978 -0.00170397 -0.00169384 -0.00167608 -0.00165998 -0.00165429 -0.00164045 -0.0016141 -0.00162078 -0.00160128 -0.00158505 -0.00157798 -0.00155991 -0.00155843 -0.00154536 -0.0015412 -0.00153611 -0.00152072 -0.00151667 -0.00151232 -0.00150401 -0.0014967 -0.0014956 -0.0014804 -0.00147074 -0.00147368 -0.00145869 -0.0014607 -0.00146526 -0.0014517 -0.00145683 -0.0014519 -0.00143712 -0.00144271 -0.00143504 -0.0014285 -0.0014387 -0.00143019 -0.00142958 -0.00143657 -0.00142376 -0.00142751 
0 1.77153e-05 1.1668e-05 3.49488e-05 3.88941e-05 3.76146e-05 6.06448e-05 5.94021e-05 7.13284e-05 9.04133e-05 9.15365e-05 0.00010695 0.000114237 0.000120351 0.00013092 0.00014093 0.00015672 0.000155914 0.000175503 0.000188817 0.00018322 0.000216116 0.000219431 0.000219693 0.000249854 0.000247655 0.000257218 0.000277178 0.000291338 0.000296379 0.000307366 0.000335153 0.000331198 0.000353718 0.000379228 0.000382868 0.000396604 0.000403773 0.000443113 0.000451698 0.000451515 0.000477892 0.000501228 0.000522967 0.000527761 0.000566927 0.000586776 0.000621403 0.000674246 0.000723299 0.000818005 0.000940323 0.00112834 0.00137371 0.00175638 0.00226407 0.00294984 0.00388718 0.00509334 0.00664248 0.0085787 0.0109927 0.013857 0.0172487 0.0211244 0.0254158 0.0299906 0.0347083 0.0393437 0.0436107 0.0472882 0.0500637 0.0516701 0.0518257 0.0504324 0.047364 0.0426924 0.0365638 0.0292819 0.02111 0.0124296 0.00365728 -0.00477579 -0.0125158 -0.0192517 -0.0247287 -0.0288338 -0.0315298 -0.0328688 -0.0329098 -0.0318548 -0.0299016 -0.0272999 -0.0242034 -0.0208384 -0.0173368 -0.0138472 -0.0103782 -0.00699715 -0.00367151 -0.000410818 0.00288834 0.00622668 0.00965204 0.0131146 0.0166313 0.0200803 0.023351 0.0262281 0.0285703 0.0301311 0.0307018 0.0300459 0.0280748 0.024703 0.0199332 0.0138247 0.00659596 -0.00147372 -0.0100449 -0.0187044 -0.0270191 -0.0345889 -0.0411235 -0.0463012 -0.0499298 -0.0518944 -0.0522856 -0.0511737 -0.0488139 -0.0454589 -0.0414328 -0.0369514 -0.0323123 -0.0277462 -0.0234223 -0.0194701 -0.0159823 -0.0130125 -0.0104962 -0.0084598 -0.0068211 -0.00554329 -0.00453779 -0.00380189 -0.0032508 -0.00283929 -0.00256471 -0.00236218 -0.00222908 -0.00212348 -0.00207117 -0.00201174 -0.0019815 -0.00195906 -0.00191901 -0.0019062 -0.00189083 -0.00187833 -0.00183752 -0.00183005 -0.00182694 -0.00180443 -0.00178647 -0.00176 -0.00176877 -0.00174915 -0.00172817 -0.0017294 -0.00171248 -0.00169858 -0.00168798 -0.00169267 -0.00166887 -0.00165605 -0.00166511 -0.00163483 -0.00163533 -0.00163632 -0.00161524 -0.00161666 -0.00160913 -0.00160288 -0.00159583 -0.00159428 -0.00159232 -0.00157507 -0.00158194 -0.00157241 -0.00155993 -0.001575 -0.00155784 -0.00155746 -0.00156766 -0.00154569 -0.00155644 -0.00155597 -0.00153935 -0.00155728 -0.0015465 
0 6.88072e-06 2.73559e-05 2.83127e-05 4.0133e-05 5.3724e-05 5.41985e-05 7.0177e-05 7.91359e-05 8.80506e-05 0.000103271 0.000112412 0.000125634 0.00013092 0.00014648 0.000153448 0.00015509 0.000184146 0.000183789 0.000196574 0.000221474 0.000210903 0.000233693 0.000250509 0.000256191 0.000277402 0.000288667 0.000298245 0.000298204 0.000326284 0.000342481 0.000347469 0.000376646 0.000380241 0.000390608 0.000408451 0.000443205 0.000458898 0.000450169 0.000478418 0.000505073 0.000529467 0.000534052 0.00055374 0.000586843 0.000610144 0.000642036 0.00067277 0.000733615 0.000798663 0.000901083 0.001047 0.00125337 0.00155305 0.00197038 0.00255115 0.00332115 0.00436039 0.00569442 0.00739541 0.00952065 0.0121266 0.0152335 0.0188609 0.0229869 0.0275035 0.032292 0.0371696 0.0419134 0.0462407 0.0499109 0.0526295 0.0541177 0.0541404 0.0525746 0.0493492 0.0445162 0.0382619 0.0308507 0.0225733 0.0137808 0.00489646 -0.00368873 -0.0116312 -0.0186341 -0.0244324 -0.0288926 -0.0319659 -0.0336745 -0.0340694 -0.0333099 -0.031586 -0.0291036 -0.0260361 -0.0225975 -0.0189591 -0.0152423 -0.011487 -0.0077554 -0.00407654 -0.000445166 0.00321374 0.00692168 0.010667 0.0144014 0.0181049 0.0216837 0.024989 0.0278155 0.0299922 0.0313119 0.031569 0.0305715 0.0282348 0.0245065 0.019399 0.0129984 0.00553294 -0.002721 -0.0114324 -0.0202213 -0.0286554 -0.0363615 -0.0430247 -0.0483602 -0.0521426 -0.0542773 -0.0547994 -0.0538078 -0.0515099 -0.0481734 -0.0440946 -0.0395185 -0.0347298 -0.0299626 -0.0254178 -0.0212227 -0.0175009 -0.0142873 -0.0115771 -0.00934854 -0.00755654 -0.00614338 -0.00503803 -0.00421148 -0.00358671 -0.00313666 -0.00280896 -0.00258475 -0.00242295 -0.00231324 -0.00224179 -0.00217845 -0.00214014 -0.00210529 -0.00209024 -0.00205622 -0.00202683 -0.00201299 -0.00200574 -0.00198777 -0.00194399 -0.00193911 -0.00193513 -0.00192279 -0.00189464 -0.00187777 -0.00187815 -0.00185233 -0.00185227 -0.00184442 -0.00182376 -0.00180708 -0.00180015 -0.00179877 -0.00177536 -0.00178228 -0.00176857 -0.00174484 -0.00175547 -0.00173809 -0.00173492 -0.00173696 -0.00172278 -0.00171844 -0.0017083 -0.00170593 -0.00169682 -0.00169416 -0.00169782 -0.00168384 -0.00168994 -0.00168578 -0.00167312 -0.00168332 -0.00167159 -0.00166849 -0.00167797 -0.00166388 -0.00167069 
0 5.12913e-06 2.03564e-05 2.51179e-05 4.15359e-05 5.78158e-05 6.519e-05 8.43501e-05 8.85548e-05 9.57464e-05 0.000108752 0.000109475 0.000129814 0.00014093 0.000153448 0.000174767 0.000176035 0.00019619 0.000200912 0.000206113 0.000232177 0.000233554 0.000255587 0.000267321 0.000269341 0.000291036 0.000300598 0.000323251 0.000342096 0.000357018 0.000363093 0.000375775 0.000398385 0.000405102 0.000438838 0.000446198 0.000448483 0.000477117 0.00049999 0.000526016 0.000535269 0.000557124 0.000579295 0.000612798 0.000635378 0.000652682 0.000699192 0.000737388 0.000796645 0.000874155 0.000993967 0.00115513 0.00139558 0.00173878 0.0022045 0.00285749 0.00372255 0.00486764 0.00633328 0.00820208 0.01051 0.0133208 0.0166598 0.0205259 0.0248753 0.0296038 0.0345738 0.0395742 0.044386 0.0487293 0.0523527 0.0549599 0.0563045 0.0561633 0.0544264 0.0510449 0.0460976 0.0397601 0.0322877 0.0239723 0.0151603 0.00624561 -0.00241077 -0.010483 -0.0176906 -0.0237706 -0.0285749 -0.0320231 -0.0341219 -0.0349017 -0.0344964 -0.0330518 -0.0307523 -0.0277623 -0.0243082 -0.0205597 -0.0166452 -0.0126087 -0.00854149 -0.00449466 -0.00048739 0.00355014 0.00761871 0.0116863 0.0156718 0.0195452 0.0232042 0.0265022 0.0292183 0.031182 0.0321985 0.0321047 0.0307365 0.0280294 0.0239444 0.0185272 0.0118849 0.00424981 -0.00411408 -0.0128867 -0.0217145 -0.0301962 -0.0379684 -0.044713 -0.0501531 -0.054079 -0.0563754 -0.0570537 -0.0562004 -0.0540157 -0.0507339 -0.0466477 -0.0420132 -0.0371153 -0.0321784 -0.0274297 -0.0230181 -0.019064 -0.0156191 -0.0127033 -0.0102928 -0.00833154 -0.00678332 -0.00557091 -0.00464878 -0.00394776 -0.00344677 -0.00307366 -0.00281224 -0.00263275 -0.0025023 -0.00241153 -0.00234783 -0.00230803 -0.00225451 -0.00223146 -0.00220912 -0.00218626 -0.00216173 -0.00213472 -0.00212292 -0.00211122 -0.00210117 -0.00206177 -0.0020527 -0.00204684 -0.00202436 -0.00201848 -0.00199424 -0.0019763 -0.00196179 -0.00195816 -0.00194671 -0.00193502 -0.00192947 -0.00190431 -0.00190739 -0.00189705 -0.00188658 -0.00189086 -0.00186646 -0.00186229 -0.00185164 -0.00183913 -0.00184322 -0.00183291 -0.00183529 -0.0018303 -0.0018211 -0.00182029 -0.00180859 -0.00180695 -0.00180441 -0.00179916 -0.00180152 -0.00179728 -0.00179539 -0.00179556 -0.00179147 -0.00179135 
0 1.74903e-05 2.44615e-05 4.02612e-05 4.87927e-05 5.2991e-05 6.52669e-05 7.63991e-05 8.73499e-05 0.000105446 0.000123906 0.000131005 0.000146404 0.00015672 0.00015509 0.000176035 0.000187795 0.000195471 0.000221469 0.000230537 0.000242128 0.000259743 0.00026926 0.000284993 0.000299738 0.000318475 0.000328983 0.000333834 0.000359165 0.000368918 0.000380084 0.000418057 0.000425033 0.000433471 0.000466049 0.000482047 0.000496379 0.000519357 0.000542035 0.000550907 0.000576674 0.000599786 0.000615283 0.000652356 0.000667766 0.000701836 0.000748739 0.000796995 0.000859525 0.000957583 0.00110021 0.00127604 0.00156321 0.00194492 0.00247294 0.00319676 0.00416381 0.00541682 0.0070197 0.0090614 0.0115477 0.0145701 0.0181297 0.0222288 0.0267774 0.0317007 0.0368162 0.0419051 0.0467455 0.051064 0.0545989 0.0570519 0.0582278 0.0578983 0.0559903 0.0524619 0.0474418 0.0410633 0.0335945 0.0253092 0.0165635 0.00769446 -0.000953882 -0.00908367 -0.0164295 -0.0227479 -0.0278731 -0.0316883 -0.0341873 -0.0353791 -0.0353726 -0.0342541 -0.0321953 -0.0293391 -0.0259257 -0.0221008 -0.0180171 -0.0137172 -0.00933341 -0.00491538 -0.000526212 0.00389845 0.00831537 0.0126941 0.0169099 0.0209299 0.024622 0.0278622 0.0304121 0.0321158 0.0327807 0.0323026 0.0305442 0.0274665 0.0230372 0.0173427 0.010514 0.00277575 -0.00562385 -0.0143849 -0.0231688 -0.0316291 -0.0394017 -0.0461837 -0.0516846 -0.0557404 -0.0581944 -0.0590521 -0.05836 -0.0563315 -0.0531455 -0.0490961 -0.0444418 -0.0394711 -0.0344007 -0.0294674 -0.0248618 -0.0206806 -0.0170151 -0.0138826 -0.0112916 -0.00915043 -0.00745972 -0.00613051 -0.00510479 -0.00432514 -0.00375973 -0.00334667 -0.00303615 -0.00284395 -0.00269261 -0.00258811 -0.00251679 -0.00247314 -0.00242482 -0.00238978 -0.00237106 -0.0023342 -0.00232171 -0.0022952 -0.00226589 -0.00225201 -0.0022338 -0.00220697 -0.00219179 -0.00218726 -0.00215196 -0.00214 -0.00214253 -0.00211784 -0.00210818 -0.00209882 -0.00207908 -0.00206724 -0.00205728 -0.00204965 -0.00203495 -0.00202055 -0.00201477 -0.00199931 -0.00199306 -0.00199482 -0.00198377 -0.00197938 -0.00197571 -0.0019617 -0.00195176 -0.00195061 -0.00194168 -0.00193538 -0.00194311 -0.00192972 -0.00192686 -0.00193401 -0.00191385 -0.00192298 -0.0019235 -0.0019063 -0.00192436 -0.00191193 
0 9.58795e-06 2.29397e-05 3.43596e-05 4.81764e-05 6.31975e-05 7.73975e-05 8.8631e-05 9.95299e-05 0.000112964 0.000117592 0.000133445 0.000151915 0.000155914 0.000184146 0.00019619 0.000195471 0.000227032 0.00022622 0.000236755 0.000270135 0.00026389 0.000284525 0.000309048 0.000312131 0.000333357 0.000354929 0.000370845 0.000377437 0.000403617 0.000422365 0.00042759 0.000456586 0.00047075 0.000487868 0.00049897 0.000528251 0.000566711 0.000559396 0.000585582 0.000625331 0.000648749 0.000663015 0.000691397 0.000731374 0.000754607 0.000810833 0.000855676 0.000929717 0.00104721 0.00119358 0.0014097 0.00171992 0.00216579 0.00274387 0.00356043 0.00462731 0.0059993 0.00775982 0.00996348 0.012657 0.0158726 0.0196733 0.02397 0.0287242 0.0338014 0.0390377 0.0441751 0.049003 0.0532609 0.0566487 0.058929 0.0598829 0.0593672 0.0572566 0.0536203 0.0485294 0.0421734 0.0347421 0.0265725 0.0179492 0.00920927 0.000633006 -0.00747745 -0.0148993 -0.0214075 -0.0268152 -0.0309879 -0.0338797 -0.0355137 -0.0359224 -0.0351854 -0.0334023 -0.0307571 -0.0274187 -0.023576 -0.0193325 -0.0148188 -0.0101206 -0.00536148 -0.000566572 0.00422046 0.00899063 0.0136359 0.0180791 0.0221947 0.0258943 0.0290019 0.03135 0.0327329 0.0330261 0.0321237 0.0299747 0.0265228 0.02178 0.0158441 0.0088862 0.00111378 -0.00725518 -0.0159247 -0.0246047 -0.0329577 -0.0406877 -0.0474385 -0.0529889 -0.0571268 -0.0597594 -0.0607841 -0.0603011 -0.0584355 -0.0554013 -0.051415 -0.0467844 -0.0417709 -0.0365968 -0.0315155 -0.0267159 -0.0223427 -0.0184432 -0.0151198 -0.0123219 -0.0100243 -0.00817172 -0.00672873 -0.00559853 -0.00473108 -0.00410955 -0.00363473 -0.00329845 -0.00305887 -0.00290334 -0.00277339 -0.00269226 -0.00263599 -0.00257794 -0.00255561 -0.00251535 -0.00247935 -0.00245719 -0.00245361 -0.00241846 -0.00238003 -0.00238364 -0.00236314 -0.0023437 -0.00231736 -0.0023045 -0.00229577 -0.00226493 -0.00225824 -0.00224478 -0.00222373 -0.00220661 -0.00220382 -0.0021923 -0.00216599 -0.00217614 -0.00215719 -0.002137 -0.00215 -0.00212521 -0.00211596 -0.00211641 -0.00209494 -0.00209239 -0.00208896 -0.00208082 -0.0020764 -0.00207293 -0.00206752 -0.00205808 -0.00205979 -0.00205336 -0.00204584 -0.00205115 -0.00204072 -0.00203812 -0.00204366 -0.00203295 -0.00203795 
