0 0 0 0 0 0 0 0 0 0 0 0 0 0 0 0 0 0 0 0 0 0 0 0 0 0 0 0 0 0 0 0 0 0 0 0 0 0 0 0 0 0 0 0 0 0 0 0 0 0 0 0 0 0 0 0 0 0 0 0 0 0 0 0 0 0 0 0 0 0 0 0 0 0 0 0 0 0 0 0 0 0 0 0 0 0 0 0 0 0 0 0 0 0 0 0 0 0 0 0 0 0 0 0 0 0 0 0 0 0 0 0 0 0 0 0 0 0 0 0 0 0 0 0 0 0 0 0 0 0 0 0 0 0 0 0 0 0 0 0 0 0 0 0 0 0 0 0 0 0 0 0 0 0 0 0 0 0 0 0 0 0 0 0 0 0 0 0 0 0 0 0 0 0 0 0 0 0 0 0 0 0 0 0 0 0 0 0 0 0 0 0 0 0 0 0 0 0 0 0 
0 -1.09006e-06 3.34428e-06 3.45899e-06 1.18696e-06 4.08262e-06 -5.53324e-07 -1.45886e-06 2.1509e-06 -2.48805e-06 3.15608e-06 5.36826e-06 1.69835e-06 7.98687e-06 4.34454e-06 1.27465e-06 6.88577e-06 2.35926e-06 3.25137e-06 1.09158e-05 4.26972e-06 9.00681e-06 1.56436e-05 1.08125e-05 3.04309e-05 4.42114e-05 6.5232e-05 0.000107496 0.000148617 0.000216435 0.000300573 0.000421201 0.00056954 0.000755969 0.000995517 0.00125662 0.00157905 0.00194134 0.00233484 0.00274668 0.00315911 0.00352039 0.00379252 0.00398798 0.00401985 0.00390615 0.00362975 0.003175 0.00255357 0.00180537 0.000984601 0.00010924 -0.000730957 -0.00150262 -0.00211885 -0.00259804 -0.00292308 -0.00307553 -0.00306455 -0.0029235 -0.00270087 -0.00241014 -0.00212346 -0.00181554 -0.00153438 -0.00127642 -0.00107393 -0.000898437 -0.000770163 -0.000659244 -0.000562615 -0.000499738 -0.00045332 -0.000412896 -0.000363549 -0.000341155 -0.000308672 -0.000295763 -0.000268832 -0.000253194 -0.000223132 -0.000224787 -0.000207061 -0.00019022 -0.000168035 -0.000174035 -0.000158233 -0.000142609 -0.00012946 -0.00013227 -0.000117688 -0.000105664 -9.79011e-05 -9.5649e-05 -8.35975e-05 -7.45905e-05 -6.86452e-05 -6.30818e-05 -5.32305e-05 -4.56916e-05 -4.01836e-05 -3.31634e-05 -2.33042e-05 -1.70409e-05 -1.18015e-05 -3.31769e-06 8.95488e-06 1.2172e-05 1.82153e-05 2.9804e-05 4.51985e-05 4.32695e-05 5.35328e-05 6.92182e-05 8.64301e-05 8.05652e-05 9.93432e-05 0.000116798 0.000135744 0.000133244 0.000160757 0.00017618 0.000203006 0.000214581 0.000245813 0.000264266 0.000311136 0.000348379 0.000391438 0.000443238 0.000531454 0.00063028 0.000746008 0.000902171 0.00108707 0.001324 0.00158928 0.001886 0.00216821 0.00246523 0.00270358 0.00287488 0.0029302 0.0028428 0.00257617 0.0021526 0.00159384 0.000887388 8.93491e-05 -0.000776515 -0.00159941 -0.00235315 -0.00299363 -0.00349675 -0.0038176 -0.00397839 -0.00399425 -0.00383824 -0.00359304 -0.00326142 -0.00287838 -0.00247172 -0.00208372 -0.00171814 -0.00138599 -0.00111746 -0.000876272 -0.000685159 -0.00052447 -0.000400862 -0.000303376 -0.000227163 -0.000187457 -0.000142374 -0.000122987 -0.000110717 -8.99971e-05 -9.00782e-05 -8.51523e-05 -7.9474e-05 -8.42684e-05 -8.35151e-05 -7.82759e-05 -8.20615e-05 -7.75974e-05 -7.24326e-05 -7.91536e-05 -7.35501e-05 -7.6431e-05 -8.27705e-05 -7.63381e-05 -8.21186e-05 -8.06696e-05 -7.43474e-05 -7.96655e-05 -7.4103e-05 -7.35519e-05 -7.95942e-05 -7.34111e-05 -7.77261e-05 
0 3.34428e-06 -8.56389e-06 4.46813e-06 -4.63741e-06 5.18427e-07 9.05809e-06 1.27126e-06 1.29366e-05 4.70755e-06 6.14045e-06 5.16094e-06 -5.0228e-07 8.52202e-06 -7.95258e-07 1.28666e-05 8.47613e-06 5.73282e-06 2.0055e-05 1.35698e-06 1.94882e-05 2.26065e-05 2.16437e-05 5.12763e-05 5.76969e-05 8.6324e-05 0.000132804 0.000196068 0.000286671 0.000433424 0.000614714 0.000838365 0.00116052 0.00151565 0.00197359 0.00253692 0.0031637 0.00389256 0.00467914 0.00549364 0.00628298 0.00701166 0.00758687 0.00793802 0.00801842 0.00778406 0.00722145 0.00630767 0.0051112 0.00363634 0.00195073 0.000219761 -0.00143214 -0.0029382 -0.00421196 -0.00516937 -0.00580914 -0.00610773 -0.0061007 -0.00584133 -0.00538743 -0.00482699 -0.00424154 -0.00365044 -0.00307448 -0.00257531 -0.00215633 -0.00181617 -0.00155021 -0.00132943 -0.00113833 -0.00100584 -0.000917105 -0.000824596 -0.000740106 -0.000677604 -0.000628359 -0.00058353 -0.000546322 -0.000496775 -0.000455153 -0.000438331 -0.000417158 -0.000370602 -0.000340137 -0.000336306 -0.000315012 -0.000276832 -0.000257669 -0.000254148 -0.000230861 -0.000204278 -0.000190557 -0.000182831 -0.000160685 -0.000142932 -0.000129843 -0.000119052 -9.89379e-05 -8.54196e-05 -7.21281e-05 -5.9546e-05 -3.92623e-05 -2.77613e-05 -1.55501e-05 6.91867e-07 2.3655e-05 3.19591e-05 4.331e-05 6.78774e-05 9.3157e-05 9.64669e-05 0.000111263 0.00014759 0.000171768 0.000173549 0.000198256 0.000243446 0.00026648 0.000279437 0.000315534 0.000362492 0.00039777 0.000438578 0.000482532 0.000537081 0.000613161 0.000699726 0.00077715 0.000890294 0.00105985 0.00125944 0.00149683 0.00180298 0.00218379 0.00264464 0.00319125 0.00376568 0.00434351 0.00491236 0.00540784 0.00573839 0.00583778 0.00564421 0.00512894 0.0043094 0.00315728 0.00173568 0.000152188 -0.00151597 -0.003192 -0.00471578 -0.00598244 -0.00696511 -0.00761431 -0.00794296 -0.00794839 -0.00768593 -0.00718826 -0.00650849 -0.00573678 -0.00494253 -0.00416255 -0.00342611 -0.00279985 -0.00222267 -0.00174216 -0.00136958 -0.00104179 -0.000803854 -0.000621491 -0.000476649 -0.000366379 -0.000301164 -0.000243377 -0.000204897 -0.00020152 -0.00017047 -0.000172945 -0.000167241 -0.000151459 -0.000162082 -0.000150319 -0.000158949 -0.000158566 -0.000160181 -0.000164836 -0.000153998 -0.000163644 -0.000148364 -0.000151903 -0.000156152 -0.000142661 -0.000163502 -0.00015161 -0.000155293 -0.000166096 -0.000146301 -0.000163381 -0.000152287 
0 3.45899e-06 4.46813e-06 7.00747e-06 3.15976e-06 6.77033e-06 2.45723e-06 -1.03412e-06 6.35469e-06 -1.79084e-07 7.91869e-06 1.29392e-05 7.02066e-06 1.74887e-05 1.15499e-05 8.37213e-06 1.63503e-05 9.73798e-06 1.4221e-05 2.36329e-05 1.88404e-05 2.91367e-05 4.23827e-05 4.90765e-05 9.01487e-05 0.000135198 0.000203742 0.000316641 0.000452728 0.000656036 0.000918266 0.00127475 0.00172701 0.00228666 0.00298849 0.00379341 0.00474826 0.00582877 0.00700037 0.00821985 0.00942404 0.0104916 0.0113162 0.0118615 0.0119669 0.0116221 0.0107892 0.00943985 0.00761558 0.00540936 0.00295859 0.000383696 -0.00210282 -0.00437097 -0.00623312 -0.00766835 -0.00863827 -0.00910678 -0.00910377 -0.00871786 -0.00806767 -0.00723647 -0.00637413 -0.00547749 -0.00463579 -0.00387703 -0.00325557 -0.00273499 -0.00233461 -0.00199785 -0.00171376 -0.00151491 -0.00136847 -0.00123888 -0.00110581 -0.00102151 -0.000935075 -0.00088094 -0.000810922 -0.000752486 -0.000681185 -0.000663496 -0.000618459 -0.000565464 -0.000512821 -0.000508581 -0.000469934 -0.000424824 -0.000390656 -0.000383994 -0.000348426 -0.000314057 -0.000290546 -0.00027667 -0.000246015 -0.000219837 -0.000199882 -0.000181004 -0.000154533 -0.000132335 -0.000113224 -9.1829e-05 -6.53853e-05 -4.56814e-05 -2.70958e-05 -2.08621e-06 2.88736e-05 4.37781e-05 6.38999e-05 9.68641e-05 0.000133815 0.000141051 0.000169363 0.000213587 0.000254693 0.000257814 0.00030307 0.000355826 0.000402716 0.000417166 0.000481757 0.000537922 0.00060634 0.000655827 0.000736284 0.00080986 0.000933694 0.00105275 0.00118484 0.00135412 0.00160949 0.00191094 0.00227067 0.00273693 0.00330384 0.00400449 0.00480051 0.00566715 0.00651943 0.00737007 0.00807358 0.00855516 0.00869397 0.00840374 0.00761111 0.00635124 0.00466283 0.0025637 0.000192536 -0.00233675 -0.00478741 -0.00702621 -0.00892344 -0.0103998 -0.0113654 -0.0118493 -0.0118808 -0.0114542 -0.0107217 -0.00973748 -0.00860083 -0.00740515 -0.006246 -0.00515719 -0.00418166 -0.00335683 -0.00264138 -0.00206369 -0.00158498 -0.0012126 -0.00092327 -0.000701827 -0.00056039 -0.000440638 -0.000371109 -0.000325758 -0.000281699 -0.000267465 -0.000255809 -0.000243597 -0.000247122 -0.000246031 -0.000236349 -0.000242007 -0.000233664 -0.000226869 -0.00023557 -0.000226485 -0.000232931 -0.000239098 -0.000232151 -0.000240274 -0.000235913 -0.000230253 -0.000234341 -0.000227692 -0.000227127 -0.000231475 -0.000227968 -0.000231959 
0 1.18696e-06 -4.63741e-06 3.15976e-06 1.66087e-06 4.7579e-06 8.88743e-06 6.74784e-06 1.29662e-05 8.77398e-06 1.053e-05 1.09544e-05 7.58318e-06 1.40845e-05 1.07515e-05 1.64325e-05 1.85475e-05 1.69029e-05 2.462e-05 2.23435e-05 3.11624e-05 4.21402e-05 5.54805e-05 8.45795e-05 0.000122821 0.000182414 0.000275379 0.000413319 0.000604749 0.000882088 0.00124457 0.00171523 0.00232702 0.00306989 0.00398926 0.00508382 0.00634841 0.00778102 0.00933112 0.0109355 0.0124997 0.0139061 0.0150122 0.0157006 0.0158455 0.0153809 0.0142667 0.0124853 0.010104 0.00720717 0.00395321 0.000571327 -0.00269613 -0.00566694 -0.00816285 -0.0100774 -0.0113657 -0.0120004 -0.0120315 -0.0115596 -0.0107179 -0.00965119 -0.00850553 -0.00733872 -0.00622149 -0.00522478 -0.0043839 -0.00369425 -0.00314424 -0.00269118 -0.00231574 -0.00204058 -0.0018363 -0.00165555 -0.00148979 -0.00136227 -0.00125531 -0.0011686 -0.0010836 -0.000995822 -0.000916871 -0.000872066 -0.000818647 -0.000745912 -0.000687956 -0.000661514 -0.000617716 -0.000558877 -0.000518263 -0.00049516 -0.000455257 -0.000410394 -0.000379399 -0.00035393 -0.000318287 -0.000283449 -0.000255716 -0.000228021 -0.000195806 -0.0001659 -0.000138971 -0.000109556 -7.74413e-05 -4.97325e-05 -2.32332e-05 1.028e-05 4.59185e-05 7.10431e-05 9.89191e-05 0.000141634 0.000182163 0.000203966 0.000238934 0.000295298 0.000340188 0.000363312 0.000413383 0.000483338 0.000536591 0.000575695 0.000645668 0.000728049 0.000808417 0.000887321 0.000983179 0.00109626 0.00124681 0.00141144 0.00159166 0.00182978 0.00216317 0.00256933 0.00306236 0.00368295 0.00445018 0.00537474 0.00643514 0.00756688 0.00870322 0.00979778 0.0107203 0.0113276 0.0114786 0.0110634 0.0100163 0.00834973 0.00608309 0.00330322 0.000177304 -0.00311998 -0.0063672 -0.00933202 -0.0118318 -0.0137651 -0.0150516 -0.0156979 -0.0157294 -0.0152053 -0.0142353 -0.0129295 -0.0114282 -0.00985854 -0.00832122 -0.00688094 -0.00560098 -0.00448025 -0.00353026 -0.0027582 -0.00212215 -0.00162992 -0.00125052 -0.000960201 -0.000751105 -0.000602007 -0.000497216 -0.000428746 -0.000388235 -0.000355592 -0.000342436 -0.000329346 -0.000319554 -0.000320076 -0.000312127 -0.000316679 -0.000315363 -0.000314833 -0.000318557 -0.000311891 -0.000315004 -0.000309631 -0.000307955 -0.000310318 -0.000305194 -0.00031137 -0.000308674 -0.000310329 -0.000314106 -0.000307893 -0.000312856 -0.000307518 
0 4.08262e-06 5.18427e-07 6.77033e-06 4.7579e-06 3.14707e-06 8.7791e-06 7.47401e-06 9.97049e-06 1.23294e-05 1.23596e-05 1.36811e-05 1.56085e-05 1.64738e-05 1.62474e-05 2.1796e-05 1.97939e-05 2.28024e-05 3.01268e-05 2.68653e-05 4.13832e-05 5.24517e-05 6.78489e-05 0.000109711 0.000154804 0.000235793 0.000358376 0.000529225 0.000777532 0.00111945 0.00157748 0.00216671 0.00293102 0.00386897 0.00500925 0.00637965 0.00795017 0.00972458 0.0116443 0.0136271 0.015548 0.0172703 0.0186316 0.0194546 0.0196335 0.0190528 0.0176675 0.0154687 0.0125313 0.00896964 0.00497018 0.000821958 -0.00321157 -0.00687054 -0.00997279 -0.0123584 -0.0139719 -0.0147931 -0.0148762 -0.0143395 -0.0133357 -0.0120583 -0.010644 -0.00921502 -0.007835 -0.00660215 -0.0055423 -0.00467726 -0.00397113 -0.00339632 -0.00293058 -0.00257385 -0.00230406 -0.00207164 -0.00187396 -0.00170332 -0.00157366 -0.00145474 -0.00135199 -0.00123974 -0.00115377 -0.00107964 -0.00101437 -0.000928959 -0.000865546 -0.000813429 -0.000762936 -0.000696299 -0.000647647 -0.000605564 -0.000561406 -0.000509353 -0.000469038 -0.000430939 -0.000390735 -0.000348491 -0.000311771 -0.000275096 -0.000237369 -0.000200134 -0.000164567 -0.000127345 -8.98929e-05 -5.41989e-05 -1.85101e-05 2.25377e-05 6.20725e-05 9.82589e-05 0.000136119 0.000185761 0.000229134 0.000268094 0.000312344 0.000375529 0.000425007 0.000472302 0.000529041 0.000609815 0.000672694 0.000740022 0.000816711 0.00092141 0.00101744 0.00112655 0.00124156 0.00139549 0.0015736 0.00178404 0.00202071 0.00233395 0.00274538 0.00326046 0.003893 0.00467401 0.00564202 0.00678933 0.00810009 0.00948735 0.0108947 0.0122109 0.0133178 0.0140228 0.0141675 0.0136122 0.0122948 0.0102108 0.0073899 0.00396076 9.75076e-05 -0.00395083 -0.0079439 -0.011587 -0.0146693 -0.0170484 -0.0186498 -0.019455 -0.019491 -0.0188659 -0.0176732 -0.0160758 -0.0142335 -0.0123024 -0.0103971 -0.00861401 -0.00702435 -0.00562322 -0.00444613 -0.00347319 -0.00268054 -0.00205756 -0.00157716 -0.00121587 -0.000944591 -0.00076314 -0.000628653 -0.000538829 -0.000490252 -0.000445884 -0.000427509 -0.000415217 -0.00040221 -0.000401119 -0.000396804 -0.000394558 -0.000393415 -0.000393828 -0.000390541 -0.000390098 -0.000391759 -0.00038571 -0.000390577 -0.000388518 -0.000385356 -0.000392604 -0.000384281 -0.000386967 -0.000389173 -0.000380639 -0.00038965 -0.000385384 
0 -5.53324e-07 9.05809e-06 2.45723e-06 8.88743e-06 8.7791e-06 6.90323e-06 1.1337e-05 6.38215e-06 1.34965e-05 1.24909e-05 1.82463e-05 2.14695e-05 1.80947e-05 2.90946e-05 1.72974e-05 2.71089e-05 3.1056e-05 2.31861e-05 4.91725e-05 4.34858e-05 6.20963e-05 9.55718e-05 0.000119694 0.000196099 0.000294222 0.000440708 0.000657773 0.000964039 0.00136799 0.00191667 0.00264651 0.00353962 0.00468701 0.00606335 0.00767833 0.00956725 0.011669 0.0139428 0.01628 0.0185579 0.0205678 0.0221416 0.023112 0.0233014 0.0226068 0.0209604 0.0183783 0.0148875 0.0106872 0.00602187 0.00114672 -0.00362038 -0.00795914 -0.0116194 -0.0144763 -0.0164231 -0.0174554 -0.0176115 -0.0170343 -0.0159158 -0.0144473 -0.012798 -0.0111071 -0.00949259 -0.00801629 -0.00674968 -0.0056936 -0.00483052 -0.00412482 -0.00356638 -0.00312405 -0.00277602 -0.00249595 -0.00225502 -0.00205172 -0.00188386 -0.00174389 -0.00160688 -0.00148678 -0.00137913 -0.0012865 -0.0011939 -0.00111143 -0.00103075 -0.000960671 -0.000892798 -0.000829208 -0.000764549 -0.000708024 -0.000653877 -0.00060019 -0.000546466 -0.000497828 -0.000450676 -0.000402809 -0.00035595 -0.000310822 -0.000266835 -0.000222377 -0.000178266 -0.000133389 -9.01238e-05 -4.66671e-05 -1.13918e-06 4.59534e-05 9.08949e-05 0.000136541 0.000187586 0.00023921 0.000289585 0.000341791 0.000402236 0.000462081 0.000524656 0.000589023 0.000663303 0.000739536 0.000825331 0.000910112 0.00100769 0.00111731 0.00124429 0.00137089 0.0015208 0.00170281 0.00192034 0.00216853 0.00247541 0.00286415 0.00335835 0.00398689 0.00476174 0.00571611 0.00687691 0.00825526 0.00979034 0.0114334 0.0130813 0.0146092 0.0158506 0.0166256 0.0167387 0.016033 0.0144295 0.0119087 0.00857151 0.00452153 -4.47013e-05 -0.0048377 -0.00950333 -0.0137781 -0.0174266 -0.0202394 -0.0221389 -0.0230947 -0.0231657 -0.0224196 -0.0210319 -0.0191739 -0.0170106 -0.0147249 -0.0124704 -0.0103644 -0.00844019 -0.00679224 -0.00538302 -0.00419744 -0.00325968 -0.00249852 -0.00191185 -0.00147431 -0.00115924 -0.000920741 -0.000767409 -0.000665316 -0.000576748 -0.000549253 -0.000511691 -0.000493297 -0.000496489 -0.000477097 -0.000482182 -0.000474107 -0.000469751 -0.000469291 -0.000464472 -0.000470421 -0.000463531 -0.000472877 -0.000468698 -0.000465055 -0.0004735 -0.000458107 -0.000467688 -0.000464003 -0.000456107 -0.000470907 -0.000456389 -0.000464872 
0 -1.45886e-06 1.27126e-06 -1.03412e-06 6.74784e-06 7.47401e-06 1.1337e-05 1.84157e-05 1.34494e-05 2.24669e-05 1.84258e-05 1.35042e-05 2.35276e-05 1.51974e-05 2.28188e-05 3.17219e-05 2.60031e-05 3.85321e-05 4.12419e-05 4.0818e-05 6.18679e-05 7.73856e-05 0.000107037 0.000167836 0.00023674 0.000355264 0.000532125 0.000778592 0.0011416 0.00163034 0.00228988 0.00312835 0.00419887 0.00552497 0.00710968 0.00901806 0.0111971 0.0136236 0.0162377 0.0189123 0.0214742 0.0237633 0.0255706 0.0266296 0.0268392 0.0260227 0.0241169 0.021145 0.017192 0.0124193 0.00707009 0.00151997 -0.0039027 -0.00884186 -0.0130973 -0.0164164 -0.0186938 -0.0199346 -0.0202067 -0.0196442 -0.0184332 -0.0168194 -0.0149462 -0.0130402 -0.0111817 -0.0094911 -0.00800059 -0.00676405 -0.00572503 -0.00488916 -0.00422853 -0.00369131 -0.00326517 -0.00292007 -0.00264598 -0.00239137 -0.00220128 -0.00201495 -0.00186389 -0.00171333 -0.00160421 -0.00146915 -0.00136889 -0.00126883 -0.00118826 -0.00108272 -0.00101133 -0.000936191 -0.000867384 -0.000786066 -0.00072928 -0.00066582 -0.000605152 -0.00054125 -0.000489624 -0.000432791 -0.000378531 -0.000323605 -0.000273249 -0.000220599 -0.000169287 -0.000116366 -6.69446e-05 -1.46502e-05 3.82588e-05 9.33165e-05 0.000141848 0.000200491 0.000258739 0.000318243 0.000369135 0.00044278 0.00050804 0.000576248 0.000638569 0.00073458 0.00080905 0.000898227 0.000986399 0.00110964 0.0012066 0.00134144 0.0014758 0.00164351 0.00180854 0.0020367 0.00227736 0.00258117 0.00295153 0.00342702 0.00400659 0.00475076 0.00568188 0.00680433 0.00817261 0.00975677 0.0115311 0.013391 0.0152711 0.0169589 0.0183284 0.0191304 0.0191684 0.0182786 0.0164006 0.0134855 0.0095919 0.00493413 -0.000275442 -0.00569798 -0.0110461 -0.0159399 -0.0200954 -0.0233052 -0.0254987 -0.0266143 -0.0266927 -0.0259014 -0.0243242 -0.0221959 -0.0197335 -0.0171305 -0.0145372 -0.0121067 -0.00990746 -0.00795777 -0.00631931 -0.00494574 -0.00383807 -0.00295865 -0.00227679 -0.00176309 -0.00136921 -0.00110315 -0.000906498 -0.000773156 -0.000699205 -0.000637717 -0.000602067 -0.000585826 -0.000562857 -0.000555265 -0.000557844 -0.000547463 -0.000554984 -0.000557353 -0.000547897 -0.000555199 -0.000546396 -0.00054031 -0.00054563 -0.000537462 -0.000540275 -0.000544682 -0.00054033 -0.000545604 -0.000546078 -0.00054131 -0.000544591 -0.000540343 
0 2.1509e-06 1.29366e-05 6.35469e-06 1.29662e-05 9.97049e-06 6.38215e-06 1.34494e-05 8.79079e-06 1.82426e-05 1.82604e-05 2.30845e-05 3.14607e-05 2.51216e-05 3.58513e-05 2.9155e-05 3.2015e-05 4.16622e-05 3.74889e-05 5.90492e-05 6.78119e-05 8.95764e-05 0.000132728 0.000184238 0.000281791 0.000426415 0.000635956 0.000934962 0.00135847 0.001914 0.00266387 0.00364005 0.00485313 0.00638365 0.00820754 0.0103572 0.0128303 0.0155648 0.0184999 0.0214894 0.0243616 0.0268891 0.0288544 0.0300223 0.0302226 0.0292911 0.0271498 0.0238312 0.0193907 0.0140689 0.00816191 0.00200022 -0.00405609 -0.00960719 -0.0143713 -0.018134 -0.020758 -0.0222496 -0.0226538 -0.0221273 -0.0208814 -0.0191465 -0.0171009 -0.0149758 -0.0129097 -0.0109938 -0.00930126 -0.00786042 -0.00665192 -0.00567153 -0.0049022 -0.00426552 -0.00375134 -0.00334487 -0.00301945 -0.00273086 -0.00249723 -0.00228351 -0.00209673 -0.00193858 -0.00180287 -0.00164997 -0.00152087 -0.0014218 -0.00132072 -0.00120141 -0.00110864 -0.00103444 -0.000948375 -0.000856902 -0.000784682 -0.000718997 -0.000644468 -0.000573228 -0.000509366 -0.000447723 -0.00038284 -0.000322027 -0.000260764 -0.00020242 -0.000142171 -8.40914e-05 -2.43393e-05 3.36598e-05 9.61553e-05 0.000155001 0.000213933 0.000278907 0.000349335 0.000409656 0.000472708 0.000554837 0.000635608 0.000700897 0.000779986 0.000887691 0.000981195 0.00106647 0.00117822 0.00131653 0.00143846 0.00157668 0.00174153 0.00193118 0.00213607 0.00239138 0.00267657 0.00302955 0.00347803 0.00403995 0.00471624 0.00558548 0.00666953 0.00797951 0.00953887 0.0113381 0.0133128 0.0153909 0.0174545 0.019287 0.0207103 0.0215021 0.0214463 0.0203587 0.0181639 0.0148229 0.0104541 0.00523573 -0.000592169 -0.0066566 -0.0125716 -0.0179994 -0.0226462 -0.0262473 -0.0287114 -0.0299757 -0.0300985 -0.0292128 -0.0274889 -0.0251536 -0.0224211 -0.0195105 -0.0166036 -0.0138655 -0.0113581 -0.00916942 -0.00730144 -0.00572272 -0.00445736 -0.00343318 -0.00263784 -0.00204232 -0.00159875 -0.00127761 -0.00105741 -0.000904568 -0.000794262 -0.000738736 -0.000689392 -0.000668313 -0.000660246 -0.000641538 -0.000645692 -0.000631819 -0.000628257 -0.000627269 -0.000618204 -0.000626445 -0.000620658 -0.000626126 -0.000627128 -0.000622791 -0.000628871 -0.000618341 -0.000621255 -0.000618179 -0.000611864 -0.000620463 -0.000613324 -0.000619928 
0 -2.48805e-06 4.70755e-06 -1.79084e-07 8.77398e-06 1.23294e-05 1.34965e-05 2.24669e-05 1.82426e-05 2.23071e-05 2.18127e-05 2.2789e-05 2.70682e-05 2.45031e-05 3.51556e-05 3.32214e-05 4.01933e-05 4.94031e-05 4.71093e-05 6.84086e-05 7.90892e-05 0.000107154 0.000160052 0.000222774 0.000337678 0.000501432 0.000739622 0.00108454 0.00156748 0.00221289 0.00306989 0.00417965 0.00555497 0.00727065 0.00932213 0.0117272 0.0144869 0.0175204 0.0207538 0.0240242 0.0271481 0.029891 0.0320078 0.0332587 0.0334355 0.0323821 0.0300107 0.0263626 0.021516 0.0157125 0.00927278 0.00254942 -0.00405263 -0.0101456 -0.0154116 -0.019615 -0.0225882 -0.0243344 -0.024912 -0.024475 -0.0232392 -0.0214232 -0.0192449 -0.0169369 -0.0146767 -0.0125528 -0.0106573 -0.00901274 -0.00762581 -0.00649536 -0.00560012 -0.0048576 -0.00424845 -0.00377009 -0.00338498 -0.0030573 -0.00277659 -0.00252819 -0.002307 -0.00213273 -0.00196891 -0.00179548 -0.00164122 -0.00153206 -0.00141202 -0.00127843 -0.00116635 -0.00108353 -0.000983987 -0.00088143 -0.000794467 -0.000720389 -0.000635927 -0.000555458 -0.000480035 -0.000410025 -0.000337544 -0.000268691 -0.000197682 -0.000131162 -6.46092e-05 6.15214e-07 6.94526e-05 0.000135346 0.000203915 0.000268981 0.000337421 0.000410193 0.000487574 0.000553027 0.000627162 0.0007175 0.000807468 0.000876905 0.000969727 0.00108715 0.00119424 0.00128368 0.00141279 0.00156494 0.00170848 0.0018548 0.00204375 0.00225799 0.00250075 0.00278323 0.00311421 0.00352271 0.0040506 0.00470037 0.005485 0.00648296 0.00772672 0.00922376 0.0109758 0.0129754 0.015144 0.0174114 0.019622 0.0215604 0.0230065 0.0237446 0.0235458 0.0222384 0.0197326 0.0159891 0.0111365 0.00538087 -0.000987653 -0.00760598 -0.0140617 -0.0199992 -0.0250814 -0.0290392 -0.0317565 -0.033172 -0.03335 -0.0324152 -0.0305649 -0.0280257 -0.0250462 -0.021857 -0.0186608 -0.0156294 -0.0128389 -0.0103896 -0.00828406 -0.00651322 -0.00508328 -0.00393142 -0.0030337 -0.00235114 -0.00184388 -0.00146866 -0.00121241 -0.00103548 -0.000908426 -0.000841756 -0.000783689 -0.000753154 -0.000738035 -0.000717459 -0.000718433 -0.00071036 -0.000710387 -0.00071094 -0.000706634 -0.000709472 -0.000701768 -0.000704358 -0.00069894 -0.000695482 -0.000701037 -0.000692733 -0.000700715 -0.000699858 -0.000695638 -0.000703794 -0.000693477 -0.000696634 
0 3.15608e-06 6.14045e-06 7.91869e-06 1.053e-05 1.23596e-05 1.24909e-05 1.84258e-05 1.82604e-05 2.18127e-05 3.06821e-05 2.41495e-05 3.28593e-05 3.49961e-05 2.99364e-05 4.73458e-05 4.00251e-05 4.91839e-05 6.63967e-05 6.31227e-05 9.86777e-05 0.000127605 0.00017593 0.000272173 0.00039209 0.000586354 0.000864872 0.00126016 0.00179951 0.00253663 0.00350468 0.00472693 0.00629079 0.00818431 0.0104556 0.0131267 0.0161469 0.0194678 0.0229766 0.0265205 0.0298554 0.0327858 0.0350343 0.0363249 0.0364741 0.035298 0.0327195 0.028746 0.0235445 0.0173202 0.0103995 0.00318716 -0.00390237 -0.0104757 -0.0162243 -0.0208364 -0.0241666 -0.0261788 -0.0269673 -0.0266624 -0.0254736 -0.0236266 -0.0213505 -0.0189016 -0.0164534 -0.0141469 -0.0120418 -0.0102017 -0.00862445 -0.00734091 -0.0063013 -0.00544727 -0.00473939 -0.0041772 -0.00372972 -0.00335254 -0.00302932 -0.00273513 -0.00249009 -0.00228345 -0.00209931 -0.00189742 -0.00173057 -0.00159306 -0.00146324 -0.00130953 -0.00118698 -0.00108073 -0.000976361 -0.000857427 -0.00076096 -0.000669093 -0.000581033 -0.000486416 -0.000403076 -0.000319365 -0.00024313 -0.000162197 -8.48199e-05 -6.51447e-06 6.34496e-05 0.000139136 0.000213579 0.000290876 0.000361327 0.000436679 0.000510841 0.000595222 0.000672369 0.000750277 0.000830426 0.000932765 0.00102178 0.00110794 0.00120626 0.00133754 0.00144705 0.00155742 0.00169175 0.00186429 0.00201952 0.00218985 0.00239121 0.00264099 0.00291472 0.00323485 0.00361062 0.00408781 0.00469566 0.00543888 0.00634581 0.00747717 0.00888984 0.0105672 0.0125175 0.014692 0.0170489 0.0194646 0.0217889 0.0237755 0.0252056 0.0258409 0.0254593 0.0239035 0.0210676 0.0169447 0.0116221 0.00537726 -0.00148371 -0.00857793 -0.015529 -0.0219145 -0.027372 -0.0316647 -0.0346209 -0.0361898 -0.0364106 -0.0354649 -0.0335071 -0.0307958 -0.0276109 -0.0241731 -0.0207081 -0.0173877 -0.0143505 -0.0116299 -0.00929999 -0.00734952 -0.00573266 -0.00445381 -0.00344439 -0.0026715 -0.00208948 -0.00167528 -0.00137357 -0.00116152 -0.00103794 -0.000932031 -0.000880172 -0.00084867 -0.000812414 -0.000811913 -0.000797465 -0.000790932 -0.000793856 -0.00078538 -0.000785684 -0.000782744 -0.000780924 -0.000778591 -0.000780107 -0.000779306 -0.000775774 -0.000781055 -0.000773605 -0.000775092 -0.000777774 -0.000769079 -0.000777654 -0.000773335 
0 5.36826e-06 5.16094e-06 1.29392e-05 1.09544e-05 1.36811e-05 1.82463e-05 1.35042e-05 2.30845e-05 2.2789e-05 2.41495e-05 3.58851e-05 3.11344e-05 4.16778e-05 4.55756e-05 3.90985e-05 5.38989e-05 5.37112e-05 6.22685e-05 8.86104e-05 0.000105542 0.000148792 0.000215021 0.000304858 0.000457286 0.000680441 0.000998605 0.00144831 0.00206654 0.00288373 0.00394915 0.00533011 0.00703608 0.00913104 0.0116454 0.0145401 0.0178228 0.0214133 0.0251749 0.0289381 0.0325016 0.0355737 0.0378865 0.0392273 0.0393195 0.0380209 0.0352459 0.0310201 0.0254649 0.0188557 0.0115665 0.00394873 -0.0035793 -0.0106228 -0.0167619 -0.0217641 -0.0254507 -0.0277732 -0.0287891 -0.0286502 -0.0275644 -0.0257279 -0.0234159 -0.0208393 -0.0182498 -0.0157545 -0.0134677 -0.0114126 -0.00965909 -0.00819854 -0.00700791 -0.00602796 -0.00521359 -0.00456203 -0.00403358 -0.00361113 -0.00322423 -0.0028999 -0.00260879 -0.0023834 -0.0021523 -0.00194667 -0.00174419 -0.00159321 -0.00142955 -0.00127884 -0.00112519 -0.00100881 -0.000881472 -0.000762876 -0.000641235 -0.000542584 -0.000437901 -0.000339747 -0.000238178 -0.000149475 -5.95625e-05 2.6181e-05 0.000116607 0.000199481 0.000281436 0.000360667 0.000446742 0.000527818 0.00060884 0.000685805 0.000774185 0.000859242 0.000946592 0.00102552 0.0011248 0.00122189 0.00132415 0.00141264 0.00153438 0.00165492 0.00178612 0.0019003 0.00206056 0.00222529 0.00241455 0.00259077 0.00282496 0.00308834 0.00341168 0.00375714 0.00419488 0.00473777 0.00543294 0.00627395 0.0073096 0.00859129 0.01016 0.012032 0.0141552 0.0165112 0.0190078 0.0215603 0.0239382 0.0259415 0.0272851 0.0277747 0.0271901 0.0253619 0.0221727 0.0176483 0.0119437 0.00525517 -0.00205811 -0.00960865 -0.0169392 -0.0236989 -0.0295223 -0.0341152 -0.0372885 -0.0390015 -0.0393117 -0.0383227 -0.0363073 -0.0334851 -0.0301066 -0.0264452 -0.0227408 -0.019159 -0.0158457 -0.0129128 -0.0103508 -0.00819486 -0.00642568 -0.00499104 -0.00386696 -0.00300603 -0.00236224 -0.00188269 -0.00154779 -0.00131251 -0.00114245 -0.00104505 -0.000975858 -0.00092887 -0.000914064 -0.000891546 -0.000879222 -0.000878156 -0.000863465 -0.000862837 -0.000863862 -0.000857506 -0.000862031 -0.000861607 -0.000857741 -0.000860205 -0.000857427 -0.000853282 -0.000855591 -0.000851525 -0.000849864 -0.000853901 -0.000849213 -0.000852277 
0 1.69835e-06 -5.0228e-07 7.02066e-06 7.58318e-06 1.56085e-05 2.14695e-05 2.35276e-05 3.14607e-05 2.70682e-05 3.28593e-05 3.11344e-05 3.15619e-05 4.18533e-05 3.52868e-05 5.34638e-05 5.77667e-05 6.15459e-05 8.68475e-05 8.91621e-05 0.000126804 0.000174924 0.000241554 0.000367588 0.000533747 0.0007842 0.00114377 0.00164741 0.00232773 0.00325222 0.00444555 0.0059516 0.00784825 0.0101214 0.0128428 0.0159903 0.0195212 0.0233637 0.0273529 0.0313272 0.0350245 0.0382132 0.0406082 0.0419446 0.0419755 0.0405506 0.0375914 0.0331021 0.0273027 0.0204052 0.0127596 0.00478021 -0.00309164 -0.0104817 -0.0170194 -0.0223965 -0.0264366 -0.0290495 -0.0303405 -0.030421 -0.0294754 -0.0277047 -0.0253892 -0.0227502 -0.020026 -0.0173806 -0.0148972 -0.0126538 -0.0107034 -0.00906868 -0.00770197 -0.00658937 -0.00565709 -0.00490245 -0.00428943 -0.00379829 -0.00335572 -0.00298052 -0.00265862 -0.0023842 -0.0021246 -0.00189125 -0.00167496 -0.00148099 -0.00130349 -0.00113271 -0.000968533 -0.000818128 -0.000684673 -0.000547011 -0.000416951 -0.000294261 -0.000185332 -6.85308e-05 3.78648e-05 0.000143794 0.00023852 0.000340765 0.00043255 0.000529813 0.000616164 0.000709046 0.000794849 0.000889665 0.000972211 0.00106175 0.0011503 0.00124813 0.00133266 0.00142704 0.00152755 0.00163472 0.00173164 0.00184225 0.00196485 0.002093 0.00222211 0.0023649 0.00252562 0.00270181 0.00289972 0.00310761 0.00335263 0.00364635 0.00400092 0.00439131 0.004884 0.00550378 0.00628621 0.00722923 0.00840733 0.00983659 0.0115764 0.0136163 0.0159221 0.0184213 0.0210571 0.0236825 0.0260793 0.0280323 0.0292675 0.0295616 0.0287103 0.0265889 0.0230657 0.0181843 0.0120587 0.00497793 -0.00269237 -0.010585 -0.0183004 -0.0254037 -0.0315019 -0.0363599 -0.0397399 -0.0416038 -0.0419928 -0.041049 -0.0389781 -0.0360394 -0.0325207 -0.0286704 -0.0247499 -0.0209259 -0.0173853 -0.0141893 -0.0114078 -0.00907301 -0.00712127 -0.00556367 -0.00432777 -0.00336632 -0.00264104 -0.00211153 -0.00172424 -0.00145544 -0.00128469 -0.00114809 -0.00107858 -0.00102362 -0.000981153 -0.00097527 -0.000951815 -0.000954102 -0.00095337 -0.000945537 -0.00095107 -0.000941331 -0.00094167 -0.000936342 -0.000932614 -0.000934242 -0.00092884 -0.000934786 -0.000932061 -0.000933 -0.000936189 -0.000929654 -0.000933681 -0.000928917 
0 7.98687e-06 8.52202e-06 1.74887e-05 1.40845e-05 1.64738e-05 1.80947e-05 1.51974e-05 2.51216e-05 2.45031e-05 3.49961e-05 4.16778e-05 4.18533e-05 5.3143e-05 4.69582e-05 5.77299e-05 6.10855e-05 6.32894e-05 9.09508e-05 0.000102165 0.000146279 0.000204146 0.000281257 0.000422837 0.000612772 0.000902374 0.00131429 0.0018807 0.00264327 0.00365637 0.00496122 0.00660908 0.00867202 0.0111461 0.014091 0.0174697 0.0212294 0.0253009 0.0294952 0.0336475 0.0374908 0.0407597 0.0431771 0.0444837 0.0444401 0.0428905 0.039769 0.0350772 0.0290335 0.0218807 0.0139853 0.00575179 -0.00242209 -0.0101359 -0.0169948 -0.0226957 -0.0270754 -0.0300178 -0.0315999 -0.0319245 -0.0311581 -0.0295086 -0.0272385 -0.0245716 -0.02175 -0.0189663 -0.0163061 -0.0138736 -0.0117328 -0.00990685 -0.00836034 -0.00709584 -0.00603933 -0.00517049 -0.00446473 -0.00389214 -0.00338743 -0.0029612 -0.00259995 -0.00227474 -0.00197876 -0.00172138 -0.00148244 -0.0012502 -0.0010485 -0.000862005 -0.000679189 -0.000501526 -0.000350677 -0.000198607 -5.31458e-05 8.69156e-05 0.000210625 0.000341126 0.000458297 0.000575195 0.000683969 0.000797455 0.000895661 0.00100101 0.00110006 0.00120076 0.00129061 0.00139233 0.00148451 0.00157978 0.0016723 0.00177537 0.00186556 0.00196712 0.00207263 0.0021819 0.0022821 0.00240545 0.00253349 0.00266115 0.00279556 0.0029586 0.00312572 0.00330566 0.00351686 0.00375353 0.00401614 0.00433562 0.00472427 0.00516682 0.00572091 0.00642322 0.007296 0.00835516 0.00967703 0.0112671 0.0131694 0.0153762 0.0178424 0.0204716 0.0232024 0.0258635 0.0282289 0.030072 0.0311344 0.03119 0.0300574 0.0276055 0.0237206 0.0184842 0.0120242 0.0046078 -0.0034022 -0.0115977 -0.0195853 -0.0269461 -0.0333049 -0.0383959 -0.0419679 -0.0439768 -0.0444549 -0.043547 -0.0414686 -0.0384818 -0.0348488 -0.0308401 -0.026725 -0.0226799 -0.0189159 -0.0155046 -0.012516 -0.00998434 -0.0078624 -0.00615113 -0.00479121 -0.00373633 -0.0029341 -0.0023477 -0.00191326 -0.00160697 -0.00140705 -0.00125386 -0.00117567 -0.00111707 -0.00107752 -0.00106748 -0.00104108 -0.00103744 -0.00102789 -0.00101882 -0.00102109 -0.00101315 -0.00101892 -0.0010163 -0.00101701 -0.00101949 -0.00101243 -0.00101565 -0.00100913 -0.00100754 -0.00100944 -0.00100382 -0.00100978 -0.00100792 
0 4.34454e-06 -7.95258e-07 1.15499e-05 1.07515e-05 1.62474e-05 2.90946e-05 2.28188e-05 3.58513e-05 3.51556e-05 2.99364e-05 4.55756e-05 3.52868e-05 4.69582e-05 6.00977e-05 5.34397e-05 7.70946e-05 8.21663e-05 9.64154e-05 0.000132694 0.000163586 0.000234524 0.000334777 0.000485286 0.000710887 0.00103428 0.0014956 0.00211703 0.0029748 0.00408764 0.00551491 0.00733503 0.00954923 0.0122272 0.0153843 0.0189796 0.0229674 0.0272474 0.031631 0.0359056 0.0398602 0.0431708 0.0455845 0.0468533 0.0467194 0.0450441 0.0417556 0.0369182 0.0306875 0.0233543 0.0152725 0.00684307 -0.0015509 -0.00951516 -0.0166324 -0.022646 -0.0273426 -0.0306271 -0.0325143 -0.0331239 -0.0325834 -0.0311029 -0.0289285 -0.0262751 -0.0234037 -0.0204928 -0.017681 -0.0150584 -0.012735 -0.0106998 -0.00896964 -0.00752923 -0.00633654 -0.00533988 -0.00452731 -0.003858 -0.0032787 -0.00279848 -0.00238205 -0.00200636 -0.00166131 -0.0013812 -0.00110539 -0.000843585 -0.000603219 -0.000404322 -0.000191703 3.24836e-06 0.000185808 0.000347128 0.000516761 0.000665881 0.000816414 0.000954372 0.00108988 0.00121082 0.00134304 0.00146131 0.00157282 0.0016794 0.00179906 0.00190104 0.00200109 0.00210196 0.00221195 0.00230542 0.0024072 0.00250673 0.0026123 0.002711 0.00282626 0.00292846 0.00304284 0.00316543 0.00330425 0.00342238 0.00357167 0.00373989 0.00392047 0.00409481 0.00432475 0.0045799 0.00486793 0.00520489 0.00563004 0.00612691 0.00674787 0.00753284 0.00849753 0.00968426 0.0111458 0.0129049 0.0149564 0.0173242 0.0199202 0.0226671 0.0254438 0.0280974 0.0303734 0.0320605 0.0328995 0.032671 0.0312249 0.0284218 0.0241966 0.0186096 0.0118529 0.00414862 -0.00411865 -0.0125576 -0.0207609 -0.028336 -0.0349183 -0.0401876 -0.0439422 -0.0460987 -0.0467046 -0.0458542 -0.0438023 -0.0407923 -0.0370666 -0.0329434 -0.0286622 -0.0244321 -0.0204408 -0.0168263 -0.0136264 -0.0108919 -0.00862583 -0.00675827 -0.00528301 -0.00413031 -0.0032455 -0.00258997 -0.00211041 -0.00177555 -0.00153309 -0.00138192 -0.00127596 -0.00120018 -0.0011701 -0.00113228 -0.00111967 -0.00111725 -0.00110091 -0.00110893 -0.00110374 -0.00109785 -0.00110209 -0.00109333 -0.00109227 -0.00109197 -0.00108882 -0.00108934 -0.00109027 -0.00108918 -0.00108844 -0.00108994 -0.00108619 -0.00108662 
0 1.27465e-06 1.28666e-05 8.37213e-06 1.64325e-05 2.1796e-05 1.72974e-05 3.17219e-05 2.9155e-05 3.32214e-05 4.73458e-05 3.90985e-05 5.34638e-05 5.77299e-05 5.34397e-05 7.42122e-05 7.46003e-05 9.15434e-05 0.000120474 0.000140851 0.00019777 0.000274468 0.000386414 0.000566436 0.000825115 0.00118727 0.00170069 0.00240672 0.00332985 0.00455991 0.00612888 0.00807558 0.0104877 0.0133594 0.0167113 0.0205317 0.0247369 0.029196 0.0337372 0.0381509 0.0421433 0.0454758 0.0478782 0.0490637 0.0488269 0.047029 0.0436115 0.038613 0.032271 0.0248347 0.0166241 0.00804732 -0.000487304 -0.00859439 -0.0159487 -0.0222268 -0.0272269 -0.0308232 -0.0330501 -0.0339665 -0.0336904 -0.0324215 -0.03038 -0.0278029 -0.024903 -0.0219089 -0.0189441 -0.0161662 -0.0136398 -0.0114101 -0.00947336 -0.00785383 -0.00650138 -0.00537171 -0.00443856 -0.00365555 -0.00300031 -0.00244726 -0.0019793 -0.00153423 -0.00115391 -0.000822889 -0.000525646 -0.000214431 4.7439e-05 0.000288102 0.00051066 0.000743585 0.000941769 0.00113697 0.00131204 0.00149033 0.0016526 0.00181715 0.0019555 0.00209845 0.00223912 0.00237795 0.00248946 0.00261272 0.0027375 0.00285568 0.00295201 0.00306615 0.0031777 0.00328498 0.00337856 0.00348984 0.00359342 0.00370565 0.00380819 0.00392248 0.00403182 0.00416971 0.00429366 0.00442574 0.00456833 0.0047566 0.00492736 0.00511934 0.00534723 0.0056351 0.00593544 0.00630493 0.00675723 0.00732174 0.00801313 0.00888283 0.00995134 0.0112667 0.0128824 0.0147933 0.0170084 0.0194999 0.0222214 0.0250355 0.0278368 0.0304101 0.0325507 0.0340167 0.0345899 0.0340405 0.0322253 0.0290616 0.0244997 0.01861 0.0115452 0.00362034 -0.00483062 -0.0134386 -0.0218313 -0.0295676 -0.0362878 -0.0417302 -0.0456503 -0.0479566 -0.0486776 -0.0479503 -0.045939 -0.0429196 -0.0391779 -0.0349583 -0.030538 -0.026148 -0.0219765 -0.0181397 -0.0147555 -0.0118474 -0.00938958 -0.00739741 -0.00579263 -0.00452634 -0.00356552 -0.0028426 -0.00230871 -0.00193212 -0.00167555 -0.00148636 -0.00137417 -0.00130073 -0.00124111 -0.00122571 -0.00120245 -0.00118968 -0.0011933 -0.00117744 -0.00117994 -0.00117825 -0.00117032 -0.00117589 -0.00117099 -0.00117016 -0.00117171 -0.0011682 -0.00116858 -0.00116768 -0.00116649 -0.00116596 -0.00116575 -0.00116518 
0 6.88577e-06 8.47613e-06 1.63503e-05 1.85475e-05 1.97939e-05 2.71089e-05 2.60031e-05 3.2015e-05 4.01933e-05 4.00251e-05 5.38989e-05 5.77667e-05 6.10855e-05 7.70946e-05 7.46003e-05 9.20529e-05 0.000109971 0.000124465 0.00017756 0.000230603 0.000321563 0.000463638 0.000656012 0.000949757 0.00136279 0.0019389 0.00271347 0.0037515 0.00508408 0.00677593 0.00889991 0.0114673 0.0145473 0.0181156 0.0221419 0.0265354 0.0311616 0.0358454 0.0403232 0.0443837 0.0477094 0.0500376 0.0511291 0.0507855 0.0488624 0.0453187 0.0402612 0.0338134 0.0262973 0.0180497 0.00944847 0.000832065 -0.00741243 -0.0149106 -0.0213948 -0.0266545 -0.0306024 -0.0331579 -0.0344 -0.0344178 -0.033409 -0.0315529 -0.0290827 -0.0262116 -0.0231458 -0.0200755 -0.0171306 -0.0144263 -0.0119792 -0.00984799 -0.00801698 -0.00649971 -0.00521501 -0.00414921 -0.00323907 -0.0024918 -0.00186091 -0.00131821 -0.000815078 -0.00037654 -2.79144e-06 0.000343034 0.000680847 0.000991888 0.00125847 0.0015178 0.00176539 0.0020065 0.00221598 0.00242161 0.00260905 0.00280622 0.00297706 0.00314184 0.00328919 0.00345681 0.00359686 0.0037308 0.00385308 0.00399893 0.00411473 0.00422887 0.00433658 0.00446611 0.00456769 0.00467386 0.00477457 0.00489557 0.00499836 0.00510859 0.00521126 0.00533825 0.0054635 0.0055929 0.00571649 0.00587527 0.00605327 0.0062338 0.00642548 0.00666914 0.0069668 0.00729509 0.00768859 0.00817759 0.00880811 0.00957543 0.0105362 0.011706 0.0131687 0.0149214 0.0169951 0.0193412 0.0219608 0.0247545 0.0276191 0.030373 0.0328304 0.0347735 0.0359665 0.0362097 0.0353019 0.0331275 0.0295662 0.0246593 0.0184747 0.0112159 0.00310169 -0.00551901 -0.0142516 -0.0227148 -0.0305517 -0.0374294 -0.0429892 -0.0470651 -0.0495263 -0.0503911 -0.0497657 -0.0478632 -0.0449045 -0.0411374 -0.0368741 -0.0323436 -0.0278152 -0.0234674 -0.0194686 -0.0158947 -0.0127894 -0.0101877 -0.00802683 -0.00629944 -0.00494012 -0.00389058 -0.00309685 -0.00251521 -0.00209614 -0.00179265 -0.00160637 -0.00146668 -0.00138428 -0.00134207 -0.00129525 -0.00128469 -0.00126912 -0.00125564 -0.00125958 -0.00125064 -0.00125225 -0.00125409 -0.00125014 -0.00125275 -0.00125056 -0.00124816 -0.00124831 -0.00124557 -0.00124489 -0.00124483 -0.00124351 -0.00124445 -0.00124405 
0 2.35926e-06 5.73282e-06 9.73798e-06 1.69029e-05 2.28024e-05 3.1056e-05 3.85321e-05 4.16622e-05 4.94031e-05 4.91839e-05 5.37112e-05 6.15459e-05 6.32894e-05 8.21663e-05 9.15434e-05 0.000109971 0.000138232 0.000159927 0.000216572 0.000277857 0.00038142 0.000547182 0.00076845 0.00111005 0.00157131 0.00220773 0.00306765 0.00419526 0.0056565 0.00750223 0.00979049 0.0125474 0.0158236 0.0195824 0.0238048 0.0283906 0.0331642 0.037965 0.0425061 0.0465583 0.0498426 0.052099 0.0530909 0.0526247 0.0505839 0.0469361 0.0418065 0.0353409 0.0278489 0.0196171 0.0110008 0.00238846 -0.0058705 -0.0134646 -0.020133 -0.0256356 -0.0298822 -0.0327751 -0.0343642 -0.0347188 -0.0339944 -0.0323657 -0.0300527 -0.0272501 -0.0241551 -0.0209969 -0.0179113 -0.0150233 -0.0123728 -0.0100288 -0.00798419 -0.00627454 -0.00482622 -0.0036037 -0.00255908 -0.00170211 -0.000978525 -0.000349224 0.000218285 0.00071866 0.00115142 0.00154652 0.00192009 0.00227596 0.00258419 0.00287503 0.0031503 0.00342568 0.00366318 0.00389219 0.00410375 0.00432412 0.00451319 0.00469731 0.00486366 0.00504435 0.0051968 0.00534632 0.00548051 0.00563212 0.00575689 0.00588133 0.00599358 0.00612531 0.00623273 0.00634222 0.00644216 0.00656521 0.00666923 0.00677576 0.00687647 0.00700705 0.0071273 0.0072499 0.00737479 0.00753817 0.00770842 0.00788887 0.0080888 0.008342 0.00864728 0.00900137 0.00942387 0.00995418 0.0106476 0.0115001 0.0125495 0.0138343 0.0154361 0.0173335 0.0195466 0.0220207 0.0247319 0.0275726 0.0304358 0.0330996 0.0353747 0.0370604 0.0379395 0.0378123 0.0365063 0.0339214 0.0299856 0.0247657 0.0183127 0.0108413 0.00260633 -0.0060737 -0.0148789 -0.0234157 -0.0313175 -0.0382637 -0.04393 -0.0481492 -0.0507738 -0.0518116 -0.0513433 -0.0495548 -0.0466612 -0.0429379 -0.03866 -0.0340603 -0.0294284 -0.0249261 -0.020748 -0.0170007 -0.0137287 -0.0109653 -0.0086727 -0.00681934 -0.00534541 -0.00421312 -0.00334416 -0.00271236 -0.00225828 -0.00192595 -0.00171727 -0.00155756 -0.00146231 -0.00140665 -0.00136133 -0.00135142 -0.00133705 -0.00133418 -0.00133581 -0.00132989 -0.00133184 -0.00132776 -0.00132581 -0.00132557 -0.0013242 -0.00132474 -0.00132511 -0.00132493 -0.00132465 -0.00132462 -0.00132325 -0.00132362 -0.00132272 
