0 0 0 0 0 0 0 0 0 0 0 0 0 0 0 0 0 0 0 0 0 0 0 0 0 0 0 0 0 0 0 0 0 0 0 0 0 0 0 0 0 0 0 0 0 0 0 0 0 0 0 0 0 0 0 0 0 0 0 0 0 0 0 0 0 0 0 0 0 0 0 0 0 0 0 0 0 0 0 0 0 0 0 0 0 0 0 0 0 0 0 0 0 0 0 0 0 0 0 0 0 0 0 0 0 0 0 0 0 0 0 0 0 0 0 0 0 0 0 0 0 0 0 0 0 0 0 0 0 0 0 0 0 0 0 0 0 0 0 0 0 0 0 0 0 0 0 0 0 0 0 0 0 0 0 0 0 0 0 0 0 0 0 0 0 0 0 0 0 0 0 0 0 0 0 0 0 0 0 0 0 0 0 0 0 0 0 0 0 0 0 0 0 0 0 0 0 0 0 0 
0 -5.40189e-06 7.59019e-06 -8.89468e-06 1.48848e-06 6.39368e-06 -4.04319e-06 1.29762e-05 3.46435e-06 2.32411e-06 9.51977e-06 -2.88159e-06 5.27446e-06 4.26705e-06 3.90698e-06 9.17257e-06 5.87226e-06 1.00111e-05 4.10103e-06 9.55236e-06 1.08506e-05 6.24853e-06 1.84421e-05 9.32044e-06 6.73171e-06 1.28208e-05 4.23089e-06 7.61197e-06 1.7351e-05 1.55685e-05 1.13631e-05 2.04135e-05 1.41857e-05 9.33069e-06 2.76428e-05 2.41864e-05 2.01929e-05 3.09556e-05 3.32041e-05 4.36031e-05 6.99042e-05 0.000105108 0.000143225 0.000194866 0.000283837 0.000407349 0.000549159 0.000715594 0.000946408 0.0012257 0.00153771 0.00190836 0.00231953 0.00275998 0.00320599 0.00362978 0.00398153 0.00424377 0.00437896 0.00434569 0.00415079 0.00377108 0.00320992 0.00247951 0.00163978 0.000715667 -0.000208316 -0.00107026 -0.00183015 -0.00245653 -0.00291258 -0.00318315 -0.00328961 -0.00322471 -0.00304462 -0.00278621 -0.00249626 -0.00216257 -0.00184296 -0.00154663 -0.0012979 -0.0010782 -0.000907904 -0.000758732 -0.000637447 -0.000545532 -0.000485925 -0.00042443 -0.000361671 -0.000320068 -0.000296391 -0.000265493 -0.000221891 -0.000196119 -0.000180538 -0.000160312 -0.000124342 -0.00010433 -9.02494e-05 -7.36745e-05 -4.00979e-05 -2.11715e-05 -7.21484e-06 9.70407e-06 4.52736e-05 6.74045e-05 8.25026e-05 0.000103827 0.000146066 0.000177826 0.000199785 0.000234254 0.000292396 0.000350199 0.000402989 0.000481315 0.000589078 0.000722698 0.000875195 0.00107349 0.00130125 0.00157623 0.00188064 0.0022097 0.00250524 0.00277922 0.00299037 0.003106 0.00306211 0.00286408 0.00248297 0.00192989 0.00123168 0.000422684 -0.000467937 -0.00138051 -0.00223171 -0.00299089 -0.00359708 -0.00403014 -0.00427886 -0.00436863 -0.00428501 -0.00406758 -0.003749 -0.00335165 -0.00292067 -0.00248703 -0.00207187 -0.0016912 -0.00137698 -0.00109488 -0.000849409 -0.000664483 -0.00052441 -0.000407653 -0.000307802 -0.000239315 -0.000199332 -0.000173207 -0.00014324 -0.000126269 -0.000123214 -0.000105074 -0.000104282 -0.000115183 -0.00010194 -9.82536e-05 -0.000103116 -9.71675e-05 -9.62665e-05 -0.000106877 -0.000104726 -9.76209e-05 -0.000105507 -9.67943e-05 -9.54659e-05 -0.000102609 -9.65339e-05 -9.9913e-05 -9.60814e-05 -9.58257e-05 -9.32803e-05 -9.18537e-05 -0.000100746 -9.23652e-05 -0.000102043 -0.000101431 -9.01895e-05 -0.00010281 -8.82011e-05 -9.00833e-05 -9.92561e-05 -8.50546e-05 -0.000100858 -9.69585e-05 -9.0638e-05 -0.000103883 -8.89537e-05 -9.51814e-05 
0 7.59019e-06 -1.27359e-06 8.88943e-06 9.76614e-06 -2.73858e-06 8.53255e-06 5.14166e-07 -3.24594e-06 1.4389e-05 2.67727e-06 1.23859e-05 2.05594e-05 4.75096e-06 1.72706e-05 1.25783e-05 6.92617e-06 1.82856e-05 1.65246e-05 1.4082e-05 1.72199e-05 1.96125e-05 6.65688e-06 2.28502e-05 2.66747e-05 1.68324e-05 4.21355e-05 2.31837e-05 2.22848e-05 2.79163e-05 1.94982e-05 3.35525e-05 2.53347e-05 4.16702e-05 2.83026e-05 2.7112e-05 5.20663e-05 5.61328e-05 7.93096e-05 0.000103649 0.000152971 0.000184342 0.000290826 0.000435799 0.000575192 0.000798032 0.00108059 0.00146114 0.00189674 0.00243828 0.00306714 0.00381406 0.00464409 0.00550069 0.00640559 0.00723468 0.00795294 0.00846038 0.00873473 0.00866857 0.0082769 0.00752661 0.00639841 0.00496229 0.00327393 0.00145576 -0.000398386 -0.00210106 -0.00363016 -0.00486891 -0.00578876 -0.00633215 -0.00654919 -0.00643382 -0.00607726 -0.00557878 -0.00498957 -0.00434479 -0.00369438 -0.00312076 -0.00260469 -0.00218349 -0.00182237 -0.00153971 -0.00128088 -0.00111085 -0.0009724 -0.00086143 -0.000726378 -0.0006529 -0.000591601 -0.000537473 -0.000446034 -0.000400356 -0.000360156 -0.000323765 -0.000250713 -0.000214105 -0.000179866 -0.000148968 -8.19799e-05 -4.71004e-05 -1.35636e-05 1.77922e-05 8.92254e-05 0.000128838 0.000166728 0.000204689 0.000291845 0.000347179 0.00040295 0.000463391 0.000587155 0.000690296 0.000812818 0.00095649 0.00118651 0.00143799 0.00176255 0.00214113 0.00261547 0.00314707 0.00376946 0.00440444 0.00500811 0.0055378 0.00596169 0.00617657 0.00608989 0.00568931 0.0049242 0.00382983 0.00242912 0.000830774 -0.000954121 -0.0027482 -0.00445879 -0.00594947 -0.0071693 -0.0080219 -0.00852801 -0.00870281 -0.00853692 -0.0081174 -0.00747606 -0.00670221 -0.00582384 -0.00498192 -0.0041545 -0.00340509 -0.00274709 -0.00218451 -0.00173505 -0.00135135 -0.00104191 -0.00078093 -0.000639748 -0.000500508 -0.000385253 -0.000325605 -0.000278993 -0.000254936 -0.000229875 -0.000238513 -0.000212796 -0.000207835 -0.000209867 -0.000207692 -0.000217126 -0.00019975 -0.000215285 -0.000194603 -0.000188947 -0.000207092 -0.000189352 -0.000200403 -0.000202196 -0.000193806 -0.000191716 -0.00019802 -0.000194901 -0.00019173 -0.000208541 -0.000189657 -0.000192573 -0.000197697 -0.000174803 -0.000193068 -0.00018869 -0.000183409 -0.000202888 -0.000189383 -0.000192431 -0.000196858 -0.000181484 -0.000188813 -0.000187445 -0.000180344 -0.000191802 -0.000188457 
0 -8.89468e-06 8.88943e-06 -7.76582e-06 4.77567e-06 1.08201e-05 1.27933e-06 2.13588e-05 1.00458e-05 1.11726e-05 1.75637e-05 4.2868e-06 1.58256e-05 1.29195e-05 1.63128e-05 2.27998e-05 1.86435e-05 2.6519e-05 1.86351e-05 2.59869e-05 2.93498e-05 2.45942e-05 3.8996e-05 3.03219e-05 2.71539e-05 3.31004e-05 2.70367e-05 2.95021e-05 4.35185e-05 4.44401e-05 3.80541e-05 5.24787e-05 4.41156e-05 4.1938e-05 6.6298e-05 6.49351e-05 6.88681e-05 8.90535e-05 0.000107573 0.000144746 0.00021593 0.000310882 0.000438703 0.000615262 0.000869993 0.0012239 0.0016535 0.00218047 0.00285985 0.00368208 0.00462853 0.00573172 0.00695709 0.00825794 0.00957982 0.0108218 0.0118675 0.0126333 0.0130206 0.012927 0.0123375 0.0112099 0.00954351 0.00739848 0.00490691 0.0021934 -0.000536494 -0.0030912 -0.00535226 -0.00721163 -0.00857759 -0.00940849 -0.00973882 -0.00958698 -0.00908037 -0.00834244 -0.00747743 -0.00651447 -0.00556595 -0.00469298 -0.00393574 -0.00328585 -0.0027575 -0.0023118 -0.0019436 -0.00166725 -0.00146732 -0.00128251 -0.00110252 -0.000976055 -0.000889604 -0.000794604 -0.000677691 -0.000597457 -0.000540948 -0.000475412 -0.000382555 -0.00031862 -0.000270012 -0.000213814 -0.000128308 -6.78455e-05 -1.99422e-05 3.77729e-05 0.00012907 0.000197502 0.000251499 0.000321902 0.000433952 0.000528586 0.000607936 0.000716508 0.000881264 0.00105236 0.00122926 0.00146734 0.00179341 0.00219224 0.00266649 0.00325403 0.00394891 0.00476279 0.00567011 0.00662097 0.00750538 0.00829515 0.00889966 0.00920154 0.00905937 0.0084419 0.00729819 0.0056525 0.00357646 0.00117305 -0.00145978 -0.00414106 -0.00666589 -0.00889697 -0.0106948 -0.0119781 -0.0127305 -0.0129889 -0.0127554 -0.0121214 -0.011179 -0.0100143 -0.00873738 -0.00745553 -0.00622442 -0.00510121 -0.00413769 -0.00329672 -0.00258245 -0.00201975 -0.00157932 -0.00122045 -0.000942187 -0.000737413 -0.000601114 -0.000510152 -0.000432662 -0.000384042 -0.000360876 -0.000330383 -0.000319846 -0.000330123 -0.000310163 -0.000303227 -0.000308706 -0.000297354 -0.000299446 -0.000309661 -0.000306003 -0.000299141 -0.000305287 -0.000294662 -0.000292974 -0.000300725 -0.000291802 -0.000296916 -0.000290415 -0.000287851 -0.00028723 -0.000282054 -0.000293853 -0.000285563 -0.000293945 -0.00029582 -0.000280841 -0.000293878 -0.000277941 -0.000277745 -0.000288755 -0.000272772 -0.000290294 -0.000286344 -0.000280162 -0.000295594 -0.000276932 -0.000283888 
0 1.48848e-06 9.76614e-06 4.77567e-06 7.69128e-06 8.56743e-06 6.30998e-06 1.20593e-05 9.55752e-06 1.49293e-05 1.85597e-05 1.77354e-05 2.46174e-05 2.15162e-05 2.3976e-05 2.65256e-05 2.42863e-05 3.0722e-05 3.0277e-05 3.21985e-05 3.54852e-05 3.41702e-05 3.73343e-05 4.05688e-05 4.31061e-05 4.69458e-05 5.09962e-05 4.88615e-05 5.16456e-05 5.28356e-05 5.17208e-05 6.08394e-05 6.06269e-05 6.50966e-05 7.27967e-05 7.69491e-05 9.47239e-05 0.00012038 0.00015462 0.000210135 0.00029609 0.000413917 0.000597678 0.000852226 0.00118464 0.00163496 0.00221233 0.00293873 0.00383626 0.00491706 0.00618331 0.0076483 0.00927083 0.0109866 0.0127256 0.0143542 0.0157331 0.0167327 0.0172304 0.0171085 0.0163212 0.0148281 0.0126309 0.00981595 0.00653344 0.00297586 -0.000612866 -0.00398525 -0.00697553 -0.00943487 -0.0112542 -0.0123806 -0.0128388 -0.0126805 -0.0120473 -0.0111009 -0.00996313 -0.00871459 -0.00746784 -0.00631669 -0.00530245 -0.00443916 -0.00372129 -0.00312428 -0.00263135 -0.00225764 -0.00197227 -0.0017227 -0.00149107 -0.00131898 -0.0011895 -0.00105983 -0.000916388 -0.00080667 -0.000721693 -0.000630237 -0.000519106 -0.000431128 -0.000359423 -0.000279602 -0.000178149 -9.52161e-05 -2.47626e-05 5.74543e-05 0.000166138 0.00025852 0.000339142 0.000438431 0.00057461 0.000700361 0.000818463 0.000969128 0.0011791 0.00140691 0.00165897 0.00198313 0.00241857 0.00295205 0.00359719 0.00437893 0.00531127 0.00638855 0.00758522 0.00882028 0.00998717 0.0110088 0.0117773 0.0121349 0.0119274 0.0110827 0.00955647 0.00737725 0.00463252 0.001456 -0.0020067 -0.00552262 -0.00884783 -0.0117762 -0.0141443 -0.0158411 -0.0168456 -0.0171838 -0.0168896 -0.0160655 -0.014828 -0.0133022 -0.0116234 -0.00993474 -0.00831322 -0.00682904 -0.00552997 -0.00441505 -0.00348306 -0.00272336 -0.00211254 -0.00163025 -0.00127507 -0.0010037 -0.000803706 -0.000669899 -0.000574888 -0.000513339 -0.00047768 -0.000452815 -0.000432753 -0.000426819 -0.000417538 -0.000414216 -0.000415968 -0.000408217 -0.000407511 -0.000403315 -0.00039851 -0.000398834 -0.000397839 -0.000395749 -0.000395621 -0.000393887 -0.000389655 -0.000392318 -0.000389114 -0.000389562 -0.000391673 -0.000385504 -0.000387781 -0.000382681 -0.000379854 -0.000382438 -0.000377691 -0.00038238 -0.00038165 -0.000380455 -0.000383413 -0.000378164 -0.000379837 -0.000376918 -0.000373961 -0.000377646 -0.000373883 -0.00037814 
0 6.39368e-06 -2.73858e-06 1.08201e-05 8.56743e-06 7.84316e-06 1.88932e-05 8.88909e-06 1.6313e-05 2.13026e-05 1.60845e-05 2.69555e-05 2.58003e-05 2.6637e-05 3.12459e-05 3.11404e-05 3.39058e-05 3.48724e-05 4.24084e-05 3.91295e-05 4.28859e-05 5.0257e-05 4.05051e-05 5.29301e-05 5.57733e-05 5.11687e-05 6.4948e-05 6.24067e-05 6.10045e-05 6.63588e-05 7.13982e-05 7.12462e-05 7.69891e-05 9.07195e-05 8.55268e-05 9.93607e-05 0.000124921 0.000148862 0.000197188 0.000270444 0.000378747 0.000526554 0.000760542 0.00108779 0.00150822 0.00206725 0.00279342 0.0037164 0.00483174 0.00617652 0.00776302 0.00957754 0.0115839 0.0137008 0.0158361 0.0178262 0.0195182 0.0207321 0.0213261 0.021172 0.0201864 0.0183367 0.0156304 0.0121795 0.00814494 0.00379133 -0.000612403 -0.00476989 -0.00846485 -0.0115073 -0.0137765 -0.0152078 -0.015811 -0.0156777 -0.0149516 -0.013825 -0.0124344 -0.0109241 -0.00939582 -0.00797605 -0.0067062 -0.00562873 -0.00471463 -0.00396308 -0.00334395 -0.00286722 -0.00248604 -0.00216887 -0.00188927 -0.00166917 -0.00148942 -0.00132361 -0.00115923 -0.00101926 -0.000900976 -0.000782195 -0.000658025 -0.000545443 -0.000446934 -0.000341862 -0.000229299 -0.000123282 -2.6475e-05 8.21753e-05 0.000203264 0.000320121 0.000432411 0.00056316 0.000718334 0.000875678 0.00103979 0.00123684 0.0014888 0.00177506 0.00211225 0.0025297 0.00307668 0.00374822 0.00457164 0.00555033 0.00672106 0.00805576 0.0095285 0.0110262 0.0124575 0.0136853 0.0145854 0.014965 0.0146709 0.0135839 0.011672 0.00896867 0.0055732 0.00164837 -0.00260709 -0.00691382 -0.0110021 -0.0145939 -0.0175082 -0.0196061 -0.02086 -0.0212779 -0.0209323 -0.0199321 -0.0184141 -0.0165479 -0.014487 -0.0124025 -0.0103983 -0.00856518 -0.00693645 -0.00554584 -0.0043911 -0.00343479 -0.00266372 -0.00205983 -0.00161661 -0.00127441 -0.00101849 -0.000845291 -0.000730211 -0.000651753 -0.000594708 -0.000572807 -0.000546518 -0.000525607 -0.000526077 -0.000519778 -0.000513481 -0.000510386 -0.000512041 -0.000500247 -0.000498595 -0.000505626 -0.000492566 -0.000498136 -0.000497854 -0.000488017 -0.000491905 -0.000488381 -0.000487175 -0.00048552 -0.000487341 -0.000483664 -0.00047846 -0.000484764 -0.00047395 -0.000477184 -0.000482116 -0.000470172 -0.000481832 -0.000476218 -0.000469396 -0.000480213 -0.000467445 -0.000472313 -0.00047656 -0.00046547 -0.000476967 -0.000470613 
0 -4.04319e-06 8.53255e-06 1.27933e-06 6.30998e-06 1.88932e-05 9.36163e-06 2.26328e-05 2.83417e-05 1.66717e-05 3.08534e-05 2.49856e-05 2.1631e-05 3.77365e-05 3.15767e-05 3.82348e-05 4.69507e-05 4.22458e-05 4.45248e-05 5.18056e-05 5.23527e-05 5.19152e-05 6.97014e-05 5.9154e-05 5.91503e-05 7.305e-05 5.4925e-05 7.33325e-05 7.97539e-05 8.09645e-05 8.976e-05 8.5949e-05 9.97289e-05 8.98507e-05 0.000117449 0.000137168 0.000143523 0.000187304 0.000238985 0.00032871 0.000453475 0.000676437 0.000938976 0.00130412 0.00184588 0.00253153 0.00341459 0.00449105 0.00584923 0.00746598 0.00936781 0.0115156 0.013883 0.0164041 0.0188925 0.0212345 0.0231958 0.0246195 0.0252846 0.0250958 0.0239138 0.0217138 0.0185361 0.0144722 0.00975293 0.00463846 -0.00050955 -0.00542952 -0.00978252 -0.0134036 -0.016109 -0.0178608 -0.0186311 -0.0185564 -0.0177833 -0.016502 -0.014901 -0.0131401 -0.011368 -0.00967361 -0.00817196 -0.00685796 -0.00576173 -0.00483153 -0.0041014 -0.00349553 -0.00302649 -0.0026212 -0.00230852 -0.0020234 -0.00180055 -0.00158516 -0.00141213 -0.00123179 -0.00108563 -0.000930702 -0.000802393 -0.000658446 -0.000537066 -0.000400146 -0.000283834 -0.000148691 -2.9171e-05 0.000112725 0.000237827 0.000386742 0.000526024 0.000698022 0.000860777 0.00106109 0.00126473 0.00152444 0.0018044 0.00216699 0.00258147 0.00311768 0.00376213 0.00459501 0.00558325 0.00678325 0.00817115 0.00977386 0.0114875 0.0132419 0.0148961 0.0163111 0.0172953 0.0176659 0.0172555 0.0159099 0.0136162 0.0103905 0.00638135 0.00172663 -0.00325754 -0.0083231 -0.0131059 -0.0173396 -0.0207559 -0.0232496 -0.0247409 -0.0252432 -0.0248635 -0.0236931 -0.0219292 -0.0197301 -0.0173361 -0.0148535 -0.0124849 -0.0103045 -0.00837472 -0.00671123 -0.00529564 -0.00415721 -0.00324143 -0.00253713 -0.00194761 -0.00153984 -0.00125748 -0.00103689 -0.000890535 -0.000787779 -0.000730605 -0.000669079 -0.000661304 -0.000646645 -0.000626479 -0.000621825 -0.000607678 -0.000615119 -0.000599075 -0.000613262 -0.000612426 -0.000592964 -0.000606849 -0.000592513 -0.000588933 -0.000595375 -0.000591822 -0.000585132 -0.000585216 -0.000584444 -0.000569091 -0.000582826 -0.000578895 -0.000571627 -0.000590196 -0.000572344 -0.000573222 -0.000579368 -0.000558969 -0.000571107 -0.000569607 -0.000560198 -0.000575842 -0.000567165 -0.000565695 -0.000575532 -0.000561759 -0.000566376 
0 1.29762e-05 5.14166e-07 2.13588e-05 1.20593e-05 8.88909e-06 2.26328e-05 8.80991e-06 2.30883e-05 2.50576e-05 2.57947e-05 4.19289e-05 3.50966e-05 4.46446e-05 4.16264e-05 4.15369e-05 4.99448e-05 4.35135e-05 6.07986e-05 5.57994e-05 5.75584e-05 6.96253e-05 5.65062e-05 7.17056e-05 7.96249e-05 7.90172e-05 9.05562e-05 9.41051e-05 8.52849e-05 8.73594e-05 0.000102656 9.34712e-05 0.000112394 0.00012736 0.000118642 0.000145626 0.000177389 0.00022331 0.000299042 0.000409886 0.000563216 0.000790766 0.00112672 0.00159493 0.0022119 0.00299143 0.004023 0.00532719 0.00689306 0.00876486 0.0109689 0.01346 0.0161876 0.0190582 0.0219002 0.0245445 0.0267767 0.0283601 0.0291008 0.0288574 0.0274867 0.0249579 0.0213251 0.0167102 0.0113398 0.00555149 -0.00031326 -0.00591822 -0.0109205 -0.015079 -0.0182348 -0.0203047 -0.02128 -0.0213017 -0.0205224 -0.0191373 -0.0173522 -0.0153875 -0.0133749 -0.0114455 -0.00969391 -0.00816718 -0.00685669 -0.00577023 -0.00489393 -0.00417672 -0.00358558 -0.00311157 -0.00273617 -0.0024051 -0.00211425 -0.00186709 -0.00166337 -0.00145984 -0.00126804 -0.00109206 -0.000942278 -0.000781312 -0.000622973 -0.000467869 -0.000332448 -0.000181391 -2.55657e-05 0.000135029 0.000280284 0.00044673 0.000629251 0.000825262 0.0010154 0.00124103 0.00150654 0.00180951 0.00214429 0.00256304 0.00308612 0.00372268 0.00449872 0.00546996 0.00665543 0.00805386 0.00968207 0.011515 0.0134731 0.0154394 0.0172995 0.0188503 0.0198861 0.0202058 0.0196451 0.0180349 0.0153471 0.0116316 0.0070163 0.00170378 -0.00398354 -0.00972048 -0.0151659 -0.0199704 -0.023875 -0.0267322 -0.0284593 -0.0290554 -0.0286413 -0.0273452 -0.0253445 -0.0228656 -0.0201278 -0.0173079 -0.0145907 -0.0120773 -0.00982081 -0.00788662 -0.00627436 -0.00492235 -0.00382348 -0.00298143 -0.00233441 -0.00184646 -0.00147658 -0.001215 -0.00104525 -0.000930845 -0.000848734 -0.000807159 -0.000775355 -0.000735076 -0.000740525 -0.000734473 -0.000719726 -0.000725737 -0.000714879 -0.000700259 -0.000699128 -0.000702976 -0.000690756 -0.000698742 -0.00069623 -0.000681165 -0.000691138 -0.000679956 -0.000684107 -0.000687125 -0.000680861 -0.000685689 -0.000670581 -0.000674281 -0.000665909 -0.000660808 -0.000674046 -0.000660387 -0.000673588 -0.000672113 -0.000660706 -0.000675258 -0.000656222 -0.000659748 -0.000664714 -0.000648256 -0.000666991 -0.000659566 
0 3.46435e-06 -3.24594e-06 1.00458e-05 9.55752e-06 1.6313e-05 2.83417e-05 2.30883e-05 3.28131e-05 3.06895e-05 3.06242e-05 3.81711e-05 3.24743e-05 4.48443e-05 4.70384e-05 4.99952e-05 6.14485e-05 5.59439e-05 6.47464e-05 6.68437e-05 6.76082e-05 7.85612e-05 7.84007e-05 8.2585e-05 8.53415e-05 8.52217e-05 8.77517e-05 9.7448e-05 0.000102135 0.000109642 0.000120761 0.000116009 0.000129485 0.000138289 0.000149961 0.00018305 0.000209985 0.000260608 0.000346661 0.00047284 0.000662519 0.000949352 0.00133074 0.00185582 0.00257996 0.00350605 0.00469381 0.00617016 0.00796514 0.0101122 0.0126156 0.015421 0.0184812 0.0216897 0.0248446 0.0277654 0.0302147 0.0319426 0.0327309 0.0324234 0.0308644 0.0280247 0.0239752 0.0188495 0.0129061 0.00649847 -3.51887e-06 -0.00624508 -0.0118395 -0.0165214 -0.0201089 -0.0225101 -0.0237175 -0.0238749 -0.0231358 -0.0216898 -0.0197737 -0.0176287 -0.0154131 -0.0132572 -0.0112788 -0.00952519 -0.00801256 -0.006751 -0.00573263 -0.0048822 -0.00417748 -0.00361629 -0.00318093 -0.00278989 -0.0024419 -0.00215144 -0.00192 -0.00168506 -0.00145765 -0.00125345 -0.00108412 -0.000900043 -0.000713055 -0.000534598 -0.000381226 -0.000207993 -2.36566e-05 0.000160723 0.000324896 0.000517204 0.000734338 0.000961574 0.00117724 0.00144071 0.00175893 0.00211809 0.00250613 0.00300008 0.00362467 0.00438338 0.00528902 0.00641938 0.00779231 0.00940739 0.0112577 0.013318 0.0154863 0.0176479 0.0196631 0.0213103 0.022348 0.0225767 0.0218286 0.0199335 0.0168569 0.0126561 0.00747655 0.00154427 -0.00477637 -0.011138 -0.0171699 -0.0225074 -0.0268573 -0.0300592 -0.0320102 -0.0327076 -0.0322779 -0.0308638 -0.0286652 -0.0259261 -0.0228895 -0.0197367 -0.0166818 -0.0138503 -0.0113037 -0.00909452 -0.00723271 -0.00569298 -0.00445288 -0.00348169 -0.0027104 -0.00214292 -0.00173352 -0.00143084 -0.0012229 -0.00108271 -0.000981815 -0.000919542 -0.00089005 -0.000856609 -0.000844515 -0.000831325 -0.000814937 -0.000817097 -0.000811063 -0.000809953 -0.000809794 -0.000804326 -0.000797407 -0.000796798 -0.000792081 -0.00078842 -0.000792416 -0.000780958 -0.000781676 -0.000776548 -0.000767835 -0.000775345 -0.000767594 -0.000772982 -0.000774398 -0.000766903 -0.000771796 -0.000761398 -0.000760834 -0.000759657 -0.000752795 -0.000760442 -0.000755977 -0.000759042 -0.000762829 -0.00075569 -0.000760393 -0.000754151 
0 2.32411e-06 1.4389e-05 1.11726e-05 1.49293e-05 2.13026e-05 1.66717e-05 2.50576e-05 3.06895e-05 3.20617e-05 4.17369e-05 4.30063e-05 4.51186e-05 5.23616e-05 5.38613e-05 5.54821e-05 6.31037e-05 6.65192e-05 6.59135e-05 7.78216e-05 7.81458e-05 7.8117e-05 9.42986e-05 8.90592e-05 9.60621e-05 0.000108037 0.000102312 0.000112754 0.000116454 0.000121459 0.000125679 0.000133016 0.000147702 0.00014825 0.000175593 0.000205189 0.00023958 0.000309597 0.000413191 0.000562134 0.000777797 0.00111507 0.00155562 0.00215805 0.00298118 0.00403678 0.00538207 0.00704149 0.00907174 0.0114785 0.0142674 0.017383 0.0207611 0.0242774 0.0277139 0.0308816 0.0335125 0.0353597 0.0361755 0.0357913 0.0340498 0.0309217 0.0264902 0.0209047 0.0144575 0.00749736 0.00042695 -0.00638779 -0.0125273 -0.0177086 -0.0217182 -0.0244618 -0.0259353 -0.0262695 -0.0256188 -0.0241659 -0.0221729 -0.0198838 -0.0174969 -0.0151367 -0.0129453 -0.0109649 -0.00925119 -0.00780619 -0.00663357 -0.00563891 -0.00481751 -0.00415884 -0.00365057 -0.00319366 -0.0027903 -0.00245204 -0.00218397 -0.00191571 -0.00165609 -0.00142251 -0.00122697 -0.001019 -0.000806636 -0.000605204 -0.000428074 -0.00023183 -2.2436e-05 0.000184574 0.000373608 0.000593526 0.000841238 0.00109872 0.00134716 0.00165272 0.00202052 0.00243788 0.00288956 0.00346782 0.00419533 0.00508411 0.00613033 0.00742829 0.00898843 0.0108221 0.0128849 0.0151546 0.017506 0.019833 0.0219553 0.0236485 0.0246411 0.0247392 0.0237674 0.0215724 0.0181123 0.0134456 0.00774294 0.00125124 -0.00563491 -0.0125542 -0.0191007 -0.0249149 -0.0296701 -0.0331905 -0.0353543 -0.036162 -0.0357352 -0.0342297 -0.0318719 -0.0289048 -0.0256022 -0.0221539 -0.0187895 -0.015646 -0.0128143 -0.0103445 -0.00824176 -0.0065077 -0.00510211 -0.00399669 -0.00311571 -0.00246587 -0.00199442 -0.00163752 -0.00139387 -0.00123002 -0.00112261 -0.00103991 -0.00100245 -0.000974316 -0.000947307 -0.000940557 -0.000929064 -0.000925061 -0.000913307 -0.000913707 -0.000909608 -0.000895239 -0.00090357 -0.000893484 -0.000887013 -0.00089225 -0.000882904 -0.000880318 -0.000881365 -0.00087764 -0.000872475 -0.00087515 -0.000870695 -0.000862915 -0.000868935 -0.000859583 -0.000857081 -0.000864033 -0.000853163 -0.000859601 -0.00086054 -0.000850057 -0.000858986 -0.000850813 -0.00084691 -0.000856022 -0.000845282 -0.000851496 
0 9.51977e-06 2.67727e-06 1.75637e-05 1.85597e-05 1.60845e-05 3.08534e-05 2.57947e-05 3.06242e-05 4.17369e-05 3.67413e-05 4.80811e-05 5.62293e-05 5.39917e-05 6.12537e-05 6.58483e-05 6.58104e-05 7.13236e-05 8.29759e-05 8.03199e-05 8.70134e-05 9.92877e-05 8.73392e-05 0.000103425 0.000111913 0.000106377 0.000127467 0.000126197 0.000127566 0.000132403 0.000142423 0.000150666 0.00015535 0.00018924 0.000191861 0.000221577 0.000283968 0.000356168 0.000478274 0.000654456 0.000923001 0.00126732 0.00178912 0.00250219 0.00341292 0.00459332 0.00608827 0.00797515 0.0102176 0.01288 0.0159374 0.0193603 0.0230376 0.0268106 0.0305127 0.0338704 0.0366642 0.0385775 0.0394123 0.0389265 0.0370132 0.0336212 0.0288387 0.0228635 0.0159676 0.00854866 0.000964154 -0.00632976 -0.0129804 -0.0186098 -0.0230424 -0.0261252 -0.0279026 -0.0284487 -0.0279331 -0.0265357 -0.0245138 -0.0221352 -0.019597 -0.0170765 -0.014669 -0.012489 -0.0105563 -0.008943 -0.00758104 -0.00645555 -0.00549361 -0.00474825 -0.00413289 -0.00362389 -0.00314916 -0.00277636 -0.00244646 -0.00215841 -0.00185579 -0.00160585 -0.00136491 -0.00114479 -0.000898094 -0.000685786 -0.000467833 -0.000259302 -1.60245e-05 0.000201086 0.000433655 0.000670278 0.000958974 0.00123244 0.00153766 0.00187448 0.00230721 0.00276788 0.0033157 0.00396966 0.00482413 0.00582921 0.00705173 0.00850515 0.0102747 0.0123032 0.0145886 0.0170277 0.0195501 0.0219915 0.0241817 0.0258562 0.0267597 0.0266848 0.0254501 0.0229455 0.0190943 0.0139991 0.00779751 0.00082967 -0.00657452 -0.013961 -0.0209723 -0.0271877 -0.0323194 -0.0361239 -0.0384905 -0.0394214 -0.0390038 -0.03745 -0.0349511 -0.0318108 -0.0282468 -0.0245535 -0.0208992 -0.0174606 -0.0143402 -0.0116098 -0.00930329 -0.00735197 -0.00577331 -0.00451431 -0.00356774 -0.00281898 -0.00225247 -0.00186381 -0.0015822 -0.00139219 -0.00125483 -0.00118667 -0.00111495 -0.00107398 -0.00106643 -0.0010438 -0.00103745 -0.00102576 -0.00102442 -0.00100618 -0.00100346 -0.00101161 -0.000991386 -0.000999942 -0.000995392 -0.000980952 -0.000985234 -0.000981091 -0.000976575 -0.000975971 -0.000978302 -0.000966798 -0.000965149 -0.000967773 -0.000951764 -0.000961834 -0.00096091 -0.000948784 -0.000963721 -0.000951544 -0.000947536 -0.000958845 -0.000941198 -0.000949006 -0.000951553 -0.000937383 -0.000952919 -0.000944788 
0 -2.88159e-06 1.23859e-05 4.2868e-06 1.77354e-05 2.69555e-05 2.49856e-05 4.19289e-05 3.81711e-05 4.30063e-05 4.80811e-05 4.59786e-05 5.59819e-05 5.32475e-05 6.84943e-05 7.24103e-05 7.49584e-05 9.18553e-05 7.84602e-05 9.45257e-05 9.95499e-05 9.38421e-05 0.00011917 0.000112146 0.000115544 0.000125108 0.000122868 0.000128975 0.000144868 0.000158322 0.000154097 0.000177146 0.000178724 0.000186899 0.000230566 0.000263327 0.000324722 0.000408511 0.000546604 0.000747983 0.00104633 0.00148132 0.00205911 0.00282986 0.00385171 0.00520483 0.00687242 0.00891379 0.0113964 0.0143178 0.0176533 0.0213404 0.0252835 0.0293059 0.0332194 0.0367478 0.0396338 0.0416097 0.0424134 0.0418308 0.0397385 0.0361103 0.0310228 0.0247059 0.0174502 0.00962545 0.00163249 -0.0060945 -0.0131695 -0.019235 -0.0240501 -0.0275 -0.0295916 -0.0303975 -0.03006 -0.0287774 -0.0267896 -0.0243613 -0.0217244 -0.0190558 -0.0164715 -0.0140816 -0.0119597 -0.0101454 -0.00860842 -0.00731672 -0.00623761 -0.00536698 -0.00465738 -0.00406287 -0.00354238 -0.00310525 -0.00273012 -0.00239555 -0.00207459 -0.00178482 -0.00151594 -0.00126095 -0.0010024 -0.000758094 -0.000516479 -0.000274078 -1.91629e-05 0.000229646 0.000488717 0.000765607 0.00107113 0.00138522 0.00173081 0.00212852 0.00260092 0.00313545 0.00376577 0.00453445 0.00549315 0.00664914 0.00803344 0.00967911 0.0116312 0.013871 0.0163423 0.0189477 0.021591 0.0241172 0.0263122 0.0279149 0.0286789 0.0283849 0.0268663 0.0240202 0.0198043 0.0142845 0.007659 0.000252407 -0.00756785 -0.0153748 -0.0227579 -0.0293315 -0.0347827 -0.038846 -0.0414077 -0.0424581 -0.0420909 -0.0404897 -0.0379093 -0.0346112 -0.0308546 -0.026915 -0.0229938 -0.0192882 -0.0159117 -0.0129262 -0.0103508 -0.0082276 -0.00650329 -0.00509668 -0.00400043 -0.00316971 -0.0025645 -0.00210865 -0.00178492 -0.00155723 -0.00140566 -0.00130271 -0.00123693 -0.00121238 -0.0011638 -0.00114561 -0.00113895 -0.00111975 -0.00112106 -0.00112221 -0.00111501 -0.00110045 -0.00110741 -0.00109183 -0.00108758 -0.00109989 -0.00107856 -0.00108544 -0.00107653 -0.00106378 -0.00106968 -0.00105931 -0.00106689 -0.00106299 -0.00106306 -0.00106324 -0.00105105 -0.00105795 -0.00104461 -0.00104466 -0.00105052 -0.00103694 -0.00105082 -0.00104543 -0.00104019 -0.00105236 -0.00103643 -0.00104219 
0 5.27446e-06 2.05594e-05 1.58256e-05 2.46174e-05 2.58003e-05 2.1631e-05 3.50966e-05 3.24743e-05 4.51186e-05 5.62293e-05 5.59819e-05 7.09807e-05 6.67477e-05 7.41096e-05 7.85513e-05 7.40628e-05 9.17955e-05 8.94207e-05 0.000100403 0.00011064 0.000105848 0.000120365 0.000120984 0.000129575 0.000142584 0.000147594 0.000152967 0.000157007 0.000160696 0.000163342 0.000185813 0.000194875 0.000218685 0.000253424 0.000283089 0.000365242 0.000473421 0.000633912 0.000875961 0.00121213 0.00167837 0.00233637 0.00322169 0.00435563 0.00582494 0.00765334 0.00990982 0.0126237 0.0157783 0.0193627 0.0233199 0.0275103 0.0317424 0.0358323 0.0394873 0.0424453 0.0444356 0.0451916 0.0444925 0.0422345 0.0383888 0.033041 0.0264441 0.0188909 0.0107448 0.00241275 -0.00566353 -0.0131133 -0.0195608 -0.0247518 -0.0285663 -0.0310018 -0.0320978 -0.0319913 -0.0308802 -0.0289855 -0.0265651 -0.0238687 -0.0210892 -0.0183439 -0.0157701 -0.013456 -0.0114452 -0.00971169 -0.00825663 -0.00704119 -0.00604462 -0.00521634 -0.00453823 -0.00395626 -0.00345999 -0.00302324 -0.00264749 -0.00229668 -0.00197476 -0.00166676 -0.00138379 -0.00110352 -0.000834715 -0.000559932 -0.000291468 -1.5546e-05 0.000257907 0.000553974 0.000862828 0.00119517 0.00154333 0.00194389 0.00239619 0.00292166 0.00352551 0.00426008 0.00514304 0.00622418 0.00752641 0.00909339 0.0109284 0.0130707 0.0154985 0.0181449 0.0208836 0.0236164 0.0261733 0.0283199 0.0297933 0.0303656 0.0298173 0.0279835 0.0247912 0.0202108 0.0143126 0.00730742 -0.000457456 -0.0086266 -0.0167659 -0.0244582 -0.0313208 -0.0370438 -0.0413382 -0.0440798 -0.0452604 -0.0449567 -0.0433576 -0.0407216 -0.0373108 -0.0333875 -0.0292542 -0.0251048 -0.0211346 -0.0174972 -0.0142788 -0.0114907 -0.00915226 -0.00723548 -0.00569039 -0.00449936 -0.00356707 -0.00285984 -0.00234817 -0.00198708 -0.00172676 -0.00155955 -0.00144518 -0.00135354 -0.00131598 -0.0012799 -0.00126207 -0.00125559 -0.0012373 -0.00122702 -0.00121732 -0.00121037 -0.00120283 -0.0012062 -0.00119463 -0.00118973 -0.00118871 -0.00117304 -0.00118244 -0.00117536 -0.00117409 -0.00117912 -0.00116359 -0.00116647 -0.00115562 -0.00115011 -0.00115283 -0.00114398 -0.00115209 -0.00114845 -0.00114705 -0.00115065 -0.00114045 -0.00114281 -0.00113823 -0.00113371 -0.0011389 -0.00113367 -0.00113806 
0 4.26705e-06 4.75096e-06 1.29195e-05 2.15162e-05 2.6637e-05 3.77365e-05 4.46446e-05 4.48443e-05 5.23616e-05 5.39917e-05 5.32475e-05 6.67477e-05 7.0749e-05 7.58119e-05 9.08474e-05 9.00193e-05 9.76262e-05 0.000108547 0.000104154 0.000116071 0.000124586 0.000123232 0.000137032 0.000140179 0.00014313 0.000153524 0.000159877 0.000172878 0.000177624 0.00019461 0.000206585 0.000211072 0.00024904 0.000277661 0.00032493 0.000416447 0.000536919 0.000712746 0.000987493 0.00138361 0.00190411 0.00264445 0.00362075 0.00487894 0.00649685 0.00849959 0.01096 0.0138852 0.0172835 0.0211106 0.02531 0.0297084 0.0341195 0.0383476 0.0420827 0.0450738 0.0470349 0.0477184 0.0468888 0.0444717 0.0404298 0.0348716 0.0280557 0.0202735 0.011889 0.00329935 -0.00504714 -0.0128059 -0.0195805 -0.0251273 -0.0293025 -0.0320979 -0.0335136 -0.0336867 -0.0328005 -0.0310583 -0.0287061 -0.0259981 -0.0231441 -0.0202658 -0.0175339 -0.0150355 -0.0128295 -0.0108923 -0.00926989 -0.00790578 -0.00677612 -0.00581739 -0.00504882 -0.00439449 -0.0038373 -0.00333374 -0.0029146 -0.00252704 -0.00217408 -0.00182541 -0.00151491 -0.00120745 -0.000914864 -0.000605987 -0.000313064 -1.06858e-05 0.000288176 0.000623295 0.000962514 0.00132839 0.00171392 0.00217526 0.00268371 0.00327294 0.00395375 0.00480515 0.00581069 0.00702873 0.00848383 0.0102441 0.0122724 0.0146048 0.0172019 0.0200021 0.022845 0.0256283 0.0281606 0.030202 0.0314922 0.0318213 0.0309815 0.0288087 0.0252631 0.0203245 0.0140883 0.0067568 -0.00129809 -0.00974424 -0.0181378 -0.0260755 -0.0331678 -0.0391122 -0.0436109 -0.046522 -0.0478403 -0.0476173 -0.0460549 -0.0433928 -0.0399127 -0.035857 -0.0315502 -0.0271957 -0.0229934 -0.0191148 -0.0156484 -0.0126455 -0.0101039 -0.0080183 -0.00632191 -0.00500656 -0.00397667 -0.00318832 -0.0026298 -0.0022143 -0.00191479 -0.0017143 -0.00158941 -0.00148752 -0.00143164 -0.00140084 -0.00136176 -0.00134987 -0.00133661 -0.00132863 -0.00132188 -0.00131418 -0.00131407 -0.00129997 -0.00129857 -0.0012983 -0.00128587 -0.00128741 -0.00128289 -0.0012702 -0.00126976 -0.00126518 -0.00125675 -0.00126035 -0.00125879 -0.00125288 -0.00125771 -0.00125161 -0.00124329 -0.00124774 -0.00123765 -0.0012355 -0.00124285 -0.00123191 -0.00123835 -0.0012403 -0.00122905 -0.00123957 -0.00123189 
0 3.90698e-06 1.72706e-05 1.63128e-05 2.3976e-05 3.12459e-05 3.15767e-05 4.16264e-05 4.70384e-05 5.38613e-05 6.12537e-05 6.84943e-05 7.41096e-05 7.58119e-05 8.73104e-05 8.72968e-05 9.64257e-05 0.000110827 0.000102547 0.000121076 0.00012744 0.000121861 0.000147312 0.000145682 0.000149112 0.000166216 0.000165391 0.00017116 0.000183909 0.000198725 0.000198789 0.000221152 0.00024353 0.000253811 0.000310714 0.0003735 0.000466439 0.000607822 0.000821265 0.00113122 0.00155167 0.00217282 0.00298618 0.00404588 0.00542858 0.00720607 0.00939854 0.0120271 0.0151814 0.0188086 0.0228821 0.0272815 0.0318667 0.0364387 0.0407541 0.0445469 0.0475153 0.0494343 0.0499981 0.0490469 0.0464593 0.0422525 0.0365281 0.0295445 0.0216074 0.0130464 0.00429548 -0.00427142 -0.0122489 -0.0193217 -0.025179 -0.0297293 -0.0328774 -0.0346556 -0.0351441 -0.0345376 -0.0330052 -0.0307801 -0.0281186 -0.0252181 -0.0222542 -0.0193742 -0.01672 -0.0143013 -0.0121802 -0.0103599 -0.00885545 -0.0075592 -0.00648494 -0.00559021 -0.0048727 -0.00422605 -0.00367545 -0.00318482 -0.00277379 -0.00236668 -0.00199895 -0.00163852 -0.00131856 -0.000980626 -0.000659253 -0.000321929 -8.18134e-06 0.000339031 0.000691446 0.00108132 0.00146596 0.00191622 0.00241771 0.00300698 0.00364796 0.00443987 0.00539164 0.00655068 0.00789534 0.00953479 0.0114684 0.013711 0.0162074 0.0189704 0.0218781 0.0248048 0.0275829 0.0300384 0.0319135 0.0329686 0.0330119 0.0318364 0.0293223 0.0254057 0.0201443 0.0135927 0.00602128 -0.00227666 -0.010901 -0.0194877 -0.0275868 -0.0348583 -0.0409671 -0.0456366 -0.0487155 -0.0501618 -0.0500608 -0.0485482 -0.0459158 -0.0423862 -0.0382641 -0.0338035 -0.0292704 -0.0248703 -0.0207693 -0.0170764 -0.0138293 -0.0111119 -0.00885031 -0.00700395 -0.00553023 -0.00440865 -0.00355846 -0.00290284 -0.00244222 -0.00210795 -0.00188207 -0.0017175 -0.0016234 -0.00156326 -0.00149963 -0.00148157 -0.00146181 -0.0014425 -0.00143496 -0.00143239 -0.00141922 -0.00140485 -0.0014134 -0.00139367 -0.00139007 -0.0013977 -0.00137625 -0.00138027 -0.00137695 -0.00136487 -0.00136802 -0.00136377 -0.00135987 -0.00135488 -0.00135429 -0.00134709 -0.00134246 -0.0013477 -0.00133606 -0.00134037 -0.00134162 -0.00132885 -0.00134021 -0.00133151 -0.00132669 -0.00133818 -0.0013233 -0.00133037 
0 9.17257e-06 1.25783e-05 2.27998e-05 2.65256e-05 3.11404e-05 3.82348e-05 4.15369e-05 4.99952e-05 5.54821e-05 6.58483e-05 7.24103e-05 7.85513e-05 9.08474e-05 8.72968e-05 0.000101114 0.000105587 0.000101184 0.000126857 0.000122728 0.000132285 0.000150244 0.000139981 0.00015703 0.000164394 0.000171049 0.00018403 0.000194771 0.000200947 0.000199537 0.000224612 0.000230701 0.000257441 0.000301455 0.000338217 0.000410771 0.000515442 0.000693161 0.000928702 0.00128201 0.00177698 0.00242843 0.00332944 0.00452029 0.00605533 0.00794592 0.0103038 0.0131661 0.0165297 0.0203764 0.024644 0.0292524 0.0339952 0.0386844 0.0430503 0.0468484 0.0497834 0.0515942 0.0520393 0.0509314 0.0481993 0.0438365 0.0380004 0.0309032 0.0228711 0.0142235 0.00536974 -0.00332116 -0.0114727 -0.0187607 -0.0249249 -0.0298096 -0.0333371 -0.0354816 -0.0363415 -0.0360476 -0.0347892 -0.0327507 -0.0301889 -0.0272927 -0.0242748 -0.0212899 -0.0184789 -0.0158759 -0.013555 -0.0115531 -0.00986964 -0.00842399 -0.00720219 -0.00619545 -0.00537242 -0.00465732 -0.00403054 -0.00348942 -0.00301933 -0.00258244 -0.00216985 -0.00178396 -0.00142005 -0.00106123 -0.000702402 -0.000346296 9.92149e-06 0.000382225 0.000777629 0.00119229 0.00163011 0.00212509 0.00269575 0.00334251 0.00407614 0.00496575 0.00605145 0.00734536 0.00885723 0.0106674 0.0127971 0.015228 0.0178986 0.0207889 0.0237831 0.0267455 0.0294759 0.0317944 0.0334431 0.0342237 0.033926 0.0324002 0.0295127 0.0252545 0.0196644 0.0128697 0.00509371 -0.00335352 -0.012107 -0.0207939 -0.0290015 -0.0363903 -0.0426142 -0.0474347 -0.0506572 -0.0522564 -0.0522709 -0.0508733 -0.0482798 -0.0447522 -0.0405793 -0.0360208 -0.0313457 -0.0267431 -0.0224338 -0.018526 -0.0151009 -0.0121475 -0.00968624 -0.00771058 -0.00612575 -0.00487788 -0.0039082 -0.00320997 -0.00268583 -0.00231414 -0.00205899 -0.00187639 -0.00175498 -0.00166584 -0.00163407 -0.00159401 -0.00156934 -0.00155985 -0.00153642 -0.00152641 -0.00151907 -0.00152034 -0.00150321 -0.00150504 -0.00149873 -0.00147698 -0.00149022 -0.00147542 -0.00147308 -0.00148026 -0.00146305 -0.00146457 -0.00145708 -0.00145018 -0.00144845 -0.00144441 -0.00144514 -0.00143938 -0.00144235 -0.00143775 -0.00143289 -0.00143678 -0.00142704 -0.00142917 -0.00142996 -0.00142209 -0.0014297 -0.00142543 
0 5.87226e-06 6.92617e-06 1.86435e-05 2.42863e-05 3.39058e-05 4.69507e-05 4.99448e-05 6.14485e-05 6.31037e-05 6.58104e-05 7.49584e-05 7.40628e-05 9.00193e-05 9.64257e-05 0.000105587 0.00012094 0.000118128 0.000135295 0.000133772 0.000137096 0.000156115 0.000152189 0.000172089 0.000176927 0.000178505 0.000192313 0.000195689 0.000212856 0.000227749 0.000247898 0.000258612 0.000285402 0.000318337 0.000367211 0.000469798 0.000584428 0.000776317 0.00104785 0.00143088 0.0019853 0.00273462 0.0037318 0.00501354 0.00667235 0.00874243 0.0112991 0.0143461 0.0178987 0.021968 0.0264448 0.0312113 0.0360777 0.040848 0.0452361 0.049002 0.0518544 0.0535325 0.0538266 0.0525632 0.0496779 0.0451946 0.0392799 0.032128 0.024062 0.0154004 0.0065196 -0.00222799 -0.0104765 -0.0179335 -0.0243567 -0.0295642 -0.0334568 -0.0359967 -0.0372499 -0.0373182 -0.0363794 -0.0345928 -0.0321827 -0.0293452 -0.0263178 -0.0232597 -0.0203138 -0.0175396 -0.0150329 -0.0128388 -0.0109693 -0.00935938 -0.00799188 -0.00685201 -0.0059165 -0.00511568 -0.00441814 -0.00381063 -0.0032832 -0.00280298 -0.00235413 -0.00193065 -0.00152906 -0.00113742 -0.000750383 -0.000364142 2.80677e-05 0.000437964 0.000867433 0.00131918 0.00180743 0.00236338 0.00299708 0.00371669 0.00454807 0.00555791 0.00677631 0.00822021 0.00990639 0.0119034 0.0142202 0.0168327 0.0196603 0.0226551 0.0256969 0.0286479 0.0312818 0.0334014 0.0347748 0.0352288 0.0345625 0.0326508 0.0293938 0.0247956 0.0189157 0.0119134 0.00400415 -0.00453205 -0.0133401 -0.0220597 -0.0303118 -0.037761 -0.0440619 -0.0489944 -0.0523623 -0.0541107 -0.0542699 -0.0530009 -0.0504918 -0.0470035 -0.0428179 -0.0381805 -0.0333809 -0.0286353 -0.024137 -0.020001 -0.0163653 -0.0132355 -0.0106058 -0.00845146 -0.00671154 -0.00536292 -0.00432304 -0.00354072 -0.00294681 -0.00253449 -0.0022345 -0.00202949 -0.00190883 -0.00180352 -0.00174582 -0.00170031 -0.00167079 -0.00165593 -0.00164711 -0.00163783 -0.00162339 -0.00162265 -0.00160259 -0.00160581 -0.00160286 -0.0015898 -0.00159769 -0.00157693 -0.00157301 -0.00156804 -0.00155557 -0.00156137 -0.00155333 -0.00155569 -0.00155341 -0.00154663 -0.00154655 -0.00153688 -0.00153604 -0.00153253 -0.00152905 -0.00153126 -0.00152713 -0.00152761 -0.0015268 -0.00152345 -0.00152455 -0.00152266 
0 1.00111e-05 1.82856e-05 2.6519e-05 3.0722e-05 3.48724e-05 4.22458e-05 4.35135e-05 5.59439e-05 6.65192e-05 7.13236e-05 9.18553e-05 9.17955e-05 9.76262e-05 0.000110827 0.000101184 0.000118128 0.000127121 0.000128524 0.000149499 0.000152994 0.000163001 0.000171539 0.000178565 0.000189185 0.000194436 0.000214819 0.000216133 0.000223037 0.000245099 0.000244464 0.000271032 0.000313268 0.000345309 0.000413515 0.000518311 0.000653929 0.000868459 0.00119324 0.00162599 0.00222772 0.00305736 0.00413863 0.00555464 0.00734825 0.00957779 0.0123094 0.0155495 0.0193172 0.0235803 0.0282409 0.033138 0.0381193 0.0429335 0.0473076 0.0510073 0.0537403 0.0552656 0.0553786 0.0539564 0.0509149 0.0463424 0.0403762 0.0332222 0.0251789 0.0165679 0.00772777 -0.00101116 -0.00928811 -0.0168674 -0.0234991 -0.029009 -0.0332505 -0.0362044 -0.0378671 -0.0383411 -0.037763 -0.0362869 -0.034081 -0.0313618 -0.0283714 -0.0252748 -0.0222191 -0.0192936 -0.0166157 -0.0142233 -0.012161 -0.0103734 -0.00885704 -0.00756581 -0.00650864 -0.00560448 -0.00483474 -0.00414738 -0.0035626 -0.00302653 -0.00254382 -0.00207298 -0.00163895 -0.00120521 -0.000793753 -0.000367843 5.47135e-05 0.000510912 0.000970738 0.00147095 0.00200809 0.00263683 0.00333258 0.00414008 0.00507575 0.00622339 0.00757655 0.00918291 0.0110493 0.0132429 0.0157361 0.0185146 0.0214763 0.0245471 0.0275942 0.0304783 0.0329624 0.0348244 0.0358765 0.0359557 0.0348976 0.0325745 0.0289552 0.0240289 0.0179044 0.0107359 0.00276074 -0.00580011 -0.0145905 -0.0232773 -0.0315097 -0.0389616 -0.045304 -0.050312 -0.0538194 -0.0557135 -0.0560459 -0.054925 -0.0525398 -0.0491189 -0.0449616 -0.0402947 -0.035395 -0.0305227 -0.0258512 -0.021538 -0.0176929 -0.0143681 -0.0115502 -0.009239 -0.00736524 -0.0058837 -0.00474682 -0.00386496 -0.00322054 -0.00276509 -0.00242567 -0.00218684 -0.00204126 -0.00193376 -0.00185746 -0.00183003 -0.00179476 -0.00176485 -0.00175945 -0.0017387 -0.00172916 -0.00172501 -0.00171481 -0.0017073 -0.00169415 -0.0016922 -0.00168061 -0.00167682 -0.0016819 -0.00166852 -0.00167211 -0.00166696 -0.00165329 -0.00165346 -0.00164485 -0.00163997 -0.00163963 -0.00163894 -0.00163366 -0.00163369 -0.00163327 -0.00162286 -0.00162999 -0.00162369 -0.0016189 -0.001629 -0.00161528 -0.00162135 
