0 0 0 0 0 0 0 0 0 0 0 0 0 0 0 0 0 0 0 0 0 0 0 0 0 0 0 0 0 0 0 0 0 0 0 0 0 0 0 0 0 0 0 0 0 0 0 0 0 0 0 0 0 0 0 0 0 0 0 0 0 0 0 0 0 0 0 0 0 0 0 0 0 0 0 0 0 0 0 0 0 0 0 0 0 0 0 0 0 0 0 0 0 0 0 0 0 0 0 0 0 0 0 0 0 0 0 0 0 0 0 0 0 0 0 0 0 0 0 0 0 0 0 0 0 0 0 0 0 0 0 0 0 0 0 0 0 0 0 0 0 0 0 0 0 0 0 0 0 0 0 0 0 0 0 0 0 0 0 0 0 0 0 0 0 0 0 0 0 0 0 0 0 0 0 0 0 0 0 0 0 0 0 0 0 0 0 0 0 0 0 0 0 0 0 0 0 0 0 0 
0 -4.24829e-06 7.09472e-06 -3.7817e-06 1.66287e-06 7.24247e-06 -2.37224e-06 7.94907e-06 3.90563e-06 1.75538e-06 8.93298e-06 3.82615e-06 9.72387e-06 7.11043e-06 8.75992e-06 7.87765e-06 8.04745e-07 1.34099e-05 2.4839e-06 1.16805e-05 2.32407e-05 4.66451e-06 2.20799e-05 1.35077e-05 2.8358e-06 1.91805e-05 1.26764e-05 1.46792e-05 1.70135e-05 1.91023e-05 9.66741e-06 1.49629e-05 2.90091e-05 1.7936e-05 2.77286e-05 2.31511e-05 2.02682e-05 2.14716e-05 2.30974e-05 3.83137e-05 2.12497e-05 1.67809e-05 2.96016e-05 4.30394e-05 3.72841e-05 4.06539e-05 6.73607e-05 8.19068e-05 0.000119402 0.000161414 0.000223553 0.000312936 0.000430288 0.000574345 0.000758305 0.000997701 0.00126775 0.00160097 0.00198605 0.00241271 0.00286692 0.00333817 0.00377776 0.00414753 0.00443094 0.00457564 0.00455837 0.00436601 0.00399356 0.00341812 0.00267617 0.0018094 0.000864437 -9.44908e-05 -0.000991125 -0.0017836 -0.0024496 -0.00294292 -0.00324202 -0.00335684 -0.00331832 -0.00314618 -0.00288943 -0.00258562 -0.00225499 -0.00191012 -0.00159533 -0.00133265 -0.00110777 -0.000902081 -0.000731546 -0.000607615 -0.000511513 -0.000421339 -0.000340542 -0.000280801 -0.000233144 -0.000183876 -0.000131607 -8.77778e-05 -4.99509e-05 -8.4483e-06 4.22048e-05 9.09386e-05 0.00013577 0.000188552 0.000261695 0.000345067 0.000431171 0.000537791 0.000688153 0.000875347 0.00108107 0.00131949 0.00161115 0.00194244 0.00227099 0.0025819 0.00285944 0.00307017 0.00316408 0.00311887 0.00290098 0.00249218 0.00190332 0.00117845 0.000336815 -0.000586572 -0.00152242 -0.00240204 -0.00317824 -0.00380483 -0.00423791 -0.00449132 -0.00457017 -0.00448379 -0.00424858 -0.00391795 -0.00350656 -0.00305196 -0.00260124 -0.00217419 -0.00178081 -0.00143656 -0.00115567 -0.000905821 -0.000710191 -0.000555456 -0.000433747 -0.000336698 -0.000269542 -0.000220202 -0.000183189 -0.000173147 -0.000143776 -0.000131023 -0.000136402 -0.000140267 -0.000123859 -0.000113699 -0.000126624 -0.00012325 -0.000125336 -0.000112219 -0.000115364 -0.000116532 -0.000106287 -0.000121924 -0.000117381 -0.000110593 -0.000109263 -0.000117036 -0.000111718 -0.000110794 -0.000126536 -0.000103617 -0.000109461 -0.000113104 -9.71396e-05 -0.000113298 -0.000108064 -0.000107659 -0.000110346 -0.000105685 -0.000108992 -0.000103106 -0.000111583 -0.000107205 -0.000104423 -0.00011275 -9.80565e-05 -0.000104868 -0.000106311 -9.68195e-05 -0.000112039 -0.000105344 -0.000103841 -0.000113211 -9.85475e-05 -0.00010573 
0 7.09472e-06 -3.92584e-06 7.95169e-06 6.97887e-06 -9.95509e-07 1.13149e-05 6.12025e-06 4.3857e-06 1.59788e-05 7.93568e-06 8.25487e-06 1.65452e-05 7.7156e-06 1.40261e-05 2.35492e-05 1.78218e-05 2.40568e-05 2.5631e-05 1.53501e-05 1.55073e-05 2.08095e-05 1.82865e-05 2.57109e-05 3.68804e-05 2.91283e-05 3.02379e-05 3.20763e-05 3.30162e-05 3.4451e-05 4.00092e-05 4.98386e-05 2.37443e-05 3.41929e-05 4.60074e-05 2.91583e-05 5.17873e-05 5.52813e-05 4.32568e-05 3.58579e-05 6.45102e-05 7.2814e-05 5.93758e-05 7.12332e-05 7.28455e-05 0.000114501 0.000129016 0.000161381 0.000230419 0.000324936 0.000450075 0.000613355 0.000863288 0.00113916 0.00152714 0.00198746 0.00254501 0.00320486 0.00397632 0.00483185 0.00573051 0.00667882 0.00753693 0.0082906 0.00883288 0.00913464 0.00908455 0.0087106 0.00795627 0.00681574 0.00534063 0.00361231 0.00174136 -0.000174216 -0.00194734 -0.0035436 -0.00485373 -0.00585563 -0.00644114 -0.00669559 -0.00660939 -0.00629065 -0.00577214 -0.00518261 -0.00451453 -0.00384148 -0.00320798 -0.00268621 -0.0022286 -0.00182156 -0.00147959 -0.00122818 -0.00103227 -0.000849796 -0.000691921 -0.000567162 -0.000472981 -0.000369416 -0.000271213 -0.000178024 -0.000105603 -1.64653e-05 7.81546e-05 0.0001801 0.000267472 0.000379067 0.000520633 0.000689052 0.000862663 0.0010806 0.00138104 0.00175145 0.00216813 0.00264346 0.00323012 0.00387795 0.00454019 0.00514646 0.00570609 0.00610369 0.00630008 0.00618582 0.00576183 0.00492797 0.0037734 0.00231167 0.000650692 -0.00119562 -0.00304294 -0.00479824 -0.00633504 -0.00757802 -0.00844592 -0.00894304 -0.00911065 -0.00892511 -0.00847739 -0.00780132 -0.00700167 -0.00608518 -0.00520092 -0.00434229 -0.00356443 -0.00288166 -0.00231006 -0.00182818 -0.00142407 -0.00113144 -0.000866051 -0.000687399 -0.000550017 -0.000455815 -0.000368014 -0.000324255 -0.000306075 -0.000275394 -0.000266855 -0.000233404 -0.00024859 -0.000258967 -0.000241798 -0.000225197 -0.000237162 -0.000248388 -0.000227277 -0.000248383 -0.000238386 -0.000221502 -0.000230607 -0.000230072 -0.000232301 -0.000222919 -0.000225338 -0.000218248 -0.00021082 -0.000222317 -0.000223776 -0.000222162 -0.000223958 -0.000223783 -0.000212203 -0.000214768 -0.000220266 -0.000208331 -0.000218105 -0.000217808 -0.00020308 -0.000215782 -0.000210562 -0.000203774 -0.000222434 -0.000211273 -0.000210533 -0.000221981 -0.000200501 -0.000208648 -0.000211857 -0.000196641 -0.000216345 -0.000208284 
0 -3.7817e-06 7.95169e-06 -2.47419e-07 5.86514e-06 1.19464e-05 4.96595e-06 1.5521e-05 1.20636e-05 1.23337e-05 1.92343e-05 1.55236e-05 2.40533e-05 2.03292e-05 2.42008e-05 2.4299e-05 1.59303e-05 3.23397e-05 2.17987e-05 3.2828e-05 4.81188e-05 2.88688e-05 4.8001e-05 3.95649e-05 2.88166e-05 4.71326e-05 4.21459e-05 4.5823e-05 4.99487e-05 5.29475e-05 4.36579e-05 5.32196e-05 6.75358e-05 5.93511e-05 7.31176e-05 6.49775e-05 6.61206e-05 6.90659e-05 7.1125e-05 9.02658e-05 7.56034e-05 7.20311e-05 9.02262e-05 0.000115765 0.000117686 0.000142084 0.000198016 0.000254137 0.000359316 0.000493728 0.000683883 0.000948429 0.00130169 0.00173879 0.00229989 0.00300377 0.00382905 0.00482211 0.00596802 0.00723811 0.00858826 0.0099741 0.0112655 0.0123643 0.013184 0.0136069 0.0135498 0.012976 0.0118561 0.0101603 0.00797369 0.00541403 0.00263146 -0.000193034 -0.00284759 -0.00520919 -0.00717942 -0.00865367 -0.0095635 -0.00994033 -0.00984996 -0.00937627 -0.00863944 -0.00775254 -0.00677703 -0.00577287 -0.00484345 -0.00404784 -0.00336174 -0.00275016 -0.00224252 -0.001856 -0.00155267 -0.00128007 -0.00104343 -0.000856191 -0.000704602 -0.000553379 -0.000403885 -0.000269084 -0.000150114 -2.0268e-05 0.000124426 0.000271512 0.000413068 0.000581246 0.00079526 0.00104435 0.00131453 0.00165131 0.00210056 0.00265534 0.00328166 0.00400892 0.00487468 0.0058414 0.00681166 0.00772483 0.00852794 0.0091191 0.00937571 0.00920691 0.0085351 0.00730735 0.00556535 0.00340259 0.000907022 -0.00181668 -0.00457123 -0.00717055 -0.00945692 -0.0113015 -0.0125965 -0.013352 -0.0135892 -0.0133363 -0.0126598 -0.0116763 -0.010468 -0.00913127 -0.0077968 -0.0065242 -0.00535839 -0.00433482 -0.00347917 -0.00274409 -0.0021518 -0.00168607 -0.0013142 -0.0010282 -0.000821515 -0.000672557 -0.000561367 -0.000505954 -0.000443097 -0.000407293 -0.00040447 -0.000397163 -0.000373652 -0.00036018 -0.000371561 -0.000363501 -0.000365744 -0.000350034 -0.000347296 -0.000350796 -0.000337509 -0.000352375 -0.000347719 -0.000337882 -0.000335818 -0.000342844 -0.000337232 -0.000335791 -0.000351313 -0.000325187 -0.000330216 -0.000332328 -0.00031368 -0.000332166 -0.000324508 -0.000323674 -0.000327526 -0.000319298 -0.000323716 -0.000317855 -0.000324326 -0.000321637 -0.000317642 -0.00032392 -0.000310033 -0.000314682 -0.000315391 -0.000307673 -0.000321227 -0.000315621 -0.000314717 -0.000323869 -0.000311888 -0.000313956 
0 1.66287e-06 6.97887e-06 5.86514e-06 8.51228e-06 1.147e-05 1.10464e-05 1.58439e-05 1.64947e-05 1.88693e-05 2.24043e-05 2.19103e-05 2.67032e-05 2.6918e-05 3.05818e-05 3.52351e-05 3.43266e-05 4.1446e-05 3.89364e-05 3.99976e-05 4.54887e-05 4.12144e-05 5.04807e-05 5.32633e-05 5.36712e-05 6.15755e-05 5.97972e-05 6.24657e-05 6.68233e-05 6.97369e-05 7.1552e-05 7.58487e-05 7.66335e-05 7.57946e-05 8.45521e-05 8.42241e-05 9.08037e-05 9.66354e-05 9.4582e-05 0.000103717 0.000110314 0.000116973 0.000127981 0.000144685 0.000164238 0.000204983 0.000266038 0.000346154 0.000479873 0.00066708 0.000923343 0.00127659 0.00174476 0.00233757 0.0030901 0.00402158 0.0051327 0.00645173 0.00797076 0.00965099 0.0114385 0.0132521 0.0149486 0.0163928 0.0174579 0.0180042 0.017924 0.017159 0.0156674 0.013439 0.0105658 0.007203 0.00354917 -0.000154744 -0.00365756 -0.00677991 -0.0093826 -0.0113372 -0.0125686 -0.013101 -0.0130156 -0.0124279 -0.0114867 -0.0103306 -0.00905306 -0.00774537 -0.00652325 -0.00545598 -0.00453031 -0.00371967 -0.00304401 -0.00251517 -0.00209357 -0.00172862 -0.00141461 -0.00115933 -0.000946028 -0.00074336 -0.000546927 -0.000366739 -0.000199974 -2.47642e-05 0.000165218 0.000359879 0.000558332 0.000789305 0.00107324 0.00140343 0.00177791 0.00224182 0.00284173 0.00357497 0.00441937 0.00539937 0.00654311 0.00780405 0.00907663 0.0102722 0.0113066 0.0120524 0.0123597 0.0121028 0.0111832 0.00954962 0.00724729 0.00438579 0.00108857 -0.00248611 -0.00610254 -0.00951721 -0.0125204 -0.01494 -0.0166582 -0.0176611 -0.0179766 -0.0176505 -0.0167741 -0.0154808 -0.0138936 -0.0121455 -0.0103835 -0.00870154 -0.00716032 -0.00580606 -0.0046567 -0.0036869 -0.00289675 -0.00226945 -0.0017724 -0.00139188 -0.00111444 -0.000909822 -0.00076036 -0.000668838 -0.000601394 -0.000555568 -0.000529615 -0.000510707 -0.000497832 -0.000492741 -0.000487458 -0.000476972 -0.000478949 -0.000474111 -0.000471272 -0.000472616 -0.000464266 -0.000462377 -0.000460307 -0.000457132 -0.000454126 -0.000454033 -0.000447825 -0.000443401 -0.000446364 -0.000439003 -0.000442692 -0.000442744 -0.000436422 -0.000439873 -0.000433513 -0.000432577 -0.000432718 -0.00042897 -0.000430448 -0.00042671 -0.000426267 -0.000424721 -0.000422707 -0.000424702 -0.000422603 -0.000424025 -0.000423794 -0.000421069 -0.000422068 -0.000419453 -0.000416756 -0.000416973 -0.00041711 -0.000419329 
0 7.24247e-06 -9.95509e-07 1.19464e-05 1.147e-05 9.2303e-06 2.1078e-05 1.55275e-05 2.09089e-05 2.71833e-05 2.44624e-05 3.089e-05 3.11986e-05 3.5387e-05 3.58348e-05 4.15863e-05 4.86998e-05 4.20248e-05 5.72123e-05 5.18944e-05 4.71599e-05 6.69022e-05 5.38881e-05 6.48133e-05 7.69461e-05 6.73979e-05 7.68294e-05 7.84129e-05 8.27182e-05 8.19172e-05 9.46208e-05 9.91947e-05 8.72996e-05 0.000103895 0.000102566 0.000106188 0.000114944 0.000121862 0.000124434 0.000115672 0.000141525 0.000153701 0.00015956 0.000173659 0.000210421 0.000268983 0.000332663 0.000448981 0.000611078 0.00085381 0.00118047 0.00162303 0.00221056 0.00295837 0.00390621 0.00505924 0.00645993 0.00809764 0.00998052 0.0120591 0.0142656 0.0164846 0.0185602 0.0203331 0.0216193 0.0222793 0.0221685 0.0212157 0.0193586 0.0166246 0.0131009 0.0089783 0.00450435 -3.21419e-05 -0.00434513 -0.00820526 -0.0114168 -0.013848 -0.015408 -0.0161223 -0.0160682 -0.0154055 -0.0142894 -0.0128918 -0.011332 -0.00974647 -0.00824315 -0.00690507 -0.00573401 -0.00472644 -0.00388113 -0.0032019 -0.00265175 -0.00219106 -0.0017988 -0.0014711 -0.00119078 -0.000934223 -0.000691889 -0.000464427 -0.000246874 -2.37843e-05 0.000210396 0.000454298 0.000714409 0.0010133 0.00136806 0.00178176 0.00226984 0.00287048 0.00362432 0.00453463 0.00560339 0.00683937 0.00825466 0.00978839 0.0113462 0.0128005 0.0140403 0.0149034 0.0152344 0.0148604 0.0136805 0.011638 0.00879303 0.00524916 0.00118141 -0.00320486 -0.00763541 -0.0118252 -0.0155089 -0.0184762 -0.0206087 -0.0218554 -0.0222548 -0.0218629 -0.0208092 -0.019221 -0.0172793 -0.0151399 -0.012969 -0.0108867 -0.00897875 -0.00729858 -0.00585053 -0.00464854 -0.00365479 -0.00286601 -0.00223824 -0.00176407 -0.00140957 -0.00115009 -0.000967037 -0.000832673 -0.000762098 -0.000705175 -0.000663918 -0.000631442 -0.000628174 -0.000627153 -0.000603472 -0.000599172 -0.000594669 -0.000599369 -0.000586949 -0.000586071 -0.000589141 -0.000569407 -0.000574215 -0.000573791 -0.000570867 -0.000562055 -0.000563143 -0.000561875 -0.000544891 -0.000561677 -0.000553014 -0.000545133 -0.000557064 -0.000541191 -0.000542444 -0.000542746 -0.000538265 -0.000538668 -0.000535869 -0.000538436 -0.00052862 -0.000533306 -0.000532994 -0.000523508 -0.000536766 -0.00052697 -0.000524777 -0.000533833 -0.000517056 -0.000526647 -0.000529108 -0.000516103 -0.000530944 -0.000522537 
0 -2.37224e-06 1.13149e-05 4.96595e-06 1.10464e-05 2.1078e-05 1.50459e-05 2.43537e-05 2.91159e-05 2.45915e-05 3.36052e-05 3.82585e-05 3.63851e-05 4.59181e-05 4.87154e-05 4.33422e-05 5.15719e-05 5.39425e-05 5.30062e-05 6.79046e-05 7.41934e-05 7.20691e-05 8.08028e-05 7.96222e-05 7.34714e-05 8.43959e-05 9.14058e-05 9.37894e-05 9.79331e-05 0.000106009 0.000102496 9.97373e-05 0.000130151 0.000126003 0.000122892 0.000143138 0.000131053 0.000132911 0.000151032 0.000170582 0.000156777 0.000160883 0.000193875 0.000221064 0.000267446 0.000306217 0.000412937 0.000560602 0.000760639 0.00104761 0.00144957 0.0019985 0.00269111 0.00361415 0.00473687 0.00613421 0.00780569 0.00976833 0.0119999 0.0144609 0.017072 0.019657 0.0221013 0.0241554 0.0256607 0.0263975 0.0262669 0.0251108 0.0229132 0.0196941 0.0155646 0.0107378 0.0054965 0.000193601 -0.00489826 -0.00944531 -0.0132619 -0.0161422 -0.0180619 -0.0189628 -0.0189971 -0.0182814 -0.0170474 -0.015424 -0.0136265 -0.0117754 -0.0100177 -0.00840223 -0.00699167 -0.00577943 -0.00476529 -0.00392451 -0.00323804 -0.00267497 -0.00219959 -0.00179656 -0.00144209 -0.00113155 -0.000838042 -0.000565141 -0.00029043 -2.14992e-05 0.00026218 0.000554454 0.000883531 0.00125216 0.00168295 0.00218473 0.00279482 0.00354253 0.00445206 0.00554641 0.00683696 0.00833739 0.0100045 0.0118017 0.0136056 0.0153054 0.0166987 0.0176579 0.0179551 0.0174553 0.0159781 0.0135476 0.0101553 0.00597484 0.00115789 -0.00397675 -0.00917649 -0.0140823 -0.0184054 -0.0218923 -0.024415 -0.0259136 -0.0263862 -0.0259602 -0.0247285 -0.0228914 -0.020601 -0.018113 -0.0155419 -0.0130818 -0.010815 -0.00880875 -0.0070764 -0.00562301 -0.00444234 -0.00346819 -0.00273199 -0.00214592 -0.00171237 -0.00139146 -0.0011827 -0.00102597 -0.000906216 -0.000847088 -0.000802507 -0.000792642 -0.00075232 -0.000727998 -0.000734532 -0.000737989 -0.000718518 -0.000701875 -0.000714324 -0.000690477 -0.000692053 -0.000704547 -0.000688495 -0.000681758 -0.000678838 -0.00068045 -0.000674035 -0.000677483 -0.000679206 -0.000663302 -0.000660043 -0.000658987 -0.000651263 -0.000651979 -0.00065718 -0.000649858 -0.000645422 -0.000650053 -0.000640616 -0.000639719 -0.000649033 -0.000637525 -0.000638728 -0.000643444 -0.000624952 -0.000633126 -0.000634426 -0.000621809 -0.000639975 -0.000630408 -0.00062734 -0.000642866 -0.000622035 -0.000629961 
0 7.94907e-06 6.12025e-06 1.5521e-05 1.58439e-05 1.55275e-05 2.43537e-05 2.31263e-05 2.99352e-05 3.45332e-05 3.68149e-05 4.33356e-05 4.1467e-05 5.16745e-05 5.08541e-05 5.78569e-05 7.2271e-05 6.08344e-05 7.8541e-05 7.31825e-05 6.2988e-05 8.85138e-05 7.58586e-05 9.14261e-05 0.000108958 9.85882e-05 0.000109785 0.000110814 0.000114743 0.000118215 0.000134508 0.000134017 0.000127665 0.000140785 0.00013524 0.000154913 0.000159293 0.000168876 0.00017812 0.000166684 0.000197479 0.000222717 0.000235247 0.000249693 0.000314503 0.00039238 0.000494951 0.000672519 0.000904361 0.00125808 0.00173582 0.00237244 0.00319876 0.00427528 0.00560585 0.00722404 0.00918709 0.0114571 0.0140373 0.0168668 0.019847 0.0227903 0.0255473 0.0278774 0.0295466 0.0303694 0.0301796 0.0288418 0.0263032 0.0226379 0.0179443 0.012471 0.00653637 0.00051293 -0.00528489 -0.0105004 -0.014872 -0.0182229 -0.0204824 -0.021627 -0.0217629 -0.0210686 -0.0197338 -0.0179501 -0.0159286 -0.0138585 -0.0118456 -0.009976 -0.00831454 -0.00690304 -0.00570525 -0.00470121 -0.00386615 -0.00319339 -0.00262636 -0.00214216 -0.00171143 -0.00133986 -0.000994075 -0.000669295 -0.00034006 -1.94562e-05 0.000313685 0.000661698 0.00106021 0.00150382 0.00201606 0.00261357 0.00335541 0.00425289 0.00533038 0.00660643 0.00812979 0.00987685 0.0117982 0.0138195 0.0158579 0.0177434 0.0192746 0.020259 0.0205068 0.0198202 0.0180608 0.0152137 0.011319 0.00651123 0.00101723 -0.00482788 -0.0107179 -0.0162848 -0.0211931 -0.0251604 -0.0280598 -0.0297859 -0.0303598 -0.0298875 -0.0285269 -0.0264418 -0.0238619 -0.0210283 -0.0181028 -0.0152756 -0.0126655 -0.0103477 -0.00832212 -0.00664088 -0.00524974 -0.00411905 -0.00323627 -0.00255834 -0.00204492 -0.00166196 -0.00140172 -0.00119832 -0.0010872 -0.00100649 -0.000931599 -0.000892393 -0.000885033 -0.000875918 -0.00084361 -0.000843232 -0.000830791 -0.000835531 -0.000833513 -0.000820379 -0.000824881 -0.00080368 -0.000803586 -0.000806056 -0.000801863 -0.000789187 -0.000786623 -0.000783027 -0.000762572 -0.000784373 -0.00077455 -0.000767489 -0.0007825 -0.000758111 -0.000762677 -0.000761438 -0.000752157 -0.000758751 -0.000751204 -0.000750724 -0.000743987 -0.00074268 -0.000742987 -0.000738769 -0.0007477 -0.000742088 -0.000741273 -0.000744756 -0.000733812 -0.00073455 -0.000732132 -0.000726618 -0.000734533 -0.00073472 
0 3.90563e-06 4.3857e-06 1.20636e-05 1.64947e-05 2.09089e-05 2.91159e-05 2.99352e-05 3.52804e-05 3.94645e-05 4.20214e-05 4.93516e-05 5.06534e-05 5.89081e-05 6.05288e-05 6.25418e-05 7.22847e-05 6.78978e-05 8.22087e-05 8.84271e-05 8.80342e-05 0.000106231 9.79073e-05 0.000103366 0.000111996 0.000106866 0.000121967 0.0001266 0.000131008 0.000136878 0.000143069 0.000147907 0.000157017 0.000170545 0.000167807 0.00018115 0.00018069 0.000185071 0.000205325 0.000205661 0.000220032 0.000237224 0.000261711 0.000300844 0.000368399 0.000453625 0.000584741 0.000800434 0.00108087 0.00148836 0.00204835 0.00278612 0.00374574 0.0049803 0.00650679 0.00836076 0.0105945 0.0131718 0.0160803 0.0192578 0.0225758 0.0258436 0.0288823 0.0314415 0.0332584 0.0341355 0.0338846 0.0323588 0.0295123 0.0254283 0.0202299 0.0141785 0.00762608 0.000953028 -0.00548833 -0.0113151 -0.0162204 -0.0200241 -0.0226389 -0.0240449 -0.024338 -0.0237034 -0.0223274 -0.0204228 -0.0182301 -0.0159609 -0.0137215 -0.0116055 -0.00970658 -0.00808388 -0.00670017 -0.0055225 -0.00453719 -0.00373987 -0.00307456 -0.00250098 -0.00199395 -0.00155386 -0.00115199 -0.000769925 -0.000387489 -1.09052e-05 0.000375271 0.000787043 0.00125561 0.00178092 0.00238084 0.00308941 0.00396681 0.00502447 0.00627407 0.00774696 0.00949606 0.0114869 0.0136403 0.0158726 0.0181004 0.0201369 0.0217506 0.0227236 0.0228644 0.0219675 0.0199018 0.0166479 0.0122594 0.00687107 0.000750278 -0.00574139 -0.0122565 -0.0184178 -0.0238556 -0.0282743 -0.0315191 -0.0334754 -0.0341518 -0.0336638 -0.0321869 -0.0298997 -0.0270572 -0.0239126 -0.020657 -0.0174843 -0.0145431 -0.0119113 -0.00960791 -0.00767947 -0.00608212 -0.00478357 -0.00376295 -0.00297743 -0.00237439 -0.0019337 -0.00163037 -0.00139669 -0.00124928 -0.00115388 -0.00108633 -0.00104226 -0.00101584 -0.00099287 -0.000975617 -0.000977574 -0.000957266 -0.000951016 -0.0009439 -0.000930529 -0.000933635 -0.000925846 -0.000919883 -0.00091352 -0.000911094 -0.000902072 -0.000904392 -0.000905347 -0.000890179 -0.000896743 -0.000882684 -0.000875036 -0.000881243 -0.000867966 -0.000872707 -0.000869149 -0.000862355 -0.000863755 -0.000857741 -0.000859092 -0.000856522 -0.000856126 -0.000854423 -0.000848565 -0.000848865 -0.000843071 -0.000840564 -0.000841349 -0.000840843 -0.000844768 -0.000845663 -0.000844271 -0.000842695 -0.000838889 
0 1.75538e-06 1.59788e-05 1.23337e-05 1.88693e-05 2.71833e-05 2.45915e-05 3.45332e-05 3.94645e-05 4.25347e-05 4.90113e-05 5.41462e-05 5.93304e-05 6.2057e-05 7.3623e-05 7.3084e-05 7.68968e-05 9.13784e-05 8.24529e-05 9.61689e-05 0.000106431 9.85138e-05 0.000118509 0.000119321 0.000120265 0.00013277 0.000137235 0.000144548 0.00014516 0.000162703 0.000159091 0.000159973 0.000185156 0.000178696 0.000187972 0.000201077 0.000206419 0.00020891 0.000222973 0.000249587 0.000248101 0.000270357 0.000303213 0.000356927 0.000428277 0.000521611 0.000692944 0.000928694 0.0012668 0.00172805 0.00237427 0.00321988 0.00431292 0.00571496 0.00743521 0.00953953 0.0120307 0.0149175 0.0181402 0.0216451 0.0252716 0.0288301 0.032116 0.0348561 0.0367982 0.0376952 0.0373737 0.0356544 0.0325286 0.0280544 0.022409 0.0158496 0.0087544 0.00150542 -0.00551161 -0.0118889 -0.0173037 -0.0215428 -0.0245259 -0.0262135 -0.0267175 -0.0261844 -0.0248283 -0.0228512 -0.0205423 -0.0180971 -0.0156603 -0.013312 -0.01119 -0.00934459 -0.00776916 -0.00640856 -0.00526964 -0.00433184 -0.00355779 -0.00288578 -0.00230037 -0.00178374 -0.00131984 -0.000874833 -0.000439141 -2.32523e-06 0.000441991 0.000925313 0.0014654 0.00207857 0.00277454 0.00360927 0.00462608 0.00585132 0.00727836 0.00896148 0.010927 0.0131503 0.0155107 0.0179361 0.0203051 0.0224477 0.0240846 0.0250047 0.0249817 0.0238486 0.0214563 0.0178063 0.0129379 0.00702194 0.000335425 -0.00673009 -0.0137977 -0.0204782 -0.0263822 -0.0312146 -0.0347688 -0.0369496 -0.0377292 -0.0372529 -0.0356752 -0.0332305 -0.0301573 -0.0267386 -0.0231815 -0.0196919 -0.0164376 -0.0134971 -0.010934 -0.00875184 -0.0069563 -0.00548197 -0.00432787 -0.00342673 -0.0027359 -0.00223077 -0.0018675 -0.00161378 -0.00142078 -0.00130848 -0.00123006 -0.00118418 -0.00114105 -0.00110712 -0.0011084 -0.00109339 -0.00107874 -0.00106586 -0.00106958 -0.00105512 -0.00104351 -0.00105504 -0.00103467 -0.00102913 -0.00102723 -0.00102072 -0.00101407 -0.00100726 -0.00101236 -0.000993437 -0.000995191 -0.000997888 -0.000980412 -0.000989134 -0.000983035 -0.000974488 -0.000976681 -0.000970972 -0.000967927 -0.000963816 -0.00096623 -0.000958337 -0.000956048 -0.000961053 -0.00094687 -0.000956423 -0.000957306 -0.000943283 -0.000957372 -0.00094488 -0.000939948 -0.000953682 -0.000936629 -0.000947034 
0 8.93298e-06 7.93568e-06 1.92343e-05 2.24043e-05 2.44624e-05 3.36052e-05 3.68149e-05 4.20214e-05 4.90113e-05 5.58429e-05 5.80057e-05 6.62042e-05 7.27354e-05 7.09379e-05 8.67857e-05 9.12615e-05 9.18036e-05 0.000109037 0.000104488 0.00010588 0.000120276 0.000120157 0.000129474 0.000145376 0.000149518 0.000149152 0.000159536 0.000168123 0.00016573 0.000185831 0.000199037 0.000185812 0.000200277 0.00021328 0.000213058 0.000230634 0.000248977 0.00025272 0.000249288 0.000284267 0.000322781 0.000349542 0.000395293 0.000478812 0.000624788 0.000803213 0.00107261 0.00146041 0.00200214 0.00272968 0.00368031 0.00492454 0.00647844 0.00841841 0.0107473 0.0135113 0.01668 0.0202138 0.0240129 0.027914 0.0317367 0.0352126 0.0381115 0.0401234 0.0410373 0.0406059 0.0387205 0.0353221 0.0305121 0.0244701 0.0174836 0.0099255 0.00217505 -0.00532938 -0.0122087 -0.0180799 -0.0227592 -0.0260929 -0.0281112 -0.0288462 -0.0284885 -0.0271869 -0.0252219 -0.0228274 -0.0202605 -0.0176359 -0.0150978 -0.0127512 -0.0106927 -0.00890547 -0.00736718 -0.00605971 -0.00497623 -0.00407416 -0.00330076 -0.00262723 -0.00203092 -0.00149458 -0.000984368 -0.000489734 8.89909e-06 0.000520842 0.00107943 0.00169967 0.00240292 0.00321203 0.00418 0.0053513 0.0067407 0.00836485 0.0102548 0.0124437 0.0148645 0.0174258 0.0199987 0.022485 0.0246556 0.0262818 0.0270755 0.0268659 0.0254401 0.0227317 0.0186698 0.0133658 0.00695579 -0.000212933 -0.007788 -0.0153275 -0.0224527 -0.0287654 -0.0339587 -0.037808 -0.0401835 -0.0410983 -0.0406334 -0.039008 -0.0364219 -0.0331786 -0.0295061 -0.0256876 -0.021907 -0.0183509 -0.0151229 -0.0122872 -0.00987466 -0.0078549 -0.00622499 -0.0049088 -0.0038984 -0.00312196 -0.00254483 -0.00211416 -0.00181477 -0.00162418 -0.0014754 -0.00137313 -0.00130221 -0.00128222 -0.00125972 -0.00122066 -0.00120291 -0.00120328 -0.00119919 -0.00117876 -0.00118304 -0.00117267 -0.00114854 -0.00115547 -0.00115421 -0.00114033 -0.00113462 -0.00113025 -0.00111744 -0.00111021 -0.00111757 -0.00110999 -0.00110189 -0.00110649 -0.00109278 -0.00108645 -0.00109085 -0.001082 -0.00108012 -0.00107994 -0.00107305 -0.0010666 -0.00106772 -0.00106598 -0.00106022 -0.00106813 -0.00105963 -0.00105612 -0.00106501 -0.00104793 -0.00105423 -0.0010562 -0.00104129 -0.00105826 -0.0010499 
0 3.82615e-06 8.25487e-06 1.55236e-05 2.19103e-05 3.089e-05 3.82585e-05 4.33356e-05 4.93516e-05 5.41462e-05 5.80057e-05 6.57373e-05 7.36884e-05 7.54205e-05 8.88125e-05 9.10156e-05 8.97887e-05 0.00010904 0.000102923 0.000117746 0.000137708 0.000127394 0.000148749 0.000145989 0.000141504 0.000159785 0.000162062 0.00017672 0.000183837 0.000194302 0.000194226 0.000201999 0.00022185 0.000227856 0.000244856 0.000241155 0.000255407 0.000258838 0.000269429 0.000310092 0.000312689 0.000331773 0.000380027 0.000465132 0.000554882 0.000698933 0.000924362 0.00123405 0.00169366 0.00229144 0.00311175 0.004186 0.00557157 0.00729743 0.00943346 0.0120116 0.0150182 0.0184762 0.0222873 0.026359 0.0305038 0.0345414 0.0381803 0.0411752 0.0432451 0.0441203 0.0435909 0.0415212 0.037896 0.0327778 0.0264132 0.0190695 0.0111297 0.00296818 -0.00495228 -0.0122525 -0.0185568 -0.0236347 -0.0273458 -0.0296926 -0.0307241 -0.0305646 -0.029405 -0.0274909 -0.0250905 -0.0224184 -0.0196609 -0.0169422 -0.0144058 -0.012119 -0.0101286 -0.0083942 -0.00692214 -0.00567165 -0.00463743 -0.00374502 -0.00298164 -0.00229258 -0.00168213 -0.00109603 -0.000541312 2.94115e-05 0.0006106 0.00125631 0.00195837 0.00276737 0.00369431 0.00481614 0.00614065 0.00771225 0.0095288 0.0116444 0.0140306 0.0166446 0.0193593 0.0220687 0.0246019 0.0267654 0.0282951 0.0289373 0.0284715 0.0267495 0.0236875 0.0192469 0.0135159 0.00668497 -0.000908279 -0.00890308 -0.0168422 -0.024338 -0.03099 -0.0365082 -0.0406072 -0.0431873 -0.0442217 -0.0438189 -0.0421526 -0.0394883 -0.0360948 -0.0322236 -0.0281665 -0.0241236 -0.0202907 -0.0167739 -0.0136916 -0.0110245 -0.00880041 -0.00698837 -0.00553389 -0.00439098 -0.00351392 -0.00287156 -0.00238277 -0.00205171 -0.00179742 -0.00163535 -0.00154335 -0.00147012 -0.00140467 -0.00136681 -0.00136962 -0.00134013 -0.00132902 -0.00131093 -0.00129568 -0.00129336 -0.00128053 -0.00128511 -0.00126859 -0.001258 -0.00125022 -0.00125102 -0.0012465 -0.00123911 -0.00124666 -0.00121854 -0.00121905 -0.00121792 -0.00119785 -0.00121236 -0.00120112 -0.00119303 -0.00119585 -0.00118432 -0.00118398 -0.00118423 -0.00118299 -0.00117904 -0.00117722 -0.00117271 -0.00116552 -0.00116458 -0.00115891 -0.00115976 -0.00116267 -0.00116233 -0.00116497 -0.00116325 -0.00116034 -0.00115599 
0 9.72387e-06 1.65452e-05 2.40533e-05 2.67032e-05 3.11986e-05 3.63851e-05 4.1467e-05 5.06534e-05 5.93304e-05 6.62042e-05 7.36884e-05 8.10001e-05 8.33255e-05 9.51326e-05 0.000101239 0.000104141 0.000123009 0.000117698 0.000125698 0.000138758 0.000129095 0.00015425 0.000160527 0.000166034 0.000187664 0.000182067 0.000193296 0.000199344 0.000207967 0.000219617 0.00022759 0.000235975 0.000236747 0.000255546 0.00025807 0.00028237 0.000297552 0.000297349 0.000330508 0.000347491 0.000388062 0.000442406 0.000516857 0.000624474 0.000803275 0.00106264 0.00140502 0.00192268 0.00260226 0.00351743 0.0047171 0.00624636 0.00815182 0.0104963 0.0133122 0.0165701 0.0202967 0.0243753 0.0286866 0.0330485 0.0372565 0.0410157 0.044068 0.0461492 0.0469612 0.0463105 0.0440685 0.040228 0.034856 0.0282209 0.0205982 0.0123506 0.00386886 -0.00438951 -0.0120422 -0.0187309 -0.0241857 -0.0282717 -0.0309709 -0.0323257 -0.0324193 -0.0314557 -0.0296649 -0.0273062 -0.0245835 -0.0217222 -0.018862 -0.0161463 -0.0136464 -0.0114419 -0.00951244 -0.00785868 -0.00643853 -0.00525245 -0.00423557 -0.00336361 -0.00258048 -0.00188238 -0.0012201 -0.000590053 5.33818e-05 0.000716641 0.00144908 0.00224962 0.00316885 0.00423239 0.00551012 0.00700434 0.00875807 0.0107803 0.0131103 0.0156886 0.0184618 0.0213056 0.024102 0.0266399 0.0287267 0.0301052 0.0305358 0.0297823 0.0277323 0.0243111 0.0195015 0.0133837 0.00618991 -0.00175409 -0.0100812 -0.0183427 -0.0261288 -0.0330608 -0.0388414 -0.043168 -0.04593 -0.0470975 -0.0467702 -0.0451055 -0.0423945 -0.0388934 -0.0348651 -0.0306013 -0.0263301 -0.0222381 -0.0184586 -0.0151262 -0.012225 -0.00979213 -0.00779786 -0.00619538 -0.00492489 -0.00395428 -0.00322479 -0.00266535 -0.00229177 -0.0020118 -0.00181596 -0.0016853 -0.00160485 -0.00154459 -0.00150532 -0.00148648 -0.00144778 -0.00144812 -0.00143652 -0.00142479 -0.00142088 -0.00140242 -0.00139752 -0.00138822 -0.00138619 -0.00137251 -0.0013693 -0.00135483 -0.00133935 -0.00134889 -0.00132893 -0.00133489 -0.00133481 -0.00131508 -0.00132301 -0.0013105 -0.00130527 -0.00130827 -0.00129948 -0.00129636 -0.00129069 -0.0012856 -0.00127961 -0.00127832 -0.00127674 -0.00127682 -0.001281 -0.00127643 -0.00127508 -0.0012699 -0.00126295 -0.00126143 -0.00125879 -0.00126208 -0.00126417 
0 7.11043e-06 7.7156e-06 2.03292e-05 2.6918e-05 3.5387e-05 4.59181e-05 5.16745e-05 5.89081e-05 6.2057e-05 7.27354e-05 7.54205e-05 8.33255e-05 9.89127e-05 9.37926e-05 0.000110425 0.000119511 0.000115549 0.000139833 0.000140319 0.000145729 0.000163453 0.000162504 0.000171238 0.000179221 0.000192131 0.000193663 0.000205453 0.000227163 0.000216118 0.000240164 0.000256623 0.000248875 0.000272406 0.000283008 0.000288281 0.000297939 0.00032181 0.000334057 0.000344244 0.000383375 0.000422518 0.00049169 0.000569516 0.000704683 0.000921856 0.00120207 0.00160935 0.00217899 0.00295697 0.00396392 0.00529404 0.00697475 0.00905613 0.0116163 0.014647 0.0181653 0.0221273 0.0264582 0.0309722 0.0355202 0.0398539 0.0436885 0.0467666 0.048807 0.0495414 0.0487455 0.0463518 0.0423075 0.0367461 0.0298933 0.0220721 0.0135945 0.00488561 -0.00362864 -0.0115654 -0.0185777 -0.0243878 -0.0288366 -0.0319126 -0.0336058 -0.0340131 -0.0332925 -0.0317027 -0.0294306 -0.0267261 -0.023792 -0.0208375 -0.0179536 -0.0152688 -0.0128418 -0.0107228 -0.00886823 -0.00728095 -0.00592312 -0.00477721 -0.0037747 -0.00289698 -0.00209642 -0.00135769 -0.000633993 8.3475e-05 0.00084349 0.00166195 0.00258157 0.00361693 0.00483816 0.00627088 0.00795504 0.00989035 0.0121326 0.0146566 0.0174229 0.0203174 0.0232679 0.0260903 0.0285947 0.0305317 0.0317129 0.0318671 0.0308068 0.0283968 0.0246208 0.0194495 0.0129967 0.00549558 -0.00272365 -0.0112997 -0.0198061 -0.0278078 -0.0349671 -0.0409471 -0.0454865 -0.048409 -0.0497319 -0.0494904 -0.0478811 -0.0451521 -0.0415913 -0.0374455 -0.0330102 -0.0285407 -0.0242046 -0.0201908 -0.0165953 -0.0134766 -0.01082 -0.00864861 -0.00688191 -0.00547946 -0.00440891 -0.00358542 -0.00297054 -0.00252581 -0.00222995 -0.00200021 -0.00184954 -0.00175338 -0.00168861 -0.0016531 -0.00160559 -0.00158722 -0.00157703 -0.00156046 -0.00153823 -0.00153519 -0.00153036 -0.00149998 -0.00150949 -0.00149956 -0.00147892 -0.0014843 -0.00147393 -0.00146662 -0.00145821 -0.00145789 -0.00144616 -0.00143385 -0.00144116 -0.00142241 -0.00142062 -0.00142281 -0.00140617 -0.00140973 -0.00140427 -0.00139856 -0.0013977 -0.00139644 -0.00139574 -0.00138484 -0.00138828 -0.00137799 -0.00137142 -0.00138279 -0.00136819 -0.00137803 -0.00138249 -0.00136608 -0.00138156 -0.00136816 
0 8.75992e-06 1.40261e-05 2.42008e-05 3.05818e-05 3.58348e-05 4.87154e-05 5.08541e-05 6.05288e-05 7.3623e-05 7.09379e-05 8.88125e-05 9.51326e-05 9.37926e-05 0.000117794 0.000114336 0.000121673 0.000140943 0.000133407 0.000150899 0.000165079 0.000166334 0.000181197 0.000190557 0.000194012 0.000199248 0.000219654 0.000225375 0.000231144 0.000255091 0.000252092 0.000257773 0.000280415 0.000292787 0.000300805 0.000314073 0.000333364 0.000333883 0.000354717 0.000400879 0.000426184 0.000456877 0.000530684 0.000653336 0.00080714 0.00102588 0.00135636 0.00182273 0.00246739 0.00331646 0.00444186 0.00590283 0.0077403 0.0100138 0.0127717 0.0160396 0.0197892 0.023995 0.0285318 0.0332402 0.0379276 0.0423461 0.0462199 0.049271 0.0512439 0.0518499 0.0509205 0.0483503 0.0441494 0.0384229 0.0314305 0.0234607 0.0148452 0.00598822 -0.00270187 -0.0108482 -0.018132 -0.0242521 -0.0290707 -0.0325109 -0.0345839 -0.0353253 -0.0349275 -0.0335715 -0.0314701 -0.0288185 -0.0258844 -0.0228459 -0.019844 -0.0169737 -0.0143529 -0.012019 -0.00997402 -0.0081942 -0.00667126 -0.0053647 -0.00423241 -0.0032342 -0.0023371 -0.00149763 -0.000682958 0.000133375 0.000984056 0.00191182 0.00294838 0.0041308 0.00550464 0.00711648 0.00898104 0.0111255 0.0135656 0.0162885 0.0191977 0.0222083 0.0251999 0.0280176 0.0304059 0.0321608 0.0330614 0.0329132 0.0314944 0.0287316 0.0245805 0.0190842 0.012334 0.00459763 -0.0038269 -0.0125702 -0.0212324 -0.0293916 -0.0366995 -0.042844 -0.0475404 -0.0506384 -0.0520942 -0.0519825 -0.050444 -0.0477515 -0.0441565 -0.0399396 -0.0353735 -0.0307223 -0.0261858 -0.0219377 -0.0181146 -0.0147587 -0.011905 -0.00953718 -0.00761839 -0.00608044 -0.00488579 -0.0039812 -0.0033016 -0.00280307 -0.00243431 -0.00219027 -0.00203454 -0.00191495 -0.00181786 -0.00176747 -0.00175359 -0.00171978 -0.00168972 -0.00167896 -0.00166657 -0.00165079 -0.00164233 -0.00164428 -0.00162088 -0.00160637 -0.00161029 -0.0015946 -0.00158793 -0.0015862 -0.00157582 -0.00155999 -0.00155742 -0.00155552 -0.00153781 -0.00154568 -0.00153787 -0.00152124 -0.00153015 -0.00151557 -0.00151201 -0.00151689 -0.00150341 -0.00150277 -0.00149975 -0.00149419 -0.00149166 -0.0014904 -0.00148888 -0.00148328 -0.0014871 -0.00148157 -0.00147828 -0.00148393 -0.00147468 -0.00147864 
0 7.87765e-06 2.35492e-05 2.4299e-05 3.52351e-05 4.15863e-05 4.33422e-05 5.78569e-05 6.25418e-05 7.3084e-05 8.67857e-05 9.10156e-05 0.000101239 0.000110425 0.000114336 0.000126029 0.000137864 0.000141499 0.000157984 0.000164286 0.000164193 0.000182187 0.000184358 0.000199185 0.00021849 0.000224372 0.000237966 0.000239802 0.000251925 0.000260372 0.000274066 0.000294691 0.000297039 0.000306492 0.000316336 0.000337553 0.000349814 0.000377069 0.000402578 0.00040603 0.000455374 0.000522647 0.000608581 0.000714037 0.000892827 0.00116423 0.00153692 0.0020598 0.00275726 0.00371875 0.00495816 0.00655275 0.00854999 0.0110154 0.0139845 0.0174649 0.0214573 0.0258664 0.0306031 0.0354625 0.0402608 0.0447195 0.0485907 0.0515828 0.0534347 0.0539046 0.0528105 0.050088 0.0457341 0.0399094 0.0328161 0.0247779 0.0160933 0.00717697 -0.00161465 -0.00990013 -0.0173871 -0.0237888 -0.0289485 -0.0327668 -0.0352185 -0.0363524 -0.0363063 -0.035259 -0.0333671 -0.0308551 -0.0279525 -0.0248899 -0.021782 -0.0187743 -0.0159544 -0.0134233 -0.0111648 -0.00920302 -0.0074887 -0.00602235 -0.00473115 -0.00361426 -0.00259511 -0.00165697 -0.000726288 0.00018724 0.00115355 0.002188 0.00336926 0.00469926 0.00625308 0.0080356 0.0101049 0.0124469 0.0150972 0.0179786 0.0210239 0.0240984 0.0271076 0.0298397 0.0320747 0.0335718 0.0341617 0.0336457 0.0318635 0.0287235 0.0242196 0.0184122 0.0114269 0.00351561 -0.00504039 -0.0138699 -0.0226151 -0.0308536 -0.0382665 -0.0445074 -0.0493495 -0.0525929 -0.0542093 -0.0542274 -0.0528132 -0.0501831 -0.0466005 -0.0423498 -0.037688 -0.0328945 -0.0281682 -0.0237246 -0.0196628 -0.0160981 -0.0130338 -0.0104757 -0.00838554 -0.00671711 -0.0054119 -0.00439185 -0.00364065 -0.00307973 -0.00268956 -0.00239532 -0.00218793 -0.00206003 -0.00198479 -0.00192243 -0.0018565 -0.00184092 -0.00182058 -0.00180575 -0.00179402 -0.00177814 -0.0017628 -0.00174642 -0.00174839 -0.00173615 -0.0017281 -0.00171267 -0.00169986 -0.00169283 -0.00167889 -0.00168586 -0.00167334 -0.00166432 -0.00166418 -0.00164675 -0.00164564 -0.00164412 -0.00163559 -0.0016325 -0.00162728 -0.00161739 -0.00161365 -0.00161005 -0.00160196 -0.00160672 -0.00160314 -0.00160032 -0.00160367 -0.00159293 -0.00159325 -0.00158844 -0.00158203 -0.00158726 -0.00158171 -0.00158727 
0 8.04745e-07 1.78218e-05 1.59303e-05 3.43266e-05 4.86998e-05 5.15719e-05 7.2271e-05 7.22847e-05 7.68968e-05 9.12615e-05 8.97887e-05 0.000104141 0.000119511 0.000121673 0.000137864 0.000147643 0.000147472 0.000168266 0.000174626 0.000181889 0.00020638 0.000203159 0.000215356 0.00022467 0.000225077 0.000247974 0.000255489 0.000275746 0.000286922 0.000292612 0.000308945 0.000318814 0.000338674 0.000349805 0.000371633 0.000371244 0.00039003 0.000427275 0.00044504 0.000504425 0.000558831 0.000651503 0.000797687 0.00101214 0.00130728 0.00172089 0.00231987 0.00309534 0.00415747 0.00551426 0.00724697 0.00941647 0.0120708 0.0152434 0.0189351 0.0231506 0.0277487 0.0326514 0.0376372 0.0425017 0.0469675 0.0507934 0.0536883 0.0553852 0.0556942 0.0544285 0.0515537 0.0470796 0.0411924 0.0340596 0.026011 0.0173403 0.00843464 -0.000377969 -0.00873535 -0.0163593 -0.0230025 -0.0284763 -0.0326642 -0.035507 -0.0370637 -0.0374133 -0.03672 -0.0351021 -0.0327912 -0.0299824 -0.026934 -0.0237646 -0.0206456 -0.0176531 -0.0149238 -0.0124575 -0.0103007 -0.00839181 -0.00674546 -0.00528964 -0.00403225 -0.00288305 -0.00182548 -0.000775011 0.000255935 0.00134552 0.00250853 0.00384043 0.00533922 0.00707826 0.00904757 0.0113199 0.013867 0.0167095 0.0197314 0.0228746 0.0259829 0.0289552 0.0315461 0.033563 0.034756 0.0349876 0.0340693 0.0319017 0.0283853 0.0235453 0.0174584 0.0102942 0.00227042 -0.00634136 -0.0151897 -0.0239372 -0.0321964 -0.0396519 -0.0459524 -0.0509032 -0.0542893 -0.0560693 -0.0562416 -0.0549816 -0.0524535 -0.0489242 -0.0446737 -0.039959 -0.035048 -0.0301641 -0.0255378 -0.0212574 -0.0174791 -0.0142083 -0.0114616 -0.00919432 -0.00738123 -0.00594999 -0.0048316 -0.00400857 -0.00336863 -0.00292309 -0.00260666 -0.00238847 -0.00222536 -0.00212398 -0.00206167 -0.00200231 -0.00198892 -0.00194892 -0.00192412 -0.0019114 -0.00189632 -0.00188787 -0.00187054 -0.00186217 -0.00184031 -0.0018382 -0.00182863 -0.00182309 -0.00182304 -0.00179938 -0.00180156 -0.00178537 -0.00177312 -0.00178034 -0.0017619 -0.00175819 -0.0017548 -0.00173883 -0.00173789 -0.00173579 -0.0017268 -0.00173194 -0.00173022 -0.00171831 -0.00172046 -0.00170766 -0.00169979 -0.00170387 -0.0016943 -0.00170186 -0.00170289 -0.00169895 -0.00170463 -0.00169393 -0.00169407 
0 1.34099e-05 2.40568e-05 3.23397e-05 4.1446e-05 4.20248e-05 5.39425e-05 6.08344e-05 6.78978e-05 9.13784e-05 9.18036e-05 0.00010904 0.000123009 0.000115549 0.000140943 0.000141499 0.000147472 0.000173436 0.000168922 0.000184042 0.00019743 0.000204216 0.000215444 0.000232298 0.000250391 0.000245949 0.000276029 0.000279842 0.000274538 0.000313644 0.000308449 0.000321202 0.000345335 0.000351862 0.000367547 0.0003832 0.000413693 0.000424881 0.000454699 0.00049401 0.000547895 0.00062212 0.00071341 0.000898126 0.00112797 0.00145194 0.00193038 0.00258542 0.00345743 0.00460435 0.00610589 0.00797618 0.0103271 0.013174 0.0165453 0.0204618 0.0248668 0.0296576 0.0346824 0.0397798 0.0446593 0.0491053 0.0528409 0.0555957 0.0571138 0.0572241 0.0557892 0.0527464 0.0481954 0.042258 0.0351542 0.0271373 0.0185643 0.00972536 0.000972765 -0.00739301 -0.0150919 -0.021926 -0.0276837 -0.0322154 -0.0354661 -0.0374527 -0.0382452 -0.03793 -0.0366614 -0.034594 -0.0319582 -0.0289518 -0.0257845 -0.0225671 -0.0194476 -0.0165121 -0.0138616 -0.0114829 -0.00938858 -0.00753117 -0.00591797 -0.00448419 -0.00320463 -0.00199339 -0.000830413 0.000350521 0.00156298 0.00289086 0.00436703 0.00606524 0.00798159 0.010167 0.0126237 0.0153889 0.0183841 0.0215395 0.0247221 0.027841 0.0307006 0.0331093 0.034828 0.0356872 0.0355045 0.0341706 0.0315874 0.0277108 0.0225509 0.0162295 0.00893684 0.000863243 -0.00772856 -0.0165363 -0.0252041 -0.0334345 -0.040859 -0.0471986 -0.0522058 -0.055741 -0.0576694 -0.0580294 -0.0569344 -0.0545499 -0.051109 -0.0468885 -0.0421649 -0.0371567 -0.0321597 -0.0273504 -0.0228938 -0.0188936 -0.0154334 -0.0124913 -0.0100528 -0.00809912 -0.00652496 -0.00531444 -0.00439369 -0.00370373 -0.00318014 -0.00282865 -0.00258525 -0.00239074 -0.00227793 -0.0021925 -0.00214606 -0.0021012 -0.0020675 -0.00205559 -0.0020379 -0.0020206 -0.00199969 -0.0020071 -0.00197895 -0.00196633 -0.00197683 -0.00193971 -0.0019372 -0.00193151 -0.00191252 -0.00190768 -0.00190229 -0.00189606 -0.00187745 -0.00188452 -0.00187148 -0.00185858 -0.00187124 -0.00185034 -0.00185127 -0.00184669 -0.00182759 -0.00183184 -0.00182077 -0.00182259 -0.00182284 -0.00181931 -0.0018234 -0.00181048 -0.00181342 -0.00180488 -0.00179696 -0.00180676 -0.00179504 -0.00180475 
