0 0 0 0 0 0 0 0 0 0 0 0 0 0 0 0 0 0 0 0 0 0 0 0 0 0 0 0 0 0 0 0 0 0 0 0 0 0 0 0 0 0 0 0 0 0 0 0 0 0 0 0 0 0 0 0 0 0 0 0 0 0 0 0 0 0 0 0 0 0 0 0 0 0 0 0 0 0 0 0 0 0 0 0 0 0 0 0 0 0 0 0 0 0 0 0 0 0 0 0 0 0 0 0 0 0 0 0 0 0 0 0 0 0 0 0 0 0 0 0 0 0 0 0 0 0 0 0 0 0 0 0 0 0 0 0 0 0 0 0 0 0 0 0 0 0 0 0 0 0 0 0 0 0 0 0 0 0 0 0 0 0 0 0 0 0 0 0 0 0 0 0 0 0 0 0 0 0 0 0 0 0 0 0 0 0 0 0 0 0 0 0 0 0 0 0 0 0 0 0 
0 1.66246e-06 -2.23942e-06 -2.00142e-06 2.48221e-06 -5.49997e-07 7.3281e-06 7.4839e-06 2.68454e-06 1.18467e-05 -5.02963e-07 3.13623e-06 1.00085e-05 -3.41199e-06 1.45582e-05 9.13659e-06 2.49305e-06 1.82655e-05 3.28439e-06 9.59077e-06 1.70711e-05 1.09325e-05 1.461e-05 1.42044e-05 1.2356e-05 2.5992e-06 1.74582e-05 1.52638e-05 1.05931e-05 3.02244e-05 1.28213e-05 1.58193e-05 2.11515e-05 2.09904e-05 2.68344e-05 1.90549e-05 2.72683e-05 1.5401e-05 1.683e-05 2.84046e-05 3.36025e-05 2.43932e-05 1.61464e-05 4.5989e-05 4.66791e-05 5.34159e-05 7.14322e-05 9.88334e-05 0.000140421 0.000192574 0.000269316 0.00036153 0.000505143 0.000665382 0.000872601 0.00113219 0.0014373 0.00179257 0.00220046 0.00265266 0.00310659 0.00356877 0.00397772 0.0043022 0.0045071 0.00457598 0.00446389 0.0041671 0.00369136 0.00302573 0.00220601 0.00128783 0.00034056 -0.000596612 -0.00144282 -0.00216438 -0.00273172 -0.00313049 -0.00332514 -0.00334479 -0.00322972 -0.00301596 -0.00272554 -0.00239913 -0.00206552 -0.00173935 -0.00144625 -0.00120286 -0.00100078 -0.000815744 -0.000663896 -0.000555216 -0.000476774 -0.000392635 -0.000316023 -0.000261556 -0.000227548 -0.000179104 -0.000124963 -8.13514e-05 -5.63781e-05 -1.68043e-05 3.56473e-05 8.56587e-05 0.000117814 0.000164819 0.00023415 0.000313912 0.000384275 0.000477229 0.000610406 0.00077873 0.000961844 0.0011818 0.00145126 0.00176049 0.00208431 0.00241163 0.00271646 0.0029603 0.00311927 0.00316192 0.00304474 0.00272965 0.00224182 0.00159496 0.000812678 -7.91059e-05 -0.00100282 -0.00191995 -0.00276244 -0.00347267 -0.00400225 -0.00436005 -0.0045346 -0.00452706 -0.00437382 -0.00409615 -0.00372212 -0.00328216 -0.00283973 -0.00239062 -0.00197841 -0.00161282 -0.0013001 -0.00102659 -0.000808658 -0.000638133 -0.000487798 -0.000384972 -0.000299194 -0.000244132 -0.000201316 -0.000174393 -0.00014381 -0.000137311 -0.000148041 -0.000124055 -0.000118119 -0.000120131 -0.00013178 -0.000123196 -0.000116052 -0.000118761 -0.000112725 -0.000118421 -0.000110854 -0.000122427 -0.000109636 -0.000100833 -0.000118979 -0.000106097 -0.000113147 -0.000118008 -0.000111832 -0.00010699 -0.000109646 -0.000112741 -0.000101041 -0.000116816 -0.000107465 -9.88167e-05 -0.000113487 -9.62508e-05 -0.000105831 -0.000111479 -0.00010288 -0.000114121 -0.000105683 -0.000104855 -0.000104408 -9.88912e-05 -0.000104374 -0.000100403 -0.000106151 -0.000106935 -0.000103496 -0.000109065 -0.000102031 -0.000104169 
0 -2.23942e-06 1.3806e-05 -2.06933e-07 9.64341e-06 9.56083e-06 -6.4078e-06 1.16475e-05 8.8143e-07 3.27947e-06 2.22779e-05 6.37565e-06 1.88479e-05 2.11869e-05 5.36335e-06 2.04359e-05 1.64069e-05 1.28502e-05 2.60341e-05 1.94789e-05 1.69315e-05 2.14581e-05 2.00387e-05 2.48521e-05 3.04303e-05 3.84781e-05 3.46875e-05 2.57083e-05 3.66744e-05 2.54691e-05 2.71545e-05 4.89897e-05 3.49076e-05 2.9886e-05 3.98576e-05 4.22453e-05 3.57964e-05 5.83094e-05 6.41079e-05 3.53913e-05 5.32966e-05 6.37854e-05 7.59789e-05 7.34083e-05 7.47012e-05 0.000110847 0.000148749 0.000199231 0.000257822 0.000389304 0.000531371 0.000731278 0.0010046 0.00133435 0.00175708 0.00226704 0.0028917 0.00358705 0.00441892 0.00530032 0.00622138 0.00712528 0.00794302 0.00858396 0.0089869 0.00912494 0.00888863 0.00831031 0.00734291 0.00603556 0.00439013 0.00258269 0.000682164 -0.00116633 -0.00286199 -0.00429326 -0.00543027 -0.00622312 -0.00661705 -0.0066696 -0.00644086 -0.00602816 -0.00544448 -0.00481022 -0.00413257 -0.00349885 -0.00289904 -0.00242635 -0.00200126 -0.00164883 -0.00132858 -0.00112473 -0.000945022 -0.000794087 -0.000626129 -0.000532288 -0.000442831 -0.000362434 -0.000240848 -0.00016999 -9.95724e-05 -3.585e-05 8.2214e-05 0.000164566 0.00024943 0.000328907 0.000481908 0.000622584 0.000784579 0.000956843 0.00123942 0.00155678 0.00194283 0.00236783 0.00292085 0.00351914 0.00417798 0.0048123 0.00542573 0.00589562 0.00621413 0.00628229 0.00604353 0.00541259 0.00443632 0.0031497 0.001583 -0.000177913 -0.00202916 -0.00383554 -0.00552391 -0.0069166 -0.00798968 -0.0086842 -0.00904445 -0.00902087 -0.0087228 -0.00816675 -0.00742079 -0.00655529 -0.00565991 -0.00478276 -0.00394453 -0.00323193 -0.00259054 -0.00206326 -0.00161932 -0.00127736 -0.000983346 -0.000774725 -0.000623643 -0.000484095 -0.000406665 -0.000351498 -0.000322844 -0.000278228 -0.000260075 -0.00025024 -0.000258402 -0.000254307 -0.000217032 -0.000234432 -0.000241768 -0.000232341 -0.000232365 -0.000239299 -0.000225971 -0.000218957 -0.000242008 -0.000230789 -0.000226812 -0.000228741 -0.000216671 -0.000215949 -0.00021572 -0.000222599 -0.000219334 -0.000214091 -0.000220948 -0.000211115 -0.0002109 -0.000224665 -0.000213702 -0.000216668 -0.000222293 -0.00020217 -0.000209155 -0.000208943 -0.000198828 -0.000215824 -0.000211645 -0.000210501 -0.00021885 -0.000207012 -0.000207975 -0.000207224 -0.000201789 -0.000206401 -0.000205431 -0.00020857 
0 -2.00142e-06 -2.06933e-07 -1.18376e-07 6.59162e-06 5.57465e-06 1.34191e-05 1.74925e-05 1.11044e-05 2.14275e-05 1.06138e-05 1.20915e-05 2.28775e-05 9.71733e-06 2.86221e-05 2.70006e-05 1.91895e-05 3.69304e-05 2.34725e-05 2.9644e-05 3.98807e-05 3.5023e-05 3.89686e-05 4.00597e-05 3.79816e-05 2.8597e-05 4.66252e-05 4.49059e-05 4.39462e-05 6.56294e-05 4.68783e-05 5.3959e-05 5.88699e-05 6.03145e-05 7.03665e-05 6.20972e-05 7.02335e-05 6.1005e-05 6.43225e-05 7.66779e-05 8.95483e-05 8.14499e-05 7.7885e-05 0.000121757 0.000135874 0.000167003 0.000221311 0.000302268 0.000420684 0.000587789 0.000814535 0.00110846 0.00152204 0.00201679 0.00264345 0.0034162 0.00433376 0.00539635 0.00661356 0.00794236 0.00930143 0.0106514 0.0118559 0.0128089 0.0134119 0.0135985 0.0132614 0.0123832 0.0109596 0.0089972 0.0065827 0.00388328 0.00107748 -0.0016794 -0.00419102 -0.00633665 -0.00803125 -0.00921698 -0.00982578 -0.00992298 -0.00961089 -0.00899799 -0.00815882 -0.00720847 -0.00622169 -0.00526312 -0.00439146 -0.00365794 -0.00303479 -0.00248687 -0.0020313 -0.00169617 -0.00143674 -0.00119013 -0.000965013 -0.000800077 -0.00067635 -0.000535651 -0.000380553 -0.000254414 -0.000159472 -4.18531e-05 0.000108491 0.000249863 0.000366364 0.000511746 0.000715863 0.000945107 0.00117729 0.0014671 0.00186852 0.00236387 0.00292884 0.00359452 0.00439943 0.00530905 0.00627033 0.0072266 0.00811157 0.00881534 0.00926297 0.00935097 0.00896903 0.00802681 0.00656805 0.00463995 0.00231351 -0.000312185 -0.00305008 -0.00574946 -0.0082314 -0.0103209 -0.0119034 -0.0129594 -0.01348 -0.0134704 -0.0130223 -0.012203 -0.0111011 -0.00981639 -0.00849232 -0.00717252 -0.00594414 -0.0048552 -0.00391181 -0.00310446 -0.0024464 -0.0019238 -0.00148635 -0.00116674 -0.000918313 -0.000739826 -0.000611588 -0.00052516 -0.000453813 -0.000420734 -0.000418546 -0.000378811 -0.000366613 -0.000367284 -0.00037323 -0.000363632 -0.000354318 -0.000353208 -0.000344756 -0.000351938 -0.00034071 -0.000350655 -0.000337461 -0.000323984 -0.000343529 -0.000329798 -0.000336 -0.000341557 -0.000332694 -0.000326854 -0.000328945 -0.000330274 -0.000318586 -0.000334218 -0.000321828 -0.000313352 -0.000326462 -0.000306983 -0.000319243 -0.000323106 -0.000315198 -0.000327792 -0.00031604 -0.000316039 -0.000313749 -0.000306438 -0.000313058 -0.000307781 -0.00031445 -0.000315332 -0.00031257 -0.00031931 -0.000309656 -0.000311928 
0 2.48221e-06 9.64341e-06 6.59162e-06 8.83868e-06 9.9845e-06 9.7981e-06 1.44484e-05 1.36089e-05 1.97175e-05 2.2272e-05 2.30994e-05 2.95474e-05 2.61906e-05 3.04421e-05 3.2839e-05 3.11314e-05 3.89884e-05 3.79802e-05 4.03025e-05 4.45133e-05 4.37305e-05 4.78594e-05 5.2106e-05 5.57986e-05 5.74658e-05 6.27701e-05 6.11015e-05 6.17943e-05 6.88303e-05 6.59294e-05 7.43297e-05 7.64123e-05 7.51183e-05 8.286e-05 8.31928e-05 8.94496e-05 9.57085e-05 9.87427e-05 0.000100328 0.000109862 0.000118429 0.000128357 0.00015345 0.000176741 0.000224781 0.0003017 0.000406945 0.000562786 0.000789606 0.00109556 0.00150068 0.00204054 0.00271323 0.0035525 0.00458174 0.00580326 0.00722033 0.00883014 0.0105782 0.0123782 0.0141417 0.0157202 0.0169664 0.017756 0.0179813 0.0175332 0.0163695 0.0144833 0.0119005 0.00873578 0.00519366 0.00150128 -0.00211767 -0.00543197 -0.00827091 -0.01052 -0.0120914 -0.0129308 -0.0130994 -0.0127241 -0.0119378 -0.0108588 -0.0096197 -0.00832639 -0.00706583 -0.00591678 -0.00493056 -0.00408825 -0.00335867 -0.00275453 -0.00229281 -0.00192761 -0.00159847 -0.00130599 -0.00107952 -0.000897984 -0.000710007 -0.000513527 -0.000345331 -0.000203967 -4.39045e-05 0.000146464 0.000331402 0.000501616 0.000704271 0.000969321 0.00127091 0.00159666 0.00199921 0.00253275 0.00318966 0.00395296 0.00485107 0.0059153 0.00711283 0.00837566 0.00962609 0.0107684 0.0116769 0.0122353 0.0123118 0.0117678 0.0105132 0.00857345 0.00601795 0.00294215 -0.000506969 -0.00411274 -0.00765689 -0.0109104 -0.0136553 -0.0157488 -0.0171437 -0.01783 -0.0178334 -0.0172469 -0.0161726 -0.014726 -0.0130485 -0.0112941 -0.00955866 -0.00793536 -0.00648796 -0.00523149 -0.00416277 -0.00328503 -0.00257747 -0.00200662 -0.00157356 -0.00124488 -0.000998957 -0.000825598 -0.000710709 -0.000625159 -0.000569099 -0.000539128 -0.000511382 -0.000500228 -0.000490352 -0.000479744 -0.000474444 -0.000473594 -0.000469575 -0.000465673 -0.000466308 -0.000456973 -0.000459458 -0.00045803 -0.000452285 -0.000454961 -0.000447317 -0.000443886 -0.000442682 -0.000440158 -0.000438011 -0.000438116 -0.000436256 -0.00043094 -0.000434166 -0.000429507 -0.000429428 -0.000432477 -0.000425688 -0.000428247 -0.000423708 -0.000419908 -0.000422017 -0.000417329 -0.000420823 -0.000420216 -0.000419352 -0.000421663 -0.000417159 -0.000418772 -0.000415454 -0.000412816 -0.000416111 -0.000412229 -0.00041646 
0 -5.49997e-07 9.56083e-06 5.57465e-06 9.9845e-06 1.93048e-05 1.02831e-05 1.88355e-05 2.25726e-05 1.58853e-05 3.343e-05 2.80844e-05 2.84711e-05 4.43346e-05 2.93069e-05 4.10974e-05 4.80189e-05 3.74934e-05 5.54316e-05 5.21545e-05 5.09254e-05 5.90653e-05 5.91842e-05 6.3037e-05 6.55181e-05 7.95543e-05 7.09911e-05 7.5468e-05 8.74277e-05 7.35117e-05 9.00657e-05 9.51525e-05 9.46166e-05 9.68249e-05 9.95763e-05 0.000110702 0.000103128 0.000122594 0.000127925 0.000122221 0.000130267 0.000148682 0.000176373 0.00018254 0.00022609 0.000290998 0.000387381 0.000523803 0.000718557 0.00100967 0.0013916 0.0019133 0.00257577 0.00342963 0.0044821 0.00576282 0.00728864 0.00905254 0.011047 0.0131947 0.0154226 0.0175729 0.0195045 0.0210254 0.0219872 0.0222409 0.0216798 0.0202409 0.0179034 0.0147338 0.010859 0.0065249 0.00198815 -0.00244618 -0.0065344 -0.0100457 -0.0128393 -0.0147945 -0.0158835 -0.0161552 -0.0157487 -0.0148219 -0.0135326 -0.0120328 -0.0104506 -0.00890794 -0.00748797 -0.00624983 -0.00517907 -0.00427139 -0.00351484 -0.00292072 -0.00243474 -0.0020247 -0.00166366 -0.00137475 -0.00112322 -0.000890284 -0.00065341 -0.000445825 -0.000247304 -4.59015e-05 0.000183673 0.000408181 0.000643644 0.000905868 0.0012336 0.00160424 0.0020375 0.0025601 0.00323155 0.00404669 0.00501847 0.00615162 0.00747379 0.00894356 0.0104951 0.012016 0.0133908 0.014474 0.0151144 0.0151471 0.0144188 0.0128485 0.0104342 0.00726678 0.00346483 -0.000766805 -0.00520193 -0.00954337 -0.0135292 -0.0168941 -0.0194864 -0.0212084 -0.0220624 -0.0220871 -0.0213779 -0.0200657 -0.018296 -0.0162526 -0.0140827 -0.0119512 -0.00994155 -0.00814411 -0.00657154 -0.00524538 -0.00414391 -0.00324729 -0.00254228 -0.00198782 -0.00157899 -0.00126213 -0.00104487 -0.000891208 -0.000794991 -0.000720106 -0.000661735 -0.000647658 -0.000631102 -0.000617231 -0.000592702 -0.000596818 -0.000597439 -0.00058431 -0.000586841 -0.000578868 -0.000578128 -0.000564834 -0.000573961 -0.000573776 -0.000555621 -0.000565987 -0.000554964 -0.000549813 -0.000552153 -0.000551994 -0.000547555 -0.000540902 -0.000549822 -0.000533534 -0.00053779 -0.000545297 -0.000527267 -0.000540711 -0.000533407 -0.000523532 -0.000533838 -0.000522504 -0.000525521 -0.000528681 -0.00052318 -0.000527023 -0.000523005 -0.000521748 -0.000521051 -0.000519472 -0.000520682 -0.000518703 -0.000520538 -0.000519266 
0 7.3281e-06 -6.4078e-06 1.34191e-05 9.7981e-06 1.02831e-05 3.01494e-05 1.74955e-05 3.14689e-05 3.55642e-05 2.03452e-05 3.98891e-05 3.31819e-05 3.37442e-05 5.39152e-05 4.48103e-05 5.27246e-05 6.02666e-05 5.36548e-05 6.22862e-05 6.87588e-05 7.23979e-05 7.50036e-05 7.85659e-05 7.9905e-05 7.30339e-05 8.55723e-05 9.7132e-05 9.17653e-05 0.000109714 0.000112758 9.85772e-05 0.000115006 0.000127482 0.000124288 0.000128411 0.00014237 0.000128845 0.00013084 0.00016511 0.000167869 0.000174369 0.000185709 0.000231927 0.000294387 0.000358491 0.000470631 0.000644402 0.000906387 0.00123432 0.00171224 0.00233698 0.00314105 0.00416963 0.0054331 0.00697365 0.00878727 0.0109097 0.0132545 0.0158059 0.0184183 0.0209441 0.0231902 0.0249672 0.0260817 0.026346 0.0256801 0.0239578 0.0212075 0.0174666 0.0129522 0.00786157 0.00255737 -0.00265899 -0.00746725 -0.0116363 -0.0149518 -0.0172967 -0.0186539 -0.0190602 -0.0186672 -0.0176315 -0.0161793 -0.0144368 -0.0126068 -0.0107856 -0.00912288 -0.0076135 -0.00632975 -0.00522169 -0.00432937 -0.00357281 -0.00297647 -0.00246029 -0.00204971 -0.00167311 -0.00136548 -0.00106505 -0.000809042 -0.000540455 -0.000300186 -3.5189e-05 0.000212318 0.00049774 0.000784008 0.00113123 0.00150258 0.00196604 0.0024953 0.00316864 0.00396232 0.00495877 0.00612402 0.0075154 0.00907128 0.0108157 0.0126177 0.0143976 0.0159595 0.0171915 0.0178674 0.0178264 0.0168876 0.0149928 0.0121169 0.00834898 0.0038646 -0.00112001 -0.00631417 -0.0114185 -0.0160662 -0.020034 -0.0230815 -0.025139 -0.0261453 -0.0262111 -0.0253905 -0.0238628 -0.0218015 -0.0194078 -0.0168626 -0.0143334 -0.0119724 -0.00981219 -0.0079454 -0.00634536 -0.00502708 -0.00394137 -0.00309391 -0.00242226 -0.00190618 -0.0015492 -0.00127396 -0.00108056 -0.000941743 -0.000874766 -0.000821525 -0.000778361 -0.000742927 -0.000730464 -0.000747773 -0.000720975 -0.000705139 -0.000708649 -0.000701142 -0.000689696 -0.00069672 -0.000696462 -0.000669852 -0.000674617 -0.000676823 -0.000666773 -0.000674454 -0.000672514 -0.000663701 -0.000657596 -0.000656763 -0.000656664 -0.000649312 -0.000654035 -0.000650454 -0.000634942 -0.00064346 -0.000636627 -0.000630102 -0.00064716 -0.000635593 -0.000636107 -0.000642382 -0.000624097 -0.000629357 -0.000627343 -0.000619657 -0.000629504 -0.000624908 -0.000626439 -0.000629941 -0.000624133 -0.000627026 -0.000622567 
0 7.4839e-06 1.16475e-05 1.74925e-05 1.44484e-05 1.88355e-05 1.74955e-05 1.93096e-05 3.06647e-05 2.55798e-05 4.21109e-05 4.76832e-05 4.13105e-05 6.01245e-05 4.71396e-05 5.17637e-05 6.65278e-05 5.46592e-05 7.33035e-05 7.52659e-05 7.0432e-05 8.08264e-05 8.32231e-05 8.81081e-05 9.6725e-05 0.000112976 0.000102612 0.00010996 0.000116023 0.000102621 0.00012748 0.000127245 0.000134107 0.000137948 0.000134126 0.00015329 0.000152282 0.000171397 0.000180952 0.000181567 0.000181579 0.000214949 0.000256201 0.000265718 0.00033523 0.000428969 0.000572067 0.000778031 0.00107017 0.00147914 0.00203947 0.0027884 0.00372186 0.00493707 0.00642074 0.0082116 0.0103308 0.0127774 0.0154889 0.0183965 0.0213877 0.024238 0.0267797 0.0287752 0.0300144 0.0302846 0.0294905 0.0275118 0.024347 0.0201024 0.0149719 0.00921669 0.00318546 -0.00273242 -0.00823392 -0.0130114 -0.0168419 -0.019574 -0.0212189 -0.0217972 -0.0214536 -0.0203675 -0.0187774 -0.0168471 -0.014779 -0.012725 -0.0108047 -0.00905317 -0.00752699 -0.00624149 -0.00517647 -0.00427745 -0.00353326 -0.00293202 -0.00243615 -0.00199565 -0.00159963 -0.00125655 -0.000949714 -0.000646009 -0.000334481 -3.22385e-05 0.000264232 0.000585356 0.000953682 0.00136091 0.00180992 0.00234376 0.00300501 0.00380773 0.0047602 0.00591452 0.00730376 0.00892497 0.0107339 0.0127095 0.0147573 0.0167415 0.0184713 0.0197913 0.0204688 0.020308 0.0191373 0.0169077 0.0135726 0.00924055 0.00409726 -0.00157051 -0.00748438 -0.0132613 -0.018544 -0.0230411 -0.02654 -0.0288936 -0.030073 -0.0301701 -0.029265 -0.0275453 -0.0252138 -0.0225101 -0.0195991 -0.0167182 -0.0139917 -0.0115076 -0.00932776 -0.00747788 -0.00593229 -0.00465725 -0.00366939 -0.00287779 -0.00228148 -0.00183403 -0.00151475 -0.00128682 -0.00113973 -0.00102998 -0.000936796 -0.000919402 -0.00089051 -0.000859503 -0.000836162 -0.000834011 -0.000831322 -0.000822066 -0.000824746 -0.000806045 -0.000810332 -0.000797091 -0.000802127 -0.000809614 -0.00078416 -0.00079073 -0.000778603 -0.000768465 -0.000772762 -0.000773053 -0.00076559 -0.00075989 -0.000766049 -0.000746629 -0.000757128 -0.000761135 -0.000745378 -0.000762089 -0.000744774 -0.000738174 -0.00074357 -0.000727445 -0.000737594 -0.000736468 -0.000735044 -0.000741323 -0.000734144 -0.000736228 -0.000729919 -0.000726883 -0.000727715 -0.000722136 -0.000728966 -0.000727756 
0 2.68454e-06 8.8143e-07 1.11044e-05 1.36089e-05 2.25726e-05 3.14689e-05 3.06647e-05 3.88717e-05 3.61962e-05 4.07981e-05 4.63611e-05 4.31656e-05 5.85167e-05 5.87429e-05 6.38759e-05 7.63003e-05 6.9709e-05 8.0914e-05 8.49284e-05 8.56982e-05 9.74904e-05 9.88698e-05 0.000101741 0.000104835 0.000110964 0.000112155 0.000124781 0.000134526 0.00013332 0.000148986 0.000143997 0.000152239 0.000165084 0.000163017 0.000177566 0.00017711 0.000181077 0.000192673 0.000208738 0.00021997 0.000241849 0.000278004 0.000316139 0.000405671 0.000515424 0.000676268 0.000926906 0.00127526 0.00175141 0.00240007 0.00326018 0.0043441 0.00573416 0.0074358 0.00947746 0.0118906 0.0146564 0.0177078 0.0209621 0.0242853 0.0274418 0.0302367 0.0324249 0.0337603 0.034027 0.0331025 0.030873 0.0273346 0.0226233 0.0169465 0.0105873 0.00391722 -0.0026505 -0.00877998 -0.014135 -0.0184534 -0.0215853 -0.0235322 -0.024321 -0.0240754 -0.0229934 -0.0213152 -0.0192378 -0.0169753 -0.0147095 -0.0125529 -0.0105605 -0.00880385 -0.00732556 -0.00608744 -0.00502949 -0.00414286 -0.00343595 -0.00285497 -0.00233511 -0.00186138 -0.00146006 -0.00110642 -0.000753364 -0.000383527 -3.11113e-05 0.000309922 0.000683407 0.00112326 0.00160473 0.00213034 0.00275635 0.00354503 0.00449428 0.00560686 0.0069386 0.008544 0.0103998 0.0124467 0.0146419 0.0168987 0.019055 0.0209086 0.0222694 0.0228996 0.0225809 0.0211592 0.0185784 0.0148015 0.0099295 0.00418402 -0.00212224 -0.008674 -0.015066 -0.0209137 -0.0259055 -0.0298116 -0.0324571 -0.0338089 -0.0339504 -0.0329859 -0.0311048 -0.0285452 -0.0255536 -0.022325 -0.0191038 -0.0160405 -0.0132342 -0.0107554 -0.00864392 -0.00687062 -0.0054119 -0.0042638 -0.00334946 -0.0026536 -0.0021387 -0.00176374 -0.00148523 -0.00130755 -0.00118889 -0.00109572 -0.00105073 -0.00100999 -0.000987795 -0.000976581 -0.000966697 -0.000950178 -0.00094224 -0.000939357 -0.0009249 -0.000930679 -0.000915593 -0.000907163 -0.000907725 -0.000894369 -0.000899035 -0.000896103 -0.000890471 -0.000885913 -0.000883323 -0.000876182 -0.000872607 -0.000877023 -0.000863428 -0.000866054 -0.000860676 -0.000848495 -0.000856923 -0.000847619 -0.000850545 -0.000854478 -0.000846021 -0.000850224 -0.000842326 -0.000839324 -0.000838079 -0.000831862 -0.000836902 -0.000833715 -0.000836252 -0.000839131 -0.00083346 -0.000836841 -0.000831216 
0 1.18467e-05 3.27947e-06 2.14275e-05 1.97175e-05 1.58853e-05 3.55642e-05 2.55798e-05 3.61962e-05 5.278e-05 3.94298e-05 5.81208e-05 6.09908e-05 5.39926e-05 7.6165e-05 6.95218e-05 7.45725e-05 8.91782e-05 8.32279e-05 9.41836e-05 9.96485e-05 0.000105581 0.000110032 0.000116588 0.000128213 0.000119826 0.000137337 0.000143506 0.000137413 0.000159103 0.00015898 0.000160782 0.000169854 0.000183468 0.000186345 0.000189032 0.000213578 0.000206091 0.000217382 0.000240398 0.00025793 0.000281187 0.00030689 0.0003788 0.000467605 0.000599012 0.000787832 0.00107956 0.00148936 0.00203063 0.00278377 0.0037526 0.00500342 0.006566 0.00849059 0.0107893 0.0134868 0.0165652 0.0199332 0.0235174 0.0271259 0.0305606 0.0335633 0.0359076 0.0373059 0.0375517 0.0364893 0.0340133 0.0301401 0.0250017 0.0188465 0.0119508 0.00473052 -0.00242581 -0.00911396 -0.0150052 -0.0197841 -0.023323 -0.0255848 -0.0266179 -0.0265199 -0.0254967 -0.023783 -0.0216037 -0.0191922 -0.0167369 -0.0143652 -0.0121386 -0.0101632 -0.0084763 -0.00705895 -0.00582833 -0.0048024 -0.00396891 -0.0032958 -0.00268304 -0.00214012 -0.00166658 -0.00126386 -0.000849397 -0.000432555 -2.00545e-05 0.000366836 0.000807547 0.00130985 0.00187598 0.00248257 0.0032217 0.00413431 0.00524183 0.00651891 0.0080459 0.00985825 0.0119448 0.014211 0.0166091 0.0190328 0.02132 0.0232463 0.0245945 0.0251226 0.0246064 0.0229123 0.0199646 0.0157599 0.0103792 0.00409102 -0.00279954 -0.0099058 -0.0168451 -0.0231862 -0.0286289 -0.0328939 -0.0358187 -0.0373391 -0.0375353 -0.0365323 -0.0345209 -0.0317712 -0.0285162 -0.0250132 -0.0214692 -0.0180943 -0.0149728 -0.0122125 -0.00983585 -0.00783764 -0.00619959 -0.00488444 -0.003856 -0.00304987 -0.00246887 -0.00202941 -0.00171341 -0.0014935 -0.00135185 -0.00126088 -0.00118257 -0.00114042 -0.00111085 -0.00110633 -0.00107998 -0.0010621 -0.00106805 -0.00105057 -0.00104488 -0.00104109 -0.00104009 -0.00102257 -0.00101934 -0.00102558 -0.00100409 -0.00100923 -0.00100461 -0.000992376 -0.000991716 -0.000986262 -0.000985787 -0.000974172 -0.000979772 -0.000974178 -0.000961287 -0.000974906 -0.000959278 -0.000957582 -0.000966349 -0.000947366 -0.000954773 -0.000952331 -0.000940608 -0.000951261 -0.000944199 -0.000942068 -0.000947351 -0.000938611 -0.000940001 -0.000939697 -0.000934935 -0.000939005 -0.000937068 
0 -5.02963e-07 2.22779e-05 1.06138e-05 2.2272e-05 3.343e-05 2.03452e-05 4.21109e-05 4.07981e-05 3.94298e-05 6.22587e-05 5.44395e-05 6.70518e-05 7.78528e-05 6.84814e-05 8.30832e-05 8.60743e-05 8.90102e-05 0.000100586 0.000106508 0.000110875 0.000111678 0.000125333 0.000126345 0.000132459 0.000155219 0.000148967 0.000153066 0.000168116 0.000161837 0.000170545 0.00019201 0.000195746 0.000192483 0.000207231 0.000217812 0.00021686 0.000242494 0.000261581 0.000259599 0.000275005 0.00031634 0.000376815 0.000430643 0.000525193 0.00069084 0.000927289 0.00125529 0.00170673 0.00234759 0.003188 0.00428958 0.00568909 0.0074395 0.00958302 0.0121349 0.0151178 0.0184772 0.0221655 0.026027 0.029908 0.0335626 0.0367513 0.0391992 0.0406372 0.0408446 0.0396315 0.0369343 0.032747 0.0272523 0.0206614 0.0133323 0.00562109 -0.00202574 -0.00922521 -0.0155824 -0.020813 -0.0247483 -0.0273484 -0.028654 -0.0287551 -0.0278519 -0.026154 -0.0239368 -0.0214119 -0.0188122 -0.0162311 -0.0138069 -0.0116032 -0.00972011 -0.00809023 -0.00670361 -0.00551249 -0.00456121 -0.00375707 -0.00306815 -0.00243303 -0.00190388 -0.00141764 -0.000960326 -0.000475948 -2.40156e-05 0.000442428 0.000934944 0.00152268 0.00215402 0.00287884 0.00372318 0.00478739 0.00603535 0.00751112 0.00922413 0.0112602 0.0135448 0.0160317 0.0185933 0.0211585 0.0235161 0.0254714 0.0267452 0.0271214 0.0263715 0.0243796 0.0210649 0.0164341 0.0106011 0.00381178 -0.00357356 -0.0111789 -0.0185634 -0.025355 -0.0311733 -0.0357764 -0.0389447 -0.0406472 -0.0409057 -0.0398896 -0.0377921 -0.0348789 -0.0314148 -0.027653 -0.0238411 -0.0201504 -0.0167499 -0.0137008 -0.0110725 -0.0088459 -0.00701779 -0.00554187 -0.00438083 -0.00348842 -0.00279864 -0.0023035 -0.00195084 -0.00170562 -0.00151599 -0.00139448 -0.00133361 -0.00128908 -0.00124436 -0.0012044 -0.00120436 -0.00119921 -0.00117753 -0.00117378 -0.00116841 -0.00115039 -0.001144 -0.00115428 -0.00114173 -0.00112577 -0.00113062 -0.00111461 -0.00110527 -0.00111328 -0.00110364 -0.00109747 -0.00109384 -0.00108891 -0.00108109 -0.00107959 -0.00108579 -0.00107176 -0.00107495 -0.00107344 -0.00105403 -0.00106479 -0.00105644 -0.00105018 -0.00106308 -0.00104927 -0.00105291 -0.00105509 -0.00104232 -0.00104999 -0.00104378 -0.00103968 -0.00104673 -0.00103876 -0.00104329 
0 3.13623e-06 6.37565e-06 1.20915e-05 2.30994e-05 2.80844e-05 3.98891e-05 4.76832e-05 4.63611e-05 5.81208e-05 5.44395e-05 5.88773e-05 7.29307e-05 6.62424e-05 8.69079e-05 9.53652e-05 9.16969e-05 0.000111808 0.000105927 0.000111583 0.000126415 0.000128114 0.000137918 0.000144523 0.000148701 0.000145747 0.000162455 0.000170911 0.000178314 0.000200315 0.000194799 0.000205602 0.000207221 0.000220603 0.000239431 0.00023439 0.000254937 0.000254292 0.000262636 0.000290661 0.000330934 0.000354247 0.0003909 0.000497779 0.000616551 0.000803957 0.00106165 0.00143959 0.00197227 0.00268651 0.00363146 0.0048496 0.00642604 0.00835152 0.0107164 0.0135207 0.0167687 0.0204128 0.0243757 0.0285084 0.0326012 0.0364589 0.0397732 0.0422975 0.043738 0.0438859 0.0425241 0.0396091 0.0351625 0.0293429 0.022409 0.014701 0.00660817 -0.0014726 -0.00908712 -0.015875 -0.021513 -0.0258529 -0.0287959 -0.0304097 -0.0307571 -0.0300282 -0.0284142 -0.0262093 -0.0236337 -0.0209091 -0.0181638 -0.015546 -0.0131469 -0.0110404 -0.00921136 -0.0076393 -0.0063027 -0.00519472 -0.00426954 -0.00347056 -0.00276655 -0.00214845 -0.00159444 -0.00106267 -0.000536999 -1.55269e-05 0.000513996 0.00109232 0.00174175 0.00247015 0.00330151 0.0042913 0.00548844 0.006907 0.0085682 0.0105002 0.0127327 0.015219 0.0178853 0.0206003 0.0232501 0.0256374 0.0275537 0.0287034 0.0288745 0.0278542 0.0255493 0.0218551 0.0168282 0.0105704 0.00336455 -0.0044632 -0.0124636 -0.0202404 -0.0273874 -0.0335501 -0.0384292 -0.0418375 -0.0437089 -0.0440533 -0.0430514 -0.0408987 -0.0378765 -0.034225 -0.030263 -0.0261902 -0.0222332 -0.0185472 -0.0152365 -0.0123463 -0.0098943 -0.00788396 -0.00622875 -0.00493613 -0.00392742 -0.00317058 -0.0025971 -0.00218571 -0.00189345 -0.00169791 -0.00158155 -0.00146284 -0.00140491 -0.00137946 -0.00136103 -0.00132915 -0.00131178 -0.00130516 -0.00128428 -0.00129102 -0.00127508 -0.00126878 -0.00125354 -0.00123859 -0.00124806 -0.00123422 -0.00123567 -0.00123181 -0.00121975 -0.00121129 -0.00121096 -0.00120877 -0.00119685 -0.00120622 -0.00118785 -0.00117868 -0.00118565 -0.00116562 -0.00117667 -0.00117773 -0.00116727 -0.00117652 -0.00116494 -0.00116034 -0.00115995 -0.00115102 -0.00115297 -0.00115184 -0.0011513 -0.00115352 -0.00115212 -0.00115135 -0.00114942 -0.00114742 
0 1.00085e-05 1.88479e-05 2.28775e-05 2.95474e-05 2.84711e-05 3.31819e-05 4.13105e-05 4.31656e-05 6.09908e-05 6.70518e-05 7.29307e-05 8.73099e-05 8.07287e-05 9.33495e-05 9.7798e-05 9.44684e-05 0.000116255 0.00011559 0.000124984 0.000138444 0.000136291 0.000148384 0.000156766 0.000167091 0.000175189 0.00018691 0.000188203 0.000190318 0.000204722 0.000203143 0.000226516 0.000231897 0.000236563 0.000256168 0.000252264 0.000277597 0.000294029 0.000306982 0.000324657 0.00035449 0.000396384 0.00045692 0.000566772 0.000688371 0.00090624 0.00121761 0.0016415 0.00223915 0.0030413 0.00409945 0.00545599 0.00719612 0.0093139 0.011899 0.0149565 0.0184604 0.0223713 0.02659 0.0309516 0.0352311 0.0392352 0.04264 0.0451892 0.0466046 0.0466603 0.0451476 0.0420294 0.037355 0.0312678 0.0240538 0.0160532 0.00765172 -0.000766652 -0.00872954 -0.0158793 -0.0219009 -0.0266232 -0.0299277 -0.0318689 -0.0325106 -0.0320039 -0.030541 -0.028407 -0.0258328 -0.0230219 -0.0201445 -0.0173604 -0.0147764 -0.0124492 -0.01041 -0.00865063 -0.00715478 -0.0058833 -0.00481662 -0.00390372 -0.00311645 -0.00240864 -0.00177099 -0.0011659 -0.000587262 1.90697e-06 0.000609691 0.00127367 0.00199805 0.00282521 0.00378237 0.00492357 0.006268 0.00785839 0.0097174 0.0118679 0.0142926 0.0169572 0.0197757 0.0226091 0.0252978 0.0276582 0.0294691 0.0304414 0.0303548 0.0290353 0.0263894 0.0223251 0.0169138 0.0102868 0.00272048 -0.005459 -0.0137853 -0.0218677 -0.029306 -0.0357477 -0.0408661 -0.0444877 -0.0465215 -0.0469713 -0.0460044 -0.0438376 -0.0407352 -0.0369483 -0.0328076 -0.0285161 -0.0243097 -0.0203609 -0.0167973 -0.0136562 -0.0109829 -0.00877668 -0.00695865 -0.00552948 -0.00440875 -0.00355568 -0.00291168 -0.00246123 -0.0021219 -0.00188022 -0.0017386 -0.00162275 -0.00155698 -0.00150572 -0.00147122 -0.00144318 -0.00143685 -0.00142544 -0.00140314 -0.00140545 -0.00138309 -0.00138525 -0.00138248 -0.0013683 -0.00136862 -0.00135066 -0.00134336 -0.00133752 -0.00133373 -0.00132441 -0.00132159 -0.00131571 -0.00129922 -0.0013088 -0.00129736 -0.00129564 -0.00130457 -0.00128545 -0.00128905 -0.00128139 -0.0012685 -0.00127368 -0.00126477 -0.00126659 -0.00126927 -0.00126444 -0.00126635 -0.0012616 -0.00125771 -0.00125582 -0.00125258 -0.00125251 -0.00125252 -0.00125395 
0 -3.41199e-06 2.11869e-05 9.71733e-06 2.61906e-05 4.43346e-05 3.37442e-05 6.01245e-05 5.85167e-05 5.39926e-05 7.78528e-05 6.62424e-05 8.07287e-05 9.85722e-05 9.2512e-05 0.000111971 0.000115903 0.000121481 0.000131015 0.000135945 0.000149098 0.000146356 0.000165725 0.000169994 0.000166672 0.000195889 0.000190221 0.000199884 0.000223583 0.000221191 0.000231007 0.00024619 0.000257519 0.000254696 0.000276108 0.000289371 0.000285617 0.000315437 0.000330223 0.000355169 0.000384903 0.000434294 0.000524662 0.000627875 0.000789479 0.00103386 0.00139639 0.00187116 0.00253676 0.00344219 0.00460132 0.00611123 0.00799901 0.0103247 0.0131197 0.016421 0.0201725 0.0243268 0.0287835 0.0333289 0.0377772 0.04187 0.0453375 0.0478648 0.0492313 0.049167 0.0475055 0.0442059 0.0393326 0.0330433 0.0256095 0.0174052 0.00876225 0.000108901 -0.0081397 -0.0155793 -0.0219591 -0.0270355 -0.0307203 -0.0330069 -0.0339866 -0.0337511 -0.0325076 -0.0305089 -0.0279892 -0.0251427 -0.0221693 -0.0192552 -0.0164957 -0.0139639 -0.011705 -0.00976173 -0.0080858 -0.0066523 -0.00542155 -0.00439451 -0.00349974 -0.00270663 -0.00196646 -0.00129387 -0.000640508 1.10846e-05 0.000715878 0.00145957 0.00228231 0.00320826 0.00431462 0.00560577 0.00712027 0.00888158 0.0109534 0.0133116 0.0159278 0.0187422 0.0216864 0.0245939 0.0272792 0.029554 0.0311961 0.0319395 0.0315521 0.0299103 0.0269001 0.0224847 0.016708 0.00977406 0.00190317 -0.0065292 -0.0151159 -0.0234148 -0.0310861 -0.0377362 -0.0430657 -0.0468729 -0.0490677 -0.0496445 -0.0487411 -0.0466057 -0.0434554 -0.0395938 -0.0352962 -0.0308352 -0.0263974 -0.0222152 -0.0184002 -0.0150198 -0.0121289 -0.00971139 -0.00773511 -0.00614576 -0.00492199 -0.00395623 -0.00324061 -0.00272806 -0.00234828 -0.00207715 -0.00189258 -0.00178465 -0.00169624 -0.00164309 -0.00159903 -0.00158028 -0.00157019 -0.00153561 -0.0015355 -0.00152585 -0.00150609 -0.00149746 -0.00149591 -0.00148142 -0.00146373 -0.00147584 -0.00145533 -0.00144716 -0.00145503 -0.00143382 -0.00143482 -0.00142934 -0.00142269 -0.00141723 -0.0014086 -0.00141055 -0.00139195 -0.00139634 -0.00139466 -0.00137794 -0.0013951 -0.00138183 -0.00137556 -0.00138641 -0.00136496 -0.00137044 -0.00137099 -0.00135746 -0.00136995 -0.00136248 -0.00135913 -0.00136767 -0.00135567 -0.00135997 
0 1.45582e-05 5.36335e-06 2.86221e-05 3.04421e-05 2.93069e-05 5.39152e-05 4.71396e-05 5.87429e-05 7.6165e-05 6.84814e-05 8.69079e-05 9.33495e-05 9.2512e-05 0.000108765 0.000114761 0.000123206 0.000132053 0.000142349 0.000144737 0.000154038 0.000173059 0.000168477 0.000187434 0.000199219 0.000190526 0.000213049 0.000221074 0.000226864 0.000243995 0.000256433 0.000259937 0.000262628 0.000289876 0.00029718 0.000304849 0.000330694 0.000339597 0.000349508 0.000384049 0.000444038 0.000489314 0.000560237 0.000701878 0.000900966 0.00117906 0.00156321 0.00211279 0.00286684 0.00386025 0.00514677 0.00679383 0.00886325 0.0113801 0.0144009 0.0179282 0.0219198 0.0263063 0.0309541 0.0356709 0.0402266 0.0443868 0.0478471 0.050336 0.0515979 0.0514003 0.0495821 0.0461162 0.0410822 0.0346334 0.0270656 0.0187091 0.009929 0.00110421 -0.00732687 -0.0150198 -0.0216874 -0.0271137 -0.0311616 -0.0338272 -0.0351613 -0.035253 -0.0342846 -0.0324848 -0.0300746 -0.0272413 -0.0242233 -0.0212008 -0.0182957 -0.0155607 -0.0131011 -0.0109503 -0.00909903 -0.00747701 -0.00609239 -0.0049169 -0.00391864 -0.00301028 -0.0021835 -0.00141401 -0.000694354 5.04215e-05 0.000835791 0.00168686 0.00260158 0.00366153 0.00490674 0.00637421 0.00805284 0.0100129 0.0122817 0.0148521 0.0176328 0.0205839 0.023606 0.0265458 0.029173 0.0313036 0.0327154 0.0331706 0.0324552 0.0304521 0.0270801 0.0223066 0.0162208 0.00900669 0.000923951 -0.00770395 -0.016447 -0.0249145 -0.032728 -0.0395433 -0.0450331 -0.0490096 -0.0513569 -0.0520703 -0.0512727 -0.0491824 -0.0460445 -0.0421258 -0.0377312 -0.0331058 -0.0284882 -0.0240786 -0.0200302 -0.0164209 -0.0133076 -0.0106976 -0.00854068 -0.00680883 -0.00544883 -0.00440377 -0.00360414 -0.00300821 -0.00258449 -0.00229413 -0.00209187 -0.00192745 -0.00183128 -0.00178734 -0.00174496 -0.00170049 -0.00167595 -0.00167124 -0.00164708 -0.0016383 -0.00163701 -0.0016174 -0.00160196 -0.00159642 -0.00159704 -0.00157775 -0.00157707 -0.00157475 -0.00154899 -0.00155358 -0.00154708 -0.00153493 -0.00153573 -0.00152842 -0.00151963 -0.0015108 -0.00151362 -0.00150268 -0.0015001 -0.00150656 -0.00148673 -0.00149311 -0.00149012 -0.00147326 -0.00148732 -0.00147479 -0.00147042 -0.00148155 -0.00146484 -0.00147161 -0.00147308 -0.00146 -0.00147233 -0.00146446 
0 9.13659e-06 2.04359e-05 2.70006e-05 3.2839e-05 4.10974e-05 4.48103e-05 5.17637e-05 6.38759e-05 6.95218e-05 8.30832e-05 9.53652e-05 9.7798e-05 0.000111971 0.000114761 0.000119103 0.000133752 0.000133961 0.000150334 0.000163484 0.000167405 0.000180283 0.000185388 0.000195791 0.000206141 0.000222355 0.000233012 0.000237317 0.0002485 0.000251293 0.000264946 0.000279038 0.00029981 0.000306916 0.000310416 0.000335951 0.000341228 0.00036908 0.000403596 0.000427704 0.000458945 0.000530819 0.000651956 0.0007894 0.00100488 0.00131396 0.0017713 0.00238908 0.00321031 0.00430856 0.00572597 0.00753434 0.00976074 0.0124906 0.0157221 0.0194757 0.0236925 0.0282842 0.0331048 0.0379454 0.0425909 0.046754 0.0501873 0.0525828 0.0537206 0.0533578 0.0513885 0.0477711 0.042604 0.0360594 0.028409 0.0199865 0.011129 0.00223762 -0.0063227 -0.0141858 -0.02111 -0.0268383 -0.0312617 -0.0343046 -0.0360285 -0.0364827 -0.0358526 -0.0343073 -0.0320645 -0.0293062 -0.0262892 -0.0231988 -0.0201637 -0.0172582 -0.0145968 -0.0122458 -0.0101931 -0.00839138 -0.00682964 -0.00550698 -0.00436975 -0.00335313 -0.00241639 -0.0015583 -0.000739205 9.18798e-05 0.000981177 0.00192977 0.00297066 0.00416411 0.00557365 0.00720762 0.0090781 0.0112332 0.0137084 0.0164627 0.0193998 0.0224529 0.0255177 0.0284311 0.0309485 0.0328787 0.0339987 0.0341226 0.0330403 0.0306686 0.0269154 0.021819 0.0154476 0.00802831 -0.000219171 -0.00894078 -0.0177821 -0.0263288 -0.0342351 -0.041144 -0.0467655 -0.0508857 -0.0533794 -0.0542497 -0.0535781 -0.0515826 -0.0484765 -0.0445641 -0.0400899 -0.035352 -0.0305684 -0.0259656 -0.0216939 -0.0178661 -0.0145415 -0.0117161 -0.00939914 -0.00751188 -0.00602243 -0.00485443 -0.00398396 -0.00333085 -0.00284784 -0.00249964 -0.00225609 -0.00211645 -0.00199924 -0.00191094 -0.00185546 -0.00183712 -0.00181063 -0.00178557 -0.00177861 -0.00175115 -0.00174374 -0.00173785 -0.00173345 -0.00172241 -0.0017061 -0.00169896 -0.00168413 -0.00168029 -0.00167429 -0.00166866 -0.00165609 -0.00164641 -0.00164374 -0.0016294 -0.00163565 -0.00163164 -0.00162057 -0.001624 -0.00160935 -0.00160321 -0.00160226 -0.0015923 -0.00159366 -0.00159287 -0.00158738 -0.00158843 -0.00158498 -0.00157888 -0.00158009 -0.00157529 -0.00157275 -0.00157579 -0.00157054 -0.00157298 
0 2.49305e-06 1.64069e-05 1.91895e-05 3.11314e-05 4.80189e-05 5.27246e-05 6.65278e-05 7.63003e-05 7.45725e-05 8.60743e-05 9.16969e-05 9.44684e-05 0.000115903 0.000123206 0.000133752 0.00015155 0.000150561 0.000163664 0.000171093 0.000174391 0.000191856 0.000200127 0.000211888 0.000220176 0.000229046 0.000238615 0.000252284 0.000270113 0.000282195 0.000298756 0.000297954 0.000315004 0.000326086 0.000333833 0.000367427 0.000368575 0.000388074 0.000417366 0.000455563 0.00051413 0.000594858 0.000711845 0.000869992 0.00114221 0.00149246 0.00199158 0.00268071 0.00359234 0.00480338 0.0063497 0.00830976 0.0107095 0.0136462 0.0170873 0.0210512 0.0254816 0.0302547 0.0352177 0.0401538 0.0448453 0.0489794 0.0523404 0.054615 0.0555903 0.0550531 0.0529267 0.0491766 0.0439074 0.0373181 0.0296468 0.0212227 0.0123685 0.00348269 -0.00512885 -0.0131059 -0.0202248 -0.026229 -0.0310076 -0.0344399 -0.036566 -0.0374281 -0.0371796 -0.035949 -0.0339286 -0.0313136 -0.0283482 -0.0252305 -0.0220938 -0.0190476 -0.0161998 -0.0136471 -0.0113843 -0.00939663 -0.00765194 -0.00616551 -0.00487283 -0.00373356 -0.00268093 -0.00172054 -0.000788815 0.000143424 0.00114229 0.00220101 0.00338331 0.00472869 0.0063102 0.00811827 0.0101907 0.0125489 0.0152228 0.0181387 0.0212091 0.0243324 0.0273977 0.0302234 0.0325775 0.0342486 0.0350314 0.0347747 0.0333066 0.0305478 0.0264255 0.0210227 0.0144203 0.00684653 -0.00149082 -0.0102377 -0.0190952 -0.0276569 -0.0355913 -0.0425416 -0.0482571 -0.0525 -0.055141 -0.0561754 -0.0556652 -0.0537929 -0.0507651 -0.0468911 -0.0423844 -0.0375624 -0.0326474 -0.027875 -0.0233941 -0.0193587 -0.0158261 -0.0127946 -0.010296 -0.00824867 -0.00662725 -0.00534798 -0.00438298 -0.0036409 -0.00311109 -0.00273854 -0.00244991 -0.0022707 -0.00214296 -0.00206449 -0.00200459 -0.00197168 -0.0019322 -0.00190712 -0.00190767 -0.00187995 -0.00187421 -0.00185539 -0.00183681 -0.00183026 -0.00181866 -0.00181627 -0.00180484 -0.00179592 -0.00178353 -0.00177917 -0.00177126 -0.00176591 -0.00176763 -0.00174788 -0.00174557 -0.00173642 -0.00171971 -0.00172665 -0.00171697 -0.00171381 -0.00172029 -0.00170729 -0.0017052 -0.00170436 -0.00169043 -0.00169336 -0.0016918 -0.00168247 -0.00169083 -0.00168367 -0.00167961 -0.00168715 -0.00167547 -0.00168049 
0 1.82655e-05 1.28502e-05 3.69304e-05 3.89884e-05 3.74934e-05 6.02666e-05 5.46592e-05 6.9709e-05 8.91782e-05 8.90102e-05 0.000111808 0.000116255 0.000121481 0.000132053 0.000133961 0.000150561 0.000154138 0.0001759 0.000184063 0.000185795 0.000218553 0.000206034 0.000224168 0.000250168 0.00023681 0.000266062 0.00027461 0.000275246 0.000291799 0.000308452 0.000320429 0.000327395 0.000359643 0.000361374 0.000379304 0.000407089 0.000424398 0.000463255 0.000489036 0.000565746 0.000656918 0.000774757 0.000976144 0.00126863 0.00167176 0.00221455 0.0029952 0.00400105 0.00532103 0.00701751 0.00912481 0.0117266 0.0148487 0.018512 0.0226696 0.0273011 0.0322302 0.0372997 0.042308 0.0469866 0.0510717 0.0543003 0.0564341 0.0571998 0.0564863 0.0541878 0.0503228 0.0449831 0.0383894 0.0307604 0.0223883 0.0136261 0.00479945 -0.00377372 -0.0118185 -0.0190542 -0.0253132 -0.0304032 -0.0342357 -0.0367611 -0.0380735 -0.0382336 -0.0373741 -0.0356287 -0.0332251 -0.0303643 -0.0272613 -0.0240613 -0.0209027 -0.0178943 -0.0151373 -0.0126682 -0.0104793 -0.00855376 -0.00687863 -0.00542551 -0.00413676 -0.00296841 -0.00187946 -0.000833305 0.000226494 0.00133406 0.00252918 0.00385701 0.00538086 0.0071331 0.00913307 0.0114054 0.0139763 0.0168291 0.0198863 0.0230547 0.0262137 0.0292302 0.0319052 0.0340389 0.0353916 0.0358016 0.0351158 0.0332514 0.0300841 0.0256227 0.019923 0.0131555 0.00546529 -0.00287723 -0.0116024 -0.0203877 -0.0289136 -0.0368072 -0.0437599 -0.0495271 -0.0538719 -0.0566631 -0.0578596 -0.0575454 -0.0558105 -0.0529141 -0.0490902 -0.0446065 -0.0397159 -0.0347069 -0.0297824 -0.025114 -0.0208841 -0.0171366 -0.0139227 -0.0112259 -0.00903457 -0.00725706 -0.00587642 -0.00481714 -0.00399023 -0.00340288 -0.00297755 -0.0026723 -0.00244221 -0.00230952 -0.00221268 -0.00213621 -0.00209561 -0.00205288 -0.00204495 -0.00201256 -0.0019939 -0.00199374 -0.00197311 -0.00196238 -0.00195512 -0.00195147 -0.00192135 -0.00192517 -0.00192044 -0.00188847 -0.00190495 -0.0018826 -0.00186703 -0.00187304 -0.00185428 -0.00185524 -0.00184888 -0.0018485 -0.0018402 -0.00183068 -0.00183331 -0.00181195 -0.00181724 -0.0018145 -0.00179944 -0.00181384 -0.0017993 -0.00179561 -0.00180432 -0.00178694 -0.00179458 -0.00179502 -0.00178275 -0.00179413 -0.00178624 
