0 0 0 0 0 0 0 0 0 0 0 0 0 0 0 0 0 0 0 0 0 0 0 0 0 0 0 0 0 0 0 0 0 0 0 0 0 0 0 0 0 0 0 0 0 0 0 0 0 0 0 0 0 0 0 0 0 0 0 0 0 0 0 0 0 0 0 0 0 0 0 0 0 0 0 0 0 0 0 0 0 0 0 0 0 0 0 0 0 0 0 0 0 0 0 0 0 0 0 0 0 0 0 0 0 0 0 0 0 0 0 0 0 0 0 0 0 0 0 0 0 0 0 0 0 0 0 0 0 0 0 0 0 0 0 0 0 0 0 0 0 0 0 0 0 0 0 0 0 0 0 0 0 0 0 0 0 0 0 0 0 0 0 0 0 0 0 0 0 0 0 0 0 0 0 0 0 0 0 0 0 0 0 0 0 0 0 0 0 0 0 0 0 0 0 0 0 0 0 0 
0 4.63113e-06 -5.13908e-06 9.73443e-06 -1.46965e-07 -2.81331e-07 6.471e-06 -7.33144e-06 3.72257e-06 -3.18857e-07 -1.60507e-06 8.13979e-06 5.59364e-07 6.95028e-06 4.64367e-06 3.23945e-06 5.53816e-06 4.08921e-06 1.1095e-05 1.00322e-05 2.23838e-05 2.92326e-05 4.08605e-05 7.26432e-05 9.89451e-05 0.000155833 0.000230376 0.000318893 0.000445602 0.000600348 0.00078603 0.0010209 0.00130583 0.00162034 0.00199066 0.00238766 0.00277808 0.00317561 0.00351982 0.00377729 0.00393418 0.00394523 0.00378872 0.00346983 0.00299221 0.00235832 0.00160206 0.000767923 -8.86865e-05 -0.000910246 -0.00163473 -0.00220835 -0.00264608 -0.0029352 -0.00304247 -0.00299247 -0.00283223 -0.00259318 -0.00230551 -0.00201156 -0.00171329 -0.00144121 -0.00120356 -0.00100342 -0.000846417 -0.000726905 -0.000622263 -0.000532509 -0.000478641 -0.000431599 -0.000392206 -0.000353332 -0.000324476 -0.000295156 -0.000284413 -0.000262456 -0.000235756 -0.000218799 -0.000215845 -0.000198633 -0.000178078 -0.000169645 -0.000162079 -0.000151449 -0.000138396 -0.000130402 -0.000118798 -0.000117296 -0.000106055 -9.54447e-05 -8.57694e-05 -9.02816e-05 -7.5606e-05 -6.50258e-05 -6.04167e-05 -6.52316e-05 -4.62158e-05 -3.93886e-05 -3.87489e-05 -3.95827e-05 -1.84744e-05 -1.7246e-05 -1.72427e-05 -1.25481e-05 7.31972e-06 3.79675e-06 6.81689e-06 1.578e-05 3.16323e-05 2.72243e-05 3.52421e-05 4.47943e-05 5.66642e-05 5.73985e-05 6.82575e-05 7.49274e-05 8.74852e-05 9.75617e-05 0.000105393 0.000111081 0.000130433 0.000147981 0.000150976 0.000163887 0.000189291 0.000211147 0.000220451 0.000246024 0.000271852 0.000307253 0.000342906 0.000385267 0.000429491 0.000508911 0.000602952 0.000709479 0.000846647 0.00102826 0.00124766 0.00150249 0.00178444 0.00207092 0.00236561 0.00262082 0.00280092 0.00288622 0.00284303 0.00262035 0.00223352 0.0017101 0.00104676 0.000274262 -0.000560679 -0.00138985 -0.00215786 -0.0028211 -0.00333467 -0.00368673 -0.00388832 -0.00393131 -0.00381573 -0.00359477 -0.00328037 -0.00289595 -0.00251208 -0.0021249 -0.00175511 -0.00143344 -0.00114678 -0.000897971 -0.000699704 -0.000541595 -0.000407354 -0.000317278 -0.000242797 -0.000183358 -0.000151469 -0.000118806 -0.000104261 -9.34963e-05 -8.75797e-05 -8.43535e-05 -7.8317e-05 -8.12237e-05 -7.03415e-05 -7.49639e-05 -7.37639e-05 -6.76564e-05 -8.14091e-05 -7.10055e-05 -7.78025e-05 -8.12794e-05 -6.87924e-05 -8.14141e-05 -6.98656e-05 -7.02976e-05 -7.81794e-05 -6.57506e-05 -7.85103e-05 -7.32125e-05 
0 -5.13908e-06 3.75803e-06 -5.12653e-06 -3.08334e-06 6.56731e-06 -2.10785e-06 9.50531e-06 9.74112e-06 5.85407e-07 1.26608e-05 -4.03697e-07 7.8155e-07 9.12734e-06 -1.77449e-06 1.13735e-05 1.23555e-05 1.00543e-05 2.11507e-05 2.57953e-05 3.4852e-05 6.21504e-05 9.74059e-05 0.000137325 0.000223808 0.000312467 0.000445272 0.000646152 0.000869769 0.00119708 0.00158388 0.00205094 0.0026135 0.00325037 0.00398232 0.00475207 0.00557534 0.00634844 0.00702557 0.00755053 0.0078368 0.00784867 0.00754637 0.00694037 0.00595407 0.00469968 0.00319913 0.00152214 -0.000168594 -0.00177964 -0.00321392 -0.00441648 -0.00527024 -0.00581875 -0.00603055 -0.00597304 -0.00566238 -0.00516474 -0.00460201 -0.00401763 -0.0034443 -0.00288135 -0.00241937 -0.00201025 -0.00170917 -0.0014578 -0.00125328 -0.00107442 -0.000962696 -0.000872214 -0.000785152 -0.0007177 -0.000646793 -0.000602477 -0.000562911 -0.000533472 -0.000466379 -0.000446302 -0.000422586 -0.000401188 -0.000349713 -0.000340847 -0.000315563 -0.000300993 -0.000269502 -0.000256055 -0.000230879 -0.00022672 -0.000204837 -0.00018218 -0.000165988 -0.000167984 -0.000144891 -0.000119078 -0.000115298 -0.000115227 -8.74129e-05 -6.63981e-05 -7.1326e-05 -6.32883e-05 -3.29247e-05 -2.12532e-05 -2.75921e-05 -1.02405e-05 1.84485e-05 2.09229e-05 2.09576e-05 4.40878e-05 6.7919e-05 6.63665e-05 7.78563e-05 9.8864e-05 0.000119719 0.000122821 0.000143964 0.000155243 0.000182977 0.000196612 0.000218993 0.000222828 0.000268991 0.000290294 0.000311012 0.000322786 0.000385174 0.000412498 0.00044816 0.000483132 0.000548486 0.000606187 0.000687515 0.000765671 0.000862812 0.00101785 0.00120384 0.00142845 0.00169909 0.00207004 0.00249207 0.00302366 0.00358038 0.004157 0.004711 0.00523788 0.00561557 0.00576647 0.00563929 0.00519634 0.00447491 0.00340347 0.00206048 0.000512412 -0.00112199 -0.00278938 -0.00430986 -0.00561108 -0.00666723 -0.00737347 -0.00776234 -0.00782465 -0.00762161 -0.00715898 -0.00653761 -0.00580576 -0.00501203 -0.00424028 -0.00350335 -0.00286286 -0.00228106 -0.00181397 -0.00141919 -0.00107912 -0.000841689 -0.000627649 -0.000479053 -0.00037873 -0.000295831 -0.000244199 -0.000212639 -0.000184916 -0.000163395 -0.000166092 -0.000148791 -0.000153006 -0.000161563 -0.000146147 -0.00016225 -0.000152312 -0.000144713 -0.000155195 -0.000138458 -0.000146341 -0.000149437 -0.000141846 -0.000155351 -0.00014993 -0.00014833 -0.000155902 -0.000144893 -0.000148095 
0 9.73443e-06 -5.12653e-06 1.3946e-05 1.48382e-06 1.77837e-06 9.90838e-06 -7.81655e-06 7.59515e-06 1.5455e-06 2.37693e-06 1.49881e-05 5.57645e-06 1.61331e-05 1.13476e-05 1.20108e-05 1.59081e-05 1.54816e-05 3.09362e-05 3.52513e-05 6.35404e-05 9.11303e-05 0.000133651 0.000217416 0.00031434 0.000475355 0.000693086 0.000970497 0.00134149 0.00180947 0.00237774 0.00308012 0.00392475 0.0048762 0.00596986 0.00714132 0.0083212 0.00948411 0.0104969 0.0112635 0.0117096 0.0117336 0.0112752 0.0103326 0.00890494 0.00702918 0.00479353 0.00232406 -0.000204507 -0.00262733 -0.00477432 -0.00651187 -0.00781917 -0.00867033 -0.00901171 -0.00890194 -0.00844899 -0.00774979 -0.00691405 -0.00604166 -0.00516692 -0.00435357 -0.00364308 -0.00304229 -0.00256765 -0.00219564 -0.00187928 -0.00161656 -0.00144004 -0.00129695 -0.00117343 -0.00106121 -0.000967626 -0.000887363 -0.000840066 -0.000777731 -0.000701617 -0.000653008 -0.000629393 -0.000582893 -0.000526487 -0.000496614 -0.000469796 -0.000438542 -0.000401876 -0.000373853 -0.000343324 -0.00033053 -0.00030084 -0.000268518 -0.000244488 -0.000243617 -0.000209414 -0.000177867 -0.000165416 -0.000165246 -0.000123784 -0.000100216 -9.64606e-05 -8.85264e-05 -4.34913e-05 -3.14163e-05 -2.92287e-05 -1.03759e-05 3.23015e-05 3.46796e-05 4.3032e-05 7.04586e-05 0.000106055 0.000106406 0.000125492 0.000154441 0.000183966 0.00019414 0.000220805 0.000244656 0.000278395 0.000307041 0.000331436 0.00035401 0.000405406 0.000450627 0.000471145 0.000509172 0.000579308 0.000638855 0.000679925 0.000748613 0.000831625 0.000932204 0.00104301 0.00116893 0.00131796 0.00154857 0.00183158 0.0021624 0.00258202 0.00312642 0.00378176 0.00454484 0.00537883 0.00623319 0.00708337 0.0078288 0.00835472 0.00858081 0.00840974 0.00774166 0.00659871 0.00502283 0.00304037 0.000746206 -0.00171495 -0.00416999 -0.00644103 -0.00839794 -0.00993031 -0.0109864 -0.0115779 -0.0116985 -0.0113756 -0.0107145 -0.0097856 -0.00866974 -0.00751711 -0.00636523 -0.00527168 -0.00430479 -0.00344705 -0.00271468 -0.00211744 -0.00163437 -0.00124339 -0.000956837 -0.000732389 -0.000561859 -0.000454035 -0.000364125 -0.000315855 -0.000281711 -0.000260395 -0.000250831 -0.000235582 -0.000237266 -0.000221306 -0.000223996 -0.000223927 -0.000214161 -0.000232646 -0.0002201 -0.000227906 -0.000233538 -0.000216417 -0.000232456 -0.000217221 -0.000217363 -0.000226691 -0.000209668 -0.000228079 -0.000220961 
0 -1.46965e-07 -3.08334e-06 1.48382e-06 1.2139e-06 5.13002e-06 6.57857e-06 7.13027e-06 1.20011e-05 7.23798e-06 1.07611e-05 9.35148e-06 6.64239e-06 1.36048e-05 1.028e-05 1.70871e-05 2.26433e-05 2.50143e-05 3.96998e-05 5.33239e-05 8.03624e-05 0.000126482 0.000192854 0.000292854 0.000441448 0.000643204 0.000923998 0.00130422 0.00178923 0.00241994 0.00319261 0.00413011 0.00524453 0.00651931 0.00795781 0.00949747 0.0110812 0.0126016 0.0139285 0.0149385 0.0155043 0.0155223 0.0149244 0.013689 0.01179 0.0093167 0.00637215 0.00311828 -0.000204036 -0.00337997 -0.00621305 -0.00855199 -0.0102876 -0.0114009 -0.0118729 -0.0117774 -0.0112076 -0.010295 -0.00920777 -0.0080608 -0.00691877 -0.00583752 -0.00489401 -0.00409218 -0.00345735 -0.00294632 -0.00252301 -0.00217622 -0.00192803 -0.00173302 -0.00156319 -0.00141624 -0.00128537 -0.00118418 -0.00110598 -0.00102599 -0.000927103 -0.000864462 -0.000817483 -0.000760701 -0.000688297 -0.000645452 -0.000603698 -0.000563364 -0.000514596 -0.000475231 -0.000436241 -0.000412436 -0.000374715 -0.000332907 -0.000303411 -0.000289958 -0.000251948 -0.000211612 -0.000194469 -0.000181828 -0.000139749 -0.00010684 -9.85243e-05 -7.94869e-05 -3.53073e-05 -1.27492e-05 -6.2799e-06 2.18872e-05 6.41291e-05 7.79309e-05 9.00014e-05 0.000125351 0.000162774 0.000174341 0.000196862 0.000233561 0.000268414 0.000287752 0.000319448 0.000352258 0.000394782 0.000429753 0.000464393 0.00049715 0.000560473 0.000612043 0.000650828 0.00069935 0.000787357 0.000859716 0.000926887 0.00101108 0.00112588 0.00125483 0.00140591 0.00157468 0.00178759 0.00209019 0.00246777 0.0029231 0.00349028 0.00421679 0.00508606 0.00610526 0.00720521 0.00833282 0.00942876 0.0104032 0.011091 0.0113525 0.0110761 0.0101856 0.00868744 0.00657826 0.00393846 0.00090605 -0.00232607 -0.00556056 -0.00854927 -0.0111217 -0.0131616 -0.0145675 -0.015339 -0.0154891 -0.015081 -0.0142033 -0.0129838 -0.0115383 -0.00999935 -0.00847322 -0.00703016 -0.00574015 -0.00460279 -0.00364472 -0.0028486 -0.00219453 -0.00168447 -0.00128229 -0.000980827 -0.00076295 -0.000605919 -0.000495618 -0.000425663 -0.000374551 -0.000341874 -0.00032764 -0.000310483 -0.000309929 -0.000307268 -0.000302398 -0.000307352 -0.00029997 -0.000300319 -0.000298909 -0.00029386 -0.000297175 -0.000294504 -0.000296421 -0.000297809 -0.000297889 -0.000299866 -0.000297816 -0.000298408 -0.000295296 
0 -2.81331e-07 6.56731e-06 1.77837e-06 5.13002e-06 5.78729e-06 2.70484e-06 1.04891e-05 7.58994e-06 9.11232e-06 1.4053e-05 1.0378e-05 1.48977e-05 1.62986e-05 1.66225e-05 2.17909e-05 2.66279e-05 3.39381e-05 4.73092e-05 7.15203e-05 0.000102525 0.000161469 0.000248376 0.000370294 0.000563579 0.000819381 0.00117472 0.00165585 0.00226591 0.00305038 0.00401865 0.00518841 0.00657129 0.00816673 0.00994468 0.0118474 0.0138034 0.0156647 0.0172939 0.0185334 0.0192205 0.0192348 0.0184927 0.0169565 0.0146161 0.0115697 0.00794773 0.00395321 -0.000137133 -0.00405178 -0.00754971 -0.0104545 -0.0126254 -0.0140235 -0.0146484 -0.0145711 -0.0139064 -0.0128205 -0.0115043 -0.0100914 -0.0086842 -0.00735015 -0.00617132 -0.00517006 -0.00436156 -0.00370571 -0.00316954 -0.00273833 -0.0024098 -0.00215643 -0.00193953 -0.0017539 -0.00158907 -0.0014625 -0.0013531 -0.00125018 -0.00113838 -0.0010559 -0.00098587 -0.000915214 -0.000834995 -0.000773581 -0.000719253 -0.000666704 -0.000609555 -0.000556832 -0.000511916 -0.000472894 -0.00042864 -0.000379353 -0.00034436 -0.000313832 -0.000273975 -0.000228655 -0.000203399 -0.000175307 -0.000135909 -9.67338e-05 -7.81759e-05 -4.77175e-05 -8.47653e-06 2.37802e-05 4.04762e-05 7.56503e-05 0.000113676 0.000140782 0.000160699 0.000200376 0.000237042 0.000263517 0.000290403 0.000332578 0.000371073 0.000403317 0.000438268 0.00048185 0.000530075 0.000574081 0.000617083 0.000666212 0.000734366 0.000795257 0.000852238 0.00091846 0.00101492 0.00110488 0.00119794 0.00130291 0.00144501 0.00160622 0.00179564 0.00201209 0.00229443 0.00266894 0.00314283 0.00372434 0.0044472 0.00535365 0.00644041 0.00769633 0.00905079 0.010442 0.0117747 0.0129377 0.0137481 0.0140312 0.0136482 0.0125237 0.0106431 0.0080161 0.0047516 0.00101338 -0.00296761 -0.00694169 -0.0106225 -0.0137911 -0.016303 -0.0180478 -0.0190049 -0.0191991 -0.0187115 -0.017638 -0.0161383 -0.0143697 -0.012469 -0.0105842 -0.00880414 -0.00719307 -0.00577823 -0.0045803 -0.00358038 -0.00276229 -0.00212505 -0.00161862 -0.00124084 -0.000967515 -0.000763413 -0.000628299 -0.000535374 -0.000472947 -0.00043378 -0.000411664 -0.000395178 -0.000385725 -0.00038479 -0.000375653 -0.000377381 -0.000376659 -0.000369946 -0.00037688 -0.00037111 -0.000371129 -0.00037635 -0.00036859 -0.00037381 -0.000371532 -0.000367202 -0.000373436 -0.00036732 -0.000370816 
0 6.471e-06 -2.10785e-06 9.90838e-06 6.57857e-06 2.70484e-06 1.47518e-05 3.38779e-06 7.4737e-06 1.47627e-05 6.28127e-06 1.95974e-05 1.91527e-05 1.69451e-05 2.78712e-05 2.38945e-05 3.04034e-05 4.41928e-05 5.81215e-05 8.55166e-05 0.000135593 0.000199431 0.000301381 0.000467959 0.000679594 0.00100659 0.00144551 0.00200823 0.00276814 0.00369803 0.00485848 0.0062622 0.00791699 0.00981945 0.0119276 0.0142003 0.0164805 0.0186772 0.0205921 0.0220292 0.0228339 0.0228438 0.0219577 0.0201076 0.0173724 0.0137716 0.00950456 0.00482759 1.09371e-05 -0.00461555 -0.00876329 -0.0121827 -0.0148 -0.0165005 -0.0173035 -0.017249 -0.0165212 -0.0153114 -0.0137864 -0.0121287 -0.0104568 -0.00889734 -0.00747511 -0.00628364 -0.00528274 -0.00448305 -0.0038238 -0.00330645 -0.00289072 -0.00256929 -0.00230675 -0.00207184 -0.00188237 -0.00171602 -0.00158331 -0.00144267 -0.00133312 -0.00121563 -0.00113128 -0.00103376 -0.000957547 -0.000866485 -0.000806075 -0.000732522 -0.000672403 -0.000602085 -0.000553492 -0.00049462 -0.000444243 -0.000389503 -0.000346333 -0.00029785 -0.000254001 -0.000209465 -0.000169353 -0.000128297 -8.855e-05 -4.99924e-05 -1.22017e-05 2.44789e-05 6.18608e-05 9.77575e-05 0.000133801 0.00016918 0.000205629 0.000242068 0.000276929 0.000314285 0.000351723 0.000391945 0.000426312 0.000470012 0.000511141 0.000558304 0.000594486 0.000650347 0.000698391 0.000756993 0.000801472 0.000875211 0.000935659 0.00101535 0.00108033 0.00117735 0.00126523 0.00138485 0.00149279 0.00163208 0.00178833 0.00199167 0.00221293 0.00248662 0.00283973 0.00328926 0.00386532 0.00457223 0.00546408 0.00654332 0.00785989 0.00932678 0.0109299 0.0125608 0.0141274 0.015433 0.0163212 0.0166055 0.0161109 0.014741 0.0124427 0.00932814 0.00546478 0.00105454 -0.00365543 -0.00830968 -0.0126499 -0.0164021 -0.0193422 -0.0214186 -0.0225626 -0.0228159 -0.0222376 -0.0210025 -0.0192402 -0.017147 -0.0149253 -0.0126889 -0.0105813 -0.00865416 -0.0069757 -0.00552386 -0.0043222 -0.00335822 -0.00256475 -0.00197534 -0.00151604 -0.00117034 -0.000935195 -0.000762274 -0.000646176 -0.000574527 -0.000530203 -0.000492196 -0.000481656 -0.000466382 -0.000450624 -0.000459326 -0.000444119 -0.000448045 -0.000455514 -0.000442156 -0.000455783 -0.000449186 -0.000442298 -0.000453489 -0.000439395 -0.00044427 -0.000448317 -0.000436894 -0.000449338 -0.000444014 
0 -7.33144e-06 9.50531e-06 -7.81655e-06 7.13027e-06 1.04891e-05 3.38779e-06 2.18525e-05 1.05968e-05 1.88367e-05 1.97586e-05 1.11015e-05 2.16175e-05 1.48583e-05 2.56629e-05 2.95582e-05 3.94345e-05 5.67185e-05 6.79923e-05 0.00011337 0.000154626 0.000243909 0.000378913 0.000553481 0.00083815 0.00120486 0.00170883 0.00239062 0.00325897 0.00435902 0.00572731 0.00736582 0.00927645 0.0114915 0.0139155 0.0165034 0.019151 0.0216368 0.0238058 0.0254373 0.0263212 0.0263026 0.0252802 0.0231809 0.0200192 0.0159124 0.0110508 0.00571702 0.000233095 -0.00502684 -0.00977148 -0.0137696 -0.0168009 -0.0187793 -0.0197569 -0.019809 -0.0190594 -0.0177281 -0.0160293 -0.0141529 -0.012262 -0.0104544 -0.00881695 -0.0074143 -0.00623952 -0.00526839 -0.00449161 -0.00387316 -0.00336839 -0.0029736 -0.00265094 -0.00237584 -0.00214361 -0.00195239 -0.00177037 -0.00161361 -0.00147961 -0.00134984 -0.00122415 -0.00112049 -0.00102397 -0.000923262 -0.000835977 -0.00075491 -0.000676264 -0.00060024 -0.000536169 -0.000462793 -0.000400149 -0.000343262 -0.000288576 -0.000220889 -0.000174122 -0.000127344 -7.5198e-05 -1.5673e-05 1.8905e-05 6.33002e-05 0.000114141 0.00016433 0.000192472 0.000239174 0.00028777 0.000329935 0.000357951 0.000409077 0.000454204 0.00049243 0.000526755 0.000581781 0.000623852 0.000665885 0.000711444 0.000767862 0.000812804 0.000868748 0.00092665 0.000985522 0.0010473 0.00112421 0.00119577 0.00127121 0.00136662 0.00146831 0.00157076 0.00169321 0.00183958 0.00199233 0.00218073 0.0024086 0.00267676 0.0030054 0.00343474 0.0039651 0.00463875 0.00549457 0.00654576 0.00781552 0.00932587 0.0110317 0.0128575 0.0147109 0.0164421 0.0178889 0.0188493 0.019074 0.0184062 0.016782 0.0141413 0.0105036 0.00604379 0.000992966 -0.00436369 -0.00967985 -0.0146254 -0.0188972 -0.0222982 -0.0246846 -0.0259971 -0.0262879 -0.0256671 -0.0242572 -0.0222617 -0.0199104 -0.0173408 -0.0147783 -0.0123528 -0.0101209 -0.00817115 -0.00650386 -0.00510165 -0.00395443 -0.00305214 -0.00232917 -0.00179106 -0.00140118 -0.00110023 -0.000911412 -0.000766601 -0.000672662 -0.000616097 -0.000572587 -0.000558273 -0.000538883 -0.000542505 -0.000533898 -0.00052951 -0.000535899 -0.000515889 -0.000527352 -0.000518162 -0.000512684 -0.000528294 -0.000510494 -0.000526227 -0.000524322 -0.000514458 -0.000532365 -0.0005124 -0.000520057 
0 3.72257e-06 9.74112e-06 7.59515e-06 1.20011e-05 7.58994e-06 7.4737e-06 1.05968e-05 7.18227e-06 1.70785e-05 1.49987e-05 2.12227e-05 3.02105e-05 2.43943e-05 3.66762e-05 3.61631e-05 4.21166e-05 6.43638e-05 8.23997e-05 0.000128784 0.000194874 0.000290508 0.000442315 0.000662822 0.000973927 0.00141731 0.00201326 0.00279114 0.00380473 0.00505892 0.00661202 0.00847607 0.0106579 0.0131592 0.0158989 0.0188181 0.0217463 0.0245145 0.026919 0.0287108 0.0296825 0.0296513 0.0284808 0.0260968 0.0225803 0.0179995 0.0125914 0.0066756 0.000574389 -0.00531316 -0.010636 -0.0151062 -0.0185614 -0.0208735 -0.02207 -0.0222024 -0.0214623 -0.0200815 -0.0182466 -0.0161736 -0.0140544 -0.0120364 -0.0101765 -0.00857266 -0.0071944 -0.0060594 -0.00514478 -0.00442002 -0.00381641 -0.0033383 -0.00295332 -0.00262512 -0.00235961 -0.00212378 -0.00190858 -0.00171633 -0.00157325 -0.00141166 -0.0012649 -0.00113447 -0.00103212 -0.000907875 -0.000807309 -0.000704255 -0.00061704 -0.000527134 -0.000452609 -0.000359591 -0.000287829 -0.000225435 -0.000158514 -7.41091e-05 -2.08286e-05 2.71864e-05 9.48307e-05 0.000166294 0.000203917 0.000249432 0.000317699 0.000374011 0.000402783 0.000453155 0.00051853 0.000561549 0.000589571 0.000647925 0.000706526 0.000742699 0.000777926 0.000843151 0.000893776 0.000935084 0.000982415 0.00105034 0.00109996 0.00116137 0.00121956 0.00129044 0.00135731 0.00144845 0.00151663 0.00160681 0.00171259 0.00183655 0.0019368 0.00208102 0.00224646 0.00243208 0.00263825 0.00290336 0.00321318 0.00360603 0.00411119 0.00472739 0.00551138 0.00650311 0.0077289 0.00917998 0.0108973 0.0127939 0.0148285 0.0168781 0.0187731 0.0202846 0.0212363 0.0214006 0.0205785 0.0186677 0.0156079 0.0115082 0.00651284 0.00086706 -0.00511508 -0.0110223 -0.0165347 -0.0213118 -0.0250903 -0.0277728 -0.0292746 -0.0296355 -0.0289595 -0.0274243 -0.0252146 -0.0225846 -0.0197418 -0.0168707 -0.0141392 -0.0116177 -0.00940016 -0.00748257 -0.00587867 -0.0045772 -0.00352481 -0.0027128 -0.00209033 -0.00162243 -0.00128623 -0.00105273 -0.000885696 -0.000784277 -0.000717916 -0.000666454 -0.000648466 -0.000621395 -0.000609291 -0.000607449 -0.000593617 -0.000601199 -0.000598718 -0.000597591 -0.000603884 -0.000598061 -0.000599939 -0.000597063 -0.00059291 -0.000592671 -0.000589797 -0.000590744 -0.00059166 -0.000594171 
0 -3.18857e-07 5.85407e-07 1.5455e-06 7.23798e-06 9.11232e-06 1.47627e-05 1.88367e-05 1.70785e-05 2.16039e-05 1.89274e-05 2.15169e-05 2.58152e-05 2.41629e-05 3.58266e-05 4.19088e-05 5.32968e-05 7.75916e-05 0.000103187 0.000153377 0.000231567 0.000345945 0.000524386 0.000783013 0.00114216 0.00164719 0.0023216 0.00320472 0.00435026 0.0057741 0.00752946 0.0096261 0.0120694 0.0148484 0.0178844 0.0210985 0.024313 0.0273364 0.0299406 0.0318669 0.0328907 0.0328197 0.031512 0.0288919 0.0250262 0.0200136 0.0141127 0.00766313 0.00101812 -0.00540998 -0.0112606 -0.0162224 -0.0200838 -0.022707 -0.0241234 -0.0244044 -0.0237273 -0.0223181 -0.0203802 -0.0181527 -0.0158452 -0.0136187 -0.011552 -0.0097389 -0.00816539 -0.00685303 -0.00579397 -0.00494589 -0.00424059 -0.00366955 -0.00321054 -0.00282645 -0.00251583 -0.00223458 -0.00197647 -0.00175283 -0.00158243 -0.00139561 -0.00121799 -0.00106444 -0.000940402 -0.000800695 -0.00067597 -0.000554452 -0.000449015 -0.000349027 -0.000255006 -0.000146958 -6.04104e-05 8.84674e-06 9.20995e-05 0.000188611 0.000253017 0.000306078 0.000387976 0.000468516 0.000513876 0.000563682 0.000644599 0.000706679 0.00074068 0.000795201 0.000871667 0.000917175 0.000949062 0.00101153 0.00107973 0.00111565 0.00115434 0.00122347 0.00128268 0.00132204 0.00137292 0.0014445 0.00150277 0.00156202 0.00162409 0.00169891 0.00177593 0.00186722 0.00194037 0.0020359 0.00215533 0.00228673 0.0023958 0.00255025 0.00273794 0.00294839 0.00317849 0.00347428 0.00383261 0.00429241 0.004873 0.00558353 0.00648237 0.00762282 0.00901831 0.0106556 0.01256 0.0146544 0.0168748 0.0190793 0.0210817 0.0226426 0.0235617 0.0236007 0.0225705 0.0203689 0.0169355 0.0123666 0.00684127 0.000642062 -0.00589246 -0.012344 -0.0183635 -0.0235966 -0.027761 -0.0307213 -0.0323913 -0.0328143 -0.032107 -0.0304585 -0.0280739 -0.0252109 -0.0220966 -0.0189343 -0.015907 -0.0131094 -0.0106356 -0.00849478 -0.00669486 -0.00522434 -0.00403308 -0.0031073 -0.00239757 -0.00186415 -0.00148053 -0.00120842 -0.00101508 -0.000890348 -0.00080721 -0.000749174 -0.000723877 -0.000701071 -0.000690541 -0.000689745 -0.000679217 -0.000680404 -0.000676872 -0.000670858 -0.000672503 -0.000667597 -0.000667814 -0.000669872 -0.000668502 -0.000671305 -0.000671603 -0.000669408 -0.000669845 -0.000667476 
0 -1.60507e-06 1.26608e-05 2.37693e-06 1.07611e-05 1.4053e-05 6.28127e-06 1.97586e-05 1.49987e-05 1.89274e-05 2.8834e-05 2.36481e-05 3.11249e-05 3.46535e-05 3.9206e-05 4.89041e-05 6.46011e-05 8.69754e-05 0.000120372 0.000186028 0.000267013 0.000408407 0.000618179 0.000900282 0.00133042 0.00189509 0.00265453 0.00366392 0.00493172 0.00652856 0.00847818 0.0108029 0.0134951 0.0165495 0.0198745 0.0233457 0.0268348 0.030072 0.0328445 0.0348913 0.0359552 0.035835 0.0343858 0.0315594 0.0273559 0.0219707 0.0156425 0.00871712 0.00158627 -0.0053284 -0.0116474 -0.0170799 -0.0213236 -0.0242746 -0.0259256 -0.0263957 -0.0258169 -0.0244158 -0.0224235 -0.0200738 -0.0176083 -0.0151754 -0.0129218 -0.0108869 -0.00912269 -0.00761633 -0.00640448 -0.00541371 -0.00460011 -0.00392657 -0.00338088 -0.00293889 -0.00256832 -0.0022442 -0.00193385 -0.00168584 -0.00146869 -0.00126672 -0.00104917 -0.000879449 -0.000718211 -0.00057263 -0.000413843 -0.000279912 -0.000147594 -4.07405e-05 8.02782e-05 0.000197504 0.000303425 0.0003828 0.000484331 0.000588367 0.000667505 0.000731819 0.000824113 0.00091188 0.000968719 0.00102833 0.00111423 0.00118341 0.00122632 0.00128744 0.00136636 0.00141814 0.00145694 0.00152186 0.00159306 0.00163305 0.00167724 0.00174482 0.00181068 0.00184957 0.00190588 0.00197361 0.0020439 0.0020959 0.00216659 0.00223743 0.00233084 0.00240988 0.00249907 0.00259102 0.00272999 0.00285413 0.00298756 0.00314158 0.0033575 0.00358356 0.00384885 0.00416965 0.00458492 0.00511255 0.0057704 0.00658411 0.00760059 0.0088969 0.0104525 0.0122825 0.0143467 0.0166289 0.0189993 0.0213278 0.0233793 0.0249445 0.0257845 0.0256559 0.0243918 0.021874 0.0180798 0.0130487 0.00704229 0.000343031 -0.00667714 -0.0136306 -0.0201012 -0.0257292 -0.0302594 -0.0334689 -0.0353094 -0.0358069 -0.035103 -0.0333552 -0.0308248 -0.0277706 -0.0244003 -0.0209867 -0.0176827 -0.0146211 -0.0118879 -0.00952671 -0.00752768 -0.00587563 -0.00456578 -0.00351189 -0.00271577 -0.0021231 -0.00167286 -0.00136949 -0.00114958 -0.00100117 -0.000907113 -0.000845826 -0.000806663 -0.000782096 -0.000773825 -0.000756396 -0.000757026 -0.000753945 -0.000742132 -0.000754837 -0.000743752 -0.000744815 -0.000753484 -0.000737436 -0.000749367 -0.000743945 -0.000736512 -0.000750375 -0.000735859 -0.000743563 
0 8.13979e-06 -4.03697e-07 1.49881e-05 9.35148e-06 1.0378e-05 1.95974e-05 1.11015e-05 2.12227e-05 2.15169e-05 2.36481e-05 3.08962e-05 3.35965e-05 4.39431e-05 4.52697e-05 6.19644e-05 7.21007e-05 9.90839e-05 0.000151296 0.000205399 0.000327922 0.000479914 0.000707634 0.00105945 0.0015124 0.00216515 0.00302621 0.00413539 0.00555872 0.00732357 0.00946311 0.0120045 0.0149655 0.0182615 0.0218593 0.0256061 0.0292897 0.0327329 0.0356458 0.0377734 0.0388572 0.038697 0.0371126 0.0340506 0.0295908 0.0238682 0.0171693 0.00984644 0.00231469 -0.00504783 -0.0118101 -0.0176098 -0.0222307 -0.0255288 -0.0274643 -0.0281089 -0.0276687 -0.0263371 -0.0243397 -0.0219062 -0.0192906 -0.0166981 -0.0142488 -0.0120133 -0.0100313 -0.00834694 -0.00695079 -0.00581489 -0.00487151 -0.00408921 -0.00344714 -0.00293163 -0.00249904 -0.00211164 -0.00176384 -0.00146602 -0.00121327 -0.000970034 -0.00073508 -0.000521259 -0.000339379 -0.000162628 1.1885e-05 0.000179661 0.000323979 0.000459024 0.000595407 0.000733084 0.00085005 0.000955225 0.001068 0.00118261 0.00127568 0.00136052 0.00145836 0.00155223 0.00162509 0.00169787 0.00178446 0.00185916 0.00191737 0.00198423 0.00206068 0.00211953 0.00216967 0.0022345 0.00230205 0.00235122 0.00239967 0.00246504 0.00252777 0.00257635 0.00262845 0.00269779 0.00276499 0.00282433 0.00288567 0.00296701 0.00305396 0.0031384 0.0032212 0.00333099 0.00346018 0.00359553 0.0037328 0.00390681 0.00412569 0.00438149 0.00467101 0.00502836 0.00549695 0.00609413 0.00683583 0.00775161 0.00890769 0.0103392 0.0120698 0.0140692 0.0163075 0.0187224 0.0212221 0.0236297 0.0257067 0.0272032 0.0278892 0.0275852 0.026073 0.0232161 0.0190058 0.013588 0.00714589 -1.09958e-05 -0.00747674 -0.0148506 -0.0217235 -0.0277305 -0.0325423 -0.0360043 -0.0380216 -0.0386122 -0.0379058 -0.0361114 -0.0334659 -0.0302126 -0.0266669 -0.0230065 -0.0194428 -0.0161403 -0.0131584 -0.0105647 -0.00837315 -0.00656803 -0.00509298 -0.00395062 -0.00305692 -0.00237209 -0.00189497 -0.00152568 -0.00128523 -0.0011235 -0.00100506 -0.000942007 -0.000890434 -0.000864646 -0.000842676 -0.000834982 -0.000829732 -0.000822309 -0.000831673 -0.000819145 -0.000825917 -0.000826062 -0.000813566 -0.000828093 -0.000813391 -0.000815977 -0.000823479 -0.000807275 -0.000823687 -0.000815935 
0 5.59364e-07 7.8155e-07 5.57645e-06 6.64239e-06 1.48977e-05 1.91527e-05 2.16175e-05 3.02105e-05 2.58152e-05 3.11249e-05 3.35965e-05 3.18108e-05 4.56657e-05 4.79839e-05 6.64343e-05 9.38935e-05 0.000120293 0.000179114 0.000255742 0.000374932 0.000562743 0.000829819 0.00121242 0.00174719 0.00246443 0.00341302 0.00464853 0.00620624 0.00814676 0.0104941 0.0132709 0.0164611 0.0200155 0.0238599 0.0278147 0.0317246 0.0353289 0.0383469 0.0405343 0.0416145 0.0413682 0.0396579 0.0364394 0.0317162 0.0257169 0.018712 0.0110518 0.00317456 -0.00452166 -0.0116363 -0.0178395 -0.0228155 -0.0264212 -0.0286139 -0.0295241 -0.0292712 -0.0280289 -0.0260557 -0.0235905 -0.0208848 -0.0181314 -0.0155088 -0.0130595 -0.0108857 -0.00899595 -0.00741679 -0.00610616 -0.00502935 -0.0041208 -0.00337276 -0.00277339 -0.00225872 -0.00181118 -0.00140785 -0.0010688 -0.000753103 -0.000482445 -0.000206577 3.47842e-05 0.000263737 0.000457583 0.000670284 0.000855349 0.00103235 0.00118651 0.00135464 0.00150013 0.00164226 0.00176977 0.00190254 0.00202004 0.00213588 0.00224143 0.00234709 0.00244364 0.00253789 0.00262506 0.00271057 0.00279002 0.00286716 0.00293948 0.00301047 0.00307615 0.00314124 0.00320202 0.00326452 0.00332072 0.00337875 0.00343245 0.00349481 0.00354636 0.00360302 0.00365804 0.00373065 0.00378371 0.00384934 0.00391935 0.00401353 0.00408244 0.0041771 0.00428035 0.00441491 0.00453725 0.00469739 0.00487179 0.00510465 0.00537292 0.00569925 0.00608898 0.00661439 0.00728435 0.00810787 0.00913965 0.0104271 0.0120159 0.0138952 0.0160652 0.0184389 0.020996 0.0235781 0.0260046 0.0280308 0.0294436 0.0299634 0.0293868 0.0275687 0.0243844 0.0198331 0.0139918 0.00713364 -0.000411796 -0.00824468 -0.0159948 -0.0232066 -0.0295207 -0.0346474 -0.0383249 -0.0404924 -0.0411811 -0.0405164 -0.038684 -0.0359649 -0.0325918 -0.0288405 -0.0249764 -0.0211802 -0.0176372 -0.014432 -0.0116342 -0.00924902 -0.00726432 -0.00566235 -0.00438497 -0.00339954 -0.00265746 -0.00210541 -0.00170504 -0.00142979 -0.00123061 -0.00110205 -0.00102578 -0.000966124 -0.000945405 -0.000927549 -0.00091254 -0.000914228 -0.000901991 -0.000899559 -0.000898809 -0.000890944 -0.000894171 -0.000893069 -0.000891561 -0.000896379 -0.000894571 -0.000894137 -0.000896386 -0.000891521 -0.000891536 
0 6.95028e-06 9.12734e-06 1.61331e-05 1.36048e-05 1.62986e-05 1.69451e-05 1.48583e-05 2.43943e-05 2.41629e-05 3.46535e-05 4.39431e-05 4.56657e-05 6.08878e-05 6.43397e-05 8.23516e-05 0.00010739 0.000139201 0.000209394 0.000299186 0.000445644 0.000660682 0.000961143 0.0013966 0.00198968 0.00279217 0.00385177 0.00521319 0.00692464 0.00903877 0.0115761 0.0145668 0.0179948 0.0217873 0.0258679 0.0300384 0.0341126 0.0378442 0.0409441 0.0431653 0.0442306 0.0439206 0.0420855 0.0386845 0.0337609 0.0275404 0.0202963 0.012383 0.00423716 -0.00376426 -0.011193 -0.017692 -0.0229851 -0.026925 -0.0294286 -0.0305865 -0.030534 -0.02944 -0.0275534 -0.0250903 -0.0223094 -0.019433 -0.0166426 -0.0139968 -0.0116138 -0.00952273 -0.00773866 -0.00624648 -0.0050104 -0.00396768 -0.00310187 -0.00240336 -0.00179729 -0.00127717 -0.000820363 -0.000423965 -5.06749e-05 0.00026545 0.000573457 0.000857112 0.00112347 0.00135409 0.00159455 0.00180966 0.00201123 0.00220083 0.00239194 0.00255556 0.00271752 0.00287852 0.00302556 0.00315345 0.00328882 0.00342181 0.00353212 0.00363616 0.00374961 0.00385496 0.00393732 0.00402443 0.00411825 0.00419848 0.0042613 0.00433612 0.00441278 0.00447202 0.00452442 0.00459094 0.00465313 0.00469884 0.00475192 0.00481255 0.0048656 0.00491161 0.00497636 0.0050335 0.00509179 0.00515745 0.00524263 0.00530973 0.00540158 0.00550715 0.00563117 0.00575266 0.00592241 0.00610772 0.00634324 0.00662948 0.00699006 0.0074215 0.00800322 0.00874428 0.00966121 0.0108089 0.0122374 0.0139657 0.0159967 0.0183146 0.0208153 0.0234539 0.0260787 0.0284877 0.0304186 0.0316556 0.0319383 0.031095 0.0289599 0.0254064 0.0204711 0.0142815 0.00707932 -0.000809541 -0.00896793 -0.0170254 -0.0245296 -0.0311106 -0.0364677 -0.0403586 -0.0427005 -0.0435086 -0.0429022 -0.0410746 -0.0383024 -0.034826 -0.030944 -0.0269038 -0.0229023 -0.019141 -0.0157093 -0.0126947 -0.0101212 -0.00797364 -0.00622873 -0.00484082 -0.00375555 -0.00293089 -0.00232177 -0.00187233 -0.00156871 -0.00135315 -0.00120975 -0.00112437 -0.00105514 -0.00102309 -0.000997481 -0.000979746 -0.000978322 -0.000969195 -0.000972427 -0.000973364 -0.000971347 -0.000974813 -0.000970996 -0.000969471 -0.000968284 -0.000965201 -0.000964996 -0.00096533 -0.000965558 -0.000967001 
0 4.64367e-06 -1.77449e-06 1.13476e-05 1.028e-05 1.66225e-05 2.78712e-05 2.56629e-05 3.66762e-05 3.58266e-05 3.9206e-05 4.52697e-05 4.79839e-05 6.43397e-05 7.42214e-05 0.000103146 0.000131273 0.000178077 0.000261826 0.000356806 0.000535548 0.000774853 0.00111367 0.00161777 0.00226858 0.0031635 0.00433123 0.0058131 0.00768475 0.00997956 0.0127262 0.0159357 0.0196032 0.0236164 0.0279006 0.0322685 0.0364777 0.0403188 0.0434747 0.0456968 0.0467115 0.0463193 0.0443739 0.0408175 0.0357518 0.0293544 0.0219311 0.0138344 0.00550268 -0.00270804 -0.0103845 -0.0171393 -0.0227331 -0.0269697 -0.0297859 -0.0312176 -0.0314138 -0.0305079 -0.0287404 -0.0263284 -0.0235173 -0.0205567 -0.0176033 -0.0147809 -0.012186 -0.00989634 -0.00789141 -0.00620625 -0.00478797 -0.00359857 -0.00260202 -0.00178392 -0.00107562 -0.000467229 4.87203e-05 0.000519305 0.000948883 0.00132931 0.00166957 0.00200771 0.00230829 0.00259318 0.00285801 0.00311334 0.0033383 0.00357464 0.00378548 0.00397638 0.0041578 0.00435719 0.00451804 0.00466345 0.00481735 0.00497883 0.00509613 0.00521181 0.00534244 0.00546564 0.00554853 0.00564446 0.005752 0.00584006 0.0058978 0.00598066 0.00606508 0.00612392 0.00616668 0.00624143 0.00630331 0.00634343 0.00638305 0.00645194 0.00649595 0.00653545 0.00658275 0.00664706 0.00669007 0.00675248 0.00681569 0.00688823 0.00696478 0.0070732 0.00717409 0.00730173 0.00746656 0.00766639 0.00789522 0.0082016 0.00859034 0.00907108 0.00970647 0.0105182 0.0115352 0.0127993 0.0143731 0.0162323 0.0184087 0.0208439 0.0234611 0.0261447 0.0287669 0.0310907 0.0328798 0.0338994 0.0339014 0.0327382 0.0302444 0.0263372 0.0210357 0.0145229 0.0069981 -0.00117907 -0.00960292 -0.0178981 -0.0256422 -0.032465 -0.0380246 -0.0421223 -0.0446241 -0.0455573 -0.0450304 -0.0432511 -0.0404675 -0.0369205 -0.032941 -0.0287354 -0.0245552 -0.0205993 -0.0169676 -0.0137577 -0.0110028 -0.00869739 -0.00679701 -0.00530106 -0.00411676 -0.00320849 -0.00255281 -0.00204604 -0.00170608 -0.00146638 -0.00129584 -0.00120029 -0.00112819 -0.00109312 -0.00106897 -0.00105918 -0.00105342 -0.00104506 -0.00105031 -0.00103846 -0.00104264 -0.00104303 -0.00103483 -0.00104783 -0.00103862 -0.00104229 -0.0010484 -0.00103612 -0.00104758 -0.00104052 
0 3.23945e-06 1.13735e-05 1.20108e-05 1.70871e-05 2.17909e-05 2.38945e-05 2.95582e-05 3.61631e-05 4.19088e-05 4.89041e-05 6.19644e-05 6.64343e-05 8.23516e-05 0.000103146 0.000117484 0.000169757 0.000222815 0.000305848 0.00045209 0.000628088 0.000916451 0.00131503 0.00185129 0.00260801 0.00358696 0.00486683 0.00649627 0.00852653 0.0109987 0.0139495 0.0173921 0.0212536 0.0255074 0.0299841 0.0344961 0.0388514 0.0427562 0.0459436 0.0481422 0.0491166 0.0486182 0.0465602 0.042908 0.0377048 0.0311973 0.0236633 0.0154688 0.00698846 -0.00134546 -0.00917579 -0.0161666 -0.0220179 -0.0265334 -0.029632 -0.0313897 -0.03185 -0.0311681 -0.0295464 -0.0272345 -0.0244447 -0.0214122 -0.0183273 -0.0153252 -0.0125445 -0.0100279 -0.00781542 -0.00590402 -0.00430124 -0.00293792 -0.00180574 -0.000846845 -2.57992e-05 0.000677325 0.00127191 0.00181273 0.00231519 0.00275246 0.00315078 0.0035254 0.00388409 0.00420863 0.00452218 0.00479961 0.0050733 0.00533832 0.00558976 0.00579581 0.00601676 0.00623684 0.00642974 0.00658553 0.00677038 0.00694579 0.00708639 0.00720826 0.00736232 0.00749249 0.00759069 0.00768864 0.00781304 0.00790047 0.00796712 0.00804743 0.00814307 0.00819345 0.00824035 0.00830751 0.00837634 0.00840049 0.00844066 0.00849702 0.0085456 0.00856247 0.00860728 0.00865583 0.0087025 0.00873801 0.00879657 0.00885336 0.00893307 0.00901781 0.00911453 0.00923183 0.00940333 0.00960139 0.00983701 0.0101569 0.010578 0.0111141 0.0118011 0.0126947 0.0138059 0.0152051 0.0168995 0.0189059 0.0211923 0.0237354 0.0264154 0.029125 0.0316819 0.0338581 0.0354384 0.0361903 0.0358879 0.0343322 0.0314596 0.0271925 0.0215723 0.0147226 0.00693329 -0.00145736 -0.0100991 -0.0185851 -0.0265143 -0.0335056 -0.0392788 -0.0435397 -0.0462054 -0.0472927 -0.0468807 -0.045171 -0.0424091 -0.0388658 -0.0347832 -0.0304798 -0.0261564 -0.0220057 -0.0182021 -0.0148029 -0.0118685 -0.00939504 -0.00737519 -0.0057398 -0.00446294 -0.00349452 -0.00274291 -0.00221897 -0.00183348 -0.00155991 -0.00139564 -0.00127077 -0.00120234 -0.00116268 -0.00113284 -0.00112073 -0.00111437 -0.00111077 -0.00110781 -0.00111458 -0.00111017 -0.00111245 -0.001119 -0.00110914 -0.00111917 -0.0011159 -0.00111077 -0.00112277 -0.00111087 -0.00111744 
0 5.53816e-06 1.23555e-05 1.59081e-05 2.26433e-05 2.66279e-05 3.04034e-05 3.94345e-05 4.21166e-05 5.32968e-05 6.46011e-05 7.21007e-05 9.38935e-05 0.00010739 0.000131273 0.000169757 0.000210497 0.000286151 0.000390211 0.000542938 0.000774994 0.00109387 0.00154232 0.00215998 0.00298479 0.00407144 0.00548118 0.00725798 0.00945553 0.0121271 0.0152818 0.0189226 0.0230227 0.0274691 0.0321217 0.0368019 0.0412386 0.0451855 0.0483832 0.0505428 0.0514317 0.0508666 0.0487112 0.0449343 0.0396706 0.033105 0.025528 0.0172988 0.00878924 0.000370124 -0.00758587 -0.0147024 -0.0207439 -0.0255314 -0.0289684 -0.0310089 -0.0317461 -0.0313264 -0.0299208 -0.0277385 -0.0249959 -0.0219396 -0.0187436 -0.0155974 -0.0126113 -0.00988943 -0.00744499 -0.00531593 -0.00349067 -0.00195284 -0.000656032 0.000452576 0.00140215 0.0022142 0.00289822 0.0035261 0.00409413 0.00461271 0.00506113 0.00549541 0.00589616 0.00628703 0.00663124 0.0069584 0.00726369 0.0075789 0.00785249 0.00810154 0.00834515 0.00860094 0.00881247 0.00900259 0.00920173 0.00940198 0.00955786 0.00970413 0.00986509 0.010012 0.0101205 0.0102335 0.0103578 0.0104557 0.0105261 0.0106136 0.0107023 0.0107587 0.0108012 0.0108694 0.0109253 0.0109524 0.0109782 0.0110324 0.011064 0.01108 0.0111002 0.0111481 0.0111749 0.0112042 0.0112327 0.0112932 0.0113512 0.0114275 0.0114999 0.0116242 0.0117821 0.0119862 0.0122227 0.0125621 0.0130139 0.0136052 0.0143548 0.0153196 0.016546 0.0180641 0.0198916 0.0220074 0.0244108 0.0270209 0.0297445 0.0324047 0.0348486 0.0368422 0.0381608 0.0385643 0.0378857 0.0359739 0.032699 0.0280397 0.0220756 0.0149891 0.00698426 -0.00160368 -0.0104039 -0.0190222 -0.0270943 -0.0342392 -0.0401356 -0.0445865 -0.0474406 -0.0486789 -0.0484095 -0.046816 -0.0441067 -0.0405725 -0.0364865 -0.0320875 -0.0276441 -0.0233543 -0.0193652 -0.0157955 -0.0126994 -0.0100759 -0.00791378 -0.00617385 -0.00479635 -0.00373466 -0.00294166 -0.00235589 -0.00193902 -0.00165771 -0.00145941 -0.00133509 -0.00125891 -0.0012064 -0.00118541 -0.00117199 -0.00116626 -0.0011705 -0.00117138 -0.00117439 -0.00117973 -0.00118062 -0.00118162 -0.00118621 -0.0011837 -0.00118639 -0.00118949 -0.00118585 -0.00119224 -0.00119077 
0 4.08921e-06 1.00543e-05 1.54816e-05 2.50143e-05 3.39381e-05 4.41928e-05 5.67185e-05 6.43638e-05 7.75916e-05 8.69754e-05 9.90839e-05 0.000120293 0.000139201 0.000178077 0.000222815 0.000286151 0.000381664 0.000503615 0.000694775 0.000951101 0.00131769 0.0018341 0.0025195 0.00344952 0.00464995 0.00618647 0.00811971 0.0104928 0.0133576 0.0167326 0.0206031 0.0249092 0.0295572 0.0343672 0.0391589 0.0436787 0.0476571 0.0508412 0.0529379 0.053745 0.0530698 0.0508194 0.0469954 0.0417009 0.0351268 0.0275702 0.019377 0.0108795 0.00248812 -0.00548113 -0.0127108 -0.0189328 -0.0239397 -0.0276396 -0.0300029 -0.031063 -0.0309325 -0.0297451 -0.027741 -0.0251078 -0.0220599 -0.018785 -0.0155045 -0.0123423 -0.00940555 -0.00674 -0.00436943 -0.00232143 -0.000581984 0.000890211 0.00216931 0.00325573 0.00419125 0.00498281 0.00570118 0.00634748 0.00694559 0.00746348 0.00795074 0.00841136 0.00885641 0.00924982 0.00961841 0.00997401 0.0103227 0.0106357 0.0109212 0.0112026 0.0114774 0.0117237 0.0119428 0.0121663 0.0123775 0.0125636 0.0127287 0.0129027 0.0130555 0.0131882 0.0133091 0.0134375 0.0135373 0.0136249 0.0137093 0.0137953 0.0138502 0.0139019 0.0139566 0.014006 0.0140278 0.014053 0.0140866 0.0141109 0.0141157 0.0141251 0.0141515 0.0141709 0.0141801 0.014192 0.0142375 0.014285 0.0143372 0.0143978 0.0145174 0.0146674 0.0148677 0.0151144 0.0154747 0.0159571 0.0166084 0.0174219 0.0184717 0.0198038 0.0214506 0.0233913 0.025621 0.0281029 0.030754 0.0334725 0.0360596 0.0383236 0.0400505 0.0410597 0.0411023 0.040018 0.0376551 0.0339677 0.0289656 0.0227098 0.0153553 0.00716515 -0.00153928 -0.010447 -0.0191512 -0.0273146 -0.0345778 -0.0406262 -0.0452244 -0.0482485 -0.049671 -0.0495726 -0.0481286 -0.0455276 -0.0420559 -0.0379582 -0.0335158 -0.028988 -0.0245718 -0.0204503 -0.0167294 -0.0134733 -0.0107016 -0.00841238 -0.00655134 -0.00508849 -0.00395903 -0.0030965 -0.00247514 -0.00201518 -0.00170273 -0.00149644 -0.00135748 -0.00128522 -0.00123826 -0.00121976 -0.00121447 -0.00121137 -0.00121747 -0.00122048 -0.00122573 -0.00123244 -0.00123782 -0.00124319 -0.00124965 -0.00125266 -0.00125635 -0.00126021 -0.00125984 -0.00126417 -0.00126423 
