0 0 0 0 0 0 0 0 0 0 0 0 0 0 0 0 0 0 0 0 0 0 0 0 0 0 0 0 0 0 0 0 0 0 0 0 0 0 0 0 0 0 0 0 0 0 0 0 0 0 0 0 0 0 0 0 0 0 0 0 0 0 0 0 0 0 0 0 0 0 0 0 0 0 0 0 0 0 0 0 0 0 0 0 0 0 0 0 0 0 0 0 0 0 0 0 0 0 0 0 0 0 0 0 0 0 0 0 0 0 0 0 0 0 0 0 0 0 0 0 0 0 0 0 0 0 0 0 0 0 0 0 0 0 0 0 0 0 0 0 0 0 0 0 0 0 0 0 0 0 0 0 0 0 0 0 0 0 0 0 0 0 0 0 0 0 0 0 0 0 0 0 0 0 0 0 0 0 0 0 0 0 0 0 0 0 0 0 0 0 0 0 0 0 0 0 0 0 0 0 
0 7.10887e-06 -6.274e-06 1.07262e-05 4.07111e-06 -3.44618e-06 1.01662e-05 -3.87216e-06 1.02671e-06 1.02194e-05 1.7157e-06 1.25985e-05 1.34044e-05 6.562e-06 1.00581e-05 6.74955e-06 4.21168e-06 8.25308e-06 1.28356e-05 1.31158e-05 1.38226e-05 1.72241e-05 1.25078e-05 1.159e-05 2.08915e-05 1.83643e-05 1.63458e-05 2.19494e-05 1.49063e-05 9.64993e-06 1.96595e-05 2.75463e-05 1.81379e-05 2.50034e-05 3.10792e-05 1.34928e-05 2.87796e-05 3.9598e-05 3.03835e-05 2.32899e-05 2.4009e-05 3.75582e-05 3.38286e-05 3.20392e-05 2.51617e-05 3.93809e-05 4.47782e-05 3.68994e-05 5.45153e-05 6.06673e-05 7.97408e-05 9.96311e-05 0.00014261 0.00018463 0.000256385 0.000357883 0.000470326 0.000636455 0.000832474 0.0010826 0.00136639 0.00172921 0.002124 0.00256782 0.00304483 0.00352008 0.00395785 0.00432093 0.00459491 0.00470242 0.00466399 0.00443227 0.00402161 0.00339211 0.00261988 0.00171318 0.000748133 -0.000223242 -0.00111467 -0.00190421 -0.00255731 -0.00302632 -0.00329827 -0.00338156 -0.0033247 -0.00313075 -0.00286465 -0.00253672 -0.00220175 -0.00184347 -0.00153347 -0.00125493 -0.00103379 -0.000811046 -0.000640754 -0.000497624 -0.000406147 -0.000292454 -0.000200052 -0.000108624 -5.72276e-05 2.77605e-05 0.000114255 0.000224028 0.00030648 0.000432107 0.000582031 0.000786702 0.000988018 0.0012423 0.00152822 0.00187178 0.0022018 0.00253657 0.00282275 0.00305598 0.00316677 0.00315489 0.00296586 0.00258781 0.00201637 0.00130044 0.000467549 -0.000460855 -0.0014124 -0.00232797 -0.00313297 -0.00381239 -0.00428692 -0.00458381 -0.0046858 -0.00464112 -0.00442017 -0.0041009 -0.00369285 -0.00324068 -0.00276821 -0.00232509 -0.00192226 -0.0015505 -0.00125213 -0.00099133 -0.000784793 -0.000605636 -0.00048637 -0.000375724 -0.000299864 -0.000250134 -0.000206895 -0.000182459 -0.000164805 -0.000160195 -0.00013779 -0.000146794 -0.000145566 -0.00013719 -0.000132822 -0.000130379 -0.000141609 -0.000135809 -0.000126259 -0.000115419 -0.000133914 -0.000134105 -0.000115054 -0.000125521 -0.000122402 -0.000116859 -0.000124586 -0.000130832 -0.000122149 -0.000116847 -0.000123305 -0.000117564 -0.000118148 -0.000122943 -0.000117528 -0.000113018 -0.000112022 -0.000113952 -0.000112918 -0.000115859 -0.000122657 -0.000114406 -0.000114437 -0.000118428 -0.000104617 -0.000113247 -0.000115713 -0.000103938 -0.000120064 -0.000111459 -0.00010624 -0.000121142 -0.000104262 -0.00011224 -0.00011777 -0.000101931 -0.000116927 -0.000109952 
0 -6.274e-06 7.27273e-06 -2.6281e-06 -1.15533e-06 1.43739e-05 3.32756e-06 1.41207e-05 1.96696e-05 3.86902e-06 1.55702e-05 8.47196e-06 3.81455e-06 1.79359e-05 1.65716e-05 2.31476e-05 2.58953e-05 2.91511e-05 1.87243e-05 1.93343e-05 3.20639e-05 1.1298e-05 3.69038e-05 3.6698e-05 1.34924e-05 4.35725e-05 2.5939e-05 3.13684e-05 5.04589e-05 4.49961e-05 4.72009e-05 3.4459e-05 4.81611e-05 4.0364e-05 4.65713e-05 5.75388e-05 4.80144e-05 4.59874e-05 3.64249e-05 7.70457e-05 6.83087e-05 4.81588e-05 6.685e-05 7.39133e-05 8.08596e-05 7.23143e-05 8.85033e-05 8.51731e-05 0.000109137 0.000128872 0.000145393 0.000206598 0.000271455 0.000372128 0.000505481 0.000710176 0.000944475 0.00126679 0.00167607 0.00215922 0.00275214 0.00345488 0.00426324 0.00513579 0.00609395 0.00703351 0.0079035 0.00863074 0.00915907 0.00938779 0.00929037 0.00884544 0.00800281 0.00677411 0.00521721 0.00343337 0.00149957 -0.000416406 -0.00220436 -0.00377079 -0.00507557 -0.00601113 -0.00655939 -0.00673944 -0.00662597 -0.00625767 -0.00572266 -0.00508752 -0.00440683 -0.00371391 -0.00307924 -0.00253941 -0.00207383 -0.00165011 -0.00128987 -0.00102146 -0.000811038 -0.000604938 -0.000400707 -0.000238835 -0.000108522 4.14192e-05 0.000233984 0.000430853 0.000622645 0.000856396 0.00117674 0.00156318 0.00198921 0.00248064 0.00306949 0.00373258 0.00440551 0.00505402 0.00563225 0.00607761 0.00630226 0.00626295 0.00588294 0.00512503 0.003987 0.00256514 0.000897572 -0.000935456 -0.00283773 -0.0046394 -0.0062577 -0.00758375 -0.00854999 -0.0091213 -0.00934549 -0.00923639 -0.00881613 -0.00817086 -0.00736544 -0.00646639 -0.00552511 -0.00465165 -0.00383399 -0.00311477 -0.0024979 -0.0019983 -0.00156809 -0.00122912 -0.000977256 -0.000762505 -0.000613339 -0.000503085 -0.000433331 -0.000361192 -0.000338744 -0.000311889 -0.000291658 -0.000288478 -0.000267225 -0.000268167 -0.000270851 -0.000277678 -0.000241414 -0.000253673 -0.000275773 -0.000260324 -0.000256566 -0.000242837 -0.000261213 -0.000253781 -0.000252108 -0.000252529 -0.000241506 -0.000238138 -0.000228426 -0.000255133 -0.000233639 -0.0002318 -0.000250334 -0.00021814 -0.000238036 -0.000243268 -0.000232669 -0.000240338 -0.000233154 -0.000227746 -0.000218375 -0.000229504 -0.000223506 -0.000222739 -0.000240015 -0.000220197 -0.000228842 -0.000231255 -0.000213768 -0.000230376 -0.000222399 -0.00021798 -0.00022999 -0.000218053 -0.000221261 -0.000227763 -0.000217501 -0.000222453 
0 1.07262e-05 -2.6281e-06 1.42154e-05 8.54939e-06 3.07702e-06 1.61219e-05 3.55605e-06 1.12173e-05 2.00252e-05 1.5399e-05 2.76885e-05 2.83048e-05 2.42588e-05 2.66059e-05 2.41223e-05 2.32166e-05 2.881e-05 3.5311e-05 3.7681e-05 4.15023e-05 4.29951e-05 4.21893e-05 4.23962e-05 4.99861e-05 5.46352e-05 4.99232e-05 5.67424e-05 5.34121e-05 4.56641e-05 6.05358e-05 7.02239e-05 6.32947e-05 7.18746e-05 7.94072e-05 6.37797e-05 8.10487e-05 9.6202e-05 8.51265e-05 8.28866e-05 8.39728e-05 9.73233e-05 0.000100841 9.92728e-05 9.47033e-05 0.000114358 0.000128187 0.000126436 0.000160409 0.00018942 0.000237379 0.000310468 0.000424798 0.000567569 0.000781296 0.00107692 0.00143574 0.00192214 0.00252286 0.00326113 0.00413608 0.00519681 0.00638741 0.00770469 0.00911299 0.0105126 0.0118015 0.0128784 0.0136577 0.0139902 0.0138531 0.0131715 0.0119281 0.0100944 0.00779996 0.00513963 0.00228963 -0.000562503 -0.00321424 -0.0055574 -0.00749065 -0.00889423 -0.00972633 -0.010017 -0.00986605 -0.00933434 -0.00855812 -0.00761661 -0.00661469 -0.00558391 -0.00464898 -0.00382632 -0.00313039 -0.00248753 -0.00196076 -0.0015392 -0.00122156 -0.000899634 -0.000610244 -0.000353212 -0.000156944 8.45742e-05 0.000356777 0.000662542 0.000950782 0.00132258 0.00179093 0.00237753 0.00301317 0.00376658 0.00463582 0.00562503 0.00661617 0.00758173 0.00842357 0.00907285 0.00938906 0.00931017 0.00872397 0.00758222 0.00589239 0.00376377 0.00128445 -0.00144855 -0.00425642 -0.0069456 -0.00933514 -0.0113156 -0.0127423 -0.0136156 -0.0139417 -0.0137903 -0.0131687 -0.0122187 -0.0110215 -0.00968407 -0.00829732 -0.00698003 -0.00577062 -0.00468257 -0.00377046 -0.00300024 -0.00236813 -0.00184922 -0.00146616 -0.00114802 -0.000917007 -0.000756811 -0.000635423 -0.000552124 -0.000501958 -0.00047189 -0.000432107 -0.000433715 -0.000425403 -0.00041003 -0.000402188 -0.000400698 -0.000404689 -0.000398393 -0.000386347 -0.000370958 -0.000390244 -0.000386958 -0.000366521 -0.000374008 -0.000369987 -0.000362128 -0.000370851 -0.000376431 -0.000362746 -0.000360813 -0.000361968 -0.000355208 -0.000358481 -0.000357653 -0.000352981 -0.000346548 -0.000342969 -0.000344672 -0.000343701 -0.000346845 -0.000352055 -0.000345457 -0.000342423 -0.000345178 -0.000332364 -0.000337264 -0.000341542 -0.000329063 -0.000343534 -0.000336622 -0.000329452 -0.000344586 -0.000327881 -0.000334946 -0.000339573 -0.000324474 -0.000342235 -0.000331002 
0 4.07111e-06 -1.15533e-06 8.54939e-06 1.01178e-05 1.06441e-05 1.88729e-05 1.65294e-05 2.06466e-05 2.36403e-05 2.12493e-05 2.65534e-05 2.79468e-05 3.05051e-05 3.65819e-05 3.88699e-05 4.19358e-05 4.45617e-05 4.53406e-05 4.73432e-05 5.01403e-05 5.28434e-05 5.71326e-05 5.92587e-05 6.1898e-05 6.60932e-05 6.70392e-05 7.31108e-05 7.86608e-05 7.89757e-05 8.3783e-05 8.70201e-05 8.56539e-05 9.21206e-05 9.84906e-05 9.65401e-05 0.000103419 0.000107424 0.000108303 0.000117936 0.000121967 0.000124712 0.000131514 0.000138901 0.000142481 0.000155247 0.000167881 0.000180406 0.000214599 0.000256327 0.000318985 0.000419362 0.000567087 0.000767391 0.00105395 0.00144224 0.00193715 0.00258181 0.00338799 0.00437114 0.00554965 0.00694733 0.00853182 0.0102767 0.0121264 0.013964 0.0156558 0.0170701 0.0180721 0.0185131 0.0183167 0.0174112 0.0157558 0.013357 0.0103356 0.00684718 0.00310699 -0.0006339 -0.00413605 -0.00723217 -0.00978141 -0.0116487 -0.0127775 -0.0132049 -0.0130343 -0.0123747 -0.0113738 -0.010157 -0.0088378 -0.00750063 -0.00626053 -0.00516716 -0.00421829 -0.00337452 -0.00266587 -0.0020995 -0.00164403 -0.00122114 -0.00083266 -0.000494678 -0.000202609 0.000118212 0.000484165 0.000881239 0.00129511 0.00179769 0.00243095 0.0031981 0.00406578 0.00507088 0.00623001 0.00751557 0.00882437 0.0100778 0.0111712 0.0119888 0.0123819 0.0122351 0.0114294 0.0099014 0.00767265 0.00485726 0.00157988 -0.00201028 -0.00569439 -0.00922147 -0.0123663 -0.0149558 -0.0168465 -0.0180026 -0.018447 -0.0182406 -0.0174446 -0.0161963 -0.0146263 -0.0128676 -0.0110515 -0.00930795 -0.0077025 -0.0062705 -0.0050491 -0.00402491 -0.00317945 -0.00249675 -0.00196982 -0.0015537 -0.00124319 -0.00102238 -0.000860947 -0.000747078 -0.000675202 -0.000628151 -0.000588771 -0.000572049 -0.000557016 -0.000544214 -0.000539374 -0.000532713 -0.000524864 -0.000522635 -0.000521577 -0.000512824 -0.000513029 -0.000508971 -0.000501399 -0.000503568 -0.000499823 -0.000492568 -0.000490503 -0.000487178 -0.000481743 -0.000482015 -0.000479763 -0.000475292 -0.00047432 -0.000471001 -0.000469869 -0.000469609 -0.000467371 -0.00046644 -0.000463155 -0.000458923 -0.000458378 -0.000455239 -0.000453791 -0.000456511 -0.000452232 -0.000453141 -0.000453703 -0.000447446 -0.000451391 -0.000448012 -0.000445205 -0.00044993 -0.00044348 -0.000447159 -0.000446891 -0.000439839 -0.000448043 -0.000443528 
0 -3.44618e-06 1.43739e-05 3.07702e-06 1.06441e-05 2.05375e-05 1.07905e-05 2.73874e-05 2.79097e-05 2.29753e-05 3.58892e-05 3.04905e-05 3.26409e-05 4.17474e-05 4.24011e-05 4.781e-05 5.31297e-05 5.71274e-05 5.42849e-05 5.94906e-05 6.63711e-05 6.10824e-05 7.44862e-05 7.95961e-05 7.15888e-05 8.42147e-05 8.63882e-05 8.53332e-05 9.71801e-05 0.000105498 0.000103438 0.000100439 0.000116091 0.000113947 0.000114457 0.000135339 0.000129644 0.000126719 0.00013422 0.000153108 0.000157737 0.000148542 0.000162484 0.000172056 0.000187625 0.000188828 0.000205993 0.000236509 0.000267891 0.00032884 0.000406491 0.000541358 0.000719266 0.000985756 0.0013441 0.00182624 0.00246236 0.00326263 0.0042774 0.00550122 0.00698763 0.00870895 0.0106836 0.0128395 0.0151111 0.0173616 0.0194338 0.0211645 0.0223653 0.0229089 0.0226432 0.0215195 0.0194591 0.0165308 0.012816 0.00855165 0.00397011 -0.000607972 -0.00492875 -0.00874916 -0.0118945 -0.0142205 -0.0156598 -0.0162518 -0.0160902 -0.0153409 -0.0141449 -0.0126838 -0.0110659 -0.00944929 -0.00791104 -0.00655097 -0.00533821 -0.00430006 -0.00340341 -0.00268837 -0.00207554 -0.00155336 -0.00106104 -0.000643269 -0.000237104 0.000163593 0.000628236 0.0011128 0.00167068 0.00230941 0.00311553 0.00405654 0.00516779 0.0064238 0.00787111 0.00942982 0.0110412 0.0125549 0.0138742 0.014823 0.0152646 0.0150192 0.0139755 0.0120578 0.00930417 0.00582362 0.00177361 -0.00263033 -0.00714567 -0.0114612 -0.0153281 -0.01849 -0.020835 -0.022266 -0.0228381 -0.0225795 -0.0216318 -0.0201035 -0.0181835 -0.0160255 -0.0138009 -0.0116462 -0.00964842 -0.00788381 -0.00634785 -0.00507189 -0.00400647 -0.00316235 -0.00248295 -0.00196822 -0.00157718 -0.00128898 -0.00109048 -0.00094233 -0.000851821 -0.000781523 -0.000750226 -0.000714422 -0.000692362 -0.0006842 -0.000677914 -0.000672976 -0.000649347 -0.000651412 -0.00065528 -0.000652434 -0.000633361 -0.000626988 -0.000639578 -0.000623816 -0.000621373 -0.000622807 -0.000611483 -0.000603093 -0.000604924 -0.000609173 -0.00059516 -0.000596731 -0.000597362 -0.00058301 -0.0005888 -0.000589446 -0.000582781 -0.000582324 -0.000579539 -0.000574725 -0.00056816 -0.00057362 -0.0005702 -0.000564123 -0.000575271 -0.000563066 -0.000561092 -0.000570791 -0.000553332 -0.000562512 -0.000565051 -0.00054968 -0.000564497 -0.000556241 -0.000552193 -0.000565084 -0.000549258 -0.000556977 
0 1.01662e-05 3.32756e-06 1.61219e-05 1.88729e-05 1.07905e-05 2.66368e-05 2.17822e-05 2.02124e-05 3.93226e-05 3.4182e-05 4.40521e-05 5.46392e-05 4.7704e-05 5.23618e-05 5.32196e-05 5.53005e-05 5.59755e-05 7.28941e-05 7.7267e-05 7.07692e-05 9.66226e-05 7.78667e-05 8.27902e-05 0.000109776 8.94095e-05 0.000111273 0.000112361 0.000104027 0.000111993 0.000115975 0.000138458 0.000129628 0.000144743 0.000147876 0.000142569 0.000157545 0.000169389 0.000188608 0.000156415 0.000173144 0.00020058 0.000196607 0.000202311 0.000205738 0.000235869 0.000247331 0.000288542 0.000324273 0.000397378 0.00051571 0.000660154 0.00089542 0.00121138 0.00165901 0.00223156 0.00300885 0.00397678 0.00518459 0.00667171 0.0084382 0.0105026 0.0128331 0.015402 0.0180568 0.0207012 0.0231224 0.0251368 0.0265244 0.0271395 0.0268168 0.0254538 0.02303 0.019579 0.0152427 0.0102363 0.00489723 -0.000481147 -0.00555939 -0.0100819 -0.0137923 -0.0165771 -0.0183395 -0.0191231 -0.0190146 -0.0182095 -0.0168686 -0.0151839 -0.0133131 -0.011425 -0.0096214 -0.00797668 -0.00651829 -0.00526254 -0.00419694 -0.00330012 -0.00254135 -0.00188923 -0.00131396 -0.000785616 -0.000279162 0.000233153 0.000775354 0.00137678 0.00206606 0.00287538 0.00383621 0.00497572 0.00631269 0.00784232 0.00954919 0.0113796 0.0132503 0.0150096 0.0165062 0.0175569 0.0179997 0.0176281 0.0163245 0.0140127 0.0107536 0.00662619 0.00185364 -0.00333106 -0.00860134 -0.013671 -0.0181882 -0.0219129 -0.0246659 -0.0263909 -0.027072 -0.0267935 -0.0256975 -0.0239254 -0.0216784 -0.0191457 -0.016545 -0.0139827 -0.0116235 -0.00950835 -0.00768564 -0.00613209 -0.00486629 -0.00384061 -0.00301603 -0.00239747 -0.00191747 -0.00157241 -0.00131167 -0.00115522 -0.0010251 -0.000947481 -0.000899014 -0.000859683 -0.000850807 -0.000824525 -0.000809774 -0.00079177 -0.000815239 -0.000793314 -0.000761993 -0.000771873 -0.000768682 -0.000771852 -0.000745621 -0.000748939 -0.000742419 -0.000734277 -0.000742475 -0.0007364 -0.000738612 -0.000710758 -0.000725045 -0.0007222 -0.000700859 -0.000726398 -0.000702244 -0.000693186 -0.000700618 -0.00068859 -0.000692139 -0.000694689 -0.000698124 -0.000685132 -0.000688632 -0.000685923 -0.000668512 -0.000685462 -0.000674361 -0.000669894 -0.00068474 -0.000665835 -0.000672396 -0.000677509 -0.000662403 -0.000672734 -0.000671151 -0.000663109 -0.00067267 -0.000666868 
0 -3.87216e-06 1.41207e-05 3.55605e-06 1.65294e-05 2.73874e-05 2.17822e-05 3.86026e-05 3.62284e-05 3.75918e-05 4.47963e-05 3.96104e-05 4.78468e-05 5.37279e-05 6.20179e-05 7.11237e-05 7.6427e-05 8.10753e-05 7.86174e-05 8.23516e-05 8.5759e-05 9.17601e-05 9.94403e-05 0.000107591 0.000110376 0.000108383 0.00012411 0.000124872 0.000133233 0.000154663 0.000144693 0.000144698 0.000158403 0.000158239 0.000163014 0.000184995 0.000181375 0.000174168 0.000194865 0.000207073 0.000220858 0.000221052 0.000223722 0.000245449 0.000267357 0.000273365 0.000293336 0.000345591 0.00039 0.000477948 0.000610103 0.000794947 0.00106454 0.00145449 0.00197369 0.00265727 0.00357375 0.0047102 0.00612999 0.00786334 0.0099323 0.0123118 0.015013 0.0179505 0.0209841 0.0239774 0.0267205 0.0289836 0.0305286 0.0312035 0.030797 0.0292174 0.0264266 0.0225095 0.0175789 0.0119203 0.00586707 -0.0002277 -0.00602814 -0.0111949 -0.0154615 -0.01869 -0.0207957 -0.0217982 -0.0217886 -0.0209775 -0.0195323 -0.0176728 -0.0155769 -0.0134559 -0.0113902 -0.0094819 -0.00776336 -0.00630253 -0.00504317 -0.00397316 -0.00304023 -0.00226764 -0.00158117 -0.00095336 -0.000319234 0.000293143 0.000940808 0.00164871 0.00249747 0.00346812 0.00460984 0.00593593 0.00751642 0.00930101 0.0112708 0.0133386 0.0154478 0.0174062 0.019046 0.020149 0.0205492 0.0200173 0.0184312 0.0157309 0.0119709 0.00724438 0.00178187 -0.00410588 -0.0100878 -0.0158204 -0.020955 -0.0251777 -0.0283366 -0.0303212 -0.0311342 -0.0308358 -0.029621 -0.0276287 -0.0250863 -0.0222182 -0.0192522 -0.0163266 -0.0135986 -0.0111665 -0.00903772 -0.00723457 -0.00574822 -0.00455305 -0.0035812 -0.00284916 -0.0022897 -0.00186911 -0.0015694 -0.00136554 -0.00121477 -0.00111416 -0.00106428 -0.00100542 -0.000973517 -0.0009632 -0.00095241 -0.000930557 -0.000918141 -0.000912854 -0.000914025 -0.000916425 -0.000887782 -0.000883925 -0.000893105 -0.000880816 -0.000873182 -0.000874613 -0.000855885 -0.000842665 -0.000853891 -0.000843247 -0.000838718 -0.000838284 -0.000826212 -0.000824022 -0.000823551 -0.000825483 -0.000822834 -0.000819031 -0.000812213 -0.000804267 -0.000798887 -0.000796514 -0.000799709 -0.000793807 -0.000799345 -0.000795966 -0.000786232 -0.000796179 -0.000782625 -0.000784759 -0.000790445 -0.000774769 -0.000789873 -0.00077995 -0.00077303 -0.000788493 -0.000770121 -0.000781472 
0 1.02671e-06 1.96696e-05 1.12173e-05 2.06466e-05 2.79097e-05 2.02124e-05 3.62284e-05 3.77678e-05 4.19374e-05 5.53419e-05 5.47947e-05 6.37325e-05 6.69622e-05 6.74239e-05 7.34494e-05 7.57283e-05 8.44641e-05 9.14514e-05 9.87937e-05 0.000106888 0.000109951 0.000114533 0.000121422 0.000126892 0.00013165 0.000142385 0.000143695 0.000144985 0.000158753 0.00016104 0.000169125 0.000186577 0.000186719 0.000191247 0.000206783 0.000209551 0.000218823 0.000231372 0.000231102 0.000240724 0.000253985 0.000261021 0.000273795 0.000294868 0.000309204 0.000343051 0.000398149 0.000457314 0.000564716 0.000725159 0.000946943 0.00126511 0.00172216 0.00232461 0.00312211 0.00417379 0.00548455 0.00711151 0.009095 0.0114479 0.0141462 0.01719 0.0204766 0.0238551 0.027166 0.0301895 0.0326642 0.0343458 0.03505 0.0345586 0.0327618 0.0296404 0.0252848 0.0198325 0.0135869 0.00690486 0.000157528 -0.00629056 -0.0120563 -0.0168494 -0.020516 -0.0229741 -0.0242252 -0.0243653 -0.0235954 -0.0221016 -0.0201102 -0.01784 -0.0155075 -0.0132078 -0.0110397 -0.00907682 -0.00739481 -0.00594206 -0.00467999 -0.00357761 -0.0026613 -0.00186064 -0.00111172 -0.000356246 0.000376521 0.00113209 0.00197079 0.00297494 0.00412596 0.00544901 0.00698154 0.008794 0.0108351 0.0130451 0.0153369 0.0176394 0.0197599 0.02149 0.0226013 0.0229045 0.0221779 0.0202903 0.0171994 0.0129545 0.00766292 0.00157245 -0.00496213 -0.0115797 -0.0179141 -0.0235947 -0.0282873 -0.0318152 -0.0340587 -0.0350005 -0.0347134 -0.0333968 -0.0312216 -0.0284211 -0.0252517 -0.0219498 -0.0186806 -0.0156088 -0.0128532 -0.0104315 -0.00836929 -0.00666409 -0.00528419 -0.00416785 -0.00331408 -0.00266531 -0.00217225 -0.00182194 -0.00158021 -0.00140474 -0.00128413 -0.00121904 -0.00116195 -0.0011258 -0.00110761 -0.00108667 -0.0010728 -0.00106652 -0.00105226 -0.00103759 -0.00103636 -0.00102313 -0.00101431 -0.00101379 -0.000997394 -0.000989377 -0.000992984 -0.000983416 -0.000977598 -0.000977575 -0.000965828 -0.000960399 -0.000959582 -0.000953219 -0.000948143 -0.00094337 -0.000935395 -0.00092963 -0.000927556 -0.000924253 -0.00092571 -0.00092199 -0.000919276 -0.000918383 -0.000907799 -0.000910855 -0.000905739 -0.00089948 -0.000907626 -0.000895747 -0.000899737 -0.000901156 -0.000886898 -0.000900617 -0.000893081 -0.000889242 -0.000901747 -0.000885335 -0.000892435 
0 1.02194e-05 3.86902e-06 2.00252e-05 2.36403e-05 2.29753e-05 3.93226e-05 3.75918e-05 4.19374e-05 5.22668e-05 5.19558e-05 6.14213e-05 6.94946e-05 7.39144e-05 7.84324e-05 8.67832e-05 9.23126e-05 9.11061e-05 0.0001083 0.000110031 0.000109469 0.000131734 0.000124143 0.000130384 0.000150344 0.000145231 0.0001574 0.000168102 0.000171489 0.000173954 0.000184292 0.000201369 0.000196345 0.000210933 0.000223112 0.000220283 0.000231753 0.000248461 0.000265642 0.00025454 0.000268134 0.000295129 0.000300312 0.000314169 0.000327598 0.000362457 0.000396902 0.000452909 0.000532235 0.000653781 0.000846488 0.00109878 0.00147977 0.00199531 0.0026952 0.00360988 0.00479962 0.00629482 0.00813039 0.0103717 0.0129956 0.0160197 0.0193784 0.0229964 0.0266845 0.0302804 0.0335376 0.0361845 0.0379749 0.0386735 0.0380913 0.036076 0.0326578 0.0278914 0.0219909 0.015224 0.00799973 0.000667175 -0.00634734 -0.012664 -0.0179516 -0.0220506 -0.024868 -0.0263985 -0.0267388 -0.0260609 -0.0245779 -0.0225056 -0.0201154 -0.0175958 -0.0150923 -0.0126751 -0.0104864 -0.00856693 -0.00691769 -0.00544654 -0.00417993 -0.00309525 -0.00217155 -0.0012789 -0.000408473 0.000465032 0.00133627 0.00233201 0.00348706 0.00483461 0.00634185 0.00810114 0.0101319 0.0124237 0.0148479 0.0173465 0.0197943 0.0220317 0.0237945 0.0248659 0.025018 0.0240609 0.0218563 0.0183746 0.0136655 0.00784832 0.00120268 -0.00591351 -0.013083 -0.0199508 -0.026098 -0.0312248 -0.0350792 -0.037574 -0.0386387 -0.0383919 -0.0369925 -0.0346703 -0.0316524 -0.028217 -0.0246131 -0.0210221 -0.0176381 -0.0145581 -0.0118618 -0.00953749 -0.00762091 -0.00604754 -0.00479174 -0.00381337 -0.003066 -0.00250761 -0.00209253 -0.001815 -0.00160443 -0.0014702 -0.00137453 -0.00131485 -0.00127819 -0.00124403 -0.00122023 -0.00120007 -0.00120716 -0.00118479 -0.001162 -0.00116191 -0.0011601 -0.00115124 -0.00112965 -0.00113333 -0.00112383 -0.00110964 -0.00111173 -0.00110461 -0.00109498 -0.0010811 -0.00108656 -0.00107749 -0.00106366 -0.00107565 -0.00105871 -0.00105104 -0.00105764 -0.00104468 -0.00104311 -0.00104276 -0.00103738 -0.00103002 -0.00102927 -0.00102841 -0.00101679 -0.0010245 -0.00102038 -0.00100948 -0.00102064 -0.00100904 -0.00100792 -0.00101676 -0.000999992 -0.00100799 -0.0010086 -0.000995184 -0.00100994 -0.00100228 
0 1.7157e-06 1.55702e-05 1.5399e-05 2.12493e-05 3.58892e-05 3.4182e-05 4.47963e-05 5.53419e-05 5.19558e-05 6.42444e-05 6.81885e-05 6.74905e-05 7.9961e-05 8.95045e-05 9.57285e-05 0.000104419 0.000117709 0.000110803 0.000118096 0.000134829 0.000122514 0.000149157 0.000158653 0.000148605 0.00017314 0.00016912 0.000179739 0.000193063 0.000206203 0.000216048 0.000204411 0.000229713 0.000229346 0.000238358 0.000260414 0.000266029 0.000268113 0.000262791 0.000309784 0.000315549 0.000312447 0.000329552 0.000350685 0.000387087 0.000399474 0.000452108 0.000509694 0.000617582 0.000759038 0.000965574 0.00128168 0.001703 0.00230507 0.00308611 0.00413804 0.00546169 0.00714284 0.00920112 0.0116777 0.0145911 0.0179041 0.0215841 0.025479 0.0294669 0.0332906 0.0367467 0.0395225 0.0413846 0.0420584 0.0413584 0.0391556 0.0354441 0.030338 0.0240288 0.016848 0.00913615 0.00132782 -0.00619556 -0.0129825 -0.0187487 -0.0232538 -0.0264463 -0.0282787 -0.0288688 -0.0283376 -0.0269216 -0.0248368 -0.0223697 -0.0197097 -0.0170163 -0.0143905 -0.0119729 -0.0098285 -0.00795131 -0.00628518 -0.0048291 -0.00358178 -0.00249158 -0.00146332 -0.00045052 0.000553062 0.001583 0.00273195 0.00406561 0.00559458 0.0073193 0.00929685 0.0115575 0.0140638 0.0166953 0.0193596 0.0219201 0.0242087 0.0259532 0.026927 0.0268784 0.025658 0.0231155 0.0192562 0.0140908 0.0078127 0.000662505 -0.00693413 -0.0146032 -0.0218995 -0.028472 -0.0339564 -0.038132 -0.0408379 -0.0420504 -0.0418522 -0.0404101 -0.0379741 -0.0347782 -0.031128 -0.0272375 -0.0233758 -0.0196762 -0.0163105 -0.0133181 -0.0107596 -0.00861036 -0.00684997 -0.00544916 -0.0043341 -0.00349554 -0.00284829 -0.00239322 -0.00204342 -0.00181659 -0.00165581 -0.00154476 -0.00147332 -0.00140964 -0.00139266 -0.00136558 -0.00135049 -0.00131022 -0.00131268 -0.001324 -0.00129293 -0.00127952 -0.00126653 -0.00127732 -0.00125637 -0.00125096 -0.00124834 -0.00122279 -0.00122225 -0.00121297 -0.00122035 -0.00120009 -0.00119304 -0.00119965 -0.00117033 -0.00118458 -0.00118362 -0.00116729 -0.00117264 -0.00116144 -0.00115159 -0.00114709 -0.00115033 -0.0011415 -0.00114013 -0.00114701 -0.00112809 -0.00113444 -0.00113554 -0.00111851 -0.00113103 -0.00112431 -0.00111623 -0.00112741 -0.00111528 -0.0011145 -0.00112217 -0.00111032 -0.0011163 
0 1.25985e-05 8.47196e-06 2.76885e-05 2.65534e-05 3.04905e-05 4.40521e-05 3.96104e-05 5.47947e-05 6.14213e-05 6.81885e-05 8.23833e-05 8.37514e-05 9.58877e-05 9.5556e-05 9.85532e-05 0.000108647 0.000110841 0.000128577 0.000138671 0.00014677 0.000155335 0.000159966 0.000163824 0.000171875 0.000191007 0.000188564 0.000203031 0.000212325 0.000201791 0.000228786 0.00024153 0.000248739 0.000265323 0.000272413 0.000273917 0.000287105 0.000313798 0.000317262 0.000324741 0.000326669 0.000348022 0.000379313 0.000383791 0.000406041 0.000449727 0.000509158 0.000576855 0.000700341 0.000869695 0.00111296 0.00147525 0.00196316 0.00263221 0.00352565 0.00469778 0.00617221 0.00803737 0.010315 0.0130341 0.0162125 0.0198215 0.0237752 0.0279432 0.032171 0.0362006 0.0397951 0.0426691 0.0445595 0.0451801 0.0443583 0.0419668 0.0380065 0.0325916 0.0259632 0.0184247 0.0103342 0.00211545 -0.0058098 -0.0130242 -0.0192095 -0.0241213 -0.0276777 -0.02985 -0.0307218 -0.0303985 -0.0291076 -0.0270784 -0.0245886 -0.0218264 -0.0189801 -0.0161703 -0.0135471 -0.0111679 -0.00906213 -0.00718531 -0.00554444 -0.00410707 -0.00284016 -0.00164859 -0.000496679 0.000662969 0.0018612 0.00319359 0.0047029 0.00643046 0.00837418 0.0105869 0.0130608 0.015765 0.0185711 0.021372 0.0239968 0.0262763 0.0279434 0.0287592 0.0284713 0.0269447 0.0240634 0.0198176 0.0142409 0.00753373 -2.59493e-05 -0.00804345 -0.0161069 -0.0237783 -0.0306843 -0.0364949 -0.0409396 -0.0438573 -0.045211 -0.0450901 -0.0436394 -0.0411235 -0.0378031 -0.0339636 -0.0298435 -0.0257159 -0.0217486 -0.0180873 -0.0148268 -0.0120186 -0.00964617 -0.00769009 -0.00613264 -0.00489075 -0.00393515 -0.00321444 -0.00268902 -0.00229544 -0.00203194 -0.00184486 -0.00170932 -0.00163535 -0.00158061 -0.00153149 -0.00149617 -0.00149412 -0.00147368 -0.00145338 -0.00143246 -0.00141807 -0.00142429 -0.00140743 -0.00138677 -0.00137643 -0.00137392 -0.00135736 -0.00136164 -0.00136072 -0.00133271 -0.00133608 -0.00132694 -0.00131788 -0.00132013 -0.00131027 -0.00129924 -0.00128768 -0.00128418 -0.00127527 -0.00127812 -0.00127762 -0.00127003 -0.0012717 -0.00125811 -0.00125789 -0.00125305 -0.00124581 -0.00125151 -0.00123941 -0.00124495 -0.00123983 -0.00122935 -0.00124124 -0.00122751 -0.00123342 -0.00123875 -0.00122411 -0.00123739 -0.00122599 
0 1.34044e-05 3.81455e-06 2.83048e-05 2.79468e-05 3.26409e-05 5.46392e-05 4.78468e-05 6.37325e-05 6.94946e-05 6.74905e-05 8.37514e-05 8.41278e-05 9.87874e-05 0.000108022 0.000115569 0.000132598 0.000129403 0.000141094 0.000146275 0.000146518 0.000164837 0.000172195 0.000181542 0.000193468 0.000203464 0.000206215 0.00022068 0.000239802 0.000237153 0.000256922 0.000264598 0.000259713 0.000282892 0.000293096 0.000301794 0.000317709 0.000326377 0.000337736 0.000359173 0.000374524 0.000386148 0.000412177 0.000429455 0.000457619 0.000511004 0.000564222 0.000648941 0.000792449 0.000986468 0.00126425 0.00167459 0.00223303 0.00297882 0.00398763 0.005286 0.00692219 0.00897695 0.0114769 0.0144389 0.0178801 0.0217673 0.0259758 0.0303879 0.034818 0.0390094 0.0426986 0.0456263 0.0475006 0.0480413 0.0470829 0.0445109 0.0403266 0.0346561 0.0277698 0.0199509 0.0115646 0.00302735 -0.00521875 -0.0127926 -0.019352 -0.0246492 -0.0285716 -0.0311055 -0.0322935 -0.0322317 -0.0311283 -0.0292228 -0.0267639 -0.0239481 -0.0209848 -0.0180269 -0.0152134 -0.0126062 -0.0102631 -0.00817289 -0.00633412 -0.00469448 -0.00322672 -0.0018582 -0.000548749 0.000779774 0.00217046 0.00370002 0.00540004 0.0073303 0.00950454 0.0119506 0.0146297 0.0175026 0.0204529 0.0233476 0.0259899 0.0281961 0.0297235 0.0303235 0.0297567 0.0278951 0.024664 0.0200416 0.0140887 0.00701032 -0.000884621 -0.00923447 -0.0176079 -0.0255739 -0.0327467 -0.0388218 -0.0435002 -0.0466105 -0.0481096 -0.0480815 -0.0466588 -0.0441016 -0.0406968 -0.0367092 -0.0323988 -0.0280364 -0.0238237 -0.0198899 -0.0163707 -0.0133187 -0.0107265 -0.00857768 -0.00685766 -0.00548686 -0.00441443 -0.00361456 -0.0030149 -0.00256922 -0.00226293 -0.00205178 -0.00189134 -0.00179151 -0.00173142 -0.00167531 -0.00164261 -0.00162087 -0.00159439 -0.00158352 -0.00157376 -0.00155568 -0.0015442 -0.00153734 -0.00152007 -0.00151801 -0.00151362 -0.00148559 -0.00148404 -0.00147542 -0.00145778 -0.00145924 -0.00144934 -0.0014357 -0.00142786 -0.00142648 -0.00141698 -0.00141576 -0.00141707 -0.00140083 -0.00140047 -0.00138925 -0.00138076 -0.00138218 -0.00137098 -0.0013764 -0.00136684 -0.00136465 -0.00136724 -0.0013491 -0.00136261 -0.00135487 -0.00134654 -0.00136203 -0.00133926 -0.00134518 -0.00134765 -0.00132836 -0.00134975 -0.0013398 
0 6.562e-06 1.79359e-05 2.42588e-05 3.05051e-05 4.17474e-05 4.7704e-05 5.37279e-05 6.69622e-05 7.39144e-05 7.9961e-05 9.58877e-05 9.87874e-05 0.000101365 0.000120052 0.000119047 0.000127992 0.000150839 0.000144091 0.000161894 0.000179097 0.000170036 0.000193969 0.000202041 0.000202453 0.000221077 0.000227025 0.000238191 0.000243976 0.000263711 0.000276455 0.000275259 0.000301077 0.000310165 0.000316375 0.000333109 0.00035504 0.000358596 0.000356559 0.000397245 0.000407271 0.000414013 0.000438803 0.000465609 0.000508698 0.000552657 0.000626521 0.000727339 0.000897095 0.0011197 0.0014378 0.00190974 0.0025303 0.00337554 0.00448625 0.00592582 0.0077213 0.00996828 0.0126861 0.0158825 0.0195841 0.0237138 0.028168 0.0327789 0.0373837 0.0416818 0.0454355 0.0483653 0.0501866 0.0506249 0.0495177 0.0467804 0.0423956 0.0365375 0.0294449 0.0214361 0.012828 0.00407943 -0.00441884 -0.0122672 -0.0191592 -0.0248045 -0.0291006 -0.0320029 -0.0335422 -0.0337877 -0.0329377 -0.0312201 -0.0288499 -0.026036 -0.0229985 -0.019932 -0.016945 -0.014128 -0.0115422 -0.00924022 -0.0071832 -0.00533517 -0.00364073 -0.00208532 -0.000588298 0.000919893 0.00253035 0.00426453 0.00617881 0.00831419 0.0107306 0.0133983 0.0162751 0.0192848 0.0223457 0.0252844 0.0278945 0.0299666 0.03129 0.0316223 0.0307373 0.0285251 0.0249284 0.0199524 0.0136537 0.006277 -0.0018934 -0.0104762 -0.0190888 -0.0272605 -0.0346514 -0.0409214 -0.045809 -0.0490913 -0.050749 -0.0508298 -0.0494739 -0.0469243 -0.0434692 -0.0393855 -0.034915 -0.030363 -0.0259117 -0.0217407 -0.01796 -0.0146723 -0.0118542 -0.00951054 -0.00762096 -0.00610447 -0.00492271 -0.00401908 -0.0033554 -0.00284468 -0.002498 -0.00225419 -0.00207743 -0.00196232 -0.00187878 -0.00183191 -0.00179335 -0.00176925 -0.00172866 -0.00172119 -0.00172201 -0.00168553 -0.00167133 -0.00166468 -0.00165725 -0.00163397 -0.00162722 -0.00162388 -0.00160037 -0.00159848 -0.00159066 -0.00158371 -0.00156965 -0.00156246 -0.00156425 -0.00153918 -0.00154323 -0.00153925 -0.00151549 -0.00152382 -0.00151423 -0.00150192 -0.00150735 -0.00149966 -0.00149191 -0.0014911 -0.00148619 -0.00147773 -0.00148014 -0.00147669 -0.00146519 -0.00147068 -0.00146399 -0.00145629 -0.00146693 -0.00145805 -0.00145741 -0.00146584 -0.00145154 -0.00145528 
0 1.00581e-05 1.65716e-05 2.66059e-05 3.65819e-05 4.24011e-05 5.23618e-05 6.20179e-05 6.74239e-05 7.84324e-05 8.95045e-05 9.5556e-05 0.000108022 0.000120052 0.000123019 0.000135263 0.000144338 0.000143922 0.000166006 0.000176456 0.000178363 0.000203296 0.000202993 0.000207663 0.000228691 0.000234902 0.000248701 0.000260064 0.000275411 0.000274157 0.000285249 0.00031663 0.000314881 0.000335197 0.000350653 0.000354505 0.000365559 0.000387897 0.000422625 0.000412191 0.000425757 0.000455952 0.000490128 0.0005146 0.000538572 0.000614732 0.000692031 0.000821611 0.000994844 0.00125846 0.0016318 0.00214672 0.0028578 0.00378484 0.00502988 0.00659338 0.00857656 0.0110078 0.0139454 0.0173841 0.0213199 0.0256927 0.0303445 0.035151 0.0398597 0.044248 0.0480029 0.0509034 0.0526197 0.0529345 0.0516695 0.0487617 0.0442222 0.0382085 0.0309921 0.0228387 0.0141225 0.0052219 -0.00342094 -0.0114982 -0.0186389 -0.0246245 -0.0292662 -0.0325619 -0.0344601 -0.0350705 -0.0345232 -0.0330602 -0.030834 -0.0280829 -0.0250226 -0.0218805 -0.0187496 -0.0157353 -0.012923 -0.0103937 -0.00811359 -0.00603248 -0.00410865 -0.0023338 -0.000634648 0.00108817 0.00292248 0.00488719 0.00702194 0.00938426 0.0120321 0.0149162 0.0179655 0.0210887 0.024214 0.0271431 0.0296663 0.0315417 0.0326069 0.0326101 0.0313883 0.0287954 0.0248484 0.0195164 0.0129427 0.00530711 -0.00303798 -0.0117981 -0.0205346 -0.0288645 -0.0363845 -0.0428151 -0.0478517 -0.0513066 -0.0531169 -0.0533249 -0.0520729 -0.0495635 -0.046113 -0.0419504 -0.0373872 -0.0326506 -0.0280121 -0.0236012 -0.0195965 -0.0160621 -0.0130291 -0.0104945 -0.00841963 -0.00677262 -0.00545684 -0.00446869 -0.00370626 -0.00315803 -0.00275157 -0.00246676 -0.00227005 -0.00213518 -0.00205588 -0.00196997 -0.00193138 -0.0019052 -0.00189281 -0.00185482 -0.00182234 -0.00182973 -0.00181621 -0.00179924 -0.00177172 -0.00177167 -0.0017566 -0.00173858 -0.00174698 -0.00172556 -0.00171085 -0.00170013 -0.00169734 -0.00168703 -0.00167447 -0.00167953 -0.00165513 -0.00164722 -0.00165032 -0.00163321 -0.00163433 -0.00163277 -0.00162079 -0.00161466 -0.00161234 -0.00160504 -0.00159769 -0.00159986 -0.00159163 -0.0015873 -0.00159081 -0.00157946 -0.00157983 -0.00158177 -0.00157065 -0.00157623 -0.0015746 -0.00156609 -0.00157448 -0.00156846 
0 6.74955e-06 2.31476e-05 2.41223e-05 3.88699e-05 4.781e-05 5.32196e-05 7.11237e-05 7.34494e-05 8.67832e-05 9.57285e-05 9.85532e-05 0.000115569 0.000119047 0.000135263 0.000149101 0.000155205 0.000174324 0.000175393 0.000182146 0.000193562 0.000201872 0.000217182 0.000233717 0.000247882 0.000249865 0.000269235 0.000275805 0.000286404 0.000317377 0.000316915 0.000330506 0.000339737 0.000348768 0.000369711 0.000386582 0.000409154 0.000410406 0.00042666 0.000448008 0.000482949 0.000501377 0.000508466 0.000558383 0.000605815 0.00067468 0.000762628 0.000909042 0.00111524 0.00141244 0.00183747 0.00240772 0.00320367 0.00423925 0.00559787 0.00731484 0.00947309 0.0121038 0.0152521 0.0189306 0.0230921 0.0276747 0.0325168 0.0374646 0.0422585 0.0466745 0.0504106 0.0532181 0.054807 0.0549655 0.0535375 0.050465 0.0457987 0.039687 0.0323918 0.0241803 0.0154212 0.00647174 -0.00225961 -0.0104698 -0.0178194 -0.0240873 -0.0290804 -0.0327494 -0.0350421 -0.0360409 -0.035863 -0.0346966 -0.0326863 -0.0300535 -0.0270337 -0.0238477 -0.0206077 -0.0174193 -0.0143984 -0.0116356 -0.00911848 -0.00679144 -0.0046261 -0.00261029 -0.000678221 0.0012839 0.0033573 0.00556605 0.00793877 0.0105409 0.0134121 0.0164953 0.0196899 0.022902 0.0260385 0.0289064 0.031274 0.0329092 0.0336488 0.0332913 0.0316899 0.0287267 0.0244152 0.0187726 0.0119535 0.00414824 -0.00432074 -0.0131573 -0.021955 -0.0303518 -0.0379566 -0.0444826 -0.0496381 -0.0532473 -0.0552146 -0.0555723 -0.0544455 -0.0520335 -0.0486096 -0.0444278 -0.0397899 -0.0349263 -0.0301058 -0.0254943 -0.0212701 -0.0175007 -0.0142558 -0.0115237 -0.0092728 -0.00746759 -0.00603749 -0.00493945 -0.00409046 -0.00347835 -0.00301837 -0.00270002 -0.00247285 -0.00231049 -0.00220441 -0.00213665 -0.00209239 -0.00203057 -0.00201155 -0.00199715 -0.00198206 -0.00195793 -0.0019321 -0.00192732 -0.00191647 -0.00190979 -0.00188616 -0.00187818 -0.00185816 -0.00184215 -0.00184981 -0.00182704 -0.00181817 -0.00180766 -0.00179149 -0.00178674 -0.00178429 -0.00178063 -0.00176858 -0.00176678 -0.00174986 -0.00174159 -0.00174215 -0.00172716 -0.00173104 -0.00172323 -0.00171659 -0.00171639 -0.00170323 -0.00170725 -0.00170143 -0.00169845 -0.00170273 -0.00169122 -0.0016936 -0.0016872 -0.00168033 -0.00168627 -0.00167897 -0.00168529 
0 4.21168e-06 2.58953e-05 2.32166e-05 4.19358e-05 5.31297e-05 5.53005e-05 7.6427e-05 7.57283e-05 9.23126e-05 0.000104419 0.000108647 0.000132598 0.000127992 0.000144338 0.000155205 0.000151439 0.000183416 0.000183231 0.000199403 0.000226034 0.00022102 0.000238173 0.000247038 0.000255272 0.000266681 0.000287865 0.000300669 0.000299948 0.0003312 0.000330961 0.000349364 0.000381075 0.000382053 0.000405842 0.000410936 0.000429467 0.000451384 0.000465072 0.000482882 0.000499635 0.000530132 0.00054874 0.000604027 0.000655316 0.000722035 0.000848208 0.00101034 0.00124767 0.00158417 0.00206676 0.00270571 0.00358384 0.00473702 0.00620858 0.00809046 0.0104204 0.0132513 0.0166082 0.0205145 0.0248885 0.0296538 0.0346648 0.0397109 0.0445591 0.0489574 0.0526389 0.0553086 0.0567418 0.0567215 0.0551217 0.0518966 0.0471319 0.0409717 0.0336488 0.025455 0.0167246 0.00781128 -0.000940153 -0.00920237 -0.0167057 -0.0232065 -0.028533 -0.0325609 -0.035266 -0.0366813 -0.0369195 -0.0360956 -0.0343652 -0.0319163 -0.028997 -0.0258079 -0.0224949 -0.0191656 -0.0159569 -0.0129606 -0.0101938 -0.00761054 -0.00519086 -0.00291268 -0.00071539 0.00151107 0.00384012 0.00630532 0.00893347 0.0117838 0.0148685 0.0181254 0.0214365 0.0247046 0.0278022 0.0305479 0.032697 0.0340434 0.0344083 0.0336556 0.0316486 0.0283193 0.0236523 0.0177376 0.0107189 0.00281831 -0.0057101 -0.0145416 -0.0233315 -0.0317184 -0.0393562 -0.0459259 -0.0511705 -0.0549162 -0.0570475 -0.0575743 -0.056601 -0.054329 -0.0509695 -0.0468139 -0.0421326 -0.0371851 -0.032204 -0.027419 -0.0229856 -0.0189938 -0.0155343 -0.0126015 -0.0101732 -0.00819781 -0.00664858 -0.0054273 -0.00449502 -0.0038098 -0.00329521 -0.00292945 -0.00267554 -0.00250587 -0.0023667 -0.00229399 -0.0022403 -0.00219002 -0.00216624 -0.00213407 -0.00211426 -0.00209176 -0.00208294 -0.00205858 -0.00204231 -0.0020268 -0.00200171 -0.00201255 -0.00198614 -0.00197332 -0.00197207 -0.00194759 -0.00194418 -0.00193903 -0.00193237 -0.00191121 -0.00190853 -0.00189505 -0.00187234 -0.00188692 -0.00186622 -0.00186319 -0.00186777 -0.00184565 -0.00185132 -0.00183736 -0.00183522 -0.00183691 -0.00182277 -0.00183073 -0.00181292 -0.00181013 -0.00181282 -0.00179529 -0.00181255 -0.00180574 -0.00180147 -0.00181613 -0.00179389 -0.00179967 
0 8.25308e-06 2.91511e-05 2.881e-05 4.45617e-05 5.71274e-05 5.59755e-05 8.10753e-05 8.44641e-05 9.11061e-05 0.000117709 0.000110841 0.000129403 0.000150839 0.000143922 0.000174324 0.000183416 0.000179293 0.000207522 0.000208566 0.000217565 0.000240469 0.000248109 0.000264931 0.000276643 0.000295594 0.0003056 0.000313341 0.000343786 0.000344575 0.000354774 0.000383925 0.000389018 0.0003994 0.000426144 0.000447886 0.000445212 0.000476655 0.000511703 0.00051225 0.000540715 0.000568804 0.000608629 0.000653727 0.000705823 0.000795552 0.000930146 0.00112177 0.00137334 0.00176937 0.00230111 0.00301517 0.0039886 0.00525105 0.00686716 0.00890056 0.0114279 0.0144464 0.0180282 0.0221441 0.0267185 0.0316523 0.0367913 0.0419149 0.0467625 0.0511232 0.0546846 0.0571981 0.0584263 0.0582173 0.0564247 0.0530627 0.0482218 0.0420474 0.0347552 0.0266332 0.0180137 0.00919131 0.00050998 -0.00775343 -0.0153294 -0.0220343 -0.027639 -0.0320296 -0.0351341 -0.0370053 -0.0376742 -0.0372508 -0.0358442 -0.0336576 -0.0308864 -0.0277502 -0.0243957 -0.0209701 -0.0175914 -0.0143728 -0.0113437 -0.00849839 -0.00580674 -0.00324724 -0.000751887 0.00176092 0.00436653 0.00709787 0.0099984 0.013095 0.0163839 0.0197784 0.0231787 0.0264539 0.0294697 0.0320183 0.0339001 0.0348947 0.0348621 0.0336678 0.0312564 0.027546 0.0225673 0.0164001 0.00925509 0.00130407 -0.00719375 -0.0159674 -0.0246639 -0.0329862 -0.0405884 -0.047164 -0.0524631 -0.0563238 -0.0586253 -0.0593264 -0.0585445 -0.056425 -0.0531885 -0.0490753 -0.0444038 -0.039388 -0.0342934 -0.0293458 -0.0247246 -0.0205284 -0.0168513 -0.0137322 -0.0111104 -0.00898611 -0.00729062 -0.00596388 -0.00492975 -0.00417283 -0.00360512 -0.00317907 -0.00289881 -0.00269541 -0.00255366 -0.00244708 -0.00238391 -0.00233542 -0.00230614 -0.00227173 -0.00223118 -0.00223717 -0.00221616 -0.00218388 -0.00217662 -0.00217015 -0.00214637 -0.00212778 -0.00213043 -0.00210307 -0.00208816 -0.002086 -0.00206551 -0.0020554 -0.00204179 -0.00203762 -0.00202505 -0.00201318 -0.00202031 -0.00199774 -0.00199224 -0.00199501 -0.00196833 -0.00197339 -0.00197157 -0.00195103 -0.00195638 -0.00194724 -0.00193543 -0.0019408 -0.00193564 -0.00193197 -0.00193442 -0.00192867 -0.00192074 -0.00191897 -0.00191376 -0.00190881 -0.00191488 -0.00191482 
