0 0 0 0 0 0 0 0 0 0 0 0 0 0 0 0 0 0 0 0 0 0 0 0 0 0 0 0 0 0 0 0 0 0 0 0 0 0 0 0 0 0 0 0 0 0 0 0 0 0 0 0 0 0 0 0 0 0 0 0 0 0 0 0 0 0 0 0 0 0 0 0 0 0 0 0 0 0 0 0 0 0 0 0 0 0 0 0 0 0 0 0 0 0 0 0 0 0 0 0 0 0 0 0 0 0 0 0 0 0 0 0 0 0 0 0 0 0 0 0 0 0 0 0 0 0 0 0 0 0 0 0 0 0 0 0 0 0 0 0 0 0 0 0 0 0 0 0 0 0 0 0 0 0 0 0 0 0 0 0 0 0 0 0 0 0 0 0 0 0 0 0 0 0 0 0 0 0 0 0 0 0 0 0 0 0 0 0 0 0 0 0 0 0 0 0 0 0 0 0 
0 6.35853e-06 -5.27618e-06 8.06066e-06 4.75016e-06 -3.12234e-06 1.24998e-05 1.34812e-06 3.835e-06 1.54989e-05 -9.51576e-09 1.02482e-05 1.16091e-05 2.90131e-06 1.73592e-05 1.43905e-05 1.56713e-05 1.74316e-05 1.30424e-05 1.37755e-05 6.44041e-06 2.05188e-05 2.04971e-05 1.5327e-05 3.34655e-05 1.85245e-05 1.49969e-05 3.24339e-05 2.66724e-05 2.44548e-05 3.09021e-05 2.76392e-05 1.62083e-05 2.79866e-05 4.18874e-05 3.28731e-05 2.891e-05 3.09786e-05 4.34249e-05 4.94748e-05 3.6061e-05 3.89575e-05 4.99217e-05 4.64964e-05 4.36451e-05 4.82842e-05 4.97958e-05 4.63732e-05 5.49037e-05 5.48684e-05 5.17348e-05 6.28972e-05 6.36017e-05 6.50799e-05 7.11532e-05 8.41494e-05 8.58464e-05 0.000101089 0.000128933 0.000151529 0.000195552 0.000258397 0.000345793 0.000445047 0.000597369 0.000780229 0.00100281 0.00127678 0.00161504 0.00200339 0.00243531 0.00292665 0.00342893 0.00391897 0.00434938 0.00471511 0.00493923 0.00501449 0.00490789 0.00462429 0.00411804 0.00341955 0.0025639 0.00161409 0.000613213 -0.000366426 -0.00125819 -0.00202441 -0.00263306 -0.00305611 -0.00325868 -0.00327587 -0.00314317 -0.00291073 -0.00257014 -0.00216389 -0.00171812 -0.00129183 -0.000862411 -0.000434816 1.41069e-05 0.000442891 0.000870092 0.00129062 0.00173682 0.00215851 0.00253098 0.00280653 0.00299644 0.003055 0.00294715 0.0026239 0.00211096 0.00142968 0.000611574 -0.00031669 -0.00129136 -0.00224303 -0.00312343 -0.00387259 -0.00444557 -0.00480269 -0.00497953 -0.00497368 -0.0048131 -0.00449887 -0.00410664 -0.00364346 -0.00315661 -0.00266497 -0.00222732 -0.00182844 -0.00147855 -0.00118756 -0.000953635 -0.000758819 -0.000594979 -0.000484702 -0.000390711 -0.000321291 -0.000269576 -0.000245288 -0.000214344 -0.000197557 -0.000194159 -0.000183923 -0.000176728 -0.000175738 -0.000178082 -0.000166844 -0.000170673 -0.000170432 -0.000162941 -0.000165141 -0.00016408 -0.000155719 -0.000153677 -0.000162323 -0.000152573 -0.00014109 -0.000148339 -0.00015225 -0.000151611 -0.00014066 -0.000134164 -0.000151368 -0.000154011 -0.000139633 -0.000138278 -0.000145521 -0.000136174 -0.000134578 -0.000149592 -0.000131424 -0.00012599 -0.000137197 -0.000127686 -0.000134683 -0.00013792 -0.000135779 -0.000132388 -0.000127677 -0.000134793 -0.000125111 -0.000130084 -0.00013529 -0.000120648 -0.00013054 -0.000126885 -0.000121032 -0.00013362 -0.000127353 -0.000128675 -0.000131853 -0.00012327 -0.000124922 -0.000123703 -0.00012232 -0.000127558 -0.000125503 
0 -5.27618e-06 9.90806e-06 -6.63694e-08 2.32984e-06 1.69271e-05 2.8733e-06 1.18224e-05 2.05695e-05 2.91539e-06 2.232e-05 2.43954e-05 9.05335e-06 3.4421e-05 1.94684e-05 1.0297e-05 3.44913e-05 1.70522e-05 2.96398e-05 4.6432e-05 3.51765e-05 4.00605e-05 3.57396e-05 3.73367e-05 3.16511e-05 4.40981e-05 5.47252e-05 3.7194e-05 5.0396e-05 4.61982e-05 5.48496e-05 6.1247e-05 6.46842e-05 8.09268e-05 4.2245e-05 6.30363e-05 8.69817e-05 7.12962e-05 6.5823e-05 6.50197e-05 8.86389e-05 7.53711e-05 9.05979e-05 8.46772e-05 8.70657e-05 0.000111541 9.45718e-05 0.000109592 0.000108938 0.000122827 0.000110967 0.000126405 0.000135237 0.000123018 0.000150381 0.000152532 0.000175806 0.000190279 0.000252906 0.000297276 0.00038455 0.000518777 0.000681353 0.00090298 0.00118841 0.00157547 0.00200589 0.0025734 0.00323494 0.00402088 0.00488078 0.00585745 0.0068592 0.00782485 0.00869306 0.00939949 0.00986025 0.00998919 0.00979466 0.00920357 0.00821596 0.00680988 0.00512922 0.00322389 0.00125136 -0.000708309 -0.00247213 -0.00400952 -0.0052144 -0.00606477 -0.00647271 -0.00652166 -0.00626489 -0.00580515 -0.00513253 -0.00432784 -0.0034475 -0.00259154 -0.00173394 -0.000873195 1.76134e-05 0.000880345 0.00173379 0.00258119 0.00346444 0.00430212 0.00503809 0.00558678 0.00595884 0.0060637 0.00584254 0.00519241 0.00417691 0.00281116 0.0011919 -0.000663266 -0.00258436 -0.00449047 -0.00622082 -0.00772425 -0.00884219 -0.00957679 -0.00990946 -0.00991762 -0.00957943 -0.00897675 -0.00818116 -0.00727196 -0.00629661 -0.00532572 -0.00445163 -0.00365109 -0.00296489 -0.00237087 -0.00191853 -0.00151194 -0.00120823 -0.000966351 -0.00079679 -0.000647043 -0.000552741 -0.00049858 -0.00043529 -0.000411242 -0.000385181 -0.000382432 -0.000347858 -0.000360275 -0.000345891 -0.00033292 -0.000336098 -0.000328995 -0.000326557 -0.000308862 -0.000330902 -0.000308785 -0.000314356 -0.000310275 -0.000300411 -0.000318868 -0.000307195 -0.000296566 -0.000279439 -0.000314774 -0.000300985 -0.000270893 -0.000284679 -0.00027535 -0.000288044 -0.000275781 -0.000278457 -0.000278997 -0.000261715 -0.000278573 -0.000278835 -0.000278769 -0.000266707 -0.000268019 -0.000265213 -0.000245931 -0.000273976 -0.000261495 -0.000251606 -0.000275559 -0.000249169 -0.000254506 -0.00026903 -0.000249903 -0.000262053 -0.000261963 -0.000246257 -0.000254145 -0.000249994 -0.000245546 -0.00025719 -0.000254746 -0.00025415 -0.000258658 -0.000250742 -0.00025158 
0 8.06066e-06 -6.63694e-08 1.19313e-05 1.08056e-05 6.38397e-06 2.01779e-05 1.27285e-05 1.78451e-05 2.7639e-05 1.74859e-05 2.85076e-05 2.86188e-05 2.67164e-05 3.99632e-05 3.80082e-05 4.54518e-05 4.3897e-05 4.22523e-05 4.62765e-05 3.75257e-05 5.59971e-05 5.83986e-05 5.56563e-05 7.50939e-05 6.26508e-05 6.18417e-05 7.87005e-05 7.7842e-05 7.64712e-05 8.49474e-05 8.33912e-05 7.31131e-05 9.16353e-05 0.000102829 9.94472e-05 0.000101027 0.000101241 0.000118589 0.000128041 0.000118781 0.000121294 0.00013813 0.000136589 0.000134956 0.000147739 0.000147606 0.000149819 0.000162953 0.000167375 0.000166413 0.000185058 0.000193593 0.00019701 0.000218337 0.000243361 0.000263864 0.000306894 0.000381706 0.000463316 0.000594541 0.000787436 0.00104138 0.00136447 0.00180744 0.00236328 0.00303488 0.00386573 0.00486867 0.00602817 0.007327 0.00876895 0.010255 0.0116916 0.0129747 0.0140236 0.0146902 0.0148966 0.014585 0.0137145 0.0122271 0.0101675 0.00765902 0.00485299 0.00191236 -0.000973992 -0.00361359 -0.00588924 -0.00769727 -0.00895449 -0.00959306 -0.00968324 -0.00932983 -0.00864523 -0.00766083 -0.00647115 -0.00517496 -0.00388722 -0.00259873 -0.00130091 2.6321e-05 0.00132564 0.00260934 0.00388889 0.0051954 0.00643588 0.00751619 0.00833506 0.00886517 0.00900373 0.00864101 0.00767649 0.00614908 0.00412454 0.00169615 -0.00104062 -0.00390699 -0.00671814 -0.00930375 -0.0115093 -0.0131899 -0.0142734 -0.0147945 -0.0147908 -0.0143087 -0.0134118 -0.0122419 -0.0108845 -0.00944113 -0.00800451 -0.00668878 -0.00550111 -0.00446231 -0.00358854 -0.00288091 -0.00229177 -0.00181651 -0.00146378 -0.00118956 -0.000977129 -0.000828209 -0.000736768 -0.000654919 -0.00060491 -0.000580669 -0.000557375 -0.000533693 -0.000530384 -0.000524867 -0.000507179 -0.000507084 -0.000504221 -0.000491537 -0.000487693 -0.000487853 -0.00047087 -0.000468093 -0.000473181 -0.000457742 -0.000444573 -0.000449883 -0.000450985 -0.000443185 -0.000435797 -0.000425014 -0.000438238 -0.000442341 -0.00042346 -0.000421929 -0.000424815 -0.000414978 -0.000412533 -0.000423223 -0.000404387 -0.00039629 -0.000406735 -0.000394056 -0.000402391 -0.000405455 -0.000398023 -0.000398517 -0.000390053 -0.000393763 -0.000388356 -0.000388083 -0.000392798 -0.000379951 -0.000384989 -0.000382439 -0.000377065 -0.000387204 -0.000382753 -0.000383626 -0.000385099 -0.000377149 -0.000377634 -0.000375664 -0.000372636 -0.000375854 -0.000378403 
0 4.75016e-06 2.32984e-06 1.08056e-05 1.37256e-05 1.33811e-05 2.24226e-05 2.14297e-05 2.44305e-05 3.22457e-05 2.9679e-05 3.67053e-05 4.08102e-05 3.95347e-05 4.70501e-05 4.76827e-05 5.12587e-05 5.69354e-05 6.00067e-05 6.6638e-05 6.68235e-05 7.32335e-05 7.57403e-05 7.42113e-05 8.58009e-05 8.55353e-05 8.7902e-05 9.86135e-05 9.78397e-05 0.000102451 0.000110788 0.000115503 0.000117821 0.000123929 0.000130201 0.00013139 0.000139481 0.000142402 0.000147855 0.000157106 0.000157085 0.000166041 0.000175497 0.000179414 0.00018543 0.000196248 0.000203068 0.000206609 0.000220921 0.000226054 0.000232317 0.000246831 0.000257362 0.000268395 0.000289321 0.00032068 0.000352464 0.000413536 0.000503653 0.000625118 0.000803105 0.00105941 0.00140087 0.00184465 0.00243471 0.00317369 0.00408258 0.00519068 0.00652301 0.00805984 0.00979122 0.0116824 0.0136351 0.01552 0.0172076 0.0185664 0.0194344 0.0196996 0.0192782 0.0181124 0.0161516 0.0134561 0.0101668 0.00648652 0.00262851 -0.00115475 -0.00463696 -0.00763935 -0.0100319 -0.0116962 -0.0125804 -0.0127433 -0.0123195 -0.0114286 -0.0101553 -0.00860575 -0.00691635 -0.00519819 -0.00347661 -0.00173683 2.01967e-05 0.00176047 0.00347842 0.00519497 0.00690817 0.00853045 0.00993351 0.011008 0.0116733 0.0118157 0.0112918 0.0100092 0.00798432 0.00531095 0.00210145 -0.00148889 -0.00525145 -0.00893908 -0.0123321 -0.0152163 -0.0174259 -0.0188675 -0.0195653 -0.0195641 -0.0189355 -0.017775 -0.0162376 -0.0144548 -0.0125578 -0.010677 -0.00892651 -0.00735347 -0.00597558 -0.00481616 -0.00386033 -0.00307923 -0.00244927 -0.00197073 -0.00160155 -0.0013223 -0.00112323 -0.000988394 -0.00088764 -0.000817838 -0.000779605 -0.00074543 -0.000720884 -0.000706285 -0.000695675 -0.000678929 -0.000671527 -0.000665735 -0.000651621 -0.000647176 -0.000641422 -0.000632083 -0.000624365 -0.000622967 -0.000615277 -0.000606441 -0.000605599 -0.000596888 -0.000593215 -0.00058848 -0.000579906 -0.000577969 -0.000572823 -0.000565867 -0.000561911 -0.000562733 -0.00055483 -0.000549506 -0.000553353 -0.000544243 -0.000543137 -0.000544296 -0.000535903 -0.000534909 -0.00053077 -0.000528241 -0.000525976 -0.000523059 -0.000524487 -0.000518327 -0.00051862 -0.000518642 -0.000512741 -0.000516262 -0.000513247 -0.000509802 -0.000511628 -0.000506752 -0.000506109 -0.000506585 -0.000503948 -0.000505164 -0.000506911 -0.000506843 -0.000505237 -0.000503203 
0 -3.12234e-06 1.69271e-05 6.38397e-06 1.33811e-05 2.84193e-05 1.50556e-05 3.22099e-05 3.65307e-05 2.60447e-05 4.86206e-05 4.37805e-05 4.429e-05 6.22518e-05 5.25269e-05 5.91637e-05 6.61606e-05 6.69517e-05 7.53444e-05 8.11213e-05 9.35281e-05 8.53502e-05 9.25973e-05 0.000104586 9.03937e-05 0.000112736 0.00012246 0.000111359 0.000124462 0.000130801 0.000133789 0.000139716 0.000158442 0.000160175 0.00014769 0.000165266 0.000180289 0.000185961 0.000180723 0.000184917 0.000207694 0.000210677 0.000214352 0.000222891 0.000235187 0.000245041 0.000250489 0.000264826 0.000270038 0.000284013 0.00029535 0.000305432 0.00032282 0.000339178 0.000367519 0.000397429 0.000453401 0.000525986 0.000636974 0.000799336 0.00102684 0.0013485 0.00177503 0.00235029 0.00307881 0.00400982 0.00515081 0.00654396 0.00819342 0.0101073 0.0122581 0.0145798 0.0169746 0.0192817 0.0213529 0.0229899 0.0240479 0.0243551 0.0238267 0.022359 0.0199539 0.0166523 0.0126378 0.00812757 0.00341476 -0.00122196 -0.00550359 -0.0092114 -0.0121651 -0.0142367 -0.0153825 -0.0156547 -0.0151913 -0.0141228 -0.0125888 -0.0107118 -0.008653 -0.00651184 -0.00435475 -0.00217108 1.32861e-05 0.00219654 0.00435374 0.00650637 0.00860902 0.0105853 0.0122848 0.0135895 0.014361 0.0144703 0.0137622 0.012154 0.00964731 0.00634027 0.0023842 -0.0020229 -0.00662461 -0.0111467 -0.015293 -0.0188239 -0.0215293 -0.0233317 -0.0242006 -0.0242169 -0.0234492 -0.0220556 -0.0201693 -0.0179878 -0.0156591 -0.013356 -0.0111832 -0.00922679 -0.00752007 -0.00606833 -0.00486743 -0.00388321 -0.00310629 -0.00248847 -0.00202637 -0.00167434 -0.00142463 -0.00124174 -0.00111861 -0.00103469 -0.000972166 -0.000936009 -0.000904349 -0.000885878 -0.00086459 -0.000854667 -0.00084077 -0.000827982 -0.000821511 -0.00080642 -0.000801172 -0.000793981 -0.000786125 -0.000770648 -0.000766358 -0.000771686 -0.000755238 -0.00074166 -0.000734358 -0.000742033 -0.000738067 -0.000711345 -0.000709308 -0.000713648 -0.000708706 -0.000696104 -0.000698109 -0.000695997 -0.000673782 -0.000688147 -0.000688074 -0.00067074 -0.000676823 -0.000667252 -0.000660581 -0.000658 -0.000660679 -0.000659008 -0.00064746 -0.000657982 -0.000645931 -0.000639816 -0.000654301 -0.00063735 -0.000641919 -0.00064602 -0.000628872 -0.000637761 -0.000633854 -0.000628427 -0.000638916 -0.000631159 -0.000630295 -0.000635127 -0.000627403 -0.000630141 
0 1.24998e-05 2.8733e-06 2.01779e-05 2.24226e-05 1.50556e-05 3.59449e-05 3.16415e-05 3.14213e-05 5.43211e-05 4.30362e-05 4.87663e-05 6.77504e-05 5.24063e-05 7.10709e-05 8.60555e-05 7.33527e-05 9.36068e-05 9.12699e-05 8.35099e-05 9.79476e-05 0.000103143 0.000114929 0.000120343 0.000134463 0.000131919 0.000127568 0.000150904 0.000150914 0.000161277 0.000162487 0.000168427 0.000171185 0.000165461 0.000213152 0.000205614 0.00019294 0.000214899 0.000232147 0.00024697 0.000235657 0.000257284 0.000257103 0.000276868 0.000285887 0.000278346 0.000308404 0.000308098 0.000326328 0.000329801 0.000357847 0.00036446 0.000381933 0.000420961 0.000436254 0.000492765 0.000549945 0.000656997 0.000776533 0.000990517 0.0012694 0.00165144 0.00218086 0.00286941 0.00376205 0.00486211 0.00626177 0.00791579 0.00989835 0.0121665 0.0147314 0.0174571 0.020264 0.0229699 0.0253802 0.0272832 0.0284888 0.0288463 0.0281799 0.0264424 0.0235915 0.0197521 0.0150439 0.00979178 0.00426858 -0.00114276 -0.00619426 -0.0105569 -0.0140634 -0.0165288 -0.0179655 -0.018375 -0.0179163 -0.0167033 -0.0149478 -0.0127775 -0.0103762 -0.00782514 -0.00523375 -0.00260735 6.23319e-06 0.00263245 0.00523196 0.00781345 0.0102866 0.0125873 0.0145489 0.0160524 0.0168892 0.0169336 0.0160077 0.0140763 0.0110893 0.0071885 0.0025089 -0.00264641 -0.0080469 -0.01332 -0.0181864 -0.022294 -0.0254917 -0.0276177 -0.0286858 -0.0287058 -0.0278405 -0.0262194 -0.0240309 -0.0214683 -0.0187431 -0.0160388 -0.0134561 -0.0111343 -0.00908727 -0.00736333 -0.00589208 -0.00472589 -0.00377286 -0.00303618 -0.00245656 -0.00204215 -0.00173127 -0.00149755 -0.00135704 -0.00124241 -0.00117691 -0.00111336 -0.00109963 -0.00105651 -0.00104264 -0.00103196 -0.00101073 -0.00100076 -0.0009851 -0.000988014 -0.000952683 -0.000957969 -0.000942197 -0.00093295 -0.000927325 -0.000898909 -0.000901287 -0.000899686 -0.000902308 -0.000859402 -0.00086416 -0.000885206 -0.000860875 -0.000859067 -0.00084294 -0.000844791 -0.000834828 -0.000830159 -0.000837193 -0.000813325 -0.00080809 -0.000803388 -0.000806873 -0.000801884 -0.00079983 -0.000809219 -0.000781397 -0.000788236 -0.000792657 -0.000768919 -0.000787915 -0.000780037 -0.00076214 -0.000776789 -0.000763826 -0.000759579 -0.000774846 -0.000763864 -0.000764226 -0.000769224 -0.000754529 -0.000758419 -0.000756749 -0.000747285 -0.000759167 -0.000755862 
0 1.34812e-06 1.18224e-05 1.27285e-05 2.14297e-05 3.22099e-05 3.16415e-05 4.24911e-05 4.62369e-05 4.79406e-05 6.01085e-05 6.06378e-05 7.05874e-05 7.62626e-05 7.68644e-05 8.67489e-05 8.43553e-05 9.96464e-05 0.000107933 0.000112282 0.000133742 0.000122365 0.000129672 0.000140974 0.000132085 0.00015502 0.000164882 0.000163522 0.000172527 0.0001837 0.000188716 0.000201246 0.00022377 0.000215845 0.000221815 0.00023214 0.000242173 0.000262854 0.000255314 0.000261254 0.000283367 0.000298911 0.000298301 0.000315579 0.000335329 0.00033649 0.000361109 0.000372837 0.000381074 0.000398629 0.000421707 0.000429871 0.000450859 0.000490934 0.000516407 0.000570906 0.00065538 0.000770562 0.000925874 0.0011779 0.0015175 0.00197098 0.00259817 0.00342194 0.00446261 0.00576696 0.00739846 0.00934296 0.011633 0.0142692 0.017212 0.0203299 0.0235133 0.0265795 0.0292964 0.0314216 0.0327637 0.03313 0.0323405 0.0303173 0.0270739 0.0227127 0.0174014 0.0114535 0.00522018 -0.000925599 -0.00666673 -0.0116644 -0.01568 -0.0185581 -0.0202881 -0.0208851 -0.0204607 -0.0191628 -0.0172193 -0.0148038 -0.0120796 -0.00914576 -0.00612149 -0.00306164 -9.7613e-06 0.00305328 0.00609847 0.00908885 0.0119195 0.0145049 0.0167004 0.0183484 0.0192207 0.0191498 0.017997 0.0157176 0.0122835 0.0078025 0.0024712 -0.00339661 -0.00950056 -0.0154773 -0.0209692 -0.0256308 -0.0292588 -0.0317165 -0.0329573 -0.0330181 -0.0320559 -0.0302496 -0.0277815 -0.0248806 -0.0217887 -0.0187022 -0.015743 -0.013052 -0.0106909 -0.00867178 -0.00696218 -0.00558324 -0.00447847 -0.00360056 -0.00292144 -0.00242893 -0.00205873 -0.00178134 -0.0016039 -0.00147718 -0.00138161 -0.00131617 -0.00128609 -0.0012414 -0.00121477 -0.00120192 -0.00118019 -0.00115793 -0.00114903 -0.00113773 -0.0011139 -0.00111653 -0.00109944 -0.00108083 -0.00108074 -0.00107883 -0.00105769 -0.00104156 -0.00104441 -0.00103215 -0.0010301 -0.00100783 -0.00099125 -0.000999693 -0.000989372 -0.000979545 -0.000975506 -0.000969519 -0.00095317 -0.000962212 -0.000964057 -0.000944241 -0.000951568 -0.000934381 -0.000923643 -0.000929776 -0.000918431 -0.000922073 -0.000916049 -0.000910583 -0.000909463 -0.000902534 -0.000907399 -0.000902816 -0.000901404 -0.000899881 -0.000889972 -0.000889816 -0.000885548 -0.000883257 -0.000886156 -0.000887794 -0.00089042 -0.000889197 -0.000886789 -0.00088146 
0 3.835e-06 2.05695e-05 1.78451e-05 2.44305e-05 3.65307e-05 3.14213e-05 4.62369e-05 5.46911e-05 5.22383e-05 6.98584e-05 7.08307e-05 7.51856e-05 9.01103e-05 9.0376e-05 0.000101661 0.000108075 0.000113573 0.000120243 0.000121747 0.000138403 0.000138156 0.000149819 0.00016939 0.000160772 0.00017895 0.000189145 0.000185835 0.000204263 0.000211649 0.000216574 0.000223487 0.000237892 0.000246871 0.00025429 0.000271481 0.000276531 0.000295124 0.000302811 0.000309121 0.000333487 0.000338094 0.000347142 0.000363576 0.000379285 0.000385793 0.000402988 0.000424282 0.000428496 0.000455085 0.000476066 0.000492268 0.000521445 0.000562832 0.000605178 0.000665389 0.000774437 0.000904722 0.00110062 0.00139132 0.00179177 0.0023234 0.00304978 0.00400525 0.00519998 0.00670981 0.0085704 0.0108001 0.0133965 0.016385 0.019682 0.023166 0.026693 0.0300771 0.0330574 0.0353738 0.0368214 0.0371756 0.0362557 0.033966 0.03036 0.0255289 0.0196835 0.0131267 0.00626463 -0.000538358 -0.00690233 -0.0124819 -0.0169809 -0.0202696 -0.0223087 -0.0231235 -0.0227788 -0.0214507 -0.0193687 -0.0167476 -0.0137302 -0.0104394 -0.00699778 -0.0035106 -1.73777e-05 0.00348046 0.00696154 0.0103407 0.0135054 0.0163429 0.0187294 0.0204694 0.0213298 0.0211081 0.0197056 0.0170694 0.0132008 0.00817925 0.00225194 -0.00426174 -0.0109965 -0.017595 -0.0236432 -0.0288055 -0.0328319 -0.0355985 -0.0370145 -0.0371336 -0.0361042 -0.0341409 -0.0314346 -0.0282376 -0.0248138 -0.0213705 -0.0180589 -0.0150147 -0.0123396 -0.0100263 -0.00807758 -0.00648097 -0.00521197 -0.00419069 -0.00340592 -0.00282466 -0.00238964 -0.00206705 -0.00184754 -0.00170231 -0.00158279 -0.00151342 -0.0014665 -0.00142572 -0.00139198 -0.00137682 -0.00135624 -0.0013296 -0.0013246 -0.00130352 -0.00128532 -0.0012754 -0.00126326 -0.00124199 -0.00122949 -0.00122632 -0.00120348 -0.0011968 -0.00118587 -0.00117351 -0.00117056 -0.00115525 -0.00114971 -0.00114423 -0.00113538 -0.00112054 -0.00111906 -0.00111667 -0.00109407 -0.00109914 -0.00108938 -0.00107274 -0.0010805 -0.00107015 -0.00106638 -0.00106366 -0.00105732 -0.00105413 -0.00104464 -0.00104839 -0.00103966 -0.00103357 -0.001038 -0.00102374 -0.00102557 -0.00102649 -0.00101697 -0.00102372 -0.00102174 -0.00101781 -0.00101828 -0.0010107 -0.00100782 -0.0010081 -0.0010073 -0.00101042 
0 1.54989e-05 2.91539e-06 2.7639e-05 3.22457e-05 2.60447e-05 5.43211e-05 4.79406e-05 5.22383e-05 7.64381e-05 6.57244e-05 8.10487e-05 9.42618e-05 8.76244e-05 0.000106539 0.000113844 0.000119596 0.000129657 0.00013815 0.000145666 0.000143133 0.000166842 0.000171214 0.000171442 0.000201714 0.000193965 0.00019934 0.000221329 0.000227372 0.000238017 0.000245489 0.000265218 0.000260413 0.000268943 0.000304537 0.00030661 0.000308301 0.000317655 0.000346076 0.00036055 0.00036067 0.000379777 0.00039262 0.000415785 0.000424375 0.000437666 0.000460356 0.000474378 0.000494783 0.000510668 0.000539206 0.000558678 0.000592296 0.000636902 0.000686222 0.000768419 0.000881289 0.00104769 0.00127567 0.00161657 0.00207699 0.00269788 0.00353322 0.00461472 0.00598684 0.00769377 0.00979961 0.0122976 0.0152154 0.0185269 0.0221641 0.025979 0.0298182 0.0334718 0.0366666 0.0391427 0.0406516 0.0409769 0.0399069 0.0373826 0.03343 0.0281953 0.0218723 0.0148108 0.00738981 2.64438e-05 -0.00690019 -0.0129907 -0.0179586 -0.021644 -0.0240151 -0.0250653 -0.0248564 -0.0235503 -0.0213919 -0.0186006 -0.0153293 -0.0117075 -0.00787747 -0.00396836 -3.89307e-05 0.0038932 0.00778809 0.0115353 0.0150014 0.0180635 0.0205873 0.0223696 0.0231605 0.0227647 0.0210851 0.0180969 0.0137977 0.00829403 0.00182338 -0.00524631 -0.0125456 -0.0196622 -0.026205 -0.0317941 -0.036196 -0.0392294 -0.0408308 -0.0410136 -0.039957 -0.0378589 -0.0349607 -0.0315105 -0.0277905 -0.0240223 -0.0203771 -0.0170103 -0.0140127 -0.0114239 -0.00922405 -0.00742503 -0.00596979 -0.00481809 -0.0039183 -0.00324634 -0.00274384 -0.00237165 -0.00211627 -0.0019325 -0.00180715 -0.00171396 -0.00165938 -0.00160943 -0.00157453 -0.00155083 -0.00152298 -0.00150418 -0.00148257 -0.00147143 -0.00144613 -0.00143091 -0.00141945 -0.00140518 -0.00139257 -0.00136421 -0.00136218 -0.00135829 -0.00134258 -0.00131601 -0.00130636 -0.00131988 -0.00129539 -0.00127968 -0.00127449 -0.00126721 -0.00125621 -0.00124501 -0.00125397 -0.00122777 -0.00121799 -0.00122764 -0.00120757 -0.00120803 -0.00120572 -0.00119624 -0.00118684 -0.00118252 -0.00118571 -0.00116766 -0.00117508 -0.00117316 -0.00115168 -0.0011676 -0.00115523 -0.0011466 -0.00116365 -0.00114289 -0.00114397 -0.00115168 -0.00113348 -0.00114392 -0.00114322 -0.00113153 -0.00114427 -0.00113591 
0 -9.51576e-09 2.232e-05 1.74859e-05 2.9679e-05 4.86206e-05 4.30362e-05 6.01085e-05 6.98584e-05 6.57244e-05 8.53961e-05 9.17818e-05 9.258e-05 0.000113942 0.000116255 0.000117322 0.000135623 0.000138192 0.000149197 0.000168748 0.000176525 0.000183081 0.000187666 0.000198507 0.000201326 0.000215944 0.000239999 0.000239965 0.000249048 0.000261487 0.000276296 0.000285238 0.000306144 0.000329964 0.000308036 0.000328008 0.000360858 0.000369895 0.000374631 0.000379089 0.000412011 0.000423141 0.00044382 0.0004511 0.000471084 0.000501924 0.00050616 0.000535814 0.000549046 0.000579767 0.000595785 0.00063063 0.000667529 0.000706425 0.000783483 0.000864723 0.00100843 0.00118927 0.00147632 0.00185205 0.00238734 0.00310324 0.00404452 0.00526994 0.00680723 0.00873914 0.0110625 0.0138541 0.0170621 0.0207008 0.0246339 0.028763 0.0328677 0.036744 0.0401107 0.0426969 0.0442434 0.0444948 0.0432915 0.0405282 0.0362898 0.0306795 0.0239826 0.0164798 0.00861717 0.000757283 -0.00662515 -0.0131866 -0.0185711 -0.0226652 -0.0253574 -0.0266819 -0.0266406 -0.0254305 -0.0232413 -0.0203348 -0.0168376 -0.0129303 -0.008734 -0.00442716 -6.05694e-05 0.00428688 0.00857945 0.012655 0.0163994 0.0196396 0.0222611 0.0240148 0.024699 0.0240851 0.0221307 0.0187709 0.0140789 0.00812107 0.00120194 -0.00636594 -0.0141187 -0.0216911 -0.0286219 -0.0346049 -0.0393151 -0.0426147 -0.0443734 -0.0446602 -0.0435909 -0.0414082 -0.038352 -0.0346996 -0.0307256 -0.0266559 -0.0227173 -0.0190304 -0.015741 -0.0128537 -0.0104318 -0.00840178 -0.00677726 -0.00547083 -0.00446677 -0.00369076 -0.00311324 -0.00269894 -0.00238683 -0.00218231 -0.00202352 -0.00193235 -0.00184358 -0.00180155 -0.00175623 -0.0017214 -0.0016983 -0.0016706 -0.00165345 -0.00162058 -0.00162089 -0.00159192 -0.00157541 -0.00155834 -0.00154501 -0.00154382 -0.00151537 -0.00149653 -0.00148121 -0.00149662 -0.00146983 -0.00143309 -0.00143986 -0.0014291 -0.0014202 -0.00140662 -0.00140065 -0.00138494 -0.00137146 -0.0013805 -0.00137064 -0.00136139 -0.00135031 -0.00134181 -0.00133239 -0.00132228 -0.00133076 -0.00131705 -0.00130761 -0.0013139 -0.00129555 -0.0012949 -0.00130387 -0.00128789 -0.00128978 -0.00129035 -0.00127152 -0.00127846 -0.00127417 -0.00126202 -0.00127765 -0.00126895 -0.00126708 -0.00127843 -0.00126048 -0.00126572 
0 1.02482e-05 2.43954e-05 2.85076e-05 3.67053e-05 4.37805e-05 4.87663e-05 6.06378e-05 7.08307e-05 8.10487e-05 9.17818e-05 0.000100636 0.000107289 0.000119349 0.000128253 0.000136852 0.000155143 0.000155949 0.000165985 0.000177371 0.00017385 0.000200096 0.00021101 0.000220885 0.00024526 0.000241778 0.000252224 0.000267058 0.000278398 0.000292309 0.000305776 0.000313709 0.000316249 0.000343771 0.000357119 0.000378313 0.00039229 0.000390249 0.000425314 0.000444307 0.000452996 0.00046384 0.00048965 0.000503859 0.000517096 0.000548168 0.000552555 0.000582462 0.000608039 0.000630947 0.000656375 0.000698461 0.000743206 0.00078747 0.000881359 0.000983571 0.00114029 0.00136298 0.00169002 0.00212187 0.00272588 0.00354481 0.00459741 0.00596316 0.0076838 0.00982256 0.0123845 0.0154426 0.0189525 0.0228769 0.0270986 0.0314926 0.0358319 0.0398769 0.0433709 0.0460254 0.0475639 0.0477272 0.0463741 0.043408 0.0389033 0.032997 0.0259823 0.0181508 0.00991807 0.00168025 -0.00609234 -0.0130363 -0.0188217 -0.02329 -0.0263237 -0.0279229 -0.028109 -0.0270366 -0.0248898 -0.0219011 -0.018235 -0.0140702 -0.00955669 -0.00486325 -8.86925e-05 0.00466702 0.00931405 0.0136948 0.0176661 0.0210567 0.0237089 0.025392 0.0259053 0.0250638 0.0228066 0.0190985 0.014017 0.00767785 0.00036441 -0.00759138 -0.015731 -0.0236488 -0.0309117 -0.0372044 -0.0422006 -0.0457229 -0.0476515 -0.0480465 -0.0470096 -0.0447774 -0.0416103 -0.0378043 -0.0336126 -0.029288 -0.0250673 -0.0210998 -0.017509 -0.0143499 -0.0116812 -0.00943917 -0.00762042 -0.00616501 -0.00504094 -0.00415714 -0.00350172 -0.00302728 -0.00267259 -0.00242277 -0.00225018 -0.0021384 -0.00203606 -0.00198763 -0.00194118 -0.00190119 -0.00187048 -0.00185202 -0.00182588 -0.00179548 -0.0017888 -0.00175478 -0.00174181 -0.00172656 -0.00170024 -0.00167595 -0.00167112 -0.00166266 -0.00162753 -0.0016221 -0.00160619 -0.00160148 -0.00159707 -0.00157184 -0.00156181 -0.00155302 -0.00154572 -0.00153276 -0.00152929 -0.00150816 -0.00149063 -0.00149619 -0.00147785 -0.00148098 -0.00147911 -0.00146016 -0.0014617 -0.00145059 -0.00144452 -0.00144515 -0.00143686 -0.00143029 -0.00142372 -0.00141689 -0.00141141 -0.00141194 -0.00140861 -0.00141085 -0.00141287 -0.00140331 -0.00140375 -0.00139442 -0.00138742 -0.00139281 -0.00138666 -0.00139523 
0 1.16091e-05 9.05335e-06 2.86188e-05 4.08102e-05 4.429e-05 6.77504e-05 7.05874e-05 7.51856e-05 9.42618e-05 9.258e-05 0.000107289 0.00012248 0.000125506 0.000140694 0.000148856 0.000162079 0.00016917 0.000185183 0.000204188 0.000198908 0.000226496 0.00023052 0.000225359 0.000262274 0.000259498 0.000273374 0.000299389 0.000301838 0.000319418 0.000331839 0.000354546 0.000362832 0.00037577 0.000394353 0.000404003 0.000427641 0.000428196 0.000458517 0.000480029 0.000481143 0.000513725 0.000533617 0.000553749 0.000570028 0.000602596 0.000618305 0.000638888 0.000679056 0.000690423 0.000727854 0.000768922 0.000816399 0.00087192 0.000971047 0.00110101 0.00126747 0.00154135 0.00190438 0.00240563 0.00308553 0.00401164 0.00518915 0.00670164 0.00861893 0.0109605 0.013775 0.017088 0.0208943 0.0250785 0.0295691 0.0341863 0.0387173 0.0428842 0.0464553 0.0491309 0.050615 0.0506716 0.0491561 0.0460101 0.0412688 0.0351348 0.0278669 0.0198009 0.0112833 0.00277418 -0.0053084 -0.0125594 -0.0187107 -0.0235245 -0.0269028 -0.0287868 -0.029243 -0.0283551 -0.0263116 -0.0232892 -0.0195074 -0.0151269 -0.0103408 -0.00529063 -0.00014045 0.00499648 0.00995811 0.014607 0.0187577 0.0222552 0.0248806 0.0264456 0.0267411 0.0256542 0.0230836 0.0190466 0.0136004 0.00694363 -0.000692581 -0.00893406 -0.0173749 -0.0255415 -0.0330669 -0.039593 -0.0448358 -0.0485461 -0.0506468 -0.0511556 -0.0501883 -0.0479452 -0.0447144 -0.0407956 -0.0364288 -0.0318898 -0.0274102 -0.0231884 -0.0193066 -0.0158926 -0.0129684 -0.0105241 -0.00850395 -0.00690171 -0.00564727 -0.00465991 -0.00392281 -0.00338055 -0.00298674 -0.00268505 -0.00249943 -0.00235553 -0.00224777 -0.00217867 -0.00212941 -0.00208211 -0.00203938 -0.00202556 -0.00198312 -0.00196286 -0.00194451 -0.00191647 -0.00189532 -0.00188207 -0.00186827 -0.00183195 -0.00183257 -0.00181411 -0.00179127 -0.00178205 -0.00175916 -0.00175302 -0.00173011 -0.00171687 -0.00170593 -0.00169657 -0.00168116 -0.00166095 -0.00167238 -0.00164667 -0.00164003 -0.00164908 -0.00161668 -0.00161736 -0.0016108 -0.00159483 -0.00159324 -0.00158478 -0.00158062 -0.0015664 -0.00156807 -0.00156372 -0.0015505 -0.00156183 -0.00155038 -0.00154419 -0.00154728 -0.00152824 -0.00152927 -0.0015297 -0.00152256 -0.0015315 -0.00153077 -0.00152577 -0.00152763 -0.00152065 
0 2.90131e-06 3.4421e-05 2.67164e-05 3.95347e-05 6.22518e-05 5.24063e-05 7.62626e-05 9.01103e-05 8.76244e-05 0.000113942 0.000119349 0.000125506 0.000144782 0.00015251 0.000163641 0.000172428 0.00018962 0.000195506 0.000206182 0.000235176 0.000230704 0.00024871 0.000271515 0.00026574 0.000290439 0.000307968 0.000319245 0.000327015 0.000343538 0.000367892 0.000362571 0.000398432 0.000422561 0.000415314 0.000436657 0.000463518 0.000492711 0.000493505 0.000511342 0.000537856 0.000559453 0.0005851 0.000588713 0.000624853 0.000648889 0.000668205 0.000696089 0.000726349 0.000759463 0.000787261 0.00084647 0.000891725 0.000968146 0.00107923 0.00122536 0.00143147 0.00173172 0.00215763 0.00271247 0.00349091 0.00451038 0.00582506 0.00749259 0.00959625 0.0121553 0.0152042 0.0187862 0.0228451 0.0272945 0.0320031 0.0368247 0.0414854 0.0457456 0.0493381 0.0519894 0.0533828 0.0533087 0.0516373 0.0483152 0.0433969 0.0370796 0.0296532 0.021414 0.0127323 0.00402865 -0.00424956 -0.0117611 -0.0182022 -0.0233534 -0.0270434 -0.0292458 -0.029979 -0.0293389 -0.0274311 -0.0244508 -0.0205887 -0.0160611 -0.0110303 -0.00568493 -0.000184367 0.00527337 0.0105243 0.0153778 0.0196762 0.0232075 0.0257729 0.0271541 0.0272185 0.0258446 0.0229818 0.0186131 0.0128659 0.00592575 -0.0019305 -0.0103886 -0.0190119 -0.0273682 -0.0350609 -0.0417766 -0.047199 -0.0510918 -0.0533503 -0.0539964 -0.053126 -0.0509208 -0.0476786 -0.0436809 -0.039197 -0.0344686 -0.0297809 -0.0253006 -0.021172 -0.0174878 -0.0143279 -0.0116576 -0.00944915 -0.007681 -0.0062853 -0.00519545 -0.00435686 -0.00375397 -0.00329258 -0.00296425 -0.00273321 -0.00257597 -0.00245209 -0.00236908 -0.00231782 -0.00225776 -0.00222702 -0.00219275 -0.00216469 -0.00213025 -0.00211521 -0.00209265 -0.00205593 -0.00204326 -0.00201922 -0.00201027 -0.00197875 -0.00195108 -0.00194485 -0.00193768 -0.00191665 -0.00187649 -0.00188554 -0.00187458 -0.00184747 -0.00184417 -0.0018283 -0.00181586 -0.00179535 -0.00179912 -0.00178814 -0.00176067 -0.00176857 -0.00175017 -0.00173739 -0.00174 -0.00172871 -0.00172133 -0.00171083 -0.00171195 -0.00169781 -0.00169131 -0.00170087 -0.00167456 -0.00167777 -0.00168238 -0.00165758 -0.00167523 -0.0016686 -0.00165183 -0.001671 -0.00165128 -0.00164751 -0.00166255 -0.00164055 -0.00165284 
0 1.73592e-05 1.94684e-05 3.99632e-05 4.70501e-05 5.25269e-05 7.10709e-05 7.68644e-05 9.0376e-05 0.000106539 0.000116255 0.000128253 0.000140694 0.00015251 0.000161385 0.000178877 0.000191945 0.00020185 0.000219691 0.000226008 0.00023513 0.000252746 0.00027043 0.000285483 0.000302957 0.000320797 0.000320663 0.000337581 0.000363918 0.000373875 0.000391608 0.000411751 0.000419371 0.000427264 0.000466469 0.000493505 0.000494792 0.000508861 0.000536924 0.000571846 0.000582261 0.000598399 0.000623472 0.00065166 0.000677228 0.000694207 0.000727068 0.000751994 0.000788652 0.000818355 0.000861201 0.000913927 0.000974456 0.00106619 0.00118372 0.00136126 0.00159462 0.00194502 0.00241331 0.0030562 0.00391807 0.00505055 0.00650489 0.00833844 0.0106352 0.0134037 0.0167067 0.0205268 0.0248423 0.0295128 0.0344339 0.0393951 0.0441601 0.048456 0.0520314 0.054601 0.055869 0.0556476 0.0538074 0.0503339 0.0452668 0.0388429 0.031307 0.0229944 0.0142212 0.00544336 -0.00296766 -0.010644 -0.0173388 -0.0227639 -0.0267732 -0.0292777 -0.0303291 -0.0299481 -0.028244 -0.0253448 -0.0214813 -0.0168419 -0.0116373 -0.00603325 -0.000258148 0.00548332 0.0109539 0.0159797 0.0203507 0.0238766 0.0263106 0.0274914 0.0272787 0.0256257 0.0224528 0.0178042 0.0117827 0.00464617 -0.00337546 -0.0119337 -0.0206671 -0.0291088 -0.0369187 -0.0437404 -0.0493083 -0.0533455 -0.05577 -0.0565575 -0.0558141 -0.0536934 -0.0504801 -0.0464542 -0.0418796 -0.0370231 -0.0321363 -0.0274415 -0.0230619 -0.0191443 -0.0157283 -0.0128468 -0.0104397 -0.0085057 -0.00696137 -0.00575758 -0.00483079 -0.00413858 -0.00362958 -0.00325033 -0.00299221 -0.00279817 -0.00267041 -0.00256868 -0.0025048 -0.00244733 -0.00240377 -0.00236963 -0.00233561 -0.00231047 -0.00227305 -0.00225348 -0.00223016 -0.00220855 -0.00217503 -0.00214998 -0.00214335 -0.00212593 -0.00209697 -0.00206239 -0.0020642 -0.00206014 -0.00202971 -0.00200874 -0.00199993 -0.00198585 -0.00196907 -0.00196839 -0.001949 -0.00192545 -0.00191817 -0.00190885 -0.0019004 -0.00189225 -0.00188636 -0.00187125 -0.0018601 -0.0018578 -0.00184849 -0.00184301 -0.00183745 -0.00182791 -0.00181803 -0.00181582 -0.00180969 -0.00180097 -0.0018084 -0.00179908 -0.00179459 -0.00180076 -0.00178254 -0.00178633 -0.00178572 -0.00177186 -0.00178664 -0.0017791 
0 1.43905e-05 1.0297e-05 3.80082e-05 4.76827e-05 5.91637e-05 8.60555e-05 8.67489e-05 0.000101661 0.000113844 0.000117322 0.000136852 0.000148856 0.000163641 0.000178877 0.000189908 0.000203264 0.000216159 0.000232182 0.000248287 0.000267353 0.000277709 0.000289601 0.000301593 0.000308794 0.000335931 0.00035361 0.00036985 0.000392707 0.00040009 0.000416924 0.000443768 0.0004645 0.000478868 0.000498254 0.000506494 0.000528563 0.000566401 0.000575819 0.000594205 0.00062153 0.000650152 0.000674081 0.000702166 0.000728314 0.000750579 0.000793077 0.000814912 0.000848905 0.000888928 0.000934826 0.000986747 0.00105933 0.0011663 0.0012938 0.00149935 0.00177272 0.00216407 0.00269242 0.00342083 0.00437949 0.00562605 0.00723303 0.00924029 0.0117289 0.0147178 0.018265 0.0223221 0.0268636 0.0317459 0.0368355 0.0419051 0.046723 0.0510196 0.0545243 0.0569676 0.0580769 0.0576881 0.0556772 0.0520615 0.0468945 0.0404117 0.0328406 0.0245203 0.0157587 0.00698674 -0.00146183 -0.0092411 -0.0161098 -0.021773 -0.0260674 -0.0288847 -0.0302512 -0.030163 -0.0286931 -0.0259443 -0.0221312 -0.0174505 -0.0121218 -0.00633584 -0.000346819 0.00559985 0.0112395 0.0163689 0.0207619 0.0242105 0.026476 0.0274156 0.0269224 0.0249722 0.0215123 0.016608 0.0103832 0.00310569 -0.00499162 -0.0135739 -0.0223131 -0.0307716 -0.0386202 -0.0454971 -0.0511526 -0.0553172 -0.0578996 -0.0588438 -0.0582507 -0.0562556 -0.0531199 -0.0491019 -0.0444834 -0.0395311 -0.0344896 -0.0295917 -0.0249928 -0.0208447 -0.017188 -0.0140842 -0.0114848 -0.00937744 -0.00767759 -0.00635686 -0.0053333 -0.00455462 -0.00398175 -0.00356079 -0.00326161 -0.00303577 -0.00289505 -0.00277659 -0.00269592 -0.00263503 -0.00258832 -0.00254057 -0.0025034 -0.00248091 -0.00243935 -0.00241683 -0.00238809 -0.00236323 -0.00234389 -0.00232461 -0.00229242 -0.0022686 -0.00226768 -0.00223932 -0.00221523 -0.00219609 -0.00217384 -0.0021627 -0.00215207 -0.00212864 -0.00210692 -0.00209986 -0.00208296 -0.00207856 -0.00207287 -0.00205283 -0.00204273 -0.002028 -0.00201733 -0.00201164 -0.00200225 -0.00199134 -0.00198213 -0.00197171 -0.00196338 -0.00196364 -0.00195349 -0.00195572 -0.00195414 -0.00193525 -0.00194011 -0.0019242 -0.00191438 -0.0019275 -0.00191042 -0.00192176 -0.00192624 -0.00190816 -0.00192337 -0.0019071 
0 1.56713e-05 3.44913e-05 4.54518e-05 5.12587e-05 6.61606e-05 7.33527e-05 8.43553e-05 0.000108075 0.000119596 0.000135623 0.000155143 0.000162079 0.000172428 0.000191945 0.000203264 0.000212792 0.000241122 0.000244512 0.000253454 0.000289422 0.00028407 0.000310185 0.000343263 0.000337356 0.000367793 0.000378949 0.000390794 0.000412879 0.000425985 0.000456963 0.000461549 0.000485332 0.00051257 0.000533607 0.000553437 0.000569912 0.000616573 0.000616105 0.000640841 0.000680742 0.000691746 0.000722658 0.000744064 0.000779474 0.000798265 0.000842384 0.00087204 0.000899659 0.000962976 0.0010009 0.00106992 0.00115229 0.00127825 0.00142476 0.00165525 0.00198122 0.00240387 0.00301206 0.0038146 0.00488385 0.0062427 0.00801049 0.0101935 0.0128712 0.0160896 0.0198623 0.0241563 0.0288903 0.0339748 0.0391837 0.0443368 0.0491571 0.0534214 0.0568044 0.0590851 0.0600081 0.0594329 0.0572547 0.0535073 0.0482906 0.0417896 0.0342597 0.0259926 0.0173448 0.00864804 0.000258421 -0.00756333 -0.0145162 -0.0203787 -0.0249115 -0.0280457 -0.0297104 -0.0299429 -0.0287271 -0.0261975 -0.0224846 -0.017842 -0.0124457 -0.00656896 -0.000435886 0.00562276 0.0113725 0.0165251 0.020888 0.0241851 0.0262523 0.0269139 0.0261488 0.0238894 0.0201774 0.0150446 0.00869707 0.00133385 -0.00674692 -0.0152883 -0.0239318 -0.0323461 -0.0401542 -0.0470457 -0.0527335 -0.057012 -0.0597423 -0.0608626 -0.0604428 -0.0586109 -0.0556015 -0.0516293 -0.0470167 -0.0419962 -0.0368501 -0.0317616 -0.0269777 -0.0225977 -0.0187214 -0.0153817 -0.0125925 -0.0103015 -0.00843854 -0.00699314 -0.00585655 -0.00499666 -0.00433769 -0.00388209 -0.00352636 -0.00327704 -0.00311168 -0.00298228 -0.0028897 -0.00281693 -0.00278067 -0.00271516 -0.00268904 -0.00265512 -0.00261679 -0.00259332 -0.00256097 -0.00253338 -0.00249637 -0.00249413 -0.00244909 -0.00242025 -0.00241605 -0.00238279 -0.00236585 -0.00234124 -0.00233617 -0.00231156 -0.00229098 -0.00228304 -0.00226376 -0.00225838 -0.00222528 -0.00222273 -0.00220825 -0.00217495 -0.00219045 -0.0021675 -0.0021496 -0.00215535 -0.00213459 -0.00212607 -0.00212426 -0.00211669 -0.00210456 -0.00210172 -0.00209137 -0.00207127 -0.00207638 -0.0020681 -0.00206123 -0.00207317 -0.00206137 -0.00205693 -0.00205801 -0.00204238 -0.00204051 -0.00204276 -0.00203648 -0.00204217 
0 1.74316e-05 1.70522e-05 4.3897e-05 5.69354e-05 6.69517e-05 9.36068e-05 9.96464e-05 0.000113573 0.000129657 0.000138192 0.000155949 0.00016917 0.00018962 0.00020185 0.000216159 0.000241122 0.000243144 0.000268148 0.000290042 0.000287415 0.000317326 0.000332646 0.000341279 0.000368435 0.000388748 0.000403091 0.000413225 0.000451345 0.000464165 0.000472664 0.00051884 0.00052037 0.000533299 0.000568266 0.000596738 0.000617558 0.000622956 0.000660428 0.000692522 0.000723479 0.000737082 0.000764034 0.000815863 0.000828587 0.000865267 0.000900669 0.000936956 0.000973014 0.0010244 0.00108365 0.0011394 0.001254 0.00137579 0.00155643 0.00181488 0.00218172 0.00266666 0.00333534 0.0042484 0.0054067 0.00692051 0.00883247 0.0112138 0.0140817 0.0175305 0.0215292 0.0260315 0.0309634 0.0361926 0.0415145 0.0466821 0.051495 0.0556511 0.0588945 0.0609538 0.0616794 0.0608863 0.0585458 0.0546811 0.0494437 0.0429766 0.035534 0.0274066 0.0189301 0.0104064 0.0021267 -0.00563372 -0.0126239 -0.0185963 -0.0233574 -0.0267548 -0.0287379 -0.0292647 -0.028361 -0.0260676 -0.0225492 -0.0179857 -0.0126334 -0.00672333 -0.000570347 0.00554025 0.0112846 0.0164147 0.0206469 0.0237665 0.0255664 0.0259652 0.0248982 0.0223747 0.0184103 0.0131293 0.00669784 -0.000647886 -0.00866286 -0.0170628 -0.0255548 -0.0338305 -0.0415491 -0.0483921 -0.0540802 -0.0584435 -0.0613112 -0.0626251 -0.0623871 -0.0607645 -0.0578956 -0.0540374 -0.0494386 -0.0444144 -0.0391659 -0.0339475 -0.0289697 -0.0243933 -0.0202926 -0.0167301 -0.0137461 -0.011262 -0.00925264 -0.00765245 -0.00642679 -0.00545535 -0.00473945 -0.00421458 -0.00382478 -0.00353949 -0.00334327 -0.00321 -0.00308642 -0.00302227 -0.00295633 -0.00290406 -0.00286024 -0.00282746 -0.00278514 -0.00274515 -0.00273746 -0.00269193 -0.00266107 -0.00263598 -0.00262174 -0.00260093 -0.00255943 -0.00253936 -0.00252452 -0.00251918 -0.00247457 -0.00245274 -0.00245523 -0.00241699 -0.00240641 -0.00239745 -0.002376 -0.0023552 -0.00234674 -0.00234392 -0.00231504 -0.00231446 -0.0023051 -0.00227808 -0.00228084 -0.00226741 -0.0022549 -0.0022473 -0.0022359 -0.00223234 -0.00221999 -0.00222367 -0.00221569 -0.00220144 -0.00220998 -0.0021892 -0.00218531 -0.00219455 -0.00217227 -0.00218519 -0.00218537 -0.00216682 -0.0021854 -0.00217058 
