0 0 0 0 0 0 0 0 0 0 0 0 0 0 0 0 0 0 0 0 0 0 0 0 0 0 0 0 0 0 0 0 0 0 0 0 0 0 0 0 0 0 0 0 0 0 0 0 0 0 0 0 0 0 0 0 0 0 0 0 0 0 0 0 0 0 0 0 0 0 0 0 0 0 0 0 0 0 0 0 0 0 0 0 0 0 0 0 0 0 0 0 0 0 0 0 0 0 0 0 0 0 0 0 0 0 0 0 0 0 0 0 0 0 0 0 0 0 0 0 0 0 0 0 0 0 0 0 0 0 0 0 0 0 0 0 0 0 0 0 0 0 0 0 0 0 0 0 0 0 0 0 0 0 0 0 0 0 0 0 0 0 0 0 0 0 0 0 0 0 0 0 0 0 0 0 0 0 0 0 0 0 0 0 0 0 0 0 0 0 0 0 0 0 0 0 0 0 0 0 
0 4.3867e-06 -3.32708e-06 9.91335e-06 1.80797e-06 -8.66917e-07 7.75252e-06 -6.539e-06 3.489e-06 5.7186e-06 -1.83864e-06 1.36946e-05 5.39679e-06 4.18821e-06 1.248e-05 8.88371e-07 7.02769e-06 1.06499e-05 5.0282e-06 1.07917e-05 9.16854e-06 5.89426e-06 7.44991e-06 1.00606e-05 1.35212e-05 1.32002e-05 1.91364e-05 1.64749e-05 6.85131e-06 1.61975e-05 1.30427e-05 9.8912e-06 2.23822e-05 1.75355e-05 9.30879e-06 1.54216e-05 2.51097e-05 1.86305e-05 3.18983e-05 4.3738e-05 3.51343e-05 5.74784e-05 8.6909e-05 0.000127846 0.000167491 0.000229907 0.000332122 0.00046061 0.000616826 0.000801096 0.00105935 0.00134569 0.00168725 0.00207958 0.00250801 0.00295865 0.0034034 0.00381583 0.004132 0.00436184 0.00443149 0.00434423 0.00407404 0.00362868 0.00299158 0.00220732 0.00132607 0.000382326 -0.000529169 -0.00136988 -0.00208138 -0.00266557 -0.00304931 -0.00326699 -0.003301 -0.00319984 -0.00297632 -0.0027083 -0.00239639 -0.00206455 -0.00174128 -0.00146268 -0.00122654 -0.0010175 -0.000851401 -0.000710018 -0.000604356 -0.000513558 -0.000457963 -0.000390565 -0.000339694 -0.000291352 -0.000275562 -0.000232633 -0.000198082 -0.000160825 -0.000157201 -0.000122907 -9.37773e-05 -5.87815e-05 -5.81124e-05 -2.66828e-05 1.81274e-06 3.88433e-05 4.1849e-05 7.47657e-05 0.000107041 0.000151101 0.000164699 0.00020722 0.000252288 0.000315996 0.000363875 0.000443941 0.000535278 0.000661428 0.000807776 0.000998086 0.00121189 0.00146867 0.00177177 0.00209721 0.00241025 0.00269118 0.00294013 0.00308789 0.00311349 0.00296808 0.00266272 0.00215549 0.00151323 0.000730998 -0.000135288 -0.00105966 -0.00194089 -0.00274908 -0.00342434 -0.00392375 -0.00424736 -0.00439358 -0.00437935 -0.00419908 -0.00392393 -0.00354278 -0.00312073 -0.00267878 -0.0022553 -0.00185506 -0.00150986 -0.00121805 -0.000949492 -0.000747884 -0.000584179 -0.000459693 -0.000346656 -0.00026686 -0.000216536 -0.000187192 -0.000158898 -0.000121884 -0.000125321 -0.000118475 -0.000108625 -0.000114405 -0.000113983 -0.000102644 -0.000101746 -0.000113865 -0.000105115 -0.000107242 -0.000110061 -9.89991e-05 -9.92763e-05 -0.000100059 -0.000101655 -0.000101017 -0.000101523 -0.00010366 -9.57966e-05 -9.93462e-05 -0.000103684 -9.62526e-05 -0.000105374 -0.000103475 -9.36121e-05 -0.000102155 -9.28465e-05 -9.14356e-05 -0.000101242 -9.31962e-05 -0.000100764 -0.000102822 -9.55725e-05 -0.000101251 -9.5097e-05 -9.33125e-05 -9.66992e-05 -9.30528e-05 -9.67922e-05 -9.63618e-05 
0 -3.32708e-06 1.13022e-06 -1.61486e-06 -2.74044e-06 9.46054e-06 3.84622e-06 1.07482e-05 1.68381e-05 8.02008e-07 1.55457e-05 5.10534e-06 -2.99239e-07 2.1702e-05 1.73123e-06 1.74512e-05 2.31154e-05 3.78412e-06 2.44963e-05 1.5363e-05 1.53236e-05 2.73666e-05 2.49241e-05 2.08732e-05 1.89689e-05 2.56051e-05 6.33878e-06 2.82992e-05 3.4507e-05 1.91186e-05 4.46519e-05 2.61687e-05 2.87639e-05 3.53136e-05 4.03221e-05 4.90441e-05 3.44014e-05 5.03448e-05 4.63734e-05 6.03329e-05 8.76277e-05 0.000130242 0.000163304 0.000212741 0.000352135 0.000486563 0.000668323 0.00091241 0.00123713 0.00163689 0.00212138 0.00270494 0.00337452 0.0041726 0.00501448 0.0059093 0.00679543 0.0076029 0.00824636 0.00867996 0.00883579 0.00864255 0.00812052 0.00721776 0.00596313 0.00440056 0.00264949 0.000781704 -0.00103807 -0.00269912 -0.00413261 -0.00527622 -0.00606421 -0.00648302 -0.00657643 -0.0063634 -0.00594423 -0.00539825 -0.00479105 -0.00412403 -0.00349069 -0.00292898 -0.00245717 -0.00204055 -0.00170448 -0.0014261 -0.00120657 -0.00103385 -0.000908642 -0.000786588 -0.000673042 -0.000591257 -0.000540289 -0.00047152 -0.000388518 -0.000332036 -0.000302832 -0.000252727 -0.00017939 -0.000128677 -0.000104524 -6.00226e-05 1.23886e-05 6.71327e-05 9.56241e-05 0.000144298 0.000223826 0.000294041 0.000341822 0.00041236 0.000516171 0.000629859 0.000741767 0.000892333 0.0010859 0.00133266 0.00163273 0.00201012 0.00244075 0.00295786 0.00355557 0.00420757 0.00482016 0.00539057 0.00586317 0.00616675 0.00619215 0.00591528 0.00528013 0.00428825 0.00298774 0.00144262 -0.000295214 -0.00212308 -0.00388206 -0.00548987 -0.00682683 -0.00783368 -0.00846656 -0.00877501 -0.00872795 -0.00839246 -0.00782621 -0.00708313 -0.00623043 -0.00535311 -0.00451459 -0.00371018 -0.00302096 -0.00241274 -0.00191497 -0.00150276 -0.00116494 -0.000887854 -0.000697309 -0.000573823 -0.000431207 -0.000354788 -0.000309089 -0.000285691 -0.000255908 -0.000236524 -0.000232163 -0.000212215 -0.000218921 -0.000211628 -0.000223909 -0.000204452 -0.000197642 -0.00021663 -0.000192222 -0.000212684 -0.000216471 -0.000203973 -0.000206372 -0.000205108 -0.0002015 -0.000194998 -0.000213841 -0.000195092 -0.000196409 -0.000207079 -0.000179654 -0.000201541 -0.000197289 -0.000191352 -0.000211442 -0.000194745 -0.000200158 -0.000197197 -0.000186974 -0.000193621 -0.000186936 -0.000193761 -0.000194658 -0.000194805 -0.000199655 -0.000192911 -0.00019676 -0.000191723 
0 9.91335e-06 -1.61486e-06 1.41109e-05 5.34613e-06 2.92404e-06 1.30716e-05 -3.13105e-06 1.06769e-05 1.26985e-05 7.08616e-06 2.57973e-05 1.56074e-05 1.7948e-05 2.46695e-05 1.33356e-05 2.25172e-05 2.41163e-05 2.24437e-05 2.82015e-05 2.6258e-05 2.55667e-05 2.64509e-05 3.12196e-05 3.71535e-05 3.87471e-05 4.47073e-05 4.4317e-05 3.33467e-05 4.20111e-05 4.37852e-05 3.82271e-05 5.50254e-05 5.21199e-05 4.17598e-05 5.34681e-05 6.63065e-05 6.6077e-05 8.94067e-05 0.000114832 0.000124072 0.000180808 0.000260339 0.000371626 0.000516771 0.000716249 0.00100948 0.00139093 0.00186427 0.00244362 0.00319096 0.00405936 0.00507816 0.00624678 0.00751775 0.00884961 0.0101645 0.0113654 0.0123151 0.0129664 0.0131785 0.0129067 0.0121084 0.0107737 0.00889946 0.00658787 0.00398006 0.00121125 -0.00148997 -0.00397414 -0.00610493 -0.00782155 -0.00899486 -0.00964978 -0.00979062 -0.00950855 -0.00889182 -0.00810074 -0.00718807 -0.00621433 -0.00526868 -0.00443288 -0.00371609 -0.00309407 -0.00258552 -0.00216318 -0.00183275 -0.00156667 -0.00137533 -0.00118501 -0.00102468 -0.000892655 -0.000815373 -0.000703214 -0.000594648 -0.000499914 -0.000456963 -0.000371073 -0.000279131 -0.00019334 -0.000158794 -8.03426e-05 9.98438e-06 0.00010073 0.000141728 0.000226447 0.000329007 0.000441352 0.000511983 0.000628268 0.000772261 0.00094866 0.00111732 0.0013505 0.00163921 0.00201459 0.00246709 0.00303088 0.00368357 0.00445634 0.00534955 0.00630306 0.00722333 0.00805563 0.00875449 0.00917356 0.00921143 0.00876875 0.00782415 0.00633241 0.00440405 0.00209003 -0.000486058 -0.00319731 -0.00581091 -0.00819158 -0.0101821 -0.011671 -0.0126321 -0.013075 -0.0130261 -0.0125203 -0.0116905 -0.010582 -0.00932887 -0.00802536 -0.00676391 -0.00558056 -0.00454464 -0.00365414 -0.00287777 -0.00226143 -0.00176592 -0.00137434 -0.00105555 -0.000825384 -0.000660747 -0.000555501 -0.000471797 -0.000395387 -0.00037617 -0.000355498 -0.0003356 -0.000336359 -0.000333533 -0.000314889 -0.000316016 -0.00032663 -0.000315253 -0.000319881 -0.000317921 -0.000305325 -0.000304623 -0.000303889 -0.0003048 -0.000304872 -0.000304097 -0.000304048 -0.000297791 -0.000297883 -0.000303937 -0.000297117 -0.000303612 -0.000304317 -0.000290218 -0.000298441 -0.000288684 -0.000284295 -0.000297204 -0.000287218 -0.000296326 -0.000299354 -0.000289611 -0.000297301 -0.000288178 -0.000286557 -0.000289599 -0.000282814 -0.000290867 -0.000289128 
0 1.80797e-06 -2.74044e-06 5.34613e-06 6.16868e-06 8.59441e-06 1.41775e-05 1.20588e-05 1.76699e-05 1.61588e-05 1.57607e-05 2.03173e-05 1.73234e-05 2.34588e-05 2.53875e-05 2.59342e-05 3.17712e-05 2.97677e-05 3.3061e-05 3.58279e-05 3.63156e-05 4.1018e-05 4.25465e-05 4.25579e-05 4.44626e-05 4.51576e-05 4.52555e-05 5.23736e-05 5.38322e-05 5.69853e-05 6.30047e-05 5.92349e-05 6.5344e-05 6.91173e-05 7.12181e-05 7.99406e-05 8.45136e-05 9.1835e-05 0.000110012 0.000138643 0.00017853 0.000250294 0.000344987 0.000486149 0.000700893 0.000984239 0.00136586 0.00186741 0.00250607 0.00329943 0.00427822 0.00543775 0.0067914 0.00833753 0.0100165 0.0117692 0.0134959 0.0150623 0.0163187 0.0171538 0.0174315 0.0170638 0.0160077 0.0142369 0.0117767 0.00874151 0.00531047 0.00168478 -0.00187252 -0.00514622 -0.0079724 -0.0102315 -0.01181 -0.0126933 -0.0129171 -0.0125734 -0.0118036 -0.0107711 -0.00957892 -0.00830738 -0.00707122 -0.0059592 -0.00499727 -0.00417032 -0.00348403 -0.0029193 -0.00246888 -0.00211446 -0.00183971 -0.00159196 -0.00137585 -0.00120598 -0.00108015 -0.000940387 -0.00079693 -0.000680434 -0.000599113 -0.000494351 -0.000373611 -0.000270944 -0.000200553 -0.000104456 1.44547e-05 0.000122659 0.000201334 0.000307577 0.000443928 0.000581207 0.000698083 0.000849103 0.00104455 0.00127156 0.00151626 0.00182701 0.00222304 0.00272494 0.00333925 0.00408814 0.00496756 0.00599958 0.00717346 0.00841906 0.00962524 0.0107166 0.011601 0.0121253 0.0121382 0.0115326 0.0102513 0.00828438 0.00572127 0.00266668 -0.000734785 -0.00428754 -0.00773172 -0.0108588 -0.0134748 -0.0154456 -0.0167194 -0.0173105 -0.0172462 -0.0166011 -0.015501 -0.0140536 -0.0124029 -0.0106874 -0.00901742 -0.00745581 -0.00607261 -0.00487759 -0.00386414 -0.00303488 -0.00236342 -0.00183102 -0.00142479 -0.00112485 -0.000892996 -0.000735842 -0.000630101 -0.00055416 -0.000509943 -0.000478137 -0.000454968 -0.000442519 -0.000437445 -0.00042841 -0.000427607 -0.00042309 -0.000415307 -0.000417973 -0.000413661 -0.000413914 -0.000415292 -0.000410983 -0.000409326 -0.000407644 -0.000404364 -0.000403792 -0.000404201 -0.000399572 -0.000400237 -0.000396736 -0.000393012 -0.000396238 -0.000392004 -0.000395237 -0.000395993 -0.000392125 -0.000395019 -0.000389277 -0.000388411 -0.000388333 -0.000384587 -0.000388138 -0.000386177 -0.000388088 -0.000390112 -0.000386652 -0.000389233 -0.000385107 
0 -8.66917e-07 9.46054e-06 2.92404e-06 8.59441e-06 1.2819e-05 7.44118e-06 2.13659e-05 1.81448e-05 1.66766e-05 2.89275e-05 1.88689e-05 2.5833e-05 3.33585e-05 2.50159e-05 3.79893e-05 3.79405e-05 3.4217e-05 4.45677e-05 4.20496e-05 4.44337e-05 5.08447e-05 5.35051e-05 5.34363e-05 5.54508e-05 6.18931e-05 5.53291e-05 6.40829e-05 7.34631e-05 6.57339e-05 7.70788e-05 7.93643e-05 7.56326e-05 8.3292e-05 9.37805e-05 9.95641e-05 0.000100629 0.000124683 0.000140409 0.00017082 0.00023773 0.000322014 0.00044387 0.000618467 0.000894768 0.00125718 0.00173241 0.00235941 0.00316142 0.00416811 0.00537517 0.00683061 0.00851576 0.0104294 0.0125054 0.014664 0.0167829 0.0186925 0.0202409 0.0212409 0.0215767 0.0211101 0.0198006 0.0176049 0.014586 0.0108633 0.00664919 0.00221438 -0.00216156 -0.00619571 -0.00970022 -0.0124871 -0.0144768 -0.0156012 -0.0159347 -0.015561 -0.014675 -0.0134253 -0.0119753 -0.010428 -0.00891818 -0.00753487 -0.00632534 -0.0052922 -0.00442219 -0.00371157 -0.00313475 -0.00268723 -0.00231796 -0.00201247 -0.00173976 -0.00153136 -0.00134629 -0.00118091 -0.00100476 -0.000868434 -0.000738521 -0.000617046 -0.000470438 -0.000354116 -0.00023798 -0.000125942 1.85482e-05 0.000140176 0.000266195 0.000393077 0.000560754 0.000718739 0.000891326 0.00107792 0.00132502 0.00160046 0.00193062 0.00232268 0.00283174 0.00346241 0.00424434 0.00517909 0.00628883 0.00757764 0.00901929 0.0105367 0.0120099 0.0133391 0.014376 0.0149743 0.0149349 0.0141513 0.0125243 0.0100935 0.00691008 0.00314121 -0.00105163 -0.00539838 -0.0096321 -0.0134664 -0.016677 -0.0191129 -0.0206923 -0.0214313 -0.0213567 -0.0205898 -0.0192334 -0.0174706 -0.0154445 -0.0133362 -0.01127 -0.00934431 -0.00762285 -0.0061228 -0.00487266 -0.00382759 -0.00298516 -0.00231078 -0.00180689 -0.00142729 -0.00113267 -0.000927325 -0.0007902 -0.000708681 -0.000634747 -0.000595768 -0.00057582 -0.000551851 -0.000543095 -0.000540635 -0.000538561 -0.000523013 -0.000525509 -0.000525392 -0.000513562 -0.00052179 -0.000518502 -0.000511683 -0.000510899 -0.000509183 -0.000505722 -0.000501739 -0.000507986 -0.000499731 -0.00049657 -0.000502934 -0.000489828 -0.000494543 -0.000497786 -0.000487397 -0.000496321 -0.000491789 -0.000485533 -0.000491584 -0.000483973 -0.000484228 -0.00048782 -0.000483379 -0.000485866 -0.000485294 -0.000482806 -0.000483991 -0.00048253 -0.000482862 
0 7.75252e-06 3.84622e-06 1.30716e-05 1.41775e-05 7.44118e-06 2.10215e-05 1.31392e-05 1.28438e-05 3.15072e-05 1.84588e-05 3.47397e-05 4.19205e-05 2.53026e-05 4.86708e-05 3.64161e-05 3.54232e-05 5.65758e-05 4.19581e-05 5.44566e-05 5.85781e-05 5.2873e-05 5.71801e-05 6.49719e-05 7.14566e-05 6.74594e-05 9.10534e-05 7.66436e-05 7.36678e-05 9.29194e-05 7.5606e-05 9.55014e-05 9.93018e-05 0.00010354 0.000103182 0.000105522 0.000136553 0.000140819 0.000182046 0.00022685 0.000288197 0.000381875 0.00055152 0.000800089 0.00108547 0.00152784 0.00211607 0.00288515 0.00384365 0.00503842 0.00650311 0.00823872 0.0102654 0.0125148 0.0149861 0.0175269 0.0200098 0.0222448 0.024047 0.0252119 0.0255731 0.0250252 0.0234469 0.0208617 0.0173023 0.0129442 0.00799637 0.00280549 -0.00233374 -0.00710284 -0.0112441 -0.0145639 -0.0169457 -0.0183491 -0.0187998 -0.0184566 -0.017474 -0.0160589 -0.0143637 -0.0125799 -0.0108048 -0.00916683 -0.00770576 -0.00646533 -0.00540705 -0.00454248 -0.00383896 -0.00328259 -0.00281983 -0.00244223 -0.00212487 -0.00186042 -0.0016251 -0.00141729 -0.00122737 -0.00105305 -0.000887536 -0.000730689 -0.000579486 -0.000431036 -0.000283419 -0.000135974 1.26486e-05 0.000165569 0.000325276 0.000492168 0.000671579 0.000866501 0.00108407 0.00132507 0.0016103 0.00194847 0.00235996 0.00285067 0.00347095 0.00424051 0.00519221 0.00631774 0.00766134 0.00919685 0.0108993 0.0126558 0.0143841 0.0159058 0.0170766 0.0176903 0.0175882 0.016585 0.0146272 0.0117197 0.00795494 0.00348779 -0.00144179 -0.00653796 -0.0115072 -0.0160003 -0.0197797 -0.0226457 -0.0245392 -0.0254064 -0.025352 -0.0244583 -0.0228852 -0.0208169 -0.0184523 -0.0159716 -0.0135159 -0.011248 -0.00918824 -0.00741118 -0.0058877 -0.0046362 -0.00362792 -0.00283371 -0.00220135 -0.00170669 -0.00139334 -0.00114406 -0.000963926 -0.000835389 -0.000768198 -0.000722148 -0.000682748 -0.000679186 -0.000653422 -0.000647469 -0.00063167 -0.000642238 -0.000641649 -0.000620798 -0.000639051 -0.000614742 -0.000609899 -0.000618277 -0.000610941 -0.000609894 -0.000608894 -0.000611235 -0.000591615 -0.000606085 -0.000602895 -0.000589474 -0.000613369 -0.000590399 -0.000590979 -0.00059762 -0.000575047 -0.000589791 -0.000585236 -0.000582087 -0.000593285 -0.000584026 -0.00058648 -0.000584517 -0.000579452 -0.00058022 -0.000577318 -0.000578712 -0.0005781 -0.000580414 
0 -6.539e-06 1.07482e-05 -3.13105e-06 1.20588e-05 2.13659e-05 1.31392e-05 3.41973e-05 2.51768e-05 2.77741e-05 3.73362e-05 2.25091e-05 3.78019e-05 3.86414e-05 3.91597e-05 5.46711e-05 4.9962e-05 5.62571e-05 5.80876e-05 5.96793e-05 6.65704e-05 6.88284e-05 7.857e-05 7.59508e-05 7.54894e-05 8.10149e-05 7.77294e-05 8.49493e-05 0.000102248 0.000101311 0.000103815 0.000117688 0.000106724 0.000115289 0.000139541 0.000139969 0.000149183 0.000177483 0.000201572 0.000251193 0.000355041 0.00047861 0.000659601 0.000924841 0.00131117 0.00184767 0.00252885 0.00341184 0.00455056 0.00597057 0.0076591 0.00968279 0.0120195 0.0146253 0.017449 0.0203506 0.0231651 0.0256904 0.0277281 0.0290154 0.0294113 0.0287498 0.026937 0.0239613 0.0199175 0.0149603 0.00935201 0.00346493 -0.00238297 -0.00782973 -0.0125883 -0.0164073 -0.0192011 -0.0208754 -0.0215015 -0.021206 -0.0201941 -0.0186317 -0.0167494 -0.014739 -0.0127358 -0.0108439 -0.00914624 -0.00768801 -0.006441 -0.00541645 -0.00457816 -0.00390772 -0.00333885 -0.00289298 -0.00251771 -0.00220474 -0.00190402 -0.00166621 -0.00144667 -0.0012489 -0.0010309 -0.000854812 -0.000681211 -0.000517401 -0.000320475 -0.000154451 1.65018e-05 0.000184418 0.000395432 0.000587504 0.000795718 0.00101436 0.00129334 0.0015803 0.00191902 0.00231425 0.00282153 0.00341457 0.00415804 0.00507105 0.00619724 0.0075242 0.00909436 0.0108778 0.0128117 0.0148002 0.0167327 0.0184304 0.0196715 0.0202823 0.020055 0.0188345 0.0165161 0.0131595 0.00881803 0.003705 -0.00192156 -0.00770889 -0.0133511 -0.0184622 -0.022759 -0.0260506 -0.0282229 -0.0292469 -0.0291961 -0.0282167 -0.0264353 -0.0241007 -0.0214123 -0.0185812 -0.0157751 -0.0131551 -0.0107727 -0.00869052 -0.00694553 -0.00547684 -0.00427711 -0.003332 -0.00261614 -0.00205973 -0.00164571 -0.00133931 -0.00113928 -0.00101839 -0.000911043 -0.000846249 -0.000813521 -0.000779183 -0.000759554 -0.000766665 -0.000750255 -0.000732288 -0.000736853 -0.000725577 -0.00072284 -0.000731425 -0.000727297 -0.00072013 -0.000718911 -0.000711609 -0.000708927 -0.000709227 -0.000706966 -0.000706319 -0.000695504 -0.000696916 -0.000689781 -0.000684703 -0.000697674 -0.000686953 -0.000694655 -0.000696736 -0.000680818 -0.000690096 -0.000677742 -0.000674591 -0.0006826 -0.00067169 -0.000682518 -0.000681474 -0.000677467 -0.000685916 -0.000674556 -0.00067714 
0 3.489e-06 1.68381e-05 1.06769e-05 1.76699e-05 1.81448e-05 1.28438e-05 2.51768e-05 2.29963e-05 3.13583e-05 3.94783e-05 3.83327e-05 5.08178e-05 4.68737e-05 5.02018e-05 5.61208e-05 5.21395e-05 6.39775e-05 6.48941e-05 6.86094e-05 7.62631e-05 7.401e-05 8.09562e-05 8.68043e-05 9.14067e-05 0.000100021 0.000106136 0.000104088 0.00010933 0.00011153 0.000111157 0.000127382 0.000128042 0.000135086 0.000147336 0.000151422 0.000175706 0.000208614 0.000249397 0.000314874 0.000418137 0.000559655 0.000790583 0.00111668 0.00154711 0.00215344 0.00295171 0.00398194 0.00528646 0.00689959 0.00883762 0.0111444 0.0137946 0.0167283 0.0198941 0.0231299 0.0262485 0.0290372 0.0312672 0.0326694 0.0330696 0.0323013 0.0302481 0.0269201 0.0224177 0.0169219 0.010717 0.00419681 -0.00229423 -0.00837335 -0.0137027 -0.0180203 -0.0212099 -0.0231893 -0.0240118 -0.0238256 -0.0228152 -0.0211686 -0.019131 -0.0169352 -0.0147181 -0.0125961 -0.0106644 -0.00898642 -0.00754493 -0.0063519 -0.0053723 -0.00457158 -0.00389666 -0.00336717 -0.00293472 -0.00255772 -0.00220227 -0.00191927 -0.00167678 -0.00144057 -0.00118606 -0.000975788 -0.000788854 -0.000594216 -0.000365537 -0.000166569 1.70978e-05 0.000215592 0.000461013 0.000691828 0.000920373 0.00117783 0.00150516 0.00185191 0.0022402 0.00270693 0.00330593 0.00401657 0.00488668 0.00595202 0.00725532 0.00878872 0.0105836 0.0125959 0.0147484 0.0169345 0.0190427 0.020858 0.0221396 0.0226879 0.0223119 0.0208357 0.0181698 0.0143587 0.00948378 0.00376361 -0.00249227 -0.0089115 -0.0151558 -0.020822 -0.0256001 -0.0292752 -0.0317225 -0.0328916 -0.0328727 -0.0318105 -0.0298649 -0.0272896 -0.0243179 -0.0211659 -0.0180253 -0.0150793 -0.0123904 -0.0100271 -0.00802047 -0.00634312 -0.00497782 -0.00389409 -0.00304395 -0.00238794 -0.00192367 -0.00157537 -0.00132385 -0.00115989 -0.00104417 -0.000971211 -0.000930898 -0.000900991 -0.000874111 -0.00086806 -0.000853902 -0.0008494 -0.000852652 -0.000839794 -0.000837077 -0.000829993 -0.000821058 -0.00082012 -0.000818796 -0.000813297 -0.000812605 -0.000808446 -0.000800594 -0.00080512 -0.000798812 -0.000800516 -0.000802832 -0.000792413 -0.000795841 -0.000785974 -0.00078164 -0.000784729 -0.00077708 -0.000784036 -0.000782124 -0.000781045 -0.000785146 -0.000776586 -0.00077833 -0.000774136 -0.00076952 -0.000774336 -0.000770129 -0.000775022 
0 5.7186e-06 8.02008e-07 1.26985e-05 1.61588e-05 1.66766e-05 3.15072e-05 2.77741e-05 3.13583e-05 4.05183e-05 3.26556e-05 4.63425e-05 5.01952e-05 4.57086e-05 6.34994e-05 5.98072e-05 6.28201e-05 7.61372e-05 7.15549e-05 7.91767e-05 8.64488e-05 8.7682e-05 9.03392e-05 9.92362e-05 0.000102484 0.000100426 0.000118457 0.000115504 0.000118551 0.000135391 0.00013024 0.000141388 0.000148612 0.000158152 0.00016546 0.000176044 0.000208656 0.000230152 0.000284367 0.000368284 0.000484699 0.000656091 0.0009218 0.0013062 0.00180032 0.00249662 0.00341092 0.00458429 0.00606064 0.00787351 0.0100665 0.0126392 0.015591 0.0188375 0.0223195 0.0258535 0.0292397 0.0322554 0.034636 0.036131 0.0365122 0.0356323 0.0333483 0.0297005 0.0247807 0.0188092 0.0120839 0.00500156 -0.00205847 -0.00870847 -0.0145607 -0.0193606 -0.0229357 -0.0252408 -0.026292 -0.0262638 -0.0252995 -0.0236273 -0.0214827 -0.0191384 -0.0167329 -0.0144041 -0.0122505 -0.0103518 -0.00871464 -0.00734521 -0.00621674 -0.0052737 -0.00449207 -0.00386739 -0.00337121 -0.00292177 -0.00251886 -0.00218267 -0.00191386 -0.00163286 -0.00135259 -0.00110215 -0.000899534 -0.000667311 -0.000418107 -0.000181074 1.76744e-05 0.000254709 0.000524271 0.000798981 0.00105116 0.00135734 0.00172631 0.00214052 0.0025847 0.00313608 0.00382787 0.00466908 0.00567468 0.00690329 0.00838724 0.0101337 0.0121471 0.0143719 0.0167223 0.0190775 0.0213191 0.0231978 0.0244755 0.0249122 0.02435 0.0225895 0.0195771 0.0153163 0.00994305 0.00366457 -0.00315528 -0.0101448 -0.0169198 -0.0230814 -0.0282988 -0.0323251 -0.0350334 -0.0363485 -0.03638 -0.0352516 -0.0331784 -0.030392 -0.0271676 -0.0237242 -0.0202754 -0.017013 -0.0140208 -0.011389 -0.00912247 -0.00723602 -0.00569053 -0.00446548 -0.00349474 -0.0027456 -0.00221429 -0.00181138 -0.00152319 -0.00132345 -0.00120113 -0.0011106 -0.00104844 -0.0010215 -0.000990585 -0.000976134 -0.00096066 -0.000959565 -0.000950201 -0.000936611 -0.000945699 -0.000930357 -0.000926968 -0.000930585 -0.000920824 -0.000917277 -0.000916087 -0.000913554 -0.000902553 -0.000908095 -0.000902466 -0.000891055 -0.000901959 -0.000888363 -0.000886843 -0.00089473 -0.000880548 -0.000887374 -0.000886461 -0.000877265 -0.000882723 -0.000875511 -0.000873113 -0.00087629 -0.000871716 -0.000874341 -0.000874879 -0.000871594 -0.000873299 -0.000870821 
0 -1.83864e-06 1.55457e-05 7.08616e-06 1.57607e-05 2.89275e-05 1.84588e-05 3.73362e-05 3.94783e-05 3.26556e-05 5.60501e-05 4.38857e-05 4.74009e-05 6.71491e-05 5.34425e-05 7.22263e-05 7.90734e-05 7.12981e-05 8.79144e-05 8.63561e-05 9.07328e-05 9.881e-05 0.000108633 0.000108774 0.000110239 0.000126751 0.000111835 0.000130056 0.000144206 0.000136474 0.000157336 0.00015593 0.000163281 0.000166596 0.00019144 0.000213101 0.000220521 0.0002771 0.000324428 0.000416019 0.000562415 0.000783433 0.0010759 0.00147804 0.00208777 0.00287217 0.00390131 0.00520147 0.00686186 0.00889652 0.0113198 0.014167 0.0173903 0.0209607 0.0247129 0.0285228 0.032139 0.0353413 0.0378445 0.0393882 0.0397497 0.0387269 0.036248 0.0322877 0.0270139 0.0206142 0.0134526 0.00587703 -0.00167856 -0.0088261 -0.0151658 -0.0204093 -0.0243827 -0.0270093 -0.0283476 -0.0284979 -0.0276538 -0.0259933 -0.0238173 -0.0213445 -0.0187974 -0.0162723 -0.0139227 -0.0117969 -0.0099683 -0.00841073 -0.0071222 -0.00602876 -0.00513206 -0.00440661 -0.00382578 -0.00330736 -0.00284928 -0.00246613 -0.0021484 -0.00183346 -0.00151967 -0.00124183 -0.00100016 -0.000743223 -0.000465161 -0.000205159 3.19229e-05 0.000295951 0.00059776 0.000902248 0.00120016 0.00154856 0.00196735 0.0024411 0.00296138 0.0036008 0.00439479 0.00537054 0.00652429 0.00792601 0.00959049 0.0115566 0.0137699 0.0161983 0.0187066 0.0212147 0.023522 0.0254278 0.0266282 0.0269314 0.0261203 0.0240747 0.0206932 0.0160165 0.0101671 0.00340126 -0.00391833 -0.0114058 -0.0186322 -0.0252329 -0.0308249 -0.0351867 -0.0381143 -0.0396003 -0.0396747 -0.0385241 -0.0363431 -0.033394 -0.0299463 -0.0262402 -0.0225295 -0.0189532 -0.0156849 -0.0127679 -0.0102791 -0.00817242 -0.00643702 -0.00505276 -0.00397517 -0.0031586 -0.0025025 -0.00204952 -0.00173116 -0.00151347 -0.00134684 -0.00124112 -0.00118587 -0.00112253 -0.00110869 -0.00109084 -0.0010783 -0.00105838 -0.00105104 -0.00105621 -0.00103229 -0.0010476 -0.0010398 -0.00102412 -0.00102841 -0.00101909 -0.00101578 -0.00101036 -0.00101752 -0.00100219 -0.000998735 -0.00100625 -0.000981825 -0.000996651 -0.000994328 -0.000979729 -0.000998327 -0.00098088 -0.000977819 -0.000986055 -0.000969011 -0.000976562 -0.00097635 -0.000967907 -0.000976578 -0.000970949 -0.000969052 -0.000973929 -0.000966518 -0.000968862 
0 1.36946e-05 5.10534e-06 2.57973e-05 2.03173e-05 1.88689e-05 3.47397e-05 2.25091e-05 3.83327e-05 4.63425e-05 4.38857e-05 6.37119e-05 6.04781e-05 6.8332e-05 7.35831e-05 6.97271e-05 8.07544e-05 8.07055e-05 9.34665e-05 9.70843e-05 0.000101188 0.000112691 0.000104877 0.000120958 0.00012914 0.000130546 0.000148771 0.000149525 0.000145215 0.000154177 0.000163954 0.000162996 0.000186369 0.000200327 0.000196473 0.000225969 0.000259028 0.000304099 0.000383818 0.000497359 0.000649599 0.000883287 0.00123705 0.00173138 0.00238847 0.00324834 0.00440441 0.00588378 0.00770832 0.0099344 0.0126106 0.0157176 0.0192247 0.0230628 0.0270833 0.0311223 0.034943 0.038286 0.040869 0.0424441 0.0427443 0.0415955 0.038908 0.0346925 0.0290881 0.0223469 0.0148058 0.00682627 -0.0011519 -0.00872683 -0.0154963 -0.0211651 -0.0255132 -0.0284963 -0.030131 -0.0305262 -0.0298297 -0.0282682 -0.0260934 -0.0235609 -0.0208851 -0.0182114 -0.0156659 -0.0133368 -0.0113044 -0.00956042 -0.00809241 -0.00684562 -0.00582538 -0.0049874 -0.00430914 -0.00371283 -0.00320519 -0.00276318 -0.00239417 -0.00203426 -0.00170068 -0.00138373 -0.00110588 -0.000811382 -0.000520529 -0.000226287 4.55969e-05 0.000350153 0.000669678 0.00101354 0.00135728 0.00176164 0.00222273 0.00276371 0.00336887 0.00411004 0.00501246 0.00612666 0.0074449 0.00902234 0.0108802 0.0130487 0.0154642 0.0180563 0.020713 0.0233132 0.0256582 0.027507 0.0286018 0.0287017 0.0276304 0.0252552 0.0215232 0.0164353 0.0101634 0.0029667 -0.00477813 -0.012682 -0.0202978 -0.0272532 -0.0331884 -0.0378244 -0.0409789 -0.0426099 -0.0427688 -0.0416029 -0.03936 -0.0362837 -0.0326517 -0.0287261 -0.0247554 -0.0209151 -0.0173739 -0.014207 -0.011449 -0.00913473 -0.00724228 -0.00570188 -0.0044709 -0.00353981 -0.00284399 -0.00233079 -0.00194454 -0.0016726 -0.00150216 -0.00138772 -0.00130276 -0.0012583 -0.00122658 -0.00118588 -0.00118398 -0.00118143 -0.00116523 -0.00116254 -0.00115587 -0.00113787 -0.00113285 -0.00113743 -0.00112368 -0.00112654 -0.0011215 -0.00110825 -0.00111052 -0.00110228 -0.00110654 -0.00110281 -0.00110131 -0.00110083 -0.00108489 -0.00108982 -0.00107851 -0.00107549 -0.00108441 -0.00107151 -0.00108212 -0.00107902 -0.00107025 -0.00107944 -0.00106562 -0.00106713 -0.0010696 -0.00105946 -0.00107012 -0.00106578 
0 5.39679e-06 -2.99239e-07 1.56074e-05 1.73234e-05 2.5833e-05 4.19205e-05 3.78019e-05 5.08178e-05 5.01952e-05 4.74009e-05 6.04781e-05 5.64258e-05 6.98932e-05 7.69036e-05 8.08581e-05 9.72566e-05 9.23673e-05 0.000103188 0.000107065 0.000107207 0.00012404 0.000123112 0.000132338 0.00013851 0.000136847 0.000146095 0.00015571 0.000164555 0.000177068 0.000189578 0.000187223 0.000201568 0.000212956 0.000225458 0.000263075 0.000289633 0.000340207 0.000426118 0.000549484 0.000742298 0.00102979 0.00141529 0.0019529 0.00270853 0.0036892 0.00496765 0.00658602 0.00859139 0.0110402 0.0139529 0.017304 0.0210677 0.0251668 0.0294165 0.0336514 0.0376283 0.0410714 0.0437 0.0452638 0.0454886 0.0441988 0.0413274 0.0368779 0.0310074 0.0239833 0.0161438 0.00783972 -0.000477165 -0.00840349 -0.015549 -0.0215985 -0.0263198 -0.02966 -0.0316285 -0.0322959 -0.0318133 -0.0303999 -0.0282973 -0.0257462 -0.0229922 -0.0201921 -0.0174805 -0.014958 -0.0127297 -0.01079 -0.00913437 -0.00772812 -0.00657593 -0.00561568 -0.00482405 -0.00414812 -0.00358341 -0.00308289 -0.00264896 -0.00224823 -0.00188859 -0.00153843 -0.00121193 -0.000886112 -0.000576012 -0.000254585 6.46824e-05 0.000404512 0.000748518 0.0011263 0.00152962 0.00198985 0.0025018 0.00310985 0.00381593 0.00466883 0.00569107 0.00694956 0.00844316 0.0102085 0.0122595 0.0146257 0.0172217 0.0199613 0.0227252 0.0253824 0.0277008 0.0294457 0.0303676 0.0302331 0.0288581 0.0261456 0.0220517 0.0165865 0.00993134 0.00237102 -0.00572705 -0.0139709 -0.0219021 -0.0291539 -0.0353697 -0.0402555 -0.0436094 -0.045396 -0.0456456 -0.0445055 -0.0422286 -0.0390636 -0.035283 -0.0311697 -0.0269792 -0.022882 -0.0190769 -0.0156614 -0.0126752 -0.0101402 -0.00804907 -0.00635249 -0.0050135 -0.00398351 -0.00317793 -0.00259468 -0.00218201 -0.0018822 -0.00167399 -0.00153739 -0.00143594 -0.00137501 -0.00134707 -0.00131095 -0.00129711 -0.00128025 -0.00126114 -0.00125959 -0.00125484 -0.00124946 -0.00124685 -0.00124161 -0.00122826 -0.00123004 -0.00122312 -0.00121801 -0.00122234 -0.00120624 -0.00120642 -0.00119713 -0.00118797 -0.0011944 -0.00118507 -0.00119168 -0.00118963 -0.00118349 -0.00118712 -0.00117426 -0.00117433 -0.00117127 -0.0011648 -0.00117128 -0.00116684 -0.00116892 -0.00117103 -0.00116531 -0.00116811 -0.00116348 
0 4.18821e-06 2.1702e-05 1.7948e-05 2.34588e-05 3.33585e-05 2.53026e-05 3.86414e-05 4.68737e-05 4.57086e-05 6.71491e-05 6.8332e-05 6.98932e-05 8.50068e-05 7.79905e-05 8.75575e-05 9.81569e-05 9.50306e-05 0.000109522 0.000117284 0.000119384 0.000128576 0.000138875 0.000140193 0.000149823 0.000165395 0.000160419 0.000174752 0.000181134 0.000180494 0.000196653 0.00020121 0.000221004 0.000227193 0.000251018 0.000287945 0.000314869 0.000393432 0.000492976 0.00063406 0.00084853 0.00117638 0.00161548 0.00221549 0.00306166 0.00414022 0.00554969 0.00732253 0.00951675 0.0121777 0.0153147 0.0189162 0.0229235 0.0272613 0.0317087 0.0361124 0.0402053 0.0437097 0.0463491 0.047862 0.047993 0.0465528 0.0435114 0.0388532 0.0327724 0.0255236 0.0174566 0.00890745 0.000330727 -0.00787484 -0.0153392 -0.0217248 -0.0268121 -0.0305117 -0.0328399 -0.0338112 -0.0336004 -0.0323873 -0.0304205 -0.0279028 -0.0251186 -0.0222207 -0.0193706 -0.0166724 -0.0142538 -0.0121121 -0.0102602 -0.00868806 -0.00739054 -0.00629707 -0.0053777 -0.00461639 -0.00398267 -0.00342106 -0.00291313 -0.00247173 -0.00207722 -0.00169613 -0.00131496 -0.000960961 -0.000623845 -0.000278276 9.40523e-05 0.000465738 0.000842071 0.00125233 0.00172289 0.00223933 0.00281226 0.00349021 0.00430913 0.0052822 0.00643705 0.0078442 0.00952112 0.0114809 0.0137239 0.0162727 0.0190249 0.0218869 0.024716 0.0273814 0.0296119 0.0312 0.0318885 0.0314825 0.0297724 0.0267141 0.0222561 0.01645 0.00946178 0.00160722 -0.00676783 -0.0152683 -0.0234403 -0.0309236 -0.0373566 -0.0424561 -0.0459868 -0.0479302 -0.0482804 -0.0472016 -0.0449223 -0.0417104 -0.037825 -0.0335567 -0.0291786 -0.024857 -0.0208172 -0.017152 -0.0139427 -0.0111964 -0.00891916 -0.00705886 -0.00558112 -0.00444618 -0.00354536 -0.00289616 -0.00242466 -0.00207982 -0.0018346 -0.00168141 -0.00157901 -0.00149385 -0.00146126 -0.00142462 -0.00140593 -0.00139256 -0.00138055 -0.00137973 -0.00135762 -0.00135893 -0.00135108 -0.00133677 -0.00133906 -0.00133171 -0.00132222 -0.00131737 -0.00131799 -0.00130465 -0.00130706 -0.00131058 -0.00129349 -0.00130296 -0.00129465 -0.00128065 -0.00129022 -0.00127476 -0.00127415 -0.00128202 -0.00126902 -0.00127668 -0.00127545 -0.00126451 -0.00127227 -0.00126389 -0.00126032 -0.00126781 -0.00125838 -0.00126358 
0 1.248e-05 1.73123e-06 2.46695e-05 2.53875e-05 2.50159e-05 4.86708e-05 3.91597e-05 5.02018e-05 6.34994e-05 5.34425e-05 7.35831e-05 7.69036e-05 7.79905e-05 9.77134e-05 9.52239e-05 0.000102081 0.000111889 0.000117795 0.000124205 0.000130902 0.000144883 0.000138351 0.000154033 0.000166366 0.000158261 0.000186787 0.00018823 0.000188085 0.00020725 0.000211535 0.000221276 0.000234967 0.000264681 0.000270389 0.000303193 0.000366105 0.000426535 0.000551446 0.000721517 0.00097399 0.00131651 0.00181951 0.00252897 0.00343529 0.00462948 0.00616602 0.00812662 0.0104971 0.0133571 0.0167253 0.0205559 0.024806 0.0293226 0.0339631 0.0384794 0.0426581 0.046175 0.0487874 0.0502209 0.0502233 0.0486498 0.0454262 0.0406188 0.0343588 0.0269715 0.0187296 0.0100345 0.00126927 -0.00713758 -0.0148532 -0.0215348 -0.0269586 -0.0310334 -0.0337158 -0.0350476 -0.0351347 -0.0342011 -0.0324046 -0.0300073 -0.0272195 -0.0242838 -0.0213073 -0.0184776 -0.0158622 -0.0135331 -0.0114709 -0.0097362 -0.00827335 -0.00704138 -0.00598339 -0.00512834 -0.00441353 -0.00378368 -0.00320337 -0.00271285 -0.00228001 -0.00186017 -0.00143262 -0.00104273 -0.000678211 -0.000299194 0.000117685 0.000528092 0.000939026 0.00139211 0.00192733 0.002507 0.00315091 0.00390941 0.00485068 0.00595147 0.00725865 0.00881641 0.0106918 0.0128392 0.0152865 0.0179838 0.0208854 0.0238199 0.0266953 0.0292894 0.0314002 0.0327534 0.0331821 0.0324407 0.0303969 0.0269657 0.0221662 0.0160421 0.00878346 0.000698133 -0.00788501 -0.0165533 -0.0249124 -0.0325474 -0.0391659 -0.0444174 -0.048136 -0.0502124 -0.0506995 -0.0497004 -0.0474603 -0.0442371 -0.0402823 -0.035908 -0.0313427 -0.0268462 -0.0225719 -0.018688 -0.0152316 -0.012282 -0.00982977 -0.00780013 -0.00617561 -0.0049038 -0.00395826 -0.00321747 -0.00267381 -0.00228768 -0.00202641 -0.00184546 -0.00170716 -0.00164437 -0.00157716 -0.0015353 -0.0015207 -0.00150561 -0.00148848 -0.00147362 -0.00147813 -0.00145159 -0.00145157 -0.00145625 -0.00143403 -0.00143973 -0.00143143 -0.00142145 -0.00141783 -0.00141513 -0.00141112 -0.00139991 -0.00140728 -0.00139228 -0.00138605 -0.00139656 -0.00137635 -0.00138476 -0.00138569 -0.00136801 -0.00138215 -0.00137025 -0.00136421 -0.0013758 -0.00135933 -0.00136581 -0.00136827 -0.00135524 -0.00136798 -0.00136037 
0 8.88371e-07 1.74512e-05 1.33356e-05 2.59342e-05 3.79893e-05 3.64161e-05 5.46711e-05 5.61208e-05 5.98072e-05 7.22263e-05 6.97271e-05 8.08581e-05 8.75575e-05 9.52239e-05 0.000104829 0.000112084 0.000126143 0.000122341 0.000136055 0.00014222 0.000141185 0.00016717 0.000163422 0.000172271 0.00018658 0.000181354 0.000195664 0.000210152 0.000222993 0.000229338 0.000248618 0.000255437 0.000264052 0.000307615 0.000342492 0.0004007 0.000485629 0.000615589 0.000805341 0.00108972 0.00151306 0.00206638 0.00281629 0.00382864 0.00516942 0.00685163 0.00893951 0.0115122 0.0145905 0.0181779 0.0222254 0.0266767 0.0313811 0.0361599 0.0407741 0.0449747 0.0484842 0.0510252 0.0523427 0.0522048 0.0504775 0.0471025 0.0421531 0.0357907 0.0282963 0.0199727 0.0111886 0.00232821 -0.00622051 -0.0141144 -0.0210444 -0.0267859 -0.0312181 -0.0342774 -0.0359816 -0.0364313 -0.0358023 -0.0342585 -0.0320182 -0.0293058 -0.026348 -0.0233066 -0.0203494 -0.0175719 -0.0150402 -0.0127875 -0.0108657 -0.00923708 -0.00784397 -0.006652 -0.00568124 -0.00487653 -0.00416563 -0.00351785 -0.00296825 -0.00248855 -0.00202456 -0.00155615 -0.00112739 -0.000727241 -0.000310105 0.000146021 0.000597398 0.00105088 0.00155669 0.00215216 0.00280342 0.00352615 0.00438565 0.00544601 0.00669358 0.00815509 0.00988812 0.0119468 0.0142986 0.0169224 0.0197687 0.0227644 0.0257602 0.0286094 0.0310988 0.0330058 0.0340985 0.0341965 0.0331042 0.0306916 0.0269014 0.0217644 0.0153651 0.0078962 -0.000359216 -0.00906548 -0.0178409 -0.0262947 -0.0340453 -0.040768 -0.0461593 -0.0500243 -0.052253 -0.052874 -0.0519945 -0.0498293 -0.0466204 -0.0426475 -0.0381874 -0.0334985 -0.0288209 -0.0243457 -0.0202429 -0.0165879 -0.0134261 -0.0107503 -0.00857323 -0.00682919 -0.00543505 -0.00435031 -0.0035414 -0.00296255 -0.00252513 -0.00221605 -0.00200052 -0.00186087 -0.00176188 -0.00170132 -0.00167355 -0.00162797 -0.0016072 -0.00159591 -0.00158306 -0.00157424 -0.00157388 -0.00156582 -0.00154494 -0.00155178 -0.00153647 -0.0015306 -0.00153787 -0.00151999 -0.00151988 -0.00150993 -0.00150145 -0.00149921 -0.00149438 -0.00149688 -0.00148784 -0.00149161 -0.00148521 -0.00147602 -0.00148195 -0.00146809 -0.00147016 -0.00147202 -0.00146128 -0.00147042 -0.00146432 -0.00146055 -0.00146768 -0.00145721 -0.00146093 
0 7.02769e-06 2.31154e-05 2.25172e-05 3.17712e-05 3.79405e-05 3.54232e-05 4.9962e-05 5.21395e-05 6.28201e-05 7.90734e-05 8.07544e-05 9.72566e-05 9.81569e-05 0.000102081 0.000112084 0.000110433 0.000127992 0.000129664 0.000143669 0.000159116 0.000154411 0.000175088 0.000173855 0.000183105 0.000203334 0.000204157 0.000219714 0.000223729 0.000228485 0.000237504 0.00025696 0.000275078 0.000298255 0.000335672 0.000364266 0.000441389 0.000544364 0.000694937 0.000928094 0.00123882 0.00168612 0.00231328 0.00316887 0.00427782 0.00571925 0.00754162 0.0098135 0.0125875 0.0158571 0.0196493 0.0239166 0.0285592 0.033412 0.0383024 0.042974 0.0471697 0.0506274 0.0530625 0.054232 0.0539353 0.0520509 0.0485302 0.043476 0.0370498 0.029511 0.0211653 0.0123718 0.00348304 -0.00513258 -0.0131419 -0.0202696 -0.0262971 -0.0310728 -0.0345089 -0.0366142 -0.0374574 -0.037183 -0.0359402 -0.033925 -0.0313368 -0.0284123 -0.0253402 -0.0222921 -0.0193641 -0.0166481 -0.0142055 -0.0120934 -0.0102802 -0.00872108 -0.00738659 -0.00628833 -0.00537374 -0.00457567 -0.00385863 -0.00324374 -0.00270436 -0.00219252 -0.00168639 -0.00121657 -0.000771289 -0.000312058 0.000179868 0.00067338 0.00118054 0.00174632 0.00240285 0.00312871 0.00394725 0.00492038 0.00610819 0.00750635 0.0091399 0.0110549 0.0133002 0.0158427 0.018636 0.0216015 0.0246623 0.0276694 0.0304484 0.0327667 0.0344202 0.0351979 0.0349309 0.033451 0.030662 0.0265163 0.0210664 0.0144326 0.00681173 -0.00154321 -0.010306 -0.0191098 -0.0275956 -0.0353952 -0.0421793 -0.0476655 -0.0516649 -0.0540414 -0.0548123 -0.0540763 -0.0520188 -0.0488678 -0.0449096 -0.0404022 -0.0356097 -0.030797 -0.0261497 -0.0218325 -0.0179636 -0.0146132 -0.0117568 -0.00939905 -0.00748709 -0.00597353 -0.00481108 -0.00391451 -0.00323924 -0.00274983 -0.00241596 -0.00216882 -0.00201412 -0.00190252 -0.00181698 -0.00177945 -0.00174485 -0.0017288 -0.00171546 -0.00170123 -0.00168226 -0.00167497 -0.00166839 -0.00165398 -0.00166119 -0.00164148 -0.00163472 -0.00163177 -0.00161397 -0.0016227 -0.00161396 -0.00161325 -0.00161189 -0.00159986 -0.00159999 -0.00158587 -0.00158462 -0.00158148 -0.00157499 -0.00158083 -0.00157344 -0.00157375 -0.00157249 -0.00156514 -0.00156702 -0.00156259 -0.00156079 -0.00156248 -0.00155906 -0.00155987 
0 1.06499e-05 3.78412e-06 2.41163e-05 2.97677e-05 3.4217e-05 5.65758e-05 5.62571e-05 6.39775e-05 7.61372e-05 7.12981e-05 8.07055e-05 9.23673e-05 9.50306e-05 0.000111889 0.000126143 0.000127992 0.000140368 0.000148263 0.000148539 0.000161601 0.000170462 0.000174999 0.000190959 0.000198993 0.000202926 0.00021687 0.000226678 0.000239831 0.000252402 0.000270115 0.000283938 0.000288635 0.000327865 0.000355729 0.000399284 0.000495256 0.000599749 0.000766318 0.00102678 0.00139632 0.00189275 0.0025948 0.00353356 0.0047438 0.00632716 0.00829702 0.0107473 0.0137002 0.0171743 0.0211703 0.0256315 0.0304365 0.0354059 0.0403838 0.0450655 0.0492257 0.0525863 0.0548859 0.0558794 0.0554075 0.0533634 0.0497086 0.0445869 0.038133 0.0306138 0.0223052 0.0135787 0.00472619 -0.00388008 -0.0119448 -0.0192164 -0.0254902 -0.0305869 -0.0343955 -0.0369224 -0.0381832 -0.0383097 -0.0374135 -0.0356886 -0.0332769 -0.0304491 -0.0273865 -0.0242878 -0.0212283 -0.0183551 -0.0157277 -0.0134258 -0.0114125 -0.00968498 -0.00819861 -0.00696225 -0.0059184 -0.00502664 -0.00423525 -0.00354943 -0.00293846 -0.00237511 -0.00183077 -0.00131782 -0.000818986 -0.000314487 0.00021346 0.000751245 0.00132292 0.00195525 0.0026775 0.00348281 0.00441495 0.00551436 0.00684076 0.00839317 0.0102157 0.0123186 0.0147531 0.017467 0.0204176 0.0234709 0.0265662 0.0295291 0.0321909 0.034276 0.0356304 0.0360436 0.0353846 0.0334901 0.0303216 0.0258321 0.0201021 0.0132779 0.00555921 -0.00282585 -0.0115836 -0.0203448 -0.028806 -0.0365918 -0.0434029 -0.0489461 -0.0530683 -0.0555913 -0.0565301 -0.0559621 -0.0540419 -0.0509884 -0.0470718 -0.0425635 -0.0376903 -0.0327648 -0.0279576 -0.023458 -0.0193852 -0.0158271 -0.0127842 -0.0102519 -0.00819897 -0.00654145 -0.00527518 -0.00428872 -0.00354556 -0.00301517 -0.0026341 -0.00235049 -0.00216196 -0.00205449 -0.00195402 -0.00190334 -0.00187043 -0.00183173 -0.0018158 -0.00180105 -0.001794 -0.00178097 -0.00177289 -0.00176787 -0.00175329 -0.00174978 -0.00174839 -0.00173886 -0.00173297 -0.00172992 -0.00171529 -0.00170726 -0.00170716 -0.00169359 -0.00169496 -0.00169942 -0.00168467 -0.00169059 -0.00168703 -0.00166987 -0.00168173 -0.00166986 -0.00166308 -0.00167745 -0.00165746 -0.00166488 -0.00166854 -0.00164987 -0.00166864 -0.00165783 
