0 0 0 0 0 0 0 0 0 0 0 0 0 0 0 0 0 0 0 0 0 0 0 0 0 0 0 0 0 0 0 0 0 0 0 0 0 0 0 0 0 0 0 0 0 0 0 0 0 0 0 0 0 0 0 0 0 0 0 0 0 0 0 0 0 0 0 0 0 0 0 0 0 0 0 0 0 0 0 0 0 0 0 0 0 0 0 0 0 0 0 0 0 0 0 0 0 0 0 0 0 0 0 0 0 0 0 0 0 0 0 0 0 0 0 0 0 0 0 0 0 0 0 0 0 0 0 0 0 0 0 0 0 0 0 0 0 0 0 0 0 0 0 0 0 0 0 0 0 0 0 0 0 0 0 0 0 0 0 0 0 0 0 0 0 0 0 0 0 0 0 0 0 0 0 0 0 0 0 0 0 0 0 0 0 0 0 0 0 0 0 0 0 0 0 0 0 0 0 0 
0 1.8001e-06 -2.26985e-06 -2.33104e-06 2.28695e-06 -4.47388e-08 4.82469e-06 8.68247e-06 2.82416e-06 7.61069e-06 4.88575e-06 -7.35093e-07 6.81549e-06 4.1306e-06 3.79588e-06 1.21353e-05 7.18004e-06 5.29823e-06 1.30451e-05 6.03718e-06 8.46407e-06 1.91538e-05 8.0727e-06 1.3258e-05 1.35534e-05 3.26829e-06 1.17692e-05 1.08064e-05 1.78831e-05 1.56157e-05 1.68319e-05 2.13448e-05 7.1038e-06 2.30117e-05 2.49434e-05 1.90081e-05 2.05796e-05 2.22284e-05 1.92076e-05 1.57895e-05 4.5803e-05 3.80071e-05 4.12301e-05 6.73251e-05 9.96755e-05 0.000147782 0.000191771 0.000276543 0.000380558 0.000530417 0.000691957 0.000908777 0.00118054 0.00148395 0.00185419 0.00225907 0.00270925 0.00315344 0.00360528 0.00398039 0.00427382 0.0044471 0.00446242 0.0043073 0.00396691 0.00345386 0.00274208 0.00191852 0.000993012 5.73004e-05 -0.000852209 -0.00164333 -0.00232355 -0.0028376 -0.0031682 -0.00331064 -0.00329432 -0.00314684 -0.00289754 -0.00261161 -0.00228563 -0.00195703 -0.00163286 -0.00137797 -0.00114524 -0.000956026 -0.000780378 -0.000665216 -0.000557381 -0.000485141 -0.000408183 -0.000360818 -0.000300964 -0.000269585 -0.000228987 -0.000202614 -0.000155188 -0.000133525 -0.000104457 -8.47676e-05 -4.0327e-05 -1.891e-05 9.80076e-06 2.90938e-05 7.49418e-05 0.000101386 0.000140163 0.000168132 0.000223609 0.000266192 0.000336193 0.00040023 0.000496621 0.000595651 0.000752635 0.000923715 0.00113701 0.00136776 0.00167128 0.00198821 0.00231422 0.00260684 0.00287938 0.00306507 0.0031384 0.00306305 0.00281298 0.0023761 0.00176948 0.00104036 0.000182252 -0.00072605 -0.001646 -0.00248555 -0.00323459 -0.0037976 -0.00419616 -0.0044079 -0.00445427 -0.00433088 -0.00408433 -0.00374257 -0.00331679 -0.00288332 -0.00243747 -0.00202916 -0.00164863 -0.00134012 -0.00105523 -0.000827054 -0.000652385 -0.000504043 -0.000393289 -0.000295679 -0.000243533 -0.000200394 -0.000179251 -0.000138048 -0.000125251 -0.000138469 -0.000120905 -0.000117346 -0.000112869 -0.000114384 -0.000102875 -0.000111862 -0.000116192 -0.00010147 -0.000107396 -0.000100917 -0.000106335 -0.000104996 -0.000108328 -0.000113804 -9.89062e-05 -0.000107655 -0.000104726 -9.8074e-05 -0.000108382 -0.000104075 -9.91085e-05 -0.000102287 -9.9515e-05 -9.46371e-05 -0.000103187 -0.00010308 -9.97249e-05 -0.000108794 -0.00010045 -9.73127e-05 -0.00010244 -9.24512e-05 -9.69324e-05 -0.000101551 -9.53942e-05 -0.000103544 -0.000102679 -9.6231e-05 -0.000103579 -9.80589e-05 
0 -2.26985e-06 1.28851e-05 1.41426e-07 9.25892e-06 7.29465e-06 -3.1734e-06 7.9947e-06 -9.54709e-07 8.22632e-06 1.15774e-05 1.06262e-05 2.07801e-05 7.45125e-06 1.89882e-05 1.2058e-05 7.26896e-06 2.78523e-05 7.91521e-06 2.15382e-05 2.45274e-05 5.58724e-06 2.47377e-05 2.16679e-05 2.26536e-05 3.33361e-05 3.73105e-05 2.45028e-05 2.38144e-05 3.66894e-05 1.55512e-05 3.6743e-05 4.35628e-05 2.30876e-05 3.49064e-05 3.32845e-05 4.02709e-05 4.51417e-05 5.71312e-05 6.08657e-05 5.5763e-05 7.5449e-05 0.00011409 0.000158641 0.000184406 0.000270545 0.000405448 0.000554735 0.000762248 0.0010393 0.00138978 0.00182214 0.00235645 0.00297385 0.00370229 0.0045308 0.00540738 0.00631361 0.00719228 0.00795328 0.00852803 0.00887185 0.00890337 0.00858505 0.00791756 0.00687607 0.00548167 0.00382232 0.00200212 0.000122381 -0.00166956 -0.00326346 -0.00460883 -0.0056413 -0.00630218 -0.00659368 -0.00657244 -0.0062786 -0.00580083 -0.00522039 -0.00458793 -0.00391908 -0.00329473 -0.00276265 -0.00231479 -0.00191528 -0.00158516 -0.0013306 -0.00113244 -0.000966558 -0.000830837 -0.000715832 -0.00061392 -0.000532801 -0.000466598 -0.000397055 -0.00031935 -0.000260303 -0.000215032 -0.000160427 -8.82348e-05 -3.07782e-05 1.37803e-05 6.78392e-05 0.000142449 0.000210888 0.000273401 0.000346484 0.000439452 0.000543348 0.000664911 0.000812422 0.000986782 0.001208 0.00150038 0.00186215 0.00226953 0.00275404 0.00333659 0.00398303 0.00461337 0.00521014 0.00573224 0.00610575 0.00623769 0.00608422 0.00557963 0.00470537 0.00350417 0.00203842 0.000346759 -0.00147424 -0.00328217 -0.00497095 -0.00643512 -0.00757516 -0.00835236 -0.00878642 -0.00886993 -0.00863081 -0.00814401 -0.00745597 -0.0066264 -0.00574606 -0.00488187 -0.00405185 -0.00331066 -0.00267415 -0.00212428 -0.00167667 -0.00131098 -0.00101024 -0.000782026 -0.000633826 -0.000494651 -0.000383393 -0.000334597 -0.000302472 -0.000274233 -0.000238826 -0.000229491 -0.000228662 -0.000229318 -0.000222398 -0.00022406 -0.000227436 -0.00020167 -0.000223816 -0.000227669 -0.000210938 -0.000222314 -0.000213032 -0.000202482 -0.000202704 -0.000215259 -0.000202705 -0.00020703 -0.000216701 -0.000192093 -0.0002099 -0.000206046 -0.000200304 -0.000216127 -0.000201574 -0.000206768 -0.000197965 -0.000194846 -0.000199036 -0.000189731 -0.000207802 -0.000198314 -0.000202075 -0.00021171 -0.000189226 -0.000205229 -0.000195217 -0.00018628 -0.000206846 -0.000186881 -0.000200121 
0 -2.33104e-06 1.41426e-07 -1.36889e-06 5.94662e-06 5.69973e-06 9.84385e-06 1.82778e-05 1.02616e-05 1.64518e-05 1.48076e-05 6.94943e-06 1.85763e-05 1.4896e-05 1.69404e-05 2.79147e-05 2.14811e-05 2.32894e-05 2.98215e-05 2.42124e-05 2.94867e-05 3.94225e-05 3.11331e-05 3.63076e-05 3.60465e-05 2.67731e-05 3.69622e-05 3.67463e-05 4.72386e-05 4.77166e-05 4.69346e-05 5.56364e-05 4.08754e-05 5.72384e-05 6.49895e-05 5.78993e-05 6.10476e-05 6.6042e-05 6.53681e-05 6.87081e-05 0.000112384 0.000118658 0.000145714 0.000213062 0.000301395 0.00043596 0.00059832 0.000840877 0.00116012 0.00159022 0.00209914 0.00274958 0.00355088 0.00447544 0.00556868 0.00678563 0.00810556 0.00943978 0.0107489 0.0118676 0.0127264 0.0132273 0.0132688 0.0128009 0.0117941 0.0102536 0.00817609 0.00572813 0.00301393 0.000240161 -0.0024314 -0.00480084 -0.00681248 -0.00834808 -0.00934582 -0.00980064 -0.00978177 -0.00936964 -0.00866899 -0.00782233 -0.00687307 -0.0058984 -0.00496206 -0.00417462 -0.00348421 -0.0028998 -0.00239318 -0.00201815 -0.0017034 -0.00146428 -0.00124795 -0.0010839 -0.000921566 -0.000808122 -0.000696539 -0.000600272 -0.000479471 -0.000398257 -0.000318207 -0.000242904 -0.000131932 -5.31334e-05 2.57853e-05 0.000100837 0.000217088 0.000311821 0.000417762 0.000520417 0.000669255 0.000817794 0.00101311 0.00122531 0.00150404 0.0018314 0.00228332 0.00281179 0.00344226 0.0041622 0.00504088 0.00598353 0.00693253 0.00780611 0.00857765 0.00910806 0.009295 0.00904295 0.00827736 0.00697163 0.00517497 0.00298977 0.000463623 -0.00222871 -0.00492772 -0.00742403 -0.00960852 -0.0112954 -0.0124703 -0.0131094 -0.0132429 -0.0128946 -0.0121699 -0.0111535 -0.00991827 -0.00862053 -0.00731412 -0.00608968 -0.00497269 -0.00402584 -0.0031921 -0.00251032 -0.00197092 -0.00152802 -0.00118694 -0.000918761 -0.000739529 -0.000604309 -0.000522202 -0.000434456 -0.000393899 -0.000392258 -0.000361844 -0.000349805 -0.000341613 -0.000337582 -0.000323042 -0.000334202 -0.000333329 -0.000317653 -0.000322915 -0.000312226 -0.000319318 -0.000317872 -0.000320234 -0.000325233 -0.000309642 -0.000315543 -0.000312635 -0.000305982 -0.000313757 -0.000311304 -0.000302888 -0.000305184 -0.000302576 -0.000294556 -0.000306391 -0.000304557 -0.000301949 -0.000312365 -0.000300114 -0.000298912 -0.000300855 -0.000289853 -0.000296181 -0.000297764 -0.00029471 -0.000301892 -0.000301043 -0.000297832 -0.00030021 -0.000296076 
0 2.28695e-06 9.25892e-06 5.94662e-06 8.19126e-06 9.02574e-06 8.21011e-06 1.29774e-05 1.15923e-05 1.70953e-05 2.04213e-05 2.03115e-05 2.66419e-05 2.42642e-05 2.64592e-05 2.95972e-05 2.8033e-05 3.36548e-05 3.47723e-05 3.58116e-05 3.91358e-05 3.95806e-05 4.14691e-05 4.63433e-05 4.92504e-05 5.16974e-05 5.69966e-05 5.39133e-05 5.69603e-05 5.96912e-05 5.8069e-05 6.7466e-05 6.65595e-05 6.85035e-05 7.37641e-05 7.43306e-05 8.1524e-05 9.0867e-05 9.94131e-05 0.000109314 0.000134154 0.00016244 0.000216261 0.00029873 0.000405804 0.000576542 0.000814763 0.00113638 0.00156323 0.0021227 0.00282006 0.00368972 0.00474874 0.00599004 0.0074355 0.00905316 0.0107885 0.0125581 0.0142616 0.0157384 0.0168609 0.0175081 0.0175556 0.0169314 0.0155994 0.0135542 0.0108374 0.00760967 0.00405278 0.0004009 -0.00310553 -0.00625041 -0.00890451 -0.0109433 -0.012281 -0.0129173 -0.0129251 -0.0124144 -0.0115272 -0.0104191 -0.00918063 -0.00790117 -0.00668277 -0.00561902 -0.00469938 -0.00390964 -0.00324527 -0.00272288 -0.00230401 -0.00196825 -0.00168614 -0.0014518 -0.00124578 -0.00108056 -0.000935604 -0.000795687 -0.00065029 -0.000530882 -0.000426002 -0.000314429 -0.000183427 -6.8939e-05 3.41922e-05 0.000146397 0.000285656 0.000421667 0.000558365 0.000708679 0.000895879 0.00110808 0.00136114 0.00165864 0.00202735 0.00248646 0.00307846 0.00379198 0.00463017 0.00560847 0.00675449 0.00799408 0.00923266 0.0103826 0.0113666 0.0120377 0.0122518 0.0118854 0.010849 0.00911323 0.00674077 0.00383836 0.000518386 -0.00302646 -0.0065633 -0.00985463 -0.0127082 -0.014943 -0.0164924 -0.017343 -0.0175198 -0.0170757 -0.0161273 -0.0147873 -0.0131798 -0.0114629 -0.00974835 -0.00812494 -0.00665437 -0.00538075 -0.00428578 -0.00338015 -0.00264673 -0.00205622 -0.00160012 -0.00125675 -0.000998745 -0.000808001 -0.000687611 -0.000597464 -0.000538963 -0.000503799 -0.000475203 -0.00046199 -0.000455192 -0.000449151 -0.000441705 -0.000441849 -0.000434839 -0.000433832 -0.000436397 -0.000428894 -0.000430152 -0.000424641 -0.000419746 -0.000420436 -0.000417261 -0.000416552 -0.000416169 -0.000413402 -0.000410482 -0.000411726 -0.000408457 -0.000409183 -0.000410746 -0.000405175 -0.000407114 -0.000402507 -0.000398989 -0.000401412 -0.000397052 -0.000400237 -0.000400756 -0.000399028 -0.000401319 -0.000397838 -0.000397767 -0.000395631 -0.000393248 -0.000395101 -0.000393192 -0.000396413 
0 -4.47388e-08 7.29465e-06 5.69973e-06 9.02574e-06 1.55329e-05 1.24991e-05 1.45856e-05 1.92373e-05 1.91291e-05 2.27467e-05 2.88483e-05 2.82806e-05 3.00476e-05 3.69325e-05 3.23577e-05 3.69663e-05 4.59796e-05 3.82064e-05 4.89803e-05 5.23755e-05 4.34419e-05 5.78634e-05 5.59421e-05 5.67364e-05 6.80102e-05 6.72184e-05 6.93802e-05 6.8317e-05 7.79481e-05 7.4479e-05 7.8314e-05 9.44946e-05 8.28161e-05 8.99399e-05 9.72752e-05 0.000102627 0.000109476 0.000124256 0.000148541 0.000155834 0.000208482 0.000281695 0.00038126 0.000521221 0.000730878 0.00104556 0.00144508 0.00198814 0.00267791 0.00356689 0.00465339 0.00596637 0.00752583 0.00931258 0.0113202 0.0134522 0.0156405 0.0177104 0.0195264 0.0208937 0.0216712 0.0217192 0.0209386 0.0192911 0.0167567 0.0134388 0.00946896 0.00511907 0.000633547 -0.00366612 -0.00756343 -0.0108394 -0.0133723 -0.0150566 -0.0158942 -0.0159574 -0.0153803 -0.0143426 -0.012995 -0.0114911 -0.00992579 -0.00844468 -0.00710229 -0.00595364 -0.004954 -0.0041343 -0.00345454 -0.00292857 -0.00248754 -0.00213886 -0.0018284 -0.00158137 -0.00135881 -0.00117914 -0.000992264 -0.000828055 -0.000667053 -0.000535226 -0.000384025 -0.000239312 -8.67721e-05 4.27119e-05 0.000196474 0.000353402 0.000533297 0.000702104 0.000906188 0.00112957 0.00141105 0.00172279 0.00211406 0.00257613 0.00317821 0.00390964 0.00481373 0.00586112 0.00710454 0.00850371 0.0100252 0.0115324 0.0129415 0.0141053 0.0148865 0.0150976 0.0145949 0.0132749 0.0111127 0.00817861 0.00457596 0.000495549 -0.00386289 -0.0081922 -0.0122434 -0.0157283 -0.0184946 -0.0204075 -0.0214697 -0.0216923 -0.0211674 -0.0200109 -0.0183643 -0.0164093 -0.0142888 -0.0121819 -0.0101675 -0.0083539 -0.00674971 -0.00539443 -0.00426262 -0.00333411 -0.0025977 -0.00201899 -0.00159712 -0.00126152 -0.00102519 -0.000859124 -0.000761915 -0.000686796 -0.000621896 -0.000602279 -0.000581809 -0.000571307 -0.000557949 -0.000560175 -0.000550451 -0.000537186 -0.000549317 -0.000539933 -0.000537402 -0.000534939 -0.000531942 -0.000526213 -0.000520827 -0.000530593 -0.000517868 -0.000519135 -0.000523505 -0.000508811 -0.00051485 -0.000514252 -0.000507846 -0.000511518 -0.000509612 -0.000504371 -0.000503052 -0.000504317 -0.000498128 -0.00050055 -0.000504084 -0.000495826 -0.000502365 -0.000499779 -0.000491309 -0.000501088 -0.000493221 -0.000491943 -0.000501234 -0.000489553 -0.000495478 
0 4.82469e-06 -3.1734e-06 9.84385e-06 8.21011e-06 1.24991e-05 2.1329e-05 1.95207e-05 2.98663e-05 2.4433e-05 2.87306e-05 2.95905e-05 2.54903e-05 4.28145e-05 3.27622e-05 4.64139e-05 5.42506e-05 3.75933e-05 6.26228e-05 5.16372e-05 5.28012e-05 7.56579e-05 6.14311e-05 7.02072e-05 7.34483e-05 6.90838e-05 6.88386e-05 8.42493e-05 9.19552e-05 8.27501e-05 0.000108256 9.49639e-05 9.19415e-05 0.000115359 0.000112883 0.000122597 0.00012232 0.000135342 0.000140144 0.000161582 0.000214341 0.000263605 0.000332647 0.000448086 0.000660525 0.000919508 0.00126889 0.00177045 0.0024278 0.00327399 0.00432978 0.00563987 0.00721154 0.00907985 0.0112112 0.0135748 0.0161082 0.0186684 0.0210984 0.0232099 0.0248109 0.0256957 0.0257345 0.0248036 0.0228376 0.0198547 0.0159534 0.0113126 0.00620279 0.00096085 -0.0041065 -0.00870469 -0.0125939 -0.0156012 -0.017645 -0.0187039 -0.0188541 -0.0182572 -0.0170981 -0.0155557 -0.0137989 -0.0119902 -0.0102437 -0.00864847 -0.00724772 -0.00605749 -0.00505604 -0.00423511 -0.00357237 -0.00304052 -0.00259789 -0.00222898 -0.00191887 -0.00165507 -0.00141735 -0.00120125 -0.00100169 -0.000815691 -0.000635758 -0.00046125 -0.000287994 -0.000114468 6.21652e-05 0.000241909 0.000432788 0.000638425 0.000861585 0.00110408 0.00138508 0.00171791 0.00211423 0.00258483 0.00316953 0.00389894 0.0047969 0.00587294 0.0071552 0.00864087 0.010302 0.0120653 0.0138344 0.0154593 0.0167803 0.0176232 0.0178019 0.0171349 0.015517 0.0129374 0.00944763 0.00518609 0.000366655 -0.00473547 -0.00982631 -0.014566 -0.018665 -0.0219161 -0.0241965 -0.0254553 -0.0257366 -0.0251442 -0.0237937 -0.021876 -0.0195823 -0.0171036 -0.0145981 -0.0122266 -0.0100623 -0.00815003 -0.0065217 -0.00515402 -0.00404579 -0.003161 -0.0024678 -0.00191685 -0.00153551 -0.00127019 -0.00105457 -0.000907169 -0.000817105 -0.000777435 -0.000731167 -0.000702108 -0.000683928 -0.000673627 -0.000664705 -0.000654878 -0.000671538 -0.000643766 -0.000637719 -0.000648134 -0.000632251 -0.000638403 -0.000641953 -0.000638177 -0.000622231 -0.000631453 -0.0006249 -0.000611357 -0.000633793 -0.000612116 -0.000612356 -0.0006178 -0.000597633 -0.000610538 -0.000604731 -0.000607382 -0.000610714 -0.000603964 -0.00060911 -0.000594225 -0.000599757 -0.000596061 -0.000588094 -0.000604337 -0.000589802 -0.00059784 -0.000603825 -0.000586334 -0.000603523 -0.000591604 
0 8.68247e-06 7.9947e-06 1.82778e-05 1.29774e-05 1.45856e-05 1.95207e-05 1.36227e-05 2.67507e-05 2.63663e-05 3.11107e-05 4.67491e-05 3.87712e-05 4.74324e-05 5.04744e-05 4.26521e-05 5.52194e-05 5.68541e-05 5.80021e-05 6.83505e-05 6.78674e-05 6.63964e-05 7.53358e-05 7.8524e-05 8.4933e-05 9.70827e-05 9.73038e-05 0.000101095 9.53598e-05 0.000101639 0.000108521 0.000105802 0.00012918 0.000122287 0.000118732 0.000137371 0.000146038 0.000157402 0.000184424 0.000216935 0.00023114 0.000311033 0.000422791 0.000566057 0.000782672 0.0010821 0.00153016 0.00211746 0.00288648 0.00386178 0.00512181 0.00665146 0.00848012 0.0106541 0.0131141 0.0158442 0.0187337 0.0216622 0.0244026 0.0267994 0.0285915 0.0295728 0.0295888 0.0284989 0.0262376 0.0228163 0.018391 0.0131113 0.00732816 0.00136633 -0.00439542 -0.00967131 -0.0141324 -0.0176173 -0.02002 -0.0213259 -0.0216037 -0.0210262 -0.0197977 -0.0180874 -0.0161282 -0.0140846 -0.0121097 -0.0102498 -0.00862045 -0.00721159 -0.00604471 -0.00505298 -0.00426807 -0.00361286 -0.00309062 -0.00263727 -0.00228105 -0.00195099 -0.00167117 -0.00140513 -0.00118796 -0.000957096 -0.000745033 -0.000528499 -0.000344163 -0.000131591 7.60397e-05 0.000301264 0.000508314 0.000758693 0.00101942 0.00132384 0.00164501 0.00205251 0.00251722 0.00309761 0.00378964 0.00467442 0.0057214 0.00699804 0.00849276 0.0102359 0.0121238 0.0141263 0.0161079 0.0179277 0.0193534 0.0202232 0.0203229 0.0194659 0.0175414 0.0145398 0.0105253 0.00562629 0.000134484 -0.0056757 -0.0114412 -0.0168342 -0.0214798 -0.0252023 -0.0278144 -0.0292779 -0.0296187 -0.028971 -0.0274597 -0.0252859 -0.0226994 -0.0198681 -0.0170176 -0.0142845 -0.0117948 -0.00956637 -0.00768292 -0.00609634 -0.0047809 -0.00374064 -0.0029274 -0.00230949 -0.00182817 -0.00148799 -0.00123799 -0.00109535 -0.000980122 -0.000881371 -0.000846878 -0.000820059 -0.000799048 -0.000786512 -0.000788007 -0.000763862 -0.000760008 -0.000769549 -0.00075752 -0.00076178 -0.000750688 -0.000743687 -0.000736713 -0.000730361 -0.000736992 -0.000729788 -0.000727296 -0.000727248 -0.000718278 -0.000715315 -0.000722234 -0.000716567 -0.000716469 -0.000721546 -0.000704866 -0.00070597 -0.00070363 -0.000692095 -0.00070345 -0.000700384 -0.000699301 -0.000706658 -0.000699075 -0.0006985 -0.00069716 -0.000690773 -0.000690867 -0.000691015 -0.000690829 -0.000693383 
0 2.82416e-06 -9.54709e-07 1.02616e-05 1.15923e-05 1.92373e-05 2.98663e-05 2.67507e-05 3.5324e-05 3.39448e-05 3.46421e-05 4.22184e-05 3.82013e-05 4.97596e-05 5.41177e-05 5.60942e-05 6.73866e-05 6.45341e-05 7.04015e-05 7.59272e-05 7.70789e-05 8.58381e-05 8.95653e-05 9.07788e-05 9.46117e-05 9.71789e-05 9.85333e-05 0.000111549 0.00011568 0.000121987 0.000133265 0.000126677 0.000138592 0.000145074 0.000148416 0.000163748 0.000168291 0.0001778 0.000200183 0.00023772 0.000284419 0.000372142 0.000486384 0.000657718 0.000933843 0.00129648 0.00180153 0.0024832 0.00337626 0.00451206 0.005949 0.00769757 0.00978701 0.0122543 0.0150368 0.0180985 0.0213324 0.0245788 0.027614 0.0302449 0.032206 0.0332592 0.0332407 0.0319941 0.0294476 0.0256351 0.0207169 0.0148804 0.00847997 0.00188489 -0.00452563 -0.0104107 -0.0154242 -0.0193663 -0.0221384 -0.0237108 -0.0241582 -0.0236513 -0.0223946 -0.0205733 -0.0184442 -0.0162085 -0.0140112 -0.0119188 -0.0100509 -0.00843673 -0.00708006 -0.00593105 -0.00499859 -0.00422843 -0.0036015 -0.00307682 -0.00265216 -0.00226857 -0.0019284 -0.00162704 -0.00137324 -0.00111178 -0.000852782 -0.000608754 -0.000395112 -0.000157659 9.57544e-05 0.00035245 0.000594821 0.000875955 0.00119226 0.00154662 0.00193064 0.00240019 0.00295809 0.00364124 0.00446801 0.00549621 0.00671884 0.00818682 0.00991086 0.0118844 0.0140007 0.0162058 0.0183769 0.0203375 0.0218334 0.022678 0.0226573 0.0215819 0.0193367 0.0159211 0.0113928 0.00591117 -0.000215481 -0.0066578 -0.0130489 -0.0190159 -0.024181 -0.0283264 -0.0312628 -0.0329226 -0.0333388 -0.0326526 -0.0310031 -0.0286172 -0.0257536 -0.0226153 -0.0194247 -0.0163598 -0.0135441 -0.0110196 -0.00886246 -0.00704403 -0.00554447 -0.00434746 -0.00340296 -0.00267228 -0.00213083 -0.00174597 -0.00144822 -0.00125632 -0.00112718 -0.00103671 -0.000986242 -0.000947283 -0.000917367 -0.000900046 -0.000895564 -0.000879736 -0.000879037 -0.000870631 -0.000855925 -0.000859633 -0.000851057 -0.00085141 -0.000852159 -0.000844545 -0.000841129 -0.000837473 -0.000831876 -0.000830581 -0.000830871 -0.000821907 -0.000822467 -0.000815522 -0.000808049 -0.000813585 -0.000806034 -0.000810555 -0.00081259 -0.00080523 -0.000809073 -0.000801066 -0.000797852 -0.000797462 -0.000791598 -0.00079573 -0.000794639 -0.000795904 -0.000798503 -0.000794891 -0.000795674 -0.000791503 
0 7.61069e-06 8.22632e-06 1.64518e-05 1.70953e-05 1.91291e-05 2.4433e-05 2.63663e-05 3.39448e-05 3.84609e-05 4.56751e-05 4.69972e-05 5.04376e-05 6.09258e-05 5.48719e-05 6.66464e-05 7.29276e-05 6.56589e-05 8.55367e-05 8.15814e-05 8.27084e-05 0.000101029 9.43366e-05 0.000103625 0.000112872 0.000113486 0.000117006 0.000125855 0.000133398 0.000127794 0.000146836 0.000147814 0.000145378 0.00016573 0.000167153 0.000179993 0.000189552 0.000212072 0.000236895 0.00026791 0.000343964 0.00043495 0.000571492 0.000773801 0.00109133 0.00151606 0.0020846 0.00287338 0.00388376 0.00518492 0.0067973 0.00877408 0.0111275 0.0138753 0.0169763 0.02035 0.0239081 0.0274334 0.0307373 0.033559 0.0356573 0.0367587 0.0366876 0.0352825 0.0324635 0.028299 0.0229265 0.0166056 0.00965458 0.00250303 -0.00449647 -0.0109275 -0.0164635 -0.0208484 -0.0239948 -0.0258565 -0.0265146 -0.0261293 -0.0248906 -0.0230171 -0.02076 -0.0183694 -0.0159644 -0.0136661 -0.0115608 -0.00974418 -0.00818138 -0.00687624 -0.00577906 -0.00489004 -0.00414213 -0.0035457 -0.00303704 -0.00260134 -0.00219299 -0.00185935 -0.00155636 -0.00126828 -0.000958911 -0.000692176 -0.000437754 -0.000179483 0.000122739 0.000405633 0.000694801 0.00100332 0.00138149 0.00178253 0.00224291 0.00277307 0.00343772 0.0042259 0.00520338 0.00637232 0.00778566 0.00944363 0.0113994 0.0135787 0.0159119 0.0182866 0.0206111 0.0226553 0.0241772 0.024944 0.0247597 0.0234354 0.0208595 0.0170356 0.0120161 0.00600676 -0.000697776 -0.00769825 -0.0146472 -0.0211104 -0.0267496 -0.0312702 -0.0345099 -0.0363564 -0.0368608 -0.0361511 -0.034392 -0.0318338 -0.0287207 -0.0253156 -0.0218116 -0.0184418 -0.0153069 -0.012507 -0.0100811 -0.00803194 -0.00634642 -0.00498471 -0.00391832 -0.00307168 -0.00245918 -0.00200651 -0.00167027 -0.00143388 -0.00127963 -0.00118665 -0.00110573 -0.00106522 -0.00103481 -0.00101884 -0.00100201 -0.000990934 -0.000996505 -0.000973726 -0.000973972 -0.000974233 -0.000961034 -0.000959099 -0.00095639 -0.00095159 -0.000938533 -0.000945905 -0.000937268 -0.000926473 -0.000938834 -0.000922235 -0.000922293 -0.000926859 -0.000913583 -0.000918437 -0.000914344 -0.000909612 -0.000908196 -0.000905048 -0.00090378 -0.000897933 -0.000903734 -0.000899221 -0.000896394 -0.000903546 -0.000891153 -0.000895103 -0.000896333 -0.000885519 -0.000897379 -0.000891407 
0 4.88575e-06 1.15774e-05 1.48076e-05 2.04213e-05 2.27467e-05 2.87306e-05 3.11107e-05 3.46421e-05 4.56751e-05 4.13205e-05 5.59199e-05 6.38113e-05 5.51223e-05 7.71493e-05 6.76037e-05 7.02522e-05 9.36973e-05 7.71556e-05 9.76463e-05 0.000104611 9.36345e-05 0.000113107 0.000112903 0.000119765 0.000128303 0.000141489 0.000138999 0.000137414 0.000159427 0.000145842 0.000164218 0.000181183 0.000175896 0.000186413 0.000193971 0.000219955 0.000229632 0.000273803 0.000326163 0.000377959 0.000492656 0.000669331 0.000926793 0.00124992 0.00173738 0.00241166 0.00329388 0.00443508 0.00587797 0.00769696 0.0098896 0.0125063 0.0155222 0.0189207 0.0226024 0.0264302 0.0302226 0.0337343 0.0367284 0.0389097 0.0400471 0.0399001 0.0383353 0.0352722 0.0307808 0.0250242 0.0182689 0.0108693 0.00321366 -0.00427646 -0.0112112 -0.0172099 -0.0220377 -0.025547 -0.0277292 -0.0286342 -0.0284195 -0.0272563 -0.0253837 -0.0230624 -0.0205391 -0.0179696 -0.0154718 -0.0131628 -0.0111217 -0.00936922 -0.00787853 -0.00663117 -0.00558982 -0.00473669 -0.00403589 -0.00345666 -0.00294096 -0.0024873 -0.00209476 -0.00175697 -0.00141821 -0.0010843 -0.000771964 -0.000491137 -0.000187861 0.000137551 0.000469055 0.000790342 0.00115335 0.00157071 0.00204473 0.00256738 0.00319044 0.00394597 0.00487285 0.00598726 0.007328 0.00891706 0.0107928 0.0129517 0.015338 0.0178483 0.0203807 0.0227996 0.0248825 0.0263706 0.0270148 0.0266233 0.0250169 0.0221102 0.0178722 0.0124067 0.00590373 -0.00128956 -0.00880143 -0.0162094 -0.0231219 -0.0291603 -0.0340336 -0.0375389 -0.039575 -0.0401797 -0.0394614 -0.0376378 -0.0349279 -0.0316223 -0.0279589 -0.0241985 -0.0205253 -0.0170972 -0.0140193 -0.0113335 -0.00906697 -0.00717048 -0.00564846 -0.0044416 -0.00352121 -0.00279945 -0.00225941 -0.00189846 -0.00164 -0.00145453 -0.00130911 -0.00124416 -0.00119348 -0.00115485 -0.0011375 -0.00111912 -0.00110858 -0.00108421 -0.00109945 -0.00108949 -0.00107246 -0.00108027 -0.00106251 -0.00105636 -0.00105286 -0.00105792 -0.00104361 -0.00104109 -0.00104792 -0.00102031 -0.00103563 -0.00103125 -0.00101666 -0.00103373 -0.00101546 -0.00101374 -0.00101438 -0.00100296 -0.00100767 -0.0010037 -0.00100564 -0.00100196 -0.00100134 -0.00100242 -0.000992317 -0.000999751 -0.000993116 -0.000988902 -0.000998853 -0.000986791 -0.000993449 
0 -7.35093e-07 1.06262e-05 6.94943e-06 2.03115e-05 2.88483e-05 2.95905e-05 4.67491e-05 4.22184e-05 4.69972e-05 5.59199e-05 4.85782e-05 6.29301e-05 6.50331e-05 6.98143e-05 8.72849e-05 8.53292e-05 9.36914e-05 9.90367e-05 9.98486e-05 0.00010874 0.000115834 0.000124611 0.000127198 0.000132274 0.000135961 0.000137642 0.000149284 0.000165307 0.000169299 0.000177023 0.000190172 0.00018015 0.000196352 0.000219569 0.000221254 0.000239866 0.000265584 0.000292679 0.000345147 0.000453607 0.000579954 0.000760793 0.00104136 0.00144624 0.00201647 0.00275073 0.00373344 0.00501472 0.00664065 0.00862942 0.0110486 0.0139175 0.0172008 0.020882 0.0248312 0.0289165 0.0329186 0.0366215 0.0397218 0.0419705 0.0430992 0.0428692 0.0411415 0.0378527 0.0330822 0.026984 0.019884 0.0120929 0.00403679 -0.00388815 -0.0112366 -0.0176736 -0.0229044 -0.0267912 -0.0293034 -0.0304995 -0.0304984 -0.0294671 -0.0276626 -0.0253253 -0.0227209 -0.0200057 -0.017351 -0.0148376 -0.0125955 -0.0106292 -0.00896671 -0.00753777 -0.00635775 -0.0053685 -0.00457472 -0.00389072 -0.00331261 -0.00279065 -0.00235618 -0.00195288 -0.00158303 -0.00120641 -0.000868629 -0.000532249 -0.000202561 0.00016416 0.000523041 0.000906159 0.00130766 0.00178698 0.00231471 0.00293226 0.00363682 0.00451444 0.00556597 0.0068496 0.00834943 0.0101422 0.0122161 0.0145868 0.0171415 0.0198182 0.0224612 0.0249367 0.0269918 0.0283938 0.0288665 0.028224 0.0263155 0.0230579 0.0184327 0.0125367 0.00561778 -0.00201544 -0.00993971 -0.0177546 -0.0250244 -0.031422 -0.0365919 -0.040346 -0.0425628 -0.0432767 -0.0425844 -0.0407121 -0.0379099 -0.0344287 -0.0305662 -0.0265538 -0.0226194 -0.0189086 -0.0155698 -0.0126209 -0.0101157 -0.00804546 -0.00635382 -0.00499855 -0.0039459 -0.00316571 -0.00257228 -0.00214133 -0.00181808 -0.00161568 -0.00149235 -0.00138672 -0.00131759 -0.00128086 -0.00125225 -0.00122525 -0.00122996 -0.00121425 -0.00119137 -0.00119071 -0.00117993 -0.00117569 -0.00117691 -0.00117392 -0.00116412 -0.00115734 -0.00115237 -0.00114814 -0.00114541 -0.00114315 -0.0011402 -0.00112659 -0.00112592 -0.00111938 -0.00111166 -0.00112229 -0.00111445 -0.00111528 -0.00111775 -0.00110507 -0.00110705 -0.00110102 -0.00109513 -0.00109866 -0.00109491 -0.00109637 -0.00109813 -0.00109625 -0.00109596 -0.00109413 -0.00109225 
0 6.81549e-06 2.07801e-05 1.85763e-05 2.66419e-05 2.82806e-05 2.54903e-05 3.87712e-05 3.82013e-05 5.04376e-05 6.38113e-05 6.29301e-05 7.75015e-05 7.6459e-05 7.99348e-05 8.88069e-05 8.50562e-05 0.000100034 0.000104795 0.000110775 0.000123037 0.000121729 0.000131856 0.000139106 0.000145883 0.000159387 0.000165978 0.000167669 0.000174965 0.000177361 0.00018108 0.000202102 0.000205082 0.000216722 0.000232402 0.000236109 0.000265405 0.000300343 0.000343117 0.000408655 0.000509753 0.000650536 0.000882346 0.00121289 0.00164844 0.00227721 0.00311395 0.00421458 0.00563097 0.00741325 0.00959963 0.0122488 0.0153656 0.0189042 0.0228498 0.0270538 0.0313563 0.0355446 0.0393827 0.0425623 0.0448305 0.0459249 0.0455888 0.0436989 0.0402052 0.0351862 0.0288131 0.0214242 0.0133302 0.00494118 -0.00332421 -0.0110325 -0.0178459 -0.0234629 -0.0277167 -0.0305828 -0.032097 -0.032355 -0.0315144 -0.0298367 -0.0275453 -0.0248986 -0.0220834 -0.0192894 -0.0166025 -0.0141557 -0.0119877 -0.0101303 -0.00852411 -0.00718246 -0.00606216 -0.0051468 -0.00436033 -0.00369886 -0.00312025 -0.00262262 -0.00216013 -0.00174182 -0.00133811 -0.000958513 -0.000574624 -0.000201131 0.000191076 0.000592597 0.0010298 0.00149074 0.00201955 0.002619 0.00332629 0.0041397 0.00513357 0.00633125 0.00777806 0.0094609 0.0114473 0.0137269 0.0162813 0.0189924 0.0217927 0.0245137 0.0269862 0.0289585 0.0302113 0.030465 0.0295366 0.0272975 0.0236879 0.018684 0.0124086 0.00512096 -0.00286318 -0.0111329 -0.0192633 -0.0268322 -0.033513 -0.0389429 -0.0429124 -0.0453027 -0.0461348 -0.0454906 -0.04361 -0.0407413 -0.0371378 -0.0331011 -0.0288849 -0.0247069 -0.0207371 -0.0171454 -0.013957 -0.0112261 -0.00895065 -0.00709033 -0.00560257 -0.00444382 -0.00355082 -0.00286951 -0.00239924 -0.00204789 -0.00179689 -0.00163194 -0.00151764 -0.00144423 -0.00140433 -0.00137357 -0.00134072 -0.00133462 -0.00131808 -0.00131112 -0.00131418 -0.00129895 -0.0012916 -0.001283 -0.00127204 -0.001268 -0.00126657 -0.0012571 -0.00125407 -0.00124689 -0.0012366 -0.00124122 -0.00123299 -0.00123547 -0.00123623 -0.00122383 -0.00122592 -0.00121416 -0.00120873 -0.00120993 -0.00120198 -0.00120741 -0.00120628 -0.00120375 -0.00120575 -0.00119961 -0.00119723 -0.00119488 -0.00119172 -0.001192 -0.0011921 -0.00119351 
0 4.1306e-06 7.45125e-06 1.4896e-05 2.42642e-05 3.00476e-05 4.28145e-05 4.74324e-05 4.97596e-05 6.09258e-05 5.51223e-05 6.50331e-05 7.6459e-05 7.27651e-05 9.62362e-05 9.50991e-05 9.74795e-05 0.000120774 0.000107965 0.000122756 0.000135565 0.000128482 0.000146992 0.000151522 0.000154454 0.000162232 0.000176008 0.000179588 0.000186673 0.000209826 0.000202524 0.000218571 0.000230658 0.000234232 0.000254335 0.000262207 0.000297606 0.000320065 0.000370754 0.000461571 0.000569378 0.000742305 0.00100269 0.00138319 0.00187465 0.0025814 0.0035225 0.00473067 0.00629612 0.008238 0.010632 0.0134941 0.0168484 0.0206342 0.0248176 0.0292496 0.0337284 0.0380728 0.0419925 0.0452206 0.0474652 0.0484968 0.048039 0.0459912 0.0423166 0.0370862 0.0305089 0.0228921 0.0145825 0.00593716 -0.00257602 -0.0105832 -0.0177088 -0.0236848 -0.0282956 -0.0315322 -0.0333887 -0.0339484 -0.0333592 -0.0318666 -0.0296857 -0.027045 -0.024182 -0.0212721 -0.0184461 -0.0158023 -0.0134471 -0.0113781 -0.00959809 -0.008078 -0.00682777 -0.00576692 -0.00487781 -0.00411591 -0.00348534 -0.00290775 -0.00239053 -0.00191055 -0.00148755 -0.00105373 -0.000628692 -0.000198518 0.00021148 0.000668001 0.00115436 0.00169169 0.00226573 0.00295297 0.00374942 0.0046964 0.00580767 0.00716991 0.00877814 0.0106657 0.0128382 0.015324 0.0180347 0.0208882 0.0237686 0.0265286 0.0289391 0.0307767 0.0318184 0.0318095 0.0305652 0.027975 0.0240121 0.018647 0.0120444 0.00443999 -0.00381213 -0.0123561 -0.0207187 -0.0285309 -0.035425 -0.0410793 -0.0452372 -0.0477984 -0.0487591 -0.0481919 -0.0463431 -0.0434387 -0.039764 -0.0355808 -0.0311974 -0.0267966 -0.0225964 -0.0187515 -0.015325 -0.0123757 -0.00989227 -0.00786312 -0.00621784 -0.00495166 -0.00395422 -0.00319761 -0.00266522 -0.00227003 -0.00198894 -0.00179174 -0.00167979 -0.00158446 -0.00152813 -0.00149475 -0.00146457 -0.00145391 -0.00142601 -0.001428 -0.00141282 -0.00139559 -0.00140197 -0.00138887 -0.00138217 -0.00137775 -0.00137692 -0.00136043 -0.00136129 -0.00136413 -0.0013406 -0.00135341 -0.00134114 -0.00132537 -0.00133762 -0.00131923 -0.00132068 -0.00132425 -0.0013145 -0.00131937 -0.00131313 -0.00130926 -0.00130568 -0.00130115 -0.00130102 -0.00129649 -0.00130003 -0.00129759 -0.00129548 -0.00129933 -0.00129226 -0.00129407 
0 3.79588e-06 1.89882e-05 1.69404e-05 2.64592e-05 3.69325e-05 3.27622e-05 5.04744e-05 5.41177e-05 5.48719e-05 7.71493e-05 6.98143e-05 7.99348e-05 9.62362e-05 8.28791e-05 0.000107083 0.00011388 0.000108154 0.00013303 0.000128481 0.000135968 0.000151515 0.00015504 0.000165161 0.00017025 0.000185425 0.000179283 0.000193995 0.00021387 0.000204064 0.000230717 0.000236932 0.000237068 0.000254389 0.000276254 0.000297586 0.000312613 0.000371104 0.000416055 0.000500892 0.000653604 0.000855472 0.00114398 0.00153777 0.00213217 0.00291687 0.00394404 0.00527359 0.00698391 0.00912044 0.0116928 0.0147863 0.0183584 0.0223971 0.0267931 0.0314171 0.0360596 0.040501 0.0444837 0.047695 0.0499031 0.0508143 0.050236 0.0480195 0.0441837 0.0387834 0.0320507 0.0242838 0.0158119 0.00701661 -0.00169074 -0.00990165 -0.0173056 -0.0235778 -0.0285576 -0.0321512 -0.0343845 -0.0352723 -0.0349962 -0.0337404 -0.0317279 -0.029155 -0.0262842 -0.0233019 -0.0203509 -0.0175468 -0.0149932 -0.0127272 -0.0107461 -0.00906248 -0.00764652 -0.00645042 -0.00542384 -0.00457705 -0.00385865 -0.00321907 -0.00261811 -0.00209755 -0.00162288 -0.00115698 -0.000664829 -0.000200924 0.000258685 0.000748576 0.0013119 0.00190577 0.00255954 0.003317 0.00423558 0.00530385 0.00656883 0.00807937 0.00987726 0.0119554 0.0143317 0.0169888 0.0198476 0.022802 0.0257312 0.0284682 0.0307633 0.0324095 0.0331789 0.0328695 0.0312709 0.0283314 0.0239953 0.018318 0.0114144 0.00358169 -0.00489034 -0.0136005 -0.0221426 -0.0301118 -0.0371705 -0.0429917 -0.0473153 -0.0500417 -0.0511257 -0.05068 -0.0488736 -0.0459933 -0.0422628 -0.0379987 -0.0334558 -0.0288767 -0.0244693 -0.0203864 -0.0167382 -0.0135546 -0.0108963 -0.00868015 -0.00688953 -0.00547345 -0.00439583 -0.00357626 -0.00294168 -0.00249662 -0.00218403 -0.00198507 -0.00181671 -0.00171589 -0.00166201 -0.00160612 -0.00158224 -0.00156502 -0.00155579 -0.00152472 -0.00152419 -0.00152259 -0.00149833 -0.00150807 -0.00149518 -0.00148368 -0.00147701 -0.00147291 -0.00146746 -0.00145405 -0.00146491 -0.00144529 -0.00143973 -0.00144868 -0.00142465 -0.00143502 -0.00143305 -0.00141702 -0.00142651 -0.00141511 -0.00140986 -0.00141314 -0.00140543 -0.00140546 -0.00140438 -0.00140177 -0.00139982 -0.00139909 -0.00139801 -0.00139478 -0.00139676 -0.00139453 
0 1.21353e-05 1.2058e-05 2.79147e-05 2.95972e-05 3.23577e-05 4.64139e-05 4.26521e-05 5.60942e-05 6.66464e-05 6.76037e-05 8.72849e-05 8.88069e-05 9.50991e-05 0.000107083 0.000106262 0.000116622 0.000122058 0.000133118 0.000142763 0.000151111 0.000162421 0.000160628 0.000176973 0.00018438 0.00019055 0.000212653 0.000213408 0.000217319 0.000228968 0.000236421 0.000244155 0.000268994 0.000284724 0.000287089 0.000317154 0.000348298 0.000394184 0.000472091 0.000582226 0.000727698 0.000946263 0.00129139 0.00176748 0.00240356 0.00325067 0.00439745 0.00587628 0.00772918 0.0100231 0.0128106 0.0161166 0.019915 0.0241693 0.0287633 0.0335537 0.0383196 0.0428315 0.0468156 0.0499973 0.0521072 0.0528904 0.0521585 0.049791 0.0458023 0.0402772 0.0334478 0.0255857 0.017038 0.00815712 -0.000647234 -0.0090144 -0.016611 -0.0231607 -0.0284705 -0.0324404 -0.0350465 -0.0363135 -0.0363872 -0.0354296 -0.0336387 -0.0311989 -0.0283741 -0.0253544 -0.0223183 -0.0193715 -0.0166433 -0.0141686 -0.0119992 -0.0101286 -0.00855143 -0.00719001 -0.00603735 -0.00507429 -0.00427436 -0.00354461 -0.0028801 -0.00229206 -0.00177668 -0.00125272 -0.000717497 -0.000195583 0.000301951 0.000852981 0.00147234 0.00214904 0.00287449 0.00373393 0.00476224 0.00598213 0.00739621 0.00908188 0.0110578 0.0133447 0.0159062 0.0187264 0.0216967 0.0247271 0.0276566 0.0303139 0.0324385 0.0338356 0.0342909 0.0336277 0.031669 0.0283559 0.0236747 0.0176942 0.0105671 0.00254669 -0.00605105 -0.014869 -0.0235001 -0.031576 -0.0387335 -0.0446787 -0.049149 -0.052024 -0.0532551 -0.0529373 -0.0512327 -0.0483873 -0.0446626 -0.0403378 -0.0356862 -0.0309483 -0.0263511 -0.0220536 -0.0181899 -0.0148018 -0.0119186 -0.009529 -0.00760396 -0.00606216 -0.00484514 -0.00392951 -0.00325758 -0.00276685 -0.00239337 -0.00213742 -0.00197486 -0.00186793 -0.00178584 -0.00173801 -0.0017063 -0.00166741 -0.00165982 -0.00165569 -0.0016403 -0.00162834 -0.00162217 -0.00160504 -0.00159525 -0.00159968 -0.00158491 -0.00158159 -0.00157436 -0.00156141 -0.00155855 -0.00155199 -0.00155374 -0.00154661 -0.00154475 -0.0015395 -0.00152673 -0.00152924 -0.00151805 -0.00151596 -0.00151902 -0.0015098 -0.00151412 -0.00151016 -0.00150478 -0.00150636 -0.00150003 -0.00149933 -0.00149883 -0.00149584 -0.00149741 -0.0014963 
0 7.18004e-06 7.26896e-06 2.14811e-05 2.8033e-05 3.69663e-05 5.42506e-05 5.52194e-05 6.73866e-05 7.29276e-05 7.02522e-05 8.53292e-05 8.50562e-05 9.74795e-05 0.00011388 0.000116622 0.000134343 0.000136695 0.000145546 0.000153036 0.000153833 0.000173238 0.000174848 0.00018938 0.000200548 0.000197886 0.000215718 0.000222534 0.000235066 0.000255247 0.000265336 0.000270422 0.0002839 0.000296881 0.000312292 0.000351656 0.000381299 0.000430327 0.000513231 0.000628409 0.000816366 0.00108734 0.00145473 0.00196983 0.00269451 0.00364957 0.00490212 0.00650286 0.00850908 0.0109932 0.0139837 0.0174881 0.0214975 0.02596 0.030726 0.0356487 0.0405056 0.0450448 0.0489993 0.052106 0.0540884 0.0547113 0.0538185 0.0512983 0.0471778 0.0415682 0.0346918 0.0268002 0.0182426 0.0093595 0.000524103 -0.00792107 -0.0156555 -0.0224301 -0.0280515 -0.032382 -0.0353751 -0.0370475 -0.0375147 -0.0369016 -0.0353901 -0.0331484 -0.0304235 -0.027415 -0.0243278 -0.0212735 -0.0183825 -0.0157143 -0.0133517 -0.011294 -0.00953468 -0.00800689 -0.00671303 -0.00562859 -0.0047216 -0.00390277 -0.00316573 -0.00251221 -0.00193429 -0.0013558 -0.000771981 -0.000197987 0.000358467 0.00096996 0.00165414 0.00240976 0.00323068 0.00419786 0.00535189 0.00672384 0.00830912 0.0101729 0.0123371 0.0148226 0.0175653 0.0205204 0.0235762 0.0266404 0.0295248 0.0320408 0.0339389 0.0350377 0.0351339 0.0340843 0.0317443 0.0280639 0.023048 0.0168067 0.00950319 0.00136815 -0.00729387 -0.0161388 -0.0247948 -0.0329103 -0.0401181 -0.0461426 -0.0507364 -0.0537569 -0.0551412 -0.0549792 -0.0534037 -0.0506379 -0.0469495 -0.0426065 -0.0378722 -0.0330097 -0.0282514 -0.0237508 -0.0196703 -0.0160816 -0.0130041 -0.0104268 -0.00833128 -0.00665264 -0.00534242 -0.00434045 -0.0035687 -0.00301073 -0.00262104 -0.00234148 -0.00214253 -0.00201491 -0.00191761 -0.00186153 -0.0018336 -0.00179815 -0.00177873 -0.00176039 -0.00174057 -0.00173159 -0.00173117 -0.00171793 -0.00171131 -0.00170625 -0.00168715 -0.00169031 -0.00168193 -0.00167675 -0.00167663 -0.00166027 -0.00165758 -0.00164408 -0.0016391 -0.00163838 -0.00163005 -0.00163627 -0.00162915 -0.0016257 -0.00162421 -0.00161408 -0.00161312 -0.0016087 -0.00160636 -0.00160574 -0.0016043 -0.00160308 -0.00160083 -0.00160116 -0.00159784 -0.00159849 
0 5.29823e-06 2.78523e-05 2.32894e-05 3.36548e-05 4.59796e-05 3.75933e-05 5.68541e-05 6.45341e-05 6.56589e-05 9.36973e-05 9.36914e-05 0.000100034 0.000120774 0.000108154 0.000122058 0.000136695 0.000131544 0.000157471 0.000163823 0.000168185 0.000187913 0.000190663 0.000199401 0.000211506 0.000225986 0.000229478 0.000242475 0.000255131 0.000252932 0.000274207 0.000284209 0.000304325 0.000319299 0.000340746 0.000382303 0.000403554 0.000484765 0.000581469 0.000705755 0.000915775 0.00121721 0.00163509 0.00220386 0.00301576 0.00405369 0.00542091 0.00716589 0.00933233 0.0120069 0.0151858 0.0189041 0.0231135 0.0277696 0.0326807 0.0377107 0.042628 0.047152 0.0510482 0.0540313 0.0558612 0.0562901 0.0552283 0.0525476 0.0483166 0.0426543 0.0357727 0.0279128 0.0194052 0.0105961 0.0017893 -0.00665496 -0.0144771 -0.0214183 -0.0273251 -0.031989 -0.0353795 -0.0374719 -0.0383676 -0.0381376 -0.0369593 -0.0349758 -0.032406 -0.0294628 -0.0263611 -0.0232365 -0.0201979 -0.0173599 -0.0148003 -0.0125571 -0.0105934 -0.00890157 -0.00744857 -0.00623788 -0.0051948 -0.0042892 -0.00346637 -0.00275035 -0.00208516 -0.00145717 -0.000815118 -0.000196589 0.000442368 0.0011122 0.00187386 0.00270254 0.00364535 0.00472511 0.00602351 0.00754356 0.00932193 0.0113645 0.0137257 0.0163899 0.0193037 0.0223607 0.0254715 0.0285181 0.0313064 0.0336193 0.0352342 0.0359879 0.0356844 0.0342235 0.0314821 0.0274484 0.0221147 0.0156613 0.0082244 5.00311e-05 -0.00861851 -0.017413 -0.0260337 -0.0341196 -0.0413318 -0.0473934 -0.052082 -0.055243 -0.0567819 -0.0567999 -0.0553721 -0.05273 -0.0491022 -0.0447853 -0.0399991 -0.0350417 -0.0301463 -0.025469 -0.0211965 -0.0173978 -0.0141343 -0.0113715 -0.00912397 -0.00729422 -0.00586392 -0.00477236 -0.00391554 -0.00329956 -0.00285383 -0.00253722 -0.00229717 -0.00216276 -0.00206369 -0.00198059 -0.00194855 -0.00190859 -0.00189426 -0.00187396 -0.00186525 -0.00185881 -0.00183503 -0.00183344 -0.00182214 -0.00181206 -0.00180315 -0.00180034 -0.00178552 -0.00177155 -0.00177964 -0.00175774 -0.00176066 -0.00176708 -0.00174423 -0.00175523 -0.00174462 -0.00172667 -0.00173688 -0.00172139 -0.00171793 -0.00172636 -0.00171179 -0.00171538 -0.00171548 -0.00170311 -0.00171079 -0.00170473 -0.00170053 -0.00170781 -0.00169744 -0.00170124 
