0 0 0 0 0 0 0 0 0 0 0 0 0 0 0 0 0 0 0 0 0 0 0 0 0 0 0 0 0 0 0 0 0 0 0 0 0 0 0 0 0 0 0 0 0 0 0 0 0 0 0 0 0 0 0 0 0 0 0 0 0 0 0 0 0 0 0 0 0 0 0 0 0 0 0 0 0 0 0 0 0 0 0 0 0 0 0 0 0 0 0 0 0 0 0 0 0 0 0 0 0 0 0 0 0 0 0 0 0 0 0 0 0 0 0 0 0 0 0 0 0 0 0 0 0 0 0 0 0 0 0 0 0 0 0 0 0 0 0 0 0 0 0 0 0 0 0 0 0 0 0 0 0 0 0 0 0 0 0 0 0 0 0 0 0 0 0 0 0 0 0 0 0 0 0 0 0 0 0 0 0 0 0 0 0 0 0 0 0 0 0 0 0 0 0 0 0 0 0 0 
0 -5.7042e-06 9.94723e-06 -2.21687e-06 1.51935e-06 1.32133e-05 -4.47581e-08 9.68418e-06 1.14832e-05 4.19061e-06 1.54896e-05 1.20375e-05 1.5428e-05 1.46471e-05 1.07585e-05 1.87058e-05 6.24783e-06 2.25334e-05 3.02784e-05 1.37826e-05 3.77147e-05 2.36734e-05 1.0764e-05 3.39482e-05 2.55957e-05 2.75529e-05 3.22071e-05 3.29946e-05 2.76628e-05 2.91413e-05 5.32e-05 4.33774e-05 3.77063e-05 3.6988e-05 4.39267e-05 5.9254e-05 3.82905e-05 4.23253e-05 5.33214e-05 5.26937e-05 5.31153e-05 5.56511e-05 6.43812e-05 5.82418e-05 7.10933e-05 7.15782e-05 6.77212e-05 7.87666e-05 7.89664e-05 7.8928e-05 7.99018e-05 9.0721e-05 8.52067e-05 8.75451e-05 9.90424e-05 9.7393e-05 9.9096e-05 0.000107295 0.000116911 0.000113 0.000122612 0.00013581 0.000138869 0.000145378 0.000164104 0.000185155 0.00019997 0.000236189 0.000290003 0.000352971 0.000433701 0.000554409 0.000710716 0.000892862 0.00112388 0.00141592 0.00176651 0.00216358 0.0026267 0.00314721 0.00369481 0.00422606 0.00472223 0.00515101 0.00546576 0.0056275 0.0056223 0.00544368 0.00506932 0.00450144 0.00377818 0.00298008 0.00216784 0.00139802 0.000710355 0.000167531 -0.000197105 -0.000367452 -0.00038319 -0.000287358 -0.000148337 -1.61563e-05 3.87519e-05 -3.33207e-05 -0.0002856 -0.000718604 -0.00131238 -0.00200947 -0.00277284 -0.00355041 -0.00428737 -0.00489942 -0.00533632 -0.00558239 -0.0056566 -0.0055629 -0.0053103 -0.00492952 -0.00446813 -0.00396024 -0.00342423 -0.00290017 -0.0024244 -0.0020131 -0.00164785 -0.00133813 -0.00108935 -0.000894852 -0.000727433 -0.00059469 -0.00050303 -0.000435061 -0.000375807 -0.000333476 -0.000315522 -0.00029478 -0.000274771 -0.000265825 -0.000265155 -0.000252968 -0.000243061 -0.000246762 -0.000240262 -0.000231419 -0.00022808 -0.000231554 -0.000218695 -0.000214666 -0.000217827 -0.00020809 -0.000202739 -0.000201204 -0.000202048 -0.000188335 -0.000192876 -0.00019147 -0.000182361 -0.000188695 -0.00018357 -0.000180325 -0.000178103 -0.000189957 -0.000177059 -0.000164736 -0.000179342 -0.000175243 -0.000175146 -0.000156658 -0.000155567 -0.000173098 -0.000165327 -0.000158591 -0.000154605 -0.000165999 -0.000154925 -0.000157218 -0.000176407 -0.000146903 -0.000151616 -0.000158365 -0.000141821 -0.000155776 -0.000153029 -0.000151286 -0.000149959 -0.000146543 -0.000154626 -0.000144323 -0.000153047 -0.000154471 -0.000138348 -0.000151439 -0.000142844 -0.000136924 -0.000154772 -0.000143485 -0.000146567 -0.000155612 -0.000137891 -0.000146615 
0 9.94723e-06 -2.7486e-06 1.0413e-05 1.37951e-05 2.02342e-06 1.67029e-05 1.77685e-05 1.01516e-05 2.53002e-05 2.24082e-05 1.45684e-05 2.98297e-05 2.88039e-05 2.84887e-05 4.43802e-05 4.08921e-05 3.42868e-05 3.66202e-05 3.75187e-05 3.68148e-05 4.74269e-05 6.29088e-05 5.48075e-05 5.45358e-05 6.10115e-05 6.26387e-05 6.68087e-05 6.97235e-05 8.42406e-05 5.68473e-05 5.63369e-05 9.98345e-05 8.51383e-05 8.11914e-05 8.64593e-05 9.97066e-05 0.000108633 0.00010429 0.000113654 0.000102795 0.000128574 0.000120051 0.000114706 0.000136568 0.000128057 0.000139033 0.000137575 0.000160172 0.000148299 0.000162913 0.000182242 0.000170902 0.000191367 0.000194535 0.000213891 0.000199153 0.000229554 0.000233917 0.00023355 0.000250534 0.000264862 0.000283438 0.000279708 0.000332478 0.000352384 0.000404165 0.000459404 0.000578495 0.00069698 0.000867478 0.00110901 0.00141659 0.00179402 0.00224763 0.00284694 0.00353004 0.00434607 0.00525228 0.00630719 0.0073759 0.00845273 0.00942301 0.0102881 0.0108979 0.0112318 0.0112125 0.0108625 0.010112 0.00899216 0.00756233 0.00598367 0.00437382 0.00284364 0.00148373 0.000401435 -0.000323075 -0.00067954 -0.000720338 -0.000553358 -0.000286859 -4.80105e-05 5.07386e-05 -0.000113443 -0.000617322 -0.00148469 -0.00265828 -0.00404581 -0.00555872 -0.00709957 -0.00855517 -0.00976298 -0.0106346 -0.0111206 -0.0112755 -0.0110787 -0.0105903 -0.00982379 -0.00892274 -0.00789487 -0.00684954 -0.00579101 -0.00486325 -0.00402071 -0.00331216 -0.00267888 -0.00219637 -0.00179277 -0.00146921 -0.00120185 -0.00101644 -0.000883502 -0.000757916 -0.000687388 -0.000630153 -0.000606963 -0.000548095 -0.000546449 -0.000523484 -0.000511851 -0.000484087 -0.000486675 -0.000478081 -0.00044945 -0.000457573 -0.000441998 -0.000440647 -0.000416016 -0.00043428 -0.000413612 -0.000405222 -0.000412898 -0.000398924 -0.000397145 -0.00038503 -0.000398872 -0.000369006 -0.000374176 -0.000376344 -0.000357889 -0.000361103 -0.000344062 -0.000351195 -0.000348745 -0.000350916 -0.000326468 -0.000325603 -0.000363854 -0.000335199 -0.000321925 -0.000327584 -0.000327631 -0.000327298 -0.000317619 -0.00032152 -0.000306893 -0.000300793 -0.000311912 -0.000314796 -0.000312932 -0.000306946 -0.000311406 -0.00029998 -0.000295139 -0.000311364 -0.000296558 -0.000293376 -0.000305422 -0.000285365 -0.000289743 -0.000305347 -0.000288354 -0.000299414 -0.00030548 -0.000281099 -0.000294142 -0.000291401 -0.000276173 -0.000298929 -0.000289399 
0 -2.21687e-06 1.0413e-05 5.99249e-06 1.12823e-05 2.0961e-05 1.56851e-05 2.48779e-05 2.69636e-05 2.62656e-05 3.6462e-05 3.51088e-05 4.29079e-05 4.24952e-05 4.08832e-05 5.1896e-05 4.28754e-05 5.99484e-05 7.10478e-05 5.97064e-05 8.15379e-05 7.19521e-05 6.36847e-05 8.48652e-05 8.17387e-05 8.70224e-05 9.41965e-05 9.734e-05 9.5298e-05 0.000104343 0.000125013 0.000119792 0.00012336 0.000120432 0.000130861 0.000149943 0.00013446 0.000141319 0.000155366 0.000160637 0.000162569 0.000174691 0.000184786 0.000182693 0.000204503 0.000207244 0.000209528 0.000225225 0.000234296 0.000235494 0.00024472 0.000264601 0.000260914 0.000273184 0.000292168 0.000299775 0.000305005 0.000327629 0.000346406 0.00034917 0.000373163 0.000400947 0.000419786 0.000441056 0.00049368 0.000548046 0.000611128 0.00071615 0.000873374 0.00106693 0.00132279 0.00168376 0.00214505 0.00270735 0.00340578 0.00428239 0.00532194 0.00652488 0.0079023 0.00944219 0.0110487 0.0126268 0.0140886 0.0153445 0.0162613 0.0167408 0.0167263 0.0161883 0.0150822 0.0134243 0.0113306 0.00900064 0.0066228 0.00435634 0.00234572 0.000742191 -0.000347691 -0.000903409 -0.00100578 -0.000796191 -0.000445852 -0.000130283 -2.9154e-05 -0.000305548 -0.001077 -0.00236741 -0.00410627 -0.00616237 -0.00840163 -0.0106777 -0.0128117 -0.0145944 -0.0158784 -0.0166149 -0.0168319 -0.0165511 -0.0158133 -0.0147007 -0.0133425 -0.0118332 -0.0102588 -0.00871276 -0.00730283 -0.006059 -0.00497565 -0.00404966 -0.00330307 -0.00270205 -0.00220809 -0.00181309 -0.00152867 -0.00131596 -0.00114341 -0.00102148 -0.00094887 -0.000890838 -0.000833659 -0.000806663 -0.00078876 -0.00076252 -0.000735782 -0.000732997 -0.000716847 -0.000694163 -0.000685307 -0.000680137 -0.000659824 -0.000644084 -0.000645703 -0.000625821 -0.000612389 -0.000607449 -0.000600558 -0.000581092 -0.000578563 -0.000576398 -0.000557551 -0.00056068 -0.000553365 -0.000543119 -0.000539787 -0.000545022 -0.000529575 -0.000514128 -0.000527029 -0.000516413 -0.000510065 -0.000496397 -0.000487905 -0.000500145 -0.0004928 -0.000483003 -0.000477247 -0.000483938 -0.000474491 -0.000474356 -0.000487942 -0.000460824 -0.000462086 -0.000465372 -0.000448453 -0.000461013 -0.000456432 -0.000451706 -0.00045262 -0.000446214 -0.000451075 -0.000445659 -0.000448729 -0.000448894 -0.000437302 -0.000442364 -0.00043583 -0.000432409 -0.000442761 -0.000436797 -0.000439167 -0.000445288 -0.000435731 -0.00043563 
0 1.51935e-06 1.37951e-05 1.12823e-05 1.52172e-05 2.51593e-05 2.27326e-05 3.0352e-05 3.66678e-05 3.62848e-05 4.46201e-05 4.81706e-05 5.23355e-05 5.79792e-05 6.21552e-05 6.91908e-05 6.86626e-05 7.70245e-05 8.30166e-05 7.99658e-05 9.52116e-05 9.75974e-05 9.71456e-05 0.000112661 0.000112732 0.000117252 0.000126136 0.000130929 0.000135979 0.000138479 0.000151526 0.000155228 0.000159469 0.000168708 0.000174676 0.000189009 0.000188534 0.000197458 0.000211598 0.000214139 0.000224566 0.000232031 0.000243551 0.00024857 0.000261683 0.000273264 0.000277035 0.000296486 0.000304653 0.000316433 0.000329396 0.00034665 0.000357445 0.000369101 0.000393469 0.000402009 0.000419849 0.000438822 0.000461635 0.000474678 0.00049985 0.000532892 0.000557254 0.000597538 0.000652687 0.000730802 0.000819828 0.000966619 0.00116681 0.00143458 0.001787 0.00226652 0.00288124 0.00363899 0.00458474 0.00574376 0.00713141 0.00873184 0.0105671 0.0125838 0.0146996 0.0167716 0.0186989 0.020331 0.0215312 0.0221563 0.0221409 0.0214206 0.0199687 0.0178102 0.0151004 0.0120693 0.00896425 0.00599798 0.00336995 0.00126431 -0.000191715 -0.000974557 -0.00117979 -0.000981239 -0.0005994 -0.000263574 -0.000207778 -0.00063518 -0.00168751 -0.00339355 -0.00567197 -0.00836658 -0.0112965 -0.0142625 -0.017026 -0.0193421 -0.0210216 -0.022 -0.0222815 -0.0219136 -0.0209457 -0.0195016 -0.0177126 -0.0157298 -0.0136557 -0.0116347 -0.00976194 -0.00810977 -0.0066641 -0.00544412 -0.00443784 -0.00362995 -0.00297029 -0.00245047 -0.00206125 -0.001768 -0.00154551 -0.00137987 -0.00127643 -0.0011903 -0.00112792 -0.00107971 -0.001053 -0.00101672 -0.00098905 -0.000971713 -0.00094994 -0.00092821 -0.000908394 -0.000899773 -0.00087489 -0.000862749 -0.000850284 -0.000836054 -0.000820729 -0.000810051 -0.000802427 -0.000783019 -0.000779329 -0.000766574 -0.000755262 -0.000747382 -0.000737913 -0.000728445 -0.000716128 -0.000716708 -0.000702423 -0.000693649 -0.000691274 -0.000682876 -0.000680436 -0.000668039 -0.000665265 -0.000663259 -0.00065543 -0.000649218 -0.000643004 -0.000644553 -0.000632088 -0.000628892 -0.000632401 -0.000618118 -0.000620099 -0.000619808 -0.000611113 -0.000611937 -0.000607827 -0.000605497 -0.000601166 -0.000599453 -0.000599783 -0.000591493 -0.000594566 -0.00059292 -0.000585439 -0.000592461 -0.000587623 -0.000583527 -0.000590687 -0.00058266 -0.000580165 -0.000583833 -0.000577437 -0.000582701 
0 1.32133e-05 2.02342e-06 2.0961e-05 2.51593e-05 1.89164e-05 3.86148e-05 3.61857e-05 3.99367e-05 5.44559e-05 5.14395e-05 6.00511e-05 6.32466e-05 7.22058e-05 8.0413e-05 8.00186e-05 0.000102702 9.12944e-05 9.22673e-05 0.000118231 9.81806e-05 0.000121251 0.000142812 0.000126932 0.00014386 0.000148696 0.000155591 0.000160728 0.000175073 0.000189768 0.000169295 0.000187856 0.00020777 0.000218242 0.000220411 0.000214613 0.000249151 0.000254443 0.000258031 0.000269893 0.000279625 0.000296655 0.000298168 0.000318652 0.000322852 0.000338338 0.00035588 0.000362529 0.000383555 0.000394896 0.000416797 0.000426965 0.000450099 0.000468625 0.000483705 0.000508837 0.000526529 0.000552598 0.000570759 0.000602897 0.000628382 0.000662221 0.000703492 0.000754491 0.000824303 0.000913869 0.00104798 0.00122526 0.00147918 0.00181734 0.00227659 0.00287312 0.00364055 0.00460338 0.00579306 0.00724184 0.00896348 0.0109715 0.0132405 0.0157259 0.018311 0.020866 0.0232195 0.0252119 0.026663 0.0274336 0.0274057 0.0265142 0.0247306 0.0221198 0.0188507 0.0151835 0.0114052 0.00778913 0.00458436 0.00199968 0.000175395 -0.000867694 -0.00122742 -0.00110801 -0.000763684 -0.000480105 -0.000530189 -0.00115572 -0.00250658 -0.00462054 -0.00740868 -0.0107013 -0.0142744 -0.0178712 -0.0212061 -0.0240024 -0.0260549 -0.0272593 -0.0276105 -0.0271513 -0.0259789 -0.0242164 -0.0220327 -0.0195858 -0.0170496 -0.014562 -0.0122527 -0.0101816 -0.00838818 -0.00686493 -0.00560486 -0.00457647 -0.0037531 -0.00310641 -0.00260536 -0.00223116 -0.00194984 -0.0017505 -0.00159883 -0.00149664 -0.00141692 -0.00136004 -0.00131122 -0.00127456 -0.00124468 -0.0012106 -0.00118863 -0.0011614 -0.00114298 -0.00111486 -0.00110113 -0.00108081 -0.00105977 -0.00104731 -0.0010285 -0.00101715 -0.000994994 -0.000990812 -0.000970876 -0.00095848 -0.00094971 -0.000929571 -0.000925637 -0.000910827 -0.000903569 -0.000879456 -0.000880379 -0.000883936 -0.000856786 -0.000849531 -0.000840268 -0.000854433 -0.000840883 -0.000813257 -0.00081945 -0.000815333 -0.00081259 -0.000794681 -0.00079908 -0.00079122 -0.000764262 -0.00079113 -0.000779313 -0.000764708 -0.00077893 -0.00075937 -0.000757226 -0.000756788 -0.000754492 -0.00075272 -0.000741767 -0.000750281 -0.000736364 -0.000733667 -0.000748885 -0.000729865 -0.000738458 -0.00074244 -0.000719292 -0.000735161 -0.000731427 -0.000716628 -0.000736776 -0.000726225 
0 -4.47581e-08 1.67029e-05 1.56851e-05 2.27326e-05 3.86148e-05 3.70548e-05 4.44899e-05 5.69854e-05 5.55655e-05 6.36037e-05 7.89655e-05 7.81887e-05 8.45144e-05 9.59685e-05 9.17521e-05 0.000101408 0.000118401 0.000125908 0.000136141 0.000145045 0.000146845 0.0001434 0.000155921 0.000173064 0.000177557 0.000184899 0.000197456 0.000202499 0.000201733 0.000239518 0.000254585 0.000229146 0.000250533 0.00027012 0.000280901 0.000285333 0.000289516 0.000308323 0.000320662 0.000344077 0.000339972 0.000365288 0.000388452 0.000388914 0.000416409 0.000427968 0.000449055 0.000454404 0.000486642 0.000498165 0.000508255 0.000544503 0.000554394 0.000581643 0.00059735 0.000640849 0.000650734 0.000685496 0.000725484 0.00075618 0.000798646 0.000846368 0.000928559 0.000992195 0.00112242 0.00127838 0.00151275 0.00180334 0.00223185 0.00279052 0.00351107 0.00443625 0.00560048 0.00704834 0.00876996 0.0108437 0.0132296 0.0159417 0.0188465 0.0218973 0.0248781 0.0276477 0.0299467 0.0316446 0.0325279 0.0324986 0.0314303 0.0293535 0.0263324 0.0225786 0.0183437 0.0139646 0.00975802 0.00602343 0.00298588 0.000786666 -0.000548985 -0.00112804 -0.00116197 -0.000945297 -0.000793909 -0.00102658 -0.00189781 -0.00357273 -0.00608486 -0.00935181 -0.0131933 -0.0173472 -0.0215089 -0.0253419 -0.0285689 -0.0309499 -0.0323759 -0.0327814 -0.0322548 -0.0308776 -0.028843 -0.0262726 -0.023415 -0.0204195 -0.0175142 -0.0147587 -0.0123005 -0.0101381 -0.00833094 -0.00679752 -0.00555631 -0.00455685 -0.00378075 -0.0031686 -0.00269861 -0.0023702 -0.00211403 -0.00193665 -0.00179039 -0.00171791 -0.00162979 -0.00157873 -0.00152889 -0.00150304 -0.00145816 -0.00142461 -0.00141119 -0.00137136 -0.00135106 -0.00132085 -0.00131301 -0.00126998 -0.00125954 -0.00124187 -0.00121203 -0.00119874 -0.00117948 -0.0011682 -0.00113619 -0.0011423 -0.00112038 -0.00109966 -0.00109822 -0.00108364 -0.00107975 -0.00105824 -0.00104719 -0.00103413 -0.00104287 -0.00102673 -0.00098269 -0.000997537 -0.00100099 -0.000981629 -0.000970598 -0.000965789 -0.000960248 -0.00095227 -0.000959038 -0.000952545 -0.000936703 -0.000926594 -0.000922512 -0.000920272 -0.000912026 -0.000916557 -0.000911336 -0.000896087 -0.000902756 -0.000900588 -0.000890389 -0.000900693 -0.000894377 -0.000877709 -0.000886921 -0.000877297 -0.000869133 -0.000887187 -0.000874211 -0.00087672 -0.000890638 -0.000867475 -0.000874837 
0 9.68418e-06 1.77685e-05 2.48779e-05 3.0352e-05 3.61857e-05 4.44899e-05 5.16374e-05 6.14415e-05 6.88965e-05 7.54659e-05 8.6305e-05 8.90203e-05 0.000101737 0.000113938 0.000115974 0.000134089 0.000132827 0.000133868 0.000152967 0.00015049 0.000170559 0.000189572 0.00018806 0.000202729 0.000209288 0.000216455 0.000230598 0.000245507 0.000249107 0.000253067 0.000269926 0.000278452 0.000305698 0.000312669 0.000312362 0.00034388 0.000356874 0.00036555 0.000379683 0.000399732 0.000406156 0.000423943 0.00044869 0.000449021 0.000476716 0.000498623 0.000512698 0.000531756 0.000564068 0.000584247 0.000597623 0.000640134 0.000659416 0.00068185 0.000712998 0.000752581 0.000771356 0.000803898 0.000855363 0.000887584 0.000932518 0.000996638 0.00108575 0.00117059 0.00131635 0.00151969 0.00178923 0.00214547 0.00265183 0.00332393 0.00417125 0.00526189 0.00663915 0.00833616 0.010353 0.012759 0.0155379 0.0186508 0.0219801 0.0254391 0.0288351 0.0319562 0.0345537 0.0364495 0.0374481 0.0373925 0.0361771 0.0338281 0.0304646 0.0262884 0.0215754 0.0166707 0.0119486 0.00773215 0.00426815 0.00168756 2.14579e-05 -0.000842577 -0.00111872 -0.00112591 -0.00120318 -0.00169702 -0.00286972 -0.00489335 -0.00779741 -0.0115113 -0.015842 -0.0205085 -0.0251512 -0.0294169 -0.0330038 -0.0356823 -0.0372934 -0.0377678 -0.0371674 -0.035627 -0.0333258 -0.0304294 -0.0271736 -0.0237786 -0.0204538 -0.0173002 -0.0144439 -0.0119415 -0.00982879 -0.00804008 -0.00657445 -0.00540174 -0.00449016 -0.00376173 -0.00320594 -0.00280753 -0.0025119 -0.00228411 -0.00211736 -0.00201825 -0.00192173 -0.00184743 -0.00179227 -0.00175815 -0.00170115 -0.00166299 -0.00163935 -0.00160177 -0.00156504 -0.00154119 -0.00152423 -0.00148161 -0.0014679 -0.00144964 -0.00142232 -0.00139948 -0.00138953 -0.00136874 -0.00133932 -0.00133698 -0.00131099 -0.0012926 -0.00128202 -0.00126304 -0.00124115 -0.00123499 -0.00123144 -0.00119914 -0.00119564 -0.00119136 -0.0011804 -0.00117636 -0.00115604 -0.00114648 -0.00114341 -0.00113808 -0.00112125 -0.00111454 -0.00110522 -0.0010866 -0.0010979 -0.00108986 -0.00107998 -0.00108516 -0.00106722 -0.00106457 -0.00106432 -0.00105483 -0.00105477 -0.0010478 -0.0010406 -0.00103694 -0.00103503 -0.00103447 -0.00103461 -0.0010349 -0.00103147 -0.00102972 -0.001022 -0.00101644 -0.00101795 -0.00101561 -0.00102207 
0 1.14832e-05 1.01516e-05 2.69636e-05 3.66678e-05 3.99367e-05 5.69854e-05 6.14415e-05 6.75427e-05 8.1108e-05 8.73405e-05 9.70481e-05 0.000104274 0.000116634 0.000124027 0.000128556 0.000151485 0.000151675 0.0001605 0.000186403 0.000176852 0.000192935 0.00021313 0.000207714 0.00022748 0.000239884 0.000249532 0.000260621 0.000274497 0.000295895 0.000296049 0.000312826 0.000329647 0.000343791 0.00035747 0.000357918 0.000390808 0.000402491 0.000409855 0.000435964 0.000449934 0.000471468 0.000485974 0.000514156 0.000525984 0.000548196 0.000580178 0.000587393 0.000619285 0.000642881 0.000668583 0.000687457 0.000723805 0.000754977 0.000771485 0.000818786 0.000849656 0.000885616 0.000919357 0.000978992 0.00102163 0.00107306 0.00115854 0.00125102 0.00137103 0.00153236 0.00178583 0.00209276 0.00252504 0.00311035 0.00389477 0.00487761 0.0061374 0.00773033 0.00967054 0.0119903 0.0147196 0.0178801 0.0213656 0.0250988 0.028926 0.0326958 0.0361196 0.0389831 0.0410444 0.0421375 0.0420471 0.040704 0.0381237 0.0344771 0.0299536 0.0248497 0.0195114 0.0143508 0.00970799 0.00584001 0.0028737 0.000836392 -0.000379488 -0.00099371 -0.00132757 -0.00173807 -0.00257506 -0.00410889 -0.00650591 -0.00980084 -0.0139265 -0.0186864 -0.0237835 -0.0288239 -0.0334461 -0.0373302 -0.0402573 -0.0420244 -0.0425654 -0.0419044 -0.0402256 -0.037683 -0.0345024 -0.0308869 -0.0271308 -0.0234047 -0.0198783 -0.0166345 -0.0138002 -0.0113704 -0.0093283 -0.00763209 -0.00628069 -0.00521922 -0.00437283 -0.00372789 -0.0032494 -0.00290906 -0.00262975 -0.00244528 -0.00230901 -0.00221079 -0.00211449 -0.00205795 -0.00201091 -0.0019526 -0.00191211 -0.00187564 -0.00184534 -0.00179437 -0.00177635 -0.00174272 -0.00170787 -0.00168134 -0.00165761 -0.00163144 -0.00159642 -0.00158872 -0.0015553 -0.0015356 -0.00151966 -0.00149662 -0.0014803 -0.00146251 -0.00145384 -0.00142247 -0.00141849 -0.00140997 -0.00138322 -0.00137399 -0.00135694 -0.00135441 -0.00133591 -0.00131774 -0.00131472 -0.00130363 -0.00129583 -0.00127801 -0.00128146 -0.00127209 -0.00125027 -0.00126254 -0.00124484 -0.00123024 -0.00123728 -0.00122138 -0.00121653 -0.00121429 -0.00120817 -0.00120292 -0.00119659 -0.00120007 -0.00118931 -0.00118632 -0.00119159 -0.00117532 -0.00117627 -0.00117715 -0.00116488 -0.00117634 -0.00117527 -0.0011659 -0.00117567 -0.00116564 
0 4.19061e-06 2.53002e-05 2.62656e-05 3.62848e-05 5.44559e-05 5.55655e-05 6.88965e-05 8.1108e-05 8.73768e-05 9.86755e-05 0.000108519 0.000124902 0.000126935 0.000140273 0.000157638 0.000147369 0.000178018 0.000193269 0.000185045 0.000223579 0.000220415 0.000219 0.000247988 0.000254796 0.000272711 0.000279254 0.000301598 0.000308216 0.00030742 0.000353928 0.000362373 0.000366032 0.000374287 0.000399487 0.000434247 0.000425898 0.000449664 0.000468192 0.000492031 0.000513069 0.000521944 0.000557137 0.000569006 0.000600275 0.000618527 0.000644394 0.000673169 0.000692195 0.000731096 0.000747742 0.000786905 0.000813602 0.00084995 0.000882072 0.000918666 0.000964915 0.000995468 0.00105082 0.00109671 0.00115992 0.00121938 0.00131418 0.00142372 0.00156452 0.00176765 0.00204383 0.00242056 0.00291449 0.00360249 0.00448632 0.00562665 0.00706028 0.00887009 0.0110621 0.0136797 0.0167452 0.0202515 0.0241096 0.0281982 0.0323828 0.0364529 0.0401589 0.0432263 0.0454459 0.0465855 0.0464758 0.0450084 0.042261 0.0383763 0.0335948 0.0281784 0.0225133 0.0169873 0.0119806 0.0077254 0.00437173 0.00191929 0.000285555 -0.000766279 -0.00153135 -0.00238349 -0.00364569 -0.00560301 -0.00839638 -0.012086 -0.0165834 -0.0217157 -0.0271485 -0.0325092 -0.0373989 -0.0415298 -0.0446366 -0.0465439 -0.0471263 -0.0464426 -0.0446279 -0.041899 -0.0384502 -0.0345478 -0.030443 -0.0263678 -0.0224685 -0.0188801 -0.015703 -0.0129691 -0.0106619 -0.0087433 -0.00720711 -0.00598133 -0.0050256 -0.00427512 -0.00372968 -0.00331343 -0.0030092 -0.00277936 -0.00262254 -0.00249953 -0.00239789 -0.00232807 -0.00226167 -0.0022121 -0.00215264 -0.00211971 -0.00207 -0.00203413 -0.0019955 -0.00196103 -0.00192991 -0.00189067 -0.00187099 -0.00183075 -0.00181304 -0.00177953 -0.00175782 -0.00173429 -0.00170804 -0.00169671 -0.00166144 -0.00165166 -0.00162928 -0.00162082 -0.00159533 -0.00156393 -0.00157196 -0.001554 -0.00153671 -0.00150186 -0.00150084 -0.00150955 -0.00147502 -0.0014671 -0.00145414 -0.00144992 -0.00143533 -0.00142714 -0.00143701 -0.00139731 -0.00139789 -0.00140278 -0.00137409 -0.00138503 -0.00137737 -0.00136254 -0.0013605 -0.00135411 -0.00135338 -0.00134245 -0.0013472 -0.00134039 -0.00132294 -0.00133682 -0.00132452 -0.00131604 -0.00133263 -0.00131464 -0.00131598 -0.0013277 -0.00130659 -0.00131588 
0 1.54896e-05 2.24082e-05 3.6462e-05 4.46201e-05 5.14395e-05 6.36037e-05 7.54659e-05 8.73405e-05 9.86755e-05 0.00011361 0.000120304 0.000131563 0.000147978 0.000154043 0.000173746 0.000187032 0.000191482 0.000203753 0.000210606 0.000227463 0.000242237 0.000264308 0.000284833 0.000281112 0.00030028 0.000318315 0.000323802 0.000349812 0.000371348 0.000367289 0.000374801 0.000418068 0.000437206 0.00044488 0.000462825 0.000481939 0.000514758 0.000531219 0.00054506 0.000564764 0.000596223 0.00061474 0.000630779 0.000667383 0.000685098 0.00071513 0.000744813 0.000777823 0.000804488 0.000839933 0.000881533 0.000906341 0.00095271 0.000988769 0.00103368 0.00107005 0.00112421 0.00117398 0.0012257 0.00129704 0.001372 0.00147601 0.00159477 0.00177726 0.00200254 0.00232742 0.00275489 0.00334326 0.00411428 0.00512222 0.00641519 0.00804016 0.0100645 0.01251 0.0154349 0.0188193 0.0226679 0.0268566 0.0312938 0.0357739 0.0401192 0.044036 0.0472926 0.0496119 0.0507956 0.0506413 0.0490969 0.0462112 0.042168 0.0371878 0.0315653 0.0256565 0.0198601 0.0145336 0.00992447 0.00616706 0.00326913 0.00114059 -0.00043524 -0.00174463 -0.00313389 -0.00491352 -0.00734456 -0.010571 -0.0146452 -0.0194914 -0.0249208 -0.0306157 -0.0361953 -0.0412907 -0.0455876 -0.0488377 -0.0508294 -0.0514656 -0.0507533 -0.0488536 -0.0459473 -0.0422967 -0.0381298 -0.0337409 -0.0293228 -0.0250958 -0.0211654 -0.0176706 -0.014621 -0.0120531 -0.00991046 -0.00817987 -0.00679036 -0.00570483 -0.00486567 -0.00422388 -0.00374969 -0.00339212 -0.0031398 -0.00293608 -0.00280094 -0.00268473 -0.00260185 -0.0025192 -0.00246337 -0.00240685 -0.00234977 -0.00230652 -0.00226149 -0.0022231 -0.00217379 -0.00215012 -0.00210829 -0.00207479 -0.00204612 -0.00201799 -0.00198644 -0.00195758 -0.00194142 -0.00190165 -0.00188313 -0.00186451 -0.00183705 -0.00180819 -0.00178959 -0.00177831 -0.00175622 -0.00173779 -0.00170622 -0.00170454 -0.00170961 -0.00167621 -0.0016505 -0.0016502 -0.00164378 -0.00162133 -0.00161698 -0.00159956 -0.00157527 -0.00157455 -0.00156798 -0.00156384 -0.00155369 -0.00154323 -0.00153688 -0.00152333 -0.00152334 -0.00151904 -0.00150817 -0.00150191 -0.00149405 -0.00148688 -0.00148329 -0.00148681 -0.00147983 -0.00148019 -0.00148355 -0.00146564 -0.00146865 -0.00146461 -0.00145133 -0.00146757 -0.00146155 
0 1.20375e-05 1.45684e-05 3.51088e-05 4.81706e-05 6.00511e-05 7.89655e-05 8.6305e-05 9.70481e-05 0.000108519 0.000120304 0.000134026 0.000146666 0.000161435 0.000170663 0.000184631 0.000198006 0.000212495 0.000233328 0.000245458 0.000262301 0.000269716 0.000276708 0.000299214 0.000308827 0.000330932 0.000355506 0.000359584 0.000378497 0.000404678 0.000418923 0.000440417 0.000462112 0.000465359 0.000488923 0.000519604 0.000529713 0.000551486 0.000578731 0.000599665 0.000624234 0.000659881 0.000678074 0.000703387 0.000745589 0.000764311 0.000793238 0.000830012 0.000862981 0.000885789 0.000928462 0.000970436 0.000994386 0.00104449 0.00109 0.00113364 0.00117507 0.00124252 0.00129738 0.00135416 0.00143991 0.00153355 0.00164612 0.00178783 0.00200497 0.00226746 0.00263404 0.00313056 0.00380639 0.0046741 0.00580576 0.00726218 0.00908088 0.0113208 0.0140255 0.0172486 0.020949 0.0251094 0.0296149 0.0343552 0.0391017 0.0436605 0.0477542 0.0511445 0.0535391 0.0547311 0.054543 0.0529392 0.0499728 0.0458249 0.0407285 0.0349824 0.0289282 0.0229368 0.0173486 0.0124061 0.00824087 0.00485765 0.00217035 -1.92234e-05 -0.00196981 -0.00399396 -0.00636996 -0.00933337 -0.0130189 -0.0174791 -0.0226386 -0.0283074 -0.034179 -0.0398989 -0.0451187 -0.0495247 -0.052857 -0.0549056 -0.0555743 -0.0548576 -0.0528899 -0.0498547 -0.0460304 -0.0416566 -0.0370107 -0.0322948 -0.0277515 -0.0235089 -0.0196968 -0.0163417 -0.0135023 -0.0111341 -0.00920132 -0.00763777 -0.00641695 -0.00547474 -0.00474043 -0.00419066 -0.00378574 -0.00349585 -0.00325662 -0.00309661 -0.00297296 -0.00287524 -0.00278007 -0.00272038 -0.00266361 -0.00259589 -0.00254837 -0.00250518 -0.00245905 -0.00240307 -0.00237703 -0.00233244 -0.00228656 -0.00225658 -0.00222466 -0.00218363 -0.00215056 -0.00213403 -0.00209283 -0.00206788 -0.00205049 -0.0020215 -0.00200003 -0.00198399 -0.00195754 -0.00193252 -0.0019288 -0.00190274 -0.00187366 -0.0018636 -0.00184331 -0.00182638 -0.00181948 -0.00179781 -0.00177645 -0.00177634 -0.00176477 -0.00175378 -0.00174845 -0.00172844 -0.00171697 -0.00170724 -0.00169764 -0.0016923 -0.00168205 -0.00167282 -0.00166491 -0.00165972 -0.0016539 -0.00165399 -0.00164902 -0.0016398 -0.00164123 -0.00162354 -0.00161734 -0.00162387 -0.00160944 -0.00162272 -0.00162543 -0.00161078 -0.00162384 -0.00160736 
0 1.5428e-05 2.98297e-05 4.29079e-05 5.23355e-05 6.32466e-05 7.81887e-05 8.90203e-05 0.000104274 0.000124902 0.000131563 0.000146666 0.000168375 0.000168688 0.000191764 0.000212929 0.000206228 0.0002379 0.00025263 0.000249434 0.000288603 0.000298659 0.000306776 0.000335865 0.000347189 0.000364973 0.000377344 0.000402165 0.000419454 0.000424737 0.000457685 0.000479351 0.000499058 0.000509356 0.000538957 0.000580594 0.00057911 0.000610643 0.000641104 0.000659523 0.00068965 0.000712639 0.000744231 0.000764419 0.000809573 0.000832567 0.000860138 0.000912444 0.000936717 0.000977677 0.00101771 0.00106894 0.00109768 0.00114879 0.00120833 0.00124142 0.0013022 0.00136173 0.00143154 0.00148492 0.00158593 0.00169182 0.00181185 0.0019862 0.00222454 0.00254079 0.0029426 0.00352896 0.00428194 0.00526922 0.00652684 0.00816173 0.0101774 0.0126426 0.0156157 0.0191273 0.0231424 0.027588 0.0323997 0.0373938 0.0423811 0.0470935 0.0513359 0.0547995 0.057248 0.058413 0.0582081 0.0565585 0.0535689 0.0493662 0.0442364 0.0384408 0.0323324 0.0262125 0.0204198 0.0151626 0.0105874 0.00667943 0.00337606 0.000490974 -0.0021848 -0.004932 -0.00797453 -0.0115268 -0.0156945 -0.0205423 -0.025978 -0.0318349 -0.0378037 -0.0435939 -0.0488566 -0.0533178 -0.0566705 -0.0587532 -0.0594277 -0.05873 -0.0567081 -0.0535988 -0.0496263 -0.0451035 -0.0402258 -0.0352655 -0.0304191 -0.0258969 -0.0217713 -0.0181299 -0.0150134 -0.0124181 -0.0102814 -0.00853843 -0.0071822 -0.00611938 -0.00530384 -0.00466181 -0.00421692 -0.00386948 -0.00360889 -0.00340835 -0.00327668 -0.00315888 -0.00304921 -0.00298321 -0.00291085 -0.00284628 -0.00277635 -0.00274243 -0.00267901 -0.00262714 -0.00259199 -0.00254628 -0.0025031 -0.00246101 -0.002441 -0.00238763 -0.00236191 -0.00233527 -0.00229634 -0.00227201 -0.00224002 -0.00221576 -0.0021805 -0.00217149 -0.00213672 -0.00210059 -0.0021024 -0.00207566 -0.00205214 -0.00202799 -0.00202053 -0.00201071 -0.00198002 -0.00197098 -0.0019555 -0.00194397 -0.001922 -0.0019085 -0.0019099 -0.00187578 -0.00187625 -0.00187789 -0.00184611 -0.00185215 -0.00184526 -0.0018245 -0.00182672 -0.00181834 -0.00180675 -0.00180093 -0.00179475 -0.00178533 -0.0017815 -0.00178665 -0.00177872 -0.00177487 -0.00177689 -0.00176215 -0.00175961 -0.00176339 -0.00175391 -0.00176115 
0 1.46471e-05 2.88039e-05 4.24952e-05 5.79792e-05 7.22058e-05 8.45144e-05 0.000101737 0.000116634 0.000126935 0.000147978 0.000161435 0.000168688 0.000196486 0.000205308 0.000214755 0.000251478 0.000252385 0.000264607 0.000295757 0.000294077 0.000318527 0.000346517 0.000360999 0.000376719 0.000389154 0.00042115 0.000426461 0.00045328 0.000493828 0.000488046 0.000507992 0.00053747 0.000576881 0.000593022 0.000596953 0.00064082 0.000665494 0.000699363 0.000713904 0.000744197 0.000787462 0.000803386 0.000846814 0.000871899 0.000913018 0.000943792 0.000985298 0.0010279 0.00105572 0.0011168 0.00114932 0.00120157 0.00124717 0.00130887 0.0013567 0.00141238 0.00149297 0.00155034 0.0016372 0.00172995 0.0018637 0.00199491 0.00220174 0.0024737 0.00282791 0.00330188 0.00394931 0.0048133 0.00589802 0.00732005 0.00911002 0.0113451 0.0140296 0.0172788 0.0210673 0.025376 0.0301011 0.0351739 0.0404036 0.0455643 0.0504176 0.0547343 0.058257 0.0606914 0.0618463 0.061598 0.0599584 0.0569581 0.0527895 0.047669 0.0419251 0.0358101 0.0296504 0.0236792 0.0181525 0.0131421 0.00869774 0.00470717 0.00107942 -0.00241184 -0.0059346 -0.00972523 -0.0138951 -0.0185892 -0.0238011 -0.0295043 -0.0354771 -0.0415061 -0.047275 -0.0525399 -0.056968 -0.0603237 -0.0623801 -0.0630782 -0.0623728 -0.0603559 -0.0571807 -0.0531323 -0.0484671 -0.0434241 -0.0382326 -0.0331329 -0.0283298 -0.023915 -0.0199917 -0.0165968 -0.0137709 -0.0114097 -0.00950299 -0.00797524 -0.00680721 -0.00587352 -0.00516883 -0.00464287 -0.00425768 -0.0039561 -0.00372782 -0.00357722 -0.00343564 -0.00333223 -0.00323526 -0.00317529 -0.00308876 -0.00303076 -0.00297518 -0.00291705 -0.00286438 -0.00281134 -0.00277726 -0.0027146 -0.00268605 -0.00263856 -0.00260199 -0.00256477 -0.0025279 -0.0024987 -0.00245408 -0.00244279 -0.00240017 -0.00237097 -0.00234452 -0.0023251 -0.00231118 -0.00226115 -0.00224615 -0.00223423 -0.0022255 -0.00218935 -0.00215412 -0.00216431 -0.00213847 -0.00212046 -0.00210771 -0.00208901 -0.00207346 -0.00205247 -0.00206198 -0.00204045 -0.00201885 -0.00202626 -0.00199906 -0.00199099 -0.0019946 -0.00197653 -0.00196882 -0.00196229 -0.0019547 -0.00194661 -0.0019433 -0.00194132 -0.00192955 -0.00193039 -0.0019271 -0.00191476 -0.00192022 -0.00191532 -0.00190683 -0.00191576 -0.00190902 
0 1.07585e-05 2.84887e-05 4.08832e-05 6.21552e-05 8.0413e-05 9.59685e-05 0.000113938 0.000124027 0.000140273 0.000154043 0.000170663 0.000191764 0.000205308 0.000224875 0.000238811 0.000255298 0.000273655 0.000292918 0.000320603 0.000330025 0.00035243 0.000365694 0.000370182 0.00041145 0.000426831 0.000447974 0.000478947 0.000485968 0.000509387 0.000538877 0.000576724 0.000587432 0.000600201 0.000634007 0.000660758 0.000699854 0.000709377 0.000740702 0.000782236 0.000809639 0.000845234 0.000872701 0.000919087 0.000946154 0.000989905 0.00102864 0.00106394 0.00111321 0.0011498 0.00120419 0.00124292 0.00130229 0.00135131 0.0014102 0.00147151 0.00153374 0.00161324 0.00168343 0.00178344 0.00188658 0.00203065 0.00219292 0.00242696 0.00273246 0.00313763 0.00368175 0.00440864 0.00536901 0.00658502 0.00815985 0.0101292 0.0125704 0.0155009 0.0190125 0.0230762 0.0276582 0.032649 0.0379549 0.0433749 0.0486776 0.0536239 0.0579857 0.0615071 0.0639123 0.0650278 0.0647613 0.0631323 0.0601794 0.0560806 0.0510541 0.0454046 0.0393616 0.0331964 0.0271084 0.0213154 0.0158851 0.0108608 0.00616002 0.00172128 -0.00262222 -0.0069923 -0.0115623 -0.0164065 -0.0216294 -0.0272195 -0.033144 -0.03921 -0.0452312 -0.0509442 -0.0561315 -0.0604899 -0.0637861 -0.0658107 -0.0665 -0.065808 -0.0638007 -0.0606156 -0.056516 -0.051756 -0.0465726 -0.0411972 -0.0358703 -0.0308052 -0.0261172 -0.0219193 -0.0182596 -0.0151813 -0.0126059 -0.0105143 -0.00882865 -0.00752129 -0.00648521 -0.00569749 -0.0050988 -0.00465652 -0.00431957 -0.00406372 -0.00388071 -0.0037261 -0.00361356 -0.0035053 -0.00343014 -0.00334578 -0.00328248 -0.00321383 -0.00315542 -0.00310124 -0.00304042 -0.00299621 -0.00293988 -0.00290125 -0.00284599 -0.00281185 -0.00276755 -0.00272596 -0.00269756 -0.00265477 -0.00262493 -0.0025895 -0.00257531 -0.0025344 -0.0025011 -0.00248564 -0.00245997 -0.00244445 -0.00240045 -0.00237656 -0.0023667 -0.00235265 -0.00232416 -0.00229356 -0.00229149 -0.00226405 -0.0022584 -0.00225531 -0.00222315 -0.00221446 -0.00219671 -0.00218418 -0.00217796 -0.00216455 -0.00215472 -0.00213775 -0.00213201 -0.00212343 -0.00211656 -0.00211555 -0.0021055 -0.00210244 -0.00208968 -0.00208058 -0.00207776 -0.00206739 -0.00207338 -0.0020706 -0.00206774 -0.00207273 -0.00206023 -0.00206073 
0 1.87058e-05 4.43802e-05 5.1896e-05 6.91908e-05 8.00186e-05 9.17521e-05 0.000115974 0.000128556 0.000157638 0.000173746 0.000184631 0.000212929 0.000214755 0.000238811 0.000265846 0.000269903 0.000299492 0.000314463 0.000327749 0.000350914 0.000375713 0.000404935 0.000414868 0.000449484 0.000463155 0.000466007 0.000514875 0.000527685 0.000546499 0.00058127 0.000595984 0.000628638 0.000659502 0.00069113 0.000715546 0.000747051 0.000778285 0.00080248 0.000848521 0.000869649 0.000899369 0.000947027 0.000978272 0.00101483 0.0010588 0.00110737 0.00114286 0.00119543 0.00125125 0.00129172 0.0013505 0.00140956 0.00146598 0.00152229 0.00159481 0.00166575 0.00173441 0.00182766 0.00192853 0.00204888 0.00219632 0.00239875 0.00265622 0.00299822 0.0034636 0.00408031 0.00489714 0.00595379 0.00732312 0.00905012 0.0112142 0.013861 0.0170548 0.0208198 0.0251532 0.0299915 0.0352325 0.0407402 0.0463112 0.0517221 0.0567228 0.0610938 0.0645669 0.0669228 0.0679837 0.0677123 0.0661017 0.0632385 0.0592505 0.0543824 0.0488684 0.0429511 0.0368129 0.030652 0.0246023 0.0187605 0.0131305 0.00770153 0.00240983 -0.00281269 -0.00807433 -0.0134473 -0.0190016 -0.0247585 -0.0307314 -0.0368452 -0.0429814 -0.0489499 -0.0545748 -0.0596257 -0.0638739 -0.0670648 -0.0690458 -0.0697075 -0.0690376 -0.0670506 -0.0638976 -0.0597793 -0.0549624 -0.049668 -0.0441482 -0.0386261 -0.0333187 -0.0283746 -0.0239115 -0.0199996 -0.0166576 -0.0138702 -0.0115814 -0.00974283 -0.00827685 -0.00714069 -0.00625927 -0.00558985 -0.00507894 -0.00470468 -0.00442096 -0.00419758 -0.00403092 -0.00389904 -0.00378774 -0.0036825 -0.00360637 -0.00352934 -0.00345146 -0.00338715 -0.00333029 -0.00326874 -0.0032065 -0.00316717 -0.00311228 -0.00306085 -0.00302469 -0.00298154 -0.00293534 -0.00289773 -0.00287104 -0.00282014 -0.00278719 -0.00276188 -0.00271981 -0.0026948 -0.00266135 -0.00263145 -0.00260705 -0.00258944 -0.00256228 -0.0025347 -0.00252818 -0.00249002 -0.0024801 -0.00247651 -0.00243313 -0.002421 -0.00240471 -0.00238496 -0.00237312 -0.00236207 -0.00235281 -0.00232604 -0.00232622 -0.00231623 -0.00229689 -0.00230326 -0.00228313 -0.00227321 -0.00226358 -0.00224564 -0.00225039 -0.00223784 -0.00224359 -0.00224428 -0.00222523 -0.00223571 -0.00221493 -0.00220618 -0.00222056 -0.00219922 -0.00221575 
0 6.24783e-06 4.08921e-05 4.28754e-05 6.86626e-05 0.000102702 0.000101408 0.000134089 0.000151485 0.000147369 0.000187032 0.000198006 0.000206228 0.000251478 0.000255298 0.000269903 0.000309398 0.00031368 0.000336964 0.000367153 0.000376926 0.000398603 0.000420923 0.000448038 0.000466625 0.000488278 0.0005267 0.000540848 0.000563955 0.0006033 0.000628649 0.000640581 0.000665629 0.000720146 0.000733977 0.000749981 0.000800455 0.000828082 0.000865308 0.000900274 0.000934833 0.000974603 0.00101932 0.00106073 0.00108861 0.00114921 0.00118939 0.00122675 0.00128567 0.00133633 0.00138528 0.00143822 0.00151376 0.00156279 0.00162961 0.00171307 0.00178618 0.00186711 0.00196694 0.00209331 0.00221364 0.00239183 0.00262076 0.00291445 0.00329596 0.00382389 0.00452506 0.0054213 0.00660069 0.00810806 0.0100138 0.0123545 0.0152341 0.0186731 0.0227 0.0272786 0.0323649 0.037829 0.043505 0.0491952 0.0546719 0.0597038 0.0640314 0.0674387 0.0697063 0.0707277 0.0704345 0.0688784 0.0661113 0.0622991 0.057611 0.0522925 0.0465106 0.0404514 0.0342215 0.0279518 0.0216806 0.0154602 0.00927228 0.00313414 -0.00300363 -0.0091521 -0.0153626 -0.0216185 -0.0279371 -0.0342676 -0.0405767 -0.0467401 -0.0526552 -0.0581425 -0.0630441 -0.0671213 -0.0702004 -0.0721 -0.0727505 -0.0720835 -0.0701519 -0.0670415 -0.0629567 -0.0581012 -0.052738 -0.047098 -0.0414158 -0.0358881 -0.030698 -0.0259868 -0.0218152 -0.0182224 -0.0151942 -0.0127195 -0.0106969 -0.00908532 -0.00781525 -0.00684978 -0.0060899 -0.00551361 -0.00509117 -0.00477356 -0.00452117 -0.00432443 -0.00419219 -0.00405967 -0.00395181 -0.00386257 -0.00379086 -0.00370184 -0.00363156 -0.00357903 -0.00350402 -0.00344454 -0.00339136 -0.00334165 -0.00327444 -0.00323502 -0.00319258 -0.00313209 -0.00309804 -0.00305731 -0.00301939 -0.00297899 -0.00294816 -0.00291006 -0.00288294 -0.00286788 -0.00281205 -0.00278841 -0.00278188 -0.00274637 -0.00270884 -0.00268664 -0.00267805 -0.00264429 -0.00262126 -0.00261164 -0.00258863 -0.00257288 -0.00255477 -0.002548 -0.00252727 -0.00250232 -0.00250802 -0.00248158 -0.00246301 -0.00247168 -0.00243939 -0.00243005 -0.00244023 -0.00241631 -0.00241697 -0.00241769 -0.00239315 -0.00239252 -0.00238607 -0.00237248 -0.00237886 -0.0023748 -0.00237167 -0.00237418 -0.00236555 -0.00236428 
0 2.25334e-05 3.42868e-05 5.99484e-05 7.70245e-05 9.12944e-05 0.000118401 0.000132827 0.000151675 0.000178018 0.000191482 0.000212495 0.0002379 0.000252385 0.000273655 0.000299492 0.00031368 0.000335123 0.000364379 0.000382095 0.000407793 0.000437481 0.000452477 0.0004697 0.000501473 0.000531028 0.000548991 0.00058418 0.000610715 0.000620602 0.000659992 0.000702306 0.000732407 0.000746717 0.000773717 0.000828064 0.00086081 0.000885129 0.000915097 0.000965876 0.00100401 0.00103455 0.00108743 0.0011222 0.00117157 0.00122122 0.00126993 0.00131632 0.00137377 0.00143765 0.00147931 0.00155304 0.0016171 0.00168082 0.00174837 0.00183642 0.00191785 0.00199709 0.00212015 0.00224135 0.00239116 0.00257822 0.0028496 0.00317002 0.00360616 0.00420267 0.00498325 0.00598534 0.00728028 0.00895698 0.0110242 0.0135805 0.0166768 0.0203845 0.0246494 0.0294821 0.0347897 0.0404585 0.0462702 0.0520466 0.0575637 0.0625812 0.0668453 0.0701425 0.0723258 0.0732799 0.0729894 0.0714732 0.0688488 0.0652155 0.0607626 0.055636 0.0500338 0.0440434 0.0377842 0.0312781 0.0246097 0.0177805 0.0108659 0.00386204 -0.00316163 -0.010217 -0.017234 -0.0242117 -0.0310629 -0.0377717 -0.0442418 -0.0504474 -0.0562705 -0.0616305 -0.0663341 -0.070241 -0.0731607 -0.0749917 -0.0756029 -0.0749652 -0.0730781 -0.070051 -0.0660118 -0.0611642 -0.0557515 -0.0500257 -0.0442099 -0.0384868 -0.0330759 -0.0281144 -0.0237063 -0.0198477 -0.0165989 -0.0139041 -0.0117192 -0.0099347 -0.00854712 -0.00746875 -0.00663229 -0.0059814 -0.00550466 -0.00515358 -0.00486103 -0.0046502 -0.00448512 -0.0043557 -0.00422041 -0.00413213 -0.00404348 -0.00395352 -0.00387505 -0.00380946 -0.00374243 -0.00366456 -0.00361927 -0.00355485 -0.00349859 -0.00344624 -0.00340096 -0.00335038 -0.00330338 -0.0032684 -0.00321254 -0.00318347 -0.003151 -0.00310658 -0.00306236 -0.00303625 -0.00302179 -0.00297725 -0.00293739 -0.00291131 -0.00290335 -0.00287893 -0.00283534 -0.00282082 -0.00280203 -0.00277712 -0.002763 -0.00274802 -0.00272184 -0.00269743 -0.00269119 -0.00267456 -0.00265632 -0.00264958 -0.00263149 -0.00261616 -0.00261174 -0.00259931 -0.00258609 -0.00258215 -0.0025704 -0.00255829 -0.00255625 -0.00254602 -0.00253974 -0.00253936 -0.00253041 -0.00252833 -0.00252584 -0.00251935 -0.00252042 -0.00251673 
