0 0 0 0 0 0 0 0 0 0 0 0 0 0 0 0 0 0 0 0 0 0 0 0 0 0 0 0 0 0 0 0 0 0 0 0 0 0 0 0 0 0 0 0 0 0 0 0 0 0 0 0 0 0 0 0 0 0 0 0 0 0 0 0 0 0 0 0 0 0 0 0 0 0 0 0 0 0 0 0 0 0 0 0 0 0 0 0 0 0 0 0 0 0 0 0 0 0 0 0 0 0 0 0 0 0 0 0 0 0 0 0 0 0 0 0 0 0 0 0 0 0 0 0 0 0 0 0 0 0 0 0 0 0 0 0 0 0 0 0 0 0 0 0 0 0 0 0 0 0 0 0 0 0 0 0 0 0 0 0 0 0 0 0 0 0 0 0 0 0 0 0 0 0 0 0 0 0 0 0 0 0 0 0 0 0 0 0 0 0 0 0 0 0 0 0 0 0 0 0 
0 -4.53042e-07 7.08694e-07 -4.41149e-06 1.53685e-06 1.0043e-06 9.2346e-07 8.87066e-06 1.85511e-06 5.34965e-06 6.04136e-06 -2.79422e-06 5.69731e-06 2.17932e-06 5.10062e-07 1.07276e-05 3.25655e-06 5.07644e-06 1.04654e-05 1.24809e-06 8.14035e-06 1.15474e-05 5.75588e-06 1.35199e-05 9.20067e-06 5.42232e-06 6.92725e-06 6.6169e-06 1.21539e-05 1.2136e-05 2.51854e-05 2.54824e-05 2.94549e-05 5.50534e-05 7.0138e-05 0.000108403 0.000163619 0.000229556 0.000309209 0.000436907 0.000596119 0.000776655 0.00103066 0.00130685 0.0016303 0.0020063 0.00242903 0.00286428 0.00327512 0.00365793 0.00396327 0.00417434 0.00421296 0.00410808 0.00383309 0.00337561 0.00274985 0.00198221 0.00112212 0.000209823 -0.000653186 -0.00145893 -0.00212546 -0.00264836 -0.00299577 -0.00318168 -0.00318625 -0.0030568 -0.00284087 -0.00255559 -0.00225195 -0.00193638 -0.00164307 -0.00136042 -0.00115052 -0.000964809 -0.000818056 -0.00068226 -0.000597165 -0.000516962 -0.000464696 -0.000412744 -0.000371291 -0.00032753 -0.000307283 -0.000286991 -0.000254152 -0.000225156 -0.000214149 -0.000205173 -0.000174928 -0.000156077 -0.000146959 -0.000141595 -0.000113489 -0.000101568 -9.21341e-05 -8.73449e-05 -6.05727e-05 -5.24777e-05 -4.28321e-05 -3.68847e-05 -9.87138e-06 -3.23478e-06 5.76828e-06 1.49548e-05 4.38202e-05 5.08274e-05 5.89595e-05 7.42574e-05 0.000105709 0.000115762 0.000125122 0.00014972 0.000183435 0.000203066 0.000220785 0.000258976 0.000298166 0.000344713 0.000391341 0.000461826 0.000535128 0.000655178 0.000787402 0.000955216 0.00114227 0.00140334 0.00168004 0.00198614 0.00228534 0.00258085 0.00281622 0.00298403 0.00303078 0.00291121 0.00262984 0.00217789 0.00157637 0.000826608 4.76108e-06 -0.000885735 -0.0017427 -0.00252867 -0.0031859 -0.00369433 -0.00401538 -0.00416676 -0.00417767 -0.00402323 -0.00375655 -0.00338994 -0.00299733 -0.00258339 -0.00217334 -0.00178089 -0.0014479 -0.00116989 -0.000909951 -0.000720815 -0.000556483 -0.00041951 -0.000320122 -0.000255316 -0.000200578 -0.00015713 -0.00014082 -0.000112323 -0.000103225 -0.000100393 -9.74253e-05 -9.7923e-05 -9.30422e-05 -9.72054e-05 -8.73169e-05 -8.84474e-05 -9.39581e-05 -8.51574e-05 -9.20762e-05 -9.16947e-05 -8.28663e-05 -8.85627e-05 -8.61572e-05 -8.24072e-05 -9.16947e-05 -8.91175e-05 -8.81995e-05 -9.37836e-05 -8.57152e-05 -8.54709e-05 -8.68145e-05 -8.07408e-05 -8.52764e-05 -8.67611e-05 -8.49092e-05 -8.98086e-05 -8.84274e-05 -8.55247e-05 -8.861e-05 -8.55683e-05 
0 7.08694e-07 7.11605e-06 2.36272e-06 8.61426e-06 2.61677e-06 1.18192e-06 3.09021e-06 -3.16041e-06 8.52913e-06 2.48992e-06 1.10795e-05 1.55127e-05 3.08464e-06 2.03395e-05 3.27546e-06 7.5055e-06 2.02847e-05 3.60083e-07 2.21794e-05 1.38711e-05 5.52486e-06 1.88528e-05 9.45112e-06 1.46933e-05 2.26815e-05 3.01669e-05 1.95827e-05 3.2332e-05 3.19288e-05 2.01162e-05 6.00707e-05 6.51092e-05 9.78604e-05 0.000153472 0.000208743 0.000309431 0.000445971 0.000647305 0.000882171 0.00119318 0.00157957 0.00204928 0.00261418 0.00328078 0.00404953 0.0048373 0.0056918 0.00655211 0.00731228 0.00790444 0.00828849 0.00840332 0.00818763 0.00763977 0.00671664 0.00547948 0.00396291 0.0022432 0.000445045 -0.00128943 -0.00287176 -0.00421859 -0.00524639 -0.0059569 -0.0063188 -0.00634387 -0.00609206 -0.00566568 -0.00510889 -0.00449838 -0.00388403 -0.00328584 -0.00274322 -0.00230337 -0.00194923 -0.00163728 -0.00138569 -0.00119579 -0.00105079 -0.000931403 -0.000838863 -0.00074606 -0.000668226 -0.000619823 -0.000580911 -0.000515563 -0.000459469 -0.00043641 -0.00041286 -0.000360023 -0.000317451 -0.00030364 -0.000283038 -0.000238696 -0.000205611 -0.000194635 -0.000173229 -0.000133502 -0.000106047 -9.5972e-05 -7.2106e-05 -3.22679e-05 -7.6195e-06 1.98278e-06 3.06568e-05 7.53773e-05 9.916e-05 0.000109988 0.000147056 0.000200401 0.000226658 0.000244973 0.000294533 0.000359252 0.000398431 0.000440092 0.000509497 0.00059578 0.000680144 0.00078693 0.000915009 0.00108123 0.00130426 0.00158775 0.00190776 0.00230537 0.00280662 0.00337606 0.00397165 0.00457968 0.00515551 0.00562769 0.00595359 0.00603579 0.00580162 0.00522651 0.00433629 0.00311709 0.00164246 -1.31162e-05 -0.00176603 -0.00349044 -0.00504787 -0.00635254 -0.00736032 -0.00801196 -0.00833977 -0.00832323 -0.00801618 -0.00749345 -0.0068113 -0.00598953 -0.00513255 -0.0043385 -0.00358062 -0.00290879 -0.00231746 -0.00183134 -0.00142498 -0.00109895 -0.00085521 -0.000659077 -0.000509772 -0.000388678 -0.000334023 -0.000270186 -0.000236942 -0.000235385 -0.000195791 -0.000192522 -0.000187097 -0.000177966 -0.00017722 -0.000186356 -0.000181995 -0.000172245 -0.000189336 -0.000167893 -0.00017741 -0.000186861 -0.000169806 -0.000189393 -0.000175186 -0.000172853 -0.000175664 -0.000163969 -0.000174341 -0.000168034 -0.000177271 -0.000177548 -0.000173901 -0.000182995 -0.000167023 -0.000174836 -0.00017081 -0.000162499 -0.000177663 -0.000164448 -0.00017377 
0 -4.41149e-06 2.36272e-06 -4.58943e-06 4.19527e-06 4.75966e-06 4.4484e-06 1.68052e-05 6.95341e-06 1.26666e-05 1.32114e-05 1.96757e-06 1.43133e-05 8.60943e-06 9.72499e-06 2.19619e-05 1.32402e-05 1.83665e-05 2.21997e-05 1.41765e-05 2.26342e-05 2.61782e-05 2.26606e-05 3.06671e-05 2.63542e-05 2.27499e-05 2.50885e-05 2.58771e-05 3.73779e-05 4.21583e-05 6.38323e-05 7.93192e-05 9.90569e-05 0.000159291 0.000222623 0.000329676 0.000488955 0.000691751 0.000954363 0.00132683 0.00179804 0.00236384 0.00309568 0.00393492 0.0049132 0.0060366 0.00727077 0.00855211 0.00978792 0.0109119 0.01181 0.0124021 0.0125382 0.012218 0.0113932 0.0100346 0.00818494 0.00592183 0.00337607 0.000700486 -0.00187279 -0.00424438 -0.00623923 -0.00779423 -0.00884969 -0.0094083 -0.00945782 -0.00910642 -0.00848113 -0.00766005 -0.00676191 -0.00583822 -0.00495751 -0.00413962 -0.00348673 -0.00293372 -0.00247818 -0.00208716 -0.00180803 -0.00157475 -0.00140326 -0.00125128 -0.00112003 -0.00099947 -0.000926938 -0.000859904 -0.00076889 -0.000688423 -0.000647201 -0.000609013 -0.000533622 -0.000476717 -0.000445597 -0.000416808 -0.000350905 -0.000309288 -0.000280852 -0.000253939 -0.000192953 -0.000159679 -0.000131991 -0.000102726 -4.1447e-05 -1.1186e-05 1.59571e-05 5.22834e-05 0.000119088 0.000150793 0.000178992 0.000228733 0.000305317 0.000345267 0.000381499 0.000452464 0.000542955 0.000607789 0.000672023 0.000778664 0.000900373 0.00103758 0.00119007 0.00139498 0.00163836 0.00198501 0.00239521 0.00289457 0.00348323 0.00423996 0.00507429 0.00597119 0.00686299 0.00771482 0.00840565 0.00887122 0.00897731 0.00861034 0.00775415 0.00640478 0.00460042 0.00239055 -6.47932e-05 -0.00267755 -0.00521969 -0.00753796 -0.00948509 -0.0109825 -0.0119501 -0.0124163 -0.0124282 -0.0119838 -0.0111967 -0.0101422 -0.00896237 -0.0077251 -0.00651091 -0.00536358 -0.00436301 -0.00350813 -0.0027561 -0.00216603 -0.00167536 -0.00127775 -0.000980739 -0.000770425 -0.000604267 -0.000486297 -0.00041674 -0.00034923 -0.000320441 -0.000302037 -0.000291844 -0.00028848 -0.00027926 -0.000281101 -0.000269185 -0.000268555 -0.000273614 -0.000265247 -0.000269912 -0.000270543 -0.00025899 -0.00026322 -0.000262384 -0.000255478 -0.000268392 -0.000265196 -0.000263387 -0.000271438 -0.000258796 -0.000259743 -0.000259428 -0.000251233 -0.000258444 -0.000257584 -0.000257966 -0.000262914 -0.000261194 -0.000260939 -0.00025993 -0.00025778 
0 1.53685e-06 8.61426e-06 4.19527e-06 6.86841e-06 6.46771e-06 5.09208e-06 9.13008e-06 6.25341e-06 1.23176e-05 1.3604e-05 1.46867e-05 2.06404e-05 1.64377e-05 2.0975e-05 2.0204e-05 1.89993e-05 2.52297e-05 2.24894e-05 2.67988e-05 2.82936e-05 2.65374e-05 2.98631e-05 3.13683e-05 3.34506e-05 3.88045e-05 4.43295e-05 4.41506e-05 5.38794e-05 5.96547e-05 7.23152e-05 0.000105437 0.000141153 0.000209528 0.000306104 0.000443148 0.000647278 0.000925779 0.0013019 0.00179215 0.00241543 0.00318619 0.00413742 0.00526389 0.0065787 0.00807011 0.00967647 0.011355 0.0130015 0.0144794 0.01565 0.016398 0.0165939 0.0161662 0.015068 0.0132716 0.0108378 0.00786524 0.00451616 0.0010117 -0.00239196 -0.00550794 -0.00815615 -0.0102173 -0.0116354 -0.0123858 -0.0124903 -0.0120624 -0.0112587 -0.0102009 -0.00902277 -0.00781413 -0.00664614 -0.00558185 -0.00469387 -0.00395685 -0.0033376 -0.00282762 -0.0024356 -0.00212821 -0.00188637 -0.00168528 -0.00150503 -0.00135323 -0.00124506 -0.00114987 -0.00103504 -0.000934436 -0.000870481 -0.000810329 -0.000722254 -0.000647708 -0.000600743 -0.000552584 -0.000479239 -0.000420544 -0.000380225 -0.000335143 -0.000268906 -0.000218679 -0.000180571 -0.000133563 -6.73563e-05 -1.98931e-05 1.86551e-05 7.27189e-05 0.000145944 0.000195886 0.000238956 0.000306817 0.000394252 0.000454961 0.000512302 0.000603292 0.000714701 0.00080619 0.000902956 0.00103855 0.00120398 0.00138625 0.00160145 0.00187184 0.00221667 0.0026704 0.00322869 0.00389513 0.0047029 0.00569071 0.00680168 0.00797807 0.00915557 0.0102569 0.0111554 0.0117362 0.0118403 0.0113392 0.0101862 0.00839208 0.00599127 0.00308351 -0.000169718 -0.00359522 -0.00694729 -0.0099958 -0.0125609 -0.014531 -0.0158258 -0.016457 -0.0164538 -0.0158787 -0.0148529 -0.0134904 -0.011917 -0.0102702 -0.0086721 -0.00717309 -0.00583762 -0.00467945 -0.00369534 -0.00289043 -0.00223926 -0.00172607 -0.00133015 -0.00103365 -0.00081035 -0.000661333 -0.000555396 -0.000482144 -0.000443262 -0.000406324 -0.000388061 -0.000377156 -0.000366691 -0.000365081 -0.000363733 -0.00036062 -0.000358705 -0.000359114 -0.00035361 -0.00035669 -0.000356093 -0.000353456 -0.000357866 -0.000350781 -0.000351525 -0.000349134 -0.000344332 -0.000348634 -0.00034462 -0.000348312 -0.000349195 -0.000346856 -0.000350027 -0.00034496 -0.000345979 -0.000343727 -0.000340566 -0.000344411 -0.000340866 -0.000345096 
0 1.0043e-06 2.61677e-06 4.75966e-06 6.46771e-06 9.82777e-06 1.14405e-05 9.40508e-06 1.376e-05 1.50578e-05 1.36547e-05 2.16732e-05 1.93187e-05 2.03408e-05 2.82786e-05 2.09364e-05 2.7908e-05 3.20544e-05 2.55125e-05 3.74581e-05 3.47449e-05 3.30255e-05 4.19849e-05 3.78046e-05 4.18956e-05 4.74271e-05 5.17708e-05 5.46607e-05 6.47101e-05 8.0131e-05 9.15483e-05 0.000135379 0.00018781 0.000264522 0.000396069 0.000571498 0.000825301 0.00117581 0.00165509 0.00226346 0.00304182 0.00402186 0.00519576 0.0066066 0.00824381 0.0100924 0.0120788 0.0141442 0.0161708 0.0179781 0.0194142 0.0203102 0.020554 0.0200125 0.0186447 0.0164299 0.0134329 0.00978051 0.00566737 0.00137681 -0.00282521 -0.00665923 -0.00994422 -0.0125075 -0.0142901 -0.0152449 -0.0154292 -0.0149568 -0.014001 -0.0127332 -0.0112935 -0.00981356 -0.00836931 -0.00706756 -0.00593997 -0.00501129 -0.00422462 -0.00359258 -0.0030811 -0.00269349 -0.00237622 -0.00212081 -0.00189214 -0.00170932 -0.00156117 -0.00143257 -0.00129863 -0.00118009 -0.00108933 -0.00100276 -0.000907625 -0.000817024 -0.000750758 -0.00068004 -0.000604442 -0.000529117 -0.000474108 -0.000408707 -0.000341873 -0.000274185 -0.000223006 -0.000156812 -9.03314e-05 -2.42997e-05 2.88388e-05 0.000101398 0.000175793 0.000246358 0.000308463 0.000394299 0.000486666 0.000571651 0.000654958 0.000765084 0.000892001 0.00101427 0.00114807 0.00131277 0.00152016 0.00175132 0.00203287 0.00237354 0.00282514 0.00338811 0.00409587 0.00493549 0.00596712 0.00717814 0.00855449 0.00999708 0.0114429 0.0127679 0.0138483 0.0145121 0.0145868 0.013935 0.0124805 0.010242 0.00725857 0.00367637 -0.000345297 -0.00454216 -0.00866056 -0.0124044 -0.0155651 -0.0179867 -0.0195963 -0.0203881 -0.0203829 -0.0196941 -0.0184354 -0.0167742 -0.0148383 -0.0128135 -0.0108358 -0.00898721 -0.00732363 -0.00587163 -0.00465984 -0.00364123 -0.00282477 -0.00218361 -0.0016845 -0.00130448 -0.00102721 -0.000840191 -0.000694848 -0.000610028 -0.000554099 -0.00050833 -0.000487769 -0.000472571 -0.000463783 -0.000455233 -0.000457947 -0.000452317 -0.000445561 -0.000452959 -0.000442152 -0.000443379 -0.000447828 -0.000438245 -0.000443233 -0.000441149 -0.000435653 -0.000438559 -0.000435979 -0.000434331 -0.000435897 -0.000435714 -0.000432978 -0.000434597 -0.000433124 -0.000428808 -0.000433437 -0.000430031 -0.000429172 -0.000434361 -0.000427712 -0.00043065 
0 9.2346e-07 1.18192e-06 4.4484e-06 5.09208e-06 1.14405e-05 1.04919e-05 1.67604e-05 2.20367e-05 1.4888e-05 2.61436e-05 1.71383e-05 1.89477e-05 3.18871e-05 1.70604e-05 3.81425e-05 3.50028e-05 2.70434e-05 4.88968e-05 3.0325e-05 4.13346e-05 5.11298e-05 4.23172e-05 5.47437e-05 5.42429e-05 5.34117e-05 5.1432e-05 7.00407e-05 7.22218e-05 9.09831e-05 0.000137141 0.000155568 0.000233522 0.000334827 0.000480038 0.000710232 0.00102203 0.00145317 0.00200389 0.00275484 0.00369548 0.00486176 0.00628734 0.00797435 0.00991906 0.0120885 0.014483 0.0169226 0.0192741 0.021387 0.0230738 0.0241281 0.0243773 0.0237298 0.0220938 0.0194928 0.015954 0.0116568 0.00683851 0.00180067 -0.00314094 -0.00767824 -0.0115603 -0.0146351 -0.0167691 -0.0179575 -0.0182417 -0.0177659 -0.0166933 -0.0152443 -0.0135752 -0.0118327 -0.0101416 -0.00859574 -0.007245 -0.00610076 -0.00516032 -0.00438329 -0.00376426 -0.00327343 -0.00288901 -0.00256131 -0.0022952 -0.00207083 -0.00188594 -0.00171496 -0.00156776 -0.00143045 -0.00131011 -0.00119591 -0.00109332 -0.000991689 -0.000898791 -0.000809951 -0.000727086 -0.000643242 -0.000563659 -0.000485696 -0.000410869 -0.000334894 -0.000259806 -0.000183403 -0.000109089 -3.2941e-05 4.52296e-05 0.000127966 0.00020905 0.000294449 0.000384105 0.000482281 0.00058086 0.000689178 0.000803021 0.000932007 0.00106981 0.00122892 0.00139837 0.001601 0.00184053 0.00213547 0.00247599 0.00290815 0.00345549 0.00414969 0.00499331 0.00603091 0.00727133 0.00871706 0.0103301 0.0120361 0.0137182 0.0152454 0.0164707 0.0171814 0.017201 0.0163697 0.0146193 0.011924 0.00839217 0.00414512 -0.00059025 -0.00552889 -0.0103491 -0.0147527 -0.0184822 -0.0213359 -0.0232482 -0.0241767 -0.0242094 -0.0234179 -0.0219436 -0.0199691 -0.0177261 -0.0153648 -0.0129963 -0.0107983 -0.00881802 -0.00710153 -0.00562869 -0.00442058 -0.00343758 -0.00264361 -0.00204435 -0.00159006 -0.00126583 -0.00100896 -0.000854232 -0.000739275 -0.000648617 -0.000624969 -0.000587822 -0.000570343 -0.000563044 -0.000554377 -0.000540916 -0.000540563 -0.000547152 -0.000527561 -0.000545196 -0.000534565 -0.000522127 -0.000538438 -0.00051762 -0.000527863 -0.000530865 -0.000522777 -0.000533266 -0.000523255 -0.000524752 -0.000519699 -0.000516665 -0.000519379 -0.000513307 -0.000522223 -0.000516363 -0.000518644 -0.00052338 -0.000512604 -0.000522184 -0.000515069 
0 8.87066e-06 3.09021e-06 1.68052e-05 9.13008e-06 9.40508e-06 1.67604e-05 5.91476e-06 1.94822e-05 1.75194e-05 1.89046e-05 3.61582e-05 2.614e-05 3.57301e-05 3.84775e-05 2.8247e-05 4.09606e-05 3.83684e-05 3.96714e-05 5.05293e-05 4.72523e-05 4.86314e-05 5.31012e-05 5.29544e-05 5.93754e-05 6.88962e-05 7.82986e-05 8.56008e-05 9.38019e-05 0.000116813 0.000137634 0.000193595 0.000286885 0.000397044 0.000587719 0.000851934 0.00120912 0.0017191 0.00240812 0.00327179 0.00437024 0.0057507 0.00738554 0.00935153 0.0116211 0.0141443 0.0168469 0.01962 0.0223242 0.0247283 0.0266161 0.0277647 0.0280566 0.0272933 0.0254076 0.0224146 0.0183843 0.0134987 0.00802259 0.00230507 -0.00333976 -0.00851534 -0.0129932 -0.0165434 -0.0190542 -0.0204768 -0.0209067 -0.0204581 -0.0193172 -0.0177265 -0.0158526 -0.0138851 -0.0119515 -0.0101899 -0.00859851 -0.00725897 -0.00613528 -0.00523078 -0.00447673 -0.00389746 -0.00341799 -0.00303227 -0.00271063 -0.00245568 -0.00221933 -0.00201384 -0.00184559 -0.00169326 -0.00154004 -0.00139816 -0.00128815 -0.00117227 -0.0010572 -0.000944258 -0.000859474 -0.000759264 -0.000663955 -0.000564327 -0.000489674 -0.000395439 -0.000306929 -0.000210611 -0.000137043 -4.10443e-05 5.25025e-05 0.000153445 0.00023463 0.000341877 0.000453001 0.000567607 0.00067034 0.000803527 0.000948841 0.00109475 0.00124863 0.00143841 0.00165553 0.0018876 0.00217486 0.00252067 0.0029461 0.00345739 0.0041277 0.00493706 0.00594827 0.00716616 0.00863889 0.0102942 0.012149 0.0140828 0.0159877 0.0176788 0.0190105 0.0197334 0.0196564 0.0186373 0.0165642 0.0134406 0.00935239 0.00449699 -0.000924271 -0.00653473 -0.0120267 -0.0170373 -0.021286 -0.0245531 -0.0267641 -0.0278644 -0.0278867 -0.0270068 -0.0253596 -0.0231535 -0.020569 -0.0178463 -0.015157 -0.0126411 -0.0103416 -0.00832046 -0.00662992 -0.00519736 -0.00404699 -0.00314653 -0.00243502 -0.00188306 -0.0014933 -0.00121086 -0.00100329 -0.000884619 -0.000790165 -0.0007264 -0.000688861 -0.000661398 -0.000648896 -0.000639284 -0.000639966 -0.000634544 -0.000626328 -0.000628432 -0.000622549 -0.000618813 -0.000628701 -0.000621666 -0.000620255 -0.000625004 -0.000607955 -0.000611228 -0.000609516 -0.000600322 -0.000612917 -0.000608233 -0.000609035 -0.000614597 -0.000606157 -0.000608062 -0.000604442 -0.000600127 -0.000601426 -0.000599281 -0.000601881 -0.000602804 
0 1.85511e-06 -3.16041e-06 6.95341e-06 6.25341e-06 1.376e-05 2.20367e-05 1.94822e-05 2.79965e-05 2.35623e-05 2.67856e-05 2.90687e-05 2.4206e-05 3.66931e-05 3.3709e-05 4.13185e-05 4.91585e-05 4.32824e-05 5.44633e-05 5.11268e-05 5.38275e-05 6.32266e-05 6.23035e-05 6.82691e-05 7.18348e-05 7.19471e-05 7.53912e-05 9.16716e-05 0.000103082 0.000135433 0.000181931 0.000233885 0.000340013 0.000478527 0.000695438 0.00101256 0.00143989 0.00202929 0.00279925 0.00379977 0.00506769 0.006641 0.0085257 0.010761 0.0133174 0.0161489 0.0192114 0.0223184 0.0252972 0.0279429 0.0300257 0.0312946 0.031571 0.0306866 0.0285577 0.0252157 0.0207201 0.0152889 0.00922101 0.00287402 -0.00339846 -0.00919038 -0.0142154 -0.0182442 -0.0211172 -0.0228111 -0.0234061 -0.0230323 -0.021868 -0.0201733 -0.0181351 -0.015961 -0.0138181 -0.011831 -0.0100224 -0.00846532 -0.00716943 -0.00610708 -0.00523204 -0.00453573 -0.00396979 -0.00350509 -0.00313769 -0.00283428 -0.00255505 -0.00230733 -0.00212036 -0.00194623 -0.00176453 -0.00159606 -0.00147368 -0.00134493 -0.00120678 -0.00107604 -0.000979717 -0.000869499 -0.000753642 -0.000641273 -0.000554906 -0.000450851 -0.00034246 -0.000235625 -0.000150441 -4.27516e-05 7.1776e-05 0.000183326 0.000275655 0.000398893 0.000533855 0.000661802 0.000775885 0.000932498 0.0011067 0.001274 0.00144406 0.00167034 0.00192784 0.00220428 0.00253067 0.00294446 0.00344595 0.00406218 0.00484027 0.00579179 0.00695818 0.00837881 0.0100585 0.0119352 0.0139972 0.0161444 0.0182282 0.0200509 0.0214381 0.0221275 0.0219261 0.0206807 0.018289 0.0147296 0.0101296 0.00468283 -0.00135183 -0.00758945 -0.0136723 -0.0192398 -0.0239765 -0.0276278 -0.0301051 -0.0313494 -0.0314267 -0.0304753 -0.0286551 -0.0262012 -0.0233624 -0.0203469 -0.017316 -0.0144696 -0.0118754 -0.00959555 -0.00765597 -0.00603002 -0.004704 -0.00364684 -0.00282785 -0.00220053 -0.00174849 -0.00140563 -0.00116967 -0.00101292 -0.000894732 -0.000838024 -0.000794206 -0.000765945 -0.000752953 -0.000738465 -0.000727482 -0.000725139 -0.000722919 -0.000715431 -0.000721321 -0.000710383 -0.000706843 -0.000708351 -0.000696507 -0.000705935 -0.000702044 -0.000702504 -0.000708191 -0.000698397 -0.000701905 -0.000694713 -0.000691199 -0.000692527 -0.00068628 -0.000692747 -0.000690449 -0.000692308 -0.000696145 -0.000689903 -0.000693478 -0.000687893 
0 5.34965e-06 8.52913e-06 1.26666e-05 1.23176e-05 1.50578e-05 1.4888e-05 1.75194e-05 2.35623e-05 2.47998e-05 3.43451e-05 3.31315e-05 3.68353e-05 4.56914e-05 3.73114e-05 4.91638e-05 4.96024e-05 4.59044e-05 6.20881e-05 5.4873e-05 6.13519e-05 6.99858e-05 6.55109e-05 7.51788e-05 8.11276e-05 8.66649e-05 9.36307e-05 0.000112465 0.000124695 0.000152463 0.000209861 0.000271351 0.000394622 0.000567147 0.000813793 0.00117721 0.00167006 0.0023486 0.00322703 0.00437122 0.00580772 0.00756903 0.00969425 0.0121922 0.0150444 0.01818 0.0215445 0.0249423 0.0281828 0.0310514 0.0332817 0.0346324 0.034884 0.033886 0.0315293 0.0278545 0.022942 0.0170282 0.0104372 0.00352612 -0.00330459 -0.00966054 -0.015197 -0.0196831 -0.0229233 -0.0249098 -0.0257046 -0.0254479 -0.0243165 -0.0225631 -0.0204059 -0.0180614 -0.0157356 -0.0135341 -0.0115207 -0.00974884 -0.00827386 -0.00704536 -0.00604363 -0.0052222 -0.00456086 -0.0040141 -0.00359279 -0.00323534 -0.0029113 -0.00262436 -0.00241009 -0.00221151 -0.00200263 -0.00181174 -0.00166843 -0.00152616 -0.00136654 -0.00122154 -0.001106 -0.000986454 -0.000851247 -0.000729117 -0.000624232 -0.000511849 -0.000384713 -0.000270089 -0.000166623 -4.93431e-05 8.44195e-05 0.000204177 0.000315001 0.000451364 0.000607502 0.00074733 0.000881021 0.00105737 0.00125782 0.00144703 0.0016417 0.00190144 0.00220008 0.00252501 0.00289868 0.00338287 0.00396948 0.00469937 0.00559237 0.00669533 0.00802815 0.0096542 0.0115345 0.013628 0.01588 0.0182131 0.0204387 0.0223555 0.0237472 0.0243622 0.0240013 0.0225061 0.0197839 0.0158025 0.0107159 0.00472048 -0.0018665 -0.00867236 -0.0152887 -0.0213564 -0.0265286 -0.0305439 -0.0332812 -0.0346727 -0.0348002 -0.033792 -0.0318488 -0.0291912 -0.0261027 -0.0227974 -0.0194684 -0.0163187 -0.013433 -0.0108864 -0.00869382 -0.0068706 -0.00537522 -0.00417846 -0.00324833 -0.00253307 -0.00200898 -0.00161331 -0.00135078 -0.00116339 -0.00102869 -0.000957572 -0.000897013 -0.00086217 -0.000843723 -0.000831152 -0.000818036 -0.0008158 -0.00081443 -0.000800088 -0.000809504 -0.000801273 -0.000796081 -0.000805718 -0.000792061 -0.00079594 -0.000793686 -0.000785042 -0.000788688 -0.000782737 -0.00078335 -0.00078245 -0.000782912 -0.000783847 -0.00078018 -0.000783147 -0.000776673 -0.000776196 -0.000777285 -0.000771324 -0.000777898 -0.000775438 
0 6.04136e-06 2.48992e-06 1.32114e-05 1.3604e-05 1.36547e-05 2.61436e-05 1.89046e-05 2.67856e-05 3.43451e-05 2.36242e-05 4.36195e-05 4.14622e-05 3.84677e-05 5.89752e-05 4.30029e-05 5.49722e-05 6.45588e-05 5.22031e-05 7.37024e-05 6.98876e-05 7.02946e-05 8.12032e-05 8.01829e-05 8.69447e-05 9.41467e-05 0.000113979 0.000116881 0.000147008 0.000186707 0.000224689 0.00033115 0.000460413 0.000658794 0.000953044 0.00136313 0.00192423 0.00267671 0.00369549 0.00496086 0.00656539 0.00853764 0.0108875 0.0136406 0.0167732 0.0202305 0.0238427 0.0275029 0.0309878 0.0340455 0.0363889 0.0377757 0.0380107 0.0368803 0.034319 0.0303208 0.025048 0.0187099 0.0116563 0.00425781 -0.00307312 -0.00992198 -0.0159476 -0.0208497 -0.0244767 -0.0267604 -0.0277993 -0.0276932 -0.0266529 -0.0248873 -0.0226555 -0.0201857 -0.0176925 -0.0153013 -0.0130809 -0.011114 -0.00943522 -0.0080484 -0.00689359 -0.00595442 -0.00517282 -0.00455432 -0.00405489 -0.00364838 -0.00326848 -0.00295365 -0.00269602 -0.00247496 -0.00223782 -0.00203119 -0.0018582 -0.00170102 -0.001524 -0.0013659 -0.00122793 -0.00109539 -0.000947175 -0.000812834 -0.000689222 -0.000563866 -0.000425085 -0.000298815 -0.000176922 -4.60699e-05 0.00010013 0.000231506 0.000363834 0.000514555 0.00068676 0.000839891 0.0010015 0.00119396 0.00141989 0.00162913 0.00186347 0.00214795 0.00249609 0.00286425 0.00330741 0.00385222 0.00454647 0.00538217 0.00641506 0.00766042 0.00918595 0.0109987 0.013085 0.0153701 0.0178033 0.0202774 0.0226065 0.0245681 0.0259095 0.0264094 0.0258433 0.0240849 0.0210065 0.0166353 0.0110755 0.00459675 -0.00249166 -0.00978365 -0.0168779 -0.0233824 -0.0289317 -0.0332832 -0.0362545 -0.0378135 -0.0379765 -0.0369411 -0.0349014 -0.0320981 -0.0287722 -0.0251953 -0.0216242 -0.0181806 -0.0150146 -0.0121953 -0.0097858 -0.00774291 -0.00607182 -0.00475073 -0.00368947 -0.00288361 -0.00227753 -0.00184788 -0.00152408 -0.00131221 -0.00117603 -0.00105858 -0.00100784 -0.000965304 -0.000937142 -0.000925097 -0.000917807 -0.000909242 -0.00089618 -0.000906348 -0.000887815 -0.000890275 -0.000898764 -0.000877381 -0.000892064 -0.000882562 -0.000872461 -0.000883541 -0.000869524 -0.000874079 -0.000876041 -0.000868821 -0.000872613 -0.000868579 -0.00086691 -0.00086579 -0.000865264 -0.000864195 -0.000862608 -0.00086496 -0.00086143 -0.000862931 
0 -2.79422e-06 1.10795e-05 1.96757e-06 1.46867e-05 2.16732e-05 1.71383e-05 3.61582e-05 2.90687e-05 3.31315e-05 4.36195e-05 3.22293e-05 4.61102e-05 4.53058e-05 4.59911e-05 6.31452e-05 5.89278e-05 6.6967e-05 7.21479e-05 7.01512e-05 7.66024e-05 8.17212e-05 8.91156e-05 9.20104e-05 0.000102076 0.000106746 0.000109775 0.000135421 0.000161494 0.000202891 0.000284012 0.000382343 0.000528504 0.00076873 0.00109562 0.00155798 0.00221076 0.00306182 0.00415887 0.00558494 0.00736372 0.00952354 0.0121234 0.0151328 0.0185211 0.0222214 0.0261253 0.0300365 0.0336962 0.036876 0.0393182 0.0407581 0.0409149 0.0396556 0.036888 0.0326297 0.0270253 0.0203255 0.0128794 0.00506427 -0.00268201 -0.00998376 -0.0164295 -0.0217459 -0.0257342 -0.028357 -0.0296511 -0.029756 -0.0288466 -0.0271285 -0.0248734 -0.0223182 -0.0196952 -0.01712 -0.0147244 -0.0125494 -0.010685 -0.00910788 -0.0078137 -0.00672271 -0.00583755 -0.00511752 -0.0045499 -0.00406598 -0.00364824 -0.00328906 -0.00299465 -0.00273388 -0.00248153 -0.00225241 -0.00205137 -0.00187145 -0.00168302 -0.00151088 -0.00134815 -0.00120119 -0.00104082 -0.000896261 -0.000749481 -0.000612953 -0.000461418 -0.000325915 -0.000180782 -3.84161e-05 0.000119835 0.000262721 0.000420013 0.000585496 0.000768613 0.000940247 0.00112994 0.00134428 0.00158359 0.00182637 0.0020956 0.00241979 0.0027999 0.00323547 0.00373882 0.00437247 0.00515751 0.00613144 0.00729008 0.00871119 0.0104122 0.0124305 0.0146916 0.01717 0.0197483 0.0223345 0.0247149 0.0266691 0.0279154 0.0282429 0.0274529 0.0253871 0.0219677 0.0171989 0.0112299 0.0042978 -0.00321072 -0.0109303 -0.0184198 -0.0252984 -0.0311952 -0.0358353 -0.0390208 -0.0407134 -0.0409857 -0.0399389 -0.0378076 -0.034859 -0.0313843 -0.0276022 -0.02375 -0.0200331 -0.0166125 -0.0135589 -0.0108935 -0.00866383 -0.00681787 -0.00531758 -0.00415267 -0.00326428 -0.00257676 -0.00207644 -0.00172576 -0.0014623 -0.00129448 -0.00119307 -0.00111572 -0.00107118 -0.001045 -0.00101883 -0.00100603 -0.00100017 -0.000995805 -0.000990251 -0.000988041 -0.000984857 -0.000971324 -0.000975101 -0.000969824 -0.00096404 -0.000976203 -0.000965677 -0.000967739 -0.000969228 -0.000955898 -0.000961591 -0.000954407 -0.000950924 -0.000956194 -0.000949891 -0.000954146 -0.000954206 -0.000951348 -0.000954016 -0.000949573 -0.000949692 
0 5.69731e-06 1.55127e-05 1.43133e-05 2.06404e-05 1.93187e-05 1.89477e-05 2.614e-05 2.4206e-05 3.68353e-05 4.14622e-05 4.61102e-05 5.73782e-05 5.21015e-05 6.32831e-05 6.08048e-05 5.8966e-05 7.35729e-05 6.76116e-05 8.14084e-05 8.75558e-05 8.50398e-05 9.71727e-05 9.757e-05 0.000106412 0.000121359 0.000138636 0.000156486 0.000191398 0.000235497 0.000305861 0.000435558 0.000608385 0.000882808 0.00125869 0.00177811 0.00249831 0.0034397 0.00468544 0.00625654 0.00820334 0.010568 0.0133851 0.0166306 0.0202858 0.0242623 0.0283636 0.0324562 0.0362897 0.0395946 0.0420806 0.0434923 0.0435871 0.0422026 0.0392531 0.034739 0.0288672 0.0218727 0.0141064 0.00595414 -0.00214641 -0.00981686 -0.0166485 -0.0223326 -0.026697 -0.0296552 -0.0312514 -0.0315983 -0.0308785 -0.0292613 -0.0270401 -0.0244515 -0.0217249 -0.0190029 -0.0164356 -0.0140793 -0.0120124 -0.0102579 -0.00879292 -0.00756097 -0.00654651 -0.00573459 -0.00506911 -0.00451585 -0.00404353 -0.00365027 -0.00330165 -0.0030063 -0.00273059 -0.00248531 -0.00224867 -0.00204697 -0.00184456 -0.00165961 -0.00147099 -0.00130753 -0.00113579 -0.00097877 -0.000811003 -0.000660153 -0.000498095 -0.000349886 -0.000184108 -2.80568e-05 0.000140431 0.000297312 0.000479475 0.000658872 0.000853438 0.00104294 0.00126629 0.00149715 0.00175508 0.00202611 0.00234503 0.00269996 0.00312554 0.00361948 0.00421008 0.0049242 0.0058245 0.00692549 0.00824208 0.00982855 0.0117272 0.0139278 0.0163687 0.019007 0.0217154 0.0243666 0.0267517 0.028645 0.0297439 0.0298636 0.0288031 0.0264261 0.022646 0.017516 0.0111589 0.00385162 -0.00402323 -0.0120906 -0.0199208 -0.0271089 -0.0332825 -0.0381884 -0.0415851 -0.0434302 -0.0437653 -0.0427436 -0.040593 -0.0375612 -0.0339089 -0.02992 -0.0258773 -0.0219186 -0.0182351 -0.0149257 -0.0120377 -0.00959288 -0.0075782 -0.00594804 -0.00464675 -0.00365092 -0.00288177 -0.00233129 -0.00193015 -0.00164291 -0.00145712 -0.00131341 -0.00122728 -0.00117223 -0.00113575 -0.00111482 -0.00110571 -0.00109117 -0.00108058 -0.00108219 -0.00106683 -0.00107479 -0.00107372 -0.00106557 -0.00107429 -0.0010585 -0.00105721 -0.00105408 -0.00104426 -0.00105003 -0.00104453 -0.00104768 -0.00104903 -0.00104524 -0.00104752 -0.00104124 -0.00103994 -0.0010377 -0.00103429 -0.0010367 -0.0010349 -0.00103758 
0 2.17932e-06 3.08464e-06 8.60943e-06 1.64377e-05 2.03408e-05 3.18871e-05 3.57301e-05 3.66931e-05 4.56914e-05 3.84677e-05 4.53058e-05 5.21015e-05 4.87404e-05 6.81445e-05 6.51211e-05 7.16702e-05 8.70322e-05 7.57565e-05 9.0679e-05 9.32365e-05 9.19251e-05 0.000107809 0.000109758 0.000117415 0.000128118 0.000145582 0.000163309 0.000209571 0.000272775 0.000357754 0.000510078 0.000704231 0.0010086 0.00143358 0.00201979 0.00282656 0.00386429 0.00523081 0.00694245 0.00906383 0.0116394 0.0146824 0.0181672 0.0220516 0.0262564 0.0305673 0.0348383 0.0387911 0.042153 0.0446606 0.0460378 0.0460476 0.0445161 0.0413898 0.0366675 0.0305726 0.0233395 0.0153179 0.00690757 -0.00147788 -0.00944857 -0.0166119 -0.0226339 -0.0273604 -0.0306652 -0.0325874 -0.0332177 -0.0327272 -0.0312707 -0.0291358 -0.0265636 -0.0237672 -0.0209299 -0.0182058 -0.0156806 -0.0134151 -0.0114772 -0.00982909 -0.00844617 -0.00729671 -0.00637948 -0.00560698 -0.00497443 -0.00444565 -0.00401009 -0.00360773 -0.00327123 -0.00297316 -0.0027067 -0.00243944 -0.00221073 -0.00199601 -0.00179391 -0.0015854 -0.00140084 -0.0012195 -0.00104547 -0.000862657 -0.000693321 -0.000522436 -0.000356404 -0.000175719 -2.08171e-06 0.000175152 0.000351843 0.000553394 0.00075071 0.000955474 0.00116924 0.00142176 0.00167413 0.00194981 0.00225606 0.0026239 0.00301777 0.00348984 0.00405089 0.00473621 0.00554446 0.0065644 0.007801 0.00928663 0.0110465 0.0131395 0.0155121 0.0181192 0.0208886 0.0236946 0.0263632 0.0287005 0.0304692 0.0313753 0.0312396 0.0298765 0.0271662 0.0230295 0.0175568 0.0108589 0.00323753 -0.00493837 -0.0132747 -0.0213701 -0.0288055 -0.0352143 -0.0403324 -0.0439085 -0.0459059 -0.0463423 -0.0453689 -0.0431971 -0.0401118 -0.036358 -0.0322175 -0.0279751 -0.0237882 -0.0198755 -0.0163367 -0.0132361 -0.0105817 -0.00838291 -0.00659639 -0.00516654 -0.00407216 -0.00321945 -0.00260102 -0.00213782 -0.00181015 -0.00159829 -0.00143718 -0.00134769 -0.00128452 -0.00124019 -0.00121289 -0.00120008 -0.00118562 -0.00117598 -0.00118257 -0.00116212 -0.00116503 -0.00116132 -0.00114305 -0.00115557 -0.00114395 -0.00114379 -0.00115105 -0.00114042 -0.00114553 -0.00113965 -0.0011336 -0.00113364 -0.00112735 -0.00112822 -0.0011275 -0.0011276 -0.0011286 -0.00112738 -0.00112754 -0.001125 -0.00112416 
0 5.10062e-07 2.03395e-05 9.72499e-06 2.0975e-05 2.82786e-05 1.70604e-05 3.84775e-05 3.3709e-05 3.73114e-05 5.89752e-05 4.59911e-05 6.32831e-05 6.81445e-05 5.70438e-05 7.94855e-05 7.39982e-05 7.88255e-05 9.27686e-05 8.92912e-05 0.000100157 0.00010437 0.000114319 0.000117469 0.000130978 0.000149665 0.000153202 0.000198309 0.000235367 0.000295837 0.000418645 0.000567244 0.000802445 0.00114724 0.00162734 0.00227487 0.00316713 0.00433255 0.00580071 0.00768662 0.00998595 0.0127546 0.0160116 0.0197306 0.023846 0.0282219 0.0327331 0.037133 0.0411684 0.0445486 0.0470444 0.0483666 0.0482537 0.0465903 0.0432879 0.0384153 0.0321296 0.0247299 0.0165248 0.00793244 -0.000660739 -0.00887035 -0.016293 -0.0226364 -0.02769 -0.0313657 -0.0336229 -0.0345889 -0.0343594 -0.0331327 -0.0311375 -0.0286358 -0.0258172 -0.0228967 -0.0200467 -0.0173575 -0.0149183 -0.012779 -0.0109546 -0.00939529 -0.00812071 -0.00706622 -0.0061947 -0.00545761 -0.00487989 -0.00437771 -0.00393492 -0.0035402 -0.00322545 -0.00292252 -0.00263718 -0.00237056 -0.00214657 -0.00191806 -0.00169881 -0.00148636 -0.00129674 -0.00109967 -0.000908633 -0.000716422 -0.000537555 -0.000348465 -0.000159767 3.54522e-05 0.000219916 0.000422981 0.000634516 0.000855772 0.00106731 0.00131504 0.00158357 0.00186854 0.00215556 0.00251177 0.00291379 0.00336675 0.00387643 0.0045268 0.00529685 0.0062297 0.00735874 0.00875615 0.0104041 0.0123611 0.0146268 0.0171738 0.0199204 0.0228008 0.0256608 0.0283043 0.0305429 0.0321246 0.0328037 0.0323631 0.030684 0.0276113 0.0231461 0.0173371 0.0103644 0.00248035 -0.00592098 -0.0144643 -0.0227525 -0.0303683 -0.0369782 -0.0422605 -0.0460163 -0.0481431 -0.0487165 -0.0478116 -0.0456606 -0.0425455 -0.0387285 -0.034478 -0.0300355 -0.0256707 -0.0215377 -0.0177769 -0.0144423 -0.0115999 -0.00922556 -0.00726171 -0.00572392 -0.00451007 -0.00357384 -0.0028773 -0.00237649 -0.00200578 -0.00174747 -0.00159294 -0.00146091 -0.00139116 -0.00134878 -0.00130649 -0.00129363 -0.00127805 -0.0012713 -0.00125898 -0.00125959 -0.00125527 -0.00124208 -0.00125529 -0.00123925 -0.00123833 -0.00124606 -0.00122403 -0.00123388 -0.00122822 -0.00121756 -0.00122989 -0.00121856 -0.00122012 -0.00122343 -0.00121338 -0.00121837 -0.00121434 -0.00121093 -0.00121504 -0.00120999 -0.0012123 
0 1.07276e-05 3.27546e-06 2.19619e-05 2.0204e-05 2.09364e-05 3.81425e-05 2.8247e-05 4.13185e-05 4.91638e-05 4.30029e-05 6.31452e-05 6.08048e-05 6.51211e-05 7.94855e-05 7.50723e-05 8.3728e-05 8.84073e-05 9.23685e-05 0.000100017 0.000109174 0.000114907 0.000116393 0.000133852 0.000135145 0.000152482 0.000187265 0.000208533 0.000268121 0.000349033 0.000459866 0.000645883 0.000919794 0.00130069 0.0018336 0.00257243 0.00353356 0.00479725 0.0064323 0.00846016 0.0109388 0.0139126 0.0173801 0.0212995 0.0256239 0.0302158 0.0348524 0.0393291 0.0434153 0.0468253 0.0492564 0.0504564 0.0502306 0.0484255 0.0449791 0.0399518 0.0335456 0.0260257 0.0177184 0.00900615 0.000273183 -0.00809228 -0.0157317 -0.0223374 -0.0277177 -0.0317368 -0.0343721 -0.0356785 -0.0357699 -0.0348097 -0.033021 -0.0306326 -0.0278433 -0.0248816 -0.0219229 -0.0190999 -0.0164852 -0.0141627 -0.0121345 -0.0104144 -0.0089802 -0.00779883 -0.00679558 -0.00597124 -0.0053084 -0.00475332 -0.00424834 -0.00381406 -0.00345495 -0.00312968 -0.00281281 -0.00252333 -0.00227068 -0.00202712 -0.00178795 -0.00155846 -0.00134692 -0.00113549 -0.000928983 -0.000722645 -0.000524381 -0.000319896 -0.000116258 9.135e-05 0.0002961 0.00051658 0.000746313 0.000979844 0.00121642 0.00148558 0.00178188 0.00208473 0.0024091 0.00279874 0.00325429 0.00375114 0.0043328 0.00505535 0.00594099 0.0069865 0.00825968 0.00980079 0.0116413 0.0137778 0.0162241 0.0189141 0.0217909 0.02474 0.02761 0.0301811 0.0322583 0.0336078 0.0339973 0.033237 0.0311908 0.0277719 0.0229667 0.0168728 0.00965199 0.00158741 -0.00697832 -0.0156594 -0.0240718 -0.0318164 -0.0385469 -0.0439792 -0.0478899 -0.0501699 -0.0508376 -0.0500417 -0.0479776 -0.044869 -0.0409863 -0.0366411 -0.0320995 -0.027554 -0.0232104 -0.0192346 -0.0157043 -0.0126514 -0.0100933 -0.00800274 -0.00630178 -0.00496733 -0.00395351 -0.00318082 -0.00261217 -0.00221083 -0.00192475 -0.00171443 -0.0015908 -0.00150502 -0.00144058 -0.00141885 -0.00139003 -0.00137122 -0.00136424 -0.00135349 -0.00134743 -0.00134461 -0.00134597 -0.00133434 -0.00133608 -0.0013309 -0.00131807 -0.00132765 -0.00131504 -0.00131476 -0.00132114 -0.00130673 -0.00131513 -0.00131029 -0.00130277 -0.00131048 -0.00130011 -0.00130204 -0.00130409 -0.00129623 -0.00130321 -0.00129933 
0 3.25655e-06 7.5055e-06 1.32402e-05 1.89993e-05 2.7908e-05 3.50028e-05 4.09606e-05 4.91585e-05 4.96024e-05 5.49722e-05 5.89278e-05 5.8966e-05 7.16702e-05 7.39982e-05 8.3728e-05 9.49105e-05 9.43031e-05 0.000109005 0.000107245 0.000110894 0.000123745 0.000125361 0.000142382 0.000153749 0.000169391 0.000192949 0.000230338 0.000292825 0.00038707 0.000535803 0.000741445 0.00104537 0.00146689 0.00206291 0.00287154 0.00393673 0.00533541 0.00708106 0.00926542 0.0119325 0.0151015 0.0187758 0.0229182 0.0274221 0.0321338 0.0369107 0.0414756 0.0455712 0.0489137 0.0512575 0.0523565 0.0519877 0.0500225 0.0464279 0.041312 0.0348166 0.0272382 0.0188841 0.0101283 0.00132943 -0.00713072 -0.0149196 -0.0217569 -0.0274183 -0.0317908 -0.0347981 -0.0364848 -0.0369197 -0.0362872 -0.0347479 -0.032531 -0.0298226 -0.0268616 -0.0238295 -0.0208879 -0.0181243 -0.01561 -0.0133911 -0.0114879 -0.00989804 -0.00855804 -0.00743377 -0.00649582 -0.00575027 -0.0051146 -0.00456248 -0.00407038 -0.00367232 -0.00330619 -0.00297163 -0.00264708 -0.00237182 -0.00210125 -0.00185192 -0.00159659 -0.00136881 -0.0011347 -0.000919669 -0.000692062 -0.000479838 -0.000252741 -4.10871e-05 0.000186231 0.000405721 0.000651906 0.00089005 0.00114556 0.00140126 0.00170319 0.00201296 0.00234849 0.00270436 0.00314437 0.00363687 0.0042006 0.00485017 0.00566995 0.00665827 0.00784566 0.00925754 0.0109661 0.0129858 0.0153149 0.0179164 0.0207401 0.0237126 0.0266967 0.0295243 0.0319688 0.0338372 0.0348929 0.0349615 0.0338367 0.0314206 0.0276344 0.0225249 0.0161662 0.00876199 0.000566729 -0.0080925 -0.0168415 -0.0253098 -0.0331232 -0.039954 -0.0454741 -0.0495128 -0.051942 -0.0527726 -0.0520869 -0.0500912 -0.0470323 -0.043177 -0.0387833 -0.0340944 -0.0294108 -0.0249049 -0.0207331 -0.0169975 -0.0137584 -0.0110061 -0.0087376 -0.00692191 -0.00546996 -0.00435627 -0.00349986 -0.00286668 -0.00240976 -0.00208608 -0.00187141 -0.00172029 -0.00162227 -0.0015539 -0.00151373 -0.00148259 -0.00147068 -0.00146297 -0.00144767 -0.00144977 -0.00143293 -0.00142633 -0.00142642 -0.00141467 -0.00142039 -0.00141654 -0.00141357 -0.00141514 -0.00140751 -0.0014052 -0.0014016 -0.00139668 -0.00139584 -0.00139476 -0.0013925 -0.00139357 -0.00139198 -0.00138996 -0.00139121 -0.00138755 -0.00138817 
0 5.07644e-06 2.02847e-05 1.83665e-05 2.52297e-05 3.20544e-05 2.70434e-05 3.83684e-05 4.32824e-05 4.59044e-05 6.45588e-05 6.6967e-05 7.35729e-05 8.70322e-05 7.88255e-05 8.84073e-05 9.43031e-05 9.15779e-05 0.000110787 0.000112008 0.000121876 0.000136847 0.000137516 0.00015149 0.000164468 0.00018604 0.00021656 0.000266515 0.000333593 0.000434898 0.000596308 0.000824742 0.00117484 0.00165058 0.0023192 0.00320701 0.00436285 0.00588497 0.00777562 0.0101352 0.0129874 0.0163447 0.0202069 0.0245337 0.0292127 0.0340637 0.0389273 0.0435011 0.0475742 0.0508605 0.0530872 0.0540293 0.0534959 0.0513887 0.0476746 0.0424846 0.0359436 0.0283659 0.0200363 0.0112988 0.00250444 -0.00598509 -0.0138645 -0.0208842 -0.0267969 -0.0315063 -0.0348921 -0.0369738 -0.0377921 -0.0375264 -0.0362899 -0.034295 -0.0317273 -0.0288117 -0.0257467 -0.0227123 -0.0198191 -0.0171227 -0.014717 -0.0126264 -0.0108653 -0.00935584 -0.00810022 -0.00704133 -0.00619362 -0.00546932 -0.00486147 -0.0043114 -0.00386175 -0.00345332 -0.00309418 -0.00273794 -0.00243234 -0.0021369 -0.00187032 -0.00159315 -0.00134396 -0.001091 -0.000860168 -0.000615316 -0.000385011 -0.00014008 8.63821e-05 0.000329404 0.000568035 0.00083452 0.00108668 0.00136054 0.00164149 0.00197091 0.00229845 0.00266471 0.00306213 0.00355018 0.00408466 0.00471801 0.00545169 0.00637368 0.00747252 0.00880832 0.0103737 0.0122548 0.0144522 0.016966 0.0197079 0.022643 0.0256765 0.0286557 0.0313856 0.0336533 0.0352589 0.0359801 0.0356837 0.0341738 0.0313737 0.0272299 0.0218362 0.0152545 0.00771681 -0.000547135 -0.00923265 -0.0179942 -0.0264588 -0.0342811 -0.0411575 -0.0467555 -0.0509171 -0.0534816 -0.0544622 -0.0539308 -0.0520738 -0.0490835 -0.0452426 -0.0408334 -0.0360775 -0.0312788 -0.026604 -0.0222406 -0.0183072 -0.0148842 -0.0119581 -0.00952645 -0.00756585 -0.00598046 -0.00476997 -0.00383768 -0.00314663 -0.00264452 -0.00227515 -0.002028 -0.00184937 -0.00173767 -0.0016648 -0.00161913 -0.00158351 -0.00156367 -0.00154985 -0.00152955 -0.00153662 -0.00152554 -0.00152193 -0.00152998 -0.00151208 -0.00151491 -0.00150904 -0.00149439 -0.00150079 -0.00149246 -0.00148916 -0.00149623 -0.00148653 -0.00148779 -0.0014889 -0.00147817 -0.00148419 -0.00147957 -0.00147516 -0.00148262 -0.00147322 -0.00147731 
