0 0 0 0 0 0 0 0 0 0 0 0 0 0 0 0 0 0 0 0 0 0 0 0 0 0 0 0 0 0 0 0 0 0 0 0 0 0 0 0 0 0 0 0 0 0 0 0 0 0 0 0 0 0 0 0 0 0 0 0 0 0 0 0 0 0 0 0 0 0 0 0 0 0 0 0 0 0 0 0 0 0 0 0 0 0 0 0 0 0 0 0 0 0 0 0 0 0 0 0 0 0 0 0 0 0 0 0 0 0 0 0 0 0 0 0 0 0 0 0 0 0 0 0 0 0 0 0 0 0 0 0 0 0 0 0 0 0 0 0 0 0 0 0 0 0 0 0 0 0 0 0 0 0 0 0 0 0 0 0 0 0 0 0 0 0 0 0 0 0 0 0 0 0 0 0 0 0 0 0 0 0 0 0 0 0 0 0 0 0 0 0 0 0 0 0 0 0 0 0 
0 1.90036e-06 -1.87908e-06 3.9763e-06 7.68365e-08 1.03881e-07 4.36006e-06 -2.68637e-06 4.45024e-06 2.33903e-06 -8.45934e-07 7.59098e-06 -2.1432e-06 3.09446e-06 4.74587e-06 -1.69021e-06 9.84366e-06 5.82587e-06 9.29288e-06 1.5769e-05 1.39924e-05 2.32157e-05 3.29878e-05 5.35603e-05 8.13658e-05 0.000128502 0.000189713 0.000264374 0.000378824 0.000508766 0.000678843 0.000901667 0.00115064 0.00145248 0.00180214 0.00217195 0.00257113 0.00298184 0.00335103 0.00366184 0.00388562 0.00396296 0.00389495 0.00367558 0.00327976 0.00272583 0.00202847 0.00122696 0.000366902 -0.000482028 -0.00125061 -0.00191185 -0.00244576 -0.00281669 -0.00299809 -0.00303973 -0.002945 -0.00273936 -0.00246979 -0.00217586 -0.00187845 -0.00159367 -0.00133646 -0.00110475 -0.000934857 -0.000794923 -0.000679314 -0.000579965 -0.000513214 -0.000455038 -0.000416142 -0.000379995 -0.000338374 -0.000309954 -0.000295166 -0.000277346 -0.000245261 -0.000232644 -0.000217614 -0.000207945 -0.000188296 -0.000179422 -0.00016017 -0.000159856 -0.000147728 -0.000135272 -0.000118429 -0.000124944 -0.00011278 -9.79152e-05 -8.83073e-05 -9.56564e-05 -8.03805e-05 -6.72444e-05 -6.43465e-05 -6.80975e-05 -5.03977e-05 -4.15852e-05 -4.24286e-05 -4.10063e-05 -2.22792e-05 -1.87222e-05 -2.02715e-05 -1.34736e-05 5.08432e-06 3.1096e-06 3.99296e-06 1.56992e-05 3.24852e-05 2.6018e-05 3.27804e-05 4.71258e-05 6.0808e-05 5.39832e-05 6.81528e-05 8.05941e-05 9.32985e-05 9.26193e-05 0.000110307 0.000118132 0.000137061 0.000146112 0.000160366 0.000169337 0.000200106 0.000217402 0.00023059 0.000253063 0.000292232 0.000324598 0.000359126 0.000409162 0.000466836 0.00055356 0.000657869 0.000783538 0.000932972 0.00114341 0.00138337 0.00165682 0.00194305 0.00223178 0.00250853 0.00274475 0.00287675 0.00287349 0.00274617 0.00244965 0.00198241 0.00136546 0.00063947 -0.00016956 -0.00100921 -0.00181788 -0.00253499 -0.00312305 -0.00356667 -0.00382782 -0.00393349 -0.00390183 -0.00372306 -0.00344191 -0.00309867 -0.00270356 -0.00230067 -0.00193061 -0.00158079 -0.0012717 -0.00101882 -0.000791425 -0.000609737 -0.000470407 -0.000354156 -0.000273153 -0.000212321 -0.000169195 -0.00013489 -0.000114113 -0.000100117 -8.41234e-05 -8.63643e-05 -7.85211e-05 -7.62472e-05 -8.16335e-05 -7.22147e-05 -7.6815e-05 -7.53543e-05 -7.17823e-05 -7.74228e-05 -7.49333e-05 -7.65965e-05 -7.77353e-05 -7.59197e-05 -7.47817e-05 -7.41123e-05 -7.27421e-05 -7.17753e-05 -7.48858e-05 -7.39368e-05 -7.45765e-05 
0 -1.87908e-06 2.88584e-06 -1.53262e-06 8.65713e-07 4.71272e-06 -9.10303e-07 6.68459e-06 3.83436e-06 -2.16387e-07 1.08678e-05 -7.50256e-07 7.60497e-06 1.34011e-05 -1.28088e-06 1.8614e-05 4.56446e-06 3.20263e-06 2.24634e-05 5.74463e-06 3.64189e-05 5.30601e-05 7.06852e-05 0.000126609 0.000171821 0.000255747 0.000373059 0.000535565 0.000743085 0.00102725 0.00137464 0.00178445 0.00231174 0.00289572 0.00358908 0.00435247 0.0051549 0.00596117 0.00668958 0.00732251 0.00772736 0.00790733 0.00779032 0.00732886 0.00653276 0.00542755 0.00404573 0.00243025 0.000762907 -0.000931743 -0.00249654 -0.0038222 -0.00484895 -0.00557017 -0.00598333 -0.00606469 -0.00587229 -0.00544423 -0.00493767 -0.00435124 -0.00375871 -0.00318457 -0.00267256 -0.00222201 -0.00186911 -0.00159851 -0.00135413 -0.00117306 -0.00102242 -0.00092166 -0.00082913 -0.000768501 -0.000677818 -0.000628971 -0.00059221 -0.000558169 -0.000497598 -0.000467713 -0.000442278 -0.000414591 -0.000385522 -0.000355251 -0.000330366 -0.000313743 -0.000303225 -0.000263802 -0.000246669 -0.000240127 -0.000231571 -0.000187908 -0.000183993 -0.000179381 -0.000165507 -0.000125999 -0.000133213 -0.000123571 -0.000104986 -7.41269e-05 -8.73315e-05 -6.95899e-05 -4.90089e-05 -2.77445e-05 -4.22524e-05 -1.52603e-05 4.61913e-06 1.66564e-05 5.64231e-06 4.18252e-05 5.78245e-05 6.29618e-05 6.12044e-05 0.000102904 0.000113103 0.000118147 0.000129183 0.0001678 0.000177595 0.000192131 0.000211909 0.000240533 0.000265796 0.000293234 0.000314205 0.000339331 0.000394599 0.000429902 0.00046091 0.000501815 0.000585902 0.000642287 0.000725341 0.000812589 0.000947094 0.00110585 0.0013291 0.00156919 0.00188874 0.00230007 0.0027799 0.00331927 0.00389837 0.00448755 0.00500933 0.00546805 0.00573131 0.00576198 0.00546087 0.00484334 0.00392264 0.00272976 0.00126407 -0.00037842 -0.00202581 -0.00364277 -0.00506347 -0.00623025 -0.00708943 -0.00764878 -0.00786279 -0.00776747 -0.00742844 -0.0068581 -0.00617143 -0.0053907 -0.00461978 -0.00385741 -0.00315816 -0.00256132 -0.0020202 -0.00159261 -0.00123714 -0.000950132 -0.000720554 -0.000555176 -0.000420018 -0.000319438 -0.000276086 -0.000212159 -0.000199552 -0.000187088 -0.000157308 -0.000172084 -0.000152118 -0.000151134 -0.000159783 -0.000146888 -0.000156659 -0.000152968 -0.000148896 -0.000150985 -0.000146225 -0.000146711 -0.000147344 -0.000149563 -0.000150493 -0.000152642 -0.000152833 -0.000149521 -0.000151343 -0.000148535 
0 3.9763e-06 -1.53262e-06 6.5118e-06 1.79567e-06 2.04499e-06 7.86964e-06 -1.09003e-06 8.85596e-06 6.08079e-06 3.05407e-06 1.39317e-05 1.59195e-06 9.79341e-06 1.08945e-05 5.36359e-06 2.10845e-05 1.74398e-05 2.78661e-05 3.85228e-05 4.70004e-05 7.26349e-05 0.000105541 0.000169813 0.000254678 0.000390797 0.000573593 0.000807889 0.00113979 0.00154285 0.00205812 0.00270874 0.00346787 0.00436616 0.00540022 0.00651649 0.00770409 0.00890826 0.0100033 0.0109218 0.0115617 0.0118002 0.0116027 0.0109346 0.00976041 0.00811536 0.00605248 0.00367977 0.00115116 -0.00135716 -0.00365372 -0.00562622 -0.00720419 -0.00830689 -0.00888973 -0.00902855 -0.00876351 -0.00817438 -0.00739793 -0.00653378 -0.00565258 -0.0048066 -0.00403612 -0.00335667 -0.00283006 -0.00240531 -0.00205124 -0.00175988 -0.00154561 -0.00137424 -0.00124768 -0.00113635 -0.00101755 -0.00093247 -0.000879177 -0.000820755 -0.000738578 -0.000691186 -0.000648083 -0.000611637 -0.000562077 -0.00052542 -0.000479625 -0.000464306 -0.000433501 -0.000393023 -0.000354578 -0.000354586 -0.000325626 -0.000283201 -0.000259975 -0.000263303 -0.000229023 -0.000192084 -0.000182433 -0.00017995 -0.000141167 -0.000114103 -0.000112024 -9.99633e-05 -5.93018e-05 -4.32213e-05 -4.26942e-05 -1.99278e-05 2.02377e-05 2.55652e-05 3.07286e-05 6.39982e-05 0.000100656 9.80084e-05 0.000114649 0.000154731 0.000185811 0.000183812 0.000215388 0.000254215 0.00028495 0.000296683 0.000337052 0.000369915 0.000416255 0.000449698 0.000488208 0.000526503 0.000603159 0.000658558 0.000704777 0.000775007 0.000883886 0.000984006 0.00109532 0.00124298 0.00142904 0.00168463 0.00200242 0.00238231 0.00285102 0.00346998 0.00418975 0.00499757 0.00585012 0.0067062 0.00750909 0.0081763 0.0085505 0.00854129 0.00812282 0.00721838 0.00582566 0.00400211 0.00183598 -0.000568587 -0.0030479 -0.00543573 -0.00755814 -0.00930199 -0.0106043 -0.0114006 -0.0117215 -0.0116146 -0.0110967 -0.0102699 -0.00924647 -0.00808552 -0.00690438 -0.00578881 -0.00475027 -0.00383357 -0.00305968 -0.00239077 -0.00184856 -0.00142324 -0.0010785 -0.000829751 -0.000641542 -0.000506104 -0.000409435 -0.000341228 -0.000299998 -0.000263007 -0.000254183 -0.000240385 -0.000231965 -0.000237528 -0.000224014 -0.000228257 -0.000226443 -0.000221001 -0.00022871 -0.000225335 -0.000227888 -0.00022928 -0.000226398 -0.000225016 -0.000223033 -0.000221486 -0.000220276 -0.000222097 -0.000220735 -0.000224476 
0 7.68365e-08 8.65713e-07 1.79567e-06 3.0805e-06 4.98836e-06 5.06864e-06 6.83779e-06 8.12931e-06 6.78422e-06 1.05382e-05 9.48369e-06 1.08359e-05 1.57334e-05 1.17484e-05 1.84306e-05 1.83466e-05 1.91106e-05 3.35282e-05 3.91436e-05 6.70518e-05 0.000103705 0.000153198 0.000241712 0.000355412 0.000527155 0.000767619 0.00109098 0.00152161 0.00207587 0.00276836 0.00361597 0.00463881 0.00582736 0.0071928 0.00868933 0.0102664 0.0118407 0.0132826 0.0144892 0.015306 0.0156315 0.0153772 0.0144774 0.0129194 0.0107448 0.00802751 0.00490124 0.00159321 -0.0017081 -0.00476196 -0.00738104 -0.0094503 -0.0109072 -0.0117273 -0.0119338 -0.0115999 -0.0108406 -0.00984412 -0.0087145 -0.00755373 -0.00643243 -0.00541016 -0.00451905 -0.00380218 -0.00322943 -0.00275024 -0.00236763 -0.0020688 -0.00184306 -0.00166334 -0.00151344 -0.00135949 -0.00124742 -0.0011661 -0.00108501 -0.000986483 -0.00091609 -0.000858655 -0.000803825 -0.00074459 -0.0006877 -0.000636289 -0.000602511 -0.000565489 -0.000509158 -0.000468229 -0.000449705 -0.000417682 -0.000362936 -0.000336925 -0.000323374 -0.000288494 -0.000240902 -0.000227459 -0.000210669 -0.000172678 -0.000135227 -0.000128847 -0.00010479 -6.55953e-05 -3.8418e-05 -3.37227e-05 -5.42322e-07 3.79168e-05 5.59565e-05 6.44491e-05 0.000107397 0.000142881 0.000155069 0.000173461 0.000223875 0.000255588 0.000269863 0.000301895 0.000353919 0.000388085 0.000415875 0.000458539 0.000509117 0.000562059 0.0006113 0.000659879 0.000719388 0.000808634 0.000884062 0.00095374 0.00104881 0.00118761 0.00132269 0.00148076 0.0016761 0.00193789 0.00227525 0.00270486 0.00321657 0.00386201 0.00467723 0.0056326 0.00669847 0.00782882 0.00895857 0.00999155 0.0108362 0.0113139 0.0113009 0.0106981 0.00946942 0.00762796 0.0052298 0.00235477 -0.000830898 -0.0040904 -0.00723199 -0.0100255 -0.0123219 -0.0140301 -0.0151066 -0.0155392 -0.0153812 -0.0147093 -0.0136215 -0.0122671 -0.0107501 -0.00920706 -0.00771681 -0.00634183 -0.00513094 -0.00408275 -0.00320783 -0.00249129 -0.00191647 -0.00146112 -0.00111945 -0.000858339 -0.00066999 -0.000546966 -0.000450978 -0.000399932 -0.000362523 -0.00033452 -0.000326864 -0.000311736 -0.000309105 -0.000307694 -0.00030309 -0.00030564 -0.000302716 -0.000301347 -0.000300607 -0.00029818 -0.000297849 -0.000298123 -0.000298442 -0.000299362 -0.000300081 -0.00030106 -0.000301755 -0.000299327 -0.000297902 
0 1.03881e-07 4.71272e-06 2.04499e-06 4.98836e-06 6.45775e-06 4.13314e-06 1.04518e-05 7.71267e-06 8.96571e-06 1.43964e-05 8.76877e-06 1.59896e-05 1.65477e-05 1.41363e-05 2.49998e-05 2.18542e-05 3.01056e-05 4.40927e-05 5.36475e-05 8.72131e-05 0.000129719 0.000196073 0.000303244 0.000454874 0.000672078 0.000976086 0.00138907 0.00192347 0.00262069 0.00348934 0.00454583 0.0058257 0.00730867 0.00899643 0.0108516 0.0127975 0.014728 0.0165068 0.0179831 0.0189773 0.019372 0.0190478 0.0179294 0.0160099 0.0133276 0.00998279 0.00614249 0.00207076 -0.00198465 -0.00575127 -0.00899863 -0.0115745 -0.013398 -0.0144488 -0.0147377 -0.0143676 -0.013482 -0.0122786 -0.0108999 -0.00947337 -0.00809 -0.00681902 -0.00571631 -0.00480395 -0.00407172 -0.00346623 -0.00298307 -0.00259795 -0.00230793 -0.00207309 -0.0018755 -0.00169237 -0.0015483 -0.00143541 -0.00132772 -0.00121768 -0.00112221 -0.00104809 -0.000974748 -0.000904739 -0.000830136 -0.000772126 -0.000719802 -0.000671942 -0.000607108 -0.000561385 -0.000523298 -0.000484024 -0.000426487 -0.000392485 -0.00036146 -0.000323793 -0.000274388 -0.000249566 -0.000219622 -0.000181795 -0.000140708 -0.000121226 -8.85553e-05 -5.08487e-05 -1.69036e-05 1.06216e-06 3.8902e-05 7.58664e-05 0.000104759 0.000125067 0.000169669 0.000205467 0.000232794 0.000259519 0.000311103 0.000346997 0.000378685 0.00041494 0.000472612 0.000514688 0.000558565 0.000605475 0.00067069 0.000731657 0.000795554 0.000856655 0.000938671 0.00103545 0.00113179 0.0012274 0.00135061 0.00151123 0.00168634 0.00189009 0.00213954 0.00247448 0.00289952 0.00343787 0.00409021 0.00491262 0.00592205 0.00711012 0.00842587 0.00981598 0.0111974 0.0124537 0.0134486 0.0139963 0.013945 0.013164 0.0116214 0.00932611 0.0063462 0.00279247 -0.00112462 -0.0051371 -0.00899587 -0.0124382 -0.015275 -0.0173814 -0.0187163 -0.0192608 -0.0190712 -0.0182569 -0.0169323 -0.0152616 -0.0133991 -0.0114941 -0.00964425 -0.00794299 -0.00643686 -0.00512573 -0.0040347 -0.00313574 -0.00241046 -0.00184508 -0.00141264 -0.0010879 -0.00085232 -0.000693173 -0.000574398 -0.000502526 -0.000457351 -0.000419087 -0.000407973 -0.000393073 -0.000384091 -0.000386164 -0.00037771 -0.000379137 -0.000378761 -0.000374722 -0.000377156 -0.000375038 -0.000374696 -0.000375346 -0.000374909 -0.000374926 -0.000373242 -0.000372271 -0.000371832 -0.000372564 -0.000373087 
0 4.36006e-06 -9.10303e-07 7.86964e-06 5.06864e-06 4.13314e-06 1.31631e-05 4.41849e-06 1.17169e-05 1.56319e-05 7.05903e-06 2.213e-05 1.40963e-05 1.40116e-05 2.88405e-05 1.45351e-05 3.4173e-05 4.27482e-05 4.44346e-05 8.4377e-05 0.000102856 0.000158639 0.000248573 0.000365304 0.000560265 0.000827867 0.0011991 0.00169133 0.00235133 0.00317713 0.0042169 0.0055074 0.00701714 0.00880504 0.0108125 0.0130052 0.015301 0.0175755 0.0196748 0.0213811 0.022567 0.0230046 0.022596 0.0212767 0.0190117 0.0158421 0.0118963 0.00740767 0.00258699 -0.00217722 -0.00660756 -0.0104541 -0.013547 -0.0157516 -0.0170159 -0.0174159 -0.0170398 -0.0160801 -0.0146786 -0.0130802 -0.011403 -0.00977434 -0.00826077 -0.00694334 -0.00583892 -0.00492997 -0.00420398 -0.00360164 -0.00313927 -0.00276559 -0.00248193 -0.00222146 -0.00201954 -0.00183369 -0.00169006 -0.00155042 -0.00143073 -0.00131074 -0.00121427 -0.00112578 -0.00103683 -0.000953801 -0.000878857 -0.000815991 -0.000743622 -0.000685024 -0.000621104 -0.000573176 -0.000512189 -0.0004683 -0.000411263 -0.000373198 -0.00031974 -0.000284152 -0.000232471 -0.0002005 -0.000151446 -0.000120755 -7.28401e-05 -4.37207e-05 3.02069e-06 3.10336e-05 7.74735e-05 0.000106216 0.000152299 0.000180169 0.000227456 0.00025793 0.000305629 0.000336657 0.000386406 0.00042184 0.000474693 0.000512643 0.000566295 0.000612975 0.000675312 0.000725015 0.000786558 0.000854198 0.000930972 0.00100262 0.00108235 0.00118281 0.00128576 0.00140367 0.00152492 0.00168269 0.00185491 0.00208091 0.00232339 0.0026442 0.0030415 0.00357118 0.00421007 0.00502238 0.00601491 0.00722306 0.00863636 0.0101957 0.0118274 0.0134267 0.0148973 0.0160071 0.0165946 0.0164519 0.0155035 0.0136482 0.0108946 0.00732684 0.00313452 -0.00145802 -0.00620682 -0.0107304 -0.01479 -0.0181416 -0.0206469 -0.0222076 -0.0228664 -0.0226743 -0.021711 -0.0201776 -0.0182109 -0.0160233 -0.0137554 -0.0115769 -0.0095578 -0.00774275 -0.0061995 -0.00487343 -0.00379097 -0.00292302 -0.00224073 -0.00171452 -0.00132797 -0.00104983 -0.000832658 -0.000710262 -0.000606862 -0.000541286 -0.000520512 -0.000478607 -0.00047659 -0.000469041 -0.000452407 -0.000461647 -0.000450789 -0.000450505 -0.000455632 -0.000449737 -0.000453858 -0.000453043 -0.000449204 -0.000449264 -0.000447961 -0.000447024 -0.000446844 -0.000447025 -0.000446878 -0.000447808 
0 -2.68637e-06 6.68459e-06 -1.09003e-06 6.83779e-06 1.04518e-05 4.41849e-06 1.78439e-05 9.91553e-06 1.36598e-05 2.12875e-05 1.01039e-05 2.59694e-05 2.18697e-05 2.29516e-05 3.67188e-05 2.89404e-05 4.57298e-05 5.8095e-05 8.23981e-05 0.000130821 0.000197573 0.000306582 0.000453958 0.00068472 0.000990664 0.00142263 0.00201945 0.0027703 0.00376188 0.00498582 0.00646074 0.00824238 0.0103011 0.0126159 0.0151566 0.0177999 0.0203821 0.0227646 0.0247102 0.0260091 0.0265123 0.0260422 0.0245061 0.0218953 0.0182689 0.0137735 0.00864236 0.00319011 -0.00224156 -0.00733616 -0.0117777 -0.0153209 -0.0178779 -0.0194284 -0.0199607 -0.019606 -0.018566 -0.0170438 -0.0152459 -0.0133433 -0.0114673 -0.00972836 -0.00820665 -0.0068954 -0.00581628 -0.00494301 -0.00423935 -0.00367071 -0.0032307 -0.00286745 -0.00256415 -0.00232097 -0.0021078 -0.00191714 -0.00175285 -0.00161561 -0.0014728 -0.00135423 -0.0012419 -0.00114115 -0.00103807 -0.000958767 -0.000866053 -0.000786517 -0.000713634 -0.000651242 -0.000569548 -0.000508805 -0.00045423 -0.000396969 -0.000327026 -0.000280826 -0.00023424 -0.000179283 -0.00012105 -8.36561e-05 -3.92829e-05 1.34225e-05 6.25046e-05 9.54354e-05 0.000140979 0.000191948 0.000234906 0.000266677 0.000316879 0.000366582 0.000406389 0.000441589 0.00049969 0.000547797 0.000589902 0.000635127 0.000701766 0.000750072 0.000805201 0.000866069 0.000940215 0.000999354 0.00108099 0.00116037 0.0012492 0.00134152 0.00145999 0.00157044 0.00170428 0.00186144 0.00204104 0.00224274 0.00249992 0.00280805 0.00318231 0.00367177 0.0042862 0.00505298 0.00601226 0.00719953 0.00859766 0.0102221 0.01201 0.0138732 0.0156896 0.0172945 0.0184861 0.0190841 0.0188768 0.0176817 0.0154791 0.0122999 0.00820838 0.00338192 -0.00189062 -0.00728153 -0.0124471 -0.0170742 -0.0209039 -0.0237643 -0.025594 -0.0263674 -0.0261347 -0.0250717 -0.0233259 -0.021088 -0.0186034 -0.0160275 -0.0135024 -0.0111704 -0.00908581 -0.00725907 -0.00574114 -0.00448247 -0.00345434 -0.0026632 -0.00203517 -0.00156991 -0.00123197 -0.000991399 -0.000828861 -0.000716187 -0.000652416 -0.000596237 -0.000573019 -0.000555923 -0.000536803 -0.000544085 -0.000531677 -0.000532909 -0.00053476 -0.000523821 -0.000528257 -0.000521886 -0.000521463 -0.000524371 -0.000522196 -0.000524979 -0.000526013 -0.000526848 -0.000525359 -0.000524787 -0.00052163 
0 4.45024e-06 3.83436e-06 8.85596e-06 8.12931e-06 7.71267e-06 1.17169e-05 9.91553e-06 1.36627e-05 1.78121e-05 1.54406e-05 2.28233e-05 2.29906e-05 2.1429e-05 3.30162e-05 2.97935e-05 4.30447e-05 6.08368e-05 7.087e-05 0.000114806 0.000155509 0.000231193 0.000358657 0.000528156 0.000800268 0.00117101 0.00167889 0.0023599 0.00324099 0.00436241 0.00575934 0.00746513 0.00948207 0.0118281 0.0144472 0.0172913 0.0202364 0.023122 0.0257693 0.0279082 0.0293564 0.0298779 0.0293132 0.0275885 0.0246745 0.0206244 0.0156168 0.00992688 0.00384051 -0.00220469 -0.00787246 -0.0128506 -0.016892 -0.0198384 -0.0216285 -0.0223148 -0.0220336 -0.0209939 -0.0193551 -0.0173911 -0.0152834 -0.0131934 -0.0112335 -0.00949675 -0.00798454 -0.0067173 -0.00569911 -0.00486407 -0.00420021 -0.00366357 -0.00323107 -0.00286223 -0.00258601 -0.00232813 -0.00209888 -0.00189978 -0.00174337 -0.00157802 -0.0014335 -0.00130039 -0.00117795 -0.00106631 -0.000967438 -0.000859466 -0.000757026 -0.000685527 -0.000604725 -0.000510444 -0.000430214 -0.000381612 -0.000304507 -0.000225318 -0.000164677 -0.000124141 -4.81691e-05 1.49742e-05 6.28319e-05 0.00010322 0.000177022 0.000226444 0.000267641 0.000311846 0.000383303 0.000422088 0.000461687 0.000513448 0.000582414 0.000613887 0.000658422 0.000720992 0.000786126 0.000817572 0.000875219 0.000948366 0.001011 0.00105755 0.00113314 0.0012147 0.00128758 0.00136849 0.00146083 0.00155966 0.00166981 0.00180002 0.00191957 0.00207337 0.00225753 0.00246836 0.0026888 0.00299189 0.00335066 0.00380162 0.0043638 0.00508568 0.0059713 0.007095 0.00845682 0.0100506 0.0118815 0.0138804 0.0159393 0.0179205 0.0196647 0.0209 0.0214492 0.0210944 0.0197 0.0171767 0.0135419 0.00890539 0.00351364 -0.0023443 -0.00835959 -0.0141018 -0.0192635 -0.0235526 -0.0267672 -0.0288056 -0.0296939 -0.0294838 -0.0283154 -0.026403 -0.023926 -0.0211499 -0.0182555 -0.0154316 -0.0128013 -0.0104281 -0.00836983 -0.00661721 -0.00516839 -0.00399676 -0.00308048 -0.00236412 -0.0018358 -0.00144759 -0.00115568 -0.00097273 -0.000829698 -0.000742995 -0.000695867 -0.000650602 -0.000639025 -0.000623208 -0.000610768 -0.000611015 -0.000602465 -0.000602256 -0.000604723 -0.000602352 -0.000604752 -0.000604759 -0.000601771 -0.000603019 -0.000597312 -0.000594724 -0.000595209 -0.000591633 -0.000597011 -0.000597504 
0 2.33903e-06 -2.16387e-07 6.08079e-06 6.78422e-06 8.96571e-06 1.56319e-05 1.36598e-05 1.78121e-05 2.03434e-05 1.80238e-05 2.58134e-05 2.53324e-05 2.72829e-05 3.78482e-05 3.58345e-05 4.92597e-05 6.46732e-05 8.07867e-05 0.000129134 0.000184592 0.000280782 0.000430354 0.000633955 0.00094175 0.00136375 0.00194128 0.00271415 0.00371795 0.00499049 0.00656914 0.00848525 0.0107445 0.0133591 0.0162728 0.019421 0.0226638 0.0258211 0.0286916 0.0310026 0.0325484 0.0330879 0.0324459 0.0305305 0.0273139 0.0228724 0.0174025 0.0111993 0.00458072 -0.00201984 -0.00824047 -0.0137328 -0.0182136 -0.0215228 -0.0235954 -0.0244763 -0.0242959 -0.0232682 -0.0215754 -0.0194861 -0.0172037 -0.01491 -0.0127465 -0.0108005 -0.009087 -0.00763057 -0.00645055 -0.00548402 -0.00470993 -0.00407612 -0.00355896 -0.00312992 -0.00280327 -0.00250395 -0.00222958 -0.00199708 -0.00181006 -0.00162412 -0.00145029 -0.00129246 -0.00114657 -0.00102157 -0.000901672 -0.000773462 -0.000652528 -0.000570558 -0.000474059 -0.000362693 -0.000268565 -0.000210956 -0.00012161 -2.80862e-05 4.22492e-05 9.10163e-05 0.000176897 0.000251545 0.000305727 0.000353982 0.000435885 0.000493877 0.000539122 0.000591019 0.000669054 0.000713522 0.000756033 0.000815358 0.000889734 0.000924248 0.000971647 0.00104165 0.00111174 0.00114409 0.00120547 0.00128606 0.00135463 0.0014008 0.00148173 0.00157146 0.00165342 0.00173449 0.00183493 0.00194415 0.00206958 0.00220541 0.00233898 0.00250903 0.0027215 0.00295665 0.00320906 0.00355039 0.00397182 0.00449782 0.00514778 0.00597462 0.00699576 0.00828375 0.00982749 0.0116134 0.0136328 0.0158256 0.0180629 0.0201817 0.0219908 0.0232284 0.0237038 0.0231891 0.021534 0.0186591 0.0146012 0.00947479 0.00353936 -0.00288567 -0.00945076 -0.0157219 -0.0213612 -0.0260596 -0.0296019 -0.031869 -0.0328716 -0.0326706 -0.0314221 -0.0293524 -0.0266689 -0.0236413 -0.0204702 -0.0173543 -0.0144329 -0.0117885 -0.00948546 -0.00752252 -0.00589567 -0.00457533 -0.00353185 -0.0027152 -0.00210411 -0.00165462 -0.00132269 -0.00110741 -0.000948324 -0.00084651 -0.000788255 -0.000737513 -0.000718445 -0.000702813 -0.000689954 -0.000691136 -0.000684052 -0.000681695 -0.000681949 -0.000676106 -0.000676306 -0.000673827 -0.00067036 -0.000674623 -0.000673641 -0.000675664 -0.000678209 -0.000674343 -0.000675622 -0.000671315 
0 -8.45934e-07 1.08678e-05 3.05407e-06 1.05382e-05 1.43964e-05 7.05903e-06 2.12875e-05 1.54406e-05 1.80238e-05 3.0456e-05 1.86508e-05 3.30034e-05 3.5379e-05 3.18952e-05 5.4076e-05 5.31334e-05 7.41293e-05 0.000108019 0.000142827 0.000222509 0.000330537 0.000496086 0.000740554 0.00109115 0.00157304 0.00222707 0.0031086 0.00422112 0.00565321 0.00741749 0.00952914 0.0120469 0.014915 0.0181079 0.0215341 0.0250493 0.0284453 0.0315059 0.033985 0.0355873 0.0361348 0.0354124 0.0333126 0.0298206 0.0250365 0.019166 0.0124867 0.00541531 -0.00168157 -0.00839443 -0.0143652 -0.0192631 -0.0229304 -0.0253091 -0.0264034 -0.02637 -0.0253864 -0.0237005 -0.0215151 -0.0190936 -0.0166157 -0.0142637 -0.0121097 -0.0101896 -0.0085442 -0.00717986 -0.00607858 -0.0051703 -0.00443807 -0.00381652 -0.00333058 -0.00293085 -0.0025924 -0.00226538 -0.00200012 -0.00177122 -0.00156462 -0.00135998 -0.0011732 -0.00100559 -0.000859307 -0.000720644 -0.000566668 -0.000436066 -0.000328348 -0.000223262 -8.9188e-05 9.12409e-06 9.38642e-05 0.000183696 0.000298296 0.000370124 0.000444145 0.00052531 0.000620102 0.000673622 0.000744111 0.00081819 0.000895384 0.000938046 0.00100922 0.00107732 0.00114024 0.00117861 0.00125431 0.00131769 0.00137036 0.00141218 0.00149569 0.00155607 0.00160569 0.00166022 0.00175244 0.00181602 0.00187574 0.00195081 0.00205242 0.00213674 0.00222436 0.00232651 0.00244862 0.00258542 0.00272384 0.00287578 0.00305902 0.00330007 0.00355127 0.00384994 0.0042204 0.0047155 0.00530891 0.00606231 0.00698767 0.00816064 0.00960279 0.0113287 0.0132981 0.0154911 0.0178501 0.0202276 0.0224531 0.0242683 0.0254696 0.0258159 0.0251201 0.0231747 0.0199489 0.015479 0.00989557 0.00346007 -0.00348056 -0.010511 -0.0172702 -0.0233393 -0.028413 -0.032249 -0.0347443 -0.035861 -0.0356776 -0.0343981 -0.0321918 -0.0293352 -0.0260787 -0.0226596 -0.0192637 -0.0160683 -0.013177 -0.0106132 -0.00845114 -0.00663815 -0.0051584 -0.00399422 -0.00307952 -0.00238888 -0.00187573 -0.00151345 -0.00124665 -0.00107323 -0.000960342 -0.000870362 -0.000835638 -0.000798488 -0.000776601 -0.000777816 -0.000757968 -0.000761274 -0.000759409 -0.000749126 -0.000756579 -0.000751322 -0.000751771 -0.000754422 -0.000748839 -0.00075047 -0.000748285 -0.000746091 -0.000747704 -0.000746381 -0.000747659 
0 7.59098e-06 -7.50256e-07 1.39317e-05 9.48369e-06 8.76877e-06 2.213e-05 1.01039e-05 2.28233e-05 2.58134e-05 1.86508e-05 3.7633e-05 2.86014e-05 3.67669e-05 4.8665e-05 4.483e-05 7.07692e-05 8.78042e-05 0.000122078 0.000180393 0.00026082 0.000388007 0.000575535 0.000860695 0.00124619 0.00180516 0.00254769 0.00350857 0.00477975 0.00634261 0.00828257 0.0106305 0.0133653 0.0164983 0.0199635 0.0236452 0.0273847 0.0310102 0.0342376 0.0368174 0.0385037 0.0390186 0.0381947 0.035924 0.0322028 0.027108 0.0208774 0.0138326 0.00633013 -0.00119694 -0.00832388 -0.0146879 -0.0200171 -0.0240584 -0.0267128 -0.0280448 -0.028195 -0.0273356 -0.0256661 -0.0234394 -0.0209034 -0.0182897 -0.0157514 -0.0133932 -0.0112735 -0.00942871 -0.00788193 -0.00661396 -0.0055783 -0.0047137 -0.0040033 -0.00342767 -0.0029635 -0.0025586 -0.0021944 -0.0018764 -0.00160908 -0.00136925 -0.00113493 -0.000915825 -0.000721283 -0.000553234 -0.000382782 -0.000214776 -6.03012e-05 6.57342e-05 0.000199484 0.000335201 0.000459027 0.000558012 0.000669856 0.00078117 0.000879746 0.000962034 0.00105927 0.00114995 0.00122925 0.00130188 0.00138788 0.00146114 0.00152752 0.00159526 0.00167234 0.00173189 0.00179175 0.00185858 0.00192933 0.00198009 0.0020402 0.00211006 0.00217859 0.00222808 0.0022954 0.00237306 0.00244757 0.00250718 0.00258868 0.00268282 0.0027788 0.00286507 0.00297174 0.00310078 0.0032447 0.00338773 0.00355106 0.00375798 0.00400813 0.00429172 0.00462186 0.00504627 0.00559262 0.00628028 0.00712006 0.00817133 0.00948639 0.0110956 0.0129837 0.0151304 0.0174917 0.0199815 0.0224612 0.0247223 0.0265356 0.0276404 0.0278079 0.0268534 0.0246461 0.0210784 0.0161746 0.0101496 0.00328437 -0.00408374 -0.0115686 -0.0187271 -0.0251826 -0.0305999 -0.034715 -0.0373941 -0.0386315 -0.0385233 -0.0371935 -0.0349065 -0.0319095 -0.0284449 -0.024792 -0.0211636 -0.0177122 -0.0145543 -0.0117886 -0.00938985 -0.00739189 -0.00577758 -0.00446487 -0.00346297 -0.00269253 -0.00211461 -0.0016985 -0.00140256 -0.00119907 -0.00105735 -0.000979995 -0.000914153 -0.000882844 -0.000867289 -0.000839379 -0.00084494 -0.000832245 -0.000828523 -0.000837899 -0.000824576 -0.000832053 -0.000829838 -0.000823808 -0.000829407 -0.000821855 -0.000822663 -0.000823498 -0.000819518 -0.000823666 -0.000822793 
0 -2.1432e-06 7.60497e-06 1.59195e-06 1.08359e-05 1.59896e-05 1.40963e-05 2.59694e-05 2.29906e-05 2.53324e-05 3.30034e-05 2.86014e-05 3.80538e-05 4.48184e-05 4.58846e-05 6.601e-05 7.67311e-05 9.86915e-05 0.000147231 0.000199997 0.000306266 0.00045939 0.000675225 0.00100284 0.00144351 0.00205628 0.00287761 0.00395609 0.00534114 0.00707797 0.00921148 0.0117537 0.0147309 0.0181038 0.0218165 0.0257421 0.0297203 0.0335198 0.0368737 0.0395548 0.0412405 0.0417293 0.0408284 0.0383966 0.0344398 0.0290869 0.0225637 0.0151798 0.00737397 -0.000501093 -0.00800974 -0.0147671 -0.020434 -0.0247943 -0.027779 -0.0293943 -0.0297528 -0.0290112 -0.027438 -0.0252132 -0.0226151 -0.0198702 -0.0171733 -0.0146225 -0.0123047 -0.0102614 -0.00851219 -0.0070799 -0.00588315 -0.00489387 -0.00406481 -0.0034086 -0.00284708 -0.00238533 -0.00196272 -0.00160016 -0.00127672 -0.00100392 -0.000730898 -0.000478864 -0.000255328 -5.36415e-05 0.000145955 0.000337686 0.000507102 0.0006717 0.000822464 0.000975719 0.0011102 0.00124712 0.00136376 0.001491 0.00159883 0.00171314 0.00180642 0.00191358 0.00199996 0.00209711 0.00217367 0.00226396 0.00233456 0.00241961 0.00248341 0.00256065 0.00262182 0.00269866 0.00275397 0.00282383 0.00288168 0.00295416 0.00300861 0.00307789 0.00313831 0.00321347 0.00327971 0.00335526 0.00342728 0.00351932 0.00361436 0.00370688 0.0038109 0.00394298 0.00409162 0.00423415 0.00441569 0.00463311 0.00490245 0.00520178 0.005586 0.00604818 0.00666691 0.00743124 0.00838608 0.00955162 0.0110239 0.0127881 0.0148431 0.0171503 0.0196449 0.0222433 0.0247874 0.027054 0.0287599 0.0297284 0.0296977 0.0284848 0.0259223 0.0219861 0.0167225 0.0103156 0.00303515 -0.00474276 -0.0125714 -0.0200947 -0.0268745 -0.0325753 -0.0369434 -0.0398407 -0.0411988 -0.0411317 -0.039819 -0.037455 -0.0343497 -0.0307385 -0.0268925 -0.0230294 -0.0193385 -0.0159533 -0.0129442 -0.0103621 -0.00818863 -0.00640912 -0.00497555 -0.00385874 -0.00299541 -0.00235171 -0.00189429 -0.00155155 -0.0013312 -0.00117564 -0.00106475 -0.00100973 -0.000961476 -0.00093811 -0.000931508 -0.000916359 -0.000915393 -0.000912659 -0.000903017 -0.000906771 -0.000899569 -0.000895881 -0.000902385 -0.00089514 -0.000902964 -0.000903922 -0.000899524 -0.000907023 -0.000896618 -0.00089836 
0 3.09446e-06 1.34011e-05 9.79341e-06 1.57334e-05 1.65477e-05 1.40116e-05 2.18697e-05 2.1429e-05 2.72829e-05 3.5379e-05 3.67669e-05 4.48184e-05 5.13682e-05 5.63067e-05 7.42916e-05 9.1707e-05 0.000122075 0.000177838 0.000244739 0.000363897 0.000533364 0.000777111 0.00114633 0.00164307 0.00233755 0.00325746 0.00444689 0.00597252 0.00786231 0.0101761 0.012934 0.0161391 0.0197536 0.0237041 0.027843 0.0320011 0.0359544 0.0394186 0.042159 0.0438599 0.0442969 0.0432869 0.0407045 0.0365726 0.0310094 0.0242508 0.0166199 0.00853723 0.000374192 -0.00741905 -0.0144737 -0.0204848 -0.0251874 -0.0284778 -0.0303686 -0.0309735 -0.0304302 -0.0289756 -0.0267927 -0.0241656 -0.0213393 -0.0184946 -0.0157599 -0.0132433 -0.0109976 -0.00904339 -0.00742034 -0.00605252 -0.00491361 -0.0039661 -0.00320081 -0.00254196 -0.00199993 -0.00152208 -0.0010993 -0.00072299 -0.000401149 -9.02578e-05 0.000199287 0.00045363 0.000695482 0.000928224 0.00114165 0.00133338 0.00153436 0.00171102 0.00187583 0.00203142 0.00219843 0.00233217 0.00246668 0.00259531 0.00273096 0.00283416 0.00294728 0.0030524 0.0031621 0.00324333 0.00333893 0.00342499 0.00351477 0.00357896 0.00366142 0.00373435 0.00380862 0.00386102 0.0039373 0.00400232 0.00406554 0.00411603 0.00419364 0.00425503 0.00431726 0.00438104 0.00446499 0.0045323 0.00461417 0.00470807 0.00480632 0.00490636 0.00503796 0.00518471 0.00533383 0.00552468 0.00575808 0.00603498 0.00636201 0.0067893 0.00730657 0.00798548 0.00883845 0.00990181 0.0111982 0.0128181 0.0147322 0.0169347 0.0193842 0.021998 0.0246554 0.0272039 0.0294119 0.0309991 0.0317664 0.0314645 0.0299407 0.0270593 0.0227719 0.0171221 0.010351 0.0027397 -0.00535353 -0.0134962 -0.0213129 -0.0283777 -0.03434 -0.0389273 -0.0420002 -0.043497 -0.0435267 -0.0422448 -0.0398611 -0.0366773 -0.0329319 -0.0289169 -0.0248629 -0.0209587 -0.0173506 -0.014129 -0.0113342 -0.00897623 -0.00704449 -0.00547966 -0.00426431 -0.00332097 -0.00260921 -0.00209753 -0.00171411 -0.00146043 -0.0012849 -0.0011647 -0.00109815 -0.00104717 -0.00101781 -0.00100249 -0.000987484 -0.000982857 -0.000981083 -0.000975928 -0.000982333 -0.000981905 -0.000980001 -0.000984758 -0.000974727 -0.000975778 -0.000972216 -0.000965765 -0.000973569 -0.000968072 -0.000975307 
0 4.74587e-06 -1.28088e-06 1.08945e-05 1.17484e-05 1.41363e-05 2.88405e-05 2.29516e-05 3.30162e-05 3.78482e-05 3.18952e-05 4.8665e-05 4.58846e-05 5.63067e-05 7.48119e-05 8.097e-05 0.00011381 0.000147944 0.000204906 0.000295653 0.000430039 0.000630101 0.000914368 0.0013323 0.00188368 0.0026538 0.00366938 0.00496289 0.00664494 0.00869746 0.0111999 0.0141801 0.0175977 0.0214439 0.0256136 0.0299612 0.0342818 0.0383649 0.0419105 0.0446568 0.0463495 0.0467171 0.0456061 0.0428885 0.0386052 0.0328663 0.0259225 0.0181319 0.00985151 0.00148981 -0.0065388 -0.0138383 -0.0201345 -0.0251376 -0.0287329 -0.0309325 -0.0318026 -0.0314922 -0.0301842 -0.0281063 -0.0254929 -0.0226213 -0.0196481 -0.016751 -0.0140446 -0.0115941 -0.00943667 -0.00760239 -0.00605549 -0.00474601 -0.0036753 -0.0027761 -0.00201783 -0.00137438 -0.000836607 -0.0003408 8.97124e-05 0.000475758 0.000829072 0.00116082 0.00145313 0.00174087 0.00201323 0.00225014 0.00247499 0.00270929 0.00292184 0.00309798 0.00328536 0.00347455 0.00363824 0.00377702 0.00393567 0.00408315 0.00421011 0.00432333 0.00445502 0.00456746 0.00466685 0.00475949 0.00486761 0.0049523 0.00502952 0.00510674 0.00519683 0.00525906 0.00531986 0.00538998 0.00546662 0.00551196 0.00556704 0.00563915 0.00570555 0.00574696 0.00581193 0.00589235 0.00595795 0.00602161 0.00611222 0.00621071 0.0063056 0.00642936 0.00656828 0.00672689 0.00691917 0.00716799 0.00744601 0.00780975 0.00827139 0.00885694 0.00959041 0.0105434 0.0117131 0.0131546 0.0149118 0.0169754 0.0193119 0.0218791 0.0245818 0.0272615 0.0297724 0.0318515 0.033267 0.0337778 0.0331837 0.0313066 0.0280722 0.0234247 0.0174295 0.0103422 0.00243472 -0.00592454 -0.0143379 -0.0223731 -0.0296675 -0.0358481 -0.0406422 -0.0438889 -0.0455317 -0.0456707 -0.0444254 -0.0420644 -0.0388379 -0.0350067 -0.0308597 -0.0266387 -0.0225393 -0.0187167 -0.0153092 -0.0123135 -0.0097879 -0.00771034 -0.00600355 -0.00468029 -0.00364423 -0.00286115 -0.00229073 -0.00187614 -0.00158813 -0.0013874 -0.00126439 -0.00117139 -0.00112414 -0.00109658 -0.0010683 -0.00107165 -0.00105928 -0.00105708 -0.0010602 -0.00104733 -0.0010523 -0.00104742 -0.0010454 -0.00105149 -0.00104896 -0.00105324 -0.00105443 -0.00105177 -0.00105177 -0.00104875 
0 -1.69021e-06 1.8614e-05 5.36359e-06 1.84306e-05 2.49998e-05 1.45351e-05 3.67188e-05 2.97935e-05 3.58345e-05 5.4076e-05 4.483e-05 6.601e-05 7.42916e-05 8.097e-05 0.000113391 0.000135641 0.000183569 0.000255045 0.000356766 0.000511984 0.000743214 0.00107303 0.00152678 0.00217155 0.00301156 0.0041252 0.00557292 0.00736776 0.00961163 0.0123103 0.0154839 0.0191333 0.023197 0.0275686 0.0320848 0.0365723 0.0407314 0.0443284 0.047094 0.0487246 0.0490228 0.0478098 0.0449876 0.0405583 0.0347114 0.0276621 0.0197404 0.011355 0.00287272 -0.00531175 -0.0128391 -0.0193425 -0.0246092 -0.028518 -0.0310421 -0.0322016 -0.0321298 -0.0310336 -0.0290903 -0.0265516 -0.0236435 -0.020587 -0.0175365 -0.0146508 -0.0119926 -0.00962451 -0.00757295 -0.00581682 -0.00433748 -0.00310655 -0.00207745 -0.00118748 -0.00044979 0.000182504 0.000738333 0.00124617 0.00169074 0.00210466 0.00247232 0.00281578 0.0031484 0.00346347 0.00373107 0.00399059 0.00426228 0.00450515 0.00470973 0.00491953 0.00514041 0.00532427 0.00548829 0.0056603 0.0058338 0.00597225 0.00610664 0.00624458 0.0063768 0.00648043 0.00658979 0.00669801 0.00679589 0.00687159 0.00696086 0.00704562 0.00711443 0.0071695 0.00724675 0.00731393 0.00735936 0.00740597 0.00748015 0.00753559 0.00757037 0.00762565 0.00770372 0.00776087 0.00781061 0.0078929 0.00798678 0.00808036 0.00818552 0.00832366 0.00848052 0.00868681 0.00892935 0.00923019 0.00961332 0.0101298 0.0107653 0.0115782 0.0126136 0.0139096 0.0154852 0.0173774 0.0195726 0.0220269 0.0246886 0.0274226 0.0300927 0.0324975 0.0344116 0.0355653 0.0357833 0.0348556 0.032617 0.0289852 0.0239767 0.0176996 0.0103238 0.00216467 -0.00641393 -0.0149957 -0.0232316 -0.0307022 -0.0370508 -0.0420354 -0.0454589 -0.0472594 -0.0475037 -0.0463779 -0.0440504 -0.0408171 -0.0369538 -0.0327 -0.0283365 -0.0240698 -0.0200759 -0.0164496 -0.0132921 -0.010595 -0.00834095 -0.00653583 -0.00508222 -0.00396129 -0.00311708 -0.00248416 -0.00202975 -0.00171136 -0.00149502 -0.00134117 -0.0012587 -0.00119572 -0.00115752 -0.00115271 -0.00112396 -0.0011277 -0.00112802 -0.00111349 -0.00113192 -0.00112087 -0.00112252 -0.00113316 -0.00111721 -0.0011293 -0.00112454 -0.00111768 -0.00113083 -0.00111828 -0.00112592 
0 9.84366e-06 4.56446e-06 2.10845e-05 1.83466e-05 2.18542e-05 3.4173e-05 2.89404e-05 4.30447e-05 4.92597e-05 5.31334e-05 7.07692e-05 7.67311e-05 9.1707e-05 0.00011381 0.000135641 0.000176196 0.000234539 0.000315996 0.000443993 0.000627514 0.000886603 0.00126117 0.00177953 0.00248306 0.00342813 0.00466069 0.0062273 0.00819704 0.0106086 0.0134938 0.0168885 0.0207542 0.0250258 0.0295945 0.0342818 0.0388588 0.0430996 0.0467304 0.0494523 0.0510465 0.0512597 0.0499259 0.0469912 0.0424946 0.0365692 0.0294635 0.0215235 0.0130744 0.00452491 -0.00374078 -0.0113584 -0.0180591 -0.023594 -0.0277835 -0.0305952 -0.0320642 -0.0323053 -0.0314302 -0.0296679 -0.027227 -0.0243533 -0.0212292 -0.0180573 -0.014993 -0.0121396 -0.0095619 -0.00727484 -0.00530689 -0.00362786 -0.00223539 -0.00103972 -2.82728e-05 0.00084101 0.00156144 0.00220709 0.00278073 0.00330994 0.00377637 0.00419932 0.00459226 0.00497865 0.0053353 0.00564376 0.00594534 0.00624869 0.00653092 0.006765 0.00700951 0.00724803 0.00746904 0.00765102 0.0078511 0.00803322 0.00820396 0.00834609 0.0085062 0.00863972 0.00876929 0.00887823 0.00900237 0.00909499 0.00919038 0.00927248 0.00936608 0.00942462 0.00949338 0.00955743 0.0096264 0.00965905 0.00971215 0.00976875 0.00982054 0.00984198 0.00989387 0.00995512 0.0100053 0.0100413 0.0101097 0.0101964 0.0102803 0.010374 0.0104957 0.0106641 0.0108642 0.0111163 0.0114217 0.0118493 0.0123973 0.0131071 0.013986 0.0151242 0.0165317 0.0182537 0.0202678 0.0225773 0.0251281 0.0278465 0.0305929 0.0331807 0.0354253 0.0370981 0.03799 0.0378434 0.0365142 0.0338797 0.0298994 0.0245442 0.0179431 0.0103319 0.00199849 -0.00672529 -0.0154754 -0.0238263 -0.031436 -0.0379472 -0.0430785 -0.0466536 -0.0486355 -0.0490473 -0.04802 -0.0457978 -0.0425962 -0.0387022 -0.0343991 -0.0299349 -0.0255258 -0.0213651 -0.0175769 -0.0142257 -0.0113662 -0.00897872 -0.00703043 -0.00548264 -0.00427578 -0.00335134 -0.00266449 -0.00216994 -0.00181509 -0.00157781 -0.00142341 -0.00131709 -0.0012578 -0.00122163 -0.00119571 -0.00119323 -0.00118572 -0.00118308 -0.00119396 -0.0011869 -0.00119524 -0.00119892 -0.00119079 -0.00120259 -0.00119346 -0.0011949 -0.00120153 -0.00119089 -0.00120354 -0.00119922 
0 5.82587e-06 3.20263e-06 1.74398e-05 1.91106e-05 3.01056e-05 4.27482e-05 4.57298e-05 6.08368e-05 6.46732e-05 7.41293e-05 8.78042e-05 9.86915e-05 0.000122075 0.000147944 0.000183569 0.000234539 0.000304259 0.000404764 0.00055581 0.000767252 0.00107436 0.00150691 0.00208749 0.00288413 0.00391867 0.00526293 0.00697891 0.00910062 0.0117084 0.0148054 0.0184091 0.0224897 0.0269608 0.0317021 0.0365311 0.0412223 0.0455097 0.049139 0.0518152 0.0533204 0.0534335 0.0520075 0.0490036 0.0444344 0.0384812 0.0313845 0.0234629 0.0150534 0.00654259 -0.00174397 -0.00945555 -0.0162655 -0.0219783 -0.0264331 -0.0295719 -0.0313647 -0.0318969 -0.0312864 -0.0297524 -0.0274696 -0.0246453 -0.0215007 -0.0182308 -0.0150147 -0.011969 -0.00918106 -0.00665749 -0.00446295 -0.00257742 -0.000991774 0.000372307 0.00153165 0.00253207 0.00337074 0.00410259 0.00476467 0.00537196 0.00590868 0.00638631 0.00684385 0.00727837 0.00768388 0.00803956 0.00838919 0.00872326 0.00904522 0.00932007 0.00959691 0.00985768 0.0101116 0.0103246 0.0105448 0.0107445 0.0109399 0.0111028 0.0112742 0.0114203 0.011566 0.0116867 0.0118146 0.0119137 0.0120182 0.0121037 0.0121933 0.0122529 0.0123254 0.0123835 0.0124422 0.0124722 0.0125237 0.0125646 0.0126037 0.0126192 0.0126625 0.0127019 0.0127419 0.0127657 0.0128201 0.0128881 0.0129665 0.0130414 0.0131546 0.0133198 0.0135248 0.0137725 0.0141007 0.0145616 0.0151571 0.015929 0.0168945 0.0181304 0.0196582 0.0215135 0.0236414 0.0260516 0.0286729 0.0314124 0.0341045 0.0365797 0.0386113 0.0399869 0.0405197 0.039992 0.0382617 0.0352045 0.0308112 0.0251232 0.0182947 0.0104792 0.00197924 -0.00685741 -0.0156861 -0.0241242 -0.0318187 -0.0384412 -0.0437339 -0.0474799 -0.0496355 -0.050208 -0.0493386 -0.0472341 -0.0441129 -0.0402598 -0.0359283 -0.0313853 -0.0268632 -0.022566 -0.0186175 -0.0151232 -0.0121129 -0.00957425 -0.00750999 -0.00584203 -0.00454541 -0.00355789 -0.00281322 -0.00228225 -0.00189982 -0.0016382 -0.0014674 -0.00135817 -0.00129372 -0.00126161 -0.00124383 -0.00124064 -0.00124386 -0.00124071 -0.00124933 -0.00124676 -0.00124918 -0.00125719 -0.00125331 -0.00126681 -0.00126685 -0.00127071 -0.00127932 -0.00127107 -0.00127936 -0.00127297 
