0 0 0 0 0 0 0 0 0 0 0 0 0 0 0 0 0 0 0 0 0 0 0 0 0 0 0 0 0 0 0 0 0 0 0 0 0 0 0 0 0 0 0 0 0 0 0 0 0 0 0 0 0 0 0 0 0 0 0 0 0 0 0 0 0 0 0 0 0 0 0 0 0 0 0 0 0 0 0 0 0 0 0 0 0 0 0 0 0 0 0 0 0 0 0 0 0 0 0 0 0 0 0 0 0 0 0 0 0 0 0 0 0 0 0 0 0 0 0 0 0 0 0 0 0 0 0 0 0 0 0 0 0 0 0 0 0 0 0 0 0 0 0 0 0 0 0 0 0 0 0 0 0 0 0 0 0 0 0 0 0 0 0 0 0 0 0 0 0 0 0 0 0 0 0 0 0 0 0 0 0 0 0 0 0 0 0 0 0 0 0 0 0 0 0 0 0 0 0 0 
0 -2.12446e-06 8.14602e-06 5.4436e-06 2.13291e-06 1.03816e-05 -1.38519e-07 2.15608e-06 1.36481e-05 2.7837e-06 1.76841e-05 2.19458e-05 7.10922e-06 2.09528e-05 1.18168e-05 6.10211e-06 2.12203e-05 1.89166e-05 2.26224e-05 2.35334e-05 2.7704e-05 2.13711e-05 1.94713e-05 4.26163e-05 2.51462e-05 2.51859e-05 3.96187e-05 1.84105e-05 2.95916e-05 4.33538e-05 4.43028e-05 3.78338e-05 3.20972e-05 4.9938e-05 5.36188e-05 5.04248e-05 4.07792e-05 4.88414e-05 6.0985e-05 4.70152e-05 5.44093e-05 5.91974e-05 5.77573e-05 6.29078e-05 6.83303e-05 6.9919e-05 6.92745e-05 8.22461e-05 7.98062e-05 7.93889e-05 9.02531e-05 9.06035e-05 8.91897e-05 9.5065e-05 0.000103239 9.85677e-05 0.000103034 0.000114795 0.000113607 0.000115718 0.000126721 0.000136292 0.000135451 0.000146886 0.000166218 0.000176145 0.000193417 0.000226836 0.000273608 0.00031965 0.000396613 0.000504184 0.000638191 0.000797695 0.00101035 0.0012786 0.00159043 0.00195937 0.00239675 0.00290131 0.00343078 0.00397738 0.0045087 0.00499826 0.0053781 0.00563498 0.00574216 0.00569384 0.00544397 0.00500238 0.00439152 0.00368059 0.00291066 0.00214601 0.00143438 0.000838562 0.000379925 7.31817e-05 -0.000101908 -0.000168332 -0.000187031 -0.000217362 -0.000326517 -0.000547111 -0.000909383 -0.00141098 -0.00204222 -0.0027496 -0.00348788 -0.00419485 -0.00483004 -0.00532235 -0.00563769 -0.00575384 -0.00571034 -0.00551419 -0.00518952 -0.00474211 -0.00423667 -0.00370314 -0.00317807 -0.0026663 -0.0022134 -0.00182643 -0.00150063 -0.00121646 -0.000987754 -0.000814433 -0.00067236 -0.000555075 -0.000468653 -0.000417192 -0.000368192 -0.000331057 -0.000309859 -0.000301274 -0.000282006 -0.000269305 -0.000269392 -0.000262491 -0.000250519 -0.000246355 -0.00024869 -0.000236249 -0.000229338 -0.000231788 -0.000224388 -0.000215082 -0.000214034 -0.000214626 -0.000201863 -0.000201531 -0.000204212 -0.000194247 -0.00019416 -0.000194537 -0.000192085 -0.000186425 -0.000193275 -0.000186731 -0.000175623 -0.000189363 -0.000183533 -0.000173492 -0.000166474 -0.0001721 -0.000179445 -0.000166752 -0.00015898 -0.000156627 -0.000177435 -0.000169805 -0.000153751 -0.000172828 -0.000156934 -0.000153986 -0.000167904 -0.000159604 -0.000153549 -0.000148416 -0.000155472 -0.000147971 -0.00015166 -0.000166275 -0.000147957 -0.000154322 -0.000155089 -0.000140191 -0.000152821 -0.000147909 -0.000146751 -0.000152515 -0.000145415 -0.000150041 -0.000146541 -0.000146855 -0.00015053 -0.000143808 -0.000147946 -0.000146427 
0 8.14602e-06 -9.65071e-06 1.00966e-05 8.68022e-06 2.55377e-06 2.85595e-05 1.6777e-05 1.46671e-05 3.02704e-05 9.10581e-06 1.47637e-05 3.33464e-05 2.06062e-05 3.73826e-05 5.09909e-05 2.97222e-05 4.03138e-05 4.3151e-05 3.17109e-05 5.01505e-05 5.12184e-05 5.18581e-05 4.99993e-05 4.88123e-05 6.96524e-05 6.22543e-05 7.39378e-05 8.4068e-05 6.37007e-05 6.37652e-05 7.9876e-05 0.000101806 7.13859e-05 7.31485e-05 0.000103431 9.17332e-05 0.000109895 0.000102284 0.000109483 0.000121734 0.000123437 0.000128392 0.000119285 0.000148246 0.000129876 0.000140011 0.000154158 0.000147673 0.000159504 0.000161583 0.000184739 0.000166751 0.000196369 0.000202302 0.000202883 0.000217079 0.000228955 0.000244951 0.000232198 0.000271589 0.000269297 0.000286113 0.000294415 0.000335327 0.000353969 0.000384563 0.000457674 0.000534334 0.000646316 0.000781163 0.00101401 0.00126206 0.00160377 0.00201325 0.00256183 0.00317669 0.00392468 0.00479471 0.00579782 0.00685683 0.00793967 0.00900547 0.00996344 0.0107335 0.0112304 0.0114612 0.0113433 0.0108664 0.00997426 0.00878888 0.00736145 0.0058569 0.00432111 0.00293075 0.00172514 0.000828138 0.000188406 -0.000153071 -0.000322555 -0.000359395 -0.000458273 -0.000670823 -0.0011419 -0.00185078 -0.0028723 -0.00410566 -0.00552939 -0.00697295 -0.00839458 -0.00962932 -0.0106223 -0.0112282 -0.0114825 -0.0113791 -0.0110056 -0.0103441 -0.00947341 -0.00845914 -0.00740744 -0.00635553 -0.00534376 -0.00444239 -0.00366447 -0.00301905 -0.00244318 -0.00200046 -0.00163368 -0.00136697 -0.0011142 -0.000960536 -0.000833044 -0.000751525 -0.00066365 -0.000627191 -0.000600599 -0.000561206 -0.000541937 -0.000524673 -0.000526015 -0.000484463 -0.000494774 -0.000477896 -0.000472315 -0.000450763 -0.000457789 -0.00045079 -0.00042611 -0.000441278 -0.000423182 -0.00042328 -0.000405348 -0.000418949 -0.000397074 -0.000388394 -0.000400577 -0.000374541 -0.000377537 -0.000365474 -0.000373102 -0.00035737 -0.000356182 -0.000353846 -0.000341528 -0.000372667 -0.00034306 -0.000327795 -0.00034571 -0.000353412 -0.000340398 -0.000315031 -0.000330273 -0.000321497 -0.000319562 -0.000326463 -0.000314456 -0.000317554 -0.000303917 -0.000316883 -0.000326699 -0.000304925 -0.000317848 -0.000309276 -0.000287395 -0.000305161 -0.00030331 -0.000293586 -0.000310867 -0.000303655 -0.000291761 -0.000305148 -0.000294666 -0.000290917 -0.000303289 -0.000290538 -0.000293542 -0.000298066 -0.00028925 -0.000296982 -0.000292488 
0 5.4436e-06 1.00966e-05 1.27288e-05 1.17259e-05 1.77838e-05 1.55121e-05 1.6864e-05 2.90819e-05 2.69996e-05 3.82048e-05 4.58298e-05 3.77761e-05 4.63761e-05 4.32963e-05 4.22115e-05 5.39895e-05 5.92764e-05 6.5445e-05 6.63524e-05 7.55826e-05 7.09848e-05 7.25123e-05 9.58767e-05 8.24863e-05 8.75971e-05 9.96842e-05 8.51851e-05 0.000100801 0.000114563 0.000119236 0.000118168 0.000119056 0.00013344 0.000142756 0.000147439 0.000136621 0.000151351 0.000165136 0.000156202 0.000169031 0.00017767 0.000181285 0.000189468 0.000205379 0.000207363 0.000213773 0.000235285 0.00023541 0.000242603 0.000259508 0.000269201 0.000269083 0.000286925 0.000302957 0.000302611 0.000318015 0.000339497 0.000348754 0.000355888 0.000385705 0.000405654 0.000418217 0.000448304 0.000495269 0.000534347 0.000590009 0.000689728 0.000818225 0.000977482 0.00120542 0.00152784 0.00192567 0.00242336 0.00306049 0.00385874 0.00479912 0.00591195 0.00721924 0.00870177 0.0102788 0.0118922 0.0134652 0.0148863 0.0160164 0.01677 0.0170942 0.0169271 0.016199 0.0149061 0.0131435 0.01106 0.00881595 0.00656891 0.00448957 0.00271916 0.00134999 0.000398219 -0.00016537 -0.000437637 -0.000563633 -0.000733794 -0.0011106 -0.00181787 -0.00291476 -0.00441856 -0.00626995 -0.00835319 -0.0105092 -0.0125855 -0.0144215 -0.015859 -0.0167741 -0.0171391 -0.0170045 -0.0164294 -0.015458 -0.0141604 -0.0126659 -0.0110937 -0.0095273 -0.00802632 -0.00667674 -0.00551501 -0.00452943 -0.00368601 -0.00300255 -0.00246577 -0.00203888 -0.00168847 -0.00143383 -0.00125623 -0.00111725 -0.00100531 -0.000939839 -0.000897915 -0.000850185 -0.000814948 -0.000800792 -0.000782872 -0.00075172 -0.00074075 -0.000732174 -0.000710702 -0.000690307 -0.000688698 -0.000672253 -0.000651091 -0.000646512 -0.000638225 -0.000619171 -0.000609481 -0.000610975 -0.0005915 -0.000585254 -0.000584443 -0.000573545 -0.00056492 -0.000565718 -0.000557384 -0.000540213 -0.000550785 -0.000541043 -0.000523298 -0.000519816 -0.00051813 -0.000518658 -0.000505838 -0.000496546 -0.000491173 -0.00050492 -0.000499677 -0.000481062 -0.000494655 -0.00047986 -0.000473583 -0.000486006 -0.000473473 -0.00046663 -0.000461937 -0.000461387 -0.000457223 -0.000460432 -0.000468076 -0.000455006 -0.000458382 -0.000454298 -0.000443578 -0.00045199 -0.000445047 -0.000446361 -0.000448639 -0.000441546 -0.000446799 -0.000441462 -0.000442208 -0.000443862 -0.000438205 -0.000445627 -0.000438885 
0 2.13291e-06 8.68022e-06 1.17259e-05 1.74966e-05 2.56486e-05 2.48769e-05 3.09848e-05 3.83717e-05 3.52578e-05 4.50051e-05 5.08353e-05 4.90309e-05 6.23392e-05 6.4643e-05 6.53285e-05 7.66264e-05 7.71859e-05 8.13975e-05 8.82849e-05 9.37032e-05 9.78126e-05 0.000100861 0.000114035 0.000113869 0.000118355 0.000133841 0.000130135 0.000138124 0.00014831 0.00015155 0.000159247 0.000160971 0.0001737 0.000181438 0.0001863 0.000194043 0.000202201 0.00021704 0.000217229 0.000229725 0.000241571 0.000245128 0.000259379 0.00026729 0.000278684 0.000285978 0.000302847 0.000312272 0.000320481 0.000342025 0.000350355 0.000365418 0.00038044 0.000401393 0.000411453 0.000429823 0.000455324 0.000467851 0.000489833 0.000514075 0.000545281 0.000564793 0.000607087 0.000658001 0.000717219 0.000799081 0.00092406 0.00109675 0.00131576 0.00163062 0.0020481 0.00258905 0.00325868 0.00411778 0.00516998 0.006434 0.00791956 0.00965611 0.011604 0.013687 0.0158143 0.017877 0.0197326 0.0212145 0.022212 0.0226312 0.0224025 0.0214415 0.0197688 0.0174797 0.0147744 0.0118426 0.00891612 0.00619002 0.00386363 0.00203097 0.000741431 -6.81396e-05 -0.000499107 -0.000760371 -0.0010624 -0.00163549 -0.00261504 -0.00410322 -0.00609241 -0.00852965 -0.0112477 -0.0140699 -0.0167703 -0.0191575 -0.0210149 -0.0222156 -0.0227012 -0.022533 -0.0217685 -0.0204924 -0.0187968 -0.0168407 -0.0147685 -0.0127002 -0.0107289 -0.00894289 -0.00739523 -0.00607136 -0.00495921 -0.0040424 -0.00332143 -0.00273905 -0.00228452 -0.00193528 -0.00169097 -0.00149894 -0.00135855 -0.00126157 -0.00119578 -0.00113833 -0.00109069 -0.00106592 -0.00103401 -0.00100744 -0.000981693 -0.00096955 -0.000942732 -0.000923969 -0.000911462 -0.000893119 -0.000876304 -0.000860828 -0.000853634 -0.000831426 -0.000823368 -0.000812205 -0.000797597 -0.000787189 -0.000776288 -0.000767945 -0.000751751 -0.000750021 -0.000736758 -0.00072498 -0.000722997 -0.000712887 -0.000706647 -0.000695175 -0.000693521 -0.000688165 -0.000679531 -0.000673787 -0.000664434 -0.000667862 -0.000655929 -0.000647182 -0.000651646 -0.000640121 -0.000636374 -0.000635419 -0.000631052 -0.000626248 -0.000622091 -0.000624655 -0.000614985 -0.000612689 -0.000615241 -0.000603555 -0.000605955 -0.000605858 -0.000598104 -0.000601784 -0.000598551 -0.000594988 -0.000595769 -0.000592884 -0.000591748 -0.000590527 -0.000591558 -0.000588841 -0.0005856 -0.000589615 -0.000587071 
0 1.03816e-05 2.55377e-06 1.77838e-05 2.56486e-05 1.80289e-05 4.14086e-05 4.35674e-05 3.70961e-05 6.09215e-05 4.87263e-05 5.11627e-05 7.63035e-05 6.43694e-05 8.22312e-05 9.72346e-05 8.68448e-05 9.85503e-05 0.000102341 0.000108726 0.000112094 0.000126852 0.000139215 0.00012112 0.000147612 0.000157311 0.000148935 0.000180433 0.000179939 0.000176954 0.000180929 0.000199431 0.000221775 0.000207908 0.000216562 0.000232311 0.000251901 0.000257565 0.000255736 0.000282632 0.000287646 0.000299971 0.000312192 0.000321548 0.000336791 0.000345952 0.000365306 0.000371277 0.000391274 0.000407659 0.000419836 0.00044102 0.000457446 0.000479533 0.000494535 0.000521129 0.000541511 0.000563083 0.000590421 0.00061581 0.000646646 0.00067571 0.000718835 0.000763192 0.000824587 0.000905002 0.00101643 0.00117139 0.00138266 0.00167845 0.00207115 0.00259762 0.00327128 0.00413308 0.00520311 0.00651966 0.00809958 0.00996555 0.0121166 0.0145146 0.0170832 0.0196996 0.0222264 0.0244809 0.0263008 0.0275211 0.0280357 0.0277305 0.0265618 0.024532 0.0217793 0.0184941 0.0149434 0.0113756 0.00805743 0.00518296 0.00290052 0.00123787 0.000154371 -0.000508969 -0.000960804 -0.00147431 -0.00228191 -0.00358195 -0.00546208 -0.00794308 -0.0109237 -0.0142473 -0.017672 -0.0209575 -0.023831 -0.0260801 -0.0275324 -0.0281475 -0.0279395 -0.0270029 -0.0254281 -0.0233669 -0.0209709 -0.0184245 -0.0158711 -0.0134469 -0.0112385 -0.00930072 -0.00764358 -0.00625366 -0.00511385 -0.00418982 -0.00346128 -0.00288843 -0.00245638 -0.00212722 -0.00189067 -0.00171522 -0.00158936 -0.0014958 -0.00142694 -0.00137585 -0.0013281 -0.00129465 -0.00126125 -0.00123475 -0.00120404 -0.00118282 -0.00116101 -0.00113521 -0.00111856 -0.00109784 -0.00108206 -0.00105904 -0.00104893 -0.00103074 -0.00101177 -0.00100245 -0.000983592 -0.000973315 -0.000955841 -0.000947711 -0.00092906 -0.000921251 -0.000919586 -0.000892704 -0.000888165 -0.000884445 -0.000884807 -0.000865212 -0.000844689 -0.000855462 -0.000851679 -0.000843241 -0.000814859 -0.000817317 -0.000826212 -0.000797353 -0.000809371 -0.000803959 -0.000783045 -0.000786725 -0.000786929 -0.000787399 -0.000772318 -0.000777853 -0.00077026 -0.000748274 -0.000768324 -0.000755886 -0.00074849 -0.000765173 -0.000744949 -0.00074699 -0.000750454 -0.000737672 -0.000745308 -0.000740553 -0.000736373 -0.00073969 -0.000736072 -0.000736536 -0.000734745 -0.000735352 
0 -1.38519e-07 2.85595e-05 1.55121e-05 2.48769e-05 4.14086e-05 2.58547e-05 4.6414e-05 5.50906e-05 5.07423e-05 7.92472e-05 8.14801e-05 7.73456e-05 9.46548e-05 8.89361e-05 8.87575e-05 0.000112133 0.0001173 0.000125493 0.00014202 0.000140076 0.000146352 0.000154668 0.000168989 0.000182026 0.000174331 0.000190479 0.00019511 0.000194482 0.000225582 0.000243654 0.000238768 0.000232144 0.000271233 0.000286334 0.000276231 0.000297356 0.000297092 0.000320891 0.000332863 0.000336965 0.000353815 0.000369586 0.000394768 0.000391321 0.00042739 0.00043953 0.000450006 0.000479393 0.000492458 0.000515581 0.00052352 0.000565128 0.000568508 0.000595069 0.000625802 0.000646615 0.0006735 0.000698243 0.000748873 0.00076153 0.000816467 0.000860455 0.000927625 0.000989725 0.00110069 0.0012458 0.00142602 0.00169535 0.00205284 0.00255032 0.00316454 0.00400185 0.00503457 0.00634167 0.00790403 0.00981773 0.0120474 0.0146101 0.0174353 0.0204644 0.0235437 0.0264915 0.0291236 0.0312406 0.0326824 0.0332611 0.0329004 0.0315191 0.0291958 0.0260113 0.0222373 0.0181094 0.0139878 0.0100982 0.00672709 0.00396909 0.00193441 0.000501525 -0.000437934 -0.00118644 -0.00196221 -0.00309196 -0.00472672 -0.00704118 -0.00997925 -0.0134971 -0.0173499 -0.0213423 -0.0251236 -0.0284498 -0.0310197 -0.0327207 -0.0334345 -0.0332125 -0.0320963 -0.0302599 -0.0278455 -0.0250521 -0.0220521 -0.019042 -0.0161831 -0.01356 -0.0112454 -0.00924133 -0.00758816 -0.00620194 -0.00509462 -0.00419004 -0.00352112 -0.00297829 -0.00258489 -0.0022811 -0.00208335 -0.00192006 -0.00179971 -0.0017246 -0.00165773 -0.00160778 -0.00154912 -0.00153466 -0.00148279 -0.00145654 -0.00142205 -0.00140534 -0.00136638 -0.00133895 -0.00132975 -0.00128897 -0.0012755 -0.00124917 -0.00124023 -0.00120431 -0.00119961 -0.00118624 -0.00115512 -0.00115648 -0.00113765 -0.00112845 -0.00110373 -0.00110288 -0.00108913 -0.00107466 -0.00106824 -0.00103052 -0.00104339 -0.00104406 -0.00101295 -0.000993174 -0.000999925 -0.00100849 -0.000983956 -0.000983746 -0.000974995 -0.000960272 -0.000963613 -0.00095583 -0.000955363 -0.000937326 -0.000924108 -0.000931987 -0.000919309 -0.000920767 -0.000932325 -0.000914383 -0.000908375 -0.000914254 -0.000894803 -0.000896779 -0.000905935 -0.000887188 -0.00089522 -0.000895826 -0.000880998 -0.000893697 -0.000884603 -0.000881674 -0.000892832 -0.000877603 -0.000884224 
0 2.15608e-06 1.6777e-05 1.6864e-05 3.09848e-05 4.35674e-05 4.6414e-05 6.0713e-05 6.22603e-05 6.78219e-05 7.68465e-05 7.80005e-05 9.28844e-05 0.000104969 0.0001144 0.000126988 0.000132818 0.000134531 0.000141765 0.000154187 0.000157861 0.000176451 0.000187183 0.000183235 0.000206741 0.00021305 0.000223023 0.000247572 0.000246085 0.000253056 0.000263148 0.000277134 0.000292881 0.000304123 0.000309744 0.000320567 0.000354953 0.000357914 0.000369062 0.000396484 0.000404008 0.000421325 0.000440005 0.00045734 0.000463548 0.000493067 0.000511275 0.000517979 0.00055214 0.000572418 0.000591173 0.000614104 0.000653892 0.000669461 0.000695412 0.000739267 0.000763648 0.000791958 0.00083027 0.000880255 0.000904057 0.000957032 0.00102186 0.00108957 0.00116939 0.00129994 0.00147671 0.0016919 0.00200969 0.00244725 0.00302891 0.00376375 0.00474251 0.00597552 0.0074983 0.00933683 0.0115645 0.0141689 0.0171199 0.0203647 0.0238227 0.0273296 0.0306661 0.0336355 0.0360314 0.0376578 0.038306 0.0378769 0.0363277 0.0337323 0.0302013 0.0259891 0.021387 0.0167551 0.0123723 0.00850656 0.00530106 0.00284004 0.00102956 -0.000289396 -0.00139472 -0.00254402 -0.00403803 -0.00607944 -0.00881912 -0.0122315 -0.0162261 -0.0205791 -0.0250448 -0.0292753 -0.0329667 -0.0358333 -0.037731 -0.0385516 -0.0383017 -0.0370411 -0.0349555 -0.0322296 -0.0290668 -0.0256545 -0.0222195 -0.0189425 -0.0159281 -0.0132343 -0.0109044 -0.00896376 -0.00735159 -0.0060343 -0.0049773 -0.00417716 -0.00354456 -0.00306218 -0.00270354 -0.00246191 -0.00226458 -0.00211615 -0.00201911 -0.00194594 -0.00187287 -0.0018116 -0.00178266 -0.00173252 -0.00169012 -0.00165721 -0.00163642 -0.0015911 -0.00156477 -0.00154933 -0.0015146 -0.00148863 -0.00147083 -0.00145372 -0.00141624 -0.00140833 -0.00138849 -0.00135917 -0.00134592 -0.00132883 -0.00130783 -0.00128876 -0.00128603 -0.00125563 -0.00124474 -0.0012478 -0.0012261 -0.00121295 -0.00120179 -0.00119718 -0.00118758 -0.00117899 -0.00115798 -0.00114415 -0.00115014 -0.00112989 -0.00112712 -0.00112317 -0.00110207 -0.00110538 -0.00110325 -0.00109694 -0.00109419 -0.00108655 -0.00107383 -0.00106654 -0.00106619 -0.00105739 -0.00106079 -0.00105851 -0.00104883 -0.00105337 -0.00104361 -0.00104197 -0.00104363 -0.00103458 -0.00104151 -0.00103335 -0.00102846 -0.00103541 -0.00102505 -0.00103265 
0 1.36481e-05 1.46671e-05 2.90819e-05 3.83717e-05 3.70961e-05 5.50906e-05 6.22603e-05 6.60228e-05 8.93688e-05 8.89572e-05 9.535e-05 0.000116541 0.000111429 0.000124107 0.000141438 0.000142192 0.000157451 0.000170031 0.000179671 0.00018569 0.000200528 0.000216876 0.000211498 0.000235143 0.000248496 0.000244115 0.000272867 0.000281792 0.000291651 0.000306223 0.000318102 0.000344583 0.000347063 0.000359952 0.000378857 0.000397631 0.000411437 0.00041628 0.000450018 0.000458765 0.000476047 0.00050399 0.000515881 0.000541677 0.000561753 0.000590905 0.000602829 0.000635255 0.00066475 0.000677131 0.000715501 0.000741644 0.000772187 0.000794598 0.0008421 0.000871843 0.000900349 0.000953315 0.000995177 0.0010423 0.0010914 0.00117916 0.00125096 0.00135855 0.00151117 0.00171996 0.00198406 0.00235389 0.00287811 0.00354369 0.00441589 0.00553547 0.00697407 0.00871247 0.0108373 0.0133721 0.016341 0.019665 0.0233092 0.0271623 0.0310515 0.0347376 0.0380038 0.0406457 0.0424218 0.0431309 0.0426362 0.0409512 0.0381216 0.0343131 0.0297364 0.0247496 0.0196747 0.0148588 0.0105227 0.00687762 0.00395445 0.00171331 -7.10723e-05 -0.00161705 -0.0032337 -0.00515944 -0.00766167 -0.0108385 -0.0147205 -0.0191498 -0.0239504 -0.0288082 -0.0334155 -0.0373991 -0.040518 -0.0425716 -0.0434852 -0.0432037 -0.0418238 -0.0395134 -0.0365093 -0.0330081 -0.0292249 -0.0253963 -0.0217209 -0.0183269 -0.0152634 -0.0126136 -0.0103753 -0.00853379 -0.00700078 -0.00579298 -0.00484571 -0.0041238 -0.0035482 -0.00313683 -0.00283997 -0.00261341 -0.00243967 -0.00231901 -0.00223899 -0.00214723 -0.00209031 -0.00203841 -0.0019978 -0.00193859 -0.00190815 -0.00187467 -0.00182832 -0.0017984 -0.0017672 -0.00174033 -0.00169688 -0.00168421 -0.00165223 -0.00162215 -0.00160491 -0.00158012 -0.00156024 -0.00153413 -0.00152677 -0.00149586 -0.00148308 -0.00147479 -0.00144463 -0.00143371 -0.00141849 -0.00141072 -0.00138635 -0.00137026 -0.00136643 -0.00135042 -0.00134402 -0.00132018 -0.00132016 -0.00131783 -0.00129041 -0.00129565 -0.0012864 -0.00126946 -0.00126623 -0.0012595 -0.00125139 -0.00123672 -0.00124104 -0.00123315 -0.00121866 -0.00123036 -0.00121566 -0.00120688 -0.00121496 -0.00119847 -0.00119746 -0.00120012 -0.00119021 -0.00119051 -0.00118692 -0.00118404 -0.00118473 -0.00118314 -0.00118284 -0.00118006 -0.00117921 
0 2.7837e-06 3.02704e-05 2.69996e-05 3.52578e-05 6.09215e-05 5.07423e-05 6.78219e-05 8.93688e-05 7.70726e-05 0.000106837 0.000121624 0.000113179 0.000141878 0.000142315 0.000144169 0.000168129 0.000176874 0.000191258 0.000199556 0.000219283 0.000221816 0.000224293 0.000265094 0.000259937 0.00027029 0.000298421 0.000291909 0.000311254 0.000330391 0.00036034 0.000363394 0.000358083 0.00040043 0.000417132 0.000432104 0.000436579 0.000458107 0.000491032 0.000495836 0.000523185 0.000536711 0.000565772 0.000587632 0.000606005 0.000639063 0.00065532 0.00069069 0.000711434 0.000745311 0.000771795 0.000802529 0.000841025 0.000866094 0.000909652 0.000942832 0.000987928 0.00102316 0.00107579 0.00112679 0.00117749 0.00124776 0.00132729 0.00142926 0.00154922 0.00173424 0.00196831 0.00228822 0.00272225 0.00331917 0.00409303 0.00509117 0.00638151 0.00800083 0.0099881 0.0123821 0.0152433 0.018545 0.0222455 0.026257 0.0304787 0.0347016 0.0386976 0.0422263 0.0450696 0.0469729 0.0477196 0.0471873 0.0453804 0.0423812 0.0383407 0.0335035 0.0281965 0.0227771 0.0175606 0.0128108 0.00870456 0.00531323 0.00255631 0.000251841 -0.00184786 -0.00399416 -0.00645147 -0.00943979 -0.0130967 -0.0174124 -0.0222638 -0.0274293 -0.0326258 -0.037508 -0.0417374 -0.0450389 -0.0472309 -0.0481993 -0.047902 -0.0464147 -0.0439231 -0.0406689 -0.0368696 -0.0327598 -0.0285715 -0.0245302 -0.020759 -0.0173569 -0.0143757 -0.0118583 -0.00975631 -0.00803325 -0.00664593 -0.00556621 -0.00472501 -0.00407418 -0.0035917 -0.00323707 -0.00297687 -0.00277187 -0.00263482 -0.00252199 -0.00243626 -0.00235721 -0.00230255 -0.00224646 -0.00219275 -0.00215106 -0.00210503 -0.00206908 -0.00202236 -0.00199557 -0.00195379 -0.00192435 -0.00189237 -0.00186107 -0.00183742 -0.00180334 -0.00178746 -0.00175272 -0.0017375 -0.00171349 -0.00169243 -0.00167263 -0.00164324 -0.00164396 -0.00161708 -0.0015949 -0.00157135 -0.00156828 -0.00156819 -0.0015249 -0.00151399 -0.00150812 -0.00150943 -0.00148885 -0.00146333 -0.00147596 -0.00144605 -0.00143908 -0.00144762 -0.00142416 -0.00141394 -0.00140321 -0.00140401 -0.00138939 -0.00138606 -0.00139673 -0.00136573 -0.00137099 -0.00137239 -0.00134503 -0.00136271 -0.0013537 -0.00133729 -0.00135241 -0.00133889 -0.00133364 -0.00134095 -0.0013299 -0.00133075 -0.00133348 -0.00132583 -0.00132815 
0 1.76841e-05 9.10581e-06 3.82048e-05 4.50051e-05 4.87263e-05 7.92472e-05 7.68465e-05 8.89572e-05 0.000106837 0.000103691 0.000121165 0.000133837 0.000145373 0.000166643 0.000179932 0.000189907 0.000195469 0.000206343 0.000217932 0.000232401 0.000252567 0.000267985 0.000276921 0.000284245 0.000311333 0.000325765 0.000337718 0.0003686 0.00036627 0.000368236 0.000402097 0.00043176 0.000435159 0.000444024 0.000475752 0.000495823 0.000524807 0.000537745 0.000554445 0.000589658 0.000608602 0.000630008 0.000650699 0.000685612 0.00070213 0.000731455 0.00076749 0.000788081 0.000826512 0.000858022 0.000899314 0.000926479 0.000975406 0.00101539 0.00105325 0.00110463 0.00115024 0.0012072 0.00125388 0.00133093 0.0013972 0.00149281 0.00160394 0.00175984 0.00196086 0.00223289 0.00261228 0.00311152 0.00379287 0.00466766 0.00582035 0.00726431 0.00909127 0.0113102 0.0140021 0.0171614 0.0208032 0.0248478 0.029217 0.0337592 0.038278 0.0425387 0.0462893 0.0492958 0.051287 0.0520701 0.0515031 0.0496198 0.0464823 0.042292 0.0372578 0.0317348 0.0260252 0.0204853 0.0153339 0.0107917 0.0068798 0.00357028 0.000647847 -0.00206577 -0.00484656 -0.00788596 -0.0114323 -0.0155655 -0.0203242 -0.0255393 -0.0310322 -0.0364731 -0.0415712 -0.0459613 -0.0494116 -0.0516895 -0.0527034 -0.0523781 -0.0508161 -0.0481729 -0.0447086 -0.0406492 -0.0362521 -0.0317502 -0.0273586 -0.0232408 -0.0194971 -0.0162132 -0.0133923 -0.011047 -0.00910632 -0.00755966 -0.00631672 -0.00536677 -0.00462259 -0.0040743 -0.00365102 -0.00334896 -0.00312164 -0.00294914 -0.00281968 -0.00271488 -0.00263958 -0.00255553 -0.00250259 -0.00244162 -0.0023953 -0.00233784 -0.00230174 -0.00225967 -0.00221236 -0.00218241 -0.00214417 -0.00211277 -0.00207178 -0.00205362 -0.00201406 -0.00198448 -0.00196446 -0.0019309 -0.00190331 -0.00187923 -0.00186624 -0.00183038 -0.00181139 -0.00179426 -0.00177805 -0.00177133 -0.001737 -0.00171565 -0.00171852 -0.00171498 -0.00167716 -0.00165712 -0.00165806 -0.00163622 -0.0016298 -0.00162112 -0.00160146 -0.00158859 -0.00158198 -0.00158184 -0.00157439 -0.0015653 -0.00155396 -0.00154258 -0.00152982 -0.00152625 -0.00152779 -0.00151314 -0.00151645 -0.00151137 -0.00149549 -0.00150602 -0.00149194 -0.00148836 -0.00149943 -0.00147826 -0.00148479 -0.00148375 -0.00146753 -0.00148465 -0.00147546 
0 2.19458e-05 1.47637e-05 4.58298e-05 5.08353e-05 5.11627e-05 8.14801e-05 7.80005e-05 9.535e-05 0.000121624 0.000121165 0.000144196 0.000154839 0.000157668 0.000175874 0.000182395 0.00019941 0.00022106 0.000235072 0.000253197 0.000264812 0.00027315 0.000291129 0.000307873 0.000319599 0.000342041 0.00035256 0.000360105 0.000390466 0.000410751 0.000427252 0.000451575 0.000466296 0.000479259 0.00051126 0.000533011 0.000538074 0.000570169 0.000591158 0.000609329 0.000642655 0.000665991 0.00068963 0.000721072 0.000760575 0.00077702 0.000814952 0.000856299 0.0008774 0.000916843 0.000956523 0.00099501 0.00102197 0.00107833 0.00111946 0.00115609 0.00121412 0.00126971 0.00132554 0.00138069 0.00147289 0.00154984 0.0016543 0.00179082 0.00197711 0.0022055 0.00252067 0.00296521 0.0035394 0.00430524 0.00529958 0.00660232 0.0082182 0.010245 0.0127143 0.0156909 0.0191526 0.0231102 0.0274882 0.0321788 0.0370066 0.0417743 0.0462563 0.050185 0.0533082 0.0553594 0.0561626 0.0555813 0.0536443 0.0504249 0.0461383 0.0409946 0.0353228 0.0294055 0.023585 0.0180781 0.0130907 0.00864244 0.00471265 0.00111731 -0.00229703 -0.00577298 -0.00947456 -0.0136126 -0.0182527 -0.0234285 -0.0289829 -0.0347348 -0.0403631 -0.045593 -0.0500897 -0.0536272 -0.0559627 -0.0569911 -0.0566435 -0.0550214 -0.0522657 -0.0486269 -0.0443469 -0.0397024 -0.0349205 -0.0302116 -0.0257585 -0.0216936 -0.018103 -0.0149906 -0.0123831 -0.010231 -0.0085054 -0.00710578 -0.00602748 -0.00519314 -0.00456845 -0.00407809 -0.00372933 -0.00347536 -0.00327504 -0.00312085 -0.00300727 -0.00292506 -0.00282796 -0.00276589 -0.00270627 -0.00265085 -0.00258412 -0.00254497 -0.00249982 -0.00244046 -0.00240527 -0.00236562 -0.00232372 -0.00227757 -0.00225815 -0.00221596 -0.00217853 -0.00216129 -0.00212882 -0.00209916 -0.00207579 -0.00205757 -0.00202395 -0.00201038 -0.00198928 -0.00195204 -0.00194317 -0.00192656 -0.00189826 -0.00187919 -0.0018653 -0.00184445 -0.0018369 -0.0018303 -0.00180373 -0.00179371 -0.00178647 -0.00177148 -0.001765 -0.00175198 -0.00173279 -0.00172263 -0.00171224 -0.00170384 -0.00170598 -0.00169374 -0.00168739 -0.00168554 -0.00166591 -0.00166934 -0.0016627 -0.00164876 -0.00166081 -0.00164231 -0.00163612 -0.00164565 -0.00162624 -0.00163765 -0.00163989 -0.00162475 -0.00163867 -0.00162415 
0 7.10922e-06 3.33464e-05 3.77761e-05 4.90309e-05 7.63035e-05 7.73456e-05 9.28844e-05 0.000116541 0.000113179 0.000133837 0.000154839 0.000157948 0.00018398 0.000199645 0.000205778 0.000224393 0.000240933 0.00025099 0.000262719 0.000292615 0.000300193 0.000309436 0.000348892 0.000350515 0.000367694 0.000400151 0.000404637 0.000427101 0.000441277 0.000469789 0.000492145 0.000492723 0.000529079 0.000558048 0.000579094 0.000592278 0.000624658 0.000662189 0.000669128 0.000710675 0.000733051 0.000756763 0.000796137 0.00082125 0.000854192 0.00088276 0.00093383 0.000955364 0.000997327 0.00105118 0.00108075 0.00113024 0.00117839 0.0012374 0.00127042 0.00134008 0.00140352 0.00145561 0.00153091 0.00161794 0.00172028 0.00181933 0.00199368 0.0021936 0.00246199 0.00281946 0.00332947 0.00398582 0.00483721 0.00597054 0.00741352 0.0092259 0.0114456 0.0141884 0.0174313 0.0212071 0.0254568 0.0301604 0.0351329 0.0402184 0.0451925 0.049855 0.0539181 0.0571147 0.0592047 0.0600124 0.0594386 0.0574685 0.054228 0.0498931 0.0447239 0.0389588 0.032915 0.0268503 0.0210369 0.0155914 0.0105994 0.00598549 0.00167718 -0.00251719 -0.00673308 -0.0111715 -0.0159253 -0.0211053 -0.0266689 -0.0325436 -0.038487 -0.0442583 -0.0495418 -0.0541002 -0.0576617 -0.0600315 -0.0610454 -0.0606857 -0.0590153 -0.0561874 -0.0524135 -0.0479568 -0.0431058 -0.0380764 -0.0330913 -0.0283189 -0.0239595 -0.0200566 -0.0166748 -0.013788 -0.0114349 -0.00950583 -0.00796285 -0.00673532 -0.00581174 -0.00509587 -0.00453983 -0.00413702 -0.00384141 -0.00361943 -0.00342527 -0.00330955 -0.00319783 -0.00310507 -0.00301619 -0.00296241 -0.00289372 -0.00282199 -0.00278184 -0.00272557 -0.00267628 -0.00262201 -0.00259677 -0.00254067 -0.00250027 -0.00247439 -0.00242856 -0.00239598 -0.00235948 -0.002337 -0.00229219 -0.00227219 -0.00224422 -0.00220223 -0.00219637 -0.00216651 -0.00213741 -0.00211208 -0.002106 -0.00208905 -0.00205138 -0.00204482 -0.00202597 -0.00201496 -0.00199128 -0.00196676 -0.00197244 -0.00194062 -0.0019267 -0.00192957 -0.00190503 -0.00189495 -0.00189123 -0.00188309 -0.00186464 -0.00185991 -0.00185742 -0.00183114 -0.00183577 -0.00183273 -0.00181085 -0.00182072 -0.00180886 -0.00179606 -0.00180798 -0.00179493 -0.00179006 -0.00179533 -0.00178033 -0.00177854 -0.00178195 -0.0017731 -0.00177873 
0 2.09528e-05 2.06062e-05 4.63761e-05 6.23392e-05 6.43694e-05 9.46548e-05 0.000104969 0.000111429 0.000141878 0.000145373 0.000157668 0.00018398 0.000188556 0.000209747 0.0002329 0.000246335 0.000259208 0.000272783 0.000297423 0.000302445 0.000329037 0.000360925 0.000354435 0.000383557 0.000406442 0.000417437 0.000447931 0.000469775 0.000494223 0.000490592 0.000523779 0.000571201 0.00057526 0.00059696 0.000615283 0.000659753 0.000686386 0.000699524 0.000737269 0.00076254 0.00080528 0.000822855 0.000863242 0.000900355 0.000926324 0.00097595 0.00100505 0.00105246 0.00108613 0.00114221 0.00118107 0.00122573 0.00129005 0.00133293 0.00139457 0.00145026 0.00153035 0.00158452 0.00167188 0.00177104 0.00187685 0.00201077 0.00219083 0.00243784 0.00272941 0.00315842 0.00372145 0.00447252 0.00542485 0.00669335 0.00829678 0.010291 0.0127416 0.015727 0.0192619 0.0233119 0.0278726 0.0328448 0.0380909 0.0433747 0.0485366 0.0533182 0.0574794 0.0607033 0.0628106 0.0636135 0.0630509 0.0610838 0.0578579 0.0535435 0.048392 0.0426104 0.0364783 0.030238 0.0241253 0.0182491 0.0126715 0.00736204 0.00227222 -0.00272581 -0.0077541 -0.0129489 -0.0183748 -0.0240842 -0.030047 -0.0361874 -0.0422968 -0.0481413 -0.0534438 -0.0579959 -0.0615462 -0.0639056 -0.0648972 -0.0645228 -0.0628198 -0.0599522 -0.0560767 -0.0514965 -0.0464576 -0.0412313 -0.0359781 -0.0309397 -0.0262678 -0.0220884 -0.0184092 -0.0152757 -0.01268 -0.0105639 -0.0088501 -0.00748551 -0.00644998 -0.00563804 -0.00502271 -0.00454845 -0.00422473 -0.00395431 -0.00375634 -0.00360247 -0.00349052 -0.00338116 -0.00328785 -0.00322489 -0.00314447 -0.00308352 -0.00301602 -0.00297355 -0.00290439 -0.00285946 -0.00281414 -0.00276202 -0.00272244 -0.00267459 -0.00264521 -0.00259256 -0.00256996 -0.00252841 -0.00249127 -0.00246783 -0.00243401 -0.00241237 -0.00236547 -0.00235352 -0.00233441 -0.00230804 -0.00227462 -0.00224176 -0.00225454 -0.00222435 -0.00219066 -0.00217207 -0.00216139 -0.00215338 -0.00212045 -0.00212216 -0.0021011 -0.00207166 -0.00207873 -0.00206379 -0.00205065 -0.00203835 -0.00202877 -0.00201553 -0.00199795 -0.00200763 -0.00198967 -0.00197594 -0.00198792 -0.0019638 -0.00196011 -0.0019665 -0.00194413 -0.00194946 -0.00194928 -0.00193247 -0.00194134 -0.00193621 -0.00192581 -0.00193615 -0.00192823 
0 1.18168e-05 3.73826e-05 4.32963e-05 6.4643e-05 8.22312e-05 8.89361e-05 0.0001144 0.000124107 0.000142315 0.000166643 0.000175874 0.000199645 0.000209747 0.000222806 0.000243987 0.000252869 0.000283012 0.000304932 0.000321603 0.00034327 0.000353481 0.000371379 0.000390575 0.000422099 0.000437037 0.000452411 0.000483707 0.000487054 0.000526274 0.000564753 0.000575748 0.000596712 0.00061636 0.000659419 0.000683078 0.000704609 0.00072812 0.00075917 0.000804779 0.000820248 0.000861419 0.000896331 0.000933182 0.000973052 0.00100888 0.00105715 0.00108894 0.00114397 0.00118224 0.00123271 0.00128209 0.00133264 0.00139257 0.00144257 0.0015133 0.00157154 0.0016518 0.00172231 0.00181767 0.00192208 0.00204532 0.00220359 0.00240586 0.0026815 0.00302536 0.00351197 0.00414479 0.00498656 0.00606013 0.00746632 0.00923288 0.0114261 0.0141083 0.0173483 0.0211537 0.0254901 0.0303305 0.0355619 0.0410288 0.0464971 0.0517948 0.0566663 0.0608669 0.0640969 0.0661911 0.0669877 0.0664348 0.0645018 0.0613305 0.0570861 0.0519993 0.0462481 0.0400783 0.0336999 0.0273167 0.0210108 0.014843 0.00881134 0.002917 -0.00292341 -0.00878998 -0.0147746 -0.0208873 -0.0271397 -0.0334871 -0.0398692 -0.0461027 -0.0519829 -0.0572636 -0.0617665 -0.0652646 -0.06758 -0.0685434 -0.0681527 -0.0664395 -0.0635479 -0.0596224 -0.0549478 -0.049771 -0.0443602 -0.0388893 -0.033596 -0.0286461 -0.0241776 -0.0202247 -0.0168328 -0.0139996 -0.0116753 -0.00979203 -0.00828516 -0.0071233 -0.00621371 -0.00552554 -0.00499246 -0.00461293 -0.0043107 -0.00409054 -0.00391331 -0.00378073 -0.0036662 -0.00356612 -0.00348634 -0.00340287 -0.00334007 -0.00326362 -0.00320974 -0.00314421 -0.00309265 -0.00303488 -0.00298457 -0.00294159 -0.00288578 -0.00285223 -0.0028035 -0.00276976 -0.00272788 -0.00270019 -0.00266273 -0.00262175 -0.00260879 -0.00257157 -0.00254295 -0.00250587 -0.0024862 -0.0024701 -0.0024393 -0.00240888 -0.0023746 -0.00238073 -0.0023579 -0.00232725 -0.00231963 -0.00229178 -0.00228192 -0.00227241 -0.00225958 -0.0022383 -0.0022177 -0.00220879 -0.00218872 -0.00218982 -0.00218009 -0.00216435 -0.00216394 -0.00214393 -0.00214007 -0.00213338 -0.00212151 -0.00212596 -0.00210943 -0.00210509 -0.00210252 -0.00208794 -0.00209613 -0.00209052 -0.00208745 -0.00209428 -0.00208031 -0.00208209 
0 6.10211e-06 5.09909e-05 4.22115e-05 6.53285e-05 9.72346e-05 8.87575e-05 0.000126988 0.000141438 0.000144169 0.000179932 0.000182395 0.000205778 0.0002329 0.000243987 0.000275839 0.000280694 0.000302066 0.000323717 0.00032407 0.000365644 0.000385814 0.000399127 0.000435048 0.000449469 0.000466352 0.00049404 0.000528207 0.00054043 0.000557863 0.000595561 0.000606068 0.000641029 0.000677609 0.000694231 0.00073259 0.000761879 0.000793098 0.000830947 0.000864259 0.000891959 0.000927264 0.000974693 0.000999972 0.00103985 0.00109089 0.00112522 0.00117164 0.00122465 0.00127537 0.001321 0.00138369 0.0014456 0.00149622 0.00156743 0.00163704 0.00170733 0.00178117 0.00187477 0.00197263 0.00208067 0.00222698 0.00240295 0.00263392 0.00293107 0.00334282 0.00387924 0.00459354 0.00552732 0.00673765 0.00828349 0.0102214 0.0126265 0.0155459 0.0190441 0.0231092 0.0277342 0.0328305 0.038302 0.0439487 0.0495818 0.0549722 0.0599003 0.0640917 0.0673079 0.0693647 0.0701507 0.069605 0.0677333 0.0646493 0.0605161 0.0555267 0.049844 0.0436731 0.0371894 0.0305543 0.0238265 0.0170697 0.0103107 0.00360058 -0.00309884 -0.00981738 -0.0166018 -0.0234067 -0.0302038 -0.036928 -0.0435298 -0.0498583 -0.0557437 -0.0609771 -0.0653972 -0.0688122 -0.0710551 -0.0719885 -0.0715837 -0.0698809 -0.0669813 -0.0630496 -0.0583136 -0.0530425 -0.0474668 -0.0418184 -0.0362912 -0.0310921 -0.0263345 -0.0221217 -0.0184697 -0.0153998 -0.0128543 -0.0107956 -0.00914341 -0.00784316 -0.00683147 -0.00605761 -0.00547094 -0.00501818 -0.00468728 -0.00443241 -0.00423726 -0.00407188 -0.00395205 -0.00384429 -0.00374292 -0.00365905 -0.00358623 -0.00351323 -0.00343694 -0.00338558 -0.00332388 -0.0032613 -0.00321297 -0.00316621 -0.00311209 -0.00306334 -0.0030311 -0.00297737 -0.00293389 -0.00290544 -0.00286062 -0.00282057 -0.00278819 -0.00275878 -0.00272238 -0.00269867 -0.00267001 -0.00263382 -0.00262718 -0.00259685 -0.0025687 -0.00255911 -0.00252492 -0.00250132 -0.00249029 -0.00247538 -0.0024422 -0.00242527 -0.00242054 -0.00238939 -0.00239195 -0.0023843 -0.00235771 -0.00235652 -0.00233332 -0.0023258 -0.0023161 -0.00230016 -0.00230844 -0.00228031 -0.00227662 -0.00228124 -0.00225236 -0.00227183 -0.00226525 -0.00224388 -0.00226344 -0.00223573 -0.00222838 -0.00224509 -0.00221997 -0.00223842 
0 2.12203e-05 2.97222e-05 5.39895e-05 7.66264e-05 8.68448e-05 0.000112133 0.000132818 0.000142192 0.000168129 0.000189907 0.00019941 0.000224393 0.000246335 0.000252869 0.000280694 0.000311601 0.000318559 0.00034872 0.000377959 0.000379538 0.000412203 0.000439192 0.000447784 0.00047936 0.000502413 0.000528176 0.000550865 0.0005783 0.000622026 0.000629024 0.00065354 0.000704971 0.000729016 0.000743381 0.000774306 0.000824203 0.000845849 0.000878174 0.000922855 0.000948933 0.00100161 0.00104065 0.0010761 0.00112398 0.00117547 0.00121868 0.00125825 0.00132699 0.00136836 0.0014196 0.00148756 0.00154646 0.00160443 0.00167296 0.00176042 0.00182178 0.00191201 0.00201566 0.00212344 0.00224502 0.00240975 0.00262224 0.00286808 0.00321881 0.00368071 0.004294 0.00507934 0.00612932 0.00747344 0.00916872 0.0112882 0.0139061 0.0170766 0.0208136 0.0251514 0.0300318 0.0353853 0.0410431 0.0468615 0.0526055 0.0580732 0.0629979 0.0671614 0.0703237 0.0723379 0.0730921 0.0725609 0.0707621 0.0677942 0.0637972 0.0589267 0.0533403 0.04719 0.0406279 0.0337477 0.0266166 0.0192753 0.0118105 0.00428177 -0.00326516 -0.0108408 -0.0184058 -0.0259016 -0.0332283 -0.0403299 -0.0471306 -0.0535402 -0.0594074 -0.0645802 -0.0688974 -0.0722064 -0.074362 -0.0752571 -0.0748541 -0.0731663 -0.0702907 -0.0663669 -0.0616217 -0.0562698 -0.0505769 -0.0447539 -0.0390412 -0.033588 -0.0285731 -0.024081 -0.0201877 -0.0168608 -0.0140962 -0.0118432 -0.0100389 -0.00859755 -0.00746561 -0.00661244 -0.00595013 -0.00544535 -0.00505848 -0.00478973 -0.00455974 -0.00438028 -0.00424385 -0.00413327 -0.00402119 -0.00392376 -0.00385729 -0.00376786 -0.0036927 -0.00362701 -0.00356877 -0.00349246 -0.00343699 -0.00339189 -0.00332206 -0.00327664 -0.00323214 -0.00318621 -0.00313363 -0.00310108 -0.00306412 -0.00301832 -0.00299643 -0.00294811 -0.00291654 -0.00290098 -0.0028635 -0.00281833 -0.00279437 -0.00278948 -0.00274491 -0.00271298 -0.00270288 -0.00267858 -0.00266078 -0.00263391 -0.00262458 -0.00260904 -0.00257686 -0.0025765 -0.00255843 -0.00252871 -0.00252507 -0.00251175 -0.00249172 -0.00248741 -0.00248107 -0.00245915 -0.00245446 -0.00245635 -0.0024347 -0.00243355 -0.00243276 -0.00240655 -0.00240979 -0.00240822 -0.00239033 -0.00240552 -0.00240215 -0.00238794 -0.00240112 -0.00238605 
0 1.89166e-05 4.03138e-05 5.92764e-05 7.71859e-05 9.85503e-05 0.0001173 0.000134531 0.000157451 0.000176874 0.000195469 0.00022106 0.000240933 0.000259208 0.000283012 0.000302066 0.000318559 0.000344373 0.000371275 0.000389975 0.00042008 0.000443335 0.000453233 0.000488149 0.000518473 0.000537467 0.000567695 0.000593975 0.000613586 0.000637354 0.000687174 0.000719219 0.000729708 0.000762536 0.000803535 0.000851893 0.000871973 0.00089782 0.000949973 0.000987798 0.00102519 0.00106048 0.00111283 0.00115028 0.00119817 0.00125481 0.00129217 0.00135356 0.0014089 0.00146761 0.00151905 0.00159411 0.00166013 0.00171708 0.00180505 0.0018812 0.001964 0.00204904 0.00217218 0.00228078 0.00241891 0.00260668 0.00283581 0.00312265 0.00350581 0.00404326 0.00471138 0.00560158 0.00675608 0.00825267 0.0100999 0.0124161 0.0152591 0.0186735 0.0226668 0.0272564 0.0324034 0.0379686 0.0438157 0.0497538 0.0556059 0.0610915 0.066004 0.07009 0.0731977 0.0751356 0.0758629 0.0753333 0.0736266 0.0707807 0.0669379 0.062195 0.0567198 0.0506039 0.0439716 0.0368578 0.0293341 0.0214384 0.0132915 0.00497568 -0.00340365 -0.011806 -0.0201289 -0.0282833 -0.0361279 -0.0435948 -0.050591 -0.0570711 -0.0629116 -0.0680188 -0.0722234 -0.0754238 -0.0774782 -0.0783458 -0.0779422 -0.0763011 -0.0734527 -0.0695825 -0.0648367 -0.0594617 -0.053657 -0.047712 -0.0418109 -0.0361534 -0.0308733 -0.0261309 -0.0219775 -0.0184102 -0.015414 -0.0129614 -0.0109972 -0.00940376 -0.00816035 -0.0071976 -0.00647584 -0.00589218 -0.00546961 -0.00515132 -0.0049052 -0.00469522 -0.00454214 -0.00442187 -0.00429274 -0.00419541 -0.00410582 -0.00402767 -0.00393189 -0.00387124 -0.00380144 -0.00372748 -0.00366853 -0.00361129 -0.00355597 -0.00349202 -0.00345445 -0.00339608 -0.00335144 -0.00331193 -0.00326188 -0.00321995 -0.00318453 -0.0031587 -0.0031037 -0.00306771 -0.00304733 -0.00302336 -0.0029883 -0.00293891 -0.00292708 -0.00291474 -0.002883 -0.00285129 -0.00283118 -0.00281398 -0.0027852 -0.00277741 -0.00276047 -0.00272862 -0.00271614 -0.00270268 -0.0026871 -0.00267523 -0.00266438 -0.00265012 -0.00263513 -0.00262777 -0.00261431 -0.00260285 -0.00259947 -0.00258772 -0.00257935 -0.00257736 -0.00256736 -0.0025618 -0.00256105 -0.0025519 -0.00254922 -0.00254949 -0.00254209 -0.00254373 
