0 0 0 0 0 0 0 0 0 0 0 0 0 0 0 0 0 0 0 0 0 0 0 0 0 0 0 0 0 0 0 0 0 0 0 0 0 0 0 0 0 0 0 0 0 0 0 0 0 0 0 0 0 0 0 0 0 0 0 0 0 0 0 0 0 0 0 0 0 0 0 0 0 0 0 0 0 0 0 0 0 0 0 0 0 0 0 0 0 0 0 0 0 0 0 0 0 0 0 0 0 0 0 0 0 0 0 0 0 0 0 0 0 0 0 0 0 0 0 0 0 0 0 0 0 0 0 0 0 0 0 0 0 0 0 0 0 0 0 0 0 0 0 0 0 0 0 0 0 0 0 0 0 0 0 0 0 0 0 0 0 0 0 0 0 0 0 0 0 0 0 0 0 0 0 0 0 0 0 0 0 0 0 0 0 0 0 0 0 0 0 0 0 0 0 0 0 0 0 0 
0 5.77424e-06 -5.6145e-06 7.65887e-06 2.84787e-06 -3.06378e-06 1.09115e-05 -1.5986e-06 4.09395e-06 1.14792e-05 -2.09139e-06 1.03161e-05 5.88759e-06 1.29442e-06 1.32189e-05 7.33688e-06 1.30927e-05 1.35278e-05 1.16525e-05 1.00592e-05 3.87959e-06 1.43907e-05 6.32265e-06 1.39783e-05 2.55619e-05 8.3615e-06 1.91655e-05 2.0251e-05 1.04492e-05 2.24401e-05 2.69481e-05 1.78048e-05 1.40327e-05 2.2692e-05 1.57864e-05 1.90418e-05 3.23226e-05 2.47572e-05 2.03375e-05 2.15279e-05 3.43897e-05 4.09843e-05 2.7021e-05 2.70564e-05 4.18946e-05 4.62083e-05 4.29654e-05 5.62572e-05 7.52209e-05 9.45434e-05 0.000136172 0.000185964 0.000254689 0.000357806 0.000485935 0.000645919 0.00085194 0.00110917 0.00140256 0.00176057 0.00216954 0.00261191 0.00308017 0.00354959 0.00397447 0.00431353 0.00455612 0.00464383 0.00456427 0.00430068 0.00385562 0.00320739 0.00240511 0.00149646 0.000534323 -0.000418419 -0.00129205 -0.00204281 -0.00265835 -0.00308835 -0.00332379 -0.00337111 -0.00328772 -0.00308026 -0.00280277 -0.00247404 -0.00214059 -0.00179737 -0.00149628 -0.0012367 -0.00102498 -0.000822636 -0.00066166 -0.000539439 -0.000454091 -0.000358815 -0.00027483 -0.000208591 -0.00016818 -0.000109741 -4.51436e-05 1.5887e-05 5.45763e-05 0.000112945 0.000189634 0.000279959 0.000356622 0.00046159 0.00060273 0.000786807 0.000979098 0.00121394 0.00149091 0.00181726 0.00214329 0.00247479 0.00276938 0.00301071 0.00314314 0.00316186 0.00300703 0.00266443 0.00212994 0.00145357 0.000642295 -0.000265138 -0.0012082 -0.00211906 -0.00294776 -0.00364156 -0.00414498 -0.00446883 -0.00461079 -0.0045836 -0.00439269 -0.00409685 -0.00370508 -0.00325771 -0.00279723 -0.00235801 -0.00194432 -0.00157769 -0.00127465 -0.00100919 -0.000793213 -0.000623816 -0.00049061 -0.000380174 -0.000305578 -0.000249719 -0.000204259 -0.000183599 -0.000162212 -0.000141034 -0.000138752 -0.000142993 -0.00012987 -0.000116962 -0.000124533 -0.000130064 -0.000128991 -0.000117559 -0.000113708 -0.000128946 -0.00012397 -0.000119951 -0.000126484 -0.000119623 -0.000110401 -0.00011923 -0.00012535 -0.00010918 -0.000117135 -0.00011535 -0.000101698 -0.00011647 -0.000114138 -0.000114214 -0.000117017 -0.000113022 -0.000112804 -0.000105925 -0.000114319 -0.00010913 -0.000107097 -0.000116515 -0.000102222 -0.000108732 -0.000110624 -0.00010205 -0.00011477 -0.000109564 -0.000108238 -0.000113395 -0.000103818 -0.000106239 -0.000106264 -0.000103074 -0.000109935 -0.00010685 
0 -5.6145e-06 9.38107e-06 -2.29981e-06 1.57612e-06 1.37546e-05 -8.88589e-07 1.10551e-05 1.43071e-05 -6.1325e-07 1.97121e-05 1.36787e-05 6.87229e-06 2.93376e-05 9.17092e-06 1.16309e-05 2.42478e-05 4.19686e-06 2.30501e-05 2.91657e-05 2.40459e-05 3.44384e-05 2.97572e-05 2.58606e-05 1.96874e-05 3.30149e-05 2.96715e-05 2.94079e-05 4.35678e-05 2.64842e-05 3.40846e-05 3.51308e-05 4.98645e-05 5.15375e-05 3.90367e-05 6.25353e-05 3.49804e-05 4.29566e-05 6.65798e-05 5.9903e-05 4.33642e-05 4.18884e-05 7.44603e-05 6.00211e-05 7.41932e-05 7.26027e-05 9.04107e-05 0.000128738 0.000146499 0.000202394 0.000271637 0.00039201 0.000515726 0.000726788 0.000980255 0.00129742 0.00171661 0.00221278 0.00281736 0.00351186 0.00434203 0.00520855 0.00615187 0.00707537 0.00792187 0.0086002 0.00907227 0.00925729 0.00908532 0.00857717 0.00767134 0.00640389 0.00479463 0.00300615 0.00108117 -0.000798314 -0.00254622 -0.00403742 -0.00526559 -0.00612394 -0.00659734 -0.00670756 -0.00653989 -0.00614438 -0.00558592 -0.00494977 -0.00427201 -0.00360831 -0.00299221 -0.00248962 -0.00204468 -0.00166052 -0.00132119 -0.00109259 -0.000897689 -0.000726702 -0.000542533 -0.000427825 -0.000323295 -0.00022477 -7.998e-05 2.27374e-05 0.000123668 0.000223858 0.000393972 0.000554443 0.000731729 0.000927066 0.0012281 0.00157579 0.00198255 0.00243697 0.00300756 0.00363828 0.00430388 0.00494615 0.00554185 0.0060041 0.0062731 0.00629269 0.00598168 0.00529292 0.00422845 0.00288088 0.00125765 -0.000537252 -0.0024239 -0.00422175 -0.00588496 -0.00724567 -0.00827001 -0.00889995 -0.00920093 -0.00913506 -0.00877224 -0.00817703 -0.00740205 -0.00651777 -0.00559476 -0.00472938 -0.00389027 -0.00317568 -0.0025471 -0.00203277 -0.00158611 -0.00125314 -0.000978198 -0.000754202 -0.000613688 -0.0004898 -0.0004118 -0.000343774 -0.000328921 -0.000292518 -0.000281048 -0.000266771 -0.000253005 -0.000280225 -0.000259818 -0.000244122 -0.00023861 -0.000267107 -0.000249495 -0.000233541 -0.000247847 -0.000226241 -0.000238118 -0.000235081 -0.000242209 -0.000235521 -0.000221233 -0.000238505 -0.000229376 -0.000234624 -0.000236828 -0.000233572 -0.000221863 -0.000217675 -0.000229387 -0.000209719 -0.000227627 -0.000230607 -0.000208621 -0.000231647 -0.000217292 -0.000211453 -0.000231778 -0.000214451 -0.00021932 -0.000224915 -0.000207438 -0.000215202 -0.000214693 -0.00020784 -0.000221023 -0.00021774 -0.000215779 -0.000222336 -0.000212531 -0.000214835 
0 7.65887e-06 -2.29981e-06 1.07871e-05 7.38749e-06 3.13097e-06 1.67625e-05 6.20842e-06 1.36292e-05 2.05425e-05 9.98473e-06 2.29239e-05 1.79904e-05 1.7728e-05 2.86198e-05 2.47296e-05 3.46141e-05 3.21031e-05 3.38138e-05 3.23271e-05 2.4267e-05 3.96117e-05 3.12998e-05 4.17205e-05 5.62455e-05 3.94192e-05 5.15533e-05 5.35082e-05 4.5956e-05 5.84945e-05 6.65232e-05 5.66445e-05 5.40501e-05 6.5055e-05 5.66033e-05 6.70906e-05 7.9931e-05 7.34949e-05 7.35638e-05 7.44852e-05 9.09602e-05 0.000101601 9.14553e-05 9.11083e-05 0.000116297 0.000129226 0.000137572 0.00017682 0.000226646 0.000297774 0.000415155 0.000572905 0.00078468 0.00108906 0.00147596 0.00196098 0.00258168 0.00334101 0.0042349 0.00529606 0.00651118 0.00782642 0.0092138 0.0105914 0.0118395 0.012848 0.0135437 0.0138025 0.0135578 0.0127781 0.0114413 0.00953962 0.00717464 0.00449807 0.00166059 -0.00114455 -0.00373289 -0.00597169 -0.00779251 -0.00908221 -0.00980349 -0.00999124 -0.00976145 -0.0091835 -0.00837512 -0.00742716 -0.0064333 -0.00543776 -0.00453552 -0.00376106 -0.00310252 -0.00251113 -0.00202239 -0.0016522 -0.00136606 -0.00109036 -0.000838801 -0.000643816 -0.000495339 -0.00032637 -0.000135806 3.69147e-05 0.000179076 0.000354062 0.000584551 0.000841704 0.00109892 0.00142043 0.00185205 0.00238755 0.00298652 0.00369103 0.00452624 0.00547476 0.00645001 0.00741106 0.00827447 0.00895527 0.00933535 0.00934474 0.00886031 0.00782351 0.00624306 0.00422068 0.00181305 -0.000865097 -0.0036466 -0.00633512 -0.00877906 -0.0108154 -0.0123225 -0.013283 -0.0137128 -0.0136312 -0.0130906 -0.0122094 -0.0110595 -0.00974485 -0.00838515 -0.00707603 -0.00584819 -0.00476136 -0.00383811 -0.00305129 -0.00240019 -0.00188818 -0.00148034 -0.00115533 -0.000924496 -0.000752224 -0.000623243 -0.000544323 -0.000487617 -0.000436082 -0.000420703 -0.000414692 -0.000390051 -0.000374275 -0.000379045 -0.000381796 -0.000376513 -0.000366255 -0.000357043 -0.000372391 -0.000368921 -0.000359997 -0.000367694 -0.000356732 -0.000346486 -0.000354991 -0.000359009 -0.000341784 -0.000347511 -0.000344179 -0.000327624 -0.000344702 -0.000340238 -0.000339749 -0.000344958 -0.000335317 -0.000336785 -0.000329071 -0.000333809 -0.000331721 -0.000326883 -0.000335083 -0.000321723 -0.000325454 -0.000327691 -0.000319701 -0.000331549 -0.000327177 -0.000325762 -0.000329551 -0.000319804 -0.00032149 -0.000320786 -0.000316155 -0.000321566 -0.000322635 
0 2.84787e-06 1.57612e-06 7.38749e-06 9.13573e-06 1.01104e-05 1.57003e-05 1.47491e-05 1.84263e-05 2.16405e-05 2.10649e-05 2.7155e-05 2.73095e-05 2.97491e-05 3.32268e-05 3.18974e-05 3.70415e-05 3.73293e-05 4.19973e-05 4.7343e-05 4.71478e-05 5.46261e-05 5.23284e-05 5.35951e-05 5.94905e-05 5.67831e-05 6.39346e-05 6.79699e-05 6.72393e-05 7.21453e-05 7.58809e-05 7.74384e-05 8.36282e-05 8.99986e-05 8.83258e-05 9.36594e-05 9.67123e-05 9.72799e-05 0.000106141 0.000107445 0.00010884 0.000116966 0.00012288 0.00013042 0.000147288 0.000164404 0.000191108 0.000242719 0.000310683 0.000410805 0.000566606 0.000780829 0.00107165 0.00147211 0.00198932 0.00264288 0.0034679 0.00447502 0.00567137 0.00707875 0.00868084 0.0104237 0.0122499 0.0140544 0.0156901 0.0170181 0.0179174 0.018251 0.0179244 0.0168895 0.0151171 0.0126216 0.00952199 0.0060057 0.00228362 -0.0014001 -0.00481137 -0.00777759 -0.0101792 -0.0118966 -0.0128784 -0.0131725 -0.0128981 -0.0121713 -0.0111292 -0.00990027 -0.00859404 -0.00729552 -0.00610299 -0.00506737 -0.00417502 -0.0033931 -0.0027423 -0.00223669 -0.00183304 -0.00146663 -0.00113756 -0.000873283 -0.000656159 -0.000429325 -0.000184371 4.3702e-05 0.000251367 0.000492268 0.000794093 0.00113227 0.00149482 0.00193849 0.00251586 0.00322263 0.00403493 0.00498209 0.0060914 0.00733205 0.00861769 0.0098699 0.0109896 0.0118561 0.0123333 0.0123015 0.0116292 0.0102403 0.00815389 0.00546972 0.00229074 -0.00123237 -0.00488364 -0.00842046 -0.0116264 -0.0142993 -0.0162948 -0.0175711 -0.0181424 -0.0180422 -0.0173488 -0.0161899 -0.0146829 -0.0129614 -0.0111742 -0.00943833 -0.007819 -0.00637756 -0.00514071 -0.00409292 -0.00322654 -0.00253491 -0.00198528 -0.00155551 -0.00123986 -0.00100702 -0.000835512 -0.000723265 -0.000649045 -0.000592968 -0.000561534 -0.000542623 -0.000525953 -0.000518351 -0.000512826 -0.000502735 -0.000499618 -0.000498645 -0.000490332 -0.000489073 -0.000484 -0.000476762 -0.000478054 -0.000475569 -0.000470536 -0.000469529 -0.000467634 -0.000461364 -0.000464143 -0.000462834 -0.000457064 -0.000459333 -0.000452023 -0.000449467 -0.000449374 -0.000444965 -0.000447091 -0.00044378 -0.000443213 -0.000442099 -0.00043874 -0.000440615 -0.000437606 -0.00043792 -0.000437631 -0.000433999 -0.000434277 -0.000431467 -0.000430482 -0.000431171 -0.00043005 -0.00043104 -0.000432738 -0.000433017 -0.000430996 -0.000429172 
0 -3.06378e-06 1.37546e-05 3.13097e-06 1.01104e-05 2.04804e-05 8.73112e-06 2.49783e-05 2.43742e-05 1.80406e-05 3.62955e-05 2.7756e-05 3.28124e-05 4.45368e-05 3.54973e-05 4.46255e-05 4.62834e-05 4.59126e-05 5.17117e-05 5.6807e-05 6.38218e-05 5.95416e-05 7.19173e-05 6.93935e-05 6.30677e-05 8.37855e-05 7.66911e-05 8.05135e-05 9.4324e-05 8.76514e-05 8.96395e-05 9.79779e-05 0.000108974 0.000104988 0.000112806 0.000122049 0.000111952 0.000122348 0.000135101 0.000141683 0.000134582 0.000137793 0.000162146 0.000170658 0.000181905 0.000203398 0.000248925 0.00030891 0.000393327 0.000529343 0.000719117 0.000995851 0.00136636 0.00186685 0.0025169 0.00334383 0.0043763 0.00562941 0.00713421 0.00887935 0.0108624 0.0130175 0.0152664 0.0174705 0.0194718 0.0210992 0.0221803 0.0225782 0.0221633 0.0208781 0.0186773 0.0156208 0.0118228 0.00751532 0.00295388 -0.00156048 -0.0057648 -0.00943522 -0.0124022 -0.0145443 -0.015803 -0.0162335 -0.015944 -0.0151039 -0.0138572 -0.0123759 -0.010775 -0.00919622 -0.00771978 -0.00642409 -0.00528781 -0.00431957 -0.00350172 -0.0028546 -0.00231672 -0.00186073 -0.00145189 -0.00111762 -0.000817763 -0.000534307 -0.000234876 4.53044e-05 0.000331728 0.000640299 0.0010156 0.00143112 0.00191375 0.00248626 0.0032153 0.0040882 0.00512343 0.00631429 0.00769529 0.00920817 0.0107893 0.0123069 0.0136569 0.0146746 0.0152202 0.0151151 0.0142343 0.0124893 0.00990807 0.00658005 0.00265476 -0.00167061 -0.00614776 -0.0104847 -0.0144139 -0.0176856 -0.0201562 -0.0217379 -0.0224525 -0.0223378 -0.0215097 -0.0200888 -0.0182446 -0.016141 -0.0139444 -0.0117977 -0.00979522 -0.00801102 -0.00645759 -0.00515418 -0.00407171 -0.00320054 -0.00250781 -0.0019729 -0.00157172 -0.00127296 -0.00106411 -0.000910296 -0.000816498 -0.000753575 -0.000706709 -0.000672205 -0.000657198 -0.000658407 -0.00063877 -0.000624064 -0.000620155 -0.000626816 -0.000620228 -0.000602099 -0.000607283 -0.000601068 -0.00059363 -0.000594763 -0.000596676 -0.000586405 -0.000575445 -0.000588012 -0.000575567 -0.000572692 -0.000582185 -0.00056602 -0.000565334 -0.000564024 -0.000560422 -0.000558079 -0.000558146 -0.000561061 -0.000548132 -0.000555352 -0.000552367 -0.000541471 -0.000555892 -0.000544132 -0.000542592 -0.000550699 -0.00053515 -0.000542187 -0.000542183 -0.000534808 -0.000545436 -0.000538065 -0.00053579 -0.000542252 -0.000533725 -0.000537759 
0 1.09115e-05 -8.88589e-07 1.67625e-05 1.57003e-05 8.73112e-06 2.88132e-05 1.92867e-05 2.23816e-05 4.08734e-05 2.6234e-05 3.80472e-05 4.7539e-05 3.2497e-05 5.41304e-05 5.64551e-05 5.10962e-05 7.20008e-05 6.30287e-05 6.17486e-05 6.95396e-05 6.83463e-05 7.49509e-05 8.38655e-05 9.7562e-05 8.92685e-05 9.73195e-05 0.000104451 9.61664e-05 0.000115685 0.000118589 0.000123699 0.000114261 0.000121854 0.000138228 0.000123044 0.000156985 0.000157451 0.000143436 0.000154386 0.000179284 0.000194955 0.000177418 0.000205446 0.000220516 0.000264121 0.000305795 0.000365218 0.000490637 0.000647901 0.00089091 0.00120913 0.00168245 0.00227476 0.00306597 0.00407065 0.00530344 0.00682007 0.00861201 0.0107109 0.0130424 0.0156128 0.0182443 0.0208315 0.0231646 0.0250643 0.0263114 0.026748 0.0262546 0.0247035 0.0221131 0.0185071 0.0140801 0.00901661 0.00369409 -0.00161434 -0.00655674 -0.0109114 -0.0144189 -0.0169872 -0.0185407 -0.0191351 -0.0188766 -0.0179543 -0.0165532 -0.0148375 -0.0129862 -0.0111318 -0.00940236 -0.00782696 -0.00646401 -0.00528615 -0.00431923 -0.00349856 -0.00283777 -0.00226435 -0.00179614 -0.00136394 -0.000996255 -0.000629958 -0.000298923 5.84064e-05 0.000408043 0.000812513 0.00124044 0.0017595 0.00234938 0.00308332 0.00394666 0.00500964 0.00625061 0.00770854 0.00933403 0.0111202 0.012955 0.0147258 0.0162574 0.0174 0.0179653 0.0177599 0.0166442 0.0145384 0.0114767 0.00752191 0.00289531 -0.00219859 -0.00742944 -0.0125298 -0.0171119 -0.0209668 -0.0238676 -0.025767 -0.0266072 -0.0265031 -0.0255466 -0.0238934 -0.0217374 -0.0192728 -0.0167023 -0.0141471 -0.0117938 -0.00965294 -0.00780909 -0.00623067 -0.00494652 -0.00388502 -0.00305099 -0.00241531 -0.00191057 -0.00155832 -0.00129387 -0.00112573 -0.000980476 -0.000907367 -0.000853013 -0.00082073 -0.000800587 -0.000756139 -0.00076371 -0.000765628 -0.000758928 -0.00072454 -0.000734042 -0.000743687 -0.000721269 -0.000734719 -0.000719684 -0.000713468 -0.000703373 -0.000706537 -0.000712144 -0.000690824 -0.000696022 -0.000685523 -0.000678157 -0.000680386 -0.000684677 -0.000683648 -0.0006716 -0.000683094 -0.000665232 -0.000660319 -0.000676721 -0.00065413 -0.000663192 -0.000666915 -0.000644565 -0.000658663 -0.000653762 -0.000644341 -0.00066163 -0.000651581 -0.000648527 -0.000656553 -0.000641283 -0.000645978 -0.000646646 -0.000635873 -0.000648845 -0.000644362 
0 -1.5986e-06 1.10551e-05 6.20842e-06 1.47491e-05 2.49783e-05 1.92867e-05 3.26664e-05 3.27568e-05 3.19427e-05 4.5004e-05 4.0503e-05 5.05479e-05 5.52752e-05 5.41453e-05 6.20104e-05 5.75075e-05 6.92435e-05 7.01515e-05 7.97156e-05 9.64603e-05 8.46065e-05 0.000102206 9.68735e-05 8.78259e-05 0.000112431 0.00010691 0.000114829 0.000128212 0.000125011 0.000123983 0.000139679 0.000152721 0.000150047 0.000168065 0.000163069 0.000161731 0.000175164 0.000182952 0.000199349 0.000190723 0.000193217 0.000220592 0.000248483 0.000257922 0.000296104 0.000369247 0.000450586 0.000591197 0.000789749 0.00106901 0.00146671 0.0020138 0.00271909 0.00364351 0.00482548 0.00626833 0.00802887 0.0101254 0.0125403 0.0152376 0.0181714 0.021182 0.024104 0.0267485 0.0288843 0.0302725 0.0307438 0.0301482 0.0283614 0.0253808 0.0212926 0.0162618 0.0105394 0.00449701 -0.00151895 -0.00716991 -0.0121513 -0.016194 -0.0191773 -0.0210475 -0.021837 -0.0216528 -0.0207023 -0.019181 -0.0172835 -0.0152015 -0.013115 -0.0111269 -0.00929914 -0.0076869 -0.00631984 -0.00517163 -0.00419511 -0.00337675 -0.00270505 -0.00214318 -0.00163501 -0.00116738 -0.000741695 -0.00034667 6.43497e-05 0.000509219 0.000987002 0.00150169 0.00210466 0.00283699 0.00371464 0.00474673 0.00598075 0.00745438 0.00915513 0.0110388 0.0130596 0.0151367 0.0171109 0.0187984 0.020012 0.0205576 0.0202135 0.0188398 0.0163727 0.0128312 0.00829389 0.00299058 -0.00279689 -0.00874482 -0.0145164 -0.0197271 -0.0240965 -0.0274294 -0.0296108 -0.0306042 -0.0305079 -0.0294538 -0.0275957 -0.0251564 -0.0223722 -0.0194365 -0.0165213 -0.0138009 -0.0113399 -0.00918092 -0.00734988 -0.00584153 -0.0045967 -0.00361356 -0.00285803 -0.00227272 -0.00184004 -0.00153426 -0.00131417 -0.00116063 -0.00107693 -0.000998339 -0.000947147 -0.000934448 -0.000923411 -0.000896505 -0.000878388 -0.000878257 -0.000872866 -0.00087377 -0.000849269 -0.000842597 -0.000844438 -0.000828929 -0.000834453 -0.000833767 -0.000819584 -0.000808696 -0.000819901 -0.000809782 -0.000806431 -0.000819553 -0.000793372 -0.000794263 -0.000791069 -0.000777845 -0.000787304 -0.000779849 -0.000781387 -0.000775713 -0.000771828 -0.00077355 -0.000765085 -0.000773941 -0.000768082 -0.000764463 -0.000767313 -0.000753977 -0.00075699 -0.00075532 -0.000750452 -0.000757683 -0.000756862 -0.000758373 -0.000760238 -0.000754586 -0.000751892 
0 4.09395e-06 1.43071e-05 1.36292e-05 1.84263e-05 2.43742e-05 2.23816e-05 3.27568e-05 3.64098e-05 3.85127e-05 4.91127e-05 4.81031e-05 5.54762e-05 6.07704e-05 6.32534e-05 7.39122e-05 7.46951e-05 8.40392e-05 8.4677e-05 8.55844e-05 9.60861e-05 9.08792e-05 0.000107116 0.000114603 0.000114041 0.000131957 0.000127351 0.000132101 0.000144115 0.000145767 0.000153084 0.000160759 0.00016325 0.000163955 0.000179181 0.000183518 0.000192711 0.000206082 0.00020337 0.000219544 0.000232501 0.000240482 0.000258815 0.000279805 0.000304707 0.000355149 0.000431752 0.000527366 0.0006926 0.000931703 0.00125782 0.00172438 0.00235782 0.00318002 0.00424918 0.00560829 0.00726772 0.00928146 0.0116713 0.0144047 0.0174476 0.0207279 0.0240792 0.0273102 0.0302225 0.0325577 0.0340604 0.0345425 0.0338363 0.0318138 0.0284763 0.0239357 0.0183658 0.0120483 0.00536704 -0.00129836 -0.00759204 -0.0131599 -0.017713 -0.0211129 -0.0233128 -0.0243294 -0.0242698 -0.0233401 -0.0217502 -0.0197118 -0.0174446 -0.0151462 -0.0129216 -0.0108441 -0.00899358 -0.00742193 -0.00608957 -0.00494102 -0.00396736 -0.00317729 -0.00251801 -0.00191841 -0.00135779 -0.000858332 -0.00039882 8.11172e-05 0.000613688 0.0011779 0.00178113 0.00248767 0.00335939 0.00439529 0.00559779 0.00701968 0.00871691 0.0106606 0.0127833 0.0150241 0.017302 0.0194427 0.0212363 0.0224747 0.0229466 0.0224271 0.0207746 0.0179382 0.0139306 0.00884324 0.00292121 -0.00350561 -0.0100931 -0.0164696 -0.022238 -0.0270854 -0.0308072 -0.0332605 -0.0344039 -0.0343322 -0.0331957 -0.0311642 -0.0284786 -0.0254001 -0.0221352 -0.0188803 -0.0158171 -0.0130375 -0.010583 -0.00849567 -0.00676533 -0.0053404 -0.00420891 -0.00333396 -0.0026569 -0.00215137 -0.00179671 -0.00153503 -0.00134948 -0.00123879 -0.00115576 -0.00109816 -0.00106518 -0.00104074 -0.00101938 -0.00101414 -0.00100264 -0.000985842 -0.000987356 -0.000976185 -0.000972983 -0.000972208 -0.000958924 -0.000952088 -0.000949976 -0.000943552 -0.000934594 -0.000937765 -0.000922393 -0.000914688 -0.000919094 -0.000904863 -0.000911139 -0.000908681 -0.000900338 -0.000902178 -0.000892522 -0.000892415 -0.000887972 -0.000885668 -0.000885045 -0.000876994 -0.000878318 -0.000871791 -0.00087014 -0.000872853 -0.000868193 -0.000871504 -0.000871052 -0.000868377 -0.00086595 -0.000860687 -0.000858394 -0.0008572 -0.000859262 -0.000861417 
0 1.14792e-05 -6.1325e-07 2.05425e-05 2.16405e-05 1.80406e-05 4.08734e-05 3.19427e-05 3.85127e-05 5.42509e-05 4.39232e-05 5.98472e-05 6.54545e-05 6.07985e-05 7.67561e-05 7.78717e-05 8.21729e-05 9.19673e-05 9.79019e-05 0.000101221 0.00010512 0.000118652 0.000113761 0.0001244 0.000139535 0.000130278 0.00014673 0.000153261 0.000152853 0.000165335 0.000174784 0.000184329 0.000179215 0.000197736 0.000205276 0.000200488 0.000224732 0.000231263 0.000231084 0.000236203 0.0002623 0.000278205 0.000283044 0.000314231 0.000350068 0.000416661 0.000495202 0.000619017 0.000815558 0.00108972 0.00147745 0.00200759 0.00273754 0.00367458 0.00489424 0.00642609 0.00830346 0.0105718 0.0132381 0.0162871 0.0196505 0.0232562 0.0269076 0.0304205 0.0335552 0.0360537 0.0376448 0.0381163 0.0372936 0.0350428 0.031388 0.0264323 0.020395 0.0135541 0.00632202 -0.000926552 -0.00778734 -0.0138949 -0.0189302 -0.0227473 -0.0252874 -0.0265644 -0.026681 -0.025826 -0.0242244 -0.0220951 -0.0196933 -0.0172081 -0.0147731 -0.012457 -0.0103832 -0.00859281 -0.00707165 -0.00573835 -0.00461323 -0.00368422 -0.00291956 -0.00221369 -0.00156786 -0.000980245 -0.000451256 0.000113797 0.000726371 0.00138963 0.00208811 0.00292047 0.00392923 0.00513609 0.00651429 0.00814292 0.0100547 0.0122363 0.0145778 0.0170223 0.0194577 0.0217221 0.0235693 0.0247826 0.025127 0.0243953 0.0224462 0.0192335 0.0147759 0.00917471 0.00269926 -0.00430768 -0.0114542 -0.0183668 -0.0246212 -0.0299094 -0.0339785 -0.0366946 -0.0379893 -0.037965 -0.0367685 -0.0346006 -0.0317129 -0.0283701 -0.0248152 -0.0212434 -0.0178631 -0.0147648 -0.0120308 -0.00968091 -0.00772556 -0.00611636 -0.00482918 -0.00383088 -0.00305133 -0.00247672 -0.00205494 -0.0017606 -0.00154189 -0.00140113 -0.00131122 -0.00124852 -0.00120915 -0.00116518 -0.00115683 -0.0011504 -0.00113244 -0.00111102 -0.00110879 -0.00111172 -0.00108747 -0.00108885 -0.00108289 -0.00106874 -0.00106332 -0.0010605 -0.00106057 -0.00104151 -0.00104584 -0.00104152 -0.00102496 -0.00103324 -0.00102511 -0.00101748 -0.00101517 -0.001012 -0.00100519 -0.000998942 -0.00100635 -0.000991984 -0.000992363 -0.000998607 -0.000978881 -0.000990202 -0.000986998 -0.00097373 -0.000989334 -0.000973619 -0.000969943 -0.00098132 -0.000965022 -0.000974648 -0.000977127 -0.000964268 -0.000977189 -0.0009678 
0 -2.09139e-06 1.97121e-05 9.98473e-06 2.10649e-05 3.62955e-05 2.6234e-05 4.5004e-05 4.91127e-05 4.39232e-05 6.42605e-05 6.17308e-05 6.4734e-05 8.33634e-05 7.89853e-05 8.53239e-05 9.65986e-05 9.41643e-05 0.000103624 0.000116191 0.000123225 0.000127776 0.000138489 0.000141204 0.000135996 0.000155849 0.000160911 0.000164214 0.000183337 0.000183134 0.000185846 0.000193241 0.000216931 0.000219417 0.000221645 0.000247235 0.000232596 0.000243838 0.000269595 0.000285514 0.000282395 0.00028602 0.000332664 0.000358705 0.000404962 0.000458571 0.0005686 0.000728332 0.000939539 0.00126396 0.00170157 0.00232639 0.00313126 0.00420888 0.00557089 0.00728418 0.00938703 0.0118976 0.0148501 0.0181825 0.0218723 0.0257483 0.0296879 0.0334263 0.0367523 0.0393653 0.0410139 0.0414556 0.040494 0.0380429 0.0340824 0.0287804 0.0223167 0.0150573 0.00733167 -0.000398354 -0.00777192 -0.0143451 -0.0198492 -0.0240667 -0.0269642 -0.0285285 -0.0288705 -0.028149 -0.0265876 -0.0244349 -0.0219359 -0.0193103 -0.0166732 -0.0141579 -0.0118528 -0.00985666 -0.00811345 -0.00661197 -0.00530896 -0.00424933 -0.0033381 -0.00254089 -0.00178508 -0.00112518 -0.000488119 0.000147849 0.000865115 0.00160939 0.00244267 0.00339328 0.00456706 0.00592661 0.00751427 0.00933959 0.0114808 0.0138642 0.0164221 0.0190287 0.0215936 0.0239164 0.0257706 0.0268972 0.0270651 0.026084 0.0238167 0.0202322 0.01533 0.00927388 0.00229328 -0.00520012 -0.0128508 -0.0201956 -0.0268921 -0.0325456 -0.0369475 -0.0398863 -0.0413515 -0.0413811 -0.0401557 -0.0378881 -0.0348324 -0.0312753 -0.0274452 -0.0236102 -0.0199092 -0.0165289 -0.0135026 -0.0109117 -0.00871898 -0.00692804 -0.00548668 -0.00434546 -0.00348361 -0.00281641 -0.0023402 -0.00198113 -0.00175574 -0.00158447 -0.00146602 -0.00138942 -0.00134314 -0.00133109 -0.00128479 -0.00126081 -0.001253 -0.00126205 -0.00123792 -0.00121446 -0.00122341 -0.00120077 -0.00119829 -0.00119775 -0.00119109 -0.00117458 -0.00116449 -0.00117278 -0.00115692 -0.00115817 -0.00115788 -0.00114151 -0.001135 -0.00113109 -0.00112855 -0.00111917 -0.00112405 -0.00111956 -0.00110375 -0.00111366 -0.00110368 -0.00109555 -0.00111024 -0.00109443 -0.00109182 -0.00109898 -0.00107946 -0.0010877 -0.00108793 -0.00107369 -0.00108997 -0.00108098 -0.00107709 -0.00108994 -0.00107238 -0.00107909 
0 1.03161e-05 1.36787e-05 2.29239e-05 2.7155e-05 2.7756e-05 3.80472e-05 4.0503e-05 4.81031e-05 5.98472e-05 6.17308e-05 7.20199e-05 7.66653e-05 8.23806e-05 8.97703e-05 9.61158e-05 0.000109626 0.000109118 0.000122946 0.000124001 0.00011916 0.000142813 0.000136291 0.000154471 0.000176129 0.000166327 0.000184476 0.00018619 0.000188804 0.00020306 0.000217344 0.000222678 0.000221556 0.000237215 0.000236674 0.000257462 0.000272774 0.000282239 0.000293805 0.000289082 0.000325051 0.000352262 0.000365795 0.000389675 0.000454603 0.000538383 0.000645034 0.000829136 0.00107479 0.00144661 0.00195663 0.00264727 0.00356296 0.0047663 0.00629223 0.00818258 0.0105134 0.0132742 0.0164897 0.0201158 0.0240831 0.0282277 0.0323935 0.0363389 0.039793 0.042491 0.044156 0.0445397 0.0434378 0.0407843 0.0365685 0.0309467 0.0241497 0.0165233 0.00841512 0.000260921 -0.00752123 -0.0145238 -0.020443 -0.0250671 -0.0283173 -0.0302069 -0.0308127 -0.0302826 -0.0288242 -0.0267064 -0.0241691 -0.0214301 -0.0186332 -0.0159307 -0.0134241 -0.0112005 -0.00924442 -0.00754939 -0.006084 -0.00485742 -0.0038043 -0.00288268 -0.00203569 -0.00127084 -0.000534517 0.000206351 0.00100896 0.00186519 0.00282655 0.00393322 0.00525694 0.00679511 0.00858241 0.0106315 0.0129774 0.0155577 0.0182925 0.0210426 0.0236825 0.0260134 0.0278097 0.0287941 0.0287392 0.0274675 0.0248747 0.020906 0.0155981 0.00911451 0.00172167 -0.0062044 -0.0142512 -0.021977 -0.0290174 -0.0350068 -0.0396799 -0.0428402 -0.0444619 -0.044572 -0.0433454 -0.0410089 -0.0378385 -0.0340891 -0.0300424 -0.0259477 -0.0219784 -0.0183053 -0.0150194 -0.0121758 -0.00975508 -0.00778008 -0.00617696 -0.00490684 -0.00392777 -0.00319086 -0.00264159 -0.00224066 -0.00196707 -0.00175844 -0.00164177 -0.00155613 -0.00148246 -0.00143455 -0.00142321 -0.00141047 -0.00137679 -0.00136743 -0.00135046 -0.00135557 -0.00134681 -0.00133158 -0.00132936 -0.0013104 -0.00130464 -0.00130283 -0.00130205 -0.0012799 -0.00127614 -0.0012705 -0.00124754 -0.00126512 -0.00125406 -0.00124641 -0.00125234 -0.0012335 -0.00123365 -0.00122907 -0.00122565 -0.00122348 -0.00121763 -0.00121493 -0.00120341 -0.00120522 -0.00120144 -0.00119776 -0.00120386 -0.00119905 -0.00120065 -0.00119781 -0.00119055 -0.00118844 -0.00118362 -0.00118316 -0.00118486 -0.00118829 
0 5.88759e-06 6.87229e-06 1.79904e-05 2.73095e-05 3.28124e-05 4.7539e-05 5.05479e-05 5.54762e-05 6.54545e-05 6.4734e-05 7.66653e-05 8.38426e-05 8.94023e-05 9.98049e-05 0.000103244 0.000114149 0.000115478 0.000130054 0.0001408 0.000141918 0.000166302 0.000157691 0.000164797 0.000181214 0.000170727 0.000196725 0.000205082 0.00020926 0.000225214 0.000228956 0.000240763 0.000251679 0.000270474 0.000272749 0.000285172 0.000291986 0.000296539 0.000325921 0.000326792 0.000346715 0.000370631 0.000394259 0.000442997 0.000510563 0.000601168 0.000731927 0.000953171 0.00123879 0.00165436 0.00223857 0.00300915 0.00403582 0.00536904 0.00705375 0.00913078 0.0116814 0.0146875 0.0181564 0.0220574 0.0262782 0.0306584 0.0350185 0.0391225 0.0426679 0.0454072 0.0470562 0.047355 0.0461111 0.0432682 0.0388311 0.0329457 0.0258837 0.0179709 0.00956283 0.0010774 -0.00703635 -0.0144021 -0.0207005 -0.0257115 -0.029325 -0.0315619 -0.0324746 -0.0321875 -0.0308998 -0.0288804 -0.026361 -0.0235514 -0.0206329 -0.0177733 -0.0150822 -0.0126341 -0.0104602 -0.00856697 -0.0069309 -0.00552548 -0.00431421 -0.00325747 -0.00230897 -0.00142963 -0.000579716 0.000275928 0.0011741 0.00215216 0.00325784 0.00453373 0.00601802 0.00774145 0.00973693 0.0120129 0.014555 0.0173102 0.0201912 0.0230498 0.0257177 0.0279995 0.0296734 0.0304623 0.0301391 0.0285494 0.0256125 0.0212693 0.0155812 0.00872499 0.000986887 -0.00728493 -0.0156491 -0.0236773 -0.0309951 -0.037262 -0.0421712 -0.0455368 -0.0473146 -0.0475285 -0.0463333 -0.0439717 -0.040724 -0.0368325 -0.0326026 -0.0282826 -0.0240677 -0.020122 -0.0165818 -0.0134882 -0.0108432 -0.00867083 -0.00690188 -0.00549323 -0.00439877 -0.00357646 -0.00294589 -0.00249735 -0.00218797 -0.00195095 -0.00180245 -0.00170446 -0.00163848 -0.00158572 -0.00156193 -0.00153178 -0.0015119 -0.00151184 -0.00148528 -0.001478 -0.00146149 -0.00144853 -0.00144556 -0.00143641 -0.00142481 -0.00141235 -0.00141327 -0.00139339 -0.00140037 -0.00139923 -0.00137668 -0.0013862 -0.00136588 -0.00135755 -0.00136088 -0.00134744 -0.00134855 -0.00134046 -0.00133647 -0.00132959 -0.00132662 -0.00132874 -0.00131989 -0.001325 -0.00131944 -0.00131251 -0.00131172 -0.00129981 -0.0013002 -0.0012995 -0.00129915 -0.00130444 -0.00130375 -0.00130343 -0.00129957 -0.00129588 
0 1.29442e-06 2.93376e-05 1.7728e-05 2.97491e-05 4.45368e-05 3.2497e-05 5.52752e-05 6.07704e-05 6.07985e-05 8.33634e-05 8.23806e-05 8.94023e-05 0.00010268 0.000106025 0.000115114 0.000123847 0.000133523 0.000135073 0.000147545 0.000158964 0.000157176 0.00017936 0.000186333 0.000188168 0.00020855 0.000212551 0.00022011 0.000230192 0.000245707 0.000248597 0.000252112 0.000282327 0.000277048 0.000288061 0.000316905 0.000315541 0.000326766 0.000348976 0.000373924 0.000379579 0.00040438 0.000445175 0.000493568 0.000572504 0.000663164 0.000833925 0.00107424 0.00140324 0.00187419 0.00252718 0.00339849 0.00452916 0.00601272 0.0078527 0.0101359 0.0129 0.0161499 0.0198719 0.0240205 0.0284797 0.033053 0.0375827 0.0417836 0.0453899 0.0481167 0.0497144 0.0498968 0.0485046 0.0454835 0.040849 0.0347625 0.0274907 0.0193766 0.0107397 0.00202675 -0.00635276 -0.0140039 -0.0206467 -0.0260106 -0.0300002 -0.0325949 -0.0338528 -0.0338538 -0.0328036 -0.0309437 -0.0284975 -0.0256674 -0.0226668 -0.0196846 -0.0168229 -0.0141645 -0.0117665 -0.00967516 -0.00784965 -0.00626174 -0.00487102 -0.0036735 -0.00259938 -0.00160188 -0.000618046 0.000354881 0.00137194 0.00247705 0.00374838 0.00519621 0.00686053 0.00877038 0.010984 0.0134757 0.0162064 0.0191068 0.0221007 0.0250204 0.0276667 0.0298395 0.0313235 0.0318641 0.0312286 0.0293006 0.0259975 0.0212994 0.0152552 0.00809286 6.70549e-05 -0.00845135 -0.0170622 -0.0253046 -0.0328426 -0.0393146 -0.0444286 -0.0479745 -0.0499066 -0.0502399 -0.0491053 -0.046762 -0.0434629 -0.0394846 -0.0350952 -0.0305927 -0.0261457 -0.0219622 -0.0181688 -0.0148364 -0.0119758 -0.0095999 -0.00767237 -0.00611219 -0.00491394 -0.00398837 -0.00329145 -0.00277673 -0.00242421 -0.00216571 -0.00197773 -0.00186599 -0.00178055 -0.00173722 -0.00168927 -0.00165356 -0.00164317 -0.00163385 -0.00161026 -0.00158952 -0.00159981 -0.00157535 -0.00156251 -0.0015678 -0.00154802 -0.00153843 -0.00153053 -0.00152708 -0.00151052 -0.00150209 -0.00150403 -0.00148375 -0.00148374 -0.00148189 -0.00146931 -0.00146752 -0.00146255 -0.00145765 -0.00144773 -0.0014504 -0.00144375 -0.00143101 -0.0014419 -0.00142288 -0.00141837 -0.00143228 -0.00141026 -0.00142379 -0.00142576 -0.00140404 -0.00142298 -0.00140564 -0.00139794 -0.00141647 -0.00139423 -0.00140874 
0 1.32189e-05 9.17092e-06 2.86198e-05 3.32268e-05 3.54973e-05 5.41304e-05 5.41453e-05 6.32534e-05 7.67561e-05 7.89853e-05 8.97703e-05 9.98049e-05 0.000106025 0.000113502 0.000125927 0.000133423 0.000140079 0.000158173 0.000159421 0.000164207 0.000183074 0.000181813 0.000194723 0.000217092 0.000217152 0.000227526 0.000242495 0.000245978 0.000255352 0.000277191 0.000290845 0.000287939 0.0003057 0.000320347 0.000322938 0.000347839 0.000368554 0.000376199 0.000377375 0.000414143 0.000461303 0.000483634 0.000535888 0.000624267 0.000762658 0.000941467 0.00120737 0.00159109 0.00212266 0.00285697 0.00381031 0.00507716 0.00668722 0.008709 0.0111829 0.0141637 0.0176505 0.0216081 0.025996 0.0306454 0.0354072 0.0400414 0.0443204 0.0479263 0.0506193 0.0521141 0.0521659 0.0506223 0.047429 0.0426411 0.0363942 0.0289982 0.0207318 0.0119757 0.00309835 -0.00544346 -0.0133384 -0.0202498 -0.0259605 -0.030307 -0.0332885 -0.0349064 -0.0352528 -0.0344959 -0.0328604 -0.0305455 -0.0277502 -0.0247214 -0.0216436 -0.0186437 -0.0157824 -0.0131801 -0.0108711 -0.00885889 -0.00706383 -0.00550061 -0.00412941 -0.0029274 -0.00177947 -0.000669695 0.000451168 0.0015886 0.00285588 0.00428709 0.00593275 0.00777509 0.00989717 0.0123146 0.015023 0.0179154 0.0209449 0.0240045 0.0269396 0.0295092 0.0315154 0.0327514 0.0329855 0.0320147 0.0297169 0.0260557 0.0210003 0.0146638 0.00723056 -0.000987734 -0.00969436 -0.0184424 -0.0268521 -0.0345223 -0.0411605 -0.0464258 -0.0501484 -0.0522286 -0.0526979 -0.0516678 -0.0493704 -0.0460776 -0.0420348 -0.0375529 -0.0328728 -0.0282458 -0.0238281 -0.0198071 -0.0162328 -0.0131586 -0.010584 -0.00847446 -0.00678161 -0.00544169 -0.00442703 -0.00364655 -0.00307988 -0.00265767 -0.00236576 -0.00217368 -0.00203599 -0.00193154 -0.00185692 -0.00183891 -0.00180921 -0.00176996 -0.00174529 -0.00174195 -0.00173559 -0.00170978 -0.00170633 -0.00169365 -0.00167199 -0.00166755 -0.00166685 -0.00165351 -0.00163585 -0.00163551 -0.00162168 -0.00160786 -0.00161554 -0.00160365 -0.00159178 -0.00159246 -0.0015798 -0.00157164 -0.00157143 -0.00156648 -0.0015579 -0.00155489 -0.00155116 -0.00153984 -0.00154449 -0.00154023 -0.00152908 -0.00153935 -0.00152722 -0.0015226 -0.00153215 -0.00151433 -0.00152153 -0.00152339 -0.00150854 -0.00152381 -0.00151467 
0 7.33688e-06 1.16309e-05 2.47296e-05 3.18974e-05 4.46255e-05 5.64551e-05 6.20104e-05 7.39122e-05 7.78717e-05 8.53239e-05 9.61158e-05 0.000103244 0.000115114 0.000125927 0.000133555 0.000141397 0.000154251 0.000157724 0.000171739 0.000190582 0.000190645 0.000210982 0.000214256 0.000213094 0.000234622 0.000238773 0.000258098 0.000273053 0.000282372 0.000291117 0.000297962 0.000321278 0.000332499 0.000350878 0.000358551 0.000369114 0.00037962 0.000396815 0.000439943 0.000447614 0.000471306 0.000523421 0.000604044 0.000700458 0.000836514 0.00105707 0.00135985 0.00180403 0.00239133 0.00320097 0.00426954 0.00565586 0.007416 0.009605 0.0122895 0.0154735 0.0191936 0.0233791 0.0279712 0.0328005 0.0376981 0.0424191 0.04671 0.0502972 0.0528968 0.054265 0.0541563 0.0524598 0.0491059 0.0441897 0.0378474 0.030372 0.0220421 0.0132273 0.00429314 -0.004359 -0.0124057 -0.0195511 -0.0255543 -0.0302679 -0.0336242 -0.0356375 -0.0363593 -0.0359598 -0.0345985 -0.0324786 -0.0297787 -0.0267742 -0.0236391 -0.0205241 -0.017491 -0.0146902 -0.0121677 -0.00994686 -0.00794793 -0.00619243 -0.00464252 -0.00327699 -0.00197495 -0.000715606 0.000554551 0.00184771 0.0032841 0.00489776 0.00673744 0.0087821 0.0111166 0.0137413 0.0166397 0.0196779 0.0228039 0.0258873 0.0287801 0.0312139 0.0330017 0.0339259 0.0338147 0.0324678 0.0298017 0.0257642 0.020392 0.0137886 0.00616811 -0.00219675 -0.010988 -0.0198148 -0.0282994 -0.0360586 -0.0427906 -0.0481806 -0.0520563 -0.0542858 -0.054909 -0.0540066 -0.0518078 -0.0485406 -0.0444953 -0.0399381 -0.0351354 -0.0303347 -0.0257237 -0.0214774 -0.0176729 -0.0143937 -0.0116083 -0.00932458 -0.00747665 -0.0060199 -0.00488394 -0.00402123 -0.00339043 -0.00291979 -0.00259589 -0.00234967 -0.00219669 -0.0020996 -0.00202997 -0.00196214 -0.00192279 -0.00191951 -0.00189125 -0.00187372 -0.00184874 -0.00183585 -0.00182548 -0.00181371 -0.00180886 -0.00178909 -0.00177718 -0.0017619 -0.00176432 -0.00175493 -0.00174458 -0.00174642 -0.00172001 -0.00171713 -0.00171245 -0.00169846 -0.00170124 -0.00169154 -0.00168178 -0.00167564 -0.00167131 -0.0016653 -0.00166378 -0.00166284 -0.00165563 -0.00165638 -0.00164676 -0.00164054 -0.00163896 -0.00163044 -0.00163456 -0.00163236 -0.0016327 -0.00163576 -0.0016295 -0.00163126 -0.00162485 
0 1.30927e-05 2.42478e-05 3.46141e-05 3.70415e-05 4.62834e-05 5.10962e-05 5.75075e-05 7.46951e-05 8.21729e-05 9.65986e-05 0.000109626 0.000114149 0.000123847 0.000133423 0.000141397 0.000151227 0.000169073 0.000170422 0.000182585 0.000199417 0.000191246 0.000220752 0.000231457 0.000236202 0.000268433 0.000261019 0.000275824 0.000286548 0.000293647 0.000316687 0.00032237 0.000342125 0.000345763 0.000363297 0.000378692 0.000402027 0.000425802 0.000425832 0.000466553 0.000483273 0.000525094 0.000587128 0.000653123 0.000766521 0.000932359 0.00118755 0.00151722 0.00201695 0.00267914 0.00357079 0.0047582 0.00626799 0.00818723 0.0105553 0.0134467 0.016838 0.0207806 0.0251844 0.0299538 0.0349393 0.0399357 0.0447038 0.0489668 0.052492 0.0549596 0.0561629 0.055878 0.0540157 0.0505166 0.0454971 0.0391115 0.0316086 0.0232869 0.0144876 0.0055767 -0.00311399 -0.0112425 -0.0185624 -0.0248204 -0.02988 -0.0336106 -0.0360314 -0.0371672 -0.0371663 -0.0361347 -0.0342649 -0.031731 -0.0288005 -0.0256529 -0.0224501 -0.019282 -0.0162954 -0.0135645 -0.01112 -0.00891602 -0.00695446 -0.00521358 -0.00365536 -0.00218599 -0.000758284 0.000672678 0.00215049 0.00377078 0.00558318 0.007619 0.00988298 0.012431 0.0152582 0.0183162 0.0214776 0.0246618 0.0277264 0.03051 0.0327524 0.0342632 0.0348305 0.0343274 0.0325831 0.0295385 0.0251357 0.0194716 0.0126515 0.00490598 -0.00353718 -0.0123371 -0.0211681 -0.0296542 -0.0374465 -0.0442159 -0.0496974 -0.0537021 -0.0560859 -0.0568703 -0.0561268 -0.0540582 -0.050857 -0.0468437 -0.0422494 -0.037359 -0.0324096 -0.0276325 -0.0231747 -0.0191542 -0.0156682 -0.0126828 -0.0102198 -0.00821253 -0.00663147 -0.00537691 -0.00443621 -0.00372625 -0.00319235 -0.00283369 -0.00256355 -0.00238008 -0.00224562 -0.00217606 -0.00210707 -0.00206742 -0.00204443 -0.0020013 -0.00199807 -0.00197922 -0.00197107 -0.00195268 -0.00193686 -0.00192796 -0.00191458 -0.00191459 -0.00189058 -0.00189078 -0.00186736 -0.00185008 -0.00186058 -0.00183324 -0.00183868 -0.00183348 -0.00181252 -0.00181536 -0.00180543 -0.00179985 -0.00179624 -0.00179338 -0.00178319 -0.00177622 -0.00177176 -0.00175608 -0.00176058 -0.00175752 -0.00175366 -0.00176214 -0.00175278 -0.0017508 -0.00174696 -0.001737 -0.00173631 -0.00173404 -0.00173549 -0.00173755 
0 1.35278e-05 4.19686e-06 3.21031e-05 3.73293e-05 4.59126e-05 7.20008e-05 6.92435e-05 8.40392e-05 9.19673e-05 9.41643e-05 0.000109118 0.000115478 0.000133523 0.000140079 0.000154251 0.000169073 0.000166412 0.000193072 0.000198725 0.000203375 0.000229986 0.00022846 0.000239165 0.000255432 0.000265741 0.000274676 0.000293528 0.000316971 0.00031013 0.000339323 0.000359294 0.000351013 0.000385409 0.000397887 0.000402168 0.000422156 0.000446041 0.000464962 0.000479574 0.000520901 0.00056518 0.000634041 0.000712551 0.000841524 0.0010552 0.00131896 0.00170896 0.00225911 0.00300456 0.00398376 0.0052799 0.00693514 0.00899656 0.0115649 0.014636 0.0182501 0.0223913 0.0269986 0.0319251 0.0370312 0.0421051 0.046866 0.0510882 0.0544902 0.0568134 0.057807 0.0573471 0.0553018 0.0516806 0.046586 0.0401978 0.0327282 0.0244706 0.0157722 0.00693782 -0.00170163 -0.00986566 -0.0172808 -0.0237724 -0.0291285 -0.0332452 -0.0360654 -0.0376613 -0.0380792 -0.0374396 -0.0358679 -0.0335782 -0.0307712 -0.0276648 -0.0244087 -0.0211464 -0.0179952 -0.0150643 -0.0123924 -0.00997713 -0.00780166 -0.00585107 -0.00408058 -0.00242084 -0.000809719 0.00080497 0.00248771 0.004314 0.00633598 0.0085785 0.0110698 0.0138323 0.0168494 0.0200365 0.0232927 0.0264913 0.0294948 0.0320988 0.0341007 0.035272 0.0354579 0.0345147 0.0323728 0.0289308 0.0242041 0.0182628 0.011299 0.00347044 -0.00496092 -0.0137196 -0.0224672 -0.0309014 -0.0386594 -0.0454287 -0.0509668 -0.0550794 -0.0576286 -0.0585777 -0.0580355 -0.056113 -0.0530422 -0.0490762 -0.0445045 -0.0395464 -0.0344926 -0.0295628 -0.0249152 -0.0206957 -0.0169898 -0.013821 -0.0111541 -0.00900196 -0.00726454 -0.00589938 -0.00485984 -0.004074 -0.00348125 -0.00305785 -0.0027796 -0.00255763 -0.00241479 -0.00231992 -0.0022579 -0.00221803 -0.00217172 -0.002148 -0.00213371 -0.00211834 -0.00208379 -0.00208034 -0.00207416 -0.00203573 -0.00204114 -0.00202812 -0.00200389 -0.0020027 -0.00199546 -0.00198387 -0.00196958 -0.001972 -0.0019531 -0.00194078 -0.00194665 -0.00192414 -0.00192254 -0.00191735 -0.0019031 -0.00189988 -0.00188987 -0.00189416 -0.00188429 -0.00188593 -0.00188701 -0.00186423 -0.00187597 -0.00185944 -0.00184873 -0.00186898 -0.00184428 -0.00185872 -0.00186523 -0.00184006 -0.00186432 -0.00184529 
