0 0 0 0 0 0 0 0 0 0 0 0 0 0 0 0 0 0 0 0 0 0 0 0 0 0 0 0 0 0 0 0 0 0 0 0 0 0 0 0 0 0 0 0 0 0 0 0 0 0 0 0 0 0 0 0 0 0 0 0 0 0 0 0 0 0 0 0 0 0 0 0 0 0 0 0 0 0 0 0 0 0 0 0 0 0 0 0 0 0 0 0 0 0 0 0 0 0 0 0 0 0 0 0 0 0 0 0 0 0 0 0 0 0 0 0 0 0 0 0 0 0 0 0 0 0 0 0 0 0 0 0 0 0 0 0 0 0 0 0 0 0 0 0 0 0 0 0 0 0 0 0 0 0 0 0 0 0 0 0 0 0 0 0 0 0 0 0 0 0 0 0 0 0 0 0 0 0 0 0 0 0 0 0 0 0 0 0 0 0 0 0 0 0 0 0 0 0 0 0 
0 2.08375e-06 -2.92568e-06 4.39008e-08 4.86458e-07 -1.8318e-06 6.0349e-06 1.88833e-06 4.37475e-06 8.19782e-06 -2.00036e-06 6.00634e-06 -2.86017e-07 -2.84459e-06 8.11203e-06 -9.48356e-07 8.93589e-06 1.026e-05 4.21978e-06 1.01066e-05 4.36697e-06 4.7128e-06 4.70576e-06 1.05212e-05 7.11019e-06 1.0599e-05 1.96689e-05 8.69173e-06 3.12856e-05 4.28388e-05 5.7425e-05 0.000104488 0.000139275 0.000198482 0.000284465 0.000395393 0.000534557 0.000721614 0.000945833 0.00120052 0.00151787 0.00187449 0.00227524 0.00269321 0.00311439 0.00350355 0.00381034 0.0040356 0.00413577 0.0040647 0.00381285 0.00341173 0.0028409 0.00211188 0.00128047 0.00039293 -0.000477387 -0.0012776 -0.00196754 -0.00251592 -0.00289024 -0.00310063 -0.00314846 -0.00304237 -0.00283623 -0.00257065 -0.00227015 -0.00196007 -0.00166712 -0.00139216 -0.00116005 -0.000981404 -0.000832443 -0.00070186 -0.00060192 -0.000531086 -0.000471154 -0.000425951 -0.000383561 -0.000343354 -0.000313725 -0.000300307 -0.000274127 -0.00024274 -0.000226317 -0.00022104 -0.000200415 -0.000177128 -0.000167251 -0.000160988 -0.000144796 -0.000128704 -0.000120704 -0.000111961 -0.000100022 -8.81472e-05 -7.9852e-05 -6.99035e-05 -6.06439e-05 -5.0193e-05 -4.15988e-05 -3.13252e-05 -2.20456e-05 -1.18182e-05 -3.84135e-06 7.56927e-06 1.97379e-05 2.91439e-05 3.61207e-05 5.1225e-05 6.82206e-05 7.54253e-05 8.30803e-05 0.000104914 0.000126972 0.000132811 0.000145766 0.000175315 0.000202441 0.0002149 0.000240337 0.000277166 0.000316668 0.000357103 0.000410741 0.000471957 0.000559155 0.000676086 0.000811017 0.000969753 0.00117988 0.00143548 0.00171372 0.00201404 0.00231395 0.002589 0.00281752 0.002964 0.00296926 0.00281971 0.00251136 0.00203212 0.00140276 0.000650961 -0.000184214 -0.00105005 -0.00187979 -0.00263687 -0.00324925 -0.00368628 -0.00397412 -0.00410414 -0.00406332 -0.00387438 -0.00359323 -0.00323175 -0.00283298 -0.00242164 -0.00202748 -0.00166745 -0.0013359 -0.00107041 -0.000845137 -0.000653433 -0.000501246 -0.000387869 -0.000289026 -0.000219387 -0.000187366 -0.000140222 -0.000125267 -0.00011422 -9.2477e-05 -9.4809e-05 -8.94693e-05 -8.88336e-05 -8.80099e-05 -9.11951e-05 -8.53433e-05 -8.13401e-05 -8.67361e-05 -7.47635e-05 -8.38053e-05 -8.39202e-05 -7.95689e-05 -9.00231e-05 -8.14146e-05 -8.46506e-05 -8.41146e-05 -7.96902e-05 -8.3731e-05 -7.97554e-05 -8.31015e-05 -8.11644e-05 -8.17553e-05 -8.31332e-05 -7.94473e-05 -8.40611e-05 -8.13739e-05 -8.17317e-05 
0 -2.92568e-06 1.04391e-05 -2.25971e-06 7.45079e-06 6.62412e-06 -5.40562e-06 8.60364e-06 -3.42275e-06 -2.30925e-07 1.28315e-05 5.87374e-07 1.55563e-05 1.60429e-05 2.89905e-06 1.7064e-05 3.40549e-06 -1.286e-07 1.57421e-05 1.88285e-06 1.48476e-05 2.1003e-05 9.6386e-06 2.14894e-05 1.68467e-05 2.14575e-05 3.06889e-05 4.50537e-05 6.23127e-05 8.06867e-05 0.000129804 0.000177217 0.000270291 0.00040329 0.000572132 0.000795035 0.00108129 0.00144792 0.00186913 0.00242835 0.00305587 0.00375392 0.00455681 0.00538103 0.00620819 0.00697695 0.00763685 0.00804765 0.00821329 0.00808182 0.00761869 0.00681354 0.00563789 0.00420888 0.00256093 0.000814512 -0.000941164 -0.00252423 -0.00389901 -0.00498742 -0.00573922 -0.00616946 -0.00625813 -0.00606802 -0.00565069 -0.00514164 -0.00453127 -0.00393122 -0.00333502 -0.0028 -0.00233025 -0.00197529 -0.00167446 -0.00141384 -0.00121801 -0.00106727 -0.000956584 -0.000853969 -0.000781523 -0.000688272 -0.00064388 -0.000598335 -0.000561831 -0.000486124 -0.000467335 -0.000438571 -0.00041244 -0.000354383 -0.000345516 -0.000318993 -0.00029859 -0.000257 -0.000249021 -0.000221913 -0.000206612 -0.000175505 -0.000165185 -0.000138426 -0.000126386 -9.94361e-05 -8.79059e-05 -6.133e-05 -4.92176e-05 -2.26068e-05 -1.27522e-05 1.68092e-05 3.2598e-05 5.95921e-05 6.59217e-05 0.00010451 0.000126361 0.000152868 0.000157896 0.000211917 0.000240366 0.000268615 0.000280983 0.000352362 0.000389773 0.00043311 0.00046885 0.000556141 0.000621592 0.000716654 0.000813151 0.00094789 0.00111721 0.0013549 0.00162575 0.00194643 0.00237226 0.00287419 0.0034414 0.00402659 0.0046378 0.00516924 0.00563445 0.00590271 0.00592354 0.00561408 0.00499693 0.00403252 0.00277861 0.0012965 -0.000384351 -0.00211178 -0.00377402 -0.00523444 -0.0064733 -0.00737648 -0.00795483 -0.00816874 -0.00808141 -0.00775651 -0.00718273 -0.0064565 -0.00565059 -0.00484397 -0.00403188 -0.00332873 -0.0026995 -0.002133 -0.00168216 -0.00130135 -0.00100635 -0.000767159 -0.000601814 -0.000463992 -0.000359836 -0.00029819 -0.000244792 -0.000219357 -0.000197723 -0.000194548 -0.000176724 -0.000170108 -0.000175855 -0.000155448 -0.000172008 -0.00017295 -0.000163475 -0.000181827 -0.000168279 -0.000164179 -0.000172663 -0.000157126 -0.000163184 -0.000168112 -0.00015816 -0.000169795 -0.000165947 -0.000161162 -0.000170022 -0.000160355 -0.000164372 -0.000166183 -0.000159888 -0.000165916 -0.00016143 -0.000164026 
0 4.39008e-08 -2.25971e-06 8.17581e-07 2.79278e-06 7.07927e-07 1.018e-05 7.56072e-06 9.46604e-06 1.51426e-05 3.21923e-06 1.14954e-05 5.59195e-06 2.33702e-06 1.60713e-05 7.76506e-06 1.97011e-05 2.22996e-05 1.67507e-05 2.19354e-05 1.64686e-05 1.75805e-05 1.66877e-05 2.82652e-05 2.48229e-05 3.32626e-05 5.15072e-05 4.59204e-05 9.14255e-05 0.000129855 0.00018687 0.000301257 0.000423677 0.000608168 0.000863991 0.00119903 0.00162515 0.00217725 0.00284274 0.00362843 0.00456973 0.0056333 0.00682084 0.00806012 0.00930004 0.0104441 0.0113703 0.0120183 0.0122893 0.0120803 0.0113536 0.0101498 0.0084448 0.0063 0.00384626 0.00123279 -0.00134647 -0.00372084 -0.00577136 -0.00740271 -0.00853465 -0.00917768 -0.00933562 -0.00905728 -0.00846959 -0.00769771 -0.00681503 -0.00590532 -0.0050309 -0.00421975 -0.00352741 -0.0029786 -0.0025243 -0.00213517 -0.00183368 -0.0016088 -0.00142957 -0.00128595 -0.00115959 -0.00103988 -0.000954256 -0.000898567 -0.000824931 -0.000738197 -0.000688318 -0.000658146 -0.000603252 -0.000539827 -0.000506491 -0.000479517 -0.000436536 -0.00039153 -0.000363731 -0.000334883 -0.000301511 -0.000267296 -0.000239879 -0.000210134 -0.000182466 -0.000152247 -0.000124563 -9.44045e-05 -6.67479e-05 -3.70049e-05 -1.02849e-05 2.30389e-05 5.66994e-05 8.6028e-05 0.000111628 0.000154387 0.000198629 0.000226377 0.000254895 0.000314673 0.000371801 0.000401768 0.000443736 0.000525218 0.000599426 0.00065133 0.000725884 0.000835261 0.000951962 0.00108132 0.00124033 0.00143678 0.00170125 0.00205024 0.00246011 0.0029522 0.00358177 0.00433819 0.00517066 0.00605558 0.00693917 0.0077438 0.00840296 0.0088011 0.00880108 0.00833936 0.00740291 0.00596915 0.00409609 0.00186553 -0.000610418 -0.00317095 -0.00562999 -0.00784684 -0.00966281 -0.0109849 -0.0118393 -0.0122066 -0.0120904 -0.0115578 -0.0107224 -0.00965506 -0.00847079 -0.00725503 -0.00607807 -0.00500409 -0.00403417 -0.00322323 -0.00254242 -0.0019727 -0.00151829 -0.00116787 -0.000886097 -0.000680026 -0.000555513 -0.000436326 -0.00037672 -0.000336459 -0.000289565 -0.000283984 -0.000269217 -0.000264681 -0.000263549 -0.000263228 -0.000256258 -0.000249923 -0.000253936 -0.0002401 -0.000250305 -0.000249802 -0.00024598 -0.000257818 -0.000246926 -0.000251743 -0.000249047 -0.000244279 -0.000248937 -0.000242852 -0.000248168 -0.000244458 -0.000245495 -0.000247254 -0.000243049 -0.000248489 -0.000241836 -0.00024614 
0 4.86458e-07 7.45079e-06 2.79278e-06 6.11798e-06 6.21169e-06 3.97592e-06 8.44644e-06 5.54089e-06 9.48601e-06 1.27216e-05 1.27873e-05 1.8033e-05 1.76632e-05 1.7221e-05 1.8497e-05 1.6503e-05 1.66458e-05 2.07341e-05 2.0701e-05 2.53319e-05 2.96385e-05 2.79929e-05 3.55039e-05 3.70258e-05 4.59054e-05 6.37186e-05 8.26554e-05 0.00012334 0.000175488 0.000259494 0.000386939 0.000565861 0.000822503 0.0011667 0.00161532 0.00219166 0.00291789 0.00379819 0.00486851 0.00611725 0.00752665 0.00908952 0.0107232 0.0123476 0.0138497 0.0150889 0.0159208 0.0162468 0.0159705 0.0150363 0.0134348 0.0111702 0.00835405 0.00513359 0.00170643 -0.00169598 -0.00483078 -0.00754191 -0.00970028 -0.0112191 -0.012089 -0.0123195 -0.0119906 -0.0112435 -0.010244 -0.00909035 -0.00790043 -0.00674209 -0.0056765 -0.00475684 -0.00401425 -0.00339974 -0.00288386 -0.00247819 -0.00216801 -0.00192676 -0.00172823 -0.00155904 -0.00140143 -0.00128845 -0.00120019 -0.00110574 -0.000997288 -0.000929571 -0.000875887 -0.000808825 -0.000729664 -0.000682136 -0.000637916 -0.000585907 -0.000527841 -0.000488283 -0.000446371 -0.000404635 -0.000359 -0.000321514 -0.000280761 -0.000244718 -0.000204125 -0.00016706 -0.00012628 -9.04094e-05 -5.03993e-05 -1.38297e-05 3.07955e-05 7.22651e-05 0.000113331 0.000150323 0.000205702 0.000257868 0.000301016 0.000343238 0.000417871 0.000485399 0.000536793 0.000595676 0.000697212 0.00078971 0.000871862 0.000971132 0.00111489 0.00126993 0.00144948 0.00166273 0.00193584 0.00229373 0.00275743 0.00331163 0.0039824 0.00482322 0.00582047 0.00692693 0.00808951 0.00924929 0.010298 0.0111457 0.0116336 0.0116131 0.0109836 0.00972136 0.00781493 0.00533509 0.00239093 -0.000879635 -0.00425331 -0.00749213 -0.0103889 -0.0127889 -0.014565 -0.0156913 -0.0161553 -0.0160073 -0.0153367 -0.0142349 -0.0128285 -0.0112624 -0.00965698 -0.00809606 -0.00667509 -0.00540683 -0.00430986 -0.00339577 -0.00264058 -0.00203705 -0.00156622 -0.001206 -0.000933115 -0.000739655 -0.000597512 -0.000503772 -0.000444039 -0.000400009 -0.000380236 -0.000359785 -0.000349115 -0.000344845 -0.000336824 -0.000338956 -0.000338577 -0.000337418 -0.000339165 -0.0003371 -0.000333483 -0.000333885 -0.000330415 -0.000328971 -0.000331888 -0.0003277 -0.000331049 -0.000330238 -0.000327303 -0.000331308 -0.00032628 -0.000328624 -0.000327516 -0.00032539 -0.000330787 -0.000324465 -0.000327599 
0 -1.8318e-06 6.62412e-06 7.07927e-07 6.21169e-06 1.13057e-05 4.60114e-06 1.3723e-05 1.04579e-05 9.4361e-06 1.93124e-05 1.10957e-05 1.93947e-05 2.25048e-05 1.57064e-05 2.77215e-05 2.17628e-05 2.28089e-05 3.08e-05 2.51302e-05 3.20508e-05 3.4687e-05 3.61034e-05 4.03844e-05 4.90135e-05 5.95899e-05 7.41876e-05 0.000112811 0.00015232 0.000225512 0.000341238 0.000492751 0.00072795 0.00104856 0.00147865 0.00204191 0.00276943 0.00367475 0.00477567 0.00611398 0.00766131 0.00941745 0.0113468 0.0133677 0.0153649 0.0172005 0.0187224 0.0197373 0.0201238 0.0197738 0.0186213 0.0166312 0.0138426 0.0103832 0.00642414 0.00221792 -0.00196463 -0.00583529 -0.00919134 -0.0118703 -0.0137793 -0.0148842 -0.0152087 -0.0148574 -0.0139832 -0.012776 -0.0113745 -0.00991606 -0.00848517 -0.0071711 -0.00602704 -0.00508111 -0.00429978 -0.00365508 -0.00313999 -0.00273893 -0.00242919 -0.00217292 -0.00195659 -0.0017656 -0.00162071 -0.00149689 -0.00137934 -0.00125741 -0.00116718 -0.00108808 -0.00100792 -0.000919936 -0.000853835 -0.000792436 -0.000730649 -0.000663802 -0.000609333 -0.000555804 -0.000504318 -0.000449701 -0.000400276 -0.000350319 -0.00030387 -0.000254629 -0.000206767 -0.000157024 -0.000110817 -6.20984e-05 -1.35149e-05 4.05326e-05 9.13864e-05 0.000143099 0.000195375 0.000260181 0.000321066 0.000379882 0.000441518 0.000525451 0.000603979 0.000678916 0.000761079 0.00087543 0.000987825 0.00110299 0.00123261 0.00140604 0.00160294 0.00183411 0.00210721 0.00246086 0.00291699 0.00349507 0.00419816 0.00505559 0.00610546 0.00733667 0.00870578 0.0101343 0.0115476 0.0128208 0.0138256 0.0143745 0.0143081 0.0134997 0.0119059 0.00953412 0.0064596 0.00281989 -0.00120422 -0.00534596 -0.00933069 -0.012888 -0.0158392 -0.0180426 -0.019434 -0.0200122 -0.0198428 -0.01903 -0.0176761 -0.0159569 -0.0140327 -0.0120542 -0.0101282 -0.00835757 -0.00678729 -0.00541593 -0.00427253 -0.00333115 -0.00257396 -0.00197539 -0.00152394 -0.00118356 -0.000926645 -0.000761121 -0.00063594 -0.000554679 -0.000508623 -0.000472682 -0.000452237 -0.000439506 -0.000434522 -0.00042376 -0.000426243 -0.000425114 -0.000416301 -0.000425441 -0.000416189 -0.000415035 -0.000420519 -0.000410044 -0.000416586 -0.000414612 -0.00041042 -0.000415767 -0.000410113 -0.000411363 -0.0004115 -0.000408694 -0.00041185 -0.000408802 -0.00040807 -0.000409779 -0.000407659 -0.000408953 
0 6.0349e-06 -5.40562e-06 1.018e-05 3.97592e-06 4.60114e-06 1.79573e-05 6.28856e-06 2.02073e-05 2.08077e-05 1.05868e-05 2.62054e-05 1.44983e-05 1.60929e-05 3.03606e-05 1.86662e-05 3.32924e-05 3.83752e-05 2.83237e-05 4.22557e-05 3.55701e-05 3.44706e-05 4.64359e-05 4.76065e-05 5.95146e-05 7.39213e-05 9.85817e-05 0.00012724 0.000188739 0.000285405 0.000411232 0.000623754 0.000901268 0.00128167 0.00180386 0.0024884 0.00335926 0.00444584 0.00579669 0.007363 0.00921315 0.0113179 0.013593 0.0159838 0.0183404 0.0204968 0.0222379 0.0234426 0.0238956 0.023466 0.0220734 0.0197111 0.0164544 0.0123715 0.0077201 0.0027689 -0.00212629 -0.00671054 -0.0106852 -0.013879 -0.016178 -0.017525 -0.0179781 -0.0176273 -0.0166755 -0.0152769 -0.0136693 -0.0119468 -0.0102714 -0.0087077 -0.00735053 -0.0061897 -0.00523824 -0.0044604 -0.00382812 -0.00333591 -0.00294321 -0.00263397 -0.00235659 -0.00214593 -0.00195204 -0.00180324 -0.00164707 -0.00152967 -0.00140013 -0.0013075 -0.00119991 -0.00111894 -0.00102008 -0.00095251 -0.000869005 -0.00080526 -0.000725197 -0.000669406 -0.000598381 -0.000543504 -0.000474293 -0.000423029 -0.000357641 -0.000307008 -0.000241697 -0.000190415 -0.000125544 -7.55392e-05 -7.49383e-06 4.74842e-05 0.000116875 0.000170501 0.000248124 0.00031107 0.000391562 0.000455555 0.000550319 0.000628393 0.000731006 0.000817621 0.000939984 0.00104932 0.00119623 0.00133272 0.00151068 0.0016989 0.00195184 0.00222704 0.00257597 0.0030077 0.0035723 0.00426572 0.00512386 0.00617766 0.00743075 0.00889719 0.0105057 0.0121979 0.0138269 0.0153115 0.016425 0.0170156 0.0168635 0.0158672 0.0139335 0.0111064 0.00745593 0.00313324 -0.00158897 -0.00645396 -0.011129 -0.0153452 -0.0188026 -0.0213989 -0.0230464 -0.0237686 -0.02359 -0.0226108 -0.0210441 -0.019036 -0.0167786 -0.0144301 -0.0121756 -0.010053 -0.00816144 -0.00655066 -0.00516958 -0.00403933 -0.00312353 -0.00240853 -0.00184294 -0.00143369 -0.00114089 -0.000917296 -0.000778751 -0.00067638 -0.000609964 -0.000566492 -0.000547249 -0.000532927 -0.000517806 -0.000525444 -0.000507553 -0.000503481 -0.000510152 -0.000491771 -0.000502628 -0.000504182 -0.000493276 -0.000507097 -0.000498158 -0.000493447 -0.000502337 -0.000489639 -0.000494316 -0.000496971 -0.000487834 -0.000495532 -0.000491011 -0.000490452 -0.000494088 -0.000487656 -0.000492932 -0.000489903 
0 1.88833e-06 8.60364e-06 7.56072e-06 8.44644e-06 1.3723e-05 6.28856e-06 1.42904e-05 1.45194e-05 9.83821e-06 2.6986e-05 1.98713e-05 2.89314e-05 3.72302e-05 2.44665e-05 3.72208e-05 2.84089e-05 2.73857e-05 3.73756e-05 3.58891e-05 4.51926e-05 5.02941e-05 5.88328e-05 5.49272e-05 7.46192e-05 8.92222e-05 0.000107522 0.000177957 0.000228236 0.000341252 0.000510165 0.000724974 0.00107163 0.00153316 0.00215111 0.00295245 0.00398255 0.00524809 0.00679723 0.00866023 0.0108024 0.0132247 0.0158371 0.0185715 0.0212452 0.0236831 0.0256971 0.0270238 0.0274895 0.0269798 0.02541 0.0226943 0.0189408 0.0143016 0.00901569 0.00340561 -0.00219384 -0.00742928 -0.0119998 -0.0156845 -0.0183779 -0.0199906 -0.0205855 -0.0202907 -0.0192795 -0.0177565 -0.0159466 -0.0140109 -0.0120865 -0.0103072 -0.00872296 -0.00735852 -0.00622403 -0.00530874 -0.00455694 -0.00396087 -0.0034895 -0.00310572 -0.00278436 -0.00253017 -0.0023079 -0.00210645 -0.00193708 -0.00179608 -0.00165368 -0.00151976 -0.00140961 -0.001309 -0.00120257 -0.00110451 -0.00102037 -0.000937291 -0.00085299 -0.000774933 -0.000701652 -0.00062809 -0.000557056 -0.000487726 -0.000418403 -0.000350119 -0.000283951 -0.000215513 -0.000146823 -7.90491e-05 -9.28019e-06 6.35274e-05 0.000134585 0.000209069 0.000290986 0.000372383 0.000451824 0.000543829 0.000646578 0.000743447 0.000845161 0.000969975 0.0011054 0.00123714 0.00139164 0.00157711 0.00178069 0.00200933 0.00229758 0.00264071 0.00305739 0.00358481 0.00425579 0.00507501 0.00609805 0.00734525 0.00881557 0.0104931 0.0123477 0.01426 0.0161073 0.0177417 0.018951 0.0195225 0.0192766 0.0180631 0.0157865 0.0125036 0.0082973 0.00335715 -0.00205265 -0.00759146 -0.0129195 -0.0176865 -0.0216561 -0.0246642 -0.0265574 -0.0273644 -0.0271795 -0.0261275 -0.0243381 -0.0220564 -0.0194776 -0.0167976 -0.0141908 -0.0117552 -0.00959055 -0.00768308 -0.00607657 -0.0047578 -0.00369082 -0.00284547 -0.00220414 -0.00172058 -0.00133908 -0.00110333 -0.000916064 -0.000791119 -0.000733224 -0.000667294 -0.000640054 -0.000618304 -0.000602122 -0.000592953 -0.000594518 -0.000595606 -0.000587889 -0.000600531 -0.00058514 -0.000585069 -0.000587711 -0.000571848 -0.00058445 -0.000576271 -0.000576743 -0.000582242 -0.000572935 -0.000579542 -0.000574729 -0.000574679 -0.000574476 -0.000572651 -0.0005761 -0.000571017 -0.000575282 -0.000571511 
0 4.37475e-06 -3.42275e-06 9.46604e-06 5.54089e-06 1.04579e-05 2.02073e-05 1.45194e-05 2.45358e-05 2.21907e-05 2.1684e-05 2.68083e-05 2.12582e-05 2.75533e-05 3.1396e-05 3.42841e-05 4.27848e-05 4.62771e-05 4.65268e-05 5.01447e-05 4.91141e-05 4.95649e-05 6.04146e-05 6.48087e-05 8.40266e-05 0.000105702 0.000135218 0.00019484 0.000271923 0.0004092 0.000603508 0.000879826 0.00127687 0.00180183 0.00251005 0.00343796 0.00461351 0.0060724 0.00785866 0.00995357 0.012381 0.0151219 0.0180628 0.0211208 0.0241058 0.0268027 0.0289909 0.0304551 0.0309684 0.0303728 0.028566 0.025521 0.0213538 0.0161919 0.0103146 0.00407885 -0.00213528 -0.00798533 -0.0131176 -0.0172925 -0.0203701 -0.0222613 -0.0230372 -0.0228261 -0.0218111 -0.0201905 -0.0182289 -0.016089 -0.0139537 -0.0119531 -0.0101563 -0.00857745 -0.00726017 -0.00619205 -0.00531393 -0.00460983 -0.00404483 -0.00358819 -0.00320949 -0.0029193 -0.00265156 -0.00241345 -0.00221344 -0.00206187 -0.00189091 -0.00173528 -0.00160386 -0.00149795 -0.00137046 -0.00125918 -0.00115764 -0.00106883 -0.000968611 -0.000882089 -0.000792789 -0.000712565 -0.000629097 -0.000553195 -0.000468166 -0.000392904 -0.000315608 -0.000240892 -0.000156556 -8.14785e-05 6.38151e-07 7.96963e-05 0.000166454 0.000249842 0.00034774 0.000434821 0.000530697 0.000635712 0.000759998 0.000862195 0.00098306 0.00112815 0.00129267 0.00143399 0.00161517 0.00183308 0.00208024 0.00233999 0.0026779 0.00308321 0.00358394 0.00420672 0.00499115 0.00594584 0.00713555 0.00858242 0.0102569 0.012149 0.0142133 0.0163364 0.0183512 0.0201091 0.0213551 0.0218825 0.0214938 0.0200446 0.0174274 0.0136999 0.00896191 0.00342285 -0.00258959 -0.00873688 -0.0146566 -0.0199809 -0.0243939 -0.0277372 -0.0298795 -0.0308314 -0.0306534 -0.0294774 -0.0275177 -0.0250031 -0.0221425 -0.0191517 -0.0162342 -0.0134765 -0.0110057 -0.00886031 -0.00702769 -0.00551377 -0.00428693 -0.00330888 -0.00255195 -0.00199139 -0.00156905 -0.00127694 -0.00106833 -0.000921757 -0.000833859 -0.000766504 -0.000736034 -0.000714748 -0.000699027 -0.000694948 -0.000683021 -0.000675948 -0.000672684 -0.000667096 -0.00066568 -0.000669914 -0.000665095 -0.000667979 -0.000668222 -0.000659943 -0.000666386 -0.000658481 -0.000658591 -0.000661601 -0.000653285 -0.000662553 -0.000654433 -0.000654056 -0.000658915 -0.000648434 -0.000658688 -0.000653457 
0 8.19782e-06 -2.30925e-07 1.51426e-05 9.48601e-06 9.4361e-06 2.08077e-05 9.83821e-06 2.21907e-05 2.58072e-05 2.16575e-05 3.64913e-05 3.10452e-05 3.51417e-05 4.26456e-05 3.47353e-05 4.33748e-05 4.47454e-05 4.39485e-05 5.49335e-05 5.65255e-05 6.27442e-05 7.20891e-05 8.02858e-05 9.66077e-05 0.00012163 0.000165188 0.000227662 0.00032887 0.00048267 0.000700815 0.00102426 0.00147494 0.00208515 0.00289687 0.0039546 0.00528176 0.00692685 0.00893494 0.0112838 0.0140005 0.0170351 0.0202809 0.0236258 0.0268788 0.0298102 0.0321692 0.0337287 0.0342431 0.0335564 0.031551 0.0282082 0.023638 0.0180047 0.011614 0.00483016 -0.00194757 -0.00835561 -0.0140094 -0.0186505 -0.0221086 -0.0242996 -0.0252868 -0.0252018 -0.0242271 -0.0225655 -0.0204888 -0.0181848 -0.0158631 -0.0136599 -0.0116545 -0.00986943 -0.00836467 -0.00713378 -0.0061231 -0.00530331 -0.0046378 -0.00409951 -0.0036627 -0.0033245 -0.00301224 -0.0027343 -0.0025052 -0.00233054 -0.00213682 -0.00195705 -0.00180557 -0.00168429 -0.00154234 -0.00141411 -0.00129661 -0.00119529 -0.00108436 -0.000984924 -0.000882056 -0.000790577 -0.000698279 -0.000611661 -0.00051428 -0.000428212 -0.000342874 -0.000258417 -0.000162017 -7.57692e-05 1.45525e-05 0.000103223 0.00020263 0.000298697 0.000406105 0.000503524 0.000613639 0.000734467 0.000871524 0.000986452 0.00112453 0.00129121 0.00147614 0.00163718 0.00184254 0.00209481 0.0023818 0.00268352 0.00307025 0.00354587 0.00413647 0.00486349 0.00576688 0.00686977 0.00823427 0.00987842 0.011758 0.0138545 0.0161118 0.018414 0.0205687 0.0224004 0.0236425 0.0240837 0.0235236 0.0218139 0.0188516 0.0146884 0.00945219 0.00336891 -0.00320587 -0.00991091 -0.0163529 -0.0221617 -0.0270012 -0.0306781 -0.0330515 -0.0341191 -0.0339612 -0.0327147 -0.0306113 -0.0278779 -0.0247553 -0.0214755 -0.0182561 -0.0152095 -0.0124529 -0.0100517 -0.00798845 -0.00628097 -0.0048969 -0.00379578 -0.00293858 -0.00229282 -0.00181398 -0.00146398 -0.00122543 -0.00105893 -0.000949247 -0.000877339 -0.000832059 -0.000802806 -0.000780637 -0.000775412 -0.00076494 -0.000760608 -0.000765374 -0.000754626 -0.000757321 -0.000756848 -0.000745658 -0.000753029 -0.000745947 -0.000742445 -0.000749435 -0.000738989 -0.000744909 -0.000743249 -0.000734951 -0.000744444 -0.000736341 -0.000738389 -0.000742739 -0.000733794 -0.000741506 -0.00073564 
0 -2.00036e-06 1.28315e-05 3.21923e-06 1.27216e-05 1.93124e-05 1.05868e-05 2.6986e-05 2.1684e-05 2.16575e-05 3.54428e-05 2.48259e-05 3.82496e-05 4.34436e-05 3.57886e-05 5.18245e-05 4.64825e-05 4.71792e-05 5.85419e-05 5.5341e-05 6.32552e-05 7.20916e-05 7.94118e-05 8.81268e-05 0.00011221 0.000142041 0.000183346 0.000275337 0.00038435 0.000558692 0.000828503 0.00118277 0.00169817 0.00239501 0.00331023 0.0044865 0.00598092 0.00782001 0.0100209 0.0126452 0.0156305 0.0189383 0.0224765 0.0260922 0.029578 0.0326941 0.0352204 0.0368356 0.0373341 0.0365421 0.03436 0.0307426 0.025791 0.0197528 0.0129074 0.00565312 -0.00164282 -0.00853547 -0.014677 -0.0197552 -0.0235923 -0.0261017 -0.0273252 -0.0274133 -0.0265147 -0.0248767 -0.0227132 -0.0202976 -0.0178037 -0.0154245 -0.0132067 -0.0112299 -0.00952769 -0.00812534 -0.0069724 -0.00602565 -0.00525531 -0.00462217 -0.00413018 -0.00372344 -0.00337628 -0.00304794 -0.0028005 -0.00258074 -0.00238073 -0.00216598 -0.00200665 -0.0018512 -0.00171121 -0.00155418 -0.00143261 -0.00130454 -0.0011961 -0.00107199 -0.000967081 -0.000853292 -0.000762093 -0.000653942 -0.000555501 -0.000448609 -0.000363687 -0.000259326 -0.00016191 -5.38716e-05 3.52116e-05 0.000144401 0.000245715 0.000366277 0.000470651 0.000592139 0.000705991 0.000855054 0.000988679 0.00113452 0.00127927 0.00147944 0.00166737 0.00186986 0.00208937 0.00238765 0.0027022 0.00306667 0.00349705 0.00405694 0.00473792 0.00558154 0.00660881 0.00787038 0.00941756 0.0112477 0.0133339 0.015612 0.0180492 0.0204804 0.0227482 0.0245886 0.0257905 0.0260912 0.0253331 0.0233348 0.0200267 0.0154427 0.00973602 0.00317753 -0.00391059 -0.0111014 -0.0180128 -0.024225 -0.0294599 -0.0334446 -0.036034 -0.0372112 -0.0370847 -0.0358158 -0.0335743 -0.0306604 -0.0273134 -0.0237858 -0.0202688 -0.0169546 -0.0139401 -0.0112607 -0.00898879 -0.00708813 -0.00553803 -0.0042996 -0.00334591 -0.00260948 -0.00205322 -0.00167346 -0.00138413 -0.00119323 -0.00107408 -0.000982789 -0.000929857 -0.00089694 -0.000876341 -0.000857574 -0.000857528 -0.000851363 -0.000839814 -0.000849967 -0.000835684 -0.000833465 -0.000841046 -0.000824882 -0.000833939 -0.000832588 -0.000822465 -0.000831998 -0.000823492 -0.000823718 -0.000827603 -0.000818624 -0.000823991 -0.000821133 -0.000817433 -0.000822786 -0.000817046 -0.00081972 
0 6.00634e-06 5.87374e-07 1.14954e-05 1.27873e-05 1.10957e-05 2.62054e-05 1.98713e-05 2.68083e-05 3.64913e-05 2.48259e-05 4.12826e-05 3.67832e-05 3.29732e-05 5.13355e-05 4.2887e-05 5.58313e-05 6.41196e-05 6.08997e-05 6.92819e-05 7.0513e-05 7.51938e-05 8.06247e-05 0.000107344 0.000121955 0.000161766 0.000231357 0.000297058 0.000451668 0.000651654 0.000941794 0.00137788 0.00194796 0.0027259 0.00373935 0.00506 0.00670111 0.00873362 0.0111805 0.0140182 0.0172662 0.0208412 0.0246533 0.0284964 0.0322007 0.0354915 0.0380769 0.0397472 0.0402408 0.0393534 0.0369453 0.0330784 0.027833 0.0214363 0.0142 0.00651458 -0.00118767 -0.00852238 -0.0150919 -0.0205971 -0.0247934 -0.0276357 -0.0291331 -0.0294225 -0.0286661 -0.0270813 -0.024906 -0.0223967 -0.019789 -0.0172271 -0.0148312 -0.0126523 -0.0107659 -0.00917295 -0.0078725 -0.00678792 -0.00590015 -0.00517432 -0.00460589 -0.0041355 -0.00373155 -0.00337501 -0.00308179 -0.00283397 -0.00260207 -0.00238075 -0.00218485 -0.00201768 -0.00185343 -0.00169415 -0.00154247 -0.00141105 -0.00127991 -0.00115407 -0.00102509 -0.000911231 -0.00079721 -0.000688131 -0.000569455 -0.000462694 -0.000354977 -0.000251036 -0.000133795 -2.49457e-05 8.62101e-05 0.000194291 0.000318624 0.000440674 0.000566027 0.000688327 0.000831045 0.000981743 0.0011366 0.00128996 0.00146997 0.00167441 0.00188951 0.00211355 0.00237579 0.00269508 0.00305871 0.00347563 0.00397315 0.00460987 0.0053961 0.00636092 0.00752103 0.00895596 0.0106792 0.0127041 0.0149682 0.0174359 0.0200016 0.0225486 0.0248564 0.0266799 0.0277713 0.0279086 0.0269031 0.0245983 0.0209499 0.015962 0.00982952 0.00281889 -0.00467936 -0.0122952 -0.0196024 -0.026214 -0.0317631 -0.0359901 -0.0388044 -0.0401345 -0.040052 -0.0387174 -0.036417 -0.033356 -0.0298155 -0.0260614 -0.0222949 -0.0187092 -0.0154125 -0.0125246 -0.0100211 -0.00792418 -0.00621072 -0.00483514 -0.00375753 -0.00293189 -0.00233826 -0.00187192 -0.00156368 -0.00134737 -0.00117937 -0.00109882 -0.00103101 -0.000992931 -0.000972411 -0.000957288 -0.000940674 -0.000931791 -0.00093297 -0.000914953 -0.000927333 -0.00092189 -0.000913245 -0.000927637 -0.000908837 -0.000914724 -0.000916467 -0.00090323 -0.000913552 -0.000906189 -0.000905343 -0.00090886 -0.000901908 -0.000904331 -0.000902782 -0.000900508 -0.000902588 -0.000902208 
0 -2.86017e-07 1.55563e-05 5.59195e-06 1.8033e-05 1.93947e-05 1.44983e-05 2.89314e-05 2.12582e-05 3.10452e-05 3.82496e-05 3.67832e-05 4.9773e-05 4.82433e-05 5.33676e-05 5.55736e-05 5.31959e-05 5.79021e-05 6.08768e-05 6.93844e-05 7.84475e-05 9.10749e-05 0.000101883 0.000119205 0.000143229 0.000184901 0.000254981 0.000357102 0.000524199 0.000749361 0.00108533 0.00156 0.00219627 0.00307647 0.00421307 0.00565967 0.00747731 0.00969451 0.0123345 0.0154336 0.0189394 0.022758 0.0268019 0.030855 0.0347145 0.0381275 0.040813 0.0424885 0.0429086 0.041894 0.0393447 0.0352608 0.0297214 0.023021 0.0154787 0.00746642 -0.000604922 -0.00830494 -0.0152595 -0.0211357 -0.0256968 -0.0288809 -0.0306787 -0.0312121 -0.0306375 -0.0291725 -0.0270239 -0.0244881 -0.021783 -0.0190816 -0.0165066 -0.0141522 -0.0120695 -0.0102918 -0.00882442 -0.00759531 -0.00658095 -0.00575366 -0.00510208 -0.00455015 -0.00409472 -0.00369637 -0.00336608 -0.00306925 -0.00281913 -0.00257391 -0.00235775 -0.00215783 -0.00198511 -0.00180451 -0.00164133 -0.00148723 -0.00134857 -0.00120221 -0.00106799 -0.000936599 -0.000813843 -0.000686111 -0.00056586 -0.00044284 -0.000325998 -0.000205463 -8.72734e-05 3.87174e-05 0.000157551 0.00028178 0.000409626 0.000550016 0.000680301 0.000821824 0.000973528 0.00114291 0.00130133 0.00148183 0.00167873 0.00190333 0.00212837 0.00239344 0.00268643 0.00304006 0.00344192 0.0039282 0.00449503 0.0052189 0.00611405 0.00720829 0.0085175 0.0101247 0.0120362 0.0142356 0.0166817 0.0193022 0.021987 0.0245883 0.0269046 0.0286446 0.0295892 0.0295119 0.0282366 0.0256092 0.0216063 0.0162457 0.00972815 0.00235031 -0.00553338 -0.013507 -0.021136 -0.0280402 -0.033899 -0.0383904 -0.0413765 -0.0428159 -0.042805 -0.041505 -0.0391349 -0.0359507 -0.0322504 -0.0282939 -0.0242907 -0.0204754 -0.0169439 -0.0137874 -0.0110707 -0.00878606 -0.00690184 -0.00539926 -0.00421797 -0.00329264 -0.00261312 -0.00210351 -0.00174318 -0.00149856 -0.00132451 -0.00121419 -0.00113435 -0.00108515 -0.00105353 -0.00103502 -0.00102662 -0.00102319 -0.00101889 -0.00101502 -0.00101363 -0.0010027 -0.00100552 -0.00099961 -0.000995354 -0.0010014 -0.000990109 -0.000997897 -0.000992026 -0.000985344 -0.000994851 -0.0009814 -0.000990467 -0.000989859 -0.000982738 -0.000994476 -0.000980732 -0.00098583 
0 -2.84459e-06 1.60429e-05 2.33702e-06 1.76632e-05 2.25048e-05 1.60929e-05 3.72302e-05 2.75533e-05 3.51417e-05 4.34436e-05 3.29732e-05 4.82433e-05 4.68314e-05 5.08167e-05 6.31771e-05 6.30614e-05 7.37233e-05 7.69076e-05 7.94549e-05 8.52627e-05 9.07383e-05 0.000105463 0.000126532 0.000161125 0.000215065 0.000292226 0.000412462 0.000596983 0.00085878 0.00124456 0.00178086 0.00249571 0.00346032 0.00470724 0.00628615 0.00827221 0.0106856 0.0135427 0.0168716 0.0206025 0.0246553 0.0289143 0.0331553 0.0371573 0.0406553 0.0433656 0.0450214 0.0453884 0.0442529 0.0415286 0.0372348 0.0314782 0.024544 0.0167444 0.00845866 0.000104018 -0.00789279 -0.0151767 -0.0213937 -0.0263052 -0.029833 -0.0319543 -0.0327664 -0.0324207 -0.0311181 -0.029056 -0.0265369 -0.0237749 -0.0209557 -0.0182243 -0.0156995 -0.013427 -0.0114595 -0.0098132 -0.00842716 -0.00727741 -0.00634196 -0.00559184 -0.00495336 -0.00443676 -0.00399715 -0.00362096 -0.00327834 -0.00300038 -0.00273572 -0.00249425 -0.0022674 -0.00207677 -0.00188021 -0.0017017 -0.00153067 -0.00137606 -0.00121432 -0.0010713 -0.000927654 -0.000788788 -0.000647034 -0.00052173 -0.000387537 -0.00025462 -0.000121754 8.20096e-07 0.000138648 0.000272565 0.000408711 0.000543522 0.000696511 0.000840295 0.000996484 0.0011609 0.00134303 0.00151468 0.00171746 0.00193616 0.0021758 0.00242041 0.00272284 0.00305506 0.00344122 0.00388993 0.00444764 0.00509839 0.00591405 0.00692515 0.00815718 0.00962732 0.0114104 0.0135042 0.0158718 0.0184776 0.0212285 0.0239928 0.0266048 0.0288656 0.0304746 0.0312195 0.030886 0.0293041 0.0263414 0.0219907 0.0162838 0.00942136 0.00172821 -0.0064495 -0.0147028 -0.0226071 -0.0297659 -0.0358493 -0.0405443 -0.0437137 -0.0453008 -0.0453631 -0.0440836 -0.0416885 -0.0384373 -0.0346178 -0.0304963 -0.0262889 -0.0222392 -0.0184795 -0.0150984 -0.0121757 -0.00969672 -0.0076382 -0.00598617 -0.00468036 -0.00366456 -0.00290882 -0.00234539 -0.00193565 -0.00165228 -0.00145397 -0.00132419 -0.00124236 -0.00118958 -0.00115808 -0.00113517 -0.00111848 -0.00111011 -0.00109673 -0.0010956 -0.00109316 -0.00108488 -0.00109319 -0.00108251 -0.00108335 -0.00108619 -0.00107064 -0.00108351 -0.00107533 -0.00107195 -0.00108287 -0.00106559 -0.00107443 -0.00106941 -0.00106007 -0.00107343 -0.0010604 -0.00106972 
0 8.11203e-06 2.89905e-06 1.60713e-05 1.7221e-05 1.57064e-05 3.03606e-05 2.44665e-05 3.1396e-05 4.26456e-05 3.57886e-05 5.13355e-05 5.33676e-05 5.08167e-05 6.40588e-05 5.92627e-05 6.53437e-05 7.46654e-05 7.56077e-05 8.43379e-05 9.71099e-05 0.00010597 0.000118285 0.0001535 0.000179626 0.00024059 0.000343678 0.000464106 0.000685567 0.000985253 0.0014041 0.00200736 0.00280403 0.00386608 0.005231 0.00697284 0.00911485 0.0117126 0.0148002 0.0183355 0.0222931 0.0265622 0.031006 0.035381 0.0394873 0.0430503 0.0457438 0.0473569 0.0476315 0.0463786 0.0434865 0.0390211 0.0330996 0.0259804 0.0179984 0.0095107 0.000963206 -0.00727919 -0.0148215 -0.0213446 -0.0265824 -0.0304579 -0.0329239 -0.034047 -0.03398 -0.0328801 -0.0309763 -0.0285145 -0.025751 -0.022837 -0.0199866 -0.0172936 -0.0148491 -0.0126863 -0.0108546 -0.00929767 -0.00800403 -0.00695091 -0.00608397 -0.00535681 -0.00476179 -0.00428078 -0.00384314 -0.00346407 -0.00313824 -0.00286149 -0.00258126 -0.00233997 -0.00211187 -0.00191026 -0.00170337 -0.00152739 -0.00134002 -0.0011748 -0.00101006 -0.000865473 -0.000696616 -0.000552519 -0.000409601 -0.00027582 -0.000114511 1.92767e-05 0.000158183 0.000295071 0.000456721 0.000592933 0.000745764 0.00089712 0.00106898 0.00122655 0.00141364 0.00159377 0.00179539 0.00200544 0.00225536 0.0024973 0.00277836 0.00310427 0.00348696 0.00389936 0.00440895 0.00503338 0.00578362 0.00669504 0.00782919 0.00920739 0.0108473 0.0128113 0.0150734 0.0176088 0.020344 0.0232071 0.0260019 0.0285909 0.030727 0.0321668 0.0326593 0.032039 0.0301217 0.0268149 0.0221251 0.0160996 0.0089548 0.000988215 -0.00740951 -0.0158814 -0.0239831 -0.0313542 -0.0376169 -0.0424902 -0.0458314 -0.0475585 -0.0477223 -0.0464849 -0.0441195 -0.0408213 -0.0369027 -0.0326423 -0.0282701 -0.0240101 -0.0200218 -0.016442 -0.0132908 -0.0106194 -0.00840431 -0.00660551 -0.0051758 -0.00406474 -0.00323411 -0.00259031 -0.00214679 -0.00182853 -0.00159144 -0.00145697 -0.00135122 -0.00128353 -0.00124807 -0.00122083 -0.00120113 -0.00119503 -0.0011918 -0.00117739 -0.00118504 -0.00117688 -0.00116766 -0.00117707 -0.0011624 -0.00116682 -0.00116797 -0.00115491 -0.00116363 -0.0011554 -0.00115184 -0.00115894 -0.00115071 -0.00115532 -0.00115707 -0.0011501 -0.00115502 -0.00115027 
0 -9.48356e-07 1.7064e-05 7.76506e-06 1.8497e-05 2.77215e-05 1.86662e-05 3.72208e-05 3.42841e-05 3.47353e-05 5.18245e-05 4.2887e-05 5.55736e-05 6.31771e-05 5.92627e-05 7.46566e-05 7.3535e-05 7.64287e-05 8.42988e-05 9.17291e-05 0.0001003 0.000114217 0.000141304 0.000156868 0.00021057 0.000278974 0.000372174 0.000551348 0.000777606 0.00111916 0.00160328 0.00225582 0.00313808 0.00429999 0.00580711 0.00767264 0.010003 0.0127953 0.0160625 0.0198306 0.0239989 0.0284656 0.0330465 0.037565 0.0417254 0.0452844 0.0479825 0.0495178 0.0496666 0.0482518 0.0452549 0.0406425 0.0345781 0.027324 0.0192283 0.0106384 0.00193305 -0.00646776 -0.0142254 -0.0209826 -0.0265451 -0.0307496 -0.0335766 -0.035039 -0.0352789 -0.0344406 -0.0327306 -0.0303978 -0.0276511 -0.0247073 -0.021738 -0.0189156 -0.0162875 -0.0139519 -0.0119099 -0.0101841 -0.0087293 -0.00754824 -0.00655286 -0.00572575 -0.00505021 -0.00450473 -0.00401685 -0.0035838 -0.00322225 -0.0029065 -0.00261087 -0.00233156 -0.00208625 -0.00185255 -0.00164312 -0.00143527 -0.00123964 -0.00104498 -0.000882976 -0.000710242 -0.000537901 -0.000366146 -0.000228571 -6.91254e-05 9.33843e-05 0.00025377 0.000385957 0.000546987 0.000709484 0.000872334 0.00101826 0.00119297 0.00136761 0.00155321 0.00173569 0.00193944 0.00214931 0.00239071 0.0026452 0.00291502 0.00321746 0.00358541 0.0040014 0.00446249 0.0050295 0.00573278 0.00658652 0.00760523 0.0088727 0.0103965 0.012226 0.0143522 0.0167905 0.0194567 0.0223209 0.0252313 0.0280382 0.0305274 0.0325022 0.0337013 0.0339096 0.0329554 0.0306818 0.0270334 0.0219964 0.0156995 0.00831069 0.000163494 -0.00842865 -0.0170381 -0.0252743 -0.0327677 -0.0391897 -0.044241 -0.047699 -0.0495581 -0.0498486 -0.0487298 -0.0463685 -0.0430726 -0.0391091 -0.0347301 -0.0302171 -0.0257816 -0.0216079 -0.0177851 -0.0144518 -0.0115916 -0.00919558 -0.00725967 -0.00570342 -0.00448903 -0.00355152 -0.00287128 -0.00235582 -0.00199425 -0.00175784 -0.00156958 -0.00146449 -0.00139015 -0.00133796 -0.00131314 -0.00129626 -0.00128507 -0.00127228 -0.00127576 -0.00125999 -0.00125836 -0.00126479 -0.00124513 -0.0012567 -0.00125102 -0.00124048 -0.00125423 -0.00123849 -0.00124183 -0.00124633 -0.00123178 -0.00124299 -0.00123628 -0.00123111 -0.00124144 -0.00122932 -0.00123508 
0 8.93589e-06 3.40549e-06 1.97011e-05 1.6503e-05 2.17628e-05 3.32924e-05 2.84089e-05 4.27848e-05 4.33748e-05 4.64825e-05 5.58313e-05 5.31959e-05 6.30614e-05 6.53437e-05 7.3535e-05 8.09006e-05 8.66147e-05 0.000100258 0.000100098 0.00011344 0.000124035 0.000141042 0.000181971 0.000231911 0.000316024 0.000440288 0.000621692 0.000882817 0.00127101 0.00180548 0.00253207 0.00352005 0.00477814 0.00639892 0.00843427 0.010918 0.0139056 0.0173997 0.0213595 0.0257083 0.0303456 0.0350674 0.0396642 0.043876 0.0474253 0.0500361 0.0514552 0.051495 0.0499698 0.0468062 0.0420595 0.0359245 0.0286194 0.0204566 0.0118035 0.00303922 -0.00545941 -0.0133528 -0.0203269 -0.0261624 -0.0306939 -0.0338779 -0.0357102 -0.036289 -0.0357499 -0.0342952 -0.0321274 -0.0294628 -0.0265129 -0.0234765 -0.0205223 -0.0177453 -0.0152227 -0.0129833 -0.0110659 -0.00944996 -0.00811586 -0.00698584 -0.00604839 -0.00527857 -0.00465774 -0.00410836 -0.00362748 -0.0032118 -0.00286225 -0.00253526 -0.00223185 -0.0019493 -0.00169854 -0.00146587 -0.00124258 -0.00101942 -0.000814748 -0.00063176 -0.000448576 -0.000255123 -7.62485e-05 8.08377e-05 0.000246887 0.000427137 0.000593865 0.00074381 0.000908554 0.00108851 0.00125829 0.0014199 0.00159711 0.00179214 0.00198654 0.00218322 0.00239199 0.00262839 0.00288337 0.00315564 0.00344185 0.00378252 0.00418061 0.00463765 0.00514941 0.00578603 0.00657085 0.00753141 0.00867397 0.0100739 0.0117597 0.0137665 0.0160664 0.0186468 0.021445 0.0243875 0.0273234 0.0300737 0.0324279 0.0341703 0.0350887 0.0349688 0.0336473 0.0310003 0.0270008 0.0216587 0.0151058 0.00753151 -0.000762212 -0.00944026 -0.0181291 -0.0264639 -0.0340527 -0.0405454 -0.0457044 -0.0493376 -0.0513505 -0.0517587 -0.0507298 -0.0484616 -0.0452057 -0.041214 -0.0367707 -0.032139 -0.0275322 -0.0231714 -0.0191844 -0.0156439 -0.0125868 -0.0100345 -0.00792746 -0.00624082 -0.00493321 -0.00391006 -0.0031492 -0.00258686 -0.00217831 -0.00189405 -0.00170552 -0.00157894 -0.00149508 -0.00144827 -0.00140591 -0.00138591 -0.00136911 -0.00135669 -0.00135563 -0.0013464 -0.00134818 -0.00134131 -0.00134086 -0.00133819 -0.00132925 -0.00133636 -0.00132595 -0.0013294 -0.00133129 -0.00132048 -0.00132984 -0.00131848 -0.00131773 -0.00132206 -0.00131036 -0.00132188 -0.00131696 
0 1.026e-05 -1.286e-07 2.22996e-05 1.66458e-05 2.28089e-05 3.83752e-05 2.73857e-05 4.62771e-05 4.47454e-05 4.71792e-05 6.41196e-05 5.79021e-05 7.37233e-05 7.46654e-05 7.64287e-05 8.66147e-05 8.41012e-05 9.98321e-05 0.00010441 0.000122647 0.000147006 0.000166877 0.000213262 0.000266247 0.000355497 0.00049772 0.000705562 0.00100747 0.00144118 0.00203362 0.00282907 0.00390573 0.0052824 0.00704551 0.00924661 0.0119034 0.0150796 0.0187612 0.0229105 0.0274524 0.032238 0.0370608 0.0417091 0.0459145 0.049409 0.0519447 0.053246 0.0531194 0.0514412 0.0481639 0.0433471 0.0371613 0.0298294 0.0216764 0.0130523 0.00429035 -0.00424721 -0.0122175 -0.0193476 -0.0254213 -0.0302623 -0.0338053 -0.0360205 -0.0369653 -0.0367691 -0.0356138 -0.0336631 -0.0311282 -0.0282234 -0.0251513 -0.0220946 -0.0191814 -0.0164826 -0.0140442 -0.011932 -0.0101399 -0.00863633 -0.00736027 -0.00630171 -0.00542419 -0.00471061 -0.00409427 -0.00355729 -0.00308381 -0.00268885 -0.00232939 -0.00199408 -0.00167695 -0.00140154 -0.00114525 -0.000898357 -0.000653769 -0.000433605 -0.000228914 -2.76621e-05 0.000178764 0.000369407 0.000546816 0.000725779 0.000914485 0.00109212 0.00126003 0.00143343 0.00162119 0.00180249 0.00197861 0.00216244 0.00236877 0.00257611 0.00278386 0.003002 0.00325791 0.00352942 0.00381493 0.00412369 0.00450045 0.00493142 0.00542693 0.00599934 0.00671204 0.00758382 0.00865431 0.00993075 0.0114728 0.0133213 0.0155036 0.0179653 0.0206739 0.0235751 0.0265653 0.0294761 0.0321204 0.0342836 0.0357464 0.0363323 0.0358473 0.0341345 0.0311051 0.0267585 0.0211267 0.0143619 0.00666144 -0.00171983 -0.0104509 -0.0191577 -0.0275015 -0.0351294 -0.0417013 -0.0469623 -0.0507101 -0.0528584 -0.0534407 -0.0525622 -0.0503912 -0.0471912 -0.0432107 -0.0387255 -0.0340118 -0.0292851 -0.0247498 -0.0205729 -0.0168401 -0.0136017 -0.010889 -0.00863502 -0.00681965 -0.00539348 -0.00427584 -0.00344145 -0.00282582 -0.00237857 -0.00206177 -0.00184699 -0.00169224 -0.00159376 -0.00153512 -0.0014894 -0.00147549 -0.00145637 -0.00144883 -0.0014442 -0.0014323 -0.00143596 -0.00142168 -0.00142717 -0.00142534 -0.00141501 -0.00142626 -0.00140839 -0.00141129 -0.00141112 -0.00139708 -0.00141287 -0.0014022 -0.00140636 -0.00141442 -0.00139897 -0.00141062 -0.00139943 
