0 0 0 0 0 0 0 0 0 0 0 0 0 0 0 0 0 0 0 0 0 0 0 0 0 0 0 0 0 0 0 0 0 0 0 0 0 0 0 0 0 0 0 0 0 0 0 0 0 0 0 0 0 0 0 0 0 0 0 0 0 0 0 0 0 0 0 0 0 0 0 0 0 0 0 0 0 0 0 0 0 0 0 0 0 0 0 0 0 0 0 0 0 0 0 0 0 0 0 0 0 0 0 0 0 0 0 0 0 0 0 0 0 0 0 0 0 0 0 0 0 0 0 0 0 0 0 0 0 0 0 0 0 0 0 0 0 0 0 0 0 0 0 0 0 0 0 0 0 0 0 0 0 0 0 0 0 0 0 0 0 0 0 0 0 0 0 0 0 0 0 0 0 0 0 0 0 0 0 0 0 0 0 0 0 0 0 0 0 0 0 0 0 0 0 0 0 0 0 0 
0 1.90006e-06 1.6954e-06 4.8453e-06 3.67449e-06 5.1029e-06 5.71746e-06 5.54876e-06 1.16952e-05 5.94102e-06 1.03185e-05 1.43378e-05 1.95799e-06 1.97456e-05 1.80057e-05 9.02692e-06 3.35334e-05 1.28029e-05 9.47816e-06 2.75483e-05 7.7834e-06 2.29366e-05 3.25741e-05 2.57258e-05 2.6971e-05 2.47805e-05 3.52619e-05 2.57597e-05 3.7002e-05 4.12603e-05 2.32617e-05 3.09955e-05 3.12896e-05 5.2551e-05 4.14044e-05 2.71107e-05 5.33419e-05 5.04761e-05 5.2621e-05 4.75021e-05 5.5979e-05 5.5794e-05 5.3469e-05 6.55225e-05 5.02277e-05 6.51495e-05 6.46782e-05 6.39181e-05 6.80741e-05 7.3272e-05 7.92569e-05 7.13852e-05 9.14879e-05 8.52766e-05 8.97674e-05 9.57343e-05 0.0001029 0.000101816 0.000103309 0.000120777 0.000113919 0.000124831 0.000134085 0.000154602 0.000161341 0.000194817 0.000239764 0.000290427 0.000364049 0.00046993 0.000611665 0.000769701 0.000988033 0.00125277 0.00157637 0.00193992 0.00238332 0.00287599 0.00340218 0.00392361 0.0044327 0.00487688 0.00520911 0.00539935 0.00543521 0.00529252 0.00493453 0.00437035 0.00363091 0.00277889 0.00185518 0.000938451 9.05712e-05 -0.000609857 -0.00113629 -0.00144141 -0.00151722 -0.00135179 -0.00100932 -0.000545637 -4.39243e-05 0.000456224 0.000872743 0.00114528 0.00119634 0.00102266 0.000621207 3.20941e-05 -0.000727173 -0.00158542 -0.00248385 -0.00334048 -0.00411332 -0.00473547 -0.00516829 -0.00538735 -0.00542389 -0.00530018 -0.00503002 -0.0046336 -0.00415711 -0.00365377 -0.00313743 -0.00264146 -0.00218645 -0.00180846 -0.00147294 -0.00119415 -0.000960416 -0.000791581 -0.000640698 -0.000525891 -0.000441242 -0.000387073 -0.000335995 -0.000297895 -0.000285258 -0.000265042 -0.000251767 -0.000237235 -0.000243834 -0.000224857 -0.00022227 -0.000220122 -0.000217308 -0.000207697 -0.000205331 -0.000212259 -0.000194468 -0.000202452 -0.00019746 -0.000197248 -0.000188297 -0.000193641 -0.0001921 -0.000178169 -0.000189752 -0.000174876 -0.000179266 -0.000176232 -0.000170524 -0.000163111 -0.000166661 -0.000182294 -0.000153217 -0.000158315 -0.000166593 -0.000170131 -0.000169115 -0.000147566 -0.000162157 -0.000159669 -0.000156048 -0.000156233 -0.000152721 -0.000151013 -0.00013566 -0.000159351 -0.000154315 -0.00014132 -0.000164539 -0.000142016 -0.000141274 -0.000154843 -0.000139888 -0.000147568 -0.000146319 -0.000140649 -0.00014199 -0.000140049 -0.000145984 -0.000142617 -0.000145935 -0.000148009 -0.000136811 -0.000142226 -0.000139501 -0.000133856 -0.000146347 -0.000140102 
0 1.6954e-06 1.56335e-06 6.65659e-06 6.81672e-06 8.92695e-06 1.69557e-05 1.08706e-05 1.5482e-05 2.33614e-05 1.42673e-05 2.79605e-05 3.10819e-05 1.91548e-05 3.21683e-05 2.62107e-05 2.24276e-05 4.00875e-05 4.28307e-05 4.63223e-05 4.91723e-05 4.80642e-05 4.22169e-05 3.91941e-05 5.80549e-05 5.92068e-05 4.82383e-05 6.52366e-05 6.32497e-05 5.03777e-05 8.32056e-05 9.32931e-05 6.85822e-05 7.09027e-05 8.54325e-05 9.45678e-05 8.75517e-05 8.56359e-05 8.71926e-05 0.000100913 0.000110726 9.4729e-05 0.000116281 0.000122124 0.000119939 0.000130416 0.000137101 0.000141324 0.000136524 0.000161028 0.000148931 0.000155589 0.000169763 0.000169705 0.000173344 0.000179466 0.000202699 0.000187165 0.000211747 0.000222836 0.000235166 0.000241979 0.000274532 0.00030896 0.000329992 0.000402381 0.000481592 0.00060086 0.000733048 0.000963748 0.00122472 0.00156491 0.00198229 0.00252581 0.00315747 0.00389624 0.00477215 0.00575235 0.00679878 0.00783159 0.00884805 0.00971521 0.0103868 0.0107496 0.0108342 0.0105266 0.0098326 0.008695 0.00725018 0.00553989 0.00372907 0.00189289 0.000232249 -0.00117834 -0.00220534 -0.00283185 -0.00296853 -0.00266922 -0.00198453 -0.00109419 -9.02439e-05 0.000872892 0.00170415 0.00221492 0.00232824 0.00196194 0.00118194 -8.40931e-06 -0.00149438 -0.0032144 -0.00497493 -0.00669439 -0.00820516 -0.00945672 -0.0102962 -0.0107549 -0.0108121 -0.0105818 -0.0100288 -0.00925669 -0.00830058 -0.00730494 -0.00627144 -0.0052861 -0.00438171 -0.0036157 -0.00295357 -0.00238293 -0.00193131 -0.0015692 -0.00128791 -0.00103857 -0.000887683 -0.000758348 -0.000673326 -0.000589506 -0.000566518 -0.000529502 -0.000499306 -0.000485615 -0.000479218 -0.00046752 -0.000442426 -0.000457132 -0.000435528 -0.000429113 -0.000418663 -0.000423256 -0.000402583 -0.000394656 -0.00040259 -0.000378908 -0.000380118 -0.000374115 -0.000372009 -0.00035595 -0.000365631 -0.000363328 -0.000342282 -0.000355392 -0.000352282 -0.000350135 -0.000339408 -0.000330829 -0.00033579 -0.000343857 -0.000329753 -0.000298196 -0.000319804 -0.000332083 -0.000307409 -0.000310862 -0.000314381 -0.000302228 -0.000307945 -0.000317871 -0.000311384 -0.000300192 -0.000295341 -0.000296706 -0.000290233 -0.000293074 -0.000301918 -0.000289415 -0.000289171 -0.000294213 -0.000286217 -0.000290404 -0.000294853 -0.000288341 -0.000283016 -0.000285299 -0.000278797 -0.000275962 -0.000289881 -0.000283112 -0.000284207 -0.000293739 -0.000277224 -0.000282828 
0 4.8453e-06 6.65659e-06 1.05571e-05 1.18601e-05 1.51681e-05 1.77791e-05 1.94989e-05 2.73286e-05 2.52794e-05 2.97928e-05 3.6701e-05 2.86808e-05 4.47062e-05 4.83888e-05 4.23178e-05 6.43194e-05 5.03798e-05 4.75197e-05 6.52917e-05 5.19427e-05 6.80243e-05 8.05002e-05 7.61485e-05 8.13128e-05 8.18951e-05 9.06751e-05 8.95547e-05 0.000101492 0.000103848 9.52693e-05 0.000104042 0.000105214 0.000130477 0.000124874 0.000114655 0.000141598 0.000144801 0.000148588 0.00014997 0.000162045 0.000161583 0.000168216 0.000182576 0.000171095 0.000190726 0.000196957 0.000199753 0.000207943 0.000223926 0.000230794 0.000230813 0.000258899 0.000258952 0.00026828 0.000283414 0.000301169 0.000302308 0.000317079 0.00034551 0.000350484 0.000373949 0.000409194 0.000458736 0.000501668 0.000597049 0.000726298 0.000891207 0.00111604 0.00143753 0.00184909 0.00234918 0.00299532 0.00379445 0.00475215 0.00586142 0.00717063 0.00862977 0.0101799 0.0117292 0.0132208 0.014516 0.0154933 0.0160531 0.0161512 0.0157048 0.0146502 0.0129931 0.0108382 0.00833114 0.00563423 0.00294457 0.000470459 -0.00160034 -0.00314395 -0.00405825 -0.0042914 -0.0038566 -0.00289257 -0.00158655 -0.000141981 0.00127254 0.00245315 0.00319767 0.00333141 0.00279951 0.00162035 -0.000127484 -0.00234486 -0.00486415 -0.00748635 -0.0100087 -0.012262 -0.0140866 -0.015354 -0.0160234 -0.0161387 -0.0157758 -0.0149756 -0.0138203 -0.0124241 -0.01093 -0.00940388 -0.0079365 -0.00659432 -0.005444 -0.00444629 -0.00360556 -0.00291561 -0.00238122 -0.00194061 -0.0015919 -0.00133958 -0.00115905 -0.00101506 -0.000905816 -0.000851347 -0.000798049 -0.000756468 -0.000725179 -0.000719186 -0.000688243 -0.000670615 -0.000665302 -0.000651672 -0.00063307 -0.00062392 -0.00062619 -0.000599868 -0.000600076 -0.000594372 -0.000584019 -0.000571262 -0.000572273 -0.000565818 -0.000545205 -0.000553362 -0.000536513 -0.000531261 -0.000527487 -0.000516987 -0.000505732 -0.000506793 -0.00051581 -0.000485561 -0.000488894 -0.000495435 -0.00049148 -0.000490309 -0.000470829 -0.00047603 -0.000474092 -0.000469809 -0.000464672 -0.000459672 -0.000455532 -0.000440349 -0.000459381 -0.000453848 -0.000442676 -0.0004596 -0.000438386 -0.000437419 -0.000446343 -0.000432579 -0.000438615 -0.000435469 -0.000428626 -0.000429457 -0.000427181 -0.000430488 -0.000429752 -0.000431539 -0.000430923 -0.000423647 -0.000424785 -0.000421677 -0.000417239 -0.00042273 -0.000424053 
0 3.67449e-06 6.81672e-06 1.18601e-05 1.64438e-05 2.07747e-05 2.40584e-05 2.85961e-05 3.39673e-05 3.51874e-05 4.21688e-05 4.68574e-05 4.59783e-05 5.65001e-05 5.76386e-05 5.79976e-05 7.21451e-05 6.99517e-05 7.49479e-05 8.71719e-05 8.30956e-05 9.05697e-05 9.75134e-05 9.8958e-05 0.000105152 0.00011014 0.000118454 0.000119493 0.000127839 0.000137131 0.000138284 0.000146973 0.00015068 0.00016226 0.000165841 0.000165803 0.000182271 0.000185407 0.000191586 0.000200086 0.000209309 0.000217475 0.000224409 0.000239151 0.000240891 0.000255618 0.000266815 0.000271917 0.000285733 0.000296715 0.000308764 0.000314762 0.000335614 0.000344558 0.000355019 0.00037519 0.00038989 0.00040482 0.000421421 0.000452559 0.000469797 0.000503158 0.000550363 0.000611184 0.000688158 0.000808263 0.000983565 0.00120672 0.00152097 0.00194197 0.0024922 0.00317043 0.00403494 0.00509601 0.00636882 0.00785737 0.00958419 0.011508 0.0135422 0.0155904 0.017534 0.0192273 0.0204988 0.02124 0.0213488 0.0207483 0.0193523 0.0171947 0.014379 0.0111077 0.00758401 0.0040802 0.000846721 -0.00186493 -0.00389478 -0.00510049 -0.00543178 -0.00490875 -0.00370681 -0.0020507 -0.000208387 0.00159089 0.00307503 0.0039977 0.00414012 0.00342999 0.00187399 -0.000419652 -0.00332098 -0.00660404 -0.0100297 -0.0133225 -0.0162668 -0.0186405 -0.0203085 -0.0211985 -0.0213699 -0.0208868 -0.0198433 -0.0183307 -0.0165129 -0.0145367 -0.0125315 -0.0105958 -0.00882865 -0.00728513 -0.00595724 -0.00483872 -0.00391896 -0.00319209 -0.00260183 -0.00214399 -0.00179683 -0.00155048 -0.00135623 -0.00122095 -0.00113109 -0.00106563 -0.00101208 -0.000974562 -0.000954965 -0.000923691 -0.000904857 -0.000887777 -0.000874707 -0.000851794 -0.000840849 -0.000830281 -0.000810004 -0.000800889 -0.000788341 -0.00077792 -0.000761099 -0.000757038 -0.000744807 -0.000731716 -0.000728688 -0.000715359 -0.00070959 -0.000701603 -0.000696118 -0.000684051 -0.000679411 -0.000678936 -0.000662772 -0.000660002 -0.000654161 -0.000649017 -0.000643374 -0.000633141 -0.000634483 -0.000627796 -0.000622373 -0.000618861 -0.000616556 -0.000613436 -0.000604219 -0.000608539 -0.000600853 -0.000592296 -0.000598867 -0.000588794 -0.000586314 -0.000589637 -0.000581374 -0.000581554 -0.000580697 -0.000577271 -0.000576372 -0.000574356 -0.000573646 -0.000569556 -0.000569097 -0.000569168 -0.000564263 -0.000567192 -0.000568592 -0.000566022 -0.00056821 -0.000563941 
0 5.1029e-06 8.92695e-06 1.51681e-05 2.07747e-05 2.31603e-05 3.30934e-05 3.65604e-05 3.63306e-05 5.14596e-05 4.87489e-05 5.31719e-05 7.3996e-05 5.93177e-05 7.14404e-05 8.66828e-05 6.62e-05 9.54703e-05 0.000104114 9.33531e-05 0.000120596 0.000113519 0.000112847 0.000123542 0.000133136 0.000144704 0.000137417 0.000160118 0.00015672 0.00015578 0.000185702 0.000188943 0.00019662 0.000182904 0.00020638 0.000231236 0.000215722 0.000230857 0.000235678 0.000257001 0.000260301 0.000268586 0.000286859 0.000287645 0.000315206 0.00031345 0.000332868 0.000344899 0.000356639 0.000373482 0.000380159 0.000407138 0.000408464 0.00043578 0.000446898 0.000467943 0.000486401 0.00050669 0.000536549 0.000554254 0.000598544 0.000631229 0.000695878 0.000764192 0.000879398 0.00102761 0.00124207 0.00153794 0.00193416 0.00246812 0.00314589 0.00402209 0.00509579 0.00642887 0.00800916 0.00988376 0.0120146 0.0143863 0.0168852 0.019406 0.0217774 0.0238324 0.0253862 0.0262853 0.0264047 0.0256338 0.0239238 0.0212883 0.0178749 0.0138835 0.00961051 0.00534363 0.00141938 -0.00190563 -0.0043831 -0.00588474 -0.00631904 -0.00576612 -0.00437969 -0.00245706 -0.00027668 0.00182194 0.00355019 0.00458223 0.00471547 0.00381076 0.00190574 -0.000915889 -0.00444127 -0.00844244 -0.0125965 -0.0166155 -0.0201854 -0.0230805 -0.0251139 -0.0262355 -0.0264588 -0.0258771 -0.0245967 -0.0227621 -0.0205447 -0.0181159 -0.0156495 -0.0132666 -0.0110894 -0.00915154 -0.00750026 -0.00609752 -0.00495794 -0.00402095 -0.00329184 -0.00271161 -0.00227933 -0.00194991 -0.00171391 -0.00154523 -0.0014186 -0.00133841 -0.00126906 -0.00123165 -0.00118345 -0.00116505 -0.00113191 -0.00111317 -0.00108925 -0.00107121 -0.00105538 -0.00102836 -0.00102439 -0.000996054 -0.000989112 -0.000967193 -0.000960308 -0.000942564 -0.000926458 -0.000925575 -0.000901487 -0.00090433 -0.000882116 -0.000877029 -0.000871343 -0.00086442 -0.000852697 -0.00082507 -0.000846718 -0.000833244 -0.00081404 -0.000801124 -0.000797897 -0.000812912 -0.000784351 -0.000783473 -0.000781562 -0.000770412 -0.000771092 -0.000766156 -0.000774293 -0.000746064 -0.000746556 -0.000756754 -0.000727028 -0.000746125 -0.00074371 -0.000722532 -0.000736416 -0.000725841 -0.000721343 -0.000726853 -0.000721754 -0.000719669 -0.000713538 -0.000714205 -0.000709008 -0.000706992 -0.000716371 -0.000707004 -0.0007077 -0.000714515 -0.000701881 -0.000706936 
0 5.71746e-06 1.69557e-05 1.77791e-05 2.40584e-05 3.30934e-05 3.10713e-05 4.4569e-05 5.09675e-05 4.96627e-05 6.81801e-05 6.47793e-05 6.79924e-05 8.82196e-05 8.46056e-05 9.86512e-05 0.000110643 0.00010533 0.000111159 0.000114244 0.000125459 0.000132857 0.000148002 0.000166246 0.000153446 0.000164189 0.000184653 0.000178285 0.000193868 0.000215052 0.000200022 0.000198883 0.000232645 0.000247836 0.000247157 0.00025171 0.000267338 0.000288582 0.00030126 0.000301012 0.000310367 0.000337878 0.00033804 0.000348457 0.000369123 0.000377406 0.000391486 0.000409389 0.000431093 0.000435109 0.00046624 0.00048467 0.000496643 0.000523613 0.000546553 0.000569045 0.000582485 0.000625861 0.00064297 0.000675921 0.000717852 0.00077448 0.000835682 0.000926686 0.00107423 0.00125005 0.00151587 0.00187191 0.00237422 0.00299954 0.00383662 0.00488759 0.00620021 0.0077834 0.00969319 0.0119332 0.0144691 0.0172624 0.0202037 0.023168 0.0259266 0.0283211 0.0301173 0.0311715 0.0312693 0.0303492 0.0283207 0.0252721 0.0212939 0.0166795 0.011709 0.00678194 0.00220685 -0.00165487 -0.00457426 -0.00633807 -0.00692316 -0.00636858 -0.00489897 -0.00277137 -0.000367303 0.00196594 0.0038295 0.00492995 0.00499121 0.00391045 0.00164901 -0.00163597 -0.00575541 -0.0103789 -0.0152129 -0.0198603 -0.02402 -0.0273646 -0.0297616 -0.0310849 -0.0313891 -0.0307049 -0.029227 -0.0270861 -0.0245128 -0.021657 -0.0187585 -0.0159528 -0.0133729 -0.0110606 -0.00907096 -0.00740466 -0.00601974 -0.00489661 -0.0039973 -0.00331856 -0.00277345 -0.0023786 -0.00208062 -0.00188474 -0.00171734 -0.00161261 -0.0015384 -0.00147865 -0.00142626 -0.0013893 -0.00136908 -0.00132378 -0.00130658 -0.00128286 -0.00126346 -0.00123221 -0.00122395 -0.00120645 -0.00117804 -0.00117297 -0.00115427 -0.00113745 -0.0011205 -0.00111579 -0.00108948 -0.00107545 -0.00107626 -0.00105149 -0.00103415 -0.00102571 -0.00102293 -0.00101354 -0.000996292 -0.000977095 -0.000983326 -0.000996401 -0.000965875 -0.0009456 -0.000958472 -0.000948669 -0.000932688 -0.00093913 -0.000922724 -0.000903445 -0.000908238 -0.00090757 -0.000905975 -0.000899806 -0.000897608 -0.000889877 -0.000877152 -0.000885484 -0.000878603 -0.000870818 -0.000874357 -0.000862509 -0.000858771 -0.000860654 -0.000860897 -0.000860412 -0.000860359 -0.000860075 -0.000849467 -0.000851593 -0.000847816 -0.000838453 -0.000851497 -0.000847683 
0 5.54876e-06 1.08706e-05 1.94989e-05 2.85961e-05 3.65604e-05 4.4569e-05 5.16691e-05 5.63454e-05 6.55015e-05 7.28847e-05 7.74835e-05 9.1778e-05 9.33474e-05 9.76614e-05 0.000112328 0.000108984 0.000127184 0.000143284 0.000141774 0.000161758 0.000159996 0.000159735 0.000176694 0.000181665 0.000196344 0.000206673 0.000213373 0.000220692 0.000235327 0.000250961 0.00026242 0.000277565 0.000268357 0.00028712 0.000313353 0.000308674 0.000321906 0.000337583 0.000352041 0.000363848 0.000387069 0.000396839 0.000408856 0.000441938 0.000446367 0.00046435 0.000488378 0.000506405 0.000515966 0.000542782 0.000569049 0.00057403 0.000608153 0.000634031 0.000655214 0.000677481 0.000723049 0.000752389 0.000783445 0.000846265 0.000910478 0.000989115 0.00110138 0.00128275 0.00149884 0.00181112 0.00224825 0.00283735 0.00358428 0.00456146 0.0058113 0.00734226 0.00919733 0.0114188 0.0140241 0.0169429 0.0201378 0.0234918 0.0268525 0.0299684 0.0326515 0.0346735 0.035836 0.0359195 0.0348302 0.0325294 0.0290858 0.0246331 0.0194528 0.0138997 0.00837382 0.00324863 -0.00111448 -0.004415 -0.00645773 -0.00719727 -0.00672274 -0.00523116 -0.00302061 -0.000476614 0.00196471 0.00389261 0.00496578 0.00493376 0.00364278 0.00106915 -0.00265719 -0.00728163 -0.012474 -0.017877 -0.0230941 -0.0277474 -0.0315162 -0.034221 -0.0357574 -0.0361243 -0.0353783 -0.0337103 -0.0313105 -0.0284016 -0.025166 -0.0218591 -0.0186529 -0.0156854 -0.0130016 -0.0106858 -0.00873509 -0.0071192 -0.00578602 -0.00473418 -0.0039245 -0.00328754 -0.00280464 -0.00245716 -0.00221768 -0.00201907 -0.00189054 -0.00180235 -0.0017366 -0.00166708 -0.00163315 -0.00160296 -0.00155869 -0.00153031 -0.00150949 -0.00148321 -0.0014441 -0.00143623 -0.00140815 -0.00137908 -0.00136267 -0.00134734 -0.00131993 -0.00129985 -0.0012976 -0.00126757 -0.00125722 -0.00124705 -0.00122993 -0.00121969 -0.00121242 -0.00119365 -0.00117239 -0.0011832 -0.00116333 -0.00114015 -0.00113468 -0.00112275 -0.00112072 -0.00111061 -0.00109877 -0.00108751 -0.0010873 -0.00108167 -0.00107553 -0.00107861 -0.00105494 -0.00105071 -0.00104961 -0.00103284 -0.00104121 -0.00103396 -0.00102335 -0.00102581 -0.00101733 -0.00101578 -0.00101737 -0.00101336 -0.00100866 -0.00100468 -0.000998584 -0.000993953 -0.000994134 -0.000991483 -0.000996445 -0.000999401 -0.000995056 -0.000996321 -0.000988325 
0 1.16952e-05 1.5482e-05 2.73286e-05 3.39673e-05 3.63306e-05 5.09675e-05 5.63454e-05 6.20732e-05 7.96924e-05 7.92831e-05 8.85311e-05 0.000107728 0.000102429 0.000118921 0.000134736 0.000126249 0.000147806 0.000156083 0.000153695 0.000177027 0.000183689 0.000191793 0.000204988 0.000215941 0.000227325 0.000230791 0.000250814 0.000258129 0.000263617 0.000281342 0.000292416 0.000310608 0.000310186 0.000332122 0.000357704 0.000355078 0.000377099 0.000392745 0.000408552 0.000421786 0.000439278 0.0004572 0.00046643 0.000499003 0.000506125 0.000527049 0.00055576 0.000572057 0.000594838 0.000619018 0.000653407 0.000663623 0.000701656 0.000733042 0.000754763 0.000789287 0.000829423 0.000871407 0.000903231 0.000978551 0.00104923 0.00114499 0.00128183 0.00148842 0.00175256 0.00211462 0.00263618 0.00331204 0.00419179 0.00531647 0.00676593 0.00852176 0.0106547 0.0131902 0.0161465 0.0194391 0.0230126 0.0267504 0.0304604 0.0338978 0.0368288 0.0390435 0.0402804 0.0403405 0.0390881 0.036544 0.0327499 0.0278958 0.0222402 0.0162045 0.0101734 0.00458296 -0.000214092 -0.00385536 -0.00617204 -0.00709739 -0.00676473 -0.00534077 -0.00315688 -0.000594241 0.00183939 0.00373069 0.00469957 0.00452436 0.0030085 0.00014437 -0.00397096 -0.00902789 -0.0147044 -0.0205812 -0.0262757 -0.0313438 -0.0354848 -0.0384618 -0.040197 -0.0406275 -0.0398475 -0.0380201 -0.0354003 -0.0321907 -0.0286243 -0.0249432 -0.0213656 -0.0180241 -0.0149895 -0.012352 -0.0101169 -0.00826575 -0.00672659 -0.00551808 -0.00456842 -0.00383821 -0.00326515 -0.00286319 -0.00256833 -0.00234211 -0.00218234 -0.00207449 -0.00199527 -0.0019122 -0.00187236 -0.0018268 -0.0017862 -0.00174406 -0.00172351 -0.00169009 -0.00165231 -0.00163905 -0.0016077 -0.00158406 -0.00155822 -0.00154704 -0.00151605 -0.00149645 -0.00148666 -0.00145647 -0.00144604 -0.00142498 -0.00140862 -0.00139019 -0.00138176 -0.00136441 -0.00133781 -0.00134421 -0.00132624 -0.00130968 -0.00130107 -0.00129117 -0.00128804 -0.00126676 -0.00126202 -0.00125519 -0.00124198 -0.0012331 -0.00122351 -0.00122323 -0.00120442 -0.00120435 -0.00120747 -0.00118399 -0.00119129 -0.00118676 -0.00116858 -0.00117695 -0.00116788 -0.00115802 -0.00116098 -0.00115288 -0.00114876 -0.0011483 -0.00114576 -0.00114537 -0.00114444 -0.00114143 -0.00113525 -0.00113227 -0.00113208 -0.00113011 -0.00113346 
0 5.94102e-06 2.33614e-05 2.52794e-05 3.51874e-05 5.14596e-05 4.96627e-05 6.55015e-05 7.96924e-05 7.48236e-05 9.86709e-05 0.000106818 9.99487e-05 0.000131442 0.000132071 0.000133865 0.000168926 0.000159316 0.000167463 0.000190422 0.000186113 0.000205237 0.000220701 0.000236583 0.000239453 0.000245097 0.000275805 0.000269239 0.000291795 0.000317226 0.000311024 0.000323295 0.000336845 0.000377755 0.000377127 0.000376356 0.000410892 0.00042392 0.000450776 0.000450066 0.000476462 0.00049973 0.000510922 0.000540464 0.000547845 0.00058353 0.000594665 0.000625764 0.000648377 0.000668452 0.000706789 0.000722035 0.00076286 0.000782311 0.000827373 0.000851193 0.000891798 0.000938108 0.000976524 0.00103842 0.00109994 0.00120291 0.00130438 0.00148306 0.00170748 0.00202809 0.00245456 0.00304943 0.003833 0.00483411 0.0061359 0.00775918 0.00976778 0.0121602 0.0150242 0.0182979 0.0219601 0.0258786 0.0299656 0.0339758 0.037687 0.0408311 0.0431849 0.0444748 0.0444831 0.0430975 0.0403188 0.0362452 0.0310429 0.0250334 0.0185955 0.0121843 0.00619527 0.0010633 -0.00290102 -0.00546396 -0.00663366 -0.00648187 -0.00524193 -0.00317812 -0.000753056 0.00157159 0.00329674 0.00410565 0.00370924 0.00197423 -0.00118382 -0.00560659 -0.0110426 -0.0170873 -0.0233627 -0.029411 -0.0348349 -0.0392675 -0.0425012 -0.0443936 -0.044907 -0.0441017 -0.0421653 -0.0393515 -0.0358874 -0.0320314 -0.0280149 -0.0240955 -0.0203868 -0.0170301 -0.0140603 -0.0115562 -0.00944076 -0.00771968 -0.00632412 -0.00524736 -0.00439732 -0.00375118 -0.00327585 -0.00292457 -0.00267253 -0.00247476 -0.00235665 -0.00224419 -0.00217628 -0.0021048 -0.00206586 -0.00201298 -0.00197357 -0.00194288 -0.00190083 -0.00187779 -0.00183576 -0.00182166 -0.00178022 -0.00176375 -0.0017347 -0.00170937 -0.00169384 -0.0016606 -0.00165115 -0.00161727 -0.0016137 -0.00158781 -0.00156309 -0.00155168 -0.00153605 -0.0015374 -0.00149236 -0.00148448 -0.00148767 -0.00147587 -0.00145593 -0.00142597 -0.00144104 -0.00142172 -0.00140586 -0.0014081 -0.00138696 -0.00137814 -0.0013645 -0.00137353 -0.00136128 -0.00134138 -0.00135719 -0.00132983 -0.00132271 -0.00133726 -0.00131266 -0.00131432 -0.00131526 -0.00129737 -0.00129946 -0.00129903 -0.00129356 -0.00129132 -0.00128927 -0.00128563 -0.0012803 -0.00128152 -0.00127837 -0.00127409 -0.00127877 -0.00127542 
0 1.03185e-05 1.42673e-05 2.97928e-05 4.21688e-05 4.87489e-05 6.81801e-05 7.28847e-05 7.92831e-05 9.86709e-05 9.84861e-05 0.000114355 0.00013085 0.000131726 0.00015008 0.000155829 0.000164508 0.000181303 0.000195715 0.000216019 0.000217788 0.000235416 0.000241236 0.000237208 0.000274897 0.000283969 0.000289979 0.000316652 0.000321451 0.000329718 0.00035724 0.000388434 0.000386835 0.000391522 0.000415823 0.000438546 0.000461643 0.000462032 0.00048132 0.000513643 0.00053318 0.00054792 0.000573094 0.00060227 0.000617935 0.000649418 0.000673218 0.000695899 0.000724321 0.00075498 0.000780508 0.00080786 0.00084777 0.000874643 0.000912128 0.00095088 0.00099643 0.00103754 0.00109469 0.00116199 0.00123895 0.00134627 0.00148668 0.00168547 0.0019468 0.00232181 0.00282008 0.00349808 0.00438106 0.00553322 0.00699293 0.00881977 0.0110566 0.0137411 0.0168987 0.0204994 0.0244905 0.028745 0.0331264 0.0373978 0.0413327 0.044645 0.0470966 0.0483965 0.0483537 0.0468334 0.0438698 0.0395501 0.0341007 0.0278143 0.0211059 0.0143939 0.00812908 0.00271308 -0.00150418 -0.00433987 -0.00576148 -0.00588228 -0.00489167 -0.0030981 -0.00092121 0.00113519 0.00261432 0.0031542 0.00250915 0.000505532 -0.0028989 -0.00759764 -0.013303 -0.0196467 -0.0261926 -0.0325175 -0.0381878 -0.0428722 -0.0463021 -0.0483461 -0.0489268 -0.0481325 -0.0461182 -0.0431555 -0.0394785 -0.0353743 -0.0310733 -0.0268273 -0.0227888 -0.0191044 -0.0158372 -0.0130347 -0.0106793 -0.00874506 -0.00718597 -0.00594848 -0.00499229 -0.00425638 -0.00370963 -0.00329621 -0.00300688 -0.00278748 -0.00263209 -0.00251226 -0.00243024 -0.00235698 -0.00229624 -0.00225126 -0.00220545 -0.00216284 -0.0021222 -0.00209409 -0.00205084 -0.00201976 -0.00199086 -0.0019597 -0.00192669 -0.00190349 -0.0018784 -0.00184668 -0.0018337 -0.0018081 -0.00178124 -0.0017657 -0.00175861 -0.00173117 -0.00170429 -0.00169542 -0.00168362 -0.00167474 -0.00163951 -0.00161637 -0.00162116 -0.00161446 -0.00158706 -0.00157174 -0.00157347 -0.00154788 -0.00154979 -0.00155453 -0.00152635 -0.00152007 -0.001508 -0.0014981 -0.00149341 -0.00148716 -0.00148502 -0.00146738 -0.00146648 -0.00146242 -0.00145289 -0.00146017 -0.00145 -0.00144379 -0.00144098 -0.00143092 -0.00142832 -0.00142356 -0.00142685 -0.00142652 -0.00142588 -0.00142963 -0.00141961 -0.00141922 
0 1.43378e-05 2.79605e-05 3.6701e-05 4.68574e-05 5.31719e-05 6.47793e-05 7.74835e-05 8.85311e-05 0.000106818 0.000114355 0.000126598 0.000140761 0.000147671 0.000166077 0.000176622 0.000190662 0.000202171 0.000206834 0.000225417 0.000230618 0.000253755 0.000277933 0.000280358 0.000306531 0.000311727 0.000318102 0.000347935 0.000357881 0.000372153 0.000388862 0.000400098 0.000417103 0.000449465 0.000468253 0.000474594 0.000506184 0.000525244 0.000543356 0.00057159 0.000586186 0.000604333 0.000635761 0.000659704 0.000673868 0.000710039 0.000739863 0.000760104 0.000796692 0.000834914 0.00086011 0.000895647 0.000943272 0.000973066 0.00101107 0.00106214 0.00110933 0.00115086 0.00121846 0.00129625 0.00137885 0.00149983 0.0016709 0.00189488 0.00219403 0.0026276 0.00320379 0.0039652 0.00496296 0.00626528 0.00789869 0.00992573 0.0124068 0.0153753 0.0188278 0.0227361 0.0270412 0.0315988 0.0362357 0.0407238 0.0448337 0.0482708 0.0507692 0.0520535 0.0519424 0.0503103 0.0471876 0.0426896 0.0370641 0.0306108 0.0237278 0.0168327 0.0103804 0.00476957 0.000330148 -0.0027674 -0.00448677 -0.00493286 -0.00429536 -0.00288452 -0.00110613 0.000559855 0.00167381 0.0018741 0.000914555 -0.00136986 -0.00501358 -0.00991937 -0.01582 -0.0223535 -0.029078 -0.0355685 -0.0414089 -0.0462687 -0.0498609 -0.0520234 -0.0526795 -0.0519114 -0.0498654 -0.0467935 -0.042953 -0.0386437 -0.0341017 -0.0295648 -0.0252181 -0.0212284 -0.0176689 -0.0145805 -0.0119745 -0.00983321 -0.00809739 -0.00670388 -0.0056258 -0.00480138 -0.00417411 -0.00369583 -0.00336222 -0.00311417 -0.00292372 -0.00278375 -0.00269082 -0.00260509 -0.00252856 -0.00247961 -0.00243098 -0.00237613 -0.00233355 -0.00230474 -0.00225794 -0.00222086 -0.00219704 -0.00216269 -0.00212502 -0.00210605 -0.00207914 -0.00204115 -0.00202341 -0.0020015 -0.00196896 -0.00194533 -0.00192808 -0.0018986 -0.0018849 -0.00186876 -0.00183512 -0.00182706 -0.00182043 -0.00180067 -0.00178266 -0.00177223 -0.00175277 -0.00174322 -0.00174205 -0.00171155 -0.00170169 -0.00169179 -0.00167157 -0.0016763 -0.00166539 -0.00165579 -0.00164871 -0.00163639 -0.00163287 -0.00162392 -0.00162154 -0.00161242 -0.00160213 -0.00159773 -0.00158704 -0.00158657 -0.00158241 -0.00158428 -0.00158669 -0.00157608 -0.00157782 -0.00156564 -0.00155789 -0.00156454 -0.0015553 -0.00156603 
0 1.95799e-06 3.10819e-05 2.86808e-05 4.59783e-05 7.3996e-05 6.79924e-05 9.1778e-05 0.000107728 9.99487e-05 0.00013085 0.000140761 0.000140495 0.000174146 0.000175923 0.000183556 0.000215538 0.000217178 0.000233056 0.000256131 0.000262174 0.000276264 0.000290118 0.000310291 0.000320516 0.000335613 0.000364295 0.000371325 0.0003903 0.000414527 0.000434409 0.000445254 0.000456723 0.000500139 0.000504909 0.000513878 0.000552223 0.000567903 0.000593478 0.000614242 0.000642761 0.00066577 0.000697575 0.000728977 0.000741566 0.000789554 0.000813045 0.000838825 0.000877124 0.000912785 0.000943899 0.000974756 0.00103251 0.00105648 0.00110404 0.00115932 0.00121024 0.00126212 0.00133569 0.00143364 0.00152066 0.00167209 0.00186631 0.00212942 0.00247105 0.00297028 0.00362814 0.00447864 0.00560521 0.00705292 0.00887319 0.0110967 0.0138336 0.0170688 0.0208147 0.025006 0.0296053 0.0344232 0.0392766 0.0439341 0.0481685 0.0516801 0.0541766 0.0554199 0.0552242 0.0535009 0.0502487 0.045643 0.0399132 0.0333987 0.0264351 0.0194747 0.012923 0.00720421 0.00257125 -0.000776114 -0.00283733 -0.00365951 -0.00347809 -0.00255865 -0.00132507 -0.000167835 0.000462141 0.000253327 -0.00108564 -0.00366233 -0.00754132 -0.0125889 -0.0186125 -0.0252267 -0.0320401 -0.0385901 -0.0445254 -0.0494815 -0.0531973 -0.0554463 -0.0561839 -0.0554546 -0.0534176 -0.0502787 -0.0463227 -0.0418495 -0.0371029 -0.0323136 -0.0276787 -0.0234039 -0.0195512 -0.0161911 -0.013321 -0.0109732 -0.00904263 -0.0074976 -0.00628075 -0.00536301 -0.00464852 -0.00410413 -0.00372224 -0.00343708 -0.00322317 -0.0030546 -0.00295834 -0.00285504 -0.00277705 -0.00271651 -0.00266875 -0.00260811 -0.0025578 -0.00253068 -0.00247258 -0.00243703 -0.00240062 -0.00236784 -0.00232116 -0.00229554 -0.00227071 -0.00222378 -0.00220858 -0.00217714 -0.00215313 -0.00212911 -0.00210611 -0.00208092 -0.002061 -0.0020565 -0.00201182 -0.00199713 -0.00199451 -0.00196498 -0.00194478 -0.00192664 -0.00192206 -0.00189956 -0.00188226 -0.00188002 -0.00186246 -0.00185233 -0.00183969 -0.00183491 -0.00181933 -0.00180026 -0.00180832 -0.00178591 -0.00177372 -0.0017844 -0.00175772 -0.00175563 -0.0017623 -0.00173942 -0.00174681 -0.0017467 -0.00172494 -0.00172946 -0.00172127 -0.00170979 -0.00172027 -0.00171434 -0.00171366 -0.00171936 -0.00170738 -0.00170804 
0 1.97456e-05 1.91548e-05 4.47062e-05 5.65001e-05 5.93177e-05 8.82196e-05 9.33474e-05 0.000102429 0.000131442 0.000131726 0.000147671 0.000174146 0.000172817 0.000194437 0.000215246 0.000214487 0.000237578 0.000257723 0.000269397 0.000288275 0.000306505 0.000321164 0.000324408 0.000354861 0.000379179 0.000379773 0.00041419 0.000427701 0.000433942 0.000463673 0.000494146 0.000519247 0.000513568 0.00054403 0.000583458 0.000601593 0.000620771 0.00063349 0.00068113 0.000699432 0.000722709 0.0007579 0.000780387 0.000820436 0.000843829 0.000887673 0.000910288 0.000954691 0.000996103 0.00102271 0.00107678 0.00111306 0.00116541 0.00120075 0.00127062 0.00131981 0.00138037 0.00146878 0.00156069 0.00168377 0.00183546 0.00207795 0.00235801 0.00277066 0.0033225 0.00407125 0.0050247 0.00627998 0.00789324 0.00988644 0.0123447 0.015311 0.018837 0.0228393 0.0273298 0.0321701 0.0372341 0.042248 0.0470478 0.0513475 0.0548873 0.0573411 0.0585145 0.0582328 0.0564197 0.0530934 0.0484269 0.0426918 0.0361838 0.0292628 0.0223156 0.0157846 0.0100002 0.00523805 0.00161448 -0.000789791 -0.00207788 -0.00241257 -0.00212698 -0.00153356 -0.00103613 -0.000964855 -0.00169111 -0.00343078 -0.0063486 -0.0104208 -0.0155894 -0.0216299 -0.0282554 -0.0350355 -0.0415787 -0.0475048 -0.0525059 -0.0562769 -0.0586034 -0.0594109 -0.0587449 -0.0567455 -0.053586 -0.0495691 -0.0449647 -0.0400659 -0.0350449 -0.030177 -0.0256093 -0.0215026 -0.0178519 -0.0147519 -0.0121615 -0.0100566 -0.00833764 -0.00699289 -0.00596104 -0.00515716 -0.00455215 -0.0040995 -0.00378964 -0.00352594 -0.00335528 -0.00321612 -0.00312 -0.00301952 -0.00295522 -0.00289856 -0.00282958 -0.00278635 -0.0027326 -0.00269648 -0.0026371 -0.00261177 -0.00256636 -0.00252659 -0.00249745 -0.00245659 -0.00243277 -0.00239316 -0.00237482 -0.00233139 -0.00231196 -0.00229735 -0.00225847 -0.00223348 -0.00220573 -0.00220863 -0.00217788 -0.00213891 -0.00212743 -0.0021201 -0.00211048 -0.00207098 -0.00206494 -0.00205551 -0.00202621 -0.00202796 -0.00201579 -0.00199595 -0.00197869 -0.00197209 -0.00196586 -0.00194465 -0.00194909 -0.00193821 -0.00191424 -0.00192255 -0.0019109 -0.00189705 -0.00190392 -0.001888 -0.00187965 -0.00188394 -0.00187044 -0.00186869 -0.00187055 -0.00186013 -0.00186163 -0.00185972 -0.0018529 -0.00185643 -0.0018525 
0 1.80057e-05 3.21683e-05 4.83888e-05 5.76386e-05 7.14404e-05 8.46056e-05 9.76614e-05 0.000118921 0.000132071 0.00015008 0.000166077 0.000175923 0.000194437 0.000209106 0.000226408 0.000243164 0.00026203 0.0002748 0.000282377 0.000310537 0.000321055 0.000345042 0.000380278 0.000379145 0.000401439 0.000420377 0.000433618 0.000463758 0.000485772 0.000506929 0.000511024 0.000541162 0.000578448 0.000603167 0.000622921 0.000632967 0.000680788 0.000706905 0.000726607 0.00075548 0.000783702 0.000821574 0.000843544 0.000885728 0.000912353 0.000952991 0.000992796 0.00102791 0.00107555 0.00111148 0.00116666 0.00120494 0.00126215 0.00131101 0.00137203 0.00143582 0.0015044 0.0016003 0.0017007 0.00184645 0.00202429 0.00228788 0.00261866 0.00308594 0.00371123 0.00454171 0.0056175 0.00700765 0.00878295 0.0109686 0.0136539 0.0168685 0.0206518 0.0249267 0.0296736 0.0347485 0.0399948 0.0451546 0.0500353 0.0543661 0.0578707 0.0602561 0.0613306 0.0609579 0.0590681 0.0557077 0.0510505 0.0453777 0.0389697 0.0321734 0.0253506 0.0189109 0.0131384 0.00826315 0.00438646 0.00159438 -0.000198158 -0.00115347 -0.00158383 -0.00176046 -0.00201182 -0.00261748 -0.0039177 -0.00612416 -0.00938092 -0.0136528 -0.018884 -0.0248879 -0.0314211 -0.0380909 -0.0445328 -0.0503832 -0.0553517 -0.0591307 -0.0615079 -0.0623847 -0.0617995 -0.0598582 -0.056732 -0.0526894 -0.0480117 -0.0429755 -0.0377829 -0.0326911 -0.0278747 -0.023497 -0.0195908 -0.0162413 -0.013421 -0.0111158 -0.00923147 -0.00774719 -0.00658824 -0.00569576 -0.005015 -0.00450497 -0.00413843 -0.00385115 -0.00365202 -0.00348915 -0.00337852 -0.00327232 -0.00319795 -0.00312513 -0.00306385 -0.00300869 -0.0029504 -0.00290952 -0.00285476 -0.00281851 -0.00276841 -0.00273739 -0.00269466 -0.00265767 -0.00262764 -0.00258545 -0.00256259 -0.00252708 -0.00249918 -0.00245761 -0.00244278 -0.00242563 -0.00238281 -0.00235993 -0.00233702 -0.00233466 -0.00230957 -0.00227706 -0.00225955 -0.00224853 -0.0022402 -0.00221051 -0.00220383 -0.00217858 -0.00215254 -0.00215954 -0.00214025 -0.00212974 -0.00212156 -0.00210335 -0.00209428 -0.0020863 -0.00208273 -0.00206932 -0.00206206 -0.00205343 -0.00203873 -0.00203697 -0.0020279 -0.00202701 -0.00202739 -0.00201974 -0.00202025 -0.00200945 -0.00200427 -0.00200194 -0.00199428 -0.0020007 -0.00199872 
0 9.02692e-06 2.62107e-05 4.23178e-05 5.79976e-05 8.66828e-05 9.86512e-05 0.000112328 0.000134736 0.000133865 0.000155829 0.000176622 0.000183556 0.000215246 0.000226408 0.000239478 0.000262381 0.00027694 0.000299739 0.000314034 0.000344008 0.000351339 0.000358781 0.000397621 0.000395706 0.000430305 0.000466625 0.000466686 0.000502142 0.000517254 0.000543961 0.000573935 0.000591416 0.000616443 0.000632456 0.000669972 0.000687843 0.000723743 0.000755526 0.000769528 0.000822246 0.000849469 0.000881374 0.000917404 0.000958392 0.000992962 0.0010252 0.00108004 0.00110599 0.00115469 0.00120298 0.00124804 0.00129584 0.00135173 0.00141695 0.00146733 0.00154928 0.00163008 0.00172962 0.00185 0.00201623 0.00223044 0.00251155 0.00290785 0.00343024 0.0041358 0.00505395 0.00626157 0.00779443 0.00973146 0.0121233 0.0150342 0.0185001 0.0225225 0.0270667 0.0320411 0.0373238 0.0427072 0.0479821 0.0528966 0.0572126 0.0606337 0.0629212 0.0638773 0.0634059 0.061456 0.0581022 0.0535197 0.047975 0.0417484 0.035158 0.0285528 0.0222718 0.0165687 0.0116035 0.00748813 0.00427954 0.00193582 0.000275095 -0.000951818 -0.00199686 -0.00308258 -0.00446137 -0.00639961 -0.00912211 -0.0127235 -0.0171913 -0.022446 -0.0283617 -0.0347188 -0.0412018 -0.0474616 -0.0531713 -0.0580373 -0.0617759 -0.0641758 -0.0651217 -0.0646283 -0.062768 -0.0597147 -0.0556897 -0.0509828 -0.0458385 -0.0405151 -0.0352257 -0.0301896 -0.0255432 -0.0213975 -0.0177946 -0.0147468 -0.0122243 -0.0101741 -0.00854023 -0.00724668 -0.00625643 -0.00549487 -0.00492735 -0.00449286 -0.00418615 -0.00395195 -0.00377253 -0.00363819 -0.00353482 -0.00344812 -0.00336111 -0.00330736 -0.00324016 -0.00318169 -0.00312642 -0.00308276 -0.00302755 -0.00297567 -0.00294548 -0.0028884 -0.0028532 -0.00281607 -0.00278036 -0.00273733 -0.00271166 -0.0026903 -0.00264132 -0.00262829 -0.00259599 -0.00257119 -0.00255218 -0.00251928 -0.00249678 -0.0024681 -0.00245827 -0.0024266 -0.0024127 -0.00239327 -0.00235571 -0.00236963 -0.00234531 -0.00232527 -0.00232569 -0.00229534 -0.00228496 -0.00227351 -0.00226597 -0.00224965 -0.00223498 -0.00223416 -0.00220814 -0.00220969 -0.00220802 -0.00219248 -0.00220253 -0.00218545 -0.00217459 -0.00217135 -0.00215442 -0.00215841 -0.00215461 -0.00215564 -0.00215986 -0.00215143 -0.00215357 -0.00214304 
0 3.35334e-05 2.24276e-05 6.43194e-05 7.21451e-05 6.62e-05 0.000110643 0.000108984 0.000126249 0.000168926 0.000164508 0.000190662 0.000215538 0.000214487 0.000243164 0.000262381 0.000276278 0.000296695 0.000314997 0.000338919 0.000350935 0.000380315 0.000407902 0.000413697 0.000444974 0.000468909 0.000479648 0.000504274 0.000535457 0.000556479 0.000564186 0.000612594 0.000645408 0.000645961 0.00068993 0.000724133 0.00075017 0.000779388 0.000804805 0.000841154 0.000874584 0.000912469 0.000933129 0.000980048 0.00102638 0.00105015 0.00110414 0.00114931 0.00119278 0.00123686 0.00129934 0.00134681 0.00139249 0.0014683 0.00152262 0.00158859 0.00166679 0.00176788 0.00186449 0.00200277 0.00219632 0.00242909 0.00275275 0.00319432 0.00379777 0.00456741 0.00560195 0.00693508 0.00862708 0.0107327 0.0133386 0.0164878 0.020191 0.024464 0.0292468 0.0344483 0.0398852 0.0453951 0.0507273 0.0556558 0.0598931 0.06321 0.0653586 0.0661925 0.0656096 0.0636239 0.0603137 0.0558638 0.0505103 0.0445317 0.038228 0.0319074 0.0258506 0.0202471 0.0152274 0.0108707 0.00723953 0.00428413 0.00186368 -0.000243961 -0.00221442 -0.00422158 -0.00643586 -0.00908799 -0.0123504 -0.0163173 -0.0209601 -0.0262233 -0.0319975 -0.0381225 -0.0443402 -0.0503541 -0.055857 -0.0605617 -0.064213 -0.0666038 -0.0676205 -0.067219 -0.065472 -0.0625092 -0.0585604 -0.0538465 -0.0486515 -0.0432094 -0.037779 -0.0325277 -0.0276515 -0.0232571 -0.0194241 -0.0161383 -0.013402 -0.011177 -0.00938647 -0.0079633 -0.00685313 -0.00602301 -0.00537282 -0.00488973 -0.0045318 -0.00427871 -0.00406418 -0.00390971 -0.00379936 -0.00369325 -0.0036031 -0.0035302 -0.00347387 -0.00339282 -0.0033439 -0.00329423 -0.00323533 -0.00318601 -0.00314679 -0.00310372 -0.00304721 -0.00302584 -0.00298173 -0.00293666 -0.00290676 -0.00287173 -0.00284129 -0.00280373 -0.00277363 -0.00273651 -0.00272615 -0.00269978 -0.00264828 -0.00264715 -0.00263248 -0.00259729 -0.00257694 -0.00256627 -0.00254783 -0.00251572 -0.00250944 -0.00249139 -0.00246371 -0.00245823 -0.00244299 -0.00242999 -0.00241417 -0.00240594 -0.00240038 -0.0023755 -0.0023834 -0.00237354 -0.00234209 -0.00235561 -0.00233328 -0.00231654 -0.00234003 -0.00231405 -0.00231579 -0.00232788 -0.00229423 -0.00230598 -0.00230168 -0.00227927 -0.00230424 -0.00229129 
0 1.28029e-05 4.00875e-05 5.03798e-05 6.99517e-05 9.54703e-05 0.00010533 0.000127184 0.000147806 0.000159316 0.000181303 0.000202171 0.000217178 0.000237578 0.00026203 0.00027694 0.000296695 0.000325886 0.000337761 0.000356581 0.000384768 0.000395948 0.000420786 0.000456505 0.000472654 0.000489841 0.000520951 0.000542507 0.000564214 0.000601167 0.000629754 0.0006436 0.000661885 0.000707391 0.000749246 0.000761419 0.000783965 0.000830532 0.000873113 0.000895 0.000932832 0.00097438 0.0010081 0.0010559 0.00109283 0.00113269 0.0011796 0.00123235 0.0012718 0.00132207 0.00138746 0.00143111 0.0014926 0.00156115 0.00163155 0.00169542 0.00179197 0.00189879 0.00200875 0.00217247 0.0023842 0.00265832 0.00301277 0.00352733 0.00418887 0.0050561 0.00619408 0.00767127 0.00951672 0.0118043 0.0146294 0.0180056 0.0219539 0.0264513 0.0314741 0.0368505 0.0424346 0.048012 0.0533876 0.058264 0.0624056 0.0655672 0.0675713 0.0682561 0.0675754 0.0655667 0.0623439 0.0580728 0.0529672 0.0473016 0.0413458 0.0353734 0.0295752 0.0241096 0.0190456 0.0144683 0.0103887 0.00679617 0.00355006 0.000524 -0.00243466 -0.00540219 -0.00852442 -0.0119284 -0.0157742 -0.0201013 -0.0249236 -0.0301687 -0.0357816 -0.0416213 -0.0475228 -0.0532275 -0.0584708 -0.0629652 -0.0664849 -0.068845 -0.0699144 -0.0696232 -0.0679932 -0.0651638 -0.0613049 -0.0566442 -0.0514116 -0.0459062 -0.0403369 -0.0349213 -0.0298102 -0.0251939 -0.021114 -0.0176034 -0.0146402 -0.012229 -0.0102762 -0.00870795 -0.00748511 -0.00655369 -0.00584121 -0.00528359 -0.00489239 -0.00459475 -0.00436634 -0.00418361 -0.00406419 -0.00395047 -0.0038486 -0.00377584 -0.00370537 -0.00363342 -0.0035664 -0.00352162 -0.00345441 -0.00340091 -0.00335646 -0.00330654 -0.0032561 -0.00321294 -0.00317495 -0.00312857 -0.00309949 -0.00305568 -0.0030132 -0.00299419 -0.00296935 -0.00292429 -0.00288421 -0.00287562 -0.00285782 -0.00281939 -0.00278359 -0.00276736 -0.00275536 -0.00272551 -0.00270482 -0.00269062 -0.00266221 -0.00264332 -0.00264081 -0.00262169 -0.00259959 -0.00259264 -0.00257411 -0.00255789 -0.0025538 -0.00253975 -0.00252321 -0.00251752 -0.00250943 -0.00249456 -0.00249347 -0.00248771 -0.00247264 -0.0024749 -0.00246549 -0.00245412 -0.00246017 -0.00244881 -0.00244578 -0.00245149 -0.00243876 -0.00244277 
