0 0 0 0 0 0 0 0 0 0 0 0 0 0 0 0 0 0 0 0 0 0 0 0 0 0 0 0 0 0 0 0 0 0 0 0 0 0 0 0 0 0 0 0 0 0 0 0 0 0 0 0 0 0 0 0 0 0 0 0 0 0 0 0 0 0 0 0 0 0 0 0 0 0 0 0 0 0 0 0 0 0 0 0 0 0 0 0 0 0 0 0 0 0 0 0 0 0 0 0 0 0 0 0 0 0 0 0 0 0 0 0 0 0 0 0 0 0 0 0 0 0 0 0 0 0 0 0 0 0 0 0 0 0 0 0 0 0 0 0 0 0 0 0 0 0 0 0 0 0 0 0 0 0 0 0 0 0 0 0 0 0 0 0 0 0 0 0 0 0 0 0 0 0 0 0 0 0 0 0 0 0 0 0 0 0 0 0 0 0 0 0 0 0 0 0 0 0 0 0 
0 -4.68473e-06 6.97708e-06 -7.42972e-06 1.42375e-06 5.0672e-06 -4.28974e-06 1.10152e-05 3.05964e-06 1.76067e-06 9.56101e-06 -3.54212e-06 2.22016e-06 3.81897e-06 -1.76055e-06 8.60405e-06 8.02077e-06 6.51245e-06 1.11442e-05 6.57878e-06 4.3984e-06 6.31714e-06 6.72112e-06 6.5442e-06 9.3591e-06 1.13083e-05 5.16895e-06 9.49307e-06 1.31249e-05 1.25296e-05 2.57007e-05 3.50487e-05 4.21852e-05 5.86303e-05 9.24422e-05 0.000125918 0.00018662 0.000281396 0.000370452 0.000510652 0.000689625 0.000899943 0.00116357 0.00147911 0.00183403 0.00221466 0.00264788 0.00307988 0.00349103 0.00382327 0.00406635 0.00420308 0.00416963 0.00396783 0.00358778 0.00305121 0.00233679 0.0015204 0.000627116 -0.000269481 -0.00110174 -0.001832 -0.002423 -0.0028573 -0.00310237 -0.00319948 -0.00312199 -0.00293995 -0.00267813 -0.0023913 -0.00206947 -0.00176584 -0.00148284 -0.00123558 -0.00103795 -0.000879519 -0.000745044 -0.000623712 -0.000552307 -0.000488259 -0.000439394 -0.000382087 -0.000354971 -0.000315475 -0.000298743 -0.000267571 -0.000249377 -0.000215752 -0.000212719 -0.000193167 -0.000175488 -0.000146776 -0.000149975 -0.000134807 -0.000116502 -9.28857e-05 -9.84924e-05 -8.37704e-05 -6.50105e-05 -4.54052e-05 -5.17231e-05 -3.50618e-05 -1.59735e-05 1.35732e-06 -4.74877e-06 1.57373e-05 3.49106e-05 5.21483e-05 4.79851e-05 7.36675e-05 9.22533e-05 0.000112899 0.00011466 0.000145763 0.000163655 0.000194145 0.000209261 0.000246516 0.000269562 0.000322512 0.00036706 0.000425778 0.000484576 0.00059327 0.000713763 0.000857464 0.00103249 0.00125999 0.00152247 0.00181284 0.00212655 0.00241733 0.00269044 0.00290071 0.0030231 0.00298289 0.00280346 0.00243765 0.00191528 0.00124242 0.000461489 -0.000404216 -0.00128224 -0.00210831 -0.00284992 -0.0034266 -0.00384713 -0.00409664 -0.0041909 -0.00410233 -0.00389198 -0.00358484 -0.00321125 -0.00280133 -0.00236614 -0.00197633 -0.00162332 -0.00130985 -0.00103431 -0.000821007 -0.000632093 -0.000476652 -0.000381565 -0.000290108 -0.000224067 -0.00018025 -0.000146012 -0.000119502 -0.000108949 -0.000106699 -9.52469e-05 -9.58309e-05 -9.29825e-05 -8.78954e-05 -8.91476e-05 -9.15182e-05 -9.26631e-05 -8.98092e-05 -9.35478e-05 -8.76959e-05 -8.22796e-05 -8.90695e-05 -8.14631e-05 -8.45537e-05 -9.29856e-05 -8.2687e-05 -9.12436e-05 -9.04499e-05 -8.01423e-05 -9.22971e-05 -8.24271e-05 -8.27298e-05 -9.19307e-05 -7.86883e-05 -8.93306e-05 -8.67464e-05 -7.98368e-05 -9.22149e-05 -8.17118e-05 -8.59544e-05 
0 6.97708e-06 -3.57173e-06 8.82354e-06 6.54391e-06 -2.60418e-06 1.00011e-05 -3.52553e-06 -5.45978e-07 1.00074e-05 -2.25832e-06 1.54584e-05 1.34936e-05 8.17781e-06 1.85409e-05 5.21216e-06 6.88161e-06 6.95058e-06 8.32144e-06 9.52992e-06 1.60658e-05 2.19593e-05 7.0661e-06 2.67926e-05 1.25728e-05 1.04781e-05 3.7433e-05 1.33935e-05 3.33028e-05 3.69383e-05 2.97248e-05 5.43946e-05 7.87532e-05 0.000123749 0.000176521 0.000274184 0.000378357 0.000536634 0.000761166 0.0010371 0.00139441 0.00180998 0.00234452 0.00294351 0.00364861 0.00446139 0.00529827 0.00613094 0.00693088 0.00764229 0.00812206 0.00836448 0.0082987 0.00790564 0.00716961 0.00607391 0.00467123 0.00303609 0.00127842 -0.000515021 -0.00216835 -0.00362447 -0.00480702 -0.00566701 -0.00617595 -0.00635828 -0.00623095 -0.00585925 -0.00536201 -0.00477599 -0.00415476 -0.00353905 -0.00298477 -0.00248647 -0.00209298 -0.00177356 -0.00150038 -0.00126658 -0.00111054 -0.00099157 -0.000879444 -0.000781381 -0.000707856 -0.000646462 -0.000593174 -0.000548825 -0.00049318 -0.000446107 -0.000418742 -0.000396224 -0.000344457 -0.00030598 -0.000292082 -0.000276549 -0.000226603 -0.000195977 -0.000188505 -0.000172863 -0.000123982 -9.96744e-05 -9.44983e-05 -7.5289e-05 -2.61697e-05 -6.04462e-06 -8.37287e-08 2.50272e-05 7.5542e-05 9.45089e-05 0.00010557 0.0001384 0.000190403 0.000214315 0.000238095 0.000279723 0.000333519 0.000375378 0.000424743 0.000479923 0.000545488 0.000633008 0.000736944 0.000842154 0.000975508 0.00118147 0.0014294 0.00171625 0.00206944 0.00252627 0.00304498 0.00363363 0.00424391 0.00483858 0.00536344 0.00579444 0.00601291 0.0059486 0.00556996 0.00485093 0.00380021 0.00246507 0.000910046 -0.00082004 -0.00255897 -0.00421152 -0.00566147 -0.00684064 -0.00767743 -0.00817724 -0.00833233 -0.00818303 -0.00780108 -0.00716809 -0.00639694 -0.0055763 -0.00476963 -0.00396396 -0.00324183 -0.00261631 -0.00206872 -0.00163141 -0.00126073 -0.000984952 -0.000743432 -0.00056683 -0.000450024 -0.000357965 -0.000298125 -0.000257006 -0.000238445 -0.000194551 -0.00020036 -0.000193489 -0.000172208 -0.000197728 -0.000176303 -0.000174731 -0.000178898 -0.000168556 -0.000173551 -0.00017615 -0.000183001 -0.000174616 -0.000184683 -0.000176315 -0.000166842 -0.000180383 -0.000162181 -0.000172852 -0.000176379 -0.000164876 -0.000180364 -0.000169674 -0.000170182 -0.000176429 -0.000166309 -0.000173572 -0.000171992 -0.000166779 -0.000173625 -0.000170559 
0 -7.42972e-06 8.82354e-06 -7.14967e-06 4.12322e-06 8.7079e-06 -7.27436e-07 1.7997e-05 8.52274e-06 8.61837e-06 1.63422e-05 1.86507e-06 9.11686e-06 1.05099e-05 6.74822e-06 1.90499e-05 2.00991e-05 1.94847e-05 2.48301e-05 1.97513e-05 1.70595e-05 2.03312e-05 2.00508e-05 2.31175e-05 2.61573e-05 2.89593e-05 2.59853e-05 2.91537e-05 4.0259e-05 4.58215e-05 6.92798e-05 9.88826e-05 0.000128602 0.000183858 0.000277434 0.000394567 0.000574606 0.000836042 0.00113655 0.00155332 0.00208527 0.00272371 0.00351162 0.00444232 0.00549934 0.00666037 0.00792635 0.00919741 0.010399 0.011399 0.0121188 0.0124943 0.0123963 0.0117971 0.0106788 0.00906814 0.00697408 0.00455324 0.00192458 -0.000722674 -0.00319238 -0.00536205 -0.00712654 -0.00841894 -0.00918214 -0.00947419 -0.009289 -0.00876887 -0.00802247 -0.00716718 -0.00623478 -0.00533053 -0.00449189 -0.0037555 -0.00315636 -0.00267093 -0.00226028 -0.00191028 -0.00167383 -0.00148177 -0.00132275 -0.00116779 -0.00106573 -0.000961507 -0.000893555 -0.000812637 -0.000744531 -0.000664006 -0.000632693 -0.000582398 -0.000523273 -0.000456705 -0.000442488 -0.0004038 -0.000347991 -0.000293135 -0.000286349 -0.000249567 -0.000195049 -0.000148706 -0.000144334 -0.000103863 -4.88847e-05 -6.97059e-06 -1.57551e-06 4.6858e-05 0.000103807 0.000146487 0.000157986 0.000217911 0.000277822 0.000329947 0.000357465 0.000431473 0.000497317 0.000575641 0.000638159 0.000734381 0.000824785 0.000966424 0.00111121 0.00128365 0.00148539 0.00179661 0.00216555 0.00260365 0.00314045 0.00381711 0.0046 0.00546584 0.00637942 0.00724727 0.00803495 0.00864236 0.00896201 0.00884049 0.00827128 0.00718225 0.0056166 0.00361984 0.00129517 -0.00126064 -0.00385241 -0.00630078 -0.00847314 -0.0102005 -0.0114493 -0.0121956 -0.0124563 -0.0122214 -0.0116123 -0.010702 -0.00958805 -0.00836853 -0.00711153 -0.00593888 -0.00487721 -0.00393791 -0.00312359 -0.00246686 -0.00190856 -0.00146068 -0.00114193 -0.000875772 -0.000680543 -0.000545061 -0.000443863 -0.000371833 -0.000336223 -0.000313271 -0.000292087 -0.000286205 -0.00027596 -0.000270672 -0.000268616 -0.00027151 -0.000273103 -0.000268642 -0.000272248 -0.000264021 -0.000256987 -0.000262827 -0.000255138 -0.000257675 -0.000267742 -0.000256884 -0.000264874 -0.000265302 -0.000251691 -0.000265521 -0.000254426 -0.000253222 -0.000265154 -0.00024841 -0.000261127 -0.000258157 -0.000250251 -0.000264812 -0.000248761 -0.000257851 
0 1.42375e-06 6.54391e-06 4.12322e-06 6.35705e-06 6.17661e-06 5.93635e-06 8.41891e-06 7.12378e-06 1.15302e-05 1.32537e-05 1.55018e-05 1.94551e-05 1.87761e-05 1.9879e-05 1.95391e-05 1.87476e-05 1.96165e-05 2.30298e-05 2.39491e-05 2.81572e-05 3.17913e-05 2.86647e-05 3.53428e-05 3.30245e-05 3.5254e-05 4.50795e-05 4.34987e-05 5.64328e-05 6.66509e-05 8.27266e-05 0.000119324 0.000170514 0.000252679 0.000373687 0.000545804 0.000781693 0.00111126 0.00154076 0.00209995 0.00280534 0.00366078 0.00470552 0.00592747 0.00733052 0.00889379 0.0105508 0.0122101 0.0137772 0.0151127 0.0160629 0.0165288 0.0163948 0.0156068 0.0141384 0.0119987 0.00925497 0.00606501 0.00261733 -0.000863495 -0.00412387 -0.00699333 -0.00933377 -0.0110501 -0.0120928 -0.0124915 -0.0122923 -0.0116334 -0.0106789 -0.00955204 -0.00834221 -0.00714741 -0.00604129 -0.00506523 -0.00426066 -0.00360186 -0.00304859 -0.00259132 -0.00225693 -0.00199679 -0.00177497 -0.00157988 -0.00142777 -0.00129805 -0.00119323 -0.00109322 -0.000993187 -0.000901284 -0.000841098 -0.000778682 -0.000696888 -0.000623579 -0.000584418 -0.000536755 -0.000463564 -0.000403172 -0.000373869 -0.000329782 -0.000260434 -0.000208488 -0.000182595 -0.000135764 -6.63295e-05 -1.81194e-05 9.34176e-06 6.36727e-05 0.00013689 0.00018733 0.000222836 0.000289136 0.000369917 0.000432692 0.000487511 0.000571194 0.000666512 0.000761708 0.000858242 0.000975638 0.00111207 0.00128854 0.00148951 0.00171992 0.00201024 0.00241519 0.00291259 0.00350599 0.00423252 0.00513017 0.00616788 0.00731469 0.00850564 0.00965232 0.01067 0.0114496 0.0118291 0.0116584 0.0108724 0.00942492 0.00734349 0.00470428 0.0016292 -0.00173365 -0.00514085 -0.00836652 -0.0112111 -0.0135066 -0.0151604 -0.0161472 -0.0164778 -0.0161977 -0.0154137 -0.0142097 -0.012731 -0.0111234 -0.0094958 -0.00793392 -0.00651225 -0.00526027 -0.00418222 -0.00329454 -0.00256055 -0.00197675 -0.00152095 -0.00116913 -0.000913943 -0.000730999 -0.000602229 -0.000514203 -0.000459441 -0.000414773 -0.000394449 -0.000381079 -0.000367352 -0.000369416 -0.000360034 -0.000356849 -0.000356267 -0.000350557 -0.000352736 -0.000352905 -0.000353058 -0.000353338 -0.000353027 -0.00034934 -0.000348409 -0.000346794 -0.000343723 -0.000346537 -0.000343549 -0.000345023 -0.000345453 -0.000342454 -0.000345333 -0.000341882 -0.000342976 -0.000342102 -0.000340734 -0.000344809 -0.000339696 -0.00034216 
0 5.0672e-06 -2.60418e-06 8.7079e-06 6.17661e-06 5.8806e-06 1.57614e-05 6.47472e-06 1.3319e-05 1.70446e-05 1.06363e-05 2.20351e-05 1.97055e-05 1.96689e-05 2.76103e-05 2.29207e-05 2.61068e-05 2.91184e-05 2.87764e-05 3.11473e-05 3.52243e-05 3.72625e-05 3.50683e-05 4.35475e-05 4.14086e-05 4.22237e-05 5.65435e-05 5.46671e-05 6.85132e-05 8.8968e-05 0.000108879 0.000154052 0.000223138 0.000327157 0.00047372 0.000698603 0.000999173 0.00140222 0.00195546 0.00265155 0.00352986 0.00460883 0.00591242 0.00743331 0.00917449 0.0111166 0.0131542 0.0152013 0.0171165 0.0187532 0.019917 0.0204676 0.0202973 0.0193162 0.017501 0.0148526 0.0114909 0.00756683 0.00333762 -0.000934158 -0.00495652 -0.00850406 -0.0114086 -0.0135463 -0.0148779 -0.0153989 -0.0152134 -0.0144483 -0.0133101 -0.011932 -0.0104621 -0.00899052 -0.00762319 -0.00641294 -0.00539709 -0.00455761 -0.00385783 -0.00329412 -0.00285332 -0.00251839 -0.00223117 -0.00199655 -0.001792 -0.00163616 -0.00149228 -0.00137182 -0.0012422 -0.00114129 -0.00104877 -0.000971399 -0.000871882 -0.000794425 -0.000725846 -0.00066631 -0.000581828 -0.000517459 -0.000460689 -0.000407115 -0.000329369 -0.000272042 -0.000219401 -0.000164997 -8.75295e-05 -3.19333e-05 2.30758e-05 8.34776e-05 0.000166922 0.000227346 0.000292322 0.00036431 0.000461198 0.000537351 0.00062409 0.000716815 0.000839746 0.000953696 0.00108712 0.00122726 0.00141287 0.00162439 0.00188357 0.00217827 0.0025664 0.00306503 0.00369369 0.00444914 0.00537235 0.00648679 0.00777417 0.00918926 0.0106411 0.0120464 0.0132708 0.0141894 0.0145978 0.0143573 0.0133402 0.0115311 0.00894042 0.00567446 0.00187186 -0.00225762 -0.0064419 -0.0104099 -0.0138954 -0.0167304 -0.0187743 -0.0200009 -0.0204072 -0.0200834 -0.019123 -0.017651 -0.01584 -0.0138577 -0.0118597 -0.00992324 -0.00815791 -0.00660084 -0.00526519 -0.00414313 -0.00322826 -0.00250367 -0.00191799 -0.00148378 -0.00116167 -0.000924257 -0.000759612 -0.000649707 -0.000575805 -0.000518844 -0.000497283 -0.000475495 -0.000459791 -0.000461517 -0.000450613 -0.000447218 -0.00044683 -0.000443598 -0.000441024 -0.000441923 -0.000442903 -0.000435688 -0.000440788 -0.000436838 -0.000430512 -0.000439124 -0.000429723 -0.000431484 -0.000436768 -0.000425825 -0.000433802 -0.00043082 -0.000424634 -0.000433781 -0.000426146 -0.000427229 -0.000430197 -0.000422973 -0.000429933 -0.000426651 
0 -4.28974e-06 1.00011e-05 -7.27436e-07 5.93635e-06 1.57614e-05 3.5981e-06 2.0752e-05 1.98562e-05 1.30698e-05 2.86364e-05 1.48832e-05 1.96311e-05 2.71787e-05 1.9603e-05 3.33656e-05 3.50151e-05 3.72327e-05 3.8917e-05 4.2118e-05 3.83698e-05 3.62768e-05 5.32082e-05 3.83279e-05 5.55675e-05 6.35522e-05 4.69139e-05 7.81055e-05 7.7677e-05 0.000100523 0.000147509 0.000196944 0.000280853 0.000399771 0.000594691 0.000845082 0.00122549 0.00173095 0.00237635 0.00321942 0.00427104 0.00558147 0.00712416 0.00896553 0.0110453 0.0133103 0.0157277 0.0181558 0.0204135 0.0222864 0.0236521 0.0242911 0.024079 0.0229032 0.0207364 0.017628 0.0136681 0.00906854 0.00409046 -0.000910499 -0.00566398 -0.00986094 -0.0133135 -0.0158773 -0.0174969 -0.0181769 -0.0180224 -0.0172066 -0.0158999 -0.014316 -0.0125924 -0.0108749 -0.00924663 -0.00781512 -0.00657919 -0.00555359 -0.00470457 -0.00402619 -0.00347917 -0.00305201 -0.0027069 -0.00241682 -0.00217345 -0.001973 -0.00180413 -0.00164374 -0.00150416 -0.00137669 -0.00126687 -0.00115462 -0.00105776 -0.000960049 -0.000875761 -0.000786084 -0.000709555 -0.000626311 -0.000554307 -0.000474919 -0.000406952 -0.000329693 -0.000261813 -0.000184599 -0.000117206 -3.88792e-05 3.18477e-05 0.000113668 0.00018824 0.000275728 0.000357082 0.000451245 0.000543878 0.000652251 0.000756232 0.000876088 0.00100657 0.00115831 0.00131372 0.00149591 0.00171565 0.0019789 0.00228591 0.00266363 0.00314685 0.00375019 0.00450925 0.00543534 0.00656247 0.00788678 0.00942329 0.0110815 0.012789 0.0144123 0.0158308 0.0168344 0.0172554 0.016903 0.015655 0.0134711 0.0103878 0.00651266 0.0020109 -0.00283147 -0.0077546 -0.0124092 -0.016522 -0.0198442 -0.0222693 -0.0237265 -0.0242371 -0.0238646 -0.0227161 -0.0210201 -0.018915 -0.016583 -0.0141851 -0.0119179 -0.00982504 -0.007958 -0.006367 -0.00501648 -0.00391871 -0.00302141 -0.00234635 -0.00181668 -0.00141215 -0.00112999 -0.000921874 -0.00078365 -0.000684307 -0.000645537 -0.000592192 -0.000568544 -0.000568654 -0.000534166 -0.000546692 -0.000542728 -0.000534247 -0.000540986 -0.000533815 -0.000529164 -0.000522219 -0.000528383 -0.000517055 -0.000523051 -0.000529693 -0.000513955 -0.000530058 -0.00051877 -0.000513254 -0.000525832 -0.000508552 -0.000518284 -0.000518585 -0.000507189 -0.000520101 -0.000512452 -0.00051013 -0.000518188 -0.000508538 -0.000512999 
0 1.10152e-05 -3.52553e-06 1.7997e-05 8.41891e-06 6.47472e-06 2.0752e-05 5.21278e-06 1.8459e-05 2.00609e-05 1.67233e-05 3.3952e-05 2.97851e-05 3.39275e-05 3.84724e-05 3.19885e-05 3.33022e-05 3.54239e-05 3.72403e-05 4.2521e-05 5.14249e-05 5.35559e-05 5.52366e-05 5.91963e-05 5.98043e-05 6.2866e-05 7.59857e-05 8.83014e-05 9.84386e-05 0.000129691 0.000164717 0.000221234 0.000334766 0.000490315 0.000706844 0.00103587 0.00147017 0.00204045 0.00283235 0.00382287 0.00505332 0.00657643 0.00838317 0.0104896 0.0128903 0.0155367 0.0182932 0.0210358 0.0235764 0.0257382 0.0272751 0.0279593 0.0276888 0.0263386 0.0238633 0.0202901 0.0157911 0.0105514 0.00491135 -0.000788237 -0.00621435 -0.0110352 -0.0150171 -0.018 -0.0199308 -0.0207816 -0.0207167 -0.0198691 -0.01846 -0.016682 -0.0147548 -0.0127921 -0.0109364 -0.00927484 -0.00782692 -0.00660472 -0.00560207 -0.00480404 -0.00413825 -0.00362141 -0.00319838 -0.00286387 -0.00256233 -0.00233348 -0.00211466 -0.00193473 -0.00176242 -0.0016301 -0.00147752 -0.00135308 -0.00123532 -0.00113965 -0.00101598 -0.000918145 -0.000826959 -0.000746134 -0.000637243 -0.000552922 -0.000473267 -0.000396615 -0.000292864 -0.000213448 -0.000134977 -5.47926e-05 5.26884e-05 0.00013454 0.000222003 0.000314262 0.000434632 0.000528375 0.000639271 0.000756053 0.000901721 0.00102606 0.00118614 0.00135272 0.00155476 0.00176046 0.00203397 0.00233357 0.00270954 0.0031636 0.0037569 0.00446557 0.00536365 0.00646751 0.0077971 0.0093404 0.0111011 0.0130037 0.0149251 0.0167603 0.0183124 0.0193874 0.0197617 0.0192896 0.0177809 0.0152314 0.0116613 0.00720529 0.00205441 -0.00347332 -0.00906426 -0.014367 -0.019033 -0.0228545 -0.0256394 -0.0273158 -0.0278968 -0.0275169 -0.0262583 -0.0243139 -0.0219062 -0.0192524 -0.0165551 -0.0139252 -0.0114913 -0.00933349 -0.00748032 -0.00590013 -0.0046234 -0.00359688 -0.00275983 -0.00214124 -0.00168073 -0.00133522 -0.00110072 -0.000942398 -0.000819813 -0.000745016 -0.000702557 -0.000668594 -0.000654712 -0.000645801 -0.000635376 -0.00062556 -0.000620837 -0.000617802 -0.000614741 -0.000619222 -0.000622163 -0.000616653 -0.000618723 -0.000615628 -0.000603318 -0.000611793 -0.000603562 -0.000600022 -0.000613289 -0.000596416 -0.00060613 -0.000606645 -0.000593004 -0.000610245 -0.000593969 -0.000598715 -0.000607592 -0.000588891 -0.000607232 -0.000596153 
0 3.05964e-06 -5.45978e-07 8.52274e-06 7.12378e-06 1.3319e-05 1.98562e-05 1.8459e-05 2.62002e-05 2.33986e-05 2.62006e-05 2.80533e-05 2.49784e-05 3.25818e-05 3.44785e-05 4.02178e-05 4.79608e-05 5.03566e-05 5.14993e-05 5.45238e-05 5.23212e-05 5.24245e-05 6.27035e-05 5.93047e-05 7.16488e-05 7.87178e-05 7.70778e-05 0.000100916 0.000112212 0.000149219 0.00020784 0.000282014 0.00040681 0.000581403 0.000840791 0.00120958 0.00172375 0.00240318 0.00329803 0.00443034 0.00584305 0.00758956 0.00964797 0.0120594 0.0147755 0.0177212 0.0208091 0.0238819 0.0267072 0.0290592 0.0307335 0.0314784 0.0311517 0.029611 0.0268177 0.0228389 0.017831 0.0120222 0.00576027 -0.000564431 -0.00661573 -0.0120172 -0.016508 -0.0199095 -0.0221479 -0.0232127 -0.0232565 -0.022437 -0.0209502 -0.0190369 -0.0169159 -0.0147474 -0.012668 -0.0107907 -0.00912387 -0.00770561 -0.00654192 -0.00560985 -0.00482758 -0.00420534 -0.0037087 -0.00331006 -0.00296621 -0.00268826 -0.00243603 -0.00221718 -0.00203211 -0.00187252 -0.00169908 -0.00154387 -0.00142361 -0.00130841 -0.00116804 -0.00104442 -0.000954407 -0.000856312 -0.000732334 -0.00062604 -0.000548745 -0.000454395 -0.000335848 -0.000236774 -0.000160807 -6.07164e-05 6.23364e-05 0.000163389 0.000249219 0.000365038 0.000502824 0.000617924 0.000730448 0.000875599 0.00104224 0.00119492 0.001366 0.00156837 0.00180095 0.00205365 0.00236457 0.00272198 0.0031613 0.00371105 0.00440926 0.00524067 0.00628279 0.00756852 0.009105 0.0108587 0.012839 0.0149509 0.017076 0.019067 0.0207263 0.0218095 0.0221147 0.0214687 0.0196968 0.0167693 0.0127291 0.00771817 0.00196086 -0.00418401 -0.0103936 -0.0162778 -0.0214755 -0.0257216 -0.0288432 -0.0307428 -0.0314315 -0.0310178 -0.0296247 -0.0275034 -0.0248575 -0.0219004 -0.0188563 -0.0159185 -0.0131849 -0.0107378 -0.00862935 -0.00682652 -0.00535373 -0.00416375 -0.00322671 -0.00250915 -0.00196357 -0.00156124 -0.00127515 -0.00108051 -0.000941556 -0.000866836 -0.000805023 -0.000766829 -0.000752474 -0.000726216 -0.000727095 -0.000723146 -0.000717034 -0.000719804 -0.000712335 -0.000706256 -0.000702665 -0.000699407 -0.000695113 -0.00069979 -0.000696899 -0.000696291 -0.000699464 -0.000690818 -0.000694807 -0.000690477 -0.000687647 -0.000690922 -0.000684738 -0.000690518 -0.000685128 -0.000683829 -0.00068708 -0.000679558 -0.000686839 -0.000683164 
0 1.76067e-06 1.00074e-05 8.61837e-06 1.15302e-05 1.70446e-05 1.30698e-05 2.00609e-05 2.33986e-05 2.36484e-05 3.42129e-05 3.2542e-05 3.65819e-05 4.31207e-05 3.98116e-05 4.46969e-05 4.73154e-05 4.86184e-05 5.2238e-05 6.01254e-05 6.12932e-05 6.42371e-05 7.62819e-05 6.87143e-05 8.10375e-05 9.09383e-05 8.92392e-05 0.00011879 0.000134861 0.000171468 0.000237027 0.000325899 0.00047178 0.000680748 0.000991651 0.00141306 0.00199917 0.00278052 0.00379123 0.00508219 0.00668236 0.00864187 0.0109457 0.0136332 0.0166523 0.0199053 0.0232985 0.0266401 0.0297076 0.0322463 0.0340372 0.0348148 0.0344114 0.0326956 0.0296169 0.0252658 0.0197943 0.0134814 0.00667231 -0.000217687 -0.00683244 -0.0127739 -0.0177485 -0.0215647 -0.0241215 -0.0254354 -0.0256289 -0.0248835 -0.0233734 -0.0213714 -0.0190949 -0.0167482 -0.0144688 -0.0123804 -0.0105013 -0.00888457 -0.0075532 -0.00647152 -0.00556951 -0.00483311 -0.00425396 -0.00378168 -0.00339314 -0.00305969 -0.00277125 -0.00251205 -0.00231031 -0.00211879 -0.00192576 -0.00174186 -0.00161273 -0.00147496 -0.00132101 -0.00117451 -0.00107796 -0.000961349 -0.000826094 -0.000700469 -0.000617488 -0.000505769 -0.000376596 -0.000259822 -0.000178427 -6.00517e-05 7.4058e-05 0.000193402 0.000284935 0.000421657 0.000572354 0.000709314 0.000829105 0.000999659 0.00118408 0.00136712 0.00155169 0.00178889 0.00205264 0.00235626 0.00270456 0.00312563 0.0036355 0.00428817 0.00509245 0.00606017 0.00725415 0.00872627 0.0104656 0.0124301 0.0146123 0.0169128 0.0192108 0.02132 0.0230376 0.0240878 0.0242856 0.0234323 0.0213835 0.0180792 0.0135885 0.00805861 0.00175196 -0.004958 -0.0117184 -0.0181179 -0.0237967 -0.0284436 -0.0318814 -0.0339849 -0.034782 -0.0343664 -0.0328882 -0.0305991 -0.0277238 -0.0245063 -0.0211678 -0.0179304 -0.0148925 -0.0121599 -0.00979197 -0.00777445 -0.00611287 -0.00475966 -0.00370063 -0.00287431 -0.00225116 -0.00179744 -0.0014699 -0.00124261 -0.00108109 -0.000988681 -0.000911489 -0.000870656 -0.000853435 -0.000822406 -0.000821322 -0.000811588 -0.0008003 -0.00080189 -0.000797127 -0.000794484 -0.000793591 -0.000795525 -0.000787653 -0.0007893 -0.00078818 -0.000778392 -0.000785453 -0.000778375 -0.000775713 -0.000781665 -0.000773347 -0.000775872 -0.000774638 -0.000770135 -0.000774786 -0.000771724 -0.000771217 -0.000773853 -0.000769524 -0.00076969 
0 9.56101e-06 -2.25832e-06 1.63422e-05 1.32537e-05 1.06363e-05 2.86364e-05 1.67233e-05 2.62006e-05 3.42129e-05 2.39896e-05 4.09022e-05 4.08444e-05 4.13091e-05 5.21603e-05 4.93066e-05 5.28836e-05 5.56854e-05 6.17937e-05 6.03086e-05 7.01991e-05 7.83412e-05 6.92028e-05 9.07047e-05 8.58988e-05 8.97103e-05 0.000119131 0.000122559 0.000160001 0.000206477 0.000273704 0.000380539 0.000549698 0.000801854 0.00113659 0.00164224 0.00229695 0.00316587 0.00431545 0.00575924 0.00755055 0.00970975 0.0122889 0.015226 0.0185228 0.0220903 0.0257554 0.029332 0.0325877 0.0353104 0.0371731 0.0379585 0.0374624 0.0355779 0.032246 0.0275391 0.0216704 0.0149044 0.00763631 0.000231602 -0.00686937 -0.0133082 -0.018734 -0.0229519 -0.0258426 -0.0274247 -0.0278189 -0.0271763 -0.0257135 -0.0236543 -0.0212792 -0.0187703 -0.0163272 -0.0140246 -0.0119499 -0.0101302 -0.00862556 -0.00738061 -0.0063511 -0.00549933 -0.0048209 -0.00427674 -0.00382767 -0.00344696 -0.00310706 -0.002823 -0.00258395 -0.00237321 -0.00214749 -0.00195523 -0.00179384 -0.00164764 -0.00146853 -0.00131927 -0.00119228 -0.00107191 -0.000914749 -0.000788264 -0.00067593 -0.000562267 -0.00041222 -0.000294718 -0.000184047 -6.39282e-05 9.17301e-05 0.000213427 0.00033519 0.000474824 0.000649953 0.000793743 0.000945362 0.00112278 0.00133849 0.0015384 0.00175874 0.00201558 0.00232712 0.0026723 0.00307547 0.00355618 0.00415607 0.00491135 0.00583173 0.00694632 0.00830296 0.0099661 0.0118968 0.0140757 0.0164304 0.0189057 0.0213246 0.0235231 0.0252278 0.026215 0.0262479 0.0251648 0.0228109 0.019137 0.0142123 0.0082007 0.00141162 -0.00581456 -0.0130453 -0.0199083 -0.0259912 -0.0310185 -0.034737 -0.0370383 -0.0379339 -0.037535 -0.0360201 -0.033571 -0.0304995 -0.0270493 -0.0234745 -0.019928 -0.0166046 -0.0136171 -0.0109848 -0.00875447 -0.00689847 -0.00540427 -0.0041892 -0.00326654 -0.00257253 -0.0020403 -0.00167461 -0.00140831 -0.00122855 -0.00109654 -0.00102905 -0.000977495 -0.000935204 -0.000935361 -0.000906141 -0.000899232 -0.00090006 -0.000885929 -0.000888731 -0.000886466 -0.00088538 -0.000877585 -0.000881693 -0.000874984 -0.000866472 -0.000878659 -0.000862216 -0.000868073 -0.000872859 -0.000854013 -0.000870843 -0.000861997 -0.000854491 -0.000869379 -0.000851853 -0.000858681 -0.000862779 -0.000847929 -0.000863236 -0.000855127 
0 -3.54212e-06 1.54584e-05 1.86507e-06 1.55018e-05 2.20351e-05 1.48832e-05 3.3952e-05 2.80533e-05 3.2542e-05 4.09022e-05 3.53929e-05 4.33318e-05 4.31951e-05 4.8942e-05 5.49467e-05 6.22856e-05 6.93384e-05 6.80112e-05 7.74307e-05 7.21476e-05 7.47703e-05 8.67003e-05 8.5506e-05 9.96812e-05 0.000113142 0.00012042 0.00014174 0.000181447 0.000230382 0.000318238 0.000460617 0.000639682 0.00091791 0.00132273 0.00186033 0.0026103 0.00360863 0.00486715 0.00646195 0.00844302 0.0108244 0.0136318 0.0168572 0.0204298 0.024233 0.0281386 0.0319485 0.0354022 0.0382006 0.0401079 0.0408951 0.0403182 0.0382501 0.0346669 0.0296711 0.0234463 0.0163142 0.0086282 0.000807394 -0.00672983 -0.0135982 -0.0194513 -0.0240552 -0.0272844 -0.0291731 -0.02979 -0.0293171 -0.0279331 -0.0258948 -0.0234424 -0.0208324 -0.0182267 -0.0157437 -0.0134674 -0.0114613 -0.00976602 -0.00835083 -0.00718462 -0.00620749 -0.00542677 -0.00479229 -0.00428704 -0.00383844 -0.00346322 -0.0031341 -0.00287181 -0.00261605 -0.00238362 -0.00216156 -0.00198551 -0.00180359 -0.00162819 -0.00145386 -0.00131475 -0.0011642 -0.00101415 -0.000863936 -0.000740476 -0.000599843 -0.000457764 -0.000315859 -0.000194004 -4.80588e-05 9.99456e-05 0.000248903 0.000382841 0.000548962 0.000719058 0.000895572 0.00106133 0.00126858 0.0014882 0.00173003 0.00197064 0.00226906 0.00260944 0.00301733 0.00346719 0.00402784 0.0047168 0.00558772 0.00662855 0.00790041 0.009435 0.0112798 0.0134072 0.0157735 0.0183019 0.0208985 0.0234211 0.0256343 0.0272974 0.0281506 0.0279983 0.0266369 0.0239716 0.0199296 0.0145937 0.00815108 0.000925003 -0.0067231 -0.0143772 -0.0216212 -0.0280814 -0.0334069 -0.0373826 -0.0398875 -0.040911 -0.0405215 -0.0389477 -0.0364341 -0.0332162 -0.0295533 -0.0257095 -0.0219272 -0.0183527 -0.0150905 -0.0122191 -0.00977216 -0.00771579 -0.00604425 -0.00473424 -0.00369418 -0.0028938 -0.00231471 -0.00187984 -0.00157083 -0.001376 -0.00123458 -0.00113774 -0.00108203 -0.00104218 -0.00101193 -0.00100501 -0.000998619 -0.000987792 -0.000990139 -0.000979651 -0.000972426 -0.000969172 -0.000964606 -0.000963908 -0.000960834 -0.000966121 -0.000956677 -0.00095831 -0.000959382 -0.000946395 -0.000958649 -0.000946406 -0.000946086 -0.000956726 -0.000937037 -0.000951645 -0.000944915 -0.000935185 -0.000952892 -0.000934 -0.000944561 
0 2.22016e-06 1.34936e-05 9.11686e-06 1.94551e-05 1.97055e-05 1.96311e-05 2.97851e-05 2.49784e-05 3.65819e-05 4.08444e-05 4.33318e-05 5.54481e-05 5.26273e-05 6.01302e-05 6.13883e-05 5.83341e-05 6.5445e-05 6.87991e-05 7.47743e-05 8.60122e-05 9.38588e-05 9.45164e-05 0.000106584 0.000106928 0.000116048 0.00014295 0.000159263 0.000210232 0.000269027 0.000360129 0.000513486 0.000727697 0.00105783 0.00150935 0.0021316 0.00296221 0.00405142 0.00545002 0.00721843 0.00939012 0.0119751 0.0150305 0.0184836 0.0223001 0.0263747 0.0305028 0.0344668 0.0380329 0.0409383 0.042875 0.0436169 0.04292 0.040695 0.0369104 0.0316465 0.0251297 0.0176851 0.009679 0.00149979 -0.00639423 -0.0136457 -0.0198801 -0.0248554 -0.0284374 -0.0306483 -0.0315381 -0.0312677 -0.0300351 -0.0280554 -0.0255975 -0.0229092 -0.0201846 -0.0175264 -0.0150744 -0.0128777 -0.010992 -0.00939391 -0.00807969 -0.00697174 -0.00607399 -0.00534762 -0.00476384 -0.00425379 -0.00382688 -0.00346517 -0.00315546 -0.00286876 -0.00261244 -0.00237931 -0.00216455 -0.00196371 -0.00177439 -0.00159493 -0.00142068 -0.00125764 -0.0010973 -0.000942787 -0.000786155 -0.000636808 -0.000485701 -0.000338264 -0.000183383 -3.06885e-05 0.000126435 0.000283892 0.000452474 0.000625205 0.000806817 0.000997283 0.00120046 0.00141822 0.00165768 0.00192394 0.00220809 0.00253356 0.00291818 0.00337723 0.00389534 0.00453346 0.00532676 0.0063139 0.00748793 0.0089263 0.0106433 0.0126744 0.0149795 0.0175292 0.020196 0.0228969 0.0254588 0.0276539 0.029205 0.0298942 0.0295028 0.0278497 0.0248499 0.0204511 0.0147371 0.00791121 0.000320061 -0.00769879 -0.0156885 -0.0232533 -0.0300118 -0.0356302 -0.0398338 -0.0425065 -0.0436462 -0.0433286 -0.0417677 -0.0391596 -0.0358073 -0.0319944 -0.0279714 -0.0239308 -0.0200957 -0.0165921 -0.0134729 -0.0108156 -0.00857619 -0.00674199 -0.00527039 -0.00412211 -0.00324334 -0.00259066 -0.00211457 -0.00176576 -0.00153422 -0.00135955 -0.00125934 -0.00119385 -0.00114257 -0.00112586 -0.00109735 -0.00108233 -0.00107537 -0.00106535 -0.00106382 -0.00106633 -0.00106314 -0.00105962 -0.00106154 -0.00104905 -0.00105042 -0.00104797 -0.00103961 -0.00104659 -0.00103782 -0.00104053 -0.00103879 -0.00103075 -0.00103727 -0.00102891 -0.00103328 -0.00103446 -0.00102959 -0.00103638 -0.00102752 -0.00102988 
0 3.81897e-06 8.17781e-06 1.05099e-05 1.87761e-05 1.96689e-05 2.71787e-05 3.39275e-05 3.25818e-05 4.31207e-05 4.13091e-05 4.31951e-05 5.26273e-05 5.11779e-05 6.13673e-05 6.86806e-05 7.11812e-05 8.07993e-05 8.52359e-05 8.26206e-05 9.01299e-05 9.43839e-05 9.21725e-05 0.000113579 0.000117097 0.000129965 0.000161188 0.000176707 0.000234932 0.000307765 0.000421299 0.000600127 0.000844268 0.0012116 0.0017078 0.00240247 0.00332796 0.00453382 0.00607243 0.00799741 0.0103548 0.0131527 0.0164492 0.0201487 0.0241994 0.0284848 0.0327907 0.0369101 0.0405762 0.0435182 0.0454315 0.0461103 0.0453038 0.0429154 0.0389348 0.033446 0.026702 0.0190117 0.0107496 0.00229377 -0.00588951 -0.0134569 -0.0200305 -0.0253525 -0.0292911 -0.0318376 -0.033033 -0.0330096 -0.031976 -0.030112 -0.0277009 -0.0249802 -0.0221623 -0.0193586 -0.0167426 -0.0143662 -0.0122852 -0.0105021 -0.00902435 -0.00778065 -0.00675665 -0.00593149 -0.00525552 -0.00468078 -0.00419931 -0.00380186 -0.00343973 -0.0031208 -0.00284089 -0.00259486 -0.00234163 -0.00212017 -0.00191786 -0.00173107 -0.00152426 -0.00134629 -0.00117677 -0.00101512 -0.000828715 -0.000667914 -0.000508871 -0.000352646 -0.000168041 -5.83854e-06 0.000159511 0.000328709 0.000529647 0.00071178 0.00090438 0.00111143 0.00135222 0.00158375 0.00184329 0.0021359 0.00246884 0.00282656 0.0032586 0.00377199 0.00437184 0.00509655 0.00600392 0.00711289 0.00843681 0.0100468 0.0119543 0.0141652 0.0166407 0.019348 0.022132 0.0248956 0.0274475 0.029565 0.0309542 0.0314278 0.0307565 0.0287867 0.0254375 0.020692 0.0146289 0.00747308 -0.000424816 -0.00873339 -0.0169948 -0.0248201 -0.0318155 -0.0376619 -0.0420661 -0.0449162 -0.0461768 -0.0459236 -0.0443817 -0.0417507 -0.0383205 -0.0343631 -0.0301605 -0.0259108 -0.0218569 -0.0181234 -0.0147726 -0.0118966 -0.00946258 -0.00746921 -0.00586067 -0.00460172 -0.00362479 -0.00288685 -0.00234913 -0.00195492 -0.00169439 -0.00149815 -0.00138227 -0.0013008 -0.00123643 -0.0012191 -0.00118914 -0.00117951 -0.00117891 -0.00116504 -0.0011609 -0.00115659 -0.00114755 -0.0011421 -0.0011454 -0.00113621 -0.00113728 -0.00113936 -0.0011288 -0.00113406 -0.00112693 -0.00112408 -0.00112962 -0.00112185 -0.00112507 -0.00112303 -0.00111719 -0.00111791 -0.00111417 -0.00111333 -0.00111507 -0.00111691 
0 -1.76055e-06 1.85409e-05 6.74822e-06 1.9879e-05 2.76103e-05 1.9603e-05 3.84724e-05 3.44785e-05 3.98116e-05 5.21603e-05 4.8942e-05 6.01302e-05 6.13673e-05 6.5417e-05 6.87419e-05 7.39741e-05 8.36065e-05 7.97905e-05 9.80253e-05 9.80729e-05 9.90682e-05 0.000121173 0.000113205 0.000131195 0.000151999 0.000164587 0.000206625 0.000262979 0.000347253 0.000473568 0.000684301 0.000961723 0.00136487 0.00195063 0.00270012 0.00372695 0.0050578 0.00673332 0.00882226 0.011366 0.0143944 0.0178798 0.0218212 0.0260932 0.0305578 0.0350124 0.0392428 0.0429863 0.0459067 0.0477893 0.0483726 0.0474557 0.0449042 0.0407503 0.0350956 0.0281702 0.0203121 0.0118484 0.00321288 -0.00520914 -0.0130173 -0.0198933 -0.0255349 -0.0298311 -0.0327309 -0.0342573 -0.0345376 -0.0337373 -0.032064 -0.0297407 -0.0270526 -0.0241591 -0.0212582 -0.0184812 -0.0159464 -0.0136622 -0.0116979 -0.0100369 -0.0086492 -0.00749066 -0.00655158 -0.00577435 -0.00512051 -0.00458711 -0.00413516 -0.00372817 -0.00336146 -0.00306736 -0.00278859 -0.00251388 -0.00225475 -0.00205144 -0.00183721 -0.00161854 -0.00140772 -0.00124205 -0.0010535 -0.000859211 -0.000668846 -0.000515416 -0.000331177 -0.000139124 5.06861e-05 0.000210557 0.000409894 0.000621165 0.000830786 0.00102082 0.00126117 0.00151989 0.001783 0.00205014 0.00238315 0.00275264 0.00315974 0.00363137 0.00421082 0.00489506 0.00572121 0.00674502 0.00798274 0.00947158 0.0112528 0.0133568 0.0157307 0.0183758 0.0211981 0.0240857 0.0268536 0.02936 0.031326 0.0325224 0.0327214 0.031747 0.0294353 0.0257364 0.0206605 0.0142847 0.00686651 -0.00128988 -0.00979597 -0.0182729 -0.0262781 -0.0334736 -0.0394878 -0.044071 -0.0470872 -0.0484805 -0.0483273 -0.0468145 -0.0442153 -0.0407314 -0.0366757 -0.0323133 -0.027904 -0.0236388 -0.0196604 -0.0161101 -0.0130129 -0.0103907 -0.00821586 -0.00648109 -0.00508977 -0.00400556 -0.00321334 -0.00259797 -0.00216448 -0.00186508 -0.0016514 -0.00150484 -0.00141477 -0.00135938 -0.00130615 -0.00129574 -0.00127462 -0.00125498 -0.0012608 -0.00124335 -0.00124269 -0.00124117 -0.00123557 -0.00123408 -0.00122939 -0.00123141 -0.001218 -0.00122482 -0.00122212 -0.00120918 -0.00122392 -0.00120611 -0.00120763 -0.00121614 -0.00119566 -0.0012143 -0.00120682 -0.00119893 -0.00121724 -0.00119524 -0.00120432 
0 8.60405e-06 5.21216e-06 1.90499e-05 1.95391e-05 2.29207e-05 3.33656e-05 3.19885e-05 4.02178e-05 4.46969e-05 4.93066e-05 5.49467e-05 6.13883e-05 6.86806e-05 6.87419e-05 8.27708e-05 8.00035e-05 8.18846e-05 9.78989e-05 8.94497e-05 0.000107838 0.000117394 0.00011458 0.000136745 0.000140848 0.000156119 0.000189187 0.000232442 0.000294863 0.000398136 0.000552814 0.000760513 0.00109454 0.00155492 0.00217861 0.00304023 0.00415971 0.00559717 0.00742024 0.00969336 0.0124243 0.0156494 0.0193723 0.0235049 0.0279622 0.0326023 0.0372046 0.0414901 0.0452198 0.0481396 0.0499578 0.0504197 0.0493438 0.0466586 0.0423627 0.0365709 0.0295247 0.0215445 0.0129807 0.0042134 -0.00435516 -0.0123608 -0.019466 -0.0254118 -0.0300478 -0.0333067 -0.0351949 -0.0358051 -0.0352979 -0.0338497 -0.0316947 -0.0290625 -0.0261604 -0.0231734 -0.0202803 -0.0175776 -0.0151181 -0.0129564 -0.0111135 -0.00956354 -0.00826798 -0.00720152 -0.00631035 -0.00557563 -0.00497446 -0.00447001 -0.00400432 -0.00360384 -0.00327215 -0.00297377 -0.00266244 -0.0023869 -0.00215479 -0.00193188 -0.00168444 -0.00146433 -0.00127307 -0.00107893 -0.000858856 -0.000662828 -0.0004852 -0.000295234 -7.78557e-05 0.000116332 0.000300445 0.000507616 0.000746185 0.000962188 0.00117822 0.00143108 0.00172327 0.0020019 0.00230143 0.00265949 0.00308032 0.00353122 0.00406022 0.0047036 0.00548701 0.00642492 0.00757116 0.00895194 0.0106096 0.0125787 0.014858 0.0174055 0.0201824 0.0231126 0.0260411 0.0287945 0.0311749 0.0329552 0.0338908 0.0337878 0.0324648 0.0298012 0.0257526 0.0203539 0.0137197 0.00607938 -0.00225118 -0.0109164 -0.0195131 -0.0276509 -0.0349679 -0.0411338 -0.0458686 -0.0490116 -0.0505414 -0.0505247 -0.0491083 -0.0465029 -0.0430091 -0.0389124 -0.0344486 -0.0298641 -0.025402 -0.0212404 -0.0174637 -0.0141655 -0.011363 -0.009021 -0.00711307 -0.00560726 -0.00444214 -0.00353559 -0.00287761 -0.00239323 -0.00203443 -0.00179998 -0.00163955 -0.00153055 -0.00145951 -0.00142305 -0.00138319 -0.00136261 -0.00135993 -0.00133704 -0.0013427 -0.00133867 -0.001327 -0.00133183 -0.00132047 -0.00131826 -0.00131589 -0.00131252 -0.00130858 -0.00130612 -0.00130871 -0.00129779 -0.00130373 -0.00129979 -0.00129131 -0.00130271 -0.00128907 -0.00129292 -0.00129771 -0.00128318 -0.00129699 -0.00128887 
0 8.02077e-06 6.88161e-06 2.00991e-05 1.87476e-05 2.61068e-05 3.50151e-05 3.33022e-05 4.79608e-05 4.73154e-05 5.28836e-05 6.22856e-05 5.83341e-05 7.11812e-05 7.39741e-05 8.00035e-05 9.24492e-05 9.5061e-05 0.000105326 0.000108972 0.00011095 0.000115857 0.000124971 0.000135594 0.000154255 0.000180778 0.000207709 0.000260315 0.000329955 0.000446961 0.000623588 0.0008773 0.00124982 0.00174845 0.00244958 0.00338292 0.00460559 0.00618894 0.00816847 0.0105938 0.0135114 0.0169528 0.0208619 0.0252121 0.029859 0.0346127 0.0392842 0.0436256 0.0473689 0.0502051 0.0519008 0.0522225 0.0510259 0.0481926 0.0437575 0.0378757 0.0307667 0.0227373 0.0141202 0.0053085 -0.00335186 -0.0114732 -0.0187702 -0.024977 -0.0299402 -0.033557 -0.0358244 -0.0368036 -0.03662 -0.0354624 -0.0335148 -0.0310059 -0.0281253 -0.025109 -0.0221079 -0.0192683 -0.0166324 -0.0142866 -0.0122447 -0.010529 -0.00908171 -0.00787672 -0.00686248 -0.00603524 -0.00535906 -0.00478527 -0.00426869 -0.00382256 -0.00345523 -0.00311897 -0.00278835 -0.00248295 -0.00222921 -0.00197875 -0.0017232 -0.00147849 -0.00127145 -0.00105312 -0.000828802 -0.000610719 -0.000419655 -0.000206106 1.47014e-05 0.000230117 0.000428212 0.000659882 0.00090392 0.00114309 0.00137682 0.00165697 0.00196296 0.00227315 0.00260071 0.00299663 0.00345708 0.00396666 0.00455607 0.00527518 0.00616213 0.00722315 0.00850248 0.0100309 0.0118726 0.0140212 0.0164773 0.0191712 0.0220746 0.0250613 0.0280035 0.030676 0.0328924 0.0344165 0.0350585 0.0346051 0.0329116 0.0298819 0.0254904 0.019799 0.0129374 0.00514317 -0.00331145 -0.0120455 -0.0207158 -0.0289222 -0.0363156 -0.0425585 -0.0474237 -0.0507245 -0.0523886 -0.0524896 -0.0511722 -0.0486723 -0.0452048 -0.0410528 -0.0364924 -0.0318116 -0.0271926 -0.0228258 -0.0188643 -0.0153538 -0.0123526 -0.0098502 -0.00781089 -0.0061652 -0.00488425 -0.00389632 -0.00315245 -0.00261989 -0.00222874 -0.00196474 -0.00177344 -0.00164728 -0.00156774 -0.00151131 -0.00148575 -0.00146647 -0.00145313 -0.00144238 -0.00143462 -0.00142199 -0.00141842 -0.00141644 -0.00140691 -0.00141202 -0.00140364 -0.00140163 -0.00140171 -0.00139022 -0.00139594 -0.00138952 -0.00138846 -0.00139235 -0.00138373 -0.00138735 -0.00138107 -0.00137745 -0.00137916 -0.00137316 -0.00137877 -0.00137724 
0 6.51245e-06 6.95058e-06 1.94847e-05 1.96165e-05 2.91184e-05 3.72327e-05 3.54239e-05 5.03566e-05 4.86184e-05 5.56854e-05 6.93384e-05 6.5445e-05 8.07993e-05 8.36065e-05 8.18846e-05 9.5061e-05 9.40087e-05 0.000101189 0.000114957 0.000120114 0.000133309 0.000147492 0.000151242 0.000169869 0.00019193 0.000223541 0.000289612 0.000371627 0.000509357 0.000702207 0.000983545 0.00140069 0.00196019 0.00274631 0.00377576 0.0051074 0.00681304 0.00894258 0.0115443 0.0146576 0.0183014 0.0223943 0.0269172 0.0317067 0.0365775 0.0413251 0.0456618 0.0493396 0.0520825 0.0536633 0.0538264 0.0524688 0.0494971 0.0449658 0.0390362 0.0319043 0.0238805 0.0152848 0.00649276 -0.00218969 -0.0103708 -0.0178035 -0.0242361 -0.0294998 -0.0334735 -0.0361324 -0.0375068 -0.037687 -0.0368657 -0.0351792 -0.0328429 -0.0300406 -0.0270325 -0.0239574 -0.0209963 -0.0182035 -0.0156736 -0.0134338 -0.011538 -0.00992888 -0.00856883 -0.0074253 -0.00649172 -0.00572671 -0.00507127 -0.00450241 -0.00400625 -0.00359302 -0.00321303 -0.00286395 -0.00252936 -0.00224591 -0.00196601 -0.00170272 -0.00143567 -0.00120582 -0.000963786 -0.000735124 -0.000497469 -0.000286464 -5.12556e-05 0.000172669 0.000407241 0.000625765 0.000879433 0.00112726 0.00138856 0.00164674 0.00195241 0.00226902 0.00261192 0.0029752 0.00341093 0.00390877 0.00448296 0.00514258 0.00594744 0.0069404 0.00813564 0.00955508 0.011243 0.013267 0.0155955 0.0182103 0.0210363 0.0240344 0.0270441 0.0299449 0.0324874 0.034484 0.035704 0.0360062 0.0351714 0.0330877 0.0296861 0.0249683 0.0190125 0.0119739 0.00407974 -0.00443334 -0.0131808 -0.0218502 -0.0300613 -0.0374886 -0.0437877 -0.0487475 -0.052171 -0.05399 -0.0542635 -0.053077 -0.0506636 -0.0472536 -0.0431273 -0.0385208 -0.0337359 -0.028968 -0.0244247 -0.0202841 -0.016584 -0.0133971 -0.0107135 -0.00851189 -0.00673271 -0.00534756 -0.00427694 -0.003459 -0.00286849 -0.00242501 -0.00212695 -0.00191694 -0.00177695 -0.00169311 -0.00162263 -0.00158639 -0.00155785 -0.0015342 -0.00152825 -0.00152202 -0.00151314 -0.00151467 -0.0015089 -0.00149951 -0.0015029 -0.0014908 -0.00149048 -0.00149414 -0.00148233 -0.00148726 -0.00148049 -0.00147199 -0.00147486 -0.00146716 -0.00146882 -0.00147195 -0.00147044 -0.00147295 -0.00147163 -0.00146794 -0.00146419 
