0 0 0 0 0 0 0 0 0 0 0 0 0 0 0 0 0 0 0 0 0 0 0 0 0 0 0 0 0 0 0 0 0 0 0 0 0 0 0 0 0 0 0 0 0 0 0 0 0 0 0 0 0 0 0 0 0 0 0 0 0 0 0 0 0 0 0 0 0 0 0 0 0 0 0 0 0 0 0 0 0 0 0 0 0 0 0 0 0 0 0 0 0 0 0 0 0 0 0 0 0 0 0 0 0 0 0 0 0 0 0 0 0 0 0 0 0 0 0 0 0 0 0 0 0 0 0 0 0 0 0 0 0 0 0 0 0 0 0 0 0 0 0 0 0 0 0 0 0 0 0 0 0 0 0 0 0 0 0 0 0 0 0 0 0 0 0 0 0 0 0 0 0 0 0 0 0 0 0 0 0 0 0 0 0 0 0 0 0 0 0 0 0 0 0 0 0 0 0 0 
0 -3.624e-06 8.18444e-06 2.52251e-06 1.17175e-06 8.32268e-06 -4.01335e-06 1.05686e-06 5.87789e-06 -3.85254e-06 1.11062e-05 8.14651e-06 2.79327e-06 1.49398e-05 2.8846e-06 5.2803e-06 1.16039e-05 5.27681e-06 1.00671e-05 1.16745e-05 9.16723e-06 4.20578e-06 1.38176e-05 1.04142e-05 9.58554e-06 2.7461e-05 1.09404e-05 1.57327e-05 1.77743e-05 7.44585e-06 1.86316e-05 1.47462e-05 2.41805e-05 1.28998e-05 1.28136e-05 2.38915e-05 1.53457e-05 2.70863e-05 2.89145e-05 3.04384e-05 1.4864e-05 3.37875e-05 5.30833e-05 4.06906e-05 5.96184e-05 7.74235e-05 0.000120674 0.000161521 0.000227082 0.000313118 0.000435132 0.000594866 0.000771428 0.00102063 0.00129943 0.0016386 0.0020207 0.00245799 0.00290768 0.00336475 0.00380013 0.00414756 0.00440568 0.00451959 0.00448164 0.00424557 0.00384762 0.00324669 0.00248601 0.00160365 0.000666925 -0.000277328 -0.00115723 -0.001915 -0.00254427 -0.00299764 -0.00326658 -0.00333849 -0.00327859 -0.00308551 -0.00282405 -0.00250692 -0.00218594 -0.00184507 -0.00154523 -0.00128761 -0.00108109 -0.000883588 -0.000726944 -0.000608471 -0.000524792 -0.000439409 -0.000367859 -0.000312184 -0.000272276 -0.0002275 -0.000184534 -0.000147007 -0.000116784 -8.27726e-05 -4.66622e-05 -1.2019e-05 1.75702e-05 5.23909e-05 9.34056e-05 0.000136824 0.000173867 0.000222248 0.000286549 0.000365016 0.000439268 0.000540285 0.000677814 0.000857016 0.00104455 0.00127695 0.00155363 0.00187918 0.00219494 0.00251542 0.00279453 0.00302169 0.00313107 0.00312516 0.00293438 0.00256354 0.00200955 0.00132266 0.000499391 -0.000405184 -0.00132828 -0.00221534 -0.00300665 -0.00365273 -0.00410625 -0.00439974 -0.00449804 -0.00443993 -0.00422849 -0.00392309 -0.00351534 -0.00307771 -0.00263373 -0.0022002 -0.0018099 -0.00146567 -0.00117853 -0.000918367 -0.000733041 -0.000566864 -0.000442545 -0.00034251 -0.000270642 -0.000225563 -0.000188448 -0.000161994 -0.000125865 -0.000141166 -0.000132958 -0.000115088 -0.000111106 -0.000113768 -0.00011918 -0.000108742 -0.000121572 -0.000110336 -0.000109469 -0.000111026 -0.000112846 -0.000120884 -0.00010327 -0.000115209 -0.000105726 -9.74998e-05 -0.000112795 -0.000104631 -0.000105998 -0.000107423 -0.000106384 -0.000100053 -0.000105974 -0.000110532 -9.95369e-05 -0.000113657 -0.000104078 -9.59977e-05 -0.000108428 -9.29047e-05 -0.000100483 -0.000107508 -9.76455e-05 -0.000109515 -0.000104974 -9.9128e-05 -0.000105434 -9.71263e-05 -9.79966e-05 -0.000103235 -9.72668e-05 -0.000101867 
0 8.18444e-06 -1.4879e-05 9.51242e-06 -1.0553e-06 -2.83275e-06 2.19419e-05 9.59567e-07 1.49162e-05 1.62924e-05 -1.61947e-06 1.56609e-05 5.26566e-06 8.71005e-06 1.87446e-05 1.30442e-05 2.03457e-05 1.45433e-05 2.01765e-05 1.85428e-05 1.87796e-05 3.36476e-05 2.0442e-05 2.50056e-05 2.80078e-05 1.19093e-05 2.26133e-05 3.35194e-05 2.8143e-05 3.39375e-05 4.42478e-05 2.71837e-05 2.88829e-05 5.14363e-05 4.01683e-05 3.97769e-05 5.07694e-05 3.51824e-05 3.44128e-05 5.24024e-05 6.21463e-05 6.23702e-05 5.95358e-05 8.77322e-05 0.000134923 0.000174378 0.000223601 0.000329311 0.000473318 0.000638958 0.000883437 0.0011857 0.00156585 0.00203952 0.00261079 0.00327284 0.0040434 0.00490888 0.00580054 0.00671803 0.00756603 0.00827572 0.00876867 0.00901311 0.00891822 0.0084666 0.00765989 0.00647411 0.00496161 0.00320936 0.00135302 -0.000530724 -0.00226787 -0.00379466 -0.00503122 -0.00595389 -0.00647615 -0.00664862 -0.0065175 -0.00615832 -0.00562807 -0.00501552 -0.00436474 -0.00370086 -0.00309685 -0.00258723 -0.00216631 -0.00177616 -0.00146351 -0.00122322 -0.00105404 -0.000880371 -0.000743611 -0.000625372 -0.000549887 -0.000453117 -0.00037663 -0.00029284 -0.000239879 -0.000162465 -0.000100546 -2.21036e-05 2.94336e-05 0.000108879 0.000181393 0.000275919 0.000345078 0.000450763 0.000572872 0.000733915 0.000883077 0.00109159 0.001366 0.001722 0.00210381 0.00256735 0.00312562 0.00376278 0.00440292 0.00502645 0.00559217 0.0060222 0.00625249 0.0062127 0.00584534 0.00508535 0.00399948 0.00261001 0.000985761 -0.000825024 -0.00265275 -0.00442214 -0.00599352 -0.00727598 -0.00819196 -0.00876447 -0.00897901 -0.008849 -0.00845131 -0.00782401 -0.00703446 -0.00614998 -0.00527428 -0.00440815 -0.0036254 -0.00294147 -0.00235223 -0.00185586 -0.00145759 -0.00113429 -0.00086937 -0.000695678 -0.00054889 -0.000429197 -0.000359632 -0.000327663 -0.000295739 -0.00026082 -0.000243247 -0.000243646 -0.000255209 -0.000237144 -0.000223341 -0.000235502 -0.000222904 -0.000217387 -0.000235884 -0.000223655 -0.000207947 -0.00021761 -0.000217806 -0.000211114 -0.000224826 -0.000225793 -0.000209721 -0.000218027 -0.000212778 -0.00020805 -0.00021674 -0.000210831 -0.000212082 -0.000203299 -0.000205438 -0.000205006 -0.00019828 -0.00021816 -0.000205643 -0.000209361 -0.000218716 -0.000192805 -0.000208729 -0.000200585 -0.000189888 -0.000213767 -0.000195985 -0.000205958 -0.00021432 -0.000194547 -0.000212698 -0.000200175 
0 2.52251e-06 9.51242e-06 7.26283e-06 5.21555e-06 1.19425e-05 2.67786e-06 4.88179e-06 1.37391e-05 5.14392e-06 2.01405e-05 2.19942e-05 1.45829e-05 2.88511e-05 1.77774e-05 1.86448e-05 2.86068e-05 2.16957e-05 2.8352e-05 3.17774e-05 2.84392e-05 2.58473e-05 3.59744e-05 3.42093e-05 3.65564e-05 5.55678e-05 3.96492e-05 4.61355e-05 4.70241e-05 3.72934e-05 5.24622e-05 4.75898e-05 5.99637e-05 5.08439e-05 4.87775e-05 6.37627e-05 5.87783e-05 7.14925e-05 7.75215e-05 8.3036e-05 6.87046e-05 9.86209e-05 0.000131711 0.000135756 0.000186059 0.000248301 0.000358186 0.000497543 0.000697629 0.0009614 0.00132586 0.00179296 0.00235062 0.00307509 0.00392277 0.00492823 0.00607573 0.00736175 0.00870062 0.0100524 0.0113191 0.0123572 0.0131024 0.0134411 0.0133078 0.0126239 0.0114213 0.00965303 0.0074091 0.00481372 0.00204655 -0.000736494 -0.0033346 -0.00559933 -0.0074615 -0.00882191 -0.00963186 -0.0098952 -0.00973189 -0.00920053 -0.0084378 -0.0075243 -0.00656449 -0.00557786 -0.00468364 -0.00391354 -0.00327235 -0.00269205 -0.00222025 -0.00185763 -0.00158581 -0.00133334 -0.00112056 -0.000949987 -0.000819197 -0.000685478 -0.000560456 -0.00044668 -0.000350593 -0.000247053 -0.000142726 -3.87582e-05 5.49971e-05 0.000162595 0.000281797 0.000409844 0.000530387 0.000681716 0.000872995 0.00110274 0.0013432 0.00165705 0.00207323 0.00259829 0.0031805 0.00388075 0.00471039 0.00565497 0.00660117 0.00753053 0.00834945 0.00898515 0.00929906 0.00923204 0.00865116 0.00753075 0.0058928 0.00383245 0.00139891 -0.00127339 -0.00399987 -0.00661643 -0.00894855 -0.0108517 -0.0122172 -0.0130742 -0.0133842 -0.0132107 -0.0126066 -0.0116888 -0.0105065 -0.00920889 -0.00789145 -0.00661066 -0.00544478 -0.0044183 -0.00354466 -0.00278949 -0.00220528 -0.00171599 -0.00133437 -0.00104224 -0.000825733 -0.00067414 -0.000563039 -0.000485653 -0.000412505 -0.000409464 -0.000386871 -0.000355992 -0.000348068 -0.000346613 -0.000348397 -0.00033852 -0.000349743 -0.0003338 -0.000334258 -0.000334445 -0.000334365 -0.000344132 -0.000323183 -0.000332769 -0.000322411 -0.000312081 -0.000326717 -0.000319092 -0.000318581 -0.000319379 -0.000317857 -0.000309131 -0.000316989 -0.000320086 -0.000309022 -0.000324182 -0.0003104 -0.000303483 -0.000313423 -0.000296092 -0.000306389 -0.000310699 -0.000303271 -0.000315403 -0.000308713 -0.000304919 -0.000308157 -0.000300186 -0.000300416 -0.000302748 -0.00030081 -0.000304237 
0 1.17175e-06 -1.0553e-06 5.21555e-06 7.2092e-06 1.06349e-05 1.42382e-05 1.42882e-05 1.92217e-05 1.70264e-05 1.88873e-05 2.20418e-05 1.99447e-05 2.72156e-05 2.78238e-05 2.96303e-05 3.53318e-05 3.31426e-05 3.73178e-05 4.00652e-05 4.12359e-05 4.52722e-05 4.75843e-05 4.75589e-05 4.85902e-05 5.22391e-05 5.11848e-05 5.90227e-05 6.22989e-05 6.25117e-05 7.04999e-05 6.64608e-05 7.23318e-05 7.73727e-05 7.717e-05 8.37693e-05 8.4095e-05 8.58499e-05 9.12681e-05 0.000102765 0.000109349 0.00012787 0.000153631 0.000187872 0.000258191 0.000348092 0.00048132 0.000677712 0.000949904 0.00131015 0.00179129 0.00240747 0.00316928 0.00412039 0.00525505 0.00658618 0.0081121 0.00980088 0.0115731 0.013349 0.0150015 0.0163713 0.0173395 0.0177805 0.0175897 0.0166962 0.015092 0.0127705 0.00982317 0.00642153 0.00278208 -0.000869557 -0.00429086 -0.00729155 -0.00975199 -0.0115606 -0.0126514 -0.0130461 -0.0128564 -0.0121957 -0.0112105 -0.0100297 -0.00876221 -0.00748177 -0.00629903 -0.00527404 -0.00440028 -0.00363673 -0.00300494 -0.0025142 -0.00213063 -0.0017973 -0.0015127 -0.0012834 -0.00109649 -0.000920444 -0.0007542 -0.000603832 -0.00046826 -0.000331387 -0.000192611 -5.63715e-05 7.58323e-05 0.000219568 0.000378222 0.000545277 0.000717383 0.000923242 0.00117974 0.00148084 0.00182043 0.00224938 0.00280954 0.00349932 0.00429391 0.00523163 0.00633481 0.00756366 0.00881679 0.0100247 0.0110897 0.011892 0.012285 0.01215 0.0113591 0.00986244 0.00769769 0.00496101 0.00175188 -0.00176059 -0.00534847 -0.0087845 -0.0118481 -0.0143482 -0.0161677 -0.0172922 -0.0177161 -0.0174929 -0.016714 -0.0155 -0.0139605 -0.0122542 -0.0105127 -0.0088267 -0.00727873 -0.0059149 -0.00474279 -0.00375194 -0.00295195 -0.00230111 -0.00179005 -0.00140312 -0.0011115 -0.000895293 -0.000748583 -0.000651636 -0.000576195 -0.00053658 -0.000506031 -0.000487055 -0.00047983 -0.000470635 -0.000462133 -0.000457031 -0.000455892 -0.000448414 -0.000450915 -0.000445026 -0.000438865 -0.000441131 -0.000433898 -0.00043669 -0.000436241 -0.000432204 -0.000431862 -0.00042867 -0.000425743 -0.000424588 -0.000425197 -0.000420157 -0.000420889 -0.000418093 -0.000412702 -0.000416696 -0.000412159 -0.00041393 -0.000416379 -0.000411545 -0.000414242 -0.000409958 -0.000407477 -0.000408043 -0.000404558 -0.000406672 -0.00040587 -0.000407164 -0.000408792 -0.000406385 -0.000407914 -0.000404316 
0 8.32268e-06 -2.83275e-06 1.19425e-05 1.06349e-05 4.00958e-06 2.23515e-05 1.56461e-05 1.81097e-05 3.03531e-05 1.84344e-05 2.81695e-05 3.24846e-05 2.61832e-05 3.92967e-05 3.85386e-05 3.89383e-05 4.47695e-05 4.61244e-05 4.73087e-05 5.01653e-05 6.11673e-05 5.39722e-05 6.15201e-05 6.89553e-05 5.53464e-05 7.26038e-05 7.34172e-05 7.29552e-05 8.39223e-05 8.287e-05 8.71495e-05 8.1883e-05 9.98171e-05 9.99235e-05 9.67543e-05 0.000112973 0.000107119 0.000114507 0.000123738 0.000152044 0.00016279 0.000183606 0.000249908 0.000327641 0.000450058 0.000609502 0.000865372 0.00120768 0.00166618 0.00226918 0.00303456 0.00400896 0.00518211 0.00660825 0.00826218 0.010161 0.0122389 0.0144292 0.0166097 0.0186204 0.020306 0.0214753 0.0220079 0.0217498 0.0206529 0.0186522 0.0158019 0.0121872 0.00802215 0.00355619 -0.000921091 -0.00512909 -0.0088477 -0.0118876 -0.0141428 -0.0155227 -0.0160789 -0.0158888 -0.0151356 -0.0139554 -0.0125348 -0.010976 -0.00942401 -0.00796235 -0.00668196 -0.00556778 -0.00462138 -0.00382787 -0.0032002 -0.0026944 -0.00227603 -0.00191928 -0.00162616 -0.00137877 -0.00115723 -0.000951245 -0.000761615 -0.000585751 -0.000412939 -0.000241628 -7.09693e-05 0.000100173 0.000282878 0.000478953 0.00068702 0.000913815 0.00117926 0.00150032 0.00187495 0.00232189 0.00287509 0.00358089 0.00443402 0.00544759 0.00662576 0.0079958 0.00948913 0.011034 0.0124961 0.0137816 0.0147148 0.0151604 0.014925 0.0139106 0.0120337 0.00935697 0.00595688 0.00200413 -0.00230974 -0.00671343 -0.0109264 -0.014681 -0.0177489 -0.020011 -0.0213925 -0.0219338 -0.0216669 -0.0207313 -0.0192331 -0.0173628 -0.0152664 -0.0131187 -0.0110416 -0.00912251 -0.0074273 -0.00595599 -0.00473659 -0.00371645 -0.0029088 -0.00226355 -0.00177934 -0.00141153 -0.00113321 -0.00094713 -0.000817693 -0.000743311 -0.000664642 -0.000629574 -0.00061551 -0.000601969 -0.000586511 -0.000572102 -0.000579725 -0.000561213 -0.000564276 -0.000565485 -0.000556857 -0.000551844 -0.00054526 -0.000554311 -0.000539164 -0.0005454 -0.000547867 -0.000530379 -0.000538389 -0.000532889 -0.000528842 -0.000529579 -0.00052966 -0.000525014 -0.000518666 -0.000526445 -0.000514208 -0.000517267 -0.000525005 -0.000509384 -0.000520817 -0.000516312 -0.000504886 -0.000517766 -0.000505857 -0.000506697 -0.000516187 -0.000503043 -0.000510915 -0.000511344 -0.000501065 -0.000512176 -0.000505859 
0 -4.01335e-06 2.19419e-05 2.67786e-06 1.42382e-05 2.23515e-05 4.91935e-06 2.6056e-05 1.79219e-05 2.00456e-05 3.94536e-05 2.94087e-05 4.21278e-05 4.26765e-05 3.95818e-05 4.6398e-05 4.41851e-05 5.59172e-05 5.17026e-05 6.08901e-05 6.57768e-05 5.31806e-05 7.35598e-05 7.09313e-05 7.21647e-05 9.40242e-05 8.74531e-05 8.41167e-05 9.26861e-05 9.36605e-05 8.84638e-05 0.000108885 0.000116279 9.96239e-05 0.000115798 0.000122044 0.00012039 0.000140447 0.000153781 0.000156053 0.000162154 0.000197696 0.000254917 0.000310658 0.000391066 0.000541537 0.000770891 0.00106315 0.0014707 0.00203659 0.0027623 0.00369566 0.00485796 0.00627769 0.00797543 0.00996596 0.0122147 0.0146724 0.0172623 0.0198129 0.0221688 0.0241257 0.025496 0.0260823 0.0257722 0.0244546 0.0220873 0.0187254 0.014493 0.0096157 0.00437618 -0.000865441 -0.00583055 -0.0102213 -0.0138406 -0.0165176 -0.0182214 -0.0189451 -0.0188135 -0.0179873 -0.0166692 -0.0150218 -0.0132144 -0.0114 -0.00968439 -0.00814071 -0.00678975 -0.00565296 -0.00469697 -0.00392293 -0.0032849 -0.00277749 -0.00234133 -0.00198506 -0.00166707 -0.00140382 -0.001149 -0.000926813 -0.0007009 -0.000499751 -0.000285916 -8.8567e-05 0.000131438 0.000345659 0.000588339 0.000832257 0.00112414 0.0014469 0.00184012 0.00228952 0.00285436 0.00353961 0.00439416 0.00541631 0.00664815 0.00807546 0.00969408 0.0114446 0.0132439 0.0149488 0.0164032 0.0174484 0.017888 0.0175429 0.0162648 0.0140272 0.0108305 0.00680932 0.00213276 -0.00292233 -0.00809625 -0.0130299 -0.017429 -0.0210382 -0.0237128 -0.0253604 -0.0260019 -0.0257242 -0.0246276 -0.0228896 -0.0206952 -0.0182494 -0.0157079 -0.0132571 -0.0109845 -0.00895446 -0.00720313 -0.00572932 -0.00451332 -0.00353428 -0.00276933 -0.00215919 -0.00171313 -0.0014018 -0.00116418 -0.000985767 -0.000875978 -0.000820478 -0.000775731 -0.000732265 -0.000702856 -0.000701576 -0.000701781 -0.000681813 -0.000686001 -0.000683964 -0.000660487 -0.000669645 -0.000676957 -0.000663856 -0.000658333 -0.00066084 -0.000644766 -0.000638429 -0.00065335 -0.000638204 -0.000639544 -0.000642832 -0.000627455 -0.000632902 -0.000629207 -0.000632477 -0.000629815 -0.000626969 -0.000629863 -0.000610694 -0.000620533 -0.000614498 -0.000605437 -0.000627048 -0.000609474 -0.00061642 -0.000623557 -0.000601145 -0.000618538 -0.000607131 -0.000599578 -0.000617835 -0.000598437 -0.000610672 
0 1.05686e-06 9.59567e-07 4.88179e-06 1.42882e-05 1.56461e-05 2.6056e-05 3.06156e-05 2.65545e-05 3.90699e-05 3.11183e-05 3.1058e-05 4.499e-05 3.66748e-05 5.14555e-05 5.92151e-05 5.33214e-05 6.57774e-05 6.4734e-05 6.53157e-05 7.51023e-05 8.22875e-05 8.02097e-05 8.68054e-05 8.97311e-05 7.89253e-05 9.73523e-05 9.9323e-05 0.000107045 0.000121265 0.000114618 0.000126449 0.000118084 0.000134877 0.000147408 0.000138939 0.000153303 0.000152834 0.000158435 0.000173331 0.000219459 0.000234906 0.000270125 0.000371347 0.000486279 0.00067173 0.000915306 0.00127751 0.00177277 0.00243986 0.00328908 0.0043739 0.00575282 0.00739433 0.00937922 0.0116768 0.0142759 0.0170917 0.0200492 0.0229507 0.0256053 0.0278248 0.0293465 0.0299972 0.0296049 0.0280907 0.0253618 0.0215352 0.0167293 0.0112012 0.00526279 -0.000694421 -0.00634937 -0.011393 -0.0155468 -0.018667 -0.0206822 -0.0216279 -0.0215731 -0.0207443 -0.0193099 -0.017494 -0.0154564 -0.0134192 -0.011454 -0.0096625 -0.0080703 -0.00674191 -0.00561677 -0.00468808 -0.00391446 -0.00330407 -0.00278937 -0.00235739 -0.00197605 -0.00165623 -0.00136119 -0.00109241 -0.000829331 -0.000585127 -0.000339982 -0.000100497 0.000155325 0.000415096 0.000694824 0.000990711 0.00133972 0.00173318 0.0021958 0.00273593 0.00342104 0.00424958 0.00525882 0.00645639 0.0079122 0.0095809 0.0114473 0.0134248 0.0154639 0.0173617 0.0189665 0.0200587 0.0204726 0.0199609 0.0184267 0.0157993 0.012121 0.0074868 0.00214899 -0.00361126 -0.00948161 -0.0150833 -0.020078 -0.024188 -0.0272634 -0.0291565 -0.0299247 -0.0296257 -0.0284166 -0.0264445 -0.023976 -0.0211915 -0.0182953 -0.0154847 -0.012863 -0.0105144 -0.00846777 -0.0067652 -0.00532281 -0.00417708 -0.00327179 -0.00257088 -0.00203765 -0.00164219 -0.00136724 -0.00117437 -0.00106352 -0.000945209 -0.000890921 -0.000874428 -0.000848254 -0.000825788 -0.000810734 -0.000808038 -0.000786846 -0.00079776 -0.000788878 -0.000778817 -0.000773919 -0.000758595 -0.000771689 -0.000759904 -0.000764245 -0.00076724 -0.000749789 -0.000751227 -0.000748412 -0.000743973 -0.00074155 -0.000746393 -0.000732752 -0.000727492 -0.000733227 -0.000715593 -0.000728405 -0.00073061 -0.000720365 -0.000734394 -0.000720845 -0.000715658 -0.000719947 -0.000707121 -0.000711554 -0.000713322 -0.000709968 -0.000716255 -0.000715538 -0.000712786 -0.000713711 -0.000709762 
0 5.87789e-06 1.49162e-05 1.37391e-05 1.92217e-05 1.81097e-05 1.79219e-05 2.65545e-05 2.66558e-05 3.74716e-05 4.18592e-05 4.44917e-05 5.60542e-05 5.08377e-05 5.73383e-05 6.19631e-05 5.92722e-05 7.19848e-05 7.30832e-05 7.7083e-05 8.43881e-05 8.49572e-05 9.01976e-05 9.82521e-05 0.000105214 0.000109254 0.000119361 0.000115831 0.000119673 0.000127634 0.000124636 0.000142846 0.000142609 0.000146336 0.000158137 0.000157172 0.000172686 0.000186134 0.000198471 0.000209927 0.000241569 0.000276982 0.000339527 0.000443665 0.000568272 0.000783464 0.00108757 0.00150561 0.00207758 0.00284643 0.00383369 0.00508865 0.00666408 0.00854954 0.0108087 0.0134221 0.0163494 0.0195131 0.0228071 0.0260247 0.0289537 0.0313858 0.0330431 0.0337227 0.0332524 0.0315248 0.0284702 0.0242031 0.0188809 0.0127627 0.00619888 -0.000407298 -0.00670108 -0.0123424 -0.0170174 -0.0205646 -0.0229172 -0.0240972 -0.024181 -0.0233828 -0.0218942 -0.0199389 -0.0177249 -0.0154775 -0.01329 -0.0112507 -0.00943006 -0.00789445 -0.00659635 -0.00550091 -0.00458865 -0.00386062 -0.00325886 -0.00274498 -0.00229747 -0.00191611 -0.0015745 -0.00125828 -0.000955992 -0.000669008 -0.000387196 -0.000105414 0.000188187 0.000492468 0.000814634 0.00116638 0.00157495 0.0020418 0.00258047 0.0032236 0.00403207 0.00501253 0.00617964 0.00756736 0.00923754 0.0111476 0.0132381 0.015433 0.0176625 0.0197253 0.0214208 0.0225267 0.0228495 0.0221535 0.0203295 0.0173221 0.0131639 0.00796661 0.00200977 -0.00439003 -0.0108881 -0.0170896 -0.0226201 -0.0271956 -0.0306286 -0.0327714 -0.0336538 -0.0333603 -0.0320443 -0.0298856 -0.0271605 -0.0240763 -0.020853 -0.0177016 -0.0147542 -0.0120919 -0.00976878 -0.00781605 -0.00617513 -0.00485849 -0.00381345 -0.00299705 -0.00238029 -0.00193329 -0.00160182 -0.0013605 -0.00121727 -0.00110409 -0.00103689 -0.000992281 -0.000956148 -0.000937621 -0.000929729 -0.000921746 -0.000906946 -0.000908978 -0.000894148 -0.00089381 -0.000896259 -0.000883191 -0.000885781 -0.000873295 -0.000866181 -0.000865168 -0.000859681 -0.00085707 -0.000855207 -0.000850592 -0.000842559 -0.000846606 -0.000839735 -0.000839815 -0.000844742 -0.000832428 -0.000835826 -0.000828677 -0.000820014 -0.000825087 -0.000817587 -0.00082076 -0.000822765 -0.000819494 -0.000822792 -0.000817557 -0.000815654 -0.000813229 -0.000809378 -0.000811113 -0.00081007 -0.00081324 
0 -3.85254e-06 1.62924e-05 5.14392e-06 1.70264e-05 3.03531e-05 2.00456e-05 3.90699e-05 3.74716e-05 3.29979e-05 5.05283e-05 4.58059e-05 5.30399e-05 6.20888e-05 6.18299e-05 6.99868e-05 7.3005e-05 8.14771e-05 8.1179e-05 8.97944e-05 9.88638e-05 9.0716e-05 0.000109684 0.000109129 0.000106684 0.000128489 0.000123293 0.000129715 0.000140818 0.000144685 0.000147152 0.000156415 0.000172086 0.000161663 0.000177994 0.000188334 0.000186568 0.000207097 0.000219982 0.00024555 0.000264273 0.000318057 0.000403253 0.000509321 0.000672488 0.000915017 0.00128229 0.00175541 0.00241623 0.00329164 0.00441573 0.00584577 0.00760681 0.00974679 0.0122649 0.0151861 0.0184209 0.0219131 0.025509 0.0290054 0.0321795 0.0347782 0.0365495 0.0372317 0.0366824 0.0347385 0.0313945 0.026725 0.0209464 0.0143105 0.00720082 1.98769e-05 -0.00685091 -0.0130301 -0.018205 -0.0221671 -0.0248763 -0.0263104 -0.0265897 -0.0258669 -0.0243851 -0.0223358 -0.0199997 -0.0175655 -0.015182 -0.0129084 -0.0108727 -0.00912024 -0.00764198 -0.00637318 -0.00531849 -0.00446047 -0.0037604 -0.0031598 -0.00264249 -0.00219544 -0.00180031 -0.00143586 -0.00109175 -0.000762132 -0.000438331 -0.000113788 0.000220422 0.000568967 0.000940311 0.00135243 0.00182492 0.00236841 0.00299401 0.0037533 0.00469155 0.00583045 0.00716474 0.00875637 0.010635 0.0127783 0.0150739 0.0174705 0.0198455 0.0220338 0.0237646 0.0248426 0.0250166 0.0241123 0.0219739 0.0185916 0.0139635 0.00825376 0.00172968 -0.00524178 -0.0122964 -0.019026 -0.0250352 -0.0300373 -0.033792 -0.036184 -0.0371816 -0.0369189 -0.0355153 -0.0332169 -0.0302628 -0.0269175 -0.0233984 -0.0199284 -0.0166698 -0.0137001 -0.0111123 -0.0088958 -0.00706096 -0.00555946 -0.00437693 -0.00344111 -0.0027323 -0.00222359 -0.00183542 -0.00156465 -0.00137461 -0.0012662 -0.00117995 -0.00111917 -0.00108533 -0.00106461 -0.00105598 -0.00102854 -0.00103227 -0.00102227 -0.00100438 -0.00100816 -0.00100195 -0.000994284 -0.000983711 -0.000989972 -0.000976571 -0.00096916 -0.000980341 -0.000961025 -0.000962948 -0.000962825 -0.000950834 -0.000952528 -0.000947115 -0.000946037 -0.000937881 -0.000939396 -0.000937551 -0.000926145 -0.000938092 -0.000926965 -0.000924055 -0.000935288 -0.000915319 -0.000923191 -0.000923928 -0.000908282 -0.000925048 -0.000915548 -0.000911814 -0.000925299 -0.000908096 -0.00091559 
0 1.11062e-05 -1.61947e-06 2.01405e-05 1.88873e-05 1.84344e-05 3.94536e-05 3.11183e-05 4.18592e-05 5.05283e-05 4.61438e-05 5.71069e-05 5.63981e-05 6.46048e-05 7.0215e-05 7.79786e-05 8.68207e-05 8.18139e-05 9.99041e-05 9.4879e-05 9.8684e-05 0.000122761 0.000109261 0.000125006 0.000133757 0.000122804 0.000138373 0.000148096 0.000154171 0.000159304 0.000176732 0.000172224 0.000169932 0.000198135 0.000197877 0.000205965 0.000220573 0.000228885 0.000238573 0.000265601 0.00032476 0.000371596 0.000444013 0.000581094 0.000793572 0.00107729 0.00146427 0.0020263 0.00277969 0.00376699 0.00503084 0.00662759 0.0086004 0.0109733 0.0137687 0.0169631 0.0205101 0.0242946 0.0281627 0.0319046 0.0352749 0.0380143 0.0398449 0.0405301 0.0398639 0.0377318 0.0341048 0.0290933 0.0229032 0.0158322 0.0082541 0.000571577 -0.00679689 -0.0134675 -0.0190942 -0.0234823 -0.0265349 -0.0282732 -0.0287697 -0.0281984 -0.0267555 -0.0246924 -0.0222628 -0.0196931 -0.0171193 -0.0146486 -0.0123957 -0.0104323 -0.00875385 -0.00731346 -0.00610425 -0.00510769 -0.004294 -0.00360024 -0.00300813 -0.00248823 -0.00203586 -0.00161687 -0.00123156 -0.000853346 -0.000488576 -0.00011509 0.000258403 0.000657015 0.00107959 0.00155954 0.00209896 0.00272459 0.00344916 0.00433452 0.00541328 0.00670971 0.00822896 0.0100238 0.0121162 0.0144613 0.0169581 0.019513 0.0220099 0.0242486 0.0259831 0.0269569 0.0269568 0.0257867 0.0233409 0.0195614 0.0145031 0.00831294 0.00129789 -0.00618233 -0.0137137 -0.0208931 -0.0273273 -0.0326951 -0.0367546 -0.0393617 -0.040504 -0.040264 -0.0388237 -0.0364027 -0.0332721 -0.02969 -0.0259127 -0.022156 -0.0185904 -0.0153435 -0.0124775 -0.0100272 -0.00797373 -0.00629802 -0.00496204 -0.00392344 -0.00312372 -0.00251074 -0.00208293 -0.00178687 -0.00157142 -0.00140642 -0.00130999 -0.00126649 -0.00122163 -0.00118568 -0.00116171 -0.00115777 -0.00113867 -0.00112996 -0.00113928 -0.00111475 -0.00110446 -0.00110532 -0.00110082 -0.00109097 -0.00109404 -0.00109339 -0.00106828 -0.00107923 -0.0010715 -0.00105818 -0.00107171 -0.00105617 -0.00105289 -0.00104952 -0.00104276 -0.00104221 -0.00103736 -0.00104558 -0.00103382 -0.0010357 -0.00103702 -0.00101852 -0.00103258 -0.00102176 -0.00101562 -0.00103203 -0.0010124 -0.00102214 -0.00102635 -0.00100822 -0.00102642 -0.00101501 
0 8.14651e-06 1.56609e-05 2.19942e-05 2.20418e-05 2.81695e-05 2.94087e-05 3.1058e-05 4.44917e-05 4.58059e-05 5.71069e-05 6.82673e-05 6.57416e-05 8.04102e-05 7.89033e-05 7.76148e-05 9.241e-05 9.15141e-05 0.000101639 0.000112784 0.000114139 0.000118901 0.000127035 0.000133411 0.000140625 0.000157772 0.000159458 0.000164164 0.000167315 0.000169376 0.000182072 0.000185622 0.000209439 0.000207167 0.000207071 0.000231579 0.000235461 0.000257688 0.000286878 0.000315942 0.000337459 0.000416482 0.000536755 0.000677162 0.000903933 0.00121857 0.00169273 0.00232301 0.00316151 0.00425931 0.00568051 0.00746042 0.00962297 0.0122489 0.015296 0.0187764 0.0225983 0.0266597 0.0307615 0.0347097 0.0382427 0.0410664 0.0429404 0.0435801 0.0428071 0.040471 0.0366091 0.0312833 0.024756 0.017317 0.00935343 0.00125262 -0.00654432 -0.0136329 -0.0196904 -0.0244728 -0.0278963 -0.0299422 -0.0307206 -0.0303291 -0.0290072 -0.0269703 -0.0245198 -0.0218326 -0.0191143 -0.0164569 -0.0140138 -0.0118272 -0.00994948 -0.00832395 -0.00695786 -0.00580783 -0.00486994 -0.00407269 -0.00339757 -0.00280039 -0.0022831 -0.00180812 -0.00137323 -0.000947464 -0.000535678 -0.000115043 0.000305874 0.000755019 0.00123638 0.0017866 0.00240078 0.00311601 0.00395021 0.00497476 0.0061983 0.00766387 0.00937004 0.0113822 0.013669 0.0162083 0.0188667 0.0215662 0.0241205 0.0263724 0.0280302 0.0288694 0.0286264 0.0271814 0.0243908 0.0202385 0.0147569 0.00815283 0.000704012 -0.00720118 -0.0151336 -0.0226896 -0.0294759 -0.0351719 -0.0394848 -0.0423123 -0.0435817 -0.0434071 -0.0419371 -0.0394498 -0.0361684 -0.0323956 -0.0283909 -0.0243703 -0.0205331 -0.0170069 -0.0138899 -0.0111802 -0.00893628 -0.00708025 -0.00558952 -0.00441735 -0.0035277 -0.00285961 -0.00235504 -0.0019985 -0.00173803 -0.00159556 -0.0014755 -0.00138009 -0.00133335 -0.00131042 -0.00128815 -0.00126675 -0.0012679 -0.00123988 -0.00123512 -0.00123701 -0.00122899 -0.00122815 -0.00121125 -0.00120749 -0.00119471 -0.00118858 -0.00119145 -0.00118354 -0.00117701 -0.00117182 -0.00116685 -0.00115676 -0.00116434 -0.00116126 -0.00115308 -0.00116096 -0.00114347 -0.00113873 -0.00114101 -0.00112727 -0.00113412 -0.0011341 -0.00112859 -0.00113495 -0.00112936 -0.00112482 -0.00112628 -0.00111921 -0.00111786 -0.00112071 -0.00111667 -0.0011201 
0 2.79327e-06 5.26566e-06 1.45829e-05 1.99447e-05 3.24846e-05 4.21278e-05 4.499e-05 5.60542e-05 5.30399e-05 5.63981e-05 6.57416e-05 6.44126e-05 8.02988e-05 8.57857e-05 9.18463e-05 0.000107691 0.000104467 0.00011369 0.000120558 0.00012254 0.000135663 0.000141403 0.000146747 0.000152338 0.00015785 0.000162335 0.000177747 0.000187463 0.00019649 0.000211715 0.000205123 0.000221357 0.000229953 0.000234705 0.000258785 0.000261002 0.000275013 0.000299818 0.000340188 0.000390988 0.000478 0.000594933 0.000762898 0.0010466 0.0014118 0.00193152 0.00264177 0.00358405 0.00480881 0.00637626 0.00832915 0.0106984 0.0135607 0.0168605 0.0205971 0.0246834 0.0289823 0.03329 0.037403 0.0410525 0.0439291 0.0458022 0.0463825 0.0454796 0.0429658 0.0388839 0.0333056 0.026497 0.0187738 0.0105004 0.00206935 -0.0060751 -0.0135216 -0.0199617 -0.025128 -0.0289174 -0.0313067 -0.0323914 -0.0322441 -0.0310917 -0.0291601 -0.0267301 -0.0239831 -0.0211437 -0.0183411 -0.0157143 -0.0133208 -0.0112309 -0.00942234 -0.00788341 -0.00657788 -0.00549861 -0.00459187 -0.00381917 -0.00314302 -0.00255257 -0.0020194 -0.00152545 -0.00105143 -0.000588464 -0.000120905 0.000356194 0.000858736 0.00140671 0.00202821 0.00273007 0.00354155 0.00450249 0.00566991 0.00705472 0.0086909 0.0106003 0.0128205 0.0153023 0.0180032 0.0208069 0.023602 0.0261809 0.0283738 0.0299086 0.0305477 0.0300361 0.0282744 0.0251382 0.0206122 0.0147477 0.00777669 -3.07506e-05 -0.00828135 -0.01654 -0.0243946 -0.0314752 -0.0374387 -0.0419876 -0.0450075 -0.0464245 -0.0463264 -0.0448734 -0.0423473 -0.0389652 -0.0350393 -0.03084 -0.0265907 -0.0224929 -0.0187097 -0.0153386 -0.0123904 -0.00992924 -0.00788868 -0.00624583 -0.00494993 -0.0039517 -0.00318661 -0.00263056 -0.00224277 -0.00193951 -0.00175093 -0.00161964 -0.00153299 -0.00147974 -0.00144176 -0.00140765 -0.00138576 -0.00138439 -0.00136148 -0.00135987 -0.00134663 -0.00132775 -0.00132884 -0.00131727 -0.0013173 -0.00131355 -0.00130471 -0.00129772 -0.00129307 -0.0012863 -0.00128321 -0.00128441 -0.00127004 -0.0012697 -0.00126073 -0.0012483 -0.00125586 -0.00124646 -0.0012484 -0.00125254 -0.00124256 -0.00124509 -0.00123825 -0.00123034 -0.00123135 -0.00122599 -0.00122564 -0.00122871 -0.00122646 -0.00122683 -0.00122753 -0.00122296 -0.00122213 
0 1.49398e-05 8.71005e-06 2.88511e-05 2.72156e-05 2.61832e-05 4.26765e-05 3.66748e-05 5.08377e-05 6.20888e-05 6.46048e-05 8.04102e-05 8.02988e-05 8.83292e-05 9.13888e-05 9.79644e-05 0.000110227 0.000105223 0.000128153 0.000129066 0.000128932 0.000156593 0.000144746 0.000160037 0.000178041 0.000170891 0.00018734 0.000195301 0.000199268 0.000202841 0.000222658 0.000227237 0.000228404 0.000256971 0.000255071 0.000272148 0.000291563 0.000310011 0.000343102 0.000371635 0.000448345 0.000539697 0.000669986 0.000874332 0.00118532 0.00160827 0.00217663 0.00298635 0.00402637 0.0053835 0.00710518 0.00923653 0.011829 0.0149096 0.0184698 0.022442 0.0267798 0.0312786 0.0357636 0.0399997 0.0437152 0.0466124 0.0484347 0.0489354 0.0478775 0.0452069 0.0409156 0.035142 0.0281074 0.020176 0.0116676 0.00299282 -0.00541634 -0.0131614 -0.0199279 -0.0254616 -0.0296062 -0.0323694 -0.033776 -0.0339326 -0.0329962 -0.031245 -0.0288769 -0.0261313 -0.0231994 -0.0202912 -0.01749 -0.0149093 -0.0125997 -0.0106062 -0.00887861 -0.00741386 -0.00617828 -0.00515105 -0.00426586 -0.00350545 -0.002835 -0.0022376 -0.00167621 -0.00114986 -0.000633325 -0.000116161 0.000424218 0.000986475 0.00160669 0.00230269 0.00310385 0.00402222 0.00512367 0.00643716 0.00799694 0.0098076 0.0119296 0.0143426 0.0170128 0.0198412 0.022765 0.0255987 0.0281631 0.0302236 0.0315855 0.031958 0.0311551 0.0290371 0.0255556 0.0206581 0.0144577 0.00716644 -0.000921893 -0.00943704 -0.0179435 -0.0260216 -0.0333334 -0.0395006 -0.044263 -0.0474446 -0.0490218 -0.0490081 -0.0476154 -0.0450726 -0.0416381 -0.0375949 -0.0332325 -0.0287896 -0.0244527 -0.0204374 -0.0168092 -0.0136478 -0.010963 -0.00874676 -0.0069407 -0.0055174 -0.00441879 -0.00355438 -0.0029387 -0.00248793 -0.00216064 -0.00192413 -0.00177724 -0.0016808 -0.00160205 -0.00156192 -0.00152357 -0.00151454 -0.00148967 -0.00147344 -0.00147939 -0.00145572 -0.00145144 -0.00144902 -0.00143977 -0.00142379 -0.00142383 -0.00141969 -0.00139577 -0.00140986 -0.00139414 -0.00138046 -0.00139192 -0.0013719 -0.00137457 -0.00137343 -0.00136588 -0.00136574 -0.00135696 -0.0013585 -0.00134431 -0.00134474 -0.00134593 -0.00133178 -0.00134619 -0.00133665 -0.00133101 -0.00134304 -0.00132338 -0.00133031 -0.0013324 -0.00131675 -0.00133339 -0.00132461 
0 2.8846e-06 1.87446e-05 1.77774e-05 2.78238e-05 3.92967e-05 3.95818e-05 5.14555e-05 5.73383e-05 6.18299e-05 7.0215e-05 7.89033e-05 8.57857e-05 9.13888e-05 0.000108138 0.000105501 0.000112675 0.000131881 0.000122498 0.000144477 0.000153921 0.000145464 0.000171214 0.000169459 0.000176445 0.000195232 0.000201742 0.00020987 0.000213575 0.00023327 0.000228977 0.000243756 0.000270513 0.000263271 0.000278698 0.00029513 0.000312706 0.000330286 0.000376248 0.00043059 0.000476277 0.000595398 0.000767755 0.00100947 0.00133567 0.00180781 0.00247876 0.00335997 0.00451423 0.00599294 0.00788454 0.0101989 0.0129974 0.0163053 0.0200928 0.0243121 0.0288459 0.0335355 0.0381492 0.042476 0.0462136 0.0490895 0.0508386 0.0512134 0.0500179 0.0471761 0.0427283 0.0367844 0.0296123 0.0215231 0.0128724 0.00403142 -0.00455954 -0.0125366 -0.0195828 -0.0254427 -0.0299551 -0.0330871 -0.0348622 -0.0353445 -0.0347089 -0.0331732 -0.0309508 -0.028239 -0.0252873 -0.0222828 -0.0193544 -0.0165849 -0.0140824 -0.0118796 -0.00997172 -0.00832599 -0.00693852 -0.00576379 -0.00476517 -0.0039018 -0.00315448 -0.00247598 -0.00184843 -0.00125609 -0.000690267 -0.000111159 0.000490856 0.00112941 0.00181927 0.00260598 0.00350691 0.0045587 0.00579925 0.00728006 0.0090091 0.0110217 0.0133384 0.0159513 0.0187706 0.021725 0.0247065 0.0275535 0.0300256 0.0319232 0.0330276 0.03311 0.0319634 0.029492 0.0256413 0.0204077 0.0139048 0.0063576 -0.00194087 -0.0106415 -0.0193093 -0.0275573 -0.0350161 -0.0413572 -0.0462788 -0.0496351 -0.0513496 -0.0514686 -0.0501531 -0.0476431 -0.0441928 -0.0400748 -0.0355919 -0.0309684 -0.0264441 -0.0221877 -0.0183351 -0.0149388 -0.0120502 -0.0096474 -0.00767291 -0.00610882 -0.00488891 -0.00396668 -0.00325269 -0.00273255 -0.00236991 -0.00212866 -0.00195031 -0.00180634 -0.00174341 -0.00169576 -0.00165708 -0.00162824 -0.00161691 -0.0015982 -0.00157302 -0.00158463 -0.00156813 -0.00155419 -0.00154945 -0.00153903 -0.00152967 -0.00151903 -0.00152839 -0.00150711 -0.00150267 -0.00150758 -0.00148205 -0.00149062 -0.00148581 -0.00147331 -0.00147733 -0.0014671 -0.0014615 -0.0014569 -0.00145739 -0.00145065 -0.00144761 -0.00145309 -0.00143799 -0.00144344 -0.00144288 -0.00142808 -0.00144195 -0.00143114 -0.00142655 -0.00143992 -0.00142252 -0.00143088 
0 5.2803e-06 1.30442e-05 1.86448e-05 2.96303e-05 3.85386e-05 4.6398e-05 5.92151e-05 6.19631e-05 6.99868e-05 7.79786e-05 7.76148e-05 9.18463e-05 9.79644e-05 0.000105501 0.000121615 0.000125413 0.000137547 0.00014384 0.000147397 0.000158148 0.000166756 0.000179693 0.000185831 0.000196735 0.000202297 0.000205798 0.000223363 0.000235864 0.000247337 0.000260396 0.000271151 0.000268584 0.00028603 0.000310797 0.000316414 0.000343259 0.00036736 0.000395442 0.000451611 0.0005532 0.000681822 0.000849289 0.00112099 0.00151316 0.00206332 0.00278193 0.00375238 0.00503166 0.00666315 0.00870378 0.0112025 0.0142197 0.0177387 0.0217593 0.0261848 0.03091 0.0357411 0.0404645 0.044828 0.0485509 0.0513696 0.0530004 0.053235 0.0518773 0.0488918 0.0442911 0.0382453 0.0309768 0.022813 0.0140825 0.00516855 -0.00353382 -0.0116744 -0.0189401 -0.0250967 -0.029956 -0.0334748 -0.0356213 -0.0364865 -0.0361854 -0.0349401 -0.0329009 -0.0303049 -0.0273643 -0.0243186 -0.0212724 -0.018357 -0.0156556 -0.0132567 -0.0111463 -0.00932716 -0.0077645 -0.00644036 -0.00530443 -0.00433834 -0.00349463 -0.00273565 -0.00202655 -0.00137037 -0.000739991 -0.000101485 0.000576475 0.00129045 0.00206809 0.00294436 0.0039666 0.00515462 0.00655771 0.00819986 0.0101204 0.0123272 0.0148501 0.0176268 0.0205899 0.0236224 0.0266378 0.0294208 0.0317648 0.0334239 0.0342356 0.0339628 0.0324636 0.0296104 0.0254039 0.0198483 0.0130973 0.00535107 -0.00308907 -0.0118897 -0.0206524 -0.0289897 -0.0365503 -0.0429933 -0.0480637 -0.0515596 -0.0534319 -0.0536866 -0.0524945 -0.0500437 -0.0466171 -0.0424698 -0.0378913 -0.0331336 -0.0284271 -0.0239696 -0.0198876 -0.0162868 -0.0131742 -0.0105786 -0.00845177 -0.00675069 -0.00539794 -0.00436148 -0.00359634 -0.00302632 -0.00260918 -0.00229845 -0.00210968 -0.00198653 -0.00189083 -0.00181746 -0.00178034 -0.00175458 -0.00172565 -0.00172495 -0.00170677 -0.00168425 -0.00167439 -0.00166716 -0.00165918 -0.00165345 -0.00165025 -0.00163449 -0.00162706 -0.00162016 -0.00161522 -0.00161147 -0.00160484 -0.00160106 -0.00158567 -0.00158181 -0.00157681 -0.00156832 -0.00157325 -0.00156667 -0.00156372 -0.00156338 -0.00155418 -0.0015512 -0.00154833 -0.00154274 -0.00154195 -0.00154228 -0.00153796 -0.00153917 -0.00153854 -0.00153341 -0.00153666 -0.00153299 
0 1.16039e-05 2.03457e-05 2.86068e-05 3.53318e-05 3.89383e-05 4.41851e-05 5.33214e-05 5.92722e-05 7.3005e-05 8.68207e-05 9.241e-05 0.000107691 0.000110227 0.000112675 0.000125413 0.000126138 0.000140063 0.00015123 0.000159944 0.000175865 0.000179152 0.000190321 0.000198563 0.000208028 0.000225234 0.00023247 0.000241742 0.000250756 0.000253201 0.000264462 0.000286738 0.00029432 0.000312776 0.000330632 0.000334738 0.000367948 0.000403285 0.000447509 0.000512882 0.000606105 0.000742869 0.000962019 0.00127852 0.0016956 0.00230103 0.00311035 0.00418727 0.00558587 0.00735623 0.00956368 0.0122618 0.0154888 0.0192152 0.0234523 0.0280757 0.0329579 0.0379062 0.0426969 0.0470603 0.0507285 0.0534492 0.0549298 0.0549942 0.0534731 0.050341 0.0456216 0.0395088 0.032207 0.024025 0.0152942 0.00638028 -0.00235836 -0.0105952 -0.0180226 -0.0244325 -0.0296234 -0.033519 -0.0360578 -0.0373313 -0.0374178 -0.0365031 -0.0347148 -0.0322885 -0.029423 -0.0263668 -0.0232455 -0.0202042 -0.0173289 -0.0147284 -0.0124194 -0.0104127 -0.00867089 -0.00717853 -0.00589971 -0.00481255 -0.00386479 -0.00301078 -0.00221964 -0.00148715 -0.000786812 -7.61674e-05 0.000677712 0.00147985 0.00235174 0.00333478 0.00448345 0.00582583 0.00739647 0.00921503 0.0113259 0.0137365 0.0164477 0.0193737 0.0224431 0.0255287 0.0285206 0.0311892 0.0333362 0.0347142 0.0351752 0.0345154 0.0326322 0.0293985 0.0248396 0.0189957 0.0120434 0.00416119 -0.00435172 -0.0131803 -0.0219597 -0.030326 -0.037923 -0.0444269 -0.0496042 -0.0532351 -0.0552578 -0.0556721 -0.0546262 -0.0522739 -0.0489049 -0.044765 -0.0401294 -0.0352633 -0.0304114 -0.0257664 -0.0214721 -0.0176674 -0.0143537 -0.0115647 -0.00926493 -0.0074176 -0.00595065 -0.00482077 -0.00395809 -0.00330613 -0.00285889 -0.00252575 -0.00228938 -0.00212923 -0.00202361 -0.00195064 -0.00191119 -0.00187948 -0.0018406 -0.00183237 -0.00181616 -0.00180495 -0.00180439 -0.00178965 -0.00177501 -0.00176577 -0.00175536 -0.00174716 -0.00174444 -0.00173173 -0.00172434 -0.00171348 -0.00170305 -0.00170465 -0.0016963 -0.0016975 -0.00169451 -0.00168348 -0.00168168 -0.00167077 -0.00166312 -0.00166277 -0.00165784 -0.00165533 -0.00165787 -0.00165206 -0.00164819 -0.00165064 -0.00164046 -0.0016426 -0.00164343 -0.00163434 -0.00164301 -0.00163708 
0 5.27681e-06 1.45433e-05 2.16957e-05 3.31426e-05 4.47695e-05 5.59172e-05 6.57774e-05 7.19848e-05 8.14771e-05 8.18139e-05 9.15141e-05 0.000104467 0.000105223 0.000131881 0.000137547 0.000140063 0.00016698 0.0001533 0.000171188 0.000189308 0.000176856 0.000209023 0.000212911 0.000215315 0.000236512 0.000242434 0.000255016 0.00026666 0.000290592 0.000290069 0.000304383 0.000323495 0.000324071 0.000351648 0.000362639 0.000398827 0.000424899 0.00046993 0.000567977 0.000663457 0.000831157 0.00107976 0.00143563 0.00190573 0.00257861 0.00348835 0.00465153 0.00618637 0.00809706 0.0104814 0.0133693 0.0167923 0.0207305 0.0251564 0.029966 0.0349641 0.0400121 0.0448226 0.0491574 0.0527339 0.0553186 0.0566276 0.0564957 0.0548177 0.0515334 0.0467393 0.0405853 0.0333161 0.0251662 0.0165157 0.00766436 -0.00103736 -0.00930474 -0.016839 -0.0234541 -0.0289564 -0.0332081 -0.0361627 -0.037858 -0.0383842 -0.0378307 -0.0363685 -0.0341596 -0.0314444 -0.0284095 -0.0252692 -0.0221198 -0.0191078 -0.0163036 -0.0138101 -0.0115974 -0.00967758 -0.00799708 -0.00657495 -0.00534308 -0.00428416 -0.00331708 -0.0024465 -0.0016213 -0.000845407 -4.51411e-05 0.000782047 0.001688 0.00266026 0.00377371 0.0050508 0.00656724 0.00830657 0.0103229 0.0126162 0.015239 0.0181103 0.0211755 0.0243035 0.0274183 0.0303201 0.0328318 0.0347075 0.0357731 0.0358289 0.0347664 0.0324682 0.0288694 0.0239695 0.0178817 0.0107744 0.00282221 -0.00569484 -0.0144871 -0.0232062 -0.0315475 -0.0391158 -0.045653 -0.0508913 -0.0546619 -0.0568268 -0.0574302 -0.0565495 -0.0543403 -0.0510645 -0.0469668 -0.0423204 -0.0373671 -0.0324074 -0.0275856 -0.02311 -0.0190892 -0.0155811 -0.0125965 -0.0101228 -0.00812391 -0.006513 -0.00529353 -0.00433342 -0.00361579 -0.00310589 -0.00274086 -0.00247312 -0.00228678 -0.00218812 -0.00209019 -0.00204061 -0.00200185 -0.00197567 -0.00196211 -0.00192915 -0.00192928 -0.00190754 -0.00189203 -0.00188806 -0.00188041 -0.00186725 -0.00185405 -0.00186172 -0.00183312 -0.00183745 -0.00184185 -0.00181144 -0.00182584 -0.00180893 -0.00179215 -0.00179896 -0.00178153 -0.00178235 -0.00178184 -0.0017763 -0.00177398 -0.00176833 -0.00176593 -0.00175686 -0.00175785 -0.00175509 -0.00174798 -0.00175352 -0.00174595 -0.00174326 -0.00174835 -0.00173963 -0.00174345 
