0 0 0 0 0 0 0 0 0 0 0 0 0 0 0 0 0 0 0 0 0 0 0 0 0 0 0 0 0 0 0 0 0 0 0 0 0 0 0 0 0 0 0 0 0 0 0 0 0 0 0 0 0 0 0 0 0 0 0 0 0 0 0 0 0 0 0 0 0 0 0 0 0 0 0 0 0 0 0 0 0 0 0 0 0 0 0 0 0 0 0 0 0 0 0 0 0 0 0 0 0 0 0 0 0 0 0 0 0 0 0 0 0 0 0 0 0 0 0 0 0 0 0 0 0 0 0 0 0 0 0 0 0 0 0 0 0 0 0 0 0 0 0 0 0 0 0 0 0 0 0 0 0 0 0 0 0 0 0 0 0 0 0 0 0 0 0 0 0 0 0 0 0 0 0 0 0 0 0 0 0 0 0 0 0 0 0 0 0 0 0 0 0 0 0 0 0 0 0 0 
0 -9.08743e-07 1.08647e-06 -4.3737e-06 8.64841e-07 -4.02836e-07 1.32546e-06 5.10636e-06 1.86641e-06 6.38911e-06 4.31047e-07 3.05442e-06 1.57283e-06 -1.81519e-06 7.93558e-06 -3.24598e-07 1.03969e-05 1.2796e-05 1.00085e-05 3.09676e-05 3.20891e-05 5.83941e-05 9.35446e-05 0.000129846 0.000198066 0.000277336 0.000382837 0.000520927 0.000702275 0.000910937 0.00117676 0.00148726 0.00181819 0.00221106 0.00260249 0.00299514 0.00336743 0.00366134 0.00385722 0.00391914 0.0038361 0.00357768 0.00316756 0.00259921 0.00189114 0.00108216 0.000230959 -0.00059346 -0.00136072 -0.00198845 -0.0024756 -0.0028204 -0.0029976 -0.00299802 -0.00287461 -0.00266803 -0.00239337 -0.00210121 -0.00180073 -0.00152317 -0.00127403 -0.00106119 -0.000885941 -0.000759045 -0.00065216 -0.000555545 -0.00048981 -0.000441133 -0.000400504 -0.000362549 -0.00033024 -0.000296716 -0.000282261 -0.000265794 -0.000238411 -0.000215376 -0.000209184 -0.00019614 -0.000176529 -0.000163178 -0.000152691 -0.000143185 -0.000133897 -0.000121388 -0.000106954 -0.000105349 -9.98448e-05 -8.37834e-05 -7.24941e-05 -7.68405e-05 -6.81964e-05 -5.14084e-05 -4.70542e-05 -5.17067e-05 -3.82254e-05 -2.50329e-05 -2.6453e-05 -2.71736e-05 -1.06802e-05 -3.40328e-06 -7.43946e-06 -2.4352e-06 1.44218e-05 1.53064e-05 1.21197e-05 2.3021e-05 3.74166e-05 3.3057e-05 3.42803e-05 4.92872e-05 5.87728e-05 5.30267e-05 6.07318e-05 7.54843e-05 8.07915e-05 7.9777e-05 9.11619e-05 0.000101776 0.00010938 0.000116441 0.000124394 0.000133934 0.000151281 0.000162902 0.000165921 0.000183586 0.000209016 0.000223861 0.000234235 0.000262569 0.000291126 0.000325113 0.000361047 0.000402867 0.000457746 0.000545235 0.000642073 0.000753571 0.000907668 0.00110454 0.001339 0.0015997 0.00188325 0.00217311 0.00246347 0.00268746 0.00283052 0.00287182 0.0027625 0.00247608 0.00203801 0.00146231 0.000745151 -4.67319e-05 -0.000879021 -0.00168308 -0.00241565 -0.00301828 -0.00346336 -0.00375755 -0.00388573 -0.0038628 -0.00370406 -0.00345123 -0.00309915 -0.00271927 -0.00233504 -0.00194349 -0.00160881 -0.00130092 -0.00103336 -0.000812982 -0.000630795 -0.000478501 -0.000364181 -0.00028353 -0.0002075 -0.000172187 -0.00013455 -0.000106354 -0.000101175 -8.0071e-05 -8.22452e-05 -7.84562e-05 -7.56871e-05 -8.02505e-05 -7.42915e-05 -7.81995e-05 -7.1148e-05 -7.28606e-05 -7.1328e-05 -6.7224e-05 -7.58605e-05 -6.83051e-05 -7.56864e-05 -7.62929e-05 -6.99124e-05 -7.91213e-05 -6.9304e-05 -7.31258e-05 
0 1.08647e-06 5.17907e-06 1.65816e-06 7.94335e-06 1.78575e-06 -3.8872e-07 4.03405e-06 -5.98667e-06 4.00739e-06 4.00837e-06 1.23177e-06 1.49689e-05 5.43955e-06 9.46112e-06 1.6119e-05 6.81236e-06 2.3251e-05 3.31491e-05 4.3244e-05 8.29697e-05 0.00011509 0.000172626 0.000268815 0.000379914 0.000554327 0.000777738 0.00105701 0.00141403 0.00184064 0.00235962 0.00295379 0.00365155 0.00440909 0.00519665 0.00599884 0.00670801 0.0072912 0.00768295 0.00781904 0.00763824 0.00715632 0.00633225 0.00516604 0.00377956 0.00217504 0.000487875 -0.00116485 -0.00266918 -0.00395772 -0.00494656 -0.0055971 -0.00594405 -0.00597828 -0.00577342 -0.00532295 -0.00477736 -0.00420132 -0.00362798 -0.00305722 -0.00255048 -0.00213016 -0.00177911 -0.00152712 -0.00129511 -0.00111631 -0.000969103 -0.00088347 -0.000785819 -0.000722126 -0.000645686 -0.000589145 -0.000551305 -0.000521011 -0.000467148 -0.000421349 -0.00041032 -0.000378525 -0.000349352 -0.000313138 -0.000303254 -0.000272418 -0.000267108 -0.000228986 -0.000216089 -0.00019712 -0.000200042 -0.000155726 -0.000148585 -0.000140522 -0.00013736 -9.33102e-05 -9.69392e-05 -9.09558e-05 -7.80969e-05 -4.19251e-05 -5.42606e-05 -4.27772e-05 -2.37515e-05 1.22796e-06 -1.50631e-05 5.92104e-06 2.56756e-05 3.96969e-05 2.45013e-05 5.63697e-05 7.1097e-05 7.71742e-05 6.84554e-05 0.000109004 0.000114024 0.000119361 0.000120576 0.00016251 0.000159542 0.00017419 0.00018169 0.000217201 0.00021933 0.000247059 0.000251555 0.000282903 0.000306715 0.000338108 0.000341358 0.000380158 0.000427689 0.000457135 0.000484353 0.000533182 0.000599193 0.000654852 0.000739822 0.000811819 0.000937068 0.00109085 0.00129808 0.0015187 0.00183596 0.00221021 0.00267477 0.00321469 0.00378158 0.00434179 0.00488378 0.00537282 0.00566342 0.00572087 0.00546048 0.00492421 0.00406556 0.0028974 0.00147789 -0.000103445 -0.0017633 -0.00337835 -0.00478971 -0.00600524 -0.00691202 -0.00749054 -0.00775593 -0.00771571 -0.00739633 -0.00686543 -0.00620579 -0.00543779 -0.00466693 -0.00391294 -0.00321342 -0.00259545 -0.00206081 -0.00162389 -0.0012499 -0.00096854 -0.000739175 -0.00055369 -0.000435194 -0.000331882 -0.000265062 -0.000231597 -0.000194067 -0.000178559 -0.000171527 -0.000151531 -0.000151497 -0.000147735 -0.000138225 -0.000148786 -0.00014543 -0.000146164 -0.000154566 -0.000146795 -0.000148714 -0.000148413 -0.000140492 -0.000144086 -0.00014305 -0.000140082 -0.000146437 -0.000145306 
0 -4.3737e-06 1.65816e-06 -5.15829e-06 2.40566e-06 1.12898e-06 4.14489e-06 1.04636e-05 5.34237e-06 1.2841e-05 4.09634e-06 7.38339e-06 7.02788e-06 1.57173e-06 1.74498e-05 8.67045e-06 2.57495e-05 3.63677e-05 4.07516e-05 8.3646e-05 0.000109219 0.000178601 0.00027825 0.000401775 0.000594842 0.000840897 0.00116416 0.00158222 0.00211952 0.00275651 0.00354314 0.00445929 0.00546964 0.00661739 0.00778895 0.00895772 0.0100411 0.01091 0.0114851 0.0116692 0.0114129 0.0106592 0.00943386 0.00774019 0.00564946 0.00326355 0.000751629 -0.00169768 -0.0039585 -0.00584571 -0.00731169 -0.00833105 -0.00886533 -0.00890778 -0.00857397 -0.00796426 -0.00716709 -0.00630564 -0.00542523 -0.00459499 -0.00384752 -0.00320931 -0.0026843 -0.00228885 -0.00195762 -0.00167464 -0.00146746 -0.00131524 -0.00118709 -0.0010738 -0.000972216 -0.000878307 -0.000824762 -0.000770064 -0.000694413 -0.00062889 -0.000600218 -0.00055869 -0.000506617 -0.000463251 -0.000431243 -0.000399956 -0.000372277 -0.000333229 -0.00029667 -0.000282798 -0.000264662 -0.000221189 -0.000192555 -0.000191816 -0.000168699 -0.000125884 -0.000111855 -0.000112913 -8.09714e-05 -4.67736e-05 -4.47641e-05 -3.88986e-05 -1.48285e-06 2.00153e-05 1.63866e-05 3.31885e-05 7.0935e-05 7.92944e-05 7.70001e-05 0.000105562 0.000138176 0.00013619 0.000142373 0.000179701 0.000202676 0.000198374 0.000217366 0.000255572 0.000270906 0.000276614 0.000303679 0.000335807 0.000357081 0.000379945 0.000402669 0.000434938 0.000478576 0.000513329 0.000530804 0.000581452 0.000648184 0.000695378 0.000735047 0.000812873 0.000900331 0.000999375 0.00110979 0.00123873 0.00141325 0.00166426 0.00195991 0.00230763 0.00277309 0.00335758 0.00405504 0.00483663 0.00567834 0.00653159 0.00736078 0.00802416 0.00843732 0.00852319 0.00816608 0.00731766 0.0060105 0.00428046 0.00215887 -0.000194258 -0.00265566 -0.00503885 -0.00719187 -0.00897949 -0.0103136 -0.0111845 -0.0115714 -0.0115093 -0.011046 -0.0102834 -0.00926511 -0.00813817 -0.00698865 -0.00584585 -0.00482861 -0.00390882 -0.00311122 -0.00244839 -0.00189881 -0.00145123 -0.00110675 -0.000850883 -0.00064066 -0.000513991 -0.000406499 -0.000331305 -0.000298263 -0.000252761 -0.000247255 -0.00023486 -0.000228439 -0.000233485 -0.000222703 -0.000228437 -0.000217389 -0.000218513 -0.000216878 -0.000210091 -0.000222049 -0.000212274 -0.000221879 -0.000222939 -0.000215405 -0.000227976 -0.000213458 -0.000218477 
0 8.64841e-07 7.94335e-06 2.40566e-06 6.01547e-06 4.18446e-06 2.2295e-06 6.35731e-06 1.03102e-06 7.78501e-06 8.14463e-06 8.67498e-06 1.66034e-05 1.25035e-05 1.9237e-05 2.28046e-05 2.71044e-05 4.54259e-05 6.45356e-05 0.000102086 0.000159644 0.000241797 0.000366961 0.000545639 0.000792238 0.00113046 0.00157283 0.0021374 0.0028467 0.00370568 0.00473972 0.00594107 0.00730555 0.00880523 0.010363 0.0119109 0.0133172 0.0144558 0.0152093 0.0154562 0.0151087 0.0141313 0.0125043 0.0102545 0.00750512 0.00437418 0.001074 -0.00216284 -0.00513281 -0.00765759 -0.0096181 -0.010957 -0.0116694 -0.011776 -0.0113792 -0.0105754 -0.00953711 -0.00840773 -0.00726258 -0.00615637 -0.00515765 -0.00430586 -0.00360671 -0.00306365 -0.00260868 -0.00223634 -0.00194861 -0.00173997 -0.00155977 -0.00140978 -0.00126832 -0.00115045 -0.00106729 -0.000990614 -0.000894671 -0.00081165 -0.00076344 -0.000706214 -0.000642736 -0.000582296 -0.000539738 -0.000494681 -0.000458591 -0.000404817 -0.00036355 -0.000335164 -0.000310844 -0.000256226 -0.000224394 -0.000208866 -0.000182351 -0.000130754 -0.000112792 -0.000100427 -6.74898e-05 -2.51512e-05 -1.83864e-05 -1.32417e-06 3.56154e-05 6.57533e-05 6.70096e-05 9.28488e-05 0.000129511 0.00014773 0.000149663 0.00018564 0.000217516 0.00022696 0.00023591 0.000280138 0.000303935 0.000312059 0.000332173 0.000378747 0.00039723 0.000414778 0.00044327 0.000487062 0.000513348 0.000546743 0.000575572 0.000622037 0.000672755 0.0007192 0.000750936 0.000815697 0.000896719 0.000960923 0.0010237 0.00111951 0.00123867 0.00136619 0.00151838 0.00169242 0.00193501 0.00225724 0.0026578 0.00313519 0.00375802 0.00452741 0.00544988 0.00649564 0.00760479 0.00871643 0.0097746 0.0106554 0.0111882 0.0112552 0.0107431 0.00962708 0.00789762 0.00558905 0.00279365 -0.000318667 -0.00356232 -0.00670325 -0.00951804 -0.0118802 -0.0136599 -0.01481 -0.0153321 -0.0152563 -0.0146493 -0.0136307 -0.0123165 -0.0108306 -0.00930553 -0.00781491 -0.00644154 -0.00521627 -0.00415665 -0.00327099 -0.00253762 -0.00195269 -0.00149187 -0.00113591 -0.000872831 -0.00068193 -0.000544946 -0.000457238 -0.00039611 -0.000354725 -0.000334548 -0.00031218 -0.000304393 -0.000298793 -0.000290661 -0.000295789 -0.000291531 -0.000293887 -0.000296501 -0.000292205 -0.000295421 -0.000291188 -0.000290487 -0.000289719 -0.000286705 -0.000289652 -0.000287714 -0.000291204 
0 -4.02836e-07 1.78575e-06 1.12898e-06 4.18446e-06 7.09638e-06 5.82649e-06 8.78866e-06 7.94302e-06 8.87028e-06 1.236e-05 9.6171e-06 1.58674e-05 1.70889e-05 1.85887e-05 3.16755e-05 3.55532e-05 5.7122e-05 8.8561e-05 0.000127797 0.0002079 0.000311576 0.000469381 0.000700519 0.00100843 0.00143297 0.00198635 0.00269432 0.00357684 0.00465914 0.00594768 0.00744282 0.00914594 0.0109906 0.0129203 0.0148238 0.0165487 0.0179486 0.0188645 0.0191591 0.0187192 0.017508 0.0154944 0.0127278 0.0093388 0.00549182 0.0014368 -0.00255366 -0.00620964 -0.00933839 -0.0117815 -0.0134622 -0.0143699 -0.0145443 -0.0140885 -0.0131371 -0.0118908 -0.0105039 -0.00909265 -0.00772684 -0.00648831 -0.00542209 -0.00454461 -0.00384233 -0.00326565 -0.00279911 -0.00243055 -0.00215387 -0.0019237 -0.00172956 -0.00155135 -0.00140641 -0.00129032 -0.00118564 -0.00107205 -0.00097198 -0.000896714 -0.000823176 -0.000745744 -0.000670221 -0.000610564 -0.000553797 -0.000501429 -0.000438237 -0.000387405 -0.000345289 -0.000306019 -0.000248826 -0.00020834 -0.000177217 -0.000141388 -9.03543e-05 -6.1162e-05 -3.48992e-05 1.42092e-06 4.41089e-05 6.43055e-05 9.10198e-05 0.000127562 0.000161028 0.000176253 0.000206672 0.000241678 0.000266881 0.000281557 0.000317229 0.000348862 0.000368616 0.000387133 0.000427841 0.000455508 0.000475036 0.000500523 0.000544467 0.000571543 0.000597711 0.000630242 0.000676924 0.000712804 0.000750934 0.000789431 0.000844323 0.000901537 0.000955132 0.00100596 0.00108082 0.00117061 0.00125278 0.00134017 0.00145383 0.00159983 0.00176071 0.00195098 0.0021791 0.00248971 0.00289019 0.00339343 0.0040099 0.00479205 0.00575642 0.00690065 0.00819046 0.00955597 0.0109267 0.0122018 0.0132483 0.013868 0.0139065 0.0132429 0.0118358 0.00967058 0.00679651 0.00334766 -0.000494118 -0.00448162 -0.0083459 -0.0118179 -0.0147271 -0.0169279 -0.0183492 -0.0189996 -0.0189134 -0.0181815 -0.0169284 -0.0153201 -0.0134921 -0.0116016 -0.00976911 -0.00805985 -0.00654043 -0.00522376 -0.00411404 -0.00319649 -0.00246288 -0.00188357 -0.00143339 -0.00110861 -0.000860517 -0.000690361 -0.000578056 -0.000492511 -0.000447521 -0.000414113 -0.000392059 -0.000384106 -0.000374539 -0.000371378 -0.000369541 -0.000367811 -0.000366134 -0.000365974 -0.000365215 -0.000362566 -0.000364741 -0.000362696 -0.000363346 -0.000365501 -0.000362197 -0.00036478 -0.000362606 
0 1.32546e-06 -3.8872e-07 4.14489e-06 2.2295e-06 5.82649e-06 8.60742e-06 6.92889e-06 1.62911e-05 1.20202e-05 1.22932e-05 1.91812e-05 1.05846e-05 2.10031e-05 2.69991e-05 2.83763e-05 5.48815e-05 6.98601e-05 0.000104647 0.000171017 0.000247349 0.00038767 0.000585773 0.000854197 0.00124364 0.00174995 0.00241429 0.00326673 0.00433 0.00562513 0.00716802 0.00897015 0.0109767 0.0131741 0.0154579 0.0176819 0.0197213 0.021363 0.0224254 0.0227513 0.0222375 0.0207774 0.0183947 0.0151579 0.0111473 0.00662762 0.00186018 -0.00283339 -0.00716677 -0.0108619 -0.0137708 -0.0158156 -0.0169383 -0.0171941 -0.0166858 -0.015647 -0.0142182 -0.0125943 -0.0109151 -0.00931215 -0.00784099 -0.00655627 -0.00549547 -0.00461869 -0.00392402 -0.00334668 -0.00290219 -0.00253774 -0.00226408 -0.00201007 -0.00180369 -0.0016217 -0.00147394 -0.00133341 -0.00120481 -0.00108754 -0.000979058 -0.000891006 -0.000793034 -0.000709655 -0.000622569 -0.000561692 -0.000479987 -0.000419603 -0.000347237 -0.000300245 -0.000231493 -0.000186166 -0.000124306 -8.58206e-05 -2.81339e-05 8.3039e-06 6.17029e-05 9.39848e-05 0.000143432 0.000174224 0.000220655 0.000248569 0.000292504 0.00031889 0.000360598 0.000385619 0.00042621 0.000449172 0.00048894 0.000512008 0.000551578 0.000572737 0.000612966 0.000635364 0.000677167 0.000698566 0.000741043 0.000766225 0.000814001 0.000838074 0.0008854 0.000920013 0.000976626 0.00100885 0.00106633 0.00111877 0.0011879 0.00124214 0.00131767 0.00139838 0.00149341 0.00159558 0.00170556 0.00184213 0.00200445 0.00220942 0.00242852 0.00272558 0.0030944 0.00358831 0.0041866 0.00495395 0.00589055 0.00705855 0.00842069 0.00993075 0.0115377 0.0131525 0.0146371 0.0157863 0.0164622 0.0164534 0.0156416 0.0139115 0.0113075 0.00789783 0.00381093 -0.00072427 -0.00541468 -0.00994828 -0.0140737 -0.0174898 -0.0200863 -0.021785 -0.0225572 -0.0224659 -0.0216235 -0.0201707 -0.0182617 -0.016125 -0.0138904 -0.0117087 -0.00969205 -0.0078774 -0.00630391 -0.00496899 -0.00387504 -0.00297992 -0.00228223 -0.00175294 -0.00133879 -0.00105434 -0.000844709 -0.000691197 -0.000604447 -0.000535449 -0.000494646 -0.00047949 -0.000459147 -0.000453483 -0.000451811 -0.000441238 -0.000441513 -0.000439617 -0.000433364 -0.000437877 -0.000437358 -0.000434565 -0.000440385 -0.000437033 -0.00043568 -0.000440063 -0.000433712 -0.0004357 
0 5.10636e-06 4.03405e-06 1.04636e-05 6.35731e-06 8.78866e-06 6.92889e-06 6.98922e-06 1.06383e-05 5.7694e-06 1.91452e-05 1.56273e-05 2.33204e-05 3.39218e-05 2.52698e-05 5.12251e-05 5.40737e-05 8.18422e-05 0.000139568 0.000190543 0.000315978 0.000468866 0.000693622 0.00103145 0.00147236 0.00207805 0.00286835 0.00387321 0.00510666 0.00663005 0.00841453 0.0104793 0.0128314 0.0153362 0.0179613 0.0205158 0.0228125 0.0246681 0.0258636 0.0262333 0.0256134 0.0239607 0.0212241 0.0174953 0.0129329 0.00779341 0.00237175 -0.00299703 -0.00793089 -0.0122159 -0.0156038 -0.0179675 -0.0192994 -0.0196896 -0.0192189 -0.0180688 -0.0164844 -0.0146506 -0.0127613 -0.0109057 -0.00919869 -0.0077017 -0.00645181 -0.00540126 -0.00455581 -0.00388058 -0.00333114 -0.00289573 -0.00254384 -0.0022478 -0.00199039 -0.00178505 -0.00158724 -0.00141769 -0.00126677 -0.00113178 -0.000991772 -0.000879213 -0.000769323 -0.00066407 -0.000565384 -0.000478484 -0.000386938 -0.000307034 -0.000235529 -0.000157279 -8.28611e-05 -2.41196e-05 3.52793e-05 0.000107071 0.000162967 0.000209458 0.000264168 0.000326185 0.000366832 0.000408451 0.000459533 0.00051035 0.000540998 0.000581546 0.000628621 0.000669128 0.000694493 0.000736258 0.0007792 0.000811137 0.00083623 0.000880979 0.000919297 0.000946252 0.000977396 0.00102469 0.00105899 0.00108893 0.00113127 0.00117813 0.00121543 0.0012592 0.00131299 0.00136097 0.00141729 0.0014814 0.00154771 0.00161356 0.00170543 0.00179365 0.0018934 0.00200899 0.00215182 0.00229792 0.00249148 0.00271823 0.00299333 0.00333942 0.0037917 0.00435269 0.00507171 0.00598557 0.00709271 0.008436 0.010003 0.0117541 0.0135806 0.0153918 0.017012 0.0182981 0.0189961 0.0188845 0.0178568 0.0158488 0.0128276 0.00886573 0.00418685 -0.00100839 -0.00636184 -0.0115405 -0.0162141 -0.0201392 -0.0231363 -0.0250831 -0.0259952 -0.0259093 -0.0249631 -0.0232996 -0.0211668 -0.0187212 -0.0161574 -0.0136762 -0.0113175 -0.00921756 -0.00739179 -0.00583632 -0.0045551 -0.00352489 -0.00270403 -0.00206229 -0.00160261 -0.0012368 -0.000997525 -0.000834565 -0.000703751 -0.000647594 -0.000585257 -0.000555176 -0.000539942 -0.000517251 -0.000520883 -0.000511136 -0.000516163 -0.000515591 -0.000513784 -0.000518385 -0.000508288 -0.000515103 -0.000506464 -0.000505239 -0.00051091 -0.000499715 -0.000512125 -0.000507656 
0 1.86641e-06 -5.98667e-06 5.34237e-06 1.03102e-06 7.94302e-06 1.62911e-05 1.06383e-05 2.2179e-05 1.60278e-05 1.83696e-05 2.31247e-05 1.53763e-05 3.04407e-05 3.3381e-05 4.80096e-05 7.66768e-05 0.000103026 0.00016239 0.000242964 0.000367698 0.000559937 0.000831402 0.00121556 0.0017389 0.00243277 0.00333413 0.00447999 0.00590223 0.00763403 0.0096775 0.0120417 0.0146769 0.017508 0.0204409 0.0232747 0.0258359 0.0278936 0.0291997 0.029576 0.0288732 0.0269847 0.0239233 0.0197846 0.0146984 0.00897855 0.0029501 -0.00301908 -0.00854944 -0.0133405 -0.0171669 -0.0199002 -0.0214895 -0.0219986 -0.0215431 -0.0203777 -0.0186881 -0.0166735 -0.0145509 -0.0124825 -0.0105599 -0.00885197 -0.00739788 -0.00616273 -0.00517551 -0.00437663 -0.00373064 -0.00319738 -0.00277916 -0.00241609 -0.00212134 -0.00186934 -0.00163152 -0.00141902 -0.00124687 -0.00108545 -0.000913431 -0.000773681 -0.00064088 -0.000519643 -0.000395911 -0.000290836 -0.000172456 -8.61872e-05 5.63116e-06 9.91078e-05 0.00019893 0.000256385 0.00033534 0.000420522 0.00049571 0.000537596 0.000612863 0.000684553 0.000737696 0.000775059 0.000847022 0.000902091 0.000940292 0.000978569 0.00104552 0.00108413 0.00111458 0.00115639 0.00121697 0.00124085 0.00127116 0.00131788 0.00137025 0.00138426 0.00142305 0.00147283 0.00151674 0.00153238 0.00158503 0.00163289 0.00167693 0.00170996 0.00177311 0.00182106 0.00188559 0.00194582 0.00201573 0.00208631 0.00219112 0.00228437 0.0023841 0.00251723 0.00267867 0.00284804 0.00305513 0.00332236 0.0036368 0.00405237 0.00457253 0.00523108 0.00605957 0.00712399 0.00840185 0.00994093 0.0117079 0.0136455 0.0156774 0.0176812 0.019439 0.0207429 0.0214119 0.0212062 0.0199826 0.017629 0.0141678 0.00970671 0.00444811 -0.001348 -0.00730717 -0.0130718 -0.0183138 -0.0226901 -0.026034 -0.0282372 -0.0292681 -0.0291997 -0.028179 -0.0263595 -0.0239743 -0.0212591 -0.0183967 -0.0155939 -0.0129602 -0.0105828 -0.00850643 -0.00673441 -0.00526736 -0.00407483 -0.00313207 -0.00240604 -0.00185613 -0.00144991 -0.00116369 -0.000954172 -0.000818052 -0.000730847 -0.000666465 -0.000642835 -0.000617823 -0.00060613 -0.000605163 -0.000589425 -0.000591866 -0.00058471 -0.000579736 -0.000583942 -0.000577674 -0.000583668 -0.000583446 -0.000583656 -0.000587519 -0.000582603 -0.000584496 -0.000580049 
0 6.38911e-06 4.00739e-06 1.2841e-05 7.78501e-06 8.87028e-06 1.20202e-05 5.7694e-06 1.60278e-05 1.5706e-05 1.93868e-05 2.86912e-05 2.69966e-05 4.01426e-05 4.61292e-05 5.8695e-05 8.83853e-05 0.000122019 0.000190138 0.000289517 0.000436428 0.000660031 0.000972067 0.00141196 0.00201155 0.00280451 0.00383526 0.00513541 0.00674271 0.00868587 0.010971 0.0136032 0.0165282 0.019663 0.0228849 0.0259886 0.0287704 0.0309884 0.0323905 0.0327764 0.0319848 0.0299021 0.0265385 0.0219938 0.0164429 0.0102125 0.00364538 -0.00286905 -0.00893736 -0.0142331 -0.0184981 -0.0215698 -0.0234097 -0.02409 -0.0237285 -0.0225569 -0.0207801 -0.0186242 -0.0163191 -0.0140404 -0.0118986 -0.00997882 -0.0083167 -0.00689373 -0.00574008 -0.004808 -0.00404758 -0.0034165 -0.00290974 -0.00248094 -0.00213417 -0.00183447 -0.00154887 -0.00129558 -0.00109257 -0.000901737 -0.000700158 -0.000527769 -0.000371543 -0.000228389 -8.44973e-05 4.83492e-05 0.000185615 0.000289443 0.000396157 0.000513236 0.000627978 0.000699519 0.000790447 0.000895264 0.000981372 0.0010345 0.00111996 0.00120712 0.00126731 0.00131386 0.00139438 0.00146056 0.00150245 0.00154862 0.00162205 0.00166755 0.00169911 0.00174804 0.00181252 0.00183963 0.00186928 0.0019227 0.00197618 0.00199068 0.0020278 0.00208409 0.00212682 0.00214133 0.00219184 0.00224639 0.00228842 0.00231985 0.00238095 0.00243641 0.00250057 0.00256041 0.00262956 0.00270902 0.0028191 0.00291695 0.00302015 0.00316582 0.00334618 0.0035349 0.00376175 0.0040598 0.0044268 0.00490461 0.0055 0.00624938 0.00720179 0.0084148 0.00986334 0.0115753 0.0135285 0.0156571 0.017861 0.0199913 0.0218292 0.0231536 0.0237546 0.0233902 0.0219198 0.0192436 0.0153695 0.0104192 0.00462038 -0.00173272 -0.00825147 -0.0145471 -0.0202713 -0.025079 -0.0287679 -0.0312137 -0.0323784 -0.0323399 -0.0312497 -0.0292926 -0.0267109 -0.0237509 -0.0206186 -0.0175236 -0.0146006 -0.0119472 -0.00962348 -0.00763733 -0.00598858 -0.00464717 -0.00357915 -0.00275373 -0.00212415 -0.00166036 -0.00133173 -0.00109498 -0.000940649 -0.000836611 -0.000763323 -0.000725604 -0.000692856 -0.000676617 -0.000670358 -0.000660046 -0.000662972 -0.000660086 -0.000659663 -0.000662421 -0.000657562 -0.000658649 -0.000655268 -0.000652576 -0.000653276 -0.000651287 -0.000653867 -0.000654197 
0 4.31047e-07 4.00837e-06 4.09634e-06 8.14463e-06 1.236e-05 1.22932e-05 1.91452e-05 1.83696e-05 1.93868e-05 2.59917e-05 2.25502e-05 3.56618e-05 4.21282e-05 4.83601e-05 7.92951e-05 9.87034e-05 0.000150834 0.000232702 0.000336526 0.000522137 0.000771977 0.00112894 0.00163754 0.00230984 0.00320434 0.00436034 0.00581632 0.00760161 0.00976712 0.0123002 0.0151871 0.0184077 0.0218158 0.0252984 0.0286522 0.0316248 0.0339791 0.0354571 0.0358415 0.034936 0.0326786 0.0290408 0.0241271 0.018178 0.0114938 0.00445228 -0.00255262 -0.00908625 -0.0148449 -0.0195252 -0.0229349 -0.0250406 -0.025911 -0.0256862 -0.0245373 -0.0227257 -0.020464 -0.0180103 -0.0155317 -0.0131874 -0.0110603 -0.00918368 -0.00757151 -0.00623365 -0.00516126 -0.0042671 -0.00353689 -0.00292102 -0.00242715 -0.00201041 -0.0016595 -0.00131745 -0.00102336 -0.000776427 -0.000549996 -0.000318425 -0.00010579 7.70465e-05 0.00025167 0.000414291 0.000585711 0.000736006 0.000871866 0.000990832 0.00114019 0.00126115 0.0013645 0.00146155 0.00159206 0.00168225 0.00176374 0.00184997 0.00195805 0.00202107 0.00209068 0.00216787 0.00225162 0.0022943 0.00235829 0.00242494 0.00248569 0.00251508 0.00257743 0.00263188 0.00267305 0.00269661 0.00276 0.00280108 0.00282904 0.00285507 0.00291955 0.00294928 0.00297532 0.00301019 0.00307384 0.00310362 0.00314172 0.0031872 0.0032538 0.00330698 0.00336816 0.00342948 0.00351839 0.00362323 0.00372281 0.00383135 0.0039823 0.00417842 0.00438094 0.00463505 0.00495462 0.00538476 0.00591758 0.00660023 0.00743926 0.00852771 0.00988264 0.0115083 0.0133858 0.0155063 0.0178074 0.0201519 0.0223738 0.0242347 0.0255399 0.026017 0.0254638 0.0237176 0.0207113 0.0164231 0.0109966 0.00470745 -0.00214946 -0.00917025 -0.0159574 -0.0221053 -0.0273174 -0.0313242 -0.0339838 -0.0352901 -0.0352965 -0.0341625 -0.0320902 -0.0293515 -0.0261609 -0.0227818 -0.0194303 -0.0162278 -0.0133241 -0.010763 -0.00856406 -0.00672939 -0.00523855 -0.00404373 -0.00310983 -0.00241453 -0.00187897 -0.00150407 -0.00124349 -0.00104829 -0.000937892 -0.000854188 -0.00080099 -0.000778296 -0.000753467 -0.000746033 -0.00074132 -0.000735656 -0.000733753 -0.000731866 -0.000729955 -0.000727502 -0.000730335 -0.000727228 -0.000728579 -0.000730598 -0.000725598 -0.000730042 -0.00072662 
0 3.05442e-06 1.23177e-06 7.38339e-06 8.67498e-06 9.6171e-06 1.91812e-05 1.56273e-05 2.31247e-05 2.86912e-05 2.25502e-05 4.01361e-05 3.54077e-05 4.3272e-05 7.10516e-05 7.68409e-05 0.000130439 0.000185225 0.000264259 0.000417203 0.000600912 0.000898678 0.00131493 0.00187438 0.00264329 0.00364253 0.0049248 0.00652895 0.00851837 0.0108795 0.0136595 0.0168281 0.0202826 0.0239767 0.0276928 0.0312476 0.0343953 0.0368682 0.0383998 0.0387469 0.0377694 0.0353117 0.0314284 0.026224 0.0199217 0.0128423 0.00539101 -0.00200973 -0.00899837 -0.0151419 -0.0201913 -0.0239544 -0.0263662 -0.0274371 -0.027339 -0.0262944 -0.024491 -0.0221725 -0.0195626 -0.01693 -0.014394 -0.0120628 -0.00996035 -0.00814908 -0.00662811 -0.00538172 -0.00435625 -0.00349277 -0.00278015 -0.00218812 -0.0017105 -0.00127763 -0.000893902 -0.000539952 -0.000250557 2.57869e-05 0.000285321 0.000541974 0.000759999 0.000964482 0.00116008 0.00135948 0.00153884 0.00169632 0.00185137 0.00201196 0.0021607 0.00228191 0.00241047 0.00254112 0.00266051 0.00275444 0.00286428 0.00296783 0.00306015 0.00313482 0.00322857 0.00330634 0.00337613 0.00343741 0.00351533 0.0035696 0.00362254 0.00367457 0.00373671 0.00377148 0.00381371 0.00385971 0.0039072 0.00392901 0.00396656 0.00400959 0.00404656 0.00406507 0.00410275 0.00414782 0.00418405 0.00421121 0.00425359 0.00431172 0.00436375 0.00441454 0.00447281 0.00456427 0.00465744 0.00476016 0.00486779 0.00503176 0.00522218 0.00545553 0.00571926 0.00608315 0.00655313 0.00716297 0.00791483 0.00887262 0.0100841 0.0115801 0.0133713 0.0154175 0.0176936 0.0201054 0.0225652 0.0248392 0.0267026 0.0278782 0.0281928 0.0274352 0.0254076 0.0220195 0.0173211 0.0114854 0.00471916 -0.00257518 -0.0100369 -0.0172456 -0.0238125 -0.0293601 -0.0336444 -0.0365404 -0.0379682 -0.0380427 -0.0368946 -0.0347578 -0.0318566 -0.0284918 -0.0249038 -0.0212818 -0.0178621 -0.0147025 -0.0119054 -0.00950554 -0.0074866 -0.00583377 -0.00451564 -0.00349329 -0.00269118 -0.00211931 -0.00168565 -0.00137349 -0.00118294 -0.00102471 -0.000945738 -0.00089242 -0.000847632 -0.000840546 -0.000818232 -0.000812005 -0.000809756 -0.000801753 -0.00080385 -0.000801092 -0.000802537 -0.000801036 -0.000802801 -0.000802821 -0.000800298 -0.000804045 -0.000798989 -0.000800607 
0 1.57283e-06 1.49689e-05 7.02788e-06 1.66034e-05 1.58674e-05 1.05846e-05 2.33204e-05 1.53763e-05 2.69966e-05 3.56618e-05 3.54077e-05 5.65263e-05 6.05787e-05 8.22276e-05 0.000111381 0.000145755 0.000221242 0.000320933 0.000481675 0.000715939 0.00104722 0.00151455 0.00214719 0.00300188 0.00411031 0.00553399 0.00731411 0.00947821 0.0120678 0.0150783 0.0184735 0.0222015 0.02613 0.0300646 0.0338167 0.0370988 0.0396391 0.0412052 0.0415325 0.0404412 0.0378534 0.0337556 0.0282669 0.0216736 0.0142881 0.00650879 -0.00124538 -0.00857362 -0.0150986 -0.0205147 -0.0245923 -0.0272646 -0.0285912 -0.0287181 -0.0277715 -0.0259977 -0.023655 -0.0209777 -0.0181888 -0.0154683 -0.0129257 -0.0106134 -0.00859718 -0.00686689 -0.00543937 -0.00425211 -0.00326033 -0.00241723 -0.0017363 -0.00116114 -0.000657641 -0.000206995 0.00019535 0.000550547 0.000872584 0.00117266 0.00147161 0.00173043 0.00197331 0.00220194 0.00243829 0.00263843 0.00283672 0.00301789 0.00320568 0.0033664 0.00353022 0.00367367 0.00382391 0.00395401 0.00408618 0.00419938 0.00431925 0.00442179 0.00452589 0.00461425 0.00470735 0.00478489 0.00486575 0.00493204 0.00500143 0.00505788 0.00511991 0.00516603 0.00521651 0.00525629 0.0053033 0.00533322 0.00537123 0.00539825 0.00543567 0.00545729 0.00548905 0.00550829 0.00554641 0.00557077 0.00560224 0.0056253 0.00567939 0.00571973 0.0057645 0.00581469 0.00590225 0.00598403 0.00607968 0.00619713 0.00635595 0.00655305 0.00679594 0.00709292 0.00747883 0.00801096 0.00867977 0.00952104 0.0105809 0.0119321 0.0135683 0.015509 0.0176954 0.0200996 0.0226368 0.0251444 0.0273938 0.0291779 0.0302539 0.0303505 0.0292969 0.0269414 0.0232172 0.018138 0.0118771 0.00471196 -0.00298652 -0.0108376 -0.018411 -0.0252926 -0.0311692 -0.0357365 -0.0388237 -0.0404121 -0.0405608 -0.0394122 -0.0372289 -0.0342473 -0.030725 -0.0269501 -0.0231267 -0.0194481 -0.0160632 -0.0130478 -0.0104392 -0.00825093 -0.00644847 -0.00500023 -0.00386419 -0.00299101 -0.0023419 -0.00186345 -0.00153345 -0.00129711 -0.00113875 -0.00104064 -0.000962566 -0.000928343 -0.000900326 -0.000883389 -0.000885428 -0.000874372 -0.000880043 -0.000879396 -0.000874876 -0.000880135 -0.000872679 -0.000873718 -0.0008729 -0.000869333 -0.000873527 -0.000871116 -0.000874318 
0 -1.81519e-06 5.43955e-06 1.57173e-06 1.25035e-05 1.70889e-05 2.10031e-05 3.39218e-05 3.04407e-05 4.01426e-05 4.21282e-05 4.3272e-05 6.05787e-05 6.81322e-05 9.8224e-05 0.000133299 0.000186513 0.000277061 0.000392106 0.000580938 0.000843243 0.00121874 0.00175071 0.0024589 0.00341093 0.00463808 0.00619501 0.00813617 0.0104947 0.0132979 0.0165505 0.0202 0.0241647 0.028317 0.0324428 0.0363437 0.0397379 0.042347 0.0439226 0.0441979 0.04301 0.0402686 0.0359853 0.0303009 0.0234849 0.0158472 0.00780645 -0.000218226 -0.00784369 -0.0146589 -0.0203725 -0.024773 -0.0277573 -0.0293373 -0.0296602 -0.0288756 -0.0272056 -0.0248856 -0.0221401 -0.0192356 -0.0163581 -0.013619 -0.0110891 -0.00885911 -0.00691954 -0.00529108 -0.00393021 -0.00278272 -0.00181074 -0.0010146 -0.000337475 0.00025931 0.000775768 0.00124381 0.00166623 0.0020486 0.00239476 0.00274126 0.00304696 0.00333469 0.00360734 0.00387727 0.00411022 0.0043477 0.00456889 0.00477627 0.00496389 0.00516281 0.00533638 0.00549677 0.00565243 0.00581231 0.00594423 0.00606996 0.00619626 0.00631807 0.00641573 0.00651282 0.00661028 0.00669839 0.00676684 0.00683898 0.00691012 0.00696913 0.00701217 0.0070647 0.00711265 0.00714675 0.00717087 0.0072104 0.0072371 0.00725397 0.00726987 0.00730063 0.00731035 0.00732578 0.00734445 0.00736909 0.00737763 0.00741297 0.00744302 0.00747602 0.00751541 0.00759015 0.00765513 0.00774377 0.00786145 0.00801749 0.0082076 0.00846655 0.00878828 0.00921035 0.00978839 0.0105279 0.0114575 0.0126359 0.014114 0.0158829 0.0179675 0.020293 0.0227977 0.0253885 0.0279149 0.0301194 0.0317751 0.0326336 0.032473 0.0311316 0.028436 0.0243224 0.0188589 0.0122323 0.00470275 -0.00333421 -0.0115096 -0.0194056 -0.0265942 -0.0327344 -0.0375351 -0.0408221 -0.0425571 -0.0428083 -0.0417094 -0.0395133 -0.0364566 -0.0328194 -0.0288885 -0.0248771 -0.0210048 -0.0174101 -0.0141837 -0.0113814 -0.00901397 -0.00705613 -0.00548577 -0.00424819 -0.00328958 -0.00257853 -0.00204245 -0.00166728 -0.00140507 -0.00122239 -0.00111718 -0.00103955 -0.00100144 -0.000977897 -0.000959075 -0.000956953 -0.000945237 -0.00094462 -0.000943085 -0.000939244 -0.000944771 -0.000942994 -0.000946573 -0.000948614 -0.000947302 -0.000949567 -0.000946553 -0.00094654 
0 7.93558e-06 9.46112e-06 1.74498e-05 1.9237e-05 1.85887e-05 2.69991e-05 2.52698e-05 3.3381e-05 4.61292e-05 4.83601e-05 7.10516e-05 8.22276e-05 9.8224e-05 0.000136529 0.000165325 0.000238836 0.00033656 0.000471973 0.000700426 0.000996845 0.00142918 0.00202735 0.00281594 0.00386915 0.00522479 0.00693363 0.00904599 0.0116125 0.0146233 0.0181006 0.0219886 0.0261667 0.0305303 0.0348341 0.0388635 0.0423394 0.0449855 0.0465465 0.0467624 0.0454994 0.042631 0.0382011 0.0323606 0.025372 0.0175618 0.00934123 0.00112808 -0.00673102 -0.0137943 -0.0197804 -0.0244666 -0.0277423 -0.0296044 -0.0301669 -0.0295821 -0.0280328 -0.0257741 -0.0230089 -0.0200266 -0.0169973 -0.0140654 -0.0113251 -0.00887485 -0.00671717 -0.00486655 -0.00331566 -0.00199164 -0.000883417 4.94708e-05 0.000838753 0.00154204 0.00213134 0.00267523 0.00316749 0.00361794 0.00401831 0.00441259 0.00476981 0.00510607 0.00542983 0.00573051 0.00600508 0.00628001 0.00654786 0.00677319 0.00699702 0.00722525 0.00743675 0.00760663 0.00779483 0.00797547 0.00813504 0.00826532 0.00841978 0.00855293 0.00866896 0.00876712 0.00888712 0.00897692 0.00905611 0.00912605 0.00921346 0.00926455 0.00931241 0.00935963 0.00941723 0.00943404 0.00945901 0.00949039 0.00951949 0.00951127 0.00952583 0.00954545 0.00955019 0.00953659 0.00955151 0.00956207 0.00956033 0.009568 0.00958899 0.00960758 0.00963596 0.00968995 0.00973942 0.00982083 0.00993419 0.0100873 0.0102686 0.0105451 0.0108898 0.0113569 0.0119757 0.0127921 0.0138091 0.0151107 0.0167102 0.0186081 0.0208094 0.0232455 0.0258296 0.0284363 0.0309174 0.0330005 0.0344802 0.0350827 0.0346219 0.0329276 0.0298641 0.0253771 0.0195593 0.0126009 0.00474531 -0.00358167 -0.0120255 -0.020169 -0.0276099 -0.0339781 -0.0390007 -0.0424954 -0.0443821 -0.0447525 -0.0437285 -0.0415597 -0.0384766 -0.0347772 -0.0307283 -0.0265501 -0.0225025 -0.018702 -0.0152783 -0.012297 -0.00975892 -0.00765433 -0.00595724 -0.00461557 -0.00356517 -0.00279493 -0.00221113 -0.0017954 -0.00152164 -0.00131142 -0.00119357 -0.00111201 -0.00105398 -0.00103564 -0.00101224 -0.00100856 -0.00101015 -0.00100688 -0.00101375 -0.00101347 -0.00101438 -0.00101606 -0.00101471 -0.00101556 -0.00101585 -0.00101677 -0.00101804 -0.00101976 
0 -3.24598e-07 1.6119e-05 8.67045e-06 2.28046e-05 3.16755e-05 2.83763e-05 5.12251e-05 4.80096e-05 5.8695e-05 7.92951e-05 7.68409e-05 0.000111381 0.000133299 0.000165325 0.000237731 0.000302053 0.000426694 0.000602662 0.000840743 0.00120214 0.0016865 0.00235271 0.00323944 0.0044033 0.00588632 0.00775063 0.0100575 0.0128018 0.0160544 0.0197608 0.0238579 0.0282777 0.03281 0.0372686 0.0414035 0.0449442 0.0475924 0.0491206 0.0492929 0.0479095 0.0449565 0.0404184 0.0344665 0.0273686 0.0194735 0.0111511 0.00279093 -0.00518241 -0.0124449 -0.0186606 -0.023612 -0.0271455 -0.0293059 -0.0301539 -0.0297807 -0.0283962 -0.0262264 -0.0235184 -0.0204689 -0.0173217 -0.0142033 -0.0112756 -0.00859718 -0.00621263 -0.0041355 -0.00236587 -0.000863745 0.000413719 0.00148111 0.00241785 0.00321761 0.00391546 0.00452635 0.00511119 0.00562401 0.0061015 0.0065386 0.00695876 0.00734764 0.00772693 0.00806547 0.0083831 0.00870546 0.00901123 0.0092734 0.0095247 0.00979532 0.0100306 0.0102348 0.0104384 0.0106557 0.0108274 0.0109875 0.0111482 0.011311 0.0114294 0.0115521 0.0116704 0.011782 0.0118555 0.0119441 0.0120226 0.0120872 0.012123 0.0121827 0.0122249 0.0122468 0.0122549 0.0122919 0.0123009 0.0122889 0.0122836 0.0123015 0.0122846 0.0122568 0.0122515 0.0122527 0.0122319 0.0122135 0.0122179 0.0122199 0.012236 0.012256 0.0122979 0.0123581 0.0124751 0.0126041 0.0127972 0.0130684 0.0134572 0.0139511 0.0146314 0.01551 0.0166353 0.0180464 0.0197678 0.0217911 0.0240873 0.0266088 0.0292262 0.0318347 0.0341958 0.036108 0.0373341 0.0376662 0.0368479 0.034752 0.0313055 0.0264606 0.0203028 0.0130112 0.00491838 -0.00366617 -0.0123295 -0.020676 -0.0283061 -0.034888 -0.0401157 -0.0437743 -0.045857 -0.0463565 -0.0454399 -0.0433296 -0.0402728 -0.0365298 -0.0323896 -0.0281157 -0.023884 -0.0199292 -0.016332 -0.0131629 -0.0104752 -0.00822629 -0.00640463 -0.0049551 -0.00383948 -0.00298308 -0.0023569 -0.00191457 -0.00158398 -0.0013857 -0.00124163 -0.0011483 -0.00111457 -0.0010729 -0.00106814 -0.00106772 -0.00105705 -0.00107079 -0.0010672 -0.00107041 -0.00107953 -0.0010758 -0.00108388 -0.00108531 -0.00108514 -0.00109102 -0.0010887 -0.00109183 
0 1.03969e-05 6.81236e-06 2.57495e-05 2.71044e-05 3.55532e-05 5.48815e-05 5.40737e-05 7.66768e-05 8.83853e-05 9.87034e-05 0.000130439 0.000145755 0.000186513 0.000238836 0.000302053 0.000409923 0.000551058 0.000757889 0.00104711 0.00145166 0.0020044 0.00275252 0.00374817 0.0050224 0.00666303 0.00869249 0.0111673 0.0141455 0.0175992 0.0215349 0.0258755 0.0304811 0.0351878 0.0397817 0.0439917 0.0475565 0.050224 0.0517009 0.051791 0.0503468 0.0472872 0.042673 0.0366805 0.0295581 0.0216217 0.0132657 0.0048685 -0.0032014 -0.0105758 -0.0169467 -0.02212 -0.0259663 -0.0284137 -0.0295081 -0.0293931 -0.0282332 -0.0262105 -0.0235483 -0.0204911 -0.0172484 -0.0139864 -0.0108547 -0.0079557 -0.00534289 -0.00302997 -0.00103011 0.000678926 0.00212353 0.00336111 0.00443457 0.00536483 0.00616116 0.00687086 0.00752936 0.0081307 0.00867496 0.00917294 0.00964805 0.010101 0.0105315 0.0109143 0.0112813 0.0116459 0.0119952 0.0122922 0.0125856 0.0128816 0.0131561 0.0133857 0.0136223 0.0138542 0.0140599 0.0142353 0.0144203 0.01459 0.0147355 0.0148639 0.0149988 0.01511 0.0152032 0.0152891 0.0153764 0.015434 0.0154824 0.0155313 0.0155747 0.0155843 0.0155976 0.0156162 0.0156203 0.0155919 0.0155826 0.0155775 0.0155513 0.0155026 0.0154827 0.015463 0.0154278 0.0153833 0.015366 0.015355 0.0153492 0.0153444 0.0153651 0.0154222 0.0155193 0.0156461 0.0158329 0.0161243 0.0165359 0.017085 0.0178099 0.0187694 0.0199991 0.0215298 0.023357 0.0254814 0.0278704 0.0304452 0.0330646 0.0355755 0.0377956 0.0394944 0.0404184 0.0403601 0.0391674 0.0366918 0.0328286 0.0275963 0.0211182 0.0135781 0.00524772 -0.00351639 -0.0123404 -0.0208542 -0.0286565 -0.0353885 -0.0407813 -0.0446515 -0.046896 -0.0475702 -0.0468111 -0.0447891 -0.0417798 -0.0380535 -0.0338696 -0.0294946 -0.0251697 -0.021052 -0.0172888 -0.0139771 -0.0111162 -0.00874019 -0.00680374 -0.00525462 -0.00405696 -0.0031415 -0.00246534 -0.00197427 -0.00164011 -0.00140977 -0.00126464 -0.00118385 -0.00112464 -0.00110939 -0.00109703 -0.00109203 -0.00110641 -0.00110316 -0.00111679 -0.00112595 -0.00112729 -0.00114242 -0.0011424 -0.00114885 -0.00115618 -0.00115366 -0.00116212 -0.00116184 
0 1.2796e-05 2.3251e-05 3.63677e-05 4.54259e-05 5.7122e-05 6.98601e-05 8.18422e-05 0.000103026 0.000122019 0.000150834 0.000185225 0.000221242 0.000277061 0.00033656 0.000426694 0.000551058 0.000719323 0.000970837 0.00130397 0.00177794 0.00241357 0.00325046 0.00435982 0.00576745 0.00755645 0.00976915 0.0124516 0.0156406 0.0193285 0.0234865 0.0280288 0.0328284 0.0376897 0.0423994 0.0466784 0.0502676 0.0528983 0.0543112 0.0543386 0.0528115 0.0497015 0.0450653 0.039059 0.0319449 0.0240627 0.0157542 0.00737675 -0.000681084 -0.00812387 -0.0146357 -0.0199972 -0.0240664 -0.0268038 -0.028219 -0.0283866 -0.0274445 -0.025588 -0.0230596 -0.0200292 -0.0167184 -0.0133194 -0.0100174 -0.00690359 -0.00406135 -0.001504 0.000738571 0.00265925 0.0042975 0.00570936 0.00694088 0.00799775 0.00891888 0.00972216 0.0104702 0.0111519 0.0117772 0.0123316 0.0128715 0.0133829 0.0138665 0.0142969 0.0147161 0.0151216 0.0155086 0.0158513 0.0161819 0.0165067 0.0168113 0.0170806 0.0173396 0.0175936 0.0178231 0.0180285 0.0182244 0.0184117 0.0185732 0.0187215 0.0188585 0.0189821 0.0190837 0.01918 0.0192614 0.0193259 0.019376 0.0194255 0.0194559 0.0194681 0.0194765 0.0194851 0.0194722 0.0194424 0.0194201 0.0193962 0.0193536 0.0192958 0.0192553 0.0192142 0.0191642 0.0190982 0.0190593 0.0190303 0.0190085 0.0189744 0.0189845 0.0190293 0.0191177 0.0192327 0.0194344 0.0197377 0.0201871 0.0207855 0.0215775 0.0226155 0.0239548 0.0255973 0.0275305 0.02975 0.0321896 0.0347782 0.0373632 0.0397633 0.041747 0.0431479 0.0437328 0.0432998 0.0416664 0.0387289 0.0344613 0.0288937 0.0221214 0.0143323 0.00583439 -0.00308135 -0.0120246 -0.0206291 -0.0285428 -0.0354287 -0.040989 -0.0450386 -0.0474886 -0.0483427 -0.0477532 -0.0458797 -0.0429778 -0.0393021 -0.0351154 -0.0306926 -0.0262607 -0.0220253 -0.0181291 -0.0146701 -0.0116782 -0.00917523 -0.00711884 -0.00547494 -0.00420386 -0.00322381 -0.0025145 -0.00199815 -0.00163755 -0.00140489 -0.00124578 -0.0011601 -0.00111073 -0.0010905 -0.00109286 -0.00109956 -0.00111689 -0.00113297 -0.00114855 -0.00116352 -0.00117581 -0.00118622 -0.0011963 -0.00120477 -0.00121155 -0.00121997 -0.00122436 -0.0012309 
