0 0 0 0 0 0 0 0 0 0 0 0 0 0 0 0 0 0 0 0 0 0 0 0 0 0 0 0 0 0 0 0 0 0 0 0 0 0 0 0 0 0 0 0 0 0 0 0 0 0 0 0 0 0 0 0 0 0 0 0 0 0 0 0 0 0 0 0 0 0 0 0 0 0 0 0 0 0 0 0 0 0 0 0 0 0 0 0 0 0 0 0 0 0 0 0 0 0 0 0 0 0 0 0 0 0 0 0 0 0 0 0 0 0 0 0 0 0 0 0 0 0 0 0 0 0 0 0 0 0 0 0 0 0 0 0 0 0 0 0 0 0 0 0 0 0 0 0 0 0 0 0 0 0 0 0 0 0 0 0 0 0 0 0 0 0 0 0 0 0 0 0 0 0 0 0 0 0 0 0 0 0 0 0 0 0 0 0 0 0 0 0 0 0 0 0 0 0 0 0 
0 6.02363e-06 -5.28942e-06 4.66282e-06 6.88808e-06 -2.10002e-06 1.17982e-05 7.51505e-06 8.22776e-08 1.70453e-05 6.89604e-06 6.63168e-06 2.41396e-05 5.43651e-06 1.07286e-05 2.00821e-05 2.19985e-06 1.902e-05 2.47429e-05 1.86592e-05 2.71314e-05 2.23627e-05 2.07078e-05 1.52114e-05 2.65432e-05 3.06944e-05 2.01551e-05 3.26838e-05 2.47906e-05 2.83647e-05 3.4389e-05 4.14647e-05 4.94668e-05 1.95862e-05 3.87092e-05 5.18928e-05 3.96692e-05 3.96073e-05 3.6835e-05 5.18929e-05 4.28056e-05 5.38047e-05 4.96513e-05 5.01302e-05 6.78929e-05 5.37598e-05 6.62183e-05 6.43922e-05 7.23288e-05 6.56452e-05 7.30961e-05 8.0476e-05 6.73565e-05 8.52761e-05 7.938e-05 8.70483e-05 8.18192e-05 9.91146e-05 9.66979e-05 9.86561e-05 0.00011845 0.000123663 0.000142889 0.000159319 0.000211061 0.000243052 0.000316685 0.000406598 0.000533198 0.000675962 0.00087264 0.00112135 0.00140637 0.00175492 0.00216122 0.00263875 0.00312828 0.00365696 0.00416157 0.00463071 0.00497689 0.00522012 0.00530078 0.00521404 0.00490111 0.00439661 0.00369728 0.00284994 0.00188839 0.000905951 -3.23319e-05 -0.000872441 -0.00157867 -0.00209415 -0.00236655 -0.00239012 -0.002195 -0.00182888 -0.00131005 -0.000675801 2.22515e-05 0.000692045 0.00127376 0.00172233 0.00201994 0.00211757 0.00197712 0.00158641 0.000988384 0.000235486 -0.000634876 -0.00157818 -0.00253253 -0.00340558 -0.00415165 -0.00472148 -0.0051094 -0.00527508 -0.00526447 -0.00508402 -0.00479232 -0.00436724 -0.00388925 -0.00337222 -0.0028864 -0.00240277 -0.00198403 -0.00161785 -0.00132174 -0.00105766 -0.000848799 -0.000692168 -0.000560585 -0.00046031 -0.00038036 -0.000343742 -0.000290486 -0.00027084 -0.000248544 -0.000247008 -0.000223706 -0.00022366 -0.000223611 -0.000210489 -0.000210516 -0.000204119 -0.000209732 -0.000188313 -0.000201504 -0.000190443 -0.000185361 -0.000184938 -0.000182324 -0.000181098 -0.000167878 -0.000184848 -0.000168141 -0.000173476 -0.000171067 -0.000165408 -0.00017583 -0.000168421 -0.000165241 -0.000149662 -0.000174874 -0.000168498 -0.000143549 -0.000153575 -0.000151014 -0.000161448 -0.000149165 -0.000148508 -0.000154267 -0.000142257 -0.000153343 -0.000154165 -0.000153765 -0.000142397 -0.000141334 -0.000148776 -0.000130825 -0.000148484 -0.000149296 -0.000130688 -0.000149893 -0.000139733 -0.00013328 -0.000150358 -0.000138713 -0.000137995 -0.000144027 -0.000131963 -0.000134382 -0.000138862 -0.000134251 -0.000140896 -0.000142224 -0.000136431 -0.000139007 -0.000136603 
0 -5.28942e-06 1.56875e-05 5.66561e-07 5.47928e-06 1.91729e-05 -3.54287e-07 1.75357e-05 2.1054e-05 6.2233e-06 2.8281e-05 1.72923e-05 1.46261e-05 3.3197e-05 2.45695e-05 3.57643e-05 3.80096e-05 3.4667e-05 3.33852e-05 2.38887e-05 4.31495e-05 3.65371e-05 4.28566e-05 6.81185e-05 4.12774e-05 4.71775e-05 6.58015e-05 5.33071e-05 6.09645e-05 7.34337e-05 6.25926e-05 4.70348e-05 6.85643e-05 8.5338e-05 7.71262e-05 7.51629e-05 7.54533e-05 9.56391e-05 0.000104874 8.8947e-05 9.57692e-05 0.000110771 0.000105407 0.000105267 0.000115488 0.000115104 0.000114197 0.000128994 0.000130468 0.00012731 0.000146732 0.00014964 0.000150172 0.000161532 0.000175946 0.000172803 0.000180066 0.000202477 0.000199947 0.000211768 0.00023264 0.00026122 0.000277105 0.000332405 0.000407731 0.000494424 0.000625036 0.000813927 0.00106038 0.00134933 0.00174874 0.00223329 0.00282107 0.00350182 0.00433399 0.0052613 0.00626251 0.00729227 0.00831582 0.00922539 0.00993417 0.0104017 0.0105719 0.0103851 0.00977155 0.00876511 0.00737848 0.00569751 0.00379066 0.00184787 -2.27917e-05 -0.0016849 -0.00309563 -0.00410644 -0.00466276 -0.0047054 -0.00433953 -0.00360181 -0.00258869 -0.001321 4.01827e-05 0.0013776 0.00251498 0.00341796 0.00398808 0.00418657 0.00388985 0.00312686 0.00192976 0.000442082 -0.00129695 -0.00316196 -0.00505754 -0.00678766 -0.00827069 -0.00940533 -0.0101711 -0.0105127 -0.0104866 -0.0101437 -0.00954733 -0.00872468 -0.00775848 -0.00675409 -0.00576276 -0.00482612 -0.00397073 -0.00325996 -0.00264735 -0.00213747 -0.00170956 -0.00139849 -0.00113416 -0.00092894 -0.000778563 -0.000683113 -0.000597872 -0.000533536 -0.000508787 -0.00047911 -0.000453492 -0.00043595 -0.000439393 -0.000415999 -0.000407439 -0.000409504 -0.000400419 -0.000387549 -0.000388483 -0.000390264 -0.000371842 -0.000375461 -0.000375157 -0.000362295 -0.000360463 -0.000361285 -0.000347383 -0.000340904 -0.000350608 -0.000336651 -0.000319113 -0.000328623 -0.000331723 -0.000325656 -0.000314612 -0.000304126 -0.000324667 -0.000331814 -0.000307616 -0.000298731 -0.000314204 -0.000307578 -0.000293513 -0.000313171 -0.000293409 -0.000276251 -0.000297609 -0.000289386 -0.000293322 -0.000296707 -0.000290892 -0.000288184 -0.000277557 -0.000290411 -0.000282029 -0.000277323 -0.000290514 -0.000269673 -0.000275194 -0.000282273 -0.000270279 -0.000285205 -0.000282485 -0.000275102 -0.00027982 -0.0002698 -0.000269285 -0.000273547 -0.000269985 -0.000274908 
0 4.66282e-06 5.66561e-07 9.23275e-06 1.33635e-05 1.01929e-05 2.10492e-05 2.15994e-05 1.76461e-05 3.12875e-05 2.83926e-05 2.84157e-05 4.46978e-05 3.3371e-05 3.65755e-05 4.8119e-05 3.53256e-05 5.18061e-05 6.16409e-05 5.71225e-05 6.90761e-05 6.48992e-05 6.35166e-05 6.5415e-05 7.33885e-05 8.13121e-05 7.84054e-05 8.70117e-05 8.4763e-05 9.30651e-05 9.998e-05 0.000109434 0.000121037 9.65601e-05 0.000114488 0.000132051 0.000122679 0.000126128 0.000129193 0.00014223 0.000140828 0.000156719 0.000154362 0.00015982 0.000182714 0.000173691 0.000187411 0.000195122 0.000205006 0.000201928 0.000218114 0.000228851 0.000220715 0.000244479 0.000248719 0.000257843 0.000262411 0.000291075 0.000296115 0.00031069 0.000350041 0.000381471 0.000428761 0.000499157 0.000622239 0.000751603 0.000959024 0.00123823 0.00160678 0.00205488 0.00264508 0.00337952 0.0042497 0.00528948 0.00651303 0.00790568 0.00938312 0.0109267 0.0124258 0.0137774 0.014822 0.0155178 0.0157558 0.0154675 0.0145566 0.0130595 0.0110073 0.00851081 0.00570381 0.00282112 5.70443e-05 -0.00242386 -0.00449922 -0.00600789 -0.00682675 -0.00692575 -0.00638765 -0.00531915 -0.00380931 -0.00196275 4.64977e-05 0.0019942 0.00368764 0.00500362 0.00584784 0.00610565 0.00566891 0.00452524 0.00276806 0.000545438 -0.00202462 -0.00479549 -0.00758424 -0.0101532 -0.0123453 -0.0140328 -0.0151639 -0.01568 -0.0156523 -0.015143 -0.0142594 -0.0130348 -0.011617 -0.010112 -0.00864503 -0.00723665 -0.00597821 -0.0048929 -0.00398422 -0.00320859 -0.00257975 -0.00209571 -0.00170351 -0.00139825 -0.00116918 -0.00102534 -0.000893037 -0.000812784 -0.000757531 -0.000727602 -0.000683301 -0.000667731 -0.000660586 -0.000635239 -0.000624918 -0.000615678 -0.000611815 -0.000583458 -0.000590136 -0.000576367 -0.000561074 -0.000556894 -0.000551292 -0.000541257 -0.00052582 -0.000538291 -0.000517633 -0.000516355 -0.00051432 -0.000504706 -0.000508087 -0.000501116 -0.000492649 -0.000476392 -0.000496969 -0.000485222 -0.000460111 -0.000467483 -0.00046157 -0.000466434 -0.000457151 -0.000452533 -0.000452068 -0.000445381 -0.000451109 -0.000449306 -0.0004501 -0.000434844 -0.000432544 -0.000436686 -0.000419885 -0.000434786 -0.000432397 -0.000417583 -0.00043117 -0.000420888 -0.000417125 -0.000428613 -0.000419265 -0.000417993 -0.000420169 -0.000409833 -0.000410152 -0.000413598 -0.000409979 -0.000415311 -0.00041674 -0.000413266 -0.00041659 -0.000409548 
0 6.88808e-06 5.47928e-06 1.33635e-05 1.62436e-05 1.55579e-05 2.57466e-05 2.6353e-05 2.76788e-05 3.84246e-05 3.63764e-05 4.06768e-05 5.07665e-05 4.77587e-05 5.56257e-05 6.29158e-05 6.02489e-05 6.83491e-05 7.21408e-05 7.34196e-05 8.02939e-05 8.57194e-05 9.10681e-05 9.35733e-05 0.000101797 0.000106053 0.000107631 0.000117139 0.000119721 0.000125257 0.000128717 0.000135793 0.000145898 0.000142544 0.000155152 0.000164853 0.000166036 0.000174864 0.000181924 0.000191058 0.000194449 0.000205944 0.000210476 0.000216875 0.000231735 0.000232836 0.000244818 0.000255374 0.000265282 0.000272386 0.000286715 0.000300542 0.00030434 0.000324693 0.000336179 0.000348401 0.000362551 0.000386146 0.000403173 0.000424836 0.00046848 0.000513028 0.00057976 0.000677972 0.000828413 0.00101862 0.00129281 0.00166794 0.00215385 0.0027695 0.00355349 0.00453023 0.0056953 0.00708664 0.00870787 0.0105398 0.0124989 0.0145259 0.0164914 0.0182489 0.0196303 0.0205313 0.020834 0.0204298 0.0192379 0.017265 0.014579 0.0113051 0.00764991 0.00387718 0.000255598 -0.00300913 -0.00572134 -0.00769931 -0.00878483 -0.00895445 -0.00827988 -0.0069015 -0.00493528 -0.00254825 4.61953e-05 0.00256252 0.00476832 0.00647555 0.00755608 0.00785382 0.00726362 0.0057609 0.00346586 0.000540048 -0.00283206 -0.00646302 -0.0100963 -0.0134635 -0.0163334 -0.0185555 -0.0200338 -0.0207345 -0.0207096 -0.0200565 -0.0188859 -0.0172942 -0.0154374 -0.0134663 -0.0115214 -0.00967143 -0.00800743 -0.00656154 -0.00534339 -0.004314 -0.00347982 -0.00281837 -0.00229687 -0.00188771 -0.00158498 -0.00137222 -0.0012063 -0.00109317 -0.00101552 -0.000965742 -0.000916173 -0.000890445 -0.000870204 -0.000847225 -0.000829316 -0.000817173 -0.000805946 -0.000785003 -0.000780998 -0.000767508 -0.000754905 -0.000745321 -0.000738077 -0.000726787 -0.000714132 -0.000712773 -0.000697546 -0.000691771 -0.000684325 -0.000673781 -0.000668637 -0.000662068 -0.000655597 -0.000643246 -0.000646098 -0.000639324 -0.00062808 -0.000628885 -0.000622134 -0.000619134 -0.000611369 -0.000607661 -0.000606363 -0.00059721 -0.000595248 -0.00059148 -0.000587815 -0.000583296 -0.000582036 -0.000582416 -0.000573158 -0.000575557 -0.000573633 -0.000564023 -0.000569686 -0.000564653 -0.000558402 -0.000563496 -0.000556716 -0.000554709 -0.000558439 -0.000552879 -0.000553849 -0.000554944 -0.000550399 -0.000551867 -0.00054861 -0.000544533 -0.000548997 -0.000548426 
0 -2.10002e-06 1.91729e-05 1.01929e-05 1.55579e-05 3.35959e-05 1.99472e-05 3.35087e-05 4.70145e-05 3.28748e-05 5.33681e-05 5.74689e-05 4.53509e-05 7.1403e-05 6.98195e-05 6.81859e-05 9.14252e-05 8.31409e-05 8.49865e-05 9.45837e-05 9.71418e-05 0.000105275 0.000111661 0.000130161 0.000121533 0.000124387 0.000145938 0.000138136 0.000153819 0.000161362 0.000164743 0.000162796 0.000164482 0.000204921 0.000193733 0.000191403 0.00020922 0.000221069 0.000237506 0.000228042 0.000249878 0.000252566 0.000267309 0.000278182 0.000276399 0.000302894 0.000301052 0.000322832 0.000326484 0.0003465 0.000358474 0.000367366 0.000394388 0.000396096 0.000425841 0.00043224 0.00046294 0.000475917 0.000507402 0.000542654 0.000581738 0.000652541 0.000731434 0.000871452 0.00103858 0.00130597 0.00164303 0.00211983 0.00272428 0.00351232 0.00449561 0.00570714 0.0071783 0.00891014 0.0109311 0.0131743 0.0156104 0.0180839 0.020496 0.0226195 0.0243256 0.0254053 0.0257619 0.0252297 0.0237695 0.0213427 0.0180594 0.0140615 0.00961922 0.00502191 0.000589394 -0.0034096 -0.00672481 -0.00913746 -0.0104948 -0.0107499 -0.00998269 -0.0083248 -0.00595764 -0.00308137 2.01236e-05 0.00305051 0.0057093 0.00777516 0.00904451 0.00936055 0.00860095 0.00676499 0.00395885 0.000374867 -0.00375966 -0.00818927 -0.0126083 -0.0167166 -0.0202247 -0.0229528 -0.0247608 -0.0256495 -0.0256351 -0.0248596 -0.0234109 -0.021486 -0.0192088 -0.0168072 -0.0143887 -0.0121249 -0.0100536 -0.00826042 -0.00671937 -0.00544541 -0.00439845 -0.0035583 -0.00290287 -0.00238797 -0.00201455 -0.00172008 -0.00153064 -0.0013736 -0.00128362 -0.0012005 -0.00115887 -0.00111505 -0.00108413 -0.00106487 -0.00103669 -0.001027 -0.000997112 -0.000997166 -0.000967486 -0.000962746 -0.000946556 -0.000932578 -0.000923148 -0.00090467 -0.00090674 -0.00087767 -0.000879852 -0.000862342 -0.000856534 -0.000849521 -0.00082561 -0.000828123 -0.000819426 -0.000824307 -0.000790728 -0.000786826 -0.000806353 -0.000786809 -0.000778917 -0.000762728 -0.000771268 -0.000763012 -0.000749214 -0.000760399 -0.000739683 -0.000733041 -0.00073333 -0.000734765 -0.000731445 -0.000720313 -0.000731887 -0.000711884 -0.000706677 -0.000723619 -0.000699798 -0.000705868 -0.000712366 -0.000688876 -0.00069995 -0.000700163 -0.000687598 -0.000701012 -0.000695556 -0.000686211 -0.000693381 -0.000685161 -0.000683992 -0.000689776 -0.000681958 -0.000686685 
0 1.17982e-05 -3.54287e-07 2.10492e-05 2.57466e-05 1.99472e-05 4.49892e-05 3.81331e-05 4.1063e-05 6.1535e-05 5.02309e-05 6.64969e-05 7.71124e-05 7.06402e-05 8.47549e-05 8.2633e-05 9.12099e-05 9.86919e-05 0.000109989 0.000130191 0.000117176 0.000135373 0.000137839 0.000120991 0.00015777 0.000161124 0.000156697 0.000176454 0.000179332 0.000180507 0.000196953 0.00022622 0.000218916 0.000213448 0.000230094 0.00024545 0.000263424 0.000252428 0.0002595 0.000287791 0.000296206 0.000299962 0.000316908 0.000335342 0.000340974 0.000361171 0.000376791 0.000382879 0.000402605 0.000421623 0.000428603 0.00044554 0.000469459 0.000481018 0.000496925 0.000525645 0.000548508 0.000567225 0.000609015 0.000653211 0.000704879 0.000782744 0.000904281 0.00105866 0.00127794 0.00159853 0.00202613 0.00259066 0.00332946 0.00428986 0.00547129 0.00693039 0.00869181 0.010782 0.0131669 0.0158329 0.0186927 0.0216118 0.0244057 0.0268895 0.0288654 0.0301222 0.0304945 0.0298449 0.0281128 0.0252694 0.021428 0.016773 0.011617 0.00626618 0.00109282 -0.00359038 -0.00745231 -0.0102804 -0.0118939 -0.0122701 -0.0114359 -0.00956399 -0.00684152 -0.00356559 -2.13241e-05 0.0034304 0.00649275 0.00884673 0.0102742 0.0105629 0.00963953 0.00747714 0.00420903 7.82628e-06 -0.00482335 -0.0099881 -0.0151181 -0.0199009 -0.0239993 -0.0271926 -0.0293229 -0.0303852 -0.0304094 -0.0295107 -0.0278313 -0.0255765 -0.0229387 -0.0201071 -0.0172685 -0.0145778 -0.0121379 -0.00997653 -0.00813388 -0.0065963 -0.00534469 -0.00431931 -0.00352238 -0.0029096 -0.00244541 -0.00209109 -0.00184708 -0.00167583 -0.00154302 -0.00145376 -0.00139702 -0.00135097 -0.00130475 -0.0012832 -0.00125991 -0.00122942 -0.00120866 -0.0011962 -0.00117048 -0.00114839 -0.00113928 -0.00111979 -0.00109746 -0.0010901 -0.00107499 -0.00105579 -0.00105302 -0.00104008 -0.00101954 -0.00101527 -0.00102015 -0.000996025 -0.000977569 -0.000977425 -0.0009738 -0.000970649 -0.000938508 -0.000925595 -0.000938551 -0.000933664 -0.000913038 -0.000907422 -0.000913596 -0.000887566 -0.000898899 -0.000909674 -0.00087805 -0.000882439 -0.000872751 -0.000860947 -0.000864918 -0.00086034 -0.000863218 -0.000848063 -0.000850764 -0.00085042 -0.000836096 -0.000852575 -0.000842251 -0.000833713 -0.00084163 -0.000823099 -0.00082602 -0.000830772 -0.000821808 -0.000830783 -0.000831265 -0.000826265 -0.000829107 -0.000822441 
0 7.51505e-06 1.75357e-05 2.15994e-05 2.6353e-05 3.35087e-05 3.81331e-05 4.53933e-05 5.56413e-05 5.96611e-05 6.71048e-05 7.75213e-05 7.70031e-05 9.02056e-05 0.000101408 0.000101733 0.000120105 0.000118962 0.00011853 0.000133841 0.00013194 0.00014965 0.000164632 0.000168867 0.000181512 0.000181939 0.000191613 0.000204617 0.000214129 0.000220596 0.000229322 0.000233364 0.00023702 0.000272118 0.000276432 0.000273803 0.000298534 0.000310089 0.000324155 0.000335525 0.000347708 0.000353296 0.000376233 0.000389873 0.0003894 0.000419059 0.000430939 0.000442925 0.000462896 0.000489442 0.000499197 0.000519653 0.000555236 0.000563623 0.000590314 0.000621209 0.000651749 0.000670783 0.000722098 0.000776678 0.000832088 0.000931777 0.00107319 0.00126309 0.00151838 0.00190893 0.00241362 0.00308139 0.00395416 0.00508746 0.0064767 0.00817935 0.010245 0.0126711 0.0154312 0.0184845 0.0217614 0.0250714 0.0282315 0.0310225 0.033249 0.0346416 0.0350244 0.0342462 0.0322591 0.0290283 0.0246847 0.0194481 0.013657 0.0076424 0.00180029 -0.00348778 -0.00785353 -0.0110541 -0.0129309 -0.0134347 -0.0125904 -0.0105515 -0.0075647 -0.00395965 -7.79615e-05 0.00372241 0.00709249 0.00968122 0.0112004 0.0114453 0.010338 0.00788037 0.00418037 -0.000567132 -0.00603197 -0.0118459 -0.0176131 -0.0229914 -0.0276219 -0.0312428 -0.0336757 -0.0349154 -0.0349816 -0.0339952 -0.0321055 -0.0295721 -0.0265923 -0.0233871 -0.0201406 -0.0170646 -0.0142484 -0.0117477 -0.00959112 -0.00780064 -0.00633098 -0.00512547 -0.0041826 -0.00345928 -0.00290979 -0.00247909 -0.00219022 -0.00197763 -0.00182012 -0.00170184 -0.00163778 -0.00157661 -0.00152008 -0.00149364 -0.00146466 -0.0014321 -0.00140245 -0.00139663 -0.00136257 -0.00134298 -0.00133278 -0.00131213 -0.00128906 -0.00127845 -0.00126855 -0.00123579 -0.00123272 -0.00121784 -0.00119736 -0.00118488 -0.00117042 -0.00115642 -0.00114901 -0.00114575 -0.00111324 -0.00111366 -0.00112086 -0.00110147 -0.00109275 -0.00108186 -0.00107471 -0.00106811 -0.00106522 -0.00105152 -0.00103959 -0.00103465 -0.00102145 -0.00103026 -0.00102403 -0.00101447 -0.00101937 -0.00100157 -0.00100016 -0.00100217 -0.00099062 -0.00099208 -0.000986632 -0.000977043 -0.000976421 -0.000975474 -0.00097289 -0.000975979 -0.000975364 -0.000970257 -0.000971421 -0.000962028 -0.000956705 -0.000960612 -0.000955681 -0.000963555 
0 8.22776e-08 2.1054e-05 1.76461e-05 2.76788e-05 4.70145e-05 4.1063e-05 5.56413e-05 6.73508e-05 6.22146e-05 8.1903e-05 8.8355e-05 8.69591e-05 0.000106909 0.000109128 0.000113223 0.000131146 0.0001358 0.000144992 0.000157072 0.000165493 0.00017093 0.00017817 0.000193621 0.000196703 0.000207684 0.000223877 0.000229154 0.000241942 0.000252141 0.000271103 0.000275895 0.000280625 0.000310719 0.000310625 0.000318313 0.000338928 0.000350441 0.000364546 0.000375647 0.000396719 0.000405343 0.000430156 0.000446325 0.000453934 0.000485731 0.000497546 0.00051559 0.000535275 0.000561951 0.000574865 0.000595985 0.000631808 0.000642003 0.000673749 0.00070557 0.000740683 0.000768445 0.000826102 0.00089259 0.000962128 0.00108575 0.00125196 0.00148171 0.00178799 0.00224599 0.0028372 0.00361472 0.00463054 0.0059342 0.00753756 0.00948903 0.0118536 0.0146063 0.0177272 0.0211506 0.0248046 0.0284677 0.0319487 0.0350094 0.0374368 0.0389348 0.0393051 0.0383986 0.0361626 0.0325825 0.0277946 0.0220594 0.0157175 0.00913363 0.00271283 -0.00309699 -0.00791003 -0.01145 -0.0135833 -0.0142303 -0.0134213 -0.0112863 -0.00812533 -0.00428766 -0.00016728 0.00388355 0.00746636 0.0102094 0.0117631 0.0119356 0.0106388 0.00790531 0.00381661 -0.0014055 -0.00742056 -0.0137931 -0.0201137 -0.0260019 -0.0310984 -0.0350988 -0.0378185 -0.0392262 -0.0393468 -0.038293 -0.0362352 -0.0334551 -0.0301723 -0.026626 -0.0230102 -0.0195645 -0.0163844 -0.0135507 -0.0110861 -0.00903579 -0.00734082 -0.00595644 -0.00486181 -0.00402241 -0.00338055 -0.00288057 -0.0025378 -0.00228466 -0.00210247 -0.00196182 -0.00188446 -0.00181209 -0.0017516 -0.00171624 -0.00168258 -0.0016479 -0.00161217 -0.001601 -0.00156313 -0.00154026 -0.00152216 -0.00149859 -0.00147355 -0.00145506 -0.00144475 -0.00141246 -0.00140558 -0.00138831 -0.00137016 -0.00136095 -0.00134257 -0.00132974 -0.00131664 -0.00131379 -0.00128662 -0.00127556 -0.00127802 -0.00125378 -0.00124498 -0.00123608 -0.00122945 -0.00121884 -0.00120624 -0.00120767 -0.00119559 -0.00118812 -0.00118427 -0.00117646 -0.00116752 -0.00115764 -0.00116012 -0.00114751 -0.00114085 -0.00114788 -0.00112999 -0.00113008 -0.00113557 -0.00111794 -0.00112449 -0.00112359 -0.00110827 -0.00111667 -0.00110746 -0.00109789 -0.00111047 -0.00110233 -0.00110317 -0.00111136 -0.0010972 -0.00110037 
0 1.70453e-05 6.2233e-06 3.12875e-05 3.84246e-05 3.28748e-05 6.1535e-05 5.96611e-05 6.22146e-05 8.93615e-05 8.19269e-05 9.30247e-05 0.000116297 0.000109654 0.000124294 0.000138223 0.000136522 0.000151357 0.000165796 0.000177573 0.000182738 0.000196983 0.000208979 0.000201437 0.000229607 0.000245363 0.000241625 0.000265472 0.000271968 0.000281107 0.000292235 0.000319676 0.000338618 0.000320573 0.000348884 0.000373001 0.000387581 0.000394213 0.000399931 0.000437856 0.000442678 0.000464698 0.000478018 0.000497987 0.000524445 0.000533536 0.000567465 0.000574598 0.000610093 0.000626977 0.000650553 0.000680862 0.000701283 0.000738977 0.000755111 0.000806579 0.000830139 0.000882275 0.0009365 0.00101169 0.00110863 0.00124016 0.00144787 0.0017002 0.00208567 0.00258865 0.00328872 0.00417092 0.0053441 0.00681455 0.00863765 0.0108512 0.0134993 0.0165842 0.0200371 0.0238312 0.0278035 0.0318013 0.035541 0.0388498 0.0414105 0.0429969 0.0433219 0.0422995 0.0398168 0.035936 0.0307653 0.0246202 0.0178183 0.0107646 0.0038711 -0.00237406 -0.00756603 -0.0114193 -0.0137899 -0.0146032 -0.0138652 -0.0117245 -0.00847866 -0.00452664 -0.000262258 0.00391919 0.00761988 0.0104148 0.011953 0.0120148 0.010535 0.00753632 0.0031131 -0.00251196 -0.00897724 -0.0158144 -0.0225967 -0.0289068 -0.0343993 -0.0387248 -0.0417189 -0.0432786 -0.0434767 -0.0423678 -0.0402045 -0.0372007 -0.0336765 -0.0298082 -0.0258866 -0.0220749 -0.0185658 -0.0153932 -0.0126448 -0.0103205 -0.00840078 -0.00683619 -0.00558266 -0.00462703 -0.00387199 -0.00332068 -0.00289544 -0.00261557 -0.00238481 -0.00223952 -0.00212594 -0.00204812 -0.00198356 -0.00192981 -0.0019004 -0.0018486 -0.00182961 -0.00178784 -0.00177035 -0.00173343 -0.00171328 -0.00169107 -0.00165981 -0.00164899 -0.00161407 -0.00160823 -0.00157998 -0.00156644 -0.00154344 -0.00152564 -0.00152681 -0.00149391 -0.00147959 -0.00146045 -0.00146817 -0.00145097 -0.00141108 -0.00141547 -0.00140935 -0.00140167 -0.00137802 -0.0013724 -0.00137034 -0.00134316 -0.00135299 -0.00134704 -0.00132661 -0.00132147 -0.0013137 -0.00130901 -0.00129596 -0.00130111 -0.00129548 -0.00127393 -0.00128636 -0.00127512 -0.00126105 -0.00127844 -0.00126091 -0.00125234 -0.00126356 -0.00124453 -0.0012479 -0.00125457 -0.00123737 -0.00124725 -0.00124583 -0.00123342 -0.00124613 -0.00123738 
0 6.89604e-06 2.8281e-05 2.83926e-05 3.63764e-05 5.33681e-05 5.02309e-05 6.71048e-05 8.1903e-05 8.19269e-05 0.000102374 0.000108355 0.000114481 0.000129929 0.000137691 0.000154484 0.000160257 0.000176498 0.000181342 0.000177661 0.000209988 0.000208615 0.000225609 0.00026078 0.00024695 0.000263344 0.000280453 0.000287604 0.000305757 0.000322148 0.000336762 0.000328705 0.000353848 0.00038335 0.000399742 0.000409046 0.000409736 0.000452303 0.000470266 0.000476339 0.000495266 0.00051733 0.000539461 0.000551537 0.000581698 0.000594163 0.000621373 0.000649447 0.000669421 0.000698312 0.000726462 0.000760134 0.000782137 0.000823565 0.000855738 0.000892922 0.000937361 0.00099134 0.00105565 0.00113673 0.00125876 0.00141445 0.00164147 0.00195158 0.00238896 0.00297161 0.00375601 0.00477785 0.00609231 0.00774604 0.00978913 0.0122671 0.0152012 0.0185923 0.0223839 0.0264983 0.0307784 0.0350373 0.0390243 0.0425008 0.0451761 0.0467835 0.0470726 0.0459071 0.0432168 0.0390593 0.0335929 0.0271107 0.019955 0.0125299 0.00528015 -0.00130603 -0.00680989 -0.0109386 -0.0135364 -0.0145228 -0.0139085 -0.0118399 -0.00862508 -0.00466566 -0.000380078 0.0038234 0.00751874 0.0102748 0.0117264 0.0116553 0.00998667 0.00674667 0.0020373 -0.00390848 -0.0107181 -0.0179212 -0.0250618 -0.0317156 -0.0375138 -0.0421279 -0.0453514 -0.0470795 -0.0473396 -0.0462324 -0.0439782 -0.0408284 -0.0370727 -0.0329563 -0.0287382 -0.0246174 -0.0207704 -0.0172915 -0.0142526 -0.0116615 -0.00950984 -0.0077558 -0.00635351 -0.00525303 -0.00440413 -0.00376819 -0.00328838 -0.00294283 -0.00268981 -0.00251532 -0.00237736 -0.00228526 -0.00221286 -0.00215486 -0.00210371 -0.00206577 -0.00203177 -0.00198981 -0.00196662 -0.00193503 -0.00190809 -0.00187716 -0.00186059 -0.00183134 -0.00180604 -0.00179035 -0.00175859 -0.00174435 -0.00172511 -0.00170369 -0.00167025 -0.00166697 -0.00166146 -0.00162634 -0.00161051 -0.0015954 -0.00160341 -0.00158713 -0.00155681 -0.00154879 -0.00154364 -0.00153662 -0.00151401 -0.00151807 -0.00149385 -0.00146892 -0.00148831 -0.00146794 -0.00146341 -0.00146542 -0.00144519 -0.00144148 -0.00143346 -0.00143381 -0.00142444 -0.00141791 -0.00141765 -0.00139762 -0.00140274 -0.00140146 -0.00139032 -0.00140134 -0.00139388 -0.00138848 -0.00139046 -0.00137833 -0.00137618 -0.00137754 -0.00137405 -0.00137874 
0 6.63168e-06 1.72923e-05 2.84157e-05 4.06768e-05 5.74689e-05 6.64969e-05 7.75213e-05 8.8355e-05 9.30247e-05 0.000108355 0.000117918 0.000129538 0.000143471 0.000149944 0.000165675 0.000170839 0.000188378 0.000207683 0.000212127 0.000238788 0.000237929 0.000242688 0.000267277 0.000265682 0.000294126 0.000312413 0.000315879 0.000337475 0.000349242 0.000368423 0.000389151 0.000409743 0.000410341 0.000425462 0.00045736 0.00046253 0.000488478 0.000503445 0.000517914 0.0005506 0.000572763 0.000590255 0.00061292 0.0006502 0.000662818 0.000690665 0.000725758 0.000742776 0.000771951 0.000806344 0.000836702 0.000858754 0.000905953 0.000942765 0.000977324 0.001033 0.00109813 0.00116816 0.00126489 0.00141383 0.00159613 0.0018546 0.00222226 0.00272565 0.00338565 0.00427243 0.00543201 0.00690031 0.0087377 0.0110089 0.0137492 0.0169614 0.0206497 0.0247555 0.0291656 0.0337061 0.0381899 0.0423672 0.0459677 0.0486979 0.0502962 0.0505201 0.0492162 0.0463317 0.0419501 0.0362537 0.0295246 0.0221102 0.0144269 0.0069343 0.00010811 -0.00563729 -0.0100014 -0.0128092 -0.0139813 -0.013537 -0.011629 -0.00855505 -0.00471179 -0.000525406 0.00357344 0.00714511 0.00975858 0.0110585 0.0108231 0.00896648 0.00550835 0.000566703 -0.00561401 -0.0126621 -0.0201205 -0.0275218 -0.0344265 -0.0404571 -0.0452983 -0.0487257 -0.0506075 -0.0509477 -0.0498627 -0.0475686 -0.0443112 -0.0403776 -0.0360451 -0.0315761 -0.0271687 -0.0230093 -0.0192302 -0.0159094 -0.0130515 -0.010662 -0.00871529 -0.00715361 -0.00591054 -0.00495247 -0.00423611 -0.00369035 -0.00328565 -0.00300007 -0.00280105 -0.0026389 -0.00253059 -0.00245458 -0.00238754 -0.00232495 -0.00228764 -0.00224899 -0.00219865 -0.00217026 -0.00213881 -0.00210139 -0.00206608 -0.00204901 -0.00201106 -0.00198192 -0.00196932 -0.00193744 -0.00191245 -0.00189611 -0.00188322 -0.00185333 -0.00184113 -0.00182112 -0.00179813 -0.00179896 -0.00176888 -0.00174504 -0.00173454 -0.00172471 -0.00170813 -0.00169458 -0.00168426 -0.00165884 -0.00166612 -0.00165653 -0.0016399 -0.00164379 -0.00161616 -0.00160914 -0.0016054 -0.00159092 -0.00159124 -0.00157924 -0.0015725 -0.00156435 -0.00155959 -0.0015601 -0.00155227 -0.00155352 -0.00154595 -0.00153819 -0.00153278 -0.00152224 -0.00152446 -0.00152244 -0.00152551 -0.00152951 -0.00152354 -0.0015246 -0.00151532 
0 2.41396e-05 1.46261e-05 4.46978e-05 5.07665e-05 4.53509e-05 7.71124e-05 7.70031e-05 8.69591e-05 0.000116297 0.000114481 0.000129538 0.000148374 0.000151714 0.000168722 0.000183201 0.000193491 0.000203648 0.000218133 0.000233869 0.000240156 0.000263389 0.00028203 0.000286863 0.000309129 0.000324227 0.000334246 0.000348162 0.000369396 0.000387566 0.000386653 0.000421072 0.000445312 0.0004423 0.000475648 0.000499506 0.000516751 0.000535475 0.000556337 0.000580581 0.000600403 0.000630459 0.000638847 0.00067263 0.000704705 0.000716859 0.000754404 0.000784537 0.000814976 0.000839911 0.00088802 0.000917271 0.000946159 0.00100237 0.00103764 0.00108391 0.00113934 0.00122078 0.00129106 0.00140873 0.0015772 0.00178571 0.00208324 0.00250223 0.0030796 0.0038157 0.00482053 0.0061124 0.00774878 0.00977342 0.0122812 0.0152798 0.0187677 0.0227457 0.0271413 0.0318216 0.0365819 0.0412567 0.045568 0.0492497 0.0519811 0.0535423 0.0536716 0.0522364 0.0491769 0.0446283 0.0387663 0.0318808 0.0243045 0.0164798 0.00885636 0.00189281 -0.00402142 -0.00857421 -0.0115748 -0.0129449 -0.0127197 -0.0110578 -0.00823635 -0.00463536 -0.000677662 0.00318572 0.00651202 0.00888108 0.00996135 0.00952909 0.00748375 0.0038363 -0.00128104 -0.0076086 -0.014791 -0.0223909 -0.0299533 -0.0370153 -0.0432084 -0.0482133 -0.0518156 -0.0538355 -0.0542779 -0.053238 -0.0509541 -0.0476309 -0.0435786 -0.0390673 -0.0343929 -0.0297281 -0.0252891 -0.0212221 -0.0176287 -0.0145107 -0.0118819 -0.00974002 -0.00800647 -0.00662577 -0.00554293 -0.00474427 -0.00411868 -0.00365863 -0.00332474 -0.00309646 -0.00290784 -0.00277556 -0.00269268 -0.00260814 -0.00254393 -0.00249218 -0.00245793 -0.00239798 -0.00236873 -0.00233815 -0.0022947 -0.00226549 -0.00223871 -0.00221088 -0.00216935 -0.00215928 -0.00212698 -0.00209468 -0.00207801 -0.00204886 -0.00203122 -0.00200646 -0.00198478 -0.00195859 -0.00195416 -0.001938 -0.00189965 -0.0019041 -0.00189142 -0.00186512 -0.00185552 -0.00184502 -0.00183245 -0.0018101 -0.00180444 -0.00179342 -0.00177299 -0.0017712 -0.00176255 -0.00175183 -0.00174248 -0.00173714 -0.00173148 -0.00171499 -0.00171948 -0.00171053 -0.0016913 -0.00170314 -0.0016837 -0.0016723 -0.00169227 -0.00167064 -0.00167481 -0.0016858 -0.0016558 -0.00166765 -0.00166347 -0.00164271 -0.00166776 -0.0016563 
0 5.43651e-06 3.3197e-05 3.3371e-05 4.77587e-05 7.1403e-05 7.06402e-05 9.02056e-05 0.000106909 0.000109654 0.000129929 0.000143471 0.000151714 0.000168313 0.00018379 0.000195366 0.000209375 0.000232052 0.000239068 0.000246564 0.000274218 0.000279375 0.000293063 0.000327833 0.000331116 0.000341339 0.000367834 0.000381737 0.000398148 0.000420539 0.000446976 0.000449109 0.000460338 0.000503841 0.000524988 0.000534794 0.000545121 0.00058303 0.000616295 0.000621821 0.00065396 0.000677801 0.000708185 0.000735012 0.000761261 0.000792677 0.000817688 0.000862697 0.000880764 0.000922126 0.000961382 0.000994126 0.00103573 0.00107925 0.00113542 0.00117179 0.00125244 0.00132562 0.00142338 0.0015554 0.00174631 0.00199536 0.00232847 0.00282193 0.00345366 0.00430544 0.0054086 0.00686059 0.0086509 0.0108894 0.0136212 0.0168771 0.0206356 0.024882 0.0295502 0.0344479 0.0394123 0.0442093 0.0486263 0.052309 0.0550245 0.0564838 0.0565201 0.0549286 0.0517464 0.0470604 0.0411185 0.034144 0.0265224 0.0186568 0.0110233 0.00401289 -0.00198627 -0.00668117 -0.00985233 -0.0114366 -0.0114789 -0.0101444 -0.00768505 -0.00445179 -0.000859901 0.00263609 0.00559457 0.00762196 0.00841335 0.00774792 0.00551351 0.00170547 -0.00352188 -0.00991708 -0.0171237 -0.0247651 -0.0323716 -0.0395161 -0.0457827 -0.0509116 -0.0546274 -0.0567961 -0.0573299 -0.0563905 -0.054126 -0.0508106 -0.0466628 -0.0420413 -0.0371704 -0.0323011 -0.0275938 -0.0232651 -0.0193956 -0.0160224 -0.0131605 -0.0108023 -0.00890418 -0.00736127 -0.00617402 -0.00525484 -0.00457279 -0.00403426 -0.00366752 -0.00339155 -0.00318704 -0.00303548 -0.00293044 -0.00284984 -0.00276479 -0.00272237 -0.0026638 -0.00262051 -0.00257154 -0.00254147 -0.00249807 -0.00245664 -0.00243425 -0.00239109 -0.00236653 -0.00233006 -0.00230582 -0.00227668 -0.00225492 -0.00222861 -0.00218913 -0.0021865 -0.00216723 -0.00213628 -0.00210431 -0.00209548 -0.00209683 -0.00206037 -0.00203558 -0.00202616 -0.00201723 -0.00199726 -0.00198074 -0.0019792 -0.00194998 -0.00193606 -0.00194244 -0.00192186 -0.00191026 -0.00190685 -0.00189077 -0.0018784 -0.00187495 -0.00187085 -0.00185552 -0.00185136 -0.00184893 -0.0018314 -0.00183673 -0.00183375 -0.00181548 -0.00182596 -0.00181572 -0.00180296 -0.00181689 -0.00180133 -0.0017996 -0.001811 -0.0017922 -0.00180028 
0 1.07286e-05 2.45695e-05 3.65755e-05 5.56257e-05 6.98195e-05 8.47549e-05 0.000101408 0.000109128 0.000124294 0.000137691 0.000149944 0.000168722 0.00018379 0.000196928 0.000210705 0.000228821 0.0002374 0.000257878 0.000285507 0.000288557 0.000313415 0.00032603 0.000325819 0.000358622 0.000375693 0.000397345 0.000417097 0.000430992 0.000451196 0.000464703 0.000503338 0.00052446 0.000534135 0.000546297 0.000575506 0.000619659 0.000622964 0.000646872 0.000677174 0.000708745 0.000738381 0.000759503 0.000798174 0.000821663 0.000863479 0.000889866 0.000925261 0.000963418 0.000996293 0.00104183 0.00107355 0.00112698 0.00116667 0.00122548 0.00128027 0.00135551 0.0014462 0.00155461 0.00171619 0.00192079 0.00221522 0.00259948 0.00315104 0.00386465 0.00481738 0.00605235 0.00764032 0.0096198 0.01206 0.0150313 0.0185285 0.0225585 0.027059 0.0319633 0.0370568 0.042175 0.0470706 0.051517 0.0551777 0.0578102 0.0591604 0.0590525 0.0573354 0.0540364 0.0492883 0.043307 0.0363483 0.0287632 0.0209833 0.0134273 0.00647854 0.000461132 -0.00431039 -0.00764262 -0.00944923 -0.00981518 -0.00887762 -0.00688956 -0.00414372 -0.0010604 0.00194006 0.00440813 0.00600692 0.00643519 0.00550584 0.00307057 -0.000853988 -0.00613847 -0.0125056 -0.0196549 -0.0272162 -0.0347808 -0.0418991 -0.0481909 -0.0533636 -0.057176 -0.0594521 -0.0601187 -0.0592814 -0.0570989 -0.0538084 -0.0496423 -0.0449326 -0.0399203 -0.0348636 -0.0299324 -0.0253549 -0.0212168 -0.0175998 -0.0144984 -0.0119342 -0.00984035 -0.00815726 -0.00683432 -0.00581152 -0.0050401 -0.00444455 -0.00402257 -0.00370041 -0.00347785 -0.00329934 -0.00318134 -0.00308064 -0.00300313 -0.00293983 -0.00287928 -0.00283546 -0.00277916 -0.00274377 -0.00269447 -0.0026625 -0.00261798 -0.00258363 -0.0025535 -0.00251522 -0.00249218 -0.00245225 -0.00243097 -0.00240448 -0.00238743 -0.00235008 -0.00231799 -0.00231956 -0.00229354 -0.00226518 -0.00223103 -0.0022224 -0.00221424 -0.00218873 -0.00217043 -0.00214671 -0.00214061 -0.00212128 -0.00211707 -0.00211269 -0.00207856 -0.00207559 -0.00206256 -0.00204544 -0.00204626 -0.00203333 -0.00202011 -0.00200959 -0.00200455 -0.00199556 -0.00199082 -0.00199063 -0.00197879 -0.00197657 -0.00196758 -0.00195628 -0.00195639 -0.00194878 -0.0019501 -0.001951 -0.00194767 -0.00194906 -0.00194233 -0.00194059 
0 2.00821e-05 3.57643e-05 4.8119e-05 6.29158e-05 6.81859e-05 8.2633e-05 0.000101733 0.000113223 0.000138223 0.000154484 0.000165675 0.000183201 0.000195366 0.000210705 0.00022706 0.000249995 0.000258842 0.000274396 0.000300238 0.000297601 0.000332734 0.000358758 0.000362326 0.000402618 0.000403263 0.000418454 0.000447174 0.000458541 0.000493419 0.000503411 0.000525202 0.000547394 0.000576869 0.000608657 0.000622255 0.000662621 0.000670557 0.000707255 0.000744679 0.000754192 0.000792381 0.000818267 0.000856712 0.000878034 0.000923328 0.000957408 0.000985623 0.00104284 0.00107142 0.00112131 0.00116259 0.00122102 0.00126384 0.00132355 0.00139958 0.00146717 0.00157526 0.00169944 0.00188404 0.00210923 0.00244689 0.0028917 0.00349667 0.00430398 0.00536224 0.00673626 0.00846492 0.0106429 0.0132937 0.0164993 0.0202388 0.0245283 0.0292709 0.0343743 0.0396382 0.0448693 0.0498255 0.0542453 0.0578447 0.0603529 0.0615649 0.06129 0.0594565 0.056072 0.0513106 0.0453517 0.0384901 0.0310415 0.023447 0.0160657 0.00926424 0.00331046 -0.00148598 -0.0049565 -0.00700725 -0.00773893 -0.00727313 -0.00584775 -0.0037144 -0.00126913 0.00110149 0.00297317 0.0040518 0.00405657 0.00281973 0.00018321 -0.00382723 -0.00910132 -0.0153647 -0.0223659 -0.0297517 -0.0371724 -0.0441783 -0.0504268 -0.0555891 -0.0594576 -0.0618222 -0.0626346 -0.0619241 -0.0598607 -0.0566313 -0.0525011 -0.0477436 -0.0426328 -0.0374153 -0.0322995 -0.0274898 -0.0230998 -0.0192395 -0.0159077 -0.0131311 -0.0108351 -0.00900523 -0.00754137 -0.00640907 -0.00553555 -0.00488383 -0.00439583 -0.00402673 -0.00377423 -0.00357303 -0.00343305 -0.0033112 -0.00323887 -0.00315412 -0.00309198 -0.0030427 -0.00298844 -0.0029422 -0.00289343 -0.00286779 -0.00280947 -0.00278492 -0.00274791 -0.00270709 -0.00267947 -0.00264679 -0.00261787 -0.00257052 -0.00256435 -0.00252617 -0.00249512 -0.00247839 -0.00244168 -0.00243348 -0.00240919 -0.00239392 -0.00236512 -0.00234896 -0.00233933 -0.00231428 -0.00231485 -0.00227509 -0.00226127 -0.00225809 -0.00222442 -0.00223285 -0.00221753 -0.00219607 -0.00219337 -0.00217968 -0.00217262 -0.00216334 -0.00216095 -0.00214627 -0.002134 -0.00213062 -0.00211044 -0.00211373 -0.00211407 -0.00210509 -0.00211267 -0.00210234 -0.00209376 -0.00209062 -0.00208078 -0.00207997 -0.00208096 -0.00208485 
0 2.19985e-06 3.80096e-05 3.53256e-05 6.02489e-05 9.14252e-05 9.12099e-05 0.000120105 0.000131146 0.000136522 0.000160257 0.000170839 0.000193491 0.000209375 0.000228821 0.000249995 0.000254372 0.00028748 0.000302505 0.000309629 0.000345707 0.000352309 0.000365053 0.000393801 0.000413316 0.000430326 0.000451793 0.000490449 0.000494668 0.000515741 0.00056497 0.000563543 0.000586301 0.000623641 0.000643945 0.000669143 0.000688148 0.000724223 0.000755373 0.000789195 0.000811858 0.000844314 0.00089714 0.000913407 0.000953689 0.00099752 0.00102956 0.00106726 0.00111225 0.00115926 0.00118832 0.00125298 0.00130104 0.00134985 0.00142002 0.00149865 0.00158542 0.00169145 0.00185992 0.00204913 0.00232188 0.00269867 0.00321256 0.00388308 0.0047829 0.00597005 0.00746753 0.00936924 0.0117274 0.0146145 0.0180286 0.0220238 0.0265435 0.0315142 0.036779 0.0421798 0.0474879 0.0524501 0.0568074 0.0602878 0.0626533 0.0636763 0.0632419 0.0612779 0.0578624 0.0531084 0.0472561 0.0405478 0.0333518 0.0260128 0.0189133 0.0123204 0.00652436 0.00173781 -0.00183497 -0.00416316 -0.00528696 -0.00537243 -0.00458228 -0.00318807 -0.00149151 0.000113486 0.00130106 0.00176358 0.00129937 -0.000299279 -0.00312566 -0.00720772 -0.0123932 -0.0184998 -0.0252535 -0.0323975 -0.0395597 -0.046392 -0.0525065 -0.057631 -0.0614931 -0.0639505 -0.06489 -0.0643511 -0.0624173 -0.0593033 -0.055235 -0.0504843 -0.0453036 -0.0399594 -0.0346875 -0.0296617 -0.025043 -0.0209269 -0.0173841 -0.0143696 -0.0118885 -0.00987642 -0.00828907 -0.00702123 -0.00605522 -0.00533041 -0.00477988 -0.00436704 -0.00407016 -0.00386506 -0.00368457 -0.00356723 -0.00347352 -0.00339453 -0.00331494 -0.00326463 -0.003213 -0.00314563 -0.00311 -0.00306098 -0.00301388 -0.00296835 -0.00294027 -0.00289176 -0.00284932 -0.00283463 -0.00278953 -0.00275849 -0.00272947 -0.00270653 -0.00268261 -0.00265116 -0.00262362 -0.00259698 -0.00259379 -0.00255097 -0.00251984 -0.00252549 -0.00248884 -0.00246519 -0.00245763 -0.00244211 -0.00242105 -0.00240717 -0.00240646 -0.00237588 -0.00236544 -0.00236378 -0.00233635 -0.00233307 -0.00232131 -0.00230716 -0.00229731 -0.00228451 -0.00229106 -0.00227417 -0.00227395 -0.00227706 -0.00224428 -0.00225588 -0.00224528 -0.00222266 -0.00225154 -0.00223009 -0.00222817 -0.00225038 -0.00221486 -0.00222861 
0 1.902e-05 3.4667e-05 5.18061e-05 6.83491e-05 8.31409e-05 9.86919e-05 0.000118962 0.0001358 0.000151357 0.000176498 0.000188378 0.000203648 0.000232052 0.0002374 0.000258842 0.00028748 0.000289528 0.000317812 0.000344215 0.00035379 0.00038363 0.000404769 0.000416619 0.000436884 0.0004669 0.00048978 0.000505299 0.000536024 0.000556504 0.000571943 0.000605875 0.000647181 0.000666719 0.000671897 0.000714979 0.000761339 0.000777386 0.000800258 0.000838572 0.000873755 0.00090742 0.000943703 0.000973573 0.00101578 0.00106281 0.00109705 0.00113809 0.00119327 0.00123662 0.00127971 0.00134298 0.00139797 0.00145216 0.00152732 0.00161696 0.00170515 0.00183462 0.00201422 0.00223411 0.00253721 0.00296732 0.00354202 0.00428652 0.0052931 0.00659769 0.00824655 0.0103098 0.0128801 0.0159791 0.0196296 0.0238555 0.0286098 0.033772 0.0391828 0.0446853 0.0500306 0.0549625 0.0592084 0.0625472 0.0647198 0.0655505 0.0649278 0.0628691 0.0594254 0.054746 0.0490338 0.0425797 0.0356944 0.0287163 0.0219499 0.0156606 0.0100658 0.00535712 0.0016782 -0.000921933 -0.00249509 -0.00317143 -0.00311378 -0.00254061 -0.00172159 -0.000972263 -0.000579048 -0.000788304 -0.00179557 -0.00377085 -0.00681128 -0.0109166 -0.0159823 -0.0218452 -0.0283035 -0.0351046 -0.0419499 -0.0485041 -0.0544439 -0.0594554 -0.0633022 -0.0658082 -0.0668969 -0.0665246 -0.0647705 -0.0617898 -0.0578353 -0.0531234 -0.0479204 -0.042484 -0.0370801 -0.0318745 -0.0270341 -0.0226905 -0.0189159 -0.0156915 -0.0129983 -0.0108212 -0.00907884 -0.00769317 -0.00661414 -0.00581235 -0.00519472 -0.00472766 -0.00439221 -0.00415311 -0.00395732 -0.00381254 -0.00371377 -0.00361961 -0.00353694 -0.00347656 -0.003421 -0.00335478 -0.0033083 -0.00326578 -0.00321171 -0.00316704 -0.00313334 -0.00309082 -0.0030486 -0.00301442 -0.00297668 -0.00294822 -0.00291982 -0.00287455 -0.00283909 -0.0028333 -0.00280679 -0.00275786 -0.00273368 -0.0027259 -0.00270749 -0.00267334 -0.00265404 -0.00263924 -0.00261445 -0.00259931 -0.0025887 -0.00256964 -0.00254133 -0.00253417 -0.002524 -0.00249875 -0.00250017 -0.00248517 -0.00246269 -0.00246572 -0.00245242 -0.00243872 -0.00243562 -0.00242428 -0.00241292 -0.00240765 -0.00240398 -0.00239384 -0.00239268 -0.0023914 -0.00237881 -0.00238158 -0.00237741 -0.0023673 -0.00237565 -0.00236934 
