0 0 0 0 0 0 0 0 0 0 0 0 0 0 0 0 0 0 0 0 0 0 0 0 0 0 0 0 0 0 0 0 0 0 0 0 0 0 0 0 0 0 0 0 0 0 0 0 0 0 0 0 0 0 0 0 0 0 0 0 0 0 0 0 0 0 0 0 0 0 0 0 0 0 0 0 0 0 0 0 0 0 0 0 0 0 0 0 0 0 0 0 0 0 0 0 0 0 0 0 0 0 0 0 0 0 0 0 0 0 0 0 0 0 0 0 0 0 0 0 0 0 0 0 0 0 0 0 0 0 0 0 0 0 0 0 0 0 0 0 0 0 0 0 0 0 0 0 0 0 0 0 0 0 0 0 0 0 0 0 0 0 0 0 0 0 0 0 0 0 0 0 0 0 0 0 0 0 0 0 0 0 0 0 0 0 0 0 0 0 0 0 0 0 0 0 0 0 0 0 
0 1.63011e-06 8.60848e-07 3.97535e-06 2.61041e-06 3.51379e-06 3.99766e-06 3.80137e-06 8.21903e-06 3.6372e-06 8.86787e-06 8.71118e-06 6.57813e-07 1.58335e-05 7.15966e-06 9.05584e-06 2.66063e-05 4.48432e-06 1.56728e-05 1.76719e-05 -1.67714e-06 2.00101e-05 1.6952e-05 1.6132e-05 2.41967e-05 2.07987e-05 1.94839e-05 1.48483e-05 3.2023e-05 2.38308e-05 2.2148e-05 2.88851e-05 1.59311e-05 2.53261e-05 2.27724e-05 3.95476e-05 3.31844e-05 1.51625e-05 3.84071e-05 4.24607e-05 4.09826e-05 2.95982e-05 4.21432e-05 4.30823e-05 3.87575e-05 4.82444e-05 3.51537e-05 4.79482e-05 4.6631e-05 4.85045e-05 4.83893e-05 5.85034e-05 6.53803e-05 6.61264e-05 9.49862e-05 0.000107512 0.000142683 0.000187984 0.00025915 0.000338187 0.000457843 0.000614669 0.000794847 0.00103303 0.00131846 0.00166206 0.00204411 0.00249957 0.00297657 0.00346519 0.0039307 0.00434921 0.00465783 0.00483304 0.00486233 0.00470656 0.00434985 0.00378998 0.00306412 0.00217789 0.00120757 0.000215705 -0.000717602 -0.00157869 -0.00230216 -0.00285527 -0.00319933 -0.0033639 -0.00335216 -0.00320383 -0.00294639 -0.00263255 -0.0022739 -0.0019015 -0.00154147 -0.00122829 -0.000947196 -0.000684951 -0.000437977 -0.000226874 -3.53315e-05 0.000165694 0.000399137 0.000647746 0.000911141 0.00120216 0.00154202 0.00190487 0.00226549 0.00259392 0.00288109 0.00307874 0.00315661 0.0030729 0.00282005 0.00236198 0.00172437 0.000933969 5.51909e-05 -0.000901442 -0.00186406 -0.00277174 -0.0035396 -0.00415721 -0.00458156 -0.00480932 -0.00484485 -0.00473074 -0.00447476 -0.00409904 -0.00365878 -0.003187 -0.00271483 -0.0022549 -0.00186181 -0.00150741 -0.00120977 -0.000956455 -0.000766938 -0.000599273 -0.000471772 -0.000383076 -0.000309962 -0.000258135 -0.000220555 -0.000207418 -0.000177169 -0.000176501 -0.000168864 -0.000162514 -0.00015727 -0.000158394 -0.000158908 -0.000146451 -0.000155968 -0.000141137 -0.000149562 -0.000149594 -0.000136582 -0.000132521 -0.000141501 -0.00015327 -0.000125729 -0.00013254 -0.000137345 -0.000141052 -0.000141736 -0.000127369 -0.000139736 -0.000127195 -0.0001289 -0.000136582 -0.00013085 -0.000124793 -0.000118823 -0.000132101 -0.000117223 -0.000127924 -0.00013925 -0.00011487 -0.000131717 -0.000124967 -0.000114414 -0.000130163 -0.000120103 -0.00012168 -0.000122789 -0.000117978 -0.000119903 -0.000117938 -0.000124112 -0.000121241 -0.000121979 -0.000125426 -0.000114814 -0.000119186 -0.000118356 -0.000112549 -0.000123897 -0.000118259 
0 8.60848e-07 1.01324e-06 4.55772e-06 3.9856e-06 6.66226e-06 1.2307e-05 6.60687e-06 1.24773e-05 1.55644e-05 8.24032e-06 2.26417e-05 1.98408e-05 1.45153e-05 2.7182e-05 1.40683e-05 1.52167e-05 2.70518e-05 2.30903e-05 3.3365e-05 3.96608e-05 3.63778e-05 3.08454e-05 3.05891e-05 3.64439e-05 3.11726e-05 4.1268e-05 5.21408e-05 3.2317e-05 3.77774e-05 5.75973e-05 4.46819e-05 5.71809e-05 7.27963e-05 5.19021e-05 4.63535e-05 6.48719e-05 7.69426e-05 6.17099e-05 5.87251e-05 6.19883e-05 7.52333e-05 8.47666e-05 6.45846e-05 8.18669e-05 9.05195e-05 8.9685e-05 9.17402e-05 0.000101915 0.000106345 0.000102506 0.000129793 0.000125359 0.000148128 0.000179689 0.000222783 0.00027856 0.000375099 0.000513969 0.000669895 0.000919566 0.00121652 0.00159953 0.00205755 0.00264799 0.0033181 0.00410029 0.00499588 0.00595264 0.00692502 0.00784836 0.00868418 0.00928683 0.00964999 0.00968797 0.00939242 0.00866333 0.00756974 0.00610577 0.00436429 0.00242255 0.000466659 -0.00140642 -0.00310899 -0.00455756 -0.00565463 -0.00635295 -0.00668589 -0.00667205 -0.00638641 -0.00588004 -0.0052633 -0.00454765 -0.00381614 -0.00309441 -0.00247493 -0.00190115 -0.00138504 -0.000882928 -0.000467031 -6.75159e-05 0.000329223 0.000805284 0.00129372 0.0018332 0.00240962 0.00309408 0.00380718 0.00452955 0.00517635 0.00574564 0.00612963 0.00627863 0.00610642 0.00559234 0.00468221 0.00340721 0.00184456 8.2615e-05 -0.00180538 -0.00372959 -0.00551347 -0.007059 -0.00826703 -0.00912973 -0.00956666 -0.00966005 -0.00941684 -0.00892269 -0.00816951 -0.00730369 -0.00636265 -0.0054231 -0.00451809 -0.00372196 -0.00303033 -0.00242049 -0.00193553 -0.00153405 -0.00121964 -0.000950201 -0.000780405 -0.000628406 -0.000523052 -0.000452767 -0.000408045 -0.00036744 -0.000340295 -0.000340959 -0.000311838 -0.000314669 -0.000308718 -0.000301516 -0.000293323 -0.000303742 -0.000300573 -0.000279401 -0.000293871 -0.000292779 -0.000295565 -0.000281829 -0.000267908 -0.000282342 -0.000292026 -0.000272049 -0.000251262 -0.00027218 -0.00026638 -0.000255319 -0.00027342 -0.000261911 -0.000248387 -0.000259723 -0.000263671 -0.00026041 -0.000260216 -0.000257186 -0.000248573 -0.000240971 -0.000248849 -0.000248945 -0.000243331 -0.000253103 -0.00024539 -0.000239567 -0.000248213 -0.000243554 -0.000243364 -0.0002482 -0.000243164 -0.000236169 -0.000239452 -0.000236123 -0.00023198 -0.000245604 -0.000240145 -0.00023922 -0.00024885 -0.000233694 -0.000238893 
0 3.97535e-06 4.55772e-06 8.05676e-06 8.37396e-06 1.07006e-05 1.22539e-05 1.33402e-05 1.9622e-05 1.66768e-05 2.24486e-05 2.50078e-05 1.78357e-05 3.38139e-05 2.90631e-05 3.10139e-05 5.04353e-05 3.09978e-05 4.10008e-05 4.51014e-05 2.73187e-05 5.03591e-05 5.03933e-05 5.15168e-05 6.26112e-05 5.938e-05 5.96209e-05 5.89945e-05 7.4939e-05 7.00893e-05 7.24409e-05 7.62759e-05 6.68122e-05 8.04028e-05 7.76719e-05 9.78985e-05 9.55845e-05 7.87072e-05 0.000103539 0.000112851 0.000112368 0.00010395 0.000120537 0.00012026 0.000121757 0.000134542 0.000122143 0.000138752 0.00014375 0.000148985 0.000153859 0.000177981 0.000194496 0.000215725 0.000277292 0.000334301 0.000433199 0.000575631 0.000780319 0.00103248 0.0013915 0.00185204 0.00241217 0.00311953 0.00398099 0.00499884 0.00616026 0.00749536 0.00891328 0.010356 0.0117317 0.0129504 0.0138577 0.0143782 0.0144447 0.0139752 0.0129117 0.0112678 0.00911075 0.00651422 0.00365817 0.000744455 -0.00203322 -0.00457215 -0.00671834 -0.00835958 -0.00941557 -0.00992786 -0.00992955 -0.00951943 -0.00879126 -0.00787434 -0.00682586 -0.00573414 -0.00467517 -0.00373063 -0.00287545 -0.00208534 -0.00134809 -0.000701495 -0.000100811 0.000519465 0.00121858 0.0019667 0.00277016 0.00365376 0.00465954 0.00572636 0.00678514 0.00775053 0.008573 0.00913173 0.0093293 0.00905758 0.00827034 0.00690429 0.00500992 0.00267937 6.05236e-05 -0.00275549 -0.00559131 -0.00824943 -0.0105302 -0.0123438 -0.0136053 -0.0142834 -0.0144117 -0.0140707 -0.013319 -0.0122239 -0.0109286 -0.00953409 -0.00813321 -0.00678716 -0.00559826 -0.00454811 -0.00365159 -0.00290438 -0.00231361 -0.0018234 -0.00143871 -0.00116223 -0.000944113 -0.00078607 -0.000676324 -0.000614832 -0.000547999 -0.000524311 -0.000505802 -0.000484915 -0.000473715 -0.000470993 -0.000466012 -0.000447658 -0.00045627 -0.000438253 -0.000440425 -0.000440368 -0.000422238 -0.000415992 -0.000424308 -0.00043141 -0.000401243 -0.000408179 -0.000410757 -0.000410441 -0.00041323 -0.000395709 -0.000403032 -0.000392542 -0.000391487 -0.000396203 -0.00039033 -0.000381211 -0.000373283 -0.000385275 -0.000370056 -0.000380601 -0.000389986 -0.00036577 -0.000381064 -0.000371927 -0.000361888 -0.00037624 -0.000364796 -0.000366218 -0.000366148 -0.000359592 -0.000361474 -0.000359853 -0.0003643 -0.000363163 -0.000363599 -0.000364441 -0.000356051 -0.000357896 -0.000356128 -0.000350859 -0.000357614 -0.000358006 
0 2.61041e-06 3.9856e-06 8.37396e-06 1.14407e-05 1.42972e-05 1.74947e-05 1.9833e-05 2.37133e-05 2.49636e-05 2.93075e-05 3.29177e-05 3.28247e-05 4.00328e-05 3.92936e-05 4.06708e-05 4.95327e-05 4.60425e-05 5.44089e-05 6.09614e-05 5.74676e-05 6.71051e-05 6.66134e-05 6.70108e-05 7.40673e-05 7.58348e-05 8.05002e-05 8.33551e-05 8.91337e-05 9.0467e-05 9.60128e-05 0.000102897 0.000104428 0.000112728 0.000111008 0.000118451 0.000124821 0.000122826 0.000133292 0.000136447 0.000139566 0.000144837 0.000154648 0.000157413 0.00016224 0.000175058 0.000174849 0.000186441 0.000196246 0.000203512 0.000216482 0.000238508 0.000263852 0.000299004 0.000368038 0.000453736 0.000584718 0.000777836 0.00104416 0.00139631 0.00187081 0.00248435 0.00324135 0.00418683 0.00533282 0.0066856 0.00823978 0.00999331 0.0118659 0.013763 0.0155736 0.017156 0.0183489 0.0190271 0.0191011 0.0184652 0.0170632 0.0149009 0.0120604 0.00865966 0.00492075 0.0010983 -0.00256911 -0.00590942 -0.00874047 -0.0109124 -0.0123421 -0.0130476 -0.0130919 -0.012585 -0.0116646 -0.0104699 -0.00910694 -0.0076773 -0.00629176 -0.00502483 -0.00387735 -0.00281535 -0.00183857 -0.000956812 -0.000133126 0.000717557 0.00164615 0.00265177 0.00373202 0.00492422 0.0062467 0.00764839 0.00902972 0.0102949 0.0113463 0.0120533 0.0122747 0.0118882 0.0108106 0.00899638 0.00649365 0.00342759 -3.41544e-05 -0.00373333 -0.00744895 -0.0109282 -0.0139308 -0.0163146 -0.017975 -0.0188813 -0.0190657 -0.0186233 -0.0176345 -0.0162136 -0.0145127 -0.0126806 -0.010832 -0.00906915 -0.00748299 -0.00609017 -0.00489909 -0.00390667 -0.00310804 -0.00245695 -0.00194843 -0.00156577 -0.0012774 -0.00106333 -0.000916425 -0.000819469 -0.000741976 -0.000699516 -0.000669694 -0.000646402 -0.000629246 -0.00062212 -0.000611555 -0.000600362 -0.000600953 -0.000588751 -0.00058448 -0.000582036 -0.00057596 -0.000568108 -0.000565372 -0.000563179 -0.000551821 -0.000553424 -0.000545988 -0.000539945 -0.000538095 -0.000530748 -0.000531839 -0.000526283 -0.000522511 -0.000519884 -0.000518209 -0.000515114 -0.000511838 -0.00051446 -0.000504127 -0.000503751 -0.000503838 -0.000493929 -0.000499441 -0.000495625 -0.000491104 -0.000494267 -0.000488707 -0.000488521 -0.000488235 -0.000486183 -0.000485892 -0.000483377 -0.000482795 -0.000479771 -0.000478752 -0.000479486 -0.000476731 -0.000478628 -0.000480496 -0.000479176 -0.000479345 -0.000476242 
0 3.51379e-06 6.66226e-06 1.07006e-05 1.42972e-05 1.61736e-05 2.33781e-05 2.49272e-05 2.61534e-05 3.64404e-05 3.18563e-05 3.94851e-05 5.08588e-05 3.93183e-05 5.62845e-05 5.69355e-05 4.52415e-05 7.16128e-05 6.29499e-05 6.65418e-05 8.87365e-05 7.48755e-05 8.33238e-05 8.80516e-05 8.92089e-05 9.43528e-05 0.000100635 0.000115346 0.000100365 0.000114203 0.000124476 0.00011953 0.0001378 0.000138872 0.000146855 0.000135387 0.000150797 0.000174847 0.000160148 0.000166164 0.000171049 0.00019257 0.00019066 0.000193411 0.000208069 0.00020982 0.000229694 0.00022693 0.000245375 0.000255177 0.000274706 0.000298735 0.000329477 0.000390109 0.000458444 0.000584671 0.000746572 0.000995028 0.00132521 0.00178054 0.00237594 0.00313666 0.00410218 0.00527803 0.0067134 0.00839076 0.0103379 0.0124888 0.0147988 0.0171276 0.0193454 0.0212663 0.0227202 0.0235479 0.0236099 0.0228115 0.0210741 0.0184246 0.0149267 0.0107788 0.00620646 0.00153172 -0.00299181 -0.00709334 -0.0105861 -0.0132752 -0.0150896 -0.0160075 -0.0161254 -0.0155579 -0.0144799 -0.0130375 -0.0113843 -0.00964351 -0.00794444 -0.00635868 -0.00490884 -0.00357477 -0.00235194 -0.00122689 -0.000157123 0.000934461 0.00210097 0.00336445 0.00473331 0.00623474 0.00786668 0.00958001 0.0112632 0.0128011 0.0140501 0.0148691 0.0150822 0.0145569 0.0131722 0.0109138 0.00781883 0.00405013 -0.000226673 -0.00476018 -0.00930962 -0.0135535 -0.0172497 -0.0201699 -0.0222222 -0.0233479 -0.0236053 -0.0230659 -0.0218617 -0.0201351 -0.0180562 -0.0158053 -0.0135265 -0.0113654 -0.00938315 -0.00765531 -0.00616402 -0.00493351 -0.00391353 -0.00310747 -0.00246786 -0.00197898 -0.00161584 -0.00134557 -0.00116279 -0.00102235 -0.000944093 -0.000874513 -0.000840252 -0.000809323 -0.000792542 -0.000778061 -0.0007603 -0.000760399 -0.000743448 -0.000747008 -0.000726149 -0.000721949 -0.000724686 -0.000718471 -0.000705145 -0.000684691 -0.000705903 -0.000694021 -0.000680295 -0.000671558 -0.000669358 -0.000674975 -0.00065489 -0.000666118 -0.000656605 -0.000642848 -0.000648008 -0.000645873 -0.000646555 -0.000631556 -0.000640924 -0.000628944 -0.00061475 -0.000635757 -0.000616063 -0.000617451 -0.000626894 -0.000607238 -0.000614362 -0.000612812 -0.000606802 -0.000610389 -0.000607109 -0.000605685 -0.000599984 -0.00060165 -0.000599446 -0.000595993 -0.000604991 -0.000597003 -0.00059586 -0.000603033 -0.00059191 -0.000597076 
0 3.99766e-06 1.2307e-05 1.22539e-05 1.74947e-05 2.33781e-05 2.08677e-05 3.2408e-05 3.4325e-05 3.44342e-05 5.02157e-05 4.25357e-05 4.86765e-05 6.21181e-05 5.3998e-05 7.17216e-05 7.85985e-05 7.32773e-05 8.33686e-05 8.06762e-05 8.18282e-05 8.86049e-05 0.000102804 0.000110802 0.00010912 0.000125453 0.000120307 0.000115945 0.000144095 0.000145373 0.000137396 0.000155085 0.000153302 0.000146707 0.000172002 0.000190411 0.00018246 0.000178656 0.00019889 0.000216173 0.000223803 0.000218209 0.00022266 0.000250396 0.000248425 0.000252371 0.000265674 0.000278167 0.000287264 0.000304535 0.000332667 0.000350071 0.000408039 0.000470381 0.000567462 0.000713462 0.000929175 0.0012234 0.00162679 0.0021916 0.00289979 0.00382832 0.00498258 0.00641391 0.00811233 0.0101341 0.0124431 0.014991 0.0177044 0.020442 0.0230353 0.0252581 0.0269582 0.0278996 0.0279555 0.0269707 0.0249329 0.0217988 0.0177113 0.0128509 0.00753218 0.00204489 -0.00326404 -0.00810031 -0.0122104 -0.0154158 -0.0176128 -0.0187736 -0.0189973 -0.0184142 -0.0172203 -0.0155654 -0.0136586 -0.0116307 -0.00964194 -0.00773422 -0.0059857 -0.00436592 -0.00289923 -0.0015074 -0.000181718 0.00117649 0.00258054 0.00411754 0.00577332 0.00759315 0.00951597 0.0115236 0.0134749 0.0152557 0.0166623 0.0175512 0.0177193 0.017022 0.0153223 0.0126142 0.00895982 0.00450925 -0.000521639 -0.00585428 -0.0111562 -0.0161291 -0.0204488 -0.0238988 -0.0263023 -0.0276681 -0.0279854 -0.0273841 -0.0259707 -0.0239763 -0.021543 -0.018901 -0.0162195 -0.0136656 -0.0113141 -0.00923442 -0.00746724 -0.00597237 -0.00475325 -0.00376655 -0.00301038 -0.00240196 -0.001964 -0.0016403 -0.00140764 -0.00124197 -0.00113662 -0.0010673 -0.00100524 -0.00098476 -0.000954103 -0.000936393 -0.000924658 -0.000915909 -0.000893678 -0.000884455 -0.0008917 -0.000868826 -0.000854308 -0.000845719 -0.000850154 -0.000850111 -0.000826045 -0.000810033 -0.000823297 -0.000830507 -0.000804805 -0.000801828 -0.000805289 -0.000782799 -0.000785863 -0.000795607 -0.000774321 -0.000765799 -0.000765819 -0.000757411 -0.000757774 -0.000760711 -0.00076177 -0.000749569 -0.000746729 -0.000747999 -0.000734218 -0.00074153 -0.000740523 -0.000729116 -0.000732977 -0.000726289 -0.000722225 -0.000725251 -0.000727185 -0.000725425 -0.000724334 -0.000725506 -0.000715106 -0.000717818 -0.000716408 -0.000706961 -0.000719674 -0.000715479 
0 3.80137e-06 6.60687e-06 1.33402e-05 1.9833e-05 2.49272e-05 3.2408e-05 3.6297e-05 3.87756e-05 4.79038e-05 4.88791e-05 5.41354e-05 6.74381e-05 6.17942e-05 7.22404e-05 7.8764e-05 6.89498e-05 9.2301e-05 9.3606e-05 9.75292e-05 0.000121781 0.000109898 0.000116673 0.000122911 0.000120083 0.000134145 0.000142259 0.000152047 0.000150307 0.000159992 0.000167338 0.000178036 0.000194394 0.000192674 0.000207973 0.000196565 0.000208642 0.000238848 0.000228533 0.000230284 0.000242855 0.000263811 0.000263662 0.000279977 0.000289421 0.000294353 0.000324993 0.000326028 0.000343167 0.000365799 0.000396873 0.000422098 0.000482423 0.000568978 0.000671834 0.000858526 0.00110921 0.00146227 0.0019411 0.00260841 0.00344885 0.00453107 0.00590045 0.00756359 0.00955458 0.011894 0.0145731 0.0174893 0.0205914 0.0237035 0.0266335 0.0291371 0.0310375 0.0320872 0.0321007 0.0309544 0.0286009 0.0250394 0.0203868 0.0149038 0.00888436 0.0026749 -0.00337486 -0.00888121 -0.01359 -0.017288 -0.0198797 -0.021306 -0.0216791 -0.0211302 -0.019865 -0.0180491 -0.0159227 -0.0136488 -0.0113805 -0.00917111 -0.00711175 -0.00521321 -0.00347749 -0.00181723 -0.000203565 0.00142427 0.00309404 0.0049005 0.00686076 0.00898407 0.0111966 0.0134637 0.0156573 0.0176337 0.0191602 0.0200699 0.0201511 0.0192519 0.0172219 0.0140781 0.00987849 0.00480022 -0.000943098 -0.00699057 -0.0129984 -0.0186104 -0.0235227 -0.0274388 -0.030203 -0.0317768 -0.0321866 -0.0315213 -0.029947 -0.0276995 -0.0249567 -0.0219549 -0.0188969 -0.015978 -0.0132603 -0.0108583 -0.00879358 -0.0070617 -0.00561953 -0.00447316 -0.00357564 -0.00286193 -0.0023377 -0.00195198 -0.00167575 -0.00146488 -0.00134694 -0.001248 -0.0011799 -0.0011445 -0.00111516 -0.00108719 -0.00106717 -0.00106814 -0.00104088 -0.00103977 -0.00102592 -0.0010121 -0.00101628 -0.00100815 -0.000986783 -0.000970634 -0.000989989 -0.000969361 -0.000954274 -0.000947846 -0.000933467 -0.000939531 -0.000927887 -0.000925515 -0.000916435 -0.000907493 -0.000904746 -0.000906917 -0.000908524 -0.00089045 -0.000896717 -0.000880498 -0.000867698 -0.000883138 -0.000864944 -0.000868691 -0.000871541 -0.000854663 -0.000860691 -0.000857042 -0.000853302 -0.000857133 -0.000853021 -0.000848163 -0.000844121 -0.000840665 -0.000837045 -0.000837373 -0.000838155 -0.00084066 -0.00084352 -0.000841494 -0.000839806 -0.000834429 
0 8.21903e-06 1.24773e-05 1.9622e-05 2.37133e-05 2.61534e-05 3.4325e-05 3.87756e-05 4.4153e-05 5.4782e-05 5.55422e-05 6.28496e-05 7.3761e-05 7.06045e-05 8.5192e-05 9.30532e-05 8.92066e-05 0.000108307 0.000104945 0.000105991 0.000124206 0.000120135 0.000134237 0.000146122 0.0001484 0.000158212 0.000162415 0.000172603 0.000176149 0.000187836 0.000194373 0.000198166 0.000209282 0.000211496 0.000233258 0.000234587 0.000242334 0.000264471 0.000262424 0.000277229 0.000290378 0.000301434 0.000304879 0.000321636 0.000334512 0.000336661 0.000364093 0.000369419 0.000388473 0.000417189 0.000449223 0.00048906 0.000559062 0.000665117 0.000793911 0.00101524 0.00131457 0.00172775 0.00229398 0.00306132 0.00404 0.00528446 0.00686054 0.00876186 0.011036 0.0136917 0.0167119 0.0199853 0.0234382 0.0268894 0.0301109 0.0328619 0.0349246 0.0360503 0.0360116 0.0347 0.0320501 0.0280893 0.0229393 0.0168968 0.0102614 0.0034014 -0.00330388 -0.00943066 -0.0146932 -0.018872 -0.0218517 -0.0235747 -0.0241341 -0.0236743 -0.0223846 -0.0204643 -0.0181611 -0.0156784 -0.013149 -0.0106543 -0.0082864 -0.00610352 -0.00408066 -0.00213666 -0.000217791 0.00169554 0.0036513 0.00573739 0.00800474 0.010421 0.0129106 0.0154073 0.0178056 0.0199249 0.0215257 0.0224012 0.0223529 0.0212119 0.0188465 0.0152678 0.0105544 0.00488458 -0.00149759 -0.00819581 -0.01483 -0.0210213 -0.0264563 -0.0308067 -0.0339067 -0.0356889 -0.0361931 -0.0354912 -0.0337873 -0.0313173 -0.0283025 -0.0249743 -0.0215735 -0.0182978 -0.0152379 -0.0125121 -0.010156 -0.00817429 -0.00651654 -0.00519768 -0.00415373 -0.00333407 -0.00271759 -0.00226944 -0.00194219 -0.00169861 -0.00155407 -0.00143893 -0.00136296 -0.00131499 -0.00128473 -0.00125196 -0.00123181 -0.00122415 -0.00119547 -0.00119236 -0.00117722 -0.00116011 -0.00114987 -0.00114414 -0.00113051 -0.00111371 -0.00111879 -0.00109832 -0.00109376 -0.00109156 -0.00107909 -0.00107664 -0.0010619 -0.00105984 -0.00105277 -0.00104549 -0.00103765 -0.00103019 -0.0010259 -0.00101149 -0.00101973 -0.00101157 -0.00100186 -0.00101173 -0.000993677 -0.000992605 -0.000995666 -0.00098181 -0.000985537 -0.000981307 -0.000973135 -0.000973274 -0.000969315 -0.000967153 -0.00096697 -0.000966883 -0.000966593 -0.000965529 -0.000961921 -0.000956741 -0.000954071 -0.000953138 -0.000953889 -0.000956589 
0 3.6372e-06 1.55644e-05 1.66768e-05 2.49636e-05 3.64404e-05 3.44342e-05 4.79038e-05 5.4782e-05 5.1185e-05 7.20903e-05 7.12519e-05 7.11053e-05 9.50202e-05 8.5025e-05 9.68603e-05 0.0001178 0.000105141 0.000125252 0.000132667 0.000127168 0.000145159 0.000150861 0.000160883 0.00016414 0.000179263 0.000185662 0.000178531 0.000211025 0.000211203 0.000213595 0.000234655 0.000234748 0.000244078 0.000250117 0.000280455 0.000280113 0.000274899 0.000300789 0.000312773 0.00033278 0.000324826 0.000345296 0.000366616 0.000373297 0.00039122 0.000399853 0.000430257 0.000440059 0.00047799 0.000511421 0.000562494 0.000649352 0.000758112 0.000933938 0.00117186 0.00153397 0.00200346 0.00266616 0.0035344 0.00465413 0.00607792 0.00784772 0.0100062 0.0125498 0.01553 0.0188599 0.0224856 0.0262503 0.0300055 0.0334762 0.0364354 0.0386251 0.0397857 0.039692 0.0382025 0.0352851 0.0309468 0.0253782 0.0188318 0.0116746 0.00423421 -0.00302936 -0.00972784 -0.0154936 -0.0201426 -0.0235011 -0.0255535 -0.0263375 -0.0260231 -0.0247629 -0.0228004 -0.0203726 -0.0177177 -0.0149537 -0.0121917 -0.00952797 -0.00705036 -0.00472466 -0.00247597 -0.000242449 0.0019775 0.00423765 0.00662074 0.00918974 0.0118884 0.0146355 0.0173353 0.0198938 0.0221007 0.0237239 0.0245115 0.0242916 0.022871 0.0201698 0.0161603 0.0109729 0.00475133 -0.00218119 -0.00946165 -0.0166289 -0.0233419 -0.0292155 -0.0339705 -0.0373688 -0.0393669 -0.0399581 -0.0392568 -0.0374523 -0.034801 -0.0315517 -0.0279379 -0.0242348 -0.0206149 -0.0172465 -0.0141965 -0.0115685 -0.0093208 -0.007467 -0.00595889 -0.00477168 -0.00384008 -0.00312796 -0.00261409 -0.00222164 -0.00195757 -0.0017609 -0.00164167 -0.00154237 -0.00148783 -0.00144536 -0.00140821 -0.0013949 -0.00136594 -0.00135434 -0.00133014 -0.00133282 -0.00131284 -0.00128988 -0.00128505 -0.00127667 -0.00127857 -0.00124189 -0.00123752 -0.00124012 -0.00122943 -0.00121511 -0.00119988 -0.00120796 -0.00118137 -0.0011815 -0.00118677 -0.00116333 -0.00116139 -0.00115378 -0.0011526 -0.00114001 -0.00113993 -0.00114299 -0.00111699 -0.00112797 -0.00112171 -0.001104 -0.00111945 -0.0011056 -0.00109899 -0.00110509 -0.00109308 -0.00109297 -0.00109392 -0.00109024 -0.00108607 -0.0010837 -0.00108366 -0.00107766 -0.00108133 -0.0010809 -0.00107474 -0.00108108 -0.00107557 
0 8.86787e-06 8.24032e-06 2.24486e-05 2.93075e-05 3.18563e-05 5.02157e-05 4.88791e-05 5.55422e-05 7.20903e-05 6.48827e-05 8.2188e-05 9.21171e-05 8.84578e-05 0.000110066 0.000108219 0.000111647 0.000127937 0.00013212 0.000145795 0.000155868 0.000168672 0.000165656 0.000170242 0.000190301 0.000183081 0.000205827 0.000226038 0.000214804 0.000229299 0.000246318 0.000252463 0.00026535 0.000288851 0.0002899 0.000283295 0.000306683 0.000331147 0.000339958 0.000336113 0.000348274 0.000378516 0.000392836 0.000396023 0.000414202 0.000437516 0.000454312 0.000474549 0.000501045 0.000533548 0.000577762 0.000645649 0.000733979 0.00087245 0.00107232 0.00135779 0.00175953 0.00231393 0.00306304 0.00404092 0.00531243 0.00690813 0.00889095 0.0112835 0.0141219 0.0173859 0.0210338 0.0249646 0.0290266 0.0330279 0.0367133 0.0398365 0.0421055 0.0432768 0.0430982 0.0414505 0.0382608 0.0336124 0.0276635 0.0207155 0.0130919 0.00518998 -0.00256818 -0.00974546 -0.0159912 -0.0210645 -0.0248157 -0.0272039 -0.0282656 -0.028136 -0.0269737 -0.0250269 -0.0225359 -0.0197445 -0.0167765 -0.0137717 -0.0108262 -0.00804837 -0.00539839 -0.0028299 -0.000267802 0.00227336 0.00486282 0.00755532 0.0104214 0.0133839 0.0163659 0.0192403 0.0219077 0.0241474 0.0257274 0.0263838 0.0259367 0.0242192 0.0211598 0.0167523 0.0111042 0.00440901 -0.00301863 -0.0107685 -0.0184144 -0.025547 -0.031819 -0.0369035 -0.0406005 -0.0427852 -0.0434903 -0.0428018 -0.0409455 -0.0381486 -0.034703 -0.0308547 -0.0268702 -0.0229501 -0.0192681 -0.0159351 -0.0130104 -0.0105229 -0.00844854 -0.00676641 -0.00541669 -0.00437283 -0.00356696 -0.00296657 -0.00252613 -0.00221354 -0.0019905 -0.0018353 -0.00173504 -0.00165906 -0.00161007 -0.00157366 -0.0015437 -0.00152109 -0.00151009 -0.00148991 -0.00146379 -0.00145786 -0.0014569 -0.00143654 -0.00141102 -0.0014 -0.00140481 -0.00139776 -0.0013644 -0.00135151 -0.00135505 -0.00134383 -0.00132841 -0.0013305 -0.00131704 -0.00129199 -0.00130572 -0.00129997 -0.00128493 -0.00128767 -0.00127258 -0.00126179 -0.00125518 -0.00125697 -0.00124971 -0.00124117 -0.00124676 -0.00122846 -0.00122824 -0.00123236 -0.00121936 -0.00122687 -0.00121982 -0.00121113 -0.00121228 -0.0012049 -0.00120353 -0.00120122 -0.00120347 -0.00120275 -0.00120144 -0.00120495 -0.00119673 -0.00119744 
0 8.71118e-06 2.26417e-05 2.50078e-05 3.29177e-05 3.94851e-05 4.25357e-05 5.41354e-05 6.28496e-05 7.12519e-05 8.2188e-05 8.95729e-05 9.46371e-05 0.000106765 0.000113434 0.000120573 0.000139291 0.000138764 0.000147902 0.000158716 0.000153203 0.000175343 0.000185502 0.00019635 0.000217008 0.00021592 0.000226802 0.000233456 0.000244778 0.000262011 0.000270693 0.000276932 0.000283993 0.000300204 0.000306682 0.000338336 0.00035118 0.000341911 0.000369819 0.000390587 0.000404381 0.00041159 0.000428372 0.000440824 0.000462198 0.000484011 0.000487758 0.000524016 0.000552254 0.000587874 0.00064015 0.000724294 0.000829519 0.000987731 0.00123342 0.00155335 0.00201915 0.00265105 0.00349929 0.00459158 0.00601628 0.00779612 0.00997958 0.0126229 0.01573 0.0192828 0.0232108 0.0274336 0.0317431 0.0359553 0.0398066 0.0430457 0.0453549 0.046494 0.0462258 0.0444047 0.0409818 0.0360501 0.0298048 0.0225111 0.0145275 0.00624055 -0.00190253 -0.00950016 -0.0161587 -0.0216388 -0.0257654 -0.0285151 -0.0298813 -0.0299902 -0.0289831 -0.0271213 -0.0246241 -0.0217385 -0.0186015 -0.0153812 -0.012174 -0.00908873 -0.00610103 -0.00319245 -0.000294826 0.00258798 0.00552335 0.00854118 0.0116927 0.0149 0.0180876 0.0211036 0.0238295 0.0260381 0.0275155 0.0279847 0.0272752 0.0252275 0.0218135 0.0170141 0.0109574 0.00383551 -0.0039897 -0.0121373 -0.0201583 -0.0276547 -0.0342391 -0.0396225 -0.043571 -0.0459528 -0.046767 -0.0461305 -0.0442522 -0.0413584 -0.0377579 -0.0337118 -0.0294902 -0.0252856 -0.0213241 -0.0177025 -0.0145065 -0.0117593 -0.0094779 -0.00760388 -0.00609551 -0.00492817 -0.00402226 -0.00334002 -0.00283382 -0.00248653 -0.00221854 -0.0020454 -0.00192895 -0.0018413 -0.00178006 -0.00174443 -0.00171599 -0.00167527 -0.0016663 -0.00164305 -0.00162583 -0.0016083 -0.00158496 -0.00156974 -0.00156742 -0.00155645 -0.00151775 -0.00152005 -0.00151689 -0.00150253 -0.00149579 -0.00147861 -0.00146764 -0.00145876 -0.00145721 -0.00144363 -0.00143529 -0.00141937 -0.00140441 -0.00140993 -0.00139508 -0.00139824 -0.00139578 -0.00137687 -0.00138012 -0.00136988 -0.00136371 -0.00136619 -0.00135742 -0.00135051 -0.00134582 -0.00133912 -0.0013342 -0.00133652 -0.00133259 -0.00133471 -0.00133739 -0.00132692 -0.00132824 -0.00131954 -0.00131247 -0.00131877 -0.00131209 -0.00132075 
0 6.57813e-07 1.98408e-05 1.78357e-05 3.28247e-05 5.08588e-05 4.86765e-05 6.74381e-05 7.3761e-05 7.11053e-05 9.21171e-05 9.46371e-05 9.99216e-05 0.000122762 0.000119238 0.000129917 0.000149763 0.000144392 0.00016546 0.000180668 0.000180151 0.000200075 0.000202622 0.000208949 0.000220942 0.000231222 0.000248826 0.000255235 0.000272452 0.000282268 0.000293257 0.000308428 0.000323852 0.000341937 0.000336318 0.000364055 0.000376593 0.000376219 0.000407548 0.000415811 0.000430401 0.000445709 0.000471617 0.000483644 0.000504836 0.000534712 0.000540861 0.000585589 0.000614084 0.000654622 0.00071759 0.000811891 0.0009342 0.00111366 0.00139961 0.00176009 0.00229076 0.00300496 0.00395375 0.00517305 0.00675359 0.00872346 0.0111148 0.01401 0.0173808 0.0212102 0.0254051 0.0298868 0.0344118 0.0387918 0.0427682 0.0460705 0.0483803 0.0494516 0.0490754 0.0470783 0.0434474 0.0382772 0.0317948 0.0242306 0.0159724 0.00739574 -0.00104573 -0.008983 -0.0160005 -0.0218512 -0.0263496 -0.0294684 -0.0311725 -0.0315617 -0.0307763 -0.0290619 -0.026623 -0.0236863 -0.0204248 -0.0170176 -0.0135732 -0.0101769 -0.00684434 -0.00357759 -0.000336813 0.00290684 0.00619985 0.00955514 0.0129782 0.0164107 0.0197677 0.0228908 0.0256194 0.02774 0.0290482 0.029285 0.0282748 0.0258831 0.022109 0.0169438 0.0105221 0.00304664 -0.00509546 -0.0135465 -0.0218555 -0.0296349 -0.0364677 -0.0420969 -0.0462625 -0.0488331 -0.0497673 -0.0492108 -0.0473449 -0.0444046 -0.0406914 -0.0364923 -0.0320687 -0.0276189 -0.0233975 -0.0195064 -0.0160502 -0.0130509 -0.0105598 -0.00849333 -0.00682704 -0.0055265 -0.00451775 -0.0037476 -0.00317196 -0.00277771 -0.00246483 -0.00226406 -0.00212386 -0.00202397 -0.00194689 -0.00190324 -0.00187165 -0.00182644 -0.00181915 -0.00178798 -0.0017714 -0.00175958 -0.00174187 -0.00172074 -0.00170851 -0.0017061 -0.00167123 -0.00167175 -0.001658 -0.00163216 -0.00162722 -0.00161319 -0.00160697 -0.00158849 -0.00158101 -0.00157183 -0.00156233 -0.00155941 -0.00154871 -0.00154819 -0.00152761 -0.00152261 -0.00152195 -0.00149927 -0.00150795 -0.00149947 -0.00148168 -0.00149068 -0.00147772 -0.00147082 -0.00147924 -0.00146743 -0.00146631 -0.00146884 -0.00145196 -0.00145049 -0.00144859 -0.00143906 -0.00144851 -0.00144703 -0.00144568 -0.00145136 -0.00144028 -0.00144013 
0 1.58335e-05 1.45153e-05 3.38139e-05 4.00328e-05 3.93183e-05 6.21181e-05 6.17942e-05 7.06045e-05 9.50202e-05 8.84578e-05 0.000106765 0.000122762 0.000115045 0.000141812 0.000148305 0.000147596 0.00017122 0.000174038 0.000183893 0.000199274 0.000213202 0.000221024 0.000227833 0.000254795 0.000249455 0.000264782 0.000295806 0.000283563 0.000304547 0.00032261 0.000328302 0.000344857 0.000362779 0.000385771 0.000379657 0.000402988 0.000430538 0.000445455 0.000455846 0.000458354 0.000502603 0.000512055 0.000523049 0.000548346 0.000570986 0.000599673 0.000622652 0.000674568 0.000710767 0.000795315 0.000899994 0.00104128 0.00126449 0.00157205 0.00200712 0.00258737 0.00340714 0.00444794 0.00581264 0.00754795 0.00970332 0.0123187 0.0154422 0.0190838 0.0231509 0.0276138 0.0322941 0.0370155 0.0415064 0.0455713 0.0488784 0.0511497 0.0521249 0.0516113 0.0494521 0.0456262 0.0402833 0.0336018 0.0258671 0.0174006 0.00865187 -2.20478e-05 -0.00819167 -0.0155248 -0.0216862 -0.0265621 -0.030034 -0.0321126 -0.0328083 -0.0323155 -0.0307989 -0.0284869 -0.0255425 -0.0222094 -0.018643 -0.0149878 -0.0112823 -0.00760571 -0.00396634 -0.000373379 0.0032478 0.00690306 0.0106011 0.0142791 0.0179171 0.0213992 0.0245912 0.0272608 0.0292435 0.0303102 0.0302791 0.028924 0.0261924 0.0220416 0.0165536 0.00979675 0.0020624 -0.00633927 -0.0149835 -0.0235176 -0.0314793 -0.0385234 -0.0443288 -0.0486964 -0.0514312 -0.0525136 -0.0520562 -0.0502416 -0.0473039 -0.0435178 -0.0392156 -0.034609 -0.0299693 -0.0254859 -0.0213606 -0.0176305 -0.0144041 -0.0116776 -0.00942529 -0.0075926 -0.00614685 -0.0050358 -0.00416082 -0.00353189 -0.00306041 -0.00272956 -0.00248113 -0.0023288 -0.00221223 -0.00212508 -0.00208088 -0.00202681 -0.00200163 -0.00197242 -0.00195487 -0.00191658 -0.00190488 -0.00190178 -0.00186522 -0.00184859 -0.00182794 -0.00183221 -0.00181068 -0.00178183 -0.00177763 -0.00176827 -0.00175871 -0.00173347 -0.00173948 -0.00172111 -0.00169473 -0.00170889 -0.00168751 -0.00167395 -0.00167176 -0.00165986 -0.0016499 -0.00164056 -0.00164594 -0.0016269 -0.00162203 -0.00162822 -0.0016029 -0.00160927 -0.00160804 -0.00158877 -0.00159604 -0.00158498 -0.00157776 -0.00158409 -0.00157619 -0.00157612 -0.00157517 -0.001569 -0.00156646 -0.00156318 -0.00156186 -0.00156106 -0.00156284 
0 7.15966e-06 2.7182e-05 2.90631e-05 3.92936e-05 5.62845e-05 5.3998e-05 7.22404e-05 8.5192e-05 8.5025e-05 0.000110066 0.000113434 0.000119238 0.000141812 0.000141136 0.000156312 0.000172479 0.000180258 0.000192667 0.000201556 0.000214837 0.000215952 0.000240255 0.000258412 0.00025809 0.000289247 0.000289628 0.000293226 0.00032031 0.000333517 0.000348645 0.000357659 0.000378959 0.000381634 0.000396623 0.000435603 0.000446677 0.000451734 0.000460813 0.000500279 0.000522385 0.000527003 0.00054652 0.000569873 0.000602487 0.000617508 0.000646688 0.000682369 0.000729119 0.000788013 0.00086999 0.000995394 0.00116232 0.00141639 0.00176634 0.00225572 0.00292091 0.00381862 0.00498566 0.00648616 0.00838999 0.0107342 0.0135735 0.0169359 0.0208157 0.0251348 0.0298142 0.034687 0.0395398 0.0441288 0.0482125 0.0514911 0.0536745 0.0545264 0.0538537 0.0515269 0.0475464 0.0420564 0.035251 0.0273959 0.0188333 0.00997152 0.00117881 -0.00716835 -0.0147205 -0.0211795 -0.0263867 -0.0302331 -0.0326759 -0.0337385 -0.0335691 -0.0323268 -0.0301805 -0.0273038 -0.0239337 -0.0202591 -0.0164013 -0.0124146 -0.00838714 -0.00438232 -0.000412094 0.00358377 0.00761387 0.0116346 0.0155672 0.0193708 0.0229514 0.0261447 0.0287192 0.0304912 0.031282 0.0309175 0.0292182 0.0261189 0.021627 0.0158187 0.0088119 0.000867301 -0.0076832 -0.0164646 -0.0251091 -0.0332004 -0.0403718 -0.0463258 -0.0508424 -0.0537415 -0.0549796 -0.0546485 -0.0529232 -0.0500229 -0.0462283 -0.0418406 -0.0371131 -0.0322931 -0.0276045 -0.0232313 -0.0192682 -0.0158027 -0.0128536 -0.0104057 -0.00840482 -0.00681833 -0.00557758 -0.00462138 -0.00390515 -0.00337725 -0.0029976 -0.00272174 -0.0025382 -0.00240074 -0.00231099 -0.00224557 -0.00219963 -0.00215827 -0.00212316 -0.002107 -0.00208326 -0.00205858 -0.00202322 -0.00201872 -0.00201213 -0.00198298 -0.00195366 -0.00194026 -0.00194836 -0.00192226 -0.00190241 -0.00189128 -0.00187764 -0.00186416 -0.00185415 -0.00185653 -0.00182335 -0.00181415 -0.0018142 -0.00179157 -0.00179519 -0.00178756 -0.00177518 -0.00176413 -0.00175857 -0.0017539 -0.00173997 -0.00174738 -0.00173258 -0.00172073 -0.00172816 -0.00170936 -0.00171075 -0.00171207 -0.00169993 -0.00170608 -0.00169972 -0.00169381 -0.00169458 -0.00168738 -0.00168599 -0.00168566 -0.00168384 -0.00168484 
0 9.05584e-06 1.40683e-05 3.10139e-05 4.06708e-05 5.69355e-05 7.17216e-05 7.8764e-05 9.30532e-05 9.68603e-05 0.000108219 0.000120573 0.000129917 0.000148305 0.000156312 0.000169933 0.000180237 0.000190886 0.000206434 0.000217085 0.000240212 0.000245629 0.000258248 0.000270754 0.000269436 0.000298816 0.000309034 0.000327605 0.000351228 0.000349915 0.000371823 0.000388511 0.000407592 0.000427108 0.000443574 0.000449262 0.000459261 0.000499135 0.000510692 0.000526622 0.000543944 0.000564555 0.00059856 0.000618347 0.000640932 0.000665412 0.000709942 0.000742077 0.000791678 0.000865581 0.000957158 0.00109749 0.00129473 0.00158162 0.00197268 0.00253055 0.00327413 0.00426467 0.00555649 0.00720781 0.00927757 0.0118189 0.0148852 0.0184768 0.022589 0.0271371 0.0320159 0.0370358 0.0419938 0.0466318 0.0506946 0.0538924 0.0559556 0.0566504 0.0557992 0.0533102 0.0491985 0.0436062 0.0367242 0.0288288 0.020244 0.0113599 0.00252181 -0.00590985 -0.0136208 -0.0203213 -0.0258411 -0.0300399 -0.0328628 -0.0343152 -0.0345197 -0.0335928 -0.0316736 -0.0289202 -0.0255729 -0.0218219 -0.0177912 -0.0135408 -0.00918288 -0.00480935 -0.000456085 0.00392301 0.00831455 0.0126463 0.0168117 0.0207586 0.0243877 0.0275316 0.0299514 0.0314705 0.0319324 0.0312042 0.0291358 0.0256812 0.0208576 0.0147731 0.00756655 -0.000501284 -0.00913006 -0.0179593 -0.0266413 -0.0347778 -0.0420254 -0.048077 -0.0527143 -0.055762 -0.0571698 -0.0569919 -0.0553861 -0.05257 -0.0488073 -0.0443828 -0.0395614 -0.034607 -0.0297325 -0.0251387 -0.0209481 -0.0172587 -0.014084 -0.0114366 -0.00926811 -0.00753 -0.00615958 -0.0051066 -0.00430984 -0.00370923 -0.00328319 -0.00297105 -0.0027534 -0.00259716 -0.00249743 -0.00241265 -0.00235805 -0.00232462 -0.00228315 -0.00225285 -0.00222783 -0.00221511 -0.00218864 -0.00217035 -0.00214114 -0.0021273 -0.00212776 -0.00209466 -0.00207264 -0.00205636 -0.00204613 -0.00202931 -0.00201993 -0.00200226 -0.00197605 -0.00197907 -0.00196117 -0.00195857 -0.00195436 -0.00192994 -0.00192653 -0.00190995 -0.00190281 -0.0018983 -0.00188824 -0.00188118 -0.00186741 -0.00186477 -0.00185473 -0.00185253 -0.00185197 -0.0018442 -0.00184668 -0.00183296 -0.0018281 -0.00182285 -0.00181151 -0.00181922 -0.00181221 -0.00181606 -0.00182048 -0.00180937 -0.00181602 -0.00180515 
0 2.66063e-05 1.52167e-05 5.04353e-05 4.95327e-05 4.52415e-05 7.85985e-05 6.89498e-05 8.92066e-05 0.0001178 0.000111647 0.000139291 0.000149763 0.000147596 0.000172479 0.000180237 0.000190391 0.000210505 0.000219034 0.000230479 0.000243865 0.000259296 0.000275822 0.000290969 0.000313401 0.000324325 0.000330761 0.000351221 0.000364274 0.000375862 0.000398231 0.000419997 0.000422924 0.000442382 0.000480115 0.000482429 0.000507406 0.00053725 0.000544919 0.000570573 0.000591416 0.000615579 0.000633554 0.000662473 0.000681683 0.000712324 0.000761069 0.00078707 0.000855079 0.000936593 0.00104781 0.00120337 0.00144032 0.00176458 0.00220384 0.00284002 0.00366121 0.00475964 0.00617578 0.00798772 0.0102219 0.0129671 0.0162546 0.0200654 0.0243986 0.0291504 0.0342026 0.0393286 0.0443605 0.0489985 0.0530006 0.0560711 0.0579824 0.0584881 0.0574451 0.0547997 0.0505808 0.044926 0.0380187 0.0301566 0.0216226 0.0127991 0.00399119 -0.00443836 -0.0122433 -0.0191267 -0.0249265 -0.0294501 -0.032659 -0.0345172 -0.0351322 -0.0345545 -0.0329183 -0.0303458 -0.0270808 -0.0232883 -0.0191169 -0.014629 -0.00996885 -0.00523222 -0.000495783 0.00426675 0.00899841 0.01362 0.0179922 0.0220563 0.0256829 0.0287229 0.0309307 0.0321592 0.0322511 0.0311347 0.0286803 0.0248859 0.0197521 0.0134389 0.00608658 -0.00202508 -0.0106608 -0.0194579 -0.0281078 -0.0362154 -0.0434863 -0.0495922 -0.0543245 -0.0575088 -0.0590955 -0.0590985 -0.0576428 -0.0549536 -0.0512607 -0.046847 -0.0419613 -0.0369109 -0.0318733 -0.0270837 -0.0226722 -0.018767 -0.015368 -0.0125136 -0.0101734 -0.00827287 -0.00677228 -0.00560671 -0.00473211 -0.00405037 -0.00357768 -0.00322745 -0.00297552 -0.00280183 -0.00268774 -0.00260007 -0.00252611 -0.00249753 -0.00244844 -0.00241859 -0.0023912 -0.00236143 -0.00233925 -0.00231881 -0.00229523 -0.00226266 -0.00226171 -0.00223281 -0.00220857 -0.00221194 -0.00218696 -0.0021648 -0.00215623 -0.00214842 -0.00212881 -0.00211631 -0.00210608 -0.00208261 -0.00207213 -0.00206318 -0.00205405 -0.00204481 -0.00203206 -0.00202887 -0.00201424 -0.00200601 -0.00201131 -0.00199166 -0.00199013 -0.00199165 -0.00196112 -0.00196725 -0.00196261 -0.00194266 -0.00196565 -0.00195216 -0.00194526 -0.00196037 -0.00193111 -0.00193687 -0.00193725 -0.00191653 -0.00193964 -0.00192976 
0 4.48432e-06 2.70518e-05 3.09978e-05 4.60425e-05 7.16128e-05 7.32773e-05 9.2301e-05 0.000108307 0.000105141 0.000127937 0.000138764 0.000144392 0.00017122 0.000180258 0.000190886 0.000210505 0.000222917 0.000233294 0.000251734 0.000270842 0.000269465 0.000294487 0.000314597 0.000309768 0.000347733 0.000360704 0.000363488 0.000396832 0.000409795 0.000427913 0.000443355 0.000466869 0.000483302 0.000488859 0.000523187 0.000546758 0.000561745 0.000566797 0.000605198 0.000645309 0.000643429 0.000677883 0.000709164 0.000739523 0.000771933 0.00081242 0.000861105 0.000921857 0.00102829 0.00113746 0.0013257 0.00159087 0.00195057 0.00245477 0.00315016 0.00407772 0.00526778 0.00683992 0.00879576 0.0112215 0.0141672 0.0176752 0.021708 0.0262401 0.0311932 0.0363672 0.0415961 0.046638 0.0512596 0.0551357 0.0580622 0.0597688 0.0600688 0.0588163 0.0560195 0.0517147 0.0460208 0.0391513 0.0313662 0.02297 0.0142549 0.00557632 -0.00280491 -0.0106107 -0.0176473 -0.0236536 -0.0285016 -0.0320643 -0.034366 -0.0353865 -0.0352124 -0.0338828 -0.0315727 -0.0284238 -0.0246521 -0.0203553 -0.0156856 -0.010737 -0.00567401 -0.000543766 0.00457095 0.00963516 0.0144964 0.0190646 0.023192 0.026789 0.0296473 0.0316157 0.0324952 0.0322165 0.0306694 0.0278515 0.0237083 0.0183295 0.0118115 0.00440279 -0.00370918 -0.0122499 -0.0209657 -0.0294903 -0.0375235 -0.0447427 -0.0508745 -0.055667 -0.0589798 -0.0607484 -0.0609463 -0.0596839 -0.0571391 -0.0535745 -0.0491896 -0.0443048 -0.0391628 -0.0340196 -0.0290385 -0.0244413 -0.0203166 -0.0167092 -0.0136513 -0.0111252 -0.00907756 -0.00742315 -0.0061623 -0.00517786 -0.00443735 -0.00388958 -0.00350528 -0.00321518 -0.00300904 -0.00288458 -0.00277197 -0.0027058 -0.00264862 -0.00260622 -0.00256927 -0.00255013 -0.00251724 -0.00247279 -0.00247756 -0.00245473 -0.0024216 -0.00239543 -0.00238587 -0.00237623 -0.00234191 -0.00232712 -0.00230973 -0.00229692 -0.00227261 -0.0022608 -0.00226004 -0.00222253 -0.00222349 -0.00222038 -0.00219107 -0.00219279 -0.00218223 -0.00216386 -0.00215542 -0.00215158 -0.00213773 -0.00212485 -0.00212708 -0.00210664 -0.00210351 -0.00211061 -0.00209079 -0.00209616 -0.00209186 -0.00207271 -0.00207849 -0.00206814 -0.00206092 -0.00206915 -0.00206131 -0.00206136 -0.00206505 -0.00205515 -0.0020553 
