0 0 0 0 0 0 0 0 0 0 0 0 0 0 0 0 0 0 0 0 0 0 0 0 0 0 0 0 0 0 0 0 0 0 0 0 0 0 0 0 0 0 0 0 0 0 0 0 0 0 0 0 0 0 0 0 0 0 0 0 0 0 0 0 0 0 0 0 0 0 0 0 0 0 0 0 0 0 0 0 0 0 0 0 0 0 0 0 0 0 0 0 0 0 0 0 0 0 0 0 0 0 0 0 0 0 0 0 0 0 0 0 0 0 0 0 0 0 0 0 0 0 0 0 0 0 0 0 0 0 0 0 0 0 0 0 0 0 0 0 0 0 0 0 0 0 0 0 0 0 0 0 0 0 0 0 0 0 0 0 0 0 0 0 0 0 0 0 0 0 0 0 0 0 0 0 0 0 0 0 0 0 0 0 0 0 0 0 0 0 0 0 0 0 0 0 0 0 0 0 
0 -2.36338e-06 6.34519e-06 2.39704e-06 1.79056e-06 7.36625e-06 -3.07372e-06 2.37858e-06 4.74363e-06 -2.88697e-06 1.28152e-05 7.41786e-06 6.58585e-06 1.70723e-05 1.45529e-06 7.01954e-06 8.08902e-06 1.98077e-06 1.18799e-05 1.23584e-05 1.41327e-05 1.02645e-05 1.65846e-05 1.196e-05 7.8719e-06 2.77414e-05 1.12426e-05 1.48569e-05 2.31198e-05 4.1609e-06 1.53647e-05 2.12724e-05 2.20184e-05 1.96783e-05 2.26678e-05 2.3385e-05 1.71024e-05 3.07324e-05 3.2028e-05 2.99604e-05 1.75484e-05 2.3304e-05 4.32542e-05 3.15801e-05 2.97397e-05 4.20245e-05 5.88226e-05 7.01096e-05 9.74166e-05 0.000135813 0.000185343 0.000268205 0.000362787 0.000490901 0.000660501 0.000868896 0.00111637 0.00142307 0.00178309 0.00218126 0.00263068 0.00310028 0.0035557 0.00397015 0.00431286 0.00453065 0.00460103 0.00451454 0.00423731 0.00376376 0.00311221 0.0023098 0.00138795 0.000426896 -0.00050466 -0.0013653 -0.00211294 -0.00269924 -0.0031021 -0.00332603 -0.00336671 -0.00325482 -0.00303987 -0.00276826 -0.00244205 -0.00209373 -0.00176176 -0.00147713 -0.00122282 -0.00100156 -0.000814971 -0.000670207 -0.000550045 -0.000454167 -0.000373034 -0.000304457 -0.000240011 -0.000188313 -0.000142361 -9.63218e-05 -4.40302e-05 2.30312e-06 4.67188e-05 9.47988e-05 0.000154697 0.000217867 0.000291108 0.000376635 0.000483276 0.000610542 0.00077629 0.000976786 0.00120997 0.00147161 0.0017829 0.00212197 0.00245281 0.00273949 0.00298253 0.00314168 0.0031671 0.00301967 0.00269946 0.0021956 0.00152251 0.000721443 -0.00016522 -0.00110277 -0.00202749 -0.00285681 -0.00355128 -0.00408071 -0.00442118 -0.00456905 -0.00455701 -0.0043927 -0.00409455 -0.00371092 -0.00327734 -0.00281805 -0.00236828 -0.00196466 -0.0015962 -0.00127827 -0.00101868 -0.00080274 -0.000622869 -0.000486167 -0.0003855 -0.000299397 -0.000247077 -0.000203207 -0.000172214 -0.000161559 -0.000152528 -0.000132606 -0.000122898 -0.000139629 -0.000131379 -0.00012093 -0.000114531 -0.000119343 -0.000127442 -0.00011573 -0.000116646 -0.000115619 -0.000114643 -0.000110789 -0.000123527 -0.00012394 -0.000105267 -0.000121914 -0.000111863 -0.000106912 -0.000121012 -0.000111206 -0.000109939 -0.000107553 -0.000108689 -0.000103729 -0.000108889 -0.000117137 -0.000105262 -0.000116351 -0.000109885 -0.000101223 -0.00011205 -0.000101031 -0.000106369 -0.000109458 -0.000103661 -0.000109887 -0.000104992 -0.000106499 -0.000106554 -0.000104541 -0.000107948 -0.000103903 -0.000105338 -0.000105496 
0 6.34519e-06 -1.02087e-05 7.9146e-06 9.56502e-07 -1.18569e-06 1.96523e-05 4.26543e-06 1.30213e-05 1.9302e-05 -1.24195e-06 1.28369e-05 1.01342e-05 1.0314e-06 2.47192e-05 1.91195e-05 1.75002e-05 3.35072e-05 1.55192e-05 1.72828e-05 2.54556e-05 1.61831e-05 2.73981e-05 2.79187e-05 2.80729e-05 2.4008e-05 2.45572e-05 3.73071e-05 2.97142e-05 4.52507e-05 4.72584e-05 3.3833e-05 3.39808e-05 4.10666e-05 4.71991e-05 3.33938e-05 5.86981e-05 4.33673e-05 2.54892e-05 5.95532e-05 6.25949e-05 6.22031e-05 4.93656e-05 7.05813e-05 8.33205e-05 9.98045e-05 0.000115582 0.00013602 0.000213855 0.000269541 0.000380135 0.000525759 0.00072981 0.0009807 0.00131626 0.00173883 0.00222559 0.00285391 0.0035551 0.00437095 0.0052506 0.00619847 0.00709709 0.00792704 0.00860601 0.0090347 0.00918427 0.00899599 0.00845735 0.00749901 0.00621998 0.00460598 0.00279269 0.000868739 -0.000974481 -0.00269881 -0.00418052 -0.00535537 -0.00616328 -0.00661291 -0.00670716 -0.00648848 -0.00607819 -0.0055286 -0.004896 -0.004194 -0.00355056 -0.00296414 -0.00247166 -0.00201284 -0.00165696 -0.00134731 -0.00112278 -0.000912108 -0.000766024 -0.000610348 -0.000498732 -0.000377344 -0.000301097 -0.000191453 -0.000104669 5.34344e-06 7.85071e-05 0.000192554 0.000295044 0.000439636 0.000569994 0.000759646 0.00095692 0.00123195 0.0015468 0.00196463 0.00241471 0.00295729 0.00356108 0.00424735 0.00488897 0.00547241 0.00593974 0.00625694 0.00629327 0.00600045 0.00535576 0.00434906 0.00301416 0.00141325 -0.000342338 -0.00221659 -0.00403566 -0.00570035 -0.00706399 -0.00813324 -0.00879511 -0.00910882 -0.00907308 -0.00875629 -0.0081633 -0.0074029 -0.00654616 -0.00562635 -0.00474739 -0.00392547 -0.00321069 -0.0025612 -0.00205569 -0.00161094 -0.00126015 -0.000986989 -0.000774402 -0.000607916 -0.000484941 -0.000424418 -0.000342506 -0.000311055 -0.000279861 -0.000274978 -0.000269198 -0.000246383 -0.000237658 -0.000245726 -0.000270353 -0.000232193 -0.00023656 -0.000247719 -0.00023477 -0.000242331 -0.000240835 -0.000238368 -0.000217768 -0.000227129 -0.000230007 -0.000223558 -0.000231196 -0.000222985 -0.000224703 -0.000215568 -0.000225481 -0.000231362 -0.000217201 -0.000233074 -0.000219083 -0.000206053 -0.000221806 -0.000207501 -0.000210524 -0.000226175 -0.0002113 -0.00021746 -0.00022214 -0.000205367 -0.000216574 -0.000213902 -0.000205421 -0.000218851 -0.000208499 -0.000209755 -0.00021603 -0.00020656 -0.000214754 -0.000210013 
0 2.39704e-06 7.9146e-06 6.77937e-06 6.07104e-06 1.16981e-05 4.00402e-06 7.777e-06 1.3143e-05 7.44278e-06 2.31698e-05 2.17952e-05 2.09511e-05 3.13338e-05 1.78877e-05 2.20273e-05 2.39376e-05 2.12173e-05 3.076e-05 3.45003e-05 3.89113e-05 3.33817e-05 4.33326e-05 3.84532e-05 3.51473e-05 5.89521e-05 4.12684e-05 4.75762e-05 5.56551e-05 3.67668e-05 5.12118e-05 5.84809e-05 6.19031e-05 6.16968e-05 6.64731e-05 6.60355e-05 6.50457e-05 8.03514e-05 8.10951e-05 8.51637e-05 7.03354e-05 7.94854e-05 0.000106129 9.99657e-05 0.000105546 0.000133878 0.000174524 0.000218086 0.000303172 0.000414743 0.000573242 0.00080885 0.00110346 0.00149157 0.00199639 0.00262206 0.00337118 0.00428917 0.00535628 0.00655553 0.00788215 0.00926887 0.0106156 0.0118386 0.0128375 0.0134766 0.0136863 0.0134116 0.0125865 0.0111842 0.00926117 0.00688587 0.00418186 0.00135009 -0.00140835 -0.00396017 -0.00617296 -0.00792063 -0.00913865 -0.00981985 -0.00997447 -0.00968027 -0.00907751 -0.00827649 -0.00732859 -0.00631159 -0.00533998 -0.00447675 -0.00371617 -0.00304967 -0.00249367 -0.00204447 -0.00168141 -0.00138357 -0.00113911 -0.000924746 -0.000735397 -0.000573044 -0.000433482 -0.00028936 -0.000139374 4.85586e-06 0.000139589 0.000291017 0.000466345 0.000663675 0.000884265 0.00114981 0.00147129 0.00186859 0.00236439 0.00296863 0.00366576 0.00446419 0.00538114 0.00637444 0.0073371 0.00818779 0.00888053 0.00931869 0.00935919 0.0089058 0.00793089 0.00642504 0.00442996 0.0020551 -0.00057519 -0.00334098 -0.00605434 -0.00850699 -0.0105574 -0.0121234 -0.0131326 -0.0135901 -0.0135532 -0.0130721 -0.0122035 -0.0110758 -0.00979266 -0.00843876 -0.00711444 -0.00590143 -0.00481019 -0.00386094 -0.00307878 -0.00242615 -0.00189314 -0.00147899 -0.00116604 -0.000915217 -0.000744507 -0.000619861 -0.000526501 -0.000480183 -0.000444463 -0.000406192 -0.000386155 -0.00039891 -0.00038298 -0.000367127 -0.000361565 -0.000359738 -0.000368838 -0.000355711 -0.000352385 -0.000350309 -0.000348254 -0.000343997 -0.00035555 -0.000356582 -0.000334076 -0.000350547 -0.000339182 -0.000331782 -0.000348159 -0.000334045 -0.000332267 -0.000329255 -0.000326313 -0.000323408 -0.000328069 -0.000335167 -0.000325053 -0.000334451 -0.0003259 -0.00031789 -0.000326338 -0.000314463 -0.000321308 -0.000321919 -0.000317194 -0.000323425 -0.000316503 -0.000319809 -0.000318243 -0.0003163 -0.000319173 -0.000314614 -0.000320052 -0.000315467 
0 1.79056e-06 9.56502e-07 6.07104e-06 8.34116e-06 1.16693e-05 1.45878e-05 1.60429e-05 1.98073e-05 1.87558e-05 2.12514e-05 2.26912e-05 2.31759e-05 2.89777e-05 3.06869e-05 3.50945e-05 3.8523e-05 3.93645e-05 4.10699e-05 4.19819e-05 4.50981e-05 4.5419e-05 5.1713e-05 5.32898e-05 5.30229e-05 6.11094e-05 5.77813e-05 6.40783e-05 7.12464e-05 6.92166e-05 7.65887e-05 7.6669e-05 7.68409e-05 8.17843e-05 8.56177e-05 8.76616e-05 9.18351e-05 9.50053e-05 9.4817e-05 0.000106097 0.000109907 0.00011455 0.000127485 0.000136646 0.00015694 0.000190537 0.000234792 0.000301466 0.000412995 0.000565163 0.000779787 0.0010858 0.00148582 0.00200734 0.00267891 0.00351129 0.00452001 0.0057372 0.00715344 0.00874944 0.0104996 0.0123219 0.0140961 0.0157024 0.017002 0.01784 0.0181112 0.0177353 0.0166373 0.0147931 0.0122592 0.00913616 0.00559391 0.00187953 -0.00175743 -0.00512265 -0.00804097 -0.010359 -0.0119902 -0.0129133 -0.0131533 -0.0128112 -0.0120497 -0.0110069 -0.00977291 -0.00845346 -0.00717846 -0.00602703 -0.0050099 -0.00412373 -0.00337911 -0.00277122 -0.00227801 -0.00187498 -0.00154116 -0.0012518 -0.000997564 -0.000778491 -0.000584867 -0.000391511 -0.00019313 -5.61793e-07 0.000186238 0.000390817 0.000625882 0.000891565 0.00119294 0.00155183 0.00198865 0.00252797 0.0031944 0.00399807 0.00493125 0.00600099 0.007211 0.0085036 0.00975948 0.0108732 0.0117614 0.0122977 0.0123157 0.0116935 0.0103824 0.0083804 0.00574729 0.00261475 -0.000856555 -0.00448802 -0.00804229 -0.011265 -0.0139657 -0.0160237 -0.017361 -0.017978 -0.0179355 -0.0173046 -0.0161772 -0.0146994 -0.013011 -0.0112341 -0.00949256 -0.00788154 -0.00643614 -0.0051807 -0.00413088 -0.00326065 -0.00255246 -0.00199729 -0.00156922 -0.00123809 -0.00100276 -0.000835226 -0.000711529 -0.000633224 -0.000583635 -0.000547339 -0.000524153 -0.000513338 -0.000498923 -0.000495545 -0.0004939 -0.000484797 -0.000483229 -0.000479442 -0.000475842 -0.000474409 -0.000472703 -0.000464508 -0.000462638 -0.000461373 -0.000453627 -0.000458428 -0.000453391 -0.000448683 -0.000450858 -0.000444972 -0.000445821 -0.000445632 -0.000443823 -0.000441529 -0.000438857 -0.000436312 -0.000432075 -0.000433565 -0.000431017 -0.000431254 -0.000432454 -0.000428683 -0.000430393 -0.000427064 -0.000426269 -0.000426686 -0.000423447 -0.000425752 -0.000422998 -0.000424273 -0.000424004 -0.000419321 -0.000424665 -0.000421643 
0 7.36625e-06 -1.18569e-06 1.16981e-05 1.16693e-05 6.19943e-06 2.35074e-05 1.72381e-05 2.04167e-05 3.3506e-05 1.9553e-05 3.1763e-05 3.50688e-05 2.60198e-05 4.55955e-05 4.12668e-05 4.30583e-05 5.48566e-05 4.82462e-05 5.28085e-05 5.58541e-05 6.14198e-05 6.04536e-05 6.77062e-05 7.62664e-05 6.27803e-05 8.00918e-05 8.18956e-05 7.65621e-05 9.66766e-05 9.33451e-05 9.34188e-05 9.51517e-05 0.000104986 0.000107372 0.000106704 0.000124293 0.000116499 0.000117296 0.000128515 0.000145374 0.000149754 0.000145492 0.000175052 0.000202912 0.000241556 0.000294517 0.000387803 0.000528347 0.000720696 0.00100131 0.00137626 0.0018891 0.00254587 0.00338526 0.0044269 0.00569511 0.00721023 0.00896534 0.0109538 0.0131065 0.0153454 0.0175226 0.0194896 0.0210649 0.0220858 0.0224102 0.0219241 0.0205604 0.0182889 0.0151752 0.0113399 0.00701416 0.00246356 -0.00200903 -0.0061564 -0.00975196 -0.0126295 -0.0146746 -0.0158521 -0.0162046 -0.0158503 -0.0149646 -0.013703 -0.0122108 -0.0106125 -0.00905329 -0.00761408 -0.0063433 -0.0052336 -0.0043007 -0.00352431 -0.00289815 -0.0023799 -0.00195423 -0.00158272 -0.00126592 -0.000983334 -0.000734383 -0.000486262 -0.000244224 1.43178e-06 0.000241201 0.000505901 0.00079813 0.00113841 0.00152227 0.00198403 0.00253858 0.00323001 0.0040675 0.00507522 0.0062425 0.00758646 0.00907471 0.0106465 0.0121689 0.0135255 0.0145767 0.0151756 0.0151396 0.0143315 0.0126766 0.0101822 0.00693123 0.00306614 -0.00121074 -0.00566727 -0.0100107 -0.0139678 -0.0172865 -0.0198197 -0.0214735 -0.0222565 -0.0222126 -0.0214445 -0.0200779 -0.0182704 -0.0161971 -0.014014 -0.0118743 -0.00986826 -0.00807734 -0.00651548 -0.00519906 -0.00410697 -0.00322429 -0.00252639 -0.00197958 -0.00157266 -0.00126582 -0.00105742 -0.000903623 -0.000797452 -0.000728472 -0.000692238 -0.000669369 -0.000632644 -0.000624258 -0.000623018 -0.000622849 -0.00060563 -0.000596232 -0.000604461 -0.000592867 -0.000591999 -0.000588963 -0.000587143 -0.000573254 -0.000571008 -0.000582449 -0.000563191 -0.000569627 -0.000569292 -0.000555018 -0.000559735 -0.000557846 -0.000557183 -0.000550745 -0.000555497 -0.000548311 -0.000538235 -0.000550886 -0.000536246 -0.000539504 -0.000547633 -0.000531543 -0.000541766 -0.000537035 -0.000529304 -0.000538094 -0.00052962 -0.000531528 -0.000533263 -0.000526636 -0.000531182 -0.000530137 -0.000527373 -0.000529853 -0.000527911 
0 -3.07372e-06 1.96523e-05 4.00402e-06 1.45878e-05 2.35074e-05 7.61229e-06 2.75621e-05 2.25943e-05 2.01367e-05 4.42918e-05 3.44234e-05 4.24138e-05 5.52144e-05 3.87875e-05 4.84645e-05 5.34111e-05 4.55352e-05 6.37514e-05 6.86874e-05 6.7965e-05 7.72742e-05 7.61587e-05 7.86847e-05 8.10469e-05 9.40779e-05 9.70333e-05 9.12988e-05 0.000105483 9.6435e-05 9.84572e-05 0.000117625 0.000125321 0.000122952 0.00012534 0.000143488 0.000126255 0.000147272 0.000171704 0.000153013 0.000156526 0.000168281 0.000202354 0.000210305 0.00023611 0.000283162 0.000365914 0.000489969 0.000635164 0.000893814 0.00122793 0.00169555 0.00230555 0.00310993 0.00411887 0.00536702 0.00690581 0.00869866 0.0108071 0.0131544 0.0157114 0.018325 0.0208911 0.0231813 0.0250087 0.0261956 0.0265509 0.0259623 0.0243224 0.0216625 0.0179817 0.0135039 0.00843216 0.00312235 -0.00215144 -0.00702542 -0.0112792 -0.0146941 -0.0171568 -0.0186046 -0.0190987 -0.0187796 -0.0178003 -0.0163662 -0.0146347 -0.012802 -0.0109614 -0.00926133 -0.00771946 -0.00640434 -0.0052585 -0.00432831 -0.00354091 -0.0029202 -0.00237406 -0.00193718 -0.00153418 -0.00120505 -0.000874664 -0.000590235 -0.000283637 -4.18272e-06 0.000314121 0.00062214 0.000994833 0.00139183 0.00188563 0.00243696 0.00313765 0.00396646 0.00500065 0.00619516 0.00761719 0.00921141 0.0109812 0.0127905 0.0145657 0.0161198 0.0173088 0.0179204 0.0178013 0.0167823 0.0147766 0.011801 0.00794698 0.00339425 -0.00165753 -0.00686957 -0.0119654 -0.0165868 -0.0205083 -0.0234725 -0.0254521 -0.0263852 -0.026363 -0.0254653 -0.0238849 -0.0217767 -0.0193359 -0.0167829 -0.0142459 -0.0118781 -0.00972624 -0.00788097 -0.00628211 -0.00497969 -0.00391419 -0.00306667 -0.00241024 -0.00191536 -0.00155416 -0.00126903 -0.00110528 -0.000975392 -0.000895063 -0.00082742 -0.000789794 -0.000783946 -0.000767855 -0.000745015 -0.000715026 -0.000740877 -0.00072971 -0.000710162 -0.000716386 -0.000703988 -0.000697595 -0.000696494 -0.000709669 -0.000693936 -0.00068575 -0.000689705 -0.000676506 -0.000679505 -0.000677567 -0.000677031 -0.000665743 -0.000658304 -0.000664583 -0.00064988 -0.000658466 -0.000666613 -0.000649545 -0.00065929 -0.000654725 -0.000637261 -0.000650902 -0.000642354 -0.000635583 -0.000650837 -0.000635854 -0.000637892 -0.000645015 -0.000630552 -0.000640838 -0.000636098 -0.000631028 -0.000641758 -0.000629585 -0.000635374 
0 2.37858e-06 4.26543e-06 7.777e-06 1.60429e-05 1.72381e-05 2.75621e-05 3.09612e-05 2.97844e-05 4.16549e-05 3.30778e-05 3.71254e-05 4.56687e-05 4.08368e-05 5.84084e-05 6.33454e-05 6.63801e-05 7.43383e-05 7.25454e-05 7.23817e-05 7.35369e-05 8.69739e-05 8.2298e-05 9.52692e-05 0.000106103 8.81136e-05 0.000112866 0.000112083 0.000113213 0.000138628 0.000131478 0.000134227 0.00013405 0.0001427 0.000147713 0.000156328 0.000165894 0.000161328 0.000170147 0.000173077 0.000207452 0.000215477 0.000211045 0.000251889 0.000298752 0.000355735 0.000438528 0.000584575 0.000777222 0.00107298 0.00147846 0.00201383 0.00274804 0.00368798 0.00487086 0.00633441 0.00812657 0.0102208 0.0126494 0.0153711 0.0182855 0.021276 0.0241804 0.0267749 0.0288237 0.0301497 0.0305298 0.029818 0.0279325 0.0248779 0.0206982 0.0156035 0.00987754 0.00384488 -0.00214449 -0.00771836 -0.0125816 -0.0165291 -0.0194011 -0.021143 -0.021817 -0.0215714 -0.0205548 -0.0189803 -0.0170659 -0.0150111 -0.0129343 -0.0109648 -0.00918187 -0.00763232 -0.00629621 -0.00517836 -0.00425035 -0.00348821 -0.00284263 -0.00230534 -0.00184131 -0.00143104 -0.00104416 -0.000690586 -0.000347247 -1.91251e-06 0.000369376 0.00075519 0.0011827 0.00167025 0.00225143 0.00293121 0.00375742 0.00475835 0.00596655 0.0073803 0.00903011 0.0108899 0.0128996 0.0149427 0.0169178 0.0186456 0.0199163 0.0205084 0.0202627 0.0190097 0.0166519 0.0131998 0.00878128 0.00356622 -0.00218215 -0.00811209 -0.01387 -0.0191263 -0.0235757 -0.0269741 -0.0292399 -0.0303444 -0.0303396 -0.0293451 -0.0275731 -0.0251915 -0.0224302 -0.0195158 -0.0166294 -0.013891 -0.0114191 -0.009267 -0.00741258 -0.00588158 -0.00463854 -0.00364624 -0.00285997 -0.00228168 -0.00184021 -0.00152088 -0.00130531 -0.0011394 -0.00103755 -0.000981455 -0.000941735 -0.000885875 -0.000878642 -0.000878793 -0.000864773 -0.000856712 -0.000838106 -0.000842764 -0.000837301 -0.000834184 -0.000826986 -0.000821304 -0.000805988 -0.000796625 -0.000813997 -0.000791209 -0.000795681 -0.000797568 -0.000774007 -0.000785612 -0.000782607 -0.000780367 -0.000780977 -0.000777762 -0.000767908 -0.000758763 -0.000763771 -0.000750954 -0.000758388 -0.000761051 -0.000750157 -0.000760391 -0.000749043 -0.000747975 -0.000751324 -0.000742058 -0.000747588 -0.000743089 -0.000743923 -0.000742947 -0.00073796 -0.000742933 -0.000737084 -0.000741638 
0 4.74363e-06 1.30213e-05 1.3143e-05 1.98073e-05 2.04167e-05 2.25943e-05 2.97844e-05 3.11086e-05 4.18607e-05 4.48839e-05 5.05297e-05 5.97521e-05 5.66199e-05 6.32676e-05 6.46045e-05 6.58863e-05 7.48654e-05 8.06244e-05 8.83973e-05 9.33553e-05 0.000101982 0.000100029 0.000106788 0.000117025 0.000112232 0.000129934 0.000128903 0.000127327 0.000142307 0.000138679 0.00015243 0.000162596 0.000166538 0.000173516 0.000179706 0.000186563 0.000194944 0.000210608 0.000207329 0.000222178 0.000239079 0.000252839 0.000293887 0.00033704 0.000404984 0.000518962 0.000690235 0.000920604 0.00126579 0.00174442 0.00237254 0.00322116 0.00430684 0.00566652 0.0073495 0.00939145 0.0117778 0.0145243 0.0175877 0.0208455 0.0241714 0.0273827 0.0302351 0.0324785 0.0339105 0.0342939 0.033459 0.0313324 0.0279136 0.0232734 0.0176354 0.0113144 0.00464255 -0.00199799 -0.00820457 -0.0136457 -0.018095 -0.021376 -0.0234282 -0.0243197 -0.0241896 -0.0231842 -0.0215246 -0.0194685 -0.0172283 -0.0149367 -0.012724 -0.0107012 -0.00892191 -0.00738293 -0.00607979 -0.00499388 -0.00408817 -0.00332584 -0.00268998 -0.00214923 -0.00166118 -0.00120499 -0.000787462 -0.000393969 1.17062e-05 0.000448303 0.000908107 0.00140574 0.0019809 0.00266573 0.00347568 0.00444562 0.00561647 0.00701226 0.00864287 0.0105247 0.0126279 0.0148607 0.0171048 0.0192449 0.0210925 0.022397 0.0229239 0.0225097 0.0209954 0.0182757 0.0143649 0.0094019 0.00357727 -0.00281316 -0.0093852 -0.0157512 -0.0215706 -0.0265087 -0.0303062 -0.0328522 -0.0341199 -0.0341499 -0.0330831 -0.0311424 -0.028524 -0.0254699 -0.0222293 -0.0190023 -0.0159224 -0.0131273 -0.0106761 -0.00856422 -0.00680624 -0.00537877 -0.0042332 -0.00333043 -0.00265857 -0.00214378 -0.00176938 -0.00151653 -0.00133439 -0.00120637 -0.00112764 -0.00108006 -0.00103623 -0.00102116 -0.000998699 -0.000979649 -0.000978253 -0.000966618 -0.000959417 -0.000950704 -0.000943888 -0.000934148 -0.000938312 -0.000932126 -0.000922335 -0.000927897 -0.000909387 -0.000910317 -0.000911091 -0.00089852 -0.000901088 -0.000891881 -0.000884755 -0.000880699 -0.000879837 -0.00087736 -0.00087622 -0.000879296 -0.000869287 -0.000870617 -0.000865749 -0.000858404 -0.000863096 -0.00085513 -0.000857017 -0.000856092 -0.000851977 -0.000854451 -0.000846809 -0.000851453 -0.00085 -0.000846812 -0.000852976 -0.000844434 -0.000847513 
0 -2.88697e-06 1.9302e-05 7.44278e-06 1.87558e-05 3.3506e-05 2.01367e-05 4.16549e-05 4.18607e-05 3.39927e-05 5.82179e-05 4.99502e-05 5.66048e-05 7.42137e-05 6.41099e-05 7.8524e-05 8.43265e-05 8.1963e-05 9.39232e-05 9.74352e-05 0.000103932 0.000105795 0.000117451 0.000120636 0.000119418 0.000141414 0.000137007 0.000143174 0.000159342 0.000155315 0.000163006 0.000171989 0.000185676 0.000181216 0.000191842 0.000209195 0.000198169 0.00021868 0.000234726 0.000240695 0.000246231 0.000266999 0.000305957 0.000335033 0.000392109 0.000472509 0.000614678 0.00080733 0.00107695 0.00148031 0.00202199 0.00275569 0.00371078 0.00495068 0.00648954 0.00839369 0.0106846 0.013358 0.0164212 0.0197983 0.0233869 0.0270114 0.030498 0.0335653 0.0359756 0.0374797 0.0378444 0.0368865 0.0345243 0.0307722 0.0257135 0.0196052 0.0127505 0.00552395 -0.00169796 -0.00846847 -0.0144527 -0.019373 -0.0230632 -0.0254455 -0.0265932 -0.0266221 -0.0256827 -0.0240013 -0.0218515 -0.0194661 -0.0169867 -0.0145618 -0.0123054 -0.0103022 -0.00854991 -0.00706236 -0.00580157 -0.00474882 -0.00385358 -0.00311772 -0.00248293 -0.00191841 -0.00138227 -0.000903754 -0.000445181 1.79403e-05 0.00052993 0.00106123 0.00164534 0.00230853 0.00311215 0.00405508 0.00518644 0.00652689 0.00812238 0.00996738 0.0120817 0.0144028 0.0168379 0.0192488 0.0215147 0.0234233 0.0247095 0.0251265 0.024505 0.0227036 0.0196161 0.0152696 0.00979127 0.00341776 -0.0035483 -0.0106785 -0.01759 -0.0238956 -0.0292744 -0.0334317 -0.0362477 -0.0376701 -0.0377531 -0.0366429 -0.0345625 -0.0317481 -0.0284373 -0.0249118 -0.0213621 -0.0179752 -0.0148641 -0.0121257 -0.00975752 -0.00777709 -0.00616137 -0.00485556 -0.00383855 -0.00305562 -0.00247449 -0.00203238 -0.00173535 -0.00152531 -0.00137622 -0.00127666 -0.00120721 -0.00118051 -0.00114798 -0.00112177 -0.00110126 -0.00110531 -0.00109658 -0.00107245 -0.00107993 -0.00106691 -0.00105654 -0.00105309 -0.00105198 -0.00104219 -0.00102697 -0.00103613 -0.0010205 -0.00101496 -0.00102025 -0.00100719 -0.00100493 -0.00100023 -0.000999928 -0.000990411 -0.000989552 -0.00099313 -0.000974229 -0.000983815 -0.000978463 -0.000964042 -0.000980183 -0.000965095 -0.000963664 -0.00097337 -0.000954226 -0.000963943 -0.000964335 -0.000951193 -0.000962997 -0.00095396 -0.000950358 -0.000959283 -0.000948041 -0.000954399 
0 1.28152e-05 -1.24195e-06 2.31698e-05 2.12514e-05 1.9553e-05 4.42918e-05 3.30778e-05 4.48839e-05 5.82179e-05 4.70927e-05 6.40488e-05 6.50924e-05 6.35375e-05 8.29456e-05 8.52773e-05 9.1506e-05 0.000102973 0.000103868 0.000105188 0.000112231 0.000121584 0.000124076 0.000135839 0.000148107 0.000141071 0.000152273 0.000166106 0.000163572 0.000181633 0.000194808 0.000190431 0.000191646 0.000209205 0.00021759 0.000216783 0.00024474 0.000244258 0.000238806 0.000263856 0.000292477 0.000315426 0.000323055 0.000377254 0.00045443 0.000559591 0.000704602 0.000923911 0.00126248 0.00170695 0.0023338 0.00315575 0.00424626 0.00562777 0.00735899 0.00948261 0.0120126 0.0149825 0.0183283 0.0220189 0.0258873 0.0297987 0.0334974 0.0367542 0.0392843 0.0408289 0.041155 0.0400621 0.0374894 0.0334159 0.0280132 0.02148 0.0141901 0.00646821 -0.00122855 -0.00851392 -0.014974 -0.0203484 -0.0244301 -0.0271685 -0.0286014 -0.0288321 -0.0280189 -0.0263742 -0.0241942 -0.021693 -0.0190747 -0.0164512 -0.0139946 -0.0117527 -0.00980466 -0.00810556 -0.00668102 -0.00544936 -0.00443514 -0.00356567 -0.00284763 -0.00217658 -0.00158126 -0.00101284 -0.000502766 4.74632e-05 0.000613643 0.00124502 0.00190351 0.00268831 0.00359613 0.004704 0.00598577 0.00752527 0.0093044 0.0113843 0.0137027 0.0162358 0.0188274 0.0213844 0.0237169 0.0256345 0.0268382 0.0271027 0.0262367 0.0241176 0.0206656 0.0158926 0.00995155 0.00306962 -0.00437598 -0.0120079 -0.0193688 -0.0261165 -0.0318563 -0.0363595 -0.0394112 -0.0409996 -0.041143 -0.0400222 -0.0378392 -0.0348561 -0.0313448 -0.0275484 -0.0237249 -0.0200293 -0.01664 -0.0136003 -0.0109922 -0.00878172 -0.00697309 -0.00551571 -0.00436322 -0.00347968 -0.00280681 -0.00233081 -0.00196312 -0.00171489 -0.00154566 -0.0014447 -0.0013664 -0.00129602 -0.00127005 -0.00125955 -0.00125142 -0.00121292 -0.00120654 -0.00121137 -0.00119186 -0.00118961 -0.00118619 -0.00117161 -0.00115269 -0.00115822 -0.00115613 -0.00113959 -0.0011438 -0.00113388 -0.00112044 -0.00112198 -0.00112094 -0.00111612 -0.00111081 -0.0011103 -0.00109881 -0.00108906 -0.00109612 -0.00108448 -0.00108278 -0.00109267 -0.0010743 -0.00107877 -0.0010811 -0.0010641 -0.00107691 -0.00106803 -0.00106125 -0.00107447 -0.00105777 -0.00106329 -0.00106663 -0.00105241 -0.00106654 -0.0010586 
0 7.41786e-06 1.28369e-05 2.17952e-05 2.26912e-05 3.1763e-05 3.44234e-05 3.71254e-05 5.05297e-05 4.99502e-05 6.40488e-05 7.27071e-05 7.28483e-05 8.88185e-05 8.50312e-05 8.73067e-05 9.69565e-05 9.91137e-05 0.000110376 0.000123867 0.000133737 0.000133237 0.000147778 0.000146529 0.000147099 0.000174226 0.000166538 0.000180491 0.000190145 0.000181927 0.000199864 0.000207073 0.00022754 0.000233186 0.000239884 0.000249613 0.00025372 0.000272387 0.000286543 0.00030991 0.000300161 0.000328416 0.00038634 0.000429117 0.000505168 0.000621803 0.000812423 0.00106837 0.00144854 0.00195739 0.00266143 0.00360658 0.00480912 0.00635473 0.00827305 0.0106187 0.0133918 0.016634 0.0202676 0.0242232 0.0283683 0.0325019 0.0363934 0.0397789 0.0423992 0.0439431 0.0442063 0.0429811 0.0401958 0.0358543 0.0301388 0.0232746 0.0156 0.00749613 -0.00061597 -0.00831748 -0.0152183 -0.0209937 -0.025473 -0.0285709 -0.0303242 -0.0307956 -0.0301653 -0.0286272 -0.0264675 -0.0239081 -0.0211767 -0.0184028 -0.0157486 -0.013297 -0.0111324 -0.0092375 -0.0076155 -0.00622052 -0.00505371 -0.00406331 -0.0032222 -0.00246292 -0.00177908 -0.00114034 -0.000540915 7.78306e-05 0.000727407 0.00143837 0.00220986 0.00310334 0.00414978 0.00540611 0.00687322 0.0085973 0.010586 0.0128754 0.0154033 0.0181046 0.0208352 0.0234839 0.0258416 0.0276979 0.0287639 0.0288284 0.0276807 0.0252282 0.021398 0.0162355 0.00985807 0.00255287 -0.00531911 -0.0133448 -0.0211064 -0.028201 -0.0342707 -0.0390574 -0.0423459 -0.0440854 -0.0443133 -0.04321 -0.0409563 -0.0378555 -0.0341644 -0.0301567 -0.0260625 -0.022107 -0.0184291 -0.0151176 -0.012258 -0.00982615 -0.00782108 -0.0061937 -0.00492601 -0.00392261 -0.0031712 -0.00261756 -0.00221136 -0.00193768 -0.00173473 -0.00159547 -0.00150277 -0.00147105 -0.0014157 -0.00137219 -0.00136211 -0.00134831 -0.00134286 -0.00132087 -0.00131336 -0.00129737 -0.00129385 -0.00129012 -0.00128674 -0.00128421 -0.00125763 -0.00126697 -0.00125464 -0.00124478 -0.0012561 -0.00123531 -0.00122842 -0.00122255 -0.00121396 -0.00120983 -0.00121386 -0.00121262 -0.0012021 -0.00120855 -0.00119352 -0.00118918 -0.00119458 -0.0011794 -0.0011863 -0.0011823 -0.00117612 -0.00117983 -0.00117015 -0.00117333 -0.00117135 -0.00117001 -0.00117365 -0.00116825 -0.00117081 -0.00116565 
0 6.58585e-06 1.01342e-05 2.09511e-05 2.31759e-05 3.50688e-05 4.24138e-05 4.56687e-05 5.97521e-05 5.66048e-05 6.50924e-05 7.28483e-05 7.21972e-05 9.02132e-05 9.35754e-05 0.000103619 0.000118059 0.000118361 0.000124974 0.000129344 0.000134872 0.000138768 0.000156086 0.000163139 0.000166172 0.00018748 0.000179328 0.000195988 0.000212093 0.000210591 0.000233961 0.000229627 0.000237843 0.000248131 0.000255049 0.000272644 0.000282015 0.000293614 0.000298253 0.000330645 0.000346659 0.000377725 0.000429645 0.000475466 0.000581027 0.000724012 0.000928717 0.0012207 0.00165351 0.00223309 0.00301673 0.00407207 0.00540405 0.00711196 0.00922574 0.0117869 0.0148078 0.0183127 0.0222175 0.0264237 0.0308091 0.0351362 0.039174 0.0426555 0.0453149 0.0468312 0.0470044 0.0456419 0.042655 0.0380814 0.0321072 0.0249732 0.0169967 0.00858923 0.000151465 -0.00789752 -0.0151707 -0.0213188 -0.0261788 -0.0296526 -0.0317451 -0.0325052 -0.03211 -0.0307468 -0.0286657 -0.0261048 -0.0233023 -0.0204136 -0.0175869 -0.0149412 -0.0125642 -0.0104662 -0.00863923 -0.00707116 -0.00574449 -0.00461643 -0.00364026 -0.00278073 -0.00200617 -0.00128573 -0.000588296 0.000111344 0.000846088 0.00164654 0.00254103 0.00356021 0.00475288 0.00616749 0.00782731 0.00974649 0.0119453 0.0144348 0.0171524 0.0199937 0.0228277 0.0255191 0.0278485 0.029579 0.0304538 0.0302674 0.0288141 0.026007 0.0218073 0.0162741 0.00952086 0.00185564 -0.00635539 -0.0146971 -0.0227719 -0.0301484 -0.0364866 -0.0415148 -0.0450181 -0.0469078 -0.0472394 -0.0461769 -0.0439007 -0.0407166 -0.0368946 -0.0327078 -0.0283866 -0.0241899 -0.0202494 -0.01668 -0.0135716 -0.0109237 -0.00872008 -0.0069273 -0.00552136 -0.00440043 -0.00356366 -0.00293826 -0.00247114 -0.00214421 -0.00192367 -0.0017689 -0.00165012 -0.00159545 -0.00153848 -0.00151235 -0.00149734 -0.00147009 -0.00145886 -0.00144716 -0.00144448 -0.00142937 -0.00142666 -0.0014062 -0.00139619 -0.00139746 -0.00137506 -0.0013843 -0.00136874 -0.00135419 -0.00135845 -0.00134458 -0.00134554 -0.00134454 -0.00134007 -0.0013293 -0.00132565 -0.00131829 -0.00130539 -0.0013137 -0.00130192 -0.00130048 -0.00130485 -0.00129078 -0.00129588 -0.00128832 -0.00128544 -0.00129052 -0.00128168 -0.00128569 -0.00127941 -0.00127506 -0.00127615 -0.0012695 -0.00127578 -0.00127387 
0 1.70723e-05 1.0314e-06 3.13338e-05 2.89777e-05 2.60198e-05 5.52144e-05 4.08368e-05 5.66199e-05 7.42137e-05 6.35375e-05 8.88185e-05 9.02132e-05 8.88995e-05 0.000106847 0.000105674 0.000116555 0.000124893 0.000135561 0.000144914 0.000148534 0.000168013 0.000164314 0.000174446 0.000193402 0.000186191 0.000203268 0.000215443 0.000216595 0.000227524 0.00024527 0.000254034 0.000252711 0.000283065 0.00028616 0.000287183 0.000318778 0.000322231 0.000333364 0.000351279 0.000383581 0.000418224 0.000458308 0.000533282 0.000645951 0.000821972 0.00104323 0.00139038 0.00188132 0.00253018 0.00341517 0.00457247 0.00605995 0.00792064 0.0102394 0.0130093 0.0162761 0.0200293 0.0241764 0.0286196 0.0331936 0.0376868 0.041815 0.0453604 0.048001 0.0494653 0.0495211 0.0480138 0.0448437 0.0400727 0.0339012 0.0265536 0.0183706 0.00973244 0.00106827 -0.00726029 -0.0148227 -0.0213153 -0.026527 -0.0303868 -0.032828 -0.0339227 -0.0338097 -0.0326837 -0.0307427 -0.0282396 -0.0254152 -0.0224456 -0.0194821 -0.0166588 -0.0140835 -0.0117715 -0.00974155 -0.00798467 -0.00649703 -0.00520721 -0.00409251 -0.0031118 -0.00224849 -0.00142586 -0.000630293 0.000171454 0.000989142 0.00189887 0.00291848 0.00408851 0.00542974 0.00702006 0.00887142 0.0110016 0.0134023 0.0160835 0.0189602 0.0219154 0.0248098 0.0274919 0.0297324 0.0312765 0.0319082 0.0314197 0.0296398 0.0264594 0.0219051 0.0160156 0.00895439 0.000986659 -0.00747308 -0.0160657 -0.0243608 -0.0319663 -0.0385097 -0.0437456 -0.0474369 -0.0494828 -0.049937 -0.0489373 -0.046688 -0.043451 -0.0395477 -0.0352033 -0.0307042 -0.0262723 -0.022096 -0.0182747 -0.0149223 -0.0120566 -0.00964671 -0.00769645 -0.00613226 -0.00490774 -0.00396316 -0.00327556 -0.00274948 -0.00237158 -0.00212471 -0.00194449 -0.00182531 -0.00173321 -0.0016846 -0.00165176 -0.00162666 -0.00159449 -0.00157822 -0.00158254 -0.00154949 -0.0015444 -0.00154425 -0.00152293 -0.00151574 -0.00151338 -0.00150686 -0.00148765 -0.00149202 -0.00148388 -0.00146549 -0.00147239 -0.00145735 -0.00144892 -0.00144576 -0.0014378 -0.00143542 -0.00142559 -0.00143196 -0.00141976 -0.00141377 -0.00142301 -0.0013986 -0.00140857 -0.00141002 -0.00138717 -0.00140615 -0.00139033 -0.00138195 -0.00139982 -0.0013777 -0.00138935 -0.00139432 -0.00137511 -0.00139364 -0.0013797 
0 1.45529e-06 2.47192e-05 1.78877e-05 3.06869e-05 4.55955e-05 3.87875e-05 5.84084e-05 6.32676e-05 6.41099e-05 8.29456e-05 8.50312e-05 9.35754e-05 0.000106847 0.000113093 0.000118555 0.00012663 0.000136922 0.000138473 0.000156935 0.00016783 0.000166254 0.000188658 0.000189531 0.000191672 0.000216264 0.000220668 0.000228314 0.000244169 0.000251028 0.000252432 0.000268791 0.000291906 0.000292941 0.000305176 0.000324225 0.000326598 0.000341027 0.000373058 0.000399624 0.000406272 0.000443071 0.000523068 0.000606803 0.000725355 0.000909218 0.00119005 0.00158316 0.00211941 0.00285245 0.00383044 0.00511624 0.00673739 0.00877954 0.0112843 0.0142796 0.0177837 0.0217674 0.0261518 0.0307928 0.0355428 0.0401395 0.0443469 0.0478882 0.0504866 0.0518522 0.0517774 0.0501116 0.0467709 0.0418483 0.0355132 0.028033 0.0197003 0.0109355 0.00209918 -0.00640327 -0.0142109 -0.0209831 -0.0265461 -0.0307672 -0.0335878 -0.0350415 -0.0352668 -0.0344266 -0.0326925 -0.0303112 -0.0275133 -0.024509 -0.0214371 -0.018473 -0.015699 -0.013187 -0.0109365 -0.0089995 -0.00732155 -0.0058736 -0.00458995 -0.0034941 -0.00250943 -0.00159231 -0.000669739 0.000225907 0.00115882 0.00217056 0.00334517 0.00466157 0.00618252 0.0079403 0.0100037 0.0123336 0.0149449 0.017786 0.0208008 0.0238277 0.0267442 0.0293558 0.0314449 0.0327499 0.0330832 0.0322597 0.0301179 0.0265782 0.0216644 0.0154716 0.00813954 -2.95035e-05 -0.008685 -0.0174235 -0.0258811 -0.0336255 -0.0403388 -0.0457243 -0.0495869 -0.0517879 -0.0523778 -0.0514763 -0.0492784 -0.046053 -0.0420827 -0.0376452 -0.0329824 -0.0283652 -0.0239558 -0.019913 -0.0163231 -0.0132364 -0.0106347 -0.00850152 -0.00679898 -0.0054468 -0.00440757 -0.0036186 -0.00304632 -0.00263022 -0.00232803 -0.00211223 -0.00197834 -0.00190394 -0.00182553 -0.00176687 -0.00174596 -0.00173716 -0.00171286 -0.00168835 -0.001685 -0.00166805 -0.00165238 -0.00165429 -0.00164605 -0.00162667 -0.00161525 -0.00161564 -0.0015995 -0.00159225 -0.00159765 -0.00157565 -0.0015691 -0.00156894 -0.00155371 -0.00155347 -0.00155153 -0.00154418 -0.00153618 -0.00153399 -0.00152791 -0.00151817 -0.00152443 -0.00151207 -0.00150829 -0.00151667 -0.00149834 -0.00150532 -0.00150565 -0.00148966 -0.00150383 -0.00149292 -0.0014877 -0.00150051 -0.00148381 -0.00149183 
0 7.01954e-06 1.91195e-05 2.20273e-05 3.50945e-05 4.12668e-05 4.84645e-05 6.33454e-05 6.46045e-05 7.8524e-05 8.52773e-05 8.73067e-05 0.000103619 0.000105674 0.000118555 0.000133026 0.000138324 0.000153604 0.000159515 0.000162728 0.000170148 0.00018222 0.000190402 0.000205584 0.000222908 0.000222212 0.000237905 0.000245173 0.000255191 0.00027608 0.000284061 0.000300109 0.000297332 0.000310785 0.000329585 0.000339566 0.000363394 0.000377065 0.000390254 0.000404293 0.000461251 0.000511744 0.000561343 0.000662745 0.000812337 0.001041 0.00134094 0.00177991 0.00238227 0.00320753 0.0042891 0.00568289 0.00747047 0.00967953 0.0123863 0.0155934 0.0193326 0.0235332 0.0281263 0.0329525 0.0378227 0.0425068 0.0467323 0.0502461 0.0527432 0.0539941 0.0537573 0.051929 0.0484367 0.0433914 0.0369515 0.0293867 0.0209994 0.0121647 0.0032573 -0.0053607 -0.0133221 -0.0203481 -0.0262124 -0.0307977 -0.0339925 -0.0358481 -0.0364418 -0.035943 -0.0344743 -0.0322813 -0.0295662 -0.0265697 -0.0234364 -0.020355 -0.0174085 -0.014693 -0.0122362 -0.0100987 -0.00823117 -0.00659787 -0.00515106 -0.00390931 -0.00280156 -0.00175979 -0.000719008 0.000299502 0.00134857 0.00249402 0.00381762 0.00530824 0.00700887 0.0089585 0.0112227 0.0137624 0.016564 0.0195512 0.0226614 0.0257261 0.0286132 0.0310951 0.0329713 0.0339814 0.0339796 0.032775 0.0302645 0.0263549 0.0211196 0.0146405 0.00711832 -0.00119906 -0.00995186 -0.018783 -0.0273063 -0.0351422 -0.0419594 -0.0474664 -0.05147 -0.0538288 -0.0545759 -0.0537894 -0.0516942 -0.0485052 -0.0445273 -0.0400111 -0.0352424 -0.0304492 -0.0258421 -0.0215856 -0.0177676 -0.0144655 -0.011664 -0.00936407 -0.00748777 -0.00602001 -0.00487565 -0.00400376 -0.00335213 -0.00287436 -0.00254983 -0.00231428 -0.00215144 -0.00202184 -0.00196663 -0.0019291 -0.00188085 -0.00185025 -0.00183128 -0.0018246 -0.00180587 -0.00180297 -0.00178275 -0.00176508 -0.00175635 -0.00174453 -0.00174633 -0.0017265 -0.00171986 -0.00170954 -0.00169307 -0.00169564 -0.00169049 -0.00168445 -0.00167774 -0.0016717 -0.00165672 -0.0016518 -0.00165142 -0.00163758 -0.00164235 -0.00163533 -0.00162708 -0.0016299 -0.00161701 -0.00161879 -0.00161734 -0.00161114 -0.0016152 -0.00160768 -0.00160574 -0.00160308 -0.00159751 -0.00159955 -0.00159696 -0.00160017 
0 8.08902e-06 1.75002e-05 2.39376e-05 3.8523e-05 4.30583e-05 5.34111e-05 6.63801e-05 6.58863e-05 8.43265e-05 9.1506e-05 9.69565e-05 0.000118059 0.000116555 0.00012663 0.000138324 0.000138761 0.000154623 0.000166853 0.000178155 0.000193156 0.000207387 0.000208417 0.000218295 0.000231822 0.000231773 0.000257999 0.000264046 0.000272851 0.00029032 0.000288451 0.000317821 0.000326309 0.000344332 0.00036452 0.000364656 0.000383961 0.000402074 0.000432996 0.000447412 0.00049208 0.000539147 0.000609284 0.000746647 0.000901377 0.00115213 0.00150292 0.00200453 0.00267601 0.00358726 0.00478169 0.00630213 0.00825567 0.0106369 0.0135401 0.0169641 0.0209209 0.0253254 0.0301016 0.0350822 0.0400375 0.0447681 0.0489748 0.0524126 0.0547776 0.0558768 0.0554637 0.0534628 0.0498411 0.044701 0.0382063 0.030617 0.0222476 0.0134181 0.00451524 -0.00413709 -0.0121887 -0.0194111 -0.0255434 -0.0304657 -0.0340441 -0.0363169 -0.0373175 -0.0371971 -0.0360585 -0.0341109 -0.0315432 -0.0286007 -0.0254573 -0.0222877 -0.0191962 -0.0162882 -0.0136359 -0.0112879 -0.00922073 -0.00738869 -0.00577353 -0.00436648 -0.00311649 -0.00193204 -0.000767757 0.000389577 0.00157348 0.00287372 0.00435313 0.00603133 0.00792343 0.0100795 0.01254 0.0152845 0.0182566 0.0213683 0.0245306 0.0275928 0.0303918 0.0326895 0.0342867 0.0349598 0.0345791 0.032971 0.0300715 0.0258078 0.0202733 0.0135559 0.00589704 -0.00249319 -0.0112726 -0.0201232 -0.0286434 -0.0365088 -0.0433791 -0.0489761 -0.0530954 -0.055616 -0.0565308 -0.0558931 -0.0539271 -0.0508203 -0.0468682 -0.042313 -0.0374683 -0.0325292 -0.0277452 -0.0232869 -0.0192567 -0.0157347 -0.0127341 -0.0102594 -0.00821858 -0.00662269 -0.00536017 -0.00439983 -0.00368423 -0.00315651 -0.00277324 -0.002502 -0.00233986 -0.00219547 -0.00211846 -0.00205748 -0.002011 -0.00199057 -0.001967 -0.00194742 -0.00191682 -0.00191587 -0.001896 -0.00189104 -0.00188491 -0.00186076 -0.00186301 -0.00184077 -0.00184044 -0.00183882 -0.00181985 -0.00181696 -0.00180169 -0.00178873 -0.00178186 -0.00178147 -0.00177108 -0.0017683 -0.001769 -0.0017506 -0.00175462 -0.00174594 -0.00173622 -0.00174596 -0.00173146 -0.00172992 -0.00172879 -0.00171422 -0.00171736 -0.00171411 -0.00171199 -0.00171775 -0.00171597 -0.0017142 -0.00171232 -0.00170762 
0 1.98077e-06 3.35072e-05 2.12173e-05 3.93645e-05 5.48566e-05 4.55352e-05 7.43383e-05 7.48654e-05 8.1963e-05 0.000102973 9.91137e-05 0.000118361 0.000124893 0.000136922 0.000153604 0.000154623 0.000177496 0.000172527 0.000184917 0.000206196 0.000195522 0.000227399 0.000238648 0.000238914 0.000266105 0.000272839 0.000279973 0.000294972 0.000318179 0.000315465 0.000330168 0.000358404 0.000347992 0.000376143 0.000396408 0.000406099 0.000430684 0.000452048 0.000496642 0.000531162 0.000589761 0.000684189 0.000826816 0.00101176 0.00127857 0.0016983 0.00223896 0.00298758 0.00399183 0.00529579 0.00696334 0.00906236 0.0116428 0.0147274 0.0183825 0.0225348 0.0271383 0.0320783 0.0371762 0.0422006 0.0469249 0.051094 0.0543957 0.0566177 0.0575147 0.0569221 0.0547343 0.0510024 0.0457907 0.0392807 0.03173 0.0234279 0.0146865 0.00584199 -0.00275487 -0.0108561 -0.0181977 -0.0245755 -0.0297878 -0.0337663 -0.0364502 -0.0378994 -0.0381809 -0.0374362 -0.0357828 -0.0334314 -0.0305945 -0.0274935 -0.0242702 -0.0210627 -0.0179862 -0.0151468 -0.0125871 -0.0103034 -0.0082699 -0.00647125 -0.00488812 -0.00346419 -0.00212772 -0.000821756 0.000481227 0.00183116 0.00329864 0.00495144 0.00681907 0.00892158 0.0112889 0.0139456 0.0168754 0.019996 0.0232026 0.0263733 0.0293844 0.0320311 0.0340938 0.035347 0.0356516 0.0348458 0.0328317 0.0295195 0.0249375 0.0191191 0.012236 0.00447731 -0.00389603 -0.0126484 -0.0214289 -0.0298956 -0.037717 -0.0445969 -0.0502466 -0.0544596 -0.0571425 -0.0582246 -0.0577781 -0.0559516 -0.0529842 -0.0490765 -0.044541 -0.0396352 -0.034599 -0.029658 -0.0250162 -0.0207952 -0.017053 -0.0138716 -0.011197 -0.00901205 -0.00726374 -0.00589554 -0.00482663 -0.00403086 -0.0034574 -0.0030085 -0.00270904 -0.00250451 -0.00236404 -0.00225777 -0.00218845 -0.00215062 -0.00211606 -0.00209528 -0.00206172 -0.00206384 -0.00204706 -0.00201588 -0.00202377 -0.00200197 -0.0019836 -0.00197889 -0.00197165 -0.00194907 -0.00193937 -0.00194359 -0.00191408 -0.00192161 -0.00191894 -0.00189611 -0.00190499 -0.00188737 -0.00188089 -0.00187493 -0.00186673 -0.00186931 -0.00185059 -0.00185741 -0.00184524 -0.00183352 -0.00185003 -0.00182789 -0.00183816 -0.00184269 -0.00181772 -0.00183614 -0.00181787 -0.0018081 -0.00182765 -0.00180489 -0.00182083 
