0 0 0 0 0 0 0 0 0 0 0 0 0 0 0 0 0 0 0 0 0 0 0 0 0 0 0 0 0 0 0 0 0 0 0 0 0 0 0 0 0 0 0 0 0 0 0 0 0 0 0 0 0 0 0 0 0 0 0 0 0 0 0 0 0 0 0 0 0 0 0 0 0 0 0 0 0 0 0 0 0 0 0 0 0 0 0 0 0 0 0 0 0 0 0 0 0 0 0 0 0 0 0 0 0 0 0 0 0 0 0 0 0 0 0 0 0 0 0 0 0 0 0 0 0 0 0 0 0 0 0 0 0 0 0 0 0 0 0 0 0 0 0 0 0 0 0 0 0 0 0 0 0 0 0 0 0 0 0 0 0 0 0 0 0 0 0 0 0 0 0 0 0 0 0 0 0 0 0 0 0 0 0 0 0 0 0 0 0 0 0 0 0 0 0 0 0 0 0 0 
0 -3.67032e-06 5.45063e-06 -6.59185e-06 1.46028e-06 2.67261e-06 -2.98413e-06 8.5188e-06 1.59942e-06 3.50486e-06 5.95859e-06 -1.48366e-06 1.87003e-06 1.45127e-07 1.33037e-07 3.37122e-06 6.48053e-06 7.32146e-06 9.2124e-06 1.29942e-05 1.04595e-05 1.89931e-05 2.89926e-05 4.11578e-05 7.08916e-05 0.000104375 0.000150821 0.000221507 0.000312278 0.000429648 0.000589081 0.000784252 0.00101129 0.00129427 0.00161486 0.00196572 0.00237022 0.00277706 0.00316452 0.00352435 0.00378948 0.00393971 0.00396344 0.00383163 0.0035211 0.00305145 0.00242603 0.00166544 0.000832547 -2.56444e-05 -0.000838488 -0.00158315 -0.00219406 -0.002635 -0.00291556 -0.0030492 -0.00302562 -0.00286093 -0.00262751 -0.00233918 -0.00204722 -0.00175233 -0.00147565 -0.00122466 -0.00103064 -0.000871189 -0.000739307 -0.000638854 -0.00054893 -0.000486194 -0.000439977 -0.000407417 -0.00035584 -0.000330426 -0.000305631 -0.000289538 -0.000261402 -0.000246492 -0.000222485 -0.000214436 -0.00020344 -0.000185706 -0.000165501 -0.000163818 -0.00015892 -0.00013736 -0.000126353 -0.000125482 -0.000120333 -9.97193e-05 -9.69291e-05 -9.23919e-05 -8.68764e-05 -6.99001e-05 -7.10685e-05 -6.24447e-05 -5.7849e-05 -4.39349e-05 -4.61604e-05 -3.4998e-05 -3.09892e-05 -1.90501e-05 -2.16408e-05 -8.53741e-06 -3.67162e-06 5.74627e-06 3.28885e-06 1.94951e-05 2.57384e-05 3.08506e-05 3.11254e-05 5.14547e-05 5.76967e-05 5.83617e-05 6.58353e-05 8.79794e-05 9.35154e-05 9.39916e-05 0.000110579 0.000129026 0.000139138 0.000145796 0.000166804 0.000180401 0.00020615 0.000221405 0.000242984 0.000263198 0.000311271 0.000340756 0.000380996 0.000433533 0.000514799 0.000602289 0.000721467 0.000864066 0.00104025 0.00126926 0.00153074 0.00181576 0.00210535 0.00239564 0.00263938 0.00283726 0.00291321 0.00283349 0.00259914 0.00222228 0.00168333 0.00099327 0.0002077 -0.000630862 -0.00145185 -0.00222477 -0.00287822 -0.00338492 -0.00374208 -0.00392833 -0.00394328 -0.00382652 -0.00360037 -0.0032671 -0.00289753 -0.00250512 -0.00210208 -0.00174043 -0.0014158 -0.0011285 -0.000892874 -0.000698746 -0.000534777 -0.000407318 -0.00031283 -0.000236289 -0.000185115 -0.000152499 -0.000123269 -0.000107098 -9.53024e-05 -8.40195e-05 -7.87727e-05 -7.78415e-05 -7.59983e-05 -7.53087e-05 -8.14312e-05 -7.54654e-05 -7.79046e-05 -8.05622e-05 -6.99168e-05 -8.01788e-05 -7.35174e-05 -7.12628e-05 -8.20927e-05 -6.82664e-05 -7.87509e-05 -7.70769e-05 -6.87111e-05 -8.29434e-05 -7.06279e-05 -7.57806e-05 
0 5.45063e-06 -2.57804e-06 7.15382e-06 5.21221e-06 -1.32852e-06 7.1043e-06 -3.0338e-06 -9.63163e-07 4.9787e-06 -1.4826e-06 9.65231e-06 9.84833e-06 9.07679e-06 1.24075e-05 8.97979e-06 5.39513e-06 5.72168e-06 1.28392e-05 8.24285e-06 3.15164e-05 4.16483e-05 5.28289e-05 0.000105754 0.000127613 0.000209325 0.000316441 0.000436515 0.000643674 0.000872504 0.00117793 0.0015577 0.0020229 0.00257522 0.00321939 0.0039585 0.00472677 0.00554637 0.00632352 0.00702212 0.00755984 0.00787887 0.0079274 0.00762181 0.00702783 0.00608279 0.00483129 0.00333696 0.00168564 -4.5305e-05 -0.00169719 -0.00312661 -0.0043393 -0.00524039 -0.00583345 -0.00607262 -0.00601427 -0.00571041 -0.00525146 -0.00468512 -0.00408112 -0.0035111 -0.00294798 -0.00246253 -0.0020563 -0.00174658 -0.00147639 -0.00127774 -0.00109811 -0.000969655 -0.000882474 -0.000806624 -0.000719374 -0.000654606 -0.00061967 -0.000571674 -0.000533649 -0.000487338 -0.000456692 -0.000425248 -0.000415862 -0.000369586 -0.000342 -0.000327189 -0.000323417 -0.000277294 -0.000260024 -0.000252849 -0.000243344 -0.000204898 -0.000196899 -0.000188511 -0.000174311 -0.000146432 -0.000142002 -0.000129906 -0.000114889 -9.47303e-05 -9.05477e-05 -7.56291e-05 -6.08131e-05 -4.47925e-05 -4.11529e-05 -2.27785e-05 -7.14984e-06 5.46757e-06 7.98552e-06 3.35285e-05 4.93876e-05 5.73591e-05 6.1672e-05 9.80815e-05 0.000110302 0.000115346 0.000127591 0.000172954 0.000179163 0.000190221 0.000212922 0.000259143 0.000268576 0.000296893 0.000323478 0.000367706 0.000402549 0.000450271 0.000479522 0.000537403 0.000617471 0.000691062 0.000765157 0.000878063 0.00103786 0.0012166 0.00145909 0.00173666 0.00210297 0.00255053 0.00308594 0.00362878 0.00421799 0.00479197 0.00529164 0.00564559 0.00578006 0.00564725 0.00519016 0.00440989 0.00329302 0.00196487 0.000410282 -0.0012658 -0.00292339 -0.00443911 -0.00574515 -0.00676365 -0.00743471 -0.00782046 -0.00786827 -0.00764473 -0.00716818 -0.00652704 -0.0057823 -0.00498002 -0.00422104 -0.00349148 -0.00284226 -0.00226936 -0.00179724 -0.00138852 -0.00106822 -0.000833848 -0.000613356 -0.000488396 -0.000373084 -0.000283558 -0.000249236 -0.000200705 -0.000186753 -0.00017817 -0.000168843 -0.000163075 -0.000161185 -0.000155893 -0.000146783 -0.000156119 -0.000144823 -0.000150241 -0.000156705 -0.000144637 -0.000158312 -0.000150516 -0.000147555 -0.000157126 -0.00014498 -0.000152101 -0.000153057 -0.000143908 -0.000154632 -0.000149677 
0 -6.59185e-06 7.15382e-06 -7.30269e-06 3.4376e-06 5.10822e-06 -7.60415e-07 1.42885e-05 5.49942e-06 9.15476e-06 1.10318e-05 2.28854e-06 6.557e-06 4.06554e-06 5.9531e-06 1.06087e-05 1.6605e-05 1.97742e-05 2.49184e-05 3.32102e-05 3.71171e-05 5.88313e-05 8.8473e-05 0.000134532 0.000212299 0.000318236 0.000465348 0.000672373 0.000952155 0.00130863 0.00177903 0.00236022 0.00304948 0.00388775 0.00484649 0.00591169 0.0070944 0.00830148 0.00945697 0.0105024 0.0112909 0.0117424 0.011803 0.0113944 0.010481 0.00908249 0.00722605 0.00498949 0.00252536 -1.54211e-05 -0.00243987 -0.00462964 -0.00644311 -0.00777938 -0.00863954 -0.00903955 -0.0089833 -0.00853616 -0.00785637 -0.00702119 -0.00614886 -0.00527946 -0.00445454 -0.00371619 -0.00312073 -0.00263698 -0.00223935 -0.00192771 -0.00166191 -0.0014668 -0.00132502 -0.00121193 -0.00107645 -0.000988386 -0.000916995 -0.000858257 -0.000785967 -0.000730794 -0.000669628 -0.000635888 -0.000602382 -0.000549969 -0.000498924 -0.000483109 -0.000463136 -0.00040943 -0.000376881 -0.000366565 -0.000346546 -0.000298794 -0.000282343 -0.000267624 -0.000246956 -0.000208806 -0.000200193 -0.000179164 -0.000160313 -0.000129523 -0.000123124 -9.78632e-05 -8.02577e-05 -5.38446e-05 -4.82465e-05 -1.91167e-05 -2.03963e-08 2.17805e-05 2.76103e-05 6.36913e-05 8.52798e-05 9.99362e-05 0.000111009 0.0001571 0.000178654 0.000186975 0.000211859 0.000265074 0.0002857 0.000297144 0.000339878 0.000391644 0.000422715 0.00045132 0.000504634 0.000554852 0.000620925 0.000675178 0.000736906 0.000811216 0.000935393 0.00103785 0.00116059 0.00132732 0.00156424 0.0018392 0.00219607 0.00262972 0.00316976 0.00384807 0.00462801 0.00546713 0.00632903 0.00717434 0.00789656 0.00843846 0.00863649 0.00839452 0.00769274 0.00654203 0.00491972 0.00288459 0.000558698 -0.0019201 -0.00436308 -0.00663595 -0.00857378 -0.0100827 -0.0111296 -0.0116844 -0.011748 -0.0114078 -0.0107267 -0.00976112 -0.00865935 -0.0074887 -0.00631257 -0.0052308 -0.00425918 -0.00340433 -0.00269445 -0.00210326 -0.00161673 -0.00123729 -0.000943775 -0.000721581 -0.000562707 -0.000454346 -0.000372996 -0.000320245 -0.000285072 -0.000257244 -0.000242594 -0.000235829 -0.000231825 -0.000229316 -0.000236024 -0.00022937 -0.000230405 -0.000234549 -0.000220209 -0.000232283 -0.000224737 -0.000220453 -0.000234921 -0.000216919 -0.000229902 -0.000228131 -0.000217954 -0.000235501 -0.000216968 -0.000227055 
0 1.46028e-06 5.21221e-06 3.4376e-06 5.25862e-06 4.02131e-06 4.4473e-06 5.34745e-06 3.67587e-06 7.97474e-06 8.20673e-06 1.11509e-05 1.48932e-05 1.436e-05 1.62672e-05 1.64581e-05 1.58233e-05 1.89514e-05 2.63817e-05 3.40072e-05 5.5955e-05 8.28744e-05 0.000122102 0.000194275 0.000283569 0.000430427 0.000635573 0.000908305 0.00128991 0.00176931 0.00238557 0.00315129 0.00407851 0.00518466 0.00646332 0.00789867 0.00944308 0.0110355 0.0125641 0.0139242 0.0149666 0.015573 0.0156426 0.0150786 0.0138775 0.0120256 0.00957568 0.0066437 0.00340102 4.42397e-05 -0.00317244 -0.00603833 -0.00842948 -0.0102269 -0.0113993 -0.0119298 -0.0118686 -0.0113207 -0.0104443 -0.0093616 -0.00820318 -0.00706003 -0.00596781 -0.00499821 -0.00419046 -0.00354047 -0.00300586 -0.00258191 -0.00222933 -0.00196362 -0.00176947 -0.00160586 -0.00144181 -0.00131483 -0.00122188 -0.00113428 -0.00104872 -0.000966261 -0.000895193 -0.000840532 -0.000795878 -0.000726357 -0.000668081 -0.000635618 -0.000605171 -0.000542389 -0.000500694 -0.000478218 -0.00044854 -0.000396103 -0.000368207 -0.000345962 -0.00031582 -0.000274896 -0.000253883 -0.000228769 -0.000200144 -0.000167471 -0.000148639 -0.000121043 -9.36275e-05 -6.55295e-05 -4.75909e-05 -1.66374e-05 1.16673e-05 3.61982e-05 5.42349e-05 9.22951e-05 0.000122255 0.000142514 0.000164876 0.000214034 0.000243811 0.000262106 0.000295974 0.000355863 0.000385661 0.000411591 0.000461026 0.000527267 0.000568668 0.000616055 0.000677939 0.000753459 0.000831792 0.000912527 0.000993114 0.00110448 0.00125339 0.00140253 0.0015709 0.00180172 0.00211402 0.00249179 0.00297012 0.00355332 0.00428609 0.0051821 0.00621543 0.00731442 0.00845439 0.00955674 0.0105022 0.0111656 0.0113939 0.011073 0.0101363 0.00857532 0.00640327 0.0037343 0.000673152 -0.00259416 -0.0058263 -0.00880831 -0.0113638 -0.0133584 -0.0147221 -0.0154606 -0.0155677 -0.0151257 -0.0142174 -0.0129629 -0.0115032 -0.00995151 -0.00842407 -0.00698907 -0.00569691 -0.00456454 -0.00361101 -0.00281298 -0.00216985 -0.00166847 -0.00126653 -0.000977623 -0.000757233 -0.000597973 -0.000496942 -0.000420991 -0.000378275 -0.000351674 -0.00033331 -0.000322878 -0.000316506 -0.000309438 -0.000306019 -0.000305517 -0.000301134 -0.000304433 -0.000302717 -0.000302202 -0.000304665 -0.000300743 -0.000303128 -0.000301373 -0.000300674 -0.00030098 -0.000299789 -0.000302518 -0.000299158 -0.000300865 
0 2.67261e-06 -1.32852e-06 5.10822e-06 4.02131e-06 5.23121e-06 1.02136e-05 5.73819e-06 9.93864e-06 1.09847e-05 9.17633e-06 1.38906e-05 1.3654e-05 1.52169e-05 1.80478e-05 2.04479e-05 2.21325e-05 2.81189e-05 3.72125e-05 4.58338e-05 7.30064e-05 0.000104658 0.00015638 0.000247441 0.000364045 0.000549192 0.000808332 0.00115369 0.00162824 0.00223677 0.00300863 0.00396702 0.00513202 0.00650556 0.00809315 0.00987635 0.0117808 0.0137434 0.0156299 0.0172883 0.0185639 0.0193025 0.0193738 0.0186759 0.0171909 0.0149028 0.0118835 0.00827989 0.0042924 0.000175674 -0.00378975 -0.00733432 -0.0102976 -0.012545 -0.0140202 -0.0147082 -0.0146761 -0.0140532 -0.0130005 -0.0116952 -0.0102758 -0.00886464 -0.00751701 -0.00631759 -0.00529968 -0.0044734 -0.00379894 -0.0032531 -0.00281292 -0.00247143 -0.00221574 -0.00199668 -0.001804 -0.00163802 -0.00151536 -0.00139967 -0.00129608 -0.00118946 -0.00110469 -0.00103014 -0.000966321 -0.000886146 -0.000819143 -0.00076874 -0.000721393 -0.000657154 -0.000604403 -0.000567477 -0.000525298 -0.00047407 -0.000432159 -0.00040084 -0.000360838 -0.000320336 -0.000284652 -0.000254947 -0.000217 -0.000183725 -0.000150787 -0.000120984 -8.43805e-05 -5.49766e-05 -2.29768e-05 8.9024e-06 4.56601e-05 7.32418e-05 0.000105951 0.000143259 0.000181168 0.000208455 0.000245057 0.000291583 0.000330941 0.000361478 0.000406544 0.000464893 0.000508257 0.000549747 0.00060698 0.000679589 0.00073711 0.000800854 0.00087353 0.000968789 0.00106175 0.00116456 0.00126972 0.00141523 0.0015861 0.00178136 0.00200196 0.00229867 0.00268466 0.00317028 0.00377121 0.00451323 0.00543772 0.00654916 0.00782393 0.0091846 0.0105851 0.0119191 0.0130627 0.0138343 0.0140738 0.0136422 0.0124578 0.0104997 0.00780555 0.0044989 0.000718587 -0.00329639 -0.00727392 -0.0109386 -0.0140874 -0.0165547 -0.0182455 -0.0191576 -0.0193043 -0.0187654 -0.0176513 -0.0161237 -0.0143257 -0.0124118 -0.0105266 -0.00874278 -0.00713403 -0.00572939 -0.00453596 -0.00354009 -0.00273722 -0.00210325 -0.00160127 -0.00123577 -0.000959875 -0.000760029 -0.000631346 -0.000535333 -0.000476787 -0.000440759 -0.000415397 -0.000400717 -0.000392993 -0.000387712 -0.00038185 -0.000384566 -0.000379981 -0.000378872 -0.000383 -0.000375302 -0.0003799 -0.000378887 -0.000373229 -0.000380814 -0.000374985 -0.000375285 -0.000378313 -0.0003718 -0.000378026 -0.000375228 
0 -2.98413e-06 7.1043e-06 -7.60415e-07 4.4473e-06 1.02136e-05 2.6871e-06 1.43246e-05 1.36628e-05 1.12195e-05 1.91392e-05 1.25396e-05 1.44687e-05 1.74051e-05 1.73779e-05 2.18236e-05 3.07891e-05 3.71661e-05 4.36413e-05 6.96945e-05 8.25257e-05 0.000128888 0.000203842 0.000288855 0.000463863 0.000676801 0.000983061 0.00142284 0.00197374 0.0027168 0.00364834 0.00480534 0.00619528 0.00784546 0.00974052 0.0118353 0.014115 0.0164197 0.0186397 0.0205856 0.0220761 0.0229226 0.0229811 0.0221799 0.0203953 0.0176966 0.0141433 0.00989712 0.00519888 0.000376641 -0.00427395 -0.00850408 -0.0120222 -0.0147108 -0.0164736 -0.0173554 -0.0173859 -0.0167103 -0.0155129 -0.0140083 -0.012364 -0.0106823 -0.00910193 -0.00766536 -0.00644935 -0.00542964 -0.00461539 -0.00393661 -0.00340752 -0.00298626 -0.00265708 -0.00238489 -0.00215429 -0.00195909 -0.00179091 -0.00165809 -0.00152122 -0.00140511 -0.00129269 -0.00120895 -0.00111065 -0.00103329 -0.000947953 -0.000885553 -0.000811088 -0.000754306 -0.000685319 -0.000635091 -0.000576522 -0.000529839 -0.000472668 -0.00043022 -0.000381231 -0.000339896 -0.000291492 -0.00025335 -0.000209573 -0.000171832 -0.000128708 -9.21671e-05 -5.08652e-05 -1.55814e-05 2.62375e-05 6.29316e-05 0.000103902 0.000138449 0.000182963 0.000220931 0.000264317 0.000300841 0.000351547 0.000392353 0.000442704 0.000484698 0.000544467 0.000592484 0.000656609 0.000708184 0.000781096 0.000846289 0.000932523 0.00100179 0.00109792 0.00119716 0.00131862 0.0014305 0.00157592 0.00174348 0.00194598 0.00218038 0.00246627 0.00282927 0.00329218 0.00389125 0.00461586 0.00553202 0.00664023 0.00797249 0.00946421 0.0110938 0.0127254 0.0142688 0.0155654 0.0164308 0.0166583 0.0160764 0.014629 0.0122819 0.00910223 0.00514463 0.000680547 -0.00403445 -0.00870314 -0.0130306 -0.0167362 -0.0196434 -0.0216785 -0.0227449 -0.0229313 -0.0223042 -0.0210185 -0.0192201 -0.0171083 -0.0148686 -0.0126105 -0.010503 -0.00858475 -0.00690859 -0.00547405 -0.00429115 -0.00332244 -0.00253893 -0.00196244 -0.00149331 -0.00116747 -0.000940717 -0.000758629 -0.000658683 -0.000578251 -0.000526043 -0.000499113 -0.000480935 -0.000469095 -0.000465132 -0.000467017 -0.000455466 -0.00046272 -0.000457446 -0.000449815 -0.000461306 -0.000448 -0.000453663 -0.000457413 -0.000444342 -0.000457614 -0.000451269 -0.000446819 -0.000457859 -0.000445586 -0.000451371 
0 8.5188e-06 -3.0338e-06 1.42885e-05 5.34745e-06 5.73819e-06 1.43246e-05 3.15843e-06 1.35396e-05 1.09848e-05 1.30947e-05 2.20549e-05 2.1617e-05 2.81018e-05 2.74e-05 3.12158e-05 2.94224e-05 3.66664e-05 5.09609e-05 6.60533e-05 0.00011078 0.000160472 0.000242359 0.000371667 0.000547858 0.000812365 0.00118583 0.00168987 0.00235475 0.00322678 0.00430823 0.0056451 0.00728121 0.00918245 0.0113797 0.0138313 0.016418 0.0190608 0.021593 0.0237886 0.0254744 0.0264431 0.0264939 0.0255258 0.0234914 0.0203903 0.0163289 0.0114999 0.00616409 0.000653296 -0.0046895 -0.0094985 -0.0135437 -0.0166834 -0.0187923 -0.0198431 -0.0199466 -0.0192689 -0.0179759 -0.0163076 -0.0144313 -0.0125227 -0.0107035 -0.00905831 -0.00761747 -0.0064193 -0.00544108 -0.00463605 -0.0040047 -0.00349892 -0.00309347 -0.00275634 -0.00249673 -0.00225539 -0.00205917 -0.00188498 -0.00173594 -0.00158761 -0.00147069 -0.0013518 -0.00124087 -0.00114481 -0.00106039 -0.000966329 -0.000880337 -0.000815472 -0.000742325 -0.000667672 -0.000600201 -0.00054989 -0.00048265 -0.000425215 -0.000368125 -0.000323996 -0.000263067 -0.000217493 -0.000164798 -0.000124525 -6.88676e-05 -2.893e-05 2.15001e-05 5.9371e-05 0.000113343 0.000151703 0.000200169 0.000239522 0.000295662 0.000333956 0.000382366 0.000429668 0.000489476 0.000529601 0.000584077 0.000645456 0.000708334 0.000758118 0.000827886 0.000905978 0.000975892 0.00105239 0.00114509 0.00124404 0.00134023 0.00146537 0.00159207 0.0017383 0.0019038 0.00211252 0.00233318 0.00262222 0.00297036 0.00340832 0.00395549 0.0046665 0.00553419 0.00661017 0.00792419 0.00945597 0.0111776 0.0130212 0.0148823 0.0166074 0.0180369 0.0189186 0.0190865 0.0183809 0.0166654 0.0138988 0.0101896 0.00568324 0.00057962 -0.00480907 -0.0101439 -0.0150642 -0.0192999 -0.0226398 -0.0249441 -0.0261957 -0.0264425 -0.0257462 -0.0242764 -0.0222537 -0.0198429 -0.0172652 -0.0147159 -0.0122756 -0.0100544 -0.00811498 -0.00643699 -0.00504532 -0.00391953 -0.00301628 -0.00231374 -0.00178394 -0.00138657 -0.00109547 -0.000903463 -0.000765094 -0.000679045 -0.00062893 -0.000590594 -0.000570774 -0.000554009 -0.000545984 -0.000534494 -0.000535193 -0.000533322 -0.000526234 -0.000538776 -0.000525354 -0.000530806 -0.000534794 -0.000519735 -0.00053711 -0.000522122 -0.000525085 -0.000535746 -0.000515567 -0.000535106 -0.000523993 
0 1.59942e-06 -9.63163e-07 5.49942e-06 3.67587e-06 9.93864e-06 1.36628e-05 1.35396e-05 2.03443e-05 1.65103e-05 2.04285e-05 2.01878e-05 1.66686e-05 2.33246e-05 2.43455e-05 3.07839e-05 4.31356e-05 5.25524e-05 6.71015e-05 9.54997e-05 0.000125988 0.000188815 0.000290413 0.000427044 0.000657749 0.000962094 0.00138934 0.00198213 0.0027389 0.00374167 0.00499295 0.00653591 0.00839424 0.0105663 0.0130504 0.0157885 0.0187094 0.0216597 0.0244719 0.0269071 0.0287598 0.029794 0.0298211 0.0287478 0.0264498 0.0229831 0.0184573 0.013076 0.00713937 0.00103513 -0.00489441 -0.0103131 -0.0148865 -0.0184452 -0.0208528 -0.0221373 -0.022374 -0.0217181 -0.0203595 -0.0185602 -0.0165119 -0.0143805 -0.0123482 -0.0104804 -0.00883925 -0.00744052 -0.00629806 -0.00534973 -0.00461087 -0.00400979 -0.0035158 -0.0031149 -0.00280506 -0.00252851 -0.00228396 -0.0020815 -0.00189598 -0.0017348 -0.00158933 -0.00145237 -0.00130943 -0.00120969 -0.00110668 -0.000996206 -0.000885996 -0.000819879 -0.000732435 -0.000642649 -0.000559741 -0.000506153 -0.00042737 -0.000357283 -0.000290858 -0.000240345 -0.000170888 -0.00011503 -5.60191e-05 -7.57359e-06 5.40656e-05 0.000102694 0.00015807 0.000204427 0.000263507 0.000308894 0.000361678 0.000409607 0.0004718 0.000514056 0.000567525 0.000624312 0.000691876 0.000731323 0.000794437 0.000866541 0.000938699 0.000983712 0.00106859 0.00115736 0.00123927 0.00131101 0.00142506 0.00153386 0.00164991 0.00177715 0.00192847 0.00208995 0.00229224 0.00252228 0.00277856 0.00311098 0.00353083 0.00404424 0.00467933 0.00550727 0.00651728 0.00777292 0.00927108 0.011008 0.0129307 0.0150007 0.017045 0.0189112 0.0204181 0.0213225 0.0214084 0.0204976 0.0184932 0.0153541 0.0111798 0.00608184 0.000371401 -0.00561692 -0.0115391 -0.0170275 -0.0217513 -0.0254894 -0.028108 -0.0295138 -0.0298014 -0.029052 -0.027451 -0.0252086 -0.0225388 -0.0196719 -0.0167835 -0.0140392 -0.0115278 -0.00932178 -0.00741714 -0.0058351 -0.00453775 -0.00348919 -0.00269465 -0.00206799 -0.0016169 -0.00129468 -0.00105305 -0.000900409 -0.000789062 -0.000714841 -0.000672472 -0.000645504 -0.000627604 -0.000624165 -0.000618543 -0.000612578 -0.000616405 -0.000606968 -0.0006086 -0.00060822 -0.000602194 -0.000607152 -0.000602459 -0.000604931 -0.000603493 -0.000600603 -0.000603265 -0.00059887 -0.000602737 -0.000600713 
0 3.50486e-06 4.9787e-06 9.15476e-06 7.97474e-06 1.09847e-05 1.12195e-05 1.09848e-05 1.65103e-05 1.66575e-05 2.21097e-05 2.55041e-05 2.67898e-05 3.31171e-05 3.40288e-05 3.667e-05 4.51343e-05 5.33347e-05 7.07733e-05 0.00010651 0.000150008 0.000229005 0.000348337 0.000511145 0.000771876 0.00112333 0.00161564 0.00229136 0.00315938 0.00429207 0.00570282 0.00743613 0.00951842 0.0119508 0.0147223 0.017763 0.0209828 0.0242153 0.0272757 0.0299191 0.0319162 0.03302 0.0330199 0.0318038 0.0292621 0.0254531 0.0205034 0.0146354 0.00817142 0.00150364 -0.00498479 -0.0109279 -0.0159825 -0.0199603 -0.0227062 -0.0242244 -0.0246057 -0.024013 -0.0226476 -0.0207547 -0.0185518 -0.0162311 -0.0139964 -0.0119216 -0.0100729 -0.0084773 -0.00715497 -0.00606392 -0.00520201 -0.00449919 -0.00391183 -0.00344223 -0.00307512 -0.00275771 -0.00246943 -0.00222913 -0.00201158 -0.00182926 -0.00165982 -0.00149563 -0.00133056 -0.00121434 -0.00109648 -0.000964094 -0.000837791 -0.000756646 -0.000659363 -0.000551299 -0.000456839 -0.000389283 -0.000303673 -0.000218293 -0.000143673 -8.02736e-05 -6.15362e-06 6.24546e-05 0.000127346 0.000187536 0.000252054 0.000311407 0.000371088 0.000428127 0.000488677 0.000543202 0.000599267 0.000657205 0.000719936 0.00077 0.00082643 0.000893193 0.000961048 0.00100717 0.00107395 0.00115678 0.00123033 0.00128119 0.0013717 0.00147311 0.00156006 0.00163757 0.00176105 0.00188645 0.00201545 0.00215179 0.00232063 0.002507 0.00273938 0.00299581 0.00329201 0.0036744 0.0041678 0.00476293 0.00549942 0.00644532 0.00761097 0.00904119 0.0107298 0.01266 0.0147757 0.0170277 0.0192317 0.0212092 0.0227448 0.0236019 0.0235627 0.0224515 0.0201442 0.0166054 0.0119544 0.00634361 8.87899e-05 -0.0064618 -0.0129278 -0.0189239 -0.0240938 -0.0281952 -0.0310771 -0.0326535 -0.0330039 -0.0322202 -0.0304992 -0.0280653 -0.0251587 -0.0220223 -0.0188513 -0.0158197 -0.0130291 -0.01056 -0.00842335 -0.00664011 -0.0051769 -0.00399666 -0.00309007 -0.0023778 -0.00185516 -0.001478 -0.00119994 -0.00102159 -0.000897458 -0.000816141 -0.000768608 -0.000736574 -0.000714028 -0.000703794 -0.000695046 -0.000687138 -0.000688977 -0.000683207 -0.00068299 -0.000684545 -0.000680305 -0.000682029 -0.000678707 -0.000678716 -0.000679657 -0.000678074 -0.000679432 -0.000678227 -0.000678039 -0.00067623 
0 5.95859e-06 -1.4826e-06 1.10318e-05 8.20673e-06 9.17633e-06 1.91392e-05 1.30947e-05 2.04285e-05 2.21097e-05 1.99593e-05 2.67291e-05 2.88694e-05 3.29626e-05 3.66813e-05 4.65951e-05 5.05909e-05 6.55613e-05 9.26025e-05 0.000116812 0.00018519 0.000268975 0.000397152 0.000610743 0.000886109 0.00129973 0.00186519 0.0026124 0.00360427 0.00486758 0.00644782 0.00837133 0.0106903 0.0133685 0.0164048 0.0197443 0.0232215 0.0267198 0.0300012 0.032822 0.034925 0.0360764 0.0360486 0.0346751 0.0319311 0.0278075 0.0224743 0.0161729 0.00925804 0.00209785 -0.00489978 -0.0113049 -0.0168211 -0.0211942 -0.024294 -0.0260577 -0.0266232 -0.0261392 -0.0248127 -0.0228712 -0.0205448 -0.0180796 -0.0156477 -0.0133845 -0.0113205 -0.00953506 -0.0080142 -0.00677691 -0.00577142 -0.00495566 -0.00426837 -0.00371794 -0.00328497 -0.0029129 -0.00258565 -0.0022918 -0.0020485 -0.00182904 -0.00164157 -0.00143722 -0.00126247 -0.00111194 -0.000984408 -0.000822993 -0.000690434 -0.000578646 -0.000476568 -0.000347099 -0.000245516 -0.000153967 -6.55338e-05 3.66541e-05 0.000118728 0.000199447 0.000276302 0.000358329 0.000429702 0.0005027 0.000569777 0.000639788 0.000704537 0.000772187 0.000833672 0.00089744 0.000957259 0.00102502 0.00108557 0.00114587 0.00120441 0.00128086 0.00134332 0.00140324 0.00146908 0.00156267 0.00162971 0.00169854 0.00178386 0.00190045 0.00198315 0.00208018 0.00219736 0.00234682 0.00247712 0.00263329 0.00280645 0.00302815 0.00327755 0.00356731 0.00390173 0.00434128 0.00490402 0.00558533 0.00643302 0.00749579 0.0088282 0.0104231 0.0123042 0.0144064 0.0167125 0.0191026 0.021435 0.0234752 0.0250012 0.0257634 0.0255568 0.0242225 0.0215951 0.0176727 0.0125543 0.00648774 -0.000272536 -0.00732867 -0.0142764 -0.0207144 -0.0262949 -0.0307458 -0.0338582 -0.0356187 -0.0360329 -0.035234 -0.0334164 -0.0308347 -0.0277226 -0.0243283 -0.0209105 -0.0175885 -0.014532 -0.011812 -0.00945081 -0.00746536 -0.00583474 -0.00452909 -0.0034871 -0.00270795 -0.00211108 -0.00167052 -0.00137648 -0.00115133 -0.00101225 -0.000921038 -0.000854307 -0.000819942 -0.000795207 -0.000781107 -0.000769966 -0.000770363 -0.000762666 -0.000760619 -0.000765954 -0.000752024 -0.000761748 -0.000759308 -0.000749633 -0.000763634 -0.000749258 -0.000753062 -0.000759003 -0.000743912 -0.000759185 -0.000751435 
0 -1.48366e-06 9.65231e-06 2.28854e-06 1.11509e-05 1.38906e-05 1.25396e-05 2.20549e-05 2.01878e-05 2.55041e-05 2.67291e-05 3.03629e-05 3.13692e-05 3.21897e-05 4.32395e-05 4.27457e-05 6.42932e-05 8.01373e-05 0.000101643 0.000156424 0.000207192 0.000314663 0.000472904 0.000692522 0.00103391 0.00149581 0.00212608 0.00297121 0.0040744 0.00546741 0.00721998 0.00935871 0.0118765 0.0148237 0.0181211 0.0216952 0.0254512 0.0291742 0.0326436 0.0356143 0.0378124 0.0389622 0.0388779 0.0374002 0.0344351 0.0300407 0.0243757 0.0177047 0.0103717 0.00280679 -0.00458604 -0.0114464 -0.0173972 -0.0221433 -0.0255463 -0.0276123 -0.028402 -0.0280632 -0.0268048 -0.0248576 -0.0224723 -0.0198768 -0.0172825 -0.0148193 -0.0125713 -0.010572 -0.00886482 -0.00745375 -0.00630207 -0.00535287 -0.00456184 -0.00392254 -0.00340551 -0.00298087 -0.00259633 -0.00226132 -0.00196921 -0.00172735 -0.00149384 -0.00127164 -0.0010644 -0.00089486 -0.000730341 -0.000562453 -0.000403782 -0.000272656 -0.000145889 -1.16223e-05 0.000112112 0.000220254 0.000323513 0.00043328 0.000532106 0.000625593 0.000711844 0.000803274 0.000885515 0.000968594 0.00104214 0.00112066 0.0011924 0.0012682 0.00133363 0.00140361 0.00146981 0.00154259 0.00160486 0.0016698 0.00173653 0.00181218 0.00187652 0.00194112 0.00201687 0.00210249 0.00217658 0.00224966 0.00234503 0.00245061 0.00254959 0.00264711 0.00277635 0.00292179 0.0030759 0.00323063 0.00342756 0.003664 0.00394549 0.00425599 0.00464433 0.00513867 0.00577291 0.00654935 0.00750922 0.00870615 0.0101916 0.0119716 0.0140133 0.0162921 0.0187462 0.0212707 0.0236687 0.0257186 0.0271766 0.0278226 0.0274206 0.0257828 0.0228303 0.0185512 0.0130262 0.00647911 -0.000721251 -0.00819962 -0.0155651 -0.0224055 -0.0283443 -0.0330909 -0.0364693 -0.0383727 -0.0388543 -0.0380697 -0.0361994 -0.0334825 -0.0302026 -0.0266119 -0.0229153 -0.0193564 -0.0160505 -0.0130717 -0.0105056 -0.00832357 -0.0065173 -0.00506562 -0.00392447 -0.00303626 -0.00237608 -0.00189714 -0.00153475 -0.00130083 -0.00112993 -0.00101262 -0.000951592 -0.000899199 -0.000877762 -0.000861877 -0.000852091 -0.000846445 -0.000840045 -0.000841767 -0.000832536 -0.000838757 -0.000832463 -0.000829654 -0.000839255 -0.000823725 -0.00083484 -0.000831077 -0.000821968 -0.000837715 -0.000821307 -0.000829869 
0 1.87003e-06 9.84833e-06 6.557e-06 1.48932e-05 1.3654e-05 1.44687e-05 2.1617e-05 1.66686e-05 2.67898e-05 2.88694e-05 3.13692e-05 4.29528e-05 4.21711e-05 5.18508e-05 6.001e-05 6.46321e-05 8.68588e-05 0.000117768 0.000163912 0.000252359 0.000372362 0.000549124 0.000821853 0.00118341 0.00170781 0.00241898 0.00335112 0.00458149 0.00612059 0.00803999 0.0103595 0.0131102 0.0162881 0.019835 0.0236837 0.0276577 0.0315805 0.0352095 0.0382931 0.0405379 0.0417073 0.0415724 0.0399314 0.0367883 0.0321502 0.0262004 0.0192255 0.0115859 0.00365594 -0.00412617 -0.0113289 -0.0176343 -0.0227378 -0.0265099 -0.0288565 -0.0298751 -0.0297215 -0.0285989 -0.0266941 -0.0242685 -0.0215931 -0.0188492 -0.0162209 -0.0137691 -0.0115763 -0.00966206 -0.00808115 -0.00675494 -0.00566689 -0.00476001 -0.0040203 -0.00341321 -0.00291623 -0.00248036 -0.00208514 -0.00175765 -0.00146598 -0.00120131 -0.000939339 -0.000719105 -0.000503005 -0.000316957 -0.000122681 4.53734e-05 0.000217602 0.000357302 0.000511518 0.000646269 0.000784959 0.00089626 0.00102357 0.00113275 0.00124627 0.00133938 0.00144584 0.00153515 0.00163146 0.00171116 0.00180102 0.00187642 0.00196213 0.00203083 0.00210914 0.00217693 0.00225738 0.00231766 0.00239137 0.00245805 0.00253818 0.00259546 0.00267369 0.00274573 0.00283251 0.00289839 0.00299134 0.00307683 0.00318463 0.0032791 0.00339861 0.00351578 0.00367294 0.00382834 0.00400412 0.00420405 0.00446987 0.00476731 0.00511441 0.00555203 0.00611064 0.00681691 0.00768982 0.00877939 0.0101069 0.0117578 0.0136959 0.0159121 0.0183358 0.0209268 0.0235146 0.0259499 0.0279698 0.0293084 0.0297509 0.0291058 0.0272015 0.0238976 0.0192255 0.0132891 0.00638828 -0.00119928 -0.00907434 -0.0168023 -0.0239714 -0.0302255 -0.035244 -0.0388105 -0.0408999 -0.0414816 -0.0407176 -0.0388088 -0.0360051 -0.0325798 -0.0288014 -0.0249211 -0.0211174 -0.0175717 -0.0143631 -0.0115704 -0.0091921 -0.00722444 -0.00564137 -0.00436629 -0.00339833 -0.00265186 -0.00209763 -0.0017137 -0.00143206 -0.00124808 -0.00112958 -0.00104522 -0.000993587 -0.000964818 -0.000937227 -0.000928044 -0.00092365 -0.000912195 -0.000917672 -0.000911772 -0.000910335 -0.000912777 -0.000904658 -0.000909212 -0.00090595 -0.000905759 -0.000908693 -0.000905439 -0.000907944 -0.000904377 -0.000904748 
0 1.45127e-07 9.07679e-06 4.06554e-06 1.436e-05 1.52169e-05 1.74051e-05 2.81018e-05 2.33246e-05 3.31171e-05 3.29626e-05 3.21897e-05 4.21711e-05 4.1043e-05 5.35561e-05 6.56884e-05 8.1044e-05 0.000111919 0.000148182 0.000204899 0.000296855 0.000430307 0.00063329 0.000938566 0.00135616 0.00194803 0.00273856 0.00377094 0.0051217 0.00680454 0.00890191 0.0114294 0.0143984 0.0178141 0.021593 0.0256567 0.0298384 0.0339363 0.0376988 0.0408662 0.0431408 0.0442746 0.0440604 0.0423061 0.0390013 0.0341631 0.0279833 0.0207618 0.012855 0.00466517 -0.00338803 -0.0109089 -0.0175571 -0.022986 -0.0270661 -0.0297266 -0.0310281 -0.0311033 -0.0301335 -0.0283176 -0.0259162 -0.0231942 -0.0203321 -0.017541 -0.0149063 -0.0125104 -0.0103964 -0.0086184 -0.00711027 -0.00586056 -0.00482786 -0.00397064 -0.00326108 -0.0026787 -0.00217636 -0.00172184 -0.00134418 -0.00100195 -0.000689637 -0.000396493 -0.000146694 0.000108662 0.000332755 0.000544348 0.000736677 0.00093987 0.00110771 0.00127431 0.00143135 0.00159123 0.00172339 0.00186211 0.00198952 0.00211559 0.00222574 0.00234199 0.00244388 0.00254721 0.00264139 0.00273744 0.0028207 0.00291025 0.00298994 0.00307047 0.00314374 0.00322486 0.00329154 0.00336565 0.00343697 0.00351282 0.00357282 0.00365311 0.00372812 0.00380478 0.00387316 0.00397173 0.00405661 0.00415204 0.0042522 0.0043796 0.00449497 0.00464666 0.00481146 0.00499878 0.00520897 0.00549055 0.00580887 0.00619148 0.00668074 0.00730504 0.00808285 0.00905965 0.0102746 0.0117459 0.0135473 0.0156456 0.0180059 0.0205601 0.0232493 0.0258781 0.0282819 0.0302013 0.0313818 0.0316033 0.0306733 0.0284245 0.0247761 0.0197635 0.0134697 0.00619933 -0.00172279 -0.00989993 -0.0179222 -0.0253729 -0.0318969 -0.0371615 -0.0409411 -0.0431801 -0.0438608 -0.0431541 -0.0412507 -0.0383969 -0.03487 -0.0309407 -0.0268596 -0.0228449 -0.0190792 -0.0156491 -0.0126542 -0.0100847 -0.00794381 -0.00621469 -0.00482291 -0.00375841 -0.00294371 -0.00233615 -0.00190285 -0.00158819 -0.00137131 -0.00122879 -0.001133 -0.00107203 -0.00104243 -0.00101581 -0.00100629 -0.00100108 -0.000990344 -0.00099402 -0.000985158 -0.000986953 -0.000989107 -0.00098268 -0.000989389 -0.000982047 -0.000982211 -0.00098169 -0.000975704 -0.000981398 -0.00097683 -0.000981805 
0 1.33037e-07 1.24075e-05 5.9531e-06 1.62672e-05 1.80478e-05 1.73779e-05 2.74e-05 2.43455e-05 3.40288e-05 3.66813e-05 4.32395e-05 5.18508e-05 5.35561e-05 6.92289e-05 7.19002e-05 9.66023e-05 0.000125957 0.000162199 0.00024796 0.000344899 0.000510495 0.000753834 0.00108232 0.00156528 0.00221584 0.00308799 0.00423332 0.00571034 0.00754759 0.00981471 0.0125483 0.0157186 0.019368 0.0233825 0.0276485 0.032029 0.0362655 0.040128 0.0433383 0.0456275 0.0467166 0.0464078 0.0445468 0.0410748 0.036074 0.0297192 0.0223311 0.0142273 0.00583775 -0.00242418 -0.0101955 -0.0171022 -0.0228339 -0.0272135 -0.0302015 -0.0317888 -0.032121 -0.0313457 -0.0296679 -0.0273368 -0.0245956 -0.0216582 -0.0187174 -0.0159184 -0.0133156 -0.0110114 -0.0090175 -0.00732195 -0.00589291 -0.00472197 -0.00373503 -0.0029122 -0.00223319 -0.00164902 -0.00113707 -0.000694637 -0.00030146 7.22512e-05 0.000391566 0.000687613 0.000975254 0.0012509 0.00147704 0.00170755 0.00193302 0.00214223 0.00231978 0.00250843 0.00268297 0.00284721 0.0029958 0.00314727 0.00328196 0.00341721 0.00354129 0.00365953 0.003767 0.003881 0.00398082 0.00407431 0.00416419 0.00425912 0.00433824 0.0044182 0.00449507 0.00457307 0.00464118 0.00471786 0.00478317 0.00485226 0.0049238 0.00500378 0.00506279 0.00514068 0.00522994 0.00531967 0.00539286 0.00550485 0.00562521 0.00574751 0.00588049 0.00606034 0.00625061 0.00647921 0.00676475 0.00711151 0.00753133 0.0080775 0.00876927 0.00962495 0.0107141 0.0120553 0.0136823 0.01562 0.0178752 0.0203572 0.0230268 0.0257611 0.0283923 0.0307091 0.0324764 0.0334356 0.0333785 0.0321334 0.0295218 0.0255218 0.0201501 0.0135409 0.00595409 -0.00223287 -0.0106631 -0.0189323 -0.0266124 -0.0333505 -0.0388082 -0.0427925 -0.0451748 -0.0459866 -0.0453603 -0.0434844 -0.040607 -0.0370118 -0.032982 -0.0287343 -0.0245528 -0.02058 -0.0169362 -0.0137438 -0.0109866 -0.00868386 -0.00680717 -0.00530807 -0.00412781 -0.0032334 -0.00256797 -0.00206767 -0.00173577 -0.00149089 -0.00132914 -0.00123471 -0.00115745 -0.00112367 -0.00109541 -0.00108019 -0.00107223 -0.00106567 -0.00106917 -0.00105834 -0.00106556 -0.00105904 -0.00105445 -0.00106477 -0.00105023 -0.00106279 -0.00106099 -0.00105315 -0.00106831 -0.00105091 -0.00105773 
0 3.37122e-06 8.97979e-06 1.06087e-05 1.64581e-05 2.04479e-05 2.18236e-05 3.12158e-05 3.07839e-05 3.667e-05 4.65951e-05 4.27457e-05 6.001e-05 6.56884e-05 7.19002e-05 0.000104213 0.000112626 0.000154046 0.000214506 0.000281345 0.000423279 0.000602193 0.000869386 0.0012646 0.00178981 0.00251927 0.003487 0.00474744 0.00634785 0.00835897 0.0108081 0.0137198 0.0171379 0.0209825 0.0252071 0.0296848 0.0342101 0.0385665 0.0425014 0.0457424 0.0479862 0.0490324 0.0486352 0.0466416 0.0430532 0.0379281 0.0314582 0.0239398 0.0157513 0.00723268 -0.00119746 -0.00913529 -0.016235 -0.0222239 -0.0269279 -0.0302142 -0.0321113 -0.0327198 -0.0321958 -0.0306956 -0.0284703 -0.0257595 -0.022774 -0.0197228 -0.0167479 -0.0139669 -0.0114501 -0.00924857 -0.00733377 -0.00572387 -0.00438222 -0.00325807 -0.00230502 -0.0015117 -0.000836062 -0.000250655 0.000255852 0.000722416 0.00114601 0.00151707 0.00184822 0.00218947 0.00249829 0.00276845 0.00302071 0.00328739 0.00352157 0.00373583 0.00393901 0.00414516 0.00432853 0.00450592 0.00466713 0.00482523 0.00497448 0.00511994 0.00524342 0.00536735 0.00549041 0.00560519 0.00569888 0.00579964 0.00589864 0.00598754 0.00606211 0.00614567 0.00622275 0.00629695 0.00636237 0.0064316 0.00649499 0.0065705 0.00663413 0.00669545 0.00676335 0.00685639 0.00692776 0.00700176 0.00710117 0.00722852 0.00733684 0.00746954 0.00764164 0.00784905 0.00808178 0.00837827 0.00874578 0.00921118 0.00981364 0.0105692 0.0115159 0.0127078 0.0141895 0.0159539 0.0180372 0.020406 0.0230099 0.025747 0.0284961 0.0310583 0.0332411 0.0348066 0.0354899 0.0351035 0.0334922 0.0305416 0.0261669 0.0204476 0.0135456 0.00573585 -0.00268285 -0.0113268 -0.0197614 -0.0276209 -0.0345344 -0.0401785 -0.0443142 -0.0468785 -0.0478364 -0.0472999 -0.0454971 -0.0426437 -0.0390175 -0.0348944 -0.030554 -0.0261925 -0.0220327 -0.0182205 -0.014811 -0.0118851 -0.00942331 -0.0074009 -0.00577493 -0.00450743 -0.00352817 -0.00278704 -0.00226677 -0.00187117 -0.00160988 -0.00143955 -0.00130591 -0.00124426 -0.00119292 -0.0011615 -0.00115624 -0.00113956 -0.00113757 -0.00113759 -0.0011342 -0.00113449 -0.00113619 -0.00113516 -0.00113314 -0.0011372 -0.00113117 -0.00113241 -0.00113474 -0.00112771 -0.00113542 -0.00113249 
0 6.48053e-06 5.39513e-06 1.6605e-05 1.58233e-05 2.21325e-05 3.07891e-05 2.94224e-05 4.31356e-05 4.51343e-05 5.05909e-05 6.42932e-05 6.46321e-05 8.1044e-05 9.66023e-05 0.000112626 0.000150789 0.000193393 0.00026037 0.000365077 0.000504978 0.0007193 0.00103037 0.00145917 0.0020641 0.00287519 0.0039404 0.0053217 0.00706757 0.00923416 0.0118652 0.0150011 0.0186158 0.0226834 0.0271174 0.0317472 0.0364142 0.0408717 0.0448521 0.048081 0.0503041 0.0512502 0.0507317 0.0486598 0.0449623 0.0397519 0.0332203 0.02566 0.0173994 0.00884203 0.000372783 -0.00767966 -0.0149553 -0.0211702 -0.0261002 -0.0297017 -0.0319348 -0.0328592 -0.0325827 -0.0313044 -0.0292417 -0.0265999 -0.0236102 -0.0204573 -0.0173473 -0.0143793 -0.0116719 -0.00923371 -0.00711184 -0.00528932 -0.00377084 -0.0024845 -0.00139405 -0.000469322 0.000313559 0.000976758 0.00156857 0.00210219 0.00259589 0.00301072 0.0034055 0.0037802 0.0041465 0.00444818 0.00474971 0.00503524 0.00531944 0.00555601 0.00579672 0.00601625 0.00624031 0.00643168 0.00662171 0.00678958 0.00696897 0.00712186 0.00726727 0.00739591 0.00753993 0.00765679 0.00776601 0.00786485 0.0079786 0.00806417 0.00814782 0.0082226 0.00831143 0.00837558 0.00844423 0.0084992 0.00857338 0.00863069 0.00869405 0.00873794 0.00881499 0.00888322 0.00895517 0.0090099 0.00911475 0.0092194 0.00933343 0.00944723 0.00962493 0.00982992 0.0100801 0.0103771 0.0107732 0.0112857 0.0119442 0.0127713 0.0138072 0.0151201 0.0167222 0.0186391 0.0208387 0.023325 0.0259982 0.0287811 0.0314869 0.0339486 0.0359236 0.0372094 0.0375858 0.036849 0.0348387 0.0314646 0.0267555 0.02074 0.0135851 0.00552901 -0.00304813 -0.0118087 -0.0203798 -0.028371 -0.0354153 -0.0412096 -0.0455354 -0.0482302 -0.0493438 -0.0489602 -0.0472509 -0.044457 -0.0408469 -0.0366818 -0.0322289 -0.027759 -0.0234399 -0.0194468 -0.0158762 -0.0127698 -0.010145 -0.00798075 -0.00624345 -0.00486641 -0.0038146 -0.00302049 -0.00242749 -0.00201194 -0.00171581 -0.00151303 -0.00138987 -0.00130651 -0.00125592 -0.00123339 -0.00121316 -0.00120775 -0.00120642 -0.00119968 -0.00120577 -0.00120448 -0.00120447 -0.00120973 -0.00120617 -0.00120845 -0.00120817 -0.00120608 -0.00120774 -0.00120678 -0.00120823 -0.00120874 
0 7.32146e-06 5.72168e-06 1.97742e-05 1.89514e-05 2.81189e-05 3.71661e-05 3.66664e-05 5.25524e-05 5.33347e-05 6.55613e-05 8.01373e-05 8.68588e-05 0.000111919 0.000125957 0.000154046 0.000193393 0.000242247 0.000328067 0.000443508 0.000620897 0.000875963 0.0012307 0.00172441 0.00239565 0.00328787 0.00446131 0.00597354 0.00786677 0.010218 0.0130393 0.0163681 0.020202 0.0244655 0.0290924 0.033896 0.0386837 0.0432096 0.0472054 0.0504062 0.0525546 0.0534203 0.052806 0.0506268 0.0468385 0.0415811 0.035041 0.0274911 0.0192803 0.0107413 0.00224711 -0.00584057 -0.0131781 -0.0195548 -0.0247436 -0.0286395 -0.0311864 -0.0324184 -0.0324506 -0.0314347 -0.0295628 -0.0270282 -0.0240743 -0.0208662 -0.0176302 -0.0145006 -0.0115919 -0.00893234 -0.00658325 -0.00454687 -0.00282219 -0.00136693 -0.000118337 0.000947825 0.00185182 0.00260824 0.00329287 0.00390511 0.00446532 0.00494478 0.00539967 0.00582184 0.00623439 0.00658997 0.0069312 0.00725199 0.00757337 0.00785185 0.00811887 0.00836911 0.00862082 0.00884158 0.00905042 0.00924441 0.00944043 0.0096131 0.00977225 0.0099197 0.0100703 0.0102006 0.0103176 0.0104264 0.0105396 0.0106336 0.010717 0.0107938 0.0108784 0.010945 0.0110042 0.0110566 0.0111247 0.011176 0.0112231 0.0112638 0.011332 0.0113857 0.0114411 0.0114926 0.0115848 0.0116737 0.0117794 0.0118884 0.0120584 0.0122648 0.0125268 0.0128318 0.0132572 0.0138188 0.0145406 0.015437 0.0165772 0.0180045 0.0197377 0.0217843 0.0240996 0.0266655 0.0293949 0.0321723 0.0347826 0.0370725 0.0388019 0.0397704 0.0397612 0.0386147 0.0361929 0.0324403 0.0273598 0.0210275 0.0136629 0.00547195 -0.003231 -0.0120998 -0.0207425 -0.0288188 -0.0359548 -0.0418656 -0.0463397 -0.04922 -0.0505155 -0.0502836 -0.0487062 -0.0460039 -0.0424425 -0.0382781 -0.0337902 -0.0292176 -0.0247612 -0.0206211 -0.0168744 -0.0136143 -0.0108471 -0.00854478 -0.00668929 -0.00521174 -0.0040684 -0.00320591 -0.00257177 -0.00211442 -0.00180331 -0.00158775 -0.00144656 -0.00136459 -0.00130496 -0.0012821 -0.00126486 -0.00125934 -0.001266 -0.00126003 -0.00126976 -0.00126806 -0.00126785 -0.00127507 -0.00127023 -0.00127952 -0.00128029 -0.00128247 -0.00128878 -0.00128354 -0.00128796 -0.00128331 
