0 0 0 0 0 0 0 0 0 0 0 0 0 0 0 0 0 0 0 0 0 0 0 0 0 0 0 0 0 0 0 0 0 0 0 0 0 0 0 0 0 0 0 0 0 0 0 0 0 0 0 0 0 0 0 0 0 0 0 0 0 0 0 0 0 0 0 0 0 0 0 0 0 0 0 0 0 0 0 0 0 0 0 0 0 0 0 0 0 0 0 0 0 0 0 0 0 0 0 0 0 0 0 0 0 0 0 0 0 0 0 0 0 0 0 0 0 0 0 0 0 0 0 0 0 0 0 0 0 0 0 0 0 0 0 0 0 0 0 0 0 0 0 0 0 0 0 0 0 0 0 0 0 0 0 0 0 0 0 0 0 0 0 0 0 0 0 0 0 0 0 0 0 0 0 0 0 0 0 0 0 0 0 0 0 0 0 0 0 0 0 0 0 0 0 0 0 0 0 0 
0 -2.09051e-06 3.38233e-06 -3.79907e-06 1.58303e-06 4.30814e-06 2.87594e-06 9.0032e-06 6.17465e-06 7.25372e-06 3.58096e-06 3.03358e-06 4.99022e-06 1.17547e-06 1.27713e-05 1.05147e-05 1.04615e-05 1.88234e-05 6.45124e-06 9.73191e-06 1.30919e-05 8.22579e-06 1.39438e-05 1.68685e-05 1.40891e-05 8.45556e-06 1.83815e-05 1.69116e-05 1.37246e-05 3.24181e-05 2.16602e-05 1.27192e-05 2.48809e-05 1.98507e-05 1.84742e-05 2.8178e-05 2.69795e-05 1.62763e-05 1.80776e-05 3.12564e-05 3.55952e-05 2.95346e-05 2.29313e-05 3.48561e-05 4.70722e-05 3.71117e-05 4.27936e-05 5.67206e-05 6.65872e-05 8.55164e-05 0.000116379 0.000157941 0.000214835 0.000307107 0.000410719 0.000554624 0.000741859 0.000965551 0.00123743 0.00156683 0.00195137 0.00236815 0.00283869 0.00331056 0.0037621 0.00415407 0.0044635 0.00463113 0.00464407 0.00449217 0.00414106 0.00359661 0.00287387 0.00202346 0.00106588 0.00010337 -0.000819308 -0.00164084 -0.00235032 -0.00287524 -0.0032176 -0.00336847 -0.00335978 -0.00320372 -0.00296128 -0.00266426 -0.00232966 -0.00197701 -0.00165021 -0.00137729 -0.00113538 -0.000918751 -0.000732156 -0.0005999 -0.000489422 -0.000393217 -0.000297573 -0.000231934 -0.0001714 -0.000116259 -4.48507e-05 1.11701e-05 6.92852e-05 0.00012761 0.000215499 0.000304459 0.000404405 0.000518119 0.000683725 0.000880579 0.00110325 0.00135152 0.00165592 0.00199572 0.00233185 0.0026392 0.00290678 0.00310533 0.00317625 0.00309943 0.00284235 0.00240434 0.00177531 0.00102067 0.000151828 -0.000776555 -0.00172727 -0.00259497 -0.00335527 -0.00395161 -0.00436666 -0.00458046 -0.00462964 -0.00451875 -0.00426031 -0.00390468 -0.00348154 -0.00302607 -0.0025603 -0.00214165 -0.00175125 -0.0014134 -0.00112935 -0.000898613 -0.000700803 -0.000548017 -0.000436216 -0.000338221 -0.000274729 -0.000226806 -0.000191117 -0.000167228 -0.000159757 -0.000142043 -0.000127762 -0.000137658 -0.000136256 -0.000126093 -0.00011917 -0.000124335 -0.000134986 -0.000130376 -0.000117694 -0.000120288 -0.000130345 -0.000121632 -0.00012074 -0.000129615 -0.000111397 -0.00010972 -0.000122791 -0.000114377 -0.00011546 -0.000118632 -0.000113679 -0.000109603 -0.000115736 -0.000119475 -0.000112503 -0.000119814 -0.000113636 -0.000105829 -0.000111499 -0.000106067 -0.000109914 -0.000111564 -0.000112623 -0.00011276 -0.000108046 -0.00011407 -0.000104948 -0.000108458 -0.000113518 -0.00010109 -0.000114583 -0.000107933 -0.000102312 -0.000117055 -0.00010272 -0.000109249 
0 3.38233e-06 4.57685e-06 5.107e-06 9.37339e-06 4.21516e-06 2.8924e-06 6.70972e-06 2.34921e-06 8.49003e-06 1.70984e-05 1.45264e-05 1.96555e-05 2.39734e-05 9.30619e-06 1.46154e-05 1.92898e-05 3.92432e-06 2.95116e-05 2.76451e-05 1.54078e-05 4.18912e-05 1.91212e-05 2.34676e-05 3.99291e-05 2.75891e-05 4.01812e-05 3.17506e-05 3.4611e-05 2.58562e-05 2.91919e-05 5.04879e-05 3.86106e-05 4.81871e-05 4.35602e-05 4.95078e-05 4.27788e-05 5.60059e-05 7.95267e-05 3.68948e-05 4.96548e-05 6.39143e-05 6.90249e-05 6.13196e-05 6.00041e-05 7.86076e-05 8.20215e-05 0.000117188 0.000119775 0.000174266 0.000239538 0.000319414 0.000445569 0.00061382 0.00084355 0.00111379 0.00150192 0.00193653 0.00248805 0.00314114 0.00390166 0.00474275 0.00566197 0.00661465 0.00749308 0.00828967 0.00888238 0.00923094 0.00924367 0.00894644 0.0082419 0.00716138 0.00572961 0.00403197 0.00214477 0.000220009 -0.00159958 -0.00325335 -0.00464426 -0.00571091 -0.00637863 -0.00670452 -0.00667551 -0.00639105 -0.00589916 -0.00532406 -0.00464745 -0.0039612 -0.00330258 -0.00276204 -0.00226952 -0.00184268 -0.00146725 -0.00120128 -0.000974799 -0.000782377 -0.000593047 -0.00045916 -0.000336279 -0.000223325 -8.42811e-05 2.98019e-05 0.000147326 0.000267725 0.000441213 0.00061907 0.000822966 0.0010536 0.00138671 0.00177497 0.00222707 0.00272083 0.00333467 0.00399741 0.00467518 0.00527304 0.00581418 0.00618439 0.00633516 0.00615645 0.0056558 0.00475918 0.00352626 0.00200222 0.000287932 -0.00157505 -0.00344838 -0.00518611 -0.00669111 -0.00788067 -0.00870876 -0.00913462 -0.00924243 -0.00900944 -0.00851482 -0.00779069 -0.00696668 -0.006042 -0.00513285 -0.00428038 -0.00350956 -0.00283056 -0.00225788 -0.00180025 -0.00139291 -0.00110328 -0.00085821 -0.000680573 -0.000537246 -0.000457652 -0.000386165 -0.000329704 -0.000317413 -0.000286462 -0.000291191 -0.000268158 -0.000259788 -0.000256913 -0.000276114 -0.000260917 -0.000225735 -0.000256593 -0.000248899 -0.000248186 -0.000238752 -0.000238387 -0.000238645 -0.000229039 -0.000250777 -0.000240806 -0.000240616 -0.000229843 -0.000233565 -0.000237672 -0.000220393 -0.000246428 -0.00022428 -0.000214906 -0.000233627 -0.000210911 -0.000224204 -0.000233834 -0.000223709 -0.000228384 -0.000226777 -0.000218019 -0.000215514 -0.000221861 -0.000214537 -0.000217926 -0.000224876 -0.000213464 -0.000220502 -0.000220577 -0.000211975 -0.000221423 -0.00021753 -0.000211977 -0.000220799 -0.000216167 
0 -3.79907e-06 5.107e-06 -6.887e-07 6.39527e-06 1.02433e-05 1.03334e-05 1.86376e-05 1.54088e-05 1.8001e-05 1.47981e-05 1.39421e-05 1.81913e-05 1.59356e-05 2.89549e-05 2.9682e-05 3.13204e-05 3.88218e-05 2.91452e-05 3.20681e-05 3.46487e-05 3.52951e-05 3.90861e-05 4.46603e-05 4.53689e-05 3.66156e-05 5.18475e-05 5.08995e-05 4.96263e-05 7.21189e-05 6.04718e-05 5.37647e-05 6.5731e-05 6.29499e-05 6.29876e-05 7.60713e-05 7.48454e-05 6.45138e-05 7.23134e-05 8.32852e-05 9.40131e-05 9.11597e-05 8.39893e-05 0.000101731 0.000120365 0.000117548 0.000132371 0.000167994 0.000200815 0.00026273 0.000357148 0.000483586 0.000666228 0.000929188 0.00125716 0.00168775 0.00224696 0.0029204 0.00373977 0.00472311 0.00585998 0.00711642 0.00849346 0.00989223 0.011218 0.0123791 0.0132713 0.0137683 0.0138024 0.0133357 0.012293 0.0106818 0.00855717 0.00603627 0.00323642 0.000389449 -0.00233223 -0.00478335 -0.00686857 -0.00844699 -0.00947614 -0.00996059 -0.0099554 -0.00953722 -0.00884076 -0.00797406 -0.00699018 -0.00596519 -0.0050026 -0.00417372 -0.0034418 -0.00279389 -0.00224314 -0.00182623 -0.00148483 -0.00118719 -0.000913054 -0.000701784 -0.000516059 -0.000338448 -0.000139422 3.79691e-05 0.000215262 0.000407169 0.000658327 0.000931368 0.00123798 0.00160234 0.00209228 0.00268062 0.0033521 0.00411248 0.00501363 0.00600483 0.00699272 0.00789585 0.00867082 0.00921899 0.00940745 0.00914405 0.00836327 0.00703778 0.00518666 0.00293208 0.000364038 -0.00238909 -0.00517013 -0.00774425 -0.00997993 -0.0117463 -0.0129728 -0.013626 -0.0137737 -0.0134452 -0.0126994 -0.0116485 -0.0104035 -0.00905172 -0.00769005 -0.00642691 -0.00527218 -0.00426111 -0.00340912 -0.00270845 -0.00212019 -0.0016624 -0.00131131 -0.00103018 -0.000828484 -0.000687214 -0.00058052 -0.000508831 -0.000473556 -0.000431493 -0.000405208 -0.000407597 -0.000400733 -0.000382232 -0.000376241 -0.000378999 -0.000385299 -0.000382997 -0.000364758 -0.000366763 -0.000375733 -0.000366043 -0.000363213 -0.000369648 -0.000349525 -0.000344395 -0.00035947 -0.000346867 -0.000348703 -0.000351583 -0.000341124 -0.000340793 -0.000344122 -0.000347014 -0.000342361 -0.000345935 -0.000338871 -0.000329952 -0.000333564 -0.000327172 -0.000331938 -0.0003328 -0.000333165 -0.000334627 -0.000327323 -0.000333508 -0.000324489 -0.000325858 -0.0003321 -0.000318721 -0.000331415 -0.000325293 -0.000320134 -0.00033356 -0.000316607 -0.000326878 
0 1.58303e-06 9.37339e-06 6.39527e-06 9.18562e-06 1.18163e-05 1.09413e-05 1.60259e-05 1.66224e-05 2.07707e-05 2.49442e-05 2.66412e-05 3.08413e-05 3.05856e-05 3.26737e-05 3.38178e-05 3.50124e-05 3.97577e-05 4.23251e-05 4.65593e-05 4.95113e-05 5.21757e-05 5.33319e-05 5.65779e-05 6.11083e-05 6.07725e-05 6.7563e-05 6.80314e-05 6.65369e-05 7.46625e-05 7.46702e-05 7.88186e-05 8.7159e-05 8.72226e-05 8.97045e-05 9.62183e-05 9.83851e-05 0.000102708 0.00010938 0.000108252 0.000112647 0.00012051 0.000122919 0.000131582 0.000143931 0.000154812 0.000180498 0.000220868 0.000271398 0.000356769 0.000485259 0.000660691 0.000910152 0.00125601 0.0017024 0.0022817 0.00302086 0.00392375 0.00501734 0.00632162 0.00782378 0.00949508 0.0113014 0.0131387 0.0148808 0.0164021 0.0175606 0.0182094 0.018251 0.0176175 0.0162397 0.0141186 0.0113305 0.00801364 0.00435363 0.000613186 -0.00297021 -0.00620988 -0.00895347 -0.0110515 -0.0124337 -0.0131062 -0.0131324 -0.0126231 -0.0117354 -0.0106049 -0.00932142 -0.00798742 -0.00672538 -0.00561103 -0.0046303 -0.00376758 -0.00303989 -0.0024652 -0.00199798 -0.00159304 -0.00123577 -0.000942238 -0.000687679 -0.00044145 -0.000186374 5.69543e-05 0.000299279 0.000569026 0.000896001 0.00126521 0.0016835 0.00219057 0.00283982 0.0036227 0.00452145 0.00554953 0.00673661 0.00803021 0.00932 0.0105038 0.0115004 0.0121847 0.0123998 0.012019 0.0109599 0.00918977 0.00674959 0.00376605 0.000377954 -0.00324647 -0.00688552 -0.0102742 -0.0132103 -0.0155364 -0.0171536 -0.0180344 -0.0182323 -0.0178046 -0.016836 -0.015461 -0.0138222 -0.0120449 -0.0102583 -0.00857742 -0.00704863 -0.00570599 -0.00456899 -0.0036256 -0.0028475 -0.00223218 -0.00175537 -0.00138425 -0.00111247 -0.000920984 -0.000780691 -0.000684761 -0.00062832 -0.000585441 -0.00055667 -0.000542894 -0.00052942 -0.000519928 -0.00051743 -0.000508765 -0.000501499 -0.000500951 -0.000494972 -0.000491137 -0.000490164 -0.000483035 -0.000478997 -0.00048184 -0.000476599 -0.000474216 -0.000475388 -0.000467173 -0.000466417 -0.000465741 -0.000461356 -0.000460701 -0.000457308 -0.000453852 -0.000450872 -0.000450377 -0.000449111 -0.00044907 -0.000449357 -0.000446313 -0.000446106 -0.000442047 -0.000441002 -0.000440394 -0.000436973 -0.000440243 -0.000436393 -0.000436647 -0.000438359 -0.000432832 -0.000437257 -0.000433185 -0.000432423 -0.00043854 -0.000430094 -0.000434087 
0 4.30814e-06 4.21516e-06 1.02433e-05 1.18163e-05 1.53437e-05 1.73854e-05 1.81708e-05 2.25367e-05 2.27982e-05 3.17757e-05 3.25264e-05 3.48844e-05 4.53289e-05 3.56762e-05 4.44251e-05 4.95795e-05 4.08611e-05 5.94927e-05 5.83567e-05 5.65636e-05 6.99517e-05 6.5156e-05 6.74383e-05 7.51662e-05 8.19693e-05 7.99444e-05 8.48821e-05 9.45474e-05 8.19505e-05 9.46547e-05 0.000107994 0.000101193 0.00011049 0.000115737 0.000116195 0.000116804 0.00013219 0.000142757 0.000131273 0.000136458 0.000150478 0.00016474 0.000165405 0.000172464 0.000202882 0.000231858 0.000279061 0.000346787 0.000458086 0.000617785 0.000843543 0.00116364 0.00158898 0.00216171 0.00288818 0.00381153 0.00494414 0.00631627 0.00793725 0.00979893 0.0118791 0.0140941 0.0163522 0.0184858 0.0203486 0.0217472 0.0225384 0.0225771 0.0217743 0.0200678 0.0174591 0.0140402 0.00996762 0.00550135 0.000911576 -0.00349411 -0.00749774 -0.0108728 -0.0134875 -0.0152272 -0.0161124 -0.016196 -0.0156373 -0.0145881 -0.0132225 -0.0116614 -0.0100465 -0.00849764 -0.00709938 -0.00586503 -0.00478976 -0.00388346 -0.0031423 -0.00253837 -0.00202173 -0.00158031 -0.00119926 -0.000869072 -0.000550364 -0.000240201 7.17704e-05 0.000385254 0.000738652 0.00114211 0.00161033 0.00214968 0.00280929 0.00362071 0.00459629 0.00572719 0.00702524 0.00849063 0.0100629 0.0116349 0.0130749 0.014267 0.0150483 0.015263 0.0147383 0.0133926 0.0111755 0.00816879 0.00447717 0.000304793 -0.00415096 -0.00859391 -0.0127555 -0.016355 -0.0192148 -0.0212097 -0.0223171 -0.0225717 -0.0220512 -0.0208825 -0.0192015 -0.0171941 -0.0150096 -0.0128225 -0.0107327 -0.00884008 -0.00717244 -0.00575122 -0.00456598 -0.00359627 -0.00282605 -0.00221574 -0.00175815 -0.00140983 -0.00116496 -0.00098926 -0.000866931 -0.000785338 -0.000734504 -0.000708321 -0.000673808 -0.000656328 -0.000652092 -0.000651827 -0.000638104 -0.000618741 -0.000625062 -0.00062623 -0.000617399 -0.000606302 -0.000608182 -0.000604841 -0.000591058 -0.000603792 -0.000598482 -0.000584019 -0.000587623 -0.000583706 -0.000578594 -0.000576178 -0.000581054 -0.000570068 -0.000563559 -0.000572238 -0.000557813 -0.00056238 -0.000567635 -0.000555572 -0.000561144 -0.000556015 -0.00055133 -0.000551723 -0.000549535 -0.000550845 -0.000545666 -0.000550759 -0.000546082 -0.000541598 -0.000550597 -0.000539838 -0.000543805 -0.000546289 -0.000535317 -0.000547396 -0.00054074 
0 2.87594e-06 2.8924e-06 1.03334e-05 1.09413e-05 1.73854e-05 2.4721e-05 2.36867e-05 3.37509e-05 3.44662e-05 2.88048e-05 3.84918e-05 3.73926e-05 3.65565e-05 5.67863e-05 5.50956e-05 5.64592e-05 7.61391e-05 5.74331e-05 6.40118e-05 7.95241e-05 6.21715e-05 8.65012e-05 8.94528e-05 8.22105e-05 9.51175e-05 9.14384e-05 0.000105025 0.000104908 0.000122302 0.000126159 0.000110582 0.000128458 0.000127199 0.000136841 0.00013912 0.000155092 0.000148626 0.000133305 0.000180437 0.000179667 0.000178457 0.000180942 0.000204122 0.000230417 0.0002438 0.000288151 0.000331469 0.000443184 0.000562663 0.000756559 0.00104017 0.00142337 0.00194801 0.00262716 0.00352602 0.00461531 0.00599719 0.00763543 0.00957502 0.0117911 0.0142578 0.0168754 0.0195104 0.0220293 0.0241823 0.0258192 0.0267146 0.0267567 0.0257692 0.0237533 0.0206784 0.0166671 0.0118978 0.00667471 0.00130659 -0.00389127 -0.00860138 -0.0126041 -0.0157031 -0.0178308 -0.0189286 -0.019129 -0.0185416 -0.0173912 -0.0158057 -0.0140162 -0.0121327 -0.0103282 -0.00863847 -0.00716037 -0.00586249 -0.00478162 -0.00385924 -0.00311384 -0.00247458 -0.00194751 -0.00147089 -0.00106094 -0.000663872 -0.000297519 8.82827e-05 0.000476936 0.000921262 0.00140277 0.00197895 0.00264447 0.00347069 0.00444272 0.00562061 0.0069771 0.00855497 0.0102747 0.0121167 0.0139272 0.0156105 0.0169434 0.0178015 0.0179563 0.0172833 0.0156149 0.0129773 0.00940018 0.00505358 0.000118823 -0.00509885 -0.0103022 -0.015172 -0.0193981 -0.0227608 -0.0251141 -0.0264541 -0.0267589 -0.0261773 -0.0248091 -0.022871 -0.0204995 -0.0179551 -0.0153708 -0.012903 -0.0106476 -0.00866218 -0.0069645 -0.00552565 -0.00437997 -0.00343081 -0.00270727 -0.00214068 -0.00173145 -0.00141355 -0.00120008 -0.00106342 -0.00094711 -0.000889651 -0.000830242 -0.000818998 -0.000799811 -0.000782321 -0.00075447 -0.000758711 -0.0007822 -0.000743045 -0.000742061 -0.000738739 -0.000740199 -0.000732782 -0.000727722 -0.000730662 -0.000702393 -0.000708972 -0.000705586 -0.000706424 -0.000700345 -0.000691593 -0.000700318 -0.000675049 -0.000690937 -0.000695204 -0.000674556 -0.00069167 -0.00067612 -0.000663412 -0.000672031 -0.000663798 -0.000662212 -0.000669373 -0.00066622 -0.000659308 -0.000664604 -0.000658121 -0.000652454 -0.000661013 -0.000652458 -0.000651026 -0.000657531 -0.000649505 -0.000650474 -0.000653747 -0.000647414 -0.000650505 
0 9.0032e-06 6.70972e-06 1.86376e-05 1.60259e-05 1.81708e-05 2.36867e-05 2.218e-05 3.21779e-05 3.28928e-05 4.37002e-05 5.12139e-05 5.10126e-05 6.16252e-05 5.3699e-05 5.75625e-05 6.34144e-05 6.18328e-05 7.75392e-05 8.32108e-05 8.82293e-05 9.18465e-05 9.70461e-05 9.66871e-05 0.000100543 0.000120576 0.00011002 0.000119907 0.000128892 0.000112151 0.000133606 0.000145865 0.000146934 0.000156967 0.000163751 0.000161543 0.000169493 0.000190202 0.000192075 0.000195371 0.000190023 0.000205681 0.000233638 0.000233731 0.000245932 0.000288003 0.000340432 0.000402798 0.000520898 0.000680981 0.000912883 0.00125574 0.00171391 0.0023255 0.00314149 0.00418432 0.00547211 0.0070759 0.00899564 0.0112365 0.0137985 0.0166352 0.0196175 0.0226194 0.0254623 0.0278999 0.0297192 0.0307245 0.0307303 0.0295813 0.0272536 0.0237527 0.0191914 0.0137889 0.00788274 0.00179158 -0.00412202 -0.00951094 -0.0140891 -0.0176839 -0.0201771 -0.02154 -0.0218692 -0.0213263 -0.0200923 -0.0183563 -0.0163516 -0.0142525 -0.0121897 -0.01024 -0.00850205 -0.00699567 -0.00571802 -0.00462195 -0.00371344 -0.00295448 -0.0023219 -0.00175413 -0.00124966 -0.000778713 -0.000340729 0.000114911 0.000592874 0.00112326 0.00170101 0.00238298 0.00319544 0.00418221 0.00533646 0.00670616 0.00830617 0.0101382 0.0121185 0.0141842 0.0162236 0.0180854 0.0195429 0.0204059 0.0204854 0.0196043 0.0176279 0.0145469 0.010443 0.00545467 -0.000172033 -0.00610915 -0.0120002 -0.0175233 -0.022327 -0.0261565 -0.028863 -0.0304137 -0.0308008 -0.0301515 -0.0286349 -0.0264397 -0.0237652 -0.020863 -0.0179227 -0.015082 -0.0124785 -0.0101804 -0.00819488 -0.00652057 -0.00516695 -0.00406686 -0.00319821 -0.00254014 -0.00204826 -0.00167734 -0.00142504 -0.00124818 -0.00111679 -0.00104898 -0.00100063 -0.00095152 -0.000924097 -0.00092675 -0.000910699 -0.000892363 -0.000877754 -0.000869487 -0.000878387 -0.00086485 -0.00084979 -0.000847206 -0.000844391 -0.000831947 -0.000843281 -0.000843089 -0.000817747 -0.000827453 -0.00081801 -0.000809206 -0.000817565 -0.000808217 -0.00080037 -0.000792639 -0.000791092 -0.000783743 -0.000788141 -0.000792508 -0.000783937 -0.000789206 -0.000778317 -0.00077472 -0.000774097 -0.000766423 -0.000773461 -0.000764961 -0.00076839 -0.000767921 -0.000759608 -0.000769384 -0.000756626 -0.000762149 -0.00076715 -0.000752987 -0.000767447 -0.00075704 
0 6.17465e-06 2.34921e-06 1.54088e-05 1.66224e-05 2.25367e-05 3.37509e-05 3.21779e-05 4.03937e-05 4.11355e-05 4.42144e-05 5.0232e-05 5.02407e-05 6.22419e-05 6.59749e-05 7.35513e-05 8.29574e-05 8.15144e-05 8.82476e-05 9.009e-05 9.33138e-05 0.000100204 0.000108227 0.000113549 0.000116357 0.000128494 0.000126057 0.000136557 0.000151588 0.000147237 0.000161492 0.000164449 0.00016216 0.000175509 0.000182225 0.000187424 0.000196175 0.000202541 0.000206215 0.000224092 0.000233595 0.000239937 0.000261176 0.000274121 0.000299369 0.000345035 0.000397166 0.000478186 0.000616777 0.000807167 0.00107769 0.00147666 0.00201178 0.00272207 0.00366678 0.00486514 0.00635152 0.00818676 0.0103808 0.0129267 0.0158252 0.0190098 0.0223396 0.0256728 0.0288091 0.0314875 0.0334695 0.0345488 0.0345084 0.0331938 0.0305722 0.0266714 0.0216111 0.015644 0.00912004 0.00238112 -0.00418716 -0.0101957 -0.0153282 -0.0193961 -0.0222684 -0.0239149 -0.0244259 -0.0239668 -0.0227086 -0.0208672 -0.0186993 -0.0164088 -0.0141162 -0.0119192 -0.00993288 -0.0082092 -0.00672947 -0.00545114 -0.00437457 -0.00348241 -0.00273349 -0.00206629 -0.00146401 -0.000912106 -0.000394079 0.000139169 0.000709528 0.00133208 0.00201558 0.00281654 0.00378175 0.00493658 0.00627897 0.00785149 0.009689 0.0117665 0.0139844 0.0162554 0.0184793 0.0204791 0.0220057 0.0228359 0.0227863 0.0216739 0.0193703 0.0158635 0.0112467 0.00566964 -0.000593118 -0.0071741 -0.0136886 -0.0197906 -0.0251152 -0.029375 -0.0324108 -0.034166 -0.0346389 -0.0339517 -0.0323033 -0.0298923 -0.0269458 -0.0237269 -0.0204504 -0.0172679 -0.0143314 -0.0117266 -0.00946465 -0.00755463 -0.00599671 -0.00473504 -0.0037317 -0.00297026 -0.00239419 -0.00195995 -0.00166055 -0.0014512 -0.0012963 -0.00120001 -0.00114135 -0.00109242 -0.00106388 -0.00104817 -0.00102574 -0.00102067 -0.00101553 -0.00100156 -0.000996061 -0.000989982 -0.000980661 -0.000978663 -0.000976008 -0.000957479 -0.000956262 -0.00095119 -0.000937264 -0.000943661 -0.000934322 -0.000925964 -0.000925159 -0.00091893 -0.000916826 -0.000915673 -0.000915478 -0.00090679 -0.000904397 -0.000898413 -0.000890191 -0.000893173 -0.000886341 -0.000888573 -0.000887043 -0.000881752 -0.000885254 -0.000876104 -0.000879247 -0.000875926 -0.000870774 -0.000880065 -0.00086735 -0.000870625 -0.000872768 -0.00086067 -0.000873717 -0.000866926 
0 7.25372e-06 8.49003e-06 1.8001e-05 2.07707e-05 2.27982e-05 3.44662e-05 3.28928e-05 4.11355e-05 5.39716e-05 4.76047e-05 6.14959e-05 6.6142e-05 6.00099e-05 8.17587e-05 7.73935e-05 8.05565e-05 0.00010193 9.08312e-05 0.000103294 0.000115211 0.000109518 0.000124348 0.000130486 0.000134765 0.00013772 0.000148209 0.00015577 0.000152836 0.000175286 0.00017782 0.000176426 0.000192394 0.000198867 0.000205789 0.000210935 0.000232452 0.000229904 0.000227241 0.00025667 0.000265909 0.000272851 0.000281797 0.000311728 0.000346623 0.00038767 0.000456626 0.000555553 0.000722949 0.000941714 0.00126535 0.00172296 0.00233905 0.0031603 0.00422763 0.0055929 0.00727381 0.00934496 0.0118 0.0146492 0.0178654 0.0213697 0.0250224 0.0286455 0.0320381 0.0349102 0.0370314 0.0381458 0.0380502 0.0365678 0.033676 0.0294066 0.0239077 0.0174504 0.0103827 0.00307976 -0.00406944 -0.0106305 -0.0162878 -0.0208013 -0.0240617 -0.0260089 -0.0267526 -0.0264163 -0.0251974 -0.0233023 -0.0210279 -0.0185722 -0.0160827 -0.0136564 -0.0114384 -0.00948816 -0.00780175 -0.00633267 -0.00508528 -0.0040441 -0.00316726 -0.00238997 -0.00168754 -0.00104505 -0.000437926 0.000183572 0.00084871 0.00157205 0.00237189 0.00330841 0.00443101 0.00576206 0.00729835 0.00908677 0.0111522 0.0134619 0.0158897 0.0183462 0.0207057 0.0227956 0.0243293 0.0250864 0.0248532 0.0234843 0.0208337 0.0169181 0.0118046 0.00569321 -0.00114397 -0.00829114 -0.0153627 -0.0219708 -0.027757 -0.0324117 -0.0357528 -0.0377092 -0.0382729 -0.0375821 -0.0358223 -0.0332387 -0.0300528 -0.0265584 -0.022965 -0.0194682 -0.0162126 -0.0133021 -0.0107701 -0.0086187 -0.0068576 -0.00542018 -0.00428869 -0.00341007 -0.00275148 -0.00225351 -0.00190026 -0.00165973 -0.00148144 -0.00136848 -0.00128514 -0.00124338 -0.00121159 -0.00118145 -0.00115647 -0.00114992 -0.0011543 -0.00112413 -0.00111522 -0.00111504 -0.00110588 -0.00109541 -0.00108848 -0.00109009 -0.00106856 -0.00106806 -0.00107051 -0.00105623 -0.00105369 -0.00104831 -0.00104473 -0.00103154 -0.00103453 -0.00103371 -0.00101471 -0.00102624 -0.00101562 -0.00100391 -0.00101637 -0.00100204 -0.00100134 -0.00100506 -0.00099381 -0.000995043 -0.000992182 -0.0009887 -0.000988149 -0.000986077 -0.000983686 -0.000980517 -0.000983777 -0.000979862 -0.000978646 -0.000983087 -0.00097554 -0.000977774 
0 3.58096e-06 1.70984e-05 1.47981e-05 2.49442e-05 3.17757e-05 2.88048e-05 4.37002e-05 4.42144e-05 4.76047e-05 6.47043e-05 6.21925e-05 7.33895e-05 8.65184e-05 7.6292e-05 8.91546e-05 9.67926e-05 8.92095e-05 0.000113479 0.000119159 0.000117826 0.000138429 0.000133665 0.000138341 0.000150588 0.00015867 0.000167927 0.000168691 0.000185833 0.00017772 0.000185262 0.000212914 0.000211241 0.000222961 0.000230057 0.000241273 0.000237403 0.000258827 0.000289723 0.000269794 0.000282488 0.00030202 0.000336298 0.000351719 0.0003763 0.000442584 0.000521345 0.000655411 0.00081904 0.00109502 0.00146703 0.00198729 0.00269263 0.00361765 0.00483195 0.00634452 0.00825001 0.0105326 0.013265 0.0163986 0.019922 0.0237229 0.027661 0.031552 0.0351369 0.0381859 0.0403848 0.0415269 0.0413346 0.0397077 0.0365472 0.0319578 0.026073 0.0192002 0.0116698 0.00387753 -0.00375756 -0.0108231 -0.0169449 -0.0219043 -0.0255295 -0.0278269 -0.0288178 -0.028678 -0.0275323 -0.0256728 -0.023322 -0.0207602 -0.018084 -0.0154768 -0.013024 -0.0108618 -0.00894532 -0.00729501 -0.00585703 -0.00466565 -0.00363438 -0.00274756 -0.00192811 -0.00119575 -0.000477996 0.000231909 0.001008 0.00183026 0.00277102 0.00384587 0.00514591 0.00664496 0.00839829 0.0103938 0.0126957 0.0151964 0.0178276 0.0204182 0.02289 0.0249865 0.0264931 0.0271024 0.0266679 0.0249855 0.0220036 0.0176678 0.0121101 0.00549864 -0.0018217 -0.00946791 -0.0170117 -0.0240555 -0.0302406 -0.0352403 -0.0388739 -0.0410048 -0.0416898 -0.0409986 -0.0391847 -0.0364399 -0.0330806 -0.0293284 -0.0254633 -0.0216697 -0.0181165 -0.0149153 -0.0121054 -0.00973504 -0.00774471 -0.00615438 -0.00486842 -0.00388535 -0.00312444 -0.00257091 -0.00216483 -0.00186449 -0.00167731 -0.00153674 -0.00145863 -0.00137752 -0.00134023 -0.00132219 -0.00131013 -0.00128178 -0.0012463 -0.00126649 -0.00125267 -0.00123651 -0.00122412 -0.00121916 -0.00120957 -0.00119628 -0.00121181 -0.00119149 -0.00118058 -0.00117777 -0.00116946 -0.00116745 -0.00115765 -0.00116395 -0.00114412 -0.00113509 -0.00114359 -0.00112372 -0.0011304 -0.00113514 -0.00111847 -0.0011222 -0.00111837 -0.00110523 -0.00110906 -0.00110779 -0.00109896 -0.00110236 -0.00110002 -0.00109383 -0.00109656 -0.00109261 -0.00108967 -0.00109237 -0.00108965 -0.00108788 -0.0010894 -0.00108721 
0 3.03358e-06 1.45264e-05 1.39421e-05 2.66412e-05 3.25264e-05 3.84918e-05 5.12139e-05 5.0232e-05 6.14959e-05 6.21925e-05 6.57996e-05 7.85459e-05 7.58753e-05 9.47116e-05 0.000104095 0.000107457 0.000122431 0.000119237 0.000122993 0.000130068 0.000138885 0.000145646 0.000160073 0.000171277 0.000163135 0.000185959 0.000188369 0.000193438 0.000223501 0.000217399 0.000223965 0.000230555 0.000237725 0.000250054 0.00026371 0.000278343 0.000275895 0.000288561 0.000301754 0.000335827 0.000347581 0.000349139 0.000395157 0.000443618 0.000505058 0.000593112 0.000743751 0.000948002 0.0012556 0.00168683 0.00226588 0.00306767 0.00411181 0.00545648 0.00714705 0.00925284 0.0117748 0.0147577 0.0181851 0.0219867 0.026064 0.0302606 0.0343685 0.0381211 0.0412822 0.0435449 0.0446544 0.0443753 0.0425792 0.0391917 0.0343047 0.0281076 0.0208832 0.0129731 0.00478055 -0.00326357 -0.0107531 -0.0173076 -0.0226688 -0.0266796 -0.0293243 -0.0306231 -0.0307013 -0.0297174 -0.0279333 -0.0255895 -0.0229379 -0.0201368 -0.0173561 -0.014711 -0.0123171 -0.0101874 -0.00832993 -0.00671352 -0.0053404 -0.00415831 -0.00313229 -0.00220296 -0.00135315 -0.000529604 0.000296162 0.00117586 0.00212519 0.00320322 0.00444784 0.00591521 0.00760837 0.00956517 0.0117918 0.0142958 0.0169856 0.0197644 0.0224789 0.0249875 0.0270552 0.0284462 0.028884 0.0281823 0.0261846 0.0228393 0.01812 0.0121364 0.0050999 -0.0026381 -0.010692 -0.0186299 -0.026038 -0.0325492 -0.0378595 -0.0417403 -0.0440595 -0.0448498 -0.0442114 -0.0423518 -0.0395115 -0.0359971 -0.0320457 -0.0279312 -0.0238722 -0.020046 -0.0165563 -0.0134939 -0.0108838 -0.00869125 -0.00691501 -0.0054969 -0.00438984 -0.00353043 -0.00290545 -0.00243606 -0.00210355 -0.0018768 -0.00170724 -0.0015996 -0.00153777 -0.00149535 -0.00143676 -0.00142218 -0.00141582 -0.00140269 -0.00138753 -0.00136452 -0.00136437 -0.0013585 -0.00135239 -0.00133742 -0.00133282 -0.00131296 -0.00130001 -0.00131417 -0.00129101 -0.00128885 -0.0012854 -0.00126591 -0.00126792 -0.00126671 -0.00126478 -0.00125774 -0.00125732 -0.00124298 -0.00123348 -0.00123692 -0.00122242 -0.00122965 -0.001226 -0.00121745 -0.00122333 -0.00121126 -0.00121366 -0.00120914 -0.00120561 -0.00121164 -0.00119992 -0.00120558 -0.00119982 -0.00119279 -0.00120204 -0.00119119 -0.00119911 
0 4.99022e-06 1.96555e-05 1.81913e-05 3.08413e-05 3.48844e-05 3.73926e-05 5.10126e-05 5.02407e-05 6.6142e-05 7.33895e-05 7.85459e-05 9.41486e-05 8.88189e-05 0.000102045 0.000106006 0.000104406 0.000125078 0.000127942 0.000140877 0.000154515 0.000158477 0.000164043 0.000171304 0.000183251 0.000182636 0.000204355 0.000208621 0.000205505 0.00023046 0.000226253 0.000244354 0.000264089 0.000266478 0.000281638 0.000286909 0.00030016 0.000313484 0.000330503 0.00033404 0.000350033 0.000374636 0.00038871 0.000438135 0.000484179 0.000553061 0.000674088 0.00084577 0.00108344 0.00143362 0.00193065 0.00258426 0.00348243 0.00464975 0.00613264 0.00800407 0.0103098 0.0130649 0.0162957 0.0199956 0.0240567 0.0283801 0.0327995 0.0370802 0.0409586 0.0441882 0.0464703 0.0475189 0.0471348 0.0451729 0.0415789 0.0364437 0.0299936 0.022493 0.0142866 0.00578552 -0.00258199 -0.0104206 -0.0173514 -0.0230851 -0.0274758 -0.0304831 -0.0321172 -0.0324617 -0.0316987 -0.0300578 -0.0277779 -0.0250882 -0.0222021 -0.0192843 -0.0164676 -0.0138541 -0.011509 -0.00944102 -0.00763581 -0.00607187 -0.00472417 -0.00354678 -0.00249222 -0.00151418 -0.000571641 0.000380101 0.00137829 0.00246715 0.00369785 0.00512226 0.00676889 0.0086626 0.0108295 0.0132814 0.0159743 0.0188241 0.0217177 0.0245108 0.0270058 0.0289804 0.0301956 0.0304084 0.0294058 0.0270687 0.0233547 0.0182671 0.0119009 0.00450139 -0.00357863 -0.0119564 -0.0202083 -0.0279084 -0.0346875 -0.0402578 -0.0443613 -0.0468616 -0.0477716 -0.0472092 -0.0453454 -0.0424502 -0.0388207 -0.0347099 -0.0303804 -0.0260823 -0.0219984 -0.0182376 -0.0149213 -0.0120727 -0.0096743 -0.00770981 -0.00614758 -0.00491081 -0.00395413 -0.00325304 -0.00271997 -0.00233972 -0.00208125 -0.00190114 -0.00176617 -0.00168884 -0.00163885 -0.00158995 -0.00157351 -0.00154428 -0.00152413 -0.00151439 -0.00150259 -0.00148864 -0.00147525 -0.00146531 -0.00144711 -0.00145589 -0.00144066 -0.0014287 -0.00143374 -0.00140894 -0.00140999 -0.00140784 -0.00139628 -0.00139049 -0.0013819 -0.00137232 -0.00135916 -0.00136543 -0.00135521 -0.00135306 -0.00135869 -0.0013407 -0.00134562 -0.00133732 -0.0013293 -0.00133351 -0.00132236 -0.00132853 -0.00131943 -0.00131467 -0.0013193 -0.00130563 -0.00131656 -0.00131285 -0.00130826 -0.00131964 -0.00130352 -0.00130863 
0 1.17547e-06 2.39734e-05 1.59356e-05 3.05856e-05 4.53289e-05 3.65565e-05 6.16252e-05 6.22419e-05 6.00099e-05 8.65184e-05 7.58753e-05 8.88189e-05 0.000111877 0.000100436 0.000123233 0.000132041 0.000125949 0.000148355 0.000148921 0.000154964 0.000170074 0.000176503 0.00018729 0.000192663 0.000211536 0.000215766 0.000221658 0.000246217 0.00024327 0.000252496 0.000271236 0.000278974 0.000283044 0.000299054 0.00032048 0.000311069 0.000337053 0.000364166 0.000363266 0.000383555 0.000407175 0.000446462 0.00048231 0.000538717 0.00062501 0.000762683 0.000960531 0.00122211 0.00163232 0.00218053 0.00292315 0.00391638 0.00521003 0.00684748 0.00889463 0.0114144 0.0143922 0.0178829 0.0218277 0.0261411 0.0306811 0.0352883 0.0397038 0.0436627 0.0469241 0.0491694 0.0501402 0.0496188 0.047501 0.043709 0.0383814 0.0317241 0.0240222 0.0155976 0.00687611 -0.00173279 -0.00984851 -0.0170907 -0.0231724 -0.0279267 -0.0313151 -0.0332974 -0.0339656 -0.0334694 -0.0320472 -0.0298785 -0.0272207 -0.0242828 -0.0212763 -0.0183016 -0.0154978 -0.0129302 -0.0106577 -0.00864294 -0.00688934 -0.00535342 -0.00401904 -0.00281192 -0.00170114 -0.000617741 0.000463125 0.00160614 0.00284104 0.00424762 0.00585098 0.00769789 0.00978974 0.0121788 0.0148327 0.017706 0.0206746 0.0236561 0.0264638 0.0289017 0.0307099 0.0317024 0.0316269 0.0303047 0.0276023 0.0235287 0.0180848 0.0113935 0.00369493 -0.00464615 -0.0132629 -0.0217448 -0.0296585 -0.0366507 -0.0424184 -0.0467231 -0.0493846 -0.0504372 -0.0499582 -0.0481416 -0.0452231 -0.0415263 -0.0372907 -0.032789 -0.0282828 -0.0239576 -0.0199579 -0.0163862 -0.0133161 -0.0107019 -0.00856342 -0.00684078 -0.00547769 -0.00441771 -0.00362665 -0.00303796 -0.00259244 -0.00230113 -0.00208745 -0.00194299 -0.00183861 -0.00177154 -0.00173318 -0.00170394 -0.00167564 -0.00164203 -0.00165119 -0.00163452 -0.00160756 -0.00160849 -0.00159765 -0.00158261 -0.00156946 -0.00157179 -0.00155237 -0.00153783 -0.0015416 -0.00152375 -0.00151771 -0.00151126 -0.00150586 -0.00149735 -0.00148827 -0.00149527 -0.00147591 -0.00147395 -0.00147795 -0.00145296 -0.00146175 -0.00145683 -0.00144019 -0.00145419 -0.00144033 -0.00143282 -0.00144222 -0.00142886 -0.00143123 -0.00143351 -0.00142335 -0.00142617 -0.00142105 -0.00141635 -0.00141898 -0.0014157 -0.00141913 
0 1.27713e-05 9.30619e-06 2.89549e-05 3.26737e-05 3.56762e-05 5.67863e-05 5.3699e-05 6.59749e-05 8.17587e-05 7.6292e-05 9.47116e-05 0.000102045 0.000100436 0.000121478 0.000126 0.000133689 0.000153043 0.000153948 0.000160315 0.000173999 0.000179935 0.000188761 0.000205532 0.00021719 0.000216897 0.000232817 0.000246121 0.000245445 0.000272176 0.000286041 0.000284008 0.000298542 0.000312272 0.000324643 0.000334065 0.000361786 0.000369279 0.00036472 0.000395957 0.000428641 0.000453648 0.000465315 0.000522687 0.000605352 0.000701077 0.000853892 0.00106866 0.00139859 0.00184317 0.00246544 0.00329164 0.00439415 0.00581971 0.00760715 0.00984968 0.012557 0.0157824 0.0194967 0.023688 0.0282139 0.0329524 0.0377031 0.0422085 0.0462191 0.0494496 0.0516377 0.0524792 0.0518305 0.0495298 0.0455904 0.0400957 0.0333056 0.0254585 0.0169095 0.00804961 -0.0007197 -0.00902791 -0.0165261 -0.0229051 -0.0280251 -0.0317741 -0.0341452 -0.0351552 -0.035004 -0.033832 -0.0318628 -0.0292738 -0.0263619 -0.0232791 -0.0202029 -0.0172093 -0.0144541 -0.0119509 -0.00974113 -0.00776808 -0.00605441 -0.00452539 -0.00316725 -0.00188707 -0.000669477 0.000575712 0.00186196 0.00328213 0.00485694 0.00666982 0.00870522 0.0110263 0.0136113 0.0164732 0.0194776 0.0225599 0.0255608 0.0283522 0.0306472 0.0322586 0.0329476 0.0325611 0.0308684 0.0278146 0.0233663 0.0176071 0.0106299 0.00271238 -0.00582038 -0.0145951 -0.0232207 -0.0312873 -0.038423 -0.0443578 -0.0488113 -0.0516549 -0.052837 -0.0524906 -0.0507349 -0.0478597 -0.0441175 -0.0398066 -0.0351685 -0.030479 -0.025943 -0.021705 -0.0179097 -0.0145914 -0.0117869 -0.00944658 -0.00757317 -0.00606996 -0.00490463 -0.00401723 -0.00335361 -0.00287703 -0.00252275 -0.00228177 -0.00210799 -0.00201472 -0.00193277 -0.0018626 -0.00183011 -0.00181802 -0.001804 -0.00176128 -0.00175127 -0.00174745 -0.00173281 -0.00171894 -0.00170991 -0.00169984 -0.00167312 -0.00167592 -0.00167346 -0.00165269 -0.00164974 -0.0016405 -0.00162633 -0.00162 -0.00162092 -0.00161192 -0.00159991 -0.00160154 -0.00158686 -0.00157661 -0.00158324 -0.00156989 -0.00156644 -0.00156959 -0.00155494 -0.00155704 -0.00155482 -0.0015431 -0.00154808 -0.00154211 -0.00153669 -0.00154041 -0.00153335 -0.0015332 -0.0015336 -0.00152871 -0.00153112 -0.0015286 
0 1.05147e-05 1.46154e-05 2.9682e-05 3.38178e-05 4.44251e-05 5.50956e-05 5.75625e-05 7.35513e-05 7.73935e-05 8.91546e-05 0.000104095 0.000106006 0.000123233 0.000126 0.000131781 0.000146047 0.000146869 0.000164425 0.000179687 0.000189646 0.000201036 0.000210584 0.000215137 0.000221397 0.000243932 0.000247638 0.000263899 0.000278468 0.000274806 0.000295407 0.000306946 0.000328839 0.000343064 0.000351292 0.000366478 0.000370747 0.000395508 0.000417684 0.000439133 0.000440306 0.000470364 0.000530477 0.000576777 0.000656166 0.000769225 0.00095593 0.00120844 0.0015731 0.00207648 0.00276656 0.00370124 0.00490418 0.00646737 0.00842137 0.0108474 0.0137616 0.0172098 0.0211604 0.0255576 0.0302922 0.0351857 0.0400471 0.0446035 0.0486189 0.0517851 0.0538595 0.0545653 0.0537492 0.0512883 0.0472028 0.0416053 0.0347152 0.0268063 0.0182004 0.00929085 0.00043561 -0.00798697 -0.0156714 -0.0223139 -0.0277659 -0.0318814 -0.0346385 -0.0360448 -0.0362639 -0.0354151 -0.033685 -0.0312544 -0.0283999 -0.0253056 -0.0221401 -0.019011 -0.0160613 -0.0133514 -0.0109183 -0.00874105 -0.00681622 -0.00509727 -0.00354684 -0.00210041 -0.000710533 0.000695013 0.00216566 0.0037685 0.00554722 0.00755651 0.00981118 0.0123438 0.0151396 0.0181626 0.0212915 0.0244293 0.0274263 0.0301163 0.0322298 0.0335685 0.0339269 0.0331666 0.0310988 0.0276756 0.0228797 0.0168243 0.00962421 0.00155559 -0.00709386 -0.015945 -0.0246428 -0.03278 -0.0400197 -0.046056 -0.0506485 -0.0536439 -0.0549909 -0.0547758 -0.0531362 -0.0503299 -0.046594 -0.0422387 -0.0375027 -0.0326682 -0.0279313 -0.0234926 -0.0194643 -0.015924 -0.0129082 -0.0103865 -0.00833952 -0.00669475 -0.0054257 -0.00443408 -0.00369889 -0.00315375 -0.00276523 -0.00249632 -0.00229936 -0.00216519 -0.00207347 -0.00203748 -0.00198126 -0.00193773 -0.0019182 -0.00190691 -0.00189434 -0.00186776 -0.00185542 -0.00183466 -0.00183087 -0.00181979 -0.00181304 -0.00180438 -0.00177775 -0.0017807 -0.00176888 -0.00176015 -0.00175983 -0.00174426 -0.00173095 -0.00172105 -0.00171664 -0.00170523 -0.00170896 -0.00170356 -0.00169013 -0.00169469 -0.00167966 -0.00167633 -0.00167569 -0.0016652 -0.00167002 -0.00166034 -0.00165676 -0.0016552 -0.00164568 -0.00165007 -0.00164536 -0.00164624 -0.00164918 -0.00164231 -0.00164546 -0.00163904 
0 1.04615e-05 1.92898e-05 3.13204e-05 3.50124e-05 4.95795e-05 5.64592e-05 6.34144e-05 8.29574e-05 8.05565e-05 9.67926e-05 0.000107457 0.000104406 0.000132041 0.000133689 0.000146047 0.000168871 0.000163322 0.000181244 0.00018722 0.000189626 0.000205611 0.000220159 0.000234994 0.000243181 0.000266598 0.00026378 0.000278065 0.000303184 0.000300292 0.000330546 0.000331252 0.000340264 0.000358537 0.000363208 0.000396066 0.000404195 0.000420963 0.000435698 0.000464833 0.000490916 0.000520783 0.000580435 0.000621669 0.000728434 0.000867993 0.00106294 0.00135144 0.00176075 0.00233098 0.00309031 0.0041292 0.00544493 0.00715059 0.00928099 0.0118881 0.0150162 0.0186822 0.0228592 0.0274468 0.0323653 0.0373856 0.0423175 0.0468925 0.0508655 0.0539307 0.0558503 0.0563973 0.0553926 0.0527756 0.0485639 0.0429006 0.0359604 0.0280521 0.0194651 0.0105768 0.00171536 -0.00675136 -0.0145528 -0.0214179 -0.0271645 -0.0316376 -0.0347836 -0.0366198 -0.0372405 -0.0367658 -0.0353298 -0.0331287 -0.0303854 -0.0273297 -0.0241121 -0.0208856 -0.0177602 -0.0148535 -0.0121933 -0.00980717 -0.00765713 -0.00573334 -0.00397014 -0.00233884 -0.000754388 0.000830355 0.00250649 0.00430871 0.00630783 0.00852145 0.011003 0.0137439 0.0167395 0.0198931 0.0231144 0.0262645 0.0292099 0.0317313 0.0336061 0.0346171 0.0346086 0.0334347 0.0309792 0.0271852 0.0220698 0.0157503 0.00838915 0.000234944 -0.00845185 -0.017309 -0.026001 -0.0341426 -0.0414289 -0.0475239 -0.0522262 -0.0553612 -0.0568849 -0.0568191 -0.0553306 -0.0526265 -0.0489429 -0.0445751 -0.0397824 -0.0348328 -0.0299251 -0.0253036 -0.0210594 -0.0173071 -0.014078 -0.0113791 -0.00915499 -0.00736873 -0.0059802 -0.00488257 -0.00407366 -0.00346257 -0.0030221 -0.00270092 -0.00249494 -0.0023415 -0.00222351 -0.00217055 -0.00210914 -0.00208293 -0.00205585 -0.002034 -0.00201084 -0.00199745 -0.00199529 -0.00197086 -0.00196948 -0.00193903 -0.00193251 -0.00192775 -0.00190187 -0.00190948 -0.0018857 -0.00187109 -0.00186682 -0.00185784 -0.00185214 -0.00184723 -0.00184847 -0.00182422 -0.0018264 -0.00181836 -0.00179775 -0.00181133 -0.00179349 -0.00179111 -0.00179325 -0.0017731 -0.00178007 -0.0017721 -0.00176923 -0.00177506 -0.00176575 -0.00176811 -0.0017595 -0.00175358 -0.0017529 -0.00174593 -0.00175297 -0.00175225 
0 1.88234e-05 3.92432e-06 3.88218e-05 3.97577e-05 4.08611e-05 7.61391e-05 6.18328e-05 8.15144e-05 0.00010193 8.92095e-05 0.000122431 0.000125078 0.000125949 0.000153043 0.000146869 0.000163322 0.00017985 0.000187881 0.000205795 0.000212294 0.000233082 0.000233977 0.000244049 0.000269027 0.000262303 0.000285706 0.00030552 0.000303511 0.0003247 0.000346128 0.000354812 0.000364166 0.000397514 0.000402485 0.000406749 0.000445971 0.000451304 0.000465739 0.000491567 0.000522552 0.000565488 0.000605571 0.000680568 0.000794936 0.000962915 0.00117675 0.00150834 0.00198383 0.00260352 0.00346315 0.00459004 0.00604485 0.00788654 0.0101952 0.0129889 0.0163176 0.0202067 0.0245716 0.0293535 0.0344039 0.0395352 0.0444874 0.049053 0.0529375 0.0558637 0.0576058 0.0579568 0.0567687 0.0539835 0.0496891 0.043973 0.0370558 0.0291911 0.0207098 0.0118989 0.0031188 -0.00532987 -0.0131799 -0.0202166 -0.0262178 -0.0310236 -0.0345674 -0.0368417 -0.0379045 -0.0378309 -0.036761 -0.0348365 -0.0322838 -0.0293007 -0.0260972 -0.0227915 -0.0195391 -0.0164307 -0.0135691 -0.0109477 -0.00858135 -0.00641659 -0.00444458 -0.00258573 -0.000802961 0.00100537 0.00288513 0.00492507 0.00713927 0.00958952 0.0122795 0.015242 0.0183976 0.0216728 0.024928 0.0280643 0.0308844 0.0331943 0.0347555 0.0354089 0.0349859 0.0333863 0.0305224 0.0263743 0.020966 0.0144284 0.00696363 -0.00121677 -0.00986056 -0.0186674 -0.0272724 -0.0353753 -0.042636 -0.0487759 -0.0535438 -0.0568307 -0.0585214 -0.0586464 -0.057327 -0.0547679 -0.0511766 -0.0468303 -0.0420238 -0.0369763 -0.0319451 -0.0271337 -0.0227081 -0.0187306 -0.0153031 -0.012408 -0.0100073 -0.00807626 -0.00654952 -0.00535834 -0.00444456 -0.0037891 -0.00328396 -0.00292504 -0.00268817 -0.00252021 -0.00240075 -0.00231251 -0.00226396 -0.00222494 -0.00220191 -0.00216146 -0.00214179 -0.00214344 -0.00210496 -0.00209157 -0.00208876 -0.00206794 -0.00204951 -0.00204811 -0.00203861 -0.00201152 -0.00201864 -0.00200633 -0.00198656 -0.00198987 -0.00197067 -0.00196173 -0.00195113 -0.00194483 -0.00194023 -0.00192435 -0.00193491 -0.00191609 -0.00190581 -0.00191953 -0.00189319 -0.00190188 -0.00190328 -0.0018782 -0.00189262 -0.0018763 -0.00186655 -0.00188123 -0.00186441 -0.00187406 -0.0018785 -0.00186371 -0.00187488 -0.00186241 
