0 0 0 0 0 0 0 0 0 0 0 0 0 0 0 0 0 0 0 0 0 0 0 0 0 0 0 0 0 0 0 0 0 0 0 0 0 0 0 0 0 0 0 0 0 0 0 0 0 0 0 0 0 0 0 0 0 0 0 0 0 0 0 0 0 0 0 0 0 0 0 0 0 0 0 0 0 0 0 0 0 0 0 0 0 0 0 0 0 0 0 0 0 0 0 0 0 0 0 0 0 0 0 0 0 0 0 0 0 0 0 0 0 0 0 0 0 0 0 0 0 0 0 0 0 0 0 0 0 0 0 0 0 0 0 0 0 0 0 0 0 0 0 0 0 0 0 0 0 0 0 0 0 0 0 0 0 0 0 0 0 0 0 0 0 0 0 0 0 0 0 0 0 0 0 0 0 0 0 0 0 0 0 0 0 0 0 0 0 0 0 0 0 0 0 0 0 0 0 0 
0 4.58603e-06 -5.70551e-06 4.17029e-06 1.41486e-06 -2.79363e-06 7.97742e-06 -6.77309e-07 1.56044e-06 7.69538e-06 -2.25831e-06 6.45244e-06 7.20158e-06 6.83353e-07 1.05822e-05 3.8841e-06 1.06317e-06 7.06566e-06 9.92366e-07 4.86561e-06 1.04086e-05 1.00855e-05 1.00148e-05 1.30777e-05 8.25047e-06 3.81638e-06 1.23098e-05 6.78977e-06 1.18002e-05 1.69235e-05 1.39184e-05 1.91115e-05 2.3681e-05 4.57864e-05 5.6928e-05 9.31106e-05 0.000138847 0.00017786 0.000267199 0.000373129 0.00050818 0.000678299 0.000900292 0.00114652 0.00144475 0.00181885 0.00220812 0.00263339 0.00305267 0.00347232 0.00383109 0.00408743 0.00421476 0.00419867 0.00402617 0.00364929 0.00312238 0.00242052 0.00160381 0.000707799 -0.000186084 -0.00103953 -0.00178393 -0.00238297 -0.00284013 -0.00310741 -0.00320985 -0.00314665 -0.00298226 -0.00271471 -0.00243007 -0.0021153 -0.0018059 -0.00150904 -0.00126972 -0.00106474 -0.000894097 -0.000758774 -0.00064361 -0.000556867 -0.000490579 -0.000449369 -0.000387903 -0.000348754 -0.000317126 -0.000305006 -0.000261703 -0.000241347 -0.000218115 -0.00021249 -0.000179758 -0.000169136 -0.000147312 -0.00014266 -0.000117451 -0.000111491 -8.95286e-05 -8.50586e-05 -6.38934e-05 -5.94354e-05 -3.74426e-05 -3.30253e-05 -1.19947e-05 -7.52276e-06 1.39428e-05 1.92789e-05 4.41995e-05 4.91641e-05 6.97426e-05 7.85209e-05 0.00011106 0.000117236 0.000138076 0.000154729 0.000197789 0.000209583 0.000237057 0.000269572 0.000328472 0.000364614 0.000422648 0.000496418 0.00060011 0.000718607 0.000873174 0.00105711 0.00127577 0.00155058 0.00184895 0.00215755 0.00244546 0.00272779 0.00292392 0.00303347 0.00299044 0.00279388 0.00240528 0.00187586 0.00119148 0.000390082 -0.000474789 -0.00135751 -0.00218667 -0.00291448 -0.00347986 -0.00390813 -0.0041365 -0.00420333 -0.00411508 -0.0039085 -0.00359122 -0.00319639 -0.00277679 -0.00235787 -0.00198289 -0.00160503 -0.00128948 -0.00102887 -0.000806152 -0.000622661 -0.000484209 -0.000375812 -0.000272033 -0.000222826 -0.000176792 -0.000145735 -0.000129717 -0.000113067 -0.000106301 -9.28048e-05 -9.98881e-05 -9.64832e-05 -9.33332e-05 -9.87047e-05 -9.11717e-05 -8.77468e-05 -8.77574e-05 -8.91908e-05 -8.47148e-05 -9.20871e-05 -9.23661e-05 -8.42005e-05 -9.47848e-05 -8.6113e-05 -8.48036e-05 -9.53202e-05 -8.36734e-05 -9.03976e-05 -9.23951e-05 -8.06239e-05 -9.03274e-05 -8.45091e-05 -8.09699e-05 -9.23749e-05 -8.34299e-05 -8.90989e-05 -9.30488e-05 -8.19849e-05 -9.07834e-05 -8.59426e-05 
0 -5.70551e-06 1.22235e-05 -4.77848e-06 4.74826e-06 9.11098e-06 -6.04943e-06 1.25401e-05 2.49253e-06 2.85816e-06 1.44636e-05 -8.49401e-08 1.05627e-05 6.56706e-06 5.94741e-06 1.31969e-05 1.06381e-05 2.11613e-05 1.0821e-05 2.00635e-05 1.2425e-05 1.17795e-06 2.26348e-05 2.09185e-06 1.90425e-05 3.04615e-05 1.13038e-05 2.99374e-05 2.429e-05 2.16761e-05 3.56457e-05 5.31829e-05 5.79668e-05 8.23423e-05 0.000126792 0.000159804 0.000257897 0.000378849 0.000534067 0.000746131 0.00101275 0.00136533 0.00178479 0.00231362 0.00293397 0.00362838 0.00439931 0.00526231 0.00613801 0.0069266 0.00762588 0.00814505 0.00841145 0.00837429 0.00800279 0.00727509 0.00621184 0.0048335 0.00319132 0.00142609 -0.000359251 -0.00205012 -0.00353228 -0.0047339 -0.00563361 -0.00618321 -0.00637665 -0.00627601 -0.00593441 -0.00542783 -0.00484531 -0.00423468 -0.00360803 -0.00302907 -0.00254281 -0.00213546 -0.00179468 -0.00151973 -0.00129567 -0.00111395 -0.000991361 -0.000892854 -0.000787806 -0.000694985 -0.000647488 -0.000602656 -0.000538238 -0.00047975 -0.000451087 -0.000419291 -0.000375281 -0.000335585 -0.00030982 -0.000281674 -0.000250354 -0.000220681 -0.000194087 -0.000167722 -0.000142721 -0.00011678 -8.97177e-05 -6.37797e-05 -3.88591e-05 -1.27513e-05 1.32572e-05 4.17792e-05 7.30165e-05 0.000101398 0.00012546 0.000162 0.000206182 0.000238944 0.000263831 0.000316412 0.000380571 0.000425603 0.000465532 0.000547952 0.000647337 0.000738387 0.000844128 0.0010041 0.00120391 0.00145008 0.00175701 0.00212724 0.0025709 0.00311153 0.00371423 0.00431629 0.00490465 0.00544269 0.005847 0.00603884 0.0059637 0.00554898 0.00478702 0.00371692 0.00235576 0.000757678 -0.000969062 -0.0027127 -0.00437554 -0.00581375 -0.00696086 -0.00778001 -0.00825091 -0.00839208 -0.00823134 -0.00778908 -0.00713754 -0.006397 -0.00556847 -0.00471538 -0.00391822 -0.0032146 -0.00259421 -0.00205569 -0.00161475 -0.00124785 -0.000966232 -0.00073408 -0.000582106 -0.000461316 -0.000350813 -0.000301631 -0.000254192 -0.000221717 -0.000211039 -0.000208824 -0.000185201 -0.000182831 -0.000189912 -0.000165148 -0.000188983 -0.000186165 -0.000178073 -0.000193416 -0.000176526 -0.000180508 -0.000176128 -0.000177199 -0.000178093 -0.000173904 -0.000183745 -0.000168065 -0.000177186 -0.000175796 -0.000165686 -0.000185094 -0.000171537 -0.000177357 -0.000183974 -0.000166138 -0.000178703 -0.000169753 -0.000165031 -0.000179237 -0.000165816 -0.00017465 
0 4.17029e-06 -4.77848e-06 5.83924e-06 3.98527e-06 4.83797e-07 1.21356e-05 4.71379e-06 6.57187e-06 1.43011e-05 4.55123e-06 1.34253e-05 1.6879e-05 8.98971e-06 2.09482e-05 1.45231e-05 9.84946e-06 1.91204e-05 1.12178e-05 1.78783e-05 2.62046e-05 2.51862e-05 2.90001e-05 3.00082e-05 2.55871e-05 2.20227e-05 2.98841e-05 2.82734e-05 3.56806e-05 4.45352e-05 4.80296e-05 6.25358e-05 8.16734e-05 0.000132701 0.000182325 0.000275976 0.000408882 0.000559476 0.000809759 0.00113019 0.00153759 0.002055 0.00270543 0.00346434 0.00437162 0.00545214 0.00662004 0.00788107 0.00914333 0.0103604 0.0114083 0.0121664 0.0125463 0.0124922 0.0119545 0.010858 0.00927928 0.00721588 0.0047969 0.00216317 -0.00048674 -0.00300526 -0.00521603 -0.00701344 -0.00836626 -0.00918714 -0.00950603 -0.0093609 -0.00888137 -0.00813108 -0.00728199 -0.00636208 -0.00544308 -0.00457646 -0.00384802 -0.00323054 -0.00271684 -0.00230177 -0.00195753 -0.00169056 -0.00149146 -0.00134534 -0.00117976 -0.00105507 -0.000964448 -0.00090392 -0.000799092 -0.000726916 -0.000665589 -0.000627618 -0.000552351 -0.000506107 -0.000452587 -0.000421039 -0.000363922 -0.000330631 -0.000279024 -0.000249916 -0.000201911 -0.000173391 -0.000122393 -9.36396e-05 -4.59464e-05 -1.7466e-05 3.29665e-05 6.50306e-05 0.00012138 0.000152587 0.000203124 0.000245367 0.000319659 0.000357429 0.000412785 0.00047656 0.000579189 0.000637048 0.000716239 0.000824393 0.000979589 0.00111037 0.0012841 0.00151515 0.00182244 0.00219046 0.00265366 0.00321125 0.00387848 0.00468656 0.00557152 0.0064771 0.00733888 0.0081378 0.00871298 0.00899706 0.00885472 0.00823791 0.00708983 0.00549326 0.00345974 0.00108611 -0.00147742 -0.00407835 -0.00653059 -0.00867429 -0.0103704 -0.0116137 -0.0123099 -0.0125144 -0.0122661 -0.0116423 -0.0107024 -0.00955543 -0.00831777 -0.00707557 -0.0059242 -0.0048316 -0.00389033 -0.00309923 -0.00243273 -0.00188589 -0.0014623 -0.00112642 -0.000848165 -0.00067676 -0.000537661 -0.000445327 -0.000388154 -0.000341464 -0.000316696 -0.000292365 -0.000292532 -0.000286115 -0.000281859 -0.000283116 -0.000275506 -0.000268399 -0.000266699 -0.000269599 -0.000261987 -0.000272273 -0.000271183 -0.000261552 -0.000273735 -0.000261989 -0.000261913 -0.000272456 -0.000259747 -0.000267425 -0.000268064 -0.000255174 -0.000264431 -0.000257667 -0.000253749 -0.000266272 -0.000257166 -0.000263181 -0.000267673 -0.000256927 -0.000267177 -0.000258247 
0 1.41486e-06 4.74826e-06 3.98527e-06 5.84285e-06 6.92808e-06 7.02741e-06 1.01001e-05 9.6699e-06 1.26828e-05 1.38179e-05 1.36562e-05 1.73743e-05 1.5303e-05 1.97574e-05 2.13831e-05 2.18972e-05 2.85906e-05 2.43949e-05 2.84541e-05 2.78152e-05 2.40861e-05 3.18362e-05 2.89718e-05 3.50318e-05 4.05398e-05 3.92036e-05 4.53386e-05 4.89199e-05 5.51247e-05 6.97066e-05 9.31538e-05 0.000121097 0.000174616 0.000250258 0.000360983 0.000536381 0.000768707 0.00109299 0.00151911 0.00206465 0.00276005 0.00361729 0.00465083 0.00587093 0.00727235 0.00881934 0.0104885 0.0121726 0.0137521 0.0151126 0.0161082 0.0166132 0.0165326 0.0157984 0.0143654 0.0122715 0.00956431 0.00637892 0.00292557 -0.000566658 -0.00387754 -0.00679954 -0.00919046 -0.0109784 -0.012089 -0.0125318 -0.012382 -0.0117662 -0.0108175 -0.00969816 -0.0084969 -0.00728554 -0.00615342 -0.00517456 -0.0043491 -0.00366083 -0.00309954 -0.00263991 -0.00227897 -0.00200964 -0.00179627 -0.00158992 -0.0014199 -0.00129963 -0.0011998 -0.00107981 -0.000976661 -0.000899707 -0.000832774 -0.000750187 -0.000678313 -0.000615486 -0.000560036 -0.000497794 -0.000441839 -0.000384018 -0.000333305 -0.000280634 -0.000231027 -0.000174785 -0.000124664 -7.23354e-05 -2.28205e-05 3.37188e-05 8.86165e-05 0.000149925 0.000204069 0.000263659 0.000331741 0.000412775 0.000478136 0.000548469 0.000643236 0.000759299 0.000854412 0.000960924 0.0011125 0.00130324 0.00149629 0.0017322 0.00204858 0.00245787 0.00295983 0.00358025 0.00432955 0.00522942 0.0062912 0.0074582 0.00864476 0.00978514 0.0108029 0.0115471 0.0118814 0.0116711 0.0108238 0.00930534 0.00717324 0.00448143 0.00135135 -0.00202936 -0.00544575 -0.00867426 -0.0114919 -0.0137441 -0.0153634 -0.016299 -0.0165809 -0.0162627 -0.0154271 -0.0141894 -0.0127022 -0.0110763 -0.00942869 -0.00787379 -0.0064543 -0.00521016 -0.00414735 -0.00325958 -0.00253135 -0.00195787 -0.00150701 -0.00116543 -0.000918373 -0.000728022 -0.000603393 -0.000516932 -0.00045742 -0.000424573 -0.000401974 -0.000384385 -0.000375027 -0.000370659 -0.000362354 -0.000366908 -0.000364598 -0.000362166 -0.000366187 -0.000357841 -0.000359691 -0.000357277 -0.000353974 -0.000357303 -0.000352945 -0.000354106 -0.000352243 -0.000349893 -0.000350778 -0.000348981 -0.000350607 -0.000350635 -0.000350665 -0.00035054 -0.000348678 -0.000348025 -0.000346498 -0.000344458 -0.000343786 -0.000345457 -0.000346975 
0 -2.79363e-06 9.11098e-06 4.83797e-07 6.92808e-06 1.29013e-05 4.38334e-06 1.57031e-05 1.36293e-05 1.16683e-05 2.2138e-05 1.58377e-05 2.00137e-05 2.46525e-05 2.04965e-05 2.6649e-05 2.85493e-05 2.93594e-05 3.19607e-05 3.56561e-05 3.45486e-05 3.43623e-05 4.26692e-05 3.67552e-05 4.37182e-05 5.16741e-05 4.46896e-05 5.76616e-05 6.14202e-05 6.7887e-05 8.8911e-05 0.000116417 0.000158315 0.000219424 0.000327889 0.000466583 0.000680282 0.000988421 0.00138589 0.00192289 0.00261102 0.00348442 0.00454665 0.00584274 0.00736849 0.00909608 0.0110236 0.0130747 0.0151539 0.0170877 0.0187502 0.0199661 0.0205802 0.0204699 0.0195447 0.0177878 0.0151926 0.0118693 0.00795774 0.0037246 -0.000572527 -0.00464408 -0.00825639 -0.0112329 -0.0134515 -0.0148617 -0.0154492 -0.0153231 -0.0146014 -0.0134861 -0.0121175 -0.0106505 -0.00916335 -0.00777634 -0.0065473 -0.00550923 -0.00464224 -0.00392762 -0.00334927 -0.00288984 -0.00254248 -0.002253 -0.00200773 -0.0017925 -0.00163711 -0.00149191 -0.0013603 -0.00122701 -0.00113142 -0.00103216 -0.000944584 -0.000847044 -0.000774061 -0.000693164 -0.000626485 -0.000547242 -0.000483846 -0.000410796 -0.00035317 -0.000281756 -0.000221448 -0.00014939 -9.21913e-05 -2.09481e-05 4.10088e-05 0.00011925 0.000184558 0.00026266 0.00033207 0.000426045 0.000510734 0.000605741 0.000693883 0.000818833 0.00094322 0.00107937 0.00121805 0.00141246 0.00163444 0.00189562 0.00219988 0.00260478 0.00311719 0.00375836 0.00453859 0.0054836 0.00661673 0.0079237 0.00935706 0.0108107 0.0122115 0.0134199 0.014304 0.0146609 0.0143611 0.0132717 0.011386 0.00872475 0.00539361 0.00153738 -0.0026236 -0.00681702 -0.0107794 -0.014238 -0.0170282 -0.0190133 -0.0201842 -0.0205404 -0.020162 -0.0191395 -0.0176286 -0.0158065 -0.013806 -0.0117831 -0.00984339 -0.00809669 -0.00654434 -0.0052119 -0.00410387 -0.003197 -0.00247193 -0.00189967 -0.00148215 -0.00115455 -0.000920761 -0.000764021 -0.000650197 -0.000577912 -0.000530853 -0.000507776 -0.000479682 -0.000471839 -0.000468377 -0.000454012 -0.000460383 -0.000456272 -0.000451515 -0.000452958 -0.000449914 -0.000446765 -0.000444886 -0.000448296 -0.000441165 -0.000443693 -0.000445665 -0.000435321 -0.000443878 -0.000438788 -0.000433983 -0.000444111 -0.00043322 -0.000436861 -0.000440175 -0.000428463 -0.000437586 -0.000434047 -0.00043106 -0.000439862 -0.000429794 -0.000433915 
0 7.97742e-06 -6.04943e-06 1.21356e-05 7.02741e-06 4.38334e-06 2.09943e-05 7.97054e-06 1.84033e-05 2.20076e-05 1.36537e-05 2.79858e-05 2.29376e-05 2.77281e-05 3.16538e-05 3.00885e-05 3.35014e-05 2.83912e-05 4.06178e-05 3.27616e-05 4.38277e-05 5.61801e-05 3.93489e-05 6.32457e-05 5.1032e-05 4.53591e-05 6.78986e-05 5.79141e-05 7.44288e-05 9.20366e-05 0.000108565 0.000133533 0.000193942 0.000278838 0.000392558 0.000596525 0.000845997 0.00120243 0.00169534 0.00234407 0.00318161 0.00421913 0.00551753 0.00704995 0.0088557 0.0109379 0.0132395 0.0156471 0.0180618 0.0203642 0.0223081 0.0237185 0.0244154 0.0242708 0.0231762 0.0210879 0.0180276 0.0141062 0.0095349 0.00455602 -0.000487601 -0.00528626 -0.00955949 -0.0131029 -0.0157565 -0.0174637 -0.0182342 -0.0181468 -0.0173756 -0.0161104 -0.0145386 -0.0128118 -0.0110823 -0.00944163 -0.00797455 -0.00671607 -0.00566674 -0.00479409 -0.00408873 -0.00353247 -0.00308934 -0.00272881 -0.00243048 -0.00218436 -0.00197338 -0.00179625 -0.001636 -0.00149157 -0.00135718 -0.00124238 -0.0011314 -0.00102699 -0.000925429 -0.000836412 -0.000746809 -0.000661713 -0.000576102 -0.000497667 -0.000416951 -0.000340275 -0.000260051 -0.000182883 -0.000102813 -2.63627e-05 5.74736e-05 0.000141579 0.00022902 0.000314069 0.000411571 0.000512753 0.000619098 0.000726693 0.000853035 0.000989084 0.00113863 0.00130082 0.00149303 0.00171491 0.00198274 0.00230369 0.00269572 0.00318512 0.00381132 0.00459299 0.00554025 0.00668715 0.00804735 0.00959873 0.0112709 0.0129866 0.0146073 0.015992 0.0169613 0.0173263 0.0168942 0.0155648 0.0132989 0.0101264 0.00617435 0.00162628 -0.00326448 -0.00820148 -0.0128367 -0.0169117 -0.0201951 -0.0225592 -0.0239471 -0.0243777 -0.0239383 -0.0227668 -0.0210229 -0.0188483 -0.0164964 -0.0141273 -0.0118501 -0.00974108 -0.00788425 -0.00630323 -0.00496466 -0.00388032 -0.00300286 -0.00232522 -0.0017863 -0.00139781 -0.00113356 -0.000921745 -0.000793949 -0.000704998 -0.000641437 -0.000597225 -0.000588616 -0.000573009 -0.00055374 -0.00056983 -0.000542438 -0.000541567 -0.000547908 -0.00053001 -0.000543089 -0.00053778 -0.000537291 -0.000534969 -0.000533012 -0.000533471 -0.000524734 -0.000537301 -0.00052609 -0.000527652 -0.00053444 -0.000515208 -0.000528386 -0.000520886 -0.000514942 -0.000531668 -0.000515948 -0.000523667 -0.000528712 -0.000514216 -0.000527963 -0.000518918 
0 -6.77309e-07 1.25401e-05 4.71379e-06 1.01001e-05 1.57031e-05 7.97054e-06 1.88233e-05 1.93901e-05 1.66678e-05 2.88331e-05 2.50191e-05 2.51154e-05 3.5102e-05 2.86917e-05 3.59833e-05 4.53526e-05 4.06839e-05 5.04955e-05 5.01022e-05 4.44081e-05 4.8753e-05 4.94162e-05 5.26305e-05 6.15532e-05 7.17884e-05 7.2643e-05 8.07526e-05 8.97928e-05 0.000101585 0.000130287 0.000175854 0.000243162 0.000328718 0.000486988 0.000695967 0.000997188 0.00145359 0.00202428 0.00278216 0.00376334 0.0049889 0.00648119 0.00829747 0.0104139 0.012784 0.0154183 0.0181871 0.0209776 0.0235576 0.0257391 0.0273293 0.0281193 0.0279248 0.0266341 0.0242495 0.02074 0.0162854 0.0110771 0.00543269 -0.000312825 -0.00578053 -0.0106847 -0.0147751 -0.01785 -0.0198776 -0.0208357 -0.0208446 -0.0200436 -0.0186913 -0.0169283 -0.0149925 -0.0130238 -0.0111592 -0.00945066 -0.00797922 -0.00673808 -0.00570234 -0.00486961 -0.00420202 -0.00366674 -0.00321716 -0.00287852 -0.00258097 -0.0023323 -0.00210091 -0.00193197 -0.00175374 -0.00160403 -0.00145011 -0.00133719 -0.00120311 -0.00109674 -0.000976777 -0.000885097 -0.000772173 -0.000686935 -0.000581555 -0.000497792 -0.000394411 -0.000316144 -0.000212913 -0.000129863 -2.63101e-05 5.71656e-05 0.000168511 0.000257634 0.000372858 0.000475231 0.000606089 0.000713039 0.000857689 0.00099912 0.00116956 0.00132424 0.00153654 0.00176382 0.00203605 0.00233575 0.00273732 0.00321156 0.00380483 0.00454335 0.00547585 0.0065983 0.00794787 0.00953935 0.0113139 0.013224 0.0151584 0.0169895 0.0184921 0.0195284 0.0198399 0.0192692 0.0176654 0.0150298 0.0113517 0.00680594 0.00160571 -0.00397363 -0.00957874 -0.0148608 -0.0194966 -0.0232652 -0.025952 -0.0275674 -0.0280929 -0.0276167 -0.0262748 -0.024291 -0.0218643 -0.0191848 -0.0164532 -0.0138017 -0.0114075 -0.0092641 -0.00740412 -0.00585022 -0.00457912 -0.00354496 -0.00274277 -0.00215064 -0.00167155 -0.00133963 -0.00110343 -0.000932415 -0.000828633 -0.000758944 -0.000716889 -0.000678761 -0.000661315 -0.000648354 -0.000638909 -0.000640147 -0.000641983 -0.000638753 -0.000633598 -0.000636249 -0.00062364 -0.0006239 -0.00062895 -0.000616731 -0.000624877 -0.000621922 -0.000610122 -0.000619206 -0.000611322 -0.000608431 -0.000620908 -0.000610579 -0.000614726 -0.000618714 -0.000604209 -0.000614223 -0.000605617 -0.000598568 -0.000611843 -0.000599086 -0.000609224 
0 1.56044e-06 2.49253e-06 6.57187e-06 9.6699e-06 1.36293e-05 1.84033e-05 1.93901e-05 2.33186e-05 2.44391e-05 2.70551e-05 3.10857e-05 3.14119e-05 3.89455e-05 3.76806e-05 4.11703e-05 4.49887e-05 3.98995e-05 5.20062e-05 5.00263e-05 5.72457e-05 6.94891e-05 6.21269e-05 7.45322e-05 7.03659e-05 6.89261e-05 8.22004e-05 8.48906e-05 0.000102271 0.000124787 0.000153294 0.000198593 0.000281682 0.000397034 0.000577796 0.000844097 0.0011964 0.00170282 0.00236728 0.00324692 0.00437932 0.00577972 0.00749818 0.00954832 0.0119357 0.0146409 0.017617 0.0207042 0.0237821 0.0266593 0.029076 0.0308146 0.0316497 0.0314026 0.0299498 0.0272635 0.0233468 0.0183837 0.0126164 0.00635189 -2.29073e-05 -0.00612064 -0.0116136 -0.0162245 -0.0197275 -0.0220759 -0.0232633 -0.0233903 -0.0226276 -0.0212096 -0.0193174 -0.0171885 -0.0150199 -0.0129314 -0.0110024 -0.00930962 -0.00787289 -0.00666663 -0.00569525 -0.00491076 -0.00426601 -0.00373349 -0.00333217 -0.00299196 -0.00268708 -0.00241855 -0.00221556 -0.00202112 -0.00183668 -0.00166422 -0.00152447 -0.00138125 -0.00124991 -0.00111969 -0.00100306 -0.000882956 -0.000777801 -0.000665731 -0.000557668 -0.00044762 -0.000351142 -0.000242252 -0.000135144 -2.42982e-05 7.88136e-05 0.0001962 0.000309399 0.000434543 0.000561331 0.000700047 0.000831853 0.000992769 0.00116775 0.00135222 0.00153673 0.00177991 0.00205944 0.0023684 0.00272167 0.00319252 0.00376521 0.00446188 0.00532452 0.00640883 0.00771215 0.00926956 0.0110753 0.0130709 0.0151853 0.0173238 0.0193077 0.0209091 0.0219458 0.022183 0.0214279 0.0195516 0.0165318 0.0123756 0.00727065 0.00146346 -0.00473704 -0.0109633 -0.0168149 -0.0219726 -0.0261715 -0.0292008 -0.0310175 -0.0316238 -0.0311231 -0.0296777 -0.0275017 -0.0247884 -0.0218099 -0.0187771 -0.0158202 -0.0130889 -0.0106504 -0.00854235 -0.00676394 -0.00531048 -0.00412503 -0.0031973 -0.00248382 -0.00193949 -0.00156203 -0.00127997 -0.00108767 -0.000960517 -0.000870628 -0.000814416 -0.000786643 -0.000766798 -0.000749737 -0.000749967 -0.000730789 -0.00072718 -0.000726216 -0.000713817 -0.000723453 -0.000716189 -0.000715057 -0.000716628 -0.000708044 -0.000711019 -0.000707665 -0.000707839 -0.000708503 -0.000705868 -0.000704443 -0.000700183 -0.000698349 -0.000695586 -0.000694445 -0.000694214 -0.000696863 -0.000699208 -0.000699295 -0.000700402 -0.000696033 -0.000694018 
0 7.69538e-06 2.85816e-06 1.43011e-05 1.26828e-05 1.16683e-05 2.20076e-05 1.66678e-05 2.44391e-05 3.01051e-05 2.72175e-05 3.65566e-05 3.63762e-05 3.98976e-05 4.43847e-05 4.72758e-05 5.20868e-05 5.21689e-05 6.1711e-05 5.6815e-05 6.22022e-05 7.08447e-05 6.13967e-05 8.02371e-05 8.02459e-05 8.09396e-05 0.000101516 0.000100395 0.000118588 0.000145169 0.000180442 0.000237832 0.000332573 0.000472833 0.000670352 0.00097904 0.00139337 0.00196885 0.00273944 0.00373788 0.0050187 0.00659732 0.00854213 0.010844 0.0135078 0.0165168 0.0197902 0.0231893 0.0265449 0.0296684 0.0322692 0.0341266 0.0349976 0.0346855 0.0330667 0.0300906 0.0258104 0.0203913 0.0141228 0.0073099 0.000376348 -0.0062901 -0.0123251 -0.0174219 -0.0213485 -0.0240243 -0.0254665 -0.0257511 -0.0250761 -0.0236375 -0.0216649 -0.0193853 -0.0170433 -0.0147509 -0.012616 -0.0107077 -0.00907038 -0.00769208 -0.00657241 -0.00566274 -0.00490163 -0.00428569 -0.00381016 -0.00342234 -0.00306086 -0.0027579 -0.00251284 -0.0023012 -0.00208327 -0.00189446 -0.00172315 -0.00157143 -0.00141515 -0.00127565 -0.00113194 -0.00100564 -0.00087925 -0.000761044 -0.000628017 -0.000511995 -0.000395488 -0.000281711 -0.000149895 -3.20477e-05 9.20465e-05 0.000214338 0.000353824 0.000488695 0.000639975 0.00078557 0.000947437 0.00112403 0.00133149 0.00153058 0.00175401 0.00202757 0.00236003 0.00271057 0.0031306 0.00367345 0.00435265 0.00516276 0.00616243 0.00740334 0.00889742 0.010663 0.0126754 0.0148779 0.0171782 0.0194855 0.0215788 0.0232367 0.0242259 0.0243458 0.0233751 0.0212115 0.0178014 0.0131895 0.00755943 0.00119411 -0.00556731 -0.0123464 -0.0187151 -0.0243484 -0.028934 -0.0322805 -0.0342938 -0.0349988 -0.0344851 -0.0329419 -0.0305955 -0.0276548 -0.0244097 -0.0210694 -0.0178147 -0.0147762 -0.0120643 -0.00970592 -0.00770153 -0.00605664 -0.00471857 -0.00367408 -0.00285491 -0.00224413 -0.00180092 -0.00146919 -0.0012485 -0.00109693 -0.000995538 -0.000924468 -0.000890972 -0.000859511 -0.000836143 -0.000840076 -0.000819774 -0.000820924 -0.000822877 -0.000809627 -0.000815001 -0.000808349 -0.00080564 -0.000803661 -0.000801965 -0.000800201 -0.000794378 -0.000798756 -0.000789609 -0.000790491 -0.000793421 -0.000783235 -0.000792092 -0.000789024 -0.000785588 -0.00079186 -0.000780651 -0.000782087 -0.000782636 -0.000774983 -0.000783791 -0.0007818 
0 -2.25831e-06 1.44636e-05 4.55123e-06 1.38179e-05 2.2138e-05 1.36537e-05 2.88331e-05 2.70551e-05 2.72175e-05 3.86169e-05 3.53291e-05 4.18759e-05 4.50172e-05 4.80082e-05 5.02604e-05 5.61116e-05 6.38851e-05 5.85337e-05 7.51725e-05 7.01763e-05 6.76529e-05 8.82764e-05 7.33125e-05 9.04292e-05 0.00010302 9.84559e-05 0.00012154 0.000134451 0.000161992 0.000203917 0.000285309 0.000388983 0.000544273 0.000799283 0.00112401 0.00160744 0.00226837 0.0031359 0.00425588 0.00568233 0.00746425 0.0095975 0.012161 0.0151095 0.0183945 0.0219382 0.0256232 0.029257 0.032561 0.0353212 0.0372648 0.038162 0.0377702 0.0359777 0.0327446 0.0281271 0.0223201 0.0155911 0.00831961 0.00088356 -0.00628001 -0.0128131 -0.018361 -0.022701 -0.0257214 -0.0274327 -0.027931 -0.0273753 -0.0259829 -0.0239643 -0.0215972 -0.0190947 -0.0166336 -0.0142961 -0.0121874 -0.01034 -0.0087883 -0.00750752 -0.00645792 -0.00557871 -0.00486742 -0.00431357 -0.0038576 -0.00345181 -0.00310013 -0.00282041 -0.00257155 -0.0023379 -0.002116 -0.00192735 -0.00174833 -0.00158459 -0.00141772 -0.00126451 -0.00111416 -0.000982498 -0.000840013 -0.000700895 -0.000561376 -0.000440068 -0.0003036 -0.000165947 -2.32796e-05 0.000105822 0.000250794 0.000398912 0.000561594 0.000719447 0.000890108 0.00106734 0.00127694 0.00149752 0.00172993 0.00198332 0.00230257 0.00267202 0.00308296 0.00357044 0.00419835 0.00498075 0.00591891 0.00706458 0.00846597 0.0101579 0.0121215 0.0143369 0.0167159 0.0191919 0.0216111 0.0237817 0.0254301 0.0263417 0.0262839 0.0250825 0.0226058 0.0188136 0.0137691 0.00765761 0.000796571 -0.00646931 -0.0137122 -0.0205513 -0.0265902 -0.0315379 -0.0351561 -0.0373673 -0.0381795 -0.0376777 -0.0360584 -0.0335552 -0.030458 -0.0269678 -0.023345 -0.0197983 -0.0165003 -0.0135154 -0.0108896 -0.00868233 -0.00683644 -0.00534503 -0.00416079 -0.0032591 -0.00255815 -0.00203431 -0.00168043 -0.00140863 -0.00123535 -0.00112098 -0.00104567 -0.000987948 -0.000957393 -0.000946719 -0.000915967 -0.000926267 -0.000917499 -0.000902577 -0.000914002 -0.000897626 -0.000896986 -0.000897149 -0.000892708 -0.000890828 -0.000888704 -0.000889987 -0.000878058 -0.00088582 -0.000880389 -0.00087372 -0.000887983 -0.00087045 -0.000875156 -0.000880105 -0.000862714 -0.000878612 -0.000870083 -0.000864276 -0.000879376 -0.000862035 -0.000870361 
0 6.45244e-06 -8.49401e-08 1.34253e-05 1.36562e-05 1.58377e-05 2.79858e-05 2.50191e-05 3.10857e-05 3.65566e-05 3.53291e-05 4.17013e-05 4.68723e-05 4.77783e-05 5.47263e-05 6.03801e-05 5.76548e-05 6.49304e-05 6.837e-05 6.86857e-05 8.17838e-05 8.72141e-05 9.04422e-05 9.87405e-05 0.000100423 0.000100442 0.00011305 0.00012984 0.000149227 0.000189436 0.000244719 0.000316532 0.00044379 0.000642252 0.000907501 0.00130956 0.00186105 0.00257471 0.00354864 0.00480798 0.00639001 0.00834729 0.0107238 0.0135045 0.0166945 0.0202731 0.0241028 0.0280331 0.0318415 0.035339 0.0382363 0.0402383 0.0410996 0.040627 0.0386855 0.0352019 0.0302966 0.0241331 0.0170394 0.00935922 0.00151306 -0.00609812 -0.0130596 -0.0190271 -0.0237689 -0.0271342 -0.029152 -0.0298862 -0.0295174 -0.0282009 -0.0262166 -0.0237872 -0.0211823 -0.0185573 -0.0160535 -0.0137388 -0.0116952 -0.00995828 -0.00850835 -0.00730688 -0.00630066 -0.00549432 -0.00483973 -0.00431813 -0.00385177 -0.00346666 -0.00312799 -0.00285719 -0.00258659 -0.0023532 -0.00212354 -0.00193846 -0.00174256 -0.0015712 -0.00138615 -0.00123496 -0.00107177 -0.000927801 -0.000761365 -0.000621839 -0.000469166 -0.000332781 -0.000168118 -2.41256e-05 0.000136106 0.000280985 0.000460054 0.000627048 0.000816041 0.000990022 0.00120669 0.00142686 0.00168179 0.00192995 0.00223862 0.00258658 0.00300968 0.00347375 0.00405299 0.00476282 0.00565943 0.00673254 0.00803647 0.00960859 0.0114909 0.0136582 0.0160479 0.0186008 0.0212022 0.0237129 0.0258842 0.0274957 0.0282594 0.0280026 0.0265237 0.0237331 0.0195558 0.0141065 0.007569 0.000263598 -0.00742257 -0.0150834 -0.0222994 -0.0287038 -0.0339508 -0.0378503 -0.0402353 -0.0411385 -0.0406732 -0.0390369 -0.036433 -0.0331377 -0.0294537 -0.0256114 -0.0218247 -0.0182213 -0.0149702 -0.0121251 -0.00968594 -0.00765347 -0.00600994 -0.00469066 -0.00364795 -0.0028861 -0.00230796 -0.00188216 -0.00159417 -0.00138531 -0.00124061 -0.00115403 -0.00110282 -0.00106372 -0.00104354 -0.00102963 -0.00101166 -0.00100211 -0.000999807 -0.000993208 -0.000990828 -0.000993539 -0.000985262 -0.000981521 -0.00098229 -0.000974978 -0.000974929 -0.00097939 -0.0009716 -0.000971783 -0.000972349 -0.000959645 -0.000966541 -0.000960943 -0.00095328 -0.000967196 -0.000954826 -0.000961138 -0.000967443 -0.00095177 -0.000965582 -0.000954793 
0 7.20158e-06 1.05627e-05 1.6879e-05 1.73743e-05 2.00137e-05 2.29376e-05 2.51154e-05 3.14119e-05 3.63762e-05 4.18759e-05 4.68723e-05 5.1036e-05 5.3151e-05 5.99133e-05 6.20453e-05 6.68758e-05 7.82721e-05 7.4534e-05 8.56335e-05 8.56154e-05 8.07747e-05 9.754e-05 9.23241e-05 0.000109089 0.000125289 0.000128986 0.000154414 0.000171928 0.000209701 0.000273937 0.000373739 0.000518464 0.000736073 0.00104687 0.0014802 0.00209988 0.00291574 0.0040069 0.00539215 0.00712624 0.00928066 0.0118556 0.0148897 0.0183521 0.0221694 0.0262135 0.0303714 0.0343913 0.0380061 0.040972 0.0429912 0.0438314 0.0432606 0.0411476 0.0374469 0.0322899 0.0258472 0.0184334 0.0104373 0.00224217 -0.00572795 -0.013066 -0.0194085 -0.0245302 -0.0282495 -0.0305863 -0.0316065 -0.0314517 -0.0302854 -0.0283731 -0.025954 -0.0232695 -0.0205291 -0.0178643 -0.0153711 -0.0131297 -0.0112116 -0.00957863 -0.0082163 -0.00707998 -0.00616513 -0.0054071 -0.00480033 -0.00428166 -0.00384618 -0.00346092 -0.00314688 -0.00285472 -0.0025906 -0.00233989 -0.00212711 -0.00191658 -0.00171976 -0.00152548 -0.00135209 -0.00117514 -0.00100811 -0.000837614 -0.000677188 -0.000510867 -0.000352753 -0.000184336 -1.8412e-05 0.000155057 0.000322037 0.000509399 0.000700947 0.000903097 0.00110296 0.00133877 0.00158888 0.00186157 0.0021478 0.00249833 0.00289343 0.00335965 0.00389774 0.00456942 0.00537862 0.00639064 0.00761135 0.00908684 0.010834 0.0129109 0.015263 0.0178256 0.0205135 0.0232235 0.0257608 0.0278996 0.0293996 0.0299887 0.0294768 0.0277051 0.024577 0.0200309 0.014205 0.00728587 -0.000391835 -0.00844031 -0.016429 -0.0239796 -0.0306823 -0.0361974 -0.040317 -0.0428882 -0.0439161 -0.0434946 -0.0418315 -0.0391526 -0.0357697 -0.0319075 -0.027827 -0.0237969 -0.0199713 -0.0164725 -0.0133757 -0.0107268 -0.0084926 -0.00668744 -0.00524079 -0.00410591 -0.00324506 -0.00258303 -0.00211297 -0.00177502 -0.00154208 -0.00138518 -0.00128253 -0.00120521 -0.00115807 -0.00113623 -0.00110725 -0.00111139 -0.00110186 -0.00109149 -0.0010969 -0.00107979 -0.00108107 -0.00107883 -0.00107249 -0.00107512 -0.00106932 -0.00106493 -0.00106065 -0.00105772 -0.00105433 -0.00105502 -0.00105434 -0.00105548 -0.0010582 -0.00105297 -0.00105354 -0.00104683 -0.00104249 -0.00104299 -0.001038 -0.0010446 -0.00104462 
0 6.83353e-07 6.56706e-06 8.98971e-06 1.5303e-05 2.46525e-05 2.77281e-05 3.5102e-05 3.89455e-05 3.98976e-05 4.50172e-05 4.77783e-05 5.3151e-05 5.76855e-05 6.53243e-05 6.64667e-05 7.17683e-05 8.11892e-05 7.50435e-05 9.29815e-05 9.56859e-05 9.51551e-05 0.000118931 0.000106244 0.000119135 0.000131658 0.000130211 0.000164089 0.000190352 0.000239675 0.000313295 0.000426147 0.00059234 0.000838965 0.00120438 0.0016956 0.00238598 0.00328787 0.0044816 0.00600449 0.00790177 0.0102539 0.013034 0.0162923 0.0199911 0.0240475 0.0283244 0.0326651 0.0368272 0.0405335 0.0435581 0.0455693 0.0463425 0.0456582 0.0433861 0.0395006 0.0341215 0.027451 0.0197879 0.0115455 0.00307459 -0.00518595 -0.0128374 -0.0195167 -0.0249908 -0.0290697 -0.0317437 -0.0330836 -0.0331828 -0.0322229 -0.0304379 -0.028081 -0.0253637 -0.0225395 -0.0197364 -0.0170788 -0.0146521 -0.0125453 -0.0107225 -0.00918603 -0.00791328 -0.00687412 -0.0060059 -0.00530017 -0.00472333 -0.00422857 -0.00379747 -0.00343228 -0.00311576 -0.00281695 -0.00254862 -0.00230381 -0.00207709 -0.00185261 -0.00165228 -0.00145425 -0.00126244 -0.00107051 -0.00089855 -0.000715824 -0.000534909 -0.000352885 -0.000183268 5.46389e-06 0.000193168 0.000385344 0.000577882 0.000794808 0.00101127 0.00124162 0.00149284 0.0017747 0.00206673 0.00239806 0.00278822 0.00323632 0.0037489 0.00437198 0.00513994 0.00606153 0.00719265 0.00857128 0.0102232 0.0121536 0.0144133 0.016937 0.0196509 0.022446 0.0252196 0.027734 0.0297847 0.0311155 0.0314852 0.0306815 0.0285932 0.0251154 0.0202207 0.0140501 0.00680938 -0.00117244 -0.00950889 -0.0177571 -0.0255636 -0.0325008 -0.0382485 -0.0425634 -0.0453022 -0.0464457 -0.0461047 -0.0444689 -0.0417489 -0.0382766 -0.0342792 -0.0300371 -0.0257942 -0.0217374 -0.0179931 -0.0146668 -0.0118131 -0.00938803 -0.00741578 -0.00581698 -0.00456567 -0.00360719 -0.00287686 -0.00235564 -0.00196815 -0.00170143 -0.00151688 -0.00140211 -0.00131789 -0.00127154 -0.00124924 -0.00120918 -0.0012104 -0.00119242 -0.00117709 -0.00118735 -0.00116973 -0.00117182 -0.00116974 -0.00116039 -0.0011603 -0.00115679 -0.00115608 -0.00115227 -0.0011553 -0.00115105 -0.00114802 -0.00114724 -0.00113615 -0.00113731 -0.00113461 -0.00113208 -0.00113902 -0.00113744 -0.00113855 -0.00114024 -0.00113408 -0.00113163 
0 1.05822e-05 5.94741e-06 2.09482e-05 1.97574e-05 2.04965e-05 3.16538e-05 2.86917e-05 3.76806e-05 4.43847e-05 4.80082e-05 5.47263e-05 5.99133e-05 6.53243e-05 6.54419e-05 7.85524e-05 7.84513e-05 8.07706e-05 9.70386e-05 8.71714e-05 0.000101102 0.000110629 0.000104657 0.00012649 0.000129706 0.00013886 0.00015882 0.000181786 0.000215347 0.000267539 0.000365252 0.000477205 0.000675348 0.000967138 0.00134903 0.00192142 0.00268207 0.0036821 0.00498797 0.00666168 0.0087309 0.0112477 0.0142688 0.0177405 0.0216599 0.025927 0.0304144 0.0349075 0.0391541 0.0429397 0.0459632 0.0479421 0.0486067 0.0478069 0.0453812 0.0413288 0.0357753 0.0289227 0.0211011 0.012664 0.00401275 -0.00447666 -0.0123623 -0.0193401 -0.0251289 -0.0295635 -0.0325942 -0.0342709 -0.0346767 -0.033963 -0.0323781 -0.0301208 -0.0274438 -0.0245574 -0.0216613 -0.0188475 -0.0162654 -0.0139594 -0.0119522 -0.0102301 -0.00881466 -0.00763806 -0.00665194 -0.00584216 -0.00519013 -0.00463711 -0.00415025 -0.00374016 -0.0033808 -0.00305868 -0.00275963 -0.00249526 -0.00223396 -0.00199745 -0.00177471 -0.00156735 -0.00134281 -0.00114276 -0.000951356 -0.000763114 -0.000550065 -0.000360694 -0.00017189 2.21205e-05 0.00024178 0.000443801 0.000657966 0.000883082 0.00113216 0.00138029 0.00166048 0.00196004 0.00229022 0.00265966 0.00310033 0.00359678 0.00417411 0.00488586 0.00576021 0.00680513 0.00806621 0.00961457 0.0114438 0.0135721 0.0159946 0.0186865 0.0215159 0.0244052 0.0271776 0.0296377 0.0315298 0.0326545 0.0327463 0.0316328 0.0291974 0.0253681 0.0201458 0.0136616 0.00616176 -0.00206907 -0.0106062 -0.0190701 -0.0270482 -0.0341783 -0.0401021 -0.0445992 -0.0474957 -0.048758 -0.0485197 -0.0469312 -0.044229 -0.0406727 -0.036589 -0.0322079 -0.027778 -0.0234956 -0.0195323 -0.0160043 -0.0129114 -0.0103122 -0.00816928 -0.006433 -0.00505285 -0.00400461 -0.00320837 -0.002597 -0.00218679 -0.00187754 -0.00166283 -0.00153153 -0.00143671 -0.0013762 -0.001334 -0.00131887 -0.00129155 -0.00128387 -0.00128564 -0.00126493 -0.00127219 -0.00126541 -0.00125537 -0.0012594 -0.00125149 -0.00124898 -0.00124571 -0.00124569 -0.00123598 -0.00123403 -0.00123811 -0.00122508 -0.00123714 -0.0012324 -0.0012234 -0.00123767 -0.00121793 -0.00122251 -0.00122722 -0.00120898 -0.00122863 -0.00121971 
0 3.8841e-06 1.31969e-05 1.45231e-05 2.13831e-05 2.6649e-05 3.00885e-05 3.59833e-05 4.11703e-05 4.72758e-05 5.02604e-05 6.03801e-05 6.20453e-05 6.64667e-05 7.85524e-05 7.39083e-05 8.68217e-05 9.3829e-05 9.20193e-05 0.000110087 0.00010783 0.000110933 0.000123923 0.000124954 0.000137062 0.000156729 0.000174869 0.000197099 0.000244698 0.00030362 0.000394394 0.000557457 0.00077385 0.00108766 0.00154583 0.0021606 0.00299223 0.00410854 0.00554685 0.00734759 0.00958732 0.012307 0.0155076 0.0192078 0.0233576 0.0278215 0.032445 0.037058 0.0414189 0.0452191 0.0481945 0.0500892 0.0506676 0.0497225 0.0471396 0.0429438 0.0372518 0.0302892 0.0223479 0.0138058 0.00502399 -0.00359635 -0.0116763 -0.0188863 -0.0249655 -0.0297417 -0.0331363 -0.0351773 -0.0359138 -0.0355126 -0.0341582 -0.0320778 -0.0294714 -0.0265893 -0.023607 -0.0206856 -0.0179434 -0.0154585 -0.0132517 -0.0113504 -0.00977022 -0.00844732 -0.00733486 -0.00640996 -0.00567261 -0.00504557 -0.00451021 -0.00403869 -0.00364317 -0.00328002 -0.00296582 -0.00266171 -0.00238309 -0.00211472 -0.00188759 -0.00164859 -0.00141373 -0.00118414 -0.000991738 -0.000775279 -0.000554165 -0.000335124 -0.000145753 7.53989e-05 0.000304047 0.000538289 0.000755375 0.00100867 0.00127169 0.00155864 0.00185032 0.00218484 0.00254352 0.00296913 0.0034491 0.00400853 0.00465585 0.00546938 0.00645322 0.00763058 0.00903941 0.0107547 0.0127738 0.0150845 0.0176748 0.0204909 0.0234303 0.0263521 0.0290954 0.031422 0.0331257 0.0339709 0.033759 0.0322962 0.0295044 0.0253215 0.019793 0.0130494 0.0053289 -0.00306178 -0.0117485 -0.020332 -0.0284432 -0.0356931 -0.0417609 -0.0463882 -0.0494409 -0.0508615 -0.0507214 -0.0491954 -0.046535 -0.0430015 -0.0388312 -0.0343156 -0.0297322 -0.0252878 -0.0211162 -0.0173504 -0.014072 -0.0112749 -0.00895177 -0.00708034 -0.00559269 -0.0044189 -0.00353093 -0.00288094 -0.00239326 -0.00205572 -0.00183002 -0.00165942 -0.00155141 -0.00148567 -0.00143771 -0.00140851 -0.0013984 -0.00138436 -0.00136905 -0.00137103 -0.00135659 -0.00135134 -0.00135582 -0.00134346 -0.0013454 -0.00134086 -0.00133247 -0.00133281 -0.00132932 -0.00132662 -0.0013235 -0.00132587 -0.00131946 -0.00131896 -0.0013212 -0.00130995 -0.00131716 -0.00131176 -0.00130618 -0.00131643 -0.00130449 -0.00131075 
0 1.06317e-06 1.06381e-05 9.84946e-06 2.18972e-05 2.85493e-05 3.35014e-05 4.53526e-05 4.49887e-05 5.20868e-05 5.61116e-05 5.76548e-05 6.68758e-05 7.17683e-05 7.84513e-05 8.68217e-05 9.14769e-05 9.52174e-05 0.000104856 0.000106255 0.000115454 0.000129891 0.000130399 0.000147901 0.000152341 0.000159918 0.000186129 0.000210228 0.00026765 0.000343249 0.000458388 0.000627094 0.000871289 0.00123333 0.00173613 0.00243339 0.00335698 0.00457147 0.00611477 0.00807384 0.0104943 0.0133901 0.0168155 0.0207139 0.0250353 0.0296741 0.0344738 0.0391781 0.0435471 0.0473373 0.0502602 0.0520667 0.0524882 0.0513873 0.0486674 0.0443565 0.0385597 0.0315239 0.0235442 0.0149494 0.0061251 -0.00257443 -0.0107704 -0.0181698 -0.0244937 -0.0295987 -0.0333586 -0.0357737 -0.0368832 -0.0368258 -0.0357654 -0.0338997 -0.0314381 -0.0285889 -0.0255764 -0.0225611 -0.0196924 -0.0170236 -0.0146337 -0.0125414 -0.0107892 -0.00930294 -0.0080587 -0.00700972 -0.00616932 -0.00546317 -0.00486749 -0.00433788 -0.00389041 -0.00349396 -0.00314834 -0.00281531 -0.00250544 -0.00221943 -0.00196775 -0.00171118 -0.0014529 -0.00121032 -0.000994845 -0.000765711 -0.000523732 -0.00029186 -7.98852e-05 0.00015246 0.000403077 0.000653742 0.000893747 0.0011604 0.00145111 0.0017639 0.002083 0.00244203 0.00284467 0.00332028 0.00385077 0.00447299 0.00520785 0.00612914 0.00722842 0.00855017 0.0101164 0.0120099 0.0142068 0.0167053 0.0194359 0.0223653 0.025364 0.0282935 0.0309361 0.0330919 0.0345395 0.035073 0.0345057 0.0326798 0.0295179 0.0249893 0.0191854 0.0122207 0.00435005 -0.004149 -0.0129025 -0.02156 -0.0297179 -0.0370413 -0.0432139 -0.0479659 -0.0511448 -0.0527017 -0.0527161 -0.0513064 -0.0487117 -0.0451651 -0.0409833 -0.036417 -0.0316948 -0.0270572 -0.0227019 -0.0187517 -0.015259 -0.0122894 -0.0097903 -0.0077517 -0.00612982 -0.00486126 -0.00389535 -0.0031639 -0.00263133 -0.0022419 -0.00197761 -0.00179387 -0.00168031 -0.0016042 -0.0015465 -0.00152103 -0.00148633 -0.00147432 -0.00146795 -0.00145423 -0.00145631 -0.0014475 -0.00143972 -0.0014363 -0.0014315 -0.00142762 -0.00142816 -0.00142537 -0.00142265 -0.00142417 -0.00141411 -0.00141329 -0.00140799 -0.00140087 -0.00140603 -0.00139939 -0.0014047 -0.00140582 -0.00140141 -0.00140714 -0.00139773 -0.00139893 
0 7.06566e-06 2.11613e-05 1.91204e-05 2.85906e-05 2.93594e-05 2.83912e-05 4.06839e-05 3.98995e-05 5.21689e-05 6.38851e-05 6.49304e-05 7.82721e-05 8.11892e-05 8.07706e-05 9.3829e-05 9.52174e-05 0.000100114 0.000117358 0.00011241 0.000123863 0.000135135 0.000127851 0.000153617 0.000161525 0.000179619 0.000216435 0.000241778 0.000302979 0.000380096 0.000511282 0.000705708 0.000986905 0.00139559 0.00194788 0.00271221 0.00372064 0.00505588 0.0067386 0.00885516 0.011449 0.0145201 0.0181468 0.0222455 0.0267586 0.031548 0.0364412 0.0411993 0.0455856 0.0493393 0.052145 0.0538134 0.0540796 0.0528243 0.0499656 0.0455469 0.0396914 0.0326394 0.0246784 0.0160964 0.00729857 -0.00140701 -0.00965813 -0.0171867 -0.0237185 -0.0291227 -0.0332427 -0.0360392 -0.0375518 -0.0378736 -0.0371542 -0.035557 -0.0332953 -0.0305329 -0.027534 -0.0244623 -0.021486 -0.0186529 -0.0160866 -0.0138076 -0.0118678 -0.0102114 -0.0088225 -0.0076441 -0.00668331 -0.00589069 -0.0052222 -0.00463268 -0.00412573 -0.00369421 -0.00330765 -0.00294582 -0.00260376 -0.00230095 -0.00201631 -0.00174229 -0.00146261 -0.00120857 -0.000962115 -0.000720371 -0.000460619 -0.000217687 2.44007e-05 0.000267597 0.000537488 0.000802404 0.00107253 0.00135209 0.00167012 0.00200638 0.00236031 0.00274469 0.0031968 0.00372206 0.0043127 0.00500271 0.00584047 0.00687425 0.00810081 0.0095726 0.011313 0.0133847 0.0157575 0.0184278 0.0212862 0.0242981 0.0273192 0.0302069 0.0326979 0.0346285 0.0357718 0.0359541 0.0349963 0.0327907 0.0292545 0.0243993 0.0183465 0.0112114 0.00324116 -0.00530133 -0.0140574 -0.0227248 -0.0308829 -0.0382318 -0.0444576 -0.0493109 -0.0526251 -0.0543395 -0.0544989 -0.0532133 -0.0507387 -0.0472514 -0.0430628 -0.0384304 -0.0336132 -0.028841 -0.0243168 -0.0201718 -0.016471 -0.0133189 -0.0106499 -0.00846964 -0.00671966 -0.00533401 -0.00427206 -0.00346355 -0.00288144 -0.00245112 -0.00215692 -0.00194269 -0.00180312 -0.0017101 -0.00164029 -0.00161976 -0.00158281 -0.00157221 -0.00156791 -0.00154333 -0.00154864 -0.00154009 -0.00153194 -0.00153657 -0.00152829 -0.0015225 -0.0015218 -0.00151044 -0.00150382 -0.00150626 -0.00149822 -0.00150317 -0.00150558 -0.00149961 -0.00150417 -0.00149541 -0.00149144 -0.00148921 -0.0014828 -0.00148606 -0.00148447 -0.00148941 
