0 0 0 0 0 0 0 0 0 0 0 0 0 0 0 0 0 0 0 0 0 0 0 0 0 0 0 0 0 0 0 0 0 0 0 0 0 0 0 0 0 0 0 0 0 0 0 0 0 0 0 0 0 0 0 0 0 0 0 0 0 0 0 0 0 0 0 0 0 0 0 0 0 0 0 0 0 0 0 0 0 0 0 0 0 0 0 0 0 0 0 0 0 0 0 0 0 0 0 0 0 0 0 0 0 0 0 0 0 0 0 0 0 0 0 0 0 0 0 0 0 0 0 0 0 0 0 0 0 0 0 0 0 0 0 0 0 0 0 0 0 0 0 0 0 0 0 0 0 0 0 0 0 0 0 0 0 0 0 0 0 0 0 0 0 0 0 0 0 0 0 0 0 0 0 0 0 0 0 0 0 0 0 0 0 0 0 0 0 0 0 0 0 0 0 0 0 0 0 0 
0 5.115e-06 -5.19093e-06 1.04271e-05 7.2211e-07 -1.2221e-06 8.01824e-06 -7.91688e-06 3.74089e-06 2.84328e-06 -2.99528e-06 1.1915e-05 1.89164e-06 5.51e-06 9.06574e-06 -1.24554e-07 6.78202e-06 4.76784e-06 5.04747e-06 7.41009e-06 6.61748e-06 6.30355e-06 2.695e-06 8.04285e-06 6.39468e-06 8.56172e-06 1.86209e-05 1.34947e-05 1.59356e-05 2.43043e-05 2.30548e-05 3.77391e-05 6.59492e-05 8.92257e-05 0.000129879 0.000196476 0.000268556 0.000374837 0.000530932 0.000700916 0.000916093 0.00118404 0.00148749 0.0018437 0.00224383 0.00267295 0.00308914 0.00347999 0.00381912 0.00407034 0.00417627 0.00411823 0.00391913 0.00353325 0.0029746 0.00226072 0.00143845 0.000546288 -0.000336061 -0.00115955 -0.00188288 -0.00244905 -0.00286514 -0.00310519 -0.00317916 -0.00308967 -0.00290776 -0.00264092 -0.00234366 -0.0020358 -0.00173355 -0.00144791 -0.00121054 -0.00102544 -0.000860004 -0.000731237 -0.000623037 -0.000547667 -0.000479807 -0.000442279 -0.000388304 -0.000349691 -0.000317614 -0.000308337 -0.000271286 -0.00024585 -0.000226796 -0.000221743 -0.00019427 -0.000177235 -0.000163006 -0.000155941 -0.000136386 -0.000124375 -0.000111383 -0.000102396 -8.83732e-05 -7.83629e-05 -6.55105e-05 -5.59081e-05 -4.39679e-05 -3.43078e-05 -2.17154e-05 -1.18886e-05 1.87899e-06 1.12341e-05 2.32816e-05 3.455e-05 5.38978e-05 6.18751e-05 7.40871e-05 8.95464e-05 0.000117232 0.000123466 0.00013917 0.000162098 0.000199494 0.000208975 0.000236452 0.000270884 0.000322712 0.000356054 0.000416791 0.000482372 0.000579337 0.000693359 0.000845141 0.00101106 0.00122787 0.0014934 0.0017848 0.00208439 0.00238401 0.0026634 0.00287292 0.00300414 0.0029877 0.00281263 0.00246209 0.00196348 0.0013001 0.000526516 -0.000326259 -0.00120514 -0.00203445 -0.00276931 -0.00337089 -0.00380979 -0.00405271 -0.00415192 -0.00409797 -0.00390169 -0.00358906 -0.00320932 -0.00280743 -0.00239548 -0.00199547 -0.00162862 -0.00132041 -0.00104119 -0.000816231 -0.00064747 -0.000491894 -0.000372666 -0.000292452 -0.000225019 -0.000176013 -0.000154066 -0.000130039 -0.000107764 -0.00010355 -9.31342e-05 -8.67601e-05 -9.19998e-05 -8.9203e-05 -8.86415e-05 -8.84646e-05 -8.72695e-05 -8.58434e-05 -8.4899e-05 -9.15106e-05 -8.57628e-05 -8.89461e-05 -9.13491e-05 -7.88023e-05 -8.79235e-05 -8.13793e-05 -7.80684e-05 -9.08532e-05 -8.01192e-05 -8.88712e-05 -9.06199e-05 -8.0706e-05 -9.07151e-05 -8.06668e-05 -8.08932e-05 -8.6435e-05 -7.78007e-05 -8.68841e-05 -8.3548e-05 
0 -5.19093e-06 3.7372e-06 -4.44333e-06 -3.0744e-06 8.78557e-06 -9.30509e-07 1.11472e-05 1.28021e-05 -4.24198e-07 1.564e-05 3.07208e-08 6.18766e-07 1.49873e-05 -2.9005e-06 1.57374e-05 1.3899e-05 4.38504e-06 1.85798e-05 8.63045e-06 1.1343e-05 1.75285e-05 2.04477e-05 1.44863e-05 2.15079e-05 1.98655e-05 3.6833e-06 3.09582e-05 2.24399e-05 3.82574e-05 7.14266e-05 7.79474e-05 0.000128034 0.000177638 0.000272019 0.000389013 0.00055656 0.000782094 0.0010402 0.00139897 0.00183282 0.00236732 0.00297358 0.00369952 0.0044841 0.00529799 0.00617495 0.00697034 0.00763275 0.00808919 0.00832426 0.00823934 0.00782074 0.00704498 0.00592287 0.00453053 0.00287574 0.0011104 -0.000658549 -0.00228941 -0.00373284 -0.00487016 -0.00569663 -0.00618926 -0.00632873 -0.00617641 -0.0058016 -0.00529238 -0.00468694 -0.00408781 -0.00347318 -0.00291447 -0.00243251 -0.00206024 -0.00172892 -0.00146591 -0.00125407 -0.0010915 -0.00096637 -0.000873711 -0.000781178 -0.000688676 -0.000640207 -0.000600066 -0.000545714 -0.000478894 -0.000456612 -0.000426821 -0.000390564 -0.000341619 -0.000327222 -0.000297364 -0.000273593 -0.000236598 -0.000222791 -0.000192354 -0.000176573 -0.000145245 -0.000130487 -0.000100314 -8.73453e-05 -5.72572e-05 -4.27338e-05 -1.18202e-05 3.92714e-06 3.45349e-05 4.72564e-05 8.26028e-05 0.000106628 0.000137353 0.000148812 0.000194443 0.000231404 0.000262413 0.000278788 0.000340521 0.000394684 0.000434392 0.000473024 0.000557281 0.00064283 0.000727157 0.000834702 0.000978213 0.00116318 0.00139794 0.0016962 0.00203146 0.00246777 0.0029883 0.00357655 0.00416079 0.00476852 0.00530366 0.00573415 0.00596916 0.0059459 0.00558066 0.00489226 0.0038868 0.00256645 0.00103108 -0.000665851 -0.00240129 -0.00407564 -0.00551838 -0.0067102 -0.00756712 -0.00809743 -0.00829262 -0.00814962 -0.00775538 -0.00716911 -0.0064462 -0.00559506 -0.00478095 -0.0039946 -0.00327202 -0.00264627 -0.00210555 -0.00165567 -0.0012669 -0.000987839 -0.000753745 -0.000584988 -0.000450614 -0.000357386 -0.000295532 -0.000232275 -0.000232792 -0.000202785 -0.000192224 -0.000200088 -0.000177035 -0.000178547 -0.000177538 -0.000176597 -0.000170902 -0.000181997 -0.000173151 -0.000164045 -0.000180226 -0.000157856 -0.000171924 -0.000178515 -0.000164047 -0.000185704 -0.000170953 -0.000168887 -0.000175088 -0.000158863 -0.000168114 -0.000166115 -0.000164598 -0.000173616 -0.000169571 -0.000171477 -0.00017263 -0.000167947 -0.000167673 
0 1.04271e-05 -4.44333e-06 1.46137e-05 3.19783e-06 1.43638e-06 1.22967e-05 -6.87675e-06 8.93611e-06 7.04977e-06 2.85855e-06 2.123e-05 8.99803e-06 1.62336e-05 1.78852e-05 8.8398e-06 1.76796e-05 1.37887e-05 1.77764e-05 1.92857e-05 1.93388e-05 2.03931e-05 1.53502e-05 2.32029e-05 2.31656e-05 2.78215e-05 4.17758e-05 4.16444e-05 4.75971e-05 6.72819e-05 8.22166e-05 0.000120491 0.0001949 0.000275525 0.000402804 0.000593172 0.000826463 0.00115273 0.0015932 0.00211708 0.00276704 0.00356129 0.00447789 0.00554206 0.00672596 0.00798223 0.00923193 0.010395 0.0113874 0.0121052 0.0124214 0.0122685 0.0116537 0.0105068 0.00884992 0.00674878 0.0043126 0.00168636 -0.000927708 -0.00336965 -0.00551075 -0.00721304 -0.00845471 -0.00918895 -0.00942366 -0.00920332 -0.00867443 -0.00791188 -0.00703733 -0.00612983 -0.00523145 -0.0043919 -0.00367989 -0.00310748 -0.00261484 -0.00221905 -0.00189677 -0.00165549 -0.00145943 -0.00132362 -0.0011753 -0.00105381 -0.000964337 -0.000911708 -0.000819058 -0.000739819 -0.000686309 -0.000652668 -0.000586381 -0.000531498 -0.000491136 -0.000459218 -0.0004111 -0.00037077 -0.000334391 -0.000301812 -0.000265365 -0.000231574 -0.000196064 -0.000163471 -0.00013128 -9.90319e-05 -6.4047e-05 -3.04971e-05 5.43296e-06 3.79239e-05 7.2361e-05 0.000110985 0.000158581 0.000191113 0.000227189 0.000278226 0.000344488 0.000378899 0.000424835 0.000497485 0.000589381 0.000640131 0.000717628 0.000826894 0.000966261 0.00108841 0.00126185 0.00147345 0.00176024 0.00211314 0.00256052 0.00307692 0.00372801 0.00451184 0.00537545 0.006263 0.00714563 0.00794973 0.00856302 0.00891019 0.00884474 0.00830198 0.00725774 0.00575234 0.00378832 0.00148937 -0.00103357 -0.00362218 -0.00608022 -0.00825044 -0.010026 -0.0113173 -0.0120721 -0.0123621 -0.0121935 -0.0116141 -0.0107111 -0.00960309 -0.00839647 -0.00717286 -0.00599003 -0.00490643 -0.00397058 -0.00314971 -0.00247451 -0.00194006 -0.00148856 -0.00113539 -0.000883166 -0.000682609 -0.000540244 -0.000456811 -0.000383993 -0.000333309 -0.000308827 -0.00028454 -0.000271696 -0.000273424 -0.000267683 -0.000265934 -0.000264991 -0.000260642 -0.000260864 -0.000257968 -0.000265442 -0.000260992 -0.000261155 -0.000265712 -0.000249009 -0.00025772 -0.000251489 -0.000245075 -0.000261968 -0.000249203 -0.000259351 -0.000262654 -0.000249271 -0.000261807 -0.000248592 -0.000248678 -0.000254639 -0.000242469 -0.000256203 -0.000251492 
0 7.2211e-07 -3.0744e-06 3.19783e-06 3.26757e-06 6.65335e-06 9.91009e-06 9.14439e-06 1.45558e-05 1.07296e-05 1.27523e-05 1.37876e-05 1.04854e-05 1.76688e-05 1.54605e-05 1.91424e-05 2.33449e-05 1.98432e-05 2.52405e-05 2.43041e-05 2.52736e-05 3.0049e-05 3.09153e-05 3.22941e-05 3.538e-05 3.59795e-05 3.78657e-05 5.07042e-05 6.04667e-05 8.64956e-05 0.000124042 0.000172344 0.000259384 0.000375634 0.000552531 0.000799756 0.00112909 0.00156852 0.00212873 0.00283408 0.00370594 0.00475964 0.00598602 0.00740061 0.00895719 0.0106001 0.0122651 0.0138101 0.0151049 0.0160201 0.0164399 0.0162571 0.0154258 0.0139033 0.0117169 0.00895908 0.00575014 0.0023015 -0.00114591 -0.00436758 -0.00719297 -0.00946228 -0.0111144 -0.0121065 -0.0124389 -0.0121929 -0.011513 -0.0105358 -0.00939174 -0.00819934 -0.0070126 -0.00591077 -0.00496067 -0.00418209 -0.00352497 -0.00298882 -0.00255765 -0.0022233 -0.00196392 -0.00176302 -0.00157442 -0.00140964 -0.00129292 -0.00120213 -0.0010929 -0.000986786 -0.000916611 -0.000856608 -0.000781052 -0.000705915 -0.000653205 -0.000601998 -0.000546208 -0.000489299 -0.000442897 -0.000394954 -0.000350662 -0.000302498 -0.000258025 -0.000211447 -0.000171155 -0.000125329 -8.13263e-05 -3.32135e-05 1.0626e-05 5.76858e-05 0.000102292 0.000157533 0.000212699 0.000263164 0.00031169 0.00038271 0.000457489 0.000516239 0.000578368 0.000676678 0.000782894 0.000868737 0.000970732 0.00111927 0.00129295 0.00147373 0.00170113 0.00199474 0.00237616 0.00285498 0.00344728 0.00415129 0.00502069 0.00605147 0.00718992 0.00835918 0.00951545 0.0105512 0.0113453 0.0117613 0.0116515 0.0109115 0.00952311 0.00751125 0.00491853 0.00188301 -0.00143944 -0.00483869 -0.00807896 -0.0109318 -0.0132625 -0.0149625 -0.0159923 -0.0163729 -0.0161367 -0.0153791 -0.0142173 -0.0127741 -0.011167 -0.00954774 -0.00799197 -0.00656471 -0.00531342 -0.00423262 -0.00332773 -0.00258732 -0.0019975 -0.00153298 -0.00118538 -0.000920019 -0.000729177 -0.000599623 -0.00050302 -0.000451085 -0.000412825 -0.000388193 -0.000377145 -0.000364108 -0.000357592 -0.000355013 -0.000352294 -0.000349373 -0.00035179 -0.000346219 -0.000344741 -0.000345627 -0.000339058 -0.000344765 -0.000342677 -0.000342726 -0.000346891 -0.000340696 -0.000343059 -0.000339117 -0.000336164 -0.00033809 -0.000334376 -0.000337804 -0.000337098 -0.000338234 -0.000340616 -0.000337184 -0.000339443 -0.000335465 
0 -1.2221e-06 8.78557e-06 1.43638e-06 6.65335e-06 9.25259e-06 3.59912e-06 1.60142e-05 1.16887e-05 1.2009e-05 2.13734e-05 1.26546e-05 1.99665e-05 2.26393e-05 1.78785e-05 2.73661e-05 2.53524e-05 2.59428e-05 3.06403e-05 3.01174e-05 3.15391e-05 3.47076e-05 3.95834e-05 3.70785e-05 4.50648e-05 4.9488e-05 4.81394e-05 6.84718e-05 8.11722e-05 0.000107228 0.000159341 0.000223402 0.000327081 0.000482758 0.000707218 0.00101079 0.0014331 0.00198804 0.00268427 0.00357669 0.00466807 0.00597605 0.0075093 0.00926401 0.0111917 0.0132166 0.0152621 0.0171577 0.0187424 0.0198522 0.0203578 0.0201315 0.0190859 0.0172066 0.014514 0.0111218 0.00718075 0.00295445 -0.00128514 -0.00525844 -0.00874401 -0.0115718 -0.0136323 -0.0148891 -0.0153404 -0.0150977 -0.0142973 -0.0131322 -0.0117439 -0.0102797 -0.00882096 -0.0074675 -0.00628326 -0.0052914 -0.00446857 -0.0037883 -0.0032455 -0.00281418 -0.00248716 -0.00221487 -0.00198614 -0.00178155 -0.00163317 -0.00149933 -0.001375 -0.00124709 -0.00115565 -0.00106699 -0.000982754 -0.000891044 -0.000822184 -0.000751799 -0.000687331 -0.000616137 -0.000557221 -0.000495369 -0.00044096 -0.000380191 -0.00032521 -0.000266502 -0.000215424 -0.000157832 -0.000103326 -4.25765e-05 1.12506e-05 7.1152e-05 0.000128352 0.000197896 0.000261201 0.000328823 0.000393855 0.000481499 0.000563541 0.000648004 0.000731845 0.000851457 0.000969863 0.00109488 0.00122731 0.00141252 0.00162036 0.00186589 0.00215303 0.00253357 0.00301424 0.00362427 0.00436459 0.00526596 0.00635472 0.00762649 0.00902726 0.0104697 0.0118789 0.0131236 0.0140702 0.0145271 0.0143483 0.0134004 0.0116643 0.00914897 0.00594515 0.0021939 -0.00189705 -0.00606812 -0.0100479 -0.0135611 -0.0164306 -0.0185249 -0.0198148 -0.0202867 -0.0200052 -0.0190834 -0.0176632 -0.0158923 -0.0139166 -0.011918 -0.00999501 -0.00822758 -0.00665938 -0.00531841 -0.00419075 -0.00325588 -0.00252295 -0.00194233 -0.00149583 -0.00116605 -0.000929111 -0.000757258 -0.000639021 -0.000572557 -0.000515977 -0.000486167 -0.00047235 -0.000452134 -0.000447945 -0.000444117 -0.000439516 -0.000437149 -0.0004381 -0.000435178 -0.000429915 -0.000435704 -0.000428017 -0.000428304 -0.000433973 -0.000423376 -0.000430263 -0.000427964 -0.000420548 -0.000428849 -0.000420826 -0.000421818 -0.000426717 -0.000419296 -0.000424672 -0.000422324 -0.00041864 -0.000423582 -0.000418391 -0.000421096 
0 8.01824e-06 -9.30509e-07 1.22967e-05 9.91009e-06 3.59912e-06 1.905e-05 6.05458e-06 9.70104e-06 2.27915e-05 9.09579e-06 2.78231e-05 2.76053e-05 1.89751e-05 3.73333e-05 2.30979e-05 2.79993e-05 3.76907e-05 2.93991e-05 3.97095e-05 4.12654e-05 4.02211e-05 3.89766e-05 4.98627e-05 4.76178e-05 5.43804e-05 8.09793e-05 7.40023e-05 0.000107999 0.000140245 0.000181147 0.000280873 0.000404293 0.000602408 0.000863177 0.00124611 0.001747 0.00240244 0.00327708 0.00433881 0.00564892 0.00720955 0.00905353 0.011122 0.0134125 0.01584 0.018209 0.0204232 0.0222782 0.0235988 0.024158 0.0238642 0.0226217 0.0204018 0.017238 0.0132211 0.00861275 0.0036475 -0.00132589 -0.00602512 -0.0101409 -0.0135134 -0.0159858 -0.0175091 -0.0181167 -0.0178951 -0.0170272 -0.0156908 -0.0141026 -0.0123711 -0.0106708 -0.00906659 -0.00765886 -0.00644456 -0.00545216 -0.00462408 -0.00396029 -0.00343407 -0.00302252 -0.00268441 -0.00240071 -0.00217162 -0.00197183 -0.00180758 -0.00165156 -0.00152107 -0.00138916 -0.00128674 -0.00117733 -0.0010866 -0.000984972 -0.000909945 -0.000821534 -0.000750709 -0.000665624 -0.000603151 -0.000524621 -0.000463851 -0.000386627 -0.000328178 -0.000252918 -0.000195565 -0.00011899 -5.82231e-05 1.92482e-05 7.93032e-05 0.000162354 0.000231915 0.000317979 0.000388753 0.000486591 0.000573888 0.000678914 0.000774194 0.000899158 0.00102115 0.00116784 0.0013182 0.00150182 0.00170751 0.00196472 0.00226652 0.00263208 0.00309497 0.0036867 0.00442835 0.00532394 0.00642986 0.00773326 0.00924535 0.0108832 0.0125954 0.0142185 0.0156582 0.016705 0.0171862 0.0168969 0.0157389 0.0136414 0.0106359 0.00684259 0.00240188 -0.00241207 -0.00731996 -0.011969 -0.0161237 -0.0195034 -0.0219911 -0.0235019 -0.0240698 -0.0237805 -0.0227106 -0.021032 -0.0189333 -0.016657 -0.0142824 -0.0119979 -0.00989907 -0.00802699 -0.00641523 -0.00506008 -0.00396857 -0.0030575 -0.00236082 -0.00182153 -0.00142114 -0.00113144 -0.00092404 -0.000796922 -0.000677847 -0.000628471 -0.000587819 -0.000550971 -0.00055387 -0.000538374 -0.000532149 -0.000528482 -0.000528301 -0.000517422 -0.000522074 -0.0005282 -0.000511683 -0.000529023 -0.000516232 -0.000507113 -0.000521263 -0.000500058 -0.000510918 -0.000514479 -0.000503225 -0.000518746 -0.000509049 -0.000506531 -0.000512961 -0.000501152 -0.000505526 -0.000506159 -0.00049989 -0.000507447 -0.000505035 
0 -7.91688e-06 1.11472e-05 -6.87675e-06 9.14439e-06 1.60142e-05 6.05458e-06 2.84839e-05 1.65276e-05 2.17146e-05 2.87934e-05 1.34555e-05 2.85951e-05 2.38433e-05 2.72776e-05 3.83971e-05 3.43324e-05 4.30035e-05 3.91426e-05 4.45648e-05 4.53872e-05 4.72879e-05 6.06912e-05 5.39928e-05 6.4075e-05 6.90343e-05 6.71103e-05 9.18551e-05 0.000121669 0.000161373 0.000239095 0.000346565 0.000485791 0.000721894 0.00104759 0.00148121 0.00209516 0.00287746 0.00386018 0.00511387 0.0066452 0.00846601 0.0106001 0.0130074 0.0156305 0.0183749 0.0211075 0.0236416 0.0257348 0.0271752 0.0278117 0.02748 0.0260293 0.0234688 0.0198448 0.0152882 0.0100354 0.00440075 -0.00127748 -0.00663633 -0.0113655 -0.0152647 -0.0181454 -0.0199585 -0.020733 -0.0205892 -0.0196728 -0.0182296 -0.0164462 -0.0144986 -0.0125533 -0.010729 -0.00908528 -0.00765831 -0.0064809 -0.00550009 -0.00471091 -0.00407646 -0.00358093 -0.00315792 -0.00283205 -0.00255647 -0.00232289 -0.00210392 -0.00193793 -0.00177956 -0.00163207 -0.00149029 -0.00137912 -0.00126434 -0.00115537 -0.00105147 -0.000961268 -0.000867719 -0.000780009 -0.000694831 -0.000612617 -0.000530426 -0.000452816 -0.000373919 -0.000294018 -0.000215831 -0.000138786 -5.7197e-05 2.39764e-05 0.000106435 0.00019242 0.000284311 0.000371681 0.000469941 0.000575678 0.000687008 0.000791841 0.000923757 0.00106454 0.00121418 0.00136606 0.00156648 0.00178106 0.00203026 0.0023198 0.00269755 0.00313556 0.00369646 0.00439723 0.00527757 0.0063381 0.00764314 0.0091699 0.0108968 0.0127741 0.0147086 0.0165424 0.0181148 0.0192461 0.0196903 0.0192816 0.0178812 0.0154316 0.0119429 0.00757541 0.00250043 -0.00299423 -0.00856703 -0.0138758 -0.0185935 -0.0224479 -0.025293 -0.0270732 -0.0277374 -0.0273902 -0.0261971 -0.0243294 -0.0219693 -0.019333 -0.0166239 -0.0140112 -0.0115918 -0.00942011 -0.00755574 -0.00597457 -0.004656 -0.00361912 -0.00280495 -0.00215763 -0.00169092 -0.00134442 -0.00108306 -0.000921162 -0.000814512 -0.000735908 -0.000694413 -0.00066854 -0.00063747 -0.000630894 -0.000623174 -0.000614852 -0.000619056 -0.00061138 -0.000611413 -0.00060213 -0.000601659 -0.00060115 -0.000594098 -0.000609293 -0.000598682 -0.000603257 -0.000607709 -0.000588474 -0.000601062 -0.000588484 -0.000585235 -0.000597465 -0.000582097 -0.000596739 -0.000594453 -0.000587563 -0.000601328 -0.000584899 -0.000590437 
0 3.74089e-06 1.28021e-05 8.93611e-06 1.45558e-05 1.16887e-05 9.70104e-06 1.65276e-05 1.32688e-05 2.35284e-05 2.47516e-05 2.8359e-05 3.88702e-05 3.14995e-05 4.02629e-05 3.84421e-05 3.5595e-05 4.7075e-05 4.24468e-05 5.04143e-05 5.48247e-05 5.24088e-05 5.85811e-05 6.24266e-05 6.8122e-05 8.1152e-05 9.94015e-05 0.000114216 0.000151481 0.000196406 0.000272115 0.000403581 0.000580416 0.000857702 0.00123022 0.00174343 0.00243941 0.00333633 0.00449467 0.00593401 0.00767958 0.00975216 0.0121744 0.0148831 0.0178415 0.0209321 0.0239487 0.0267317 0.0290417 0.0306432 0.0313114 0.0308903 0.0292507 0.0263884 0.0223486 0.0172679 0.0114466 0.00519833 -0.00110365 -0.00708427 -0.0123864 -0.0167872 -0.020074 -0.0221846 -0.0231655 -0.0231217 -0.0222219 -0.0206985 -0.0187758 -0.0166301 -0.0144799 -0.0124369 -0.0105761 -0.00893406 -0.0075687 -0.00642942 -0.00550674 -0.00476375 -0.00416686 -0.0036676 -0.00328144 -0.00296937 -0.00268402 -0.00242892 -0.00223091 -0.00206007 -0.00187998 -0.00171846 -0.0015837 -0.00146129 -0.0013291 -0.00121346 -0.00110252 -0.00100166 -0.000896616 -0.000803497 -0.000701665 -0.000612103 -0.000520281 -0.000434772 -0.000335717 -0.00025014 -0.000159134 -7.11664e-05 2.90299e-05 0.000119681 0.000222389 0.000320642 0.000427395 0.000536762 0.00066508 0.000783247 0.000909286 0.00105891 0.00123171 0.00139266 0.00157256 0.00180438 0.00206857 0.00235022 0.00269271 0.0031364 0.00366767 0.00432646 0.0051496 0.0061737 0.00741022 0.00891939 0.01066 0.0126045 0.0146918 0.0168362 0.0188327 0.0205168 0.0216688 0.0220554 0.0214828 0.0198295 0.0170141 0.013063 0.00815061 0.00247183 -0.00364633 -0.00983658 -0.0157187 -0.0209779 -0.0252872 -0.0284758 -0.0304609 -0.0312348 -0.0309023 -0.0295981 -0.0275164 -0.0248939 -0.0219916 -0.0189642 -0.0160192 -0.0132852 -0.0108215 -0.00869156 -0.0068939 -0.00540805 -0.00420015 -0.00325611 -0.00251537 -0.0019701 -0.0015707 -0.00127765 -0.00108673 -0.000939303 -0.000849767 -0.000792921 -0.000752184 -0.000734834 -0.000722736 -0.000711328 -0.000704765 -0.000703506 -0.000693075 -0.000699102 -0.000697829 -0.000692312 -0.00070044 -0.000686952 -0.000687261 -0.000684732 -0.000675032 -0.000682955 -0.000677487 -0.000680886 -0.000683863 -0.000679643 -0.000683521 -0.000677028 -0.00067618 -0.000674015 -0.000669695 -0.000673526 -0.000671057 -0.000675263 
0 2.84328e-06 -4.24198e-07 7.04977e-06 1.07296e-05 1.2009e-05 2.27915e-05 2.17146e-05 2.35284e-05 2.91693e-05 2.34844e-05 3.19207e-05 3.39823e-05 3.16094e-05 4.41187e-05 4.21298e-05 4.56797e-05 5.40312e-05 5.11044e-05 5.62999e-05 6.17248e-05 6.3024e-05 6.66842e-05 7.68157e-05 7.76936e-05 8.71482e-05 0.00010928 0.000123631 0.000171782 0.00023454 0.000326624 0.00047906 0.000688591 0.00100339 0.00143217 0.00202959 0.00282097 0.00383878 0.00514888 0.00676465 0.00872906 0.0110586 0.013762 0.0167706 0.0200313 0.0234209 0.0267186 0.029744 0.0322326 0.0339414 0.0346315 0.0341324 0.0323131 0.029153 0.024725 0.0191839 0.0128517 0.00605114 -0.000816285 -0.00735877 -0.0131989 -0.0180745 -0.021766 -0.0241909 -0.025405 -0.0255015 -0.0246654 -0.023111 -0.021086 -0.0187841 -0.01645 -0.0142041 -0.0121311 -0.0102809 -0.00871609 -0.00741153 -0.00634473 -0.00548367 -0.00477463 -0.00419516 -0.00374076 -0.00338224 -0.00304503 -0.00275392 -0.00252012 -0.00232928 -0.00212181 -0.0019397 -0.00178064 -0.00164522 -0.00149556 -0.00136523 -0.00123551 -0.00112323 -0.00100539 -0.000900294 -0.000782624 -0.000681766 -0.000579221 -0.00048294 -0.000369073 -0.00027174 -0.000170136 -7.18484e-05 4.38362e-05 0.00014739 0.000262497 0.000371157 0.000495808 0.000620409 0.000765446 0.000895383 0.00104384 0.00121335 0.00141185 0.00159057 0.00180211 0.00206559 0.00237679 0.00269898 0.00310034 0.00361216 0.00424377 0.00500795 0.00596056 0.00713278 0.00855512 0.0102617 0.0122101 0.0143568 0.0166354 0.0189491 0.0210728 0.0228199 0.0239456 0.0242302 0.0234646 0.0215372 0.0183539 0.0139607 0.00853301 0.00230817 -0.00436952 -0.0111139 -0.017518 -0.0232495 -0.0279647 -0.0314788 -0.033677 -0.03456 -0.0342289 -0.0328407 -0.0306053 -0.0277659 -0.0245978 -0.0212768 -0.0180316 -0.0150024 -0.0122648 -0.00987573 -0.00784805 -0.00617357 -0.00480365 -0.00373242 -0.00289585 -0.00226518 -0.00179983 -0.0014622 -0.00123694 -0.00106832 -0.000971504 -0.000904946 -0.000854245 -0.000835149 -0.000814226 -0.000801706 -0.00079739 -0.000793682 -0.000784948 -0.000785463 -0.000782916 -0.000772234 -0.000779856 -0.000772548 -0.000770143 -0.000778383 -0.000767615 -0.000771891 -0.000771475 -0.000762393 -0.000767018 -0.000760772 -0.00075877 -0.000763156 -0.000758697 -0.000762208 -0.000763362 -0.000758933 -0.000761798 -0.000758394 
0 -2.99528e-06 1.564e-05 2.85855e-06 1.27523e-05 2.13734e-05 9.09579e-06 2.87934e-05 2.47516e-05 2.34844e-05 4.24023e-05 2.8939e-05 3.76207e-05 4.57082e-05 3.75723e-05 5.23103e-05 5.24878e-05 5.34878e-05 6.0393e-05 6.25395e-05 6.46232e-05 6.84298e-05 8.20714e-05 7.71539e-05 9.34331e-05 0.000108552 0.000110357 0.00015689 0.000195723 0.000267459 0.000390346 0.000555325 0.000802869 0.00115392 0.00166131 0.00232007 0.00322008 0.00438248 0.00582314 0.0076355 0.0098181 0.0124036 0.015359 0.0186745 0.0222212 0.0258518 0.0294172 0.0326463 0.0352871 0.0370473 0.0377543 0.0371723 0.0351743 0.0317378 0.0269524 0.0210288 0.0142313 0.00696283 -0.000411927 -0.00743949 -0.0137805 -0.0190958 -0.0231842 -0.0259426 -0.027408 -0.0276975 -0.0269611 -0.025443 -0.0233467 -0.0209512 -0.0184477 -0.0160311 -0.0137483 -0.0117077 -0.00993387 -0.00846092 -0.00724159 -0.0062495 -0.00542616 -0.0047554 -0.00423342 -0.00380666 -0.00343025 -0.00309056 -0.0028303 -0.00259718 -0.00238105 -0.00216308 -0.00199325 -0.00182491 -0.00167583 -0.001514 -0.00138097 -0.00124009 -0.00112486 -0.000991158 -0.000874012 -0.000746295 -0.000646524 -0.000523732 -0.000411697 -0.000287262 -0.000188573 -6.45849e-05 5.01506e-05 0.000182607 0.000294535 0.000429906 0.000556903 0.000713218 0.000856216 0.00101648 0.00117376 0.00137887 0.00158264 0.00180024 0.00203365 0.00234281 0.0026854 0.00306997 0.00352799 0.00412155 0.00485277 0.00573846 0.00682745 0.00815612 0.0097751 0.0116697 0.013826 0.0161514 0.018613 0.0210419 0.0232671 0.0250138 0.0260804 0.0262063 0.0252294 0.0229979 0.0194509 0.0146366 0.00872372 0.00201394 -0.00516784 -0.0123858 -0.0192742 -0.0254058 -0.0304934 -0.0342958 -0.0367147 -0.0377122 -0.0373799 -0.0359401 -0.0335843 -0.0305741 -0.0271335 -0.0235697 -0.0200486 -0.0167253 -0.0137203 -0.0110841 -0.00883764 -0.00694766 -0.00544639 -0.00423426 -0.0032892 -0.0025825 -0.00204971 -0.00166651 -0.00139188 -0.00122391 -0.00108815 -0.00101059 -0.00096888 -0.000918646 -0.000908888 -0.000894756 -0.000883489 -0.000880748 -0.00087788 -0.000872124 -0.000864117 -0.000872026 -0.000858033 -0.000861508 -0.000867983 -0.000850042 -0.000864269 -0.000855086 -0.000845098 -0.000860065 -0.000842945 -0.000848699 -0.000854332 -0.000839241 -0.000852451 -0.000845371 -0.000840053 -0.000851657 -0.000838219 -0.000844597 
0 1.1915e-05 3.07208e-08 2.123e-05 1.37876e-05 1.26546e-05 2.78231e-05 1.34555e-05 2.8359e-05 3.19207e-05 2.8939e-05 4.5596e-05 4.15313e-05 5.05433e-05 5.2287e-05 5.14291e-05 5.70762e-05 5.53678e-05 6.83235e-05 6.4641e-05 7.58554e-05 8.23208e-05 7.39842e-05 9.66713e-05 9.62629e-05 0.000112503 0.000149287 0.000174678 0.00023106 0.00031848 0.000442675 0.000632527 0.000933437 0.00133412 0.00188857 0.00265815 0.00363899 0.00492156 0.0065507 0.00854728 0.0109451 0.0137663 0.0169939 0.0205585 0.0243754 0.0282786 0.0320412 0.0354091 0.0381558 0.0400116 0.040682 0.0399809 0.0378122 0.0341429 0.0290551 0.0227685 0.0155952 0.0079133 0.000131712 -0.00734391 -0.0141173 -0.0198479 -0.0243179 -0.0274202 -0.0291728 -0.0296797 -0.0291112 -0.0276578 -0.0255685 -0.0231009 -0.0204869 -0.0178968 -0.0154417 -0.0132016 -0.0112328 -0.00957522 -0.00819863 -0.00706237 -0.00611511 -0.00535426 -0.00474366 -0.00425129 -0.00381791 -0.00344841 -0.00313575 -0.00287656 -0.002629 -0.00240034 -0.00219303 -0.00201453 -0.00184022 -0.0016722 -0.00151087 -0.00136605 -0.00122655 -0.00108833 -0.000948917 -0.000818832 -0.000694858 -0.000569029 -0.000437077 -0.000309642 -0.000187021 -6.11289e-05 7.51774e-05 0.000212058 0.000347348 0.000485119 0.000639257 0.000801724 0.000968092 0.00113528 0.00132857 0.00154354 0.00177518 0.00201292 0.00229574 0.00262991 0.00302217 0.00346152 0.00399997 0.00467036 0.00551331 0.00652833 0.007763 0.00926142 0.0110698 0.0131613 0.0154948 0.0180033 0.0205966 0.0231243 0.0253754 0.0270965 0.0280316 0.0279766 0.0267428 0.0241967 0.020283 0.0150697 0.00872995 0.00157007 -0.00603291 -0.0136743 -0.0209407 -0.0274484 -0.0328682 -0.0369358 -0.0395197 -0.0406423 -0.0403895 -0.0388973 -0.0364219 -0.0332544 -0.0296502 -0.0258424 -0.0220501 -0.0184662 -0.0151969 -0.0123118 -0.00984634 -0.00779703 -0.00610292 -0.00475074 -0.00371714 -0.00290657 -0.00231449 -0.00189219 -0.00157731 -0.00135757 -0.00121929 -0.00112228 -0.0010543 -0.00103341 -0.000999485 -0.00098304 -0.000980789 -0.00096067 -0.000964688 -0.000959699 -0.000959679 -0.000958568 -0.000953543 -0.00095437 -0.000939495 -0.000945845 -0.000937943 -0.000934163 -0.00094632 -0.000930781 -0.000942132 -0.000939693 -0.000927858 -0.000941978 -0.000925405 -0.000928573 -0.000934125 -0.000919241 -0.000934713 -0.000927691 
0 1.89164e-06 6.18766e-07 8.99803e-06 1.04854e-05 1.99665e-05 2.76053e-05 2.85951e-05 3.88702e-05 3.39823e-05 3.76207e-05 4.15313e-05 3.75791e-05 5.11e-05 4.88615e-05 5.81889e-05 6.9731e-05 6.43347e-05 7.72442e-05 7.501e-05 7.72057e-05 8.87393e-05 9.12178e-05 0.000103322 0.000114104 0.000128188 0.000150009 0.000193843 0.000257685 0.000363927 0.000522178 0.000742849 0.00107349 0.00151888 0.00215371 0.0030001 0.00410121 0.00553112 0.00729809 0.00947395 0.0120938 0.0151596 0.0186304 0.022467 0.0265164 0.0306046 0.0345606 0.0380821 0.0409075 0.0427496 0.0433793 0.0425892 0.0402608 0.0363532 0.0309919 0.024429 0.016935 0.0089197 0.000780809 -0.00705663 -0.0142158 -0.0203202 -0.0251643 -0.0286185 -0.0306769 -0.0314496 -0.0310812 -0.0297603 -0.0277164 -0.0252429 -0.0225376 -0.0198158 -0.0171912 -0.0147734 -0.0126037 -0.0107626 -0.00921287 -0.00792088 -0.00684493 -0.00598048 -0.00527711 -0.00469907 -0.00421631 -0.00380121 -0.00344667 -0.0031409 -0.00287628 -0.00261964 -0.00239232 -0.0021841 -0.00200021 -0.00180789 -0.00163764 -0.00147078 -0.00132189 -0.00116124 -0.00101897 -0.000869578 -0.000735398 -0.000589001 -0.000456316 -0.000309266 -0.000176578 -3.10439e-05 0.000107622 0.000265912 0.000409933 0.000568831 0.000730954 0.000916986 0.00109093 0.00128501 0.00149661 0.00173855 0.00198224 0.00226057 0.00258062 0.00295603 0.00338662 0.00390003 0.00451923 0.00528125 0.00623555 0.00739155 0.00878364 0.0104543 0.0124559 0.0147262 0.0172336 0.0198877 0.0225955 0.0251591 0.027399 0.029024 0.0297956 0.0295034 0.0279915 0.0251124 0.0208386 0.0152532 0.00852567 0.000997139 -0.00696645 -0.0149518 -0.0225594 -0.0293524 -0.0350423 -0.0393557 -0.0421393 -0.0433742 -0.0431521 -0.041668 -0.0391557 -0.0358765 -0.0320722 -0.0280693 -0.024059 -0.0202232 -0.016714 -0.0135947 -0.0108982 -0.00863927 -0.00680259 -0.00531292 -0.00416001 -0.00326356 -0.00258829 -0.00210348 -0.00174854 -0.00151648 -0.00135211 -0.0012436 -0.00117343 -0.00112528 -0.00109415 -0.00107974 -0.0010706 -0.00105814 -0.00106089 -0.00104521 -0.00104036 -0.00104102 -0.00102752 -0.00103823 -0.00103404 -0.00103223 -0.00103805 -0.00102739 -0.00102888 -0.0010233 -0.00101741 -0.00101916 -0.00101472 -0.00101706 -0.00101799 -0.00101745 -0.00101871 -0.00101677 -0.00101566 -0.00101326 
0 5.51e-06 1.49873e-05 1.62336e-05 1.76688e-05 2.26393e-05 1.89751e-05 2.38433e-05 3.14995e-05 3.16094e-05 4.57082e-05 5.05433e-05 5.11e-05 6.20508e-05 5.69619e-05 6.24501e-05 6.86933e-05 6.49657e-05 7.7717e-05 8.2099e-05 8.53144e-05 9.59163e-05 0.000100888 0.00010774 0.000125724 0.000147213 0.000176597 0.000232722 0.000301237 0.000416955 0.000590175 0.000842105 0.00121905 0.00172561 0.00243819 0.0033703 0.00458278 0.00615098 0.00808823 0.010464 0.0132983 0.0165904 0.0202916 0.0243608 0.0286294 0.0329072 0.0370003 0.0405975 0.0434615 0.0452997 0.0458656 0.0449497 0.0424558 0.0383577 0.0327812 0.025985 0.0182391 0.00996789 0.00155643 -0.00657789 -0.0140574 -0.0204986 -0.0256939 -0.0295027 -0.0318911 -0.0329643 -0.0328417 -0.0317044 -0.0297706 -0.0273384 -0.0245915 -0.021767 -0.019001 -0.0164152 -0.0140601 -0.0120299 -0.0103005 -0.00884097 -0.00763179 -0.00665239 -0.00584606 -0.00517426 -0.00463397 -0.00416954 -0.00376814 -0.00341477 -0.00312447 -0.00284151 -0.00259088 -0.00235541 -0.00215309 -0.00194035 -0.00175743 -0.00157261 -0.00140587 -0.00122747 -0.00107808 -0.000914447 -0.000762166 -0.000600072 -0.000462396 -0.000301563 -0.000151204 9.2301e-06 0.000153977 0.000327329 0.000487725 0.000663481 0.000836375 0.00103973 0.00122898 0.00144674 0.00167875 0.00194319 0.00220635 0.00252467 0.00288577 0.00330352 0.00377954 0.00437265 0.00508247 0.00594684 0.00701799 0.00832614 0.00988567 0.0117386 0.0139241 0.0163693 0.0190307 0.0218098 0.0245909 0.0271518 0.0293207 0.0308011 0.0313626 0.0307985 0.0289775 0.0257549 0.0211315 0.0152018 0.00814205 0.00029687 -0.0079591 -0.016215 -0.0240867 -0.0311311 -0.0370563 -0.0415697 -0.044521 -0.0458913 -0.0457565 -0.0442906 -0.0417353 -0.038377 -0.0344488 -0.0302754 -0.0260525 -0.0219799 -0.0182317 -0.0148857 -0.0119839 -0.00953418 -0.00752966 -0.00589383 -0.00462187 -0.0036388 -0.00289373 -0.00235505 -0.00195253 -0.00168166 -0.00148618 -0.0013579 -0.00128151 -0.00122437 -0.00119244 -0.00117246 -0.00115517 -0.00114299 -0.00114394 -0.00113455 -0.00113427 -0.00113892 -0.00112489 -0.00112883 -0.00112248 -0.00111124 -0.00111706 -0.00110761 -0.00110809 -0.00111372 -0.00110628 -0.00111094 -0.00110953 -0.00110165 -0.00110558 -0.00109959 -0.00109664 -0.00110203 -0.00109595 -0.00110001 
0 9.06574e-06 -2.9005e-06 1.78852e-05 1.54605e-05 1.78785e-05 3.73333e-05 2.72776e-05 4.02629e-05 4.41187e-05 3.75723e-05 5.2287e-05 4.88615e-05 5.69619e-05 6.62814e-05 6.8372e-05 7.56009e-05 7.69933e-05 8.89819e-05 8.48156e-05 9.57253e-05 0.000107481 9.97866e-05 0.000128867 0.000134707 0.000152654 0.000205696 0.000249051 0.000342283 0.000481666 0.00067875 0.000965582 0.00138835 0.00196372 0.00273032 0.00378146 0.00510796 0.00680289 0.0089206 0.0114797 0.0145237 0.0180288 0.0219814 0.0262452 0.0306988 0.0351488 0.0393393 0.0429937 0.0458489 0.0476676 0.0481287 0.0470862 0.044432 0.0401704 0.034422 0.0274299 0.0195169 0.0110459 0.00244569 -0.0059333 -0.0136562 -0.0204031 -0.0259205 -0.0300813 -0.0328217 -0.0342179 -0.0343892 -0.0334724 -0.0317209 -0.0293618 -0.0266361 -0.0237281 -0.0208587 -0.0181055 -0.0155888 -0.0133585 -0.011446 -0.00980598 -0.00845524 -0.00734858 -0.00642513 -0.0056582 -0.00504146 -0.00452983 -0.00406833 -0.0036781 -0.00334094 -0.00304441 -0.00275625 -0.0025091 -0.00226761 -0.00205149 -0.00183953 -0.00165353 -0.00144973 -0.00127145 -0.00109717 -0.00093647 -0.000748069 -0.000587654 -0.000426728 -0.000269788 -8.37298e-05 7.49695e-05 0.000243715 0.000413854 0.000609939 0.000786572 0.000986853 0.00118945 0.0014151 0.00164156 0.00190842 0.00218026 0.00248454 0.00283118 0.00324635 0.00370009 0.00424069 0.00491088 0.00572508 0.0066992 0.00789617 0.00936389 0.0110957 0.0131401 0.0154883 0.0181052 0.0208854 0.0237705 0.0265624 0.0290886 0.0311106 0.0324057 0.0326989 0.0318372 0.0296723 0.0261034 0.0211449 0.0148968 0.00757255 -0.000534377 -0.00900125 -0.0174744 -0.0255177 -0.032767 -0.0388721 -0.0435632 -0.0466659 -0.0481661 -0.0481486 -0.0467203 -0.0441725 -0.0407606 -0.0367648 -0.0324284 -0.0280246 -0.0237646 -0.0197869 -0.0162202 -0.0131039 -0.0104795 -0.00828076 -0.00651324 -0.00512683 -0.00402651 -0.00320945 -0.00260229 -0.00215811 -0.00183925 -0.00163592 -0.00148766 -0.00138351 -0.00134159 -0.00128608 -0.00126521 -0.00125751 -0.00123405 -0.00123567 -0.00122627 -0.00122123 -0.00121532 -0.00121324 -0.001211 -0.00120137 -0.00121251 -0.00120078 -0.00120051 -0.00120764 -0.00118792 -0.00119945 -0.00119271 -0.00118283 -0.00119844 -0.00118212 -0.00118822 -0.00119361 -0.00117772 -0.0011928 -0.00118371 
0 -1.24554e-07 1.57374e-05 8.8398e-06 1.91424e-05 2.73661e-05 2.30979e-05 3.83971e-05 3.84421e-05 4.21298e-05 5.23103e-05 5.14291e-05 5.81889e-05 6.24501e-05 6.8372e-05 6.98064e-05 8.04469e-05 8.86742e-05 8.43816e-05 0.000103263 9.83854e-05 0.000104957 0.000128771 0.000124696 0.000156077 0.000182999 0.000214911 0.000288505 0.000387841 0.000543114 0.000770432 0.00111127 0.00156412 0.00220164 0.00307421 0.00419465 0.00566631 0.00751625 0.00979191 0.0125344 0.0157878 0.019521 0.0236606 0.0281415 0.0327561 0.0373051 0.0415571 0.0452594 0.0480986 0.0497959 0.0501539 0.0489867 0.0461968 0.0417716 0.0358886 0.0287808 0.0207553 0.0121728 0.00342642 -0.00509336 -0.0130183 -0.0200061 -0.0258324 -0.0303256 -0.0334342 -0.0351832 -0.0356749 -0.0350453 -0.0335119 -0.0313015 -0.0286239 -0.0257024 -0.0227328 -0.0198583 -0.0171743 -0.0147665 -0.0126499 -0.0108366 -0.00932453 -0.00808085 -0.00703016 -0.00615848 -0.00545758 -0.00487923 -0.00436701 -0.0039227 -0.00354675 -0.00321429 -0.00290805 -0.00262624 -0.002364 -0.00212064 -0.00190165 -0.00168854 -0.00147176 -0.00126898 -0.00109182 -0.000907757 -0.000709909 -0.000526017 -0.00036386 -0.000185457 9.16431e-06 0.000191703 0.000361651 0.0005526 0.00075886 0.000961608 0.00116538 0.00138968 0.00163073 0.00188876 0.0021674 0.00246708 0.00280035 0.00319321 0.0036472 0.00415484 0.00476215 0.00552056 0.00644263 0.00753756 0.00887567 0.0104996 0.0124225 0.0146426 0.0171607 0.0199094 0.0228101 0.0257383 0.0285197 0.0309367 0.032781 0.0338186 0.0338192 0.032619 0.0300925 0.0261813 0.0208991 0.0143808 0.00682302 -0.00145024 -0.0100841 -0.01869 -0.0268737 -0.0342453 -0.0404802 -0.0453328 -0.0486003 -0.0502327 -0.0502921 -0.0489799 -0.0464855 -0.0430521 -0.0389712 -0.0345393 -0.0299966 -0.0255321 -0.0213658 -0.0175838 -0.0142598 -0.0114266 -0.00908387 -0.00717165 -0.00563455 -0.00445987 -0.0035427 -0.00286303 -0.00237752 -0.00202898 -0.00178268 -0.00161645 -0.00151498 -0.0014263 -0.00139228 -0.00136558 -0.00133535 -0.00133952 -0.00131982 -0.0013127 -0.0013114 -0.00130173 -0.00130195 -0.00129906 -0.00129974 -0.00129094 -0.0012938 -0.00128923 -0.00127937 -0.00128934 -0.0012756 -0.00127783 -0.00128345 -0.00126815 -0.00128108 -0.00127416 -0.0012678 -0.00128066 -0.00126516 -0.00127199 
0 6.78202e-06 1.3899e-05 1.76796e-05 2.33449e-05 2.53524e-05 2.79993e-05 3.43324e-05 3.5595e-05 4.56797e-05 5.24878e-05 5.70762e-05 6.9731e-05 6.86933e-05 7.56009e-05 8.04469e-05 7.92318e-05 9.04507e-05 9.08191e-05 0.000102134 0.000113024 0.000118163 0.000132583 0.000141617 0.000165501 0.000197259 0.000250424 0.000331842 0.000445027 0.000620737 0.000873824 0.00124176 0.00176021 0.0024798 0.00342433 0.00466526 0.0062599 0.00823954 0.0107006 0.0136519 0.0171 0.0210296 0.0253764 0.0300051 0.0347553 0.0394216 0.0437095 0.0473704 0.0501278 0.0517507 0.0519852 0.0506565 0.0477064 0.0431803 0.0372161 0.0300256 0.0219512 0.0133194 0.00452072 -0.00409014 -0.0121404 -0.0193344 -0.0254192 -0.0302389 -0.033717 -0.0358373 -0.0366851 -0.03638 -0.0351264 -0.0331019 -0.0305421 -0.0276361 -0.0246171 -0.0216296 -0.0188119 -0.0162183 -0.0139104 -0.0119096 -0.0102315 -0.0088301 -0.00764667 -0.00666186 -0.00586045 -0.00520751 -0.00463457 -0.00414032 -0.00370915 -0.00334681 -0.00300824 -0.00270247 -0.00240424 -0.00214718 -0.0019026 -0.00167571 -0.001432 -0.0012211 -0.00101998 -0.0008274 -0.000607166 -0.000416669 -0.000231549 -4.76577e-05 0.000168196 0.000358226 0.000550126 0.000745435 0.000975141 0.00118873 0.0014139 0.00164475 0.00191567 0.00219216 0.00249575 0.0028133 0.00319129 0.00362292 0.00412409 0.00468715 0.00537709 0.00622802 0.00726258 0.00849305 0.00997861 0.0117708 0.0138749 0.0162789 0.0189375 0.0218113 0.0247854 0.0277316 0.030433 0.0327045 0.0343041 0.0350451 0.0347059 0.0331455 0.0302422 0.0259855 0.0204132 0.0136552 0.00593412 -0.00246732 -0.011188 -0.0198645 -0.0281036 -0.0355766 -0.0419142 -0.0468659 -0.0502642 -0.0520608 -0.0522773 -0.0510487 -0.0486063 -0.0452065 -0.0411313 -0.0366057 -0.0319232 -0.0273097 -0.0229437 -0.0189624 -0.0154587 -0.0124424 -0.00990254 -0.00784601 -0.00618771 -0.00489547 -0.00390859 -0.00316113 -0.00261035 -0.00221305 -0.00193846 -0.00174763 -0.00162808 -0.00154485 -0.00149335 -0.00145622 -0.00143084 -0.00142064 -0.00140566 -0.00140859 -0.00140301 -0.00139665 -0.00139793 -0.00138505 -0.00138379 -0.00137873 -0.00137239 -0.00137485 -0.001371 -0.00137049 -0.00137086 -0.00136725 -0.00136508 -0.00136422 -0.00135989 -0.0013594 -0.0013594 -0.00135587 -0.00135887 -0.001357 
0 4.76784e-06 4.38504e-06 1.37887e-05 1.98432e-05 2.59428e-05 3.76907e-05 4.30035e-05 4.7075e-05 5.40312e-05 5.34878e-05 5.53678e-05 6.43347e-05 6.49657e-05 7.69933e-05 8.86742e-05 9.04507e-05 0.000103866 0.000105855 0.000110278 0.000119662 0.000123174 0.000139651 0.00015704 0.000182675 0.000220438 0.000274998 0.000364231 0.000498673 0.000701364 0.00100066 0.00141525 0.00198755 0.00277601 0.00380323 0.00515893 0.00689129 0.00902981 0.0116607 0.0147903 0.0184301 0.0225589 0.0270946 0.0318754 0.036736 0.0414458 0.0457319 0.0493665 0.0520356 0.0535108 0.0535817 0.0521103 0.049034 0.0444106 0.0383819 0.0311706 0.0231145 0.0144975 0.00570217 -0.00292715 -0.0110437 -0.018387 -0.0246955 -0.0298185 -0.0336608 -0.0361631 -0.0373928 -0.0374531 -0.0365187 -0.0347341 -0.0323394 -0.0295018 -0.0264663 -0.0234004 -0.0204617 -0.017697 -0.015199 -0.0130115 -0.0111511 -0.00957971 -0.00825288 -0.00714598 -0.0062301 -0.00548913 -0.00484962 -0.00429843 -0.00380955 -0.003409 -0.00303649 -0.00270033 -0.00237096 -0.00209443 -0.00182374 -0.00157604 -0.00131376 -0.00108962 -0.000864156 -0.000655972 -0.000423219 -0.000220945 -1.25953e-05 0.000183354 0.000410272 0.00061312 0.000826868 0.00103251 0.00127642 0.00150594 0.00175181 0.001995 0.00228932 0.00258869 0.00291636 0.0032586 0.00368105 0.00415627 0.00470625 0.00533458 0.00611722 0.00706788 0.00822102 0.00959589 0.0112423 0.0132025 0.0154853 0.0180586 0.0208452 0.0238101 0.0268247 0.0297355 0.0323068 0.0343717 0.0356805 0.0360745 0.0353596 0.0334136 0.0301275 0.0255357 0.0196972 0.0127429 0.00490878 -0.00354747 -0.0122959 -0.0209888 -0.0292295 -0.0367247 -0.0431204 -0.0481753 -0.0517075 -0.0536376 -0.0539966 -0.0529197 -0.0505968 -0.0472415 -0.0431655 -0.0385987 -0.033828 -0.0290884 -0.0245546 -0.0203806 -0.0166769 -0.0134766 -0.0107711 -0.00856757 -0.00677461 -0.00535978 -0.00427668 -0.003449 -0.00284625 -0.00241217 -0.00210471 -0.00189167 -0.00174781 -0.00165196 -0.0015942 -0.00155557 -0.00153428 -0.00152059 -0.00150218 -0.00149707 -0.00148469 -0.00147643 -0.00147822 -0.00147017 -0.00147226 -0.0014737 -0.00146601 -0.00146657 -0.00146302 -0.00145336 -0.00145665 -0.00145185 -0.00144671 -0.00145461 -0.00144466 -0.00144719 -0.00145018 -0.00143879 -0.00144911 -0.00144261 
