0 0 0 0 0 0 0 0 0 0 0 0 0 0 0 0 0 0 0 0 0 0 0 0 0 0 0 0 0 0 0 0 0 0 0 0 0 0 0 0 0 0 0 0 0 0 0 0 0 0 0 0 0 0 0 0 0 0 0 0 0 0 0 0 0 0 0 0 0 0 0 0 0 0 0 0 0 0 0 0 0 0 0 0 0 0 0 0 0 0 0 0 0 0 0 0 0 0 0 0 0 0 0 0 0 0 0 0 0 0 0 0 0 0 0 0 0 0 0 0 0 0 0 0 0 0 0 0 0 0 0 0 0 0 0 0 0 0 0 0 0 0 0 0 0 0 0 0 0 0 0 0 0 0 0 0 0 0 0 0 0 0 0 0 0 0 0 0 0 0 0 0 0 0 0 0 0 0 0 0 0 0 0 0 0 0 0 0 0 0 0 0 0 0 0 0 0 0 0 0 
0 -4.07082e-06 7.96029e-06 -3.08609e-07 7.94595e-07 8.45735e-06 -1.38274e-06 4.78127e-06 9.13441e-06 8.68529e-07 8.68826e-06 8.27029e-06 1.33359e-06 1.03264e-05 9.86718e-06 8.32676e-06 1.69205e-05 1.45083e-05 9.69703e-06 1.11658e-05 1.04243e-05 6.60514e-06 1.48272e-05 2.104e-05 1.48699e-05 2.08148e-05 1.89676e-05 1.56986e-05 1.97914e-05 2.48072e-05 2.87114e-05 1.30503e-05 2.34551e-05 2.33297e-05 1.18299e-05 3.47065e-05 3.25519e-05 2.24835e-05 1.94636e-05 3.752e-05 4.11662e-05 2.97573e-05 3.61087e-05 2.92664e-05 4.66358e-05 3.87348e-05 3.48954e-05 4.40072e-05 4.67523e-05 5.41785e-05 5.61904e-05 8.57318e-05 9.4086e-05 0.00013759 0.000187007 0.000252235 0.000346733 0.00047007 0.000631916 0.000815881 0.00107584 0.00135808 0.00170943 0.0021054 0.00256078 0.00302594 0.00350533 0.00396069 0.00433109 0.00460589 0.00473843 0.00472178 0.00449305 0.00409927 0.00349468 0.00272918 0.00181271 0.000858494 -0.000115554 -0.00102804 -0.00184255 -0.00249725 -0.00298915 -0.00329125 -0.00339398 -0.00333267 -0.00315472 -0.00290408 -0.00257492 -0.00222099 -0.00186553 -0.00155922 -0.0012682 -0.00102264 -0.000797835 -0.000630898 -0.00047547 -0.00035816 -0.000236585 -0.000145661 -4.09938e-05 4.6007e-05 0.00016073 0.000268209 0.000410038 0.000557878 0.000760991 0.000984446 0.00125468 0.00153872 0.00187691 0.00222501 0.00256625 0.00284013 0.0030563 0.00317283 0.00314766 0.00293074 0.00252766 0.00195579 0.00121825 0.000362532 -0.000572757 -0.00151242 -0.00243772 -0.00323997 -0.003897 -0.00435136 -0.00464624 -0.00472822 -0.00465637 -0.0044308 -0.00410604 -0.00367894 -0.00321866 -0.0027579 -0.00230473 -0.0018982 -0.00153748 -0.00124459 -0.000973406 -0.000779181 -0.000607802 -0.00048022 -0.000375036 -0.000308879 -0.000253082 -0.000208783 -0.000196931 -0.0001669 -0.000161938 -0.000152181 -0.000154603 -0.000137697 -0.000138681 -0.000144311 -0.000135337 -0.000139046 -0.000120376 -0.000132297 -0.000140425 -0.000132932 -0.00011773 -0.00012551 -0.0001414 -0.00012281 -0.000132454 -0.000129882 -0.000119645 -0.000123771 -0.00012501 -0.000128968 -0.000117379 -0.000118806 -0.000118987 -0.000112734 -0.000120692 -0.000123838 -0.000121377 -0.000118074 -0.000121103 -0.000115271 -0.000111949 -0.000122427 -0.000113408 -0.000113228 -0.000121007 -0.000107174 -0.000113054 -0.000119253 -0.000108048 -0.00012053 -0.000119043 -0.000108015 -0.000119957 -0.000108856 -0.000106125 -0.00011919 -0.000106868 -0.000114032 
0 7.96029e-06 -8.59442e-06 9.23354e-06 5.29367e-06 -7.96603e-07 1.73322e-05 3.86462e-06 9.33934e-06 1.6121e-05 6.9272e-06 1.95771e-05 1.5638e-05 1.9677e-05 1.80858e-05 1.25099e-05 2.36385e-05 7.52606e-06 2.84584e-05 3.45536e-05 1.87371e-05 4.97122e-05 2.54012e-05 1.97458e-05 4.12539e-05 2.31948e-05 3.53971e-05 4.29535e-05 3.94529e-05 2.88974e-05 4.02339e-05 5.27704e-05 4.14844e-05 6.3137e-05 5.38889e-05 4.71255e-05 4.93184e-05 5.50987e-05 7.74692e-05 5.09398e-05 4.56765e-05 6.45924e-05 7.64467e-05 6.44012e-05 6.39956e-05 8.33889e-05 7.64998e-05 9.3866e-05 9.93514e-05 0.000107655 0.000133794 0.000167551 0.000207469 0.000272983 0.000383956 0.000506953 0.000694658 0.000945131 0.00125479 0.00164288 0.00213752 0.00272517 0.00340706 0.00421574 0.00510725 0.00604609 0.006996 0.00789759 0.00864257 0.00917807 0.00945579 0.00940109 0.0089692 0.00816175 0.00698087 0.00543944 0.00364314 0.00172787 -0.000193258 -0.00202026 -0.00363154 -0.00494566 -0.00592458 -0.00653083 -0.00674715 -0.00663238 -0.00629298 -0.00578776 -0.0051495 -0.00443843 -0.00374805 -0.0031196 -0.0025548 -0.002047 -0.0016164 -0.00126084 -0.000967247 -0.000710958 -0.000487289 -0.00028323 -9.24232e-05 0.00010422 0.000314243 0.000550991 0.000817146 0.00113587 0.00152375 0.00198886 0.00251198 0.00309895 0.00375647 0.00445957 0.00512137 0.00567682 0.00609306 0.00632236 0.00625822 0.00582478 0.0050203 0.00387426 0.00241239 0.000701261 -0.00114606 -0.00303116 -0.00484837 -0.00646154 -0.00774806 -0.00867795 -0.00924202 -0.00943055 -0.00927322 -0.00884303 -0.00818623 -0.00734936 -0.00643517 -0.00551363 -0.00462331 -0.00380018 -0.00309801 -0.00248961 -0.00197281 -0.00155967 -0.00123272 -0.000963098 -0.000757981 -0.000621308 -0.000500565 -0.000423686 -0.000375388 -0.000341489 -0.000310096 -0.000300934 -0.000291772 -0.000278473 -0.000292283 -0.000273723 -0.00026528 -0.000276742 -0.000288286 -0.000266002 -0.000251193 -0.000270307 -0.000266579 -0.000268632 -0.000244822 -0.000246854 -0.00025687 -0.000240784 -0.000254634 -0.000253051 -0.000243074 -0.000234087 -0.000252476 -0.000249954 -0.000235539 -0.000261776 -0.000231792 -0.000228048 -0.000243821 -0.000222426 -0.0002389 -0.000236621 -0.000232803 -0.00023413 -0.000227817 -0.000236648 -0.000225596 -0.000236242 -0.000235874 -0.000220838 -0.000236193 -0.000219645 -0.000219288 -0.000234391 -0.000218205 -0.000233304 -0.00023502 -0.00021947 -0.00023583 -0.000224069 
0 -3.08609e-07 9.23354e-06 4.59472e-06 6.30971e-06 1.33088e-05 7.57946e-06 1.25072e-05 1.89021e-05 1.33878e-05 2.00448e-05 2.30741e-05 1.62677e-05 2.67197e-05 2.88845e-05 2.75486e-05 3.99814e-05 3.61931e-05 3.35705e-05 3.65534e-05 3.30694e-05 3.59655e-05 4.33508e-05 5.11833e-05 5.12594e-05 5.38737e-05 5.52779e-05 5.43814e-05 5.84577e-05 6.60783e-05 7.23182e-05 5.74345e-05 6.70649e-05 7.16796e-05 6.02849e-05 8.64308e-05 8.81903e-05 7.67361e-05 7.92878e-05 9.82027e-05 0.000103987 9.72804e-05 0.000104754 9.84872e-05 0.000120247 0.000117931 0.000113895 0.000131865 0.000144191 0.000162388 0.000187687 0.000249904 0.000304238 0.000418304 0.000571871 0.000772613 0.00105546 0.00142887 0.00190441 0.00248328 0.00323334 0.00410228 0.00514043 0.00633263 0.0076671 0.00905922 0.0104713 0.0118 0.012901 0.0136994 0.0140935 0.0140135 0.0133584 0.0121644 0.0103914 0.00811923 0.00545017 0.00261729 -0.000245844 -0.00295089 -0.00535355 -0.00731335 -0.00877916 -0.00969035 -0.0100325 -0.0098918 -0.00939896 -0.00865976 -0.00771482 -0.00667818 -0.00564662 -0.00471298 -0.00385537 -0.00310537 -0.0024483 -0.00191926 -0.00146125 -0.00108332 -0.000733579 -0.000434296 -0.000131749 0.000156768 0.000485914 0.000833213 0.00124921 0.00172318 0.00231736 0.00300263 0.00379759 0.00467033 0.00565695 0.00668261 0.00766304 0.00847689 0.00908831 0.00939911 0.00928234 0.00862375 0.00741727 0.00570286 0.00352035 0.000983552 -0.00177012 -0.00456248 -0.0072629 -0.00964023 -0.0115672 -0.0129416 -0.0137912 -0.0140647 -0.0138488 -0.0132018 -0.0122299 -0.0109903 -0.00963281 -0.00826062 -0.00692787 -0.00571202 -0.00464475 -0.00374421 -0.00296125 -0.00235052 -0.00184766 -0.0014538 -0.00114588 -0.000932537 -0.000764282 -0.000641637 -0.00057826 -0.000512453 -0.000480808 -0.000458761 -0.000450015 -0.000422684 -0.000422325 -0.000423106 -0.000408792 -0.000409499 -0.000390333 -0.000397752 -0.000404709 -0.000395952 -0.000375578 -0.000385397 -0.000397979 -0.000378253 -0.000388069 -0.000381177 -0.000369353 -0.000373052 -0.00037342 -0.00037299 -0.000362946 -0.000360954 -0.000356798 -0.000354928 -0.000358323 -0.00036222 -0.000361063 -0.00035337 -0.00035765 -0.000349291 -0.00034567 -0.000355526 -0.000344946 -0.000345648 -0.000349958 -0.000337074 -0.000342285 -0.00034654 -0.000338333 -0.000348687 -0.000347325 -0.000337314 -0.00034592 -0.000336081 -0.000332914 -0.000342153 -0.000330958 -0.000340986 
0 7.94595e-07 5.29367e-06 6.30971e-06 9.77746e-06 1.40886e-05 1.43723e-05 1.81062e-05 2.15251e-05 2.16903e-05 2.62223e-05 2.94188e-05 2.97255e-05 3.47928e-05 3.59672e-05 3.63377e-05 4.17759e-05 4.29536e-05 4.70479e-05 5.28464e-05 5.45623e-05 5.79468e-05 5.97212e-05 6.11327e-05 6.40209e-05 6.73405e-05 7.11774e-05 7.54357e-05 7.70657e-05 8.03756e-05 8.69026e-05 8.69283e-05 9.53149e-05 0.000100791 9.75623e-05 0.000106009 0.000108975 0.000110828 0.000116895 0.000121459 0.000122401 0.000128023 0.000137232 0.000136796 0.000148367 0.000154997 0.000161212 0.000178912 0.000197209 0.000222742 0.000265225 0.000335576 0.000424331 0.000569058 0.000773685 0.00104794 0.00142497 0.00192254 0.00255439 0.0033414 0.00432491 0.00549374 0.00687133 0.00845518 0.0102092 0.012054 0.0139084 0.0156424 0.017092 0.0181339 0.0186456 0.0185195 0.0176648 0.0160742 0.0137444 0.0107562 0.00727324 0.00354357 -0.000214587 -0.00377704 -0.00694033 -0.0095424 -0.0114874 -0.0127099 -0.0132018 -0.0130644 -0.0124496 -0.0114888 -0.0102701 -0.00892346 -0.00757797 -0.00633028 -0.0051945 -0.00419017 -0.00332061 -0.00259701 -0.00198373 -0.00146297 -0.000999098 -0.000583152 -0.000179818 0.000222481 0.000658874 0.00113787 0.00169444 0.00234669 0.00313499 0.00405491 0.00510834 0.00628109 0.00757474 0.00891339 0.0101808 0.0112459 0.0120242 0.0123918 0.0121946 0.011304 0.00969851 0.00741841 0.00453911 0.00119639 -0.00242175 -0.00610195 -0.00963025 -0.0127546 -0.0152857 -0.0171148 -0.0182253 -0.0186063 -0.0183299 -0.0174916 -0.0162099 -0.0145968 -0.0128159 -0.0110025 -0.00924988 -0.00764064 -0.00622555 -0.00501482 -0.0039879 -0.00315816 -0.00248858 -0.00195843 -0.00154987 -0.0012521 -0.00102713 -0.000866418 -0.00076497 -0.000687594 -0.000638373 -0.00060806 -0.000589764 -0.000570251 -0.000564332 -0.000557079 -0.00054669 -0.000547837 -0.000540036 -0.000533848 -0.000530919 -0.000528085 -0.000520201 -0.000518726 -0.000515756 -0.000504675 -0.000506703 -0.000503167 -0.000498161 -0.00049767 -0.000492921 -0.000490474 -0.000488703 -0.000487456 -0.000485478 -0.000482972 -0.000478528 -0.000475897 -0.000473685 -0.000469801 -0.000471502 -0.000468745 -0.000465803 -0.000467519 -0.000462869 -0.000462134 -0.000463946 -0.000459652 -0.000460239 -0.000460092 -0.00045468 -0.000456023 -0.000454678 -0.00045141 -0.000455311 -0.000452873 -0.000454081 -0.000458251 -0.000451564 -0.000452203 
0 8.45735e-06 -7.96603e-07 1.33088e-05 1.40886e-05 9.68784e-06 2.49228e-05 2.10147e-05 2.22227e-05 3.32592e-05 2.90257e-05 3.44848e-05 4.25914e-05 4.13064e-05 4.46543e-05 5.00158e-05 5.01029e-05 5.04476e-05 6.19205e-05 6.45917e-05 6.41467e-05 7.90269e-05 7.33436e-05 7.15212e-05 8.60418e-05 8.18899e-05 8.84692e-05 9.75974e-05 9.96664e-05 9.77661e-05 0.000100772 0.000119874 0.000112288 0.00012173 0.000135752 0.000122991 0.000130395 0.000142393 0.000157867 0.000146086 0.000147237 0.000166749 0.000170149 0.000180817 0.000174814 0.000195726 0.000207522 0.000222254 0.000247812 0.000279692 0.000344366 0.000416756 0.000551348 0.000723566 0.000985529 0.00133715 0.00181179 0.00243759 0.00322617 0.00423072 0.00543989 0.00691549 0.00862404 0.0105945 0.0127485 0.0150311 0.0173022 0.0194126 0.0211909 0.0224533 0.0230707 0.0228837 0.0218388 0.0198546 0.016997 0.0133265 0.00908639 0.00450306 -9.99345e-05 -0.00448238 -0.00837425 -0.0116042 -0.0140209 -0.0155614 -0.0162308 -0.0161318 -0.0154304 -0.0142721 -0.0128136 -0.0111822 -0.00954704 -0.0079869 -0.00658065 -0.00531679 -0.00423814 -0.00330682 -0.00253654 -0.00185887 -0.00128032 -0.000734131 -0.000229876 0.000299687 0.000843464 0.00146771 0.00216611 0.00301043 0.00399039 0.00515134 0.00645676 0.00793164 0.00951257 0.011143 0.0126645 0.013959 0.0148702 0.0152602 0.0149494 0.0138146 0.0118102 0.00897316 0.00542082 0.00130433 -0.00313381 -0.00766165 -0.0119631 -0.0157974 -0.0188992 -0.0211759 -0.0225328 -0.0230309 -0.0227002 -0.0216905 -0.0201124 -0.0181525 -0.0159701 -0.0137308 -0.011575 -0.00957892 -0.00782429 -0.00629701 -0.00503507 -0.00397808 -0.00314453 -0.00247425 -0.00196706 -0.00158157 -0.00129841 -0.00110431 -0.000955991 -0.000873524 -0.000801978 -0.000766555 -0.000732096 -0.000721731 -0.000710284 -0.00069028 -0.000686986 -0.00067769 -0.000687709 -0.000665928 -0.000653469 -0.000657878 -0.000661166 -0.000651026 -0.000630037 -0.00064271 -0.00063151 -0.000624547 -0.000631196 -0.000622705 -0.000615773 -0.000607994 -0.000616571 -0.000608856 -0.000602517 -0.000610393 -0.000595052 -0.000591324 -0.000594889 -0.000588934 -0.000587372 -0.000588594 -0.000586862 -0.000577851 -0.000581785 -0.000581337 -0.000571227 -0.000582073 -0.000575711 -0.00056653 -0.000578628 -0.000564665 -0.000564838 -0.000576939 -0.000561434 -0.00057051 -0.000571537 -0.000557811 -0.000573117 -0.000564191 
0 -1.38274e-06 1.73322e-05 7.57946e-06 1.43723e-05 2.49228e-05 1.52763e-05 2.94956e-05 3.11476e-05 3.11505e-05 4.25131e-05 3.9163e-05 4.68885e-05 4.64019e-05 5.56599e-05 6.36814e-05 5.8805e-05 8.19591e-05 6.61362e-05 6.72082e-05 8.82767e-05 6.34265e-05 9.27796e-05 0.000103931 9.11257e-05 0.000113482 0.000107836 0.000108876 0.000114907 0.00013353 0.00013252 0.000124908 0.000144123 0.00013174 0.000146542 0.00015961 0.000169955 0.000171696 0.000154676 0.000191098 0.000204176 0.000198232 0.00019493 0.000215112 0.000230839 0.000227682 0.000252721 0.000261287 0.000298995 0.000345807 0.000410634 0.000513755 0.000671257 0.000898339 0.00120126 0.00164667 0.00221871 0.00297179 0.00393387 0.00513822 0.00659876 0.00835392 0.0104147 0.0127367 0.015294 0.0179764 0.0206433 0.023098 0.0251718 0.0266415 0.0273298 0.0270936 0.0258359 0.0234974 0.0201153 0.0158359 0.010871 0.00551784 0.000106255 -0.00502979 -0.00962905 -0.0134537 -0.0163419 -0.0182068 -0.0190838 -0.0190658 -0.0183131 -0.0170033 -0.0153313 -0.0134611 -0.0115455 -0.00970183 -0.00801252 -0.0065078 -0.00519668 -0.0040712 -0.00311436 -0.00229158 -0.00156682 -0.000903592 -0.000268381 0.000374655 0.00105714 0.00181441 0.00268493 0.00370772 0.00490472 0.00628913 0.00786342 0.00961467 0.0114804 0.0133594 0.0151141 0.0165924 0.0176061 0.0179722 0.0175166 0.0161207 0.0137138 0.0103418 0.00613325 0.00129863 -0.00392607 -0.00922385 -0.0142649 -0.0187345 -0.0223988 -0.0250776 -0.0267003 -0.0272955 -0.0269444 -0.0257668 -0.0239278 -0.0216432 -0.0190852 -0.0164512 -0.0138945 -0.0115433 -0.00943137 -0.00761579 -0.0060918 -0.00483114 -0.0038119 -0.00301243 -0.00239991 -0.00192044 -0.00158933 -0.00134224 -0.00117088 -0.00105098 -0.000980402 -0.00092661 -0.000888312 -0.00087175 -0.000838189 -0.000841963 -0.000833441 -0.00081217 -0.000791878 -0.000804154 -0.000811 -0.000778608 -0.00077651 -0.000769523 -0.000782775 -0.000772089 -0.000757203 -0.000765897 -0.000744051 -0.000743935 -0.000746494 -0.000747357 -0.000726284 -0.000722307 -0.000731868 -0.000702123 -0.000726516 -0.000725523 -0.000704222 -0.000722518 -0.0007028 -0.000700691 -0.000704064 -0.000698094 -0.000700296 -0.000691013 -0.000696337 -0.000684426 -0.000684196 -0.000694472 -0.000679543 -0.000693545 -0.000690191 -0.000675472 -0.000690566 -0.000675809 -0.000672341 -0.000685095 -0.000670003 -0.000680717 
0 4.78127e-06 3.86462e-06 1.25072e-05 1.81062e-05 2.10147e-05 2.94956e-05 3.28388e-05 3.41259e-05 4.21574e-05 4.50466e-05 4.6906e-05 5.91356e-05 5.86614e-05 6.12504e-05 7.04111e-05 6.49522e-05 7.5473e-05 8.47151e-05 8.91396e-05 0.00010277 0.000103093 0.000106661 0.000105626 0.000107865 0.000119956 0.000122871 0.000132957 0.000140972 0.000138257 0.00014213 0.000164309 0.000166833 0.000170319 0.000191273 0.000175982 0.000180733 0.000204716 0.000211163 0.000208047 0.000210512 0.000225755 0.000236617 0.000255874 0.000250468 0.00026993 0.000302188 0.000317404 0.000356998 0.000416008 0.000503061 0.000618183 0.000818878 0.00107734 0.00144675 0.00196842 0.00264644 0.00352965 0.00465809 0.00607564 0.00777079 0.00982606 0.0122072 0.0148935 0.0178174 0.0208884 0.0239099 0.0266843 0.0290223 0.0306655 0.031419 0.0311104 0.0296599 0.0269647 0.0231185 0.01826 0.0126561 0.00658318 0.000449618 -0.00540196 -0.0106525 -0.0150555 -0.0183987 -0.0206078 -0.0217208 -0.0218261 -0.0210727 -0.0196558 -0.0178211 -0.01574 -0.0135836 -0.0114643 -0.00951401 -0.00775465 -0.00622205 -0.00488068 -0.0037449 -0.00274907 -0.00188317 -0.00107503 -0.000316808 0.00046706 0.00128281 0.00220226 0.00323823 0.00446325 0.00586774 0.00749437 0.00932036 0.0113478 0.0134639 0.0155722 0.0175142 0.0191393 0.0202054 0.0205084 0.0198743 0.0181947 0.0153914 0.0114967 0.00667792 0.00115827 -0.00477487 -0.0107938 -0.0164905 -0.021564 -0.0257268 -0.0288073 -0.0306708 -0.0313879 -0.031016 -0.0297087 -0.0276358 -0.0250592 -0.0221638 -0.019156 -0.0162361 -0.013523 -0.0110876 -0.00896424 -0.00719803 -0.00571327 -0.00452002 -0.00357624 -0.00285228 -0.00228501 -0.00188124 -0.00159385 -0.00137373 -0.00124086 -0.00114537 -0.001079 -0.00103052 -0.00102034 -0.000990585 -0.000968867 -0.000967105 -0.000956577 -0.000956407 -0.000938664 -0.000922698 -0.000920515 -0.000931852 -0.000908147 -0.000889025 -0.000897655 -0.000880129 -0.000878963 -0.000882534 -0.000870443 -0.000859212 -0.000859054 -0.000858299 -0.000854869 -0.000857042 -0.000846426 -0.000840561 -0.00083092 -0.000825756 -0.000829838 -0.000820543 -0.00082458 -0.000821267 -0.000810431 -0.000815623 -0.000811169 -0.000808044 -0.000813667 -0.000807815 -0.000801241 -0.000802987 -0.000794249 -0.000792124 -0.000798291 -0.000790193 -0.000799028 -0.000802657 -0.000792537 -0.000801098 -0.00079048 
0 9.13441e-06 9.33934e-06 1.89021e-05 2.15251e-05 2.22227e-05 3.11476e-05 3.41259e-05 3.94001e-05 4.77987e-05 5.08225e-05 5.56199e-05 6.34684e-05 6.64618e-05 7.26054e-05 8.22534e-05 8.4682e-05 9.11929e-05 9.63997e-05 9.68727e-05 0.000103867 0.000109754 0.000118165 0.000127475 0.000133728 0.000141752 0.000144954 0.000149298 0.000161224 0.000165309 0.000169275 0.00018331 0.000180513 0.000186334 0.00020592 0.000206765 0.000217139 0.000229492 0.000234239 0.000243392 0.000258955 0.000265941 0.000271242 0.000291226 0.000294472 0.000314384 0.000341041 0.000362996 0.000409995 0.000482507 0.000583286 0.000726872 0.000961948 0.00127074 0.00170756 0.00231427 0.00310461 0.00412592 0.00543014 0.00705348 0.00899988 0.0113393 0.0140409 0.0170672 0.0203445 0.0237613 0.0271038 0.0301601 0.0327184 0.0345038 0.0352929 0.0349091 0.0332521 0.0302333 0.0259524 0.0205826 0.014395 0.0076938 0.000904533 -0.00559103 -0.0114504 -0.0163904 -0.0201821 -0.0227466 -0.024125 -0.0243939 -0.0236899 -0.0222252 -0.020271 -0.0180223 -0.0156507 -0.0132881 -0.0110805 -0.00907528 -0.00730732 -0.00575313 -0.00441871 -0.00324684 -0.00221538 -0.00125996 -0.000356511 0.000569585 0.00154251 0.0026274 0.00384958 0.00527374 0.00690084 0.00876344 0.0108431 0.0131185 0.0154639 0.0177615 0.0198533 0.0215666 0.0226344 0.0228282 0.0219814 0.0199956 0.016792 0.0124023 0.00700692 0.00086171 -0.00572067 -0.012374 -0.0186697 -0.0242774 -0.0289039 -0.0323439 -0.0344542 -0.0352863 -0.0349156 -0.0334974 -0.0312301 -0.0283893 -0.0251867 -0.0218407 -0.0185712 -0.0155162 -0.0127571 -0.0103432 -0.0083185 -0.00662102 -0.00524641 -0.00416014 -0.00331983 -0.00266661 -0.00219378 -0.00185685 -0.00160156 -0.00143956 -0.00132854 -0.00124995 -0.00119298 -0.00116771 -0.00113747 -0.00111614 -0.00110897 -0.00108655 -0.00107908 -0.00107288 -0.00106064 -0.00104894 -0.00104735 -0.0010357 -0.00102651 -0.00103259 -0.00101653 -0.00100775 -0.00100733 -0.00099653 -0.000991936 -0.000988111 -0.000978793 -0.000970701 -0.000965718 -0.000961018 -0.000959941 -0.000956434 -0.000953285 -0.000950672 -0.000942404 -0.00094087 -0.000938627 -0.000932013 -0.000932622 -0.000928839 -0.000920836 -0.000922347 -0.000918616 -0.000913848 -0.000920482 -0.000914787 -0.000914826 -0.000920475 -0.000906484 -0.000908597 -0.000907328 -0.000897092 -0.00090981 -0.000906137 
0 8.68529e-07 1.6121e-05 1.33878e-05 2.16903e-05 3.32592e-05 3.11505e-05 4.21574e-05 4.77987e-05 4.9566e-05 5.9028e-05 6.48216e-05 6.92994e-05 7.32453e-05 8.45425e-05 8.71501e-05 9.12885e-05 0.000109668 0.000103747 0.000112148 0.000128791 0.00011747 0.000135253 0.000147328 0.000142125 0.00015811 0.000164206 0.00016764 0.000173335 0.000190811 0.000198977 0.000194434 0.000216294 0.000217829 0.000221421 0.000239179 0.000251117 0.000258307 0.000249294 0.000277718 0.000294868 0.000293498 0.000304222 0.000318999 0.000345578 0.000353795 0.000386689 0.000418904 0.000475763 0.000563203 0.000674022 0.000860707 0.00111542 0.00148936 0.00198728 0.00268409 0.00358685 0.00475027 0.00623497 0.00805558 0.0102683 0.0128743 0.0158976 0.0192398 0.0228587 0.026579 0.0302122 0.0335136 0.036249 0.0381465 0.0389434 0.0384832 0.0366093 0.0333056 0.0286241 0.0228147 0.0161026 0.00887045 0.00149687 -0.00556518 -0.0119853 -0.0174177 -0.0216519 -0.0245843 -0.0262567 -0.0267304 -0.0261313 -0.0246866 -0.0226624 -0.020295 -0.0177394 -0.0151727 -0.0127163 -0.0104783 -0.00846279 -0.00670027 -0.00514676 -0.00379604 -0.00257344 -0.00146711 -0.000392788 0.000678792 0.00183481 0.00308919 0.00452056 0.00614135 0.00800688 0.0100978 0.0124313 0.0149224 0.0174735 0.019918 0.0221197 0.0238577 0.0248736 0.0249132 0.0238238 0.0215117 0.017906 0.0130547 0.00712414 0.000421115 -0.00674433 -0.0139381 -0.0207718 -0.0268408 -0.0318934 -0.035648 -0.0380116 -0.0389551 -0.0386125 -0.0371085 -0.0346937 -0.0316249 -0.0281509 -0.0245103 -0.0209112 -0.0175407 -0.0144605 -0.0117773 -0.00947899 -0.00757845 -0.00601295 -0.00478167 -0.00381588 -0.00307085 -0.00252722 -0.0021222 -0.00184235 -0.00163359 -0.00151003 -0.00141203 -0.00135394 -0.00131177 -0.00127538 -0.00126635 -0.00124713 -0.00123138 -0.00120589 -0.00121343 -0.0012082 -0.0011817 -0.00117342 -0.00116753 -0.00117044 -0.00114783 -0.00114284 -0.00114233 -0.00112206 -0.00112104 -0.00111872 -0.00111337 -0.0010973 -0.00109728 -0.00109694 -0.00107638 -0.00108726 -0.00108087 -0.00106425 -0.00107209 -0.00106133 -0.0010546 -0.00105641 -0.00105212 -0.00104696 -0.00104335 -0.00104541 -0.00103486 -0.00103582 -0.00104065 -0.00102632 -0.00103317 -0.00102923 -0.00101747 -0.00103185 -0.00102147 -0.00101954 -0.00103169 -0.00101473 -0.00102164 
0 8.68826e-06 6.9272e-06 2.00448e-05 2.62223e-05 2.90257e-05 4.25131e-05 4.50466e-05 5.08225e-05 5.9028e-05 6.41592e-05 7.08971e-05 7.61261e-05 9.03897e-05 8.84701e-05 9.63961e-05 0.000111046 9.80589e-05 0.000124593 0.0001332 0.000126042 0.00016003 0.000147198 0.000149359 0.000168917 0.000165081 0.000181746 0.000190606 0.000205896 0.000199084 0.000208807 0.000233726 0.000229307 0.000253116 0.000258005 0.000264094 0.000262973 0.000278667 0.000316684 0.000299924 0.000306653 0.000324577 0.000353041 0.000361507 0.000368762 0.000404477 0.000428595 0.000485635 0.000538491 0.000640045 0.000783382 0.000992669 0.00129536 0.00171209 0.00230398 0.00307347 0.0041076 0.00541614 0.00707744 0.00911231 0.0115716 0.0144635 0.0177669 0.0214372 0.0253439 0.0293524 0.0332202 0.0367352 0.0395989 0.0415662 0.0423563 0.0417893 0.0397216 0.0361363 0.0311298 0.024913 0.0177809 0.010078 0.00223391 -0.00534382 -0.0122391 -0.0181396 -0.0227871 -0.0261104 -0.0280908 -0.0288135 -0.0283747 -0.027016 -0.0249827 -0.0225376 -0.0198478 -0.0171017 -0.0144294 -0.0119528 -0.0097041 -0.00771142 -0.00594431 -0.00438333 -0.0029724 -0.00168018 -0.000435379 0.000817049 0.00215347 0.00361029 0.00524654 0.00708924 0.00918132 0.0115133 0.0140734 0.0167642 0.0194746 0.0220333 0.0242877 0.0259903 0.0268933 0.0267324 0.0253767 0.0227104 0.0187165 0.0134182 0.00702417 -0.000192763 -0.00783707 -0.0155127 -0.0227796 -0.0292758 -0.0346737 -0.038735 -0.0413173 -0.0424007 -0.0420885 -0.0405411 -0.0380165 -0.0347559 -0.0310576 -0.0271424 -0.0232643 -0.0195691 -0.0162099 -0.0132367 -0.0106908 -0.00856364 -0.00682069 -0.00543327 -0.00433299 -0.0035073 -0.00286794 -0.00241421 -0.0020797 -0.00185409 -0.00169134 -0.00157995 -0.00151568 -0.00146008 -0.00143898 -0.00139508 -0.00138113 -0.00137597 -0.00136929 -0.00133953 -0.00131475 -0.00133551 -0.00131722 -0.00130316 -0.00128102 -0.00127915 -0.00127619 -0.00125573 -0.00126659 -0.00124708 -0.00123479 -0.00122823 -0.00123186 -0.00122707 -0.00120909 -0.00122425 -0.00119437 -0.00118789 -0.00120134 -0.00117529 -0.00118593 -0.00118207 -0.00116759 -0.00116997 -0.00116346 -0.00116283 -0.00115806 -0.00116171 -0.00115456 -0.00114496 -0.0011528 -0.00113888 -0.00113917 -0.00114616 -0.001133 -0.0011432 -0.00114329 -0.00113215 -0.00114302 -0.0011339 
0 8.27029e-06 1.95771e-05 2.30741e-05 2.94188e-05 3.44848e-05 3.9163e-05 4.6906e-05 5.56199e-05 6.48216e-05 7.08971e-05 8.10863e-05 8.50349e-05 9.23754e-05 0.000102985 0.000106627 0.000122036 0.000126541 0.000131942 0.000139815 0.000138171 0.000154419 0.00016 0.000176258 0.000193569 0.000189321 0.000206001 0.000207994 0.000211688 0.000234064 0.000243415 0.00024381 0.000253401 0.000267075 0.000265889 0.000295214 0.000313653 0.000309011 0.00032254 0.000336587 0.000361869 0.000373127 0.000378837 0.000390669 0.000424518 0.000450639 0.000472202 0.000535763 0.000608103 0.000721353 0.000889634 0.00113727 0.00147704 0.00196651 0.00263331 0.00350369 0.00466112 0.00613025 0.00797 0.0102183 0.0129338 0.0160878 0.0196785 0.0236341 0.0278196 0.0320585 0.0361369 0.0398056 0.04276 0.0447535 0.0455064 0.0448232 0.0425565 0.0387322 0.0334321 0.0268898 0.0193957 0.0113312 0.00308493 -0.0049062 -0.0122262 -0.0185315 -0.0235905 -0.0272957 -0.0296153 -0.0306143 -0.0303996 -0.0291875 -0.0272096 -0.0247377 -0.0219593 -0.0190729 -0.0162072 -0.0135095 -0.0110254 -0.00880282 -0.00680353 -0.00502584 -0.00340371 -0.00191502 -0.000470263 0.000974471 0.00251546 0.00418172 0.00604395 0.00811114 0.0104377 0.0129981 0.0157705 0.0186272 0.0214589 0.0240846 0.0263338 0.0279401 0.028665 0.028267 0.0266082 0.0235851 0.0191945 0.0134971 0.00667931 -0.000959626 -0.00902043 -0.0170719 -0.0247137 -0.0315509 -0.0372602 -0.0415758 -0.0443765 -0.0455965 -0.0453422 -0.0437823 -0.0411844 -0.0377831 -0.0338859 -0.0297483 -0.0256007 -0.0216238 -0.0179763 -0.0147413 -0.0119345 -0.00958987 -0.00766238 -0.00611413 -0.00488444 -0.00395679 -0.00324219 -0.00271562 -0.00234398 -0.0020764 -0.00188937 -0.00176653 -0.00168717 -0.00161149 -0.00158247 -0.00155829 -0.00152763 -0.00150163 -0.00148775 -0.00148199 -0.00147039 -0.00145395 -0.00142526 -0.00143434 -0.00143117 -0.0014103 -0.00140746 -0.0013945 -0.0013792 -0.00137594 -0.00137884 -0.001358 -0.00135017 -0.0013421 -0.00132413 -0.00133074 -0.00132291 -0.00132104 -0.00131742 -0.00130429 -0.00130413 -0.0012943 -0.00129326 -0.00129185 -0.00128373 -0.00128004 -0.00127247 -0.0012681 -0.001265 -0.00126586 -0.00126324 -0.00126537 -0.00126716 -0.00125699 -0.00125929 -0.00125034 -0.00124372 -0.00125131 -0.00124317 -0.00125225 
0 1.33359e-06 1.5638e-05 1.62677e-05 2.97255e-05 4.25914e-05 4.68885e-05 5.91356e-05 6.34684e-05 6.92994e-05 7.61261e-05 8.50349e-05 9.43341e-05 9.99347e-05 0.000112917 0.000116457 0.000124482 0.000137232 0.000142104 0.000157328 0.000167305 0.000175188 0.000181338 0.000186383 0.000197534 0.000200189 0.000219187 0.000233611 0.000232853 0.000253916 0.000262666 0.000265237 0.000291317 0.000302361 0.000303119 0.000319715 0.000330081 0.000338097 0.000357139 0.000369732 0.000377109 0.000398698 0.000415852 0.000431538 0.000467738 0.000491973 0.000531789 0.000604114 0.00069182 0.000818274 0.00101756 0.00130218 0.00168492 0.00224397 0.00298767 0.00396403 0.0052468 0.0068782 0.00889823 0.0113657 0.0143285 0.0177421 0.0216054 0.0258269 0.0302594 0.0346978 0.0389461 0.0427227 0.0457277 0.0477084 0.0483973 0.0475807 0.0451296 0.0410914 0.0355498 0.0287429 0.0209703 0.0126255 0.00406922 -0.00425202 -0.0119226 -0.018588 -0.024036 -0.0281229 -0.0307991 -0.0321106 -0.0321753 -0.031172 -0.0293169 -0.0268752 -0.0240616 -0.0210727 -0.0180485 -0.0151466 -0.0124387 -0.00997808 -0.00773986 -0.00572835 -0.00388425 -0.00217467 -0.000510579 0.00115281 0.00291125 0.00480595 0.00690392 0.00920963 0.0117666 0.0145469 0.0175046 0.0204984 0.0234065 0.0260505 0.0282323 0.0296829 0.0301728 0.0294978 0.0275118 0.0241259 0.0193515 0.0132896 0.00611202 -0.001871 -0.0102596 -0.0186063 -0.0265387 -0.033652 -0.0396163 -0.0441563 -0.0471545 -0.0485229 -0.0483494 -0.0468161 -0.0441842 -0.0406918 -0.0366401 -0.0323167 -0.0279355 -0.023703 -0.0197866 -0.0162956 -0.0132395 -0.0106724 -0.00855707 -0.0068418 -0.00547838 -0.00443707 -0.00363869 -0.00303421 -0.00261482 -0.00230496 -0.00208454 -0.00194096 -0.0018487 -0.00177011 -0.00172527 -0.00169956 -0.00166637 -0.00165337 -0.00163686 -0.00161506 -0.00160601 -0.0015966 -0.00157714 -0.00156827 -0.00155763 -0.00153249 -0.00152997 -0.00152742 -0.00150417 -0.00149985 -0.00149375 -0.00147636 -0.00147825 -0.00147403 -0.00146391 -0.00145719 -0.00144673 -0.00143928 -0.00142981 -0.00142749 -0.00142227 -0.00141369 -0.00141077 -0.00140327 -0.00139982 -0.00139666 -0.00139674 -0.00139268 -0.00138874 -0.00139108 -0.00137435 -0.00137421 -0.00137363 -0.00136008 -0.00137706 -0.00137067 -0.001368 -0.00138195 -0.00136056 -0.00136621 
0 1.03264e-05 1.9677e-05 2.67197e-05 3.47928e-05 4.13064e-05 4.64019e-05 5.86614e-05 6.64618e-05 7.32453e-05 9.03897e-05 9.23754e-05 9.99347e-05 0.000118757 0.000113927 0.000130652 0.000145923 0.000135907 0.000162075 0.000168139 0.000164964 0.000195284 0.000195557 0.000202785 0.00022248 0.000227841 0.00023742 0.000247992 0.000267226 0.000266899 0.00027737 0.000300069 0.000302073 0.000318652 0.000333225 0.000351633 0.000352705 0.000365567 0.00040645 0.000402557 0.000411055 0.000436047 0.000460701 0.000477943 0.000498825 0.000541646 0.000582981 0.000668321 0.000763685 0.000915018 0.00115005 0.00146653 0.00191697 0.00253554 0.00338018 0.00446075 0.00588684 0.00767837 0.00988829 0.0125813 0.0157742 0.019452 0.0235567 0.028031 0.0326588 0.0372756 0.0416339 0.0454767 0.0484827 0.0504112 0.0510035 0.0500329 0.0474177 0.0431803 0.037458 0.0304374 0.0224826 0.0139229 0.00516382 -0.00341285 -0.011343 -0.0183314 -0.0241257 -0.0285936 -0.0316295 -0.0332919 -0.0336765 -0.0329421 -0.0312733 -0.0289242 -0.0261293 -0.023077 -0.019934 -0.0168482 -0.013934 -0.0112261 -0.00874708 -0.00648103 -0.00440716 -0.00244652 -0.000547046 0.00136736 0.00335307 0.00549902 0.00783693 0.0103966 0.0131733 0.0161608 0.0192687 0.0223677 0.0253033 0.0279088 0.0299583 0.0311917 0.0313984 0.0304008 0.0280711 0.0243123 0.0191822 0.0127799 0.00531816 -0.00294253 -0.0115575 -0.0201372 -0.0282648 -0.0356015 -0.0417534 -0.0464994 -0.0496635 -0.0511937 -0.0511208 -0.0496501 -0.0470218 -0.0434763 -0.0393219 -0.0348316 -0.0302614 -0.0257838 -0.0216294 -0.0178728 -0.0145881 -0.0117894 -0.00948418 -0.00760157 -0.00609698 -0.00494649 -0.00404866 -0.00338404 -0.00289519 -0.00255694 -0.00229943 -0.00213314 -0.00202356 -0.0019368 -0.00189135 -0.00184027 -0.00181189 -0.00179415 -0.00178263 -0.00174646 -0.00172618 -0.00173701 -0.00171062 -0.00169367 -0.00168118 -0.00167664 -0.00166407 -0.00164568 -0.00164925 -0.00163026 -0.00161689 -0.0016114 -0.00160522 -0.00159167 -0.00157764 -0.0015847 -0.00156133 -0.00155647 -0.00156585 -0.00153955 -0.00154441 -0.00154312 -0.00152392 -0.00152946 -0.00152273 -0.00151367 -0.00151316 -0.00150633 -0.0014989 -0.00149756 -0.00149966 -0.00149343 -0.00149456 -0.00149526 -0.00148348 -0.00148598 -0.00148297 -0.0014745 -0.00148417 -0.00148085 
0 9.86718e-06 1.80858e-05 2.88845e-05 3.59672e-05 4.46543e-05 5.56599e-05 6.12504e-05 7.26054e-05 8.45425e-05 8.84701e-05 0.000102985 0.000112917 0.000113927 0.000134472 0.000139423 0.000143369 0.000171103 0.000167207 0.000176655 0.000197267 0.000189932 0.000210771 0.000226929 0.000235326 0.000248819 0.000257694 0.000272156 0.000269523 0.000298075 0.000315263 0.000312351 0.000336413 0.000341309 0.000354977 0.000368622 0.000400007 0.000412134 0.000400806 0.000434702 0.000458761 0.000483333 0.000484065 0.000510392 0.000557107 0.000589668 0.00065129 0.000724733 0.00085962 0.00102896 0.00129262 0.0016563 0.00216088 0.00286619 0.00378489 0.00500556 0.00655403 0.00852463 0.0109235 0.0138402 0.017266 0.021183 0.0255379 0.0302085 0.0350308 0.039764 0.0442144 0.0480559 0.0510399 0.0528684 0.0533348 0.0522032 0.049426 0.0450311 0.0391529 0.032009 0.0239203 0.0152523 0.00634799 -0.00236526 -0.0105106 -0.0177424 -0.0238722 -0.0286813 -0.032107 -0.0341308 -0.0348907 -0.0344647 -0.0330578 -0.0308601 -0.0281457 -0.0250737 -0.0218544 -0.0186171 -0.0155109 -0.0125618 -0.00983194 -0.00730519 -0.00497804 -0.00275079 -0.000585023 0.00159789 0.00383804 0.00624426 0.00883772 0.0116517 0.0146447 0.0178145 0.0210392 0.0242056 0.0271177 0.0296296 0.0314746 0.0324466 0.0323144 0.0309758 0.0282661 0.0241624 0.0186805 0.0120065 0.00429751 -0.00412769 -0.0129122 -0.0216169 -0.0298923 -0.0373549 -0.0436672 -0.0485674 -0.0518946 -0.0535797 -0.0536384 -0.0522697 -0.049673 -0.0461364 -0.0419042 -0.0373098 -0.0325549 -0.0278943 -0.0234943 -0.0195063 -0.0159847 -0.0129681 -0.0104654 -0.00840409 -0.00677104 -0.00547693 -0.00450083 -0.00374492 -0.0032036 -0.00280439 -0.00252262 -0.00233555 -0.00219147 -0.00210341 -0.00203214 -0.00200729 -0.00196062 -0.00192452 -0.00190727 -0.00190127 -0.00189117 -0.00184416 -0.00184107 -0.00183581 -0.00182584 -0.00180446 -0.0017904 -0.00178666 -0.00175683 -0.001763 -0.00175501 -0.00173591 -0.0017251 -0.00171349 -0.00171048 -0.00169172 -0.00169983 -0.00168999 -0.00166821 -0.001678 -0.00165919 -0.00165213 -0.00165844 -0.00164362 -0.00163922 -0.00163547 -0.00162778 -0.00162334 -0.00162212 -0.00161852 -0.00161297 -0.00161515 -0.00160921 -0.00160401 -0.00160671 -0.0015988 -0.00159758 -0.00160096 -0.00159402 -0.00159735 
0 8.32676e-06 1.25099e-05 2.75486e-05 3.63377e-05 5.00158e-05 6.36814e-05 7.04111e-05 8.22534e-05 8.71501e-05 9.63961e-05 0.000106627 0.000116457 0.000130652 0.000139423 0.000151456 0.000159351 0.000170861 0.000180845 0.000193318 0.000213234 0.000216636 0.000234712 0.000238647 0.000239579 0.000266212 0.000268691 0.000291873 0.00031135 0.000312144 0.00032799 0.000341436 0.000361999 0.000374195 0.000397427 0.000401448 0.000405896 0.000433893 0.000450244 0.000477915 0.000478061 0.000497213 0.000534287 0.000564741 0.000595735 0.000636336 0.000718476 0.000806122 0.000954155 0.00115523 0.00144781 0.00186495 0.00243524 0.00321377 0.00423336 0.00558065 0.00727509 0.00941157 0.0120174 0.0151482 0.0188006 0.0229519 0.0275266 0.0323786 0.0373456 0.0421789 0.0466564 0.0504715 0.0533773 0.0550813 0.0553812 0.0540862 0.0511555 0.0466257 0.0406422 0.0334301 0.0252909 0.0165757 0.00762777 -0.00115324 -0.00942274 -0.0168602 -0.0232621 -0.0284065 -0.0322071 -0.0346305 -0.0357807 -0.0357232 -0.0346261 -0.032658 -0.0300707 -0.0270403 -0.0237816 -0.0204361 -0.0171511 -0.0139758 -0.0109887 -0.00819585 -0.00559138 -0.0030801 -0.000621271 0.00184932 0.00437116 0.00704839 0.00990943 0.0129713 0.0161758 0.0194945 0.0228054 0.0259856 0.028833 0.0311781 0.032768 0.0334145 0.0329219 0.0311982 0.0281124 0.0236582 0.0178775 0.0109605 0.00308684 -0.00544073 -0.0142932 -0.0230639 -0.031401 -0.0389349 -0.045348 -0.0503778 -0.0538501 -0.0556897 -0.0559102 -0.0546685 -0.0521544 -0.0486516 -0.0444053 -0.0397239 -0.0348359 -0.0300045 -0.025396 -0.0211775 -0.0174321 -0.0142024 -0.0114907 -0.00925842 -0.00747642 -0.0060526 -0.00496767 -0.00413471 -0.00352426 -0.00307041 -0.00275452 -0.00252987 -0.00237134 -0.00227847 -0.00219122 -0.00214017 -0.00210603 -0.00209092 -0.00205433 -0.00202664 -0.00201684 -0.00200167 -0.00199734 -0.00196144 -0.00194631 -0.00193715 -0.00192337 -0.00191287 -0.00189964 -0.00188593 -0.00186077 -0.00186701 -0.00185547 -0.0018445 -0.00184684 -0.00182092 -0.00181603 -0.00180672 -0.00179643 -0.00179551 -0.00178472 -0.00177806 -0.00176707 -0.00176289 -0.00175713 -0.00175346 -0.00175324 -0.00174684 -0.0017468 -0.00173612 -0.0017306 -0.0017265 -0.00171737 -0.00172303 -0.00171837 -0.00172075 -0.00172435 -0.00171567 -0.00171988 -0.00171133 
0 1.69205e-05 2.36385e-05 3.99814e-05 4.17759e-05 5.01029e-05 5.8805e-05 6.49522e-05 8.4682e-05 9.12885e-05 0.000111046 0.000122036 0.000124482 0.000145923 0.000143369 0.000159351 0.00017829 0.000177444 0.000199399 0.000206293 0.000214188 0.000227967 0.000244091 0.000261603 0.000268879 0.000298193 0.00029536 0.000301967 0.000333193 0.000326968 0.00035274 0.000373496 0.000375164 0.000393409 0.000411522 0.000433964 0.000449152 0.000471778 0.000482785 0.000504088 0.000529416 0.000541575 0.000578836 0.00060222 0.000635071 0.000698072 0.000776694 0.000881283 0.00104429 0.00128807 0.00161206 0.00208559 0.00273221 0.00358732 0.00472584 0.00619744 0.0080527 0.0103561 0.0131761 0.0165149 0.0203871 0.0247608 0.0295262 0.0345361 0.0396061 0.0445067 0.0489586 0.0527126 0.0554921 0.0570395 0.0571423 0.0556785 0.0526007 0.0479599 0.0419171 0.0346926 0.0265744 0.0178802 0.00897712 0.00020201 -0.008113 -0.0157021 -0.0223165 -0.0277733 -0.0319352 -0.0347772 -0.0363331 -0.0366887 -0.0359495 -0.0342782 -0.0318722 -0.0289439 -0.0256906 -0.0222788 -0.0188359 -0.0154534 -0.0122107 -0.00914556 -0.00624077 -0.00342706 -0.000652865 0.00212478 0.00495474 0.00791585 0.0110502 0.014349 0.0177522 0.0211868 0.0245461 0.0276854 0.0304172 0.0325294 0.0338114 0.0340807 0.0332035 0.0310674 0.0276066 0.0228114 0.0167793 0.00966396 0.00169633 -0.00686696 -0.0157014 -0.0244714 -0.0327981 -0.0403471 -0.0468091 -0.0519402 -0.0555436 -0.0575381 -0.0579419 -0.0568547 -0.0544656 -0.0510269 -0.0468138 -0.0420746 -0.0370925 -0.0321089 -0.0273206 -0.0228807 -0.0189195 -0.0154803 -0.012557 -0.010153 -0.00821038 -0.00666301 -0.00545724 -0.0045509 -0.0038615 -0.00335502 -0.00300635 -0.00274575 -0.00256524 -0.00244944 -0.00236952 -0.00229771 -0.00225739 -0.00222839 -0.00219165 -0.00217833 -0.0021506 -0.00212972 -0.00211537 -0.00209741 -0.00208574 -0.00207507 -0.0020593 -0.0020318 -0.00203864 -0.00202257 -0.00199977 -0.00200663 -0.00197581 -0.00196262 -0.00195934 -0.00194613 -0.00193964 -0.00193046 -0.0019273 -0.00190749 -0.00190796 -0.00190467 -0.00188832 -0.00189641 -0.00188133 -0.0018744 -0.0018685 -0.00185349 -0.0018574 -0.00184733 -0.00185436 -0.00185355 -0.00184411 -0.00185355 -0.0018326 -0.00183359 -0.00183467 -0.00181712 -0.00183707 -0.00182892 
0 1.45083e-05 7.52606e-06 3.61931e-05 4.29536e-05 5.04476e-05 8.19591e-05 7.5473e-05 9.11929e-05 0.000109668 9.80589e-05 0.000126541 0.000137232 0.000135907 0.000171103 0.000170861 0.000177444 0.000206988 0.000204407 0.000221463 0.000241941 0.000244085 0.000259597 0.000272654 0.000286897 0.000296446 0.000315424 0.000337331 0.000339752 0.000363332 0.000384121 0.000392262 0.00040742 0.000430851 0.000446568 0.000444625 0.000484771 0.00050505 0.000499188 0.000533029 0.000561933 0.000586941 0.000607647 0.000646531 0.000694221 0.000761931 0.000853722 0.000965579 0.00116857 0.00143234 0.00180249 0.00232984 0.00304851 0.00399584 0.0052392 0.00685584 0.00885641 0.0113522 0.0143682 0.0179241 0.0220073 0.0265867 0.0315287 0.0366601 0.0418193 0.0467295 0.0511401 0.0547766 0.0574106 0.0587534 0.0586532 0.0570051 0.0537901 0.0490625 0.0429967 0.0358191 0.0277702 0.0191812 0.0103796 0.00169921 -0.00661468 -0.0142722 -0.0210665 -0.0267813 -0.031311 -0.0345558 -0.0365525 -0.037337 -0.0370178 -0.0356858 -0.0335354 -0.0307585 -0.0275741 -0.0241272 -0.0205654 -0.0169912 -0.0135109 -0.0101608 -0.00694271 -0.00380186 -0.000700829 0.00240908 0.00556459 0.0088303 0.0122308 0.0157591 0.0193319 0.02286 0.0262147 0.0292691 0.0318158 0.0336519 0.0345627 0.0344325 0.0331308 0.0305904 0.0267417 0.0216505 0.0153929 0.00815934 0.000142852 -0.00836658 -0.0171268 -0.0258058 -0.0340719 -0.0415688 -0.0480412 -0.0532379 -0.0569608 -0.0591171 -0.0597104 -0.05882 -0.0565789 -0.0532614 -0.0491 -0.0443664 -0.0393079 -0.0342181 -0.0292645 -0.0246328 -0.0204636 -0.0168146 -0.013695 -0.0110984 -0.00900641 -0.00730918 -0.00599485 -0.00498731 -0.00422469 -0.00365253 -0.00325414 -0.00297029 -0.00275115 -0.00262183 -0.00252172 -0.0024589 -0.00240874 -0.00236479 -0.00233594 -0.00232521 -0.0023066 -0.00225906 -0.00226022 -0.00225084 -0.00221706 -0.00220401 -0.00219188 -0.00217577 -0.00215118 -0.00214795 -0.00213441 -0.00211288 -0.00210937 -0.00209854 -0.00208894 -0.00207351 -0.00207057 -0.00206014 -0.00203819 -0.00204703 -0.00202919 -0.00201329 -0.00202439 -0.00199788 -0.00199307 -0.00200319 -0.00198234 -0.00198906 -0.00198868 -0.0019688 -0.00197377 -0.00196331 -0.00195341 -0.00196071 -0.00195293 -0.00195527 -0.00195795 -0.00195078 -0.00195315 -0.00194637 
