0 0 0 0 0 0 0 0 0 0 0 0 0 0 0 0 0 0 0 0 0 0 0 0 0 0 0 0 0 0 0 0 0 0 0 0 0 0 0 0 0 0 0 0 0 0 0 0 0 0 0 0 0 0 0 0 0 0 0 0 0 0 0 0 0 0 0 0 0 0 0 0 0 0 0 0 0 0 0 0 0 0 0 0 0 0 0 0 0 0 0 0 0 0 0 0 0 0 0 0 0 0 0 0 0 0 0 0 0 0 0 0 0 0 0 0 0 0 0 0 0 0 0 0 0 0 0 0 0 0 0 0 0 0 0 0 0 0 0 0 0 0 0 0 0 0 0 0 0 0 0 0 0 0 0 0 0 0 0 0 0 0 0 0 0 0 0 0 0 0 0 0 0 0 0 0 0 0 0 0 0 0 0 0 0 0 0 0 0 0 0 0 0 0 0 0 0 0 0 0 
0 1.53766e-07 3.11359e-07 -2.42895e-07 1.17565e-06 6.02733e-07 2.55744e-06 1.84206e-06 1.4263e-06 4.4307e-06 -6.03566e-07 5.36456e-06 4.43856e-06 7.72376e-07 1.14294e-05 -9.75099e-07 4.32285e-06 7.20181e-06 -6.67777e-06 1.15584e-05 3.44776e-06 5.48924e-06 1.94476e-05 7.08169e-06 1.72247e-05 1.97958e-05 2.46702e-05 4.01711e-05 6.61277e-05 9.72056e-05 0.000138225 0.000212506 0.000284888 0.000406215 0.00055771 0.000738356 0.000970973 0.00123399 0.00155658 0.00190377 0.00230823 0.00272939 0.00313139 0.00350824 0.0038105 0.004008 0.00406321 0.00399411 0.00372398 0.00328089 0.00269185 0.001963 0.00113264 0.00024533 -0.000608462 -0.00139078 -0.00203743 -0.00256183 -0.00290868 -0.00308465 -0.0031037 -0.00298521 -0.00276504 -0.00248839 -0.0021982 -0.00188482 -0.00160091 -0.00133578 -0.00111865 -0.000938592 -0.00080744 -0.000681486 -0.000585348 -0.000518456 -0.000468134 -0.000419789 -0.00037868 -0.000345994 -0.000314012 -0.000299947 -0.000275981 -0.000250151 -0.000225783 -0.000226188 -0.000205552 -0.000185107 -0.000168096 -0.000170788 -0.000150995 -0.000137523 -0.000124969 -0.000124878 -0.000107374 -9.95292e-05 -8.81631e-05 -8.54192e-05 -7.0734e-05 -6.56834e-05 -5.41903e-05 -5.03525e-05 -3.69436e-05 -3.2784e-05 -2.15384e-05 -1.69886e-05 -2.29446e-06 8.71758e-07 1.12973e-05 1.82057e-05 3.60862e-05 3.66598e-05 4.71754e-05 5.93191e-05 8.02195e-05 7.75305e-05 9.13443e-05 0.000110337 0.000132527 0.000130925 0.000151781 0.00017581 0.000200355 0.00021179 0.000241043 0.000269702 0.000307834 0.00035135 0.000397635 0.000453949 0.000539271 0.000653314 0.000771921 0.000932704 0.00113084 0.00137775 0.00164666 0.00195182 0.00223999 0.00252537 0.00276643 0.00292378 0.00295065 0.00283623 0.00255608 0.00209719 0.00150335 0.000771255 -3.78392e-05 -0.000903833 -0.00174412 -0.0025027 -0.00311158 -0.00358919 -0.00391347 -0.00404163 -0.00402597 -0.00386625 -0.00359974 -0.00324122 -0.00285921 -0.00245108 -0.00204973 -0.00168834 -0.00136076 -0.00109294 -0.000850694 -0.000672097 -0.000515125 -0.000385948 -0.000303402 -0.000229008 -0.000182314 -0.000149295 -0.000130449 -0.000103653 -9.84711e-05 -9.21436e-05 -7.49539e-05 -9.14072e-05 -7.88906e-05 -8.06628e-05 -8.99903e-05 -7.51683e-05 -8.50006e-05 -8.08148e-05 -7.82968e-05 -8.41448e-05 -8.00504e-05 -8.24491e-05 -8.00477e-05 -8.01232e-05 -7.76302e-05 -7.71558e-05 -7.99572e-05 -7.66689e-05 -8.25603e-05 -8.14064e-05 -7.96018e-05 -8.36292e-05 -7.64248e-05 -7.9908e-05 
0 3.11359e-07 3.21147e-06 7.92209e-07 4.15987e-06 3.01706e-06 4.16388e-07 7.05599e-06 9.07928e-07 5.48017e-06 9.17055e-06 -3.08934e-07 1.07649e-05 3.54722e-06 2.04945e-06 1.46295e-05 4.30387e-06 1.54599e-05 1.76211e-05 9.15697e-06 1.59465e-05 9.30516e-06 9.76292e-06 1.61304e-05 2.70117e-05 4.00553e-05 5.88493e-05 9.42643e-05 0.000126056 0.000191905 0.000293831 0.000410809 0.000595795 0.000831234 0.00110489 0.00147863 0.00193244 0.00246125 0.00310428 0.00383388 0.00460678 0.00543131 0.00626032 0.00699592 0.00760898 0.00800745 0.00812921 0.00793648 0.0074131 0.00657353 0.00538775 0.00390847 0.00224068 0.000521788 -0.00119199 -0.00275474 -0.00406476 -0.00509066 -0.00578491 -0.00614861 -0.0061877 -0.00596449 -0.00551721 -0.00498559 -0.00439051 -0.00378421 -0.00320093 -0.00268484 -0.0022389 -0.00188501 -0.00161285 -0.00136295 -0.0011726 -0.00103102 -0.000936006 -0.000829801 -0.00075977 -0.000680501 -0.000632779 -0.000587298 -0.000555643 -0.000490296 -0.000459144 -0.000441272 -0.000416066 -0.000364113 -0.000343734 -0.000334146 -0.000307702 -0.000272475 -0.000256342 -0.000246297 -0.000220488 -0.000198848 -0.000181765 -0.000170284 -0.000146859 -0.000132398 -0.000113331 -0.000101402 -7.91078e-05 -6.6777e-05 -4.78192e-05 -3.42797e-05 -1.02301e-05 1.63317e-06 1.80425e-05 3.78428e-05 6.55054e-05 7.59426e-05 9.007e-05 0.000122735 0.00015276 0.000162047 0.000178677 0.000228053 0.000257651 0.000273631 0.000300002 0.000362693 0.000396156 0.000438014 0.000480535 0.000553853 0.000617023 0.00071596 0.000800028 0.000923584 0.00108902 0.00131723 0.00155932 0.00187716 0.00228075 0.00276091 0.00331016 0.0038995 0.00448981 0.00503514 0.00552155 0.00581825 0.00588036 0.00563221 0.00506265 0.00416139 0.00298244 0.00152413 -0.00012695 -0.00181579 -0.00346526 -0.00496965 -0.00623591 -0.00716903 -0.00777339 -0.00804627 -0.0080253 -0.00771579 -0.00717249 -0.00649386 -0.00569874 -0.0048793 -0.0041105 -0.00339251 -0.00273672 -0.00219154 -0.00172454 -0.00132416 -0.00103093 -0.000791288 -0.000597987 -0.000468741 -0.000362988 -0.000286223 -0.000242262 -0.000212927 -0.000195615 -0.00018441 -0.000182803 -0.000171093 -0.000165339 -0.000169183 -0.000156633 -0.000163863 -0.000165356 -0.000157254 -0.000165817 -0.000159066 -0.000156692 -0.000161331 -0.00015838 -0.000160249 -0.000164613 -0.000162637 -0.000160328 -0.000163441 -0.000154889 -0.000155795 -0.000159173 -0.00015208 -0.000161499 -0.0001584 
0 -2.42895e-07 7.92209e-07 1.13512e-06 3.12196e-06 2.98193e-06 6.21591e-06 5.86649e-06 5.48115e-06 1.00875e-05 4.02669e-06 1.15924e-05 1.19769e-05 6.86768e-06 2.12023e-05 6.36713e-06 1.19311e-05 1.73345e-05 -4.52922e-07 2.35916e-05 1.58764e-05 1.94356e-05 4.07787e-05 2.83662e-05 4.71612e-05 6.04136e-05 8.19091e-05 0.000128252 0.00019938 0.00029614 0.000430814 0.000636225 0.000880751 0.00123566 0.00168172 0.00223254 0.00291889 0.00371679 0.00467174 0.0057285 0.00691419 0.00815421 0.00935767 0.010463 0.0113563 0.0119366 0.012109 0.0118636 0.011074 0.00977744 0.00802243 0.00585662 0.00339851 0.000797813 -0.00173591 -0.00405351 -0.00599819 -0.00754723 -0.00859422 -0.00914027 -0.00921847 -0.00889284 -0.00826348 -0.00746424 -0.0065969 -0.00568543 -0.00483261 -0.0040505 -0.00339302 -0.00285419 -0.00243938 -0.00206824 -0.00177847 -0.00156804 -0.00140919 -0.0012639 -0.00114208 -0.00103857 -0.000950071 -0.000894523 -0.000827017 -0.000750611 -0.000687928 -0.000668407 -0.000615892 -0.00055685 -0.000512708 -0.000501957 -0.000454847 -0.000413607 -0.000380088 -0.000366785 -0.000325642 -0.00029802 -0.000267781 -0.000251038 -0.000215908 -0.000195234 -0.000165154 -0.000146965 -0.000114461 -9.60188e-05 -6.64179e-05 -4.65489e-05 -1.14667e-05 5.53554e-06 3.39246e-05 5.96656e-05 0.000101396 0.000114911 0.000144315 0.000182625 0.00023162 0.000241542 0.000278928 0.00033441 0.000389427 0.00040568 0.000460118 0.000531652 0.000599003 0.000647949 0.000727845 0.000820445 0.000932349 0.00106379 0.00120678 0.00138794 0.00164439 0.00197941 0.00235307 0.00283675 0.00343699 0.00416598 0.00497535 0.00586278 0.0067268 0.00755366 0.00824805 0.0086867 0.00875159 0.00838414 0.00753024 0.00617129 0.00439362 0.00222478 -0.000191714 -0.00273714 -0.00521058 -0.00744558 -0.00927972 -0.0106902 -0.0116279 -0.0120298 -0.0119859 -0.0115228 -0.0107316 -0.00969227 -0.00854361 -0.00733446 -0.00615525 -0.00507611 -0.00410443 -0.00328848 -0.00257883 -0.00201906 -0.00155446 -0.00117967 -0.000912901 -0.000699357 -0.000552402 -0.000449066 -0.000383211 -0.000319981 -0.000295198 -0.000274515 -0.000245812 -0.000262845 -0.000243719 -0.000245931 -0.00025594 -0.00023637 -0.000249094 -0.000242297 -0.000239573 -0.000247042 -0.00024111 -0.000244338 -0.000240921 -0.000239673 -0.000236723 -0.000235594 -0.000238296 -0.000235691 -0.000242149 -0.000240991 -0.000239444 -0.000244474 -0.000237735 -0.000237821 
0 1.17565e-06 4.15987e-06 3.12196e-06 4.95486e-06 5.48465e-06 5.29096e-06 8.40415e-06 7.0573e-06 1.02832e-05 1.12674e-05 1.01505e-05 1.44838e-05 1.14639e-05 1.51172e-05 1.73028e-05 1.68148e-05 2.36278e-05 2.09622e-05 2.46196e-05 2.50592e-05 2.43358e-05 3.32383e-05 3.79972e-05 5.79876e-05 8.31085e-05 0.000120085 0.000183344 0.000268738 0.000400685 0.000591699 0.000852034 0.00120441 0.00167036 0.00225351 0.00299066 0.0038962 0.00496705 0.00623167 0.00765637 0.00920702 0.0108323 0.0124309 0.0138815 0.0150582 0.015821 0.0160524 0.0156843 0.0146518 0.0129623 0.0106407 0.00777076 0.00452892 0.0011305 -0.00221091 -0.00527189 -0.00786766 -0.00990806 -0.0113092 -0.0120564 -0.0121863 -0.0117852 -0.0109808 -0.00994805 -0.00879969 -0.00761298 -0.00647682 -0.00544735 -0.0045648 -0.00384611 -0.0032717 -0.00278216 -0.00239293 -0.00210295 -0.00188236 -0.0016879 -0.00152623 -0.00138412 -0.00127232 -0.00118593 -0.00110005 -0.00100003 -0.000926002 -0.00088103 -0.000819925 -0.000743631 -0.000691526 -0.000659962 -0.000608694 -0.000552821 -0.000512628 -0.000482849 -0.000438646 -0.000397679 -0.000361717 -0.00033134 -0.000292848 -0.000259716 -0.000224481 -0.000193726 -0.000157564 -0.00012697 -9.20856e-05 -5.94008e-05 -2.08961e-05 9.18737e-06 4.37309e-05 8.32102e-05 0.000127992 0.000157352 0.000194203 0.000247547 0.000300444 0.000330712 0.000376925 0.000449868 0.000512844 0.000554445 0.000620289 0.000715095 0.000799498 0.000878902 0.000979531 0.00110877 0.00125652 0.00143334 0.00162952 0.00188269 0.00222657 0.00266714 0.00318299 0.00382999 0.00463565 0.0055948 0.00667375 0.0078283 0.00897416 0.0100435 0.0109355 0.0114838 0.011549 0.0110318 0.00987826 0.0080865 0.0057245 0.00285864 -0.000347963 -0.00367909 -0.00691839 -0.00985814 -0.0123091 -0.0141628 -0.0153723 -0.0159231 -0.015872 -0.0152736 -0.0142331 -0.0128833 -0.0113504 -0.00975519 -0.00821452 -0.00678507 -0.00550105 -0.00440263 -0.0034666 -0.00269681 -0.00208394 -0.00159698 -0.00122351 -0.000946236 -0.000740465 -0.0005943 -0.000499845 -0.000431707 -0.000394388 -0.00036923 -0.000350967 -0.000344467 -0.000332522 -0.000331234 -0.000327455 -0.000324409 -0.000327373 -0.00032249 -0.00032406 -0.000322157 -0.000319555 -0.000321316 -0.000319599 -0.000320993 -0.000321794 -0.000321299 -0.000320834 -0.000319812 -0.000318111 -0.000317138 -0.000315753 -0.00031403 -0.000316987 -0.000317845 
0 6.02733e-07 3.01706e-06 2.98193e-06 5.48465e-06 7.80626e-06 6.61537e-06 1.08276e-05 1.03795e-05 1.08618e-05 1.65544e-05 1.20238e-05 1.746e-05 1.9324e-05 1.4218e-05 2.49356e-05 1.97563e-05 2.20474e-05 3.14342e-05 2.33361e-05 3.42091e-05 3.72595e-05 3.93138e-05 5.76954e-05 7.3144e-05 0.000105502 0.000154479 0.000233306 0.000343435 0.000511935 0.000756611 0.00107676 0.00152954 0.0021086 0.00284397 0.00377233 0.00489812 0.00624265 0.00780404 0.0095799 0.0114954 0.0134965 0.0154666 0.0172414 0.0186771 0.0196029 0.0198901 0.019413 0.0181409 0.0160533 0.0131875 0.00966371 0.00568223 0.00151027 -0.00260387 -0.00637406 -0.00960178 -0.0121305 -0.0138919 -0.0148518 -0.0150537 -0.0146053 -0.013662 -0.0124185 -0.011009 -0.00956254 -0.00815645 -0.00688514 -0.00578135 -0.00487769 -0.00413557 -0.0035269 -0.00303588 -0.00266066 -0.00237043 -0.00212649 -0.00192072 -0.00174158 -0.00160288 -0.00148292 -0.00137413 -0.00125648 -0.00116849 -0.00109344 -0.00102123 -0.000933524 -0.00087055 -0.000814247 -0.00075844 -0.000691237 -0.000641991 -0.000593557 -0.000546732 -0.000493314 -0.000450578 -0.000405596 -0.000364103 -0.000318251 -0.000277932 -0.000234064 -0.000194574 -0.000151399 -0.000111451 -6.57609e-05 -2.46648e-05 1.89942e-05 6.03695e-05 0.000112515 0.000158758 0.000205212 0.000251457 0.000316134 0.000371263 0.000424522 0.000482068 0.000565758 0.000636433 0.000706591 0.000785905 0.00089661 0.000999974 0.00111104 0.00123494 0.00139781 0.00158435 0.00180505 0.00206103 0.00239144 0.00282594 0.00337201 0.00403884 0.00485621 0.00586741 0.00705494 0.0083953 0.00980555 0.0112183 0.0125143 0.0135737 0.0142044 0.0142472 0.0135699 0.0121129 0.00988646 0.0069441 0.00340918 -0.000545029 -0.00463937 -0.00862334 -0.0122306 -0.015259 -0.0175478 -0.019038 -0.0197393 -0.0196781 -0.0189509 -0.0176758 -0.0160278 -0.014137 -0.012175 -0.0102697 -0.00848969 -0.00690015 -0.00552113 -0.00436382 -0.00339506 -0.00262704 -0.00202077 -0.00154375 -0.00119903 -0.000939335 -0.000757073 -0.000631052 -0.000551311 -0.000494663 -0.00045839 -0.000444869 -0.000421297 -0.000419186 -0.000415619 -0.000404726 -0.000412353 -0.000405334 -0.000404173 -0.000407175 -0.000401371 -0.000403182 -0.000402137 -0.000401075 -0.000400637 -0.000400875 -0.000399782 -0.000397759 -0.000399584 -0.000395439 -0.000398151 -0.000400377 -0.000395482 -0.000400052 -0.000396444 
0 2.55744e-06 4.16388e-07 6.21591e-06 5.29096e-06 6.61537e-06 1.28862e-05 7.95579e-06 1.56768e-05 1.55353e-05 1.133e-05 2.38769e-05 1.56486e-05 2.19712e-05 2.95877e-05 1.80697e-05 3.11323e-05 2.6208e-05 2.34746e-05 3.72578e-05 3.44529e-05 4.59165e-05 5.90611e-05 7.13511e-05 9.2447e-05 0.000131176 0.000192154 0.000278463 0.000432452 0.00063559 0.000918682 0.0013326 0.00185723 0.00255435 0.00346168 0.00456871 0.00591923 0.00753657 0.00939756 0.0114856 0.0137783 0.0161449 0.0184445 0.0205361 0.0222049 0.0232768 0.0235919 0.0230415 0.0215285 0.0190319 0.015653 0.0115293 0.00686577 0.00193242 -0.00289756 -0.00734649 -0.0111725 -0.0141974 -0.01632 -0.017503 -0.017805 -0.0173368 -0.0163026 -0.0148636 -0.013231 -0.0115282 -0.00987995 -0.00836159 -0.00704914 -0.00594653 -0.0050346 -0.00430022 -0.00370288 -0.00323946 -0.00286694 -0.00257793 -0.00231559 -0.00211127 -0.0019305 -0.0017873 -0.00163996 -0.00152218 -0.00140504 -0.00131073 -0.00121313 -0.00112991 -0.0010431 -0.00097128 -0.00090013 -0.000832964 -0.000765218 -0.000705273 -0.000648248 -0.000589487 -0.000533921 -0.000479612 -0.000429577 -0.000375574 -0.000326225 -0.000273436 -0.00022587 -0.000174029 -0.000125287 -7.10609e-05 -2.22695e-05 3.02361e-05 8.39326e-05 0.000142164 0.000196523 0.000253628 0.000318046 0.00038353 0.000450327 0.000518032 0.000599491 0.000678783 0.00077 0.000858181 0.000966427 0.00107552 0.00121274 0.00134423 0.00150763 0.00169081 0.00192937 0.00218659 0.00251656 0.00292423 0.0034566 0.00411096 0.00493346 0.00593317 0.00714183 0.00856318 0.0101414 0.0118056 0.013449 0.0149612 0.0161418 0.0168299 0.0168119 0.0159655 0.0142034 0.0115356 0.00802484 0.00384349 -0.000788442 -0.00562773 -0.0103211 -0.0145596 -0.0181018 -0.0208225 -0.0226095 -0.0234417 -0.0233756 -0.0225307 -0.0210546 -0.0191011 -0.0168986 -0.0145936 -0.0123142 -0.0102002 -0.00831369 -0.00666097 -0.00526583 -0.00412858 -0.00318515 -0.00244527 -0.00188906 -0.00145258 -0.00114578 -0.000930478 -0.000771774 -0.000666947 -0.000598617 -0.000554456 -0.000521536 -0.000514383 -0.000503214 -0.000492703 -0.000500328 -0.000486415 -0.000486939 -0.00049062 -0.000480506 -0.0004882 -0.000485541 -0.000481919 -0.000483786 -0.000479541 -0.000477252 -0.000477245 -0.000479055 -0.000476697 -0.000480677 -0.000479015 -0.00047659 -0.000482193 -0.000474518 -0.000476991 
0 1.84206e-06 7.05599e-06 5.86649e-06 8.40415e-06 1.08276e-05 7.95579e-06 1.45415e-05 1.43981e-05 1.34604e-05 2.43383e-05 1.69313e-05 2.22371e-05 2.91651e-05 1.64193e-05 3.57747e-05 3.1442e-05 2.99501e-05 5.2476e-05 3.29276e-05 4.78315e-05 5.41497e-05 4.80904e-05 8.4738e-05 0.000107199 0.000159487 0.000239667 0.000352731 0.00051648 0.000761349 0.00111417 0.00157594 0.00222649 0.00304204 0.00408343 0.00538245 0.00695196 0.00883458 0.0109862 0.0134325 0.0160408 0.0187329 0.0213748 0.02374 0.0256312 0.02684 0.0271947 0.0264964 0.0247608 0.0219327 0.0180672 0.0133427 0.00801932 0.00244384 -0.00307029 -0.00816645 -0.0125923 -0.0160756 -0.0185621 -0.0199928 -0.0204196 -0.0199794 -0.0188702 -0.017295 -0.0154449 -0.0135296 -0.0116302 -0.00989505 -0.00835779 -0.00706331 -0.00596734 -0.0051026 -0.00439451 -0.00383022 -0.00338014 -0.00302469 -0.0027221 -0.00247111 -0.00226839 -0.00207562 -0.00191463 -0.00177213 -0.00165009 -0.00151231 -0.00141219 -0.00131151 -0.00122209 -0.00111614 -0.0010464 -0.000963037 -0.000892375 -0.000808258 -0.000751751 -0.000676952 -0.000618961 -0.000547164 -0.000495162 -0.000425862 -0.00037481 -0.000307154 -0.000256388 -0.000189675 -0.000139095 -6.99677e-05 -1.91822e-05 5.00891e-05 0.000106803 0.000180617 0.000234075 0.000313874 0.000382617 0.000463859 0.000527802 0.000627866 0.000714057 0.000810168 0.000900985 0.00103118 0.00114568 0.00127837 0.00142471 0.00160395 0.00178626 0.00201357 0.0022847 0.00260233 0.00299749 0.00349872 0.00412759 0.00489876 0.00588503 0.00706471 0.00848355 0.0101123 0.0119346 0.0138124 0.0156839 0.0173499 0.0186347 0.0193281 0.0192358 0.0181813 0.016096 0.0130133 0.00896246 0.00416277 -0.00115959 -0.00663949 -0.0119659 -0.0167984 -0.0208893 -0.0239887 -0.0260082 -0.0269987 -0.0269479 -0.026007 -0.024332 -0.0221418 -0.0196023 -0.0169645 -0.0143772 -0.0119357 -0.00975227 -0.00782465 -0.00620951 -0.00484891 -0.00376326 -0.00291046 -0.00223027 -0.00173365 -0.00135748 -0.00109049 -0.000900992 -0.000791407 -0.000703967 -0.000652698 -0.000636471 -0.000591002 -0.000594064 -0.000582233 -0.000564708 -0.000581998 -0.000565212 -0.000568171 -0.000570829 -0.000558595 -0.000563912 -0.000560648 -0.00056014 -0.000563565 -0.000563875 -0.000562689 -0.000561174 -0.000560745 -0.00055621 -0.000555059 -0.000553928 -0.000551909 -0.000555803 -0.000556905 
0 1.4263e-06 9.07928e-07 5.48115e-06 7.0573e-06 1.03795e-05 1.56768e-05 1.43981e-05 1.95519e-05 1.96867e-05 2.0292e-05 2.63024e-05 2.35623e-05 3.12339e-05 3.15317e-05 3.16708e-05 3.74175e-05 3.22118e-05 4.10341e-05 4.2509e-05 5.18058e-05 6.73513e-05 7.6228e-05 0.000107104 0.000132981 0.000189052 0.000280126 0.000406443 0.000616949 0.000904012 0.00130428 0.00185797 0.00258677 0.00352925 0.00474203 0.00623248 0.00802879 0.010171 0.0126101 0.0153438 0.0182923 0.0213099 0.0242352 0.026852 0.0289264 0.0302388 0.0305962 0.0298271 0.0278636 0.0246679 0.0203516 0.0151241 0.00922832 0.00301132 -0.00312254 -0.0088149 -0.0137753 -0.0177365 -0.0205891 -0.0222804 -0.0228626 -0.0224884 -0.0213637 -0.0196782 -0.0176675 -0.0155445 -0.0134378 -0.0114794 -0.00973851 -0.00823485 -0.00696379 -0.00595142 -0.00512757 -0.00445749 -0.00391839 -0.00349554 -0.00313791 -0.00285069 -0.00260469 -0.00237799 -0.00218279 -0.00203129 -0.00188114 -0.00172191 -0.00159637 -0.00149397 -0.00138207 -0.00126243 -0.001173 -0.00108767 -0.000998651 -0.000906329 -0.00083331 -0.000754776 -0.000682251 -0.000605209 -0.000537985 -0.000464055 -0.000401053 -0.000329189 -0.000263716 -0.000192357 -0.000130235 -5.73638e-05 7.79155e-06 8.20192e-05 0.000152183 0.000228529 0.000296501 0.000383232 0.000468927 0.000550448 0.000630571 0.000741911 0.000849164 0.000944344 0.00105552 0.00120337 0.00134427 0.00148162 0.00165587 0.00186268 0.00208431 0.0023403 0.00265828 0.00303128 0.00350522 0.00409923 0.00483227 0.00573387 0.00688053 0.00825631 0.00987186 0.0117191 0.0137497 0.015843 0.0178912 0.0196976 0.0210326 0.0216983 0.0214862 0.0202199 0.0178174 0.0142943 0.00972472 0.0043506 -0.00156072 -0.00768038 -0.0136151 -0.0189819 -0.0235169 -0.0270017 -0.0293053 -0.0304209 -0.0303866 -0.0293588 -0.0275213 -0.0250865 -0.0222859 -0.0193445 -0.0164158 -0.0136636 -0.0111891 -0.00900293 -0.00715719 -0.00562141 -0.0043626 -0.0033686 -0.0026015 -0.00201382 -0.00158851 -0.00128584 -0.00106052 -0.000919438 -0.000813617 -0.000747857 -0.00071235 -0.000682327 -0.000676092 -0.000662873 -0.000659159 -0.000655968 -0.000648234 -0.000651805 -0.000646683 -0.000648749 -0.000648826 -0.000645188 -0.000644844 -0.000640127 -0.000638442 -0.000636658 -0.000636008 -0.000635459 -0.000639043 -0.000640815 -0.000640243 -0.000642668 -0.000636952 -0.000635856 
0 4.4307e-06 5.48017e-06 1.00875e-05 1.02832e-05 1.08618e-05 1.55353e-05 1.34604e-05 1.96867e-05 2.29011e-05 2.13971e-05 3.04807e-05 2.72896e-05 3.14332e-05 3.76147e-05 3.37636e-05 4.43476e-05 4.45843e-05 4.74702e-05 5.58168e-05 5.70876e-05 6.96519e-05 8.38107e-05 0.000113484 0.000156168 0.000225719 0.000336642 0.000486861 0.000726852 0.00105787 0.00151541 0.00215543 0.00298317 0.00405744 0.00542191 0.00709533 0.0091168 0.0115092 0.0142417 0.0172722 0.0205243 0.0238303 0.0270178 0.0298608 0.0320998 0.0335048 0.0338473 0.0329719 0.0307881 0.0272824 0.0225607 0.0168459 0.0104225 0.00365417 -0.00303462 -0.00928618 -0.0147567 -0.0191727 -0.0223867 -0.0243567 -0.0251303 -0.0248632 -0.0237589 -0.0220109 -0.0198765 -0.0175753 -0.0152785 -0.0131121 -0.0111667 -0.00945417 -0.00800398 -0.00683209 -0.00588211 -0.0050999 -0.0044668 -0.00396575 -0.00355259 -0.00322229 -0.00293263 -0.0026696 -0.00244451 -0.00227532 -0.00210014 -0.00192126 -0.00177302 -0.00166099 -0.00153124 -0.00139967 -0.00129097 -0.0011989 -0.00109546 -0.000995305 -0.000905456 -0.000821246 -0.000736277 -0.000653605 -0.000571082 -0.000491864 -0.000417544 -0.000341124 -0.000260996 -0.000184356 -0.000111219 -3.42215e-05 4.57766e-05 0.000125867 0.000207639 0.000288128 0.000371983 0.000466197 0.000565166 0.000651583 0.000749421 0.000871558 0.000995496 0.0010981 0.00122951 0.00139452 0.00155913 0.00171101 0.00191081 0.00214848 0.00241026 0.00270276 0.0030675 0.00350689 0.00406431 0.00475697 0.00560192 0.00664588 0.00795594 0.00952729 0.0113394 0.0133902 0.0156109 0.0178914 0.0200799 0.0219741 0.0233184 0.0239134 0.0235437 0.0220339 0.0193025 0.0153589 0.010306 0.00438533 -0.00207997 -0.00874988 -0.015208 -0.021075 -0.0260407 -0.0298657 -0.0324096 -0.0336531 -0.0336605 -0.0325724 -0.0305994 -0.0279548 -0.024904 -0.0216793 -0.0184591 -0.0154205 -0.0126595 -0.0102199 -0.00813635 -0.00640747 -0.00498711 -0.00386047 -0.00299138 -0.00231457 -0.00182336 -0.00146679 -0.00121057 -0.00104409 -0.00092853 -0.000857113 -0.000808226 -0.000780359 -0.000761742 -0.000746211 -0.000745162 -0.000735177 -0.000734021 -0.000733872 -0.000726129 -0.00072857 -0.000724087 -0.000722519 -0.00072359 -0.000721719 -0.00072226 -0.000722938 -0.000723856 -0.000719047 -0.000719122 -0.000715464 -0.000711668 -0.000716127 -0.000712285 -0.000717191 
0 -6.03566e-07 9.17055e-06 4.02669e-06 1.12674e-05 1.65544e-05 1.133e-05 2.43383e-05 2.0292e-05 2.13971e-05 3.35838e-05 2.33759e-05 3.60506e-05 3.82008e-05 3.06807e-05 4.88972e-05 4.08719e-05 4.67088e-05 6.07793e-05 5.43762e-05 7.09953e-05 8.26995e-05 9.73164e-05 0.000132943 0.000185716 0.000263986 0.000386333 0.000579141 0.000835659 0.00122075 0.00175565 0.00245538 0.00340578 0.00461402 0.00612768 0.00799742 0.0102477 0.0128807 0.015881 0.0192143 0.0227295 0.0262986 0.0297276 0.032752 0.0351203 0.0365853 0.0369204 0.0359163 0.0335257 0.0297433 0.0246627 0.0185116 0.0116206 0.0043908 -0.00280359 -0.00955149 -0.0155002 -0.0203393 -0.0239211 -0.026187 -0.0271864 -0.0270726 -0.0260275 -0.0242796 -0.0220568 -0.0196242 -0.0171519 -0.0148061 -0.0126512 -0.010742 -0.00910474 -0.00776572 -0.00667554 -0.00577377 -0.0050413 -0.00444753 -0.00397926 -0.00358951 -0.00326023 -0.00295002 -0.0027045 -0.00249683 -0.00230651 -0.00209941 -0.00193827 -0.00179745 -0.00166128 -0.00150956 -0.0013893 -0.00127663 -0.00116848 -0.0010525 -0.000952215 -0.000853455 -0.000762784 -0.000667404 -0.000575681 -0.000485006 -0.00040405 -0.000317182 -0.000228577 -0.000141037 -6.16759e-05 2.49998e-05 0.00011356 0.00020566 0.0002918 0.000383601 0.000476686 0.000584924 0.000686099 0.000788557 0.000896084 0.00103523 0.0011617 0.0012877 0.0014287 0.00161693 0.00179121 0.00197551 0.00218884 0.00246568 0.0027585 0.00310167 0.0035076 0.00402651 0.00466815 0.00546634 0.00643204 0.00762813 0.00910861 0.0108672 0.0128824 0.0151143 0.017515 0.0199424 0.0222442 0.0241667 0.0254853 0.0259609 0.0254036 0.0236271 0.0205543 0.0162077 0.0107013 0.00429156 -0.00269291 -0.00983435 -0.0167565 -0.0230684 -0.0284338 -0.0325619 -0.0353256 -0.0367189 -0.0367712 -0.0356436 -0.0335514 -0.0307504 -0.0274671 -0.0239796 -0.0205045 -0.0171764 -0.0141382 -0.0114533 -0.00914926 -0.00720874 -0.00563823 -0.00438233 -0.00338343 -0.00264198 -0.00207679 -0.00166356 -0.00138095 -0.00118259 -0.00104683 -0.000959958 -0.000910135 -0.000863233 -0.000848223 -0.000837198 -0.000816925 -0.000826784 -0.000814576 -0.000809743 -0.000817461 -0.000803197 -0.0008087 -0.000807658 -0.000801828 -0.000807627 -0.000801012 -0.00079963 -0.000800249 -0.000797466 -0.00079822 -0.000798122 -0.000798052 -0.000796989 -0.000797226 -0.000795871 
0 5.36456e-06 -3.08934e-07 1.15924e-05 1.01505e-05 1.20238e-05 2.38769e-05 1.69313e-05 2.63024e-05 3.04807e-05 2.33759e-05 3.9181e-05 3.39656e-05 3.50923e-05 5.21762e-05 3.90775e-05 5.1877e-05 5.7898e-05 4.72383e-05 7.19984e-05 7.35698e-05 8.98167e-05 0.000126417 0.000154495 0.000218018 0.000308406 0.000449934 0.000656493 0.000971703 0.00140752 0.00199406 0.00280758 0.00384124 0.00518501 0.00687211 0.00893621 0.0114061 0.0142806 0.0175586 0.0211182 0.0249126 0.028733 0.0323456 0.0355262 0.0379943 0.039489 0.0397596 0.0386886 0.0360985 0.0320283 0.0266184 0.0201245 0.0128622 0.00518788 -0.0024344 -0.00962082 -0.0159703 -0.0212394 -0.0251793 -0.0277568 -0.0290105 -0.029086 -0.0281619 -0.0264465 -0.0242035 -0.0216552 -0.0190615 -0.0165298 -0.0141946 -0.0120759 -0.010265 -0.00873768 -0.00750044 -0.00646934 -0.00562554 -0.00493885 -0.00439568 -0.00395249 -0.00356071 -0.0032243 -0.00293356 -0.00270286 -0.00247146 -0.00226392 -0.00206389 -0.00191267 -0.00174614 -0.00159899 -0.00144412 -0.00132885 -0.00119572 -0.00108272 -0.000954077 -0.000856786 -0.000743224 -0.000649445 -0.000535145 -0.000446901 -0.000343908 -0.000259167 -0.000150785 -6.53355e-05 3.52106e-05 0.000118211 0.00022774 0.00031743 0.000423778 0.000511264 0.000629914 0.000733519 0.000854933 0.000955355 0.0010941 0.00122552 0.00137566 0.00150567 0.00168158 0.00186408 0.00207149 0.00227003 0.0025222 0.00281365 0.00315955 0.00354192 0.00401008 0.00460263 0.00534243 0.00624877 0.00734436 0.00870873 0.0103515 0.0123067 0.0144997 0.0169206 0.019452 0.0220132 0.024359 0.0262833 0.0275109 0.0278311 0.0270383 0.0249824 0.0215771 0.0168121 0.0108911 0.00404504 -0.00334976 -0.0109496 -0.018284 -0.0249658 -0.0306377 -0.0350689 -0.0380817 -0.0395788 -0.039694 -0.0385509 -0.0363825 -0.0334229 -0.0299833 -0.026268 -0.0225129 -0.0189408 -0.0156362 -0.0127138 -0.0101808 -0.00806661 -0.00631319 -0.00490706 -0.00382138 -0.00296855 -0.00234661 -0.00188693 -0.00155815 -0.0013221 -0.00117054 -0.00106825 -0.000991427 -0.00096978 -0.000931577 -0.000917103 -0.000918906 -0.000892985 -0.000901416 -0.000897061 -0.000887 -0.000898684 -0.000889163 -0.000886516 -0.000889034 -0.000880004 -0.000881844 -0.000880749 -0.000876446 -0.000880667 -0.000878976 -0.000879244 -0.000881127 -0.000877836 -0.000878473 -0.000875585 
0 4.43856e-06 1.07649e-05 1.19769e-05 1.44838e-05 1.746e-05 1.56486e-05 2.22371e-05 2.35623e-05 2.72896e-05 3.60506e-05 3.39656e-05 4.23301e-05 4.33875e-05 4.48859e-05 5.25821e-05 5.26894e-05 6.36684e-05 6.69588e-05 7.76268e-05 8.6225e-05 9.89209e-05 0.000132332 0.000166345 0.00025063 0.000359627 0.000522003 0.000778727 0.00111133 0.00160291 0.00227217 0.00315663 0.00432367 0.00580922 0.00764824 0.00989693 0.0125889 0.0156945 0.0192226 0.0230605 0.0270718 0.0310898 0.0348717 0.038176 0.0407113 0.0422179 0.0424469 0.0412226 0.0384442 0.0341653 0.0285001 0.02167 0.0140657 0.00607374 -0.00190506 -0.0094678 -0.0162124 -0.0218472 -0.026142 -0.0290399 -0.0305878 -0.0308896 -0.0301206 -0.028502 -0.0262715 -0.0236724 -0.0209643 -0.0182885 -0.0157623 -0.0134624 -0.0114583 -0.00974892 -0.0083415 -0.00717625 -0.00620985 -0.00542137 -0.00479873 -0.00428265 -0.00383628 -0.00345796 -0.00313563 -0.00285653 -0.00260275 -0.00237405 -0.00215662 -0.00196898 -0.00179324 -0.00162811 -0.00146125 -0.00132008 -0.00118143 -0.00104987 -0.000914096 -0.000798416 -0.000678691 -0.000567043 -0.000449875 -0.000346568 -0.000236394 -0.000135943 -2.69235e-05 7.33257e-05 0.000180275 0.000277235 0.000387941 0.000493101 0.000603054 0.000705472 0.000828297 0.000946977 0.00106899 0.00118964 0.00133664 0.00148141 0.00163293 0.00179204 0.00198041 0.00217748 0.00239624 0.00263409 0.00290888 0.0032315 0.00361673 0.00405818 0.00458775 0.00526458 0.00610664 0.00712733 0.00836943 0.00989842 0.0117195 0.0138458 0.0162251 0.0187936 0.0214504 0.0240809 0.0264411 0.0282919 0.0293913 0.0295117 0.0284507 0.0260812 0.0223236 0.0172002 0.0108937 0.00365504 -0.0041342 -0.0120591 -0.0197177 -0.0267452 -0.0327271 -0.037388 -0.0405749 -0.0422295 -0.0424201 -0.0412912 -0.0390704 -0.0360113 -0.0324008 -0.0284864 -0.0245379 -0.0207168 -0.0171643 -0.0140061 -0.0112506 -0.00892781 -0.0070232 -0.00548687 -0.00426351 -0.00333421 -0.00262283 -0.00209417 -0.00173705 -0.001468 -0.00129995 -0.00118599 -0.0011032 -0.00105963 -0.0010221 -0.00100703 -0.00099307 -0.00098826 -0.000984239 -0.000976262 -0.000976486 -0.000966895 -0.000967929 -0.000966211 -0.000963763 -0.000967342 -0.000965698 -0.000968037 -0.000964501 -0.000963036 -0.000958448 -0.000954374 -0.000954856 -0.00095099 -0.000956514 -0.000956714 
0 7.72376e-07 3.54722e-06 6.86768e-06 1.14639e-05 1.9324e-05 2.19712e-05 2.91651e-05 3.12339e-05 3.14332e-05 3.82008e-05 3.50923e-05 4.33875e-05 4.73353e-05 4.82249e-05 5.8356e-05 5.70169e-05 6.53877e-05 7.01948e-05 8.03679e-05 9.77182e-05 0.000118018 0.000160318 0.000204304 0.000291977 0.00041374 0.000592434 0.000881817 0.00126443 0.00181924 0.0025688 0.0035446 0.00482836 0.00645039 0.00846294 0.0109141 0.0138218 0.0171611 0.0209161 0.0249754 0.0291936 0.0333971 0.0373123 0.0406953 0.0432602 0.0447335 0.0448933 0.0435568 0.0406183 0.0361225 0.0302231 0.023162 0.015314 0.00704926 -0.00123108 -0.00909325 -0.0161601 -0.0221359 -0.0267826 -0.0300149 -0.0318744 -0.0324414 -0.0318806 -0.0304089 -0.0282456 -0.0256428 -0.0228612 -0.0200611 -0.0173658 -0.0148908 -0.012697 -0.0107976 -0.00921015 -0.00789452 -0.00679565 -0.00589679 -0.0051798 -0.00457984 -0.00407 -0.0036471 -0.00328299 -0.00295338 -0.0026687 -0.00241871 -0.00217767 -0.00195544 -0.00176177 -0.00157945 -0.00139678 -0.00123231 -0.00108037 -0.000931589 -0.000786165 -0.000654597 -0.00052246 -0.000394614 -0.000272837 -0.000156986 -3.45947e-05 7.96363e-05 0.000190421 0.000302549 0.000420458 0.000528963 0.000641391 0.000758401 0.000876748 0.000990751 0.00111781 0.0012472 0.00137508 0.00151126 0.0016666 0.00181979 0.00197767 0.00216023 0.0023625 0.00256902 0.00280237 0.00307557 0.00337783 0.00372793 0.0041546 0.00465818 0.00525891 0.00602209 0.00697031 0.00811525 0.00951106 0.0112098 0.0132057 0.0154975 0.018043 0.0207433 0.0234897 0.0261461 0.0284681 0.0302013 0.0311196 0.0309946 0.0296388 0.0269462 0.0228395 0.0173595 0.0107083 0.00315756 -0.0049443 -0.0131712 -0.0211129 -0.028388 -0.0346057 -0.0394979 -0.0428812 -0.0446752 -0.0449439 -0.0438525 -0.0416097 -0.0384874 -0.0347641 -0.030682 -0.0265244 -0.0224753 -0.0186957 -0.01531 -0.0123503 -0.00983285 -0.00775461 -0.00607249 -0.0047293 -0.00371081 -0.00292703 -0.00234535 -0.00193831 -0.00163011 -0.00143185 -0.00129408 -0.00120292 -0.00115118 -0.00111281 -0.00109475 -0.00107574 -0.0010699 -0.00106204 -0.00105739 -0.00106039 -0.00105366 -0.00105684 -0.00105339 -0.00105038 -0.00104684 -0.00104037 -0.0010403 -0.00103546 -0.0010405 -0.00104011 -0.00104201 -0.00104647 -0.00103932 -0.00104279 -0.0010354 
0 1.14294e-05 2.04945e-06 2.12023e-05 1.51172e-05 1.4218e-05 2.95877e-05 1.64193e-05 3.15317e-05 3.76147e-05 3.06807e-05 5.21762e-05 4.48859e-05 4.82249e-05 6.34849e-05 5.30379e-05 6.87021e-05 7.53829e-05 7.39396e-05 9.58593e-05 0.00010564 0.000129026 0.000173444 0.000233578 0.000329076 0.000478027 0.000696882 0.00100209 0.00145204 0.00206046 0.00287771 0.00397208 0.00536753 0.00713558 0.00931829 0.0119638 0.0150693 0.0186386 0.022629 0.0268829 0.0312984 0.0356447 0.0396566 0.0430867 0.0456607 0.0470895 0.0471402 0.0456853 0.0425908 0.0379224 0.0318333 0.0245988 0.0165646 0.00809022 -0.00040062 -0.00850398 -0.015835 -0.0221224 -0.0270914 -0.0306665 -0.0328513 -0.0337171 -0.0334076 -0.0321219 -0.0300822 -0.0275179 -0.0247078 -0.0217988 -0.0189654 -0.016316 -0.0139426 -0.0118448 -0.0100728 -0.00858816 -0.00734948 -0.00633177 -0.0055057 -0.00481506 -0.00423181 -0.0037634 -0.00334504 -0.0029716 -0.00264372 -0.00237605 -0.00210187 -0.00185589 -0.00163036 -0.00143693 -0.00123036 -0.00105229 -0.000874211 -0.000715499 -0.000552737 -0.000413089 -0.000258191 -0.000121492 1.24768e-05 0.000133818 0.000276791 0.000397854 0.000517698 0.000634179 0.000771004 0.000884134 0.00100498 0.00112528 0.00126133 0.00137901 0.00151628 0.00164724 0.00179264 0.00193433 0.00210383 0.00225703 0.00243432 0.00262848 0.00285192 0.00306166 0.00332115 0.00362041 0.00396095 0.00433618 0.00481262 0.00538031 0.0060662 0.00692002 0.00797961 0.00926244 0.0108166 0.0126902 0.0148506 0.0173052 0.0199846 0.0227989 0.0255883 0.0282261 0.0304437 0.0320126 0.0326945 0.0322823 0.0305995 0.0275579 0.0231139 0.0172999 0.0103502 0.00252537 -0.00580739 -0.0142693 -0.0224242 -0.0298941 -0.0363064 -0.0413882 -0.0449451 -0.0468627 -0.0472469 -0.0462207 -0.0439925 -0.0408259 -0.0370237 -0.032819 -0.0284769 -0.0242486 -0.0202533 -0.0166431 -0.0134752 -0.0107739 -0.00852092 -0.00668866 -0.00524203 -0.00409779 -0.00323754 -0.00259701 -0.00212484 -0.00179511 -0.00156957 -0.00141503 -0.00130866 -0.00125378 -0.0012039 -0.00117735 -0.00117277 -0.00114704 -0.00115086 -0.00114715 -0.00113099 -0.00114312 -0.00112838 -0.00112461 -0.00113489 -0.00112088 -0.00113094 -0.00113066 -0.00112094 -0.00113018 -0.00111768 -0.00111706 -0.00112014 -0.0011102 -0.00112079 -0.0011175 
0 -9.75099e-07 1.46295e-05 6.36713e-06 1.73028e-05 2.49356e-05 1.80697e-05 3.57747e-05 3.16708e-05 3.37636e-05 4.88972e-05 3.90775e-05 5.25821e-05 5.8356e-05 5.30379e-05 7.13421e-05 6.9007e-05 7.56018e-05 9.39533e-05 9.96594e-05 0.000122403 0.000153144 0.000196766 0.000265831 0.000382023 0.000548479 0.000788185 0.00115582 0.00163866 0.00231593 0.00323568 0.00441276 0.00594909 0.00787107 0.0102258 0.0130524 0.0163775 0.0201613 0.024334 0.0288146 0.0333723 0.0378203 0.0419064 0.045358 0.0478895 0.0492422 0.0492174 0.047595 0.0443592 0.0395608 0.0333635 0.0259901 0.0178146 0.00923633 0.00060571 -0.00766405 -0.0152362 -0.0217589 -0.0270435 -0.0309508 -0.0334884 -0.0346781 -0.0346566 -0.0336121 -0.0317352 -0.0292809 -0.0264606 -0.0234993 -0.02053 -0.0177417 -0.0151713 -0.0128947 -0.0109139 -0.00925551 -0.00785769 -0.00671117 -0.00576128 -0.00496321 -0.00430582 -0.00376678 -0.00330092 -0.00286402 -0.00250554 -0.00218934 -0.0019021 -0.00160934 -0.00136982 -0.00113563 -0.000928816 -0.00071209 -0.000527785 -0.000333601 -0.00017547 -3.25975e-06 0.000153436 0.000321105 0.00044793 0.000597153 0.00073907 0.000887719 0.000998192 0.00113951 0.00127313 0.00141204 0.00152106 0.00166474 0.00179605 0.00193951 0.00206275 0.00221697 0.0023574 0.00252645 0.00268192 0.0028596 0.00303421 0.00325912 0.003476 0.00371416 0.00398008 0.00432033 0.00468147 0.00510171 0.00561743 0.00626082 0.00703432 0.00798499 0.00916251 0.0105847 0.0123131 0.0143412 0.0166768 0.0192591 0.0220688 0.0249392 0.0277547 0.0303 0.0323762 0.033714 0.034121 0.0333853 0.0313511 0.0279507 0.0231571 0.0170754 0.00985758 0.00181778 -0.00671557 -0.015304 -0.0236098 -0.0312447 -0.0378219 -0.0430429 -0.0467317 -0.0488336 -0.049326 -0.0483871 -0.0462085 -0.0430542 -0.0391775 -0.03488 -0.0304242 -0.02599 -0.0218107 -0.0179944 -0.0146224 -0.0117248 -0.00931558 -0.00734039 -0.00574626 -0.00452398 -0.00356546 -0.00285332 -0.00234426 -0.00196841 -0.00171229 -0.00153832 -0.00142309 -0.00134004 -0.00129902 -0.00126908 -0.0012425 -0.00124516 -0.00122725 -0.00122108 -0.00122651 -0.00121062 -0.00121871 -0.00121609 -0.00120642 -0.00121562 -0.00120518 -0.0012045 -0.00120818 -0.00119851 -0.00120447 -0.00120183 -0.00119809 -0.0012038 -0.00119696 -0.00119931 
0 4.32285e-06 4.30387e-06 1.19311e-05 1.68148e-05 1.97563e-05 3.11323e-05 3.1442e-05 3.74175e-05 4.43476e-05 4.08719e-05 5.1877e-05 5.26894e-05 5.70169e-05 6.87021e-05 6.9007e-05 7.98012e-05 8.69687e-05 9.69478e-05 0.000110872 0.000136744 0.000174425 0.000226093 0.000322425 0.000437816 0.00063032 0.00091141 0.00129214 0.00186054 0.00260819 0.00360852 0.00491587 0.00657015 0.0086394 0.0111717 0.0142075 0.017724 0.0217231 0.0260948 0.0307146 0.035413 0.0399531 0.0440844 0.0475054 0.049983 0.0512337 0.0510608 0.049332 0.0459889 0.041067 0.0347473 0.0273411 0.019131 0.0104844 0.00176959 -0.00660495 -0.0143103 -0.0210521 -0.0266161 -0.0308627 -0.0337355 -0.035282 -0.0355843 -0.034818 -0.0331609 -0.0308507 -0.0280832 -0.0250853 -0.0220327 -0.0190957 -0.0163604 -0.0138868 -0.0117104 -0.00984922 -0.00829252 -0.00699353 -0.00591013 -0.00499396 -0.00424845 -0.00363057 -0.00309953 -0.00261034 -0.0021991 -0.00184201 -0.00151956 -0.00120059 -0.000920578 -0.000663427 -0.000431087 -0.000197631 1.90083e-05 0.000226032 0.000406494 0.000589989 0.000771668 0.00094653 0.00109366 0.00124935 0.00141073 0.00156364 0.00169185 0.00183519 0.00198526 0.00212695 0.00225027 0.0023926 0.00254006 0.00268551 0.00281902 0.00297103 0.00312954 0.00330043 0.00346331 0.00364246 0.00383797 0.00406769 0.00429545 0.00454642 0.00483847 0.00520031 0.00559481 0.00605759 0.00662385 0.00734265 0.00820977 0.00926994 0.0105622 0.0121434 0.0140319 0.0162266 0.0187029 0.0214189 0.0243042 0.0272145 0.0299863 0.0324017 0.0342656 0.0353351 0.0354154 0.0343085 0.0319132 0.0281477 0.0230331 0.0166664 0.00924983 0.00106366 -0.00757993 -0.0163 -0.0247069 -0.0323945 -0.039079 -0.044454 -0.048302 -0.0505219 -0.0511609 -0.0503367 -0.048234 -0.0451229 -0.0412417 -0.0368813 -0.0322831 -0.0277176 -0.0233619 -0.01935 -0.0157962 -0.0127166 -0.010125 -0.00799292 -0.00629566 -0.00494451 -0.00391514 -0.00314507 -0.00255386 -0.00215171 -0.0018553 -0.00165457 -0.00153059 -0.00144173 -0.00138995 -0.00135359 -0.00133416 -0.00131499 -0.00131175 -0.00130787 -0.00129948 -0.00130605 -0.00129685 -0.00129721 -0.00129581 -0.00128654 -0.00128944 -0.00128318 -0.00128339 -0.00128495 -0.00128313 -0.00128583 -0.00128431 -0.00128376 -0.00128165 -0.00128009 
0 7.20181e-06 1.54599e-05 1.73345e-05 2.36278e-05 2.20474e-05 2.6208e-05 2.99501e-05 3.22118e-05 4.45843e-05 4.67088e-05 5.7898e-05 6.36684e-05 6.53877e-05 7.53829e-05 7.56018e-05 8.69687e-05 9.65544e-05 0.000110513 0.000130066 0.000156919 0.000199947 0.00025557 0.000362844 0.000503385 0.000726815 0.00105292 0.00148455 0.00211267 0.0029301 0.00402217 0.00544784 0.00723817 0.00947799 0.0121866 0.0154035 0.0191194 0.0233099 0.0278617 0.0326452 0.037457 0.0420392 0.0461747 0.0495524 0.0519404 0.0530848 0.0527788 0.050902 0.0474309 0.0424429 0.0361021 0.0286833 0.0204605 0.0118285 0.00313325 -0.00528183 -0.0130871 -0.0199914 -0.0257923 -0.030349 -0.0335702 -0.0354848 -0.0361379 -0.0356822 -0.0342917 -0.0321725 -0.0295 -0.0265105 -0.0234014 -0.0203403 -0.0174458 -0.0147867 -0.012406 -0.0103393 -0.00860454 -0.00714095 -0.0059067 -0.00486602 -0.00401684 -0.00330591 -0.00270064 -0.00215551 -0.00168581 -0.00127716 -0.000917154 -0.000567001 -0.000247055 4.08466e-05 0.000298651 0.000556313 0.000800845 0.00102662 0.00122906 0.00143223 0.00163167 0.00181881 0.00198606 0.00215584 0.00232759 0.00248985 0.00263536 0.00278673 0.00294332 0.00309311 0.00322929 0.00337472 0.00352864 0.00368112 0.00382191 0.00397538 0.00414375 0.00431994 0.00448579 0.00467041 0.00488149 0.00511653 0.00535098 0.00562005 0.00593808 0.00632 0.00674809 0.00726067 0.00788589 0.00868054 0.00964951 0.0108245 0.0122437 0.0139814 0.0160337 0.0183791 0.0209858 0.0238062 0.0267371 0.0296351 0.032315 0.0345439 0.0361372 0.0368852 0.0365974 0.0350961 0.0323086 0.028172 0.0227522 0.0161612 0.00857783 0.000267585 -0.00842893 -0.0171709 -0.0256165 -0.0333694 -0.0401272 -0.0455833 -0.0495525 -0.051935 -0.0527414 -0.0520534 -0.050066 -0.0470183 -0.0431479 -0.0387706 -0.0341056 -0.0294157 -0.0249014 -0.0207132 -0.0169668 -0.0137151 -0.0109662 -0.00868349 -0.00685672 -0.00538721 -0.00426102 -0.00341461 -0.00277093 -0.00233092 -0.00200401 -0.00178359 -0.00163824 -0.00153638 -0.00147765 -0.00143844 -0.00142046 -0.00140183 -0.00139737 -0.00138893 -0.00138046 -0.00138026 -0.0013691 -0.00137378 -0.00137079 -0.0013719 -0.00137693 -0.00137073 -0.00137508 -0.00136643 -0.00136441 -0.00136221 -0.00135535 -0.00136189 -0.00135694 -0.00136352 
