0 0 0 0 0 0 0 0 0 0 0 0 0 0 0 0 0 0 0 0 0 0 0 0 0 0 0 0 0 0 0 0 0 0 0 0 0 0 0 0 0 0 0 0 0 0 0 0 0 0 0 0 0 0 0 0 0 0 0 0 0 0 0 0 0 0 0 0 0 0 0 0 0 0 0 0 0 0 0 0 0 0 0 0 0 0 0 0 0 0 0 0 0 0 0 0 0 0 0 0 0 0 0 0 0 0 0 0 0 0 0 0 0 0 0 0 0 0 0 0 0 0 0 0 0 0 0 0 0 0 0 0 0 0 0 0 0 0 0 0 0 0 0 0 0 0 0 0 0 0 0 0 0 0 0 0 0 0 0 0 0 0 0 0 0 0 0 0 0 0 0 0 0 0 0 0 0 0 0 0 0 0 0 0 0 0 0 0 0 0 0 0 0 0 0 0 0 0 0 0 
0 -1.43032e-06 3.20117e-06 -2.0782e-06 2.0399e-06 4.12119e-06 -1.13187e-06 7.20276e-06 1.90703e-06 1.14459e-06 9.44009e-06 -1.00417e-07 8.35001e-06 9.73548e-06 1.16553e-06 1.08911e-05 2.84564e-06 1.92635e-06 9.15143e-06 5.96909e-06 1.19055e-05 1.36958e-05 1.43599e-05 9.56272e-06 8.84517e-06 1.25654e-05 4.61023e-06 1.48447e-05 1.79216e-05 6.11112e-06 1.52074e-05 1.47272e-05 7.43407e-06 2.13704e-05 2.6932e-05 1.78508e-05 2.15056e-05 2.96965e-05 2.80926e-05 4.24477e-05 6.76824e-05 8.1735e-05 0.000111815 0.000162992 0.000245614 0.00034451 0.000454511 0.000617897 0.000828055 0.00107492 0.00135872 0.00171006 0.00210084 0.00252698 0.00298133 0.00341522 0.00381469 0.00413344 0.00434234 0.00439413 0.00429943 0.00401566 0.0035454 0.00290746 0.0021188 0.00122528 0.000290318 -0.00060471 -0.00144034 -0.00213921 -0.0026911 -0.00306358 -0.00326905 -0.00328106 -0.00316174 -0.00294582 -0.00266802 -0.00234743 -0.00202238 -0.0017132 -0.0014263 -0.00119449 -0.00100149 -0.000840295 -0.000690068 -0.000594308 -0.000517016 -0.000455737 -0.000381948 -0.000343238 -0.000304036 -0.000276997 -0.000231924 -0.000210439 -0.000179553 -0.000162709 -0.00012934 -0.000113719 -8.46701e-05 -7.06052e-05 -4.08214e-05 -2.65712e-05 2.12939e-06 1.68489e-05 4.95988e-05 6.64487e-05 9.61733e-05 0.000114972 0.000158139 0.000184581 0.000220859 0.000252749 0.000320579 0.000377043 0.000445664 0.000525404 0.000659625 0.00080472 0.000979049 0.0011862 0.00145185 0.00174278 0.002058 0.00237683 0.00266781 0.00290676 0.00306716 0.00311286 0.00297883 0.00267993 0.002203 0.00157422 0.000796096 -5.57975e-05 -0.000967792 -0.00186019 -0.0026726 -0.00334614 -0.00386689 -0.00420507 -0.00435621 -0.00435617 -0.00419724 -0.00391925 -0.00354857 -0.00313506 -0.00268947 -0.00226911 -0.00187495 -0.0015139 -0.0012181 -0.000971739 -0.000758912 -0.000577305 -0.000454175 -0.000358582 -0.00028277 -0.000217296 -0.000171817 -0.000159003 -0.000138711 -0.000120252 -0.000118 -0.000110663 -9.71225e-05 -0.000104999 -0.000112131 -9.92907e-05 -0.000103657 -0.000106135 -9.50669e-05 -0.000103726 -0.000107318 -0.000102271 -0.000103713 -0.000100168 -9.72569e-05 -9.33979e-05 -9.84632e-05 -9.89629e-05 -9.5034e-05 -0.000103687 -9.57681e-05 -9.50577e-05 -0.000101083 -9.31407e-05 -9.91598e-05 -9.95852e-05 -9.4905e-05 -9.74115e-05 -9.4148e-05 -9.24561e-05 -9.34125e-05 -9.53341e-05 -9.48929e-05 -9.76294e-05 -9.89313e-05 -9.4098e-05 -9.65349e-05 -9.47113e-05 
0 3.20117e-06 1.38404e-07 4.94809e-06 5.03745e-06 8.91264e-07 8.33603e-06 3.82052e-06 4.21513e-06 1.44554e-05 1.86334e-06 1.11856e-05 1.34166e-05 -1.97984e-06 2.1777e-05 1.0638e-05 1.0706e-05 3.41056e-05 6.67288e-06 2.03587e-05 2.01756e-05 7.73724e-07 2.23189e-05 1.78365e-05 2.21717e-05 2.72755e-05 2.97828e-05 2.26317e-05 2.02927e-05 3.79356e-05 2.24923e-05 3.83862e-05 3.58625e-05 2.55456e-05 3.05248e-05 2.66667e-05 5.53552e-05 4.46735e-05 6.7251e-05 9.26679e-05 0.000105285 0.000166678 0.000253469 0.000360631 0.000467946 0.000681927 0.000938494 0.00125532 0.00165639 0.00213215 0.002734 0.00341653 0.00420081 0.00503784 0.00594901 0.00681623 0.00760189 0.00824577 0.008646 0.0087698 0.00856093 0.0080127 0.00706492 0.00580674 0.0042329 0.00246149 0.000607174 -0.00118295 -0.00283416 -0.00424207 -0.00532896 -0.00609361 -0.00648863 -0.0065416 -0.00629674 -0.00588855 -0.00532621 -0.00470469 -0.004051 -0.00344211 -0.00286894 -0.00240581 -0.00201876 -0.00169135 -0.00140024 -0.00119775 -0.00104942 -0.00091398 -0.000782498 -0.000689161 -0.00062372 -0.000552812 -0.000481458 -0.000420346 -0.000375333 -0.000323018 -0.000275591 -0.000225387 -0.000185647 -0.00013831 -9.81182e-05 -5.06278e-05 -1.17226e-05 3.69671e-05 8.29297e-05 0.00013501 0.000177209 0.000233661 0.000300672 0.000370292 0.000428849 0.000510147 0.000628753 0.000755151 0.000884472 0.00105789 0.00131574 0.00161332 0.0019615 0.00238 0.00290993 0.00348734 0.00412135 0.00474468 0.00533337 0.00579293 0.00612129 0.00618628 0.00593477 0.00531804 0.00438296 0.00311278 0.0015796 -0.000128871 -0.00193433 -0.00370931 -0.00532672 -0.00666251 -0.00770908 -0.00837049 -0.00869416 -0.00867763 -0.00838091 -0.00781521 -0.00709523 -0.00626901 -0.00538209 -0.00454093 -0.00375091 -0.00306044 -0.00243938 -0.00193664 -0.00150497 -0.00118751 -0.000922668 -0.00068381 -0.00054431 -0.000444344 -0.000370602 -0.000292463 -0.000272965 -0.000243863 -0.000226294 -0.000234146 -0.000219049 -0.000223487 -0.000198883 -0.000210286 -0.000211237 -0.000199542 -0.000212933 -0.000201323 -0.000196561 -0.00019093 -0.000204387 -0.000194898 -0.000199697 -0.000216743 -0.000186363 -0.000205093 -0.000199112 -0.00018192 -0.000206853 -0.00018953 -0.000192403 -0.000199534 -0.000185074 -0.000192446 -0.000190886 -0.000190598 -0.000195081 -0.000195045 -0.000194996 -0.000191142 -0.000190947 -0.000186378 -0.000185721 -0.000190149 -0.000186514 -0.000190709 
0 -2.0782e-06 4.94809e-06 -1.50072e-07 5.29256e-06 8.62576e-06 3.70438e-06 1.39947e-05 8.38996e-06 9.06223e-06 1.82578e-05 8.7843e-06 2.00393e-05 2.03438e-05 1.37963e-05 2.39112e-05 1.43103e-05 1.73935e-05 2.27398e-05 2.30891e-05 3.21724e-05 3.19837e-05 3.75053e-05 2.99298e-05 2.9182e-05 3.56559e-05 2.61956e-05 3.97825e-05 4.43935e-05 3.27856e-05 4.21475e-05 4.46869e-05 3.74177e-05 5.50966e-05 6.63759e-05 5.63044e-05 6.82327e-05 8.27239e-05 9.38015e-05 0.000133096 0.000189958 0.000253714 0.000356422 0.000512328 0.000739021 0.0010365 0.00139573 0.00188013 0.00249786 0.00323335 0.00410348 0.00513949 0.00630419 0.00757179 0.00890811 0.0101979 0.0113688 0.0123092 0.0129113 0.0130757 0.0127744 0.0119337 0.0105416 0.00865248 0.0063246 0.00369316 0.000943756 -0.00171919 -0.0041803 -0.00626873 -0.00790903 -0.00904038 -0.00965425 -0.00973682 -0.00941112 -0.00879703 -0.00798435 -0.00705357 -0.00609591 -0.0051777 -0.00433341 -0.00363011 -0.00304475 -0.00254906 -0.00211644 -0.00180877 -0.0015717 -0.00137176 -0.00117268 -0.00103794 -0.000924427 -0.000827348 -0.000713011 -0.000631983 -0.000549763 -0.00048335 -0.000400915 -0.000338438 -0.000264574 -0.000206508 -0.000133431 -7.56101e-05 -2.84309e-06 5.77604e-05 0.000138425 0.000203481 0.000281895 0.000356385 0.000465088 0.000558038 0.000661676 0.000778522 0.00095955 0.00114207 0.00135096 0.0016143 0.00199881 0.00244541 0.00297363 0.00360869 0.00439068 0.00525957 0.00619035 0.00712193 0.0079745 0.00866479 0.00911549 0.00920592 0.00880122 0.0078893 0.00646937 0.00458521 0.0022936 -0.000246198 -0.00293018 -0.00556258 -0.00795713 -0.00995618 -0.0114947 -0.0124982 -0.0129662 -0.0129586 -0.0125027 -0.0116821 -0.0105997 -0.00936975 -0.00806364 -0.00680624 -0.00563216 -0.00457259 -0.00367369 -0.00292342 -0.00228562 -0.0017652 -0.00137793 -0.00107444 -0.000844149 -0.00066394 -0.00053703 -0.000468551 -0.000414498 -0.000367921 -0.000350754 -0.000333622 -0.000309995 -0.000318701 -0.000322097 -0.00030705 -0.000310762 -0.000311202 -0.000298294 -0.000308169 -0.000312123 -0.000303901 -0.00030769 -0.000299189 -0.00029488 -0.000292372 -0.000293096 -0.000297043 -0.00029135 -0.000298833 -0.000292242 -0.000288437 -0.000295779 -0.000287033 -0.00029281 -0.000293748 -0.000287457 -0.00028987 -0.000284927 -0.000282731 -0.000283588 -0.000285226 -0.000285919 -0.000288295 -0.000289678 -0.000286691 -0.000289135 -0.000283807 
0 2.0399e-06 5.03745e-06 5.29256e-06 7.03513e-06 8.49433e-06 9.3474e-06 1.23267e-05 1.26758e-05 1.56684e-05 1.74237e-05 1.73245e-05 2.15168e-05 2.0524e-05 2.42729e-05 2.79539e-05 2.74696e-05 3.39365e-05 3.15767e-05 3.27505e-05 3.54232e-05 3.19743e-05 3.91273e-05 4.0424e-05 4.32391e-05 4.92836e-05 4.77263e-05 5.02621e-05 5.29936e-05 5.41698e-05 5.77859e-05 6.28493e-05 6.11771e-05 6.49768e-05 7.01656e-05 7.31993e-05 9.17326e-05 0.000107676 0.000133706 0.000180498 0.000245148 0.000347104 0.00050134 0.000710475 0.000993934 0.00138867 0.00189366 0.00253939 0.00334686 0.00432352 0.00549488 0.00686383 0.00840527 0.0100812 0.0118353 0.0135379 0.0150724 0.0163035 0.0170856 0.0173065 0.0168935 0.0157812 0.0139484 0.0114579 0.00839851 0.00494683 0.00133972 -0.0021771 -0.0054139 -0.00818201 -0.0103579 -0.0118748 -0.0127001 -0.0128551 -0.012462 -0.0116794 -0.0106247 -0.00941632 -0.00816115 -0.00694973 -0.00584028 -0.00489694 -0.00410775 -0.00343802 -0.00287336 -0.00244688 -0.00212048 -0.00184247 -0.00159174 -0.00139945 -0.0012464 -0.00110688 -0.000967654 -0.000849666 -0.000744425 -0.00064638 -0.000546734 -0.000454399 -0.000363061 -0.000276388 -0.000188002 -0.000102246 -1.2442e-05 7.79505e-05 0.000175197 0.000270218 0.000370051 0.000480444 0.000612077 0.000743814 0.000882701 0.00105311 0.00127962 0.00153133 0.00181839 0.00218887 0.00269004 0.00329338 0.00400638 0.00486428 0.00589407 0.00704526 0.00826917 0.00948501 0.0105957 0.0114871 0.0120502 0.0121259 0.0115753 0.0103494 0.00846312 0.00596163 0.00294677 -0.000411541 -0.00393613 -0.00739245 -0.0105381 -0.0131767 -0.0152018 -0.0165304 -0.0171647 -0.0171545 -0.0165649 -0.0154924 -0.0140785 -0.0124566 -0.0107443 -0.0090769 -0.00752387 -0.00612984 -0.00492225 -0.00390802 -0.00306406 -0.00238712 -0.00185303 -0.00142992 -0.00112139 -0.000897304 -0.000733228 -0.000620026 -0.000547699 -0.000494635 -0.00046655 -0.000451448 -0.000434007 -0.000429154 -0.000421026 -0.000415052 -0.000415256 -0.000412436 -0.000408583 -0.000407199 -0.000403149 -0.000398696 -0.000402019 -0.000398315 -0.00039972 -0.00040085 -0.000394588 -0.000396798 -0.000392056 -0.00039044 -0.000392075 -0.000387926 -0.000389332 -0.000387011 -0.000384725 -0.000385042 -0.000383408 -0.000384013 -0.000384635 -0.000384457 -0.00038387 -0.000383235 -0.000381436 -0.000380426 -0.000378559 -0.000376539 -0.00037952 -0.000380298 
0 4.12119e-06 8.91264e-07 8.62576e-06 8.49433e-06 8.40045e-06 1.68357e-05 1.12866e-05 1.73811e-05 2.29479e-05 1.59459e-05 2.80475e-05 2.52989e-05 2.26919e-05 3.61689e-05 2.80956e-05 3.49625e-05 4.32197e-05 3.57369e-05 4.45038e-05 4.49419e-05 4.29422e-05 4.81483e-05 5.27204e-05 5.48443e-05 5.51993e-05 6.53869e-05 5.96363e-05 6.06604e-05 7.44941e-05 6.76853e-05 7.51417e-05 8.40423e-05 8.09122e-05 8.52203e-05 9.91173e-05 0.000117937 0.000132757 0.000175859 0.000232943 0.000309211 0.000444825 0.000640203 0.000908823 0.0012613 0.00175459 0.00240179 0.0032098 0.00421481 0.00543783 0.00690839 0.00860187 0.0105155 0.0125892 0.0147399 0.0168347 0.0187106 0.0202116 0.0211568 0.0214262 0.0208943 0.019515 0.017257 0.0141888 0.0104339 0.00620738 0.0017878 -0.00254746 -0.00652692 -0.0099561 -0.0126582 -0.0145621 -0.0156091 -0.0158655 -0.0154372 -0.014515 -0.0132438 -0.0117815 -0.0102462 -0.00875379 -0.0073887 -0.00620273 -0.00520274 -0.00435424 -0.00365935 -0.00310523 -0.00268032 -0.00231836 -0.00201919 -0.00176448 -0.00156841 -0.00138274 -0.00122186 -0.00106431 -0.000936335 -0.000803934 -0.000689078 -0.000564693 -0.00045767 -0.000340064 -0.000237786 -0.000121765 -1.66438e-05 0.000105864 0.000217724 0.000345218 0.000466248 0.000615597 0.000766869 0.000940165 0.00111736 0.00134686 0.00161526 0.00194007 0.00231326 0.00280051 0.00341644 0.00417991 0.00508408 0.0061694 0.00743926 0.00886237 0.0103635 0.0118418 0.0131858 0.0142505 0.0148932 0.0149215 0.0142088 0.012662 0.0103124 0.00720543 0.00349446 -0.000652241 -0.00497605 -0.00921212 -0.0130703 -0.0163219 -0.018813 -0.0204568 -0.0212584 -0.0212485 -0.0205364 -0.0192284 -0.0175011 -0.015504 -0.0134074 -0.0113435 -0.00941663 -0.00769483 -0.00618575 -0.0049127 -0.00385939 -0.00302034 -0.00234133 -0.00180926 -0.00141989 -0.00113892 -0.000935266 -0.00077956 -0.000690065 -0.000628769 -0.00058275 -0.000561756 -0.00054883 -0.000534574 -0.000519361 -0.000525036 -0.000518364 -0.000509797 -0.000517903 -0.000507792 -0.000502731 -0.000504377 -0.000502232 -0.000499085 -0.000498947 -0.000501828 -0.000490567 -0.000493724 -0.000494125 -0.000482927 -0.000492858 -0.00048711 -0.000482121 -0.00048917 -0.000479869 -0.000481302 -0.000483062 -0.000478474 -0.000481247 -0.000479924 -0.000478334 -0.000476607 -0.000475869 -0.000475895 -0.000475726 -0.000477255 -0.000474639 -0.000475305 
0 -1.13187e-06 8.33603e-06 3.70438e-06 9.3474e-06 1.68357e-05 1.00563e-05 2.20008e-05 2.26258e-05 1.61729e-05 3.337e-05 2.45829e-05 2.81544e-05 4.55961e-05 2.67345e-05 4.27828e-05 4.51272e-05 2.83221e-05 5.56698e-05 4.67398e-05 5.09062e-05 7.05011e-05 5.7995e-05 6.45137e-05 6.40021e-05 6.62612e-05 6.47018e-05 7.64476e-05 8.54618e-05 7.18233e-05 9.12785e-05 8.36305e-05 8.92109e-05 0.000105322 0.000114583 0.000131294 0.000127955 0.000176391 0.000210543 0.000277818 0.000404597 0.00055432 0.000773276 0.00109189 0.00157121 0.00214817 0.00291299 0.0038911 0.00510757 0.00659463 0.00832769 0.0103587 0.0126249 0.015095 0.0176089 0.0200707 0.0222695 0.0240054 0.0251109 0.0253974 0.0247636 0.0231044 0.020457 0.0168282 0.0124318 0.00747924 0.00229973 -0.00280109 -0.00749617 -0.0115483 -0.0147825 -0.0170555 -0.0183609 -0.0187296 -0.0183244 -0.0172812 -0.0158443 -0.0141418 -0.0123615 -0.0105963 -0.0089921 -0.00755966 -0.00634395 -0.00531457 -0.00448188 -0.00379928 -0.00325755 -0.00281659 -0.00245463 -0.00214803 -0.00189002 -0.00167135 -0.00147134 -0.00129096 -0.00112158 -0.00097203 -0.000822269 -0.000684407 -0.000542973 -0.000413238 -0.000276606 -0.000148902 -9.58368e-06 0.000126009 0.000272263 0.000414734 0.000576091 0.000746931 0.000935573 0.00113583 0.00137089 0.00164756 0.00197287 0.00236284 0.00284139 0.00344445 0.00418527 0.00510812 0.00621162 0.00752803 0.00902795 0.0107152 0.0124648 0.0141927 0.0157247 0.0169447 0.0176103 0.0175775 0.016661 0.0148068 0.0119803 0.00830247 0.00391215 -0.000971019 -0.00605044 -0.0110138 -0.015534 -0.0193739 -0.0222954 -0.024261 -0.0252094 -0.0252276 -0.0243895 -0.0228842 -0.0208536 -0.0185078 -0.0160535 -0.0136097 -0.0113278 -0.00925475 -0.00747674 -0.00594708 -0.0046905 -0.00364709 -0.0028348 -0.00223374 -0.00174065 -0.00137897 -0.00112216 -0.000970579 -0.000834805 -0.000759551 -0.000714288 -0.000663988 -0.000651784 -0.00063411 -0.000643137 -0.000622748 -0.000617935 -0.000623032 -0.00060458 -0.00061448 -0.000613585 -0.000613187 -0.000600474 -0.000604005 -0.00059755 -0.000580642 -0.000604445 -0.00058537 -0.000586743 -0.000600723 -0.000574628 -0.000588232 -0.000585815 -0.000574743 -0.000588521 -0.000579701 -0.000577207 -0.000579458 -0.00057135 -0.00057112 -0.000572634 -0.000572268 -0.000572766 -0.000574192 -0.000574173 -0.000572808 -0.000572671 -0.000570086 
0 7.20276e-06 3.82052e-06 1.39947e-05 1.23267e-05 1.12866e-05 2.20008e-05 1.54174e-05 2.43659e-05 2.99359e-05 2.43455e-05 3.88524e-05 3.28079e-05 3.58102e-05 4.67044e-05 4.1367e-05 5.51867e-05 5.63364e-05 5.79829e-05 6.02885e-05 5.60506e-05 6.31275e-05 5.80638e-05 7.47448e-05 8.06606e-05 7.7501e-05 9.65544e-05 8.45765e-05 8.59423e-05 0.000103006 9.9837e-05 0.000105248 0.000119648 0.00011427 0.000113179 0.000144541 0.000164009 0.000199312 0.000264453 0.000341816 0.000467431 0.000665451 0.000953152 0.00134308 0.00185694 0.002547 0.00347364 0.00462221 0.00602327 0.00774416 0.00978481 0.0121232 0.0147414 0.0175594 0.020436 0.0232326 0.0257189 0.0276755 0.028904 0.0292195 0.0284555 0.0265549 0.0235131 0.0193861 0.014383 0.00877538 0.00289213 -0.00291871 -0.00827916 -0.0129401 -0.0166729 -0.0193405 -0.0209008 -0.0214425 -0.0210758 -0.0199851 -0.018399 -0.0165137 -0.0144969 -0.0124994 -0.0106533 -0.0089878 -0.00754726 -0.00633662 -0.00535825 -0.00453768 -0.00387703 -0.00334206 -0.00292113 -0.00254741 -0.00223871 -0.00196814 -0.00174259 -0.0015209 -0.00132877 -0.00114113 -0.000974584 -0.000802235 -0.000647822 -0.000484421 -0.000333045 -0.000171554 -1.97171e-05 0.000149637 0.0003113 0.000490497 0.000672643 0.000883505 0.00109396 0.00134122 0.00162094 0.00196075 0.00233605 0.00280795 0.0033911 0.00412225 0.00499351 0.00608088 0.00739177 0.00893332 0.0106684 0.012589 0.0145811 0.0165106 0.0182186 0.0195267 0.0202019 0.0200473 0.0189298 0.0167361 0.0134654 0.0092209 0.00420108 -0.00137493 -0.00715052 -0.0127793 -0.0179212 -0.0222909 -0.0256429 -0.0278926 -0.0290168 -0.0290492 -0.0281275 -0.026429 -0.0241421 -0.0214794 -0.0186761 -0.0158797 -0.0132479 -0.0108759 -0.00878417 -0.00699172 -0.00552775 -0.00433789 -0.00336631 -0.00261515 -0.00205415 -0.00164759 -0.00134985 -0.00112776 -0.000980185 -0.000897481 -0.000829036 -0.000793647 -0.000781895 -0.000748768 -0.000732765 -0.000736577 -0.000726873 -0.000718073 -0.0007272 -0.000709618 -0.00069925 -0.000707273 -0.000694886 -0.000702565 -0.000703502 -0.000699041 -0.000697344 -0.000688667 -0.000691306 -0.000681823 -0.000686006 -0.000686066 -0.000676112 -0.000682581 -0.000672111 -0.000671256 -0.000675083 -0.000670456 -0.000676453 -0.000674534 -0.000672766 -0.000671767 -0.000668481 -0.00066476 -0.000661547 -0.000663754 -0.000662441 -0.000667192 
0 1.90703e-06 4.21513e-06 8.38996e-06 1.26758e-05 1.73811e-05 2.26258e-05 2.43659e-05 2.86436e-05 3.1026e-05 3.35116e-05 3.94652e-05 3.99713e-05 4.7222e-05 4.88949e-05 4.95918e-05 5.68561e-05 5.32831e-05 6.35213e-05 6.8518e-05 7.12475e-05 8.49468e-05 7.95246e-05 8.55897e-05 8.76063e-05 8.37803e-05 9.61762e-05 9.81449e-05 0.000103858 0.000111361 0.000112569 0.00011606 0.000129055 0.000138107 0.000151388 0.000176525 0.000191178 0.00023729 0.000307198 0.000404527 0.000567524 0.000792786 0.00110808 0.00156285 0.00218625 0.00298865 0.00403748 0.00535481 0.00697712 0.00895161 0.0112642 0.0139123 0.0168651 0.0200245 0.0232268 0.0263217 0.0290626 0.0312049 0.0325379 0.0328474 0.0319634 0.0298153 0.0264121 0.0218183 0.0162729 0.0100681 0.00355025 -0.00290142 -0.00888415 -0.0141091 -0.0183303 -0.02138 -0.0232301 -0.0239608 -0.0236886 -0.0225863 -0.0209086 -0.0188658 -0.0166543 -0.0144412 -0.0123694 -0.0104719 -0.00880889 -0.00741155 -0.00627335 -0.00531162 -0.00452084 -0.00388998 -0.00339173 -0.00295686 -0.0025857 -0.00227044 -0.0020029 -0.00175167 -0.00152429 -0.00131046 -0.00111155 -0.000918071 -0.000737083 -0.000553612 -0.000372027 -0.000189811 -1.15962e-05 0.000177558 0.000370372 0.000574891 0.000791032 0.00102896 0.00127774 0.0015647 0.00190166 0.0022962 0.00273956 0.00329406 0.00399405 0.00485341 0.00587037 0.0071268 0.00864578 0.0104108 0.0123701 0.014508 0.0167051 0.0188111 0.0206408 0.0219984 0.0226232 0.0223245 0.0209624 0.0184316 0.0147142 0.00993956 0.00431983 -0.00188489 -0.00829531 -0.014529 -0.0202298 -0.0250888 -0.0288331 -0.0313635 -0.0326423 -0.0327135 -0.0317167 -0.0298573 -0.0273325 -0.0243844 -0.0212659 -0.0181395 -0.0151733 -0.0124831 -0.010119 -0.00808466 -0.00639912 -0.00501746 -0.00391413 -0.00306907 -0.00241041 -0.00191594 -0.00156736 -0.00132378 -0.00114669 -0.00103955 -0.000958644 -0.000901857 -0.000879365 -0.000855555 -0.000845581 -0.000839247 -0.00082803 -0.000820622 -0.000821321 -0.000815995 -0.000815142 -0.00081756 -0.000803704 -0.000804445 -0.000796479 -0.000789084 -0.000794633 -0.000786025 -0.000788638 -0.000786014 -0.000779699 -0.000781493 -0.000776699 -0.000777462 -0.000777366 -0.000775226 -0.000773297 -0.000770035 -0.000766761 -0.00076396 -0.000762929 -0.000760403 -0.000764984 -0.000766273 -0.000765889 -0.000769057 -0.000762258 -0.000761379 
0 1.14459e-06 1.44554e-05 9.06223e-06 1.56684e-05 2.29479e-05 1.61729e-05 2.99359e-05 3.1026e-05 2.97367e-05 4.55952e-05 3.83709e-05 4.54731e-05 5.74848e-05 4.79435e-05 6.34714e-05 6.64576e-05 6.12949e-05 7.73557e-05 7.35426e-05 7.64422e-05 8.70931e-05 8.75997e-05 9.27775e-05 9.94592e-05 0.000106777 0.000104646 0.0001158 0.000122348 0.000118528 0.000133768 0.00013553 0.000141911 0.000152794 0.000170177 0.000193386 0.000216425 0.000282799 0.000357058 0.000473972 0.000668155 0.000932917 0.0013028 0.0018207 0.0025386 0.00345267 0.00463842 0.00613083 0.00796443 0.0101799 0.0127603 0.0157165 0.0189798 0.0224531 0.0259552 0.0293147 0.0322758 0.0345735 0.0359866 0.0362714 0.0352706 0.0328862 0.0291496 0.0241375 0.0181121 0.0113773 0.00429778 -0.00272211 -0.0092757 -0.0150237 -0.0197134 -0.0231462 -0.0253129 -0.0262636 -0.0261343 -0.0250759 -0.023361 -0.0212044 -0.0188387 -0.0164395 -0.0141562 -0.0120375 -0.010157 -0.00856894 -0.00725581 -0.0061482 -0.0052209 -0.00448649 -0.00389566 -0.00339778 -0.00295956 -0.00259796 -0.00227962 -0.0020004 -0.00173396 -0.00149552 -0.00125907 -0.00104695 -0.000835228 -0.000634333 -0.00041855 -0.000218067 -9.45437e-06 0.000196361 0.000424994 0.000653269 0.000906808 0.00116875 0.00146347 0.00179169 0.00218989 0.00263852 0.00316354 0.00380854 0.00463214 0.00562299 0.0068014 0.00823409 0.00996074 0.0119425 0.0141183 0.0164517 0.0188212 0.0210671 0.0229723 0.0243281 0.024856 0.0243824 0.0227473 0.0198735 0.0157236 0.0104544 0.00427943 -0.0024864 -0.0094617 -0.0162341 -0.0224328 -0.0277302 -0.0318373 -0.0346365 -0.0360664 -0.0361947 -0.0351475 -0.0331592 -0.0304341 -0.0272391 -0.0238302 -0.0203992 -0.0171269 -0.0141267 -0.0114867 -0.00920572 -0.00730555 -0.00573687 -0.00448728 -0.00352394 -0.0027671 -0.00220263 -0.0017973 -0.00151972 -0.00130739 -0.0011759 -0.00109442 -0.00102735 -0.000995163 -0.000970179 -0.000959634 -0.000941172 -0.000934537 -0.000934476 -0.000918229 -0.00091958 -0.000915406 -0.00090787 -0.000903499 -0.00090401 -0.00089958 -0.000890918 -0.000899825 -0.000887201 -0.00088374 -0.000891728 -0.000874281 -0.000880517 -0.00088009 -0.000867103 -0.00087618 -0.000868397 -0.000864142 -0.000869782 -0.000861646 -0.000865485 -0.000867234 -0.000860503 -0.000862547 -0.000858104 -0.000854911 -0.000857441 -0.000854938 -0.000858155 
0 9.44009e-06 1.86334e-06 1.82578e-05 1.74237e-05 1.59459e-05 3.337e-05 2.43455e-05 3.35116e-05 4.55952e-05 3.39287e-05 5.34109e-05 5.43675e-05 4.68736e-05 7.00506e-05 6.09241e-05 6.72985e-05 8.60527e-05 7.43471e-05 8.76488e-05 9.16701e-05 8.74922e-05 9.74824e-05 0.000103865 0.0001123 0.000112232 0.000129162 0.000125122 0.00012293 0.000146667 0.000139335 0.000154306 0.000167143 0.000173998 0.000184781 0.000210274 0.000268249 0.000311379 0.000419191 0.000563954 0.000761839 0.00107284 0.0015149 0.00212222 0.00288783 0.00393706 0.00527779 0.00695289 0.00898938 0.0114282 0.014303 0.0175374 0.0211053 0.0248462 0.0286347 0.0322132 0.035353 0.0377777 0.0392266 0.0394834 0.0383412 0.0357529 0.0316896 0.026329 0.019871 0.0126873 0.00511873 -0.00239306 -0.00945147 -0.0156853 -0.020802 -0.024635 -0.027118 -0.0283402 -0.028376 -0.0274395 -0.0257207 -0.023519 -0.0210244 -0.0184849 -0.0159942 -0.0136782 -0.0115815 -0.00980172 -0.00829805 -0.00703675 -0.0059717 -0.00511782 -0.00442841 -0.00385231 -0.00335495 -0.00293054 -0.00256937 -0.00224564 -0.00195343 -0.00167338 -0.00141487 -0.00116656 -0.000938929 -0.000702662 -0.000470369 -0.000233733 -9.75939e-06 0.000230657 0.000479168 0.000748817 0.00102565 0.00132831 0.00165946 0.00204679 0.00249655 0.00301417 0.00362378 0.00437784 0.00532445 0.00645572 0.00780869 0.00942455 0.0113589 0.0135393 0.0159292 0.0184205 0.0209398 0.023263 0.0252116 0.0264879 0.0268928 0.0261867 0.0242736 0.0210268 0.0164776 0.0107364 0.00406703 -0.00319689 -0.0106631 -0.0178995 -0.0245433 -0.0302093 -0.0346639 -0.0376932 -0.0392927 -0.0394709 -0.0384156 -0.0363131 -0.0334314 -0.0300293 -0.0263488 -0.0226469 -0.0190772 -0.0158111 -0.0128725 -0.0103535 -0.00823506 -0.00650718 -0.00510094 -0.00397756 -0.00315158 -0.00252133 -0.00205805 -0.00170464 -0.00148733 -0.00132996 -0.00121522 -0.00116467 -0.0011133 -0.00108305 -0.00105387 -0.00105511 -0.00104248 -0.0010278 -0.00103829 -0.00101632 -0.00101215 -0.00101094 -0.00100758 -0.00100294 -0.00100106 -0.00100499 -0.000983876 -0.000992595 -0.000988559 -0.000972048 -0.000990196 -0.000974693 -0.0009699 -0.000979773 -0.000961047 -0.000966797 -0.000969522 -0.000959338 -0.000966673 -0.000961333 -0.000956865 -0.000961157 -0.000954257 -0.000954699 -0.000955615 -0.000951312 -0.000954836 -0.000953112 
0 -1.00417e-07 1.11856e-05 8.7843e-06 1.73245e-05 2.80475e-05 2.45829e-05 3.88524e-05 3.94652e-05 3.83709e-05 5.34109e-05 4.73396e-05 5.75673e-05 6.61293e-05 6.34684e-05 7.62949e-05 7.44353e-05 7.98723e-05 8.47896e-05 9.27274e-05 0.00010334 0.000104439 0.000122697 0.000112544 0.000116777 0.000130684 0.000117523 0.000142353 0.000150476 0.000147348 0.000161696 0.000167438 0.000173087 0.000193105 0.000229065 0.000246851 0.000293945 0.000367467 0.00047075 0.000645342 0.000892727 0.00124988 0.00172536 0.00239009 0.00330097 0.00447525 0.00594198 0.00778308 0.0100565 0.0127428 0.0158622 0.019379 0.0232136 0.0272291 0.0312424 0.0350111 0.0382866 0.0407996 0.0422623 0.0424507 0.0411865 0.0383793 0.0340496 0.0283646 0.0215617 0.0139836 0.00601924 -0.0019141 -0.00941003 -0.0160717 -0.0215981 -0.0258111 -0.0286478 -0.0301467 -0.030418 -0.0296312 -0.0279937 -0.0257752 -0.023224 -0.0205541 -0.017899 -0.015386 -0.0130991 -0.011112 -0.0094155 -0.00798666 -0.00678117 -0.00579682 -0.00499415 -0.00433563 -0.00376761 -0.00328406 -0.00286584 -0.00250504 -0.00217109 -0.00186156 -0.00156695 -0.00129601 -0.00103364 -0.000776613 -0.000513323 -0.000256004 2.30863e-06 0.000263755 0.000546837 0.000844241 0.00116073 0.00149507 0.00187781 0.00231832 0.00283194 0.00341905 0.00412911 0.00500092 0.00607613 0.00735808 0.00889156 0.0107069 0.0128307 0.0152104 0.0177787 0.0204218 0.0230267 0.0254019 0.0273117 0.0284804 0.0286873 0.0277401 0.0255017 0.0218967 0.0169492 0.0107893 0.00367792 -0.00401385 -0.0118878 -0.0195284 -0.026533 -0.0325367 -0.0372742 -0.040543 -0.0422818 -0.0425475 -0.0414944 -0.0393234 -0.0363127 -0.0327322 -0.0288384 -0.0248777 -0.0210437 -0.0174838 -0.0143059 -0.0115579 -0.00920598 -0.00727277 -0.00573431 -0.00451945 -0.00355945 -0.00283414 -0.00231216 -0.00193831 -0.00167628 -0.001481 -0.00136498 -0.00127656 -0.00121708 -0.00119916 -0.00117738 -0.00115383 -0.00114255 -0.00114117 -0.00112025 -0.00112952 -0.00113188 -0.00111093 -0.00111937 -0.00110267 -0.00109461 -0.00109617 -0.00108981 -0.00109086 -0.00108337 -0.00108526 -0.00107408 -0.00107304 -0.0010763 -0.00106589 -0.0010755 -0.00106738 -0.00106171 -0.00106522 -0.00105358 -0.00105482 -0.00105255 -0.00105064 -0.00105474 -0.00105418 -0.00105574 -0.00105419 -0.00105228 -0.00104848 
0 8.35001e-06 1.34166e-05 2.00393e-05 2.15168e-05 2.52989e-05 2.81544e-05 3.28079e-05 3.99713e-05 4.54731e-05 5.43675e-05 5.75673e-05 6.41082e-05 6.84078e-05 7.27203e-05 8.12724e-05 8.38039e-05 9.59446e-05 9.67862e-05 0.00010135 0.000108401 0.000102743 0.000119923 0.000122335 0.000132378 0.00015026 0.000144377 0.000157613 0.000159002 0.000161946 0.00017837 0.000186841 0.000197524 0.000213083 0.00023444 0.000263863 0.000334682 0.000418654 0.000546579 0.000748464 0.00101567 0.00142132 0.001987 0.00273837 0.00372622 0.0050189 0.00665283 0.00868767 0.0111596 0.0140668 0.0174467 0.0212311 0.0253137 0.0295555 0.0337711 0.0376911 0.041068 0.0436284 0.0450722 0.0451828 0.0437831 0.0407823 0.0362119 0.0302654 0.0231726 0.0152842 0.00699763 -0.00127725 -0.00913981 -0.0161766 -0.0220784 -0.0266723 -0.0298667 -0.0316827 -0.0322226 -0.0316502 -0.0301437 -0.0279805 -0.0254136 -0.0226599 -0.0198614 -0.0171817 -0.014712 -0.0125223 -0.0106229 -0.00901973 -0.00766506 -0.00653984 -0.00561445 -0.00485963 -0.00421645 -0.00366453 -0.00319061 -0.00278151 -0.00240694 -0.00205963 -0.00173648 -0.00143363 -0.00113994 -0.000853069 -0.000568091 -0.000282061 6.63041e-06 0.000299149 0.000608758 0.000941021 0.00129431 0.00167162 0.00210328 0.00260508 0.00318423 0.00385419 0.00467229 0.00567283 0.00688409 0.00832517 0.0100497 0.0120655 0.0143763 0.0169323 0.0196627 0.0224198 0.0250771 0.0274394 0.0292643 0.0302625 0.0302382 0.0290061 0.0264356 0.0224642 0.0171471 0.0106111 0.00312574 -0.00492023 -0.0131278 -0.0210909 -0.0283987 -0.0346768 -0.0396679 -0.0431469 -0.0450389 -0.0453983 -0.0443806 -0.0421777 -0.0390827 -0.0353666 -0.0312804 -0.0270981 -0.0230279 -0.019213 -0.0157666 -0.0127779 -0.0102257 -0.00811472 -0.00640117 -0.00503298 -0.00398194 -0.0031925 -0.00259336 -0.00215247 -0.00185848 -0.00163974 -0.00150579 -0.00142063 -0.0013505 -0.00131127 -0.00128421 -0.00126552 -0.00125484 -0.00125252 -0.00123329 -0.00122787 -0.00121999 -0.00120485 -0.00121461 -0.00120404 -0.00120402 -0.00120362 -0.00119022 -0.00119189 -0.00118374 -0.00118234 -0.00118083 -0.00117597 -0.00117274 -0.00116558 -0.00116336 -0.00115803 -0.00115807 -0.00115662 -0.00115848 -0.00116123 -0.00115562 -0.00115764 -0.00114855 -0.00114464 -0.00114508 -0.00113791 -0.0011469 -0.00114584 
0 9.73548e-06 -1.97984e-06 2.03438e-05 2.0524e-05 2.26919e-05 4.55961e-05 3.58102e-05 4.7222e-05 5.74848e-05 4.68736e-05 6.61293e-05 6.84078e-05 6.74683e-05 8.69873e-05 8.24066e-05 8.89581e-05 0.000103066 9.97917e-05 0.000112487 0.000122223 0.000124701 0.000133045 0.000138538 0.000142494 0.000144777 0.000157755 0.000163545 0.000169567 0.000184972 0.000190186 0.000201546 0.000215416 0.000243332 0.000265366 0.000305707 0.000385852 0.000465353 0.000621222 0.000852479 0.00116245 0.00161357 0.00224297 0.00308533 0.0041779 0.00561282 0.00740177 0.00962357 0.0123032 0.0154465 0.0190762 0.0230977 0.0274119 0.0318513 0.0362328 0.0402586 0.0436959 0.0462595 0.0476505 0.0476622 0.0461136 0.0429354 0.0381571 0.032001 0.0246791 0.0165606 0.00802896 -0.000507507 -0.00865913 -0.0160107 -0.0222507 -0.0272113 -0.0307647 -0.0329257 -0.0337683 -0.0334599 -0.0321396 -0.0300966 -0.0275623 -0.0247677 -0.0218585 -0.0190398 -0.0163997 -0.0140134 -0.0119088 -0.0101226 -0.00860882 -0.00733386 -0.00627763 -0.00541259 -0.00468574 -0.00405903 -0.0035282 -0.00306249 -0.00264433 -0.00225523 -0.0019064 -0.00156682 -0.00124119 -0.000920147 -0.000617041 -0.000298905 2.0643e-05 0.000350151 0.000683792 0.00105406 0.00144633 0.00187583 0.00235786 0.00292636 0.003578 0.00434528 0.00527995 0.00641831 0.00777553 0.0093869 0.0113075 0.0135221 0.0160121 0.0187227 0.0215865 0.0244197 0.0270859 0.0293723 0.0310542 0.0318275 0.0315313 0.0299764 0.0270608 0.0227236 0.0170603 0.0101934 0.00240204 -0.00592636 -0.0143952 -0.022603 -0.0301506 -0.036648 -0.0418537 -0.0455158 -0.0475641 -0.0480275 -0.0470704 -0.0448692 -0.041722 -0.0379073 -0.0336667 -0.0292934 -0.0249944 -0.0209499 -0.0172603 -0.0140394 -0.0112736 -0.00897657 -0.00711008 -0.00560331 -0.00444777 -0.00356162 -0.00289298 -0.00239858 -0.00206963 -0.0018213 -0.00164594 -0.00155167 -0.00146937 -0.00142367 -0.00139442 -0.00137501 -0.00135758 -0.00134377 -0.0013436 -0.00133177 -0.00132844 -0.0013248 -0.00131751 -0.00130805 -0.00130285 -0.00130177 -0.00128736 -0.00129203 -0.00128753 -0.00127248 -0.00128279 -0.00127044 -0.00126464 -0.00127591 -0.00125956 -0.00126532 -0.00126853 -0.00124912 -0.00125791 -0.00124849 -0.0012395 -0.0012533 -0.00124147 -0.00124872 -0.00125436 -0.00124095 -0.00125144 -0.00124055 
0 1.16553e-06 2.1777e-05 1.37963e-05 2.42729e-05 3.61689e-05 2.67345e-05 4.67044e-05 4.88949e-05 4.79435e-05 7.00506e-05 6.34684e-05 7.27203e-05 8.69873e-05 8.01025e-05 9.6401e-05 0.000102223 0.000101831 0.00011355 0.000119199 0.000125095 0.000131468 0.000147613 0.000146334 0.000152399 0.000172497 0.000160825 0.000180024 0.000195698 0.000189101 0.000210285 0.000219875 0.000231965 0.000253113 0.000298362 0.000346953 0.000411471 0.000541895 0.000705552 0.000960516 0.00132761 0.00184535 0.00253441 0.00344446 0.00468709 0.00624814 0.00819601 0.0105879 0.0134872 0.0168707 0.0207122 0.0249672 0.0294756 0.0341066 0.0385922 0.0427046 0.0461568 0.0486875 0.050003 0.049886 0.0481994 0.0448405 0.039915 0.0335737 0.0261087 0.0178165 0.00912928 0.000396996 -0.00796261 -0.0155695 -0.0221177 -0.0274148 -0.031344 -0.0338563 -0.0350582 -0.0350361 -0.0339854 -0.032103 -0.0296788 -0.0268681 -0.0239115 -0.0209644 -0.0181871 -0.0156011 -0.0133068 -0.0113198 -0.00964181 -0.0082047 -0.00701118 -0.00602127 -0.00519684 -0.00449223 -0.00389454 -0.00337095 -0.00289634 -0.00247101 -0.00208536 -0.00171593 -0.00134609 -0.000999546 -0.000666375 -0.000325648 3.68014e-05 0.000395965 0.000764904 0.0011651 0.00160843 0.00208949 0.00263217 0.00326615 0.00400305 0.00487966 0.00593928 0.00722423 0.00873408 0.0105336 0.0126414 0.0150596 0.0177035 0.0205629 0.0235057 0.0263949 0.0290006 0.0311754 0.0326316 0.0331579 0.0325304 0.0306454 0.0273588 0.0226844 0.0166938 0.00955436 0.00152907 -0.00701128 -0.0156572 -0.0240485 -0.0317497 -0.0384378 -0.0437942 -0.0476409 -0.0498273 -0.0504283 -0.0495481 -0.0473954 -0.0442374 -0.0403491 -0.0360143 -0.0314684 -0.0269815 -0.0226973 -0.0188058 -0.0153532 -0.0123702 -0.00987265 -0.00784658 -0.00622917 -0.00492182 -0.0039405 -0.00320384 -0.00266868 -0.00227001 -0.00199281 -0.00181683 -0.00167472 -0.00159793 -0.00154959 -0.0015147 -0.00148043 -0.00146826 -0.00146241 -0.00143448 -0.00144456 -0.00143453 -0.00141619 -0.00142157 -0.00140898 -0.00140218 -0.00139952 -0.00139896 -0.00138868 -0.0013846 -0.00138824 -0.00136968 -0.00137591 -0.00137491 -0.00135887 -0.00136969 -0.00135646 -0.001351 -0.00136074 -0.00134625 -0.00135202 -0.00135315 -0.00134165 -0.00134929 -0.00134189 -0.00133765 -0.00134437 -0.00133602 -0.00134056 
0 1.08911e-05 1.0638e-05 2.39112e-05 2.79539e-05 2.80956e-05 4.27828e-05 4.1367e-05 4.95918e-05 6.34714e-05 6.09241e-05 7.62949e-05 8.12724e-05 8.24066e-05 9.6401e-05 9.80887e-05 0.000106722 0.0001153 0.000125181 0.000128775 0.000134497 0.000146469 0.00013933 0.000161441 0.000170293 0.000170539 0.000197475 0.000190422 0.000198077 0.000212068 0.000221225 0.000238553 0.000258296 0.00029057 0.000310764 0.000376241 0.000470801 0.000602747 0.000807213 0.00109278 0.00150323 0.00205676 0.00284955 0.00388681 0.00520818 0.00689809 0.0090264 0.0116357 0.0147156 0.0183135 0.0223802 0.0268437 0.0315392 0.036291 0.0408735 0.0450168 0.0484587 0.0509043 0.0521161 0.0518583 0.0500113 0.0465084 0.0414445 0.0349924 0.0274196 0.0190526 0.0102606 0.00142772 -0.00707533 -0.0148694 -0.0216828 -0.0272935 -0.0315814 -0.034477 -0.0360464 -0.0363727 -0.0356217 -0.0339865 -0.0316995 -0.0289526 -0.0259694 -0.0229516 -0.0200335 -0.0172869 -0.0147924 -0.012616 -0.010748 -0.00915432 -0.00780491 -0.00668464 -0.00574452 -0.00495843 -0.00428443 -0.0036968 -0.00316218 -0.00269556 -0.00227117 -0.00186569 -0.00145576 -0.00107765 -0.000714951 -0.000345165 5.55337e-05 0.000450726 0.000855875 0.00129155 0.00178752 0.00232719 0.00293798 0.00364132 0.00447826 0.00547218 0.00667431 0.00810258 0.00978929 0.0117722 0.0140812 0.0166709 0.0194757 0.0224354 0.0254418 0.0283129 0.0308345 0.0328121 0.0340115 0.0342213 0.033252 0.0309924 0.0273458 0.0223411 0.0160617 0.0087015 0.000505249 -0.00816135 -0.0169321 -0.0254128 -0.0332293 -0.0400304 -0.0455263 -0.0495101 -0.051857 -0.0525951 -0.0518203 -0.0497524 -0.0466175 -0.0427075 -0.0382797 -0.0336193 -0.0289585 -0.024487 -0.0203614 -0.0166799 -0.0135216 -0.0108391 -0.00862104 -0.00683222 -0.00545002 -0.00437325 -0.00353777 -0.00293139 -0.00248998 -0.00218871 -0.00196796 -0.0018346 -0.00173502 -0.00165826 -0.00162362 -0.00159754 -0.00158209 -0.00156092 -0.0015601 -0.00153751 -0.0015239 -0.00153343 -0.00151243 -0.00151756 -0.00151379 -0.00149939 -0.00149773 -0.0014901 -0.00148727 -0.00148026 -0.00148356 -0.001473 -0.00146566 -0.00147014 -0.00145424 -0.00145858 -0.0014568 -0.00144802 -0.0014569 -0.00144838 -0.00144684 -0.00144833 -0.00143881 -0.00144029 -0.00143818 -0.00143434 -0.00143839 -0.0014376 
0 2.84564e-06 1.0706e-05 1.43103e-05 2.74696e-05 3.49625e-05 4.51272e-05 5.51867e-05 5.68561e-05 6.64576e-05 6.72985e-05 7.44353e-05 8.38039e-05 8.89581e-05 0.000102223 0.000106722 0.000115661 0.000121291 0.000129119 0.000137875 0.000144731 0.000162866 0.000162052 0.000175497 0.000179593 0.000175395 0.000198209 0.00019706 0.000217667 0.00023448 0.000237031 0.000259692 0.000274248 0.000308966 0.000357817 0.000432013 0.000524964 0.000675995 0.000903979 0.00122016 0.00169952 0.00232802 0.00317854 0.00430473 0.00576632 0.00762399 0.00991419 0.0126923 0.0159833 0.019813 0.0240813 0.0287176 0.0335703 0.0384303 0.0430625 0.0472035 0.0505841 0.052919 0.0539934 0.0535748 0.0515633 0.0479277 0.0427628 0.0362368 0.028626 0.020242 0.0114257 0.00255876 -0.00600713 -0.0139331 -0.020959 -0.0268511 -0.0314855 -0.0347709 -0.0367326 -0.0374378 -0.0370425 -0.0357019 -0.0336157 -0.0309815 -0.0280322 -0.0249705 -0.0219457 -0.0190524 -0.016379 -0.0140042 -0.0119449 -0.0101806 -0.00867183 -0.00740385 -0.00634114 -0.00545923 -0.00470226 -0.0040408 -0.00344584 -0.00293083 -0.00246219 -0.00201602 -0.00156938 -0.00115654 -0.000759094 -0.000356131 7.94869e-05 0.000513814 0.000960226 0.00143827 0.00198696 0.00259321 0.00327805 0.00406357 0.00500714 0.00613519 0.00748471 0.00907028 0.0109374 0.013117 0.0156128 0.0183649 0.0213019 0.0243418 0.0273584 0.0301669 0.0325419 0.0342753 0.0351575 0.0350155 0.0336709 0.0310237 0.0270162 0.0217042 0.0151775 0.00764546 -0.000649402 -0.00937801 -0.0181955 -0.0267084 -0.0345682 -0.0414427 -0.0470347 -0.05114 -0.0536401 -0.0545322 -0.0538909 -0.0519314 -0.0488587 -0.0449561 -0.0404907 -0.0357336 -0.0309155 -0.0262716 -0.021964 -0.0180691 -0.014687 -0.0118165 -0.0094508 -0.00752403 -0.00599527 -0.00479724 -0.00389876 -0.00323828 -0.00273389 -0.00239124 -0.00213753 -0.00196843 -0.00186225 -0.0017929 -0.00174162 -0.00170505 -0.0016862 -0.00165754 -0.00166193 -0.00165049 -0.00164071 -0.00164345 -0.00161949 -0.00161894 -0.00160956 -0.00160183 -0.00160196 -0.00159287 -0.00158858 -0.00157813 -0.00157675 -0.00156934 -0.00156769 -0.0015687 -0.00156256 -0.00156656 -0.00155616 -0.0015527 -0.00154786 -0.00153823 -0.00154283 -0.00153637 -0.00154161 -0.00154342 -0.00153923 -0.00154491 -0.00153465 -0.00153545 
0 1.92635e-06 3.41056e-05 1.73935e-05 3.39365e-05 4.32197e-05 2.83221e-05 5.63364e-05 5.32831e-05 6.12949e-05 8.60527e-05 7.98723e-05 9.59446e-05 0.000103066 0.000101831 0.0001153 0.000121291 0.000130395 0.000138103 0.000148132 0.000154017 0.000158779 0.00017342 0.000179551 0.00019141 0.000208504 0.000214302 0.000220536 0.000233115 0.000241957 0.000249637 0.000278225 0.000303817 0.000325029 0.000390394 0.000466569 0.000573333 0.000769254 0.00102409 0.00138331 0.00190323 0.00260981 0.00354997 0.0047864 0.00637647 0.00836759 0.0108386 0.0138002 0.0173029 0.0213266 0.0257801 0.0305842 0.0355639 0.0405019 0.0451409 0.0492561 0.0525343 0.0547358 0.0556409 0.0550482 0.0528735 0.0491172 0.0438837 0.0373222 0.0297363 0.0213877 0.0126226 0.00378407 -0.00477278 -0.0127776 -0.019961 -0.0261012 -0.0310644 -0.034739 -0.037112 -0.0382256 -0.0382339 -0.0372319 -0.0354096 -0.0329425 -0.0300883 -0.0270162 -0.0239236 -0.020903 -0.0180744 -0.015499 -0.0132498 -0.0113004 -0.00962692 -0.00819592 -0.00700402 -0.00600874 -0.00515907 -0.00441352 -0.0037582 -0.00318543 -0.00266528 -0.00217278 -0.00169369 -0.001242 -0.000803849 -0.000362212 0.000103844 0.000580359 0.00107385 0.00160335 0.00220399 0.0028837 0.00364986 0.00453337 0.00558953 0.00686526 0.00836739 0.0101251 0.0121737 0.0145559 0.0172209 0.0201212 0.0231568 0.02625 0.0292225 0.0319182 0.0340838 0.0355293 0.0360437 0.0355177 0.0337725 0.0307341 0.0263755 0.020785 0.0140606 0.00640962 -0.00191412 -0.0106405 -0.0194271 -0.0279172 -0.0357537 -0.0426596 -0.0483092 -0.0525241 -0.0551713 -0.056231 -0.0557524 -0.0539299 -0.0509658 -0.0470975 -0.0426343 -0.0378127 -0.0328862 -0.0280774 -0.0235879 -0.0195006 -0.015917 -0.0128609 -0.010303 -0.00823197 -0.006569 -0.00526868 -0.00427806 -0.00353533 -0.00297358 -0.00258927 -0.00232762 -0.00212106 -0.00200213 -0.00192263 -0.00185506 -0.00182527 -0.00180604 -0.00178205 -0.00176517 -0.00175562 -0.00174033 -0.00172973 -0.00172892 -0.00172002 -0.00171285 -0.00170801 -0.0017003 -0.00169412 -0.00168867 -0.00169004 -0.00167918 -0.00167751 -0.00167849 -0.00165519 -0.00166221 -0.00165406 -0.00163993 -0.00166183 -0.00164339 -0.00164869 -0.00165876 -0.0016308 -0.00164809 -0.00163396 -0.00162174 -0.00164348 -0.0016205 -0.00163654 
