0 0 0 0 0 0 0 0 0 0 0 0 0 0 0 0 0 0 0 0 0 0 0 0 0 0 0 0 0 0 0 0 0 0 0 0 0 0 0 0 0 0 0 0 0 0 0 0 0 0 0 0 0 0 0 0 0 0 0 0 0 0 0 0 0 0 0 0 0 0 0 0 0 0 0 0 0 0 0 0 0 0 0 0 0 0 0 0 0 0 0 0 0 0 0 0 0 0 0 0 0 0 0 0 0 0 0 0 0 0 0 0 0 0 0 0 0 0 0 0 0 0 0 0 0 0 0 0 0 0 0 0 0 0 0 0 0 0 0 0 0 0 0 0 0 0 0 0 0 0 0 0 0 0 0 0 0 0 0 0 0 0 0 0 0 0 0 0 0 0 0 0 0 0 0 0 0 0 0 0 0 0 0 0 0 0 0 0 0 0 0 0 0 0 0 0 0 0 0 0 
0 6.66496e-06 -6.74206e-06 2.21131e-06 7.29994e-06 -1.70315e-06 1.39229e-05 1.26909e-05 3.65054e-06 1.5807e-05 5.02386e-06 3.06631e-06 1.47232e-05 1.12729e-05 1.80698e-05 2.13314e-05 2.24095e-05 1.51421e-05 1.42865e-05 2.70963e-05 1.10186e-05 2.63676e-05 3.45672e-05 8.86467e-06 3.07896e-05 3.00528e-05 2.67441e-05 4.15007e-05 3.5242e-05 3.73792e-05 2.35881e-05 3.60574e-05 4.91431e-05 3.76772e-05 3.43346e-05 3.25071e-05 5.81615e-05 4.76307e-05 4.23409e-05 5.87396e-05 5.19287e-05 6.10789e-05 5.83838e-05 6.3207e-05 5.93088e-05 6.60334e-05 7.07465e-05 5.97282e-05 7.62105e-05 7.22999e-05 7.49889e-05 7.77053e-05 8.74579e-05 8.6469e-05 8.65208e-05 0.000103544 9.78475e-05 0.000104465 0.000109949 0.000121448 0.000116652 0.000127432 0.000142805 0.000147308 0.000162511 0.000188581 0.000227996 0.000262188 0.000333128 0.000424582 0.000541853 0.000682886 0.00088031 0.00112133 0.00140401 0.00174578 0.00215805 0.00262877 0.00313033 0.00366481 0.00419754 0.00468779 0.00507716 0.00535803 0.00549611 0.00546469 0.00522197 0.00478194 0.0041564 0.00338382 0.00250331 0.00160039 0.000748765 1.16886e-05 -0.000579967 -0.000978789 -0.0011494 -0.00108298 -0.000834021 -0.000474754 -7.42604e-05 0.00032079 0.000644112 0.000819326 0.000776747 0.000505795 3.04271e-05 -0.000606902 -0.00138023 -0.00223602 -0.00310508 -0.00389878 -0.0045693 -0.00507308 -0.00539122 -0.00549995 -0.00543138 -0.00521151 -0.0048759 -0.00442793 -0.00392039 -0.00339547 -0.00289555 -0.00241839 -0.00199259 -0.00163301 -0.0013372 -0.00108256 -0.000871144 -0.000715924 -0.000590723 -0.000490131 -0.000409539 -0.000368369 -0.000325385 -0.000294924 -0.00027349 -0.00026899 -0.000251296 -0.000239133 -0.000241027 -0.000232774 -0.00022563 -0.000218689 -0.000226947 -0.000210803 -0.000211996 -0.000212403 -0.00020798 -0.000201754 -0.000201379 -0.000205442 -0.000187738 -0.000197094 -0.000189815 -0.000185557 -0.000182824 -0.000179733 -0.000177791 -0.000171152 -0.000184117 -0.000161699 -0.000165473 -0.000179807 -0.000172389 -0.000165919 -0.000154586 -0.000174267 -0.000170964 -0.000161845 -0.000154214 -0.000151588 -0.000165648 -0.000145396 -0.000159572 -0.000161774 -0.000136849 -0.000157039 -0.00015556 -0.000151252 -0.000156446 -0.000152152 -0.000147256 -0.000137947 -0.000149797 -0.000144094 -0.000141377 -0.000157733 -0.000140768 -0.00014417 -0.000151512 -0.0001354 -0.000146677 -0.000146391 -0.000137088 -0.000147282 -0.000142047 -0.000138506 -0.000148175 -0.000141532 
0 -6.74206e-06 2.14087e-05 1.21579e-06 7.32727e-06 2.0826e-05 -3.8343e-06 1.31772e-05 1.90476e-05 9.76217e-06 3.21634e-05 3.11916e-05 2.43893e-05 3.08658e-05 2.47477e-05 2.2104e-05 3.02636e-05 3.92273e-05 4.20884e-05 4.30112e-05 4.79088e-05 4.58046e-05 4.24961e-05 5.85823e-05 6.36433e-05 4.96595e-05 5.60574e-05 6.00651e-05 5.23041e-05 6.49477e-05 9.02125e-05 7.64386e-05 5.74878e-05 9.09893e-05 9.67597e-05 8.99112e-05 9.19143e-05 8.50591e-05 0.000103404 0.000103585 0.000102347 0.000100433 0.000116494 0.000123085 0.000111876 0.000139918 0.00013313 0.000140147 0.000149933 0.000158013 0.000158223 0.000160093 0.000185182 0.000166788 0.000185661 0.000191725 0.000200291 0.000197169 0.000214954 0.000232918 0.000223099 0.00025456 0.00026868 0.000300508 0.000313986 0.000386934 0.000448021 0.00053862 0.000670148 0.000860377 0.00109499 0.00137943 0.00178065 0.00225072 0.00283288 0.00350108 0.00434035 0.00525661 0.00627667 0.00731959 0.00839332 0.00934617 0.0101362 0.0106791 0.0109608 0.0108831 0.0104078 0.00952873 0.00829073 0.00675643 0.00501376 0.00322781 0.00153576 7.48915e-05 -0.00110499 -0.00189056 -0.00224063 -0.00211417 -0.00164375 -0.000936242 -0.000160286 0.000619112 0.00123674 0.00157784 0.00147912 0.000947108 -2.75726e-06 -0.0012647 -0.00280327 -0.0044943 -0.0062146 -0.00778737 -0.00911507 -0.0101168 -0.0107411 -0.0109674 -0.0108244 -0.0103992 -0.00971533 -0.008842 -0.00781804 -0.00679238 -0.00577415 -0.00484381 -0.00397632 -0.0032748 -0.00266317 -0.00216925 -0.00173765 -0.00143153 -0.00117754 -0.000976593 -0.000825228 -0.000728285 -0.000660207 -0.000584289 -0.000562918 -0.000531877 -0.000519093 -0.000482062 -0.000493305 -0.0004733 -0.000457646 -0.00045163 -0.000447464 -0.000436472 -0.00041423 -0.000430326 -0.000404003 -0.000401468 -0.000395145 -0.000394483 -0.000379507 -0.00037706 -0.00038619 -0.000359652 -0.000372699 -0.000369144 -0.000361557 -0.000352347 -0.000354079 -0.000357656 -0.000343235 -0.000342207 -0.000319954 -0.000336136 -0.000348152 -0.000312095 -0.000307795 -0.000326406 -0.000329175 -0.000315164 -0.000319914 -0.00031796 -0.000302128 -0.000311686 -0.000315358 -0.000305968 -0.000299062 -0.000294425 -0.00029545 -0.000293229 -0.000298494 -0.000308707 -0.000295527 -0.000292751 -0.000300332 -0.000279144 -0.000288046 -0.000298621 -0.000275963 -0.000295921 -0.000292733 -0.000273333 -0.000299652 -0.000282646 -0.000278673 -0.000299024 -0.000273587 -0.0002875 
0 2.21131e-06 1.21579e-06 6.90377e-06 1.43135e-05 1.3165e-05 2.32392e-05 2.82515e-05 2.2601e-05 3.05139e-05 2.74676e-05 2.60591e-05 3.76311e-05 4.09975e-05 4.78927e-05 5.36238e-05 5.73851e-05 5.18328e-05 5.34529e-05 6.63059e-05 5.60744e-05 7.24488e-05 8.08146e-05 6.29337e-05 8.46623e-05 8.56219e-05 8.80162e-05 0.000105004 0.00010016 0.000104039 9.81173e-05 0.000109355 0.000122463 0.000121184 0.000118013 0.000119654 0.000149154 0.000141949 0.000143167 0.00016192 0.000159729 0.000170999 0.000176326 0.000183814 0.00018159 0.000198101 0.000204042 0.000198781 0.000221125 0.000224289 0.000230218 0.000240021 0.00026032 0.000260511 0.000271096 0.000296358 0.000298734 0.000310664 0.000329417 0.000352201 0.000354106 0.00038346 0.000418062 0.000447355 0.000492551 0.000574704 0.000682027 0.00081052 0.00101588 0.00129229 0.00164501 0.00208564 0.00267305 0.00339092 0.00425068 0.00527806 0.00650634 0.00789354 0.00939443 0.0109682 0.0125353 0.0139629 0.015122 0.015942 0.01634 0.0162248 0.0155134 0.0142179 0.0123846 0.0101172 0.00755208 0.00491614 0.00242009 0.00024665 -0.00149271 -0.00266518 -0.00318519 -0.0030389 -0.00236963 -0.00136697 -0.000233854 0.000876366 0.00176295 0.00222151 0.00206789 0.00126597 -0.000133682 -0.00201642 -0.00428815 -0.00678846 -0.00931951 -0.0116458 -0.0136107 -0.0150904 -0.0160189 -0.0163564 -0.0161638 -0.0155239 -0.0145204 -0.0132129 -0.0117203 -0.0101773 -0.00867978 -0.00727275 -0.00600589 -0.00493024 -0.0040281 -0.00327014 -0.0026418 -0.00216358 -0.0017833 -0.00148222 -0.00125108 -0.00110443 -0.000985111 -0.000892138 -0.000834146 -0.000801617 -0.000763079 -0.00072908 -0.000723125 -0.000702691 -0.000682534 -0.000667984 -0.000669281 -0.000644814 -0.000634901 -0.000634383 -0.000619709 -0.000606982 -0.000601854 -0.000600606 -0.000575716 -0.000579092 -0.000570747 -0.000555831 -0.000550928 -0.000544026 -0.000536097 -0.00052543 -0.000533467 -0.000509701 -0.000508192 -0.000521332 -0.000507192 -0.000498663 -0.000490352 -0.000500622 -0.000494972 -0.000486027 -0.00047505 -0.000468016 -0.000479401 -0.000460618 -0.000468202 -0.000469116 -0.000445714 -0.000460731 -0.000459355 -0.00045377 -0.000457728 -0.000451228 -0.000443328 -0.000436174 -0.000442409 -0.000436382 -0.00043711 -0.000445875 -0.000432477 -0.000436707 -0.000436704 -0.000426731 -0.00043482 -0.000430352 -0.000427249 -0.000431441 -0.000427807 -0.000427018 -0.000426828 -0.000428426 
0 7.29994e-06 7.32727e-06 1.43135e-05 1.69819e-05 1.6493e-05 2.65437e-05 2.87967e-05 3.05874e-05 4.13057e-05 4.1996e-05 4.55024e-05 5.30488e-05 5.34954e-05 5.7998e-05 6.34617e-05 6.896e-05 7.20454e-05 7.77429e-05 8.6891e-05 8.43159e-05 9.37247e-05 0.000102425 9.76465e-05 0.000110568 0.000114654 0.000115138 0.000125813 0.000129355 0.000138164 0.000140618 0.000148163 0.000159725 0.000161742 0.000168507 0.000173733 0.000187121 0.000189817 0.000193175 0.00020919 0.00021084 0.000221891 0.00023124 0.000239511 0.000248913 0.000259827 0.000273208 0.000276221 0.000295355 0.000304507 0.000313022 0.000328663 0.000342059 0.000354142 0.000364014 0.000388398 0.000396795 0.000413572 0.000435789 0.000457717 0.000477083 0.000507106 0.000554005 0.000596124 0.000668334 0.000770659 0.000916504 0.00110244 0.00137666 0.00174521 0.00221803 0.00282378 0.00359837 0.00455945 0.00570729 0.00708836 0.00870523 0.0105414 0.0125222 0.0145983 0.0166417 0.0185091 0.0200309 0.0211054 0.0216115 0.0214426 0.0205077 0.0188104 0.0164143 0.0134507 0.0101174 0.00668281 0.00342536 0.000569628 -0.00170463 -0.00324787 -0.00394686 -0.00381588 -0.00300352 -0.00175905 -0.000323223 0.00106396 0.0021591 0.00269046 0.00246074 0.00139591 -0.000436024 -0.00291479 -0.00588387 -0.00914501 -0.0124324 -0.0154708 -0.0180365 -0.0199726 -0.0211856 -0.0216418 -0.0214037 -0.0205666 -0.0192446 -0.0175311 -0.0155843 -0.0135514 -0.0115735 -0.00971045 -0.00804419 -0.00660254 -0.00539721 -0.00438149 -0.00355538 -0.0029015 -0.00239199 -0.00199025 -0.00168764 -0.00147822 -0.00131804 -0.00120265 -0.00111953 -0.00107206 -0.0010213 -0.00098783 -0.000964066 -0.000943259 -0.000917877 -0.000899486 -0.000889566 -0.000865027 -0.000852691 -0.000838553 -0.0008265 -0.000807486 -0.00079943 -0.000789364 -0.000771205 -0.000766855 -0.000754256 -0.000745545 -0.000734548 -0.000729291 -0.000718286 -0.000708745 -0.000708538 -0.000691889 -0.000687032 -0.000682636 -0.000675112 -0.000666813 -0.000657369 -0.000658113 -0.000649341 -0.000644553 -0.000638384 -0.00063489 -0.000635068 -0.000621694 -0.000624445 -0.000621371 -0.000609456 -0.00061302 -0.000607324 -0.000601139 -0.000599747 -0.000597732 -0.000594994 -0.00059044 -0.000593506 -0.000587692 -0.000582985 -0.000587319 -0.00057873 -0.000578175 -0.000581549 -0.000573488 -0.000576004 -0.000576923 -0.000570335 -0.000572759 -0.000573221 -0.000570466 -0.000572276 -0.000570222 
0 -1.70315e-06 2.0826e-05 1.3165e-05 1.6493e-05 3.63062e-05 2.27643e-05 3.1748e-05 4.75379e-05 3.85472e-05 5.72326e-05 6.57732e-05 6.06116e-05 7.17263e-05 7.2228e-05 7.57433e-05 7.97853e-05 9.5366e-05 0.000103213 9.56474e-05 0.000121744 0.000112889 0.000110061 0.000145499 0.000132337 0.000140787 0.000151925 0.000148583 0.000160999 0.000164156 0.000194143 0.000188107 0.000180512 0.00020551 0.000217791 0.000231599 0.000215939 0.000237033 0.000254695 0.000251985 0.000270789 0.000270557 0.000292192 0.000297931 0.000313748 0.000325563 0.000333727 0.00035944 0.000359954 0.000384409 0.000393664 0.00041288 0.00042597 0.000442448 0.000465669 0.000474152 0.000504143 0.000517448 0.000547625 0.000567226 0.000604142 0.000640379 0.000687691 0.000757837 0.000845029 0.000979633 0.00115264 0.00141173 0.00174772 0.00221341 0.00280864 0.00358337 0.00454987 0.00574756 0.00719703 0.00892092 0.0109303 0.0131892 0.0156483 0.01819 0.0206918 0.022958 0.0248331 0.026134 0.02674 0.0265026 0.0253598 0.0232816 0.0203653 0.0167577 0.0127243 0.00855882 0.0045948 0.00110151 -0.00167753 -0.00357095 -0.00446405 -0.00438877 -0.0035042 -0.00208481 -0.000422174 0.00117323 0.00239911 0.00295051 0.00261379 0.0012936 -0.000951733 -0.00399061 -0.00761216 -0.0115718 -0.0155502 -0.0192451 -0.0223665 -0.0247318 -0.0262086 -0.0267912 -0.0265134 -0.0255038 -0.0238711 -0.021789 -0.0194062 -0.0169216 -0.0144666 -0.0121756 -0.0101076 -0.00831489 -0.00679173 -0.00552692 -0.00449611 -0.00366625 -0.00302069 -0.00251512 -0.00214462 -0.00185813 -0.0016641 -0.00151342 -0.0014163 -0.00133553 -0.00128483 -0.00124245 -0.00120472 -0.00117976 -0.0011496 -0.00113355 -0.00110074 -0.00109152 -0.0010647 -0.00104918 -0.00103037 -0.00101452 -0.00100114 -0.000977472 -0.00097715 -0.000951526 -0.000946647 -0.00093066 -0.000921285 -0.000913366 -0.000897481 -0.000893911 -0.000869319 -0.000881253 -0.000865255 -0.000841496 -0.000838739 -0.000836691 -0.00084222 -0.000806844 -0.000804492 -0.000809994 -0.000804904 -0.000800084 -0.000780133 -0.000793874 -0.000772061 -0.000765381 -0.000786088 -0.000757279 -0.000755329 -0.000755949 -0.000744843 -0.00074541 -0.000745422 -0.000750622 -0.000733437 -0.000736448 -0.000738214 -0.000716061 -0.000733231 -0.000727783 -0.000713395 -0.000732044 -0.000716372 -0.000712561 -0.000727661 -0.000709956 -0.000712835 -0.000722159 -0.00070655 -0.000714306 
0 1.39229e-05 -3.8343e-06 2.32392e-05 2.65437e-05 2.27643e-05 5.04329e-05 4.40174e-05 4.99456e-05 6.29379e-05 5.33325e-05 6.36242e-05 7.3543e-05 8.15294e-05 9.44572e-05 0.000103476 0.000110401 0.000106744 0.000113004 0.000123546 0.000126643 0.000140018 0.000153446 0.000150627 0.000152759 0.000176552 0.000184542 0.000187631 0.000210304 0.00020903 0.000195492 0.000221103 0.000249785 0.000238287 0.000241788 0.000259765 0.000275305 0.000296513 0.000295171 0.000306889 0.000327773 0.000343776 0.000346984 0.00035986 0.000385257 0.000382195 0.000406519 0.000421922 0.000433146 0.000450539 0.000472933 0.000494319 0.000500742 0.000541215 0.000553555 0.000577381 0.000602843 0.000636534 0.000659206 0.000686275 0.000741011 0.000773918 0.00083949 0.000915664 0.00104378 0.00118455 0.00141342 0.00172406 0.00214281 0.00269499 0.00342395 0.0043693 0.00552544 0.00697318 0.00871087 0.0107946 0.0131659 0.0158579 0.0187483 0.0217524 0.0246529 0.0273097 0.0294866 0.031011 0.0316805 0.031385 0.0300314 0.0276131 0.0242161 0.0200378 0.0153786 0.0105636 0.0059611 0.00188398 -0.00135829 -0.00358885 -0.00468699 -0.00472311 -0.0038356 -0.00233409 -0.000527553 0.0011794 0.00245817 0.00295871 0.00248733 0.000907188 -0.00172276 -0.00528142 -0.00949606 -0.0140819 -0.0186776 -0.0229555 -0.0265859 -0.0293359 -0.0310705 -0.031765 -0.0314768 -0.0302962 -0.0283995 -0.0259563 -0.0231957 -0.0202644 -0.0173822 -0.014654 -0.0122195 -0.0100579 -0.00823588 -0.00670391 -0.00547605 -0.00446213 -0.00367462 -0.00306798 -0.00261204 -0.00226386 -0.00200772 -0.00184399 -0.00170318 -0.00161272 -0.00153647 -0.00150059 -0.00143961 -0.00141016 -0.00138294 -0.00135399 -0.00132331 -0.00130182 -0.00129099 -0.00125163 -0.00124509 -0.00122405 -0.0012058 -0.00118244 -0.00117444 -0.00115533 -0.00112875 -0.00113019 -0.00110332 -0.00108635 -0.00107725 -0.00107111 -0.00105037 -0.00103361 -0.0010329 -0.00102364 -0.00102541 -0.000998519 -0.000979824 -0.00100006 -0.000994748 -0.000962367 -0.000953338 -0.000957552 -0.000941012 -0.000938045 -0.000941513 -0.000923898 -0.000912867 -0.000916724 -0.000916425 -0.000911714 -0.000909545 -0.000901052 -0.000890526 -0.000880943 -0.000882771 -0.000884033 -0.000873501 -0.000884849 -0.000876385 -0.000861996 -0.000879598 -0.000860882 -0.000859761 -0.000874726 -0.000849141 -0.000864413 -0.000864224 -0.000842614 -0.000868471 -0.000853815 
0 1.26909e-05 1.31772e-05 2.82515e-05 2.87967e-05 3.1748e-05 4.40174e-05 4.42469e-05 5.8607e-05 6.83081e-05 7.4458e-05 9.00615e-05 9.11515e-05 9.45731e-05 0.000102107 0.000105445 0.000115006 0.000131412 0.000141452 0.000146131 0.000161487 0.0001606 0.000167593 0.000189953 0.00018745 0.000201312 0.000209078 0.0002073 0.000228431 0.000239632 0.000255982 0.000267448 0.000270882 0.000281518 0.000305286 0.000320192 0.000311271 0.000335437 0.000349745 0.000354737 0.000377361 0.000387898 0.000401734 0.000420496 0.000446766 0.000451516 0.000475738 0.000504556 0.000510425 0.000536056 0.000560981 0.000581043 0.000592479 0.000630576 0.000651317 0.000666621 0.000704642 0.000737051 0.00076451 0.00079752 0.000861728 0.000907372 0.000978482 0.00108553 0.00123234 0.0014129 0.00168174 0.00206657 0.00256009 0.0032171 0.00408201 0.00519763 0.00655832 0.00824776 0.0102908 0.012707 0.0154557 0.0185382 0.021857 0.025261 0.0285472 0.0315324 0.0339945 0.0356915 0.0364219 0.0360487 0.0345058 0.0317698 0.0279539 0.0232769 0.0180798 0.0127024 0.00753887 0.00294712 -0.000720278 -0.00326759 -0.00459856 -0.00479168 -0.00399127 -0.00249737 -0.000663038 0.00106037 0.00229069 0.00267986 0.00202706 0.000189982 -0.00280395 -0.00682481 -0.0115665 -0.0166954 -0.0218234 -0.026606 -0.0306773 -0.0337766 -0.0357396 -0.0365529 -0.0362493 -0.0349371 -0.0327882 -0.0300383 -0.0269092 -0.0235895 -0.0202827 -0.0171606 -0.0143422 -0.0118413 -0.00970136 -0.00791619 -0.00647176 -0.00528156 -0.0043476 -0.00363128 -0.00309559 -0.00267302 -0.00237335 -0.00216995 -0.00201226 -0.00189105 -0.00181073 -0.00176143 -0.00169452 -0.0016551 -0.00162405 -0.00159262 -0.00154759 -0.00152916 -0.00150571 -0.00146596 -0.00144732 -0.0014274 -0.00140182 -0.00137169 -0.00136812 -0.00134053 -0.00131797 -0.00131224 -0.00129335 -0.00127589 -0.00126274 -0.00125411 -0.00122869 -0.00122879 -0.00121426 -0.00118337 -0.0011831 -0.00117632 -0.00116107 -0.00114203 -0.00113596 -0.00112756 -0.00112576 -0.00112276 -0.00110066 -0.00110294 -0.00109174 -0.00108138 -0.00108824 -0.00107035 -0.00105989 -0.00105562 -0.00104641 -0.00104411 -0.00104741 -0.00104404 -0.00103515 -0.00103611 -0.00102437 -0.0010192 -0.0010232 -0.00101173 -0.00101566 -0.001013 -0.00100571 -0.00101087 -0.00100083 -0.00100489 -0.00100741 -0.000998497 -0.00100648 -0.000998045 
0 3.65054e-06 1.90476e-05 2.2601e-05 3.05874e-05 4.75379e-05 4.99456e-05 5.8607e-05 7.02394e-05 7.06498e-05 8.26278e-05 9.41721e-05 9.93764e-05 0.00011149 0.000123601 0.00013122 0.000135432 0.000151103 0.000157398 0.000158107 0.000183648 0.000184756 0.000189272 0.000216533 0.000214678 0.00022862 0.000245272 0.000251298 0.000266196 0.000269742 0.000291625 0.000302021 0.000304679 0.000324648 0.000341189 0.000358869 0.000359763 0.000385628 0.000406695 0.000409931 0.000438289 0.000448256 0.0004669 0.000486054 0.000505616 0.00052155 0.00053881 0.000572906 0.000579081 0.000609823 0.000637909 0.000658413 0.00068416 0.000716478 0.000751399 0.000766517 0.000815434 0.000848728 0.000883826 0.000927575 0.000992042 0.00105617 0.00113241 0.00126847 0.00142957 0.0016558 0.00196634 0.0024208 0.00299509 0.00376159 0.0047676 0.0060495 0.00762644 0.00955939 0.0119089 0.0146471 0.0177701 0.0212233 0.0249409 0.0287057 0.0323425 0.035616 0.0383214 0.0401586 0.0409324 0.0404819 0.0387615 0.0357474 0.0315744 0.0264872 0.0208422 0.015001 0.0093632 0.00433678 0.000287508 -0.00256093 -0.00415262 -0.00455324 -0.00392828 -0.00254603 -0.000809266 0.000818801 0.00189878 0.002109 0.00122694 -0.000872971 -0.00420855 -0.00862862 -0.0138229 -0.0194044 -0.0249793 -0.030177 -0.0346221 -0.0380235 -0.0401974 -0.0411229 -0.0408155 -0.0393985 -0.0370382 -0.0340217 -0.0305605 -0.0268928 -0.0231961 -0.0197053 -0.0165102 -0.0136826 -0.0112273 -0.00918942 -0.00751586 -0.00615178 -0.00506504 -0.00423251 -0.00360483 -0.00310835 -0.00275828 -0.00250417 -0.00232566 -0.00217168 -0.00208298 -0.00200996 -0.00194343 -0.00188986 -0.00185369 -0.0018188 -0.00176825 -0.00175038 -0.00171604 -0.00168599 -0.00165517 -0.00163899 -0.00160908 -0.00157855 -0.00157021 -0.00153737 -0.00151933 -0.00149804 -0.00148193 -0.00145812 -0.00144205 -0.00143014 -0.00139944 -0.00140031 -0.00138282 -0.00136093 -0.00135188 -0.00134349 -0.00133616 -0.0013112 -0.0013078 -0.00129828 -0.00128552 -0.00127588 -0.00125871 -0.00126331 -0.00124377 -0.0012332 -0.00124094 -0.00121929 -0.00121663 -0.00121789 -0.00120506 -0.00119937 -0.00119511 -0.00118984 -0.00117762 -0.00117912 -0.00117739 -0.00116382 -0.00117143 -0.00116562 -0.00115415 -0.00116225 -0.00115407 -0.00115025 -0.00115611 -0.00114486 -0.00114422 -0.00114849 -0.00113977 -0.00114462 
0 1.5807e-05 9.76217e-06 3.05139e-05 4.13057e-05 3.85472e-05 6.29379e-05 6.83081e-05 7.06498e-05 9.31085e-05 9.31723e-05 9.86017e-05 0.000115132 0.000123997 0.000135545 0.00014718 0.000164799 0.000162297 0.000171171 0.000197473 0.000187222 0.000212796 0.000235441 0.000221441 0.000246916 0.000258115 0.00027096 0.000286536 0.000299323 0.000322094 0.000306145 0.000334722 0.000367522 0.000368779 0.000378866 0.000385324 0.000428387 0.000435407 0.000445396 0.000470051 0.000483346 0.00051669 0.000519797 0.000551248 0.000568055 0.000589532 0.00061846 0.000632554 0.000669093 0.000682566 0.000723351 0.000741607 0.000775295 0.000810399 0.000837491 0.000879078 0.000908677 0.000963375 0.000993007 0.00105754 0.00111742 0.00119913 0.00129964 0.00144521 0.0016472 0.00190385 0.00228692 0.00278899 0.003473 0.00434408 0.0055049 0.00695094 0.00875192 0.0109405 0.0135791 0.0166465 0.0201146 0.023939 0.0279939 0.0321027 0.036024 0.0395655 0.042441 0.0444031 0.0451808 0.0446703 0.0427695 0.0395315 0.0350575 0.0296589 0.0236531 0.0174535 0.011434 0.00605836 0.00167348 -0.00146736 -0.00334632 -0.00401066 -0.00364496 -0.00249111 -0.000980782 0.000425687 0.001257 0.00121409 5.74618e-05 -0.00231974 -0.00597172 -0.0107248 -0.0162889 -0.0222255 -0.0281606 -0.0336735 -0.0384257 -0.0420661 -0.0444413 -0.0454536 -0.0451686 -0.0436528 -0.041146 -0.03788 -0.0341485 -0.0301455 -0.0261213 -0.0222612 -0.0187214 -0.0155558 -0.012808 -0.0105025 -0.00859759 -0.00705585 -0.00581081 -0.00486448 -0.00412149 -0.00357191 -0.00314679 -0.00286063 -0.00263452 -0.00247494 -0.00235677 -0.00226967 -0.00220112 -0.00213325 -0.00209768 -0.00204153 -0.00201095 -0.00196412 -0.0019397 -0.00189965 -0.00186895 -0.00184508 -0.00180754 -0.00179164 -0.00175304 -0.00174064 -0.00170673 -0.001691 -0.00166801 -0.00163887 -0.00163166 -0.00160384 -0.00159734 -0.0015604 -0.00155271 -0.00155248 -0.00152685 -0.00150702 -0.00148153 -0.00150049 -0.00147938 -0.00144926 -0.00144606 -0.00143252 -0.00143194 -0.00140811 -0.00141232 -0.00140205 -0.00136994 -0.00138813 -0.00137566 -0.00136125 -0.00136517 -0.00135081 -0.0013411 -0.00133224 -0.00133699 -0.00132656 -0.00131821 -0.00132995 -0.00130707 -0.00130699 -0.001318 -0.00129254 -0.00130189 -0.0013053 -0.00128453 -0.00129958 -0.00129463 -0.0012807 -0.00129793 -0.00128698 
0 5.02386e-06 3.21634e-05 2.74676e-05 4.1996e-05 5.72326e-05 5.33325e-05 7.4458e-05 8.26278e-05 9.31723e-05 0.000111858 0.0001189 0.000135472 0.000137627 0.000145803 0.000158996 0.000162735 0.000189371 0.000203358 0.000211112 0.000228601 0.000234493 0.0002422 0.000259597 0.00028464 0.000285328 0.000294942 0.000319878 0.00031624 0.000342819 0.000378558 0.000382106 0.000385282 0.000406814 0.000438054 0.000452706 0.000463457 0.000472206 0.000500779 0.00052845 0.00053564 0.000559587 0.000586782 0.000610801 0.000630745 0.000663741 0.000687224 0.000711089 0.000747354 0.00077172 0.000801969 0.00083249 0.000871403 0.000897171 0.000937204 0.000978571 0.00101639 0.00106334 0.00111497 0.00118059 0.00124581 0.00134756 0.0014674 0.00163844 0.00186336 0.0021839 0.00261493 0.00319639 0.00397212 0.00497931 0.0062807 0.00790797 0.00993498 0.0123828 0.0153109 0.0186876 0.0225046 0.0266558 0.0310326 0.0354188 0.0396088 0.0433432 0.0463655 0.0483876 0.0491768 0.0485814 0.0465407 0.0431022 0.0384185 0.0327816 0.0265273 0.0200579 0.0137707 0.00812086 0.00345768 2.27703e-05 -0.00216457 -0.00315326 -0.00312677 -0.00232347 -0.00117033 -0.000117714 0.000368438 -5.63222e-06 -0.00147875 -0.00415708 -0.00809349 -0.0131228 -0.0189566 -0.0251646 -0.0313518 -0.0371035 -0.0420663 -0.04591 -0.0484377 -0.0495507 -0.0492716 -0.0477109 -0.0450745 -0.0416315 -0.0376427 -0.0333705 -0.0290322 -0.024853 -0.020963 -0.0174844 -0.0144401 -0.0118717 -0.0097284 -0.0079979 -0.00660432 -0.0055193 -0.00467584 -0.00404349 -0.0035694 -0.00321703 -0.00296563 -0.00277862 -0.00264526 -0.00253298 -0.00246104 -0.00239036 -0.00233461 -0.00228103 -0.00224214 -0.00219559 -0.00215187 -0.00212163 -0.00208149 -0.00204666 -0.00201326 -0.00198965 -0.00195133 -0.00192857 -0.00190565 -0.00187476 -0.00185519 -0.00183794 -0.00181262 -0.00178308 -0.00177802 -0.0017589 -0.00173219 -0.00170876 -0.00169201 -0.00168975 -0.00167232 -0.00163883 -0.00161959 -0.00163292 -0.00161656 -0.0015925 -0.00159377 -0.00157267 -0.00155986 -0.00156085 -0.00155394 -0.00153468 -0.00152101 -0.00151597 -0.00149959 -0.00150273 -0.00150096 -0.0014909 -0.00148919 -0.00147416 -0.00147331 -0.00146492 -0.00145817 -0.00146396 -0.00144678 -0.00145322 -0.00144946 -0.00143212 -0.00145 -0.0014363 -0.00143358 -0.00144918 -0.00142572 -0.0014354 
0 3.06631e-06 3.11916e-05 2.60591e-05 4.55024e-05 6.57732e-05 6.36242e-05 9.00615e-05 9.41721e-05 9.86017e-05 0.0001189 0.000120162 0.000140604 0.00015552 0.000167199 0.000190215 0.000193031 0.000204687 0.000216095 0.000222613 0.00024289 0.000260675 0.000274683 0.000286437 0.00030539 0.000315725 0.000333024 0.000363026 0.000365535 0.000380213 0.000398867 0.000405713 0.000435152 0.0004575 0.000464553 0.000485486 0.000517104 0.000533774 0.000556746 0.000584438 0.00059778 0.000626031 0.000656204 0.000671937 0.000694987 0.000732429 0.000752932 0.000777535 0.000819408 0.000847694 0.000876462 0.000918988 0.000962191 0.000989649 0.00103846 0.00108941 0.00112914 0.00117999 0.00124718 0.00131643 0.00138897 0.00150773 0.00165137 0.00184027 0.00210068 0.00247599 0.00296682 0.00362298 0.00450407 0.00564646 0.0070965 0.00891114 0.0111682 0.0138806 0.0170878 0.0207741 0.0249145 0.0293764 0.034028 0.0386631 0.0430663 0.0469558 0.0500663 0.052122 0.0528954 0.052224 0.0500593 0.0464758 0.0416518 0.0358694 0.0294613 0.0228274 0.0163748 0.0105358 0.00564223 0.00191809 -0.000603262 -0.00197215 -0.00236688 -0.00203219 -0.00136727 -0.00079713 -0.000754492 -0.0015345 -0.00337 -0.00636892 -0.0105664 -0.0158092 -0.0218236 -0.0282056 -0.0345528 -0.0404514 -0.0455503 -0.0495352 -0.0521894 -0.0533869 -0.0531321 -0.0515466 -0.0488342 -0.0452516 -0.0410618 -0.0365506 -0.031948 -0.0274694 -0.0232601 -0.0194703 -0.0161442 -0.013308 -0.0109266 -0.00899844 -0.00744941 -0.00622296 -0.0052653 -0.00454915 -0.00401069 -0.00359709 -0.00330254 -0.00309162 -0.002932 -0.0027975 -0.002714 -0.00263925 -0.00256777 -0.00250948 -0.00246999 -0.00241875 -0.00236793 -0.00233985 -0.00230004 -0.00225706 -0.00222663 -0.00220143 -0.00215793 -0.00213034 -0.00210961 -0.00207123 -0.00204171 -0.00202397 -0.00199506 -0.00196506 -0.00195026 -0.00192263 -0.0019029 -0.00189521 -0.00187012 -0.00184457 -0.00184044 -0.00182835 -0.00180434 -0.0017965 -0.00177166 -0.0017534 -0.00175352 -0.00173498 -0.00172 -0.00170914 -0.00169668 -0.0016866 -0.00168618 -0.00168095 -0.00166544 -0.0016619 -0.00164416 -0.00163533 -0.00163518 -0.00162024 -0.0016256 -0.0016152 -0.00160697 -0.00161248 -0.00159209 -0.00160092 -0.00160077 -0.00158322 -0.00159824 -0.00158073 -0.00157388 -0.00158768 -0.00156807 -0.00158211 
0 1.47232e-05 2.43893e-05 3.76311e-05 5.30488e-05 6.06116e-05 7.3543e-05 9.11515e-05 9.93764e-05 0.000115132 0.000135472 0.000140604 0.000152178 0.000172238 0.000175004 0.000190689 0.000217661 0.000217895 0.000239656 0.000265833 0.000260217 0.000286421 0.000306016 0.00030761 0.000333119 0.000345418 0.000364575 0.000379087 0.000395558 0.000429749 0.000432252 0.000451973 0.000485471 0.000503341 0.000513206 0.000530495 0.000572298 0.000578939 0.000601211 0.000634526 0.000647788 0.000686367 0.000709495 0.0007372 0.000765126 0.000804438 0.000833273 0.000855171 0.000909217 0.000930679 0.00096756 0.00101052 0.00105291 0.00108639 0.0011316 0.00119511 0.00122715 0.00129346 0.00136328 0.00144432 0.00152833 0.00166517 0.00183921 0.00204806 0.00236234 0.00278526 0.00335553 0.00408729 0.0050918 0.00636649 0.00798051 0.00998872 0.0124789 0.0154562 0.018934 0.0229255 0.0273572 0.0321081 0.0369863 0.0418395 0.0463932 0.0503977 0.0535365 0.0555999 0.0563243 0.0555864 0.0533142 0.0496446 0.044744 0.0389063 0.032434 0.0257411 0.0192186 0.0132716 0.00819067 0.00418495 0.00130364 -0.000498848 -0.00139694 -0.00164159 -0.00158955 -0.00162216 -0.00212055 -0.0033786 -0.00562235 -0.00895741 -0.0133958 -0.0187917 -0.0249037 -0.0313612 -0.0377787 -0.0437329 -0.0488972 -0.0529556 -0.0557058 -0.0569661 -0.0567553 -0.05516 -0.0524207 -0.0487313 -0.0443985 -0.0396749 -0.0348529 -0.0300924 -0.0255969 -0.021498 -0.0178994 -0.0147921 -0.0121736 -0.0100402 -0.00832359 -0.00695849 -0.00587509 -0.00507739 -0.00445926 -0.00399831 -0.00364813 -0.00341895 -0.0032285 -0.00308051 -0.00298197 -0.00289942 -0.00282317 -0.00274992 -0.00271452 -0.00264819 -0.0025993 -0.00255742 -0.00251787 -0.00246731 -0.00242815 -0.00240521 -0.00235049 -0.00232671 -0.00229618 -0.00226467 -0.00223233 -0.00220873 -0.00218668 -0.00215173 -0.00214408 -0.00210495 -0.00208255 -0.00207753 -0.00204621 -0.00201874 -0.0019994 -0.00199796 -0.00196763 -0.0019457 -0.00194272 -0.00192235 -0.00191381 -0.00189281 -0.00188768 -0.00187929 -0.00185036 -0.00185623 -0.00184079 -0.00181641 -0.00182115 -0.00180821 -0.00179464 -0.00179526 -0.00178907 -0.00177581 -0.00177172 -0.0017691 -0.00175511 -0.00175634 -0.00175444 -0.0017373 -0.00174125 -0.00173837 -0.00172629 -0.00173717 -0.00173393 -0.00172442 -0.00173372 -0.00172364 
0 1.12729e-05 3.08658e-05 4.09975e-05 5.34954e-05 7.17263e-05 8.15294e-05 9.45731e-05 0.00011149 0.000123997 0.000137627 0.00015552 0.000172238 0.000181818 0.000199613 0.00021457 0.000217551 0.000246733 0.000265608 0.000268019 0.000301106 0.000309948 0.000314799 0.000347218 0.000364251 0.000381092 0.000393917 0.000418749 0.000432689 0.00044058 0.000490684 0.000503669 0.000508172 0.00053238 0.000563952 0.000603168 0.000602262 0.00062971 0.000662776 0.000691332 0.000717712 0.000733873 0.000780938 0.000797691 0.000836904 0.000870181 0.000898105 0.000941207 0.000972778 0.00102128 0.00104571 0.00110541 0.00114273 0.00118545 0.00124261 0.00129357 0.00135375 0.00140625 0.00150272 0.0015741 0.00168944 0.0018336 0.0020329 0.00227965 0.00263027 0.00312396 0.00374935 0.00459748 0.00569813 0.00713588 0.00890093 0.0111306 0.0138419 0.0170881 0.0208365 0.025115 0.0298259 0.0348179 0.0399136 0.0449189 0.0496022 0.0536435 0.0568011 0.0588081 0.059494 0.0586623 0.0563432 0.052614 0.0477311 0.0418947 0.0354729 0.0287985 0.022316 0.0163149 0.0111043 0.00681212 0.00356199 0.0012616 -0.000207071 -0.00114293 -0.00180417 -0.00255903 -0.0036803 -0.00549848 -0.00818128 -0.0118787 -0.0165242 -0.022038 -0.0281545 -0.0346166 -0.0409946 -0.046946 -0.0520816 -0.0561803 -0.0589585 -0.0602976 -0.0601135 -0.0585671 -0.0558055 -0.0520855 -0.0476299 -0.0427654 -0.0377321 -0.0327442 -0.027974 -0.0235957 -0.0197216 -0.0163476 -0.0135006 -0.011143 -0.00926554 -0.00773333 -0.00654851 -0.00562714 -0.00495013 -0.00441039 -0.004025 -0.00374658 -0.00353315 -0.00336941 -0.00324248 -0.00316189 -0.00306055 -0.00300129 -0.00293409 -0.0028852 -0.00281988 -0.00277793 -0.0027358 -0.00267861 -0.00264888 -0.00260017 -0.00257114 -0.00252315 -0.00249906 -0.00246008 -0.00242606 -0.00240827 -0.00236269 -0.00234204 -0.00231251 -0.00230084 -0.00226397 -0.00222748 -0.00222354 -0.00220547 -0.00218723 -0.00214091 -0.00213477 -0.00213694 -0.00210336 -0.00208952 -0.00207198 -0.00206004 -0.00203875 -0.00203136 -0.00203164 -0.00199651 -0.0019916 -0.0019876 -0.00196468 -0.00196589 -0.00195979 -0.00194529 -0.00193499 -0.00193053 -0.00192337 -0.00190974 -0.00191233 -0.00190462 -0.00189254 -0.00190002 -0.00188803 -0.00188074 -0.00188955 -0.00187443 -0.00187403 -0.00188132 -0.00186589 -0.00187286 
0 1.80698e-05 2.47477e-05 4.78927e-05 5.7998e-05 7.2228e-05 9.44572e-05 0.000102107 0.000123601 0.000135545 0.000145803 0.000167199 0.000175004 0.000199613 0.000218028 0.000230799 0.000258021 0.000262672 0.000275038 0.000295023 0.000309932 0.000333539 0.000356637 0.00037764 0.000382451 0.000409279 0.000434792 0.000445735 0.00048489 0.000494203 0.000503656 0.00052952 0.000559221 0.00059582 0.000602606 0.000626329 0.000657827 0.000696897 0.00072116 0.000736038 0.00078117 0.000804512 0.000840122 0.000868821 0.000902863 0.000940081 0.00097207 0.00101935 0.00104863 0.00110064 0.00113908 0.00118973 0.00123735 0.00128712 0.00134811 0.00139948 0.00147141 0.0015347 0.00162902 0.00171982 0.00185031 0.00201466 0.00223452 0.00252759 0.00292572 0.00347726 0.00418605 0.00513831 0.0063636 0.00794413 0.00989653 0.0123337 0.0152824 0.0187807 0.0228065 0.0273515 0.0323121 0.0375183 0.0427903 0.0479179 0.052664 0.0567143 0.0598325 0.0617731 0.0623765 0.0614794 0.0591225 0.0554098 0.0505832 0.0448462 0.0385394 0.0319954 0.0256103 0.0196356 0.0143134 0.00976614 0.00610993 0.00328049 0.00115002 -0.000546959 -0.00203239 -0.00358516 -0.00543211 -0.00785941 -0.0110387 -0.0150885 -0.0199419 -0.0255118 -0.0315891 -0.0379536 -0.0442298 -0.0500804 -0.0551463 -0.0592044 -0.061992 -0.0633693 -0.0632469 -0.061751 -0.0590201 -0.055289 -0.0507766 -0.0457979 -0.0405972 -0.0354023 -0.0303917 -0.0257521 -0.0216017 -0.0179724 -0.0148858 -0.0123167 -0.0102445 -0.00856304 -0.00724892 -0.00621971 -0.00545119 -0.00485039 -0.00441408 -0.00408647 -0.00384654 -0.00366227 -0.00351922 -0.00341568 -0.00331611 -0.00324645 -0.00316862 -0.00311609 -0.00305143 -0.00300232 -0.00294987 -0.00290285 -0.00286122 -0.00280939 -0.00277891 -0.00273021 -0.0026989 -0.00265744 -0.00262476 -0.0025882 -0.00255684 -0.00253637 -0.00248732 -0.00246729 -0.002447 -0.00242755 -0.00239336 -0.00236176 -0.00235508 -0.00233808 -0.00232267 -0.00228121 -0.00226705 -0.0022616 -0.00223225 -0.00222766 -0.00220667 -0.00218273 -0.00217072 -0.00216539 -0.00215748 -0.00214188 -0.00213883 -0.00211519 -0.00210334 -0.00210214 -0.00208306 -0.00208449 -0.00207495 -0.00206439 -0.00206266 -0.00204739 -0.00204982 -0.0020444 -0.00203747 -0.00204199 -0.00202762 -0.00202642 -0.00202393 -0.00201328 -0.00202266 -0.00201846 
0 2.13314e-05 2.2104e-05 5.36238e-05 6.34617e-05 7.57433e-05 0.000103476 0.000105445 0.00013122 0.00014718 0.000158996 0.000190215 0.000190689 0.00021457 0.000230799 0.000231886 0.000273113 0.000280303 0.000301013 0.000338873 0.000337796 0.000359302 0.000378966 0.000395684 0.000416223 0.000441211 0.000468597 0.000469337 0.000507799 0.000534771 0.000550605 0.000593657 0.000600163 0.000629491 0.000659606 0.000679846 0.000714056 0.000736227 0.00076685 0.000791206 0.000837859 0.000866025 0.000891751 0.000945773 0.000973783 0.00101467 0.00105711 0.00110191 0.00113837 0.00118524 0.00124067 0.00127549 0.00133474 0.0013898 0.00144686 0.00150541 0.00158143 0.00166246 0.00174707 0.00186892 0.00201153 0.00220089 0.00244688 0.00279208 0.00324614 0.00385491 0.00466527 0.00572224 0.00708622 0.00880885 0.0109681 0.0136109 0.0168011 0.0205448 0.0248443 0.0296355 0.0348146 0.0402063 0.0456171 0.0508283 0.055582 0.0596059 0.0626428 0.0644956 0.0649898 0.0640436 0.0616732 0.0580337 0.0533108 0.0477505 0.04163 0.0353029 0.0290714 0.0231782 0.0177702 0.0129889 0.00890511 0.00550851 0.00264511 0.000122015 -0.00226674 -0.00468587 -0.00733863 -0.010429 -0.0141454 -0.0185457 -0.0235973 -0.0291834 -0.0351788 -0.0413694 -0.0474759 -0.0531484 -0.0580949 -0.062052 -0.0648161 -0.0662035 -0.0661591 -0.0647274 -0.0620628 -0.0583477 -0.0538291 -0.0487713 -0.04344 -0.0380621 -0.0328417 -0.0279603 -0.0235397 -0.0196591 -0.0163302 -0.0135519 -0.0112676 -0.00943685 -0.00798079 -0.00684674 -0.00597008 -0.00531214 -0.0048182 -0.00444243 -0.00417079 -0.00396621 -0.00381139 -0.00367754 -0.00358618 -0.00349936 -0.00341878 -0.00335118 -0.00329278 -0.00323172 -0.00316622 -0.00312734 -0.00306849 -0.00301866 -0.00297657 -0.00293551 -0.00288866 -0.00285022 -0.00282695 -0.00277365 -0.00274973 -0.00272364 -0.0026878 -0.00265885 -0.00262823 -0.00260589 -0.00257126 -0.00255814 -0.0025205 -0.00249292 -0.00248514 -0.00244755 -0.00244535 -0.00242504 -0.00239384 -0.00238554 -0.00237377 -0.00236178 -0.00233696 -0.00233435 -0.00230736 -0.00228271 -0.00229429 -0.0022652 -0.00226281 -0.00226249 -0.00223665 -0.00224025 -0.00222211 -0.00221905 -0.00221932 -0.00219975 -0.00220756 -0.00218715 -0.00217824 -0.00218846 -0.0021668 -0.00218203 -0.0021843 -0.00216526 -0.00218267 -0.00216362 
0 2.24095e-05 3.02636e-05 5.73851e-05 6.896e-05 7.97853e-05 0.000110401 0.000115006 0.000135432 0.000164799 0.000162735 0.000193031 0.000217661 0.000217551 0.000258021 0.000273113 0.000273732 0.000311156 0.000320801 0.000334659 0.000368233 0.000384326 0.000408068 0.000426837 0.000454742 0.00048009 0.000487343 0.000527419 0.000548694 0.00055351 0.00059418 0.000627704 0.000641624 0.000659902 0.000710088 0.00074126 0.000756077 0.000799998 0.000825062 0.000864232 0.000902271 0.000924584 0.000965563 0.00100704 0.00104688 0.00107513 0.00113203 0.0011761 0.00121084 0.00127495 0.00132354 0.00137466 0.0014301 0.001504 0.00155704 0.0016236 0.00171496 0.00179402 0.00189469 0.00202284 0.0021966 0.0023926 0.00268061 0.00307004 0.00358052 0.00425807 0.00516333 0.00634595 0.00783402 0.00973089 0.0120822 0.0149566 0.0183696 0.0223754 0.0269265 0.0319541 0.0373209 0.0428713 0.0483911 0.0536386 0.058369 0.062318 0.0652605 0.0669838 0.0673779 0.0663738 0.0640439 0.0604987 0.0559531 0.0506098 0.044768 0.0387002 0.032692 0.0268948 0.0214487 0.0164274 0.011925 0.00790492 0.00427537 0.000854548 -0.00246999 -0.00582855 -0.00932693 -0.0131495 -0.0174118 -0.0221844 -0.0274006 -0.0330003 -0.0388575 -0.0448427 -0.0506944 -0.0561502 -0.060904 -0.0647381 -0.0674207 -0.0688211 -0.0688376 -0.0675098 -0.0649208 -0.0612706 -0.0567725 -0.0516878 -0.0462556 -0.0407286 -0.0353278 -0.0302234 -0.0255566 -0.0214162 -0.0178633 -0.0148548 -0.012375 -0.0103623 -0.00877872 -0.00751364 -0.00653781 -0.00579994 -0.00524814 -0.00481999 -0.00450133 -0.00428187 -0.00409396 -0.00394966 -0.00383593 -0.00375308 -0.00365379 -0.00358216 -0.00352478 -0.0034535 -0.00339252 -0.00334154 -0.00329589 -0.00322882 -0.00319503 -0.00315076 -0.00309545 -0.0030595 -0.00302237 -0.00298215 -0.0029342 -0.00290972 -0.00286951 -0.00283972 -0.00281419 -0.00276464 -0.00275246 -0.00273769 -0.00269965 -0.00266574 -0.00265936 -0.00264482 -0.00260062 -0.00259163 -0.0025755 -0.0025453 -0.00253221 -0.00251237 -0.00250148 -0.00247866 -0.00246626 -0.00246832 -0.00243831 -0.00243275 -0.00243017 -0.00239838 -0.0024002 -0.00239632 -0.00237198 -0.00237167 -0.00236389 -0.00234873 -0.00235016 -0.00234888 -0.00234041 -0.002338 -0.0023346 -0.00232099 -0.0023171 -0.00231858 -0.00231116 -0.0023179 
0 1.51421e-05 3.92273e-05 5.18328e-05 7.20454e-05 9.5366e-05 0.000106744 0.000131412 0.000151103 0.000162297 0.000189371 0.000204687 0.000217895 0.000246733 0.000262672 0.000280303 0.000311156 0.000328782 0.000342611 0.000369644 0.000388043 0.000405001 0.000440183 0.000462078 0.00047411 0.00050295 0.000531334 0.000551685 0.000583491 0.000619034 0.000631846 0.000650826 0.000691774 0.000733381 0.000755959 0.000766218 0.000811985 0.0008583 0.000882362 0.000913364 0.000954713 0.000997717 0.00103135 0.00108072 0.0011169 0.00115943 0.00121622 0.00125634 0.00130537 0.00135974 0.00142123 0.00146465 0.00153301 0.0016039 0.00166096 0.00174017 0.00182964 0.00192837 0.00202864 0.00218948 0.00237155 0.0026051 0.0029277 0.00337233 0.00394604 0.00469859 0.00571814 0.00701302 0.00865805 0.0107152 0.0132875 0.0163699 0.02003 0.0242726 0.0290742 0.0343029 0.039838 0.0455126 0.0510999 0.0563494 0.0610078 0.0648623 0.0676639 0.069257 0.0695245 0.0684984 0.066211 0.0628203 0.0584709 0.0534239 0.0478917 0.0421552 0.0363777 0.0307242 0.0252358 0.0200096 0.015059 0.0104116 0.00595781 0.00162857 -0.00268313 -0.00699228 -0.0113981 -0.0159668 -0.0208176 -0.0259408 -0.0313354 -0.0369109 -0.0426327 -0.0483517 -0.0539252 -0.0590877 -0.0636292 -0.0672776 -0.0698734 -0.071243 -0.0713398 -0.0701063 -0.0676352 -0.0640601 -0.0596271 -0.0545394 -0.0490476 -0.0433976 -0.0378359 -0.0325348 -0.0276256 -0.0232458 -0.0194449 -0.0162255 -0.0135222 -0.0113429 -0.00959578 -0.0082179 -0.00712219 -0.00630866 -0.00568782 -0.00520923 -0.00485156 -0.00459694 -0.00439958 -0.00422585 -0.00411241 -0.00400799 -0.00391476 -0.00382574 -0.0037664 -0.00369163 -0.00362 -0.00356971 -0.00350901 -0.00345113 -0.00339653 -0.00335734 -0.00329947 -0.00325712 -0.00321698 -0.00316961 -0.00313872 -0.00310159 -0.00305873 -0.0030188 -0.00300588 -0.00297509 -0.00292491 -0.00289664 -0.00288221 -0.00286556 -0.00282355 -0.00279101 -0.00278046 -0.00276042 -0.0027349 -0.00271954 -0.00270223 -0.00267211 -0.00266022 -0.00265478 -0.00263152 -0.00261654 -0.00260618 -0.00258523 -0.00257304 -0.00256815 -0.00255144 -0.00254208 -0.00253908 -0.00252363 -0.00251696 -0.00251283 -0.00250016 -0.00249568 -0.00249052 -0.00248262 -0.00248023 -0.00247714 -0.00247353 -0.00247137 -0.00246898 -0.00246639 
