0 0 0 0 0 0 0 0 0 0 0 0 0 0 0 0 0 0 0 0 0 0 0 0 0 0 0 0 0 0 0 0 0 0 0 0 0 0 0 0 0 0 0 0 0 0 0 0 0 0 0 0 0 0 0 0 0 0 0 0 0 0 0 0 0 0 0 0 0 0 0 0 0 0 0 0 0 0 0 0 0 0 0 0 0 0 0 0 0 0 0 0 0 0 0 0 0 0 0 0 0 0 0 0 0 0 0 0 0 0 0 0 0 0 0 0 0 0 0 0 0 0 0 0 0 0 0 0 0 0 0 0 0 0 0 0 0 0 0 0 0 0 0 0 0 0 0 0 0 0 0 0 0 0 0 0 0 0 0 0 0 0 0 0 0 0 0 0 0 0 0 0 0 0 0 0 0 0 0 0 0 0 0 0 0 0 0 0 0 0 0 0 0 0 0 0 0 0 0 0 
0 -2.849e-06 5.76204e-06 -2.33907e-07 1.06294e-06 5.71101e-06 -9.63709e-07 3.58294e-06 5.91012e-06 1.06056e-06 6.2539e-06 5.83538e-06 9.54226e-07 6.73055e-06 6.32254e-06 4.74733e-06 1.28369e-05 1.1169e-05 7.82021e-06 1.14111e-05 6.15587e-06 2.68347e-06 1.03575e-05 1.0019e-05 1.08902e-05 1.78386e-05 1.34623e-05 1.1523e-05 1.27635e-05 1.76419e-05 1.60509e-05 1.5719e-05 2.51915e-05 7.26898e-06 1.09029e-05 2.38467e-05 1.51847e-05 2.31599e-05 2.93465e-05 2.96241e-05 2.72001e-05 5.73791e-05 8.09274e-05 9.69914e-05 0.000139325 0.000193777 0.000291255 0.000389176 0.000522586 0.000700406 0.000925632 0.00118785 0.00149644 0.00187454 0.00227305 0.00272533 0.00317508 0.00361004 0.00398123 0.00427136 0.00442563 0.00442228 0.0042649 0.00390384 0.00337094 0.00265961 0.00183029 0.000894674 -3.0862e-05 -0.000921228 -0.00171194 -0.00237342 -0.00286074 -0.00317587 -0.00331379 -0.00327083 -0.00311279 -0.00286741 -0.00258004 -0.00224071 -0.00192321 -0.00161219 -0.0013539 -0.00111983 -0.000948069 -0.000780499 -0.000655935 -0.000553057 -0.000495509 -0.00041967 -0.0003598 -0.000309284 -0.000289374 -0.000246648 -0.00020744 -0.00017228 -0.000160839 -0.000129595 -9.71333e-05 -6.6042e-05 -5.60622e-05 -2.80337e-05 3.96701e-06 3.72232e-05 4.82752e-05 7.88231e-05 0.000116136 0.000159408 0.000177606 0.00022048 0.000274516 0.00034611 0.000396481 0.000484619 0.00059369 0.000745473 0.000898824 0.00111051 0.00134681 0.00163861 0.00194182 0.00227877 0.00257478 0.00284166 0.00303388 0.00313346 0.0030635 0.00282602 0.00241502 0.00183072 0.00110247 0.000263839 -0.000630175 -0.00155585 -0.00240115 -0.00314574 -0.00372511 -0.00414436 -0.00435846 -0.00442068 -0.0043183 -0.00407771 -0.00373964 -0.00333281 -0.00289677 -0.00245088 -0.00205204 -0.00166548 -0.00134682 -0.00107499 -0.000847341 -0.000651719 -0.000504303 -0.000401394 -0.000308218 -0.000244996 -0.000182836 -0.000167034 -0.000154229 -0.000127818 -0.000115862 -0.000116966 -0.000115797 -0.000105205 -0.000121457 -0.000111481 -0.000100866 -0.000109138 -0.000105096 -0.00010666 -0.000105177 -0.000106728 -9.99282e-05 -9.61454e-05 -0.000103604 -0.000100747 -0.00010296 -0.000107834 -0.000103398 -9.9292e-05 -0.000102293 -9.9245e-05 -9.63321e-05 -0.000103808 -9.88544e-05 -9.58878e-05 -0.000102538 -9.38617e-05 -9.57535e-05 -0.000103483 -9.43282e-05 -0.000102287 -0.000103472 -9.22175e-05 -0.00010239 -9.42414e-05 -9.05491e-05 -0.000103035 -9.19238e-05 -9.8134e-05 
0 5.76204e-06 -6.82737e-06 7.19309e-06 2.44524e-06 9.13187e-08 1.24799e-05 1.75822e-06 8.66281e-06 9.3645e-06 5.81366e-06 1.39993e-05 9.39773e-06 1.80066e-05 1.03956e-05 1.23379e-05 1.65557e-05 -6.16069e-07 2.44139e-05 1.4813e-05 1.56044e-05 4.2089e-05 1.21783e-05 2.61843e-05 2.69753e-05 9.43175e-06 2.79503e-05 2.80849e-05 2.76824e-05 2.30207e-05 3.37674e-05 2.22763e-05 2.57628e-05 5.041e-05 3.55765e-05 4.53839e-05 3.85443e-05 4.44181e-05 5.16188e-05 5.74365e-05 9.35125e-05 9.66592e-05 0.000124332 0.000192453 0.000298474 0.00039746 0.000548691 0.000784251 0.00105673 0.00141917 0.00184985 0.00238162 0.0030137 0.00375214 0.0045621 0.0054413 0.00635515 0.00720062 0.00795027 0.00851213 0.0088208 0.00881447 0.00848807 0.00778038 0.0067036 0.00530716 0.00363787 0.00180256 -5.68e-05 -0.00181187 -0.00339887 -0.00470535 -0.005686 -0.00631378 -0.00659071 -0.00651944 -0.00620364 -0.00572989 -0.00514485 -0.00449013 -0.00384028 -0.00323944 -0.00270297 -0.00225513 -0.00188711 -0.00157209 -0.0013037 -0.0011153 -0.000976512 -0.000842794 -0.00070887 -0.000622872 -0.00056377 -0.000492891 -0.000404243 -0.000346559 -0.000308021 -0.000257146 -0.000183951 -0.000133124 -9.89892e-05 -5.32796e-05 1.88681e-05 7.34002e-05 0.000110671 0.000160775 0.000245257 0.000317285 0.000371971 0.000444581 0.00056622 0.000691532 0.00081466 0.000974921 0.0012117 0.00149495 0.0018255 0.00222856 0.00272116 0.00328274 0.00390533 0.0045529 0.00515611 0.0056695 0.00605591 0.00623425 0.00609383 0.00561414 0.00478675 0.00362672 0.00216522 0.00050756 -0.00128955 -0.00310781 -0.004809 -0.00627019 -0.00744102 -0.00825815 -0.00870017 -0.00881556 -0.00861239 -0.00813858 -0.00745652 -0.00666131 -0.0057746 -0.00490307 -0.0040862 -0.00334188 -0.00269178 -0.00214022 -0.00168615 -0.00131306 -0.00103803 -0.000783229 -0.00060666 -0.000501133 -0.000414351 -0.000332663 -0.000280121 -0.00027162 -0.000245479 -0.000241249 -0.000222294 -0.000219637 -0.000214319 -0.000200658 -0.000226354 -0.000213254 -0.000207833 -0.000210709 -0.000210342 -0.000203872 -0.000211073 -0.000225053 -0.000195913 -0.000213193 -0.000204486 -0.000184866 -0.000211765 -0.000194518 -0.000201297 -0.000207126 -0.000195878 -0.000202165 -0.000195159 -0.000202433 -0.00019709 -0.000199875 -0.000204207 -0.000188582 -0.000200578 -0.000190664 -0.000186716 -0.000202888 -0.000188573 -0.000200137 -0.000203599 -0.000187921 -0.000203489 -0.000192794 
0 -2.33907e-07 7.19309e-06 3.24046e-06 4.80797e-06 9.64092e-06 5.02478e-06 8.81145e-06 1.33647e-05 9.29697e-06 1.45592e-05 1.66271e-05 1.05707e-05 1.87882e-05 1.92104e-05 1.81926e-05 3.00649e-05 2.65969e-05 2.61247e-05 2.9067e-05 2.21193e-05 2.28441e-05 2.81659e-05 3.21335e-05 3.57257e-05 4.13632e-05 4.09761e-05 3.78475e-05 3.96749e-05 4.7313e-05 4.72279e-05 4.68723e-05 5.86314e-05 4.06864e-05 4.29411e-05 6.27428e-05 5.5028e-05 6.8284e-05 8.33074e-05 9.03644e-05 0.000106183 0.000164172 0.000227589 0.000301923 0.000430292 0.000601581 0.000865398 0.00118258 0.00159151 0.00212598 0.00279123 0.00358254 0.00451974 0.0056266 0.0068328 0.00815599 0.0094945 0.0107683 0.0118694 0.0127089 0.0131607 0.0131537 0.0126626 0.0116026 0.0100129 0.00792435 0.00545937 0.00272753 -2.13081e-05 -0.00264876 -0.00499967 -0.00695862 -0.00842434 -0.00937488 -0.00979969 -0.00971793 -0.00927381 -0.00857362 -0.00771851 -0.00674635 -0.00579404 -0.00488663 -0.00409778 -0.0034123 -0.00286626 -0.00237939 -0.00199209 -0.00169131 -0.00148419 -0.00127134 -0.00108765 -0.000944953 -0.00085702 -0.000740974 -0.000624204 -0.000527978 -0.000470808 -0.000385729 -0.00029051 -0.000206857 -0.000156302 -7.8613e-05 1.51967e-05 0.000103494 0.000158564 0.000244733 0.000355717 0.000470657 0.000551435 0.000675025 0.000840906 0.00103827 0.00122109 0.00148051 0.00182121 0.00225948 0.00274969 0.00337016 0.00409481 0.00494717 0.00586183 0.00682775 0.00771111 0.00847727 0.00902974 0.0092759 0.00905319 0.008328 0.00708913 0.0053507 0.00318559 0.000704806 -0.00195386 -0.00466071 -0.00717136 -0.00935822 -0.0110861 -0.0123124 -0.0129739 -0.0131504 -0.0128538 -0.0121529 -0.0111539 -0.0099578 -0.00866202 -0.007356 -0.00614654 -0.00502008 -0.00405556 -0.00323692 -0.00255104 -0.00197906 -0.00153937 -0.00120442 -0.000933554 -0.000741181 -0.000584036 -0.000504061 -0.000449321 -0.000392939 -0.000359233 -0.00035229 -0.000341873 -0.000327501 -0.000343943 -0.000327525 -0.000315925 -0.00032296 -0.000316876 -0.00031772 -0.000316624 -0.000314368 -0.000305803 -0.000302865 -0.000306137 -0.000306811 -0.000308142 -0.000311178 -0.000308899 -0.000300269 -0.000304152 -0.000299987 -0.000295576 -0.000304467 -0.000297003 -0.00029456 -0.000299716 -0.000290117 -0.000292782 -0.000299479 -0.00029175 -0.000299336 -0.000300116 -0.000288797 -0.00029725 -0.000289173 -0.00028505 -0.000295349 -0.000284015 -0.000293633 
0 1.06294e-06 2.44524e-06 4.80797e-06 6.90166e-06 9.33765e-06 1.10913e-05 1.24858e-05 1.53698e-05 1.55937e-05 1.822e-05 2.12227e-05 2.09315e-05 2.5749e-05 2.52495e-05 2.56895e-05 2.98369e-05 2.74296e-05 3.36221e-05 3.65346e-05 3.78022e-05 4.46631e-05 4.21235e-05 4.43648e-05 4.5976e-05 4.49542e-05 5.01353e-05 5.28102e-05 5.41549e-05 5.72818e-05 5.94976e-05 5.90121e-05 6.72248e-05 7.03927e-05 7.25558e-05 8.15514e-05 8.04215e-05 9.06311e-05 0.00010654 0.000125606 0.000160464 0.000212435 0.000287938 0.000407788 0.000587211 0.000820909 0.00115153 0.00158971 0.00214971 0.00286375 0.00374267 0.00480174 0.00605808 0.00751358 0.0091225 0.0108569 0.0126212 0.0142899 0.0157369 0.0168249 0.0174133 0.0174021 0.0167332 0.0153386 0.0132368 0.0104954 0.00724645 0.00367772 5.41882e-05 -0.00340361 -0.00650843 -0.00909497 -0.0110495 -0.0123222 -0.0129047 -0.0128429 -0.0122889 -0.0113913 -0.010269 -0.00901423 -0.00775456 -0.00656526 -0.00550794 -0.00460237 -0.00385118 -0.00321002 -0.00268564 -0.00228472 -0.00198052 -0.00170461 -0.00145976 -0.0012729 -0.00113304 -0.000985601 -0.000833719 -0.000710778 -0.00061636 -0.00050806 -0.000385432 -0.000280155 -0.000196281 -9.60667e-05 2.47636e-05 0.000134742 0.000225735 0.000338589 0.000482955 0.000626192 0.000754966 0.000919611 0.00114081 0.00139313 0.00166256 0.00201067 0.00247324 0.00304821 0.00372453 0.00454557 0.00551956 0.00663834 0.00785266 0.00910068 0.0102625 0.0112499 0.0119524 0.0122284 0.0119109 0.0109308 0.00927343 0.00696982 0.0041077 0.000836602 -0.00267321 -0.0062136 -0.00952207 -0.0123928 -0.0146763 -0.0162851 -0.0171783 -0.0174087 -0.0170233 -0.0161106 -0.0147988 -0.0132274 -0.0115186 -0.0098043 -0.00818968 -0.0067129 -0.00542329 -0.00432682 -0.00341325 -0.00266544 -0.00207663 -0.00160993 -0.00125481 -0.00100327 -0.00081238 -0.000679345 -0.000591172 -0.000532802 -0.000493129 -0.000473151 -0.00045422 -0.000440058 -0.000438223 -0.000429142 -0.000429222 -0.000428301 -0.000422323 -0.000421105 -0.000419473 -0.000417123 -0.00041747 -0.000417807 -0.000411993 -0.000412011 -0.000407331 -0.00040329 -0.000406226 -0.000401252 -0.00040332 -0.000402711 -0.000398347 -0.000400546 -0.000397113 -0.0003968 -0.00039803 -0.000395499 -0.000395443 -0.000394106 -0.000391242 -0.000390686 -0.000390202 -0.000389143 -0.000390784 -0.000390569 -0.000391708 -0.00039379 -0.000389733 -0.000388984 
0 5.71101e-06 9.13187e-08 9.64092e-06 9.33765e-06 7.61452e-06 1.70719e-05 1.45282e-05 1.68317e-05 2.24238e-05 2.10601e-05 2.44433e-05 2.90996e-05 3.03093e-05 3.09958e-05 3.68939e-05 3.5756e-05 3.48431e-05 4.53181e-05 4.14545e-05 4.58808e-05 5.72256e-05 4.86675e-05 5.57848e-05 6.04018e-05 5.47677e-05 6.36455e-05 6.81164e-05 6.999e-05 6.91256e-05 7.70439e-05 7.77789e-05 7.37944e-05 9.37265e-05 9.22067e-05 9.28629e-05 0.000106051 0.000114746 0.000131141 0.000158382 0.000215278 0.000269475 0.000366389 0.000527688 0.000750049 0.00105467 0.00145591 0.00201584 0.00272215 0.00361508 0.00470925 0.00603654 0.00760812 0.00940149 0.0114086 0.0135368 0.015709 0.0177517 0.0195264 0.0208438 0.0215581 0.0215391 0.0206891 0.0189726 0.0163773 0.0130155 0.00902026 0.00466576 0.000207019 -0.00404576 -0.00787868 -0.0110765 -0.0135176 -0.0151191 -0.0158772 -0.0158706 -0.0152402 -0.014176 -0.0128094 -0.0113002 -0.00974817 -0.00829124 -0.00696759 -0.00584316 -0.00487682 -0.00408178 -0.00341672 -0.00291053 -0.00249554 -0.00215637 -0.001851 -0.00161822 -0.00141653 -0.00123834 -0.00105425 -0.00090493 -0.000766093 -0.000634908 -0.000488069 -0.000362244 -0.000238892 -0.00011603 2.85332e-05 0.00015847 0.000292064 0.000432421 0.000607009 0.000776126 0.000961641 0.00117009 0.0014456 0.00175104 0.00211915 0.00256201 0.00315042 0.00386124 0.0047339 0.00575666 0.00698097 0.0083558 0.00985942 0.0113653 0.0127866 0.0139688 0.0147922 0.015063 0.0146319 0.0133876 0.0113122 0.00845559 0.00491972 0.000889947 -0.00343435 -0.00775904 -0.0118263 -0.015347 -0.0181657 -0.0201416 -0.0212692 -0.0215564 -0.0210932 -0.0199872 -0.0183831 -0.0164578 -0.014357 -0.0122553 -0.0102417 -0.0084248 -0.00681404 -0.00544247 -0.00429728 -0.00336789 -0.0026274 -0.00203069 -0.00159097 -0.00126441 -0.00103707 -0.000855648 -0.000737467 -0.000674052 -0.000622833 -0.000589714 -0.000566271 -0.000561304 -0.000541091 -0.000538188 -0.000545065 -0.000531223 -0.000529961 -0.000527508 -0.000524985 -0.000518846 -0.000521806 -0.000523386 -0.000510027 -0.000515898 -0.000511129 -0.000502361 -0.000510001 -0.000505226 -0.000502207 -0.000504144 -0.000501091 -0.000496875 -0.000497499 -0.000498796 -0.000492028 -0.000496696 -0.000495396 -0.000486555 -0.00049534 -0.00048777 -0.000485291 -0.000496144 -0.000484343 -0.000489404 -0.000491349 -0.000479954 -0.000492217 -0.000485812 
0 -9.63709e-07 1.24799e-05 5.02478e-06 1.10913e-05 1.70719e-05 1.11988e-05 2.12818e-05 2.05715e-05 2.37244e-05 2.88081e-05 2.84757e-05 3.4245e-05 2.97431e-05 4.21735e-05 4.07257e-05 4.21569e-05 6.23752e-05 4.20397e-05 5.72467e-05 6.00496e-05 3.94021e-05 7.10597e-05 6.17526e-05 6.58777e-05 8.52517e-05 7.44044e-05 7.83728e-05 8.05599e-05 9.25802e-05 8.56723e-05 0.00010059 0.000107008 8.85909e-05 0.000107891 0.000109664 0.000128752 0.000139282 0.000164269 0.000203331 0.000235254 0.000342039 0.000478688 0.0006583 0.000904035 0.00129136 0.00180756 0.00245471 0.00331325 0.00437682 0.00570944 0.00729666 0.00916807 0.0113048 0.0136833 0.016207 0.0187398 0.0211519 0.0232112 0.0247494 0.0255668 0.025532 0.0245065 0.0224686 0.0194197 0.0154554 0.0107853 0.00567821 0.000458302 -0.00456522 -0.00907568 -0.0128787 -0.0157899 -0.0177331 -0.0186883 -0.0187704 -0.0181103 -0.0169056 -0.0153408 -0.0135893 -0.0117853 -0.0100558 -0.00849342 -0.00712637 -0.00596145 -0.00498664 -0.00419908 -0.00355748 -0.00304289 -0.00261601 -0.00226881 -0.00196768 -0.0017162 -0.00148848 -0.00128983 -0.00109756 -0.000925928 -0.000756406 -0.000601138 -0.000440533 -0.00028877 -0.000128676 2.4036e-05 0.000188369 0.000353238 0.000537517 0.000725158 0.000937088 0.00116743 0.00144151 0.00175311 0.00213375 0.00258888 0.00315629 0.00385336 0.00472555 0.0057784 0.00702942 0.00847942 0.0101205 0.0118757 0.0136335 0.0152697 0.0166271 0.0175235 0.0177591 0.0171852 0.0156636 0.0131773 0.00977172 0.00560306 0.000835934 -0.00423518 -0.00931301 -0.0140668 -0.0182194 -0.0215273 -0.0238714 -0.0252188 -0.0255738 -0.0250469 -0.0237607 -0.0219012 -0.0196279 -0.0171805 -0.0146927 -0.0123145 -0.0101416 -0.00822677 -0.00658946 -0.00520913 -0.00408745 -0.00317078 -0.00249096 -0.00195172 -0.00153054 -0.0012359 -0.00104858 -0.000917813 -0.000800424 -0.000749664 -0.00070478 -0.000687902 -0.000670709 -0.000663062 -0.000663536 -0.000632396 -0.000642799 -0.000639988 -0.000633206 -0.000630878 -0.000630172 -0.000621032 -0.000604791 -0.000628233 -0.000608639 -0.000612448 -0.000628121 -0.00059858 -0.000612592 -0.000605396 -0.000595694 -0.000605748 -0.000597487 -0.000599627 -0.000593077 -0.000594713 -0.000590065 -0.000586482 -0.000597676 -0.000585791 -0.000594049 -0.000594571 -0.000579254 -0.000593106 -0.000582178 -0.000577573 -0.000590805 -0.000576247 -0.000585808 
0 3.58294e-06 1.75822e-06 8.81145e-06 1.24858e-05 1.45282e-05 2.12818e-05 2.35644e-05 2.41964e-05 3.02628e-05 3.1923e-05 3.23379e-05 4.28658e-05 4.16776e-05 4.39262e-05 5.16892e-05 4.44212e-05 5.18913e-05 5.76464e-05 5.97984e-05 7.25229e-05 7.59415e-05 7.88934e-05 7.71636e-05 7.84475e-05 8.08918e-05 8.17806e-05 9.53827e-05 9.96794e-05 9.60517e-05 0.000105049 0.000109473 0.000105104 0.000130538 0.000140253 0.000131219 0.000154244 0.000165992 0.000186473 0.00024029 0.000315014 0.000401046 0.000547083 0.00078237 0.00110551 0.00155558 0.00213012 0.00291774 0.00393571 0.00518961 0.00672692 0.0085857 0.0107646 0.0132278 0.0159702 0.0188433 0.0217377 0.0244605 0.0267939 0.0285074 0.0294193 0.0293495 0.0281479 0.0258088 0.0223181 0.0178147 0.0125046 0.00673064 0.000787273 -0.00492819 -0.0100979 -0.0144625 -0.0178464 -0.020128 -0.0213112 -0.0215171 -0.020866 -0.0195723 -0.0178365 -0.0158882 -0.0138407 -0.0118765 -0.0100619 -0.00847346 -0.0070834 -0.00594732 -0.00500602 -0.00424384 -0.00359922 -0.00310097 -0.00268476 -0.00233289 -0.00200855 -0.00174846 -0.00151378 -0.00129617 -0.00107363 -0.000882317 -0.000699823 -0.000520654 -0.000323927 -0.000143048 3.63557e-05 0.000219296 0.000433276 0.000644132 0.0008655 0.00110384 0.00140123 0.00172358 0.00209726 0.0025368 0.00310816 0.00378534 0.00462246 0.00563782 0.00689845 0.00835774 0.0100518 0.0119232 0.0139266 0.0158918 0.0177217 0.0192003 0.0201339 0.0202912 0.0195417 0.0177325 0.0148274 0.010903 0.00611269 0.00067555 -0.00511032 -0.0108594 -0.0162677 -0.0209829 -0.0247683 -0.027449 -0.0290168 -0.0294447 -0.0288623 -0.0274267 -0.0253198 -0.0227527 -0.0199542 -0.0171211 -0.0143766 -0.0118838 -0.00965744 -0.00773856 -0.00613521 -0.00483631 -0.00377256 -0.00293207 -0.00230707 -0.00183432 -0.00150154 -0.00123955 -0.00106117 -0.000960941 -0.000893678 -0.000832014 -0.000801973 -0.000786814 -0.000752969 -0.000758226 -0.00076063 -0.000744463 -0.000742595 -0.000738881 -0.000730404 -0.000731553 -0.000736398 -0.000730764 -0.000726645 -0.000718832 -0.00071333 -0.000707602 -0.000706003 -0.000711015 -0.000703073 -0.000705024 -0.000703537 -0.000693932 -0.000698972 -0.000697527 -0.000693615 -0.000698256 -0.000694013 -0.000685941 -0.000689127 -0.000682449 -0.00067955 -0.000688257 -0.000679427 -0.000687424 -0.000692048 -0.000680223 -0.000690459 -0.000680004 
0 5.91012e-06 8.66281e-06 1.33647e-05 1.53698e-05 1.68317e-05 2.05715e-05 2.41964e-05 2.77374e-05 3.32566e-05 3.64035e-05 3.9149e-05 4.53796e-05 4.5298e-05 5.18933e-05 5.80817e-05 5.88222e-05 6.94931e-05 6.73917e-05 6.97884e-05 7.5044e-05 7.08086e-05 8.32132e-05 8.70238e-05 9.29692e-05 0.000104193 0.000102003 0.000107268 0.000112262 0.000114618 0.000122334 0.000131299 0.000128992 0.000135596 0.000144288 0.000147587 0.00017542 0.000194995 0.000225385 0.000282313 0.000358474 0.000483584 0.000674786 0.000937312 0.00129946 0.00182578 0.00251295 0.00341396 0.00457413 0.00601089 0.00777913 0.0098994 0.012367 0.0151553 0.0182343 0.0214511 0.0246632 0.0276779 0.0302421 0.0321181 0.033097 0.0329815 0.0316138 0.028981 0.0250906 0.0200844 0.0142128 0.00781915 0.00123726 -0.00512482 -0.0108981 -0.0158087 -0.0196453 -0.0222817 -0.0237218 -0.0240888 -0.0234992 -0.0221626 -0.0203132 -0.0181921 -0.0159469 -0.0137561 -0.0117159 -0.00989119 -0.0082934 -0.00697219 -0.00588366 -0.00497521 -0.00421237 -0.00361747 -0.00313799 -0.00271592 -0.00233325 -0.00202251 -0.00175902 -0.00150159 -0.00124305 -0.00101628 -0.00081383 -0.000603012 -0.000375823 -0.000162431 3.61932e-05 0.000251873 0.000500132 0.000749817 0.000996986 0.00127949 0.00162923 0.00201639 0.00244517 0.00296781 0.00364326 0.00445412 0.00542495 0.00660866 0.00806149 0.00974772 0.0116641 0.013765 0.0159757 0.0181328 0.0201046 0.0216666 0.022585 0.0226316 0.0216736 0.0195605 0.0162497 0.0118214 0.0064573 0.000393066 -0.00602553 -0.0123986 -0.0183814 -0.0236212 -0.027836 -0.0308474 -0.0326194 -0.0331338 -0.0325201 -0.0309555 -0.0286431 -0.0258056 -0.0227049 -0.0195405 -0.0164653 -0.013643 -0.0111246 -0.00894316 -0.00710508 -0.00560188 -0.00437876 -0.00342742 -0.0026959 -0.00212789 -0.00172793 -0.00144491 -0.00124273 -0.00110404 -0.00101848 -0.000952676 -0.000921395 -0.000905348 -0.000880976 -0.000875845 -0.000863129 -0.00085324 -0.000853301 -0.000848773 -0.000840889 -0.000837515 -0.000829752 -0.000821031 -0.00082569 -0.000819032 -0.000820743 -0.00082151 -0.000811079 -0.000813723 -0.000805979 -0.000802982 -0.000805186 -0.000798455 -0.000798672 -0.000795349 -0.000789904 -0.000789535 -0.000788468 -0.000786966 -0.000789561 -0.000788658 -0.000787257 -0.000789443 -0.000781136 -0.000779387 -0.000778718 -0.000772923 -0.000780614 -0.000779994 
0 1.06056e-06 9.3645e-06 9.29697e-06 1.55937e-05 2.24238e-05 2.37244e-05 3.02628e-05 3.32566e-05 3.65397e-05 4.05076e-05 4.6259e-05 4.98595e-05 5.06367e-05 6.17318e-05 5.92553e-05 6.40254e-05 7.79869e-05 6.89669e-05 8.42069e-05 9.07277e-05 8.19876e-05 0.000101946 9.84897e-05 9.95486e-05 0.000113585 0.000112619 0.000117681 0.000123486 0.000133985 0.000131979 0.000142904 0.000155989 0.000151499 0.000168531 0.000179156 0.000198514 0.000221096 0.000262775 0.000333012 0.000411511 0.000566501 0.000787665 0.00109115 0.00151545 0.00211427 0.00291337 0.00393106 0.00525017 0.0068768 0.00887525 0.0112505 0.0140027 0.0171103 0.0204954 0.0240319 0.0275246 0.030794 0.033547 0.0355554 0.0365716 0.0363929 0.0348649 0.0319497 0.0276968 0.0222382 0.0158771 0.00892879 0.0017904 -0.00515213 -0.0114744 -0.0168975 -0.0211672 -0.0241663 -0.0258915 -0.0264523 -0.0259741 -0.0246467 -0.0227387 -0.0204792 -0.0180764 -0.0156786 -0.0134312 -0.0113696 -0.00957283 -0.00805315 -0.0068099 -0.00574225 -0.00486333 -0.00415643 -0.00360527 -0.0031046 -0.00266955 -0.00229978 -0.00200276 -0.00170075 -0.00141345 -0.00114691 -0.000921237 -0.000674439 -0.000423702 -0.00017499 4.61221e-05 0.000300355 0.000576208 0.000867738 0.00114513 0.00148139 0.00187819 0.00233634 0.00282777 0.00344957 0.00422776 0.00518388 0.0062962 0.00766373 0.00930283 0.0112194 0.0133442 0.0156602 0.0180416 0.020361 0.022423 0.0240169 0.0248661 0.0247652 0.023562 0.021127 0.0174165 0.0125067 0.00660977 -2.58716e-05 -0.00700321 -0.0139393 -0.0204268 -0.0261391 -0.0307403 -0.0340663 -0.0360279 -0.0366387 -0.0360131 -0.0343426 -0.0318574 -0.0287819 -0.02541 -0.0219326 -0.0185571 -0.015414 -0.0126086 -0.0101659 -0.00810019 -0.00639939 -0.00501163 -0.00393997 -0.00309815 -0.002457 -0.00198655 -0.00166479 -0.00143082 -0.00125739 -0.00116148 -0.00108737 -0.00104457 -0.00101067 -0.000995433 -0.000984457 -0.000962606 -0.000966477 -0.000958156 -0.000949874 -0.000946445 -0.000945562 -0.000937934 -0.000929113 -0.00093887 -0.000921459 -0.000920208 -0.000925879 -0.000906415 -0.000913748 -0.000910233 -0.000900744 -0.000905637 -0.000899823 -0.000897208 -0.000895439 -0.000895343 -0.000891129 -0.000889036 -0.000892545 -0.000883043 -0.000884444 -0.000883298 -0.00087534 -0.000885077 -0.000880362 -0.000878743 -0.00088673 -0.000875235 -0.00087825 
0 6.2539e-06 5.81366e-06 1.45592e-05 1.822e-05 2.10601e-05 2.88081e-05 3.1923e-05 3.64035e-05 4.05076e-05 4.76303e-05 4.84306e-05 5.38585e-05 6.59802e-05 5.89576e-05 7.33842e-05 7.73926e-05 6.68234e-05 9.32504e-05 8.46824e-05 9.05458e-05 0.000115369 9.87768e-05 0.000114324 0.000118555 0.000114427 0.000126268 0.000133837 0.000145262 0.000137952 0.000157965 0.000156178 0.000155039 0.000185682 0.00018805 0.00020458 0.000217705 0.000257263 0.000298052 0.000369556 0.000507596 0.000657448 0.000899394 0.00125495 0.0017729 0.00243856 0.00331644 0.00448628 0.00595631 0.00779192 0.0099923 0.0126306 0.0156642 0.0190704 0.0227482 0.0265586 0.0303235 0.0337842 0.0367114 0.0388011 0.0398413 0.0395774 0.0378946 0.0347203 0.0301307 0.0242935 0.0174904 0.010083 0.00244364 -0.00498329 -0.0118214 -0.0176988 -0.0224002 -0.0257586 -0.0278043 -0.028591 -0.0282736 -0.0270199 -0.0251017 -0.0227616 -0.0202265 -0.0176673 -0.0152099 -0.012943 -0.0109305 -0.0092274 -0.00779211 -0.00658172 -0.00555975 -0.00475215 -0.00409106 -0.00352901 -0.00302035 -0.00260772 -0.00224665 -0.00191838 -0.00158537 -0.0012973 -0.00102242 -0.000757289 -0.000467311 -0.000202328 6.67289e-05 0.000342634 0.000662457 0.000975739 0.00131214 0.00168709 0.00215113 0.00266052 0.00325022 0.00396061 0.00486846 0.00595164 0.00724254 0.00878106 0.0106277 0.0127457 0.0150885 0.0175782 0.0201139 0.022541 0.0246544 0.026215 0.0269487 0.0266621 0.0251793 0.0224151 0.0183019 0.0129578 0.00655588 -0.000563091 -0.00804653 -0.0154495 -0.0223962 -0.0285002 -0.0334619 -0.0370687 -0.0392161 -0.0399338 -0.0393128 -0.0375801 -0.0349389 -0.0316899 -0.0280571 -0.0243154 -0.0206473 -0.0172197 -0.0141287 -0.0114173 -0.00913539 -0.00723269 -0.0057017 -0.00445602 -0.00351521 -0.00281215 -0.0022789 -0.00187953 -0.0015994 -0.00144029 -0.00130162 -0.00122125 -0.00116569 -0.00113001 -0.00110298 -0.0010849 -0.00109552 -0.00106681 -0.00106352 -0.00106068 -0.00104912 -0.00104766 -0.00104536 -0.00104922 -0.00102495 -0.00103426 -0.00102635 -0.00100709 -0.00102847 -0.00100972 -0.00100817 -0.00101485 -0.000997696 -0.00100168 -0.00099889 -0.000996043 -0.000994399 -0.000994081 -0.000990662 -0.000981602 -0.000988949 -0.000980786 -0.000978412 -0.000987194 -0.000974282 -0.000981492 -0.000983162 -0.000971135 -0.000983243 -0.000975271 
0 5.83538e-06 1.39993e-05 1.66271e-05 2.12227e-05 2.44433e-05 2.84757e-05 3.23379e-05 3.9149e-05 4.6259e-05 4.84306e-05 5.90438e-05 5.98742e-05 6.41468e-05 7.44115e-05 7.26729e-05 8.61507e-05 9.18544e-05 9.34269e-05 0.000101619 0.000100016 0.000105255 0.000109102 0.000122924 0.000130994 0.000136149 0.000151972 0.000143402 0.000149814 0.000165632 0.000164254 0.00017709 0.000192746 0.000187411 0.000193979 0.000226077 0.000245549 0.0002865 0.000353029 0.000430756 0.000556362 0.000761632 0.00106181 0.00146355 0.00201337 0.00276676 0.00378788 0.00507978 0.00669738 0.00871989 0.0111649 0.0140444 0.0173474 0.021034 0.0249774 0.0290509 0.0330262 0.0366635 0.0397015 0.0418618 0.0428771 0.0425281 0.0406857 0.0372728 0.0323938 0.0262235 0.019065 0.0112538 0.00321886 -0.0046421 -0.0119091 -0.0182201 -0.0233124 -0.0270534 -0.0294286 -0.0304857 -0.0303733 -0.0292541 -0.0273879 -0.025013 -0.0223993 -0.0196964 -0.0170664 -0.0145918 -0.0123912 -0.0104766 -0.00885944 -0.0074762 -0.00633003 -0.00538541 -0.00462366 -0.00396935 -0.00340938 -0.00292476 -0.00251462 -0.0021339 -0.00177901 -0.00144519 -0.00113856 -0.000831126 -0.000525626 -0.000221328 7.80879e-05 0.000400241 0.000740069 0.00109943 0.0014791 0.00192178 0.00243032 0.00301916 0.00369609 0.00453183 0.00555075 0.00679058 0.00824914 0.00999114 0.0120214 0.0143495 0.0168758 0.0195309 0.0221709 0.0246699 0.0267732 0.0282456 0.0288139 0.028298 0.0265179 0.0233981 0.0189102 0.0131457 0.00631591 -0.00124238 -0.00912928 -0.0169471 -0.0242619 -0.030715 -0.0359795 -0.0398482 -0.042174 -0.0429998 -0.0424225 -0.0406417 -0.0379042 -0.0344929 -0.0306657 -0.0266726 -0.0227493 -0.0190367 -0.0156783 -0.012731 -0.0102086 -0.00809319 -0.00639495 -0.00504578 -0.0039739 -0.00315522 -0.00255095 -0.00212819 -0.00182006 -0.00159214 -0.00143981 -0.00135707 -0.00129077 -0.00124933 -0.00123654 -0.00120499 -0.00118331 -0.00118503 -0.00117759 -0.00116457 -0.00116799 -0.00115292 -0.00113832 -0.00114076 -0.00113292 -0.00113403 -0.00113191 -0.00112881 -0.00112159 -0.00111382 -0.00111516 -0.00110618 -0.00110793 -0.00110614 -0.0010976 -0.00109633 -0.00108997 -0.00108766 -0.00108668 -0.00108814 -0.00108532 -0.00108674 -0.00108865 -0.00107798 -0.00108229 -0.0010747 -0.00106845 -0.00107806 -0.00106813 -0.00107692 
0 9.54226e-07 9.39773e-06 1.05707e-05 2.09315e-05 2.90996e-05 3.4245e-05 4.28658e-05 4.53796e-05 4.98595e-05 5.38585e-05 5.98742e-05 6.54964e-05 7.22937e-05 7.88401e-05 8.21918e-05 9.0397e-05 9.13811e-05 0.000100959 0.000109708 0.000114951 0.000130675 0.000128382 0.000135835 0.000139778 0.000136254 0.000153961 0.000157477 0.000167442 0.000180595 0.000180607 0.000188813 0.000203701 0.000215095 0.000232478 0.000259132 0.00027391 0.000319775 0.0003903 0.000486921 0.000651866 0.00087462 0.00119147 0.00165673 0.00230197 0.00314465 0.00426291 0.00569474 0.00748971 0.00971689 0.0123772 0.0154971 0.019066 0.0230145 0.0271998 0.0314903 0.0356478 0.0394097 0.0425267 0.0447051 0.0456736 0.0452189 0.0432169 0.0395892 0.0344585 0.0280207 0.0205665 0.0124445 0.00408386 -0.0041195 -0.0117574 -0.0184403 -0.023909 -0.0280237 -0.0307491 -0.0321064 -0.0322456 -0.0313188 -0.0295607 -0.0272147 -0.0245605 -0.0217569 -0.0189704 -0.0163207 -0.0139285 -0.0118118 -0.00999079 -0.00844134 -0.00714993 -0.00607061 -0.00518215 -0.00444021 -0.00381073 -0.00326175 -0.00278416 -0.0023592 -0.00196836 -0.00159887 -0.00124648 -0.000906633 -0.000572748 -0.000238873 0.00010489 0.000463219 0.000836672 0.00123376 0.00167464 0.00217754 0.00274799 0.00341083 0.00420023 0.00515975 0.00631181 0.00770213 0.00935184 0.0112915 0.0135153 0.0160255 0.0187249 0.0215069 0.0242212 0.0267311 0.0287717 0.0300946 0.0304485 0.0296638 0.027559 0.0240789 0.0192192 0.0130799 0.00586954 -0.00204675 -0.0102745 -0.0184174 -0.0260431 -0.0327765 -0.038305 -0.0424016 -0.0449017 -0.0458447 -0.0453265 -0.0435386 -0.0407323 -0.037206 -0.0332047 -0.0289996 -0.0248404 -0.0208752 -0.0172501 -0.0140537 -0.0113148 -0.00900756 -0.00713462 -0.00562681 -0.0044468 -0.0035588 -0.00287905 -0.00237321 -0.00202249 -0.00178282 -0.00160715 -0.00150254 -0.00142043 -0.00136221 -0.00133897 -0.00131495 -0.00130092 -0.00129288 -0.00127875 -0.00126567 -0.00126816 -0.0012599 -0.00125772 -0.00125934 -0.001242 -0.0012407 -0.00123049 -0.00122282 -0.00122517 -0.0012165 -0.00121599 -0.00121024 -0.00120405 -0.00120197 -0.00119958 -0.00119853 -0.00119768 -0.0011965 -0.00119089 -0.00119076 -0.00118114 -0.00117646 -0.00117917 -0.00117096 -0.00118099 -0.00118059 -0.00117754 -0.00118612 -0.00117232 -0.00117423 
0 6.73055e-06 1.80066e-05 1.87882e-05 2.5749e-05 3.03093e-05 2.97431e-05 4.16776e-05 4.5298e-05 5.06367e-05 6.59802e-05 6.41468e-05 7.22937e-05 8.45317e-05 7.79359e-05 9.56509e-05 0.000101824 9.59429e-05 0.000120129 0.000113354 0.000116553 0.000137886 0.000128925 0.000146402 0.000158102 0.000159335 0.000171064 0.000176217 0.000185613 0.000185971 0.000202988 0.000209709 0.000214304 0.000233573 0.000245599 0.000274698 0.000300439 0.000366739 0.000443274 0.000549038 0.000749041 0.00100148 0.00136855 0.00188974 0.00260973 0.00354509 0.00477531 0.00635864 0.00831669 0.0107426 0.0136164 0.0169813 0.0207982 0.0249832 0.0293936 0.0338666 0.0381746 0.0420197 0.0451826 0.0473371 0.0482377 0.0476621 0.0454999 0.0416841 0.0363418 0.0296958 0.0220081 0.0136608 0.00504533 -0.00341796 -0.0113617 -0.0183615 -0.0241871 -0.028668 -0.0317585 -0.0334492 -0.0338843 -0.0332059 -0.0316151 -0.0293652 -0.0267147 -0.023855 -0.0209386 -0.0181455 -0.015565 -0.0132544 -0.0112177 -0.00950133 -0.00804587 -0.00682856 -0.00579545 -0.0049612 -0.00424514 -0.00363251 -0.00307688 -0.0026081 -0.00216936 -0.00176762 -0.00136338 -0.000994879 -0.000622776 -0.000262301 0.000131511 0.000521057 0.000938508 0.00137256 0.00188393 0.00244409 0.00309081 0.00383096 0.0047491 0.00583434 0.0071375 0.00867948 0.0105335 0.0126655 0.0150853 0.0177514 0.0206032 0.0234733 0.0262262 0.0286849 0.0306075 0.0317244 0.0318204 0.0307294 0.0282821 0.0244432 0.0192259 0.0127587 0.00522954 -0.00296405 -0.0114618 -0.0198419 -0.0277124 -0.0346617 -0.0404106 -0.0447002 -0.0473718 -0.0484428 -0.0480051 -0.0462512 -0.0434132 -0.0398168 -0.0356798 -0.0313063 -0.026929 -0.022738 -0.0188698 -0.0154315 -0.0124705 -0.00996016 -0.00792166 -0.00625667 -0.00495596 -0.00396322 -0.00320661 -0.00263832 -0.0022386 -0.00197238 -0.00175759 -0.00163697 -0.00155306 -0.00149384 -0.00145915 -0.00142979 -0.0014217 -0.0013979 -0.00139285 -0.00138639 -0.00137473 -0.00136536 -0.00135757 -0.00135629 -0.00133696 -0.00134665 -0.00133957 -0.00132305 -0.00133785 -0.00131825 -0.00131471 -0.00132203 -0.00130472 -0.00130815 -0.00130554 -0.00129464 -0.00129533 -0.00128966 -0.00128374 -0.0012866 -0.00128707 -0.00128467 -0.00128636 -0.0012827 -0.00127639 -0.00127476 -0.00127091 -0.0012687 -0.00127227 -0.00127392 
0 6.32254e-06 1.03956e-05 1.92104e-05 2.52495e-05 3.09958e-05 4.21735e-05 4.39262e-05 5.18933e-05 6.17318e-05 5.89576e-05 7.44115e-05 7.88401e-05 7.79359e-05 9.98343e-05 9.34596e-05 0.000102144 0.000122613 0.00011228 0.000131614 0.000139072 0.00013406 0.000151746 0.000155467 0.000163772 0.000171126 0.000186481 0.000188066 0.000188795 0.000216894 0.000208572 0.000226049 0.000250457 0.000248473 0.000270319 0.000298528 0.000346022 0.000395334 0.000498602 0.000638822 0.000824238 0.00113163 0.00155754 0.00215362 0.0029193 0.00396665 0.00534185 0.00706151 0.00920006 0.0118027 0.014923 0.0185061 0.0225605 0.026955 0.0315634 0.0361926 0.0405884 0.0445008 0.0476401 0.049755 0.0505374 0.0498421 0.0475059 0.0435332 0.0380237 0.0312157 0.0233789 0.014868 0.00609864 -0.0025695 -0.0107165 -0.0180029 -0.0241294 -0.0289826 -0.0324245 -0.0344909 -0.0352495 -0.0348737 -0.033508 -0.0314159 -0.0288261 -0.025945 -0.0229503 -0.0200271 -0.0172892 -0.0147728 -0.0125435 -0.0106299 -0.00902128 -0.00763345 -0.00647317 -0.00550859 -0.00471829 -0.0040109 -0.00340058 -0.00285623 -0.00238717 -0.0019251 -0.00149549 -0.00107104 -0.000680045 -0.00026429 0.000153322 0.000600474 0.00104367 0.00154744 0.00210629 0.00275308 0.00346229 0.00431888 0.00534907 0.006593 0.00803647 0.00976499 0.0118033 0.0141462 0.0167353 0.0195541 0.02251 0.0254426 0.02818 0.0305335 0.0322749 0.0331324 0.032934 0.0314901 0.0286993 0.0244869 0.0189526 0.0121752 0.0044183 -0.00400634 -0.0126775 -0.0212414 -0.0292683 -0.0363927 -0.0423087 -0.0467616 -0.0496044 -0.0508009 -0.0504818 -0.0487734 -0.0459668 -0.0423065 -0.0380942 -0.0335708 -0.0290094 -0.0246024 -0.0205054 -0.0168546 -0.0136522 -0.0109523 -0.00872149 -0.00694064 -0.00549967 -0.00438137 -0.00355404 -0.0029379 -0.00249154 -0.00214718 -0.0019393 -0.00179026 -0.00168446 -0.00162191 -0.00158102 -0.00154933 -0.00151231 -0.00152011 -0.00150033 -0.0014842 -0.00149021 -0.00147048 -0.00146417 -0.00145816 -0.00145879 -0.00144548 -0.00144153 -0.00144517 -0.00142043 -0.00142868 -0.00142355 -0.0014074 -0.00141921 -0.0014058 -0.00139983 -0.00140263 -0.00139446 -0.00139474 -0.00139225 -0.00138932 -0.00138392 -0.00138284 -0.00138106 -0.00137432 -0.00138037 -0.0013754 -0.00137309 -0.00137975 -0.00136937 -0.00137303 
0 4.74733e-06 1.23379e-05 1.81926e-05 2.56895e-05 3.68939e-05 4.07257e-05 5.16892e-05 5.80817e-05 5.92553e-05 7.33842e-05 7.26729e-05 8.21918e-05 9.56509e-05 9.34596e-05 0.000109946 0.000114002 0.000116847 0.000129745 0.000133929 0.000145555 0.000155091 0.000167938 0.000167979 0.000175247 0.000186979 0.000181207 0.000206716 0.000216675 0.000218547 0.000238403 0.000241747 0.000251426 0.000273649 0.000307472 0.000330833 0.000375389 0.000448865 0.000545152 0.000710521 0.000952103 0.00129288 0.00174767 0.00239624 0.00329092 0.00444783 0.00592221 0.0077904 0.010125 0.0129345 0.0162517 0.0200649 0.0243305 0.0289298 0.0337013 0.0384427 0.0429055 0.0468293 0.0499278 0.0519395 0.0526051 0.0517516 0.0492604 0.0451422 0.0395118 0.032594 0.024668 0.0160812 0.00721382 -0.0015607 -0.00986164 -0.0173542 -0.0237712 -0.0289513 -0.0327685 -0.0352136 -0.0363461 -0.0363036 -0.0352309 -0.0333529 -0.0308799 -0.028029 -0.0249954 -0.0219806 -0.0190913 -0.0163964 -0.0139655 -0.0118644 -0.0100697 -0.00852403 -0.00720844 -0.00612133 -0.00521817 -0.00443209 -0.00374034 -0.00313708 -0.00260433 -0.00210246 -0.00162348 -0.00116494 -0.000724369 -0.000274055 0.000191158 0.000673194 0.0011742 0.00173111 0.00236379 0.00307778 0.00388605 0.00485085 0.00602248 0.00741003 0.00902761 0.0109347 0.0131729 0.0157013 0.0184613 0.0213985 0.0244285 0.027374 0.0300484 0.0322396 0.0337348 0.034295 0.0337513 0.0319423 0.0287779 0.024227 0.018379 0.0113634 0.00342074 -0.00513631 -0.0139298 -0.0225849 -0.0307115 -0.0379481 -0.0439874 -0.048579 -0.0515732 -0.0529246 -0.0527208 -0.0511164 -0.0483568 -0.0446955 -0.0404208 -0.0357955 -0.0310803 -0.0264842 -0.0221784 -0.0182904 -0.0148923 -0.0120042 -0.00958208 -0.00761829 -0.00606995 -0.00487155 -0.00393185 -0.00322586 -0.00272607 -0.00237407 -0.00212292 -0.00193826 -0.0018284 -0.00174441 -0.00169041 -0.00166686 -0.00164697 -0.00162046 -0.00160348 -0.00160271 -0.00158118 -0.00158467 -0.00158415 -0.00156482 -0.0015637 -0.00155131 -0.00154349 -0.00153819 -0.00153726 -0.00153049 -0.00152146 -0.00152272 -0.00150753 -0.00150938 -0.00150893 -0.00149874 -0.00150408 -0.00149599 -0.00149288 -0.00148977 -0.00148284 -0.00148207 -0.00147693 -0.00147966 -0.00147676 -0.00147747 -0.00147972 -0.00147284 -0.00147677 -0.00147097 
0 1.28369e-05 1.65557e-05 3.00649e-05 2.98369e-05 3.5756e-05 4.21569e-05 4.44212e-05 5.88222e-05 6.40254e-05 7.73926e-05 8.61507e-05 9.0397e-05 0.000101824 0.000102144 0.000114002 0.000121744 0.000128863 0.000140794 0.000145221 0.000154642 0.000156115 0.000170056 0.00017793 0.000189403 0.000211424 0.000207521 0.000224192 0.00022778 0.00022873 0.000253337 0.000260151 0.000278361 0.000296377 0.000315998 0.000350362 0.000413964 0.000499876 0.00062053 0.000810387 0.00106101 0.00144605 0.00198751 0.00270839 0.00367064 0.00493016 0.00655155 0.00858792 0.0110927 0.0140863 0.0176207 0.0216568 0.0261144 0.0308854 0.0357964 0.0406206 0.0451115 0.0490121 0.0520255 0.0539095 0.0544269 0.0534064 0.0507585 0.0465212 0.0408048 0.0338277 0.0258785 0.0172814 0.00839267 -0.000419606 -0.00879792 -0.0164479 -0.0231061 -0.0285928 -0.0327744 -0.0356188 -0.0371484 -0.0374823 -0.0367541 -0.035149 -0.03285 -0.0300836 -0.0270626 -0.023986 -0.0209722 -0.0181142 -0.0154985 -0.0131987 -0.0112122 -0.00949479 -0.00802406 -0.00679309 -0.00576846 -0.00488705 -0.00411612 -0.00343881 -0.00284129 -0.00228725 -0.00176457 -0.00126114 -0.000773425 -0.000277326 0.000229385 0.000757092 0.00131567 0.00194053 0.00264375 0.00343899 0.00435268 0.0054474 0.00676086 0.00830547 0.0101027 0.0122041 0.014631 0.017335 0.0202434 0.023277 0.0263363 0.0292462 0.0318028 0.0337757 0.0349702 0.035187 0.0342692 0.0320692 0.0285327 0.0236555 0.0175356 0.0103244 0.00226823 -0.00635487 -0.0151926 -0.023874 -0.0320303 -0.039326 -0.0454473 -0.050148 -0.0532874 -0.0547989 -0.0547397 -0.0532624 -0.0505926 -0.0469636 -0.0426723 -0.0379785 -0.033133 -0.0283707 -0.0238858 -0.0197888 -0.0161688 -0.0130806 -0.0104908 -0.00837584 -0.0066761 -0.00534206 -0.00432066 -0.00356631 -0.0029938 -0.00257631 -0.00229782 -0.002095 -0.00197082 -0.00188658 -0.00182327 -0.00177855 -0.00175656 -0.00173622 -0.00172281 -0.0017223 -0.00169523 -0.00168974 -0.00167845 -0.00166294 -0.00166849 -0.00165723 -0.00165423 -0.00164636 -0.00163837 -0.0016325 -0.00162695 -0.00162789 -0.00161803 -0.00161811 -0.00160947 -0.00160193 -0.00159845 -0.00158755 -0.00159272 -0.00158661 -0.00158992 -0.0015926 -0.00158216 -0.0015887 -0.00157477 -0.00157227 -0.00157485 -0.00156244 -0.00157619 -0.00157148 
0 1.1169e-05 -6.16069e-07 2.65969e-05 2.74296e-05 3.48431e-05 6.23752e-05 5.18913e-05 6.94931e-05 7.79869e-05 6.68234e-05 9.18544e-05 9.13811e-05 9.59429e-05 0.000122613 0.000116847 0.000128863 0.000145525 0.000139877 0.000159158 0.000169969 0.0001719 0.000189351 0.000192642 0.000199108 0.000206628 0.000217856 0.000232075 0.000239031 0.000261068 0.000268774 0.000277836 0.000300054 0.00032336 0.000349521 0.000390273 0.000466148 0.000537963 0.000683941 0.000907411 0.00119026 0.00162414 0.00221774 0.00302152 0.00407744 0.00546828 0.00722596 0.00942034 0.0121112 0.0152993 0.0190505 0.0232769 0.0279171 0.032834 0.0378539 0.0427215 0.0471999 0.0510408 0.0539253 0.0556569 0.0559911 0.0547983 0.0519926 0.0476608 0.0418898 0.034906 0.0269955 0.0184512 0.00961823 0.00083589 -0.00754563 -0.0153009 -0.0221419 -0.0279088 -0.0324343 -0.0356884 -0.0376296 -0.0383789 -0.0380377 -0.0367595 -0.0346925 -0.0320711 -0.0291163 -0.0260128 -0.0229082 -0.019909 -0.0171296 -0.0146258 -0.0124466 -0.010544 -0.00891788 -0.00752384 -0.00637137 -0.00537577 -0.00452522 -0.00375878 -0.00309765 -0.00247765 -0.00191429 -0.00135405 -0.00082387 -0.000270494 0.000274295 0.000861214 0.00147581 0.00218323 0.00295665 0.00385131 0.00487654 0.00612186 0.00757916 0.0092964 0.011277 0.0135847 0.0161868 0.0190524 0.022081 0.0251848 0.028227 0.0310477 0.0334287 0.0351296 0.0359767 0.0358062 0.0344906 0.0318809 0.0279805 0.0227913 0.016447 0.00908303 0.000979457 -0.00764983 -0.0164579 -0.0251078 -0.0332322 -0.0405362 -0.0467037 -0.0514883 -0.0547679 -0.0564396 -0.0565538 -0.0552225 -0.052682 -0.0491135 -0.04484 -0.0401073 -0.0351654 -0.0302596 -0.0255951 -0.0213128 -0.0174841 -0.0142052 -0.0114225 -0.00915108 -0.00731875 -0.00586397 -0.0047473 -0.0039069 -0.00327795 -0.00280777 -0.00250988 -0.00227401 -0.00211086 -0.00202033 -0.0019467 -0.00190088 -0.00186836 -0.00185194 -0.00182511 -0.00181351 -0.00180885 -0.0017971 -0.0017937 -0.00178241 -0.00177935 -0.00176298 -0.00175625 -0.00175853 -0.00173763 -0.00174185 -0.00173627 -0.00171566 -0.00172492 -0.00171182 -0.00170152 -0.00171688 -0.00170229 -0.00170214 -0.00170762 -0.00168526 -0.00168982 -0.00168343 -0.00167129 -0.00168446 -0.00167521 -0.00167948 -0.00168528 -0.00167327 -0.00168074 -0.00167063 
