0 0 0 0 0 0 0 0 0 0 0 0 0 0 0 0 0 0 0 0 0 0 0 0 0 0 0 0 0 0 0 0 0 0 0 0 0 0 0 0 0 0 0 0 0 0 0 0 0 0 0 0 0 0 0 0 0 0 0 0 0 0 0 0 0 0 0 0 0 0 0 0 0 0 0 0 0 0 0 0 0 0 0 0 0 0 0 0 0 0 0 0 0 0 0 0 0 0 0 0 0 0 0 0 0 0 0 0 0 0 0 0 0 0 0 0 0 0 0 0 0 0 0 0 0 0 0 0 0 0 0 0 0 0 0 0 0 0 0 0 0 0 0 0 0 0 0 0 0 0 0 0 0 0 0 0 0 0 0 0 0 0 0 0 0 0 0 0 0 0 0 0 0 0 0 0 0 0 0 0 0 0 0 0 0 0 0 0 0 0 0 0 0 0 0 0 0 0 0 0 
0 3.00161e-06 -4.35702e-06 -4.95796e-07 1.43868e-06 -2.73955e-06 7.87941e-06 3.92886e-06 2.73315e-06 1.11328e-05 -2.89595e-06 4.81809e-06 5.45271e-06 -4.50146e-06 1.26827e-05 2.96642e-06 4.30831e-06 1.35022e-05 4.02046e-07 8.77498e-06 9.63153e-06 8.0077e-06 1.08885e-05 1.3585e-05 8.78688e-06 2.48678e-06 1.43872e-05 9.07583e-07 1.10595e-05 2.10975e-05 7.47776e-06 2.07934e-05 1.47233e-05 1.9905e-05 2.6179e-05 3.90883e-05 5.76056e-05 6.43483e-05 0.000103735 0.000145751 0.000212792 0.000299657 0.000424634 0.00056672 0.000737336 0.000991795 0.00126782 0.00158864 0.00195447 0.00237565 0.00281356 0.00324776 0.00364916 0.00397317 0.00421447 0.0042979 0.00423206 0.00399074 0.00357539 0.00297318 0.00222917 0.00137334 0.000452669 -0.000441574 -0.0012743 -0.00198995 -0.00256616 -0.00295914 -0.00319405 -0.00324348 -0.00314525 -0.00294036 -0.00267811 -0.00236864 -0.00204717 -0.00174119 -0.00145531 -0.0012154 -0.00102195 -0.000865663 -0.000717866 -0.000613345 -0.000536968 -0.000479508 -0.000413339 -0.000370323 -0.000331784 -0.000304771 -0.000271429 -0.000249101 -0.000218288 -0.000199299 -0.000181037 -0.000166343 -0.000137331 -0.000121414 -0.000110392 -9.82506e-05 -6.99517e-05 -5.55829e-05 -4.68522e-05 -3.46884e-05 -6.52269e-06 7.54555e-06 1.81233e-05 3.19662e-05 6.04437e-05 7.61621e-05 9.35324e-05 0.000110876 0.000140261 0.00016156 0.000193206 0.000218624 0.000253379 0.000290772 0.000352017 0.000404437 0.000470475 0.000559645 0.000693159 0.000833935 0.00100743 0.00122364 0.00148998 0.00177919 0.00209239 0.00240234 0.00267793 0.00290667 0.00304857 0.00305723 0.00289021 0.00256809 0.00206365 0.00141258 0.00063231 -0.000222377 -0.00112673 -0.00198592 -0.00275463 -0.00339363 -0.00385998 -0.00415046 -0.00426862 -0.00423781 -0.00404333 -0.00375346 -0.00337333 -0.00296172 -0.00253734 -0.00211787 -0.00173386 -0.00141007 -0.00114159 -0.000879425 -0.000688217 -0.000535314 -0.000416054 -0.00032048 -0.000250035 -0.000202701 -0.000154201 -0.000138792 -0.000121584 -0.000117601 -0.000102053 -9.82452e-05 -0.000102634 -8.48712e-05 -0.0001033 -9.99311e-05 -9.40355e-05 -0.000101518 -9.44785e-05 -9.22851e-05 -9.24357e-05 -9.90608e-05 -8.88101e-05 -9.6005e-05 -9.59523e-05 -8.15073e-05 -9.74128e-05 -8.66463e-05 -8.88135e-05 -0.000100755 -8.80105e-05 -9.77902e-05 -9.32391e-05 -8.67218e-05 -9.21602e-05 -8.49059e-05 -8.88254e-05 -9.0128e-05 -8.98089e-05 -9.35539e-05 -9.12691e-05 -9.1845e-05 -9.06506e-05 -8.98925e-05 
0 -4.35702e-06 1.50976e-05 -3.22608e-06 9.28661e-06 9.08234e-06 -8.66866e-06 1.17443e-05 -3.42079e-06 1.05282e-06 1.765e-05 7.64384e-07 1.80456e-05 1.46639e-05 3.96048e-06 1.76211e-05 7.4061e-06 1.08696e-05 1.77971e-05 1.3368e-05 1.51712e-05 1.34322e-05 1.44806e-05 1.2631e-05 1.90586e-05 2.86846e-05 2.25736e-05 2.81741e-05 2.95411e-05 1.37802e-05 2.48417e-05 3.37007e-05 2.74192e-05 4.38157e-05 5.73245e-05 5.8026e-05 9.03918e-05 0.000153942 0.00020582 0.000303866 0.000443654 0.000599987 0.000837064 0.00114408 0.00152828 0.0019741 0.00251576 0.00317462 0.00393227 0.00474894 0.00559456 0.00648112 0.00727552 0.00793404 0.0083853 0.00856995 0.00843311 0.00795814 0.00712805 0.0059287 0.00445967 0.00274602 0.000934579 -0.000862338 -0.00250344 -0.00394605 -0.00508155 -0.00588265 -0.0063462 -0.0064571 -0.00627125 -0.0058685 -0.00535626 -0.0047355 -0.0041108 -0.00348792 -0.0029352 -0.00244037 -0.0020679 -0.00173582 -0.00145928 -0.00123358 -0.00109202 -0.000960854 -0.000842974 -0.000744902 -0.000675992 -0.000612561 -0.000553124 -0.000501812 -0.00044503 -0.000403559 -0.000367886 -0.000336261 -0.000280404 -0.000248921 -0.000223775 -0.000200126 -0.00014423 -0.00011752 -9.55914e-05 -7.29807e-05 -1.72661e-05 9.20865e-06 3.37253e-05 6.05198e-05 0.000115611 0.000147727 0.000182165 0.000218876 0.000273432 0.000320937 0.000377792 0.000435777 0.000498106 0.000583559 0.000692488 0.000811293 0.000933327 0.00112824 0.00137704 0.00167778 0.00201149 0.00246138 0.00297581 0.00356918 0.00417798 0.00480491 0.00534369 0.00580126 0.00607317 0.00608386 0.00575393 0.0050992 0.0041046 0.00279313 0.00125563 -0.000463692 -0.00224236 -0.00396798 -0.00548473 -0.00676288 -0.00769012 -0.0082761 -0.00851939 -0.00843959 -0.00807317 -0.00749495 -0.00676288 -0.00590529 -0.00506231 -0.00425119 -0.00350396 -0.00282224 -0.00224423 -0.00177615 -0.00139552 -0.0010758 -0.000809771 -0.000640549 -0.000493237 -0.000387537 -0.000337015 -0.000283349 -0.000237117 -0.000224521 -0.00021897 -0.000200713 -0.000208127 -0.000205585 -0.000187592 -0.000190328 -0.000187771 -0.000184541 -0.00018966 -0.000190817 -0.00018955 -0.000183865 -0.000186781 -0.000186882 -0.000181233 -0.000195194 -0.000187653 -0.000182474 -0.000192712 -0.000171932 -0.000178897 -0.000182989 -0.000170203 -0.000190469 -0.000183026 -0.000181801 -0.00019223 -0.000175245 -0.000182144 -0.000179056 -0.000171854 -0.000182762 -0.000174795 -0.000181323 
0 -4.95796e-07 -3.22608e-06 2.12326e-07 4.3521e-06 1.1468e-06 1.25649e-05 1.18337e-05 8.60024e-06 1.92829e-05 4.48105e-06 1.08552e-05 1.49315e-05 2.9527e-06 2.34252e-05 1.53873e-05 1.55674e-05 2.82463e-05 1.368e-05 2.30339e-05 2.61968e-05 2.45405e-05 2.90555e-05 3.30047e-05 2.70763e-05 2.06682e-05 3.45642e-05 1.99183e-05 3.4808e-05 4.70922e-05 3.40833e-05 5.32937e-05 4.78806e-05 6.23395e-05 8.14713e-05 0.000112376 0.000162328 0.000211637 0.000314976 0.000452067 0.000652779 0.000914722 0.00127769 0.00171751 0.00225971 0.00298105 0.00381014 0.00477814 0.00588225 0.00711795 0.00840974 0.00969774 0.0108791 0.0118451 0.0125306 0.0127863 0.0125828 0.0118659 0.0106246 0.00885097 0.00665126 0.00412144 0.00141935 -0.00123455 -0.00369744 -0.00583014 -0.00753878 -0.00873438 -0.00943769 -0.00961644 -0.0093584 -0.00878089 -0.00801363 -0.00711053 -0.00616945 -0.00525786 -0.00441585 -0.00369445 -0.00310862 -0.00262273 -0.0021938 -0.00187002 -0.00163306 -0.00144484 -0.00125992 -0.00112178 -0.00100691 -0.000916795 -0.000823837 -0.000748794 -0.000663838 -0.000602164 -0.000547263 -0.000496249 -0.000420249 -0.000369755 -0.000332103 -0.000290182 -0.000217706 -0.000172102 -0.000139824 -9.90118e-05 -2.69656e-05 1.87243e-05 5.52706e-05 0.00010066 0.000175016 0.000227488 0.000280033 0.000336619 0.00041734 0.000488775 0.000576688 0.000660081 0.0007637 0.00088599 0.0010554 0.00122509 0.0014311 0.00171144 0.00209665 0.00253448 0.0030616 0.00371647 0.00450134 0.00536778 0.00628685 0.0071959 0.00800516 0.00866162 0.00905011 0.00904495 0.00854201 0.00755745 0.00605846 0.00411561 0.00180664 -0.000736016 -0.00339067 -0.00593404 -0.00820566 -0.0100912 -0.0114785 -0.0123474 -0.0127073 -0.012605 -0.0120539 -0.0111931 -0.0100855 -0.00885587 -0.00759418 -0.00636196 -0.00523017 -0.00424722 -0.00341368 -0.00266734 -0.00208618 -0.00162006 -0.00125165 -0.000969604 -0.000756625 -0.000604764 -0.000483161 -0.000420159 -0.000368319 -0.000345652 -0.000315029 -0.0003003 -0.000302274 -0.000278213 -0.00029788 -0.000294284 -0.000285741 -0.000293738 -0.000284471 -0.000280519 -0.000280969 -0.000287494 -0.000275104 -0.000283663 -0.000280777 -0.000264505 -0.000282178 -0.000267998 -0.000273209 -0.000285318 -0.000271115 -0.000283432 -0.000275101 -0.000268716 -0.00027326 -0.000263715 -0.000269531 -0.000269518 -0.000270452 -0.000274515 -0.000272407 -0.000274674 -0.000270352 -0.000269981 
0 1.43868e-06 9.28661e-06 4.3521e-06 7.30252e-06 7.50636e-06 5.51001e-06 1.0674e-05 7.72479e-06 1.35056e-05 1.61428e-05 1.59464e-05 2.26121e-05 1.8921e-05 2.21815e-05 2.33117e-05 2.15065e-05 2.76662e-05 2.63067e-05 2.94138e-05 3.14239e-05 3.02747e-05 3.33431e-05 3.52136e-05 3.8121e-05 4.20827e-05 4.61193e-05 4.44787e-05 4.85629e-05 4.85723e-05 4.9546e-05 6.27041e-05 6.66834e-05 8.47434e-05 0.000109957 0.00014192 0.000205557 0.000298075 0.000430873 0.000622337 0.000888705 0.00123837 0.00171111 0.00231424 0.00306295 0.00398779 0.00508649 0.00638153 0.00786063 0.00948001 0.011176 0.0128721 0.0144266 0.0157025 0.0165802 0.0169217 0.0166462 0.0156986 0.0140517 0.0117236 0.00882724 0.0055016 0.00196145 -0.00153867 -0.00478489 -0.00760867 -0.00986844 -0.0114766 -0.0124172 -0.0126896 -0.0123863 -0.0116593 -0.0106606 -0.00948742 -0.00825666 -0.00705333 -0.00594535 -0.00498466 -0.00419552 -0.00353353 -0.00297184 -0.00253135 -0.0022053 -0.00193994 -0.00170341 -0.00151125 -0.00135783 -0.00122911 -0.00111044 -0.00100288 -0.000896796 -0.000809604 -0.000735962 -0.000660907 -0.000570665 -0.000499912 -0.000445724 -0.000383768 -0.000299813 -0.00023575 -0.000187608 -0.000128127 -4.4866e-05 2.00466e-05 7.27493e-05 0.000137788 0.000225524 0.000300748 0.000371107 0.000451405 0.000551462 0.000653412 0.000764793 0.000882769 0.00102076 0.00119248 0.00140704 0.00164456 0.00192896 0.00231409 0.00281662 0.00341346 0.00412576 0.00500303 0.00603752 0.00718655 0.00839221 0.00957897 0.0106376 0.0114777 0.0119562 0.0119148 0.0112392 0.00991062 0.00792557 0.00535042 0.00230589 -0.00105353 -0.00453288 -0.00788026 -0.0108712 -0.0133498 -0.0151869 -0.016342 -0.0168267 -0.0166847 -0.0159827 -0.0148524 -0.0134055 -0.0117759 -0.0101088 -0.00849706 -0.00700528 -0.00568071 -0.00454541 -0.00358545 -0.00280724 -0.0021746 -0.00167296 -0.00129651 -0.00101203 -0.000806059 -0.000664386 -0.000566134 -0.000493456 -0.000456153 -0.000427894 -0.000409821 -0.000405801 -0.000392969 -0.000388934 -0.000384609 -0.000379697 -0.000379737 -0.000379206 -0.000377497 -0.000376148 -0.00037568 -0.00037104 -0.000373741 -0.000371836 -0.000371001 -0.000374125 -0.000367392 -0.000369229 -0.000365133 -0.000361415 -0.000365051 -0.000360334 -0.000364829 -0.000364836 -0.000362948 -0.000366244 -0.00036089 -0.000362314 -0.000359758 -0.000356605 -0.000360479 -0.000356735 -0.000361049 
0 -2.73955e-06 9.08234e-06 1.1468e-06 7.50636e-06 1.56239e-05 5.15673e-06 1.63216e-05 1.48953e-05 1.05692e-05 2.54968e-05 1.65177e-05 2.24009e-05 3.0776e-05 1.95899e-05 3.24087e-05 3.08167e-05 2.80555e-05 3.94559e-05 3.52487e-05 3.87002e-05 4.10513e-05 4.32375e-05 4.22516e-05 4.67422e-05 5.52558e-05 4.70759e-05 6.08173e-05 6.01059e-05 5.55354e-05 7.21649e-05 7.38753e-05 8.87477e-05 0.000108125 0.000142935 0.000185822 0.000259704 0.000388311 0.00054712 0.00079344 0.00112811 0.00157568 0.00216011 0.00291785 0.00387213 0.00500995 0.00638986 0.00800268 0.00984121 0.0118379 0.0139312 0.0160133 0.0179148 0.019483 0.020536 0.0209543 0.0206005 0.0194228 0.017381 0.0145225 0.0109594 0.00687772 0.00254525 -0.00176399 -0.00576375 -0.00925717 -0.0120567 -0.0140794 -0.0152644 -0.0156528 -0.0153359 -0.0144901 -0.0132834 -0.0118631 -0.0103602 -0.00887707 -0.00751219 -0.00631383 -0.00531405 -0.00446924 -0.00377542 -0.00321386 -0.00278958 -0.00244035 -0.0021529 -0.00190459 -0.00171033 -0.0015403 -0.00139555 -0.00125412 -0.00112933 -0.00101592 -0.000921161 -0.00082054 -0.000720689 -0.000629523 -0.000555087 -0.000471537 -0.000381503 -0.000298706 -0.000230469 -0.000150871 -6.16822e-05 2.3127e-05 9.59779e-05 0.000182065 0.000278885 0.00037796 0.000468922 0.000574595 0.000692044 0.000826027 0.00096144 0.00111674 0.00129169 0.00151559 0.00177411 0.00208485 0.0024566 0.00295183 0.00357048 0.00433181 0.00523692 0.00633694 0.00761324 0.0090344 0.0105103 0.0119529 0.0132381 0.0142319 0.0147666 0.0146621 0.0138013 0.0121211 0.00965505 0.00646298 0.00270738 -0.00143696 -0.00569746 -0.00980836 -0.0134861 -0.0165304 -0.0188005 -0.0202342 -0.0208442 -0.0206685 -0.0198286 -0.0184378 -0.0166717 -0.014669 -0.0126122 -0.0106227 -0.00877887 -0.00713039 -0.00570095 -0.00452276 -0.00353786 -0.00274429 -0.0021165 -0.00164419 -0.00128482 -0.00101785 -0.000846645 -0.000711155 -0.000625266 -0.000569425 -0.000539223 -0.000514247 -0.000498031 -0.000500263 -0.000479698 -0.000481135 -0.000481373 -0.000472309 -0.000476183 -0.000473547 -0.000472033 -0.000465339 -0.000470558 -0.000464844 -0.000460446 -0.000471065 -0.000456799 -0.000461903 -0.000463546 -0.000450388 -0.000461542 -0.000454561 -0.000452356 -0.000460288 -0.000451084 -0.000455117 -0.00045443 -0.000448283 -0.000453503 -0.00044996 -0.000449513 -0.000453057 -0.000448637 -0.000450369 
0 7.87941e-06 -8.66866e-06 1.25649e-05 5.51001e-06 5.15673e-06 2.43161e-05 9.01061e-06 2.52705e-05 2.63502e-05 1.2998e-05 3.18423e-05 2.00471e-05 2.42039e-05 3.80207e-05 2.89939e-05 4.05001e-05 4.1451e-05 3.90114e-05 4.39704e-05 4.66218e-05 5.19532e-05 5.13414e-05 6.10303e-05 5.74696e-05 5.14416e-05 6.47529e-05 5.94932e-05 6.48422e-05 8.55289e-05 8.33056e-05 8.94508e-05 0.000113201 0.000131137 0.000166207 0.000244808 0.000338055 0.00046271 0.000681455 0.000972437 0.00137157 0.00192988 0.00264366 0.00354515 0.00466567 0.00606482 0.00772904 0.00964525 0.0118065 0.0141847 0.0166769 0.0190995 0.0213297 0.0231531 0.0243874 0.0248514 0.0244242 0.0230128 0.0205962 0.0172378 0.0130381 0.00826241 0.00317443 -0.00187914 -0.00661368 -0.0107331 -0.0140761 -0.0164996 -0.0179518 -0.0184768 -0.0181856 -0.0172599 -0.0158733 -0.0142426 -0.0124787 -0.0107468 -0.00912066 -0.00770384 -0.00647016 -0.00545494 -0.00460802 -0.00393726 -0.00338961 -0.0029651 -0.00260925 -0.00231542 -0.00206631 -0.0018622 -0.0016803 -0.0015116 -0.00136328 -0.00122762 -0.00110529 -0.000981123 -0.00087243 -0.000761778 -0.000663552 -0.000557562 -0.000464937 -0.00036273 -0.00027202 -0.000170687 -7.93042e-05 2.58267e-05 0.000121834 0.000229434 0.000333843 0.000454913 0.000571796 0.000700498 0.000838976 0.000999107 0.00116778 0.00135445 0.00157873 0.00184512 0.00216279 0.00253826 0.00302102 0.0036156 0.00437067 0.00528387 0.00640646 0.00771214 0.00923911 0.0109026 0.0126436 0.0143057 0.0157958 0.0169028 0.0174586 0.0172635 0.0161943 0.014168 0.0112144 0.00744133 0.0029883 -0.00188085 -0.00689098 -0.0116998 -0.0160364 -0.0196098 -0.0222963 -0.0239998 -0.0247284 -0.0245478 -0.0235698 -0.0219462 -0.0198616 -0.0175445 -0.0151137 -0.0127408 -0.0105437 -0.00860108 -0.00691053 -0.00546356 -0.00427648 -0.00333062 -0.00259259 -0.00199877 -0.00156923 -0.00125565 -0.00101075 -0.000861598 -0.000768965 -0.000691905 -0.000641822 -0.000622503 -0.000595894 -0.000581587 -0.000591448 -0.00058094 -0.000575487 -0.000578947 -0.000567401 -0.00056495 -0.000565527 -0.000565455 -0.000561502 -0.000559217 -0.000561099 -0.000546544 -0.000553043 -0.000554022 -0.000543419 -0.000561313 -0.000550278 -0.00054729 -0.000556856 -0.000536545 -0.000545096 -0.000543753 -0.000534401 -0.000548789 -0.000539267 -0.000542666 -0.000547866 -0.000536864 -0.000545902 -0.000539012 
0 3.92886e-06 1.17443e-05 1.18337e-05 1.0674e-05 1.63216e-05 9.01061e-06 1.49814e-05 2.09423e-05 1.34391e-05 3.32224e-05 3.10347e-05 3.04842e-05 4.73584e-05 3.0067e-05 4.07776e-05 4.54745e-05 3.57406e-05 5.47461e-05 5.11361e-05 5.16016e-05 5.79074e-05 5.78836e-05 5.74089e-05 6.76793e-05 7.97862e-05 7.1132e-05 9.11106e-05 8.32349e-05 7.85387e-05 0.000101054 0.000100252 0.000133295 0.000158576 0.000208707 0.00028019 0.000385913 0.000577722 0.000821625 0.00117601 0.00165347 0.00230101 0.00312233 0.00419859 0.00554933 0.00713361 0.00905593 0.0112883 0.0138103 0.0165255 0.0193512 0.0221207 0.0246494 0.02672 0.0280786 0.0285998 0.0280845 0.0264576 0.0236816 0.019849 0.015076 0.00964495 0.00388274 -0.00188557 -0.00728273 -0.0120243 -0.0158737 -0.0187151 -0.0204386 -0.0211395 -0.0209121 -0.0199469 -0.0184325 -0.0166115 -0.0146325 -0.0126531 -0.0108036 -0.00914587 -0.00770322 -0.00648631 -0.00550599 -0.00469345 -0.00403985 -0.00351011 -0.0030995 -0.00273853 -0.00244853 -0.00219271 -0.00198179 -0.00177549 -0.00161108 -0.0014458 -0.00129796 -0.00114743 -0.00103116 -0.000900287 -0.000776102 -0.000649071 -0.00055168 -0.00043254 -0.000315632 -0.000195032 -9.90289e-05 2.39033e-05 0.000145619 0.000274449 0.00038596 0.000529546 0.000671048 0.000828186 0.000981538 0.00117479 0.0013695 0.0016024 0.00186345 0.00219014 0.00255401 0.00302143 0.00359892 0.00432366 0.00519685 0.00629396 0.00761118 0.00915005 0.0108937 0.0128062 0.0147687 0.0166413 0.0182855 0.0194752 0.0200105 0.0196916 0.0184019 0.0160143 0.0126019 0.00824881 0.00316337 -0.00240574 -0.0080859 -0.0135621 -0.0184892 -0.0225698 -0.0256481 -0.0276171 -0.0284763 -0.0282746 -0.0272013 -0.0253696 -0.0230224 -0.0203568 -0.0175851 -0.0148867 -0.0123633 -0.0100824 -0.00808762 -0.00645144 -0.00506199 -0.00393663 -0.00305265 -0.00236902 -0.00185548 -0.00147774 -0.00122387 -0.0010213 -0.000899103 -0.000808454 -0.000763848 -0.000734194 -0.000703043 -0.000707239 -0.000674878 -0.000670775 -0.000673015 -0.000660072 -0.000665731 -0.000665034 -0.000659831 -0.000650218 -0.000659619 -0.000647687 -0.000649445 -0.000663043 -0.000641861 -0.00065445 -0.000645775 -0.000630661 -0.000644209 -0.000629235 -0.000635745 -0.000642282 -0.000634101 -0.00064264 -0.000637182 -0.000633965 -0.000633921 -0.000628386 -0.000628582 -0.000627839 -0.000629434 -0.000630829 
0 2.73315e-06 -3.42079e-06 8.60024e-06 7.72479e-06 1.48953e-05 2.52705e-05 2.09423e-05 3.04226e-05 2.70058e-05 2.83008e-05 3.36027e-05 2.79933e-05 4.03726e-05 4.02852e-05 4.53391e-05 5.48292e-05 4.95606e-05 5.91697e-05 5.81972e-05 6.0834e-05 7.00565e-05 6.95152e-05 7.53515e-05 7.65994e-05 7.63015e-05 7.82133e-05 8.75949e-05 9.13844e-05 0.00010459 0.000120414 0.000123779 0.00015694 0.000187805 0.000244481 0.000347026 0.00047641 0.000677797 0.000968675 0.00137627 0.00193378 0.00268912 0.00365065 0.00487296 0.00639858 0.00823883 0.0104432 0.0129698 0.0157926 0.0188524 0.0220187 0.0250891 0.027876 0.0301446 0.0316353 0.0321739 0.0315691 0.0297199 0.0266135 0.0223373 0.0170374 0.0110211 0.00463397 -0.00176878 -0.00779309 -0.0131032 -0.0174559 -0.0206925 -0.0227177 -0.0236139 -0.0234948 -0.0225322 -0.0209362 -0.018965 -0.0167938 -0.0146021 -0.01253 -0.0106493 -0.00898301 -0.0075773 -0.00643543 -0.00549024 -0.00470839 -0.00408281 -0.0035919 -0.00317557 -0.00282865 -0.0025312 -0.00227588 -0.00204333 -0.00185171 -0.00166472 -0.00148351 -0.00131479 -0.00118248 -0.00103663 -0.000882929 -0.000740209 -0.000630863 -0.000498667 -0.00035342 -0.000217592 -0.000109751 2.66643e-05 0.000177534 0.000323232 0.000450373 0.000609865 0.000783524 0.000963063 0.00114235 0.00135874 0.00159414 0.00186538 0.00217871 0.00255412 0.00298857 0.00353991 0.00423387 0.00507884 0.00609873 0.00736751 0.00889613 0.0106506 0.0126149 0.0147411 0.0169068 0.0189485 0.0207049 0.0219286 0.022398 0.0219258 0.0203788 0.0176395 0.0137629 0.00887249 0.00317978 -0.00301368 -0.00932051 -0.0153883 -0.0208604 -0.0254078 -0.0288471 -0.0310669 -0.032049 -0.0318653 -0.0306884 -0.0286742 -0.0260785 -0.0231382 -0.0200465 -0.0169994 -0.0141558 -0.0115942 -0.00934315 -0.00744282 -0.00585081 -0.00457212 -0.00356385 -0.00277067 -0.00217283 -0.00173238 -0.00141125 -0.00118692 -0.00104914 -0.000938286 -0.00087444 -0.000834998 -0.000797673 -0.000791278 -0.000780847 -0.00077513 -0.00077259 -0.000766688 -0.000759374 -0.000757785 -0.000756087 -0.000750304 -0.000755147 -0.000744547 -0.000742883 -0.000740917 -0.000730842 -0.00073945 -0.00073325 -0.000736665 -0.000740143 -0.000731156 -0.000735923 -0.000726662 -0.000724697 -0.00072505 -0.000718081 -0.000725486 -0.000722005 -0.000724391 -0.000728398 -0.000721511 -0.000725812 -0.000719775 
0 1.11328e-05 1.05282e-06 1.92829e-05 1.35056e-05 1.05692e-05 2.63502e-05 1.34391e-05 2.70058e-05 3.58025e-05 2.7237e-05 4.52473e-05 4.06591e-05 4.21941e-05 5.37969e-05 4.65407e-05 5.61329e-05 5.90446e-05 6.05461e-05 6.70465e-05 6.8565e-05 7.60993e-05 7.40838e-05 8.48407e-05 8.88376e-05 8.65868e-05 0.000103487 9.94686e-05 0.000104688 0.000120533 0.000125352 0.000143846 0.000176639 0.000221436 0.00028307 0.000401191 0.000562041 0.000789969 0.00114227 0.00160913 0.00224956 0.00310082 0.00420094 0.00558971 0.00730012 0.00938166 0.0118364 0.0146571 0.0177841 0.0211608 0.0246231 0.0279646 0.0309865 0.033419 0.0350173 0.0355514 0.0348561 0.0327968 0.029386 0.0247041 0.0189371 0.0124037 0.00545749 -0.00150871 -0.00810385 -0.013942 -0.0187781 -0.0224035 -0.0247539 -0.0258775 -0.0259101 -0.0250013 -0.0233795 -0.0213023 -0.018977 -0.0166044 -0.014326 -0.0122311 -0.0103461 -0.00875084 -0.00743305 -0.00634759 -0.00543112 -0.00470322 -0.00411825 -0.00364271 -0.00323334 -0.00289158 -0.00258622 -0.00232795 -0.00210344 -0.00189403 -0.00167896 -0.00149384 -0.00133883 -0.00117799 -0.000996759 -0.000840242 -0.00071188 -0.000567185 -0.000396506 -0.000247171 -0.000120669 2.79652e-05 0.000205394 0.000366545 0.000515258 0.000688661 0.000893777 0.00109501 0.00130469 0.00154229 0.00182222 0.00213329 0.00250275 0.00292798 0.00344489 0.00408627 0.00490219 0.00587322 0.00705502 0.00849914 0.0102378 0.012203 0.0143788 0.016694 0.0190327 0.0212071 0.0230273 0.0242375 0.0246006 0.0239436 0.0221141 0.0190251 0.0147 0.00930689 0.00305684 -0.00369357 -0.0105652 -0.0171591 -0.0231168 -0.028091 -0.0318674 -0.0343281 -0.0354341 -0.035286 -0.0340305 -0.0318782 -0.0290629 -0.0258662 -0.0224863 -0.0191339 -0.0159831 -0.0131234 -0.0106154 -0.00846468 -0.00668272 -0.00523189 -0.00408145 -0.00317509 -0.00249312 -0.00199663 -0.00161687 -0.00136643 -0.00119434 -0.00106971 -0.000993499 -0.000949439 -0.000915843 -0.000889656 -0.000887282 -0.000869737 -0.000861468 -0.000864497 -0.000851836 -0.000852724 -0.000848759 -0.00084563 -0.000842193 -0.00083897 -0.000842243 -0.000831673 -0.000837657 -0.000833928 -0.00082348 -0.000833329 -0.000819476 -0.000820177 -0.000825575 -0.000812088 -0.00082362 -0.000819707 -0.000813647 -0.000823024 -0.000810767 -0.000812865 -0.000814925 -0.000805848 -0.000815256 -0.000811286 
0 -2.89595e-06 1.765e-05 4.48105e-06 1.61428e-05 2.54968e-05 1.2998e-05 3.32224e-05 2.83008e-05 2.7237e-05 4.46792e-05 3.53747e-05 4.86116e-05 5.4809e-05 4.85668e-05 6.08209e-05 6.01807e-05 6.34496e-05 7.00426e-05 7.64119e-05 7.80185e-05 7.98371e-05 9.18658e-05 8.35067e-05 9.54397e-05 0.00010872 0.000100311 0.000119904 0.000124425 0.000123237 0.000145017 0.000168962 0.000199803 0.00025411 0.000346088 0.00045788 0.000643562 0.000933165 0.00131541 0.0018551 0.00258667 0.00354319 0.00476567 0.00632646 0.00825991 0.0105521 0.0132533 0.0163566 0.0198016 0.0234541 0.0271699 0.0307649 0.0339773 0.0365497 0.0382031 0.0387298 0.0379206 0.0356717 0.0319717 0.0269265 0.0207572 0.0137656 0.0063446 -0.00112703 -0.00821043 -0.0145495 -0.0198215 -0.0238441 -0.026523 -0.0279143 -0.0281308 -0.0273298 -0.0257384 -0.0235981 -0.0211684 -0.0186365 -0.0161832 -0.0138697 -0.011792 -0.00998793 -0.00849979 -0.0072459 -0.00620831 -0.0053523 -0.00467877 -0.00412133 -0.00365967 -0.00325607 -0.00291106 -0.00261438 -0.0023622 -0.00211981 -0.00188194 -0.00167404 -0.00149634 -0.00131406 -0.00111516 -0.000941476 -0.000791065 -0.000629407 -0.000442296 -0.00027654 -0.000127962 3.74703e-05 0.00023231 0.00041369 0.000585038 0.000779288 0.00100606 0.00123799 0.00147422 0.00174506 0.00206042 0.00242763 0.00284394 0.00333958 0.00393407 0.00469135 0.00561631 0.00674032 0.00807955 0.00972232 0.0116472 0.0138319 0.0161904 0.0186808 0.021144 0.0234151 0.0252411 0.0263855 0.0266021 0.0257185 0.0235916 0.0201367 0.015398 0.00951944 0.00278552 -0.00447153 -0.0118237 -0.0188904 -0.0252622 -0.0306199 -0.0347053 -0.0373861 -0.0386299 -0.0385115 -0.0372169 -0.0349483 -0.0319684 -0.0285188 -0.0248836 -0.02127 -0.0178281 -0.0146716 -0.0118933 -0.0095387 -0.00755063 -0.00591895 -0.00462152 -0.00361729 -0.0028408 -0.00226151 -0.00185869 -0.00155066 -0.00133808 -0.00120866 -0.00111919 -0.00105614 -0.00102232 -0.00100445 -0.000972076 -0.000968357 -0.000966857 -0.000948953 -0.000957022 -0.0009508 -0.00094118 -0.000940988 -0.000937364 -0.00093366 -0.000929828 -0.000936211 -0.000924241 -0.000923315 -0.000927303 -0.000908819 -0.000920142 -0.000915935 -0.000906834 -0.00092164 -0.000906408 -0.000909251 -0.000914003 -0.000898775 -0.00091046 -0.000904059 -0.000898858 -0.000909952 -0.000897637 -0.000903721 
0 4.81809e-06 7.64384e-07 1.08552e-05 1.59464e-05 1.65177e-05 3.18423e-05 3.10347e-05 3.36027e-05 4.52473e-05 3.53747e-05 4.57638e-05 5.07401e-05 4.28443e-05 6.41761e-05 6.32454e-05 6.60803e-05 8.14781e-05 7.36634e-05 8.07584e-05 8.77934e-05 9.03204e-05 9.60993e-05 0.000106539 0.000107356 0.000103372 0.000120161 0.000114606 0.000130929 0.000154017 0.000163151 0.000196516 0.000226318 0.000295924 0.0003851 0.00053879 0.000768925 0.00106228 0.00151087 0.00211715 0.00293676 0.00400451 0.00539612 0.00711141 0.00920052 0.0117593 0.0147267 0.0180991 0.0217843 0.0257121 0.0296844 0.0334795 0.0368394 0.0394953 0.0412105 0.0416813 0.0407653 0.0383184 0.0343689 0.0290034 0.0224865 0.0151175 0.0072795 -0.000599116 -0.00812866 -0.0148911 -0.0205914 -0.0249798 -0.028021 -0.0296935 -0.0301436 -0.0294976 -0.0279923 -0.0258485 -0.023351 -0.0207099 -0.0180852 -0.0155904 -0.0133084 -0.0113205 -0.0096257 -0.00821943 -0.00702828 -0.00606078 -0.00526396 -0.00463837 -0.00409575 -0.00364584 -0.00324143 -0.0029197 -0.00261879 -0.00235496 -0.00208576 -0.00186517 -0.00164916 -0.00145245 -0.00123344 -0.00104958 -0.000864493 -0.000690492 -0.000486648 -0.000310437 -0.000127543 4.97263e-05 0.000263725 0.000457744 0.000666146 0.000873565 0.00112916 0.00138034 0.00166205 0.00195472 0.00232322 0.00273148 0.0032205 0.00377314 0.00447803 0.00533555 0.006401 0.00766156 0.00919617 0.0110156 0.0131438 0.0155121 0.0180575 0.0206756 0.0232365 0.0255439 0.0273273 0.0283525 0.0283748 0.0272415 0.0247809 0.0209784 0.0158262 0.00953 0.00234521 -0.00532331 -0.0131047 -0.0205566 -0.0272933 -0.0329828 -0.0373401 -0.0402303 -0.0416005 -0.0415631 -0.040226 -0.0378778 -0.0347517 -0.0311359 -0.0272646 -0.0233686 -0.0196606 -0.0162619 -0.0132524 -0.0106116 -0.00843307 -0.0066491 -0.00520956 -0.00407914 -0.00321349 -0.0025636 -0.00207112 -0.0017518 -0.00151084 -0.00135129 -0.0012405 -0.00116603 -0.00112764 -0.00108797 -0.0010896 -0.00107242 -0.00105887 -0.00105997 -0.0010455 -0.00104169 -0.00104126 -0.00104207 -0.00102958 -0.00103366 -0.00102565 -0.00101014 -0.0010242 -0.00100963 -0.0010127 -0.00102335 -0.00100584 -0.00101471 -0.00100919 -0.000997444 -0.00100526 -0.000995654 -0.000995268 -0.00100089 -0.000994126 -0.00099888 -0.000999378 -0.000993463 -0.000997656 -0.000993173 
0 5.45271e-06 1.80456e-05 1.49315e-05 2.26121e-05 2.24009e-05 2.00471e-05 3.04842e-05 2.79933e-05 4.06591e-05 4.86116e-05 5.07401e-05 6.37615e-05 5.92873e-05 6.82688e-05 6.89191e-05 6.65238e-05 8.16639e-05 7.77918e-05 9.10663e-05 9.73988e-05 9.4974e-05 0.000107903 0.000106277 0.000115707 0.000127283 0.000134429 0.000141057 0.000151468 0.000158301 0.000172012 0.000215627 0.000253847 0.00033719 0.000453222 0.000608648 0.000868127 0.00122406 0.00173122 0.00241836 0.00333072 0.00451092 0.00602851 0.00792618 0.0102388 0.0130089 0.0161957 0.0198237 0.0237932 0.0279489 0.0321133 0.0360753 0.0395594 0.0422815 0.0439941 0.0444062 0.0433657 0.0407501 0.0365651 0.0309353 0.0241309 0.0164528 0.00828379 6.06603e-05 -0.00782978 -0.0149772 -0.0210512 -0.0258162 -0.0292124 -0.031209 -0.0319212 -0.031491 -0.0301227 -0.0280376 -0.0255261 -0.0228096 -0.0200488 -0.017384 -0.0149247 -0.0127405 -0.010849 -0.00926321 -0.00792726 -0.006821 -0.00591003 -0.0051863 -0.00457087 -0.00405216 -0.00360323 -0.00323492 -0.00289418 -0.00259211 -0.00230747 -0.00205908 -0.00181236 -0.00158774 -0.00136316 -0.00115743 -0.000944097 -0.00074587 -0.000539102 -0.000341873 -0.000131139 7.01489e-05 0.000288821 0.000506748 0.000744335 0.000979693 0.0012482 0.00153243 0.00184975 0.00218449 0.0025907 0.00305917 0.00361073 0.00424856 0.00505369 0.00603751 0.00723342 0.00865856 0.0103792 0.0123933 0.0147012 0.017249 0.0199492 0.0226723 0.0252813 0.0275723 0.0292619 0.0301123 0.0299082 0.0284827 0.0256899 0.0215242 0.016005 0.00932192 0.00176889 -0.00625553 -0.0143782 -0.0221544 -0.0291894 -0.035156 -0.0397649 -0.0428447 -0.0443552 -0.0443873 -0.0430702 -0.0406798 -0.0374492 -0.0336615 -0.0295997 -0.0255025 -0.0215339 -0.0178576 -0.0145987 -0.011759 -0.00937635 -0.00739929 -0.00580561 -0.00455638 -0.00359663 -0.00286975 -0.00233579 -0.0019552 -0.00166836 -0.00149795 -0.00137453 -0.00129178 -0.0012508 -0.00120639 -0.0011824 -0.00116671 -0.00115671 -0.00114763 -0.00114876 -0.0011394 -0.00113073 -0.00113282 -0.00111795 -0.00112571 -0.00112289 -0.00111787 -0.00112466 -0.00110917 -0.00110991 -0.00110283 -0.00109506 -0.00109972 -0.00109215 -0.00109803 -0.00109708 -0.00109406 -0.00109742 -0.001089 -0.00108941 -0.00108625 -0.0010821 -0.00108595 -0.00108247 -0.00108604 
0 -4.50146e-06 1.46639e-05 2.9527e-06 1.8921e-05 3.0776e-05 2.42039e-05 4.73584e-05 4.03726e-05 4.21941e-05 5.4809e-05 4.28443e-05 5.92873e-05 6.34974e-05 6.64416e-05 8.05031e-05 7.97892e-05 9.20455e-05 9.00088e-05 9.83276e-05 0.000104984 0.000101292 0.000122538 0.000115778 0.000123277 0.000138183 0.000129727 0.000149422 0.000164264 0.00017675 0.00020525 0.000246396 0.00029357 0.000378243 0.000521185 0.000702617 0.000994562 0.00140235 0.00195398 0.0027232 0.00373177 0.00504847 0.00671228 0.00877737 0.0112935 0.0142812 0.0177232 0.0215876 0.0257928 0.0301479 0.034493 0.0385875 0.0421402 0.0448885 0.0465614 0.0468992 0.0457168 0.0429378 0.0385436 0.0327004 0.0256659 0.0177467 0.00932873 0.000833983 -0.00734025 -0.0148129 -0.0212148 -0.0263446 -0.0300924 -0.032437 -0.0334443 -0.0332767 -0.0320967 -0.0301311 -0.0276595 -0.0249064 -0.0220441 -0.0192329 -0.0166141 -0.014236 -0.0121512 -0.0103734 -0.00888625 -0.0076292 -0.0066013 -0.00576298 -0.0050689 -0.00447286 -0.00398136 -0.00355691 -0.00317578 -0.0028307 -0.00253442 -0.00225293 -0.00197716 -0.00172098 -0.00149415 -0.00126276 -0.00102328 -0.000797191 -0.000590242 -0.00036856 -0.000131858 9.78204e-05 0.000318471 0.000563922 0.000829549 0.00109921 0.00137792 0.00169967 0.00205346 0.00244103 0.00288413 0.00342055 0.00404013 0.00478078 0.00569023 0.00681268 0.00814629 0.00975139 0.0116581 0.0138692 0.0163434 0.0190528 0.0218768 0.0246717 0.0272786 0.0294934 0.0310339 0.0316589 0.0311865 0.0294354 0.0263016 0.0217714 0.0159163 0.00889329 0.00104001 -0.00727546 -0.0156596 -0.0236924 -0.030966 -0.0371564 -0.041978 -0.0452293 -0.0468884 -0.0470024 -0.04573 -0.043315 -0.0400286 -0.0361199 -0.0318882 -0.0275891 -0.0233936 -0.019493 -0.0159888 -0.0129324 -0.0103363 -0.00819227 -0.00645597 -0.00508216 -0.0040181 -0.00319569 -0.00260822 -0.00217104 -0.00185543 -0.00165598 -0.00150534 -0.00140504 -0.00134825 -0.00131287 -0.00127929 -0.00127244 -0.00126315 -0.00124102 -0.00124934 -0.00123517 -0.00123029 -0.0012344 -0.00122086 -0.00122233 -0.00121081 -0.00120915 -0.00120359 -0.00119799 -0.00120626 -0.00119303 -0.00120212 -0.00119924 -0.00118624 -0.00119735 -0.00118048 -0.00118119 -0.00118669 -0.00117282 -0.00118558 -0.00118047 -0.00117575 -0.00118592 -0.00117274 -0.00117733 
0 1.26827e-05 3.96048e-06 2.34252e-05 2.21815e-05 1.95899e-05 3.80207e-05 3.0067e-05 4.02852e-05 5.37969e-05 4.85668e-05 6.41761e-05 6.82688e-05 6.64416e-05 7.69337e-05 8.0547e-05 8.44652e-05 9.31475e-05 0.000101117 9.98285e-05 0.00011246 0.00012036 0.000115857 0.0001381 0.000137753 0.000139195 0.000160634 0.000158347 0.000174379 0.000197014 0.000224743 0.00026418 0.000329124 0.000438288 0.000574124 0.000808173 0.00114023 0.00158352 0.00221535 0.00306771 0.00418071 0.00560955 0.00744588 0.00968434 0.0123794 0.0155911 0.0192716 0.0233677 0.0277551 0.0323049 0.036797 0.0409798 0.044567 0.0472996 0.0489198 0.0491446 0.047832 0.0448817 0.0403267 0.0343095 0.0271063 0.0190172 0.0104217 0.00173825 -0.00666297 -0.0143805 -0.0210885 -0.026547 -0.0306623 -0.0333588 -0.0347118 -0.0348395 -0.0339087 -0.0321222 -0.0297472 -0.0270061 -0.024076 -0.0211586 -0.0183853 -0.0158369 -0.0135475 -0.011587 -0.00991832 -0.00851992 -0.00734829 -0.00639952 -0.00559672 -0.00493428 -0.00437697 -0.00390493 -0.00346396 -0.00308828 -0.00276188 -0.00245727 -0.00214042 -0.00186395 -0.00161901 -0.00137145 -0.00109733 -0.000853598 -0.000631775 -0.000395204 -0.000124576 0.000123192 0.000360675 0.000622557 0.000926544 0.00121962 0.00152504 0.00187091 0.00227753 0.00270816 0.0032087 0.00379938 0.00451324 0.0053513 0.00639051 0.00763948 0.00914049 0.0109173 0.0130252 0.0154113 0.0180542 0.0208887 0.0238114 0.026633 0.0291911 0.0312702 0.0326052 0.0329692 0.0321803 0.0300937 0.0266003 0.0217358 0.0155598 0.00827414 0.000172792 -0.008349 -0.0169286 -0.0251397 -0.0325944 -0.0389641 -0.0439531 -0.0473767 -0.0491709 -0.0494085 -0.0481983 -0.0458047 -0.0424851 -0.0385123 -0.0341505 -0.0296562 -0.0252712 -0.0211572 -0.01743 -0.0141297 -0.0113433 -0.00903082 -0.0071277 -0.00562097 -0.00445181 -0.00355546 -0.002874 -0.00240272 -0.00205555 -0.00180475 -0.00164876 -0.00153751 -0.00146706 -0.0014166 -0.00139762 -0.00137191 -0.00135084 -0.00135539 -0.00133373 -0.00133026 -0.00133256 -0.00131844 -0.00131724 -0.00131511 -0.00130862 -0.0013024 -0.00130689 -0.00129862 -0.00129289 -0.00129992 -0.00128187 -0.00128576 -0.00128794 -0.00127134 -0.00128642 -0.00127724 -0.0012703 -0.00128398 -0.0012658 -0.00127213 -0.00127582 -0.00126017 -0.0012758 -0.00126726 
0 2.96642e-06 1.76211e-05 1.53873e-05 2.33117e-05 3.24087e-05 2.89939e-05 4.07776e-05 4.53391e-05 4.65407e-05 6.08209e-05 6.32454e-05 6.89191e-05 8.05031e-05 8.0547e-05 8.78146e-05 9.4692e-05 9.53223e-05 0.000104532 0.000114991 0.000119341 0.000124872 0.000136225 0.000135224 0.000143294 0.000161393 0.000162484 0.000181358 0.000197726 0.000210083 0.000242895 0.000294345 0.000374741 0.000484683 0.000671201 0.000917307 0.00127003 0.00179676 0.00249407 0.00343262 0.00465626 0.00623225 0.0081878 0.0106109 0.0135463 0.0169527 0.0208352 0.0251266 0.0297389 0.034435 0.0390187 0.0432464 0.0468457 0.0495406 0.0510409 0.0511533 0.0496825 0.0465931 0.0418845 0.0357525 0.0284295 0.0202413 0.0115491 0.00273669 -0.0057996 -0.0137171 -0.0206613 -0.0264463 -0.0308937 -0.0339767 -0.0356843 -0.0361599 -0.035516 -0.0339753 -0.0317501 -0.0290675 -0.0261229 -0.0231227 -0.0202294 -0.017508 -0.0150442 -0.0128752 -0.0110378 -0.00946591 -0.00816719 -0.00707011 -0.00617341 -0.00541275 -0.00480507 -0.00425506 -0.00377584 -0.00334551 -0.00300276 -0.00265201 -0.00231732 -0.00200165 -0.00174952 -0.00146658 -0.0011803 -0.000902162 -0.000674974 -0.000405266 -0.000122877 0.000160339 0.000404271 0.000702305 0.00102216 0.00135969 0.00167877 0.00207253 0.00251082 0.00301319 0.0035561 0.00423158 0.00502446 0.00599814 0.00715128 0.00855963 0.0102156 0.0121958 0.0144784 0.0170489 0.0198285 0.0227752 0.0257452 0.0285559 0.0310108 0.0328926 0.0339761 0.0340262 0.0329017 0.0304381 0.0266081 0.0214012 0.0149635 0.00744735 -0.000812546 -0.00949061 -0.0181823 -0.0265099 -0.034087 -0.0405776 -0.0457164 -0.049283 -0.0512324 -0.0515728 -0.0504863 -0.0481453 -0.0448273 -0.040792 -0.0363458 -0.0317359 -0.0271519 -0.0228172 -0.0188679 -0.0154066 -0.0123992 -0.00988426 -0.00783828 -0.00619959 -0.00491337 -0.00392717 -0.00319916 -0.00263477 -0.00224743 -0.00198127 -0.00179178 -0.00167024 -0.0015877 -0.00153512 -0.00148738 -0.00147276 -0.0014586 -0.00144155 -0.00144304 -0.00143087 -0.00142059 -0.001417 -0.00141346 -0.00140656 -0.0014071 -0.00140718 -0.00139374 -0.0013956 -0.00138965 -0.00137836 -0.00138576 -0.0013769 -0.00137394 -0.00138101 -0.0013687 -0.00137215 -0.00137258 -0.00136072 -0.00136922 -0.00136238 -0.0013581 -0.00136712 -0.00135602 -0.00136149 
0 4.30831e-06 7.4061e-06 1.55674e-05 2.15065e-05 3.08167e-05 4.05001e-05 4.54745e-05 5.48292e-05 5.61329e-05 6.01807e-05 6.60803e-05 6.65238e-05 7.97892e-05 8.44652e-05 9.4692e-05 0.000106244 0.000106287 0.000121522 0.000118542 0.000123911 0.000137636 0.000135978 0.000154289 0.00015902 0.00016335 0.000175667 0.00018514 0.000205126 0.000236005 0.000281117 0.000330907 0.000424279 0.000549084 0.000742838 0.00104315 0.00144712 0.00202436 0.00278892 0.00381646 0.00515758 0.00686715 0.00900565 0.0116076 0.0147136 0.0183226 0.0224458 0.0269382 0.0316794 0.0364993 0.0411657 0.0454186 0.0489717 0.0515744 0.0529497 0.0529193 0.0512946 0.0480512 0.0432374 0.0370208 0.0296418 0.0214143 0.0126955 0.00383101 -0.00477854 -0.0128183 -0.0199671 -0.0260263 -0.0308089 -0.0342653 -0.0363669 -0.0372073 -0.0369098 -0.0356592 -0.0336452 -0.0310714 -0.0281635 -0.0251212 -0.0221262 -0.0192602 -0.0166243 -0.0142603 -0.0122318 -0.010494 -0.00904052 -0.00780141 -0.00678301 -0.00593322 -0.00524398 -0.00462771 -0.00409138 -0.00362118 -0.0032341 -0.00285192 -0.00248677 -0.00214843 -0.00186339 -0.00155982 -0.00125117 -0.00095517 -0.000697784 -0.000409442 -0.000105223 0.000196767 0.000472336 0.000791896 0.00113977 0.00150509 0.00186462 0.00229246 0.0027803 0.00334053 0.00395546 0.00470593 0.00560496 0.00670681 0.00800239 0.00956178 0.0113983 0.0135711 0.0160331 0.0187614 0.0216672 0.0246892 0.027664 0.0304134 0.0327086 0.0343446 0.0351161 0.0348273 0.0333231 0.0304852 0.0263049 0.0207991 0.0141207 0.00644655 -0.00191946 -0.0106755 -0.0194156 -0.027793 -0.0354335 -0.0420099 -0.0472452 -0.0509544 -0.0530527 -0.0535371 -0.0525669 -0.0503096 -0.0470428 -0.0430094 -0.0384901 -0.0337382 -0.0290264 -0.0245304 -0.0203649 -0.0166733 -0.0134798 -0.0108038 -0.00859369 -0.006818 -0.00540788 -0.00432354 -0.00350893 -0.00290054 -0.0024773 -0.00215466 -0.00194085 -0.00179713 -0.00169636 -0.00164219 -0.00160493 -0.00157851 -0.00155594 -0.00154817 -0.00153009 -0.00152869 -0.00152834 -0.00151432 -0.00151938 -0.00150297 -0.00149575 -0.00149444 -0.00148276 -0.0014876 -0.00148282 -0.00148185 -0.00148182 -0.00147459 -0.00147307 -0.00146704 -0.00146343 -0.00146177 -0.00145956 -0.00145893 -0.00145829 -0.00145719 -0.0014557 -0.00145534 -0.00145321 -0.001453 
0 1.35022e-05 1.08696e-05 2.82463e-05 2.76662e-05 2.80555e-05 4.1451e-05 3.57406e-05 4.95606e-05 5.90446e-05 6.34496e-05 8.14781e-05 8.16639e-05 9.20455e-05 9.31475e-05 9.53223e-05 0.000106287 0.00010353 0.000125922 0.000124418 0.00013471 0.000156406 0.000140844 0.000166944 0.000170471 0.000171484 0.000202083 0.000204941 0.00022607 0.000253425 0.00029597 0.000356384 0.000466352 0.000625754 0.000839127 0.00117871 0.00162481 0.00226381 0.00312267 0.00424792 0.00571789 0.00754928 0.00984624 0.0126335 0.0159411 0.0197546 0.0240537 0.0287184 0.0335939 0.038526 0.0432195 0.0474485 0.0509365 0.0534217 0.0546493 0.0544446 0.0526688 0.049283 0.0443948 0.0381284 0.0307476 0.0225443 0.01386 0.00501606 -0.00360554 -0.0117021 -0.0190128 -0.025301 -0.0304063 -0.0342295 -0.0367451 -0.0379762 -0.0380706 -0.0371574 -0.0354081 -0.0330019 -0.0301826 -0.0271431 -0.0240722 -0.0210907 -0.0182924 -0.0157453 -0.0135152 -0.011609 -0.00998075 -0.00859638 -0.00743992 -0.00649529 -0.00570213 -0.00501879 -0.00441734 -0.00390796 -0.00345944 -0.00304817 -0.00265023 -0.00229324 -0.00196148 -0.0016404 -0.00130904 -0.00100009 -0.000699958 -0.000396254 -7.02265e-05 0.000245169 0.000565127 0.000903197 0.00128025 0.00166791 0.00208252 0.00254355 0.00308683 0.00370171 0.00440733 0.00523698 0.00625658 0.00748709 0.00894343 0.0106562 0.0126852 0.0150415 0.0176776 0.020538 0.0235492 0.0266064 0.0295408 0.032171 0.0342545 0.0355954 0.0360083 0.035349 0.0334412 0.0302291 0.0257046 0.0199389 0.0130587 0.00528993 -0.00312276 -0.0118823 -0.020611 -0.0289721 -0.0366191 -0.0432411 -0.0485458 -0.0523859 -0.0546239 -0.0552771 -0.0544557 -0.0523268 -0.0491233 -0.0451186 -0.0405864 -0.0357476 -0.0309065 -0.0262309 -0.0218906 -0.0180043 -0.0146229 -0.0117505 -0.00936643 -0.00745589 -0.00592385 -0.00475287 -0.00384361 -0.00317029 -0.0026933 -0.00233338 -0.00210698 -0.00194517 -0.00183343 -0.00175696 -0.00171622 -0.00167884 -0.00165353 -0.00165894 -0.00162591 -0.00162726 -0.00162134 -0.00159733 -0.00161041 -0.0015966 -0.00159742 -0.00159757 -0.00158936 -0.00158881 -0.00157504 -0.00157675 -0.00156521 -0.0015634 -0.00156776 -0.00155538 -0.00156481 -0.00155748 -0.00155137 -0.00155876 -0.00154594 -0.00155007 -0.00155141 -0.00154199 -0.00155053 -0.00154516 
