0 0 0 0 0 0 0 0 0 0 0 0 0 0 0 0 0 0 0 0 0 0 0 0 0 0 0 0 0 0 0 0 0 0 0 0 0 0 0 0 0 0 0 0 0 0 0 0 0 0 0 0 0 0 0 0 0 0 0 0 0 0 0 0 0 0 0 0 0 0 0 0 0 0 0 0 0 0 0 0 0 0 0 0 0 0 0 0 0 0 0 0 0 0 0 0 0 0 0 0 0 0 0 0 0 0 0 0 0 0 0 0 0 0 0 0 0 0 0 0 0 0 0 0 0 0 0 0 0 0 0 0 0 0 0 0 0 0 0 0 0 0 0 0 0 0 0 0 0 0 0 0 0 0 0 0 0 0 0 0 0 0 0 0 0 0 0 0 0 0 0 0 0 0 0 0 0 0 0 0 0 0 0 0 0 0 0 0 0 0 0 0 0 0 0 0 0 0 0 0 
0 -2.98434e-06 6.62782e-06 2.10524e-06 1.42177e-06 6.54016e-06 -3.30128e-06 7.30478e-07 3.12077e-06 -3.55874e-06 7.75831e-06 5.21971e-06 3.16326e-06 1.10729e-05 2.71623e-06 4.12647e-06 7.54312e-06 3.77938e-06 5.99683e-06 1.02952e-05 5.81361e-06 3.36712e-06 1.14283e-05 9.62808e-07 8.9693e-06 1.75132e-05 6.45509e-06 1.95265e-05 1.16101e-05 9.31169e-06 1.34078e-05 1.43438e-05 2.64795e-05 2.40463e-05 4.59698e-05 5.55319e-05 7.81455e-05 0.000129643 0.000186649 0.000264434 0.000362567 0.00050895 0.00066077 0.000881109 0.00115204 0.00144181 0.00178998 0.00218247 0.00262306 0.0030487 0.00346489 0.00381583 0.00409479 0.00424446 0.00422822 0.00406471 0.0037125 0.00319147 0.00249538 0.00169182 0.000787755 -0.000112412 -0.000968083 -0.00172878 -0.00235166 -0.00281344 -0.00310079 -0.00322528 -0.00316723 -0.0030076 -0.00275596 -0.00246908 -0.00214546 -0.0018443 -0.00154352 -0.00129085 -0.00108389 -0.000920008 -0.000768511 -0.000650404 -0.000569345 -0.00050155 -0.000445518 -0.000393671 -0.0003573 -0.000316945 -0.000298982 -0.000269379 -0.000244095 -0.000210944 -0.000208632 -0.000186596 -0.000165161 -0.000136377 -0.000140663 -0.00012081 -0.000101407 -7.6095e-05 -8.28015e-05 -6.26336e-05 -4.39065e-05 -2.08231e-05 -2.78911e-05 -5.79774e-06 1.36286e-05 3.60106e-05 3.06207e-05 5.60346e-05 7.72455e-05 0.000101127 0.000101565 0.000131557 0.000155573 0.00018542 0.00020048 0.000237891 0.000269824 0.000317718 0.000367565 0.000429698 0.000498222 0.000602713 0.000738967 0.000888661 0.00107341 0.00130524 0.00158763 0.00187775 0.00219571 0.00248907 0.00275837 0.00294938 0.0030575 0.00299495 0.00277766 0.00238498 0.00183335 0.00113023 0.000323702 -0.000548564 -0.00144288 -0.00226063 -0.00298599 -0.00355211 -0.003957 -0.00416842 -0.00423871 -0.00414097 -0.00390945 -0.00358094 -0.00318428 -0.00277772 -0.00235126 -0.00194859 -0.00157897 -0.00129077 -0.00101928 -0.000788903 -0.000619673 -0.000470472 -0.000363362 -0.000279948 -0.000231528 -0.000175426 -0.000146058 -0.000129862 -0.000112461 -0.000111902 -0.000101099 -0.000106304 -9.0556e-05 -9.05433e-05 -9.6789e-05 -8.33045e-05 -9.6944e-05 -9.4135e-05 -8.86486e-05 -9.30818e-05 -9.08959e-05 -8.82137e-05 -9.17615e-05 -9.64545e-05 -8.77971e-05 -9.50499e-05 -9.09702e-05 -8.13134e-05 -9.25155e-05 -8.26037e-05 -8.58808e-05 -9.5137e-05 -8.51856e-05 -9.42893e-05 -9.23665e-05 -8.43533e-05 -9.19065e-05 -8.42895e-05 -8.38601e-05 -9.10609e-05 -8.3347e-05 -8.86321e-05 
0 6.62782e-06 -1.31406e-05 8.07739e-06 -3.52526e-06 -1.92732e-06 1.65256e-05 -7.29757e-07 1.48262e-05 1.01996e-05 8.57538e-07 1.17966e-05 -7.89084e-08 8.71581e-06 8.71571e-06 1.07614e-05 1.5766e-05 7.75709e-06 1.93627e-05 7.69492e-06 1.46241e-05 2.46667e-05 1.08513e-05 2.69149e-05 1.92671e-05 8.80799e-06 1.81568e-05 1.67835e-05 1.6084e-05 2.98207e-05 3.93304e-05 2.65842e-05 4.84492e-05 6.34176e-05 7.29138e-05 0.000132609 0.000184542 0.000251631 0.000367062 0.000522672 0.000728194 0.00100162 0.00135 0.00176663 0.00226877 0.00287804 0.00360306 0.00439145 0.00521382 0.00608794 0.00692875 0.00763545 0.00816612 0.00845597 0.00844444 0.00810185 0.00740958 0.00635046 0.00498613 0.00336977 0.00158591 -0.000214282 -0.00191543 -0.0034285 -0.00467741 -0.00559069 -0.00618061 -0.00641506 -0.00632684 -0.00599588 -0.00551647 -0.00493004 -0.00430304 -0.00368847 -0.00309972 -0.00258843 -0.00217486 -0.00184239 -0.00153774 -0.00130631 -0.00113254 -0.00100496 -0.000880653 -0.000790225 -0.000701515 -0.000637713 -0.000583039 -0.00054085 -0.000473688 -0.000427529 -0.000401437 -0.000375209 -0.00031657 -0.00027906 -0.00026583 -0.000243736 -0.000190113 -0.000158455 -0.000150383 -0.000127486 -7.56206e-05 -4.76065e-05 -4.01784e-05 -1.38675e-05 3.97667e-05 6.657e-05 7.78716e-05 0.000109853 0.000168101 0.000197818 0.00022074 0.000261298 0.000326336 0.00036853 0.000418331 0.000475495 0.00055641 0.000637482 0.000750634 0.000863798 0.00101436 0.00121555 0.00149119 0.00179033 0.0021618 0.00262729 0.00318087 0.00376898 0.00438583 0.00498146 0.00549595 0.00588805 0.00607351 0.00596186 0.00550766 0.00473468 0.00362194 0.00222812 0.000620259 -0.00111728 -0.00288489 -0.00452571 -0.00594707 -0.00708573 -0.00787688 -0.00832631 -0.0084418 -0.00824152 -0.00778709 -0.00715787 -0.00637279 -0.00551203 -0.00468659 -0.00391246 -0.00319628 -0.00256207 -0.0020296 -0.0016009 -0.00124727 -0.000958211 -0.000739837 -0.000574121 -0.000433168 -0.000354897 -0.000309666 -0.000248288 -0.000229963 -0.000214688 -0.000189005 -0.000191871 -0.000197831 -0.000191008 -0.000189049 -0.000197211 -0.000179132 -0.000182586 -0.000189413 -0.000176525 -0.000189264 -0.000181401 -0.000178789 -0.000178254 -0.000173114 -0.00018127 -0.000173513 -0.00018806 -0.000182978 -0.00017763 -0.00019034 -0.000166201 -0.000178102 -0.000176206 -0.000162347 -0.000187531 -0.000170337 -0.000178028 -0.000188551 -0.00016652 -0.000186465 -0.000173496 
0 2.10524e-06 8.07739e-06 6.00416e-06 4.23188e-06 9.74663e-06 9.80828e-07 2.64724e-06 8.90196e-06 1.38723e-06 1.45955e-05 1.54428e-05 1.11248e-05 2.2632e-05 1.28186e-05 1.36918e-05 2.00059e-05 1.43551e-05 1.94605e-05 2.45438e-05 1.94856e-05 1.86233e-05 2.66025e-05 1.68351e-05 2.73913e-05 3.79433e-05 2.76798e-05 4.37144e-05 3.44453e-05 3.43292e-05 4.25633e-05 4.73353e-05 7.34772e-05 8.4342e-05 0.000130615 0.000179106 0.00025534 0.000390894 0.000566067 0.000800297 0.00110631 0.00152651 0.002016 0.00266207 0.00344946 0.00434094 0.00538766 0.00656006 0.00783789 0.00911502 0.010341 0.0113868 0.0121906 0.0126216 0.0125868 0.0120826 0.0110415 0.00948548 0.00744319 0.00505194 0.00240282 -0.000264805 -0.00279904 -0.0050553 -0.00691238 -0.00829425 -0.00917018 -0.00954606 -0.00942393 -0.00896462 -0.00824867 -0.00739794 -0.00646232 -0.0055552 -0.00467675 -0.00391825 -0.00329284 -0.00278457 -0.00233607 -0.0019817 -0.00172301 -0.00151621 -0.00134224 -0.00119175 -0.00107165 -0.000961748 -0.000891203 -0.000809952 -0.000728149 -0.000646278 -0.000615463 -0.000558532 -0.000491103 -0.000423247 -0.000409227 -0.000360512 -0.000300352 -0.000241652 -0.000234108 -0.000186086 -0.00012834 -7.45909e-05 -6.79084e-05 -1.58005e-05 4.4123e-05 9.7583e-05 0.000108973 0.000169454 0.000235788 0.000295747 0.000322021 0.000395957 0.000473857 0.000553941 0.000616865 0.000716954 0.000824537 0.000961937 0.00111779 0.00130334 0.00152659 0.00183949 0.00224274 0.00270365 0.00326657 0.00396319 0.00478956 0.00566359 0.00658634 0.00745687 0.00822844 0.00878498 0.00905439 0.00886179 0.00819062 0.00701536 0.00536259 0.00327916 0.00088412 -0.00170001 -0.00432419 -0.00675503 -0.00888475 -0.010569 -0.0117609 -0.0124149 -0.0126066 -0.0123236 -0.0116487 -0.0106867 -0.00952536 -0.00829517 -0.00704249 -0.0058554 -0.00477368 -0.00387096 -0.00306856 -0.00239545 -0.00187079 -0.00143348 -0.00110527 -0.000856624 -0.000684541 -0.000537033 -0.000448128 -0.000388107 -0.000344141 -0.000329197 -0.000304583 -0.000304877 -0.000282262 -0.000278091 -0.000283825 -0.000268185 -0.000281997 -0.000279237 -0.000272085 -0.000275306 -0.000273888 -0.000268806 -0.000274223 -0.000279327 -0.000268097 -0.000277727 -0.000269364 -0.000259128 -0.000270752 -0.00025759 -0.000264338 -0.000272415 -0.000263057 -0.00027389 -0.000269287 -0.000262512 -0.000268124 -0.000259926 -0.00025923 -0.000264229 -0.000259746 -0.000264373 
0 1.42177e-06 -3.52526e-06 4.23188e-06 4.10963e-06 6.90777e-06 1.16955e-05 9.66071e-06 1.5523e-05 1.25864e-05 1.32487e-05 1.59243e-05 1.24954e-05 1.92592e-05 1.85248e-05 2.1266e-05 2.57405e-05 2.27355e-05 2.78594e-05 2.71678e-05 2.87937e-05 3.34708e-05 3.34127e-05 3.54885e-05 3.64873e-05 3.56753e-05 3.5895e-05 4.24557e-05 4.34308e-05 5.2548e-05 6.36643e-05 6.88333e-05 9.46697e-05 0.000122831 0.000171913 0.000254209 0.000364702 0.000527784 0.000758257 0.00107279 0.00149066 0.0020396 0.00272118 0.00356833 0.00459398 0.00580075 0.00720506 0.00876087 0.010421 0.0121148 0.0137297 0.015114 0.0161494 0.0167039 0.0166663 0.0159852 0.0146096 0.0125473 0.00986929 0.00671056 0.00324383 -0.000272827 -0.00361355 -0.00659313 -0.00905406 -0.0108941 -0.0120733 -0.0125839 -0.0124716 -0.0118869 -0.0109721 -0.00985487 -0.00864128 -0.00743367 -0.0062854 -0.00527472 -0.00443553 -0.00374119 -0.00314794 -0.00267294 -0.00231414 -0.00203208 -0.00179533 -0.00159643 -0.00142876 -0.0012894 -0.00118195 -0.00107774 -0.000966447 -0.000870607 -0.000809966 -0.000739758 -0.000650086 -0.000573981 -0.000533033 -0.000475434 -0.000396237 -0.000331307 -0.000298184 -0.00024308 -0.000167275 -0.000107342 -7.50819e-05 -1.59985e-05 6.27581e-05 0.000124104 0.000162382 0.000231415 0.000319487 0.00039149 0.000447297 0.000534333 0.000640537 0.000741471 0.000839806 0.000965527 0.00111715 0.00129738 0.00150997 0.0017599 0.00207281 0.00249193 0.00302446 0.00365122 0.00441003 0.00533914 0.00642008 0.00758362 0.00878299 0.00992698 0.0109176 0.0116339 0.0119388 0.0116686 0.0107559 0.00918885 0.0069909 0.00423985 0.00107747 -0.002329 -0.00576552 -0.00897383 -0.0117649 -0.0139893 -0.0155583 -0.0164432 -0.0166826 -0.0163132 -0.0154389 -0.0141837 -0.0126611 -0.0110156 -0.00937474 -0.00782081 -0.00640094 -0.00516499 -0.00410395 -0.00322509 -0.00251422 -0.00193988 -0.0014956 -0.00115757 -0.000905889 -0.000726167 -0.000608138 -0.000518153 -0.00046329 -0.000429666 -0.000400152 -0.000393173 -0.000384697 -0.000379465 -0.000378782 -0.000374094 -0.000370446 -0.000369354 -0.000368183 -0.000365331 -0.000367913 -0.000362804 -0.000361748 -0.000361316 -0.000355752 -0.000360656 -0.000357557 -0.00035938 -0.000361827 -0.000356526 -0.000359659 -0.000354043 -0.000352724 -0.000353691 -0.000349402 -0.00035403 -0.000351817 -0.000353684 -0.000356384 -0.00035185 -0.000355384 -0.000350736 
0 6.54016e-06 -1.92732e-06 9.74663e-06 6.90777e-06 2.88971e-06 1.54784e-05 9.80813e-06 1.40567e-05 2.0283e-05 1.39797e-05 2.11292e-05 2.15587e-05 2.0489e-05 2.63242e-05 2.72349e-05 2.847e-05 3.02913e-05 3.48425e-05 3.12865e-05 3.64579e-05 4.27083e-05 3.54343e-05 4.83868e-05 4.622e-05 4.20841e-05 5.47813e-05 4.9861e-05 5.73643e-05 6.65779e-05 7.73353e-05 9.01116e-05 0.000114935 0.000163113 0.000215389 0.000323686 0.000470377 0.00067161 0.000967064 0.00136473 0.00189604 0.00256951 0.00344145 0.00449667 0.00576797 0.00728279 0.0090212 0.0109516 0.0129915 0.015083 0.0170556 0.0187584 0.0200137 0.0206816 0.0206363 0.0197765 0.0180783 0.0155316 0.0122478 0.00835788 0.00412013 -0.000204286 -0.00431953 -0.00799726 -0.0110492 -0.0133455 -0.0148349 -0.0154971 -0.0154271 -0.0147489 -0.0136644 -0.0123055 -0.0108353 -0.00934074 -0.00793631 -0.00667952 -0.00562201 -0.00473496 -0.00399666 -0.00339886 -0.00293216 -0.00256907 -0.00226619 -0.00201701 -0.00180019 -0.0016311 -0.00148171 -0.00135281 -0.00121452 -0.00110686 -0.00100982 -0.000924738 -0.000816913 -0.00073501 -0.000659995 -0.000592564 -0.000498922 -0.000429774 -0.000363918 -0.000301653 -0.000212604 -0.00014788 -8.29274e-05 -1.76528e-05 7.49473e-05 0.000143437 0.000215634 0.000291735 0.000396776 0.000480684 0.000572413 0.000670988 0.000802297 0.000924402 0.00106281 0.00121432 0.00141118 0.00163555 0.00190759 0.00222685 0.00263785 0.00316655 0.0038292 0.00462888 0.00559141 0.00675139 0.00807756 0.00952146 0.0109814 0.012379 0.0135644 0.0144129 0.014722 0.0143561 0.0131933 0.0112335 0.00849886 0.00510088 0.00119725 -0.00299597 -0.00720191 -0.0111527 -0.0145781 -0.0173235 -0.0192569 -0.0203717 -0.0206643 -0.0202246 -0.0191618 -0.0176225 -0.0157629 -0.0137312 -0.0117108 -0.00978428 -0.00803331 -0.00647522 -0.00515993 -0.00406678 -0.00316246 -0.00244951 -0.00188906 -0.00146758 -0.00114139 -0.000924765 -0.000768611 -0.000652409 -0.000588353 -0.000538323 -0.000509951 -0.000488755 -0.000485825 -0.000475175 -0.000465972 -0.000473297 -0.000458429 -0.000460622 -0.000462966 -0.000454762 -0.00045824 -0.000455899 -0.000453184 -0.000450007 -0.000452724 -0.000448815 -0.000446716 -0.000453598 -0.000443323 -0.000447382 -0.000448534 -0.000437389 -0.000447774 -0.00044113 -0.000438579 -0.000448944 -0.000436634 -0.000442355 -0.000444421 -0.000433428 -0.000445131 -0.000439067 
0 -3.30128e-06 1.65256e-05 9.80828e-07 1.16955e-05 1.54784e-05 4.08026e-06 1.93963e-05 9.92528e-06 1.56872e-05 2.53931e-05 2.07689e-05 3.20445e-05 2.8008e-05 3.25747e-05 3.0765e-05 3.13315e-05 4.13086e-05 3.15075e-05 4.878e-05 4.4132e-05 3.79632e-05 5.63997e-05 4.1606e-05 5.2993e-05 6.58646e-05 6.06287e-05 6.91246e-05 7.60475e-05 7.61934e-05 8.18795e-05 0.000119293 0.00014216 0.000191823 0.000286596 0.000387517 0.000567586 0.000833114 0.00119185 0.00167331 0.00231238 0.00313654 0.00415989 0.00543976 0.00698579 0.0087901 0.0108335 0.013118 0.0155689 0.0180118 0.0203121 0.0223004 0.0237744 0.024543 0.0244662 0.023441 0.0214191 0.0184308 0.0145543 0.00999554 0.00502509 -4.75843e-05 -0.00490216 -0.00924813 -0.0128695 -0.0156269 -0.017421 -0.0182724 -0.0182606 -0.0175449 -0.0163073 -0.0147547 -0.0130354 -0.0112863 -0.0096286 -0.00813992 -0.00685522 -0.00577177 -0.00488543 -0.00415666 -0.00358127 -0.00312141 -0.00275791 -0.00244291 -0.00218995 -0.00197378 -0.00179469 -0.00162234 -0.00147682 -0.00133965 -0.00122064 -0.00110092 -0.000996256 -0.000891021 -0.00079651 -0.000700042 -0.000613016 -0.000522315 -0.000438005 -0.000350204 -0.000268689 -0.000181625 -9.81581e-05 -8.65904e-06 7.67265e-05 0.000170604 0.000262348 0.000363771 0.000464327 0.00057901 0.00069218 0.000820905 0.00095698 0.00111862 0.00128381 0.00147967 0.00170721 0.0019919 0.00231522 0.00272104 0.00322846 0.0038778 0.00467062 0.00565019 0.00682423 0.00820739 0.00977637 0.011474 0.0131887 0.0147974 0.0161633 0.0170897 0.0173873 0.0168832 0.0154744 0.0131085 0.00985767 0.00583209 0.00122161 -0.00370936 -0.00864463 -0.0132765 -0.0173202 -0.020546 -0.0228451 -0.0241617 -0.0245301 -0.0240366 -0.022799 -0.020981 -0.0188026 -0.0164516 -0.0140443 -0.0117421 -0.00965626 -0.00782565 -0.00624539 -0.0049118 -0.00383426 -0.00297086 -0.0022948 -0.00178059 -0.00141201 -0.00112615 -0.000918737 -0.000805692 -0.000707816 -0.000651175 -0.000626887 -0.000595834 -0.000573299 -0.000568157 -0.000564801 -0.00054935 -0.0005638 -0.000556223 -0.000544714 -0.000557297 -0.000540871 -0.000546066 -0.000548314 -0.000543865 -0.000547542 -0.000539204 -0.000542743 -0.000530112 -0.000533685 -0.00053582 -0.000524688 -0.000543669 -0.000530828 -0.000532165 -0.000542045 -0.000520143 -0.000536085 -0.000527863 -0.000518992 -0.000538076 -0.000518591 -0.000530202 
0 7.30478e-07 -7.29757e-07 2.64724e-06 9.66071e-06 9.80813e-06 1.93963e-05 2.22167e-05 1.95103e-05 3.0428e-05 2.19059e-05 2.21863e-05 3.14515e-05 2.32939e-05 3.59196e-05 4.15106e-05 3.76946e-05 4.79977e-05 4.69425e-05 4.43296e-05 5.35819e-05 5.7941e-05 5.51885e-05 6.84096e-05 6.38235e-05 5.80953e-05 7.15853e-05 6.53186e-05 8.26227e-05 9.67452e-05 0.000113479 0.000140883 0.00016822 0.000244659 0.000329908 0.000482888 0.0007077 0.000998062 0.00141602 0.00198921 0.00274735 0.00369824 0.00493574 0.0064136 0.00818136 0.010293 0.012686 0.0153228 0.018085 0.0208842 0.0235079 0.0257691 0.027404 0.028251 0.0281563 0.0269535 0.0246333 0.0212001 0.016797 0.0116011 0.00596969 0.000190675 -0.00534702 -0.0103264 -0.0145034 -0.0177022 -0.0198265 -0.020871 -0.020974 -0.0202379 -0.0189121 -0.0171774 -0.015256 -0.0132581 -0.0113755 -0.00965007 -0.00814282 -0.00685642 -0.00581211 -0.00495129 -0.00425154 -0.0036994 -0.00325256 -0.00288556 -0.00257546 -0.00232966 -0.00209574 -0.00190208 -0.00172596 -0.00158218 -0.00141622 -0.00128584 -0.00116034 -0.0010554 -0.000917607 -0.000815509 -0.000711504 -0.000622192 -0.00049661 -0.000405983 -0.000308703 -0.000221821 -9.70073e-05 -5.95019e-06 9.58729e-05 0.000192213 0.000327388 0.00043112 0.000551466 0.000673211 0.000833129 0.000969547 0.00113446 0.00131259 0.00153041 0.00175228 0.00203279 0.00236086 0.00275932 0.00324399 0.00386571 0.00463213 0.00556804 0.00672996 0.00811542 0.00972417 0.0115136 0.0134573 0.0153842 0.0171923 0.0186758 0.0196613 0.0198865 0.0192374 0.0175468 0.0147929 0.0110268 0.00640726 0.00113505 -0.00448658 -0.0100862 -0.0153647 -0.0199555 -0.0236503 -0.0262806 -0.0278244 -0.028245 -0.027696 -0.0263176 -0.0242788 -0.0218045 -0.0190848 -0.0163539 -0.0137329 -0.0113326 -0.00916333 -0.00733455 -0.00580781 -0.00453088 -0.00352812 -0.00273139 -0.00211888 -0.00165324 -0.0013424 -0.00110501 -0.000942076 -0.000840048 -0.000757222 -0.000720515 -0.000685542 -0.000682657 -0.000671669 -0.000657288 -0.000663591 -0.000645595 -0.000644551 -0.000648447 -0.00064201 -0.00064016 -0.000642322 -0.000632045 -0.000625704 -0.000633741 -0.000621653 -0.000629892 -0.000636515 -0.000623875 -0.000635019 -0.000625632 -0.000616642 -0.000624381 -0.000612895 -0.000615576 -0.000621324 -0.000614997 -0.000622019 -0.000622591 -0.000616718 -0.00062111 -0.000615835 
0 3.12077e-06 1.48262e-05 8.90196e-06 1.5523e-05 1.40567e-05 9.92528e-06 1.95103e-05 1.61053e-05 2.55617e-05 2.95269e-05 3.12653e-05 4.23928e-05 3.61387e-05 4.33934e-05 4.31327e-05 4.07725e-05 5.23155e-05 4.81201e-05 5.69758e-05 6.03804e-05 5.76462e-05 6.56289e-05 6.62386e-05 7.17668e-05 8.09672e-05 8.81813e-05 8.93661e-05 0.000101375 0.000106834 0.000120326 0.000162971 0.00020164 0.000284583 0.000401537 0.000564207 0.000822274 0.00117965 0.00167649 0.00234116 0.00321066 0.0043131 0.00570941 0.00741212 0.00945095 0.0118401 0.0145206 0.0174798 0.0206003 0.0237074 0.0266021 0.0290824 0.0308865 0.0318016 0.0316566 0.0302894 0.0276798 0.0238564 0.0189506 0.0131976 0.00695172 0.000545887 -0.00562539 -0.011196 -0.0159017 -0.0195393 -0.0219938 -0.0232765 -0.0235127 -0.0228239 -0.0214394 -0.0195856 -0.0174777 -0.0152795 -0.0131755 -0.011234 -0.00949996 -0.00801543 -0.00680154 -0.00580031 -0.00497502 -0.00431615 -0.00378606 -0.00335141 -0.00299407 -0.00269872 -0.00242394 -0.00219086 -0.00199936 -0.00182684 -0.00163491 -0.0014741 -0.00134415 -0.00121703 -0.00105936 -0.000931292 -0.00082676 -0.000716961 -0.000574134 -0.000460281 -0.000363735 -0.000255816 -0.000113929 -7.03344e-07 0.000100769 0.000220239 0.000374638 0.000501773 0.000624744 0.000773308 0.000957452 0.00112287 0.00129992 0.00151256 0.0017665 0.00203485 0.00235586 0.00274333 0.00321361 0.00379454 0.00452906 0.00542403 0.00651352 0.00786022 0.00946253 0.0112853 0.0132965 0.0154481 0.0175778 0.0195321 0.0211105 0.0220907 0.0222292 0.0213873 0.0194151 0.016266 0.0120116 0.00682728 0.000939448 -0.00530629 -0.011524 -0.0173731 -0.0224909 -0.0266094 -0.0295647 -0.0313031 -0.0318152 -0.0312406 -0.0297248 -0.0274705 -0.0247368 -0.0217408 -0.0186694 -0.0157039 -0.0129899 -0.0105576 -0.00846776 -0.00670221 -0.00524461 -0.00408342 -0.00316945 -0.00246825 -0.00194394 -0.00156233 -0.00127716 -0.00109901 -0.000971768 -0.000885128 -0.000843341 -0.000797831 -0.000775548 -0.000761878 -0.000749449 -0.000745352 -0.000745125 -0.000739298 -0.000734428 -0.000735851 -0.000725229 -0.000731026 -0.000729417 -0.000725438 -0.000732147 -0.00071963 -0.00072113 -0.000715507 -0.000708257 -0.000714498 -0.000707495 -0.000713709 -0.000713655 -0.000710934 -0.000715848 -0.000706731 -0.000708612 -0.000704979 -0.00069979 -0.000705904 -0.000700786 -0.000706334 
0 -3.55874e-06 1.01996e-05 1.38723e-06 1.25864e-05 2.0283e-05 1.56872e-05 3.0428e-05 2.55617e-05 2.65881e-05 3.41109e-05 3.09599e-05 3.87786e-05 3.96095e-05 4.59977e-05 4.89229e-05 5.13629e-05 6.06077e-05 5.44357e-05 6.66773e-05 6.79698e-05 6.47917e-05 8.16805e-05 7.36986e-05 8.00434e-05 8.99465e-05 8.69488e-05 9.86479e-05 0.000111553 0.00012613 0.000145718 0.00019207 0.000243715 0.000329452 0.000478764 0.000669139 0.00096583 0.00137979 0.00194246 0.00270024 0.00368507 0.00495209 0.00651858 0.0084382 0.0107279 0.013392 0.0163833 0.0196487 0.0230805 0.0264625 0.0296144 0.0322845 0.0342185 0.0351743 0.0349654 0.0334419 0.0305539 0.0263674 0.0210058 0.0147599 0.00796163 0.000996618 -0.00574506 -0.0118626 -0.0170655 -0.0211297 -0.0239225 -0.025472 -0.0258728 -0.0252796 -0.023885 -0.0219573 -0.0196984 -0.0173334 -0.0150242 -0.0128753 -0.0109207 -0.00923718 -0.0078423 -0.00669005 -0.00573446 -0.00495899 -0.00433748 -0.00382834 -0.0034204 -0.00306827 -0.00275427 -0.00247998 -0.00227019 -0.00206366 -0.00185244 -0.00166067 -0.00152269 -0.00136908 -0.00119968 -0.0010448 -0.000935734 -0.000801798 -0.000650011 -0.000511394 -0.000411304 -0.000279158 -0.000128345 9.45426e-06 0.000115122 0.000260529 0.000426368 0.000580414 0.000710506 0.00088834 0.0010904 0.00128974 0.00148263 0.00173263 0.00202088 0.0023429 0.0027075 0.00316043 0.00370966 0.00439694 0.0052478 0.00628047 0.00753465 0.00906892 0.0108821 0.0129117 0.0151307 0.0174593 0.0197571 0.0218139 0.0234375 0.0243602 0.0243751 0.0233047 0.0210337 0.0174914 0.0127714 0.0070572 0.000611551 -0.00619336 -0.0129672 -0.0193212 -0.0249094 -0.0294129 -0.0326759 -0.034597 -0.0352016 -0.0346087 -0.032991 -0.0305655 -0.0275909 -0.0243283 -0.0209565 -0.0176953 -0.0146734 -0.0119698 -0.00962031 -0.0076337 -0.00600359 -0.00468191 -0.00364368 -0.00283557 -0.0022406 -0.00179305 -0.00146967 -0.00126257 -0.00110216 -0.00100361 -0.000944442 -0.000901249 -0.000873431 -0.000862344 -0.00085391 -0.000836962 -0.000843629 -0.000832977 -0.00082586 -0.000833478 -0.000819748 -0.000822227 -0.000818735 -0.000812773 -0.000813312 -0.000808289 -0.00081182 -0.000805243 -0.000809307 -0.000807779 -0.000799624 -0.000808623 -0.000795235 -0.000796412 -0.000801392 -0.000787714 -0.000801294 -0.00079623 -0.000791414 -0.000803686 -0.000788597 -0.000794508 
0 7.75831e-06 8.57538e-07 1.45955e-05 1.32487e-05 1.39797e-05 2.53931e-05 2.19059e-05 2.95269e-05 3.41109e-05 3.63257e-05 3.95878e-05 4.08548e-05 4.76082e-05 4.56682e-05 5.82499e-05 5.87211e-05 5.74762e-05 7.50021e-05 6.13756e-05 7.41238e-05 8.48249e-05 7.31386e-05 9.58116e-05 9.27116e-05 9.18794e-05 0.000105296 0.000109674 0.000121475 0.000141471 0.000180127 0.000209213 0.000282928 0.000394795 0.000538788 0.000787508 0.00112685 0.00159401 0.00222896 0.00309122 0.00420337 0.00560594 0.00737927 0.00950809 0.0120302 0.0149567 0.0182602 0.0218213 0.0254982 0.0291451 0.0325149 0.0353509 0.0373656 0.0383437 0.0380665 0.0363836 0.0332475 0.0287165 0.0229742 0.0162839 0.00901865 0.00155429 -0.0056798 -0.0122989 -0.0179641 -0.022436 -0.0255868 -0.0274185 -0.0280355 -0.0275708 -0.0262397 -0.0242708 -0.0219244 -0.0194144 -0.0169364 -0.0145814 -0.0124276 -0.0105406 -0.00895878 -0.00764446 -0.00655053 -0.00565375 -0.00492528 -0.00434308 -0.00386631 -0.00346285 -0.00309651 -0.00279432 -0.00254349 -0.00231472 -0.00207252 -0.00186771 -0.0016969 -0.00153126 -0.00133873 -0.00117571 -0.00103705 -0.000894731 -0.000722735 -0.000577631 -0.000449138 -0.000309398 -0.00013863 6.03621e-06 0.000140808 0.000294794 0.000482896 0.000647042 0.000808904 0.00099873 0.00122976 0.00144843 0.00167987 0.00195306 0.00228845 0.00265542 0.0030821 0.00359598 0.00424072 0.00503656 0.00601391 0.00719225 0.008622 0.01035 0.0123597 0.0145969 0.0169965 0.0194863 0.021897 0.0240293 0.0256289 0.0264635 0.0263006 0.0249873 0.0223891 0.0184695 0.0133065 0.00710437 0.000167048 -0.00713727 -0.0143883 -0.0212012 -0.027185 -0.0320523 -0.0355868 -0.0377022 -0.0383986 -0.0378014 -0.0361167 -0.0335597 -0.0303886 -0.0268523 -0.023234 -0.0197009 -0.0163852 -0.0133926 -0.0107998 -0.00861123 -0.00677473 -0.00530477 -0.0041371 -0.00322804 -0.00253731 -0.00204224 -0.00168647 -0.00141462 -0.00125347 -0.00113275 -0.00105017 -0.00100977 -0.000982359 -0.000960501 -0.00094291 -0.000946157 -0.000923917 -0.000924036 -0.000930934 -0.000910227 -0.000922234 -0.000913965 -0.000904336 -0.000909784 -0.000901208 -0.000902624 -0.000900065 -0.000902187 -0.00089642 -0.000893804 -0.0008968 -0.000883455 -0.00089304 -0.000888115 -0.000880957 -0.000895077 -0.000879114 -0.000885245 -0.000890213 -0.000873931 -0.000890174 -0.000880975 
0 5.21971e-06 1.17966e-05 1.54428e-05 1.59243e-05 2.11292e-05 2.07689e-05 2.21863e-05 3.12653e-05 3.09599e-05 3.95878e-05 4.77499e-05 4.64798e-05 5.84378e-05 5.77521e-05 5.51284e-05 6.58646e-05 6.44631e-05 6.91857e-05 8.15136e-05 8.08083e-05 8.36861e-05 9.32699e-05 9.02399e-05 9.8775e-05 0.00011336 0.000116773 0.000131371 0.000142085 0.00016034 0.000186898 0.000242404 0.000332836 0.000444037 0.000642414 0.000906289 0.00127796 0.00182441 0.00255514 0.00351085 0.00474508 0.00632491 0.00824357 0.010598 0.013391 0.0165758 0.0201238 0.0239378 0.0279041 0.0317649 0.0353011 0.0382368 0.0403387 0.0413139 0.0409394 0.0391041 0.0357307 0.030918 0.0248238 0.0177773 0.0100965 0.0022289 -0.00544204 -0.012498 -0.0185871 -0.023454 -0.0269602 -0.0291131 -0.0299633 -0.0296971 -0.0284605 -0.0265289 -0.0241224 -0.0215292 -0.0188877 -0.0163608 -0.0140085 -0.0119318 -0.0101497 -0.00866591 -0.0074262 -0.00639492 -0.00555906 -0.00488466 -0.0043421 -0.00386591 -0.00346467 -0.00311389 -0.00283424 -0.00255858 -0.0023116 -0.00207186 -0.00188454 -0.00168109 -0.00149409 -0.00130005 -0.00114959 -0.000973385 -0.00081013 -0.00063503 -0.000496247 -0.000324061 -0.000162397 1.32271e-05 0.000159308 0.000346166 0.000527453 0.000726084 0.000903044 0.00112846 0.00136115 0.00162274 0.00187907 0.00219805 0.0025608 0.00299405 0.00347642 0.00407247 0.00480972 0.00572998 0.00683758 0.0081729 0.00979015 0.0117061 0.0139124 0.0163302 0.0189081 0.0215064 0.0240068 0.0261404 0.0276874 0.0283613 0.0280037 0.0264 0.023475 0.0191757 0.0136054 0.00696575 -0.000409898 -0.00812867 -0.0158028 -0.022985 -0.0293372 -0.0345071 -0.0383008 -0.0405767 -0.0413979 -0.0408349 -0.0390848 -0.0364144 -0.033088 -0.029379 -0.0254898 -0.0216763 -0.0180934 -0.0148785 -0.0120269 -0.00959144 -0.00759049 -0.00594668 -0.00464814 -0.00364408 -0.00288493 -0.00229512 -0.00188759 -0.00160258 -0.00139428 -0.00127218 -0.00118008 -0.0011216 -0.00107687 -0.00105528 -0.00104314 -0.00102732 -0.00103087 -0.00102143 -0.00101098 -0.0010117 -0.00100604 -0.00100085 -0.00100709 -0.00100416 -0.000996152 -0.00100053 -0.000988438 -0.000982319 -0.000987784 -0.000977683 -0.000981531 -0.000985508 -0.000977274 -0.000982995 -0.000980222 -0.000972439 -0.000977752 -0.000970649 -0.000968162 -0.000974668 -0.000967126 -0.000972069 
0 3.16326e-06 -7.89084e-08 1.11248e-05 1.24954e-05 2.15587e-05 3.20445e-05 3.14515e-05 4.23928e-05 3.87786e-05 4.08548e-05 4.64798e-05 4.33898e-05 5.69289e-05 5.60572e-05 6.63447e-05 7.73132e-05 7.19911e-05 8.66872e-05 8.21062e-05 8.61793e-05 9.89427e-05 9.6211e-05 0.000108963 0.000112392 0.000113465 0.000121189 0.000135098 0.000150094 0.000183239 0.000230341 0.000279786 0.000383484 0.000517219 0.000728292 0.00104764 0.00147679 0.00208254 0.00288263 0.00394514 0.00531644 0.00704921 0.00917563 0.0117413 0.0147503 0.0181794 0.0220169 0.0260873 0.0302429 0.0342869 0.037971 0.0410043 0.0431204 0.0440569 0.0435844 0.0415984 0.0380126 0.0329344 0.0265644 0.0192082 0.0112052 0.00299106 -0.00503202 -0.0124703 -0.018935 -0.0241754 -0.0280453 -0.0305268 -0.0316596 -0.0316184 -0.0305476 -0.028689 -0.026297 -0.0236413 -0.020884 -0.0181904 -0.0156688 -0.0133966 -0.0114196 -0.00975143 -0.00835758 -0.00718387 -0.00623016 -0.00545903 -0.00483125 -0.00428695 -0.00383789 -0.0034489 -0.00311885 -0.00280998 -0.00254317 -0.00228642 -0.00205995 -0.00183634 -0.00163767 -0.00143287 -0.00124752 -0.00105668 -0.000883882 -0.000699207 -0.000526828 -0.000342032 -0.000171034 1.57708e-05 0.000196722 0.000396944 0.00058915 0.000803771 0.00101939 0.00126312 0.00151357 0.00180256 0.00210649 0.00246057 0.00286512 0.00335654 0.00391515 0.00459586 0.00543856 0.00648744 0.00773626 0.00924134 0.0110458 0.0131557 0.0155354 0.0181293 0.0208434 0.0235328 0.0260521 0.0281514 0.0295711 0.0300555 0.0294442 0.0275382 0.024264 0.0195999 0.0136537 0.00662721 -0.00111167 -0.00918664 -0.0171952 -0.0247 -0.0313345 -0.0367782 -0.0407985 -0.0432459 -0.0441697 -0.0436472 -0.0418968 -0.0391614 -0.0356986 -0.031789 -0.0277164 -0.0236865 -0.0198377 -0.0163525 -0.0132721 -0.0106394 -0.00844197 -0.00664372 -0.00520312 -0.00407855 -0.00322393 -0.0025798 -0.00212742 -0.00178246 -0.00155114 -0.0013979 -0.00128356 -0.00122893 -0.00118797 -0.00116035 -0.0011434 -0.0011322 -0.00111671 -0.0011152 -0.00111444 -0.0011027 -0.00111009 -0.00109504 -0.00108965 -0.00109004 -0.00107641 -0.00108599 -0.00108108 -0.00108139 -0.00108496 -0.0010757 -0.00107821 -0.00106939 -0.00106633 -0.00106625 -0.00106037 -0.00106576 -0.0010633 -0.00106435 -0.00106668 -0.00106158 -0.0010638 -0.00105958 
0 1.10729e-05 8.71581e-06 2.2632e-05 1.92592e-05 2.0489e-05 2.8008e-05 2.32939e-05 3.61387e-05 3.96095e-05 4.76082e-05 5.84378e-05 5.69289e-05 6.7852e-05 6.29147e-05 7.12225e-05 7.67419e-05 7.07365e-05 9.33243e-05 8.63915e-05 9.5033e-05 0.00011071 9.85287e-05 0.000118458 0.000122685 0.000126833 0.000145313 0.000156634 0.000171843 0.000198936 0.000251121 0.000309716 0.000431166 0.000598588 0.000831725 0.00119387 0.0016739 0.00235405 0.0032529 0.00443041 0.00594268 0.00782111 0.0101382 0.0129152 0.0161621 0.0198314 0.0238935 0.0281825 0.0325249 0.0367318 0.0405039 0.0435838 0.0456917 0.0465735 0.0459929 0.0438479 0.0400786 0.0347814 0.0281953 0.0205921 0.0123458 0.00386183 -0.00444189 -0.0121948 -0.018991 -0.0245811 -0.0288163 -0.0316405 -0.0330959 -0.0333202 -0.0324713 -0.0307446 -0.0284287 -0.0257541 -0.0229199 -0.0200876 -0.0174151 -0.0149574 -0.0127874 -0.0109289 -0.00936693 -0.00804506 -0.00696314 -0.00608572 -0.00535717 -0.00474192 -0.0042368 -0.0038073 -0.0034177 -0.00307672 -0.00278363 -0.00251164 -0.00224066 -0.00199935 -0.00178297 -0.00157029 -0.00134631 -0.00114393 -0.000955823 -0.000764618 -0.000555559 -0.000361789 -0.000176024 1.88547e-05 0.000237802 0.000447475 0.000655674 0.00088295 0.00114132 0.00140024 0.00167339 0.00198656 0.00234513 0.00273495 0.00318768 0.00373674 0.00438459 0.00515823 0.00611618 0.00729732 0.0087015 0.0103844 0.0123786 0.0146764 0.0172182 0.0199666 0.0227863 0.0255314 0.0280168 0.0300276 0.0312672 0.0315236 0.0306181 0.0283929 0.0247635 0.0197528 0.0134665 0.00611548 -0.00192194 -0.0102804 -0.0185469 -0.026312 -0.0331765 -0.0388514 -0.0430632 -0.0456835 -0.0467293 -0.0462793 -0.0445416 -0.041767 -0.0382303 -0.0341773 -0.0299241 -0.0256685 -0.0215956 -0.017874 -0.0145645 -0.0117125 -0.00931016 -0.00735439 -0.00577506 -0.0045455 -0.0035928 -0.00287511 -0.00236293 -0.00197255 -0.00172422 -0.00154748 -0.00142022 -0.00134757 -0.00129441 -0.00125781 -0.00123526 -0.00123243 -0.00120909 -0.00120923 -0.00120698 -0.00118544 -0.00119931 -0.00118659 -0.00118509 -0.00119203 -0.00117838 -0.00118247 -0.00117253 -0.00116959 -0.00116539 -0.00115922 -0.00116544 -0.00115638 -0.00116364 -0.00116192 -0.00115394 -0.00116246 -0.00114929 -0.00115124 -0.00115403 -0.0011428 -0.00115453 -0.0011492 
0 2.71623e-06 8.71571e-06 1.28186e-05 1.85248e-05 2.63242e-05 3.25747e-05 3.59196e-05 4.33934e-05 4.59977e-05 4.56682e-05 5.77521e-05 5.60572e-05 6.29147e-05 7.97399e-05 7.07213e-05 8.56201e-05 9.2977e-05 8.46278e-05 0.000107479 0.000103076 0.0001062 0.000123653 0.000117696 0.000130054 0.000139564 0.000151619 0.000165418 0.000190986 0.000232629 0.00027101 0.000368851 0.000494813 0.000672832 0.000963614 0.00135369 0.00189606 0.00264408 0.0036513 0.00493138 0.00657897 0.00864608 0.0111325 0.0141227 0.0175956 0.0215141 0.0257716 0.0302504 0.034774 0.0390854 0.0429189 0.0459931 0.0480777 0.0488619 0.04816 0.0458539 0.0419171 0.0364531 0.0296838 0.0219155 0.0134828 0.00482086 -0.00370785 -0.0116921 -0.0187777 -0.0246844 -0.0292727 -0.0324539 -0.0342516 -0.0347894 -0.0341937 -0.0326744 -0.0304724 -0.0278434 -0.0249555 -0.0220339 -0.0192132 -0.0165966 -0.0142291 -0.0121843 -0.010436 -0.00896319 -0.00774304 -0.00674638 -0.00590926 -0.00521295 -0.00465097 -0.00416654 -0.00372536 -0.00334027 -0.00302734 -0.00272509 -0.00242592 -0.00215282 -0.00192841 -0.00169167 -0.00144831 -0.00121895 -0.0010264 -0.000811647 -0.000585731 -0.000367147 -0.00017743 4.26966e-05 0.000280501 0.000515315 0.000729888 0.000986075 0.00127073 0.0015602 0.00184923 0.0022007 0.00260469 0.00304598 0.00354634 0.00416457 0.00490677 0.00578916 0.00687092 0.00818919 0.0097654 0.0116278 0.0138176 0.0162821 0.0189855 0.0218451 0.0247496 0.027489 0.0299047 0.0317475 0.0327719 0.0327427 0.031518 0.0289436 0.0249632 0.0196214 0.0130289 0.00542369 -0.002859 -0.0114158 -0.0198835 -0.027821 -0.0348793 -0.0407244 -0.0451087 -0.0478828 -0.0490556 -0.048711 -0.0470048 -0.0442301 -0.0406362 -0.0365072 -0.0320822 -0.0276336 -0.0233662 -0.0194241 -0.0158883 -0.0128121 -0.0102476 -0.00810754 -0.00638635 -0.00504169 -0.00399352 -0.00319221 -0.00260808 -0.00219836 -0.00188398 -0.00168882 -0.00155476 -0.00145314 -0.00140113 -0.00136237 -0.00134117 -0.0013188 -0.00131677 -0.00130633 -0.00129035 -0.00130145 -0.00128335 -0.00128091 -0.00128601 -0.00126809 -0.00127252 -0.0012682 -0.00126004 -0.00126333 -0.00126097 -0.00125708 -0.0012553 -0.00125572 -0.00124657 -0.00124803 -0.00124866 -0.00123851 -0.00124821 -0.00124202 -0.00123768 -0.00124816 -0.00123468 -0.00124051 
0 4.12647e-06 1.07614e-05 1.36918e-05 2.1266e-05 2.72349e-05 3.0765e-05 4.15106e-05 4.31327e-05 4.89229e-05 5.82499e-05 5.51284e-05 6.63447e-05 7.12225e-05 7.07213e-05 8.64367e-05 8.74806e-05 9.44672e-05 0.00010636 0.000102563 0.00011154 0.000121076 0.000123043 0.000134835 0.000146082 0.000149647 0.000160924 0.000183156 0.000205234 0.000248313 0.000323331 0.000411646 0.000554009 0.00077793 0.00108053 0.00152654 0.00215121 0.00297622 0.00406018 0.00547649 0.00727211 0.0094835 0.0121909 0.0153881 0.0190577 0.0231727 0.0276527 0.0323213 0.0369412 0.0413205 0.0451848 0.0482589 0.050244 0.0509129 0.0500794 0.0476237 0.0435433 0.0379368 0.0310574 0.0231687 0.0146464 0.00585246 -0.00280685 -0.0109713 -0.0182824 -0.024482 -0.0294062 -0.0329469 -0.0351226 -0.0359936 -0.0357159 -0.0344411 -0.0324329 -0.0298766 -0.0270079 -0.0240114 -0.0210865 -0.0183089 -0.0157721 -0.0135253 -0.0115922 -0.00995321 -0.00858852 -0.00745766 -0.00650082 -0.00572001 -0.00508227 -0.00454339 -0.00403911 -0.00362015 -0.00326361 -0.00294276 -0.00260263 -0.00231508 -0.00205627 -0.00181239 -0.00153508 -0.00129892 -0.00107467 -0.000855292 -0.000597262 -0.000374759 -0.000153888 7.24556e-05 0.000343575 0.000583709 0.000830883 0.00109869 0.0014222 0.00172649 0.00205503 0.00243267 0.0028933 0.00338028 0.00394721 0.00463372 0.00548165 0.00648305 0.00769716 0.00916364 0.0109139 0.012972 0.0153361 0.0179703 0.0207989 0.0237606 0.0266839 0.0293952 0.0316643 0.033305 0.0340448 0.0337122 0.032124 0.0291967 0.0248697 0.0192196 0.0123712 0.00456166 -0.00387771 -0.0125863 -0.0211623 -0.0292322 -0.0364035 -0.0423923 -0.04692 -0.0498548 -0.0511496 -0.0509109 -0.0493123 -0.0465693 -0.0429462 -0.038727 -0.0342207 -0.0296231 -0.0251472 -0.0209743 -0.0172427 -0.0139821 -0.0111968 -0.00890337 -0.00703702 -0.00554988 -0.0044002 -0.00354051 -0.00288571 -0.00240484 -0.00207803 -0.00183696 -0.0016776 -0.00158394 -0.00151546 -0.00146774 -0.00144205 -0.00142206 -0.00140314 -0.00139989 -0.00139619 -0.00138399 -0.00138451 -0.00137758 -0.00136489 -0.00136813 -0.00136172 -0.00135766 -0.00136152 -0.00135399 -0.00135181 -0.00135053 -0.00134404 -0.00134163 -0.00134102 -0.00133682 -0.00133547 -0.00133767 -0.00133202 -0.00133382 -0.00133431 -0.00132781 -0.00133316 -0.00132898 
0 7.54312e-06 1.5766e-05 2.00059e-05 2.57405e-05 2.847e-05 3.13315e-05 3.76946e-05 4.07725e-05 5.13629e-05 5.87211e-05 6.58646e-05 7.73132e-05 7.67419e-05 8.56201e-05 8.74806e-05 8.91056e-05 0.000102041 9.93013e-05 0.000115637 0.000124303 0.000124569 0.000140633 0.000139018 0.000150276 0.000165936 0.000180615 0.000204465 0.000234728 0.000278546 0.000343397 0.000461089 0.000624774 0.000877863 0.00123387 0.00172297 0.00240702 0.00331054 0.00452199 0.00606469 0.00800207 0.0103935 0.0132724 0.0166634 0.0205579 0.0248977 0.0295182 0.0343084 0.0390465 0.0434789 0.0473257 0.0503161 0.0522033 0.0527416 0.0517639 0.049146 0.0449436 0.0392494 0.0322957 0.0243627 0.015801 0.00696534 -0.00177001 -0.0100335 -0.0175286 -0.0239751 -0.0292155 -0.0331179 -0.0356823 -0.0369255 -0.0369948 -0.0360336 -0.0342548 -0.0318443 -0.0290283 -0.0260171 -0.0229976 -0.0200971 -0.017391 -0.0149577 -0.012825 -0.0110202 -0.00949311 -0.00821856 -0.00713371 -0.00625763 -0.00553303 -0.00492534 -0.0043654 -0.00390078 -0.00350007 -0.00314511 -0.00278039 -0.00246504 -0.00217771 -0.00191 -0.00161827 -0.00136036 -0.00111322 -0.000872111 -0.000602388 -0.00036044 -0.00011754 0.000131608 0.000415793 0.000676242 0.000949023 0.00124363 0.00158792 0.00192066 0.00228684 0.00270414 0.00321086 0.00375614 0.00439685 0.00516382 0.00612207 0.00725247 0.00861392 0.0102314 0.0121699 0.0144142 0.0169553 0.0197269 0.0226748 0.025686 0.0285992 0.0312116 0.0333008 0.0346677 0.0350925 0.0344091 0.0324446 0.0291492 0.02449 0.0185647 0.0114989 0.00355596 -0.00498855 -0.013763 -0.0223962 -0.0305188 -0.0377755 -0.0438525 -0.0484936 -0.0515791 -0.0530267 -0.0529267 -0.0514166 -0.0487441 -0.0451563 -0.0409241 -0.0362979 -0.0315527 -0.0269419 -0.0225859 -0.0186352 -0.0151589 -0.0121954 -0.00971963 -0.00771351 -0.00611054 -0.00484651 -0.00388899 -0.00315999 -0.00264482 -0.00226978 -0.00200743 -0.0018322 -0.00170358 -0.00162346 -0.00157269 -0.00154331 -0.00151808 -0.00151075 -0.00149352 -0.00147996 -0.00148163 -0.00146567 -0.00147196 -0.00146998 -0.00146128 -0.00146484 -0.00145219 -0.00144883 -0.00144402 -0.00143725 -0.00143828 -0.00143482 -0.00143484 -0.00143385 -0.00143123 -0.00142905 -0.00142654 -0.00142389 -0.00142224 -0.00142159 -0.00141987 -0.00142069 -0.00141975 
0 3.77938e-06 7.75709e-06 1.43551e-05 2.27355e-05 3.02913e-05 4.13086e-05 4.79977e-05 5.23155e-05 6.06077e-05 5.74762e-05 6.44631e-05 7.19911e-05 7.07365e-05 9.2977e-05 9.44672e-05 0.000102041 0.000120491 0.000107843 0.000127659 0.000129315 0.000125342 0.000151893 0.000147691 0.000163022 0.000177867 0.000187883 0.000213827 0.000251515 0.00031427 0.000393223 0.000533209 0.000712889 0.000988056 0.00138789 0.00193148 0.00269982 0.00368772 0.00500409 0.00667084 0.00875357 0.0113326 0.0144062 0.0180005 0.0220788 0.0265987 0.0313803 0.0362969 0.0410984 0.0455159 0.0493249 0.0522214 0.0539738 0.054342 0.0532019 0.0504388 0.0461301 0.0403785 0.0333927 0.0254795 0.0169404 0.00813107 -0.000610316 -0.00891004 -0.0165303 -0.0231814 -0.0287053 -0.0329643 -0.0359184 -0.037561 -0.0380095 -0.0374103 -0.0359064 -0.0337 -0.0309889 -0.028009 -0.0249276 -0.0219295 -0.0190721 -0.0164593 -0.0141306 -0.0121497 -0.0104506 -0.00901804 -0.00780305 -0.00681633 -0.00599435 -0.00530404 -0.00469277 -0.00417328 -0.00372441 -0.00332564 -0.00294402 -0.00259503 -0.00227886 -0.00197982 -0.0016815 -0.00139658 -0.00112752 -0.000858216 -0.000584401 -0.000317367 -5.33723e-05 0.00022469 0.000514034 0.000801196 0.00109988 0.00142811 0.00178518 0.00215425 0.00256142 0.00302847 0.00357614 0.00419097 0.00491439 0.00577811 0.00684843 0.00812129 0.00963958 0.0114213 0.0135469 0.015975 0.0186789 0.0215679 0.0246058 0.0276261 0.0304793 0.0329343 0.0347938 0.0358339 0.0359036 0.0348321 0.0324787 0.0288076 0.0238361 0.017665 0.0104316 0.00240923 -0.00617383 -0.0149508 -0.0235818 -0.0316928 -0.0389819 -0.0451109 -0.0498529 -0.0530679 -0.0546626 -0.0547205 -0.0533527 -0.0507808 -0.0472241 -0.0430037 -0.0383327 -0.033491 -0.0287257 -0.0241868 -0.0200516 -0.0163896 -0.0132498 -0.0105896 -0.00842951 -0.00668763 -0.00531722 -0.00427775 -0.00347152 -0.00289791 -0.00246284 -0.00216577 -0.00196881 -0.00182775 -0.00174295 -0.00168361 -0.00164802 -0.00161112 -0.00160867 -0.0015917 -0.00157946 -0.00159161 -0.00156352 -0.00156676 -0.00156068 -0.00154129 -0.00155124 -0.00153947 -0.00154006 -0.00154307 -0.00153529 -0.00153568 -0.00152951 -0.00152558 -0.00152168 -0.00151961 -0.00151847 -0.00151565 -0.00151675 -0.00151373 -0.0015122 -0.00151293 -0.00150989 -0.00151046 
