0 0 0 0 0 0 0 0 0 0 0 0 0 0 0 0 0 0 0 0 0 0 0 0 0 0 0 0 0 0 0 0 0 0 0 0 0 0 0 0 0 0 0 0 0 0 0 0 0 0 0 0 0 0 0 0 0 0 0 0 0 0 0 0 0 0 0 0 0 0 0 0 0 0 0 0 0 0 0 0 0 0 0 0 0 0 0 0 0 0 0 0 0 0 0 0 0 0 0 0 0 0 0 0 0 0 0 0 0 0 0 0 0 0 0 0 0 0 0 0 0 0 0 0 0 0 0 0 0 0 0 0 0 0 0 0 0 0 0 0 0 0 0 0 0 0 0 0 0 0 0 0 0 0 0 0 0 0 0 0 0 0 0 0 0 0 0 0 0 0 0 0 0 0 0 0 0 0 0 0 0 0 0 0 0 0 0 0 0 0 0 0 0 0 0 0 0 0 0 0 
0 3.93887e-06 -4.02869e-06 -1.20788e-06 5.93347e-06 1.48839e-06 9.35245e-06 1.4102e-05 4.35471e-06 1.04188e-05 9.33015e-06 2.13992e-06 1.28164e-05 1.42181e-05 1.08987e-05 1.71614e-05 1.81304e-05 1.10034e-05 1.81556e-05 2.70032e-05 1.5575e-05 2.51558e-05 2.51568e-05 9.43454e-06 2.38093e-05 2.40253e-05 2.98751e-05 3.20196e-05 2.68064e-05 3.844e-05 2.17213e-05 3.6464e-05 5.07462e-05 3.15688e-05 2.78428e-05 3.34186e-05 5.27594e-05 3.58442e-05 3.88233e-05 4.78249e-05 4.19214e-05 6.02882e-05 4.74831e-05 5.55411e-05 5.79566e-05 6.25732e-05 6.08922e-05 5.842e-05 7.47488e-05 5.73802e-05 7.27262e-05 7.0616e-05 7.33613e-05 7.30166e-05 8.03149e-05 8.76869e-05 7.71612e-05 0.00010006 9.51341e-05 0.000107411 0.000110244 0.000137546 0.000147801 0.000174276 0.000224972 0.000276687 0.000356041 0.000453807 0.000607787 0.000764506 0.000988601 0.00125072 0.0015843 0.00194839 0.00239102 0.00288073 0.00339832 0.00390715 0.00438801 0.00480596 0.00509391 0.00524573 0.00522354 0.00503103 0.00460355 0.00398645 0.00318119 0.00227791 0.00128394 0.000310856 -0.000611729 -0.0013861 -0.00201956 -0.00242999 -0.002623 -0.00255471 -0.00230434 -0.00187727 -0.00133877 -0.00067338 2.66724e-05 0.000723332 0.00131664 0.00181618 0.00215865 0.00233902 0.00227043 0.00198234 0.00146053 0.000782885 -6.20585e-05 -0.000984518 -0.00195857 -0.00287031 -0.00371011 -0.00438466 -0.00488673 -0.00515579 -0.00525147 -0.00516638 -0.0049421 -0.00457222 -0.00412659 -0.0036367 -0.00313157 -0.00263754 -0.00218508 -0.00180573 -0.00146069 -0.00118163 -0.000942584 -0.000774514 -0.000610277 -0.00050253 -0.000412798 -0.000359361 -0.000300764 -0.000272627 -0.000258068 -0.000234231 -0.000226984 -0.000216462 -0.00022321 -0.000199773 -0.00021156 -0.00020303 -0.000200214 -0.000194235 -0.000195818 -0.000194189 -0.000178196 -0.000193654 -0.000175882 -0.000178159 -0.000173327 -0.000176183 -0.000169267 -0.000162543 -0.000173473 -0.000159465 -0.000175007 -0.000159634 -0.000153667 -0.000169669 -0.000169437 -0.000158539 -0.000140202 -0.000163966 -0.000158179 -0.000148129 -0.000151902 -0.000140793 -0.00015013 -0.000142602 -0.000151993 -0.000156753 -0.00013742 -0.000147367 -0.000146176 -0.000139876 -0.000145466 -0.000145945 -0.000137828 -0.000133271 -0.00014221 -0.000134248 -0.000137785 -0.000150702 -0.000136004 -0.000140091 -0.000142663 -0.000126355 -0.00013614 -0.000137535 -0.000129652 -0.000142886 -0.00013958 -0.00013215 -0.000142509 -0.000134508 
0 -4.02869e-06 1.96082e-05 2.06434e-06 9.81052e-06 1.55158e-05 -3.45635e-06 1.41248e-05 1.11648e-05 1.39421e-05 2.83951e-05 1.97783e-05 3.05903e-05 2.12296e-05 2.27732e-05 3.56736e-05 1.93491e-05 4.17773e-05 3.81294e-05 2.12785e-05 4.63603e-05 3.71676e-05 3.98938e-05 6.09447e-05 5.85008e-05 4.64778e-05 4.77581e-05 6.16225e-05 4.58214e-05 6.16285e-05 7.84846e-05 5.18843e-05 5.93186e-05 7.40863e-05 8.76672e-05 8.80982e-05 7.24554e-05 8.36945e-05 0.000100332 9.87199e-05 8.57031e-05 9.84887e-05 0.000106505 9.78268e-05 0.000110279 0.000114717 0.000111861 0.000124184 0.000133526 0.000130759 0.000138891 0.000154332 0.000151627 0.00015462 0.000173413 0.000172737 0.000174234 0.000190212 0.000203391 0.00020508 0.000226878 0.000264788 0.000291611 0.000347645 0.000436784 0.000556203 0.000698317 0.000917904 0.00119989 0.0015423 0.00197083 0.00251549 0.00316595 0.00391011 0.00478692 0.00576356 0.00679565 0.00780355 0.00876882 0.00958198 0.0101708 0.0104537 0.0104277 0.0100169 0.0091898 0.00794213 0.00636869 0.00455089 0.00260229 0.000649013 -0.00116135 -0.00272356 -0.0039624 -0.00479801 -0.0051664 -0.00505782 -0.00455062 -0.00372259 -0.00263728 -0.001337 6.20609e-05 0.00142393 0.00261804 0.00359209 0.00428354 0.0046159 0.00449363 0.00390198 0.00288475 0.00151562 -0.00014182 -0.00199394 -0.00390323 -0.00573737 -0.00737984 -0.00874105 -0.00971439 -0.0102778 -0.0104493 -0.0103017 -0.00983704 -0.00912334 -0.00822667 -0.00726255 -0.0062524 -0.0052749 -0.00437758 -0.00361089 -0.00293578 -0.00236464 -0.00190712 -0.00154569 -0.00124498 -0.00100631 -0.00084777 -0.000719415 -0.000620014 -0.000552402 -0.000521334 -0.000479043 -0.000451328 -0.000444031 -0.000431434 -0.000410984 -0.000405464 -0.000406919 -0.00038741 -0.00038231 -0.000385875 -0.000374511 -0.000365314 -0.00037002 -0.000365556 -0.000353842 -0.000358977 -0.000354807 -0.000340574 -0.000350151 -0.000345445 -0.000325825 -0.000325114 -0.000334988 -0.000327986 -0.000307848 -0.000307363 -0.000311179 -0.00032607 -0.000311829 -0.000287466 -0.00031311 -0.000311015 -0.000299727 -0.000307482 -0.000301858 -0.000284052 -0.000281707 -0.000301885 -0.000283202 -0.000284343 -0.000296338 -0.000270874 -0.000285343 -0.000287626 -0.000282173 -0.000291316 -0.000276242 -0.000280807 -0.000268566 -0.000266001 -0.000282477 -0.000264884 -0.000283948 -0.000284762 -0.000263272 -0.0002859 -0.000265449 -0.000260606 -0.000282531 -0.000257385 -0.000274579 
0 -1.20788e-06 2.06434e-06 3.2535e-06 1.25182e-05 1.42199e-05 1.88097e-05 2.88208e-05 2.05794e-05 2.52665e-05 2.91138e-05 2.15864e-05 3.54009e-05 3.91197e-05 3.73327e-05 4.8089e-05 4.72031e-05 4.55916e-05 5.47874e-05 6.12784e-05 5.84429e-05 6.6252e-05 6.63747e-05 5.78382e-05 7.10969e-05 7.41105e-05 8.40991e-05 9.01471e-05 8.49111e-05 9.92249e-05 8.96467e-05 0.000101175 0.000120176 0.000105451 0.000102224 0.00011313 0.000131536 0.000120957 0.000128837 0.000139234 0.000136852 0.000160013 0.000153675 0.000160848 0.000171247 0.000179776 0.000179331 0.000184736 0.000204315 0.00019134 0.000210459 0.000217752 0.000222128 0.00022761 0.000245468 0.00025644 0.000253862 0.000286997 0.000296251 0.000317542 0.000344109 0.000402006 0.00045019 0.000534989 0.000672864 0.000843173 0.00107613 0.00139131 0.00182275 0.00232913 0.00298595 0.00378962 0.00476626 0.00588221 0.00718975 0.0086403 0.0101659 0.0116734 0.0130906 0.0142994 0.0151567 0.01559 0.0155284 0.01492 0.0136751 0.0118439 0.00950211 0.00682144 0.00392627 0.00104767 -0.00164616 -0.00395841 -0.00580579 -0.00703827 -0.00760075 -0.00745368 -0.00672554 -0.00550008 -0.00389904 -0.00197815 7.30281e-05 0.00208341 0.00384599 0.00529073 0.00629565 0.00677398 0.00657487 0.00570204 0.00418365 0.00215524 -0.000314071 -0.00304589 -0.00588293 -0.00859009 -0.0110351 -0.0130346 -0.0144929 -0.0153262 -0.0156048 -0.0153716 -0.0146964 -0.013632 -0.0123179 -0.0108719 -0.00937776 -0.00792168 -0.00658618 -0.00543108 -0.00441639 -0.00356838 -0.00286901 -0.00232853 -0.0018669 -0.00152276 -0.00126384 -0.00108012 -0.000925323 -0.000829746 -0.000773009 -0.000715022 -0.00068154 -0.000659522 -0.000652414 -0.000618112 -0.000620557 -0.000609379 -0.000595434 -0.000583506 -0.000582289 -0.000572328 -0.000550963 -0.000561338 -0.00054059 -0.000533465 -0.000527793 -0.000525819 -0.000511308 -0.000504352 -0.000510796 -0.000493013 -0.000502935 -0.00048823 -0.000478632 -0.000490102 -0.000488646 -0.000471752 -0.000455859 -0.000474162 -0.000462875 -0.000454853 -0.000454173 -0.000439773 -0.000447058 -0.000441075 -0.000445781 -0.000447764 -0.000432556 -0.000434911 -0.000433988 -0.00042921 -0.000428775 -0.000430745 -0.000419814 -0.000413871 -0.000421949 -0.000411811 -0.000418251 -0.000426834 -0.000413428 -0.000418815 -0.0004146 -0.000402767 -0.000409883 -0.000407086 -0.000405538 -0.000412998 -0.000411315 -0.000409418 -0.000410875 -0.000406653 
0 5.93347e-06 9.81052e-06 1.25182e-05 1.44776e-05 1.65427e-05 2.17534e-05 2.60951e-05 2.85808e-05 3.49064e-05 3.96535e-05 4.1252e-05 4.65675e-05 5.09653e-05 5.17782e-05 5.76114e-05 6.36516e-05 6.33138e-05 7.0379e-05 7.66222e-05 7.54265e-05 8.54529e-05 9.05483e-05 9.14104e-05 0.000100263 0.000101948 0.000107628 0.000111278 0.000115447 0.000125879 0.00012413 0.000132577 0.000142972 0.000144528 0.000150259 0.000158571 0.000168676 0.000168226 0.000178114 0.000186308 0.000188374 0.000201816 0.000204285 0.000212714 0.000222698 0.000231852 0.00023821 0.000247984 0.000263654 0.000265269 0.000281271 0.000293279 0.00030179 0.000313272 0.000329617 0.00034344 0.000351624 0.000379014 0.000398065 0.000424994 0.000465502 0.000529195 0.000606238 0.000722194 0.000900313 0.00113294 0.0014512 0.00187813 0.00244247 0.00313662 0.00401235 0.0050885 0.00637938 0.00788018 0.00960671 0.0115189 0.0135221 0.0155117 0.0173647 0.0189378 0.0200597 0.0206243 0.0205313 0.0197061 0.0180706 0.015669 0.0126108 0.00909136 0.00531132 0.00153778 -0.00198756 -0.00503788 -0.0074573 -0.0090866 -0.00983407 -0.00968576 -0.00875472 -0.00717167 -0.00507158 -0.00258282 8.34718e-05 0.00268717 0.00499968 0.00687618 0.0081764 0.00876032 0.00848697 0.00732805 0.00534068 0.00266115 -0.000573308 -0.00415742 -0.00786166 -0.0114174 -0.0146119 -0.0172328 -0.0191426 -0.0202612 -0.0206397 -0.0203398 -0.0194536 -0.0180707 -0.0163544 -0.0144488 -0.0124856 -0.0105705 -0.00881171 -0.0072631 -0.00592182 -0.00479082 -0.0038629 -0.00312331 -0.00252 -0.00205652 -0.00170709 -0.0014524 -0.00125415 -0.00112252 -0.00103351 -0.000964049 -0.00091521 -0.000884018 -0.000862644 -0.000832693 -0.00082176 -0.000806562 -0.000791028 -0.00077616 -0.000769028 -0.000756597 -0.000740779 -0.000738927 -0.000724675 -0.00071576 -0.000707555 -0.000701586 -0.000690432 -0.000682325 -0.000678669 -0.000664745 -0.000664097 -0.000654352 -0.000643922 -0.00064196 -0.000636838 -0.000629339 -0.00062016 -0.000622901 -0.000615171 -0.000607977 -0.000608236 -0.000601159 -0.000599678 -0.000592102 -0.00058905 -0.000587993 -0.000578302 -0.000579761 -0.000577279 -0.000570158 -0.000570696 -0.000568679 -0.000564532 -0.000563383 -0.00056357 -0.000558262 -0.000555501 -0.000556483 -0.00055005 -0.000549988 -0.00055245 -0.000546845 -0.000549177 -0.000550145 -0.000544143 -0.000546072 -0.000544162 -0.000539839 -0.000544349 -0.000543267 
0 1.48839e-06 1.55158e-05 1.42199e-05 1.65427e-05 2.92051e-05 2.43857e-05 2.68431e-05 4.0384e-05 4.02387e-05 4.71996e-05 5.88741e-05 5.73588e-05 5.9184e-05 6.94771e-05 7.15815e-05 7.2209e-05 8.96897e-05 8.94221e-05 8.37767e-05 0.000105208 0.000100644 0.000104921 0.000128833 0.000123577 0.000128755 0.000130306 0.000139846 0.000147997 0.000145419 0.000174517 0.000164092 0.000159244 0.000185563 0.000198632 0.00020507 0.000191416 0.000217947 0.000227881 0.000230031 0.000243481 0.000239058 0.000265502 0.000264774 0.000279026 0.000286893 0.00029864 0.000317212 0.000316214 0.000345411 0.000344819 0.000368346 0.000377302 0.000395451 0.000412166 0.000423431 0.000455096 0.000463706 0.000506283 0.000532082 0.000595652 0.000660141 0.000772655 0.000924718 0.00113784 0.00144411 0.0018426 0.00239381 0.00307901 0.00397751 0.00506404 0.00642008 0.00801549 0.00990445 0.0120362 0.01439 0.01685 0.0192934 0.0215589 0.0234594 0.0248347 0.0255071 0.025383 0.0243261 0.0223277 0.0193784 0.0156626 0.0113467 0.00675389 0.00213328 -0.00216356 -0.00592438 -0.00887606 -0.0108945 -0.011823 -0.0117097 -0.0106049 -0.0087096 -0.00614396 -0.00314827 7.91019e-05 0.00321248 0.00603885 0.00830125 0.00986573 0.0105139 0.0101612 0.00871606 0.00629212 0.0029827 -0.000964565 -0.00535833 -0.00986084 -0.0142232 -0.0181073 -0.0213229 -0.0236496 -0.025063 -0.0255369 -0.0251912 -0.0240992 -0.0224322 -0.0203334 -0.0179973 -0.0155821 -0.0132302 -0.0110606 -0.0091178 -0.00745615 -0.00603607 -0.00488597 -0.00393016 -0.00319535 -0.00259917 -0.00216564 -0.00182558 -0.00159211 -0.00141742 -0.00129403 -0.00121537 -0.00114744 -0.00111388 -0.00106722 -0.00105686 -0.00102068 -0.00101079 -0.000988376 -0.000975007 -0.000960482 -0.000940802 -0.000940126 -0.000911275 -0.000914208 -0.000893973 -0.000888497 -0.000872875 -0.000863214 -0.000862809 -0.000839583 -0.000840459 -0.000816536 -0.000824331 -0.000818725 -0.000792072 -0.000786868 -0.000787643 -0.000799046 -0.000765491 -0.000761344 -0.00077004 -0.00075612 -0.000758536 -0.00074648 -0.000747106 -0.000731314 -0.000723209 -0.000739259 -0.000720229 -0.000718128 -0.000722217 -0.000707761 -0.000707014 -0.000710935 -0.000708901 -0.000699625 -0.000702482 -0.000697572 -0.000682792 -0.000694446 -0.000690053 -0.000681711 -0.000697628 -0.000685352 -0.000679007 -0.000691486 -0.000674922 -0.000676665 -0.000687427 -0.000671144 -0.000680688 
0 9.35245e-06 -3.45635e-06 1.88097e-05 2.17534e-05 2.43857e-05 4.45508e-05 3.94326e-05 5.08142e-05 5.16906e-05 4.91921e-05 6.37679e-05 5.8802e-05 7.99201e-05 8.48756e-05 8.01212e-05 0.000106492 9.0508e-05 0.000102137 0.000127397 0.000112051 0.00013053 0.000136449 0.000127303 0.000136561 0.000157117 0.00016902 0.000163851 0.000189805 0.000184853 0.00017921 0.000213554 0.000218469 0.000221757 0.000214265 0.000226166 0.000256801 0.000258463 0.000257506 0.000269457 0.000298419 0.000300164 0.000309379 0.000331497 0.000334788 0.000351675 0.000367071 0.000376685 0.000385828 0.000408569 0.000420526 0.000428716 0.000454925 0.000471948 0.000485313 0.000510616 0.000541745 0.000563336 0.000600335 0.000656816 0.00071992 0.000807441 0.000948342 0.00114002 0.00139964 0.00176759 0.00227197 0.00292257 0.00376227 0.0048371 0.00616605 0.00777455 0.00969641 0.0119485 0.0144844 0.0172512 0.0201421 0.0230113 0.0256446 0.0278544 0.0294386 0.0302214 0.0300293 0.0287681 0.0263977 0.0229692 0.0186211 0.013606 0.00824331 0.00287553 -0.00216119 -0.00655507 -0.0100299 -0.012392 -0.0135333 -0.0134587 -0.012247 -0.0100638 -0.00711118 -0.00365101 4.24651e-05 0.00366054 0.00691973 0.00954103 0.0113001 0.0120013 0.0115287 0.00983157 0.006972 0.00310105 -0.00153464 -0.00664538 -0.0119066 -0.0169786 -0.0215246 -0.0252606 -0.0280079 -0.0296803 -0.030283 -0.0298813 -0.0286266 -0.0266849 -0.02425 -0.0215045 -0.018668 -0.0159018 -0.0133286 -0.0110114 -0.00901184 -0.00732503 -0.0059228 -0.00477686 -0.00387476 -0.00317257 -0.00262429 -0.00221757 -0.00192942 -0.00171809 -0.00156007 -0.00146034 -0.00139195 -0.00133167 -0.00129021 -0.00126795 -0.00123823 -0.00121034 -0.00119623 -0.00118023 -0.00115171 -0.00114035 -0.00112734 -0.00110363 -0.00108862 -0.00107828 -0.00106065 -0.00104319 -0.00104177 -0.00101674 -0.0010067 -0.00101152 -0.000995817 -0.000974797 -0.000967676 -0.000979732 -0.000963787 -0.00094678 -0.000928063 -0.000929841 -0.000943005 -0.000907506 -0.000902085 -0.000903428 -0.000887036 -0.000887917 -0.000894543 -0.000889397 -0.000863516 -0.000875562 -0.000869377 -0.000850765 -0.000872341 -0.000850641 -0.000841972 -0.000846334 -0.000829741 -0.000841088 -0.000835971 -0.000839589 -0.000840685 -0.000823257 -0.000833463 -0.000816716 -0.000813796 -0.000828707 -0.000808378 -0.000824621 -0.000826975 -0.000807852 -0.00082876 -0.000812569 
0 1.4102e-05 1.41248e-05 2.88208e-05 2.60951e-05 2.68431e-05 3.94326e-05 3.68653e-05 5.32323e-05 6.20604e-05 6.52244e-05 8.44914e-05 7.97469e-05 8.57662e-05 9.72022e-05 9.37551e-05 0.000110529 0.000117912 0.000120964 0.000131717 0.000135486 0.000145302 0.000157715 0.000170642 0.000176798 0.000183302 0.000184281 0.000190044 0.000209413 0.000210086 0.000228628 0.000238333 0.000230472 0.000258029 0.000278236 0.000281456 0.00028544 0.000304196 0.000314111 0.000324788 0.000343297 0.000339098 0.000362073 0.000379983 0.00038562 0.000401975 0.000425053 0.000439736 0.000448599 0.000484038 0.000493008 0.000510006 0.000538563 0.00056038 0.00057456 0.000602584 0.000642611 0.000659493 0.000709014 0.000771467 0.000850081 0.000950928 0.001125 0.00135586 0.00166294 0.00210715 0.00270463 0.00347858 0.00446196 0.00573678 0.00729254 0.00917604 0.0114116 0.0140293 0.0169488 0.0201122 0.0234053 0.0266577 0.0296294 0.0321035 0.0338795 0.0347321 0.0344774 0.0329981 0.030297 0.0264112 0.0215132 0.0158574 0.00982701 0.00377237 -0.00191466 -0.00689954 -0.0108385 -0.0135417 -0.0148864 -0.0148938 -0.0136068 -0.0112091 -0.00792569 -0.0040917 3.39613e-07 0.00401102 0.00764381 0.0105474 0.0124638 0.0131678 0.0125744 0.010618 0.00737102 0.00297283 -0.00226958 -0.00804217 -0.0139633 -0.0196852 -0.0248058 -0.029034 -0.0321528 -0.0340913 -0.034809 -0.0343884 -0.0329826 -0.0308112 -0.0280651 -0.0249578 -0.0217289 -0.0185732 -0.0156181 -0.0129341 -0.0106125 -0.00864415 -0.00700792 -0.0056543 -0.00460034 -0.00376867 -0.0031235 -0.00263312 -0.00229382 -0.0020379 -0.00184387 -0.00172339 -0.00163655 -0.00156534 -0.00150612 -0.00148451 -0.0014418 -0.00140985 -0.00139018 -0.00137175 -0.00133994 -0.00132299 -0.00131577 -0.00128301 -0.00127405 -0.00126226 -0.00124384 -0.00122289 -0.00122098 -0.00120466 -0.00118044 -0.00117815 -0.00115688 -0.0011496 -0.00114052 -0.00111865 -0.00110274 -0.00110918 -0.00110479 -0.00107614 -0.00107862 -0.00107083 -0.0010631 -0.00106582 -0.00105054 -0.00104092 -0.00103038 -0.00102369 -0.00102044 -0.00101783 -0.00100869 -0.00100061 -0.0010011 -0.000989299 -0.000995517 -0.00099615 -0.000982318 -0.000987777 -0.000972761 -0.000964397 -0.000970222 -0.000959816 -0.000966271 -0.000967677 -0.000961725 -0.000965546 -0.000956735 -0.000953653 -0.000952664 -0.000947422 -0.000952697 -0.000952137 
0 4.35471e-06 1.11648e-05 2.05794e-05 2.85808e-05 4.0384e-05 5.08142e-05 5.32323e-05 6.11222e-05 6.84657e-05 7.12262e-05 8.4268e-05 9.22362e-05 9.60635e-05 0.000112936 0.00011805 0.000120763 0.000139261 0.000141531 0.000147052 0.000165445 0.000165417 0.000174357 0.000187433 0.000193644 0.000207755 0.000213852 0.000231298 0.000240582 0.000241231 0.000266596 0.00027217 0.00027494 0.000293001 0.000308199 0.000315935 0.000322186 0.000347944 0.000355311 0.000370702 0.000391103 0.000395991 0.000422452 0.00043636 0.000450102 0.000465999 0.000489748 0.000504653 0.000515683 0.000550363 0.000559586 0.000582039 0.000609655 0.000635486 0.000655092 0.000688193 0.000733273 0.000758912 0.000820184 0.000893655 0.000990456 0.00111631 0.00132211 0.00159595 0.00196057 0.00248242 0.00317565 0.00407441 0.00521296 0.00668099 0.00846732 0.0106233 0.0131728 0.0161358 0.0194223 0.0229559 0.0266162 0.030205 0.0334719 0.0361734 0.038102 0.0389963 0.0386644 0.0369797 0.0339689 0.0296752 0.0242921 0.0180883 0.0114773 0.0048299 -0.00142965 -0.00692905 -0.0112893 -0.0143078 -0.0158652 -0.0159748 -0.0146653 -0.0121167 -0.00859122 -0.00446631 -6.92857e-05 0.00424999 0.00816418 0.0112793 0.0132912 0.0139677 0.0132323 0.0110288 0.00742327 0.00256232 -0.00321861 -0.00956679 -0.0160662 -0.0223453 -0.0279717 -0.0326364 -0.0361002 -0.0382842 -0.0391234 -0.0387036 -0.0371817 -0.0348113 -0.0317925 -0.0283657 -0.0247795 -0.0212578 -0.0179349 -0.0149017 -0.0122569 -0.010005 -0.00812621 -0.00656869 -0.00534824 -0.00438207 -0.00363373 -0.0030597 -0.00265787 -0.00235528 -0.00212885 -0.00198253 -0.00187792 -0.00179745 -0.00172918 -0.00170088 -0.00165494 -0.00162114 -0.00159662 -0.00157446 -0.00154313 -0.00151926 -0.00150885 -0.00147301 -0.00145919 -0.0014413 -0.00142074 -0.00139865 -0.00138606 -0.00137303 -0.0013484 -0.0013449 -0.00132237 -0.0013125 -0.00130822 -0.00128685 -0.0012746 -0.0012682 -0.00126291 -0.00123811 -0.00123292 -0.00123059 -0.0012092 -0.00120565 -0.00119607 -0.00119012 -0.00118319 -0.00117237 -0.00117494 -0.00116097 -0.00115351 -0.00115656 -0.00114299 -0.00113744 -0.00113653 -0.00112601 -0.00112027 -0.00112142 -0.00111695 -0.00111165 -0.00111482 -0.00110923 -0.00110132 -0.00110398 -0.00109561 -0.00109135 -0.00109851 -0.00109111 -0.00109221 -0.00109781 -0.00108654 -0.00108948 
0 1.04188e-05 1.39421e-05 2.52665e-05 3.49064e-05 4.02387e-05 5.16906e-05 6.20604e-05 6.84657e-05 7.79519e-05 8.83548e-05 9.05567e-05 9.98304e-05 0.000118456 0.000119608 0.000129725 0.000149369 0.00014267 0.000156855 0.000179455 0.000173947 0.000192777 0.000207182 0.00020323 0.000217003 0.000232629 0.000250242 0.000252347 0.000268718 0.000287677 0.000276433 0.000305679 0.000330483 0.000332662 0.000335572 0.00034783 0.000387609 0.000387763 0.000397877 0.00041702 0.000435174 0.000460726 0.000462777 0.00049375 0.000504279 0.000529247 0.000550344 0.000563537 0.000595783 0.000608007 0.000643236 0.000654798 0.000692919 0.000715908 0.000743224 0.000785479 0.000817654 0.000874325 0.000923738 0.00102531 0.00112425 0.00129364 0.00152002 0.00184265 0.00227732 0.00287131 0.00367681 0.00469155 0.00601584 0.0076569 0.00969852 0.0121128 0.0149916 0.01827 0.0219163 0.0257903 0.0297825 0.0336618 0.0371748 0.0400728 0.0421002 0.0430184 0.0425814 0.0407216 0.0374079 0.0327749 0.0269585 0.0203218 0.0132051 0.00608258 -0.000679162 -0.00659283 -0.0113435 -0.0146358 -0.0164283 -0.0166436 -0.0153799 -0.0127403 -0.00908669 -0.00475116 -0.000163197 0.00438387 0.00846189 0.0117199 0.0137483 0.0143824 0.0134719 0.011049 0.00710238 0.00186679 -0.00438984 -0.0112017 -0.0182073 -0.0249267 -0.0310009 -0.0360248 -0.0398203 -0.0422099 -0.0431902 -0.0427786 -0.0411925 -0.038648 -0.0354059 -0.0317013 -0.0278005 -0.0239425 -0.0202661 -0.0169142 -0.0139402 -0.0114208 -0.00927885 -0.00754159 -0.00612731 -0.00503981 -0.00416911 -0.00352445 -0.00304234 -0.00269186 -0.00243661 -0.00225023 -0.00213562 -0.00202674 -0.00196979 -0.00190608 -0.00187448 -0.00182545 -0.00179992 -0.00177096 -0.00173611 -0.00171913 -0.00168421 -0.00167265 -0.00163642 -0.00162552 -0.00159917 -0.0015813 -0.0015668 -0.00153571 -0.00153176 -0.00151037 -0.00150325 -0.00147149 -0.00145784 -0.00146515 -0.00144317 -0.00142197 -0.00139779 -0.00141149 -0.00139955 -0.00136924 -0.00137097 -0.00135665 -0.00134726 -0.00133887 -0.00133927 -0.00132968 -0.00130488 -0.00131375 -0.00130391 -0.00128798 -0.00129722 -0.00128408 -0.00127075 -0.00127167 -0.00126634 -0.00125915 -0.00125935 -0.00126051 -0.00124732 -0.00124482 -0.0012477 -0.00123235 -0.00123736 -0.00124059 -0.00122526 -0.00123636 -0.00123331 -0.00122068 -0.00123529 -0.00122524 
0 9.33015e-06 2.83951e-05 2.91138e-05 3.96535e-05 4.71996e-05 4.91921e-05 6.52244e-05 7.12262e-05 8.83548e-05 9.96133e-05 0.000105316 0.000127826 0.000119596 0.00013204 0.000152255 0.000142669 0.000175504 0.000183428 0.000177829 0.000206826 0.000207447 0.000220286 0.000243292 0.000257496 0.000259622 0.000262966 0.000288407 0.000286001 0.00031085 0.000336754 0.000332985 0.000348371 0.000358626 0.000398421 0.00041282 0.000406629 0.00042949 0.000454348 0.00047721 0.000476384 0.000504125 0.000523268 0.00053877 0.000568594 0.000581382 0.000609784 0.000631426 0.00066312 0.000681081 0.000712207 0.000744971 0.00076657 0.000804426 0.000835772 0.00087851 0.000915963 0.000979989 0.00104828 0.00114484 0.00128113 0.00147059 0.00173767 0.00210316 0.00261657 0.003294 0.00419975 0.00536199 0.0068509 0.00869814 0.0109651 0.0136728 0.016844 0.0204475 0.0244108 0.0286141 0.0328861 0.0370126 0.0407261 0.0437701 0.0458628 0.0467559 0.0462234 0.0441783 0.0406173 0.0356687 0.0295258 0.0225209 0.0150317 0.00750504 0.000374134 -0.0059001 -0.0109534 -0.0145269 -0.016522 -0.0168942 -0.0156962 -0.0130803 -0.00937354 -0.00496438 -0.000260156 0.00437721 0.00853903 0.0118146 0.013825 0.0143523 0.0132862 0.0106222 0.00640607 0.000836043 -0.00577236 -0.0129827 -0.0203634 -0.027458 -0.033866 -0.0392195 -0.0432816 -0.0458814 -0.0469799 -0.0466205 -0.0449937 -0.0423272 -0.0388989 -0.0349638 -0.0307964 -0.0266212 -0.0226301 -0.0189563 -0.0156896 -0.0128721 -0.010497 -0.00854654 -0.00696457 -0.00571937 -0.00474472 -0.00401037 -0.00344891 -0.00304621 -0.00274981 -0.00253982 -0.00238398 -0.00227658 -0.00219807 -0.00212758 -0.00208265 -0.0020373 -0.002003 -0.00196071 -0.00194013 -0.00190557 -0.00187584 -0.00185556 -0.0018291 -0.00180723 -0.00177974 -0.00176801 -0.00173647 -0.00172735 -0.00170589 -0.00167325 -0.00166539 -0.00165473 -0.00163685 -0.00159626 -0.00159544 -0.00159241 -0.00157698 -0.00155797 -0.00152951 -0.0015437 -0.00152936 -0.00151313 -0.00151156 -0.00149068 -0.0014754 -0.00146705 -0.00147516 -0.00145169 -0.00144359 -0.00144903 -0.00141712 -0.00142956 -0.00142939 -0.0014119 -0.0014219 -0.00140281 -0.00139511 -0.00139204 -0.0013826 -0.00138816 -0.00137985 -0.00138428 -0.00138247 -0.00137036 -0.00137824 -0.00136565 -0.00136189 -0.00137111 -0.00135782 -0.00136637 
0 2.13992e-06 1.97783e-05 2.15864e-05 4.1252e-05 5.88741e-05 6.37679e-05 8.44914e-05 8.4268e-05 9.05567e-05 0.000105316 0.000105617 0.000129257 0.000137781 0.000149224 0.000173827 0.000168056 0.000187263 0.000199731 0.000201242 0.000229608 0.000233032 0.000242362 0.000257217 0.00026476 0.000284023 0.000303743 0.000324526 0.000328267 0.000347443 0.000358664 0.000367181 0.000404469 0.000403733 0.000414102 0.000438385 0.00045377 0.000479127 0.000496068 0.000515217 0.000531077 0.000567854 0.000583552 0.000596973 0.00063492 0.000649713 0.000672864 0.000700608 0.000730256 0.000746786 0.000781992 0.000818811 0.000838197 0.000881372 0.00092369 0.000966151 0.00101244 0.00109134 0.00117283 0.00128105 0.00144774 0.00167183 0.00197497 0.00239766 0.00298934 0.00375637 0.00476992 0.00608159 0.00774498 0.00979251 0.0122963 0.015284 0.018747 0.0226477 0.0269127 0.0314039 0.0359181 0.0402393 0.0441075 0.0472474 0.0493587 0.0501967 0.0495555 0.0473424 0.0435615 0.03836 0.031962 0.0246928 0.016927 0.00911436 0.00171227 -0.00482293 -0.0101284 -0.0139448 -0.0161466 -0.0166846 -0.0156134 -0.0130996 -0.00945929 -0.00508201 -0.000384053 0.00423654 0.00835609 0.0115575 0.0134722 0.0138674 0.0126266 0.00974393 0.00529139 -0.000528796 -0.00740154 -0.0148975 -0.0225602 -0.0299247 -0.0365912 -0.0422037 -0.0464983 -0.0492818 -0.0505038 -0.0502156 -0.0485892 -0.045845 -0.0422746 -0.038157 -0.0337604 -0.0293076 -0.0250177 -0.0210473 -0.0174878 -0.0143845 -0.0117618 -0.00960219 -0.00783848 -0.00643424 -0.00534282 -0.00451394 -0.00387062 -0.00340493 -0.00307068 -0.00282657 -0.00264048 -0.00252107 -0.00243334 -0.002351 -0.00229842 -0.00225644 -0.00221407 -0.00216681 -0.00214695 -0.00210889 -0.00207167 -0.00204918 -0.00202048 -0.001987 -0.00196102 -0.00194721 -0.00190561 -0.0018905 -0.00187656 -0.00184917 -0.00183064 -0.00181252 -0.00179969 -0.00178187 -0.00177622 -0.00174267 -0.00172785 -0.00173098 -0.00170258 -0.00169336 -0.0016746 -0.00165631 -0.00165015 -0.00164519 -0.00163617 -0.00161975 -0.00161916 -0.00159877 -0.00159596 -0.00159912 -0.00157527 -0.00157908 -0.00156223 -0.00154658 -0.00155321 -0.00153893 -0.00154431 -0.00154237 -0.00153258 -0.00153515 -0.00151948 -0.00151713 -0.00151496 -0.00150562 -0.00151383 -0.00150885 -0.00150703 -0.00151199 -0.00150151 -0.00150338 
0 1.28164e-05 3.05903e-05 3.54009e-05 4.65675e-05 5.73588e-05 5.8802e-05 7.97469e-05 9.22362e-05 9.98304e-05 0.000127826 0.000129257 0.000134878 0.00016023 0.000156488 0.000172457 0.000195889 0.000194372 0.000216932 0.000232597 0.000238211 0.000258625 0.000271382 0.000289569 0.000297373 0.000310874 0.00033591 0.000332642 0.000356244 0.00038512 0.00038348 0.000406382 0.000434887 0.00045005 0.000458745 0.000485515 0.000511501 0.000519466 0.000548086 0.000559949 0.000583979 0.000616357 0.000625724 0.000654585 0.000684003 0.000712743 0.000730719 0.000770184 0.000802922 0.000820049 0.000868463 0.000898279 0.000931001 0.000968838 0.00102316 0.0010624 0.00111653 0.00120736 0.00129346 0.00142463 0.00160981 0.00187714 0.00221391 0.00270659 0.00337403 0.00424097 0.00537413 0.0068399 0.0086886 0.0109394 0.0136939 0.0169498 0.0207048 0.0248809 0.0294316 0.034168 0.0388897 0.0433564 0.047333 0.0505151 0.0526013 0.0533554 0.0525924 0.0502256 0.046256 0.0408653 0.0342841 0.026849 0.0189041 0.0109246 0.0033525 -0.00334545 -0.00884855 -0.0128664 -0.0152743 -0.0159893 -0.0151065 -0.0127755 -0.00932187 -0.00508948 -0.000528314 0.00395974 0.00790898 0.0109419 0.012682 0.012917 0.0114865 0.00841179 0.00376194 -0.0022235 -0.00926794 -0.0169324 -0.0247782 -0.0323099 -0.0391575 -0.0449558 -0.0494419 -0.0523834 -0.0537328 -0.053534 -0.0519456 -0.049172 -0.0455066 -0.0412542 -0.0366661 -0.0319813 -0.0274151 -0.0231746 -0.019328 -0.0159583 -0.0130806 -0.0107155 -0.00876264 -0.00720289 -0.00598479 -0.00505545 -0.00433205 -0.00379403 -0.0034205 -0.00313059 -0.00292253 -0.00277315 -0.00267864 -0.0025775 -0.00251559 -0.00246883 -0.00241513 -0.00236917 -0.00233518 -0.00230576 -0.00225507 -0.00223856 -0.00220654 -0.00217084 -0.0021487 -0.00212706 -0.00209905 -0.0020666 -0.00205816 -0.00202637 -0.00200666 -0.00198707 -0.00195544 -0.0019495 -0.00193004 -0.00190281 -0.00188447 -0.00188431 -0.00186395 -0.00183617 -0.00184373 -0.00182465 -0.00180469 -0.00180147 -0.00178441 -0.00177422 -0.00175892 -0.00175348 -0.00174545 -0.00172408 -0.00172788 -0.00171847 -0.00170388 -0.00171138 -0.00169904 -0.00168816 -0.00168817 -0.00167526 -0.00166727 -0.00166711 -0.00166432 -0.00165834 -0.00165965 -0.00165788 -0.00164632 -0.00165031 -0.00164651 -0.0016371 -0.00164756 -0.00164115 
0 1.42181e-05 2.12296e-05 3.91197e-05 5.09653e-05 5.9184e-05 7.99201e-05 8.57662e-05 9.60635e-05 0.000118456 0.000119596 0.000137781 0.00016023 0.000158976 0.000181798 0.000195989 0.000196498 0.000225931 0.00023855 0.000242247 0.000265568 0.000278391 0.000287331 0.000308861 0.000334077 0.000341647 0.000350551 0.000379823 0.000388806 0.000402815 0.000437761 0.000450161 0.000456393 0.000472944 0.000512597 0.000538836 0.000535176 0.000563048 0.000596239 0.000620635 0.000637727 0.000660841 0.00069405 0.000713422 0.000750612 0.000770325 0.000799939 0.000838863 0.000864236 0.000899964 0.000932753 0.000980229 0.00100587 0.00105832 0.00111047 0.00115765 0.00123012 0.00131756 0.00143563 0.0015731 0.00180425 0.00209229 0.00249444 0.00304585 0.0037988 0.00477145 0.00602811 0.00766154 0.00967927 0.0121624 0.0151422 0.0186815 0.0226883 0.0271481 0.0319313 0.0368911 0.041763 0.0463427 0.0503686 0.0535418 0.0555636 0.0562013 0.0553159 0.0527933 0.048691 0.0431547 0.0364883 0.0289549 0.0209608 0.0129041 0.00529721 -0.00149878 -0.00710586 -0.0113107 -0.0138853 -0.0148235 -0.0141562 -0.0121203 -0.00893686 -0.0050006 -0.000680487 0.00351871 0.00720379 0.00994038 0.0114596 0.0114677 0.00986752 0.00659695 0.00182649 -0.00427524 -0.0113669 -0.0191159 -0.0270139 -0.0346446 -0.0415711 -0.0475082 -0.0521188 -0.0552143 -0.0566808 -0.0566 -0.0550773 -0.0523251 -0.0486175 -0.0442661 -0.0395365 -0.0346437 -0.0298516 -0.0253341 -0.021236 -0.0175828 -0.0144759 -0.0118697 -0.00974359 -0.0080066 -0.00666248 -0.00561563 -0.00480755 -0.00420238 -0.00376375 -0.00344719 -0.00319483 -0.00303867 -0.00290963 -0.00281707 -0.00273395 -0.0026857 -0.00262907 -0.00257625 -0.00254534 -0.00249957 -0.00246509 -0.00242487 -0.00240236 -0.00236082 -0.00233176 -0.00230648 -0.00227224 -0.00225544 -0.00222159 -0.00219453 -0.00217235 -0.00216427 -0.0021362 -0.00209511 -0.00209184 -0.00208445 -0.00206248 -0.00202819 -0.00201477 -0.00201626 -0.00198918 -0.00197467 -0.00196793 -0.00194551 -0.00192862 -0.00192542 -0.00192052 -0.00189757 -0.00189077 -0.00188826 -0.00186353 -0.00186466 -0.00186416 -0.00184218 -0.00184268 -0.00183496 -0.00181995 -0.00182198 -0.00181608 -0.001809 -0.00180709 -0.001803 -0.0017968 -0.00179242 -0.0017929 -0.00178574 -0.00178423 -0.00178716 -0.00177896 -0.00178211 
0 1.08987e-05 2.27732e-05 3.73327e-05 5.17782e-05 6.94771e-05 8.48756e-05 9.72022e-05 0.000112936 0.000119608 0.00013204 0.000149224 0.000156488 0.000181798 0.000196554 0.000205461 0.000234163 0.000234538 0.000247351 0.000274476 0.000280331 0.000304128 0.000320552 0.000330263 0.000343683 0.000364366 0.000393744 0.000405971 0.000431853 0.000444489 0.000454266 0.00048052 0.000505018 0.000538569 0.000535442 0.000553618 0.000596089 0.000620374 0.000641095 0.000655455 0.00069679 0.000720362 0.000749989 0.000778318 0.000802636 0.000843332 0.00086648 0.000906953 0.000933597 0.000976097 0.00101221 0.00105119 0.00109885 0.00114098 0.0012043 0.00125657 0.00134374 0.00143669 0.00157138 0.00174379 0.0019927 0.00233169 0.00278449 0.00341781 0.00424616 0.00534106 0.00673339 0.008529 0.0107365 0.0134411 0.0166705 0.020456 0.0247304 0.0294301 0.0344395 0.0395589 0.0445615 0.0491954 0.0532297 0.0563351 0.0582573 0.0587558 0.0577307 0.0550726 0.050866 0.0452615 0.0385647 0.0310396 0.0230779 0.0150793 0.00751707 0.000736324 -0.00493156 -0.00925034 -0.0120042 -0.0131602 -0.0127902 -0.0111033 -0.0083232 -0.00478145 -0.000866982 0.00293793 0.0062134 0.00858443 0.00978236 0.00954872 0.00774521 0.00433412 -0.000529268 -0.00664589 -0.0137153 -0.0214154 -0.0292829 -0.0368998 -0.0438477 -0.0498372 -0.0545364 -0.0577509 -0.0593464 -0.0593948 -0.0579692 -0.0552869 -0.0515811 -0.047185 -0.0423359 -0.0372955 -0.0322891 -0.0275398 -0.023176 -0.0192799 -0.0159214 -0.0130915 -0.0107669 -0.00886673 -0.00738033 -0.0062074 -0.0053176 -0.00463023 -0.00413727 -0.00376519 -0.00349609 -0.00330239 -0.00315744 -0.00305492 -0.00296254 -0.00290472 -0.00283815 -0.00279577 -0.00274222 -0.00270417 -0.00266374 -0.0026219 -0.00258927 -0.00254827 -0.00252471 -0.00248187 -0.00245798 -0.00242289 -0.00239952 -0.00238133 -0.00234316 -0.00231826 -0.00229958 -0.00229806 -0.0022574 -0.00222681 -0.00222003 -0.00220495 -0.00219255 -0.00215735 -0.00214344 -0.00212881 -0.00211194 -0.00210729 -0.00209283 -0.00207793 -0.00205503 -0.0020552 -0.00204493 -0.00202779 -0.00203359 -0.00200745 -0.00199432 -0.00199454 -0.00197634 -0.00197818 -0.00197507 -0.00196544 -0.00196285 -0.0019534 -0.00194635 -0.001941 -0.00193664 -0.00193409 -0.00193149 -0.00192999 -0.00192737 -0.00192502 -0.00192322 -0.00192155 
0 1.71614e-05 3.56736e-05 4.8089e-05 5.76114e-05 7.15815e-05 8.01212e-05 9.37551e-05 0.00011805 0.000129725 0.000152255 0.000173827 0.000172457 0.000195989 0.000205461 0.000209607 0.00024707 0.000250328 0.000271088 0.000302188 0.000298311 0.000326115 0.000344013 0.000359747 0.000385448 0.000397027 0.000416511 0.000423612 0.00045254 0.000474927 0.000498093 0.000528122 0.000529586 0.000571426 0.000591027 0.000612881 0.00064969 0.000655261 0.000688481 0.000714379 0.000749229 0.000765012 0.000798057 0.000840504 0.000855375 0.000907826 0.00093411 0.000973925 0.0010116 0.00105655 0.00109736 0.00113268 0.00119791 0.00123353 0.00130092 0.00136622 0.00145852 0.00156178 0.00171174 0.00192156 0.00218875 0.00258107 0.0030953 0.00380825 0.00472454 0.00594521 0.00748889 0.00944491 0.0118559 0.0147848 0.0182651 0.0222848 0.0268155 0.0317362 0.0369362 0.0421793 0.04727 0.0519204 0.0559059 0.0589024 0.0606845 0.0610282 0.0598461 0.0570724 0.052796 0.0471892 0.0405257 0.0330984 0.0252642 0.0174347 0.0100097 0.00333237 -0.00232876 -0.00670793 -0.00962876 -0.0110225 -0.0110054 -0.00974059 -0.00746542 -0.00444039 -0.00107248 0.0022071 0.00495771 0.00687422 0.00767742 0.00716035 0.0051439 0.00162644 -0.00327614 -0.0093306 -0.0162927 -0.0238365 -0.0315755 -0.0390842 -0.0459846 -0.0519543 -0.0566974 -0.0599997 -0.0617323 -0.0619185 -0.0606237 -0.0580463 -0.0543978 -0.0499946 -0.0450689 -0.0399154 -0.0347342 -0.0297747 -0.0251609 -0.0210352 -0.0174298 -0.0143766 -0.0118434 -0.00978337 -0.00814297 -0.00684251 -0.00585818 -0.00509257 -0.00453384 -0.00410409 -0.00381309 -0.00357977 -0.00341529 -0.00329535 -0.00319846 -0.00312101 -0.0030481 -0.00300868 -0.00293907 -0.00290181 -0.00285673 -0.00281781 -0.00277437 -0.00274032 -0.00271367 -0.00266303 -0.00265274 -0.00261004 -0.00257844 -0.00255443 -0.0025305 -0.00250142 -0.00246226 -0.00245452 -0.00241522 -0.00240555 -0.00238521 -0.00234837 -0.00234342 -0.00231918 -0.0023141 -0.00229606 -0.00227499 -0.00225745 -0.00224048 -0.00223728 -0.00220962 -0.0022098 -0.00219082 -0.00216191 -0.00217529 -0.0021523 -0.00214765 -0.00215468 -0.00212938 -0.0021274 -0.0021167 -0.00210047 -0.00210055 -0.00209376 -0.00209013 -0.00208777 -0.00208265 -0.00207772 -0.00207291 -0.00207024 -0.00206713 -0.00206512 -0.00206413 -0.00206266 
0 1.81304e-05 1.93491e-05 4.72031e-05 6.36516e-05 7.2209e-05 0.000106492 0.000110529 0.000120763 0.000149369 0.000142669 0.000168056 0.000195889 0.000196498 0.000234163 0.00024707 0.000251155 0.000279988 0.000289553 0.000309104 0.000324226 0.000347746 0.0003696 0.000371022 0.000414569 0.000428928 0.000434526 0.000484064 0.000491218 0.000503103 0.000537708 0.000561314 0.000575418 0.000593557 0.000635561 0.000653718 0.000680382 0.000708348 0.000732989 0.000783065 0.000797654 0.000826706 0.000870107 0.000900899 0.000929907 0.000964698 0.00101267 0.0010334 0.0010841 0.00113003 0.00116326 0.00121788 0.00127279 0.00133128 0.00138605 0.00148365 0.00157493 0.00169679 0.00187532 0.00210937 0.00242239 0.00285039 0.00345524 0.00422697 0.00525986 0.00659573 0.0083045 0.0104208 0.0130379 0.0161991 0.0199092 0.0241699 0.0289184 0.0340574 0.0393877 0.0447414 0.0498568 0.0545012 0.0583705 0.0612339 0.0628321 0.0630119 0.0616598 0.0587912 0.0544854 0.0489308 0.042374 0.0351195 0.0275195 0.0199453 0.0127608 0.00625197 0.000686099 -0.00371916 -0.00677213 -0.00844492 -0.0088103 -0.00805631 -0.00635744 -0.00398883 -0.00128197 0.00132253 0.00346187 0.00481813 0.00517887 0.0043142 0.00209581 -0.00151607 -0.00638371 -0.0123231 -0.019082 -0.0263908 -0.0338936 -0.0412189 -0.0479925 -0.0538871 -0.0586245 -0.0619889 -0.063861 -0.0641929 -0.0630654 -0.0606157 -0.0570861 -0.0526999 -0.0477585 -0.0425034 -0.0372055 -0.0320371 -0.0272125 -0.0228438 -0.0190142 -0.0157218 -0.0129795 -0.0107478 -0.00894199 -0.00751578 -0.00640938 -0.00558011 -0.00492757 -0.00446012 -0.00411736 -0.00386694 -0.00366841 -0.0035372 -0.00343908 -0.00333859 -0.00327695 -0.00321796 -0.00316414 -0.00310293 -0.00307104 -0.00302134 -0.00296938 -0.0029435 -0.00289587 -0.00285577 -0.00282098 -0.00279818 -0.00275035 -0.00271859 -0.00270427 -0.00266631 -0.00264785 -0.00261231 -0.00259142 -0.00258217 -0.0025505 -0.00252141 -0.0025052 -0.0024993 -0.00245544 -0.00244042 -0.00244259 -0.00240052 -0.00239646 -0.00238818 -0.0023633 -0.00235582 -0.0023428 -0.00233896 -0.00231684 -0.00230866 -0.002305 -0.00227291 -0.00227751 -0.00227081 -0.0022519 -0.00226219 -0.00224797 -0.00223813 -0.00223862 -0.00222649 -0.00222398 -0.00221977 -0.00221647 -0.00221176 -0.00220768 -0.00220887 -0.00220227 -0.00220526 
0 1.10034e-05 4.17773e-05 4.55916e-05 6.33138e-05 8.96897e-05 9.0508e-05 0.000117912 0.000139261 0.00014267 0.000175504 0.000187263 0.000194372 0.000225931 0.000234538 0.000250328 0.000279988 0.000294279 0.000308993 0.000332006 0.000354932 0.000367567 0.000394765 0.000418433 0.000422468 0.000451812 0.000479024 0.000496714 0.000522899 0.000548332 0.000571247 0.000582644 0.000622751 0.000665763 0.000669877 0.000687364 0.000732088 0.000769788 0.000786 0.000815169 0.000851604 0.000884679 0.000926108 0.000955328 0.000989667 0.00103771 0.00107862 0.0011121 0.00116219 0.00121303 0.00125128 0.0013066 0.00136997 0.00142428 0.00149381 0.00159283 0.00169741 0.00183356 0.00203569 0.00230304 0.00265039 0.00314323 0.00381337 0.00467954 0.00581609 0.00729602 0.00916065 0.0114595 0.0142888 0.0176787 0.0216255 0.0261056 0.0310751 0.0363811 0.0418356 0.0472394 0.0523654 0.0569335 0.0606678 0.0633415 0.0647453 0.0647275 0.0632148 0.0602608 0.0559659 0.0505116 0.0441237 0.0371246 0.0298385 0.0226138 0.0157367 0.00948281 0.00406459 -0.000302884 -0.00349044 -0.00544477 -0.00625635 -0.00605697 -0.00503871 -0.00341711 -0.00151695 0.000312539 0.00172153 0.00245844 0.0022954 0.00106105 -0.00138477 -0.00504534 -0.00983959 -0.0155828 -0.0220776 -0.0290576 -0.0362454 -0.0432963 -0.0498758 -0.0556359 -0.0603215 -0.0637243 -0.0657192 -0.0662187 -0.0652659 -0.0629919 -0.0595972 -0.055294 -0.050352 -0.0450558 -0.0396468 -0.0343259 -0.0292893 -0.0247084 -0.0206466 -0.0171317 -0.0141749 -0.0117613 -0.0097976 -0.00822856 -0.00701402 -0.00608904 -0.0053705 -0.00483505 -0.00445552 -0.00416731 -0.00394539 -0.00379246 -0.00367928 -0.00357268 -0.00349371 -0.00343458 -0.00336895 -0.00330816 -0.003267 -0.00321692 -0.00316409 -0.00312783 -0.00309125 -0.00304509 -0.00300779 -0.0029768 -0.00294129 -0.00291524 -0.0028754 -0.00283619 -0.0028222 -0.00280494 -0.00275858 -0.0027201 -0.00271884 -0.0026989 -0.00266508 -0.00264138 -0.00262529 -0.00260926 -0.00258402 -0.00257832 -0.00256071 -0.0025307 -0.00252297 -0.00251083 -0.00249307 -0.00247986 -0.00247251 -0.00245319 -0.00243834 -0.00244294 -0.00242234 -0.00241424 -0.00241803 -0.00239314 -0.0023925 -0.00239025 -0.0023705 -0.00237598 -0.00236854 -0.00235777 -0.00236413 -0.00235465 -0.00235172 -0.0023552 -0.00234526 -0.00234722 
