0 0 0 0 0 0 0 0 0 0 0 0 0 0 0 0 0 0 0 0 0 0 0 0 0 0 0 0 0 0 0 0 0 0 0 0 0 0 0 0 0 0 0 0 0 0 0 0 0 0 0 0 0 0 0 0 0 0 0 0 0 0 0 0 0 0 0 0 0 0 0 0 0 0 0 0 0 0 0 0 0 0 0 0 0 0 0 0 0 0 0 0 0 0 0 0 0 0 0 0 0 0 0 0 0 0 0 0 0 0 0 0 0 0 0 0 0 0 0 0 0 0 0 0 0 0 0 0 0 0 0 0 0 0 0 0 0 0 0 0 0 0 0 0 0 0 0 0 0 0 0 0 0 0 0 0 0 0 0 0 0 0 0 0 0 0 0 0 0 0 0 0 0 0 0 0 0 0 0 0 0 0 0 0 0 0 0 0 0 0 0 0 0 0 0 0 0 0 0 0 
0 2.88478e-06 -3.59572e-06 2.4643e-06 7.04148e-07 -1.3371e-06 4.69988e-06 2.47431e-07 1.28088e-06 4.44566e-06 -2.31776e-07 3.22302e-06 5.30781e-06 1.62578e-06 6.36121e-06 5.17314e-06 6.99902e-07 5.20743e-06 2.35907e-06 2.63211e-06 1.18137e-05 1.34903e-05 2.11122e-05 3.54095e-05 4.39208e-05 6.66942e-05 0.000102006 0.000146354 0.000217467 0.000309844 0.000428944 0.000576296 0.000768168 0.000998893 0.00126792 0.0016042 0.00196111 0.00235185 0.00276857 0.00315887 0.00351262 0.00379921 0.00397254 0.00398864 0.00386984 0.00357094 0.00310207 0.00249225 0.00174347 0.000908196 2.89328e-05 -0.000795124 -0.00153317 -0.00214619 -0.0026278 -0.00292639 -0.00305243 -0.00304258 -0.00289294 -0.00266151 -0.00237493 -0.00208335 -0.00177744 -0.00150772 -0.00125188 -0.00104638 -0.000886987 -0.000758542 -0.000645434 -0.000557291 -0.000499753 -0.000443878 -0.000411545 -0.000367126 -0.000336254 -0.00030551 -0.000301202 -0.000267505 -0.000247173 -0.000228548 -0.000225882 -0.000201479 -0.00019014 -0.000174817 -0.000167526 -0.000155877 -0.00014725 -0.000131166 -0.00012328 -0.000121936 -0.000109754 -9.45373e-05 -8.99111e-05 -9.26358e-05 -7.51132e-05 -6.38674e-05 -6.2842e-05 -6.41492e-05 -4.30287e-05 -3.73438e-05 -3.80838e-05 -3.48191e-05 -1.31724e-05 -1.26248e-05 -1.26192e-05 -3.77261e-06 1.51037e-05 1.30978e-05 1.61637e-05 2.93839e-05 4.304e-05 4.37418e-05 5.04206e-05 6.47588e-05 7.39468e-05 8.41749e-05 9.13796e-05 0.000104373 0.000114685 0.000138167 0.000141477 0.000156531 0.000174529 0.000208249 0.000212057 0.000238847 0.000266042 0.000308916 0.000336972 0.000388786 0.000437565 0.000516691 0.000617578 0.000736331 0.000877183 0.00106424 0.00130107 0.00155784 0.00185235 0.00213839 0.00242845 0.00267889 0.00286405 0.00291119 0.00283629 0.00260352 0.00219335 0.00162867 0.000932815 0.000153475 -0.000692405 -0.00152778 -0.00230192 -0.00293641 -0.00344183 -0.00378285 -0.00394383 -0.00396828 -0.00384563 -0.00359609 -0.0032593 -0.00288779 -0.00247864 -0.00208988 -0.00173633 -0.00140262 -0.00112364 -0.000883836 -0.00068755 -0.000528008 -0.000407127 -0.000314153 -0.000236213 -0.000187301 -0.000146652 -0.000116357 -0.000104163 -9.31112e-05 -8.5045e-05 -8.64467e-05 -8.22935e-05 -7.72742e-05 -8.14746e-05 -7.6659e-05 -7.5646e-05 -8.19763e-05 -7.55184e-05 -7.79959e-05 -8.05933e-05 -7.12687e-05 -7.77824e-05 -7.51724e-05 -7.07039e-05 -8.14996e-05 -7.37582e-05 -7.78221e-05 -8.24906e-05 -7.12149e-05 -8.01895e-05 -7.54457e-05 
0 -3.59572e-06 8.41189e-06 -3.20875e-06 4.38312e-06 5.13075e-06 -2.90677e-06 8.2259e-06 5.17589e-07 4.71073e-06 7.01317e-06 2.50234e-06 7.65085e-06 1.17447e-06 8.78346e-06 3.38298e-06 1.01929e-05 1.77323e-05 6.38589e-06 2.86021e-05 1.33497e-05 2.06329e-05 4.46729e-05 3.93356e-05 9.52073e-05 0.000137086 0.000200892 0.000312919 0.00043724 0.000617767 0.000857937 0.00116948 0.00153671 0.00201444 0.00255891 0.00318286 0.00392044 0.00469297 0.00551811 0.00631003 0.00702373 0.00757126 0.00789456 0.00796999 0.00771316 0.00712806 0.006205 0.0049799 0.00346432 0.00181317 0.000115812 -0.00156039 -0.00305328 -0.00428269 -0.00520086 -0.00581627 -0.00609322 -0.00607536 -0.00577751 -0.00531144 -0.0047652 -0.00416953 -0.00357472 -0.00301661 -0.0025234 -0.00209899 -0.00178527 -0.00151762 -0.00129454 -0.00111731 -0.000994357 -0.000889476 -0.000811707 -0.000735681 -0.000659797 -0.000614343 -0.000585026 -0.000537142 -0.00048099 -0.000459648 -0.000436629 -0.000404937 -0.000369322 -0.000350754 -0.00032587 -0.000311902 -0.000287362 -0.00026264 -0.00024288 -0.000241635 -0.000216612 -0.000188964 -0.000179523 -0.000181326 -0.000150982 -0.000127142 -0.000126746 -0.000123745 -8.91465e-05 -7.34527e-05 -7.71022e-05 -6.54706e-05 -3.00631e-05 -2.33491e-05 -2.49473e-05 -4.50724e-06 2.78696e-05 2.84804e-05 3.47343e-05 6.03141e-05 8.73801e-05 8.93211e-05 0.000106248 0.000129861 0.000154729 0.000168399 0.000192256 0.000208772 0.000241999 0.000273837 0.000297312 0.000313465 0.000365261 0.000413178 0.000441593 0.000478598 0.000548177 0.000618201 0.000688733 0.000780789 0.000888043 0.00104213 0.00124207 0.00148265 0.00176108 0.00214544 0.00260062 0.00312549 0.00369605 0.00428837 0.0048423 0.00533707 0.005694 0.00581263 0.00565085 0.00514794 0.00434223 0.00324358 0.00187473 0.000264545 -0.00140443 -0.00304294 -0.00456942 -0.00585664 -0.00685733 -0.0075315 -0.00789063 -0.00790623 -0.00765624 -0.00717156 -0.00652624 -0.00576981 -0.00496616 -0.00420238 -0.00345143 -0.00280949 -0.00225308 -0.00176935 -0.00138056 -0.00106549 -0.000808691 -0.000606183 -0.000482268 -0.000359702 -0.00029785 -0.000259137 -0.000202829 -0.000201689 -0.000172769 -0.00016232 -0.000165724 -0.000153158 -0.000160512 -0.000153819 -0.000157518 -0.000151432 -0.00015175 -0.000155956 -0.000146573 -0.000161299 -0.000153092 -0.000154128 -0.000162239 -0.000145127 -0.000156233 -0.000149657 -0.000143634 -0.000158784 -0.000144784 -0.00015357 
0 2.4643e-06 -3.20875e-06 3.5751e-06 2.47887e-06 7.58858e-07 7.7723e-06 4.19202e-06 4.62975e-06 9.45201e-06 4.35199e-06 8.02643e-06 1.26154e-05 7.23441e-06 1.45553e-05 1.3246e-05 7.42045e-06 1.52947e-05 1.11022e-05 1.641e-05 3.15284e-05 4.0815e-05 6.43849e-05 9.69539e-05 0.000137681 0.000206347 0.000310011 0.000454714 0.000661573 0.000938873 0.00129797 0.00174831 0.00231949 0.0030134 0.00382922 0.00480747 0.00588279 0.00704697 0.00827086 0.00943703 0.0104835 0.0113158 0.0118142 0.0118815 0.0115103 0.0106268 0.00924479 0.00742483 0.00520775 0.00274011 0.000167002 -0.00228918 -0.00448962 -0.00632338 -0.00774082 -0.00865005 -0.00905939 -0.00904172 -0.00862744 -0.00795656 -0.00713076 -0.00625877 -0.00536711 -0.00455006 -0.00379926 -0.0031781 -0.00269056 -0.00229406 -0.00195651 -0.00169156 -0.00150349 -0.00134217 -0.00122864 -0.00110555 -0.00100592 -0.000924049 -0.000886068 -0.000803406 -0.000737311 -0.000687373 -0.000661885 -0.000604189 -0.000563069 -0.00052214 -0.000493904 -0.00046285 -0.000432493 -0.000390943 -0.000365935 -0.000354954 -0.000321613 -0.000282007 -0.000266265 -0.000262833 -0.000221553 -0.000189819 -0.000182837 -0.000176281 -0.000129187 -0.000108516 -0.000105685 -8.99493e-05 -4.19621e-05 -3.16375e-05 -2.70798e-05 -3.2218e-07 4.31987e-05 4.81421e-05 5.99278e-05 9.52524e-05 0.0001308 0.000140578 0.000161802 0.000199448 0.000229936 0.000258088 0.000284274 0.000319921 0.000357675 0.000412976 0.000437629 0.000479186 0.000538687 0.000619751 0.00065452 0.00072545 0.000814309 0.000929967 0.00103091 0.00117636 0.001339 0.00157446 0.00187634 0.00223711 0.00267189 0.00323704 0.00393329 0.00470873 0.00556835 0.00642807 0.00726875 0.00799525 0.00850921 0.00865045 0.00839882 0.0076766 0.00645371 0.00477857 0.00271727 0.000382129 -0.00211285 -0.0045765 -0.00685033 -0.00875041 -0.0102422 -0.0112522 -0.0117542 -0.0118146 -0.0114507 -0.0107232 -0.00974288 -0.00862953 -0.00743165 -0.00627609 -0.00520399 -0.00422187 -0.0033827 -0.00266616 -0.00207601 -0.00160004 -0.00122918 -0.000942284 -0.000720043 -0.000562234 -0.000446008 -0.000362707 -0.000314655 -0.0002841 -0.000259772 -0.000255062 -0.000245439 -0.000235284 -0.000240103 -0.000231662 -0.000231136 -0.000238098 -0.000229878 -0.000233312 -0.000234767 -0.000223786 -0.000230444 -0.000226998 -0.000222011 -0.000234662 -0.000226315 -0.000230868 -0.000236389 -0.00022458 -0.000235567 -0.000226722 
0 7.04148e-07 4.38312e-06 2.47887e-06 4.52661e-06 5.09507e-06 4.46307e-06 7.50092e-06 6.22749e-06 9.29129e-06 9.55469e-06 9.76024e-06 1.25308e-05 9.75376e-06 1.50029e-05 1.39923e-05 1.73585e-05 2.42643e-05 2.1942e-05 3.4628e-05 3.78984e-05 5.14335e-05 8.20155e-05 0.000114656 0.000186895 0.000282808 0.000421776 0.000625777 0.000896183 0.00126258 0.00174358 0.00235554 0.00311208 0.00404183 0.00513394 0.00640347 0.00783708 0.00937991 0.0109869 0.0125353 0.0139163 0.0149917 0.0156317 0.0157409 0.0152369 0.0140749 0.0122581 0.00984439 0.00691531 0.00367327 0.000317583 -0.00293684 -0.00586269 -0.0083005 -0.0101577 -0.011384 -0.0119657 -0.0119622 -0.0114441 -0.0105773 -0.00951315 -0.00835911 -0.00719499 -0.00609971 -0.00511483 -0.00428128 -0.0036213 -0.00307939 -0.00263009 -0.00227371 -0.00200885 -0.00179633 -0.00162979 -0.00147347 -0.0013352 -0.00123379 -0.00116067 -0.00106667 -0.000974585 -0.000913254 -0.00086347 -0.000800603 -0.000739445 -0.00069039 -0.000646552 -0.000609018 -0.000564203 -0.000516332 -0.000480874 -0.000460547 -0.000418504 -0.000372712 -0.000348817 -0.000334535 -0.000289122 -0.000250036 -0.000235776 -0.000218499 -0.000169785 -0.000140156 -0.00013028 -0.000104985 -5.56562e-05 -3.49997e-05 -2.3216e-05 1.15062e-05 5.84007e-05 7.42218e-05 9.38822e-05 0.000135882 0.000179127 0.000198747 0.000229604 0.000273908 0.000317905 0.000353137 0.000393333 0.000437291 0.000494233 0.000554516 0.00060128 0.000653769 0.000737901 0.000828187 0.000895566 0.000983042 0.00110715 0.0012503 0.0013995 0.00158662 0.00181739 0.00213102 0.00253197 0.00301873 0.00360958 0.00436724 0.00527967 0.00631536 0.00743838 0.00858179 0.00966858 0.0106051 0.0112502 0.0114348 0.011069 0.0100754 0.00845692 0.00625174 0.003531 0.000419457 -0.00285949 -0.00608861 -0.00906764 -0.0115917 -0.0135577 -0.0148929 -0.0155816 -0.0156469 -0.015165 -0.0142229 -0.0129501 -0.0114742 -0.0099074 -0.00837747 -0.00693368 -0.00564321 -0.00452536 -0.00357147 -0.00278619 -0.00215023 -0.00164396 -0.00125266 -0.000967366 -0.000749009 -0.000603303 -0.000502641 -0.000425732 -0.000387876 -0.000351794 -0.000334474 -0.000326404 -0.000315304 -0.000316752 -0.000311194 -0.000310467 -0.000309132 -0.000306402 -0.000308003 -0.000305962 -0.000308598 -0.000308058 -0.000307916 -0.000308562 -0.000305146 -0.000305794 -0.000303914 -0.000301496 -0.000302553 -0.00030263 -0.000304943 
0 -1.3371e-06 5.13075e-06 7.58858e-07 5.09507e-06 7.98506e-06 4.64549e-06 1.02825e-05 9.24695e-06 9.87488e-06 1.35184e-05 1.27119e-05 1.44908e-05 1.60548e-05 1.75736e-05 1.74589e-05 2.24927e-05 2.49535e-05 2.74353e-05 4.16301e-05 4.79821e-05 7.07015e-05 0.000108214 0.000152578 0.000242019 0.000362518 0.000537302 0.000794797 0.00113737 0.00159923 0.00220203 0.00297016 0.00391575 0.00507354 0.00644504 0.00801906 0.00980074 0.0117139 0.0136841 0.0155915 0.0172846 0.0185976 0.0193755 0.0195056 0.018866 0.0174273 0.0151882 0.0122081 0.00861473 0.00462494 0.000503408 -0.00350296 -0.00711422 -0.0101426 -0.0124527 -0.0139971 -0.014756 -0.0147828 -0.0141972 -0.0131663 -0.0118801 -0.010462 -0.00903848 -0.0076776 -0.00646168 -0.00542042 -0.00457827 -0.00388858 -0.00332484 -0.00287566 -0.00252829 -0.00226152 -0.00203793 -0.00184674 -0.00167368 -0.00154799 -0.00143593 -0.00132957 -0.00121714 -0.00113818 -0.00106326 -0.000993038 -0.000914891 -0.000853677 -0.000795649 -0.000746902 -0.000689222 -0.00063473 -0.000589554 -0.000553599 -0.000505375 -0.000455321 -0.000421624 -0.000390825 -0.000345624 -0.000301049 -0.000275748 -0.000244274 -0.000199662 -0.000161307 -0.000139788 -0.000104172 -5.9661e-05 -2.66331e-05 -3.75098e-06 3.73532e-05 8.20524e-05 0.000112783 0.000141963 0.000188085 0.00023479 0.000268835 0.000308053 0.000357895 0.000412086 0.000457294 0.000508647 0.000563389 0.000635149 0.000700498 0.000768064 0.000836958 0.000939156 0.00103778 0.00113962 0.00124873 0.00140359 0.00157545 0.00177602 0.00200869 0.00231333 0.00270859 0.0032122 0.00382917 0.00458784 0.00553686 0.00666693 0.00795596 0.00933297 0.0107411 0.0120625 0.0131862 0.0139285 0.0141254 0.0136318 0.0123742 0.0103527 0.00760708 0.00423964 0.000404349 -0.00362677 -0.00760308 -0.0112598 -0.0143801 -0.0168008 -0.0184489 -0.0193118 -0.0193991 -0.0188128 -0.0176636 -0.0161037 -0.0142796 -0.0123588 -0.0104647 -0.00867513 -0.00707757 -0.00567891 -0.00448993 -0.0035069 -0.00271178 -0.00207805 -0.00158771 -0.00122744 -0.000950356 -0.000762069 -0.00063251 -0.000535409 -0.000483499 -0.000443697 -0.000418942 -0.000408249 -0.000398344 -0.000393333 -0.000390563 -0.000389892 -0.000385137 -0.000387173 -0.000386205 -0.000381759 -0.000387709 -0.000381617 -0.000382085 -0.00038571 -0.00037688 -0.000383364 -0.000382005 -0.000379158 -0.00038634 -0.000378114 -0.000380993 
0 4.69988e-06 -2.90677e-06 7.7723e-06 4.46307e-06 4.64549e-06 1.25181e-05 7.01408e-06 1.3514e-05 1.31364e-05 1.31667e-05 1.67151e-05 1.67666e-05 2.21767e-05 1.86733e-05 2.81418e-05 2.38319e-05 2.51953e-05 4.16734e-05 3.37071e-05 6.76633e-05 9.18571e-05 0.00012444 0.000211824 0.000291885 0.000447319 0.000668637 0.000964716 0.00139251 0.00195336 0.00268094 0.00359351 0.00474743 0.0061186 0.00775722 0.00966077 0.0117574 0.0140349 0.0163541 0.0185963 0.0205693 0.0221121 0.0230309 0.0231431 0.0223881 0.0206765 0.0180269 0.0145062 0.0103067 0.0056117 0.000734284 -0.00396165 -0.00822296 -0.0118185 -0.0146069 -0.0164622 -0.0174071 -0.0174914 -0.0168767 -0.0157225 -0.0142259 -0.0125782 -0.0108985 -0.00929754 -0.00784159 -0.00660453 -0.00556307 -0.00472606 -0.00403836 -0.00349277 -0.00305898 -0.00272705 -0.0024485 -0.00221127 -0.00201545 -0.00184922 -0.00170806 -0.00157496 -0.00145857 -0.00134569 -0.00125741 -0.00116608 -0.00108393 -0.00099924 -0.000936314 -0.000865441 -0.00080285 -0.000736898 -0.000686361 -0.000627705 -0.000577434 -0.000523245 -0.000479091 -0.000428652 -0.00038558 -0.000338103 -0.000297619 -0.000252116 -0.000212553 -0.000168274 -0.000129593 -8.58985e-05 -4.71864e-05 -3.03637e-06 3.56293e-05 8.04442e-05 0.000120982 0.00016826 0.000208628 0.000257933 0.00030404 0.000357815 0.000402272 0.000461055 0.000517811 0.00058199 0.000636139 0.000711443 0.00078543 0.000867768 0.000944243 0.00104506 0.00114865 0.00126876 0.0013933 0.00154083 0.00171221 0.00192408 0.00216981 0.0024603 0.00283842 0.00332056 0.00393166 0.00468043 0.00562088 0.00675129 0.00810735 0.00962852 0.0112592 0.0128939 0.0144407 0.0157166 0.0165271 0.0166917 0.0160531 0.0145455 0.0121102 0.00882412 0.0048199 0.000336492 -0.00442118 -0.00911374 -0.013411 -0.0170837 -0.0199468 -0.021906 -0.0229125 -0.0230538 -0.0223741 -0.0210298 -0.0191924 -0.0170556 -0.0147934 -0.012535 -0.010442 -0.00851997 -0.00684481 -0.00542869 -0.00424229 -0.00328342 -0.00252651 -0.00194514 -0.00148264 -0.00116999 -0.000926444 -0.000752866 -0.00066341 -0.000572957 -0.000538247 -0.000512578 -0.000485415 -0.000483549 -0.000470596 -0.000469467 -0.000465289 -0.00046757 -0.000464705 -0.000461337 -0.000466987 -0.000454005 -0.000461226 -0.000458919 -0.000452278 -0.000466691 -0.000454066 -0.000458812 -0.000464521 -0.000450749 -0.000463702 -0.000455806 
0 2.47431e-07 8.2259e-06 4.19202e-06 7.50092e-06 1.02825e-05 7.01408e-06 1.20278e-05 1.36397e-05 1.2607e-05 1.84339e-05 1.982e-05 1.70575e-05 2.43965e-05 2.24195e-05 2.38189e-05 3.62946e-05 3.50862e-05 4.78941e-05 6.23074e-05 7.24421e-05 0.000107214 0.000154425 0.000231024 0.000358383 0.000542289 0.00080251 0.00116814 0.00166515 0.00231735 0.00316978 0.00425782 0.00558646 0.00720131 0.00911362 0.0112785 0.0137152 0.0163285 0.0189764 0.0215391 0.0237935 0.0255146 0.0265254 0.0266692 0.0257735 0.0238119 0.0207822 0.0167559 0.0119441 0.00660634 0.00109651 -0.00428457 -0.00919345 -0.0133489 -0.016545 -0.0187406 -0.0199098 -0.0200884 -0.0194645 -0.0182129 -0.0165658 -0.0146969 -0.0127948 -0.0109415 -0.00927729 -0.00782206 -0.00659255 -0.00558455 -0.00477441 -0.00412091 -0.00359432 -0.00319301 -0.00284478 -0.00257191 -0.00233486 -0.0021435 -0.00195062 -0.0018111 -0.00166753 -0.00154351 -0.00141851 -0.00132575 -0.00121951 -0.00113137 -0.00104504 -0.000966422 -0.000885545 -0.000821097 -0.000753773 -0.000680546 -0.000621455 -0.000569169 -0.000509542 -0.000442391 -0.000399497 -0.00035039 -0.000293934 -0.000234134 -0.000200276 -0.000149153 -9.41535e-05 -4.12443e-05 -9.32344e-06 4.65589e-05 0.000101181 0.000149275 0.000186576 0.000248339 0.000303767 0.0003517 0.000402275 0.000468967 0.000528629 0.000585283 0.000655797 0.000726012 0.000800063 0.000877436 0.000971752 0.00105209 0.00115992 0.00126974 0.0013972 0.00151677 0.00168656 0.00185373 0.00206123 0.00229696 0.00260318 0.00294842 0.00340855 0.00398101 0.00469885 0.00559433 0.00670731 0.00803982 0.00959046 0.0113495 0.0131992 0.0150675 0.0167791 0.0181691 0.0190127 0.0191432 0.0183311 0.0165089 0.0136894 0.00991305 0.0053192 0.00014428 -0.00526523 -0.010589 -0.0154825 -0.0196961 -0.0229736 -0.0252211 -0.0264202 -0.0265685 -0.0258056 -0.024305 -0.0222357 -0.019791 -0.0172151 -0.0146307 -0.0121797 -0.00998094 -0.00803683 -0.00637985 -0.00500476 -0.00387942 -0.00298044 -0.00228679 -0.00176472 -0.00137669 -0.0011025 -0.000913626 -0.00077616 -0.000688024 -0.000634049 -0.000590312 -0.000573584 -0.000562902 -0.000549422 -0.000550653 -0.000544925 -0.000537218 -0.000541222 -0.000537538 -0.000534906 -0.000544318 -0.000537617 -0.000538368 -0.000543107 -0.000529824 -0.000538358 -0.00053226 -0.000524862 -0.000538245 -0.000525795 -0.000535064 
0 1.28088e-06 5.17589e-07 4.62975e-06 6.22749e-06 9.24695e-06 1.3514e-05 1.36397e-05 1.7094e-05 1.70942e-05 1.97882e-05 2.136e-05 2.23519e-05 2.9292e-05 2.60878e-05 3.44491e-05 3.50157e-05 3.51906e-05 5.40733e-05 5.69745e-05 9.25181e-05 0.000134781 0.000188734 0.000299343 0.000428868 0.000641771 0.000947503 0.00136264 0.00194508 0.00270722 0.00368943 0.00492533 0.00645724 0.00828886 0.0104607 0.0129432 0.0156836 0.0186178 0.0215746 0.0244148 0.0268957 0.0288041 0.0299203 0.0300281 0.029009 0.0267947 0.0233966 0.0189098 0.0135822 0.00764775 0.00148946 -0.00448883 -0.00996168 -0.0146343 -0.0182966 -0.0208216 -0.0222061 -0.0225063 -0.0219284 -0.0206351 -0.0188516 -0.0168082 -0.0146907 -0.012629 -0.0107424 -0.00908765 -0.00765438 -0.00648272 -0.00553286 -0.00476866 -0.00414574 -0.00366063 -0.00324813 -0.00292273 -0.00265601 -0.00241742 -0.00219323 -0.00202108 -0.00186871 -0.00171151 -0.0015702 -0.00145064 -0.00133825 -0.00122815 -0.00113218 -0.00102895 -0.000942036 -0.000865601 -0.000788919 -0.000693746 -0.000630473 -0.000572315 -0.000500511 -0.000415861 -0.000371505 -0.000318262 -0.000246978 -0.000175098 -0.000141963 -8.52241e-05 -1.45315e-05 4.54007e-05 7.55397e-05 0.000140408 0.000209373 0.000261002 0.000296698 0.000371494 0.00043789 0.000488853 0.000538903 0.000621939 0.000688475 0.000752179 0.000822994 0.000911109 0.000990275 0.00108342 0.00117765 0.0012768 0.00139383 0.00153055 0.00165981 0.00180279 0.00199376 0.00220138 0.0024288 0.00270629 0.0030621 0.00347985 0.00402063 0.00469019 0.00552875 0.00657164 0.00787089 0.00939135 0.0111557 0.0131209 0.0151871 0.0172336 0.0191031 0.0205695 0.0214019 0.0214261 0.0204315 0.0183366 0.0151001 0.010808 0.00564617 -9.34262e-05 -0.00612718 -0.0120684 -0.0175185 -0.0222077 -0.0258774 -0.0284034 -0.0297445 -0.0299611 -0.0291401 -0.0274789 -0.0251795 -0.0224695 -0.0195897 -0.0166904 -0.0139568 -0.0114524 -0.0092408 -0.00735609 -0.00577755 -0.00449132 -0.00347 -0.00267679 -0.00205679 -0.00161511 -0.00128023 -0.00104513 -0.000902065 -0.000785065 -0.000729605 -0.00068692 -0.000654685 -0.000646528 -0.000629033 -0.00062716 -0.000624019 -0.000621798 -0.000622256 -0.000618736 -0.000617875 -0.000612415 -0.000612352 -0.00061014 -0.000608356 -0.000611138 -0.000611287 -0.000614463 -0.000615451 -0.000613735 -0.000612525 -0.000609264 
0 4.44566e-06 4.71073e-06 9.45201e-06 9.29129e-06 9.87488e-06 1.31364e-05 1.2607e-05 1.70942e-05 1.92292e-05 2.16523e-05 2.4391e-05 2.58929e-05 3.05268e-05 2.96773e-05 3.82298e-05 4.1562e-05 4.73459e-05 6.65444e-05 7.36986e-05 0.000109104 0.000153511 0.000217487 0.000342588 0.000502164 0.000754197 0.00111102 0.00159103 0.0022532 0.00311692 0.00423034 0.00562961 0.00735666 0.00941905 0.011842 0.0146022 0.0176353 0.0208664 0.0241159 0.027214 0.0299079 0.0319584 0.0331408 0.0332264 0.0320883 0.0296431 0.0259083 0.0209984 0.0151727 0.00871543 0.00201139 -0.00452463 -0.0105488 -0.0157173 -0.0197998 -0.0226631 -0.0242987 -0.024768 -0.0242612 -0.0229633 -0.0210954 -0.0189109 -0.0166038 -0.0143431 -0.0122481 -0.0103858 -0.00875312 -0.00740144 -0.00630296 -0.00541387 -0.00468895 -0.00410703 -0.00362481 -0.00324179 -0.00293541 -0.00265007 -0.00239212 -0.00218697 -0.00201589 -0.00183336 -0.00167036 -0.00152697 -0.00140148 -0.00127639 -0.00116344 -0.00104223 -0.000943908 -0.000858402 -0.000766809 -0.000658172 -0.000584656 -0.000520851 -0.000434916 -0.000340464 -0.000287235 -0.000229909 -0.000144833 -6.62591e-05 -2.55637e-05 3.50963e-05 0.000119126 0.000183252 0.000220031 0.000289617 0.000371192 0.000425472 0.000467318 0.000548287 0.000626529 0.000680038 0.000735929 0.00082724 0.000905349 0.00097341 0.00104976 0.00114918 0.00124073 0.00134261 0.00144284 0.00155755 0.0016896 0.00184373 0.00198322 0.00214853 0.00236255 0.00260601 0.00286116 0.00318087 0.00358828 0.00408532 0.00470878 0.00548202 0.00644453 0.00764499 0.00912246 0.0108352 0.0127941 0.0149502 0.0172063 0.0194056 0.0213756 0.0228674 0.0236594 0.0235509 0.0223385 0.0199291 0.0163006 0.0115454 0.00585539 -0.00044463 -0.00703422 -0.0135019 -0.0194553 -0.0245855 -0.028624 -0.0314184 -0.0329165 -0.0331818 -0.0323166 -0.0305363 -0.0280511 -0.0251079 -0.0219493 -0.018757 -0.0157251 -0.0129376 -0.0104724 -0.0083576 -0.00658194 -0.0051259 -0.00396383 -0.00305882 -0.00235614 -0.00185207 -0.00147388 -0.00120669 -0.00103561 -0.000901312 -0.000828397 -0.000777013 -0.000740851 -0.000728004 -0.000711995 -0.000706645 -0.000700771 -0.000697371 -0.000694537 -0.000692401 -0.000694305 -0.0006904 -0.000693674 -0.000693603 -0.000691387 -0.00069272 -0.000686498 -0.000685462 -0.000684876 -0.000681796 -0.000686205 -0.000686944 
0 -2.31776e-07 7.01317e-06 4.35199e-06 9.55469e-06 1.35184e-05 1.31667e-05 1.84339e-05 1.97882e-05 2.16523e-05 2.34512e-05 2.86919e-05 2.85615e-05 3.1658e-05 3.95149e-05 3.46628e-05 4.96744e-05 5.6343e-05 6.34132e-05 0.000100049 0.00012067 0.000180717 0.000272281 0.000389603 0.000597446 0.000877085 0.00127739 0.00183352 0.0025768 0.00354899 0.00479406 0.00637055 0.00827305 0.0105743 0.0132539 0.0162705 0.0196024 0.0231013 0.0266148 0.0299278 0.0328132 0.0349764 0.0361913 0.0362607 0.0349829 0.0323191 0.0282762 0.0230051 0.0167272 0.00980833 0.00263889 -0.00440399 -0.0109168 -0.0165522 -0.0210241 -0.0242409 -0.0261418 -0.0268164 -0.0264173 -0.0251593 -0.0232631 -0.0209674 -0.0185115 -0.0160644 -0.0137845 -0.011706 -0.00988738 -0.00834083 -0.00708889 -0.00606055 -0.00522684 -0.00453874 -0.00397863 -0.00353493 -0.00317188 -0.00284522 -0.00254419 -0.00230976 -0.00210145 -0.00190516 -0.00170746 -0.00154749 -0.00139423 -0.00126268 -0.00111952 -0.000990053 -0.000869321 -0.000777413 -0.000662151 -0.000549953 -0.000456791 -0.000386247 -0.000283454 -0.000186908 -0.000115917 -5.28819e-05 4.4008e-05 0.000124708 0.000181521 0.000245814 0.00033893 0.0004054 0.000457006 0.000527527 0.000617823 0.000674323 0.000730002 0.000809124 0.000898341 0.000953131 0.00102192 0.00110993 0.00120368 0.00127069 0.00135976 0.00145774 0.00157008 0.00166844 0.00178421 0.00190326 0.0020593 0.00221384 0.00237686 0.0025561 0.00279954 0.00306646 0.00336283 0.00372203 0.00418742 0.00476683 0.00547905 0.00636497 0.00745712 0.0088282 0.0104728 0.0123873 0.0145216 0.0168596 0.0192655 0.0215948 0.0236111 0.0250847 0.0257887 0.0255105 0.0240592 0.021311 0.0173019 0.0120995 0.00593442 -0.00089286 -0.00796379 -0.0148997 -0.0213143 -0.0268424 -0.0312107 -0.0342458 -0.0359194 -0.0362259 -0.0353457 -0.0334707 -0.0308241 -0.0276682 -0.0242585 -0.0208138 -0.0174822 -0.0144431 -0.0117255 -0.00937439 -0.00741114 -0.00578729 -0.00448759 -0.0034647 -0.00269215 -0.00209811 -0.00167519 -0.00137932 -0.00115337 -0.00102561 -0.000926756 -0.000862642 -0.000836135 -0.000804688 -0.000794574 -0.000786843 -0.000779439 -0.000775832 -0.000774829 -0.000773396 -0.000768821 -0.000775088 -0.00076577 -0.000765294 -0.000770426 -0.000758515 -0.000769352 -0.000765504 -0.000760131 -0.000772056 -0.000758249 -0.000763945 
0 3.22302e-06 2.50234e-06 8.02643e-06 9.76024e-06 1.27119e-05 1.67151e-05 1.982e-05 2.136e-05 2.4391e-05 2.86919e-05 2.6723e-05 3.54011e-05 3.60344e-05 3.82047e-05 5.19325e-05 4.80519e-05 6.34671e-05 8.07325e-05 9.71905e-05 0.000150099 0.00021205 0.000312581 0.000471602 0.000691546 0.00101192 0.00146761 0.00209103 0.00291834 0.0040155 0.00540347 0.00712347 0.00924567 0.0117541 0.0146674 0.0179761 0.0215612 0.0253117 0.0290629 0.0325683 0.0355767 0.0378481 0.0391024 0.0390962 0.0377033 0.0348299 0.0305093 0.0249031 0.0182793 0.0109664 0.00334444 -0.00412242 -0.0110442 -0.0170842 -0.0219846 -0.0255358 -0.0277126 -0.0286121 -0.0283796 -0.0272131 -0.0253185 -0.0229658 -0.0203812 -0.0177947 -0.0153157 -0.0130473 -0.0110243 -0.00929554 -0.00786219 -0.00669221 -0.00573144 -0.00492925 -0.00428694 -0.00376498 -0.00334505 -0.00295946 -0.0026316 -0.00234237 -0.00211086 -0.00187761 -0.00166664 -0.00146517 -0.00130304 -0.00114023 -0.000985651 -0.000829858 -0.000702549 -0.000581947 -0.000458006 -0.000331697 -0.000228109 -0.000133772 -2.62626e-05 7.80093e-05 0.000163593 0.000243559 0.000341748 0.000428477 0.000501613 0.000576102 0.000668097 0.000741887 0.000808665 0.00088414 0.000971885 0.00103898 0.00110568 0.00118711 0.00127374 0.00134309 0.00141583 0.0015081 0.00160058 0.00168454 0.00176992 0.00188064 0.00199256 0.00210786 0.00221767 0.0023624 0.00251747 0.00269167 0.0028584 0.00307495 0.00332546 0.0036304 0.00395883 0.00437399 0.00489235 0.0055606 0.00636899 0.00736838 0.00860959 0.0101398 0.0119633 0.0140496 0.0163725 0.0188484 0.0213856 0.023776 0.025811 0.0272198 0.0277822 0.0272764 0.0255618 0.0225126 0.0180934 0.0124542 0.00585399 -0.0013795 -0.00890279 -0.0162708 -0.0230721 -0.028942 -0.0336127 -0.0368851 -0.0386865 -0.0390974 -0.0382208 -0.0362574 -0.0334827 -0.0301601 -0.0265232 -0.0228316 -0.0192739 -0.0159507 -0.0129909 -0.0104301 -0.00825259 -0.00647172 -0.00503847 -0.00390113 -0.0030263 -0.00237132 -0.00188462 -0.00153564 -0.00130503 -0.00113652 -0.00103066 -0.000968403 -0.000914268 -0.000892672 -0.000875787 -0.000861873 -0.000861661 -0.000856859 -0.000853555 -0.000851027 -0.000849422 -0.000843431 -0.00084582 -0.00084416 -0.000838261 -0.000847779 -0.000839499 -0.000842505 -0.000847818 -0.00083554 -0.000846303 -0.000838646 
0 5.30781e-06 7.65085e-06 1.26154e-05 1.25308e-05 1.44908e-05 1.67666e-05 1.70575e-05 2.23519e-05 2.58929e-05 2.85615e-05 3.54011e-05 3.65779e-05 3.91348e-05 4.86681e-05 4.67535e-05 6.10975e-05 7.71512e-05 8.77676e-05 0.000132783 0.000169057 0.00024282 0.000367223 0.00052586 0.000798203 0.00116521 0.00167766 0.00238417 0.00330416 0.00450713 0.0060316 0.00793625 0.0102384 0.0129823 0.0161402 0.0196741 0.0235103 0.0274886 0.0314481 0.0351122 0.0382569 0.040575 0.0418056 0.0417598 0.040239 0.0371811 0.0326244 0.026748 0.0197798 0.0121416 0.00421126 -0.00362418 -0.0109398 -0.0173714 -0.0226041 -0.0264957 -0.0289847 -0.0301595 -0.0301087 -0.029067 -0.0272406 -0.0248678 -0.0222065 -0.0194802 -0.0168395 -0.0143681 -0.0121622 -0.0102266 -0.00861504 -0.00727786 -0.0061814 -0.00525388 -0.00451688 -0.00391135 -0.0034121 -0.00297689 -0.00260152 -0.0022715 -0.00198939 -0.00173729 -0.00148874 -0.00126746 -0.00107019 -0.000893229 -0.000705237 -0.000543978 -0.000388581 -0.000251524 -0.000102937 2.13228e-05 0.000151385 0.000262027 0.00038372 0.000484845 0.000596621 0.000688831 0.000792961 0.000878811 0.000977192 0.00105753 0.00115077 0.00122677 0.00131703 0.001391 0.00147903 0.00155099 0.00163852 0.00171149 0.0018015 0.00187659 0.00196656 0.00204649 0.00214888 0.00223576 0.00233549 0.00243661 0.00256491 0.0026771 0.00280337 0.00294872 0.00312266 0.00329295 0.00348686 0.00372022 0.0039954 0.00431958 0.00469852 0.00516455 0.0057459 0.00650164 0.00741141 0.00853819 0.00992189 0.0116254 0.0136052 0.0158719 0.018339 0.0209456 0.02356 0.0259866 0.0279593 0.0292469 0.029639 0.0288894 0.0268656 0.02345 0.0186845 0.0126733 0.00567873 -0.00198038 -0.00985304 -0.0175479 -0.0246945 -0.0308736 -0.0358101 -0.0392985 -0.0412699 -0.0417355 -0.0408872 -0.0389022 -0.0360364 -0.0325716 -0.0287478 -0.024842 -0.021022 -0.0174774 -0.0142866 -0.0114993 -0.0091382 -0.0071794 -0.00559446 -0.00433666 -0.0033828 -0.00264201 -0.00211196 -0.00173022 -0.00144225 -0.00127082 -0.00113577 -0.00105502 -0.00101337 -0.000973024 -0.000960141 -0.000946382 -0.000934645 -0.000930792 -0.000927154 -0.000924628 -0.000925229 -0.000925972 -0.000925122 -0.000927652 -0.000923969 -0.000921761 -0.000919134 -0.000914478 -0.000914316 -0.0009132 -0.000915591 -0.000917195 
0 1.62578e-06 1.17447e-06 7.23441e-06 9.75376e-06 1.60548e-05 2.21767e-05 2.43965e-05 2.9292e-05 3.05268e-05 3.1658e-05 3.60344e-05 3.91348e-05 4.32773e-05 5.27506e-05 5.56715e-05 6.80046e-05 8.45788e-05 9.93265e-05 0.000146497 0.000198035 0.000289386 0.00043539 0.000623714 0.000926554 0.00133323 0.00190148 0.00268525 0.00370323 0.00503621 0.00671057 0.00878171 0.0112824 0.0142375 0.017628 0.0214095 0.0254803 0.0296647 0.0337941 0.0375814 0.0407962 0.0431521 0.0443659 0.0442413 0.0425878 0.0393543 0.0345917 0.0284892 0.0212929 0.0133968 0.00517779 -0.0029533 -0.0105553 -0.0173031 -0.0228847 -0.0271128 -0.0299115 -0.0313623 -0.0315514 -0.0306868 -0.0289689 -0.0266224 -0.0239254 -0.0211006 -0.0183078 -0.0156555 -0.0132597 -0.0111283 -0.0093209 -0.00780984 -0.00655543 -0.00549921 -0.00465204 -0.00395065 -0.00336113 -0.00286578 -0.00243915 -0.00205749 -0.0017243 -0.00143735 -0.00115586 -0.000903473 -0.000674945 -0.000466762 -0.000253461 -7.4588e-05 0.000103361 0.00027163 0.000436622 0.000570531 0.000720775 0.000859427 0.000988115 0.00109625 0.00122756 0.00134126 0.00144487 0.00153832 0.0016549 0.00174877 0.00183661 0.00192213 0.00202809 0.00210758 0.00218796 0.0022717 0.0023712 0.00244271 0.00252577 0.00261398 0.00271119 0.00278581 0.00288467 0.0029831 0.00308643 0.0031841 0.00331311 0.00343195 0.00356381 0.00371411 0.00389268 0.00406739 0.00427966 0.00453338 0.00482643 0.00517289 0.00560189 0.00612455 0.00677497 0.00761532 0.00863866 0.00989549 0.0114352 0.0132991 0.0154387 0.0178609 0.0204669 0.0231665 0.0258151 0.028218 0.0300945 0.031217 0.0313677 0.0303291 0.0279887 0.024236 0.0190953 0.0127143 0.00538934 -0.00258174 -0.010769 -0.0187713 -0.0261935 -0.0326282 -0.0377913 -0.0414746 -0.0435985 -0.0441765 -0.0433793 -0.0413748 -0.0384449 -0.0348685 -0.0308923 -0.0268026 -0.0227772 -0.0190015 -0.0155822 -0.0125857 -0.01003 -0.00791243 -0.00619176 -0.00481516 -0.00376134 -0.00293762 -0.00233992 -0.00190832 -0.00159042 -0.00139362 -0.00124508 -0.00115366 -0.00109905 -0.00105514 -0.00103729 -0.00102385 -0.0010165 -0.0010137 -0.00101131 -0.00100792 -0.00100623 -0.00100111 -0.000995874 -0.000996067 -0.00099221 -0.000996031 -0.000997626 -0.000998652 -0.00100204 -0.000997807 -0.000998119 -0.000992645 
0 6.36121e-06 8.78346e-06 1.45553e-05 1.50029e-05 1.75736e-05 1.86733e-05 2.24195e-05 2.60878e-05 2.96773e-05 3.95149e-05 3.82047e-05 4.86681e-05 5.27506e-05 5.2449e-05 7.26952e-05 7.445e-05 9.68901e-05 0.00013008 0.000162088 0.0002395 0.000337116 0.000491263 0.000725667 0.00105642 0.00152501 0.00216554 0.00303442 0.00415245 0.00561 0.00743822 0.00966745 0.012385 0.0155465 0.0191568 0.0231692 0.0274363 0.0318079 0.0360776 0.0399822 0.0432343 0.0455949 0.0467695 0.0465426 0.044777 0.0413935 0.0364721 0.0301722 0.0228068 0.0147224 0.00629839 -0.00204682 -0.00989698 -0.01691 -0.0228064 -0.0273391 -0.0304691 -0.0322169 -0.0326832 -0.0320277 -0.0304581 -0.0281938 -0.0254969 -0.0226081 -0.0196731 -0.0168637 -0.0142688 -0.0119498 -0.00992922 -0.00823449 -0.00679997 -0.0056077 -0.00463342 -0.0038221 -0.00313451 -0.00256486 -0.0020832 -0.00164 -0.00125866 -0.000919853 -0.000611893 -0.000318115 -6.41081e-05 0.000190172 0.000419043 0.000628053 0.000821869 0.00103185 0.00120529 0.00136168 0.00152447 0.00169829 0.00182919 0.00195527 0.00209774 0.00223854 0.00233906 0.00244838 0.00257425 0.00268712 0.00276754 0.0028686 0.00298072 0.00307216 0.00314173 0.00324191 0.00334325 0.00342148 0.0034915 0.0035975 0.0036918 0.00377069 0.00385566 0.00397241 0.0040697 0.00417296 0.00428885 0.00442485 0.00455294 0.00471446 0.00488478 0.00507632 0.00529826 0.00557694 0.00588267 0.0062598 0.00673652 0.00732275 0.00804818 0.00897241 0.0101184 0.0115068 0.0132087 0.015216 0.0175149 0.0200589 0.0227828 0.0255303 0.0281734 0.0304832 0.0322071 0.0331119 0.0329797 0.0316216 0.0289219 0.0248318 0.0193393 0.012647 0.00502179 -0.00320283 -0.0116446 -0.019877 -0.0275028 -0.0341586 -0.0395229 -0.0433962 -0.0456552 -0.0463657 -0.0456351 -0.0436568 -0.0407167 -0.0370667 -0.0329742 -0.0287115 -0.024513 -0.0205162 -0.0168917 -0.0137018 -0.0109429 -0.00866171 -0.00678924 -0.00529264 -0.00413146 -0.00324295 -0.00258079 -0.00209421 -0.00176003 -0.00151376 -0.00135642 -0.00125724 -0.00117955 -0.00114854 -0.00111834 -0.00110066 -0.00109637 -0.0010847 -0.00108208 -0.00107773 -0.00107975 -0.00107727 -0.00108067 -0.00108233 -0.00107465 -0.00108175 -0.00107024 -0.00106955 -0.00107369 -0.00106167 -0.00107535 -0.00107072 
0 5.17314e-06 3.38298e-06 1.3246e-05 1.39923e-05 1.74589e-05 2.81418e-05 2.38189e-05 3.44491e-05 3.82298e-05 3.46628e-05 5.19325e-05 4.67535e-05 5.56715e-05 7.26952e-05 6.80017e-05 9.66363e-05 0.000114869 0.000142061 0.000209159 0.000276617 0.000400658 0.000584655 0.000838833 0.00121709 0.00174273 0.00245482 0.0034028 0.00465206 0.00622627 0.00820437 0.0106387 0.013525 0.0169134 0.0207522 0.0249585 0.0294193 0.033957 0.0383382 0.0422979 0.0455972 0.0479154 0.0490109 0.0486988 0.0468085 0.0432927 0.0382382 0.0318358 0.0243313 0.0161229 0.00759591 -0.000883175 -0.00892782 -0.0161718 -0.0222961 -0.0271323 -0.0305894 -0.0326691 -0.0334206 -0.0330159 -0.0316435 -0.029509 -0.0268654 -0.0239311 -0.0209035 -0.0179359 -0.015169 -0.0126443 -0.0104261 -0.00851624 -0.00690074 -0.00554868 -0.00443606 -0.00349803 -0.00269998 -0.00204662 -0.00148802 -0.000989616 -0.000538611 -0.000153527 0.000205367 0.000525073 0.000831601 0.00111619 0.00138489 0.00160979 0.00184456 0.00207628 0.00228144 0.00244938 0.00264339 0.00283329 0.00298814 0.00312287 0.0032888 0.00344066 0.00355798 0.00367333 0.00381667 0.00393514 0.00402666 0.00413092 0.00425594 0.00434704 0.00442386 0.00452382 0.0046351 0.00470704 0.00478202 0.00488395 0.00498745 0.00505461 0.00514318 0.00525271 0.00536114 0.00544874 0.0055678 0.00569641 0.00583977 0.00598692 0.00616391 0.0063547 0.00660023 0.00688339 0.00721414 0.0076165 0.00814566 0.0087961 0.00960024 0.0106171 0.0118798 0.0134197 0.0152637 0.0174233 0.0198499 0.0225158 0.0253013 0.0280741 0.0306504 0.0328245 0.0343312 0.0349605 0.0345164 0.0328089 0.0297359 0.0252665 0.0194813 0.0125153 0.00463341 -0.00382138 -0.0124288 -0.0208225 -0.0286343 -0.0354547 -0.0409881 -0.0450259 -0.0474591 -0.0482789 -0.0476491 -0.0457526 -0.0428097 -0.039122 -0.0349524 -0.0305622 -0.0261795 -0.0220216 -0.0181977 -0.0147941 -0.0118814 -0.00941724 -0.00740051 -0.00579191 -0.00452529 -0.00355061 -0.00282586 -0.00229483 -0.00190152 -0.00164813 -0.00146326 -0.00133907 -0.00127879 -0.0012178 -0.00119534 -0.0011819 -0.00116088 -0.00116715 -0.00115985 -0.00115638 -0.00116004 -0.00115371 -0.00115381 -0.00115284 -0.00115109 -0.00115026 -0.00115161 -0.00115082 -0.00114964 -0.00115219 -0.00114809 -0.00114889 
0 6.99902e-07 1.01929e-05 7.42045e-06 1.73585e-05 2.24927e-05 2.38319e-05 3.62946e-05 3.50157e-05 4.1562e-05 4.96744e-05 4.80519e-05 6.10975e-05 6.80046e-05 7.445e-05 9.66363e-05 0.000108871 0.000136838 0.000183944 0.000234767 0.000337128 0.000479265 0.00068199 0.000992585 0.00140918 0.00199357 0.00278347 0.00382802 0.00518498 0.006909 0.00905862 0.0116555 0.0147594 0.0183458 0.0223843 0.026802 0.03144 0.0361125 0.0405753 0.0445933 0.0478531 0.0501272 0.0511637 0.0507267 0.0487177 0.0450937 0.0399474 0.0334498 0.0259296 0.0176798 0.00907187 0.000510128 -0.00762342 -0.0149939 -0.0213624 -0.0264779 -0.0302486 -0.0326313 -0.0337215 -0.0336034 -0.0324618 -0.0304993 -0.0279452 -0.0250219 -0.0219136 -0.0188266 -0.0158738 -0.0131715 -0.0107307 -0.00861255 -0.00678651 -0.00527126 -0.00399315 -0.0029191 -0.00199992 -0.00124308 -0.000601942 -3.0948e-05 0.000481795 0.000938863 0.00133594 0.00170744 0.00205007 0.00238954 0.00267874 0.00295024 0.00320627 0.00348003 0.00369937 0.00390848 0.00411291 0.00433548 0.00450105 0.00466925 0.00483787 0.00501547 0.00513958 0.00528051 0.00542055 0.00555926 0.00565278 0.00577581 0.00589208 0.00599934 0.00607273 0.00618588 0.00628361 0.00636927 0.00643444 0.00654545 0.00663284 0.00671194 0.00678349 0.00690084 0.00699446 0.00709071 0.0071878 0.00732731 0.00746141 0.00761355 0.00777442 0.00798382 0.00823424 0.00853231 0.00887906 0.00932007 0.00989812 0.0106146 0.0115086 0.0126146 0.0140084 0.0156859 0.0176866 0.0199625 0.0225192 0.0252568 0.0280894 0.0308213 0.0332822 0.0352483 0.0365024 0.0368159 0.035983 0.0338961 0.0304525 0.0256528 0.0195311 0.0123172 0.00425604 -0.00432213 -0.013086 -0.0216194 -0.0295207 -0.0364732 -0.0421492 -0.0463392 -0.0489198 -0.0499261 -0.0494107 -0.0475894 -0.0447111 -0.041017 -0.0368033 -0.0323194 -0.0278186 -0.0234748 -0.0194727 -0.0158972 -0.0127919 -0.0101824 -0.0080255 -0.00629015 -0.0049136 -0.00386241 -0.00306068 -0.00247269 -0.00206395 -0.0017597 -0.00156756 -0.0014368 -0.00134316 -0.00129959 -0.00126549 -0.00124719 -0.00124388 -0.00123431 -0.00123332 -0.00123459 -0.00122751 -0.00122961 -0.00122779 -0.00122415 -0.00122902 -0.00122591 -0.00122854 -0.00123025 -0.00122759 -0.00123038 -0.00122623 -0.00122661 
0 5.20743e-06 1.77323e-05 1.52947e-05 2.42643e-05 2.49535e-05 2.51953e-05 3.50862e-05 3.51906e-05 4.73459e-05 5.6343e-05 6.34671e-05 7.71512e-05 8.45788e-05 9.68901e-05 0.000114869 0.000136838 0.000172036 0.000226253 0.000297437 0.000413416 0.000576109 0.000808344 0.00115782 0.0016269 0.0022896 0.00317195 0.00431858 0.00581063 0.00766777 0.00997771 0.0127694 0.0160667 0.0198696 0.0241169 0.0287106 0.033494 0.0382821 0.0428094 0.0468471 0.0500915 0.052286 0.0532112 0.0526549 0.050545 0.046838 0.0416387 0.0351274 0.0275959 0.0193551 0.0107858 0.00224564 -0.00595183 -0.0134339 -0.019953 -0.0252973 -0.0293712 -0.0320973 -0.0335208 -0.0337084 -0.0328325 -0.0310946 -0.0286726 -0.0257899 -0.0226444 -0.019452 -0.0163401 -0.0134509 -0.0107997 -0.00845243 -0.00641725 -0.0047089 -0.00325568 -0.00202498 -0.000977506 -9.86427e-05 0.000638958 0.00128932 0.00187488 0.00240456 0.00285489 0.00327659 0.00367027 0.00405348 0.00438029 0.00469371 0.00498676 0.0052865 0.00553863 0.00578259 0.00601132 0.00625011 0.00644529 0.00663892 0.00682158 0.00700998 0.00715911 0.0073155 0.00746166 0.00760726 0.0077202 0.00784937 0.00796521 0.00807637 0.00816326 0.00827389 0.00836623 0.00845398 0.00852584 0.00862705 0.00870718 0.00878685 0.00885667 0.00896132 0.00904964 0.00914317 0.00923099 0.00936333 0.00949642 0.00964295 0.00979664 0.0100154 0.0102748 0.0105824 0.0109503 0.0114357 0.012062 0.0128506 0.0138334 0.0150452 0.01656 0.0183838 0.0205176 0.022909 0.0255595 0.0283469 0.0311649 0.0338134 0.036106 0.0378056 0.0387355 0.0386805 0.0374575 0.034959 0.0311102 0.0259584 0.0195886 0.0121818 0.00394659 -0.00474268 -0.013563 -0.0221474 -0.0301279 -0.0371717 -0.0429719 -0.0473091 -0.0500488 -0.0512127 -0.0508534 -0.0491801 -0.0463897 -0.0427361 -0.0385117 -0.0339589 -0.0293479 -0.0248784 -0.0207203 -0.0169683 -0.0137034 -0.0109217 -0.00861775 -0.00676745 -0.00528593 -0.00415834 -0.00329408 -0.00265238 -0.00219954 -0.00186877 -0.0016541 -0.00151157 -0.00141922 -0.0013659 -0.00133271 -0.00131207 -0.00130333 -0.00129647 -0.00129196 -0.0012981 -0.00129566 -0.00130299 -0.00130701 -0.00130383 -0.00131072 -0.00130207 -0.00130307 -0.00130171 -0.00129566 -0.00130365 -0.00129871 -0.00130569 
