0 0 0 0 0 0 0 0 0 0 0 0 0 0 0 0 0 0 0 0 0 0 0 0 0 0 0 0 0 0 0 0 0 0 0 0 0 0 0 0 0 0 0 0 0 0 0 0 0 0 0 0 0 0 0 0 0 0 0 0 0 0 0 0 0 0 0 0 0 0 0 0 0 0 0 0 0 0 0 0 0 0 0 0 0 0 0 0 0 0 0 0 0 0 0 0 0 0 0 0 0 0 0 0 0 0 0 0 0 0 0 0 0 0 0 0 0 0 0 0 0 0 0 0 0 0 0 0 0 0 0 0 0 0 0 0 0 0 0 0 0 0 0 0 0 0 0 0 0 0 0 0 0 0 0 0 0 0 0 0 0 0 0 0 0 0 0 0 0 0 0 0 0 0 0 0 0 0 0 0 0 0 0 0 0 0 0 0 0 0 0 0 0 0 0 0 0 0 0 0 
0 3.26269e-06 -2.71794e-06 6.91121e-06 1.32252e-06 4.64025e-07 4.19321e-06 -3.1459e-06 1.41102e-06 8.55601e-07 2.09459e-06 5.58481e-06 6.43711e-06 8.19715e-06 4.21661e-06 7.02721e-06 1.15383e-06 8.5658e-07 6.70494e-06 8.85133e-07 9.38318e-06 9.97438e-06 5.44643e-06 1.01944e-05 8.15805e-06 7.64447e-06 1.22555e-05 1.90754e-05 1.61929e-05 2.42818e-05 3.65813e-05 3.93406e-05 7.38605e-05 0.000114421 0.000156738 0.000237512 0.000331105 0.000444966 0.000610373 0.000814375 0.00105078 0.00133768 0.00167402 0.00204387 0.00245469 0.00288651 0.00330406 0.00366658 0.00394047 0.00412622 0.00416428 0.00402305 0.00371311 0.00324241 0.00260195 0.00182139 0.000961488 6.12904e-05 -0.000791346 -0.00155992 -0.00220223 -0.00269322 -0.00300624 -0.00315655 -0.00314528 -0.00299204 -0.00276247 -0.00247888 -0.00217401 -0.00186045 -0.00157728 -0.00131025 -0.00110069 -0.000931168 -0.000791955 -0.000664625 -0.000578389 -0.00051382 -0.000458116 -0.000410621 -0.000369445 -0.00033506 -0.000307138 -0.000292588 -0.000260746 -0.000235278 -0.000218497 -0.000216069 -0.000186171 -0.000167856 -0.000156446 -0.00015657 -0.000128431 -0.000116498 -0.000107187 -0.000106363 -8.00575e-05 -7.26283e-05 -6.39727e-05 -6.13267e-05 -3.57258e-05 -3.11194e-05 -2.28773e-05 -1.77032e-05 8.96147e-06 1.15783e-05 1.95945e-05 2.88235e-05 5.7789e-05 5.91399e-05 6.83585e-05 8.35431e-05 0.000114609 0.000117617 0.000131681 0.000153742 0.000186106 0.000199334 0.000224649 0.000254789 0.000293126 0.00033532 0.000386986 0.000442912 0.000517671 0.000631091 0.000758361 0.000910212 0.00109905 0.00134627 0.00161366 0.00191642 0.00221848 0.00250987 0.0027569 0.00294612 0.00300713 0.00291806 0.0026702 0.00224945 0.00167042 0.000956425 0.000145039 -0.000730084 -0.00158385 -0.00238355 -0.0030613 -0.00357378 -0.00392145 -0.00411717 -0.00414128 -0.00399956 -0.00374939 -0.00341364 -0.00302777 -0.00260764 -0.00219272 -0.00181715 -0.00147518 -0.0011771 -0.000937109 -0.000734434 -0.000554898 -0.000429281 -0.000334536 -0.000249658 -0.000205469 -0.000169291 -0.000131679 -0.000118367 -0.000105927 -9.54303e-05 -9.41417e-05 -9.45947e-05 -8.82403e-05 -8.52366e-05 -8.78305e-05 -8.02287e-05 -8.51492e-05 -8.85298e-05 -8.58323e-05 -9.08368e-05 -8.78057e-05 -8.64296e-05 -8.34376e-05 -8.42583e-05 -8.24297e-05 -8.1139e-05 -8.84134e-05 -8.01347e-05 -8.68113e-05 -8.70459e-05 -7.80142e-05 -9.08582e-05 -7.96156e-05 -8.24388e-05 -8.98302e-05 -7.55159e-05 -8.81575e-05 -8.26501e-05 
0 -2.71794e-06 1.70754e-06 -1.57645e-06 -1.88009e-06 5.47885e-06 3.09901e-06 7.41564e-06 1.15216e-05 5.78764e-06 7.41342e-06 5.61318e-06 3.71392e-07 3.16873e-06 8.7226e-06 5.45996e-06 1.55982e-05 2.0178e-05 6.46461e-06 2.27553e-05 8.9404e-06 3.27088e-06 2.58685e-05 3.12007e-06 2.14097e-05 2.48941e-05 1.04658e-05 3.01173e-05 2.87272e-05 4.92665e-05 7.06087e-05 0.000112444 0.000156266 0.00021851 0.00033185 0.000459288 0.000661155 0.000908272 0.00123245 0.00161191 0.00208845 0.0026842 0.00332923 0.0041024 0.00492352 0.00575921 0.00656969 0.00732526 0.00790469 0.00822351 0.00829022 0.00801674 0.00743064 0.00646456 0.00518151 0.00363523 0.00192677 0.000143852 -0.00157265 -0.00308897 -0.00438382 -0.00534797 -0.00599276 -0.00628371 -0.00627436 -0.00597263 -0.00552013 -0.00496008 -0.00434696 -0.00373334 -0.00315379 -0.00263684 -0.00219981 -0.00187337 -0.00157597 -0.00133895 -0.00114891 -0.00103029 -0.000906659 -0.000821293 -0.00073086 -0.000668085 -0.000608948 -0.000578818 -0.000517793 -0.000466338 -0.000436489 -0.000422659 -0.000373568 -0.000330193 -0.000315827 -0.000302824 -0.000261766 -0.000226647 -0.000219311 -0.000202599 -0.000167117 -0.000138405 -0.000133641 -0.000112842 -7.92686e-05 -5.50307e-05 -5.09939e-05 -2.57265e-05 1.03357e-05 3.07365e-05 3.57233e-05 6.71718e-05 0.000109435 0.000126228 0.00013638 0.000175947 0.000226385 0.00024315 0.000267238 0.000314827 0.000375299 0.000405388 0.000457936 0.000514983 0.000597812 0.000675041 0.000788029 0.000890734 0.0010562 0.00126594 0.00153704 0.00182691 0.00222217 0.00269682 0.00324512 0.00383285 0.00444169 0.00501191 0.00550218 0.00586921 0.00597944 0.00580669 0.00529398 0.00446469 0.00329444 0.00189266 0.000261728 -0.00147246 -0.00318148 -0.00474797 -0.00608676 -0.00713784 -0.0078326 -0.00820175 -0.00821299 -0.00798602 -0.0075012 -0.00681249 -0.00601721 -0.00520544 -0.00440098 -0.00362757 -0.00297463 -0.002368 -0.00187044 -0.00145955 -0.00113494 -0.000877075 -0.000661285 -0.000520807 -0.000393837 -0.000318626 -0.000265622 -0.000238372 -0.000210452 -0.000192318 -0.000197734 -0.000165771 -0.00018391 -0.000182675 -0.000168155 -0.000190584 -0.000171404 -0.000169572 -0.000172979 -0.000162684 -0.000166245 -0.000170714 -0.000171115 -0.000169646 -0.000177121 -0.000168298 -0.000167868 -0.00017311 -0.000161052 -0.00017028 -0.000168804 -0.000162358 -0.000172885 -0.000164674 -0.000165194 -0.000172776 -0.000162665 -0.000167301 
0 6.91121e-06 -1.57645e-06 1.00778e-05 3.71589e-06 3.47945e-06 7.69681e-06 -8.59552e-07 5.95123e-06 5.02236e-06 8.52608e-06 1.36463e-05 1.50055e-05 1.85132e-05 1.32754e-05 1.64632e-05 9.74784e-06 9.71759e-06 1.6723e-05 1.23812e-05 2.2911e-05 2.40914e-05 2.19048e-05 2.49907e-05 2.59221e-05 2.734e-05 3.34764e-05 5.03426e-05 5.14966e-05 7.39784e-05 0.000108291 0.00013988 0.000228212 0.000343087 0.000489146 0.000714782 0.00100104 0.00136125 0.00184787 0.0024492 0.00316491 0.00402748 0.00502368 0.00614018 0.00736077 0.00862724 0.00985396 0.0109331 0.0117597 0.0122795 0.0123775 0.011967 0.0110549 0.00964381 0.00774479 0.00544688 0.00290182 0.000254202 -0.00227974 -0.00455878 -0.00647406 -0.00793567 -0.00889022 -0.00935133 -0.00934071 -0.00892403 -0.00825911 -0.00743338 -0.00653186 -0.00561537 -0.00476179 -0.00398045 -0.00334063 -0.00282589 -0.0023953 -0.00202541 -0.0017537 -0.00155213 -0.0013811 -0.00123824 -0.00111307 -0.00100935 -0.000927062 -0.00087012 -0.000784841 -0.000709816 -0.000661342 -0.000634961 -0.000563273 -0.000506657 -0.000474159 -0.0004558 -0.000392406 -0.00035068 -0.000325097 -0.000306358 -0.000248754 -0.000217228 -0.000194186 -0.000172334 -0.000116772 -9.13051e-05 -6.91734e-05 -4.19684e-05 1.61742e-05 3.812e-05 6.08111e-05 9.71518e-05 0.000161743 0.000182671 0.0002101 0.00026018 0.00033327 0.000360459 0.000402072 0.000469347 0.000553791 0.000607322 0.000681322 0.000773776 0.000888767 0.00101732 0.00117274 0.00134871 0.00158582 0.00191542 0.00230602 0.00276837 0.00334766 0.00407107 0.00487868 0.00576449 0.00665974 0.00750922 0.00823197 0.00875454 0.00891372 0.00863224 0.00787254 0.0066138 0.00488541 0.0027674 0.000354929 -0.0022219 -0.00475552 -0.00710416 -0.00910342 -0.0106374 -0.0116795 -0.0122449 -0.0123089 -0.0119196 -0.0111867 -0.0101918 -0.00903715 -0.0078047 -0.00658458 -0.00545665 -0.00444313 -0.00355518 -0.0028224 -0.00220841 -0.00169236 -0.00130505 -0.00100778 -0.000769014 -0.000615305 -0.000501232 -0.000403816 -0.00035684 -0.000318377 -0.000291396 -0.000284685 -0.000276053 -0.000267497 -0.000260961 -0.00026054 -0.000252663 -0.00025689 -0.000261337 -0.000258655 -0.000264477 -0.000259752 -0.000258094 -0.000253362 -0.000252902 -0.000251827 -0.000248498 -0.000257941 -0.000248301 -0.000254932 -0.000256444 -0.000244512 -0.000259899 -0.000246767 -0.000249431 -0.000257469 -0.000241111 -0.000258714 -0.000248513 
0 1.32252e-06 -1.88009e-06 3.71589e-06 3.5546e-06 6.19063e-06 9.58185e-06 8.87344e-06 1.33624e-05 1.15986e-05 1.17873e-05 1.31008e-05 1.10008e-05 1.41569e-05 1.65319e-05 1.84109e-05 2.27606e-05 2.49406e-05 2.35482e-05 2.66117e-05 2.47117e-05 2.40135e-05 3.08696e-05 2.78752e-05 3.53915e-05 3.98471e-05 4.09451e-05 5.71351e-05 6.96752e-05 0.000100767 0.000147697 0.000213743 0.000316577 0.000461229 0.000668892 0.000956358 0.00134393 0.0018425 0.00248408 0.00327066 0.00422928 0.00538153 0.00670172 0.00819644 0.00981117 0.0114671 0.0130707 0.014504 0.0156096 0.0162643 0.0163718 0.0158378 0.0146427 0.0127652 0.0102567 0.00723782 0.0038893 0.000414905 -0.00293274 -0.00594329 -0.00848079 -0.010419 -0.0117061 -0.0123335 -0.012347 -0.0118359 -0.0109792 -0.00990489 -0.00872114 -0.00752159 -0.0063847 -0.00535952 -0.00449759 -0.00380225 -0.00321662 -0.00273185 -0.00235744 -0.00207993 -0.001847 -0.00165563 -0.0014867 -0.00134894 -0.00123858 -0.00115186 -0.0010462 -0.000949828 -0.000884496 -0.000834196 -0.000752992 -0.000678816 -0.000634525 -0.000595625 -0.000527798 -0.000469607 -0.000435102 -0.000398004 -0.000337964 -0.000290226 -0.00025963 -0.000220483 -0.000163004 -0.000121018 -9.12577e-05 -4.69578e-05 1.34649e-05 5.30884e-05 8.48954e-05 0.000138667 0.000207245 0.000248183 0.000287543 0.000356023 0.000437665 0.00048845 0.000546465 0.000635188 0.000738117 0.000820822 0.000920422 0.00104465 0.00119898 0.00137233 0.00158167 0.0018249 0.0021532 0.00258485 0.00311326 0.00373846 0.00452111 0.00546993 0.0065463 0.00770593 0.00888265 0.00998866 0.0109261 0.0115759 0.0117581 0.0113656 0.0103355 0.00865947 0.00636713 0.00356951 0.00038117 -0.00300447 -0.00634301 -0.00941885 -0.0120463 -0.014088 -0.0154718 -0.0161993 -0.0162779 -0.0157982 -0.0148448 -0.0135276 -0.0119949 -0.0103818 -0.00878438 -0.00728543 -0.00594748 -0.00476764 -0.00377572 -0.00295547 -0.0022882 -0.00176404 -0.0013542 -0.00104479 -0.000817424 -0.000658327 -0.00054502 -0.000476562 -0.000426152 -0.000393563 -0.000379009 -0.000359953 -0.000358606 -0.000355011 -0.000350121 -0.000353088 -0.00034712 -0.000344489 -0.000343044 -0.000339718 -0.000339137 -0.000341156 -0.000339814 -0.000340697 -0.000341811 -0.000337525 -0.000339707 -0.000336637 -0.000335325 -0.000337538 -0.00033351 -0.000336402 -0.000334612 -0.000334764 -0.000335783 -0.000331261 -0.000336008 -0.000333316 
0 4.64025e-07 5.47885e-06 3.47945e-06 6.19063e-06 7.35698e-06 7.36251e-06 1.20034e-05 1.25749e-05 1.45292e-05 1.57773e-05 1.78486e-05 1.77283e-05 1.86158e-05 2.37288e-05 2.00941e-05 2.68663e-05 2.93274e-05 2.44982e-05 3.54595e-05 3.01666e-05 3.12286e-05 4.12487e-05 3.55e-05 4.43521e-05 5.13929e-05 5.53469e-05 7.03047e-05 9.39742e-05 0.000129063 0.000182652 0.000277567 0.000401068 0.000585881 0.000858346 0.00121429 0.00170096 0.0023345 0.00313381 0.00411874 0.00532274 0.00675459 0.00839459 0.0102482 0.0122421 0.0142827 0.0162497 0.0180009 0.0193588 0.0201487 0.0202664 0.0196067 0.0181246 0.0158021 0.0127176 0.00901325 0.00489696 0.000638766 -0.00348446 -0.00720471 -0.0103472 -0.0127601 -0.0143837 -0.0151939 -0.0152546 -0.0146852 -0.0136651 -0.0123668 -0.0109216 -0.00945461 -0.00804565 -0.00678404 -0.00570114 -0.00481548 -0.00407305 -0.00347113 -0.00299117 -0.00262798 -0.00233166 -0.00208684 -0.00187489 -0.00170099 -0.00156123 -0.00143812 -0.00131527 -0.0011996 -0.00111443 -0.001034 -0.000947253 -0.000858282 -0.000798063 -0.000734424 -0.000665933 -0.000593379 -0.00054562 -0.000488098 -0.000428902 -0.000366223 -0.000323914 -0.000266972 -0.000210768 -0.000152735 -0.000111193 -5.0458e-05 8.44254e-06 6.63859e-05 0.000111658 0.000181084 0.000248797 0.00031208 0.00036761 0.00045174 0.000536408 0.000614948 0.000692449 0.000800196 0.000916857 0.00103354 0.00115974 0.00131709 0.00150916 0.00173119 0.00199484 0.00231453 0.00273759 0.00327431 0.00394198 0.00474156 0.00572983 0.00690113 0.00823882 0.00966223 0.0111041 0.0124478 0.0135767 0.0143215 0.0145037 0.013983 0.0126767 0.0105827 0.00773975 0.00427641 0.000343616 -0.00381026 -0.00791849 -0.0116957 -0.0149253 -0.017448 -0.0191671 -0.020065 -0.0201733 -0.0195979 -0.0184291 -0.0168184 -0.0149358 -0.0129501 -0.0109793 -0.00911757 -0.00745233 -0.00598989 -0.00474627 -0.00371711 -0.00288907 -0.00222481 -0.00170667 -0.00132795 -0.00103581 -0.00083221 -0.00069668 -0.000599675 -0.000536223 -0.000497654 -0.000474692 -0.000451921 -0.000449468 -0.000443617 -0.000433426 -0.000440484 -0.000431595 -0.000429212 -0.000432573 -0.000425719 -0.000427832 -0.000427439 -0.000425965 -0.000424621 -0.000424994 -0.000423467 -0.000419737 -0.000424311 -0.000418735 -0.000419472 -0.000423583 -0.000414898 -0.000420908 -0.000419169 -0.000415519 -0.000422715 -0.000414597 -0.000418044 
0 4.19321e-06 3.09901e-06 7.69681e-06 9.58185e-06 7.36251e-06 1.25139e-05 1.15898e-05 9.74727e-06 1.63403e-05 1.79702e-05 1.97173e-05 2.78737e-05 2.83312e-05 2.49413e-05 3.32669e-05 2.56035e-05 2.44689e-05 3.98328e-05 2.65144e-05 4.21834e-05 5.00343e-05 3.44478e-05 5.78151e-05 4.88656e-05 5.4127e-05 7.78588e-05 8.63739e-05 0.000120421 0.00015918 0.000232901 0.000327436 0.000492346 0.00073224 0.001043 0.00149814 0.0020764 0.00283593 0.0037915 0.00499791 0.00644275 0.00813084 0.0101163 0.0122921 0.0146472 0.017065 0.0193941 0.0214171 0.0229799 0.0239261 0.0240455 0.0232596 0.0214701 0.0187446 0.015117 0.0107643 0.00592527 0.00092703 -0.00391466 -0.00833037 -0.0120443 -0.0149423 -0.0168916 -0.0179153 -0.0180426 -0.0174584 -0.0163071 -0.0148131 -0.0131359 -0.0114107 -0.0097547 -0.0082506 -0.00696136 -0.00586195 -0.00497431 -0.00423494 -0.00365976 -0.00318906 -0.00283681 -0.00252337 -0.00227678 -0.00205856 -0.00189136 -0.00172527 -0.00158785 -0.00145542 -0.00134537 -0.00123585 -0.00113999 -0.00104504 -0.000958591 -0.000877127 -0.000799887 -0.000724887 -0.000650633 -0.000583331 -0.000514328 -0.000449771 -0.000381246 -0.000319015 -0.000252568 -0.000191396 -0.000123353 -5.91428e-05 9.06863e-06 7.38724e-05 0.000146582 0.000219539 0.000294907 0.000372211 0.000455625 0.000545941 0.000638031 0.000741151 0.000845257 0.000968237 0.00109728 0.00125177 0.0014048 0.00160153 0.00182444 0.00210744 0.00241897 0.002835 0.00334374 0.00400495 0.00480013 0.00579848 0.00697912 0.00838353 0.00995797 0.0116419 0.0133197 0.0148798 0.0161666 0.0169683 0.0171261 0.0164454 0.014867 0.0123427 0.00897916 0.00485434 0.000227783 -0.00465412 -0.00947557 -0.0139281 -0.0177346 -0.0206913 -0.0227377 -0.0238114 -0.0239854 -0.0232839 -0.0219149 -0.0200501 -0.0178555 -0.0154974 -0.0131566 -0.0109721 -0.00895713 -0.0072274 -0.00574385 -0.00450673 -0.00349439 -0.00269489 -0.0020868 -0.00160422 -0.00127499 -0.00102226 -0.000845548 -0.000725305 -0.00065001 -0.000603391 -0.000561703 -0.000563152 -0.000533092 -0.000525091 -0.000532246 -0.000508038 -0.000522289 -0.000521233 -0.000513904 -0.00052248 -0.000516122 -0.000510875 -0.000510767 -0.000509725 -0.000503189 -0.00050925 -0.000508103 -0.000501864 -0.000511243 -0.000502075 -0.000502023 -0.000509585 -0.000497449 -0.000503696 -0.000505208 -0.000496302 -0.000506059 -0.00050086 
0 -3.1459e-06 7.41564e-06 -8.59552e-07 8.87344e-06 1.20034e-05 1.15898e-05 2.08715e-05 1.80104e-05 2.41707e-05 2.10166e-05 2.16931e-05 2.27713e-05 2.02283e-05 3.22424e-05 2.91036e-05 4.06424e-05 4.59751e-05 3.93369e-05 4.99097e-05 4.15083e-05 4.31998e-05 5.10994e-05 5.38464e-05 6.10181e-05 7.22289e-05 8.5951e-05 9.50426e-05 0.000143239 0.000194624 0.000275743 0.000426651 0.000601399 0.000871299 0.00126217 0.00177242 0.00246399 0.00337048 0.0044923 0.00587349 0.00756087 0.00954015 0.0118183 0.0143537 0.0170586 0.0198063 0.0224274 0.0247482 0.0265431 0.0275632 0.027663 0.0267509 0.0247202 0.021573 0.0174292 0.0124746 0.00698049 0.00130066 -0.004236 -0.00928664 -0.0135722 -0.0169203 -0.019228 -0.0204613 -0.0207073 -0.0201307 -0.0188974 -0.0172407 -0.0153547 -0.0134013 -0.0115001 -0.00977921 -0.00826059 -0.00696726 -0.00590166 -0.00504363 -0.0043412 -0.00378152 -0.00334229 -0.00297673 -0.00267557 -0.00242695 -0.00221601 -0.0020159 -0.001857 -0.00171196 -0.00157471 -0.00143525 -0.00133327 -0.00122718 -0.00112215 -0.00101415 -0.000937892 -0.000848884 -0.000761662 -0.000671074 -0.000605791 -0.000524311 -0.000445727 -0.000362634 -0.000300748 -0.000220318 -0.000142077 -5.90273e-05 4.6868e-06 9.12483e-05 0.000177355 0.00026674 0.000339321 0.000441625 0.000544214 0.000648436 0.000743554 0.000875096 0.00100639 0.00114408 0.00129013 0.00147647 0.00167017 0.0018959 0.00216657 0.00249563 0.00288348 0.00337865 0.00400315 0.00476942 0.00572477 0.00690037 0.00829956 0.00990968 0.0117245 0.013635 0.0155329 0.0172722 0.0186738 0.0195017 0.0195845 0.0187401 0.0168542 0.0139244 0.0100299 0.00530908 9.1787e-06 -0.00554791 -0.0110361 -0.0160889 -0.0204212 -0.0238373 -0.0261861 -0.0274099 -0.0276029 -0.0268718 -0.0253361 -0.0231993 -0.0206905 -0.0180168 -0.0153526 -0.0128159 -0.0105112 -0.00849167 -0.00674723 -0.00530613 -0.00414616 -0.0032036 -0.00246535 -0.00192171 -0.00149736 -0.00119593 -0.0010085 -0.000855766 -0.000766297 -0.000710354 -0.000662603 -0.00064037 -0.000629637 -0.000623942 -0.000615551 -0.000620104 -0.000608637 -0.000601595 -0.000603254 -0.000591322 -0.000597875 -0.00059566 -0.000597216 -0.000598472 -0.000594247 -0.000597801 -0.000587162 -0.000594214 -0.0005888 -0.000584762 -0.00059491 -0.000579792 -0.000592134 -0.000587365 -0.000578103 -0.000595045 -0.000577009 -0.000587217 
0 1.41102e-06 1.15216e-05 5.95123e-06 1.33624e-05 1.25749e-05 9.74727e-06 1.80104e-05 1.41644e-05 2.18907e-05 2.57808e-05 2.72058e-05 3.69564e-05 3.51311e-05 3.70569e-05 3.88578e-05 3.53769e-05 3.78943e-05 4.37552e-05 4.49347e-05 5.38982e-05 6.09359e-05 5.79219e-05 7.02032e-05 6.99288e-05 7.96751e-05 0.00010444 0.000122469 0.000172511 0.000232195 0.000329388 0.000484545 0.000705044 0.00103414 0.00148272 0.00208814 0.00288399 0.00391433 0.00520147 0.0068051 0.00873043 0.0109709 0.013557 0.0163966 0.0194217 0.0224996 0.0254248 0.0279641 0.029911 0.031038 0.0311353 0.0300852 0.0277778 0.0242684 0.0196626 0.0141603 0.00806243 0.00175769 -0.00439819 -0.0100518 -0.0148711 -0.0186771 -0.0213291 -0.0228114 -0.0232023 -0.0226843 -0.0214123 -0.0196385 -0.0175819 -0.0154212 -0.0133082 -0.0113668 -0.00963718 -0.0081336 -0.00690122 -0.00589713 -0.00507876 -0.00440814 -0.00388731 -0.00345064 -0.00310305 -0.00281032 -0.00255859 -0.00231928 -0.00213886 -0.00197643 -0.00181073 -0.00164556 -0.0015291 -0.00141466 -0.00128552 -0.0011605 -0.00107177 -0.000977026 -0.000868153 -0.000766479 -0.000689261 -0.000602254 -0.000503372 -0.000412699 -0.000339173 -0.000252116 -0.000153601 -6.46601e-05 1.01966e-05 0.000106055 0.000213794 0.000308819 0.000392163 0.000508606 0.000635326 0.000747234 0.000854124 0.00100716 0.00116648 0.00131975 0.0014834 0.00170275 0.00193423 0.00219906 0.00250953 0.00289947 0.00335896 0.00395356 0.00468273 0.00558114 0.00668782 0.00806094 0.00966335 0.0114914 0.0135181 0.015645 0.0177299 0.0196148 0.0210899 0.0219021 0.0218821 0.0208344 0.0186497 0.0153063 0.0109136 0.00561063 -0.000296039 -0.0064715 -0.0125645 -0.0181921 -0.0230193 -0.0268184 -0.0294615 -0.0308726 -0.0311288 -0.0303112 -0.0286195 -0.0262831 -0.0235131 -0.020519 -0.0175227 -0.0146748 -0.0120544 -0.00976736 -0.00779309 -0.0061378 -0.00478968 -0.00370925 -0.00286964 -0.00223219 -0.00176013 -0.00141031 -0.00117161 -0.000995254 -0.000886931 -0.000818178 -0.000765001 -0.000747023 -0.000719429 -0.000706097 -0.000701396 -0.000689512 -0.000692313 -0.000692998 -0.000690767 -0.000691808 -0.000690508 -0.000682449 -0.000683291 -0.000679148 -0.000674368 -0.000680397 -0.000672959 -0.000676189 -0.000676203 -0.00067087 -0.000676019 -0.000667934 -0.000672345 -0.000672466 -0.000667827 -0.000674959 -0.000666698 -0.000670121 
0 8.55601e-07 5.78764e-06 5.02236e-06 1.15986e-05 1.45292e-05 1.63403e-05 2.41707e-05 2.18907e-05 2.50214e-05 2.90825e-05 2.62638e-05 3.38696e-05 3.54362e-05 3.5898e-05 4.75716e-05 4.54877e-05 4.9255e-05 5.8738e-05 5.04024e-05 5.97558e-05 6.39995e-05 5.98218e-05 7.74376e-05 7.98634e-05 9.23678e-05 0.000117321 0.000143454 0.000197342 0.000274206 0.000398745 0.000575203 0.000837077 0.00121121 0.00171764 0.00241225 0.00332024 0.00448916 0.00594594 0.00774975 0.00990523 0.0124156 0.0152982 0.0184464 0.0217777 0.0251385 0.0283199 0.0310735 0.0331661 0.0343566 0.034419 0.0332304 0.0306822 0.0268302 0.0217906 0.0157936 0.00916544 0.00229875 -0.00442232 -0.0106265 -0.015952 -0.0201965 -0.0232002 -0.0249509 -0.0255257 -0.0251014 -0.0238414 -0.0219948 -0.0198039 -0.0174652 -0.0151613 -0.0130092 -0.0110693 -0.00936045 -0.00794953 -0.006791 -0.00584538 -0.00506236 -0.00444588 -0.00393681 -0.00353464 -0.00319665 -0.00289847 -0.00262583 -0.00241757 -0.00223595 -0.00204237 -0.00185796 -0.00172117 -0.0015963 -0.00144654 -0.00130861 -0.00120252 -0.00110026 -0.000974043 -0.000862997 -0.000769985 -0.000676003 -0.000561114 -0.000463034 -0.000374299 -0.000279531 -0.000164974 -6.9399e-05 2.10239e-05 0.000126368 0.000251564 0.00035379 0.000453984 0.000582953 0.000730439 0.000852456 0.000978652 0.00114936 0.00133624 0.00150777 0.00169684 0.00194507 0.00222005 0.00252599 0.00288449 0.00333629 0.0038815 0.00457702 0.00542095 0.00645851 0.00772943 0.00929511 0.0111009 0.0131375 0.0153577 0.0176715 0.0199091 0.0218947 0.0233904 0.0241464 0.0239801 0.0227024 0.0202022 0.0164543 0.0115821 0.00574736 -0.000716121 -0.0074545 -0.0140819 -0.0202118 -0.0254895 -0.0296587 -0.0325696 -0.034143 -0.0344576 -0.0336042 -0.0317955 -0.0292644 -0.0262485 -0.0229793 -0.0196889 -0.0165458 -0.0136345 -0.0110725 -0.00885903 -0.00699884 -0.00547701 -0.00425678 -0.00330225 -0.00256248 -0.00202021 -0.00161826 -0.00133648 -0.00114114 -0.00101147 -0.000926465 -0.000864639 -0.000840299 -0.000811252 -0.000799343 -0.000799788 -0.000782738 -0.00078549 -0.000781164 -0.000770803 -0.000774645 -0.00076967 -0.000766151 -0.000769427 -0.00076602 -0.000763633 -0.000765522 -0.000761403 -0.000759652 -0.000760068 -0.000757053 -0.000758448 -0.000757272 -0.000754373 -0.000754913 -0.000753293 -0.000751933 -0.000753419 -0.000753739 
0 2.09459e-06 7.41342e-06 8.52608e-06 1.17873e-05 1.57773e-05 1.79702e-05 2.10166e-05 2.57808e-05 2.90825e-05 3.06911e-05 3.7849e-05 3.52473e-05 3.73731e-05 4.81509e-05 4.07394e-05 5.30666e-05 5.97726e-05 5.06054e-05 7.00354e-05 6.34264e-05 6.37907e-05 8.26277e-05 7.65495e-05 9.41112e-05 0.000111571 0.000130725 0.000167394 0.000228191 0.000323571 0.000453781 0.000679657 0.000972938 0.00139004 0.00198683 0.00275651 0.00378359 0.00509383 0.00673669 0.00872288 0.0111126 0.0139055 0.0170378 0.0204909 0.0241052 0.0277224 0.0311042 0.0340486 0.0362697 0.037479 0.0374999 0.0361637 0.033415 0.0292323 0.0238119 0.0173813 0.0102976 0.00293878 -0.00429132 -0.0109762 -0.0167874 -0.0214374 -0.0248133 -0.026842 -0.0276509 -0.0273533 -0.0261657 -0.0242959 -0.022014 -0.0195393 -0.0170633 -0.0147239 -0.0125689 -0.0106753 -0.00906336 -0.00775492 -0.00665719 -0.00577098 -0.00503379 -0.00445959 -0.00398276 -0.00360291 -0.00324654 -0.00294949 -0.00270151 -0.00249784 -0.00227631 -0.00207685 -0.00191454 -0.00177188 -0.00160857 -0.0014557 -0.00133252 -0.0012132 -0.00108033 -0.000953363 -0.000848581 -0.000737377 -0.000618719 -0.000504438 -0.000406012 -0.000293785 -0.000175929 -6.44697e-05 3.69333e-05 0.000159412 0.000289761 0.000407624 0.000523262 0.000668129 0.000826424 0.000964805 0.00111373 0.00129933 0.00150983 0.00170161 0.00192536 0.00219436 0.00252022 0.00286323 0.00328639 0.00379228 0.00444571 0.00523286 0.00621458 0.00738647 0.00884739 0.0105874 0.0126066 0.0148313 0.017236 0.0196985 0.0220564 0.0240956 0.0255591 0.0262236 0.0258637 0.0243418 0.021502 0.0173755 0.012033 0.00573208 -0.00123941 -0.00847356 -0.0155761 -0.0221423 -0.0278144 -0.0323408 -0.0354919 -0.0372321 -0.0375934 -0.0367545 -0.0348523 -0.0321462 -0.0289175 -0.0254134 -0.0218552 -0.0184029 -0.0152434 -0.0124014 -0.00994567 -0.00788488 -0.00619237 -0.00482346 -0.00373868 -0.00292793 -0.00229043 -0.00184026 -0.00152506 -0.00129221 -0.00114245 -0.00104023 -0.000978146 -0.000926043 -0.000912101 -0.000894944 -0.000874717 -0.000884892 -0.000865297 -0.000862467 -0.000867483 -0.000853259 -0.000859104 -0.000857745 -0.000852282 -0.000853104 -0.000851624 -0.00084674 -0.000845468 -0.000849175 -0.000840253 -0.000842894 -0.000844708 -0.000835252 -0.000844417 -0.000838889 -0.000835258 -0.00084461 -0.00083296 -0.000838251 
0 5.58481e-06 5.61318e-06 1.36463e-05 1.31008e-05 1.78486e-05 1.97173e-05 2.16931e-05 2.72058e-05 2.62638e-05 3.7849e-05 3.55506e-05 4.34243e-05 5.3758e-05 4.38295e-05 5.91125e-05 5.20966e-05 5.09452e-05 6.75312e-05 5.89832e-05 7.54049e-05 8.3262e-05 8.34709e-05 9.49389e-05 0.000104967 0.000120214 0.000146287 0.000205206 0.00026216 0.000373471 0.000543123 0.000759838 0.00111903 0.00160311 0.00225724 0.00314102 0.00428268 0.0057269 0.00753093 0.00974961 0.0123654 0.0154011 0.0188138 0.022519 0.026382 0.0302269 0.0338344 0.0368935 0.0391612 0.0404059 0.040388 0.0389075 0.0359167 0.0314735 0.0257208 0.0189294 0.0114399 0.00366099 -0.00399173 -0.0111149 -0.0173529 -0.0224124 -0.0261334 -0.0284881 -0.0295417 -0.0294345 -0.0283554 -0.0265256 -0.0241973 -0.0216256 -0.0190127 -0.0164893 -0.0141476 -0.0120555 -0.010261 -0.00876668 -0.00753317 -0.00650916 -0.00566883 -0.00499752 -0.00445979 -0.00400881 -0.00361178 -0.00327455 -0.00299462 -0.00275142 -0.00251301 -0.00229501 -0.00210667 -0.00194003 -0.00176588 -0.00160205 -0.00145483 -0.00132086 -0.00117748 -0.00104267 -0.000915571 -0.000794648 -0.000664843 -0.000543977 -0.000423996 -0.000303666 -0.000174942 -5.61855e-05 6.74902e-05 0.000198611 0.000338549 0.000467506 0.000607161 0.000762933 0.000930245 0.00108789 0.00126256 0.00146488 0.00168899 0.00191428 0.00216754 0.0024707 0.00283067 0.00323578 0.00371086 0.00430046 0.00504465 0.00595665 0.00705879 0.00840221 0.0100352 0.0119694 0.0141727 0.0165906 0.0191453 0.0217285 0.0241607 0.0261987 0.0275889 0.0281017 0.0275307 0.0257116 0.0225506 0.0180344 0.0122766 0.00553129 -0.0018656 -0.00952425 -0.0170359 -0.0239905 -0.0300201 -0.034812 -0.0382052 -0.040128 -0.0405815 -0.0397035 -0.0377394 -0.0349417 -0.0315347 -0.0278028 -0.0239844 -0.0202882 -0.0168443 -0.0137578 -0.0110868 -0.00880533 -0.00692103 -0.00540848 -0.00422054 -0.00328658 -0.00260092 -0.00209163 -0.00170129 -0.00145784 -0.00127605 -0.00115557 -0.00108869 -0.00103763 -0.00100187 -0.000979696 -0.000972204 -0.000952194 -0.000959083 -0.000957152 -0.000946129 -0.000958059 -0.000941913 -0.000942255 -0.000941537 -0.000932007 -0.000938484 -0.000930851 -0.000933377 -0.000929842 -0.000929248 -0.000930024 -0.000921284 -0.000930557 -0.000921381 -0.00092346 -0.00092939 -0.000916307 -0.000928437 -0.000920348 
0 6.43711e-06 3.71392e-07 1.50055e-05 1.10008e-05 1.77283e-05 2.78737e-05 2.27713e-05 3.69564e-05 3.38696e-05 3.52473e-05 4.34243e-05 3.78453e-05 4.7845e-05 5.05676e-05 5.52003e-05 6.73611e-05 6.99721e-05 7.40365e-05 7.82259e-05 7.72514e-05 7.91648e-05 9.07785e-05 9.6609e-05 0.00011711 0.00014121 0.000168445 0.000226933 0.000300201 0.000432094 0.000622304 0.000895353 0.00129391 0.00182394 0.00255949 0.00353387 0.00479524 0.00639869 0.00839216 0.010788 0.0136284 0.0169232 0.020578 0.0245463 0.0286493 0.0326778 0.0364107 0.0395916 0.0419306 0.0431486 0.0430328 0.0414071 0.038247 0.0335501 0.0275035 0.0204023 0.0125983 0.0044729 -0.00354466 -0.011038 -0.0176646 -0.0230907 -0.0271746 -0.0298555 -0.0311997 -0.0313104 -0.0304003 -0.0286559 -0.0263373 -0.0237122 -0.0209875 -0.0183075 -0.0157832 -0.0135126 -0.0115185 -0.00984612 -0.00844818 -0.00729395 -0.00632656 -0.00556642 -0.00494125 -0.00442539 -0.00397362 -0.00360602 -0.00327945 -0.00299999 -0.0027396 -0.0025086 -0.00228924 -0.00209737 -0.00191311 -0.00173807 -0.00156838 -0.00141501 -0.00126541 -0.00111818 -0.000974079 -0.000836845 -0.000701951 -0.000567647 -0.000432719 -0.000297516 -0.000164187 -3.09144e-05 0.000109459 0.000254437 0.000398992 0.000544861 0.000706456 0.00087491 0.00104926 0.00122872 0.00143331 0.00164918 0.0018901 0.00214661 0.00244279 0.00277272 0.00317837 0.00363916 0.00419088 0.00485702 0.00571435 0.00674261 0.00799363 0.00950059 0.0113258 0.0134347 0.0158228 0.0184056 0.0210921 0.0237521 0.0262078 0.0281949 0.0294516 0.0297763 0.0289441 0.0268205 0.0233092 0.0184322 0.0122848 0.00516812 -0.00260433 -0.0106257 -0.0184679 -0.0257273 -0.0320554 -0.0371303 -0.0407204 -0.0427807 -0.0433201 -0.0425036 -0.04051 -0.0375931 -0.0340405 -0.0301431 -0.0261141 -0.0221659 -0.0184905 -0.0151449 -0.0122323 -0.00976332 -0.00771039 -0.00604112 -0.00471947 -0.00368774 -0.00290133 -0.00233301 -0.00190997 -0.00162374 -0.00141809 -0.00127723 -0.0011932 -0.00112784 -0.00110117 -0.00108093 -0.00106567 -0.00106018 -0.00104884 -0.00103855 -0.00103532 -0.00103047 -0.0010252 -0.00103162 -0.00102383 -0.00102412 -0.00102594 -0.00101529 -0.00102175 -0.00101332 -0.00101354 -0.00101834 -0.00100801 -0.00101581 -0.00100797 -0.00100548 -0.00100961 -0.00100016 -0.00100938 -0.00100553 
0 8.19715e-06 3.16873e-06 1.85132e-05 1.41569e-05 1.86158e-05 2.83312e-05 2.02283e-05 3.51311e-05 3.54362e-05 3.73731e-05 5.3758e-05 4.7845e-05 5.6647e-05 6.22987e-05 5.62749e-05 6.69222e-05 6.6766e-05 6.85579e-05 8.38303e-05 8.58853e-05 9.52558e-05 0.000109276 0.000111354 0.000131567 0.000154574 0.00019135 0.000259005 0.000348867 0.000498089 0.00070623 0.00101563 0.00146112 0.00206388 0.00289044 0.00397139 0.00535764 0.0071053 0.00927638 0.0118771 0.0149487 0.0184783 0.0223627 0.0265492 0.0308458 0.035044 0.0389004 0.0421409 0.0444778 0.0456574 0.0454609 0.0436952 0.0403493 0.0354391 0.0291698 0.0218315 0.0137715 0.00537372 -0.00292937 -0.01073 -0.0176913 -0.0234632 -0.0279012 -0.0309274 -0.0325872 -0.0329661 -0.0322702 -0.0306702 -0.0284183 -0.0257897 -0.0229886 -0.0201783 -0.0174932 -0.0150492 -0.0128627 -0.0110017 -0.00943222 -0.00813048 -0.00703507 -0.00616915 -0.00544915 -0.00485373 -0.00434821 -0.00393919 -0.00356515 -0.00324107 -0.00295927 -0.00270908 -0.00246066 -0.00223895 -0.00204343 -0.0018539 -0.00166384 -0.00148879 -0.00133079 -0.00116958 -0.00101014 -0.000855934 -0.000713506 -0.000564974 -0.000416712 -0.000266896 -0.000126793 2.1795e-05 0.000176627 0.000335095 0.00048561 0.000649782 0.000830009 0.00101172 0.00119276 0.00139652 0.00162714 0.00185951 0.00211427 0.00240667 0.00274377 0.00310815 0.00355504 0.00408117 0.00471358 0.00547084 0.00643918 0.00759806 0.00900389 0.0106865 0.0126984 0.0149815 0.0175365 0.0202647 0.0230538 0.0257505 0.0281774 0.0300596 0.03114 0.0312285 0.0301075 0.0276563 0.0237997 0.0185767 0.0120853 0.00464564 -0.00342713 -0.011733 -0.0198495 -0.0273672 -0.0339317 -0.0392243 -0.0430114 -0.0452374 -0.0458784 -0.0451025 -0.0431086 -0.0401489 -0.0364961 -0.0324395 -0.0282137 -0.0240407 -0.0201362 -0.0165625 -0.0134266 -0.0107492 -0.00850776 -0.00668436 -0.00523704 -0.00410991 -0.00324174 -0.00260485 -0.00212917 -0.00179739 -0.00156771 -0.00140953 -0.00131461 -0.00123897 -0.00119972 -0.00117045 -0.00114441 -0.00114186 -0.00113149 -0.00112605 -0.00113107 -0.00112172 -0.0011187 -0.00112044 -0.00110851 -0.00111098 -0.00110863 -0.00110123 -0.00110899 -0.00109939 -0.00109797 -0.0011001 -0.00109065 -0.00109707 -0.00109421 -0.00109409 -0.0010984 -0.00109229 -0.00109526 -0.00108981 
0 4.21661e-06 8.7226e-06 1.32754e-05 1.65319e-05 2.37288e-05 2.49413e-05 3.22424e-05 3.70569e-05 3.5898e-05 4.81509e-05 4.38295e-05 5.05676e-05 6.22987e-05 5.55206e-05 7.49397e-05 7.3368e-05 7.26559e-05 9.17452e-05 8.11153e-05 9.30435e-05 0.000104123 0.000104678 0.00012419 0.000144533 0.000172507 0.000215364 0.000298857 0.000398701 0.000564913 0.000824373 0.00115466 0.00166019 0.00233785 0.00323358 0.00442695 0.00594511 0.00785378 0.0101855 0.0130072 0.0162933 0.0200312 0.0241605 0.0285436 0.0330114 0.0373274 0.0412861 0.0445454 0.04685 0.0479694 0.0476601 0.0457607 0.0422261 0.0371573 0.0307027 0.0231913 0.0149353 0.00634587 -0.00216787 -0.0102208 -0.0174485 -0.0235464 -0.0283107 -0.0317033 -0.0336855 -0.0343841 -0.0339324 -0.0325363 -0.0304033 -0.0278198 -0.0249812 -0.0220666 -0.0192502 -0.0166312 -0.0142721 -0.0122056 -0.0104689 -0.0089924 -0.0077795 -0.00678014 -0.00596958 -0.00527316 -0.00472221 -0.0042521 -0.00383952 -0.00346054 -0.00316095 -0.00288136 -0.00261168 -0.00235694 -0.00214847 -0.00194124 -0.00173453 -0.00153875 -0.00136725 -0.00119313 -0.00101856 -0.00085068 -0.000694061 -0.000534109 -0.000371268 -0.000210841 -5.69899e-05 0.000104484 0.000274053 0.000443325 0.000605915 0.00078804 0.000984145 0.00118035 0.00137155 0.00160293 0.00185311 0.00211015 0.00237721 0.00271493 0.00308513 0.00350191 0.00398291 0.00459372 0.00530284 0.00617867 0.00724739 0.00856317 0.0101198 0.0119987 0.0141774 0.0166405 0.0193335 0.0221862 0.0250372 0.0277269 0.0300678 0.0317835 0.0326475 0.0324425 0.0310131 0.0282015 0.0240134 0.0184489 0.0116747 0.00395496 -0.00434832 -0.0128662 -0.0211854 -0.0288961 -0.0356566 -0.0411094 -0.0450814 -0.0474491 -0.0482203 -0.0474985 -0.0455399 -0.0425745 -0.0388421 -0.0346644 -0.0302782 -0.0259337 -0.0217872 -0.0180065 -0.014661 -0.0117712 -0.00935531 -0.0073779 -0.00580165 -0.00454272 -0.00360314 -0.00288721 -0.00234722 -0.00198994 -0.00171893 -0.00153859 -0.00142513 -0.00134767 -0.00129357 -0.00126584 -0.00125271 -0.00122606 -0.00123116 -0.00121995 -0.00120575 -0.00121653 -0.00119899 -0.00120058 -0.00120232 -0.00119259 -0.00119643 -0.00118939 -0.00118958 -0.00118714 -0.0011863 -0.00118699 -0.00118123 -0.0011858 -0.00117734 -0.0011771 -0.00117923 -0.00117013 -0.00117978 -0.00117563 
0 7.02721e-06 5.45996e-06 1.64632e-05 1.84109e-05 2.00941e-05 3.32669e-05 2.91036e-05 3.88578e-05 4.75716e-05 4.07394e-05 5.91125e-05 5.52003e-05 5.62749e-05 7.49397e-05 6.21447e-05 7.97302e-05 8.91226e-05 8.26731e-05 0.000103077 9.99967e-05 0.000106334 0.000121019 0.000134579 0.000157771 0.000193884 0.00025468 0.000322758 0.000459953 0.000648707 0.000915273 0.00132987 0.001873 0.00262126 0.00361809 0.00491832 0.00656737 0.00863482 0.0111739 0.0141638 0.017667 0.021625 0.0259494 0.0305109 0.0351282 0.0395552 0.0435109 0.0467801 0.0490558 0.0500769 0.0496142 0.0475726 0.0439178 0.0386967 0.0321182 0.0244717 0.0161185 0.00740206 -0.00125601 -0.00949115 -0.0169368 -0.0233066 -0.0284069 -0.0321415 -0.0344936 -0.0355217 -0.0353794 -0.03422 -0.0322793 -0.0297815 -0.0269538 -0.0239743 -0.0210448 -0.018275 -0.0157381 -0.0134857 -0.0115497 -0.00991135 -0.00854618 -0.00742517 -0.0064858 -0.00570608 -0.00507422 -0.00455518 -0.0040792 -0.00366425 -0.00331986 -0.00302089 -0.00271705 -0.00244251 -0.00220332 -0.00198441 -0.0017555 -0.00154564 -0.00135059 -0.00116621 -0.000974956 -0.000796089 -0.000619847 -0.000449452 -0.000272196 -0.00010307 6.92709e-05 0.000241876 0.000426163 0.000602413 0.000785087 0.000979579 0.00119386 0.00139686 0.00161269 0.00185935 0.00213702 0.00240628 0.00270824 0.00307181 0.00349383 0.00394742 0.00449299 0.00516743 0.0059865 0.00696543 0.0081666 0.00962152 0.0113622 0.0134162 0.0157715 0.018388 0.0212095 0.0241465 0.0270202 0.0296607 0.031849 0.0333601 0.0339439 0.0334296 0.0316398 0.0284874 0.0239476 0.0180879 0.0110648 0.00314252 -0.00533625 -0.0140093 -0.0224484 -0.0302943 -0.0371826 -0.0428131 -0.0469191 -0.0494129 -0.0503175 -0.0497314 -0.0478275 -0.0448403 -0.0410985 -0.0368382 -0.0323258 -0.0277976 -0.023473 -0.0194734 -0.0159009 -0.0128392 -0.0102379 -0.0080986 -0.00637427 -0.00502256 -0.00396768 -0.00317745 -0.0026112 -0.00217401 -0.00188668 -0.00168387 -0.00153945 -0.00145548 -0.00140015 -0.00136541 -0.00133608 -0.00133198 -0.00130951 -0.00130157 -0.00130753 -0.00128571 -0.00129778 -0.00129169 -0.00127924 -0.00129124 -0.0012773 -0.0012776 -0.00127885 -0.00127014 -0.00127333 -0.00126933 -0.00126778 -0.00126686 -0.00126545 -0.00126464 -0.00126259 -0.00126407 -0.00126094 -0.00126182 
0 1.15383e-06 1.55982e-05 9.74784e-06 2.27606e-05 2.68663e-05 2.56035e-05 4.06424e-05 3.53769e-05 4.54877e-05 5.30666e-05 5.20966e-05 6.73611e-05 6.69222e-05 7.3368e-05 7.97302e-05 7.96096e-05 8.69235e-05 8.94239e-05 9.95832e-05 0.000109358 0.00012283 0.000136642 0.000151557 0.00017763 0.000213209 0.000276961 0.000373981 0.000524228 0.000736419 0.00104962 0.00149168 0.00209382 0.00293516 0.00402921 0.00544554 0.0072469 0.00946659 0.0121629 0.0153755 0.0190888 0.0232364 0.0277549 0.0324626 0.0371747 0.0416659 0.0456643 0.048885 0.0510464 0.0519413 0.0513655 0.0491944 0.0453782 0.0400516 0.0334063 0.0257087 0.0172943 0.00852788 -0.000203759 -0.00854899 -0.0161533 -0.0227667 -0.0281639 -0.0322493 -0.0349675 -0.036372 -0.0365581 -0.0356996 -0.0339915 -0.0316402 -0.0288651 -0.0258658 -0.0228517 -0.0199443 -0.0172507 -0.0148057 -0.0126774 -0.0108537 -0.00934089 -0.00806668 -0.00700611 -0.00611744 -0.0054091 -0.00481171 -0.00428648 -0.00381861 -0.00343516 -0.0030963 -0.00277211 -0.00246686 -0.0022016 -0.00195834 -0.00171667 -0.00148542 -0.0012702 -0.00106818 -0.000865834 -0.000670962 -0.00047788 -0.000292244 -0.000104806 7.72041e-05 0.000265203 0.000453504 0.000646628 0.00083526 0.00103453 0.00124748 0.00146975 0.00168872 0.00192431 0.00219535 0.0024851 0.00278218 0.00311239 0.00351625 0.00397291 0.00448726 0.00509044 0.00585127 0.00676873 0.00787937 0.00920511 0.0108224 0.0127382 0.0149777 0.0174872 0.0202485 0.0231698 0.0261531 0.0290055 0.0315397 0.0335302 0.0347702 0.0350474 0.0341708 0.032014 0.0284973 0.0236381 0.0175003 0.0102797 0.00220485 -0.00637724 -0.0151222 -0.0236438 -0.0315739 -0.0385393 -0.0442563 -0.0485204 -0.0511739 -0.0522091 -0.0517186 -0.0499159 -0.0470106 -0.0432621 -0.0389318 -0.0343186 -0.0296583 -0.0251432 -0.0209671 -0.0172065 -0.0139215 -0.0111393 -0.00884936 -0.00698459 -0.00551569 -0.00437861 -0.00349802 -0.00285616 -0.00238493 -0.00205519 -0.00182911 -0.00167526 -0.0015724 -0.00150024 -0.00145693 -0.00142655 -0.00141181 -0.00140134 -0.00139792 -0.00139123 -0.00138489 -0.00138405 -0.00137321 -0.00137554 -0.00136878 -0.00136552 -0.0013704 -0.00135826 -0.00136304 -0.00135718 -0.00135044 -0.00135698 -0.00134722 -0.00135328 -0.00135319 -0.00134819 -0.00135516 -0.0013456 -0.00134777 
0 8.5658e-07 2.0178e-05 9.71759e-06 2.49406e-05 2.93274e-05 2.44689e-05 4.59751e-05 3.78943e-05 4.9255e-05 5.97726e-05 5.09452e-05 6.99721e-05 6.6766e-05 7.26559e-05 8.91226e-05 8.69235e-05 0.000101463 0.000106216 0.000109771 0.000118537 0.000122467 0.000138344 0.000159306 0.000193428 0.000245545 0.000316698 0.0004271 0.000594112 0.000832622 0.0011907 0.00168927 0.00236107 0.00327881 0.00446721 0.00599758 0.00794343 0.0103365 0.0132204 0.0166291 0.0205269 0.0248615 0.0295516 0.0343936 0.0392008 0.043719 0.0476756 0.0508206 0.0528893 0.053641 0.0528948 0.0505746 0.0466491 0.0412588 0.0345744 0.0268653 0.0184669 0.00972382 0.000982368 -0.00740969 -0.0151164 -0.0219207 -0.0275871 -0.0320056 -0.0350994 -0.0368929 -0.0374438 -0.0369253 -0.0354996 -0.0333426 -0.0306722 -0.0276978 -0.0246298 -0.0216099 -0.0187717 -0.0161453 -0.0138201 -0.0118096 -0.0101301 -0.00869455 -0.0074985 -0.00649778 -0.00569266 -0.00501015 -0.00442691 -0.00390842 -0.00347355 -0.00309241 -0.0027432 -0.00241044 -0.00211272 -0.00184469 -0.00158677 -0.00133586 -0.0010978 -0.000878438 -0.000661821 -0.000451559 -0.00024098 -4.08038e-05 0.000159669 0.000354219 0.000558183 0.000760836 0.000965156 0.00116558 0.00138313 0.00161198 0.00184406 0.00207819 0.0023384 0.00262981 0.00293363 0.0032583 0.00362691 0.00406763 0.00456396 0.00514164 0.00581982 0.00666853 0.0076954 0.00894219 0.01041 0.0121907 0.0142867 0.016701 0.0193544 0.0222356 0.0252285 0.0282138 0.0309924 0.033367 0.0351048 0.0360253 0.0359482 0.0346837 0.0321373 0.028259 0.0230901 0.0167117 0.00934072 0.00117429 -0.00746151 -0.0162217 -0.0247459 -0.0326954 -0.0397133 -0.0455083 -0.0498766 -0.0526554 -0.0538549 -0.0535292 -0.0518362 -0.0489971 -0.0452862 -0.0409503 -0.0362713 -0.0315004 -0.0268247 -0.022463 -0.0185183 -0.0150514 -0.0121003 -0.0096442 -0.00762951 -0.0060318 -0.00479077 -0.00383164 -0.00312785 -0.00260717 -0.0022303 -0.00197223 -0.00179348 -0.00167829 -0.00160711 -0.00156007 -0.00153256 -0.00151108 -0.00149323 -0.00148736 -0.00147295 -0.00147163 -0.00146939 -0.00145878 -0.00146759 -0.00145391 -0.00145094 -0.00145514 -0.00144016 -0.00145105 -0.00144641 -0.00144223 -0.00145029 -0.00143622 -0.00143905 -0.00143432 -0.00142647 -0.00143438 -0.00142772 -0.00143485 
