0 0 0 0 0 0 0 0 0 0 0 0 0 0 0 0 0 0 0 0 0 0 0 0 0 0 0 0 0 0 0 0 0 0 0 0 0 0 0 0 0 0 0 0 0 0 0 0 0 0 0 0 0 0 0 0 0 0 0 0 0 0 0 0 0 0 0 0 0 0 0 0 0 0 0 0 0 0 0 0 0 0 0 0 0 0 0 0 0 0 0 0 0 0 0 0 0 0 0 0 0 0 0 0 0 0 0 0 0 0 0 0 0 0 0 0 0 0 0 0 0 0 0 0 0 0 0 0 0 0 0 0 0 0 0 0 0 0 0 0 0 0 0 0 0 0 0 0 0 0 0 0 0 0 0 0 0 0 0 0 0 0 0 0 0 0 0 0 0 0 0 0 0 0 0 0 0 0 0 0 0 0 0 0 0 0 0 0 0 0 0 0 0 0 0 0 0 0 0 0 
0 -2.50436e-06 4.86073e-06 -2.5343e-06 3.23704e-06 9.28786e-06 7.37383e-06 1.38366e-05 1.03386e-05 1.07014e-05 7.68382e-06 5.65835e-06 1.65317e-05 1.19e-05 2.1189e-05 2.88236e-05 1.43914e-05 2.21118e-05 2.23549e-05 1.5656e-05 2.61152e-05 3.07492e-05 2.61837e-05 2.053e-05 3.32858e-05 3.50025e-05 2.8736e-05 5.02264e-05 4.31821e-05 2.36159e-05 3.91314e-05 4.97319e-05 4.52704e-05 3.95809e-05 3.95559e-05 5.07412e-05 5.78688e-05 5.38143e-05 5.23699e-05 6.32669e-05 6.81334e-05 6.0431e-05 6.96341e-05 7.25526e-05 6.67814e-05 7.57557e-05 7.71211e-05 7.71117e-05 7.82803e-05 8.98965e-05 8.76866e-05 8.80711e-05 0.000103846 0.000101073 0.000106187 0.000111463 0.000124478 0.000118899 0.000126856 0.000140437 0.000138553 0.000144587 0.000151394 0.000168828 0.000161875 0.000180119 0.000195196 0.000215732 0.00023019 0.000270596 0.000325628 0.000382602 0.000470265 0.000587208 0.000749111 0.000922736 0.00116291 0.00144887 0.00180873 0.00220263 0.0026811 0.00321122 0.00379128 0.0043571 0.00491007 0.00540687 0.00581974 0.00609823 0.00623239 0.00621373 0.00602499 0.00565753 0.00512384 0.00448879 0.00379443 0.00308398 0.00235175 0.00163323 0.000936081 0.000294271 -0.000329603 -0.000951352 -0.00161759 -0.00230372 -0.00300711 -0.00369158 -0.00436839 -0.00500204 -0.00555948 -0.00596991 -0.00621278 -0.00628611 -0.00620959 -0.00598657 -0.0056245 -0.00516406 -0.00463808 -0.00408812 -0.00351465 -0.0029758 -0.00248225 -0.00207194 -0.0016972 -0.00139344 -0.00113532 -0.000949612 -0.000776931 -0.000649557 -0.000549274 -0.000488028 -0.000426445 -0.000381142 -0.000359226 -0.000339071 -0.000320285 -0.000298198 -0.000302584 -0.000285031 -0.000276498 -0.000265749 -0.000270053 -0.000254513 -0.000246521 -0.000250194 -0.000241303 -0.000235056 -0.000229948 -0.000236633 -0.000221049 -0.000221939 -0.000223778 -0.000215728 -0.000211327 -0.00021105 -0.000209916 -0.000197108 -0.00020273 -0.00019771 -0.000186184 -0.000191294 -0.000191393 -0.000182905 -0.000177489 -0.000183732 -0.000186727 -0.000182698 -0.000174708 -0.000168517 -0.000185041 -0.000187176 -0.00015934 -0.000163149 -0.00017387 -0.000162522 -0.000164815 -0.000168511 -0.000161612 -0.000154497 -0.000164337 -0.000170028 -0.000158696 -0.000165039 -0.000159319 -0.000148399 -0.000155679 -0.000153224 -0.000157077 -0.000156599 -0.000155764 -0.000158938 -0.000146958 -0.000156593 -0.000154799 -0.000144013 -0.000161623 -0.000147996 -0.000145704 -0.000162103 -0.00014355 -0.00015286 
0 4.86073e-06 8.22432e-06 8.16728e-06 1.38375e-05 9.917e-06 6.33896e-06 1.4964e-05 1.48842e-05 1.92905e-05 3.38839e-05 3.29457e-05 2.66467e-05 3.63631e-05 2.72292e-05 1.89933e-05 4.81421e-05 3.93294e-05 3.87196e-05 6.73925e-05 3.92068e-05 4.73023e-05 6.71574e-05 5.4116e-05 6.9882e-05 5.99321e-05 6.33489e-05 6.29251e-05 5.98302e-05 9.5693e-05 8.62752e-05 7.77636e-05 7.89556e-05 0.000104966 0.000115064 8.25098e-05 0.000111053 0.000106539 0.000108426 0.000121257 0.000111555 0.000126665 0.000125314 0.000146864 0.000133636 0.000150849 0.000167609 0.000153146 0.000177496 0.000176718 0.000189792 0.000180788 0.000206381 0.000207593 0.000201873 0.000228375 0.000228442 0.000241124 0.000238173 0.000275006 0.000268492 0.000282296 0.000304251 0.000324845 0.000336213 0.000352463 0.000405297 0.000426615 0.000480586 0.000544996 0.00066574 0.000776363 0.000955694 0.00119201 0.00150502 0.00186861 0.00233311 0.00292248 0.00361739 0.0044296 0.00536032 0.00643713 0.00756478 0.00871319 0.00979247 0.0107972 0.0115981 0.0121679 0.012423 0.0123964 0.0120101 0.0112898 0.0102297 0.00897698 0.00759245 0.00617617 0.00471325 0.00327912 0.00188435 0.000592056 -0.000666886 -0.00192162 -0.00325724 -0.00462945 -0.00603565 -0.00740341 -0.00875491 -0.0100085 -0.0111144 -0.0119204 -0.0124112 -0.0125476 -0.0124037 -0.0119438 -0.0112395 -0.0103073 -0.00927814 -0.00815983 -0.00704131 -0.00594618 -0.00498407 -0.00413605 -0.00340984 -0.00278115 -0.0022825 -0.00188884 -0.00155657 -0.00129409 -0.00109526 -0.000970289 -0.000842128 -0.000765728 -0.000703437 -0.000682633 -0.000626757 -0.000608747 -0.000593562 -0.000580709 -0.000553576 -0.000541398 -0.000546925 -0.00051404 -0.000511927 -0.000497373 -0.000500734 -0.000466622 -0.000472597 -0.000465515 -0.000443428 -0.000442339 -0.000432116 -0.000432856 -0.000404038 -0.000423858 -0.000405685 -0.000396018 -0.000403132 -0.000392506 -0.00039509 -0.000378254 -0.000390662 -0.000368391 -0.000378806 -0.00037858 -0.00033979 -0.000359559 -0.000361671 -0.000357385 -0.000330171 -0.0003329 -0.000355788 -0.000340356 -0.000345724 -0.000328279 -0.000334879 -0.000335182 -0.000317166 -0.000345535 -0.000319234 -0.000304044 -0.000325766 -0.000308154 -0.000314554 -0.000327676 -0.000318747 -0.000311661 -0.000312554 -0.000309821 -0.000299606 -0.000310797 -0.000310186 -0.000299792 -0.000311903 -0.000305023 -0.000298848 -0.000310443 -0.000303031 -0.000298761 -0.000308033 -0.000302246 
0 -2.5343e-06 8.16728e-06 5.57781e-06 1.33881e-05 2.089e-05 2.18467e-05 3.07665e-05 2.87693e-05 3.07255e-05 3.17751e-05 3.15989e-05 4.33603e-05 4.55195e-05 5.50781e-05 6.28454e-05 5.71727e-05 6.20486e-05 6.3872e-05 6.64334e-05 7.27114e-05 8.19316e-05 8.40913e-05 7.75084e-05 9.54673e-05 9.927e-05 9.81828e-05 0.000121063 0.000114726 0.000105113 0.000119878 0.000131764 0.000132312 0.000133048 0.000137734 0.000146384 0.000164258 0.000163457 0.000164594 0.000183595 0.000189197 0.000189287 0.000201933 0.000211892 0.000208727 0.000224003 0.000235023 0.000234573 0.000247535 0.000264534 0.000269549 0.000276104 0.000302396 0.00030872 0.000316909 0.000338493 0.000357725 0.000362556 0.00037918 0.000409276 0.00041624 0.000432169 0.000459272 0.000490599 0.0005021 0.000539776 0.000593003 0.000646206 0.000712732 0.000825866 0.000985459 0.0011722 0.00143673 0.00179562 0.00226111 0.00281424 0.00352215 0.00439562 0.0054476 0.0066575 0.00806773 0.00965178 0.0113438 0.0130369 0.0146632 0.016135 0.0173393 0.0181721 0.0185733 0.0185181 0.0179575 0.0168812 0.0153373 0.0134777 0.0114317 0.00930423 0.00712719 0.00497255 0.00288763 0.000921032 -0.000986886 -0.00290276 -0.00490685 -0.00697451 -0.00907225 -0.0111334 -0.0131397 -0.0150069 -0.0166222 -0.0178237 -0.01854 -0.018759 -0.0185245 -0.0178528 -0.0167915 -0.0154286 -0.0138787 -0.0122304 -0.0105519 -0.0089453 -0.00749164 -0.00623244 -0.00513242 -0.00420649 -0.00344802 -0.0028545 -0.00235602 -0.00196411 -0.00166845 -0.0014622 -0.00128639 -0.00115723 -0.0010758 -0.00101804 -0.000957979 -0.000912208 -0.000894998 -0.000863522 -0.000831863 -0.000810038 -0.000803497 -0.000772564 -0.000753061 -0.000746211 -0.000731226 -0.000708009 -0.000699605 -0.00069656 -0.000672421 -0.000664762 -0.000661107 -0.000647248 -0.000630881 -0.00063087 -0.000619609 -0.000601531 -0.000601603 -0.000591295 -0.000575153 -0.000572699 -0.000572254 -0.000553762 -0.000548712 -0.000552305 -0.000545699 -0.000541356 -0.000530877 -0.000524024 -0.0005316 -0.000531355 -0.00050544 -0.000502202 -0.000511313 -0.000495635 -0.000497997 -0.0004985 -0.000485578 -0.000484098 -0.000487573 -0.000489328 -0.000482875 -0.000482608 -0.000475093 -0.000465446 -0.000468959 -0.00046471 -0.000468357 -0.000467763 -0.000463689 -0.000467328 -0.000456467 -0.000461102 -0.000461311 -0.000451075 -0.000463078 -0.000453513 -0.00045174 -0.000462002 -0.000445679 -0.000456507 
0 3.23704e-06 1.38375e-05 1.33881e-05 1.6672e-05 2.40178e-05 2.64323e-05 3.28746e-05 3.7768e-05 4.37066e-05 4.80696e-05 5.13551e-05 5.9843e-05 5.94453e-05 6.57464e-05 7.58802e-05 7.30088e-05 8.41462e-05 9.182e-05 8.97258e-05 0.000101883 0.000107065 0.000109837 0.000116137 0.000123102 0.00013047 0.000129746 0.000144424 0.000151831 0.000148562 0.00016473 0.000171529 0.000178184 0.000184999 0.0001896 0.000203665 0.000208751 0.000217464 0.000223238 0.000235727 0.000247424 0.00024969 0.000268313 0.000275633 0.000286069 0.000300155 0.000312179 0.000324309 0.000334295 0.000356046 0.000362048 0.000378795 0.000397805 0.00041128 0.000426804 0.000445689 0.000470677 0.000480479 0.000507736 0.000532347 0.000555202 0.00057704 0.000611903 0.000648384 0.000677139 0.000728914 0.000791399 0.000871574 0.000967006 0.00112201 0.00132431 0.00159129 0.00194633 0.00242822 0.00304046 0.00379613 0.00474267 0.00590605 0.00730136 0.00892087 0.0107935 0.0128779 0.0151023 0.0173337 0.0194804 0.0214066 0.0229887 0.0240836 0.0246244 0.0245446 0.0238111 0.0224025 0.0204075 0.017977 0.015291 0.0124637 0.00958123 0.00671148 0.00393326 0.00127083 -0.0013152 -0.00391964 -0.00660323 -0.00936825 -0.0121548 -0.0149061 -0.0175539 -0.0200061 -0.0220981 -0.0236692 -0.0246046 -0.0248999 -0.0245763 -0.0236887 -0.0222893 -0.0205051 -0.0184565 -0.0162807 -0.0140693 -0.011957 -0.0100284 -0.00834346 -0.00688023 -0.00564854 -0.00463534 -0.00382449 -0.00316433 -0.00263982 -0.00224521 -0.00195035 -0.00172545 -0.00155124 -0.0014398 -0.00135114 -0.00128252 -0.00122301 -0.0011908 -0.00115218 -0.00111621 -0.00108948 -0.00106735 -0.0010413 -0.00101214 -0.0010002 -0.000975061 -0.00095528 -0.000935832 -0.00092366 -0.000902102 -0.000884692 -0.000876675 -0.000855813 -0.00084485 -0.000831211 -0.000821979 -0.000805763 -0.000797721 -0.000790483 -0.000772722 -0.000770288 -0.000759351 -0.000750437 -0.000739987 -0.000732174 -0.000728442 -0.000716396 -0.000711097 -0.000699066 -0.000699059 -0.000695877 -0.000678754 -0.000681055 -0.000677306 -0.000669026 -0.000664691 -0.000661182 -0.000658696 -0.000647314 -0.000649041 -0.000646423 -0.000634836 -0.000639059 -0.000634094 -0.000628601 -0.000630403 -0.000625551 -0.000623986 -0.000619802 -0.000618867 -0.00061757 -0.000611262 -0.000616178 -0.000611484 -0.000607372 -0.000614332 -0.000604117 -0.000606429 -0.000613826 -0.000600775 -0.000607039 
0 9.28786e-06 9.917e-06 2.089e-05 2.40178e-05 2.89873e-05 3.42341e-05 3.58944e-05 4.78558e-05 4.98611e-05 6.35702e-05 7.36518e-05 6.63072e-05 8.44912e-05 8.0779e-05 7.72295e-05 0.000105387 0.00010134 0.000108615 0.000127904 0.000121861 0.00012622 0.000139675 0.000154694 0.000151657 0.000158083 0.000177253 0.00016246 0.000178023 0.000210491 0.000206313 0.000205135 0.000215569 0.000238802 0.000250969 0.000247161 0.00025685 0.000272222 0.000287889 0.000291665 0.000300893 0.000322238 0.000329097 0.000344883 0.000361528 0.000373394 0.00039102 0.000405963 0.000426124 0.000436777 0.000459417 0.000478262 0.000492445 0.000517609 0.000535344 0.000561773 0.000578705 0.000611022 0.000634439 0.000662195 0.000695581 0.000726722 0.000768233 0.000802847 0.000861315 0.000914025 0.000997515 0.00109265 0.00123488 0.00141925 0.00167508 0.00202063 0.00247561 0.00307985 0.0038394 0.00480956 0.00599234 0.00745482 0.00918194 0.0112244 0.0135385 0.0161189 0.0188385 0.021601 0.0242322 0.0266014 0.0285289 0.0298877 0.030555 0.0304613 0.0295562 0.0278499 0.0254388 0.0224852 0.0191837 0.015679 0.0120988 0.00852381 0.0050425 0.00166354 -0.00163773 -0.004958 -0.00834025 -0.0118027 -0.015279 -0.018709 -0.0219842 -0.0249829 -0.0275188 -0.0294233 -0.0305723 -0.0309317 -0.030528 -0.0294193 -0.0277085 -0.0255128 -0.0229995 -0.0203024 -0.0175944 -0.0149827 -0.0126039 -0.0104811 -0.00866839 -0.00712173 -0.00586067 -0.00481877 -0.00399906 -0.00334039 -0.0028419 -0.0024568 -0.00217372 -0.00196475 -0.00180677 -0.00169686 -0.00160564 -0.00154633 -0.00148264 -0.001445 -0.00140007 -0.00136897 -0.00133073 -0.0013035 -0.00127682 -0.00124397 -0.00122326 -0.00119558 -0.00117662 -0.00114696 -0.00113291 -0.00111087 -0.00108836 -0.00107472 -0.00105576 -0.00104124 -0.0010227 -0.00101445 -0.000996318 -0.000983248 -0.000979253 -0.000959167 -0.000946523 -0.000940224 -0.000934224 -0.000917995 -0.000897502 -0.000896016 -0.000895213 -0.000887065 -0.000860766 -0.000850432 -0.000872572 -0.000856134 -0.00083701 -0.000842303 -0.000831941 -0.000822474 -0.000821263 -0.00082541 -0.000806947 -0.000793952 -0.000806286 -0.000789656 -0.000790884 -0.000801039 -0.000783566 -0.000784453 -0.000779038 -0.000773311 -0.000773632 -0.000767525 -0.00077503 -0.000763728 -0.000762609 -0.000771557 -0.000753803 -0.000764817 -0.000764124 -0.000748535 -0.000768089 -0.000755656 
0 7.37383e-06 6.33896e-06 2.18467e-05 2.64323e-05 3.42341e-05 5.08349e-05 4.94807e-05 5.94768e-05 6.76804e-05 6.02784e-05 7.27971e-05 8.74926e-05 8.81375e-05 0.00010839 0.000124054 0.000110541 0.000126147 0.000135549 0.000124045 0.000156393 0.000162988 0.000159394 0.000178368 0.000176868 0.000198873 0.000207521 0.000220055 0.000238211 0.000218308 0.000235351 0.000260894 0.000276584 0.000266279 0.00027202 0.0003159 0.0003095 0.00033118 0.000344326 0.000351097 0.000379648 0.000385197 0.00040513 0.000407702 0.000441183 0.000446924 0.000457529 0.000494057 0.000497328 0.00052627 0.000542265 0.000579292 0.000587041 0.000620148 0.000656579 0.000669457 0.000708159 0.000734728 0.000779277 0.000791719 0.000846612 0.000882579 0.000923548 0.000970749 0.00103636 0.00111488 0.00119141 0.0013317 0.0014947 0.00173375 0.00202809 0.00246918 0.0030215 0.00375173 0.00467039 0.00584838 0.00728917 0.00903171 0.011117 0.0135522 0.0163265 0.0193537 0.0225736 0.0258106 0.0289254 0.0316836 0.033959 0.0355457 0.0363543 0.0362308 0.0351847 0.0331984 0.0304276 0.0269863 0.0231146 0.0189504 0.014694 0.010414 0.00622491 0.00210072 -0.00194606 -0.00601686 -0.0101131 -0.0142835 -0.0184409 -0.0225429 -0.0264137 -0.0299308 -0.0328599 -0.0350772 -0.036408 -0.0368417 -0.0363421 -0.0350416 -0.0330145 -0.0304559 -0.0274788 -0.024315 -0.0211068 -0.0180468 -0.015202 -0.0126764 -0.010488 -0.00865083 -0.00711808 -0.00585877 -0.0048629 -0.00407331 -0.0034677 -0.00298213 -0.0026492 -0.0023837 -0.00220027 -0.00203881 -0.00195034 -0.00186074 -0.00179015 -0.00172942 -0.00168761 -0.00164518 -0.00158736 -0.00156836 -0.00152451 -0.00149739 -0.00145293 -0.00144502 -0.00140614 -0.00137715 -0.00136499 -0.0013357 -0.00131697 -0.00128708 -0.00128771 -0.00124586 -0.00123648 -0.00122395 -0.0011957 -0.00118327 -0.00116162 -0.00115898 -0.00112856 -0.00112922 -0.00110564 -0.00109079 -0.0011098 -0.00107672 -0.00105936 -0.00105496 -0.00106764 -0.00104829 -0.00101732 -0.00102228 -0.00100653 -0.00101084 -0.000997664 -0.000986569 -0.000990802 -0.000962364 -0.000977151 -0.000982741 -0.000958861 -0.000965057 -0.000954158 -0.000935816 -0.000938938 -0.000941679 -0.000932741 -0.000933905 -0.000937071 -0.00092128 -0.000923654 -0.0009261 -0.000913477 -0.000918851 -0.000917615 -0.000910791 -0.000912804 -0.000910254 -0.000908867 -0.000909636 
0 1.38366e-05 1.4964e-05 3.07665e-05 3.28746e-05 3.58944e-05 4.94807e-05 5.18345e-05 6.60502e-05 7.75562e-05 8.50001e-05 9.96025e-05 0.000102257 0.000107059 0.000114426 0.000120905 0.000132986 0.000148328 0.000160509 0.000165823 0.000180142 0.000182678 0.000191314 0.000215403 0.000211868 0.000225962 0.000238932 0.000235259 0.000261695 0.000279248 0.000288567 0.00029835 0.000311878 0.000327651 0.000343038 0.000361241 0.000357172 0.000381512 0.000403583 0.000404975 0.000429798 0.000448634 0.000465089 0.000481471 0.000513821 0.000527084 0.000543726 0.000582217 0.000594245 0.000616746 0.000645926 0.000676807 0.000689612 0.000724035 0.00076348 0.000780163 0.000816878 0.00085874 0.000898828 0.000923711 0.000982101 0.00103363 0.00107743 0.00113754 0.00122244 0.00131308 0.00141251 0.00157702 0.00178763 0.00206306 0.0024256 0.00294617 0.00361255 0.00446557 0.00555393 0.00694183 0.00863663 0.0106721 0.0131014 0.0159368 0.0191353 0.0226092 0.0262779 0.0299775 0.0335149 0.0366539 0.0392284 0.0410469 0.041964 0.0418344 0.0406458 0.0384321 0.035327 0.0314613 0.0270455 0.0222688 0.0173408 0.0123735 0.00745254 0.00257268 -0.00226243 -0.00709971 -0.0119436 -0.0168174 -0.0216645 -0.0264055 -0.0308563 -0.0348375 -0.0381369 -0.0406149 -0.0421232 -0.0426024 -0.0420319 -0.04053 -0.0382275 -0.0353068 -0.0319202 -0.0282973 -0.0246379 -0.0211254 -0.0178501 -0.0149105 -0.0123622 -0.0102147 -0.00841529 -0.00692982 -0.00575068 -0.00482588 -0.00409967 -0.00352608 -0.00311837 -0.0028131 -0.00258069 -0.00239429 -0.00228089 -0.00218332 -0.00209403 -0.0020241 -0.00197947 -0.00192706 -0.00186579 -0.00183552 -0.00179661 -0.00175312 -0.00170937 -0.00169181 -0.00164961 -0.0016113 -0.00159157 -0.00156244 -0.00152836 -0.00150207 -0.00149177 -0.00145292 -0.00143674 -0.00142377 -0.00139812 -0.00138045 -0.00136907 -0.00135299 -0.00132469 -0.00132696 -0.00130669 -0.00128081 -0.00127445 -0.00125846 -0.00124895 -0.00123361 -0.00121883 -0.00120286 -0.00120683 -0.00120197 -0.00117764 -0.00118143 -0.00116628 -0.00115546 -0.00116084 -0.00114403 -0.00113437 -0.00112586 -0.00111646 -0.00111307 -0.00111377 -0.0011115 -0.00110335 -0.00110257 -0.00109098 -0.00108597 -0.00108756 -0.00107669 -0.0010806 -0.00107619 -0.00106997 -0.00107437 -0.00106336 -0.00106839 -0.00107026 -0.00106105 -0.0010695 -0.00106045 
0 1.03386e-05 1.48842e-05 2.87693e-05 3.7768e-05 4.78558e-05 5.94768e-05 6.60502e-05 7.68994e-05 8.08931e-05 9.47292e-05 0.000108272 0.000108588 0.000131751 0.000139205 0.000138632 0.000165345 0.000165212 0.000171366 0.000195544 0.000197254 0.000208525 0.000223635 0.000239226 0.000247039 0.000256504 0.000284948 0.000280669 0.000293343 0.000323791 0.000323798 0.000340163 0.000351147 0.000371891 0.000394486 0.000399097 0.000421128 0.000438428 0.00046452 0.000473955 0.000492238 0.000524382 0.000529354 0.000559959 0.000580652 0.00060119 0.000624686 0.000652883 0.000682852 0.000696924 0.000743364 0.000766689 0.000795763 0.000833493 0.000872906 0.000906241 0.00093748 0.000997477 0.0010278 0.00107472 0.00112668 0.00119119 0.00123982 0.00130981 0.00141009 0.00150719 0.00164021 0.00182039 0.00208305 0.00239445 0.00283923 0.00343534 0.00422308 0.00520719 0.00647628 0.00807694 0.0100289 0.0123685 0.0151409 0.0183713 0.0219732 0.0258814 0.0299657 0.0340967 0.0380109 0.041506 0.0443474 0.0463824 0.0473891 0.0472646 0.0459511 0.0435501 0.0401466 0.0359074 0.0309892 0.0256435 0.020062 0.0144155 0.00874768 0.00309684 -0.00255375 -0.0081772 -0.0137928 -0.0193757 -0.0249103 -0.0302618 -0.0352621 -0.0396651 -0.0433042 -0.0460053 -0.0476718 -0.0481808 -0.0475535 -0.0458623 -0.043313 -0.040051 -0.0362985 -0.0322489 -0.0281754 -0.0242253 -0.0205444 -0.0172009 -0.0143011 -0.0118348 -0.00976962 -0.00805807 -0.00669041 -0.00562226 -0.00476972 -0.00411252 -0.0036177 -0.00326976 -0.00298059 -0.00277565 -0.00262178 -0.00251595 -0.00240414 -0.00232518 -0.002267 -0.00220241 -0.00214222 -0.00209042 -0.00205815 -0.00199619 -0.00196158 -0.00192439 -0.00188929 -0.00184594 -0.00181839 -0.00179443 -0.00174934 -0.00173309 -0.00170243 -0.00167762 -0.0016479 -0.00163078 -0.00160631 -0.00157524 -0.00157031 -0.00153771 -0.00151983 -0.00150504 -0.00149003 -0.00147331 -0.00144846 -0.00144572 -0.00142871 -0.00142011 -0.00139907 -0.00138109 -0.00139057 -0.00136341 -0.0013487 -0.00134805 -0.00133338 -0.00132274 -0.00131267 -0.00131483 -0.00129693 -0.00128794 -0.0012965 -0.00127386 -0.00127161 -0.00127248 -0.00125396 -0.00125549 -0.00125024 -0.00124441 -0.00124214 -0.00123661 -0.00123787 -0.00122602 -0.00122834 -0.00123204 -0.00121539 -0.00122447 -0.00122057 -0.00120734 -0.0012236 -0.00121402 
0 1.07014e-05 1.92905e-05 3.07255e-05 4.37066e-05 4.98611e-05 6.76804e-05 7.75562e-05 8.08931e-05 0.000105598 0.000103092 0.000109047 0.000138835 0.000131783 0.000154951 0.000179921 0.00016762 0.000191764 0.000202893 0.000203506 0.00022711 0.000243851 0.000256086 0.000255671 0.00028111 0.000298266 0.000297009 0.000337309 0.000346685 0.000341291 0.000361702 0.000389311 0.00041641 0.000411206 0.000427636 0.000459867 0.000479837 0.000497982 0.00050906 0.000540187 0.000561827 0.000581419 0.000606519 0.000627378 0.000657471 0.000679137 0.000708547 0.000737342 0.000765542 0.000798875 0.000830462 0.000867515 0.000900077 0.000941141 0.000982446 0.0010207 0.00106744 0.00111534 0.00116542 0.00121403 0.00127676 0.00134137 0.00140682 0.00149192 0.00159502 0.00172035 0.00187297 0.00209468 0.00238393 0.00276588 0.00327752 0.00397044 0.0048674 0.00600446 0.00745642 0.00927034 0.0114871 0.0141277 0.0172551 0.020848 0.024854 0.029153 0.0336458 0.0381399 0.0424131 0.0462035 0.0493071 0.0515068 0.0526109 0.0524741 0.0510808 0.0485046 0.0448581 0.0402702 0.034915 0.0290271 0.0228328 0.0164975 0.0100884 0.00363967 -0.00282714 -0.00926662 -0.0156566 -0.0219713 -0.0281695 -0.0341183 -0.0396138 -0.0444193 -0.048349 -0.0512625 -0.0530412 -0.0535903 -0.0528924 -0.0510573 -0.048261 -0.0447111 -0.0406042 -0.0361938 -0.0317115 -0.0273674 -0.0232756 -0.0195635 -0.0162976 -0.0135188 -0.0111726 -0.00923858 -0.00767523 -0.00644563 -0.00547145 -0.00471376 -0.00414515 -0.00372161 -0.0034003 -0.00315221 -0.00297787 -0.00283826 -0.00272525 -0.00262888 -0.00255634 -0.00248613 -0.00241953 -0.00236465 -0.00231176 -0.00226187 -0.00221155 -0.00217146 -0.00212829 -0.00208728 -0.00205181 -0.00201471 -0.00198284 -0.00194776 -0.00191973 -0.00188876 -0.00185974 -0.00183563 -0.00180675 -0.00178491 -0.0017553 -0.00173939 -0.00172076 -0.0016919 -0.00167261 -0.00165725 -0.00165443 -0.00162391 -0.00159669 -0.00159348 -0.00159037 -0.00157594 -0.00153429 -0.00153485 -0.00153606 -0.00150771 -0.00150636 -0.00149569 -0.00147955 -0.00146495 -0.00146813 -0.00146814 -0.00143989 -0.00144777 -0.00143536 -0.00141104 -0.00142689 -0.00141225 -0.00140524 -0.00141029 -0.00139463 -0.00139509 -0.00138964 -0.00138604 -0.00138384 -0.00137564 -0.00138284 -0.00137206 -0.00136955 -0.00137829 -0.00136285 -0.00137071 
0 7.68382e-06 3.38839e-05 3.17751e-05 4.80696e-05 6.35702e-05 6.02784e-05 8.50001e-05 9.47292e-05 0.000103092 0.000129783 0.000134976 0.000146553 0.000161692 0.000162508 0.000174304 0.000196164 0.000210809 0.000226498 0.000248426 0.000252077 0.000261994 0.00028222 0.000295048 0.000318174 0.000324322 0.000338764 0.000356591 0.000362044 0.000403697 0.000426791 0.000425868 0.000439619 0.000475226 0.000502368 0.000502381 0.000530774 0.000546946 0.000571775 0.000603068 0.000613766 0.000646289 0.00067287 0.000706897 0.000725727 0.000763389 0.00079892 0.000818535 0.000864797 0.000892631 0.000932395 0.000962535 0.00101209 0.00104838 0.001087 0.00114373 0.00118487 0.0012427 0.00129015 0.00136396 0.00141787 0.00149583 0.00157731 0.00167515 0.00179108 0.00193317 0.00213116 0.00237222 0.00271578 0.00315276 0.00375983 0.00453419 0.00556084 0.00685264 0.0084988 0.0105296 0.0130097 0.0159675 0.0194315 0.0233894 0.0277598 0.0324497 0.0372943 0.0421327 0.0466961 0.0507696 0.0540776 0.0564351 0.057597 0.0574741 0.0560035 0.0532993 0.0494237 0.0445428 0.038783 0.0324119 0.0256195 0.0186166 0.011451 0.00421149 -0.0030876 -0.0103385 -0.0175246 -0.0245626 -0.0314245 -0.0379262 -0.0438925 -0.0490517 -0.0532619 -0.0563457 -0.0582326 -0.0587916 -0.0580549 -0.0560784 -0.0530873 -0.0492565 -0.0448586 -0.0401035 -0.0352699 -0.0305297 -0.0260674 -0.0219817 -0.0183733 -0.0152624 -0.01264 -0.0104745 -0.00871023 -0.0073122 -0.00619946 -0.00535221 -0.00468588 -0.00420041 -0.0038194 -0.00355242 -0.00333099 -0.00317444 -0.00304481 -0.00294256 -0.00285087 -0.00276966 -0.00271076 -0.00263516 -0.00258227 -0.00252034 -0.00247882 -0.00241468 -0.0023742 -0.00233168 -0.00228199 -0.00224352 -0.00220309 -0.00217357 -0.00212309 -0.00210547 -0.00206889 -0.00203505 -0.00201303 -0.00198784 -0.00196352 -0.00192936 -0.00192068 -0.0018899 -0.00187425 -0.00185166 -0.00181396 -0.00181154 -0.00180078 -0.00177208 -0.00173605 -0.00173904 -0.00173631 -0.00171027 -0.00170348 -0.00168148 -0.00167294 -0.00166624 -0.0016531 -0.00164955 -0.00162554 -0.00161012 -0.00160777 -0.00159916 -0.0015935 -0.00159475 -0.00158501 -0.00156842 -0.00157121 -0.00155983 -0.00155009 -0.00155743 -0.00154247 -0.00154184 -0.00154173 -0.0015268 -0.00153501 -0.00153023 -0.00152648 -0.00153362 -0.00152176 -0.0015243 
0 5.65835e-06 3.29457e-05 3.15989e-05 5.13551e-05 7.36518e-05 7.27971e-05 9.96025e-05 0.000108272 0.000109047 0.000134976 0.000140426 0.000154325 0.000181664 0.000190261 0.000207178 0.000225077 0.000227317 0.000241321 0.00026108 0.000272109 0.000296775 0.0003133 0.000323078 0.00034845 0.000358335 0.000383042 0.00040954 0.000411607 0.000433141 0.000452141 0.000469944 0.000493053 0.000519097 0.00053632 0.000552239 0.00059753 0.000610585 0.000633928 0.000671694 0.000686402 0.000718794 0.00074703 0.000778797 0.000797114 0.000840056 0.000876228 0.000894855 0.000949164 0.000983409 0.00102372 0.00106262 0.00112204 0.00116161 0.00120402 0.00127404 0.00131904 0.00137772 0.00143544 0.00151816 0.0015735 0.001656 0.00175582 0.00186163 0.00198861 0.00215387 0.00238824 0.00266086 0.00305129 0.00356201 0.00425643 0.00513105 0.00628614 0.00775188 0.00959332 0.011853 0.0146017 0.0178807 0.0216794 0.0259856 0.0307092 0.0357585 0.0409313 0.0460626 0.0508861 0.0551919 0.0586801 0.061151 0.0623667 0.0622484 0.0607314 0.0579101 0.0538443 0.0486936 0.0425856 0.0357635 0.0284149 0.0207476 0.0128424 0.00480634 -0.00330791 -0.0113778 -0.0193488 -0.0271173 -0.0346143 -0.0416486 -0.0480379 -0.0535327 -0.0579896 -0.0612373 -0.0632035 -0.063779 -0.0630027 -0.0609251 -0.0577608 -0.0536982 -0.0490366 -0.043989 -0.0388291 -0.0337286 -0.0289079 -0.0244707 -0.0205243 -0.0170847 -0.0141818 -0.0117781 -0.00981298 -0.00823279 -0.00698255 -0.00602866 -0.00527251 -0.00470657 -0.004272 -0.00396902 -0.00370858 -0.00352186 -0.00337511 -0.00326191 -0.00314762 -0.00305586 -0.00299148 -0.00290635 -0.00283965 -0.00277522 -0.00273127 -0.00265623 -0.002613 -0.00257118 -0.00251733 -0.00247297 -0.00243565 -0.00240393 -0.00234673 -0.00232846 -0.00229038 -0.00224922 -0.00222191 -0.00219206 -0.00216081 -0.00212522 -0.0021137 -0.00207143 -0.00205181 -0.00204342 -0.00200817 -0.00199096 -0.00197467 -0.00196006 -0.00193798 -0.00192694 -0.00190524 -0.00187719 -0.00187708 -0.00185625 -0.00184142 -0.00183105 -0.00180787 -0.00180595 -0.00179796 -0.00178646 -0.00178479 -0.00176937 -0.001752 -0.00174912 -0.00173795 -0.00172677 -0.0017312 -0.00171853 -0.00171125 -0.00171367 -0.00169711 -0.00170016 -0.00170153 -0.0016885 -0.00169338 -0.00168361 -0.00167596 -0.00168065 -0.00167307 -0.00168024 
0 1.65317e-05 2.66467e-05 4.33603e-05 5.9843e-05 6.63072e-05 8.74926e-05 0.000102257 0.000108588 0.000138835 0.000146553 0.000154325 0.000184876 0.000181584 0.000200272 0.000231742 0.000228875 0.000255659 0.000279392 0.000283649 0.000304691 0.000325941 0.000343653 0.000348962 0.000378047 0.000401348 0.000399129 0.000441841 0.000462623 0.000469592 0.000499528 0.000518235 0.000556546 0.000566947 0.000580508 0.000619824 0.000643718 0.000668893 0.00068377 0.000728947 0.000754098 0.000776148 0.000826303 0.000844759 0.000886295 0.00092349 0.000963187 0.0009948 0.00103752 0.00109245 0.00111398 0.00117542 0.00122267 0.00127095 0.00131865 0.00138578 0.00144916 0.00149393 0.00158284 0.00165238 0.00173388 0.00181372 0.00193917 0.00205632 0.00219793 0.00240205 0.00265817 0.00298926 0.00341401 0.00402452 0.00478875 0.00579211 0.00706846 0.00872548 0.0107585 0.0132586 0.0162805 0.0198724 0.0240043 0.0286329 0.0337036 0.0390652 0.0445483 0.0499117 0.0549747 0.0594468 0.0630953 0.0656237 0.066897 0.0667602 0.0652283 0.0622859 0.0580713 0.0526623 0.0462628 0.0390121 0.0311571 0.0228317 0.0142198 0.00538807 -0.00350843 -0.0123981 -0.0211256 -0.0296256 -0.0377184 -0.0452712 -0.0520339 -0.0578568 -0.0625237 -0.0659419 -0.0679582 -0.0685707 -0.0677461 -0.0656171 -0.0622945 -0.0580622 -0.0531526 -0.0478694 -0.0423955 -0.0369814 -0.0318031 -0.027039 -0.022749 -0.0189904 -0.0157959 -0.0131425 -0.0109715 -0.00919366 -0.00780752 -0.00671844 -0.00588605 -0.00521542 -0.00474208 -0.00437516 -0.00409695 -0.00386569 -0.00370965 -0.00358063 -0.00345006 -0.00335689 -0.003272 -0.00320043 -0.00310435 -0.00305552 -0.00298798 -0.00292162 -0.00286245 -0.00281549 -0.00276353 -0.00269763 -0.00267202 -0.00261512 -0.00257294 -0.00253304 -0.00249986 -0.00245925 -0.00242025 -0.00240403 -0.00235319 -0.00233628 -0.00231216 -0.00227498 -0.00224923 -0.00222692 -0.0022156 -0.00217176 -0.00215243 -0.00213663 -0.00211792 -0.00210372 -0.00206242 -0.00206491 -0.00205501 -0.00202151 -0.00201929 -0.00200613 -0.00198814 -0.00196985 -0.00196782 -0.0019548 -0.00192602 -0.00193625 -0.00191977 -0.0018998 -0.00191324 -0.00189268 -0.00188289 -0.00188505 -0.00186972 -0.00186921 -0.00186204 -0.00185473 -0.00185098 -0.00184252 -0.00184637 -0.00184032 -0.00183931 -0.00184428 -0.00183164 -0.00183415 
0 1.19e-05 3.63631e-05 4.55195e-05 5.94453e-05 8.44912e-05 8.81375e-05 0.000107059 0.000131751 0.000131783 0.000161692 0.000181664 0.000181584 0.000217612 0.000224585 0.000228492 0.000263775 0.000274109 0.000294348 0.000318472 0.000334704 0.000348109 0.000360158 0.000399995 0.000409834 0.00042585 0.000463168 0.000462915 0.000486725 0.000521496 0.000555436 0.00056848 0.000571585 0.000623269 0.000651036 0.000672622 0.000693964 0.000720756 0.000766081 0.000786041 0.000821274 0.000849793 0.000891195 0.000927541 0.000956852 0.00100849 0.00103954 0.00108702 0.00112988 0.00118039 0.00122369 0.00127477 0.00133814 0.00138125 0.00144708 0.00150995 0.00157916 0.00163856 0.00172344 0.00180881 0.00188762 0.0019925 0.00211518 0.00225704 0.0024151 0.00265032 0.00294089 0.00331588 0.00381098 0.00449167 0.00536375 0.00647713 0.00791654 0.00974354 0.0119993 0.0147365 0.0180491 0.0219452 0.0264023 0.031351 0.0367381 0.0423979 0.0481367 0.0537215 0.0589581 0.0635797 0.0673148 0.0698994 0.0711796 0.0710493 0.0694718 0.0664502 0.0620728 0.0564616 0.049771 0.042157 0.0338006 0.0248788 0.0155612 0.00599199 -0.00368681 -0.0133399 -0.0228261 -0.0320006 -0.0406886 -0.0487006 -0.055841 -0.0619405 -0.0668345 -0.0703849 -0.0724842 -0.0731098 -0.072286 -0.0701027 -0.0666943 -0.0623078 -0.0572188 -0.0517076 -0.0459775 -0.0402617 -0.0347648 -0.0296732 -0.0250551 -0.0209844 -0.0174921 -0.0145894 -0.0121884 -0.0102327 -0.00867637 -0.00746983 -0.00652305 -0.00578019 -0.00522952 -0.00481636 -0.00449695 -0.00423612 -0.00405652 -0.00390183 -0.00376993 -0.0036515 -0.00356595 -0.00347444 -0.0033852 -0.00331633 -0.0032456 -0.0031787 -0.00310748 -0.00306141 -0.00299545 -0.00294356 -0.00289399 -0.00284627 -0.00279962 -0.00275248 -0.00272091 -0.00266853 -0.00264011 -0.00260245 -0.0025685 -0.00253309 -0.00249763 -0.00248267 -0.00244483 -0.00241637 -0.00237944 -0.00237039 -0.00235873 -0.00230958 -0.00228792 -0.00227452 -0.00227315 -0.0022399 -0.0022103 -0.00221251 -0.00218153 -0.00217134 -0.00216556 -0.00214597 -0.00212606 -0.00210826 -0.00211217 -0.00208871 -0.0020828 -0.00208797 -0.00205386 -0.00205669 -0.00205391 -0.00202943 -0.00203673 -0.00202743 -0.00201623 -0.00201811 -0.0020081 -0.00200467 -0.00200163 -0.00199778 -0.00199631 -0.00199209 -0.00199249 -0.00198922 
0 2.1189e-05 2.72292e-05 5.50781e-05 6.57464e-05 8.0779e-05 0.00010839 0.000114426 0.000139205 0.000154951 0.000162508 0.000190261 0.000200272 0.000224585 0.000249882 0.000261898 0.000289475 0.000297104 0.000311552 0.000334455 0.000352071 0.000383587 0.000403242 0.000425031 0.000439527 0.000463735 0.00049591 0.00051062 0.00054998 0.000558088 0.000567897 0.000615864 0.000642316 0.00066979 0.000687514 0.000722651 0.000760486 0.000791493 0.000826733 0.00084674 0.000896308 0.000927882 0.000960355 0.00100276 0.00103967 0.00108589 0.00112221 0.00117856 0.00121923 0.00127328 0.00132865 0.00138233 0.00144504 0.00150128 0.00157438 0.00163557 0.00171365 0.00178528 0.00187242 0.0019607 0.00205615 0.00217181 0.00230133 0.00246193 0.00264905 0.00291143 0.00323649 0.00366911 0.00423414 0.00499629 0.00597104 0.0072209 0.00881974 0.0108329 0.0133092 0.0163061 0.0199044 0.024103 0.0288734 0.0341338 0.0398162 0.0457387 0.0517037 0.0574713 0.0628492 0.0675637 0.0713497 0.0739477 0.0752241 0.0750735 0.0734535 0.070344 0.0658282 0.0600219 0.0530751 0.0451159 0.036307 0.0268198 0.0168517 0.00657608 -0.00383238 -0.0142192 -0.0244108 -0.0342299 -0.0434648 -0.0519192 -0.0594054 -0.0657783 -0.0708777 -0.0745711 -0.0767526 -0.0774204 -0.0766081 -0.0744114 -0.0709499 -0.066467 -0.0612311 -0.0555308 -0.0495698 -0.0435893 -0.0377941 -0.0323856 -0.0274474 -0.0230686 -0.0192835 -0.0161117 -0.0134793 -0.0113301 -0.00960815 -0.00825721 -0.00719986 -0.00637131 -0.00574739 -0.00527023 -0.00491114 -0.0046211 -0.00441008 -0.00423097 -0.00408958 -0.00395994 -0.00385492 -0.00375666 -0.00366532 -0.00358485 -0.00350245 -0.00343756 -0.0033618 -0.00330308 -0.00323742 -0.00318643 -0.00312709 -0.0030749 -0.00303228 -0.00297682 -0.00293778 -0.00289077 -0.00285472 -0.00280424 -0.00277406 -0.00274205 -0.00269446 -0.00266841 -0.00263308 -0.00261444 -0.00258281 -0.00255061 -0.00252204 -0.00250758 -0.00250192 -0.00245203 -0.00243317 -0.00241929 -0.00239444 -0.00238592 -0.00235957 -0.00234006 -0.00231895 -0.00231059 -0.00230321 -0.0022878 -0.0022833 -0.00225653 -0.0022472 -0.00223905 -0.00221931 -0.00222372 -0.0022073 -0.00219975 -0.00219696 -0.00217686 -0.00218302 -0.00217485 -0.00216742 -0.00217406 -0.00215596 -0.00215541 -0.00215213 -0.00213919 -0.00215104 -0.00214581 
0 2.88236e-05 1.89933e-05 6.28454e-05 7.58802e-05 7.72295e-05 0.000124054 0.000120905 0.000138632 0.000179921 0.000174304 0.000207178 0.000231742 0.000228492 0.000261898 0.00027725 0.000295337 0.000327303 0.000345381 0.000374691 0.000387067 0.00040402 0.000435333 0.000444999 0.000474733 0.000509612 0.000518627 0.00054329 0.000582955 0.000608662 0.000630055 0.000667792 0.000696125 0.000711531 0.000752951 0.000784546 0.000806434 0.000849653 0.000877157 0.000913269 0.00096031 0.000996667 0.00103452 0.0010808 0.00113479 0.0011668 0.00122156 0.00127777 0.00131749 0.00137657 0.00143382 0.00149481 0.00154555 0.00162334 0.00169114 0.00175642 0.00184255 0.00192571 0.00201887 0.00210757 0.00223227 0.00235062 0.00249892 0.00267651 0.00290432 0.00319085 0.00355815 0.00405716 0.00469554 0.00554652 0.0066268 0.0080318 0.00978941 0.0120014 0.0147002 0.0179737 0.0218505 0.0263491 0.0314193 0.0369827 0.0429334 0.0490863 0.0552449 0.0611622 0.0666423 0.0713978 0.0751931 0.0777672 0.0790179 0.0788175 0.0771428 0.073935 0.069294 0.0632985 0.0561177 0.0478321 0.038617 0.0286097 0.0180544 0.00712228 -0.00395435 -0.0150261 -0.0258598 -0.0362757 -0.0460071 -0.054882 -0.0626924 -0.0693354 -0.074629 -0.0784767 -0.0807537 -0.0814969 -0.0807199 -0.0785473 -0.0750718 -0.0705453 -0.0652023 -0.0593461 -0.0531822 -0.0469672 -0.0408987 -0.0351817 -0.029932 -0.0252453 -0.0211729 -0.0177141 -0.0148443 -0.0124853 -0.0105973 -0.00908134 -0.00790899 -0.00698396 -0.00628624 -0.00573534 -0.0053315 -0.00501492 -0.00476725 -0.0045679 -0.00440914 -0.00428108 -0.00414858 -0.00405138 -0.00395373 -0.00386833 -0.00377265 -0.00370512 -0.0036318 -0.00355027 -0.00349038 -0.00342722 -0.00336572 -0.00329822 -0.00325849 -0.00319864 -0.00314276 -0.00310852 -0.00306059 -0.00301546 -0.00297665 -0.00294848 -0.00290391 -0.00287269 -0.00284449 -0.00279952 -0.00278123 -0.00275202 -0.00270948 -0.0026882 -0.00266667 -0.00263339 -0.00261165 -0.00260396 -0.00257291 -0.00254506 -0.00254432 -0.00252276 -0.00250265 -0.00249223 -0.00246525 -0.00245124 -0.00243373 -0.00242274 -0.00242074 -0.00239571 -0.00239679 -0.00238678 -0.00235863 -0.00237346 -0.00235844 -0.0023411 -0.00235337 -0.00232576 -0.00231918 -0.00232646 -0.00230709 -0.00231933 -0.00232099 -0.0023073 -0.0023165 -0.00230163 
0 1.43914e-05 4.81421e-05 5.71727e-05 7.30088e-05 0.000105387 0.000110541 0.000132986 0.000165345 0.00016762 0.000196164 0.000225077 0.000228875 0.000263775 0.000289475 0.000295337 0.000324102 0.000347241 0.000360317 0.000387288 0.000420871 0.000434967 0.000456001 0.000498646 0.00051134 0.000534646 0.000575251 0.000589228 0.000614408 0.000642056 0.000681955 0.000715636 0.00072112 0.000767418 0.000816951 0.000841429 0.000868263 0.000911657 0.000958697 0.000982642 0.00103263 0.00107129 0.00110493 0.00116455 0.00120369 0.00125027 0.00130313 0.00136663 0.00141249 0.00147083 0.00155002 0.00159927 0.00167146 0.00174796 0.00182731 0.00189368 0.00198566 0.00208622 0.00216664 0.00227959 0.00240204 0.00254499 0.00268988 0.00290254 0.00315698 0.00347338 0.00389203 0.00445203 0.00518445 0.00611097 0.00733363 0.00887829 0.0108314 0.0132281 0.0161868 0.0197262 0.0238999 0.0286835 0.0340554 0.0399066 0.0461008 0.0524615 0.0587748 0.0648239 0.0703482 0.0751173 0.0788575 0.0813962 0.0825638 0.0823068 0.0805248 0.077234 0.0724404 0.0662885 0.0588557 0.0502942 0.0406873 0.0302466 0.0191452 0.00765393 -0.00404863 -0.0157078 -0.0271401 -0.03806 -0.0482648 -0.0575026 -0.0656516 -0.0725322 -0.0780481 -0.0820343 -0.0844607 -0.0852888 -0.0846104 -0.0824752 -0.0790534 -0.0745111 -0.0691256 -0.0631321 -0.0568088 -0.0503786 -0.0440687 -0.0380579 -0.0325027 -0.0275213 -0.0231519 -0.0194189 -0.0162821 -0.0137281 -0.0116421 -0.00998165 -0.00865849 -0.00765428 -0.00685785 -0.00624569 -0.0057791 -0.00543338 -0.00515165 -0.00491623 -0.00475014 -0.00459644 -0.0044616 -0.00433319 -0.00424625 -0.00413794 -0.00403955 -0.00396265 -0.00388477 -0.00380282 -0.00372603 -0.00367765 -0.00359795 -0.00353897 -0.0034897 -0.0034328 -0.00337503 -0.00332703 -0.00328906 -0.00322735 -0.00319443 -0.00314974 -0.00309948 -0.00307525 -0.00303772 -0.00299247 -0.00295419 -0.00294723 -0.0029141 -0.00286631 -0.00285088 -0.00282921 -0.00281111 -0.002775 -0.00274698 -0.00274239 -0.00270724 -0.00268547 -0.00267904 -0.0026543 -0.00263191 -0.00262555 -0.00261729 -0.00258956 -0.00258438 -0.00257688 -0.00254651 -0.00255158 -0.00254133 -0.0025138 -0.00252151 -0.00250769 -0.00249288 -0.00250394 -0.002491 -0.00248323 -0.00248627 -0.00246936 -0.00246483 -0.0024674 -0.00245858 -0.00246499 
0 2.21118e-05 3.93294e-05 6.20486e-05 8.41462e-05 0.00010134 0.000126147 0.000148328 0.000165212 0.000191764 0.000210809 0.000227317 0.000255659 0.000274109 0.000297104 0.000327303 0.000347241 0.000371172 0.00039306 0.000414889 0.000437294 0.000466411 0.000503378 0.000517224 0.000543735 0.000577903 0.00059629 0.000634704 0.000672317 0.000698254 0.000711531 0.000748091 0.00080449 0.000827034 0.000855387 0.000886719 0.000935752 0.000983445 0.00100745 0.00105419 0.00109946 0.0011499 0.00118808 0.00124133 0.0012964 0.00133673 0.00140561 0.00145668 0.00151624 0.00157722 0.00165232 0.00171495 0.00178129 0.00187558 0.00194467 0.00203152 0.00212322 0.0022342 0.00232387 0.00244488 0.00258953 0.0027338 0.00291152 0.00313822 0.00343779 0.00378065 0.004263 0.00488955 0.00570898 0.0067382 0.00809052 0.00980471 0.011933 0.0145539 0.0177534 0.0215857 0.0260319 0.0311158 0.0367641 0.0428948 0.0493009 0.0558442 0.0622844 0.068423 0.0739585 0.0786832 0.0823423 0.0847885 0.0858536 0.0854783 0.0835802 0.0801625 0.0752342 0.0688987 0.0612481 0.0524061 0.0424796 0.0316433 0.0201018 0.00810672 -0.00410922 -0.0162985 -0.0282187 -0.0395963 -0.0501909 -0.0597864 -0.0682336 -0.0753773 -0.0810967 -0.085266 -0.0878504 -0.0888303 -0.088274 -0.0862413 -0.0829005 -0.0784054 -0.07301 -0.0669272 -0.0604685 -0.0538498 -0.0473228 -0.0410292 -0.0351874 -0.0298956 -0.0252455 -0.021211 -0.0178216 -0.0150289 -0.0127602 -0.0109199 -0.00946013 -0.00834081 -0.00745545 -0.00676953 -0.00623674 -0.00585772 -0.00553172 -0.00528125 -0.00508009 -0.00492657 -0.004769 -0.00463766 -0.0045367 -0.00442415 -0.00432375 -0.00422926 -0.00415822 -0.00405904 -0.00398846 -0.00391924 -0.00384661 -0.00377804 -0.0037168 -0.00366416 -0.00359344 -0.00355272 -0.00349504 -0.00344366 -0.00340125 -0.00335989 -0.00331573 -0.00326248 -0.00324025 -0.00320481 -0.00316785 -0.0031215 -0.00308858 -0.00308308 -0.00304523 -0.00300359 -0.00297342 -0.00296218 -0.00294004 -0.00290685 -0.00289466 -0.00286458 -0.00284139 -0.0028325 -0.0028171 -0.00279919 -0.00277631 -0.00276611 -0.0027479 -0.0027305 -0.002728 -0.00271025 -0.00270001 -0.00269504 -0.00267798 -0.00267225 -0.00266644 -0.0026548 -0.00265163 -0.00264578 -0.00263753 -0.00263559 -0.00263092 -0.00262615 -0.00262647 -0.00262334 
