0 0 0 0 0 0 0 0 0 0 0 0 0 0 0 0 0 0 0 0 0 0 0 0 0 0 0 0 0 0 0 0 0 0 0 0 0 0 0 0 0 0 0 0 0 0 0 0 0 0 0 0 0 0 0 0 0 0 0 0 0 0 0 0 0 0 0 0 0 0 0 0 0 0 0 0 0 0 0 0 0 0 0 0 0 0 0 0 0 0 0 0 0 0 0 0 0 0 0 0 0 0 0 0 0 0 0 0 0 0 0 0 0 0 0 0 0 0 0 0 0 0 0 0 0 0 0 0 0 0 0 0 0 0 0 0 0 0 0 0 0 0 0 0 0 0 0 0 0 0 0 0 0 0 0 0 0 0 0 0 0 0 0 0 0 0 0 0 0 0 0 0 0 0 0 0 0 0 0 0 0 0 0 0 0 0 0 0 0 0 0 0 0 0 0 0 0 0 0 0 
0 2.5394e-06 -3.90927e-06 -4.74043e-07 -8.67608e-08 -2.75471e-06 4.71706e-06 1.99955e-06 2.64075e-06 7.24979e-06 -3.55115e-08 4.03364e-06 4.25568e-06 1.59794e-06 1.15886e-05 1.4856e-05 2.38906e-05 4.26995e-05 6.08979e-05 9.16612e-05 0.000142674 0.000201608 0.000290055 0.000410684 0.000545282 0.000734254 0.000951466 0.00120686 0.00152327 0.00186275 0.00224748 0.00264194 0.0030286 0.00337331 0.00364272 0.00381817 0.00384358 0.00373569 0.00345587 0.00300906 0.00241272 0.00169419 0.000886494 4.4047e-05 -0.000744886 -0.00148436 -0.00208245 -0.0025278 -0.00282068 -0.00295115 -0.00292542 -0.00277703 -0.00256 -0.0022701 -0.00197586 -0.0016756 -0.00141758 -0.00117727 -0.000966517 -0.000803301 -0.000685912 -0.000587229 -0.000490202 -0.00043329 -0.000377569 -0.000346702 -0.000304362 -0.000272166 -0.000234805 -0.000226185 -0.000200855 -0.000173927 -0.00015328 -0.000140025 -0.000125084 -0.000107002 -9.25199e-05 -7.07001e-05 -7.01907e-05 -5.41552e-05 -3.89962e-05 -1.96094e-05 -2.70437e-05 -6.55881e-06 4.9169e-06 1.76127e-05 1.23932e-05 3.39468e-05 3.85223e-05 4.87566e-05 4.8108e-05 6.52336e-05 6.58662e-05 7.68541e-05 7.73479e-05 8.9524e-05 8.99512e-05 0.000100897 0.000100088 0.00011013 0.000110648 0.000120297 0.000118719 0.000128248 0.000126989 0.000136796 0.000135231 0.000143075 0.000139959 0.000153143 0.000149479 0.000154451 0.000153168 0.00017019 0.000160622 0.000165686 0.000169999 0.000185912 0.000171829 0.000182296 0.000189771 0.000200515 0.00019221 0.000205896 0.000211413 0.000222889 0.000228965 0.000235341 0.00024467 0.000264579 0.000282371 0.000283796 0.000309152 0.000332883 0.00036722 0.000390054 0.000434115 0.000473742 0.000558201 0.000646236 0.000747365 0.000878158 0.00106726 0.00129426 0.00153749 0.00180894 0.00208806 0.00238705 0.00262101 0.00278829 0.00284529 0.0027662 0.00252058 0.0021345 0.00159542 0.000899848 0.000136529 -0.000684988 -0.00148629 -0.00222141 -0.00283587 -0.0033202 -0.00364588 -0.00379952 -0.00381348 -0.00367702 -0.0034392 -0.00311387 -0.00275318 -0.00236878 -0.00198873 -0.00165102 -0.00132619 -0.00106164 -0.000836781 -0.000642521 -0.000499495 -0.000379278 -0.000284987 -0.000218956 -0.00016919 -0.000129442 -0.000112501 -9.59987e-05 -8.39107e-05 -8.68284e-05 -7.45838e-05 -7.47553e-05 -7.48991e-05 -6.45112e-05 -7.15704e-05 -6.72199e-05 -6.59591e-05 -7.39621e-05 -6.77421e-05 -7.2417e-05 -7.38656e-05 -6.68982e-05 -7.35017e-05 -6.90993e-05 
0 -3.90927e-06 1.20553e-05 -3.9944e-06 8.97979e-06 4.6585e-06 -5.18929e-06 7.68386e-06 -6.93093e-06 3.16054e-06 5.15757e-06 3.68598e-06 1.63098e-05 1.2536e-05 2.61593e-05 3.02735e-05 5.11619e-05 8.05714e-05 0.000118108 0.000197168 0.000275702 0.000412711 0.000585702 0.000798908 0.00110423 0.00145791 0.00190355 0.0024403 0.0030507 0.00373885 0.00449795 0.0052759 0.00603183 0.00674088 0.00727049 0.00760584 0.00768561 0.00743005 0.00687662 0.00600064 0.00481766 0.003387 0.0017932 0.000120749 -0.00149345 -0.00292809 -0.00411814 -0.00501336 -0.00560297 -0.00586184 -0.00583633 -0.00556219 -0.00508236 -0.00452195 -0.00396085 -0.00338814 -0.00282545 -0.00234299 -0.00194297 -0.00162411 -0.00137322 -0.00115615 -0.000982923 -0.000855631 -0.000753995 -0.00066884 -0.000599965 -0.000521686 -0.000459121 -0.000426124 -0.000382052 -0.00032538 -0.000284079 -0.000257554 -0.000222616 -0.000193736 -0.000154798 -0.000124185 -0.00010762 -8.98815e-05 -4.59358e-05 -2.41907e-05 -1.93417e-05 3.76508e-06 4.10439e-05 5.1207e-05 5.83205e-05 8.43951e-05 0.000107225 0.000115222 0.000127207 0.000148006 0.000161014 0.000172605 0.000183719 0.000198032 0.000208333 0.000221326 0.000228385 0.000239991 0.000249341 0.000260322 0.000265624 0.000276005 0.000282629 0.000292773 0.000299113 0.000305003 0.00031012 0.000323853 0.000328839 0.000327297 0.000338186 0.000355833 0.000353462 0.00034952 0.000372593 0.000386484 0.000378185 0.000382515 0.000411813 0.000417735 0.000418051 0.000430751 0.00045354 0.000466304 0.000485202 0.000493716 0.000515058 0.000553119 0.000582021 0.000594348 0.000634791 0.000693289 0.000741499 0.000801088 0.00087857 0.000980004 0.00111847 0.00129503 0.00150766 0.00179339 0.00214696 0.00256766 0.00308515 0.00364762 0.00419841 0.00473962 0.00523591 0.00557208 0.00568003 0.00551349 0.00503294 0.00424192 0.00314606 0.00180732 0.000271103 -0.00136787 -0.00296903 -0.00442825 -0.00567559 -0.00662653 -0.00725061 -0.00759239 -0.00760068 -0.0073418 -0.00687913 -0.00622606 -0.00549061 -0.00472657 -0.00397516 -0.00327589 -0.00266834 -0.00212511 -0.0016687 -0.00130582 -0.000987388 -0.000760554 -0.000576688 -0.000438198 -0.000348364 -0.000271217 -0.000229395 -0.000187795 -0.000171108 -0.000153884 -0.000142313 -0.000151135 -0.000135064 -0.000150047 -0.000145612 -0.000137521 -0.000153215 -0.000130618 -0.000142056 -0.000139927 -0.000127409 -0.000148075 -0.000130472 -0.000141324 
0 -4.74043e-07 -3.9944e-06 -1.0451e-06 1.23645e-06 -1.7843e-06 7.60711e-06 7.06346e-06 5.98427e-06 1.41759e-05 4.70323e-06 9.88777e-06 1.41653e-05 1.22093e-05 3.34613e-05 4.78286e-05 7.58013e-05 0.000127391 0.000187674 0.000285321 0.000430755 0.000617931 0.000882453 0.00123253 0.00165611 0.00220956 0.00286674 0.00364552 0.00457522 0.00559984 0.00673538 0.00790428 0.00904554 0.0100679 0.0108657 0.0113699 0.0114578 0.011117 0.0102864 0.00896666 0.0072021 0.00507473 0.00269105 0.000209462 -0.00215422 -0.00432429 -0.00610812 -0.00744727 -0.00832738 -0.00872944 -0.00868188 -0.00827 -0.00761804 -0.00678424 -0.00591573 -0.005039 -0.00424684 -0.00352684 -0.00290397 -0.002411 -0.00203863 -0.00172784 -0.00145002 -0.00125996 -0.00109634 -0.000983623 -0.000862626 -0.000756981 -0.000655016 -0.000607091 -0.000533983 -0.000454579 -0.000390364 -0.000343872 -0.000295489 -0.000242669 -0.000192318 -0.000136148 -0.000117249 -7.42759e-05 -2.49229e-05 2.24157e-05 2.45193e-05 7.25251e-05 0.000112026 0.000144148 0.000148462 0.000196464 0.000219822 0.000245786 0.00025654 0.000294654 0.000307816 0.000334118 0.00034475 0.000372204 0.000382855 0.000407884 0.000414015 0.00043627 0.000445516 0.000466648 0.000469858 0.000489969 0.00049475 0.000514671 0.000517107 0.000532714 0.000533465 0.000558465 0.000556642 0.000565492 0.000569947 0.000601323 0.000588353 0.000596515 0.000612475 0.000641701 0.000620405 0.000639073 0.000662271 0.000683317 0.000673391 0.000700415 0.000721119 0.000747924 0.000766526 0.000784922 0.000814139 0.000865414 0.000910616 0.000929055 0.000993255 0.00106702 0.00115727 0.00123684 0.00135956 0.00149859 0.00173044 0.00199577 0.00231018 0.00271882 0.00327189 0.00393504 0.00467152 0.00548099 0.006312 0.00715612 0.00784888 0.00832517 0.0084724 0.00821208 0.00747807 0.00630472 0.00468182 0.00263981 0.000360403 -0.00206736 -0.00444342 -0.00661729 -0.00845102 -0.00988159 -0.0108421 -0.0113161 -0.0113508 -0.0109615 -0.0102585 -0.00930398 -0.00822581 -0.00708749 -0.00596577 -0.0049419 -0.00399521 -0.00319494 -0.00251752 -0.00194726 -0.00150349 -0.00114592 -0.000865866 -0.000663399 -0.00051353 -0.000400205 -0.000339066 -0.00028856 -0.000256836 -0.000249791 -0.000225642 -0.000223689 -0.000218606 -0.000204607 -0.000212521 -0.00020498 -0.00020539 -0.000213813 -0.000207331 -0.000213291 -0.000214875 -0.00020833 -0.000213268 -0.000208542 
0 -8.67608e-08 8.97979e-06 1.23645e-06 6.06892e-06 4.35456e-06 1.2871e-06 6.56968e-06 8.5284e-07 8.15831e-06 9.39158e-06 1.31734e-05 2.37349e-05 2.76385e-05 4.75027e-05 6.69504e-05 0.00010609 0.000167894 0.000254016 0.000393452 0.000577069 0.000839194 0.00118937 0.00164127 0.00222801 0.00295336 0.00383849 0.00489334 0.00611504 0.00748257 0.00897536 0.0105136 0.01201 0.0133645 0.0144148 0.0150639 0.0151926 0.0147163 0.0136167 0.0118836 0.00956379 0.00676136 0.0036321 0.000371167 -0.002777 -0.00561583 -0.00797619 -0.00976265 -0.0109413 -0.0114907 -0.0114659 -0.0109543 -0.0100803 -0.00900494 -0.00787425 -0.00673601 -0.00565381 -0.00469076 -0.00387331 -0.00321629 -0.00269477 -0.00226059 -0.00190174 -0.00163037 -0.00141332 -0.0012395 -0.00108327 -0.000932529 -0.000805595 -0.000718484 -0.000623454 -0.000517322 -0.000429811 -0.000360579 -0.000291993 -0.000222401 -0.000148888 -8.26308e-05 -4.01717e-05 1.18106e-05 8.1838e-05 0.000134246 0.000160877 0.000211485 0.000269967 0.000306159 0.000331618 0.000379333 0.000420569 0.00044953 0.00047687 0.000514702 0.000543644 0.000571341 0.000595258 0.000622789 0.000646375 0.000671473 0.000688832 0.000710433 0.000730441 0.000750479 0.000763352 0.000781315 0.000796174 0.000813109 0.000824163 0.000836386 0.000847463 0.000866465 0.000873679 0.000878473 0.000893058 0.000915663 0.000914045 0.000917147 0.000942219 0.000962873 0.000954976 0.000967167 0.000999345 0.00101597 0.00101755 0.00104007 0.00107114 0.00109927 0.00112451 0.00114824 0.00118718 0.00124756 0.00129855 0.00133686 0.0014104 0.00151053 0.00161538 0.00173277 0.0018887 0.00209243 0.00237617 0.00272971 0.00316536 0.00372805 0.00444392 0.00530289 0.006299 0.00737823 0.00847063 0.00953316 0.0104472 0.0110581 0.011228 0.0108575 0.00987763 0.00829425 0.006126 0.00345789 0.000434635 -0.0027651 -0.00590194 -0.00876961 -0.0112038 -0.0130835 -0.014343 -0.0149919 -0.0150322 -0.0145368 -0.0136166 -0.0123619 -0.010928 -0.00942452 -0.00794644 -0.00657334 -0.00534332 -0.00427128 -0.00336511 -0.00261896 -0.00200832 -0.00153632 -0.00116751 -0.000892941 -0.000697247 -0.000550082 -0.00045712 -0.000386042 -0.000343887 -0.000317525 -0.000296839 -0.000294557 -0.000284242 -0.000286623 -0.000285842 -0.000280574 -0.000286185 -0.000277396 -0.000280336 -0.000278596 -0.000273169 -0.000280999 -0.000274236 -0.000280156 
0 -2.75471e-06 4.6585e-06 -1.7843e-06 4.35456e-06 7.77666e-06 3.46459e-06 1.0272e-05 7.66659e-06 9.88104e-06 1.48177e-05 1.5865e-05 2.56761e-05 3.66169e-05 5.65181e-05 8.78116e-05 0.000138833 0.00021548 0.000329704 0.00050251 0.000735938 0.00106814 0.00150909 0.00207731 0.00281553 0.00371904 0.00482398 0.00613981 0.00765382 0.00936012 0.0112047 0.0131083 0.0149536 0.0166103 0.0179033 0.0186886 0.018845 0.0182538 0.0168929 0.0147526 0.0118924 0.00844074 0.00459247 0.000593744 -0.00329052 -0.0067877 -0.00971945 -0.0119503 -0.0134251 -0.0141322 -0.0141338 -0.0135407 -0.0124945 -0.011197 -0.00979332 -0.00838975 -0.00704722 -0.00584798 -0.00482262 -0.00398581 -0.00331276 -0.00275858 -0.00230962 -0.00194974 -0.00167231 -0.00143881 -0.00123864 -0.00104588 -0.000889434 -0.000759208 -0.000636982 -0.000506359 -0.000391995 -0.000295403 -0.000204179 -0.000112957 -1.70842e-05 6.33109e-05 0.000132867 0.000201413 0.00028674 0.000350498 0.000405506 0.000463974 0.000535971 0.0005843 0.000632382 0.000682983 0.000739203 0.000777917 0.000821067 0.000861616 0.000904941 0.000938032 0.000974057 0.00100472 0.0010395 0.00106689 0.00109467 0.00111786 0.0011461 0.00116685 0.00118805 0.00120523 0.00122734 0.00124274 0.00125951 0.00127015 0.00128815 0.00130127 0.00131358 0.00131782 0.00133672 0.00134928 0.00135596 0.00135821 0.00138273 0.00139419 0.00139814 0.00140582 0.00143588 0.00144936 0.00146008 0.0014773 0.00151152 0.00154051 0.00156844 0.00159738 0.001644 0.00170704 0.00176345 0.00182225 0.00190477 0.00202376 0.00214994 0.00230303 0.00249292 0.00275962 0.00310673 0.00355133 0.00410422 0.00481538 0.00570682 0.00677478 0.00800228 0.00932244 0.0106713 0.0119528 0.0130466 0.0137541 0.013921 0.0134212 0.0121865 0.010199 0.00749656 0.004197 0.000454729 -0.00347907 -0.00734043 -0.0108708 -0.013875 -0.0161973 -0.0177627 -0.0185703 -0.0186253 -0.0180291 -0.0168961 -0.0153669 -0.013603 -0.0117517 -0.00993035 -0.00822095 -0.00669555 -0.00535667 -0.00422455 -0.00329369 -0.00253012 -0.00193624 -0.00147461 -0.00112682 -0.000875428 -0.000694956 -0.000571428 -0.000486985 -0.000436353 -0.00039889 -0.000379932 -0.000369375 -0.000356494 -0.000358749 -0.000351364 -0.000349471 -0.00035345 -0.000344683 -0.000351968 -0.000349929 -0.000346388 -0.000354661 -0.00034549 -0.000349208 
0 4.71706e-06 -5.18929e-06 7.60711e-06 1.2871e-06 3.46459e-06 1.08696e-05 4.97305e-06 1.64943e-05 1.39142e-05 1.6992e-05 2.40852e-05 2.82963e-05 4.71397e-05 6.74615e-05 0.000113889 0.000171555 0.000269385 0.000416058 0.000609838 0.000914682 0.00130394 0.00183694 0.00254255 0.00340841 0.0045112 0.00583382 0.00739673 0.00921296 0.0112431 0.0134276 0.0156803 0.0178678 0.0197907 0.0213177 0.0222356 0.02239 0.0217087 0.0200902 0.0175571 0.0141848 0.0101268 0.0055942 0.000895206 -0.00366017 -0.00780789 -0.0112905 -0.0139577 -0.0157292 -0.0166184 -0.0166597 -0.0159984 -0.0148371 -0.0133362 -0.0116693 -0.00999485 -0.00842438 -0.00698738 -0.00574355 -0.00471332 -0.00388256 -0.00320771 -0.00264851 -0.00219989 -0.00184462 -0.00155607 -0.00129261 -0.00106571 -0.000866121 -0.000694073 -0.000533446 -0.000380565 -0.000234568 -0.000105944 9.90697e-06 0.000130613 0.000243732 0.000348222 0.00044131 0.000539722 0.000629027 0.000717852 0.000794879 0.000874661 0.000948148 0.00102303 0.00108601 0.00115125 0.00121268 0.00127327 0.00132464 0.00137801 0.00142795 0.00147541 0.00151718 0.00155947 0.00159836 0.00163495 0.0016678 0.00169951 0.00172869 0.00175651 0.00178035 0.00180284 0.00182422 0.00184477 0.00185974 0.0018756 0.00189108 0.00190548 0.00191312 0.00192574 0.00193671 0.001947 0.00195089 0.00196303 0.00197137 0.00198233 0.00198711 0.00200031 0.00201162 0.00203037 0.00204046 0.0020587 0.0020837 0.0021169 0.00214143 0.00217635 0.00222682 0.00228544 0.00234907 0.00242244 0.0025185 0.00264055 0.00279896 0.00297781 0.00321071 0.00352586 0.00395073 0.00448472 0.00515657 0.00600661 0.00707932 0.00836662 0.00979537 0.0113363 0.0129232 0.014422 0.0156374 0.0164113 0.0165525 0.0159036 0.0143946 0.0120065 0.0087911 0.004853 0.000437378 -0.00419392 -0.00874392 -0.0129114 -0.0164486 -0.019203 -0.0210817 -0.0220216 -0.0221166 -0.0214278 -0.020092 -0.0183134 -0.0162422 -0.014055 -0.0118982 -0.00987974 -0.00804096 -0.00645267 -0.00510173 -0.00396678 -0.00307321 -0.00234339 -0.00178735 -0.00137314 -0.00105718 -0.000844767 -0.000690132 -0.000593341 -0.000524889 -0.000485882 -0.000460919 -0.000437049 -0.000437505 -0.000419902 -0.000421361 -0.000424447 -0.000412005 -0.000427599 -0.000416715 -0.000418393 -0.000426893 -0.000410856 -0.000425469 -0.000417096 
0 1.99955e-06 7.68386e-06 7.06346e-06 6.56968e-06 1.0272e-05 4.97305e-06 8.65422e-06 1.19849e-05 8.19317e-06 2.28843e-05 2.87022e-05 3.91193e-05 6.71031e-05 8.83851e-05 0.000138271 0.000216416 0.000322807 0.000499692 0.000748466 0.00108714 0.0015673 0.0021919 0.00299744 0.00404194 0.00531083 0.00686208 0.00870019 0.0107928 0.0131445 0.0156537 0.0182322 0.0207137 0.0229232 0.0246506 0.0256726 0.0258622 0.025042 0.023182 0.0202925 0.0164485 0.0118162 0.0066709 0.0013267 -0.00391075 -0.00862968 -0.0126362 -0.0157334 -0.0178153 -0.0188836 -0.019016 -0.0183438 -0.0170347 -0.0153638 -0.0134874 -0.0115941 -0.00973902 -0.0080629 -0.00662047 -0.00540528 -0.00438792 -0.0035586 -0.00290289 -0.00234697 -0.00191743 -0.00153647 -0.00122599 -0.000941875 -0.000709676 -0.000473104 -0.000279843 -9.27818e-05 8.43464e-05 0.000249117 0.0003996 0.000545454 0.000688748 0.000807244 0.000944273 0.00105725 0.00117214 0.00126839 0.00139116 0.00147376 0.00157207 0.00165424 0.00175455 0.00181749 0.00190451 0.00196977 0.00204843 0.00210052 0.00217319 0.00222084 0.00228389 0.00232596 0.00238156 0.00241531 0.00246629 0.00249541 0.00253626 0.00255955 0.00259832 0.00261387 0.00264532 0.00265802 0.00268454 0.00269039 0.00271609 0.00271585 0.00273447 0.00273613 0.00275515 0.00274342 0.00276268 0.00276191 0.0027727 0.00276018 0.00278498 0.00278058 0.00279048 0.00279197 0.00281775 0.0028188 0.0028439 0.00286648 0.00289375 0.00292753 0.00297782 0.00303155 0.00309027 0.0031868 0.00328131 0.00342014 0.00358061 0.00380422 0.00406972 0.00445671 0.0049237 0.00554993 0.00635862 0.0073738 0.00859364 0.0100482 0.0117163 0.0134831 0.0152671 0.0168899 0.0182396 0.0190487 0.0191234 0.0183028 0.0165153 0.0137042 0.0099625 0.00547273 0.000394108 -0.00490155 -0.0100985 -0.0148642 -0.0189321 -0.0220819 -0.0242304 -0.0253553 -0.0254657 -0.024712 -0.0232145 -0.0211887 -0.0188207 -0.0163213 -0.0138505 -0.011506 -0.00941169 -0.00755617 -0.00597733 -0.00467706 -0.00360364 -0.0027628 -0.00211639 -0.00161945 -0.00125981 -0.00100654 -0.000815355 -0.000696737 -0.000616391 -0.000554537 -0.000534862 -0.000511285 -0.000500604 -0.000505837 -0.000492383 -0.000495858 -0.000495758 -0.000485019 -0.000491926 -0.000486022 -0.000482712 -0.00049073 -0.000483627 -0.000489014 
0 2.64075e-06 -6.93093e-06 5.98427e-06 8.5284e-07 7.66659e-06 1.64943e-05 1.19849e-05 2.38665e-05 2.03009e-05 2.82647e-05 3.51986e-05 4.32121e-05 7.37011e-05 0.000102699 0.000171509 0.000260149 0.000396269 0.000606334 0.000882155 0.00129595 0.00183915 0.00256393 0.00351379 0.00469181 0.00616048 0.00792633 0.0100025 0.012386 0.0150434 0.0178714 0.0207659 0.0235493 0.0259824 0.0278967 0.0290251 0.0291992 0.0282951 0.0262088 0.0229713 0.0186765 0.013527 0.00780009 0.00186215 -0.00393657 -0.00923306 -0.0137464 -0.0172597 -0.0196426 -0.0209186 -0.0211323 -0.0204545 -0.019106 -0.0172909 -0.0151918 -0.0130447 -0.0109853 -0.00908409 -0.00741241 -0.00597648 -0.00478291 -0.00381252 -0.00302274 -0.00235981 -0.00182883 -0.00137646 -0.000987232 -0.000659032 -0.000366436 -8.20058e-05 0.000165007 0.000383423 0.000601618 0.00080473 0.000994596 0.00117677 0.00134448 0.00149694 0.00166561 0.00181583 0.00194235 0.00207283 0.00221994 0.00233444 0.00243958 0.00255492 0.00267087 0.00276023 0.00285355 0.00294633 0.00303378 0.00310871 0.00318589 0.00325357 0.00332189 0.00338299 0.0034389 0.00348701 0.0035409 0.00358386 0.00362043 0.0036548 0.00369267 0.00371701 0.00374061 0.00376158 0.00378178 0.00379374 0.0038081 0.0038122 0.00381997 0.00382759 0.00382987 0.00381837 0.00382574 0.00383026 0.00381767 0.00380361 0.00381831 0.003815 0.00379911 0.00379887 0.00381597 0.00381302 0.00381926 0.0038359 0.00385704 0.00388693 0.0039318 0.00397214 0.00403564 0.00413441 0.00424033 0.00437351 0.00456379 0.00480981 0.00512124 0.00555344 0.00610693 0.00682712 0.00775052 0.0089071 0.0103097 0.0119662 0.0137942 0.0157386 0.0177058 0.019484 0.0208676 0.021655 0.021632 0.02061 0.0185184 0.0153078 0.0110729 0.00598368 0.000310225 -0.00559599 -0.0113895 -0.0167075 -0.021249 -0.0247967 -0.027238 -0.0284958 -0.0286624 -0.0278418 -0.0261891 -0.0239643 -0.021344 -0.0185569 -0.015786 -0.0131574 -0.0107629 -0.00866692 -0.0068742 -0.00537337 -0.00417012 -0.00319268 -0.00244472 -0.00187678 -0.00144699 -0.00115597 -0.000938156 -0.000804085 -0.000711552 -0.000650092 -0.000619518 -0.000586153 -0.000579315 -0.000563811 -0.000558658 -0.000561693 -0.000551132 -0.000563425 -0.000557541 -0.000559491 -0.000567235 -0.000554807 -0.000564653 -0.000556491 
0 7.24979e-06 3.16054e-06 1.41759e-05 8.15831e-06 9.88104e-06 1.39142e-05 8.19317e-06 2.03009e-05 2.2041e-05 3.24347e-05 4.73723e-05 6.21277e-05 9.73859e-05 0.000135757 0.000209529 0.000315274 0.000473014 0.000715651 0.00104361 0.00151557 0.00214232 0.00296766 0.00404128 0.00537935 0.00703774 0.00902997 0.0113645 0.01403 0.0169774 0.0201042 0.0232817 0.0263217 0.0289827 0.0310551 0.0322717 0.0324417 0.0314257 0.0291254 0.0255801 0.0208926 0.0152797 0.00905046 0.00257575 -0.0037605 -0.00956816 -0.0145408 -0.0184498 -0.0211469 -0.02264 -0.0229888 -0.0223535 -0.0209578 -0.0190245 -0.0167693 -0.0144171 -0.0121198 -0.00998265 -0.00809249 -0.00644778 -0.00505157 -0.00390653 -0.00297367 -0.00219449 -0.00155059 -0.00100045 -0.00053102 -0.000140551 0.000214902 0.000559729 0.000862498 0.00112641 0.00138605 0.00163404 0.00186881 0.00208997 0.00228867 0.00247762 0.00268293 0.00286706 0.00301841 0.00317937 0.00335594 0.00349919 0.00362479 0.00376531 0.00390434 0.00401736 0.00412721 0.00423976 0.00434473 0.00443848 0.00452778 0.00460982 0.00469095 0.00476588 0.00482887 0.00488648 0.00494886 0.00500029 0.00503887 0.00507859 0.00512044 0.00514793 0.00516896 0.00519144 0.00521097 0.00522152 0.00522912 0.00523094 0.00523389 0.0052366 0.00522803 0.0052107 0.0052103 0.0052073 0.00518 0.00515719 0.00516258 0.00515002 0.00511658 0.00510523 0.00511302 0.00510048 0.00508852 0.00509247 0.00510579 0.00512807 0.00515918 0.00518755 0.00524672 0.00534614 0.00545451 0.00558659 0.00578772 0.00606207 0.00642033 0.00690016 0.00751864 0.00833287 0.0093905 0.0106946 0.012245 0.0140596 0.0160707 0.018189 0.0202777 0.0221291 0.0235308 0.024267 0.0241038 0.0228573 0.0204393 0.016813 0.0120941 0.00647703 0.000244189 -0.00623679 -0.012583 -0.0184197 -0.0234129 -0.0273228 -0.0300246 -0.0314478 -0.0316729 -0.0308162 -0.0290526 -0.0266356 -0.0237799 -0.0207263 -0.0176738 -0.0147699 -0.0121151 -0.00977804 -0.00777001 -0.00608775 -0.0047259 -0.00362761 -0.00278363 -0.00213986 -0.00165867 -0.00132082 -0.00107128 -0.000910067 -0.000797062 -0.000724993 -0.000685899 -0.000654386 -0.000647509 -0.000635756 -0.000633914 -0.000635789 -0.000626816 -0.000633308 -0.000625596 -0.000624498 -0.000628768 -0.000620899 -0.000630175 -0.000627582 
0 -3.55115e-08 5.15757e-06 4.70323e-06 9.39158e-06 1.48177e-05 1.6992e-05 2.28843e-05 2.82647e-05 3.24347e-05 4.12329e-05 5.78991e-05 7.76998e-05 0.00011603 0.000172041 0.000251678 0.000387773 0.000570615 0.000844095 0.0012381 0.00175716 0.00248098 0.00341601 0.00460942 0.00612686 0.00796446 0.0101792 0.0127676 0.0157019 0.0189325 0.0223498 0.0258003 0.0290672 0.0319415 0.0341387 0.0354215 0.0355934 0.0344641 0.0319773 0.0281506 0.0231115 0.0170805 0.0104148 0.00347956 -0.0033338 -0.00959232 -0.0149957 -0.0192798 -0.0222934 -0.0240002 -0.0245038 -0.0239525 -0.0225451 -0.020533 -0.0181417 -0.0156069 -0.0130801 -0.0107245 -0.00860611 -0.00674245 -0.00513331 -0.00380085 -0.00271303 -0.00179923 -0.00103317 -0.000370077 0.000180836 0.000653256 0.00107531 0.00148895 0.00185003 0.00217368 0.00247794 0.00277791 0.00306354 0.00332809 0.0035675 0.00379821 0.00404526 0.00426322 0.00445476 0.00464586 0.00485699 0.00502929 0.00518975 0.00535094 0.00552027 0.00565682 0.00579339 0.00592122 0.00605173 0.00616193 0.00627076 0.0063642 0.00646434 0.00654898 0.00662576 0.00668999 0.00676451 0.00682004 0.00686685 0.00690733 0.00695575 0.00698198 0.00700517 0.00702285 0.00704484 0.0070478 0.00705183 0.00704476 0.00704619 0.00703409 0.00701821 0.00698893 0.00698158 0.00695832 0.00692218 0.00688321 0.00687598 0.00684286 0.00679767 0.00676517 0.00675855 0.00672912 0.00669841 0.00668166 0.00668256 0.00669135 0.00670042 0.006718 0.0067655 0.00686095 0.00696268 0.00710202 0.00730537 0.00761106 0.00801039 0.00854608 0.00923248 0.0101454 0.0113295 0.0127787 0.0144801 0.0164324 0.0186033 0.0208534 0.023028 0.0249035 0.026282 0.026903 0.0265474 0.0250475 0.0222879 0.0182503 0.0130539 0.00694426 0.000184416 -0.00681439 -0.0136541 -0.0199561 -0.0253674 -0.0296212 -0.0325668 -0.0341715 -0.0344522 -0.0335792 -0.0317392 -0.0291608 -0.0261132 -0.0228294 -0.0195243 -0.0163538 -0.013459 -0.0108797 -0.00865959 -0.00681307 -0.00528045 -0.00407158 -0.00312486 -0.00239346 -0.00186361 -0.00147072 -0.00119582 -0.00101161 -0.000886866 -0.000806547 -0.000759844 -0.000731056 -0.000710721 -0.000706508 -0.000696471 -0.000694121 -0.000698294 -0.00069032 -0.000698864 -0.000697533 -0.000693761 -0.000703414 -0.00069384 -0.000698166 
0 4.03364e-06 3.68598e-06 9.88777e-06 1.31734e-05 1.5865e-05 2.40852e-05 2.87022e-05 3.51986e-05 4.73723e-05 5.78991e-05 7.64627e-05 0.000107255 0.000144797 0.000214461 0.000319884 0.000464271 0.000693234 0.0010077 0.0014417 0.00205534 0.00285137 0.00390219 0.00525257 0.00691499 0.0089652 0.0114018 0.0142285 0.0174353 0.0209386 0.0246241 0.0283183 0.0318192 0.0348437 0.0371579 0.0385072 0.0386356 0.0374292 0.0347755 0.0306992 0.025348 0.0189869 0.0119337 0.00459686 -0.00257978 -0.00926173 -0.0150519 -0.0196861 -0.0229957 -0.0249568 -0.0256233 -0.0251634 -0.0238206 -0.0217711 -0.0192667 -0.0165352 -0.013841 -0.0112717 -0.00891228 -0.00680197 -0.00498453 -0.00345967 -0.00218155 -0.0011227 -0.000206114 0.000559635 0.00122591 0.00177767 0.00229555 0.00276427 0.00320654 0.00358836 0.00395277 0.00430495 0.00464701 0.00496145 0.00524415 0.0055312 0.00580879 0.00607728 0.00630242 0.00654424 0.00677064 0.00699542 0.00717757 0.00738086 0.00756106 0.00774476 0.00789177 0.00805588 0.00819459 0.00834097 0.00845371 0.00857834 0.00868094 0.00879142 0.00886859 0.00895687 0.00902654 0.0091011 0.0091436 0.00919983 0.0092371 0.00927769 0.00928872 0.00931579 0.00932172 0.00933358 0.00931614 0.00931624 0.00929569 0.00928518 0.00924157 0.00921929 0.009181 0.00915307 0.00908851 0.0090521 0.00900594 0.00896625 0.00889381 0.00885226 0.00880965 0.00877128 0.00871247 0.00867591 0.00865675 0.00864527 0.0086323 0.00862874 0.00867362 0.00874166 0.0088477 0.00897552 0.00920316 0.0095176 0.00996773 0.0105396 0.0113217 0.0123332 0.0136233 0.0151985 0.017058 0.0191594 0.0214151 0.0237579 0.0259816 0.0278663 0.0291242 0.0295838 0.0290083 0.0272123 0.0240892 0.019653 0.0140178 0.00740064 0.000193795 -0.00726981 -0.0145643 -0.0212811 -0.0270626 -0.0316494 -0.0348509 -0.0365979 -0.0369881 -0.036115 -0.0342136 -0.0315329 -0.0283205 -0.0248344 -0.0212991 -0.0179028 -0.014751 -0.0119614 -0.00954663 -0.00750433 -0.00584806 -0.00450329 -0.00345164 -0.00265665 -0.00205161 -0.00161922 -0.00131843 -0.00110553 -0.00096885 -0.000884098 -0.000822576 -0.000791915 -0.000776099 -0.000759033 -0.000762253 -0.000759362 -0.000755525 -0.000766305 -0.000759205 -0.000763926 -0.000769393 -0.000760265 -0.000771014 -0.000766267 
0 4.25568e-06 1.63098e-05 1.41653e-05 2.37349e-05 2.56761e-05 2.82963e-05 3.91193e-05 4.32121e-05 6.21277e-05 7.76998e-05 0.000107255 0.000145529 0.000197264 0.000288312 0.000396102 0.000581131 0.000835581 0.00119005 0.00171076 0.00237791 0.00329061 0.00446446 0.00593784 0.00779626 0.0100333 0.0126998 0.0157882 0.0192565 0.0230163 0.0269563 0.0308756 0.0345424 0.0377413 0.040139 0.0415221 0.0416462 0.0403299 0.0375245 0.0332431 0.0276584 0.0210065 0.0136676 0.00601766 -0.00151674 -0.00852585 -0.0146425 -0.01959 -0.0232094 -0.025401 -0.0262858 -0.0259842 -0.0246819 -0.022617 -0.0200631 -0.017228 -0.0143189 -0.011529 -0.00893833 -0.00661562 -0.00455775 -0.0028029 -0.00133156 -0.000106277 0.000961038 0.00187093 0.00264142 0.00330957 0.0039093 0.00446472 0.0049747 0.00543987 0.00585922 0.0062789 0.00667505 0.0070445 0.00738191 0.00772267 0.0080423 0.00835043 0.00863274 0.00890934 0.00917258 0.00943001 0.00966198 0.00988553 0.0101026 0.0103099 0.0104952 0.0106734 0.0108458 0.0110043 0.0111471 0.0112823 0.0114098 0.0115231 0.0116253 0.0117177 0.0118021 0.0118741 0.0119361 0.0119869 0.0120317 0.0120654 0.0120878 0.0121006 0.0121104 0.0121085 0.0120934 0.0120746 0.0120538 0.0120197 0.0119727 0.0119303 0.011883 0.0118234 0.0117545 0.0116951 0.0116276 0.0115571 0.011477 0.0114069 0.011336 0.0112741 0.0111946 0.0111313 0.0110845 0.0110534 0.0110073 0.010993 0.0110118 0.0110679 0.0111547 0.0112949 0.011514 0.0118591 0.0123495 0.012979 0.0138224 0.0149356 0.0163587 0.0180566 0.0200251 0.0222155 0.0245999 0.0269978 0.0291909 0.0309763 0.0321226 0.0323729 0.0315124 0.0294024 0.0258955 0.0210447 0.0149788 0.00796235 0.000313722 -0.00756827 -0.0152558 -0.0223555 -0.0284808 -0.0333564 -0.0367795 -0.0387311 -0.0392113 -0.0383859 -0.0364804 -0.0336983 -0.0303618 -0.0267077 -0.0229744 -0.0193594 -0.0160121 -0.0130011 -0.0103893 -0.00819635 -0.00636434 -0.00492027 -0.00377269 -0.00288998 -0.00224801 -0.00175589 -0.00142453 -0.00118738 -0.001029 -0.000935868 -0.000871224 -0.000844921 -0.000823606 -0.000821695 -0.000819502 -0.000816688 -0.000826014 -0.000818047 -0.000826131 -0.000826867 -0.000823129 -0.000835621 -0.000828731 -0.000836777 
0 1.59794e-06 1.2536e-05 1.22093e-05 2.76385e-05 3.66169e-05 4.71397e-05 6.71031e-05 7.37011e-05 9.73859e-05 0.00011603 0.000144797 0.000197264 0.000258099 0.000367324 0.000510315 0.000724155 0.00103089 0.00144043 0.00202217 0.00278287 0.00379362 0.00509941 0.00673464 0.00877054 0.0112175 0.0141108 0.0174402 0.0211589 0.0251774 0.0293554 0.0334877 0.0373368 0.0406479 0.0431174 0.0445229 0.0446099 0.0432203 0.0402994 0.0358484 0.0300592 0.0231972 0.0156187 0.00773065 -3.99266e-05 -0.00732198 -0.0137306 -0.0189666 -0.0228596 -0.0253077 -0.0263964 -0.0262553 -0.0250742 -0.0230614 -0.0204587 -0.0174991 -0.0144472 -0.0114714 -0.00864396 -0.00606724 -0.00377949 -0.00180185 -0.000117411 0.00130253 0.0025389 0.00358722 0.00448576 0.00527409 0.00597863 0.00661434 0.00720899 0.00775339 0.00824701 0.0087316 0.00918959 0.00961546 0.010017 0.0104154 0.0107777 0.0111332 0.0114716 0.0117937 0.012089 0.0123897 0.0126643 0.0129229 0.0131679 0.0134104 0.0136247 0.0138325 0.0140273 0.0142094 0.0143727 0.0145328 0.0146731 0.0148005 0.0149183 0.0150275 0.0151141 0.0151946 0.0152666 0.0153234 0.0153626 0.0154009 0.0154244 0.0154336 0.0154331 0.0154296 0.0154057 0.0153775 0.0153419 0.0152965 0.015234 0.0151795 0.0151092 0.0150289 0.0149433 0.014867 0.0147666 0.0146709 0.0145741 0.0144781 0.0143704 0.0142823 0.0141811 0.0140868 0.0140096 0.0139478 0.0138762 0.0138395 0.0138396 0.0138674 0.0139436 0.0140875 0.0143197 0.0146806 0.0152084 0.0159 0.0168352 0.0180488 0.0195641 0.0213768 0.0234754 0.0257602 0.0281697 0.030564 0.0327131 0.0343792 0.0353108 0.0352856 0.0341105 0.0316385 0.027748 0.0225033 0.01603 0.00859904 0.000578694 -0.00765551 -0.0156897 -0.0231068 -0.029538 -0.0346983 -0.0383559 -0.0404783 -0.0410876 -0.0403269 -0.0384325 -0.0356282 -0.0322081 -0.0284279 -0.0245328 -0.0207283 -0.0171788 -0.013977 -0.0111892 -0.00883072 -0.00686911 -0.00530193 -0.00405213 -0.00309658 -0.00238535 -0.00185543 -0.00149843 -0.00124244 -0.00108079 -0.000980604 -0.000912879 -0.00088533 -0.000861413 -0.000857721 -0.000858271 -0.00085827 -0.000870608 -0.000872945 -0.000883169 -0.000889949 -0.000891882 -0.000900127 -0.000898427 -0.000902587 
0 1.15886e-05 2.61593e-05 3.34613e-05 4.75027e-05 5.65181e-05 6.74615e-05 8.83851e-05 0.000102699 0.000135757 0.000172041 0.000214461 0.000288312 0.000367324 0.000492916 0.000673606 0.000913013 0.00127139 0.00174843 0.00239891 0.00327318 0.00439445 0.00584068 0.00764726 0.00986247 0.0125318 0.0156611 0.0192439 0.0232154 0.02748 0.0318731 0.0361832 0.0401868 0.0435871 0.046122 0.0475412 0.0475899 0.0461325 0.0431047 0.0385351 0.0326083 0.0256177 0.0178852 0.00983168 0.0018809 -0.00560926 -0.0122377 -0.0177201 -0.0218633 -0.0245819 -0.025909 -0.0259639 -0.0249182 -0.0229789 -0.020388 -0.017364 -0.0141854 -0.0110098 -0.00796091 -0.00514441 -0.00261999 -0.000395137 0.00152089 0.00315036 0.0045683 0.00577124 0.00681623 0.00773271 0.00855272 0.00927638 0.00996171 0.0105861 0.0111629 0.0117128 0.0122334 0.0127166 0.0131853 0.0136393 0.0140462 0.0144491 0.0148413 0.0152097 0.0155388 0.0158807 0.0161951 0.016492 0.0167642 0.0170398 0.0172819 0.0175224 0.0177371 0.0179428 0.0181259 0.0183126 0.0184633 0.0186062 0.0187385 0.0188658 0.0189531 0.0190436 0.019124 0.0191888 0.0192209 0.0192649 0.0192889 0.0192964 0.0192835 0.0192802 0.0192479 0.0192113 0.0191584 0.0191054 0.0190279 0.0189603 0.0188664 0.0187701 0.0186668 0.0185723 0.0184412 0.018323 0.0182081 0.0180871 0.0179449 0.0178291 0.0177086 0.0175843 0.0174756 0.0173809 0.0172897 0.0172273 0.017208 0.0172083 0.017278 0.017422 0.0176708 0.0180511 0.0186217 0.0193753 0.0203945 0.0217106 0.023326 0.0252376 0.0274167 0.0297709 0.0321912 0.034541 0.0365646 0.0380411 0.038717 0.0383855 0.0368584 0.033989 0.0297012 0.0240603 0.0172217 0.00943463 0.00109152 -0.00745657 -0.0157958 -0.0234937 -0.030196 -0.0356033 -0.0394938 -0.0418011 -0.0425755 -0.0419228 -0.0400764 -0.0372835 -0.0338061 -0.0299345 -0.0259097 -0.021954 -0.0182303 -0.0148578 -0.011905 -0.00938183 -0.00730071 -0.00561436 -0.00427897 -0.00326414 -0.00248987 -0.00192984 -0.00153776 -0.00125888 -0.00108703 -0.00097627 -0.000911145 -0.000886623 -0.000874641 -0.000877242 -0.000888954 -0.000897381 -0.000908107 -0.000921197 -0.000926604 -0.000936888 -0.000946688 -0.000949549 -0.000961974 -0.000966259 
0 1.4856e-05 3.02735e-05 4.78286e-05 6.69504e-05 8.78116e-05 0.000113889 0.000138271 0.000171509 0.000209529 0.000251678 0.000319884 0.000396102 0.000510315 0.000673606 0.000879423 0.00118965 0.00159381 0.00214407 0.00289995 0.00385959 0.00512576 0.00672396 0.00869656 0.0111267 0.0140122 0.0173801 0.0212135 0.0254386 0.0299294 0.0345375 0.0390311 0.0431419 0.0466443 0.049213 0.0506161 0.050646 0.0491239 0.0460147 0.0413662 0.0353729 0.0282837 0.0204859 0.0123593 0.00428181 -0.00332772 -0.0101199 -0.0158033 -0.0201939 -0.0231461 -0.0247259 -0.0250151 -0.0241315 -0.0222988 -0.0197536 -0.0167331 -0.0134331 -0.0100894 -0.0068311 -0.00379832 -0.00102192 0.00145201 0.00360279 0.00545842 0.00706043 0.0084428 0.0096283 0.0106942 0.0116202 0.0124577 0.0132184 0.0139381 0.0145909 0.0152175 0.015793 0.0163404 0.0168741 0.017381 0.0178399 0.0182839 0.018734 0.0191388 0.0195174 0.0198836 0.0202494 0.0205709 0.0208868 0.0211755 0.0214619 0.0217178 0.0219685 0.0221795 0.0223994 0.0225938 0.0227718 0.022914 0.0230758 0.0232032 0.0233093 0.0233938 0.023497 0.0235536 0.0235974 0.02363 0.0236704 0.0236613 0.023654 0.0236337 0.0236117 0.0235503 0.0234978 0.023422 0.0233487 0.0232496 0.0231505 0.0230262 0.0229205 0.0227909 0.0226471 0.0224974 0.0223722 0.0222179 0.022052 0.0219042 0.0217654 0.0216154 0.0214703 0.0213503 0.0212346 0.02116 0.0211052 0.0210999 0.0211534 0.0213194 0.0215737 0.0219949 0.0226061 0.0234455 0.024545 0.0259592 0.0276839 0.0296838 0.0319237 0.0343 0.036722 0.0389605 0.0408055 0.0420279 0.0424194 0.0417196 0.0397829 0.0365118 0.0318187 0.0257914 0.018599 0.0105233 0.00187201 -0.00693301 -0.0155039 -0.0234527 -0.0303914 -0.0360228 -0.0401339 -0.042661 -0.0435872 -0.0430821 -0.0413394 -0.0385781 -0.0351142 -0.0311933 -0.0270758 -0.0229951 -0.0191351 -0.0156025 -0.0124973 -0.00985187 -0.0076277 -0.00584957 -0.0044316 -0.00333077 -0.00252526 -0.0019177 -0.00150129 -0.00122244 -0.00103635 -0.000935312 -0.000877699 -0.000855559 -0.000853786 -0.00086519 -0.000880934 -0.000900498 -0.000924184 -0.000938892 -0.000962022 -0.000977059 -0.000988365 -0.00100774 -0.00101193 -0.00102532 
0 2.38906e-05 5.11619e-05 7.58013e-05 0.00010609 0.000138833 0.000171555 0.000216416 0.000260149 0.000315274 0.000387773 0.000464271 0.000581131 0.000724155 0.000913013 0.00118965 0.00153381 0.00202294 0.00267099 0.00350165 0.00461432 0.00600674 0.00776772 0.00995222 0.0125784 0.0157079 0.0193253 0.0234077 0.0278686 0.0326003 0.0373958 0.0420376 0.0462898 0.0498272 0.0524312 0.0538252 0.0538051 0.0522434 0.0490908 0.0444145 0.0383753 0.0313011 0.0234846 0.015339 0.00725334 -0.000416623 -0.0073259 -0.0131801 -0.0177521 -0.0209815 -0.0228036 -0.0233172 -0.0226536 -0.0210017 -0.0185369 -0.0155002 -0.0121621 -0.00869056 -0.00525439 -0.00196771 0.00103281 0.0037453 0.00613723 0.00823722 0.0100395 0.0115903 0.0129427 0.0141411 0.0152022 0.0161315 0.0169902 0.0177793 0.0185282 0.0192084 0.0198511 0.0204483 0.0210471 0.0215965 0.0221072 0.0225913 0.0230826 0.0235302 0.0239447 0.0243441 0.0247372 0.0251 0.025436 0.0257551 0.0260595 0.0263507 0.0266102 0.02685 0.027079 0.0273014 0.0274815 0.0276487 0.0278113 0.0279607 0.0280637 0.0281675 0.0282648 0.0283385 0.0283734 0.028419 0.028449 0.0284517 0.028429 0.0284164 0.0283813 0.0283242 0.0282507 0.0281789 0.0280899 0.0279851 0.0278633 0.0277383 0.0276136 0.0274685 0.0273052 0.0271443 0.0269995 0.0268238 0.0266411 0.0264665 0.0263164 0.0261405 0.0259784 0.0258232 0.0257097 0.0256086 0.0255489 0.0255231 0.0255943 0.0257677 0.0260668 0.02652 0.0271854 0.0281161 0.0293262 0.0308384 0.032628 0.0347212 0.0370193 0.0394125 0.0417204 0.0438163 0.0454594 0.0463953 0.0464011 0.0453027 0.0429577 0.0392317 0.0341559 0.0277692 0.0202606 0.01189 0.00302678 -0.00598826 -0.0147695 -0.0228968 -0.0300511 -0.0358981 -0.0402394 -0.0429566 -0.0441023 -0.0437659 -0.0421421 -0.0395047 -0.0360672 -0.0321426 -0.0279773 -0.0238052 -0.0198191 -0.0161697 -0.0129369 -0.0101482 -0.00784463 -0.00594686 -0.00445431 -0.00331256 -0.00243461 -0.00182436 -0.00138537 -0.00109291 -0.000922608 -0.000814431 -0.000772457 -0.000763271 -0.000774891 -0.000802767 -0.000835382 -0.000871021 -0.000904357 -0.000939626 -0.000966878 -0.00099441 -0.00101995 -0.00103681 -0.00105946 -0.00107382 
0 4.26995e-05 8.05714e-05 0.000127391 0.000167894 0.00021548 0.000269385 0.000322807 0.000396269 0.000473014 0.000570615 0.000693234 0.000835581 0.00103089 0.00127139 0.00159381 0.00202294 0.00258262 0.00332969 0.00428835 0.00553149 0.00709557 0.00904009 0.0114278 0.0142806 0.0176562 0.0215278 0.0258672 0.0305877 0.0355275 0.0405111 0.0452949 0.0496204 0.0532183 0.0558362 0.0572074 0.0571615 0.0555663 0.0523729 0.0477023 0.0417089 0.0346797 0.0269464 0.0188668 0.0108025 0.00313094 -0.00381648 -0.00977715 -0.0145347 -0.0179932 -0.0200918 -0.0208863 -0.0204566 -0.0189712 -0.0166523 -0.0137198 -0.0103559 -0.00676423 -0.00317124 0.000293442 0.00352033 0.00647563 0.00911651 0.0114432 0.0134454 0.0151833 0.0166981 0.0180353 0.0192151 0.0202538 0.0211902 0.0220592 0.0228791 0.0236211 0.024312 0.0249648 0.025606 0.0261966 0.0267502 0.0272697 0.0277894 0.0282709 0.0287204 0.0291401 0.0295592 0.0299477 0.0303084 0.030642 0.030971 0.0312768 0.0315549 0.0318077 0.0320556 0.0322839 0.032481 0.0326582 0.0328319 0.0329833 0.0331024 0.0332101 0.0333128 0.0333879 0.0334354 0.033478 0.0335114 0.0335146 0.033498 0.0334781 0.0334468 0.0333859 0.0333115 0.0332327 0.0331462 0.03303 0.032904 0.0327748 0.0326453 0.0324842 0.0323173 0.0321506 0.0319924 0.0318041 0.0316149 0.0314287 0.0312648 0.0310834 0.0309052 0.0307406 0.0306239 0.0305234 0.0304534 0.0304429 0.0305342 0.0307387 0.0310811 0.0316023 0.0323459 0.0333725 0.0346862 0.036305 0.0382046 0.0403548 0.0426568 0.0450248 0.0472601 0.0491499 0.050492 0.0510874 0.0507168 0.0491894 0.0463855 0.0422272 0.0367487 0.0300187 0.0222433 0.0136671 0.00460247 -0.00458339 -0.0135061 -0.0218047 -0.0291248 -0.0351522 -0.0397168 -0.0426722 -0.0440373 -0.0439178 -0.0424749 -0.0399519 -0.03661 -0.0327196 -0.0285398 -0.0243269 -0.0202562 -0.0165021 -0.0131557 -0.0102626 -0.00785384 -0.00588146 -0.00433091 -0.00313175 -0.00223457 -0.00159328 -0.0011413 -0.000856991 -0.000681308 -0.000596275 -0.00057358 -0.000583434 -0.000626498 -0.000674816 -0.000731465 -0.000789154 -0.000840776 -0.000892803 -0.000937677 -0.00097954 -0.00101756 -0.00105087 -0.00108148 -0.0011086 
