0 0 0 0 0 0 0 0 0 0 0 0 0 0 0 0 0 0 0 0 0 0 0 0 0 0 0 0 0 0 0 0 0 0 0 0 0 0 0 0 0 0 0 0 0 0 0 0 0 0 0 0 0 0 0 0 0 0 0 0 0 0 0 0 0 0 0 0 0 0 0 0 0 0 0 0 0 0 0 0 0 0 0 0 0 0 0 0 0 0 0 0 0 0 0 0 0 0 0 0 0 0 0 0 0 0 0 0 0 0 0 0 0 0 0 0 0 0 0 0 0 0 0 0 0 0 0 0 0 0 0 0 0 0 0 0 0 0 0 0 0 0 0 0 0 0 0 0 0 0 0 0 0 0 0 0 0 0 0 0 0 0 0 0 0 0 0 0 0 0 0 0 0 0 0 0 0 0 0 0 0 0 0 0 0 0 0 0 0 0 0 0 0 0 0 0 0 0 0 0 
0 -4.61522e-06 9.36448e-06 7.73838e-07 5.7208e-07 1.08041e-05 2.80961e-07 5.20006e-06 1.31357e-05 2.96058e-06 9.44865e-06 1.29122e-05 3.66695e-06 1.30072e-05 1.72496e-05 1.3161e-05 2.0126e-05 1.94669e-05 1.23759e-05 1.16188e-05 1.76713e-05 1.74095e-05 2.00174e-05 3.16586e-05 2.34164e-05 2.09277e-05 2.69853e-05 2.91443e-05 3.1811e-05 2.67876e-05 3.79116e-05 2.27499e-05 1.7675e-05 4.86236e-05 3.88184e-05 3.16373e-05 3.32056e-05 4.59522e-05 5.0123e-05 4.26245e-05 5.01945e-05 4.11261e-05 5.84701e-05 5.1044e-05 4.63704e-05 5.85778e-05 5.29037e-05 5.93052e-05 5.4212e-05 7.01224e-05 5.88175e-05 6.85252e-05 7.71144e-05 7.02451e-05 8.13386e-05 8.12993e-05 9.42823e-05 8.2986e-05 0.000106782 0.000108464 0.000119823 0.000140445 0.00017216 0.000212354 0.000258995 0.000355734 0.000449376 0.000592712 0.000759615 0.00099638 0.00125009 0.00157778 0.00196119 0.00240573 0.00288318 0.00339395 0.00391606 0.0043806 0.00477339 0.00504461 0.00519567 0.00514318 0.00491479 0.00446621 0.00384501 0.00301528 0.00208294 0.00108068 0.000117213 -0.000811697 -0.00161152 -0.00226122 -0.00267891 -0.00289614 -0.00289133 -0.00271442 -0.00235424 -0.00187325 -0.00128009 -0.000640468 3.86955e-05 0.000695447 0.00132351 0.00185874 0.00229085 0.00255551 0.00265949 0.00255245 0.00224924 0.00170939 0.00100088 0.000142175 -0.000773261 -0.0017505 -0.00268929 -0.00355606 -0.00423563 -0.00475328 -0.00505653 -0.00518671 -0.00510529 -0.00489466 -0.0045505 -0.00412757 -0.00362742 -0.00312741 -0.00264763 -0.00219994 -0.00180144 -0.0014605 -0.00119226 -0.000945167 -0.000763588 -0.000608767 -0.000507861 -0.000401064 -0.000347534 -0.000299381 -0.000267509 -0.000237957 -0.000226884 -0.000221912 -0.000198752 -0.000206776 -0.00019526 -0.000197678 -0.000183263 -0.000195537 -0.000185198 -0.00017986 -0.000188556 -0.000177349 -0.000180281 -0.000172731 -0.000182818 -0.000164162 -0.000168572 -0.000171671 -0.000160751 -0.000165527 -0.000150336 -0.000158641 -0.000161562 -0.00016112 -0.000142774 -0.000145515 -0.000172184 -0.000151173 -0.000148069 -0.00015048 -0.000147505 -0.000148986 -0.000145384 -0.000151381 -0.00013818 -0.000134297 -0.000142745 -0.000141511 -0.000142991 -0.000143784 -0.000145018 -0.000134929 -0.000135943 -0.000143753 -0.000131476 -0.000138435 -0.000141912 -0.000125834 -0.000136545 -0.000137443 -0.000127053 -0.000143431 -0.000138183 -0.000129128 -0.000141993 -0.000127647 -0.00012633 -0.000139637 -0.000126081 -0.000134342 
0 9.36448e-06 -8.56494e-06 1.04774e-05 9.12508e-06 3.0532e-07 2.1002e-05 8.96661e-06 1.10368e-05 2.26907e-05 1.27134e-05 2.51286e-05 2.35439e-05 2.46674e-05 2.58057e-05 1.58797e-05 3.42459e-05 2.20599e-05 3.45268e-05 5.78306e-05 2.75661e-05 4.94421e-05 4.67668e-05 2.30069e-05 5.3126e-05 5.20102e-05 4.81987e-05 5.02793e-05 5.64861e-05 5.45594e-05 5.4502e-05 8.51981e-05 7.26451e-05 6.51328e-05 6.5565e-05 7.51336e-05 9.76279e-05 6.97482e-05 7.15922e-05 8.99231e-05 9.34302e-05 8.95697e-05 9.45466e-05 0.00010848 0.00010012 0.000118581 0.000119713 0.000116031 0.000130142 0.000134023 0.000132627 0.000135329 0.000152149 0.000143669 0.00014993 0.000166159 0.000167525 0.00017247 0.000193925 0.000217347 0.000231415 0.00027944 0.000345162 0.000420935 0.000534055 0.000706408 0.00092028 0.00118603 0.00154597 0.0019947 0.00252544 0.00316591 0.00394064 0.00481894 0.00577259 0.00679132 0.00781591 0.00874957 0.00951363 0.0100689 0.0103413 0.0102572 0.00977699 0.00890732 0.00764462 0.00602337 0.00415146 0.00218475 0.000245226 -0.00158025 -0.00318816 -0.00446103 -0.00531428 -0.00573686 -0.00574862 -0.00538682 -0.00468892 -0.00372377 -0.00255991 -0.00127722 6.07253e-05 0.00137814 0.0026129 0.00368642 0.00452886 0.00506556 0.00525341 0.00504961 0.00442457 0.003368 0.00194309 0.000256878 -0.00158589 -0.00350454 -0.00538792 -0.00708126 -0.00845729 -0.00946242 -0.0100898 -0.0103243 -0.0101896 -0.00975075 -0.00908397 -0.00822619 -0.00724741 -0.0062443 -0.0052896 -0.0043981 -0.00359831 -0.00292715 -0.00237142 -0.00189959 -0.00151451 -0.00122816 -0.00100051 -0.000815028 -0.000687725 -0.000606061 -0.000536134 -0.000482367 -0.000464526 -0.000442258 -0.000418946 -0.000409693 -0.000410028 -0.000391415 -0.000381888 -0.000387442 -0.000371228 -0.000363149 -0.000361743 -0.000360177 -0.000342444 -0.000346986 -0.000344904 -0.000331007 -0.000341827 -0.000331925 -0.000324084 -0.000326009 -0.000340384 -0.000319795 -0.000303028 -0.000322574 -0.000317316 -0.000317113 -0.000290974 -0.000288729 -0.000309869 -0.000297464 -0.000292991 -0.000291111 -0.000296175 -0.000278975 -0.00029323 -0.000310066 -0.000272947 -0.000289754 -0.000283421 -0.000262579 -0.000285526 -0.000276002 -0.000277756 -0.000276746 -0.000272288 -0.000276875 -0.00026576 -0.000281354 -0.000274601 -0.00026512 -0.000279822 -0.000257724 -0.000262082 -0.000273539 -0.000256985 -0.000275432 -0.000274873 -0.000260151 -0.000276908 -0.000264092 
0 7.73838e-07 1.04774e-05 7.53797e-06 8.89918e-06 1.70156e-05 1.3238e-05 1.70466e-05 2.59352e-05 2.14192e-05 2.60132e-05 3.29769e-05 2.64816e-05 3.62219e-05 4.40877e-05 4.07033e-05 5.14706e-05 5.02043e-05 4.48319e-05 4.94572e-05 5.15138e-05 5.85065e-05 6.48816e-05 7.28738e-05 7.35054e-05 7.08368e-05 7.69297e-05 8.4234e-05 8.84299e-05 8.58495e-05 9.70658e-05 8.79809e-05 8.38526e-05 0.00011645 0.000112146 0.000106088 0.000114923 0.000126247 0.000134108 0.000134422 0.000141417 0.000136297 0.00015695 0.000155046 0.000150728 0.000169132 0.000168542 0.000174851 0.000179322 0.000198102 0.000191275 0.00020625 0.000223345 0.000219724 0.000236114 0.000248655 0.000265617 0.00026558 0.000304599 0.000327983 0.000362408 0.000426825 0.000520902 0.000641571 0.000807323 0.00106845 0.00137913 0.00179537 0.00232215 0.00300192 0.00379368 0.0047651 0.00591436 0.00722646 0.00865227 0.0101647 0.0116834 0.0130609 0.0142059 0.0150165 0.0154211 0.0152805 0.014578 0.0132708 0.0114046 0.0089963 0.00624321 0.00332032 0.000447985 -0.00226993 -0.00464368 -0.00654078 -0.0078129 -0.00846287 -0.00848895 -0.00796744 -0.0069375 -0.00551817 -0.00379274 -0.0018945 9.4902e-05 0.00204658 0.00387969 0.0054624 0.00670843 0.00749236 0.00776474 0.00744085 0.00650433 0.0049253 0.00282078 0.000309681 -0.00242261 -0.00527855 -0.00805233 -0.0105669 -0.0126014 -0.0141114 -0.0150337 -0.015398 -0.0151988 -0.0145655 -0.0135658 -0.012303 -0.0108527 -0.00936981 -0.00794234 -0.00661388 -0.00542728 -0.00441461 -0.00358259 -0.00286796 -0.00230274 -0.00185377 -0.00151886 -0.00123301 -0.00104618 -0.000908411 -0.000806542 -0.000727406 -0.000687759 -0.000659625 -0.00061873 -0.000613439 -0.000597811 -0.000587223 -0.000567288 -0.000575491 -0.000558593 -0.000546763 -0.000551626 -0.000538114 -0.000531398 -0.000524104 -0.000528357 -0.000504154 -0.000506439 -0.000505517 -0.000489707 -0.000488686 -0.000475781 -0.000476621 -0.000476064 -0.000474668 -0.000452105 -0.000455802 -0.000476142 -0.000454307 -0.000450381 -0.000449442 -0.000443564 -0.000442859 -0.000440894 -0.000438508 -0.000426111 -0.000423326 -0.000423437 -0.000426567 -0.000426136 -0.000423241 -0.000425945 -0.000412918 -0.000413719 -0.00041872 -0.000407056 -0.000413089 -0.000412175 -0.000399622 -0.000406458 -0.00040576 -0.000399691 -0.000410922 -0.000407402 -0.000400066 -0.00040745 -0.000396525 -0.000394341 -0.000401782 -0.000391303 -0.000401455 
0 5.7208e-07 9.12508e-06 8.89918e-06 1.35338e-05 2.09002e-05 1.95272e-05 2.56192e-05 3.0947e-05 3.05882e-05 3.73491e-05 4.14428e-05 4.23898e-05 4.79628e-05 5.16083e-05 5.36497e-05 5.86976e-05 6.49112e-05 6.79287e-05 7.22037e-05 7.90389e-05 7.95467e-05 8.32289e-05 9.01344e-05 9.19171e-05 9.75576e-05 0.000102346 0.000108335 0.00011247 0.000115387 0.000128178 0.000128263 0.00013119 0.0001443 0.000144987 0.000149361 0.000156343 0.000164149 0.000168277 0.000175005 0.000183896 0.000186616 0.000201098 0.000205171 0.000211162 0.000224604 0.000230877 0.000238701 0.000247474 0.000261676 0.000263796 0.000277476 0.000291248 0.000296674 0.00031136 0.000327612 0.000345137 0.000359685 0.000397334 0.000435177 0.000488374 0.00057469 0.000699209 0.000867066 0.00110197 0.00143825 0.00186636 0.00242425 0.00313597 0.00402985 0.00510151 0.00639439 0.00791817 0.00964916 0.0115391 0.0135284 0.015509 0.0173162 0.0188155 0.0198758 0.0203805 0.0201922 0.0192546 0.0175351 0.0150676 0.011927 0.00832407 0.00450332 0.000716662 -0.00284508 -0.00596553 -0.00845253 -0.0101533 -0.0110293 -0.0110969 -0.0104257 -0.00909924 -0.00724475 -0.00499543 -0.0024998 0.000105912 0.00267473 0.00507028 0.0071438 0.00875841 0.00977893 0.0101087 0.00966273 0.00839999 0.00632571 0.00355747 0.000267326 -0.00333803 -0.00707683 -0.0107093 -0.0139861 -0.0166707 -0.0186546 -0.0198792 -0.0203563 -0.0201197 -0.0192917 -0.0179827 -0.0163204 -0.0144297 -0.0124795 -0.0105892 -0.0088333 -0.00726357 -0.00591718 -0.00479269 -0.00385085 -0.00309175 -0.00249254 -0.00203141 -0.00166578 -0.00140588 -0.00121881 -0.00108251 -0.000983502 -0.000923255 -0.000880753 -0.000840241 -0.000821433 -0.000802848 -0.000786223 -0.000768037 -0.000762608 -0.000747281 -0.00073296 -0.000728346 -0.000715192 -0.000705112 -0.000695878 -0.000691982 -0.000677661 -0.000672539 -0.000668239 -0.000656712 -0.000654585 -0.000645259 -0.000639076 -0.0006345 -0.000630426 -0.0006201 -0.00061363 -0.000615879 -0.000603032 -0.000598828 -0.00059845 -0.000591248 -0.000588102 -0.000583217 -0.000582435 -0.000577919 -0.000573377 -0.00057349 -0.000567437 -0.000563116 -0.000561328 -0.000558729 -0.000554997 -0.0005533 -0.000553636 -0.000547607 -0.000547384 -0.000548737 -0.000541549 -0.000544341 -0.000543733 -0.000535912 -0.000540553 -0.000536683 -0.000531873 -0.000538192 -0.000532273 -0.000534194 -0.000540426 -0.000530598 -0.000533054 
0 1.08041e-05 3.0532e-07 1.70156e-05 2.09002e-05 1.4831e-05 3.33704e-05 3.21469e-05 3.06415e-05 4.6035e-05 4.41305e-05 4.76862e-05 6.04921e-05 6.00731e-05 6.13508e-05 6.92399e-05 7.28716e-05 7.3906e-05 8.71998e-05 9.82077e-05 9.25444e-05 0.000103788 0.000109363 0.000100309 0.000117956 0.000127678 0.000128072 0.000132589 0.00013948 0.000149936 0.000144058 0.000170368 0.000182034 0.000161535 0.000177684 0.000192574 0.000206544 0.00019931 0.000203802 0.000224337 0.000226682 0.000244084 0.000238947 0.000258968 0.000270518 0.00027464 0.000292468 0.000295179 0.000317654 0.000316515 0.000340002 0.000346145 0.000359135 0.000378817 0.000386932 0.000414494 0.000424266 0.000466292 0.000490095 0.000551724 0.000620735 0.000730838 0.000886089 0.00110093 0.00141411 0.00181555 0.00237449 0.00306751 0.0039759 0.00507351 0.00643774 0.00804528 0.00994097 0.0120776 0.0144185 0.0168641 0.019273 0.0214898 0.0233143 0.0246119 0.0251887 0.0249569 0.0237778 0.0216716 0.0186207 0.0148083 0.0104049 0.00575311 0.00109106 -0.00325889 -0.00709304 -0.0101347 -0.0122654 -0.0133704 -0.0135061 -0.0127063 -0.0111226 -0.00886431 -0.00613349 -0.00307223 0.000108479 0.00326349 0.00618058 0.0087143 0.0106586 0.0118931 0.0122518 0.0116756 0.0100784 0.00753487 0.00412959 0.000110286 -0.00433403 -0.00889483 -0.0133385 -0.0173152 -0.0206276 -0.0230562 -0.0245861 -0.0251673 -0.0249189 -0.0239061 -0.0223168 -0.0202717 -0.0179763 -0.0155796 -0.0132441 -0.0110731 -0.00912742 -0.00745427 -0.00602698 -0.00486642 -0.00390272 -0.00315939 -0.00255612 -0.00212053 -0.00177515 -0.00153974 -0.00136281 -0.00124398 -0.00116148 -0.00109607 -0.00106571 -0.00102162 -0.00100909 -0.000977679 -0.0009714 -0.000945438 -0.000935396 -0.000923701 -0.000902472 -0.000900107 -0.000878759 -0.000876934 -0.000854215 -0.000856649 -0.000844003 -0.000828328 -0.000826354 -0.000812042 -0.000819827 -0.000797719 -0.000785621 -0.00078247 -0.0007887 -0.0007791 -0.000744443 -0.000758741 -0.000757787 -0.000744678 -0.00074125 -0.000734874 -0.000732382 -0.000718388 -0.000727998 -0.000727551 -0.000708686 -0.000711214 -0.000705309 -0.000696752 -0.000697333 -0.000699653 -0.000694228 -0.000685302 -0.000691904 -0.00068377 -0.000676585 -0.000690532 -0.000677298 -0.00067258 -0.000683958 -0.000663754 -0.000668165 -0.000678733 -0.000660782 -0.000674261 -0.000673426 -0.000658203 -0.000676145 -0.00066447 
0 2.80961e-07 2.1002e-05 1.3238e-05 1.95272e-05 3.33704e-05 2.49673e-05 3.94154e-05 4.56457e-05 4.52488e-05 5.83713e-05 5.68034e-05 6.62061e-05 6.89402e-05 7.81105e-05 9.4586e-05 8.37142e-05 0.000105996 0.000101382 8.67819e-05 0.000124132 0.000111513 0.000123616 0.0001542 0.000136381 0.0001462 0.000155287 0.000165955 0.000169639 0.000180007 0.000193107 0.000174031 0.000194387 0.000211793 0.000228225 0.000229092 0.000216359 0.000257485 0.000267023 0.000265951 0.000273533 0.00029003 0.000301954 0.000303345 0.000327086 0.000323602 0.000343256 0.000360545 0.000366647 0.000383278 0.000401452 0.000421221 0.000426345 0.000459308 0.000474911 0.000493561 0.000525178 0.000563403 0.000604648 0.000665307 0.000769768 0.000893481 0.0010833 0.00135456 0.00173168 0.00222343 0.00288885 0.00374995 0.00482586 0.00615996 0.00779115 0.00973417 0.0119773 0.0145191 0.0172859 0.0201593 0.022971 0.0255533 0.0276905 0.0291782 0.0298327 0.029522 0.0281343 0.0256298 0.0220643 0.0176066 0.0125018 0.00705772 0.00161297 -0.00349545 -0.00796839 -0.0115585 -0.0140838 -0.0154489 -0.015654 -0.0147803 -0.0129605 -0.010362 -0.00717706 -0.00361509 0.000111546 0.00378845 0.00720023 0.010132 0.0123841 0.0137772 0.0141585 0.0134157 0.0115094 0.00849475 0.0045174 -0.000207358 -0.00540537 -0.0107537 -0.0159122 -0.0205602 -0.0244267 -0.0273071 -0.0291035 -0.0298218 -0.0295493 -0.0283994 -0.0265365 -0.0241564 -0.0214761 -0.0186689 -0.0159097 -0.0133329 -0.0110317 -0.00901806 -0.00731046 -0.00590126 -0.00476027 -0.00383839 -0.00311892 -0.00258115 -0.0021694 -0.00186597 -0.00165132 -0.00151112 -0.00139358 -0.00132206 -0.00127363 -0.0012346 -0.00119698 -0.00117867 -0.00116319 -0.00113167 -0.00112533 -0.00110876 -0.00109349 -0.00107331 -0.00107131 -0.0010524 -0.00103445 -0.001033 -0.00100678 -0.0010038 -0.00099377 -0.000978904 -0.000953457 -0.000959784 -0.000965829 -0.000929999 -0.000926086 -0.00091931 -0.000932047 -0.000922063 -0.00089333 -0.000899038 -0.000891916 -0.000887906 -0.000876063 -0.000881394 -0.000862152 -0.000839409 -0.000868879 -0.000846341 -0.00084573 -0.000861173 -0.000831624 -0.000836851 -0.000833047 -0.000826828 -0.000828654 -0.00082102 -0.000824014 -0.000808333 -0.000811539 -0.000815532 -0.000802551 -0.000819508 -0.000811627 -0.000800783 -0.000813827 -0.000796573 -0.000794467 -0.000804624 -0.000791009 -0.000801915 
0 5.20006e-06 8.96661e-06 1.70466e-05 2.56192e-05 3.21469e-05 3.94154e-05 4.66264e-05 4.96777e-05 5.75527e-05 6.56647e-05 6.78758e-05 8.11103e-05 8.45612e-05 8.55828e-05 9.87594e-05 9.72016e-05 0.000110345 0.000125209 0.000128154 0.000143814 0.000141306 0.0001449 0.000154647 0.000156054 0.000175643 0.000183709 0.000185234 0.000196366 0.00020833 0.000214097 0.000232538 0.000251576 0.000236578 0.000250182 0.000272144 0.000275358 0.000287271 0.000292085 0.000304069 0.000321101 0.000340384 0.000341259 0.000359388 0.000385813 0.000386253 0.000408085 0.000426641 0.000438746 0.00044957 0.000477653 0.000489831 0.000499137 0.000534228 0.00055045 0.000572834 0.000607057 0.000660095 0.000702011 0.000785326 0.00090935 0.0010646 0.00129172 0.00162277 0.00207552 0.00265536 0.00344944 0.00446268 0.00573206 0.00728845 0.00920486 0.0114618 0.0140595 0.0169808 0.0201522 0.0234175 0.0265943 0.0295079 0.0319093 0.0335667 0.0342632 0.0338771 0.0322645 0.0294022 0.0253476 0.0203259 0.0145736 0.00843503 0.00226604 -0.0035151 -0.00859125 -0.0126773 -0.015597 -0.0172124 -0.0175265 -0.0166046 -0.0146096 -0.01171 -0.00813837 -0.00412037 8.20333e-05 0.00423595 0.00807559 0.0113667 0.013866 0.0153889 0.0157484 0.0148405 0.0126174 0.0091744 0.00465225 -0.00070088 -0.00659897 -0.0126396 -0.0184584 -0.0236921 -0.0280797 -0.0313611 -0.033432 -0.0342737 -0.0340061 -0.0327283 -0.0306361 -0.0279469 -0.0249185 -0.0217295 -0.0185711 -0.0156106 -0.0129502 -0.0106146 -0.00861238 -0.00696947 -0.00562664 -0.00454655 -0.0036907 -0.00306151 -0.00257094 -0.00220831 -0.00195305 -0.00178393 -0.00164673 -0.00155333 -0.00150387 -0.00145002 -0.00140949 -0.00138252 -0.00136633 -0.00132655 -0.00131334 -0.00129797 -0.00127005 -0.00125288 -0.00124201 -0.00122289 -0.00119878 -0.00120211 -0.00117951 -0.00116214 -0.0011587 -0.00114876 -0.00113628 -0.00112333 -0.00111185 -0.00109701 -0.0011055 -0.00108376 -0.00105708 -0.00106318 -0.00105545 -0.00104494 -0.00103883 -0.00103164 -0.00101757 -0.00101925 -0.00102033 -0.00100936 -0.00100933 -0.000992251 -0.000985766 -0.000984608 -0.000973257 -0.000979728 -0.00097162 -0.000963691 -0.000965924 -0.000957221 -0.000957466 -0.000959506 -0.000954193 -0.000950285 -0.000947461 -0.000939764 -0.000936901 -0.000938622 -0.000933586 -0.000940918 -0.00094371 -0.000936933 -0.000941609 -0.000932048 
0 1.31357e-05 1.10368e-05 2.59352e-05 3.0947e-05 3.06415e-05 4.56457e-05 4.96777e-05 5.58222e-05 6.82694e-05 7.24275e-05 7.96106e-05 8.94962e-05 9.74799e-05 0.000103442 0.000113641 0.000123221 0.000124249 0.000135363 0.000144817 0.000146979 0.000163112 0.000173485 0.000179202 0.000190713 0.000199755 0.000210283 0.000213516 0.000228971 0.000242298 0.000237069 0.000259531 0.0002738 0.000273338 0.000292321 0.00030727 0.000319455 0.00032837 0.000345348 0.000356948 0.000370534 0.000390251 0.000391389 0.000415531 0.000432339 0.000440578 0.000461212 0.000481341 0.000498769 0.000511257 0.000545668 0.000558186 0.00057888 0.000613168 0.000637051 0.000665364 0.000705892 0.000766911 0.000818792 0.000921073 0.001062 0.00125078 0.00151777 0.00190784 0.00243278 0.00311221 0.00403148 0.00520115 0.006664 0.00845367 0.0106477 0.0132166 0.0161612 0.0194477 0.0229935 0.0266165 0.0301259 0.0333269 0.0359532 0.0377441 0.0384682 0.0379906 0.0361625 0.0329661 0.0284817 0.0229582 0.0166433 0.00989437 0.00309777 -0.00328315 -0.00889836 -0.013444 -0.0167312 -0.0186023 -0.0190463 -0.0181229 -0.0160018 -0.0128641 -0.00896608 -0.00456291 5.01576e-05 0.00460969 0.00881615 0.0124034 0.0150994 0.0167013 0.01701 0.0159217 0.0133985 0.00955317 0.00453851 -0.00138127 -0.00789118 -0.0145438 -0.0209393 -0.0266963 -0.0315425 -0.0351952 -0.0375256 -0.0385043 -0.0382525 -0.0368802 -0.0345966 -0.0316451 -0.0283031 -0.02477 -0.0212464 -0.0179235 -0.0149141 -0.0122616 -0.00997414 -0.00808854 -0.00654143 -0.00529621 -0.00430558 -0.00356833 -0.00299673 -0.00256902 -0.00226681 -0.00205807 -0.00189951 -0.00178341 -0.00172148 -0.00165683 -0.00161166 -0.00157793 -0.00155668 -0.00151975 -0.00149943 -0.00148652 -0.00145502 -0.00144058 -0.0014239 -0.00140669 -0.00138123 -0.00137456 -0.00135708 -0.00133284 -0.00132691 -0.00130629 -0.00129587 -0.00128298 -0.00126694 -0.0012542 -0.00124984 -0.00124108 -0.00121747 -0.00122175 -0.0012137 -0.00119313 -0.00119268 -0.0011837 -0.00117376 -0.00116347 -0.00115714 -0.00115143 -0.00113846 -0.00113867 -0.00113491 -0.00112502 -0.00112313 -0.00111813 -0.00111145 -0.00110589 -0.0011053 -0.00109936 -0.00109044 -0.00109452 -0.001085 -0.00107959 -0.00108853 -0.00107547 -0.00107972 -0.00108666 -0.00106706 -0.0010748 -0.00107141 -0.00105714 -0.00107499 -0.00106755 
0 2.96058e-06 2.26907e-05 2.14192e-05 3.05882e-05 4.6035e-05 4.52488e-05 5.75527e-05 6.82694e-05 7.18519e-05 8.26478e-05 9.27853e-05 9.88837e-05 0.00010402 0.000120235 0.000128314 0.000131312 0.000153097 0.000153351 0.000153245 0.00017828 0.000178821 0.00018748 0.00021263 0.000213979 0.000218217 0.000232286 0.000249464 0.000255441 0.000265769 0.000291874 0.000283865 0.00029118 0.000324487 0.00033828 0.000343415 0.000342871 0.000375693 0.000395267 0.000398406 0.00041704 0.000428933 0.000456922 0.000464948 0.000485601 0.000503416 0.000519822 0.000548882 0.000556676 0.000589426 0.000605302 0.00063423 0.000655533 0.00068605 0.000721938 0.000747594 0.000807897 0.000857161 0.000945715 0.00105055 0.00122404 0.00144425 0.00176381 0.0022165 0.00281276 0.00361538 0.00464851 0.00599559 0.00763977 0.00968882 0.0121366 0.0150271 0.0182966 0.0219377 0.025816 0.0297609 0.0335648 0.0369992 0.0398093 0.0416845 0.0424268 0.0418262 0.0398039 0.0362861 0.0314479 0.0254707 0.0186953 0.0114121 0.00410796 -0.00280656 -0.00887772 -0.0138551 -0.0174648 -0.0196057 -0.0201876 -0.0193224 -0.0171173 -0.0138221 -0.00965722 -0.00496029 -1.67516e-06 0.00487132 0.00938352 0.0131848 0.0160321 0.0176483 0.0178883 0.0165952 0.0138057 0.00957664 0.00414068 -0.00228987 -0.00929871 -0.0164878 -0.023356 -0.0295846 -0.0348064 -0.0388083 -0.041365 -0.0425047 -0.0422675 -0.040843 -0.0383986 -0.0352387 -0.0316141 -0.0277735 -0.0239215 -0.0202523 -0.0169126 -0.0139361 -0.0113863 -0.0092353 -0.00749665 -0.00606505 -0.00495723 -0.00408771 -0.00344316 -0.00294496 -0.00259413 -0.00234521 -0.00215729 -0.00203539 -0.00193799 -0.00188289 -0.00181684 -0.00178937 -0.00174842 -0.00172086 -0.00169328 -0.00166741 -0.001649 -0.0016159 -0.00160723 -0.00157693 -0.00156477 -0.00154028 -0.00152125 -0.00151171 -0.00149059 -0.00147723 -0.00144746 -0.00145005 -0.00144182 -0.00141494 -0.00139545 -0.00138953 -0.00139987 -0.00136897 -0.00135056 -0.00135338 -0.00133957 -0.00132947 -0.00132222 -0.00131951 -0.00129793 -0.00128759 -0.00129778 -0.00127955 -0.00127404 -0.00127767 -0.00125909 -0.00125354 -0.0012539 -0.00124699 -0.00124022 -0.00123873 -0.00123586 -0.00122184 -0.00122604 -0.00122675 -0.00121253 -0.00122339 -0.00121494 -0.00120293 -0.00121874 -0.00120263 -0.00120129 -0.00121517 -0.00119463 -0.00120502 
0 9.44865e-06 1.27134e-05 2.60132e-05 3.73491e-05 4.41305e-05 5.83713e-05 6.56647e-05 7.24275e-05 8.26478e-05 9.15254e-05 0.000102018 0.00010867 0.000126054 0.000129717 0.000132132 0.000157109 0.000150793 0.000170642 0.000199694 0.000185457 0.00021154 0.000216999 0.000209257 0.000237938 0.00024851 0.000265069 0.000270299 0.000285348 0.000298279 0.00030279 0.000339182 0.000347891 0.000355406 0.000354186 0.000378061 0.000417942 0.000405085 0.00042218 0.000443164 0.000468032 0.000483113 0.000497418 0.000525651 0.000535447 0.000572104 0.000582295 0.000606384 0.000632879 0.0006539 0.000680553 0.000700669 0.00074073 0.000758143 0.000803202 0.000842202 0.000897105 0.000965444 0.00106236 0.00120125 0.00138245 0.00165967 0.00202552 0.00254517 0.00322647 0.00414503 0.00531882 0.00681934 0.00868329 0.0109632 0.0136919 0.016868 0.0204769 0.0244285 0.0286188 0.0328387 0.0368976 0.0405185 0.0434529 0.045388 0.0461041 0.0453889 0.043154 0.0393787 0.0342152 0.0278867 0.0207041 0.0130209 0.00528371 -0.00203981 -0.00852719 -0.0138535 -0.0177833 -0.0201582 -0.0209274 -0.0201358 -0.0179334 -0.0145276 -0.0102048 -0.0052758 -8.57923e-05 0.00503781 0.00974471 0.0137092 0.0166165 0.018223 0.0183352 0.0168602 0.0137958 0.00925398 0.00342537 -0.00340321 -0.0108433 -0.0184356 -0.0257209 -0.032315 -0.03788 -0.0421565 -0.0449507 -0.0462319 -0.0460502 -0.0445862 -0.0420401 -0.038711 -0.0348492 -0.0307411 -0.026588 -0.0226137 -0.0189366 -0.0156691 -0.012834 -0.0104478 -0.00847898 -0.00688826 -0.00563251 -0.00464623 -0.00390658 -0.00334287 -0.00294163 -0.00263566 -0.00243588 -0.00228137 -0.002176 -0.00209647 -0.00203994 -0.00199389 -0.00194604 -0.00192464 -0.00188227 -0.00185907 -0.00182721 -0.00180928 -0.00177657 -0.00175384 -0.00174075 -0.00170881 -0.00170139 -0.00167126 -0.00165766 -0.00164384 -0.00163676 -0.00160765 -0.00157766 -0.00159457 -0.00157277 -0.00155124 -0.00152458 -0.00151891 -0.0015233 -0.00149738 -0.00149071 -0.00147443 -0.0014685 -0.00145567 -0.00145629 -0.00146106 -0.0014236 -0.00143067 -0.00142064 -0.00139666 -0.00141396 -0.00139848 -0.00138874 -0.00138879 -0.00137734 -0.00137488 -0.00137193 -0.00137448 -0.00136476 -0.00135938 -0.00136016 -0.00134524 -0.00134677 -0.00134685 -0.0013395 -0.00134851 -0.00134695 -0.00134095 -0.00134511 -0.00133748 
0 1.29122e-05 2.51286e-05 3.29769e-05 4.14428e-05 4.76862e-05 5.68034e-05 6.78758e-05 7.96106e-05 9.27853e-05 0.000102018 0.000113923 0.000121229 0.000133556 0.000146528 0.000153219 0.000174299 0.000176447 0.000183793 0.000201865 0.000197882 0.00022617 0.000242321 0.000248154 0.000275685 0.000271432 0.000284616 0.000304485 0.000313753 0.000331863 0.00034307 0.000354033 0.00035978 0.000394753 0.00041196 0.000418711 0.000446124 0.000451358 0.000482662 0.000503441 0.000511538 0.000530375 0.000555951 0.000577826 0.000585528 0.000624052 0.000638557 0.000660652 0.000696002 0.00071965 0.000746079 0.000777824 0.000821779 0.000842113 0.000893012 0.000945754 0.00100212 0.00108191 0.0012005 0.00135771 0.0015652 0.00188676 0.00231181 0.00289324 0.00366929 0.0047074 0.00602199 0.00768909 0.00976755 0.0122916 0.0152845 0.0187536 0.0226731 0.026923 0.0313804 0.0358468 0.0401082 0.0438708 0.0468781 0.0488345 0.0494981 0.0486529 0.0462226 0.0422217 0.0367999 0.0301836 0.0226936 0.0147043 0.00665525 -0.000991093 -0.00780353 -0.0134327 -0.0176336 -0.0202448 -0.0212049 -0.02054 -0.0183889 -0.0149642 -0.0105628 -0.00551085 -0.000174848 0.00508906 0.00990806 0.013938 0.0168484 0.0183825 0.0183511 0.0166787 0.0133755 0.00855447 0.00241244 -0.00473917 -0.0124958 -0.0203995 -0.0279997 -0.0348936 -0.0407298 -0.045244 -0.0482488 -0.0496813 -0.0495743 -0.0481074 -0.0455059 -0.0420548 -0.0380082 -0.0336661 -0.0292576 -0.0249959 -0.0210139 -0.0174514 -0.0143501 -0.0117161 -0.00952539 -0.00775833 -0.00635595 -0.0052432 -0.00439973 -0.00376696 -0.00330149 -0.00294476 -0.00271126 -0.00253597 -0.00240522 -0.00231115 -0.00225168 -0.00219416 -0.00214037 -0.00211795 -0.00207688 -0.00204512 -0.00201707 -0.00199899 -0.0019614 -0.00194162 -0.00192592 -0.00188691 -0.00187466 -0.00185426 -0.00182999 -0.0017995 -0.00179192 -0.00177332 -0.00174927 -0.00174135 -0.00170872 -0.00170915 -0.00170373 -0.0016809 -0.00166592 -0.00165455 -0.00164682 -0.00163035 -0.00163123 -0.00160556 -0.00158907 -0.0015906 -0.00156737 -0.00157544 -0.00156804 -0.00155111 -0.00155349 -0.00153729 -0.00153399 -0.00153168 -0.00152343 -0.00151813 -0.00150817 -0.00150325 -0.00149543 -0.00149397 -0.0014932 -0.00149247 -0.00149552 -0.00148774 -0.00148451 -0.00147724 -0.00146977 -0.00147222 -0.00146945 -0.00147635 
0 3.66695e-06 2.35439e-05 2.64816e-05 4.23898e-05 6.04921e-05 6.62061e-05 8.11103e-05 8.94962e-05 9.88837e-05 0.00010867 0.000121229 0.000137266 0.000140443 0.000159624 0.000171664 0.000174174 0.000201238 0.000208799 0.000217615 0.00024036 0.00024462 0.000255221 0.000268886 0.000287381 0.000297786 0.000308625 0.000341254 0.000340897 0.000354832 0.000392005 0.000391024 0.000406421 0.000431845 0.000446359 0.00045992 0.000475451 0.000500238 0.000516783 0.000543666 0.000556503 0.000578616 0.000617688 0.000626485 0.000654272 0.00068544 0.00070884 0.000730466 0.000764142 0.000796408 0.000811275 0.000859216 0.000890808 0.00092342 0.000973144 0.00103596 0.00110103 0.00118982 0.00133927 0.00150988 0.0017646 0.00212554 0.00262413 0.00327302 0.00415703 0.00531935 0.00678128 0.00862978 0.0109191 0.0136943 0.0169397 0.0207019 0.0248997 0.0294276 0.034109 0.0387857 0.043192 0.0470479 0.0500759 0.0520102 0.0525883 0.0515992 0.0489904 0.0447962 0.039177 0.0323402 0.0246401 0.0164412 0.00819633 0.000320364 -0.00672273 -0.0125992 -0.0170226 -0.0198647 -0.021018 -0.020525 -0.0184781 -0.0151275 -0.0107374 -0.00567669 -0.000292489 0.0049961 0.00983266 0.0138266 0.0166759 0.0180797 0.0178897 0.0160118 0.0125045 0.00744652 0.00107451 -0.0063155 -0.0142769 -0.022396 -0.0302089 -0.0373297 -0.0433678 -0.0480794 -0.0512646 -0.0528508 -0.0528386 -0.0514046 -0.0487899 -0.0452596 -0.0410795 -0.036538 -0.0319127 -0.0273819 -0.0231259 -0.0192686 -0.0159124 -0.0130224 -0.0106174 -0.00865952 -0.00710849 -0.00586601 -0.00491449 -0.00420946 -0.00367323 -0.00327652 -0.00299572 -0.00280926 -0.00264718 -0.00254733 -0.00247426 -0.00241097 -0.00235207 -0.00231716 -0.00228266 -0.00223143 -0.00221172 -0.00217753 -0.00214325 -0.00211533 -0.00209683 -0.00206356 -0.00203428 -0.0020285 -0.00199535 -0.00197613 -0.00195816 -0.00193801 -0.00192575 -0.00190368 -0.00188238 -0.00186458 -0.00186192 -0.0018316 -0.00181034 -0.00181803 -0.00178863 -0.00177368 -0.00177308 -0.00175728 -0.00174713 -0.00173784 -0.00173416 -0.00171526 -0.00170428 -0.00170522 -0.00168514 -0.00168201 -0.00167826 -0.00166372 -0.00166137 -0.00165462 -0.00165221 -0.00164457 -0.00164439 -0.00164503 -0.00162452 -0.00162997 -0.00162212 -0.00160679 -0.00162762 -0.00161378 -0.00161329 -0.00162992 -0.00160297 -0.00161203 
0 1.30072e-05 2.46674e-05 3.62219e-05 4.79628e-05 6.00731e-05 6.89402e-05 8.45612e-05 9.74799e-05 0.00010402 0.000126054 0.000133556 0.000140443 0.000167979 0.000167788 0.000180878 0.000206375 0.000200569 0.000223447 0.000247266 0.000247691 0.000270228 0.000286494 0.000292223 0.000306345 0.000331236 0.000348626 0.000352399 0.000377852 0.000393784 0.00039851 0.000428925 0.0004568 0.00046728 0.000469261 0.000500263 0.000540492 0.000543858 0.000558928 0.000588107 0.00061408 0.000637655 0.00065685 0.000684148 0.000708211 0.00074324 0.000766094 0.000791379 0.000833484 0.000858395 0.000893255 0.00093117 0.000975676 0.00101133 0.00106775 0.00113962 0.00120871 0.0013251 0.0014781 0.00169007 0.00197158 0.00239215 0.00294714 0.00368367 0.00467495 0.00595958 0.00758637 0.00961023 0.0121307 0.0151321 0.0186551 0.022675 0.0271519 0.0319083 0.0368027 0.0416327 0.0461452 0.0500405 0.0530476 0.0549191 0.0553744 0.0542453 0.0514633 0.047129 0.041349 0.0343884 0.026549 0.0182655 0.00990632 0.00192976 -0.00527697 -0.011306 -0.0159339 -0.0189629 -0.0203397 -0.0200264 -0.01817 -0.014956 -0.0107054 -0.00572429 -0.00043138 0.00479131 0.00951137 0.013396 0.016084 0.0173348 0.0169421 0.0148885 0.0111803 0.00596583 -0.000580417 -0.00808646 -0.0161757 -0.0243855 -0.0323395 -0.0395841 -0.0457843 -0.0506323 -0.0539887 -0.055713 -0.0558302 -0.0544632 -0.0518804 -0.0483197 -0.0440514 -0.039368 -0.0345449 -0.0297945 -0.0252708 -0.0211589 -0.0175258 -0.0144081 -0.0117679 -0.00963119 -0.0079058 -0.00653955 -0.00547154 -0.00467668 -0.00407424 -0.00361735 -0.00330258 -0.00307075 -0.00290263 -0.00277137 -0.00269479 -0.00261679 -0.00255721 -0.00251491 -0.00247205 -0.00243098 -0.00239407 -0.00237075 -0.00232791 -0.00230173 -0.00227611 -0.00224678 -0.00222203 -0.00219137 -0.00216911 -0.00214889 -0.00213388 -0.00209662 -0.00206963 -0.00207351 -0.00205382 -0.00201999 -0.00199682 -0.00199658 -0.00198699 -0.00195639 -0.00194836 -0.00193688 -0.00191523 -0.00190622 -0.0019025 -0.00188896 -0.0018644 -0.00186457 -0.00185533 -0.00183291 -0.00184263 -0.00182935 -0.00181089 -0.00181656 -0.0018018 -0.00179471 -0.00179579 -0.00178469 -0.00177735 -0.00177354 -0.00177163 -0.00176314 -0.00176307 -0.0017642 -0.00175129 -0.00175641 -0.00175341 -0.0017422 -0.00175367 -0.00174636 
0 1.72496e-05 2.58057e-05 4.40877e-05 5.16083e-05 6.13508e-05 7.81105e-05 8.55828e-05 0.000103442 0.000120235 0.000129717 0.000146528 0.000159624 0.000167788 0.000186123 0.000202868 0.000210551 0.000234517 0.000245592 0.000247573 0.000274345 0.000283734 0.000302412 0.000331392 0.000340615 0.000356382 0.000364407 0.000387247 0.000407742 0.000422514 0.000451196 0.000456858 0.000470859 0.000496115 0.000536371 0.000553469 0.000551519 0.00059085 0.000617792 0.000644303 0.000659316 0.000683103 0.000717311 0.000738669 0.000773486 0.000791778 0.000831806 0.000860184 0.000894656 0.000931701 0.000964474 0.00101366 0.00104833 0.00110707 0.00115879 0.00123947 0.00132695 0.00145598 0.00163418 0.00186936 0.00221014 0.00266826 0.00330484 0.00412713 0.0052373 0.00664883 0.00844311 0.0106649 0.0133958 0.0166443 0.0204173 0.0247059 0.0294083 0.0343879 0.0394411 0.0443961 0.0489494 0.0528466 0.0557839 0.0575481 0.0578536 0.0565717 0.0536468 0.0491912 0.0433211 0.0362927 0.0284273 0.0201326 0.011785 0.00378669 -0.00346167 -0.00959629 -0.0143552 -0.0175739 -0.0191472 -0.0190694 -0.0174374 -0.0144736 -0.0104425 -0.00568532 -0.000580817 0.0044281 0.00894391 0.0125928 0.0150689 0.0160937 0.0155094 0.0132622 0.00941134 0.0040723 -0.00253642 -0.0100853 -0.0181773 -0.026406 -0.0343838 -0.041692 -0.0479735 -0.0529348 -0.0564206 -0.0582883 -0.0585481 -0.0572909 -0.0547804 -0.0512267 -0.0469276 -0.0421345 -0.0371642 -0.0322005 -0.0274607 -0.023086 -0.0192053 -0.015836 -0.0129861 -0.0106449 -0.00874873 -0.00724694 -0.0060602 -0.00517231 -0.00448456 -0.00398693 -0.0036108 -0.00335318 -0.00315498 -0.00301519 -0.00291427 -0.00283015 -0.00277257 -0.00271067 -0.00267464 -0.00262404 -0.00259258 -0.00255094 -0.00252108 -0.00249053 -0.00245172 -0.00242908 -0.00239363 -0.00237694 -0.00234106 -0.00231302 -0.00228752 -0.00227514 -0.00225846 -0.00220909 -0.00219912 -0.00219295 -0.00217893 -0.00214862 -0.00212597 -0.00212089 -0.00210066 -0.00209429 -0.00207542 -0.00205847 -0.00203944 -0.00202234 -0.00202805 -0.00200782 -0.0019995 -0.00199582 -0.00197208 -0.00196927 -0.00196565 -0.0019542 -0.00194804 -0.00194114 -0.00192885 -0.00192148 -0.00191901 -0.00190925 -0.00191106 -0.00190995 -0.00190189 -0.00190337 -0.0018938 -0.00188871 -0.00188759 -0.00188129 -0.0018858 -0.0018844 
0 1.3161e-05 1.58797e-05 4.07033e-05 5.36497e-05 6.92399e-05 9.4586e-05 9.87594e-05 0.000113641 0.000128314 0.000132132 0.000153219 0.000171664 0.000180878 0.000202868 0.000217817 0.000222572 0.000250043 0.000263792 0.000274617 0.000308254 0.000308955 0.000323227 0.000344437 0.000348515 0.000383714 0.000399873 0.000420335 0.000442683 0.000450513 0.000479674 0.000501162 0.000529047 0.000537812 0.000559455 0.000585249 0.000598134 0.000645014 0.000652085 0.000677148 0.000714807 0.000740353 0.000772452 0.000795696 0.000840332 0.000856141 0.000902117 0.000934515 0.000960401 0.00100821 0.00104083 0.00108997 0.00112482 0.00119641 0.00124986 0.00133462 0.00144732 0.00158909 0.0017933 0.00206359 0.00246168 0.00296991 0.00368743 0.0046142 0.00584042 0.00739278 0.00935961 0.0117887 0.014728 0.0182213 0.0222416 0.0267759 0.031682 0.0368479 0.0420325 0.0470572 0.0516108 0.0554566 0.058289 0.0598954 0.0600309 0.0585879 0.0555427 0.0509929 0.0450883 0.0380646 0.0302629 0.0220477 0.0138082 0.00589128 -0.00130408 -0.00746682 -0.012308 -0.0156841 -0.0174526 -0.017633 -0.0162884 -0.0136557 -0.00995415 -0.00553827 -0.000756701 0.00391609 0.00810745 0.0114255 0.0136084 0.0143655 0.0135727 0.011149 0.00718813 0.00178824 -0.00479869 -0.0122901 -0.0202892 -0.0284449 -0.0363554 -0.0436473 -0.049947 -0.0549856 -0.0585711 -0.0605798 -0.0609929 -0.0598885 -0.057482 -0.0539835 -0.0496903 -0.0448412 -0.0397502 -0.0346094 -0.029673 -0.025061 -0.0209351 -0.0173186 -0.0142593 -0.0117088 -0.00963636 -0.00798747 -0.00668581 -0.00569026 -0.00491992 -0.00437048 -0.00394006 -0.0036456 -0.00342057 -0.00327095 -0.00314346 -0.0030545 -0.00299307 -0.00291957 -0.00287678 -0.00282416 -0.00279097 -0.00273416 -0.0027093 -0.00267073 -0.00262784 -0.00260841 -0.00256649 -0.0025425 -0.00251121 -0.00249971 -0.0024576 -0.00243377 -0.00242672 -0.00238976 -0.00238035 -0.00234725 -0.00232445 -0.00230802 -0.00229322 -0.00227671 -0.00224592 -0.00223908 -0.0022148 -0.00221259 -0.00220565 -0.0021791 -0.00218101 -0.0021532 -0.00214093 -0.00214371 -0.00212069 -0.00211569 -0.00210722 -0.00208943 -0.00208413 -0.00208098 -0.00207172 -0.00207162 -0.00207131 -0.00205497 -0.00205147 -0.00204237 -0.00202946 -0.00203517 -0.00202991 -0.00203201 -0.00203612 -0.00202837 -0.00202958 -0.00202044 
0 2.0126e-05 3.42459e-05 5.14706e-05 5.86976e-05 7.28716e-05 8.37142e-05 9.72016e-05 0.000123221 0.000131312 0.000157109 0.000174299 0.000174174 0.000206375 0.000210551 0.000222572 0.000257769 0.000255987 0.000276986 0.000301016 0.000310416 0.000331688 0.000354598 0.000380964 0.000382253 0.000411941 0.000437884 0.000429096 0.000474528 0.000493366 0.000497763 0.000534424 0.000555387 0.000584008 0.000599517 0.00062896 0.000661685 0.000685043 0.000709556 0.000725326 0.00077567 0.000793518 0.000813199 0.000859828 0.000884811 0.000919958 0.000954782 0.00100124 0.00102793 0.00107717 0.00113007 0.00116183 0.00122647 0.00128785 0.00136195 0.00144523 0.00158216 0.00174318 0.00196096 0.0022878 0.00271778 0.00330424 0.00408403 0.00513841 0.0064692 0.00817973 0.0103232 0.012959 0.0161182 0.0198408 0.0241194 0.0288588 0.0339691 0.0392683 0.044573 0.049602 0.0541339 0.0578699 0.0605717 0.0619735 0.0619267 0.0603196 0.0571708 0.0525616 0.0466683 0.0397315 0.0320645 0.0240292 0.0159739 0.00825365 0.00118486 -0.00491004 -0.00979913 -0.0132764 -0.0152549 -0.0156958 -0.0147178 -0.0124739 -0.0092284 -0.00525322 -0.00095223 0.00327822 0.00700671 0.0099209 0.0117127 0.0121799 0.0111441 0.00858379 0.00453177 -0.000844811 -0.00734601 -0.0146662 -0.0224971 -0.0304761 -0.0382487 -0.0454352 -0.0517026 -0.0567736 -0.06044 -0.0625834 -0.06316 -0.062248 -0.0599747 -0.0565877 -0.052326 -0.0474869 -0.0422927 -0.0370321 -0.0319017 -0.0270999 -0.0227206 -0.0188806 -0.0155971 -0.0128458 -0.0105876 -0.00877912 -0.00736455 -0.00624006 -0.00539802 -0.00476325 -0.00429862 -0.00393739 -0.00369743 -0.00351846 -0.00337139 -0.00327353 -0.00319625 -0.0031318 -0.00306144 -0.00303058 -0.00297702 -0.00293077 -0.00290069 -0.00285996 -0.00282209 -0.00278749 -0.00276792 -0.00271411 -0.00269162 -0.00267298 -0.00263078 -0.00260531 -0.00257387 -0.00256016 -0.00253228 -0.00250704 -0.00248372 -0.00246986 -0.0024616 -0.00241658 -0.00241945 -0.00240914 -0.00236815 -0.00236862 -0.00234932 -0.00232719 -0.00231407 -0.00230881 -0.00229521 -0.00227157 -0.00227988 -0.00225828 -0.00224428 -0.0022542 -0.00223027 -0.00222839 -0.00221911 -0.00220011 -0.00220029 -0.0021879 -0.00219265 -0.00218825 -0.00218227 -0.00218873 -0.00216712 -0.00216999 -0.00216728 -0.00215004 -0.00216932 -0.0021601 
0 1.94669e-05 2.20599e-05 5.02043e-05 6.49112e-05 7.3906e-05 0.000105996 0.000110345 0.000124249 0.000153097 0.000150793 0.000176447 0.000201238 0.000200569 0.000234517 0.000250043 0.000255987 0.0002891 0.000301512 0.000315427 0.000336148 0.00035437 0.00037251 0.000390215 0.000424087 0.000435216 0.000449318 0.000484011 0.000500056 0.000522325 0.000550758 0.00057871 0.000584577 0.000604364 0.000660918 0.00067568 0.00068634 0.000720595 0.000758292 0.000790962 0.000814725 0.000846851 0.00087822 0.000924269 0.000953125 0.000981404 0.00103166 0.00106733 0.00110373 0.00115059 0.00120346 0.00124336 0.00130584 0.00138187 0.00145372 0.0015604 0.00170887 0.00189605 0.00214613 0.0025168 0.00300737 0.00365656 0.00453729 0.00569585 0.00716507 0.00902627 0.0113631 0.0142014 0.0175807 0.0215371 0.026042 0.0309844 0.0362488 0.0416737 0.0470278 0.0520456 0.0564867 0.0600947 0.0626019 0.0637873 0.063527 0.0617664 0.0585194 0.0538857 0.0480541 0.0412678 0.0338179 0.0260352 0.0182631 0.0108159 0.00397576 -0.00199361 -0.00685192 -0.0104118 -0.0125694 -0.0133158 -0.0127335 -0.0109765 -0.00826178 -0.0048718 -0.00116185 0.00247307 0.00565011 0.00804539 0.00939808 0.00950821 0.00823918 0.00554052 0.00146192 -0.00384683 -0.0101665 -0.0172444 -0.0248055 -0.0325357 -0.0400825 -0.0470981 -0.0532718 -0.0583347 -0.0620648 -0.0643286 -0.0650876 -0.064375 -0.0622891 -0.0590299 -0.0548611 -0.0500422 -0.0448112 -0.0394344 -0.0341585 -0.0291609 -0.0245636 -0.0204888 -0.016986 -0.0140293 -0.0115775 -0.00961203 -0.00805706 -0.00682719 -0.00588216 -0.00518394 -0.00465745 -0.00425657 -0.00398107 -0.0037798 -0.00362044 -0.00350173 -0.00342444 -0.00334465 -0.00327732 -0.00323201 -0.00317921 -0.00312709 -0.0030872 -0.00305311 -0.0029998 -0.00296675 -0.00293719 -0.00289991 -0.00286719 -0.0028292 -0.00280498 -0.00278546 -0.00276056 -0.00271093 -0.00269223 -0.00269479 -0.00265563 -0.00262289 -0.00260505 -0.00259314 -0.00256749 -0.002547 -0.00254063 -0.00250967 -0.00249399 -0.00248717 -0.00247326 -0.00245715 -0.00244162 -0.00243725 -0.0024116 -0.00240541 -0.00240661 -0.00237547 -0.00237711 -0.00237195 -0.00234957 -0.00235837 -0.00234771 -0.00233478 -0.00233847 -0.00232442 -0.00231845 -0.00231851 -0.00231022 -0.00231025 -0.00230892 -0.00230467 -0.00230433 -0.00230072 
