0 0 0 0 0 0 0 0 0 0 0 0 0 0 0 0 0 0 0 0 0 0 0 0 0 0 0 0 0 0 0 0 0 0 0 0 0 0 0 0 0 0 0 0 0 0 0 0 0 0 0 0 0 0 0 0 0 0 0 0 0 0 0 0 0 0 0 0 0 0 0 0 0 0 0 0 0 0 0 0 0 0 0 0 0 0 0 0 0 0 0 0 0 0 0 0 0 0 0 0 0 0 0 0 0 0 0 0 0 0 0 0 0 0 0 0 0 0 0 0 0 0 0 0 0 0 0 0 0 0 0 0 0 0 0 0 0 0 0 0 0 0 0 0 0 0 0 0 0 0 0 0 0 0 0 0 0 0 0 0 0 0 0 0 0 0 0 0 0 0 0 0 0 0 0 0 0 0 0 0 0 0 0 0 0 0 0 0 0 0 0 0 0 0 0 0 0 0 0 0 
0 -3.7523e-06 5.24953e-06 -7.54795e-06 1.55303e-06 3.03007e-06 -2.24237e-06 9.96671e-06 1.62256e-06 4.71663e-06 5.16384e-06 -1.13542e-06 4.31108e-06 -4.65887e-07 5.45985e-06 3.59599e-06 5.03634e-06 9.21723e-06 -3.06153e-07 1.04801e-05 4.22232e-06 4.45593e-06 1.59106e-05 4.90975e-06 1.14594e-05 1.18278e-05 6.32555e-06 1.3027e-05 2.42769e-05 3.26485e-05 5.01625e-05 8.51129e-05 0.000106879 0.000163176 0.000242578 0.000328522 0.000464829 0.000625596 0.000817304 0.00105642 0.00134934 0.00168612 0.00206285 0.00247674 0.00289707 0.00330227 0.00366092 0.00395365 0.00411804 0.00411874 0.00397805 0.00367307 0.00318106 0.00252438 0.0017454 0.00087968 -7.22423e-06 -0.000854503 -0.00161818 -0.0022411 -0.00270976 -0.00301744 -0.0031509 -0.00311906 -0.00296754 -0.00272997 -0.00243792 -0.00213745 -0.00183234 -0.00153947 -0.00128376 -0.00108299 -0.00091063 -0.000771486 -0.000659159 -0.000568298 -0.000499733 -0.000454641 -0.000409566 -0.000358818 -0.000329518 -0.000311329 -0.000286905 -0.000253505 -0.000238007 -0.00022225 -0.000207429 -0.0001866 -0.000174743 -0.000157049 -0.000149779 -0.000136536 -0.000123821 -0.000105995 -0.000104415 -9.37125e-05 -7.92287e-05 -6.33425e-05 -6.48721e-05 -5.32814e-05 -3.79081e-05 -2.45376e-05 -2.63405e-05 -1.22643e-05 2.52052e-06 1.44941e-05 1.54059e-05 3.18232e-05 4.46547e-05 5.82336e-05 6.48811e-05 8.17891e-05 9.26449e-05 0.000112666 0.000127402 0.0001427 0.000155058 0.000186532 0.000211058 0.000227902 0.000251296 0.00029815 0.00034031 0.000380008 0.000438383 0.00051879 0.000617843 0.00074216 0.000897417 0.00107807 0.00131155 0.00158718 0.00188186 0.00217692 0.00247389 0.00272903 0.00291306 0.00299232 0.00292053 0.00267777 0.00227511 0.00171808 0.00101373 0.000210086 -0.000654598 -0.00151476 -0.00230159 -0.00298396 -0.00352713 -0.00388581 -0.00406478 -0.00410589 -0.00399817 -0.00375462 -0.003418 -0.00302745 -0.00262097 -0.0022124 -0.00183436 -0.00149641 -0.0011961 -0.000936355 -0.000736812 -0.000574155 -0.000429962 -0.000339792 -0.000257311 -0.000191928 -0.00016209 -0.00013418 -0.000115364 -0.000107864 -0.000103155 -8.78144e-05 -9.10632e-05 -8.91566e-05 -8.04648e-05 -9.23495e-05 -8.3591e-05 -8.44236e-05 -8.55866e-05 -7.91273e-05 -8.402e-05 -8.01617e-05 -8.73169e-05 -8.43833e-05 -8.61344e-05 -8.98487e-05 -7.79012e-05 -8.75156e-05 -7.83805e-05 -7.6778e-05 -8.76765e-05 -7.43697e-05 -8.78383e-05 -8.57035e-05 -7.81985e-05 -9.16231e-05 -7.70711e-05 -8.3196e-05 
0 5.24953e-06 3.72782e-07 6.52935e-06 8.14837e-06 -1.01909e-06 5.22929e-06 4.10086e-07 -3.76272e-06 8.4809e-06 1.9753e-06 7.91609e-06 1.55482e-05 5.28534e-06 1.20291e-05 1.07639e-05 3.75421e-06 1.18326e-05 1.32426e-05 7.33345e-06 1.65053e-05 1.36784e-05 2.85812e-06 2.04064e-05 1.21677e-05 1.89387e-05 4.02427e-05 3.29447e-05 5.54731e-05 6.82723e-05 9.96257e-05 0.000149751 0.000222968 0.000341655 0.000467071 0.000671351 0.000918626 0.00123221 0.00164166 0.00213668 0.00271086 0.00336489 0.00414358 0.00493776 0.0057876 0.00661935 0.00732422 0.007865 0.00818138 0.0082395 0.00793894 0.00730899 0.00631397 0.00503986 0.00349097 0.00175617 -4.24209e-06 -0.00169299 -0.00319428 -0.00445541 -0.00537776 -0.00600525 -0.00626068 -0.00621548 -0.00591313 -0.00544712 -0.00487141 -0.0042686 -0.00366984 -0.00307789 -0.00258211 -0.00216346 -0.00183461 -0.00154063 -0.00133083 -0.0011351 -0.00101151 -0.000907348 -0.000826854 -0.00072128 -0.000667788 -0.000625635 -0.000578749 -0.000515737 -0.000480982 -0.000453014 -0.00041773 -0.000384571 -0.000351478 -0.000326529 -0.000300491 -0.000285289 -0.000248018 -0.000226388 -0.000208106 -0.000199805 -0.000158284 -0.00014164 -0.000127908 -0.000119081 -7.56901e-05 -6.37819e-05 -5.04826e-05 -3.72958e-05 4.86347e-06 1.50435e-05 3.23872e-05 5.08715e-05 8.87706e-05 0.000103865 0.000129483 0.000151921 0.000184342 0.00021499 0.000251556 0.000277173 0.000308423 0.000366594 0.00041594 0.000454013 0.000499689 0.000596676 0.000674316 0.000767239 0.000874178 0.00104934 0.00123552 0.00150139 0.00179752 0.00217881 0.00263131 0.0031929 0.00376924 0.0043659 0.00494836 0.00545405 0.00581779 0.00595885 0.00581876 0.00532133 0.00453074 0.00339504 0.00200124 0.000393348 -0.00130651 -0.00303502 -0.0046198 -0.00595949 -0.00701721 -0.00773547 -0.00814863 -0.00819821 -0.00795581 -0.00746976 -0.0068387 -0.00605282 -0.00522296 -0.00443123 -0.00365162 -0.00297756 -0.00239189 -0.00190272 -0.00147346 -0.00114331 -0.000879751 -0.000664401 -0.000525746 -0.000407108 -0.000334836 -0.000265102 -0.000231325 -0.000208473 -0.000178895 -0.000192294 -0.000176544 -0.000172306 -0.000179758 -0.000166727 -0.000167622 -0.000173565 -0.00017068 -0.000169556 -0.000178802 -0.000165977 -0.000164808 -0.000169961 -0.000153609 -0.000166595 -0.000166872 -0.000160813 -0.000177101 -0.000166662 -0.000166492 -0.000172225 -0.000157572 -0.000163985 -0.000164398 -0.000156107 -0.000168316 -0.00016441 
0 -7.54795e-06 6.52935e-06 -7.84547e-06 3.86443e-06 6.10058e-06 1.21429e-06 1.70299e-05 6.28985e-06 1.18839e-05 1.0979e-05 3.64286e-06 1.17552e-05 4.44913e-06 1.4584e-05 1.25231e-05 1.43089e-05 2.175e-05 9.0385e-06 2.31404e-05 1.6845e-05 1.7323e-05 3.25518e-05 2.13946e-05 2.9613e-05 3.28114e-05 3.14493e-05 4.49405e-05 7.40871e-05 0.000103543 0.000155839 0.000246238 0.000336963 0.000502434 0.00072767 0.00100692 0.00140033 0.00188152 0.00247113 0.00319397 0.00406346 0.00506595 0.00619431 0.00741351 0.00866294 0.00986816 0.0109267 0.011765 0.0122418 0.0122681 0.0118384 0.0109128 0.00945467 0.0075235 0.00521951 0.00266231 4.28729e-05 -0.00246849 -0.00472496 -0.00658834 -0.00799253 -0.00891769 -0.00933084 -0.0092701 -0.00884494 -0.00815896 -0.00731423 -0.00642195 -0.00552123 -0.0046557 -0.00389915 -0.00328142 -0.00276543 -0.00234129 -0.00200159 -0.00172509 -0.00151877 -0.00137014 -0.00123243 -0.00109121 -0.000998557 -0.00093478 -0.000860117 -0.00077277 -0.000717713 -0.000670417 -0.000622173 -0.00056788 -0.000524621 -0.000479044 -0.000448842 -0.000413599 -0.000371515 -0.00032843 -0.000311022 -0.000282824 -0.000238922 -0.000200865 -0.000190343 -0.000161222 -0.000116156 -8.32631e-05 -7.337e-05 -3.93153e-05 5.04943e-06 3.58818e-05 5.1704e-05 9.13113e-05 0.000133375 0.000169219 0.000197746 0.000240679 0.000281565 0.000333792 0.000381203 0.000425934 0.000473987 0.000556049 0.00062965 0.000687979 0.000766503 0.000895728 0.00102368 0.00115509 0.00133318 0.00157747 0.00187877 0.00225847 0.00272332 0.00328227 0.00397681 0.00479336 0.00566365 0.00654419 0.00740602 0.00814805 0.00867162 0.00887443 0.00863944 0.00790701 0.00669839 0.00502613 0.00293784 0.000551367 -0.00199828 -0.00454024 -0.00687751 -0.00889228 -0.0104835 -0.0115566 -0.0121178 -0.0122277 -0.0118992 -0.0111869 -0.010207 -0.0090541 -0.0078413 -0.00663559 -0.0055052 -0.00449189 -0.00360018 -0.00283826 -0.00222429 -0.00172869 -0.00131411 -0.00102031 -0.000781463 -0.000597384 -0.000491578 -0.000405613 -0.000350591 -0.000320838 -0.000298893 -0.000272999 -0.000270691 -0.000264559 -0.00025275 -0.000266331 -0.000253484 -0.000254748 -0.000254952 -0.000244845 -0.000252868 -0.000246083 -0.000255727 -0.000253653 -0.000253478 -0.000259745 -0.000243527 -0.000253883 -0.000243418 -0.000239638 -0.000253476 -0.000237574 -0.000253645 -0.000251481 -0.000243289 -0.000259971 -0.000240689 -0.000248029 
0 1.55303e-06 8.14837e-06 3.86443e-06 6.61394e-06 5.62424e-06 4.40432e-06 8.21506e-06 4.66102e-06 1.1039e-05 1.19986e-05 1.2671e-05 1.92686e-05 1.46521e-05 1.87396e-05 1.86987e-05 1.63541e-05 2.23233e-05 2.06136e-05 2.33462e-05 2.59394e-05 2.48485e-05 2.70067e-05 3.08845e-05 3.46236e-05 4.40173e-05 5.8133e-05 7.2457e-05 0.000103719 0.000143657 0.00021118 0.000317767 0.000464273 0.000683991 0.000972843 0.00136139 0.00187162 0.002513 0.00331498 0.0042904 0.00544015 0.00676582 0.00826484 0.00986716 0.0115205 0.0131159 0.0145059 0.0155747 0.0161916 0.0162513 0.015674 0.0144271 0.0124991 0.00996959 0.00693856 0.0035754 0.000127088 -0.00318211 -0.00615257 -0.00862716 -0.010497 -0.0117331 -0.0122985 -0.0122552 -0.0117213 -0.0108399 -0.00974636 -0.00857137 -0.00738612 -0.00624865 -0.00524948 -0.00441369 -0.00372489 -0.00315306 -0.0026969 -0.00232461 -0.00204803 -0.00183627 -0.00165114 -0.001472 -0.00134524 -0.00125015 -0.00115085 -0.00104436 -0.00096531 -0.000900349 -0.000834186 -0.000767067 -0.000704823 -0.000648977 -0.000602545 -0.000557417 -0.000500086 -0.000450284 -0.000416872 -0.00038078 -0.000324078 -0.000280354 -0.000253818 -0.000218254 -0.000161335 -0.000122345 -9.64813e-05 -5.67107e-05 1.50035e-07 3.84266e-05 7.00924e-05 0.000115979 0.00017286 0.000218171 0.000262565 0.000314714 0.000374325 0.000438945 0.000503564 0.000564298 0.000636318 0.000736537 0.000833365 0.000920487 0.00103204 0.00119578 0.00136728 0.00155603 0.00179773 0.00212769 0.00253452 0.00304846 0.00367023 0.00443076 0.00535279 0.00642912 0.00757575 0.00874018 0.0098598 0.0108194 0.0114854 0.0117164 0.0113811 0.0103982 0.00878533 0.00655542 0.00379665 0.000647317 -0.00270494 -0.00605265 -0.00914205 -0.0117868 -0.0138673 -0.0152971 -0.0160706 -0.0162022 -0.0157543 -0.0148266 -0.0135536 -0.0120391 -0.0104302 -0.00884156 -0.00733654 -0.00598888 -0.00481524 -0.00381586 -0.00298394 -0.00231427 -0.00177602 -0.00136458 -0.00105685 -0.000824177 -0.000665914 -0.000546832 -0.000469782 -0.000420896 -0.000386107 -0.000370487 -0.000358788 -0.000350574 -0.000346644 -0.000343813 -0.000339022 -0.00034178 -0.000340352 -0.000338394 -0.000342357 -0.000334818 -0.000335808 -0.000333753 -0.000328466 -0.000333673 -0.000329847 -0.000332841 -0.000334903 -0.000331724 -0.000334685 -0.000330598 -0.000330301 -0.000328861 -0.000326029 -0.000328771 -0.000326609 -0.000330164 
0 3.03007e-06 -1.01909e-06 6.10058e-06 5.62424e-06 7.35295e-06 1.20432e-05 7.83463e-06 1.22003e-05 1.34217e-05 1.33456e-05 1.7091e-05 1.80323e-05 2.02013e-05 1.98482e-05 2.45001e-05 2.28932e-05 2.43154e-05 3.17785e-05 2.50571e-05 3.39853e-05 3.56502e-05 3.05197e-05 4.45287e-05 4.31361e-05 5.25242e-05 7.25419e-05 9.09924e-05 0.000128489 0.000186377 0.000276064 0.000402311 0.000600657 0.000871311 0.00123291 0.00173264 0.00236565 0.00317114 0.00417457 0.00539093 0.0068219 0.00847297 0.0103304 0.01231 0.014345 0.0163006 0.0180117 0.0193117 0.0200587 0.0201295 0.019406 0.0178562 0.015483 0.0123693 0.00864023 0.00451724 0.000279707 -0.00379758 -0.00746304 -0.0105344 -0.0128708 -0.0144201 -0.015158 -0.0151579 -0.0145459 -0.0134971 -0.0121805 -0.0107387 -0.00928023 -0.00788493 -0.00664491 -0.00558823 -0.00471844 -0.00399631 -0.00341496 -0.00294629 -0.00259104 -0.00230958 -0.00207154 -0.00185934 -0.00169375 -0.00156212 -0.00143666 -0.00131471 -0.00120963 -0.00112452 -0.0010403 -0.000960296 -0.000879884 -0.000813402 -0.000750157 -0.000692518 -0.000623506 -0.000567149 -0.000516111 -0.000468831 -0.000404783 -0.000354825 -0.000309879 -0.000265193 -0.000202584 -0.000155716 -0.000111355 -6.43042e-05 -5.81295e-07 4.78279e-05 9.72208e-05 0.000150056 0.000217903 0.000275089 0.000335905 0.000398014 0.000475277 0.000552403 0.000633439 0.000712333 0.000810161 0.000924716 0.00104401 0.00116392 0.00131263 0.00150493 0.00172209 0.00197249 0.00228445 0.00269856 0.00321716 0.00386566 0.00465065 0.00561475 0.00676392 0.00808614 0.009499 0.010933 0.0122884 0.0134391 0.0142193 0.0144534 0.0139978 0.0127603 0.0107407 0.00796802 0.00455918 0.000674205 -0.00344871 -0.00755287 -0.011354 -0.0146118 -0.0171708 -0.0189424 -0.0199103 -0.0200764 -0.0195353 -0.0184093 -0.0168464 -0.01499 -0.0130076 -0.0110483 -0.0091872 -0.0075095 -0.00604517 -0.00480062 -0.00375663 -0.00291312 -0.00224976 -0.00172106 -0.00133359 -0.00104631 -0.000835766 -0.00069101 -0.000595674 -0.00053154 -0.000485681 -0.000470068 -0.000448214 -0.00043747 -0.000439039 -0.000425295 -0.000428042 -0.000426859 -0.000421786 -0.000424271 -0.000421666 -0.000420459 -0.000417741 -0.000419754 -0.000415843 -0.000415604 -0.000419804 -0.000411924 -0.000417844 -0.000415633 -0.000409266 -0.000417474 -0.000409083 -0.000411926 -0.000416202 -0.000407377 -0.000415947 -0.000410912 
0 -2.24237e-06 5.22929e-06 1.21429e-06 4.40432e-06 1.20432e-05 7.14958e-06 1.54525e-05 2.03005e-05 1.38444e-05 2.11067e-05 1.90691e-05 1.52748e-05 2.45328e-05 2.35762e-05 2.46305e-05 3.415e-05 3.12913e-05 2.96996e-05 4.03419e-05 3.37084e-05 3.83408e-05 5.38564e-05 4.38594e-05 6.01318e-05 6.98601e-05 7.42648e-05 0.000113949 0.000154906 0.000232242 0.000341299 0.000508831 0.000739596 0.00105682 0.0015227 0.00210491 0.00288026 0.00386027 0.00505428 0.00649863 0.00821764 0.0102036 0.0123796 0.0147503 0.01714 0.0194151 0.0214234 0.0229596 0.0238321 0.023863 0.0230088 0.0211734 0.0183905 0.0146967 0.0103138 0.00548973 0.000507306 -0.0042937 -0.00863922 -0.0122729 -0.0150856 -0.0169398 -0.0178838 -0.0179452 -0.017298 -0.0161132 -0.0146036 -0.0129204 -0.0111992 -0.00957008 -0.00808269 -0.00681754 -0.00574594 -0.00488334 -0.00415606 -0.00360224 -0.00314769 -0.00280156 -0.0024968 -0.00226117 -0.00204743 -0.00187988 -0.00172434 -0.00158895 -0.00145854 -0.00134897 -0.00125005 -0.00115105 -0.00106053 -0.000975246 -0.000902838 -0.000821303 -0.00075345 -0.000679732 -0.000620783 -0.000548579 -0.00049262 -0.000423897 -0.00037102 -0.000303085 -0.000251147 -0.000182932 -0.000130617 -6.29073e-05 -8.17899e-06 6.37487e-05 0.000120854 0.00019248 0.000257587 0.000338219 0.000406982 0.000488522 0.000574074 0.000670763 0.000763141 0.000866123 0.00098742 0.00111598 0.00125887 0.00141254 0.00160594 0.00181892 0.00209232 0.00240008 0.00280144 0.00328947 0.00393942 0.00471254 0.00568277 0.00683875 0.00822635 0.00977094 0.0114453 0.0131237 0.0146926 0.0160015 0.0168573 0.0170724 0.0164641 0.0149742 0.012531 0.0092463 0.00520057 0.000622921 -0.00424522 -0.00904636 -0.0135036 -0.0173576 -0.0203841 -0.0224871 -0.0236045 -0.023838 -0.0232297 -0.0219216 -0.0200618 -0.0178972 -0.0155775 -0.0132362 -0.0110536 -0.00905057 -0.00729179 -0.00578606 -0.0045549 -0.00353605 -0.00272372 -0.00210843 -0.00161655 -0.00126837 -0.00101337 -0.000845418 -0.000723204 -0.000644123 -0.000603711 -0.00055249 -0.000543089 -0.000531315 -0.000514628 -0.000522451 -0.000514711 -0.000507439 -0.000509091 -0.000505494 -0.000498681 -0.000506445 -0.000505704 -0.000500186 -0.000511158 -0.000500234 -0.00049743 -0.000503706 -0.000488604 -0.000496632 -0.000498507 -0.000488821 -0.000502438 -0.000495625 -0.000492529 -0.000502896 -0.000489603 -0.000494564 
0 9.96671e-06 4.10086e-07 1.70299e-05 8.21506e-06 7.83463e-06 1.54525e-05 5.33651e-06 1.68307e-05 1.36369e-05 2.00107e-05 2.80353e-05 2.48816e-05 3.62715e-05 2.61273e-05 3.43352e-05 3.34159e-05 2.80222e-05 4.76378e-05 3.37949e-05 4.66746e-05 5.16169e-05 3.96804e-05 6.09413e-05 6.29794e-05 7.86564e-05 0.000110233 0.000146115 0.000193103 0.00028282 0.00041462 0.000592202 0.000894735 0.00127768 0.00180022 0.00251258 0.00340176 0.00454342 0.00595379 0.0076575 0.00964558 0.0119259 0.014456 0.0171502 0.0198878 0.0224931 0.0247714 0.0264635 0.0274245 0.0274878 0.0264808 0.0243498 0.0211448 0.0169591 0.0119705 0.00648128 0.000808753 -0.00466971 -0.00963298 -0.0138366 -0.017092 -0.0192834 -0.0204267 -0.0206027 -0.0199451 -0.0186751 -0.0170023 -0.0151033 -0.0131513 -0.0112888 -0.00958138 -0.00808713 -0.00683418 -0.00579788 -0.00494788 -0.00427688 -0.00374152 -0.00330161 -0.00294844 -0.00266845 -0.00242031 -0.00220338 -0.00202465 -0.00186926 -0.00171688 -0.00158319 -0.00146437 -0.00135172 -0.00124401 -0.00115007 -0.00105481 -0.000962804 -0.000881703 -0.000806808 -0.000721505 -0.000642315 -0.000576054 -0.000507847 -0.000426525 -0.000355098 -0.000294128 -0.000224747 -0.000143774 -7.48757e-05 -1.03786e-05 6.60001e-05 0.000149965 0.000223391 0.000301129 0.000389813 0.000481783 0.000571104 0.000673939 0.000782062 0.000893748 0.00101825 0.00116277 0.00130874 0.00147207 0.00167031 0.00189843 0.00215064 0.00246529 0.00285757 0.003333 0.00392749 0.00468731 0.00562055 0.00675725 0.00813238 0.00973182 0.0115082 0.0134114 0.0153187 0.0170687 0.0184953 0.0193963 0.0195403 0.0187746 0.0169974 0.0141619 0.0103432 0.00570548 0.000469103 -0.00506609 -0.0105412 -0.0156342 -0.0200098 -0.0234575 -0.025881 -0.0272236 -0.0274751 -0.0267771 -0.0253117 -0.0232323 -0.0207648 -0.0180995 -0.0154357 -0.0128976 -0.010586 -0.00855951 -0.00682525 -0.00536442 -0.00416726 -0.00323724 -0.00248281 -0.001929 -0.0015266 -0.00120778 -0.00100076 -0.000854347 -0.000752584 -0.000689487 -0.000663356 -0.000630843 -0.000615929 -0.000617071 -0.000591407 -0.000602403 -0.000597146 -0.000591885 -0.000603325 -0.000589645 -0.000594665 -0.000584311 -0.000581925 -0.000582477 -0.00057455 -0.000588394 -0.000578203 -0.00058613 -0.000588217 -0.000574708 -0.000589083 -0.000572278 -0.000574288 -0.000581326 -0.000564201 -0.000583125 -0.000575529 
0 1.62256e-06 -3.76272e-06 6.28985e-06 4.66102e-06 1.22003e-05 2.03005e-05 1.68307e-05 2.63658e-05 2.12018e-05 2.36301e-05 2.70442e-05 2.00738e-05 3.23088e-05 3.03631e-05 3.5204e-05 4.47639e-05 3.93384e-05 4.76848e-05 4.73967e-05 4.86278e-05 5.72387e-05 6.12436e-05 6.89749e-05 7.94721e-05 9.27403e-05 0.000115053 0.000160867 0.00022557 0.000337125 0.00049602 0.000722368 0.00105589 0.00149771 0.00211836 0.00292989 0.00396552 0.00528147 0.00688395 0.00880755 0.011076 0.0136677 0.0165086 0.0195419 0.0225875 0.0254617 0.0279758 0.0298638 0.0309119 0.0309217 0.0297707 0.0273908 0.0238198 0.0191369 0.0135918 0.00750844 0.00121401 -0.00489145 -0.0104548 -0.0151855 -0.0188875 -0.0214124 -0.0227981 -0.0231079 -0.022496 -0.0211785 -0.0193844 -0.0173045 -0.0151433 -0.0130687 -0.0111385 -0.0094314 -0.00797472 -0.00677159 -0.00577484 -0.00499334 -0.00435058 -0.00382592 -0.00340467 -0.00308404 -0.00278869 -0.00252984 -0.00231803 -0.00214227 -0.00196706 -0.00180919 -0.00166988 -0.00153897 -0.00142004 -0.00131016 -0.00119906 -0.00108853 -0.00100328 -0.000915687 -0.000816038 -0.000719198 -0.000652895 -0.000572122 -0.000476754 -0.000389395 -0.000329918 -0.000246516 -0.000151423 -6.81488e-05 -4.22394e-06 8.79943e-05 0.000186333 0.000273885 0.000354632 0.000460235 0.000567419 0.000673307 0.000785853 0.000910704 0.00104051 0.00118832 0.00135359 0.00151755 0.00170819 0.00194409 0.00221476 0.00250143 0.00287253 0.0033381 0.00390927 0.00460094 0.00549083 0.00657341 0.00789861 0.00947427 0.0112904 0.0132752 0.0153918 0.0174921 0.0193887 0.0208933 0.0217875 0.0218398 0.0208779 0.0188113 0.0155712 0.0112666 0.00606089 0.000213794 -0.00594696 -0.0120137 -0.0176597 -0.0225516 -0.0264173 -0.0291276 -0.0306214 -0.0309514 -0.0302253 -0.0286122 -0.0262997 -0.023568 -0.020612 -0.0176214 -0.0147811 -0.012166 -0.00984652 -0.00785981 -0.00620317 -0.0048347 -0.00375317 -0.00289826 -0.00223908 -0.00176066 -0.00140267 -0.00116312 -0.00099494 -0.000880416 -0.000808977 -0.000756945 -0.000726274 -0.000709721 -0.000698724 -0.000690188 -0.000690522 -0.000678958 -0.000676533 -0.00067587 -0.000665823 -0.000675876 -0.000671185 -0.000672211 -0.00067805 -0.000667202 -0.000671038 -0.000664547 -0.000659884 -0.000662591 -0.000656653 -0.000661925 -0.000661515 -0.000662273 -0.000665682 -0.000661159 -0.000662757 -0.000658223 
0 4.71663e-06 8.4809e-06 1.18839e-05 1.1039e-05 1.34217e-05 1.38444e-05 1.36369e-05 2.12018e-05 2.29093e-05 2.72714e-05 3.33982e-05 3.18251e-05 3.84736e-05 3.9797e-05 3.763e-05 4.61354e-05 4.49236e-05 4.7133e-05 5.69317e-05 5.40636e-05 6.09442e-05 7.02133e-05 7.19188e-05 9.15105e-05 0.000111724 0.000142388 0.000197614 0.000273686 0.000397777 0.000576162 0.00084586 0.00122479 0.00174058 0.00245101 0.00336608 0.00454386 0.00602794 0.00784089 0.0100061 0.0125449 0.0154244 0.0185654 0.0219019 0.0252353 0.0283691 0.0310789 0.0331012 0.0342047 0.0341791 0.032889 0.0302548 0.0263281 0.021213 0.01518 0.00855759 0.00170415 -0.00496394 -0.0110719 -0.0163014 -0.0204318 -0.023303 -0.0249465 -0.0254269 -0.0249048 -0.0235896 -0.0217161 -0.0194969 -0.01716 -0.0148886 -0.0127524 -0.0108372 -0.00917914 -0.00779864 -0.00665552 -0.00574905 -0.00499615 -0.00437976 -0.00388963 -0.00351526 -0.00317488 -0.00287341 -0.00262729 -0.00242467 -0.00222915 -0.00204714 -0.00188549 -0.00173576 -0.00160481 -0.00147846 -0.00135031 -0.00122426 -0.00113035 -0.00103 -0.000915975 -0.000805639 -0.000732326 -0.000640343 -0.000531768 -0.000432187 -0.000366409 -0.000271942 -0.000163786 -6.86021e-05 1.75384e-06 0.000105801 0.000218053 0.000318668 0.000406983 0.000525921 0.000649261 0.000771533 0.000894582 0.0010356 0.00118603 0.00135705 0.00154048 0.00172786 0.00194891 0.00222372 0.00253486 0.00286903 0.00329982 0.00384681 0.00451797 0.00532377 0.00634631 0.00759261 0.00910914 0.0108876 0.0129087 0.0150947 0.0173979 0.0196564 0.0216612 0.0231984 0.0240398 0.0239592 0.0227779 0.0204021 0.016766 0.0119871 0.0062516 -0.000149364 -0.00686914 -0.013486 -0.0196376 -0.0249779 -0.0292184 -0.032213 -0.0338801 -0.0342748 -0.0335102 -0.0317772 -0.0292866 -0.0263151 -0.0230829 -0.0197896 -0.0166467 -0.0137431 -0.0111596 -0.0089338 -0.00706751 -0.00552493 -0.00429101 -0.00332973 -0.00258133 -0.00203111 -0.00162403 -0.00133616 -0.00113551 -0.000998642 -0.000916391 -0.000853489 -0.000822313 -0.000802368 -0.000781705 -0.000778961 -0.000772034 -0.000765175 -0.000768505 -0.000764446 -0.00076011 -0.00076208 -0.000755602 -0.000751726 -0.000753563 -0.000747741 -0.000748287 -0.000750851 -0.000746847 -0.000750229 -0.000749456 -0.000744312 -0.000746767 -0.000741902 -0.000739525 -0.000743698 -0.000739287 -0.000742755 
0 5.16384e-06 1.9753e-06 1.0979e-05 1.19986e-05 1.33456e-05 2.11067e-05 2.00107e-05 2.36301e-05 2.72714e-05 2.77562e-05 3.16107e-05 3.83878e-05 4.03203e-05 4.02603e-05 5.00349e-05 4.61425e-05 4.94683e-05 6.22741e-05 5.32877e-05 6.71942e-05 7.38904e-05 6.79336e-05 9.16946e-05 9.97987e-05 0.000122296 0.000169963 0.000227072 0.000320379 0.000463117 0.000680017 0.00097486 0.00141659 0.00201498 0.00279329 0.00384245 0.00515815 0.00680525 0.00882347 0.0112367 0.0140291 0.0171729 0.0206284 0.0242197 0.027813 0.0311783 0.0340617 0.0361794 0.0373063 0.0372567 0.0358156 0.0329481 0.0286818 0.0232039 0.0167347 0.0096342 0.00229282 -0.00487746 -0.0114711 -0.01718 -0.021709 -0.0249506 -0.02686 -0.02756 -0.0271648 -0.0259084 -0.0239985 -0.0216859 -0.019211 -0.0167544 -0.0144355 -0.0123079 -0.0104601 -0.00888032 -0.00759758 -0.00653686 -0.00567914 -0.0049525 -0.00439786 -0.00394577 -0.00356687 -0.00321553 -0.00293693 -0.00269724 -0.00248373 -0.0022767 -0.00209074 -0.00192385 -0.00177586 -0.00163589 -0.00148637 -0.00135369 -0.00123971 -0.0011326 -0.000998987 -0.000886938 -0.000791223 -0.000696737 -0.000569467 -0.000469451 -0.000380463 -0.000285526 -0.000158771 -6.17696e-05 3.10695e-05 0.000135856 0.000267486 0.000373715 0.000482138 0.000605262 0.000749767 0.000884008 0.00102371 0.00117752 0.00135188 0.00154504 0.00174464 0.00196223 0.00221334 0.00253137 0.00287504 0.00327609 0.00376222 0.00440553 0.00516859 0.00611457 0.00726112 0.00869221 0.0103875 0.0123755 0.0145767 0.0169575 0.0194105 0.021788 0.0238559 0.0253744 0.0261224 0.0258601 0.0244456 0.0217326 0.0177265 0.0124864 0.00627474 -0.000628798 -0.00782706 -0.0149341 -0.021541 -0.0272655 -0.031848 -0.0350983 -0.0369605 -0.0374085 -0.0366279 -0.0348084 -0.0321842 -0.0289936 -0.0255052 -0.0219673 -0.0185189 -0.0153426 -0.012504 -0.0100444 -0.00795297 -0.00624037 -0.00486891 -0.00376537 -0.00294193 -0.00231233 -0.0018441 -0.00151529 -0.00128676 -0.00112943 -0.0010218 -0.000969307 -0.000916129 -0.000890641 -0.000883459 -0.000857783 -0.000860648 -0.000856796 -0.00084693 -0.000851417 -0.000846159 -0.000841186 -0.000840117 -0.000839701 -0.000833625 -0.000836461 -0.000838275 -0.000828741 -0.000836649 -0.000830591 -0.000824548 -0.000834852 -0.000822215 -0.000827222 -0.000831227 -0.000818696 -0.000831479 -0.000824247 
0 -1.13542e-06 7.91609e-06 3.64286e-06 1.2671e-05 1.7091e-05 1.90691e-05 2.80353e-05 2.70442e-05 3.33982e-05 3.16107e-05 3.67114e-05 3.87141e-05 3.46236e-05 5.21154e-05 4.4744e-05 5.6133e-05 6.65152e-05 5.21085e-05 7.52138e-05 6.72019e-05 7.14922e-05 9.59729e-05 9.27758e-05 0.000119805 0.000146987 0.000185819 0.000254695 0.000372349 0.000538225 0.00077864 0.00114827 0.00161775 0.00228823 0.0031828 0.00432806 0.00580678 0.00763117 0.00985451 0.0124733 0.0155281 0.0189546 0.0226576 0.0265203 0.0303357 0.0338765 0.0368715 0.0391057 0.0402557 0.0400997 0.0385162 0.0354445 0.0309142 0.0250747 0.0182359 0.0107329 0.00298695 -0.00462005 -0.0116635 -0.0177865 -0.0227169 -0.0263085 -0.0285335 -0.0294628 -0.0292608 -0.0280963 -0.0262134 -0.0238526 -0.0212765 -0.0186661 -0.0161697 -0.0138572 -0.0118014 -0.0100425 -0.00858537 -0.0073836 -0.00638597 -0.00557038 -0.00491717 -0.00439832 -0.00395575 -0.00357219 -0.00324202 -0.00297279 -0.00272927 -0.00250335 -0.00228871 -0.0021059 -0.00193857 -0.00177977 -0.00161604 -0.00147159 -0.00134138 -0.0012153 -0.00107685 -0.000952971 -0.000842052 -0.000730064 -0.000602729 -0.00048908 -0.000385286 -0.000275255 -0.000149071 -3.6224e-05 7.13154e-05 0.00018872 0.000323344 0.000447149 0.000570427 0.000704899 0.000860814 0.00101296 0.001169 0.00133648 0.0015359 0.00174673 0.00197037 0.00221227 0.0025092 0.00285447 0.00325077 0.00370777 0.00428092 0.0049996 0.00588689 0.00695847 0.00826531 0.00986061 0.011758 0.0139276 0.0163118 0.0188552 0.0214327 0.023883 0.0259591 0.0274202 0.0280113 0.0275523 0.0258536 0.022814 0.0184192 0.012782 0.00612649 -0.00121825 -0.0088432 -0.0163541 -0.0233269 -0.0294284 -0.0343217 -0.0377998 -0.0397868 -0.0403587 -0.0396072 -0.0377046 -0.0349504 -0.0315928 -0.0279054 -0.0241028 -0.020418 -0.0169704 -0.0138622 -0.0111655 -0.0088813 -0.00699733 -0.00545183 -0.00425624 -0.00330914 -0.00259183 -0.00208778 -0.00170535 -0.00144642 -0.00126921 -0.00115064 -0.00106028 -0.00101962 -0.000989851 -0.000958142 -0.00096762 -0.000942505 -0.000937986 -0.000940945 -0.000920888 -0.000932259 -0.000925499 -0.000926238 -0.000929442 -0.000922912 -0.000924947 -0.000915448 -0.000918906 -0.000911814 -0.000909895 -0.000916701 -0.000905012 -0.000916026 -0.000912422 -0.000906384 -0.000918224 -0.000903718 -0.000909317 
0 4.31108e-06 1.55482e-05 1.17552e-05 1.92686e-05 1.80323e-05 1.52748e-05 2.48816e-05 2.00738e-05 3.18251e-05 3.83878e-05 3.87141e-05 5.2527e-05 4.75797e-05 5.50116e-05 5.68882e-05 5.19588e-05 6.43899e-05 6.2563e-05 7.22401e-05 8.04645e-05 8.3337e-05 9.59595e-05 0.000105467 0.000130228 0.000166076 0.0002231 0.0003091 0.000435449 0.000620525 0.000897287 0.00129359 0.0018399 0.00260137 0.00358174 0.00485747 0.00648138 0.00847069 0.0109024 0.0137768 0.0170685 0.0207346 0.0246948 0.0287661 0.0327767 0.0364841 0.039586 0.041833 0.04295 0.0427404 0.0410265 0.0377395 0.0329355 0.0268346 0.0196951 0.0118578 0.00376106 -0.00420469 -0.0116195 -0.0181248 -0.0234236 -0.0273804 -0.0299177 -0.0311288 -0.0311464 -0.0301377 -0.0283259 -0.0259765 -0.0233385 -0.0206042 -0.0179562 -0.0154633 -0.013219 -0.0112669 -0.00964196 -0.00827017 -0.00714297 -0.00621416 -0.00547024 -0.00485774 -0.00436069 -0.00392788 -0.00355613 -0.00324263 -0.00297376 -0.00271987 -0.00248299 -0.00227979 -0.00209129 -0.00191084 -0.0017344 -0.00158058 -0.00142714 -0.00128402 -0.0011387 -0.00100915 -0.00087297 -0.000748652 -0.000617524 -0.000497706 -0.000368016 -0.000249577 -0.000120298 1.57576e-06 0.000134083 0.000257868 0.000397438 0.00053436 0.00067999 0.000822494 0.000988422 0.00115809 0.00133304 0.00151692 0.00173551 0.00196961 0.00221329 0.00249175 0.00282535 0.00321204 0.00365152 0.00418885 0.00484184 0.00565995 0.00666042 0.00788724 0.00934899 0.0111285 0.0132102 0.0155646 0.0181082 0.0207945 0.0234596 0.0259319 0.0279704 0.029314 0.0297177 0.0290036 0.0270141 0.0236258 0.0188703 0.012844 0.00580614 -0.00190657 -0.00988457 -0.0177539 -0.0250585 -0.0314295 -0.0365839 -0.0402969 -0.0424646 -0.0431046 -0.0423654 -0.0404478 -0.0376258 -0.0341211 -0.0302372 -0.0262291 -0.0222849 -0.0185935 -0.0152645 -0.0123376 -0.00983257 -0.007771 -0.00607987 -0.00474643 -0.00371924 -0.00292422 -0.00234105 -0.00191119 -0.00160871 -0.0014015 -0.00126575 -0.00117593 -0.00111947 -0.00108049 -0.00105408 -0.0010427 -0.00102747 -0.00103101 -0.00102611 -0.00102137 -0.00102584 -0.00101023 -0.00101152 -0.00100582 -0.000998275 -0.00100493 -0.00099809 -0.00100266 -0.00100363 -0.000999157 -0.00100211 -0.000995857 -0.000994181 -0.000992688 -0.000989419 -0.000991204 -0.000990351 -0.000992575 
0 -4.65887e-07 5.28534e-06 4.44913e-06 1.46521e-05 2.02013e-05 2.45328e-05 3.62715e-05 3.23088e-05 3.84736e-05 4.03203e-05 3.46236e-05 4.75797e-05 4.62904e-05 5.28383e-05 6.43891e-05 6.2249e-05 7.467e-05 7.59732e-05 7.73012e-05 8.80167e-05 9.12845e-05 0.000105682 0.000123316 0.000147037 0.000187416 0.00024605 0.000343978 0.000493146 0.000711116 0.00103674 0.0014819 0.00209392 0.00293119 0.00401231 0.00541982 0.00719775 0.00937022 0.0119966 0.0150863 0.0186076 0.0225158 0.0267067 0.0309768 0.0351484 0.0389579 0.0421241 0.0443941 0.0454771 0.0451611 0.0432955 0.0398332 0.0348237 0.0284911 0.0210956 0.0130014 0.00463594 -0.00362139 -0.0113553 -0.0181933 -0.0238385 -0.0281491 -0.0310234 -0.032544 -0.0328232 -0.0320149 -0.0303327 -0.0280453 -0.0253882 -0.0225664 -0.0197849 -0.0171281 -0.0146997 -0.0125593 -0.0107491 -0.00920137 -0.00792831 -0.00688104 -0.00602908 -0.0053186 -0.00475206 -0.00426759 -0.00384792 -0.00348984 -0.0031866 -0.00290401 -0.0026448 -0.00242078 -0.00220706 -0.00200364 -0.00181664 -0.00165164 -0.00147447 -0.00131194 -0.00116268 -0.00102465 -0.000864799 -0.000724959 -0.000593305 -0.00046412 -0.000310835 -0.000180444 -5.14319e-05 8.24051e-05 0.000238102 0.000371667 0.000512873 0.000664906 0.000832908 0.000986078 0.00115897 0.00134664 0.00154356 0.00174494 0.00198092 0.00223733 0.00250794 0.00282266 0.00319591 0.00362343 0.00411714 0.00473587 0.00548167 0.00640089 0.00752631 0.00890971 0.0105416 0.0124988 0.0147594 0.0172801 0.0199663 0.0227588 0.0254708 0.0279139 0.0298558 0.0310315 0.0312031 0.0302029 0.0278923 0.0241563 0.0190536 0.0126894 0.00532227 -0.00270118 -0.0109638 -0.0190957 -0.0266614 -0.0332823 -0.0386641 -0.0425579 -0.0448752 -0.0456346 -0.0449611 -0.0430403 -0.0401574 -0.0365546 -0.0325247 -0.0283387 -0.0241799 -0.0202521 -0.0166824 -0.01353 -0.0108272 -0.00858599 -0.00674292 -0.00526998 -0.00413068 -0.00324745 -0.002598 -0.00212652 -0.00178741 -0.00155547 -0.00139439 -0.00128879 -0.00122191 -0.00117697 -0.00115448 -0.0011368 -0.00112146 -0.00111785 -0.00110382 -0.00109981 -0.00110068 -0.00109229 -0.00109869 -0.00109624 -0.00109273 -0.00109597 -0.00108749 -0.00108492 -0.00108336 -0.00107751 -0.00107849 -0.00107949 -0.00107738 -0.00107991 -0.00108004 -0.00107627 -0.0010783 -0.00107492 
0 5.45985e-06 1.20291e-05 1.4584e-05 1.87396e-05 1.98482e-05 2.35762e-05 2.61273e-05 3.03631e-05 3.9797e-05 4.02603e-05 5.21154e-05 5.50116e-05 5.28383e-05 6.65797e-05 5.78365e-05 6.8917e-05 7.89108e-05 6.89451e-05 9.30946e-05 9.15982e-05 9.65874e-05 0.000124188 0.000130774 0.000166335 0.000217509 0.000286606 0.000396778 0.000571319 0.000816889 0.00116563 0.00168307 0.00235608 0.00327535 0.00448433 0.00601105 0.00794288 0.0103001 0.0131379 0.0164326 0.0201875 0.0243263 0.0286934 0.0331448 0.0374435 0.0413315 0.0445103 0.0467639 0.0477846 0.0473419 0.045338 0.0417075 0.0365395 0.0300095 0.0224388 0.0141606 0.00559958 -0.00287737 -0.0108637 -0.0179711 -0.023943 -0.0285811 -0.0318177 -0.0336602 -0.0342478 -0.0336778 -0.0321899 -0.030013 -0.0273879 -0.024524 -0.0216319 -0.0188386 -0.0162325 -0.0139207 -0.0119053 -0.0101894 -0.0087472 -0.00758379 -0.00659996 -0.00579794 -0.00513797 -0.00460417 -0.0041243 -0.00372691 -0.00337481 -0.00306569 -0.00277992 -0.00253499 -0.00229117 -0.00206429 -0.00186633 -0.00168522 -0.00148688 -0.00130142 -0.00114988 -0.000996088 -0.000819767 -0.000658658 -0.000529377 -0.0003834 -0.000215678 -6.65896e-05 5.87077e-05 0.000210389 0.000380695 0.000530394 0.000669909 0.000840001 0.00102522 0.00119326 0.00137071 0.00157554 0.00179589 0.00201468 0.00226835 0.00254296 0.00285134 0.00319709 0.00361778 0.00408169 0.00465055 0.00534386 0.00620366 0.00722125 0.0084952 0.0100279 0.0118538 0.0139757 0.0164157 0.0190784 0.0218945 0.0247522 0.0274686 0.0298351 0.0316203 0.0325853 0.0324754 0.0311687 0.0285029 0.0244344 0.0189871 0.012334 0.00468982 -0.00357492 -0.0120661 -0.0203986 -0.0281515 -0.0349805 -0.0405421 -0.0446134 -0.0470643 -0.0479603 -0.0473625 -0.0454662 -0.0425636 -0.0389013 -0.0347591 -0.0303893 -0.0260591 -0.0219141 -0.0181175 -0.0147553 -0.0118573 -0.00942782 -0.00742134 -0.00583843 -0.00457335 -0.00360588 -0.00289428 -0.00235234 -0.00197228 -0.00170858 -0.00152754 -0.00139762 -0.00132986 -0.00127643 -0.00123418 -0.00123244 -0.00120408 -0.00119983 -0.00120385 -0.00118524 -0.00119354 -0.00118663 -0.0011797 -0.00118068 -0.00117291 -0.0011725 -0.00116918 -0.00117097 -0.00116793 -0.00116733 -0.00116926 -0.00116078 -0.0011656 -0.00116108 -0.00115678 -0.00116412 -0.00115533 -0.00116001 
0 3.59599e-06 1.07639e-05 1.25231e-05 1.86987e-05 2.45001e-05 2.46305e-05 3.43352e-05 3.5204e-05 3.763e-05 5.00349e-05 4.4744e-05 5.68882e-05 6.43891e-05 5.78365e-05 7.93981e-05 7.2027e-05 7.41386e-05 9.47273e-05 8.40234e-05 0.000104741 0.000116337 0.000121519 0.0001535 0.00018318 0.000239733 0.000324017 0.000462459 0.000648442 0.000928247 0.00134076 0.00187996 0.00265348 0.00366679 0.00497433 0.00665051 0.00873334 0.0112734 0.0142907 0.0178297 0.0217884 0.0261137 0.0306759 0.0352567 0.039646 0.0435744 0.0467856 0.0489472 0.0498575 0.0493144 0.0471794 0.0433956 0.0380615 0.0314266 0.023732 0.0153477 0.00663614 -0.00197875 -0.0101421 -0.0174814 -0.0237315 -0.0287001 -0.0322785 -0.0344906 -0.035391 -0.0351274 -0.0338648 -0.031864 -0.0293103 -0.0264536 -0.0234806 -0.0205657 -0.0178092 -0.0153146 -0.0131082 -0.0111962 -0.00959754 -0.00827626 -0.0071761 -0.00624858 -0.00550716 -0.00488802 -0.00436702 -0.00390483 -0.0035163 -0.00316004 -0.00286099 -0.00257847 -0.00231417 -0.00205572 -0.00185036 -0.00164416 -0.00143078 -0.00122188 -0.00106385 -0.000891562 -0.000702314 -0.000522827 -0.000387643 -0.000226081 -4.65242e-05 0.000118445 0.000248613 0.000415709 0.000597168 0.000763244 0.000906117 0.00109374 0.0012903 0.00147904 0.00165847 0.00188571 0.0021202 0.00236948 0.00262771 0.00293616 0.00326962 0.00366786 0.00411462 0.00464464 0.00527442 0.00607236 0.00702555 0.00817924 0.00958468 0.0112936 0.0132944 0.0155955 0.0181824 0.0209761 0.0238876 0.0267671 0.0294411 0.031667 0.0332554 0.0339386 0.0335333 0.0318629 0.0288517 0.0244365 0.0186922 0.011768 0.00391567 -0.00451321 -0.0131676 -0.0216378 -0.0295437 -0.0364789 -0.0421923 -0.0464267 -0.0490495 -0.0500383 -0.0495302 -0.0477348 -0.0448415 -0.0411443 -0.0369109 -0.0324352 -0.0279114 -0.0235849 -0.019599 -0.0160136 -0.0129166 -0.0103003 -0.00815391 -0.00640575 -0.00504894 -0.00399268 -0.00317706 -0.00259908 -0.00216465 -0.00186571 -0.00166182 -0.00152867 -0.00143278 -0.00137201 -0.00134538 -0.00130421 -0.00130343 -0.00129426 -0.00127606 -0.00128839 -0.00127005 -0.00126721 -0.00127052 -0.001258 -0.00126258 -0.00125959 -0.00125632 -0.00125603 -0.00125398 -0.00125169 -0.00124851 -0.0012502 -0.00124465 -0.00124551 -0.00124661 -0.00124055 -0.00124619 -0.00124283 
0 5.03634e-06 3.75421e-06 1.43089e-05 1.63541e-05 2.28932e-05 3.415e-05 3.34159e-05 4.47639e-05 4.61354e-05 4.61425e-05 5.6133e-05 5.19588e-05 6.2249e-05 6.8917e-05 7.2027e-05 8.49561e-05 8.72714e-05 9.77132e-05 0.000100882 0.000108534 0.000122151 0.000136339 0.000172073 0.000207397 0.000273968 0.000371874 0.000510803 0.000737475 0.0010565 0.00150818 0.00213519 0.00297623 0.00407223 0.0055074 0.00732244 0.0095612 0.0122996 0.0155213 0.0192332 0.023399 0.0279172 0.032625 0.0373278 0.0417835 0.0457095 0.0488568 0.0509555 0.0517722 0.0510753 0.0487703 0.0448697 0.0394626 0.0327319 0.0249682 0.0165347 0.00777543 -0.000919323 -0.00919977 -0.0167141 -0.0232037 -0.028466 -0.0324045 -0.0349804 -0.0362393 -0.0363022 -0.0353321 -0.0335407 -0.0311237 -0.0283129 -0.0252999 -0.0222897 -0.0193991 -0.016736 -0.0143293 -0.0122322 -0.0104498 -0.00897153 -0.0077258 -0.00668352 -0.00582714 -0.00512951 -0.00454126 -0.00402662 -0.00357832 -0.0031873 -0.0028548 -0.00254321 -0.00224611 -0.00196776 -0.00173908 -0.00151158 -0.00127919 -0.00105505 -0.00087781 -0.000688266 -0.000487434 -0.000294432 -0.000142659 3.32543e-05 0.000221006 0.000398788 0.000543959 0.000723055 0.000912629 0.00109176 0.00124903 0.00144685 0.00165547 0.00185898 0.00205335 0.00229106 0.00254765 0.00281667 0.00309518 0.00342282 0.00379979 0.00423522 0.00472841 0.00531263 0.00603267 0.00692045 0.00799177 0.00927465 0.0108384 0.0127091 0.0148956 0.0173584 0.0200807 0.022976 0.0259478 0.0288077 0.0313766 0.0334226 0.0347447 0.0351163 0.0343613 0.0323267 0.0289385 0.0241989 0.0181772 0.0110437 0.00303465 -0.00551678 -0.0142585 -0.0227882 -0.0307669 -0.0378273 -0.0436445 -0.0479826 -0.0507439 -0.0519073 -0.0515334 -0.049806 -0.0469572 -0.0432752 -0.0390039 -0.0344204 -0.0297737 -0.0252682 -0.0210642 -0.017297 -0.0140183 -0.0112139 -0.00890556 -0.0070255 -0.00552783 -0.0043753 -0.00350138 -0.00284766 -0.00237556 -0.00204261 -0.00179976 -0.00164785 -0.00154246 -0.00147626 -0.0014395 -0.00140777 -0.00139357 -0.00137429 -0.00136715 -0.00136075 -0.00135435 -0.00135874 -0.00135098 -0.00135389 -0.00135078 -0.00134373 -0.00134536 -0.00133711 -0.00133628 -0.00133528 -0.00133186 -0.00133348 -0.00133164 -0.00133103 -0.00133047 -0.00132909 -0.0013282 -0.00132737 
0 9.21723e-06 1.18326e-05 2.175e-05 2.23233e-05 2.43154e-05 3.12913e-05 2.80222e-05 3.93384e-05 4.49236e-05 4.94683e-05 6.65152e-05 6.43899e-05 7.467e-05 7.89108e-05 7.41386e-05 8.72714e-05 8.60754e-05 9.71139e-05 0.000108021 0.000118133 0.000139796 0.000153057 0.000190278 0.000233321 0.000307039 0.000429587 0.000591352 0.000846889 0.00120202 0.00169397 0.00238539 0.00330971 0.00451779 0.00608262 0.0080414 0.0104426 0.0133575 0.0167754 0.0206941 0.0250594 0.0297333 0.0345627 0.0393448 0.0438219 0.0477383 0.0508229 0.0527923 0.0534489 0.0526132 0.0501849 0.0461731 0.0406846 0.0339175 0.0261688 0.0177536 0.00899796 0.000293063 -0.00802911 -0.0156597 -0.0223437 -0.0278767 -0.0321577 -0.0351051 -0.0367413 -0.0371706 -0.0365316 -0.0350002 -0.0327715 -0.0300568 -0.0270469 -0.0239735 -0.0209727 -0.0181498 -0.0155543 -0.0132681 -0.0112963 -0.00964111 -0.00824342 -0.00707097 -0.00609169 -0.00529786 -0.00463582 -0.00405671 -0.00354773 -0.00311408 -0.00274271 -0.00239371 -0.00206651 -0.00176642 -0.00150808 -0.00125355 -0.00100584 -0.000767143 -0.000563409 -0.000353441 -0.000145065 6.00446e-05 0.000235923 0.000427026 0.00061841 0.000807891 0.000975139 0.00116536 0.00135764 0.00154963 0.00172724 0.00193366 0.00214804 0.00236739 0.00258071 0.00282834 0.00310062 0.00339205 0.00369258 0.00404303 0.00445983 0.00493838 0.0054792 0.00612948 0.00694308 0.00793154 0.00912234 0.01055 0.0122759 0.0143126 0.0166728 0.0192898 0.022125 0.025093 0.0280831 0.0308754 0.0332849 0.0350965 0.0361075 0.0361214 0.034986 0.0325651 0.0288048 0.023753 0.0174844 0.0101766 0.00207291 -0.00652755 -0.0153059 -0.0238626 -0.0318553 -0.038954 -0.0448519 -0.0493223 -0.0522275 -0.0535221 -0.0532888 -0.0517016 -0.0489453 -0.0452904 -0.0410027 -0.0363429 -0.0315818 -0.026938 -0.0225636 -0.018606 -0.0151312 -0.0121476 -0.00967894 -0.00766716 -0.00605445 -0.00480118 -0.00383996 -0.0031102 -0.00258825 -0.00221424 -0.00194804 -0.00177923 -0.0016532 -0.00157643 -0.00152587 -0.00149092 -0.00147907 -0.00146316 -0.00146321 -0.0014552 -0.00144839 -0.00144794 -0.00143401 -0.00143455 -0.00142936 -0.00142512 -0.00142836 -0.00142453 -0.00142458 -0.0014227 -0.00142051 -0.00141703 -0.0014167 -0.00141478 -0.0014122 -0.00141525 -0.00141058 -0.00141262 
