0 0 0 0 0 0 0 0 0 0 0 0 0 0 0 0 0 0 0 0 0 0 0 0 0 0 0 0 0 0 0 0 0 0 0 0 0 0 0 0 0 0 0 0 0 0 0 0 0 0 0 0 0 0 0 0 0 0 0 0 0 0 0 0 0 0 0 0 0 0 0 0 0 0 0 0 0 0 0 0 0 0 0 0 0 0 0 0 0 0 0 0 0 0 0 0 0 0 0 0 0 0 0 0 0 0 0 0 0 0 0 0 0 0 0 0 0 0 0 0 0 0 0 0 0 0 0 0 0 0 0 0 0 0 0 0 0 0 0 0 0 0 0 0 0 0 0 0 0 0 0 0 0 0 0 0 0 0 0 0 0 0 0 0 0 0 0 0 0 0 0 0 0 0 0 0 0 0 0 0 0 0 0 0 0 0 0 0 0 0 0 0 0 0 0 0 0 0 0 0 
0 -3.9172e-06 1.05146e-05 5.64061e-06 5.65779e-07 1.13858e-05 -1.30364e-06 -7.13233e-08 1.47876e-05 1.4778e-06 1.39312e-05 2.13308e-05 3.52613e-06 1.82524e-05 1.51711e-05 7.13299e-06 2.21882e-05 1.84355e-05 1.59872e-05 1.63479e-05 2.16791e-05 1.86744e-05 2.07267e-05 4.15459e-05 2.33217e-05 2.50876e-05 3.32124e-05 1.86341e-05 3.43274e-05 3.15414e-05 3.85389e-05 3.18992e-05 2.01787e-05 5.0773e-05 4.83433e-05 4.19321e-05 3.64649e-05 5.07451e-05 5.65727e-05 4.11408e-05 5.75559e-05 4.57594e-05 5.44847e-05 5.87707e-05 5.35718e-05 6.04466e-05 6.04738e-05 7.2709e-05 6.02922e-05 7.80618e-05 7.7665e-05 7.52633e-05 8.56362e-05 8.65477e-05 9.18354e-05 8.5224e-05 0.000105115 9.56944e-05 0.000101945 0.000109345 0.000117461 0.000119896 0.000129771 0.000158391 0.000168682 0.000207107 0.000253476 0.000329407 0.000404272 0.000530214 0.000685901 0.000877967 0.00110891 0.00140399 0.0017599 0.00215812 0.00262228 0.00313167 0.00367144 0.00417541 0.00464729 0.00502835 0.00529772 0.0053898 0.00532062 0.00505191 0.00458643 0.00390352 0.00307436 0.00215156 0.00121347 0.000297721 -0.000517983 -0.00117756 -0.00162047 -0.00183396 -0.00180825 -0.00156775 -0.00114579 -0.000607744 -1.45781e-05 0.000560861 0.00105504 0.00139696 0.00154363 0.00146173 0.00114995 0.000610402 -0.000108863 -0.000955755 -0.00185397 -0.00276459 -0.00361429 -0.00434697 -0.00488183 -0.00522415 -0.00536741 -0.0053476 -0.00514476 -0.00481662 -0.00438371 -0.00390817 -0.00338355 -0.00287556 -0.00240177 -0.00199422 -0.00162479 -0.00131566 -0.00106853 -0.000868236 -0.00070132 -0.000565887 -0.000481865 -0.0004026 -0.000350184 -0.00030566 -0.000294131 -0.000262683 -0.000250867 -0.000243406 -0.000238134 -0.000225489 -0.000218491 -0.000225611 -0.000206198 -0.000209832 -0.000202989 -0.00020562 -0.000190811 -0.000197344 -0.000196653 -0.000182972 -0.00019331 -0.000185175 -0.00018824 -0.000177063 -0.000186597 -0.000178229 -0.000174822 -0.000181375 -0.000159313 -0.000173242 -0.000172391 -0.000165164 -0.000149928 -0.000158313 -0.000176557 -0.00015434 -0.000157526 -0.00015156 -0.000161604 -0.000165347 -0.00014797 -0.000163586 -0.000146946 -0.000140802 -0.000154248 -0.000149853 -0.000147758 -0.000143957 -0.000151485 -0.000139586 -0.000143713 -0.000159541 -0.000137987 -0.000148579 -0.000148551 -0.000127595 -0.000145109 -0.000139957 -0.000135892 -0.000151521 -0.000141614 -0.000141295 -0.000144753 -0.0001348 -0.000137526 -0.000140246 -0.000135968 -0.000140234 
0 1.05146e-05 -1.56694e-05 1.13864e-05 7.26899e-06 -8.88168e-07 3.16135e-05 1.20647e-05 1.47484e-05 2.88417e-05 4.9622e-06 2.08659e-05 2.61312e-05 2.02145e-05 3.53606e-05 3.05918e-05 3.32017e-05 3.29704e-05 3.65942e-05 4.95219e-05 3.97916e-05 4.78471e-05 4.98039e-05 3.11483e-05 4.60828e-05 6.27895e-05 5.4776e-05 6.18721e-05 7.44726e-05 5.83209e-05 5.85435e-05 8.8561e-05 8.62694e-05 6.41741e-05 7.161e-05 8.33442e-05 8.94233e-05 9.30822e-05 8.07284e-05 9.61762e-05 0.000111796 0.000105392 0.000109421 0.000120118 0.000126529 0.000118727 0.000137315 0.000135501 0.000131183 0.000148678 0.000147375 0.000150719 0.000153501 0.00017475 0.000164488 0.00017654 0.000195083 0.000194638 0.000204389 0.000218219 0.000244372 0.000239539 0.000279407 0.000312917 0.000359593 0.000416309 0.000525896 0.000661308 0.000824073 0.00106968 0.00137709 0.00176696 0.00222016 0.00282183 0.00351223 0.0043279 0.00523244 0.00626491 0.00731361 0.00833691 0.00925481 0.010026 0.0105424 0.0107389 0.0105891 0.0100595 0.00912636 0.00777783 0.00613546 0.00430578 0.00244586 0.000626161 -0.00098462 -0.00229905 -0.00317295 -0.00360967 -0.00355532 -0.00309541 -0.00225711 -0.00120969 -3.17592e-05 0.00108945 0.00207083 0.00273091 0.00302527 0.00284791 0.00223347 0.00115433 -0.00026482 -0.00194982 -0.00373007 -0.00553933 -0.00722169 -0.0086708 -0.00973864 -0.0104172 -0.0107125 -0.0106618 -0.0102745 -0.00961051 -0.00876826 -0.0078015 -0.00678037 -0.00575007 -0.00482603 -0.00398784 -0.00326987 -0.00263482 -0.0021507 -0.00173568 -0.00140764 -0.00113532 -0.000956891 -0.000806845 -0.000687846 -0.000616106 -0.000567504 -0.000529854 -0.000486051 -0.000488787 -0.000464951 -0.000452906 -0.000439164 -0.000446346 -0.00042687 -0.000416381 -0.000424838 -0.000407854 -0.000401642 -0.000395113 -0.000398793 -0.000375419 -0.000378757 -0.000376565 -0.000357815 -0.000361552 -0.00035853 -0.00034901 -0.000338037 -0.000352616 -0.000346462 -0.000332612 -0.000334777 -0.000331947 -0.000344202 -0.000335908 -0.000307621 -0.000313894 -0.000334435 -0.000317079 -0.000298517 -0.000309585 -0.000304204 -0.000295076 -0.000313939 -0.000312654 -0.000294545 -0.000300588 -0.000297544 -0.000294674 -0.000298263 -0.000292983 -0.00029372 -0.000278777 -0.000282668 -0.000291854 -0.000277487 -0.000298847 -0.000294355 -0.000275995 -0.000294581 -0.000272923 -0.000270748 -0.000289532 -0.000270113 -0.000285741 -0.000290041 -0.000272847 -0.000290048 -0.000276756 
0 5.64061e-06 1.13864e-05 1.29117e-05 9.79302e-06 1.68383e-05 1.34601e-05 1.2391e-05 2.82846e-05 2.3683e-05 3.19293e-05 4.39648e-05 3.06665e-05 4.18898e-05 4.47039e-05 3.79231e-05 5.37519e-05 5.40166e-05 5.24293e-05 5.7225e-05 6.22643e-05 6.33448e-05 7.06614e-05 8.82061e-05 7.69631e-05 8.16069e-05 8.71943e-05 7.87748e-05 9.74547e-05 9.58771e-05 0.000104497 0.000104874 9.6197e-05 0.000125106 0.000130963 0.000126712 0.000124764 0.000143159 0.000148809 0.000140958 0.000160213 0.0001512 0.000163102 0.000173908 0.000173037 0.000181146 0.000191514 0.000205507 0.000198302 0.000223757 0.000228684 0.000230803 0.000247365 0.000258801 0.000264866 0.000268083 0.000297013 0.000294202 0.000307909 0.000329048 0.000352483 0.000366693 0.000405527 0.000469132 0.0005276 0.000631997 0.000782625 0.000993165 0.00124585 0.00161296 0.00207999 0.00265849 0.00336249 0.00424585 0.00529701 0.00650246 0.00787617 0.00938895 0.0109605 0.0124667 0.0138423 0.0149673 0.015735 0.0160196 0.0157964 0.0149991 0.0136075 0.0116197 0.00919196 0.00649393 0.00372935 0.00104788 -0.00134383 -0.00327618 -0.00459092 -0.00523499 -0.005185 -0.00450819 -0.00330657 -0.00176444 -6.12871e-05 0.00158991 0.00300255 0.00397546 0.00437991 0.00411945 0.00318602 0.00160079 -0.000508462 -0.0029881 -0.00563619 -0.00830411 -0.0107931 -0.0129245 -0.0145139 -0.0155285 -0.0159702 -0.0158977 -0.0153223 -0.0143542 -0.0130948 -0.0116701 -0.0101415 -0.00863377 -0.00723614 -0.00599912 -0.00490828 -0.0039813 -0.00323308 -0.00262202 -0.00212302 -0.00172536 -0.00144737 -0.00122049 -0.00105355 -0.000932894 -0.000867569 -0.000797169 -0.000752042 -0.000730057 -0.000707962 -0.000680805 -0.000663289 -0.000664117 -0.000634543 -0.000627381 -0.000618712 -0.000611138 -0.000589872 -0.00059054 -0.000586274 -0.000564028 -0.000569923 -0.000560239 -0.000553645 -0.000541085 -0.000546443 -0.000533315 -0.000524132 -0.000528368 -0.000503924 -0.000510521 -0.000508691 -0.000495008 -0.000479186 -0.000486444 -0.000496155 -0.000474098 -0.000476708 -0.000467692 -0.000472683 -0.0004772 -0.000459288 -0.000466697 -0.000452646 -0.000444248 -0.000452264 -0.000449382 -0.000444056 -0.000439519 -0.000444412 -0.00043188 -0.000437332 -0.000447432 -0.000429047 -0.000438187 -0.000431898 -0.000415902 -0.000428737 -0.000421134 -0.000422184 -0.000432242 -0.000423861 -0.00042565 -0.000423861 -0.000417251 -0.000417576 -0.000416263 -0.000417583 -0.000419349 
0 5.65779e-07 7.26899e-06 9.79302e-06 1.57793e-05 2.39893e-05 2.25756e-05 2.83207e-05 3.52406e-05 3.21005e-05 4.03194e-05 4.58601e-05 4.44381e-05 5.49149e-05 5.82224e-05 5.9232e-05 6.78023e-05 7.11421e-05 7.43944e-05 7.94529e-05 8.63499e-05 8.73831e-05 9.08069e-05 0.0001019 0.000100471 0.000108037 0.000117747 0.000117671 0.000127193 0.000130406 0.000138936 0.000144297 0.000143722 0.000157994 0.000162163 0.000165571 0.000172282 0.000182968 0.000190851 0.000192863 0.000208445 0.000211556 0.000221094 0.00023352 0.000237246 0.000248762 0.000257948 0.000269996 0.000273682 0.000290184 0.00030135 0.000306681 0.000325226 0.000336757 0.000349736 0.000360858 0.00038499 0.000396324 0.000413384 0.000442587 0.0004689 0.000502387 0.000551211 0.000630423 0.000719952 0.000861698 0.0010629 0.0013377 0.00169403 0.00217646 0.00280102 0.00357125 0.00452595 0.00569332 0.0070902 0.00869355 0.0105166 0.0125021 0.0145608 0.0165449 0.0183463 0.0198136 0.0208046 0.0211811 0.0208734 0.0198156 0.0179739 0.0153875 0.0122186 0.00870141 0.00507477 0.00157713 -0.00155236 -0.00407306 -0.00581327 -0.00667 -0.00663985 -0.0057832 -0.00426122 -0.00228136 -0.000104781 0.00201721 0.00381392 0.00505601 0.00554802 0.00519017 0.00394412 0.00187255 -0.000889567 -0.00412334 -0.00759958 -0.0110818 -0.0143329 -0.0171035 -0.0191997 -0.020541 -0.021137 -0.0210368 -0.0202962 -0.0190342 -0.0173876 -0.0155079 -0.0135045 -0.0115261 -0.00967561 -0.00802795 -0.00657762 -0.00535204 -0.00433967 -0.00352132 -0.00285197 -0.00232928 -0.00193753 -0.00163777 -0.00141329 -0.00125289 -0.00115069 -0.00106348 -0.00100721 -0.0009677 -0.000941122 -0.00090871 -0.000890478 -0.0008778 -0.000855265 -0.000841726 -0.000828502 -0.000818078 -0.000797362 -0.000792022 -0.000779484 -0.000763719 -0.000756525 -0.000745368 -0.000735808 -0.00072224 -0.000719621 -0.000705849 -0.000698889 -0.000695414 -0.000681076 -0.000678582 -0.000672998 -0.000667066 -0.000655465 -0.000652958 -0.000651416 -0.000638438 -0.000636624 -0.000628987 -0.000626429 -0.000621511 -0.000611813 -0.00061567 -0.000607876 -0.000602681 -0.000603917 -0.000598148 -0.000593839 -0.000590945 -0.000591049 -0.000583485 -0.00058121 -0.000583338 -0.000572915 -0.000575493 -0.000576621 -0.000568089 -0.000573351 -0.000570398 -0.000564081 -0.000567743 -0.00056291 -0.000560063 -0.000563023 -0.000560594 -0.000561019 -0.000562695 -0.000559578 -0.000558728 
0 1.13858e-05 -8.88168e-07 1.68383e-05 2.39893e-05 1.37882e-05 3.90417e-05 4.04597e-05 3.20314e-05 5.53949e-05 4.52614e-05 4.59941e-05 6.99995e-05 6.01304e-05 7.12736e-05 8.45118e-05 7.76501e-05 8.65032e-05 9.46335e-05 0.000104237 0.000102709 0.000114847 0.00012343 0.000105839 0.00013251 0.000140137 0.000137474 0.000159513 0.000155122 0.000165276 0.000162317 0.000182881 0.000204901 0.000180668 0.000195373 0.000209541 0.000227709 0.000225171 0.000226158 0.000254285 0.000250827 0.000273658 0.000274337 0.000287132 0.000304236 0.000308161 0.000328304 0.000328162 0.000355487 0.000356228 0.000375401 0.000391272 0.000401288 0.000424215 0.000432553 0.000463176 0.000469011 0.00050265 0.000520257 0.000552921 0.000587685 0.000633865 0.000703554 0.000784642 0.000922918 0.00109292 0.00135568 0.00168993 0.00216175 0.00276009 0.00354201 0.00451364 0.00571744 0.0071774 0.00890579 0.0109164 0.0131651 0.0156147 0.0181214 0.0205712 0.0227603 0.0245525 0.0257366 0.0262019 0.0257989 0.0244877 0.0222127 0.0190731 0.0152207 0.0109439 0.00651621 0.00225782 -0.00155253 -0.00462803 -0.00677042 -0.00784896 -0.00785645 -0.00687137 -0.00508273 -0.00274187 -0.00015721 0.00235629 0.00447825 0.00593005 0.00648275 0.00600757 0.00446194 0.00192693 -0.00143779 -0.00537583 -0.00962139 -0.0138616 -0.0178147 -0.0211749 -0.0237519 -0.0254083 -0.0261632 -0.0260351 -0.0251529 -0.0236127 -0.0216144 -0.0192913 -0.0168511 -0.0144129 -0.0121367 -0.0100705 -0.00827784 -0.006746 -0.00547612 -0.00443932 -0.00360408 -0.00295492 -0.00244267 -0.00207236 -0.0017828 -0.00159136 -0.00143532 -0.00134435 -0.00126437 -0.00121563 -0.00117321 -0.00114238 -0.00112035 -0.0010878 -0.00107993 -0.00104951 -0.00104165 -0.00101475 -0.00100861 -0.000986744 -0.000970378 -0.000964798 -0.000939439 -0.00093635 -0.000913173 -0.000913779 -0.00089222 -0.000884566 -0.000876437 -0.000859757 -0.000869954 -0.000841617 -0.0008354 -0.000831547 -0.000837324 -0.000821017 -0.000789785 -0.000808619 -0.000799226 -0.000793166 -0.000776782 -0.000768984 -0.000778666 -0.000754199 -0.000767992 -0.000766341 -0.000744374 -0.000748025 -0.000743639 -0.000742227 -0.000732023 -0.000738067 -0.000731318 -0.000710721 -0.000730066 -0.000716926 -0.000710066 -0.000731511 -0.000708939 -0.000709461 -0.000717247 -0.000695289 -0.000705299 -0.000708087 -0.000695641 -0.000707762 -0.000704347 -0.00069587 -0.000705621 -0.000698303 
0 -1.30364e-06 3.16135e-05 1.34601e-05 2.25756e-05 3.90417e-05 1.94696e-05 4.31186e-05 4.77489e-05 4.5752e-05 7.38665e-05 6.7862e-05 7.41426e-05 8.3006e-05 7.91416e-05 9.37397e-05 9.50332e-05 0.0001097 0.000114898 0.000108634 0.00013118 0.000129583 0.000137477 0.000166039 0.000161996 0.000157424 0.000171752 0.000178658 0.000176251 0.000202272 0.00021718 0.000198788 0.000213086 0.000242314 0.00025363 0.000256716 0.000258205 0.000272409 0.000296803 0.000299291 0.000298354 0.000320117 0.000333564 0.000339513 0.000354618 0.000375318 0.000380969 0.000401431 0.000424832 0.000431265 0.000453987 0.000475119 0.000493595 0.00050418 0.000536394 0.000554712 0.000569339 0.000603126 0.000631444 0.000664276 0.000700643 0.000774372 0.000842731 0.000954895 0.00111518 0.00134464 0.00164624 0.00206692 0.00264215 0.00337036 0.00431129 0.00548584 0.00695203 0.00869012 0.0107685 0.0131561 0.0158415 0.0187038 0.0216572 0.0245128 0.0270824 0.0291434 0.0305188 0.0310375 0.03055 0.0289776 0.026308 0.0226562 0.0181927 0.0132265 0.00807327 0.00312669 -0.00130549 -0.00488573 -0.00741373 -0.0087092 -0.00879192 -0.00772321 -0.00575107 -0.00312327 -0.000229432 0.00259875 0.004956 0.00656342 0.00712629 0.0065267 0.00468411 0.00172558 -0.00219379 -0.00676818 -0.0117136 -0.0166405 -0.0212235 -0.0251233 -0.0281372 -0.0301058 -0.0310056 -0.0308765 -0.0298519 -0.0280829 -0.0257395 -0.0230309 -0.0201559 -0.0173115 -0.0146004 -0.012152 -0.00999792 -0.00818158 -0.00663829 -0.00539048 -0.00438298 -0.00360229 -0.00297742 -0.00251689 -0.0021815 -0.00193097 -0.00174792 -0.00162107 -0.00154259 -0.00146129 -0.00141627 -0.00137752 -0.00134812 -0.00130667 -0.00128982 -0.00126872 -0.00123589 -0.00122055 -0.00120368 -0.00118395 -0.00115914 -0.00115607 -0.00113435 -0.00111643 -0.00111164 -0.00109389 -0.00107623 -0.00107091 -0.00106303 -0.00103473 -0.00102584 -0.00102557 -0.00101143 -0.000994071 -0.000976021 -0.000972626 -0.000985423 -0.000967596 -0.000936789 -0.000947728 -0.000952441 -0.000934469 -0.000930894 -0.000929365 -0.000905044 -0.000897709 -0.00091135 -0.000894651 -0.000890711 -0.00089058 -0.00087545 -0.000879349 -0.000874884 -0.00087995 -0.000875464 -0.000860817 -0.000868467 -0.000846996 -0.000846956 -0.000860657 -0.00084112 -0.000858042 -0.000856459 -0.000838087 -0.000855207 -0.000837363 -0.000832879 -0.00084806 -0.000829111 -0.000842505 
0 -7.13233e-08 1.20647e-05 1.2391e-05 2.83207e-05 4.04597e-05 4.31186e-05 5.78793e-05 5.52912e-05 6.18398e-05 7.10388e-05 6.69153e-05 8.72644e-05 9.37962e-05 9.78546e-05 0.000116891 0.000113079 0.000122123 0.000135882 0.000138888 0.000151335 0.000158905 0.000161263 0.0001649 0.000179821 0.000189995 0.000203885 0.000220189 0.000217436 0.000233275 0.000239758 0.000249928 0.00027519 0.000267516 0.000272082 0.000294462 0.000311822 0.000314454 0.000329826 0.000350054 0.000354303 0.000383632 0.000392896 0.000401777 0.00042601 0.000442305 0.000451932 0.000467799 0.000497853 0.000499694 0.000524369 0.000551728 0.000565918 0.00058591 0.000618455 0.000647422 0.000660348 0.000707287 0.000743097 0.000780376 0.000832119 0.000917879 0.00100877 0.00113595 0.00134113 0.00161006 0.00197377 0.00247082 0.00315695 0.00401472 0.00511662 0.00650297 0.00821658 0.0102494 0.0126542 0.0154274 0.0185048 0.021777 0.0251209 0.0283636 0.0312533 0.0335671 0.035091 0.0356557 0.0350665 0.0332531 0.0302188 0.0261122 0.0211113 0.015539 0.00975492 0.00419731 -0.000777959 -0.00482044 -0.00769518 -0.00922074 -0.00939897 -0.0083215 -0.00623567 -0.00343225 -0.000317937 0.00270968 0.0052246 0.00689988 0.00743773 0.00668326 0.00456784 0.00121276 -0.0031938 -0.00833915 -0.0138942 -0.0194283 -0.0245637 -0.0289441 -0.0323557 -0.0346113 -0.0356631 -0.035538 -0.0344061 -0.0324218 -0.0297875 -0.026712 -0.0234565 -0.0202079 -0.017106 -0.0142656 -0.0117743 -0.00965053 -0.00784908 -0.00637361 -0.00519305 -0.00427039 -0.00352715 -0.00297873 -0.00257533 -0.00228005 -0.00204873 -0.00190359 -0.00180162 -0.001711 -0.00164961 -0.00161097 -0.00157584 -0.00152688 -0.00151242 -0.00148531 -0.00145428 -0.00142913 -0.00141772 -0.00138812 -0.00136049 -0.00135539 -0.0013252 -0.00130457 -0.0012905 -0.00127783 -0.00124941 -0.00124036 -0.00123141 -0.00120753 -0.00120767 -0.00118883 -0.00117243 -0.00117106 -0.00116916 -0.00114369 -0.00112684 -0.00113274 -0.0011149 -0.0011099 -0.00109602 -0.00107821 -0.00108034 -0.00107193 -0.0010696 -0.00106596 -0.00105585 -0.00104492 -0.00104454 -0.0010417 -0.00102953 -0.0010341 -0.00101867 -0.00100776 -0.00101472 -0.00100129 -0.00100817 -0.00101133 -0.000999586 -0.00100379 -0.000993129 -0.000986786 -0.000987859 -0.000980755 -0.000986026 -0.000985984 -0.000984884 -0.000988122 -0.000981092 -0.000980604 
0 1.47876e-05 1.47484e-05 2.82846e-05 3.52406e-05 3.20314e-05 4.77489e-05 5.52912e-05 5.98527e-05 7.9463e-05 8.16002e-05 8.71873e-05 0.000104024 0.000103798 0.000112044 0.000126356 0.00013093 0.000138911 0.000151747 0.000161915 0.000164693 0.000182446 0.000194799 0.000193708 0.000214621 0.000220747 0.000225672 0.000242398 0.000248662 0.000266881 0.000269221 0.000284811 0.000310182 0.000307748 0.000323968 0.000343062 0.000358907 0.000364884 0.000379553 0.000402781 0.000405532 0.000432468 0.000443667 0.000456758 0.000483972 0.000498562 0.000518464 0.000536166 0.000569321 0.000578888 0.000605563 0.000638425 0.000652451 0.000681961 0.000711099 0.00074543 0.000762219 0.000811157 0.000852974 0.000893611 0.000961175 0.0010523 0.00116872 0.00131782 0.00156501 0.00187926 0.00231189 0.00289647 0.00369153 0.00469192 0.00596264 0.0075686 0.00952799 0.0118627 0.0145923 0.0177372 0.0211846 0.0248408 0.0285421 0.0321238 0.0352915 0.0378187 0.0394639 0.0400455 0.0393509 0.0373093 0.0339541 0.0294452 0.023988 0.0178997 0.0115895 0.0055088 7.05586e-05 -0.00438177 -0.00756841 -0.00932972 -0.00963669 -0.00862218 -0.00651117 -0.00364429 -0.000421765 0.00268878 0.00526399 0.00692219 0.00738518 0.0064529 0.00408363 0.000370833 -0.00445488 -0.0100925 -0.0161568 -0.0222062 -0.0278075 -0.0326086 -0.0363654 -0.0388842 -0.040081 -0.039981 -0.0387627 -0.0365968 -0.0337086 -0.0303143 -0.026713 -0.0230891 -0.0196208 -0.0164088 -0.0135878 -0.0111547 -0.00910074 -0.00739719 -0.00604137 -0.00496794 -0.00411299 -0.00347111 -0.00299653 -0.00265104 -0.00237701 -0.00220613 -0.00207566 -0.00197717 -0.00189652 -0.00185173 -0.00180496 -0.00175304 -0.00172922 -0.00169476 -0.00166401 -0.00162907 -0.00161688 -0.00158194 -0.00155628 -0.00154405 -0.00151591 -0.00149687 -0.00147622 -0.0014664 -0.0014374 -0.00142691 -0.00141179 -0.0013867 -0.00138403 -0.00136112 -0.00134391 -0.00133148 -0.00132723 -0.00130818 -0.0012873 -0.00129271 -0.00127532 -0.00126591 -0.00125666 -0.00124675 -0.00124582 -0.0012246 -0.00122286 -0.00121782 -0.00120005 -0.00119914 -0.00119369 -0.00118441 -0.00117613 -0.00117737 -0.00117079 -0.00115982 -0.00116806 -0.00115541 -0.00114561 -0.00115356 -0.0011371 -0.00113535 -0.00114235 -0.0011294 -0.00113465 -0.00113583 -0.00112319 -0.00112831 -0.00112432 -0.00111647 -0.00112549 -0.00112146 
0 1.4778e-06 2.88417e-05 2.3683e-05 3.21005e-05 5.53949e-05 4.5752e-05 6.18398e-05 7.9463e-05 7.08967e-05 9.53513e-05 0.000108593 0.000104026 0.000123988 0.000130103 0.000134576 0.000150112 0.000163393 0.000171676 0.000173772 0.000196509 0.000198921 0.000203972 0.00024073 0.000235667 0.00024362 0.000263621 0.000266469 0.000283984 0.00029417 0.000324655 0.000320753 0.000318946 0.000362897 0.000373775 0.000387099 0.000386754 0.000413712 0.000442393 0.000442373 0.000469306 0.000476685 0.000508747 0.000521083 0.000540024 0.000568511 0.000578595 0.000616885 0.000626932 0.000662132 0.000680941 0.000713157 0.0007415 0.000763546 0.000809551 0.000828319 0.000876876 0.000908555 0.000969173 0.00101629 0.00109722 0.00120374 0.00133415 0.00153264 0.00179688 0.00218334 0.0026707 0.0033659 0.00425416 0.00541351 0.00685668 0.00868059 0.0108903 0.0135167 0.0165818 0.020059 0.0238721 0.0278605 0.0319046 0.0357509 0.0391724 0.041852 0.0436054 0.044158 0.0433689 0.041108 0.0374884 0.032629 0.0268042 0.0202977 0.0135744 0.00707029 0.00125117 -0.00354675 -0.00701455 -0.00900824 -0.00948851 -0.00860185 -0.00657008 -0.0037495 -0.000552769 0.00252546 0.0050453 0.0066065 0.00693012 0.00580382 0.00319118 -0.000830594 -0.00600996 -0.0120509 -0.0185201 -0.0249852 -0.0309617 -0.0361247 -0.0401663 -0.0429278 -0.0442508 -0.0442119 -0.0429171 -0.0406235 -0.0375019 -0.0338612 -0.0299295 -0.0259829 -0.02215 -0.0186096 -0.0154462 -0.0127169 -0.0103984 -0.00847296 -0.00693108 -0.00569246 -0.00473309 -0.00397794 -0.00344121 -0.00301717 -0.00272508 -0.00249957 -0.00235626 -0.00223463 -0.00214801 -0.00208942 -0.00202839 -0.00199068 -0.00193896 -0.00191895 -0.00186937 -0.00184888 -0.00181414 -0.00178744 -0.00176277 -0.00173032 -0.00171838 -0.00168075 -0.00167332 -0.00163919 -0.00162515 -0.00160815 -0.00158487 -0.00157174 -0.00153782 -0.0015443 -0.00152278 -0.00150032 -0.00147793 -0.00147271 -0.00148353 -0.00144063 -0.00143009 -0.00142657 -0.00142036 -0.00140936 -0.00138854 -0.00139566 -0.00136693 -0.00135846 -0.00136987 -0.00134796 -0.00134243 -0.00133613 -0.00132917 -0.00131861 -0.00131632 -0.00132285 -0.00129942 -0.00130231 -0.00130269 -0.00127638 -0.00129221 -0.00128843 -0.00127047 -0.00128866 -0.00127504 -0.00126473 -0.00127963 -0.00126206 -0.00126218 -0.0012731 -0.00125564 -0.00126469 
0 1.39312e-05 4.9622e-06 3.19293e-05 4.03194e-05 4.52614e-05 7.38665e-05 7.10388e-05 8.16002e-05 9.53513e-05 9.3141e-05 0.000111143 0.000117075 0.00013411 0.000150702 0.000153102 0.000175954 0.000172359 0.000185261 0.000212242 0.000206228 0.000230427 0.00024185 0.00023588 0.000257048 0.000279066 0.000293669 0.000303926 0.000329223 0.000328916 0.000333191 0.000373195 0.000385029 0.000392178 0.000396631 0.000417944 0.000452599 0.000462858 0.000472992 0.000494231 0.000528592 0.000540917 0.00056053 0.000589269 0.00060554 0.000631857 0.000655956 0.000680661 0.000700954 0.000735308 0.000760974 0.00078686 0.000823525 0.00085629 0.000890916 0.000927781 0.00097743 0.00101923 0.00107835 0.00114847 0.0012399 0.00135581 0.00152104 0.00174989 0.00206063 0.00249354 0.00307471 0.00385564 0.00486576 0.00617226 0.00780912 0.00984542 0.0123055 0.0152309 0.0186109 0.0224176 0.0265474 0.0308628 0.0351799 0.0392688 0.0428648 0.0456847 0.0474799 0.0480035 0.0470908 0.0446598 0.0408016 0.0356742 0.02955 0.0227454 0.0157114 0.00889896 0.00277909 -0.00229334 -0.00601128 -0.00823689 -0.00893255 -0.00824599 -0.00639431 -0.00374351 -0.000706402 0.00220904 0.00456086 0.00593564 0.00605878 0.00471627 0.0018722 -0.00240682 -0.00787316 -0.0142162 -0.020992 -0.027754 -0.0340299 -0.0394687 -0.0437596 -0.0467069 -0.0481715 -0.0481862 -0.0468734 -0.0444594 -0.0411784 -0.0373105 -0.0331207 -0.0288549 -0.0247099 -0.0208411 -0.0173641 -0.0143263 -0.0117497 -0.00960171 -0.00786041 -0.00646155 -0.00537345 -0.00452651 -0.00389087 -0.00341341 -0.00307087 -0.00281584 -0.00263186 -0.00250185 -0.00240329 -0.00232572 -0.0022623 -0.0022188 -0.00216797 -0.00212891 -0.00209315 -0.00206135 -0.00202124 -0.00199416 -0.00196679 -0.00193104 -0.00190609 -0.00188005 -0.00185354 -0.00182539 -0.00181084 -0.00177858 -0.00175774 -0.00175086 -0.00172761 -0.00170057 -0.00168398 -0.00168518 -0.00166601 -0.00164366 -0.00161699 -0.00161184 -0.00161893 -0.00158315 -0.00156551 -0.00156061 -0.00154658 -0.00153594 -0.00153769 -0.0015302 -0.00150008 -0.00150643 -0.00149819 -0.00148177 -0.00149161 -0.00147059 -0.00146159 -0.00145465 -0.00144328 -0.00144978 -0.00143957 -0.00144474 -0.00143945 -0.00142397 -0.00143187 -0.00141393 -0.00141147 -0.00142066 -0.0014039 -0.00141519 -0.0014154 -0.00140148 -0.00141462 -0.00140315 
0 2.13308e-05 2.08659e-05 4.39648e-05 4.58601e-05 4.59941e-05 6.7862e-05 6.69153e-05 8.71873e-05 0.000108593 0.000111143 0.000133995 0.00013656 0.000145328 0.000161452 0.000160437 0.000187341 0.000196478 0.000204828 0.000230204 0.000227511 0.000248138 0.000269617 0.000276911 0.000298015 0.000307056 0.000313562 0.000325899 0.000350305 0.000364687 0.00038097 0.000404299 0.000405231 0.000436219 0.000464897 0.000470823 0.000492507 0.000511339 0.000529518 0.000551509 0.000576371 0.000587211 0.000613234 0.000647986 0.000661193 0.000690787 0.000726033 0.000750388 0.0007764 0.000818361 0.00084739 0.000873159 0.000918329 0.000954782 0.000985455 0.00103038 0.0010851 0.00112774 0.00119066 0.00127805 0.00137881 0.00150913 0.00170645 0.00197457 0.00232844 0.00282409 0.00349722 0.00437809 0.00551308 0.00698077 0.00881646 0.0110701 0.0137864 0.0170057 0.0206961 0.0248056 0.0292344 0.0338337 0.0383891 0.042661 0.0463914 0.0492971 0.0511022 0.0515635 0.0505324 0.0479523 0.0439079 0.038575 0.032241 0.0252426 0.0180126 0.0109994 0.0046692 -0.000609259 -0.00454477 -0.00700364 -0.00795827 -0.00754169 -0.00597527 -0.0036169 -0.000881604 0.00174074 0.00380591 0.00490758 0.00476649 0.0031851 0.000120491 -0.00436524 -0.0100435 -0.0165907 -0.0235639 -0.0305157 -0.0369962 -0.0426393 -0.0471194 -0.0502197 -0.0518088 -0.0518978 -0.0505914 -0.0481051 -0.0447007 -0.0406627 -0.0362498 -0.0317106 -0.0272732 -0.0231069 -0.019324 -0.0159898 -0.0131514 -0.0107823 -0.0088394 -0.00727324 -0.00605508 -0.00510705 -0.00437726 -0.00383291 -0.00344446 -0.00315018 -0.00293002 -0.0027816 -0.00267118 -0.00257369 -0.00250029 -0.00245196 -0.00239347 -0.00234125 -0.00230584 -0.00226895 -0.00222016 -0.00219174 -0.00216417 -0.00212366 -0.00209623 -0.00207651 -0.00204361 -0.00201318 -0.00200293 -0.00197194 -0.00194421 -0.00192823 -0.00190498 -0.00188224 -0.00186517 -0.00184154 -0.00181282 -0.00181435 -0.00179544 -0.00176844 -0.00176303 -0.00174486 -0.00173726 -0.00173135 -0.00171616 -0.00169449 -0.00168559 -0.00167768 -0.00165843 -0.00166268 -0.00164407 -0.00162795 -0.00163175 -0.00161316 -0.00161847 -0.00161514 -0.0016015 -0.0016026 -0.00158287 -0.00157972 -0.00157534 -0.00156407 -0.00157451 -0.00156572 -0.0015634 -0.00156733 -0.00155179 -0.00155406 -0.00155144 -0.0015424 -0.00155162 -0.00154726 
0 3.52613e-06 2.61312e-05 3.06665e-05 4.44381e-05 6.99995e-05 7.41426e-05 8.72644e-05 0.000104024 0.000104026 0.000117075 0.00013656 0.00014577 0.000161134 0.000180473 0.000188699 0.000199348 0.000221369 0.000227866 0.000237809 0.000264779 0.000267981 0.000280515 0.00030653 0.00031422 0.000334124 0.000350923 0.000371417 0.0003876 0.00039248 0.000430236 0.000439626 0.000441688 0.000477965 0.000498278 0.00051218 0.000527315 0.000561894 0.000582014 0.000601956 0.000636381 0.000646247 0.000685182 0.000711586 0.00072965 0.000762237 0.000793751 0.000823794 0.000843655 0.000895115 0.000918931 0.000951441 0.00100148 0.00103884 0.00107935 0.00112598 0.00119574 0.00123795 0.00131815 0.00141764 0.00153443 0.00168748 0.00191469 0.00222892 0.00262481 0.00319734 0.0039536 0.00494717 0.00620703 0.00784566 0.00987636 0.0123523 0.0153255 0.0188277 0.0228161 0.027202 0.0319082 0.0367438 0.0415005 0.0458987 0.0497242 0.0526583 0.0544427 0.0548122 0.0536738 0.0509652 0.0467907 0.041318 0.0348686 0.0277781 0.020467 0.0133602 0.00691534 0.00149861 -0.00262035 -0.00531582 -0.00656902 -0.00649221 -0.00531268 -0.00337072 -0.00107706 0.00111953 0.0027813 0.0035218 0.0030554 0.00120873 -0.00206689 -0.00671284 -0.0125252 -0.0191809 -0.0262439 -0.0332854 -0.0398745 -0.0456502 -0.0502579 -0.0534822 -0.0551764 -0.055359 -0.054083 -0.0515774 -0.0480867 -0.0439331 -0.0393327 -0.034569 -0.0298599 -0.0254228 -0.0213434 -0.0177251 -0.0146201 -0.0120225 -0.00987524 -0.00813034 -0.00677549 -0.00570854 -0.00488887 -0.0042605 -0.00382484 -0.00348043 -0.00323001 -0.00305423 -0.00293052 -0.00282075 -0.00273379 -0.00268675 -0.00261777 -0.00256799 -0.00252317 -0.0024902 -0.00243525 -0.00240251 -0.00237589 -0.00232534 -0.00229942 -0.00226768 -0.00223829 -0.00219741 -0.00218062 -0.00215292 -0.00211811 -0.00210651 -0.00207089 -0.00205701 -0.0020424 -0.00201581 -0.00198996 -0.00198121 -0.00197548 -0.00193387 -0.00192575 -0.00191833 -0.00189183 -0.00188034 -0.00186274 -0.00185783 -0.00184027 -0.00182547 -0.00182802 -0.00180717 -0.0017967 -0.00179618 -0.00178206 -0.00176958 -0.00176443 -0.00175655 -0.00173969 -0.00174065 -0.00173914 -0.00172301 -0.00173198 -0.00172484 -0.00170612 -0.00171739 -0.00170368 -0.00169346 -0.0017095 -0.00169247 -0.00169256 -0.00170456 -0.00168344 -0.00169228 
0 1.82524e-05 2.02145e-05 4.18898e-05 5.49149e-05 6.01304e-05 8.3006e-05 9.37962e-05 0.000103798 0.000123988 0.00013411 0.000145328 0.000161134 0.00017529 0.000188097 0.000205398 0.000224817 0.0002287 0.000245822 0.000272505 0.000274323 0.000298246 0.000322882 0.000318839 0.000341422 0.000366008 0.000380367 0.000398546 0.000420559 0.000441281 0.000440346 0.000475277 0.000512475 0.000516654 0.000531354 0.000550896 0.000596686 0.000612004 0.000621284 0.000658241 0.00068224 0.000715538 0.000732523 0.000770411 0.000796409 0.000826152 0.000869606 0.000887577 0.00093477 0.000966252 0.00100906 0.00104066 0.00109024 0.00113807 0.00117092 0.00124003 0.00129033 0.0013629 0.00143532 0.00155831 0.00168514 0.00186639 0.00213196 0.00247753 0.00294977 0.00357939 0.00445117 0.00553906 0.00696454 0.00875792 0.0110054 0.0137011 0.0169401 0.0207167 0.0249799 0.0296371 0.0345735 0.0396252 0.0445127 0.04902 0.0528628 0.0558036 0.0574986 0.0577875 0.0565179 0.0537312 0.0494509 0.0439326 0.0374361 0.0303699 0.0230669 0.0159853 0.009506 0.00402661 -0.000253975 -0.00318299 -0.00477837 -0.00510449 -0.0044146 -0.0030062 -0.00129155 0.000353376 0.00149479 0.00179237 0.000938128 -0.0011936 -0.00467965 -0.00943224 -0.0153117 -0.021967 -0.0290322 -0.0360485 -0.0426714 -0.0484794 -0.0531777 -0.0564663 -0.0582766 -0.0585304 -0.0573417 -0.0548318 -0.0513299 -0.0470733 -0.0423558 -0.0373856 -0.032459 -0.0277532 -0.0234084 -0.0195134 -0.0161453 -0.0133192 -0.0109555 -0.00904896 -0.00752603 -0.00635923 -0.00542139 -0.00473571 -0.00421676 -0.0038433 -0.0035476 -0.00334804 -0.00320433 -0.00307542 -0.00299012 -0.00291207 -0.00285914 -0.0027836 -0.00274863 -0.00269564 -0.00264863 -0.00260849 -0.00256853 -0.00253485 -0.00248604 -0.00246765 -0.00242218 -0.00239799 -0.0023675 -0.00233261 -0.00231045 -0.00228417 -0.00226838 -0.00222127 -0.00220722 -0.00219861 -0.00217392 -0.00214283 -0.0021103 -0.00211991 -0.00210027 -0.00206786 -0.00205412 -0.00204198 -0.00202951 -0.00200799 -0.00200996 -0.00199162 -0.00196273 -0.00196798 -0.0019539 -0.0019379 -0.00193662 -0.00192396 -0.00190926 -0.00190092 -0.0019006 -0.00188969 -0.00188131 -0.00188498 -0.0018675 -0.00186166 -0.00186691 -0.00184779 -0.00185116 -0.00185452 -0.00183605 -0.00184681 -0.00184322 -0.00182903 -0.00184391 -0.00183311 
0 1.51711e-05 3.53606e-05 4.47039e-05 5.82224e-05 7.12736e-05 7.91416e-05 9.78546e-05 0.000112044 0.000130103 0.000150702 0.000161452 0.000180473 0.000188097 0.0002015 0.000222357 0.00022647 0.000257478 0.000275229 0.000279545 0.000309533 0.000315871 0.000333724 0.000364192 0.000379765 0.000394411 0.000405949 0.000429135 0.000441175 0.00047204 0.00050438 0.000510547 0.000531974 0.000551212 0.000595025 0.000618982 0.000623426 0.000654987 0.000684847 0.00071883 0.000732307 0.000766498 0.000798082 0.000825996 0.000866546 0.00089115 0.000935426 0.000966258 0.00101153 0.00104745 0.00108937 0.00113723 0.00117703 0.0012333 0.00127586 0.00134374 0.00140079 0.00148134 0.00157216 0.00169524 0.00185239 0.00205968 0.00236148 0.00275098 0.00329292 0.00400546 0.00496914 0.0061881 0.00776277 0.00973906 0.0121837 0.0151242 0.0186153 0.0226597 0.0271781 0.0320836 0.0372269 0.0424376 0.0474293 0.0519837 0.0558187 0.0586922 0.0602895 0.0604589 0.0590908 0.056224 0.0519137 0.0463987 0.0399663 0.0329943 0.0258193 0.0188433 0.0124369 0.0069385 0.00254139 -0.000639645 -0.00259604 -0.00340394 -0.00328335 -0.00253505 -0.00150958 -0.000550827 -2.43098e-05 -0.000266379 -0.00154838 -0.00400472 -0.00768018 -0.0125163 -0.018373 -0.0249557 -0.031909 -0.038831 -0.0453771 -0.0511616 -0.0558668 -0.0592123 -0.0610978 -0.0614525 -0.0603494 -0.0579051 -0.0544134 -0.0501169 -0.0453031 -0.0401874 -0.0350645 -0.0301194 -0.0255231 -0.0213653 -0.0177451 -0.0146706 -0.0121047 -0.0100121 -0.00833647 -0.0070312 -0.00599877 -0.00522655 -0.00463596 -0.00421161 -0.00388024 -0.00365164 -0.00347473 -0.00334275 -0.00323891 -0.0031517 -0.00308687 -0.00301545 -0.00296745 -0.00290621 -0.00286666 -0.00281388 -0.00277291 -0.0027335 -0.00269227 -0.00265968 -0.00261679 -0.00259319 -0.00255163 -0.00253056 -0.00249645 -0.00245954 -0.00244044 -0.00241799 -0.0023924 -0.00234588 -0.00233674 -0.0023232 -0.00230014 -0.0022733 -0.00224127 -0.002244 -0.00222734 -0.00220791 -0.00219208 -0.00217241 -0.00215431 -0.0021396 -0.00214242 -0.00211569 -0.00210198 -0.0020978 -0.00207114 -0.00207618 -0.00207052 -0.0020566 -0.00205512 -0.0020384 -0.00202995 -0.00202105 -0.0020136 -0.00201278 -0.00200564 -0.00200512 -0.00199995 -0.0019928 -0.00199164 -0.00198501 -0.00198254 -0.00198275 -0.0019788 -0.00197948 
0 7.13299e-06 3.05918e-05 3.79231e-05 5.9232e-05 8.45118e-05 9.37397e-05 0.000116891 0.000126356 0.000134576 0.000153102 0.000160437 0.000188699 0.000205398 0.000222357 0.000251987 0.000248233 0.000276848 0.000293919 0.000291421 0.000337923 0.000343077 0.000355291 0.000389052 0.000392494 0.000422264 0.000447282 0.000474013 0.000490132 0.000504571 0.000533932 0.000545027 0.000585489 0.000599022 0.000617728 0.000656964 0.000667999 0.000713402 0.000739922 0.000764706 0.000796652 0.000833392 0.000870017 0.000887471 0.000940229 0.00096481 0.00100062 0.00104645 0.00108147 0.00112479 0.0011657 0.00122562 0.0012604 0.00132274 0.00138326 0.00144363 0.00151786 0.00160541 0.00171877 0.00184342 0.0020355 0.00227483 0.0026094 0.00305446 0.00366593 0.0044716 0.00552394 0.00688958 0.00861515 0.0107809 0.0134234 0.0166146 0.0203531 0.0246483 0.0294067 0.0345337 0.0398547 0.0451749 0.0502364 0.0547897 0.058578 0.0613314 0.0628098 0.0628442 0.0613914 0.0584625 0.0541782 0.0487339 0.0424532 0.0356565 0.0287036 0.0219218 0.0156711 0.0102057 0.00572015 0.00228434 -6.11036e-05 -0.00141253 -0.00194646 -0.00196122 -0.00173244 -0.00156962 -0.00175663 -0.00261792 -0.00437616 -0.00718077 -0.0110396 -0.0159277 -0.0216955 -0.0281262 -0.0348788 -0.0416282 -0.0480112 -0.0537005 -0.0583491 -0.0617247 -0.063665 -0.0641279 -0.0631234 -0.0607917 -0.0573474 -0.0530581 -0.0481797 -0.0429671 -0.0376777 -0.0325221 -0.0276874 -0.0232848 -0.0194168 -0.0160894 -0.0133164 -0.0110305 -0.00919804 -0.00773699 -0.00660895 -0.00573817 -0.00507552 -0.00458584 -0.0042223 -0.0039581 -0.00374701 -0.00360954 -0.00348813 -0.00339554 -0.00331325 -0.00325501 -0.00319029 -0.00312741 -0.00308966 -0.00303116 -0.00298713 -0.00293888 -0.00290597 -0.00285215 -0.00281688 -0.00278761 -0.00273356 -0.0027115 -0.00267729 -0.00264763 -0.00260789 -0.0025904 -0.00256745 -0.00253217 -0.00252506 -0.00248258 -0.00246886 -0.00245311 -0.00242419 -0.002411 -0.00237868 -0.00236195 -0.00234217 -0.00233923 -0.00231726 -0.00229222 -0.00229969 -0.00226328 -0.002263 -0.00226642 -0.00223185 -0.00223475 -0.0022148 -0.00219701 -0.00219563 -0.00218238 -0.00218533 -0.00217465 -0.00217025 -0.00216609 -0.00214799 -0.00215182 -0.0021425 -0.00213424 -0.00214224 -0.00212979 -0.00212823 -0.00213292 -0.00212075 -0.00212509 
0 2.21882e-05 3.32017e-05 5.37519e-05 6.78023e-05 7.76501e-05 9.50332e-05 0.000113079 0.00013093 0.000150112 0.000175954 0.000187341 0.000199348 0.000224817 0.00022647 0.000248233 0.000282084 0.000284064 0.000312475 0.000338396 0.000344705 0.000372521 0.00039323 0.000413611 0.000427974 0.000450012 0.000482495 0.000482929 0.00051854 0.000557485 0.000555702 0.000591672 0.000631748 0.000650852 0.000667791 0.000700744 0.000737924 0.000756702 0.000792039 0.000812901 0.000849488 0.000895776 0.000913063 0.000956207 0.000999854 0.00103906 0.00107317 0.00112554 0.00117293 0.00120413 0.00126933 0.00131489 0.00136328 0.00142131 0.00149193 0.00155303 0.00162626 0.0017389 0.00184706 0.00200076 0.00220779 0.00249594 0.00285906 0.0033707 0.00406246 0.00495724 0.00612625 0.0076296 0.00953778 0.0118772 0.0147497 0.0181735 0.0221729 0.0266915 0.0316836 0.0370001 0.0424647 0.0478567 0.0529413 0.0574624 0.061145 0.0637552 0.0650719 0.0649841 0.0634311 0.0604866 0.0562532 0.0509692 0.0448916 0.038369 0.0316957 0.0252084 0.019159 0.0137913 0.00922038 0.00554914 0.00277032 0.000838011 -0.000445357 -0.00129315 -0.0019687 -0.0026768 -0.00368277 -0.00521703 -0.00751404 -0.0106667 -0.0147234 -0.0196162 -0.0252623 -0.0314492 -0.0379461 -0.0444254 -0.0505925 -0.0560917 -0.0606489 -0.0639963 -0.0659976 -0.0665452 -0.0656736 -0.0634663 -0.0601255 -0.0558684 -0.0509724 -0.0456937 -0.0402761 -0.0349397 -0.0298795 -0.0252577 -0.0211367 -0.0175776 -0.014572 -0.0121126 -0.0100969 -0.00849823 -0.00724727 -0.0062917 -0.005545 -0.00499 -0.00459221 -0.00428252 -0.00405204 -0.00388139 -0.00376392 -0.00364043 -0.0035576 -0.00348808 -0.00341622 -0.00334753 -0.00329635 -0.00324859 -0.00318 -0.00314686 -0.00309968 -0.0030502 -0.00301147 -0.00298082 -0.00293881 -0.00289311 -0.00287745 -0.00283552 -0.00280427 -0.00277336 -0.00273583 -0.00272069 -0.00269187 -0.00265442 -0.00262401 -0.00262347 -0.00259469 -0.00255332 -0.00255923 -0.00253552 -0.00250795 -0.0024998 -0.00248089 -0.00246446 -0.00244126 -0.00243551 -0.00241992 -0.0023925 -0.00239486 -0.00237871 -0.00236277 -0.00236654 -0.0023533 -0.00234039 -0.00233176 -0.00232454 -0.00231143 -0.00230443 -0.00230932 -0.00229068 -0.00229084 -0.00229551 -0.00227179 -0.00228508 -0.00228231 -0.00226291 -0.0022838 -0.00226792 
0 1.84355e-05 3.29704e-05 5.40166e-05 7.11421e-05 8.65032e-05 0.0001097 0.000122123 0.000138911 0.000163393 0.000172359 0.000196478 0.000221369 0.0002287 0.000257478 0.000276848 0.000284064 0.000314332 0.000334833 0.000348254 0.000375335 0.000395542 0.000408719 0.000438522 0.000470502 0.000483719 0.000506466 0.000534806 0.000551676 0.000577278 0.00061453 0.000642473 0.00065192 0.000676044 0.000726107 0.0007619 0.000771925 0.000802341 0.000852008 0.000881779 0.000913326 0.000950063 0.000986085 0.00102612 0.00107049 0.00110721 0.00114547 0.0012035 0.00124349 0.00128938 0.00134883 0.00140481 0.00145507 0.00152138 0.0016004 0.00166241 0.00175672 0.00187104 0.00200391 0.00216878 0.00241407 0.00273267 0.0031434 0.00372157 0.00448976 0.00548802 0.00676625 0.00843163 0.0105 0.0130444 0.0161265 0.0198019 0.0240311 0.0287779 0.0339711 0.0394548 0.0450245 0.0504514 0.0555278 0.0599657 0.0635183 0.0659394 0.0670982 0.0668632 0.0652438 0.0622881 0.058178 0.0530906 0.0473089 0.0411057 0.034807 0.0286557 0.022883 0.0176264 0.0130123 0.0090871 0.00587456 0.00329376 0.0012164 -0.000553726 -0.00218394 -0.00385546 -0.00573396 -0.00802339 -0.0108784 -0.0144155 -0.0186452 -0.0235447 -0.0290089 -0.0349216 -0.0410758 -0.0472441 -0.0531057 -0.058379 -0.0627688 -0.0660785 -0.0681008 -0.0687559 -0.0680079 -0.0659693 -0.0627505 -0.05858 -0.0536941 -0.0483901 -0.0428772 -0.0373886 -0.0321322 -0.0272899 -0.0229418 -0.0191344 -0.0159136 -0.0132447 -0.0110647 -0.00929742 -0.00793071 -0.00686314 -0.00603872 -0.00540832 -0.00496076 -0.00461456 -0.00434737 -0.00416112 -0.0040191 -0.00389619 -0.00379238 -0.00372558 -0.00364471 -0.00357505 -0.00351957 -0.00346584 -0.00340293 -0.00335404 -0.00331395 -0.0032563 -0.00321403 -0.00317366 -0.00313199 -0.0030923 -0.00305573 -0.00301284 -0.00298129 -0.00296467 -0.0029206 -0.00287673 -0.00286239 -0.00285094 -0.0028143 -0.00277457 -0.00275778 -0.00274674 -0.00272097 -0.00269296 -0.00267879 -0.00265502 -0.00263026 -0.00262456 -0.00261156 -0.00258561 -0.00257301 -0.00256467 -0.0025426 -0.00253669 -0.00253117 -0.00250745 -0.00250209 -0.00249329 -0.00247596 -0.00247426 -0.00246669 -0.00245694 -0.00245334 -0.00244756 -0.00244022 -0.00243475 -0.0024325 -0.00242495 -0.00242189 -0.00242275 -0.00241612 -0.00241815 
