0 0 0 0 0 0 0 0 0 0 0 0 0 0 0 0 0 0 0 0 0 0 0 0 0 0 0 0 0 0 0 0 0 0 0 0 0 0 0 0 0 0 0 0 0 0 0 0 0 0 0 0 0 0 0 0 0 0 0 0 0 0 0 0 0 0 0 0 0 0 0 0 0 0 0 0 0 0 0 0 0 0 0 0 0 0 0 0 0 0 0 0 0 0 0 0 0 0 0 0 0 0 0 0 0 0 0 0 0 0 0 0 0 0 0 0 0 0 0 0 0 0 0 0 0 0 0 0 0 0 0 0 0 0 0 0 0 0 0 0 0 0 0 0 0 0 0 0 0 0 0 0 0 0 0 0 0 0 0 0 0 0 0 0 0 0 0 0 0 0 0 0 0 0 0 0 0 0 0 0 0 0 0 0 0 0 0 0 0 0 0 0 0 0 0 0 0 0 0 0 
0 2.67376e-06 -3.62188e-06 2.68612e-06 -8.59302e-09 -1.56245e-06 5.35848e-06 -1.94725e-06 2.66321e-06 4.36727e-06 -3.05149e-06 7.92425e-06 2.35989e-06 3.98943e-06 1.56598e-05 6.83153e-06 2.31299e-05 3.13346e-05 4.04884e-05 7.94621e-05 0.000108413 0.000168211 0.000247735 0.000340731 0.000472159 0.000631528 0.000828753 0.0010668 0.00135891 0.00167992 0.0020479 0.00244139 0.00282405 0.0032044 0.00351604 0.00374979 0.00385895 0.0038284 0.0036368 0.00326739 0.00276273 0.00209545 0.00133042 0.000505466 -0.0003271 -0.00111557 -0.0017847 -0.00230881 -0.00270076 -0.00290185 -0.00296645 -0.00289069 -0.00270509 -0.00243217 -0.00213933 -0.00185305 -0.00157372 -0.00131369 -0.00107106 -0.000903149 -0.000760154 -0.000647668 -0.000544772 -0.000476019 -0.000412706 -0.000375621 -0.000340178 -0.000296188 -0.00026725 -0.000244952 -0.000228427 -0.000199252 -0.000185348 -0.000156979 -0.000152321 -0.000135663 -0.000120776 -9.44746e-05 -9.76324e-05 -8.31853e-05 -6.72024e-05 -5.13259e-05 -5.13604e-05 -3.77918e-05 -2.64132e-05 -1.67217e-05 -9.52533e-06 -2.38772e-06 5.86511e-06 1.563e-05 2.48994e-05 2.43714e-05 3.50061e-05 4.48928e-05 5.05715e-05 4.70413e-05 6.23304e-05 6.85781e-05 6.99063e-05 6.88359e-05 8.62689e-05 8.64141e-05 8.66056e-05 9.0268e-05 0.000105173 0.000100718 0.000103431 0.000109971 0.000119196 0.000115417 0.000120915 0.000126396 0.000131537 0.000133948 0.000137243 0.000140843 0.000147652 0.000156362 0.000151772 0.000159503 0.00017066 0.000180471 0.000171163 0.000188923 0.000198933 0.000210352 0.000207943 0.000229408 0.000236338 0.000259776 0.000269693 0.000286248 0.000304982 0.000342804 0.00036943 0.000399594 0.000451039 0.000506932 0.000590932 0.000690929 0.000820684 0.000963029 0.00117446 0.00141481 0.0016904 0.00196238 0.00223943 0.00251272 0.00273148 0.00284201 0.00281592 0.00266574 0.00232858 0.00185774 0.00124353 0.000507142 -0.000306928 -0.00112432 -0.0018953 -0.00258309 -0.00311856 -0.00352213 -0.00375606 -0.00384037 -0.00376946 -0.00357511 -0.00329214 -0.0029276 -0.00255662 -0.00217139 -0.00180664 -0.00148009 -0.00118842 -0.000936436 -0.000729218 -0.000566021 -0.000422507 -0.000331351 -0.000250081 -0.000187391 -0.000159194 -0.000116346 -0.000103873 -9.34925e-05 -7.68105e-05 -8.31778e-05 -7.39629e-05 -7.21133e-05 -7.51802e-05 -6.71722e-05 -7.03423e-05 -6.94557e-05 -6.73861e-05 -7.20901e-05 -7.05879e-05 -7.18074e-05 -7.32815e-05 -6.97858e-05 -7.0599e-05 -7.01357e-05 
0 -3.62188e-06 8.2919e-06 -4.17779e-06 4.78328e-06 4.64996e-06 -4.82498e-06 1.02888e-05 -2.40731e-06 3.97786e-06 1.06116e-05 -2.67042e-06 1.47002e-05 6.55948e-06 1.19969e-05 3.06431e-05 3.39595e-05 6.99939e-05 0.000102192 0.000155038 0.000232589 0.000335491 0.000484465 0.000673981 0.000941691 0.00125813 0.00166338 0.00215629 0.0027077 0.00337385 0.00409609 0.0048629 0.00566244 0.00640133 0.00702434 0.00748538 0.00769703 0.00761198 0.00724313 0.00653024 0.00549478 0.00419713 0.00266105 0.00100407 -0.000646775 -0.00218606 -0.0035234 -0.00459152 -0.00534665 -0.00578402 -0.00591304 -0.00574942 -0.00536046 -0.00486576 -0.00430525 -0.00369794 -0.00313168 -0.00262465 -0.00217639 -0.00180614 -0.00152088 -0.00128803 -0.00110253 -0.000949669 -0.000822613 -0.000744619 -0.000671053 -0.00058935 -0.000519253 -0.000483228 -0.00043484 -0.000391552 -0.000345036 -0.000304804 -0.000277016 -0.000256815 -0.000213267 -0.000174311 -0.000166319 -0.000145215 -0.000108232 -8.097e-05 -7.59429e-05 -5.00008e-05 -2.9101e-05 -6.30108e-06 3.96725e-06 2.41654e-05 3.37039e-05 6.09727e-05 6.99093e-05 8.03617e-05 9.03458e-05 0.000120227 0.00012018 0.000127258 0.000143365 0.000167956 0.00015909 0.000171062 0.000190143 0.000204249 0.000193126 0.000213092 0.000228005 0.00023341 0.0002273 0.000251193 0.000257567 0.000262301 0.000262974 0.00028271 0.000284837 0.000296804 0.000297575 0.000309803 0.000319673 0.000337076 0.000330372 0.000343237 0.000367618 0.000379988 0.000372613 0.000395267 0.000425526 0.000434395 0.000445132 0.000469265 0.000499369 0.000528071 0.00056159 0.000579515 0.000628409 0.000693558 0.000752183 0.000805249 0.000904522 0.0010322 0.00119342 0.00138891 0.00162785 0.00195619 0.00237464 0.00284061 0.00335514 0.00394048 0.00451431 0.00502621 0.00543781 0.00566562 0.00563307 0.00530018 0.00465599 0.00370018 0.00245475 0.000982894 -0.000608917 -0.00223963 -0.00379577 -0.00513796 -0.00623968 -0.00704067 -0.00749407 -0.00765112 -0.00752179 -0.00712938 -0.00655851 -0.00587112 -0.00509573 -0.00433539 -0.00361362 -0.00294014 -0.00237596 -0.00187971 -0.00146996 -0.0011386 -0.000868031 -0.000660625 -0.000496075 -0.000388244 -0.000296463 -0.000244593 -0.000210965 -0.000173646 -0.000171455 -0.000150453 -0.000145175 -0.000149735 -0.000137228 -0.000148084 -0.000144054 -0.000142016 -0.000146694 -0.000138035 -0.000140292 -0.00013788 -0.000136233 -0.000140559 -0.000138135 -0.000140791 
0 2.68612e-06 -4.17779e-06 4.14683e-06 1.12748e-06 -3.84508e-07 8.79169e-06 3.60667e-07 6.03458e-06 9.30374e-06 2.42211e-07 1.507e-05 1.0848e-05 1.47117e-05 3.57474e-05 3.19915e-05 6.49955e-05 9.70678e-05 0.000138163 0.000236355 0.000340756 0.000512216 0.00074511 0.00103375 0.00142456 0.00190613 0.00250162 0.00322152 0.00408168 0.00505212 0.00614194 0.0073025 0.00845599 0.00956619 0.0104937 0.0111756 0.0114947 0.0113935 0.0108221 0.009742 0.0082258 0.00626604 0.0039981 0.00155353 -0.000908408 -0.00322843 -0.00522173 -0.00680125 -0.00795537 -0.008591 -0.00879372 -0.00858243 -0.00804315 -0.00727115 -0.006415 -0.00555192 -0.00471694 -0.00394191 -0.00324008 -0.00270858 -0.00227347 -0.00192442 -0.00162398 -0.00140128 -0.00121333 -0.00108863 -0.0009749 -0.00085016 -0.000756283 -0.0006859 -0.000625301 -0.000547419 -0.000491097 -0.000418549 -0.00038736 -0.000340749 -0.000289009 -0.000224298 -0.000212592 -0.000173097 -0.000125154 -8.17603e-05 -6.81491e-05 -3.15135e-05 2.829e-06 3.38096e-05 5.75837e-05 8.11778e-05 0.000106022 0.000136536 0.000161112 0.000169297 0.000196325 0.000226101 0.000241167 0.000242913 0.000277268 0.000298666 0.000303389 0.000309302 0.000346577 0.000354602 0.000355892 0.000370384 0.000401862 0.000399395 0.000405065 0.000424449 0.000444501 0.000441846 0.000453171 0.000469666 0.000482165 0.000490114 0.000498343 0.000510176 0.000527378 0.000546468 0.000541608 0.000560313 0.000588934 0.000610056 0.000598989 0.000636629 0.000667851 0.000693884 0.000699805 0.000746876 0.000778118 0.000833196 0.000869276 0.000914884 0.000976408 0.00107541 0.00115979 0.00125444 0.00140213 0.00158132 0.00182843 0.00213007 0.00251201 0.00296868 0.00358919 0.00430348 0.00510444 0.00592657 0.00675314 0.00753556 0.00815118 0.00846208 0.00838027 0.00789336 0.00689909 0.00547783 0.00363757 0.00144975 -0.000948777 -0.0033708 -0.00566105 -0.00768443 -0.00929413 -0.0104847 -0.0111842 -0.0114287 -0.0112289 -0.0106586 -0.00981527 -0.00876018 -0.00764339 -0.00650434 -0.0054214 -0.00443994 -0.00357223 -0.00282353 -0.00220406 -0.00170639 -0.00129099 -0.000997162 -0.000755818 -0.000576007 -0.000468047 -0.000361596 -0.000313024 -0.000276305 -0.000241388 -0.000241202 -0.000223502 -0.000218448 -0.000219905 -0.00020809 -0.000211351 -0.000209733 -0.000206726 -0.00021342 -0.00021147 -0.000212939 -0.0002152 -0.00021142 -0.00021373 -0.000209607 
0 -8.59302e-09 4.78328e-06 1.12748e-06 4.20139e-06 4.5023e-06 2.46246e-06 7.55415e-06 4.26081e-06 8.39361e-06 1.0699e-05 9.88216e-06 1.87415e-05 2.0525e-05 3.47004e-05 5.41628e-05 8.30787e-05 0.000136525 0.000205959 0.000318841 0.000472254 0.000690797 0.000992406 0.00138427 0.00190656 0.00255249 0.00335511 0.00432389 0.00545069 0.00675182 0.00818778 0.0097127 0.0112572 0.0127074 0.0139315 0.0148176 0.0152303 0.0150789 0.014325 0.0129181 0.0108979 0.00833244 0.00533906 0.00211162 -0.00112825 -0.00416346 -0.00680229 -0.00891523 -0.010434 -0.0113172 -0.0115998 -0.0113315 -0.010629 -0.00965947 -0.00855076 -0.00739201 -0.00627616 -0.00525403 -0.00435026 -0.00361174 -0.00302061 -0.00254213 -0.00215155 -0.00183704 -0.00158524 -0.00140341 -0.0012444 -0.00108343 -0.00094969 -0.000851521 -0.000758255 -0.000662764 -0.000572431 -0.000487412 -0.000427288 -0.000368445 -0.000291334 -0.000218581 -0.00018159 -0.000132803 -6.76172e-05 -1.41038e-05 1.7508e-05 6.2725e-05 0.000109349 0.000152125 0.000185964 0.000220074 0.000253202 0.000295008 0.000324576 0.000345437 0.000376324 0.000416462 0.000434356 0.000449071 0.000483256 0.00051485 0.000521386 0.000538597 0.000573286 0.000591797 0.000593728 0.000616978 0.000645609 0.000653276 0.000658142 0.000684132 0.000702919 0.00070823 0.000718225 0.00074019 0.000753658 0.000765423 0.000774674 0.000790849 0.00081082 0.00082956 0.000831415 0.000851186 0.00088517 0.000904459 0.000905874 0.000940065 0.000982892 0.00100809 0.00102897 0.00107362 0.00112461 0.00118212 0.00123601 0.001291 0.00137765 0.00149556 0.00161042 0.00173903 0.00193003 0.00218249 0.00250543 0.00290586 0.00340798 0.00405317 0.00486796 0.00580369 0.00684201 0.007952 0.009052 0.0100468 0.0108194 0.0112122 0.0111 0.0104142 0.00910601 0.00719985 0.00474368 0.00185277 -0.00129281 -0.004487 -0.00751648 -0.0101718 -0.0123241 -0.0138916 -0.0148146 -0.0151318 -0.0148778 -0.0141313 -0.0130179 -0.0116538 -0.0101597 -0.00865733 -0.00722519 -0.00591227 -0.00476861 -0.00378098 -0.00295951 -0.0022915 -0.00174993 -0.00133618 -0.00101414 -0.000781635 -0.000613708 -0.000494821 -0.000420045 -0.000363237 -0.000333209 -0.000310554 -0.000296526 -0.000292692 -0.00028558 -0.000287014 -0.000285452 -0.000284069 -0.000284719 -0.00028134 -0.000281371 -0.000279959 -0.000277941 -0.000278272 -0.000279308 -0.000281092 
0 -1.56245e-06 4.64996e-06 -3.84508e-07 4.5023e-06 6.78637e-06 2.56377e-06 1.04706e-05 6.71781e-06 9.00884e-06 1.58252e-05 1.18926e-05 2.41767e-05 3.07344e-05 4.26394e-05 7.38804e-05 0.000106205 0.000171379 0.000266194 0.000401099 0.000604861 0.000881416 0.00126055 0.00176083 0.0024085 0.00321955 0.00422017 0.00542795 0.00683302 0.0084522 0.0102325 0.0121164 0.0140221 0.0157978 0.0173067 0.0183869 0.0188929 0.018704 0.0177609 0.0160289 0.0135284 0.0103724 0.00669384 0.00272858 -0.00125978 -0.00500015 -0.00826806 -0.0108988 -0.0127854 -0.0139128 -0.0142892 -0.0139989 -0.0131708 -0.0120007 -0.010641 -0.00921714 -0.00783691 -0.00655941 -0.00543899 -0.00449792 -0.00374631 -0.00313186 -0.00263587 -0.00222822 -0.0019113 -0.00166488 -0.00145404 -0.00125693 -0.00108541 -0.000951811 -0.000826617 -0.000708711 -0.000587538 -0.000486393 -0.000397119 -0.000317888 -0.000220374 -0.000137602 -7.11667e-05 -7.92368e-06 7.11136e-05 0.000137218 0.000191592 0.000246742 0.000306869 0.000362239 0.000409702 0.000454972 0.000500548 0.000550811 0.000589362 0.000624133 0.000662402 0.000707556 0.000734361 0.000762455 0.000797603 0.000834147 0.000850269 0.00087651 0.000908072 0.00093369 0.000943743 0.000970334 0.000995734 0.00101194 0.00102107 0.0010466 0.00106504 0.00107682 0.00108744 0.00110895 0.00112447 0.00113706 0.00114784 0.0011654 0.00118616 0.00120117 0.00121106 0.00123076 0.0012633 0.00128066 0.0012958 0.00132535 0.0013713 0.00139948 0.00143305 0.00147639 0.00154109 0.00160289 0.00167064 0.00174165 0.0018492 0.00198219 0.00212879 0.00230012 0.00253429 0.00285314 0.00325629 0.0037647 0.00439714 0.00521369 0.00621418 0.00737973 0.00866001 0.010019 0.011358 0.012557 0.0134683 0.0139103 0.0137371 0.0128425 0.0112064 0.00882475 0.00577837 0.00220736 -0.00167017 -0.0056056 -0.00933321 -0.0126016 -0.0152641 -0.0171943 -0.0183507 -0.0187485 -0.0184465 -0.01754 -0.01617 -0.0144999 -0.0126586 -0.0108067 -0.00903454 -0.00740704 -0.00597831 -0.00474702 -0.00371859 -0.00287632 -0.00220709 -0.00168055 -0.00128183 -0.000991395 -0.000772213 -0.000629696 -0.000527429 -0.000457066 -0.000421529 -0.000388428 -0.000375221 -0.000367435 -0.000356984 -0.00035882 -0.000353785 -0.000352294 -0.000353921 -0.000349778 -0.000351572 -0.000352325 -0.000351923 -0.000353153 -0.000351224 -0.000350732 
0 5.35848e-06 -4.82498e-06 8.79169e-06 2.46246e-06 2.56377e-06 1.3747e-05 1.63295e-06 1.47711e-05 1.34406e-05 9.11662e-06 2.75391e-05 2.10112e-05 4.04512e-05 6.24976e-05 8.30337e-05 0.000143153 0.000210453 0.000326261 0.000498894 0.000740258 0.00108239 0.00154211 0.00215315 0.00292279 0.0039092 0.00510624 0.0065398 0.00824461 0.0101547 0.0122765 0.0145194 0.0167475 0.018843 0.0206153 0.0218727 0.0224567 0.0222427 0.0211064 0.0190518 0.0161164 0.01238 0.00806317 0.00341012 -0.00128148 -0.00570623 -0.00957482 -0.0126981 -0.0149733 -0.0163363 -0.016824 -0.0165398 -0.0156363 -0.014272 -0.0126734 -0.0110178 -0.00938453 -0.00785358 -0.0064992 -0.00536992 -0.00444131 -0.0036876 -0.00306443 -0.00256711 -0.00217533 -0.00185537 -0.001585 -0.00134599 -0.00113967 -0.000956458 -0.000803481 -0.000648542 -0.000506209 -0.000374739 -0.000262681 -0.000146922 -3.91314e-05 6.44376e-05 0.000157482 0.000245698 0.000333346 0.000417854 0.000496154 0.000564874 0.000640043 0.000707793 0.000773344 0.000828858 0.000893165 0.000946089 0.00100129 0.00104637 0.00109984 0.00114079 0.00118703 0.00122257 0.0012661 0.00129747 0.00133532 0.00136218 0.00139729 0.00142073 0.00145083 0.0014703 0.00149879 0.00151571 0.00153892 0.00155297 0.00157698 0.00158877 0.00160638 0.00161831 0.00163985 0.0016483 0.00166305 0.00167717 0.00169765 0.00170704 0.00172344 0.00174339 0.00176595 0.00178509 0.00180757 0.00183734 0.00187154 0.00191167 0.00194633 0.00199683 0.00205889 0.00213317 0.00220224 0.00229896 0.00241639 0.00256422 0.00273795 0.00295806 0.00323874 0.00361347 0.0041028 0.00472003 0.00550263 0.00646842 0.00765373 0.00904348 0.0105735 0.0121414 0.0136879 0.015079 0.016098 0.0165517 0.0162828 0.0151863 0.0131944 0.0103471 0.00673217 0.0025079 -0.00208044 -0.00671548 -0.0110914 -0.0149686 -0.0181008 -0.0203849 -0.0217777 -0.0222588 -0.0219102 -0.0208635 -0.0192633 -0.0172825 -0.0151375 -0.0129411 -0.0108325 -0.00891509 -0.00719196 -0.00572297 -0.00448975 -0.00347655 -0.00266995 -0.00204018 -0.00156223 -0.0011978 -0.000949145 -0.000759872 -0.000635206 -0.000562939 -0.000496974 -0.000476313 -0.000452779 -0.000434956 -0.000438078 -0.000421888 -0.000424952 -0.000424369 -0.000418793 -0.000427267 -0.000421107 -0.000422426 -0.000425017 -0.000419586 -0.000423707 -0.000420816 
0 -1.94725e-06 1.02888e-05 3.60667e-07 7.55415e-06 1.04706e-05 1.63295e-06 1.57238e-05 9.4257e-06 1.1264e-05 2.62378e-05 1.7305e-05 3.62428e-05 5.03905e-05 6.17066e-05 0.000117041 0.000165266 0.000261238 0.000412445 0.000600004 0.000901124 0.00129658 0.00182998 0.00254919 0.00345985 0.00460856 0.00601658 0.00770283 0.00965485 0.0118876 0.0143244 0.0168853 0.0194617 0.0218388 0.0238538 0.0252708 0.0259253 0.0256431 0.0243426 0.0220086 0.0186246 0.0143852 0.00946048 0.0041496 -0.00119763 -0.0062234 -0.0106692 -0.0142966 -0.0169219 -0.0185659 -0.0191863 -0.0189188 -0.0179284 -0.016458 -0.0146783 -0.0127628 -0.010868 -0.00910501 -0.00756235 -0.00619949 -0.00508677 -0.00417107 -0.00344047 -0.0028273 -0.00235143 -0.00194553 -0.00160987 -0.00132818 -0.00106869 -0.000844823 -0.000639881 -0.00046228 -0.000274252 -0.000129649 3.23763e-05 0.000168278 0.00030849 0.000419286 0.000557368 0.000661931 0.000771138 0.000869113 0.00097796 0.00106218 0.00115411 0.00123835 0.00131872 0.00139477 0.00147028 0.00153704 0.00159875 0.00166941 0.00172459 0.00177682 0.00182814 0.00188868 0.00192385 0.00196748 0.0020105 0.00205603 0.00207649 0.0021154 0.00214834 0.00217779 0.00219109 0.00222523 0.00224616 0.00226326 0.00227611 0.00230168 0.0023126 0.00232465 0.00233956 0.00235247 0.00236255 0.00237536 0.00239028 0.00239393 0.00241609 0.00242862 0.00244565 0.00245458 0.00249398 0.002506 0.0025415 0.00257095 0.00262505 0.00265755 0.00273321 0.00279562 0.00288336 0.00298271 0.0031213 0.00327361 0.00347762 0.00373737 0.00406226 0.00451447 0.00507911 0.00580331 0.00671123 0.00788084 0.00923989 0.010819 0.0125436 0.0143601 0.0161096 0.01761 0.0186842 0.0191326 0.0187665 0.0174119 0.0150964 0.0117702 0.00757772 0.00273294 -0.00249196 -0.00779054 -0.0128048 -0.0172168 -0.0208415 -0.0234621 -0.0250605 -0.0256266 -0.0252552 -0.0240764 -0.0222606 -0.0200387 -0.0175598 -0.0150499 -0.01263 -0.0103955 -0.00841777 -0.00671486 -0.0052794 -0.00409536 -0.00316187 -0.00240421 -0.00184292 -0.00142726 -0.00110492 -0.000908997 -0.000751896 -0.000650034 -0.000598876 -0.000542454 -0.000526697 -0.000514166 -0.000498072 -0.000506301 -0.00049787 -0.00049534 -0.000499706 -0.000489431 -0.000493823 -0.00049062 -0.000485509 -0.000493054 -0.00048724 -0.000492691 
0 2.66321e-06 -2.40731e-06 6.03458e-06 4.26081e-06 6.71781e-06 1.47711e-05 9.4257e-06 1.8458e-05 1.87724e-05 2.05372e-05 3.3956e-05 3.74839e-05 6.23624e-05 8.91841e-05 0.000133496 0.000208853 0.000311571 0.000481322 0.000714923 0.0010605 0.00152999 0.00215689 0.00299125 0.00402967 0.00535238 0.00695385 0.0088619 0.011106 0.0136186 0.0163757 0.0192629 0.0221194 0.0247693 0.0270017 0.0285672 0.0292787 0.0289693 0.0274923 0.0248607 0.0210986 0.0163583 0.0108935 0.00500583 -0.000936832 -0.00656984 -0.0115549 -0.0156355 -0.0186433 -0.0205328 -0.0213062 -0.0211079 -0.0201152 -0.0185066 -0.0165364 -0.0144271 -0.0123132 -0.0103073 -0.0085178 -0.00695794 -0.00565133 -0.00457344 -0.00368728 -0.0029695 -0.00239451 -0.00190098 -0.00148725 -0.00115065 -0.000844776 -0.00056434 -0.000317677 -9.22577e-05 0.00012072 0.000306621 0.000498863 0.00068083 0.000835716 0.000979792 0.00114513 0.00128654 0.00140924 0.00153501 0.00166715 0.00177809 0.00188741 0.00199108 0.0020907 0.00218748 0.00228183 0.00235787 0.00243789 0.00252509 0.0025954 0.00264937 0.00272025 0.00279146 0.00283545 0.00287788 0.00294067 0.00298884 0.0030128 0.00305086 0.00310045 0.00312447 0.00313856 0.0031728 0.0032038 0.00321032 0.00322297 0.00324795 0.00326102 0.00326228 0.00327458 0.00328461 0.00329115 0.00329688 0.00330253 0.00330279 0.00331966 0.00332885 0.00332772 0.00333782 0.00337148 0.0033824 0.00339612 0.00343278 0.00348005 0.00351712 0.00357765 0.00364759 0.00373472 0.00385246 0.0039945 0.00415737 0.00438949 0.00469645 0.00507424 0.00557586 0.00623503 0.0070779 0.00813978 0.00944334 0.0109799 0.0127652 0.0147025 0.016671 0.0185559 0.0201789 0.021282 0.0216634 0.0211336 0.0195397 0.016846 0.0130722 0.00835737 0.00291871 -0.00293499 -0.00884176 -0.0144186 -0.0193648 -0.0234 -0.0263507 -0.0281768 -0.0288399 -0.0284517 -0.0271681 -0.0251688 -0.0226848 -0.0199514 -0.01714 -0.0144171 -0.0119124 -0.00965116 -0.00771102 -0.00607064 -0.00471485 -0.00364122 -0.0027844 -0.00213912 -0.00164902 -0.00129436 -0.00104422 -0.000866206 -0.000758086 -0.000677492 -0.000635764 -0.00060696 -0.000584975 -0.00057932 -0.000565646 -0.000564778 -0.00056277 -0.000559033 -0.000563382 -0.000562951 -0.000565817 -0.000567157 -0.000565412 -0.000564338 -0.000561458 
0 4.36727e-06 3.97786e-06 9.30374e-06 8.39361e-06 9.00884e-06 1.34406e-05 1.1264e-05 1.87724e-05 2.2326e-05 2.66919e-05 4.0179e-05 4.91249e-05 7.48052e-05 0.000108587 0.000163046 0.000253192 0.000380307 0.000578637 0.000853494 0.00124655 0.00178253 0.00249483 0.00343818 0.00462469 0.00611941 0.00793293 0.0100821 0.012587 0.0153874 0.0184395 0.0216216 0.0247601 0.0276588 0.0300794 0.0317695 0.0325183 0.0321467 0.0305196 0.0276297 0.0235139 0.0183395 0.0123814 0.00596282 -0.000514324 -0.00666503 -0.0121448 -0.0166673 -0.0200425 -0.0222042 -0.0231587 -0.0230402 -0.0220494 -0.0203844 -0.0182881 -0.0159807 -0.0136374 -0.011414 -0.00940825 -0.00763086 -0.00611015 -0.00485015 -0.00381358 -0.00297019 -0.00227764 -0.00168175 -0.00118366 -0.000778514 -0.000412902 -7.27446e-05 0.000230074 0.00050516 0.000756348 0.000984947 0.00122002 0.00144352 0.00162858 0.00180628 0.00200514 0.00218166 0.00233019 0.00248279 0.00264144 0.00278162 0.00291308 0.00303753 0.00315837 0.00327913 0.00339144 0.00348257 0.00357994 0.00368605 0.00376921 0.00383344 0.00391865 0.00400322 0.00405454 0.00410369 0.00417766 0.00423304 0.00425933 0.0043016 0.00435839 0.00438353 0.00439603 0.0044323 0.0044657 0.00446824 0.00447623 0.00450085 0.0045115 0.00450519 0.00450994 0.00451709 0.00451735 0.00451334 0.00450829 0.00450358 0.00451194 0.00451048 0.00449552 0.00449923 0.00452431 0.00452537 0.00452314 0.00455294 0.00459443 0.00462517 0.00467187 0.00473741 0.00482553 0.00494756 0.00509206 0.00526506 0.00551886 0.00586354 0.00629528 0.00686174 0.00760553 0.00855799 0.00976525 0.0112339 0.01294 0.0148835 0.0169921 0.0191289 0.0211321 0.0227927 0.0238671 0.0241541 0.0234442 0.0215795 0.0185159 0.0142867 0.009048 0.00306038 -0.00335262 -0.00981794 -0.0159308 -0.021361 -0.0258075 -0.0290748 -0.0310977 -0.0318616 -0.0314752 -0.0301064 -0.027956 -0.025261 -0.0222705 -0.0191796 -0.016174 -0.0133903 -0.0108815 -0.00871663 -0.00687985 -0.00536124 -0.0041441 -0.00317516 -0.00243844 -0.00188029 -0.00147589 -0.00118887 -0.000986776 -0.000856678 -0.000764352 -0.00071131 -0.000676596 -0.000655204 -0.000647908 -0.000639229 -0.000638745 -0.00063796 -0.000636445 -0.000634961 -0.000631879 -0.000630107 -0.000628261 -0.000629506 -0.000630081 -0.000633277 
0 -3.05149e-06 1.06116e-05 2.42211e-07 1.0699e-05 1.58252e-05 9.11662e-06 2.62378e-05 2.05372e-05 2.66919e-05 4.21795e-05 4.09122e-05 6.95165e-05 9.32852e-05 0.000130733 0.000207717 0.000300386 0.000457293 0.000685164 0.00100191 0.0014548 0.00206683 0.00287791 0.00393208 0.00527687 0.0069324 0.00895245 0.0113474 0.0140934 0.0171904 0.0205233 0.0239756 0.0273788 0.0304917 0.0330772 0.0348757 0.0356635 0.035223 0.0334608 0.0303333 0.0258868 0.0203388 0.0139476 0.00707214 0.000118271 -0.00649377 -0.0124297 -0.0173692 -0.0210863 -0.0235246 -0.0246809 -0.0246859 -0.0237228 -0.0220376 -0.0198417 -0.0173627 -0.0148163 -0.0123804 -0.0101547 -0.00814692 -0.00641339 -0.00495227 -0.00375512 -0.00276353 -0.00194317 -0.00123541 -0.000644805 -0.000157285 0.000277709 0.000678279 0.00104823 0.00137392 0.00167494 0.00194775 0.00223476 0.00249543 0.00272585 0.00293879 0.0031762 0.00338707 0.00357414 0.00375449 0.00394377 0.00411629 0.00427569 0.00442436 0.00457019 0.00471787 0.00484897 0.00496282 0.00507819 0.00520462 0.0053006 0.00538466 0.0054799 0.0055793 0.00563892 0.00570269 0.00577951 0.00584548 0.00587525 0.00592565 0.0059799 0.00601172 0.006022 0.00606007 0.00608761 0.006092 0.0060917 0.00611335 0.00611624 0.00610496 0.00609693 0.00609836 0.00608867 0.00607171 0.00605341 0.00604015 0.00603545 0.00601575 0.00599024 0.00597966 0.00599143 0.00597458 0.00596237 0.00597271 0.0060079 0.00602398 0.00605945 0.00611146 0.00620374 0.00632032 0.00646677 0.00665151 0.00692815 0.00730887 0.00779265 0.00843075 0.00925939 0.0103325 0.0116713 0.0132988 0.0151621 0.0172541 0.0194976 0.0217613 0.0238319 0.0254761 0.0264837 0.0266258 0.0256934 0.0235192 0.0200875 0.0154153 0.00968444 0.00318869 -0.00373808 -0.0107095 -0.0173133 -0.0231642 -0.0279954 -0.0315613 -0.0337779 -0.0346616 -0.0342994 -0.0328689 -0.0305911 -0.0277294 -0.0245029 -0.0211724 -0.0179153 -0.0148557 -0.0121177 -0.00972027 -0.00768458 -0.00600363 -0.00464471 -0.0035662 -0.0027389 -0.00212 -0.0016528 -0.00133599 -0.00110612 -0.000947282 -0.000860067 -0.000784492 -0.000751807 -0.000732895 -0.000709424 -0.00071469 -0.000701839 -0.000698583 -0.00070599 -0.000695372 -0.000704988 -0.000704055 -0.000699928 -0.000709114 -0.000699541 -0.000703152 
0 7.92425e-06 -2.67042e-06 1.507e-05 9.88216e-06 1.18926e-05 2.75391e-05 1.7305e-05 3.3956e-05 4.0179e-05 4.09122e-05 7.0292e-05 8.03982e-05 0.00011722 0.00017808 0.000245479 0.000376739 0.000552928 0.00080648 0.00118354 0.00168963 0.00238235 0.00330022 0.00448103 0.00596754 0.00781357 0.0100371 0.0126527 0.0156801 0.0190287 0.022638 0.0263612 0.0299789 0.0332888 0.036015 0.0379033 0.0386941 0.0382199 0.0363182 0.0329583 0.0282615 0.0223671 0.0156133 0.00836178 0.00101981 -0.00602562 -0.0123552 -0.017654 -0.0217311 -0.0244269 -0.0257999 -0.0259564 -0.0251031 -0.0234001 -0.0211206 -0.0185228 -0.0158174 -0.0131728 -0.0106916 -0.00848023 -0.00651923 -0.00485715 -0.00345442 -0.00231483 -0.00134162 -0.000518517 0.000184444 0.000770442 0.00128004 0.00175802 0.00219073 0.00259026 0.00293191 0.00327739 0.0035991 0.0039206 0.0041858 0.00446037 0.00471928 0.00498392 0.00520291 0.00542734 0.0056396 0.00585495 0.00604065 0.00622081 0.00639406 0.00656807 0.00672248 0.00686032 0.00700157 0.00713894 0.00725885 0.00735916 0.00747334 0.00757409 0.00765808 0.00772804 0.00781579 0.00787895 0.00792996 0.0079757 0.00803465 0.00806227 0.00808594 0.00811067 0.00813893 0.0081376 0.008139 0.00814403 0.0081438 0.0081232 0.00810468 0.00809307 0.00807215 0.00804176 0.00800483 0.00798504 0.00795492 0.00792319 0.00787486 0.00785997 0.00783414 0.00781416 0.00777282 0.00777734 0.00777754 0.00779631 0.00779785 0.00784877 0.00792448 0.00804342 0.0081783 0.00837759 0.00867528 0.00908866 0.00963314 0.0103227 0.0112533 0.0124436 0.0139318 0.015663 0.0176829 0.019918 0.0222825 0.024589 0.0266666 0.0282847 0.0291671 0.0291059 0.0278978 0.0254267 0.021582 0.0164923 0.0103192 0.00334245 -0.00406251 -0.0114777 -0.0185023 -0.0247735 -0.0299192 -0.0337771 -0.0362057 -0.0372048 -0.0368867 -0.035429 -0.0330644 -0.0300377 -0.0266485 -0.0230896 -0.0195897 -0.016308 -0.0133195 -0.0107102 -0.0084873 -0.00664111 -0.00514078 -0.00396325 -0.00304238 -0.00234412 -0.00184532 -0.0014656 -0.00121701 -0.00105089 -0.000925366 -0.000869702 -0.000819117 -0.000788867 -0.000786088 -0.000765306 -0.000770396 -0.000770593 -0.000761703 -0.00077534 -0.000767222 -0.000770293 -0.000777131 -0.000766587 -0.000777208 -0.000771822 
0 2.35989e-06 1.47002e-05 1.0848e-05 1.87415e-05 2.41767e-05 2.10112e-05 3.62428e-05 3.74839e-05 4.91249e-05 6.95165e-05 8.03982e-05 0.000117292 0.00015588 0.000218818 0.000318771 0.000458237 0.00067318 0.000971354 0.00139946 0.001972 0.00275084 0.0037717 0.00506916 0.00673429 0.00874989 0.0111949 0.0140682 0.0173196 0.0209501 0.0248068 0.0287556 0.0325977 0.0360766 0.0389181 0.040868 0.0416716 0.0411082 0.0390993 0.0355701 0.0306305 0.0244829 0.0174288 0.00985852 0.00217461 -0.00517853 -0.0118492 -0.017496 -0.0218779 -0.0248616 -0.0264788 -0.0268092 -0.0260305 -0.0244046 -0.0221201 -0.0194115 -0.0165287 -0.0136997 -0.0110216 -0.00857119 -0.0063732 -0.00447772 -0.00289344 -0.00156165 -0.000428046 0.000538148 0.00135377 0.00205594 0.00265799 0.0032162 0.00372984 0.00419372 0.00460677 0.00501093 0.00539445 0.00575582 0.00608927 0.00640729 0.00671382 0.00701316 0.0072895 0.00754518 0.00779916 0.00804581 0.00827124 0.00847974 0.00868918 0.00888579 0.00906682 0.00923449 0.00940055 0.00955146 0.0096923 0.00982017 0.00994447 0.0100539 0.010156 0.010245 0.0103302 0.0104011 0.0104656 0.0105178 0.0105668 0.0106018 0.0106311 0.0106496 0.0106662 0.0106688 0.0106657 0.0106555 0.0106453 0.0106192 0.0105883 0.0105577 0.0105265 0.0104769 0.0104273 0.0103859 0.0103399 0.0102787 0.0102236 0.0101798 0.0101324 0.0100826 0.0100358 0.0100042 0.00998626 0.0099794 0.00996862 0.00999441 0.010062 0.0101645 0.0102956 0.0105107 0.0108212 0.0112646 0.0118599 0.0126395 0.0136465 0.0149483 0.0165563 0.018445 0.0205844 0.0228999 0.025329 0.0276957 0.0297459 0.0312134 0.0319249 0.0316317 0.0301319 0.0272999 0.0230831 0.0175632 0.0109459 0.00356031 -0.00425065 -0.0120657 -0.0194884 -0.0260961 -0.0315809 -0.0357004 -0.0383072 -0.0394509 -0.0391997 -0.0377447 -0.0353272 -0.0322114 -0.0286418 -0.0249016 -0.0211984 -0.0176716 -0.0144967 -0.0116778 -0.00927079 -0.00727521 -0.00563117 -0.00434039 -0.00332936 -0.00256898 -0.00200515 -0.00160221 -0.00132115 -0.00112313 -0.00100541 -0.000917386 -0.000875052 -0.000852228 -0.000831775 -0.0008368 -0.000829998 -0.00083251 -0.000836888 -0.000830937 -0.000836114 -0.000833678 -0.000833257 -0.000838672 -0.000838086 -0.000842861 
0 3.98943e-06 6.55948e-06 1.47117e-05 2.0525e-05 3.07344e-05 4.04512e-05 5.03905e-05 6.23624e-05 7.48052e-05 9.32852e-05 0.00011722 0.00015588 0.000208817 0.000290297 0.000406923 0.000576445 0.000824287 0.00116523 0.00165294 0.0023048 0.00317917 0.00432339 0.0057661 0.00758882 0.00979782 0.0124492 0.0155507 0.0190594 0.0229416 0.027047 0.0312219 0.0352467 0.0388612 0.0418009 0.0437987 0.0445952 0.043991 0.0418716 0.0381804 0.0330577 0.0266973 0.0194172 0.0116225 0.00369332 -0.00394615 -0.0109014 -0.0168349 -0.0215061 -0.0247548 -0.026611 -0.0271543 -0.0265404 -0.0249816 -0.022685 -0.0199207 -0.0169379 -0.0139273 -0.0110158 -0.00833718 -0.00591308 -0.00378843 -0.00197815 -0.000444703 0.000865819 0.0019766 0.00292826 0.00375497 0.00446184 0.00510917 0.00570487 0.00624468 0.00673075 0.00720762 0.00764567 0.00806225 0.00845776 0.0088355 0.00918286 0.00953027 0.00985649 0.0101586 0.01045 0.0107363 0.0109976 0.0112453 0.0114892 0.0117122 0.0119201 0.0121232 0.0123146 0.0124796 0.0126444 0.0128009 0.0129376 0.0130541 0.0131784 0.0132846 0.0133702 0.0134457 0.013528 0.0135833 0.0136247 0.0136636 0.0137018 0.0137104 0.0137158 0.01372 0.0137135 0.0136849 0.013662 0.0136311 0.0135852 0.0135338 0.0134859 0.0134217 0.0133515 0.0132897 0.0132176 0.0131349 0.0130602 0.0129929 0.0129101 0.012839 0.0127729 0.0127135 0.0126615 0.0126356 0.0126039 0.0126095 0.0126594 0.0127486 0.0128752 0.0131026 0.0134368 0.0139114 0.0145612 0.0154131 0.016522 0.0179425 0.0196638 0.0216491 0.0239006 0.0263128 0.0287665 0.0310806 0.033031 0.0343544 0.0348376 0.0342412 0.0323942 0.0291928 0.0245783 0.0186678 0.0116708 0.0038925 -0.00429148 -0.0124473 -0.0201948 -0.0271129 -0.0328684 -0.0372399 -0.0400622 -0.0413522 -0.0411973 -0.0397793 -0.0373402 -0.0341556 -0.0304829 -0.026594 -0.0227106 -0.0189941 -0.0156078 -0.0125931 -0.0100111 -0.0078567 -0.00608734 -0.00469246 -0.00359438 -0.00276461 -0.00215032 -0.00170381 -0.0013978 -0.0011886 -0.00105616 -0.000972129 -0.000924408 -0.000896839 -0.000884192 -0.000877398 -0.000874964 -0.000880275 -0.000881117 -0.000891815 -0.00089677 -0.000902285 -0.000910593 -0.000907234 -0.000913106 -0.000909155 
0 1.56598e-05 1.19969e-05 3.57474e-05 3.47004e-05 4.26394e-05 6.24976e-05 6.17066e-05 8.91841e-05 0.000108587 0.000130733 0.00017808 0.000218818 0.000290297 0.000392685 0.000528014 0.000736951 0.00102454 0.00142315 0.0019776 0.00271534 0.00368814 0.00495178 0.0065497 0.00853587 0.0109588 0.0138359 0.0171734 0.0209438 0.0250581 0.0293941 0.0337711 0.0379599 0.0416973 0.0447138 0.0467395 0.0475051 0.0468506 0.0446326 0.0408282 0.0355816 0.0290754 0.021644 0.0136828 0.0055867 -0.00225018 -0.00941248 -0.0155846 -0.0205209 -0.0240404 -0.0261536 -0.026913 -0.0264827 -0.0250402 -0.0228029 -0.0200173 -0.0169421 -0.0137721 -0.0106612 -0.0077601 -0.00509274 -0.00272965 -0.000681781 0.00106664 0.00257622 0.0038503 0.00495378 0.00591432 0.00674316 0.00749205 0.00817526 0.00879816 0.00936592 0.00992061 0.0104163 0.0108941 0.0113517 0.0117931 0.0121848 0.0125821 0.0129556 0.0133091 0.013639 0.0139643 0.0142606 0.0145509 0.0148279 0.0150776 0.015313 0.0155517 0.0157675 0.0159483 0.0161368 0.0163204 0.0164704 0.0165956 0.0167406 0.0168627 0.0169511 0.0170317 0.0171295 0.0171882 0.0172245 0.0172665 0.0173117 0.0173121 0.0173074 0.0173119 0.0173018 0.0172566 0.01722 0.0171843 0.0171243 0.0170521 0.0169857 0.0169098 0.0168185 0.0167342 0.0166354 0.0165352 0.0164367 0.0163447 0.0162265 0.016135 0.0160449 0.0159583 0.0158686 0.015821 0.0157685 0.0157525 0.0157776 0.0158524 0.0159793 0.0162165 0.016572 0.0170763 0.0177883 0.0187176 0.0199242 0.0214436 0.0232784 0.0253621 0.0276916 0.030143 0.032583 0.0348199 0.0366165 0.0377223 0.0379116 0.0369845 0.0347681 0.031183 0.0261691 0.0198748 0.0125221 0.00440546 -0.00408444 -0.0125372 -0.0205656 -0.0277697 -0.0337777 -0.0383822 -0.0414125 -0.0428573 -0.0428298 -0.0414886 -0.0390783 -0.0358608 -0.0321177 -0.028104 -0.0240624 -0.0201892 -0.0166152 -0.013437 -0.0106962 -0.00839075 -0.00650109 -0.0049966 -0.00381627 -0.00291857 -0.00226137 -0.00177572 -0.00144462 -0.00122394 -0.00106898 -0.000990819 -0.000936556 -0.000907957 -0.000914668 -0.000904886 -0.000920441 -0.000932829 -0.000928761 -0.000950905 -0.000944536 -0.000951175 -0.000964807 -0.000955524 -0.00097716 -0.000976202 
0 6.83153e-06 3.06431e-05 3.19915e-05 5.41628e-05 7.38804e-05 8.30337e-05 0.000117041 0.000133496 0.000163046 0.000207717 0.000245479 0.000318771 0.000406923 0.000528014 0.000708551 0.000948362 0.0012875 0.00175362 0.0023846 0.00321567 0.00431282 0.00571253 0.00746326 0.00965062 0.0122647 0.0153704 0.0189628 0.0229594 0.0273274 0.0318832 0.0364398 0.0407789 0.0446213 0.0476895 0.0497207 0.0504849 0.0497547 0.0474665 0.0435934 0.0382404 0.0316598 0.0241535 0.0161076 0.00789578 -3.86014e-05 -0.00735874 -0.013732 -0.0188744 -0.0226513 -0.0250255 -0.0260403 -0.0257871 -0.02451 -0.0223726 -0.0196074 -0.0164592 -0.0131611 -0.0098868 -0.0067503 -0.00385176 -0.0012367 0.00103638 0.00303192 0.0047388 0.00620216 0.00745556 0.008563 0.00952303 0.0103792 0.0111567 0.0118581 0.0125233 0.0131415 0.0137142 0.0142389 0.0147743 0.0152614 0.0157204 0.0161496 0.0165845 0.0169764 0.0173606 0.0177113 0.0180541 0.0183785 0.0186951 0.0189669 0.0192356 0.0195043 0.0197456 0.0199457 0.0201564 0.0203648 0.0205278 0.0206687 0.0208269 0.0209667 0.0210577 0.0211498 0.0212531 0.0213206 0.0213517 0.0214 0.0214439 0.021443 0.0214281 0.0214321 0.0214153 0.021358 0.0213085 0.0212637 0.0211938 0.021098 0.0210177 0.0209232 0.0208208 0.0207014 0.0205892 0.0204603 0.020351 0.0202156 0.0200839 0.0199544 0.0198555 0.0197253 0.019618 0.0195314 0.0194749 0.0194292 0.0194381 0.0194967 0.0196343 0.0198894 0.020266 0.020816 0.0215829 0.0226184 0.0239125 0.0255352 0.0274528 0.029648 0.0320184 0.0344653 0.0368416 0.0389568 0.0405434 0.0413492 0.041218 0.0399116 0.0372935 0.0332807 0.0279031 0.0212422 0.0135545 0.00516528 -0.00358882 -0.0122937 -0.0205589 -0.0279719 -0.0342328 -0.0390471 -0.0422764 -0.0439234 -0.0440385 -0.0428093 -0.0404659 -0.0372753 -0.0334862 -0.0294079 -0.0252584 -0.0212261 -0.0175158 -0.0141695 -0.0112726 -0.00884067 -0.00682742 -0.00522384 -0.00396884 -0.00301174 -0.00229847 -0.00179382 -0.00143638 -0.00119652 -0.00105846 -0.000961988 -0.000925423 -0.000910683 -0.000899528 -0.000921185 -0.000924888 -0.000941058 -0.000965322 -0.000969035 -0.00099444 -0.0010048 -0.00101101 -0.00103119 -0.00102819 -0.00103955 
0 2.31299e-05 3.39595e-05 6.49955e-05 8.30787e-05 0.000106205 0.000143153 0.000165266 0.000208853 0.000253192 0.000300386 0.000376739 0.000458237 0.000576445 0.000736951 0.000948362 0.00124386 0.00164375 0.00218372 0.00289697 0.00384913 0.00506391 0.00661507 0.00856296 0.0109179 0.0137771 0.0171138 0.0209302 0.0252027 0.0297828 0.0345534 0.0392902 0.0437543 0.047669 0.05078 0.0528155 0.0535265 0.0527799 0.0504238 0.0464943 0.0411119 0.0345074 0.0269907 0.0189334 0.0107318 0.00271855 -0.00468663 -0.0111841 -0.0165174 -0.0205325 -0.0231503 -0.024417 -0.0244445 -0.0233332 -0.0213087 -0.0186029 -0.0154743 -0.0120769 -0.00862401 -0.00528007 -0.00216387 0.000677598 0.00322178 0.00544875 0.00737992 0.009023 0.0104585 0.0117061 0.0128133 0.0137782 0.0146519 0.0154418 0.0161924 0.0168862 0.0175193 0.0181125 0.0186957 0.0192494 0.0197519 0.0202349 0.0207008 0.0211523 0.0215657 0.0219596 0.0223275 0.0226991 0.023035 0.0233433 0.023632 0.0239339 0.0241899 0.0244193 0.0246434 0.0248739 0.0250486 0.0252106 0.0253752 0.0255292 0.0256279 0.0257326 0.0258357 0.0259119 0.0259446 0.025998 0.0260357 0.0260394 0.0260179 0.0260214 0.0259931 0.0259363 0.0258701 0.0258228 0.025736 0.0256348 0.0255287 0.025433 0.0253062 0.0251747 0.0250321 0.024902 0.0247597 0.0246087 0.024446 0.024308 0.0241755 0.0240303 0.0238921 0.0237879 0.0237151 0.0236569 0.0236491 0.0237014 0.0238607 0.0241278 0.0245513 0.0251468 0.0259928 0.027103 0.0285231 0.0302409 0.0322407 0.0344794 0.0368872 0.0393273 0.0415809 0.0434786 0.0447973 0.0453235 0.0447873 0.0430572 0.0400116 0.0355913 0.0298205 0.0228432 0.0148882 0.00622435 -0.00273557 -0.0116378 -0.0200816 -0.0277031 -0.0341473 -0.0391776 -0.0426442 -0.0444708 -0.0447795 -0.0436978 -0.04146 -0.0383215 -0.0345656 -0.0304425 -0.0262042 -0.0220914 -0.0182152 -0.0147481 -0.0117231 -0.0091493 -0.0070503 -0.00534849 -0.00402125 -0.0030094 -0.00225949 -0.00172023 -0.00135336 -0.00111628 -0.000960387 -0.000890017 -0.000849396 -0.000841907 -0.000863523 -0.000873467 -0.000909463 -0.000936572 -0.000957779 -0.000995007 -0.00100914 -0.00103368 -0.00105634 -0.00106297 -0.00108636 -0.00109403 
0 3.13346e-05 6.99939e-05 9.70678e-05 0.000136525 0.000171379 0.000210453 0.000261238 0.000311571 0.000380307 0.000457293 0.000552928 0.00067318 0.000824287 0.00102454 0.0012875 0.00164375 0.00211479 0.00274474 0.00356824 0.00463642 0.00600215 0.00771404 0.00984202 0.0124196 0.0155037 0.0190936 0.0231731 0.0276872 0.0324947 0.0374626 0.0423502 0.0469214 0.050918 0.0540469 0.0560668 0.0567532 0.0559398 0.0535445 0.0496133 0.0442411 0.0376794 0.0302324 0.0222257 0.0140594 0.00608934 -0.00133183 -0.00791142 -0.0133914 -0.0176236 -0.0205103 -0.0220499 -0.0223087 -0.0214243 -0.019605 -0.017018 -0.0138873 -0.0104348 -0.00687934 -0.00335707 -1.9985e-05 0.00306012 0.00584181 0.00830896 0.0104614 0.0123141 0.0139183 0.015319 0.0165671 0.0176507 0.0186171 0.019495 0.0203273 0.0210852 0.0217856 0.0224333 0.0230671 0.0236665 0.0242237 0.0247398 0.0252454 0.0257339 0.0261855 0.026604 0.0270074 0.0274042 0.0277657 0.0280981 0.0284143 0.0287301 0.0290063 0.0292587 0.0294989 0.0297369 0.0299299 0.0301095 0.0302798 0.0304392 0.0305539 0.0306679 0.0307695 0.0308509 0.0308954 0.0309487 0.0309817 0.03099 0.0309736 0.030969 0.0309363 0.0308807 0.0308115 0.0307516 0.0306623 0.0305539 0.0304385 0.0303308 0.0301998 0.0300498 0.0298982 0.0297568 0.0296028 0.0294278 0.0292595 0.0291054 0.0289569 0.0287932 0.0286464 0.0285245 0.0284475 0.0283852 0.0283711 0.028433 0.0286235 0.0289273 0.0293919 0.0300603 0.0309949 0.0322157 0.0337335 0.0355394 0.037623 0.0399313 0.042319 0.0446614 0.0467782 0.0484598 0.0494556 0.0495833 0.0486363 0.0464734 0.0429869 0.0381465 0.0320188 0.0247306 0.0165194 0.00768119 -0.00143889 -0.0105019 -0.0190925 -0.0268711 -0.0335099 -0.0387301 -0.0424001 -0.0444641 -0.0449785 -0.044088 -0.0420117 -0.0389717 -0.0352629 -0.0311447 -0.026866 -0.0226721 -0.01871 -0.0151289 -0.0119849 -0.00931069 -0.00710487 -0.00532429 -0.0039375 -0.00287782 -0.00209906 -0.00154295 -0.00116488 -0.000923527 -0.000782618 -0.000715241 -0.000694606 -0.000713885 -0.000744135 -0.000791924 -0.000840673 -0.000882843 -0.00093369 -0.000965198 -0.00100454 -0.00103678 -0.00105986 -0.0010957 -0.00111224 -0.00114017 
