0 0 0 0 0 0 0 0 0 0 0 0 0 0 0 0 0 0 0 0 0 0 0 0 0 0 0 0 0 0 0 0 0 0 0 0 0 0 0 0 0 0 0 0 0 0 0 0 0 0 0 0 0 0 0 0 0 0 0 0 0 0 0 0 0 0 0 0 0 0 0 0 0 0 0 0 0 0 0 0 0 0 0 0 0 0 0 0 0 0 0 0 0 0 0 0 0 0 0 0 0 0 0 0 0 0 0 0 0 0 0 0 0 0 0 0 0 0 0 0 0 0 0 0 0 0 0 0 0 0 0 0 0 0 0 0 0 0 0 0 0 0 0 0 0 0 0 0 0 0 0 0 0 0 0 0 0 0 0 0 0 0 0 0 0 0 0 0 0 0 0 0 0 0 0 0 0 0 0 0 0 0 0 0 0 0 0 0 0 0 0 0 0 0 0 0 0 0 0 0 
0 -3.30145e-06 6.99005e-06 5.85821e-07 1.78834e-06 7.02902e-06 -4.46624e-06 3.20783e-06 2.01108e-06 -3.89498e-06 1.06375e-05 2.86274e-06 6.93647e-06 1.3349e-05 1.02364e-06 7.82629e-06 3.53149e-06 1.15882e-06 6.32532e-06 7.78822e-06 1.00714e-05 7.2018e-06 1.58996e-05 3.88252e-06 8.49112e-06 1.88886e-05 2.40819e-06 2.07523e-05 1.43801e-05 3.72917e-06 1.44663e-05 8.84538e-06 1.36347e-05 1.78757e-05 2.83505e-05 2.37891e-05 3.17407e-05 5.29429e-05 6.98082e-05 0.000108157 0.000148584 0.000216932 0.000290203 0.000404664 0.00057043 0.000746368 0.000963119 0.00123908 0.00157761 0.00194057 0.00235358 0.002791 0.00322917 0.00364535 0.00398181 0.00421963 0.00432563 0.0042787 0.00404356 0.00364172 0.00305896 0.00231362 0.0014593 0.000546734 -0.000365149 -0.00121128 -0.001935 -0.00252941 -0.00295171 -0.0031916 -0.00325734 -0.00317953 -0.00297889 -0.00271239 -0.00241496 -0.0020938 -0.00177257 -0.0014877 -0.00125001 -0.00104407 -0.000876411 -0.00073868 -0.000626829 -0.000538933 -0.000481648 -0.000426066 -0.000368757 -0.000325636 -0.000305727 -0.000277043 -0.000237977 -0.000209603 -0.000199289 -0.000179333 -0.000148798 -0.000126918 -0.000118761 -0.000101844 -7.5381e-05 -5.63481e-05 -4.86743e-05 -3.20619e-05 -5.74133e-06 1.31729e-05 2.07382e-05 3.93499e-05 6.93514e-05 9.10448e-05 9.99864e-05 0.000123774 0.000161369 0.000190808 0.000207745 0.000244075 0.000296791 0.000348655 0.000398011 0.000473764 0.000572261 0.000694566 0.000843963 0.00103045 0.00124629 0.00150913 0.00181423 0.00213013 0.00242942 0.002709 0.00293856 0.00306303 0.0030565 0.00288779 0.00254041 0.0020175 0.00135913 0.000568135 -0.00030619 -0.00120368 -0.00206203 -0.00283412 -0.00345716 -0.00390853 -0.00419701 -0.00430155 -0.00424669 -0.00405239 -0.00375503 -0.00336927 -0.00295137 -0.00251545 -0.00210091 -0.00174017 -0.00140385 -0.00110846 -0.000870805 -0.000696736 -0.000532189 -0.00040494 -0.000312588 -0.000243148 -0.000199473 -0.000158157 -0.000144683 -0.000121342 -0.000106748 -0.000106033 -0.000108101 -0.0001039 -9.91483e-05 -0.000110021 -8.95243e-05 -9.70417e-05 -0.000104337 -8.94669e-05 -0.000102948 -9.57475e-05 -9.09412e-05 -9.22526e-05 -9.26309e-05 -9.33957e-05 -9.33362e-05 -0.00010293 -9.19256e-05 -9.66569e-05 -9.68249e-05 -8.44637e-05 -9.68615e-05 -8.87039e-05 -8.96934e-05 -9.74924e-05 -8.80507e-05 -9.50524e-05 -9.2605e-05 -8.94496e-05 -9.43032e-05 -8.99446e-05 -9.18164e-05 -9.24155e-05 -8.89696e-05 -9.17005e-05 
0 6.99005e-06 -1.18143e-05 8.47908e-06 -1.37627e-06 -2.82124e-06 1.75476e-05 -8.17628e-08 1.27835e-05 1.52631e-05 -2.55705e-06 1.2741e-05 2.97104e-06 -6.49108e-07 1.72666e-05 9.02839e-06 1.60129e-05 2.49493e-05 1.22916e-05 1.64387e-05 1.59401e-05 1.07174e-05 1.73575e-05 1.98378e-05 2.13708e-05 1.64606e-05 2.10892e-05 1.94911e-05 1.63634e-05 3.4294e-05 3.26378e-05 3.14161e-05 3.54789e-05 3.73813e-05 3.28048e-05 5.21213e-05 8.69687e-05 8.72568e-05 0.000141857 0.000206125 0.000281608 0.000424885 0.000608333 0.000834403 0.00110699 0.00149463 0.00195504 0.00251196 0.00314489 0.00387595 0.00472276 0.00558261 0.00645387 0.00725809 0.00794927 0.00840646 0.00862297 0.00851631 0.00805384 0.00725427 0.00608686 0.00461808 0.00290733 0.00111027 -0.000717116 -0.00238319 -0.00384151 -0.00501206 -0.00586413 -0.00634088 -0.00648085 -0.00633233 -0.00593666 -0.00541868 -0.00481696 -0.00419196 -0.00354189 -0.00298953 -0.00249663 -0.00210153 -0.00174949 -0.00148888 -0.00125013 -0.00108876 -0.000958029 -0.000858025 -0.000735664 -0.000659719 -0.000608395 -0.000557461 -0.000477368 -0.00042603 -0.000398756 -0.000361105 -0.000301532 -0.000259419 -0.000239878 -0.000205704 -0.000155892 -0.000117592 -0.000100276 -6.59156e-05 -1.64927e-05 2.15109e-05 3.9701e-05 7.70086e-05 0.00013522 0.000176881 0.000201124 0.00024587 0.000322608 0.000376278 0.000421373 0.000486809 0.000599646 0.000694008 0.000808871 0.000948605 0.0011609 0.00139272 0.00170927 0.00206668 0.00251774 0.0030275 0.00364826 0.0042616 0.00487037 0.00541289 0.00586952 0.00610689 0.00608747 0.00574655 0.00504417 0.00401036 0.00268123 0.00111944 -0.000636654 -0.00240627 -0.00412998 -0.00564991 -0.0069032 -0.00779882 -0.00837182 -0.00858262 -0.00847068 -0.00810188 -0.00748724 -0.00672688 -0.00588394 -0.00504941 -0.00420428 -0.00345321 -0.00279193 -0.00223642 -0.00177039 -0.00135735 -0.00105126 -0.000821997 -0.000647336 -0.000487204 -0.000403877 -0.000331827 -0.000266825 -0.000259525 -0.000236891 -0.000217352 -0.000203679 -0.000202541 -0.000192458 -0.000191986 -0.000203509 -0.000193359 -0.00019397 -0.000191312 -0.000191507 -0.000190463 -0.000193801 -0.000201931 -0.000188234 -0.000192993 -0.000190212 -0.000174077 -0.000188864 -0.00018434 -0.000179391 -0.000197982 -0.000183853 -0.000184939 -0.000194607 -0.000174681 -0.000187564 -0.000186116 -0.000174614 -0.00019254 -0.000178292 -0.000181237 -0.000189776 -0.000175068 -0.000188877 -0.000181233 
0 5.85821e-07 8.47908e-06 4.04309e-06 4.77001e-06 1.05989e-05 8.38639e-08 6.49696e-06 7.96426e-06 2.23664e-06 1.84088e-05 1.33547e-05 1.72122e-05 2.50816e-05 1.2728e-05 1.84658e-05 1.48052e-05 1.34464e-05 1.8779e-05 2.36326e-05 2.72047e-05 2.38907e-05 3.62719e-05 2.14948e-05 2.81269e-05 4.14125e-05 2.27426e-05 4.60671e-05 3.80378e-05 2.70608e-05 4.03898e-05 3.50585e-05 4.47823e-05 5.49515e-05 7.31152e-05 7.86741e-05 0.000106549 0.000154256 0.000217251 0.000322415 0.000451383 0.000652123 0.000896751 0.00124105 0.00170657 0.00225407 0.00292264 0.00374868 0.00473499 0.00583109 0.00706128 0.00835508 0.0096507 0.0108643 0.0118634 0.0125591 0.0128667 0.0127121 0.0120221 0.0108215 0.00909276 0.00689976 0.00437664 0.00168537 -0.00100732 -0.00350756 -0.0056709 -0.00743309 -0.00869898 -0.00943216 -0.00965654 -0.00944951 -0.00888775 -0.00811976 -0.00723965 -0.00629757 -0.00535515 -0.00451034 -0.00378715 -0.00317186 -0.00266133 -0.00224522 -0.00190431 -0.00164168 -0.00145301 -0.00128375 -0.00111816 -0.000992343 -0.000916081 -0.00082854 -0.000722176 -0.000640168 -0.000595508 -0.000534139 -0.000453276 -0.000389443 -0.000354051 -0.000301647 -0.00023218 -0.000176096 -0.000143263 -9.17595e-05 -2.27676e-05 3.30952e-05 6.67509e-05 0.000123926 0.000203028 0.000266984 0.000307601 0.000379482 0.000481106 0.000568269 0.000635605 0.00074435 0.000895569 0.00105166 0.00121634 0.00144407 0.0017446 0.00211492 0.00257167 0.00312863 0.0037885 0.00457216 0.0054705 0.00639703 0.00728687 0.00809806 0.00874929 0.00909456 0.00904753 0.00852182 0.00747526 0.00592275 0.00395021 0.00160749 -0.000978525 -0.00362709 -0.00616665 -0.008437 -0.0102856 -0.0116322 -0.0124814 -0.0128007 -0.0126448 -0.0120801 -0.0111941 -0.0100641 -0.00882184 -0.00754413 -0.00631422 -0.00521412 -0.00421689 -0.00335267 -0.00264335 -0.00208421 -0.00160524 -0.00123287 -0.000954954 -0.000742212 -0.000602418 -0.000489151 -0.000426423 -0.000371628 -0.000334548 -0.000321875 -0.000317642 -0.000309329 -0.000299725 -0.000310719 -0.000285045 -0.000292094 -0.000300898 -0.000281537 -0.000297792 -0.000287344 -0.000279889 -0.000282326 -0.000280176 -0.000282106 -0.000283103 -0.000292123 -0.000280786 -0.000285303 -0.000282942 -0.000270134 -0.000282417 -0.00027224 -0.000275303 -0.000281631 -0.000272116 -0.000280201 -0.000275345 -0.000273942 -0.000277577 -0.000272893 -0.00027475 -0.000274471 -0.000274984 -0.00027334 
0 1.78834e-06 -1.37627e-06 4.77001e-06 5.24903e-06 7.6945e-06 1.17211e-05 1.11215e-05 1.53519e-05 1.43239e-05 1.45233e-05 1.61624e-05 1.52894e-05 1.8761e-05 2.14329e-05 2.458e-05 2.77191e-05 3.00701e-05 2.96099e-05 3.07081e-05 3.1705e-05 3.07414e-05 3.6943e-05 3.60824e-05 3.92179e-05 4.28816e-05 3.89135e-05 4.6586e-05 4.66561e-05 5.06738e-05 5.90015e-05 5.84375e-05 6.51819e-05 7.34651e-05 8.55702e-05 0.000110148 0.00015188 0.00020455 0.000292897 0.000425317 0.000605392 0.000872959 0.0012252 0.00168391 0.00227744 0.00302219 0.00393559 0.00503635 0.00632253 0.00778505 0.00941399 0.0111219 0.0128231 0.0144044 0.0157196 0.0166287 0.0170253 0.0168056 0.0159002 0.014306 0.012027 0.00914827 0.00583339 0.00229683 -0.00124136 -0.00453394 -0.00740318 -0.00973116 -0.0114172 -0.0124089 -0.0127384 -0.0124927 -0.0117898 -0.0107993 -0.00964538 -0.0084115 -0.0071806 -0.00606311 -0.00509326 -0.00427234 -0.00358578 -0.00302595 -0.00256767 -0.00221577 -0.00194856 -0.00171941 -0.00150489 -0.0013398 -0.0012225 -0.00110461 -0.000972335 -0.000866574 -0.000793612 -0.000711377 -0.000612229 -0.000530073 -0.000471685 -0.000401671 -0.000316521 -0.000244108 -0.000189964 -0.000121252 -3.66915e-05 3.57087e-05 9.20194e-05 0.000168208 0.000265152 0.000348537 0.000416591 0.000512317 0.000638504 0.000753548 0.000859525 0.00100515 0.00120073 0.00141049 0.00164622 0.00195339 0.00235856 0.00285808 0.0034748 0.00421885 0.00510763 0.00614925 0.00732655 0.00854112 0.0097126 0.0107654 0.0115901 0.0120186 0.0119237 0.0112022 0.00980112 0.00774659 0.00512406 0.00203221 -0.00137208 -0.00485585 -0.00819778 -0.0111782 -0.0136163 -0.015403 -0.0165184 -0.0169499 -0.0167528 -0.0160183 -0.0148464 -0.0133665 -0.0117299 -0.010054 -0.00842714 -0.00694415 -0.00562942 -0.00449923 -0.00355296 -0.00277457 -0.0021471 -0.0016638 -0.00129282 -0.00100739 -0.000810735 -0.000664788 -0.000566182 -0.000506644 -0.000464106 -0.000434849 -0.000418358 -0.000406186 -0.000396179 -0.000398096 -0.000391648 -0.000390622 -0.000390603 -0.000383169 -0.00038658 -0.000383681 -0.000383517 -0.000385211 -0.000381143 -0.00037969 -0.000376572 -0.000373819 -0.000372326 -0.000373408 -0.000372086 -0.000373252 -0.000373642 -0.000370137 -0.000372324 -0.000368308 -0.000368138 -0.000369245 -0.000365188 -0.000368766 -0.000365709 -0.0003667 -0.000367539 -0.000362161 -0.000367999 -0.000364743 
0 7.02902e-06 -2.82124e-06 1.05989e-05 7.6945e-06 3.10501e-06 1.83129e-05 9.65552e-06 1.57653e-05 2.3926e-05 1.28688e-05 2.55579e-05 2.29936e-05 1.94564e-05 3.24652e-05 2.64136e-05 3.21798e-05 3.73441e-05 3.50299e-05 3.82396e-05 3.9661e-05 4.38003e-05 4.02472e-05 5.11554e-05 5.10184e-05 4.58616e-05 6.12667e-05 5.14115e-05 5.69796e-05 6.82778e-05 6.5652e-05 7.4351e-05 8.09302e-05 9.51912e-05 0.000105404 0.000144298 0.00019698 0.000260845 0.000380959 0.000543418 0.000779557 0.00110514 0.00155815 0.00213828 0.00286882 0.00380905 0.00495556 0.00632867 0.00791985 0.00974726 0.0117562 0.0138622 0.015956 0.0178859 0.0194985 0.0206059 0.0210816 0.020793 0.0196778 0.0176988 0.0148908 0.0113602 0.00729292 0.00295234 -0.00139075 -0.00544568 -0.00900386 -0.0118853 -0.0139909 -0.0152541 -0.0157119 -0.0154565 -0.0146477 -0.0134628 -0.0120548 -0.010548 -0.00904663 -0.00766359 -0.00644592 -0.00541623 -0.00454848 -0.00383931 -0.0032602 -0.00281355 -0.0024577 -0.002164 -0.00190277 -0.00169702 -0.00153032 -0.00137966 -0.00122578 -0.00109667 -0.000988993 -0.000884534 -0.000771026 -0.000671202 -0.000584838 -0.000496476 -0.000399038 -0.000310881 -0.000231038 -0.000144776 -4.82042e-05 4.02271e-05 0.000123951 0.000219282 0.00032963 0.000432013 0.000533366 0.00065317 0.00079866 0.000941515 0.00109335 0.00127729 0.00151352 0.00177865 0.00209365 0.00248482 0.00299667 0.00362934 0.00441024 0.00534396 0.0064637 0.00775862 0.00919927 0.0106844 0.0121205 0.0133903 0.0143557 0.0148387 0.0146722 0.0137399 0.0119821 0.00943601 0.0061782 0.00236444 -0.00181925 -0.00609651 -0.0102005 -0.0138538 -0.0168557 -0.0190703 -0.0204442 -0.0209904 -0.02076 -0.0198688 -0.0184314 -0.0166272 -0.0146112 -0.0125503 -0.0105477 -0.00869645 -0.0070648 -0.00566072 -0.00447983 -0.00349044 -0.00271531 -0.00210634 -0.00163381 -0.00127736 -0.00102169 -0.00084552 -0.000709524 -0.000637448 -0.000584321 -0.000544684 -0.000522201 -0.000510184 -0.000503153 -0.000489436 -0.0004994 -0.000488769 -0.00048165 -0.00048965 -0.000477584 -0.000480013 -0.000480418 -0.000478078 -0.00047423 -0.000473749 -0.000473789 -0.000463522 -0.000473095 -0.000466889 -0.000462706 -0.000473599 -0.00045944 -0.000464865 -0.000466285 -0.000455131 -0.000465697 -0.000458843 -0.000457247 -0.000463798 -0.000453652 -0.000459485 -0.000460723 -0.000453438 -0.000460884 -0.000456333 
0 -4.46624e-06 1.75476e-05 8.38639e-08 1.17211e-05 1.83129e-05 2.84557e-06 2.26699e-05 1.33046e-05 1.33039e-05 3.25352e-05 2.08763e-05 3.32022e-05 3.9593e-05 2.80309e-05 3.82107e-05 3.54041e-05 3.2062e-05 4.32606e-05 4.58013e-05 4.88675e-05 5.4622e-05 5.72697e-05 5.40686e-05 5.6995e-05 6.72922e-05 6.29435e-05 7.16207e-05 7.94246e-05 6.80798e-05 7.60564e-05 8.64405e-05 9.4242e-05 0.000111054 0.000148409 0.000177726 0.000223443 0.000339306 0.000468505 0.000672026 0.000973093 0.00136331 0.00188872 0.00259109 0.00351221 0.00462184 0.00598654 0.00761958 0.00954927 0.011726 0.0140798 0.0165739 0.0190343 0.0213063 0.0231681 0.0244712 0.025001 0.02465 0.0233224 0.0209717 0.0176681 0.0135156 0.00875866 0.00364969 -0.00143098 -0.00622826 -0.0104322 -0.0138672 -0.016379 -0.0179353 -0.0185426 -0.0183142 -0.0174419 -0.0160905 -0.0144658 -0.0126978 -0.0109601 -0.00930611 -0.00786011 -0.00660065 -0.00556409 -0.00468266 -0.00399556 -0.00343063 -0.00299259 -0.00261552 -0.00232045 -0.00206005 -0.00184865 -0.00165403 -0.00148822 -0.00132908 -0.00118875 -0.00105638 -0.000933872 -0.000813754 -0.0006993 -0.000590215 -0.000483198 -0.000378268 -0.000271677 -0.000166623 -6.0553e-05 4.54583e-05 0.000157222 0.000274077 0.000393044 0.000518517 0.00065201 0.00080194 0.000957895 0.00113729 0.0013311 0.0015663 0.00183102 0.00216737 0.00255533 0.003053 0.00365939 0.0044471 0.00538023 0.00652617 0.00785935 0.00941769 0.0110897 0.0128391 0.0145032 0.0159693 0.0170317 0.0175363 0.0172707 0.016106 0.0139966 0.0109565 0.00709893 0.00257865 -0.00232182 -0.00736063 -0.0121619 -0.0164612 -0.0199856 -0.0226155 -0.0242425 -0.0249021 -0.0246561 -0.0236054 -0.0219463 -0.0198332 -0.0174724 -0.0150147 -0.0126684 -0.0104824 -0.0085266 -0.00682815 -0.00540394 -0.0042582 -0.00330767 -0.00255379 -0.00197637 -0.00156608 -0.00124141 -0.00102043 -0.000883746 -0.000759153 -0.000693315 -0.00065932 -0.000635285 -0.000614084 -0.00060952 -0.0006014 -0.00058276 -0.000589505 -0.000586101 -0.000580737 -0.000582004 -0.000577254 -0.000570348 -0.000564543 -0.000570678 -0.000565549 -0.000565604 -0.00057602 -0.000561281 -0.000563103 -0.000566537 -0.000547811 -0.000560553 -0.000557402 -0.000546504 -0.000564335 -0.000549128 -0.000550092 -0.000560155 -0.000542639 -0.000555852 -0.000550421 -0.000543434 -0.000558134 -0.00054226 -0.000550156 
0 3.20783e-06 -8.17628e-08 6.49696e-06 1.11215e-05 9.65552e-06 2.26699e-05 2.05158e-05 2.2054e-05 3.33009e-05 2.10676e-05 2.87091e-05 3.06654e-05 2.52059e-05 4.1575e-05 4.186e-05 4.83046e-05 5.49751e-05 5.46796e-05 5.19528e-05 5.31743e-05 6.0921e-05 5.15069e-05 7.30697e-05 7.14177e-05 6.25717e-05 8.71418e-05 6.76755e-05 8.19798e-05 9.87276e-05 9.58012e-05 0.000113039 0.000117752 0.000135906 0.00015532 0.000213948 0.000289702 0.000397435 0.000565741 0.00080077 0.00115576 0.00161741 0.00227273 0.00310057 0.00412964 0.00545134 0.00706902 0.00897972 0.0111788 0.0136946 0.016415 0.0192628 0.0220609 0.0246139 0.0267341 0.0281843 0.0287694 0.0283323 0.0268042 0.024103 0.0203269 0.0156135 0.0102027 0.00441505 -0.00137463 -0.00683882 -0.0116791 -0.0156262 -0.0185604 -0.0204081 -0.0212001 -0.0210381 -0.0201401 -0.0186721 -0.016852 -0.0148712 -0.0128956 -0.0110106 -0.00931573 -0.0078523 -0.00661316 -0.00558359 -0.00475524 -0.00409035 -0.00353839 -0.00309702 -0.00274342 -0.00244469 -0.00216932 -0.00194453 -0.00175197 -0.00157402 -0.00139133 -0.00123879 -0.00109911 -0.000964507 -0.000817798 -0.000691766 -0.000570487 -0.000451477 -0.000315932 -0.000194904 -7.49594e-05 4.60282e-05 0.000189532 0.000323085 0.000457975 0.000600885 0.000775295 0.000946194 0.00112616 0.00133087 0.00158449 0.00185731 0.00217393 0.00256467 0.00305594 0.00364455 0.00437933 0.00530006 0.00642094 0.00775667 0.00932969 0.0111145 0.0130273 0.0149946 0.0168742 0.0184854 0.0196144 0.020094 0.0196955 0.0182879 0.0158081 0.0123014 0.00784695 0.0026843 -0.00291365 -0.00862934 -0.0140986 -0.0189775 -0.0230085 -0.026024 -0.0278954 -0.0286744 -0.028414 -0.0272528 -0.0253586 -0.0229728 -0.0202819 -0.0174983 -0.0147883 -0.0122403 -0.00999091 -0.00804354 -0.00638399 -0.00498938 -0.00390083 -0.00303744 -0.00235897 -0.00185992 -0.0014771 -0.00121971 -0.00102749 -0.000913816 -0.000836272 -0.000775685 -0.000736241 -0.000713285 -0.000706714 -0.00068345 -0.000700646 -0.000686318 -0.000670848 -0.000687244 -0.000665342 -0.000673615 -0.000678733 -0.000671128 -0.000670757 -0.000665505 -0.000659885 -0.000649253 -0.00065846 -0.000650021 -0.000651722 -0.000661434 -0.000645669 -0.000655717 -0.00064951 -0.000641937 -0.000651758 -0.0006407 -0.000644082 -0.000645497 -0.000640598 -0.000643252 -0.000640012 -0.000640188 -0.000640025 -0.000641261 
0 2.01108e-06 1.27835e-05 7.96426e-06 1.53519e-05 1.57653e-05 1.33046e-05 2.2054e-05 2.01307e-05 2.7977e-05 3.26802e-05 3.54445e-05 4.41566e-05 4.28484e-05 4.585e-05 4.61815e-05 4.59617e-05 4.97504e-05 5.51021e-05 6.09667e-05 6.6467e-05 7.39094e-05 7.1338e-05 7.83986e-05 7.93136e-05 8.02909e-05 9.44373e-05 8.91048e-05 9.91995e-05 0.000101998 9.95775e-05 0.000119533 0.000131434 0.00015844 0.000200293 0.000254523 0.000336641 0.000478218 0.000677102 0.000960604 0.00137481 0.00191117 0.00264334 0.00360156 0.00481308 0.00632201 0.00815011 0.0103192 0.0128401 0.0156794 0.0187257 0.0219007 0.0250149 0.0278433 0.0301683 0.0317519 0.0323662 0.0318533 0.0301161 0.0270891 0.022877 0.0176443 0.0116494 0.00523635 -0.00118972 -0.00728585 -0.0127073 -0.0171644 -0.0205072 -0.0226706 -0.0236709 -0.0236255 -0.022745 -0.0212046 -0.0192371 -0.0170695 -0.0148863 -0.0127759 -0.0108532 -0.00916902 -0.00773518 -0.00653635 -0.00557164 -0.00478065 -0.00412241 -0.00359622 -0.00318811 -0.0028328 -0.00250481 -0.00223618 -0.00202064 -0.00181257 -0.00159821 -0.00141666 -0.00126224 -0.00110563 -0.000935349 -0.000786388 -0.000652425 -0.000513319 -0.000356604 -0.000214802 -8.26223e-05 5.96993e-05 0.00022625 0.000381898 0.000529988 0.000698658 0.000902986 0.00110302 0.00130238 0.00154433 0.00184514 0.0021698 0.00253247 0.00299502 0.00357927 0.00428159 0.00513789 0.00621072 0.0075094 0.00905313 0.0108458 0.0128546 0.0149788 0.0171446 0.0191928 0.0209103 0.0220621 0.0224699 0.0219095 0.0202347 0.0173927 0.0134186 0.00841785 0.00264561 -0.00357679 -0.00991705 -0.0159776 -0.0213937 -0.0258833 -0.0292561 -0.0313727 -0.0322664 -0.0320099 -0.0307428 -0.0286736 -0.0260407 -0.0230517 -0.0199392 -0.0169108 -0.0140598 -0.0114957 -0.0092627 -0.00737161 -0.00580446 -0.00454165 -0.00352602 -0.00274148 -0.00216497 -0.00172281 -0.00141745 -0.00120157 -0.0010462 -0.000947628 -0.000891176 -0.000850196 -0.000826111 -0.000816916 -0.000793438 -0.000792362 -0.000785435 -0.000777546 -0.000783304 -0.00077158 -0.000769537 -0.000763964 -0.000757133 -0.000757669 -0.000757233 -0.000757718 -0.000757112 -0.000757233 -0.000749772 -0.000749719 -0.000744909 -0.000740434 -0.000744933 -0.000737285 -0.000741419 -0.000739417 -0.000735473 -0.000740167 -0.000730631 -0.000736947 -0.00073564 -0.000731025 -0.000739415 -0.000729282 -0.000733496 
0 -3.89498e-06 1.52631e-05 2.23664e-06 1.43239e-05 2.3926e-05 1.33039e-05 3.33009e-05 2.7977e-05 2.58988e-05 4.15008e-05 3.19058e-05 4.19334e-05 4.88765e-05 4.54457e-05 5.79298e-05 5.87145e-05 6.16692e-05 6.64801e-05 6.91268e-05 7.24224e-05 7.37052e-05 8.39154e-05 8.21395e-05 8.76649e-05 9.83157e-05 9.3707e-05 0.00010486 0.000112498 0.000115065 0.000125311 0.00014041 0.000156412 0.000177448 0.000233733 0.000293897 0.000393179 0.000564784 0.000787739 0.00112099 0.00159035 0.00222363 0.00305476 0.00414109 0.00552187 0.00721922 0.00928155 0.0117103 0.0145289 0.017664 0.0210277 0.0245045 0.027891 0.0309566 0.0334499 0.0351394 0.0357613 0.0351648 0.0332196 0.0298955 0.0252878 0.0195892 0.0130798 0.00611624 -0.000877393 -0.00754468 -0.0134959 -0.0184407 -0.022185 -0.0246761 -0.0259137 -0.0260315 -0.0252134 -0.0236522 -0.0215877 -0.0192723 -0.0169068 -0.0145932 -0.0124566 -0.0105527 -0.00892246 -0.00754919 -0.0064392 -0.00551153 -0.00474506 -0.00412712 -0.00365494 -0.00323671 -0.00286058 -0.00254506 -0.00230035 -0.0020591 -0.00181934 -0.00160725 -0.00143388 -0.00125304 -0.00106481 -0.000891744 -0.000741737 -0.00058027 -0.000407453 -0.000243804 -9.58864e-05 7.04919e-05 0.000254856 0.000433804 0.000599752 0.000797742 0.00102645 0.0012578 0.00148339 0.0017679 0.00211224 0.00249448 0.00291354 0.00345697 0.00413725 0.00496497 0.0059541 0.00718753 0.00866931 0.010426 0.0124307 0.0146479 0.0169645 0.0192982 0.0214703 0.023246 0.0243766 0.0246647 0.0239074 0.0219456 0.0187392 0.0143078 0.00879931 0.00246679 -0.00432126 -0.0112202 -0.0178058 -0.0237086 -0.028617 -0.0323167 -0.0346712 -0.0356819 -0.0354467 -0.0340971 -0.0318793 -0.0290227 -0.025777 -0.0223677 -0.0190241 -0.0158741 -0.0130148 -0.0105181 -0.00838588 -0.00662842 -0.00518824 -0.00404208 -0.00315744 -0.00249164 -0.00198737 -0.00162414 -0.00138549 -0.00119934 -0.00108513 -0.00101683 -0.000961489 -0.000929873 -0.000911546 -0.000900623 -0.000884255 -0.000884341 -0.000879673 -0.000868399 -0.000872679 -0.000866081 -0.00086289 -0.000861683 -0.000859082 -0.000855097 -0.000848786 -0.000852452 -0.000841494 -0.000842168 -0.000846393 -0.000832321 -0.000843136 -0.000837392 -0.000829001 -0.000841467 -0.000825249 -0.000830442 -0.000836311 -0.00082002 -0.000833352 -0.000825469 -0.000819272 -0.000832177 -0.000817712 -0.000826139 
0 1.06375e-05 -2.55705e-06 1.84088e-05 1.45233e-05 1.28688e-05 3.25352e-05 2.10676e-05 3.26802e-05 4.15008e-05 3.3315e-05 4.81075e-05 4.52455e-05 4.56029e-05 5.78735e-05 5.80481e-05 6.45443e-05 7.1705e-05 7.57369e-05 7.45474e-05 8.11999e-05 8.71275e-05 8.27576e-05 9.99379e-05 0.000102724 9.84638e-05 0.000116083 0.000112245 0.000115259 0.000134607 0.000143385 0.000154479 0.000178734 0.000214645 0.000252113 0.000342166 0.000476969 0.00064655 0.000920932 0.00130368 0.00182931 0.00254259 0.00350227 0.00472639 0.00624053 0.00814383 0.0104435 0.0131468 0.0162185 0.0196431 0.0233171 0.0270614 0.0306884 0.033941 0.036591 0.0383366 0.0389621 0.0382574 0.0361201 0.0325214 0.0275575 0.0214541 0.0144883 0.00706353 -0.000446437 -0.00760092 -0.01405 -0.0194384 -0.0235939 -0.0264114 -0.0279272 -0.0282468 -0.0275401 -0.026015 -0.0239028 -0.0214906 -0.0189592 -0.0164803 -0.0141283 -0.012026 -0.0101791 -0.00864375 -0.00735611 -0.00629991 -0.0054026 -0.00470189 -0.00413462 -0.00366204 -0.00322528 -0.00287305 -0.0025776 -0.00231123 -0.00204001 -0.00180578 -0.00159913 -0.0014 -0.0011905 -0.000999569 -0.000823047 -0.000643818 -0.000452569 -0.000272678 -9.89323e-05 8.66182e-05 0.000291356 0.000486697 0.000683629 0.000904263 0.00116183 0.00141499 0.00168614 0.00200458 0.00240242 0.00283132 0.00333464 0.00395045 0.00474695 0.00568992 0.00684288 0.00822486 0.00991143 0.0118613 0.0140847 0.0164735 0.0189728 0.0214264 0.0236809 0.0254556 0.02652 0.0266445 0.025649 0.0233923 0.0198083 0.0149534 0.00896262 0.00214876 -0.00515806 -0.0125252 -0.0195793 -0.0258982 -0.031187 -0.0351805 -0.0377558 -0.0388955 -0.0386845 -0.0373023 -0.0349481 -0.0319129 -0.0284355 -0.0247865 -0.0211391 -0.0176888 -0.0145651 -0.0118177 -0.00945435 -0.00746258 -0.00587152 -0.00459901 -0.00359709 -0.00282726 -0.00226591 -0.00185441 -0.00155006 -0.00136715 -0.00123069 -0.00113045 -0.00107489 -0.00104081 -0.00101296 -0.000996937 -0.000999606 -0.000980224 -0.000972162 -0.00097687 -0.000961243 -0.000963199 -0.000965339 -0.000956678 -0.000953521 -0.000950839 -0.000945582 -0.00093745 -0.000943728 -0.000938167 -0.000931891 -0.000942865 -0.000927226 -0.00092861 -0.00093482 -0.000917706 -0.000930076 -0.000923384 -0.000915121 -0.000929805 -0.000913454 -0.000919216 -0.000924209 -0.000908859 -0.000923953 -0.00091545 
0 2.86274e-06 1.2741e-05 1.33547e-05 1.61624e-05 2.55579e-05 2.08763e-05 2.87091e-05 3.54445e-05 3.19058e-05 4.81075e-05 4.83003e-05 5.22025e-05 6.6227e-05 5.98065e-05 6.49424e-05 6.8651e-05 6.84971e-05 7.46794e-05 8.67704e-05 9.25664e-05 9.38116e-05 0.00011148 9.91351e-05 0.00010708 0.000123395 0.000110955 0.000137241 0.000137631 0.000138628 0.000154135 0.000164979 0.00019974 0.000235051 0.000312487 0.000398527 0.000535078 0.00075412 0.00106312 0.00150536 0.0020967 0.00291774 0.0039506 0.00530578 0.00703445 0.00912627 0.0116309 0.0145686 0.0179473 0.0216421 0.0255759 0.0295524 0.0333879 0.0368194 0.0395533 0.0413454 0.0419314 0.0411324 0.0387938 0.0349536 0.0296782 0.0232215 0.0158853 0.00805381 0.00012694 -0.00747149 -0.0143363 -0.0201624 -0.0246952 -0.0278694 -0.0296781 -0.03025 -0.0296992 -0.0282664 -0.0261709 -0.0236973 -0.0210502 -0.0184135 -0.0158859 -0.01357 -0.0115345 -0.00980332 -0.00835272 -0.00713115 -0.00612532 -0.00530591 -0.00465444 -0.00409622 -0.00362153 -0.00320794 -0.00287325 -0.00256005 -0.00227641 -0.00200376 -0.00177392 -0.00154129 -0.00132493 -0.00110398 -0.000909505 -0.00070051 -0.000503188 -0.000295764 -0.000104425 0.000112386 0.000323585 0.000548741 0.000767365 0.00102634 0.00129446 0.00158803 0.00189385 0.00226981 0.00269892 0.00320167 0.00377799 0.00450128 0.00539203 0.00648497 0.00778693 0.0093538 0.0112191 0.0133828 0.0157871 0.0183484 0.0209819 0.0235306 0.0258032 0.0275275 0.0284749 0.0283887 0.0271308 0.0245467 0.0206072 0.0153283 0.0089271 0.00166796 -0.00605971 -0.0138466 -0.0212779 -0.0279666 -0.0335783 -0.0378335 -0.0406276 -0.0418883 -0.0417329 -0.0403157 -0.0379 -0.0347093 -0.0310383 -0.0271452 -0.0232516 -0.0195592 -0.016141 -0.0131215 -0.0105343 -0.00838952 -0.00659251 -0.00515816 -0.00405365 -0.00319136 -0.0025604 -0.00208712 -0.00176125 -0.00151379 -0.00135789 -0.00126303 -0.00119512 -0.0011566 -0.00112036 -0.00111244 -0.0010817 -0.00108284 -0.00108627 -0.00106289 -0.00107529 -0.00105923 -0.00104776 -0.00105054 -0.00104467 -0.00104349 -0.00104474 -0.00104701 -0.00103332 -0.00103824 -0.00103143 -0.00102005 -0.00103279 -0.00101843 -0.00101993 -0.00102546 -0.00101228 -0.00101935 -0.00101438 -0.00100998 -0.00101592 -0.00101069 -0.00101172 -0.00101348 -0.00100891 -0.00100875 
0 6.93647e-06 2.97104e-06 1.72122e-05 1.52894e-05 2.29936e-05 3.32022e-05 3.06654e-05 4.41566e-05 4.19334e-05 4.52455e-05 5.22025e-05 4.97602e-05 6.16478e-05 6.3858e-05 7.31616e-05 8.39577e-05 8.59412e-05 9.27892e-05 9.28298e-05 9.48351e-05 9.74765e-05 0.000106908 0.000111525 0.000121626 0.000130968 0.000126737 0.000144264 0.000144144 0.000158436 0.000185146 0.00019242 0.000230566 0.000269872 0.000335405 0.000451437 0.000623285 0.000865349 0.00121588 0.00171195 0.00237256 0.00328833 0.00446434 0.00596352 0.00783932 0.0101229 0.0128742 0.0160747 0.0196845 0.0236254 0.0278084 0.0320009 0.0359952 0.0395412 0.0423407 0.0441361 0.0446717 0.0437466 0.0412325 0.0371693 0.0316348 0.0248861 0.017249 0.00909604 0.000821665 -0.00713205 -0.0143698 -0.0205767 -0.0254873 -0.0290109 -0.0311514 -0.0320006 -0.0316639 -0.0303762 -0.0283591 -0.0258764 -0.0231525 -0.0203937 -0.0177043 -0.0152005 -0.012971 -0.0110519 -0.00941395 -0.00803473 -0.00689896 -0.00596645 -0.00520319 -0.00456742 -0.00403653 -0.00357288 -0.00317911 -0.00282955 -0.00251916 -0.00222068 -0.00195329 -0.00169783 -0.00146197 -0.00122231 -0.000997957 -0.000769791 -0.000554344 -0.000329591 -0.000108727 0.000128144 0.000358141 0.000603067 0.000857703 0.00114311 0.00143562 0.00175941 0.00211949 0.00254269 0.00302101 0.00358904 0.00426577 0.00509247 0.00610075 0.00733635 0.00881442 0.0105622 0.0126193 0.0149754 0.0175558 0.020259 0.0229987 0.0255943 0.0278318 0.0294518 0.0302255 0.0298975 0.0283352 0.0254204 0.0211142 0.0154563 0.00867466 0.00105 -0.00704014 -0.0151637 -0.0229109 -0.0299042 -0.0357921 -0.0402853 -0.0432683 -0.0446691 -0.044581 -0.0431762 -0.0407009 -0.0373986 -0.0335803 -0.0294942 -0.0253511 -0.0213928 -0.0177441 -0.0144896 -0.011661 -0.00929098 -0.00733295 -0.00577454 -0.00454494 -0.00357922 -0.00287062 -0.00233822 -0.00196149 -0.00170236 -0.00152506 -0.00139167 -0.00131298 -0.00126262 -0.00121904 -0.00121444 -0.00119113 -0.00118026 -0.00117581 -0.00115965 -0.00116265 -0.00115891 -0.00115821 -0.00115555 -0.00115107 -0.00114165 -0.00113562 -0.00113293 -0.00112415 -0.00113038 -0.00112334 -0.00112229 -0.0011244 -0.00111384 -0.00111928 -0.00111031 -0.00111125 -0.00111493 -0.00110489 -0.00111309 -0.00110356 -0.00110162 -0.0011052 -0.00109474 -0.00110529 -0.00110095 
0 1.3349e-05 -6.49108e-07 2.50816e-05 1.8761e-05 1.94564e-05 3.9593e-05 2.52059e-05 4.28484e-05 4.88765e-05 4.56029e-05 6.6227e-05 6.16478e-05 6.85873e-05 7.48312e-05 7.40228e-05 8.26669e-05 8.28604e-05 9.5821e-05 9.94211e-05 0.00010755 0.000120842 0.000115996 0.000128272 0.000132816 0.000132615 0.000146547 0.000154343 0.000158664 0.000171149 0.000192567 0.000205116 0.00024853 0.000314352 0.000384382 0.000524276 0.0007176 0.00098601 0.00139309 0.0019487 0.00269715 0.00369315 0.00499035 0.00663519 0.00868564 0.0111758 0.0141383 0.0175813 0.0214261 0.0256176 0.0300082 0.0343761 0.0385025 0.0421296 0.0449619 0.0467205 0.0471844 0.0461205 0.0434461 0.0391786 0.0334311 0.0264509 0.0185791 0.0101784 0.00163247 -0.00660177 -0.014159 -0.0206989 -0.0259741 -0.0298493 -0.0323466 -0.0335014 -0.0334309 -0.032342 -0.0304616 -0.0280235 -0.0252687 -0.0224192 -0.0195899 -0.0169189 -0.0145001 -0.01239 -0.0105526 -0.00901079 -0.00773037 -0.00667629 -0.00578624 -0.00506716 -0.00446698 -0.00395205 -0.00349138 -0.00310461 -0.00275831 -0.00243663 -0.00212791 -0.00185144 -0.00158868 -0.00133331 -0.00107653 -0.000832405 -0.000592082 -0.000352342 -9.95245e-05 0.000153205 0.00040869 0.000671899 0.000965792 0.00127329 0.0015977 0.00195171 0.00237226 0.00284137 0.00337935 0.00401578 0.00480516 0.00574113 0.00688001 0.00826074 0.00992576 0.0118578 0.0141051 0.0166345 0.0193715 0.0221884 0.0249931 0.0275838 0.0297296 0.03119 0.0317348 0.0311312 0.0292352 0.0259803 0.0213127 0.0153166 0.00820257 0.000284866 -0.00809185 -0.0164738 -0.024468 -0.0316974 -0.037807 -0.0425099 -0.0456621 -0.0472085 -0.0471999 -0.0458435 -0.0433479 -0.0399808 -0.0360362 -0.0317892 -0.0274531 -0.0232602 -0.0193767 -0.0158764 -0.0128383 -0.0102622 -0.00813317 -0.0064155 -0.00505148 -0.00399226 -0.00320024 -0.00261216 -0.00216903 -0.00187764 -0.00167071 -0.00151876 -0.00144143 -0.0013803 -0.00133489 -0.00131451 -0.00129874 -0.0012823 -0.00127655 -0.00127529 -0.00125888 -0.00125723 -0.00125056 -0.00123889 -0.0012418 -0.00123467 -0.00123596 -0.0012311 -0.00122879 -0.00122784 -0.00121542 -0.00122359 -0.0012106 -0.00120931 -0.00121939 -0.00119752 -0.00121029 -0.00120378 -0.00119028 -0.00121003 -0.00119124 -0.00119946 -0.00120766 -0.0011875 -0.00120609 -0.00119224 
0 1.02364e-06 1.72666e-05 1.2728e-05 2.14329e-05 3.24652e-05 2.80309e-05 4.1575e-05 4.585e-05 4.54457e-05 5.78735e-05 5.98065e-05 6.3858e-05 7.48312e-05 8.11984e-05 8.34897e-05 9.34569e-05 9.84949e-05 9.61295e-05 0.000113919 0.000113376 0.000115156 0.000137555 0.000127871 0.000139445 0.000155447 0.000149711 0.00016861 0.000180273 0.000190271 0.000206572 0.000237956 0.000280326 0.000335458 0.000448851 0.000592397 0.000802982 0.00112673 0.00157943 0.00219603 0.00302854 0.0041487 0.00555345 0.00734335 0.00958847 0.0122819 0.0154549 0.0191067 0.0232039 0.0276058 0.0321693 0.0366746 0.0408982 0.0445714 0.0473792 0.0490859 0.0494335 0.0482421 0.0454016 0.0409677 0.0350491 0.027904 0.0198701 0.0112891 0.00256788 -0.00588879 -0.0136839 -0.0205254 -0.0261215 -0.0303667 -0.0332188 -0.0347208 -0.0349545 -0.0341247 -0.0324356 -0.0301006 -0.0273729 -0.0244621 -0.0215344 -0.0187088 -0.0161284 -0.0138108 -0.0117898 -0.0100611 -0.00864332 -0.00743792 -0.00643375 -0.00560281 -0.00494006 -0.00435068 -0.00383979 -0.00339436 -0.00302111 -0.00265945 -0.00232621 -0.00201271 -0.00173213 -0.00144678 -0.00117287 -0.000899526 -0.000643095 -0.000373933 -0.000104118 0.000177192 0.000449282 0.000747659 0.0010649 0.00140928 0.00175678 0.00216298 0.0026283 0.00316445 0.00375539 0.00448942 0.0053798 0.00645516 0.00771928 0.00927329 0.0111124 0.0132524 0.0156691 0.0183686 0.0212258 0.0241391 0.0269569 0.0294935 0.031493 0.0327389 0.0330112 0.032089 0.0298525 0.0262326 0.021234 0.0149201 0.00754564 -0.000619109 -0.00919048 -0.0177724 -0.0259414 -0.0333495 -0.0396332 -0.0445103 -0.0478308 -0.049512 -0.0496226 -0.0483197 -0.0458571 -0.0424561 -0.0384252 -0.0340325 -0.029534 -0.0251489 -0.0210189 -0.0172903 -0.0140378 -0.0112807 -0.0089535 -0.0070744 -0.00559949 -0.00443342 -0.0035488 -0.00289181 -0.00241805 -0.00206277 -0.00182965 -0.00167868 -0.00156251 -0.00149477 -0.00144938 -0.00142046 -0.00139144 -0.00138646 -0.00138005 -0.00135745 -0.00136714 -0.00135417 -0.00134191 -0.00135096 -0.00133782 -0.00133419 -0.00133471 -0.00132668 -0.00131995 -0.00131981 -0.00131604 -0.00130806 -0.001314 -0.00130393 -0.00130017 -0.00130863 -0.00129364 -0.00130007 -0.00130151 -0.00128704 -0.00129899 -0.00128919 -0.00128367 -0.00129574 -0.00128156 -0.00128937 
0 7.82629e-06 9.02839e-06 1.84658e-05 2.458e-05 2.64136e-05 3.82107e-05 4.186e-05 4.61815e-05 5.79298e-05 5.80481e-05 6.49424e-05 7.31616e-05 7.40228e-05 8.34897e-05 9.13551e-05 9.70577e-05 0.000106852 0.00011668 0.000115511 0.000121941 0.000132578 0.000127644 0.000147325 0.000156184 0.000155543 0.000175585 0.000174966 0.000186949 0.000205355 0.000232376 0.000265351 0.000308288 0.00039318 0.000488299 0.000664251 0.000925174 0.0012801 0.00178306 0.00246938 0.00339881 0.00459339 0.00616744 0.00812657 0.0105139 0.0133986 0.0168016 0.0207017 0.0249767 0.0295681 0.0342822 0.0389172 0.0431902 0.046848 0.0496217 0.0512274 0.0514558 0.0500994 0.0471259 0.0425326 0.0364994 0.0292423 0.0211071 0.0124279 0.00359335 -0.0049951 -0.0129892 -0.0200543 -0.0259693 -0.030553 -0.0337897 -0.0356435 -0.0362396 -0.035706 -0.0342679 -0.0320942 -0.0294446 -0.0265207 -0.0235173 -0.0205799 -0.0178328 -0.0153326 -0.0131067 -0.0112087 -0.00961294 -0.00827122 -0.00712062 -0.00619263 -0.00542566 -0.00478056 -0.00419315 -0.00370805 -0.00327516 -0.00289427 -0.00251527 -0.00218482 -0.00186008 -0.0015645 -0.00125423 -0.000971576 -0.000675055 -0.000395285 -8.95037e-05 0.00019964 0.000513749 0.000828563 0.0011895 0.0015485 0.00194973 0.00239012 0.00292497 0.00350671 0.00418953 0.00500644 0.00602929 0.00722643 0.00865637 0.0103666 0.0124048 0.0147286 0.0173266 0.0201551 0.0231175 0.0260799 0.028869 0.03129 0.0330872 0.0340742 0.0340157 0.0327591 0.030148 0.0261839 0.020847 0.0142852 0.00668175 -0.00164012 -0.0103515 -0.0190441 -0.0273309 -0.0348536 -0.0412575 -0.0462901 -0.0497413 -0.0515811 -0.0518131 -0.050621 -0.0481866 -0.0448033 -0.0407349 -0.0362442 -0.0315911 -0.0270025 -0.0227052 -0.0187664 -0.0152872 -0.0122945 -0.00982756 -0.00780484 -0.00616678 -0.00490128 -0.00392101 -0.0031923 -0.00265022 -0.00228309 -0.00200717 -0.00181188 -0.00169681 -0.0016083 -0.00156119 -0.00152496 -0.00151004 -0.00148493 -0.00146897 -0.00147157 -0.00145136 -0.00145617 -0.00145448 -0.00144097 -0.00143976 -0.00143213 -0.00142355 -0.00141949 -0.00142179 -0.00141205 -0.00141078 -0.00141284 -0.0013999 -0.00140434 -0.00139954 -0.00139142 -0.00139898 -0.00138992 -0.00138892 -0.0013927 -0.00138231 -0.00138579 -0.00138507 -0.00137799 -0.00138509 -0.00138154 
0 3.53149e-06 1.60129e-05 1.48052e-05 2.77191e-05 3.21798e-05 3.54041e-05 4.83046e-05 4.59617e-05 5.87145e-05 6.45443e-05 6.8651e-05 8.39577e-05 8.26669e-05 9.34569e-05 9.70577e-05 9.85126e-05 0.000110143 0.000110991 0.000125142 0.000136166 0.000144266 0.000152962 0.000157888 0.000161486 0.000166652 0.000183164 0.000187302 0.00021006 0.000225469 0.000239111 0.000288252 0.000335102 0.000432104 0.000569882 0.000760651 0.00104259 0.00144108 0.00200753 0.00276963 0.00379829 0.00511241 0.00679972 0.00890593 0.0114895 0.0145988 0.0181892 0.0222701 0.0267589 0.0315311 0.0363626 0.04106 0.0453593 0.0489833 0.0516773 0.0531542 0.0532255 0.05172 0.048603 0.0438893 0.037771 0.0304667 0.0222877 0.0135809 0.00471019 -0.00394979 -0.0120665 -0.0193172 -0.0255015 -0.0304259 -0.0340303 -0.0362729 -0.0372523 -0.0370715 -0.0359249 -0.0339795 -0.0314588 -0.0285713 -0.025533 -0.0225112 -0.0196202 -0.0169406 -0.0145259 -0.0124416 -0.010666 -0.00916402 -0.00787606 -0.00682346 -0.00595218 -0.00522635 -0.00457629 -0.00402899 -0.00354505 -0.00312443 -0.00271585 -0.00234988 -0.00199411 -0.00167024 -0.00133951 -0.0010303 -0.000708004 -0.000400123 -7.43981e-05 0.000239867 0.00058254 0.0009324 0.00132035 0.00171261 0.00215769 0.00265474 0.00324395 0.00389344 0.00466569 0.00559373 0.00673898 0.00808088 0.00967729 0.0115652 0.0137883 0.016298 0.0190574 0.0219957 0.0250251 0.0279948 0.0307058 0.0329481 0.0344976 0.0351687 0.0347519 0.0331182 0.0301401 0.0258212 0.0201877 0.013406 0.0056475 -0.00277791 -0.0115494 -0.0202865 -0.0286277 -0.036202 -0.0426859 -0.0478316 -0.0514211 -0.0534009 -0.0537812 -0.052715 -0.0503716 -0.0470333 -0.0429392 -0.0383841 -0.0336381 -0.0289022 -0.0243853 -0.0202419 -0.0165858 -0.0134049 -0.0107385 -0.0085375 -0.00677396 -0.00539711 -0.00432218 -0.0035169 -0.00291199 -0.00248031 -0.00217038 -0.00197504 -0.00183273 -0.00173449 -0.00168276 -0.0016266 -0.00160928 -0.0015939 -0.0015795 -0.0015751 -0.00156117 -0.00155036 -0.00153987 -0.0015371 -0.0015283 -0.00153124 -0.0015272 -0.00151812 -0.00152161 -0.00150786 -0.00150819 -0.00150396 -0.00149718 -0.00150306 -0.00149169 -0.00149321 -0.00148852 -0.00148014 -0.00148495 -0.00147709 -0.00148179 -0.00148276 -0.0014789 -0.00148404 -0.00147543 -0.00147599 
0 1.15882e-06 2.49493e-05 1.34464e-05 3.00701e-05 3.73441e-05 3.2062e-05 5.49751e-05 4.97504e-05 6.16692e-05 7.1705e-05 6.84971e-05 8.59412e-05 8.28604e-05 9.84949e-05 0.000106852 0.000110143 0.000130507 0.000120711 0.000137624 0.000141388 0.00013523 0.000160971 0.000159868 0.000173062 0.000190291 0.000195536 0.000204008 0.000222762 0.00024644 0.000264452 0.000326887 0.000382277 0.000471756 0.000635273 0.000841788 0.00117036 0.00162586 0.00225047 0.00309291 0.00420523 0.0056542 0.00748671 0.00976454 0.0125192 0.0158163 0.0196162 0.0238899 0.0285653 0.0334551 0.038383 0.0431223 0.0474093 0.0509547 0.0535261 0.0548568 0.0547472 0.0530919 0.0498298 0.0450316 0.0388659 0.0315692 0.0234082 0.0147424 0.0059087 -0.00275895 -0.0109263 -0.0183169 -0.0247229 -0.0299717 -0.0339302 -0.0365843 -0.0379688 -0.0381854 -0.0373755 -0.0357181 -0.033382 -0.0305864 -0.0275616 -0.024487 -0.0214789 -0.0186346 -0.0160481 -0.013769 -0.0118092 -0.0101311 -0.00870699 -0.00751054 -0.00652877 -0.00570363 -0.00499355 -0.00437013 -0.0038373 -0.0033636 -0.0029304 -0.00251883 -0.00213899 -0.00177673 -0.00143078 -0.00108558 -0.000745624 -0.000400836 -6.05958e-05 0.000289057 0.000653281 0.00104752 0.0014568 0.00189489 0.00238107 0.00294812 0.00358803 0.00432223 0.00518913 0.00624867 0.007516 0.00901934 0.010788 0.0128685 0.0152659 0.0179541 0.0208536 0.0238802 0.0269356 0.0298656 0.0324465 0.0344544 0.0357092 0.0360186 0.0352169 0.0331778 0.0298372 0.025171 0.0192798 0.0123144 0.00446669 -0.0040057 -0.0127681 -0.0214875 -0.0298213 -0.0373976 -0.0439245 -0.049147 -0.0528707 -0.0549909 -0.0555473 -0.0546204 -0.0523981 -0.0491382 -0.0450728 -0.0404794 -0.0356354 -0.0307825 -0.0260937 -0.0217707 -0.0178984 -0.0145222 -0.0116789 -0.00932317 -0.00742382 -0.00591119 -0.00474081 -0.00384903 -0.0031995 -0.00271655 -0.00236625 -0.00214506 -0.0019633 -0.00186005 -0.00179966 -0.00174235 -0.00171511 -0.00169411 -0.00167544 -0.0016571 -0.00166356 -0.00165002 -0.00164401 -0.00165229 -0.00162729 -0.00163204 -0.00162261 -0.00161119 -0.00161574 -0.00160283 -0.00160925 -0.00159605 -0.00159406 -0.00159451 -0.00157842 -0.00159421 -0.00158141 -0.00158264 -0.00159249 -0.00156912 -0.00158243 -0.00157061 -0.00155944 -0.00157765 -0.00155885 -0.00157286 
