0 0 0 0 0 0 0 0 0 0 0 0 0 0 0 0 0 0 0 0 0 0 0 0 0 0 0 0 0 0 0 0 0 0 0 0 0 0 0 0 0 0 0 0 0 0 0 0 0 0 0 0 0 0 0 0 0 0 0 0 0 0 0 0 0 0 0 0 0 0 0 0 0 0 0 0 0 0 0 0 0 0 0 0 0 0 0 0 0 0 0 0 0 0 0 0 0 0 0 0 0 0 0 0 0 0 0 0 0 0 0 0 0 0 0 0 0 0 0 0 0 0 0 0 0 0 0 0 0 0 0 0 0 0 0 0 0 0 0 0 0 0 0 0 0 0 0 0 0 0 0 0 0 0 0 0 0 0 0 0 0 0 0 0 0 0 0 0 0 0 0 0 0 0 0 0 0 0 0 0 0 0 0 0 0 0 0 0 0 0 0 0 0 0 0 0 0 0 0 0 
0 1.44893e-07 2.04429e-06 2.24035e-06 1.63789e-06 3.86172e-06 1.19535e-06 3.47934e-06 6.16767e-06 8.89929e-07 8.88738e-06 4.39814e-06 3.21948e-07 1.29775e-05 3.3235e-08 9.6377e-06 1.82651e-05 1.27611e-06 1.91277e-05 8.81462e-06 -5.47486e-07 1.57198e-05 4.19615e-06 1.20661e-05 1.80002e-05 1.60617e-05 1.32196e-05 1.33994e-05 2.03909e-05 9.74666e-06 2.50383e-05 2.16867e-05 1.2672e-05 1.74979e-05 1.19212e-05 2.49192e-05 1.55561e-05 2.72252e-05 2.77916e-05 1.18278e-05 2.82516e-05 3.95433e-05 4.3842e-05 3.04787e-05 5.63842e-05 7.64743e-05 9.7923e-05 0.000140218 0.000184263 0.0002714 0.000369904 0.000505818 0.00066724 0.000889138 0.00114463 0.00144791 0.00181874 0.00222053 0.00266937 0.00312866 0.00358729 0.00397583 0.00429991 0.00449454 0.00453713 0.00441301 0.00410856 0.00361047 0.00292641 0.00211418 0.00118795 0.000237022 -0.000685874 -0.00150867 -0.00222837 -0.00277556 -0.00314461 -0.00332353 -0.00334068 -0.00320514 -0.00297602 -0.00269346 -0.00237109 -0.00202796 -0.00170347 -0.00143139 -0.00119053 -0.000983095 -0.000804926 -0.000673942 -0.000561381 -0.000477115 -0.000399906 -0.000342084 -0.000280487 -0.000240316 -0.000198526 -0.000164007 -0.000114842 -8.39436e-05 -5.03059e-05 -2.14565e-05 2.65619e-05 6.09398e-05 0.000100977 0.000137029 0.000194022 0.000246324 0.000316154 0.000390456 0.000490564 0.000604223 0.000762688 0.00094996 0.00117074 0.00141874 0.00172255 0.00205477 0.00237987 0.00267304 0.00292793 0.00310669 0.00315173 0.0030451 0.00275836 0.00229282 0.00164785 0.000887427 1.39997e-05 -0.000909084 -0.0018338 -0.00266515 -0.00338831 -0.00393815 -0.00430354 -0.00448503 -0.00450312 -0.00436101 -0.00408291 -0.00372781 -0.00329509 -0.00284818 -0.00240241 -0.00200044 -0.00162054 -0.00131011 -0.00104434 -0.000816052 -0.000640038 -0.000497608 -0.000394018 -0.000300726 -0.000247173 -0.000192909 -0.000176815 -0.000158682 -0.000126127 -0.000122352 -0.000127413 -0.000131404 -0.000107633 -0.0001167 -0.000115902 -0.000114779 -0.000121222 -0.000113966 -0.000121171 -0.000103579 -0.000111702 -0.00011697 -0.000107769 -0.000112041 -0.000107605 -0.000106385 -9.802e-05 -0.000113135 -0.000108956 -0.000102899 -0.0001211 -9.92608e-05 -0.000105056 -0.000111359 -9.5817e-05 -0.000110267 -0.000104969 -0.000100915 -0.000106045 -0.000100005 -0.000102469 -0.000102679 -0.000105231 -0.000105198 -0.000104191 -0.000106146 -9.92795e-05 -0.000101031 -0.000101106 -9.74989e-05 -0.000105283 -0.000101497 
0 2.04429e-06 -1.69413e-06 4.60342e-06 2.40272e-06 3.21189e-06 1.11516e-05 2.7465e-06 9.79928e-06 1.18014e-05 3.10433e-06 1.89056e-05 1.22201e-05 1.11576e-05 2.30712e-05 6.7949e-06 1.30037e-05 1.666e-05 1.07594e-05 2.43349e-05 2.71007e-05 2.85063e-05 2.59961e-05 2.5801e-05 2.35285e-05 1.63447e-05 3.31e-05 3.18209e-05 2.28685e-05 3.87392e-05 2.87533e-05 2.09154e-05 4.71364e-05 4.71038e-05 3.74787e-05 4.83748e-05 4.52662e-05 3.42217e-05 4.82822e-05 6.45862e-05 5.05839e-05 4.88667e-05 5.94837e-05 8.86537e-05 0.00011767 0.000129496 0.000191596 0.000281817 0.000392962 0.000536386 0.000752221 0.00101916 0.00135273 0.00179034 0.00229402 0.00291431 0.00363408 0.00445294 0.00532585 0.00625488 0.00714832 0.00793168 0.00856653 0.00895063 0.00904021 0.00878185 0.00818654 0.00717986 0.00584066 0.00420686 0.0023877 0.000483482 -0.00133589 -0.00298815 -0.00440913 -0.00550627 -0.00624246 -0.00660481 -0.00664778 -0.00638109 -0.0059407 -0.00536926 -0.00474203 -0.00404917 -0.00342085 -0.00285841 -0.00239269 -0.0019607 -0.00162293 -0.00133997 -0.00113153 -0.0009437 -0.000806527 -0.00067207 -0.000567 -0.000468602 -0.000400814 -0.000314492 -0.000234547 -0.000155794 -0.000103462 -2.85109e-05 4.93877e-05 0.000135173 0.000199828 0.000290123 0.000386484 0.000509908 0.000632936 0.000800802 0.000984533 0.00123356 0.00153275 0.00192494 0.0023501 0.00286646 0.00345419 0.00412722 0.0047582 0.00535361 0.0058438 0.00619886 0.00627572 0.00605918 0.00548111 0.00454688 0.00326886 0.00174091 1.34176e-05 -0.00183704 -0.00365702 -0.00533127 -0.0067498 -0.00786244 -0.00857692 -0.00895454 -0.00898058 -0.00870512 -0.00815487 -0.00744109 -0.00659165 -0.00568719 -0.00481504 -0.00399158 -0.00325455 -0.00261245 -0.0020885 -0.00162941 -0.00128101 -0.000997785 -0.000767129 -0.000606269 -0.000497938 -0.000408234 -0.000329623 -0.000305536 -0.00028591 -0.000273268 -0.000248048 -0.000229624 -0.000246772 -0.000246788 -0.000228222 -0.000226014 -0.000231646 -0.000213523 -0.000220736 -0.000238374 -0.000218311 -0.000216547 -0.000225595 -0.000214411 -0.000220552 -0.000228617 -0.00022148 -0.000216575 -0.000211941 -0.000211369 -0.000205084 -0.000210703 -0.000217188 -0.000206064 -0.000214587 -0.000211023 -0.000202633 -0.000213691 -0.000208556 -0.000208256 -0.000212219 -0.000205951 -0.00020258 -0.00020322 -0.000202183 -0.00020033 -0.000209207 -0.000207231 -0.000205443 -0.0002119 -0.000201538 -0.000204492 
0 2.24035e-06 4.60342e-06 5.3822e-06 5.80061e-06 8.89104e-06 7.07221e-06 9.98103e-06 1.4451e-05 9.80645e-06 1.86451e-05 1.61352e-05 1.14566e-05 2.63428e-05 1.48596e-05 2.47386e-05 3.6957e-05 1.93045e-05 3.82441e-05 2.88726e-05 1.80076e-05 3.72692e-05 2.61782e-05 3.65259e-05 4.56388e-05 4.32812e-05 4.27358e-05 4.34856e-05 5.04962e-05 4.31797e-05 6.00245e-05 5.59413e-05 4.9845e-05 5.40593e-05 4.80916e-05 6.70985e-05 5.79531e-05 7.14919e-05 7.61806e-05 6.11917e-05 8.2018e-05 0.000103407 0.000116484 0.000115809 0.000168709 0.00022304 0.000300539 0.00042427 0.00057821 0.000820733 0.00112903 0.00153304 0.00203382 0.00268544 0.00345501 0.00437361 0.0054632 0.00667165 0.00799333 0.00935896 0.010694 0.0118559 0.0127936 0.0133631 0.0134865 0.0131104 0.0121999 0.0107201 0.00871407 0.0063027 0.00358793 0.000779262 -0.00193974 -0.00439664 -0.0065176 -0.00815524 -0.00926461 -0.00982623 -0.00989956 -0.00953703 -0.00888738 -0.00805818 -0.00711341 -0.00611097 -0.00516139 -0.00433394 -0.00361198 -0.00298471 -0.00245811 -0.00204613 -0.0017097 -0.00144272 -0.001216 -0.00102868 -0.000854634 -0.000721028 -0.000599663 -0.000484532 -0.000352681 -0.000248785 -0.000151294 -5.2395e-05 7.60513e-05 0.000189696 0.000305466 0.000427105 0.000586926 0.000757309 0.000961542 0.00119784 0.00149536 0.00185681 0.00232589 0.00289289 0.00355326 0.00431368 0.00520674 0.00618038 0.00713272 0.00799952 0.00872944 0.00922359 0.00933278 0.00898697 0.00811636 0.00671743 0.00481408 0.00254009 -3.97114e-05 -0.00277091 -0.00548226 -0.00795303 -0.0100743 -0.0117076 -0.0127945 -0.013345 -0.0133964 -0.0129835 -0.0121783 -0.011117 -0.00985391 -0.0085257 -0.00721343 -0.00600044 -0.00488783 -0.00394411 -0.00314539 -0.00246853 -0.00193452 -0.00150829 -0.00118172 -0.000919229 -0.000745234 -0.000601419 -0.000523876 -0.000466589 -0.000402315 -0.000382584 -0.000379019 -0.000374075 -0.000344389 -0.0003523 -0.000347341 -0.000345218 -0.000353743 -0.000341469 -0.000347684 -0.000329377 -0.000334368 -0.00033988 -0.0003302 -0.000331291 -0.000325632 -0.000323047 -0.000312428 -0.000329281 -0.000323963 -0.000317816 -0.000336243 -0.000311186 -0.000317614 -0.000322166 -0.000305527 -0.000321021 -0.000313567 -0.000309252 -0.000313848 -0.000306181 -0.000308865 -0.000309507 -0.000311518 -0.000312231 -0.000311295 -0.000311347 -0.000305007 -0.000305563 -0.000304689 -0.000300746 -0.000305966 -0.000306902 
0 1.63789e-06 2.40272e-06 5.80061e-06 7.82811e-06 1.01905e-05 1.2669e-05 1.38385e-05 1.71389e-05 1.75424e-05 2.05223e-05 2.36667e-05 2.33078e-05 2.89891e-05 2.7727e-05 2.89057e-05 3.40587e-05 3.05671e-05 3.87786e-05 4.14312e-05 4.16429e-05 5.0275e-05 4.62449e-05 4.9003e-05 5.18801e-05 5.08358e-05 5.66644e-05 5.92595e-05 6.15713e-05 6.30462e-05 6.74302e-05 6.78339e-05 7.42674e-05 8.01922e-05 7.82321e-05 8.67542e-05 8.42442e-05 8.79772e-05 9.77215e-05 9.9831e-05 0.000108629 0.000120808 0.000140388 0.000170526 0.000225835 0.000294788 0.000404582 0.000573221 0.000795846 0.00110941 0.00152709 0.00206631 0.00274777 0.00360453 0.00463477 0.00586168 0.00729712 0.00890261 0.0106427 0.012442 0.0141833 0.0157196 0.0169345 0.0176776 0.0178337 0.0173313 0.0161183 0.0141677 0.0115374 0.0083613 0.00480725 0.00111881 -0.00245477 -0.0057083 -0.00849832 -0.0106745 -0.0121563 -0.0129317 -0.0130552 -0.0126223 -0.0117954 -0.010717 -0.00948047 -0.00817771 -0.00693244 -0.00582543 -0.004859 -0.00402213 -0.00332136 -0.00275866 -0.00230531 -0.0019393 -0.0016355 -0.00137707 -0.00115022 -0.000963611 -0.000800328 -0.000640189 -0.0004749 -0.000329972 -0.000198327 -5.87757e-05 0.000102043 0.000259132 0.000414531 0.000585845 0.000793438 0.00102894 0.00130225 0.00162691 0.00202719 0.0025241 0.00314981 0.00390707 0.00479097 0.00581413 0.0069903 0.00825901 0.00950625 0.0106403 0.0115779 0.0121875 0.0123036 0.0118127 0.010641 0.00877459 0.00626734 0.0032507 -0.000147035 -0.00374042 -0.00729205 -0.0105501 -0.0133328 -0.0154861 -0.016929 -0.0176647 -0.0177359 -0.0171986 -0.016156 -0.0147515 -0.013101 -0.0113494 -0.00962154 -0.00800538 -0.00654096 -0.00527678 -0.00420695 -0.00331304 -0.0025943 -0.00202384 -0.00157819 -0.00124084 -0.00100154 -0.000817971 -0.000695784 -0.000617979 -0.000560732 -0.00052629 -0.000503267 -0.000487552 -0.00047594 -0.000475683 -0.00046498 -0.000459797 -0.000458689 -0.000450017 -0.000453055 -0.000449553 -0.000446066 -0.000444371 -0.000441569 -0.000439069 -0.00043921 -0.000439851 -0.00043316 -0.000435195 -0.000428929 -0.000424339 -0.000428371 -0.000421126 -0.000424217 -0.000423568 -0.000418464 -0.000421327 -0.00041716 -0.000417137 -0.000417758 -0.000415494 -0.000415771 -0.000413343 -0.000411893 -0.000410333 -0.00040931 -0.000409763 -0.000409232 -0.00041011 -0.000411816 -0.000411958 -0.000410163 -0.000408176 
0 3.86172e-06 3.21189e-06 8.89104e-06 1.01905e-05 9.96387e-06 1.83176e-05 1.61627e-05 1.8799e-05 2.70545e-05 1.99372e-05 3.02864e-05 3.44502e-05 2.66604e-05 4.40327e-05 3.64614e-05 3.49175e-05 5.18651e-05 3.82845e-05 5.07537e-05 5.95954e-05 5.13571e-05 6.34056e-05 6.16982e-05 6.2944e-05 6.4069e-05 7.33253e-05 7.68131e-05 7.12982e-05 8.89189e-05 7.89878e-05 8.22459e-05 9.6436e-05 9.587e-05 0.000102199 9.94699e-05 0.000113565 0.000106117 0.000115125 0.000138143 0.000136986 0.00015 0.000172797 0.000231809 0.000285612 0.000375394 0.000521467 0.000726986 0.00102283 0.00140521 0.00193735 0.00261096 0.00347624 0.00453755 0.00583001 0.00736794 0.00913914 0.0111383 0.0132805 0.0154974 0.0176198 0.019514 0.0209836 0.0218849 0.0220676 0.0214339 0.0199245 0.0175179 0.0142969 0.0103894 0.00604708 0.00152266 -0.00286504 -0.00689124 -0.0103259 -0.013033 -0.0148921 -0.0158992 -0.0161005 -0.015633 -0.0146642 -0.0133593 -0.0118565 -0.0102753 -0.008753 -0.00736511 -0.0061555 -0.00510447 -0.00423034 -0.00350641 -0.00293327 -0.0024581 -0.00207537 -0.00173873 -0.00146197 -0.00121529 -0.00100894 -0.00079885 -0.000606304 -0.000415747 -0.000249079 -6.3523e-05 0.000123398 0.000327692 0.000523137 0.000751068 0.00100302 0.00130948 0.00165251 0.0020746 0.0025796 0.00322238 0.00400427 0.0049565 0.00606313 0.00735369 0.0087986 0.0103441 0.0118626 0.0132452 0.0143587 0.01505 0.0151438 0.0144885 0.0130066 0.0106765 0.00758566 0.00384786 -0.000331564 -0.00474534 -0.00908565 -0.0130952 -0.0165018 -0.0191557 -0.0209429 -0.0218664 -0.0219591 -0.0213111 -0.0200511 -0.018321 -0.016308 -0.0141525 -0.012029 -0.0100161 -0.00821433 -0.00663027 -0.00529181 -0.00418063 -0.00327577 -0.00256109 -0.00199262 -0.00157912 -0.00126288 -0.00104515 -0.000875043 -0.000770771 -0.000714079 -0.0006631 -0.000627229 -0.000599657 -0.000607808 -0.000590267 -0.000580148 -0.000578687 -0.000570344 -0.000568596 -0.00055962 -0.000572207 -0.000556958 -0.000550886 -0.000557771 -0.000546179 -0.000548779 -0.00054653 -0.000548048 -0.000535683 -0.000536224 -0.000540161 -0.000522497 -0.000537726 -0.000531566 -0.000521289 -0.000534412 -0.00052012 -0.000521204 -0.000525786 -0.000517328 -0.000521214 -0.000519068 -0.000516034 -0.000514694 -0.000514051 -0.000513649 -0.000512067 -0.000516599 -0.000511999 -0.000510201 -0.000514595 -0.000508144 -0.000511506 
0 1.19535e-06 1.11516e-05 7.07221e-06 1.2669e-05 1.83176e-05 1.22483e-05 2.501e-05 2.33397e-05 2.30082e-05 3.85831e-05 2.71455e-05 3.61214e-05 4.4122e-05 3.38848e-05 5.34728e-05 5.34216e-05 5.24282e-05 6.41216e-05 5.68949e-05 5.80801e-05 6.08545e-05 6.91158e-05 7.2204e-05 7.89808e-05 9.36391e-05 7.95788e-05 8.74061e-05 0.000100702 8.90977e-05 0.000106065 0.000117777 0.000102068 0.000105473 0.000120041 0.000118986 0.000125654 0.000145875 0.000143908 0.00014026 0.000167062 0.000199931 0.000233574 0.000266816 0.000342419 0.000481591 0.00065118 0.000892593 0.00124391 0.00173179 0.00235933 0.0031806 0.00421996 0.00549321 0.00705429 0.00888659 0.0110046 0.0133653 0.0159144 0.0185036 0.0209996 0.0232108 0.0249191 0.0259578 0.0261524 0.0253933 0.0235812 0.020758 0.0169612 0.0123921 0.00729636 0.0020129 -0.00316026 -0.00790562 -0.0119723 -0.0151892 -0.0174357 -0.0186917 -0.0190027 -0.0185469 -0.0174677 -0.0159805 -0.0142285 -0.0124113 -0.010613 -0.00896944 -0.00749727 -0.00624986 -0.00517736 -0.00430697 -0.00358551 -0.00301427 -0.00252474 -0.00212703 -0.00177759 -0.00148736 -0.001213 -0.000971562 -0.000733055 -0.000515503 -0.000290198 -7.65229e-05 0.000155056 0.000387069 0.000646586 0.000914835 0.00123337 0.00159264 0.00203186 0.00253771 0.00317575 0.00394955 0.00491339 0.00604332 0.00739493 0.00893047 0.0106493 0.0124317 0.0142102 0.0157984 0.0170627 0.0177877 0.0178288 0.0169842 0.0151805 0.0123983 0.00873392 0.00431944 -0.000615867 -0.00577915 -0.0108736 -0.0155632 -0.0195768 -0.0226856 -0.0248227 -0.0259192 -0.0260503 -0.0253029 -0.0238452 -0.0218234 -0.0194597 -0.0169435 -0.014423 -0.0120488 -0.00989579 -0.00801611 -0.00640012 -0.00507336 -0.00397847 -0.00311066 -0.00244404 -0.00192476 -0.00153304 -0.00126159 -0.00108643 -0.000940896 -0.000842005 -0.000786015 -0.000763113 -0.000745756 -0.000709265 -0.000697481 -0.000704821 -0.000696128 -0.000687065 -0.000694903 -0.000682944 -0.000662187 -0.000675861 -0.00067482 -0.000658085 -0.000666723 -0.000655987 -0.000642731 -0.000648666 -0.000647943 -0.000647825 -0.000645039 -0.000647786 -0.000637732 -0.000630736 -0.000639597 -0.000626216 -0.000630568 -0.000633928 -0.000619705 -0.000625876 -0.000620799 -0.000616958 -0.000622615 -0.000621246 -0.000621642 -0.000619767 -0.000618846 -0.000613359 -0.000613681 -0.000613392 -0.000607445 -0.00061546 -0.000613196 
0 3.47934e-06 2.7465e-06 9.98103e-06 1.38385e-05 1.61627e-05 2.501e-05 2.47636e-05 2.72205e-05 3.63424e-05 3.13457e-05 3.98787e-05 4.89095e-05 4.04119e-05 5.69604e-05 5.33067e-05 4.64703e-05 6.83764e-05 5.65989e-05 7.03861e-05 8.77454e-05 7.57205e-05 9.14864e-05 8.69432e-05 8.35257e-05 9.1471e-05 9.75619e-05 0.000105884 0.000105758 0.000118042 0.000110617 0.000119575 0.000131361 0.000138609 0.000151552 0.000138813 0.000158452 0.000153548 0.000160297 0.000194667 0.000198884 0.000211577 0.000252034 0.000339371 0.000420068 0.000564874 0.000776312 0.00107421 0.00151041 0.00206502 0.00281519 0.00377893 0.00500596 0.00648889 0.00830583 0.0104432 0.0128787 0.0156082 0.0185124 0.0214701 0.024288 0.026795 0.0287065 0.0298615 0.0300598 0.0291589 0.0270755 0.023838 0.0195322 0.0143338 0.00857649 0.00257404 -0.00330374 -0.00873779 -0.0133923 -0.0171131 -0.0197438 -0.0212686 -0.0217315 -0.0213217 -0.0201888 -0.0185457 -0.0166009 -0.0145551 -0.0125247 -0.0106134 -0.00890778 -0.00743405 -0.00618489 -0.00513561 -0.00428513 -0.00358174 -0.00300454 -0.00251527 -0.00211525 -0.00175176 -0.00143074 -0.00113147 -0.000870643 -0.000600311 -0.000338222 -7.02801e-05 0.000182592 0.000468037 0.000770176 0.00110831 0.00147189 0.00191345 0.00242926 0.00305486 0.00380776 0.00474571 0.00587059 0.00721108 0.00878189 0.0105802 0.0125325 0.0145517 0.0165363 0.0183104 0.0196678 0.020396 0.0203345 0.0192782 0.017143 0.0139099 0.00970082 0.00463364 -0.000989742 -0.00686766 -0.0126318 -0.0179707 -0.0225233 -0.0260857 -0.0285347 -0.0298223 -0.02999 -0.0291673 -0.0275348 -0.0252451 -0.0225729 -0.0196993 -0.0168271 -0.0140815 -0.0116085 -0.00941236 -0.00753264 -0.00598287 -0.00470253 -0.0036819 -0.00288025 -0.00228882 -0.00182559 -0.00150829 -0.00126563 -0.00110435 -0.00102263 -0.000944023 -0.000884337 -0.000851298 -0.000856585 -0.000827715 -0.000818948 -0.000811917 -0.000791571 -0.000797288 -0.000786745 -0.000794973 -0.000783016 -0.000772814 -0.00077479 -0.000769507 -0.000771412 -0.000768166 -0.000773021 -0.000751558 -0.000751958 -0.000752979 -0.000732174 -0.000752588 -0.000741979 -0.000733961 -0.000746186 -0.000727995 -0.000732176 -0.00073553 -0.000727713 -0.000733001 -0.000729369 -0.000722994 -0.000721245 -0.000718275 -0.000715945 -0.000717324 -0.000718237 -0.00072038 -0.000722789 -0.000720987 -0.000719289 -0.000714877 
0 6.16767e-06 9.79928e-06 1.4451e-05 1.71389e-05 1.8799e-05 2.33397e-05 2.72205e-05 3.10381e-05 3.80583e-05 3.98771e-05 4.43787e-05 5.14393e-05 4.95708e-05 6.00656e-05 6.47111e-05 6.4775e-05 7.92127e-05 7.32003e-05 7.77633e-05 8.55664e-05 7.89759e-05 9.53797e-05 9.9216e-05 0.000104319 0.000115975 0.0001142 0.000120163 0.00012451 0.000131579 0.000135817 0.000144814 0.000144848 0.000146135 0.000160053 0.000157409 0.000177515 0.00018576 0.000188237 0.000211129 0.000229753 0.000265389 0.00031604 0.000392586 0.000495834 0.000677023 0.000928076 0.00126948 0.00176838 0.00242161 0.00328676 0.00440049 0.0058027 0.00751028 0.00958428 0.0120159 0.0147748 0.0178446 0.021097 0.0243819 0.0275053 0.030258 0.0323541 0.0335963 0.0337809 0.0327369 0.0303896 0.0267721 0.0219873 0.0162359 0.00986926 0.00322947 -0.00330327 -0.00935869 -0.0145824 -0.0187818 -0.0218064 -0.0236173 -0.024277 -0.0239578 -0.0228194 -0.0210747 -0.0189761 -0.0167389 -0.0144913 -0.0123396 -0.0103961 -0.00870333 -0.00725855 -0.0060374 -0.00503506 -0.00420237 -0.00351483 -0.00294183 -0.00247008 -0.0020425 -0.00165741 -0.00131199 -0.00101048 -0.000699764 -0.000385893 -7.63906e-05 0.00021567 0.000542098 0.000903057 0.00130062 0.0017292 0.00224321 0.0028562 0.00359704 0.00448749 0.00558127 0.00688615 0.00843089 0.0102303 0.0122666 0.0144429 0.0166657 0.0188253 0.0207329 0.02214 0.0228261 0.0226181 0.0213261 0.0188471 0.0151812 0.0104419 0.00478225 -0.00148098 -0.00799267 -0.0143731 -0.0202785 -0.025334 -0.0293057 -0.0320548 -0.0335227 -0.033743 -0.0328663 -0.031079 -0.0285679 -0.0256094 -0.0224237 -0.019213 -0.016134 -0.0133375 -0.0108485 -0.00870822 -0.00692852 -0.00546313 -0.00428769 -0.00336924 -0.00267007 -0.00212876 -0.00175705 -0.00148357 -0.00128503 -0.00116062 -0.00107619 -0.00102164 -0.000985114 -0.000966473 -0.000937552 -0.000936211 -0.00093093 -0.00091837 -0.000921005 -0.000905664 -0.000901588 -0.000897852 -0.000893354 -0.000887914 -0.000883405 -0.000875345 -0.00086523 -0.00087057 -0.000859745 -0.000863503 -0.000865319 -0.000851201 -0.000858048 -0.00084788 -0.000843274 -0.000848054 -0.000838516 -0.000839724 -0.000836573 -0.000830221 -0.000830045 -0.000827897 -0.000827285 -0.000828139 -0.0008281 -0.000827622 -0.00082732 -0.000822028 -0.000818455 -0.000816657 -0.000814019 -0.000817854 -0.000819272 
0 8.89929e-07 1.18014e-05 9.80645e-06 1.75424e-05 2.70545e-05 2.30082e-05 3.63424e-05 3.80583e-05 3.53518e-05 5.33505e-05 4.70625e-05 5.28285e-05 6.76104e-05 5.64024e-05 7.25265e-05 7.83423e-05 7.30332e-05 9.19466e-05 9.01929e-05 9.39575e-05 0.000103273 0.00010593 0.000111403 0.00011386 0.00012931 0.000123389 0.000130953 0.000148765 0.000136856 0.000155709 0.000165498 0.000162663 0.000172118 0.000181203 0.000190786 0.000189247 0.000213491 0.00022129 0.000229455 0.000261716 0.000301614 0.00037019 0.000442446 0.000583562 0.000794091 0.00108349 0.00148884 0.00205065 0.0028164 0.00379216 0.00506566 0.00664187 0.00857957 0.0109046 0.0136166 0.0166951 0.0200736 0.023652 0.027223 0.0306213 0.0335702 0.0358228 0.0371229 0.0372732 0.036087 0.0334893 0.0295285 0.0243071 0.0180819 0.0111719 0.00397911 -0.00314099 -0.0097465 -0.0155073 -0.020159 -0.0235789 -0.0256949 -0.0265924 -0.0264089 -0.0253157 -0.0235305 -0.0213238 -0.0189335 -0.0164903 -0.0141281 -0.0119505 -0.0100443 -0.00839092 -0.00700061 -0.00582896 -0.00486537 -0.00405112 -0.00339548 -0.00283464 -0.00234675 -0.00188776 -0.00150151 -0.00114436 -0.000799399 -0.0004265 -8.2314e-05 0.000263737 0.000626262 0.0010557 0.00150822 0.00201886 0.00260411 0.00333038 0.00418836 0.0052354 0.0064835 0.00798346 0.00973085 0.011762 0.0140117 0.0163963 0.0187903 0.0210875 0.0230708 0.0244787 0.0250752 0.0246771 0.0231207 0.0202879 0.0162035 0.0109544 0.00475948 -0.00208529 -0.00915457 -0.0160916 -0.0224866 -0.0280031 -0.0323448 -0.0353803 -0.0370209 -0.0373125 -0.0364048 -0.0344878 -0.0317981 -0.0285819 -0.02512 -0.0215885 -0.0182059 -0.0150842 -0.0123132 -0.00991237 -0.00790047 -0.00624786 -0.00490829 -0.00387518 -0.00306131 -0.00245498 -0.00201 -0.00170571 -0.00147849 -0.00131761 -0.00122685 -0.00116144 -0.00112589 -0.00108029 -0.00106712 -0.00106065 -0.00104131 -0.00103507 -0.00102901 -0.00102468 -0.00100441 -0.00101281 -0.00100807 -0.000989518 -0.000999942 -0.000987477 -0.000981253 -0.000980314 -0.000976854 -0.000971575 -0.000962576 -0.000969269 -0.000953888 -0.000952917 -0.000959344 -0.000941216 -0.000950028 -0.00094648 -0.000935371 -0.000944167 -0.000935546 -0.000933538 -0.000936535 -0.000930418 -0.000928278 -0.000925701 -0.000925342 -0.000923666 -0.000925694 -0.000926613 -0.000922675 -0.000925517 -0.000921026 
0 8.88738e-06 3.10433e-06 1.86451e-05 2.05223e-05 1.99372e-05 3.85831e-05 3.13457e-05 3.98771e-05 5.33505e-05 4.20512e-05 6.15356e-05 6.37058e-05 6.03793e-05 8.24142e-05 7.3833e-05 8.00935e-05 9.19929e-05 8.84641e-05 0.00010111 0.000109799 0.000118025 0.000117424 0.000127299 0.000131762 0.000123451 0.000150017 0.000151163 0.000150158 0.000172412 0.000166571 0.000168557 0.000186254 0.00020103 0.000200446 0.000209452 0.000225221 0.000221382 0.000241964 0.000277142 0.000305286 0.000334808 0.000401666 0.000529932 0.000689323 0.000910933 0.00124586 0.00172552 0.00237112 0.003219 0.00433477 0.00575375 0.00752561 0.009684 0.0122567 0.0152513 0.0186251 0.0223101 0.0261622 0.0300121 0.0336228 0.0367457 0.0391051 0.0404421 0.0405337 0.0391992 0.0363772 0.0320896 0.0265022 0.0198509 0.0124959 0.00480388 -0.00280131 -0.00991218 -0.0161483 -0.021245 -0.0250452 -0.0274965 -0.0286648 -0.0286631 -0.0276732 -0.0259044 -0.0236523 -0.0211349 -0.0185413 -0.0159789 -0.0135994 -0.0114612 -0.00961556 -0.00802769 -0.00669854 -0.00557142 -0.00464504 -0.00387332 -0.00323512 -0.00265807 -0.00214756 -0.00169256 -0.0012943 -0.000888673 -0.000482301 -7.85043e-05 0.000306348 0.000733259 0.00120817 0.00174247 0.00232169 0.00301091 0.00383475 0.00484186 0.00603316 0.00746521 0.0091445 0.0111178 0.0133527 0.0158124 0.0183625 0.0209107 0.023287 0.0252958 0.026643 0.027106 0.0264777 0.0246239 0.0214403 0.0169395 0.0112295 0.00453741 -0.00279393 -0.0103686 -0.0177641 -0.0246004 -0.030499 -0.0351922 -0.0384761 -0.0402939 -0.0406677 -0.0397517 -0.0377449 -0.034901 -0.0314867 -0.0277582 -0.0239604 -0.0202768 -0.016865 -0.0138051 -0.0111553 -0.00891487 -0.00706804 -0.00557567 -0.00439094 -0.00348801 -0.00280641 -0.0022941 -0.00191609 -0.00166901 -0.00150996 -0.00138135 -0.00128962 -0.00124012 -0.00122426 -0.00119732 -0.00116756 -0.00116345 -0.0011501 -0.00113624 -0.00113602 -0.00113938 -0.00111873 -0.00110761 -0.0011178 -0.00109765 -0.00109988 -0.00110534 -0.00108703 -0.00108377 -0.001078 -0.00107331 -0.00106513 -0.00106975 -0.00106695 -0.00105211 -0.00106295 -0.00104884 -0.00104446 -0.00105553 -0.00103949 -0.00104583 -0.00104301 -0.00103099 -0.00103762 -0.00103085 -0.00102922 -0.00103124 -0.00102847 -0.00102951 -0.00102853 -0.00102825 -0.00102587 -0.0010252 
0 4.39814e-06 1.89056e-05 1.61352e-05 2.36667e-05 3.02864e-05 2.71455e-05 3.98787e-05 4.43787e-05 4.70625e-05 6.15356e-05 6.15096e-05 6.56301e-05 7.94093e-05 7.47715e-05 8.61805e-05 0.000100354 9.41655e-05 0.000111579 0.000111928 0.000106679 0.000123961 0.000122775 0.000136629 0.000150179 0.000156121 0.000162759 0.000162224 0.000174319 0.000176488 0.000190445 0.000200908 0.000203765 0.000205476 0.000209917 0.000236129 0.000235051 0.000262231 0.000284178 0.000286021 0.000331986 0.000400077 0.000488322 0.000591199 0.000783732 0.00105582 0.00144561 0.00198121 0.00268891 0.00366333 0.00490502 0.0064857 0.00843628 0.0108292 0.0136477 0.0169099 0.0205769 0.0245271 0.0286477 0.0327174 0.0365218 0.0397587 0.0422014 0.0435342 0.0435487 0.0420677 0.0390272 0.0344629 0.0285452 0.0215587 0.0138114 0.00572607 -0.00230543 -0.00983076 -0.0165115 -0.0220101 -0.0261987 -0.0289958 -0.0304722 -0.0306966 -0.0298643 -0.0281836 -0.0259328 -0.0233448 -0.020621 -0.0179055 -0.0153231 -0.0129801 -0.0109184 -0.00914808 -0.00762783 -0.00635218 -0.00528104 -0.00440514 -0.00365233 -0.00300443 -0.00241667 -0.00191141 -0.00143817 -0.000992174 -0.000530174 -8.88351e-05 0.000367831 0.000841289 0.00138688 0.00198228 0.00266537 0.00344613 0.00440013 0.00554031 0.00690972 0.00851136 0.0103974 0.0125728 0.0150198 0.0176464 0.0203494 0.0229989 0.025417 0.0273802 0.0286155 0.0288943 0.0279984 0.0258262 0.0222786 0.0173912 0.0112448 0.00413499 -0.00362803 -0.011605 -0.0194064 -0.0265894 -0.0328324 -0.0378165 -0.0413414 -0.0433212 -0.0437951 -0.0429006 -0.0408301 -0.037885 -0.0342944 -0.0303595 -0.0263027 -0.0223648 -0.0186616 -0.0153402 -0.0124426 -0.00996784 -0.0079284 -0.00627426 -0.00496812 -0.00392965 -0.00316553 -0.00258655 -0.00217807 -0.00187913 -0.00165529 -0.00152841 -0.00144931 -0.00138806 -0.00132281 -0.00131301 -0.00129466 -0.00127788 -0.00128039 -0.00126131 -0.00125219 -0.00123771 -0.00124018 -0.00123428 -0.001225 -0.00121832 -0.0012044 -0.00119966 -0.00118888 -0.00119799 -0.00118996 -0.00118249 -0.00118962 -0.00116746 -0.00117042 -0.00117147 -0.00115742 -0.00116544 -0.00115794 -0.00114708 -0.00114968 -0.00114257 -0.00113932 -0.00114483 -0.00113937 -0.00114122 -0.00114394 -0.00113361 -0.0011355 -0.00112921 -0.00112315 -0.00112929 -0.00112369 -0.00113058 
0 3.21948e-07 1.22201e-05 1.14566e-05 2.33078e-05 3.44502e-05 3.61214e-05 4.89095e-05 5.14393e-05 5.28285e-05 6.37058e-05 6.56301e-05 7.22718e-05 8.49305e-05 8.43437e-05 9.36635e-05 0.000103133 9.94289e-05 0.000117267 0.000123242 0.000127994 0.000147462 0.000142059 0.000150738 0.000155879 0.000155622 0.000172541 0.000178321 0.000190683 0.000198099 0.000204441 0.000211047 0.000225384 0.000238735 0.00024326 0.000264761 0.000259316 0.000277133 0.000306926 0.000326479 0.000377893 0.000434956 0.000530043 0.000677322 0.000906442 0.0012061 0.00164316 0.00226004 0.00306114 0.00414389 0.00552053 0.00726128 0.00941038 0.0120229 0.015083 0.0186027 0.022537 0.0267346 0.0310788 0.0353405 0.0392812 0.0426042 0.045077 0.0463805 0.0462943 0.0446674 0.0414264 0.0366216 0.0304395 0.0231775 0.0151296 0.00672529 -0.00163448 -0.00951377 -0.016568 -0.0224473 -0.0270062 -0.0301715 -0.0319753 -0.0324749 -0.0318537 -0.0303269 -0.0281366 -0.0255276 -0.0227175 -0.0198766 -0.0171202 -0.014579 -0.0123109 -0.0103428 -0.00863218 -0.00719098 -0.00597679 -0.00497256 -0.00410366 -0.00336685 -0.00271045 -0.00213644 -0.00159131 -0.00108835 -0.000582856 -8.88486e-05 0.000435861 0.000975319 0.00158296 0.00225612 0.00304297 0.00394047 0.00502397 0.00631549 0.00786278 0.00965365 0.0117417 0.0141201 0.0167557 0.0195303 0.0223482 0.0250582 0.0274634 0.0293201 0.0303871 0.0304297 0.0292392 0.0267201 0.0228136 0.0175488 0.0110233 0.00354511 -0.00456134 -0.0128736 -0.0209919 -0.0284668 -0.0349868 -0.0402265 -0.0439679 -0.0461089 -0.0466982 -0.0458486 -0.0437617 -0.0407416 -0.0370268 -0.0329091 -0.0286358 -0.024455 -0.0204873 -0.0169042 -0.0137603 -0.0110633 -0.00882145 -0.00699889 -0.00554863 -0.00440406 -0.00355488 -0.00289316 -0.00242137 -0.00209658 -0.00186013 -0.00169637 -0.00158799 -0.00152248 -0.00146667 -0.00145127 -0.00141691 -0.00139295 -0.00138825 -0.0013693 -0.00136817 -0.00135804 -0.00134849 -0.00133665 -0.00133316 -0.00132745 -0.00132408 -0.00132611 -0.00130807 -0.00130931 -0.00129646 -0.00128518 -0.00129295 -0.00127741 -0.00127855 -0.00127675 -0.00126266 -0.00126579 -0.00126175 -0.00125677 -0.00126084 -0.00125623 -0.00125144 -0.00125246 -0.00124084 -0.00123679 -0.00123819 -0.0012307 -0.00123941 -0.00123964 -0.00123752 -0.00124376 -0.00123254 -0.00123278 
0 1.29775e-05 1.11576e-05 2.63428e-05 2.89891e-05 2.66604e-05 4.4122e-05 4.04119e-05 4.95708e-05 6.76104e-05 6.03793e-05 7.94093e-05 8.49305e-05 8.05354e-05 0.000103217 0.000100466 0.00010775 0.000121917 0.000121192 0.000130778 0.000136328 0.00014887 0.000149634 0.000164413 0.000180854 0.000170103 0.000197914 0.000199909 0.000195098 0.000223936 0.000220653 0.000228109 0.000241851 0.000253373 0.000259222 0.000271693 0.000297557 0.000303266 0.000333856 0.000367893 0.000423836 0.000497405 0.000595729 0.000785227 0.00102813 0.00137304 0.00186729 0.00255486 0.00345652 0.00463811 0.0061709 0.00806681 0.0104256 0.0132481 0.0165541 0.0203264 0.0245015 0.0289359 0.0334628 0.0378912 0.0419145 0.0452976 0.0477468 0.048994 0.0487848 0.0470068 0.0435817 0.0385688 0.032186 0.0246994 0.0164406 0.00778709 -0.000806957 -0.00898159 -0.016335 -0.0225715 -0.0274817 -0.0310308 -0.033178 -0.0339985 -0.0336419 -0.0323284 -0.0302612 -0.0276837 -0.0248378 -0.0218974 -0.0190023 -0.0162718 -0.0138122 -0.0116286 -0.00973188 -0.00810502 -0.00674957 -0.00558919 -0.00460513 -0.0037569 -0.00303852 -0.00237386 -0.00176345 -0.00118397 -0.000645399 -8.03065e-05 0.000504683 0.00113154 0.00179336 0.00256445 0.00345129 0.0044925 0.00570327 0.00716584 0.00888543 0.0108856 0.0131645 0.0157426 0.0185344 0.0214374 0.0243247 0.0270491 0.0293795 0.0310732 0.0319141 0.0316718 0.0301622 0.0272762 0.0230194 0.0173921 0.0105528 0.00276101 -0.00559787 -0.0141751 -0.0225151 -0.0302267 -0.0369508 -0.0424065 -0.0463334 -0.0486353 -0.0493495 -0.0485676 -0.0465114 -0.0434434 -0.0396574 -0.0353856 -0.0309438 -0.0265336 -0.0223394 -0.018505 -0.0151221 -0.0122107 -0.00976365 -0.00778248 -0.0061702 -0.00492115 -0.00396444 -0.00323618 -0.00269252 -0.00231676 -0.00205959 -0.00185638 -0.00173761 -0.0016516 -0.00160362 -0.00156442 -0.00152958 -0.00152461 -0.00150598 -0.00149237 -0.00148183 -0.00148274 -0.00146222 -0.00145239 -0.00146254 -0.00143133 -0.00143319 -0.00143132 -0.00141038 -0.00141487 -0.00140758 -0.00140274 -0.00139421 -0.00139474 -0.00138835 -0.00137588 -0.00138653 -0.00136991 -0.00136726 -0.00137288 -0.00135315 -0.00135837 -0.00135312 -0.00134623 -0.0013551 -0.00134881 -0.00134949 -0.00134802 -0.00134125 -0.00133894 -0.00133489 -0.0013347 -0.00133475 -0.00133807 
0 3.3235e-08 2.30712e-05 1.48596e-05 2.7727e-05 4.40327e-05 3.38848e-05 5.69604e-05 6.00656e-05 5.64024e-05 8.24142e-05 7.47715e-05 8.43437e-05 0.000103217 9.48778e-05 0.00011252 0.000121085 0.000123806 0.000137974 0.000144725 0.000151028 0.00015325 0.0001712 0.00017289 0.000180354 0.0002064 0.000197118 0.00021104 0.00022609 0.000225367 0.000241862 0.000256207 0.000269331 0.000263808 0.000284887 0.00030348 0.00030556 0.000342406 0.000370659 0.000398328 0.000448951 0.000557019 0.000695568 0.000871471 0.00115433 0.00155858 0.00212938 0.00287683 0.00387573 0.00519079 0.00686091 0.00893994 0.0114805 0.0145304 0.0180646 0.0220772 0.0264707 0.0311036 0.0357981 0.040326 0.0444173 0.0477946 0.0502009 0.0513401 0.0510071 0.0490661 0.0454761 0.0403033 0.033765 0.0261345 0.0177244 0.00893038 0.000157361 -0.00821038 -0.0158214 -0.0223501 -0.0276181 -0.0315305 -0.0340539 -0.0352214 -0.0351898 -0.0341395 -0.0322598 -0.0297774 -0.0269414 -0.0239466 -0.0209363 -0.0180537 -0.0153983 -0.0130141 -0.0109105 -0.0091102 -0.00758197 -0.00627325 -0.00514275 -0.00419485 -0.00338113 -0.00264024 -0.00193706 -0.00129792 -0.000695033 -7.57181e-05 0.000596738 0.00129557 0.00204479 0.00290122 0.00391934 0.00509612 0.00646841 0.00809101 0.0100075 0.0122057 0.0146894 0.0174358 0.0203694 0.0233609 0.0262834 0.0289622 0.0311597 0.0326378 0.0331944 0.032632 0.0307662 0.0275225 0.0229012 0.0169615 0.00983967 0.00182786 -0.00673631 -0.0154736 -0.0239813 -0.0318463 -0.0387357 -0.0443516 -0.0484476 -0.0509123 -0.0517553 -0.0510834 -0.0490788 -0.046025 -0.0421789 -0.0378204 -0.0332191 -0.0286203 -0.0242086 -0.0201423 -0.0165294 -0.0133888 -0.0107522 -0.00858496 -0.00684166 -0.00545156 -0.00438554 -0.00358998 -0.00299536 -0.002559 -0.00223539 -0.00204155 -0.00190909 -0.00180139 -0.00172435 -0.00169063 -0.00167134 -0.00163415 -0.00163028 -0.00161514 -0.00159331 -0.00158442 -0.00158229 -0.00157694 -0.0015542 -0.00156029 -0.00154484 -0.00152859 -0.00153826 -0.00152429 -0.00151868 -0.00151404 -0.00150802 -0.00149644 -0.00149235 -0.00149648 -0.00147718 -0.00148494 -0.00147922 -0.0014605 -0.00147714 -0.00146196 -0.00145759 -0.00146812 -0.00144865 -0.00145497 -0.00145398 -0.00144139 -0.00145166 -0.00144403 -0.00144122 -0.00144841 -0.00143816 -0.00144205 
0 9.6377e-06 6.7949e-06 2.47386e-05 2.89057e-05 3.64614e-05 5.34728e-05 5.33067e-05 6.47111e-05 7.25265e-05 7.3833e-05 8.61805e-05 9.36635e-05 0.000100466 0.00011252 0.000120242 0.000124886 0.000136759 0.000142274 0.000150389 0.000167402 0.000173812 0.000185007 0.000191298 0.000195821 0.000203379 0.000211553 0.000232113 0.000238471 0.000251124 0.000263485 0.000263841 0.000278852 0.000300035 0.000315481 0.000320758 0.000345748 0.000359608 0.000384391 0.000450642 0.000518747 0.000610729 0.000750549 0.000989513 0.00131778 0.00176488 0.00238176 0.00322313 0.00434774 0.00577337 0.00759388 0.00984735 0.0125974 0.0158512 0.0196179 0.0238496 0.0284401 0.0332531 0.0380669 0.0426714 0.0467721 0.0501242 0.0524259 0.0534439 0.0529568 0.0508563 0.0471145 0.0418192 0.035183 0.0274585 0.0189878 0.0101152 0.00125918 -0.00724682 -0.015028 -0.0218251 -0.0274094 -0.0316931 -0.0345899 -0.0361498 -0.0364783 -0.0357472 -0.0341125 -0.0317899 -0.0290193 -0.0260073 -0.022926 -0.019911 -0.0170841 -0.0144915 -0.0121943 -0.0101986 -0.00849945 -0.00701464 -0.00574608 -0.00466837 -0.00376139 -0.00291712 -0.00213662 -0.00141216 -0.000750788 -5.05743e-05 0.000693209 0.00148917 0.00232192 0.00329408 0.00443409 0.00577398 0.00730568 0.00911336 0.0112152 0.0136248 0.0162939 0.0191974 0.0222321 0.0252829 0.0281898 0.0307652 0.0327693 0.0339765 0.0342073 0.0332759 0.0310448 0.0274288 0.022473 0.0162352 0.00890872 0.000726471 -0.00794948 -0.016789 -0.0253699 -0.0333389 -0.0403281 -0.0460663 -0.0503052 -0.0529276 -0.0539188 -0.0533681 -0.0514698 -0.0484492 -0.0446009 -0.040174 -0.0354664 -0.0306941 -0.0260956 -0.0218112 -0.0179692 -0.0146248 -0.0117842 -0.00943415 -0.0075275 -0.0060346 -0.00485421 -0.00395782 -0.003287 -0.00281533 -0.00247753 -0.00222191 -0.00204834 -0.00194452 -0.00188843 -0.00182153 -0.00178605 -0.00176344 -0.00173688 -0.00172741 -0.00172167 -0.00170928 -0.00168727 -0.00168317 -0.00167226 -0.0016661 -0.00166576 -0.00165504 -0.0016476 -0.00163238 -0.00162806 -0.00162094 -0.0016129 -0.00161452 -0.00160311 -0.00159557 -0.00159255 -0.0015848 -0.001582 -0.00158298 -0.00157571 -0.00157402 -0.00157397 -0.00156044 -0.0015622 -0.00155663 -0.00154824 -0.00155779 -0.00154869 -0.00155254 -0.00155666 -0.00154506 -0.00155346 -0.0015444 
0 1.82651e-05 1.30037e-05 3.6957e-05 3.40587e-05 3.49175e-05 5.34216e-05 4.64703e-05 6.4775e-05 7.83423e-05 8.00935e-05 0.000100354 0.000103133 0.00010775 0.000121085 0.000124886 0.000135393 0.000148732 0.000153999 0.000163987 0.000172799 0.000176207 0.000191229 0.00020169 0.000216771 0.000232553 0.000235887 0.00024887 0.000252134 0.000260851 0.000279861 0.00029073 0.00030039 0.000313724 0.000325783 0.000335428 0.00037407 0.000399003 0.000431026 0.00049126 0.000558465 0.000685818 0.000864948 0.00111628 0.00146756 0.00198226 0.00267866 0.00360291 0.00483246 0.00638585 0.00836856 0.0108061 0.0137507 0.0172143 0.0212049 0.0256425 0.0304087 0.0353712 0.0402762 0.0449134 0.048994 0.0522713 0.0544397 0.0553007 0.0546475 0.0523796 0.0485049 0.0431217 0.0364321 0.0286773 0.0202106 0.0113403 0.00246646 -0.00609543 -0.0139913 -0.0210001 -0.0268782 -0.0315092 -0.0347937 -0.0367656 -0.0374962 -0.0371247 -0.0357964 -0.0336946 -0.0310472 -0.028066 -0.0249544 -0.0218401 -0.0188586 -0.0160726 -0.0135817 -0.0113875 -0.00949865 -0.00783389 -0.00641408 -0.00519788 -0.0041723 -0.00322134 -0.00235439 -0.00154301 -0.000800307 -1.59698e-05 0.000807976 0.0017012 0.00264101 0.00373785 0.00501359 0.00651898 0.00822943 0.0102276 0.0125198 0.0151299 0.0179742 0.0210075 0.0241094 0.0271761 0.0300158 0.0324284 0.0341769 0.0350674 0.034927 0.0335994 0.0309804 0.0270055 0.0217293 0.0152414 0.00775845 -0.000515061 -0.00923926 -0.0180992 -0.0266878 -0.0346908 -0.0417317 -0.047549 -0.0519058 -0.0546834 -0.0558305 -0.0554298 -0.053663 -0.0507229 -0.0469014 -0.0424519 -0.0376663 -0.0327557 -0.0279924 -0.0235135 -0.0194552 -0.0159003 -0.0128677 -0.0103394 -0.00827115 -0.00663956 -0.00534259 -0.00436882 -0.00362806 -0.00307434 -0.00268446 -0.00241793 -0.00222929 -0.00209045 -0.00201268 -0.00194164 -0.00191185 -0.00189436 -0.00186379 -0.00184909 -0.00183436 -0.00182217 -0.00181298 -0.00181076 -0.00179324 -0.00178051 -0.00177019 -0.00175477 -0.00175518 -0.0017455 -0.00174108 -0.00173615 -0.00172172 -0.00172005 -0.00171407 -0.00170637 -0.00170841 -0.00169984 -0.00169053 -0.00169182 -0.00167487 -0.0016711 -0.00167605 -0.00166202 -0.00167483 -0.00167195 -0.00166119 -0.00167255 -0.0016523 -0.0016527 -0.00165537 -0.00163944 -0.00165705 -0.00165056 
0 1.27611e-06 1.666e-05 1.93045e-05 3.05671e-05 5.18651e-05 5.24282e-05 6.83764e-05 7.92127e-05 7.30332e-05 9.19929e-05 9.41655e-05 9.94289e-05 0.000121917 0.000123806 0.000136759 0.000148732 0.000154841 0.00016341 0.000178107 0.000190824 0.000189199 0.0002165 0.000214587 0.000214229 0.00024852 0.000236321 0.000259188 0.000281989 0.000279336 0.000301464 0.000309203 0.000328419 0.000335038 0.000356174 0.000377468 0.000388478 0.000424017 0.000462126 0.000536687 0.000608668 0.000751882 0.000968577 0.00123578 0.00165209 0.00222416 0.0030016 0.00401472 0.00536056 0.00706239 0.00919303 0.0118257 0.0149503 0.0186346 0.0228216 0.0274481 0.0323666 0.0374398 0.0424092 0.0470289 0.0510666 0.0542125 0.0562329 0.0568978 0.0560745 0.0536334 0.0496497 0.0442119 0.0375108 0.0297954 0.0213882 0.0126049 0.00377016 -0.00475843 -0.0127247 -0.0198751 -0.0260232 -0.030964 -0.0346506 -0.0370401 -0.0382114 -0.0382335 -0.0372705 -0.0354479 -0.032985 -0.0300922 -0.0269932 -0.0238204 -0.0207041 -0.0177542 -0.0150688 -0.012682 -0.0105804 -0.0087419 -0.0071507 -0.0057945 -0.00461639 -0.00356283 -0.00259046 -0.00169748 -0.000841101 2.39228e-05 0.000947269 0.00193093 0.00301085 0.00423541 0.00566999 0.00733477 0.00924959 0.0114373 0.0139298 0.0167173 0.0197261 0.0228555 0.0259926 0.0290233 0.0317427 0.033935 0.0353709 0.0359047 0.0353524 0.0336151 0.0305872 0.0262787 0.0206982 0.0140216 0.00641928 -0.00186182 -0.0105823 -0.0193795 -0.0279265 -0.0358919 -0.0429466 -0.048806 -0.0532607 -0.0561934 -0.0575032 -0.0572885 -0.0556687 -0.0528637 -0.0490899 -0.0446677 -0.039824 -0.0348158 -0.0299 -0.0252419 -0.0209871 -0.017214 -0.0139951 -0.0112676 -0.00905383 -0.00727045 -0.0058573 -0.0047836 -0.00397213 -0.003365 -0.00291128 -0.0026285 -0.00240352 -0.00225111 -0.0021602 -0.00209053 -0.00205073 -0.00200377 -0.00199024 -0.00196899 -0.00195243 -0.0019359 -0.0019255 -0.00191898 -0.00188944 -0.00190589 -0.00188813 -0.00186977 -0.00188361 -0.00185512 -0.00185066 -0.00184909 -0.00183599 -0.00182891 -0.00182409 -0.00181875 -0.0018013 -0.00180678 -0.00179617 -0.00178922 -0.00180305 -0.00178507 -0.00178744 -0.00178546 -0.00176602 -0.001772 -0.00176341 -0.00175963 -0.0017678 -0.00176283 -0.00176462 -0.00176584 -0.00175886 -0.00175625 
