0 0 0 0 0 0 0 0 0 0 0 0 0 0 0 0 0 0 0 0 0 0 0 0 0 0 0 0 0 0 0 0 0 0 0 0 0 0 0 0 0 0 0 0 0 0 0 0 0 0 0 0 0 0 0 0 0 0 0 0 0 0 0 0 0 0 0 0 0 0 0 0 0 0 0 0 0 0 0 0 0 0 0 0 0 0 0 0 0 0 0 0 0 0 0 0 0 0 0 0 0 0 0 0 0 0 0 0 0 0 0 0 0 0 0 0 0 0 0 0 0 0 0 0 0 0 0 0 0 0 0 0 0 0 0 0 0 0 0 0 0 0 0 0 0 0 0 0 0 0 0 0 0 0 0 0 0 0 0 0 0 0 0 0 0 0 0 0 0 0 0 0 0 0 0 0 0 0 0 0 0 0 0 0 0 0 0 0 0 0 0 0 0 0 0 0 0 0 0 0 
0 -6.17358e-06 8.66865e-06 -8.93985e-06 1.20578e-06 9.54045e-06 -3.98462e-06 1.45419e-05 6.73223e-06 3.35882e-07 1.25188e-05 -1.50807e-06 5.06878e-06 1.03148e-05 4.80152e-06 1.26398e-05 9.52569e-06 1.05049e-05 9.31543e-06 1.14698e-05 1.75537e-05 1.10668e-05 1.86751e-05 1.57654e-05 4.84042e-06 1.5109e-05 1.56031e-05 1.26248e-05 2.42605e-05 2.52882e-05 1.32944e-05 1.91716e-05 2.86433e-05 2.00443e-05 2.55851e-05 3.28765e-05 1.64651e-05 1.67848e-05 2.9505e-05 3.23704e-05 2.8817e-05 1.91604e-05 2.92641e-05 4.06304e-05 3.81706e-05 3.30218e-05 4.37916e-05 5.71056e-05 5.68693e-05 8.02812e-05 0.000100956 0.000134634 0.0001878 0.000259144 0.000351105 0.000475298 0.000645441 0.000835335 0.00108998 0.00138875 0.00174099 0.00213945 0.00259369 0.00306484 0.00352706 0.00396936 0.00432428 0.00457193 0.00467154 0.00462438 0.0043681 0.0039333 0.00330618 0.00251993 0.00159946 0.000638435 -0.000311518 -0.00120378 -0.00198205 -0.0026066 -0.0030494 -0.00331784 -0.00338398 -0.00330149 -0.00310029 -0.00284398 -0.00251125 -0.00216491 -0.00181815 -0.00152749 -0.00125179 -0.00102367 -0.00081697 -0.000666175 -0.00052731 -0.000426745 -0.000327292 -0.000255376 -0.000174338 -0.000116412 -4.70496e-05 8.84221e-06 8.62354e-05 0.000152792 0.000244185 0.000334243 0.000459169 0.000591961 0.000777347 0.000984259 0.00123895 0.00150758 0.00183549 0.00217475 0.00251608 0.00279233 0.00302708 0.00316148 0.00316809 0.00298133 0.00262522 0.00208413 0.00138319 0.000549444 -0.000357456 -0.00129904 -0.00222405 -0.00304306 -0.00371693 -0.0042107 -0.00453189 -0.00464436 -0.00460426 -0.00441 -0.00410218 -0.00369097 -0.00325081 -0.00278932 -0.0023382 -0.00193163 -0.00157308 -0.0012635 -0.000997173 -0.000797026 -0.000617474 -0.000484276 -0.000381717 -0.000305926 -0.000244718 -0.000207961 -0.000181907 -0.000153774 -0.000154217 -0.000144505 -0.000131733 -0.000127709 -0.000137271 -0.000137215 -0.000126272 -0.000123039 -0.000126106 -0.000140135 -0.000128877 -0.000115398 -0.000126542 -0.000124049 -0.000116729 -0.000125285 -0.000123524 -0.000109239 -0.00011362 -0.000122221 -0.000114969 -0.000119984 -0.000124138 -0.000112094 -0.000114938 -0.000116047 -0.000113715 -0.000116054 -0.000113293 -0.000114646 -0.000106081 -0.000109387 -0.000113919 -0.000105187 -0.00012036 -0.00011466 -0.000107764 -0.00011975 -0.000102029 -0.000106877 -0.000112793 -9.98646e-05 -0.000116014 -0.000111274 -0.000106677 -0.000118233 -0.000104561 -0.000110016 
0 8.66865e-06 -5.5956e-07 9.77243e-06 1.21224e-05 -2.83514e-06 9.81454e-06 3.87518e-06 -2.76212e-06 2.02789e-05 7.73522e-06 1.42802e-05 2.82036e-05 6.15395e-06 2.0214e-05 2.01826e-05 1.01223e-05 2.63391e-05 2.3253e-05 2.01592e-05 2.06811e-05 2.69652e-05 1.89612e-05 2.77518e-05 4.78703e-05 2.58696e-05 4.29019e-05 3.79935e-05 2.12826e-05 4.14569e-05 3.47263e-05 4.89287e-05 3.60677e-05 3.78925e-05 4.93127e-05 3.46195e-05 5.9633e-05 6.38232e-05 5.87698e-05 3.79226e-05 6.3895e-05 8.18694e-05 5.26033e-05 6.77024e-05 6.26521e-05 8.01762e-05 8.43509e-05 9.50777e-05 0.00011299 0.000148762 0.000209703 0.000259063 0.000383417 0.000518386 0.000712168 0.000963334 0.00129509 0.00169272 0.00218441 0.00279919 0.00348344 0.00429624 0.00518249 0.00612874 0.00704232 0.00791662 0.00862397 0.00910502 0.0093143 0.00919763 0.00870603 0.00781998 0.00659108 0.00500935 0.00320217 0.00127783 -0.00059958 -0.00238293 -0.00392445 -0.00517325 -0.00605858 -0.00659275 -0.0067383 -0.00657557 -0.00619253 -0.00567053 -0.00502671 -0.00432595 -0.00365439 -0.00305319 -0.00252031 -0.00204452 -0.00165087 -0.00132573 -0.00106659 -0.000842739 -0.000663555 -0.000497096 -0.00035547 -0.000217372 -9.87499e-05 3.51107e-05 0.000169177 0.000324696 0.000487397 0.000689629 0.00092 0.00120906 0.00155975 0.00199293 0.0024823 0.00304029 0.00367405 0.00436173 0.00502006 0.00558299 0.00603108 0.0062987 0.0062932 0.00592237 0.00520443 0.0041223 0.00272865 0.00106308 -0.000733954 -0.00261932 -0.00443912 -0.00608404 -0.00740665 -0.00840944 -0.00902743 -0.00927407 -0.00917836 -0.00880468 -0.00818254 -0.00737234 -0.00649407 -0.00556856 -0.00468127 -0.00385375 -0.00315288 -0.00251536 -0.0020031 -0.00158194 -0.00123793 -0.000965525 -0.000762858 -0.000617337 -0.000483917 -0.000427209 -0.000364113 -0.000330839 -0.000300861 -0.000289479 -0.000282041 -0.000275445 -0.000272298 -0.000237744 -0.000269606 -0.000268091 -0.000246573 -0.000236487 -0.000246211 -0.00025832 -0.000239068 -0.000253414 -0.000238372 -0.000241128 -0.00024126 -0.000241662 -0.00025761 -0.000225194 -0.000237108 -0.000234092 -0.000218291 -0.000236623 -0.000232715 -0.000228329 -0.00022441 -0.000232086 -0.000220889 -0.00022415 -0.000241908 -0.000217669 -0.000231549 -0.00022823 -0.000205153 -0.000226769 -0.000214006 -0.000214759 -0.000232645 -0.000218186 -0.000225724 -0.00022581 -0.000212951 -0.000219366 -0.000215712 -0.000211876 -0.000220136 -0.000218656 
0 -8.93985e-06 9.77243e-06 -5.72464e-06 6.03619e-06 1.53024e-05 4.24954e-06 2.45486e-05 1.56821e-05 1.23255e-05 2.33099e-05 9.55751e-06 2.02945e-05 2.36339e-05 2.22345e-05 3.21295e-05 2.74078e-05 3.27556e-05 3.10131e-05 3.42406e-05 4.34523e-05 3.76338e-05 4.58885e-05 4.4065e-05 3.47017e-05 4.35909e-05 4.9109e-05 4.77052e-05 5.97118e-05 6.62786e-05 5.1385e-05 6.09975e-05 7.2302e-05 6.3927e-05 7.44558e-05 7.98705e-05 6.53517e-05 6.74872e-05 8.29261e-05 8.66684e-05 8.72395e-05 8.01654e-05 8.87426e-05 0.000109936 0.000109872 0.000109861 0.000131814 0.000158985 0.000179643 0.000237206 0.000309771 0.000411551 0.000573672 0.000788433 0.00107192 0.00145167 0.00194801 0.00254114 0.00329209 0.00419267 0.00524005 0.00643781 0.00777267 0.00916701 0.0105398 0.0118264 0.0128752 0.0135943 0.0138943 0.0137224 0.0129765 0.0116748 0.00982709 0.007498 0.00480686 0.00196834 -0.000840264 -0.00347766 -0.00578307 -0.00764155 -0.00897763 -0.00977992 -0.0100204 -0.00980631 -0.00925209 -0.00848687 -0.00753391 -0.00651277 -0.0055088 -0.00461702 -0.00380613 -0.00310657 -0.00250257 -0.00202264 -0.00161532 -0.00129015 -0.0010037 -0.000765596 -0.000536768 -0.000342142 -0.000146399 4.17034e-05 0.000259122 0.000480691 0.000742714 0.00103481 0.0013991 0.00182552 0.0023676 0.00300358 0.00375099 0.00458048 0.00553454 0.00653857 0.00751668 0.00834489 0.00900369 0.00937555 0.0093466 0.00878585 0.00770234 0.00608898 0.00400502 0.00154115 -0.00114679 -0.00393089 -0.00664034 -0.00906174 -0.0110489 -0.0125234 -0.0134589 -0.0138218 -0.0136974 -0.0131358 -0.0122199 -0.0110278 -0.0097163 -0.00835199 -0.00702234 -0.00580589 -0.00473554 -0.00380421 -0.00302011 -0.00239595 -0.00187282 -0.00146596 -0.00115751 -0.000926007 -0.000745768 -0.0006319 -0.000548003 -0.000481643 -0.000457454 -0.000433078 -0.000406243 -0.000397153 -0.000405442 -0.00039641 -0.000385889 -0.000380009 -0.000381093 -0.000393642 -0.000381123 -0.000364325 -0.000372242 -0.000371139 -0.000358852 -0.000368819 -0.000363394 -0.000345408 -0.000352278 -0.000356381 -0.0003508 -0.000355715 -0.000357032 -0.000344186 -0.000346233 -0.000346075 -0.000341765 -0.000346248 -0.000339386 -0.000339715 -0.000332302 -0.000330501 -0.000338268 -0.00032901 -0.000342428 -0.000339859 -0.000329542 -0.000341302 -0.000323099 -0.000325356 -0.000332198 -0.000318401 -0.000334922 -0.000330342 -0.000326549 -0.000339219 -0.000322873 -0.000328554 
0 1.20578e-06 1.21224e-05 6.03619e-06 9.15569e-06 1.31344e-05 9.13128e-06 1.73698e-05 1.68816e-05 1.97217e-05 2.73758e-05 2.50498e-05 3.11075e-05 3.20314e-05 3.17056e-05 3.73687e-05 3.65898e-05 4.16835e-05 4.40665e-05 4.47816e-05 4.98503e-05 4.95721e-05 5.42524e-05 5.96176e-05 6.10892e-05 6.58034e-05 6.87773e-05 6.75319e-05 7.10146e-05 7.63363e-05 7.59412e-05 8.22772e-05 8.67722e-05 8.47998e-05 9.19199e-05 9.76479e-05 9.93167e-05 0.000106546 0.000109747 0.000109953 0.000118615 0.000122844 0.000125244 0.000134659 0.00014145 0.000151623 0.000174367 0.000202887 0.000242025 0.000315332 0.000416751 0.000560497 0.000775145 0.00106658 0.00145222 0.00196362 0.00261895 0.00342442 0.00442133 0.00561824 0.00701184 0.00860155 0.0103568 0.012191 0.0140019 0.0156763 0.0170506 0.017988 0.0183782 0.0181282 0.0171469 0.0154248 0.0129909 0.00992995 0.00641116 0.0026844 -0.0010146 -0.00448348 -0.00752492 -0.00998532 -0.0117706 -0.0128435 -0.0132045 -0.0129624 -0.0122704 -0.011268 -0.0100383 -0.00870653 -0.00739706 -0.00620086 -0.00512664 -0.00418794 -0.00338744 -0.00273012 -0.0021853 -0.00173708 -0.00135537 -0.00102508 -0.000723725 -0.000452842 -0.000193032 6.89135e-05 0.000354536 0.000662033 0.00101058 0.00141325 0.00189954 0.00248581 0.00320552 0.00405961 0.0050494 0.00616638 0.0074162 0.00872924 0.00999273 0.0110817 0.0119173 0.0123704 0.012285 0.011528 0.0100718 0.00793011 0.00517352 0.00193054 -0.00161569 -0.005276 -0.00882306 -0.0120027 -0.0146203 -0.0165683 -0.0177971 -0.0182955 -0.018136 -0.0174035 -0.016199 -0.0146481 -0.0129152 -0.011119 -0.00936778 -0.00775571 -0.00632854 -0.00509122 -0.00405126 -0.0032054 -0.00251452 -0.0019701 -0.00155596 -0.00124278 -0.0010085 -0.000850294 -0.000739061 -0.000657689 -0.000611549 -0.00058022 -0.000555602 -0.000542145 -0.000533438 -0.00052187 -0.000518794 -0.000515038 -0.000505319 -0.000503438 -0.000500409 -0.000494388 -0.000495216 -0.00049212 -0.000484175 -0.000485346 -0.000483406 -0.000478402 -0.000478973 -0.000474883 -0.000468604 -0.000467395 -0.000465228 -0.000461496 -0.000462471 -0.000459073 -0.000456205 -0.000456344 -0.000452195 -0.000454304 -0.000452273 -0.000450159 -0.000451444 -0.000444242 -0.000445229 -0.000443009 -0.000439044 -0.000444379 -0.000440151 -0.000441853 -0.00044367 -0.000437894 -0.000441525 -0.00043684 -0.000434222 -0.000438371 -0.000433255 -0.000438004 
0 9.54045e-06 -2.83514e-06 1.53024e-05 1.31344e-05 9.46416e-06 2.59485e-05 1.31011e-05 2.09981e-05 3.21449e-05 2.27486e-05 3.77187e-05 3.85943e-05 3.52178e-05 4.49824e-05 4.33419e-05 4.74856e-05 5.11907e-05 5.7525e-05 5.82066e-05 5.70778e-05 6.94267e-05 6.25444e-05 6.96331e-05 8.52801e-05 7.59339e-05 8.47165e-05 9.12557e-05 8.47928e-05 9.08407e-05 0.000102709 0.000106328 0.000100745 0.00011334 0.000116238 0.000111116 0.000130317 0.000137566 0.000134193 0.000131566 0.000145391 0.000162726 0.000157531 0.000162975 0.000176217 0.000200217 0.00022058 0.000252896 0.000316393 0.000399744 0.00053453 0.000718263 0.000988794 0.00135447 0.00184648 0.00248959 0.00330236 0.00432692 0.00556561 0.00706086 0.00879433 0.010773 0.0129297 0.0151889 0.0174167 0.0194538 0.0211336 0.0222723 0.0227439 0.0224041 0.0211971 0.0190645 0.0160734 0.0123156 0.00802436 0.00345382 -0.00109122 -0.00535706 -0.00910636 -0.0121569 -0.0143903 -0.0157434 -0.0162547 -0.0160206 -0.0152275 -0.0140116 -0.012538 -0.0109201 -0.00932773 -0.00782834 -0.00649717 -0.00531483 -0.00432013 -0.00347426 -0.00279061 -0.00220757 -0.00172949 -0.00129727 -0.000925868 -0.000569705 -0.000245947 9.90384e-05 0.000450185 0.000852765 0.00128845 0.0018132 0.00242283 0.00318094 0.00407745 0.00515589 0.00638378 0.00779153 0.0093202 0.0109228 0.0124419 0.013772 0.0147518 0.0152527 0.0150785 0.0141127 0.0122804 0.00961827 0.00621132 0.00222042 -0.00214422 -0.00663896 -0.0109697 -0.0148696 -0.0180858 -0.0204947 -0.0220034 -0.0226467 -0.022459 -0.0215724 -0.0200972 -0.0182149 -0.0160828 -0.0138727 -0.011721 -0.00972074 -0.00794519 -0.00640128 -0.0051116 -0.00403648 -0.00317944 -0.00249426 -0.00196964 -0.00157287 -0.00127986 -0.0010754 -0.000928317 -0.000837329 -0.000763056 -0.000723116 -0.000700417 -0.000683238 -0.000662913 -0.000646285 -0.000653582 -0.000648551 -0.000635302 -0.000620487 -0.000625875 -0.000630902 -0.000613005 -0.000613854 -0.0006127 -0.000601579 -0.000599249 -0.000604827 -0.000600343 -0.000584942 -0.000591384 -0.000585206 -0.000574323 -0.000585533 -0.000577949 -0.000572377 -0.000573517 -0.000568901 -0.000566904 -0.000564183 -0.000569982 -0.000561217 -0.000558847 -0.000564649 -0.000547853 -0.00055597 -0.000557447 -0.000544959 -0.000560757 -0.000551399 -0.000546288 -0.000557112 -0.000541699 -0.000547945 -0.000551004 -0.000539558 -0.000552062 -0.000545385 
0 -3.98462e-06 9.81454e-06 4.24954e-06 9.13128e-06 2.59485e-05 1.64438e-05 2.91056e-05 3.95862e-05 2.31544e-05 3.96792e-05 3.7929e-05 3.00899e-05 5.43428e-05 4.79127e-05 5.24488e-05 6.64201e-05 5.82848e-05 6.37e-05 7.18943e-05 7.77285e-05 7.5781e-05 9.00069e-05 8.87966e-05 7.47184e-05 9.98975e-05 9.16456e-05 0.000100858 0.000121433 0.000112909 0.000122856 0.000114002 0.000135675 0.000138534 0.000135064 0.000158493 0.000141618 0.000143873 0.000155843 0.000185955 0.000171727 0.000162694 0.000198763 0.0002013 0.000226481 0.000232042 0.000269246 0.000319549 0.000393002 0.000499465 0.000649023 0.000900839 0.00120735 0.0016645 0.00225549 0.00303411 0.00401358 0.00524481 0.00674446 0.00851418 0.0106063 0.0129402 0.015501 0.018148 0.0207749 0.0231423 0.0250986 0.0264263 0.0269499 0.0265321 0.0250824 0.0225794 0.0190389 0.0146558 0.00962774 0.00429258 -0.00106226 -0.00606598 -0.0105018 -0.0141174 -0.0167991 -0.0184466 -0.0191362 -0.0189582 -0.018095 -0.0167147 -0.0150179 -0.0131618 -0.0112905 -0.0095185 -0.00791337 -0.00650819 -0.00529319 -0.0042756 -0.00342247 -0.00271961 -0.00211329 -0.00159741 -0.00112805 -0.000705797 -0.000287725 0.000121401 0.000565811 0.00104415 0.00159816 0.00222959 0.00299378 0.00390705 0.00500818 0.00629153 0.00777872 0.00945024 0.0112609 0.0131087 0.0148687 0.0163925 0.0174915 0.01799 0.0176994 0.0165019 0.0142909 0.0111233 0.00708416 0.00239438 -0.00275462 -0.00801113 -0.013089 -0.017637 -0.0214399 -0.0242648 -0.0260684 -0.026838 -0.0266528 -0.0256169 -0.0239039 -0.0217151 -0.0192085 -0.016618 -0.0140694 -0.0117141 -0.00957472 -0.00775047 -0.00618889 -0.00490273 -0.00386337 -0.00304083 -0.00240264 -0.00190963 -0.00157395 -0.00129869 -0.00112902 -0.00100327 -0.000930434 -0.000872491 -0.000831629 -0.000812114 -0.00079466 -0.000809463 -0.00076665 -0.000759867 -0.000772835 -0.000773207 -0.00075462 -0.00073618 -0.000750833 -0.000728891 -0.000736206 -0.000730474 -0.000720696 -0.000714823 -0.000697733 -0.000720852 -0.000704257 -0.000703186 -0.000712257 -0.000689794 -0.000691434 -0.000691979 -0.000690507 -0.000681634 -0.000687289 -0.000680167 -0.00066199 -0.000680817 -0.000665896 -0.000666078 -0.00068528 -0.00066234 -0.000671276 -0.000670701 -0.000650394 -0.00066416 -0.000657241 -0.000651965 -0.000665496 -0.000657016 -0.000658001 -0.000664422 -0.000653343 -0.000655876 
0 1.45419e-05 3.87518e-06 2.45486e-05 1.73698e-05 1.31011e-05 2.91056e-05 1.74459e-05 3.17255e-05 3.882e-05 3.79777e-05 5.657e-05 5.05828e-05 5.72275e-05 6.0041e-05 5.69922e-05 7.06098e-05 6.72411e-05 8.00688e-05 8.34628e-05 7.87428e-05 9.41528e-05 9.06554e-05 9.99615e-05 0.000116675 0.000116689 0.000117604 0.000125203 0.000122819 0.000120149 0.00014604 0.000145079 0.000142575 0.000160269 0.00015508 0.000163421 0.000183515 0.000193222 0.000190396 0.000192679 0.000202879 0.000222978 0.000233428 0.000224701 0.00025089 0.000285698 0.000315215 0.000369959 0.000465636 0.000592134 0.000786612 0.00107494 0.0014542 0.00198778 0.00269892 0.00361002 0.00476053 0.00620995 0.00795235 0.0100201 0.0124329 0.0151347 0.0180528 0.0210812 0.0240533 0.0267284 0.0289249 0.0304089 0.0309748 0.0304566 0.0287876 0.0259088 0.0218845 0.0169035 0.0112295 0.00517264 -0.000901566 -0.0066117 -0.0116769 -0.0158479 -0.0189604 -0.0209255 -0.0218218 -0.0217414 -0.020857 -0.019352 -0.0174812 -0.0154081 -0.013297 -0.0112532 -0.00939738 -0.00774878 -0.00632857 -0.00511229 -0.0041029 -0.00324752 -0.00252612 -0.00189631 -0.00134673 -0.000828609 -0.000332909 0.000170461 0.000689813 0.00127306 0.00193047 0.00270131 0.0036063 0.00470236 0.00599225 0.0075041 0.0092294 0.0111696 0.013225 0.0153032 0.0172559 0.0189386 0.0201047 0.0205603 0.0201159 0.0186585 0.0160722 0.0124022 0.00777397 0.00240932 -0.00344481 -0.00942357 -0.0151612 -0.0203293 -0.0246482 -0.0278914 -0.0299574 -0.0308739 -0.0306874 -0.0295348 -0.027607 -0.0251349 -0.0222958 -0.0193333 -0.0164277 -0.0137037 -0.011238 -0.00910596 -0.00729648 -0.00578121 -0.00456645 -0.00360291 -0.00284615 -0.00227146 -0.00186132 -0.001549 -0.00133732 -0.00119812 -0.0010913 -0.00102381 -0.000995313 -0.00096341 -0.000925139 -0.000919661 -0.000914024 -0.000905933 -0.000889391 -0.000871807 -0.000872731 -0.000879805 -0.000865421 -0.000854174 -0.000861183 -0.000841448 -0.000842937 -0.000853803 -0.0008374 -0.000829013 -0.00082606 -0.000816058 -0.000808737 -0.000817823 -0.000808261 -0.000802155 -0.000804852 -0.000790863 -0.000797484 -0.000794596 -0.000794208 -0.000797184 -0.000782886 -0.000787224 -0.000773757 -0.000770495 -0.000779309 -0.000766666 -0.000780558 -0.000777164 -0.000769422 -0.000780763 -0.000763047 -0.000766264 -0.000768372 -0.000755002 -0.00077065 -0.00076479 
0 6.73223e-06 -2.76212e-06 1.56821e-05 1.68816e-05 2.09981e-05 3.95862e-05 3.17255e-05 4.06407e-05 4.5491e-05 4.07698e-05 5.39201e-05 5.21717e-05 6.09342e-05 7.05342e-05 7.06112e-05 8.30215e-05 8.12172e-05 8.85644e-05 9.65221e-05 9.56613e-05 0.000110051 0.000109898 0.000111886 0.000121654 0.000121714 0.000129526 0.000142787 0.000148854 0.000151599 0.000164187 0.000165176 0.000168732 0.000186609 0.000186162 0.000191625 0.000201441 0.000202083 0.000214332 0.000227511 0.000231083 0.000242781 0.000259734 0.000270816 0.000297589 0.000332938 0.000370483 0.000443893 0.000556477 0.000704755 0.000935384 0.00126933 0.00171688 0.00233314 0.00315668 0.00420573 0.00553325 0.00719359 0.00918667 0.0115448 0.0142777 0.0173243 0.020591 0.023966 0.0272518 0.030202 0.0326058 0.0342183 0.0348029 0.0341873 0.0322946 0.0290714 0.024599 0.0190884 0.0128257 0.00613053 -0.000596641 -0.00695007 -0.0126074 -0.0173036 -0.020843 -0.0231462 -0.0242819 -0.024346 -0.0234893 -0.0219221 -0.0199186 -0.0176727 -0.0153447 -0.0130615 -0.0109565 -0.00907382 -0.00743493 -0.00602478 -0.00484027 -0.00383178 -0.00297495 -0.00223328 -0.00158512 -0.000974237 -0.000383157 0.000211535 0.000824048 0.00150929 0.00228983 0.00320105 0.00426726 0.00554254 0.0070369 0.00877204 0.0107412 0.0129242 0.0152086 0.0174797 0.0195933 0.0213779 0.0225662 0.0229323 0.0223018 0.0205581 0.0175955 0.0134458 0.00826135 0.00227677 -0.00421945 -0.010839 -0.0171774 -0.0228955 -0.0276895 -0.0313131 -0.0336428 -0.0346987 -0.0345329 -0.0332884 -0.0311829 -0.0284601 -0.0253265 -0.0220312 -0.0187858 -0.0157207 -0.0129358 -0.0105087 -0.00844317 -0.00670911 -0.00530993 -0.0041985 -0.00332084 -0.00265533 -0.00216978 -0.00180497 -0.00154796 -0.00138236 -0.00125917 -0.00117499 -0.00113014 -0.00109429 -0.00106777 -0.00105688 -0.00104036 -0.00102742 -0.00102646 -0.00101702 -0.00100499 -0.00100295 -0.000988757 -0.000981277 -0.000984339 -0.000968969 -0.000961415 -0.000958807 -0.000948447 -0.000944714 -0.000947262 -0.000940525 -0.000932862 -0.000934504 -0.000923062 -0.000921656 -0.000922206 -0.000912077 -0.000914116 -0.00090375 -0.000900193 -0.000899449 -0.000891648 -0.000899871 -0.000893283 -0.000893402 -0.000895989 -0.000882791 -0.000888196 -0.000880426 -0.000874543 -0.000883694 -0.000874173 -0.000880471 -0.000883646 -0.00087411 -0.000882101 -0.000874134 
0 3.35882e-07 2.02789e-05 1.23255e-05 1.97217e-05 3.21449e-05 2.31544e-05 3.882e-05 4.5491e-05 4.40908e-05 5.9778e-05 5.81914e-05 6.19715e-05 7.33766e-05 7.49201e-05 8.0777e-05 8.81521e-05 9.54909e-05 9.46669e-05 0.000105896 0.000116079 0.000110413 0.000131062 0.000133837 0.000129018 0.000149976 0.000148348 0.000154082 0.000167102 0.000173854 0.000177653 0.000178992 0.000200353 0.000200295 0.000206034 0.000227182 0.000226324 0.000228905 0.000241785 0.000267226 0.00026501 0.000267061 0.000294266 0.000311062 0.000340322 0.000368727 0.000426857 0.000514829 0.000640662 0.000824612 0.00109025 0.00148246 0.00199842 0.00271231 0.00364637 0.00484459 0.00635519 0.00822141 0.0104719 0.0131097 0.0161564 0.0195186 0.0231187 0.0267963 0.0303583 0.0335422 0.0361141 0.0378189 0.0383957 0.0376819 0.0355614 0.0320276 0.0271479 0.0211799 0.0143907 0.00714929 -0.000155955 -0.00707962 -0.0132839 -0.0184664 -0.0224263 -0.0250835 -0.0264888 -0.026739 -0.0259628 -0.0243985 -0.0223086 -0.019934 -0.0174168 -0.0149287 -0.0125806 -0.0104731 -0.008604 -0.00700262 -0.00562415 -0.00446003 -0.00344819 -0.00259344 -0.00182646 -0.00112313 -0.000420057 0.000265241 0.000990628 0.00177816 0.00270054 0.00375426 0.00500131 0.0064537 0.00816558 0.0101178 0.0123308 0.0147268 0.017217 0.0196411 0.0218757 0.0236986 0.0248551 0.0250839 0.0242324 0.0221756 0.0188317 0.014227 0.00852078 0.00197573 -0.00509641 -0.0122706 -0.019149 -0.0253454 -0.0305704 -0.0345336 -0.0371257 -0.0383138 -0.0381886 -0.0368785 -0.0346309 -0.03169 -0.0282958 -0.0247066 -0.0211349 -0.0177536 -0.0146541 -0.0119434 -0.00961199 -0.00766713 -0.00607712 -0.00481275 -0.0038171 -0.00305313 -0.0024957 -0.00207244 -0.00177997 -0.00157347 -0.00144 -0.00134318 -0.00127688 -0.00123653 -0.00120968 -0.00120088 -0.00116645 -0.00115283 -0.00115583 -0.0011475 -0.0011284 -0.00111522 -0.00112223 -0.00110461 -0.00109836 -0.00109906 -0.0010868 -0.001078 -0.00107048 -0.00107613 -0.00105993 -0.00105475 -0.00106043 -0.00103883 -0.00104097 -0.00104123 -0.00102929 -0.00102946 -0.00102667 -0.00102136 -0.00101368 -0.00101832 -0.00101193 -0.0010037 -0.00101398 -0.000998723 -0.000997172 -0.00100467 -0.000987326 -0.000997856 -0.000997225 -0.000984232 -0.000998104 -0.000986568 -0.000982861 -0.000994502 -0.000979346 -0.000987188 
0 1.25188e-05 7.73522e-06 2.33099e-05 2.73758e-05 2.27486e-05 3.96792e-05 3.79777e-05 4.07698e-05 5.9778e-05 5.53424e-05 6.6809e-05 8.20052e-05 7.45466e-05 8.53425e-05 9.24738e-05 9.17883e-05 0.000103703 0.000114464 0.000117365 0.000120318 0.000135626 0.000131867 0.00014084 0.000165356 0.000157663 0.000172399 0.000178952 0.000175667 0.000187057 0.000195879 0.000218896 0.000209016 0.000223016 0.000238432 0.000229564 0.000257531 0.00027322 0.000281234 0.000266938 0.000293481 0.000325804 0.000324802 0.000347885 0.000367474 0.000431606 0.000489678 0.000587001 0.000734847 0.000951906 0.00127408 0.00169802 0.00231428 0.00310794 0.00417263 0.00551582 0.00721392 0.0092937 0.011787 0.0147214 0.018043 0.0217287 0.0256125 0.0295787 0.0333589 0.0367491 0.0394431 0.0412013 0.0417557 0.040922 0.0385981 0.0347602 0.0295496 0.023162 0.0159465 0.00821902 0.000444715 -0.0069995 -0.0136765 -0.0193237 -0.0236834 -0.0267185 -0.0284175 -0.0288959 -0.0282611 -0.0267604 -0.0246487 -0.0221789 -0.0195249 -0.016849 -0.0142931 -0.0119488 -0.00986835 -0.00804928 -0.00648793 -0.0051353 -0.00398097 -0.00297786 -0.00210149 -0.00127165 -0.000472721 0.000336495 0.00116457 0.00208994 0.00314116 0.00437088 0.00578811 0.00744701 0.00935959 0.0115473 0.0139744 0.016575 0.0192227 0.0217752 0.0240709 0.0258785 0.0269386 0.026988 0.0258837 0.0234866 0.0197685 0.0147235 0.00855694 0.00149514 -0.00605282 -0.0137219 -0.0210398 -0.0276751 -0.033249 -0.0375411 -0.040361 -0.0417016 -0.0416198 -0.0402845 -0.0379321 -0.0348057 -0.0312028 -0.0273401 -0.0234917 -0.0197896 -0.0164182 -0.0134064 -0.0108314 -0.00866148 -0.0068853 -0.00546342 -0.00433807 -0.00348808 -0.00282538 -0.00236656 -0.00201756 -0.00178471 -0.00161144 -0.00150519 -0.00144236 -0.00138311 -0.00134875 -0.00130825 -0.001321 -0.00130151 -0.00126962 -0.0012571 -0.00126044 -0.0012611 -0.00123073 -0.00123876 -0.00122161 -0.00120961 -0.00121304 -0.00120702 -0.00120458 -0.0011793 -0.00118448 -0.00117448 -0.00116027 -0.00117275 -0.00115919 -0.00115055 -0.00114786 -0.00114393 -0.0011357 -0.00113714 -0.00114238 -0.00112387 -0.00112929 -0.0011243 -0.00110489 -0.00111995 -0.00111053 -0.00110372 -0.00111893 -0.0011032 -0.00110407 -0.00111058 -0.00109328 -0.00110114 -0.00110048 -0.00108898 -0.00110247 -0.00109588 
0 -1.50807e-06 1.42802e-05 9.55751e-06 2.50498e-05 3.77187e-05 3.7929e-05 5.657e-05 5.39201e-05 5.81914e-05 6.6809e-05 6.4149e-05 7.91839e-05 8.06434e-05 9.45181e-05 0.000107311 0.000104762 0.000123559 0.000118002 0.000126327 0.000144463 0.000139227 0.000158522 0.000162243 0.00015941 0.000171444 0.000182429 0.000191355 0.000205435 0.000225195 0.0002148 0.000227592 0.000243254 0.000243022 0.000266662 0.000270393 0.000274861 0.00027846 0.000294225 0.000319727 0.00033124 0.000335725 0.00035028 0.000401135 0.000429188 0.000474769 0.000559138 0.000675188 0.000848664 0.00109986 0.00145999 0.00195012 0.0026429 0.00354339 0.00472011 0.00622895 0.00810981 0.0104026 0.0131482 0.0163539 0.0199606 0.0239238 0.0280904 0.032283 0.0362647 0.0398012 0.0425869 0.0443563 0.0448633 0.0439069 0.0413757 0.0372831 0.0317716 0.0250534 0.017463 0.00936278 0.00117964 -0.00668302 -0.0137942 -0.0198458 -0.0246119 -0.0280206 -0.0300505 -0.0307887 -0.0303596 -0.0289863 -0.0269132 -0.0244015 -0.0216486 -0.0188276 -0.0160782 -0.0135202 -0.0112183 -0.00918977 -0.00742032 -0.00588532 -0.00456182 -0.00341351 -0.00239371 -0.00144293 -0.000521743 0.000404378 0.00136881 0.00242913 0.00363715 0.00503626 0.00665102 0.00851025 0.0106397 0.0130443 0.0156803 0.0184482 0.0212244 0.0238566 0.0261625 0.027892 0.0287934 0.0286247 0.0272288 0.024486 0.0203803 0.0149417 0.00834598 0.00085997 -0.00710787 -0.0151607 -0.0228662 -0.0298468 -0.0357383 -0.0402996 -0.043349 -0.0448334 -0.044821 -0.0434918 -0.0410697 -0.0378123 -0.0340232 -0.0299482 -0.0258291 -0.0218569 -0.0182035 -0.0149243 -0.0120912 -0.0097062 -0.00774061 -0.00614802 -0.00490015 -0.00393887 -0.00319613 -0.0026622 -0.00226792 -0.00199215 -0.00180207 -0.00167737 -0.00157528 -0.00152196 -0.00150129 -0.00145963 -0.00143302 -0.00141808 -0.00141934 -0.00140712 -0.00139086 -0.00137084 -0.00136572 -0.00136591 -0.00134354 -0.00134807 -0.00132964 -0.00130901 -0.00131345 -0.00130854 -0.00130168 -0.00129741 -0.00129517 -0.00127456 -0.00127732 -0.00127633 -0.00126161 -0.00127129 -0.00125343 -0.00124643 -0.00124453 -0.00123131 -0.00124013 -0.00123349 -0.00123597 -0.00123561 -0.0012244 -0.00122873 -0.00121495 -0.00121387 -0.00121633 -0.00120597 -0.00121652 -0.00121227 -0.00120911 -0.00121675 -0.00120484 -0.00120796 
0 5.06878e-06 2.82036e-05 2.02945e-05 3.11075e-05 3.85943e-05 3.00899e-05 5.05828e-05 5.21717e-05 6.19715e-05 8.20052e-05 7.91839e-05 9.39884e-05 9.5403e-05 9.97334e-05 0.000111206 0.000107902 0.000129782 0.000131274 0.00013867 0.000158693 0.000149054 0.000169335 0.000180171 0.000181507 0.000202478 0.000205875 0.000208511 0.000215929 0.000229878 0.000233475 0.000249977 0.0002675 0.000262628 0.000284512 0.000293234 0.000305624 0.000327847 0.000329645 0.000343637 0.000360332 0.00037738 0.000396544 0.000432728 0.000466999 0.000523977 0.000630817 0.000758051 0.000957021 0.00125476 0.00166339 0.00222564 0.00300113 0.00401494 0.00531833 0.00699431 0.00906237 0.0115705 0.0145646 0.0180296 0.0219045 0.0261221 0.0305333 0.0349153 0.0390537 0.0426898 0.0455194 0.0472638 0.0476952 0.0466033 0.0438772 0.0395626 0.033802 0.0268185 0.0189361 0.0105484 0.0020465 -0.00615223 -0.0136269 -0.0200407 -0.0251944 -0.0289792 -0.0313589 -0.0323949 -0.0322256 -0.0310418 -0.0290704 -0.0265715 -0.0237673 -0.0208366 -0.0179232 -0.0151679 -0.012652 -0.0104071 -0.00842224 -0.00669383 -0.00519255 -0.00388123 -0.00270221 -0.00161409 -0.000562282 0.000495658 0.0016115 0.00282558 0.00420008 0.00577992 0.00760036 0.00967028 0.0120146 0.0146256 0.0174461 0.020352 0.0232153 0.0258776 0.0281332 0.0297225 0.0304066 0.0299743 0.0282577 0.0251562 0.0206681 0.014863 0.00789429 5.56824e-05 -0.00825033 -0.016607 -0.0246191 -0.0318792 -0.0380339 -0.0428275 -0.0460859 -0.0477191 -0.0477964 -0.0465024 -0.0440503 -0.0407036 -0.0367675 -0.0325119 -0.0281559 -0.0239331 -0.0200116 -0.0164741 -0.0133871 -0.0107835 -0.00862503 -0.00686406 -0.00548528 -0.00440989 -0.00358336 -0.00297813 -0.00254077 -0.00221667 -0.00199798 -0.00186071 -0.00174686 -0.00167973 -0.00163679 -0.00159981 -0.00157667 -0.00155977 -0.00153807 -0.00151891 -0.00151783 -0.00149808 -0.00149399 -0.00148488 -0.00146186 -0.001467 -0.00145819 -0.00144805 -0.00144288 -0.00143463 -0.00141696 -0.00141095 -0.00141348 -0.00139228 -0.00139773 -0.00138829 -0.00137097 -0.00137989 -0.00136551 -0.00136894 -0.00136813 -0.00135823 -0.00136013 -0.00134386 -0.00134502 -0.00133734 -0.00132945 -0.00134044 -0.00132801 -0.00133375 -0.00133546 -0.0013209 -0.00132996 -0.00131983 -0.00131492 -0.00132441 -0.00131274 -0.0013201 
0 1.03148e-05 6.15395e-06 2.36339e-05 3.20314e-05 3.52178e-05 5.43428e-05 5.72275e-05 6.09342e-05 7.33766e-05 7.45466e-05 8.06434e-05 9.5403e-05 0.000103825 0.000109069 0.000124239 0.000130013 0.000132055 0.000152472 0.000152503 0.000157877 0.000180368 0.000174685 0.000187457 0.000204312 0.000204977 0.000220806 0.000230729 0.000244994 0.0002479 0.000260598 0.000284081 0.000275874 0.00029519 0.000313444 0.000311349 0.000325397 0.000349786 0.000364076 0.000358772 0.000391255 0.00041737 0.000437164 0.000475243 0.000515426 0.00060073 0.000707138 0.000861093 0.00108759 0.00142799 0.00189123 0.00251787 0.00338966 0.00450564 0.00595589 0.00778766 0.0100527 0.0127785 0.0160142 0.0197341 0.0238562 0.0283186 0.0329274 0.0374801 0.0417242 0.0454249 0.0482482 0.04994 0.0502658 0.0490251 0.0461229 0.0416121 0.0356591 0.0284639 0.0203815 0.0117743 0.00305145 -0.0054126 -0.0131686 -0.0199137 -0.0254236 -0.0295905 -0.0323303 -0.0337077 -0.0338447 -0.032913 -0.0311082 -0.0286842 -0.0258813 -0.0228787 -0.0198399 -0.0169071 -0.0141933 -0.0117238 -0.00952427 -0.00758667 -0.00590413 -0.00440492 -0.00305746 -0.00180699 -0.000619479 0.000594296 0.0018703 0.00326474 0.00481094 0.00658916 0.00861606 0.0109108 0.0134607 0.0162668 0.0192394 0.0222543 0.0251596 0.0277986 0.0299417 0.0313312 0.0317489 0.031007 0.0289519 0.0254809 0.0206332 0.0144846 0.00721593 -0.000907645 -0.00945495 -0.0180472 -0.0262702 -0.0337517 -0.040105 -0.0451011 -0.0485384 -0.0503294 -0.0505185 -0.049288 -0.0468517 -0.0434555 -0.0394263 -0.035014 -0.0304745 -0.0260171 -0.0218575 -0.0180673 -0.0147437 -0.0119178 -0.00956131 -0.0076383 -0.00610888 -0.00492532 -0.00399455 -0.00331977 -0.00281968 -0.00245468 -0.0021979 -0.0020285 -0.00191531 -0.00182714 -0.00177684 -0.00172796 -0.00171778 -0.00169914 -0.0016626 -0.0016554 -0.00165242 -0.00163781 -0.00161199 -0.00161613 -0.00160114 -0.0015792 -0.00158266 -0.0015675 -0.00155759 -0.00154532 -0.00154298 -0.00153645 -0.00151878 -0.00152689 -0.00151285 -0.00150059 -0.00150678 -0.00149243 -0.00148538 -0.00148444 -0.00147564 -0.00146645 -0.00146658 -0.00146366 -0.00145348 -0.00146184 -0.00145438 -0.00144326 -0.00145384 -0.00143723 -0.0014354 -0.00144574 -0.00142676 -0.00143755 -0.00143888 -0.00142261 -0.00143965 -0.00142866 
0 4.80152e-06 2.0214e-05 2.22345e-05 3.17056e-05 4.49824e-05 4.79127e-05 6.0041e-05 7.05342e-05 7.49201e-05 8.53425e-05 9.45181e-05 9.97334e-05 0.000109069 0.000121194 0.000127619 0.000139549 0.000153077 0.000152309 0.000165032 0.000181006 0.000180327 0.000200087 0.000212904 0.00020922 0.000226114 0.000236896 0.00024458 0.000260212 0.000279215 0.000284872 0.000283854 0.000311627 0.000318895 0.000328466 0.000354474 0.000360237 0.000365491 0.000375293 0.000417522 0.000432865 0.000435219 0.00047 0.000519238 0.000585746 0.000651788 0.000784512 0.000966652 0.00123426 0.00161372 0.00212894 0.00285233 0.00379997 0.00505217 0.00663271 0.00864334 0.0110953 0.0140459 0.0175171 0.021466 0.0258369 0.0304912 0.0352857 0.0399455 0.0442778 0.0479717 0.0507631 0.0523568 0.0525525 0.0511534 0.0480836 0.0434222 0.0373058 0.0299876 0.0217603 0.0130404 0.00415489 -0.00445985 -0.0124501 -0.0194539 -0.0253111 -0.0298273 -0.0329551 -0.0346923 -0.0351883 -0.0345539 -0.0329847 -0.0306986 -0.0279494 -0.0249221 -0.0217917 -0.0187183 -0.0158119 -0.0131309 -0.0107023 -0.00856073 -0.00666958 -0.00498047 -0.00343266 -0.00201717 -0.00065969 0.0007122 0.00218077 0.00375836 0.00550655 0.00747949 0.00973144 0.0122417 0.0150012 0.0179713 0.0210699 0.0241506 0.0270549 0.0296095 0.0315735 0.0327115 0.0328085 0.031728 0.0292984 0.0254758 0.0202682 0.0138332 0.00630038 -0.00200317 -0.0107383 -0.019463 -0.0278458 -0.0354557 -0.0419796 -0.0471245 -0.0507316 -0.0526758 -0.0530018 -0.0518692 -0.0494741 -0.0460907 -0.0419865 -0.0374757 -0.0327599 -0.0281219 -0.0237154 -0.0197027 -0.0161394 -0.0130928 -0.0105403 -0.00844011 -0.00677293 -0.00545092 -0.00444559 -0.00366995 -0.00311484 -0.00270279 -0.00242137 -0.00221964 -0.00206902 -0.00198986 -0.00193182 -0.00188906 -0.00183266 -0.00182068 -0.00181892 -0.00179433 -0.00176872 -0.0017517 -0.00175561 -0.00173137 -0.00172432 -0.00172091 -0.00169571 -0.0016849 -0.001681 -0.00167821 -0.00166068 -0.0016573 -0.00165137 -0.0016288 -0.00163232 -0.00162769 -0.00161379 -0.00161372 -0.00160548 -0.00159308 -0.00158916 -0.00158852 -0.00158054 -0.00157791 -0.00157923 -0.00156637 -0.00156534 -0.00156539 -0.00155143 -0.00155769 -0.00155452 -0.00154413 -0.0015553 -0.00154523 -0.00154206 -0.00155167 -0.00153692 -0.00154317 
0 1.26398e-05 2.01826e-05 3.21295e-05 3.73687e-05 4.33419e-05 5.24488e-05 5.69922e-05 7.06112e-05 8.0777e-05 9.24738e-05 0.000107311 0.000111206 0.000124239 0.000127619 0.000134249 0.000149951 0.000149327 0.000172138 0.000183349 0.00018515 0.000206834 0.000205876 0.000219007 0.000238162 0.000247443 0.000259972 0.000268374 0.000277248 0.00027902 0.000303874 0.00031886 0.000329765 0.0003483 0.000349762 0.000370969 0.000383624 0.000410556 0.000429634 0.000428886 0.000449956 0.000485362 0.000530279 0.000555482 0.000625654 0.000728002 0.000872482 0.00108587 0.00138014 0.0018136 0.00239895 0.0032046 0.00425024 0.00562533 0.00736711 0.00953814 0.0121957 0.0153628 0.0190622 0.0232333 0.0278223 0.032657 0.0375805 0.0423352 0.0466899 0.050353 0.0530541 0.0545304 0.0545586 0.0529967 0.0497751 0.0449864 0.0387625 0.0313707 0.023091 0.0143133 0.00536949 -0.00333504 -0.0114653 -0.0186997 -0.0248442 -0.0297113 -0.0332148 -0.0353548 -0.0362302 -0.0359533 -0.0346719 -0.0325975 -0.0299526 -0.0269538 -0.023774 -0.0205941 -0.0175153 -0.0146298 -0.0119782 -0.00962057 -0.00751126 -0.0056102 -0.00385362 -0.00224628 -0.000702243 0.000855761 0.00252595 0.00431032 0.0062719 0.0084565 0.0109312 0.0136574 0.0166127 0.0197223 0.0229096 0.0260109 0.0288681 0.031271 0.0330005 0.0338249 0.0335738 0.0321073 0.0293034 0.0251184 0.0195994 0.0128976 0.0051853 -0.0032431 -0.0120625 -0.0208672 -0.0293148 -0.0370038 -0.043633 -0.0489028 -0.0526523 -0.0547516 -0.0552405 -0.054226 -0.0519224 -0.0485762 -0.0444607 -0.0398631 -0.035029 -0.0302192 -0.0256038 -0.0213699 -0.0175833 -0.0143189 -0.0115584 -0.00929647 -0.00746728 -0.00601907 -0.00490922 -0.00405623 -0.00343143 -0.00296425 -0.00264417 -0.00241225 -0.0022658 -0.00215076 -0.00206361 -0.00202948 -0.00199773 -0.00196504 -0.0019248 -0.00191762 -0.00190482 -0.00189268 -0.0018772 -0.0018532 -0.00185062 -0.00183162 -0.00183139 -0.00182581 -0.00180595 -0.00179358 -0.00178302 -0.00177564 -0.0017628 -0.00176641 -0.00174842 -0.00173529 -0.00173684 -0.00171682 -0.00172293 -0.00172029 -0.0017093 -0.00171114 -0.0016971 -0.00169156 -0.00168528 -0.00167854 -0.00167875 -0.00167407 -0.00167442 -0.00167115 -0.00166717 -0.0016654 -0.00166029 -0.00165887 -0.00165718 -0.00165513 -0.00165556 -0.00165483 
0 9.52569e-06 1.01223e-05 2.74078e-05 3.65898e-05 4.74856e-05 6.64201e-05 7.06098e-05 8.30215e-05 8.81521e-05 9.17883e-05 0.000104762 0.000107902 0.000130013 0.000139549 0.000149951 0.000172328 0.000163458 0.000186534 0.000193722 0.000188902 0.00022534 0.000220699 0.000234168 0.000254983 0.000251464 0.000272263 0.000286337 0.00030672 0.000314954 0.000332128 0.000342024 0.000343838 0.000373786 0.000377006 0.000402532 0.000410605 0.000416837 0.00045217 0.000462608 0.000494761 0.00052249 0.000562931 0.000610099 0.000697104 0.000816514 0.000963423 0.00121934 0.00155364 0.00203461 0.00269199 0.00357763 0.00473414 0.00623332 0.00813948 0.0104749 0.0133405 0.0167245 0.0206401 0.025027 0.0298082 0.0348009 0.0398169 0.0446355 0.0489684 0.0525623 0.0551357 0.0564606 0.0562996 0.054566 0.0512088 0.0463147 0.0400326 0.032621 0.0243623 0.0155927 0.00667431 -0.0020474 -0.0102456 -0.0176595 -0.0240442 -0.0292403 -0.0331181 -0.0356802 -0.0369627 -0.0370852 -0.0361501 -0.0343492 -0.0318705 -0.0289528 -0.0257752 -0.0225223 -0.0192997 -0.016223 -0.0133603 -0.0107759 -0.00843719 -0.00630504 -0.00433068 -0.00250552 -0.0007516 0.0010208 0.00290347 0.00491491 0.00710382 0.00951666 0.012209 0.0151449 0.0182749 0.0214993 0.024731 0.0278071 0.0305601 0.0327529 0.0341871 0.0346519 0.0340192 0.0321425 0.0289564 0.0244215 0.0186295 0.0117065 0.00388096 -0.004602 -0.0134218 -0.0222382 -0.0306747 -0.0383847 -0.045063 -0.0504297 -0.0542981 -0.0565556 -0.0572222 -0.0563583 -0.054181 -0.0509111 -0.0468289 -0.04218 -0.0372666 -0.0323118 -0.0275186 -0.0230738 -0.0190805 -0.0156009 -0.0126342 -0.0102032 -0.00820889 -0.00663275 -0.00540536 -0.00446723 -0.0037596 -0.00324596 -0.00288292 -0.00260182 -0.00243888 -0.00231238 -0.00222445 -0.00216515 -0.00212674 -0.00209743 -0.00207067 -0.00206646 -0.00202966 -0.00202256 -0.00200639 -0.00199093 -0.00199 -0.0019585 -0.00195026 -0.00193487 -0.00192469 -0.00191365 -0.00191036 -0.00190076 -0.00187507 -0.00188788 -0.00186514 -0.00185961 -0.00187075 -0.00184009 -0.00184391 -0.00183152 -0.00181519 -0.00181846 -0.00180728 -0.00181054 -0.00180476 -0.00180213 -0.00179911 -0.00178654 -0.00178971 -0.00177954 -0.00177683 -0.00178146 -0.00177041 -0.00177475 -0.00177339 -0.00176486 -0.00177211 -0.00176713 
0 1.05049e-05 2.63391e-05 3.27556e-05 4.16835e-05 5.11907e-05 5.82848e-05 6.72411e-05 8.12172e-05 9.54909e-05 0.000103703 0.000123559 0.000129782 0.000132055 0.000153077 0.000149327 0.000163458 0.00018904 0.000185212 0.000207841 0.000222644 0.00022462 0.000244639 0.000255074 0.000268883 0.000276313 0.000294791 0.000308459 0.000304667 0.000338892 0.00034826 0.00034935 0.000385797 0.00039533 0.000402423 0.000427789 0.00045338 0.000456143 0.000473386 0.000511215 0.000526646 0.000560882 0.000596472 0.000662291 0.000764079 0.00087997 0.00106903 0.00134946 0.0017434 0.00226816 0.00301122 0.00399126 0.00525648 0.00690427 0.00895677 0.0114871 0.0145398 0.0181491 0.0222598 0.02685 0.031797 0.0369068 0.0419956 0.0468176 0.0511068 0.0545709 0.0570009 0.0581218 0.0577694 0.0558487 0.052374 0.047398 0.0411016 0.0337322 0.0255486 0.0168725 0.00803992 -0.000607649 -0.00882633 -0.0163369 -0.0229316 -0.0284038 -0.032666 -0.0356371 -0.0373652 -0.0379048 -0.03738 -0.0358963 -0.0336576 -0.0308701 -0.0277555 -0.0244611 -0.0211324 -0.0178841 -0.0148276 -0.0120087 -0.00942899 -0.00705052 -0.00484685 -0.00278004 -0.000787105 0.00122655 0.00333642 0.00559124 0.00802301 0.0106784 0.0135808 0.0167135 0.0199885 0.0233028 0.0265274 0.029533 0.0321116 0.0340481 0.0351202 0.0351987 0.0341384 0.0318538 0.0282646 0.0234186 0.0173715 0.0103014 0.00240125 -0.00605066 -0.0148178 -0.0235605 -0.0319375 -0.0396038 -0.0462904 -0.0517229 -0.0556941 -0.0581172 -0.0589626 -0.0582946 -0.0562581 -0.0531199 -0.0490864 -0.0444449 -0.0394625 -0.034403 -0.0294475 -0.0248075 -0.0206169 -0.0169163 -0.0137603 -0.0111317 -0.00899115 -0.00726172 -0.00593135 -0.00489494 -0.00410646 -0.00354284 -0.00313037 -0.00282965 -0.00261725 -0.00249216 -0.00238971 -0.00232287 -0.00226968 -0.00223014 -0.0022218 -0.00218587 -0.00215692 -0.00214957 -0.00213983 -0.00210877 -0.00209904 -0.00210199 -0.00206799 -0.00206613 -0.00206287 -0.00203792 -0.00203224 -0.00202108 -0.00201253 -0.00199612 -0.00198993 -0.00198449 -0.00196115 -0.00196564 -0.00195708 -0.001943 -0.00195113 -0.00193941 -0.00193041 -0.00192738 -0.00191838 -0.00191016 -0.00190732 -0.00190811 -0.00189578 -0.00190009 -0.00189778 -0.00188302 -0.00189674 -0.00188481 -0.0018801 -0.00189443 -0.00187364 -0.00188265 
