0 0 0 0 0 0 0 0 0 0 0 0 0 0 0 0 0 0 0 0 0 0 0 0 0 0 0 0 0 0 0 0 0 0 0 0 0 0 0 0 0 0 0 0 0 0 0 0 0 0 0 0 0 0 0 0 0 0 0 0 0 0 0 0 0 0 0 0 0 0 0 0 0 0 0 0 0 0 0 0 0 0 0 0 0 0 0 0 0 0 0 0 0 0 0 0 0 0 0 0 0 0 0 0 0 0 0 0 0 0 0 0 0 0 0 0 0 0 0 0 0 0 0 0 0 0 0 0 0 0 0 0 0 0 0 0 0 0 0 0 0 0 0 0 0 0 0 0 0 0 0 0 0 0 0 0 0 0 0 0 0 0 0 0 0 0 0 0 0 0 0 0 0 0 0 0 0 0 0 0 0 0 0 0 0 0 0 0 0 0 0 0 0 0 0 0 0 0 0 0 
0 -3.21128e-06 5.44335e-06 -4.25887e-06 1.97419e-06 4.43476e-06 -3.72075e-06 8.02595e-06 -2.20354e-08 3.35635e-07 8.55333e-06 -2.79401e-06 8.08381e-06 6.14277e-06 1.13761e-06 9.85936e-06 2.42311e-07 3.09793e-06 3.70906e-06 3.18589e-06 7.71567e-06 8.19595e-06 1.42607e-05 6.33269e-06 1.15755e-05 1.04097e-05 2.93106e-06 2.02221e-05 1.82784e-05 2.54876e-05 4.70842e-05 5.73229e-05 8.54181e-05 0.000137472 0.000197805 0.000277819 0.000398458 0.000532567 0.000702388 0.000931724 0.00119481 0.0015059 0.00186422 0.00225795 0.00267434 0.00309305 0.00349562 0.00382904 0.00404572 0.00413794 0.00409789 0.00387836 0.00346801 0.00290407 0.00218868 0.00136034 0.000475397 -0.000406499 -0.00122311 -0.00192101 -0.00247859 -0.00288328 -0.00310173 -0.00316017 -0.00307185 -0.00287247 -0.00260248 -0.0023121 -0.00200192 -0.0016958 -0.00142485 -0.00119105 -0.00100046 -0.00084723 -0.000724893 -0.00061071 -0.000537191 -0.000482851 -0.000436083 -0.000380555 -0.000350277 -0.000321536 -0.000298673 -0.000270927 -0.000250874 -0.000225823 -0.00021366 -0.000201158 -0.000181274 -0.000158824 -0.000153502 -0.000147554 -0.000125754 -0.00010769 -0.000106346 -0.000101428 -7.82114e-05 -6.48742e-05 -6.53613e-05 -5.85537e-05 -3.46866e-05 -2.522e-05 -2.6116e-05 -1.57251e-05 8.13518e-06 1.51673e-05 1.53442e-05 3.04124e-05 5.32408e-05 6.03587e-05 6.4037e-05 8.37254e-05 0.000104264 0.000116511 0.00012716 0.000149797 0.000168706 0.000194394 0.000216211 0.000242094 0.000267394 0.000318054 0.00036176 0.000409387 0.000470886 0.000573224 0.000682804 0.000820235 0.000990838 0.00120526 0.00145581 0.00174828 0.00205147 0.00234329 0.00262352 0.00285028 0.00298033 0.00297643 0.00282348 0.0024873 0.0019954 0.00135694 0.000593315 -0.000252756 -0.00112318 -0.00196252 -0.00270143 -0.00329414 -0.00374962 -0.00403137 -0.00412574 -0.00406704 -0.00388893 -0.00360172 -0.00322996 -0.00281865 -0.0024037 -0.0020124 -0.00164698 -0.00133097 -0.00106637 -0.000824853 -0.000637668 -0.000498242 -0.00037714 -0.000289842 -0.000232652 -0.000179168 -0.00013996 -0.000129597 -0.000108439 -0.000100393 -0.000104321 -8.96333e-05 -8.99726e-05 -8.62816e-05 -8.2771e-05 -8.38502e-05 -8.43464e-05 -8.87691e-05 -8.24081e-05 -8.91545e-05 -8.47375e-05 -8.05699e-05 -9.00861e-05 -8.02131e-05 -8.668e-05 -8.78559e-05 -7.98456e-05 -8.7099e-05 -7.99983e-05 -8.02024e-05 -8.39851e-05 -8.01401e-05 -8.54943e-05 -8.50756e-05 -8.41822e-05 -8.54062e-05 -8.14811e-05 -8.3129e-05 
0 5.44335e-06 -4.17685e-06 7.071e-06 3.42951e-06 -2.01613e-06 1.02256e-05 -1.07776e-06 3.86088e-06 1.24151e-05 -2.72121e-06 1.23364e-05 7.30875e-06 -2.86744e-06 1.81533e-05 1.67541e-06 1.08341e-05 2.39522e-05 4.47511e-06 2.12927e-05 1.21775e-05 2.96101e-06 1.38563e-05 9.24957e-06 1.54254e-05 2.17436e-05 3.19683e-05 2.63118e-05 4.30557e-05 6.04081e-05 7.58277e-05 0.00013602 0.000186488 0.000277277 0.000390752 0.000556599 0.000779521 0.00105113 0.00143686 0.00185906 0.00238358 0.00301259 0.00372673 0.00451208 0.00535869 0.00621296 0.00695536 0.00762342 0.00808417 0.00828448 0.00816147 0.00770514 0.00692223 0.00579418 0.00437028 0.00269884 0.00096163 -0.000799142 -0.00241816 -0.00381835 -0.00492928 -0.00572918 -0.00617817 -0.0062882 -0.00613121 -0.00572385 -0.00520711 -0.00461254 -0.00400984 -0.00338967 -0.00285793 -0.00238345 -0.00200518 -0.00169634 -0.00144695 -0.00122676 -0.00107016 -0.000969163 -0.000862988 -0.000769176 -0.000692656 -0.000650461 -0.000589016 -0.000551115 -0.000494765 -0.000462287 -0.000422087 -0.00041111 -0.000358578 -0.000329551 -0.000304511 -0.00030295 -0.00025075 -0.000227112 -0.000211902 -0.000210032 -0.000157998 -0.000140814 -0.000130506 -0.00012417 -7.20158e-05 -6.09452e-05 -5.14621e-05 -3.89887e-05 1.3945e-05 2.01409e-05 3.30454e-05 5.23524e-05 0.00010604 0.000110781 0.000132726 0.000158126 0.000211725 0.000223662 0.000261382 0.000290712 0.000345643 0.000380968 0.000441497 0.000478781 0.000547961 0.000632506 0.000734701 0.000821483 0.000958062 0.00115294 0.00138014 0.0016549 0.00199701 0.00242968 0.00292407 0.00351398 0.00410391 0.00469899 0.00523552 0.00569561 0.00593273 0.00593196 0.00560526 0.00494082 0.00395629 0.00268157 0.00115762 -0.000539102 -0.00224579 -0.00391857 -0.00538919 -0.00660336 -0.0074703 -0.00801106 -0.00822286 -0.00813897 -0.00776573 -0.00714725 -0.00644286 -0.00563212 -0.00480895 -0.0040179 -0.00330683 -0.00265679 -0.00211154 -0.0016797 -0.00129307 -0.00100597 -0.000761347 -0.000588642 -0.000451502 -0.000355589 -0.000306469 -0.0002434 -0.000221416 -0.000198847 -0.000181875 -0.000176809 -0.000181408 -0.000179703 -0.000171965 -0.000187795 -0.000164956 -0.000169983 -0.00017812 -0.000156093 -0.000178628 -0.000169262 -0.00016189 -0.000176948 -0.000159467 -0.000166002 -0.000170921 -0.000162361 -0.000173473 -0.000170503 -0.00016648 -0.000170872 -0.000162623 -0.00016259 -0.000164904 -0.000161268 -0.000166455 -0.00016577 
0 -4.25887e-06 7.071e-06 -3.46617e-06 4.32601e-06 7.81362e-06 -7.7474e-07 1.35015e-05 4.27683e-06 5.93848e-06 1.51349e-05 2.97777e-06 1.68904e-05 1.36813e-05 1.0448e-05 1.93469e-05 8.20318e-06 1.38262e-05 1.19745e-05 1.53458e-05 2.11034e-05 2.17234e-05 3.30097e-05 2.14933e-05 3.00394e-05 3.05534e-05 2.3974e-05 5.17545e-05 5.95803e-05 8.41516e-05 0.000134115 0.000185061 0.000272264 0.000416836 0.000600995 0.000848068 0.00119485 0.00160844 0.00213642 0.00280596 0.00359647 0.00452977 0.00559544 0.00676894 0.00801034 0.00925528 0.0104222 0.0113988 0.012054 0.0123306 0.0121832 0.0115203 0.0103222 0.00864441 0.00652709 0.00407802 0.00146851 -0.00113695 -0.00355452 -0.00563564 -0.00730307 -0.00850545 -0.00918198 -0.00937443 -0.00914122 -0.00857279 -0.00779887 -0.00693549 -0.00602374 -0.00512268 -0.00431392 -0.00361325 -0.00303667 -0.0025713 -0.00219144 -0.00186131 -0.00162789 -0.00145789 -0.00130768 -0.00115739 -0.00105406 -0.000969827 -0.000894473 -0.000819056 -0.000751764 -0.000685583 -0.000641474 -0.000602661 -0.000543936 -0.00048677 -0.000461225 -0.000437835 -0.000380317 -0.000333349 -0.000318569 -0.00029816 -0.000240556 -0.000203547 -0.00019383 -0.000169933 -0.00011197 -8.27716e-05 -7.40077e-05 -4.28922e-05 1.57293e-05 4.03987e-05 5.24228e-05 9.32655e-05 0.000152287 0.000178121 0.000199604 0.000250789 0.000309954 0.000348295 0.000388113 0.000448331 0.000511932 0.000582522 0.000653557 0.000729312 0.000819479 0.000956129 0.00109482 0.00124381 0.00144396 0.00173793 0.00207901 0.00249621 0.00301533 0.0036575 0.00440997 0.00527079 0.00616363 0.00703256 0.00784195 0.00849204 0.00885007 0.0088199 0.00833369 0.00733199 0.00585779 0.00395366 0.0016856 -0.0008191 -0.00338794 -0.00586016 -0.00804612 -0.00982226 -0.011154 -0.0119801 -0.0122793 -0.0121254 -0.0115899 -0.0107297 -0.00964284 -0.00843409 -0.00720622 -0.00603539 -0.00495604 -0.00400576 -0.00320033 -0.00250079 -0.00193796 -0.00150497 -0.00114701 -0.000883575 -0.000695438 -0.00054344 -0.000437002 -0.000382813 -0.000330761 -0.000304092 -0.000299038 -0.000272106 -0.000269696 -0.000261458 -0.000253524 -0.000257297 -0.000254157 -0.000260771 -0.000253672 -0.000258688 -0.000255586 -0.000248629 -0.000259835 -0.000249065 -0.000255421 -0.000257321 -0.000247067 -0.000254754 -0.000245862 -0.000245605 -0.000249905 -0.000245602 -0.000252382 -0.000251671 -0.000250709 -0.000253697 -0.000249584 -0.000248083 
0 1.97419e-06 3.42951e-06 4.32601e-06 5.2403e-06 5.5305e-06 7.2026e-06 8.25108e-06 8.55617e-06 1.20443e-05 1.12856e-05 1.2884e-05 1.55132e-05 1.26535e-05 1.84644e-05 1.82309e-05 1.94071e-05 2.64358e-05 2.1501e-05 2.63328e-05 2.53638e-05 2.16898e-05 2.87149e-05 2.7269e-05 3.45105e-05 4.2635e-05 4.95308e-05 6.42477e-05 8.50516e-05 0.000119374 0.000175018 0.000261829 0.000383256 0.000564204 0.00080763 0.00114207 0.00159005 0.00215493 0.00287907 0.0037569 0.0048083 0.00605015 0.00746475 0.00902115 0.0106706 0.012315 0.0138243 0.0150975 0.0159765 0.0163466 0.0161184 0.0152278 0.0136624 0.0114481 0.00865616 0.00543027 0.00200204 -0.00142421 -0.00460998 -0.00736996 -0.00958372 -0.0111774 -0.0120983 -0.0123766 -0.0120993 -0.0113769 -0.0103825 -0.00924422 -0.0080494 -0.00686621 -0.00579424 -0.00486045 -0.0040878 -0.00345905 -0.00294227 -0.00251068 -0.00218895 -0.00195277 -0.00174517 -0.0015573 -0.00141041 -0.0012982 -0.00119293 -0.00109798 -0.00100375 -0.000923071 -0.000857834 -0.000804199 -0.000727824 -0.000661015 -0.000617986 -0.000581763 -0.000512483 -0.000457048 -0.000426787 -0.000394931 -0.000328774 -0.000282989 -0.000258807 -0.000224521 -0.000159109 -0.000120264 -9.7017e-05 -5.62991e-05 1.05257e-05 4.61192e-05 7.36599e-05 0.000123728 0.000193894 0.000232403 0.000271332 0.000332595 0.000408713 0.000462095 0.000522637 0.000597042 0.000686888 0.000776936 0.000876325 0.000977952 0.00110976 0.00128089 0.00147175 0.0016797 0.00196033 0.00234392 0.00280881 0.00337325 0.0040719 0.00492836 0.00592972 0.00706066 0.00823181 0.00937887 0.010424 0.0112546 0.0116964 0.0116313 0.010956 0.00962301 0.00766214 0.00513452 0.0021365 -0.00116429 -0.00453838 -0.00778436 -0.0106677 -0.0130263 -0.0147629 -0.0158413 -0.0162611 -0.0160792 -0.0153629 -0.0142159 -0.0127985 -0.0112176 -0.00960019 -0.00804724 -0.00662119 -0.00535208 -0.00427093 -0.00336551 -0.00261593 -0.00202413 -0.00154964 -0.00119191 -0.000926804 -0.000732676 -0.000600847 -0.000507399 -0.000444508 -0.000403923 -0.000380087 -0.000362242 -0.000358995 -0.000353324 -0.000348343 -0.000351312 -0.000341845 -0.000343447 -0.000342162 -0.000337186 -0.000342194 -0.000337512 -0.000337433 -0.000337758 -0.000333682 -0.000335201 -0.000334608 -0.000334431 -0.000336121 -0.000335635 -0.000334642 -0.000334327 -0.000332224 -0.000331279 -0.00032992 -0.000327981 -0.000331037 -0.000331841 
0 4.43476e-06 -2.01613e-06 7.81362e-06 5.5305e-06 4.88096e-06 1.41274e-05 6.08941e-06 1.32968e-05 1.65929e-05 9.93766e-06 2.17749e-05 1.65965e-05 1.69628e-05 2.58961e-05 1.82963e-05 2.59603e-05 2.8578e-05 2.58999e-05 3.22898e-05 3.20233e-05 3.28868e-05 3.46769e-05 4.12443e-05 4.20747e-05 5.03232e-05 6.73328e-05 7.50404e-05 0.000110168 0.000155978 0.000220117 0.00033539 0.00049208 0.000716345 0.00102914 0.00145695 0.00201013 0.00272476 0.00363174 0.00472333 0.00604101 0.00758596 0.0093405 0.0112655 0.0132978 0.015322 0.0171747 0.0187256 0.0198011 0.0202504 0.0199518 0.0188473 0.0169191 0.0141835 0.0107508 0.00679558 0.00258285 -0.00162707 -0.00555265 -0.00897261 -0.0117257 -0.0137114 -0.0148894 -0.0152766 -0.0149813 -0.014141 -0.0129524 -0.0115608 -0.0100973 -0.00864979 -0.0073192 -0.00615577 -0.0051825 -0.00438368 -0.00372387 -0.00319058 -0.00277475 -0.00246176 -0.00219417 -0.00196835 -0.00177657 -0.00163034 -0.00149533 -0.00137721 -0.00125822 -0.00116126 -0.00107465 -0.000999938 -0.000910813 -0.000834532 -0.000772334 -0.000716812 -0.000642474 -0.000578754 -0.000530202 -0.000481694 -0.000414596 -0.000359235 -0.000317222 -0.000269015 -0.000204164 -0.000153496 -0.000112318 -6.00944e-05 6.80733e-06 5.69991e-05 0.000103042 0.000162853 0.000236425 0.000292457 0.000350502 0.000421737 0.000508464 0.000581558 0.00066232 0.000751922 0.000864278 0.000975957 0.0011014 0.00123335 0.00140673 0.00161125 0.0018534 0.00212905 0.0024948 0.00296739 0.00355971 0.00427779 0.00516084 0.00623018 0.00747847 0.00886521 0.0103033 0.0117115 0.012972 0.0139505 0.0144526 0.0143304 0.0134545 0.0117884 0.00934596 0.00620931 0.00250944 -0.0015505 -0.00570169 -0.00968233 -0.0132259 -0.0161411 -0.018283 -0.0196161 -0.0201497 -0.0199356 -0.0190599 -0.0176618 -0.0159239 -0.0139806 -0.0119864 -0.0100623 -0.00829597 -0.00671988 -0.00536216 -0.00423562 -0.00329725 -0.00254615 -0.00195928 -0.00150977 -0.00116984 -0.000928223 -0.000763272 -0.000635811 -0.000563619 -0.000513454 -0.000474914 -0.000461604 -0.000448331 -0.000440249 -0.000435527 -0.000434871 -0.000428271 -0.000426507 -0.000430628 -0.000420665 -0.000426919 -0.000425592 -0.000417653 -0.000426591 -0.000418003 -0.00041838 -0.000423086 -0.000414705 -0.000420496 -0.000418137 -0.000414341 -0.000418222 -0.000412769 -0.000415567 -0.000417598 -0.000413552 -0.000416913 -0.00041413 
0 -3.72075e-06 1.02256e-05 -7.7474e-07 7.2026e-06 1.41274e-05 2.94014e-06 1.93193e-05 1.46751e-05 1.01531e-05 2.70873e-05 1.32407e-05 2.24055e-05 3.22708e-05 1.70003e-05 3.51047e-05 2.89154e-05 2.19629e-05 3.91383e-05 2.86512e-05 3.79739e-05 4.75782e-05 4.55206e-05 5.11174e-05 5.5576e-05 6.23331e-05 6.73292e-05 0.000103278 0.000133114 0.000188187 0.000288006 0.000403929 0.000603588 0.000877965 0.00126755 0.00177856 0.00245415 0.0033267 0.00437941 0.00571572 0.00729692 0.00913474 0.0112217 0.0135114 0.0158991 0.0182575 0.020475 0.0222747 0.023513 0.0240116 0.0236662 0.0223637 0.0200607 0.0168334 0.0127929 0.00817572 0.00320471 -0.00173296 -0.00636971 -0.0104178 -0.0137014 -0.016083 -0.0175231 -0.0180535 -0.0177598 -0.0168548 -0.0154884 -0.0138849 -0.0121583 -0.0104763 -0.00888564 -0.00750384 -0.00632108 -0.005347 -0.00454005 -0.00389807 -0.00338856 -0.00298151 -0.00266089 -0.00238325 -0.00215916 -0.00196096 -0.0018098 -0.00165099 -0.00152452 -0.00139555 -0.00130132 -0.00118776 -0.00110301 -0.00100445 -0.000934213 -0.000843946 -0.000779814 -0.000697374 -0.000638884 -0.000561212 -0.000506655 -0.000432446 -0.000379226 -0.000306692 -0.000255132 -0.000183074 -0.000130315 -5.68619e-05 -3.21478e-06 7.28903e-05 0.000129834 0.000209952 0.000271896 0.000359517 0.000426528 0.00052051 0.000600881 0.00071029 0.000798154 0.000918788 0.00103619 0.00118659 0.00132379 0.00150458 0.00170589 0.00195848 0.00224207 0.002604 0.00305221 0.0036235 0.00434374 0.00522392 0.00629871 0.00757516 0.00907196 0.0106902 0.0123908 0.0140232 0.0154863 0.0165611 0.0171047 0.0168856 0.0158053 0.0137951 0.0108782 0.00715056 0.00277811 -0.00198565 -0.0068908 -0.0115531 -0.0157227 -0.0191397 -0.0216997 -0.0232911 -0.0239228 -0.0236658 -0.0226577 -0.0210638 -0.018992 -0.0167097 -0.014359 -0.0120848 -0.0099709 -0.0081078 -0.00649067 -0.00510354 -0.00399611 -0.00308647 -0.00238305 -0.00183594 -0.00143346 -0.00113539 -0.000911813 -0.000785208 -0.000679343 -0.000620502 -0.000586692 -0.000556054 -0.000536555 -0.000526167 -0.000524291 -0.000508518 -0.000522243 -0.000515909 -0.00050559 -0.000522565 -0.000501865 -0.00050714 -0.000514598 -0.000497724 -0.000512685 -0.000506472 -0.000498127 -0.000508107 -0.000495365 -0.000497401 -0.00050303 -0.000495165 -0.000502878 -0.000500468 -0.000497453 -0.000503668 -0.000495804 -0.000497984 
0 8.02595e-06 -1.07776e-06 1.35015e-05 8.25108e-06 6.08941e-06 1.93193e-05 7.18772e-06 1.87213e-05 2.17706e-05 1.4627e-05 3.09154e-05 2.08641e-05 2.6004e-05 3.27974e-05 2.69589e-05 4.03248e-05 3.85573e-05 4.50626e-05 4.34186e-05 4.34189e-05 4.68064e-05 3.77622e-05 5.98876e-05 5.81606e-05 7.33875e-05 0.000106233 0.000112696 0.00016722 0.00023584 0.000332539 0.000502366 0.000739442 0.00105689 0.00150694 0.00211932 0.00289465 0.00391965 0.00519135 0.00672366 0.00856237 0.0106944 0.01311 0.0157377 0.0184853 0.021194 0.0236633 0.0256945 0.0271088 0.0276805 0.0272251 0.025703 0.0230838 0.0193948 0.0147913 0.00952002 0.00388581 -0.00174278 -0.00703322 -0.0116979 -0.0154873 -0.0182605 -0.0199832 -0.0206682 -0.0204335 -0.0194784 -0.0179973 -0.016187 -0.0142484 -0.0123244 -0.0105077 -0.00889474 -0.00751156 -0.00634839 -0.00539236 -0.00463727 -0.00402121 -0.00352524 -0.00313196 -0.00281678 -0.0025394 -0.0023106 -0.00211631 -0.00194136 -0.00178271 -0.00164828 -0.00151847 -0.00139232 -0.00128703 -0.00119162 -0.00108813 -0.000987101 -0.000910299 -0.000831531 -0.000741339 -0.000655558 -0.000592917 -0.00051977 -0.000435802 -0.000358263 -0.000300404 -0.000226071 -0.000142366 -6.71286e-05 -6.41803e-06 7.53051e-05 0.000164525 0.000243687 0.000316499 0.000412771 0.000513789 0.000606663 0.000705635 0.000825903 0.000949578 0.00107602 0.00122437 0.00138869 0.00156695 0.00177498 0.00202815 0.00231232 0.00266098 0.00310098 0.00364956 0.00432035 0.0051761 0.00622817 0.00749278 0.00898765 0.0107056 0.0125624 0.0144797 0.0163327 0.0179353 0.0190936 0.0196154 0.0192886 0.0179679 0.0156148 0.0122361 0.00793467 0.00292663 -0.00251902 -0.0080795 -0.0133898 -0.0181433 -0.0220736 -0.0249745 -0.0267907 -0.0275617 -0.0273082 -0.0261581 -0.02432 -0.0220037 -0.0194077 -0.0167194 -0.0141017 -0.0116709 -0.00949923 -0.00760635 -0.00603461 -0.00472549 -0.00365256 -0.00282816 -0.00218057 -0.00169113 -0.00134748 -0.00110455 -0.000915093 -0.000806154 -0.000728558 -0.00066342 -0.000653504 -0.000627951 -0.000619862 -0.000620122 -0.000606483 -0.000606332 -0.000596712 -0.00060052 -0.000593518 -0.000595128 -0.000598665 -0.00058497 -0.000594873 -0.000584448 -0.000582856 -0.000591956 -0.000581655 -0.000591922 -0.00058869 -0.000583094 -0.000588836 -0.000579633 -0.000579512 -0.000579401 -0.00057531 -0.000580865 -0.000581445 
0 -2.20354e-08 3.86088e-06 4.27683e-06 8.55617e-06 1.32968e-05 1.46751e-05 1.87213e-05 2.08462e-05 2.06466e-05 2.58282e-05 2.65203e-05 2.78306e-05 3.6051e-05 3.23264e-05 3.7693e-05 4.05025e-05 3.44099e-05 4.65344e-05 4.40118e-05 5.08571e-05 6.32819e-05 5.98558e-05 7.25602e-05 7.44968e-05 8.32645e-05 0.000106392 0.000137115 0.000194842 0.000278472 0.00040508 0.000590035 0.000863917 0.001244 0.00177802 0.00248256 0.00339126 0.00456428 0.00599621 0.00775987 0.00986137 0.0122795 0.0150036 0.0179582 0.0210134 0.0240154 0.0267788 0.0290218 0.0305472 0.0311363 0.0306252 0.0289185 0.0259661 0.0218409 0.0167261 0.0108908 0.00463177 -0.00162472 -0.00753263 -0.0127631 -0.0170479 -0.0202191 -0.0222343 -0.0231127 -0.0229689 -0.0220243 -0.0204558 -0.0184975 -0.0163607 -0.0142303 -0.0121906 -0.0103633 -0.00876863 -0.00741606 -0.006303 -0.00542135 -0.00469498 -0.00409688 -0.00363219 -0.00325901 -0.00293939 -0.00266226 -0.0024356 -0.00222516 -0.00205052 -0.00189073 -0.00174052 -0.00158537 -0.00147407 -0.0013629 -0.00124237 -0.00111705 -0.00103874 -0.000947629 -0.00084134 -0.000735854 -0.000673723 -0.000588387 -0.00048854 -0.00039498 -0.000338422 -0.000250132 -0.000150424 -6.14515e-05 -2.05691e-06 9.67755e-05 0.000202353 0.000294799 0.00036745 0.00048486 0.000602869 0.000711573 0.000813988 0.000959516 0.00110215 0.00125252 0.0014132 0.00160816 0.00181367 0.00206525 0.00235422 0.00268818 0.00309579 0.00362643 0.00427283 0.00505707 0.00605168 0.00727822 0.00874158 0.0104441 0.012381 0.0144475 0.0165727 0.0185947 0.0203163 0.0215017 0.0219747 0.0214985 0.0199349 0.0172288 0.0133952 0.0085573 0.00295834 -0.00310064 -0.00929116 -0.0151853 -0.0204624 -0.0248369 -0.0281122 -0.0301736 -0.0310375 -0.0307692 -0.0295346 -0.0275383 -0.0249568 -0.0220627 -0.0190624 -0.0161243 -0.0133798 -0.0109287 -0.00877704 -0.00695168 -0.00545709 -0.00423307 -0.00328154 -0.00254058 -0.00197945 -0.00156914 -0.00127252 -0.00106981 -0.000934964 -0.000847445 -0.000785927 -0.000753464 -0.000720195 -0.000705797 -0.000699369 -0.000685144 -0.000693397 -0.000685355 -0.000682654 -0.000686307 -0.000675519 -0.0006794 -0.00067809 -0.000674953 -0.000678692 -0.000675104 -0.000671759 -0.00067106 -0.000666322 -0.000664736 -0.000665539 -0.000662262 -0.000667892 -0.000669064 -0.000667837 -0.000671809 -0.000664518 -0.000664122 
0 3.35635e-07 1.24151e-05 5.93848e-06 1.20443e-05 1.65929e-05 1.01531e-05 2.17706e-05 2.06466e-05 2.13387e-05 3.25373e-05 2.63448e-05 3.33632e-05 3.93947e-05 3.38332e-05 4.56875e-05 4.61256e-05 4.5697e-05 5.61381e-05 5.24685e-05 5.59626e-05 6.20515e-05 6.36342e-05 7.22313e-05 8.56312e-05 0.000102327 0.000125788 0.000170955 0.000230151 0.00032763 0.000480266 0.000696148 0.00101458 0.00145255 0.00205872 0.00285329 0.00389152 0.00521896 0.00684133 0.00882989 0.0111783 0.013877 0.0169003 0.0201667 0.0235244 0.0267975 0.0297866 0.0322041 0.0338361 0.0344407 0.0338431 0.0319356 0.0286824 0.0241705 0.0185902 0.0122341 0.00542685 -0.00139249 -0.00786034 -0.0136183 -0.0183734 -0.0219387 -0.0242567 -0.0253549 -0.0253471 -0.0244511 -0.0228446 -0.0207787 -0.0184819 -0.0161625 -0.0139229 -0.0118854 -0.0100821 -0.0085365 -0.00726245 -0.00624122 -0.00539798 -0.0046963 -0.00415132 -0.00371433 -0.00334869 -0.00302599 -0.00276035 -0.00251811 -0.00232299 -0.00214022 -0.0019658 -0.00178975 -0.001665 -0.00153965 -0.00140073 -0.00125969 -0.00117029 -0.00106873 -0.000946584 -0.000828671 -0.000756572 -0.00066192 -0.000547175 -0.000443231 -0.000377163 -0.000279084 -0.000164453 -6.58206e-05 3.21243e-06 0.000113492 0.000234996 0.000338131 0.000421218 0.000552833 0.000689282 0.000812356 0.000927232 0.00109136 0.00125776 0.00143081 0.00161013 0.00183298 0.00207464 0.00236872 0.0026987 0.00308857 0.00356722 0.00419129 0.00494361 0.00585522 0.00699652 0.00840311 0.0100664 0.0119761 0.0141131 0.016375 0.0186744 0.0208272 0.0226174 0.0237902 0.0241642 0.0235049 0.0216754 0.0186102 0.0143361 0.00899136 0.00284275 -0.00377641 -0.0105156 -0.0169387 -0.0227008 -0.0274845 -0.0310813 -0.033366 -0.034346 -0.0340933 -0.0327752 -0.0306169 -0.0278194 -0.0246699 -0.0213831 -0.0181437 -0.0150987 -0.0123624 -0.00996352 -0.00791496 -0.00623278 -0.00485236 -0.0037633 -0.00291794 -0.00227821 -0.00180788 -0.00146356 -0.00123167 -0.00106422 -0.000955149 -0.000887871 -0.000842389 -0.000814819 -0.000800658 -0.000791947 -0.000778977 -0.00078092 -0.000773641 -0.000766402 -0.000773796 -0.000762416 -0.000763426 -0.00076622 -0.000753966 -0.000760401 -0.000756674 -0.000750828 -0.000758968 -0.000751341 -0.000754351 -0.000758441 -0.000748118 -0.000752912 -0.00074746 -0.000742414 -0.00074957 -0.000742953 -0.000749003 
0 8.55333e-06 -2.72121e-06 1.51349e-05 1.12856e-05 9.93766e-06 2.70873e-05 1.4627e-05 2.58282e-05 3.25373e-05 2.17545e-05 4.08482e-05 3.57557e-05 3.4813e-05 5.00386e-05 4.04046e-05 5.01029e-05 5.72529e-05 5.42317e-05 6.33502e-05 6.60499e-05 6.86899e-05 7.14646e-05 8.66744e-05 9.39157e-05 0.000112374 0.000156011 0.000187398 0.000270085 0.000388525 0.000549709 0.000814772 0.00117652 0.00167964 0.00235587 0.00326736 0.00442682 0.00589543 0.00773695 0.00992455 0.0125193 0.0154937 0.0188058 0.0223434 0.0259772 0.0295143 0.0326683 0.0352375 0.0369463 0.0375648 0.0368581 0.0347546 0.0312394 0.0263772 0.0203908 0.0135606 0.00629759 -0.00103256 -0.00799227 -0.0142418 -0.0194365 -0.0233941 -0.0260325 -0.0273753 -0.0275586 -0.0267439 -0.0251661 -0.0230279 -0.0206264 -0.0181301 -0.0157249 -0.0134755 -0.0114746 -0.00972969 -0.0082897 -0.00711356 -0.00614171 -0.00533711 -0.00469395 -0.00419191 -0.00376357 -0.00340495 -0.00308195 -0.00282104 -0.00258609 -0.00239196 -0.00217777 -0.00199972 -0.00184043 -0.00171183 -0.00154274 -0.00140464 -0.00128311 -0.00118161 -0.001035 -0.000920851 -0.000818643 -0.000725569 -0.000589138 -0.000488641 -0.000393444 -0.000297807 -0.000161899 -6.60298e-05 3.26468e-05 0.000139724 0.000284513 0.000386298 0.000500584 0.000628804 0.000793612 0.000918447 0.00106631 0.00122991 0.00143373 0.00161567 0.0018318 0.00206689 0.0023619 0.00268536 0.00307112 0.00351294 0.00408075 0.00479289 0.0056619 0.00671102 0.00800691 0.00959727 0.0114536 0.0135726 0.0158812 0.0183297 0.0207553 0.0230091 0.0248033 0.025935 0.0261533 0.0252888 0.0231685 0.0197448 0.0150509 0.00923621 0.00259763 -0.00453631 -0.0117353 -0.0186347 -0.0248191 -0.0299893 -0.0338641 -0.036359 -0.0374699 -0.0372527 -0.0358768 -0.0335661 -0.0306197 -0.0272325 -0.0236791 -0.0201607 -0.0168438 -0.0138222 -0.0111661 -0.00892277 -0.00702257 -0.00548828 -0.00426803 -0.00331497 -0.00258806 -0.00205509 -0.00167574 -0.00138493 -0.00120929 -0.0010803 -0.000989166 -0.000949442 -0.000911742 -0.000891653 -0.000879185 -0.000872881 -0.0008604 -0.000858117 -0.000861531 -0.000846056 -0.000856718 -0.000851185 -0.000839752 -0.000853546 -0.000837845 -0.00084002 -0.000848044 -0.000832913 -0.000842655 -0.000837204 -0.000829845 -0.00084025 -0.00082944 -0.00083303 -0.000836751 -0.000827067 -0.00083592 -0.000830582 
0 -2.79401e-06 1.23364e-05 2.97777e-06 1.2884e-05 2.17749e-05 1.32407e-05 3.09154e-05 2.65203e-05 2.63448e-05 4.08482e-05 3.05912e-05 4.24933e-05 4.63327e-05 4.44397e-05 5.56499e-05 5.26418e-05 5.79205e-05 5.78503e-05 6.71415e-05 7.02802e-05 7.6399e-05 9.73885e-05 8.86666e-05 0.000115297 0.00013372 0.000153148 0.000231222 0.000307867 0.000445229 0.000652796 0.000936601 0.00134304 0.00191656 0.00269128 0.00369044 0.00500537 0.00663186 0.00863157 0.0110541 0.0138932 0.0171367 0.0207038 0.0245187 0.0283817 0.0321024 0.0354521 0.0381434 0.0398803 0.0404385 0.0396675 0.0373955 0.0336153 0.0284356 0.0220952 0.014897 0.00721631 -0.000537346 -0.00794592 -0.0146107 -0.0202304 -0.0245682 -0.0275376 -0.029161 -0.0295622 -0.028895 -0.0273757 -0.0252439 -0.0227544 -0.0201402 -0.0175672 -0.0151405 -0.0129302 -0.011003 -0.00937929 -0.00804027 -0.00692984 -0.00601352 -0.00527048 -0.00468192 -0.00419871 -0.00378248 -0.00341974 -0.00311662 -0.00286061 -0.00262623 -0.0023996 -0.00219595 -0.00202334 -0.00186095 -0.0016916 -0.00153347 -0.00139991 -0.00126995 -0.00112825 -0.000995488 -0.000881649 -0.000764475 -0.000634809 -0.000515179 -0.000408512 -0.000291584 -0.000162913 -4.57655e-05 6.45174e-05 0.000191525 0.000329919 0.000456936 0.000582944 0.00073132 0.000893781 0.00104919 0.00120894 0.00139635 0.00160858 0.00182754 0.00206009 0.00233211 0.00265977 0.00303524 0.00346426 0.0039813 0.00463563 0.00544805 0.00643756 0.00763605 0.00910158 0.0108657 0.0129253 0.015226 0.0177105 0.0202934 0.0228331 0.0251123 0.0268851 0.027905 0.0279432 0.0268258 0.024407 0.0206235 0.0155175 0.00928902 0.00220813 -0.00535016 -0.0129848 -0.0202734 -0.02682 -0.0323003 -0.0364736 -0.0391856 -0.0403783 -0.0402009 -0.0388194 -0.0364406 -0.0333102 -0.0297294 -0.0259494 -0.0221714 -0.0185924 -0.0153153 -0.0124258 -0.00992232 -0.00784726 -0.00615928 -0.0047917 -0.00373929 -0.00292893 -0.00231832 -0.00187011 -0.0015736 -0.00135024 -0.00120384 -0.00112553 -0.00104033 -0.00101004 -0.000984145 -0.000959484 -0.000960613 -0.000950264 -0.00094901 -0.000940953 -0.000942433 -0.000934524 -0.000931088 -0.000939637 -0.000925473 -0.000935647 -0.00093016 -0.000919035 -0.000930341 -0.000915532 -0.000918272 -0.00092175 -0.000912012 -0.000922576 -0.000918672 -0.000916425 -0.000922716 -0.000913473 -0.000915027 
0 8.08381e-06 7.30875e-06 1.68904e-05 1.55132e-05 1.65965e-05 2.24055e-05 2.08641e-05 2.78306e-05 3.33632e-05 3.57557e-05 4.24933e-05 4.59009e-05 4.64495e-05 5.39994e-05 5.53405e-05 5.86779e-05 7.04145e-05 6.78641e-05 7.67413e-05 7.9716e-05 7.70624e-05 9.16909e-05 9.6832e-05 0.000121595 0.000153108 0.00019488 0.000266303 0.000360029 0.000516683 0.000744326 0.00107542 0.00154528 0.00218516 0.00303215 0.00415055 0.00558725 0.00737247 0.00959256 0.0122258 0.0152909 0.0187851 0.0226091 0.0266532 0.0307459 0.0346559 0.0381011 0.0408534 0.0426179 0.0431558 0.0422547 0.0397885 0.035792 0.0303627 0.0237224 0.016189 0.00818498 7.52924e-05 -0.00769701 -0.0147449 -0.0207419 -0.0254492 -0.0287554 -0.0306844 -0.0313465 -0.030861 -0.0294671 -0.0273789 -0.0248668 -0.0221544 -0.0194552 -0.0168513 -0.0144573 -0.0123407 -0.0105354 -0.00901734 -0.00776167 -0.00672666 -0.0058727 -0.00519456 -0.00463933 -0.00417066 -0.00375517 -0.00342151 -0.00312423 -0.00286198 -0.00260853 -0.00239719 -0.00219024 -0.0020086 -0.00182409 -0.00166454 -0.00149868 -0.00135508 -0.00120389 -0.00106987 -0.00092529 -0.000798921 -0.000662263 -0.000539551 -0.00040287 -0.000280117 -0.000145151 -2.21502e-05 0.000118747 0.000249064 0.000394923 0.000531715 0.000689737 0.000840518 0.00101499 0.00118545 0.00137861 0.00157258 0.00180762 0.0020495 0.00231984 0.0026167 0.00299115 0.00341068 0.0039018 0.0044949 0.00524966 0.00616673 0.00728647 0.00864835 0.0102872 0.0122334 0.0144766 0.0169605 0.0195858 0.0222877 0.02488 0.0271504 0.028831 0.0297044 0.0295114 0.0281134 0.0253713 0.0212303 0.0157497 0.00913533 0.00167454 -0.00625635 -0.0142181 -0.0218452 -0.0287154 -0.0344775 -0.0388629 -0.041758 -0.043104 -0.0429945 -0.0415905 -0.0391269 -0.0359101 -0.032173 -0.0281819 -0.0241761 -0.0203494 -0.016811 -0.0136895 -0.0109983 -0.00871612 -0.00685888 -0.00535607 -0.0041785 -0.0032789 -0.00260647 -0.00210823 -0.00175308 -0.00150216 -0.00132773 -0.00122186 -0.00114531 -0.00110961 -0.00108043 -0.0010595 -0.00105418 -0.00103527 -0.00103518 -0.00103151 -0.00102452 -0.00102835 -0.00102132 -0.00101624 -0.00101508 -0.00100952 -0.00100785 -0.00101061 -0.00100615 -0.00101085 -0.0010121 -0.00100481 -0.00100966 -0.000999202 -0.000996811 -0.000999259 -0.000990294 -0.00100107 -0.000998763 
0 6.14277e-06 -2.86744e-06 1.36813e-05 1.26535e-05 1.69628e-05 3.22708e-05 2.6004e-05 3.6051e-05 3.93947e-05 3.4813e-05 4.63327e-05 4.64495e-05 4.9668e-05 6.00893e-05 5.8665e-05 6.41714e-05 7.13273e-05 6.99354e-05 8.01774e-05 8.79161e-05 9.39519e-05 0.000108905 0.000119024 0.000137736 0.000166519 0.000214099 0.000292784 0.000411628 0.000594159 0.000856154 0.00122787 0.00175047 0.00246661 0.00340934 0.00465331 0.00622911 0.00817594 0.0105782 0.0134181 0.0167197 0.0204543 0.0245126 0.028763 0.0330298 0.0370747 0.0406206 0.0434222 0.0451611 0.0456219 0.0446066 0.04199 0.0377953 0.032138 0.0252578 0.0174802 0.00921709 0.000821054 -0.00725301 -0.014622 -0.0209605 -0.026022 -0.0296762 -0.0319365 -0.0328907 -0.0326397 -0.0314208 -0.029436 -0.0269478 -0.024186 -0.0213812 -0.0186253 -0.0160575 -0.0137589 -0.0117629 -0.0100585 -0.00864404 -0.00747792 -0.00650471 -0.00572445 -0.00508652 -0.00455345 -0.00408643 -0.00371252 -0.00337182 -0.00307253 -0.00279747 -0.00257004 -0.00233201 -0.00212313 -0.00192895 -0.0017602 -0.00156781 -0.00140327 -0.00124768 -0.00110517 -0.000936597 -0.000794279 -0.00065557 -0.000522895 -0.00036328 -0.000228299 -9.21593e-05 4.34156e-05 0.00020775 0.000347765 0.000495331 0.000648431 0.000831661 0.000991503 0.00117104 0.00136266 0.00158401 0.00179151 0.00204129 0.00231189 0.00261869 0.00294799 0.00336315 0.0038339 0.00439255 0.00507111 0.00592885 0.00695913 0.00821771 0.00974828 0.0115672 0.0136897 0.0161064 0.0187505 0.0214991 0.0242762 0.0268782 0.0290825 0.0306242 0.0312965 0.0308405 0.0291338 0.0260572 0.0215664 0.0157387 0.00879407 0.00102195 -0.00721014 -0.0154512 -0.0233373 -0.0304512 -0.0364503 -0.0410563 -0.044126 -0.0455919 -0.0455592 -0.0441986 -0.0417149 -0.038415 -0.0345434 -0.0303792 -0.0261732 -0.0221247 -0.0183554 -0.0149939 -0.0120822 -0.00960291 -0.00758149 -0.00594401 -0.00464842 -0.00365282 -0.00289758 -0.0023415 -0.00194337 -0.00166751 -0.00147616 -0.0013498 -0.00126206 -0.00120832 -0.00117072 -0.00114691 -0.00113941 -0.00112453 -0.00112176 -0.001119 -0.00110699 -0.0011104 -0.00110646 -0.00110042 -0.00110821 -0.00110022 -0.0010992 -0.00110389 -0.00108752 -0.00109152 -0.00108765 -0.00107771 -0.00109203 -0.00108274 -0.0010883 -0.00109556 -0.00108125 -0.00109212 -0.00108097 
0 1.13761e-06 1.81533e-05 1.0448e-05 1.84644e-05 2.58961e-05 1.70003e-05 3.27974e-05 3.23264e-05 3.38332e-05 5.00386e-05 4.44397e-05 5.39994e-05 6.00893e-05 5.78583e-05 6.83947e-05 7.13291e-05 7.59131e-05 7.90139e-05 8.92237e-05 9.00982e-05 9.64697e-05 0.000119544 0.000119109 0.000156334 0.000196942 0.000239017 0.000348763 0.000474566 0.000675715 0.000980893 0.0013966 0.0019785 0.00276886 0.00382159 0.00516259 0.00688858 0.00901857 0.0115927 0.0146574 0.0181831 0.0221417 0.0264008 0.0308564 0.0352738 0.0394027 0.0430178 0.045816 0.0475132 0.0478629 0.0467327 0.0439631 0.0395904 0.0337531 0.0266899 0.0187467 0.0102752 0.00168575 -0.00662864 -0.0142469 -0.0208911 -0.0262756 -0.0302797 -0.0328882 -0.0341558 -0.0341927 -0.0331857 -0.0313703 -0.0289458 -0.0261969 -0.0233023 -0.0204345 -0.0177004 -0.0152373 -0.0130426 -0.0111542 -0.00956793 -0.00825899 -0.00716271 -0.00626741 -0.00554151 -0.00492786 -0.00441767 -0.00398629 -0.00361044 -0.0032589 -0.00297527 -0.0027126 -0.00245943 -0.00220825 -0.00201709 -0.00182008 -0.00161983 -0.00141927 -0.00127083 -0.00110208 -0.000928616 -0.000755371 -0.000625527 -0.000466393 -0.000303004 -0.000140609 -1.423e-05 0.000149698 0.000317988 0.00048384 0.000621491 0.000806323 0.000995358 0.00118197 0.00135363 0.00158151 0.001814 0.00205391 0.00230457 0.00261895 0.00295239 0.00333273 0.00377814 0.00431643 0.00494588 0.00572609 0.00668813 0.00784597 0.00925603 0.0109585 0.0129665 0.0152554 0.0178412 0.0206112 0.0234716 0.0262674 0.0288414 0.0309116 0.0322761 0.032685 0.0319387 0.0298907 0.0264679 0.0216402 0.0154906 0.00826796 0.000234264 -0.0082108 -0.0166828 -0.024755 -0.0320644 -0.0382399 -0.0430377 -0.046271 -0.0478575 -0.0479267 -0.0466197 -0.0441566 -0.0407857 -0.0368355 -0.032538 -0.0281451 -0.0238877 -0.0199074 -0.0163334 -0.0131929 -0.0105482 -0.00834964 -0.0065578 -0.00515052 -0.00405352 -0.00321808 -0.00259349 -0.00216008 -0.00182873 -0.0016103 -0.0014767 -0.00135937 -0.00131083 -0.00127116 -0.0012383 -0.00123143 -0.00121724 -0.00120981 -0.00120329 -0.00120425 -0.00119415 -0.00119293 -0.00119617 -0.00118032 -0.00118763 -0.00118009 -0.00117303 -0.00118557 -0.0011732 -0.00117852 -0.0011812 -0.00116798 -0.00117586 -0.0011677 -0.00116267 -0.00117125 -0.00116247 -0.00116859 
0 9.85936e-06 1.67541e-06 1.93469e-05 1.82309e-05 1.82963e-05 3.51047e-05 2.69589e-05 3.7693e-05 4.56875e-05 4.04046e-05 5.56499e-05 5.53405e-05 5.8665e-05 6.83947e-05 6.96732e-05 7.53444e-05 8.0944e-05 9.16336e-05 9.06554e-05 0.000104564 0.000113369 0.000112806 0.000148518 0.000164351 0.000210427 0.000292011 0.000381121 0.000545711 0.000774733 0.00110798 0.00157726 0.00223516 0.00311065 0.00424448 0.00573816 0.00758735 0.00988397 0.0126687 0.0159353 0.019672 0.023825 0.0283016 0.0328904 0.0374352 0.0416582 0.0452752 0.0480199 0.0496455 0.0499262 0.0486291 0.0457077 0.0411894 0.0352363 0.028049 0.0199751 0.0113891 0.00266335 -0.00579761 -0.0136384 -0.0205184 -0.0262148 -0.0305552 -0.0335291 -0.0351384 -0.0354958 -0.0347626 -0.0331484 -0.0308666 -0.0281533 -0.0252304 -0.0222546 -0.0193998 -0.0167563 -0.0143847 -0.012294 -0.0105356 -0.00906026 -0.00783588 -0.00681402 -0.00598238 -0.00528526 -0.00471478 -0.00423025 -0.00379855 -0.0034111 -0.00309342 -0.00281024 -0.00252079 -0.00225232 -0.00203357 -0.00182837 -0.00159916 -0.00138967 -0.00121616 -0.00104395 -0.000844811 -0.000667443 -0.000514308 -0.000353034 -0.000165485 -1.7534e-06 0.000146861 0.000313528 0.000505754 0.000672271 0.000831835 0.00102159 0.00123606 0.00142609 0.00161998 0.00185759 0.00212058 0.00237359 0.00264981 0.00298692 0.00336595 0.00378658 0.00427789 0.00487798 0.00559497 0.00648065 0.00755079 0.00885054 0.0104136 0.0123011 0.014478 0.0169461 0.0196589 0.0225505 0.025463 0.028258 0.0307227 0.0326281 0.0337458 0.0338599 0.0327833 0.0303776 0.0266052 0.0214474 0.015038 0.00756485 -0.000650199 -0.00926262 -0.0178579 -0.0260743 -0.0335282 -0.0398472 -0.0447756 -0.0481451 -0.0499188 -0.050092 -0.0488489 -0.046416 -0.0430729 -0.0390539 -0.0346373 -0.0301131 -0.0256575 -0.0214765 -0.0176861 -0.0143705 -0.0115121 -0.00913681 -0.00721657 -0.00566277 -0.00447042 -0.00355544 -0.00287239 -0.00236322 -0.002012 -0.00176588 -0.0015844 -0.0014941 -0.00141154 -0.00136457 -0.00134489 -0.00131332 -0.0013062 -0.0012976 -0.00129219 -0.00128566 -0.00128594 -0.00128033 -0.0012697 -0.00127978 -0.0012662 -0.00126736 -0.00127338 -0.00125639 -0.00126847 -0.00126113 -0.00125293 -0.00126528 -0.0012499 -0.00125507 -0.00125883 -0.00124562 -0.0012586 -0.00125143 
0 2.42311e-07 1.08341e-05 8.20318e-06 1.94071e-05 2.59603e-05 2.89154e-05 4.03248e-05 4.05025e-05 4.61256e-05 5.01029e-05 5.26418e-05 5.86779e-05 6.41714e-05 7.13291e-05 7.53444e-05 8.37047e-05 8.63775e-05 9.24538e-05 0.000100356 0.000106571 0.000123367 0.000137497 0.000161979 0.00019112 0.000239455 0.00031618 0.000429901 0.000620318 0.000879476 0.00125931 0.00179056 0.00249884 0.00346114 0.00472138 0.00632829 0.00834272 0.0108223 0.0137713 0.0172347 0.0211903 0.0255393 0.0301785 0.034916 0.0395338 0.0437725 0.0473891 0.0500924 0.0516115 0.0517231 0.0502915 0.0472606 0.042625 0.0365562 0.0293034 0.0211925 0.0125486 0.00376258 -0.00479816 -0.0127733 -0.0198552 -0.0258184 -0.0304973 -0.03383 -0.0358041 -0.0365197 -0.0360967 -0.0347433 -0.0326448 -0.0300335 -0.0271059 -0.0240769 -0.0211057 -0.0183115 -0.0157537 -0.0134772 -0.0115242 -0.00987891 -0.00850861 -0.00735326 -0.00640154 -0.00561035 -0.00497265 -0.00441942 -0.00393601 -0.00350186 -0.00315308 -0.00282963 -0.00251973 -0.00222106 -0.00198266 -0.001748 -0.00151058 -0.00127681 -0.00108869 -0.000892252 -0.00068983 -0.000491402 -0.000326722 -0.00014381 4.48512e-05 0.000227748 0.000386547 0.000573913 0.000766522 0.000952112 0.00112213 0.00133271 0.00154938 0.00176125 0.00196743 0.00222783 0.0025014 0.00278439 0.00307949 0.00344951 0.00386414 0.00433822 0.00487618 0.00554703 0.00635929 0.00735668 0.00854611 0.00999052 0.0117256 0.0137844 0.0161377 0.0187574 0.0215943 0.0245554 0.0274989 0.0302261 0.032542 0.0342158 0.0350498 0.034819 0.0333831 0.0306114 0.0264838 0.0210244 0.0143732 0.00672699 -0.00161799 -0.0103207 -0.0190128 -0.0272905 -0.0348066 -0.0412356 -0.0463127 -0.0498125 -0.051698 -0.0520163 -0.0509078 -0.0485579 -0.0452126 -0.0411684 -0.0366922 -0.0320386 -0.0274302 -0.0230762 -0.0190747 -0.0155381 -0.012514 -0.00997003 -0.00788908 -0.00622461 -0.00491306 -0.00389785 -0.00315131 -0.00259501 -0.00219949 -0.00192812 -0.00173079 -0.00160486 -0.00151604 -0.00146378 -0.00143006 -0.00140891 -0.0013988 -0.00138471 -0.00137904 -0.00137139 -0.00136743 -0.00136568 -0.00136396 -0.00136161 -0.00135998 -0.00135968 -0.00135038 -0.00135171 -0.00134462 -0.00133962 -0.00134583 -0.00133633 -0.00134462 -0.0013439 -0.00133815 -0.00134735 -0.00133463 -0.00133799 
0 3.09793e-06 2.39522e-05 1.38262e-05 2.64358e-05 2.8578e-05 2.19629e-05 3.85573e-05 3.44099e-05 4.5697e-05 5.72529e-05 5.79205e-05 7.04145e-05 7.13273e-05 7.59131e-05 8.0944e-05 8.63775e-05 9.41668e-05 0.000100366 0.000110753 0.000116998 0.000129015 0.000143784 0.000169468 0.000209839 0.000273162 0.000369256 0.000501913 0.000710452 0.000999421 0.00141593 0.00200984 0.002798 0.00385414 0.00522702 0.0069565 0.00912352 0.0117775 0.0149257 0.018599 0.0227441 0.0272636 0.0320485 0.036895 0.0415739 0.0458304 0.0493876 0.0519717 0.0533676 0.0533452 0.0517644 0.0485897 0.0438568 0.0377444 0.0304864 0.0223765 0.0137406 0.00497014 -0.0036131 -0.0116673 -0.0188972 -0.0250901 -0.030081 -0.0337681 -0.0361227 -0.0372215 -0.0371483 -0.0360981 -0.0342385 -0.0317743 -0.0288953 -0.025848 -0.022792 -0.0198595 -0.0171318 -0.0146708 -0.01252 -0.0106923 -0.0091643 -0.00786361 -0.00678082 -0.00588699 -0.00516629 -0.00453672 -0.00399534 -0.003516 -0.00312257 -0.00275646 -0.00242251 -0.00209958 -0.00182944 -0.00156608 -0.00131718 -0.0010657 -0.000852045 -0.000634303 -0.000425286 -0.000211974 -2.57498e-05 0.000174185 0.000366943 0.000563331 0.000741934 0.000943983 0.00113916 0.00133873 0.00152908 0.00175337 0.00197336 0.00220292 0.00243188 0.0027079 0.00299263 0.00330333 0.00362861 0.00402767 0.00448056 0.00501015 0.00560753 0.00635405 0.00726976 0.0083865 0.00970507 0.011304 0.0132154 0.015445 0.0179603 0.02072 0.023653 0.026651 0.0295732 0.0321866 0.0342944 0.0356879 0.0361884 0.0355796 0.0337549 0.0306061 0.0261305 0.0203946 0.0135451 0.00576605 -0.00265447 -0.0113797 -0.0200888 -0.0283924 -0.035944 -0.0424252 -0.0475852 -0.05122 -0.0532723 -0.0537407 -0.0527427 -0.0504985 -0.0472275 -0.0431957 -0.0386769 -0.033925 -0.0291745 -0.0246549 -0.0204834 -0.0167621 -0.0135538 -0.010833 -0.00859304 -0.00680138 -0.00538067 -0.00428205 -0.00345966 -0.00283626 -0.00238993 -0.00207824 -0.00185952 -0.00172063 -0.00162644 -0.00156699 -0.00152642 -0.00150049 -0.0014846 -0.00147458 -0.00146906 -0.00146485 -0.00146085 -0.00145336 -0.00145323 -0.00144054 -0.00143777 -0.00144007 -0.00142821 -0.00144239 -0.00143556 -0.00143282 -0.00144315 -0.00142176 -0.00143106 -0.00142345 -0.00141198 -0.00142921 -0.00141276 -0.0014253 
