0 0 0 0 0 0 0 0 0 0 0 0 0 0 0 0 0 0 0 0 0 0 0 0 0 0 0 0 0 0 0 0 0 0 0 0 0 0 0 0 0 0 0 0 0 0 0 0 0 0 0 0 0 0 0 0 0 0 0 0 0 0 0 0 0 0 0 0 0 0 0 0 0 0 0 0 0 0 0 0 0 0 0 0 0 0 0 0 0 0 0 0 0 0 0 0 0 0 0 0 0 0 0 0 0 0 0 0 0 0 0 0 0 0 0 0 0 0 0 0 0 0 0 0 0 0 0 0 0 0 0 0 0 0 0 0 0 0 0 0 0 0 0 0 0 0 0 0 0 0 0 0 0 0 0 0 0 0 0 0 0 0 0 0 0 0 0 0 0 0 0 0 0 0 0 0 0 0 0 0 0 0 0 0 0 0 0 0 0 0 0 0 0 0 0 0 0 0 0 0 
0 -2.08899e-06 3.24277e-06 -5.15777e-06 1.35959e-06 1.12993e-06 -2.12753e-06 7.70722e-06 5.57145e-07 4.32397e-06 7.12623e-06 -1.91408e-06 7.38112e-06 4.70356e-06 6.58204e-06 2.44626e-05 2.794e-05 5.27049e-05 8.35266e-05 0.000112384 0.000176504 0.000244756 0.000341819 0.000478514 0.000635415 0.000841391 0.00108388 0.00136882 0.00169444 0.00206023 0.00245024 0.00283854 0.00321632 0.00352196 0.00374217 0.00384141 0.00379449 0.00358966 0.00322441 0.00270897 0.00203022 0.0012703 0.000438931 -0.000395829 -0.00115123 -0.00180764 -0.00233033 -0.00269812 -0.0028904 -0.00295129 -0.0028501 -0.00264824 -0.00238727 -0.00210238 -0.00181317 -0.00151795 -0.00126344 -0.00104535 -0.000876341 -0.000719286 -0.000616695 -0.000522626 -0.00044629 -0.000388121 -0.00034836 -0.000308774 -0.000268892 -0.000241191 -0.000206923 -0.000196679 -0.000167968 -0.000144553 -0.000117439 -0.000117025 -9.0174e-05 -7.41737e-05 -5.48693e-05 -4.79495e-05 -3.06771e-05 -2.07369e-05 -1.71897e-06 9.1588e-06 1.29393e-05 2.66426e-05 4.43546e-05 5.14637e-05 4.93886e-05 7.01622e-05 8.01393e-05 8.35898e-05 8.35079e-05 0.000106357 0.000106635 0.000110916 0.000114301 0.000133816 0.000127309 0.00013516 0.000140035 0.000153976 0.000144321 0.000156305 0.000160656 0.000168408 0.000158734 0.000174827 0.000176546 0.000178153 0.000172347 0.000191049 0.000187672 0.000185541 0.000187338 0.000203647 0.000195714 0.000194878 0.000203395 0.000211628 0.000206655 0.000208821 0.000217767 0.000219973 0.000227162 0.000225567 0.000233062 0.000239207 0.00025688 0.000247771 0.000262077 0.000274843 0.000295277 0.000294016 0.000317037 0.000332494 0.000363899 0.000391066 0.000418668 0.00045989 0.000526882 0.000605455 0.000684694 0.000817133 0.000972646 0.00117255 0.00139418 0.00166486 0.00194723 0.0022365 0.00249234 0.00270588 0.002838 0.0028203 0.00267542 0.00236625 0.001897 0.00127752 0.000564948 -0.000240078 -0.00105985 -0.00182592 -0.00252161 -0.00307514 -0.00348241 -0.00372209 -0.00381333 -0.00375053 -0.00356456 -0.00329087 -0.00293987 -0.00256451 -0.00218084 -0.00181864 -0.00148302 -0.00119723 -0.000950779 -0.000737023 -0.000579284 -0.000434186 -0.000328637 -0.000254659 -0.000184187 -0.000151323 -0.000122337 -9.85579e-05 -9.55841e-05 -8.17454e-05 -7.6595e-05 -7.77966e-05 -6.83016e-05 -7.14682e-05 -7.05639e-05 -6.65269e-05 -7.21722e-05 -6.79517e-05 -6.92629e-05 -7.09933e-05 -6.72652e-05 -7.09729e-05 -6.95201e-05 -6.91635e-05 
0 3.24277e-06 -1.88448e-07 5.06237e-06 4.64996e-06 -1.78591e-07 5.80232e-06 -3.36925e-06 3.4374e-07 4.09575e-06 -2.57545e-06 1.52036e-05 1.02703e-05 2.00456e-05 3.61273e-05 3.46319e-05 6.98366e-05 9.54175e-05 0.000147493 0.000234827 0.00033894 0.000497455 0.00069727 0.000958215 0.00127709 0.00168767 0.00216928 0.00273566 0.00341242 0.00411781 0.00490126 0.005682 0.00639213 0.00702542 0.00745992 0.00765648 0.00757289 0.0071718 0.00642673 0.0053879 0.0040735 0.00253482 0.00090348 -0.000745004 -0.00227328 -0.00359709 -0.00462775 -0.00534588 -0.00576214 -0.00585779 -0.00568112 -0.0053042 -0.00478745 -0.00418058 -0.00360602 -0.00306543 -0.00254266 -0.00208648 -0.00172598 -0.00145059 -0.00122853 -0.00103592 -0.000868394 -0.000763504 -0.000680977 -0.000595292 -0.000518291 -0.000454394 -0.000399276 -0.000361508 -0.000318797 -0.000257488 -0.000220687 -0.000200398 -0.000163567 -0.000118693 -9.22208e-05 -6.71906e-05 -4.16777e-05 -1.51635e-05 1.77979e-05 4.11615e-05 5.08637e-05 7.5683e-05 0.000113124 0.000122789 0.000128468 0.000159219 0.000188012 0.000186493 0.000199266 0.000229672 0.000244241 0.000241304 0.000261723 0.000284219 0.000288009 0.000289745 0.00031315 0.000324961 0.000323318 0.000331551 0.000353725 0.000354531 0.000352253 0.000367665 0.000384341 0.000375066 0.000378123 0.000399194 0.000405182 0.000391329 0.00040491 0.000424819 0.000419469 0.000411781 0.00043254 0.000444006 0.000438121 0.00044212 0.000457269 0.000466172 0.00047396 0.000479959 0.000485411 0.000509298 0.000528947 0.000529582 0.0005421 0.000581816 0.000605544 0.000622249 0.000653893 0.00069378 0.000744033 0.000807579 0.000867741 0.000940146 0.00106597 0.00122316 0.0014163 0.00165009 0.00194737 0.00234241 0.00283608 0.0033505 0.00388092 0.00445778 0.0049935 0.00541381 0.00564778 0.00563612 0.00531546 0.00469629 0.00377294 0.00256363 0.00111412 -0.000490806 -0.00210471 -0.00366111 -0.00502133 -0.00611786 -0.00693328 -0.00743301 -0.00760352 -0.007492 -0.007137 -0.00655183 -0.00587778 -0.0051217 -0.00435078 -0.00364486 -0.00297297 -0.00239381 -0.00189505 -0.00147869 -0.00113669 -0.000872246 -0.000668014 -0.000501806 -0.000399935 -0.000303475 -0.000246075 -0.000210415 -0.00017026 -0.000165941 -0.000148449 -0.000145356 -0.000146508 -0.000139412 -0.000144473 -0.000138262 -0.000141392 -0.000138344 -0.000138168 -0.000140841 -0.000135362 -0.000140793 -0.000136379 -0.000139144 
0 -5.15777e-06 5.06237e-06 -6.57091e-06 3.16379e-06 3.06436e-06 -8.40328e-07 1.3664e-05 3.74e-06 1.03737e-05 1.41142e-05 3.74977e-06 1.88528e-05 1.94479e-05 3.11388e-05 6.74587e-05 9.39236e-05 0.000158308 0.00024572 0.000351227 0.000529004 0.000746993 0.00104373 0.00144347 0.00192513 0.00253695 0.00326441 0.0041179 0.00509632 0.00618072 0.00733779 0.00849436 0.00959303 0.0105058 0.0111527 0.0114425 0.0113044 0.0106961 0.00960854 0.00806787 0.00608201 0.00381906 0.00137033 -0.00108688 -0.00334213 -0.00529743 -0.00685286 -0.0079489 -0.00855225 -0.00872889 -0.00846356 -0.00789166 -0.00712912 -0.00627826 -0.00541532 -0.00455877 -0.00379118 -0.00313108 -0.00260242 -0.00214817 -0.00181687 -0.00152977 -0.00129415 -0.00111677 -0.000985733 -0.000861826 -0.000743686 -0.000649785 -0.00055593 -0.000504593 -0.000425476 -0.000348922 -0.000277352 -0.00025132 -0.000183417 -0.000127906 -7.39345e-05 -4.09454e-05 5.78832e-06 4.37603e-05 9.62417e-05 0.000131589 0.000151787 0.000191987 0.000241118 0.000264802 0.000273516 0.000323289 0.000356311 0.000369529 0.000381557 0.000432123 0.000444849 0.000457146 0.000474909 0.000516397 0.000514286 0.000531635 0.000550969 0.000579457 0.000569614 0.00059359 0.000610364 0.000625066 0.000613748 0.00064471 0.000654707 0.000656255 0.000651155 0.000686725 0.00068509 0.000678915 0.000687296 0.000718658 0.000706346 0.000703213 0.000723353 0.000740792 0.00073228 0.00073685 0.000756725 0.000765602 0.000779236 0.000780119 0.000796522 0.000817346 0.000852361 0.0008437 0.000874164 0.000913575 0.000960099 0.000972941 0.00102716 0.0010802 0.00116266 0.00124507 0.0013331 0.00145788 0.00164926 0.00188204 0.00214507 0.00252602 0.00299388 0.00358506 0.00426712 0.00505676 0.00588539 0.00672897 0.00748881 0.00810097 0.00845345 0.0083991 0.00793582 0.0070009 0.0055984 0.00376691 0.00162873 -0.000750554 -0.00317127 -0.00545593 -0.00750144 -0.00914772 -0.0103558 -0.0110818 -0.0113496 -0.0111749 -0.0106335 -0.00981186 -0.00878494 -0.00766882 -0.00653212 -0.00545451 -0.0044601 -0.00359869 -0.00285747 -0.00222731 -0.00173471 -0.00131531 -0.000998427 -0.000765026 -0.000572786 -0.000457082 -0.000369862 -0.00030469 -0.000278784 -0.000247061 -0.000230297 -0.000227726 -0.000210602 -0.000213467 -0.000211431 -0.000204248 -0.000213212 -0.000205576 -0.000208235 -0.000210534 -0.000205226 -0.000211214 -0.000204933 -0.000208658 
0 1.35959e-06 4.64996e-06 3.16379e-06 4.66303e-06 3.18936e-06 4.32363e-06 3.88439e-06 3.68675e-06 8.34003e-06 8.90574e-06 1.80111e-05 2.51568e-05 3.71295e-05 5.89444e-05 8.5096e-05 0.000135381 0.000207113 0.000317738 0.000479339 0.000704649 0.00101152 0.00141497 0.00193881 0.00258801 0.00339964 0.00436773 0.00550417 0.00681559 0.00824335 0.00977162 0.0113003 0.012722 0.0139329 0.0147826 0.0151627 0.0149831 0.0141824 0.0127365 0.0106905 0.00810079 0.00510676 0.00189705 -0.00132588 -0.0043211 -0.00691866 -0.00897542 -0.0104262 -0.0112587 -0.0114908 -0.0111812 -0.0104619 -0.00946919 -0.00832943 -0.007186 -0.0060832 -0.00505786 -0.00416222 -0.00343146 -0.00284577 -0.00238123 -0.00198919 -0.00166284 -0.00142452 -0.00123772 -0.00106585 -0.000907197 -0.00077203 -0.000654771 -0.0005658 -0.000466892 -0.000358108 -0.000272445 -0.000213436 -0.000135367 -5.30826e-05 1.38366e-05 7.04761e-05 0.000127617 0.000186815 0.000251424 0.000302257 0.000337308 0.000390596 0.000452028 0.000486542 0.000512238 0.000567168 0.000614339 0.000634808 0.000662753 0.000713461 0.00074202 0.000757641 0.000789136 0.000828356 0.000842272 0.000859119 0.000890094 0.000915186 0.000920286 0.000940506 0.00096705 0.000978018 0.000979693 0.00100427 0.00102255 0.00102088 0.00102566 0.00105345 0.00105924 0.0010508 0.0010646 0.00108967 0.00108365 0.00107905 0.00110021 0.00111658 0.00111071 0.00111578 0.0011345 0.0011489 0.00115905 0.00116661 0.00118124 0.0012122 0.00124116 0.00124811 0.00127605 0.00132998 0.00137716 0.00141093 0.0014691 0.00154411 0.00164259 0.00175473 0.00187809 0.00204071 0.00228557 0.002596 0.00297541 0.00346075 0.00407837 0.00486239 0.00579571 0.0068195 0.0078923 0.00899306 0.00999955 0.0107846 0.0112053 0.0111281 0.0104757 0.00922124 0.00736495 0.00495448 0.00210443 -0.00103153 -0.0042151 -0.00724628 -0.00992445 -0.0120983 -0.0136985 -0.0146755 -0.0150306 -0.0148154 -0.014112 -0.0130119 -0.0116721 -0.0101956 -0.00869475 -0.00727423 -0.00595855 -0.00480531 -0.00381368 -0.00298105 -0.00230561 -0.00176464 -0.00134581 -0.00102505 -0.000791533 -0.000617643 -0.000498729 -0.000416943 -0.000359867 -0.000329323 -0.000304727 -0.000295401 -0.000287732 -0.00028297 -0.000283161 -0.000278124 -0.000280668 -0.00027731 -0.000277787 -0.000277818 -0.000275442 -0.000280326 -0.000274906 -0.000277739 
0 1.12993e-06 -1.78591e-07 3.06436e-06 3.18936e-06 4.89987e-06 8.45216e-06 5.46987e-06 1.03238e-05 1.20114e-05 1.20249e-05 2.34105e-05 2.76277e-05 4.51256e-05 7.37269e-05 0.000107979 0.000177863 0.000270555 0.000410526 0.000618643 0.000896676 0.00128376 0.00179148 0.00244359 0.00326522 0.00427551 0.00548661 0.00690382 0.00852778 0.010304 0.01219 0.0140799 0.0158305 0.0173155 0.0183545 0.0188136 0.0185834 0.0175905 0.0158103 0.0132802 0.0100995 0.00641165 0.00246382 -0.00149276 -0.00518852 -0.00839598 -0.0109526 -0.0127678 -0.013828 -0.0141365 -0.0137943 -0.012937 -0.0117375 -0.0103536 -0.00893494 -0.00756546 -0.00628929 -0.00517557 -0.00424629 -0.00350414 -0.00289688 -0.00239939 -0.00198839 -0.00167457 -0.00142263 -0.00120057 -0.000999747 -0.000820528 -0.000673229 -0.00054214 -0.000415982 -0.000279365 -0.000170992 -7.4684e-05 2.03288e-05 0.000126669 0.000214589 0.000296256 0.000370499 0.000452121 0.00053132 0.000599366 0.000656471 0.000724138 0.000795699 0.000846445 0.000893908 0.000953555 0.00101219 0.00104787 0.00109197 0.00114216 0.00118535 0.00121191 0.00125349 0.00129122 0.00132098 0.00134289 0.00137975 0.00140402 0.00142399 0.00144345 0.00147326 0.00148478 0.0014987 0.00151698 0.00153765 0.00153846 0.0015506 0.00156787 0.00157761 0.0015725 0.00158647 0.00160106 0.00160123 0.00159753 0.00161307 0.00162455 0.0016226 0.00162543 0.00163912 0.00165427 0.00166045 0.00166954 0.00168338 0.00171506 0.00173635 0.00175524 0.00178251 0.00183926 0.00188704 0.00193748 0.00199929 0.00209301 0.00220643 0.00234128 0.00249915 0.00271096 0.00300991 0.00339297 0.00387925 0.00448812 0.00527099 0.00623971 0.00739017 0.00865044 0.00998053 0.0113141 0.0125261 0.0134531 0.0139229 0.0137958 0.0129532 0.0113702 0.00904647 0.00605518 0.00252239 -0.00133464 -0.00525616 -0.00899335 -0.012291 -0.014984 -0.01696 -0.0181722 -0.0186158 -0.0183606 -0.0175022 -0.0161606 -0.0145166 -0.0126981 -0.0108501 -0.00908366 -0.00745771 -0.00602067 -0.00478526 -0.00375247 -0.00290089 -0.0022268 -0.00169726 -0.00128946 -0.000997267 -0.000775686 -0.000626297 -0.000526711 -0.000453487 -0.000415385 -0.000386217 -0.000368948 -0.000361978 -0.000353525 -0.000351435 -0.000349636 -0.000347614 -0.000347508 -0.000348311 -0.00034644 -0.000345628 -0.000347441 -0.000345159 -0.000346755 
0 -2.12753e-06 5.80232e-06 -8.40328e-07 4.32363e-06 8.45216e-06 1.34143e-06 1.49126e-05 1.13579e-05 1.33637e-05 2.68007e-05 1.901e-05 4.12902e-05 5.6558e-05 8.14469e-05 0.00014713 0.000213033 0.000340407 0.000516952 0.000756373 0.00110864 0.00156832 0.0021817 0.00296943 0.00396342 0.00517002 0.00662608 0.00832862 0.01024 0.0123748 0.0145965 0.0168199 0.0189049 0.0206274 0.0218474 0.0223801 0.0220962 0.02091 0.0188189 0.0158353 0.0120746 0.00775581 0.00310237 -0.00155129 -0.00590717 -0.00969367 -0.0127459 -0.0149355 -0.01621 -0.0166333 -0.0162774 -0.0153039 -0.0139167 -0.012331 -0.0106489 -0.00899644 -0.00748198 -0.00615351 -0.00503029 -0.0040977 -0.00334668 -0.00273218 -0.0022391 -0.00183024 -0.00150571 -0.00122882 -0.000979211 -0.000756346 -0.000566174 -0.000395585 -0.000227831 -7.38125e-05 7.31014e-05 0.000201058 0.000327611 0.00044907 0.000570489 0.000672684 0.000775099 0.000876273 0.000974793 0.0010607 0.00114602 0.00122998 0.00130954 0.00138341 0.00145297 0.00152219 0.00158657 0.00164844 0.00170354 0.00176032 0.001811 0.00186062 0.00190336 0.00194846 0.00198614 0.00202457 0.00205634 0.00208977 0.00211599 0.00214464 0.00216595 0.00218846 0.0022055 0.00222524 0.00223693 0.00225047 0.00226043 0.00227204 0.00227656 0.00228337 0.00228801 0.00229377 0.00229501 0.00229646 0.00229892 0.0023035 0.00230511 0.0023032 0.00230993 0.00231863 0.00232461 0.00232643 0.00234492 0.00236326 0.00238396 0.00240281 0.00243882 0.00248089 0.00253722 0.00259263 0.00266438 0.00276667 0.00289824 0.00304897 0.00323855 0.00350683 0.00385819 0.00431683 0.00489248 0.00564446 0.00659401 0.00774756 0.00907724 0.0105759 0.0121595 0.0136939 0.0150693 0.0161078 0.0166095 0.0163851 0.0153532 0.0134317 0.0106386 0.00706966 0.0028948 -0.00165023 -0.00628862 -0.0106747 -0.0145782 -0.0177705 -0.0201085 -0.0215438 -0.0220915 -0.0218018 -0.0207917 -0.0192533 -0.0173027 -0.0151672 -0.0129946 -0.0108812 -0.00895892 -0.00724358 -0.00576731 -0.00452665 -0.00351425 -0.00269311 -0.00205201 -0.00157305 -0.00119632 -0.000947097 -0.00076115 -0.000630088 -0.000560907 -0.000494378 -0.000467571 -0.000446864 -0.000427939 -0.000428877 -0.000418433 -0.000419751 -0.000418525 -0.000414938 -0.00041808 -0.000415857 -0.000416464 -0.000415708 -0.000416029 -0.000415469 
0 7.70722e-06 -3.36925e-06 1.3664e-05 3.88439e-06 5.46987e-06 1.49126e-05 1.4094e-06 1.68612e-05 1.42002e-05 1.71845e-05 4.1719e-05 4.47049e-05 7.8799e-05 0.000120562 0.00016878 0.000274346 0.00040701 0.000610664 0.000918168 0.00131761 0.00187625 0.00260332 0.00352079 0.00468421 0.00609619 0.00778829 0.00976089 0.0119989 0.0144402 0.0169982 0.0195503 0.021895 0.0238687 0.0252493 0.0258452 0.0255128 0.0241608 0.0217477 0.0183236 0.0140664 0.00912434 0.00384472 -0.00144352 -0.00643805 -0.0108032 -0.0143169 -0.0168541 -0.0183907 -0.0189099 -0.0185846 -0.0175509 -0.016019 -0.014193 -0.0122638 -0.0103978 -0.00863775 -0.00706562 -0.00571415 -0.00463033 -0.00370849 -0.00296529 -0.00235663 -0.00186468 -0.00145522 -0.00110993 -0.000805673 -0.000528801 -0.000302872 -6.96805e-05 0.000126457 0.000321339 0.000489444 0.000674449 0.000816992 0.000976108 0.00111548 0.0012575 0.00137976 0.00151331 0.00162525 0.00173777 0.00185244 0.00195467 0.00204689 0.00214204 0.00224299 0.00231535 0.0023976 0.00247587 0.00255685 0.0026082 0.0026824 0.00274053 0.00280222 0.00283925 0.00290234 0.00294028 0.00298564 0.00301086 0.00306079 0.00308062 0.00311159 0.00312695 0.00316342 0.00316684 0.00318586 0.00319462 0.00321633 0.00320623 0.00321814 0.00322221 0.00322712 0.00321175 0.00322062 0.00321872 0.0032102 0.00320215 0.00320544 0.00319966 0.00319065 0.00319676 0.00319057 0.00319614 0.00319946 0.00321814 0.00321683 0.0032537 0.00327403 0.00331735 0.00335768 0.0034362 0.00350146 0.00361553 0.00374977 0.00392634 0.00415568 0.00446042 0.00486066 0.00539516 0.00610509 0.00695946 0.00805652 0.00938992 0.0109529 0.0126377 0.0144081 0.0161331 0.0176663 0.0187735 0.0192409 0.018929 0.0176489 0.0153821 0.012145 0.00803811 0.00321577 -0.00198457 -0.00726842 -0.0123097 -0.0167515 -0.0204104 -0.0231091 -0.024782 -0.0254221 -0.025123 -0.0239994 -0.0222282 -0.0200349 -0.0175921 -0.0150984 -0.0126854 -0.0104604 -0.00846847 -0.00675022 -0.00531198 -0.00411257 -0.00317262 -0.00242705 -0.00184871 -0.00143743 -0.00111652 -0.00089635 -0.000753996 -0.000639444 -0.00058389 -0.00054473 -0.000511785 -0.000511017 -0.00049371 -0.000489941 -0.000494088 -0.000482055 -0.000490266 -0.000484428 -0.000483533 -0.000489923 -0.000480677 -0.000488853 -0.00048399 
0 5.57145e-07 3.4374e-07 3.74e-06 3.68675e-06 1.03238e-05 1.13579e-05 1.68612e-05 2.15513e-05 2.21198e-05 3.54322e-05 3.81304e-05 5.82648e-05 8.89386e-05 0.000130853 0.000215675 0.000326163 0.000500274 0.000748454 0.00109082 0.00156646 0.00220154 0.00303517 0.00409616 0.00543603 0.00704977 0.00898622 0.0112348 0.0137472 0.0165195 0.0193874 0.0222366 0.0248758 0.0270511 0.0285734 0.0292179 0.0288265 0.0272948 0.02461 0.0208001 0.0160377 0.0105618 0.00468422 -0.00120218 -0.00676027 -0.0116334 -0.0156089 -0.0185172 -0.0202844 -0.0209605 -0.0206706 -0.0195805 -0.0179253 -0.0159557 -0.0138034 -0.0116646 -0.00966904 -0.0078876 -0.006338 -0.00503063 -0.00393871 -0.00305678 -0.00234769 -0.00173857 -0.00123539 -0.000813727 -0.000448111 -0.0001174 0.000169388 0.000453633 0.000703702 0.000925743 0.00114554 0.00136795 0.00155821 0.00173956 0.00192154 0.00209089 0.00225548 0.00241236 0.00255291 0.00269033 0.00284138 0.00296447 0.00307373 0.00319635 0.00332368 0.00341256 0.00350629 0.00361268 0.00370794 0.00377329 0.0038563 0.00393881 0.00400449 0.00405468 0.00412355 0.00417952 0.00422173 0.00425927 0.00431108 0.00434175 0.00436486 0.00439131 0.00442527 0.00443174 0.00444069 0.00445886 0.00447292 0.00445796 0.00446099 0.00447095 0.00446257 0.00443619 0.00444 0.00443654 0.00441178 0.00438916 0.00439019 0.00437315 0.00435162 0.00433912 0.00433015 0.00431925 0.00431848 0.00431194 0.00430758 0.00433093 0.00435316 0.00437118 0.00441181 0.00448418 0.00455677 0.00466886 0.00481221 0.00500119 0.00526032 0.00562384 0.00607762 0.00668428 0.00748157 0.00849594 0.00975784 0.0112539 0.0129646 0.0148607 0.0168417 0.0187032 0.0203129 0.0214454 0.0218715 0.0213979 0.0198905 0.0172628 0.0135526 0.0088982 0.00350171 -0.00230864 -0.00821711 -0.0138232 -0.0188113 -0.022919 -0.0259481 -0.0278318 -0.0285797 -0.0282687 -0.0270386 -0.0251188 -0.022673 -0.0199612 -0.0171785 -0.0144511 -0.0119495 -0.00969872 -0.00775046 -0.0061108 -0.00475279 -0.0036596 -0.00279797 -0.00214051 -0.00164044 -0.00128988 -0.00103362 -0.000860128 -0.000750968 -0.000666979 -0.00062681 -0.000592304 -0.000574515 -0.000568056 -0.000556829 -0.000559282 -0.000554023 -0.000556793 -0.0005547 -0.000552498 -0.000556523 -0.000550274 -0.00055659 -0.000553565 
0 4.32397e-06 4.09575e-06 1.03737e-05 8.34003e-06 1.20114e-05 1.33637e-05 1.42002e-05 2.21198e-05 2.60828e-05 4.04706e-05 5.41083e-05 7.94203e-05 0.000119485 0.000172584 0.000265037 0.000394699 0.000592159 0.000878778 0.00127799 0.00182878 0.00256063 0.00351372 0.00472065 0.00622909 0.0080519 0.010224 0.0127399 0.0155505 0.0186175 0.0217848 0.0249081 0.0277819 0.0301491 0.0317981 0.032488 0.0320459 0.0303606 0.0274038 0.0232353 0.0180405 0.0120778 0.00568666 -0.000729146 -0.00681187 -0.0121848 -0.016586 -0.0198393 -0.0218609 -0.0226994 -0.0224875 -0.0214017 -0.0196656 -0.0175278 -0.015175 -0.0128215 -0.0105987 -0.00857391 -0.00679647 -0.00528267 -0.00400905 -0.00296603 -0.00211929 -0.00139512 -0.000787192 -0.000275735 0.000165791 0.00055749 0.000909818 0.00125356 0.00155772 0.00182266 0.0020897 0.00235846 0.00259432 0.00281203 0.00302997 0.00323803 0.00344168 0.0036305 0.00379911 0.00396984 0.00415337 0.00430368 0.00443516 0.00458653 0.00473942 0.00485038 0.00496179 0.00509207 0.00520572 0.00528822 0.00538481 0.00548549 0.00556278 0.0056256 0.00570358 0.00577148 0.00581924 0.00586515 0.00592107 0.00595735 0.00598078 0.0060115 0.00604422 0.00605023 0.00605516 0.00607369 0.00608099 0.00606007 0.00605581 0.00606231 0.00604194 0.00600501 0.00599928 0.00598868 0.00594779 0.00591096 0.00590102 0.0058738 0.00583407 0.00580441 0.00578377 0.00576103 0.00574304 0.0057175 0.00570139 0.00571371 0.00572427 0.00572415 0.00575489 0.00582273 0.00589639 0.00600097 0.00614831 0.00635576 0.00664851 0.00704805 0.00755622 0.00824529 0.00915213 0.0102911 0.0116911 0.0133547 0.0152402 0.0172952 0.0194086 0.0213853 0.0230501 0.024161 0.0244855 0.0238279 0.0220426 0.0190492 0.0149003 0.00973321 0.00378052 -0.00260614 -0.00907718 -0.0152235 -0.0206951 -0.0252118 -0.0285707 -0.0306774 -0.0315423 -0.0312464 -0.0299416 -0.027864 -0.0252141 -0.0222566 -0.0192014 -0.0162047 -0.013426 -0.0109193 -0.00874006 -0.0068971 -0.00537329 -0.0041459 -0.00317946 -0.0024377 -0.00187559 -0.00147111 -0.00117572 -0.000974398 -0.000841079 -0.000748584 -0.000698989 -0.000661837 -0.000644646 -0.000634463 -0.000626838 -0.000626965 -0.000620002 -0.000624887 -0.000622269 -0.000622238 -0.000627105 -0.000620683 -0.000626837 -0.000622536 
0 7.12623e-06 -2.57545e-06 1.41142e-05 8.90574e-06 1.20249e-05 2.68007e-05 1.71845e-05 3.54322e-05 4.04706e-05 4.42203e-05 7.76788e-05 9.40114e-05 0.000145726 0.00022079 0.000316267 0.000487846 0.000712851 0.00104195 0.00150784 0.00212486 0.00295587 0.00402816 0.00538652 0.00706705 0.0091093 0.0115177 0.0142886 0.0173998 0.020734 0.0241918 0.027579 0.0306592 0.0332079 0.0349554 0.0356735 0.0351706 0.0333475 0.0301454 0.0256594 0.0200926 0.0136899 0.0068533 -2.91626e-05 -0.00656533 -0.0123884 -0.0171822 -0.0207668 -0.0230627 -0.024074 -0.0239641 -0.022908 -0.0211383 -0.018866 -0.016344 -0.0137878 -0.0113368 -0.0090793 -0.00706939 -0.00534282 -0.00386477 -0.00265171 -0.00164673 -0.00080155 -7.15048e-05 0.000542046 0.00107016 0.00153386 0.00196077 0.00237301 0.00273472 0.00306044 0.0033756 0.00370028 0.00398423 0.00425327 0.00450643 0.00476482 0.00500735 0.00523724 0.0054381 0.00565021 0.00586365 0.00604833 0.0062097 0.00639063 0.00656837 0.00670789 0.00684368 0.00699359 0.00712915 0.00723279 0.00734706 0.00746035 0.0075557 0.00763154 0.00772096 0.00779571 0.00785636 0.00790776 0.00796906 0.00800693 0.00803756 0.0080669 0.0080988 0.00810209 0.00810807 0.00811875 0.00811958 0.00809271 0.00808206 0.00807568 0.00804444 0.00799801 0.00797755 0.00795264 0.00789628 0.00784492 0.00781418 0.00777459 0.00771204 0.00766394 0.00762136 0.00758672 0.00753898 0.00749629 0.00745855 0.00745645 0.00744118 0.00742709 0.00743658 0.00749462 0.0075622 0.00765805 0.00780321 0.00802605 0.00835404 0.00878599 0.00935603 0.0101199 0.0111427 0.0124056 0.0139466 0.0157539 0.0177986 0.0199866 0.0222001 0.0242538 0.0259136 0.0269472 0.0271196 0.0262546 0.024157 0.020787 0.0161961 0.0105346 0.00406446 -0.00284898 -0.00982024 -0.0164724 -0.0223851 -0.0272866 -0.030956 -0.0332761 -0.0342557 -0.0339909 -0.0326496 -0.0304366 -0.0276329 -0.0244565 -0.0211479 -0.017912 -0.0148661 -0.0121239 -0.00972736 -0.00769247 -0.00600039 -0.00463943 -0.00356104 -0.0027197 -0.00210443 -0.0016346 -0.00130772 -0.0010889 -0.000922815 -0.000836006 -0.000769556 -0.000727378 -0.00071659 -0.000692313 -0.000693831 -0.000693017 -0.000684 -0.000694141 -0.00068704 -0.000688741 -0.00069361 -0.000686491 -0.000694991 -0.000692099 
0 -1.91408e-06 1.52036e-05 3.74977e-06 1.80111e-05 2.34105e-05 1.901e-05 4.1719e-05 3.81304e-05 5.41083e-05 7.76788e-05 8.8748e-05 0.000137979 0.00018633 0.000267639 0.000406033 0.000583038 0.000859848 0.00124349 0.00176114 0.00247274 0.0034013 0.00459807 0.00611265 0.00798268 0.0102303 0.0128829 0.015924 0.0192866 0.022912 0.0266268 0.0302369 0.0335332 0.0362199 0.03805 0.0387882 0.0382356 0.0362606 0.0328649 0.0281202 0.0222004 0.0154619 0.00823691 0.000947869 -0.00597844 -0.0121736 -0.0173431 -0.0212614 -0.023801 -0.0250349 -0.0250509 -0.0240522 -0.022258 -0.0199303 -0.0172739 -0.014498 -0.0118251 -0.00935067 -0.00712523 -0.00513546 -0.00345348 -0.00204499 -0.000883869 0.000118834 0.000976709 0.00170831 0.00233136 0.0028783 0.00339714 0.00387019 0.00431015 0.00469132 0.00507848 0.00544171 0.00579916 0.00610679 0.00641886 0.00671428 0.00701352 0.00727458 0.00752677 0.00777397 0.00802335 0.00824235 0.00844392 0.00865383 0.00885412 0.00903157 0.0091916 0.00936582 0.00951662 0.00965566 0.00977915 0.00991446 0.0100186 0.0101227 0.0102104 0.0103045 0.0103669 0.0104382 0.0104896 0.0105429 0.0105687 0.0106087 0.0106244 0.0106386 0.0106339 0.0106445 0.0106259 0.010605 0.0105772 0.0105597 0.0105107 0.0104617 0.0104181 0.0103741 0.0103041 0.0102352 0.0101815 0.010118 0.0100423 0.00996118 0.00990502 0.00983845 0.00977468 0.00969411 0.00965128 0.00960739 0.00957988 0.00953419 0.00953606 0.00956079 0.00962804 0.00970987 0.00985602 0.0100892 0.0104388 0.0109205 0.0115503 0.0123961 0.0134965 0.0149147 0.0165909 0.0185216 0.0206627 0.0229809 0.0252757 0.027328 0.0289207 0.0298299 0.0298245 0.0286724 0.0262694 0.0225112 0.0174702 0.0113377 0.00441354 -0.00298037 -0.0104271 -0.0174922 -0.0238381 -0.029095 -0.0330436 -0.0355785 -0.0366954 -0.0364776 -0.0351161 -0.0328435 -0.0298826 -0.0265339 -0.0230184 -0.0195356 -0.0162652 -0.0132958 -0.010688 -0.00846425 -0.00662038 -0.00511293 -0.00392364 -0.00300921 -0.00230316 -0.00180278 -0.0014377 -0.00117621 -0.00101986 -0.000897856 -0.000830229 -0.000796711 -0.000761331 -0.000760367 -0.000750449 -0.000745915 -0.000756316 -0.00074674 -0.000755789 -0.000756883 -0.000752532 -0.000763538 -0.000756081 -0.000761898 
0 7.38112e-06 1.02703e-05 1.88528e-05 2.51568e-05 2.76277e-05 4.12902e-05 4.47049e-05 5.82648e-05 7.94203e-05 9.40114e-05 0.000137979 0.000180497 0.000250568 0.000363282 0.000502242 0.000727921 0.00103623 0.00146731 0.00206925 0.0028658 0.0039116 0.00525028 0.00693067 0.00897615 0.0114531 0.0143385 0.0176263 0.0212866 0.0251484 0.0291173 0.0329463 0.0363879 0.0392079 0.0411056 0.0418579 0.041249 0.0391767 0.0355872 0.0306056 0.0244421 0.0174011 0.00988297 0.00227874 -0.00497333 -0.011533 -0.0170179 -0.0212201 -0.0240431 -0.0254794 -0.0256583 -0.0247716 -0.0230254 -0.0206067 -0.0178356 -0.0149205 -0.0120515 -0.00932938 -0.00684189 -0.00463574 -0.00273018 -0.0011129 0.000259836 0.0014077 0.00241344 0.00327011 0.0040107 0.00465425 0.00526343 0.00581417 0.00632489 0.00679006 0.00723209 0.00766068 0.0080706 0.00844715 0.00879972 0.00915807 0.00949338 0.00980865 0.0101017 0.0104 0.0106732 0.0109391 0.0111801 0.0114229 0.0116445 0.0118623 0.0120533 0.0122463 0.0124202 0.0125887 0.012733 0.0128791 0.0130052 0.0131259 0.0132262 0.0133257 0.013405 0.0134815 0.0135383 0.0135918 0.0136279 0.0136632 0.0136765 0.0136879 0.0136851 0.0136815 0.0136539 0.0136293 0.0135915 0.0135525 0.0134908 0.0134362 0.0133674 0.0133013 0.0132148 0.0131345 0.0130439 0.0129639 0.0128614 0.0127629 0.0126688 0.0125875 0.0124835 0.0123875 0.012311 0.0122452 0.0121774 0.0121204 0.0120933 0.0120973 0.0121476 0.0122171 0.0123621 0.01261 0.0129931 0.0134924 0.0141937 0.0151281 0.0163473 0.0178513 0.0196421 0.0217018 0.0239704 0.0263303 0.0286122 0.0306526 0.0321438 0.0328674 0.032604 0.0311672 0.0283835 0.0242391 0.0187966 0.0122251 0.00485601 -0.00296945 -0.0108119 -0.0182905 -0.024978 -0.030558 -0.034796 -0.037547 -0.0388098 -0.0386746 -0.0373357 -0.0349877 -0.0319536 -0.0284558 -0.0247508 -0.0210923 -0.0175879 -0.0144083 -0.0116019 -0.00919332 -0.00719162 -0.00556544 -0.00427184 -0.00326449 -0.00251358 -0.00194047 -0.00154341 -0.00126462 -0.00106681 -0.000959713 -0.000875232 -0.000835712 -0.000817863 -0.000799861 -0.00080423 -0.000799965 -0.000804342 -0.000809959 -0.00081184 -0.000818973 -0.000820812 -0.000825012 -0.000826104 -0.000828681 
0 4.70356e-06 2.00456e-05 1.94479e-05 3.71295e-05 4.51256e-05 5.6558e-05 7.8799e-05 8.89386e-05 0.000119485 0.000145726 0.00018633 0.000250568 0.000331576 0.000464438 0.000643689 0.000906548 0.0012745 0.00177309 0.00245246 0.00334479 0.00450629 0.00598436 0.0078323 0.0100844 0.0127813 0.0159162 0.019465 0.0233719 0.0274885 0.0316821 0.0357036 0.0393062 0.0422324 0.0441745 0.0449219 0.0442595 0.0420722 0.0383522 0.0332022 0.0268296 0.0195754 0.0118217 0.00396518 -0.00354004 -0.0103522 -0.0161214 -0.0206067 -0.0236903 -0.0253627 -0.0257249 -0.0249557 -0.023263 -0.020862 -0.0180266 -0.0149528 -0.011878 -0.00895151 -0.00623759 -0.00377592 -0.00162812 0.000212852 0.00178324 0.00311362 0.00427785 0.00527733 0.00613724 0.00689578 0.0076044 0.00823735 0.00883015 0.00937919 0.00989304 0.0103811 0.0108578 0.0112951 0.0117087 0.012119 0.0125041 0.0128652 0.0132154 0.013555 0.0138627 0.0141694 0.0144592 0.0147301 0.0149788 0.0152337 0.0154595 0.0156713 0.0158689 0.0160666 0.0162321 0.0163921 0.016537 0.0166766 0.0167879 0.0168969 0.0169882 0.0170735 0.0171331 0.0171913 0.0172321 0.0172666 0.0172755 0.0172869 0.0172816 0.0172665 0.0172293 0.017201 0.0171515 0.0170907 0.017018 0.0169543 0.0168628 0.0167687 0.0166711 0.0165716 0.0164507 0.0163412 0.0162225 0.0160948 0.0159706 0.0158569 0.0157263 0.0155999 0.0154968 0.0153923 0.0152934 0.015214 0.0151618 0.0151337 0.0151653 0.01523 0.0153712 0.0156288 0.0160351 0.0165865 0.0173547 0.0183677 0.0196779 0.0213111 0.0232195 0.0253553 0.027682 0.0300888 0.0323568 0.0342851 0.0355993 0.0360894 0.0355401 0.0337582 0.0306043 0.0260562 0.0201849 0.013208 0.00545737 -0.00274215 -0.0109484 -0.0187631 -0.0257901 -0.0316719 -0.0361562 -0.0391201 -0.0405383 -0.0405048 -0.0392203 -0.0368782 -0.0337812 -0.0301797 -0.0263322 -0.0224905 -0.018808 -0.0154407 -0.0124537 -0.00988315 -0.0077312 -0.00597343 -0.00457029 -0.00347987 -0.00265751 -0.00204399 -0.00161567 -0.00131021 -0.0011094 -0.000984926 -0.000900547 -0.00086495 -0.000837545 -0.000834978 -0.000839419 -0.000838732 -0.000855824 -0.000854385 -0.000865306 -0.000872366 -0.000871262 -0.000886762 -0.000883675 -0.00089498 
0 6.58204e-06 3.61273e-05 3.11388e-05 5.89444e-05 7.37269e-05 8.14469e-05 0.000120562 0.000130853 0.000172584 0.00022079 0.000267639 0.000363282 0.000464438 0.000620697 0.000844508 0.00114076 0.00156838 0.00213897 0.00290723 0.00391679 0.00521462 0.00685517 0.00888115 0.0113457 0.0142613 0.0176418 0.021453 0.0256019 0.0299707 0.034368 0.0385568 0.0422891 0.04529 0.0472729 0.0480144 0.0473172 0.0450415 0.0412175 0.0359389 0.029423 0.0220359 0.0141297 0.00611287 -0.00158973 -0.0086107 -0.0146201 -0.0193532 -0.0226813 -0.024598 -0.0251724 -0.0245752 -0.0229726 -0.0206053 -0.0177238 -0.0145481 -0.0113068 -0.00816445 -0.00520702 -0.00249593 -0.000112495 0.00197228 0.00376282 0.00529625 0.00662231 0.00777458 0.00876695 0.00965269 0.0104616 0.011181 0.0118589 0.0124919 0.0130812 0.0136285 0.0141701 0.0146661 0.0151453 0.0156031 0.0160379 0.0164432 0.0168518 0.0172287 0.017574 0.0179182 0.0182562 0.0185544 0.0188329 0.0191201 0.0193811 0.0196131 0.0198349 0.0200575 0.020246 0.0204212 0.0205839 0.0207397 0.0208644 0.0209837 0.0210852 0.0211783 0.0212435 0.0213061 0.0213499 0.0213836 0.0213913 0.0214012 0.021392 0.021367 0.0213233 0.0212882 0.0212275 0.0211473 0.0210657 0.0209891 0.0208782 0.0207574 0.0206499 0.0205296 0.0203831 0.0202422 0.0201105 0.0199546 0.0198029 0.0196541 0.0195036 0.0193476 0.0192182 0.0190757 0.018951 0.0188491 0.0187754 0.0187192 0.0187305 0.0187945 0.0189404 0.0192168 0.0196437 0.0202482 0.0210869 0.0221991 0.0235967 0.0253264 0.0273271 0.029545 0.031909 0.0342911 0.0364732 0.038241 0.0393447 0.0395462 0.0386573 0.0364835 0.0329361 0.0279899 0.0217306 0.0143881 0.00628315 -0.00224262 -0.0107662 -0.0188619 -0.026175 -0.0323239 -0.0370548 -0.0402459 -0.0418453 -0.0419495 -0.0407427 -0.0384449 -0.0353234 -0.0316647 -0.0277216 -0.0237306 -0.0198965 -0.0163495 -0.0131903 -0.0104632 -0.00817286 -0.00630055 -0.00480326 -0.00364462 -0.00275465 -0.00210431 -0.00164026 -0.00130735 -0.00110612 -0.000963975 -0.000887956 -0.000860335 -0.000829739 -0.000843982 -0.00084697 -0.000853508 -0.000882688 -0.000881929 -0.000907886 -0.000920788 -0.000923552 -0.000948157 -0.000941356 -0.000955244 
0 2.44626e-05 3.46319e-05 6.74587e-05 8.5096e-05 0.000107979 0.00014713 0.00016878 0.000215675 0.000265037 0.000316267 0.000406033 0.000502242 0.000643689 0.000844508 0.0011025 0.00147131 0.00196333 0.00261874 0.0034914 0.00462222 0.00605913 0.00786911 0.0100958 0.0127635 0.0159341 0.0195627 0.0236183 0.028036 0.0326161 0.0372117 0.0415664 0.045401 0.0484652 0.0504769 0.0512018 0.0504448 0.0481283 0.0442196 0.0388571 0.0322909 0.0248183 0.0168356 0.00873621 0.000927479 -0.00625511 -0.0124348 -0.0173748 -0.0209607 -0.0231157 -0.0239188 -0.0235094 -0.0220659 -0.0197553 -0.0168703 -0.0136384 -0.0102664 -0.00691944 -0.00372005 -0.000789305 0.00184646 0.00417148 0.00620855 0.0079392 0.00944888 0.0107532 0.0118967 0.0129118 0.0138239 0.0146401 0.0153987 0.0161237 0.0167793 0.0174022 0.0179894 0.0185595 0.0190883 0.019607 0.020074 0.0205379 0.0209862 0.0214103 0.0217832 0.0221702 0.022542 0.0228745 0.0231784 0.0234945 0.023785 0.0240394 0.024284 0.024524 0.0247376 0.0249253 0.0251072 0.0252709 0.0254156 0.0255394 0.0256551 0.0257483 0.025828 0.0258885 0.0259402 0.025968 0.0259838 0.0259864 0.0259778 0.0259422 0.0258997 0.0258535 0.0257847 0.025691 0.0256023 0.0255128 0.0253842 0.0252479 0.0251241 0.0249916 0.0248165 0.0246588 0.0245019 0.024336 0.0241451 0.0239781 0.0237961 0.0236302 0.0234572 0.0232961 0.0231371 0.0230246 0.0229213 0.0228507 0.022842 0.0229092 0.0230707 0.0233667 0.0238351 0.0244878 0.0254139 0.0266184 0.0281303 0.0299274 0.0320103 0.0342919 0.0366734 0.0389749 0.0410152 0.0425939 0.0434178 0.0432807 0.0420013 0.0394367 0.0354557 0.030111 0.0234938 0.0158069 0.00738798 -0.00140851 -0.0101828 -0.0185523 -0.0260893 -0.0324824 -0.0374617 -0.0408574 -0.0426539 -0.0429267 -0.0418432 -0.0396132 -0.0365391 -0.0328521 -0.0288362 -0.0247615 -0.020781 -0.0170979 -0.0137987 -0.010925 -0.00851197 -0.00653085 -0.00494116 -0.00370242 -0.00277003 -0.00206907 -0.00158073 -0.00124827 -0.00101974 -0.000899511 -0.000820894 -0.000790221 -0.000796829 -0.000797688 -0.000828551 -0.00085282 -0.000871825 -0.000906615 -0.000919941 -0.000942679 -0.000965215 -0.000973216 -0.000997365 -0.00100774 
0 2.794e-05 6.98366e-05 9.39236e-05 0.000135381 0.000177863 0.000213033 0.000274346 0.000326163 0.000394699 0.000487846 0.000583038 0.000727921 0.000906548 0.00114076 0.00147131 0.00189626 0.0024745 0.00323686 0.00422308 0.00549006 0.00709367 0.0090834 0.0115069 0.0144273 0.0178238 0.0217174 0.0260462 0.0306745 0.0354978 0.040264 0.0447503 0.0486923 0.051804 0.0538266 0.0545247 0.0537475 0.05136 0.0474283 0.0420539 0.0354628 0.0279995 0.0200119 0.0118965 0.00402322 -0.00320251 -0.00952256 -0.0146606 -0.0184573 -0.0208728 -0.0219324 -0.0217399 -0.0204359 -0.0182837 -0.0154551 -0.0121853 -0.00868273 -0.00518121 -0.00179554 0.00138074 0.00426567 0.00684213 0.00909091 0.011058 0.0127429 0.0142194 0.0154987 0.0166536 0.0176659 0.0185793 0.0194182 0.0202164 0.0209502 0.0216266 0.0222722 0.0228866 0.0234826 0.02403 0.0245498 0.0250423 0.025543 0.0259871 0.026407 0.0268109 0.0272229 0.0275738 0.0279136 0.0282401 0.0285622 0.0288329 0.0291014 0.0293497 0.0295872 0.029787 0.0299836 0.0301544 0.0303153 0.0304468 0.0305708 0.0306681 0.0307581 0.0308215 0.0308763 0.0309037 0.0309265 0.0309258 0.0309162 0.0308756 0.030838 0.03078 0.0307087 0.0306049 0.0305187 0.0304085 0.0302791 0.0301248 0.0300006 0.0298423 0.0296674 0.0294805 0.029323 0.0291308 0.0289343 0.0287311 0.0285502 0.0283586 0.028171 0.02798 0.0278172 0.0276872 0.0275724 0.0274933 0.0274782 0.0275697 0.0277511 0.0280856 0.0285896 0.0293455 0.0303496 0.0316521 0.0332493 0.0351632 0.0373106 0.0396013 0.0419422 0.0441603 0.0460394 0.0473157 0.0478224 0.0473124 0.0456218 0.0426036 0.0382274 0.0324826 0.0254977 0.0175351 0.00885639 -0.000165226 -0.00916171 -0.0177132 -0.0254816 -0.0320868 -0.0372716 -0.0409046 -0.0429096 -0.0433793 -0.0424533 -0.040368 -0.0373444 -0.0336895 -0.029664 -0.0254934 -0.0214454 -0.0176367 -0.0142066 -0.0112229 -0.00868849 -0.00660586 -0.00493854 -0.00364102 -0.00264932 -0.00193688 -0.00142197 -0.00107348 -0.000868471 -0.000731077 -0.000680306 -0.000667949 -0.000672948 -0.00071687 -0.000747466 -0.000791797 -0.000840479 -0.000870352 -0.000916168 -0.000946587 -0.000972895 -0.00100834 -0.00102412 -0.00105003 
0 5.27049e-05 9.54175e-05 0.000158308 0.000207113 0.000270555 0.000340407 0.00040701 0.000500274 0.000592159 0.000712851 0.000859848 0.00103623 0.0012745 0.00156838 0.00196333 0.0024745 0.00314415 0.00401933 0.00513428 0.00656554 0.00834492 0.0105411 0.0131996 0.0163471 0.0200105 0.02416 0.0287362 0.0336187 0.038647 0.0435829 0.0481976 0.0522117 0.0553434 0.0573778 0.0580552 0.0572408 0.054854 0.0509049 0.0455427 0.0390086 0.0316086 0.0236901 0.0156425 0.00779799 0.000527201 -0.00587174 -0.0111511 -0.0151552 -0.0178226 -0.019144 -0.0192117 -0.018149 -0.0161399 -0.0133864 -0.0101556 -0.00662426 -0.00297338 0.000612719 0.00399103 0.00709442 0.00990498 0.0123997 0.0145827 0.0164505 0.0180822 0.0195171 0.0207943 0.0219092 0.0229107 0.0238243 0.0246865 0.0254837 0.0262138 0.0268967 0.0275585 0.0281937 0.0287763 0.0293248 0.0298541 0.030375 0.0308487 0.0312942 0.0317209 0.0321454 0.0325241 0.0328819 0.0332215 0.0335562 0.033849 0.0341279 0.034386 0.0346357 0.03485 0.0350532 0.0352324 0.0354029 0.0355432 0.0356721 0.0357755 0.0358722 0.0359414 0.0359985 0.0360299 0.0360578 0.0360599 0.0360486 0.0360123 0.035978 0.0359182 0.0358425 0.0357453 0.035657 0.035541 0.0354079 0.0352599 0.0351256 0.0349629 0.0347847 0.0345976 0.0344272 0.034236 0.0340303 0.0338202 0.033633 0.0334424 0.0332397 0.0330448 0.0328835 0.0327525 0.032639 0.0325712 0.0325716 0.0326892 0.032926 0.0333154 0.0338886 0.0347295 0.0358507 0.0372752 0.0389784 0.040949 0.0431487 0.0454817 0.0477624 0.0498025 0.0514424 0.0524422 0.0525841 0.0516542 0.0495131 0.0460471 0.0412424 0.0351324 0.0278579 0.0196281 0.0107274 0.00153074 -0.00762191 -0.0163389 -0.0242562 -0.0310491 -0.036468 -0.0403186 -0.0425651 -0.0432619 -0.0425232 -0.0405982 -0.0377028 -0.0341159 -0.03011 -0.025928 -0.0218002 -0.0179049 -0.0143746 -0.0112767 -0.00865797 -0.00649121 -0.00475915 -0.00341031 -0.00238328 -0.00164437 -0.00111799 -0.000778638 -0.000569877 -0.000462034 -0.000431692 -0.000435019 -0.000483456 -0.00053551 -0.000600036 -0.000673293 -0.00073075 -0.000803403 -0.000857289 -0.000910552 -0.000964581 -0.000997265 -0.00104274 -0.00107024 
