0 0 0 0 0 0 0 0 0 0 0 0 0 0 0 0 0 0 0 0 0 0 0 0 0 0 0 0 0 0 0 0 0 0 0 0 0 0 0 0 0 0 0 0 0 0 0 0 0 0 0 0 0 0 0 0 0 0 0 0 0 0 0 0 0 0 0 0 0 0 0 0 0 0 0 0 0 0 0 0 0 0 0 0 0 0 0 0 0 0 0 0 0 0 0 0 0 0 0 0 0 0 0 0 0 0 0 0 0 0 0 0 0 0 0 0 0 0 0 0 0 0 0 0 0 0 0 0 0 0 0 0 0 0 0 0 0 0 0 0 0 0 0 0 0 0 0 0 0 0 0 0 0 0 0 0 0 0 0 0 0 0 0 0 0 0 0 0 0 0 0 0 0 0 0 0 0 0 0 0 0 0 0 0 0 0 0 0 0 0 0 0 0 0 0 0 0 0 0 0 
0 1.01776e-06 1.11056e-06 7.54829e-07 3.99078e-06 4.92273e-06 3.35811e-06 8.65124e-06 5.97614e-06 4.5439e-06 1.35978e-05 7.7543e-06 1.05704e-05 1.75381e-05 5.71391e-06 1.04865e-05 1.40328e-05 8.17942e-06 1.92569e-05 2.37802e-05 2.04985e-05 2.03315e-05 1.97507e-05 1.78876e-05 1.54446e-05 2.59489e-05 2.98301e-05 1.66132e-05 2.50754e-05 3.14784e-05 1.98767e-05 3.72083e-05 4.55541e-05 2.78848e-05 2.61288e-05 3.79539e-05 4.58191e-05 3.52858e-05 3.39667e-05 3.54445e-05 4.36235e-05 4.97796e-05 3.60127e-05 4.96448e-05 5.26417e-05 5.17643e-05 5.4607e-05 5.90342e-05 6.16471e-05 5.58281e-05 7.17575e-05 6.13662e-05 6.67296e-05 7.18273e-05 7.34103e-05 7.40475e-05 7.9462e-05 9.63914e-05 9.16273e-05 0.000120144 0.000141013 0.000179169 0.00022133 0.000302408 0.000395462 0.0005118 0.00068032 0.000879544 0.00112951 0.0014174 0.00179189 0.0021948 0.00266209 0.00315404 0.00367732 0.00414866 0.00456628 0.00488466 0.0050731 0.00508603 0.00491345 0.00455518 0.00398061 0.00322031 0.00230744 0.00134014 0.000337327 -0.000612384 -0.00148457 -0.00218446 -0.00272639 -0.00304926 -0.00318754 -0.00311035 -0.00290557 -0.0025666 -0.00215542 -0.00163966 -0.00110016 -0.000531261 9.69012e-06 0.00057982 0.00112948 0.00166944 0.00211713 0.002503 0.00276914 0.00292651 0.00288383 0.00266374 0.00222412 0.00162112 0.000830984 -5.77862e-05 -0.00102504 -0.00197935 -0.00290823 -0.00371089 -0.0043501 -0.00477728 -0.00502334 -0.00508082 -0.00496076 -0.0046951 -0.00432221 -0.00388205 -0.00337903 -0.00288985 -0.00241941 -0.00200882 -0.0016218 -0.00131982 -0.00105698 -0.000849831 -0.000667752 -0.000544709 -0.000443623 -0.000359496 -0.000308734 -0.00027004 -0.000246561 -0.000214945 -0.000218492 -0.000200326 -0.000194989 -0.000188902 -0.000190368 -0.000180747 -0.000174794 -0.000182958 -0.000166942 -0.00017178 -0.000167912 -0.000166601 -0.000159282 -0.000166363 -0.000166207 -0.000151568 -0.000162203 -0.000160493 -0.000162746 -0.000154388 -0.000145674 -0.000154493 -0.00016152 -0.000150209 -0.000130675 -0.000147424 -0.000151056 -0.00013715 -0.000146603 -0.000143885 -0.000134296 -0.000140408 -0.000146915 -0.000144432 -0.000138503 -0.000137904 -0.000135291 -0.000128489 -0.000135351 -0.000138563 -0.000131012 -0.000135887 -0.000134729 -0.000128649 -0.000134288 -0.000135603 -0.000131816 -0.000132688 -0.000132961 -0.000125061 -0.000127056 -0.000131923 -0.000125029 -0.00013443 -0.000135551 -0.000125349 -0.000134581 -0.000128407 
0 1.11056e-06 6.30239e-06 4.8265e-06 7.94611e-06 7.86379e-06 9.01457e-06 1.33015e-05 1.03069e-05 2.00238e-05 1.50648e-05 1.24099e-05 2.82449e-05 1.13719e-05 2.76319e-05 4.16041e-05 1.64579e-05 4.4528e-05 3.13085e-05 1.18181e-05 4.42902e-05 2.87309e-05 3.80676e-05 5.4302e-05 4.58299e-05 4.49119e-05 4.22404e-05 6.18109e-05 5.06913e-05 5.81562e-05 6.52014e-05 4.44893e-05 5.7359e-05 5.64318e-05 8.45917e-05 7.33951e-05 5.05089e-05 8.6401e-05 8.9137e-05 8.91176e-05 7.94143e-05 9.53393e-05 9.50319e-05 9.25761e-05 0.00010879 8.90128e-05 0.000109394 0.00010976 0.000110609 0.000113306 0.000125303 0.000131334 0.000123109 0.000152117 0.000145445 0.000156568 0.000169567 0.000193036 0.000203682 0.000238554 0.000301016 0.000355254 0.00046073 0.000601997 0.000798571 0.00102736 0.00136074 0.00176367 0.0022522 0.00284582 0.00356982 0.00439646 0.00530585 0.00630792 0.00732289 0.00828102 0.00909466 0.00973953 0.0101004 0.0101335 0.00978674 0.00907065 0.00793174 0.0064183 0.00461956 0.00268568 0.00070817 -0.00119454 -0.00290852 -0.00432251 -0.00538258 -0.00605069 -0.00630931 -0.00618821 -0.00576449 -0.00511646 -0.00427472 -0.00327521 -0.00217941 -0.0010687 3.91487e-05 0.00115372 0.00227114 0.00331934 0.00423459 0.00497734 0.00552492 0.00580539 0.00573679 0.00527157 0.00441458 0.00319007 0.00163832 -0.000146571 -0.00205328 -0.00396646 -0.0057971 -0.00739894 -0.0086638 -0.00952227 -0.0100138 -0.010126 -0.0098987 -0.00936458 -0.00863857 -0.00774602 -0.00677023 -0.00577661 -0.00486149 -0.0040179 -0.00327067 -0.00264483 -0.00213274 -0.0017052 -0.00134831 -0.00109629 -0.000885324 -0.000728803 -0.000607292 -0.000546099 -0.0004758 -0.000436186 -0.000418407 -0.000399182 -0.000381358 -0.000371463 -0.000380291 -0.000352989 -0.000362243 -0.000356943 -0.000351684 -0.000342054 -0.000346566 -0.000344618 -0.000324428 -0.00033929 -0.000317567 -0.000323868 -0.000322169 -0.000307654 -0.0002981 -0.000307251 -0.000324964 -0.000283932 -0.000292107 -0.000301058 -0.000305205 -0.000305034 -0.000278884 -0.000295947 -0.00028615 -0.000283873 -0.000288993 -0.000283351 -0.00027412 -0.000258852 -0.000286875 -0.000269993 -0.000270227 -0.000295818 -0.000258542 -0.000271064 -0.000276106 -0.000255862 -0.000274343 -0.000266354 -0.000261564 -0.000263091 -0.000258209 -0.000262725 -0.000259463 -0.000268259 -0.000266397 -0.000258909 -0.000266076 -0.000252991 -0.000252761 -0.000262481 -0.000250915 -0.000260372 
0 7.54829e-07 4.8265e-06 5.50586e-06 1.03878e-05 1.39482e-05 1.34806e-05 2.08985e-05 1.95534e-05 2.04525e-05 3.05387e-05 2.6178e-05 3.28244e-05 3.81214e-05 2.9938e-05 3.78736e-05 3.83049e-05 4.04299e-05 5.2112e-05 5.53952e-05 6.06639e-05 5.70831e-05 5.81103e-05 6.11645e-05 5.76121e-05 7.181e-05 7.75864e-05 6.83043e-05 7.6946e-05 8.62216e-05 7.99861e-05 9.66615e-05 0.00011019 9.27397e-05 9.55536e-05 0.000109734 0.000115498 0.000114316 0.000113169 0.000116169 0.000128531 0.000139346 0.00012868 0.000144151 0.000155414 0.000153272 0.000163355 0.000172749 0.000176343 0.000176637 0.000197353 0.000192125 0.000198556 0.000215362 0.000220546 0.000228322 0.000248399 0.000281224 0.000298143 0.000360504 0.000437605 0.000542658 0.000689842 0.000915516 0.00120105 0.001564 0.00205759 0.00266372 0.00340521 0.00429392 0.00538138 0.00660546 0.00797909 0.00945258 0.0109672 0.012374 0.0135954 0.0145309 0.015068 0.0151042 0.0145916 0.0135111 0.011819 0.00957872 0.00691823 0.00405063 0.00111111 -0.00170628 -0.00425702 -0.00635738 -0.00795048 -0.00894561 -0.0093563 -0.00918943 -0.00858841 -0.0076211 -0.00638275 -0.00489131 -0.00327777 -0.00160714 4.54408e-05 0.00172543 0.00337475 0.00494094 0.00629115 0.00740449 0.00819426 0.00860085 0.00847241 0.00777966 0.0064872 0.00466748 0.00235486 -0.000286369 -0.00312204 -0.00595879 -0.00866896 -0.0110356 -0.0129118 -0.0141991 -0.0149269 -0.0151012 -0.0147607 -0.0139868 -0.0128953 -0.011582 -0.0101241 -0.0086649 -0.00728227 -0.00603445 -0.0049115 -0.00398136 -0.00320256 -0.00256546 -0.00203731 -0.00164774 -0.00134006 -0.00109793 -0.000931017 -0.000817378 -0.000732293 -0.000662027 -0.00063974 -0.000605141 -0.000582308 -0.000568104 -0.000564663 -0.000543326 -0.000534327 -0.000536865 -0.00051653 -0.000513217 -0.000509122 -0.000502115 -0.000488684 -0.000496491 -0.000488865 -0.000472678 -0.000480615 -0.000477188 -0.000472614 -0.000463163 -0.000455466 -0.000455712 -0.000463208 -0.000447538 -0.000426277 -0.000440959 -0.000439569 -0.000427386 -0.000432743 -0.000428234 -0.00041661 -0.000423177 -0.000427867 -0.000420867 -0.000419256 -0.000411688 -0.000406965 -0.000403919 -0.000403356 -0.000408635 -0.000401207 -0.000401757 -0.000402191 -0.000394471 -0.000399556 -0.000400147 -0.000396021 -0.000396483 -0.000393785 -0.000387151 -0.000387314 -0.000390395 -0.000386556 -0.00039299 -0.000394248 -0.000388622 -0.000395191 -0.000386458 
0 3.99078e-06 7.94611e-06 1.03878e-05 1.33138e-05 1.71358e-05 1.94225e-05 2.41303e-05 2.74137e-05 2.9252e-05 3.56311e-05 3.68529e-05 4.00162e-05 4.76216e-05 4.74979e-05 5.3243e-05 5.88611e-05 5.7565e-05 6.36147e-05 6.68012e-05 6.91516e-05 7.55844e-05 7.98736e-05 8.58433e-05 8.7454e-05 9.31176e-05 0.000100036 9.82386e-05 0.00010769 0.000113541 0.000110823 0.000120326 0.00012661 0.000128683 0.000134768 0.000143139 0.000148355 0.000152575 0.000161786 0.000164576 0.000173984 0.000181274 0.000181824 0.000193743 0.000200351 0.000205083 0.000212651 0.000224323 0.000229418 0.000236683 0.000253032 0.000256836 0.000268835 0.000284305 0.000298299 0.000311874 0.000339858 0.000375624 0.000415076 0.000490054 0.000593465 0.000737865 0.000940988 0.0012356 0.00161731 0.00211502 0.00276466 0.00357606 0.0045655 0.00576128 0.0071909 0.00882144 0.0106373 0.0125808 0.0145573 0.0164087 0.0180114 0.0192281 0.0199202 0.0199607 0.019282 0.0178406 0.0156167 0.0126821 0.00921139 0.00544175 0.00158918 -0.00211568 -0.00545919 -0.00824114 -0.010345 -0.0116831 -0.0122454 -0.012075 -0.0113076 -0.0100559 -0.00842171 -0.00647626 -0.00434943 -0.00214424 6.91493e-05 0.00229269 0.00447299 0.00652085 0.00830703 0.00975906 0.0107828 0.0112721 0.0110807 0.010139 0.008428 0.00600988 0.00297393 -0.000503173 -0.00422241 -0.00795793 -0.0114982 -0.0145987 -0.0170606 -0.0187748 -0.0197373 -0.0199744 -0.0195384 -0.0185377 -0.0171063 -0.0153783 -0.0134751 -0.0115555 -0.00972916 -0.00806729 -0.00659137 -0.0053428 -0.00430245 -0.00344593 -0.00275141 -0.00221539 -0.00180164 -0.00148069 -0.00125303 -0.00109197 -0.00097648 -0.000890552 -0.000844311 -0.000804723 -0.000774533 -0.000757201 -0.000744389 -0.000728212 -0.000715622 -0.000712375 -0.000696629 -0.000689221 -0.000683405 -0.000673496 -0.000663237 -0.000658501 -0.000652404 -0.000639097 -0.000637033 -0.000628801 -0.000621628 -0.00061811 -0.000608998 -0.000604855 -0.00060225 -0.000597112 -0.000588573 -0.00058929 -0.000585989 -0.000574556 -0.000576335 -0.000572284 -0.000564491 -0.000563587 -0.000558614 -0.000555048 -0.000551381 -0.00055023 -0.000549503 -0.00054388 -0.000544182 -0.000541414 -0.000536076 -0.000537057 -0.000534011 -0.000530947 -0.000530299 -0.000528026 -0.000525696 -0.000524551 -0.000525485 -0.000522775 -0.000522961 -0.000524087 -0.000519162 -0.00052118 -0.00051822 -0.000512736 -0.00051951 -0.000517695 
0 4.92273e-06 7.86379e-06 1.39482e-05 1.71358e-05 1.97876e-05 2.79348e-05 2.72573e-05 3.3265e-05 4.35376e-05 3.75487e-05 4.83248e-05 5.46152e-05 4.743e-05 6.65487e-05 6.9174e-05 6.60633e-05 8.3447e-05 7.80431e-05 7.66985e-05 8.9674e-05 9.31159e-05 9.87275e-05 0.000107601 0.000117278 0.000112109 0.000114268 0.000136361 0.000131962 0.000135313 0.000154619 0.000144872 0.00014544 0.000165496 0.000181069 0.000177164 0.000172417 0.000194718 0.000205331 0.000211918 0.000212099 0.000219463 0.000240087 0.00023831 0.000250082 0.000256787 0.00026924 0.000278283 0.000286056 0.000303919 0.000305994 0.000328715 0.000335677 0.00035529 0.000371696 0.000395647 0.000429052 0.000465042 0.000536627 0.000616562 0.000756682 0.000935998 0.00120824 0.00156509 0.00205338 0.00268857 0.00349647 0.00451668 0.00575458 0.00726465 0.00902238 0.011061 0.0132977 0.0156992 0.0180998 0.0203792 0.022331 0.0238101 0.0246327 0.0246726 0.023824 0.022028 0.0192965 0.0157093 0.0114852 0.00686128 0.00215207 -0.00239852 -0.00648897 -0.00993615 -0.0125314 -0.0142237 -0.0149477 -0.0148158 -0.013906 -0.0124062 -0.010391 -0.00802924 -0.00540469 -0.00268839 9.08947e-05 0.0028384 0.00553848 0.00803312 0.0102433 0.0120018 0.0132391 0.0137689 0.0135007 0.0122932 0.0101774 0.00716986 0.00345023 -0.000826834 -0.00537593 -0.00996617 -0.014279 -0.018069 -0.0210843 -0.0232147 -0.0244094 -0.02471 -0.024196 -0.0229848 -0.0212414 -0.0191131 -0.0168001 -0.0144333 -0.0121861 -0.0101087 -0.00829645 -0.00672299 -0.00542416 -0.00434329 -0.00348513 -0.00279986 -0.00227367 -0.00188056 -0.00158316 -0.00138013 -0.0012244 -0.00113316 -0.00105179 -0.00101194 -0.000972654 -0.000949961 -0.000928688 -0.000911635 -0.000902918 -0.000880997 -0.00087941 -0.00085996 -0.000853878 -0.000842036 -0.000833851 -0.000821315 -0.000807365 -0.000811736 -0.000794149 -0.00078411 -0.000772305 -0.000773929 -0.000775351 -0.000752043 -0.000741596 -0.000746383 -0.000754391 -0.000732765 -0.000720208 -0.00073092 -0.000715026 -0.000710322 -0.000716717 -0.000704398 -0.000693066 -0.000690972 -0.000694694 -0.000687001 -0.000684743 -0.000691128 -0.000674608 -0.000672014 -0.000678146 -0.000665133 -0.000668285 -0.000669555 -0.000659516 -0.000659403 -0.000658601 -0.00065623 -0.000654623 -0.000658946 -0.000655786 -0.000648545 -0.00065436 -0.000646407 -0.00064551 -0.000653535 -0.000642045 -0.000648805 
0 3.35811e-06 9.01457e-06 1.34806e-05 1.94225e-05 2.79348e-05 2.95881e-05 3.64417e-05 4.49642e-05 4.01726e-05 5.44343e-05 6.15126e-05 5.4288e-05 7.88286e-05 7.00655e-05 6.50325e-05 9.4971e-05 7.65362e-05 9.57396e-05 0.000121295 0.000101222 0.000121821 0.000120768 0.000115413 0.000129095 0.000139094 0.000153525 0.000142894 0.000161008 0.000164808 0.000166986 0.000194064 0.000195502 0.000207611 0.000187041 0.000209331 0.000243538 0.00022257 0.000231515 0.000240565 0.000264967 0.000264153 0.000276833 0.000291669 0.000292401 0.000325947 0.00031986 0.000338684 0.000351859 0.000367077 0.000375279 0.000388768 0.000417 0.000414814 0.000452255 0.000474088 0.000514333 0.00056033 0.000647875 0.000758052 0.000911017 0.00115762 0.00147513 0.00192219 0.00250444 0.00329187 0.00425857 0.00548723 0.00698787 0.00879382 0.010898 0.0133088 0.0159776 0.018782 0.0216047 0.0242528 0.026546 0.028238 0.0291864 0.0292006 0.0281874 0.0260437 0.0228342 0.0186484 0.0137242 0.00832314 0.00280647 -0.00251476 -0.00732566 -0.011385 -0.0144796 -0.0165044 -0.0174379 -0.0173532 -0.0163664 -0.0146256 -0.0122902 -0.00951688 -0.00645206 -0.00321503 8.92527e-05 0.00337396 0.00654088 0.00948156 0.0120583 0.0141207 0.0155087 0.0160704 0.0156726 0.0142151 0.0116778 0.00812749 0.00374084 -0.00126561 -0.00660286 -0.0119702 -0.0170052 -0.021423 -0.0249594 -0.0274876 -0.0289072 -0.0292863 -0.0286974 -0.0273161 -0.0252683 -0.0227937 -0.0200731 -0.0173137 -0.0146355 -0.0121823 -0.0100136 -0.00814064 -0.00656505 -0.00526915 -0.00424105 -0.00340182 -0.0027713 -0.00228575 -0.00194068 -0.00166691 -0.00149724 -0.00137194 -0.00127856 -0.00121972 -0.00117798 -0.00115075 -0.00110876 -0.00110802 -0.00107647 -0.00106225 -0.00104638 -0.00103729 -0.0010181 -0.00100019 -0.00100592 -0.000976796 -0.0009815 -0.000961172 -0.000951756 -0.000953301 -0.000947082 -0.000927922 -0.000900405 -0.000931143 -0.000911809 -0.000889372 -0.000879557 -0.000872355 -0.000885816 -0.000861251 -0.000863575 -0.000855984 -0.000843598 -0.000845462 -0.000846 -0.000852492 -0.000822033 -0.000830661 -0.000825166 -0.00079749 -0.000826964 -0.000810414 -0.000799849 -0.00081541 -0.000793751 -0.000796752 -0.000801302 -0.000794267 -0.000795924 -0.00079135 -0.000787239 -0.000779481 -0.000780352 -0.000782439 -0.0007771 -0.000784577 -0.000784814 -0.00077927 -0.000783842 -0.000776463 
0 8.65124e-06 1.33015e-05 2.08985e-05 2.41303e-05 2.72573e-05 3.64417e-05 3.90449e-05 4.77582e-05 5.60568e-05 5.70934e-05 6.87706e-05 7.04664e-05 7.68204e-05 9.04658e-05 9.18759e-05 0.000105338 0.000106669 0.000107589 0.000116813 0.0001139 0.000134069 0.000142929 0.000147567 0.000166678 0.000159875 0.000166141 0.000183964 0.000188403 0.000193493 0.000206958 0.000207327 0.000204241 0.00023476 0.000245076 0.000247079 0.00025941 0.000265422 0.000287703 0.000300726 0.000302491 0.000308897 0.000333776 0.000339579 0.00034267 0.000368271 0.000373126 0.000385943 0.00040634 0.000423811 0.00043073 0.000458378 0.000483176 0.00049307 0.000530371 0.000568374 0.000610645 0.000670767 0.00078023 0.000907742 0.00109829 0.00138649 0.00177473 0.00229172 0.00299062 0.00391209 0.00505169 0.00648726 0.00824721 0.010353 0.012787 0.0155748 0.0186323 0.0218348 0.0250244 0.0280279 0.030602 0.0324989 0.0335321 0.0335226 0.0323293 0.0298669 0.02621 0.0214849 0.0159288 0.00982761 0.00358486 -0.00244633 -0.00791452 -0.012557 -0.0161182 -0.0184914 -0.0196417 -0.0196556 -0.0186161 -0.016694 -0.0140616 -0.0109327 -0.00744058 -0.00372719 9.90253e-05 0.00387913 0.00750434 0.0108394 0.0137638 0.0160729 0.0175896 0.0181294 0.0175896 0.015856 0.0129208 0.00884473 0.0038456 -0.001842 -0.00789198 -0.0139667 -0.0196544 -0.024643 -0.0286639 -0.0315598 -0.0332127 -0.0336688 -0.0330415 -0.031498 -0.0292037 -0.0263982 -0.0233269 -0.0201802 -0.0171189 -0.0142847 -0.0117812 -0.00959873 -0.00775484 -0.00623693 -0.00502661 -0.00404133 -0.00328432 -0.00271817 -0.00229525 -0.0019736 -0.00175838 -0.00161424 -0.00149424 -0.00142233 -0.00137596 -0.0013376 -0.00129632 -0.00128707 -0.00126431 -0.00123846 -0.00122939 -0.00121611 -0.00119486 -0.00118113 -0.00117718 -0.00114739 -0.00114059 -0.00113562 -0.00111314 -0.00109604 -0.00109096 -0.00108496 -0.00107074 -0.00106329 -0.00104147 -0.00104671 -0.00105237 -0.00102772 -0.00102026 -0.00101784 -0.00100721 -0.000999779 -0.00100331 -0.000984817 -0.000971092 -0.000975023 -0.000961736 -0.000967392 -0.00096602 -0.00095601 -0.000956447 -0.000943676 -0.000943916 -0.000941431 -0.000934911 -0.000936279 -0.00092684 -0.00092289 -0.000920919 -0.000918663 -0.000920297 -0.000920646 -0.000920267 -0.000916778 -0.000915952 -0.000908062 -0.000903202 -0.000906431 -0.000902583 -0.00090975 
0 5.97614e-06 1.03069e-05 1.95534e-05 2.74137e-05 3.3265e-05 4.49642e-05 4.77582e-05 5.32024e-05 6.60069e-05 6.5331e-05 7.66101e-05 8.69829e-05 8.45639e-05 0.000100274 0.000104698 0.000107306 0.00012476 0.000128631 0.000137966 0.000147398 0.000153153 0.000160314 0.000162838 0.000180455 0.00018417 0.00018861 0.00021219 0.00020981 0.000218983 0.000241286 0.000243861 0.00025237 0.000266119 0.000277914 0.000282999 0.000295387 0.000308525 0.000316942 0.000336568 0.000340366 0.000356151 0.000379636 0.000385073 0.000401665 0.000421301 0.000437489 0.000446791 0.00047212 0.000489166 0.000497875 0.000529424 0.000548302 0.0005698 0.000602803 0.000652231 0.000698543 0.000776811 0.000902806 0.00105727 0.00129031 0.00162568 0.00208802 0.00268881 0.00351017 0.00456857 0.00589224 0.00754028 0.00956166 0.011961 0.0147267 0.0178718 0.0212945 0.02486 0.0283847 0.0316949 0.0345068 0.0365717 0.0376632 0.0376084 0.03623 0.0334707 0.0294043 0.0241973 0.0180784 0.0113666 0.00447903 -0.00218451 -0.00825429 -0.0134295 -0.0174386 -0.0201572 -0.0215515 -0.0216926 -0.0206489 -0.0185905 -0.0157161 -0.0122683 -0.00838902 -0.00422729 8.21227e-05 0.00433123 0.00837846 0.0120767 0.0152989 0.0178127 0.0194103 0.0198981 0.0191844 0.0171692 0.0138449 0.00928474 0.00372031 -0.00257858 -0.00926574 -0.0159581 -0.0222255 -0.0277211 -0.0321813 -0.0354114 -0.0372918 -0.0378363 -0.0371893 -0.0355106 -0.033006 -0.0299135 -0.0265216 -0.0230198 -0.0195994 -0.0164067 -0.0135686 -0.011085 -0.00897418 -0.00723484 -0.00583421 -0.00470608 -0.00382295 -0.00316967 -0.00266954 -0.00230121 -0.00204064 -0.00187025 -0.00173076 -0.00164194 -0.00158708 -0.00153609 -0.00149604 -0.00147097 -0.00145101 -0.0014159 -0.00140482 -0.00138598 -0.00136127 -0.00134816 -0.00133555 -0.00131639 -0.00129775 -0.00129622 -0.00127597 -0.00126238 -0.00125523 -0.00123874 -0.00123324 -0.00121936 -0.00120468 -0.00119623 -0.00119079 -0.00117371 -0.00116145 -0.00116716 -0.00114769 -0.0011381 -0.00114232 -0.00112712 -0.00112387 -0.00112048 -0.0011125 -0.00110451 -0.00109556 -0.00109576 -0.0010845 -0.00108127 -0.00108272 -0.00106985 -0.00107082 -0.00106836 -0.00106138 -0.00106299 -0.00105886 -0.00105577 -0.00105142 -0.0010494 -0.00104443 -0.00103834 -0.00104581 -0.00104186 -0.00104233 -0.00104892 -0.00103668 -0.00103889 
0 4.5439e-06 2.00238e-05 2.04525e-05 2.9252e-05 4.35376e-05 4.01726e-05 5.60568e-05 6.60069e-05 6.15669e-05 8.4462e-05 8.55452e-05 8.72231e-05 0.000113682 0.000105567 0.000114413 0.000134419 0.000126766 0.000144228 0.000160175 0.00016227 0.00017204 0.000182456 0.000190991 0.000190952 0.000214066 0.000228827 0.000221063 0.000243273 0.000253577 0.000254503 0.000275608 0.000295067 0.000302177 0.00029545 0.000319877 0.000348909 0.000348451 0.000356276 0.000371257 0.000396163 0.000407811 0.000417329 0.000437654 0.00045127 0.000476051 0.000486454 0.000506532 0.000529443 0.000546104 0.000570453 0.000590368 0.000623777 0.000645055 0.000689855 0.000738864 0.000801531 0.000899385 0.00103384 0.0012311 0.0014959 0.00189436 0.00241502 0.00312422 0.00405458 0.00526102 0.00676851 0.0086355 0.0109164 0.0135985 0.0167017 0.0201721 0.0239463 0.0278262 0.0316678 0.0352196 0.03824 0.0404223 0.0415583 0.0414257 0.0398715 0.0368358 0.0324097 0.0267784 0.0201744 0.0129495 0.00550609 -0.00170085 -0.00831175 -0.0139563 -0.0183962 -0.021447 -0.0231163 -0.0234004 -0.0224106 -0.0202568 -0.0172123 -0.0134759 -0.0092646 -0.00468018 5.06704e-05 0.0047435 0.00916035 0.013197 0.0166496 0.0193288 0.0209468 0.0213638 0.0204381 0.0181456 0.0144358 0.00944432 0.00336259 -0.00346779 -0.0107134 -0.017927 -0.0246979 -0.0306383 -0.0354876 -0.0390233 -0.0411173 -0.0417755 -0.0411217 -0.039353 -0.0366663 -0.033352 -0.0296601 -0.0258538 -0.0220887 -0.0185755 -0.015396 -0.0126256 -0.0102457 -0.00828323 -0.00668523 -0.0054038 -0.00440212 -0.00363626 -0.00306874 -0.00263371 -0.00233866 -0.00211894 -0.00197118 -0.00185861 -0.00178997 -0.00173375 -0.001687 -0.00166067 -0.00162666 -0.00160565 -0.00157808 -0.00156394 -0.00153864 -0.00151894 -0.0015056 -0.00148536 -0.00147375 -0.00144793 -0.00143704 -0.00142908 -0.00141551 -0.00139177 -0.00137141 -0.00138148 -0.00136849 -0.00134075 -0.00132706 -0.00132871 -0.00132498 -0.00129953 -0.00129996 -0.00129319 -0.00126988 -0.00127394 -0.00127151 -0.00125864 -0.0012468 -0.00124473 -0.0012379 -0.00122141 -0.00123266 -0.00122322 -0.00120684 -0.00121861 -0.00120217 -0.00119639 -0.00120488 -0.00119112 -0.0011913 -0.001189 -0.00118034 -0.0011811 -0.00117946 -0.0011782 -0.00117409 -0.00117497 -0.00117348 -0.00116782 -0.00117297 -0.00116895 
0 1.35978e-05 1.50648e-05 3.05387e-05 3.56311e-05 3.75487e-05 5.44343e-05 5.70934e-05 6.5331e-05 8.4462e-05 8.28127e-05 9.42022e-05 0.000111861 0.000104206 0.000124887 0.00014191 0.000134124 0.00016142 0.000162583 0.00015655 0.000183059 0.000185183 0.000201638 0.000219962 0.000228759 0.000236348 0.000235828 0.000262503 0.000268867 0.000280598 0.000298719 0.000298712 0.000310274 0.000318816 0.000363166 0.000366255 0.000355823 0.000391733 0.000409181 0.000430402 0.000430128 0.000452961 0.000470649 0.000486788 0.00051154 0.000512557 0.000549492 0.000561074 0.000586434 0.000606687 0.000634219 0.000663885 0.000685131 0.000736502 0.00076667 0.000835726 0.000907505 0.001027 0.00117963 0.00140802 0.00173266 0.00216855 0.0027826 0.00357994 0.00464742 0.00598681 0.007698 0.00978247 0.0123174 0.0152879 0.0187045 0.0225003 0.0265698 0.0307582 0.0348464 0.0386191 0.0417707 0.0440575 0.0451817 0.0449698 0.0432241 0.0399529 0.0352047 0.0292149 0.0222055 0.0145616 0.00666683 -0.00100452 -0.00806824 -0.0141381 -0.0189602 -0.0223567 -0.0242933 -0.0247675 -0.0238523 -0.0216863 -0.0185093 -0.0145603 -0.0100368 -0.00510636 1.43122e-05 0.00507338 0.0098418 0.0141455 0.0177957 0.0205566 0.0221715 0.0224645 0.0213295 0.0187346 0.0146776 0.0092845 0.00276575 -0.00452922 -0.0122325 -0.0198783 -0.0270662 -0.0333853 -0.0385772 -0.0423738 -0.0446836 -0.0454524 -0.0448389 -0.0429902 -0.0401918 -0.0366755 -0.0327546 -0.0286484 -0.0245978 -0.0207623 -0.0172734 -0.014205 -0.0115693 -0.00937946 -0.0075721 -0.00614534 -0.00500295 -0.00414201 -0.00347269 -0.00299781 -0.00263691 -0.00238613 -0.00221137 -0.00208324 -0.00199906 -0.00192563 -0.00189264 -0.00183825 -0.00181803 -0.00178565 -0.00176324 -0.00173647 -0.00171616 -0.00170359 -0.00166613 -0.00166123 -0.0016323 -0.00162395 -0.00160206 -0.00157572 -0.00156307 -0.00155587 -0.0015543 -0.0015042 -0.00150389 -0.0015099 -0.00149428 -0.00147889 -0.00145602 -0.00146011 -0.00144147 -0.00143727 -0.00143258 -0.00141237 -0.00140113 -0.00138663 -0.00139696 -0.00138105 -0.00137552 -0.00138414 -0.00135249 -0.00135735 -0.00135886 -0.00133855 -0.00134817 -0.00133991 -0.00132463 -0.00132708 -0.00132143 -0.00131633 -0.0013203 -0.00131742 -0.00131374 -0.00131475 -0.00130709 -0.00130257 -0.00130109 -0.00129714 -0.0013003 -0.00130101 
0 7.7543e-06 1.24099e-05 2.6178e-05 3.68529e-05 4.83248e-05 6.15126e-05 6.87706e-05 7.66101e-05 8.55452e-05 9.42022e-05 0.000103713 0.000117486 0.000124419 0.00013455 0.000147507 0.000148296 0.000168618 0.000180793 0.000188612 0.000214211 0.00020907 0.000219676 0.000233767 0.000232218 0.000261049 0.000273105 0.000281797 0.00029688 0.000308066 0.0003221 0.000340608 0.00036675 0.000362645 0.000377972 0.000395035 0.000406748 0.000438164 0.000436696 0.000453295 0.000480414 0.000503045 0.000514784 0.000536445 0.000568193 0.000574105 0.000610651 0.000629535 0.00064806 0.000676285 0.000706098 0.000731365 0.000757571 0.000814111 0.000849919 0.000920774 0.0010164 0.0011497 0.00132727 0.00159665 0.00197441 0.00247082 0.00316787 0.00408132 0.00527239 0.00677237 0.00867842 0.0109952 0.0137766 0.0170338 0.020753 0.0248444 0.0291894 0.033635 0.0379407 0.041865 0.0451175 0.0474449 0.0485402 0.0482089 0.0462916 0.0427965 0.0377861 0.031489 0.0241658 0.0161913 0.00795033 -9.49478e-05 -0.00752717 -0.0139596 -0.0191296 -0.0228577 -0.0250714 -0.0257515 -0.0249592 -0.0228347 -0.0195975 -0.0154846 -0.0107114 -0.00548713 -5.31781e-05 0.00531865 0.0103767 0.0149025 0.0186807 0.0214687 0.0230261 0.0231737 0.0218114 0.0189204 0.0145371 0.00879467 0.00191155 -0.00576292 -0.0138249 -0.0218124 -0.0293235 -0.0359617 -0.041431 -0.045466 -0.0479619 -0.0488688 -0.0483044 -0.0464317 -0.0435451 -0.0398929 -0.0357683 -0.0314151 -0.0270952 -0.0229721 -0.0191825 -0.0158249 -0.0129384 -0.0105142 -0.00850636 -0.00691314 -0.00564547 -0.00466644 -0.00391183 -0.00337408 -0.00296243 -0.00266792 -0.00246758 -0.00232482 -0.002216 -0.00213669 -0.00209541 -0.00203427 -0.0020021 -0.00197136 -0.00194282 -0.00190684 -0.00188874 -0.00186747 -0.00183201 -0.00182773 -0.0017981 -0.00177684 -0.00176418 -0.00175608 -0.00172831 -0.00170663 -0.0017056 -0.00168124 -0.00167737 -0.00165044 -0.00162719 -0.00162743 -0.00161419 -0.00160085 -0.00158529 -0.00157857 -0.00155934 -0.00156177 -0.00156145 -0.00153895 -0.00154219 -0.00152098 -0.00150909 -0.00151292 -0.00149639 -0.00149696 -0.00148945 -0.00147737 -0.00147563 -0.00147063 -0.00146859 -0.00146657 -0.00146374 -0.00145658 -0.00145214 -0.00144392 -0.00143605 -0.0014396 -0.00143578 -0.0014406 -0.00144429 -0.00143726 -0.00143995 -0.00143039 
0 1.05704e-05 2.82449e-05 3.28244e-05 4.00162e-05 5.46152e-05 5.4288e-05 7.04664e-05 8.69829e-05 8.72231e-05 0.000111861 0.000117486 0.000119433 0.000146407 0.00014549 0.000158302 0.000178158 0.000178389 0.000193392 0.0002031 0.000217851 0.00022747 0.000243411 0.000269232 0.000262135 0.000287116 0.00030555 0.000296799 0.000330123 0.000341587 0.000345666 0.000366311 0.000383634 0.000401857 0.000411996 0.000437502 0.000453312 0.000474254 0.000491243 0.000500036 0.000538118 0.000547296 0.000560846 0.000591229 0.000611062 0.000630052 0.000653995 0.000688868 0.000700958 0.000738552 0.000774823 0.000797001 0.000842715 0.000893502 0.000951324 0.00102028 0.00114531 0.00129076 0.00149869 0.00181221 0.0022361 0.00280721 0.00358043 0.00462059 0.00592914 0.00760586 0.00969979 0.0122536 0.0152783 0.0188159 0.0228217 0.0271816 0.03178 0.0364367 0.0409231 0.0449426 0.0482606 0.0505733 0.0516149 0.051139 0.0490663 0.0453673 0.0401506 0.033608 0.0260601 0.0178462 0.00936292 0.00104227 -0.00666882 -0.0133966 -0.018874 -0.022912 -0.0254026 -0.0263019 -0.0256754 -0.0236466 -0.0204186 -0.0162009 -0.0112469 -0.00579515 -0.00012928 0.0054876 0.0107653 0.0154557 0.0192925 0.0220505 0.0234995 0.0234798 0.021881 0.0187061 0.0140239 0.0079864 0.000815856 -0.00714665 -0.0154694 -0.0237088 -0.0314552 -0.0383467 -0.044035 -0.0482833 -0.0509445 -0.052008 -0.0515138 -0.0496712 -0.0467323 -0.0430018 -0.038712 -0.0341636 -0.0295982 -0.025219 -0.0211453 -0.01751 -0.0143732 -0.0117104 -0.00950545 -0.0077279 -0.00633411 -0.00522104 -0.00438354 -0.00376057 -0.0033011 -0.00295291 -0.00272176 -0.00255976 -0.00242478 -0.00234401 -0.00228282 -0.00223169 -0.00218077 -0.00216059 -0.00212419 -0.0020885 -0.0020743 -0.0020425 -0.00201618 -0.00199484 -0.00198001 -0.00194263 -0.00192576 -0.00191609 -0.00188286 -0.00187011 -0.00184763 -0.00183497 -0.00182248 -0.00180165 -0.00178876 -0.00177919 -0.00177174 -0.0017412 -0.00174289 -0.00173769 -0.00170355 -0.00170928 -0.00169334 -0.00167366 -0.00167372 -0.00166409 -0.00165798 -0.00164443 -0.00164535 -0.00163453 -0.00162071 -0.00163004 -0.00161166 -0.0016065 -0.00160862 -0.00158996 -0.0015905 -0.00158548 -0.0015825 -0.001586 -0.00158146 -0.00158223 -0.00157222 -0.00156882 -0.00156599 -0.0015576 -0.00156706 -0.0015646 
0 1.75381e-05 1.13719e-05 3.81214e-05 4.76216e-05 4.743e-05 7.88286e-05 7.68204e-05 8.45639e-05 0.000113682 0.000104206 0.000124419 0.000146407 0.000137908 0.00016535 0.000177504 0.000179889 0.000205665 0.000213943 0.000222473 0.000234719 0.000252822 0.000263886 0.000272906 0.000304073 0.000304636 0.000313213 0.00034393 0.000351833 0.000368728 0.000387669 0.000408277 0.000410836 0.000423159 0.000469968 0.000476582 0.000479336 0.000504696 0.000534997 0.000557279 0.000567606 0.000593828 0.000615596 0.000646934 0.000668104 0.00068489 0.000722506 0.000746152 0.000772223 0.000803645 0.000841711 0.00087197 0.000915205 0.000977595 0.00103449 0.00112796 0.00125915 0.00143485 0.00167631 0.00203366 0.00251954 0.00316133 0.00404082 0.00518791 0.00665073 0.00849204 0.0107963 0.0135726 0.0168531 0.020657 0.0249259 0.0295369 0.034346 0.0391864 0.0437832 0.0478732 0.0511839 0.053456 0.0543814 0.0537688 0.0515237 0.0476637 0.0422693 0.0355641 0.0278599 0.0195052 0.0108712 0.00238154 -0.0055193 -0.0124736 -0.0182086 -0.0225317 -0.0252831 -0.0264218 -0.0259878 -0.0241174 -0.0209522 -0.0167114 -0.0116412 -0.00605528 -0.000229177 0.00553816 0.0109697 0.0157404 0.0195801 0.022239 0.0235455 0.023327 0.0214991 0.018054 0.0131136 0.00683607 -0.000540156 -0.00869136 -0.0171812 -0.0255752 -0.0334823 -0.0405403 -0.046407 -0.0508182 -0.0536493 -0.0548508 -0.0544766 -0.0526824 -0.0497585 -0.045967 -0.0415799 -0.0368588 -0.032094 -0.0274691 -0.0231408 -0.0192386 -0.0158468 -0.0129562 -0.0105403 -0.00859261 -0.00704102 -0.00581892 -0.00487263 -0.00417866 -0.00365292 -0.00326449 -0.00299533 -0.0028047 -0.00266057 -0.00255622 -0.00249291 -0.00242648 -0.00237942 -0.00234419 -0.00230713 -0.00227055 -0.00224329 -0.00222117 -0.00218218 -0.00216185 -0.00213908 -0.00211708 -0.00209505 -0.00206313 -0.00204895 -0.00203866 -0.00202217 -0.00198071 -0.00196849 -0.00197599 -0.00194588 -0.00192288 -0.00190893 -0.00190312 -0.00188352 -0.00186803 -0.0018716 -0.00184295 -0.00183053 -0.00183094 -0.00181701 -0.00180704 -0.00179784 -0.00179476 -0.00177278 -0.00176955 -0.00177362 -0.00174698 -0.00175539 -0.00174934 -0.00172598 -0.00174203 -0.00172967 -0.00171846 -0.00172855 -0.00171132 -0.00170923 -0.00171252 -0.00170081 -0.00170546 -0.00170456 -0.00169802 -0.00170226 -0.00169698 
0 5.71391e-06 2.76319e-05 2.9938e-05 4.74979e-05 6.65487e-05 7.00655e-05 9.04658e-05 0.000100274 0.000105567 0.000124887 0.00013455 0.00014549 0.00016535 0.000175194 0.000184468 0.000203583 0.000211362 0.000225228 0.0002501 0.000260258 0.00027515 0.000287062 0.000296575 0.000310671 0.000327175 0.00035693 0.000365962 0.000378338 0.000400655 0.000411004 0.000433632 0.000461202 0.000483944 0.000478653 0.000498298 0.000541596 0.000556004 0.000571568 0.000584534 0.000621053 0.000647466 0.000667142 0.000693704 0.000716485 0.000755203 0.00077426 0.000809739 0.000836698 0.000872888 0.000910649 0.00094573 0.00100201 0.00105417 0.00113905 0.00123519 0.00139044 0.00158724 0.00187392 0.00227585 0.00281853 0.00355535 0.00452435 0.00580395 0.00740682 0.00944311 0.0119369 0.0149524 0.0184783 0.0225411 0.0270506 0.0318832 0.0368838 0.0418486 0.0465281 0.0506239 0.0539046 0.056064 0.056864 0.056081 0.0536918 0.049674 0.0441674 0.0373534 0.0295844 0.0211642 0.0124843 0.00392347 -0.00407256 -0.0111816 -0.0171207 -0.0216857 -0.0246858 -0.0260657 -0.0258623 -0.024187 -0.0211561 -0.0169592 -0.0118723 -0.00623155 -0.00034729 0.00549049 0.0109733 0.0157525 0.0195162 0.0220324 0.0231477 0.0227182 0.0206599 0.0169787 0.0118216 0.00536692 -0.00213216 -0.0103764 -0.0189313 -0.0274013 -0.0353793 -0.0425435 -0.0485187 -0.0530807 -0.0560493 -0.0574138 -0.0571624 -0.055485 -0.0525979 -0.0488107 -0.0443508 -0.0395219 -0.0345755 -0.0297409 -0.0251764 -0.0210242 -0.0173845 -0.0142545 -0.0116449 -0.00950062 -0.00780298 -0.00644305 -0.00540695 -0.00461133 -0.0040277 -0.00358891 -0.00327731 -0.00305782 -0.00289097 -0.00278202 -0.00268892 -0.00263211 -0.00256955 -0.00253219 -0.00248921 -0.00245521 -0.00242198 -0.00238615 -0.00236762 -0.00233195 -0.00230917 -0.00227592 -0.00226216 -0.00224382 -0.00221354 -0.00218538 -0.00216554 -0.00217155 -0.00213672 -0.00210243 -0.00209203 -0.00208498 -0.00206866 -0.00204515 -0.00203689 -0.00201268 -0.00200173 -0.00199967 -0.00198783 -0.00197623 -0.00195609 -0.00194957 -0.00193635 -0.00192501 -0.00192706 -0.00191108 -0.00189956 -0.00189652 -0.00188503 -0.00187974 -0.00188105 -0.00187076 -0.00186564 -0.0018658 -0.00184965 -0.0018483 -0.00184667 -0.00183511 -0.00184432 -0.00183902 -0.00183541 -0.00184246 -0.00182929 -0.00183207 
0 1.04865e-05 4.16041e-05 3.78736e-05 5.3243e-05 6.9174e-05 6.50325e-05 9.18759e-05 0.000104698 0.000114413 0.00014191 0.000147507 0.000158302 0.000177504 0.000184468 0.000200962 0.00022152 0.000229487 0.000245855 0.00026071 0.000267081 0.000291961 0.000309253 0.000328776 0.000352623 0.000356519 0.000375063 0.000389508 0.000405404 0.000432396 0.000449365 0.000462606 0.000476385 0.000508929 0.000527282 0.000555935 0.000580366 0.000583721 0.000624805 0.000648549 0.000668704 0.00069019 0.000718201 0.000746577 0.000767783 0.000810419 0.000824882 0.000866936 0.000903141 0.000936551 0.000979386 0.00102541 0.00108843 0.00114238 0.00124768 0.00135897 0.00152923 0.00176034 0.00208965 0.00253938 0.00314609 0.00397934 0.00504886 0.00645583 0.0082189 0.0104432 0.0131381 0.0163832 0.0201599 0.0244598 0.0291912 0.0342191 0.039377 0.0444257 0.0491378 0.0532049 0.0564008 0.0584127 0.0590469 0.0580961 0.0555565 0.051415 0.0458321 0.0389871 0.0312177 0.0228232 0.0141829 0.0056583 -0.00234972 -0.0095326 -0.0156173 -0.0203709 -0.0235994 -0.0252212 -0.0252738 -0.0238299 -0.0209932 -0.0169226 -0.0119184 -0.00632204 -0.000477366 0.00533114 0.0107619 0.0154582 0.019075 0.0214015 0.0222899 0.0216354 0.0193541 0.0154776 0.0101534 0.0035927 -0.00395293 -0.0121873 -0.0207202 -0.0291744 -0.037157 -0.0443469 -0.0503874 -0.0550592 -0.0581661 -0.0596848 -0.0595903 -0.0580596 -0.0552647 -0.0515145 -0.047033 -0.0421353 -0.0370468 -0.0320277 -0.0272491 -0.0228687 -0.0189804 -0.0156188 -0.0128046 -0.0104706 -0.00860531 -0.00711117 -0.00597008 -0.00507284 -0.00441792 -0.00392647 -0.00357061 -0.00331124 -0.00312752 -0.0030034 -0.0028902 -0.00283075 -0.00276542 -0.0027205 -0.00267206 -0.00264472 -0.00260641 -0.00256622 -0.00254899 -0.00250642 -0.0024863 -0.00245565 -0.00242725 -0.00239383 -0.00237976 -0.00236128 -0.00231771 -0.00230886 -0.00228473 -0.00227038 -0.00225888 -0.0022329 -0.00221313 -0.00219932 -0.00219421 -0.00217222 -0.00216076 -0.00214019 -0.00211766 -0.00211547 -0.00209808 -0.00209391 -0.00208554 -0.00206513 -0.00206253 -0.00205231 -0.00204154 -0.00204272 -0.00203114 -0.00201808 -0.00201738 -0.00199918 -0.00199113 -0.00199876 -0.00198455 -0.00199184 -0.00199356 -0.0019752 -0.00198322 -0.00196828 -0.00195945 -0.00197058 -0.00195647 -0.00196849 
0 1.40328e-05 1.64579e-05 3.83049e-05 5.88611e-05 6.60633e-05 9.4971e-05 0.000105338 0.000107306 0.000134419 0.000134124 0.000148296 0.000178158 0.000179889 0.000203583 0.00022152 0.000228321 0.000248588 0.000266913 0.000285271 0.000291312 0.000320595 0.000330975 0.000329113 0.000375769 0.000377363 0.000393637 0.000435508 0.000435481 0.00046197 0.000481448 0.000506128 0.000526194 0.000536037 0.000570157 0.000586894 0.00061227 0.000624292 0.000662265 0.000698254 0.000699968 0.000747368 0.000774894 0.000802527 0.000833751 0.000868599 0.000900289 0.00092696 0.000981507 0.00100112 0.00105122 0.00110653 0.00116141 0.00123572 0.00134004 0.00148639 0.00165892 0.00194325 0.00231058 0.00281793 0.00350387 0.00443002 0.00562423 0.00715069 0.00910445 0.0115005 0.0144204 0.0178792 0.0219122 0.0264231 0.0313579 0.0365531 0.0418243 0.0469233 0.0516099 0.0556208 0.0586655 0.0605092 0.060929 0.0598216 0.0571128 0.0528901 0.0472553 0.0404581 0.032741 0.0244646 0.0159406 0.00755545 -0.000386804 -0.00755939 -0.0137232 -0.018606 -0.0220344 -0.0238957 -0.0242186 -0.0230386 -0.020449 -0.0165953 -0.0117758 -0.00633588 -0.000630586 0.00503558 0.010307 0.0148172 0.0182198 0.0203093 0.0209456 0.0200538 0.0175645 0.0135378 0.00810585 0.00151534 -0.00600194 -0.0141272 -0.0225571 -0.0309011 -0.0388298 -0.0459631 -0.0520343 -0.0567645 -0.0600182 -0.0616716 -0.0617735 -0.0604005 -0.0577597 -0.0540672 -0.0496198 -0.0446785 -0.0394939 -0.0343121 -0.0293411 -0.0247532 -0.0206173 -0.0170385 -0.0140001 -0.0114948 -0.00943635 -0.00782222 -0.00655314 -0.00556928 -0.0048282 -0.00428541 -0.00388808 -0.00358011 -0.0033894 -0.00323181 -0.00311943 -0.00303184 -0.00297678 -0.00291309 -0.00285911 -0.00283346 -0.0027778 -0.00274858 -0.00271296 -0.00268151 -0.00264293 -0.00262518 -0.00260111 -0.0025515 -0.00254992 -0.00252246 -0.00249576 -0.00247084 -0.00244951 -0.00243747 -0.00240359 -0.00238916 -0.00236488 -0.00235755 -0.00233063 -0.00230322 -0.00231691 -0.00228002 -0.00227198 -0.0022761 -0.00224304 -0.00223692 -0.00222763 -0.00221573 -0.00219927 -0.0021947 -0.00218776 -0.00216152 -0.00216904 -0.00215592 -0.00214414 -0.00215962 -0.00213907 -0.00213545 -0.00213386 -0.0021124 -0.00211515 -0.00211022 -0.00210636 -0.00211221 -0.00210918 -0.00210776 -0.00210415 -0.00210011 
0 8.17942e-06 4.4528e-05 4.04299e-05 5.7565e-05 8.3447e-05 7.65362e-05 0.000106669 0.00012476 0.000126766 0.00016142 0.000168618 0.000178389 0.000205665 0.000211362 0.000229487 0.000248588 0.000263916 0.000279134 0.000294701 0.000324702 0.000332173 0.00035248 0.000381541 0.000381405 0.000408078 0.000435133 0.000448998 0.000465508 0.00048947 0.000516498 0.00051905 0.000563039 0.000597741 0.000593333 0.000623818 0.000658367 0.000692768 0.000707465 0.000728317 0.000762776 0.000795592 0.000830453 0.000842189 0.000888862 0.000926084 0.000952123 0.000995565 0.00103742 0.0010805 0.00112226 0.00119497 0.00125112 0.00133749 0.00146293 0.00161566 0.00182834 0.00213475 0.00256359 0.0031165 0.00389338 0.0049126 0.00622595 0.00789861 0.0100202 0.0126185 0.0157372 0.0194386 0.0236876 0.0284187 0.0335187 0.0388648 0.0442063 0.0493189 0.053949 0.0578495 0.0607203 0.0623437 0.0625547 0.0612549 0.0584124 0.0541037 0.0484899 0.041766 0.0341959 0.0260863 0.0177885 0.00960334 0.00183089 -0.00527122 -0.0114193 -0.0163858 -0.0199641 -0.022068 -0.022657 -0.0217765 -0.019479 -0.0159382 -0.0114056 -0.00624317 -0.000782754 0.00461829 0.00962041 0.0138347 0.0169597 0.0187616 0.0191348 0.0179904 0.0153263 0.0111834 0.00572867 -0.000833396 -0.00822248 -0.0161775 -0.0243958 -0.0325762 -0.0403544 -0.0474017 -0.053427 -0.058215 -0.0615744 -0.0633977 -0.0636864 -0.0625251 -0.0600571 -0.0564845 -0.0521 -0.0471606 -0.04192 -0.0366039 -0.031477 -0.0266802 -0.0223363 -0.018517 -0.0152803 -0.012569 -0.0103431 -0.00857259 -0.00718271 -0.00609682 -0.00526253 -0.0046642 -0.00420266 -0.00386859 -0.00363153 -0.00346821 -0.00333003 -0.00323608 -0.0031738 -0.00310104 -0.0030552 -0.00301168 -0.00297221 -0.00292324 -0.00290163 -0.00286664 -0.0028193 -0.0027979 -0.00276727 -0.00274525 -0.0027043 -0.00267289 -0.00265427 -0.00264258 -0.00261172 -0.00256298 -0.00256869 -0.00255227 -0.00251931 -0.00250644 -0.0024895 -0.00247101 -0.00244617 -0.00244679 -0.0024267 -0.00239867 -0.00239816 -0.00237743 -0.002365 -0.00235737 -0.00234732 -0.00233533 -0.00231852 -0.0023244 -0.00230688 -0.00229442 -0.00230195 -0.00227357 -0.00227348 -0.00227698 -0.00225257 -0.00226625 -0.00225993 -0.00224321 -0.0022575 -0.0022399 -0.00223505 -0.00224631 -0.00222805 -0.00223781 
