0 0 0 0 0 0 0 0 0 0 0 0 0 0 0 0 0 0 0 0 0 0 0 0 0 0 0 0 0 0 0 0 0 0 0 0 0 0 0 0 0 0 0 0 0 0 0 0 0 0 0 0 0 0 0 0 0 0 0 0 0 0 0 0 0 0 0 0 0 0 0 0 0 0 0 0 0 0 0 0 0 0 0 0 0 0 0 0 0 0 0 0 0 0 0 0 0 0 0 0 0 0 0 0 0 0 0 0 0 0 0 0 0 0 0 0 0 0 0 0 0 0 0 0 0 0 0 0 0 0 0 0 0 0 0 0 0 0 0 0 0 0 0 0 0 0 0 0 0 0 0 0 0 0 0 0 0 0 0 0 0 0 0 0 0 0 0 0 0 0 0 0 0 0 0 0 0 0 0 0 0 0 0 0 0 0 0 0 0 0 0 0 0 0 0 0 0 0 0 0 
0 -3.37145e-06 6.59582e-06 -2.39939e-07 1.95032e-06 5.89572e-06 -4.24083e-06 3.11232e-06 5.3242e-08 -3.33499e-06 7.22166e-06 9.93808e-07 6.42658e-06 9.16555e-06 3.06506e-06 6.05114e-06 2.31087e-06 1.74254e-06 7.11057e-07 7.09062e-06 4.6907e-06 6.3632e-06 1.60332e-05 1.4445e-06 1.6599e-05 1.7954e-05 1.61652e-05 4.6132e-05 4.96921e-05 7.88423e-05 0.000117731 0.000165105 0.000240577 0.000342101 0.000478455 0.00063329 0.000845658 0.00108565 0.00137616 0.00171964 0.00210097 0.00251469 0.00291787 0.00332855 0.00366864 0.00392522 0.00407583 0.00407134 0.00388922 0.00354296 0.003053 0.00237921 0.00158991 0.000719782 -0.000152771 -0.000977679 -0.00171042 -0.00231015 -0.00274847 -0.00301188 -0.00312646 -0.00306878 -0.00289986 -0.00264983 -0.00236376 -0.00205408 -0.00176003 -0.0014776 -0.00122842 -0.00103578 -0.000877894 -0.000744946 -0.00063359 -0.000557169 -0.000488821 -0.000446679 -0.000402766 -0.000362583 -0.000324652 -0.000313595 -0.000289535 -0.000260398 -0.000237456 -0.000231412 -0.000213724 -0.000194371 -0.000179755 -0.000169887 -0.000157739 -0.000146492 -0.000134104 -0.000120669 -0.000114695 -0.000107244 -9.38569e-05 -8.008e-05 -7.89927e-05 -7.13233e-05 -5.66326e-05 -4.49591e-05 -4.59341e-05 -3.5902e-05 -2.10974e-05 -1.20192e-05 -1.1651e-05 7.53398e-07 1.42327e-05 2.24209e-05 2.73892e-05 4.0053e-05 5.18163e-05 6.29871e-05 7.4583e-05 8.41519e-05 9.66079e-05 0.000115396 0.000133491 0.000138973 0.00015803 0.000186449 0.000211117 0.000220315 0.000253341 0.000291169 0.000332658 0.000369751 0.000431096 0.000497756 0.000597579 0.000717556 0.000861646 0.00103366 0.00126364 0.00152912 0.00181273 0.00211554 0.00240602 0.00266921 0.00286779 0.00297119 0.00291125 0.00270779 0.00233457 0.00180305 0.00112253 0.000336802 -0.000510532 -0.00136186 -0.00216108 -0.00287383 -0.00340733 -0.0037857 -0.0040073 -0.00407183 -0.00396682 -0.0037455 -0.00343194 -0.00304132 -0.0026435 -0.00223748 -0.00186586 -0.00151276 -0.00121359 -0.000964741 -0.000747621 -0.000584515 -0.000450058 -0.000347024 -0.000256748 -0.000208773 -0.000160781 -0.000126903 -0.000125676 -9.59532e-05 -9.55812e-05 -9.13007e-05 -7.80239e-05 -8.45352e-05 -8.16209e-05 -8.37787e-05 -8.38526e-05 -8.81357e-05 -8.21675e-05 -8.13523e-05 -8.47012e-05 -7.34242e-05 -8.33537e-05 -7.95455e-05 -7.66771e-05 -8.69601e-05 -7.6623e-05 -8.22585e-05 -8.30428e-05 -7.58756e-05 -8.39785e-05 -7.87623e-05 -7.84598e-05 -8.33829e-05 -7.57781e-05 -8.06117e-05 
0 6.59582e-06 -1.16939e-05 8.14929e-06 -3.24874e-06 -2.69357e-06 1.41306e-05 -2.04024e-06 1.24734e-05 1.0553e-05 -5.95403e-07 1.04982e-05 -8.39927e-07 4.23744e-07 8.27214e-06 5.33514e-06 1.21536e-05 1.65709e-05 1.36689e-05 1.23405e-05 1.36446e-05 9.62643e-06 1.15458e-05 2.11397e-05 2.34008e-05 3.1877e-05 4.99762e-05 6.45191e-05 9.86624e-05 0.000160466 0.000235635 0.000345945 0.000503889 0.000694751 0.000941531 0.00128446 0.0016831 0.00217117 0.00277731 0.00343353 0.00418297 0.0050064 0.00583916 0.00663086 0.00732987 0.00784702 0.00810632 0.00810334 0.00777067 0.00710625 0.00607043 0.00473518 0.00318572 0.00147124 -0.000285521 -0.00194574 -0.00338519 -0.00458898 -0.0054575 -0.00601015 -0.00622335 -0.00612823 -0.00578925 -0.0053042 -0.00473299 -0.00411674 -0.00353393 -0.0029628 -0.00247715 -0.00207447 -0.00176989 -0.00148701 -0.00127924 -0.00110733 -0.000984371 -0.000884116 -0.000806006 -0.000717 -0.000649247 -0.00061845 -0.000572449 -0.000516273 -0.000469121 -0.000457917 -0.000417793 -0.00038779 -0.000350015 -0.000339353 -0.000304865 -0.000294245 -0.000257388 -0.000244455 -0.000218461 -0.000216984 -0.00017711 -0.000165264 -0.00014677 -0.00014588 -0.000103287 -9.55377e-05 -8.02791e-05 -7.54242e-05 -3.24677e-05 -2.89826e-05 -1.14136e-05 -1.95206e-06 3.86274e-05 4.15172e-05 6.64868e-05 7.78886e-05 0.000114699 0.000124989 0.000159726 0.000169106 0.000204706 0.00023272 0.000275207 0.000283685 0.000325902 0.000378539 0.000427219 0.000451767 0.000511989 0.000593104 0.000667069 0.000754139 0.000862843 0.00101249 0.00119594 0.00145066 0.00172396 0.0020854 0.00252892 0.0030675 0.00362381 0.00422901 0.00480531 0.00532254 0.00571556 0.00590157 0.00579964 0.00537684 0.00463664 0.00355398 0.00222849 0.00066858 -0.00102997 -0.00274627 -0.00431545 -0.0056864 -0.00678966 -0.007565 -0.00800259 -0.00808807 -0.00791033 -0.00747631 -0.00684345 -0.0060929 -0.00529681 -0.00447591 -0.00371037 -0.00304958 -0.00243789 -0.00193244 -0.00151809 -0.00116182 -0.000886178 -0.000682826 -0.00052447 -0.000405744 -0.000330961 -0.00026866 -0.000224931 -0.000204849 -0.000189127 -0.000180065 -0.000178903 -0.000175942 -0.000167049 -0.000164402 -0.000163429 -0.000154465 -0.000161609 -0.000165185 -0.000157327 -0.00017214 -0.000163486 -0.000158365 -0.000171725 -0.000151468 -0.000162994 -0.000164809 -0.00014956 -0.000171265 -0.000154627 -0.000157674 -0.00016925 -0.000149396 -0.000168234 -0.000158089 
0 -2.39939e-07 8.14929e-06 2.42187e-06 4.10191e-06 8.98566e-06 -1.51899e-06 5.14786e-06 4.06023e-06 -1.04638e-07 1.29669e-05 8.29624e-06 1.3977e-05 1.87061e-05 1.17558e-05 1.40622e-05 1.04502e-05 9.68428e-06 8.55665e-06 1.86027e-05 1.65862e-05 2.02346e-05 3.49612e-05 1.8803e-05 4.30085e-05 5.24964e-05 6.33217e-05 0.000122173 0.00015725 0.00024149 0.000357564 0.000512127 0.000739589 0.00104197 0.00144005 0.00192364 0.00254432 0.00327396 0.0041496 0.00516378 0.00629631 0.00751746 0.00873318 0.00992667 0.0109412 0.0117001 0.0121222 0.0121033 0.0115785 0.0105594 0.00907173 0.00709036 0.00476137 0.002202 -0.000385838 -0.00283634 -0.00500818 -0.00679416 -0.00810761 -0.00891955 -0.00926389 -0.00913045 -0.00865198 -0.00793392 -0.00709167 -0.00618552 -0.00530813 -0.00447109 -0.00373489 -0.00314353 -0.00266306 -0.00225858 -0.00192868 -0.00168386 -0.00148367 -0.00134289 -0.00121216 -0.00109051 -0.000985742 -0.000934867 -0.000864438 -0.000783609 -0.000718068 -0.000687865 -0.000637279 -0.000584423 -0.000539044 -0.000507146 -0.000470408 -0.000438074 -0.000399331 -0.00036381 -0.000340516 -0.000318107 -0.000278828 -0.000244422 -0.000231362 -0.000209721 -0.00016858 -0.000139013 -0.000130245 -0.000104256 -6.29046e-05 -3.82883e-05 -2.67716e-05 4.39136e-06 4.38133e-05 6.77196e-05 8.87667e-05 0.00012195 0.000159387 0.000191356 0.000226573 0.000256689 0.00029758 0.000348592 0.000399327 0.000426743 0.000483789 0.000561437 0.000631827 0.000676345 0.000768644 0.000881422 0.00100341 0.001128 0.00130592 0.0015208 0.00181564 0.00218001 0.00261561 0.00314809 0.00382714 0.00461568 0.00546103 0.00635087 0.00720675 0.00797012 0.00853789 0.00880589 0.0086251 0.00799508 0.00687385 0.00527991 0.0032661 0.000937759 -0.00157269 -0.00409629 -0.00645722 -0.00853381 -0.0101402 -0.0112757 -0.0119314 -0.0121074 -0.0118177 -0.0111679 -0.0102369 -0.00910219 -0.00791459 -0.00671222 -0.00559095 -0.00455727 -0.00366 -0.0029058 -0.00226678 -0.00176253 -0.00135604 -0.00104259 -0.00078803 -0.000624609 -0.000490896 -0.000396596 -0.000361479 -0.000300693 -0.000285829 -0.000271002 -0.000247734 -0.000253718 -0.000247763 -0.000249672 -0.000250583 -0.000254265 -0.000246653 -0.000245671 -0.00024721 -0.000234293 -0.00024577 -0.000239692 -0.000238471 -0.000248763 -0.000236987 -0.000244492 -0.000243066 -0.00023679 -0.000244736 -0.000238551 -0.00023834 -0.000242885 -0.000238341 -0.000239555 
0 1.95032e-06 -3.24874e-06 4.10191e-06 2.76667e-06 4.8673e-06 9.57883e-06 7.28744e-06 1.25151e-05 1.08956e-05 1.02352e-05 1.19334e-05 9.48349e-06 1.20772e-05 1.40955e-05 1.65292e-05 1.99732e-05 2.26419e-05 2.26263e-05 2.39966e-05 2.43271e-05 2.48964e-05 3.18818e-05 3.65718e-05 5.13426e-05 6.90801e-05 9.65302e-05 0.000146916 0.000213891 0.000327447 0.000486104 0.000705225 0.00101222 0.00140975 0.00192671 0.00258794 0.00340194 0.00438424 0.00555605 0.00689046 0.00838137 0.00998924 0.0116153 0.0131701 0.0145153 0.0155125 0.0160421 0.0160102 0.0153382 0.0140024 0.0120015 0.00939719 0.00633959 0.00298757 -0.000430295 -0.00367169 -0.00653819 -0.0089026 -0.0106534 -0.0117588 -0.0122235 -0.0120873 -0.0114818 -0.0105611 -0.00945784 -0.00827443 -0.00711099 -0.00600684 -0.00503521 -0.00423378 -0.00358483 -0.0030386 -0.00260078 -0.00225903 -0.00199493 -0.00179207 -0.00161828 -0.00145448 -0.00132296 -0.00123769 -0.00114581 -0.00104341 -0.000959811 -0.000907867 -0.000843212 -0.000776754 -0.000715939 -0.000671036 -0.00062214 -0.000579661 -0.000527624 -0.000484517 -0.000448683 -0.000418254 -0.000367599 -0.000327959 -0.000301539 -0.000273547 -0.000222138 -0.000187525 -0.000164962 -0.000133714 -8.20749e-05 -5.13032e-05 -2.618e-05 1.02358e-05 6.11583e-05 9.30112e-05 0.000126921 0.000167282 0.000218386 0.000260431 0.000307874 0.000349998 0.000406951 0.000471024 0.000535226 0.000582707 0.000658036 0.000755358 0.000845367 0.000921346 0.00103809 0.00118812 0.00134808 0.00152773 0.00176011 0.00206052 0.00244985 0.00294041 0.00352509 0.00424983 0.00514491 0.00618576 0.00730497 0.00847024 0.00959245 0.0105786 0.011303 0.0116158 0.0113703 0.01051 0.00901116 0.00688971 0.00423869 0.0011692 -0.00214613 -0.0054742 -0.0085732 -0.011275 -0.0134224 -0.0149395 -0.0158012 -0.016017 -0.0156561 -0.0148094 -0.013584 -0.0121132 -0.0105382 -0.00894726 -0.00745004 -0.00609881 -0.0049053 -0.00389336 -0.00305043 -0.00235868 -0.00181072 -0.00139047 -0.00106557 -0.000833449 -0.000664475 -0.000542907 -0.000467064 -0.000411027 -0.000381274 -0.000362017 -0.000348912 -0.000343578 -0.000335381 -0.00033125 -0.000328057 -0.000325252 -0.000324829 -0.00032661 -0.000325151 -0.000326814 -0.000326886 -0.00032276 -0.000325995 -0.000321051 -0.000321489 -0.00032343 -0.000318047 -0.000323507 -0.000319459 -0.000320405 -0.000322698 -0.000315598 -0.000322986 -0.000318939 
0 5.89572e-06 -2.69357e-06 8.98566e-06 4.8673e-06 2.10518e-06 1.30545e-05 5.48259e-06 1.20929e-05 1.56326e-05 9.96897e-06 1.88918e-05 1.54518e-05 1.6087e-05 2.11931e-05 1.91001e-05 2.27819e-05 2.45389e-05 2.72989e-05 2.64057e-05 3.21691e-05 3.53987e-05 3.60922e-05 5.48971e-05 6.2061e-05 8.78325e-05 0.000132337 0.000182882 0.000281941 0.000418755 0.000616909 0.000896984 0.0012805 0.00178473 0.00243195 0.00326752 0.00427874 0.00551054 0.00696786 0.00862868 0.0104798 0.0124577 0.0144707 0.016366 0.0180163 0.0192377 0.0198763 0.0198231 0.0189892 0.0173371 0.0148583 0.0116658 0.00790102 0.003789 -0.000410392 -0.00440339 -0.0079482 -0.010879 -0.0130658 -0.0144665 -0.0150677 -0.0149556 -0.0142548 -0.013157 -0.0118154 -0.0103742 -0.00893483 -0.00757661 -0.00637445 -0.00536185 -0.00453586 -0.00384871 -0.00329815 -0.00285769 -0.00252454 -0.00225588 -0.00203458 -0.00183222 -0.00167394 -0.00154801 -0.00143327 -0.00131287 -0.00121224 -0.00113264 -0.001055 -0.000974826 -0.000900158 -0.00083867 -0.000779157 -0.000722998 -0.000660868 -0.00060844 -0.000560534 -0.00051721 -0.000460321 -0.000414058 -0.000373496 -0.000334796 -0.000279599 -0.000237747 -0.000200111 -0.000160648 -0.000105491 -6.52275e-05 -2.58099e-05 1.75367e-05 7.406e-05 0.000117714 0.000163642 0.000212656 0.000273344 0.000328203 0.000385378 0.000442496 0.00051342 0.000590207 0.000665162 0.000738249 0.000831064 0.000944393 0.00105363 0.00116771 0.00130963 0.0014938 0.00169541 0.00193479 0.00222753 0.00261696 0.00310726 0.00372485 0.00446914 0.00539119 0.00650232 0.00778621 0.00917411 0.0105995 0.0119694 0.0131555 0.0140085 0.0143385 0.0140069 0.0129075 0.01103 0.00839183 0.00510824 0.00131889 -0.00275701 -0.00684471 -0.0106636 -0.0139761 -0.0166336 -0.018509 -0.0195765 -0.0198494 -0.019422 -0.0183842 -0.0168777 -0.0150808 -0.0131325 -0.0111778 -0.00931815 -0.00764236 -0.00615597 -0.00488842 -0.00384072 -0.00297364 -0.00229003 -0.00175705 -0.00135616 -0.00105168 -0.000840877 -0.000693258 -0.000581975 -0.000525306 -0.000477492 -0.000449442 -0.000438692 -0.000423837 -0.000418995 -0.0004146 -0.000413273 -0.000408137 -0.000410608 -0.000409997 -0.00040376 -0.000411608 -0.000403165 -0.000403483 -0.000408532 -0.000397531 -0.000406309 -0.000402744 -0.000398015 -0.000407127 -0.000396097 -0.000401356 -0.000404801 -0.000394599 -0.000404888 -0.00039893 
0 -4.24083e-06 1.41306e-05 -1.51899e-06 9.57883e-06 1.30545e-05 1.74587e-06 1.74957e-05 7.25877e-06 1.03857e-05 2.12324e-05 1.39335e-05 2.50236e-05 2.62275e-05 2.36129e-05 2.70167e-05 2.55537e-05 2.48009e-05 2.69386e-05 3.51319e-05 3.48955e-05 4.42165e-05 5.54477e-05 5.66443e-05 8.1852e-05 0.000111536 0.000153783 0.000239149 0.000352787 0.000515446 0.000760877 0.00110041 0.00155318 0.00217164 0.00297075 0.00395011 0.00518309 0.0066602 0.00837802 0.0103763 0.012582 0.0149158 0.0172746 0.0195147 0.0214307 0.0228493 0.0236091 0.0235275 0.0225196 0.0205379 0.0176442 0.0138894 0.00944765 0.00460999 -0.000309835 -0.00500657 -0.00922038 -0.012695 -0.0153253 -0.0170113 -0.0177857 -0.0177167 -0.0169659 -0.0157158 -0.0141681 -0.0124902 -0.0107865 -0.00919284 -0.00775592 -0.00654106 -0.00551762 -0.0046988 -0.00401563 -0.00348637 -0.00306425 -0.00273591 -0.00245224 -0.00222143 -0.00202767 -0.00186189 -0.00171923 -0.00158409 -0.00146721 -0.00135504 -0.00126768 -0.00116862 -0.00108775 -0.00100093 -0.000939162 -0.000858154 -0.00079823 -0.000725526 -0.000676095 -0.000605813 -0.000557773 -0.000492486 -0.000448904 -0.000384785 -0.000342204 -0.000279614 -0.000238071 -0.000176208 -0.000134102 -7.01724e-05 -2.75903e-05 3.58523e-05 8.23849e-05 0.000151714 0.000198866 0.000268387 0.000325495 0.000404741 0.000462386 0.000544454 0.000620494 0.0007163 0.000796774 0.000902061 0.00101008 0.00113784 0.00126835 0.00142147 0.00159553 0.00180518 0.00206008 0.00235373 0.00272518 0.00319402 0.00380428 0.00453871 0.00546407 0.00657436 0.00791035 0.00941784 0.0110689 0.0127332 0.0143248 0.0156839 0.0166256 0.016953 0.0164958 0.0151579 0.012891 0.00976594 0.005849 0.0013711 -0.00341356 -0.00820035 -0.0127095 -0.0166301 -0.0197419 -0.0219563 -0.0232281 -0.0235915 -0.0230826 -0.0218699 -0.0201179 -0.0179973 -0.0156996 -0.0134033 -0.0112096 -0.00918235 -0.00742422 -0.00590898 -0.00463389 -0.00361311 -0.00278966 -0.00213841 -0.00164792 -0.00128811 -0.0010184 -0.000838208 -0.000721138 -0.000629113 -0.000578561 -0.000545374 -0.000516871 -0.000508652 -0.000503459 -0.000499115 -0.000497414 -0.000499446 -0.000492472 -0.00048803 -0.00049342 -0.000480027 -0.000486896 -0.000489524 -0.000476527 -0.000493271 -0.000480974 -0.000479101 -0.000491854 -0.000472776 -0.000486838 -0.00048213 -0.000473039 -0.000490795 -0.000472378 -0.000481632 
0 3.11232e-06 -2.04024e-06 5.14786e-06 7.28744e-06 5.48259e-06 1.74957e-05 1.35938e-05 1.68218e-05 2.52568e-05 1.50139e-05 2.15874e-05 2.043e-05 1.68487e-05 2.66834e-05 2.87034e-05 3.36641e-05 3.93765e-05 4.46393e-05 3.73507e-05 4.63473e-05 4.96643e-05 4.61567e-05 8.33259e-05 9.01917e-05 0.0001321 0.000202731 0.000269482 0.000424892 0.000622562 0.000914352 0.00132514 0.00186972 0.00258779 0.00350023 0.00467467 0.00609364 0.00781994 0.00983541 0.0121295 0.0146559 0.0173284 0.020051 0.0225739 0.0247628 0.02637 0.0271839 0.0270679 0.0259251 0.0236725 0.0203089 0.0160263 0.0109828 0.00550129 -0.000117287 -0.00549872 -0.0103184 -0.0143301 -0.0173846 -0.0193983 -0.0203424 -0.0203676 -0.0195897 -0.0182409 -0.0165139 -0.0146218 -0.01268 -0.0108515 -0.00920108 -0.00776115 -0.00655754 -0.00557291 -0.00477583 -0.00412672 -0.00363105 -0.00321385 -0.00288301 -0.00260556 -0.0023856 -0.00216903 -0.00200192 -0.00184923 -0.00171445 -0.00157474 -0.00146826 -0.00136009 -0.00126126 -0.00116465 -0.00108242 -0.000994625 -0.000918341 -0.000846567 -0.000772853 -0.000697989 -0.000636549 -0.00057599 -0.000504727 -0.000439257 -0.000385495 -0.000326759 -0.000256034 -0.000196092 -0.000143048 -7.9859e-05 -8.95539e-06 5.10226e-05 0.00011047 0.000182458 0.000254786 0.000323441 0.000396855 0.000481089 0.000559555 0.00064997 0.000745077 0.000847677 0.000946129 0.00107597 0.00120384 0.00134511 0.00149646 0.00169521 0.0018949 0.00214361 0.00243766 0.00280973 0.00324485 0.00382069 0.00453005 0.00541367 0.00649976 0.00782313 0.00935971 0.0110961 0.0129786 0.0148667 0.0166514 0.0181395 0.0191389 0.0194114 0.0188326 0.0172224 0.0145767 0.0109444 0.00646727 0.00134475 -0.00412544 -0.00958778 -0.0147044 -0.019138 -0.0227398 -0.0252988 -0.0267588 -0.0271592 -0.0266259 -0.0252643 -0.0232715 -0.0208884 -0.0182569 -0.0156152 -0.0130761 -0.0107684 -0.00871665 -0.006947 -0.00547643 -0.00425348 -0.00328644 -0.00252564 -0.00196231 -0.00152036 -0.00121593 -0.00100348 -0.000828881 -0.000753099 -0.000678489 -0.000637154 -0.000627317 -0.000598247 -0.000591203 -0.00058206 -0.000574309 -0.000568028 -0.000573595 -0.000570725 -0.000568265 -0.000578872 -0.0005644 -0.000570444 -0.000569771 -0.000558123 -0.000570548 -0.000560755 -0.000560371 -0.000567394 -0.000558083 -0.000562623 -0.000562142 -0.000557024 -0.000562485 -0.000560548 
0 5.3242e-08 1.24734e-05 4.06023e-06 1.25151e-05 1.20929e-05 7.25877e-06 1.68218e-05 1.18802e-05 1.88618e-05 2.2827e-05 2.42623e-05 3.3037e-05 3.17476e-05 3.48264e-05 3.37599e-05 3.28656e-05 3.43072e-05 3.71688e-05 4.39882e-05 5.09214e-05 6.20643e-05 7.112e-05 9.03003e-05 0.000113645 0.000159601 0.000233246 0.000337215 0.000510736 0.000739832 0.00107655 0.00154935 0.00217043 0.00300967 0.00407988 0.00541034 0.00704811 0.00901008 0.0112871 0.0138939 0.0167534 0.0197485 0.0227618 0.0255707 0.0279704 0.0297311 0.0306284 0.0304753 0.029151 0.0265979 0.0228732 0.0181093 0.0124953 0.00639409 0.000168768 -0.00581972 -0.0112267 -0.0157538 -0.0192339 -0.0215535 -0.0227176 -0.0228555 -0.0221095 -0.0206914 -0.0188343 -0.0167544 -0.0146024 -0.01256 -0.0106942 -0.0090465 -0.00764515 -0.00650461 -0.00556833 -0.00481509 -0.00421781 -0.00372529 -0.00332664 -0.00301395 -0.00274975 -0.00249475 -0.00229208 -0.00212414 -0.00196661 -0.00180275 -0.00167491 -0.00155221 -0.00144044 -0.00132749 -0.00123057 -0.00112579 -0.00104355 -0.000959538 -0.000873562 -0.000781002 -0.00071886 -0.000647 -0.000563965 -0.000482159 -0.000430786 -0.000359641 -0.000277225 -0.000203236 -0.000153202 -7.57803e-05 6.55856e-06 7.87476e-05 0.000137157 0.000224561 0.000308161 0.000389081 0.000465983 0.000564961 0.000655894 0.000761817 0.000867262 0.000982173 0.00109792 0.00125028 0.00139845 0.00155216 0.00173264 0.00196633 0.00220641 0.0024848 0.00283683 0.00327516 0.00380256 0.00447146 0.00530735 0.00633198 0.00760373 0.00912497 0.0108736 0.0128208 0.01492 0.0170077 0.0189455 0.0205316 0.0215382 0.0217379 0.0209764 0.0190989 0.0160711 0.0119665 0.00691734 0.00118817 -0.00488185 -0.0109436 -0.0166491 -0.0216147 -0.0256079 -0.0284676 -0.0301301 -0.0306251 -0.0300435 -0.0285445 -0.026351 -0.0236896 -0.0207666 -0.0178206 -0.0149721 -0.0123397 -0.010015 -0.0080049 -0.00631348 -0.0049368 -0.00382782 -0.00294579 -0.00228507 -0.00177792 -0.0014138 -0.00116378 -0.000980909 -0.000866814 -0.000784139 -0.000732036 -0.000700142 -0.000680099 -0.00067227 -0.000667576 -0.000665774 -0.000662416 -0.000660885 -0.000653325 -0.000653331 -0.000649114 -0.000645676 -0.000651388 -0.000642867 -0.000648888 -0.000646314 -0.000641697 -0.000649124 -0.000636986 -0.000645297 -0.000644004 -0.000637339 -0.000649018 -0.000636144 -0.000642007 
0 -3.33499e-06 1.0553e-05 -1.04638e-07 1.08956e-05 1.56326e-05 1.03857e-05 2.52568e-05 1.88618e-05 2.15327e-05 2.76023e-05 2.23164e-05 3.00653e-05 3.01229e-05 3.37478e-05 3.94259e-05 4.22698e-05 4.76718e-05 4.84681e-05 5.49692e-05 5.65947e-05 6.44527e-05 8.07072e-05 9.75921e-05 0.000135533 0.000189716 0.000270961 0.000400265 0.000592793 0.000867828 0.00126027 0.00180511 0.00251881 0.00346505 0.00467546 0.00617141 0.00802069 0.0102209 0.0127704 0.0156648 0.0188191 0.0221187 0.0254096 0.0284769 0.0310715 0.032959 0.0338972 0.0336941 0.0322203 0.029404 0.0253165 0.0200964 0.0139893 0.00734892 0.000562944 -0.00599212 -0.0119368 -0.0169509 -0.0208466 -0.0234916 -0.0249014 -0.0251873 -0.0245137 -0.0230774 -0.0211314 -0.0188956 -0.0165628 -0.0143191 -0.0122457 -0.01039 -0.00879092 -0.00747836 -0.00639709 -0.00552719 -0.00482065 -0.00424278 -0.00377422 -0.00341551 -0.00310307 -0.00281095 -0.00257109 -0.00238205 -0.00220046 -0.00201725 -0.00186433 -0.00172716 -0.00160071 -0.0014752 -0.00135958 -0.00124242 -0.00115008 -0.00105639 -0.00095551 -0.000851648 -0.000782065 -0.000701554 -0.000605562 -0.00051336 -0.000455996 -0.000376176 -0.00028144 -0.000197814 -0.000142106 -5.54967e-05 3.9584e-05 0.00012115 0.000186055 0.000283269 0.000381241 0.000472269 0.000557729 0.000667225 0.000775733 0.000894112 0.00101212 0.00113906 0.00127751 0.00144775 0.00161703 0.00178799 0.00200039 0.00226607 0.00254874 0.00286515 0.00327576 0.00378658 0.00441113 0.00518185 0.006146 0.00732453 0.00877982 0.0104972 0.0124482 0.0145944 0.0168795 0.0191362 0.0211876 0.0228215 0.0237894 0.0238784 0.0229102 0.020746 0.0173348 0.0127729 0.00720915 0.000930373 -0.005702 -0.012311 -0.0185161 -0.0239459 -0.028325 -0.031485 -0.0333301 -0.0339019 -0.0332984 -0.0316998 -0.0293386 -0.026443 -0.0232552 -0.0200069 -0.0168641 -0.0139432 -0.0113513 -0.00910038 -0.00719081 -0.00563349 -0.00437094 -0.00337591 -0.00261918 -0.00204691 -0.00162686 -0.00132974 -0.00112461 -0.000981765 -0.000893787 -0.000837025 -0.000797771 -0.000778197 -0.000760954 -0.00075124 -0.000743537 -0.000739811 -0.000737449 -0.000733117 -0.000738038 -0.000730642 -0.000732597 -0.000734025 -0.000723749 -0.000733188 -0.000723554 -0.000723427 -0.000732213 -0.000716756 -0.000727776 -0.00072281 -0.0007151 -0.000728689 -0.000714457 -0.000722885 
0 7.22166e-06 -5.95403e-07 1.29669e-05 1.02352e-05 9.96897e-06 2.12324e-05 1.50139e-05 2.2827e-05 2.76023e-05 2.62347e-05 3.33912e-05 3.29341e-05 3.47557e-05 3.80546e-05 4.30997e-05 4.3708e-05 4.96012e-05 5.83111e-05 5.34686e-05 6.98023e-05 7.68086e-05 8.46014e-05 0.000125204 0.000154348 0.000219932 0.000326541 0.000464327 0.000688915 0.00100927 0.00145463 0.00206338 0.00288667 0.00394443 0.00528644 0.00698187 0.00902171 0.0114559 0.0142834 0.0174494 0.0208807 0.0244589 0.0280107 0.0312749 0.0340411 0.0360323 0.0369835 0.0367133 0.0350889 0.0320464 0.027608 0.0219901 0.0154526 0.00834949 0.00105985 -0.00599841 -0.0124201 -0.0178981 -0.0221871 -0.0251787 -0.0268465 -0.0273278 -0.0267617 -0.0253678 -0.0233737 -0.0210258 -0.0185482 -0.0161195 -0.0138553 -0.0117917 -0.0100067 -0.00850185 -0.00728008 -0.00627168 -0.00545896 -0.00477844 -0.00424591 -0.00382074 -0.00346265 -0.00312881 -0.00285432 -0.00263321 -0.00242735 -0.00222679 -0.00204506 -0.00189321 -0.00174668 -0.00161288 -0.00147129 -0.00134968 -0.00123645 -0.00113893 -0.00101538 -0.000912142 -0.00082034 -0.000739054 -0.000623079 -0.000533116 -0.000452982 -0.000374696 -0.000261258 -0.000179529 -0.000101396 -1.77413e-05 9.64188e-05 0.000177597 0.000263642 0.000358075 0.000477164 0.000570174 0.000674574 0.000784611 0.000917292 0.00104116 0.00117629 0.00131219 0.00147741 0.00166039 0.0018497 0.00204509 0.00228805 0.00258687 0.00290817 0.00327991 0.00374386 0.00434224 0.00506057 0.00595463 0.00704274 0.00839834 0.0100282 0.0119475 0.0140863 0.0164248 0.0188637 0.0212543 0.0233807 0.0250085 0.0258998 0.0258283 0.0246354 0.0221581 0.0183782 0.0133632 0.00733562 0.000563355 -0.00657569 -0.0136746 -0.0203197 -0.0261489 -0.0309001 -0.0343291 -0.0363514 -0.0369969 -0.0364071 -0.0347302 -0.0322106 -0.0291266 -0.0256987 -0.0221739 -0.0187466 -0.0155695 -0.0126992 -0.0102061 -0.00810669 -0.00635119 -0.00494465 -0.00383733 -0.00297884 -0.00232679 -0.0018566 -0.00151505 -0.00126529 -0.0011176 -0.00100339 -0.000931105 -0.000898917 -0.00086025 -0.000846297 -0.000837563 -0.000826375 -0.000823684 -0.000822617 -0.000820086 -0.000814631 -0.000819791 -0.000811231 -0.000809294 -0.000815759 -0.000802999 -0.000811063 -0.000807561 -0.00079939 -0.000812273 -0.000799067 -0.000803458 -0.00080901 -0.00079487 -0.000808387 -0.00080073 
0 9.93808e-07 1.04982e-05 8.29624e-06 1.19334e-05 1.88918e-05 1.39335e-05 2.15874e-05 2.42623e-05 2.23164e-05 3.33912e-05 3.28446e-05 3.71885e-05 4.64092e-05 4.51219e-05 4.64101e-05 5.10671e-05 5.08323e-05 5.13454e-05 6.87925e-05 7.03321e-05 8.57859e-05 0.000117135 0.000127014 0.000187987 0.000258971 0.000363457 0.000554475 0.000797841 0.00116447 0.00166603 0.00235294 0.00326014 0.00444197 0.00595785 0.00780291 0.0100671 0.0127301 0.015798 0.019231 0.0229432 0.0267802 0.0305182 0.0339913 0.0368675 0.0389165 0.0398898 0.0395595 0.0377604 0.0344607 0.0297722 0.0238106 0.0168952 0.00936003 0.00166504 -0.00581304 -0.0126786 -0.018582 -0.0232623 -0.0265771 -0.028555 -0.0292466 -0.0288537 -0.0275326 -0.0255528 -0.0231322 -0.0205475 -0.0179594 -0.0155071 -0.0132597 -0.0112713 -0.00958913 -0.00819293 -0.00705895 -0.00610505 -0.00534032 -0.00471341 -0.00423069 -0.00380248 -0.00344299 -0.00311872 -0.00286822 -0.00262922 -0.00241517 -0.00220363 -0.00203259 -0.00186903 -0.00171785 -0.00156065 -0.00142421 -0.00130009 -0.00118123 -0.00105347 -0.000936048 -0.000835273 -0.000732202 -0.000619451 -0.000513719 -0.000425281 -0.00032737 -0.000220282 -0.000120497 -3.45977e-05 6.53996e-05 0.000174386 0.000275302 0.000368499 0.000476272 0.000595954 0.00070825 0.000819837 0.000942231 0.00108576 0.00122502 0.00137082 0.00152185 0.00171128 0.00190469 0.00211763 0.00233627 0.00262109 0.00293812 0.00331635 0.0037345 0.00427878 0.00494549 0.00578902 0.00679128 0.00803703 0.00955282 0.011379 0.0134734 0.0158035 0.0183064 0.0208721 0.0233547 0.025499 0.0270837 0.0278373 0.0275879 0.0261076 0.0233256 0.0191743 0.013757 0.00727242 6.3304e-05 -0.00748559 -0.0149986 -0.0220461 -0.0282679 -0.0332846 -0.0369564 -0.0391692 -0.0399321 -0.0393338 -0.0376063 -0.0349895 -0.0317072 -0.0280913 -0.0243313 -0.0206503 -0.0171857 -0.014074 -0.0113524 -0.00902556 -0.00711973 -0.00555338 -0.00431793 -0.00335115 -0.00263131 -0.00208992 -0.00169854 -0.00144509 -0.00123712 -0.00112146 -0.00104064 -0.00097431 -0.00095631 -0.000932853 -0.000921198 -0.000918378 -0.000912861 -0.000903065 -0.000902707 -0.000900517 -0.000889844 -0.000900193 -0.00089164 -0.000887815 -0.00089756 -0.000883937 -0.000889267 -0.000889744 -0.000879958 -0.000889878 -0.000883754 -0.000881501 -0.000889072 -0.000879298 -0.000882794 
0 6.42658e-06 -8.39927e-07 1.3977e-05 9.48349e-06 1.54518e-05 2.50236e-05 2.043e-05 3.3037e-05 3.00653e-05 3.29341e-05 3.71885e-05 3.46652e-05 4.31527e-05 4.16724e-05 5.2419e-05 5.85056e-05 6.30408e-05 7.38792e-05 7.25283e-05 8.3041e-05 9.33041e-05 0.000113719 0.000152035 0.000211403 0.000298851 0.000431009 0.000634137 0.000910629 0.00133148 0.0019019 0.00266381 0.00369328 0.0049881 0.00663306 0.00867366 0.0111287 0.0140244 0.0173524 0.0210333 0.0249693 0.0290274 0.0329713 0.036581 0.0395658 0.0416548 0.0425921 0.042158 0.0402301 0.0367539 0.0317806 0.0255107 0.0182929 0.0104487 0.00238582 -0.00546748 -0.0127092 -0.0189887 -0.024032 -0.0277042 -0.02999 -0.0309442 -0.0307456 -0.0295684 -0.0276379 -0.025205 -0.0225431 -0.0198228 -0.0172017 -0.0147717 -0.0125946 -0.0107152 -0.00915185 -0.00785734 -0.00677408 -0.00589555 -0.00518611 -0.00461276 -0.0041274 -0.0037215 -0.00336044 -0.00306178 -0.00279708 -0.00255905 -0.00232462 -0.00212918 -0.00194735 -0.00177679 -0.00160362 -0.00145694 -0.00131322 -0.00117757 -0.00103996 -0.000918716 -0.000795337 -0.00067954 -0.000561521 -0.000452822 -0.000340012 -0.000234144 -0.00012404 -1.90087e-05 9.09699e-05 0.000194944 0.000307312 0.000417057 0.000531801 0.000642162 0.000768351 0.00089276 0.00102151 0.00115022 0.00130564 0.00145883 0.00161799 0.0017866 0.00199437 0.00220451 0.00243419 0.0026907 0.00300493 0.00335628 0.00377642 0.00426913 0.00488013 0.00564122 0.00659311 0.00773583 0.00912757 0.0108246 0.0128275 0.0150996 0.0175967 0.0202426 0.0229008 0.0254203 0.0275442 0.0290162 0.0295999 0.0291123 0.0273506 0.0242266 0.0197135 0.0139115 0.00705827 -0.000522831 -0.00846206 -0.0163231 -0.0236721 -0.030182 -0.0355081 -0.0394089 -0.0417704 -0.0426231 -0.0420766 -0.0403367 -0.0376334 -0.0342374 -0.030435 -0.0264479 -0.0225327 -0.0188447 -0.0154834 -0.0125264 -0.0100065 -0.00789041 -0.00617296 -0.00482277 -0.00374847 -0.00294776 -0.00234556 -0.00189918 -0.00159451 -0.00137957 -0.00123994 -0.0011484 -0.00109257 -0.00104934 -0.00102524 -0.00100697 -0.00099214 -0.000991333 -0.000982187 -0.000986239 -0.000981743 -0.00097917 -0.000981364 -0.000971793 -0.000977991 -0.000968697 -0.000970821 -0.000974752 -0.000963033 -0.000974458 -0.000963116 -0.000962415 -0.000968595 -0.000954673 -0.000968626 -0.000962256 
0 9.16555e-06 4.23744e-07 1.87061e-05 1.20772e-05 1.6087e-05 2.62275e-05 1.68487e-05 3.17476e-05 3.01229e-05 3.47557e-05 4.64092e-05 4.31527e-05 5.37987e-05 5.16369e-05 5.60675e-05 5.9117e-05 5.78113e-05 7.12432e-05 7.46408e-05 9.29511e-05 0.000113568 0.000137048 0.000182121 0.00024387 0.000342738 0.00049603 0.000727674 0.00104938 0.0015166 0.00215077 0.00299111 0.00412249 0.00555255 0.00735859 0.00958779 0.0122431 0.0153622 0.0189178 0.0228336 0.0270032 0.0312558 0.0353524 0.0390623 0.0421022 0.0441926 0.0450946 0.0445672 0.0424784 0.0388079 0.0336247 0.0271372 0.0196655 0.0115514 0.00321077 -0.00492575 -0.0124839 -0.0191037 -0.0244896 -0.0285066 -0.0311179 -0.0323682 -0.0324113 -0.0314203 -0.0295962 -0.0272047 -0.0245089 -0.0216892 -0.0189216 -0.0163243 -0.0139636 -0.0118919 -0.0101482 -0.00868421 -0.00745895 -0.0064622 -0.00565443 -0.00498361 -0.00442983 -0.00397326 -0.00356898 -0.00321996 -0.00292207 -0.00265575 -0.00239817 -0.00217615 -0.00197172 -0.0017771 -0.0015902 -0.00142974 -0.00126511 -0.00110786 -0.000963581 -0.000834205 -0.000689286 -0.000556063 -0.000436498 -0.000320519 -0.000185858 -6.76153e-05 4.123e-05 0.000155313 0.000286278 0.00039817 0.000508957 0.000630498 0.000764035 0.000880116 0.00100708 0.00114553 0.00129005 0.00142678 0.001588 0.00175602 0.00192928 0.0021152 0.0023367 0.00256365 0.00281319 0.00310649 0.00345151 0.00383748 0.00430583 0.00487605 0.00556613 0.00642371 0.00749344 0.00878373 0.0103361 0.0122113 0.0143894 0.0168272 0.0194752 0.0222366 0.0249521 0.0274586 0.0295056 0.030822 0.0311909 0.0304262 0.0283488 0.0248822 0.0200262 0.0138709 0.00667428 -0.00121868 -0.00944683 -0.01759 -0.025223 -0.0319843 -0.0375313 -0.0416227 -0.0441595 -0.0451332 -0.0446427 -0.0429047 -0.0401477 -0.0366536 -0.0327096 -0.0285497 -0.0244143 -0.0204916 -0.0168958 -0.0137163 -0.0110016 -0.00871024 -0.00684255 -0.00535503 -0.00417165 -0.00328175 -0.00261245 -0.00212067 -0.00177468 -0.00153133 -0.00136208 -0.00125017 -0.00118204 -0.00113203 -0.00111202 -0.00109471 -0.00108433 -0.00108193 -0.00106964 -0.00107163 -0.00106191 -0.00106169 -0.0010609 -0.00105271 -0.00106311 -0.0010491 -0.00105235 -0.00105376 -0.00103981 -0.00105537 -0.00104374 -0.00104711 -0.00105583 -0.00103925 -0.00105347 -0.00104234 
0 3.06506e-06 8.27214e-06 1.17558e-05 1.40955e-05 2.11931e-05 2.36129e-05 2.66834e-05 3.48264e-05 3.37478e-05 3.80546e-05 4.51219e-05 4.16724e-05 5.16369e-05 5.92996e-05 5.67262e-05 7.22003e-05 7.38053e-05 7.48617e-05 9.62857e-05 9.55467e-05 0.000118728 0.000158492 0.00019269 0.000282402 0.00039736 0.000567251 0.000834105 0.00119928 0.0017189 0.00242281 0.00337119 0.0045949 0.00616126 0.00813214 0.0105198 0.0133889 0.016729 0.0205059 0.0246349 0.0290105 0.033427 0.0376374 0.0414419 0.0445033 0.046566 0.0473933 0.0467652 0.0445329 0.0406851 0.035337 0.0286667 0.0210089 0.0126928 0.00415781 -0.00420634 -0.0120237 -0.0189287 -0.0246345 -0.0289833 -0.0319422 -0.0335068 -0.033837 -0.0330647 -0.031408 -0.0291031 -0.0264171 -0.0235306 -0.0206395 -0.0178896 -0.0153468 -0.0130921 -0.0111487 -0.00951092 -0.00812362 -0.00700668 -0.00607672 -0.00530928 -0.00466881 -0.00415964 -0.00370076 -0.00330602 -0.0029637 -0.0026677 -0.00238512 -0.00213735 -0.00190603 -0.00168527 -0.00148688 -0.00130838 -0.00112478 -0.000942463 -0.00079499 -0.000650316 -0.000490301 -0.000334498 -0.000217181 -8.60951e-05 6.16046e-05 0.000198811 0.000302438 0.000432591 0.000575379 0.000702571 0.000807584 0.000946243 0.00109113 0.00121996 0.00134322 0.00149894 0.00165579 0.00180518 0.00196798 0.00215208 0.00234188 0.00254479 0.00277844 0.003022 0.00329995 0.00362462 0.00400677 0.00442632 0.00495667 0.00559962 0.00638732 0.00733884 0.00854103 0.00997704 0.0117067 0.0137463 0.0160954 0.018679 0.0214544 0.0242927 0.0270208 0.0294631 0.0313669 0.0324838 0.0325834 0.031515 0.0290901 0.0252814 0.0200869 0.0136298 0.00614538 -0.00200556 -0.0104537 -0.0188098 -0.0266484 -0.0336154 -0.0393364 -0.043612 -0.0463076 -0.0474026 -0.046988 -0.0452911 -0.0425389 -0.0389687 -0.0349195 -0.0306107 -0.0262874 -0.0221502 -0.0183482 -0.0149577 -0.0120199 -0.00956433 -0.0075297 -0.00590063 -0.00461926 -0.00363489 -0.00288966 -0.00234012 -0.00195965 -0.0016713 -0.00149272 -0.00137394 -0.00127961 -0.00124209 -0.00120368 -0.00117741 -0.00117298 -0.00115745 -0.0011514 -0.00115213 -0.0011455 -0.00114346 -0.00114476 -0.00113685 -0.00113679 -0.00113951 -0.00113169 -0.00113615 -0.00113531 -0.00112734 -0.0011327 -0.00112598 -0.00112247 -0.00112911 -0.00112178 -0.00112662 
0 6.05114e-06 5.33514e-06 1.40622e-05 1.65292e-05 1.91001e-05 2.70167e-05 2.87034e-05 3.37599e-05 3.94259e-05 4.30997e-05 4.64101e-05 5.2419e-05 5.60675e-05 5.67262e-05 6.77707e-05 6.84939e-05 7.69264e-05 9.40834e-05 9.20541e-05 0.000116943 0.0001399 0.000164882 0.000237387 0.000318128 0.000453105 0.000661158 0.000947132 0.00136113 0.00193832 0.0027262 0.00375257 0.00511029 0.00681745 0.0089244 0.0115208 0.0145785 0.0181289 0.0221231 0.0264667 0.030998 0.0355401 0.0398753 0.0436898 0.046755 0.0487723 0.0495012 0.0487258 0.046367 0.0424088 0.0368963 0.0300961 0.0223083 0.0139073 0.0052241 -0.00330291 -0.0113084 -0.0184383 -0.0244249 -0.029115 -0.0324031 -0.0343275 -0.0349546 -0.0344683 -0.0330116 -0.0308624 -0.0282201 -0.0253161 -0.0223317 -0.019442 -0.0167396 -0.0142938 -0.0121621 -0.0103196 -0.00878343 -0.00750711 -0.00646543 -0.0055684 -0.00485344 -0.00425525 -0.00375575 -0.00329383 -0.00291511 -0.00256845 -0.0022697 -0.00198422 -0.00172762 -0.00147492 -0.00126389 -0.001063 -0.000857369 -0.000654664 -0.000493987 -0.000336343 -0.000155748 1.25534e-05 0.000142975 0.000281586 0.00044856 0.000593166 0.000708509 0.000843886 0.00100419 0.00113648 0.00125063 0.00139482 0.00155505 0.00169001 0.00181861 0.0019828 0.00215301 0.00231368 0.00247734 0.00267652 0.00287903 0.00310395 0.00333754 0.00360982 0.00390552 0.00427513 0.00467496 0.00515551 0.00573131 0.00647275 0.00734099 0.00842069 0.00973622 0.011347 0.0132384 0.0154539 0.0179466 0.0206695 0.0235398 0.0264134 0.0291154 0.0314291 0.0331518 0.0340005 0.0338107 0.0323808 0.0296224 0.0254507 0.01994 0.0132081 0.00551274 -0.00283252 -0.0114736 -0.0199668 -0.0279442 -0.0350362 -0.040955 -0.0453784 -0.0482054 -0.049429 -0.0491416 -0.0475084 -0.0447594 -0.0411983 -0.0370457 -0.0326116 -0.0281342 -0.023819 -0.0198006 -0.0162031 -0.0130889 -0.0104232 -0.00824792 -0.00648608 -0.00508498 -0.00400722 -0.00318984 -0.00258299 -0.00213744 -0.00184329 -0.00162272 -0.00148063 -0.00139909 -0.0013235 -0.00129307 -0.00126977 -0.00124797 -0.00124599 -0.0012389 -0.00123294 -0.00122972 -0.00122967 -0.00122315 -0.00122237 -0.00122324 -0.00121359 -0.00121962 -0.00121463 -0.00120896 -0.00121789 -0.00120664 -0.00121068 -0.00121398 -0.00120254 -0.00121335 -0.00120661 
0 2.31087e-06 1.21536e-05 1.04502e-05 1.99732e-05 2.27819e-05 2.55537e-05 3.36641e-05 3.28656e-05 4.22698e-05 4.3708e-05 5.10671e-05 5.85056e-05 5.9117e-05 7.22003e-05 6.84939e-05 7.81799e-05 8.55922e-05 8.47554e-05 0.000110206 0.000123772 0.000156032 0.000205987 0.000266769 0.000369584 0.000522379 0.000750365 0.00107619 0.00155349 0.00218785 0.0030479 0.00419227 0.00563996 0.00749961 0.00979017 0.0125561 0.0158247 0.0195781 0.0237645 0.028277 0.0329829 0.0376398 0.0420205 0.0458503 0.0488666 0.0507965 0.0514085 0.0505362 0.0480285 0.0439126 0.0383184 0.0314716 0.0236225 0.0151393 0.00640798 -0.00219826 -0.0103186 -0.0176395 -0.0238762 -0.0288633 -0.032495 -0.0347795 -0.0357555 -0.035566 -0.0343797 -0.0324149 -0.0298803 -0.0269904 -0.0239531 -0.0209423 -0.0180921 -0.0154696 -0.0131339 -0.0110957 -0.00938064 -0.00794893 -0.00675871 -0.0057472 -0.00492144 -0.00424261 -0.00367188 -0.00316008 -0.0027181 -0.00233244 -0.00199719 -0.00168388 -0.00138733 -0.00111225 -0.000875808 -0.000653462 -0.000422308 -0.000204066 -2.24974e-05 0.000152695 0.000349073 0.000529764 0.000677752 0.000830061 0.00100685 0.001162 0.00129199 0.00143725 0.00160451 0.00174607 0.0018724 0.00202283 0.00219037 0.00233382 0.00247245 0.00264017 0.00282216 0.00299098 0.00316342 0.00336674 0.00359043 0.00382506 0.00407197 0.00435791 0.00469166 0.00508506 0.00552469 0.0060516 0.00670325 0.00752155 0.00850034 0.00969613 0.0111522 0.012921 0.0149896 0.0173599 0.0199862 0.0228221 0.0257506 0.0286205 0.0312333 0.0333793 0.0348423 0.0354001 0.034862 0.0330596 0.0299235 0.0254188 0.0196183 0.0126484 0.0047689 -0.00371248 -0.0124253 -0.0210194 -0.029113 -0.0363061 -0.042298 -0.0468639 -0.0498662 -0.0512292 -0.0510622 -0.0495193 -0.046836 -0.0432673 -0.0390899 -0.0345779 -0.0299526 -0.0254594 -0.0212597 -0.0174761 -0.0141553 -0.0113422 -0.00899757 -0.0070783 -0.00557711 -0.00439073 -0.0034964 -0.00283615 -0.00234755 -0.0020002 -0.00175997 -0.00159816 -0.00148425 -0.00142774 -0.00138025 -0.00135518 -0.00134642 -0.0013238 -0.00132519 -0.00131575 -0.00131019 -0.00131132 -0.0013045 -0.00130825 -0.00130067 -0.00130204 -0.00129834 -0.00129273 -0.00129826 -0.00128916 -0.00129544 -0.00129457 -0.00128925 -0.00129756 -0.00128683 -0.00129009 
0 1.74254e-06 1.65709e-05 9.68428e-06 2.26419e-05 2.45389e-05 2.48009e-05 3.93765e-05 3.43072e-05 4.76718e-05 4.96012e-05 5.08323e-05 6.30408e-05 5.78113e-05 7.38053e-05 7.69264e-05 8.55922e-05 0.00010284 0.000103513 0.000128633 0.000141744 0.000170408 0.000226294 0.000298375 0.000424288 0.000604082 0.000866164 0.00123282 0.00175683 0.00246079 0.003409 0.00466421 0.00624276 0.00825093 0.0106985 0.0136401 0.0171095 0.0210574 0.025443 0.0301279 0.0349476 0.0396801 0.0440978 0.0479109 0.0508635 0.052697 0.0531617 0.0521352 0.0495094 0.0453124 0.0396577 0.0327629 0.0249119 0.0164596 0.00774301 -0.000896551 -0.00907737 -0.0165149 -0.0229548 -0.02822 -0.0321893 -0.0348397 -0.0361782 -0.0363259 -0.0354472 -0.0337155 -0.0313301 -0.028504 -0.0254465 -0.0223428 -0.0193599 -0.0165683 -0.0140304 -0.0117912 -0.00988744 -0.0082792 -0.00693017 -0.00578974 -0.00484426 -0.00406516 -0.00341728 -0.00284413 -0.00233762 -0.00190294 -0.0015284 -0.00117781 -0.000843886 -0.000542996 -0.000277673 -2.58369e-05 0.000226817 0.00046087 0.000668333 0.000866931 0.00107428 0.00126669 0.0014382 0.00160747 0.0017886 0.00195396 0.00210463 0.00226065 0.00242867 0.00258022 0.00272397 0.00287982 0.00304777 0.00320182 0.00335396 0.00352391 0.00371037 0.00389059 0.00407267 0.00428033 0.00451828 0.0047664 0.00502492 0.0053292 0.00569676 0.00611885 0.00659677 0.00718213 0.00791181 0.00881458 0.00990504 0.0112307 0.0128304 0.0147579 0.0169952 0.0195083 0.0222471 0.0251641 0.0281123 0.0309228 0.033394 0.035314 0.0364694 0.036679 0.0357588 0.0335623 0.0300476 0.025208 0.0191325 0.0119808 0.00398931 -0.0045813 -0.01335 -0.0219635 -0.0300727 -0.0373268 -0.0434188 -0.0481041 -0.0512277 -0.0527399 -0.0527373 -0.0513248 -0.0487374 -0.0452165 -0.0410229 -0.0364445 -0.03173 -0.0271008 -0.0227307 -0.0187669 -0.0152506 -0.0122572 -0.00975499 -0.00770139 -0.00608199 -0.00479434 -0.0038144 -0.00308081 -0.00254303 -0.00216077 -0.00190044 -0.00172378 -0.00159789 -0.00152997 -0.00146853 -0.00143988 -0.00142432 -0.00140313 -0.00140742 -0.00139472 -0.00139645 -0.00139251 -0.00138335 -0.00139015 -0.00137779 -0.00138592 -0.0013837 -0.00137857 -0.00138776 -0.00137241 -0.00137755 -0.00137262 -0.00136346 -0.00137532 -0.00136443 -0.00137361 
