0 0 0 0 0 0 0 0 0 0 0 0 0 0 0 0 0 0 0 0 0 0 0 0 0 0 0 0 0 0 0 0 0 0 0 0 0 0 0 0 0 0 0 0 0 0 0 0 0 0 0 0 0 0 0 0 0 0 0 0 0 0 0 0 0 0 0 0 0 0 0 0 0 0 0 0 0 0 0 0 0 0 0 0 0 0 0 0 0 0 0 0 0 0 0 0 0 0 0 0 0 0 0 0 0 0 0 0 0 0 0 0 0 0 0 0 0 0 0 0 0 0 0 0 0 0 0 0 0 0 0 0 0 0 0 0 0 0 0 0 0 0 0 0 0 0 0 0 0 0 0 0 0 0 0 0 0 0 0 0 0 0 0 0 0 0 0 0 0 0 0 0 0 0 0 0 0 0 0 0 0 0 0 0 0 0 0 0 0 0 0 0 0 0 0 0 0 0 0 0 
0 7.75193e-07 -8.89001e-07 -1.80021e-06 7.78791e-07 -3.03265e-07 2.17652e-06 5.15668e-06 2.77356e-06 5.20092e-06 4.14685e-06 -7.19902e-07 2.35666e-06 5.13377e-07 -1.72607e-06 7.96965e-06 3.58199e-06 5.74757e-06 1.41365e-05 6.81328e-08 9.77642e-06 8.77214e-06 9.61899e-07 2.07917e-05 1.56036e-05 2.80342e-05 4.64717e-05 5.97784e-05 9.69272e-05 0.000142328 0.000214266 0.000298069 0.000421122 0.000566778 0.000743949 0.000978376 0.00124534 0.0015689 0.00192489 0.00232862 0.00273075 0.00313249 0.00351831 0.00380249 0.00399739 0.0040512 0.00394668 0.00366211 0.00323491 0.00263829 0.00188458 0.0010508 0.00017219 -0.000661179 -0.00143834 -0.00208639 -0.00258741 -0.00290923 -0.00308109 -0.00309026 -0.00295317 -0.00273616 -0.00245362 -0.00215855 -0.00185244 -0.00157413 -0.00130247 -0.00109684 -0.00092415 -0.000786497 -0.000667266 -0.00057959 -0.00050722 -0.000455265 -0.000419953 -0.000371407 -0.000336248 -0.000311745 -0.000300999 -0.00026485 -0.000248596 -0.000228364 -0.000221925 -0.000198407 -0.000191387 -0.000168488 -0.00016462 -0.000152508 -0.00014584 -0.000121826 -0.000122312 -0.000116095 -0.000105607 -8.42773e-05 -8.89315e-05 -8.30918e-05 -6.8934e-05 -5.24888e-05 -5.95963e-05 -5.06181e-05 -3.47392e-05 -2.33364e-05 -3.08753e-05 -1.69497e-05 -1.72045e-06 5.96926e-06 1.61943e-07 1.93393e-05 3.15372e-05 3.86234e-05 3.67422e-05 5.92579e-05 6.72782e-05 7.92454e-05 8.22196e-05 0.000104019 0.000110665 0.00013369 0.00014007 0.000158677 0.00017191 0.000207973 0.000218235 0.000239658 0.000269018 0.000316215 0.000346848 0.000392981 0.000454835 0.0005331 0.000637712 0.000762763 0.000916806 0.00110196 0.00135295 0.00161692 0.00191304 0.00220424 0.00249387 0.00272779 0.00290347 0.0029435 0.00282908 0.00256462 0.00213539 0.00155306 0.000823944 1.96772e-05 -0.000834731 -0.0016532 -0.00242861 -0.00306772 -0.00353831 -0.00385595 -0.00401168 -0.00400648 -0.00385268 -0.00361022 -0.00325294 -0.00286256 -0.0024607 -0.00206771 -0.00170752 -0.00137899 -0.00110772 -0.000859672 -0.000670303 -0.000516503 -0.000394693 -0.00030286 -0.0002334 -0.000186318 -0.000138335 -0.000127702 -0.000105447 -9.31268e-05 -0.000101408 -8.19218e-05 -8.61108e-05 -8.39365e-05 -7.32871e-05 -8.03779e-05 -7.78913e-05 -7.756e-05 -8.21707e-05 -8.19685e-05 -7.92006e-05 -8.19514e-05 -7.93602e-05 -7.61632e-05 -8.09819e-05 -7.63436e-05 -7.77672e-05 -8.09503e-05 -7.56784e-05 -7.979e-05 -7.91073e-05 -7.5888e-05 -8.17389e-05 -7.76522e-05 
0 -8.89001e-07 6.84819e-06 4.49026e-07 6.56119e-06 3.55465e-06 7.9158e-08 2.62106e-06 -1.86257e-06 3.36151e-06 2.24343e-06 9.58547e-06 1.02077e-05 9.60672e-06 1.60151e-05 2.44021e-06 9.44865e-06 5.3162e-06 -2.87758e-08 1.56666e-05 9.21133e-06 1.81152e-05 2.55946e-05 2.6242e-05 3.78515e-05 5.86797e-05 8.93658e-05 0.000128942 0.000209768 0.000291398 0.00041563 0.00060578 0.000817706 0.00112508 0.00151036 0.00195278 0.00250027 0.00314013 0.00384893 0.00463883 0.00547844 0.00628101 0.00700926 0.00759685 0.0079655 0.00807033 0.00786441 0.00733071 0.00644232 0.00522036 0.00376126 0.00211935 0.000368867 -0.00133426 -0.00285019 -0.00413482 -0.00513013 -0.00579433 -0.00613537 -0.00614531 -0.00588992 -0.00545271 -0.00490956 -0.00430487 -0.00371322 -0.00314232 -0.00261937 -0.00219446 -0.00185673 -0.00157565 -0.00134062 -0.00116562 -0.00101705 -0.000920444 -0.000837411 -0.000755305 -0.000672424 -0.000637775 -0.00059754 -0.000545462 -0.000495986 -0.000471557 -0.000441403 -0.000411115 -0.000381455 -0.000350188 -0.000329258 -0.000315161 -0.000291388 -0.000254447 -0.000245978 -0.000238178 -0.000212527 -0.00017691 -0.000179453 -0.000169487 -0.00014065 -0.000111458 -0.000120393 -0.000103706 -7.3189e-05 -5.22445e-05 -6.22729e-05 -3.73323e-05 -7.31683e-06 6.11007e-06 5.52131e-07 3.27265e-05 6.00696e-05 6.98652e-05 7.43507e-05 0.000109152 0.000133663 0.000148199 0.000165831 0.00019573 0.000223359 0.000253452 0.000282339 0.000304272 0.000348192 0.000400231 0.000440088 0.000468855 0.000543084 0.000621527 0.000698833 0.000782787 0.000915405 0.00107013 0.00128205 0.00153586 0.00184152 0.00222511 0.00271243 0.00325439 0.00382635 0.00442412 0.00498411 0.00546015 0.00578029 0.0058649 0.00564159 0.00510672 0.0042299 0.00305364 0.00164531 3.33021e-05 -0.00168693 -0.00334848 -0.00483477 -0.00609843 -0.0070671 -0.00770516 -0.00800439 -0.00798553 -0.00769831 -0.00717115 -0.00648861 -0.00573066 -0.00491944 -0.00412458 -0.00340874 -0.00276196 -0.00219471 -0.00174707 -0.00135889 -0.0010348 -0.000805192 -0.000604269 -0.00046274 -0.000370648 -0.000295776 -0.000246274 -0.000213702 -0.000192375 -0.0001691 -0.000171028 -0.000165399 -0.000161398 -0.000172792 -0.000162086 -0.000165163 -0.000161615 -0.000156082 -0.000157268 -0.00015404 -0.000159591 -0.000153778 -0.000162103 -0.000158407 -0.000154257 -0.000165302 -0.000149432 -0.000160849 -0.000159217 -0.000148857 -0.000165488 -0.000149391 -0.000158057 
0 -1.80021e-06 4.49026e-07 -1.94638e-06 2.96936e-06 2.30636e-06 4.99633e-06 1.1268e-05 7.04271e-06 1.12406e-05 9.92954e-06 3.03789e-06 8.01217e-06 5.22798e-06 3.92667e-06 1.68406e-05 1.26537e-05 1.65406e-05 2.73326e-05 1.0953e-05 2.34983e-05 2.46748e-05 1.86022e-05 5.04412e-05 5.46381e-05 8.75138e-05 0.000137364 0.00019243 0.000299552 0.000439146 0.000645613 0.000909084 0.00126508 0.00170924 0.00225666 0.00294507 0.00375483 0.0047128 0.00578061 0.00696734 0.00817789 0.00937175 0.0104828 0.0113383 0.0118987 0.0120524 0.0117381 0.0109118 0.00961936 0.00783901 0.0056336 0.00316989 0.000581132 -0.00191043 -0.00419994 -0.00612859 -0.00762073 -0.00860757 -0.00912718 -0.00917132 -0.00880286 -0.00817191 -0.00735815 -0.00648075 -0.00558524 -0.00474507 -0.00395686 -0.00332499 -0.00280448 -0.0023822 -0.00202775 -0.0017563 -0.00153798 -0.00137923 -0.00125868 -0.00112467 -0.00101713 -0.000944434 -0.000894081 -0.000805694 -0.000746996 -0.000693086 -0.000659797 -0.00060385 -0.000569464 -0.000514714 -0.000491354 -0.000460389 -0.000431292 -0.000376297 -0.000364669 -0.000346011 -0.000312682 -0.000263722 -0.000262365 -0.000244556 -0.000205944 -0.000166894 -0.000171485 -0.000147417 -0.000106122 -7.71679e-05 -8.27752e-05 -4.88469e-05 -8.36549e-06 1.31927e-05 1.1765e-05 5.62131e-05 9.2461e-05 0.000112931 0.000120924 0.000172492 0.000203657 0.000234329 0.000254683 0.000306455 0.000339381 0.000393933 0.000425638 0.000474924 0.000526566 0.000613276 0.000660987 0.000724684 0.000818085 0.000945045 0.00105264 0.00119244 0.00138192 0.00162304 0.0019373 0.00231844 0.00278554 0.00335779 0.0040886 0.00488634 0.00575387 0.00662305 0.00746045 0.00814897 0.00862695 0.00872769 0.00837855 0.00757089 0.00627805 0.00453289 0.00238828 -4.0635e-06 -0.00252919 -0.00497305 -0.00723528 -0.00912215 -0.0105379 -0.0114831 -0.0119421 -0.0119278 -0.0114906 -0.0107474 -0.00971605 -0.00856481 -0.00737016 -0.00620096 -0.00512437 -0.00415233 -0.00332454 -0.00260524 -0.00202965 -0.00156317 -0.00119868 -0.000917508 -0.00070703 -0.000558805 -0.000433793 -0.000377701 -0.000320865 -0.000287347 -0.000285972 -0.000254311 -0.000254517 -0.000248311 -0.000233047 -0.000240329 -0.000237342 -0.000236045 -0.000242782 -0.000241962 -0.000237949 -0.000242374 -0.00023663 -0.000234195 -0.000239101 -0.000232277 -0.000236195 -0.000237161 -0.000232542 -0.000237144 -0.000235742 -0.000233505 -0.000235434 -0.000235191 
0 7.78791e-07 6.56119e-06 2.96936e-06 5.63855e-06 5.16392e-06 4.19883e-06 6.66392e-06 4.71612e-06 8.77105e-06 9.84621e-06 1.26457e-05 1.58292e-05 1.551e-05 1.75088e-05 1.52315e-05 1.5744e-05 1.56968e-05 1.75793e-05 2.16744e-05 2.65364e-05 3.43605e-05 4.18467e-05 5.95727e-05 7.97256e-05 0.000120764 0.00018404 0.000271174 0.000413924 0.000599629 0.000863092 0.00122359 0.00168475 0.00228628 0.00303544 0.00394269 0.00502725 0.00629246 0.00771223 0.0092703 0.0108909 0.0124691 0.0139007 0.0150351 0.0157562 0.0159512 0.0155344 0.0144614 0.012726 0.0103602 0.0074805 0.00424817 0.000846419 -0.00246479 -0.00547213 -0.00801969 -0.00999652 -0.0113348 -0.0120342 -0.0121122 -0.0116645 -0.0108501 -0.00980196 -0.00864421 -0.00747369 -0.00635253 -0.00532764 -0.00447218 -0.00377564 -0.00320306 -0.00273308 -0.00236303 -0.00207089 -0.00185492 -0.00168109 -0.00151263 -0.00136806 -0.00127098 -0.0011877 -0.00108748 -0.00100075 -0.000934806 -0.000877659 -0.000815564 -0.000757884 -0.000697703 -0.000655409 -0.000618378 -0.000571383 -0.000513854 -0.000485767 -0.00046055 -0.000414376 -0.000363114 -0.000346624 -0.000322573 -0.000274545 -0.000232192 -0.000222371 -0.000193089 -0.000143798 -0.000110311 -0.000101652 -6.39454e-05 -1.48301e-05 1.2267e-05 2.54958e-05 7.23297e-05 0.000120045 0.000146498 0.000170033 0.000223682 0.000271205 0.000307472 0.000345308 0.000401525 0.000456625 0.000516577 0.000570328 0.00063023 0.000709404 0.000806111 0.000885009 0.000970625 0.00109989 0.00125674 0.00141477 0.001605 0.00186215 0.002191 0.00261167 0.00312771 0.00375652 0.00453594 0.00549004 0.00655643 0.00769207 0.00884347 0.00992679 0.0108238 0.0114095 0.0115208 0.0110484 0.00995358 0.00822061 0.00589947 0.00308957 -7.5948e-05 -0.00340877 -0.00664727 -0.00959123 -0.0120702 -0.0139629 -0.0152159 -0.0158189 -0.0158001 -0.015237 -0.0142332 -0.0129011 -0.0113937 -0.00981156 -0.0082625 -0.00683172 -0.00554774 -0.00443631 -0.00350482 -0.00273256 -0.00210348 -0.00161753 -0.00123329 -0.00094982 -0.000748959 -0.00059767 -0.000501807 -0.000431971 -0.000386521 -0.000359598 -0.000341712 -0.000334053 -0.000329013 -0.00032796 -0.000324691 -0.000323784 -0.000320101 -0.000318152 -0.000317327 -0.000314488 -0.000317556 -0.000314421 -0.000316704 -0.000316565 -0.000313453 -0.000317527 -0.000312317 -0.000314963 -0.000313834 -0.000311265 -0.000317496 -0.000310368 -0.000313948 
0 -3.03265e-07 3.55465e-06 2.30636e-06 5.16392e-06 8.26455e-06 7.71145e-06 8.97525e-06 1.04544e-05 1.11897e-05 1.14067e-05 1.55737e-05 1.47763e-05 1.64799e-05 2.18982e-05 1.67281e-05 2.35459e-05 2.46255e-05 2.09308e-05 3.37723e-05 3.11e-05 4.01002e-05 5.7671e-05 6.89208e-05 0.000106274 0.000155509 0.000232196 0.000350549 0.000523999 0.000766372 0.00109734 0.00155538 0.00213401 0.0028856 0.00382473 0.00495333 0.00631053 0.00787981 0.00964963 0.0115665 0.0135664 0.0155115 0.0172552 0.0186558 0.0195302 0.0197597 0.0192338 0.0179118 0.0157618 0.012849 0.00931311 0.00533231 0.00116384 -0.00291886 -0.00662787 -0.00978901 -0.0122477 -0.013937 -0.0148282 -0.0149674 -0.0144718 -0.0135011 -0.0122407 -0.0108243 -0.0093888 -0.00799688 -0.00674151 -0.00566125 -0.00477975 -0.00405169 -0.0034611 -0.00298667 -0.00261734 -0.00233618 -0.00210327 -0.00189953 -0.00172089 -0.00159209 -0.00147338 -0.00136202 -0.00124999 -0.00116799 -0.00108731 -0.0010176 -0.000938079 -0.000873046 -0.000812134 -0.000765296 -0.000702355 -0.000645822 -0.000599467 -0.000563578 -0.000507958 -0.000458326 -0.000422551 -0.00038946 -0.000336595 -0.000293511 -0.000263645 -0.000228394 -0.000176159 -0.00013853 -0.000109605 -6.94324e-05 -1.64451e-05 1.81522e-05 5.11961e-05 9.76113e-05 0.000153129 0.000189266 0.000231449 0.000284397 0.000346199 0.000391714 0.000447625 0.000507971 0.000583988 0.000650529 0.000725724 0.000800128 0.000904348 0.00100912 0.00111982 0.00123402 0.00139537 0.00158048 0.00179152 0.00203815 0.00236367 0.00278353 0.00331248 0.00396592 0.00476299 0.00575069 0.00692134 0.00824643 0.00964214 0.011056 0.0123639 0.0134448 0.014113 0.0142087 0.0135954 0.01221 0.0100489 0.0071649 0.00369384 -0.000213303 -0.00429793 -0.00828932 -0.0119033 -0.0149573 -0.0173002 -0.0188483 -0.0195975 -0.0195859 -0.0189112 -0.0176717 -0.016051 -0.0141917 -0.0122409 -0.010331 -0.00855352 -0.00696166 -0.0055688 -0.00440843 -0.00343645 -0.00265137 -0.00203989 -0.00155991 -0.00120392 -0.000942953 -0.000761915 -0.000628311 -0.000546367 -0.000492798 -0.00044893 -0.000436981 -0.000418617 -0.000409374 -0.000410903 -0.000400896 -0.000401916 -0.000400475 -0.00039716 -0.000397605 -0.000397243 -0.000396299 -0.000394723 -0.000397205 -0.000392807 -0.000393851 -0.000395228 -0.000389507 -0.000396193 -0.000391644 -0.000388709 -0.000395995 -0.000387775 -0.000392316 
0 2.17652e-06 7.9158e-08 4.99633e-06 4.19883e-06 7.71145e-06 8.89309e-06 1.21673e-05 1.59838e-05 1.3889e-05 2.00171e-05 1.3015e-05 1.72662e-05 1.98171e-05 1.33323e-05 3.02749e-05 2.36958e-05 2.97879e-05 4.11568e-05 2.93277e-05 4.52806e-05 4.95718e-05 5.98793e-05 9.2889e-05 0.000131151 0.000192846 0.000288907 0.000437596 0.00063415 0.000940487 0.00135385 0.00188509 0.00261319 0.00350686 0.00461784 0.00599023 0.00760675 0.00947761 0.0115875 0.0138681 0.016203 0.0184933 0.0205515 0.0221768 0.0231997 0.0234544 0.0228241 0.0212299 0.0187021 0.0152926 0.0111141 0.0064203 0.00153173 -0.00324904 -0.00765341 -0.0114077 -0.0143468 -0.0163768 -0.0174788 -0.0177131 -0.0171957 -0.0161106 -0.0146553 -0.0130196 -0.01132 -0.00968467 -0.0081934 -0.00690037 -0.0058189 -0.00493549 -0.00421558 -0.00363266 -0.00318427 -0.00282531 -0.00253596 -0.00228644 -0.00208577 -0.00190811 -0.0017651 -0.0016283 -0.00150664 -0.00139262 -0.0013014 -0.00120897 -0.00112128 -0.00104014 -0.000970805 -0.000901152 -0.000832706 -0.000770861 -0.000711893 -0.000655933 -0.00059861 -0.000547596 -0.000494224 -0.000446316 -0.000394637 -0.000349077 -0.000298583 -0.000254202 -0.000204455 -0.000160365 -0.000110312 -6.56247e-05 -1.4776e-05 3.18016e-05 8.37732e-05 0.000132491 0.000188127 0.00024174 0.000298059 0.000355778 0.000421559 0.000487653 0.000552477 0.00062716 0.00071061 0.00079745 0.000881268 0.000985604 0.00109904 0.00122555 0.00135537 0.00151598 0.00169602 0.00192055 0.00217834 0.00249589 0.00288864 0.00340606 0.00404814 0.00484173 0.00582012 0.0070087 0.00840132 0.00996107 0.0116195 0.0132599 0.0147774 0.015998 0.0167305 0.0167751 0.0159969 0.0143142 0.0117349 0.00831423 0.00417378 -0.000428318 -0.00521183 -0.00989221 -0.0141769 -0.017776 -0.0205278 -0.0223658 -0.0232654 -0.0232722 -0.0224792 -0.0210545 -0.0191461 -0.0169441 -0.0146551 -0.0124021 -0.0102833 -0.00838215 -0.00673558 -0.00531332 -0.0041537 -0.00322528 -0.00246678 -0.00190406 -0.00147159 -0.00114649 -0.000922328 -0.000768241 -0.000661551 -0.000592001 -0.00055934 -0.000519311 -0.000506195 -0.000497892 -0.000477982 -0.000486683 -0.000478248 -0.000478242 -0.000483088 -0.000476933 -0.000479953 -0.000474603 -0.000476808 -0.000471709 -0.000472827 -0.000475615 -0.000466805 -0.000476419 -0.000468483 -0.000469946 -0.000475923 -0.000463058 -0.000475674 -0.000468765 
0 5.15668e-06 2.62106e-06 1.1268e-05 6.66392e-06 8.97525e-06 1.21673e-05 6.24673e-06 1.49901e-05 1.22503e-05 1.46885e-05 2.67876e-05 2.19261e-05 2.9109e-05 3.39159e-05 2.23323e-05 3.15414e-05 3.00177e-05 2.41237e-05 4.74409e-05 4.51913e-05 6.05013e-05 9.19149e-05 0.000103048 0.000163356 0.000235561 0.000347599 0.000531002 0.000776648 0.00113197 0.00160274 0.00224909 0.00307492 0.0041329 0.00545732 0.00704114 0.0089268 0.0110916 0.0135269 0.0161274 0.0188333 0.0214472 0.0237494 0.0256019 0.0267365 0.0270029 0.0262643 0.0244602 0.021531 0.0176052 0.0128711 0.00754946 0.00198816 -0.00350581 -0.00852744 -0.0128411 -0.0162419 -0.0186435 -0.0199681 -0.0203106 -0.0198171 -0.0186476 -0.0170534 -0.0152003 -0.013281 -0.0113974 -0.00969972 -0.0081783 -0.00690757 -0.00585274 -0.0050021 -0.00430718 -0.0037687 -0.00333452 -0.00297187 -0.00269081 -0.00244713 -0.00224004 -0.00204862 -0.00190747 -0.00175302 -0.00163035 -0.00150442 -0.00140878 -0.0012933 -0.00121504 -0.00111841 -0.00104027 -0.000952617 -0.000897698 -0.000814097 -0.000746779 -0.000679619 -0.000633773 -0.000556429 -0.000498175 -0.000443444 -0.000398599 -0.000324324 -0.000273273 -0.000223453 -0.000175323 -0.000101486 -5.52177e-05 -3.27128e-06 5.10834e-05 0.000126936 0.00017203 0.000233963 0.000296769 0.000377161 0.000428371 0.000509198 0.000581997 0.000672462 0.000743483 0.000851408 0.000939236 0.00105456 0.00116575 0.00131053 0.00143696 0.00161061 0.00179681 0.00201857 0.00226573 0.00259017 0.00297259 0.00344897 0.00406382 0.00482624 0.00577299 0.00692885 0.00833369 0.00992722 0.0117285 0.0136069 0.0154763 0.0171539 0.0184915 0.0192254 0.0192015 0.0182506 0.0162546 0.0132369 0.00927971 0.00456619 -0.000707619 -0.00617663 -0.0115279 -0.0163641 -0.0204709 -0.0236564 -0.0257709 -0.0268065 -0.0268279 -0.0259547 -0.0243089 -0.0221718 -0.0196806 -0.0170474 -0.0144563 -0.0120144 -0.00981884 -0.00788999 -0.00627188 -0.00490764 -0.00380622 -0.00293138 -0.00225183 -0.00174235 -0.00136247 -0.00110809 -0.000903828 -0.000783562 -0.000700977 -0.000629314 -0.000615245 -0.000587492 -0.000575898 -0.000581976 -0.000566636 -0.000565134 -0.000564957 -0.000553656 -0.000555038 -0.000557058 -0.000549828 -0.000556321 -0.000554887 -0.000549328 -0.000555748 -0.000550253 -0.000549631 -0.000551546 -0.000548247 -0.000550324 -0.000549651 -0.000548806 -0.000547917 
0 2.77356e-06 -1.86257e-06 7.04271e-06 4.71612e-06 1.04544e-05 1.59838e-05 1.49901e-05 2.17923e-05 1.8618e-05 2.26467e-05 2.10481e-05 1.97303e-05 2.55274e-05 2.38863e-05 3.3825e-05 3.73693e-05 4.21285e-05 4.88247e-05 4.98866e-05 5.76588e-05 6.86435e-05 9.28841e-05 0.000126973 0.000193042 0.000281396 0.000416186 0.000628669 0.000907346 0.00132864 0.00189055 0.00262578 0.0035985 0.00480404 0.0063002 0.00811697 0.0102591 0.0127166 0.0154653 0.0183973 0.0213928 0.0242935 0.0268617 0.0288955 0.030141 0.0304108 0.0295608 0.0275005 0.0242427 0.019889 0.014605 0.00867443 0.00249958 -0.00358628 -0.00921849 -0.0140802 -0.0179467 -0.0206905 -0.0222662 -0.0227638 -0.0223272 -0.0211259 -0.0194141 -0.0173985 -0.0152637 -0.0131714 -0.0112504 -0.00952308 -0.00804342 -0.00681893 -0.00581906 -0.00500847 -0.00437006 -0.00384652 -0.00341468 -0.00308275 -0.00280578 -0.00255021 -0.00232871 -0.00215687 -0.00199083 -0.00183798 -0.00169824 -0.00157528 -0.00145451 -0.00135789 -0.00125266 -0.00114858 -0.0010592 -0.000993175 -0.000900532 -0.000810433 -0.000744502 -0.000690267 -0.000601781 -0.000525263 -0.00047377 -0.000419905 -0.000332951 -0.0002681 -0.000222478 -0.000162575 -7.5789e-05 -1.9117e-05 2.86635e-05 9.88211e-05 0.000186515 0.000240526 0.000299454 0.000382339 0.000472464 0.000534276 0.000614413 0.000710282 0.000809052 0.000896899 0.0010073 0.00111902 0.00124539 0.00138432 0.00153701 0.00168905 0.00188559 0.00211573 0.00236364 0.00265263 0.00303206 0.00349297 0.00405435 0.00477011 0.00566157 0.0067607 0.00810779 0.00970703 0.011514 0.0135198 0.0156182 0.017662 0.0194785 0.0208766 0.0215978 0.0214578 0.0202919 0.0179907 0.0145642 0.0101033 0.00478684 -0.0010841 -0.00714551 -0.0130806 -0.0184983 -0.0230834 -0.0266242 -0.0290042 -0.0301884 -0.0302468 -0.0292961 -0.0275111 -0.0251294 -0.0223486 -0.0194223 -0.0165208 -0.0137699 -0.0112794 -0.00909422 -0.0072184 -0.00566282 -0.0044107 -0.0033949 -0.00262524 -0.00203343 -0.00158586 -0.0012804 -0.0010536 -0.000908188 -0.000812613 -0.000748813 -0.000707505 -0.000679958 -0.000662126 -0.000647214 -0.000645617 -0.000638342 -0.000640933 -0.000640751 -0.000637174 -0.000641026 -0.000632694 -0.000636279 -0.000632103 -0.000629893 -0.000633525 -0.000626112 -0.00063418 -0.00062704 -0.000626407 -0.00063143 -0.000620917 -0.000631266 -0.000625974 
0 5.20092e-06 3.36151e-06 1.12406e-05 8.77105e-06 1.11897e-05 1.3889e-05 1.22503e-05 1.8618e-05 1.92519e-05 2.54115e-05 2.6745e-05 3.00079e-05 3.55854e-05 3.12679e-05 3.90529e-05 3.66792e-05 3.8784e-05 4.9524e-05 5.08511e-05 6.84353e-05 8.60135e-05 0.000112142 0.000157799 0.000226875 0.000333041 0.000493394 0.000737849 0.00106821 0.00154438 0.00218508 0.003017 0.00411778 0.00548655 0.00717818 0.00922573 0.01162 0.0143609 0.0174 0.0206393 0.0239289 0.0270907 0.0298779 0.0320561 0.0333819 0.0336378 0.0326811 0.0303983 0.0268125 0.0220379 0.016274 0.00983142 0.00309776 -0.00354949 -0.00973249 -0.0150921 -0.0194013 -0.0225011 -0.0243487 -0.0250262 -0.0246818 -0.0234985 -0.0217169 -0.0195715 -0.0172564 -0.014975 -0.0128442 -0.0109156 -0.00923182 -0.00782865 -0.00667426 -0.00574127 -0.00499391 -0.00437568 -0.00387135 -0.00348271 -0.00316406 -0.00286373 -0.00260894 -0.00240346 -0.00222087 -0.00204193 -0.00188325 -0.00173404 -0.00160458 -0.00148962 -0.00137167 -0.0012458 -0.00115059 -0.0010705 -0.000967929 -0.000859823 -0.000789626 -0.000723702 -0.000626372 -0.000535108 -0.000480504 -0.000415805 -0.000320462 -0.000243451 -0.000195544 -0.000124425 -2.9629e-05 3.75886e-05 8.71763e-05 0.000169874 0.000265286 0.000329549 0.00039013 0.000487597 0.000585783 0.000659229 0.000741318 0.000854479 0.000963269 0.00106625 0.00118037 0.00131304 0.00145431 0.00161536 0.00177868 0.00195808 0.00218095 0.00244987 0.00273133 0.00306781 0.00350667 0.00405096 0.00470815 0.00553275 0.00656119 0.00782476 0.00936357 0.0111572 0.0131705 0.0153669 0.0176539 0.0198456 0.0217595 0.0231681 0.0238294 0.0235435 0.0221448 0.0195187 0.0156737 0.010733 0.00488519 -0.0015393 -0.00817151 -0.0146352 -0.0205444 -0.0255597 -0.0294549 -0.0320908 -0.0334162 -0.0335107 -0.0324949 -0.0305801 -0.0279958 -0.0249752 -0.0217673 -0.0185645 -0.015519 -0.0127445 -0.0103098 -0.0082084 -0.00646265 -0.00504255 -0.00389169 -0.00301244 -0.00233533 -0.00183041 -0.0014719 -0.0012142 -0.00103715 -0.000917818 -0.000844751 -0.000790994 -0.000766066 -0.000749873 -0.000734754 -0.000735233 -0.000724536 -0.000722906 -0.00072029 -0.00071501 -0.000716862 -0.000711724 -0.000714689 -0.000710576 -0.000711896 -0.00071198 -0.000704287 -0.000712824 -0.000705311 -0.000707122 -0.000712276 -0.000701745 -0.000711371 -0.000704457 
0 4.14685e-06 2.24343e-06 9.92954e-06 9.84621e-06 1.14067e-05 2.00171e-05 1.46885e-05 2.26467e-05 2.54115e-05 1.88607e-05 3.42635e-05 2.88025e-05 3.26044e-05 4.58833e-05 3.32464e-05 4.91792e-05 5.03256e-05 4.65881e-05 7.07188e-05 7.19304e-05 9.63059e-05 0.00013521 0.000179459 0.000264942 0.000390651 0.000578878 0.000848092 0.00124615 0.00177765 0.00249451 0.00345767 0.00466529 0.00620376 0.00809529 0.0103539 0.0130011 0.0160172 0.0193392 0.0228432 0.0264139 0.0298013 0.0327663 0.0350772 0.0364585 0.0366892 0.0356051 0.0331354 0.0292452 0.0240856 0.0179034 0.0110137 0.00378879 -0.00337279 -0.0100352 -0.0158675 -0.0205953 -0.0240627 -0.0261971 -0.0270871 -0.0268798 -0.0257593 -0.0239622 -0.0217165 -0.0192689 -0.0168088 -0.0144894 -0.0123551 -0.0104776 -0.00887953 -0.00756572 -0.006496 -0.00562726 -0.0049083 -0.0043224 -0.00387162 -0.00349467 -0.00315847 -0.00285895 -0.00262435 -0.00241064 -0.00221739 -0.00202662 -0.00186229 -0.00171181 -0.00158617 -0.00144485 -0.00131072 -0.00119828 -0.00110754 -0.000989448 -0.000875426 -0.000789827 -0.000713831 -0.00060659 -0.000509397 -0.00044076 -0.000367259 -0.000265066 -0.000181465 -0.000120421 -4.21362e-05 5.86738e-05 0.000133166 0.00019563 0.000283617 0.000386519 0.000458628 0.000532165 0.000633391 0.000743403 0.000824726 0.000920007 0.00103746 0.00116514 0.00127523 0.00140438 0.00154618 0.00171443 0.00188417 0.00207044 0.00227024 0.00253026 0.00282457 0.00315306 0.00353742 0.00404337 0.00467001 0.00543284 0.00637381 0.00754231 0.00898153 0.0107016 0.0126905 0.0148895 0.0172675 0.0196956 0.022007 0.0239639 0.0253424 0.025893 0.0254266 0.0237737 0.020814 0.016566 0.0111601 0.0048479 -0.00207968 -0.00921664 -0.0161544 -0.0224831 -0.0278924 -0.0321233 -0.0349832 -0.036454 -0.0365971 -0.0355585 -0.033523 -0.030777 -0.0275519 -0.0240776 -0.0206047 -0.0172851 -0.0142418 -0.0115393 -0.00923188 -0.0072825 -0.00568178 -0.00441952 -0.00341192 -0.00265129 -0.00208665 -0.00167186 -0.0013748 -0.00117487 -0.00104112 -0.00094053 -0.000897692 -0.000855488 -0.000829358 -0.000829714 -0.000805564 -0.000807503 -0.000805265 -0.000793336 -0.000801491 -0.000794316 -0.000793861 -0.000795178 -0.00078981 -0.000791423 -0.000790196 -0.000789333 -0.000786957 -0.000788024 -0.000786117 -0.000783716 -0.00078738 -0.00078288 -0.000785179 
0 -7.19902e-07 9.58547e-06 3.03789e-06 1.26457e-05 1.55737e-05 1.3015e-05 2.67876e-05 2.10481e-05 2.6745e-05 3.42635e-05 2.57008e-05 3.74222e-05 3.52319e-05 3.32674e-05 5.09089e-05 4.63373e-05 5.61027e-05 7.18197e-05 6.70575e-05 9.04543e-05 0.000112321 0.000142265 0.000215881 0.000307601 0.000455095 0.000673005 0.000984163 0.00142086 0.00202414 0.00284599 0.00389721 0.00526424 0.00696384 0.00902811 0.011516 0.0144095 0.0176864 0.0212671 0.0250575 0.0288301 0.0324065 0.0355509 0.0379412 0.0393587 0.0395514 0.0383545 0.0356508 0.0315153 0.0260562 0.0194955 0.0121922 0.00454148 -0.00300882 -0.0101228 -0.0163889 -0.0215282 -0.0253288 -0.0277786 -0.0289186 -0.0288863 -0.0278815 -0.0261017 -0.023824 -0.0212628 -0.0186723 -0.0161553 -0.013847 -0.0117607 -0.00997874 -0.00848537 -0.00727345 -0.00626871 -0.00544009 -0.0047727 -0.00423775 -0.00380697 -0.0034165 -0.00308917 -0.00279916 -0.00257196 -0.00233943 -0.00213846 -0.00193578 -0.00178423 -0.00162119 -0.00147756 -0.00131795 -0.00120398 -0.00107905 -0.000964061 -0.000832075 -0.000740992 -0.000636808 -0.000535941 -0.000423611 -0.0003466 -0.000251244 -0.000157148 -5.80809e-05 1.20666e-05 0.00010734 0.000198971 0.000291688 0.000361771 0.000463964 0.000557322 0.000652348 0.000729551 0.000845084 0.000947019 0.00105622 0.00114929 0.00128586 0.00140956 0.00155005 0.00167319 0.00184489 0.00201564 0.00221642 0.00240414 0.00264925 0.00292533 0.00326207 0.00362583 0.0040804 0.00464698 0.00536552 0.00624039 0.00730518 0.00862792 0.0102358 0.0121498 0.0143052 0.0166979 0.0192133 0.0217705 0.0241326 0.0260992 0.0273866 0.0278004 0.0271082 0.0251566 0.0218719 0.0172448 0.0114189 0.00463116 -0.00271033 -0.0102627 -0.0175978 -0.0243482 -0.0300995 -0.0345864 -0.0376771 -0.0392969 -0.0395053 -0.0384446 -0.0363662 -0.0334546 -0.0300351 -0.0263621 -0.022634 -0.0190555 -0.0157526 -0.0128152 -0.010256 -0.00812586 -0.00636862 -0.00495078 -0.00384854 -0.00299114 -0.00235076 -0.00187677 -0.00155205 -0.0013159 -0.00115927 -0.0010678 -0.000985144 -0.000948826 -0.000923014 -0.000894023 -0.000896257 -0.000886881 -0.00087932 -0.000886928 -0.000877221 -0.000874797 -0.000878688 -0.000869928 -0.000872029 -0.000871413 -0.000866577 -0.000870568 -0.000866731 -0.000865607 -0.000866489 -0.00086345 -0.000864314 -0.000863649 -0.000864327 
0 2.35666e-06 1.02077e-05 8.01217e-06 1.58292e-05 1.47763e-05 1.72662e-05 2.19261e-05 1.97303e-05 3.00079e-05 2.88025e-05 3.74222e-05 4.28046e-05 4.14098e-05 5.39585e-05 4.67908e-05 5.22566e-05 5.81458e-05 5.92439e-05 8.02068e-05 9.86747e-05 0.000131328 0.000179289 0.000253026 0.000356741 0.000526904 0.000777115 0.00112172 0.00163613 0.00230188 0.00320096 0.00438358 0.00586353 0.00773843 0.0100132 0.0127181 0.0158493 0.019375 0.0232023 0.0272069 0.0312107 0.034957 0.0382057 0.0406533 0.0420716 0.0422038 0.0408765 0.038024 0.0336367 0.0278699 0.0210099 0.0134142 0.00541776 -0.00252232 -0.0100002 -0.0166385 -0.0221346 -0.0263033 -0.0290734 -0.0304853 -0.0306649 -0.0298202 -0.0281234 -0.0258434 -0.0232317 -0.0205178 -0.0178483 -0.015354 -0.013086 -0.0111013 -0.00943588 -0.00805739 -0.00691142 -0.00596429 -0.00520419 -0.0045807 -0.00407598 -0.00364064 -0.0032653 -0.00293532 -0.00266773 -0.0024141 -0.00217846 -0.00196133 -0.00178042 -0.00159903 -0.00142945 -0.00126854 -0.00112718 -0.000984853 -0.00085328 -0.000724186 -0.000605522 -0.000487542 -0.000377692 -0.000267328 -0.000163053 -5.91528e-05 3.92515e-05 0.000139099 0.000235643 0.000333752 0.000427755 0.000524419 0.000619813 0.000719213 0.00081589 0.000917953 0.00101873 0.00112725 0.00123699 0.00135508 0.00146905 0.00159917 0.00173821 0.00188679 0.00202949 0.00220429 0.00239853 0.00260726 0.00282128 0.00309111 0.00340222 0.00376495 0.00418304 0.00470484 0.0053449 0.00615638 0.00714946 0.00835617 0.00982989 0.0116216 0.0137063 0.0160409 0.0185866 0.0212353 0.0238569 0.0262458 0.0281565 0.0293102 0.0295249 0.0285824 0.0263325 0.0226877 0.0176829 0.011468 0.00432652 -0.00340827 -0.0113513 -0.0190261 -0.0260649 -0.0321167 -0.0368896 -0.0401721 -0.0419348 -0.0422132 -0.0411658 -0.039026 -0.0360299 -0.0324743 -0.0285876 -0.0246363 -0.0208161 -0.0172715 -0.0140938 -0.0113429 -0.00901126 -0.0070691 -0.00552928 -0.00428995 -0.00334496 -0.00264331 -0.00210679 -0.00173478 -0.00146571 -0.00128102 -0.00115891 -0.00108639 -0.00103639 -0.00100876 -0.000997433 -0.000975628 -0.000975893 -0.000964204 -0.000957832 -0.000962 -0.000951023 -0.000956965 -0.000951819 -0.000951548 -0.000951714 -0.000944216 -0.0009505 -0.000942492 -0.00094713 -0.000947975 -0.000942365 -0.000950698 -0.00094058 -0.000944032 
0 5.13377e-07 9.60672e-06 5.22798e-06 1.551e-05 1.64799e-05 1.98171e-05 2.9109e-05 2.55274e-05 3.55854e-05 3.26044e-05 3.52319e-05 4.14098e-05 3.83821e-05 5.22461e-05 5.16443e-05 6.20991e-05 7.46658e-05 7.68969e-05 9.66855e-05 0.000111739 0.000143603 0.000198145 0.000283844 0.00041258 0.000608964 0.000894098 0.00128382 0.00185164 0.0025974 0.00359686 0.00490417 0.0065303 0.00857238 0.0110312 0.0139428 0.017309 0.0210694 0.0251331 0.0293479 0.0335161 0.0373875 0.0407231 0.0432108 0.0446091 0.0446731 0.0432115 0.0401817 0.0355966 0.029617 0.0225135 0.0146402 0.00636956 -0.00184873 -0.00962885 -0.0166097 -0.0224478 -0.0269555 -0.0300545 -0.0317694 -0.0322084 -0.0315606 -0.0299928 -0.0277659 -0.0251444 -0.0223423 -0.0195364 -0.0168724 -0.0144219 -0.0122407 -0.0103882 -0.00883115 -0.00752731 -0.00645358 -0.00558602 -0.00486313 -0.00427415 -0.00378381 -0.00335738 -0.00298206 -0.00267074 -0.00238651 -0.00211989 -0.00188367 -0.00167381 -0.00146604 -0.0012757 -0.00110811 -0.000941962 -0.000775842 -0.000632217 -0.000500561 -0.000358098 -0.000221139 -0.000105952 7.41927e-06 0.000134683 0.00025158 0.00035106 0.000456162 0.000574588 0.000679674 0.000772642 0.000877467 0.000993485 0.00109432 0.00119008 0.00130343 0.0014232 0.00152917 0.00164094 0.00177256 0.00190365 0.00203149 0.0021783 0.00234041 0.00250036 0.0026811 0.00289102 0.0031136 0.00335351 0.00365004 0.00399303 0.00438678 0.00486237 0.00545641 0.00617701 0.00708316 0.00820174 0.00955561 0.0111892 0.0131536 0.0154041 0.0178962 0.0205749 0.0233191 0.0259651 0.0283178 0.030118 0.0310966 0.03107 0.0298337 0.0272519 0.023267 0.0179196 0.0113465 0.00386637 -0.0041731 -0.0123933 -0.0203556 -0.0276722 -0.033973 -0.0389551 -0.0424208 -0.044335 -0.0447092 -0.0437108 -0.041557 -0.0384876 -0.0348089 -0.0307712 -0.0266304 -0.0225917 -0.0188199 -0.0154043 -0.0124336 -0.00990777 -0.00780156 -0.00612049 -0.00476356 -0.00371978 -0.00293268 -0.00233766 -0.00192047 -0.00162371 -0.00142154 -0.0012829 -0.00119736 -0.00113229 -0.00109469 -0.00107538 -0.00105215 -0.00105416 -0.00104358 -0.00104101 -0.00104322 -0.00103363 -0.00103856 -0.0010292 -0.00103242 -0.00103245 -0.00102636 -0.00103462 -0.0010231 -0.00102695 -0.00102435 -0.0010163 -0.00102651 -0.00101679 -0.00102447 
0 -1.72607e-06 1.60151e-05 3.92667e-06 1.75088e-05 2.18982e-05 1.33323e-05 3.39159e-05 2.38863e-05 3.12679e-05 4.58833e-05 3.32674e-05 5.39585e-05 5.22461e-05 4.72751e-05 6.7377e-05 5.83676e-05 7.13986e-05 8.87316e-05 9.57973e-05 0.000132935 0.000171599 0.00023361 0.000334307 0.000481125 0.00070079 0.00101606 0.00147291 0.00208642 0.00292195 0.0040287 0.00543481 0.0072262 0.00943432 0.01209 0.0152192 0.0188141 0.0227922 0.0270554 0.031471 0.0357691 0.0397458 0.0431313 0.0456139 0.0469553 0.0469257 0.0453536 0.0421516 0.0374007 0.0312428 0.0239616 0.0158916 0.0074268 -0.00099812 -0.0090297 -0.0162767 -0.022422 -0.0272446 -0.030687 -0.0327204 -0.0334531 -0.0330405 -0.031651 -0.0295371 -0.0269437 -0.0241008 -0.02118 -0.0183732 -0.0157408 -0.0133795 -0.0113263 -0.00958547 -0.00810892 -0.00690055 -0.00591019 -0.00507835 -0.00439671 -0.00383574 -0.00335632 -0.00292672 -0.00257068 -0.00224056 -0.00194918 -0.00168185 -0.00144647 -0.00120008 -0.000996133 -0.000807756 -0.000623424 -0.000424179 -0.000273704 -0.000126205 3.13999e-05 0.000194941 0.000312037 0.000439284 0.00057977 0.000716537 0.000814284 0.000933043 0.00106275 0.00118176 0.00127031 0.00138978 0.00151492 0.001625 0.00171462 0.0018445 0.00197124 0.00208367 0.002189 0.0023392 0.00247608 0.00261082 0.00275311 0.00293521 0.00310338 0.00329699 0.00350911 0.00375463 0.00401509 0.00434225 0.00471029 0.0051454 0.00567974 0.00635126 0.00716049 0.00816672 0.00941975 0.0109251 0.0127308 0.014853 0.0172685 0.0198942 0.0226878 0.0254806 0.0281164 0.0303719 0.0320104 0.0327631 0.0324533 0.0308972 0.02796 0.0236339 0.0179518 0.0110834 0.00330963 -0.00497698 -0.0134247 -0.021607 -0.0291368 -0.0356374 -0.0407988 -0.0444569 -0.0465069 -0.0469869 -0.0460459 -0.0439199 -0.0408159 -0.0370472 -0.0328971 -0.0285736 -0.0243393 -0.0203563 -0.0167372 -0.0135517 -0.0108409 -0.00857712 -0.00672502 -0.00526604 -0.00411728 -0.00324406 -0.0025963 -0.00212252 -0.00178496 -0.00154871 -0.00139909 -0.00128663 -0.00122536 -0.00119074 -0.00115222 -0.00115075 -0.0011352 -0.00112237 -0.00113158 -0.00111309 -0.00111777 -0.00112102 -0.00110633 -0.00111668 -0.00110802 -0.00110355 -0.00111061 -0.00110071 -0.00110723 -0.00110706 -0.00110297 -0.00110882 -0.00110099 -0.00110258 
0 7.96965e-06 2.44021e-06 1.68406e-05 1.52315e-05 1.67281e-05 3.02749e-05 2.23323e-05 3.3825e-05 3.90529e-05 3.32464e-05 5.09089e-05 4.67908e-05 5.16443e-05 6.7377e-05 6.13308e-05 7.64478e-05 8.48691e-05 8.97225e-05 0.000119133 0.000146291 0.000193505 0.000273076 0.000385951 0.000551672 0.000805571 0.00116717 0.00166125 0.00236406 0.00328336 0.00448053 0.0060387 0.00796489 0.0103419 0.013203 0.0165422 0.020339 0.0245316 0.0289966 0.0335351 0.0379733 0.0420253 0.0454095 0.047868 0.0491409 0.0490024 0.0472848 0.0439789 0.0390818 0.0327767 0.0253677 0.0171994 0.00862095 1.64067e-05 -0.00818134 -0.0156387 -0.0220297 -0.0271812 -0.0309477 -0.0333214 -0.0343695 -0.0342309 -0.0330735 -0.0311089 -0.0286026 -0.0257399 -0.0227575 -0.0198013 -0.0170197 -0.0144633 -0.0122213 -0.0102695 -0.00862054 -0.00725383 -0.00612762 -0.00517745 -0.00438718 -0.00374888 -0.00319685 -0.00272331 -0.00229841 -0.00193462 -0.0015957 -0.00131411 -0.00102709 -0.000764686 -0.00052175 -0.000329023 -0.000103761 0.000103839 0.000287254 0.000435424 0.000625904 0.000793526 0.00093762 0.00106388 0.00123141 0.0013686 0.00148838 0.00160494 0.00175779 0.00187324 0.00198068 0.00209639 0.00224269 0.00234505 0.00245232 0.00257635 0.00272452 0.00282568 0.00294863 0.00309124 0.00325261 0.00337456 0.00353486 0.00371054 0.00390926 0.00409396 0.00432713 0.00457618 0.00487831 0.00521734 0.00562486 0.00609708 0.00670284 0.00744889 0.00835452 0.00947195 0.0108547 0.0125268 0.0144892 0.0167751 0.0193169 0.0220768 0.0249267 0.0277423 0.0302962 0.0324145 0.033825 0.0343076 0.0336671 0.0317593 0.0284788 0.0237924 0.0178032 0.0106736 0.00270963 -0.00579511 -0.0144184 -0.0227509 -0.0304082 -0.0370727 -0.0424212 -0.0462152 -0.0484141 -0.0490229 -0.0481806 -0.0460821 -0.0430088 -0.0392014 -0.0349287 -0.0304877 -0.0260796 -0.0218973 -0.0180748 -0.0147063 -0.011792 -0.00935352 -0.00737488 -0.0057677 -0.00452541 -0.00357504 -0.00285077 -0.00232758 -0.00195426 -0.00169012 -0.00150991 -0.0014024 -0.00132069 -0.00127282 -0.00125248 -0.00122048 -0.00121612 -0.00121061 -0.00119687 -0.00120468 -0.00119472 -0.00119258 -0.00119768 -0.00118757 -0.00119202 -0.0011904 -0.00118512 -0.00118908 -0.0011838 -0.00118327 -0.00118416 -0.00118042 -0.00118305 -0.00118193 
0 3.58199e-06 9.44865e-06 1.26537e-05 1.5744e-05 2.35459e-05 2.36958e-05 3.15414e-05 3.73693e-05 3.66792e-05 4.91792e-05 4.63373e-05 5.22566e-05 6.20991e-05 5.83676e-05 7.64478e-05 8.12968e-05 9.28432e-05 0.000118685 0.000134036 0.000172563 0.000226843 0.000310695 0.000440906 0.000643051 0.000927406 0.00132892 0.00190204 0.00264948 0.00367011 0.00499241 0.00666444 0.00877137 0.0113205 0.0143685 0.0179035 0.0219139 0.0262987 0.0309269 0.0356249 0.0401276 0.0442071 0.0475793 0.0499941 0.0511638 0.0509088 0.0490825 0.0456138 0.040618 0.0342595 0.0268027 0.018543 0.00990524 0.00125198 -0.00704823 -0.014664 -0.0212932 -0.0267021 -0.0307937 -0.033512 -0.0349145 -0.0350738 -0.0341859 -0.0324291 -0.0300431 -0.0272235 -0.0241925 -0.0211339 -0.0181947 -0.0154754 -0.0130199 -0.0108699 -0.00902222 -0.00749196 -0.00620481 -0.00512975 -0.00421853 -0.00348283 -0.00285536 -0.00231932 -0.00183204 -0.00141146 -0.00103854 -0.000714078 -0.000393721 -9.24415e-05 0.000170724 0.000400708 0.000642721 0.000880532 0.00107871 0.00125892 0.00145599 0.00164874 0.00180342 0.00195603 0.00212394 0.00228235 0.00240868 0.00254654 0.00269543 0.00282884 0.00293929 0.00307207 0.00321107 0.00332926 0.00343644 0.00357386 0.00371343 0.00382955 0.00394926 0.00410268 0.00425851 0.0043948 0.0045494 0.00473678 0.00493973 0.00513847 0.00537044 0.00564072 0.0059677 0.00633171 0.00676841 0.00729229 0.00796955 0.00879154 0.00980425 0.0110338 0.0125615 0.0143838 0.0165193 0.018934 0.0216052 0.0244469 0.0273378 0.0301066 0.0325454 0.0344512 0.0355858 0.0357589 0.0347531 0.0324628 0.0288024 0.0238088 0.0175382 0.0101867 0.00202744 -0.00658479 -0.0152882 -0.0237422 -0.0315266 -0.0382913 -0.0437384 -0.0477068 -0.0500489 -0.0508035 -0.0500875 -0.0480765 -0.0450267 -0.0412003 -0.0368969 -0.0323374 -0.0277889 -0.023432 -0.0194193 -0.0158451 -0.0127571 -0.0101696 -0.00801762 -0.0063088 -0.00494948 -0.00389633 -0.00312031 -0.0025367 -0.00212509 -0.00183648 -0.00163959 -0.00149969 -0.00141712 -0.00136088 -0.00131955 -0.00131275 -0.0012903 -0.00128658 -0.00128756 -0.00127414 -0.00128051 -0.00127255 -0.00127103 -0.00127397 -0.00126793 -0.00127169 -0.00126795 -0.00126664 -0.00126549 -0.00126194 -0.00126249 -0.00126014 -0.00126211 -0.00126181 
0 5.74757e-06 5.3162e-06 1.65406e-05 1.56968e-05 2.46255e-05 2.97879e-05 3.00177e-05 4.21285e-05 3.8784e-05 5.03256e-05 5.61027e-05 5.81458e-05 7.46658e-05 7.13986e-05 8.48691e-05 9.28432e-05 0.000100164 0.000128374 0.000150088 0.000202078 0.000273089 0.000374269 0.000528113 0.000749042 0.00106814 0.00151754 0.00215163 0.00298737 0.00410926 0.00554566 0.00735388 0.00962011 0.0123427 0.0155972 0.0193463 0.0235473 0.0281166 0.0328867 0.0376807 0.0422514 0.0463507 0.0496765 0.0519994 0.0530501 0.0526544 0.0507082 0.0471484 0.0420858 0.0356739 0.0282013 0.0199793 0.0113721 0.00270013 -0.00565124 -0.0133438 -0.020133 -0.0257878 -0.0301908 -0.0332575 -0.0350118 -0.0355073 -0.0349281 -0.0334235 -0.0312022 -0.0284696 -0.0254354 -0.0222973 -0.0192284 -0.0163465 -0.0136892 -0.01133 -0.00928304 -0.00756323 -0.00610607 -0.00488746 -0.00384699 -0.00299503 -0.00228118 -0.00167089 -0.0011135 -0.000632221 -0.000214521 0.000158897 0.000520354 0.000855254 0.00115109 0.00142067 0.00168706 0.00194627 0.00217292 0.0023841 0.00259462 0.0028031 0.00298215 0.00315689 0.00333107 0.00350174 0.00364775 0.00379998 0.00394973 0.00409275 0.00421855 0.00435899 0.00449439 0.00462077 0.00473942 0.0048785 0.00501198 0.00513652 0.00526319 0.00541423 0.00556589 0.00571141 0.00586793 0.00605506 0.0062624 0.00647185 0.00670685 0.00699293 0.00734424 0.00773381 0.00820179 0.00878488 0.00953397 0.0104395 0.0115589 0.0129167 0.0145841 0.0165612 0.0188518 0.02139 0.0241576 0.0270565 0.0299375 0.0326094 0.0348758 0.0365209 0.0373291 0.0371341 0.0357366 0.0330517 0.0290224 0.0236995 0.0171725 0.0096662 0.00139686 -0.00731316 -0.0160825 -0.0245613 -0.0323857 -0.0392349 -0.0448045 -0.0489087 -0.0513943 -0.0523075 -0.0517302 -0.0498368 -0.0468764 -0.0430795 -0.0387347 -0.0340983 -0.0294341 -0.0249223 -0.0207543 -0.0170051 -0.0137346 -0.0109812 -0.00868012 -0.00684273 -0.00538223 -0.00424779 -0.00339538 -0.0027541 -0.00229203 -0.00196459 -0.00174688 -0.00159322 -0.00150707 -0.00144648 -0.0014046 -0.00139278 -0.00136753 -0.00136606 -0.00135969 -0.00135316 -0.00136106 -0.00135042 -0.00135548 -0.0013502 -0.00134459 -0.00134838 -0.00133976 -0.00134678 -0.00134492 -0.00134556 -0.0013508 -0.00134303 -0.00134728 -0.00134046 
