0 0 0 0 0 0 0 0 0 0 0 0 0 0 0 0 0 0 0 0 0 0 0 0 0 0 0 0 0 0 0 0 0 0 0 0 0 0 0 0 0 0 0 0 0 0 0 0 0 0 0 0 0 0 0 0 0 0 0 0 0 0 0 0 0 0 0 0 0 0 0 0 0 0 0 0 0 0 0 0 0 0 0 0 0 0 0 0 0 0 0 0 0 0 0 0 0 0 0 0 0 0 0 0 0 0 0 0 0 0 0 0 0 0 0 0 0 0 0 0 0 0 0 0 0 0 0 0 0 0 0 0 0 0 0 0 0 0 0 0 0 0 0 0 0 0 0 0 0 0 0 0 0 0 0 0 0 0 0 0 0 0 0 0 0 0 0 0 0 0 0 0 0 0 0 0 0 0 0 0 0 0 0 0 0 0 0 0 0 0 0 0 0 0 0 0 0 0 0 0 
0 4.37321e-06 -5.03353e-06 6.41712e-06 3.49153e-07 -1.5755e-06 6.93999e-06 -3.32506e-06 4.41804e-06 4.01706e-06 -4.05293e-07 6.71702e-06 8.24229e-08 3.58852e-06 2.4287e-06 3.98365e-06 7.07883e-06 4.29952e-06 1.35531e-05 2.24391e-06 7.56141e-06 7.7758e-06 -4.98665e-06 1.39378e-05 5.14251e-06 1.08304e-05 2.58382e-05 1.96667e-05 3.54695e-05 5.25396e-05 7.65453e-05 0.000112854 0.000175711 0.000242063 0.000333389 0.000470385 0.000619301 0.000828097 0.00107635 0.00136712 0.00170126 0.00207513 0.00249351 0.00290913 0.00331855 0.00367671 0.00394342 0.00408039 0.00409612 0.00395356 0.00360858 0.00310549 0.00245022 0.00167007 0.000801508 -8.23508e-05 -0.000926622 -0.00166539 -0.0022725 -0.00273613 -0.00301943 -0.00313524 -0.00309785 -0.00293649 -0.00268462 -0.00240268 -0.00209773 -0.00178974 -0.00150659 -0.00125949 -0.00105224 -0.000890363 -0.000761244 -0.000642426 -0.000555499 -0.000497874 -0.000449826 -0.000398482 -0.000361702 -0.000330926 -0.000306093 -0.000285526 -0.000263442 -0.000235877 -0.000221089 -0.000215116 -0.000195637 -0.000171041 -0.000163416 -0.000161699 -0.000142087 -0.000122793 -0.000119305 -0.000116626 -9.72869e-05 -8.32793e-05 -8.14322e-05 -7.62915e-05 -5.73925e-05 -4.73312e-05 -4.60467e-05 -3.80312e-05 -1.87954e-05 -1.16773e-05 -1.06121e-05 1.2516e-06 2.16598e-05 2.61833e-05 2.80387e-05 4.52042e-05 6.65922e-05 6.96784e-05 7.49942e-05 9.77402e-05 0.000119093 0.00012545 0.000137986 0.000163926 0.00018638 0.00020597 0.00022927 0.000257302 0.000290324 0.000338111 0.000382911 0.000432614 0.000507627 0.000615195 0.000731497 0.000876016 0.0010627 0.00129025 0.0015546 0.00185069 0.00215027 0.00243515 0.00270132 0.00289405 0.00297554 0.00291562 0.00269844 0.00230069 0.00175446 0.00106964 0.000274525 -0.00057923 -0.00144343 -0.00224378 -0.00292123 -0.00345044 -0.00384565 -0.00404979 -0.00408013 -0.00397302 -0.00374745 -0.00342498 -0.003038 -0.00263535 -0.00222337 -0.00184406 -0.00149913 -0.00121256 -0.000959826 -0.00074121 -0.000583197 -0.000437435 -0.000333982 -0.000262555 -0.000205137 -0.000158747 -0.000134711 -0.00011563 -9.101e-05 -0.000101118 -8.84978e-05 -8.65737e-05 -9.6516e-05 -8.10459e-05 -8.7888e-05 -8.3174e-05 -8.10442e-05 -8.37283e-05 -8.15261e-05 -8.56467e-05 -7.89036e-05 -8.51673e-05 -7.97445e-05 -7.82123e-05 -8.68386e-05 -7.65846e-05 -8.66987e-05 -8.4976e-05 -7.81604e-05 -8.80977e-05 -7.60845e-05 -7.92761e-05 -8.30195e-05 -7.41223e-05 -8.61085e-05 -8.0178e-05 
0 -5.03353e-06 7.4736e-06 -4.10123e-06 1.21332e-06 7.87353e-06 -2.77423e-06 8.34872e-06 5.89335e-06 -5.24549e-07 1.125e-05 4.14367e-06 5.49221e-06 1.52445e-05 5.19255e-06 9.58049e-06 1.10444e-05 9.65643e-07 8.18065e-06 1.02073e-05 9.2727e-06 1.90194e-05 2.27519e-05 1.74009e-05 2.3399e-05 2.53681e-05 2.4868e-05 4.90124e-05 6.89524e-05 0.000103617 0.000155728 0.000228926 0.000333188 0.000473903 0.000691757 0.000935645 0.00126333 0.00167804 0.00214368 0.00273015 0.00341248 0.00416915 0.00497098 0.00582285 0.00661369 0.00730577 0.00786393 0.00815864 0.00817055 0.00783657 0.00719522 0.00620909 0.00490095 0.0033217 0.00160749 -0.00013029 -0.00182031 -0.00329089 -0.00451736 -0.00542123 -0.0060069 -0.00623313 -0.00617784 -0.00585466 -0.00536643 -0.0048071 -0.00419937 -0.00359554 -0.00302249 -0.0025414 -0.00211383 -0.00180301 -0.00152632 -0.00130558 -0.00111635 -0.00101079 -0.000900566 -0.000809124 -0.000726017 -0.000669152 -0.000614739 -0.000573846 -0.000528962 -0.000472913 -0.000446186 -0.000425298 -0.000393866 -0.00033854 -0.000330818 -0.000313617 -0.000287431 -0.000238672 -0.00024184 -0.000221144 -0.000198243 -0.000157509 -0.000165317 -0.000139688 -0.000118721 -8.45385e-05 -9.39479e-05 -6.32614e-05 -4.19176e-05 -1.30092e-05 -2.25966e-05 1.43792e-05 3.84205e-05 6.21436e-05 5.51138e-05 0.000100119 0.000127934 0.000147462 0.000149245 0.000201389 0.000233636 0.000255424 0.00027518 0.00032859 0.000370667 0.00041031 0.000458029 0.000510182 0.000582632 0.000667705 0.000767877 0.000858328 0.0010225 0.00122084 0.00147134 0.00174761 0.00213652 0.00257812 0.00311845 0.0036979 0.00430168 0.00486646 0.00538977 0.00577463 0.00592657 0.00581264 0.0053564 0.00458168 0.00348434 0.00213083 0.00051968 -0.0011716 -0.00286821 -0.0044577 -0.00583683 -0.00691583 -0.00764586 -0.00805728 -0.00814535 -0.00796083 -0.00747621 -0.00683371 -0.00607868 -0.00525252 -0.00444982 -0.00370189 -0.00301556 -0.00239911 -0.00191418 -0.0014867 -0.00114861 -0.000893734 -0.000677637 -0.00052215 -0.000401265 -0.000328382 -0.00026835 -0.000234182 -0.000217815 -0.000190564 -0.000181015 -0.000174325 -0.000165375 -0.000164292 -0.000171886 -0.000166072 -0.000166658 -0.000173925 -0.000159506 -0.000166868 -0.000169568 -0.000158087 -0.000172969 -0.000165951 -0.000159055 -0.000171001 -0.000154752 -0.000159144 -0.000166726 -0.000153135 -0.000170247 -0.00016586 -0.00015914 -0.000173276 -0.000156402 -0.000162994 
0 6.41712e-06 -4.10123e-06 8.92959e-06 2.70192e-06 1.05951e-06 1.06755e-05 -2.95115e-07 9.38154e-06 8.74378e-06 5.28802e-06 1.3399e-05 5.69222e-06 1.17302e-05 9.04279e-06 1.30753e-05 1.78855e-05 1.37919e-05 2.789e-05 1.27458e-05 1.95474e-05 2.1207e-05 5.00522e-06 3.14966e-05 2.406e-05 3.63745e-05 6.34556e-05 6.86404e-05 0.000107695 0.00015993 0.000236134 0.000348695 0.000523108 0.000734099 0.00102283 0.00141699 0.00188713 0.00250416 0.00323986 0.0041118 0.00511498 0.00623513 0.00746147 0.00870289 0.00990211 0.0109502 0.0117406 0.0121603 0.0121872 0.011736 0.0107365 0.00924871 0.00730461 0.00499 0.00243357 -0.000174345 -0.00267064 -0.00487056 -0.00668752 -0.00806281 -0.00892681 -0.00929218 -0.00920793 -0.00875314 -0.00803694 -0.0072063 -0.00630696 -0.00540276 -0.00456021 -0.00382275 -0.00319962 -0.00270749 -0.00230587 -0.0019578 -0.00169213 -0.00150834 -0.00135532 -0.00120866 -0.00109376 -0.000999563 -0.000923393 -0.000858214 -0.000790898 -0.000714591 -0.000668917 -0.000639236 -0.000585889 -0.000520395 -0.000493619 -0.000475457 -0.000426581 -0.000374208 -0.000358146 -0.000339834 -0.000293845 -0.000253446 -0.000241989 -0.000219651 -0.000175494 -0.000143672 -0.000133812 -0.000105872 -6.1137e-05 -3.51993e-05 -2.54713e-05 1.0662e-05 5.84779e-05 8.00292e-05 9.24179e-05 0.000140285 0.000192131 0.00021255 0.000233877 0.000295002 0.00035115 0.000381071 0.00042066 0.000492354 0.000558783 0.000620922 0.000691024 0.000776752 0.000880302 0.00101583 0.00115565 0.00131564 0.00154697 0.0018602 0.00222175 0.00266261 0.00322642 0.0039066 0.00469754 0.00556787 0.00645477 0.00729809 0.0080626 0.00861176 0.0088309 0.00863276 0.00796121 0.00677963 0.00514534 0.00310743 0.000745506 -0.00178208 -0.00432346 -0.00668358 -0.00870283 -0.0102892 -0.011431 -0.0120424 -0.0121545 -0.0118475 -0.0111731 -0.0102205 -0.00908526 -0.00788188 -0.00666964 -0.00554121 -0.0045174 -0.00363983 -0.00288659 -0.00224468 -0.00175018 -0.001332 -0.00101856 -0.000792321 -0.000617895 -0.000487696 -0.000406466 -0.000348041 -0.000295216 -0.000294376 -0.00026982 -0.00026312 -0.000272951 -0.000249916 -0.000258803 -0.000250605 -0.000246713 -0.000251563 -0.000246257 -0.000252205 -0.000243795 -0.000249277 -0.000243876 -0.000240991 -0.000250991 -0.000240103 -0.000251348 -0.000249607 -0.000241853 -0.000251958 -0.000238027 -0.000241334 -0.000245016 -0.000233914 -0.000246278 -0.000243175 
0 3.49153e-07 1.21332e-06 2.70192e-06 4.00627e-06 6.11434e-06 6.93143e-06 7.93152e-06 1.0344e-05 9.15733e-06 1.19243e-05 1.34527e-05 1.26237e-05 1.80351e-05 1.54658e-05 1.71009e-05 1.93006e-05 1.49089e-05 2.13449e-05 2.06377e-05 2.41072e-05 3.1188e-05 3.04697e-05 3.80365e-05 4.12137e-05 5.02873e-05 6.91495e-05 9.66461e-05 0.000145093 0.00021638 0.000320948 0.000474013 0.000691856 0.000985835 0.00138898 0.00190376 0.00255199 0.00336535 0.00433441 0.00549257 0.00683365 0.00832521 0.00992905 0.0115723 0.0131366 0.0145041 0.0155488 0.0161189 0.0161313 0.0155035 0.0142073 0.0122546 0.00969023 0.0066312 0.00327774 -0.000146892 -0.00343194 -0.00634718 -0.00876278 -0.0105816 -0.011748 -0.012256 -0.012177 -0.0116048 -0.010694 -0.00960596 -0.00842747 -0.00724252 -0.00612922 -0.00515029 -0.00431866 -0.00365463 -0.0031054 -0.00264784 -0.00228767 -0.00203157 -0.00181747 -0.00162812 -0.00146936 -0.00134267 -0.00123735 -0.00114745 -0.00105533 -0.000960654 -0.000896429 -0.000846693 -0.00077882 -0.000700278 -0.00065929 -0.000623938 -0.000566597 -0.000502804 -0.000475017 -0.000441988 -0.000390562 -0.000339007 -0.000317415 -0.000282078 -0.000233706 -0.000190534 -0.000171159 -0.000131159 -8.24889e-05 -4.45242e-05 -2.48306e-05 2.28706e-05 7.52257e-05 0.000110281 0.000133972 0.00019322 0.000251906 0.000288142 0.000322737 0.000396116 0.000464446 0.000512935 0.000569063 0.000657184 0.000745427 0.000830165 0.000925399 0.0010397 0.00118246 0.00135547 0.00154822 0.00177168 0.00208708 0.00249664 0.00299093 0.0035873 0.00434295 0.00524761 0.00629779 0.00744086 0.00860804 0.00971842 0.0107003 0.0114008 0.0116635 0.0113788 0.0104629 0.00889944 0.00672882 0.00402882 0.000906047 -0.00242283 -0.00575079 -0.008856 -0.0115356 -0.0136449 -0.0151192 -0.0159324 -0.0161092 -0.0157176 -0.0148222 -0.0135667 -0.0120795 -0.0104823 -0.00889412 -0.00740235 -0.0060432 -0.00485444 -0.00385317 -0.00301048 -0.0023358 -0.00179822 -0.00137649 -0.00106125 -0.000826937 -0.000660899 -0.000547543 -0.000471873 -0.000419518 -0.000388864 -0.000363698 -0.000350745 -0.000344203 -0.000335708 -0.00033941 -0.000334651 -0.000334061 -0.000335785 -0.000329528 -0.00033262 -0.000330676 -0.000329342 -0.000331959 -0.000328971 -0.000328454 -0.000327704 -0.000324686 -0.00032452 -0.000324936 -0.000323952 -0.000326108 -0.000326172 -0.000326716 -0.000329047 -0.000324826 -0.00032425 
0 -1.5755e-06 7.87353e-06 1.05951e-06 6.11434e-06 9.35918e-06 4.29841e-06 1.33369e-05 1.04845e-05 1.10304e-05 1.69269e-05 1.34296e-05 1.78953e-05 1.95178e-05 2.03102e-05 2.18795e-05 2.3951e-05 2.53895e-05 2.32708e-05 3.1525e-05 2.82453e-05 3.21026e-05 4.29587e-05 3.79125e-05 5.50061e-05 6.78227e-05 8.53212e-05 0.00013092 0.000186431 0.000277748 0.000412422 0.00061041 0.000879404 0.00125494 0.00176099 0.00239722 0.00322068 0.00423082 0.005447 0.00689017 0.00855488 0.0104076 0.0123833 0.0144124 0.016334 0.0180084 0.0192768 0.019978 0.0199784 0.0191897 0.0175939 0.0151775 0.0120194 0.008262 0.0041476 -6.56063e-05 -0.00410425 -0.00771204 -0.0107115 -0.0129733 -0.0144465 -0.0151146 -0.0150605 -0.0144019 -0.0133254 -0.0119985 -0.010557 -0.00910406 -0.00773009 -0.00651028 -0.00547203 -0.00462557 -0.00392488 -0.00335477 -0.0029001 -0.0025609 -0.0022836 -0.00205034 -0.00184859 -0.00168743 -0.00155271 -0.00143563 -0.00131945 -0.00121106 -0.00112635 -0.00105318 -0.000971804 -0.00088723 -0.000827596 -0.000772761 -0.000708279 -0.000639555 -0.000594098 -0.000546011 -0.000490337 -0.000432644 -0.000394449 -0.000347477 -0.000295818 -0.000244878 -0.000209286 -0.000159877 -0.000108231 -6.03617e-05 -2.3656e-05 3.17425e-05 8.73584e-05 0.000135691 0.000177905 0.000243395 0.000307534 0.000361657 0.000415963 0.000495988 0.000575733 0.000646452 0.000723419 0.000824573 0.000934907 0.00104532 0.00116769 0.00131344 0.00149633 0.00170828 0.00195618 0.00225424 0.00265532 0.00316399 0.00379405 0.00455676 0.0055031 0.00663275 0.0079327 0.0093365 0.010767 0.0121273 0.0132977 0.0141168 0.0143979 0.0140055 0.0128374 0.0108878 0.00818668 0.00484057 0.000995817 -0.00310364 -0.00719045 -0.0110022 -0.0142989 -0.0169095 -0.0187218 -0.019736 -0.0199673 -0.0194873 -0.0183962 -0.0168603 -0.0150381 -0.0130679 -0.0111119 -0.00925897 -0.00757757 -0.00609539 -0.00484401 -0.00379962 -0.00294098 -0.00227249 -0.00174232 -0.0013416 -0.00104719 -0.000839459 -0.000689846 -0.000589385 -0.000532276 -0.000479512 -0.000458828 -0.000444236 -0.000426961 -0.000429223 -0.000422046 -0.000419406 -0.000419046 -0.000417026 -0.000414574 -0.000413169 -0.000415839 -0.000408945 -0.000413689 -0.000412094 -0.00040572 -0.000414149 -0.000405191 -0.000407201 -0.000412033 -0.000402511 -0.000412049 -0.000406347 -0.000401382 -0.000410945 -0.000400745 -0.00040667 
0 6.93999e-06 -2.77423e-06 1.06755e-05 6.93143e-06 4.29841e-06 1.62526e-05 7.38054e-06 1.29253e-05 1.94804e-05 1.2808e-05 2.11493e-05 2.18796e-05 1.77086e-05 2.55174e-05 2.61846e-05 2.59456e-05 3.50366e-05 3.58257e-05 3.31421e-05 4.03542e-05 3.78766e-05 3.68328e-05 5.40627e-05 6.06729e-05 8.07883e-05 0.000120035 0.000157813 0.000232133 0.000344847 0.000510073 0.000747479 0.00108792 0.00154657 0.00213112 0.00292286 0.00390055 0.00510527 0.00658785 0.00831038 0.0102817 0.0124764 0.0148348 0.0172017 0.0194731 0.0214472 0.0229042 0.0237066 0.023694 0.0227836 0.0208666 0.018001 0.0142803 0.0098896 0.00505141 8.35108e-05 -0.00465862 -0.00893585 -0.0124911 -0.0152106 -0.0169828 -0.0178429 -0.0178309 -0.0171325 -0.0159193 -0.014383 -0.0127019 -0.0109933 -0.00937873 -0.00791268 -0.00667969 -0.00562925 -0.00478578 -0.00408459 -0.00354537 -0.00310145 -0.00276767 -0.00247702 -0.00224 -0.00203585 -0.00187406 -0.00172397 -0.00158507 -0.00146589 -0.00135609 -0.0012605 -0.00116085 -0.00108012 -0.000991509 -0.00092377 -0.000843364 -0.00078278 -0.000705994 -0.000653252 -0.000582318 -0.000532541 -0.000462639 -0.000416627 -0.000349698 -0.000304944 -0.000237586 -0.000192428 -0.000125826 -8.11783e-05 -1.20274e-05 3.70957e-05 0.000107009 0.000157312 0.00023252 0.000290913 0.000369458 0.000433431 0.000519256 0.000595186 0.000691653 0.000781469 0.00088592 0.00099554 0.00112774 0.00126693 0.00141597 0.00159945 0.00181614 0.00207762 0.00237437 0.00276671 0.00324443 0.00386974 0.00462598 0.00557777 0.00670337 0.00806781 0.00959759 0.0112559 0.0129254 0.0145135 0.0158436 0.0167396 0.0170163 0.016483 0.0150691 0.0127169 0.00950451 0.00552131 0.00101185 -0.00382144 -0.00863772 -0.0131142 -0.0169784 -0.0200508 -0.0222317 -0.0234339 -0.0237107 -0.0231372 -0.0218976 -0.0200978 -0.0179452 -0.0156455 -0.0133225 -0.0111149 -0.00911503 -0.00737211 -0.00584945 -0.00459879 -0.00357797 -0.00274693 -0.00211897 -0.00163731 -0.0012817 -0.0010179 -0.000841968 -0.000715886 -0.000627433 -0.000588299 -0.000552088 -0.000532328 -0.000526932 -0.00051351 -0.000505263 -0.000505649 -0.000500922 -0.000495965 -0.000503268 -0.000496739 -0.00049245 -0.000500243 -0.000487395 -0.000491058 -0.00049747 -0.000484599 -0.000498127 -0.000493603 -0.00048401 -0.000497266 -0.000481651 -0.000486465 -0.000492129 -0.000476714 -0.000493454 -0.000486 
0 -3.32506e-06 8.34872e-06 -2.95115e-07 7.93152e-06 1.33369e-05 7.38054e-06 1.93579e-05 1.49066e-05 1.73272e-05 2.24704e-05 1.90688e-05 2.72642e-05 2.52197e-05 3.23911e-05 2.9342e-05 3.0164e-05 3.69727e-05 2.42692e-05 4.58364e-05 4.12349e-05 4.56924e-05 7.21703e-05 5.54527e-05 8.35624e-05 0.000101007 0.000122534 0.000196302 0.000280101 0.000416684 0.000615788 0.000904117 0.00128597 0.00183204 0.00255077 0.00345488 0.00462412 0.00602917 0.00773436 0.00973179 0.0120267 0.0145687 0.0172441 0.0199681 0.0225326 0.0247504 0.0264096 0.0273314 0.0272819 0.0261766 0.0240076 0.0207402 0.016497 0.0114724 0.00598068 0.000341726 -0.0050739 -0.00998195 -0.014096 -0.0172352 -0.0193418 -0.0203947 -0.020483 -0.0197676 -0.0184679 -0.0167548 -0.0148608 -0.0129249 -0.011071 -0.00938606 -0.00793473 -0.00669992 -0.00568127 -0.00486921 -0.00421197 -0.00368203 -0.00326164 -0.00292812 -0.00263641 -0.00240109 -0.00219764 -0.00201849 -0.0018532 -0.0017224 -0.00158853 -0.00146309 -0.00135337 -0.00126455 -0.00115957 -0.0010631 -0.000982671 -0.000911351 -0.000822795 -0.00074466 -0.000678696 -0.00061447 -0.000535804 -0.000467799 -0.000407791 -0.000345587 -0.000270558 -0.000206286 -0.000147215 -8.24537e-05 -4.49593e-06 6.06486e-05 0.000123601 0.000197156 0.000284186 0.000354745 0.000429659 0.000520142 0.000622037 0.000706967 0.000808286 0.000925806 0.00105258 0.00117348 0.00132599 0.00149134 0.00167661 0.00188798 0.00215224 0.00244944 0.00282074 0.00328922 0.00387429 0.00459581 0.00551071 0.00663129 0.00796526 0.00953731 0.0113044 0.0131886 0.0150835 0.0168661 0.0183158 0.0192637 0.0194877 0.0188094 0.0171065 0.0143829 0.0106615 0.00608823 0.000910224 -0.00459103 -0.0100511 -0.0151521 -0.0195854 -0.0231206 -0.0255724 -0.0269735 -0.0273362 -0.0267173 -0.0252922 -0.0232552 -0.0208219 -0.0181745 -0.0155339 -0.0129969 -0.0106824 -0.00862736 -0.00687169 -0.00542066 -0.00420702 -0.00326576 -0.00251537 -0.00193605 -0.00151476 -0.00121492 -0.000997099 -0.000850391 -0.000769296 -0.000680506 -0.000651432 -0.000624838 -0.000592073 -0.000605804 -0.000586898 -0.000588919 -0.000590747 -0.00058018 -0.000583972 -0.000577141 -0.000582221 -0.000576732 -0.000580598 -0.000580367 -0.000570158 -0.000578489 -0.000565478 -0.000567884 -0.000573856 -0.000562419 -0.000575392 -0.000572134 -0.000568942 -0.000578685 -0.000565694 -0.000568436 
0 4.41804e-06 5.89335e-06 9.38154e-06 1.0344e-05 1.04845e-05 1.29253e-05 1.49066e-05 1.65251e-05 2.14552e-05 2.24645e-05 2.45903e-05 2.97689e-05 2.65011e-05 3.32703e-05 3.56143e-05 3.61071e-05 4.72994e-05 4.32785e-05 4.93639e-05 5.08432e-05 4.79679e-05 6.04949e-05 6.57473e-05 8.9989e-05 0.000120486 0.000163478 0.000237163 0.00033664 0.000496913 0.00073249 0.00106486 0.00152804 0.00215543 0.00296363 0.00401573 0.00534166 0.00695271 0.00891425 0.0111919 0.0137747 0.0166301 0.0196443 0.0226703 0.0255302 0.0279885 0.0297962 0.0307693 0.0306967 0.0294687 0.027009 0.0233358 0.018607 0.0130487 0.00694795 0.000674181 -0.00536127 -0.0108533 -0.0154846 -0.0190627 -0.0214926 -0.0227732 -0.022979 -0.0223034 -0.0209459 -0.0191026 -0.0170233 -0.0148791 -0.0128084 -0.0109038 -0.00924486 -0.00780716 -0.006625 -0.00567461 -0.00490957 -0.00427221 -0.00377558 -0.00337716 -0.00304346 -0.00276419 -0.0025261 -0.00231005 -0.00212481 -0.00197734 -0.00182076 -0.00166898 -0.00154609 -0.00145089 -0.00132593 -0.00121069 -0.00111983 -0.00104501 -0.000937396 -0.000846717 -0.000771342 -0.000703506 -0.000606475 -0.000530235 -0.000461108 -0.000394035 -0.000300845 -0.000230899 -0.000162935 -9.10137e-05 5.73463e-06 7.51629e-05 0.00014681 0.000231447 0.000338546 0.000413172 0.000497276 0.000604652 0.000728147 0.00081973 0.000932558 0.00107406 0.001225 0.00136198 0.0015323 0.00173082 0.00194938 0.00220131 0.00250313 0.00285721 0.00329561 0.00386162 0.00454412 0.0053903 0.00645208 0.00776219 0.00929278 0.0110783 0.0130577 0.0151539 0.0172429 0.0191779 0.0207139 0.0216565 0.0217978 0.0209329 0.0189518 0.0158286 0.0116191 0.00648365 0.000714242 -0.00541032 -0.0114944 -0.017154 -0.0220704 -0.0260135 -0.0288025 -0.0303841 -0.0307905 -0.0301185 -0.0285755 -0.0263338 -0.0236275 -0.0206928 -0.0177218 -0.0148616 -0.0122542 -0.00994253 -0.0079343 -0.00626741 -0.00488636 -0.00378065 -0.00292361 -0.00226432 -0.00177172 -0.00141499 -0.00115843 -0.000979399 -0.000867566 -0.000788191 -0.000748101 -0.00071907 -0.000698416 -0.000692363 -0.000675087 -0.000674969 -0.000670227 -0.000664605 -0.000669725 -0.000662211 -0.000661725 -0.000660317 -0.000654751 -0.000656072 -0.000656499 -0.000655486 -0.000658188 -0.000657677 -0.00065509 -0.000657339 -0.000649775 -0.00064788 -0.000648566 -0.000642879 -0.000650601 -0.000649999 
0 4.01706e-06 -5.24549e-07 8.74378e-06 9.15733e-06 1.10304e-05 1.94804e-05 1.73272e-05 2.14552e-05 2.4822e-05 2.42424e-05 2.91773e-05 3.20054e-05 3.284e-05 3.7114e-05 4.01375e-05 3.94264e-05 4.50167e-05 4.80024e-05 4.94917e-05 5.99736e-05 6.43678e-05 7.25899e-05 8.8775e-05 0.000104635 0.000137291 0.000189764 0.000271107 0.000396835 0.000584287 0.000859387 0.00123798 0.00177126 0.00248674 0.00341087 0.00461429 0.00610687 0.00792618 0.0101166 0.0126612 0.0155382 0.0186962 0.0220155 0.0253171 0.0284234 0.0310773 0.0330279 0.0340533 0.0339354 0.0325545 0.0298347 0.0258165 0.0206493 0.0145909 0.00794829 0.00112218 -0.00547762 -0.0115111 -0.0166377 -0.0206405 -0.023405 -0.0249362 -0.0253063 -0.0247132 -0.0233456 -0.0214216 -0.0191959 -0.0168726 -0.0146036 -0.0124951 -0.0106252 -0.00898889 -0.00763329 -0.00653643 -0.00564843 -0.00490335 -0.00431739 -0.00384747 -0.00346399 -0.00313866 -0.00285903 -0.0026056 -0.0023976 -0.00222703 -0.00204747 -0.00187082 -0.00173304 -0.00162279 -0.00148255 -0.00134872 -0.00124622 -0.00115962 -0.00104025 -0.000935051 -0.000849924 -0.000771486 -0.00066431 -0.000576242 -0.000498398 -0.000420692 -0.000317945 -0.000237752 -0.000161394 -7.78708e-05 2.86247e-05 0.000107742 0.000188099 0.000286242 0.000404275 0.000489279 0.000583048 0.000706916 0.000844341 0.000949046 0.00107351 0.00123622 0.00140777 0.00156495 0.00175277 0.00198236 0.00223713 0.00252916 0.00287151 0.00328578 0.00380131 0.00446263 0.00525387 0.0062315 0.00745045 0.00894647 0.0106802 0.0126675 0.0148467 0.0171319 0.0193859 0.0214292 0.0230101 0.0239095 0.0239269 0.0228504 0.0205747 0.0170629 0.0123894 0.00672995 0.000402721 -0.00627416 -0.0129008 -0.0190738 -0.0244561 -0.0287738 -0.0318491 -0.0336081 -0.034094 -0.0334039 -0.0317458 -0.0293204 -0.0263747 -0.0231731 -0.0199065 -0.0167514 -0.0138451 -0.0112585 -0.00900822 -0.00712785 -0.00558132 -0.00432704 -0.00335387 -0.00260006 -0.00203472 -0.00162527 -0.00133375 -0.0011327 -0.000993908 -0.0009065 -0.000846255 -0.000806533 -0.000787328 -0.000770976 -0.000762049 -0.000759839 -0.000753802 -0.000750119 -0.00075042 -0.000746358 -0.000744061 -0.00074742 -0.000741793 -0.000741682 -0.000743719 -0.000734343 -0.000739143 -0.000734315 -0.00072764 -0.000738249 -0.000729888 -0.000735054 -0.000740346 -0.000728963 -0.000738511 -0.000729991 
0 -4.05293e-07 1.125e-05 5.28802e-06 1.19243e-05 1.69269e-05 1.2808e-05 2.24704e-05 2.24645e-05 2.42424e-05 3.09283e-05 3.10818e-05 3.38864e-05 3.86617e-05 4.28406e-05 4.1763e-05 4.98924e-05 5.11833e-05 4.81098e-05 6.35564e-05 5.96787e-05 6.83525e-05 8.97112e-05 9.1245e-05 0.000124593 0.000164483 0.000216864 0.000321369 0.000467613 0.000682369 0.000994504 0.00144012 0.00203174 0.00283489 0.00389637 0.00522048 0.00689511 0.00893032 0.0113426 0.0141468 0.0173139 0.0207612 0.0243392 0.0279166 0.0312315 0.0340408 0.0361026 0.0371638 0.0369932 0.0354364 0.0324896 0.028154 0.0226008 0.0160837 0.00897768 0.00167124 -0.00544003 -0.0119575 -0.017554 -0.0219545 -0.025073 -0.0268643 -0.0274489 -0.0269694 -0.0256457 -0.0236871 -0.0213571 -0.0188864 -0.0164364 -0.0141445 -0.0120562 -0.0102361 -0.00868906 -0.00744673 -0.00641146 -0.00556852 -0.0048726 -0.0043345 -0.00388587 -0.00351929 -0.0031882 -0.00290392 -0.00266748 -0.00246993 -0.0022684 -0.00207057 -0.00191781 -0.0017823 -0.00163564 -0.0014813 -0.00137069 -0.00125961 -0.00114159 -0.00101493 -0.000926201 -0.000824099 -0.000721551 -0.000611552 -0.000532605 -0.000431682 -0.000334671 -0.000232563 -0.000155392 -4.89553e-05 5.19653e-05 0.000153156 0.000236212 0.000356496 0.00047115 0.000579001 0.000679194 0.000823766 0.000964394 0.0010931 0.00122951 0.00141247 0.00160147 0.0017845 0.00199499 0.00225165 0.00255087 0.00288018 0.00327659 0.00374909 0.0043621 0.00510976 0.00603265 0.0071412 0.00853801 0.0102057 0.0121536 0.0143229 0.0166902 0.0191323 0.0215159 0.023619 0.0251915 0.0260101 0.0258507 0.0245452 0.0219449 0.0180596 0.0129368 0.00680964 -3.58115e-05 -0.00719973 -0.0142923 -0.0209216 -0.0267203 -0.0313869 -0.0347015 -0.0366458 -0.0372168 -0.0365301 -0.0347662 -0.0321973 -0.0290624 -0.0255982 -0.0220727 -0.0186438 -0.0154563 -0.0125926 -0.0101254 -0.00803075 -0.00629295 -0.00491294 -0.00380528 -0.00295311 -0.00231792 -0.00185148 -0.00151132 -0.00127994 -0.00112844 -0.0010085 -0.000949429 -0.000906783 -0.000869773 -0.000866434 -0.000850517 -0.000842003 -0.000842803 -0.000834819 -0.000831546 -0.000831146 -0.000830242 -0.000824094 -0.000828378 -0.00082452 -0.000816812 -0.000825301 -0.000815387 -0.00081826 -0.000823713 -0.000809997 -0.000821278 -0.000814948 -0.000808566 -0.000821285 -0.000807217 -0.000814525 
0 6.71702e-06 4.14367e-06 1.3399e-05 1.34527e-05 1.34296e-05 2.11493e-05 1.90688e-05 2.45903e-05 2.91773e-05 3.10818e-05 3.53758e-05 3.86388e-05 4.33011e-05 4.04743e-05 5.17843e-05 5.13696e-05 5.30576e-05 7.19963e-05 5.81026e-05 7.48556e-05 8.22776e-05 7.561e-05 0.000117046 0.000133287 0.000184843 0.000269826 0.000371229 0.000543635 0.000788807 0.001149 0.00163774 0.00232976 0.00322736 0.00438385 0.00587859 0.00770729 0.00995149 0.0126028 0.0156763 0.0190955 0.0227906 0.0266497 0.0304263 0.033935 0.0368897 0.0390234 0.040052 0.0398209 0.0381592 0.0349632 0.0303294 0.0244256 0.0175632 0.0100483 0.00231464 -0.00523851 -0.0121823 -0.0181924 -0.0230046 -0.026457 -0.0285544 -0.0293652 -0.0290659 -0.0278193 -0.0258904 -0.0234963 -0.0209143 -0.0183152 -0.0158426 -0.0135597 -0.0115399 -0.00982014 -0.00839432 -0.00722655 -0.00625272 -0.0054638 -0.0048244 -0.00432424 -0.00388994 -0.00352118 -0.00319223 -0.00293366 -0.00269464 -0.00247644 -0.00225911 -0.00208685 -0.00192361 -0.0017669 -0.00160303 -0.00147122 -0.00134299 -0.00121597 -0.00108357 -0.00097333 -0.000861307 -0.000748982 -0.000634746 -0.000534772 -0.000427584 -0.000320545 -0.000214171 -0.000116015 -4.40641e-06 0.000105422 0.000213325 0.000317856 0.000443761 0.000565589 0.000686188 0.000807629 0.000960187 0.00110803 0.00125921 0.00141466 0.00161325 0.00181507 0.00203343 0.0022627 0.00255616 0.00288664 0.00327454 0.00371162 0.00427154 0.0049649 0.00582919 0.00686652 0.00814419 0.00969967 0.0115592 0.0136953 0.0160518 0.0185741 0.0211473 0.0236176 0.0257249 0.027252 0.0279257 0.0275687 0.0259836 0.023079 0.018797 0.0132643 0.00670663 -0.000566231 -0.00816362 -0.0156901 -0.0226933 -0.0288322 -0.033791 -0.0374014 -0.0394967 -0.0401302 -0.0394603 -0.0376623 -0.0349741 -0.0316555 -0.0280061 -0.0242094 -0.0205231 -0.0170797 -0.0139795 -0.0112669 -0.00895336 -0.00705868 -0.00549568 -0.00428111 -0.00333953 -0.00261802 -0.0020863 -0.00170392 -0.00143687 -0.00123993 -0.00114038 -0.00105038 -0.000999459 -0.000984293 -0.000941087 -0.000941475 -0.000930854 -0.000918386 -0.000925387 -0.000916613 -0.000915577 -0.000911031 -0.000909838 -0.000903838 -0.000904602 -0.000908652 -0.000899302 -0.000907973 -0.000903283 -0.000898017 -0.000905666 -0.000892794 -0.000895829 -0.000897651 -0.000887942 -0.000898993 -0.000895194 
0 8.24229e-08 5.49221e-06 5.69222e-06 1.26237e-05 1.78953e-05 2.18796e-05 2.72642e-05 2.97689e-05 3.20054e-05 3.38864e-05 3.86388e-05 3.97593e-05 4.64e-05 4.98483e-05 5.18423e-05 5.93292e-05 5.64912e-05 6.45873e-05 6.91597e-05 7.70417e-05 9.43035e-05 0.000105016 0.000133485 0.000159798 0.000212585 0.000298277 0.000420177 0.000627529 0.000908828 0.00131198 0.0018765 0.00262641 0.00362399 0.00492702 0.00656134 0.0085778 0.0110316 0.0138949 0.0171977 0.0208859 0.0248328 0.0289023 0.032881 0.0365229 0.039562 0.0417417 0.0427781 0.0424615 0.0406185 0.0372254 0.0323662 0.0261842 0.0189815 0.0111416 0.00307037 -0.00484653 -0.0121702 -0.0185674 -0.0237476 -0.027552 -0.0299616 -0.0310562 -0.0309596 -0.029859 -0.028 -0.0256036 -0.0229467 -0.0202279 -0.0175955 -0.0151227 -0.0129208 -0.0110097 -0.00940656 -0.00807566 -0.00698025 -0.00606961 -0.00533932 -0.00475722 -0.00426382 -0.00383774 -0.00347673 -0.00317704 -0.002901 -0.00265677 -0.00242738 -0.00222747 -0.00203503 -0.00186696 -0.00169387 -0.00154091 -0.00138955 -0.00125778 -0.00111442 -0.000988088 -0.000857629 -0.00074305 -0.000616176 -0.000503369 -0.000380656 -0.000272456 -0.000152402 -4.19055e-05 8.31368e-05 0.000193287 0.000316457 0.000435674 0.000572434 0.000694851 0.00083399 0.000974274 0.00113472 0.00128729 0.00146178 0.00164105 0.00184804 0.00206675 0.00231449 0.00257717 0.00289418 0.00326962 0.00370441 0.00420785 0.00484221 0.00564074 0.00660847 0.00778884 0.00922624 0.010962 0.0129944 0.0153194 0.017841 0.0204987 0.0231676 0.0256729 0.0277427 0.0291584 0.0296634 0.0290546 0.027179 0.0239349 0.0192967 0.0133837 0.00644235 -0.00122019 -0.00916993 -0.0170167 -0.0243644 -0.0308259 -0.036046 -0.039843 -0.0421155 -0.0428737 -0.0422424 -0.0403994 -0.0376243 -0.0341827 -0.0303395 -0.0263441 -0.0224276 -0.0187181 -0.0153592 -0.0124307 -0.00991343 -0.00783053 -0.00613811 -0.00478117 -0.0037253 -0.00293288 -0.00233573 -0.00190982 -0.00161389 -0.00139528 -0.00125873 -0.00115806 -0.00109726 -0.00106212 -0.00103547 -0.00102848 -0.00101403 -0.00100975 -0.00100441 -0.000997337 -0.00099895 -0.000996195 -0.000996547 -0.00099538 -0.000993068 -0.000988622 -0.000987458 -0.000981427 -0.00097744 -0.000981478 -0.000975484 -0.000983186 -0.000983907 -0.000980115 -0.000987624 -0.000976205 -0.000977811 
0 3.58852e-06 1.52445e-05 1.17302e-05 1.80351e-05 1.95178e-05 1.77086e-05 2.52197e-05 2.65011e-05 3.284e-05 3.86617e-05 4.33011e-05 4.64e-05 5.0071e-05 5.48371e-05 5.59666e-05 6.46724e-05 6.71875e-05 7.33501e-05 8.11269e-05 8.36837e-05 9.63965e-05 0.000109141 0.000138039 0.000180201 0.000247359 0.000352723 0.000496088 0.000724089 0.0010417 0.0014901 0.00212587 0.00296216 0.00406551 0.00549257 0.00726932 0.00946543 0.0121208 0.015219 0.0187638 0.0226847 0.0268487 0.0311123 0.0352555 0.039012 0.0421225 0.0442999 0.0452771 0.044865 0.0428892 0.0393128 0.0342237 0.0278045 0.0203589 0.0122687 0.00391366 -0.00430088 -0.0119356 -0.0186634 -0.024191 -0.0283432 -0.0310835 -0.0324814 -0.032631 -0.031723 -0.0299855 -0.027637 -0.02495 -0.0221433 -0.0193687 -0.0167265 -0.0143456 -0.0122467 -0.0104548 -0.00895549 -0.00772169 -0.00668763 -0.00585438 -0.0051831 -0.00461864 -0.00413645 -0.00373827 -0.00339421 -0.00307716 -0.00280664 -0.00256422 -0.00233498 -0.00211383 -0.00193086 -0.00174989 -0.00157395 -0.00140213 -0.00125998 -0.00110846 -0.00096362 -0.000818546 -0.000695276 -0.000559362 -0.000430933 -0.000297169 -0.000181234 -5.13063e-05 7.4203e-05 0.000208036 0.00032487 0.000459744 0.000595802 0.000739343 0.000867955 0.0010228 0.00118359 0.00134945 0.00151042 0.00170704 0.00191208 0.00212777 0.00236381 0.00264348 0.00294352 0.0032889 0.00370773 0.00419924 0.0047768 0.00549753 0.00640246 0.00748952 0.00881877 0.0104285 0.0123427 0.0145482 0.0170428 0.0197146 0.0224776 0.0252003 0.0276876 0.0296671 0.0309187 0.0312017 0.0303083 0.0281149 0.0245263 0.0195337 0.0132728 0.00600699 -0.00196512 -0.0102183 -0.0183427 -0.0259463 -0.0326418 -0.0380974 -0.0421017 -0.0445289 -0.04538 -0.0448036 -0.0429749 -0.0401523 -0.0366149 -0.0326183 -0.0284331 -0.0243006 -0.0203729 -0.0167895 -0.0136377 -0.0109156 -0.00864254 -0.00679703 -0.00531081 -0.00415376 -0.00327512 -0.00260344 -0.00212015 -0.00177599 -0.00153269 -0.00137728 -0.00127029 -0.00120489 -0.00116019 -0.00113147 -0.00111528 -0.00110062 -0.001097 -0.00109136 -0.00108726 -0.00108408 -0.00107965 -0.00107458 -0.00107224 -0.00107077 -0.0010651 -0.00107329 -0.00106976 -0.00106917 -0.00107544 -0.00106051 -0.0010661 -0.00105942 -0.00105069 -0.00106342 -0.00105182 -0.00106218 
0 2.4287e-06 5.19255e-06 9.04279e-06 1.54658e-05 2.03102e-05 2.55174e-05 3.23911e-05 3.32703e-05 3.7114e-05 4.28406e-05 4.04743e-05 4.98483e-05 5.48371e-05 5.25188e-05 6.82353e-05 6.40578e-05 6.85304e-05 8.67149e-05 7.72187e-05 9.94794e-05 0.00011447 0.000120656 0.000168054 0.000204737 0.000277417 0.000399346 0.000565592 0.000820235 0.00118527 0.00169858 0.0023855 0.00332476 0.00453957 0.00608499 0.00803796 0.0104121 0.0132615 0.0165756 0.0203518 0.0244804 0.0288409 0.0332886 0.0375396 0.0413723 0.0445115 0.0466723 0.0475717 0.0470445 0.0449423 0.0411942 0.0359294 0.0293245 0.0217124 0.0134255 0.00486481 -0.00356923 -0.0114565 -0.0184643 -0.0243185 -0.0288026 -0.0318991 -0.0336151 -0.0340642 -0.0333889 -0.0318311 -0.0295816 -0.026917 -0.0240574 -0.0211632 -0.018378 -0.0158177 -0.0135402 -0.0115444 -0.009876 -0.00847577 -0.00732066 -0.00636167 -0.00559712 -0.00494008 -0.00440496 -0.00395331 -0.0035645 -0.00319803 -0.00290048 -0.00263623 -0.00237799 -0.00212801 -0.00192401 -0.00173297 -0.00153266 -0.00134451 -0.00118261 -0.00102572 -0.000858817 -0.000705528 -0.000563019 -0.000423711 -0.000274884 -0.000137614 -3.27758e-06 0.000129789 0.000274756 0.000409816 0.000543539 0.000683421 0.000838815 0.000983175 0.00112665 0.00129137 0.00147216 0.0016411 0.0018153 0.00203048 0.00225803 0.00248548 0.00273688 0.00305058 0.00338421 0.00376758 0.00422144 0.00478277 0.00543329 0.0062568 0.00725906 0.00848706 0.00996144 0.0117564 0.0138364 0.0162169 0.0188531 0.0216563 0.0244906 0.0272212 0.0296381 0.031472 0.0325176 0.0325259 0.0313288 0.0287859 0.0248633 0.0195314 0.0129699 0.00542238 -0.00278624 -0.0112662 -0.0196109 -0.0274071 -0.0342957 -0.0399352 -0.0441324 -0.0467014 -0.0476736 -0.0471825 -0.0453967 -0.0425529 -0.0389412 -0.0348527 -0.0305006 -0.0261742 -0.0220392 -0.0182358 -0.0148557 -0.0119374 -0.00949765 -0.00747357 -0.00586597 -0.00459974 -0.00361868 -0.00288736 -0.00235209 -0.00196614 -0.00168823 -0.00151845 -0.00138319 -0.00130185 -0.00126398 -0.00121276 -0.0012047 -0.00119222 -0.00117331 -0.0011792 -0.00116836 -0.00116424 -0.00116594 -0.00116081 -0.00116048 -0.00116122 -0.00115701 -0.00115128 -0.00115174 -0.00114539 -0.00114346 -0.00114813 -0.00114304 -0.00114761 -0.00114944 -0.00114272 -0.00114721 -0.00114171 
0 3.98365e-06 9.58049e-06 1.30753e-05 1.71009e-05 2.18795e-05 2.61846e-05 2.9342e-05 3.56143e-05 4.01375e-05 4.1763e-05 5.17843e-05 5.18423e-05 5.59666e-05 6.82353e-05 6.16574e-05 7.58404e-05 8.20686e-05 7.55774e-05 9.99645e-05 9.96831e-05 0.000115782 0.000152388 0.000175205 0.000239235 0.000324081 0.000451729 0.000647783 0.000938888 0.0013502 0.00190866 0.00269606 0.00370458 0.00503055 0.00673342 0.00882643 0.0113948 0.0144429 0.0179783 0.02194 0.0262849 0.0308403 0.0353966 0.0397625 0.0436325 0.0467558 0.0488425 0.0496859 0.0490331 0.0467548 0.0428722 0.0374752 0.0307643 0.0229989 0.0146006 0.00590961 -0.00265981 -0.0107467 -0.0179895 -0.0241118 -0.0289328 -0.0323679 -0.0344456 -0.0352016 -0.034825 -0.0334731 -0.0313933 -0.0287897 -0.0259205 -0.0229384 -0.0200289 -0.0173103 -0.0148437 -0.0126639 -0.0107952 -0.00923858 -0.00792835 -0.00685922 -0.00596272 -0.00522923 -0.00461076 -0.0041181 -0.00365983 -0.00326163 -0.00291604 -0.00263568 -0.00233853 -0.00207033 -0.00183339 -0.00163137 -0.00140702 -0.0012043 -0.00101879 -0.000851147 -0.000668383 -0.000502411 -0.000342618 -0.000192129 -3.19366e-05 0.000115926 0.000264226 0.000408446 0.000563032 0.000706045 0.000853454 0.00100383 0.00116989 0.00131926 0.00147913 0.00165327 0.0018496 0.00202142 0.00221759 0.00244206 0.00269666 0.00292932 0.00321317 0.00354349 0.00392991 0.00433777 0.00485264 0.00546548 0.00622423 0.00713305 0.00826422 0.00961932 0.0112722 0.0132302 0.0154904 0.0180219 0.0207882 0.0236866 0.0265557 0.0292502 0.0315283 0.0331795 0.0339474 0.0336619 0.0321077 0.0292204 0.0249334 0.0193097 0.0124823 0.00470371 -0.00369212 -0.0123286 -0.0207938 -0.0287565 -0.0357902 -0.0415851 -0.0458916 -0.048634 -0.0497606 -0.0493529 -0.0476229 -0.0448044 -0.0411781 -0.0369797 -0.0325359 -0.0280385 -0.0236989 -0.019693 -0.016113 -0.0130047 -0.0103642 -0.00821191 -0.00644581 -0.00505958 -0.00400058 -0.00318391 -0.00259096 -0.00215866 -0.00185834 -0.00163712 -0.00150418 -0.0014134 -0.00134249 -0.00132417 -0.00128913 -0.00127398 -0.00127355 -0.00125369 -0.00125633 -0.00125361 -0.00124738 -0.00124699 -0.0012433 -0.00123974 -0.00123656 -0.00123816 -0.00123179 -0.00123302 -0.0012343 -0.0012261 -0.00123265 -0.00122756 -0.00122371 -0.00123111 -0.00122148 -0.00122588 
0 7.07883e-06 1.10444e-05 1.78855e-05 1.93006e-05 2.3951e-05 2.59456e-05 3.0164e-05 3.61071e-05 3.94264e-05 4.98924e-05 5.13696e-05 5.93292e-05 6.46724e-05 6.40578e-05 7.58404e-05 7.60194e-05 8.47654e-05 9.52557e-05 0.000101676 0.000116675 0.000130811 0.00015825 0.00019567 0.000268218 0.000368724 0.000520317 0.000755893 0.00106479 0.00152666 0.00215729 0.00299948 0.00413232 0.00558126 0.00740778 0.00967087 0.0124183 0.0156542 0.0194007 0.0235886 0.0280984 0.0327982 0.0374717 0.0418908 0.0457749 0.0488671 0.0508811 0.0515734 0.0507755 0.048393 0.0443979 0.0388698 0.0320665 0.0242711 0.0158203 0.00706541 -0.00159434 -0.00979722 -0.0172103 -0.0235742 -0.0287055 -0.0324909 -0.0349199 -0.0360364 -0.0359757 -0.0348961 -0.0330185 -0.0305415 -0.0276939 -0.0246675 -0.0216577 -0.0187907 -0.0161497 -0.0137775 -0.0117146 -0.00997108 -0.00851291 -0.00729942 -0.00627938 -0.00543783 -0.00474656 -0.00417879 -0.00366618 -0.00321617 -0.00283243 -0.00251056 -0.00218906 -0.00189119 -0.00162659 -0.00139809 -0.00115916 -0.00093573 -0.000727915 -0.000542142 -0.000347753 -0.000166507 1.13205e-05 0.000175427 0.000345718 0.00050479 0.000668286 0.000824286 0.000986954 0.00113868 0.00130026 0.00146233 0.00163393 0.00179213 0.00196667 0.00215374 0.0023544 0.00253919 0.00275138 0.00299274 0.00325679 0.00351325 0.00381782 0.00417964 0.00459882 0.00505815 0.00561881 0.00630891 0.00716105 0.00818465 0.00943031 0.0109402 0.0127599 0.0148907 0.01731 0.0199855 0.0228533 0.0258078 0.0286745 0.0312691 0.033367 0.0347656 0.0352307 0.0345853 0.0326705 0.0294146 0.024789 0.018875 0.0118258 0.0038883 -0.0046245 -0.0133659 -0.0219365 -0.029952 -0.0370628 -0.0429935 -0.0474597 -0.0503214 -0.0515677 -0.0513019 -0.0496782 -0.0469154 -0.0432842 -0.0390525 -0.0344982 -0.0298582 -0.0253758 -0.0211807 -0.0173914 -0.0140908 -0.0112787 -0.00894448 -0.00705892 -0.00556626 -0.00438612 -0.00350395 -0.00283858 -0.00234914 -0.00202015 -0.00178006 -0.00162582 -0.0015216 -0.00145228 -0.00140731 -0.00137903 -0.00136583 -0.001351 -0.00135064 -0.00134107 -0.00133495 -0.00133421 -0.00132492 -0.00132544 -0.00132067 -0.00132149 -0.00132094 -0.00131988 -0.00132172 -0.00131475 -0.00131726 -0.00131004 -0.0013075 -0.00130999 -0.00130235 -0.0013105 -0.00130778 
0 4.29952e-06 9.65643e-07 1.37919e-05 1.49089e-05 2.53895e-05 3.50366e-05 3.69727e-05 4.72994e-05 4.50167e-05 5.11833e-05 5.30576e-05 5.64912e-05 6.71875e-05 6.85304e-05 8.20686e-05 8.47654e-05 9.12492e-05 0.000102615 0.000108345 0.000127925 0.000148687 0.000185852 0.000232245 0.000309784 0.000421958 0.000585249 0.000850304 0.00120449 0.00172425 0.00243078 0.00335491 0.00458974 0.00615619 0.00813139 0.0105714 0.0135035 0.0169395 0.0208754 0.0252363 0.0299096 0.0347493 0.0395047 0.0439521 0.0478138 0.0508163 0.0527232 0.0532996 0.052362 0.0498292 0.0457207 0.0401411 0.0333242 0.0255242 0.0170696 0.00833343 -0.000330782 -0.00859464 -0.0161316 -0.0226921 -0.0281031 -0.0322265 -0.0350221 -0.0365193 -0.0368105 -0.0360427 -0.0344198 -0.0321154 -0.0293382 -0.0263078 -0.0232262 -0.0202284 -0.0174223 -0.0148641 -0.0125989 -0.0106605 -0.00903541 -0.00766549 -0.00650534 -0.00554896 -0.00476576 -0.00411183 -0.00353516 -0.00303342 -0.00259969 -0.00222935 -0.00187919 -0.00155301 -0.00125433 -0.000994956 -0.000739346 -0.00049504 -0.000262359 -5.56195e-05 0.000151615 0.000349576 0.000545294 0.000724877 0.000905926 0.0010779 0.00125506 0.00142389 0.00159457 0.0017563 0.00193055 0.00210412 0.00228021 0.00244799 0.00263711 0.00283477 0.00303778 0.00323603 0.0034667 0.00372008 0.00399166 0.0042727 0.00460427 0.00499232 0.0054456 0.00595894 0.00657708 0.00734406 0.00829752 0.00943939 0.0108113 0.0124771 0.0144672 0.01676 0.0193259 0.0221236 0.0250638 0.0280311 0.0308443 0.0332879 0.0351476 0.0362442 0.0363611 0.0353285 0.033027 0.0293975 0.0244455 0.0182835 0.0110579 0.00299707 -0.00557905 -0.0143379 -0.022935 -0.0309931 -0.0381612 -0.0441568 -0.048725 -0.0517415 -0.0531632 -0.0530395 -0.051526 -0.0488565 -0.0452648 -0.0410293 -0.0364229 -0.0316685 -0.0270243 -0.0226535 -0.0186832 -0.0151984 -0.0122181 -0.00971798 -0.00768485 -0.00606685 -0.00478676 -0.00383232 -0.00310524 -0.00257141 -0.00219965 -0.00192431 -0.00174686 -0.00162541 -0.00155007 -0.0015009 -0.00147093 -0.00145178 -0.00143302 -0.00143014 -0.001419 -0.00141856 -0.00141723 -0.00141505 -0.00141874 -0.00140952 -0.00141206 -0.00140104 -0.00139733 -0.00139866 -0.00138771 -0.00140025 -0.00139355 -0.00139631 -0.00140402 -0.00138953 -0.00140009 -0.00138903 
