0 0 0 0 0 0 0 0 0 0 0 0 0 0 0 0 0 0 0 0 0 0 0 0 0 0 0 0 0 0 0 0 0 0 0 0 0 0 0 0 0 0 0 0 0 0 0 0 0 0 0 0 0 0 0 0 0 0 0 0 0 0 0 0 0 0 0 0 0 0 0 0 0 0 0 0 0 0 0 0 0 0 0 0 0 0 0 0 0 0 0 0 0 0 0 0 0 0 0 0 0 0 0 0 0 0 0 0 0 0 0 0 0 0 0 0 0 0 0 0 0 0 0 0 0 0 0 0 0 0 0 0 0 0 0 0 0 0 0 0 0 0 0 0 0 0 0 0 0 0 0 0 0 0 0 0 0 0 0 0 0 0 0 0 0 0 0 0 0 0 0 0 0 0 0 0 0 0 0 0 0 0 0 0 0 0 0 0 0 0 0 0 0 0 0 0 0 0 0 0 
0 2.18632e-06 -1.16925e-06 6.3145e-06 1.40924e-06 8.27891e-07 4.67386e-06 -4.02848e-06 2.08298e-06 2.8858e-06 -1.14682e-06 1.04612e-05 5.92891e-06 4.59175e-06 1.27009e-05 -6.32959e-07 3.2036e-06 7.79342e-06 -3.78497e-06 1.14836e-05 9.1123e-06 3.93848e-06 1.57084e-05 4.647e-06 8.03393e-06 1.11495e-05 1.08601e-05 1.36847e-05 1.16471e-05 1.66361e-05 6.65314e-06 1.63246e-05 2.49422e-05 3.14708e-05 5.32121e-05 7.3602e-05 0.000107445 0.000144528 0.000229254 0.0003166 0.000428105 0.000595096 0.000772035 0.00100434 0.00128929 0.00163287 0.00199198 0.00239989 0.00283848 0.00326698 0.00366423 0.00396082 0.00417619 0.0042444 0.00415577 0.00387959 0.00344295 0.00282824 0.0020616 0.00120893 0.000294355 -0.000585633 -0.00139716 -0.0020741 -0.00262536 -0.00298403 -0.00318127 -0.00320687 -0.00309033 -0.00286917 -0.00259695 -0.00229658 -0.00197092 -0.00167479 -0.00139835 -0.00117475 -0.000980591 -0.000840875 -0.000699272 -0.00060194 -0.000525282 -0.00047946 -0.000413094 -0.000371228 -0.000335155 -0.000313386 -0.000278698 -0.000256083 -0.000230197 -0.000211608 -0.000194056 -0.000178723 -0.000155757 -0.000137674 -0.000130089 -0.000116838 -9.50535e-05 -7.79996e-05 -7.51245e-05 -6.14867e-05 -4.01551e-05 -2.44448e-05 -2.19751e-05 -6.98879e-06 1.44278e-05 2.93044e-05 3.57442e-05 5.21716e-05 7.40695e-05 8.99644e-05 0.000105836 0.000123494 0.000146903 0.000168079 0.000200575 0.00022163 0.000252444 0.000288966 0.000350686 0.000392278 0.000457597 0.000541306 0.000669717 0.000794271 0.000968955 0.00117094 0.00142814 0.0017063 0.0020245 0.00232409 0.00260762 0.00284995 0.00300976 0.00303773 0.00290742 0.00261885 0.00213963 0.00152639 0.000770537 -6.79331e-05 -0.000963672 -0.00181531 -0.00260585 -0.00325588 -0.00373983 -0.00406289 -0.00421172 -0.00419749 -0.0040232 -0.00375911 -0.00339529 -0.00299771 -0.00256015 -0.00214325 -0.00177984 -0.00144588 -0.0011486 -0.000896806 -0.000712771 -0.000536399 -0.000418902 -0.000328883 -0.000247097 -0.000195045 -0.000156058 -0.00014064 -0.000117146 -0.000115178 -0.000107304 -9.61647e-05 -9.60851e-05 -9.25732e-05 -9.6566e-05 -8.89126e-05 -9.77133e-05 -9.05729e-05 -8.2552e-05 -9.55055e-05 -8.20896e-05 -8.97896e-05 -9.76037e-05 -8.67252e-05 -9.57292e-05 -9.2079e-05 -8.44036e-05 -9.03383e-05 -8.62e-05 -8.458e-05 -9.08568e-05 -8.7107e-05 -8.76804e-05 -9.09318e-05 -8.59081e-05 -8.82482e-05 -8.8565e-05 -8.58481e-05 -8.86501e-05 -8.72275e-05 -8.56093e-05 -8.75271e-05 
0 -1.16925e-06 -1.34558e-07 -3.95883e-07 -1.43284e-06 5.59146e-06 3.20966e-06 9.56977e-06 1.15356e-05 4.06719e-06 1.32402e-05 6.15548e-08 2.69073e-06 1.00282e-05 -1.56848e-06 1.86696e-05 1.44503e-05 1.27879e-05 2.38196e-05 9.38149e-06 1.30176e-05 1.3236e-05 1.43532e-05 1.38315e-05 2.09469e-05 2.18264e-05 6.78515e-06 2.8019e-05 1.67316e-05 2.00959e-05 4.97313e-05 3.69271e-05 5.30774e-05 7.52933e-05 9.36696e-05 0.000139505 0.000220061 0.000315202 0.000437247 0.000626494 0.000858872 0.00116847 0.00155667 0.00203185 0.00259279 0.00322992 0.00399172 0.00483345 0.00568213 0.00651346 0.0072992 0.00792935 0.00832822 0.00846295 0.00827052 0.00773893 0.00685992 0.00563048 0.00411319 0.0024068 0.000605967 -0.00116244 -0.00275968 -0.00412808 -0.00520758 -0.00594061 -0.00632656 -0.0063886 -0.0061606 -0.00572532 -0.00519057 -0.00458334 -0.00395037 -0.00334493 -0.00281001 -0.00234443 -0.00197394 -0.00167177 -0.00140858 -0.00119677 -0.00105717 -0.000947461 -0.000830621 -0.000736538 -0.000672469 -0.000620408 -0.000558475 -0.000509678 -0.000460364 -0.00042305 -0.000387005 -0.00035822 -0.00031047 -0.000279604 -0.00025759 -0.00023671 -0.00018869 -0.000162438 -0.000146795 -0.00012705 -7.88446e-05 -5.5484e-05 -4.02093e-05 -1.77795e-05 3.02587e-05 5.37681e-05 7.48283e-05 0.000102295 0.000149538 0.000178827 0.000213697 0.000248455 0.000295413 0.000340802 0.000401068 0.000450356 0.000507153 0.000590164 0.000700157 0.000799854 0.000919507 0.00110399 0.00134186 0.00161332 0.00194531 0.00236854 0.00286379 0.00343548 0.00405024 0.00465802 0.0052108 0.00569148 0.00599891 0.00604555 0.00578616 0.00519299 0.00425076 0.00300861 0.00152013 -0.000169061 -0.00193275 -0.00364178 -0.00519603 -0.00649717 -0.00746933 -0.00810309 -0.00839359 -0.00835231 -0.0080487 -0.00750282 -0.00676403 -0.00595016 -0.00513068 -0.00431287 -0.00353899 -0.00287125 -0.00229794 -0.00182249 -0.00141901 -0.00109526 -0.000849391 -0.000641512 -0.000501928 -0.000409671 -0.000331485 -0.000266625 -0.000244311 -0.000214715 -0.000189039 -0.000208386 -0.000188698 -0.000185162 -0.000192739 -0.000178107 -0.000182124 -0.00018497 -0.000189338 -0.000182427 -0.000188789 -0.000182351 -0.000169581 -0.000182386 -0.000168606 -0.000176203 -0.000183064 -0.000174578 -0.000185038 -0.000176628 -0.000177989 -0.000176078 -0.000173291 -0.000177878 -0.000170533 -0.000179447 -0.00017299 -0.000172946 -0.00017996 -0.000169014 -0.00017933 -0.000173323 
0 6.3145e-06 -3.95883e-07 1.00321e-05 4.01854e-06 3.76411e-06 9.23105e-06 -1.75453e-06 7.4128e-06 8.30054e-06 5.34175e-06 2.02081e-05 1.51536e-05 1.53046e-05 2.35276e-05 8.90567e-06 1.31539e-05 1.84587e-05 7.0717e-06 2.51867e-05 2.43966e-05 1.91252e-05 3.37558e-05 2.07538e-05 2.57592e-05 3.0891e-05 2.99965e-05 3.76064e-05 3.48073e-05 4.25048e-05 3.73032e-05 5.22266e-05 7.61915e-05 0.000103649 0.000156133 0.000224299 0.00032736 0.000459274 0.000684578 0.000956515 0.0013052 0.00178327 0.0023401 0.0030398 0.00388876 0.00488863 0.00598724 0.00720751 0.00849343 0.009756 0.0109147 0.0118163 0.0124289 0.0126261 0.0123492 0.011542 0.0102336 0.00841254 0.00615815 0.00362813 0.000944054 -0.00166849 -0.00406443 -0.00609587 -0.00771971 -0.00881498 -0.00941234 -0.00951584 -0.00919838 -0.00857321 -0.00777923 -0.00688803 -0.0059436 -0.00505523 -0.00424238 -0.00355917 -0.00298562 -0.00253801 -0.00213147 -0.00182628 -0.00159743 -0.00143415 -0.00125426 -0.00112037 -0.00101404 -0.000935515 -0.000842423 -0.000768766 -0.00069472 -0.000636106 -0.000583527 -0.000534099 -0.000470103 -0.000418786 -0.000387972 -0.000347709 -0.000287835 -0.000241468 -0.000220623 -0.000181739 -0.000123286 -8.01096e-05 -6.00744e-05 -1.8418e-05 4.06445e-05 8.39327e-05 0.000112432 0.000159287 0.0002209 0.000270766 0.00031978 0.000374543 0.000442858 0.000512002 0.000599604 0.00067312 0.00076619 0.000884801 0.00105055 0.00119738 0.00139449 0.00165997 0.00202593 0.00242695 0.00294319 0.00356392 0.00431979 0.00515979 0.00608125 0.00697377 0.00780207 0.00849735 0.00893957 0.00899781 0.00859486 0.00770689 0.00629157 0.00444842 0.00221347 -0.0002816 -0.00291029 -0.00544241 -0.00776151 -0.00968801 -0.0111336 -0.0120871 -0.0125294 -0.0124854 -0.0120006 -0.0112047 -0.0101369 -0.00894305 -0.00767433 -0.00644698 -0.00533808 -0.00433888 -0.00346112 -0.00272262 -0.00214149 -0.00163842 -0.00127104 -0.000986555 -0.000755104 -0.000597713 -0.000483625 -0.000416739 -0.000360893 -0.00033823 -0.000313615 -0.000295335 -0.000287705 -0.000280697 -0.000285049 -0.000273232 -0.000283171 -0.000273086 -0.000262644 -0.000276425 -0.000261135 -0.000270072 -0.000279 -0.000267354 -0.000276086 -0.000272136 -0.000261596 -0.000267752 -0.0002631 -0.000259583 -0.000268585 -0.000262479 -0.000263757 -0.000267985 -0.000259919 -0.000265121 -0.000263246 -0.000260539 -0.000263878 -0.000260456 -0.000263859 -0.000260946 
0 1.40924e-06 -1.43284e-06 4.01854e-06 4.43112e-06 7.02421e-06 1.03221e-05 1.02486e-05 1.41625e-05 1.27295e-05 1.3471e-05 1.40833e-05 1.3197e-05 1.65588e-05 1.83151e-05 2.18857e-05 2.4991e-05 2.70539e-05 2.69612e-05 2.80914e-05 2.78449e-05 2.73488e-05 3.31549e-05 3.10114e-05 3.62854e-05 3.87183e-05 3.49872e-05 4.47026e-05 4.44316e-05 5.32323e-05 6.86962e-05 8.01563e-05 0.000106884 0.000145958 0.000205608 0.000300135 0.000443816 0.000637245 0.000911955 0.00127964 0.00175616 0.0023792 0.0031456 0.00408577 0.00520805 0.00651186 0.00799397 0.00962041 0.0113056 0.012956 0.0144672 0.0156748 0.0164611 0.0167098 0.0163298 0.0152728 0.0135341 0.011133 0.0081739 0.00483887 0.0013225 -0.00212349 -0.0052785 -0.00797926 -0.0101173 -0.011593 -0.0123981 -0.0125651 -0.0121781 -0.011387 -0.0103539 -0.00918183 -0.0079536 -0.00677479 -0.00570516 -0.00478604 -0.00402516 -0.00340444 -0.00287563 -0.00245825 -0.00215056 -0.00191047 -0.00168581 -0.00150095 -0.00135989 -0.00124374 -0.00112873 -0.00102559 -0.000930836 -0.000849864 -0.000779938 -0.000710311 -0.000630992 -0.000564323 -0.000516625 -0.000461216 -0.000388296 -0.000329503 -0.000291582 -0.000239989 -0.000169098 -0.00011364 -7.63847e-05 -2.2185e-05 5.00065e-05 0.000107879 0.000153637 0.000215391 0.000292454 0.000361886 0.00042859 0.000504279 0.000593177 0.000690734 0.000799611 0.000907382 0.00103327 0.00119921 0.00140497 0.0016204 0.00188796 0.00225424 0.00272821 0.00328617 0.00397197 0.00481055 0.00580552 0.00692497 0.00812265 0.00929947 0.0103791 0.0112686 0.0118171 0.0118642 0.0113111 0.0101061 0.00823733 0.00578235 0.00283464 -0.000463274 -0.0039085 -0.00725027 -0.0102889 -0.0128288 -0.0147466 -0.0159999 -0.0165828 -0.0165279 -0.0159179 -0.0148569 -0.0134517 -0.0118687 -0.010223 -0.00861069 -0.00711434 -0.00578427 -0.00463162 -0.00366312 -0.00286806 -0.00221601 -0.00171176 -0.00131829 -0.00102421 -0.000815919 -0.000662719 -0.000555636 -0.000486328 -0.000440496 -0.000408046 -0.000397924 -0.000383628 -0.000376121 -0.000375872 -0.000365947 -0.000368885 -0.000367414 -0.00036571 -0.000367714 -0.000363676 -0.00036154 -0.000358617 -0.000356625 -0.000354891 -0.000356437 -0.000355773 -0.000356053 -0.000357222 -0.000353415 -0.000355219 -0.00035202 -0.000351171 -0.000352735 -0.00034883 -0.000352043 -0.000349528 -0.000350199 -0.000351146 -0.000346051 -0.000351525 -0.000348474 
0 8.27891e-07 5.59146e-06 3.76411e-06 7.02421e-06 8.72923e-06 7.09933e-06 1.53189e-05 1.37305e-05 1.42249e-05 2.22277e-05 1.51129e-05 2.08955e-05 2.5197e-05 1.78961e-05 3.08419e-05 2.84931e-05 2.6678e-05 3.89553e-05 3.01293e-05 3.5219e-05 4.07078e-05 3.626e-05 4.36018e-05 4.5446e-05 4.78237e-05 4.70283e-05 5.53416e-05 5.89344e-05 6.21292e-05 8.80067e-05 9.95171e-05 0.000133226 0.000189816 0.000264026 0.000386505 0.000564327 0.000821937 0.00115571 0.00162445 0.00223259 0.00299677 0.00396637 0.00514012 0.00654105 0.00815429 0.0100022 0.0120088 0.0140822 0.0161147 0.0179546 0.0194452 0.0203924 0.0206895 0.0202081 0.0189055 0.0167487 0.0137939 0.0101673 0.00606449 0.00175925 -0.00248303 -0.00637118 -0.0097257 -0.0123687 -0.0142302 -0.0152577 -0.0155112 -0.0150881 -0.0141646 -0.0129174 -0.0114843 -0.0099927 -0.0085352 -0.00721601 -0.00606162 -0.00510872 -0.00430633 -0.00365469 -0.00312215 -0.00272671 -0.00240101 -0.00213207 -0.00189546 -0.0017153 -0.0015577 -0.00142035 -0.00128691 -0.0011711 -0.00106719 -0.000977157 -0.000886007 -0.000793584 -0.000712372 -0.000643295 -0.000571596 -0.000489277 -0.000419087 -0.000358832 -0.000294051 -0.000214938 -0.000147875 -8.82316e-05 -2.17398e-05 5.95435e-05 0.000131792 0.000198979 0.000274994 0.000364591 0.000453571 0.000539983 0.000636452 0.000745444 0.000871105 0.00100025 0.00114423 0.00130642 0.00151966 0.0017628 0.00205288 0.00239909 0.00286893 0.00345013 0.0041724 0.00503333 0.00609111 0.00732063 0.00871148 0.0101685 0.0116136 0.0129243 0.0139796 0.014603 0.014617 0.0138988 0.0123707 0.0100556 0.00700255 0.00336452 -0.000702074 -0.00492167 -0.00903742 -0.0127603 -0.0158864 -0.0182607 -0.0198104 -0.0205378 -0.0204785 -0.0197494 -0.0184415 -0.0167328 -0.0147786 -0.0127583 -0.0107709 -0.00890851 -0.00725525 -0.00582145 -0.00461497 -0.00360232 -0.00280264 -0.00216151 -0.00166264 -0.00129914 -0.00102985 -0.000838588 -0.000697854 -0.000618553 -0.000553752 -0.000514679 -0.000501879 -0.000480067 -0.000473292 -0.000467156 -0.000464016 -0.000457344 -0.000458471 -0.00046078 -0.000449406 -0.000457925 -0.000451454 -0.000444465 -0.000453799 -0.000443508 -0.000445856 -0.000449476 -0.000441533 -0.000445422 -0.00044353 -0.000439666 -0.000441651 -0.000440239 -0.0004385 -0.000439752 -0.000439182 -0.00043577 -0.000438719 -0.000438658 -0.000435216 -0.000438882 -0.00043615 
0 4.67386e-06 3.20966e-06 9.23105e-06 1.03221e-05 7.09933e-06 1.66793e-05 9.69113e-06 1.21159e-05 2.22178e-05 1.27512e-05 3.02094e-05 2.92007e-05 2.44275e-05 4.13447e-05 2.38929e-05 3.1594e-05 3.73885e-05 2.76233e-05 4.49876e-05 4.44678e-05 4.66233e-05 4.99095e-05 5.34436e-05 5.02582e-05 5.25456e-05 7.1618e-05 5.80588e-05 7.74979e-05 8.91699e-05 8.26159e-05 0.000126659 0.000163881 0.000227672 0.00033508 0.000486569 0.000693073 0.000995093 0.00143062 0.00198473 0.00272051 0.00365048 0.00480442 0.00620396 0.00787919 0.00984322 0.0120133 0.0143653 0.0168234 0.019231 0.0213773 0.0230951 0.0242103 0.0245376 0.0239667 0.0224054 0.0198553 0.0163787 0.0121206 0.0073065 0.00224945 -0.00272594 -0.00733176 -0.0112988 -0.0144544 -0.0166887 -0.0179663 -0.0183252 -0.0179078 -0.0168889 -0.0154554 -0.013795 -0.0120508 -0.010344 -0.00876846 -0.00739774 -0.00622903 -0.00525715 -0.00446083 -0.00382653 -0.00331796 -0.002915 -0.00258514 -0.00230787 -0.00207494 -0.00188183 -0.00171327 -0.0015546 -0.00141442 -0.00128919 -0.00117587 -0.00106205 -0.000960188 -0.000862005 -0.000772149 -0.000679052 -0.000594984 -0.000508323 -0.000428308 -0.000343674 -0.000265432 -0.000180772 -0.000101549 -1.65711e-05 6.55916e-05 0.000157176 0.00024443 0.000338647 0.000435997 0.000546174 0.000654043 0.000771405 0.000902209 0.00105209 0.00120816 0.0013838 0.00159406 0.00184497 0.00213942 0.00249607 0.0029448 0.00350613 0.00421549 0.00508975 0.00615119 0.007411 0.00888651 0.0105206 0.0122325 0.0139123 0.015434 0.0166167 0.0172782 0.017234 0.0163236 0.0144777 0.0117063 0.00808981 0.00377024 -0.00100559 -0.00596734 -0.0107968 -0.015176 -0.0188506 -0.021654 -0.0235002 -0.0243711 -0.0243307 -0.0234598 -0.0219428 -0.019963 -0.0176768 -0.0152619 -0.0129082 -0.0107322 -0.00875241 -0.00702942 -0.00556793 -0.00437038 -0.00339564 -0.00262088 -0.00203951 -0.0015809 -0.00124424 -0.00101271 -0.000861528 -0.000742056 -0.000676207 -0.000640825 -0.000585935 -0.000582963 -0.000571543 -0.000555588 -0.000562728 -0.000554503 -0.000548155 -0.000541217 -0.000546837 -0.00053638 -0.000540911 -0.000550548 -0.000533419 -0.000546976 -0.000537188 -0.000528459 -0.000538591 -0.000524833 -0.000532057 -0.000531007 -0.00052747 -0.000531693 -0.000525236 -0.000529496 -0.000525336 -0.000526371 -0.000526104 -0.00052221 -0.000528708 -0.000521282 -0.000525028 
0 -4.02848e-06 9.56977e-06 -1.75453e-06 1.02486e-05 1.53189e-05 9.69113e-06 2.65889e-05 1.92111e-05 2.28159e-05 3.05274e-05 1.71159e-05 2.75931e-05 2.94921e-05 2.53192e-05 4.40621e-05 4.31812e-05 4.33502e-05 5.66767e-05 4.39958e-05 4.71379e-05 5.4995e-05 4.70298e-05 6.18629e-05 6.3632e-05 6.50125e-05 7.00044e-05 7.14619e-05 8.57503e-05 9.39976e-05 0.000127477 0.000158652 0.000201327 0.000283179 0.000398029 0.000575232 0.000836054 0.00121616 0.00169075 0.00235503 0.00322609 0.00429904 0.00567117 0.00731927 0.00926096 0.0114925 0.0140284 0.016754 0.0195506 0.0222644 0.0246907 0.0266625 0.0278925 0.0282383 0.0275516 0.0257663 0.0228331 0.0188634 0.0140218 0.00854566 0.00281234 -0.00286628 -0.00812366 -0.0126972 -0.01633 -0.0189571 -0.0204839 -0.0209905 -0.0206112 -0.0195378 -0.0179607 -0.0160955 -0.0141357 -0.0121812 -0.010381 -0.00877386 -0.0074081 -0.00623866 -0.00531497 -0.00454945 -0.00394239 -0.00343678 -0.00305808 -0.00272207 -0.00244855 -0.00220684 -0.00201294 -0.00182265 -0.00166342 -0.00151391 -0.00137631 -0.00124138 -0.00112835 -0.001017 -0.000900328 -0.000792084 -0.000699888 -0.000604259 -0.000495764 -0.00039943 -0.000313845 -0.000220087 -0.000112115 -1.61054e-05 7.42852e-05 0.000178211 0.00029295 0.00040135 0.000510191 0.000638749 0.000771381 0.000912067 0.00106229 0.00124097 0.00142098 0.00164032 0.00188956 0.00219418 0.00253034 0.00297753 0.00351623 0.00419792 0.00501978 0.00607466 0.00731906 0.0088053 0.0104966 0.0123779 0.0143071 0.0162066 0.0178932 0.0191681 0.0198277 0.0196832 0.0185697 0.016382 0.0131776 0.00899562 0.00405417 -0.00141076 -0.007043 -0.0125438 -0.0175158 -0.0217119 -0.024933 -0.0270471 -0.0280557 -0.0280249 -0.0270873 -0.025356 -0.0230974 -0.0204889 -0.0177718 -0.0150797 -0.0125276 -0.0102404 -0.00825907 -0.00657364 -0.00514826 -0.00402825 -0.00311041 -0.00240077 -0.00188672 -0.00149538 -0.00121398 -0.00101101 -0.00088255 -0.000783233 -0.000733176 -0.000702825 -0.000678266 -0.000666647 -0.000650383 -0.0006517 -0.000638711 -0.000644351 -0.000649851 -0.000634873 -0.000644645 -0.000633357 -0.000621433 -0.000630341 -0.000620197 -0.00062066 -0.000630817 -0.000620462 -0.000623699 -0.000626288 -0.000613292 -0.000621275 -0.000617135 -0.00061157 -0.000619638 -0.000610852 -0.00061544 -0.000614406 -0.000608508 -0.000615631 -0.000608471 -0.00061311 
0 2.08298e-06 1.15356e-05 7.4128e-06 1.41625e-05 1.37305e-05 1.21159e-05 1.92111e-05 1.72367e-05 2.51634e-05 2.81634e-05 3.20277e-05 4.00866e-05 3.82754e-05 4.22697e-05 4.13339e-05 4.04575e-05 4.4079e-05 4.8076e-05 5.29418e-05 5.99496e-05 6.60051e-05 6.3532e-05 7.26032e-05 6.98454e-05 7.33025e-05 8.88032e-05 8.46237e-05 0.000103703 0.000114933 0.00012989 0.000176874 0.00023451 0.000333764 0.000481976 0.000693838 0.000990874 0.00142006 0.00199639 0.0027638 0.0037638 0.00500465 0.00656033 0.00843112 0.0106461 0.0132054 0.016044 0.0190797 0.0222064 0.0252374 0.0279208 0.0300655 0.0314122 0.0317684 0.0309838 0.028957 0.0256761 0.0212548 0.0158792 0.00981189 0.00344925 -0.00285704 -0.0087369 -0.0138648 -0.0179851 -0.0209879 -0.0227993 -0.0234797 -0.0231895 -0.0221047 -0.0204301 -0.0184063 -0.0162486 -0.0140835 -0.0120569 -0.0102349 -0.00864964 -0.00730019 -0.00621806 -0.00533154 -0.00459937 -0.00400366 -0.00354801 -0.00316332 -0.00283295 -0.00255159 -0.00231632 -0.00210169 -0.00191532 -0.0017446 -0.00157724 -0.00142354 -0.00129634 -0.00117 -0.00102827 -0.000903126 -0.000802878 -0.000693975 -0.000562552 -0.000450573 -0.000359058 -0.000251854 -0.000121281 -1.02188e-05 8.73161e-05 0.00020564 0.000344294 0.00046872 0.000589924 0.000734456 0.00089429 0.0010556 0.00122995 0.00142937 0.00164526 0.00189964 0.00219965 0.00254606 0.00294782 0.00347247 0.00412391 0.00491402 0.00587837 0.00709601 0.00854749 0.0102403 0.0121556 0.0142488 0.0163874 0.0184636 0.0202798 0.0216038 0.0222193 0.0219454 0.0205965 0.0180801 0.0144325 0.00973199 0.00419218 -0.00188601 -0.00814539 -0.0142431 -0.0197705 -0.0244407 -0.0280382 -0.0304284 -0.0315838 -0.0315825 -0.0305472 -0.0286627 -0.0261847 -0.0232948 -0.0202374 -0.0172183 -0.0143748 -0.0117829 -0.0095149 -0.0075779 -0.00595912 -0.00466165 -0.00361386 -0.00280688 -0.00219156 -0.00172935 -0.00140355 -0.00117992 -0.00102335 -0.000918558 -0.000858249 -0.000801049 -0.000780174 -0.000765155 -0.000747098 -0.000751379 -0.000737574 -0.000732019 -0.000728954 -0.000721609 -0.000722446 -0.000723431 -0.000723803 -0.000722205 -0.000723124 -0.000715281 -0.000714411 -0.000711597 -0.000705942 -0.00071116 -0.000704513 -0.000707204 -0.000706759 -0.000702194 -0.00070669 -0.000698311 -0.000703488 -0.000702866 -0.000698354 -0.000706037 -0.000696879 -0.000700647 
0 2.8858e-06 4.06719e-06 8.30054e-06 1.27295e-05 1.42249e-05 2.22178e-05 2.28159e-05 2.51634e-05 3.11336e-05 2.59558e-05 3.59272e-05 3.69764e-05 3.53871e-05 5.02888e-05 4.50875e-05 5.26206e-05 6.06601e-05 5.45039e-05 6.422e-05 6.46207e-05 6.60442e-05 7.12571e-05 7.74302e-05 7.96113e-05 8.27018e-05 9.83834e-05 9.45636e-05 0.000114465 0.000139158 0.000155634 0.00021571 0.000283283 0.000391744 0.000563798 0.000809783 0.00116124 0.00164625 0.00231489 0.00318189 0.00431018 0.00572948 0.00748214 0.00959164 0.0120648 0.0149202 0.018061 0.0214126 0.0248363 0.0281256 0.0310355 0.0333307 0.0347696 0.0351087 0.0342133 0.0319574 0.0283573 0.0235223 0.0176628 0.0110764 0.00415105 -0.00271691 -0.0091628 -0.0148037 -0.0193939 -0.0227676 -0.0248797 -0.0257692 -0.0256074 -0.0245577 -0.022835 -0.0206973 -0.0183704 -0.0160229 -0.0137845 -0.0117547 -0.00994968 -0.00842115 -0.00716819 -0.00615123 -0.00528906 -0.00459977 -0.00405581 -0.00361714 -0.00322934 -0.00290664 -0.00262652 -0.00238688 -0.0021732 -0.00197938 -0.00178414 -0.00161224 -0.001469 -0.00132524 -0.00116316 -0.00102126 -0.000909748 -0.000785181 -0.000636686 -0.000508271 -0.000407004 -0.00028443 -0.000136984 -9.06126e-06 9.93586e-05 0.000233377 0.000391659 0.000534815 0.000671234 0.000832631 0.00101861 0.00120383 0.00140364 0.00162546 0.00188186 0.00217526 0.00252736 0.00292106 0.00340096 0.00400911 0.00477871 0.00568735 0.00680886 0.00819167 0.00985334 0.0117497 0.0138792 0.0161599 0.0184833 0.0206953 0.022593 0.0239172 0.0244462 0.0240005 0.0223907 0.0195389 0.0154541 0.0102634 0.0041715 -0.00246333 -0.00929048 -0.0159135 -0.0219416 -0.0270449 -0.03099 -0.0336328 -0.0349286 -0.0349717 -0.0338703 -0.0318541 -0.0291601 -0.0260265 -0.0226824 -0.0193586 -0.0162123 -0.0133245 -0.0107933 -0.00861897 -0.00680992 -0.0053278 -0.00414354 -0.00322851 -0.00252187 -0.00199942 -0.00161935 -0.00135833 -0.00116332 -0.00104352 -0.000970093 -0.000903544 -0.000883601 -0.000860167 -0.00084143 -0.000839386 -0.000831252 -0.000826956 -0.000823283 -0.000825963 -0.000815261 -0.000815531 -0.000815613 -0.000802179 -0.000810588 -0.000803277 -0.000799843 -0.000806184 -0.000796813 -0.000800076 -0.000798043 -0.000794204 -0.000794445 -0.000792283 -0.000794267 -0.000789504 -0.000791333 -0.000789036 -0.000785512 -0.00079021 -0.000784606 -0.000788661 
0 -1.14682e-06 1.32402e-05 5.34175e-06 1.3471e-05 2.22277e-05 1.27512e-05 3.05274e-05 2.81634e-05 2.59558e-05 4.6266e-05 3.13973e-05 4.13125e-05 5.09395e-05 3.76301e-05 6.02014e-05 5.71112e-05 5.72625e-05 7.36152e-05 6.50228e-05 7.19916e-05 7.64862e-05 8.02742e-05 8.25504e-05 9.27347e-05 0.00010144 9.4259e-05 0.000120444 0.00012528 0.000143528 0.000197344 0.000240975 0.000330056 0.000461317 0.000657773 0.000934709 0.00134491 0.00191339 0.0026435 0.00363604 0.00489915 0.00648272 0.00843282 0.0107843 0.0135257 0.0166234 0.0200731 0.0237247 0.0274118 0.030912 0.034015 0.0364511 0.0379344 0.038253 0.0372254 0.0347731 0.030872 0.0256708 0.0193852 0.0123477 0.00493893 -0.00243748 -0.00937202 -0.0155022 -0.0205243 -0.0242841 -0.0267012 -0.0278491 -0.0278493 -0.0268902 -0.0251743 -0.0229694 -0.0205164 -0.0180071 -0.0155878 -0.0133441 -0.0113401 -0.00961437 -0.00819568 -0.00701746 -0.00603779 -0.00523117 -0.0046024 -0.00408568 -0.00365092 -0.00327068 -0.00295252 -0.00267577 -0.00243943 -0.00221304 -0.00199691 -0.00180276 -0.00164153 -0.00147581 -0.00129907 -0.00114068 -0.00101162 -0.000870239 -0.000709366 -0.00056621 -0.00044739 -0.000309911 -0.000150249 -6.28431e-06 0.000119609 0.000269303 0.000441645 0.000605565 0.000759616 0.000940811 0.00114614 0.00136192 0.00158267 0.00183613 0.00212614 0.002472 0.00286474 0.0033254 0.00387925 0.00459299 0.00546661 0.00652189 0.00779547 0.00936415 0.0112159 0.0133268 0.0156421 0.0180977 0.0205654 0.0228766 0.0248012 0.026076 0.026482 0.0258176 0.0239363 0.0207311 0.0162401 0.0105756 0.00400567 -0.00313867 -0.010454 -0.0175411 -0.0240026 -0.0294932 -0.033764 -0.0366319 -0.0380789 -0.0381616 -0.0370503 -0.0349202 -0.03204 -0.0286888 -0.0251122 -0.0215114 -0.0180453 -0.0148975 -0.0121068 -0.00970149 -0.0076749 -0.00602791 -0.00470465 -0.00365228 -0.00287509 -0.00228045 -0.00184365 -0.00153112 -0.00132417 -0.00117611 -0.00107424 -0.00103395 -0.00097932 -0.000956564 -0.000947838 -0.000926544 -0.000924685 -0.000921227 -0.000919943 -0.000908414 -0.000914015 -0.000905877 -0.000893534 -0.000908616 -0.000890181 -0.00089514 -0.000901543 -0.000883005 -0.00089621 -0.000886763 -0.000881214 -0.000890924 -0.00087828 -0.000881707 -0.000882379 -0.000876367 -0.000880417 -0.000877416 -0.000876552 -0.000877681 -0.000875382 -0.000875709 
0 1.04612e-05 6.15548e-08 2.02081e-05 1.40833e-05 1.51129e-05 3.02094e-05 1.71159e-05 3.20277e-05 3.59272e-05 3.13973e-05 5.05726e-05 4.63599e-05 5.24142e-05 6.27552e-05 5.34066e-05 6.08015e-05 6.50089e-05 6.2893e-05 7.62745e-05 8.31043e-05 8.56562e-05 9.42693e-05 9.58555e-05 9.80225e-05 0.000104142 0.000117706 0.000128977 0.000144146 0.000177955 0.000206663 0.000271078 0.000381843 0.000531431 0.000761369 0.00109476 0.00154818 0.00216134 0.00302114 0.00411972 0.00551724 0.00728843 0.00942667 0.0119889 0.0149832 0.0183921 0.022092 0.0259814 0.0299004 0.0336242 0.0368856 0.0393782 0.0408993 0.0411753 0.040036 0.0373656 0.0332093 0.0276834 0.0210392 0.0136223 0.00579178 -0.00200298 -0.0093812 -0.0159308 -0.0213829 -0.0255001 -0.0282607 -0.0296819 -0.0298993 -0.0290729 -0.0274246 -0.0252065 -0.0226643 -0.0200369 -0.0174432 -0.0150162 -0.0128019 -0.0109013 -0.00928248 -0.00795498 -0.00682809 -0.00592004 -0.00517311 -0.00458951 -0.0040831 -0.00365912 -0.00328464 -0.00298156 -0.00270581 -0.00245497 -0.0022119 -0.00200239 -0.00181224 -0.00162687 -0.00143704 -0.00126481 -0.00111105 -0.000951855 -0.000783921 -0.00062616 -0.000484137 -0.000330275 -0.000164134 -4.13535e-06 0.000145706 0.000310511 0.000494127 0.00067621 0.000857331 0.00105373 0.0012825 0.00152116 0.00177718 0.00205312 0.00239257 0.00277786 0.00323278 0.00374912 0.00440828 0.0052127 0.0062186 0.00740763 0.00886953 0.0106042 0.0126626 0.0149586 0.0174617 0.0200506 0.0226362 0.0249929 0.0268919 0.0280699 0.0283011 0.0273957 0.0252016 0.0216616 0.0167591 0.0106823 0.0036675 -0.00389641 -0.0116442 -0.0191189 -0.0259592 -0.0317861 -0.0363279 -0.0394299 -0.0410255 -0.0411761 -0.0400245 -0.0378471 -0.034846 -0.0313073 -0.0274755 -0.0236218 -0.0199316 -0.0165048 -0.0134413 -0.0107966 -0.00858934 -0.00674587 -0.00528621 -0.00413794 -0.00323072 -0.0025616 -0.0020776 -0.0017296 -0.00148118 -0.00132606 -0.00120751 -0.00112887 -0.00108983 -0.00105799 -0.00104262 -0.00103041 -0.00102297 -0.00100965 -0.00100135 -0.00100334 -0.000993829 -0.000997218 -0.0010017 -0.000989609 -0.000993077 -0.000989748 -0.000976047 -0.000985023 -0.000977538 -0.000972221 -0.000981493 -0.000968357 -0.000973764 -0.000973313 -0.00096239 -0.000973396 -0.000964123 -0.000965644 -0.000971138 -0.000960356 -0.000969308 -0.000962591 
0 5.92891e-06 2.69073e-06 1.51536e-05 1.3197e-05 2.08955e-05 2.92007e-05 2.75931e-05 4.00866e-05 3.69764e-05 4.13125e-05 4.63599e-05 4.36694e-05 5.51529e-05 5.5442e-05 6.46495e-05 7.53449e-05 7.65816e-05 8.37521e-05 8.46793e-05 8.40291e-05 8.7116e-05 9.59852e-05 9.76576e-05 0.00011197 0.000121474 0.000121091 0.000146639 0.000156453 0.000192948 0.00025344 0.000321951 0.000446564 0.000614902 0.000870218 0.00124007 0.00176231 0.00246839 0.003406 0.00462201 0.00616405 0.00810845 0.0104526 0.0132602 0.0165025 0.0201287 0.024092 0.028241 0.0323632 0.0362204 0.0395893 0.0421517 0.0436678 0.0438741 0.0425893 0.0397429 0.0353508 0.0295514 0.022605 0.0148782 0.00671283 -0.00143807 -0.00917592 -0.016111 -0.0219377 -0.0264244 -0.0295229 -0.0312601 -0.0317213 -0.0310862 -0.0295564 -0.0273802 -0.0248019 -0.0220838 -0.0193513 -0.0167447 -0.0143498 -0.0122567 -0.0104504 -0.00894321 -0.00768231 -0.00664441 -0.00579076 -0.00511124 -0.00454353 -0.00405537 -0.0036389 -0.00329186 -0.00298408 -0.00269648 -0.00243869 -0.00220483 -0.00198864 -0.00177662 -0.00158207 -0.00139202 -0.00121296 -0.00103211 -0.000862915 -0.000688572 -0.000521276 -0.000348084 -0.000180866 -2.34046e-06 0.000172851 0.000357422 0.000545154 0.000750662 0.000957465 0.0011784 0.00142033 0.0016922 0.00197779 0.00229367 0.00267032 0.0031137 0.00362155 0.00422196 0.00497666 0.00590052 0.00702665 0.00838118 0.010021 0.0119454 0.014184 0.0166681 0.0193257 0.0220304 0.0246821 0.0270368 0.0288552 0.0298795 0.0299001 0.0287077 0.0261946 0.022297 0.0170245 0.0105574 0.00317483 -0.00475927 -0.0128552 -0.0206535 -0.0278025 -0.0339189 -0.0387146 -0.0420034 -0.0437458 -0.0439777 -0.0428607 -0.0406261 -0.0375055 -0.0338272 -0.029831 -0.0257452 -0.0217739 -0.0181096 -0.0148149 -0.0119478 -0.009531 -0.00751365 -0.00589902 -0.00461799 -0.00363403 -0.00288969 -0.00233698 -0.00193065 -0.00164921 -0.00146091 -0.00132358 -0.00125575 -0.00119325 -0.00115501 -0.00114002 -0.00111404 -0.00111347 -0.00111005 -0.00110483 -0.00110267 -0.00109759 -0.00108727 -0.00108225 -0.00108088 -0.00107192 -0.00107878 -0.00107297 -0.00107015 -0.00107393 -0.00106319 -0.00106775 -0.001061 -0.00106026 -0.00106464 -0.00105536 -0.00106208 -0.00105436 -0.00105189 -0.00105532 -0.0010462 -0.00105527 -0.00105164 
0 4.59175e-06 1.00282e-05 1.53046e-05 1.65588e-05 2.5197e-05 2.44275e-05 2.94921e-05 3.82754e-05 3.53871e-05 5.09395e-05 5.24142e-05 5.51529e-05 6.81828e-05 5.95566e-05 7.07683e-05 7.33439e-05 7.06206e-05 8.57227e-05 8.81861e-05 9.61629e-05 0.000104735 0.00011202 0.000110706 0.000120894 0.000131914 0.000130517 0.00016497 0.00017854 0.000212121 0.000281793 0.000355214 0.000502839 0.000705349 0.00100342 0.00142381 0.00200077 0.00278994 0.0038226 0.00517134 0.00686682 0.00898058 0.0115193 0.014539 0.0180274 0.021894 0.0260923 0.0304344 0.0347222 0.0387133 0.042157 0.0447399 0.0462113 0.0463412 0.0449182 0.041904 0.0373031 0.0312814 0.0241027 0.0161288 0.00770607 -0.000729227 -0.00875828 -0.016027 -0.0221918 -0.0270415 -0.0304897 -0.0325668 -0.0333143 -0.0329195 -0.0315659 -0.0294865 -0.02693 -0.0241562 -0.0213166 -0.01855 -0.0159917 -0.0137045 -0.0117089 -0.0100104 -0.00860527 -0.00742523 -0.00645724 -0.00566867 -0.00502781 -0.0044695 -0.00400775 -0.00361111 -0.00326379 -0.00293867 -0.00266426 -0.0024051 -0.00215782 -0.00192034 -0.00171864 -0.00151195 -0.00130362 -0.001103 -0.000929718 -0.000740943 -0.000544884 -0.000354386 -0.000183461 1.09478e-05 0.000214928 0.000417723 0.000611368 0.000837393 0.00107372 0.00131921 0.00157498 0.00187769 0.00219805 0.0025576 0.00297258 0.00347539 0.00404458 0.0047392 0.00559451 0.00664616 0.00790067 0.00943073 0.0112505 0.0133678 0.0157729 0.0184283 0.0212129 0.0240047 0.0266702 0.0289716 0.030654 0.0314773 0.0312429 0.0297389 0.0268915 0.0226389 0.0170268 0.0102175 0.00253186 -0.00570007 -0.0140645 -0.0221254 -0.0295149 -0.0358635 -0.0408751 -0.0443477 -0.046242 -0.04656 -0.0454946 -0.0432541 -0.0400836 -0.0362824 -0.0321237 -0.0278467 -0.0236564 -0.0197627 -0.0162198 -0.0131267 -0.0105003 -0.0083148 -0.00654831 -0.0051344 -0.00404487 -0.00320807 -0.00259597 -0.00214336 -0.00183504 -0.00161744 -0.00145648 -0.00137714 -0.00129909 -0.00126236 -0.00124679 -0.00121774 -0.00121146 -0.00120011 -0.00119033 -0.00118194 -0.0011854 -0.00117828 -0.00117502 -0.00118283 -0.00116568 -0.00117151 -0.00116721 -0.00115565 -0.00116413 -0.00115344 -0.00115623 -0.00115454 -0.00114681 -0.0011503 -0.00114282 -0.00114579 -0.00114499 -0.00114449 -0.00114815 -0.0011426 -0.00114535 -0.00113971 
0 1.27009e-05 -1.56848e-06 2.35276e-05 1.83151e-05 1.78961e-05 4.13447e-05 2.53192e-05 4.22697e-05 5.02888e-05 3.76301e-05 6.27552e-05 5.5442e-05 5.95566e-05 8.03364e-05 7.0134e-05 8.39314e-05 8.95721e-05 8.80212e-05 9.81827e-05 0.000101274 0.000109221 0.00011033 0.000125411 0.000129115 0.000133424 0.00016205 0.000167316 0.000201074 0.000252675 0.000309716 0.000416012 0.000575536 0.000807653 0.00113138 0.00161838 0.00226037 0.00311616 0.00428031 0.0057428 0.00759455 0.00988317 0.0126396 0.015867 0.0195679 0.0236909 0.0280822 0.0325973 0.037009 0.0411086 0.0445774 0.0471326 0.0485428 0.0485588 0.0470087 0.0438138 0.0390519 0.032847 0.0255069 0.0173478 0.00874497 0.000110715 -0.00815189 -0.0156772 -0.0221539 -0.0273314 -0.0311499 -0.0335649 -0.03465 -0.0345279 -0.0334106 -0.0314803 -0.029005 -0.0262191 -0.0233016 -0.0204128 -0.0176976 -0.0152357 -0.0130385 -0.0111606 -0.00958185 -0.00826886 -0.00716249 -0.0062726 -0.00552904 -0.00491303 -0.00438656 -0.00395046 -0.0035448 -0.00319551 -0.00288955 -0.00261448 -0.00232561 -0.00207339 -0.00185207 -0.00163608 -0.00139264 -0.00118028 -0.000991763 -0.000794823 -0.000565731 -0.00036472 -0.000179022 2.43566e-05 0.000262648 0.000476665 0.000688485 0.000925712 0.00120144 0.00146348 0.00174779 0.00206906 0.00244215 0.00283732 0.00330998 0.00385986 0.00451952 0.00530298 0.0062844 0.00745506 0.0088704 0.0105674 0.0125856 0.0148801 0.0174545 0.0202472 0.0231386 0.0259773 0.0286062 0.0307992 0.0322875 0.0328705 0.0323255 0.0305001 0.027288 0.0227018 0.0167605 0.00967631 0.00173004 -0.00671909 -0.0152844 -0.0235418 -0.0311096 -0.0376461 -0.0428207 -0.046476 -0.0485046 -0.0489456 -0.047932 -0.0457229 -0.0425403 -0.0386512 -0.0343582 -0.0299099 -0.02555 -0.0214088 -0.0176468 -0.0143426 -0.0115196 -0.00914824 -0.00722192 -0.00570116 -0.00447792 -0.00356637 -0.00288688 -0.00237764 -0.00201929 -0.00177345 -0.00160435 -0.00147886 -0.00142006 -0.00136702 -0.00133072 -0.0013232 -0.00130081 -0.00129431 -0.00128807 -0.001285 -0.00127677 -0.00127282 -0.00127589 -0.00125679 -0.00126576 -0.00125936 -0.00124545 -0.00126335 -0.00124319 -0.00124375 -0.00125321 -0.00123228 -0.00124686 -0.00124149 -0.00123145 -0.00124513 -0.00122865 -0.00123175 -0.00123534 -0.00122207 -0.00123546 -0.00122934 
0 -6.32959e-07 1.86696e-05 8.90567e-06 2.18857e-05 3.08419e-05 2.38929e-05 4.40621e-05 4.13339e-05 4.50875e-05 6.02014e-05 5.34066e-05 6.46495e-05 7.07683e-05 7.0134e-05 8.1523e-05 8.751e-05 9.41289e-05 0.000101103 0.000108389 0.00010805 0.000114095 0.000125265 0.000124946 0.00014285 0.000156925 0.000162298 0.000191461 0.000222506 0.000267058 0.000355707 0.00047971 0.000651993 0.000917 0.00129559 0.00181139 0.00253572 0.00350945 0.00475427 0.00635485 0.00836847 0.0108275 0.0137773 0.0172382 0.0211648 0.0254566 0.0300345 0.0347163 0.0392482 0.0433664 0.0468211 0.0493505 0.0506637 0.0505474 0.0488392 0.0455112 0.0405982 0.0342751 0.0268146 0.018546 0.00983763 0.00107008 -0.00734838 -0.0150868 -0.0218104 -0.0273209 -0.0314821 -0.0342725 -0.0357064 -0.0359181 -0.0350707 -0.0333578 -0.0310153 -0.0282639 -0.0253122 -0.0223255 -0.0194837 -0.0168403 -0.0144659 -0.0123843 -0.0106404 -0.00916001 -0.00793126 -0.00690356 -0.00606796 -0.00536303 -0.00478737 -0.00428249 -0.0038357 -0.00344075 -0.00311544 -0.00280325 -0.00249137 -0.00220949 -0.00197608 -0.00173509 -0.00147392 -0.00123828 -0.00103916 -0.000821316 -0.000575834 -0.000353346 -0.000157369 6.72677e-05 0.000322583 0.00056095 0.000783731 0.00104647 0.00134292 0.00163961 0.00194019 0.00229908 0.00270663 0.00316353 0.003677 0.00430107 0.00503802 0.00594505 0.00703438 0.00835606 0.00992168 0.0118133 0.0140049 0.0164882 0.0192022 0.022116 0.0250701 0.0279181 0.0304574 0.0324785 0.0337329 0.0340162 0.0331415 0.0309532 0.0273968 0.0224633 0.0162518 0.00892769 0.00080178 -0.0078086 -0.0164958 -0.0248781 -0.0325692 -0.0392326 -0.0445634 -0.0483508 -0.0505235 -0.0510971 -0.050207 -0.0480272 -0.0448417 -0.0409335 -0.0365672 -0.0319715 -0.0274017 -0.0230841 -0.0191238 -0.0156018 -0.0125667 -0.0100298 -0.00793715 -0.00625988 -0.00496139 -0.00394894 -0.00317831 -0.00262139 -0.00221979 -0.00193056 -0.00174416 -0.0016217 -0.00152613 -0.00147303 -0.0014408 -0.00140866 -0.00140107 -0.00139455 -0.00138206 -0.00137874 -0.00137188 -0.00136306 -0.00135732 -0.00135835 -0.00135114 -0.00134857 -0.00135128 -0.00133837 -0.00134379 -0.00133961 -0.00132853 -0.00133948 -0.00132682 -0.00132716 -0.00133302 -0.00131833 -0.00132813 -0.00132263 -0.00131629 -0.0013269 -0.00131467 -0.00132061 
0 3.2036e-06 1.44503e-05 1.31539e-05 2.4991e-05 2.84931e-05 3.1594e-05 4.31812e-05 4.04575e-05 5.26206e-05 5.71112e-05 6.08015e-05 7.53449e-05 7.33439e-05 8.39314e-05 8.751e-05 8.75858e-05 9.84832e-05 9.85625e-05 0.000109711 0.00012152 0.000129125 0.000137429 0.000145847 0.000150193 0.000159232 0.000183542 0.000203054 0.000250113 0.000308617 0.000391589 0.00053386 0.000731215 0.00103911 0.00146333 0.00205333 0.00284969 0.0038951 0.0052664 0.00701139 0.00918693 0.0118229 0.0149793 0.0186217 0.0227392 0.02726 0.0319976 0.036772 0.0413558 0.045515 0.0489386 0.0513729 0.0525508 0.0522904 0.0504517 0.0469739 0.041949 0.0355439 0.028035 0.019714 0.01097 0.00214413 -0.00637043 -0.0142471 -0.0211885 -0.0269871 -0.0314983 -0.0346535 -0.0364797 -0.0370472 -0.036527 -0.0350783 -0.0329294 -0.0302615 -0.0273196 -0.0242774 -0.0213217 -0.0185229 -0.0159685 -0.0136987 -0.0117617 -0.0101216 -0.00874244 -0.00758442 -0.00662625 -0.00584184 -0.00518837 -0.00462482 -0.00411828 -0.00369102 -0.0033224 -0.00298356 -0.00263902 -0.0023404 -0.00207445 -0.00181747 -0.00153355 -0.00128574 -0.00105765 -0.000827206 -0.000561983 -0.000328226 -0.000103986 0.000132777 0.00040929 0.000661215 0.000914209 0.00119124 0.00151638 0.00183548 0.00217418 0.00255784 0.00301597 0.00352256 0.00410266 0.00478985 0.0056323 0.00665416 0.00787848 0.0093415 0.0110869 0.0131594 0.0155327 0.0181791 0.0210274 0.0240225 0.0270035 0.0298116 0.0322064 0.0340046 0.0349679 0.0349227 0.0336712 0.0311207 0.0272044 0.0219609 0.0154979 0.00800359 -0.000251483 -0.00894461 -0.0176887 -0.0261377 -0.0338899 -0.0406323 -0.0460663 -0.0500063 -0.0523154 -0.0530252 -0.0522507 -0.0501786 -0.0470568 -0.0431198 -0.0386753 -0.0339897 -0.0293053 -0.0247777 -0.0206074 -0.0168894 -0.0136575 -0.0109417 -0.00869491 -0.00688162 -0.00543923 -0.00433581 -0.00349612 -0.00288184 -0.00243478 -0.00211108 -0.00189721 -0.00173747 -0.00164817 -0.00158758 -0.00154341 -0.00152258 -0.00149788 -0.00148135 -0.00147136 -0.00146622 -0.00145828 -0.00146144 -0.00145628 -0.0014477 -0.00145123 -0.00143799 -0.00143844 -0.00143531 -0.00142818 -0.00143407 -0.00142371 -0.00142447 -0.00142112 -0.00141318 -0.00141768 -0.00141092 -0.00141458 -0.0014156 -0.00141193 -0.00141634 -0.00140894 -0.0014094 
0 7.79342e-06 1.27879e-05 1.84587e-05 2.70539e-05 2.6678e-05 3.73885e-05 4.33502e-05 4.4079e-05 6.06601e-05 5.72625e-05 6.50089e-05 7.65816e-05 7.06206e-05 8.95721e-05 9.41289e-05 9.84832e-05 0.000114824 0.00011308 0.000120252 0.000126064 0.000128293 0.000134172 0.000151721 0.000161764 0.00017583 0.000208223 0.000221437 0.000274881 0.000343952 0.000442598 0.000614779 0.000834429 0.0011768 0.00163865 0.00228772 0.00317311 0.0043221 0.00582065 0.00770035 0.0100352 0.0128493 0.0162122 0.0200655 0.0243693 0.0290541 0.0339107 0.0387884 0.0434159 0.047544 0.0508803 0.0531995 0.054236 0.0538041 0.0518148 0.0482022 0.0431013 0.0366587 0.0291468 0.0208417 0.0121283 0.00331741 -0.00522833 -0.0131788 -0.0202904 -0.026339 -0.0311804 -0.034702 -0.0369358 -0.0378913 -0.0377368 -0.0366061 -0.0346993 -0.0321743 -0.0292895 -0.0262365 -0.0231896 -0.0202606 -0.0175375 -0.0150872 -0.0129491 -0.011142 -0.00960023 -0.00830318 -0.00721289 -0.00633821 -0.00559454 -0.00496449 -0.00439861 -0.00393346 -0.00351406 -0.00314279 -0.0027719 -0.00245332 -0.00215005 -0.00187177 -0.00157333 -0.00131033 -0.00104957 -0.000801518 -0.000525284 -0.000276982 -2.09384e-05 0.000232594 0.000521745 0.000790626 0.00107806 0.0013741 0.00172093 0.00206612 0.00244912 0.00286409 0.00337122 0.00393325 0.00459038 0.00535179 0.00630845 0.00745395 0.0088254 0.0104388 0.0123745 0.0146258 0.0171744 0.0199642 0.0229294 0.0259686 0.0289346 0.0316459 0.0338484 0.0353671 0.0359962 0.0355823 0.0339311 0.0310042 0.0267357 0.0212067 0.0145291 0.00691836 -0.00140881 -0.0101207 -0.0188615 -0.0273077 -0.0350746 -0.0418576 -0.047363 -0.0514225 -0.0538692 -0.0547495 -0.0541178 -0.0521531 -0.0491045 -0.0452118 -0.040747 -0.0359679 -0.031156 -0.0264647 -0.0221274 -0.018218 -0.0147897 -0.0118869 -0.00947509 -0.00752844 -0.00596958 -0.00477342 -0.00384094 -0.00315523 -0.00265263 -0.00229045 -0.00205769 -0.00187283 -0.0017712 -0.00169265 -0.00163461 -0.00161618 -0.00159179 -0.00158215 -0.00157659 -0.00157018 -0.00155526 -0.00155446 -0.00154723 -0.00153369 -0.00154359 -0.00152904 -0.00152962 -0.00153133 -0.00151369 -0.00152199 -0.00151382 -0.00151033 -0.00151843 -0.00150974 -0.00151251 -0.00150946 -0.00150141 -0.00150066 -0.00149604 -0.00149492 -0.00149754 -0.00150028 
