0 0 0 0 0 0 0 0 0 0 0 0 0 0 0 0 0 0 0 0 0 0 0 0 0 0 0 0 0 0 0 0 0 0 0 0 0 0 0 0 0 0 0 0 0 0 0 0 0 0 0 0 0 0 0 0 0 0 0 0 0 0 0 0 0 0 0 0 0 0 0 0 0 0 0 0 0 0 0 0 0 0 0 0 0 0 0 0 0 0 0 0 0 0 0 0 0 0 0 0 0 0 0 0 0 0 0 0 0 0 0 0 0 0 0 0 0 0 0 0 0 0 0 0 0 0 0 0 0 0 0 0 0 0 0 0 0 0 0 0 0 0 0 0 0 0 0 0 0 0 0 0 0 0 0 0 0 0 0 0 0 0 0 0 0 0 0 0 0 0 0 0 0 0 0 0 0 0 0 0 0 0 0 0 0 0 0 0 0 0 0 0 0 0 0 0 0 0 0 0 
0 -1.6768e-06 6.33385e-06 4.10948e-06 2.07239e-06 8.05219e-06 -1.45499e-06 1.96763e-06 8.23635e-06 -5.99548e-07 1.5014e-05 1.37077e-05 6.42344e-06 1.97278e-05 4.82406e-06 5.39148e-06 1.45346e-05 7.35012e-06 1.64567e-05 1.91103e-05 1.91743e-05 1.33517e-05 1.83108e-05 2.47777e-05 1.17204e-05 3.15013e-05 2.57922e-05 8.20277e-06 2.66018e-05 2.08697e-05 2.25595e-05 3.20142e-05 3.34392e-05 2.74253e-05 2.22772e-05 3.93674e-05 4.23303e-05 3.74302e-05 2.65232e-05 3.3749e-05 4.92079e-05 3.47682e-05 3.54277e-05 4.24898e-05 4.3467e-05 4.388e-05 4.8595e-05 5.03508e-05 4.84839e-05 5.9813e-05 5.78646e-05 5.73822e-05 6.71201e-05 7.015e-05 7.17156e-05 8.33033e-05 0.000100984 0.000113392 0.00014565 0.000194997 0.000250838 0.000334138 0.000451977 0.000598521 0.000775771 0.00101147 0.00129451 0.00162314 0.0020135 0.00246293 0.00294504 0.00343588 0.0039263 0.00435906 0.00469485 0.00490216 0.00497029 0.00484914 0.00452761 0.00400699 0.00330566 0.00243817 0.00146757 0.000474612 -0.000483678 -0.00136804 -0.00213335 -0.0027192 -0.00310891 -0.0033013 -0.00332303 -0.00318577 -0.00293953 -0.00261179 -0.00224164 -0.0018353 -0.00143713 -0.00105755 -0.000708708 -0.000355273 -6.21615e-06 0.000344692 0.000685042 0.0010512 0.00143822 0.00184273 0.00222197 0.00257141 0.00285541 0.00304963 0.00310129 0.00299611 0.00270271 0.00221531 0.00153727 0.000723445 -0.000182936 -0.00114356 -0.00211098 -0.00300426 -0.00375391 -0.00433518 -0.00472775 -0.00492235 -0.00492252 -0.00477526 -0.00449305 -0.00410293 -0.00363885 -0.0031626 -0.00268586 -0.00223339 -0.00183167 -0.00149277 -0.00119867 -0.000950545 -0.000761224 -0.000606411 -0.000479735 -0.000386549 -0.00032523 -0.000270317 -0.000232315 -0.000215317 -0.000196294 -0.000181073 -0.000176804 -0.000174808 -0.000163425 -0.000163457 -0.000166027 -0.000157365 -0.000159623 -0.000158816 -0.000155028 -0.000155254 -0.000161274 -0.000150745 -0.00014265 -0.000158846 -0.000153536 -0.000143322 -0.000135456 -0.000141576 -0.000151261 -0.000139449 -0.000131673 -0.000132561 -0.000144406 -0.000134163 -0.000137628 -0.000148919 -0.000123918 -0.000133034 -0.000139932 -0.000129657 -0.000134208 -0.000131218 -0.000127833 -0.000119809 -0.000129984 -0.000131159 -0.000124341 -0.000139605 -0.000126335 -0.000123835 -0.000130737 -0.000117948 -0.00012657 -0.000125643 -0.000123139 -0.000128043 -0.000122236 -0.000126413 -0.000123049 -0.000123284 -0.000127038 -0.000120259 -0.000124763 -0.000123188 
0 6.33385e-06 -9.09511e-06 8.2294e-06 3.92319e-06 9.39488e-07 2.28821e-05 9.65298e-06 1.3806e-05 2.3849e-05 2.37884e-06 1.3088e-05 2.00729e-05 7.38664e-06 3.10831e-05 3.40077e-05 2.03971e-05 3.86392e-05 2.61765e-05 1.89542e-05 3.78012e-05 3.03267e-05 3.6905e-05 3.81897e-05 3.62391e-05 3.93535e-05 3.49921e-05 5.95857e-05 5.54929e-05 4.88299e-05 5.73022e-05 4.97771e-05 5.02788e-05 5.45799e-05 8.06246e-05 5.26243e-05 4.25642e-05 8.05488e-05 7.29701e-05 7.94059e-05 7.03469e-05 8.1555e-05 8.97094e-05 9.22021e-05 9.39855e-05 8.2271e-05 0.000111667 9.27957e-05 0.000101216 0.000108671 0.000108647 0.00011314 0.000118209 0.000141359 0.000129561 0.000172312 0.000191907 0.000234692 0.000294407 0.000394227 0.000515459 0.000674304 0.000923828 0.00120023 0.00157677 0.00202753 0.00260839 0.00325212 0.00404093 0.00492633 0.00588645 0.00686552 0.00782947 0.00869572 0.00934859 0.00977525 0.00988728 0.00966129 0.0090022 0.00798491 0.00657087 0.00486675 0.0029272 0.000968567 -0.00095103 -0.00269939 -0.00422823 -0.00538973 -0.00617636 -0.00656395 -0.00661528 -0.00635052 -0.00586593 -0.00522074 -0.00448201 -0.00368029 -0.00288261 -0.00212892 -0.00142058 -0.000718254 -1.27837e-05 0.000684011 0.001376 0.00210373 0.00288096 0.00367898 0.00443735 0.00512567 0.00568717 0.00606389 0.00615986 0.00594366 0.00534877 0.00437881 0.00302371 0.00141281 -0.000403103 -0.0023016 -0.00423443 -0.005991 -0.00749948 -0.00863783 -0.00943673 -0.00980648 -0.00982999 -0.00951967 -0.00897301 -0.00818532 -0.00727518 -0.00631834 -0.00536992 -0.00447116 -0.00366203 -0.00299138 -0.00238875 -0.00191046 -0.00150961 -0.00121736 -0.000948428 -0.000776695 -0.0006415 -0.000540022 -0.000467397 -0.00042534 -0.000402639 -0.000359523 -0.000369383 -0.000346409 -0.000343676 -0.000331994 -0.000338565 -0.00032253 -0.000313911 -0.000330125 -0.00030288 -0.000308767 -0.000297825 -0.000305706 -0.000299411 -0.000292463 -0.000284734 -0.000284089 -0.000317377 -0.000279662 -0.000271858 -0.000289838 -0.000289851 -0.000284081 -0.000271898 -0.000279497 -0.000259763 -0.00026559 -0.000274536 -0.000266344 -0.00026708 -0.000254253 -0.000267333 -0.000261056 -0.000259143 -0.000278997 -0.000254467 -0.00025342 -0.000261081 -0.000239759 -0.00025125 -0.000260313 -0.000246924 -0.000257877 -0.000257909 -0.00024332 -0.000254157 -0.000249705 -0.000242835 -0.000254505 -0.000245396 -0.000245772 -0.000251131 -0.000243918 -0.000249466 -0.000246157 
0 4.10948e-06 8.2294e-06 9.61564e-06 8.34648e-06 1.37109e-05 9.03893e-06 1.09114e-05 1.97735e-05 1.54981e-05 2.92746e-05 3.24979e-05 2.71771e-05 3.78529e-05 2.77448e-05 2.83628e-05 3.68291e-05 3.61198e-05 4.4947e-05 4.92126e-05 5.40124e-05 4.67843e-05 5.46409e-05 6.31555e-05 5.14749e-05 7.41093e-05 6.80997e-05 5.43137e-05 7.32638e-05 6.89279e-05 7.56049e-05 8.69939e-05 9.02382e-05 8.5764e-05 8.66803e-05 0.000102561 0.000107607 0.000110207 9.63378e-05 0.000107602 0.00012615 0.000114088 0.000117869 0.000128231 0.000132601 0.000134163 0.000147911 0.000148959 0.000151698 0.000170258 0.00017079 0.000175745 0.000193174 0.000207831 0.00021684 0.000252989 0.000298876 0.000351824 0.000448489 0.000590746 0.000771793 0.00102425 0.00137715 0.00181456 0.00236365 0.00306113 0.00390893 0.00489891 0.0060655 0.00739268 0.0088182 0.0102787 0.0117099 0.0129811 0.0139645 0.0145808 0.0147556 0.0143919 0.0134342 0.0118988 0.00981843 0.00727399 0.00442709 0.00150181 -0.00133704 -0.00395183 -0.00620803 -0.00795468 -0.00913154 -0.00973653 -0.00982499 -0.00945788 -0.00875188 -0.00780629 -0.00671184 -0.00552585 -0.00434051 -0.00320835 -0.00213815 -0.00107764 -2.00651e-05 0.00103194 0.00207888 0.00317677 0.00433527 0.00551998 0.00664636 0.0076618 0.0084849 0.00902267 0.00915399 0.00880715 0.00791271 0.00644984 0.0044486 0.00204018 -0.000647608 -0.00348553 -0.0063256 -0.00894583 -0.0111661 -0.0128818 -0.0140461 -0.0146237 -0.0146499 -0.0142118 -0.0133838 -0.0122344 -0.0108826 -0.00946401 -0.00805341 -0.00671524 -0.00551915 -0.00449564 -0.00361425 -0.00287989 -0.00229645 -0.00183202 -0.00145312 -0.00117547 -0.000976277 -0.00081999 -0.000708084 -0.000645239 -0.000593591 -0.000550901 -0.000536079 -0.000521653 -0.000501977 -0.000494674 -0.000496183 -0.000479615 -0.000477719 -0.000477396 -0.000466353 -0.000465576 -0.000467668 -0.000454803 -0.00044276 -0.000458597 -0.00044839 -0.000432613 -0.000428201 -0.00042734 -0.000434383 -0.000422175 -0.000411173 -0.000409492 -0.000419399 -0.000410398 -0.000409723 -0.000420232 -0.000393766 -0.000400467 -0.000407353 -0.000393392 -0.000399098 -0.000392744 -0.000385712 -0.000380466 -0.000386283 -0.000387399 -0.000383301 -0.000394097 -0.00038133 -0.000379182 -0.000381764 -0.000370057 -0.000378399 -0.00037471 -0.000373923 -0.000377669 -0.000370524 -0.00037591 -0.000371139 -0.000371413 -0.000373943 -0.000367635 -0.000375498 -0.000369127 
0 2.07239e-06 3.92319e-06 8.34648e-06 1.23539e-05 1.71762e-05 1.88392e-05 2.23789e-05 2.68518e-05 2.52777e-05 3.09622e-05 3.34418e-05 3.38436e-05 4.33055e-05 4.40446e-05 4.79051e-05 5.43269e-05 5.32018e-05 5.73753e-05 6.05769e-05 6.4282e-05 6.68113e-05 7.18907e-05 7.77158e-05 7.51937e-05 8.55731e-05 8.94817e-05 8.86627e-05 0.000101243 0.000100413 0.000102768 0.000109845 0.00011219 0.000117925 0.000121159 0.000127035 0.000131331 0.000138493 0.000142176 0.0001479 0.000159464 0.000158405 0.000166652 0.000176436 0.000178764 0.00018539 0.00019415 0.000200255 0.000204 0.000218353 0.000224289 0.000232537 0.00025244 0.000269631 0.000294039 0.000336257 0.000399505 0.000480116 0.000611408 0.00079909 0.00104934 0.00139485 0.00185822 0.00244921 0.00318764 0.00411757 0.00523998 0.00656758 0.00811299 0.00986158 0.0117397 0.0136661 0.0155361 0.0171936 0.0184847 0.0192872 0.0194998 0.0190045 0.0177444 0.0157171 0.0129821 0.00964707 0.00592979 0.00208576 -0.00165021 -0.00509513 -0.00805835 -0.010375 -0.0119511 -0.0127864 -0.0129343 -0.012492 -0.0115918 -0.0103692 -0.00893527 -0.00738524 -0.00582122 -0.00431315 -0.00286853 -0.00144722 -3.13816e-05 0.00137792 0.00279403 0.0042632 0.00579858 0.00735222 0.00883342 0.0101547 0.0112146 0.0118851 0.0120282 0.0115334 0.0103253 0.00837542 0.00574277 0.0025673 -0.000974251 -0.00471076 -0.00842333 -0.0118571 -0.0147741 -0.0170384 -0.0185676 -0.0193408 -0.0193913 -0.0188239 -0.0177331 -0.0162326 -0.0144659 -0.012595 -0.0107332 -0.00896974 -0.00738627 -0.00601321 -0.00484338 -0.00386519 -0.00308172 -0.00245266 -0.00195583 -0.00157933 -0.00130642 -0.00110046 -0.000954349 -0.00086253 -0.000793714 -0.000746017 -0.000717399 -0.000699737 -0.000677845 -0.000668241 -0.000661137 -0.0006469 -0.0006409 -0.000634432 -0.000625106 -0.000615821 -0.00061491 -0.000604955 -0.000596005 -0.00059634 -0.000587656 -0.000583644 -0.000578984 -0.000574382 -0.000570402 -0.000566045 -0.000561752 -0.000556366 -0.000556782 -0.000545912 -0.000542946 -0.000544986 -0.000533992 -0.000535477 -0.000533304 -0.000526622 -0.000526345 -0.000524595 -0.000523246 -0.000518856 -0.000519546 -0.000514913 -0.000509314 -0.000512056 -0.000505919 -0.000506163 -0.000507548 -0.000502663 -0.000504549 -0.00050155 -0.000500078 -0.000499826 -0.000497222 -0.000498319 -0.00049553 -0.000497321 -0.000495891 -0.000491425 -0.000496818 -0.000493689 
0 8.05219e-06 9.39488e-07 1.37109e-05 1.71762e-05 1.122e-05 3.05526e-05 2.80932e-05 2.72374e-05 4.52764e-05 3.07893e-05 3.94184e-05 5.23082e-05 3.93423e-05 6.13049e-05 6.49824e-05 5.90918e-05 7.48712e-05 7.02947e-05 7.26513e-05 7.89864e-05 8.90008e-05 9.06233e-05 8.9295e-05 0.000108843 9.52034e-05 0.000103858 0.00012818 0.000116603 0.00012789 0.000133167 0.000133752 0.000136211 0.000147045 0.00016672 0.000152989 0.000156225 0.000171903 0.000187651 0.000189856 0.000182678 0.000204806 0.000211733 0.000217995 0.000223845 0.00023169 0.000243918 0.000248371 0.000262662 0.000266924 0.000282964 0.000296969 0.000313035 0.00034019 0.00037336 0.000428369 0.000500464 0.000618057 0.000779584 0.00101383 0.00133839 0.00177574 0.00235525 0.00309584 0.0040366 0.0051905 0.00659555 0.00825487 0.0101791 0.0123313 0.014648 0.0170201 0.0192997 0.0213202 0.0228949 0.0238735 0.0241021 0.0234788 0.0219173 0.0194259 0.0160604 0.011992 0.00745406 0.00274884 -0.00184883 -0.00608038 -0.00972516 -0.0125947 -0.0145792 -0.0156612 -0.0158995 -0.0154165 -0.0143589 -0.0128893 -0.0111414 -0.00925129 -0.00732283 -0.00544087 -0.00361176 -0.00182358 -4.35196e-05 0.00172921 0.0035272 0.00537101 0.00727562 0.00917913 0.0109946 0.0125962 0.0138607 0.0146299 0.0147538 0.0140907 0.0125548 0.0101269 0.00688239 0.00297767 -0.00138644 -0.00596991 -0.0105073 -0.0146962 -0.0182821 -0.0210637 -0.0229527 -0.0239132 -0.0240074 -0.0233182 -0.0219882 -0.0201566 -0.0180068 -0.0157043 -0.013409 -0.0112392 -0.00927391 -0.00755859 -0.00609488 -0.00488289 -0.00388775 -0.00309882 -0.00247654 -0.00200446 -0.0016487 -0.00139237 -0.00121202 -0.00108185 -0.000999634 -0.000938702 -0.000901824 -0.000870022 -0.000853858 -0.000837063 -0.000821341 -0.00081384 -0.000798723 -0.000794337 -0.000781972 -0.000773625 -0.000760261 -0.000759549 -0.000758825 -0.00073484 -0.000731332 -0.00073175 -0.000736013 -0.000716902 -0.000700645 -0.00071123 -0.000707433 -0.000700349 -0.000684817 -0.000689979 -0.000680465 -0.000665406 -0.00068537 -0.000669189 -0.00065927 -0.0006644 -0.000656422 -0.000654686 -0.000652442 -0.000659036 -0.00064299 -0.000640079 -0.000647397 -0.000625906 -0.000638727 -0.000639154 -0.000625037 -0.000638953 -0.000627404 -0.000623968 -0.000629858 -0.000620398 -0.000624824 -0.000622516 -0.000618857 -0.000621685 -0.000619238 -0.000619701 -0.000618172 -0.000618476 
0 -1.45499e-06 2.28821e-05 9.03893e-06 1.88392e-05 3.05526e-05 1.49838e-05 3.48524e-05 3.57628e-05 3.19343e-05 5.90333e-05 5.42296e-05 5.58305e-05 7.29155e-05 5.82118e-05 6.23869e-05 7.86994e-05 7.22779e-05 8.85543e-05 0.000101862 9.57571e-05 0.000104781 0.000107132 0.000114556 0.000120782 0.000127963 0.000141055 0.000125554 0.000135553 0.000152013 0.000152448 0.000166777 0.000178884 0.000182031 0.000165878 0.000200706 0.000221695 0.000199704 0.000212594 0.000216939 0.000239464 0.000241156 0.000243458 0.000253845 0.000266083 0.000288496 0.000276939 0.000307802 0.000314099 0.000325881 0.000344509 0.00036168 0.000386975 0.000406158 0.000470515 0.000514033 0.000619184 0.000755969 0.000960753 0.00123958 0.00163768 0.0021794 0.00286155 0.00377633 0.00489835 0.00630225 0.00796806 0.00997699 0.0122558 0.0148084 0.0175375 0.020328 0.0229909 0.0253339 0.0271801 0.0282949 0.0285454 0.0277673 0.0259372 0.0229816 0.0190509 0.0142843 0.0090125 0.00348847 -0.00189795 -0.00688543 -0.0111639 -0.0145814 -0.0169683 -0.0183251 -0.0186831 -0.0182052 -0.0170305 -0.0153515 -0.0133236 -0.0111188 -0.00884627 -0.00658966 -0.00437378 -0.00220575 -5.92545e-05 0.00209086 0.00427591 0.00650188 0.00876189 0.0109972 0.0131175 0.0149683 0.0163995 0.0172253 0.0172968 0.0164345 0.0145677 0.0116606 0.00784164 0.00323331 -0.00188887 -0.00728029 -0.0125602 -0.0174669 -0.021653 -0.024947 -0.0271578 -0.0283287 -0.0284548 -0.0276834 -0.0261203 -0.0240008 -0.0214891 -0.0187889 -0.0160837 -0.0135187 -0.0111941 -0.00912567 -0.0073892 -0.00591986 -0.00473584 -0.0037604 -0.00303016 -0.00244314 -0.00201159 -0.00169722 -0.00147488 -0.00131585 -0.00119817 -0.00114394 -0.00107347 -0.00104963 -0.00101851 -0.00100531 -0.00097953 -0.000974512 -0.000967455 -0.00093799 -0.000947783 -0.000931132 -0.000927419 -0.000906456 -0.000902304 -0.000900165 -0.000893743 -0.000881754 -0.000844665 -0.000870447 -0.000868524 -0.000839912 -0.000831743 -0.000832096 -0.000833002 -0.000819475 -0.000831082 -0.000817347 -0.000801488 -0.000805683 -0.000800009 -0.000802606 -0.000788839 -0.000787149 -0.000781792 -0.000763089 -0.000778504 -0.000776259 -0.000765744 -0.000779917 -0.000766806 -0.000754038 -0.000765292 -0.000751619 -0.00074871 -0.000761452 -0.000745684 -0.000749216 -0.000754035 -0.000740349 -0.000749949 -0.000744779 -0.000740664 -0.000750021 -0.000738599 -0.000743647 
0 1.96763e-06 9.65298e-06 1.09114e-05 2.23789e-05 2.80932e-05 3.48524e-05 4.40493e-05 4.22651e-05 5.21719e-05 5.11113e-05 5.16907e-05 6.55385e-05 6.67093e-05 8.06323e-05 9.15844e-05 9.2958e-05 9.81067e-05 0.000100327 0.000103691 0.000105903 0.000124543 0.000126097 0.000128012 0.000148424 0.00013572 0.000152822 0.000173213 0.000168296 0.000184398 0.00018386 0.000185827 0.00019382 0.000208515 0.000219771 0.00022035 0.000226246 0.000231981 0.000265225 0.000266509 0.000262808 0.00028857 0.000297821 0.00030649 0.000316511 0.00033227 0.000332904 0.000354269 0.000369165 0.000370871 0.000398672 0.000420132 0.000443361 0.000478973 0.000547057 0.000615181 0.000731824 0.000913183 0.00115217 0.00149086 0.00196853 0.00260717 0.00341823 0.00448589 0.00581746 0.00744406 0.00939955 0.0117232 0.0143657 0.017285 0.0204088 0.0235774 0.0265843 0.0292226 0.0312904 0.0325321 0.0327654 0.0318537 0.0297351 0.0263728 0.0218975 0.0165262 0.0105638 0.00432143 -0.00181024 -0.00747545 -0.0123699 -0.0162962 -0.0191008 -0.0207392 -0.0212664 -0.0208298 -0.0195922 -0.0177419 -0.0154777 -0.0129856 -0.0103895 -0.00776333 -0.00515815 -0.00260207 -7.89086e-05 0.00245816 0.00503699 0.0076454 0.0102484 0.0127937 0.015182 0.0172467 0.0187952 0.0196393 0.0196069 0.0185284 0.016308 0.0129481 0.00856352 0.00331662 -0.00252704 -0.00863386 -0.0146149 -0.0201467 -0.0249083 -0.0286504 -0.0311977 -0.0325494 -0.0327418 -0.0318865 -0.0301389 -0.0277475 -0.0249136 -0.0218457 -0.0187522 -0.015817 -0.0131263 -0.0107334 -0.0086963 -0.00699371 -0.0055898 -0.00445342 -0.00358395 -0.00289858 -0.00238041 -0.00200689 -0.00174734 -0.00154738 -0.00141756 -0.00134101 -0.00127044 -0.0012281 -0.0012029 -0.0011822 -0.0011495 -0.0011455 -0.00112824 -0.00110687 -0.0011009 -0.00108375 -0.00106836 -0.00106193 -0.00106057 -0.0010281 -0.00102663 -0.00103283 -0.00101775 -0.00100844 -0.000992487 -0.000993775 -0.000991768 -0.000984935 -0.000965861 -0.000960641 -0.000956437 -0.000937285 -0.000953103 -0.000939162 -0.000923235 -0.000931051 -0.000917425 -0.000918821 -0.000921783 -0.000917351 -0.000907841 -0.000901887 -0.000897028 -0.000885116 -0.000893045 -0.00088805 -0.000884882 -0.000890909 -0.000878031 -0.000881516 -0.000878101 -0.000872119 -0.000877016 -0.000869233 -0.000873863 -0.000869299 -0.000863997 -0.000870897 -0.000861998 -0.000868538 
0 8.23635e-06 1.3806e-05 1.97735e-05 2.68518e-05 2.72374e-05 3.57628e-05 4.22651e-05 4.57987e-05 6.1613e-05 6.23441e-05 6.96315e-05 8.27998e-05 7.69249e-05 8.81218e-05 9.48769e-05 9.52021e-05 0.000110385 0.000117347 0.000124789 0.000130969 0.00014159 0.000145203 0.000147974 0.000169063 0.000163837 0.000172861 0.000189969 0.000182644 0.000201579 0.00021169 0.000218863 0.000231511 0.000236489 0.00025163 0.00025861 0.000269602 0.000276112 0.000291731 0.000300887 0.000300999 0.000327782 0.000333168 0.000342037 0.000361564 0.000374482 0.000386636 0.000403722 0.000426865 0.000432704 0.000463191 0.000490719 0.000515016 0.000565224 0.000634144 0.000725157 0.000857939 0.00107405 0.00135367 0.00175288 0.00231136 0.00304728 0.00399575 0.0052203 0.00675995 0.00861864 0.0108634 0.0134979 0.0164904 0.0197664 0.0232544 0.0267666 0.030081 0.03298 0.0352301 0.0365682 0.0367714 0.0357209 0.033325 0.0295867 0.024626 0.0187155 0.0121407 0.00525907 -0.00153652 -0.00782115 -0.0132887 -0.0177029 -0.0209198 -0.0228636 -0.0235989 -0.0232544 -0.022004 -0.0200356 -0.0175803 -0.0148362 -0.0119363 -0.00895276 -0.00596001 -0.00301009 -9.72105e-05 0.00283566 0.00581171 0.00879741 0.0117321 0.0145616 0.0171807 0.0194126 0.0210328 0.0218466 0.0216687 0.0203442 0.0177676 0.0139679 0.00905146 0.00321462 -0.00327657 -0.0100228 -0.0166277 -0.0227182 -0.0279914 -0.0321438 -0.0350099 -0.0365434 -0.0368098 -0.0358972 -0.0340027 -0.0313761 -0.0282575 -0.0248607 -0.0214159 -0.0181278 -0.0150901 -0.0123834 -0.0100529 -0.00811074 -0.00649159 -0.00519187 -0.00417595 -0.0033878 -0.00278034 -0.00234195 -0.00203256 -0.0017944 -0.00164138 -0.00153756 -0.00146206 -0.00140202 -0.00137482 -0.00134483 -0.00131389 -0.00130551 -0.00128461 -0.00126841 -0.00125603 -0.00124828 -0.00122567 -0.0012182 -0.00121499 -0.00118984 -0.00118529 -0.0011736 -0.00116252 -0.00115105 -0.00114069 -0.00113341 -0.00112102 -0.00111704 -0.00110155 -0.00110545 -0.00109806 -0.00107956 -0.00108861 -0.00107298 -0.00106524 -0.00106803 -0.00105604 -0.00104912 -0.00104243 -0.00104082 -0.00103038 -0.0010316 -0.00103394 -0.00101999 -0.00102627 -0.00101868 -0.00100914 -0.00101506 -0.00100466 -0.0010047 -0.00100486 -0.00099972 -0.00100028 -0.000994179 -0.000996937 -0.000995234 -0.00099317 -0.000997368 -0.000990038 -0.00099212 
0 -5.99548e-07 2.3849e-05 1.54981e-05 2.52777e-05 4.52764e-05 3.19343e-05 5.21719e-05 6.1613e-05 4.93259e-05 7.89725e-05 7.9108e-05 7.79632e-05 0.000105064 9.48499e-05 0.000103665 0.000120123 0.00011705 0.000131736 0.000140751 0.000150603 0.000150893 0.000162042 0.00017904 0.000170111 0.00019741 0.000206648 0.000197607 0.000219718 0.000225812 0.000237065 0.00024429 0.000264618 0.000272418 0.000261265 0.000295483 0.000310967 0.000315423 0.000318135 0.000333416 0.000361714 0.00036276 0.000378016 0.000387012 0.000410602 0.000425057 0.000432811 0.00045924 0.000471168 0.000496712 0.000516615 0.000552334 0.000586958 0.000642534 0.000727313 0.000831974 0.00100387 0.00124047 0.00158149 0.00204186 0.002686 0.00352718 0.00461476 0.00601008 0.00774267 0.00985416 0.0123691 0.0153176 0.0186299 0.0222546 0.0260626 0.0298807 0.0334602 0.0365754 0.0389675 0.0403591 0.0405263 0.0393192 0.036671 0.0325785 0.0272097 0.0208149 0.0137241 0.00627793 -0.00107784 -0.00792743 -0.0139081 -0.0187936 -0.022404 -0.0246812 -0.0256545 -0.0254578 -0.0242414 -0.0222173 -0.0196167 -0.0166604 -0.0134757 -0.0101536 -0.00677907 -0.00343327 -0.000115661 0.00321909 0.00659182 0.00994231 0.0131967 0.0162798 0.0190905 0.0214324 0.0230782 0.0238059 0.0234462 0.0218389 0.0189123 0.0146792 0.00927704 0.00289226 -0.00415415 -0.0114696 -0.0186042 -0.0251988 -0.0309028 -0.0354375 -0.0385885 -0.0403167 -0.040653 -0.03972 -0.03771 -0.0348919 -0.0315224 -0.0278342 -0.0240774 -0.0204462 -0.0170865 -0.0140629 -0.0114569 -0.00925196 -0.00743255 -0.00595288 -0.00479364 -0.00388988 -0.00319606 -0.00269087 -0.00231857 -0.00205721 -0.00186538 -0.00174821 -0.00165336 -0.00159359 -0.00155154 -0.00151614 -0.00149206 -0.00146691 -0.00145541 -0.00142558 -0.00141746 -0.00140286 -0.00138694 -0.00136941 -0.00134934 -0.00135394 -0.00133568 -0.00131783 -0.00129588 -0.00130183 -0.00130155 -0.00126686 -0.00126399 -0.00125767 -0.00125285 -0.00123739 -0.00123355 -0.00123347 -0.00120247 -0.00121117 -0.00120814 -0.00119084 -0.00119254 -0.00118313 -0.00117731 -0.00116473 -0.0011714 -0.00116614 -0.00114949 -0.00116529 -0.0011451 -0.00113802 -0.00115202 -0.0011286 -0.0011367 -0.00113914 -0.00112009 -0.00113292 -0.00112702 -0.00111804 -0.00112704 -0.00111768 -0.00111639 -0.00112117 -0.00111327 -0.00111705 
0 1.5014e-05 2.37884e-06 2.92746e-05 3.09622e-05 3.07893e-05 5.90333e-05 5.11113e-05 6.23441e-05 7.89725e-05 6.94794e-05 8.5869e-05 9.34015e-05 9.48266e-05 0.000116392 0.000125767 0.000130799 0.000141511 0.000145896 0.000148218 0.00015901 0.000174173 0.000183736 0.000190608 0.000204347 0.00020964 0.00021196 0.000239846 0.000252313 0.000251217 0.0002674 0.000274995 0.000275937 0.000294154 0.000327426 0.000321057 0.000317987 0.0003498 0.000368714 0.000386145 0.000385032 0.000403322 0.000427956 0.000442596 0.00045552 0.000464459 0.000496653 0.000503496 0.000528955 0.000551423 0.000577429 0.000615317 0.000658138 0.000731659 0.000812553 0.000960598 0.00114661 0.00143053 0.00181846 0.00235934 0.00308589 0.00403637 0.00528068 0.00683315 0.0087829 0.0111262 0.0139349 0.0171602 0.0208007 0.0247321 0.0288397 0.032912 0.0367189 0.0400067 0.0424872 0.0439089 0.0440057 0.0426565 0.0397478 0.0353657 0.0296257 0.0228448 0.0152957 0.00740499 -0.000442021 -0.00775963 -0.014223 -0.0195278 -0.0235394 -0.0261497 -0.0274105 -0.0273954 -0.0262799 -0.0242519 -0.021569 -0.0184316 -0.0149943 -0.01135 -0.00761323 -0.00386671 -0.00013792 0.00360823 0.00736497 0.0110696 0.0146196 0.0179336 0.0208827 0.0232867 0.024894 0.0254987 0.0249045 0.0230043 0.019711 0.015084 0.00921663 0.00236719 -0.00517337 -0.0129426 -0.0205489 -0.027548 -0.0336428 -0.0384867 -0.0419248 -0.0438233 -0.0442601 -0.0433187 -0.0412467 -0.0382734 -0.0346948 -0.0307604 -0.026719 -0.0227847 -0.0190997 -0.015796 -0.0128944 -0.0104505 -0.00840394 -0.00676437 -0.00543878 -0.00442314 -0.00363809 -0.00305551 -0.00262791 -0.00232031 -0.00211311 -0.00195154 -0.00186067 -0.00178001 -0.00173478 -0.00169025 -0.0016661 -0.00163642 -0.00161074 -0.00160315 -0.00157088 -0.00155546 -0.00153659 -0.00153249 -0.00151004 -0.00148647 -0.00147547 -0.00147114 -0.00147384 -0.00143371 -0.00141948 -0.00143056 -0.0014206 -0.00139896 -0.00138845 -0.0013826 -0.00135937 -0.00136089 -0.0013616 -0.00134223 -0.00133325 -0.0013265 -0.00132113 -0.00131617 -0.00131557 -0.00131304 -0.00129742 -0.00128976 -0.00128856 -0.00127447 -0.00127587 -0.00128114 -0.00126398 -0.00126933 -0.00126747 -0.00125123 -0.0012634 -0.00125228 -0.00124687 -0.00125906 -0.00124081 -0.0012464 -0.00124802 -0.00123346 -0.00124825 -0.00124013 
0 1.37077e-05 1.3088e-05 3.24979e-05 3.34418e-05 3.94184e-05 5.42296e-05 5.16907e-05 6.96315e-05 7.9108e-05 8.5869e-05 0.000104462 0.000105255 0.000116057 0.000122752 0.000122604 0.000137254 0.000148646 0.000161 0.000176756 0.00018857 0.00018935 0.000201478 0.00021298 0.00021556 0.000241735 0.000244539 0.00024816 0.000266401 0.00026861 0.000293007 0.000310101 0.000321666 0.000332456 0.000340135 0.00035648 0.000377791 0.000397965 0.000387483 0.000410133 0.000437058 0.000442424 0.000463301 0.000478098 0.000498865 0.000516483 0.00054736 0.000558398 0.000584077 0.000622536 0.000642941 0.000688197 0.000743502 0.000822633 0.000919168 0.00108867 0.00131102 0.00162454 0.00207925 0.00269176 0.00350984 0.00457856 0.00597542 0.00770425 0.00985728 0.0124564 0.0155315 0.0190468 0.022979 0.0272094 0.0315678 0.0358637 0.0398498 0.0432623 0.0457908 0.0471978 0.0472164 0.0457042 0.0425722 0.037922 0.0318942 0.0247774 0.0168795 0.00861771 0.000396866 -0.00733139 -0.0141988 -0.0199058 -0.0242883 -0.0272592 -0.0288217 -0.0290455 -0.028075 -0.0261175 -0.023399 -0.0201309 -0.0164637 -0.0125322 -0.00844635 -0.00431096 -0.000159146 0.003992 0.00812604 0.0121566 0.0159863 0.0194912 0.0225402 0.0249379 0.0264619 0.0268854 0.026036 0.0238089 0.0201676 0.0151542 0.00888805 0.00162197 -0.00630399 -0.0144558 -0.0224233 -0.0297745 -0.036172 -0.0412983 -0.044976 -0.0470608 -0.0475961 -0.046689 -0.0445871 -0.0415105 -0.0377674 -0.0336241 -0.0293456 -0.0251247 -0.0211529 -0.0175619 -0.014396 -0.0116924 -0.0094379 -0.00761625 -0.00613539 -0.00499219 -0.00411166 -0.00345153 -0.00295166 -0.00260719 -0.00235929 -0.00217201 -0.00205832 -0.00197195 -0.00190963 -0.00185691 -0.00183743 -0.00179756 -0.00177237 -0.00175904 -0.00173448 -0.00171868 -0.00170076 -0.00168414 -0.00165911 -0.00166383 -0.00163959 -0.00160773 -0.00160502 -0.00159363 -0.00158155 -0.00156017 -0.00154638 -0.00153158 -0.00153239 -0.00152428 -0.00150728 -0.00150777 -0.00148383 -0.00148115 -0.00148306 -0.00146567 -0.00146194 -0.00144919 -0.00143444 -0.00142875 -0.00142897 -0.00142236 -0.00142138 -0.00142047 -0.00140446 -0.00140641 -0.00139818 -0.00138977 -0.00139531 -0.0013831 -0.00138645 -0.00138171 -0.00137107 -0.00137936 -0.00136911 -0.00137311 -0.00137728 -0.00136662 -0.0013748 -0.00136513 
0 6.42344e-06 2.00729e-05 2.71771e-05 3.38436e-05 5.23082e-05 5.58305e-05 6.55385e-05 8.27998e-05 7.79632e-05 9.34015e-05 0.000105255 0.000105237 0.00013048 0.000136778 0.000144406 0.000163622 0.000165737 0.000172553 0.000183473 0.000197805 0.000201721 0.000220682 0.000240058 0.000232739 0.000262063 0.000271331 0.000274159 0.000304592 0.000303928 0.000320798 0.000328996 0.000340575 0.000365444 0.000368373 0.000388761 0.000404884 0.000426884 0.000432907 0.00045564 0.000487412 0.000483251 0.00051502 0.000532385 0.000547637 0.00057005 0.000592352 0.000613473 0.000632424 0.00067992 0.000699071 0.000751765 0.00082301 0.000906848 0.00103288 0.00122188 0.00149093 0.00184242 0.00237072 0.00306114 0.00397799 0.00517697 0.00672318 0.00863991 0.0109938 0.0138505 0.0171768 0.0209746 0.0251724 0.0296698 0.0342404 0.0387164 0.0428342 0.0463157 0.0488517 0.050201 0.0501231 0.0484371 0.045111 0.0402284 0.0339794 0.0265951 0.0184444 0.00990251 0.00140885 -0.00664959 -0.0138505 -0.019921 -0.0246542 -0.0279911 -0.0298743 -0.0303757 -0.0296035 -0.0277778 -0.0250798 -0.0217246 -0.0178645 -0.013677 -0.00926807 -0.0047545 -0.000184608 0.00436553 0.00885702 0.013188 0.017266 0.0209256 0.0240248 0.026358 0.0277423 0.0279398 0.0268078 0.0242387 0.0202562 0.0148809 0.00827174 0.000658026 -0.00756229 -0.0160107 -0.0242454 -0.0318786 -0.0385098 -0.0438782 -0.0477585 -0.0500313 -0.0506749 -0.0498387 -0.0477392 -0.0446101 -0.0407448 -0.0364337 -0.0319502 -0.027473 -0.0232365 -0.0193633 -0.0159435 -0.0129769 -0.0105147 -0.00849659 -0.00686385 -0.00558157 -0.00460149 -0.00385871 -0.00328753 -0.00290217 -0.00261074 -0.00240622 -0.0022632 -0.00217649 -0.00209758 -0.00204147 -0.00201775 -0.00197072 -0.00194836 -0.00192228 -0.00190103 -0.00187095 -0.00186001 -0.00183906 -0.00180368 -0.00180785 -0.00178202 -0.0017638 -0.00175073 -0.00174017 -0.00172621 -0.00170629 -0.00170593 -0.00168406 -0.00167856 -0.00165766 -0.00164399 -0.00164905 -0.00161747 -0.0016195 -0.001612 -0.0015891 -0.0015926 -0.0015863 -0.00157884 -0.00156991 -0.0015699 -0.00155457 -0.00154204 -0.00155021 -0.00152948 -0.00153059 -0.00153473 -0.00151575 -0.00152273 -0.0015146 -0.00150703 -0.00151469 -0.00150542 -0.00150525 -0.00150319 -0.00149526 -0.00149433 -0.00149163 -0.00149259 -0.00149346 
0 1.97278e-05 7.38664e-06 3.78529e-05 4.33055e-05 3.93423e-05 7.29155e-05 6.67093e-05 7.69249e-05 0.000105064 9.48266e-05 0.000116057 0.00013048 0.000124578 0.000148554 0.000157665 0.000167051 0.000181669 0.000192538 0.000206411 0.000207488 0.000233414 0.000242366 0.000242523 0.000275845 0.000272939 0.000281669 0.000309258 0.000319785 0.000332234 0.000343782 0.000371989 0.000368371 0.000385871 0.000427176 0.000422925 0.000436143 0.000451489 0.000482997 0.000502266 0.000504949 0.000530602 0.000551855 0.000584565 0.000588937 0.000618747 0.000650458 0.000665605 0.000704281 0.000733739 0.000779439 0.000825226 0.000912432 0.00100715 0.00115129 0.00137538 0.0016672 0.00208866 0.00266533 0.0034564 0.00446703 0.00580967 0.00750772 0.00961379 0.0121898 0.0152811 0.0188762 0.0229238 0.0273915 0.0320995 0.0368717 0.0414711 0.0456855 0.0491779 0.0516844 0.052941 0.0527344 0.0508831 0.0473731 0.0423163 0.0358817 0.0283262 0.0199869 0.0112813 0.00258132 -0.00569559 -0.0131843 -0.01955 -0.0246369 -0.0283142 -0.0305532 -0.0313458 -0.0308424 -0.0291878 -0.0265828 -0.0231733 -0.0191801 -0.0147587 -0.0100709 -0.00518539 -0.000227748 0.00471883 0.00952988 0.0141453 0.0184189 0.0222069 0.0252913 0.0275234 0.0286972 0.0286491 0.0271941 0.0243012 0.0199661 0.0142852 0.00736916 -0.000487284 -0.00893924 -0.017569 -0.0260055 -0.0338177 -0.0406434 -0.0461869 -0.0502546 -0.0526932 -0.0534739 -0.0527343 -0.0506758 -0.0475452 -0.0435997 -0.0391768 -0.0345062 -0.0298312 -0.0253342 -0.0212186 -0.0175304 -0.014334 -0.0116435 -0.00943691 -0.00764418 -0.00621919 -0.00513638 -0.00429071 -0.0036664 -0.00320497 -0.00288814 -0.00264022 -0.00248113 -0.00237192 -0.00228104 -0.00222597 -0.00217768 -0.00214631 -0.0021033 -0.00209266 -0.00205936 -0.00202929 -0.00201865 -0.00199772 -0.0019812 -0.00194456 -0.00193793 -0.00192584 -0.00191175 -0.00188077 -0.00185555 -0.00187107 -0.00184143 -0.00182128 -0.00181496 -0.00180173 -0.00178646 -0.0017728 -0.00178094 -0.0017516 -0.00174109 -0.00174584 -0.00172099 -0.00172017 -0.00171269 -0.00170256 -0.00169149 -0.00168345 -0.00168667 -0.00166555 -0.00167218 -0.00167047 -0.00164463 -0.0016624 -0.00164962 -0.00163407 -0.00165185 -0.0016292 -0.00162833 -0.00163902 -0.00161752 -0.00162987 -0.0016301 -0.00161462 -0.0016301 -0.00161822 
0 4.82406e-06 3.10831e-05 2.77448e-05 4.40446e-05 6.13049e-05 5.82118e-05 8.06323e-05 8.81218e-05 9.48499e-05 0.000116392 0.000122752 0.000136778 0.000148554 0.000158796 0.00016785 0.000174752 0.000195541 0.00020389 0.00022212 0.000242631 0.000242189 0.000258375 0.00027293 0.000281413 0.000300721 0.000322485 0.000328722 0.000333183 0.00036074 0.000373118 0.000388654 0.000419136 0.000429381 0.000431518 0.000452031 0.000490622 0.000505153 0.000508465 0.000526102 0.000558508 0.000584077 0.000594703 0.000617807 0.000643619 0.000674129 0.000696464 0.000724948 0.000759606 0.000798411 0.000847048 0.000906207 0.000997825 0.00111177 0.00128655 0.0015297 0.00187415 0.00234794 0.00300208 0.00387539 0.00500992 0.00648792 0.00834558 0.0106509 0.013442 0.0167755 0.0206095 0.0249177 0.0296022 0.0345103 0.0394249 0.0441275 0.0483689 0.0518372 0.0542655 0.0553961 0.0550364 0.0530147 0.049356 0.0441504 0.0376016 0.0299306 0.0215115 0.0127075 0.00391495 -0.00451523 -0.0121914 -0.018827 -0.024215 -0.0282428 -0.0308189 -0.0319521 -0.0317392 -0.0303259 -0.0278454 -0.0244539 -0.0203592 -0.0157638 -0.0108127 -0.00560337 -0.000270838 0.00502606 0.0101451 0.0149912 0.0194339 0.0232824 0.0263224 0.0283843 0.0293209 0.0289707 0.0272014 0.0239658 0.019319 0.0133448 0.00620954 -0.00183262 -0.0104067 -0.0191572 -0.0276868 -0.0356217 -0.0425637 -0.0482562 -0.0524662 -0.055071 -0.0560011 -0.0553913 -0.0534129 -0.050316 -0.0463533 -0.0418422 -0.0370387 -0.0321758 -0.0274718 -0.0231012 -0.019176 -0.0157366 -0.0128314 -0.010418 -0.0084637 -0.00689753 -0.00568893 -0.00475359 -0.00405117 -0.00353466 -0.00316058 -0.00289358 -0.00270143 -0.00257431 -0.00247418 -0.00240904 -0.00235538 -0.00231728 -0.00227947 -0.00224837 -0.00222637 -0.00220272 -0.00217632 -0.00214465 -0.00213382 -0.00212052 -0.0020946 -0.00205994 -0.00204618 -0.00204788 -0.00202589 -0.0019923 -0.00197675 -0.0019768 -0.00195591 -0.00194451 -0.0019391 -0.00191397 -0.00189945 -0.00189768 -0.00189059 -0.00187274 -0.00186717 -0.00185337 -0.00183445 -0.00183577 -0.00182688 -0.00182144 -0.00181624 -0.00180669 -0.00180087 -0.00178973 -0.00179074 -0.00178006 -0.00177489 -0.00178054 -0.00176219 -0.00176615 -0.00176449 -0.00174893 -0.00176238 -0.00175232 -0.00174823 -0.00175959 -0.00174235 -0.00174877 
0 5.39148e-06 3.40077e-05 2.83628e-05 4.79051e-05 6.49824e-05 6.23869e-05 9.15844e-05 9.48769e-05 0.000103665 0.000125767 0.000122604 0.000144406 0.000157665 0.00016785 0.000192446 0.00019717 0.000214641 0.000223004 0.000226661 0.000247271 0.000258959 0.000278827 0.00029838 0.000310877 0.000320768 0.000337843 0.00035687 0.000370715 0.000397498 0.000403474 0.000412391 0.000435638 0.000449204 0.000477977 0.000500129 0.000508007 0.000525291 0.000562175 0.000584112 0.00059872 0.000625023 0.000643594 0.000673262 0.000699175 0.000720884 0.000745474 0.000783958 0.000817755 0.000854623 0.000917062 0.000984971 0.00108474 0.00122348 0.00142666 0.00169993 0.00209477 0.00263687 0.00336297 0.00433439 0.00559599 0.00721664 0.00923935 0.0117472 0.0147599 0.0183198 0.0223933 0.026935 0.0318182 0.0368814 0.0419121 0.0466672 0.0508918 0.0542869 0.0565994 0.0575691 0.0570302 0.0548455 0.0510546 0.0457444 0.0391247 0.0314216 0.0229935 0.0141856 0.00537465 -0.00310862 -0.0109076 -0.0177471 -0.0234106 -0.0277555 -0.030676 -0.0321597 -0.0322807 -0.03114 -0.02884 -0.0255155 -0.0213835 -0.0166529 -0.0114844 -0.00598609 -0.000331292 0.00528122 0.0106651 0.0157081 0.0202606 0.0241222 0.0270616 0.0289196 0.0295719 0.0289011 0.0268008 0.0232458 0.0183034 0.0120897 0.00478967 -0.00334421 -0.0119688 -0.0207475 -0.0293004 -0.0372711 -0.0442818 -0.050073 -0.0544045 -0.057158 -0.0582573 -0.0578052 -0.0559429 -0.0529222 -0.0489856 -0.0444344 -0.0395249 -0.034516 -0.0296237 -0.0250266 -0.0208625 -0.017197 -0.0140698 -0.0114495 -0.00932439 -0.00761352 -0.00627464 -0.00523666 -0.00446103 -0.00387658 -0.00345044 -0.00315305 -0.00293488 -0.00278263 -0.00267491 -0.00260324 -0.00253439 -0.00249427 -0.00245914 -0.00241973 -0.00238781 -0.00236333 -0.00233754 -0.00230953 -0.00228858 -0.00225442 -0.00224146 -0.0022322 -0.00220241 -0.00217586 -0.00216715 -0.0021552 -0.00213712 -0.00212718 -0.00209758 -0.00208242 -0.00207633 -0.00205864 -0.00204897 -0.00203318 -0.00201511 -0.00200216 -0.00200026 -0.00199086 -0.00198449 -0.00198004 -0.00195868 -0.00195568 -0.00194318 -0.00193334 -0.00193578 -0.00191934 -0.00192324 -0.00191239 -0.0018991 -0.00190868 -0.00189195 -0.00189693 -0.00190011 -0.00188232 -0.00189187 -0.00187819 -0.00186994 -0.00188076 -0.00186687 -0.00187791 
0 1.45346e-05 2.03971e-05 3.68291e-05 5.43269e-05 5.90918e-05 7.86994e-05 9.2958e-05 9.52021e-05 0.000120123 0.000130799 0.000137254 0.000163622 0.000167051 0.000174752 0.00019717 0.00020504 0.000219403 0.000245188 0.00025843 0.00026692 0.000292759 0.000297129 0.000304042 0.000336422 0.00033991 0.000360846 0.000380974 0.000390406 0.000417796 0.000424821 0.000460742 0.000478804 0.000481821 0.000516879 0.000533497 0.000549929 0.00056397 0.000602558 0.000615346 0.000627639 0.000672992 0.000682698 0.000720003 0.000745929 0.000773674 0.000807004 0.000845833 0.000889124 0.000921232 0.00100486 0.00107243 0.0011856 0.0013481 0.00157402 0.00188614 0.00232483 0.00294548 0.00373833 0.00482365 0.00621095 0.00798381 0.0101796 0.0128933 0.016133 0.0199088 0.0242234 0.0289698 0.0340362 0.0392136 0.0443351 0.0490924 0.053262 0.056539 0.0586992 0.0594759 0.0587369 0.0563967 0.0524858 0.0471126 0.040463 0.0328058 0.0244319 0.0157083 0.00694786 -0.00149321 -0.00935316 -0.0163261 -0.0222314 -0.0268514 -0.0301174 -0.0319531 -0.0324408 -0.031594 -0.0295269 -0.0263202 -0.0222201 -0.0173985 -0.0120661 -0.00632546 -0.000416026 0.00546411 0.0110603 0.0162603 0.0208578 0.0246813 0.0274648 0.0290938 0.0294256 0.0284256 0.0259849 0.0221433 0.0169318 0.0105415 0.00313272 -0.0050002 -0.0136054 -0.022322 -0.0308335 -0.0387565 -0.0457888 -0.0516284 -0.056064 -0.058949 -0.0602325 -0.0599626 -0.0582528 -0.0553492 -0.0514782 -0.0469373 -0.0419522 -0.0368407 -0.0317802 -0.026992 -0.0225928 -0.0187187 -0.0153671 -0.0125449 -0.0102409 -0.0083802 -0.00691093 -0.00575602 -0.00490782 -0.00424136 -0.00376632 -0.00342119 -0.00317939 -0.00299421 -0.00287076 -0.00279407 -0.00270566 -0.00266724 -0.00262104 -0.00258786 -0.00254969 -0.00252775 -0.00249822 -0.00246709 -0.00246343 -0.00241559 -0.0024009 -0.00238747 -0.00235964 -0.00233287 -0.00231602 -0.00230653 -0.00226583 -0.00226161 -0.00224631 -0.00222753 -0.00221842 -0.00219186 -0.0021946 -0.00217341 -0.00216008 -0.00216313 -0.00213581 -0.00212312 -0.0021165 -0.00210179 -0.0020894 -0.00209062 -0.00208188 -0.00206511 -0.00207102 -0.00205399 -0.0020443 -0.00205578 -0.00203604 -0.0020338 -0.00203566 -0.00201323 -0.00201625 -0.002016 -0.00200515 -0.00201684 -0.00201558 -0.00200655 -0.00201289 -0.00200226 
0 7.35012e-06 3.86392e-05 3.61198e-05 5.32018e-05 7.48712e-05 7.22779e-05 9.81067e-05 0.000110385 0.00011705 0.000141511 0.000148646 0.000165737 0.000181669 0.000195541 0.000214641 0.000219403 0.000242784 0.000251617 0.000260788 0.000296855 0.000295674 0.000314829 0.000346421 0.000345046 0.000369857 0.000395699 0.000407604 0.000417233 0.00044368 0.000466034 0.000466878 0.000508822 0.000528361 0.00053317 0.000562323 0.000587329 0.000627634 0.000633553 0.000650565 0.00069064 0.00072097 0.000740382 0.000755701 0.000805821 0.00082363 0.000858411 0.000903327 0.00093752 0.000997262 0.00106718 0.00116673 0.00128113 0.00148208 0.00173493 0.00208719 0.00259549 0.00327237 0.00417311 0.00534926 0.00689353 0.00880119 0.0111936 0.014103 0.0175635 0.0215578 0.0260811 0.0310282 0.0362206 0.0415097 0.0466491 0.0513948 0.05544 0.0585843 0.0605336 0.0611052 0.0601445 0.0576569 0.0536436 0.0482349 0.041617 0.034054 0.0258224 0.0172357 0.00862894 0.000281857 -0.00753741 -0.0146073 -0.0206675 -0.0255531 -0.0291147 -0.031333 -0.0321655 -0.0316628 -0.0298364 -0.0268348 -0.0227996 -0.0179735 -0.0125039 -0.00661567 -0.000496175 0.00555427 0.0113347 0.0166067 0.0212164 0.0249107 0.0275224 0.0288641 0.0288897 0.0275211 0.0247781 0.0206468 0.0152433 0.00870349 0.00128134 -0.00680608 -0.0152895 -0.0238955 -0.0322757 -0.0401074 -0.0470928 -0.0529539 -0.0574675 -0.0604781 -0.0619573 -0.0618824 -0.0603761 -0.0576061 -0.053863 -0.0493444 -0.0443534 -0.0391375 -0.0339638 -0.02898 -0.0243817 -0.020284 -0.0167176 -0.013692 -0.0111913 -0.00918752 -0.00756072 -0.00631115 -0.00534997 -0.00463101 -0.00408079 -0.00370233 -0.00342795 -0.00321496 -0.00308563 -0.00298112 -0.00290856 -0.00284226 -0.00280882 -0.00275632 -0.00272282 -0.00270498 -0.00265565 -0.00262791 -0.00260583 -0.00259271 -0.00254883 -0.00252067 -0.00251028 -0.00249232 -0.0024761 -0.00243189 -0.00243 -0.00242115 -0.00238699 -0.00237895 -0.00236464 -0.00234297 -0.00231919 -0.00232147 -0.00230309 -0.00227513 -0.00228416 -0.00225981 -0.00224643 -0.00225048 -0.00223111 -0.00222468 -0.00221281 -0.00220676 -0.00219819 -0.00218499 -0.00218853 -0.00216875 -0.00216581 -0.00217035 -0.00214921 -0.00216162 -0.00215688 -0.00213943 -0.00215392 -0.00213484 -0.00212903 -0.00214238 -0.00212297 -0.00213534 
