0 0 0 0 0 0 0 0 0 0 0 0 0 0 0 0 0 0 0 0 0 0 0 0 0 0 0 0 0 0 0 0 0 0 0 0 0 0 0 0 0 0 0 0 0 0 0 0 0 0 0 0 0 0 0 0 0 0 0 0 0 0 0 0 0 0 0 0 0 0 0 0 0 0 0 0 0 0 0 0 0 0 0 0 0 0 0 0 0 0 0 0 0 0 0 0 0 0 0 0 0 0 0 0 0 0 0 0 0 0 0 0 0 0 0 0 0 0 0 0 0 0 0 0 0 0 0 0 0 0 0 0 0 0 0 0 0 0 0 0 0 0 0 0 0 0 0 0 0 0 0 0 0 0 0 0 0 0 0 0 0 0 0 0 0 0 0 0 0 0 0 0 0 0 0 0 0 0 0 0 0 0 0 0 0 0 0 0 0 0 0 0 0 0 0 0 0 0 0 0 
0 1.72861e-06 -1.29096e-06 6.424e-06 9.29004e-08 1.82851e-06 3.31367e-06 -4.82155e-06 3.70856e-06 -1.25946e-06 9.6935e-07 1.02469e-05 4.61407e-06 1.76178e-05 2.26274e-05 2.89192e-05 5.5429e-05 7.48982e-05 0.000117353 0.000178002 0.0002474 0.000353958 0.000482744 0.000643097 0.000850227 0.00109314 0.0013829 0.00171446 0.00208117 0.00246585 0.00285181 0.00321803 0.00351402 0.00373158 0.00382554 0.00376437 0.00355547 0.0031782 0.00264059 0.00197335 0.00121353 0.000379802 -0.000433772 -0.00118524 -0.00184577 -0.00234213 -0.00268744 -0.00287525 -0.00291531 -0.00280949 -0.00261225 -0.00234605 -0.0020469 -0.00175212 -0.00147302 -0.00123488 -0.00100174 -0.00081919 -0.000684511 -0.000585815 -0.000481037 -0.00040409 -0.000348316 -0.000303142 -0.000269345 -0.000222877 -0.000187871 -0.000159847 -0.000147235 -0.000108851 -8.93521e-05 -6.35956e-05 -5.10696e-05 -2.93535e-05 -1.39148e-05 1.3783e-05 2.27754e-05 3.18367e-05 5.39062e-05 7.35799e-05 7.98651e-05 8.72513e-05 0.000110937 0.00011892 0.000129764 0.000135973 0.00015457 0.000157961 0.000173693 0.000174061 0.000189399 0.000193723 0.000208148 0.000202936 0.00021978 0.000223519 0.000232508 0.000226508 0.000245709 0.000244708 0.000249728 0.00024673 0.00026493 0.00025787 0.000263309 0.000262737 0.000276239 0.000266451 0.000274677 0.000272527 0.000281602 0.000274383 0.000282237 0.000276263 0.000285879 0.00028267 0.000283944 0.000279082 0.000292462 0.000289052 0.000283381 0.000287754 0.000299162 0.000295273 0.000290489 0.000302374 0.000305383 0.000312288 0.000311151 0.000320915 0.000324305 0.000348343 0.000347526 0.000359473 0.000375016 0.00040655 0.0004256 0.000457369 0.000489088 0.000542231 0.000629388 0.000716228 0.000819908 0.000964231 0.00117438 0.00139962 0.00165637 0.00192183 0.00221251 0.00248406 0.00269775 0.00282989 0.00283213 0.00268376 0.00238343 0.00194686 0.00133691 0.000621521 -0.000168412 -0.000993586 -0.00176893 -0.00245307 -0.00301677 -0.00343612 -0.00368569 -0.00379184 -0.003743 -0.00356147 -0.00328865 -0.00294336 -0.00256891 -0.00218811 -0.00183036 -0.00149777 -0.00120447 -0.000959661 -0.000743026 -0.000575733 -0.000443207 -0.000330915 -0.000258758 -0.000197099 -0.000149544 -0.000126249 -9.77106e-05 -8.57661e-05 -8.13474e-05 -7.04817e-05 -7.51673e-05 -7.26332e-05 -7.02618e-05 -7.42027e-05 -6.85502e-05 -6.89774e-05 -6.83203e-05 -6.52274e-05 -6.74343e-05 -6.72661e-05 -6.74499e-05 -6.84278e-05 
0 -1.29096e-06 -1.63611e-06 -1.25976e-06 -3.86666e-06 3.30687e-06 9.93415e-07 6.65054e-06 9.60205e-06 3.63642e-06 1.48766e-05 4.60184e-06 1.52563e-05 2.71106e-05 3.03066e-05 7.48086e-05 9.74239e-05 0.000158789 0.000246668 0.000340221 0.00051086 0.000704564 0.000966845 0.00130654 0.00170716 0.00219542 0.00276969 0.0034254 0.00413895 0.00492877 0.00569213 0.00641615 0.00703963 0.00743699 0.00762977 0.00751482 0.00708744 0.006345 0.00528989 0.00396034 0.00241529 0.000784469 -0.000857211 -0.00235635 -0.0036423 -0.00464184 -0.00535106 -0.00573831 -0.00579379 -0.00561269 -0.00519963 -0.00466169 -0.00408688 -0.00352266 -0.00294191 -0.00242297 -0.0019956 -0.00164209 -0.0013677 -0.00112895 -0.000943709 -0.000794146 -0.000684041 -0.000580136 -0.000511561 -0.000429914 -0.000353274 -0.000304107 -0.00026294 -0.000204705 -0.000149554 -0.000112843 -7.06903e-05 -4.15956e-05 4.02945e-06 4.65593e-05 7.67542e-05 9.01345e-05 0.000139046 0.000174912 0.000191903 0.000209883 0.000252767 0.000275481 0.000292552 0.000314275 0.000341689 0.000361083 0.00038107 0.000396027 0.000413643 0.000436776 0.00045121 0.000457865 0.000475765 0.000498364 0.000501605 0.000507056 0.000527769 0.000541815 0.000537206 0.000547426 0.000565716 0.000568501 0.000564131 0.000577741 0.000587737 0.000584521 0.000585194 0.000594617 0.000597703 0.000596668 0.000598295 0.000598309 0.000604771 0.000606754 0.000600866 0.000597826 0.000615861 0.000611505 0.000600139 0.000605833 0.000628448 0.00061567 0.000614125 0.000625299 0.000642513 0.000641694 0.00065352 0.000657664 0.000681717 0.00070985 0.000722409 0.000736131 0.000782619 0.000834604 0.000869164 0.000933885 0.00101308 0.00112849 0.00126456 0.00144833 0.00167762 0.00199303 0.00235631 0.00280392 0.00333896 0.00388696 0.0044355 0.00496207 0.00539971 0.00562927 0.00564609 0.00535752 0.00475682 0.00384376 0.0026491 0.00122938 -0.00035892 -0.00196786 -0.00351859 -0.00489187 -0.00602408 -0.00683744 -0.0073545 -0.00755473 -0.00743779 -0.00711572 -0.0065596 -0.00588353 -0.00514795 -0.00438104 -0.00365661 -0.00299638 -0.00241436 -0.00190615 -0.00150543 -0.0011515 -0.000879772 -0.000677271 -0.000494826 -0.000394271 -0.000300788 -0.000242052 -0.000214868 -0.000176824 -0.000170717 -0.00015226 -0.000144825 -0.000140839 -0.00013258 -0.000138273 -0.000131501 -0.000139887 -0.000138464 -0.000137577 -0.000144146 -0.000134198 -0.000141144 -0.00013546 
0 6.424e-06 -1.25976e-06 1.04677e-05 1.3557e-06 4.0034e-06 6.53325e-06 -5.46828e-06 8.32308e-06 1.46539e-06 7.71432e-06 2.36356e-05 2.064e-05 4.8163e-05 6.60683e-05 9.67331e-05 0.000163003 0.000235466 0.000361829 0.000535542 0.000758953 0.00107057 0.00146091 0.00195164 0.00256544 0.00329723 0.0041614 0.00514785 0.00623605 0.00738361 0.00852973 0.00960699 0.0104951 0.0111244 0.0113965 0.0112215 0.0105922 0.00947602 0.00789044 0.00591527 0.00365258 0.0012049 -0.00121049 -0.00344438 -0.00538656 -0.00688103 -0.00792293 -0.00849693 -0.00862202 -0.00833793 -0.00775974 -0.00698012 -0.00610803 -0.00523511 -0.00439964 -0.00366144 -0.00298268 -0.00243367 -0.00201525 -0.00168929 -0.00138605 -0.00115063 -0.000973264 -0.000829732 -0.000715212 -0.000583054 -0.000472474 -0.000387221 -0.00032828 -0.000228575 -0.000156634 -8.36932e-05 -3.23368e-05 2.89454e-05 8.6321e-05 0.000159965 0.000198662 0.000233782 0.000297128 0.000354139 0.00038259 0.000413733 0.000474318 0.000507978 0.000540839 0.000568628 0.000614937 0.000638472 0.000677003 0.000691878 0.00072865 0.000752115 0.000784842 0.000786991 0.000824226 0.00084418 0.00086349 0.000862226 0.000901908 0.000910028 0.000919166 0.000922037 0.000957705 0.000951455 0.000959406 0.000965443 0.000990011 0.000976099 0.000988011 0.000989463 0.00100388 0.000992858 0.00100331 0.000995714 0.00101053 0.0010054 0.00100335 0.000996012 0.00101906 0.00101187 0.000997778 0.00100631 0.00102871 0.00101928 0.00100958 0.00103152 0.00104289 0.00105436 0.00105622 0.00107543 0.00109361 0.00114292 0.00115261 0.00118222 0.00123235 0.00131175 0.00137343 0.00146268 0.00156879 0.00173195 0.00197076 0.00223716 0.00256425 0.00301001 0.00360785 0.00428208 0.00504513 0.00584528 0.00668469 0.00746872 0.00808812 0.00844696 0.00843488 0.00798241 0.00707769 0.00574118 0.00393881 0.00180963 -0.000539156 -0.00296672 -0.00526618 -0.00730077 -0.00897605 -0.0102138 -0.0109699 -0.0112787 -0.0111364 -0.0106153 -0.00980719 -0.00879371 -0.00768574 -0.00655757 -0.00548548 -0.00449706 -0.00362324 -0.00288068 -0.00224602 -0.00173671 -0.00133375 -0.0010072 -0.000774507 -0.000594304 -0.00045644 -0.000375634 -0.000302617 -0.000262935 -0.000244271 -0.000219217 -0.000222254 -0.000215312 -0.00021046 -0.000216008 -0.000205778 -0.00020759 -0.000204927 -0.000200703 -0.000203758 -0.000200919 -0.000204712 -0.00020493 
0 9.29004e-08 -3.86666e-06 1.3557e-06 3.33391e-07 4.28436e-06 5.99321e-06 7.2562e-06 1.28663e-05 1.03252e-05 1.83768e-05 2.12786e-05 3.21314e-05 5.61155e-05 8.20204e-05 0.000140604 0.000214143 0.000327652 0.000495958 0.000716139 0.00103138 0.0014386 0.00196459 0.00263102 0.00344322 0.00441834 0.0055632 0.0068666 0.00829872 0.00982668 0.0113413 0.0127573 0.0139448 0.0147546 0.0151059 0.0148801 0.0140409 0.0125716 0.0104935 0.00788879 0.0048871 0.00168218 -0.00151135 -0.00446288 -0.00700633 -0.00899969 -0.0104021 -0.0111819 -0.0113513 -0.0110084 -0.0102492 -0.00922887 -0.00809756 -0.00695512 -0.00583457 -0.00481806 -0.00393738 -0.0032115 -0.00263658 -0.00216297 -0.00176986 -0.00145452 -0.00120991 -0.00100493 -0.000839857 -0.000671122 -0.000519324 -0.000402911 -0.000303578 -0.000185106 -7.57516e-05 1.69004e-05 0.000100669 0.000178495 0.000267195 0.000355783 0.000421147 0.000474926 0.000558982 0.00063275 0.000681816 0.000731686 0.000804722 0.000858597 0.000904041 0.000950253 0.00100442 0.00104842 0.00109241 0.00112611 0.00116691 0.00120836 0.00124243 0.00126297 0.00129991 0.00133522 0.00135376 0.00136862 0.00140406 0.00142588 0.00143224 0.00144775 0.00147665 0.0014828 0.00148514 0.00150058 0.00151741 0.00151365 0.00151706 0.00152592 0.00153232 0.00152752 0.00152863 0.00152701 0.00153324 0.00152982 0.00152118 0.00151644 0.00153125 0.00152273 0.0015068 0.00151172 0.00153077 0.00151787 0.0015102 0.00152419 0.00154172 0.0015462 0.00155466 0.001569 0.00160105 0.00164391 0.00166785 0.00170238 0.00177339 0.00186369 0.0019468 0.00206451 0.00221992 0.00244066 0.00272918 0.00309344 0.00355416 0.00416235 0.00491504 0.00580775 0.00682652 0.0078957 0.0089744 0.00998039 0.01078 0.0112126 0.0111796 0.01057 0.00935403 0.00754054 0.00516605 0.00235112 -0.000754956 -0.00393201 -0.00696827 -0.00966365 -0.0118794 -0.0135064 -0.0145202 -0.0149202 -0.0147325 -0.0140712 -0.0130074 -0.0116843 -0.0102289 -0.00873574 -0.00730836 -0.00599919 -0.00484008 -0.00384299 -0.0030149 -0.00232673 -0.00178234 -0.00135728 -0.00102497 -0.000792524 -0.000614216 -0.000496825 -0.000418804 -0.000360363 -0.000331914 -0.000304243 -0.000292201 -0.000282996 -0.000274974 -0.000276549 -0.000271335 -0.000275445 -0.000274405 -0.00027485 -0.000278462 -0.000273107 -0.000276953 -0.000272264 
0 1.82851e-06 3.30687e-06 4.0034e-06 4.28436e-06 4.07849e-06 4.64341e-06 8.80122e-06 9.43227e-06 1.36936e-05 2.2389e-05 2.80684e-05 4.82645e-05 7.31495e-05 0.000111877 0.000182639 0.000274623 0.000422293 0.000631442 0.000913854 0.00131046 0.00182135 0.00248192 0.00331518 0.00433056 0.0055515 0.00697961 0.00860258 0.0103824 0.012266 0.0141367 0.0158724 0.0173282 0.0183246 0.0187459 0.018469 0.017427 0.0156099 0.0130492 0.00984473 0.00615553 0.0022244 -0.0017015 -0.00534572 -0.00848533 -0.0109708 -0.0127185 -0.0137037 -0.0139465 -0.0135579 -0.0126558 -0.0114235 -0.010035 -0.00861403 -0.00723392 -0.0059629 -0.00486161 -0.00393891 -0.00319834 -0.0025881 -0.00208986 -0.00168026 -0.00135595 -0.00109076 -0.000864008 -0.000651135 -0.000455612 -0.00029935 -0.000154858 -1.09757e-05 0.000134874 0.000256753 0.000372076 0.0004769 0.000594261 0.000702271 0.000794974 0.000877623 0.000977836 0.0010707 0.00114428 0.00121767 0.00130061 0.00137667 0.00143865 0.00150384 0.00156766 0.00163166 0.00168429 0.0017367 0.00178546 0.00184097 0.00188068 0.00191969 0.00195918 0.0020043 0.0020286 0.0020582 0.00209028 0.00212119 0.00213229 0.00215627 0.00217868 0.0021946 0.00219747 0.00221601 0.00222639 0.00223103 0.00222925 0.00223962 0.00223991 0.00223873 0.00223179 0.0022329 0.00223014 0.0022253 0.00221142 0.00220804 0.00220914 0.00219901 0.00218214 0.00218177 0.00218844 0.00217625 0.00216715 0.00217199 0.00218664 0.0021878 0.00219516 0.00220676 0.00224267 0.00227751 0.00231149 0.00235149 0.00243144 0.00252922 0.00263877 0.00277777 0.0029732 0.00324779 0.00360337 0.00406036 0.00464207 0.00540131 0.00633405 0.00744479 0.00868811 0.0100047 0.0113186 0.0125301 0.0134766 0.0139702 0.0138816 0.0130925 0.0115621 0.00928813 0.00634574 0.00285618 -0.00097889 -0.00489351 -0.00863565 -0.0119616 -0.0146951 -0.0167116 -0.0179758 -0.0184748 -0.0182614 -0.0174501 -0.0161475 -0.014524 -0.0127285 -0.0108914 -0.00912459 -0.00750217 -0.00606199 -0.00481803 -0.00378309 -0.00292512 -0.00224197 -0.00171205 -0.00129755 -0.00100052 -0.000780268 -0.0006245 -0.000524303 -0.000451282 -0.000408584 -0.000381357 -0.000363573 -0.000354934 -0.000349417 -0.000346501 -0.00034449 -0.000345055 -0.000341961 -0.000341937 -0.000342252 -0.000339099 -0.000342781 -0.000341562 
0 3.31367e-06 9.93415e-07 6.53325e-06 5.99321e-06 4.64341e-06 1.2728e-05 5.95069e-06 1.19138e-05 1.97949e-05 1.90537e-05 4.53854e-05 5.75826e-05 9.20519e-05 0.000153249 0.000216659 0.000352482 0.000522872 0.000771048 0.00113689 0.00159547 0.00222636 0.00302358 0.00401589 0.00524308 0.00670614 0.00841286 0.010347 0.0124781 0.0146884 0.0169083 0.0189544 0.0206397 0.0218324 0.0223075 0.0219758 0.0207454 0.0185957 0.0155703 0.0117956 0.00747736 0.00284099 -0.00176166 -0.00606106 -0.00978614 -0.0127516 -0.0148365 -0.0160296 -0.0163818 -0.0159484 -0.0149415 -0.0135282 -0.0118962 -0.0101919 -0.00856606 -0.00706219 -0.00571842 -0.00459045 -0.00366824 -0.00293089 -0.00230303 -0.00179317 -0.00137688 -0.00105035 -0.000750776 -0.000485267 -0.000247566 -3.89175e-05 0.000149365 0.000333136 0.000507646 0.000674458 0.000815253 0.000964266 0.00110267 0.0012415 0.00135913 0.00148368 0.00159622 0.0017139 0.00181549 0.00191746 0.00201256 0.00211121 0.002197 0.00227977 0.0023611 0.00244029 0.00251101 0.00257746 0.00264462 0.00270515 0.00276193 0.00281291 0.00286514 0.00290897 0.00295203 0.00298782 0.00302542 0.00305435 0.00308353 0.00310503 0.003129 0.00314452 0.00315993 0.00316888 0.00318068 0.00318427 0.00318658 0.00318591 0.00318718 0.00318045 0.00317162 0.00316532 0.00315728 0.00314327 0.00312715 0.00311869 0.00310343 0.00308844 0.00306916 0.00306117 0.0030456 0.00303766 0.00301891 0.00301726 0.00301386 0.00301959 0.0030122 0.00302869 0.00305101 0.0030838 0.00311696 0.00316938 0.00324367 0.00334813 0.00348597 0.00364554 0.00387651 0.00419558 0.00463711 0.00518057 0.00588304 0.00677614 0.00791114 0.00922564 0.0106686 0.01221 0.0137489 0.015134 0.016176 0.0167185 0.0165357 0.0155465 0.0136888 0.0109715 0.00745715 0.00331425 -0.00120193 -0.00583681 -0.0102424 -0.0141689 -0.017396 -0.0198038 -0.0212995 -0.0219036 -0.0216894 -0.0207194 -0.0192146 -0.017308 -0.0151858 -0.0130271 -0.0109345 -0.00900322 -0.00728415 -0.00580937 -0.00454882 -0.00353529 -0.0027146 -0.00206091 -0.00158765 -0.00120623 -0.000946061 -0.000762733 -0.000622265 -0.000549343 -0.000487662 -0.000456695 -0.000440597 -0.000424907 -0.000422999 -0.000415115 -0.00041413 -0.000410877 -0.000409786 -0.000410286 -0.000407584 -0.000411504 -0.0004082 -0.000410715 
0 -4.82155e-06 6.65054e-06 -5.46828e-06 7.2562e-06 8.80122e-06 5.95069e-06 2.31528e-05 1.46288e-05 2.98196e-05 3.86567e-05 4.18015e-05 8.08943e-05 0.000108318 0.000176684 0.000282844 0.00041839 0.000643779 0.000940913 0.00135291 0.00191877 0.00264583 0.0035856 0.00475986 0.00618875 0.00789248 0.00987439 0.012113 0.0145514 0.0171139 0.0196498 0.0219784 0.0239249 0.0252501 0.0257837 0.0254016 0.0239815 0.0215203 0.0180829 0.0137786 0.00883313 0.00358387 -0.00167863 -0.00659427 -0.0108455 -0.0142729 -0.0167196 -0.0181442 -0.018582 -0.0181691 -0.0170576 -0.0154759 -0.0136375 -0.0117082 -0.00981182 -0.00802344 -0.00647786 -0.00515579 -0.00404215 -0.00311106 -0.00237308 -0.00175729 -0.00124962 -0.000827066 -0.000452186 -0.00013666 0.000154555 0.000415453 0.000668581 0.000879283 0.00110557 0.00130126 0.00149588 0.00167342 0.0018565 0.00201184 0.00217683 0.0023338 0.00247459 0.00261207 0.00275194 0.00288363 0.00299594 0.00312177 0.00323037 0.00334137 0.00343524 0.00354144 0.00362141 0.00371836 0.00379183 0.00387365 0.00393383 0.00401575 0.0040644 0.00412528 0.00417069 0.0042321 0.00425665 0.00430234 0.00433177 0.00436941 0.00437532 0.00440856 0.00441825 0.00443436 0.00442806 0.00444699 0.00443588 0.00443755 0.00442213 0.00442279 0.00439711 0.00439121 0.00436496 0.00434822 0.00432024 0.00430647 0.0042698 0.0042461 0.00422394 0.00419779 0.00416451 0.00414486 0.00412747 0.0040982 0.0040896 0.00407519 0.00407109 0.00406672 0.00409187 0.0040977 0.00414078 0.00419061 0.00427267 0.00437016 0.00452128 0.00471059 0.00498924 0.00536361 0.00583876 0.00648908 0.00733732 0.00839269 0.00964963 0.0111576 0.0128251 0.0145807 0.0162808 0.0177927 0.0189193 0.0194296 0.0191529 0.0179535 0.0157527 0.0125504 0.00850501 0.00374628 -0.00144277 -0.00670995 -0.0117583 -0.0162664 -0.0199718 -0.0227302 -0.0244763 -0.0251786 -0.0249423 -0.0238904 -0.0221764 -0.0200222 -0.0176133 -0.0151306 -0.0127231 -0.0104971 -0.00851066 -0.00678704 -0.00534401 -0.00414796 -0.0031824 -0.00243709 -0.00184909 -0.00142103 -0.00111681 -0.000885899 -0.000748846 -0.000645035 -0.000574579 -0.000543331 -0.000504734 -0.000494192 -0.00048641 -0.000475621 -0.000482423 -0.000477019 -0.000480066 -0.00048253 -0.000479065 -0.000482996 -0.000478193 -0.000478715 
0 3.70856e-06 9.60205e-06 8.32308e-06 1.28663e-05 9.43227e-06 1.19138e-05 1.46288e-05 1.71948e-05 3.21521e-05 3.82824e-05 6.79151e-05 0.000100028 0.000145299 0.000233485 0.000336226 0.000516907 0.000767412 0.00111274 0.00161235 0.00225174 0.00310299 0.00418466 0.0055222 0.00716235 0.0091118 0.0113689 0.0139109 0.0166811 0.0195407 0.022381 0.024976 0.0271109 0.028597 0.029177 0.0287366 0.0271471 0.0243946 0.0205477 0.0157594 0.010294 0.00445243 -0.00138041 -0.00685913 -0.0116431 -0.0155154 -0.0182862 -0.0199327 -0.0205178 -0.0201198 -0.0189708 -0.017271 -0.015231 -0.0130444 -0.0109198 -0.00891896 -0.00712172 -0.00556415 -0.00424391 -0.00316651 -0.00227123 -0.00152658 -0.000902724 -0.000394197 6.97051e-05 0.000457483 0.000807263 0.00113566 0.00144403 0.0017131 0.00197652 0.002228 0.00246058 0.00269497 0.00290571 0.00310312 0.0033022 0.00350852 0.00367158 0.00384193 0.00401539 0.00418245 0.00431764 0.00446908 0.00460736 0.00474215 0.00486157 0.00498361 0.00508884 0.00520319 0.00530068 0.00538803 0.00547174 0.00556577 0.00563192 0.00569149 0.00575986 0.00582574 0.00586005 0.00590188 0.00595156 0.0059842 0.00599442 0.00602314 0.00604664 0.00604958 0.00604487 0.00605746 0.00605134 0.006036 0.00601941 0.00600975 0.00598134 0.00595899 0.00592487 0.00589469 0.00585963 0.00583082 0.00577557 0.0057407 0.00570779 0.00566638 0.00560556 0.00558094 0.00554607 0.00550357 0.00546481 0.00544723 0.00542125 0.00541131 0.00540818 0.00540741 0.00543846 0.0054901 0.00555515 0.00565324 0.0058241 0.00603074 0.00633513 0.00675275 0.00732105 0.00805456 0.00901154 0.0101991 0.0116547 0.0133368 0.0151618 0.0170877 0.0189534 0.0205646 0.0217049 0.0221828 0.0217441 0.0202922 0.0177459 0.0141106 0.00951763 0.0041625 -0.0016364 -0.00754602 -0.0131759 -0.0182111 -0.0223661 -0.0254859 -0.0274579 -0.0282839 -0.0280676 -0.0268967 -0.025023 -0.0226324 -0.0199452 -0.0171848 -0.0144867 -0.0119765 -0.00972832 -0.00777882 -0.0061172 -0.00476608 -0.00366672 -0.00280059 -0.00215205 -0.00164126 -0.00128789 -0.00102712 -0.000842215 -0.000733584 -0.000647858 -0.000608773 -0.000581041 -0.000564174 -0.000560861 -0.000550927 -0.000552421 -0.000545859 -0.000545113 -0.000544501 -0.000540078 -0.000546225 -0.000542827 -0.000548081 
0 -1.25946e-06 3.63642e-06 1.46539e-06 1.03252e-05 1.36936e-05 1.97949e-05 2.98196e-05 3.21521e-05 4.63204e-05 5.74522e-05 8.3333e-05 0.000122787 0.000178423 0.000279778 0.000413898 0.000623817 0.000920043 0.00132388 0.00189084 0.00262777 0.00359604 0.00482591 0.00634525 0.00819682 0.0103853 0.0129104 0.0157404 0.0188054 0.0219721 0.0250928 0.0279374 0.0302721 0.0318746 0.0324942 0.0319944 0.0302463 0.0272319 0.0230346 0.0178116 0.0118511 0.00549338 -0.000868843 -0.00685541 -0.0121104 -0.0163924 -0.0195073 -0.0213984 -0.0221236 -0.0217845 -0.0206066 -0.018806 -0.0166079 -0.0142239 -0.0118509 -0.00959764 -0.0075688 -0.00579581 -0.00425937 -0.00297959 -0.00192425 -0.00104898 -0.000308112 0.000318846 0.000875678 0.00134145 0.00175733 0.00215841 0.00253264 0.00286203 0.00317532 0.00347863 0.0037668 0.00405221 0.00430683 0.00454479 0.00479216 0.00504113 0.00524383 0.00544713 0.00566162 0.00586372 0.00603385 0.00621193 0.00638382 0.00654716 0.00669586 0.00683827 0.00697016 0.00710743 0.00722725 0.00732873 0.00743326 0.0075443 0.00762491 0.00769314 0.00777717 0.00785303 0.00789412 0.00794016 0.00800004 0.00803474 0.00804537 0.00807421 0.00810169 0.0080989 0.00808975 0.00809787 0.00808927 0.00806147 0.00803641 0.00801696 0.00798044 0.00794021 0.0078935 0.00784828 0.00780104 0.00774994 0.00767764 0.00762366 0.00757607 0.00750936 0.00742702 0.00738115 0.00733056 0.0072624 0.00719861 0.00716004 0.00711862 0.00708778 0.00706021 0.00704148 0.00705974 0.0071058 0.00715967 0.00725193 0.00742575 0.00766438 0.00800578 0.00846722 0.00909226 0.0099284 0.0110205 0.0123471 0.0139359 0.0157708 0.0177716 0.019842 0.0218055 0.023455 0.0245722 0.0249454 0.0243338 0.0226132 0.0196926 0.0155996 0.010489 0.00458306 -0.00178961 -0.00826075 -0.0144395 -0.0199774 -0.0245594 -0.0280094 -0.0302079 -0.0311549 -0.030956 -0.0297318 -0.0277201 -0.0251357 -0.0222138 -0.0191816 -0.0162087 -0.013429 -0.0109303 -0.00875571 -0.00690259 -0.0053816 -0.00414315 -0.00316674 -0.00242333 -0.00185219 -0.00144971 -0.0011567 -0.000955597 -0.000827421 -0.000734182 -0.000684232 -0.000647202 -0.000627501 -0.00061782 -0.000608681 -0.000611862 -0.000608335 -0.00061283 -0.000615379 -0.00061341 -0.000618611 -0.000613368 -0.000615043 
0 9.6935e-07 1.48766e-05 7.71432e-06 1.83768e-05 2.2389e-05 1.90537e-05 3.86567e-05 3.82824e-05 5.74522e-05 8.6866e-05 0.00010596 0.000167947 0.000235772 0.000344143 0.000520711 0.000747342 0.00109651 0.00156802 0.00219995 0.0030532 0.00413837 0.00551979 0.00722598 0.00928845 0.01172 0.0145169 0.0176388 0.0209822 0.0244467 0.0278147 0.0308743 0.0333928 0.035084 0.0357459 0.0351884 0.0332955 0.0300415 0.0255313 0.0199354 0.0135432 0.00675667 -6.97002e-05 -0.00650663 -0.0121946 -0.0168555 -0.0202992 -0.0224398 -0.0233145 -0.0230826 -0.0219129 -0.0200497 -0.017715 -0.0151583 -0.012556 -0.0100639 -0.00780287 -0.00579043 -0.00403189 -0.00253248 -0.00130677 -0.000273041 0.000599539 0.00136319 0.00201893 0.00257962 0.003078 0.00355651 0.00400593 0.00440232 0.00477892 0.00513422 0.00549061 0.00582365 0.00613488 0.00641538 0.00671873 0.00700486 0.00725993 0.00749765 0.00775541 0.00799195 0.008205 0.00841065 0.00861722 0.00881193 0.0089912 0.00915777 0.00931676 0.00947929 0.00961946 0.00974261 0.00986526 0.00999474 0.0100883 0.0101738 0.0102666 0.010355 0.0104027 0.0104592 0.01052 0.0105619 0.0105724 0.0106039 0.0106268 0.010625 0.0106087 0.0106123 0.0105955 0.0105606 0.0105224 0.0104929 0.0104448 0.0103875 0.0103251 0.0102646 0.0102014 0.0101245 0.0100373 0.00996004 0.00989337 0.00979648 0.00969853 0.0096203 0.00955276 0.00945236 0.00936741 0.00929492 0.00924005 0.00917583 0.00912466 0.00908095 0.00908343 0.00910959 0.0091513 0.00923762 0.00940651 0.00967221 0.0100416 0.0105548 0.0112354 0.0121747 0.0133803 0.0148486 0.0165618 0.0185345 0.0206769 0.0228471 0.024866 0.0265123 0.0275683 0.0277748 0.0269535 0.0249297 0.0216291 0.0170881 0.011486 0.0050603 -0.00185653 -0.00883726 -0.0155249 -0.0215178 -0.0265005 -0.0302626 -0.0326959 -0.0337805 -0.0336096 -0.0323671 -0.030231 -0.0274834 -0.024361 -0.021084 -0.0178665 -0.014838 -0.0121029 -0.0097035 -0.00767235 -0.00597878 -0.00460807 -0.00353658 -0.00268944 -0.00207004 -0.00160988 -0.00127312 -0.00105881 -0.000896864 -0.00080179 -0.000745589 -0.000701125 -0.000690878 -0.000677663 -0.000672817 -0.000677014 -0.000671434 -0.000675555 -0.000675993 -0.000675177 -0.000680007 -0.000679062 -0.000682604 
0 1.02469e-05 4.60184e-06 2.36356e-05 2.12786e-05 2.80684e-05 4.53854e-05 4.18015e-05 6.79151e-05 8.3333e-05 0.00010596 0.000160453 0.000209611 0.000310427 0.000446135 0.000631751 0.000923529 0.00130773 0.00184852 0.00257924 0.00352637 0.00475325 0.0062926 0.00818519 0.0104606 0.0131445 0.0162037 0.0195985 0.0232428 0.0269513 0.0305647 0.0338323 0.0364761 0.0382723 0.0389593 0.0383423 0.0363217 0.0328748 0.0280755 0.0221601 0.0154393 0.00825457 0.00105771 -0.00576118 -0.0118433 -0.0168612 -0.0205989 -0.0229821 -0.0240584 -0.0239266 -0.0228128 -0.0209296 -0.0184989 -0.0157561 -0.0129559 -0.0102693 -0.00775166 -0.00547862 -0.00348114 -0.00178848 -0.00034915 0.000856562 0.00189019 0.00278094 0.00355456 0.00422516 0.00481811 0.00538176 0.00590259 0.00638834 0.00682089 0.00725134 0.00766177 0.00806454 0.00842021 0.0087701 0.00911353 0.00945356 0.00975468 0.0100448 0.0103364 0.010617 0.0108733 0.0111128 0.0113553 0.0115818 0.0117971 0.0119864 0.0121818 0.0123608 0.0125319 0.0126713 0.012824 0.0129572 0.0130795 0.0131732 0.0132861 0.0133708 0.0134441 0.013498 0.0135699 0.0136045 0.0136339 0.0136516 0.0136797 0.0136675 0.0136592 0.0136413 0.013626 0.0135748 0.0135327 0.0134799 0.0134268 0.0133456 0.0132705 0.0131886 0.0131076 0.0130031 0.012898 0.0127991 0.0126994 0.0125802 0.0124554 0.0123526 0.012245 0.0121287 0.0120023 0.011909 0.0118163 0.0117325 0.0116361 0.0115815 0.0115526 0.0115591 0.0115779 0.0116624 0.0118361 0.0121153 0.0125109 0.0130647 0.013845 0.0148655 0.0161674 0.017753 0.0196271 0.0217028 0.0239244 0.0261595 0.0281994 0.0297898 0.0307024 0.0307302 0.0296304 0.0272685 0.0235827 0.0186196 0.0125265 0.00561411 -0.00176794 -0.00924965 -0.0163756 -0.0227762 -0.0281366 -0.0322052 -0.0348536 -0.0360934 -0.0359968 -0.0347223 -0.0325342 -0.0296532 -0.0263503 -0.0228862 -0.0194376 -0.0161811 -0.0132236 -0.0106223 -0.00839712 -0.00655416 -0.00505811 -0.00386291 -0.00295562 -0.0022552 -0.001743 -0.00138916 -0.00112389 -0.000965762 -0.000859035 -0.000787393 -0.000762017 -0.000733715 -0.000728577 -0.000728945 -0.000722573 -0.00073249 -0.00073094 -0.000734531 -0.000741433 -0.000739396 -0.00074728 -0.000747908 
0 4.61407e-06 1.52563e-05 2.064e-05 3.21314e-05 4.82645e-05 5.75826e-05 8.08943e-05 0.000100028 0.000122787 0.000167947 0.000209611 0.000292168 0.000405263 0.000556487 0.000805691 0.00112406 0.001581 0.0022061 0.0030114 0.00409044 0.00545043 0.00715484 0.00925175 0.0117537 0.0146771 0.0180044 0.0216728 0.0255593 0.0295415 0.0333642 0.0368069 0.0396055 0.0414547 0.0421597 0.0414903 0.0393607 0.035736 0.0307328 0.0245684 0.0175378 0.0100717 0.00255019 -0.00459173 -0.0109882 -0.0162993 -0.0203467 -0.0229937 -0.0242447 -0.0242783 -0.0232294 -0.0213431 -0.0188504 -0.0160174 -0.0130191 -0.0100845 -0.00733588 -0.00483433 -0.00260374 -0.000641845 0.00100282 0.00239415 0.00358315 0.00464373 0.00553775 0.00632822 0.00702428 0.00767817 0.00828699 0.00885122 0.00936409 0.00985566 0.0103452 0.0107952 0.0112247 0.0116266 0.0120327 0.012407 0.0127766 0.0131076 0.0134467 0.0137619 0.0140711 0.0143428 0.0146247 0.0148835 0.0151323 0.0153531 0.015579 0.0157818 0.0159739 0.0161454 0.0163147 0.0164635 0.0166014 0.0167222 0.0168365 0.016933 0.0170179 0.0170878 0.0171498 0.017195 0.017229 0.0172489 0.0172623 0.0172579 0.0172438 0.0172166 0.0171865 0.0171346 0.0170768 0.017008 0.0169399 0.0168435 0.0167495 0.0166466 0.0165457 0.016412 0.0162928 0.0161624 0.0160365 0.0158817 0.015746 0.0155971 0.0154647 0.0153103 0.0151662 0.0150234 0.014911 0.0147848 0.0146647 0.014576 0.0145236 0.0145013 0.0145094 0.0145867 0.0147461 0.0150588 0.0154912 0.0160969 0.0169197 0.0180572 0.0194781 0.0211804 0.0231225 0.0252944 0.0276123 0.0298564 0.0318334 0.0333065 0.0340524 0.0338038 0.0324249 0.0297079 0.0256033 0.0201978 0.0136706 0.00631816 -0.00151199 -0.00938791 -0.0169372 -0.0237205 -0.0294189 -0.0337674 -0.0366453 -0.0380393 -0.038018 -0.0368041 -0.0345661 -0.031605 -0.028181 -0.0245263 -0.0208892 -0.0174284 -0.014266 -0.01147 -0.00908744 -0.00707849 -0.00545497 -0.00416862 -0.00315161 -0.00241282 -0.00185019 -0.00145558 -0.0011954 -0.00100152 -0.000896066 -0.000823778 -0.00078079 -0.000768865 -0.000756863 -0.000761649 -0.000768031 -0.00077409 -0.000785072 -0.000791435 -0.000798411 -0.000804266 -0.000807853 -0.000811399 
0 1.76178e-05 2.71106e-05 4.8163e-05 5.61155e-05 7.31495e-05 9.20519e-05 0.000108318 0.000145299 0.000178423 0.000235772 0.000310427 0.000405263 0.000552229 0.000740545 0.00102042 0.00139924 0.00191629 0.00262631 0.00354308 0.0047484 0.00626388 0.00814613 0.0104469 0.0131718 0.0163529 0.0199449 0.0238812 0.02804 0.0322438 0.0362652 0.0398617 0.0427547 0.0446677 0.0453867 0.0446746 0.042452 0.0386983 0.0335099 0.0271538 0.0199307 0.0122404 0.00449433 -0.00289686 -0.00956677 -0.0151593 -0.0194587 -0.0223448 -0.0238175 -0.0240209 -0.0230931 -0.0212615 -0.0187448 -0.015792 -0.0126476 -0.00953791 -0.0065525 -0.00377711 -0.0012943 0.000892523 0.00276842 0.00437506 0.0057591 0.00697107 0.00800436 0.0089264 0.00974504 0.0104919 0.0111885 0.0118403 0.0124327 0.0130002 0.0135542 0.0140657 0.0145566 0.0150274 0.0154789 0.0159019 0.0163241 0.01671 0.0170839 0.0174423 0.0177921 0.0181052 0.0184194 0.0187122 0.0189893 0.0192449 0.0194992 0.0197225 0.0199367 0.0201385 0.0203264 0.0204847 0.0206433 0.0207863 0.0209066 0.0210077 0.0211115 0.0211909 0.0212488 0.0212979 0.0213444 0.0213602 0.0213643 0.021363 0.0213503 0.0213088 0.0212675 0.021214 0.0211449 0.0210579 0.0209756 0.0208685 0.020755 0.0206336 0.0205093 0.020357 0.0202163 0.0200639 0.0199027 0.0197277 0.0195685 0.0193893 0.0192164 0.0190411 0.0188666 0.0186904 0.0185407 0.0183848 0.0182329 0.0181198 0.0180379 0.0179829 0.0179782 0.0180555 0.0182219 0.0185397 0.0190052 0.0196717 0.0205898 0.0218046 0.0233032 0.0251143 0.0271743 0.0294033 0.0317187 0.0339346 0.0358224 0.0371341 0.0376401 0.0370996 0.035361 0.0322542 0.0277556 0.0219412 0.0149909 0.007226 -0.000990054 -0.00925528 -0.0171518 -0.0242621 -0.0302785 -0.034903 -0.0380115 -0.0395878 -0.0396873 -0.0385185 -0.0362912 -0.033279 -0.0297571 -0.025984 -0.0221812 -0.0185436 -0.0151976 -0.0122214 -0.00967488 -0.00752907 -0.00579233 -0.00440742 -0.00332553 -0.00252003 -0.00191056 -0.00148768 -0.00119253 -0.00099629 -0.00088406 -0.000810794 -0.000785033 -0.00077298 -0.000774615 -0.000787819 -0.000793562 -0.000810028 -0.000819121 -0.000829661 -0.000843494 -0.000849732 -0.000863733 -0.000871113 
0 2.26274e-05 3.03066e-05 6.60683e-05 8.20204e-05 0.000111877 0.000153249 0.000176684 0.000233485 0.000279778 0.000344143 0.000446135 0.000556487 0.000740545 0.000978927 0.00130368 0.00176234 0.00235807 0.00316416 0.00420385 0.00553953 0.00722175 0.00929292 0.0118112 0.0147743 0.0182132 0.0220669 0.0262552 0.0306672 0.0350797 0.0392918 0.0430348 0.0460163 0.0479838 0.0486957 0.0479456 0.0456456 0.041801 0.0364975 0.0300126 0.0226587 0.0148089 0.00690667 -0.000666161 -0.00752788 -0.013345 -0.0178818 -0.021011 -0.02272 -0.0231065 -0.0223213 -0.0205643 -0.0180752 -0.0150668 -0.0118035 -0.00850502 -0.00529313 -0.00228192 0.000449384 0.00288181 0.00500755 0.00682713 0.00841076 0.00978325 0.0109716 0.0120262 0.0129685 0.0138134 0.0145995 0.015337 0.0160093 0.0166555 0.0172686 0.017843 0.0183924 0.0189322 0.0194257 0.0198997 0.0203676 0.0208095 0.0212168 0.0216176 0.0220018 0.0223586 0.0227028 0.0230271 0.0233295 0.0236205 0.0239002 0.0241426 0.0243776 0.024608 0.0248126 0.0249806 0.0251586 0.0253213 0.0254482 0.025554 0.0256752 0.0257629 0.025819 0.0258715 0.0259296 0.0259422 0.0259394 0.0259404 0.0259298 0.0258763 0.0258252 0.0257708 0.0256928 0.0255894 0.025493 0.0253793 0.0252479 0.0251088 0.0249624 0.024798 0.0246342 0.0244619 0.024268 0.0240784 0.0238928 0.0236888 0.0234759 0.0232838 0.0230797 0.0228754 0.0226861 0.0225076 0.0223286 0.0221918 0.0220826 0.0220065 0.0219966 0.0220735 0.0222559 0.0225944 0.0231126 0.0238362 0.0248447 0.0261514 0.0277531 0.0296457 0.0317769 0.0340429 0.0363425 0.0384819 0.0402068 0.0412932 0.0415018 0.0406304 0.0385032 0.0349916 0.0300756 0.0238525 0.0165178 0.00839098 -0.000152468 -0.00874917 -0.0169499 -0.0243637 -0.0306622 -0.0355437 -0.0388759 -0.0406376 -0.0408938 -0.0398178 -0.0376552 -0.034642 -0.031066 -0.027205 -0.0232674 -0.0194837 -0.0159793 -0.0128511 -0.0101538 -0.00787996 -0.00602903 -0.00454233 -0.0033982 -0.00252986 -0.0018898 -0.00145157 -0.001136 -0.000947937 -0.000831015 -0.000759678 -0.000744962 -0.000731519 -0.000746597 -0.000769451 -0.000784815 -0.00081846 -0.000836427 -0.000858919 -0.000882302 -0.000892327 -0.000912929 -0.000922454 
0 2.89192e-05 7.48086e-05 9.67331e-05 0.000140604 0.000182639 0.000216659 0.000282844 0.000336226 0.000413898 0.000520711 0.000631751 0.000805691 0.00102042 0.00130368 0.00170608 0.00222219 0.00292136 0.00383712 0.0050059 0.00650107 0.00836323 0.0106389 0.0133782 0.0166038 0.0202885 0.0244161 0.0288738 0.0335003 0.0381396 0.0425061 0.0463584 0.0494274 0.0514224 0.0521276 0.0513521 0.0490088 0.0450824 0.0397333 0.0331875 0.0257563 0.0178594 0.00986912 0.002184 -0.0048184 -0.010798 -0.0155565 -0.0189223 -0.0208551 -0.0214719 -0.020867 -0.0192316 -0.0167882 -0.0137939 -0.010448 -0.00698132 -0.00356788 -0.00033648 0.00263577 0.00533342 0.00769417 0.0097479 0.0115279 0.0130857 0.014424 0.0156197 0.0166827 0.0176335 0.0185076 0.0193191 0.0200769 0.0207876 0.0214641 0.0220828 0.0226981 0.0232819 0.0238279 0.0243326 0.0248491 0.0253262 0.0257755 0.0262 0.0266186 0.0270067 0.0273813 0.0277256 0.0280516 0.0283708 0.0286699 0.0289298 0.0291803 0.0294355 0.0296498 0.0298326 0.0300204 0.0302033 0.0303315 0.0304501 0.0305765 0.0306781 0.0307294 0.0307925 0.0308515 0.0308709 0.0308593 0.0308683 0.030854 0.0307999 0.0307379 0.0306873 0.0306019 0.0304904 0.0303825 0.0302667 0.0301255 0.0299704 0.0298127 0.0296389 0.0294645 0.0292683 0.0290634 0.0288554 0.0286605 0.0284268 0.0282 0.0279819 0.0277715 0.0275345 0.0273254 0.0271212 0.0269374 0.0267751 0.0266486 0.0265632 0.026559 0.0266501 0.0268472 0.0272271 0.0278022 0.0286126 0.029693 0.0311052 0.0328052 0.0347755 0.0369415 0.0392261 0.0414801 0.0434715 0.0449914 0.0458084 0.0456924 0.044419 0.0418895 0.0379616 0.0326282 0.0260241 0.0183497 0.00990291 0.00104926 -0.00779757 -0.0162748 -0.023953 -0.030491 -0.0356298 -0.039201 -0.0411673 -0.0415959 -0.0406738 -0.0385822 -0.0356164 -0.0320464 -0.0281124 -0.0241031 -0.0201969 -0.0165548 -0.0132956 -0.0104668 -0.00807643 -0.00612504 -0.00457121 -0.00335025 -0.00244856 -0.00177833 -0.00130362 -0.00100247 -0.000791921 -0.000687621 -0.000640847 -0.000619943 -0.000649151 -0.000671196 -0.000707889 -0.00075525 -0.000782261 -0.000827213 -0.000858439 -0.000883805 -0.00092083 -0.000936565 -0.000963509 
0 5.5429e-05 9.74239e-05 0.000163003 0.000214143 0.000274623 0.000352482 0.00041839 0.000516907 0.000623817 0.000747342 0.000923529 0.00112406 0.00139924 0.00176234 0.00222219 0.00284863 0.00364878 0.00468303 0.00601368 0.007673 0.00973048 0.012231 0.0152113 0.0186828 0.02265 0.0270376 0.0317404 0.0366234 0.0414316 0.0459579 0.0499207 0.0530319 0.0550594 0.0557575 0.0549637 0.0525762 0.0486447 0.0432661 0.036707 0.0293102 0.0214016 0.0134067 0.00568705 -0.00138889 -0.00752754 -0.012444 -0.0160181 -0.0182211 -0.0190598 -0.0186734 -0.0172105 -0.0148918 -0.0118973 -0.00852338 -0.00496788 -0.00139091 0.00207226 0.00529096 0.00819165 0.010797 0.0130827 0.0150877 0.0167959 0.0182997 0.0196227 0.0208153 0.0218606 0.0228143 0.023696 0.0245232 0.0253011 0.026014 0.0266901 0.0273379 0.0279757 0.028544 0.0290963 0.0296249 0.0301492 0.0306141 0.0310725 0.0314989 0.0319253 0.0323097 0.0326777 0.0330136 0.0333585 0.0336652 0.0339423 0.0342035 0.0344728 0.0346957 0.0348904 0.0350872 0.0352769 0.0354149 0.0355401 0.0356731 0.0357783 0.0358385 0.0359041 0.0359673 0.0359893 0.035983 0.0359922 0.0359799 0.0359283 0.0358653 0.0358159 0.0357292 0.0356193 0.0355028 0.0353932 0.0352442 0.0350891 0.0349172 0.0347551 0.0345624 0.0343674 0.0341447 0.0339485 0.0337276 0.0334992 0.0332489 0.0330368 0.0328054 0.0325724 0.0323362 0.0321337 0.0319452 0.0317818 0.0316493 0.0315683 0.0315886 0.0317071 0.0319646 0.0323748 0.0330317 0.0339424 0.0351587 0.0366397 0.038424 0.0404766 0.0427086 0.0449602 0.047085 0.0489224 0.0501976 0.0506966 0.0501889 0.0485274 0.0455307 0.0411746 0.0354679 0.0285032 0.0205104 0.0117912 0.00270792 -0.00639047 -0.0150562 -0.0229534 -0.029728 -0.0350957 -0.0389052 -0.041099 -0.0417439 -0.0409699 -0.0390346 -0.0361513 -0.0326085 -0.0286918 -0.0246154 -0.0206285 -0.0168876 -0.013511 -0.0105666 -0.00808655 -0.00604569 -0.00441297 -0.00316099 -0.0021992 -0.00151387 -0.00104108 -0.000716513 -0.000543489 -0.000443653 -0.000411712 -0.000435571 -0.000463967 -0.000525927 -0.000587412 -0.000642536 -0.000713176 -0.000762252 -0.000816647 -0.000869035 -0.00090364 -0.000950962 -0.000981864 
0 7.48982e-05 0.000158789 0.000235466 0.000327652 0.000422293 0.000522872 0.000643779 0.000767412 0.000920043 0.00109651 0.00130773 0.001581 0.00191629 0.00235807 0.00292136 0.00364878 0.00458355 0.00576458 0.00726305 0.00910618 0.0113789 0.0141141 0.0173427 0.0211033 0.0253314 0.0299935 0.0349534 0.0400333 0.0450366 0.0496955 0.0537458 0.0569172 0.05896 0.0596359 0.0588231 0.0564278 0.0524848 0.0471618 0.0406618 0.0333244 0.0254907 0.0175441 0.00984438 0.00274744 -0.0034514 -0.00853018 -0.0123277 -0.0147819 -0.0158838 -0.015748 -0.0144861 -0.012314 -0.0094538 -0.00610387 -0.00245803 0.0012606 0.0048699 0.0082832 0.0114177 0.0142559 0.016758 0.0189453 0.0208338 0.0224885 0.023939 0.0252309 0.0263747 0.0273943 0.0283343 0.0292166 0.0300395 0.0307867 0.031496 0.0321742 0.0328313 0.0334299 0.0339989 0.0345437 0.0350811 0.0355702 0.0360329 0.0364733 0.0369093 0.037307 0.0376773 0.0380278 0.0383754 0.0386891 0.0389729 0.0392443 0.0395112 0.0397419 0.0399457 0.0401463 0.0403336 0.0404828 0.0406155 0.040748 0.0408549 0.0409284 0.0409974 0.04106 0.0410888 0.0410951 0.0411038 0.0410951 0.0410531 0.0409993 0.0409485 0.0408715 0.0407687 0.0406586 0.040551 0.0404148 0.0402599 0.0400968 0.0399408 0.0397575 0.0395587 0.039351 0.0391592 0.0389431 0.0387154 0.0384797 0.038268 0.0380454 0.037819 0.0375882 0.0373958 0.0372264 0.0370756 0.0369566 0.0369181 0.0369785 0.037148 0.0374693 0.0379787 0.0387369 0.0397617 0.041087 0.0427021 0.0446044 0.046703 0.0489338 0.0511602 0.0531832 0.0547829 0.0557629 0.0559074 0.0549961 0.0528933 0.0494652 0.0446877 0.0385824 0.0312993 0.0230486 0.0141156 0.00483752 -0.00441469 -0.0132624 -0.0213498 -0.0283027 -0.0338972 -0.0379383 -0.0403663 -0.0412488 -0.0407016 -0.0389324 -0.0361867 -0.0327343 -0.0288286 -0.024758 -0.0207189 -0.0169031 -0.0134523 -0.0104105 -0.00784707 -0.00572897 -0.00403992 -0.00274012 -0.00176161 -0.00106951 -0.000591544 -0.000296732 -0.00013051 -6.06823e-05 -6.54579e-05 -0.000105381 -0.000183809 -0.000271325 -0.000365727 -0.000465877 -0.000553854 -0.000643637 -0.000722378 -0.000792635 -0.000861015 -0.000916395 -0.000970537 
