0 0 0 0 0 0 0 0 0 0 0 0 0 0 0 0 0 0 0 0 0 0 0 0 0 0 0 0 0 0 0 0 0 0 0 0 0 0 0 0 0 0 0 0 0 0 0 0 0 0 0 0 0 0 0 0 0 0 0 0 0 0 0 0 0 0 0 0 0 0 0 0 0 0 0 0 0 0 0 0 0 0 0 0 0 0 0 0 0 0 0 0 0 0 0 0 0 0 0 0 0 0 0 0 0 0 0 0 0 0 0 0 0 0 0 0 0 0 0 0 0 0 0 0 0 0 0 0 0 0 0 0 0 0 0 0 0 0 0 0 0 0 0 0 0 0 0 0 0 0 0 0 0 0 0 0 0 0 0 0 0 0 0 0 0 0 0 0 0 0 0 0 0 0 0 0 0 0 0 0 0 0 0 0 0 0 0 0 0 0 0 0 0 0 0 0 0 0 0 0 
0 -1.76477e-07 4.96481e-07 -2.32445e-06 1.26487e-06 9.49169e-07 4.0643e-06 5.75727e-06 4.57091e-06 8.0228e-06 6.09628e-07 4.01385e-06 2.41067e-06 -1.98533e-06 1.0419e-05 3.87089e-06 9.5541e-06 1.51495e-05 3.97164e-06 1.08417e-05 7.20025e-06 4.77901e-06 9.63864e-06 1.17637e-05 1.00905e-05 7.20419e-06 1.52627e-05 3.95869e-06 1.07958e-05 2.3615e-05 1.00257e-05 2.04617e-05 2.05214e-05 8.83496e-06 1.61658e-05 2.50724e-05 2.54893e-05 2.86415e-05 4.35786e-05 5.28447e-05 7.76424e-05 0.000122741 0.00017911 0.00024759 0.000332575 0.000470596 0.000645532 0.000836874 0.00107786 0.00138138 0.00172929 0.00211612 0.0025468 0.00298955 0.0034235 0.00382011 0.00412346 0.00431555 0.00436766 0.00425114 0.00394978 0.00347725 0.00282676 0.00202505 0.00113826 0.000212195 -0.000686878 -0.00150042 -0.00217904 -0.00272022 -0.00307859 -0.00325315 -0.00325982 -0.00313566 -0.00290492 -0.0026203 -0.00231283 -0.00198615 -0.00167148 -0.00139884 -0.00117899 -0.000981035 -0.000821236 -0.000689703 -0.000593664 -0.00050978 -0.000454499 -0.000395949 -0.000347441 -0.00030457 -0.000286646 -0.000252435 -0.000216878 -0.000186376 -0.000180132 -0.000154765 -0.000123841 -9.77854e-05 -9.50468e-05 -7.28982e-05 -4.34829e-05 -1.82036e-05 -1.5602e-05 6.81787e-06 3.72583e-05 6.51094e-05 7.08192e-05 9.71692e-05 0.000131302 0.000166503 0.000182684 0.000220398 0.000264719 0.000319575 0.000368407 0.00044305 0.000527084 0.000643545 0.00078583 0.00096668 0.0011657 0.0014157 0.00171148 0.00203045 0.00233668 0.00263081 0.00288494 0.0030504 0.00309827 0.00299274 0.00270951 0.00224179 0.00163101 0.000877112 2.18682e-05 -0.000882279 -0.00176666 -0.00258932 -0.00327778 -0.00379953 -0.00415435 -0.00432913 -0.00433105 -0.00418619 -0.00392426 -0.00355956 -0.00314682 -0.00271154 -0.0022801 -0.00189078 -0.00154217 -0.00122586 -0.000964102 -0.000768472 -0.000598746 -0.000452356 -0.000346711 -0.000273929 -0.000226959 -0.000181249 -0.000149147 -0.000136364 -0.000120518 -0.000110913 -0.000115422 -0.000113698 -9.56348e-05 -0.00010215 -0.000102596 -9.08155e-05 -0.000106032 -0.00010205 -9.577e-05 -9.96816e-05 -9.77357e-05 -9.69704e-05 -9.86087e-05 -0.000105662 -9.663e-05 -9.86088e-05 -9.87073e-05 -8.74114e-05 -9.65672e-05 -9.27168e-05 -9.3861e-05 -9.9346e-05 -9.50333e-05 -9.81706e-05 -9.35172e-05 -9.5848e-05 -9.29984e-05 -9.18372e-05 -9.77358e-05 -8.89635e-05 -9.6839e-05 -9.44061e-05 -8.87784e-05 -9.97691e-05 -9.01355e-05 -9.40945e-05 
0 4.96481e-07 6.82782e-06 1.89935e-06 7.83245e-06 5.24828e-06 -1.05054e-06 6.59904e-06 -3.57728e-07 3.16557e-06 1.42785e-05 7.36073e-06 1.67021e-05 2.0485e-05 4.8809e-06 1.59826e-05 1.00651e-05 -8.24733e-07 2.36277e-05 1.10443e-05 1.5518e-05 3.25186e-05 9.31316e-06 2.32571e-05 2.28951e-05 1.82397e-05 3.01737e-05 2.59356e-05 2.99844e-05 1.54286e-05 2.47274e-05 2.45976e-05 2.28533e-05 4.23511e-05 3.84586e-05 4.28179e-05 3.97876e-05 7.43057e-05 8.71982e-05 0.000116138 0.000191142 0.00023261 0.000337874 0.000494205 0.000704161 0.000937864 0.00125755 0.00167417 0.00216677 0.00277405 0.00343779 0.00423535 0.00509112 0.00597974 0.00683688 0.00762099 0.00823708 0.00860579 0.00872085 0.00846985 0.00788684 0.00692799 0.00564406 0.00404313 0.00228222 0.000440425 -0.00135309 -0.00296561 -0.00433409 -0.00539861 -0.00613261 -0.00647093 -0.00650916 -0.00625176 -0.00581492 -0.00523909 -0.00463767 -0.00398035 -0.003362 -0.00281332 -0.00237023 -0.00197546 -0.00165076 -0.00139181 -0.00118853 -0.00102962 -0.000904362 -0.00079888 -0.000688511 -0.000617265 -0.000561973 -0.000509094 -0.000423929 -0.000379952 -0.000346225 -0.000312395 -0.000236314 -0.0002021 -0.000175052 -0.000147992 -7.49805e-05 -4.26127e-05 -1.59573e-05 1.16097e-05 8.65393e-05 0.000124044 0.000156401 0.000192103 0.000274144 0.000327188 0.000378673 0.00043846 0.000540238 0.000635777 0.000748104 0.0008856 0.00106501 0.00129068 0.00158125 0.00193751 0.00234013 0.00284072 0.00342368 0.00406182 0.00466295 0.00525591 0.00574151 0.00608007 0.00615195 0.00595128 0.00536632 0.00445098 0.0032167 0.00172733 1.89198e-05 -0.00177251 -0.00353089 -0.00516595 -0.00652602 -0.00757781 -0.00826737 -0.0086308 -0.00862117 -0.00835266 -0.00781774 -0.00709967 -0.00627729 -0.00542122 -0.00457442 -0.00376815 -0.00308377 -0.0024663 -0.00197201 -0.00152914 -0.00117824 -0.000924559 -0.000728295 -0.000556597 -0.000421292 -0.000370044 -0.00029514 -0.000265867 -0.000247965 -0.000223899 -0.000211365 -0.000201339 -0.000217892 -0.000204524 -0.000210706 -0.000206942 -0.000199868 -0.000198473 -0.000195492 -0.000209928 -0.000189537 -0.000201256 -0.000198161 -0.000176374 -0.000200394 -0.000188788 -0.00018985 -0.00020659 -0.000192162 -0.000193883 -0.000195658 -0.000184489 -0.000186417 -0.000190807 -0.000184681 -0.000189877 -0.00019254 -0.000185125 -0.000190998 -0.000188651 -0.000184743 -0.000190492 -0.000186713 -0.000184876 -0.000188959 -0.000187042 
0 -2.32445e-06 1.89935e-06 -7.83195e-07 4.61104e-06 5.1653e-06 9.33029e-06 1.33387e-05 1.13666e-05 1.63423e-05 8.48e-06 1.13801e-05 1.13821e-05 7.17708e-06 2.1758e-05 1.74036e-05 2.4466e-05 3.0697e-05 2.07221e-05 2.64641e-05 2.29989e-05 2.31425e-05 2.62175e-05 3.27842e-05 3.12726e-05 2.69367e-05 3.97746e-05 2.53696e-05 3.60931e-05 5.22357e-05 3.79411e-05 5.19322e-05 5.17925e-05 4.11365e-05 5.19152e-05 6.84374e-05 7.58302e-05 9.45681e-05 0.000130704 0.000170972 0.000252145 0.000370391 0.000535944 0.000752115 0.00103072 0.00142653 0.00193209 0.00252864 0.00326088 0.00415966 0.00519111 0.00635422 0.00762904 0.00894221 0.0102245 0.011383 0.012284 0.0128443 0.0129906 0.012635 0.0117469 0.0103352 0.0084113 0.00605316 0.00343212 0.000700754 -0.00195751 -0.00436578 -0.00639909 -0.00800131 -0.00908433 -0.00962539 -0.00968043 -0.00933354 -0.00868275 -0.00785479 -0.00694548 -0.00598659 -0.00506245 -0.00425006 -0.00357383 -0.00298471 -0.00249808 -0.00210402 -0.00179997 -0.00155334 -0.00136923 -0.00119924 -0.00104884 -0.000929119 -0.000853118 -0.000758405 -0.000653301 -0.00057189 -0.000529865 -0.000461438 -0.000372603 -0.000304632 -0.000273369 -0.000214029 -0.000130325 -6.48772e-05 -3.41988e-05 2.61061e-05 0.000113304 0.000186002 0.000225923 0.00029766 0.0003981 0.000492905 0.000562886 0.000668415 0.000805494 0.00096222 0.00112617 0.00134362 0.00161077 0.00195932 0.00239436 0.00292921 0.00354412 0.00429188 0.00516437 0.00609909 0.00700872 0.00786825 0.00859309 0.00906325 0.00917333 0.00883499 0.00797259 0.00658773 0.00475466 0.00252011 -1.18027e-05 -0.0026776 -0.00529493 -0.00771237 -0.00974728 -0.011302 -0.0123494 -0.0128735 -0.0128869 -0.0124686 -0.0116893 -0.0106248 -0.00940301 -0.0081189 -0.00684838 -0.00567768 -0.00463275 -0.00370322 -0.00293047 -0.00231367 -0.00180005 -0.00137918 -0.00106621 -0.00083535 -0.000673216 -0.000548921 -0.000455183 -0.000406575 -0.000365617 -0.000339774 -0.000336364 -0.000327588 -0.000303255 -0.000306371 -0.000306363 -0.000290183 -0.000308606 -0.000302334 -0.000292946 -0.000299545 -0.000292845 -0.000294076 -0.000296394 -0.000301471 -0.000293459 -0.000293012 -0.000291261 -0.000278752 -0.000287518 -0.000282678 -0.000285067 -0.000290574 -0.000285145 -0.000289644 -0.000282404 -0.000285152 -0.000282054 -0.000279147 -0.000286756 -0.000276063 -0.000284484 -0.000282095 -0.000276319 -0.000287673 -0.000274089 -0.000282231 
0 1.26487e-06 7.83245e-06 4.61104e-06 7.3277e-06 8.23923e-06 7.16238e-06 1.12614e-05 1.02185e-05 1.4409e-05 1.77142e-05 1.90158e-05 2.332e-05 2.30298e-05 2.36033e-05 2.41223e-05 2.42659e-05 2.57741e-05 2.96912e-05 3.21676e-05 3.4713e-05 3.91135e-05 3.67671e-05 4.10679e-05 4.24775e-05 4.22551e-05 5.0218e-05 4.7237e-05 5.0207e-05 5.22071e-05 4.97168e-05 5.70082e-05 6.121e-05 6.664e-05 7.60987e-05 8.67038e-05 0.000100771 0.000134519 0.000179733 0.000246113 0.000355625 0.000499614 0.000712685 0.00101309 0.00140705 0.00191833 0.00257383 0.00338571 0.00437625 0.00556309 0.00692765 0.00847532 0.0101595 0.0118942 0.0135795 0.015093 0.0162789 0.0170114 0.0171917 0.0167147 0.0155429 0.0136716 0.011137 0.00804358 0.00459584 0.00100536 -0.00249216 -0.00567053 -0.00837094 -0.01049 -0.0119387 -0.0126832 -0.0127914 -0.0123632 -0.0115387 -0.010466 -0.00927024 -0.00801564 -0.00680495 -0.00572679 -0.00481163 -0.0040268 -0.00337243 -0.00284313 -0.00242535 -0.00209528 -0.00183521 -0.0016089 -0.0014077 -0.00125098 -0.00113256 -0.00100897 -0.000874587 -0.000770704 -0.000696976 -0.000608458 -0.000497859 -0.000412377 -0.000353281 -0.000276526 -0.000173254 -9.148e-05 -3.33653e-05 4.48347e-05 0.000153018 0.000244028 0.000314307 0.000407691 0.000535302 0.000655881 0.000765066 0.000903741 0.00108601 0.00129195 0.00152346 0.0018129 0.00217984 0.00264773 0.00323309 0.00394286 0.00477656 0.00577205 0.00691791 0.00814015 0.00933942 0.0104579 0.0113843 0.0119768 0.012089 0.0116107 0.0104509 0.00861816 0.00618148 0.00322935 -0.000103943 -0.00360752 -0.0070514 -0.0102202 -0.0128975 -0.0149541 -0.0163348 -0.0170298 -0.017059 -0.0165159 -0.0154898 -0.014099 -0.0124945 -0.0108065 -0.00913597 -0.00757659 -0.00618727 -0.00497093 -0.00394699 -0.00309877 -0.00240868 -0.0018673 -0.00145186 -0.00112904 -0.000893779 -0.000733382 -0.000613716 -0.000540795 -0.000491565 -0.000454773 -0.000435245 -0.00042417 -0.00041583 -0.000413292 -0.000411868 -0.000403585 -0.000404683 -0.000400098 -0.000397048 -0.000400417 -0.000393929 -0.000393999 -0.000391017 -0.000386541 -0.000387546 -0.000386536 -0.000386926 -0.000387662 -0.000387007 -0.000383871 -0.000383573 -0.00038016 -0.000378382 -0.000380033 -0.000376226 -0.000379216 -0.000377667 -0.000375754 -0.000378735 -0.000373989 -0.000376607 -0.000374606 -0.000373224 -0.000378334 -0.000371785 -0.000374918 
0 9.49169e-07 5.24828e-06 5.1653e-06 8.23923e-06 1.3173e-05 1.01584e-05 1.5077e-05 1.59546e-05 1.43543e-05 2.45564e-05 2.00594e-05 2.54617e-05 3.30199e-05 2.34096e-05 3.55229e-05 3.32557e-05 2.89732e-05 4.38725e-05 3.69503e-05 4.225e-05 4.96839e-05 4.49125e-05 4.921e-05 5.25178e-05 5.61487e-05 5.44353e-05 6.48071e-05 6.53854e-05 5.84155e-05 7.34844e-05 6.98984e-05 7.35272e-05 8.91731e-05 9.53881e-05 0.000106385 0.000128602 0.000173554 0.000224556 0.000316196 0.000456177 0.000639139 0.000908088 0.00128524 0.00179331 0.00242969 0.00324428 0.00427034 0.00551153 0.00698314 0.00868093 0.0106034 0.0126765 0.0148142 0.0168824 0.0187272 0.0201794 0.0210696 0.0212741 0.0206751 0.019228 0.0169114 0.0137942 0.0100065 0.00577538 0.00137066 -0.00292545 -0.00684543 -0.0101967 -0.0128212 -0.0146378 -0.0156029 -0.0157907 -0.0153121 -0.0143478 -0.0130573 -0.0115939 -0.0100639 -0.00858362 -0.00724534 -0.0060873 -0.00510549 -0.00428059 -0.00361243 -0.00307536 -0.00265778 -0.00231443 -0.0020303 -0.00177948 -0.00158496 -0.00141672 -0.00126428 -0.00110522 -0.000979617 -0.000866833 -0.000758245 -0.000631231 -0.000529384 -0.000435212 -0.000340794 -0.000223295 -0.000126437 -3.35914e-05 6.30538e-05 0.000187105 0.000295137 0.000403275 0.000519363 0.000670022 0.000815407 0.000971354 0.00114552 0.00137239 0.00162872 0.00193529 0.00230163 0.0027749 0.00336716 0.00410731 0.00499466 0.00605393 0.00729639 0.00870364 0.0101964 0.0116704 0.0130255 0.0141229 0.0148077 0.014895 0.0142558 0.012791 0.0105165 0.00748646 0.00383779 -0.000263464 -0.00456543 -0.00879714 -0.0126786 -0.0159702 -0.018514 -0.0202191 -0.0210842 -0.0211367 -0.0204799 -0.0192223 -0.0175273 -0.015557 -0.0134774 -0.0114231 -0.00948744 -0.00775463 -0.00624659 -0.00497154 -0.0038983 -0.00303454 -0.0023625 -0.00183595 -0.00143015 -0.00112845 -0.000929603 -0.000780763 -0.000679494 -0.00062017 -0.000576832 -0.000545806 -0.000527548 -0.000529067 -0.000513641 -0.00050857 -0.000512803 -0.000498442 -0.000499258 -0.000500066 -0.000496989 -0.000492446 -0.000493721 -0.000491584 -0.000480945 -0.000490808 -0.00048379 -0.000480108 -0.000489724 -0.00047697 -0.000480086 -0.000480115 -0.000472273 -0.00047708 -0.000473595 -0.000473621 -0.000473123 -0.000472337 -0.000471992 -0.000468424 -0.000472407 -0.000468628 -0.00046844 -0.000470194 -0.000464892 -0.00047026 -0.00046751 
0 4.0643e-06 -1.05054e-06 9.33029e-06 7.16238e-06 1.01584e-05 2.00683e-05 1.44826e-05 2.53924e-05 2.68875e-05 1.83675e-05 3.07449e-05 2.43815e-05 2.32628e-05 4.2053e-05 3.32532e-05 4.29063e-05 5.63891e-05 3.81697e-05 5.30175e-05 5.24877e-05 4.18981e-05 6.37265e-05 5.80122e-05 6.20487e-05 6.78541e-05 6.56949e-05 6.96826e-05 6.94387e-05 8.99492e-05 8.37235e-05 9.08702e-05 0.000101814 9.33432e-05 0.000110663 0.000132364 0.000172264 0.000199583 0.000281502 0.000394089 0.000535655 0.00079956 0.00113265 0.00157912 0.00216361 0.00296315 0.00396135 0.00517681 0.00666212 0.00841095 0.0104685 0.0127289 0.0151809 0.0176926 0.0201273 0.0222786 0.0239636 0.0250072 0.0252092 0.0245054 0.022771 0.0200456 0.0163645 0.0119387 0.00697 0.00180577 -0.00323846 -0.00787347 -0.011841 -0.0149747 -0.0171454 -0.0183684 -0.0186472 -0.0181752 -0.0170921 -0.0156324 -0.0139138 -0.0121435 -0.0104026 -0.00881765 -0.00741278 -0.0062307 -0.00523298 -0.00441607 -0.00376075 -0.0032392 -0.00281602 -0.00245847 -0.0021714 -0.00192121 -0.0017136 -0.00151465 -0.00135067 -0.00118504 -0.00104692 -0.00089924 -0.000777487 -0.000640593 -0.000526218 -0.000394566 -0.000284874 -0.000154209 -4.1589e-05 9.31814e-05 0.000211318 0.000354683 0.00048654 0.000644898 0.000798414 0.000985808 0.00117681 0.00140575 0.00166265 0.00198514 0.00236084 0.00282223 0.00339888 0.00412778 0.00502297 0.00609487 0.00738326 0.00886597 0.010527 0.0122615 0.0139989 0.0155482 0.0167971 0.0175187 0.0175675 0.0167257 0.0149658 0.0122375 0.00864584 0.00431664 -0.000503874 -0.00555869 -0.0105295 -0.0150722 -0.0189536 -0.0219473 -0.0239845 -0.025 -0.0251015 -0.0243264 -0.0228711 -0.0208921 -0.0185822 -0.0161267 -0.0136939 -0.0114253 -0.00934124 -0.00753986 -0.00598862 -0.00473366 -0.00370201 -0.00286096 -0.00221396 -0.00174236 -0.00140327 -0.00111838 -0.000955761 -0.000829162 -0.000741391 -0.00069806 -0.000668919 -0.000649651 -0.000617109 -0.000621179 -0.000607281 -0.000602806 -0.00060832 -0.000601784 -0.000599828 -0.000586746 -0.000598574 -0.000586673 -0.000586876 -0.000602217 -0.000578265 -0.000586106 -0.000583688 -0.000565459 -0.000578331 -0.000573929 -0.000568953 -0.000578918 -0.000572633 -0.000567996 -0.000572984 -0.000565597 -0.000564093 -0.000569214 -0.000562324 -0.00056316 -0.000565833 -0.000561372 -0.000562514 -0.000563019 -0.000560554 -0.000561512 
0 5.75727e-06 6.59904e-06 1.33387e-05 1.12614e-05 1.5077e-05 1.44826e-05 1.6253e-05 2.24779e-05 1.91827e-05 3.35652e-05 3.40885e-05 3.74585e-05 4.86604e-05 3.61211e-05 4.51202e-05 4.31205e-05 3.94104e-05 5.49617e-05 5.47625e-05 6.28541e-05 6.76331e-05 7.08007e-05 6.64283e-05 7.2768e-05 8.36294e-05 7.29516e-05 9.6184e-05 9.01809e-05 7.89908e-05 0.000100657 9.24756e-05 0.000105258 0.000127885 0.000140562 0.000155147 0.000193991 0.000255083 0.000339299 0.000484022 0.000674947 0.000954246 0.00133742 0.00187649 0.002608 0.00351256 0.00465612 0.0060993 0.00784639 0.00988074 0.0122362 0.0148601 0.0176668 0.0205441 0.0232991 0.025731 0.0276366 0.0287945 0.0290051 0.0281646 0.0261797 0.0230406 0.0188568 0.0138207 0.00818692 0.00231698 -0.00342534 -0.0087266 -0.0132962 -0.016909 -0.0194624 -0.0209356 -0.021368 -0.0209176 -0.0197861 -0.0181688 -0.016253 -0.0142478 -0.0122815 -0.010446 -0.00880648 -0.00741282 -0.00623735 -0.00526689 -0.00448092 -0.00385334 -0.00333161 -0.00290931 -0.00256657 -0.00227361 -0.0020042 -0.00177751 -0.00158554 -0.001401 -0.00121306 -0.00104955 -0.000907665 -0.000760013 -0.000599977 -0.000455989 -0.000327983 -0.000188512 -3.06458e-05 0.000117434 0.000255105 0.000409604 0.000589697 0.000767818 0.000947506 0.00115574 0.00140415 0.00167209 0.00197901 0.00235445 0.00281798 0.00337191 0.00406615 0.00493121 0.00598851 0.00725257 0.00876304 0.0104878 0.012374 0.0143445 0.0162931 0.0180253 0.0193591 0.0201019 0.0200464 0.0190077 0.0169166 0.0137632 0.00961354 0.00465463 -0.000845666 -0.0065938 -0.0122363 -0.0174014 -0.021811 -0.0252503 -0.0275772 -0.0287691 -0.0288993 -0.0280519 -0.0264038 -0.0241684 -0.0215515 -0.0187554 -0.0159807 -0.013343 -0.0109472 -0.00887013 -0.00708095 -0.00557147 -0.00435669 -0.00341046 -0.00265174 -0.00207231 -0.00163985 -0.00133464 -0.00112989 -0.000974482 -0.000882304 -0.000816689 -0.000766857 -0.000741092 -0.000742895 -0.000726246 -0.00071356 -0.000724369 -0.000696713 -0.000699947 -0.000706242 -0.000692496 -0.000697363 -0.00069025 -0.000682958 -0.000674915 -0.000680134 -0.000676623 -0.000676294 -0.000686792 -0.00067229 -0.000677027 -0.000671084 -0.000661975 -0.000668719 -0.000659352 -0.000665515 -0.000662031 -0.000660211 -0.000663844 -0.000655383 -0.000662883 -0.000654447 -0.000656774 -0.000662299 -0.000650234 -0.000662043 -0.000653797 
0 4.57091e-06 -3.57728e-07 1.13666e-05 1.02185e-05 1.59546e-05 2.53924e-05 2.24779e-05 3.10584e-05 2.98026e-05 3.12106e-05 3.57143e-05 3.33106e-05 4.1752e-05 4.57253e-05 5.17799e-05 5.93392e-05 6.17177e-05 6.36e-05 6.48196e-05 6.66379e-05 6.70522e-05 7.68639e-05 7.81221e-05 8.36087e-05 9.14783e-05 8.54599e-05 9.84897e-05 0.000100484 0.00010621 0.000121688 0.000119132 0.000129029 0.000138946 0.000152466 0.000184215 0.000233964 0.000295706 0.000400884 0.000563613 0.000785796 0.00113134 0.00159454 0.00220889 0.00303244 0.0040929 0.00542665 0.00707227 0.00904981 0.0113666 0.0140438 0.0169936 0.020131 0.0233306 0.0263851 0.029065 0.0311513 0.0324041 0.0326036 0.0316369 0.0293972 0.0258892 0.0212355 0.0156553 0.00941951 0.0029182 -0.003462 -0.00938092 -0.0145089 -0.0185962 -0.0215247 -0.0232783 -0.0238875 -0.0235203 -0.0223737 -0.0206567 -0.0185761 -0.0163775 -0.0141982 -0.0121344 -0.0102648 -0.00865916 -0.00729969 -0.00616985 -0.00524946 -0.00450201 -0.00388204 -0.00338351 -0.00298743 -0.00263843 -0.00231768 -0.00205127 -0.00183806 -0.00162169 -0.00139902 -0.00120707 -0.00105325 -0.000881345 -0.000692035 -0.000522825 -0.000384978 -0.000222708 -3.58783e-05 0.000138376 0.000287479 0.000467186 0.000680623 0.0008915 0.00109071 0.00133349 0.00162873 0.00195001 0.00230458 0.00274643 0.00329684 0.00396008 0.0047766 0.00578748 0.0070142 0.00847805 0.0102107 0.0121634 0.0142674 0.0164423 0.0185755 0.0204394 0.0218283 0.0225326 0.0223469 0.0210751 0.0186549 0.0150692 0.0103966 0.00484296 -0.0012841 -0.00766421 -0.0139181 -0.0196467 -0.0245521 -0.0283932 -0.031013 -0.0323705 -0.0325482 -0.031636 -0.0298342 -0.0273729 -0.0244718 -0.0213556 -0.0182503 -0.0152944 -0.0125797 -0.0102018 -0.00815949 -0.00645443 -0.00506381 -0.00394797 -0.00306867 -0.00241605 -0.00192735 -0.0015593 -0.00131438 -0.00113456 -0.00101657 -0.000947418 -0.000899173 -0.000862044 -0.000842875 -0.000825699 -0.00081121 -0.000815674 -0.000803551 -0.000802664 -0.000800405 -0.000788119 -0.000792565 -0.000787782 -0.000787717 -0.000788815 -0.000783638 -0.000778524 -0.000773782 -0.000769103 -0.000764443 -0.000767919 -0.000763296 -0.000765318 -0.000765715 -0.000758324 -0.000763356 -0.000755625 -0.000756025 -0.000757033 -0.000750203 -0.000758561 -0.000749665 -0.00075011 -0.000753529 -0.000743508 -0.000753664 -0.000748484 
0 8.0228e-06 3.16557e-06 1.63423e-05 1.4409e-05 1.43543e-05 2.68875e-05 1.91827e-05 2.98026e-05 3.85382e-05 3.17501e-05 4.79123e-05 4.56634e-05 4.43307e-05 5.99517e-05 5.02129e-05 5.89612e-05 6.92955e-05 6.15736e-05 7.70847e-05 7.93436e-05 7.85971e-05 8.99279e-05 9.03743e-05 9.51907e-05 9.87537e-05 0.000106668 0.000107557 0.000110085 0.000123976 0.000121327 0.0001325 0.000147317 0.000158163 0.000179231 0.000216753 0.000275341 0.000344185 0.0004803 0.000667733 0.000925324 0.00131968 0.00185107 0.00256105 0.0034895 0.00469977 0.00620874 0.00806044 0.010283 0.0128815 0.0158607 0.019119 0.0225761 0.0260682 0.0293878 0.0322825 0.0345168 0.0358383 0.0360124 0.0349137 0.0324269 0.028582 0.0235007 0.0174324 0.0106643 0.00360298 -0.00335328 -0.00983446 -0.0154806 -0.020029 -0.0233352 -0.0253879 -0.0262103 -0.0259754 -0.0248606 -0.0230943 -0.0208963 -0.0185379 -0.0161658 -0.0138912 -0.0118015 -0.00998007 -0.00842915 -0.00713194 -0.00606746 -0.00518791 -0.00446382 -0.0038805 -0.00342149 -0.00300955 -0.00263993 -0.0023296 -0.0020879 -0.00183619 -0.00158504 -0.00136257 -0.00119053 -0.000991662 -0.000780247 -0.000584644 -0.000431047 -0.000243214 -3.4716e-05 0.000166458 0.000332777 0.00054084 0.000780819 0.00102557 0.00125028 0.00153175 0.00186981 0.00224838 0.0026579 0.00317293 0.00381337 0.00459568 0.00554221 0.00670502 0.00810705 0.00977564 0.0117223 0.013887 0.0161908 0.0185411 0.0208146 0.0227611 0.0241589 0.0247743 0.0244177 0.0228886 0.020131 0.0161187 0.0109562 0.00485814 -0.00183667 -0.00877871 -0.0155708 -0.0218012 -0.0271534 -0.0313559 -0.0342511 -0.035772 -0.0360061 -0.0350507 -0.0331255 -0.0304684 -0.0273207 -0.0239252 -0.0205078 -0.017248 -0.0142362 -0.0115789 -0.00928327 -0.00736803 -0.00579748 -0.00452621 -0.00353378 -0.00278124 -0.00221946 -0.00178853 -0.00150464 -0.00130197 -0.00115483 -0.00107038 -0.00101209 -0.000974223 -0.000944127 -0.00093726 -0.000924029 -0.000911892 -0.000913642 -0.000903888 -0.000899752 -0.000894649 -0.00089445 -0.000886305 -0.000880735 -0.000886155 -0.000870634 -0.000874696 -0.000876677 -0.000862501 -0.000872926 -0.000865961 -0.000858307 -0.000865909 -0.000854921 -0.000854875 -0.00085702 -0.000849358 -0.000853564 -0.000850342 -0.000845804 -0.000849258 -0.000845949 -0.000846195 -0.000847304 -0.000844897 -0.000845551 -0.000843282 
0 6.09628e-07 1.42785e-05 8.48e-06 1.77142e-05 2.45564e-05 1.83675e-05 3.35652e-05 3.12106e-05 3.17501e-05 4.77217e-05 4.01591e-05 5.26551e-05 6.28912e-05 5.1752e-05 6.86633e-05 6.73204e-05 6.2061e-05 8.26331e-05 7.82552e-05 8.4669e-05 9.83733e-05 9.39022e-05 9.9674e-05 0.000104965 0.000112277 0.000112743 0.000125265 0.000134616 0.000123179 0.0001438 0.000148343 0.00015479 0.000185832 0.000211325 0.000247389 0.000301231 0.000414877 0.000551688 0.000768349 0.00109764 0.00152161 0.00212028 0.00292747 0.00400719 0.00534197 0.00701622 0.00908755 0.0115591 0.0144396 0.0176746 0.0212475 0.0249862 0.0287478 0.0322815 0.0353588 0.0377097 0.0390613 0.039209 0.037955 0.035256 0.0310892 0.0256485 0.0191388 0.0119266 0.00437502 -0.00308499 -0.0100613 -0.016188 -0.0211661 -0.0248662 -0.027217 -0.0283098 -0.0282342 -0.0272229 -0.0254437 -0.0232014 -0.0207052 -0.0181808 -0.0157063 -0.0134205 -0.0113788 -0.00963559 -0.00816354 -0.00694312 -0.00592636 -0.00508664 -0.00441851 -0.0038745 -0.00340622 -0.00297743 -0.00263405 -0.0023393 -0.00206615 -0.00177609 -0.00153948 -0.00132343 -0.00111397 -0.000869068 -0.000665431 -0.000469874 -0.000273011 -3.1219e-05 0.000178391 0.000387909 0.000609402 0.0008871 0.00114928 0.00142443 0.00173422 0.00212662 0.00255277 0.00304013 0.00362734 0.00437152 0.00527577 0.00636757 0.00768907 0.00927285 0.011153 0.0132989 0.0156674 0.0181393 0.020649 0.0229989 0.0249945 0.0263321 0.0268316 0.0262425 0.024453 0.021332 0.0169182 0.0112882 0.00470822 -0.00249491 -0.00993048 -0.0171808 -0.0238629 -0.0295966 -0.0341423 -0.0372746 -0.0389792 -0.0392626 -0.0383055 -0.0362802 -0.03346 -0.0301032 -0.0264603 -0.0227714 -0.0191929 -0.0159167 -0.0129849 -0.0104568 -0.00829776 -0.0065403 -0.00514536 -0.00402852 -0.0031616 -0.00250485 -0.00205437 -0.00170356 -0.0014683 -0.0013164 -0.0012001 -0.00112666 -0.00108295 -0.00106978 -0.0010362 -0.00102937 -0.00102463 -0.00100271 -0.00100581 -0.00100191 -0.000998309 -0.000989437 -0.00099002 -0.000983203 -0.000969152 -0.000982235 -0.000970389 -0.000966755 -0.000977997 -0.000959337 -0.000961583 -0.000963289 -0.000948705 -0.000956118 -0.000953911 -0.000946075 -0.0009511 -0.000946573 -0.000944091 -0.000946034 -0.000941619 -0.000941355 -0.000941556 -0.000939311 -0.000939284 -0.000939053 -0.000938497 
0 4.01385e-06 7.36073e-06 1.13801e-05 1.90158e-05 2.00594e-05 3.07449e-05 3.40885e-05 3.57143e-05 4.79123e-05 4.01591e-05 5.06706e-05 5.50237e-05 4.84221e-05 7.02812e-05 6.80785e-05 7.65577e-05 9.11173e-05 8.3365e-05 9.14814e-05 9.2715e-05 9.5367e-05 9.9897e-05 0.000114383 0.000118453 0.000116268 0.000137631 0.000123347 0.000137359 0.00015899 0.00015271 0.000177033 0.000184204 0.000198098 0.000225379 0.000281465 0.00036104 0.000466273 0.000643025 0.00088348 0.00124472 0.00174422 0.00244292 0.00334845 0.00450155 0.00601518 0.0078955 0.0101692 0.0128581 0.016002 0.0195306 0.0233656 0.0273684 0.0313408 0.0350766 0.0382895 0.0407139 0.0420752 0.0421622 0.0407728 0.0378491 0.0334237 0.0276471 0.0207864 0.0131859 0.00523589 -0.00265979 -0.010063 -0.0166152 -0.0220109 -0.0260843 -0.0287722 -0.0301444 -0.0303003 -0.0294169 -0.0277126 -0.0254554 -0.0228897 -0.020221 -0.0175921 -0.0151101 -0.0128682 -0.0109204 -0.0092725 -0.00788164 -0.00671961 -0.00576107 -0.00499212 -0.004358 -0.00381771 -0.00334316 -0.0029484 -0.00260691 -0.00229316 -0.00198671 -0.00171605 -0.00146835 -0.00122667 -0.000973923 -0.000741326 -0.00051814 -0.000289677 -4.04721e-05 0.000198028 0.0004376 0.000694604 0.000986639 0.00128458 0.00160182 0.00196081 0.0023922 0.00288143 0.00344808 0.00412643 0.00497499 0.00601161 0.00726022 0.00874676 0.0105244 0.0126044 0.0149516 0.0174871 0.0201222 0.0227324 0.0251339 0.0270946 0.0283479 0.0286567 0.0278242 0.0257253 0.0222575 0.0174389 0.0113915 0.00438209 -0.00326092 -0.0111095 -0.0187591 -0.0258071 -0.0318937 -0.036716 -0.0400945 -0.0419558 -0.0423235 -0.0413682 -0.0392899 -0.0363504 -0.0328063 -0.0289513 -0.0250019 -0.0211795 -0.0176187 -0.0144061 -0.0116318 -0.00929442 -0.00735226 -0.00575434 -0.00452435 -0.00357332 -0.00285002 -0.00231068 -0.00191742 -0.00165361 -0.00145927 -0.00134476 -0.00126574 -0.00121089 -0.00116249 -0.00114394 -0.001136 -0.00110935 -0.00112416 -0.00110758 -0.00109225 -0.00109874 -0.0010855 -0.00108655 -0.00108718 -0.00108767 -0.00107466 -0.00107424 -0.00106845 -0.00105259 -0.00106572 -0.00105301 -0.00105407 -0.00106044 -0.00104459 -0.00105305 -0.00104586 -0.00104186 -0.00104472 -0.00103827 -0.00104292 -0.00103646 -0.00103767 -0.00103582 -0.00103022 -0.0010364 -0.00102943 -0.00103445 
0 2.41067e-06 1.67021e-05 1.13821e-05 2.332e-05 2.54617e-05 2.43815e-05 3.74585e-05 3.33106e-05 4.56634e-05 5.26551e-05 5.50237e-05 6.82373e-05 6.56117e-05 7.37906e-05 7.51364e-05 7.409e-05 8.40921e-05 8.74358e-05 9.87377e-05 0.000107707 0.000115463 0.000117751 0.000123429 0.00012702 0.000128676 0.000146203 0.000143718 0.000155858 0.000162823 0.000158776 0.000184459 0.000195925 0.000226661 0.000271484 0.000320957 0.000404981 0.000540914 0.000739516 0.00102288 0.00144253 0.00199053 0.00275028 0.00376897 0.00507373 0.00673371 0.0087772 0.0112599 0.0142065 0.0176084 0.0213815 0.0254696 0.0297102 0.0338789 0.0377604 0.0410733 0.0435349 0.0448775 0.0448844 0.0433461 0.0402242 0.0355604 0.0295109 0.0223521 0.0144464 0.00616519 -0.0020816 -0.00984683 -0.0167734 -0.0225544 -0.0269996 -0.0300331 -0.0317235 -0.0321411 -0.0314499 -0.0298687 -0.0276652 -0.0250651 -0.0222993 -0.0195324 -0.0168816 -0.0144422 -0.0122967 -0.0104586 -0.00888948 -0.00757177 -0.00648729 -0.00560494 -0.00486629 -0.00424967 -0.00372359 -0.00327597 -0.00287547 -0.0025235 -0.00219571 -0.00189572 -0.00160525 -0.0013367 -0.00107067 -0.000815749 -0.000554004 -0.000300062 -3.80287e-05 0.000222821 0.000503402 0.000791123 0.00110229 0.00143126 0.00180201 0.00221056 0.00268632 0.00323906 0.00389766 0.00467755 0.00563791 0.00681388 0.00822675 0.00989178 0.0118601 0.0141382 0.0166638 0.0193523 0.0221083 0.0247875 0.0271758 0.029054 0.0301551 0.03024 0.0291187 0.0266964 0.0228719 0.0176743 0.0112494 0.00387155 -0.00413261 -0.0123242 -0.0202895 -0.0276443 -0.0340143 -0.0390864 -0.042673 -0.0446958 -0.0451576 -0.0442356 -0.0421315 -0.0391025 -0.0354263 -0.0313954 -0.0272215 -0.0231425 -0.0193406 -0.0158916 -0.0128719 -0.010302 -0.00817537 -0.00644577 -0.00508353 -0.00400096 -0.0031835 -0.00259204 -0.00214714 -0.00184169 -0.00162674 -0.00147585 -0.00137444 -0.00132408 -0.00128136 -0.00125726 -0.00124779 -0.00121953 -0.00121981 -0.00120983 -0.00120272 -0.00120576 -0.0011928 -0.00118717 -0.00117802 -0.00117222 -0.0011671 -0.00116974 -0.00116743 -0.00116375 -0.00116643 -0.00115304 -0.00115534 -0.00114963 -0.00114285 -0.00114855 -0.00113781 -0.00114389 -0.00113784 -0.00113118 -0.00113841 -0.00112612 -0.00113461 -0.00113366 -0.00112804 -0.00113818 -0.001125 -0.00112919 
0 -1.98533e-06 2.0485e-05 7.17708e-06 2.30298e-05 3.30199e-05 2.32628e-05 4.86604e-05 4.1752e-05 4.43307e-05 6.28912e-05 4.84221e-05 6.56117e-05 7.45604e-05 6.95787e-05 9.13606e-05 9.08016e-05 9.48568e-05 0.000107192 0.000103191 0.000110553 0.000116638 0.00012251 0.000131013 0.000137397 0.000148979 0.000149767 0.000158965 0.000172915 0.000174378 0.000191009 0.000208201 0.000219164 0.000246016 0.000296822 0.000356897 0.000453977 0.000624175 0.000836421 0.0011609 0.00163501 0.00226035 0.00311333 0.00423316 0.0056765 0.00748642 0.00972502 0.0124169 0.0155941 0.0192326 0.023244 0.0275674 0.0319981 0.0363275 0.040312 0.043688 0.0461474 0.0474409 0.0473462 0.045659 0.0423611 0.0374905 0.0312281 0.0238381 0.0157051 0.00716943 -0.00134208 -0.0094 -0.0166442 -0.0227737 -0.02758 -0.0309714 -0.033007 -0.0337224 -0.0332808 -0.0318813 -0.0297931 -0.0272099 -0.0243952 -0.0215192 -0.0187264 -0.0161056 -0.0137706 -0.0117347 -0.00998135 -0.0085009 -0.00728262 -0.00627401 -0.00542131 -0.00472131 -0.00413752 -0.00363184 -0.00316818 -0.00277538 -0.0024225 -0.00209232 -0.00175768 -0.00146188 -0.00117923 -0.000901911 -0.000600724 -0.000321677 -4.34826e-05 0.000240411 0.00056353 0.000882416 0.00121645 0.00157889 0.00200721 0.00247019 0.00299671 0.00361934 0.00437925 0.00527428 0.00635671 0.00768043 0.00926607 0.0111223 0.0132808 0.0157482 0.0184331 0.021255 0.0240936 0.0267987 0.0291193 0.0308611 0.0317528 0.031576 0.0301355 0.027372 0.0231908 0.0176415 0.0108845 0.00319788 -0.0050899 -0.0135531 -0.0217626 -0.0293615 -0.0359559 -0.0412474 -0.0450195 -0.0472032 -0.0477751 -0.0469147 -0.0448221 -0.0417421 -0.0379689 -0.0337844 -0.029431 -0.0251223 -0.0210815 -0.0173879 -0.01414 -0.0113593 -0.00903612 -0.0071484 -0.00564083 -0.0044577 -0.00355153 -0.00289463 -0.00238814 -0.00203431 -0.00180481 -0.00162887 -0.00151765 -0.00144987 -0.00139966 -0.00136033 -0.00134623 -0.00133242 -0.00131514 -0.00131325 -0.00130212 -0.00129472 -0.00129052 -0.00128716 -0.00128651 -0.00127714 -0.00127957 -0.00127094 -0.00125891 -0.00126587 -0.0012508 -0.00124954 -0.00125618 -0.00123881 -0.00124855 -0.00124349 -0.00122993 -0.00124396 -0.0012312 -0.00123182 -0.00123919 -0.00122373 -0.0012315 -0.00122512 -0.00121789 -0.00122733 -0.0012176 -0.00122515 
0 1.0419e-05 4.8809e-06 2.1758e-05 2.36033e-05 2.34096e-05 4.2053e-05 3.61211e-05 4.57253e-05 5.99517e-05 5.1752e-05 7.02812e-05 7.37906e-05 6.95787e-05 8.87622e-05 8.48202e-05 9.26348e-05 0.000108442 0.000105823 0.000116094 0.000125168 0.000127789 0.000132388 0.00014697 0.00015083 0.000150889 0.000173299 0.000167123 0.000174138 0.000199588 0.000198279 0.000221179 0.000247434 0.000276884 0.00032315 0.000404761 0.000533271 0.000695373 0.000960835 0.00133131 0.00184022 0.00254507 0.00349992 0.00474037 0.00628805 0.0082754 0.0107117 0.0136157 0.0170068 0.0208687 0.0251311 0.0296421 0.034247 0.0386882 0.0427578 0.0461424 0.0485681 0.0497824 0.0495548 0.0477303 0.0442524 0.0392254 0.0327804 0.0252444 0.0169326 0.00823379 -0.000472781 -0.00874886 -0.0162542 -0.0226945 -0.0278371 -0.0316065 -0.0339884 -0.0350535 -0.0348913 -0.0337509 -0.0318111 -0.0293223 -0.0264861 -0.0235523 -0.020626 -0.0178594 -0.0153304 -0.0131016 -0.0111505 -0.00950475 -0.00813727 -0.00698963 -0.006016 -0.00521942 -0.00457166 -0.00399451 -0.00347469 -0.00302718 -0.00265192 -0.00227798 -0.0019137 -0.00157669 -0.00128413 -0.000969556 -0.000645615 -0.000327979 -4.08983e-05 0.000281482 0.000631861 0.000994277 0.00134654 0.00175741 0.0022341 0.0027638 0.00334389 0.00404998 0.00491415 0.0059372 0.00715411 0.00862989 0.0103988 0.0124455 0.0148001 0.0174266 0.0202626 0.0231727 0.0260691 0.0287258 0.0309449 0.0324711 0.0331195 0.03262 0.0308544 0.0277173 0.0231973 0.0173192 0.0102839 0.0023518 -0.00614765 -0.0147941 -0.0231928 -0.0309485 -0.0377282 -0.0431778 -0.0471326 -0.0494518 -0.0501623 -0.049379 -0.0473302 -0.0442483 -0.0404063 -0.0361115 -0.0315927 -0.0271171 -0.0228373 -0.0189164 -0.0154428 -0.012472 -0.00995883 -0.00787803 -0.00624464 -0.00495396 -0.00395662 -0.00319427 -0.00264994 -0.00225345 -0.00196492 -0.0017856 -0.00165629 -0.00156879 -0.00150486 -0.00148044 -0.00145437 -0.0014284 -0.00143547 -0.00141345 -0.00140231 -0.00140542 -0.00139226 -0.00138646 -0.00138498 -0.00138047 -0.00136619 -0.00136947 -0.00136446 -0.00135038 -0.00136256 -0.00135016 -0.00134398 -0.0013518 -0.00133543 -0.00134035 -0.00133934 -0.00132726 -0.00133435 -0.00132662 -0.00132288 -0.00132757 -0.00132075 -0.00132323 -0.00132403 -0.0013191 -0.00132173 -0.00131841 
0 3.87089e-06 1.59826e-05 1.74036e-05 2.41223e-05 3.55229e-05 3.32532e-05 4.51202e-05 5.17799e-05 5.02129e-05 6.86633e-05 6.80785e-05 7.51364e-05 9.13606e-05 8.48202e-05 9.94672e-05 0.000103781 0.000101234 0.000117114 0.000122451 0.000132165 0.000141336 0.000152344 0.000151125 0.000157631 0.000173796 0.000167436 0.000192305 0.000200638 0.000200477 0.000222618 0.000232602 0.000264417 0.000302836 0.000374991 0.000458769 0.000583341 0.000797486 0.00108256 0.00150617 0.0020856 0.00287513 0.00389656 0.00524452 0.00698894 0.00912475 0.0117298 0.0148322 0.0184697 0.0225504 0.0270028 0.0316917 0.0364263 0.0409764 0.0450576 0.0484273 0.0507778 0.0518873 0.0515108 0.0495353 0.0459142 0.0407398 0.0341928 0.0265468 0.0181506 0.0093428 0.000538536 -0.00789946 -0.0155992 -0.0223045 -0.0277686 -0.031905 -0.0346621 -0.0360873 -0.0362759 -0.0354215 -0.0337133 -0.031352 -0.0285756 -0.0255969 -0.022594 -0.0196852 -0.0169953 -0.0145577 -0.0124232 -0.0105929 -0.00907208 -0.00776727 -0.00667135 -0.00576502 -0.0050384 -0.00438506 -0.00380619 -0.00330394 -0.00288937 -0.00247659 -0.00207855 -0.00170805 -0.00138749 -0.0010437 -0.000691741 -0.000345769 -3.16585e-05 0.000322635 0.000705102 0.0011028 0.00149029 0.00194927 0.00247837 0.00307508 0.00372395 0.00452491 0.00549691 0.00666268 0.00802156 0.00966832 0.0116119 0.0138669 0.016394 0.0191803 0.0221187 0.0251105 0.0279925 0.030572 0.0326082 0.033894 0.0342235 0.0333893 0.0312596 0.027758 0.0228988 0.0167342 0.00947386 0.00135232 -0.00727205 -0.016045 -0.0245429 -0.0324186 -0.0393014 -0.0449002 -0.0489924 -0.0514614 -0.0523157 -0.0516458 -0.0496706 -0.0466068 -0.0427633 -0.0383788 -0.033741 -0.0290775 -0.0246163 -0.0204991 -0.0167964 -0.013592 -0.0108937 -0.00869521 -0.00688329 -0.00545601 -0.00436277 -0.00353798 -0.00292414 -0.00247225 -0.00216781 -0.00193204 -0.00178858 -0.00169654 -0.00163678 -0.0015928 -0.00155887 -0.00154998 -0.0015184 -0.00152033 -0.00151751 -0.00149936 -0.00150112 -0.00148784 -0.00147868 -0.0014717 -0.00147407 -0.00146544 -0.00146222 -0.00146726 -0.00144659 -0.00145288 -0.0014484 -0.00143407 -0.00144478 -0.00143265 -0.00143154 -0.00143438 -0.00142276 -0.0014264 -0.00142234 -0.00141846 -0.00142156 -0.00141792 -0.00141797 -0.00141808 -0.00141515 -0.00141433 
0 9.5541e-06 1.00651e-05 2.4466e-05 2.42659e-05 3.32557e-05 4.29063e-05 4.31205e-05 5.93392e-05 5.89612e-05 6.73204e-05 7.65577e-05 7.409e-05 9.08016e-05 9.26348e-05 0.000103781 0.000117137 0.000117973 0.000132996 0.000132052 0.000136156 0.000143882 0.000150068 0.000162769 0.000173378 0.000186791 0.000187365 0.000202648 0.000207044 0.000219617 0.000249726 0.000257679 0.000298069 0.000334215 0.000394361 0.000507965 0.000663335 0.000898795 0.00122615 0.00169601 0.00232833 0.00320733 0.00435732 0.00582858 0.00769592 0.00999223 0.0128103 0.0161321 0.0199557 0.02423 0.0288796 0.033722 0.0385509 0.0431506 0.0472256 0.0505351 0.0527849 0.0537487 0.0532116 0.0510864 0.0473326 0.042051 0.0354418 0.027758 0.0193306 0.0105017 0.00166141 -0.00685905 -0.0146999 -0.0216158 -0.0273781 -0.0318711 -0.0350084 -0.036824 -0.0373982 -0.0368849 -0.0354527 -0.0332909 -0.0306189 -0.0276525 -0.0245984 -0.0215883 -0.0187424 -0.0161162 -0.0137912 -0.0117792 -0.0100817 -0.00861844 -0.0073877 -0.00636557 -0.00553756 -0.00480556 -0.00416377 -0.00360436 -0.00313625 -0.00268372 -0.00225376 -0.00184966 -0.00149145 -0.00111735 -0.000740718 -0.000367125 -1.6805e-05 0.000371309 0.000783583 0.00121543 0.00165066 0.00216177 0.00274613 0.00341006 0.00414755 0.0050511 0.00614313 0.00745268 0.00897649 0.0107956 0.0129247 0.0153735 0.0180741 0.0209866 0.0240086 0.0270316 0.0298618 0.0322949 0.0341048 0.0350925 0.0350674 0.0338598 0.0313562 0.0274896 0.0223077 0.0158993 0.00846251 0.00022355 -0.00846694 -0.0172821 -0.0258266 -0.0337497 -0.0406956 -0.0463971 -0.0506176 -0.0532289 -0.0542361 -0.0537095 -0.051839 -0.0488425 -0.0450084 -0.0405755 -0.0358546 -0.0310597 -0.0264033 -0.0220734 -0.018186 -0.0147906 -0.0118858 -0.00949415 -0.00754262 -0.00601472 -0.00481394 -0.00388864 -0.00320832 -0.00270839 -0.00235913 -0.00211269 -0.00195389 -0.00182418 -0.00175304 -0.00170542 -0.00166468 -0.00165904 -0.00163259 -0.00162124 -0.00160986 -0.00159703 -0.00159473 -0.00159132 -0.00159043 -0.0015804 -0.00158012 -0.0015648 -0.00155942 -0.00155925 -0.00154497 -0.00155213 -0.0015425 -0.00153958 -0.00153976 -0.00152615 -0.00153246 -0.00152441 -0.00152454 -0.00152843 -0.00151871 -0.00152385 -0.0015145 -0.00151089 -0.00151256 -0.00150415 -0.00151267 -0.00151033 
0 1.51495e-05 -8.24733e-07 3.0697e-05 2.57741e-05 2.89732e-05 5.63891e-05 3.94104e-05 6.17177e-05 6.92955e-05 6.2061e-05 9.11173e-05 8.40921e-05 9.48568e-05 0.000108442 0.000101234 0.000117973 0.000120052 0.000131989 0.000142603 0.0001505 0.00016913 0.000164932 0.00017923 0.000185703 0.000183069 0.0002053 0.000212653 0.00021988 0.000240008 0.000256734 0.000271417 0.000317151 0.000378162 0.000444832 0.000577947 0.000754546 0.00100076 0.00138565 0.00190774 0.00261747 0.00357216 0.00481954 0.00642453 0.00844358 0.0109257 0.013919 0.0174472 0.0214664 0.0259423 0.0307586 0.0357115 0.0406192 0.0452323 0.0492738 0.0524748 0.0545965 0.0553833 0.0546737 0.0523931 0.0485148 0.0431616 0.0365258 0.0288641 0.0204598 0.0116869 0.00286925 -0.00565929 -0.0135861 -0.0206588 -0.0266876 -0.0315161 -0.0350328 -0.0372601 -0.0382469 -0.0381194 -0.0370073 -0.0351088 -0.0325897 -0.0296939 -0.0266217 -0.0235483 -0.0205588 -0.0177671 -0.0152507 -0.0130572 -0.0111631 -0.00953898 -0.00816141 -0.0070147 -0.00606402 -0.00524835 -0.00453749 -0.00391734 -0.00338297 -0.00288866 -0.0024257 -0.00198766 -0.00158393 -0.00117868 -0.000777768 -0.000376776 1.71885e-05 0.000440289 0.000882759 0.00134904 0.00184309 0.00241035 0.00305472 0.00378821 0.00463271 0.0056482 0.00687187 0.00832666 0.010034 0.0120287 0.0143479 0.0169711 0.019836 0.0228417 0.0259187 0.0289178 0.03165 0.033871 0.0354067 0.036044 0.0356314 0.0340185 0.0311319 0.0269088 0.0214279 0.0148185 0.00725588 -0.00103041 -0.00972886 -0.0185086 -0.0270421 -0.0349465 -0.0419152 -0.0476727 -0.0520047 -0.0547531 -0.0559222 -0.0555612 -0.0538162 -0.0509285 -0.0471382 -0.0427035 -0.0379071 -0.0330145 -0.028207 -0.023695 -0.0196105 -0.0160083 -0.0129313 -0.0103639 -0.00826671 -0.00659146 -0.00528134 -0.00426798 -0.00352075 -0.00297122 -0.00255329 -0.00228211 -0.00209411 -0.00195299 -0.00187945 -0.00182634 -0.00177939 -0.00175575 -0.00174567 -0.00172529 -0.00171975 -0.00171909 -0.00169717 -0.00169479 -0.00168345 -0.00167228 -0.00167243 -0.00166288 -0.00166612 -0.00165384 -0.00165457 -0.00165107 -0.00163282 -0.00164814 -0.00163234 -0.00162995 -0.0016407 -0.00161446 -0.00162577 -0.00161736 -0.00160324 -0.00162227 -0.00160602 -0.00161441 -0.00162204 -0.00160421 -0.00161829 -0.00160464 
