0 0 0 0 0 0 0 0 0 0 0 0 0 0 0 0 0 0 0 0 0 0 0 0 0 0 0 0 0 0 0 0 0 0 0 0 0 0 0 0 0 0 0 0 0 0 0 0 0 0 0 0 0 0 0 0 0 0 0 0 0 0 0 0 0 0 0 0 0 0 0 0 0 0 0 0 0 0 0 0 0 0 0 0 0 0 0 0 0 0 0 0 0 0 0 0 0 0 0 0 0 0 0 0 0 0 0 0 0 0 0 0 0 0 0 0 0 0 0 0 0 0 0 0 0 0 0 0 0 0 0 0 0 0 0 0 0 0 0 0 0 0 0 0 0 0 0 0 0 0 0 0 0 0 0 0 0 0 0 0 0 0 0 0 0 0 0 0 0 0 0 0 0 0 0 0 0 0 0 0 0 0 0 0 0 0 0 0 0 0 0 0 0 0 0 0 0 0 0 0 
0 -2.50017e-06 5.28928e-06 1.0342e-06 1.83889e-06 5.15641e-06 -3.81083e-06 2.32398e-06 -4.0997e-07 -4.097e-06 7.29717e-06 -1.57725e-06 5.96054e-06 9.52346e-06 5.80918e-07 1.4655e-05 9.48085e-06 1.7121e-05 3.50567e-05 4.41141e-05 7.61687e-05 0.000112298 0.000162639 0.000234442 0.00033576 0.000457754 0.000621209 0.000828576 0.00105482 0.00135065 0.00166944 0.00202674 0.00242753 0.00281586 0.00319969 0.00352027 0.00376036 0.00387182 0.00384816 0.00367251 0.00331936 0.0028192 0.00216334 0.00139896 0.000555636 -0.000270639 -0.00105629 -0.00174939 -0.00228498 -0.00268594 -0.00292161 -0.00299252 -0.0029052 -0.00273572 -0.00248268 -0.00219267 -0.0018929 -0.00160413 -0.00135226 -0.00111961 -0.000931382 -0.000782022 -0.000678705 -0.000570865 -0.000496372 -0.000437796 -0.000396318 -0.000357254 -0.000323011 -0.000286846 -0.000262673 -0.000253037 -0.000224134 -0.000201514 -0.000184439 -0.000178854 -0.000156279 -0.000146794 -0.000126962 -0.00012095 -0.000110458 -0.000102916 -8.02208e-05 -7.9177e-05 -7.53674e-05 -6.2537e-05 -4.46726e-05 -4.82553e-05 -4.32022e-05 -2.75614e-05 -1.84926e-05 -2.163e-05 -1.32121e-05 4.21188e-07 2.75894e-06 3.26039e-06 1.33003e-05 2.29328e-05 2.2045e-05 2.63858e-05 3.6639e-05 4.20605e-05 4.02573e-05 4.81704e-05 5.81146e-05 5.87374e-05 5.83257e-05 7.0051e-05 7.8273e-05 7.38365e-05 7.85984e-05 9.2759e-05 9.70889e-05 9.04479e-05 0.000103381 0.000115223 0.000116962 0.00011376 0.000131933 0.000137737 0.000144763 0.000146734 0.000162214 0.000167598 0.000186849 0.000188863 0.000200513 0.000216733 0.000243327 0.000248062 0.000266015 0.000294094 0.000324 0.000355615 0.000390318 0.000435722 0.000497724 0.000594546 0.000685024 0.000811086 0.00097488 0.00119354 0.00143021 0.00169868 0.00197857 0.00227543 0.00254721 0.00273573 0.00284649 0.00282789 0.00265522 0.00230932 0.0018323 0.00118999 0.000441531 -0.000362653 -0.00118574 -0.00195835 -0.00264192 -0.00317634 -0.00357343 -0.00379425 -0.00386006 -0.00378078 -0.00358249 -0.00328938 -0.00292509 -0.00255384 -0.00215243 -0.00179123 -0.00146616 -0.00116682 -0.00093187 -0.000725688 -0.000558665 -0.000426382 -0.000326926 -0.000243122 -0.000190285 -0.000154894 -0.000117048 -0.00011156 -9.02623e-05 -8.0186e-05 -8.27841e-05 -6.62905e-05 -7.45352e-05 -7.14005e-05 -6.88616e-05 -7.77716e-05 -7.10063e-05 -7.50683e-05 -7.39314e-05 -6.95204e-05 -7.19771e-05 -6.82795e-05 -6.91858e-05 -7.09272e-05 -6.96043e-05 -7.1271e-05 
0 5.28928e-06 -1.17081e-05 7.32466e-06 -6.35187e-06 -1.73124e-06 1.22216e-05 -4.88943e-06 1.50825e-05 5.5953e-06 -1.14003e-07 1.35283e-05 -4.95074e-06 8.84185e-06 1.15805e-05 1.03869e-05 3.23074e-05 3.78492e-05 6.27632e-05 9.79408e-05 0.00014718 0.000224907 0.000332821 0.000483932 0.000673476 0.000929903 0.00124662 0.00163293 0.00212036 0.00268421 0.00333433 0.00407376 0.00484609 0.00562947 0.00638775 0.00702523 0.00749186 0.00774524 0.00769021 0.00731445 0.00663486 0.0056073 0.00430485 0.00279788 0.00113958 -0.000535126 -0.0021032 -0.00346368 -0.00456098 -0.00533613 -0.00579583 -0.00594443 -0.00582394 -0.00546161 -0.00492777 -0.00436784 -0.00379513 -0.00322448 -0.00268379 -0.00223768 -0.0018614 -0.00157722 -0.00134505 -0.00114167 -0.000989845 -0.00087674 -0.000790909 -0.000708702 -0.000647464 -0.000567728 -0.000530426 -0.000494069 -0.000452479 -0.000392791 -0.000372414 -0.000343699 -0.000313599 -0.000280045 -0.000251783 -0.00022842 -0.000213933 -0.00019113 -0.000151935 -0.000144778 -0.000135432 -0.000111134 -7.45865e-05 -8.19475e-05 -6.54651e-05 -4.2125e-05 -1.6757e-05 -2.78987e-05 -2.55733e-06 1.36737e-05 2.96261e-05 2.20823e-05 5.16814e-05 5.90727e-05 7.02928e-05 6.81209e-05 9.83916e-05 9.78195e-05 0.000107301 0.000111148 0.000140234 0.000131776 0.000142532 0.000153947 0.000178332 0.000162838 0.000180091 0.000198255 0.000212724 0.000196847 0.00022403 0.000242873 0.000247814 0.000243338 0.000273696 0.000288993 0.00029648 0.00030812 0.000327482 0.000349706 0.000372431 0.000391209 0.000400088 0.000446393 0.000481134 0.000507705 0.00053104 0.000598264 0.000647665 0.000716802 0.000786335 0.000883202 0.00100919 0.00118641 0.00138771 0.0016437 0.0019818 0.00237957 0.00287381 0.00342725 0.00399462 0.00453543 0.00507044 0.00548547 0.00569486 0.00563047 0.00526593 0.00460205 0.00361801 0.002358 0.000879067 -0.000739182 -0.00239554 -0.00392101 -0.00525858 -0.00634878 -0.00710473 -0.00755857 -0.00770766 -0.00754479 -0.00714054 -0.00655953 -0.00584047 -0.00507418 -0.00431986 -0.0035896 -0.0029338 -0.0023614 -0.00186107 -0.00145233 -0.00112004 -0.000855405 -0.000651009 -0.000497458 -0.000384966 -0.000294549 -0.000245472 -0.000202327 -0.000174735 -0.000174739 -0.000152154 -0.000158303 -0.00015619 -0.000139846 -0.000153676 -0.000136067 -0.000138275 -0.000145307 -0.000131822 -0.000148977 -0.00014215 -0.000142612 -0.000151441 -0.000137985 -0.000147863 -0.000140769 
0 1.0342e-06 7.32466e-06 3.45566e-06 3.69606e-06 8.19572e-06 -2.62944e-06 3.42662e-06 2.42075e-06 -3.33147e-06 1.28477e-05 3.68224e-06 1.28178e-05 2.14872e-05 1.1121e-05 3.38197e-05 3.57469e-05 5.63198e-05 0.000101022 0.000142645 0.000229441 0.00034262 0.000499025 0.000718316 0.00101709 0.00139184 0.0018785 0.00248562 0.00318638 0.00405112 0.00501379 0.00608947 0.0072623 0.00842572 0.00955065 0.0105004 0.0112013 0.0115401 0.011464 0.0109286 0.00989069 0.00839245 0.00645545 0.00419454 0.00171859 -0.000743882 -0.00307284 -0.00511958 -0.00673753 -0.00792708 -0.00863545 -0.00886522 -0.00865363 -0.00815121 -0.00741114 -0.00656392 -0.00568463 -0.0048305 -0.00406193 -0.00337384 -0.00280694 -0.00235826 -0.00202158 -0.00170935 -0.00147766 -0.00129849 -0.0011651 -0.0010456 -0.000939854 -0.00083405 -0.00076129 -0.000715467 -0.000638456 -0.000568548 -0.000518145 -0.000486985 -0.00043022 -0.000391261 -0.000339296 -0.000312112 -0.000281667 -0.000251163 -0.000195704 -0.000181861 -0.000165281 -0.000128569 -8.36719e-05 -8.17121e-05 -6.31711e-05 -2.41425e-05 2.77881e-06 3.36262e-06 2.79825e-05 6.08108e-05 7.37766e-05 7.98358e-05 0.000107036 0.000130418 0.000136271 0.000148781 0.000175685 0.000189738 0.000193075 0.000212029 0.000237513 0.000241649 0.000247067 0.000273457 0.000294747 0.000289099 0.000304005 0.000335871 0.000348828 0.000339646 0.00036994 0.000399112 0.000406452 0.000405454 0.000445876 0.000466394 0.000483921 0.00049558 0.000531815 0.000555497 0.000598597 0.000614711 0.000646323 0.000695863 0.000760068 0.000788295 0.000839298 0.000920482 0.00100761 0.00110288 0.0012102 0.00135163 0.00154367 0.00181697 0.0021083 0.0024927 0.00299094 0.0036257 0.00434112 0.00514188 0.00597854 0.00683256 0.00761297 0.0081771 0.00847739 0.00839221 0.00785484 0.00683013 0.00538031 0.00348072 0.00126416 -0.00112856 -0.00356494 -0.00585161 -0.00786319 -0.00946272 -0.0106264 -0.0112925 -0.0114958 -0.0112665 -0.0106786 -0.00981205 -0.00874671 -0.00762571 -0.00646045 -0.0053796 -0.00440256 -0.00352491 -0.0028034 -0.00218827 -0.00168747 -0.00129034 -0.000985508 -0.000743042 -0.000577921 -0.000460985 -0.000363743 -0.000324508 -0.000273159 -0.000247773 -0.000240676 -0.00021368 -0.000222586 -0.000214971 -0.000213022 -0.000223567 -0.000214541 -0.000220851 -0.000217468 -0.000212563 -0.000214581 -0.000209556 -0.000210375 -0.000210896 -0.000211841 -0.000213394 
0 1.83889e-06 -6.35187e-06 3.69606e-06 -8.05117e-09 3.08339e-06 8.77613e-06 3.79186e-06 1.2706e-05 7.78186e-06 8.57164e-06 1.2527e-05 7.62348e-06 1.80381e-05 2.1502e-05 3.42263e-05 5.6154e-05 8.20206e-05 0.000132379 0.000200689 0.000308375 0.000463495 0.000679953 0.000979004 0.00137026 0.00187874 0.00251984 0.00331014 0.00426677 0.00539815 0.00668996 0.00813126 0.00966508 0.0112087 0.0126802 0.0139313 0.0148444 0.0153055 0.0151982 0.0144721 0.013109 0.0111128 0.00856258 0.00559054 0.00235199 -0.000914036 -0.00398946 -0.00668251 -0.00884793 -0.0104161 -0.0113579 -0.0116857 -0.0114649 -0.0108019 -0.00982751 -0.00872384 -0.00758234 -0.00645786 -0.00541501 -0.00450722 -0.00375199 -0.00315491 -0.00267703 -0.0022703 -0.00195339 -0.00171238 -0.0015244 -0.00136171 -0.00121823 -0.00107921 -0.000981776 -0.000903235 -0.000810071 -0.000713147 -0.000647499 -0.000590304 -0.000524938 -0.00046129 -0.000399848 -0.000352813 -0.000313065 -0.000263654 -0.000201699 -0.000171648 -0.000144455 -9.63131e-05 -4.42022e-05 -2.90734e-05 -6.39917e-07 4.44148e-05 8.06667e-05 9.06642e-05 0.000123755 0.000159932 0.00018343 0.000195202 0.000229779 0.000255356 0.000271682 0.00028714 0.000320443 0.00033637 0.000349414 0.000369459 0.000400197 0.000406921 0.000420582 0.000446892 0.000472496 0.000471259 0.000491634 0.000523634 0.000540603 0.000537882 0.000569732 0.00060219 0.000613017 0.000619839 0.00065914 0.000689059 0.000707716 0.000729284 0.000765802 0.000804532 0.000846659 0.000878329 0.000915163 0.000982625 0.00105184 0.00110329 0.00116806 0.00127387 0.00138622 0.00151432 0.00166257 0.00185671 0.00211817 0.00246569 0.00287768 0.00339946 0.00406882 0.00488848 0.00585137 0.00692049 0.00802698 0.00911654 0.0101199 0.0108745 0.0112388 0.0110867 0.0103452 0.00899124 0.00704022 0.00453982 0.00161903 -0.00155271 -0.0047677 -0.00777735 -0.0104134 -0.0125376 -0.0140559 -0.014949 -0.0152313 -0.0149325 -0.0141563 -0.0130145 -0.0116208 -0.0101239 -0.00861587 -0.0071818 -0.00587979 -0.00473112 -0.00374862 -0.00293034 -0.00226331 -0.00173226 -0.00132186 -0.00100696 -0.000778335 -0.00060965 -0.000493867 -0.000418187 -0.000363144 -0.000338235 -0.000315517 -0.000305317 -0.000301849 -0.000289917 -0.000292809 -0.000285164 -0.000283183 -0.000286567 -0.000280243 -0.000287374 -0.000284667 -0.000285767 -0.000290129 -0.000283466 -0.000288556 -0.000283215 
0 5.15641e-06 -1.73124e-06 8.19572e-06 3.08339e-06 1.19635e-06 9.74266e-06 2.30916e-06 9.88673e-06 1.09597e-05 7.45752e-06 1.8335e-05 1.43265e-05 2.22682e-05 3.42112e-05 4.20065e-05 7.24443e-05 0.000107486 0.000166621 0.000261091 0.000394095 0.000591024 0.000864594 0.00123975 0.00173098 0.00237282 0.00317835 0.00416549 0.00536828 0.00676809 0.00837699 0.0101621 0.0120512 0.0139639 0.0157653 0.0173046 0.0184178 0.0189747 0.0188367 0.0179351 0.0162538 0.0137915 0.0106546 0.00699049 0.00301919 -0.00100241 -0.00479079 -0.00811526 -0.0108154 -0.0127753 -0.0139682 -0.014404 -0.0141736 -0.0133878 -0.0122293 -0.0108808 -0.00947038 -0.00808302 -0.00678812 -0.00565728 -0.00470535 -0.00394376 -0.0033221 -0.00281608 -0.00240701 -0.00209403 -0.00184519 -0.00163574 -0.00144804 -0.00127891 -0.00114873 -0.00103487 -0.000921226 -0.000803426 -0.000714486 -0.000632016 -0.000554025 -0.000468395 -0.000394877 -0.000329027 -0.000274663 -0.000207491 -0.000141948 -9.26494e-05 -5.08345e-05 7.07503e-06 6.21632e-05 9.73296e-05 0.000135686 0.000185592 0.000228207 0.000255344 0.000293199 0.000333467 0.000365626 0.000389666 0.000425897 0.000456418 0.000481593 0.000504887 0.000538081 0.000560149 0.000581206 0.000605325 0.000634729 0.000649733 0.000669612 0.00069634 0.000720856 0.000731008 0.000753635 0.000783776 0.000802527 0.000812875 0.000841422 0.000874189 0.00089019 0.000907942 0.000941838 0.000978637 0.00100154 0.00103142 0.00106878 0.00111861 0.00116106 0.00120527 0.00125305 0.00133004 0.00140472 0.00147773 0.00156096 0.00168289 0.00182254 0.00198145 0.00217073 0.00241756 0.00275087 0.00317461 0.00370358 0.00436303 0.0052042 0.00622173 0.00741492 0.00872553 0.0100908 0.0114244 0.0126232 0.0135186 0.0139218 0.0136985 0.0127515 0.0110572 0.00861372 0.00551773 0.00190916 -0.00200083 -0.00594795 -0.00965894 -0.0129068 -0.0155348 -0.0174122 -0.0185241 -0.018875 -0.0185197 -0.0175735 -0.0161727 -0.014471 -0.0126159 -0.0107588 -0.00897829 -0.00735595 -0.00593277 -0.00470373 -0.00368458 -0.0028504 -0.00218513 -0.00166605 -0.00127428 -0.000983625 -0.000770728 -0.0006312 -0.000526413 -0.000462912 -0.000425265 -0.000391267 -0.000383047 -0.00036981 -0.000362014 -0.000365245 -0.000356085 -0.00035991 -0.00035931 -0.000355105 -0.000360924 -0.000354871 -0.000355842 -0.000357398 -0.000351914 -0.000357542 -0.000355296 
0 -3.81083e-06 1.22216e-05 -2.62944e-06 8.77613e-06 9.74266e-06 1.30684e-07 1.58229e-05 1.82967e-06 9.43305e-06 1.82556e-05 8.91688e-06 2.89365e-05 2.81073e-05 3.76042e-05 6.32683e-05 8.25662e-05 0.000135909 0.000209729 0.000321759 0.00048976 0.000729192 0.00106153 0.00150848 0.00211364 0.00287715 0.00384925 0.00505102 0.00647277 0.00815964 0.0100765 0.0121818 0.0144292 0.0166874 0.0187995 0.0206069 0.0219181 0.0225391 0.0223727 0.0213131 0.0193027 0.0164132 0.0127186 0.0083977 0.0037248 -0.000992256 -0.00545934 -0.00940537 -0.0126073 -0.0149683 -0.0164247 -0.0169926 -0.0167487 -0.0158842 -0.0145872 -0.0130087 -0.0113334 -0.00969048 -0.00817132 -0.00680505 -0.0056574 -0.00471092 -0.00395137 -0.00333129 -0.00282796 -0.00243194 -0.00211702 -0.00185667 -0.00161649 -0.00142269 -0.00124637 -0.00110155 -0.000954226 -0.000826802 -0.000699119 -0.000599037 -0.000494366 -0.000395456 -0.000299471 -0.00021982 -0.000139654 -5.89784e-05 1.35405e-05 8.31463e-05 0.000145086 0.000212468 0.000268964 0.000330543 0.000377995 0.000436024 0.000480664 0.000533964 0.00057094 0.000621521 0.000656268 0.000702163 0.000731697 0.000775213 0.000801993 0.000842189 0.000865745 0.000902691 0.000924029 0.000959919 0.000978354 0.00101026 0.00102882 0.00106116 0.00107627 0.00110543 0.00112348 0.00115329 0.00116892 0.00119711 0.00121713 0.00124744 0.00126889 0.00129682 0.00132383 0.00136016 0.00139264 0.00142321 0.00146631 0.00151482 0.00156587 0.00161069 0.0016801 0.00175042 0.00183889 0.00192294 0.00203489 0.00216026 0.00233222 0.00251922 0.00275275 0.00305326 0.00345739 0.00396891 0.00460873 0.00541444 0.00641829 0.00765373 0.00905558 0.0105887 0.0121895 0.0137688 0.0151293 0.0161082 0.0165296 0.0162186 0.0150567 0.0129951 0.0100858 0.006399 0.00212318 -0.00248013 -0.00711299 -0.0114965 -0.015338 -0.0184244 -0.0206722 -0.0219898 -0.0224023 -0.022009 -0.0209099 -0.0192647 -0.0172707 -0.0150946 -0.0128776 -0.0107753 -0.00884704 -0.00713412 -0.00568112 -0.00445297 -0.00344908 -0.00265059 -0.00202339 -0.00154662 -0.00119388 -0.000945778 -0.000760481 -0.000645313 -0.000565012 -0.000502158 -0.000482106 -0.000450508 -0.000440907 -0.000443761 -0.000426707 -0.000439121 -0.000432598 -0.000426821 -0.000436481 -0.000422264 -0.000429411 -0.000428 -0.00042126 -0.000431988 -0.000422309 -0.000427875 
0 2.32398e-06 -4.88943e-06 3.42662e-06 3.79186e-06 2.30916e-06 1.58229e-05 8.29164e-06 1.4922e-05 2.31731e-05 9.47367e-06 2.54166e-05 2.18247e-05 2.50546e-05 5.46784e-05 6.24362e-05 0.000111263 0.000171173 0.000250847 0.00039734 0.000589353 0.000873845 0.00127345 0.00180987 0.00250674 0.0034174 0.00454716 0.00592528 0.00761242 0.00954752 0.0117773 0.0142264 0.0167885 0.0193774 0.0217784 0.0238326 0.0252998 0.0260216 0.025813 0.0245669 0.0222788 0.0189493 0.0147313 0.00981634 0.00452127 -0.000882432 -0.00599048 -0.0105013 -0.0142255 -0.016956 -0.0186663 -0.0193803 -0.01922 -0.0182804 -0.0168285 -0.0150617 -0.0131769 -0.011299 -0.00951106 -0.00793505 -0.00658535 -0.00546913 -0.00453075 -0.00380149 -0.00319162 -0.00271389 -0.00232014 -0.00199636 -0.00171077 -0.00147552 -0.00126459 -0.00106405 -0.000900998 -0.000738088 -0.000592074 -0.000447379 -0.000332638 -0.000198345 -9.54613e-05 1.76491e-05 0.000114885 0.000221115 0.00029576 0.000393553 0.000476535 0.000555034 0.000617986 0.000702966 0.000768723 0.000828219 0.000886583 0.000955452 0.00100625 0.0010548 0.00110743 0.00116021 0.00120047 0.00124131 0.00128629 0.00132642 0.00135832 0.00139303 0.00143079 0.00146129 0.0014855 0.00151745 0.00154872 0.00157116 0.00159029 0.00162399 0.00164735 0.00166517 0.00168502 0.00172212 0.00173654 0.00175907 0.00178438 0.00182271 0.00183552 0.00187482 0.00190474 0.00194732 0.00197705 0.00203757 0.00207558 0.00214065 0.00220552 0.00228887 0.00236534 0.00248008 0.00260089 0.00274569 0.00293169 0.00315477 0.00343519 0.00379487 0.00427215 0.0048539 0.00563343 0.0065889 0.00776857 0.00916273 0.0107959 0.0125622 0.0143822 0.0161136 0.0176078 0.0186908 0.0190792 0.0186274 0.0172174 0.0148214 0.0114124 0.00718176 0.00228818 -0.00299441 -0.00829026 -0.0132844 -0.0176603 -0.0212199 -0.0237744 -0.0253133 -0.0258179 -0.025379 -0.024138 -0.0222745 -0.0200125 -0.0175072 -0.0150038 -0.0125746 -0.0103393 -0.0083774 -0.00665874 -0.00523357 -0.00406484 -0.00312657 -0.00239049 -0.00183912 -0.00141529 -0.00110783 -0.000907803 -0.000743792 -0.000661713 -0.000601686 -0.000553044 -0.000548866 -0.000519226 -0.000514044 -0.000512136 -0.000494665 -0.000503571 -0.000496833 -0.000495565 -0.000503154 -0.000497663 -0.000502126 -0.000503102 -0.000498807 -0.000501184 -0.000497834 
0 -4.0997e-07 1.50825e-05 2.42075e-06 1.2706e-05 9.88673e-06 1.82967e-06 1.4922e-05 4.78903e-06 1.54541e-05 2.00807e-05 2.07915e-05 3.98158e-05 4.10033e-05 6.34686e-05 8.84021e-05 0.000127542 0.000202861 0.000303771 0.000471885 0.000703117 0.00103674 0.00149788 0.00210902 0.00292712 0.00396437 0.00526904 0.00686869 0.00877125 0.0109874 0.0135028 0.0162456 0.0191312 0.0220235 0.0246956 0.0269695 0.0285967 0.0293527 0.0291044 0.0277136 0.0251368 0.021437 0.0167391 0.0112655 0.00536388 -0.00062187 -0.00631521 -0.0113826 -0.0155737 -0.0187012 -0.0207002 -0.0215857 -0.0214598 -0.0205196 -0.0190016 -0.0170702 -0.0149522 -0.0128426 -0.0108489 -0.00904644 -0.00748463 -0.00615988 -0.00506677 -0.00419716 -0.00347741 -0.00289357 -0.0024176 -0.00202139 -0.00167881 -0.00140188 -0.00113794 -0.000895323 -0.000691203 -0.000508565 -0.000321015 -0.00015113 8.5713e-07 0.000150582 0.000282405 0.000413915 0.000546012 0.000664957 0.000757508 0.000874918 0.000985955 0.00107398 0.00114939 0.00125587 0.00133948 0.00140748 0.00147615 0.00156497 0.00162441 0.00168231 0.00174301 0.00181174 0.00185448 0.00190531 0.00195543 0.00200689 0.00203745 0.00208178 0.002122 0.00215884 0.00217943 0.00222039 0.00225184 0.00227466 0.00229026 0.00233231 0.00235323 0.00236525 0.00238517 0.00242829 0.00243767 0.00245032 0.00248134 0.00252024 0.00252879 0.00255708 0.00259608 0.0026337 0.00266631 0.00271521 0.00276159 0.00282302 0.00290089 0.00297334 0.00305878 0.00318096 0.00332317 0.00347302 0.00368053 0.00393597 0.00425919 0.00467806 0.00522456 0.00590594 0.00679351 0.00789997 0.00924626 0.0108465 0.0126572 0.0146048 0.0166188 0.0185349 0.0201175 0.0211877 0.0215255 0.0209344 0.0192765 0.0165007 0.0126414 0.00785674 0.00236443 -0.00351131 -0.00940366 -0.0149806 -0.0198845 -0.0238573 -0.0267536 -0.0284852 -0.0290598 -0.0286102 -0.0272568 -0.0252039 -0.0226959 -0.0199159 -0.0170838 -0.0143565 -0.0118357 -0.00959332 -0.00766303 -0.00603139 -0.0046918 -0.00361893 -0.00276867 -0.00212852 -0.00164323 -0.00129766 -0.00105194 -0.000877545 -0.000769855 -0.000683638 -0.0006414 -0.000608863 -0.000586715 -0.000588527 -0.000573611 -0.000580618 -0.000578528 -0.00057204 -0.000580848 -0.000567291 -0.000571946 -0.000569445 -0.000561785 -0.000572579 -0.000563869 -0.000571228 
0 -4.097e-06 5.5953e-06 -3.33147e-06 7.78186e-06 1.09597e-05 9.43305e-06 2.31731e-05 1.54541e-05 2.17814e-05 2.56034e-05 2.38601e-05 3.92878e-05 4.51331e-05 7.08492e-05 0.000106421 0.00015729 0.000246841 0.000368017 0.000559773 0.000830189 0.0012135 0.00174553 0.00244806 0.00337642 0.00455275 0.00602107 0.00781776 0.00995274 0.0124357 0.0152399 0.0182876 0.0214723 0.0246366 0.0275556 0.030019 0.0317752 0.0325853 0.0322879 0.0307393 0.0278993 0.0238387 0.0187005 0.012744 0.0063177 -0.000212777 -0.00644623 -0.0120217 -0.0166629 -0.0201601 -0.022433 -0.0235138 -0.0235008 -0.0225817 -0.0209901 -0.0189317 -0.0166439 -0.0143256 -0.0121051 -0.010082 -0.00831176 -0.0067863 -0.00551441 -0.00449149 -0.00365122 -0.00295881 -0.00238699 -0.00190776 -0.00150494 -0.00117302 -0.000855945 -0.000561698 -0.000315341 -9.7119e-05 0.000126558 0.000334664 0.000523589 0.000700328 0.000860332 0.00102174 0.00118634 0.00132665 0.00144249 0.00158365 0.00172204 0.00182676 0.00192175 0.002047 0.00215233 0.00223306 0.00231803 0.00242096 0.00249663 0.00256396 0.00263756 0.00271576 0.00276996 0.0028272 0.00288659 0.00294302 0.00298103 0.00302885 0.00307465 0.00311214 0.00313691 0.00317857 0.00321202 0.00323139 0.0032487 0.00328899 0.00330844 0.00331335 0.00333335 0.00337272 0.00337758 0.00338026 0.00341038 0.0034445 0.00344648 0.00346317 0.00350068 0.00353433 0.00356023 0.0035981 0.00364288 0.00370381 0.00377899 0.00384576 0.00393113 0.00406154 0.00421489 0.00437604 0.00459697 0.00488639 0.0052587 0.00573894 0.00635384 0.00713319 0.00814838 0.00941139 0.0109187 0.0126879 0.0146838 0.0168199 0.0189846 0.0209989 0.0226352 0.02369 0.0239256 0.0231359 0.0211957 0.0180469 0.0137368 0.00843975 0.00239874 -0.004047 -0.0105017 -0.0165964 -0.0219694 -0.0263356 -0.0295319 -0.0314633 -0.0321376 -0.0316776 -0.0302279 -0.0280111 -0.0252783 -0.0222476 -0.0191424 -0.0161349 -0.0133401 -0.0108397 -0.00867513 -0.00684109 -0.00533484 -0.00412259 -0.00316475 -0.00243535 -0.00187998 -0.00148037 -0.00119276 -0.000993084 -0.000866896 -0.000775146 -0.000728359 -0.000693329 -0.00067085 -0.000664734 -0.000648256 -0.000649328 -0.000643256 -0.000638049 -0.000644901 -0.000637354 -0.000644262 -0.000644902 -0.000640885 -0.000647681 -0.000639321 -0.000641418 
0 7.29717e-06 -1.14003e-07 1.28477e-05 8.57164e-06 7.45752e-06 1.82556e-05 9.47367e-06 2.00807e-05 2.56034e-05 2.46279e-05 4.20071e-05 4.4004e-05 6.16506e-05 9.24335e-05 0.00012502 0.000194741 0.000292602 0.000438111 0.000659299 0.000973961 0.00141014 0.00201216 0.00281605 0.00384732 0.00517918 0.00682133 0.00881151 0.0111953 0.0139259 0.0170033 0.0203401 0.023796 0.0272104 0.0303553 0.0329867 0.0348352 0.0356924 0.0353342 0.0336347 0.030574 0.0261881 0.0206632 0.0142772 0.00739503 0.000380536 -0.00632683 -0.012356 -0.0174273 -0.0212888 -0.0238504 -0.025134 -0.025272 -0.0244104 -0.0227899 -0.020645 -0.0182135 -0.0157034 -0.0132635 -0.0110316 -0.00903766 -0.00730676 -0.00583645 -0.00464829 -0.00366728 -0.00285465 -0.00217099 -0.00159823 -0.00112679 -0.00072334 -0.000351502 2.51364e-06 0.000293531 0.000562537 0.000817535 0.00107441 0.00129833 0.00151215 0.0016996 0.00189967 0.00209175 0.00226118 0.00240502 0.00257198 0.00273462 0.00286304 0.00298355 0.00312395 0.00325297 0.00335093 0.00345692 0.00356833 0.00366622 0.00374355 0.00383385 0.00391593 0.00398897 0.00404984 0.00412185 0.004178 0.00423074 0.00427696 0.00433089 0.00436454 0.0044 0.00443535 0.00447216 0.0044856 0.00450905 0.00453879 0.00455766 0.00455594 0.00457589 0.0046028 0.00460439 0.00459951 0.00462249 0.00464721 0.00464235 0.00464964 0.00467592 0.0047071 0.00471979 0.0047494 0.00478405 0.00484767 0.00490683 0.00497398 0.00505264 0.00519062 0.00534385 0.00552218 0.00575189 0.00607375 0.00649418 0.00703432 0.00772267 0.00859862 0.0097428 0.0111511 0.0128251 0.0147425 0.0169029 0.0191937 0.0214772 0.0235438 0.0251861 0.026176 0.0262546 0.0252422 0.0230018 0.0194846 0.0147234 0.0089441 0.00240215 -0.00455845 -0.0115164 -0.0180786 -0.0238795 -0.0286293 -0.0320972 -0.0342262 -0.0350122 -0.0345528 -0.0330425 -0.0306996 -0.0277768 -0.0245137 -0.021165 -0.0178825 -0.0148222 -0.0120872 -0.00968399 -0.00766198 -0.00598986 -0.00463191 -0.00356702 -0.00274567 -0.00212402 -0.00166861 -0.00135097 -0.00111783 -0.000970241 -0.000874311 -0.000800255 -0.000772331 -0.000741993 -0.000725339 -0.000727254 -0.00071208 -0.000718269 -0.000717482 -0.000710088 -0.000719435 -0.000710133 -0.000711686 -0.000715595 -0.000706746 -0.000715699 -0.000712156 
0 -1.57725e-06 1.35283e-05 3.68224e-06 1.2527e-05 1.8335e-05 8.91688e-06 2.54166e-05 2.07915e-05 2.38601e-05 4.20071e-05 3.68312e-05 6.16911e-05 8.40838e-05 0.000105383 0.000166541 0.000233431 0.000348796 0.000527762 0.000775472 0.00113739 0.0016394 0.00231533 0.00320618 0.00437691 0.0058385 0.00766024 0.00987757 0.0124651 0.0154727 0.0188102 0.0224021 0.0261245 0.0297651 0.033106 0.0358694 0.0378228 0.0386706 0.0382542 0.0364371 0.0331469 0.0284951 0.0226423 0.0158918 0.00858771 0.0011967 -0.00592171 -0.0123764 -0.0178112 -0.0220296 -0.0248935 -0.02642 -0.0266812 -0.0259322 -0.0243484 -0.0221589 -0.0195882 -0.016901 -0.014293 -0.0118391 -0.00962317 -0.00765797 -0.00600826 -0.00462021 -0.00349319 -0.00253253 -0.00173388 -0.00105548 -0.000499447 -1.70355e-05 0.000426918 0.000830179 0.00119286 0.00150292 0.00181532 0.0021041 0.0023898 0.00262581 0.00286851 0.00309288 0.00333008 0.00351996 0.00371322 0.00389673 0.00409173 0.00424488 0.0044011 0.0045539 0.00470795 0.00483098 0.00495762 0.00508142 0.00519786 0.00529605 0.00539581 0.00549047 0.00557486 0.00565087 0.00572489 0.00579145 0.0058493 0.0059045 0.00595473 0.00599494 0.00603153 0.00606794 0.00609714 0.00611323 0.0061351 0.00615557 0.006167 0.00616339 0.00617847 0.006186 0.00618546 0.00617017 0.00618573 0.00618576 0.0061847 0.00616851 0.0061909 0.00619715 0.00621307 0.00621084 0.00625153 0.00629037 0.00634867 0.00639296 0.00648307 0.00660423 0.00676472 0.00694912 0.00719624 0.00754752 0.00801023 0.00861516 0.00937276 0.0103735 0.0116205 0.0131762 0.0149977 0.0170919 0.0193638 0.0217617 0.0241253 0.0262318 0.0278192 0.0286461 0.0285513 0.0272877 0.0247275 0.0208046 0.0156456 0.00939227 0.00237876 -0.00501355 -0.0124211 -0.0194112 -0.0256087 -0.0306739 -0.0344378 -0.0367414 -0.0376303 -0.0372196 -0.0356682 -0.0332307 -0.0301495 -0.0267089 -0.0231069 -0.0195947 -0.0162985 -0.0133042 -0.0107125 -0.00848641 -0.00664392 -0.0051555 -0.0039724 -0.00305583 -0.00237052 -0.00186643 -0.00149293 -0.00125191 -0.00106971 -0.000952397 -0.000891726 -0.000829789 -0.000816051 -0.000802 -0.000783967 -0.000796026 -0.000782289 -0.000783255 -0.000789937 -0.000776599 -0.000786884 -0.000782872 -0.000778047 -0.000788864 -0.000778866 -0.000784746 
0 5.96054e-06 -4.95074e-06 1.28178e-05 7.62348e-06 1.43265e-05 2.89365e-05 2.18247e-05 3.98158e-05 3.92878e-05 4.4004e-05 6.16911e-05 6.8048e-05 0.000100599 0.000135108 0.000198903 0.00029389 0.000427906 0.000636719 0.000917059 0.00133439 0.0018941 0.00265234 0.00366542 0.00494186 0.00657436 0.00857202 0.0109735 0.0138143 0.0170574 0.0206568 0.0245181 0.0284758 0.032311 0.0358214 0.0387001 0.0406933 0.0415749 0.0410909 0.0391367 0.0356714 0.03077 0.0246373 0.0175929 0.00999578 0.00225201 -0.00521497 -0.0120147 -0.0178006 -0.0223415 -0.0254814 -0.0272423 -0.0277422 -0.0271182 -0.0255636 -0.0233549 -0.0207344 -0.0179123 -0.0151031 -0.0124397 -0.0100022 -0.00783146 -0.00595375 -0.00436779 -0.00306141 -0.00195788 -0.00101601 -0.00022634 0.000430696 0.00100712 0.00152378 0.00199515 0.0024218 0.00280128 0.003157 0.0035058 0.00383312 0.00412297 0.00440505 0.00468052 0.00494273 0.00517973 0.00541138 0.00562992 0.00584456 0.00603996 0.00622729 0.00640154 0.0065767 0.00673258 0.00688103 0.00701886 0.00715642 0.00727534 0.00738993 0.00749389 0.00759544 0.00768159 0.00776502 0.00783594 0.00790526 0.0079625 0.00801591 0.00805616 0.00809852 0.00812955 0.00815483 0.00816943 0.0081901 0.00819743 0.0081996 0.0081954 0.00819858 0.00818775 0.00817592 0.00815926 0.00815026 0.00813377 0.00811888 0.00809614 0.00808773 0.0080844 0.00807829 0.00806583 0.00808179 0.00811344 0.0081435 0.00818396 0.00826242 0.00837692 0.00852823 0.00872618 0.00898714 0.00936261 0.00987922 0.0105414 0.0113812 0.0124804 0.0138682 0.0155553 0.017516 0.0197205 0.0221229 0.0246206 0.0269933 0.0290319 0.0305268 0.031213 0.0308528 0.0292807 0.0263715 0.0220752 0.0164968 0.00983624 0.00241508 -0.00540748 -0.0132068 -0.0205561 -0.0270846 -0.0324696 -0.0364643 -0.0389693 -0.0400032 -0.039626 -0.0380736 -0.0355718 -0.0323688 -0.0287667 -0.0249934 -0.0212564 -0.0177301 -0.0145326 -0.0117037 -0.00930347 -0.00730265 -0.00566675 -0.00438517 -0.00337093 -0.00261173 -0.00204577 -0.00163604 -0.00135727 -0.0011595 -0.00104377 -0.000958147 -0.000913441 -0.000886337 -0.0008603 -0.000862082 -0.000845753 -0.000847986 -0.000851749 -0.000842182 -0.000857298 -0.000850324 -0.000853509 -0.000861265 -0.000849645 -0.000860453 -0.000853783 
0 9.52346e-06 8.84185e-06 2.14872e-05 1.80381e-05 2.22682e-05 2.81073e-05 2.50546e-05 4.10033e-05 4.51331e-05 6.16506e-05 8.40838e-05 0.000100599 0.000141958 0.000182982 0.000257915 0.000366169 0.000519466 0.000763291 0.00108983 0.00156296 0.00220142 0.00304634 0.00416545 0.00558136 0.00736854 0.00955877 0.0121811 0.0152512 0.0187412 0.0225835 0.0266727 0.030842 0.0348643 0.0385151 0.0414868 0.0435262 0.0443831 0.0438302 0.0417718 0.0381536 0.0330682 0.0267315 0.0194494 0.0115924 0.00360113 -0.00413303 -0.0112241 -0.0173046 -0.0221514 -0.0255951 -0.0276169 -0.0283137 -0.027853 -0.0264172 -0.0242466 -0.0215641 -0.0186219 -0.0156639 -0.012804 -0.0101355 -0.0077307 -0.00563318 -0.00383057 -0.0023288 -0.00104943 4.14404e-05 0.000957956 0.00173144 0.00241509 0.00301694 0.0035586 0.00406218 0.0045105 0.00492731 0.00532897 0.00571038 0.00604948 0.00638751 0.00670536 0.0070042 0.00728374 0.0075653 0.00781406 0.00805658 0.00829125 0.00851636 0.00871205 0.00891176 0.00909998 0.00927325 0.00942824 0.00958613 0.00972763 0.00985741 0.0099751 0.0100902 0.0101897 0.0102812 0.0103608 0.0104364 0.0104992 0.0105538 0.0105971 0.0106398 0.0106681 0.0106878 0.0107015 0.0107166 0.0107115 0.0107041 0.0106965 0.0106864 0.0106542 0.0106329 0.0106086 0.0105778 0.0105361 0.0105126 0.0104745 0.0104409 0.0104134 0.0103945 0.0103612 0.0103582 0.0103664 0.0103777 0.0104036 0.0104753 0.0105725 0.0107155 0.0109232 0.0112037 0.0116041 0.012162 0.0128885 0.0138159 0.015026 0.0165225 0.01833 0.0204253 0.0227495 0.0252135 0.0277331 0.0300941 0.0320549 0.033376 0.0338109 0.0331707 0.031281 0.0280066 0.02332 0.0173554 0.0103028 0.00251163 -0.00564265 -0.0137743 -0.0214525 -0.028285 -0.0339453 -0.0381834 -0.0408702 -0.0420361 -0.0417525 -0.0402324 -0.0377096 -0.0344336 -0.0307038 -0.0267576 -0.0228298 -0.0191012 -0.0156952 -0.01268 -0.0100993 -0.00793495 -0.00616688 -0.00476774 -0.00366434 -0.00284139 -0.00222382 -0.0017764 -0.001471 -0.00124693 -0.00111159 -0.00101707 -0.000960934 -0.000935291 -0.000913387 -0.000915196 -0.00091098 -0.00091308 -0.000918837 -0.000914277 -0.000920339 -0.000917414 -0.000917752 -0.000921842 -0.000918999 -0.000925495 -0.000925735 
0 5.80918e-07 1.15805e-05 1.1121e-05 2.1502e-05 3.42112e-05 3.76042e-05 5.46784e-05 6.34686e-05 7.08492e-05 9.24335e-05 0.000105383 0.000135108 0.000182982 0.000238974 0.000336299 0.000468484 0.000656024 0.000935786 0.00131557 0.00184326 0.00256475 0.00351042 0.00474194 0.00631534 0.00825977 0.0106409 0.0134818 0.0167727 0.0205127 0.024599 0.0289173 0.0332847 0.0374706 0.0412283 0.0442609 0.0463313 0.0471555 0.0465446 0.044388 0.0406342 0.0354014 0.0289119 0.0214765 0.0134499 0.00528658 -0.00265376 -0.00997422 -0.0163 -0.0214073 -0.025122 -0.0274201 -0.028356 -0.028093 -0.0267873 -0.024684 -0.0219986 -0.0189869 -0.0158915 -0.0128352 -0.00995182 -0.00731904 -0.00499538 -0.00295956 -0.00124646 0.000224509 0.00147475 0.00253414 0.00344001 0.0042409 0.00494011 0.00556139 0.00614921 0.00667277 0.00716319 0.00762074 0.00806191 0.00845645 0.00885815 0.00922032 0.00956279 0.00988846 0.010223 0.0105065 0.0107824 0.0110569 0.0113215 0.0115449 0.0117709 0.0119912 0.0121912 0.0123689 0.0125458 0.0127106 0.012857 0.0129923 0.0131183 0.0132325 0.0133327 0.0134237 0.0135021 0.0135719 0.0136278 0.0136755 0.0137141 0.0137414 0.0137556 0.0137675 0.0137725 0.0137571 0.0137392 0.0137246 0.0136977 0.013646 0.0136122 0.0135753 0.0135211 0.0134525 0.013416 0.0133585 0.0132983 0.0132396 0.0132055 0.0131483 0.0131217 0.0130978 0.0130911 0.0130977 0.0131576 0.0132338 0.0133692 0.0135832 0.0138855 0.0143143 0.0149145 0.0157098 0.0167258 0.0180493 0.0196587 0.0215816 0.0237783 0.026197 0.028709 0.0312156 0.0334923 0.0353002 0.0364051 0.0365583 0.035591 0.0333242 0.0296615 0.0245901 0.0182667 0.0108676 0.0027465 -0.00570618 -0.0141256 -0.022071 -0.0291576 -0.0350516 -0.0395214 -0.0424021 -0.0437176 -0.0435539 -0.0420856 -0.0395727 -0.0362622 -0.0324527 -0.0283811 -0.0243027 -0.020399 -0.0167944 -0.0136068 -0.0108485 -0.00853263 -0.00664457 -0.0051287 -0.00394097 -0.00304239 -0.00236687 -0.00187546 -0.00154264 -0.00130385 -0.00115552 -0.00106842 -0.0010045 -0.00098339 -0.00096663 -0.000955323 -0.000964086 -0.000957904 -0.000964478 -0.000974829 -0.000971044 -0.000985025 -0.000986509 -0.000985889 -0.000997571 -0.00099 -0.000995833 
0 1.4655e-05 1.03869e-05 3.38197e-05 3.42263e-05 4.20065e-05 6.32683e-05 6.24362e-05 8.84021e-05 0.000106421 0.00012502 0.000166541 0.000198903 0.000257915 0.000336299 0.000443069 0.000605298 0.000831662 0.00115301 0.00158985 0.00220076 0.00300213 0.00405753 0.00543379 0.00713867 0.00927926 0.0118626 0.0149081 0.0184559 0.0224193 0.0267366 0.0312682 0.0358147 0.0401333 0.0439835 0.0470781 0.0491247 0.0499354 0.0492607 0.0470068 0.0431727 0.0378461 0.0312619 0.0237268 0.0156392 0.00734662 -0.000719249 -0.00818404 -0.014717 -0.0200595 -0.0240341 -0.0265834 -0.0278109 -0.0277619 -0.0266226 -0.0246111 -0.021983 -0.0189399 -0.0157122 -0.0124858 -0.00938994 -0.00654516 -0.00396339 -0.00170398 0.000254406 0.00191791 0.00335633 0.00456507 0.00562206 0.00654723 0.00735287 0.00806969 0.00873368 0.0093499 0.00990518 0.0104379 0.010921 0.0113942 0.0118398 0.0122668 0.0126379 0.013028 0.0133953 0.0137332 0.0140319 0.0143557 0.0146474 0.0149129 0.0151581 0.0154139 0.0156366 0.0158442 0.0160368 0.0162247 0.016389 0.0165433 0.0166798 0.0168071 0.0169192 0.0170199 0.0171022 0.0171768 0.0172375 0.0172876 0.0173219 0.017348 0.0173587 0.0173677 0.0173588 0.0173383 0.0173075 0.0172872 0.017236 0.0171769 0.0171203 0.0170772 0.0169888 0.016911 0.0168424 0.0167807 0.0166783 0.0166072 0.0165363 0.0164768 0.0164058 0.0163665 0.0163276 0.0163314 0.0163628 0.0164298 0.0165556 0.0167795 0.0171078 0.0175629 0.018218 0.0190754 0.0201993 0.0216087 0.023346 0.0253601 0.027648 0.030104 0.0326431 0.0350907 0.0372162 0.0388062 0.0396394 0.0394872 0.0381164 0.0354561 0.031398 0.0259652 0.0192751 0.0115854 0.0031993 -0.00552674 -0.0141596 -0.0223257 -0.0296297 -0.0357553 -0.040413 -0.0435061 -0.0450013 -0.0449594 -0.0436098 -0.0411468 -0.0378447 -0.0339843 -0.0298375 -0.0256212 -0.0215598 -0.0178112 -0.0144315 -0.0115297 -0.00907339 -0.00704597 -0.00543817 -0.00416238 -0.00319401 -0.00247247 -0.00195073 -0.00158176 -0.00133564 -0.00117953 -0.00107052 -0.00102543 -0.00099175 -0.000978061 -0.000991997 -0.000983887 -0.00100361 -0.00101408 -0.0010128 -0.00103715 -0.00103169 -0.00104193 -0.00105508 -0.00104578 -0.00106501 -0.00106206 
0 9.48085e-06 3.23074e-05 3.57469e-05 5.6154e-05 7.24443e-05 8.25662e-05 0.000111263 0.000127542 0.00015729 0.000194741 0.000233431 0.00029389 0.000366169 0.000468484 0.000605298 0.000802843 0.00106984 0.00143866 0.00195994 0.00263425 0.00355181 0.00473307 0.00622599 0.00812787 0.0104337 0.0132286 0.0165231 0.0202896 0.0245014 0.0290446 0.033769 0.0384663 0.0429239 0.0468358 0.0499528 0.052016 0.0527525 0.0520219 0.0497037 0.0458058 0.0404317 0.0338284 0.0262818 0.0181461 0.00984414 0.00172904 -0.00582638 -0.0125017 -0.0180215 -0.0222527 -0.0250968 -0.0265546 -0.0267482 -0.0258342 -0.0239938 -0.0214142 -0.0183678 -0.0150689 -0.011705 -0.00841117 -0.0053283 -0.00252204 -1.75498e-05 0.00217724 0.00407477 0.00569071 0.00707891 0.008285 0.00935125 0.0102712 0.0110902 0.0118393 0.0125408 0.0131808 0.0137725 0.014321 0.0148522 0.0153636 0.015832 0.0162616 0.0166898 0.0171095 0.0174823 0.017829 0.0181776 0.0185126 0.018807 0.0190874 0.0193612 0.0196186 0.0198471 0.0200638 0.0202654 0.0204547 0.0206221 0.0207742 0.0209096 0.0210375 0.0211442 0.0212345 0.0213102 0.0213797 0.0214284 0.0214632 0.0214832 0.0214977 0.0214965 0.0214815 0.0214489 0.0214176 0.0213768 0.0213157 0.0212389 0.0211759 0.0211042 0.021005 0.0209012 0.0208203 0.0207283 0.0206127 0.020506 0.0204208 0.0203355 0.0202441 0.0201686 0.0201179 0.0201054 0.0201184 0.0201732 0.0202969 0.0205366 0.0208895 0.0213927 0.0220861 0.0230323 0.0242561 0.0257795 0.0275968 0.0297053 0.0320664 0.0345601 0.0370466 0.0393593 0.0413218 0.042661 0.0431474 0.0425851 0.0408394 0.0377571 0.0332851 0.0274863 0.020484 0.0125163 0.00389406 -0.0049999 -0.0138291 -0.0221764 -0.0296644 -0.03597 -0.0408421 -0.0441284 -0.0457949 -0.0459577 -0.044729 -0.0423647 -0.0391212 -0.0352517 -0.0310452 -0.0267483 -0.022571 -0.0186617 -0.0151671 -0.0121013 -0.00950788 -0.00738453 -0.00565138 -0.00431422 -0.0032821 -0.00250999 -0.00196067 -0.00156658 -0.00130735 -0.00113843 -0.00104438 -0.000989313 -0.000971796 -0.000975322 -0.0009771 -0.00100378 -0.00101476 -0.00103159 -0.00105659 -0.00105917 -0.00108261 -0.00109172 -0.00109645 -0.00111755 -0.00111443 -0.00112783 
0 1.7121e-05 3.78492e-05 5.63198e-05 8.20206e-05 0.000107486 0.000135909 0.000171173 0.000202861 0.000246841 0.000292602 0.000348796 0.000427906 0.000519466 0.000656024 0.000831662 0.00106984 0.00140087 0.00183402 0.00243006 0.00320597 0.0042255 0.00554385 0.00720059 0.00927525 0.0117923 0.0148066 0.0183277 0.0223361 0.0267834 0.0315454 0.0364651 0.0413224 0.0458728 0.0498375 0.052968 0.0549898 0.0556889 0.0549122 0.0525337 0.0486043 0.0432316 0.0366413 0.0291458 0.0210932 0.0128279 0.00472556 -0.00285084 -0.00961449 -0.0152846 -0.0197144 -0.0228087 -0.0245727 -0.0250497 -0.0243558 -0.0226762 -0.0202417 -0.0172609 -0.0139062 -0.0104139 -0.00695389 -0.00367246 -0.000630528 0.00211558 0.00456361 0.00668199 0.00850079 0.0100711 0.0114426 0.0126456 0.0136921 0.0146178 0.0154524 0.0162423 0.0169602 0.0176191 0.0182243 0.0188222 0.0193809 0.0199034 0.0203799 0.0208554 0.021307 0.0217287 0.0221109 0.0224917 0.0228539 0.0231881 0.0234922 0.0237903 0.0240712 0.0243273 0.02456 0.0247806 0.0249869 0.025171 0.0253343 0.0254826 0.0256198 0.0257359 0.0258321 0.0259134 0.0259859 0.0260386 0.0260715 0.0260914 0.0261044 0.0261006 0.0260751 0.0260402 0.026002 0.0259502 0.0258729 0.0257934 0.0257144 0.0256256 0.0255084 0.0253983 0.0252915 0.0251832 0.0250475 0.0249251 0.0248124 0.0247161 0.024599 0.024503 0.0244368 0.024418 0.0244132 0.0244658 0.0246013 0.024859 0.025249 0.0258042 0.0265668 0.0275955 0.0289284 0.0305524 0.0324775 0.0346603 0.0370499 0.0395307 0.0419673 0.0441213 0.0458077 0.0468218 0.0469531 0.0459911 0.0437813 0.0402464 0.0353742 0.0292333 0.021939 0.0137545 0.00494863 -0.00412358 -0.0130777 -0.021545 -0.0291811 -0.0356518 -0.0407084 -0.044219 -0.0460996 -0.0464471 -0.0453981 -0.0431655 -0.0400115 -0.0361944 -0.0319866 -0.0276349 -0.0233665 -0.0193458 -0.0157147 -0.0125277 -0.00982247 -0.00758693 -0.00577303 -0.00435869 -0.0032609 -0.0024507 -0.00186904 -0.00145962 -0.00120192 -0.0010348 -0.000948321 -0.000909986 -0.000899108 -0.000914795 -0.000934795 -0.00096414 -0.000995235 -0.00102471 -0.00105431 -0.00108081 -0.00110398 -0.00112469 -0.00114317 -0.00115745 -0.00117249 -0.00118377 
