0 0 0 0 0 0 0 0 0 0 0 0 0 0 0 0 0 0 0 0 0 0 0 0 0 0 0 0 0 0 0 0 0 0 0 0 0 0 0 0 0 0 0 0 0 0 0 0 0 0 0 0 0 0 0 0 0 0 0 0 0 0 0 0 0 0 0 0 0 0 0 0 0 0 0 0 0 0 0 0 0 0 0 0 0 0 0 0 0 0 0 0 0 0 0 0 0 0 0 0 0 0 0 0 0 0 0 0 0 0 0 0 0 0 0 0 0 0 0 0 0 0 0 0 0 0 0 0 0 0 0 0 0 0 0 0 0 0 0 0 0 0 0 0 0 0 0 0 0 0 0 0 0 0 0 0 0 0 0 0 0 0 0 0 0 0 0 0 0 0 0 0 0 0 0 0 0 0 0 0 0 0 0 0 0 0 0 0 0 0 0 0 0 0 0 0 0 0 0 0 
0 1.39387e-06 -8.66217e-07 -2.19057e-06 5.58431e-06 3.70616e-06 9.99384e-06 1.48298e-05 3.8417e-06 1.44751e-05 7.46451e-06 1.46315e-06 2.24473e-05 7.44194e-06 1.44021e-05 2.79503e-05 5.56039e-06 2.13201e-05 2.589e-05 1.66271e-05 2.85784e-05 2.62787e-05 2.14253e-05 1.41237e-05 2.94588e-05 3.20707e-05 2.33849e-05 4.62538e-05 3.1036e-05 2.70634e-05 4.12387e-05 4.23544e-05 5.06591e-05 2.87429e-05 3.46663e-05 5.09983e-05 4.78327e-05 4.3545e-05 4.21635e-05 6.07011e-05 5.1491e-05 5.79713e-05 6.51099e-05 5.7879e-05 6.93601e-05 6.83771e-05 7.07913e-05 6.75862e-05 7.86267e-05 7.6331e-05 7.27892e-05 8.69551e-05 8.33089e-05 8.63841e-05 9.06717e-05 0.000101833 9.70226e-05 0.00010389 0.000116857 0.000115551 0.000120727 0.000131104 0.000144575 0.000144162 0.000163639 0.000188125 0.00021293 0.000246697 0.000308309 0.000388491 0.000480802 0.000613582 0.000788492 0.00100232 0.00125264 0.00157165 0.00195346 0.00238903 0.00287072 0.00340308 0.00395132 0.00446613 0.00491355 0.00527178 0.00550677 0.00557247 0.00545105 0.00513837 0.00463961 0.00395897 0.00314763 0.00228191 0.00144515 0.000682468 3.82953e-05 -0.00044236 -0.000707779 -0.000755592 -0.000625069 -0.000390247 -0.000108899 0.000161807 0.000365584 0.000423718 0.000281471 -7.82913e-05 -0.000616746 -0.00129262 -0.00206461 -0.0028955 -0.00370858 -0.00442374 -0.00497772 -0.00535693 -0.00555146 -0.00556011 -0.00539147 -0.00508796 -0.00468458 -0.00420391 -0.00367364 -0.00314378 -0.00265512 -0.00220992 -0.00181307 -0.0014757 -0.00120894 -0.000982808 -0.00079476 -0.000647693 -0.000545924 -0.000458454 -0.000389229 -0.000347098 -0.000320265 -0.00029282 -0.000269941 -0.000268114 -0.000256333 -0.000245494 -0.000238496 -0.000242906 -0.000230638 -0.000224618 -0.000228878 -0.00022196 -0.000216024 -0.000212719 -0.000218052 -0.000202009 -0.000204505 -0.000204094 -0.000194952 -0.000192106 -0.000189925 -0.00019046 -0.000177569 -0.000187297 -0.000176636 -0.000173484 -0.000185326 -0.0001754 -0.000169998 -0.000167531 -0.000185592 -0.000173381 -0.000160077 -0.000163547 -0.000162826 -0.000177175 -0.000152709 -0.000150676 -0.000163825 -0.000149959 -0.000159176 -0.000162787 -0.000159731 -0.000147283 -0.000153083 -0.000161541 -0.000141621 -0.000159369 -0.00015313 -0.000134543 -0.000154301 -0.000142507 -0.000145597 -0.000157406 -0.000146266 -0.000151846 -0.000144412 -0.000141311 -0.000144373 -0.000137657 -0.000148607 -0.000145501 -0.000143662 -0.000151962 -0.000140234 -0.000144622 
0 -8.66217e-07 1.70822e-05 4.02197e-06 1.14244e-05 1.56377e-05 -2.99863e-06 1.63455e-05 1.58633e-05 1.07837e-05 3.62574e-05 2.46507e-05 2.19103e-05 3.70628e-05 2.23125e-05 2.8385e-05 4.31175e-05 3.39715e-05 3.67522e-05 4.25387e-05 3.77138e-05 4.50458e-05 5.52214e-05 6.38727e-05 6.15119e-05 4.92966e-05 6.39403e-05 5.85451e-05 5.4158e-05 8.55536e-05 7.27798e-05 5.64238e-05 7.3664e-05 9.83639e-05 9.46393e-05 8.05522e-05 9.9934e-05 9.56477e-05 0.000109749 0.000109274 9.55395e-05 0.000118434 0.00011477 0.000119809 0.000117912 0.000136787 0.000134742 0.000134217 0.000162283 0.000148172 0.00016512 0.000169787 0.000184083 0.000176539 0.000191349 0.000208722 0.000193961 0.000217598 0.000220571 0.000238007 0.000227491 0.000263248 0.000273131 0.000285881 0.00031962 0.000365876 0.000425324 0.000485479 0.000624102 0.000767131 0.000976933 0.00122556 0.00159423 0.00200636 0.00252704 0.0031541 0.00392372 0.00478909 0.00575314 0.00681377 0.00789494 0.00892601 0.00980545 0.0105287 0.0109761 0.011121 0.010862 0.0102583 0.0092471 0.00791792 0.00629459 0.00460144 0.0029214 0.00142551 0.000128261 -0.000806109 -0.00135694 -0.00144651 -0.00122273 -0.000753489 -0.000226354 0.000314623 0.000683597 0.000802094 0.000493277 -0.000202797 -0.00128991 -0.00261363 -0.00416574 -0.00579048 -0.00741624 -0.00881155 -0.00993094 -0.010665 -0.0110684 -0.011068 -0.0107528 -0.0101362 -0.00934593 -0.00837885 -0.00733622 -0.00627868 -0.00530559 -0.00441811 -0.00362388 -0.00295978 -0.00241194 -0.00197471 -0.00158477 -0.001311 -0.00108517 -0.000931803 -0.000778918 -0.000709494 -0.000642648 -0.00059733 -0.00055235 -0.000540529 -0.000526865 -0.0004916 -0.000493966 -0.000477384 -0.000473494 -0.000442444 -0.000458018 -0.000436686 -0.000423991 -0.000423325 -0.000416291 -0.000408783 -0.000392352 -0.000410749 -0.000383137 -0.000388416 -0.000388499 -0.000378771 -0.000372705 -0.00037032 -0.00037812 -0.00035001 -0.000358694 -0.0003497 -0.00034721 -0.000352461 -0.000323645 -0.000325451 -0.000341691 -0.000346607 -0.000314101 -0.000315533 -0.000339474 -0.000321476 -0.000325076 -0.000322746 -0.000308539 -0.000305909 -0.000304027 -0.000313824 -0.000307548 -0.000297602 -0.000305674 -0.000299486 -0.000294706 -0.000311328 -0.000304772 -0.000292623 -0.00030171 -0.000286736 -0.000280945 -0.000296501 -0.000288636 -0.000293329 -0.000301624 -0.000289652 -0.00028985 -0.000288796 -0.000282348 -0.000284731 -0.000286745 -0.000288693 
0 -2.19057e-06 4.02197e-06 4.11134e-06 1.35479e-05 1.67148e-05 2.14916e-05 3.07062e-05 2.23725e-05 3.05187e-05 3.03579e-05 2.48063e-05 4.5074e-05 3.87626e-05 4.38456e-05 5.90169e-05 4.42357e-05 5.69806e-05 6.54257e-05 6.08715e-05 7.18765e-05 7.3529e-05 7.03903e-05 6.72116e-05 8.40412e-05 8.79749e-05 8.77965e-05 0.000108963 9.63433e-05 0.000100538 0.000113904 0.000116609 0.000129186 0.000114009 0.000119665 0.000137702 0.000142715 0.000138947 0.000144691 0.000165868 0.000159211 0.000174011 0.000183748 0.000181367 0.000196172 0.000203719 0.00020789 0.000209412 0.000230272 0.000228829 0.000233313 0.000254032 0.000258364 0.000264646 0.000279452 0.000300432 0.000298592 0.000318079 0.00034074 0.000350231 0.000362583 0.000392969 0.000422243 0.00044043 0.000491978 0.000560698 0.000643166 0.000754053 0.000937246 0.00117138 0.00146865 0.00186677 0.00239162 0.00302994 0.00380082 0.00475325 0.00589 0.00718847 0.00862969 0.0102009 0.011806 0.013325 0.0146467 0.0157005 0.0163735 0.0165647 0.0162027 0.0152841 0.0138065 0.011822 0.00945898 0.00694227 0.00448061 0.00223996 0.000344202 -0.00106102 -0.00186668 -0.00205352 -0.00174034 -0.00110511 -0.000335402 0.000406864 0.000933224 0.00104862 0.00059331 -0.000464228 -0.00205133 -0.00403926 -0.00631629 -0.00873605 -0.0111035 -0.0131843 -0.0148206 -0.0159335 -0.0165082 -0.016531 -0.0160522 -0.0151606 -0.0139689 -0.012546 -0.0109943 -0.00943326 -0.00797533 -0.00664623 -0.00546745 -0.00446408 -0.003647 -0.00296975 -0.00240787 -0.00197189 -0.00164653 -0.00139063 -0.00118638 -0.00105605 -0.000963756 -0.000887871 -0.000826851 -0.000803858 -0.000774384 -0.000742925 -0.000726225 -0.000720002 -0.000698468 -0.000678415 -0.000680066 -0.000663165 -0.00064751 -0.000639065 -0.000637808 -0.000614536 -0.000608024 -0.000606942 -0.000587057 -0.000579414 -0.000573771 -0.000567344 -0.000549342 -0.000553878 -0.000542161 -0.000530607 -0.000540917 -0.000526771 -0.000516724 -0.000515579 -0.000525396 -0.000509893 -0.000496119 -0.000498024 -0.00049061 -0.000500444 -0.00047942 -0.00047005 -0.000480495 -0.00046776 -0.000472607 -0.000475328 -0.00046903 -0.000457365 -0.000460728 -0.000464255 -0.000448177 -0.000460847 -0.000451131 -0.000436052 -0.000450227 -0.000437758 -0.000443034 -0.00045126 -0.00044036 -0.000446021 -0.000436453 -0.000432212 -0.000434736 -0.00042751 -0.000436547 -0.000434272 -0.000433718 -0.00044081 -0.000429425 -0.0004324 
0 5.58431e-06 1.14244e-05 1.35479e-05 1.59414e-05 1.89675e-05 2.53086e-05 2.94832e-05 3.16804e-05 4.15294e-05 4.27043e-05 4.53642e-05 5.63806e-05 5.29379e-05 5.96288e-05 6.95454e-05 6.49843e-05 7.55691e-05 8.16955e-05 8.07222e-05 9.08288e-05 9.61749e-05 0.000100474 0.000104045 0.000112741 0.000117543 0.000116787 0.00013084 0.0001328 0.000135574 0.00014698 0.000150642 0.000162265 0.000163213 0.000170485 0.00018465 0.000187011 0.00019423 0.000200807 0.000213584 0.000216932 0.000225325 0.000239311 0.000240835 0.00025669 0.000265655 0.000274846 0.000286 0.000300073 0.000312061 0.000318521 0.000340897 0.000348718 0.000361842 0.000378822 0.000396038 0.000408117 0.000423927 0.000451451 0.000463233 0.000488054 0.000517679 0.000555888 0.000591823 0.000656266 0.00074719 0.000859879 0.00102457 0.0012585 0.00157834 0.00198149 0.0025247 0.00321497 0.00407448 0.00511235 0.00638387 0.00788766 0.00961101 0.0115256 0.0135885 0.0156913 0.0176801 0.0194245 0.020795 0.0216697 0.0219059 0.0214369 0.0202211 0.0182881 0.0156947 0.0126359 0.00935704 0.00614547 0.00320178 0.000728027 -0.00111929 -0.00219332 -0.00250164 -0.0021589 -0.00140298 -0.000452616 0.000444435 0.00106319 0.00114072 0.000512634 -0.000888 -0.00296109 -0.00557687 -0.00855292 -0.0117101 -0.0147741 -0.0174883 -0.0196248 -0.0210931 -0.0218375 -0.0218775 -0.0212552 -0.0200987 -0.0185235 -0.0166581 -0.0146237 -0.0125788 -0.0106441 -0.00888119 -0.00732217 -0.00598904 -0.00489094 -0.00398019 -0.00324165 -0.00265372 -0.0022141 -0.0018655 -0.00160685 -0.0014198 -0.00129433 -0.00119248 -0.00111973 -0.00107592 -0.00103617 -0.00100249 -0.000973835 -0.000960667 -0.00093174 -0.000913952 -0.000898491 -0.000882881 -0.000862639 -0.000848961 -0.000840526 -0.000818455 -0.00081105 -0.000798623 -0.000787378 -0.000773837 -0.000766898 -0.000757653 -0.000742622 -0.000741488 -0.000726599 -0.000718683 -0.000713275 -0.000704469 -0.000694614 -0.000684943 -0.000686185 -0.000673769 -0.000667582 -0.000662641 -0.000656499 -0.000657349 -0.00064375 -0.000642482 -0.000641724 -0.000631334 -0.000628721 -0.000625035 -0.000621785 -0.000613178 -0.000613682 -0.00061304 -0.000601241 -0.000606783 -0.00060291 -0.000594627 -0.000600626 -0.000593469 -0.000589872 -0.000590961 -0.000585159 -0.000585011 -0.000583343 -0.000583015 -0.000582308 -0.000580068 -0.00058222 -0.000576805 -0.000575596 -0.000578112 -0.000572582 -0.000577016 
0 3.70616e-06 1.56377e-05 1.67148e-05 1.89675e-05 3.27746e-05 2.59286e-05 3.09667e-05 4.89143e-05 3.93411e-05 5.83959e-05 6.9344e-05 5.26384e-05 7.93747e-05 7.57688e-05 6.87984e-05 0.000101203 9.03427e-05 9.4539e-05 0.000111143 0.000106021 0.000115758 0.000125779 0.000144626 0.000136605 0.00013995 0.000161771 0.000145057 0.000167378 0.00018396 0.000180534 0.000185144 0.000184674 0.000222189 0.000223262 0.00021717 0.00023298 0.000245417 0.000263358 0.000255375 0.000275777 0.000284133 0.000292012 0.000311614 0.000312958 0.000334487 0.000342042 0.000362497 0.000371402 0.000388094 0.000409316 0.000416396 0.000442038 0.000453417 0.000477313 0.000490106 0.000515551 0.000536226 0.000555994 0.000586912 0.000612022 0.000652363 0.000689741 0.000754772 0.000828026 0.000940243 0.00109088 0.0013055 0.00159971 0.00199444 0.00252244 0.00319918 0.00406777 0.00513858 0.00645953 0.00803974 0.00991101 0.0120473 0.0144255 0.0169567 0.019525 0.0219614 0.0240992 0.0257711 0.0268175 0.0271007 0.0265169 0.0250305 0.0226579 0.0195188 0.0158169 0.0118566 0.00793712 0.00434987 0.00132248 -0.000930786 -0.00229339 -0.00274946 -0.00245268 -0.00163262 -0.000586083 0.000406363 0.00103417 0.00103379 0.00019637 -0.00152587 -0.00407142 -0.00726474 -0.0109065 -0.0147267 -0.0184355 -0.0217153 -0.0243308 -0.0261222 -0.0270394 -0.0270879 -0.0263485 -0.0249385 -0.0230087 -0.0207181 -0.0182342 -0.0157279 -0.0133303 -0.0111436 -0.00920678 -0.00755329 -0.0061602 -0.0050227 -0.00409433 -0.00336541 -0.00279084 -0.00235939 -0.00203352 -0.00179592 -0.00162453 -0.00149995 -0.00141561 -0.0013436 -0.00129971 -0.00125529 -0.00122774 -0.00119165 -0.00117122 -0.00114633 -0.00112097 -0.00110338 -0.00108042 -0.00106714 -0.0010398 -0.00103423 -0.00101133 -0.000997803 -0.000985502 -0.000970458 -0.000961488 -0.000941001 -0.000940271 -0.000917639 -0.000916068 -0.000903544 -0.000881495 -0.000881852 -0.000873229 -0.000868992 -0.000836698 -0.000840019 -0.000848361 -0.000831941 -0.000821827 -0.000801161 -0.000821003 -0.000810981 -0.00079108 -0.000801445 -0.000782273 -0.00077508 -0.000773041 -0.000779004 -0.000768017 -0.000752451 -0.000770478 -0.000746547 -0.000747101 -0.000765651 -0.000737858 -0.000746451 -0.000744119 -0.000725111 -0.000736216 -0.000729814 -0.000730101 -0.000733873 -0.000727456 -0.000729489 -0.000721788 -0.000722369 -0.000722524 -0.00071576 -0.000723972 -0.000719736 
0 9.99384e-06 -2.99863e-06 2.14916e-05 2.53086e-05 2.59286e-05 5.27525e-05 4.35418e-05 5.22531e-05 6.58085e-05 4.97156e-05 6.95225e-05 7.97798e-05 7.68847e-05 9.96869e-05 0.000101337 0.000101011 0.00011396 0.000120584 0.000129658 0.000137883 0.000145556 0.000147519 0.000144796 0.000161054 0.000182213 0.000181185 0.000197028 0.000212959 0.000196374 0.000215534 0.000247428 0.000244836 0.000235101 0.000249914 0.000275276 0.000278838 0.000293667 0.000295871 0.000313293 0.00034211 0.000339201 0.000358335 0.00037407 0.000391776 0.000397003 0.000418429 0.000438449 0.000437763 0.000472067 0.000481569 0.000501548 0.000517595 0.000549433 0.000565898 0.000582629 0.000626033 0.000639809 0.000674972 0.000701595 0.000754675 0.000781501 0.000842747 0.000920636 0.00101394 0.00114694 0.00133329 0.00161078 0.0019503 0.00244476 0.00307606 0.00391431 0.0049379 0.00624769 0.00783159 0.00973765 0.0119565 0.0145059 0.0173235 0.0202974 0.0233016 0.026146 0.0286564 0.0305876 0.0318007 0.0321017 0.0314266 0.0296657 0.0269147 0.0232657 0.019021 0.0144319 0.00989956 0.00570171 0.0021903 -0.000471728 -0.00210747 -0.00278029 -0.0025748 -0.00179905 -0.000720226 0.000254513 0.000835646 0.000672722 -0.000377196 -0.00244122 -0.00540425 -0.00915401 -0.0133761 -0.0178132 -0.0220674 -0.0258738 -0.0288997 -0.0310124 -0.0320712 -0.032153 -0.0312937 -0.0296706 -0.0274005 -0.0247258 -0.0218168 -0.0188796 -0.0160406 -0.0134357 -0.011137 -0.00915011 -0.00747863 -0.00608801 -0.00498978 -0.00409014 -0.00340192 -0.00285769 -0.0024816 -0.00217299 -0.00196343 -0.00180782 -0.00170715 -0.00161666 -0.00155029 -0.00151693 -0.00146585 -0.00143522 -0.00139831 -0.00138831 -0.00134276 -0.00132771 -0.0013085 -0.00128223 -0.00125948 -0.0012408 -0.00123012 -0.00119182 -0.00119093 -0.00116669 -0.00114578 -0.00113314 -0.00112164 -0.00110337 -0.00108041 -0.00108853 -0.0010669 -0.00105623 -0.00104416 -0.00103089 -0.00104011 -0.00102598 -0.000996963 -0.000984517 -0.00100459 -0.000988178 -0.000957513 -0.000963183 -0.000952421 -0.00094375 -0.000950225 -0.000945739 -0.000933366 -0.000923382 -0.000921364 -0.000921291 -0.000912942 -0.000908572 -0.00090708 -0.000887449 -0.000887557 -0.000895422 -0.000882011 -0.000893627 -0.000893433 -0.000875217 -0.000881685 -0.000871571 -0.000863824 -0.000872733 -0.00086658 -0.000869874 -0.000873226 -0.000867499 -0.000869338 -0.00086361 
0 1.48298e-05 1.63455e-05 3.07062e-05 2.94832e-05 3.09667e-05 4.35418e-05 4.38901e-05 6.04466e-05 6.94697e-05 7.51557e-05 9.34295e-05 8.87621e-05 9.77952e-05 0.000108965 0.00010607 0.000126694 0.000132804 0.000135154 0.000150505 0.000153984 0.000164069 0.000181176 0.000193809 0.00019546 0.000205394 0.000212012 0.000213036 0.000238597 0.000245101 0.00025357 0.000267525 0.000269175 0.000297937 0.000314337 0.000315637 0.000325271 0.00034932 0.000360172 0.000363677 0.000390687 0.00039361 0.000410465 0.000435243 0.000445549 0.000461711 0.000486738 0.000511425 0.00051723 0.000553032 0.000575184 0.000588542 0.000617579 0.000647794 0.000667823 0.000686372 0.000732648 0.000752605 0.000781521 0.000824097 0.000874949 0.000914467 0.000980568 0.00108289 0.00119253 0.00135267 0.00158543 0.001915 0.00232813 0.00290748 0.00367211 0.00465112 0.00586538 0.00739584 0.00926562 0.01148 0.0140581 0.0169989 0.0202373 0.0236241 0.027026 0.0302477 0.033079 0.035252 0.0365908 0.0369171 0.0361292 0.034139 0.0310301 0.0269638 0.0222301 0.0171244 0.0120337 0.00732144 0.00334691 0.000322989 -0.00162601 -0.00253548 -0.00252334 -0.00186037 -0.000879879 2.11956e-06 0.000422372 6.04495e-05 -0.00126067 -0.00363847 -0.00701463 -0.0112377 -0.0159946 -0.0209404 -0.0256859 -0.0299201 -0.0333275 -0.0357045 -0.0369179 -0.0370147 -0.0360705 -0.0342418 -0.0316812 -0.0286466 -0.0253536 -0.0220107 -0.0187557 -0.0157538 -0.0130898 -0.0107858 -0.00882075 -0.00719771 -0.00589998 -0.00485386 -0.00402655 -0.0033927 -0.00293835 -0.00257867 -0.00231844 -0.00213572 -0.00201565 -0.00190236 -0.00182637 -0.00177878 -0.00172733 -0.0016766 -0.00164218 -0.00162004 -0.00157062 -0.00154604 -0.00152304 -0.00149453 -0.0014595 -0.0014473 -0.00142623 -0.00139175 -0.00138499 -0.0013653 -0.00134334 -0.00132453 -0.00131913 -0.00129381 -0.00127802 -0.00127235 -0.00124217 -0.00123558 -0.00122758 -0.00120647 -0.00118414 -0.00118452 -0.0011795 -0.00115942 -0.00115625 -0.00113744 -0.00113745 -0.00113895 -0.00111951 -0.00111408 -0.00110247 -0.00109012 -0.00108602 -0.00108644 -0.00107393 -0.00106498 -0.00106716 -0.00105146 -0.00105689 -0.00105903 -0.00104447 -0.00104945 -0.00103514 -0.00102589 -0.00102952 -0.00101969 -0.0010256 -0.00102554 -0.00102118 -0.00102461 -0.0010146 -0.00101283 -0.00101097 -0.00100469 -0.00101135 -0.00100987 
0 3.8417e-06 1.58633e-05 2.23725e-05 3.16804e-05 4.89143e-05 5.22531e-05 6.04466e-05 7.27946e-05 6.95283e-05 8.64577e-05 9.83078e-05 9.46344e-05 0.000119448 0.000124771 0.000124399 0.000149715 0.000149931 0.000156773 0.000175573 0.000179514 0.000187646 0.00019856 0.00021538 0.000218617 0.00023114 0.000254471 0.000251811 0.000270265 0.000286012 0.000293756 0.000309224 0.00031034 0.000338503 0.000350984 0.000352783 0.000375724 0.000392854 0.000411625 0.000418822 0.000446227 0.000461423 0.00047366 0.000505688 0.000512219 0.000536794 0.000558924 0.000580896 0.000597586 0.000623888 0.000657033 0.000666186 0.000706203 0.000733955 0.000761308 0.000789887 0.000833288 0.000869227 0.000895873 0.000957077 0.00100421 0.00106467 0.00113811 0.00125983 0.0013921 0.0015814 0.00186303 0.00223886 0.00273692 0.00340077 0.00430063 0.00541923 0.00683446 0.00858555 0.0107378 0.0132587 0.0161911 0.0195078 0.0231355 0.0269071 0.0306679 0.0342277 0.0373305 0.0397154 0.0411527 0.0414969 0.0405936 0.0384068 0.03499 0.030585 0.0254429 0.0199179 0.0143579 0.00921492 0.00482513 0.00146109 -0.000819992 -0.00200932 -0.00227138 -0.00182065 -0.00105779 -0.0003767 -0.000213041 -0.000835648 -0.00246728 -0.00515931 -0.00892223 -0.0135529 -0.0187671 -0.0241308 -0.0292895 -0.0338715 -0.0376041 -0.0402042 -0.0415674 -0.0416808 -0.0406728 -0.0386618 -0.0358567 -0.0325007 -0.0288628 -0.0251414 -0.0215034 -0.0181218 -0.0150989 -0.0124768 -0.0102206 -0.00836299 -0.00685275 -0.00565476 -0.00468263 -0.0039555 -0.0034061 -0.00299521 -0.00267826 -0.00246448 -0.00231421 -0.002183 -0.00209578 -0.00202907 -0.0019801 -0.00191387 -0.00188449 -0.00184662 -0.00180611 -0.00177126 -0.0017464 -0.00171789 -0.00167644 -0.00166547 -0.00163175 -0.00160599 -0.00158244 -0.001564 -0.00153791 -0.00151251 -0.00150484 -0.00147177 -0.00146273 -0.00144638 -0.00142337 -0.00141141 -0.00140046 -0.00139076 -0.00136127 -0.00136009 -0.0013508 -0.00133176 -0.00132283 -0.00130278 -0.00130526 -0.00128874 -0.00127146 -0.00127471 -0.00126081 -0.00125172 -0.00124537 -0.00124388 -0.00123046 -0.00122006 -0.00122828 -0.00120685 -0.00120278 -0.00120852 -0.00118594 -0.00119066 -0.00119075 -0.00117734 -0.00118347 -0.00117794 -0.00117123 -0.00116993 -0.00116373 -0.0011624 -0.0011598 -0.00116081 -0.0011608 -0.00115721 -0.00115905 -0.00115457 
0 1.44751e-05 1.07837e-05 3.05187e-05 4.15294e-05 3.93411e-05 6.58085e-05 6.94697e-05 6.95283e-05 0.000100196 9.10504e-05 9.7128e-05 0.000129545 0.000117504 0.000138619 0.000160954 0.000147783 0.000172093 0.00018384 0.000188953 0.000206739 0.000218037 0.000231167 0.000224479 0.000252181 0.000270974 0.000266372 0.000302662 0.000305294 0.000309376 0.000326871 0.000350875 0.000379043 0.000360486 0.000385075 0.000413676 0.000428484 0.000444392 0.000447853 0.000486766 0.000497052 0.000519706 0.000539281 0.000556961 0.000589495 0.000598954 0.000635825 0.000649677 0.000681105 0.000707611 0.000732576 0.000766959 0.000789327 0.000834697 0.000854638 0.000900698 0.000935447 0.000978704 0.00102141 0.00107378 0.00114112 0.00120141 0.0013063 0.00142559 0.00160022 0.00181922 0.00215088 0.00258383 0.00316507 0.00393967 0.00495482 0.00624533 0.00784735 0.00984856 0.0122566 0.0151057 0.0183695 0.0220573 0.0260321 0.0301624 0.0342418 0.0380905 0.04142 0.0439702 0.0454934 0.0458263 0.0448268 0.0424555 0.0388104 0.0341203 0.0286782 0.0228057 0.0169002 0.0113863 0.00665855 0.00294385 0.000338529 -0.00120324 -0.00179223 -0.00168681 -0.00123898 -0.000901572 -0.00106299 -0.0020371 -0.00399114 -0.00703004 -0.0111245 -0.0161212 -0.0216787 -0.0273928 -0.0328554 -0.0377292 -0.0416979 -0.0444987 -0.0459787 -0.0461309 -0.04506 -0.0429071 -0.0398921 -0.0362655 -0.0323183 -0.0282473 -0.0242651 -0.020516 -0.0171572 -0.0141998 -0.0116791 -0.00956295 -0.00785748 -0.00647569 -0.00538411 -0.00453815 -0.00390344 -0.00342576 -0.00306099 -0.00281169 -0.00261871 -0.00248558 -0.00236833 -0.0023007 -0.00222669 -0.00217321 -0.00212259 -0.00208066 -0.00204139 -0.00199539 -0.00197179 -0.00192593 -0.00190354 -0.00186395 -0.00184208 -0.00181008 -0.00178179 -0.00176269 -0.00172704 -0.00171728 -0.00168361 -0.00167053 -0.0016423 -0.00162659 -0.00161967 -0.00158603 -0.00157363 -0.0015524 -0.00156035 -0.00153294 -0.00149786 -0.00150236 -0.00149273 -0.00148745 -0.00145098 -0.0014474 -0.00144936 -0.00142007 -0.0014288 -0.00141799 -0.00140171 -0.0013895 -0.00138614 -0.00138855 -0.00136216 -0.00137307 -0.00136318 -0.00133469 -0.00135574 -0.00133936 -0.00132976 -0.00134609 -0.00132424 -0.00132163 -0.00132455 -0.00131006 -0.00131296 -0.00131186 -0.00130697 -0.00130814 -0.00130578 -0.00130417 -0.00130246 -0.00130128 
0 7.46451e-06 3.62574e-05 3.03579e-05 4.27043e-05 5.83959e-05 4.97156e-05 7.51557e-05 8.64577e-05 9.10504e-05 0.000119408 0.000121069 0.000132689 0.000146099 0.000145565 0.00016465 0.000174775 0.000191337 0.000204581 0.000208105 0.000229743 0.000235145 0.000252018 0.000281068 0.000284051 0.000289715 0.000307261 0.000318411 0.000326677 0.000362377 0.000378803 0.000369741 0.000396345 0.000427695 0.000447966 0.00045724 0.000469415 0.000493528 0.000520159 0.000537535 0.000544752 0.000577953 0.000600285 0.000618709 0.000647206 0.000674306 0.000700561 0.000726357 0.000765861 0.000786636 0.000822467 0.000858122 0.00089042 0.000924692 0.000963 0.00100821 0.00103989 0.00109447 0.00114131 0.00120229 0.0012655 0.0013563 0.00146497 0.00160703 0.00180912 0.00207663 0.00245336 0.00294806 0.00362925 0.00450693 0.00565994 0.00710764 0.00893107 0.0111585 0.0138466 0.0169972 0.0206071 0.0246239 0.0289303 0.0333727 0.0377391 0.041822 0.0453285 0.048008 0.0495844 0.049901 0.048799 0.0462938 0.0424661 0.0375858 0.03191 0.0258088 0.0196385 0.0138634 0.00882669 0.0047986 0.00182689 -8.95182e-05 -0.00110725 -0.00143047 -0.00144643 -0.00154623 -0.00215109 -0.00351752 -0.00585671 -0.00922784 -0.0136491 -0.0189211 -0.0247535 -0.0307028 -0.0364046 -0.0414717 -0.0456259 -0.0485642 -0.0501584 -0.050342 -0.0492353 -0.0469647 -0.0437869 -0.0399382 -0.0357173 -0.031339 -0.0270321 -0.0229572 -0.019254 -0.0159873 -0.01318 -0.0108317 -0.00889752 -0.00734959 -0.00611271 -0.00516272 -0.00442095 -0.00387869 -0.00346427 -0.00316901 -0.00294192 -0.0027855 -0.00266326 -0.00256409 -0.00249041 -0.00242541 -0.00237258 -0.00231171 -0.00227608 -0.00222697 -0.00218589 -0.00214576 -0.00211497 -0.00207612 -0.00204001 -0.00201937 -0.00198194 -0.00195707 -0.00193216 -0.00190885 -0.0018771 -0.00186251 -0.00184331 -0.00180727 -0.0017918 -0.00177604 -0.00175872 -0.00173132 -0.00170727 -0.00169399 -0.00169545 -0.00167765 -0.00163729 -0.00163893 -0.00164028 -0.00161983 -0.00160795 -0.00159896 -0.00157653 -0.00156257 -0.00156813 -0.00155203 -0.00154114 -0.00153357 -0.00151851 -0.00151889 -0.00151066 -0.00151295 -0.00150702 -0.00148907 -0.00149114 -0.00147391 -0.0014689 -0.00147628 -0.00146262 -0.00146973 -0.00146814 -0.00145555 -0.00146095 -0.00145076 -0.0014462 -0.00145147 -0.00144375 -0.00144915 
0 1.46315e-06 2.46507e-05 2.48063e-05 4.53642e-05 6.9344e-05 6.95225e-05 9.34295e-05 9.83078e-05 9.7128e-05 0.000121069 0.000123315 0.000140677 0.000162266 0.000167758 0.000191072 0.000196193 0.000206614 0.00022684 0.000231179 0.000255299 0.000266542 0.000270582 0.0002929 0.00030384 0.000321288 0.000349489 0.000364472 0.000371413 0.000392303 0.000409189 0.000422639 0.000451541 0.0004605 0.000469863 0.000502107 0.000524674 0.000539778 0.000568441 0.000592224 0.000610069 0.000646683 0.000669004 0.000687031 0.000721178 0.000751413 0.000770684 0.000802082 0.000843166 0.000862348 0.000900405 0.000943757 0.000977156 0.00101264 0.00106435 0.00111259 0.00114805 0.00121241 0.00127238 0.00133545 0.00140969 0.00152117 0.00164413 0.00180503 0.00204214 0.00235755 0.00278039 0.00334642 0.00412445 0.00511778 0.00640252 0.00802575 0.0100628 0.0125291 0.015485 0.0189419 0.0228763 0.0272042 0.031807 0.0365275 0.0411378 0.0454033 0.0490421 0.0518058 0.0534148 0.0536944 0.0525103 0.0499007 0.0459645 0.0409589 0.0351481 0.0289035 0.0225825 0.0166186 0.0113376 0.00699716 0.00365476 0.00130515 -0.000203529 -0.00107247 -0.00165843 -0.00232239 -0.00344924 -0.00528578 -0.00803569 -0.0117618 -0.0164697 -0.0219659 -0.0279724 -0.0340777 -0.0399217 -0.0451177 -0.0493789 -0.0524179 -0.0540949 -0.0543231 -0.0531927 -0.0508445 -0.0475421 -0.0435228 -0.0390697 -0.0344208 -0.0298226 -0.0254429 -0.0214169 -0.0178386 -0.0147548 -0.0121611 -0.0100042 -0.00826875 -0.00688935 -0.0058172 -0.00497026 -0.00434699 -0.0038803 -0.0035334 -0.00326593 -0.00308548 -0.002949 -0.00282862 -0.00274312 -0.00267705 -0.00261583 -0.00254705 -0.00251024 -0.00246304 -0.00241182 -0.00237186 -0.00234116 -0.00229636 -0.00225456 -0.00223359 -0.00219131 -0.00215499 -0.00213132 -0.00210277 -0.00206398 -0.00204333 -0.00202318 -0.00198976 -0.00197463 -0.00195328 -0.00192615 -0.00191627 -0.0019045 -0.00187227 -0.00185616 -0.00184806 -0.0018247 -0.00181293 -0.00179618 -0.00177018 -0.00176046 -0.00175817 -0.00174122 -0.00173155 -0.00172511 -0.00170375 -0.00170313 -0.00169616 -0.00168263 -0.00168064 -0.0016595 -0.00165278 -0.00164709 -0.00163551 -0.00164358 -0.00163412 -0.00163017 -0.00163076 -0.00161334 -0.00161249 -0.0016078 -0.00159951 -0.00160548 -0.00160148 -0.00159996 -0.00160203 -0.00159508 -0.00159469 
0 2.24473e-05 2.19103e-05 4.5074e-05 5.63806e-05 5.26384e-05 7.97798e-05 8.87621e-05 9.46344e-05 0.000129545 0.000132689 0.000140677 0.000168104 0.000164223 0.000181516 0.000206495 0.000206914 0.000227901 0.000247958 0.000257328 0.000272105 0.000294371 0.000311776 0.000315517 0.000343271 0.000358433 0.000363142 0.000393239 0.000407023 0.000427372 0.000440661 0.000463495 0.000503407 0.000500341 0.000523883 0.000560156 0.000577275 0.000595284 0.00061598 0.000651476 0.000664123 0.000699894 0.000727098 0.000744284 0.000791941 0.000815135 0.000847889 0.000881654 0.000926602 0.000954334 0.000989505 0.00104698 0.00107086 0.00111982 0.0011682 0.00122122 0.00125977 0.00132551 0.00139952 0.00145622 0.00155464 0.0016703 0.00182228 0.00199901 0.00228235 0.00264443 0.00312456 0.00377559 0.00465059 0.00577723 0.00719549 0.00901732 0.0112591 0.0139828 0.0171958 0.0209645 0.0251955 0.0298194 0.034682 0.0396459 0.044451 0.0488498 0.0525762 0.0553777 0.0569941 0.0572167 0.0559739 0.0532886 0.0493143 0.0442432 0.0383944 0.032086 0.0257215 0.0196324 0.0141702 0.0095172 0.00580218 0.0029597 0.000902554 -0.000623345 -0.00187328 -0.00322089 -0.00494157 -0.0073259 -0.0105085 -0.0146115 -0.0195644 -0.0252395 -0.031324 -0.0375107 -0.043399 -0.0486611 -0.0529519 -0.0560537 -0.0577759 -0.0580562 -0.0569143 -0.0545278 -0.0511358 -0.0469917 -0.0423503 -0.0374673 -0.0326118 -0.0279447 -0.0236244 -0.0197346 -0.0163872 -0.0135331 -0.0111675 -0.00922668 -0.00770938 -0.00649963 -0.00555676 -0.00484204 -0.00431987 -0.0039229 -0.00361209 -0.00341058 -0.00324648 -0.00312025 -0.00300773 -0.00294594 -0.00286553 -0.00279552 -0.00274632 -0.00269452 -0.00263986 -0.00258547 -0.00256042 -0.0025007 -0.00246454 -0.00243242 -0.00239457 -0.00235621 -0.00232549 -0.00230584 -0.00225904 -0.0022444 -0.00221309 -0.00218209 -0.00216784 -0.00213656 -0.00210889 -0.00208388 -0.00208187 -0.00204552 -0.00201597 -0.00201705 -0.00199354 -0.00198 -0.00195642 -0.00194764 -0.00194171 -0.00191192 -0.00190794 -0.00189659 -0.00187663 -0.00186489 -0.00185906 -0.00184877 -0.00182651 -0.00183319 -0.00182277 -0.00180193 -0.00181665 -0.00179807 -0.00178288 -0.00179262 -0.00176949 -0.00176631 -0.00177407 -0.001757 -0.0017611 -0.00176146 -0.00174686 -0.00175167 -0.00174764 -0.00173922 -0.00174684 -0.00174176 
0 7.44194e-06 3.70628e-05 3.87626e-05 5.29379e-05 7.93747e-05 7.68847e-05 9.77952e-05 0.000119448 0.000117504 0.000146099 0.000162266 0.000164223 0.000194927 0.000202531 0.000208987 0.00023731 0.000250087 0.000265247 0.000280515 0.000299859 0.00031241 0.000323591 0.000363885 0.00037036 0.00038013 0.000413946 0.000417415 0.000439933 0.000468468 0.00049705 0.00050461 0.00050911 0.000561633 0.000582762 0.000600469 0.00061642 0.000644158 0.00069014 0.000697964 0.00073182 0.000758546 0.000793333 0.000823269 0.000850433 0.000896234 0.000914615 0.000967269 0.000998172 0.00103763 0.00108133 0.00112581 0.00117495 0.00120976 0.00128154 0.00132068 0.00138353 0.00144704 0.0015271 0.00160249 0.00170226 0.00184868 0.0020017 0.00223135 0.00253252 0.00296199 0.00349385 0.00424105 0.00521535 0.00647007 0.00805038 0.0100522 0.0125259 0.0154799 0.0189831 0.02302 0.0275564 0.0324253 0.0375439 0.0426895 0.0476596 0.052135 0.0559152 0.0587107 0.060304 0.0604683 0.059178 0.0564693 0.0524983 0.0474501 0.0416268 0.0353642 0.029017 0.0228965 0.017274 0.012352 0.00822361 0.00487362 0.00217343 -6.5904e-05 -0.00210158 -0.00419584 -0.00661798 -0.00958227 -0.0132601 -0.0177179 -0.022917 -0.0286942 -0.0348115 -0.0409772 -0.0468518 -0.0520896 -0.0563693 -0.0594744 -0.0612255 -0.0615461 -0.0604193 -0.0580297 -0.0545833 -0.0503634 -0.0455673 -0.0405094 -0.0354062 -0.0304995 -0.0258791 -0.0217228 -0.0180801 -0.0149923 -0.0123861 -0.0102623 -0.00856999 -0.00722959 -0.00617675 -0.00536503 -0.00477997 -0.0043142 -0.00398029 -0.00372283 -0.00355496 -0.00339373 -0.00328448 -0.00319642 -0.00311665 -0.00304382 -0.00297794 -0.00293518 -0.002862 -0.00282419 -0.00277039 -0.00273023 -0.00267915 -0.00264246 -0.00260773 -0.00255748 -0.00253705 -0.00248912 -0.00246427 -0.00242988 -0.00240475 -0.00237091 -0.00233372 -0.00232954 -0.00229496 -0.00226989 -0.00223304 -0.00222541 -0.00222353 -0.00217799 -0.00215671 -0.00214272 -0.00214143 -0.0021144 -0.00209038 -0.00209164 -0.00205724 -0.00204868 -0.00204793 -0.00202904 -0.0020151 -0.00200039 -0.0019984 -0.00197877 -0.00197387 -0.0019791 -0.00194943 -0.00194929 -0.00194806 -0.00192312 -0.00193237 -0.00192712 -0.00191083 -0.00192015 -0.00190921 -0.00189968 -0.00190669 -0.00189459 -0.00189271 -0.00189782 -0.0018871 -0.00189149 
0 1.44021e-05 2.23125e-05 4.38456e-05 5.96288e-05 7.57688e-05 9.96869e-05 0.000108965 0.000124771 0.000138619 0.000145565 0.000167758 0.000181516 0.000202531 0.000224129 0.000235018 0.000260891 0.000265666 0.000281317 0.000310612 0.000316262 0.000346439 0.000362831 0.00036786 0.000395154 0.000417727 0.000443797 0.000464059 0.000491239 0.000499405 0.00051298 0.000558547 0.000576479 0.000598297 0.000610866 0.00063927 0.000684747 0.00070234 0.000729896 0.000755648 0.00079972 0.000826107 0.000855054 0.00089689 0.000922033 0.000967675 0.000997738 0.0010425 0.00107851 0.00112365 0.00117179 0.00121241 0.00127098 0.00131515 0.00138112 0.00143207 0.00150292 0.00157258 0.00165479 0.00174971 0.00186272 0.0020202 0.00220215 0.00246693 0.00281009 0.00328869 0.00390189 0.00473815 0.00582265 0.00721239 0.00896461 0.0111599 0.0138533 0.0170594 0.0208331 0.0251452 0.0299412 0.0350552 0.0403774 0.045683 0.0507519 0.0552801 0.0590592 0.0618207 0.0633526 0.0634625 0.0621412 0.0594477 0.0555299 0.0505685 0.0448521 0.0387076 0.032454 0.0263514 0.0206193 0.0154357 0.010894 0.00698616 0.00359638 0.00056105 -0.0023227 -0.00525069 -0.0084305 -0.0120413 -0.0162331 -0.0210588 -0.0264695 -0.0323158 -0.0384008 -0.0444837 -0.0502649 -0.0554152 -0.0596284 -0.0626954 -0.0644484 -0.0647963 -0.0637104 -0.0613419 -0.0578889 -0.0536145 -0.0487237 -0.0435138 -0.0382147 -0.0330681 -0.0281931 -0.0237647 -0.0198511 -0.0165052 -0.0136745 -0.011352 -0.0094819 -0.00799747 -0.00682975 -0.00592497 -0.00525301 -0.00473234 -0.00435413 -0.00406045 -0.00385856 -0.00368558 -0.00356302 -0.00345585 -0.00337101 -0.00329485 -0.00322234 -0.00316635 -0.0031005 -0.00305466 -0.00299215 -0.00295235 -0.00290011 -0.00285572 -0.00281335 -0.00276967 -0.00273508 -0.00268828 -0.00266397 -0.00261649 -0.00258901 -0.00256465 -0.0025307 -0.00249801 -0.00246813 -0.00246317 -0.00242945 -0.00240275 -0.00237232 -0.00235641 -0.00235541 -0.00231522 -0.0022914 -0.00227487 -0.00226051 -0.00224495 -0.00223382 -0.00222282 -0.00219037 -0.0021899 -0.0021793 -0.00216197 -0.00216449 -0.00213923 -0.00212701 -0.00211795 -0.00210331 -0.00210463 -0.00209511 -0.00209225 -0.00208655 -0.0020737 -0.00207079 -0.00206063 -0.0020559 -0.00205531 -0.00204936 -0.00204915 -0.0020465 -0.00204229 -0.00204203 -0.00203925 
0 2.79503e-05 2.8385e-05 5.90169e-05 6.95454e-05 6.87984e-05 0.000101337 0.00010607 0.000124399 0.000160954 0.00016465 0.000191072 0.000206495 0.000208987 0.000235018 0.000244364 0.000271718 0.000290351 0.000305027 0.000341962 0.000337873 0.000366619 0.000400107 0.00039798 0.000439039 0.000454453 0.000460143 0.000490039 0.00051508 0.000544047 0.000563211 0.00059672 0.000614746 0.000641921 0.000682657 0.000695187 0.000733708 0.000756934 0.000779737 0.000822922 0.000850781 0.000881233 0.000914748 0.000963718 0.000992939 0.00103324 0.00108708 0.0011196 0.00116904 0.0012192 0.00126853 0.00131241 0.00137208 0.00143125 0.00148 0.00155092 0.00162071 0.00169668 0.00178122 0.00189423 0.00202448 0.00218687 0.00241236 0.0027069 0.00310421 0.00363079 0.00434295 0.00526961 0.00647397 0.00800971 0.00994438 0.0123415 0.0152529 0.0187227 0.0227559 0.0273355 0.0323595 0.0377044 0.043189 0.0486206 0.0537362 0.0582865 0.0620202 0.0647158 0.0661572 0.0662166 0.0648819 0.0622371 0.0584159 0.0536013 0.0480623 0.0420994 0.0359954 0.0299525 0.0241489 0.0187179 0.0137586 0.00925659 0.00513399 0.00124532 -0.00253644 -0.00635806 -0.0103457 -0.0146526 -0.0193796 -0.024576 -0.0301738 -0.0360594 -0.0420668 -0.0480133 -0.0536346 -0.0586371 -0.0627363 -0.065728 -0.0674572 -0.0678191 -0.0667912 -0.0644698 -0.0610489 -0.0567459 -0.0518065 -0.0464772 -0.0410231 -0.0356501 -0.0305514 -0.0258599 -0.021691 -0.0180762 -0.0150257 -0.0124975 -0.0104454 -0.00880623 -0.00751837 -0.00652111 -0.00575063 -0.00517693 -0.00474505 -0.00442344 -0.00417376 -0.00399583 -0.00385309 -0.00373008 -0.0036336 -0.00355236 -0.00347591 -0.00339627 -0.00334239 -0.00327874 -0.00321517 -0.00316436 -0.00311671 -0.0030638 -0.00301312 -0.00298366 -0.00293048 -0.00289229 -0.00286434 -0.00282308 -0.00278515 -0.00275425 -0.00273131 -0.00268632 -0.00266372 -0.00263263 -0.00259654 -0.00258666 -0.00255017 -0.00252719 -0.0025075 -0.00248508 -0.00246772 -0.00245488 -0.00244272 -0.00240105 -0.00240002 -0.00238797 -0.00235335 -0.0023611 -0.0023326 -0.00231216 -0.00230958 -0.0022918 -0.00229312 -0.00227832 -0.00227502 -0.00226545 -0.00224065 -0.00224595 -0.00222813 -0.00222005 -0.00222969 -0.00221057 -0.00221219 -0.00221131 -0.00219537 -0.00220102 -0.00219652 -0.00218854 -0.00219478 -0.00218896 
0 5.56039e-06 4.31175e-05 4.42357e-05 6.49843e-05 0.000101203 0.000101011 0.000126694 0.000149715 0.000147783 0.000174775 0.000196193 0.000206914 0.00023731 0.000260891 0.000271718 0.000289589 0.000315365 0.000328163 0.000345128 0.000378504 0.000389161 0.000407743 0.000443283 0.000459083 0.000482742 0.000509555 0.00053741 0.000556292 0.0005712 0.000620911 0.000635182 0.000641101 0.000692587 0.00072434 0.000745185 0.000772732 0.000814527 0.000848617 0.000881054 0.000923034 0.000945009 0.000996115 0.00103673 0.00106371 0.00111324 0.00115903 0.00120207 0.00124176 0.00130793 0.00135207 0.0014013 0.00147421 0.0015309 0.00159327 0.0016644 0.00175534 0.00182626 0.00192834 0.00205748 0.00219991 0.00238431 0.00263717 0.00298211 0.00341282 0.004015 0.00480824 0.00584402 0.00716222 0.00885827 0.0109793 0.013577 0.0167194 0.0204398 0.0247417 0.0295522 0.0348053 0.0403339 0.0459705 0.0514674 0.0566126 0.0611324 0.064804 0.0673891 0.0687363 0.0687408 0.0674194 0.0648476 0.0611654 0.056552 0.051248 0.0455223 0.0396024 0.0336585 0.0278034 0.0221497 0.0167596 0.0116509 0.00675228 0.0019875 -0.00273654 -0.00747573 -0.0123198 -0.0173452 -0.0226356 -0.0281919 -0.0339698 -0.039865 -0.0457736 -0.0515385 -0.0569527 -0.0617548 -0.0657001 -0.06859 -0.0702698 -0.0706435 -0.0696746 -0.0674389 -0.0640684 -0.0597867 -0.0548157 -0.049426 -0.0438301 -0.03828 -0.0329562 -0.0280405 -0.0236063 -0.0197403 -0.0164508 -0.0137205 -0.0114747 -0.0096687 -0.00825537 -0.00714562 -0.00628615 -0.00562861 -0.00515681 -0.00478055 -0.00450058 -0.00429276 -0.00414041 -0.00399827 -0.0038869 -0.0038091 -0.00371789 -0.00364083 -0.00357463 -0.00352085 -0.00344394 -0.00339368 -0.00334752 -0.00328299 -0.00323641 -0.00319287 -0.00314784 -0.00308996 -0.00306204 -0.00302044 -0.00297252 -0.00294522 -0.00290222 -0.00287633 -0.00285018 -0.00281504 -0.00277592 -0.00276464 -0.00275291 -0.00269796 -0.0026817 -0.00267216 -0.00263925 -0.00261576 -0.0025941 -0.00258277 -0.00255618 -0.00253787 -0.00253482 -0.00250964 -0.00249473 -0.00248928 -0.00247452 -0.00245653 -0.00244653 -0.00243813 -0.0024125 -0.00241141 -0.00241219 -0.0023857 -0.00239478 -0.00238884 -0.00236146 -0.00237818 -0.00236353 -0.00234664 -0.00236688 -0.00234272 -0.00233977 -0.00235552 -0.00232895 -0.00234282 
0 2.13201e-05 3.39715e-05 5.69806e-05 7.55691e-05 9.03427e-05 0.00011396 0.000132804 0.000149931 0.000172093 0.000191337 0.000206614 0.000227901 0.000250087 0.000265666 0.000290351 0.000315365 0.00032978 0.000352885 0.000378107 0.000394457 0.000422204 0.000452436 0.000461564 0.000484071 0.000519412 0.000537656 0.000567541 0.000601739 0.000621188 0.00063808 0.000673679 0.000722091 0.000742482 0.000758471 0.000791965 0.000841778 0.000875928 0.000891695 0.000939235 0.000979434 0.00101633 0.00105858 0.00110062 0.0011442 0.00118843 0.00124716 0.00128277 0.00133998 0.00140036 0.00144921 0.00150763 0.0015743 0.0016448 0.0016982 0.00178952 0.00187182 0.00195912 0.00206819 0.00221217 0.00237503 0.00257651 0.00287803 0.00325263 0.00375329 0.00441598 0.00531861 0.00645283 0.00791372 0.00977145 0.0120871 0.0148965 0.0182678 0.022251 0.0267914 0.0318393 0.0372767 0.0429852 0.0487118 0.0542624 0.0593776 0.0638546 0.0674101 0.0698776 0.0711044 0.0710702 0.0697656 0.0672959 0.0637805 0.059413 0.0543878 0.0489321 0.0432242 0.0373926 0.0315101 0.0256369 0.0198247 0.0140886 0.00840905 0.0027437 -0.00292366 -0.00860532 -0.0143125 -0.0200835 -0.0259364 -0.031859 -0.0377992 -0.0436984 -0.0494862 -0.0550474 -0.0602156 -0.0647771 -0.0685363 -0.0712945 -0.0729148 -0.0732809 -0.0723861 -0.0702372 -0.0669617 -0.0627105 -0.0577598 -0.0523161 -0.0466358 -0.0409107 -0.0354063 -0.030256 -0.0255903 -0.0214597 -0.0179408 -0.0149924 -0.0125543 -0.0105793 -0.0090217 -0.00780851 -0.00684139 -0.00611984 -0.00557578 -0.00517119 -0.00484062 -0.00461729 -0.00443885 -0.00428687 -0.00416237 -0.00406904 -0.00398122 -0.00388389 -0.00382277 -0.00374941 -0.00368073 -0.00361377 -0.00356552 -0.00350218 -0.00344328 -0.00340372 -0.00334745 -0.00330436 -0.00325876 -0.0032184 -0.00317349 -0.00314494 -0.00310897 -0.00305508 -0.00303273 -0.00301117 -0.00297811 -0.00293035 -0.00290172 -0.00289477 -0.00286838 -0.00283119 -0.00280205 -0.0027924 -0.00276944 -0.00274534 -0.00273798 -0.00271054 -0.00268482 -0.00267739 -0.00266368 -0.00264402 -0.00263185 -0.00261832 -0.00259878 -0.00259037 -0.00258378 -0.00256969 -0.0025623 -0.00255622 -0.00254165 -0.00253402 -0.00253066 -0.00251733 -0.00251475 -0.00251364 -0.00250157 -0.0025046 -0.00250121 -0.00249167 -0.00249791 -0.00249065 
