0 0 0 0 0 0 0 0 0 0 0 0 0 0 0 0 0 0 0 0 0 0 0 0 0 0 0 0 0 0 0 0 0 0 0 0 0 0 0 0 0 0 0 0 0 0 0 0 0 0 0 0 0 0 0 0 0 0 0 0 0 0 0 0 0 0 0 0 0 0 0 0 0 0 0 0 0 0 0 0 0 0 0 0 0 0 0 0 0 0 0 0 0 0 0 0 0 0 0 0 0 0 0 0 0 0 0 0 0 0 0 0 0 0 0 0 0 0 0 0 0 0 0 0 0 0 0 0 0 0 0 0 0 0 0 0 0 0 0 0 0 0 0 0 0 0 0 0 0 0 0 0 0 0 0 0 0 0 0 0 0 0 0 0 0 0 0 0 0 0 0 0 0 0 0 0 0 0 0 0 0 0 0 0 0 0 0 0 0 0 0 0 0 0 0 0 0 0 0 0 
0 -5.29429e-06 8.8736e-06 -3.55284e-06 1.43087e-06 1.0401e-05 -2.27188e-06 9.03961e-06 7.44244e-06 1.57415e-06 1.25861e-05 7.02695e-06 1.14333e-05 1.13379e-05 9.00712e-06 1.19316e-05 2.41562e-06 1.71788e-05 1.34758e-05 1.21698e-05 3.30297e-05 1.05495e-05 1.61233e-05 2.45306e-05 6.8062e-06 2.2557e-05 2.60524e-05 2.08812e-05 1.73494e-05 2.3943e-05 2.72644e-05 2.16707e-05 4.06111e-05 3.30169e-05 2.53872e-05 2.7146e-05 3.26577e-05 4.73407e-05 2.73286e-05 2.57468e-05 3.90143e-05 4.26669e-05 3.70172e-05 3.71725e-05 4.8209e-05 4.18139e-05 5.14785e-05 5.18294e-05 4.89774e-05 5.67899e-05 5.90068e-05 5.85732e-05 5.99728e-05 7.29759e-05 7.1691e-05 8.31881e-05 0.00010561 0.000126687 0.000161085 0.000218446 0.000294393 0.000385047 0.000520851 0.000690125 0.000893151 0.00114756 0.00146279 0.00182555 0.00223756 0.00270892 0.00320453 0.00369236 0.00414719 0.00453865 0.0048095 0.00493324 0.00489855 0.00467808 0.00424678 0.00361453 0.00282151 0.00189864 0.000905932 -8.39116e-05 -0.000999569 -0.00181545 -0.00248976 -0.00298031 -0.00325527 -0.00334392 -0.00327904 -0.00309188 -0.00279925 -0.00244305 -0.00205883 -0.00167697 -0.00130613 -0.000957706 -0.000629957 -0.000320269 -1.65044e-05 0.000287037 0.000603568 0.000938319 0.00129579 0.00166784 0.00205014 0.00241881 0.00274137 0.00297482 0.00310056 0.00308985 0.00290865 0.00251742 0.00193439 0.00119673 0.000345717 -0.000599039 -0.00157427 -0.0025082 -0.00333474 -0.00402037 -0.00451916 -0.00481188 -0.00491421 -0.00485498 -0.00464276 -0.0042985 -0.00387607 -0.00341038 -0.00292585 -0.00245321 -0.00203386 -0.00166225 -0.00133642 -0.0010684 -0.000855893 -0.000677826 -0.000532626 -0.000433604 -0.000352783 -0.000289795 -0.000248866 -0.000225931 -0.0001996 -0.000184853 -0.00018338 -0.000170188 -0.000165168 -0.000163861 -0.000163335 -0.000153551 -0.000157248 -0.000155403 -0.000148949 -0.000158477 -0.000149667 -0.000144934 -0.000149433 -0.000160187 -0.000145449 -0.000134691 -0.000148009 -0.000146961 -0.000148275 -0.000129305 -0.000131089 -0.000142715 -0.00013251 -0.000136122 -0.000136465 -0.000134157 -0.000123396 -0.000138001 -0.000142795 -0.000123377 -0.000141169 -0.000127461 -0.00011777 -0.000133291 -0.000122871 -0.000128725 -0.000128252 -0.000126346 -0.000126428 -0.000120924 -0.000131687 -0.000122725 -0.000125458 -0.000131733 -0.0001148 -0.000125253 -0.000122346 -0.000114004 -0.000130798 -0.000122027 -0.000122488 -0.000131621 -0.000115821 -0.000123542 
0 8.8736e-06 -4.25998e-06 9.42944e-06 1.00425e-05 -7.71084e-07 1.44933e-05 1.05579e-05 5.886e-06 2.13142e-05 1.2779e-05 1.03438e-05 2.32909e-05 1.44831e-05 2.01609e-05 3.36655e-05 2.6571e-05 2.88826e-05 3.06556e-05 2.26838e-05 2.11431e-05 3.22327e-05 3.78826e-05 3.62394e-05 4.83182e-05 4.25611e-05 3.7176e-05 4.53629e-05 5.27821e-05 5.71136e-05 4.22272e-05 5.80599e-05 4.84978e-05 3.58871e-05 7.64959e-05 6.93162e-05 5.54024e-05 5.72119e-05 7.90355e-05 8.49649e-05 7.34246e-05 8.35381e-05 7.2425e-05 9.77261e-05 8.83003e-05 8.10733e-05 9.70004e-05 9.38508e-05 0.000100252 9.47095e-05 0.000119256 0.000104279 0.000123913 0.000140128 0.000145346 0.000175718 0.000209807 0.000270584 0.000324162 0.000456805 0.000590665 0.000789908 0.00104842 0.0013905 0.00179699 0.0023004 0.00293573 0.00364593 0.00448472 0.00540221 0.00640409 0.00735601 0.00827614 0.00903469 0.00958409 0.00982111 0.00975519 0.00930963 0.00845171 0.0072011 0.00561915 0.00379632 0.00181651 -0.000135148 -0.001973 -0.00358077 -0.00493812 -0.00589776 -0.00647167 -0.00663951 -0.0065359 -0.00614955 -0.00559179 -0.00487023 -0.00412618 -0.00334731 -0.00262442 -0.00190979 -0.00126986 -0.000630311 -3.66227e-05 0.000590992 0.00120918 0.00189681 0.00259376 0.00335387 0.00409567 0.00484258 0.00545997 0.00593827 0.00616349 0.00615054 0.00576075 0.00499621 0.00381778 0.00236488 0.000651535 -0.00121221 -0.0031616 -0.00500585 -0.0066591 -0.00801444 -0.00901011 -0.00959654 -0.00980175 -0.00969032 -0.00925989 -0.00859208 -0.00773812 -0.00682736 -0.00584564 -0.00492472 -0.00406723 -0.00333878 -0.00267498 -0.00214639 -0.00171196 -0.00135412 -0.00106972 -0.000856257 -0.00070826 -0.000565803 -0.000501813 -0.000436146 -0.000402566 -0.000364228 -0.000364573 -0.000345205 -0.000329807 -0.000341995 -0.00032192 -0.000324577 -0.00031621 -0.000326189 -0.000300434 -0.000305319 -0.000310393 -0.000295038 -0.000300324 -0.000276682 -0.00028883 -0.000296747 -0.000291133 -0.000264316 -0.000273317 -0.000303006 -0.000273727 -0.0002784 -0.000277523 -0.000266935 -0.000270135 -0.000270168 -0.000275607 -0.000256841 -0.000254642 -0.000259385 -0.000255187 -0.000260884 -0.000265205 -0.000264079 -0.000251126 -0.000256605 -0.000256187 -0.000243504 -0.000259948 -0.000252942 -0.000240239 -0.000255923 -0.00024276 -0.00024018 -0.000259569 -0.00024455 -0.000249199 -0.000258742 -0.000235411 -0.000245883 -0.000246498 -0.000231384 -0.000252243 -0.000243693 
0 -3.55284e-06 9.42944e-06 2.04984e-06 7.7993e-06 1.62813e-05 8.71651e-06 1.94355e-05 1.86102e-05 1.70122e-05 2.69521e-05 2.34628e-05 3.13055e-05 3.0139e-05 3.01324e-05 3.54117e-05 2.57137e-05 4.3506e-05 4.27366e-05 4.28046e-05 6.55822e-05 4.53212e-05 5.12748e-05 6.02309e-05 4.57764e-05 6.27297e-05 6.84399e-05 6.56118e-05 6.4058e-05 7.32747e-05 7.66379e-05 7.75668e-05 9.76894e-05 8.88985e-05 8.84531e-05 8.93924e-05 9.60771e-05 0.00011511 9.79278e-05 9.72081e-05 0.000112853 0.000122057 0.000115979 0.000123269 0.000136012 0.000130973 0.000148135 0.000150473 0.000150984 0.000162585 0.000173216 0.00017374 0.000185031 0.000211239 0.000221745 0.000258779 0.000317893 0.000392308 0.000498954 0.000671256 0.000894779 0.00118399 0.00158416 0.00209016 0.0027083 0.00347317 0.00441071 0.00549311 0.00673227 0.00811813 0.00958204 0.0110219 0.0123653 0.0135016 0.0142973 0.0146617 0.0145458 0.0138772 0.0125993 0.0107428 0.00839985 0.00568759 0.00276878 -0.000140571 -0.00286159 -0.00527492 -0.00727327 -0.00872793 -0.0095823 -0.00988018 -0.00972261 -0.00918469 -0.00834865 -0.00731269 -0.00619037 -0.00505291 -0.00394985 -0.00289998 -0.00191379 -0.000969626 -4.9101e-05 0.000878438 0.00183393 0.00284563 0.00391246 0.00502613 0.00615004 0.00722794 0.00815518 0.00883279 0.00917583 0.00911092 0.00852992 0.00736224 0.00563096 0.00344756 0.000912181 -0.00187079 -0.00474183 -0.0074871 -0.00993177 -0.0119455 -0.0134204 -0.0142993 -0.0146182 -0.0144435 -0.0138191 -0.0128204 -0.011575 -0.0101985 -0.00876562 -0.00737788 -0.00611763 -0.00500725 -0.00403581 -0.00323316 -0.00258261 -0.00204915 -0.00162017 -0.00130717 -0.00106583 -0.000877604 -0.000754744 -0.000672324 -0.000605061 -0.000559703 -0.000544618 -0.000515915 -0.000499872 -0.000495592 -0.000487289 -0.000472502 -0.000472001 -0.000469672 -0.000455357 -0.000464195 -0.000453127 -0.000443094 -0.000448615 -0.0004543 -0.000436515 -0.000424006 -0.000437151 -0.000429921 -0.000429017 -0.00041125 -0.000405481 -0.000417473 -0.000406458 -0.000406773 -0.000405904 -0.000401155 -0.000390614 -0.000402986 -0.000406984 -0.000387155 -0.000402194 -0.000386354 -0.000375314 -0.000390343 -0.00037723 -0.000383569 -0.000383079 -0.000377195 -0.000379224 -0.000372824 -0.000380365 -0.000374833 -0.000375012 -0.000378824 -0.000364734 -0.000370639 -0.000367576 -0.000361771 -0.000374383 -0.000368287 -0.00036911 -0.000376829 -0.00036593 -0.00036702 
0 1.43087e-06 1.00425e-05 7.7993e-06 1.12353e-05 1.72563e-05 1.53166e-05 2.20665e-05 2.47792e-05 2.53872e-05 3.19595e-05 3.2226e-05 3.66705e-05 4.02432e-05 4.31738e-05 4.9157e-05 4.85479e-05 5.54957e-05 5.58776e-05 5.53504e-05 6.62442e-05 6.3124e-05 7.0111e-05 7.92145e-05 7.53519e-05 8.38088e-05 8.74341e-05 8.8887e-05 9.44227e-05 9.92776e-05 0.000102419 0.00010309 0.000111566 0.000113578 0.000119775 0.000126172 0.000127353 0.000138954 0.000139985 0.000144903 0.000155085 0.000158213 0.000161818 0.000169038 0.000177898 0.000177911 0.000188939 0.000196444 0.000199009 0.00021247 0.00022234 0.000232207 0.000248514 0.00027683 0.000304052 0.000352982 0.000431784 0.00053434 0.000687935 0.000910651 0.00121315 0.0016081 0.00213909 0.00281173 0.00364247 0.00466653 0.00590357 0.00734702 0.00899054 0.0108172 0.0127349 0.0146346 0.0163925 0.0178729 0.0189095 0.0193879 0.0192194 0.0183221 0.0166386 0.0142032 0.0111276 0.00757021 0.00375272 -6.69041e-05 -0.00365265 -0.00683901 -0.00946722 -0.0113989 -0.0125587 -0.0129994 -0.0128225 -0.012144 -0.0110675 -0.0097313 -0.00826069 -0.0067637 -0.0052963 -0.00389951 -0.00257284 -0.00130511 -5.98905e-05 0.00118749 0.00247636 0.00382601 0.00524974 0.0067215 0.00820177 0.00959916 0.0107992 0.0116651 0.0120914 0.0119596 0.0111555 0.00959435 0.00731395 0.00442751 0.00108023 -0.00258139 -0.00634023 -0.00994314 -0.0131543 -0.0157976 -0.017737 -0.0189097 -0.0193465 -0.0191188 -0.0183045 -0.0170044 -0.0153761 -0.0135589 -0.0116798 -0.00985202 -0.00818144 -0.00669805 -0.00541466 -0.00434006 -0.00346411 -0.00275055 -0.00218194 -0.00175372 -0.00142591 -0.0011815 -0.00100937 -0.000895509 -0.000807795 -0.000752334 -0.000720706 -0.000691918 -0.000672981 -0.000662283 -0.000653259 -0.000638595 -0.000636038 -0.000627631 -0.000616297 -0.00061436 -0.000606621 -0.000597791 -0.000591361 -0.000590377 -0.00058009 -0.000575515 -0.000573873 -0.000564866 -0.000565107 -0.00055841 -0.00055536 -0.00055397 -0.00054668 -0.000542974 -0.000540614 -0.000538838 -0.000529913 -0.000530834 -0.000527321 -0.000517766 -0.000524218 -0.000518268 -0.000515097 -0.000518025 -0.000510606 -0.000510488 -0.00050768 -0.000505788 -0.00050471 -0.000500909 -0.000502411 -0.000497037 -0.00049675 -0.00049829 -0.000493046 -0.000497105 -0.000495587 -0.000491697 -0.000495591 -0.000490808 -0.000487817 -0.000489696 -0.000487057 -0.000490572 
0 1.0401e-05 -7.71084e-07 1.62813e-05 1.72563e-05 1.21528e-05 2.93722e-05 2.32952e-05 2.80166e-05 3.96108e-05 3.42821e-05 4.28179e-05 4.48945e-05 4.90569e-05 5.37734e-05 5.7557e-05 7.10867e-05 6.13632e-05 7.30585e-05 7.90672e-05 6.32596e-05 9.11024e-05 8.94508e-05 8.64619e-05 0.000109476 0.000100219 0.000103412 0.000111323 0.000123336 0.000124196 0.000123573 0.000141661 0.000128773 0.000138272 0.000156456 0.000162401 0.00016224 0.00015456 0.000183669 0.000190503 0.000187918 0.000193424 0.000203455 0.00021841 0.000215294 0.000229481 0.000233013 0.000244762 0.000256012 0.000262158 0.0002794 0.000291357 0.000317867 0.000341209 0.00038886 0.000450589 0.000543478 0.000683384 0.0008789 0.00116065 0.00153703 0.00205048 0.00270809 0.00355309 0.00460074 0.00588501 0.00742235 0.00921969 0.0112679 0.0135107 0.0158689 0.0181981 0.0203527 0.0221429 0.0234076 0.0239828 0.0237557 0.0226252 0.0205521 0.0175679 0.0137974 0.00944807 0.00478399 0.000108119 -0.00431179 -0.0082349 -0.0114763 -0.0138711 -0.0153603 -0.0159655 -0.0158089 -0.0150143 -0.0137402 -0.0121282 -0.0103424 -0.00849351 -0.0066774 -0.00492554 -0.00325985 -0.00165095 -7.83251e-05 0.00150771 0.00313116 0.00483077 0.00660062 0.00842847 0.0102381 0.0119354 0.0133685 0.0144005 0.0148719 0.0146506 0.013594 0.0116463 0.00882717 0.00526998 0.00113536 -0.0033555 -0.00795361 -0.0123592 -0.0162977 -0.0195349 -0.0219182 -0.0233819 -0.0239403 -0.023672 -0.0226775 -0.0211067 -0.0191132 -0.0168851 -0.0145737 -0.0123337 -0.010255 -0.00840985 -0.00681451 -0.00547258 -0.00436708 -0.00347167 -0.00276783 -0.00221515 -0.00180534 -0.0014966 -0.00128108 -0.00112355 -0.00102124 -0.000950187 -0.000898725 -0.000870599 -0.000843658 -0.000830664 -0.000810961 -0.000805678 -0.000792082 -0.000783769 -0.000776125 -0.000759318 -0.00076146 -0.000752214 -0.000743389 -0.000723472 -0.000729168 -0.000734176 -0.000711909 -0.000703924 -0.000698075 -0.000711874 -0.000697008 -0.000682698 -0.000689511 -0.00067651 -0.000674036 -0.000670821 -0.000675554 -0.000657642 -0.000648915 -0.000664865 -0.000641899 -0.000650518 -0.000656553 -0.000636447 -0.000643433 -0.000636681 -0.000633439 -0.000632048 -0.000631129 -0.000632319 -0.000619226 -0.000628288 -0.000621657 -0.000613776 -0.00063034 -0.000615118 -0.000617412 -0.000625274 -0.000604637 -0.00061744 -0.000617472 -0.000603318 -0.000620832 -0.000611343 
0 -2.27188e-06 1.44933e-05 8.71651e-06 1.53166e-05 2.93722e-05 2.29057e-05 3.27431e-05 4.13984e-05 3.55466e-05 4.65954e-05 5.51968e-05 5.20432e-05 6.30708e-05 6.76787e-05 6.16414e-05 7.16269e-05 7.91458e-05 8.20765e-05 9.58476e-05 0.000106029 0.000102609 0.000103466 0.000111782 0.000109779 0.000119245 0.0001347 0.000137493 0.000134167 0.000140928 0.000161752 0.000154889 0.000173869 0.000194535 0.000167402 0.000179322 0.000202653 0.000214257 0.000204729 0.000206576 0.000227684 0.000233907 0.000253147 0.000242004 0.000263471 0.000281851 0.000281831 0.00029888 0.000307403 0.000329147 0.000329006 0.000365624 0.000380569 0.000414473 0.000475606 0.000547432 0.000666522 0.000828349 0.00108946 0.00140905 0.00188706 0.00250105 0.00330528 0.0043161 0.00558815 0.00713648 0.0089647 0.011126 0.0135489 0.0162111 0.0189618 0.0217151 0.0242117 0.0263028 0.0277534 0.0284225 0.0281153 0.0267599 0.0243114 0.0208112 0.0164002 0.0113117 0.00587796 0.000390513 -0.00479843 -0.00943838 -0.0132468 -0.0161195 -0.017931 -0.0187544 -0.0186335 -0.0177876 -0.0163339 -0.0145075 -0.0124134 -0.0102568 -0.00807945 -0.00599595 -0.0039611 -0.00202297 -8.8222e-05 0.00182582 0.00381699 0.00584828 0.00798292 0.0101293 0.0122676 0.0142093 0.0158619 0.0169976 0.0174993 0.0171317 0.0158242 0.0134664 0.0101479 0.00593149 0.00106999 -0.00421383 -0.0095752 -0.0147335 -0.0193384 -0.0231359 -0.0259388 -0.0276833 -0.0283754 -0.0280689 -0.0269291 -0.0250957 -0.0227884 -0.0201559 -0.0174616 -0.0148068 -0.012356 -0.0101379 -0.00824813 -0.00663127 -0.00529795 -0.00422249 -0.00337066 -0.00270833 -0.00219221 -0.0018398 -0.00155461 -0.00137263 -0.00123478 -0.00115678 -0.00108189 -0.0010449 -0.00102196 -0.000985025 -0.000979998 -0.000959153 -0.000951162 -0.00092753 -0.000936351 -0.000920266 -0.000901159 -0.000903074 -0.000890872 -0.000898948 -0.000875364 -0.000859117 -0.000858165 -0.000872178 -0.000852261 -0.000817442 -0.000836695 -0.000826449 -0.000816501 -0.000820441 -0.000810708 -0.000799967 -0.000793197 -0.000804087 -0.000798581 -0.000789573 -0.000788018 -0.000776962 -0.000767937 -0.000767681 -0.00077219 -0.000763192 -0.00076156 -0.000765127 -0.000749771 -0.000753087 -0.000760239 -0.000745995 -0.000753115 -0.000753426 -0.00073341 -0.00074405 -0.000740043 -0.000728839 -0.000748348 -0.000736513 -0.000735995 -0.000751292 -0.000728797 -0.000736779 
0 9.03961e-06 1.05579e-05 1.94355e-05 2.20665e-05 2.32952e-05 3.27431e-05 3.47297e-05 4.22184e-05 4.90427e-05 5.2114e-05 6.07207e-05 6.05301e-05 7.15199e-05 7.71905e-05 8.068e-05 9.91828e-05 8.99586e-05 9.8594e-05 0.000106929 9.38793e-05 0.000121051 0.000125657 0.000128396 0.000150108 0.000143483 0.000148051 0.000158215 0.000169591 0.000173197 0.000180891 0.000187271 0.000181226 0.000201883 0.000209595 0.000226661 0.000232729 0.000223217 0.000253514 0.000268277 0.000268858 0.00027149 0.00029247 0.000298365 0.000304296 0.000325858 0.000322036 0.000342163 0.000359452 0.000371193 0.000385904 0.000420419 0.000451218 0.000486393 0.000568467 0.00065926 0.000798213 0.00100653 0.00130851 0.00170154 0.00225606 0.00299557 0.00392997 0.0051226 0.00661196 0.00841894 0.0105468 0.0130446 0.0158468 0.0188798 0.0220232 0.0251336 0.0279632 0.0302964 0.0319276 0.0326481 0.0322664 0.0306815 0.0278835 0.0239054 0.0189091 0.0131622 0.00702008 0.000806638 -0.00510824 -0.0103953 -0.0147657 -0.0180825 -0.0202544 -0.021298 -0.0212845 -0.0204069 -0.0188493 -0.0168208 -0.014483 -0.0120151 -0.00951943 -0.00707649 -0.00469472 -0.00238675 -0.000106213 0.00217765 0.00451768 0.006914 0.00937751 0.0118528 0.014261 0.0164401 0.0182401 0.0194617 0.0199189 0.0193978 0.0177917 0.0150481 0.0112217 0.00640598 0.000847739 -0.00514942 -0.0112234 -0.0170534 -0.0222732 -0.0265852 -0.0297837 -0.0318046 -0.0326248 -0.0323142 -0.0310352 -0.0289914 -0.0263776 -0.0234051 -0.0203259 -0.017305 -0.0144718 -0.0119118 -0.00970895 -0.00782569 -0.00625996 -0.00499279 -0.00399811 -0.00320374 -0.00260223 -0.00217043 -0.00184303 -0.00161015 -0.00145507 -0.00135624 -0.00126659 -0.00122699 -0.00119501 -0.00116244 -0.00114235 -0.00113347 -0.00111604 -0.00109445 -0.00109501 -0.0010694 -0.00106371 -0.00105815 -0.00103639 -0.00101929 -0.00102341 -0.00102263 -0.000992392 -0.00099206 -0.000984176 -0.000985702 -0.000984199 -0.000962331 -0.000961576 -0.000953223 -0.00094747 -0.000942755 -0.000942274 -0.000923903 -0.000911459 -0.000922944 -0.000903573 -0.00091246 -0.00091666 -0.00089558 -0.000903748 -0.000892552 -0.000886953 -0.000891181 -0.00088309 -0.00088276 -0.000875204 -0.000872546 -0.000869598 -0.000867353 -0.000873021 -0.000868699 -0.000869887 -0.0008698 -0.0008623 -0.000860168 -0.000855669 -0.000853331 -0.000857184 -0.00085999 
0 7.44244e-06 5.886e-06 1.86102e-05 2.47792e-05 2.80166e-05 4.13984e-05 4.22184e-05 4.78746e-05 5.72623e-05 5.94381e-05 6.87933e-05 7.31996e-05 8.12124e-05 8.60038e-05 8.90459e-05 0.000103733 0.00010136 0.000115531 0.000129616 0.000121846 0.000142905 0.000142844 0.000140325 0.000161784 0.000160739 0.000170855 0.000181942 0.000188669 0.00019625 0.000204644 0.000221402 0.000223482 0.000236832 0.000241867 0.000250813 0.000266976 0.000263126 0.000284849 0.000294504 0.00029778 0.000314548 0.000329783 0.000340969 0.000348852 0.000374468 0.000378554 0.000396048 0.000419918 0.000428764 0.000453533 0.000484718 0.000523182 0.000566939 0.000658177 0.000770561 0.000931607 0.00118468 0.00153061 0.00200155 0.00264251 0.00350387 0.0045836 0.00596146 0.00767404 0.00973933 0.0121727 0.014998 0.0181613 0.0215473 0.0250515 0.0284814 0.0315995 0.0341448 0.0359178 0.0366655 0.0361944 0.0343907 0.0312593 0.0268458 0.0213255 0.014998 0.00822274 0.00135943 -0.00521061 -0.0110921 -0.0159953 -0.0197499 -0.02229 -0.0235853 -0.0237251 -0.0228738 -0.0212623 -0.0190813 -0.0165378 -0.0137927 -0.0109929 -0.00819815 -0.00546131 -0.00277603 -0.000133174 0.0025298 0.00523115 0.00799199 0.010779 0.0135576 0.0162054 0.0185792 0.0204835 0.0217363 0.0221021 0.0213911 0.0194733 0.0163428 0.0120289 0.00665694 0.000466768 -0.00617175 -0.0128843 -0.0193073 -0.0250737 -0.0298497 -0.033419 -0.0356975 -0.0366509 -0.0363527 -0.0349685 -0.0327399 -0.0298615 -0.0265869 -0.0231592 -0.0197927 -0.0166015 -0.0137148 -0.0112014 -0.00905641 -0.00726034 -0.00580422 -0.00465645 -0.00373751 -0.00304403 -0.00253057 -0.0021547 -0.00187286 -0.00169213 -0.00156507 -0.00146436 -0.00140916 -0.00136683 -0.00133248 -0.00130187 -0.00129307 -0.00126709 -0.00125089 -0.00124583 -0.00122318 -0.00121379 -0.00120544 -0.00119652 -0.00117534 -0.00117387 -0.00116523 -0.00114579 -0.00114584 -0.00112855 -0.00112282 -0.00111186 -0.00109991 -0.00109877 -0.00108876 -0.00108114 -0.00107066 -0.00107423 -0.00106173 -0.00105581 -0.00106367 -0.0010399 -0.00104133 -0.00103922 -0.00102257 -0.00102924 -0.0010214 -0.00101642 -0.00101451 -0.00100935 -0.00100884 -0.00100244 -0.00100603 -0.00100079 -0.000994596 -0.000998828 -0.000987658 -0.000985751 -0.000987885 -0.000981556 -0.00098895 -0.000989779 -0.000984319 -0.000988032 -0.000981297 
0 1.57415e-06 2.13142e-05 1.70122e-05 2.53872e-05 3.96108e-05 3.55466e-05 4.90427e-05 5.72623e-05 5.9218e-05 7.00712e-05 7.6114e-05 8.50496e-05 8.88541e-05 0.000101384 0.000106926 0.000104016 0.000127777 0.00012411 0.000130348 0.000158611 0.000145072 0.000160036 0.000174707 0.000169251 0.000186957 0.000196837 0.000210213 0.000205874 0.000220047 0.000239674 0.000230193 0.000259194 0.000270748 0.000269025 0.000275775 0.000295153 0.000323079 0.000312305 0.000326473 0.000342378 0.000361185 0.000374703 0.000374477 0.000402313 0.000412323 0.000431677 0.00044343 0.000466227 0.000488687 0.000508805 0.000553524 0.000588756 0.000660491 0.000752598 0.000894297 0.00108892 0.00137901 0.0017855 0.00232637 0.00307392 0.00404042 0.00528659 0.00684199 0.00878145 0.0111007 0.0138354 0.0169793 0.0204708 0.0241984 0.0280137 0.0317339 0.0350803 0.0378168 0.0396781 0.040437 0.0398559 0.037853 0.0344054 0.0296064 0.0236314 0.0168043 0.00948283 0.0020496 -0.00508573 -0.0115095 -0.0169017 -0.0210942 -0.0239932 -0.0255799 -0.0259061 -0.025154 -0.0235283 -0.0212611 -0.0185405 -0.0155686 -0.0124687 -0.00934622 -0.00623617 -0.00318074 -0.000145986 0.00289121 0.00597666 0.00908482 0.0121999 0.0152393 0.018105 0.020613 0.0225869 0.0237986 0.0240359 0.023086 0.0208572 0.0173282 0.0125581 0.00666578 -7.6367e-05 -0.0072861 -0.0145542 -0.021495 -0.0277351 -0.0329238 -0.0368399 -0.0393547 -0.0404529 -0.0401795 -0.0387385 -0.0363442 -0.0332576 -0.0297081 -0.0259833 -0.0222793 -0.0187645 -0.0155559 -0.012739 -0.0103284 -0.0082998 -0.00665612 -0.00533376 -0.0043015 -0.00349546 -0.00290857 -0.00246393 -0.00214711 -0.00192684 -0.00177253 -0.00166761 -0.00158859 -0.0015478 -0.00149935 -0.00147898 -0.00145289 -0.00143246 -0.00141436 -0.00139921 -0.00139167 -0.00136143 -0.00135591 -0.00134226 -0.00133888 -0.00131646 -0.00129153 -0.00130056 -0.00129084 -0.00127673 -0.00124924 -0.00125552 -0.00125262 -0.00122755 -0.00123438 -0.00121987 -0.00120889 -0.00119915 -0.00120129 -0.00119798 -0.00117354 -0.00118645 -0.00117005 -0.00115551 -0.00117005 -0.00115289 -0.00115052 -0.00114997 -0.00114114 -0.00113713 -0.00113251 -0.00113645 -0.00112373 -0.00112565 -0.00112707 -0.00110798 -0.00112252 -0.00111758 -0.00110433 -0.00112229 -0.00110564 -0.00110324 -0.00111764 -0.00109693 -0.00110796 
0 1.25861e-05 1.2779e-05 2.69521e-05 3.19595e-05 3.42821e-05 4.65954e-05 5.2114e-05 5.94381e-05 7.00712e-05 7.87168e-05 8.30632e-05 9.30755e-05 0.000102375 0.000104426 0.000121707 0.000131142 0.000132755 0.000146593 0.000148761 0.000151054 0.000166382 0.000181406 0.000189797 0.000201721 0.000215012 0.000212036 0.000220186 0.000245463 0.000251668 0.000253541 0.000275268 0.000275785 0.000275096 0.000311572 0.000329239 0.000326959 0.000330657 0.000356596 0.000381842 0.000386569 0.000395383 0.000406301 0.000436688 0.000444843 0.000455289 0.000479133 0.000494612 0.000519978 0.00053878 0.000578176 0.000609245 0.000670755 0.000748382 0.000857064 0.00102524 0.0012552 0.00159567 0.00204849 0.0026908 0.00352224 0.00462462 0.00602098 0.007778 0.00993076 0.0125111 0.0155441 0.0189843 0.0227954 0.0268196 0.0309317 0.0348709 0.0384267 0.0412867 0.0432196 0.043936 0.0432546 0.0410458 0.0373199 0.0321756 0.025821 0.0185766 0.0107911 0.00288614 -0.00473742 -0.0116248 -0.0174853 -0.0220826 -0.0253608 -0.0272415 -0.0278224 -0.0272044 -0.0256466 -0.023324 -0.0204997 -0.0173137 -0.0139627 -0.0105 -0.00704516 -0.00358783 -0.000174714 0.00327163 0.0067182 0.0101936 0.0135963 0.0168933 0.019911 0.0225291 0.0244945 0.0256318 0.0256668 0.0244686 0.0218981 0.0179961 0.0127763 0.0064312 -0.000798753 -0.00848372 -0.0162314 -0.0236046 -0.0302436 -0.0357941 -0.0400167 -0.0427635 -0.0439918 -0.0437858 -0.0423018 -0.0398047 -0.0365254 -0.0327721 -0.0287634 -0.024772 -0.020938 -0.0174383 -0.0143168 -0.0116417 -0.00938848 -0.00754112 -0.00605689 -0.00488328 -0.00398838 -0.003295 -0.00280068 -0.00242832 -0.00217654 -0.00198795 -0.00187099 -0.00178308 -0.00171914 -0.00168322 -0.00164317 -0.00162181 -0.00159594 -0.0015838 -0.00155206 -0.00153893 -0.00153229 -0.00150925 -0.00148952 -0.00146785 -0.00147029 -0.00146156 -0.00143697 -0.00141066 -0.00141614 -0.0014236 -0.00139205 -0.00138219 -0.00138005 -0.00136144 -0.0013554 -0.00135835 -0.00134275 -0.00132323 -0.0013198 -0.00131401 -0.00130639 -0.0013063 -0.00130443 -0.00129054 -0.00128353 -0.00128293 -0.00127315 -0.0012713 -0.00127104 -0.00126151 -0.00125361 -0.00125347 -0.00124787 -0.00124343 -0.00125184 -0.00124175 -0.00124086 -0.0012481 -0.00122842 -0.00123497 -0.00123421 -0.00121875 -0.00123741 -0.00122913 
0 7.02695e-06 1.03438e-05 2.34628e-05 3.2226e-05 4.28179e-05 5.51968e-05 6.07207e-05 6.87933e-05 7.6114e-05 8.30632e-05 9.26865e-05 0.000103942 0.000110201 0.000120563 0.000130469 0.000130832 0.000149576 0.000158568 0.000166952 0.000191544 0.000186648 0.000196273 0.000207318 0.00020489 0.000228524 0.000240802 0.000251513 0.000262649 0.000270998 0.0002836 0.000300392 0.000320887 0.00032562 0.000340759 0.000340426 0.000356232 0.000390873 0.000387512 0.000396977 0.00041822 0.000441499 0.0004525 0.00047394 0.000492343 0.00050421 0.00054061 0.000551719 0.000575355 0.000606915 0.000644572 0.000681953 0.000748342 0.000846303 0.000962469 0.00116177 0.00143211 0.00181517 0.00233703 0.00306532 0.00400813 0.00523308 0.00680581 0.00875425 0.0111338 0.0139723 0.0172952 0.021025 0.025122 0.0294303 0.0337799 0.0379155 0.0416122 0.0445717 0.0465121 0.0471746 0.0463648 0.0439717 0.0399856 0.0345538 0.0278864 0.0203053 0.0121481 0.0038595 -0.00415313 -0.0114472 -0.0177199 -0.0227173 -0.0263558 -0.0285692 -0.0294268 -0.0290188 -0.0275676 -0.0252701 -0.0223717 -0.0190342 -0.0154373 -0.0116756 -0.00786192 -0.00402359 -0.000200265 0.0036383 0.00746638 0.0112749 0.0149688 0.0184699 0.021619 0.0242726 0.0261948 0.0271811 0.0269885 0.0254944 0.0225939 0.0183123 0.0126897 0.00593476 -0.00169033 -0.00976903 -0.0179011 -0.0256276 -0.0325913 -0.038442 -0.0429405 -0.0458921 -0.0472663 -0.0471325 -0.045661 -0.0430824 -0.0396763 -0.0357402 -0.03151 -0.027244 -0.0231319 -0.0193467 -0.0159398 -0.0130023 -0.0105207 -0.00847906 -0.00681512 -0.0055138 -0.00450498 -0.00372393 -0.00315392 -0.00273762 -0.00244027 -0.00221746 -0.00208634 -0.00197623 -0.00190114 -0.00185399 -0.0018166 -0.00177845 -0.00175183 -0.00174127 -0.00170743 -0.00169758 -0.00167667 -0.00165765 -0.00165073 -0.00163985 -0.00161218 -0.00159223 -0.00160242 -0.00157842 -0.00156091 -0.00154542 -0.00152833 -0.00152709 -0.00151538 -0.00150329 -0.00148862 -0.00148202 -0.00146932 -0.00147156 -0.00147052 -0.00144863 -0.00145064 -0.00143278 -0.00142073 -0.00142693 -0.00141234 -0.00141063 -0.00140592 -0.00139419 -0.0013921 -0.00139005 -0.0013872 -0.00138523 -0.0013835 -0.00137509 -0.00137191 -0.00136449 -0.00135668 -0.00136182 -0.00135727 -0.00136237 -0.00136637 -0.00135833 -0.0013624 -0.00135255 
0 1.14333e-05 2.32909e-05 3.13055e-05 3.66705e-05 4.48945e-05 5.20432e-05 6.05301e-05 7.31996e-05 8.50496e-05 9.30755e-05 0.000103942 0.000115168 0.000117685 0.000135274 0.000145878 0.00014495 0.00017135 0.000169363 0.000172033 0.000202117 0.000194184 0.000215881 0.000238528 0.000235178 0.000256487 0.00026216 0.000274529 0.000285425 0.000298202 0.000316185 0.00031796 0.000337785 0.000348319 0.000372157 0.000382322 0.000392009 0.00042862 0.000424404 0.000446122 0.000470691 0.000481931 0.000497179 0.00051535 0.000540889 0.000546353 0.000584701 0.00059907 0.00062211 0.0006673 0.00070169 0.000755934 0.000830426 0.000950632 0.00108596 0.00131791 0.00163586 0.00206431 0.00266668 0.00347808 0.0045404 0.00589271 0.00764314 0.00978349 0.0123889 0.0154836 0.0190774 0.0230844 0.0274373 0.0319995 0.036539 0.0408329 0.0446191 0.0476326 0.0495365 0.0501198 0.0491699 0.0466011 0.0423908 0.0367244 0.0298173 0.021977 0.0135466 0.00496783 -0.00333625 -0.0109691 -0.0175963 -0.0229722 -0.0269583 -0.0295257 -0.0306867 -0.0305443 -0.0292521 -0.0270462 -0.0241207 -0.0206796 -0.0168628 -0.0128323 -0.00866865 -0.00445863 -0.000215949 0.00400988 0.00821688 0.0123351 0.0163012 0.0199668 0.023208 0.0258354 0.0276624 0.0284387 0.0279849 0.0261642 0.0229345 0.0182816 0.0122999 0.00518865 -0.00274592 -0.0111334 -0.0195547 -0.0275595 -0.0347745 -0.0408717 -0.0456047 -0.0487483 -0.0502743 -0.0502342 -0.0488135 -0.0461977 -0.0427147 -0.038633 -0.0342271 -0.0297164 -0.0253553 -0.0212936 -0.0176184 -0.0144165 -0.0117042 -0.00946074 -0.00761324 -0.0061739 -0.00503969 -0.00417062 -0.00351403 -0.00305105 -0.00270296 -0.00245046 -0.00229767 -0.00217155 -0.00208961 -0.00202883 -0.00199751 -0.0019481 -0.0019262 -0.00190766 -0.00187133 -0.00186262 -0.00183693 -0.00181604 -0.00179223 -0.00178912 -0.00176119 -0.00173744 -0.00174107 -0.00171123 -0.0017046 -0.00169119 -0.00168158 -0.00167118 -0.00165099 -0.0016483 -0.00163418 -0.00162863 -0.00160833 -0.00160268 -0.00159498 -0.00156867 -0.00158414 -0.00156768 -0.00155358 -0.00156507 -0.00154186 -0.00153932 -0.00154041 -0.00152771 -0.00152521 -0.00151971 -0.00151289 -0.00150386 -0.00150185 -0.00149782 -0.00149443 -0.0015015 -0.00149578 -0.00149192 -0.00149157 -0.00148002 -0.00147733 -0.00147896 -0.0014754 -0.00148074 
0 1.13379e-05 1.44831e-05 3.0139e-05 4.02432e-05 4.90569e-05 6.30708e-05 7.15199e-05 8.12124e-05 8.88541e-05 0.000102375 0.000110201 0.000117685 0.000139154 0.000137627 0.000151378 0.00017535 0.000167901 0.000192457 0.000206453 0.000200136 0.000226779 0.000234633 0.000243435 0.00025961 0.0002747 0.000286229 0.000285908 0.000322243 0.000328574 0.000331254 0.000368205 0.00036616 0.000377074 0.000398928 0.000426167 0.000435167 0.000433872 0.000468273 0.000486241 0.000511178 0.000514606 0.000535906 0.000574524 0.000580973 0.000608812 0.000629888 0.000663362 0.000684672 0.000727985 0.000776042 0.000825508 0.000928478 0.00104278 0.0012224 0.00147256 0.00184301 0.00232854 0.00300637 0.00392191 0.00509092 0.00660806 0.00851469 0.0108761 0.0136955 0.0170579 0.0209016 0.0251737 0.0297646 0.0345329 0.039237 0.0436284 0.047478 0.0504688 0.0523206 0.0527718 0.05169 0.04893 0.0445486 0.0386838 0.031613 0.0235813 0.0149756 0.00619908 -0.00230989 -0.0102031 -0.0171342 -0.0228468 -0.0271834 -0.0301018 -0.0316069 -0.0317568 -0.0306982 -0.0286259 -0.0257468 -0.0222268 -0.0182486 -0.0139586 -0.00948719 -0.00489481 -0.000259448 0.00436881 0.00891876 0.0133445 0.0175311 0.0213451 0.0246123 0.0271772 0.0288331 0.0293704 0.0286083 0.0264592 0.0228859 0.0178948 0.011592 0.0041974 -0.0039695 -0.0125728 -0.0211868 -0.0293935 -0.0367821 -0.0430791 -0.0479858 -0.0513225 -0.0529839 -0.0530799 -0.051717 -0.0491357 -0.0455981 -0.0414333 -0.0368718 -0.0321719 -0.0275784 -0.0232626 -0.0193384 -0.0158745 -0.0129445 -0.0104794 -0.00847443 -0.00686584 -0.00562504 -0.00464515 -0.00391676 -0.00338676 -0.00298935 -0.0027109 -0.00251308 -0.00238696 -0.0022731 -0.00221755 -0.00216149 -0.0021186 -0.00209086 -0.00206161 -0.00203534 -0.00200326 -0.00200385 -0.00196976 -0.00194683 -0.00192986 -0.0019187 -0.00191267 -0.00187283 -0.00186051 -0.00185327 -0.00184881 -0.00181737 -0.00179941 -0.0018072 -0.00177245 -0.00176989 -0.0017675 -0.00174658 -0.00173563 -0.00172617 -0.00172735 -0.00170423 -0.00170441 -0.00170299 -0.00167424 -0.00168248 -0.00167286 -0.00165758 -0.00166295 -0.00165155 -0.00164486 -0.00163998 -0.00163979 -0.0016349 -0.00162626 -0.00163163 -0.00161615 -0.00161383 -0.00162109 -0.00160313 -0.00161483 -0.00161525 -0.00159951 -0.00161612 -0.00160322 
0 9.00712e-06 2.01609e-05 3.01324e-05 4.31738e-05 5.37734e-05 6.76787e-05 7.71905e-05 8.60038e-05 0.000101384 0.000104426 0.000120563 0.000135274 0.000137627 0.000160514 0.00016675 0.000172771 0.000193409 0.000199085 0.000215548 0.000233851 0.000246113 0.000252245 0.000263384 0.000280865 0.000283207 0.000311475 0.000332664 0.000330796 0.000351243 0.00036783 0.00038008 0.000400386 0.000428614 0.000435649 0.000434626 0.0004646 0.000496001 0.000511201 0.00051347 0.000537045 0.000570006 0.000590254 0.00060702 0.000627818 0.000659797 0.000685364 0.000714626 0.000745797 0.000791108 0.000843539 0.000913536 0.00101738 0.00115844 0.00136387 0.00165386 0.00206712 0.00262193 0.00338548 0.00439275 0.00569769 0.00736155 0.00945152 0.0120097 0.0150699 0.0186708 0.0227621 0.0272745 0.0320773 0.037017 0.0418342 0.0462993 0.050143 0.0530849 0.0548224 0.055143 0.0538894 0.0509722 0.0464341 0.0404444 0.0332539 0.0251233 0.0164234 0.00755041 -0.00108274 -0.00915615 -0.0163248 -0.0223379 -0.027004 -0.0302838 -0.0321383 -0.0326274 -0.0318401 -0.0299732 -0.0271772 -0.0236434 -0.0195292 -0.0150337 -0.0102627 -0.00532657 -0.000295572 0.00469997 0.0095908 0.0142757 0.0186638 0.0225668 0.02583 0.0282624 0.0297082 0.0299517 0.0288706 0.0263724 0.0224675 0.0171583 0.0105915 0.00298174 -0.00534139 -0.0140685 -0.0227924 -0.0311104 -0.0386239 -0.0450483 -0.0501064 -0.0535966 -0.0554265 -0.0556531 -0.0544061 -0.0518803 -0.0483605 -0.0441323 -0.0394708 -0.0346107 -0.0298189 -0.0252672 -0.0211017 -0.0173999 -0.0142294 -0.0115618 -0.00937085 -0.00761227 -0.00622864 -0.00515457 -0.00433573 -0.00373518 -0.00328795 -0.00297144 -0.00274437 -0.00258936 -0.00247403 -0.00239681 -0.0023391 -0.00229152 -0.00225479 -0.00222421 -0.00220291 -0.00217218 -0.00214468 -0.00212486 -0.0021168 -0.00209191 -0.00205803 -0.00204182 -0.00203997 -0.00202747 -0.00198862 -0.00197095 -0.00196831 -0.00195555 -0.00193441 -0.00192604 -0.00191229 -0.00188501 -0.00188959 -0.00188358 -0.00186547 -0.00185856 -0.00184521 -0.00183231 -0.00182152 -0.00182291 -0.00181094 -0.00179968 -0.00179985 -0.00178186 -0.00178096 -0.00178012 -0.00176921 -0.00176956 -0.00176245 -0.00175766 -0.00175022 -0.00174622 -0.00174448 -0.00173646 -0.00174318 -0.00173776 -0.00173461 -0.00174153 -0.0017286 -0.00173216 
0 1.19316e-05 3.36655e-05 3.54117e-05 4.9157e-05 5.7557e-05 6.16414e-05 8.068e-05 8.90459e-05 0.000106926 0.000121707 0.000130469 0.000145878 0.000151378 0.00016675 0.000179729 0.000191651 0.000208311 0.000217249 0.000230749 0.000237518 0.000255993 0.000273268 0.000288009 0.000315476 0.000316896 0.000331352 0.000347311 0.000353682 0.000383787 0.000397628 0.000408777 0.000425074 0.000440785 0.000461825 0.000492327 0.000513542 0.000514674 0.000543802 0.000571526 0.000589879 0.000610817 0.000628216 0.000652216 0.000680653 0.000709189 0.000727687 0.000767159 0.000807419 0.000850614 0.000914256 0.0010005 0.0011163 0.0012795 0.00152301 0.00184957 0.00231413 0.00294591 0.00379556 0.00490589 0.00634703 0.00817264 0.0104381 0.0132057 0.0164989 0.0203335 0.0246533 0.0293872 0.0343737 0.0394413 0.0443388 0.0488281 0.0526267 0.0554629 0.0570622 0.0572168 0.0557882 0.0527151 0.0480638 0.0419909 0.0347448 0.0265871 0.0178835 0.0090001 0.000323947 -0.00784831 -0.0151883 -0.0214518 -0.0264306 -0.0300589 -0.0322768 -0.033124 -0.0326597 -0.0310399 -0.0283871 -0.0248816 -0.02069 -0.0160204 -0.0109926 -0.00573251 -0.000345359 0.00499988 0.0101933 0.0151118 0.0196479 0.0236025 0.0268047 0.0290638 0.0302436 0.0301678 0.0287451 0.0259035 0.0216721 0.0160831 0.00930639 0.00155715 -0.00684748 -0.0156153 -0.0243613 -0.032715 -0.0402877 -0.0467933 -0.0519552 -0.0555886 -0.0575844 -0.0579718 -0.05686 -0.0544429 -0.0509777 -0.0467368 -0.042005 -0.0370296 -0.0320665 -0.0273005 -0.0229099 -0.0189778 -0.0155736 -0.0126913 -0.0103204 -0.00839659 -0.00687045 -0.00568734 -0.00478044 -0.00409948 -0.00359742 -0.00324384 -0.00297942 -0.0028014 -0.00267637 -0.00258514 -0.002515 -0.00247213 -0.00243173 -0.00238917 -0.00236645 -0.0023395 -0.00231276 -0.00228488 -0.0022604 -0.00223467 -0.00222558 -0.00220264 -0.00216528 -0.00215649 -0.00214639 -0.00212999 -0.00211187 -0.00209594 -0.00207395 -0.00206776 -0.00206252 -0.00203811 -0.00203161 -0.00200844 -0.00199199 -0.00199116 -0.00197724 -0.00197301 -0.0019615 -0.00195061 -0.00194081 -0.00193429 -0.00193162 -0.00192096 -0.00191868 -0.00190612 -0.00189838 -0.00189165 -0.00187953 -0.00188665 -0.00187814 -0.00188018 -0.00188401 -0.00186658 -0.0018734 -0.00186054 -0.00185165 -0.00186355 -0.00184896 -0.00186111 
0 2.41562e-06 2.6571e-05 2.57137e-05 4.85479e-05 7.10867e-05 7.16269e-05 9.91828e-05 0.000103733 0.000104016 0.000131142 0.000130832 0.00014495 0.00017535 0.000172771 0.000191651 0.000214766 0.000210012 0.000237789 0.000256365 0.000256828 0.0002854 0.000291585 0.00030003 0.00032018 0.000333215 0.000359153 0.000369279 0.000392878 0.000411947 0.000418536 0.000445774 0.000466425 0.000484569 0.000488721 0.000522284 0.000543158 0.000542883 0.000588247 0.000603093 0.000623857 0.000650821 0.000677467 0.000706024 0.000730236 0.000769986 0.000783066 0.000836169 0.000874805 0.000917893 0.000995496 0.00108793 0.00122215 0.00140058 0.00168876 0.00204829 0.00257406 0.00328617 0.00422566 0.00545358 0.00703356 0.00903549 0.0114756 0.0144671 0.0179846 0.0220507 0.0265822 0.031518 0.0366576 0.0418137 0.0467582 0.0512214 0.0549363 0.0576153 0.0590517 0.0590051 0.057399 0.0541717 0.0494444 0.0433243 0.0360832 0.0279657 0.0193408 0.0105247 0.00188242 -0.00630941 -0.0137533 -0.0202124 -0.025478 -0.0294332 -0.0320202 -0.0332365 -0.033136 -0.0317972 -0.029344 -0.0259129 -0.0217073 -0.0169008 -0.011665 -0.00611319 -0.000422963 0.00524053 0.0106904 0.0158104 0.0204356 0.0243982 0.027483 0.029534 0.0304021 0.0299893 0.0282108 0.0250402 0.0204987 0.0146756 0.00774737 -6.4467e-05 -0.00847569 -0.0172054 -0.0258911 -0.0342069 -0.0417728 -0.0483155 -0.0535369 -0.0573004 -0.0594552 -0.0600304 -0.059072 -0.0568091 -0.0534324 -0.0492289 -0.0444574 -0.0394074 -0.0343031 -0.0293491 -0.0247514 -0.0205979 -0.0169736 -0.0138694 -0.0113242 -0.00922555 -0.00756145 -0.00625633 -0.00526237 -0.00449682 -0.00393271 -0.00354076 -0.00323063 -0.00303083 -0.00288162 -0.00278319 -0.00269073 -0.00264495 -0.0026005 -0.00254834 -0.00252936 -0.00248943 -0.00246867 -0.00244153 -0.00242289 -0.00238781 -0.00237456 -0.00236698 -0.00232095 -0.00231806 -0.00229909 -0.00227159 -0.00225261 -0.00223989 -0.00222808 -0.00219768 -0.00219095 -0.00217354 -0.0021627 -0.00215418 -0.00213944 -0.00213897 -0.00211037 -0.00210576 -0.00210424 -0.00207577 -0.00208198 -0.00207152 -0.0020478 -0.00205385 -0.00204061 -0.00202737 -0.00203907 -0.00202955 -0.0020204 -0.00202437 -0.00200577 -0.00199869 -0.00199971 -0.00198848 -0.00199478 -0.00199569 -0.00199231 -0.00199549 -0.00198715 -0.00198542 
0 1.71788e-05 2.88826e-05 4.3506e-05 5.54957e-05 6.13632e-05 7.91458e-05 8.99586e-05 0.00010136 0.000127777 0.000132755 0.000149576 0.00017135 0.000167901 0.000193409 0.000208311 0.000210012 0.00024059 0.000247853 0.000257861 0.000284293 0.000298641 0.000311796 0.000328597 0.000354324 0.000355366 0.000375364 0.000411186 0.000403413 0.000431034 0.000457718 0.000461664 0.0004907 0.000515038 0.000541874 0.000547197 0.000569733 0.000609247 0.000630707 0.00064632 0.000655898 0.000706889 0.000727307 0.000740388 0.000781347 0.000807551 0.000845716 0.000881548 0.000938393 0.000985598 0.00107458 0.0011907 0.00132851 0.00155788 0.00186206 0.0022892 0.00286229 0.00366797 0.004699 0.00604534 0.00778133 0.0099372 0.0125843 0.015768 0.01953 0.0237883 0.028539 0.0336308 0.0389012 0.0441086 0.0490584 0.0534624 0.0570368 0.0595457 0.0607636 0.0605235 0.0587065 0.0553699 0.0505637 0.0444668 0.0372603 0.029277 0.0207824 0.0121267 0.00357853 -0.00454408 -0.0120305 -0.0186216 -0.0241344 -0.0283898 -0.0313343 -0.032932 -0.0332093 -0.0321912 -0.0299721 -0.0266827 -0.0225088 -0.0176305 -0.0122211 -0.00644511 -0.000495572 0.00541743 0.0110906 0.0163499 0.0210223 0.0249241 0.0278548 0.0296514 0.03019 0.0294178 0.0272876 0.0238021 0.0189828 0.0129766 0.00595291 -0.00184133 -0.0101984 -0.0188025 -0.0273761 -0.0355637 -0.0430892 -0.0495985 -0.05488 -0.0587271 -0.0610719 -0.0618241 -0.061078 -0.0589784 -0.0557517 -0.0516139 -0.046853 -0.0417582 -0.0365415 -0.0314387 -0.0266315 -0.0222881 -0.0184224 -0.015125 -0.0123649 -0.0101123 -0.00828134 -0.00685753 -0.00575985 -0.00490389 -0.00428312 -0.00382443 -0.00349763 -0.00324604 -0.00309737 -0.00297191 -0.00288126 -0.00282567 -0.00276994 -0.00273097 -0.00269464 -0.002672 -0.00261978 -0.00260549 -0.00259125 -0.00254837 -0.00252047 -0.00249707 -0.00249376 -0.00246104 -0.00243142 -0.00241479 -0.00240629 -0.00239139 -0.00235607 -0.00236153 -0.00233803 -0.00230886 -0.00231591 -0.00229366 -0.0022737 -0.00226377 -0.00225512 -0.00223656 -0.00222536 -0.00222949 -0.00220348 -0.00219933 -0.00220015 -0.00217778 -0.00218319 -0.0021726 -0.00215641 -0.00215665 -0.00214393 -0.00214128 -0.00213852 -0.00213551 -0.00213475 -0.00212602 -0.00212721 -0.00211823 -0.00211303 -0.00211804 -0.00210852 -0.00211474 
