0 0 0 0 0 0 0 0 0 0 0 0 0 0 0 0 0 0 0 0 0 0 0 0 0 0 0 0 0 0 0 0 0 0 0 0 0 0 0 0 0 0 0 0 0 0 0 0 0 0 0 0 0 0 0 0 0 0 0 0 0 0 0 0 0 0 0 0 0 0 0 0 0 0 0 0 0 0 0 0 0 0 0 0 0 0 0 0 0 0 0 0 0 0 0 0 0 0 0 0 0 0 0 0 0 0 0 0 0 0 0 0 0 0 0 0 0 0 0 0 0 0 0 0 0 0 0 0 0 0 0 0 0 0 0 0 0 0 0 0 0 0 0 0 0 0 0 0 0 0 0 0 0 0 0 0 0 0 0 0 0 0 0 0 0 0 0 0 0 0 0 0 0 0 0 0 0 0 0 0 0 0 0 0 0 0 0 0 0 0 0 0 0 0 0 0 0 0 0 0 
0 4.79104e-06 -5.96737e-06 1.78925e-06 2.59234e-06 -2.94968e-06 9.83186e-06 4.94986e-06 3.83192e-06 1.14566e-05 -1.20738e-07 3.28036e-06 4.92762e-06 9.15972e-07 8.57025e-06 1.06307e-05 1.26405e-05 9.51251e-06 1.42731e-05 7.86886e-06 3.19405e-06 1.95528e-05 3.82402e-06 1.36512e-05 2.13287e-05 4.91819e-07 1.79195e-05 1.40246e-05 1.41203e-05 2.33429e-05 2.14534e-05 2.15969e-05 1.00717e-05 2.25224e-05 1.90816e-05 1.99908e-05 2.45631e-05 1.95313e-05 2.0711e-05 1.15468e-05 3.88764e-05 3.59959e-05 2.31351e-05 3.70081e-05 5.29215e-05 7.00015e-05 7.9321e-05 0.000119697 0.000158326 0.00023092 0.000317131 0.000425028 0.000582733 0.000769059 0.00100296 0.00127872 0.00162367 0.0019978 0.00243044 0.00289179 0.00335037 0.00378299 0.00415345 0.00442187 0.00454242 0.00452432 0.00431345 0.00391748 0.00333173 0.00259084 0.00170576 0.00076074 -0.000180531 -0.00106927 -0.00185744 -0.00249773 -0.00296341 -0.00325757 -0.0033562 -0.00329407 -0.0031118 -0.00286563 -0.00255101 -0.00221382 -0.00187828 -0.00158188 -0.00131124 -0.00108855 -0.000897975 -0.00074204 -0.000607235 -0.000513952 -0.000438479 -0.000368016 -0.000295561 -0.00024972 -0.000215277 -0.000173965 -0.000118682 -8.14065e-05 -5.58592e-05 -2.25012e-05 3.12095e-05 7.42269e-05 0.00010702 0.000146485 0.000212615 0.000279097 0.000347034 0.000427319 0.000546099 0.00068564 0.000856608 0.00105754 0.0013059 0.00158172 0.00190085 0.002233 0.00255643 0.00282296 0.00303927 0.00315462 0.00312754 0.00291226 0.00252873 0.00196756 0.00125058 0.000415453 -0.000487451 -0.00141811 -0.00231333 -0.00308816 -0.00371993 -0.00417399 -0.00444732 -0.00452559 -0.00446174 -0.00424387 -0.00391533 -0.00350948 -0.00307166 -0.00261665 -0.00218459 -0.00180387 -0.00145192 -0.00116377 -0.000919479 -0.000726131 -0.000555664 -0.000438704 -0.000342839 -0.000270081 -0.000224424 -0.000175402 -0.00015867 -0.000148807 -0.000141999 -0.000112887 -0.000119906 -0.000132484 -0.000120246 -0.000120512 -0.000111647 -0.000121822 -0.000114748 -0.000117609 -0.000121272 -0.000110365 -0.000108571 -0.00010509 -0.000118151 -0.000104277 -0.000111623 -0.000117446 -9.54752e-05 -0.000114392 -0.000109951 -0.000105832 -0.000116528 -0.000108423 -0.000106034 -0.000102561 -0.000105333 -9.95625e-05 -0.000104345 -0.000111093 -9.99858e-05 -0.000111292 -0.000105711 -9.85837e-05 -0.0001102 -9.8844e-05 -0.000102599 -0.000107968 -9.79409e-05 -0.000105809 -0.000104103 -9.8836e-05 -0.00010815 -0.000102073 
0 -5.96737e-06 1.65087e-05 -2.82621e-06 7.27148e-06 1.26214e-05 -7.23384e-06 1.03897e-05 3.67471e-06 1.40903e-06 1.92837e-05 1.22091e-05 1.74148e-05 2.11005e-05 1.2538e-05 1.13635e-05 1.23273e-05 1.32027e-05 1.51746e-05 2.4679e-05 2.58964e-05 2.13801e-05 2.67244e-05 2.53245e-05 2.19669e-05 3.34283e-05 3.6517e-05 2.65149e-05 3.00873e-05 3.09388e-05 2.06849e-05 3.21112e-05 5.08876e-05 3.47106e-05 3.61833e-05 5.22885e-05 3.35232e-05 4.71057e-05 6.45645e-05 5.51552e-05 4.43682e-05 4.9751e-05 7.44095e-05 8.17817e-05 9.35576e-05 0.000107313 0.000170438 0.000239767 0.000314813 0.000456757 0.000632404 0.000869413 0.00116451 0.00155615 0.0020093 0.00257887 0.00325298 0.00400708 0.00486794 0.0057773 0.00669926 0.0075426 0.00829182 0.00880363 0.00906101 0.0090028 0.0085942 0.00779518 0.00663585 0.00515881 0.00340124 0.00153123 -0.000350599 -0.00210607 -0.00368801 -0.00494798 -0.00589639 -0.00646619 -0.00668682 -0.00655544 -0.00621606 -0.00571234 -0.00510303 -0.00442377 -0.0037671 -0.00316589 -0.00263179 -0.0021804 -0.00180035 -0.00148538 -0.00121618 -0.0010278 -0.000870836 -0.00073277 -0.00058606 -0.000497774 -0.000419505 -0.000342627 -0.00022912 -0.000161013 -9.93916e-05 -3.83887e-05 7.2273e-05 0.000151257 0.00022637 0.000301815 0.000436651 0.000564908 0.000707165 0.000868328 0.00110653 0.00138654 0.00172852 0.00213437 0.00262515 0.00318328 0.00380932 0.00447633 0.00510363 0.0056458 0.00605409 0.00628911 0.00620887 0.0057937 0.00500596 0.00390159 0.0024568 0.000808348 -0.00100281 -0.00284292 -0.00462536 -0.00616538 -0.00742036 -0.00832957 -0.00886371 -0.00903694 -0.00889134 -0.00847611 -0.00780542 -0.00701491 -0.00612651 -0.00523236 -0.00436441 -0.00360104 -0.00290725 -0.0023203 -0.00184418 -0.00143707 -0.00112385 -0.000877001 -0.000692708 -0.000531846 -0.000450775 -0.000384509 -0.000323606 -0.000288074 -0.000266983 -0.000272171 -0.000257132 -0.000236053 -0.000223671 -0.000245642 -0.000238892 -0.000220479 -0.000237368 -0.00022309 -0.000215041 -0.00023272 -0.000235612 -0.000224126 -0.000225021 -0.000225666 -0.000214792 -0.00022069 -0.000225669 -0.000217507 -0.000214378 -0.000212754 -0.000208198 -0.000208053 -0.000214965 -0.00021909 -0.000213757 -0.000218144 -0.000215165 -0.00020087 -0.000213373 -0.000205635 -0.000199888 -0.000219892 -0.000200331 -0.000208183 -0.000217054 -0.000193783 -0.000216184 -0.000206584 -0.000197355 -0.000218659 -0.00019575 -0.000208071 
0 1.78925e-06 -2.82621e-06 3.32139e-06 6.71108e-06 3.5173e-06 1.50675e-05 1.46263e-05 1.23933e-05 2.02725e-05 1.08967e-05 1.23095e-05 1.63752e-05 1.41074e-05 2.25521e-05 2.79732e-05 3.11265e-05 2.82159e-05 3.43209e-05 2.75997e-05 2.32898e-05 4.21637e-05 2.67128e-05 3.89718e-05 4.78863e-05 2.66021e-05 4.72194e-05 4.34283e-05 4.62484e-05 5.89628e-05 5.63884e-05 5.80062e-05 4.77324e-05 5.95236e-05 5.85313e-05 6.36292e-05 6.61999e-05 6.40826e-05 6.8331e-05 5.88097e-05 9.42664e-05 9.68307e-05 8.95447e-05 0.000116146 0.000153238 0.000198121 0.000253225 0.000360174 0.000489034 0.000697593 0.000961447 0.00130216 0.00176295 0.00233127 0.0030292 0.00386893 0.00488159 0.00601292 0.00729249 0.00865262 0.0100115 0.0112834 0.0123713 0.0131492 0.0135156 0.0134364 0.0128125 0.0116324 0.00990517 0.00770652 0.00511061 0.00232838 -0.00045715 -0.00308575 -0.00542094 -0.00732407 -0.0087278 -0.00960621 -0.00993423 -0.00978407 -0.00928241 -0.00855563 -0.00764683 -0.00665854 -0.00567729 -0.0047847 -0.00398222 -0.00330589 -0.00273164 -0.0022551 -0.00185531 -0.00156156 -0.0013238 -0.00110863 -0.000902167 -0.000757178 -0.000640884 -0.000514608 -0.000362778 -0.000249167 -0.00015931 -5.4269e-05 9.32372e-05 0.000221057 0.00033146 0.000459351 0.000647623 0.000847422 0.00106113 0.00131626 0.00166875 0.00209448 0.00261072 0.00322239 0.00395967 0.00479308 0.00573098 0.00670684 0.00764265 0.008433 0.0090412 0.00935059 0.00923119 0.00858518 0.00742183 0.00574966 0.00361971 0.00114913 -0.00152973 -0.00427239 -0.00690064 -0.00919609 -0.0110616 -0.0124102 -0.0132168 -0.0134732 -0.0132733 -0.0126424 -0.0116746 -0.0104844 -0.00918126 -0.00784279 -0.00656265 -0.00541434 -0.00437806 -0.00350643 -0.00277776 -0.00218463 -0.00169227 -0.00132677 -0.00104057 -0.000820507 -0.000674532 -0.000551108 -0.00048419 -0.000443362 -0.000413763 -0.000368343 -0.000369142 -0.000378229 -0.000358592 -0.000359237 -0.000346624 -0.000353422 -0.000348256 -0.000348911 -0.000349585 -0.000337426 -0.000333412 -0.000327119 -0.000341601 -0.00032585 -0.000331746 -0.000337598 -0.000312454 -0.00033223 -0.000327373 -0.000322416 -0.000334001 -0.000323477 -0.000319314 -0.000315273 -0.000315564 -0.0003097 -0.000315683 -0.00032033 -0.000310862 -0.000321704 -0.000313395 -0.000308728 -0.0003173 -0.00030592 -0.00031135 -0.000313028 -0.000305688 -0.000312136 -0.000310164 -0.000306625 -0.000309992 -0.000309333 
0 2.59234e-06 7.27148e-06 6.71108e-06 8.61446e-06 9.39358e-06 1.07855e-05 1.35382e-05 1.40749e-05 1.91466e-05 2.15829e-05 2.41879e-05 2.80038e-05 2.77829e-05 2.90999e-05 3.00218e-05 3.15637e-05 3.34262e-05 3.85925e-05 4.13779e-05 4.27343e-05 4.91313e-05 4.5876e-05 5.05314e-05 5.53953e-05 5.25704e-05 6.20188e-05 5.98703e-05 6.02974e-05 6.58096e-05 6.44034e-05 7.13443e-05 7.55123e-05 7.84267e-05 8.03715e-05 8.5246e-05 8.67115e-05 9.20208e-05 0.000101232 9.84872e-05 0.000109191 0.000118544 0.000131911 0.000161114 0.000197552 0.000253909 0.000345766 0.00048343 0.000666861 0.000936478 0.00129632 0.00176355 0.00237371 0.00313553 0.00406753 0.00519386 0.00652668 0.00803918 0.00972414 0.0115135 0.0133006 0.0149702 0.0163887 0.0174012 0.0178848 0.0177592 0.0169321 0.0153706 0.0130992 0.0101989 0.00680394 0.00315197 -0.000512482 -0.00397699 -0.00705291 -0.00957457 -0.0114456 -0.0126198 -0.0130873 -0.0129317 -0.0123077 -0.0113606 -0.0101844 -0.00889574 -0.00761279 -0.00642401 -0.00536248 -0.00445278 -0.00368372 -0.00303926 -0.00250992 -0.0021024 -0.00177473 -0.00148195 -0.00121805 -0.00101488 -0.000849229 -0.000676009 -0.000488926 -0.000333025 -0.000202996 -5.54548e-05 0.000126162 0.000298054 0.000454704 0.000637103 0.000877238 0.00114631 0.00143998 0.00179654 0.00226325 0.00283876 0.0035306 0.0043553 0.00533147 0.00644467 0.0076751 0.0089506 0.0101631 0.0111978 0.0119672 0.0123344 0.0121378 0.0112677 0.00970951 0.00748774 0.00467591 0.00141675 -0.00211417 -0.00571867 -0.0091582 -0.0121839 -0.0146378 -0.0164192 -0.0174833 -0.0178415 -0.0175744 -0.0167523 -0.0154869 -0.0139252 -0.0122062 -0.0104454 -0.00875812 -0.00722344 -0.00585831 -0.00469246 -0.00372092 -0.0029237 -0.00227914 -0.0017832 -0.00139789 -0.00110724 -0.000906768 -0.000758652 -0.000655918 -0.000589812 -0.000549703 -0.000517131 -0.000502258 -0.000488732 -0.000474968 -0.00047592 -0.000468589 -0.00046466 -0.000461272 -0.000457055 -0.000453859 -0.000454704 -0.000453514 -0.000447841 -0.000450523 -0.000441942 -0.000441302 -0.000443134 -0.000435179 -0.000438288 -0.000433116 -0.00042857 -0.000429225 -0.000426343 -0.000426797 -0.000427009 -0.00042697 -0.000423822 -0.00042331 -0.000420696 -0.000417331 -0.00041918 -0.000415722 -0.000416687 -0.000416889 -0.000414161 -0.000416013 -0.000413581 -0.000413732 -0.000412598 -0.000412263 -0.000414903 -0.00041081 -0.000412534 
0 -2.94968e-06 1.26214e-05 3.5173e-06 9.39358e-06 2.02084e-05 8.72713e-06 1.95079e-05 2.16133e-05 1.65231e-05 3.06144e-05 2.84168e-05 3.10596e-05 3.83758e-05 3.59195e-05 3.8255e-05 3.99308e-05 4.6145e-05 4.35399e-05 5.24965e-05 5.98885e-05 4.87225e-05 6.65374e-05 6.20673e-05 5.81457e-05 7.89087e-05 7.00028e-05 7.62182e-05 8.03444e-05 8.06041e-05 8.22828e-05 8.53551e-05 0.000103166 9.2128e-05 0.000100679 0.000108092 0.000104462 0.000114633 0.000122091 0.000137457 0.000125901 0.000144841 0.000178134 0.00020584 0.000251836 0.0003212 0.0004515 0.000614143 0.000858141 0.00118938 0.00164382 0.00224153 0.00299635 0.00395643 0.0051204 0.00653511 0.00818018 0.0100713 0.0121495 0.0143491 0.0165481 0.0185915 0.0203215 0.0215487 0.0221439 0.0219601 0.020935 0.0190028 0.0162111 0.0126416 0.00849481 0.00402219 -0.000481856 -0.00474476 -0.00853704 -0.0116606 -0.0140004 -0.0154743 -0.0161092 -0.0159809 -0.0152726 -0.014129 -0.0127165 -0.0111509 -0.00958712 -0.00810899 -0.00679418 -0.00564754 -0.00467987 -0.00386352 -0.00320271 -0.00267263 -0.00224536 -0.00187293 -0.00155365 -0.00128853 -0.00106456 -0.000843984 -0.000626192 -0.000428023 -0.0002494 -5.77984e-05 0.000153542 0.000367998 0.000579153 0.000820757 0.00111104 0.0014495 0.00183174 0.00229884 0.0028827 0.00361167 0.0044839 0.00552693 0.00673957 0.00812952 0.00963714 0.0111929 0.0126551 0.0139141 0.014811 0.0152046 0.0149011 0.0138003 0.0118426 0.00908412 0.00561011 0.00159703 -0.00275079 -0.0071698 -0.0113738 -0.015094 -0.0181109 -0.0203109 -0.0216253 -0.0220954 -0.0217662 -0.0207721 -0.0192282 -0.0173214 -0.0152038 -0.0130436 -0.0109636 -0.00904885 -0.0073626 -0.00590273 -0.00469032 -0.00368253 -0.00288794 -0.00225302 -0.00176968 -0.00140505 -0.00114106 -0.000966317 -0.000827447 -0.000740078 -0.00067992 -0.000661861 -0.00062994 -0.000601233 -0.000599621 -0.000594036 -0.000592735 -0.000575566 -0.00058239 -0.000573041 -0.000563336 -0.00057243 -0.00056637 -0.000564106 -0.00055264 -0.000560101 -0.000550355 -0.000543516 -0.000558679 -0.000539146 -0.000541484 -0.000543344 -0.000531429 -0.000536296 -0.000535044 -0.000534908 -0.000529489 -0.00053279 -0.000528186 -0.000519624 -0.000530602 -0.000518569 -0.000520251 -0.000528578 -0.000512733 -0.000523273 -0.000520751 -0.000510595 -0.00052522 -0.000513731 -0.000511807 -0.000522966 -0.000508899 -0.000516312 
0 9.83186e-06 -7.23384e-06 1.50675e-05 1.07855e-05 8.72713e-06 2.89928e-05 1.80826e-05 2.89272e-05 3.42925e-05 2.44886e-05 3.39543e-05 3.26504e-05 3.57151e-05 4.395e-05 5.13434e-05 5.60587e-05 5.59571e-05 6.34706e-05 5.68402e-05 5.85758e-05 7.12423e-05 6.75436e-05 7.54572e-05 8.48943e-05 7.81397e-05 8.01087e-05 9.4034e-05 9.64064e-05 9.88693e-05 0.000116721 0.00011138 9.85511e-05 0.000119996 0.000123795 0.000117936 0.000139483 0.000137734 0.000130515 0.000145152 0.000173923 0.000192788 0.000201552 0.000242952 0.000314875 0.000423521 0.000548279 0.000753513 0.00106261 0.00146357 0.00201327 0.00272723 0.003651 0.00479069 0.00620776 0.00788814 0.00985729 0.0121093 0.0145675 0.017161 0.0197363 0.022142 0.0241378 0.0255799 0.0262497 0.0260203 0.0247817 0.0225072 0.019213 0.0150216 0.0101773 0.00493655 -0.000345077 -0.00537471 -0.0098349 -0.0135601 -0.0163435 -0.0181481 -0.0189569 -0.0189158 -0.0181436 -0.016859 -0.0152264 -0.0134293 -0.0115933 -0.00985092 -0.00827816 -0.00690018 -0.0057234 -0.00473526 -0.00393553 -0.0032743 -0.00273871 -0.00228105 -0.00190842 -0.00157295 -0.00128865 -0.00101384 -0.000773158 -0.000525579 -0.000299114 -5.5192e-05 0.000177752 0.000440753 0.000707051 0.00101741 0.00135483 0.00176778 0.00224478 0.00283247 0.00354005 0.00442425 0.00548616 0.00674599 0.00820149 0.00984954 0.0116285 0.0134259 0.0151235 0.0165567 0.0175626 0.0179237 0.0175033 0.0161354 0.0137988 0.0104963 0.00640448 0.00166001 -0.00344388 -0.00863242 -0.0135423 -0.0179124 -0.0214663 -0.0240576 -0.0256305 -0.0261992 -0.0258412 -0.0246721 -0.0228956 -0.0206515 -0.0181764 -0.0156278 -0.0131772 -0.0108958 -0.0088832 -0.00714629 -0.00567547 -0.00447956 -0.00350574 -0.00274276 -0.00215178 -0.00172682 -0.00138861 -0.00115302 -0.00100804 -0.000906017 -0.000831932 -0.000768597 -0.000748216 -0.000744325 -0.000733316 -0.000703922 -0.000701217 -0.000709938 -0.0006893 -0.000694913 -0.000698321 -0.000674039 -0.00066815 -0.000675375 -0.000668278 -0.000663322 -0.000668632 -0.000659139 -0.000648251 -0.000655672 -0.000653571 -0.000649394 -0.000654692 -0.000647039 -0.000639248 -0.00063517 -0.000634091 -0.000630664 -0.000629978 -0.000639291 -0.000626729 -0.000630564 -0.000634484 -0.000614875 -0.000631821 -0.000623557 -0.00061373 -0.00063333 -0.000611662 -0.000621332 -0.000627343 -0.000605718 -0.000629042 -0.000616287 
0 4.94986e-06 1.03897e-05 1.46263e-05 1.35382e-05 1.95079e-05 1.80826e-05 2.02634e-05 2.9537e-05 2.71806e-05 3.88976e-05 4.67655e-05 4.58823e-05 5.36278e-05 5.24221e-05 4.94952e-05 5.31188e-05 6.12765e-05 6.0886e-05 7.4821e-05 8.50813e-05 7.31985e-05 9.30664e-05 8.67459e-05 8.42232e-05 0.000110221 9.79929e-05 0.000109283 0.000110998 0.00010604 0.000115874 0.000119268 0.000139552 0.000137363 0.000143522 0.000146473 0.000154031 0.000163309 0.000171952 0.000198978 0.000180189 0.000205731 0.000257049 0.0003009 0.000369413 0.000481892 0.000665591 0.000908897 0.00127551 0.0017449 0.00239862 0.00325559 0.00432576 0.00567338 0.00731928 0.00928823 0.0115605 0.0141668 0.0169856 0.0199408 0.0228752 0.0255861 0.0278424 0.0294443 0.0301933 0.0298846 0.0284556 0.0258372 0.0220829 0.0173167 0.0118321 0.00589724 -0.000111196 -0.00583484 -0.0109468 -0.0152228 -0.0184675 -0.0205867 -0.0216258 -0.0216836 -0.0209175 -0.0195129 -0.0177209 -0.0157048 -0.0136389 -0.0116363 -0.00982266 -0.0082036 -0.00681952 -0.00565113 -0.00470515 -0.00390425 -0.00324931 -0.00270504 -0.00226788 -0.00186449 -0.00150797 -0.0011853 -0.000910143 -0.000621218 -0.000334911 -4.69195e-05 0.000219387 0.000523424 0.000856851 0.00123198 0.00162826 0.00211452 0.00269755 0.00341187 0.00425267 0.00529842 0.00655085 0.00803637 0.00972381 0.0116272 0.0136413 0.0156684 0.0175468 0.0191325 0.0201786 0.0204912 0.0198922 0.0182643 0.0155202 0.0117164 0.00700969 0.00160003 -0.00422145 -0.0101047 -0.0156714 -0.0206366 -0.0246871 -0.02766 -0.0294677 -0.0301575 -0.029761 -0.0284651 -0.0264524 -0.0239253 -0.0211003 -0.0181996 -0.015386 -0.0127514 -0.0104272 -0.00839933 -0.00669076 -0.00527693 -0.00415631 -0.0032501 -0.00255446 -0.00204311 -0.00165267 -0.00139357 -0.00119405 -0.00105853 -0.000971855 -0.000941108 -0.000888433 -0.000844818 -0.000847019 -0.000829568 -0.00082838 -0.000813273 -0.000808385 -0.000798085 -0.000793085 -0.00079954 -0.000794471 -0.000795714 -0.000775181 -0.000783685 -0.000774418 -0.000764025 -0.000782973 -0.000758498 -0.000757513 -0.000757629 -0.000741763 -0.000748678 -0.000750519 -0.000749228 -0.000747015 -0.000749263 -0.000738066 -0.000733962 -0.000738505 -0.000725589 -0.000733737 -0.000732464 -0.000723962 -0.000732887 -0.000725138 -0.000724089 -0.000726541 -0.000722415 -0.000725105 -0.000724086 -0.000722873 -0.000721094 
0 3.83192e-06 3.67471e-06 1.23933e-05 1.40749e-05 2.16133e-05 2.89272e-05 2.9537e-05 3.70218e-05 3.62391e-05 3.98012e-05 4.44514e-05 4.4307e-05 5.3615e-05 5.96384e-05 6.54164e-05 7.26869e-05 7.70741e-05 7.64975e-05 8.05167e-05 8.57888e-05 8.40036e-05 9.90841e-05 0.000100475 0.000102249 0.000116546 0.000109111 0.000123218 0.000131402 0.000132751 0.000146861 0.000143403 0.000148483 0.000153707 0.000160991 0.000167028 0.000177546 0.000182824 0.000184385 0.000211729 0.000222463 0.000253153 0.000296563 0.000347344 0.000445872 0.000589279 0.000792084 0.00107875 0.00150384 0.00205932 0.00281043 0.00379536 0.00502827 0.0065746 0.00845975 0.0106986 0.013284 0.0162198 0.0193876 0.022681 0.0259389 0.0289284 0.0314068 0.0331534 0.033945 0.0335662 0.0319379 0.0290048 0.0248182 0.0195413 0.0134738 0.00691655 0.000254326 -0.00610877 -0.011825 -0.0166325 -0.0203196 -0.0227819 -0.0240708 -0.0242818 -0.0235594 -0.0221037 -0.0201858 -0.0180004 -0.0157248 -0.0134961 -0.0114413 -0.00959212 -0.00799134 -0.00664395 -0.00553488 -0.00459101 -0.00380594 -0.00317077 -0.00265616 -0.00218289 -0.00175116 -0.00137893 -0.00106118 -0.000729777 -0.000383916 -5.16807e-05 0.000255492 0.000602886 0.00100557 0.00144644 0.00191289 0.00247715 0.0031757 0.00402017 0.00501079 0.00621946 0.00767306 0.00937811 0.0113031 0.0134353 0.01567 0.0178852 0.0199184 0.0215943 0.0226456 0.0228567 0.0220596 0.0201387 0.0170022 0.0127097 0.00743263 0.00140415 -0.00506211 -0.0115717 -0.0177336 -0.02323 -0.0277416 -0.0310649 -0.0331121 -0.0339116 -0.0335121 -0.0321045 -0.0298989 -0.0271152 -0.0239854 -0.0207577 -0.0176033 -0.0146419 -0.0120021 -0.00969939 -0.00774494 -0.00612614 -0.00482965 -0.00378483 -0.00298408 -0.00238506 -0.00192539 -0.00160642 -0.0013851 -0.00123129 -0.00111871 -0.00106039 -0.00101151 -0.000984158 -0.00097521 -0.000949312 -0.000943502 -0.000936136 -0.000931069 -0.000924612 -0.000920022 -0.000908504 -0.000899284 -0.000901826 -0.0008874 -0.000893286 -0.000886044 -0.000873896 -0.000880467 -0.000868296 -0.000870445 -0.000872292 -0.000864844 -0.000862832 -0.000857199 -0.000850769 -0.000845611 -0.000847538 -0.000842333 -0.000843107 -0.000844831 -0.000836625 -0.00084037 -0.000835417 -0.000832137 -0.000834185 -0.000829097 -0.000832842 -0.000828294 -0.000826416 -0.000827749 -0.000822449 -0.000827308 -0.000824949 
0 1.14566e-05 1.40903e-06 2.02725e-05 1.91466e-05 1.65231e-05 3.42925e-05 2.71806e-05 3.62391e-05 4.80583e-05 4.39078e-05 5.42799e-05 5.72431e-05 6.03169e-05 6.52267e-05 7.0862e-05 7.79443e-05 7.69297e-05 9.19903e-05 9.15928e-05 9.23015e-05 0.000111779 0.000103116 0.00011385 0.000126375 0.000119989 0.000131216 0.000137108 0.000143566 0.000144287 0.000159742 0.000167019 0.000157757 0.000183213 0.00018406 0.00018678 0.000204432 0.000210813 0.000219595 0.000226724 0.000263969 0.000291583 0.000332379 0.000402193 0.000516497 0.000692825 0.00091542 0.00126571 0.00174561 0.00239562 0.00325233 0.00436696 0.00577845 0.00751796 0.00964892 0.0121473 0.0150468 0.018286 0.0217819 0.0253844 0.0289222 0.0321539 0.0348114 0.0366749 0.0374719 0.0370232 0.0351903 0.0319681 0.0273856 0.0216628 0.0150776 0.0079753 0.000741933 -0.00619615 -0.0124614 -0.0177702 -0.021879 -0.0247058 -0.0262642 -0.0266743 -0.0260386 -0.0245993 -0.0225971 -0.0202899 -0.0178319 -0.0154096 -0.0131198 -0.0110505 -0.00922869 -0.00769867 -0.00641037 -0.00531838 -0.0043959 -0.0036609 -0.00305401 -0.00250705 -0.00200075 -0.00157482 -0.00120403 -0.000827091 -0.000425646 -4.79407e-05 0.000309806 0.000705992 0.00117681 0.0016852 0.00223474 0.00288653 0.00370722 0.00468623 0.00584198 0.0072194 0.00887996 0.010798 0.0129584 0.0152928 0.0177242 0.0200848 0.0222353 0.0239357 0.0249463 0.0250046 0.0239835 0.0217372 0.0182169 0.0134527 0.00764947 0.00105291 -0.00598247 -0.0130473 -0.0197397 -0.0257041 -0.030634 -0.0342778 -0.0365625 -0.0374643 -0.03709 -0.0355905 -0.0332292 -0.0302158 -0.0268226 -0.0232905 -0.0198149 -0.0165484 -0.0135947 -0.0110257 -0.00881932 -0.00700557 -0.00552188 -0.00434543 -0.00343069 -0.00274226 -0.0022243 -0.00183937 -0.00159232 -0.00140818 -0.00128698 -0.0011948 -0.00114749 -0.00112346 -0.00109089 -0.00107147 -0.00105772 -0.00106029 -0.0010375 -0.001036 -0.00103908 -0.00101587 -0.00101812 -0.00101461 -0.00100924 -0.000999484 -0.00100001 -0.000996683 -0.0009789 -0.00098968 -0.00097886 -0.00096962 -0.000976634 -0.000963856 -0.000962819 -0.000960686 -0.00095843 -0.000954396 -0.000951326 -0.000954914 -0.000941234 -0.000946976 -0.00094523 -0.000931805 -0.000947742 -0.000933855 -0.000929387 -0.000944042 -0.000924001 -0.000934706 -0.000938187 -0.000920976 -0.000939276 -0.000927586 
0 -1.20738e-07 1.92837e-05 1.08967e-05 2.15829e-05 3.06144e-05 2.44886e-05 3.88976e-05 3.98012e-05 4.39078e-05 5.33505e-05 5.8011e-05 6.74011e-05 6.90595e-05 7.85457e-05 7.61581e-05 7.94034e-05 9.41181e-05 8.7717e-05 0.000106327 0.000116057 0.000108878 0.00012667 0.000126597 0.000126703 0.00014245 0.000151834 0.000151405 0.000157651 0.000170627 0.00016162 0.000176141 0.000200326 0.000193968 0.000202969 0.000216632 0.000218431 0.000228223 0.000254389 0.000277222 0.000281939 0.000315373 0.000388467 0.000479996 0.00059779 0.000779914 0.00107298 0.00147097 0.00201245 0.00274841 0.00372142 0.0049791 0.00655419 0.00850847 0.0108599 0.0136403 0.0168234 0.0203625 0.024155 0.0280389 0.0318231 0.0352456 0.0380632 0.039986 0.0407856 0.0402339 0.0382237 0.034714 0.0297972 0.0236785 0.0166513 0.00908224 0.0013569 -0.00607642 -0.0128481 -0.0186034 -0.0231401 -0.0263235 -0.0282012 -0.0288255 -0.0283546 -0.0269719 -0.0249635 -0.0225597 -0.0199783 -0.017374 -0.0148822 -0.0125888 -0.0105613 -0.00882992 -0.00735826 -0.00610401 -0.00504526 -0.00419328 -0.00348159 -0.00285331 -0.00227547 -0.00178938 -0.00135368 -0.00092737 -0.000474688 -5.01902e-05 0.000369526 0.000821761 0.00135816 0.00193801 0.00258213 0.00333799 0.00428141 0.00540649 0.00673292 0.00829863 0.0101565 0.0122942 0.0146645 0.0171945 0.0197716 0.0222573 0.0244549 0.0261424 0.0270339 0.0269217 0.0256223 0.0230534 0.0191318 0.0139442 0.00764549 0.000556984 -0.00697794 -0.0145157 -0.0216672 -0.0280422 -0.0333286 -0.0372811 -0.0397735 -0.0408037 -0.040452 -0.0389172 -0.0364139 -0.033227 -0.0295984 -0.0257998 -0.0220292 -0.0184698 -0.0152315 -0.0123801 -0.00994657 -0.00791063 -0.00626102 -0.00493804 -0.00390565 -0.00311165 -0.00253335 -0.00211313 -0.00179488 -0.00157805 -0.00144436 -0.00136364 -0.00128769 -0.0012306 -0.00121276 -0.00120463 -0.00118487 -0.00116489 -0.00116521 -0.00115039 -0.00113486 -0.00114885 -0.00113927 -0.00112201 -0.00112193 -0.00111567 -0.00110456 -0.00110391 -0.00110833 -0.00108951 -0.00108616 -0.00108718 -0.00106891 -0.00107693 -0.00107536 -0.00106776 -0.00107008 -0.00106235 -0.0010593 -0.00105156 -0.00105448 -0.00105029 -0.0010434 -0.00105297 -0.00103795 -0.00104317 -0.00104653 -0.00102837 -0.00104606 -0.00103535 -0.00102906 -0.00104662 -0.00102511 -0.00103555 
0 3.28036e-06 1.22091e-05 1.23095e-05 2.41879e-05 2.84168e-05 3.39543e-05 4.67655e-05 4.44514e-05 5.42799e-05 5.8011e-05 5.68251e-05 6.91126e-05 7.04269e-05 7.8955e-05 9.42212e-05 9.88371e-05 0.00010349 0.000112896 0.000109796 0.000110961 0.000128795 0.000125758 0.000140966 0.000154652 0.000146352 0.000163527 0.000164701 0.000176892 0.000190931 0.000195474 0.00020874 0.000198833 0.000211671 0.000224173 0.000234346 0.000245314 0.000258978 0.000271585 0.000275025 0.000336846 0.000381113 0.000432313 0.000533864 0.000690494 0.000923844 0.0012344 0.00168822 0.0022966 0.00314322 0.00422559 0.00561437 0.00737605 0.00952804 0.0121215 0.0151532 0.0186284 0.0224348 0.0265076 0.0306383 0.034624 0.0382105 0.0411298 0.0430972 0.0438492 0.0432074 0.0410017 0.0372505 0.03203 0.025588 0.0181855 0.0102322 0.00210376 -0.00575862 -0.0129604 -0.019138 -0.0240667 -0.0276383 -0.0298347 -0.030736 -0.0304589 -0.0292204 -0.0272423 -0.0248163 -0.022134 -0.0193986 -0.0167106 -0.0142233 -0.0119826 -0.0100533 -0.00837772 -0.00696217 -0.00575589 -0.00477726 -0.00394185 -0.00322753 -0.00257704 -0.00202425 -0.00151225 -0.00103105 -0.000531038 -5.62163e-05 0.000435623 0.000952093 0.00155418 0.0022084 0.00296286 0.00383434 0.00491121 0.00618235 0.00769832 0.009454 0.01152 0.0138544 0.0164327 0.0191161 0.0218217 0.0243665 0.0265789 0.0281698 0.0289114 0.0285623 0.0269813 0.0240501 0.0197556 0.0141556 0.0074327 -9.30146e-05 -0.00803835 -0.0159729 -0.0235104 -0.0302263 -0.0358295 -0.0400428 -0.0427521 -0.0438938 -0.0436103 -0.0420498 -0.0394661 -0.036127 -0.0323155 -0.02828 -0.0242418 -0.0204184 -0.0168928 -0.0137867 -0.0111086 -0.00887497 -0.00702502 -0.00556178 -0.00441447 -0.00351873 -0.0028572 -0.00235966 -0.00202382 -0.00178036 -0.00161167 -0.00147843 -0.00142233 -0.00139165 -0.00133747 -0.00131911 -0.00130035 -0.00129399 -0.00128187 -0.00128096 -0.00126787 -0.00124814 -0.00124599 -0.00123349 -0.00123963 -0.00122445 -0.00122017 -0.00121726 -0.00119561 -0.00120744 -0.00120169 -0.00119519 -0.00119978 -0.00118751 -0.00117719 -0.00117438 -0.00116996 -0.00116198 -0.00116915 -0.00116334 -0.00115617 -0.00116307 -0.00115067 -0.00115127 -0.00115191 -0.00114401 -0.00115014 -0.00114413 -0.0011419 -0.00114195 -0.00113643 -0.0011383 -0.00113659 -0.00113934 
0 4.92762e-06 1.74148e-05 1.63752e-05 2.80038e-05 3.10596e-05 3.26504e-05 4.58823e-05 4.4307e-05 5.72431e-05 6.74011e-05 6.91126e-05 8.31395e-05 8.37717e-05 8.77035e-05 9.53479e-05 9.57407e-05 0.000104083 0.000117438 0.000124676 0.000133883 0.00014752 0.000143308 0.000153736 0.000162889 0.000161434 0.00018386 0.000181913 0.000189679 0.000200497 0.000197787 0.000220634 0.000227877 0.000240656 0.000251713 0.000258576 0.000266939 0.000285055 0.000312519 0.000320974 0.000366219 0.00040831 0.000484193 0.000617652 0.000783658 0.00103891 0.00140641 0.00192836 0.00261443 0.00355586 0.00476454 0.00630299 0.00824849 0.0106049 0.0134294 0.0167196 0.0204576 0.024522 0.0288352 0.0331796 0.0373239 0.0410287 0.0440081 0.045973 0.0466601 0.0459004 0.043517 0.0395404 0.034075 0.0273605 0.0196678 0.011408 0.0029654 -0.0052459 -0.0128082 -0.0193583 -0.0246636 -0.0286168 -0.031158 -0.0323617 -0.032339 -0.0312923 -0.0294186 -0.0270151 -0.0242896 -0.0214457 -0.0186012 -0.015929 -0.0134931 -0.0113504 -0.00947214 -0.00787964 -0.00652671 -0.00539938 -0.00443371 -0.00361768 -0.0028975 -0.00226379 -0.00167247 -0.0011245 -0.000582585 -4.69781e-05 0.000519412 0.00111449 0.00177917 0.00252107 0.00339121 0.00440031 0.00561132 0.00704381 0.00874913 0.0107131 0.0129754 0.0155028 0.0182546 0.021074 0.023857 0.0264211 0.0285762 0.0300223 0.0305483 0.0299301 0.0280307 0.0247344 0.0200672 0.0140916 0.00699846 -0.000892086 -0.00916918 -0.0174256 -0.0252675 -0.0322709 -0.0381307 -0.0425822 -0.0454829 -0.046757 -0.0465493 -0.0450042 -0.0423713 -0.0389236 -0.0349622 -0.0307217 -0.0264485 -0.0223696 -0.0185845 -0.0152177 -0.0123047 -0.00986304 -0.00783078 -0.00621692 -0.00493811 -0.0039427 -0.00320998 -0.0026563 -0.0022559 -0.00197316 -0.00179758 -0.00165367 -0.00156979 -0.00151308 -0.00146198 -0.00144977 -0.00142637 -0.0014091 -0.00139102 -0.00138535 -0.00137364 -0.00137069 -0.00137001 -0.00134989 -0.00135379 -0.00133687 -0.00133332 -0.00133718 -0.00131902 -0.00132058 -0.00130817 -0.00129562 -0.00129515 -0.0012908 -0.00128708 -0.00128816 -0.00128597 -0.00127487 -0.00127723 -0.00126901 -0.00126226 -0.00126697 -0.00125664 -0.00126005 -0.00125644 -0.0012477 -0.00125242 -0.00124487 -0.00124748 -0.00124944 -0.00124605 -0.00124975 -0.00124333 -0.00124337 
0 9.15972e-07 2.11005e-05 1.41074e-05 2.77829e-05 3.83758e-05 3.57151e-05 5.36278e-05 5.3615e-05 6.03169e-05 6.90595e-05 7.04269e-05 8.37717e-05 8.62799e-05 0.000101884 0.000106789 0.000109173 0.000129738 0.000120023 0.000133085 0.000147064 0.000138946 0.000161524 0.000167905 0.0001705 0.00018441 0.000195492 0.000200201 0.000205984 0.0002309 0.000222582 0.000233312 0.000257497 0.000247306 0.000267453 0.000280799 0.000290953 0.000305993 0.00032794 0.000366883 0.000398527 0.000460593 0.000552804 0.000704057 0.000897564 0.0011798 0.00161578 0.00218367 0.00296261 0.00399513 0.00533731 0.00702972 0.00914807 0.0117217 0.0147648 0.0183183 0.0222893 0.0266079 0.0311252 0.0356525 0.0399211 0.0437002 0.0467045 0.0486217 0.0492329 0.0483249 0.0457857 0.0416 0.0359468 0.0290081 0.0211082 0.0126166 0.00394148 -0.00453669 -0.0123928 -0.0192634 -0.0249321 -0.0292518 -0.0321666 -0.033695 -0.0339883 -0.0331758 -0.0314865 -0.0291534 -0.0264484 -0.023522 -0.0205688 -0.0177243 -0.0151149 -0.0127476 -0.0106723 -0.00888681 -0.00738453 -0.00608826 -0.00498739 -0.00405279 -0.0032591 -0.00253093 -0.00185879 -0.0012329 -0.000647615 -4.04657e-05 0.000601422 0.00128729 0.00201761 0.00286226 0.00385225 0.00501806 0.00636728 0.00797748 0.00986893 0.0120554 0.0144998 0.0172137 0.020098 0.0230337 0.0258392 0.0283815 0.0304027 0.0316625 0.0319103 0.0309984 0.0287455 0.0250952 0.0200596 0.0137546 0.00634914 -0.00182347 -0.0103539 -0.0188531 -0.0269153 -0.0341498 -0.0402063 -0.0448715 -0.0479347 -0.0493667 -0.0492418 -0.0477577 -0.0451089 -0.0416047 -0.037528 -0.0331234 -0.0286549 -0.0243336 -0.0203204 -0.0166947 -0.0135643 -0.0108973 -0.00869232 -0.00691515 -0.00550298 -0.00440132 -0.0035701 -0.00296683 -0.00249623 -0.00218075 -0.00196611 -0.00181603 -0.00171163 -0.00163707 -0.00160332 -0.00157128 -0.00155033 -0.00152574 -0.00152519 -0.001512 -0.00148659 -0.00149864 -0.00147726 -0.00146296 -0.00146553 -0.00145341 -0.00144225 -0.0014362 -0.00143774 -0.00141789 -0.00142162 -0.00142253 -0.0014019 -0.00141194 -0.00139917 -0.00138948 -0.00139205 -0.0013803 -0.00138124 -0.0013738 -0.00137614 -0.00136975 -0.0013606 -0.00137165 -0.00135504 -0.00136124 -0.00136573 -0.00134569 -0.00136238 -0.00134858 -0.00134059 -0.00135841 -0.00133723 -0.00135071 
0 8.57025e-06 1.2538e-05 2.25521e-05 2.90999e-05 3.59195e-05 4.395e-05 5.24221e-05 5.96384e-05 6.52267e-05 7.85457e-05 7.8955e-05 8.77035e-05 0.000101884 9.46077e-05 0.000116186 0.00012565 0.000121359 0.000148476 0.000142791 0.000147533 0.000169014 0.000165182 0.000180247 0.0001929 0.000198906 0.000202103 0.000214978 0.000230008 0.000227849 0.000254313 0.000263237 0.000258998 0.000277444 0.000291687 0.000304075 0.000315152 0.000346893 0.000359157 0.000377275 0.000447157 0.000524784 0.000621505 0.000768161 0.00101265 0.00135618 0.00182173 0.00246263 0.00332947 0.00448488 0.00595025 0.00780489 0.0101064 0.0128862 0.0161667 0.019943 0.0241554 0.0286825 0.0333887 0.0380444 0.0424055 0.0462151 0.0491891 0.0510382 0.0515261 0.0504766 0.0477642 0.0434262 0.0376044 0.0305232 0.0224753 0.013845 0.00500995 -0.00364685 -0.0117195 -0.0188664 -0.024856 -0.0295424 -0.0328217 -0.0347249 -0.0353512 -0.0348476 -0.0333816 -0.0312071 -0.0285494 -0.0256095 -0.0225641 -0.0195981 -0.0168069 -0.0142417 -0.0119514 -0.00998323 -0.00830156 -0.00684159 -0.00558241 -0.00453033 -0.0036354 -0.00281656 -0.00204819 -0.00134888 -0.000697221 -2.18531e-05 0.000710319 0.00148171 0.00230354 0.00325091 0.00438311 0.00570098 0.00721818 0.00899973 0.0110978 0.0134858 0.016126 0.0189842 0.0219896 0.0249792 0.0277863 0.0302231 0.0320712 0.0330656 0.0330146 0.0317491 0.0291432 0.0251236 0.019754 0.0131458 0.00549754 -0.00288203 -0.0115937 -0.0202525 -0.0284732 -0.0358597 -0.0420888 -0.0469084 -0.0501444 -0.0517187 -0.0517217 -0.0503073 -0.047698 -0.0441695 -0.0400121 -0.0354851 -0.03084 -0.0263157 -0.0220639 -0.0182181 -0.0148499 -0.0119794 -0.00958245 -0.00764017 -0.0061023 -0.00488848 -0.00396168 -0.00326703 -0.00277479 -0.00241715 -0.00214989 -0.00196857 -0.00186599 -0.00180244 -0.00172696 -0.00169028 -0.00167436 -0.00165333 -0.00163641 -0.00162778 -0.00162106 -0.00159169 -0.00159188 -0.00159076 -0.00157275 -0.00157038 -0.00156213 -0.00155193 -0.00153758 -0.00154323 -0.00153451 -0.00151905 -0.00153037 -0.00150823 -0.00150263 -0.00150842 -0.00148997 -0.00149562 -0.0014914 -0.00148166 -0.00148258 -0.00147809 -0.00147427 -0.00146825 -0.00147076 -0.00146355 -0.00145962 -0.00146617 -0.00145354 -0.00145897 -0.00146067 -0.00144828 -0.00146031 -0.00145224 
0 1.06307e-05 1.13635e-05 2.79732e-05 3.00218e-05 3.8255e-05 5.13434e-05 4.94952e-05 6.54164e-05 7.0862e-05 7.61581e-05 9.42212e-05 9.53479e-05 0.000106789 0.000116186 0.00011733 0.000127843 0.000134137 0.000143215 0.00015759 0.000171261 0.000177523 0.000187199 0.000194319 0.000197037 0.000212664 0.00022288 0.000236233 0.000242972 0.00025083 0.000262261 0.000265009 0.000293667 0.000306971 0.000312549 0.000329378 0.000342489 0.000360135 0.000391933 0.000447213 0.000482743 0.00055694 0.00069145 0.000882539 0.00114868 0.00151165 0.00204883 0.00277306 0.00374225 0.00498978 0.00660264 0.00862917 0.0111102 0.0141025 0.0176012 0.0216092 0.0260255 0.0307574 0.0356021 0.040363 0.044773 0.0485705 0.0514777 0.0532147 0.0535682 0.0523438 0.0494875 0.0450045 0.0390749 0.0318912 0.0237824 0.0150761 0.00616605 -0.00259105 -0.010809 -0.0181752 -0.024457 -0.0294781 -0.0331412 -0.0354271 -0.0364387 -0.0362709 -0.0351099 -0.033136 -0.0306015 -0.0276782 -0.0246059 -0.02153 -0.0185934 -0.0158262 -0.0133436 -0.0111693 -0.00930841 -0.00766245 -0.00625161 -0.00505508 -0.00405149 -0.00312136 -0.00226525 -0.00147387 -0.000750316 1.35944e-05 0.000827562 0.00170169 0.00262109 0.00369849 0.00496774 0.00645808 0.00814426 0.0101234 0.0124112 0.0150088 0.0178153 0.0208129 0.023882 0.0269002 0.0296389 0.0319318 0.0335241 0.034223 0.0338151 0.032184 0.0291941 0.0248299 0.0191427 0.0122831 0.00445138 -0.00405659 -0.0128699 -0.0216223 -0.0299167 -0.037408 -0.043746 -0.0487065 -0.0520784 -0.053823 -0.0539574 -0.052657 -0.0501151 -0.0466102 -0.0424097 -0.0377891 -0.0330135 -0.028295 -0.0238451 -0.0197718 -0.0161868 -0.0130987 -0.0105298 -0.00841454 -0.00672113 -0.00540211 -0.00438641 -0.00362134 -0.0030398 -0.00263847 -0.00235762 -0.00216979 -0.00201486 -0.00191514 -0.00187336 -0.00183076 -0.00179776 -0.00177172 -0.00175747 -0.00173316 -0.001731 -0.00172892 -0.00170981 -0.00170282 -0.00168726 -0.00168236 -0.00167456 -0.00166973 -0.00166576 -0.00164858 -0.0016411 -0.00163226 -0.00162435 -0.00162158 -0.00162157 -0.00161338 -0.00160723 -0.00160631 -0.00159314 -0.00159382 -0.00158925 -0.00158133 -0.00158682 -0.00157581 -0.00157401 -0.00157324 -0.00156369 -0.00156822 -0.0015643 -0.00156388 -0.00156666 -0.00156114 -0.00156296 -0.00155808 
0 1.26405e-05 1.23273e-05 3.11265e-05 3.15637e-05 3.99308e-05 5.60587e-05 5.31188e-05 7.26869e-05 7.79443e-05 7.94034e-05 9.88371e-05 9.57407e-05 0.000109173 0.00012565 0.000127843 0.000146064 0.000153917 0.00015737 0.000167867 0.000171539 0.000178814 0.000195759 0.000206598 0.000219817 0.000233458 0.000235742 0.000251959 0.000258923 0.000273263 0.000294531 0.000292316 0.000309001 0.00031626 0.000325353 0.00035021 0.000373286 0.000392898 0.000417713 0.000472582 0.000528483 0.000639455 0.000783234 0.000977204 0.00128905 0.00171505 0.00231045 0.00310289 0.00417086 0.00553882 0.00729959 0.00949237 0.0121539 0.0153594 0.0190767 0.0232946 0.0279059 0.0328095 0.0377695 0.0425957 0.0470213 0.0507647 0.0535675 0.0551636 0.0553522 0.0539491 0.0509497 0.0463549 0.0403483 0.0331264 0.0250147 0.0163093 0.00739338 -0.00138277 -0.00968078 -0.01721 -0.0237403 -0.0290725 -0.0331147 -0.0358042 -0.0372234 -0.0374399 -0.0366321 -0.0349264 -0.0325654 -0.0297245 -0.0266652 -0.023522 -0.020455 -0.0175157 -0.0148431 -0.0124651 -0.0104031 -0.00857268 -0.00699651 -0.00564764 -0.00450676 -0.00346221 -0.0025076 -0.00162194 -0.000801211 5.5452e-05 0.000961691 0.00193862 0.00298222 0.00419909 0.00562037 0.0072811 0.00915843 0.0113376 0.0138195 0.0166024 0.0195658 0.0226678 0.0257684 0.0287552 0.0313794 0.0334624 0.0347497 0.0350995 0.0343084 0.0322837 0.0289074 0.0242113 0.0182442 0.0111819 0.00322863 -0.00533029 -0.0141741 -0.0229428 -0.0312496 -0.0387773 -0.0451874 -0.0502496 -0.0537511 -0.0556627 -0.0559565 -0.0547953 -0.0523596 -0.0489183 -0.0447129 -0.0400393 -0.0351614 -0.0302846 -0.0256471 -0.0213723 -0.0175757 -0.0142733 -0.0115188 -0.00923487 -0.00739629 -0.00595165 -0.00482191 -0.00397606 -0.00334554 -0.00289143 -0.00254584 -0.00233322 -0.00217997 -0.00207061 -0.00200925 -0.00195014 -0.00191886 -0.00190059 -0.00189083 -0.00186536 -0.00185454 -0.00184034 -0.00182001 -0.00182321 -0.00180648 -0.0017986 -0.00178712 -0.00177015 -0.00176861 -0.00175971 -0.00175683 -0.00175587 -0.00174494 -0.0017352 -0.00173118 -0.00171808 -0.00171392 -0.00171399 -0.0017013 -0.00170545 -0.00169717 -0.00168583 -0.00169185 -0.00168088 -0.00168251 -0.00168606 -0.00167703 -0.00167963 -0.00167226 -0.00166586 -0.0016653 -0.00166092 -0.00166461 -0.00166566 
0 9.51251e-06 1.32027e-05 2.82159e-05 3.34262e-05 4.6145e-05 5.59571e-05 6.12765e-05 7.70741e-05 7.69297e-05 9.41181e-05 0.00010349 0.000104083 0.000129738 0.000121359 0.000134137 0.000153917 0.000143932 0.000176176 0.000182353 0.000184662 0.000212171 0.000209774 0.000218027 0.000231431 0.000244338 0.000246747 0.000265882 0.000285103 0.000274845 0.000308506 0.000316931 0.000323329 0.000352874 0.000358032 0.000382565 0.000391838 0.000425582 0.000465306 0.000503552 0.000581669 0.000696227 0.000866131 0.00108143 0.00144189 0.00192754 0.00257241 0.00346856 0.00463183 0.00614142 0.00804082 0.0104113 0.0132634 0.0166712 0.0206067 0.0250045 0.0298081 0.0348329 0.0398902 0.0447321 0.0491386 0.0527843 0.0554443 0.0568736 0.0568613 0.0552885 0.052136 0.047471 0.0414087 0.0342216 0.0261525 0.0175307 0.00867379 -4.14345e-05 -0.00835574 -0.0159876 -0.0227114 -0.0283296 -0.0327286 -0.0358398 -0.0376724 -0.0383253 -0.0378993 -0.0365352 -0.0343891 -0.0317118 -0.0286973 -0.025544 -0.0223586 -0.0192939 -0.0164289 -0.0138627 -0.0115733 -0.00956932 -0.0078061 -0.00630463 -0.00499211 -0.003835 -0.00276146 -0.00178374 -0.000834839 0.000113936 0.00113267 0.00220877 0.00340959 0.00476872 0.00636575 0.00818774 0.0102839 0.0126543 0.015341 0.0182704 0.0213842 0.024541 0.0276495 0.0305291 0.0329993 0.0347974 0.0357486 0.0356892 0.0345024 0.0320543 0.0283051 0.0232862 0.0170857 0.00986842 0.00185302 -0.00668796 -0.0154985 -0.0242072 -0.032481 -0.0399751 -0.0464329 -0.0515526 -0.0551919 -0.057254 -0.0577415 -0.0567365 -0.0544456 -0.0511 -0.0469242 -0.0422368 -0.0372718 -0.032281 -0.0274555 -0.0230053 -0.0189902 -0.0154933 -0.0125418 -0.0100832 -0.00810079 -0.00652323 -0.00530051 -0.00434584 -0.00366715 -0.00315595 -0.00277184 -0.00252604 -0.00235042 -0.00223294 -0.00213796 -0.00209384 -0.0020523 -0.00202213 -0.00199908 -0.00197618 -0.0019794 -0.00194539 -0.00194576 -0.00194195 -0.00191261 -0.00191679 -0.00190831 -0.00189666 -0.00188474 -0.00188582 -0.00186534 -0.0018507 -0.00186223 -0.00183322 -0.00183901 -0.00184039 -0.00181752 -0.00182847 -0.00181221 -0.00180841 -0.00181142 -0.00179988 -0.00180411 -0.00179182 -0.00179006 -0.00178424 -0.00177444 -0.00178406 -0.00177366 -0.00178057 -0.00178529 -0.0017716 -0.00178205 -0.0017697 
