0 0 0 0 0 0 0 0 0 0 0 0 0 0 0 0 0 0 0 0 0 0 0 0 0 0 0 0 0 0 0 0 0 0 0 0 0 0 0 0 0 0 0 0 0 0 0 0 0 0 0 0 0 0 0 0 0 0 0 0 0 0 0 0 0 0 0 0 0 0 0 0 0 0 0 0 0 0 0 0 0 0 0 0 0 0 0 0 0 0 0 0 0 0 0 0 0 0 0 0 0 0 0 0 0 0 0 0 0 0 0 0 0 0 0 0 0 0 0 0 0 0 0 0 0 0 0 0 0 0 0 0 0 0 0 0 0 0 0 0 0 0 0 0 0 0 0 0 0 0 0 0 0 0 0 0 0 0 0 0 0 0 0 0 0 0 0 0 0 0 0 0 0 0 0 0 0 0 0 0 0 0 0 0 0 0 0 0 0 0 0 0 0 0 0 0 0 0 0 0 
0 1.61238e-07 1.2709e-06 3.15499e-06 1.36864e-06 2.83762e-06 -3.19219e-07 2.79641e-07 -2.04963e-07 -1.98216e-06 4.36129e-06 1.86458e-07 6.67047e-06 7.43842e-06 2.00161e-06 1.03185e-05 6.15552e-07 4.93522e-06 1.06202e-05 9.0818e-06 2.69206e-05 3.73656e-05 5.76931e-05 8.83656e-05 0.00013065 0.000187778 0.000270662 0.000385051 0.00051403 0.000698761 0.000908468 0.00115493 0.00146887 0.00180457 0.00218609 0.00259591 0.0029916 0.00335536 0.00366341 0.00386657 0.00393839 0.00387516 0.00363413 0.00322458 0.002658 0.00195598 0.00115494 0.000299844 -0.000533317 -0.00130398 -0.00196725 -0.00247082 -0.00280376 -0.00299533 -0.00303393 -0.00291467 -0.00269923 -0.00242944 -0.0021374 -0.0018448 -0.00155911 -0.00129709 -0.0010831 -0.000913727 -0.000771434 -0.000663602 -0.000571123 -0.000496375 -0.000447128 -0.000412325 -0.000368584 -0.000331932 -0.000309922 -0.000288043 -0.000269378 -0.000248521 -0.000227404 -0.000210631 -0.000208236 -0.000189467 -0.00016928 -0.000160474 -0.000161074 -0.000141959 -0.000128506 -0.000123442 -0.000120013 -0.000105245 -9.76691e-05 -9.10306e-05 -8.53907e-05 -7.69651e-05 -7.02752e-05 -6.15566e-05 -5.7459e-05 -5.25991e-05 -4.38264e-05 -3.56441e-05 -3.38947e-05 -2.87043e-05 -1.86335e-05 -1.27663e-05 -1.13178e-05 -4.11534e-06 4.65968e-06 9.45204e-06 1.29575e-05 2.0715e-05 2.68779e-05 3.45165e-05 3.99304e-05 4.53611e-05 5.13341e-05 6.5351e-05 6.91771e-05 7.20798e-05 8.30532e-05 0.000102315 0.000101996 0.000107613 0.000125385 0.000144795 0.000146329 0.000160312 0.000179237 0.000199305 0.000216193 0.00023682 0.000255061 0.000287891 0.000328789 0.000360622 0.000401902 0.000467924 0.000550641 0.000645454 0.00077288 0.000925933 0.00112 0.00135961 0.00162984 0.0019159 0.00220776 0.00247718 0.00270483 0.00286534 0.00288333 0.00273892 0.00245245 0.00201558 0.00141851 0.000693446 -0.000110865 -0.000948951 -0.00175308 -0.00247396 -0.00306176 -0.00350802 -0.00379993 -0.00391166 -0.0038796 -0.00371663 -0.00343878 -0.00309194 -0.00271963 -0.00232115 -0.00193974 -0.00160292 -0.00128107 -0.00102166 -0.000804656 -0.000617732 -0.000478339 -0.000363574 -0.000275399 -0.000207412 -0.000166078 -0.000129675 -0.00011038 -0.000103562 -8.65266e-05 -8.88294e-05 -8.06618e-05 -7.50064e-05 -7.75645e-05 -7.07121e-05 -7.46272e-05 -7.27453e-05 -7.48299e-05 -7.46738e-05 -7.38917e-05 -7.6778e-05 -7.09053e-05 -7.67584e-05 -7.25189e-05 -7.20493e-05 -7.74987e-05 -6.90128e-05 -7.55376e-05 -7.3173e-05 
0 1.2709e-06 -4.26061e-06 2.49487e-06 -3.25464e-06 9.31053e-07 6.91546e-06 9.42035e-07 1.12589e-05 6.70893e-06 2.03137e-06 9.4891e-06 -3.10855e-06 1.24882e-06 8.62941e-06 -7.8273e-07 1.85096e-05 2.01209e-05 1.81575e-05 4.53722e-05 4.19005e-05 7.22456e-05 0.000120217 0.000163534 0.000267756 0.000381787 0.000542733 0.000761695 0.00103427 0.0013857 0.00181219 0.00234109 0.00293474 0.00362774 0.00438398 0.00517126 0.00597038 0.00670243 0.00731491 0.00770381 0.00787017 0.00770685 0.0072193 0.00643723 0.00530561 0.00390731 0.00230775 0.000622518 -0.00106918 -0.00257792 -0.00386867 -0.00489538 -0.00559641 -0.00597516 -0.00600871 -0.00580519 -0.00539484 -0.00487235 -0.00426482 -0.00369127 -0.00313039 -0.00261139 -0.00218137 -0.00183181 -0.00156058 -0.00133054 -0.00115759 -0.00099262 -0.000906602 -0.000819653 -0.00074491 -0.00066082 -0.000622045 -0.000571562 -0.000535807 -0.000492673 -0.000448068 -0.000418781 -0.00040349 -0.000375053 -0.000325842 -0.00031848 -0.000303626 -0.000281013 -0.000240607 -0.000243412 -0.000220434 -0.000207479 -0.000177215 -0.000177969 -0.0001521 -0.000149798 -0.000122405 -0.00011885 -9.71201e-05 -9.9953e-05 -7.03329e-05 -6.6857e-05 -5.02185e-05 -5.17883e-05 -2.05425e-05 -2.08035e-05 -4.83102e-06 -2.99704e-06 2.64053e-05 2.37371e-05 4.40302e-05 4.60414e-05 7.21298e-05 7.32562e-05 9.81429e-05 9.5162e-05 0.000122195 0.000133479 0.000156563 0.000149074 0.000184815 0.000206124 0.000221151 0.000220563 0.000265435 0.000291713 0.000305607 0.000325766 0.000366546 0.00040343 0.000436251 0.000479138 0.000510783 0.000582764 0.000651617 0.000729213 0.000798461 0.000943033 0.00109495 0.00130296 0.00154214 0.00185644 0.00224295 0.00273433 0.00326799 0.00381832 0.00441263 0.00496388 0.00542427 0.00568496 0.00573231 0.00547205 0.00491028 0.00399079 0.00279717 0.00138057 -0.00023433 -0.00189453 -0.00349623 -0.00492987 -0.00614018 -0.00700038 -0.00756562 -0.00781062 -0.00773691 -0.00741799 -0.00687386 -0.00619389 -0.00541105 -0.00463424 -0.00387767 -0.0031822 -0.00257853 -0.00204959 -0.0016096 -0.0012382 -0.000960513 -0.000721187 -0.000554426 -0.000439318 -0.000326853 -0.00027989 -0.000225395 -0.000185637 -0.000180832 -0.00015585 -0.000154922 -0.000159084 -0.00014948 -0.000154952 -0.000154628 -0.000146539 -0.000151207 -0.000147779 -0.000144044 -0.000150308 -0.000145442 -0.000146947 -0.000149574 -0.000145123 -0.000148173 -0.000148542 -0.000146197 -0.000146855 
0 3.15499e-06 2.49487e-06 5.61286e-06 3.15188e-06 5.50577e-06 1.64688e-06 1.80826e-06 2.60698e-06 -8.64264e-08 9.3117e-06 5.28162e-06 1.36208e-05 1.62538e-05 9.61539e-06 2.05763e-05 1.04464e-05 1.852e-05 3.09659e-05 4.01274e-05 7.6939e-05 0.000114951 0.000177811 0.000267146 0.000399168 0.000575332 0.000823273 0.00115884 0.00156144 0.00210069 0.00273614 0.00349227 0.00441047 0.00542612 0.00655906 0.00775998 0.00893761 0.0100179 0.010919 0.0115156 0.0117325 0.0115223 0.0108068 0.00960033 0.00792099 0.00584252 0.00347218 0.00095165 -0.00152465 -0.00380479 -0.00576214 -0.00727614 -0.00829997 -0.00887607 -0.00899092 -0.00867616 -0.00806591 -0.00728112 -0.00641642 -0.00554773 -0.00470391 -0.00392918 -0.00328426 -0.00276391 -0.0023387 -0.00200309 -0.00172516 -0.00149917 -0.00134549 -0.00122738 -0.00110237 -0.000993608 -0.000920259 -0.000853481 -0.000794385 -0.000732262 -0.000669094 -0.000622266 -0.000600303 -0.000550698 -0.000493789 -0.00046684 -0.000453776 -0.000408243 -0.000367498 -0.000349952 -0.000331621 -0.000296774 -0.000269864 -0.000250421 -0.000229896 -0.000208275 -0.000184972 -0.000162163 -0.000146203 -0.00013186 -0.000105772 -8.44836e-05 -7.40852e-05 -5.92448e-05 -3.12332e-05 -1.48756e-05 -5.45055e-06 1.32318e-05 3.87841e-05 5.26612e-05 6.63277e-05 8.60919e-05 0.000107288 0.000126461 0.000144734 0.00016018 0.000182333 0.000214164 0.000230969 0.000242116 0.000275809 0.000319407 0.000330493 0.0003483 0.000397677 0.000445651 0.000463347 0.000500817 0.000556289 0.000613159 0.000665776 0.000725046 0.000786534 0.000882111 0.000996322 0.00110128 0.00123089 0.00142833 0.0016748 0.00197137 0.00235055 0.0028191 0.00340436 0.00411964 0.00491961 0.00576499 0.00662472 0.00742229 0.00808327 0.00851038 0.00854639 0.00812086 0.00725476 0.00592592 0.00414638 0.00200076 -0.000385015 -0.00286073 -0.00523965 -0.00737197 -0.00912928 -0.0104482 -0.0113029 -0.0116507 -0.0115578 -0.0110755 -0.0102655 -0.00924592 -0.00812431 -0.00695199 -0.00582229 -0.00480166 -0.0038632 -0.0030797 -0.00242309 -0.00186975 -0.00144423 -0.00109852 -0.000835491 -0.000637781 -0.000501534 -0.000400324 -0.000336892 -0.000302633 -0.000265664 -0.000257872 -0.000240459 -0.000229694 -0.000229815 -0.000219184 -0.000224424 -0.000220374 -0.000223758 -0.000223429 -0.000221507 -0.000226219 -0.000217503 -0.000225416 -0.000219932 -0.00021881 -0.000225222 -0.000214693 -0.000225826 -0.000219226 
0 1.36864e-06 -3.25464e-06 3.15188e-06 1.44032e-06 3.9812e-06 7.72831e-06 5.60554e-06 1.12601e-05 8.80875e-06 8.47772e-06 1.05602e-05 6.66407e-06 1.02098e-05 1.3197e-05 1.53377e-05 2.5456e-05 3.38444e-05 4.53174e-05 7.08887e-05 9.97784e-05 0.00015423 0.000239996 0.000356645 0.000539531 0.000781095 0.00111019 0.00154813 0.0021005 0.0028045 0.00366086 0.00469056 0.00589208 0.00725327 0.00874784 0.0103151 0.0118707 0.0133005 0.0144787 0.0152567 0.015546 0.0152401 0.0142921 0.0127125 0.0105023 0.00776216 0.0046387 0.00132839 -0.00194808 -0.00494593 -0.00751509 -0.0095377 -0.0109366 -0.0117073 -0.0118552 -0.0114819 -0.0107147 -0.00970088 -0.0085572 -0.00741119 -0.0063024 -0.00528422 -0.00441987 -0.00371405 -0.00314709 -0.00268732 -0.00231562 -0.00201007 -0.001799 -0.0016261 -0.0014654 -0.00131872 -0.00121516 -0.00112206 -0.00104071 -0.00095623 -0.000873234 -0.000811746 -0.000768935 -0.000707847 -0.000635616 -0.000598299 -0.000566875 -0.000516739 -0.000461614 -0.000436454 -0.000403739 -0.000366325 -0.000325738 -0.000301469 -0.000269414 -0.000244786 -0.000209693 -0.000183944 -0.000157573 -0.000139851 -0.000104161 -8.04185e-05 -5.99181e-05 -4.22159e-05 -5.76303e-06 1.3363e-05 3.25392e-05 5.32104e-05 8.76611e-05 0.000104372 0.000127306 0.000148857 0.00018059 0.000201662 0.00022935 0.00024776 0.000281914 0.000314219 0.000342324 0.000358523 0.000404317 0.000448952 0.000474709 0.000499306 0.000560655 0.000615039 0.000649642 0.000696417 0.000767046 0.000840148 0.000910313 0.00098834 0.0010739 0.0011997 0.00134219 0.00149221 0.00166901 0.00193316 0.00225984 0.00266773 0.00317055 0.00380367 0.00458951 0.0055399 0.00659331 0.00770154 0.00883574 0.0098886 0.0107417 0.0112464 0.011277 0.0107234 0.00956089 0.00776466 0.00540276 0.00257994 -0.00056994 -0.00382532 -0.00696022 -0.00977473 -0.0121121 -0.0138447 -0.0149596 -0.0154373 -0.0153165 -0.0146861 -0.0136331 -0.0122938 -0.0107917 -0.00925114 -0.00776064 -0.00639191 -0.00517257 -0.00412348 -0.00324157 -0.00251049 -0.00193466 -0.00147303 -0.00112711 -0.00087199 -0.000677957 -0.000550642 -0.000456081 -0.000392577 -0.000356445 -0.000329489 -0.000315828 -0.000311009 -0.00030418 -0.000302875 -0.000302632 -0.000296877 -0.00029934 -0.000296092 -0.000294456 -0.000297584 -0.000292972 -0.000296319 -0.000294782 -0.00029445 -0.000296205 -0.000291406 -0.000296208 -0.000293468 
0 2.83762e-06 9.31053e-07 5.50577e-06 3.9812e-06 3.24697e-06 7.97338e-06 5.24054e-06 9.64633e-06 1.10575e-05 8.78977e-06 1.60842e-05 1.20261e-05 1.52684e-05 2.15464e-05 1.78491e-05 3.19677e-05 3.96186e-05 5.40364e-05 9.00415e-05 0.000127548 0.000200954 0.000308803 0.000460242 0.000686384 0.000994326 0.00140982 0.00195505 0.00265834 0.00353032 0.00460178 0.00588815 0.00737476 0.00907175 0.0109231 0.0128572 0.0147744 0.0165308 0.0179669 0.0189209 0.0192698 0.0188827 0.0177132 0.0157534 0.0130283 0.00965515 0.00581485 0.00174984 -0.00228081 -0.00598772 -0.0091691 -0.0116834 -0.0134423 -0.0144193 -0.0146423 -0.0142286 -0.0133189 -0.0120928 -0.0107022 -0.00928594 -0.00791511 -0.00665775 -0.00557463 -0.00468093 -0.00396157 -0.00337411 -0.00290102 -0.00252076 -0.00224023 -0.0020114 -0.00181151 -0.00163258 -0.00149274 -0.00137479 -0.00126818 -0.0011625 -0.00106228 -0.000984773 -0.000917753 -0.000844297 -0.000763916 -0.000709992 -0.000659642 -0.000603076 -0.000540247 -0.00049942 -0.000455396 -0.000411499 -0.000362417 -0.000326718 -0.000287607 -0.000253908 -0.00021229 -0.00017888 -0.000145779 -0.000118044 -7.91988e-05 -4.8755e-05 -2.07445e-05 5.42275e-06 4.30262e-05 6.99359e-05 9.6152e-05 0.000123053 0.000159357 0.000184616 0.000212655 0.000240051 0.000276172 0.000304156 0.000335701 0.000362737 0.000402939 0.000438482 0.000473103 0.000501975 0.000552663 0.000598992 0.000638147 0.000676475 0.000742109 0.000803203 0.000856803 0.000915753 0.000998446 0.00108744 0.00117742 0.00127383 0.00138961 0.00154166 0.00171483 0.00191039 0.00214704 0.0024736 0.00288655 0.00340547 0.00404266 0.00484353 0.00582927 0.00700128 0.00830316 0.00967438 0.011055 0.0123288 0.013347 0.0139247 0.0139197 0.0132067 0.0117345 0.00949518 0.00656731 0.00307415 -0.00080796 -0.0048109 -0.00866722 -0.0121284 -0.0150073 -0.0171551 -0.0185312 -0.0191332 -0.0189936 -0.0182196 -0.0169346 -0.0152937 -0.0134445 -0.0115487 -0.00970833 -0.00800038 -0.00649046 -0.00517739 -0.00407299 -0.00316638 -0.0024375 -0.00186185 -0.00142369 -0.00109958 -0.000854471 -0.000693071 -0.000576119 -0.000495154 -0.000453864 -0.000415889 -0.000399487 -0.000390704 -0.000378443 -0.000378918 -0.00037419 -0.000371734 -0.000372567 -0.000370254 -0.000370485 -0.000369888 -0.000370134 -0.000368698 -0.000368214 -0.000369083 -0.000368219 -0.000368911 -0.000367755 -0.00036767 
0 -3.19219e-07 6.91546e-06 1.64688e-06 7.72831e-06 7.97338e-06 4.63503e-06 1.26111e-05 4.84117e-06 9.55682e-06 1.62652e-05 9.19577e-06 2.33208e-05 2.24787e-05 1.9812e-05 3.67653e-05 2.97678e-05 4.624e-05 7.49396e-05 9.57907e-05 0.000168262 0.000251381 0.000376477 0.000578842 0.000838399 0.00121606 0.00172101 0.00238192 0.0032246 0.00427991 0.00556814 0.00708723 0.0088822 0.0108901 0.0130851 0.0153849 0.0176375 0.0196952 0.0213689 0.0224973 0.0228707 0.0224215 0.0210428 0.0186978 0.0154893 0.0115193 0.00700767 0.00221635 -0.00249905 -0.00689608 -0.0106856 -0.0136755 -0.0157804 -0.0169755 -0.0173262 -0.0168843 -0.015863 -0.0144453 -0.0128512 -0.0111704 -0.00954684 -0.00805711 -0.00675665 -0.00567586 -0.00478576 -0.00407325 -0.00348248 -0.00303631 -0.00266493 -0.00238557 -0.00213272 -0.0019301 -0.00174297 -0.00160247 -0.00146379 -0.0013373 -0.00122146 -0.00112242 -0.00103187 -0.000939117 -0.000860515 -0.000777801 -0.000715778 -0.000641553 -0.000583887 -0.000512803 -0.000468585 -0.000404799 -0.000360282 -0.0002995 -0.000265142 -0.000208416 -0.000173114 -0.000120151 -9.09722e-05 -4.00182e-05 -1.09273e-05 3.72162e-05 6.32513e-05 0.000109768 0.000135398 0.000181378 0.000205124 0.000249218 0.000274048 0.000320004 0.000342288 0.000386719 0.000413601 0.000461121 0.000483959 0.000532152 0.000564156 0.000614863 0.000643121 0.00069824 0.000739094 0.000796845 0.000839061 0.000902901 0.000959863 0.00103335 0.00110087 0.00117762 0.00126644 0.00137021 0.00148149 0.00159348 0.00174579 0.00191478 0.00212722 0.00235995 0.00267449 0.00305285 0.00356601 0.00418692 0.0049763 0.00594354 0.00713262 0.00851053 0.0100515 0.0116866 0.0132828 0.0147447 0.0158856 0.0165379 0.0164577 0.0155575 0.0137614 0.0111081 0.00762477 0.00346649 -0.00109522 -0.00581103 -0.0103498 -0.0144306 -0.0178008 -0.0203702 -0.0220054 -0.0227134 -0.0225759 -0.0216682 -0.0201667 -0.018235 -0.0160814 -0.0138293 -0.0116485 -0.00962915 -0.00780804 -0.00624594 -0.00492226 -0.00383611 -0.0029517 -0.00226796 -0.00173247 -0.00132549 -0.0010516 -0.000832282 -0.000699009 -0.000613739 -0.000538841 -0.000512616 -0.000483073 -0.000461563 -0.000461468 -0.000448753 -0.000446895 -0.000450587 -0.000443891 -0.000446302 -0.000447079 -0.000441616 -0.000444923 -0.00044442 -0.000440883 -0.000443137 -0.000442179 -0.000440733 -0.000442617 -0.00044155 
0 2.79641e-07 9.42035e-07 1.80826e-06 5.60554e-06 5.24054e-06 1.26111e-05 1.10009e-05 1.45176e-05 2.07261e-05 1.12757e-05 2.15466e-05 1.44789e-05 1.51435e-05 2.99523e-05 2.41281e-05 5.01933e-05 6.49846e-05 8.75496e-05 0.000140201 0.000195741 0.000302206 0.000457603 0.000686484 0.0010064 0.00145691 0.00204976 0.00281297 0.00381929 0.00503294 0.00654032 0.00834059 0.0103921 0.0127331 0.015255 0.017868 0.0204428 0.0227918 0.0246874 0.0259439 0.0263761 0.0258144 0.0242185 0.0215508 0.0178854 0.0133538 0.00820856 0.00277142 -0.00263814 -0.00765206 -0.0119843 -0.0154573 -0.0179576 -0.0193844 -0.019819 -0.0194151 -0.0183336 -0.0167824 -0.0149639 -0.0130554 -0.0111982 -0.00949029 -0.00796866 -0.00668584 -0.00563409 -0.00477051 -0.00407613 -0.00353043 -0.00308616 -0.00272464 -0.00243587 -0.00218457 -0.00196519 -0.00178304 -0.0016177 -0.001463 -0.00133145 -0.0012098 -0.00108655 -0.000982677 -0.000891172 -0.000793773 -0.000700099 -0.000626112 -0.000550895 -0.000472019 -0.000402211 -0.000340878 -0.000275875 -0.000214947 -0.000158856 -0.000102527 -4.90611e-05 -1.00332e-06 4.96997e-05 0.000100803 0.00014331 0.000185704 0.000234 0.000278101 0.000314073 0.000355983 0.000401183 0.000439141 0.000474827 0.000517734 0.000558863 0.000595527 0.000636131 0.000678517 0.000717993 0.000761081 0.000808143 0.000849318 0.000895495 0.00095134 0.00100364 0.00105065 0.00111507 0.0011849 0.00124733 0.00131814 0.00140822 0.00149615 0.00159121 0.00170798 0.00183434 0.00197241 0.00214486 0.00234681 0.00257874 0.00287412 0.00324332 0.00370143 0.00429486 0.00504727 0.00597199 0.00711659 0.00850489 0.0100976 0.0118596 0.0137059 0.0155226 0.017155 0.0183953 0.0190125 0.0188608 0.0177918 0.0156755 0.0125506 0.00853042 0.00378401 -0.0014465 -0.00681304 -0.0119916 -0.0166527 -0.0205374 -0.0234623 -0.0253322 -0.0261821 -0.0260309 -0.0250202 -0.0233293 -0.0211405 -0.0186522 -0.0160893 -0.0135873 -0.0112341 -0.00916224 -0.00733253 -0.00578397 -0.00452239 -0.00348223 -0.00267684 -0.00205534 -0.00159023 -0.00124233 -0.00100301 -0.000829401 -0.000705622 -0.000643202 -0.000582823 -0.000562748 -0.000549219 -0.000531594 -0.000536918 -0.000523484 -0.000524799 -0.000521438 -0.000517545 -0.000521202 -0.000514647 -0.000520277 -0.000514567 -0.000518029 -0.000517715 -0.000511311 -0.00052063 -0.000510968 -0.000516569 
0 -2.04963e-07 1.12589e-05 2.60698e-06 1.12601e-05 9.64633e-06 4.84117e-06 1.45176e-05 7.35719e-06 1.49217e-05 1.88049e-05 1.78562e-05 3.04823e-05 2.94423e-05 3.41717e-05 4.39346e-05 4.73865e-05 6.82336e-05 0.000102612 0.000149983 0.000240737 0.000366077 0.000547815 0.00082285 0.00118877 0.00170611 0.00239408 0.00328457 0.00442856 0.00583398 0.00755062 0.00957639 0.0119211 0.0145552 0.017396 0.0203385 0.023209 0.0258021 0.0278926 0.029279 0.0297196 0.0290948 0.0273026 0.0242918 0.0201912 0.0151495 0.00943421 0.0033852 -0.00261271 -0.00823308 -0.0131264 -0.017053 -0.0198855 -0.0215645 -0.0221805 -0.0218239 -0.0206963 -0.0190264 -0.0170576 -0.0149341 -0.0128503 -0.0109191 -0.0091875 -0.00770693 -0.0064691 -0.00545725 -0.00463692 -0.004001 -0.00345802 -0.00302795 -0.00267847 -0.00239169 -0.00212568 -0.00190944 -0.00170644 -0.00152862 -0.00137739 -0.00122954 -0.00107847 -0.000954566 -0.000855851 -0.000732413 -0.00062089 -0.000528216 -0.000449181 -0.000346335 -0.000267358 -0.000186693 -0.000119012 -3.9013e-05 2.19876e-05 9.83036e-05 0.000151842 0.000214511 0.000269564 0.000339218 0.000378212 0.000433361 0.000486223 0.00054544 0.000575222 0.000630231 0.000678762 0.000728263 0.000757006 0.000813654 0.000855252 0.000901946 0.00093624 0.000991397 0.00102884 0.00108354 0.00112464 0.00117565 0.00122077 0.0012914 0.00133705 0.00139107 0.00146025 0.0015463 0.00160365 0.00168123 0.00178411 0.00188765 0.00198826 0.00211433 0.00226159 0.00242008 0.00262312 0.00284504 0.0031172 0.00345995 0.00390767 0.00443451 0.00512798 0.00599753 0.00708387 0.00840369 0.00998071 0.0117664 0.0137403 0.0158056 0.01778 0.0195198 0.0208112 0.0214285 0.0211397 0.0198252 0.0173791 0.0138506 0.00931428 0.00396955 -0.00185833 -0.00783894 -0.0136019 -0.0187889 -0.0231091 -0.0264099 -0.0285299 -0.0294857 -0.0293526 -0.0282438 -0.0263747 -0.0239541 -0.0212094 -0.0183375 -0.0155249 -0.012882 -0.0105071 -0.00843473 -0.00667435 -0.005226 -0.00403814 -0.00311158 -0.0023855 -0.00183531 -0.00144454 -0.00115294 -0.00096067 -0.000832938 -0.000740559 -0.000687888 -0.00065194 -0.000622615 -0.000613995 -0.000603071 -0.000595496 -0.000601102 -0.000591882 -0.000595442 -0.000595711 -0.000589328 -0.000595976 -0.000587348 -0.000591713 -0.000592531 -0.000586958 -0.000594918 -0.00058644 -0.000590211 
0 -1.98216e-06 6.70893e-06 -8.64264e-08 8.80875e-06 1.10575e-05 9.55682e-06 2.07261e-05 1.49217e-05 1.92634e-05 2.2642e-05 1.81068e-05 2.72366e-05 2.70524e-05 3.34669e-05 4.9622e-05 6.05917e-05 8.98743e-05 0.000130836 0.000186635 0.000287278 0.000428881 0.000641395 0.00095647 0.00138405 0.00197748 0.00276025 0.0037723 0.00506112 0.00665041 0.00858293 0.0108603 0.0134818 0.0164049 0.0195416 0.0227678 0.0259032 0.0287253 0.0309907 0.0324726 0.0329234 0.0322041 0.0302106 0.02691 0.0224228 0.0169185 0.0106879 0.00409474 -0.00245915 -0.00861114 -0.0139991 -0.0183722 -0.0215738 -0.023523 -0.0243047 -0.0240402 -0.0229318 -0.0212011 -0.0190901 -0.0167848 -0.0145 -0.0123609 -0.0104195 -0.00873263 -0.00730564 -0.00613124 -0.00518047 -0.00442894 -0.00378865 -0.00327244 -0.00285913 -0.00251913 -0.0022098 -0.0019457 -0.00170435 -0.00149602 -0.00131996 -0.00114119 -0.000961228 -0.00081506 -0.000697694 -0.00055334 -0.000418373 -0.000308277 -0.000213515 -9.6443e-05 1.97479e-06 9.63593e-05 0.000177525 0.000267066 0.000344528 0.00043154 0.000496109 0.000565061 0.000634463 0.000711977 0.000759358 0.000818758 0.000884285 0.000948477 0.000984304 0.00104242 0.00110193 0.00115376 0.00118683 0.00124582 0.00129669 0.00134386 0.00138127 0.00143807 0.00148343 0.00153801 0.00158116 0.00163335 0.00168574 0.00175725 0.00180413 0.00185943 0.00193608 0.00202639 0.00208515 0.00216514 0.00227705 0.00239177 0.00249715 0.00263031 0.00279209 0.00297476 0.00319688 0.00344492 0.00375199 0.00415064 0.0046646 0.00527562 0.00606619 0.00706425 0.00830579 0.0098024 0.0115657 0.0135432 0.0157023 0.0179383 0.0200595 0.0218823 0.023174 0.0237088 0.0232715 0.0217217 0.0189401 0.0149752 0.00994285 0.00406746 -0.00231523 -0.00884927 -0.0151464 -0.0208284 -0.025576 -0.0292008 -0.0315496 -0.0326288 -0.0325187 -0.0313462 -0.0293323 -0.0267011 -0.0236982 -0.0205452 -0.0174404 -0.0145163 -0.0118732 -0.0095572 -0.00758056 -0.0059442 -0.00460679 -0.00355594 -0.00273785 -0.00211544 -0.00166576 -0.00133046 -0.00110027 -0.000945771 -0.000835093 -0.000772502 -0.000731775 -0.000702735 -0.00069407 -0.00068201 -0.000675363 -0.000676517 -0.00066795 -0.000670203 -0.00066772 -0.000664568 -0.000670177 -0.000662953 -0.000665724 -0.000664822 -0.00066015 -0.000665707 -0.000660324 -0.00066423 
0 4.36129e-06 2.03137e-06 9.3117e-06 8.47772e-06 8.78977e-06 1.62652e-05 1.12757e-05 1.88049e-05 2.2642e-05 1.96658e-05 3.30903e-05 2.75498e-05 3.38837e-05 4.84742e-05 4.67482e-05 7.67869e-05 0.000103258 0.000144225 0.000229742 0.000332985 0.000505633 0.000757271 0.0011075 0.00160176 0.00227138 0.00315417 0.00428691 0.00573597 0.00750225 0.00964169 0.0121747 0.015045 0.0182544 0.0216763 0.025165 0.0285406 0.0315639 0.033976 0.0355163 0.0359865 0.0351646 0.0329782 0.0294179 0.0245721 0.0186543 0.0119689 0.00491499 -0.00214866 -0.00877657 -0.0146228 -0.0194155 -0.0229777 -0.0252155 -0.0261811 -0.0260563 -0.0249989 -0.0232533 -0.0210255 -0.0185814 -0.0161109 -0.0137714 -0.0116239 -0.00972641 -0.00810806 -0.00675391 -0.00566832 -0.00477647 -0.0040429 -0.00342344 -0.00294514 -0.00253512 -0.00218696 -0.0018639 -0.00158606 -0.00134107 -0.00113453 -0.000922975 -0.000713998 -0.000544516 -0.000395584 -0.000237167 -7.23561e-05 5.26986e-05 0.00017705 0.000298278 0.000427831 0.000529149 0.000636787 0.000726893 0.000833453 0.000920837 0.0010096 0.00107723 0.00117131 0.00124517 0.00131489 0.00137034 0.00145624 0.00151462 0.0015705 0.00162125 0.00169852 0.0017429 0.00179301 0.00184155 0.00190953 0.00194698 0.00199803 0.00204324 0.00210582 0.00214762 0.0022018 0.0022442 0.0023122 0.00236938 0.00242655 0.00247585 0.0025634 0.00264441 0.00271318 0.00279138 0.00290973 0.00303025 0.00314286 0.00328309 0.00345462 0.00366635 0.00389959 0.00418335 0.00452236 0.00498911 0.00555946 0.00627297 0.00715772 0.00829788 0.0096907 0.0113655 0.0133003 0.0154595 0.0177852 0.0201466 0.0223762 0.0242272 0.0254814 0.0258764 0.0252605 0.0234393 0.0203168 0.0159223 0.0104269 0.00407264 -0.00283036 -0.00985362 -0.0166235 -0.0227381 -0.0278857 -0.0317982 -0.0343705 -0.035589 -0.0354986 -0.0342878 -0.032156 -0.0293541 -0.0261209 -0.0227289 -0.0193538 -0.0161492 -0.0132602 -0.0106943 -0.00850712 -0.00668869 -0.00519995 -0.00401724 -0.00309926 -0.00240358 -0.00187643 -0.00151197 -0.00124409 -0.00105846 -0.000951566 -0.000861427 -0.000818733 -0.000792046 -0.000763936 -0.000762323 -0.000750574 -0.000745004 -0.000747337 -0.00074223 -0.000741948 -0.000740768 -0.00073997 -0.0007388 -0.000739716 -0.000738951 -0.000737772 -0.000739935 -0.000736345 -0.000737541 
0 1.86458e-07 9.4891e-06 5.28162e-06 1.05602e-05 1.60842e-05 9.19577e-06 2.15466e-05 1.78562e-05 1.81068e-05 3.30903e-05 2.18855e-05 3.94388e-05 4.69726e-05 4.4879e-05 7.53116e-05 8.12172e-05 0.000118946 0.000180211 0.000255253 0.000398916 0.000593583 0.00087894 0.00128194 0.00184177 0.00258452 0.00357054 0.00485117 0.0064282 0.00840525 0.0107556 0.0134995 0.0166557 0.0201107 0.0237963 0.0275383 0.0311297 0.0343068 0.0368326 0.0384381 0.0388635 0.0379716 0.0356157 0.0318021 0.0266357 0.0203721 0.0133091 0.00582708 -0.00162558 -0.00868725 -0.0149716 -0.020162 -0.0240331 -0.026568 -0.0277958 -0.0278273 -0.0268573 -0.0251148 -0.0228542 -0.0202905 -0.0176615 -0.0151199 -0.0127829 -0.0106766 -0.00884987 -0.00731681 -0.00606464 -0.00503647 -0.0041766 -0.00346702 -0.00288746 -0.00241857 -0.00200311 -0.0016326 -0.00129928 -0.00102256 -0.000768647 -0.000525161 -0.000286909 -8.52149e-05 9.73143e-05 0.000279971 0.000463035 0.000622262 0.000765139 0.000909579 0.00105268 0.00118365 0.00129952 0.00141487 0.00152932 0.00163947 0.00173256 0.00182531 0.00192007 0.00201202 0.00208501 0.00216173 0.00224204 0.00231684 0.00237407 0.00244021 0.00250848 0.0025688 0.00261597 0.00267482 0.00273354 0.002785 0.00282753 0.00288116 0.0029359 0.00298631 0.00302881 0.003081 0.00314158 0.00319972 0.00324882 0.00330829 0.00338761 0.00346521 0.00353585 0.00361841 0.00373334 0.0038539 0.00397856 0.0041168 0.00430518 0.00452807 0.00478864 0.00508874 0.00548478 0.00599627 0.00664678 0.0074471 0.00845093 0.00971617 0.0112751 0.0131201 0.0152101 0.0175295 0.0199933 0.0224726 0.0247318 0.0265588 0.0277153 0.0279831 0.0271174 0.024972 0.0215104 0.0167365 0.0107998 0.00397283 -0.00335404 -0.0108299 -0.0180131 -0.0245095 -0.0299877 -0.0341995 -0.0369946 -0.0383177 -0.0382981 -0.0370577 -0.0348349 -0.0318915 -0.0284899 -0.0248611 -0.0212331 -0.0178009 -0.0146261 -0.011848 -0.00945861 -0.00744197 -0.00581481 -0.00449934 -0.00347389 -0.00269059 -0.00211548 -0.0016868 -0.00139329 -0.00119666 -0.00104373 -0.000969627 -0.000902449 -0.00086251 -0.000853547 -0.000825378 -0.000829624 -0.000823121 -0.00081456 -0.000822377 -0.000813839 -0.000815841 -0.000814935 -0.000812675 -0.00081399 -0.00081216 -0.000813456 -0.000811239 -0.000812668 -0.000811015 
0 6.67047e-06 -3.10855e-06 1.36208e-05 6.66407e-06 1.20261e-05 2.33208e-05 1.44789e-05 3.04823e-05 2.72366e-05 2.75498e-05 3.94388e-05 3.33882e-05 4.70037e-05 5.75266e-05 7.19726e-05 0.000108717 0.000149425 0.000216064 0.000320403 0.000466679 0.00068969 0.00101558 0.00146785 0.00209841 0.00293753 0.00403314 0.0054344 0.00718476 0.00933446 0.0118968 0.0148988 0.0182919 0.0220042 0.0259327 0.0298798 0.0336407 0.0369713 0.0395865 0.0412046 0.0416216 0.0406113 0.0380809 0.0340701 0.0286534 0.0220892 0.0147069 0.00690104 -0.000928901 -0.00833903 -0.0149677 -0.0205108 -0.0247506 -0.0275977 -0.0290444 -0.0292749 -0.0284573 -0.0267937 -0.0244958 -0.0218615 -0.0191001 -0.0163924 -0.0138561 -0.0115381 -0.00950616 -0.00777757 -0.00635249 -0.00515314 -0.00417342 -0.00334168 -0.00266875 -0.00210641 -0.00163187 -0.0011897 -0.00081118 -0.000481375 -0.000180177 0.000105405 0.000372 0.000611901 0.000838178 0.0010426 0.00125417 0.00144065 0.00161951 0.00177652 0.00195067 0.00209579 0.00224142 0.00236728 0.00250962 0.00262265 0.00274354 0.00284461 0.00295955 0.00304841 0.00314879 0.00322827 0.00332112 0.00339139 0.00347388 0.00353496 0.00361146 0.00366734 0.00373458 0.00378144 0.00384786 0.00389325 0.00394857 0.00398765 0.00405083 0.00409015 0.00413932 0.00418034 0.00424672 0.00428791 0.00434219 0.00439686 0.00447377 0.00453525 0.0046126 0.00469492 0.00480053 0.00491823 0.00504777 0.00519282 0.0053806 0.00562485 0.005894 0.00623167 0.00666585 0.00724328 0.00795205 0.0088619 0.00997838 0.0113846 0.013089 0.0150943 0.01734 0.019801 0.0223661 0.0248822 0.0271642 0.0289284 0.0299301 0.0299551 0.0288475 0.0264043 0.0225738 0.0173853 0.0110498 0.00384807 -0.00388609 -0.0117319 -0.0192743 -0.0261192 -0.0319179 -0.0363599 -0.0393506 -0.0408318 -0.0408657 -0.0396458 -0.0373762 -0.0343143 -0.0307428 -0.0269297 -0.0230814 -0.0194072 -0.0160226 -0.0130073 -0.0104086 -0.00821846 -0.00642955 -0.00498956 -0.00386785 -0.00300773 -0.00235593 -0.00188679 -0.00154599 -0.00130709 -0.0011551 -0.00104968 -0.000983836 -0.000952647 -0.000920566 -0.000910307 -0.000904482 -0.000890655 -0.000897767 -0.000887791 -0.000888936 -0.000894512 -0.000883258 -0.000893174 -0.000885367 -0.000883572 -0.000889471 -0.000878929 -0.000889194 -0.000884709 
0 7.43842e-06 1.24882e-06 1.62538e-05 1.02098e-05 1.52684e-05 2.24787e-05 1.51435e-05 2.94423e-05 2.70524e-05 3.38837e-05 4.69726e-05 4.70037e-05 6.45223e-05 7.43942e-05 9.33875e-05 0.000127363 0.000170915 0.000251388 0.000371343 0.000549334 0.000813414 0.00118422 0.00169552 0.00239775 0.00332196 0.00453171 0.00607581 0.00798786 0.0103332 0.0131065 0.0163272 0.0199603 0.0239072 0.0280603 0.0322113 0.0361327 0.0395659 0.0422334 0.0438578 0.0442237 0.0431246 0.0404578 0.0362559 0.0306116 0.0238132 0.0161872 0.00811806 2.39437e-05 -0.00768484 -0.0146432 -0.0205076 -0.0250417 -0.0281887 -0.0299287 -0.030394 -0.0297383 -0.0281658 -0.0259094 -0.023243 -0.0203751 -0.0175037 -0.0147835 -0.012261 -0.0100183 -0.00808632 -0.00646462 -0.00509151 -0.00396575 -0.00301197 -0.00222222 -0.00156667 -0.00100905 -0.000501258 -6.33456e-05 0.000320201 0.000681631 0.00100901 0.0013101 0.00159268 0.00186564 0.0021008 0.00233934 0.00256163 0.00277313 0.00295756 0.00315504 0.00332622 0.00349463 0.0036476 0.00380653 0.00393624 0.00407563 0.00420115 0.00432325 0.00442317 0.00454007 0.00463727 0.00472862 0.00480801 0.00490378 0.00497348 0.00504306 0.00510743 0.00518205 0.00522919 0.00528694 0.00533856 0.00539377 0.00542853 0.0054832 0.00552287 0.00556635 0.00560321 0.00565994 0.00569324 0.00574208 0.00579485 0.00585867 0.00590713 0.00598492 0.00606576 0.00615866 0.00626697 0.00640381 0.0065506 0.00674253 0.00699443 0.0072859 0.00765327 0.0081394 0.00877257 0.00955847 0.01057 0.0118129 0.013354 0.015208 0.0173607 0.0197344 0.0223072 0.0249465 0.027474 0.029683 0.0313141 0.0321277 0.0319101 0.0304793 0.0276727 0.0234882 0.0179468 0.0112405 0.00367412 -0.00439239 -0.0125602 -0.0203981 -0.0275163 -0.0335757 -0.0382622 -0.0414495 -0.0430672 -0.0431899 -0.0419984 -0.0397084 -0.0365838 -0.032905 -0.0289305 -0.0248887 -0.0210023 -0.0173892 -0.0141661 -0.0113751 -0.00900707 -0.00706752 -0.00549409 -0.00425658 -0.0033075 -0.0025896 -0.00206861 -0.00169861 -0.00143712 -0.00126391 -0.00114895 -0.00106841 -0.00102806 -0.00099483 -0.000979143 -0.000974614 -0.000962561 -0.000969607 -0.000961292 -0.000959881 -0.000964697 -0.000954285 -0.000964412 -0.000959924 -0.00096052 -0.000967497 -0.000957525 -0.000965343 -0.000958333 
0 2.00161e-06 8.62941e-06 9.61539e-06 1.3197e-05 2.15464e-05 1.9812e-05 2.99523e-05 3.41717e-05 3.34669e-05 4.84742e-05 4.4879e-05 5.75266e-05 7.43942e-05 8.31523e-05 0.000123508 0.000157056 0.000218912 0.000319452 0.000448315 0.000656857 0.00095134 0.0013665 0.001943 0.00272964 0.00375444 0.00508565 0.00678157 0.00885077 0.0113942 0.0143865 0.0178276 0.0217056 0.0258721 0.0302212 0.0345355 0.0385837 0.0420922 0.04479 0.0464133 0.0467029 0.0455083 0.0427134 0.0383586 0.032556 0.0255933 0.0177957 0.00952388 0.00123917 -0.00669571 -0.0138997 -0.0200451 -0.0248766 -0.0283264 -0.0303649 -0.031079 -0.0306386 -0.0292062 -0.0270402 -0.0243677 -0.0214341 -0.0184268 -0.0155321 -0.0128077 -0.0103503 -0.00820927 -0.0063689 -0.00481133 -0.00351159 -0.00242645 -0.00149924 -0.000739778 -7.63409e-05 0.000500466 0.00101123 0.0014567 0.00188745 0.00226264 0.00260581 0.00293698 0.00325727 0.00353456 0.00380059 0.00406459 0.00430643 0.00453107 0.00474681 0.00495207 0.00513941 0.00533044 0.00549878 0.00565501 0.00580705 0.00596595 0.0060883 0.00620922 0.00633476 0.00645779 0.00654121 0.00663837 0.00673835 0.00682495 0.00688056 0.00696053 0.00703335 0.00708917 0.00712934 0.00719356 0.00724027 0.0072779 0.007313 0.00735993 0.00739005 0.00742668 0.00746236 0.00749525 0.00753058 0.00758118 0.00762345 0.00766341 0.00773321 0.0078098 0.00788597 0.00798113 0.00812085 0.00826612 0.00846128 0.00870984 0.00902912 0.00942226 0.00996446 0.0106449 0.0115182 0.0126254 0.0140035 0.0156703 0.0176631 0.0199447 0.0224341 0.0250849 0.0277435 0.0302374 0.0323246 0.0337784 0.0343337 0.0338249 0.0320459 0.0288823 0.0243321 0.0184401 0.0114025 0.00352753 -0.00480111 -0.0132389 -0.0213265 -0.0286877 -0.0349659 -0.0398702 -0.0432388 -0.0450006 -0.0452529 -0.0441226 -0.0418503 -0.0386889 -0.034927 -0.0308167 -0.0266143 -0.0225499 -0.0187255 -0.0153113 -0.0123261 -0.00977917 -0.00769405 -0.00599436 -0.00465454 -0.00362109 -0.00284188 -0.00225746 -0.00184659 -0.00155772 -0.00134947 -0.00123369 -0.00114176 -0.00109227 -0.00107132 -0.00104324 -0.00104338 -0.0010339 -0.00103105 -0.00103635 -0.00103109 -0.00103679 -0.00103465 -0.00103436 -0.00103406 -0.00103108 -0.00103251 -0.00103036 -0.00103407 -0.00103406 
0 1.03185e-05 -7.8273e-07 2.05763e-05 1.53377e-05 1.78491e-05 3.67653e-05 2.41281e-05 4.39346e-05 4.9622e-05 4.67482e-05 7.53116e-05 7.19726e-05 9.33875e-05 0.000123508 0.000140544 0.000204633 0.000274204 0.000382539 0.000553744 0.000785875 0.0011262 0.00159793 0.0022497 0.00310936 0.00425284 0.00571555 0.00753946 0.00981759 0.0125327 0.0157389 0.0194236 0.0235017 0.0278911 0.0324219 0.0368877 0.0410213 0.0445996 0.0473042 0.0488731 0.0491179 0.0478111 0.0449032 0.0404246 0.0345284 0.0274428 0.0195325 0.0111746 0.00273728 -0.0053495 -0.0127346 -0.0190863 -0.0242197 -0.0279619 -0.0302833 -0.0312748 -0.0310779 -0.029846 -0.0277788 -0.0251587 -0.0221831 -0.0190858 -0.0160114 -0.0131012 -0.0104313 -0.00807175 -0.00600799 -0.00424078 -0.00276457 -0.00151504 -0.00045989 0.000439888 0.00120093 0.00187538 0.00244865 0.00298252 0.00347107 0.00391371 0.00429825 0.00468758 0.00505292 0.00538185 0.00568309 0.00598534 0.00626769 0.00653019 0.00677764 0.0070072 0.00723114 0.00744759 0.00764369 0.00781378 0.00799769 0.00817139 0.00831616 0.00844278 0.00859482 0.00872335 0.0088228 0.00891927 0.00903977 0.00912357 0.00918847 0.00926267 0.0093495 0.00939554 0.00943807 0.00949263 0.00954657 0.00956934 0.00959937 0.00963452 0.00966487 0.00968419 0.00970694 0.00972834 0.00975633 0.00979135 0.0098136 0.00984435 0.0098995 0.00996937 0.0100218 0.0101123 0.010237 0.0103953 0.0105759 0.0108382 0.011167 0.0116127 0.0121904 0.0129423 0.0138916 0.0151122 0.016616 0.0184162 0.0205305 0.0229149 0.0255094 0.028194 0.030834 0.0332098 0.0351453 0.0363545 0.0366097 0.0357301 0.0335914 0.030068 0.0251293 0.0189031 0.0115805 0.00346944 -0.00511566 -0.0137369 -0.0220188 -0.0295791 -0.0360447 -0.0411291 -0.0446703 -0.0466195 -0.0469786 -0.0459598 -0.0437448 -0.0405834 -0.0367765 -0.032584 -0.0282578 -0.0240078 -0.0200378 -0.0164168 -0.0132485 -0.0105583 -0.00830076 -0.00648584 -0.00503851 -0.00391469 -0.00306074 -0.0024338 -0.00197811 -0.00165319 -0.00145095 -0.00129542 -0.00121176 -0.00116384 -0.00111458 -0.00111636 -0.00109947 -0.00109219 -0.00110608 -0.00109036 -0.00110165 -0.00110314 -0.00109535 -0.00110998 -0.00110171 -0.00110602 -0.00111223 -0.00110284 -0.0011126 -0.00110732 
0 6.15552e-07 1.85096e-05 1.04464e-05 2.5456e-05 3.19677e-05 2.97678e-05 5.01933e-05 4.73865e-05 6.05917e-05 7.67869e-05 8.12172e-05 0.000108717 0.000127363 0.000157056 0.000204633 0.000262255 0.000352908 0.000483852 0.000676962 0.000951478 0.00134513 0.00188189 0.00260493 0.00357397 0.00481902 0.00641617 0.00841886 0.0108596 0.0137919 0.017221 0.021109 0.0254071 0.0299955 0.0346827 0.0392739 0.0435091 0.0470946 0.049781 0.0513142 0.0514529 0.0500647 0.0470805 0.0425145 0.0365373 0.0294165 0.0214738 0.013066 0.00459901 -0.00356828 -0.0110924 -0.0176458 -0.0229809 -0.0269837 -0.0296379 -0.0309405 -0.030994 -0.029963 -0.0280797 -0.0255436 -0.0225765 -0.0193892 -0.0161767 -0.0130862 -0.0102117 -0.00762223 -0.00532329 -0.00334337 -0.00165664 -0.000241627 0.000975411 0.00200944 0.0029046 0.00366542 0.00433553 0.00494558 0.00551376 0.00601609 0.00646536 0.00690445 0.00732338 0.00770649 0.0080503 0.00839288 0.0087145 0.00902451 0.00929806 0.0095652 0.0098161 0.0100709 0.0102827 0.0104872 0.010686 0.0108895 0.0110429 0.011198 0.0113542 0.0115056 0.0116073 0.0117243 0.0118404 0.0119412 0.012001 0.0120873 0.0121639 0.0122209 0.0122504 0.0123096 0.0123499 0.0123763 0.0123856 0.0124201 0.0124357 0.0124486 0.0124464 0.0124636 0.0124761 0.0124944 0.0124944 0.0125155 0.0125556 0.012605 0.0126451 0.0127179 0.0128382 0.0129883 0.0131759 0.0134298 0.0137922 0.0142709 0.0149058 0.0157121 0.0167626 0.0180838 0.0197144 0.0216373 0.0238636 0.0263356 0.02898 0.0316684 0.0342364 0.0364736 0.0381469 0.0390556 0.0389824 0.0377372 0.0351598 0.0312287 0.0259602 0.0194416 0.0118567 0.00351753 -0.00522149 -0.0140045 -0.0224308 -0.0301203 -0.0367398 -0.042018 -0.0457349 -0.047835 -0.0483766 -0.0474721 -0.0453419 -0.0422491 -0.0384378 -0.0341842 -0.0297649 -0.025386 -0.0212389 -0.017469 -0.0141364 -0.0112747 -0.00889269 -0.00694152 -0.00538556 -0.00418121 -0.00325966 -0.00257965 -0.00208949 -0.00174517 -0.00150722 -0.00135465 -0.00125838 -0.00119609 -0.00117244 -0.00115048 -0.0011476 -0.0011539 -0.00114572 -0.00116034 -0.0011589 -0.00115961 -0.00117308 -0.00116465 -0.00117635 -0.00117785 -0.00117376 -0.00118604 -0.00117662 -0.00118269 
0 4.93522e-06 2.01209e-05 1.852e-05 3.38444e-05 3.96186e-05 4.624e-05 6.49846e-05 6.82336e-05 8.98743e-05 0.000103258 0.000118946 0.000149425 0.000170915 0.000218912 0.000274204 0.000352908 0.000472288 0.000627666 0.000860521 0.00117696 0.00161731 0.00222438 0.00303572 0.00410675 0.00549131 0.00724038 0.00940596 0.0120475 0.0151765 0.018823 0.0229423 0.0274479 0.0322257 0.0370595 0.0417493 0.0460255 0.0496236 0.0522834 0.0537466 0.053808 0.0523266 0.0492559 0.0446397 0.0386733 0.0315678 0.0236545 0.0152923 0.00682879 -0.00135347 -0.00891495 -0.0155752 -0.0211356 -0.0254097 -0.0283491 -0.029943 -0.0302943 -0.0295395 -0.0278482 -0.0254308 -0.0225083 -0.0192916 -0.0159537 -0.0126997 -0.00962248 -0.00680684 -0.00427117 -0.00205929 -0.000152802 0.00145505 0.00283661 0.00403309 0.00505991 0.00593459 0.00670062 0.00740647 0.0080453 0.00862563 0.00913964 0.00963762 0.010106 0.0105507 0.0109406 0.0113253 0.0116898 0.0120442 0.0123517 0.012654 0.0129401 0.0132223 0.0134623 0.013696 0.0139188 0.0141376 0.0143161 0.0144914 0.0146602 0.0148198 0.0149422 0.0150682 0.0151878 0.0152924 0.0153659 0.0154501 0.0155239 0.0155813 0.0156142 0.0156628 0.0156971 0.0157187 0.0157196 0.0157401 0.0157472 0.0157473 0.015727 0.0157325 0.0157311 0.0157287 0.0157075 0.0157203 0.0157386 0.0157686 0.0157913 0.0158569 0.0159585 0.0161098 0.0162946 0.0165577 0.0169407 0.0174701 0.0181528 0.0190305 0.0201756 0.0216086 0.0233575 0.025394 0.0277097 0.0302404 0.0329204 0.035557 0.0379874 0.0400106 0.041417 0.0419723 0.0414883 0.0398103 0.0368302 0.0325205 0.0268801 0.0200684 0.0122839 0.00379707 -0.00507797 -0.0139541 -0.022486 -0.0302976 -0.0370344 -0.0424539 -0.0463464 -0.0486447 -0.0493674 -0.0486377 -0.0466364 -0.0436191 -0.03984 -0.0355761 -0.0310999 -0.0266168 -0.0223516 -0.0184224 -0.0149306 -0.0119291 -0.00940427 -0.00734425 -0.00569736 -0.00440841 -0.0034217 -0.0026916 -0.00215455 -0.00178432 -0.00153533 -0.0013672 -0.00127612 -0.00121397 -0.00118948 -0.00117933 -0.00117254 -0.0011865 -0.00118744 -0.00120217 -0.00121346 -0.00121689 -0.00123188 -0.00122948 -0.00123677 -0.00124018 -0.00123823 -0.00124903 -0.00124689 -0.00125548 
