0 0 0 0 0 0 0 0 0 0 0 0 0 0 0 0 0 0 0 0 0 0 0 0 0 0 0 0 0 0 0 0 0 0 0 0 0 0 0 0 0 0 0 0 0 0 0 0 0 0 0 0 0 0 0 0 0 0 0 0 0 0 0 0 0 0 0 0 0 0 0 0 0 0 0 0 0 0 0 0 0 0 0 0 0 0 0 0 0 0 0 0 0 0 0 0 0 0 0 0 0 0 0 0 0 0 0 0 0 0 0 0 0 0 0 0 0 0 0 0 0 0 0 0 0 0 0 0 0 0 0 0 0 0 0 0 0 0 0 0 0 0 0 0 0 0 0 0 0 0 0 0 0 0 0 0 0 0 0 0 0 0 0 0 0 0 0 0 0 0 0 0 0 0 0 0 0 0 0 0 0 0 0 0 0 0 0 0 0 0 0 0 0 0 0 0 0 0 0 0 
0 5.47365e-06 -6.01198e-06 7.4854e-06 1.39068e-06 -2.80015e-06 9.52146e-06 -3.41037e-06 4.46214e-06 7.78522e-06 -2.33135e-06 9.4907e-06 1.81886e-06 2.07628e-06 8.20365e-06 3.68726e-06 1.09532e-05 8.31364e-06 1.22753e-05 6.84336e-06 4.13439e-06 1.08699e-05 -2.33948e-06 1.31898e-05 1.38245e-05 5.28163e-06 2.1366e-05 9.34524e-06 7.83426e-06 1.7109e-05 1.58636e-05 1.38343e-05 1.93731e-05 1.92638e-05 6.61447e-06 2.20043e-05 2.86719e-05 3.35293e-05 5.25456e-05 6.85813e-05 9.94203e-05 0.000139974 0.000212937 0.000304196 0.000404325 0.00054224 0.000737629 0.00097067 0.00122771 0.00155098 0.0019254 0.00233563 0.00277647 0.00321709 0.00362914 0.00398232 0.00423512 0.00434601 0.00431059 0.00410227 0.00370279 0.0031323 0.00240344 0.00154757 0.000628345 -0.00028052 -0.00113889 -0.00188805 -0.00248758 -0.00292776 -0.0031925 -0.00327234 -0.0031947 -0.00301508 -0.00275302 -0.0024483 -0.0021276 -0.00181474 -0.00151526 -0.00126816 -0.00106861 -0.000896754 -0.000743706 -0.000632649 -0.000553221 -0.000483695 -0.000421097 -0.000371724 -0.000333028 -0.00029734 -0.000269999 -0.000240096 -0.000210672 -0.000184497 -0.000171436 -0.000148544 -0.000121715 -9.87025e-05 -9.12314e-05 -7.08541e-05 -4.49056e-05 -2.24565e-05 -1.52229e-05 5.43032e-06 3.16013e-05 5.57352e-05 6.79865e-05 9.18984e-05 0.000119689 0.00014897 0.000174292 0.000207609 0.000242375 0.000286603 0.000343101 0.000407008 0.000475907 0.000571745 0.000708505 0.000865456 0.00104508 0.00126894 0.0015483 0.00184825 0.0021625 0.00247097 0.00275025 0.00296022 0.00308494 0.00306843 0.00287675 0.00250978 0.00198323 0.00129948 0.000493244 -0.000381095 -0.00128557 -0.00215103 -0.00290941 -0.00352187 -0.00397449 -0.00423955 -0.00433016 -0.00427059 -0.00406612 -0.0037506 -0.00336325 -0.00293654 -0.00250241 -0.00209719 -0.0017153 -0.00137413 -0.00110628 -0.000876985 -0.000674103 -0.000512207 -0.000402555 -0.000317181 -0.000246744 -0.000194579 -0.000159095 -0.000143978 -0.000121115 -0.000120799 -0.000120134 -0.000101614 -0.000102129 -0.000104585 -0.000100398 -9.75404e-05 -0.000107949 -9.52419e-05 -9.03494e-05 -0.000102919 -8.87756e-05 -9.95763e-05 -0.000103341 -9.59569e-05 -0.000101262 -9.47272e-05 -9.65935e-05 -9.20518e-05 -9.63593e-05 -9.69407e-05 -9.00454e-05 -0.000100327 -8.89733e-05 -9.15794e-05 -9.80025e-05 -8.71364e-05 -9.98535e-05 -9.57186e-05 -9.14293e-05 -9.97155e-05 -8.80096e-05 -9.14751e-05 -9.33624e-05 -8.68333e-05 -9.68874e-05 -9.20179e-05 
0 -6.01198e-06 9.29932e-06 -4.10193e-06 1.32219e-06 1.12109e-05 -3.27262e-06 1.05068e-05 9.31375e-06 -1.65196e-06 1.65052e-05 6.56849e-06 6.55228e-06 2.24277e-05 4.77141e-06 1.24594e-05 1.54334e-05 7.74466e-07 1.58314e-05 1.60752e-05 1.67386e-05 2.60943e-05 2.55643e-05 1.9596e-05 1.69354e-05 2.32097e-05 1.28413e-05 2.51235e-05 2.97629e-05 2.01529e-05 2.72274e-05 2.10387e-05 3.23342e-05 2.85018e-05 4.84684e-05 5.86449e-05 4.2332e-05 8.07217e-05 9.90702e-05 0.000138029 0.000207805 0.000303806 0.000407516 0.000568841 0.00082781 0.00110454 0.00147438 0.00191049 0.00246677 0.00312216 0.0038531 0.00467111 0.00554477 0.006444 0.00724346 0.00795557 0.0084427 0.00867487 0.00859458 0.00817474 0.00738356 0.00623721 0.00479795 0.00308196 0.00127177 -0.000554817 -0.00224709 -0.0037529 -0.00493952 -0.00582676 -0.00635196 -0.00651886 -0.0063757 -0.00601626 -0.00550729 -0.00489224 -0.00426755 -0.00362866 -0.00304952 -0.00253785 -0.00215093 -0.00178865 -0.00150004 -0.00126035 -0.00111143 -0.000957771 -0.00084502 -0.000734465 -0.000665239 -0.000585408 -0.000536903 -0.000470806 -0.000417701 -0.000361701 -0.000336654 -0.000288316 -0.000238335 -0.000191441 -0.000174813 -0.000133263 -8.41035e-05 -3.90169e-05 -2.25946e-05 1.96941e-05 6.88678e-05 0.000118718 0.000142895 0.000193758 0.000244473 0.000308066 0.000353528 0.000427001 0.000489196 0.000588016 0.000689275 0.000829057 0.00095703 0.00116496 0.00142079 0.0017507 0.00209668 0.0025615 0.00309882 0.00371142 0.00432063 0.00494399 0.00548331 0.00590528 0.00613781 0.00609848 0.0057132 0.00497428 0.00392858 0.00255477 0.000964263 -0.000792266 -0.00257211 -0.00430613 -0.00579893 -0.00702963 -0.00791746 -0.00845076 -0.0086346 -0.00850869 -0.00810815 -0.00746729 -0.00672114 -0.00585983 -0.00499938 -0.00416972 -0.00343903 -0.00277801 -0.00220946 -0.00173589 -0.00134946 -0.00107815 -0.000812065 -0.000620805 -0.000492742 -0.000406089 -0.000326206 -0.000282442 -0.000262065 -0.00021289 -0.000217825 -0.00021114 -0.000209213 -0.000206112 -0.000198685 -0.000205085 -0.000189597 -0.000203806 -0.000205824 -0.000198899 -0.000200626 -0.000195539 -0.000189123 -0.00018399 -0.000197491 -0.000186235 -0.000191286 -0.000201904 -0.00017976 -0.000195029 -0.00019241 -0.000179791 -0.000200483 -0.000187468 -0.000185142 -0.000196023 -0.000177165 -0.000184372 -0.000188134 -0.000176985 -0.000193376 -0.000188669 -0.000184385 -0.00019531 -0.000181192 -0.000186106 
0 7.4854e-06 -4.10193e-06 1.02378e-05 4.72093e-06 1.20241e-06 1.42049e-05 1.61926e-06 1.12062e-05 1.4525e-05 5.84514e-06 1.8653e-05 1.02013e-05 1.34213e-05 1.87114e-05 1.61861e-05 2.64304e-05 2.17124e-05 2.9707e-05 2.22105e-05 1.86085e-05 2.87605e-05 1.27233e-05 3.29162e-05 3.53921e-05 2.67218e-05 4.59124e-05 3.31276e-05 3.20238e-05 4.3213e-05 4.45399e-05 4.22884e-05 5.19599e-05 5.23732e-05 4.165e-05 6.78191e-05 8.2853e-05 0.000109354 0.000156249 0.000212501 0.000308247 0.000439587 0.000640507 0.000905343 0.00123319 0.00165738 0.00222523 0.00291139 0.00370885 0.00467486 0.00578242 0.00700522 0.00830873 0.00961613 0.01083 0.0118668 0.0126023 0.012934 0.012818 0.0121885 0.0110094 0.00931473 0.00716013 0.00463721 0.00193321 -0.000762553 -0.00329859 -0.00552276 -0.00731487 -0.0086327 -0.00943125 -0.00969661 -0.00950649 -0.00899109 -0.00823787 -0.00734568 -0.00640538 -0.0054731 -0.0045974 -0.00385118 -0.00324224 -0.00271741 -0.00226856 -0.00192547 -0.00167419 -0.00145961 -0.00127495 -0.00112319 -0.00100246 -0.000895615 -0.000809029 -0.000719923 -0.000632813 -0.000557889 -0.000508049 -0.000441857 -0.000365109 -0.000301124 -0.000265105 -0.000207268 -0.000133801 -7.16857e-05 -3.628e-05 2.22207e-05 9.71508e-05 0.000165325 0.000213017 0.000281712 0.000364151 0.000450333 0.000531215 0.000629553 0.00073845 0.000874712 0.00104126 0.00123514 0.0014543 0.00175296 0.00215359 0.00262989 0.00317965 0.00385941 0.0046774 0.00557189 0.00649577 0.00740201 0.00820775 0.00881753 0.00914877 0.00907005 0.00848437 0.00738432 0.00580471 0.00377195 0.00138735 -0.00120823 -0.0038721 -0.00642248 -0.00866196 -0.010481 -0.0118133 -0.0126088 -0.012887 -0.0127084 -0.0121105 -0.0111832 -0.0100445 -0.00878315 -0.0075007 -0.00628294 -0.00515804 -0.00415661 -0.003332 -0.00263352 -0.00204067 -0.00157326 -0.00122269 -0.000954202 -0.000746937 -0.000596726 -0.000488608 -0.000429398 -0.000376211 -0.000354554 -0.000345011 -0.000313747 -0.000310012 -0.000310002 -0.000302438 -0.000299202 -0.000308426 -0.000292703 -0.000285547 -0.000299437 -0.00028183 -0.000295537 -0.000299602 -0.000288938 -0.000297262 -0.000286107 -0.00028798 -0.000284159 -0.000285437 -0.000288208 -0.000279335 -0.000288726 -0.000277455 -0.000278422 -0.000285488 -0.00027466 -0.000287739 -0.000283824 -0.000279238 -0.000286762 -0.000274067 -0.000277227 -0.000278584 -0.000270484 -0.000279819 -0.000278537 
0 1.39068e-06 1.32219e-06 4.72093e-06 6.06156e-06 7.8789e-06 1.05997e-05 1.06513e-05 1.39089e-05 1.4137e-05 1.57698e-05 1.93988e-05 1.84249e-05 2.32936e-05 2.27072e-05 2.27956e-05 2.68842e-05 2.34589e-05 3.00483e-05 3.19238e-05 3.33603e-05 4.102e-05 3.72606e-05 4.08088e-05 4.11497e-05 3.92544e-05 4.51472e-05 4.6026e-05 4.87921e-05 5.20152e-05 5.31562e-05 5.43582e-05 6.28251e-05 6.8448e-05 7.84638e-05 9.76776e-05 0.000112461 0.000151296 0.000209086 0.000291608 0.000423047 0.000605158 0.000854192 0.00120014 0.00166128 0.00224264 0.0029816 0.00388424 0.00497029 0.0062577 0.00772196 0.00933822 0.0110575 0.0127814 0.0143774 0.015731 0.0166877 0.0171248 0.016959 0.0161173 0.014562 0.0123251 0.00948627 0.00617575 0.00262651 -0.000926728 -0.00426632 -0.00720385 -0.00958451 -0.0113382 -0.0124083 -0.0127922 -0.012582 -0.0119266 -0.0109563 -0.00979534 -0.00856238 -0.00733247 -0.00618424 -0.0051881 -0.00436285 -0.0036562 -0.00306329 -0.00259741 -0.00224744 -0.00195556 -0.0017099 -0.00150432 -0.00133868 -0.00119559 -0.00107551 -0.000956607 -0.000842748 -0.000744801 -0.000669248 -0.000581851 -0.00048492 -0.000402538 -0.000343229 -0.000267263 -0.000175511 -9.57473e-05 -3.72116e-05 3.95836e-05 0.000134198 0.000222624 0.000295394 0.000385918 0.000493616 0.00060769 0.000720068 0.000850864 0.0010003 0.00118515 0.00140608 0.00166691 0.00197285 0.00238053 0.00290896 0.00354731 0.00429353 0.00520419 0.00627774 0.00745808 0.00867155 0.00985352 0.0108946 0.0116779 0.0120756 0.0119356 0.0111425 0.00967506 0.00757112 0.00488221 0.0017394 -0.0016845 -0.00518351 -0.00852898 -0.0114762 -0.0138752 -0.0156273 -0.0166838 -0.0170617 -0.0168247 -0.0160434 -0.0148309 -0.0133374 -0.0116784 -0.0099864 -0.00836964 -0.00689102 -0.0055769 -0.00445685 -0.00351732 -0.0027463 -0.00213761 -0.00165142 -0.00127813 -0.00100609 -0.000809988 -0.00066636 -0.000575294 -0.000509224 -0.000462811 -0.000442771 -0.000423904 -0.000415738 -0.000411003 -0.000403852 -0.000400253 -0.000399855 -0.000397614 -0.00039692 -0.00039846 -0.000391017 -0.000391435 -0.000387525 -0.000382899 -0.000387227 -0.000382036 -0.000384203 -0.000383702 -0.000379339 -0.000381703 -0.000378096 -0.00037868 -0.000379133 -0.000377057 -0.000377354 -0.000374877 -0.000373357 -0.000372184 -0.000371553 -0.000371778 -0.000372196 -0.00037278 -0.000374126 -0.000375082 -0.000372301 -0.000370913 
0 -2.80015e-06 1.12109e-05 1.20241e-06 7.8789e-06 1.45286e-05 5.13541e-06 1.91522e-05 1.59021e-05 1.35036e-05 2.60958e-05 1.80486e-05 2.48566e-05 3.01738e-05 2.57134e-05 3.28927e-05 3.22671e-05 3.39236e-05 3.49102e-05 4.06477e-05 4.28229e-05 4.14704e-05 5.42543e-05 4.54075e-05 4.92157e-05 5.92456e-05 4.87044e-05 6.15854e-05 6.50979e-05 6.23132e-05 6.75247e-05 7.23747e-05 7.70619e-05 8.06782e-05 0.000105441 0.000117788 0.000141924 0.000196507 0.000265114 0.000375985 0.000539084 0.000778445 0.00108998 0.00152086 0.00210649 0.00284221 0.00375966 0.00488352 0.00625275 0.00784825 0.00966357 0.0116662 0.0137821 0.0158999 0.0178584 0.0195094 0.0206711 0.0212055 0.0209844 0.0199336 0.0180167 0.0152596 0.0117686 0.00771498 0.0033662 -0.0010054 -0.00511439 -0.00874209 -0.0117015 -0.0138887 -0.0152384 -0.0157651 -0.0155682 -0.0148036 -0.0136462 -0.0122423 -0.0107358 -0.00922394 -0.00781701 -0.00657313 -0.00552491 -0.00463311 -0.0038968 -0.00330314 -0.00284549 -0.00247163 -0.00216322 -0.00190176 -0.00168881 -0.00150789 -0.00135115 -0.00120206 -0.00106328 -0.000942307 -0.000836297 -0.000727491 -0.00061395 -0.000513794 -0.000425698 -0.000331331 -0.000225336 -0.000128799 -4.17008e-05 5.37609e-05 0.000164473 0.000272289 0.000374701 0.000487675 0.000618809 0.000760494 0.000907265 0.00107199 0.00126432 0.00149986 0.00177671 0.00210826 0.0025101 0.00303337 0.00369014 0.00449407 0.00544559 0.00658953 0.00790957 0.00936414 0.010853 0.01229 0.0135412 0.0144711 0.0149041 0.0146774 0.0136662 0.0118311 0.00920866 0.00588167 0.00200976 -0.00220831 -0.00650128 -0.0105996 -0.0142229 -0.0171807 -0.0193385 -0.0206527 -0.0211355 -0.0208482 -0.0199002 -0.018422 -0.0165904 -0.0145533 -0.0124735 -0.0104672 -0.00863381 -0.00700999 -0.00560057 -0.00442313 -0.00346369 -0.00270236 -0.00208396 -0.00161469 -0.00127416 -0.00102456 -0.000845196 -0.000720463 -0.000647782 -0.000583727 -0.000551424 -0.000539114 -0.000521522 -0.00051189 -0.000506487 -0.000505768 -0.000492667 -0.000499109 -0.000499752 -0.000486282 -0.000495683 -0.000486761 -0.000481869 -0.000485715 -0.000481539 -0.000481298 -0.000478965 -0.000481753 -0.000473416 -0.000475143 -0.000477876 -0.000466577 -0.000477351 -0.000471093 -0.000465487 -0.000475643 -0.000462224 -0.000467206 -0.000470393 -0.000460744 -0.000472004 -0.000464827 -0.000460901 -0.000469874 -0.000459478 -0.000465095 
0 9.52146e-06 -3.27262e-06 1.42049e-05 1.05997e-05 5.13541e-06 2.30272e-05 1.10475e-05 1.70013e-05 2.95401e-05 1.64526e-05 2.99836e-05 3.19824e-05 2.25549e-05 3.9488e-05 3.6419e-05 3.74603e-05 5.15082e-05 4.5705e-05 4.68044e-05 5.014e-05 4.83657e-05 4.7931e-05 5.92116e-05 6.56865e-05 6.16845e-05 7.70008e-05 7.03813e-05 6.84844e-05 8.16268e-05 8.27037e-05 9.1899e-05 9.28344e-05 0.000110876 0.000108629 0.000131311 0.000192375 0.00023288 0.000331899 0.000469723 0.000663373 0.000938546 0.00134973 0.00188951 0.00255363 0.00344842 0.00455685 0.00593403 0.0075493 0.00944359 0.0116149 0.0139916 0.0164891 0.0189552 0.021273 0.0231813 0.0245432 0.025147 0.0248725 0.0236146 0.0213468 0.0181036 0.0139872 0.00925698 0.00414377 -0.000977896 -0.00583353 -0.0101068 -0.0136437 -0.0162503 -0.0178973 -0.0185904 -0.0184417 -0.0176111 -0.0162941 -0.0146884 -0.0129185 -0.0111604 -0.00949121 -0.00802073 -0.00672635 -0.00566376 -0.00476243 -0.0040528 -0.00346224 -0.00301565 -0.00262546 -0.00231903 -0.00204431 -0.0018337 -0.00162724 -0.00145601 -0.00128615 -0.0011478 -0.00100234 -0.000876587 -0.000744776 -0.000630422 -0.000506738 -0.000396389 -0.000276053 -0.000165871 -4.37342e-05 6.80104e-05 0.000196009 0.000318591 0.000458654 0.000589909 0.000749696 0.000911313 0.00110384 0.00129558 0.00154383 0.00181982 0.00216953 0.00256286 0.00308452 0.00371283 0.00451933 0.00547498 0.00665657 0.00801572 0.00959083 0.0112863 0.0130461 0.0146988 0.0161391 0.0171714 0.0176084 0.017265 0.0160173 0.0138198 0.010678 0.00674861 0.00216587 -0.00278375 -0.00783975 -0.0126234 -0.0168979 -0.0203734 -0.0229295 -0.0244916 -0.0250786 -0.0247594 -0.0236531 -0.0219492 -0.0197779 -0.0174004 -0.014948 -0.0125871 -0.0103833 -0.00844027 -0.00677448 -0.00536655 -0.00420704 -0.00324606 -0.0025391 -0.00198244 -0.00155305 -0.00123732 -0.00102977 -0.000879165 -0.00076821 -0.000729939 -0.000672709 -0.000641673 -0.000626329 -0.000615423 -0.000611132 -0.000600881 -0.000609181 -0.00059036 -0.000586112 -0.000590754 -0.000582532 -0.000586515 -0.000588801 -0.000587093 -0.000576259 -0.000581565 -0.000575463 -0.000565649 -0.000581402 -0.000567201 -0.00056607 -0.000576249 -0.000555614 -0.000565292 -0.000567944 -0.000554287 -0.000571964 -0.00056367 -0.000556763 -0.000568824 -0.000551893 -0.000557598 -0.000561041 -0.000547036 -0.000563004 -0.000556408 
0 -3.41037e-06 1.05068e-05 1.61926e-06 1.06513e-05 1.91522e-05 1.10475e-05 2.59234e-05 2.23612e-05 2.23085e-05 3.34829e-05 2.65303e-05 3.74721e-05 3.86644e-05 3.98845e-05 4.4652e-05 3.98698e-05 4.99441e-05 4.31488e-05 5.78763e-05 6.56761e-05 5.8659e-05 8.29574e-05 6.46485e-05 6.70719e-05 8.08752e-05 6.51374e-05 8.49051e-05 9.11705e-05 8.83807e-05 9.22205e-05 0.000102984 0.000105664 0.000120052 0.00015846 0.000172304 0.000220716 0.000288918 0.000395631 0.000567123 0.00080166 0.0011493 0.00160018 0.00221492 0.00304238 0.00410117 0.00538308 0.00696001 0.00887632 0.0110809 0.0135805 0.0163065 0.0191582 0.0219832 0.0245958 0.0267564 0.02827 0.0289476 0.0285972 0.027139 0.0245363 0.0208255 0.0161471 0.01077 0.00497893 -0.000863116 -0.0063896 -0.0113023 -0.015372 -0.0184124 -0.0203562 -0.0212501 -0.0211849 -0.0203283 -0.0189018 -0.0171136 -0.0151275 -0.0131241 -0.0112302 -0.00951051 -0.00799668 -0.00672906 -0.00568376 -0.00482272 -0.00411961 -0.00356506 -0.00311121 -0.00273278 -0.00241584 -0.00215111 -0.00191055 -0.00169933 -0.00151398 -0.0013425 -0.00116915 -0.00101425 -0.000875462 -0.000736095 -0.000585567 -0.000449458 -0.000324123 -0.000191007 -4.22164e-05 9.64089e-05 0.000231279 0.000379541 0.000546592 0.000710956 0.000885282 0.00108245 0.00130595 0.00154732 0.00183316 0.00217356 0.00257787 0.00306584 0.00368708 0.00445373 0.00538831 0.00652983 0.00791455 0.00951437 0.0113076 0.0132477 0.0152296 0.017085 0.0186611 0.0197604 0.0201574 0.0196638 0.0181675 0.0155908 0.0119623 0.00743271 0.00220608 -0.00344953 -0.00918114 -0.0146226 -0.0194754 -0.0234504 -0.0263721 -0.0281755 -0.0288757 -0.028523 -0.0272906 -0.0253578 -0.0229182 -0.0202011 -0.0174006 -0.0146776 -0.0121599 -0.00992596 -0.00795401 -0.00630555 -0.00497015 -0.00388337 -0.00300867 -0.00233835 -0.00184766 -0.00148149 -0.00122945 -0.00103761 -0.000920853 -0.00083319 -0.000772971 -0.000761378 -0.000734201 -0.000717606 -0.00071111 -0.000705821 -0.000690881 -0.000701538 -0.000705283 -0.000684138 -0.000700079 -0.000680203 -0.000671668 -0.000682281 -0.000667356 -0.000676931 -0.000672408 -0.000670454 -0.000668077 -0.000662643 -0.000668315 -0.000658703 -0.000667728 -0.000663683 -0.0006559 -0.000663382 -0.00064812 -0.000652191 -0.00065449 -0.000645513 -0.000657014 -0.000654083 -0.000653348 -0.000659695 -0.000649614 -0.000650089 
0 4.46214e-06 9.31375e-06 1.12062e-05 1.39089e-05 1.59021e-05 1.70013e-05 2.23612e-05 2.43855e-05 2.91106e-05 3.32944e-05 3.41737e-05 4.09833e-05 3.99145e-05 4.60881e-05 5.18841e-05 5.17856e-05 6.36851e-05 5.96217e-05 6.34972e-05 6.75471e-05 6.0924e-05 7.49389e-05 7.48559e-05 8.26569e-05 9.41196e-05 9.0105e-05 9.8463e-05 9.95909e-05 0.000102853 0.000112759 0.000122046 0.000127206 0.000142543 0.000163244 0.000190748 0.000261292 0.000343627 0.000473952 0.000675382 0.000947083 0.00134555 0.00189598 0.0026192 0.00355231 0.0047547 0.00624035 0.00806116 0.0102267 0.0127184 0.0155425 0.0186111 0.0217915 0.024923 0.0278111 0.0301872 0.0318423 0.0325584 0.0321373 0.0304833 0.027566 0.0234283 0.0182357 0.0122828 0.00586963 -0.000610893 -0.00676881 -0.0122688 -0.0168579 -0.0203178 -0.0225838 -0.0237021 -0.0237642 -0.0229339 -0.0214438 -0.0195201 -0.0173482 -0.0151387 -0.013025 -0.0110773 -0.00933641 -0.00787331 -0.00666101 -0.00565585 -0.00482189 -0.004163 -0.00362479 -0.00318205 -0.002809 -0.00249561 -0.00220923 -0.00196553 -0.00175466 -0.00155519 -0.00134809 -0.00116972 -0.00101579 -0.000855542 -0.000675078 -0.000517638 -0.000379892 -0.00022786 -4.96451e-05 0.000111526 0.000260943 0.000429618 0.000628585 0.000821107 0.00101917 0.00124451 0.00150917 0.00179536 0.00213178 0.00252855 0.00300664 0.00358696 0.00432656 0.00522485 0.00631215 0.00763393 0.00923475 0.0110587 0.0130738 0.0152265 0.0174097 0.0194267 0.0211029 0.0222187 0.0225363 0.0218662 0.020096 0.0171465 0.0130406 0.007955 0.00211637 -0.0041699 -0.0105276 -0.0165576 -0.021946 -0.0263769 -0.0296508 -0.0316885 -0.0324982 -0.0321434 -0.0308036 -0.0286825 -0.0259825 -0.0229695 -0.0198531 -0.0167994 -0.0139458 -0.0114043 -0.00918188 -0.00730215 -0.00575007 -0.00448357 -0.00349566 -0.00273552 -0.0021525 -0.00171968 -0.00142358 -0.0012037 -0.00106453 -0.000978579 -0.000906226 -0.000869775 -0.000842051 -0.000823772 -0.000816013 -0.000811333 -0.000799661 -0.000794659 -0.000789806 -0.000778823 -0.000787087 -0.000780193 -0.000780709 -0.000783501 -0.000770748 -0.000774751 -0.000767255 -0.000764434 -0.000767167 -0.000760256 -0.000761359 -0.000756559 -0.000753137 -0.000752244 -0.000750681 -0.00075192 -0.000751799 -0.000752479 -0.000751602 -0.000751121 -0.000745956 -0.000742609 -0.000741506 -0.000738399 -0.000743167 -0.000744112 
0 7.78522e-06 -1.65196e-06 1.4525e-05 1.4137e-05 1.35036e-05 2.95401e-05 2.23085e-05 2.91106e-05 3.72528e-05 3.13589e-05 4.32277e-05 4.5097e-05 4.45337e-05 5.40957e-05 5.45698e-05 5.73994e-05 6.38547e-05 6.88134e-05 7.02611e-05 7.7945e-05 8.41544e-05 8.05637e-05 9.20438e-05 9.35538e-05 9.21198e-05 0.000105485 0.00010493 0.000110289 0.000117717 0.000126138 0.000133514 0.000143235 0.000172744 0.000188315 0.000233108 0.000309793 0.000401144 0.000558231 0.000789996 0.00111524 0.00156194 0.00219434 0.00302223 0.00408344 0.00544627 0.00712744 0.00918184 0.011599 0.0143904 0.017523 0.0209055 0.0243911 0.0278013 0.0309282 0.033483 0.0352497 0.0359772 0.0354781 0.0336302 0.0304143 0.0258868 0.0202351 0.0137675 0.00680225 -0.000243307 -0.00697485 -0.0130157 -0.0180935 -0.021965 -0.024569 -0.0259362 -0.0261651 -0.0254122 -0.0239083 -0.0218927 -0.0195758 -0.0171902 -0.014871 -0.0127065 -0.0107453 -0.00908234 -0.00768978 -0.00653325 -0.00556199 -0.00478892 -0.00415558 -0.0036435 -0.00320891 -0.0028424 -0.00250819 -0.00223084 -0.00198972 -0.00176068 -0.00152242 -0.00132059 -0.0011463 -0.000964185 -0.000757964 -0.000579328 -0.000423651 -0.000251755 -4.82433e-05 0.000135591 0.00030484 0.000494859 0.000723115 0.000944827 0.00117123 0.00142598 0.00173316 0.00206812 0.00245984 0.00291637 0.00347729 0.00415943 0.0050231 0.00605818 0.00731055 0.00881863 0.0106305 0.0126684 0.0148935 0.0172322 0.0195784 0.0217145 0.0234418 0.0245203 0.0247133 0.0238354 0.0217673 0.0184419 0.0138787 0.00827458 0.00187335 -0.00497507 -0.0118898 -0.0184447 -0.0243097 -0.0291504 -0.0327507 -0.0350117 -0.0359292 -0.0355893 -0.034162 -0.0318834 -0.0289607 -0.0256824 -0.022267 -0.0189098 -0.0157527 -0.0129109 -0.0104323 -0.00831857 -0.00656996 -0.00513566 -0.00401923 -0.0031481 -0.00247554 -0.00198546 -0.00163788 -0.00138753 -0.00120855 -0.00110908 -0.00102725 -0.000975211 -0.000952853 -0.000929216 -0.000917397 -0.000906326 -0.000905844 -0.000895647 -0.000890358 -0.000894567 -0.000881619 -0.000881067 -0.000879567 -0.000871238 -0.00086941 -0.000868434 -0.000864746 -0.000859037 -0.000863511 -0.000855995 -0.000852225 -0.000859806 -0.00084664 -0.000851335 -0.000853355 -0.000839651 -0.000850976 -0.000840864 -0.000834222 -0.000847184 -0.000833582 -0.000841612 -0.000846376 -0.000832786 -0.000845493 -0.000835636 
0 -2.33135e-06 1.65052e-05 5.84514e-06 1.57698e-05 2.60958e-05 1.64526e-05 3.34829e-05 3.32944e-05 3.13589e-05 4.6935e-05 4.18179e-05 4.73601e-05 5.81894e-05 5.59452e-05 6.21559e-05 6.80708e-05 6.8329e-05 7.09709e-05 8.19024e-05 8.48274e-05 8.72195e-05 0.000103531 9.71551e-05 9.94503e-05 0.000114082 0.000105737 0.000118634 0.000131022 0.000131121 0.000137766 0.000149708 0.000165865 0.000177186 0.000228921 0.000278506 0.000341924 0.000474553 0.000650052 0.000914028 0.00128964 0.00182474 0.00251693 0.00343452 0.00465939 0.00618323 0.0080614 0.0103136 0.0130085 0.0160889 0.0195068 0.0231735 0.0269335 0.0306064 0.0339116 0.0366292 0.0384583 0.0391919 0.0385944 0.0365664 0.0330729 0.0281956 0.0221538 0.0152238 0.00779996 0.00024648 -0.00697399 -0.0135242 -0.0190384 -0.0233298 -0.0262744 -0.0279258 -0.0283587 -0.0277376 -0.0262786 -0.0242158 -0.0218128 -0.0192724 -0.0167834 -0.0144009 -0.0122506 -0.0103659 -0.00880225 -0.00746632 -0.00637183 -0.00545513 -0.00473547 -0.0041287 -0.00364266 -0.00320213 -0.00283412 -0.00250638 -0.00224159 -0.00196892 -0.00171465 -0.00147816 -0.0012866 -0.00107189 -0.000854368 -0.000645873 -0.000473948 -0.000272205 -5.76465e-05 0.000157599 0.000343796 0.000566737 0.000809661 0.00107226 0.00132066 0.00162064 0.00195665 0.00235903 0.00279596 0.00333544 0.00397025 0.00478316 0.00575766 0.00695696 0.00836651 0.0100878 0.0120839 0.0143428 0.0167466 0.0192604 0.0217152 0.023935 0.0256556 0.0266481 0.0266741 0.0255545 0.0231776 0.0194636 0.0144842 0.00838692 0.00149965 -0.00586043 -0.0132393 -0.0202716 -0.0265403 -0.0317542 -0.0356509 -0.038124 -0.0391623 -0.0388459 -0.0373743 -0.0349497 -0.0318683 -0.0283446 -0.0246629 -0.0210112 -0.0175847 -0.0144647 -0.011703 -0.00936068 -0.0074152 -0.00584339 -0.00455205 -0.0035646 -0.00282373 -0.00226747 -0.00185755 -0.00157 -0.00138219 -0.00122798 -0.00115193 -0.00110436 -0.00105979 -0.00103748 -0.00102213 -0.0010122 -0.000995345 -0.00100365 -0.000997484 -0.000982878 -0.000990122 -0.000976452 -0.000969582 -0.000973015 -0.000968209 -0.000963779 -0.000963559 -0.000962321 -0.000950591 -0.000955183 -0.000953806 -0.000942371 -0.000954886 -0.000944607 -0.000937137 -0.000948282 -0.000931222 -0.000937852 -0.000942107 -0.00092605 -0.000941856 -0.00093322 -0.000927347 -0.000941815 -0.000924324 -0.000932345 
0 9.4907e-06 6.56849e-06 1.8653e-05 1.93988e-05 1.80486e-05 2.99836e-05 2.65303e-05 3.41737e-05 4.32277e-05 4.18179e-05 5.22834e-05 5.4038e-05 5.86266e-05 6.22977e-05 6.83279e-05 7.67509e-05 7.5781e-05 9.30717e-05 8.5224e-05 8.79712e-05 0.000103137 8.60773e-05 0.0001126 0.000118568 0.000115418 0.000139403 0.000130366 0.000135694 0.000144686 0.000158262 0.000167316 0.000186942 0.000216718 0.000235406 0.000306829 0.000399805 0.000547726 0.00075666 0.00105524 0.00149035 0.00206284 0.00287462 0.00392882 0.00526098 0.00692853 0.00901752 0.0115306 0.0144459 0.0177934 0.0214832 0.0254292 0.0294356 0.0333028 0.0367753 0.0395973 0.0414824 0.0421693 0.0414842 0.0392701 0.0355298 0.0303499 0.0239667 0.0166615 0.00883457 0.000877025 -0.00679069 -0.0137643 -0.0197046 -0.0243809 -0.0276965 -0.0296418 -0.0303292 -0.0298869 -0.0285283 -0.0264814 -0.024033 -0.0213901 -0.0187371 -0.0161788 -0.0138292 -0.0117496 -0.00997896 -0.00848312 -0.0072294 -0.0061881 -0.00534487 -0.00466077 -0.00408828 -0.0035941 -0.00316756 -0.00280817 -0.00249087 -0.00219343 -0.00190737 -0.00165379 -0.00142026 -0.00118896 -0.00094846 -0.000726542 -0.000515381 -0.00029852 -6.15334e-05 0.000167967 0.000394869 0.000635187 0.000907654 0.00119161 0.00148897 0.00181698 0.00220507 0.002654 0.00316872 0.00377397 0.00451871 0.00544368 0.00656496 0.00790901 0.00951419 0.0114252 0.0136229 0.0160628 0.018648 0.0212883 0.0238222 0.0260623 0.0277286 0.0285827 0.0283938 0.0270129 0.0242953 0.0202148 0.0148222 0.00830729 0.000968194 -0.00680343 -0.0145979 -0.0220155 -0.0286445 -0.0341743 -0.0383417 -0.0410209 -0.0421687 -0.0419172 -0.0404132 -0.0379039 -0.0346595 -0.0309523 -0.0270391 -0.0231303 -0.0194178 -0.0160116 -0.0130383 -0.0104628 -0.00829007 -0.00652459 -0.00513385 -0.00403784 -0.0031786 -0.0025555 -0.00208626 -0.00176805 -0.00153898 -0.00139229 -0.001293 -0.00120733 -0.00117519 -0.00114631 -0.00112967 -0.00111568 -0.00111297 -0.00109338 -0.00107998 -0.00109374 -0.00106997 -0.00108219 -0.00108346 -0.00106358 -0.00107391 -0.0010596 -0.00105717 -0.00105779 -0.00105388 -0.0010523 -0.0010452 -0.00104669 -0.00103464 -0.00103804 -0.00103951 -0.0010303 -0.00104125 -0.00103434 -0.00103219 -0.0010366 -0.00102391 -0.00102616 -0.00102491 -0.00101832 -0.00102673 -0.00102546 
0 1.81886e-06 6.55228e-06 1.02013e-05 1.84249e-05 2.48566e-05 3.19824e-05 3.74721e-05 4.09833e-05 4.5097e-05 4.73601e-05 5.4038e-05 5.75743e-05 6.51165e-05 6.98331e-05 7.34151e-05 8.16742e-05 7.91716e-05 9.13618e-05 9.57891e-05 0.000101434 0.000118981 0.000112711 0.000124986 0.000124434 0.000120709 0.000138557 0.000136844 0.000153054 0.000164128 0.000168184 0.00018363 0.000204672 0.000235858 0.000285515 0.000366575 0.00045896 0.000626229 0.000866414 0.00120352 0.00170368 0.0023615 0.00324284 0.00439868 0.00588828 0.0077469 0.0100274 0.0127425 0.015913 0.0195358 0.023482 0.0276559 0.0318786 0.0359213 0.0395133 0.0424041 0.0442927 0.0449258 0.0441258 0.0417388 0.0377689 0.0323339 0.0256668 0.0180534 0.00990764 0.00161291 -0.00641523 -0.0137628 -0.0200753 -0.0251329 -0.0288107 -0.0310834 -0.0320531 -0.0318423 -0.0306355 -0.0286657 -0.0262252 -0.023516 -0.020734 -0.0180163 -0.0154905 -0.0132101 -0.0112386 -0.00956171 -0.00815113 -0.00696446 -0.0060012 -0.00521524 -0.00455843 -0.00399366 -0.00351891 -0.0031108 -0.00274587 -0.00241093 -0.00210614 -0.00182329 -0.00155311 -0.00129402 -0.00104355 -0.000798011 -0.000552741 -0.000309441 -6.27817e-05 0.000190866 0.000453197 0.000723973 0.00101348 0.00132987 0.00167083 0.00204421 0.0024743 0.00298473 0.00357356 0.00426859 0.00511952 0.00617665 0.00744135 0.00895237 0.0107482 0.0128589 0.0152377 0.0178473 0.0205808 0.0233179 0.0258796 0.0280823 0.0296381 0.0302994 0.0298593 0.0281772 0.0251158 0.0206621 0.0148975 0.00800321 0.000293111 -0.00782959 -0.0159539 -0.0236916 -0.0306156 -0.0364109 -0.0408173 -0.0436828 -0.0449585 -0.0447711 -0.0432724 -0.0407042 -0.0373571 -0.0334871 -0.0293593 -0.0252239 -0.0212769 -0.0176144 -0.0143725 -0.011575 -0.00922391 -0.00729579 -0.00573715 -0.00450841 -0.0035723 -0.00287786 -0.00234488 -0.00198037 -0.00171259 -0.00152437 -0.00141673 -0.00133724 -0.00128733 -0.00125355 -0.00123196 -0.00120957 -0.00120995 -0.00120334 -0.00119484 -0.00120017 -0.00117884 -0.00117867 -0.00117156 -0.00116099 -0.0011681 -0.00115722 -0.00115729 -0.00115274 -0.00114563 -0.00114552 -0.0011421 -0.00114337 -0.00114057 -0.00114002 -0.00113589 -0.00113217 -0.00112714 -0.00112071 -0.00112261 -0.00111897 -0.00112404 -0.00112633 -0.00112431 -0.00112848 -0.00111994 -0.00111927 
0 2.07628e-06 2.24277e-05 1.34213e-05 2.32936e-05 3.01738e-05 2.25549e-05 3.86644e-05 3.99145e-05 4.45337e-05 5.81894e-05 5.86266e-05 6.51165e-05 7.14066e-05 7.58852e-05 8.05974e-05 8.90179e-05 9.48625e-05 9.64721e-05 0.000107182 0.000107658 0.000111131 0.000123726 0.000126558 0.000136679 0.000147531 0.000153104 0.000157469 0.000165872 0.000178339 0.000181307 0.000205569 0.000232486 0.000251859 0.000318548 0.000401096 0.000517361 0.000718928 0.000995031 0.00137981 0.0019274 0.00267723 0.00365481 0.0049372 0.0065679 0.00859222 0.0110735 0.0140055 0.0174247 0.0212779 0.0254615 0.0298459 0.0342527 0.0384273 0.0420978 0.0450241 0.0468816 0.0474445 0.0465126 0.0439661 0.039796 0.0341545 0.0272615 0.0194148 0.0110283 0.0024709 -0.00583767 -0.0134984 -0.0201387 -0.0255615 -0.0295981 -0.0322255 -0.0335105 -0.0335794 -0.0325803 -0.0307542 -0.0283767 -0.0256477 -0.0227757 -0.0199267 -0.0172436 -0.0147713 -0.012602 -0.0107333 -0.00915795 -0.00781613 -0.00672671 -0.00582251 -0.00507333 -0.00442947 -0.00390513 -0.00343859 -0.00302379 -0.00264612 -0.00232429 -0.00200671 -0.00170056 -0.00140954 -0.00115142 -0.000878362 -0.000600538 -0.000326675 -7.2845e-05 0.000208323 0.000504758 0.000811248 0.0011156 0.00146805 0.00185324 0.00228105 0.00275371 0.00333184 0.00400045 0.00480126 0.00576466 0.00696324 0.00837909 0.010071 0.0120587 0.014366 0.0169134 0.019673 0.0225231 0.0253197 0.0278625 0.0299681 0.0313595 0.0317816 0.031057 0.0290439 0.025637 0.0208205 0.0147209 0.00750045 -0.00050453 -0.00890801 -0.0172863 -0.0252716 -0.0324316 -0.0384464 -0.0430615 -0.0460984 -0.0475173 -0.0474127 -0.0459589 -0.0433649 -0.0399517 -0.0359609 -0.0316655 -0.027322 -0.0231387 -0.0192468 -0.01576 -0.012743 -0.0101783 -0.00807667 -0.00636784 -0.00501785 -0.00398633 -0.00319632 -0.00260534 -0.00219155 -0.00190422 -0.00168543 -0.0015575 -0.00147077 -0.00139792 -0.00136947 -0.00134509 -0.00132313 -0.00131175 -0.0013015 -0.00129119 -0.00128161 -0.00128229 -0.00127626 -0.00127004 -0.00127096 -0.0012625 -0.00125747 -0.00125588 -0.00125206 -0.00124672 -0.00124533 -0.00124274 -0.00123156 -0.00123581 -0.00122763 -0.00121948 -0.00123373 -0.00122045 -0.00122622 -0.0012329 -0.00121197 -0.00122564 -0.00121334 -0.00120372 -0.00122148 -0.00120284 -0.00121653 
0 8.20365e-06 4.77141e-06 1.87114e-05 2.27072e-05 2.57134e-05 3.9488e-05 3.98845e-05 4.60881e-05 5.40957e-05 5.59452e-05 6.22977e-05 6.98331e-05 7.58852e-05 7.86513e-05 9.05796e-05 9.31704e-05 9.62523e-05 0.000115487 0.000109176 0.000119378 0.00013481 0.00012248 0.000142627 0.00014994 0.0001464 0.000166712 0.00017064 0.000175296 0.000187681 0.000208088 0.000221655 0.000249315 0.000302931 0.0003508 0.000449283 0.000601194 0.000816493 0.00112599 0.00156712 0.0021878 0.00299116 0.00408757 0.0055109 0.00727977 0.00947206 0.0121497 0.0153305 0.0189625 0.0230404 0.0274384 0.0320199 0.036569 0.0408267 0.0445537 0.0474558 0.0492653 0.0497108 0.0486492 0.0459338 0.0416009 0.0357887 0.0287249 0.0207244 0.0121587 0.00343042 -0.00509791 -0.0129841 -0.019927 -0.0256651 -0.0300705 -0.0330527 -0.0346932 -0.0350703 -0.0343374 -0.0327146 -0.0304508 -0.027757 -0.0248289 -0.0218914 -0.0190548 -0.0164219 -0.0140421 -0.0119937 -0.0102231 -0.00874026 -0.00749409 -0.00647906 -0.00560649 -0.00489771 -0.00429642 -0.00378428 -0.00329826 -0.00289384 -0.00253239 -0.00219493 -0.00183748 -0.00153011 -0.00124382 -0.000957769 -0.000633862 -0.00034454 -6.31266e-05 0.000230953 0.000576513 0.000903859 0.00124519 0.00161839 0.00206808 0.00253764 0.00307954 0.00371068 0.00448834 0.00538783 0.00649512 0.00782051 0.0094187 0.0112815 0.0134795 0.015954 0.0186722 0.0215422 0.0244824 0.0272836 0.0297625 0.0317073 0.0328745 0.0330184 0.0319652 0.029607 0.0258346 0.0206908 0.0142699 0.00680006 -0.00144773 -0.010041 -0.0186181 -0.0267655 -0.034107 -0.0402932 -0.0450774 -0.0482798 -0.0498319 -0.0498441 -0.0484444 -0.0458835 -0.0424152 -0.0383485 -0.0339225 -0.0294042 -0.0250009 -0.0208818 -0.0171947 -0.0139483 -0.0111785 -0.00888585 -0.00705344 -0.00557405 -0.00441379 -0.00355123 -0.00289773 -0.00242585 -0.00208577 -0.00186363 -0.00169804 -0.00158242 -0.00152665 -0.00147696 -0.00144605 -0.00142896 -0.00141936 -0.0013989 -0.00139272 -0.00139773 -0.00137474 -0.00138085 -0.00137795 -0.00135777 -0.00136584 -0.00135596 -0.00134775 -0.00135054 -0.00134403 -0.00133863 -0.00133575 -0.00133499 -0.00132751 -0.00133099 -0.00132915 -0.00131757 -0.00132525 -0.00131511 -0.00131018 -0.00132017 -0.00130651 -0.00131367 -0.00131688 -0.00130371 -0.001316 -0.00130728 
0 3.68726e-06 1.24594e-05 1.61861e-05 2.27956e-05 3.28927e-05 3.6419e-05 4.4652e-05 5.18841e-05 5.45698e-05 6.21559e-05 6.83279e-05 7.34151e-05 8.05974e-05 9.05796e-05 9.2654e-05 0.000100813 0.000111877 0.000105883 0.000124079 0.000131158 0.000130137 0.000156093 0.000149024 0.000155519 0.000168434 0.000165097 0.000181996 0.000193182 0.000211555 0.000218277 0.000243374 0.000277212 0.000314008 0.000406553 0.000515763 0.000681114 0.000919341 0.00127652 0.00177303 0.00244609 0.00338035 0.00456135 0.00608784 0.00802191 0.0104254 0.0132957 0.0166529 0.0205263 0.0248168 0.029422 0.0341376 0.0387977 0.0431227 0.046854 0.0497071 0.0514113 0.051748 0.0505187 0.0476643 0.04318 0.0372492 0.0300696 0.02198 0.0133176 0.00447543 -0.00417321 -0.0122454 -0.019416 -0.0254633 -0.0301998 -0.0335725 -0.0355723 -0.0363096 -0.035884 -0.0345302 -0.0324334 -0.0298268 -0.0269002 -0.0238978 -0.0209459 -0.0181546 -0.0155953 -0.0133409 -0.0113912 -0.00973465 -0.00834723 -0.00718116 -0.00620316 -0.00539325 -0.0047308 -0.00413891 -0.00360752 -0.0031463 -0.00276221 -0.00237656 -0.00199673 -0.00164718 -0.00134927 -0.00102401 -0.00068329 -0.000354098 -6.17894e-05 0.000271969 0.000637693 0.00101178 0.00137249 0.00179614 0.00228376 0.00282661 0.00342067 0.00413965 0.00500667 0.0060444 0.00727973 0.00876565 0.0105295 0.0125951 0.0149758 0.0176229 0.0204761 0.0234439 0.02642 0.029183 0.031544 0.0332692 0.0341651 0.0339798 0.0325864 0.0298448 0.0257337 0.0202624 0.0135884 0.00590014 -0.00249185 -0.011224 -0.0199122 -0.028164 -0.0356229 -0.0419327 -0.0468632 -0.0502023 -0.0519213 -0.0520413 -0.0507463 -0.0482358 -0.0447841 -0.0406558 -0.0361211 -0.0314679 -0.0268868 -0.0225737 -0.0186254 -0.0151827 -0.0122404 -0.00977193 -0.00774215 -0.00613181 -0.0048957 -0.00392046 -0.00320543 -0.00267155 -0.0022909 -0.00201931 -0.00184329 -0.00173528 -0.00163952 -0.00159417 -0.00155499 -0.0015313 -0.00151657 -0.00151157 -0.0015064 -0.00148429 -0.00149146 -0.00147219 -0.00146368 -0.00147313 -0.00145471 -0.00145767 -0.00145328 -0.00144161 -0.00144046 -0.00143764 -0.00143468 -0.00143003 -0.00143181 -0.00142395 -0.00142111 -0.00142149 -0.00141033 -0.00141369 -0.00141107 -0.00140551 -0.00141243 -0.00140716 -0.00140615 -0.00141008 -0.00140215 -0.00140343 
0 1.09532e-05 1.54334e-05 2.64304e-05 2.68842e-05 3.22671e-05 3.74603e-05 3.98698e-05 5.17856e-05 5.73994e-05 6.80708e-05 7.67509e-05 8.16742e-05 8.90179e-05 9.31704e-05 0.000100813 0.000107074 0.000117699 0.000122483 0.000131831 0.000138711 0.000136939 0.000153861 0.000154131 0.000169673 0.000187688 0.000185596 0.0002068 0.000204884 0.000216181 0.00024099 0.00026202 0.000306032 0.000359236 0.00044265 0.00056177 0.000765069 0.00104441 0.00144406 0.00200722 0.00274463 0.00375594 0.00506352 0.00674561 0.0088369 0.011389 0.0144545 0.0180474 0.0221315 0.026594 0.0313631 0.0362191 0.0409527 0.0452989 0.0489937 0.0517612 0.053345 0.0535329 0.0521399 0.0491414 0.0445464 0.0385254 0.0312938 0.0231758 0.0144861 0.00560671 -0.00309559 -0.0112804 -0.0186385 -0.0249426 -0.0300072 -0.0337588 -0.0361491 -0.0372658 -0.0372062 -0.0361646 -0.0342974 -0.0318312 -0.0289634 -0.0259343 -0.0228948 -0.0199722 -0.0172433 -0.0147912 -0.0126506 -0.0108212 -0.00927057 -0.00795297 -0.00685002 -0.0059398 -0.00518944 -0.00452357 -0.00393403 -0.00342406 -0.00299315 -0.00256956 -0.00215904 -0.00177924 -0.001447 -0.00109356 -0.00072883 -0.000373 -4.74442e-05 0.00031577 0.000709801 0.00111778 0.00152087 0.0019875 0.00252528 0.00313262 0.00380394 0.00460914 0.00558496 0.0067597 0.00814607 0.00979175 0.0117367 0.0140001 0.0165613 0.0193577 0.0223255 0.0253584 0.0283223 0.030996 0.0331806 0.0346412 0.0352067 0.0346669 0.0328976 0.0297767 0.0253209 0.0195667 0.0126715 0.00483497 -0.00364168 -0.0124342 -0.021169 -0.0294605 -0.0369746 -0.0433742 -0.0484111 -0.0518853 -0.0537603 -0.0540292 -0.052857 -0.0504347 -0.0470204 -0.0428813 -0.0382945 -0.0335118 -0.0287554 -0.0242683 -0.0201384 -0.0164732 -0.0133075 -0.0106646 -0.00849579 -0.00675281 -0.00537777 -0.00430497 -0.00352199 -0.00292663 -0.00251017 -0.002215 -0.00199995 -0.00185978 -0.00176868 -0.00171433 -0.00166957 -0.00165385 -0.00162157 -0.00160543 -0.00160036 -0.00158014 -0.0015888 -0.00157745 -0.00157103 -0.00156923 -0.00155536 -0.00155483 -0.0015495 -0.00154758 -0.00154253 -0.00153862 -0.00153241 -0.00152501 -0.00152206 -0.00151323 -0.00151661 -0.00151399 -0.00151384 -0.00151766 -0.00150912 -0.00151108 -0.00150295 -0.00149813 -0.00149952 -0.00149258 -0.0015001 -0.00149859 
0 8.31364e-06 7.74466e-07 2.17124e-05 2.34589e-05 3.39236e-05 5.15082e-05 4.99441e-05 6.36851e-05 6.38547e-05 6.8329e-05 7.5781e-05 7.91716e-05 9.48625e-05 9.62523e-05 0.000111877 0.000117699 0.000117912 0.000137426 0.000135075 0.000147922 0.000161705 0.000163686 0.000173962 0.000179349 0.000186659 0.000188253 0.000211549 0.000222837 0.000232126 0.00027229 0.00028403 0.000327359 0.000406208 0.000493813 0.000645873 0.000867934 0.00117563 0.00161432 0.0022386 0.00307107 0.00417182 0.00560192 0.00740722 0.00967098 0.0124135 0.0156765 0.0194758 0.0237409 0.0283932 0.0333039 0.0382634 0.0430247 0.0473623 0.0509891 0.0536289 0.0550638 0.0550696 0.0535149 0.0503688 0.0456905 0.03961 0.0323833 0.0242928 0.0156421 0.00679931 -0.00189179 -0.0101195 -0.017615 -0.0241238 -0.0294995 -0.033612 -0.0364097 -0.0379239 -0.0382756 -0.0375847 -0.0360047 -0.0337342 -0.0309828 -0.02797 -0.0248772 -0.0218517 -0.0189689 -0.0163318 -0.0139961 -0.0119908 -0.0102591 -0.00878761 -0.00754561 -0.00652915 -0.00566806 -0.0049291 -0.00427309 -0.00371625 -0.0032197 -0.00276315 -0.00231777 -0.00191411 -0.00153096 -0.00115515 -0.000763064 -0.000388292 -1.31074e-05 0.000374944 0.000801657 0.00123637 0.0016998 0.0022087 0.00280517 0.00347356 0.00424353 0.00514142 0.00624137 0.00755458 0.00911087 0.0109216 0.0130568 0.0155093 0.018242 0.0211638 0.0242186 0.0272777 0.0301781 0.0327068 0.0346557 0.0358078 0.0359925 0.0350701 0.0328975 0.0294034 0.0246071 0.0186104 0.0115336 0.00361231 -0.00489213 -0.0136725 -0.0223906 -0.0306634 -0.038175 -0.0446247 -0.0497345 -0.0533404 -0.0553612 -0.0558011 -0.0547677 -0.0524758 -0.0491304 -0.0450044 -0.04039 -0.0355215 -0.0306391 -0.0259673 -0.0216566 -0.0177895 -0.0144456 -0.011618 -0.00927648 -0.0073957 -0.0058974 -0.00474456 -0.00387164 -0.00320857 -0.00272855 -0.00240073 -0.00216356 -0.0019959 -0.0019069 -0.0018226 -0.00177024 -0.00175569 -0.00172443 -0.00171673 -0.00171046 -0.00169756 -0.00168586 -0.00167933 -0.00167438 -0.00166032 -0.00166537 -0.00165336 -0.00164438 -0.00164538 -0.00163105 -0.00163207 -0.00162582 -0.00162825 -0.00162693 -0.00162052 -0.00162548 -0.00160566 -0.00160968 -0.00160371 -0.00158998 -0.00160965 -0.00159287 -0.00160163 -0.00161075 -0.00158844 -0.00160785 -0.00159134 
