0 0 0 0 0 0 0 0 0 0 0 0 0 0 0 0 0 0 0 0 0 0 0 0 0 0 0 0 0 0 0 0 0 0 0 0 0 0 0 0 0 0 0 0 0 0 0 0 0 0 0 0 0 0 0 0 0 0 0 0 0 0 0 0 0 0 0 0 0 0 0 0 0 0 0 0 0 0 0 0 0 0 0 0 0 0 0 0 0 0 0 0 0 0 0 0 0 0 0 0 0 0 0 0 0 0 0 0 0 0 0 0 0 0 0 0 0 0 0 0 0 0 0 0 0 0 0 0 0 0 0 0 0 0 0 0 0 0 0 0 0 0 0 0 0 0 0 0 0 0 0 0 0 0 0 0 0 0 0 0 0 0 0 0 0 0 0 0 0 0 0 0 0 0 0 0 0 0 0 0 0 0 0 0 0 0 0 0 0 0 0 0 0 0 0 0 0 0 0 0 
0 -1.85675e-06 4.29215e-06 -1.77516e-07 1.29256e-06 4.76056e-06 -2.02608e-06 4.53139e-06 4.03728e-06 -1.17488e-06 9.53476e-06 4.37998e-07 1.28777e-06 1.013e-05 -4.00587e-06 1.00146e-05 1.02575e-05 1.31022e-06 1.81411e-05 3.68794e-06 3.77293e-06 9.90579e-06 -4.84832e-07 8.14393e-06 1.03712e-05 1.24218e-05 9.39414e-06 1.45539e-05 1.11935e-05 6.38524e-06 2.25011e-05 1.4637e-05 2.3247e-05 2.65423e-05 3.08806e-05 4.61109e-05 6.313e-05 0.000114221 0.000147679 0.000215806 0.000309857 0.000420092 0.00057375 0.000771631 0.00101067 0.00126396 0.00160483 0.00198371 0.00239583 0.00282569 0.00324899 0.00365379 0.0039752 0.00419481 0.00426086 0.00419576 0.003936 0.00350282 0.00290114 0.00214612 0.00128473 0.000374568 -0.000510075 -0.00134174 -0.0020312 -0.00259019 -0.00297435 -0.00318918 -0.00321683 -0.0031182 -0.0029073 -0.00263036 -0.00232864 -0.00201387 -0.00170389 -0.00142006 -0.00119973 -0.00100283 -0.000846277 -0.000709507 -0.000615187 -0.000527045 -0.000476392 -0.000420704 -0.000375178 -0.000327058 -0.000312624 -0.000284278 -0.000252401 -0.0002194 -0.00021432 -0.000195123 -0.00016929 -0.000144924 -0.000141328 -0.000125424 -0.000103108 -8.37612e-05 -7.99548e-05 -6.46953e-05 -4.35208e-05 -2.62293e-05 -2.26159e-05 -5.84146e-06 1.66957e-05 3.4411e-05 3.73557e-05 5.82929e-05 8.44915e-05 0.00010532 0.000109084 0.000137672 0.000169498 0.000198487 0.000210315 0.000252711 0.000295384 0.000347469 0.000391391 0.000469817 0.000552318 0.000674593 0.000814891 0.000995067 0.00119338 0.00145638 0.00175046 0.00205953 0.00235937 0.00264886 0.00288435 0.0030254 0.00305219 0.00290647 0.00259214 0.00210255 0.00147801 0.000700128 -0.000146354 -0.00103975 -0.00190273 -0.00268396 -0.00332009 -0.00380341 -0.00411652 -0.00423604 -0.00421479 -0.0040409 -0.0037635 -0.00338473 -0.00297186 -0.0025419 -0.00214434 -0.00176602 -0.00140805 -0.00113497 -0.000897998 -0.00070206 -0.000533562 -0.000419383 -0.000317024 -0.000243318 -0.000206566 -0.000163502 -0.000143739 -0.000115924 -0.000113246 -0.000103786 -9.55972e-05 -0.00010602 -9.31403e-05 -9.25583e-05 -9.09471e-05 -9.2128e-05 -8.83736e-05 -9.56067e-05 -0.000100254 -8.65937e-05 -0.000101446 -8.94387e-05 -8.50221e-05 -9.91825e-05 -8.32224e-05 -9.29802e-05 -9.40357e-05 -8.38616e-05 -9.30393e-05 -8.70303e-05 -8.70441e-05 -9.2347e-05 -8.93873e-05 -9.17969e-05 -9.17057e-05 -8.90561e-05 -8.80865e-05 -8.689e-05 -8.61853e-05 -8.72652e-05 -8.92773e-05 -8.84159e-05 
0 4.29215e-06 -5.65344e-06 6.33416e-06 8.58513e-07 -1.9699e-07 1.20716e-05 -1.61713e-06 8.66379e-06 9.51044e-06 -1.29521e-06 1.70953e-05 5.93046e-06 9.27301e-06 1.90372e-05 2.66672e-06 1.28325e-05 8.28502e-06 5.77039e-06 1.55199e-05 1.60218e-05 2.32971e-05 1.89012e-05 2.50625e-05 1.63412e-05 1.02018e-05 2.63033e-05 1.3135e-05 2.25172e-05 3.44886e-05 1.76931e-05 2.70217e-05 4.28614e-05 4.55622e-05 7.23969e-05 0.000116127 0.000143913 0.000204464 0.00031157 0.000436175 0.000617612 0.000861556 0.00115458 0.00152526 0.00198753 0.00256177 0.00322312 0.00394785 0.00476678 0.00565105 0.00651188 0.00728048 0.00793209 0.00836217 0.00851713 0.00836327 0.00785124 0.00698814 0.00578764 0.00429192 0.00256646 0.000771473 -0.00100823 -0.00264464 -0.00404063 -0.0051415 -0.00592323 -0.00634616 -0.00641677 -0.00622444 -0.00580854 -0.00526834 -0.00465924 -0.0040441 -0.003414 -0.00286493 -0.00240281 -0.00202491 -0.00169248 -0.00143514 -0.00122628 -0.00106523 -0.000945768 -0.000845584 -0.000743269 -0.000658118 -0.000616751 -0.000565186 -0.00049848 -0.000437566 -0.000421141 -0.000382773 -0.000333733 -0.000284962 -0.000276411 -0.000241342 -0.00020241 -0.000160577 -0.0001543 -0.000119117 -8.36107e-05 -4.49257e-05 -3.92875e-05 -1.59049e-06 3.71215e-05 7.56098e-05 8.20476e-05 0.000125424 0.000173739 0.00021542 0.000227718 0.00028149 0.000345738 0.000398735 0.000432606 0.000507536 0.000601091 0.000693992 0.000797136 0.000938451 0.0011209 0.0013485 0.00164623 0.00198834 0.00240589 0.00291152 0.00351045 0.00411051 0.0047187 0.00528037 0.00574923 0.00602252 0.00606505 0.00577579 0.00513771 0.00417418 0.00291086 0.0013824 -0.000320204 -0.00207652 -0.00380466 -0.00534583 -0.00662159 -0.00757482 -0.00819003 -0.00844873 -0.00840151 -0.00806256 -0.00747777 -0.00676193 -0.00595364 -0.00509493 -0.00426047 -0.00352131 -0.00286408 -0.00228772 -0.00179436 -0.00139371 -0.00109065 -0.000835715 -0.000640688 -0.000510003 -0.000392511 -0.00030905 -0.000277524 -0.000246063 -0.000215547 -0.00021499 -0.000203026 -0.000182989 -0.000198057 -0.000194724 -0.000188517 -0.000199021 -0.000186692 -0.000183095 -0.000180036 -0.000180864 -0.000181152 -0.000180318 -0.000190618 -0.000177789 -0.000183362 -0.000184918 -0.000172866 -0.000187716 -0.00018018 -0.00017938 -0.000185863 -0.000174122 -0.000177473 -0.000175485 -0.000173161 -0.000177972 -0.000178745 -0.000180857 -0.000180501 -0.000180083 -0.000177913 -0.000176913 
0 -1.77516e-07 6.33416e-06 2.12672e-06 4.29713e-06 8.5308e-06 1.90352e-06 9.1052e-06 1.00851e-05 4.65755e-06 1.69878e-05 8.59507e-06 8.59396e-06 2.0307e-05 5.18206e-06 2.09991e-05 2.42403e-05 1.33862e-05 3.3919e-05 1.78093e-05 1.67353e-05 2.55545e-05 1.27773e-05 2.51806e-05 2.92654e-05 3.1941e-05 3.16107e-05 3.64491e-05 3.40275e-05 3.16688e-05 5.14249e-05 4.79732e-05 6.59847e-05 7.82786e-05 0.00010155 0.000148 0.000207791 0.000331826 0.000460616 0.000660742 0.000937525 0.00128412 0.00174084 0.00232238 0.00302714 0.00383128 0.0048277 0.00594702 0.00717193 0.00845443 0.00971646 0.0108908 0.0118426 0.0124798 0.0126914 0.0124695 0.0117047 0.0104185 0.00863325 0.00640539 0.00386298 0.00118285 -0.00144687 -0.00389269 -0.00596292 -0.0076211 -0.00878139 -0.00942849 -0.00955282 -0.00928025 -0.00868221 -0.00788389 -0.00699309 -0.00606527 -0.00514902 -0.00431727 -0.00363553 -0.00304968 -0.00256759 -0.002165 -0.00186173 -0.00160764 -0.00143397 -0.00127152 -0.00112856 -0.000998726 -0.000932952 -0.000850671 -0.00075752 -0.000670609 -0.000635989 -0.000579816 -0.000508109 -0.000442803 -0.000416911 -0.00036999 -0.000309645 -0.000256239 -0.000232561 -0.0001876 -0.000130948 -8.22806e-05 -5.9247e-05 -1.07954e-05 4.95553e-05 9.95929e-05 0.000123364 0.000181674 0.000253085 0.00031176 0.000342176 0.000419292 0.000510191 0.00059212 0.000649519 0.000764441 0.000896458 0.00104643 0.00119871 0.00142298 0.0016896 0.00204872 0.0024815 0.00301441 0.00363304 0.00440491 0.0052767 0.00618593 0.00707742 0.0079139 0.0085902 0.00898882 0.00902958 0.00858283 0.00763095 0.00617765 0.00429786 0.0020094 -0.000510125 -0.00313999 -0.00569026 -0.00798974 -0.00988222 -0.0113111 -0.0122321 -0.0126121 -0.012543 -0.0120407 -0.0112071 -0.0101109 -0.00889235 -0.00762597 -0.00642113 -0.00529578 -0.00426649 -0.0034244 -0.00270743 -0.00211417 -0.0016269 -0.00126359 -0.000965617 -0.000750445 -0.000612615 -0.000492753 -0.000425239 -0.000361045 -0.000335887 -0.000314236 -0.000296775 -0.000302514 -0.000285932 -0.000281535 -0.000277302 -0.000279235 -0.000273076 -0.000282656 -0.000287475 -0.000270839 -0.000288076 -0.000271813 -0.00026739 -0.000282445 -0.000263492 -0.000275438 -0.000274749 -0.000263265 -0.000273033 -0.000265318 -0.000265754 -0.000271846 -0.000268583 -0.000271465 -0.000271405 -0.000267135 -0.000266026 -0.000264153 -0.000262625 -0.00026311 -0.0002635 -0.000266644 
0 1.29256e-06 8.58513e-07 4.29713e-06 5.24834e-06 6.99393e-06 9.6303e-06 9.33058e-06 1.26619e-05 1.24674e-05 1.40491e-05 1.74201e-05 1.62652e-05 2.12357e-05 2.01267e-05 2.06783e-05 2.38689e-05 2.02432e-05 2.69498e-05 2.71973e-05 3.00942e-05 3.70065e-05 3.30068e-05 3.82577e-05 3.63957e-05 3.50595e-05 4.10558e-05 4.09783e-05 4.57026e-05 5.13162e-05 5.5288e-05 6.26223e-05 8.28053e-05 0.000105382 0.000147066 0.000213925 0.000297813 0.000436905 0.00062973 0.000896643 0.00126319 0.00173736 0.00234192 0.00310104 0.00403255 0.00514458 0.0064537 0.00792488 0.00954166 0.0112459 0.0129188 0.0144453 0.0156938 0.0165238 0.0168146 0.0164962 0.0154886 0.0137883 0.0114326 0.00850242 0.0051615 0.00164096 -0.00183118 -0.00504392 -0.00779898 -0.00999286 -0.011546 -0.0124158 -0.012624 -0.0122892 -0.0115319 -0.0105022 -0.00933423 -0.00811453 -0.00691061 -0.00581835 -0.00489307 -0.0041125 -0.00345902 -0.00292534 -0.00250362 -0.0021703 -0.00191876 -0.00170369 -0.00150829 -0.00134655 -0.00123823 -0.00112994 -0.00100837 -0.000903131 -0.00083894 -0.000765277 -0.000674532 -0.000595002 -0.000546067 -0.000484804 -0.000409444 -0.000343265 -0.000299706 -0.00024139 -0.000171019 -0.000109909 -6.72413e-05 -5.2578e-06 6.95456e-05 0.000132766 0.000178777 0.000251789 0.0003409 0.000415408 0.000473771 0.000568749 0.00068535 0.000790409 0.000886862 0.0010302 0.00120853 0.00140432 0.00162566 0.00191775 0.00228892 0.00276352 0.00335002 0.00405681 0.00490014 0.00591475 0.00706203 0.00825568 0.00942994 0.0105116 0.0113769 0.0118789 0.0118914 0.0112825 0.0100052 0.00808167 0.00557611 0.0025696 -0.000759113 -0.00421173 -0.00756425 -0.0105831 -0.0130825 -0.0149645 -0.0161743 -0.0167002 -0.0166066 -0.0159527 -0.0148479 -0.0134291 -0.0118313 -0.0101624 -0.00854917 -0.00706396 -0.0057348 -0.0045935 -0.00362697 -0.00283207 -0.00219571 -0.00169707 -0.00130679 -0.0010207 -0.000809098 -0.000654205 -0.000560684 -0.000490503 -0.00044704 -0.00042191 -0.000401448 -0.000389869 -0.000386251 -0.000382531 -0.000378749 -0.000380824 -0.00037253 -0.000371562 -0.000369906 -0.000364158 -0.000369303 -0.000364855 -0.000366012 -0.0003664 -0.000361559 -0.000364182 -0.000360813 -0.000361354 -0.0003621 -0.000359725 -0.0003603 -0.00035757 -0.000356194 -0.000355243 -0.000354469 -0.000355156 -0.000355407 -0.000356106 -0.000357535 -0.000358156 -0.000355725 -0.00035416 
0 4.76056e-06 -1.9699e-07 8.5308e-06 6.99393e-06 5.35355e-06 1.54974e-05 9.13728e-06 1.42111e-05 2.01356e-05 1.17655e-05 2.40742e-05 2.22027e-05 1.90796e-05 3.3134e-05 2.30993e-05 2.86264e-05 3.54525e-05 2.61234e-05 3.79693e-05 3.79689e-05 3.7832e-05 4.44012e-05 4.44722e-05 4.57618e-05 4.48958e-05 5.48702e-05 5.04508e-05 5.74092e-05 7.0309e-05 6.48869e-05 8.56937e-05 0.000104223 0.000134541 0.00018769 0.000269054 0.000387947 0.000549258 0.000807961 0.00114258 0.00159778 0.00220115 0.00296189 0.00391093 0.00506673 0.0064735 0.00808726 0.00991571 0.0119154 0.0140116 0.0160717 0.0179341 0.0194623 0.0204662 0.0208258 0.0204062 0.0191638 0.0170637 0.0141588 0.0105619 0.0064665 0.00214879 -0.00212767 -0.00607406 -0.00949699 -0.0122166 -0.0141615 -0.0152655 -0.0155835 -0.0152151 -0.0143304 -0.0130986 -0.0116734 -0.0101784 -0.00870387 -0.00736114 -0.00618961 -0.00521154 -0.00438376 -0.00371631 -0.00317128 -0.00275602 -0.00241895 -0.00214798 -0.00190159 -0.00170967 -0.00155149 -0.00141497 -0.00126915 -0.00114832 -0.00104822 -0.000955584 -0.000849851 -0.000758116 -0.00068098 -0.000604567 -0.000517543 -0.000439803 -0.000371991 -0.000300054 -0.00021904 -0.00014613 -7.93891e-05 -4.07242e-06 8.1721e-05 0.000157967 0.00023163 0.000318641 0.000421242 0.000512035 0.000605217 0.000717023 0.00085508 0.000984595 0.00112814 0.00129989 0.00152331 0.0017679 0.00206669 0.00243057 0.00291243 0.00350681 0.00425169 0.00513698 0.00621172 0.00746415 0.00887426 0.0103391 0.011781 0.013083 0.0141083 0.0146858 0.0146427 0.0138559 0.0122494 0.00986023 0.00673897 0.00304034 -0.00106627 -0.00530465 -0.00941993 -0.0131228 -0.0162081 -0.0185297 -0.0200208 -0.0206929 -0.0205787 -0.0197901 -0.0184336 -0.0167033 -0.0147344 -0.0126879 -0.0106862 -0.0088401 -0.00720397 -0.00576595 -0.00456131 -0.00356663 -0.00277633 -0.00213744 -0.00165443 -0.00129709 -0.00101981 -0.000835498 -0.000706035 -0.000624757 -0.00056026 -0.000529357 -0.000508801 -0.000483071 -0.00048624 -0.000476738 -0.000471829 -0.000471243 -0.000468127 -0.000463894 -0.000459256 -0.000466314 -0.000455176 -0.000459519 -0.000462711 -0.000448981 -0.000459745 -0.000452784 -0.000447918 -0.000456948 -0.000447025 -0.000449902 -0.000451148 -0.000444243 -0.000448052 -0.000445682 -0.000444207 -0.000447109 -0.000445665 -0.000444286 -0.000443553 -0.000443082 -0.000442867 -0.000443501 
0 -2.02608e-06 1.20716e-05 1.90352e-06 9.6303e-06 1.54974e-05 4.8383e-06 2.12128e-05 1.4972e-05 1.49767e-05 3.07273e-05 1.57477e-05 2.82905e-05 3.0681e-05 2.14843e-05 4.00351e-05 3.42971e-05 3.92021e-05 4.68526e-05 4.16063e-05 4.386e-05 4.16351e-05 4.90383e-05 4.47097e-05 5.71133e-05 6.67692e-05 5.43497e-05 7.40297e-05 6.98758e-05 6.7336e-05 9.58389e-05 0.000106393 0.000126847 0.000173283 0.000232675 0.000316137 0.000474191 0.000695298 0.000983608 0.00140312 0.00195518 0.00267106 0.00359384 0.00474979 0.0061514 0.00779565 0.00972405 0.0119219 0.0142971 0.0167428 0.0191537 0.0213588 0.0231293 0.0242987 0.0246937 0.0241894 0.0227097 0.0202284 0.0168015 0.0125736 0.00778508 0.00270568 -0.00231097 -0.00697319 -0.011022 -0.0142728 -0.0165949 -0.0179596 -0.0184075 -0.0180447 -0.0170709 -0.0156661 -0.0140176 -0.012258 -0.0105446 -0.00894553 -0.00754532 -0.00634763 -0.0053589 -0.00453434 -0.00387875 -0.00335832 -0.00294353 -0.00259764 -0.00231309 -0.00207829 -0.00187482 -0.00169934 -0.00153802 -0.00139709 -0.00126143 -0.00114574 -0.00102837 -0.000924809 -0.000816527 -0.00072539 -0.000626229 -0.000539739 -0.000442959 -0.000360113 -0.00026654 -0.00018499 -8.91641e-05 -3.34655e-06 9.43261e-05 0.000182108 0.000287267 0.000387506 0.000501085 0.000610437 0.000739501 0.000871924 0.00102384 0.00118598 0.00137353 0.00158528 0.00184204 0.00215163 0.00252077 0.00297859 0.00355926 0.0042961 0.00518644 0.00627386 0.00756414 0.00906542 0.010708 0.0124393 0.0141155 0.0156159 0.0167612 0.0173791 0.0172544 0.016263 0.0143337 0.0114704 0.00776791 0.00338914 -0.00143487 -0.00643016 -0.0112458 -0.0156002 -0.0192332 -0.0219801 -0.0237524 -0.0245543 -0.0244359 -0.0235183 -0.0219635 -0.019914 -0.0175895 -0.0151905 -0.012847 -0.0106383 -0.00865745 -0.00695829 -0.00552395 -0.00433243 -0.00335788 -0.00260189 -0.00201689 -0.0015644 -0.00125645 -0.00103138 -0.000857388 -0.000749423 -0.000687078 -0.00063253 -0.000605431 -0.000603519 -0.000573455 -0.00056785 -0.000569404 -0.000552994 -0.000561696 -0.00056149 -0.00055973 -0.000556049 -0.000554931 -0.000552007 -0.000541557 -0.000553339 -0.000542949 -0.000542205 -0.000550765 -0.000533156 -0.000542135 -0.000538956 -0.000532095 -0.000543586 -0.000536132 -0.000538653 -0.000539165 -0.000531907 -0.000534623 -0.000531622 -0.00053002 -0.000531301 -0.000530939 -0.000532473 
0 4.53139e-06 -1.61713e-06 9.1052e-06 9.33058e-06 9.13728e-06 2.12128e-05 1.50812e-05 1.99681e-05 2.82784e-05 1.82621e-05 3.14182e-05 3.38378e-05 2.66813e-05 4.57936e-05 3.43265e-05 3.49165e-05 4.92127e-05 3.32545e-05 5.19039e-05 5.81397e-05 5.4041e-05 7.02535e-05 6.32608e-05 6.30077e-05 6.36429e-05 6.96369e-05 7.20313e-05 8.1744e-05 9.75299e-05 9.59602e-05 0.000123221 0.000149229 0.000205113 0.000285799 0.000404989 0.000589349 0.000816025 0.00118917 0.00167864 0.00232388 0.00318238 0.00425986 0.00558658 0.00720622 0.00917488 0.0114001 0.013911 0.0166285 0.0194479 0.022209 0.0246803 0.0266818 0.0279889 0.0284365 0.0278172 0.0261134 0.0232661 0.0193517 0.0145454 0.00909949 0.0033372 -0.00238919 -0.00770288 -0.0123733 -0.0161191 -0.0188396 -0.0204678 -0.0210833 -0.0207638 -0.0197418 -0.018209 -0.0163574 -0.0143761 -0.0124225 -0.0105993 -0.00895013 -0.00755329 -0.00637081 -0.00540698 -0.0046109 -0.00399804 -0.00347672 -0.00306907 -0.00272671 -0.00245874 -0.00219539 -0.00198815 -0.00180265 -0.00164543 -0.0014708 -0.00133235 -0.0012024 -0.00108489 -0.000948973 -0.000838537 -0.000730985 -0.00062978 -0.000510924 -0.000410502 -0.000309915 -0.000212521 -9.48571e-05 7.53097e-06 0.000112527 0.000217528 0.000349517 0.000465869 0.000589625 0.00071869 0.000884845 0.00103532 0.00120694 0.00139564 0.00163823 0.00188139 0.00218728 0.00254851 0.0030124 0.00355161 0.00425789 0.00511811 0.00618481 0.00745377 0.00898158 0.0106993 0.0125806 0.0145344 0.0164311 0.0180831 0.0193144 0.0199289 0.0196876 0.0184802 0.016207 0.0128979 0.00861662 0.00361695 -0.00189869 -0.00756752 -0.0130482 -0.0179938 -0.0221463 -0.0252863 -0.0273187 -0.0282749 -0.0281557 -0.0271311 -0.0253549 -0.0230662 -0.0204328 -0.0176836 -0.014965 -0.0124364 -0.0101906 -0.00818556 -0.00649655 -0.00510403 -0.00398633 -0.00307901 -0.00239879 -0.00187649 -0.00147082 -0.0012087 -0.00101113 -0.000893506 -0.000802219 -0.000748206 -0.000715587 -0.000681926 -0.000680906 -0.000672516 -0.000669282 -0.000661287 -0.000661151 -0.000647591 -0.000640022 -0.000652576 -0.000633123 -0.000646289 -0.000647052 -0.000629136 -0.000645305 -0.00063161 -0.000629586 -0.0006409 -0.000628545 -0.000633687 -0.000633301 -0.000622215 -0.000625751 -0.000622089 -0.000618966 -0.000624834 -0.000621567 -0.00062522 -0.000628462 -0.000623008 -0.000625623 -0.00061988 
0 4.03728e-06 8.66379e-06 1.00851e-05 1.26619e-05 1.42111e-05 1.4972e-05 1.99681e-05 2.14047e-05 2.60604e-05 2.95744e-05 3.0504e-05 3.67148e-05 3.50357e-05 4.14209e-05 4.54487e-05 4.64414e-05 5.7611e-05 5.27115e-05 5.89109e-05 5.94742e-05 5.38266e-05 6.72854e-05 6.35114e-05 7.46896e-05 8.46621e-05 8.1595e-05 9.31232e-05 9.52658e-05 0.000103045 0.000122686 0.000149827 0.000182002 0.000245141 0.000333927 0.000464328 0.000685748 0.000978752 0.00139992 0.00197151 0.00271853 0.00370105 0.00494397 0.00648405 0.00834526 0.0105489 0.0130739 0.0159232 0.0189821 0.0221072 0.0251593 0.0279025 0.0301009 0.0315253 0.0319759 0.0312654 0.029337 0.0261511 0.0217856 0.0164516 0.0104212 0.00403133 -0.00232404 -0.00826027 -0.0134927 -0.0177332 -0.0208357 -0.0227592 -0.0235599 -0.0233366 -0.0223109 -0.0206923 -0.018684 -0.0165071 -0.0143468 -0.0122994 -0.0104286 -0.00881402 -0.00745101 -0.00632324 -0.00540127 -0.00466736 -0.00405245 -0.00356159 -0.00317262 -0.00285112 -0.00254252 -0.00229051 -0.0020875 -0.00190227 -0.00170007 -0.00153195 -0.00139135 -0.00125402 -0.00109749 -0.000964775 -0.000847756 -0.000729207 -0.000592547 -0.000473519 -0.000363703 -0.000248623 -0.000113116 7.1013e-06 0.000121085 0.000246637 0.000399286 0.000535782 0.000669083 0.000824788 0.00101809 0.00119643 0.0013831 0.00161111 0.00189591 0.0021896 0.00253583 0.00296996 0.0035175 0.00416797 0.00498817 0.0059988 0.00723188 0.00870795 0.0104508 0.0123937 0.0144853 0.016647 0.0187208 0.0204921 0.0217648 0.0223273 0.0219449 0.0204885 0.017877 0.0141136 0.00930202 0.00369916 -0.00243584 -0.00873641 -0.0148118 -0.0203053 -0.0249323 -0.0284485 -0.0307438 -0.031825 -0.0317289 -0.0306193 -0.0286825 -0.0261343 -0.0232038 -0.0201508 -0.0171208 -0.0142575 -0.0116819 -0.00942247 -0.00750653 -0.00591278 -0.00461551 -0.0035778 -0.00278728 -0.00217833 -0.00173349 -0.00142212 -0.00118262 -0.00103248 -0.000930003 -0.000860555 -0.000822071 -0.000798202 -0.000774324 -0.000761476 -0.000756957 -0.000742754 -0.000751019 -0.000746549 -0.000742838 -0.000748029 -0.00073448 -0.000737394 -0.000732425 -0.000728244 -0.000732054 -0.000725154 -0.000725932 -0.000721697 -0.000718111 -0.000717975 -0.000716347 -0.000718109 -0.00071796 -0.000718442 -0.000717816 -0.000716794 -0.000712124 -0.000708776 -0.000707657 -0.000705111 -0.000709394 -0.000710633 
0 -1.17488e-06 9.51044e-06 4.65755e-06 1.24674e-05 2.01356e-05 1.49767e-05 2.82784e-05 2.60604e-05 2.52908e-05 3.90052e-05 3.09683e-05 4.02565e-05 4.63532e-05 4.01074e-05 5.35212e-05 5.09983e-05 5.38451e-05 6.25336e-05 6.26465e-05 6.98424e-05 7.17779e-05 7.97379e-05 7.72119e-05 8.2463e-05 9.22044e-05 8.40835e-05 0.00010347 0.000108995 0.000113365 0.000144746 0.000166764 0.000211955 0.000288172 0.000399696 0.000558434 0.000804101 0.00115403 0.00162394 0.00228333 0.00314147 0.00425328 0.00565618 0.00738824 0.00949096 0.0119489 0.0147777 0.0179273 0.0212966 0.0247238 0.0280449 0.0310203 0.0333767 0.0348979 0.035337 0.0345326 0.0323808 0.0288783 0.0241061 0.0182957 0.0117423 0.00479272 -0.00212507 -0.00863535 -0.0143862 -0.0191029 -0.0225884 -0.0248254 -0.0258403 -0.02576 -0.024779 -0.02312 -0.0210012 -0.0186646 -0.0163198 -0.0140606 -0.011981 -0.0101458 -0.008596 -0.0072942 -0.00623905 -0.00536969 -0.00465634 -0.00407429 -0.0036303 -0.00324569 -0.00289493 -0.00259551 -0.00236861 -0.00215033 -0.00192624 -0.00172767 -0.00157139 -0.00141151 -0.00123951 -0.00108414 -0.00095359 -0.000815977 -0.00066584 -0.00052793 -0.000405156 -0.000270943 -0.000121926 1.65432e-05 0.000143654 0.000291283 0.000459328 0.000617022 0.000764872 0.000948945 0.00116311 0.00137199 0.00157953 0.00184945 0.00217164 0.00252231 0.00291546 0.00342849 0.00406163 0.00483497 0.00577419 0.0069428 0.00834702 0.010034 0.0119795 0.0141357 0.0164175 0.0187549 0.0209608 0.0228076 0.024073 0.0245347 0.0239775 0.0222501 0.0192931 0.0150876 0.00978399 0.00362244 -0.00306736 -0.00992984 -0.0165335 -0.0225204 -0.0275703 -0.0314297 -0.0339763 -0.0351849 -0.0351278 -0.0339456 -0.0318746 -0.0291145 -0.0259356 -0.0225869 -0.0192557 -0.0160954 -0.0132211 -0.0107063 -0.0085448 -0.00674906 -0.00527741 -0.00411298 -0.00320615 -0.0025022 -0.0019962 -0.00162234 -0.00135513 -0.00117561 -0.00106169 -0.000976215 -0.000923942 -0.000904074 -0.000870205 -0.000864607 -0.000860396 -0.000844838 -0.000847122 -0.000839227 -0.000835531 -0.000830437 -0.00083028 -0.000827565 -0.00082031 -0.000827412 -0.000816329 -0.000816859 -0.000820658 -0.000808764 -0.000816919 -0.000812012 -0.000806755 -0.000812424 -0.000803722 -0.000803048 -0.000802358 -0.000799333 -0.000802878 -0.000802927 -0.000803382 -0.000803438 -0.00080128 -0.000798877 
0 9.53476e-06 -1.29521e-06 1.69878e-05 1.40491e-05 1.17655e-05 3.07273e-05 1.82621e-05 2.95744e-05 3.90052e-05 2.6909e-05 4.71631e-05 4.26559e-05 4.28113e-05 6.044e-05 5.01586e-05 5.98483e-05 6.49122e-05 6.20052e-05 7.0682e-05 7.58768e-05 8.22737e-05 8.17611e-05 9.57083e-05 9.16042e-05 9.07682e-05 0.000112356 0.000103427 0.000122391 0.000144961 0.000153608 0.00019262 0.000248012 0.000332279 0.000456886 0.000663066 0.000938271 0.00132063 0.00188117 0.00261604 0.00358605 0.00483813 0.0064155 0.00833524 0.0106504 0.0133978 0.0165084 0.0199328 0.0235741 0.0272932 0.0308527 0.0340003 0.0364941 0.0380709 0.0384992 0.0375755 0.0352217 0.0314225 0.0262965 0.0200686 0.0130538 0.00563286 -0.0017907 -0.00879777 -0.0150366 -0.0201855 -0.02407 -0.0266213 -0.0278925 -0.0279936 -0.0271122 -0.0254641 -0.0232846 -0.0208382 -0.0183255 -0.0158873 -0.0136003 -0.0115651 -0.00980737 -0.00834332 -0.00712746 -0.00613001 -0.00529622 -0.00463355 -0.00410749 -0.00366642 -0.00326301 -0.00292702 -0.00265742 -0.00241124 -0.00216222 -0.00194043 -0.00175692 -0.0015769 -0.00138984 -0.00121519 -0.00106437 -0.000908235 -0.000746495 -0.000590995 -0.000450392 -0.000297233 -0.000136907 1.85354e-05 0.000165014 0.000333091 0.000515165 0.000691052 0.000864119 0.00107179 0.0013083 0.00154203 0.00178799 0.00209167 0.00245986 0.0028603 0.00332619 0.00390952 0.00464945 0.00553896 0.00662585 0.00794268 0.00954329 0.011425 0.0135792 0.0159195 0.0183849 0.0208534 0.0231514 0.0250227 0.0262321 0.0265502 0.025776 0.0237683 0.0204442 0.0158291 0.0100541 0.00340286 -0.00379643 -0.0111344 -0.0182114 -0.02463 -0.0300575 -0.0342322 -0.0370056 -0.03836 -0.0383454 -0.0371295 -0.0349256 -0.0320108 -0.0286213 -0.0249959 -0.0213716 -0.0179372 -0.014805 -0.0120034 -0.00960575 -0.00760966 -0.00597735 -0.00466197 -0.00363861 -0.00286428 -0.00226118 -0.00183977 -0.00154635 -0.00133478 -0.00119025 -0.0011015 -0.0010427 -0.000989669 -0.000983181 -0.00096466 -0.000945999 -0.000952391 -0.000935405 -0.000930125 -0.000928768 -0.0009264 -0.000920715 -0.0009205 -0.000923195 -0.000906786 -0.000916495 -0.000910007 -0.000899789 -0.000915194 -0.000898481 -0.000901712 -0.000905189 -0.000888523 -0.000900779 -0.000894759 -0.00088978 -0.000898766 -0.000888539 -0.000891881 -0.000893349 -0.000885934 -0.000892449 -0.000888541 
0 4.37998e-07 1.70953e-05 8.59507e-06 1.74201e-05 2.40742e-05 1.57477e-05 3.14182e-05 3.0504e-05 3.09683e-05 4.71631e-05 4.02111e-05 4.7728e-05 5.82159e-05 4.88198e-05 6.37746e-05 6.89696e-05 6.55836e-05 8.32092e-05 7.86081e-05 7.90798e-05 8.74913e-05 8.48195e-05 9.35893e-05 0.000102929 0.000114442 0.000116871 0.000128302 0.000138759 0.000145809 0.000183538 0.00022351 0.000289206 0.000384422 0.000535397 0.000750407 0.00106336 0.00154048 0.00214571 0.00297527 0.00406672 0.00544743 0.00718636 0.0093301 0.0118964 0.0148464 0.0182295 0.0219405 0.0258646 0.0297999 0.0335373 0.0368573 0.0394486 0.0410583 0.0414206 0.0404015 0.0378419 0.0337859 0.0283431 0.0217581 0.0143622 0.00653182 -0.00130606 -0.00876674 -0.015417 -0.0209935 -0.0252493 -0.0281483 -0.0296902 -0.0300275 -0.0292893 -0.0277081 -0.025528 -0.0230087 -0.0203722 -0.0177617 -0.0153039 -0.0130544 -0.0111113 -0.00945388 -0.00809035 -0.00693059 -0.0059947 -0.00522097 -0.00462103 -0.00409593 -0.00365858 -0.00326786 -0.00296213 -0.00267124 -0.00241123 -0.00215704 -0.00194975 -0.00174078 -0.00154644 -0.0013483 -0.00117804 -0.000999312 -0.000829967 -0.000654674 -0.000495874 -0.000321304 -0.000153388 2.2042e-05 0.000187834 0.000380279 0.0005694 0.000770201 0.000966425 0.00120625 0.00145228 0.00172439 0.00200368 0.00235831 0.00275465 0.00322848 0.00375958 0.00444285 0.00527188 0.0063101 0.00753223 0.0090306 0.0108073 0.0129039 0.0152326 0.0177582 0.0203655 0.0229393 0.0252695 0.0271162 0.028221 0.0283439 0.0273291 0.0250054 0.0213306 0.0163015 0.0101218 0.0030152 -0.00460428 -0.0123664 -0.0198329 -0.0266264 -0.032381 -0.0368381 -0.0398401 -0.0413085 -0.0413674 -0.0401417 -0.037876 -0.0347908 -0.031212 -0.0273764 -0.0235158 -0.0197972 -0.0163562 -0.01334 -0.0107211 -0.00851188 -0.00668985 -0.00524759 -0.00409468 -0.00321606 -0.00257932 -0.00208216 -0.00173789 -0.00149272 -0.00133293 -0.00122237 -0.00115445 -0.00111664 -0.00107384 -0.0010575 -0.00104275 -0.00103501 -0.00103024 -0.00103206 -0.00102926 -0.00101585 -0.00102343 -0.00100917 -0.00100514 -0.00101532 -0.000998652 -0.00100408 -0.00100339 -0.000987246 -0.000995592 -0.000990166 -0.000984588 -0.000995063 -0.000985478 -0.000987647 -0.000992022 -0.000978745 -0.000985005 -0.000978883 -0.000972576 -0.000982012 -0.000972994 -0.000980311 
0 1.28777e-06 5.93046e-06 8.59396e-06 1.62652e-05 2.22027e-05 2.82905e-05 3.38378e-05 3.67148e-05 4.02565e-05 4.26559e-05 4.7728e-05 5.14248e-05 5.82103e-05 6.16003e-05 6.66255e-05 7.22039e-05 7.02096e-05 8.2087e-05 8.26199e-05 9.13728e-05 0.000106023 0.000100152 0.00011563 0.000111395 0.000110434 0.00012776 0.000128281 0.000151707 0.000175219 0.000202163 0.000249322 0.000327172 0.000440917 0.000617824 0.000883882 0.00123499 0.00174862 0.00243556 0.00335821 0.00457292 0.00610028 0.00801606 0.0103409 0.0131163 0.0163443 0.0199959 0.0239413 0.0280804 0.0322441 0.0361557 0.0395806 0.0422256 0.0438309 0.0441421 0.0429928 0.0402473 0.035952 0.0302498 0.0233647 0.0156527 0.00749509 -0.00069689 -0.00852426 -0.0155533 -0.0215048 -0.0261421 -0.0293813 -0.0312394 -0.0318383 -0.0313009 -0.0298384 -0.0277155 -0.0251736 -0.0224426 -0.019696 -0.0170717 -0.0146343 -0.0124905 -0.0106512 -0.00910738 -0.00779639 -0.00673068 -0.00585574 -0.00514903 -0.00455082 -0.00405831 -0.00362652 -0.00326247 -0.00293783 -0.00265239 -0.00237825 -0.00213329 -0.00190423 -0.00169217 -0.00147973 -0.00128092 -0.00108674 -0.000901425 -0.000713225 -0.000528813 -0.000339876 -0.000156339 3.25537e-05 0.000226328 0.0004344 0.000639957 0.000857503 0.00108974 0.00135014 0.0016183 0.00191771 0.00225054 0.00264306 0.0030862 0.00362061 0.00424696 0.00502 0.0059642 0.00713744 0.00852657 0.010195 0.0121663 0.0144512 0.0169553 0.01963 0.0223568 0.0249856 0.0272969 0.0290624 0.0300063 0.0299011 0.028598 0.0259558 0.0219135 0.0165145 0.00995391 0.00247561 -0.00550932 -0.0136064 -0.0213992 -0.0285031 -0.03453 -0.0392322 -0.042431 -0.0440496 -0.044179 -0.0429648 -0.0406449 -0.0374795 -0.0337603 -0.0297046 -0.0256078 -0.021666 -0.0179959 -0.0147084 -0.0118529 -0.00944609 -0.00745692 -0.00586661 -0.00459047 -0.00361472 -0.00287393 -0.00232051 -0.00194364 -0.00166524 -0.00147664 -0.00135058 -0.00126677 -0.00120835 -0.00118485 -0.00116645 -0.00114612 -0.00114812 -0.00112508 -0.00112061 -0.00111857 -0.00110544 -0.00111327 -0.00110456 -0.00110171 -0.00109972 -0.00109213 -0.00109234 -0.0010902 -0.00109073 -0.0010886 -0.00108753 -0.00108347 -0.00107999 -0.00107521 -0.00106951 -0.00107155 -0.00106832 -0.00107323 -0.00107543 -0.00107339 -0.00107737 -0.00106923 -0.00106857 
0 1.013e-05 9.27301e-06 2.0307e-05 2.12357e-05 1.90796e-05 3.0681e-05 2.66813e-05 3.50357e-05 4.63532e-05 4.28113e-05 5.82159e-05 5.82103e-05 5.9591e-05 7.2076e-05 6.96349e-05 7.96211e-05 8.38745e-05 8.97123e-05 9.26909e-05 9.54592e-05 0.000105651 9.87664e-05 0.00011972 0.000123726 0.000125176 0.000153864 0.000146082 0.000167466 0.000196523 0.000221828 0.000287233 0.000374976 0.000506474 0.000699397 0.000996802 0.00140332 0.00197746 0.00275989 0.00377709 0.00511259 0.00678457 0.00888 0.0114173 0.0144078 0.0178746 0.0217518 0.0259371 0.0302855 0.0346188 0.0386483 0.0421421 0.0448193 0.0463832 0.0466161 0.0453249 0.0424152 0.0379154 0.0319981 0.0248795 0.0169252 0.00852002 4.81673e-05 -0.00806666 -0.0154214 -0.0217064 -0.0267115 -0.0302969 -0.0324996 -0.0333944 -0.0331069 -0.0318239 -0.0298157 -0.0273062 -0.0245237 -0.0216775 -0.0189052 -0.0163019 -0.0139622 -0.011941 -0.0102035 -0.00873911 -0.00753189 -0.00654848 -0.00572139 -0.00504588 -0.00448857 -0.00401367 -0.00358597 -0.00322595 -0.00290909 -0.00261549 -0.00233205 -0.0020822 -0.00184826 -0.0016218 -0.0013952 -0.00118537 -0.000980813 -0.000779234 -0.000570417 -0.000367593 -0.000165413 3.79682e-05 0.000258762 0.000481186 0.000706672 0.000942268 0.00121094 0.00149053 0.00178581 0.00211432 0.00250525 0.00293719 0.00343589 0.0040347 0.00476924 0.00564047 0.00671292 0.00802474 0.00959668 0.011441 0.0136091 0.0160672 0.0187363 0.021533 0.0243461 0.0269829 0.0292255 0.0308517 0.0315868 0.0312171 0.0295949 0.0266199 0.0222152 0.0164767 0.00957738 0.00179681 -0.00648769 -0.0148481 -0.0229001 -0.0302477 -0.0365059 -0.0414235 -0.0447987 -0.0465661 -0.0467843 -0.0456265 -0.043284 -0.0400537 -0.0362164 -0.0320075 -0.0277115 -0.0235317 -0.0196257 -0.0160954 -0.0130314 -0.0104173 -0.00824898 -0.00649871 -0.00509909 -0.00403313 -0.00320745 -0.00259897 -0.00216275 -0.00184618 -0.00162796 -0.00148783 -0.00139709 -0.00131961 -0.00129393 -0.00125854 -0.00123217 -0.00123853 -0.00121641 -0.00121851 -0.00121651 -0.00120611 -0.00120528 -0.0011984 -0.00119863 -0.0011896 -0.00119356 -0.00118724 -0.00117861 -0.0011846 -0.00116994 -0.00117168 -0.00117149 -0.00116539 -0.00117464 -0.00116959 -0.00116947 -0.00116855 -0.0011606 -0.00115917 -0.00115548 -0.00115478 -0.0011568 -0.00116002 
0 -4.00587e-06 1.90372e-05 5.18206e-06 2.01267e-05 3.3134e-05 2.14843e-05 4.57936e-05 4.14209e-05 4.01074e-05 6.044e-05 4.88198e-05 6.16003e-05 7.2076e-05 6.62214e-05 8.13421e-05 8.36689e-05 8.72678e-05 9.66416e-05 0.000103461 0.000106865 0.000111608 0.00012469 0.000119035 0.000132446 0.000145679 0.000142373 0.000168701 0.000183693 0.000207265 0.000255277 0.000324635 0.000425991 0.000573915 0.000816924 0.00113034 0.00159141 0.00224733 0.00309312 0.00422288 0.00568248 0.00751693 0.0097674 0.0125135 0.0157418 0.019416 0.023517 0.0279153 0.0324654 0.0369131 0.0410334 0.0445704 0.0472326 0.0487342 0.0488483 0.0474273 0.0443474 0.0396859 0.0335823 0.0262995 0.01817 0.00958245 0.000914041 -0.00742778 -0.0150363 -0.0216314 -0.0269631 -0.0309169 -0.0334671 -0.0347013 -0.0346958 -0.033657 -0.0318123 -0.029389 -0.0266052 -0.0236881 -0.0207986 -0.018038 -0.0155256 -0.0133035 -0.0113808 -0.00973865 -0.00839585 -0.0072727 -0.00633455 -0.00555547 -0.00493904 -0.00439783 -0.00392147 -0.00350715 -0.00316595 -0.00283753 -0.00253061 -0.00224662 -0.00199727 -0.00174543 -0.00150367 -0.00126805 -0.00104991 -0.000824835 -0.000602904 -0.000377354 -0.000161999 6.69354e-05 0.0003027 0.000549044 0.00078839 0.00105593 0.00134674 0.00165839 0.00197377 0.00234993 0.00278382 0.00327522 0.00382272 0.0045106 0.00534224 0.00634092 0.00753445 0.00900845 0.0107531 0.0127953 0.0151381 0.0177644 0.0205671 0.0234635 0.0263121 0.028907 0.0310278 0.0324506 0.0329349 0.0322535 0.0302996 0.0269613 0.0222247 0.0161607 0.00898905 0.000959142 -0.00753698 -0.016099 -0.0243355 -0.031856 -0.0383011 -0.0433862 -0.0469356 -0.0488324 -0.0491692 -0.048078 -0.0457716 -0.0425015 -0.0385743 -0.0342616 -0.0297954 -0.0254087 -0.0212663 -0.017541 -0.0142523 -0.0114271 -0.0090847 -0.00718224 -0.00565476 -0.00445934 -0.00357232 -0.00288015 -0.00238101 -0.00203809 -0.00178705 -0.00162117 -0.00151035 -0.00144613 -0.00138741 -0.00136231 -0.00135007 -0.00132372 -0.0013253 -0.00131607 -0.00130502 -0.00130224 -0.00129813 -0.00129147 -0.00128487 -0.00129097 -0.00127585 -0.00127701 -0.00128099 -0.00126112 -0.00127718 -0.00126983 -0.00125766 -0.00127341 -0.00125181 -0.00125503 -0.0012612 -0.00124264 -0.00126003 -0.00125301 -0.00124698 -0.00126184 -0.00124332 -0.00125022 
0 1.00146e-05 2.66672e-06 2.09991e-05 2.06783e-05 2.30993e-05 4.00351e-05 3.43265e-05 4.54487e-05 5.35212e-05 5.01586e-05 6.37746e-05 6.66255e-05 6.96349e-05 8.13421e-05 8.40147e-05 8.8878e-05 9.75528e-05 0.000100496 0.000104428 0.000116244 0.00012332 0.000127827 0.000141349 0.000144436 0.000145848 0.000164884 0.000175705 0.000197025 0.000241191 0.000286216 0.000358756 0.000479306 0.000657238 0.000910431 0.00129226 0.00181695 0.00250827 0.0034624 0.00470373 0.0062889 0.00828161 0.0107327 0.0136586 0.0170714 0.0209966 0.0253142 0.0298932 0.0345585 0.0391266 0.0433197 0.0468428 0.0494435 0.0508472 0.0508553 0.0492681 0.0460503 0.0412375 0.0350141 0.0276182 0.019385 0.0106888 0.00189235 -0.0065882 -0.0144119 -0.0212481 -0.0269034 -0.0311996 -0.0341349 -0.0357138 -0.036051 -0.0352975 -0.0336788 -0.0313949 -0.0286636 -0.0257222 -0.0227356 -0.0198566 -0.0171697 -0.0147676 -0.0126366 -0.0108342 -0.00931902 -0.00806767 -0.00698802 -0.0061204 -0.00540675 -0.00481422 -0.00426698 -0.00381533 -0.00342075 -0.00307361 -0.00272729 -0.00242478 -0.00213858 -0.00187555 -0.00160563 -0.0013579 -0.00110897 -0.000872899 -0.000625971 -0.000391098 -0.000145837 9.61858e-05 0.000359107 0.000614264 0.000887481 0.00117292 0.00150023 0.0018264 0.00218865 0.00259688 0.00309379 0.0036274 0.00425951 0.00502197 0.00598004 0.00709312 0.00844566 0.0100655 0.01201 0.0142317 0.0167599 0.0195181 0.0224445 0.0253981 0.0282399 0.0307392 0.0326833 0.0338576 0.0340322 0.0330261 0.0307004 0.0270151 0.0219402 0.0156131 0.00819661 2.24961e-06 -0.00864753 -0.0173323 -0.025691 -0.0333305 -0.0399042 -0.0451347 -0.048819 -0.050887 -0.0513381 -0.0503387 -0.0480807 -0.0448503 -0.0408767 -0.036443 -0.031836 -0.0272901 -0.0229719 -0.0189902 -0.0154888 -0.0124829 -0.00996225 -0.00788882 -0.00623814 -0.00493735 -0.00392141 -0.00318335 -0.00263576 -0.00223518 -0.00195714 -0.00176937 -0.0016354 -0.00154969 -0.0015084 -0.00146786 -0.00144482 -0.00143392 -0.00141444 -0.00140513 -0.00140268 -0.0013962 -0.00139027 -0.00139009 -0.001383 -0.00137378 -0.00137636 -0.00136999 -0.00136537 -0.00137079 -0.0013587 -0.00135872 -0.00136108 -0.00134606 -0.00135391 -0.0013486 -0.00134051 -0.00135248 -0.00133979 -0.00134383 -0.00134825 -0.00133478 -0.00134653 -0.0013384 
0 1.02575e-05 1.28325e-05 2.42403e-05 2.38689e-05 2.86264e-05 3.42971e-05 3.49165e-05 4.64414e-05 5.09983e-05 5.98483e-05 6.89696e-05 7.22039e-05 7.96211e-05 8.36689e-05 8.8878e-05 9.62806e-05 0.000104399 0.000108709 0.000119383 0.000123049 0.000123282 0.000137834 0.00013653 0.000153597 0.000171305 0.000176875 0.000204493 0.000219554 0.000255106 0.000315855 0.000405485 0.000545021 0.000744913 0.00103785 0.00144437 0.00202847 0.00281368 0.00386546 0.00522114 0.00693611 0.00909326 0.0117065 0.0148464 0.0184931 0.0225996 0.0270803 0.0318321 0.0366475 0.0412661 0.0454633 0.0489455 0.0514714 0.0527568 0.0526044 0.0508646 0.0475118 0.0425942 0.0362762 0.028835 0.0205596 0.0118248 0.00297909 -0.00558136 -0.0135454 -0.0205899 -0.0265183 -0.0311667 -0.0344737 -0.0364362 -0.037139 -0.0367306 -0.0353798 -0.0332978 -0.0306734 -0.0277513 -0.0247081 -0.0217309 -0.0188973 -0.0163092 -0.0139884 -0.0120039 -0.0103201 -0.00890976 -0.00770247 -0.00671657 -0.00590956 -0.00523699 -0.00463663 -0.00412449 -0.00368615 -0.00329877 -0.00293057 -0.00259169 -0.00228079 -0.00198958 -0.00170645 -0.00143137 -0.00116424 -0.000902185 -0.000643959 -0.000385228 -0.000122577 0.000147681 0.000422868 0.000702457 0.000997473 0.00131833 0.00166445 0.00202405 0.00242297 0.00288601 0.00342732 0.00402832 0.00473957 0.00560666 0.00667636 0.00793339 0.00944059 0.0112321 0.0133595 0.0157728 0.0184616 0.0213399 0.0243518 0.0273287 0.0301109 0.0324574 0.0341788 0.0350462 0.0348808 0.0335067 0.0308136 0.0267632 0.0213905 0.0148221 0.00723184 -0.00107733 -0.0098017 -0.0185488 -0.0269639 -0.0346552 -0.0413248 -0.0466634 -0.0504785 -0.0526836 -0.0532907 -0.0524202 -0.0502499 -0.0470462 -0.0430591 -0.0386005 -0.0338801 -0.0291515 -0.0246394 -0.0204927 -0.0167875 -0.0135701 -0.0108692 -0.00862838 -0.00684277 -0.0054283 -0.00433651 -0.00350936 -0.00288663 -0.00244611 -0.00213328 -0.00192253 -0.00177434 -0.00168295 -0.00160896 -0.00156464 -0.0015451 -0.00151731 -0.00151872 -0.00150774 -0.0014963 -0.00149572 -0.00148279 -0.00148052 -0.0014784 -0.00147464 -0.00147021 -0.0014669 -0.00145984 -0.0014545 -0.00145142 -0.00144377 -0.00144778 -0.00144434 -0.00144493 -0.00144788 -0.0014393 -0.00144219 -0.0014337 -0.00142989 -0.00143181 -0.00142429 -0.00143242 -0.00143034 
0 1.31022e-06 8.28502e-06 1.33862e-05 2.02432e-05 3.54525e-05 3.92021e-05 4.92127e-05 5.7611e-05 5.38451e-05 6.49122e-05 6.55836e-05 7.02096e-05 8.38745e-05 8.72678e-05 9.75528e-05 0.000104399 0.000110609 0.000113611 0.000126449 0.00013265 0.000135302 0.000159866 0.000150266 0.000164065 0.000180026 0.000173034 0.000214633 0.000237151 0.0002839 0.000360436 0.00045487 0.000613859 0.000836223 0.00117696 0.00163785 0.00228458 0.00314548 0.00428184 0.00576028 0.00761488 0.00994962 0.0127405 0.0160632 0.0199092 0.0242082 0.0288802 0.033763 0.0386609 0.043309 0.0475038 0.0509156 0.053311 0.0544499 0.0541256 0.0522363 0.0487485 0.0437477 0.0373794 0.0299439 0.0216867 0.0129746 0.00415282 -0.00442767 -0.0124659 -0.0196724 -0.0258341 -0.0308184 -0.0344907 -0.0368541 -0.0379525 -0.0379273 -0.0368927 -0.0350642 -0.0326047 -0.0297467 -0.0266926 -0.0236416 -0.0206857 -0.0179191 -0.0154217 -0.0132445 -0.0113842 -0.00979846 -0.00846165 -0.00734163 -0.00643038 -0.00566313 -0.00500853 -0.00442784 -0.00394183 -0.00350671 -0.00311642 -0.002738 -0.0024025 -0.00207977 -0.00178229 -0.00147802 -0.00119402 -0.000904474 -0.00063326 -0.000348666 -6.98766e-05 0.000229727 0.000518172 0.000825368 0.00114213 0.00150074 0.00186529 0.00226424 0.00270313 0.00322792 0.0038134 0.00449313 0.00529279 0.00627957 0.00746216 0.00887697 0.0105464 0.0125222 0.0148224 0.0174219 0.0202495 0.0232276 0.0262821 0.0292403 0.0319044 0.0340446 0.0354882 0.0360054 0.0354609 0.033692 0.0306254 0.0262162 0.0205746 0.0138032 0.00609921 -0.00226876 -0.0109948 -0.0197408 -0.028149 -0.0358411 -0.0425519 -0.0479635 -0.0519023 -0.054248 -0.0550173 -0.0542795 -0.0522425 -0.0491237 -0.0451547 -0.0406618 -0.0358648 -0.0310285 -0.0263507 -0.0220188 -0.0181033 -0.0147021 -0.0118304 -0.0094263 -0.00749717 -0.0059455 -0.00475385 -0.00384158 -0.0031629 -0.00267314 -0.00231665 -0.0020726 -0.0018964 -0.00180328 -0.00171944 -0.00168037 -0.00166163 -0.00161826 -0.00162095 -0.0016015 -0.00158856 -0.00159301 -0.00158018 -0.00157608 -0.00156919 -0.00156555 -0.00155476 -0.00155599 -0.00155379 -0.00154753 -0.00155753 -0.00154514 -0.00154396 -0.00154152 -0.00152666 -0.00153093 -0.00152433 -0.0015242 -0.00152987 -0.00152728 -0.00153005 -0.00152839 -0.00152486 -0.0015205 
