0 0 0 0 0 0 0 0 0 0 0 0 0 0 0 0 0 0 0 0 0 0 0 0 0 0 0 0 0 0 0 0 0 0 0 0 0 0 0 0 0 0 0 0 0 0 0 0 0 0 0 0 0 0 0 0 0 0 0 0 0 0 0 0 0 0 0 0 0 0 0 0 0 0 0 0 0 0 0 0 0 0 0 0 0 0 0 0 0 0 0 0 0 0 0 0 0 0 0 0 0 0 0 0 0 0 0 0 0 0 0 0 0 0 0 0 0 0 0 0 0 0 0 0 0 0 0 0 0 0 0 0 0 0 0 0 0 0 0 0 0 0 0 0 0 0 0 0 0 0 0 0 0 0 0 0 0 0 0 0 0 0 0 0 0 0 0 0 0 0 0 0 0 0 0 0 0 0 0 0 0 0 0 0 0 0 0 0 0 0 0 0 0 0 0 0 0 0 0 0 
0 3.23327e-07 2.14504e-06 4.99931e-06 1.98133e-06 3.04237e-06 2.62167e-06 -1.71646e-06 2.74036e-06 3.57665e-06 2.88746e-06 1.11385e-05 9.55931e-06 5.55921e-06 1.25925e-05 2.52579e-06 1.06454e-06 1.30543e-05 2.21393e-07 1.23042e-05 1.83797e-05 2.64408e-06 1.8387e-05 1.04503e-05 8.05615e-06 1.95081e-05 1.41726e-05 1.78918e-05 1.02137e-05 1.5285e-05 1.02032e-05 1.05584e-05 2.56408e-05 1.75095e-05 2.01323e-05 1.59563e-05 2.52263e-05 1.97217e-05 2.41072e-05 4.26558e-05 1.82054e-05 2.68236e-05 4.27448e-05 6.03204e-05 6.64934e-05 8.96168e-05 0.000138387 0.00019057 0.000279808 0.000367011 0.000513083 0.000687113 0.000899525 0.00115909 0.00147231 0.00183894 0.00223696 0.00269678 0.00314413 0.00359256 0.00398242 0.00429211 0.00446472 0.00450015 0.00436536 0.00403153 0.00352709 0.00283816 0.00201259 0.00108004 0.000148808 -0.000769606 -0.0015864 -0.00228037 -0.00280186 -0.00316327 -0.00332504 -0.00331341 -0.00317328 -0.00294562 -0.00265316 -0.00231984 -0.00199404 -0.00167512 -0.00139915 -0.00115961 -0.000974933 -0.000796541 -0.000660911 -0.000553269 -0.000488892 -0.00040555 -0.000341754 -0.000286477 -0.000264182 -0.000214666 -0.000173792 -0.00013154 -0.000119357 -8.0307e-05 -4.51908e-05 -3.36144e-06 8.4596e-06 4.64147e-05 8.50809e-05 0.000135594 0.000155882 0.000203719 0.000260429 0.000339494 0.000395799 0.00048823 0.000605952 0.000768145 0.000933246 0.00114959 0.00140152 0.00170225 0.00201445 0.00234636 0.00264893 0.00290196 0.00307917 0.0031496 0.00305954 0.00277803 0.00233312 0.00171497 0.000961202 9.04209e-05 -0.000812803 -0.00173946 -0.00258374 -0.0033118 -0.00386381 -0.0042569 -0.00444959 -0.0044728 -0.00434917 -0.00408725 -0.00372906 -0.00330428 -0.00286937 -0.00241271 -0.00201217 -0.00163803 -0.00131825 -0.00104417 -0.000828709 -0.000646726 -0.000493213 -0.000394001 -0.00030271 -0.000254725 -0.00019843 -0.000163806 -0.000149462 -0.000148725 -0.00013042 -0.000105611 -0.00012449 -0.000113926 -0.000114741 -0.000113026 -0.000110845 -0.000108477 -0.00010261 -0.000118939 -0.000111108 -0.000112346 -0.000108975 -0.000108196 -0.000107505 -0.000102193 -0.000117738 -0.000100701 -0.00010325 -0.000109632 -9.13372e-05 -0.000106589 -0.000106585 -0.000101376 -0.000111127 -0.000105545 -0.000101093 -0.000102749 -0.00010102 -9.74681e-05 -0.000102796 -0.000102562 -9.88525e-05 -0.000105118 -0.000100415 -9.90263e-05 -0.000104215 -9.84427e-05 -0.000100561 -0.000103189 -9.64334e-05 -0.000101087 
0 2.14504e-06 -4.33641e-06 3.37176e-06 -1.91283e-07 4.24333e-06 9.98816e-06 8.91227e-06 1.43342e-05 8.138e-06 1.10762e-05 5.20202e-06 3.48237e-06 1.45027e-05 6.27743e-06 2.20031e-05 2.42916e-05 1.47569e-05 2.72933e-05 1.48099e-05 1.41282e-05 2.246e-05 2.15573e-05 2.2473e-05 2.52435e-05 2.8977e-05 1.35178e-05 2.98546e-05 3.83382e-05 2.44808e-05 4.85482e-05 4.0135e-05 2.24375e-05 3.75312e-05 4.08907e-05 3.60501e-05 4.27741e-05 4.69009e-05 3.46358e-05 4.03246e-05 6.11477e-05 7.70261e-05 8.37764e-05 9.18047e-05 0.0001442 0.000215945 0.000277643 0.00038649 0.000553601 0.00076039 0.00102763 0.00137582 0.00179995 0.00231727 0.00295042 0.00366379 0.00447886 0.00537187 0.00628349 0.00715908 0.00794596 0.00855391 0.00890135 0.00897437 0.0086953 0.00804665 0.00702575 0.00567456 0.0040156 0.0021855 0.000313346 -0.00149637 -0.00313627 -0.00450986 -0.00556067 -0.00627935 -0.00660893 -0.00660065 -0.00632407 -0.00588513 -0.0052963 -0.00465226 -0.00398941 -0.00337282 -0.00280525 -0.0023449 -0.00195283 -0.00161682 -0.00132722 -0.00112917 -0.000976061 -0.00082927 -0.000685624 -0.000592219 -0.000525378 -0.000444389 -0.000348553 -0.000280897 -0.000236003 -0.000174234 -9.05738e-05 -2.40653e-05 1.98815e-05 8.01592e-05 0.000171564 0.000254081 0.000316328 0.000396334 0.000525992 0.00066404 0.000800537 0.00096964 0.00122441 0.00152833 0.0018823 0.00229768 0.00281996 0.00340123 0.00404106 0.0046831 0.00529653 0.00578622 0.00614303 0.00626728 0.00608513 0.00552324 0.00463005 0.00340419 0.00189316 0.000175629 -0.00163956 -0.00346038 -0.00515705 -0.00658601 -0.00770603 -0.00847117 -0.00887238 -0.00891411 -0.00867346 -0.00815734 -0.00744176 -0.00661162 -0.00573008 -0.00484421 -0.00402193 -0.00329441 -0.00264385 -0.00210587 -0.0016587 -0.00128896 -0.00100396 -0.000790161 -0.000606265 -0.00047302 -0.000407095 -0.000347881 -0.000291542 -0.000259956 -0.000251273 -0.000256406 -0.000243428 -0.000225089 -0.000230175 -0.000232865 -0.000222308 -0.000229595 -0.00023634 -0.000207606 -0.000211755 -0.000223755 -0.000206005 -0.000219356 -0.000220535 -0.000208208 -0.000209074 -0.000213008 -0.000213502 -0.000210761 -0.000222436 -0.000209628 -0.000204168 -0.00020927 -0.000195067 -0.000204373 -0.000205058 -0.00020532 -0.00020943 -0.000204444 -0.000208757 -0.000198267 -0.000204726 -0.000203248 -0.000194715 -0.000210918 -0.000195107 -0.000200631 -0.000208606 -0.000190897 -0.000209359 -0.000198988 
0 4.99931e-06 3.37176e-06 9.24462e-06 5.75476e-06 6.97539e-06 8.85677e-06 2.81695e-06 1.0329e-05 1.21371e-05 1.25969e-05 2.39655e-05 2.21402e-05 1.95798e-05 2.64338e-05 1.61709e-05 1.56543e-05 2.85524e-05 1.78497e-05 3.17545e-05 3.98416e-05 2.44114e-05 4.18169e-05 3.39573e-05 3.25114e-05 4.73751e-05 4.07887e-05 4.74537e-05 3.99955e-05 4.30976e-05 4.23455e-05 4.31661e-05 6.00308e-05 5.61721e-05 5.86721e-05 5.44397e-05 6.83552e-05 6.43336e-05 7.13932e-05 9.71927e-05 7.49745e-05 9.28775e-05 0.000127113 0.000168291 0.000211643 0.00029194 0.000420338 0.000588983 0.00083996 0.00113382 0.0015541 0.00207733 0.00271759 0.00349798 0.00443505 0.005519 0.00672389 0.00806163 0.00940424 0.0107151 0.0118694 0.0127685 0.0132854 0.0133789 0.0129645 0.0119864 0.0104786 0.00845172 0.00600791 0.00328265 0.000511702 -0.00218784 -0.0046185 -0.00667327 -0.00824501 -0.00931863 -0.00982841 -0.00983359 -0.00944974 -0.00879444 -0.00794126 -0.00697801 -0.00600836 -0.00507457 -0.00424407 -0.00353391 -0.00295341 -0.00243371 -0.00201668 -0.00169738 -0.00147002 -0.00123663 -0.00103947 -0.000883443 -0.000785025 -0.000652753 -0.000526539 -0.000414079 -0.000348381 -0.000245061 -0.000136174 -2.79142e-05 3.62214e-05 0.000139209 0.000259344 0.000391084 0.000481966 0.000618753 0.000795721 0.00101264 0.00121367 0.00148959 0.00185506 0.00232416 0.00284642 0.00348954 0.00425269 0.00513409 0.00606975 0.00703144 0.00791941 0.00865224 0.00915496 0.00932331 0.0090266 0.00818625 0.00684381 0.00500804 0.0027628 0.000200883 -0.00249037 -0.00520217 -0.00770168 -0.0098416 -0.0114942 -0.0126438 -0.0132329 -0.0133104 -0.0129445 -0.0121811 -0.0111258 -0.00988373 -0.00857966 -0.00725299 -0.00604022 -0.00493564 -0.00397497 -0.00316039 -0.00249952 -0.00195146 -0.00150705 -0.00118773 -0.000924693 -0.000751036 -0.000606165 -0.000507775 -0.000451953 -0.000426074 -0.000386535 -0.000348327 -0.000363091 -0.000345374 -0.000343708 -0.00034097 -0.000333779 -0.000329782 -0.000325335 -0.000339394 -0.000331344 -0.000333325 -0.000325134 -0.000324827 -0.000323258 -0.000315815 -0.000332477 -0.000312809 -0.000313866 -0.000318832 -0.000299225 -0.000314404 -0.000314922 -0.000309772 -0.000319098 -0.000313442 -0.000306359 -0.000308209 -0.000304974 -0.000300091 -0.000307461 -0.000304298 -0.00030233 -0.000308324 -0.000301109 -0.000302898 -0.000304889 -0.000300047 -0.000302239 -0.000302542 -0.000301744 -0.000300715 
0 1.98133e-06 -1.91283e-07 5.75476e-06 7.30632e-06 9.7943e-06 1.40573e-05 1.39466e-05 1.78736e-05 1.78855e-05 1.77757e-05 2.0624e-05 2.07181e-05 2.39273e-05 2.85769e-05 3.08093e-05 3.38526e-05 3.73542e-05 3.54603e-05 3.8044e-05 4.05785e-05 3.89559e-05 4.70338e-05 4.65319e-05 4.80375e-05 5.40756e-05 5.0399e-05 5.80223e-05 6.11061e-05 6.29691e-05 6.91459e-05 6.80197e-05 6.94845e-05 7.22212e-05 7.63986e-05 7.74606e-05 8.51935e-05 8.63663e-05 8.87075e-05 0.000104782 0.000113566 0.00013816 0.000171008 0.000216718 0.000294773 0.000412772 0.00057511 0.000803026 0.00112735 0.00154293 0.00209237 0.00278819 0.00364337 0.00468624 0.00592968 0.0073639 0.00897092 0.0107197 0.0125004 0.0142162 0.0157332 0.0169027 0.0175873 0.0176974 0.0171396 0.0158545 0.0138588 0.0111953 0.00798291 0.00442051 0.000763513 -0.00277996 -0.00599228 -0.00870572 -0.010804 -0.0122282 -0.0129355 -0.0129849 -0.0125168 -0.0116742 -0.0105697 -0.00932073 -0.00804474 -0.00681984 -0.00571704 -0.00477231 -0.003979 -0.00329427 -0.00273335 -0.00230389 -0.00197324 -0.00167118 -0.00140734 -0.00120267 -0.00104673 -0.000880183 -0.000712866 -0.000571332 -0.000461251 -0.00033163 -0.000187312 -5.42222e-05 5.33815e-05 0.000185318 0.00034509 0.00050755 0.000652125 0.000833828 0.00107185 0.00134839 0.00164207 0.00201582 0.00251044 0.00312618 0.00384269 0.0047013 0.00571989 0.00687858 0.00811642 0.00936771 0.0105237 0.0114731 0.0121068 0.0122876 0.0118616 0.0107431 0.00894865 0.00652004 0.00354978 0.000184906 -0.00337101 -0.00691923 -0.0102058 -0.0130162 -0.0152059 -0.0167151 -0.017506 -0.0176212 -0.0171407 -0.0161476 -0.0147654 -0.0131419 -0.0114139 -0.00968224 -0.008065 -0.00660489 -0.00532771 -0.0042441 -0.00335135 -0.00261897 -0.0020374 -0.00159306 -0.00124388 -0.00099418 -0.000817074 -0.000690688 -0.00060147 -0.000549373 -0.000512784 -0.000488843 -0.000480821 -0.000463724 -0.000459194 -0.000456301 -0.000451304 -0.000449618 -0.000446156 -0.000440743 -0.00043589 -0.000437298 -0.000431158 -0.000433138 -0.000431207 -0.000424365 -0.000428194 -0.000422246 -0.000422996 -0.00042504 -0.000419872 -0.000420251 -0.000416736 -0.000412611 -0.000411802 -0.000411182 -0.000409572 -0.000411049 -0.000410692 -0.000407934 -0.000409522 -0.00040594 -0.000405343 -0.000406033 -0.000402779 -0.000404792 -0.000402897 -0.000403495 -0.000403303 -0.000399557 -0.000403673 -0.000401355 
0 3.04237e-06 4.24333e-06 6.97539e-06 9.7943e-06 1.05389e-05 1.37371e-05 1.96847e-05 2.00964e-05 2.17026e-05 2.77131e-05 2.34755e-05 2.71407e-05 3.49411e-05 2.82958e-05 4.06431e-05 4.47271e-05 3.6435e-05 5.31145e-05 4.58662e-05 4.44422e-05 6.04577e-05 5.15245e-05 6.01763e-05 6.54167e-05 6.3233e-05 6.61289e-05 6.87787e-05 7.97382e-05 7.30028e-05 8.63911e-05 8.99283e-05 7.93413e-05 9.36479e-05 9.51091e-05 0.000101962 0.000101498 0.000114446 0.000118358 0.000116937 0.000154566 0.000178094 0.00021612 0.000270542 0.000379335 0.000531357 0.000729946 0.0010279 0.00142289 0.00196686 0.00264541 0.00351891 0.00459369 0.00589838 0.00744694 0.00922458 0.0112288 0.0133664 0.0155697 0.0176652 0.019522 0.0209401 0.021779 0.021895 0.021188 0.0196072 0.0171363 0.0138678 0.00992541 0.0055779 0.00107394 -0.00327073 -0.00723659 -0.0105889 -0.0132075 -0.0149819 -0.0159042 -0.0160304 -0.0155094 -0.0145094 -0.0131787 -0.0116713 -0.0101033 -0.00860373 -0.00723169 -0.00605307 -0.00503562 -0.00418825 -0.0034784 -0.00293364 -0.00248406 -0.00211505 -0.00178296 -0.00152906 -0.00130355 -0.00110551 -0.000897815 -0.000729675 -0.000565375 -0.00041182 -0.000233157 -7.90447e-05 8.15695e-05 0.000241274 0.000439931 0.000628528 0.000837746 0.00106585 0.00136632 0.00169849 0.00209849 0.00257565 0.00320482 0.00396355 0.00488491 0.00595968 0.00723314 0.00865456 0.0101828 0.0116982 0.0130989 0.0142354 0.0149699 0.0151275 0.0145497 0.0131465 0.010901 0.00789188 0.00421864 8.75452e-05 -0.00429799 -0.00863338 -0.0126674 -0.0161128 -0.0188236 -0.0206755 -0.021669 -0.0218264 -0.0212406 -0.020033 -0.0183436 -0.0163602 -0.0142219 -0.0121068 -0.0100912 -0.008284 -0.00669163 -0.00534439 -0.00421834 -0.00330155 -0.00258281 -0.00200957 -0.00158295 -0.00125199 -0.001038 -0.000878883 -0.000762859 -0.000684028 -0.000642823 -0.000628569 -0.000590338 -0.000582815 -0.000574492 -0.000569078 -0.000562343 -0.00056045 -0.000563999 -0.00054265 -0.00054937 -0.000547159 -0.000540703 -0.000542295 -0.000538631 -0.00053794 -0.000525198 -0.000535242 -0.000529794 -0.000521153 -0.00053487 -0.000518847 -0.000518054 -0.000522885 -0.000510881 -0.000515932 -0.000516371 -0.000512038 -0.00051274 -0.000512538 -0.000508589 -0.000506623 -0.000509996 -0.000504038 -0.000505588 -0.000508508 -0.000499322 -0.000506087 -0.000506231 -0.000498406 -0.00050735 -0.000501791 
0 2.62167e-06 9.98816e-06 8.85677e-06 1.40573e-05 1.37371e-05 1.68747e-05 1.83217e-05 1.72736e-05 2.87371e-05 2.56223e-05 3.74653e-05 4.33963e-05 3.46964e-05 5.06536e-05 3.83054e-05 3.94073e-05 5.50977e-05 4.44974e-05 6.15211e-05 6.75314e-05 6.30239e-05 6.90175e-05 7.22399e-05 7.40943e-05 7.38575e-05 9.48986e-05 8.49304e-05 8.1428e-05 0.000101147 8.24074e-05 9.56936e-05 0.00011633 0.000110843 0.000113007 0.000121028 0.000126928 0.000128103 0.000152234 0.000169044 0.000176405 0.000201457 0.000261864 0.000360651 0.000465175 0.000630882 0.000902085 0.00126667 0.00174684 0.00238956 0.00322559 0.00427224 0.00557178 0.00713694 0.00897893 0.0111116 0.013479 0.0160089 0.0185889 0.0210573 0.0232103 0.0248639 0.0258343 0.0259428 0.0250928 0.023212 0.0203046 0.0164468 0.0118462 0.00674675 0.00147212 -0.00364582 -0.0083116 -0.0122937 -0.0154117 -0.0175464 -0.0187026 -0.0189389 -0.0184093 -0.017281 -0.0157701 -0.0140194 -0.0121994 -0.0104242 -0.00881063 -0.00737592 -0.00615042 -0.0051156 -0.00427475 -0.0035835 -0.0030267 -0.0025648 -0.0021844 -0.00185603 -0.00157541 -0.00132385 -0.00109677 -0.000881231 -0.000678256 -0.000480469 -0.0002882 -9.35299e-05 0.00010453 0.000313028 0.000529676 0.000764975 0.00102395 0.00132344 0.00166639 0.00207814 0.00257161 0.00318336 0.00392968 0.00485616 0.0059661 0.00728221 0.00878557 0.0104759 0.0122565 0.0140267 0.0156268 0.0169269 0.0177153 0.0178183 0.0170611 0.0153609 0.0126752 0.00909161 0.00475865 -0.000114309 -0.0052595 -0.0103504 -0.0150589 -0.0191223 -0.0223083 -0.0245071 -0.0256874 -0.0259019 -0.0252229 -0.0238163 -0.021855 -0.0195211 -0.017015 -0.014513 -0.012138 -0.0099707 -0.0080799 -0.00646052 -0.00511056 -0.00401574 -0.00313249 -0.0024426 -0.00193263 -0.00155339 -0.00125324 -0.00105293 -0.000937243 -0.000849853 -0.000780928 -0.00072864 -0.000714607 -0.00070833 -0.000688516 -0.000679571 -0.000677395 -0.000666192 -0.000654535 -0.000675737 -0.000665912 -0.000648822 -0.000662922 -0.000644659 -0.000641008 -0.000649004 -0.000643885 -0.000635888 -0.000632303 -0.000632747 -0.000616384 -0.000628349 -0.000629257 -0.000619176 -0.000633379 -0.00061877 -0.000616769 -0.000617492 -0.000608392 -0.000613994 -0.000608155 -0.000613297 -0.000608523 -0.00060628 -0.000612744 -0.0006002 -0.000610501 -0.000604772 -0.000599148 -0.000613357 -0.000596575 -0.000605088 
0 -1.71646e-06 8.91227e-06 2.81695e-06 1.39466e-05 1.96847e-05 1.83217e-05 3.21571e-05 2.78997e-05 3.1525e-05 3.76329e-05 2.86815e-05 3.75592e-05 4.37528e-05 4.26976e-05 5.91929e-05 6.39635e-05 5.88904e-05 7.21048e-05 6.4382e-05 6.1799e-05 7.99295e-05 7.1936e-05 8.46432e-05 9.19827e-05 8.50447e-05 9.6056e-05 9.45254e-05 0.000109523 0.000113962 0.000119204 0.000127982 0.000116776 0.000124131 0.000132794 0.000145108 0.000141063 0.000158866 0.000167743 0.000164632 0.000223565 0.000264394 0.000318265 0.000409659 0.000566815 0.000788503 0.00109092 0.00151751 0.00207878 0.00286107 0.00382633 0.00505152 0.00656943 0.00839525 0.0105372 0.0129943 0.0157303 0.0186111 0.0215647 0.0243537 0.0267918 0.0286456 0.0297302 0.0298248 0.0288232 0.0266683 0.0233321 0.0189522 0.0137247 0.00796004 0.00195675 -0.00385829 -0.00920039 -0.0137702 -0.0173841 -0.0198818 -0.0212969 -0.0216837 -0.0211833 -0.0199859 -0.0183215 -0.0163801 -0.0143186 -0.0123111 -0.0104433 -0.00877808 -0.00731858 -0.00611648 -0.0051127 -0.00429123 -0.00359576 -0.00305782 -0.00260025 -0.00221599 -0.00185534 -0.00156876 -0.00129848 -0.00105483 -0.000792294 -0.000569333 -0.000341443 -0.000124876 0.00013129 0.000369129 0.000626843 0.000890693 0.00122357 0.00157578 0.00198896 0.00246356 0.00308126 0.00381187 0.00470818 0.00578398 0.00711106 0.00864632 0.0103992 0.0123203 0.0143508 0.0163274 0.0181098 0.0195163 0.0203274 0.0203316 0.0193723 0.0173637 0.0142403 0.0101146 0.00514325 -0.00040484 -0.00626955 -0.0120323 -0.0173848 -0.0219961 -0.0256501 -0.0281642 -0.0295442 -0.0298148 -0.0290672 -0.0274914 -0.025276 -0.0226415 -0.0197775 -0.0169325 -0.014189 -0.0116964 -0.00949802 -0.00761632 -0.00602797 -0.00474202 -0.00372423 -0.00289848 -0.00228868 -0.00181889 -0.00149725 -0.00126427 -0.0010941 -0.000970938 -0.000914649 -0.000889061 -0.000831474 -0.00082262 -0.00080812 -0.000796406 -0.000794961 -0.000792638 -0.000784935 -0.000765407 -0.000768561 -0.000758945 -0.000762552 -0.000757915 -0.000752356 -0.000753481 -0.000734642 -0.000748038 -0.000743941 -0.00073684 -0.000749471 -0.000732258 -0.000726479 -0.000728099 -0.000716452 -0.000717855 -0.000724202 -0.000717115 -0.00071904 -0.000721592 -0.000709745 -0.000714814 -0.000712455 -0.000705699 -0.000712307 -0.000706054 -0.000707674 -0.000707342 -0.000702248 -0.000706348 -0.000702186 -0.000705635 
0 2.74036e-06 1.43342e-05 1.0329e-05 1.78736e-05 2.00964e-05 1.72736e-05 2.78997e-05 2.76307e-05 3.4559e-05 4.28846e-05 4.38073e-05 5.29547e-05 5.43058e-05 5.37943e-05 5.87052e-05 5.95658e-05 6.26746e-05 7.36281e-05 7.74651e-05 8.28233e-05 9.28787e-05 8.80936e-05 9.68728e-05 0.000101875 0.000101276 0.000116594 0.000112686 0.000117996 0.00012362 0.000121881 0.000135559 0.000142598 0.000149522 0.000155312 0.000164287 0.000165966 0.000183146 0.000203853 0.000213529 0.000254477 0.000295108 0.000371993 0.000498196 0.000668912 0.000917087 0.00128116 0.00178564 0.00244445 0.00333551 0.00445691 0.00586752 0.00761084 0.00969273 0.0121283 0.0149114 0.0179826 0.0212089 0.0244841 0.027572 0.0302472 0.0322777 0.0334401 0.0335075 0.0323552 0.0299258 0.0262016 0.0213338 0.015554 0.00917462 0.00253436 -0.00393096 -0.00988531 -0.0150191 -0.0190997 -0.0219749 -0.0236659 -0.024239 -0.0238146 -0.0225966 -0.020829 -0.0187264 -0.0164669 -0.0142385 -0.0121397 -0.0102339 -0.00855603 -0.00716326 -0.00600132 -0.00502507 -0.0042022 -0.00356125 -0.00303287 -0.00257153 -0.0021473 -0.00180452 -0.00150106 -0.00121098 -0.000907602 -0.000641856 -0.000389487 -0.000132347 0.000163217 0.000447091 0.000735073 0.00104895 0.00143896 0.00186284 0.00233807 0.002902 0.00363176 0.00450419 0.00554435 0.00679396 0.00832282 0.0100897 0.0120707 0.0142163 0.0164541 0.018612 0.0205265 0.0219935 0.0227737 0.0226404 0.0214515 0.0191119 0.0155653 0.0109129 0.00535457 -0.000830204 -0.00732945 -0.0137155 -0.0196356 -0.0247584 -0.0288293 -0.0316543 -0.0332203 -0.0335547 -0.0327597 -0.0310342 -0.0286013 -0.0256833 -0.0225079 -0.0193226 -0.0162483 -0.0134278 -0.0109326 -0.00878876 -0.00697658 -0.00550209 -0.00432028 -0.00337841 -0.0026766 -0.00213821 -0.00174236 -0.001465 -0.00128233 -0.00114429 -0.00105707 -0.00100383 -0.000955547 -0.000944136 -0.000925038 -0.000909129 -0.000901036 -0.000893252 -0.000887494 -0.000886568 -0.000886625 -0.000873567 -0.000875839 -0.00086535 -0.000860656 -0.000865503 -0.000852202 -0.00085411 -0.00084646 -0.000836414 -0.000838754 -0.000833861 -0.000833427 -0.000836042 -0.000832525 -0.000827801 -0.000827868 -0.000820253 -0.000817849 -0.000819782 -0.000812376 -0.000816299 -0.000813505 -0.000810361 -0.000813303 -0.00080525 -0.000810076 -0.000808983 -0.000805644 -0.000811477 -0.000803756 -0.000806416 
0 3.57665e-06 8.138e-06 1.21371e-05 1.78855e-05 2.17026e-05 2.87371e-05 3.1525e-05 3.4559e-05 4.16461e-05 3.88795e-05 5.00351e-05 5.52981e-05 5.20564e-05 7.03347e-05 6.61544e-05 6.90519e-05 8.54396e-05 7.52971e-05 8.76027e-05 9.58019e-05 9.15093e-05 0.00010358 0.000107633 0.000111971 0.000114688 0.000128888 0.000130772 0.000129114 0.000151556 0.00014206 0.000149494 0.000167077 0.000163182 0.000173293 0.000179473 0.000194493 0.000198999 0.000221115 0.000256041 0.000285041 0.000345469 0.000435792 0.000592 0.000785473 0.00107481 0.00150437 0.00207418 0.00284166 0.00383659 0.00512406 0.0067148 0.0086792 0.0110159 0.0137379 0.0168372 0.0202154 0.0237739 0.0273291 0.0306869 0.0335612 0.0357403 0.0369511 0.0369799 0.0356809 0.0329849 0.0289149 0.0236058 0.0173443 0.0104142 0.00322476 -0.00383068 -0.010337 -0.0160001 -0.0205249 -0.0237901 -0.0257798 -0.0265746 -0.0262792 -0.025097 -0.0232825 -0.0210593 -0.0186482 -0.0162201 -0.0139124 -0.0117687 -0.00988578 -0.00828632 -0.00696196 -0.00581628 -0.00487116 -0.0041069 -0.00350256 -0.00295135 -0.00247306 -0.00206048 -0.00172297 -0.00137615 -0.00104378 -0.000725842 -0.000449753 -0.000141077 0.000182128 0.00052026 0.000838519 0.001217 0.00165475 0.00216064 0.00270147 0.00337586 0.00421343 0.00524157 0.00643014 0.00787324 0.0095951 0.011596 0.0137889 0.0161466 0.0185522 0.0208591 0.022856 0.0243336 0.0250297 0.0247243 0.0232796 0.0205933 0.0166372 0.0114875 0.00539488 -0.00137199 -0.00842225 -0.0153679 -0.0217847 -0.027372 -0.0318128 -0.0349397 -0.0366843 -0.0370943 -0.0362784 -0.0344354 -0.0318227 -0.0286545 -0.0252128 -0.0217039 -0.018329 -0.0151913 -0.0124105 -0.00999947 -0.00796413 -0.00629977 -0.00494577 -0.00388723 -0.0030695 -0.00246653 -0.00199797 -0.00167551 -0.00146188 -0.00130562 -0.00120157 -0.00112429 -0.00109544 -0.00106364 -0.00104148 -0.00102918 -0.0010213 -0.00101215 -0.000995657 -0.00100747 -0.000989936 -0.000979754 -0.000986905 -0.000971166 -0.000968933 -0.000966775 -0.000964563 -0.000954068 -0.000954011 -0.000955887 -0.00093897 -0.000948822 -0.000941995 -0.000930275 -0.000939899 -0.000926886 -0.000925753 -0.000928248 -0.000920661 -0.000922151 -0.000919733 -0.000918417 -0.000913357 -0.000915038 -0.000915698 -0.000907582 -0.000914353 -0.000907912 -0.000904344 -0.000912435 -0.000901923 -0.00090828 
0 2.88746e-06 1.10762e-05 1.25969e-05 1.77757e-05 2.77131e-05 2.56223e-05 3.76329e-05 4.28846e-05 3.88795e-05 5.79102e-05 4.9725e-05 5.28156e-05 7.15034e-05 5.863e-05 8.03048e-05 8.80291e-05 7.975e-05 0.000101318 9.40609e-05 9.65461e-05 0.000109127 0.000112959 0.000119097 0.000125774 0.00013895 0.000126769 0.000143538 0.000157896 0.000148132 0.000175349 0.000175842 0.000171649 0.000181265 0.000194723 0.000206104 0.000209572 0.000238486 0.000246946 0.000269666 0.000329207 0.000412616 0.000515521 0.00065718 0.000912952 0.00126422 0.00173806 0.00238139 0.00325133 0.00438836 0.00581877 0.0076082 0.00978246 0.0123805 0.0153863 0.0187721 0.0224543 0.0262959 0.0301179 0.0336807 0.0367374 0.0390097 0.0402483 0.0402181 0.038768 0.0358271 0.0314348 0.0257578 0.019058 0.0116774 0.00399773 -0.00354988 -0.0105684 -0.0166938 -0.0216572 -0.0253045 -0.0276217 -0.028666 -0.0285504 -0.0274657 -0.025653 -0.0233691 -0.0208367 -0.0182533 -0.0157375 -0.0133897 -0.0112881 -0.00949528 -0.00797258 -0.00667458 -0.00558009 -0.00470291 -0.00398353 -0.00336057 -0.00280513 -0.00234011 -0.00193542 -0.00155216 -0.00117106 -0.000822107 -0.000491886 -0.000151336 0.00021911 0.000589249 0.000969731 0.00139647 0.00190473 0.00247182 0.00311524 0.00389028 0.00486364 0.00602863 0.00740153 0.00902692 0.0109607 0.0131641 0.0155743 0.0181035 0.0206548 0.0230526 0.0250902 0.0265138 0.0270757 0.0265607 0.0248289 0.0217905 0.0174222 0.0118274 0.0052329 -0.00202845 -0.00957593 -0.0169818 -0.0238532 -0.0298257 -0.0346118 -0.0380066 -0.0399335 -0.0404257 -0.0396085 -0.0376923 -0.0349164 -0.0315563 -0.0278612 -0.0240797 -0.020401 -0.0169821 -0.0139154 -0.0112441 -0.00898629 -0.00711621 -0.00561807 -0.00442148 -0.00349085 -0.0027891 -0.00228886 -0.00192224 -0.00163794 -0.00146086 -0.00135245 -0.00128408 -0.00121509 -0.00117795 -0.00116604 -0.00114324 -0.00113555 -0.00112874 -0.00112432 -0.0010976 -0.00109848 -0.00110464 -0.00108083 -0.0010914 -0.00108307 -0.00106807 -0.00106735 -0.00106655 -0.00106284 -0.00105433 -0.00106459 -0.0010449 -0.00104022 -0.00104815 -0.00102549 -0.00103849 -0.0010351 -0.00102406 -0.00103442 -0.00102114 -0.00102211 -0.00102228 -0.00101601 -0.00101749 -0.00101317 -0.00101607 -0.0010103 -0.001011 -0.00101283 -0.00100466 -0.00101255 -0.00100768 
0 1.11385e-05 5.20202e-06 2.39655e-05 2.0624e-05 2.34755e-05 3.74653e-05 2.86815e-05 4.38073e-05 5.00351e-05 4.9725e-05 6.81819e-05 6.74835e-05 7.3388e-05 8.26383e-05 7.67189e-05 8.29661e-05 9.2431e-05 9.45332e-05 0.00010866 0.000120686 0.000119839 0.000130004 0.000131634 0.000134765 0.000146835 0.00015236 0.000165093 0.000161789 0.000169183 0.000177489 0.000176928 0.000201693 0.00021284 0.000214987 0.00022227 0.000243121 0.000252016 0.000280706 0.000337453 0.000367516 0.000447358 0.00058158 0.000782134 0.00105418 0.00143419 0.00198146 0.00272238 0.00370912 0.00495044 0.0065572 0.00853977 0.0109387 0.0137829 0.0170619 0.0207301 0.0246788 0.0287918 0.0328194 0.0365702 0.0397468 0.0420894 0.0433124 0.0432109 0.041607 0.0384317 0.0337676 0.0277614 0.0207109 0.0129371 0.00487307 -0.00311094 -0.0105519 -0.0171081 -0.0224693 -0.0265119 -0.0291645 -0.0304956 -0.0306065 -0.0296752 -0.0279295 -0.0256316 -0.0230359 -0.0203154 -0.0176313 -0.0150807 -0.0127892 -0.0107762 -0.00906508 -0.00758666 -0.00635989 -0.00533399 -0.00450719 -0.00378246 -0.00317033 -0.00262393 -0.00216566 -0.00171986 -0.0013132 -0.000908709 -0.000540391 -0.000142657 0.000251686 0.000678231 0.00110647 0.00161054 0.00216831 0.00282416 0.00356068 0.00447268 0.00556524 0.00689475 0.00844142 0.0102802 0.0124015 0.014812 0.0174022 0.0200928 0.0227358 0.0251855 0.0271981 0.0285155 0.0288889 0.0281248 0.026087 0.0226776 0.0179226 0.0119055 0.00488673 -0.00281952 -0.0107634 -0.0185745 -0.0258095 -0.032129 -0.0371999 -0.04085 -0.0429486 -0.0435338 -0.0427455 -0.0407786 -0.0378947 -0.0343583 -0.0304679 -0.0264232 -0.0224867 -0.0187857 -0.0154481 -0.0125232 -0.0100487 -0.00798412 -0.00629777 -0.00498535 -0.00395027 -0.00316808 -0.00256987 -0.00215005 -0.00185899 -0.00165988 -0.00150251 -0.00139411 -0.0013585 -0.00130964 -0.00128013 -0.00126377 -0.00124494 -0.00122718 -0.00122694 -0.00123068 -0.00121315 -0.00121246 -0.00119969 -0.00119273 -0.00119123 -0.00118499 -0.00118711 -0.00117073 -0.00116534 -0.00116064 -0.00114841 -0.00115365 -0.00115407 -0.00114671 -0.00114899 -0.00114417 -0.00113141 -0.00113626 -0.00112941 -0.00112304 -0.00113066 -0.00111914 -0.00112221 -0.0011215 -0.00111076 -0.00111954 -0.00111206 -0.00111318 -0.00111798 -0.00110899 -0.00111552 -0.00110876 
0 9.55931e-06 3.48237e-06 2.21402e-05 2.07181e-05 2.71407e-05 4.33963e-05 3.75592e-05 5.29547e-05 5.52981e-05 5.28156e-05 6.74835e-05 6.5161e-05 7.51027e-05 8.70513e-05 9.04467e-05 0.000104296 0.000109568 0.000110127 0.000116836 0.000119368 0.00012306 0.000137892 0.000142806 0.000152275 0.000163061 0.000160392 0.000176742 0.000181985 0.000191239 0.00020886 0.000205559 0.000214202 0.000221267 0.000229165 0.000243882 0.000266892 0.00028001 0.000304187 0.000358305 0.000414093 0.000528569 0.000676799 0.000883834 0.00120615 0.00165694 0.00226909 0.00308797 0.00418253 0.0055657 0.00733664 0.00951078 0.0121235 0.0152171 0.0187584 0.0226851 0.0268858 0.0312256 0.0354388 0.0393255 0.0425938 0.0449583 0.0461468 0.0459513 0.0441935 0.0408088 0.0359066 0.0296356 0.0222932 0.0142189 0.00583689 -0.00248824 -0.0102938 -0.0172156 -0.0229607 -0.0273841 -0.0303955 -0.0320403 -0.032428 -0.0317055 -0.0300899 -0.0278425 -0.0252285 -0.022415 -0.0195856 -0.016866 -0.0143855 -0.0121622 -0.0102431 -0.00859067 -0.0072104 -0.00603783 -0.00507632 -0.00425469 -0.00356509 -0.00294557 -0.00241225 -0.0019139 -0.0014642 -0.00101589 -0.000590943 -0.000147925 0.000287315 0.000759516 0.00125625 0.00182861 0.0024557 0.00319378 0.00404985 0.0050967 0.00633095 0.00781886 0.0095613 0.0116073 0.013923 0.0165126 0.0192678 0.0220819 0.0247823 0.0272251 0.0291558 0.030311 0.0304478 0.0294026 0.0270328 0.0232591 0.0181253 0.0117406 0.00434996 -0.00371001 -0.0119863 -0.0201094 -0.0276491 -0.034246 -0.0395682 -0.0434408 -0.0457106 -0.0464061 -0.0456682 -0.0436959 -0.0407367 -0.0370792 -0.0330176 -0.028759 -0.0245771 -0.0206244 -0.0170281 -0.013851 -0.0111524 -0.00889031 -0.00703942 -0.00557895 -0.00441757 -0.00354251 -0.00288996 -0.00241031 -0.00205248 -0.00182427 -0.00166582 -0.00155057 -0.0014906 -0.00143042 -0.00140055 -0.00138614 -0.00137234 -0.00135657 -0.00134736 -0.00133368 -0.00131823 -0.00132274 -0.00130841 -0.00130538 -0.0012996 -0.00128349 -0.0012859 -0.00127812 -0.0012767 -0.00127878 -0.00126947 -0.00126332 -0.00125857 -0.00124716 -0.00124454 -0.00124544 -0.00123589 -0.00124069 -0.00123577 -0.00122874 -0.00123386 -0.00122111 -0.00122559 -0.00122655 -0.00121715 -0.00122558 -0.00121473 -0.00121309 -0.00121537 -0.00120558 -0.00121535 -0.00121169 
0 5.55921e-06 1.45027e-05 1.95798e-05 2.39273e-05 3.49411e-05 3.46964e-05 4.37528e-05 5.43058e-05 5.20564e-05 7.15034e-05 7.3388e-05 7.51027e-05 9.36375e-05 8.32264e-05 9.72392e-05 0.000108365 0.000101988 0.00012458 0.000128818 0.000133133 0.000146424 0.000152424 0.000155372 0.000162115 0.000180404 0.000171994 0.000188948 0.000203965 0.000191826 0.000219697 0.000224113 0.000230572 0.000247773 0.00025648 0.000275593 0.000282973 0.000316736 0.000348674 0.000394298 0.000469158 0.000590225 0.000768436 0.000996024 0.00137342 0.00188062 0.00256056 0.00348268 0.00468688 0.00622872 0.00815449 0.0105353 0.0133639 0.0167027 0.0204919 0.0246553 0.0290907 0.033608 0.0379802 0.0419479 0.0452703 0.0476069 0.0487351 0.0484184 0.0465026 0.0429338 0.0378241 0.0313514 0.0237782 0.0154945 0.00686234 -0.00170627 -0.00981019 -0.0170304 -0.0231347 -0.0279164 -0.0313003 -0.0332826 -0.0339869 -0.0335243 -0.0320989 -0.0299681 -0.0273799 -0.0245222 -0.0215751 -0.0187221 -0.016055 -0.0136363 -0.0114948 -0.00967266 -0.00811553 -0.00679903 -0.00567922 -0.00476181 -0.00397094 -0.00328497 -0.00265901 -0.00211539 -0.00160309 -0.00112015 -0.000624114 -0.000146148 0.000348876 0.000859703 0.00144211 0.00207442 0.00279304 0.00361167 0.00461068 0.00578896 0.00718866 0.00883178 0.0107873 0.0130286 0.0155425 0.0182803 0.0211786 0.0240705 0.0267908 0.0291617 0.0309508 0.0318857 0.0317415 0.0303802 0.0276548 0.0235243 0.0180242 0.0113229 0.00361543 -0.00470905 -0.0132554 -0.0216021 -0.029386 -0.0361922 -0.0417325 -0.0457912 -0.048229 -0.0490485 -0.0483807 -0.0464401 -0.0434371 -0.0397054 -0.0354927 -0.0310671 -0.0266542 -0.0224721 -0.0186268 -0.0152125 -0.0122929 -0.00982423 -0.00781623 -0.00620081 -0.00493244 -0.00394589 -0.00322758 -0.00268984 -0.00228142 -0.00202212 -0.00183336 -0.00170886 -0.0016149 -0.00156329 -0.00152929 -0.00149674 -0.00148101 -0.00146325 -0.00146307 -0.00143851 -0.00143937 -0.00144019 -0.00141212 -0.00142244 -0.00141231 -0.00139921 -0.0013993 -0.00139252 -0.00138139 -0.00137194 -0.00137742 -0.00135895 -0.00136142 -0.00136617 -0.00134556 -0.00135728 -0.00134775 -0.00133726 -0.00134445 -0.00133223 -0.00133511 -0.00133141 -0.00132528 -0.00132584 -0.00131866 -0.00132204 -0.00131813 -0.00131972 -0.00132262 -0.00131535 -0.00132035 -0.00131334 
0 1.25925e-05 6.27743e-06 2.64338e-05 2.85769e-05 2.82958e-05 5.06536e-05 4.26976e-05 5.37943e-05 7.03347e-05 5.863e-05 8.26383e-05 8.70513e-05 8.32264e-05 0.000111706 0.000103079 0.000109846 0.00012756 0.000121611 0.000137972 0.000147148 0.000154335 0.000159854 0.000169951 0.000180957 0.000176676 0.000204183 0.000207325 0.000207054 0.000231086 0.000227136 0.000237019 0.000252185 0.000272516 0.000274878 0.000286642 0.000322205 0.000329462 0.000380443 0.000451204 0.000534209 0.000654767 0.000853222 0.00116269 0.00156028 0.00212074 0.00288097 0.00391607 0.00524123 0.0069135 0.00902384 0.0115892 0.0146552 0.0182095 0.0222398 0.0266262 0.0312595 0.0359356 0.040411 0.0444477 0.0477542 0.0500535 0.0510722 0.05063 0.0485469 0.0448212 0.039544 0.032913 0.0251952 0.0167571 0.00797415 -0.000780397 -0.00908074 -0.0165708 -0.0229732 -0.0281167 -0.0318599 -0.0342219 -0.0352655 -0.0351206 -0.033944 -0.0319948 -0.0294885 -0.0266302 -0.0236173 -0.0206491 -0.0178256 -0.015207 -0.0128641 -0.0108447 -0.00911885 -0.00762861 -0.00636469 -0.00531432 -0.00443139 -0.00364781 -0.0029502 -0.00232977 -0.00177008 -0.00122291 -0.000680376 -0.000139705 0.000398854 0.000980606 0.00162702 0.00234807 0.00314635 0.00408333 0.00521087 0.00655039 0.00810637 0.0099366 0.0120872 0.0145351 0.0172209 0.0200993 0.0230933 0.0260292 0.0287171 0.0309605 0.0325468 0.0332059 0.0327524 0.0310326 0.0279549 0.0234593 0.0176452 0.0106501 0.0027217 -0.00581213 -0.0145267 -0.0230452 -0.03098 -0.0379529 -0.043661 -0.0478809 -0.0504837 -0.0514345 -0.0508797 -0.0489836 -0.0460071 -0.0422167 -0.0379145 -0.033338 -0.0287445 -0.024342 -0.0202616 -0.0166299 -0.0134788 -0.0108246 -0.00861843 -0.00686474 -0.00547642 -0.00439106 -0.0035659 -0.00295777 -0.00254228 -0.00222282 -0.00199671 -0.00184521 -0.0017678 -0.00170009 -0.00164272 -0.00162986 -0.00159707 -0.00158014 -0.00157196 -0.0015705 -0.001552 -0.00153569 -0.0015433 -0.00151782 -0.00151786 -0.0015185 -0.00150237 -0.00149808 -0.00149 -0.00148771 -0.00147277 -0.00147939 -0.00147451 -0.00145642 -0.00147093 -0.00145038 -0.00144583 -0.00145741 -0.00143414 -0.00144197 -0.00144099 -0.00142712 -0.0014371 -0.00142854 -0.00142502 -0.00142923 -0.00142044 -0.00142161 -0.00142083 -0.00141631 -0.00141957 -0.00141762 
0 2.52579e-06 2.20031e-05 1.61709e-05 3.08093e-05 4.06431e-05 3.83054e-05 5.91929e-05 5.87052e-05 6.61544e-05 8.03048e-05 7.67189e-05 9.04467e-05 9.72392e-05 0.000103079 0.00011683 0.000125021 0.000136087 0.000141234 0.00014861 0.000151731 0.000158558 0.000173216 0.000180645 0.000194064 0.000204667 0.000209212 0.000214569 0.000231151 0.000241896 0.000249893 0.000272178 0.000270236 0.000274852 0.00029826 0.000316637 0.000338618 0.00037582 0.000421733 0.000473998 0.000588407 0.000756282 0.000981887 0.00129409 0.00174928 0.00239943 0.00325138 0.00436946 0.00581283 0.00766093 0.00993837 0.0127012 0.0159791 0.0197624 0.0240085 0.0285995 0.0334024 0.0381921 0.0427514 0.0467946 0.0500637 0.0522679 0.0531677 0.0525624 0.050325 0.0464568 0.0410484 0.0343164 0.0265131 0.0180063 0.00913179 0.000293439 -0.00814894 -0.015829 -0.0225063 -0.0279645 -0.0320841 -0.0348275 -0.0362517 -0.0364573 -0.0355954 -0.0338835 -0.0315161 -0.0287131 -0.0256784 -0.0226328 -0.0196653 -0.0168753 -0.0143277 -0.0121176 -0.0101957 -0.00854092 -0.00710928 -0.00592853 -0.00491925 -0.00404833 -0.00325655 -0.00257052 -0.00193345 -0.00133566 -0.000726437 -0.000138621 0.00047265 0.00111474 0.00184763 0.00264415 0.00355485 0.00460785 0.00588958 0.0073798 0.00912069 0.0111346 0.0134912 0.0161206 0.0189735 0.0219599 0.0250155 0.0279419 0.0305471 0.0326069 0.0339257 0.034268 0.0334609 0.0313711 0.0279158 0.0230892 0.0169755 0.00975636 0.0016526 -0.00699155 -0.0158196 -0.0244223 -0.0324527 -0.0395266 -0.0453674 -0.0497234 -0.0524764 -0.0535852 -0.0531521 -0.0513516 -0.0484189 -0.0446329 -0.0402561 -0.035577 -0.0308212 -0.0262256 -0.0219343 -0.018079 -0.0147072 -0.011854 -0.00949105 -0.00756012 -0.00603166 -0.00484909 -0.00395899 -0.00327205 -0.00277004 -0.00241987 -0.00219251 -0.00202603 -0.00189516 -0.00182532 -0.00177936 -0.00174457 -0.00172302 -0.00171328 -0.00168469 -0.00166765 -0.0016681 -0.00165334 -0.00164819 -0.00164091 -0.00162772 -0.00161532 -0.00161132 -0.00160806 -0.00160183 -0.00160081 -0.00159135 -0.00158299 -0.0015738 -0.00156957 -0.00156476 -0.00155868 -0.00156079 -0.00154985 -0.00155065 -0.00154719 -0.00153522 -0.0015435 -0.00153358 -0.00153255 -0.00153774 -0.00152415 -0.00153024 -0.00152419 -0.00151752 -0.00152573 -0.00151618 -0.00152249 
0 1.06454e-06 2.42916e-05 1.56543e-05 3.38526e-05 4.47271e-05 3.94073e-05 6.39635e-05 5.95658e-05 6.90519e-05 8.80291e-05 8.29661e-05 0.000104296 0.000108365 0.000109846 0.000125021 0.000123483 0.000136805 0.000146517 0.000157377 0.000174704 0.000180395 0.0001907 0.000196146 0.000200218 0.000212508 0.000225384 0.000233273 0.000247989 0.000255637 0.000257202 0.000279587 0.000291829 0.000307815 0.000332338 0.000343718 0.000363905 0.000406211 0.000461867 0.000539923 0.000665742 0.000827327 0.00108468 0.00146581 0.00197766 0.00268073 0.00362133 0.00485939 0.00644379 0.00844782 0.0108959 0.0138618 0.0173604 0.0213535 0.025799 0.0305735 0.0355132 0.040387 0.044984 0.0489996 0.0521831 0.0542645 0.055008 0.054227 0.0518332 0.0478414 0.0423368 0.0355519 0.0277316 0.0192178 0.0103345 0.00148218 -0.00702135 -0.0148398 -0.021733 -0.0274816 -0.0319611 -0.0351008 -0.0369227 -0.0375208 -0.0370226 -0.0356043 -0.0334337 -0.0307445 -0.0277418 -0.02465 -0.0215693 -0.0186269 -0.0158943 -0.013483 -0.011362 -0.00952882 -0.00793056 -0.00659665 -0.00545324 -0.00447615 -0.00359302 -0.00282373 -0.002108 -0.00144368 -0.000773684 -0.000124129 0.000560288 0.00128063 0.00209647 0.00298525 0.00401436 0.00520729 0.00664333 0.00829865 0.0102281 0.0124415 0.0149912 0.0177895 0.0207827 0.0238538 0.0269238 0.0297882 0.0322532 0.0340739 0.0350717 0.0350501 0.0338632 0.0313809 0.0275522 0.0224075 0.0160421 0.00864249 0.000436787 -0.00825317 -0.0171132 -0.0257402 -0.033796 -0.0409213 -0.0468527 -0.0513225 -0.0542188 -0.0554925 -0.0552107 -0.0535298 -0.0506837 -0.0469308 -0.0425231 -0.037768 -0.0328852 -0.0281126 -0.0236247 -0.0195676 -0.0159828 -0.0129237 -0.010383 -0.00830059 -0.00664539 -0.00534289 -0.00434419 -0.00359656 -0.00306117 -0.00265472 -0.00236954 -0.00218536 -0.00205064 -0.00196962 -0.00191211 -0.00186217 -0.0018301 -0.00181923 -0.00180011 -0.00179131 -0.00178554 -0.00176354 -0.00175743 -0.00175131 -0.00174278 -0.00173948 -0.00173117 -0.00171674 -0.00170773 -0.00169751 -0.00168993 -0.00169117 -0.00168142 -0.00168232 -0.00167528 -0.00166515 -0.00166861 -0.00165228 -0.00165664 -0.00165626 -0.00164194 -0.00165152 -0.00163619 -0.00163177 -0.00163694 -0.00162283 -0.00163435 -0.00163215 -0.00162774 -0.00163696 -0.0016229 -0.00162509 
0 1.30543e-05 1.47569e-05 2.85524e-05 3.73542e-05 3.6435e-05 5.50977e-05 5.88904e-05 6.26746e-05 8.54396e-05 7.975e-05 9.2431e-05 0.000109568 0.000101988 0.00012756 0.000136087 0.000136805 0.00015882 0.000157714 0.000163816 0.000177076 0.000184526 0.000190825 0.000211018 0.000224963 0.000222091 0.000250639 0.000250734 0.000256671 0.000284745 0.000282173 0.000302637 0.000307413 0.00032471 0.000343885 0.000355418 0.000404584 0.000438122 0.000498188 0.0005928 0.000742931 0.000934137 0.00122013 0.00166032 0.00221451 0.00300013 0.00403786 0.00538905 0.00711109 0.00926485 0.0119049 0.0150593 0.0187756 0.0229591 0.0275972 0.0325294 0.0375738 0.042509 0.0470982 0.0510624 0.0541147 0.0560547 0.0566046 0.0556463 0.0530924 0.0489954 0.0434285 0.0366346 0.0288596 0.0203924 0.0115828 0.00277286 -0.00571303 -0.013624 -0.0206681 -0.0266858 -0.0314977 -0.0350447 -0.0372748 -0.0383057 -0.038211 -0.0371394 -0.0352259 -0.0327118 -0.0297989 -0.0266956 -0.023542 -0.0204683 -0.0175778 -0.0149569 -0.0126422 -0.0106119 -0.00885151 -0.0073384 -0.00605939 -0.00494971 -0.00397925 -0.00310305 -0.00231384 -0.00156068 -0.000837347 -0.000104109 0.000647419 0.00146872 0.00236192 0.00336798 0.00451561 0.00587506 0.00746139 0.00930203 0.0114163 0.0138438 0.0165656 0.0195196 0.0226171 0.0257468 0.0287797 0.0315279 0.0337917 0.0353216 0.035955 0.0355276 0.0339429 0.031053 0.0268703 0.0214234 0.0148654 0.00732985 -0.000899312 -0.00957921 -0.0183846 -0.0269807 -0.034993 -0.0421244 -0.0481031 -0.0526671 -0.0557037 -0.0571439 -0.0570473 -0.0555079 -0.0527964 -0.0491035 -0.0447176 -0.0399097 -0.0349401 -0.0300191 -0.02535 -0.0211029 -0.0173073 -0.0140615 -0.0113239 -0.00908434 -0.00728135 -0.00587011 -0.00476633 -0.00392924 -0.00334282 -0.00287823 -0.00256547 -0.00235402 -0.00220873 -0.00210089 -0.00203396 -0.00200331 -0.00195911 -0.00194599 -0.00191959 -0.00191038 -0.00189571 -0.00187481 -0.00188475 -0.00185488 -0.00184786 -0.00184664 -0.00182631 -0.00182521 -0.00182365 -0.00181623 -0.00180279 -0.00180771 -0.00179125 -0.00177919 -0.00178947 -0.0017664 -0.00177182 -0.00177125 -0.00174909 -0.0017602 -0.00174858 -0.00174265 -0.00175327 -0.00174232 -0.00174462 -0.00174364 -0.00173213 -0.00173175 -0.0017271 -0.00172313 -0.00172817 -0.0017297 
