0 0 0 0 0 0 0 0 0 0 0 0 0 0 0 0 0 0 0 0 0 0 0 0 0 0 0 0 0 0 0 0 0 0 0 0 0 0 0 0 0 0 0 0 0 0 0 0 0 0 0 0 0 0 0 0 0 0 0 0 0 0 0 0 0 0 0 0 0 0 0 0 0 0 0 0 0 0 0 0 0 0 0 0 0 0 0 0 0 0 0 0 0 0 0 0 0 0 0 0 0 0 0 0 0 0 0 0 0 0 0 0 0 0 0 0 0 0 0 0 0 0 0 0 0 0 0 0 0 0 0 0 0 0 0 0 0 0 0 0 0 0 0 0 0 0 0 0 0 0 0 0 0 0 0 0 0 0 0 0 0 0 0 0 0 0 0 0 0 0 0 0 0 0 0 0 0 0 0 0 0 0 0 0 0 0 0 0 0 0 0 0 0 0 0 0 0 0 0 0 
0 -5.59943e-07 5.33275e-06 6.41201e-06 2.96513e-06 5.87637e-06 3.71089e-06 7.67091e-07 7.13114e-06 9.92692e-06 1.05554e-05 1.65737e-05 1.79967e-05 8.2347e-06 1.23519e-05 1.50938e-05 3.34738e-06 2.34191e-05 2.43534e-05 1.05967e-05 3.25992e-05 1.8301e-05 1.56586e-05 3.46193e-05 2.45297e-05 3.0138e-05 2.2575e-05 2.52274e-05 2.84875e-05 2.3078e-05 4.57732e-05 3.77233e-05 3.11245e-05 3.1396e-05 4.80177e-05 5.68595e-05 2.86482e-05 4.67989e-05 4.71053e-05 4.62149e-05 5.1251e-05 4.43236e-05 5.45036e-05 5.02919e-05 6.47807e-05 5.34903e-05 6.34132e-05 7.28575e-05 6.27065e-05 7.64486e-05 7.3583e-05 8.2383e-05 7.29763e-05 8.93266e-05 8.61328e-05 8.28621e-05 9.62152e-05 9.4303e-05 0.000100993 9.79736e-05 0.000121945 0.000116757 0.00013511 0.000156631 0.000188614 0.000221907 0.000279315 0.000368744 0.000461146 0.000600247 0.000770553 0.000998709 0.00124641 0.00157388 0.00195211 0.00239572 0.00286952 0.00339534 0.00392444 0.00441572 0.00482923 0.00514422 0.00532876 0.00532975 0.00514311 0.00475103 0.00417235 0.00339282 0.00249108 0.00152108 0.000582076 -0.000310319 -0.00107467 -0.00167708 -0.0020303 -0.00215215 -0.00203029 -0.00172832 -0.00124462 -0.000654622 9.68574e-06 0.000637115 0.00118946 0.00158407 0.00181829 0.00182445 0.00160515 0.00112716 0.000465767 -0.000348502 -0.00123273 -0.002176 -0.00308429 -0.00390323 -0.00454098 -0.00500342 -0.00526459 -0.00534092 -0.00522442 -0.00496776 -0.00459986 -0.00414659 -0.00363715 -0.00311795 -0.00263927 -0.00218936 -0.00179679 -0.00145355 -0.00119177 -0.000953037 -0.000771064 -0.000619623 -0.000521968 -0.000425251 -0.000363216 -0.000322871 -0.000292835 -0.000266355 -0.000247135 -0.000250618 -0.000227762 -0.000228015 -0.000218787 -0.000223247 -0.000204468 -0.000208527 -0.000207731 -0.000193774 -0.000197495 -0.000190536 -0.00019397 -0.00017707 -0.00019174 -0.000181063 -0.000176153 -0.000182991 -0.000175301 -0.000180961 -0.000169967 -0.000176831 -0.000164058 -0.00017621 -0.000174025 -0.000146436 -0.00016363 -0.000165596 -0.000165032 -0.000146203 -0.000148495 -0.000163046 -0.000153303 -0.000160468 -0.000150206 -0.000154851 -0.000148808 -0.000143251 -0.000164888 -0.000141151 -0.000141282 -0.000151117 -0.000132397 -0.000144615 -0.00015065 -0.000144817 -0.000145796 -0.000145609 -0.000140647 -0.000135073 -0.000143596 -0.000139157 -0.000136423 -0.000146512 -0.000136569 -0.000137261 -0.000144493 -0.000134579 -0.000139297 -0.000142976 -0.000132253 -0.0001393 
0 5.33275e-06 -6.28219e-06 7.2678e-06 5.66653e-06 6.96153e-06 2.04911e-05 1.58645e-05 2.02611e-05 1.66981e-05 1.45869e-05 1.70027e-05 1.38675e-05 3.14682e-05 3.08626e-05 3.27857e-05 4.56498e-05 2.8445e-05 3.14907e-05 4.06892e-05 3.59475e-05 4.26866e-05 5.01829e-05 4.83639e-05 3.65835e-05 5.5471e-05 6.78047e-05 5.32999e-05 7.42167e-05 7.30519e-05 4.78174e-05 6.56644e-05 8.49648e-05 7.67109e-05 6.78836e-05 7.11957e-05 8.62855e-05 9.84603e-05 9.21957e-05 8.89188e-05 0.000105904 0.000115207 0.000103914 0.000115152 0.000122954 0.00011467 0.000126768 0.000130855 0.000130352 0.000132744 0.00014988 0.000146866 0.000148356 0.00017088 0.000168142 0.000175293 0.00018571 0.000204816 0.00019832 0.000217171 0.000241131 0.000250152 0.000276813 0.000320588 0.000385979 0.000445077 0.000572734 0.000728584 0.000936302 0.00119201 0.001553 0.00198547 0.00250292 0.00314158 0.00390642 0.00478297 0.0057331 0.00677923 0.00782326 0.00880794 0.00961989 0.010259 0.010605 0.0106245 0.0102337 0.0094745 0.00830158 0.0067791 0.00497276 0.00307259 0.00118548 -0.000565017 -0.00210054 -0.00327354 -0.00399764 -0.00422712 -0.00401137 -0.00339828 -0.00246195 -0.00128076 9.45713e-06 0.00126402 0.00233617 0.00313312 0.00357263 0.00359596 0.00313608 0.0022077 0.000876354 -0.000720104 -0.00249997 -0.00435005 -0.00617091 -0.00777203 -0.00906334 -0.00996329 -0.0105045 -0.0106381 -0.0104305 -0.00990722 -0.00919031 -0.00827829 -0.00727808 -0.00624291 -0.00528828 -0.00439445 -0.00360523 -0.00293128 -0.00238742 -0.00192862 -0.00154356 -0.0012607 -0.00103706 -0.000865454 -0.000721192 -0.000650076 -0.000577901 -0.000528704 -0.000492133 -0.000484289 -0.000457681 -0.000437988 -0.000441996 -0.000428155 -0.000417209 -0.000409498 -0.000417659 -0.000395407 -0.000394971 -0.000397537 -0.000384568 -0.000377648 -0.000377443 -0.000372947 -0.000355806 -0.000364225 -0.000353799 -0.000337709 -0.000345899 -0.000345784 -0.000331297 -0.000323728 -0.000331779 -0.000335906 -0.000332654 -0.000316197 -0.000308496 -0.000333321 -0.000330932 -0.000298047 -0.000306346 -0.000310041 -0.000292802 -0.000304954 -0.000307825 -0.000293166 -0.000288099 -0.000298227 -0.000298972 -0.000292788 -0.000303918 -0.000290771 -0.000280003 -0.000285202 -0.000277913 -0.000284372 -0.000284057 -0.000287277 -0.000286674 -0.000275161 -0.000288313 -0.000274897 -0.000273933 -0.000290521 -0.000266203 -0.000280679 -0.000284256 -0.000263258 -0.000288612 -0.000274006 
0 6.41201e-06 7.2678e-06 1.29443e-05 1.11325e-05 1.32588e-05 1.65356e-05 1.34246e-05 2.24717e-05 2.86927e-05 3.03689e-05 3.95942e-05 4.10917e-05 3.48086e-05 3.9664e-05 4.26752e-05 3.76684e-05 5.62102e-05 6.04672e-05 5.28504e-05 7.19994e-05 6.23594e-05 6.32016e-05 8.22259e-05 7.47419e-05 8.34577e-05 7.97453e-05 8.02682e-05 9.00423e-05 8.96987e-05 0.000108785 0.00010922 0.000105975 0.00010696 0.000127486 0.000138217 0.00011606 0.000135764 0.000139144 0.000140503 0.000151268 0.000149682 0.000158792 0.000163776 0.00018165 0.00017343 0.000190036 0.000204582 0.000198891 0.000216293 0.000223712 0.000233352 0.000230548 0.000255784 0.000256863 0.000259488 0.000281433 0.000290865 0.000301085 0.000313838 0.000354253 0.000367728 0.000412944 0.000479513 0.000571101 0.000682007 0.000859816 0.00110883 0.00141087 0.00181842 0.00234329 0.00300448 0.00377978 0.00474507 0.00588254 0.0071897 0.00861565 0.0101601 0.0117131 0.0131586 0.0143802 0.0153055 0.0158252 0.0158294 0.0152655 0.014114 0.0123871 0.0101178 0.00747066 0.00464492 0.00186072 -0.000749493 -0.00300561 -0.00475255 -0.00582131 -0.00619064 -0.00587818 -0.00499413 -0.00361174 -0.00189262 2.92579e-06 0.00182935 0.00341193 0.00457013 0.00521555 0.00522095 0.00454013 0.00315438 0.00120098 -0.00117841 -0.00380531 -0.00655805 -0.00922692 -0.0116082 -0.0135077 -0.0148657 -0.0156504 -0.0158696 -0.0155523 -0.0147994 -0.0137157 -0.0123766 -0.0108848 -0.00936071 -0.00792546 -0.00659517 -0.00541896 -0.0044078 -0.00359089 -0.00289408 -0.00233416 -0.00189221 -0.00156785 -0.00129782 -0.00110212 -0.000974608 -0.000878286 -0.000802356 -0.000750694 -0.000734001 -0.00069301 -0.000675779 -0.000661314 -0.000654309 -0.000626279 -0.000622151 -0.000617756 -0.000593578 -0.000590174 -0.000581284 -0.000575114 -0.000553843 -0.000563548 -0.000549341 -0.000536563 -0.000541851 -0.000531219 -0.00052816 -0.000517523 -0.000519902 -0.000503545 -0.000510742 -0.000505224 -0.00047592 -0.000488904 -0.000488602 -0.000480615 -0.000463916 -0.000464612 -0.000470728 -0.000464113 -0.000468875 -0.000454457 -0.000457695 -0.000451164 -0.000443777 -0.000459937 -0.000438765 -0.000435278 -0.000440365 -0.00042499 -0.000433047 -0.000438473 -0.000433212 -0.000431768 -0.000431644 -0.000423478 -0.000419168 -0.000425466 -0.000418282 -0.000419705 -0.000424167 -0.00041521 -0.000419056 -0.000419223 -0.000414409 -0.000417042 -0.000416699 -0.000416163 -0.000414203 
0 2.96513e-06 5.66653e-06 1.11325e-05 1.62267e-05 2.046e-05 2.47201e-05 2.73913e-05 3.14576e-05 3.55726e-05 3.69384e-05 4.26817e-05 4.88201e-05 4.9585e-05 5.81148e-05 6.33493e-05 6.11012e-05 7.18695e-05 7.38609e-05 7.28327e-05 8.62066e-05 8.56505e-05 8.91373e-05 9.92732e-05 0.000100171 0.000107887 0.000111887 0.000118985 0.000124518 0.000125095 0.000136031 0.000139927 0.000143889 0.000148649 0.000158797 0.000167442 0.000165265 0.000180427 0.000186965 0.000191411 0.000203001 0.00020768 0.000217313 0.000224214 0.000236243 0.000239269 0.000250776 0.000264404 0.000266441 0.000282223 0.000292823 0.000304082 0.000312635 0.000331694 0.000343476 0.000352165 0.000375902 0.000390311 0.000408732 0.000431092 0.000470389 0.000504396 0.000561321 0.000650473 0.000767454 0.000930378 0.00116376 0.00149099 0.0019035 0.00245151 0.00315125 0.00402559 0.00507714 0.00635717 0.0078688 0.00959261 0.0114917 0.0135144 0.0155509 0.0174408 0.0190526 0.0202539 0.0209224 0.020916 0.0201726 0.0186508 0.0163774 0.0134141 0.00996493 0.00627653 0.00262178 -0.00079605 -0.00374716 -0.00602559 -0.00744459 -0.00795378 -0.00758173 -0.0064446 -0.00466788 -0.00244873 -1.70543e-05 0.00234016 0.00437739 0.00587516 0.00668511 0.00666497 0.0057478 0.00393777 0.00138215 -0.00173257 -0.00518556 -0.00878388 -0.0122644 -0.015371 -0.0178688 -0.0196609 -0.0206949 -0.0209915 -0.0205895 -0.0196162 -0.0181876 -0.0164346 -0.0144796 -0.012487 -0.0105787 -0.00882353 -0.00726192 -0.00592447 -0.00481635 -0.00389248 -0.00314456 -0.00255274 -0.00210498 -0.00174821 -0.00148881 -0.001304 -0.00117441 -0.0010727 -0.00100702 -0.000966641 -0.000925551 -0.000898715 -0.000878157 -0.000864439 -0.000839058 -0.000830096 -0.000817695 -0.000800735 -0.000789504 -0.000779665 -0.000769241 -0.000752008 -0.000750039 -0.000735561 -0.000724607 -0.000718097 -0.000707621 -0.000699588 -0.000689757 -0.000685833 -0.000671927 -0.000671084 -0.000666022 -0.000651884 -0.000651826 -0.000646541 -0.000641588 -0.00063211 -0.00062909 -0.000626824 -0.000616937 -0.000614822 -0.000608223 -0.000606955 -0.000601068 -0.00059484 -0.000599065 -0.0005884 -0.000587183 -0.000590307 -0.000579898 -0.000580243 -0.000578764 -0.00057177 -0.000571027 -0.000570101 -0.000567311 -0.000565165 -0.000566021 -0.000563049 -0.000559828 -0.000561818 -0.000558055 -0.000555813 -0.000558799 -0.000555665 -0.000553731 -0.000554856 -0.000552525 -0.000553728 
0 5.87637e-06 6.96153e-06 1.32588e-05 2.046e-05 2.21434e-05 3.00215e-05 3.95275e-05 4.04118e-05 4.27216e-05 5.04062e-05 5.0068e-05 5.21798e-05 7.06113e-05 7.03347e-05 7.33028e-05 9.49126e-05 7.93143e-05 8.55279e-05 0.000107242 9.12662e-05 0.000112104 0.000122825 0.000113267 0.000126485 0.000129294 0.000147345 0.000146627 0.000155461 0.000172025 0.000152683 0.000171513 0.00018837 0.00019791 0.000190494 0.000189647 0.000228287 0.000221626 0.000232258 0.000239569 0.000249212 0.000269281 0.00026634 0.000287388 0.000285819 0.000308866 0.000314246 0.000322067 0.000344574 0.00034583 0.000370951 0.000373756 0.000401401 0.00040713 0.000429035 0.000449516 0.000462648 0.000493139 0.000508808 0.000552368 0.000578224 0.000644636 0.000710788 0.000823396 0.000971693 0.00118655 0.00148661 0.0018825 0.00242414 0.00310462 0.00399263 0.00507069 0.00641391 0.0080002 0.00988475 0.0120128 0.0143728 0.0168515 0.0193372 0.0216501 0.0236211 0.0250835 0.0258698 0.0258551 0.0249225 0.0230551 0.0202496 0.016654 0.0124529 0.00797663 0.00349314 -0.000668944 -0.00427893 -0.00704283 -0.00881332 -0.00946575 -0.00907543 -0.00771665 -0.00560942 -0.00294595 -6.04776e-05 0.00276861 0.00519213 0.00699293 0.00792027 0.0078622 0.00669689 0.00449839 0.00137042 -0.00242107 -0.00666255 -0.0110357 -0.0152775 -0.0190427 -0.022118 -0.0243133 -0.0256009 -0.0259654 -0.0255052 -0.0243217 -0.0225775 -0.0204264 -0.0180427 -0.0156026 -0.0132371 -0.0110676 -0.0091256 -0.00747037 -0.006059 -0.00491637 -0.00396953 -0.00323789 -0.00264889 -0.00221748 -0.00188352 -0.00164663 -0.0014753 -0.001352 -0.00127275 -0.00120063 -0.00116861 -0.00112227 -0.00110563 -0.00107082 -0.00106128 -0.00103631 -0.00101843 -0.00100861 -0.000984852 -0.000979429 -0.000953808 -0.000955007 -0.000927136 -0.00092239 -0.00091111 -0.000893584 -0.000889282 -0.000866591 -0.000870883 -0.000851861 -0.000850682 -0.000829574 -0.0008221 -0.000839941 -0.000811618 -0.000800946 -0.000792363 -0.000806256 -0.000795128 -0.000768434 -0.000777685 -0.000763367 -0.000763577 -0.000756711 -0.000755266 -0.000753374 -0.00072749 -0.000747164 -0.000740784 -0.00072477 -0.000741694 -0.000723486 -0.00071383 -0.000719357 -0.000712657 -0.000710195 -0.000712104 -0.000713181 -0.000702505 -0.000704103 -0.000706198 -0.000693167 -0.000701977 -0.000700868 -0.00068779 -0.000700244 -0.00069603 -0.000686536 -0.000699455 -0.0006915 
0 3.71089e-06 2.04911e-05 1.65356e-05 2.47201e-05 3.00215e-05 2.94785e-05 3.9939e-05 4.08297e-05 5.58018e-05 6.31649e-05 6.83124e-05 8.31832e-05 7.15891e-05 8.10045e-05 8.89828e-05 8.29321e-05 0.000109009 0.000115952 0.000116691 0.000128786 0.000132328 0.000134554 0.000142347 0.000167499 0.000159205 0.000156459 0.000182299 0.000170755 0.000185215 0.000217941 0.000215673 0.00021074 0.000223203 0.000248095 0.000258965 0.000258031 0.000257486 0.000277464 0.000298152 0.000294122 0.000304541 0.00032724 0.000335329 0.000346764 0.000369425 0.00037873 0.000392483 0.000415248 0.000429841 0.000439285 0.000463094 0.000483579 0.000490596 0.000517316 0.00053975 0.000558653 0.000579945 0.000621163 0.000654701 0.000697404 0.000773672 0.000867446 0.000997833 0.00118184 0.00146069 0.00181562 0.00230729 0.00295693 0.00380289 0.00485338 0.00616824 0.00777931 0.00969353 0.0119268 0.0144613 0.0172548 0.020164 0.0230683 0.0257634 0.0280733 0.0297525 0.0306536 0.0305976 0.0295008 0.0272782 0.0240036 0.0198056 0.0149525 0.00973418 0.00452039 -0.00034952 -0.00453472 -0.00777278 -0.0098546 -0.01069 -0.0102907 -0.0087886 -0.00639332 -0.00339055 -0.000112045 0.00308095 0.00584276 0.00786153 0.00888773 0.00874156 0.00735562 0.00476905 0.00114308 -0.00329487 -0.00823168 -0.0133369 -0.0182391 -0.0226286 -0.0262098 -0.0288115 -0.0303186 -0.0307793 -0.0302546 -0.0289033 -0.0268556 -0.0243486 -0.0215599 -0.018703 -0.0159041 -0.013325 -0.0110234 -0.00903511 -0.00734287 -0.00595242 -0.00483315 -0.00393016 -0.00322621 -0.0026908 -0.00230238 -0.00199643 -0.0017896 -0.00164307 -0.00154128 -0.00145401 -0.00140541 -0.00136766 -0.00132414 -0.00129605 -0.00127517 -0.001251 -0.00121872 -0.0012092 -0.00118744 -0.00116192 -0.00114883 -0.00113652 -0.00111437 -0.00110071 -0.00109463 -0.00107297 -0.00106336 -0.00106152 -0.00104014 -0.00102227 -0.00102617 -0.00101679 -0.000995364 -0.000978048 -0.000973023 -0.000977067 -0.000966308 -0.000937088 -0.000928276 -0.000950202 -0.000932719 -0.000918432 -0.000928914 -0.000905751 -0.000898485 -0.000906437 -0.000901257 -0.000885832 -0.000878088 -0.000878296 -0.000860712 -0.000870097 -0.000875054 -0.000861673 -0.000868248 -0.000855535 -0.000850624 -0.000849052 -0.00084223 -0.000850335 -0.000837492 -0.000842543 -0.000843422 -0.000828139 -0.000845019 -0.000831227 -0.000828726 -0.000846102 -0.000821933 -0.000833979 
0 7.67091e-07 1.58645e-05 1.34246e-05 2.73913e-05 3.95275e-05 3.9939e-05 5.54152e-05 5.57759e-05 5.92245e-05 6.92095e-05 6.77699e-05 8.02058e-05 9.34296e-05 0.000100661 0.00011232 0.000120339 0.000119332 0.000124512 0.000136556 0.000137993 0.000155066 0.000165548 0.000163414 0.000181034 0.00018412 0.000199114 0.00021741 0.000216338 0.000229535 0.000231198 0.000237145 0.000257803 0.000273493 0.000269856 0.00027703 0.000309655 0.000312283 0.000327459 0.000344562 0.000349848 0.000371509 0.000386718 0.000396715 0.00040474 0.000433894 0.000439967 0.000451266 0.00048186 0.000491821 0.00050933 0.000533637 0.000562809 0.000570385 0.00060463 0.000636945 0.000654434 0.00068867 0.000733728 0.000780207 0.000825872 0.00092429 0.00103597 0.00119022 0.00141492 0.00174592 0.00217241 0.0027461 0.00352441 0.0045144 0.00575307 0.00728859 0.00918242 0.0114079 0.0139948 0.0169163 0.0201194 0.0234318 0.0267141 0.0297639 0.032361 0.0342422 0.0352189 0.0351298 0.0338495 0.031316 0.0275962 0.0228842 0.0174362 0.0115843 0.00570502 0.000226604 -0.0044911 -0.00814111 -0.010536 -0.0115463 -0.0111944 -0.00959376 -0.0070085 -0.00374193 -0.000184764 0.00329351 0.00628937 0.00847109 0.00952763 0.00928677 0.00766463 0.00473757 0.000644069 -0.00435228 -0.00992663 -0.0156603 -0.0211671 -0.0260907 -0.0301491 -0.0331061 -0.0348478 -0.0353913 -0.0348394 -0.0333296 -0.0310314 -0.0281933 -0.0250447 -0.0217958 -0.0185943 -0.0156243 -0.012964 -0.0106553 -0.00867068 -0.00704504 -0.00572596 -0.0046685 -0.0038245 -0.00319671 -0.00272738 -0.00236389 -0.0021068 -0.00193244 -0.00180749 -0.00169683 -0.00164122 -0.0015915 -0.00154561 -0.00150518 -0.00148992 -0.00145836 -0.00142465 -0.00141543 -0.00139094 -0.00136599 -0.00134614 -0.00133917 -0.00130541 -0.00129189 -0.00128321 -0.00125528 -0.00123979 -0.00122779 -0.00121503 -0.00119273 -0.00118954 -0.00116811 -0.00115758 -0.00116546 -0.00114046 -0.00112455 -0.00112398 -0.00112357 -0.00110584 -0.00109533 -0.00108472 -0.00106883 -0.00107454 -0.00106061 -0.00105438 -0.00105067 -0.00103281 -0.00103852 -0.00103658 -0.00102935 -0.00102854 -0.00101912 -0.00100659 -0.0010027 -0.00100205 -0.000993741 -0.000999068 -0.00099604 -0.000986015 -0.000992312 -0.000981958 -0.000980309 -0.000983569 -0.000973572 -0.000980826 -0.000973684 -0.000968311 -0.000975692 -0.000965603 -0.000973005 
0 7.13114e-06 2.02611e-05 2.24717e-05 3.14576e-05 4.04118e-05 4.08297e-05 5.57759e-05 6.51566e-05 6.83179e-05 8.55771e-05 8.8939e-05 9.18642e-05 0.000109833 0.000107651 0.00011523 0.000136796 0.000133153 0.00014776 0.000165495 0.000160717 0.000178086 0.000188353 0.000192482 0.000206166 0.0002119 0.000227545 0.000231833 0.000243208 0.000264597 0.000266905 0.000279916 0.000296248 0.000313703 0.000316013 0.000326467 0.000355459 0.000354441 0.000371779 0.000388606 0.00039846 0.000420569 0.000434184 0.000452952 0.000465306 0.00049575 0.000507729 0.000523523 0.000557224 0.000568228 0.000592201 0.000615743 0.00064578 0.000658556 0.000691906 0.000727931 0.000746385 0.000789493 0.000835826 0.000893085 0.000951436 0.00106595 0.00120198 0.00138657 0.00166036 0.00204427 0.00255231 0.00322032 0.00412937 0.00527073 0.00670463 0.00847122 0.0106408 0.0131796 0.0161112 0.0194065 0.0229842 0.0266692 0.0302892 0.0336505 0.0364857 0.0385336 0.0395606 0.0394222 0.0379579 0.0351377 0.0310255 0.0258661 0.0199073 0.013513 0.00706949 0.00106731 -0.00411234 -0.00813394 -0.0108184 -0.0120162 -0.0117491 -0.0101253 -0.00743845 -0.00401607 -0.000284077 0.00336873 0.00650351 0.00876151 0.00979656 0.00943338 0.00758495 0.00434452 -0.000158349 -0.00563857 -0.0117539 -0.0180249 -0.0240487 -0.0294343 -0.0339073 -0.0371836 -0.0391482 -0.0397819 -0.0392179 -0.0375757 -0.035068 -0.0319388 -0.0284673 -0.0248547 -0.0212851 -0.0179402 -0.0149319 -0.0123018 -0.0100348 -0.00816777 -0.0066456 -0.00542883 -0.0044496 -0.00372251 -0.00316801 -0.0027504 -0.00244265 -0.00223775 -0.00208647 -0.00196136 -0.00189095 -0.00182984 -0.0017804 -0.00172977 -0.00170995 -0.00167062 -0.00163579 -0.00161649 -0.00158855 -0.00156142 -0.00153453 -0.00152531 -0.00148999 -0.00147519 -0.00146155 -0.00143739 -0.00142288 -0.00140529 -0.00139428 -0.00137186 -0.00136718 -0.00134463 -0.00132645 -0.0013293 -0.0013047 -0.00128967 -0.00128043 -0.00127565 -0.00126005 -0.00124499 -0.00124717 -0.00123224 -0.00122569 -0.00121668 -0.00120949 -0.00120614 -0.00118749 -0.00119138 -0.00118197 -0.00116386 -0.00117226 -0.00116099 -0.00115207 -0.0011586 -0.00114845 -0.00114185 -0.00114255 -0.00113519 -0.00112939 -0.00112951 -0.00112613 -0.00112175 -0.00112131 -0.00111722 -0.00111421 -0.00111694 -0.00111501 -0.00111215 -0.00111405 -0.00111047 
0 9.92692e-06 1.66981e-05 2.86927e-05 3.55726e-05 4.27216e-05 5.58018e-05 5.92245e-05 6.83179e-05 8.34803e-05 8.5238e-05 0.000101202 0.000117497 0.000110556 0.00012836 0.000140629 0.000132399 0.000162341 0.000172756 0.000168935 0.0001963 0.000197022 0.000202347 0.000221453 0.000235218 0.000248298 0.000245174 0.000270713 0.00027682 0.000278053 0.000317964 0.00032286 0.000326816 0.000333303 0.000364296 0.000391127 0.000378941 0.000404015 0.000418774 0.000444485 0.000456139 0.000464815 0.000498316 0.000504318 0.000536954 0.000547241 0.000573884 0.00059671 0.000615878 0.000649197 0.000659608 0.000703053 0.00071681 0.00075356 0.000780647 0.000817035 0.000854209 0.000889556 0.000956692 0.001005 0.00110256 0.00121069 0.00138631 0.00159926 0.0019248 0.00236534 0.0029501 0.00373571 0.00475533 0.00607315 0.00768724 0.00971166 0.0121302 0.0149979 0.0182524 0.0219133 0.0258248 0.0298519 0.0337723 0.0373925 0.0404252 0.0425912 0.043659 0.043439 0.0418127 0.0387171 0.0342927 0.0287368 0.0223775 0.0155202 0.00864613 0.00219427 -0.0033508 -0.00771967 -0.0106472 -0.0120617 -0.0118997 -0.0103517 -0.00764236 -0.00419904 -0.000387763 0.00330146 0.00648776 0.00870916 0.00968445 0.00915221 0.00710726 0.0035623 -0.00126972 -0.00717327 -0.0137036 -0.0204347 -0.0268636 -0.0326585 -0.0374594 -0.0410362 -0.0431918 -0.043944 -0.0433698 -0.0416409 -0.0389575 -0.0355938 -0.031834 -0.0278933 -0.0239939 -0.020291 -0.0169555 -0.0139921 -0.0114677 -0.00933538 -0.00762376 -0.00621852 -0.00512498 -0.00426974 -0.00363598 -0.00315028 -0.00279371 -0.00255064 -0.00236004 -0.00223627 -0.00212769 -0.00207308 -0.00199937 -0.00196249 -0.00191709 -0.00188407 -0.00184979 -0.00181457 -0.00179699 -0.00175403 -0.00174276 -0.00170563 -0.00169194 -0.00166354 -0.0016419 -0.00162615 -0.00159789 -0.00159475 -0.00155852 -0.00154899 -0.00153165 -0.0015232 -0.00150486 -0.00146727 -0.00147714 -0.00146656 -0.00145026 -0.00141931 -0.00141453 -0.00142549 -0.00139384 -0.0013917 -0.00138204 -0.00136656 -0.00135863 -0.00135153 -0.00135701 -0.0013289 -0.00132515 -0.0013292 -0.0013026 -0.00131214 -0.00131208 -0.00129314 -0.00129589 -0.00128982 -0.0012784 -0.00127731 -0.00127809 -0.0012699 -0.00126473 -0.00126955 -0.00126065 -0.00125689 -0.00126279 -0.00125186 -0.00125253 -0.00125795 -0.00124635 -0.00125171 
0 1.05554e-05 1.45869e-05 3.03689e-05 3.69384e-05 5.04062e-05 6.31649e-05 6.92095e-05 8.55771e-05 8.5238e-05 9.79019e-05 0.000109989 0.000107685 0.000136657 0.000145314 0.00015269 0.000177174 0.000171327 0.000179823 0.00019509 0.000205113 0.000218795 0.000235589 0.000252806 0.000244307 0.000270445 0.000293733 0.000291088 0.000324555 0.000329516 0.000327885 0.000345579 0.000370581 0.00039585 0.000393006 0.000406186 0.000430972 0.000463487 0.000473922 0.000479455 0.000515619 0.000531252 0.000550477 0.000570783 0.000593191 0.000612638 0.000637024 0.000665808 0.000681459 0.000715934 0.00074309 0.000771703 0.0008015 0.00083984 0.000873557 0.000908662 0.000958248 0.0010047 0.00106555 0.00113963 0.00124603 0.00137799 0.00157093 0.00183664 0.00220602 0.00270743 0.00338391 0.00427867 0.00543348 0.00690632 0.0087389 0.010992 0.0136871 0.0168496 0.0204438 0.0244239 0.0286536 0.0329732 0.0371598 0.0409851 0.0441614 0.0464131 0.0474823 0.0471801 0.0453782 0.0420645 0.0373644 0.031513 0.0248155 0.0176315 0.0104133 0.00364515 -0.00221849 -0.00685346 -0.0100295 -0.011636 -0.0116535 -0.0102313 -0.00763636 -0.00426219 -0.000527403 0.00310402 0.00619551 0.00831486 0.00913676 0.00844071 0.00617638 0.00239162 -0.00273927 -0.00894622 -0.015813 -0.0228672 -0.0296372 -0.0357349 -0.0408228 -0.0446305 -0.0469829 -0.0478423 -0.0472937 -0.045499 -0.042693 -0.0391419 -0.0351335 -0.0309086 -0.0267009 -0.0226843 -0.0190114 -0.0157467 -0.0129398 -0.010573 -0.00863288 -0.00706296 -0.00582521 -0.00485746 -0.00412084 -0.00357015 -0.00316368 -0.00286648 -0.00265076 -0.00250243 -0.00238474 -0.00230091 -0.00223436 -0.00218577 -0.00213255 -0.0020964 -0.00206232 -0.00202532 -0.00199285 -0.0019662 -0.00193896 -0.00190306 -0.00188582 -0.00185578 -0.00183073 -0.00180789 -0.00178515 -0.00175765 -0.00174113 -0.00173149 -0.00169255 -0.00167893 -0.00167311 -0.00166272 -0.00163729 -0.00161143 -0.0016111 -0.00160672 -0.0015948 -0.00155766 -0.00155379 -0.00155207 -0.00152342 -0.00153167 -0.00151757 -0.00149415 -0.00148996 -0.00148859 -0.00148387 -0.00147214 -0.00147652 -0.00145467 -0.00144157 -0.00144799 -0.00142814 -0.00143431 -0.00143171 -0.00141836 -0.00142352 -0.00141113 -0.00141161 -0.00140743 -0.00140141 -0.00140896 -0.00139387 -0.00139752 -0.00139709 -0.00138323 -0.00139798 -0.00138994 
0 1.65737e-05 1.70027e-05 3.95942e-05 4.26817e-05 5.0068e-05 6.83124e-05 6.77699e-05 8.8939e-05 0.000101202 0.000109989 0.000131248 0.000131341 0.000145971 0.00015461 0.000156464 0.000179733 0.000190781 0.000207947 0.000225385 0.000234231 0.000243267 0.000253537 0.000274064 0.000280293 0.00030152 0.000314846 0.000312766 0.000344277 0.000355702 0.000375211 0.000403956 0.000404937 0.000421822 0.000447132 0.000468111 0.000476841 0.000497789 0.000515626 0.000530437 0.000566109 0.00057707 0.0005977 0.000632103 0.000655815 0.000676077 0.00070889 0.000742006 0.000758047 0.000797001 0.000830136 0.000853517 0.000888294 0.000931445 0.000963238 0.000999322 0.0010586 0.00111011 0.00117277 0.0012657 0.00139033 0.00154144 0.00176541 0.00208311 0.00250543 0.00307562 0.00385106 0.00486617 0.00615802 0.00780236 0.00985186 0.0123445 0.0153063 0.0187657 0.0226779 0.026957 0.0314669 0.0360424 0.0404472 0.0444242 0.0476944 0.0499854 0.0510288 0.0506226 0.0486602 0.0451584 0.0402502 0.0341707 0.0272359 0.0198261 0.0123899 0.00540199 -0.000690081 -0.0055464 -0.00893604 -0.0107502 -0.0109832 -0.00977677 -0.0073963 -0.00422515 -0.000690376 0.0027441 0.00562972 0.00754094 0.00815365 0.00725796 0.00479037 0.000793466 -0.00456204 -0.0109883 -0.0180715 -0.0253471 -0.0323522 -0.0386793 -0.0439776 -0.0479756 -0.0504957 -0.0514728 -0.0509658 -0.0491438 -0.0462559 -0.0425675 -0.0383548 -0.0338825 -0.0294019 -0.0250938 -0.0211062 -0.017541 -0.0144624 -0.0118529 -0.00968981 -0.00794095 -0.00656158 -0.00547252 -0.00463307 -0.00401099 -0.00355194 -0.00320369 -0.0029547 -0.00278717 -0.00265263 -0.00254809 -0.00247716 -0.00242218 -0.00235723 -0.00231417 -0.00227892 -0.0022336 -0.00219151 -0.00216613 -0.00213165 -0.00209016 -0.00207264 -0.00204235 -0.00200985 -0.00198936 -0.00197366 -0.00194009 -0.00191925 -0.00190954 -0.00187914 -0.00186557 -0.00184281 -0.00181751 -0.00180566 -0.00179556 -0.00176882 -0.00174381 -0.00174486 -0.00172308 -0.00171787 -0.00171172 -0.0016829 -0.00168182 -0.00167144 -0.00166081 -0.00165397 -0.00164041 -0.00162506 -0.00161061 -0.00161173 -0.00159936 -0.00159918 -0.00159901 -0.00158014 -0.00158389 -0.001571 -0.00156349 -0.0015671 -0.00155217 -0.00155905 -0.00154875 -0.00153876 -0.00154858 -0.00153267 -0.00154114 -0.00154466 -0.00153014 -0.00154325 -0.00152958 
0 1.79967e-05 1.38675e-05 4.10917e-05 4.88201e-05 5.21798e-05 8.31832e-05 8.02058e-05 9.18642e-05 0.000117497 0.000107685 0.000131341 0.000154122 0.000148703 0.000179396 0.000191558 0.000189367 0.000217289 0.000222267 0.000230517 0.000254511 0.000264636 0.000282149 0.000293861 0.000313727 0.000333063 0.000336496 0.000365835 0.000380991 0.000383903 0.000409183 0.000432246 0.000443789 0.000451035 0.000489968 0.000510129 0.000515908 0.000552158 0.0005672 0.00059475 0.000620323 0.000636555 0.000663505 0.000690916 0.00072094 0.000732767 0.000776123 0.000803812 0.00082405 0.00086913 0.000900784 0.000935244 0.000968691 0.00102579 0.0010556 0.00110303 0.00117034 0.00122696 0.00130286 0.00140624 0.00155603 0.00172155 0.00198709 0.0023474 0.00282988 0.00347254 0.00434869 0.00548797 0.00691943 0.00874826 0.0110081 0.0137488 0.0169685 0.0207249 0.0249279 0.0294877 0.0342414 0.0390375 0.04361 0.0476911 0.0510085 0.053295 0.0542839 0.0537591 0.0516566 0.0480014 0.0429525 0.0367167 0.0296487 0.0221164 0.0145864 0.00747725 0.00125089 -0.00377751 -0.00734559 -0.0093837 -0.00986786 -0.00896466 -0.00689778 -0.00406528 -0.000858086 0.00223695 0.00480466 0.00640263 0.00674983 0.00561606 0.00295862 -0.00122135 -0.00672485 -0.0132859 -0.0204694 -0.027866 -0.0349999 -0.0414815 -0.046918 -0.051066 -0.0537242 -0.0548263 -0.0543828 -0.0525753 -0.0496493 -0.0458725 -0.0415067 -0.0368276 -0.0321123 -0.0275347 -0.0232623 -0.0194007 -0.0160602 -0.0131985 -0.0108195 -0.00887597 -0.00734973 -0.00612819 -0.00518227 -0.00447696 -0.00395314 -0.00355543 -0.0032599 -0.00307217 -0.0029098 -0.00279406 -0.00270622 -0.00264914 -0.00257586 -0.00252632 -0.00249354 -0.00244027 -0.00240304 -0.00236832 -0.00234041 -0.00229096 -0.00227208 -0.0022426 -0.00220031 -0.00218115 -0.00215224 -0.0021266 -0.00209349 -0.00207775 -0.002049 -0.00203029 -0.0020177 -0.00197743 -0.00197408 -0.00196473 -0.00193617 -0.00191629 -0.00190984 -0.00189926 -0.00186728 -0.00186275 -0.00185144 -0.00182918 -0.00182253 -0.00180754 -0.00180179 -0.00178611 -0.0017777 -0.00178207 -0.00175727 -0.00175457 -0.00175418 -0.00172719 -0.00173179 -0.0017278 -0.0017088 -0.00171755 -0.00170785 -0.00169411 -0.0017021 -0.00169376 -0.00168876 -0.00169243 -0.00168267 -0.00167886 -0.00167683 -0.00167206 -0.00167416 -0.00167431 
0 8.2347e-06 3.14682e-05 3.48086e-05 4.9585e-05 7.06113e-05 7.15891e-05 9.34296e-05 0.000109833 0.000110556 0.000136657 0.000145971 0.000148703 0.000177089 0.000184325 0.000196144 0.000225309 0.000228493 0.000239174 0.000262483 0.000272313 0.000287006 0.00030955 0.000328187 0.000331269 0.00034941 0.00038095 0.000384725 0.000410009 0.000438695 0.000439467 0.000456879 0.000484626 0.000521338 0.000527537 0.000532238 0.000573503 0.000599946 0.000622071 0.000633189 0.000668425 0.000699706 0.000716926 0.000756652 0.000774163 0.000812174 0.00084266 0.000875896 0.000907332 0.00094175 0.000990155 0.00101088 0.00106649 0.00110598 0.00115349 0.00120215 0.00127038 0.00134377 0.00141942 0.00155596 0.00170425 0.00192199 0.00220903 0.00263493 0.00317277 0.00390783 0.00489021 0.00615211 0.00775126 0.00975336 0.0122488 0.0152119 0.0187187 0.0227315 0.0272275 0.032017 0.0370028 0.0419581 0.0466585 0.0507867 0.0541069 0.0563443 0.0572383 0.0565949 0.0543559 0.050601 0.0454496 0.0391566 0.0320286 0.0245049 0.0169644 0.00986376 0.00356245 -0.00155127 -0.00530086 -0.00754442 -0.00835171 -0.00779889 -0.00617871 -0.0037822 -0.00106786 0.0015825 0.00368533 0.00490556 0.00489535 0.00352062 0.000647916 -0.00364799 -0.00925615 -0.0158318 -0.0230388 -0.0304248 -0.0376115 -0.0441387 -0.0496684 -0.0539001 -0.0566834 -0.057893 -0.0575449 -0.0557843 -0.0528621 -0.0490425 -0.0445636 -0.0397335 -0.0347978 -0.0299963 -0.025439 -0.0213226 -0.0176928 -0.0146062 -0.0119859 -0.0098673 -0.00816318 -0.00681998 -0.00575988 -0.00496486 -0.00437721 -0.00391776 -0.00359706 -0.00335722 -0.00319539 -0.0030449 -0.00296064 -0.00287877 -0.00281066 -0.00275182 -0.00270475 -0.00266146 -0.00260366 -0.00257978 -0.0025298 -0.00249684 -0.002458 -0.00242909 -0.00239576 -0.00236029 -0.00234005 -0.00229815 -0.00228689 -0.00225843 -0.00222523 -0.00220045 -0.00218741 -0.00217859 -0.00213233 -0.00211211 -0.00210599 -0.00209691 -0.00206886 -0.00203656 -0.0020404 -0.00202001 -0.00200019 -0.00199921 -0.00198056 -0.00196027 -0.00194929 -0.00194916 -0.00193294 -0.00191817 -0.00192073 -0.00189778 -0.001886 -0.00189243 -0.00187441 -0.00186904 -0.00187021 -0.00185427 -0.00185256 -0.00185002 -0.00183827 -0.00183749 -0.00183395 -0.00182734 -0.00182654 -0.00182438 -0.00182124 -0.00181973 -0.00181858 -0.00181643 
0 1.23519e-05 3.08626e-05 3.9664e-05 5.81148e-05 7.03347e-05 8.10045e-05 0.000100661 0.000107651 0.00012836 0.000145314 0.00015461 0.000179396 0.000184325 0.000197621 0.000217288 0.000221527 0.00024726 0.00026962 0.00028434 0.000300912 0.000315961 0.000328242 0.000339259 0.00037375 0.000386469 0.000398371 0.000425438 0.000430384 0.00045912 0.000486667 0.000513687 0.000530744 0.000533433 0.000571677 0.000602639 0.000625123 0.000632619 0.000661698 0.000702248 0.000717882 0.000752626 0.000775266 0.000813079 0.000844264 0.00087703 0.000914344 0.000943709 0.00099111 0.00101989 0.00106775 0.00110374 0.00115237 0.00119958 0.00124766 0.0013118 0.00137329 0.00146226 0.00155453 0.00170111 0.00187483 0.00212416 0.0024616 0.00292892 0.00355001 0.00437249 0.0054696 0.00686073 0.00863183 0.0108274 0.0135381 0.016749 0.020516 0.0247975 0.0295338 0.0345539 0.0397158 0.0448069 0.0495673 0.0537128 0.0569817 0.0591324 0.0598983 0.0591313 0.0567809 0.0529555 0.047769 0.0414848 0.0344092 0.0269776 0.0195479 0.0125336 0.00626578 0.00110279 -0.00278049 -0.00526443 -0.00641118 -0.00630488 -0.0052049 -0.00339131 -0.00127659 0.00077346 0.00232341 0.00305176 0.0026485 0.000975471 -0.00208749 -0.00648552 -0.0121049 -0.0186285 -0.0257425 -0.0330389 -0.0401627 -0.0466658 -0.0522113 -0.0564933 -0.0593647 -0.0606794 -0.0604468 -0.0587696 -0.0558988 -0.0520672 -0.0475375 -0.0425845 -0.0374843 -0.0324604 -0.0276712 -0.0232912 -0.0194033 -0.0160642 -0.0132276 -0.0109108 -0.00903112 -0.00755083 -0.00637504 -0.0054887 -0.0048136 -0.00430952 -0.00393739 -0.00366489 -0.00347202 -0.00331388 -0.00320976 -0.0031121 -0.00304663 -0.00297484 -0.0029239 -0.0028701 -0.00282174 -0.00277893 -0.00273017 -0.00269982 -0.00265117 -0.00262223 -0.0025821 -0.00255406 -0.00252239 -0.00249101 -0.00246383 -0.00242754 -0.00242129 -0.00238634 -0.0023514 -0.00232805 -0.00231882 -0.00230175 -0.0022594 -0.00224234 -0.00222464 -0.00222132 -0.00219998 -0.00217355 -0.00216957 -0.00214198 -0.00213554 -0.00213221 -0.00211232 -0.00209435 -0.00207983 -0.00207059 -0.0020534 -0.00205699 -0.00204842 -0.00202976 -0.00203361 -0.00201563 -0.00200804 -0.0020081 -0.00199453 -0.00199663 -0.00198683 -0.00197903 -0.00197811 -0.00196764 -0.00197122 -0.00196844 -0.00196541 -0.00196928 -0.00195982 -0.00196007 
0 1.50938e-05 3.27857e-05 4.26752e-05 6.33493e-05 7.33028e-05 8.89828e-05 0.00011232 0.00011523 0.000140629 0.00015269 0.000156464 0.000191558 0.000196144 0.000217288 0.000247804 0.000245199 0.000270832 0.000283173 0.000289833 0.000316099 0.00033714 0.000361281 0.000372828 0.000401552 0.000413009 0.000426837 0.000469697 0.000472564 0.000500714 0.000517391 0.000526502 0.000571016 0.000583899 0.000614972 0.000638356 0.000663086 0.000694562 0.000723144 0.000762254 0.000769379 0.000816158 0.000846645 0.000868179 0.000911507 0.000939612 0.000980393 0.00100989 0.00106441 0.00109479 0.00113999 0.00119713 0.00123673 0.00129558 0.00134985 0.00142578 0.0014876 0.00158955 0.00170616 0.00185598 0.00206388 0.00234453 0.0027353 0.00324587 0.00395605 0.00487394 0.00608413 0.0076172 0.00956349 0.0119632 0.0148824 0.018349 0.0223658 0.0269036 0.0318509 0.0370789 0.0423809 0.047564 0.0523381 0.0564582 0.0596366 0.0616565 0.0622729 0.061378 0.0589426 0.0550765 0.0499169 0.043714 0.0367903 0.0295381 0.0223189 0.0154756 0.00933016 0.00416729 0.000179552 -0.00256166 -0.00407913 -0.00449173 -0.00399717 -0.00288618 -0.00148786 -0.000166215 0.000731088 0.000877639 3.06724e-05 -0.00197903 -0.00522634 -0.00969862 -0.0152561 -0.0216522 -0.0285794 -0.0357032 -0.0426645 -0.0490666 -0.0545584 -0.0588545 -0.0617803 -0.0631961 -0.0630911 -0.0615375 -0.0587549 -0.0549534 -0.0504164 -0.0453867 -0.0401595 -0.0349386 -0.0299466 -0.0253191 -0.0211862 -0.017588 -0.0145412 -0.0120162 -0.00995802 -0.00832441 -0.00703283 -0.00604399 -0.00527442 -0.00471785 -0.00429025 -0.00398201 -0.00374808 -0.00358617 -0.00345529 -0.0033458 -0.0032759 -0.00319941 -0.00314165 -0.00307915 -0.00304364 -0.00298322 -0.00294031 -0.00290658 -0.00285624 -0.00282194 -0.00278068 -0.00275265 -0.00270058 -0.0026828 -0.00264889 -0.00260239 -0.00258725 -0.00255378 -0.00253415 -0.00250075 -0.00248372 -0.00245618 -0.00243704 -0.00243247 -0.00239094 -0.00238445 -0.00235586 -0.00233474 -0.00233677 -0.00230252 -0.00228862 -0.00227221 -0.00225879 -0.0022464 -0.00224094 -0.0022392 -0.00220767 -0.00221048 -0.00219608 -0.00217124 -0.00218444 -0.00216262 -0.00215699 -0.00215746 -0.00213416 -0.00213951 -0.00213162 -0.00212704 -0.00213229 -0.00211909 -0.00211949 -0.00210929 -0.00210026 -0.00210514 -0.00209733 -0.00210606 
0 3.34738e-06 4.56498e-05 3.76684e-05 6.11012e-05 9.49126e-05 8.29321e-05 0.000120339 0.000136796 0.000132399 0.000177174 0.000179733 0.000189367 0.000225309 0.000221527 0.000245199 0.000271955 0.000283804 0.000310281 0.000323691 0.000349813 0.000361344 0.000372863 0.000412107 0.000414654 0.000435215 0.000474519 0.000481119 0.000503639 0.000540029 0.000565921 0.000572816 0.000606323 0.000648542 0.000651719 0.000682757 0.000712098 0.000738741 0.000777616 0.00079375 0.000829568 0.000869808 0.000906955 0.000932787 0.000974968 0.00102517 0.00104671 0.00110024 0.00114381 0.00118138 0.00122837 0.00128384 0.0013337 0.00137783 0.00145881 0.0015205 0.0016011 0.00170846 0.00184816 0.00201475 0.00224804 0.00258545 0.00301118 0.00360077 0.0043856 0.00542692 0.00674356 0.00844083 0.0105662 0.0131727 0.0163113 0.0200205 0.0242942 0.0290482 0.0342042 0.039586 0.0450135 0.0502197 0.0549849 0.059017 0.0620804 0.0639171 0.0643751 0.0633442 0.060848 0.0569714 0.0518925 0.0458477 0.0391564 0.0321747 0.0252397 0.018659 0.0126969 0.00759709 0.00351125 0.000518982 -0.00141906 -0.00239457 -0.00260534 -0.00228144 -0.00172586 -0.00122435 -0.00109302 -0.00158857 -0.00294818 -0.00530784 -0.00875525 -0.0132573 -0.0187073 -0.0248908 -0.0315632 -0.0384241 -0.045144 -0.0513603 -0.0567374 -0.0610049 -0.0639539 -0.065465 -0.0654873 -0.0640971 -0.0614232 -0.0577059 -0.0531799 -0.0481358 -0.0427943 -0.0374286 -0.0322322 -0.0273983 -0.0230111 -0.0191724 -0.0159 -0.0131716 -0.0109288 -0.00912958 -0.00772655 -0.00661709 -0.00577117 -0.00513312 -0.00467431 -0.00430803 -0.00405243 -0.00386833 -0.00372182 -0.00360049 -0.00351304 -0.00344648 -0.00336001 -0.00330847 -0.00325378 -0.00319769 -0.00314104 -0.003104 -0.00305713 -0.00300138 -0.00297974 -0.00293287 -0.00289195 -0.00286146 -0.0028361 -0.00279933 -0.0027625 -0.00274343 -0.00270773 -0.00269333 -0.00265635 -0.00261699 -0.00261599 -0.00258792 -0.00255191 -0.00253394 -0.00252941 -0.00249977 -0.0024742 -0.00247986 -0.0024494 -0.0024328 -0.00243036 -0.00240479 -0.00239294 -0.00237397 -0.0023671 -0.00235504 -0.0023352 -0.00234617 -0.00232106 -0.00230703 -0.00232123 -0.00229196 -0.00229463 -0.00229884 -0.00226841 -0.00227652 -0.00226728 -0.00225054 -0.0022664 -0.00225631 -0.00225516 -0.00226408 -0.00224649 -0.00224852 
0 2.34191e-05 2.8445e-05 5.62102e-05 7.18695e-05 7.93143e-05 0.000109009 0.000119332 0.000133153 0.000162341 0.000171327 0.000190781 0.000217289 0.000228493 0.00024726 0.000270832 0.000283804 0.000297894 0.000328126 0.00034741 0.000361258 0.000394129 0.000406948 0.000420874 0.000457667 0.000478306 0.000495906 0.000521182 0.000544564 0.000562518 0.000588767 0.000630849 0.00065453 0.000661861 0.000693797 0.000746351 0.000771316 0.00078446 0.000823544 0.000863943 0.000894177 0.000928447 0.000963752 0.000997209 0.00104484 0.00108433 0.00111831 0.00116983 0.00121945 0.00126107 0.00131186 0.00137691 0.00142405 0.0014852 0.00156437 0.00163907 0.00172577 0.00184872 0.00200591 0.00218839 0.00246242 0.00283293 0.00332025 0.00396939 0.00485531 0.00599841 0.00744901 0.00930511 0.011619 0.0144353 0.0177928 0.021753 0.0262545 0.0312281 0.0365488 0.0420791 0.0475693 0.0527858 0.0574806 0.0614091 0.0643011 0.0659457 0.0662206 0.0650701 0.0625241 0.0586773 0.0537312 0.0479142 0.0415353 0.0348944 0.0283245 0.0220669 0.0163596 0.0113527 0.007201 0.00393745 0.0015644 -4.3276e-05 -0.001016 -0.00158172 -0.00194372 -0.00237075 -0.00307296 -0.00429597 -0.00620025 -0.00895015 -0.0125838 -0.017105 -0.0223887 -0.0283102 -0.0346511 -0.0411852 -0.0475838 -0.0535459 -0.0587486 -0.0629437 -0.0658971 -0.0674856 -0.0676522 -0.066433 -0.0639202 -0.0603064 -0.055852 -0.0508083 -0.0454179 -0.0399169 -0.0345658 -0.029522 -0.0249173 -0.0208294 -0.0173391 -0.0143974 -0.011967 -0.0100005 -0.00845969 -0.00724168 -0.0062916 -0.00558585 -0.00505972 -0.00465735 -0.00435463 -0.00415203 -0.00398253 -0.00384801 -0.00374943 -0.00367203 -0.00358802 -0.00352182 -0.00347245 -0.00340804 -0.00335379 -0.00331061 -0.00326409 -0.00320986 -0.00317308 -0.0031345 -0.0030898 -0.00305428 -0.00301383 -0.00297772 -0.00295495 -0.00292188 -0.00287194 -0.00284925 -0.00284249 -0.0028091 -0.00276527 -0.00274572 -0.00273771 -0.00271374 -0.00268505 -0.00266541 -0.00264915 -0.00262213 -0.0026089 -0.00260335 -0.00257306 -0.00255668 -0.00255 -0.00252996 -0.00251975 -0.00251419 -0.00249824 -0.00248262 -0.00248054 -0.00246654 -0.00245037 -0.0024537 -0.00243805 -0.0024281 -0.00243381 -0.00241744 -0.00241601 -0.00241776 -0.0024014 -0.00240459 -0.00240066 -0.00239004 -0.00239876 -0.00239303 
