0 0 0 0 0 0 0 0 0 0 0 0 0 0 0 0 0 0 0 0 0 0 0 0 0 0 0 0 0 0 0 0 0 0 0 0 0 0 0 0 0 0 0 0 0 0 0 0 0 0 0 0 0 0 0 0 0 0 0 0 0 0 0 0 0 0 0 0 0 0 0 0 0 0 0 0 0 0 0 0 0 0 0 0 0 0 0 0 0 0 0 0 0 0 0 0 0 0 0 0 0 0 0 0 0 0 0 0 0 0 0 0 0 0 0 0 0 0 0 0 0 0 0 0 0 0 0 0 0 0 0 0 0 0 0 0 0 0 0 0 0 0 0 0 0 0 0 0 0 0 0 0 0 0 0 0 0 0 0 0 0 0 0 0 0 0 0 0 0 0 0 0 0 0 0 0 0 0 0 0 0 0 0 0 0 0 0 0 0 0 0 0 0 0 0 0 0 0 0 0 
0 -4.09911e-06 6.84553e-06 -4.87843e-06 1.56815e-06 1.12889e-05 5.87808e-07 1.35449e-05 1.31938e-05 2.80224e-07 1.26726e-05 5.98947e-06 4.13953e-07 2.00178e-05 1.37083e-05 1.3255e-05 2.7809e-05 1.14991e-05 1.24467e-05 2.20963e-05 1.30735e-05 2.22679e-05 2.30701e-05 2.17008e-05 2.02563e-05 1.83715e-05 3.56707e-05 2.89118e-05 3.10861e-05 3.76144e-05 2.56794e-05 2.60873e-05 3.31172e-05 5.01513e-05 2.72973e-05 2.37009e-05 4.85198e-05 4.00562e-05 4.79886e-05 4.07981e-05 4.75698e-05 5.34568e-05 5.34154e-05 5.62276e-05 4.71619e-05 6.72049e-05 5.28874e-05 5.89841e-05 6.47516e-05 6.12934e-05 6.63521e-05 6.52449e-05 7.98197e-05 6.48145e-05 8.4464e-05 8.31918e-05 8.58372e-05 9.15723e-05 0.000101152 0.00011137 0.000109753 0.000144591 0.00015577 0.000195062 0.000235848 0.00031794 0.000396559 0.000517642 0.000679139 0.000873216 0.00111247 0.00140146 0.00176919 0.00216483 0.00263381 0.00313021 0.00366592 0.00414766 0.00459692 0.00494122 0.00517263 0.00521839 0.00509889 0.00477798 0.00425426 0.00352157 0.00264217 0.00168197 0.00069332 -0.000264788 -0.00113855 -0.00185237 -0.00238551 -0.00269598 -0.00279423 -0.00266088 -0.00235499 -0.00188982 -0.00132571 -0.000659855 3.24242e-05 0.000723096 0.00133226 0.00186069 0.00224839 0.0024827 0.00249706 0.00230416 0.00188464 0.00127592 0.000486955 -0.000409981 -0.00136555 -0.00231624 -0.00321716 -0.00399765 -0.00459105 -0.0049847 -0.00517986 -0.00520618 -0.0050437 -0.00475298 -0.00434624 -0.00389466 -0.00337683 -0.00288266 -0.00240626 -0.00200205 -0.00161973 -0.00131594 -0.0010596 -0.000856984 -0.000680198 -0.000549565 -0.000459853 -0.000373863 -0.000323278 -0.000279595 -0.000266572 -0.000228246 -0.000228783 -0.000216358 -0.000211516 -0.000200723 -0.00020311 -0.000203584 -0.000186651 -0.000200507 -0.000187889 -0.000190878 -0.000181124 -0.000189741 -0.0001779 -0.000172824 -0.000183779 -0.000165685 -0.000170951 -0.00016229 -0.00016927 -0.000162633 -0.00016023 -0.000157129 -0.000152749 -0.000177745 -0.000153456 -0.000145245 -0.000158796 -0.000162943 -0.000157055 -0.000142479 -0.000152721 -0.000142724 -0.000143582 -0.00015134 -0.000144502 -0.000145368 -0.000135156 -0.000146669 -0.000147739 -0.000138095 -0.000153815 -0.000139621 -0.000130243 -0.000143136 -0.000132026 -0.000133575 -0.000145944 -0.000135933 -0.000136489 -0.000142382 -0.000131469 -0.00013508 -0.000138921 -0.000130939 -0.000136981 -0.00013566 -0.000131266 -0.000136873 -0.000134513 -0.000134413 
0 6.84553e-06 2.93858e-06 9.36386e-06 1.33392e-05 1.85855e-06 1.13486e-05 9.24683e-06 3.36103e-06 2.65301e-05 1.81553e-05 2.31639e-05 3.82705e-05 1.47079e-05 2.44874e-05 2.67525e-05 1.70355e-05 3.56286e-05 3.87439e-05 4.05827e-05 3.63269e-05 4.50459e-05 4.44481e-05 3.4243e-05 6.78056e-05 5.0399e-05 3.74752e-05 6.2252e-05 4.3599e-05 5.36876e-05 7.21122e-05 7.371e-05 6.49774e-05 5.97498e-05 8.36039e-05 8.96031e-05 8.6024e-05 7.04527e-05 8.29765e-05 0.000103046 8.39294e-05 9.08447e-05 0.000100467 0.000100853 0.000105228 0.000115735 0.000117445 0.000117326 0.000136559 0.000133733 0.000134229 0.000149414 0.000152565 0.000149505 0.000160752 0.000172877 0.000167661 0.000178906 0.000200114 0.000207118 0.000225294 0.000268078 0.000317112 0.000374655 0.000479474 0.000625519 0.00079985 0.00103981 0.00136219 0.00175907 0.00223017 0.00282648 0.00353891 0.00435415 0.00526654 0.00627816 0.00731598 0.00829754 0.00916904 0.00986782 0.0103082 0.0104106 0.0101614 0.0095239 0.00847766 0.00702424 0.00528429 0.00337096 0.00141416 -0.000498985 -0.00222167 -0.00365573 -0.00470349 -0.00534083 -0.00552354 -0.00528377 -0.00466366 -0.00376209 -0.00262295 -0.00132269 6.85345e-05 0.00141804 0.00264773 0.00367625 0.00446103 0.00490187 0.00494458 0.00454081 0.00372044 0.0024938 0.000941517 -0.000850852 -0.00273889 -0.00463558 -0.00641507 -0.00796409 -0.00914289 -0.00992655 -0.0103217 -0.0103641 -0.0100556 -0.00946566 -0.00867579 -0.00775537 -0.00675133 -0.00574608 -0.00482111 -0.00398847 -0.00325158 -0.0026254 -0.00212804 -0.00171099 -0.00136812 -0.00110687 -0.000919796 -0.000763117 -0.000646618 -0.000579797 -0.000528178 -0.000480412 -0.000455736 -0.000447768 -0.0004247 -0.00040868 -0.00041053 -0.000398737 -0.00038321 -0.000382517 -0.000381124 -0.000363673 -0.000361894 -0.000366025 -0.000350483 -0.000350586 -0.000350956 -0.000343909 -0.000339575 -0.000347475 -0.000334898 -0.000319934 -0.00034069 -0.000331607 -0.000315047 -0.000305972 -0.000312029 -0.000322984 -0.00030617 -0.000292931 -0.000291348 -0.000314744 -0.000301538 -0.000291915 -0.000313662 -0.000282489 -0.000285978 -0.00030307 -0.000287998 -0.000285942 -0.000280947 -0.000280707 -0.000268962 -0.000280957 -0.000291359 -0.000273284 -0.00028993 -0.000278465 -0.000265505 -0.000279979 -0.000265925 -0.000272652 -0.000275527 -0.000268434 -0.000275588 -0.000266991 -0.000272058 -0.000271246 -0.00026604 -0.000273874 -0.000265024 -0.000269952 
0 -4.87843e-06 9.36386e-06 1.31202e-06 9.59504e-06 1.98737e-05 1.3095e-05 2.71236e-05 2.63915e-05 1.86144e-05 2.94466e-05 2.4557e-05 2.51691e-05 4.19808e-05 4.11973e-05 4.44253e-05 5.60478e-05 4.55558e-05 4.69911e-05 5.69386e-05 5.16962e-05 6.32124e-05 6.64912e-05 6.488e-05 7.03866e-05 6.87039e-05 8.56046e-05 8.86133e-05 8.78082e-05 9.6676e-05 9.04204e-05 9.03123e-05 0.000101368 0.000119145 0.000101863 0.000101186 0.000127661 0.000122903 0.000134304 0.000134682 0.000139355 0.000151002 0.000157226 0.000159894 0.000156934 0.000180373 0.000170566 0.000178568 0.000192623 0.000192112 0.000199659 0.00020895 0.000226107 0.000217003 0.000243519 0.000252473 0.000258774 0.000275757 0.000301635 0.000324461 0.000347049 0.000417604 0.00048014 0.000584054 0.000729439 0.000951104 0.0012131 0.00157682 0.00205667 0.00264616 0.00336635 0.00424915 0.00532085 0.0065293 0.00790575 0.00939415 0.0109407 0.0123896 0.0136914 0.0147138 0.0153647 0.015513 0.0151398 0.014184 0.0126246 0.0104815 0.00790604 0.00507828 0.00216814 -0.000656714 -0.00321812 -0.0053379 -0.00691066 -0.00785316 -0.0081471 -0.00779539 -0.00690267 -0.00556065 -0.0038865 -0.00195186 8.92279e-05 0.00209674 0.00390631 0.00543959 0.00657897 0.00723002 0.00727012 0.00667394 0.00543627 0.00362139 0.0013091 -0.00133749 -0.00414891 -0.00695513 -0.00959394 -0.0118773 -0.0136335 -0.0148054 -0.0153992 -0.0154643 -0.0150106 -0.0141494 -0.0129721 -0.0116117 -0.0101156 -0.00863736 -0.00724348 -0.00600732 -0.00489644 -0.00397 -0.00320599 -0.00258404 -0.00206746 -0.0016729 -0.00138409 -0.00114502 -0.000978293 -0.000860276 -0.000790381 -0.000711831 -0.00068351 -0.000657292 -0.000634755 -0.000612035 -0.000609318 -0.000601069 -0.00057645 -0.000584096 -0.000569836 -0.000562051 -0.000549828 -0.000554569 -0.000535557 -0.000526704 -0.000533426 -0.000511401 -0.000508969 -0.000501642 -0.000501845 -0.000489383 -0.000487462 -0.000479842 -0.000473543 -0.000492981 -0.000468191 -0.000457786 -0.000468784 -0.000470045 -0.000459218 -0.000447952 -0.000450491 -0.000437769 -0.000441992 -0.000442394 -0.000435157 -0.000435467 -0.000423172 -0.000432443 -0.000432879 -0.000424838 -0.000434272 -0.000421612 -0.00041161 -0.000418118 -0.000410921 -0.000409599 -0.000419864 -0.000412404 -0.000409588 -0.000415945 -0.00040416 -0.000406753 -0.000410679 -0.000400698 -0.000408091 -0.000404781 -0.000401372 -0.000407293 -0.000398737 -0.000404813 
0 1.56815e-06 1.33392e-05 9.59504e-06 1.27645e-05 2.08988e-05 1.7465e-05 2.62416e-05 3.13932e-05 2.99167e-05 4.1395e-05 4.22455e-05 4.20452e-05 5.23689e-05 4.99992e-05 5.34707e-05 6.3487e-05 6.22927e-05 6.92745e-05 7.59177e-05 7.6564e-05 8.29512e-05 8.652e-05 9.22076e-05 9.54737e-05 9.85838e-05 0.000106905 0.000107406 0.000113243 0.000121677 0.000126068 0.000129877 0.000136206 0.000148046 0.000146096 0.000153002 0.000165077 0.000164786 0.000174003 0.000179188 0.00018604 0.000193805 0.000202236 0.00020899 0.000214672 0.000230909 0.000232844 0.000243562 0.000256817 0.000263302 0.000273012 0.000285026 0.000298945 0.000302196 0.000322024 0.000335317 0.000346926 0.000367966 0.000396528 0.000428455 0.000470509 0.000549638 0.000645036 0.000785787 0.000988359 0.00127402 0.00164084 0.00212989 0.00276775 0.00355749 0.00452763 0.00570863 0.00712168 0.00873672 0.0105551 0.0125188 0.0145347 0.0164492 0.018148 0.0194847 0.0203178 0.020515 0.0200077 0.0187383 0.0166771 0.0138798 0.0105131 0.00680875 0.00298873 -0.000713217 -0.00407061 -0.00686066 -0.00893754 -0.0101933 -0.0105983 -0.0101693 -0.00902181 -0.00727917 -0.00508567 -0.0025632 0.000101395 0.00271941 0.00509341 0.00709264 0.00856979 0.00939431 0.00942947 0.00862859 0.00699106 0.00459743 0.00156503 -0.0019042 -0.00559501 -0.00927558 -0.0127266 -0.0157053 -0.0180179 -0.0195696 -0.0203658 -0.0204473 -0.0198692 -0.0187445 -0.0172097 -0.0154097 -0.013459 -0.0115113 -0.00967438 -0.00802217 -0.00656005 -0.00532411 -0.00430035 -0.00346534 -0.00278366 -0.00225607 -0.0018567 -0.00154691 -0.00132094 -0.00116305 -0.00105639 -0.000968085 -0.0009183 -0.000881387 -0.000851526 -0.000825312 -0.000812567 -0.000797627 -0.000776714 -0.000770799 -0.000756911 -0.000744823 -0.000732527 -0.000728123 -0.00071397 -0.00070389 -0.000701832 -0.000687983 -0.000682495 -0.00067462 -0.000668706 -0.000660024 -0.000655102 -0.000647429 -0.000636742 -0.000639448 -0.000627444 -0.000619114 -0.000618866 -0.000612762 -0.000606811 -0.000600918 -0.000601724 -0.000595054 -0.000590014 -0.00058912 -0.0005831 -0.000581094 -0.000575379 -0.000574145 -0.000570751 -0.000562591 -0.000566381 -0.000561369 -0.000556602 -0.000562079 -0.000554689 -0.000551951 -0.000554741 -0.000546781 -0.00054692 -0.00054812 -0.000542296 -0.000544471 -0.000543384 -0.000540054 -0.000542054 -0.000538261 -0.000539025 -0.000541646 -0.000536634 -0.000538379 
0 1.12889e-05 1.85855e-06 1.98737e-05 2.08988e-05 1.60734e-05 3.50267e-05 2.59088e-05 2.99887e-05 5.09091e-05 4.08212e-05 5.37997e-05 6.78648e-05 5.22114e-05 6.65125e-05 7.32502e-05 6.36374e-05 8.5412e-05 9.09312e-05 8.88553e-05 0.00010104 0.000101897 0.000107379 0.000110475 0.000125647 0.000132605 0.00012068 0.000140068 0.000141807 0.000142368 0.000162987 0.00017127 0.000172537 0.000161682 0.000193688 0.000207364 0.00019432 0.000208375 0.000211275 0.000233771 0.000232574 0.000239233 0.000252567 0.000258777 0.000279916 0.000274296 0.000299934 0.000304261 0.000317757 0.000332629 0.000340233 0.000362008 0.000363042 0.000393028 0.000394778 0.000421521 0.000437282 0.000463721 0.000497429 0.000535365 0.000608326 0.000683836 0.00082608 0.000996443 0.00126645 0.00160839 0.00208985 0.00270455 0.00349874 0.00449438 0.00571243 0.00719859 0.00893727 0.0109644 0.0132014 0.0156298 0.0180765 0.0204424 0.0225034 0.0241363 0.0251253 0.0253676 0.0247195 0.0231426 0.0206015 0.0171928 0.0130924 0.00856361 0.00389331 -0.000637724 -0.00473792 -0.00817293 -0.0107278 -0.0123014 -0.0128211 -0.0123529 -0.0109774 -0.00888088 -0.00619648 -0.00314156 0.000106517 0.00327839 0.00618784 0.00860654 0.0103941 0.0113505 0.0113717 0.0103543 0.00833613 0.00538027 0.0016742 -0.00257611 -0.00709004 -0.0115977 -0.0158032 -0.0194327 -0.0222729 -0.0241955 -0.025196 -0.0252959 -0.0246141 -0.0232432 -0.0213831 -0.0191573 -0.0167886 -0.014384 -0.0121291 -0.0100552 -0.00825866 -0.00670515 -0.0054255 -0.00436723 -0.00352351 -0.00285872 -0.00234012 -0.00196242 -0.00166811 -0.0014755 -0.001317 -0.00123134 -0.00114768 -0.00110642 -0.00106398 -0.00103913 -0.0010159 -0.000990279 -0.000984526 -0.000954154 -0.000952132 -0.000927444 -0.000923619 -0.000902921 -0.000895697 -0.00088849 -0.000865521 -0.000869328 -0.000850333 -0.000850934 -0.000830209 -0.000824035 -0.000822102 -0.000812311 -0.000806299 -0.000774586 -0.000791225 -0.000791326 -0.000768032 -0.000756965 -0.000755854 -0.000765548 -0.000744576 -0.000747321 -0.000745355 -0.00072616 -0.000730108 -0.000727158 -0.000727242 -0.000713641 -0.000708958 -0.000713607 -0.000693941 -0.000704634 -0.000709864 -0.000690352 -0.000701001 -0.000695751 -0.000679393 -0.000690938 -0.000685391 -0.00067724 -0.000687512 -0.000679272 -0.000674698 -0.000681718 -0.000674717 -0.000674473 -0.000676045 -0.000671526 -0.000674493 -0.000672306 
0 5.87808e-07 1.13486e-05 1.3095e-05 1.7465e-05 3.50267e-05 3.14708e-05 4.10679e-05 5.59361e-05 4.0732e-05 5.59318e-05 6.01109e-05 5.1888e-05 8.14368e-05 8.18009e-05 8.66641e-05 0.000103624 9.58736e-05 9.9221e-05 0.000104627 0.00011953 0.000118769 0.000128728 0.000149433 0.00012499 0.000150403 0.000171212 0.000159576 0.000187001 0.000185476 0.000182645 0.00018736 0.00020581 0.000227391 0.000215369 0.000220114 0.000233748 0.000265148 0.000265484 0.000259352 0.000291313 0.000296691 0.00030728 0.000318386 0.000330769 0.000338186 0.000353294 0.000371267 0.000370739 0.000395897 0.000410701 0.000421626 0.000439599 0.000464947 0.000480711 0.000498238 0.000536151 0.000562431 0.000600183 0.000659556 0.000742539 0.00084453 0.00100534 0.0012385 0.0015488 0.00197477 0.00255519 0.00330857 0.00425797 0.0054579 0.00693682 0.0087088 0.0107921 0.0131951 0.0158636 0.0187005 0.0215788 0.0243339 0.0267524 0.0286264 0.0297708 0.030026 0.0292472 0.027361 0.0243754 0.0204019 0.0156308 0.0103502 0.00489192 -0.000393707 -0.00519346 -0.00921844 -0.012243 -0.0141115 -0.0147795 -0.0142846 -0.0127447 -0.010319 -0.00721578 -0.00366259 8.60328e-05 0.00377656 0.00714803 0.00996142 0.0119939 0.013066 0.0130313 0.0118131 0.00941191 0.00594144 0.00159409 -0.00336771 -0.00865054 -0.0139126 -0.0188133 -0.0230403 -0.0263708 -0.0286564 -0.0298504 -0.0299929 -0.0292073 -0.0276384 -0.0254582 -0.0228656 -0.0200788 -0.017274 -0.0145886 -0.0121329 -0.00997923 -0.00813245 -0.00657705 -0.00530306 -0.00428866 -0.00347969 -0.00284869 -0.00237959 -0.00203774 -0.00177847 -0.00159613 -0.00147928 -0.00138893 -0.00132105 -0.0012787 -0.0012522 -0.00121351 -0.00119469 -0.00117985 -0.00115771 -0.00113648 -0.00112766 -0.00111302 -0.0010864 -0.0010837 -0.00106456 -0.00104911 -0.00103695 -0.00102478 -0.00100565 -0.000999237 -0.00100153 -0.000965597 -0.000963127 -0.000968549 -0.000962853 -0.000944016 -0.000923299 -0.00093467 -0.000932421 -0.000923783 -0.000895333 -0.000896585 -0.000899376 -0.000870532 -0.000892753 -0.000880396 -0.000855963 -0.000866631 -0.00086086 -0.000859914 -0.000855955 -0.00085999 -0.000842958 -0.000829611 -0.000842462 -0.000821318 -0.00082966 -0.000837627 -0.000817976 -0.000830313 -0.000820549 -0.000813822 -0.000821758 -0.000810901 -0.000814616 -0.000811958 -0.00080982 -0.000811161 -0.000804234 -0.000810719 -0.000806746 
0 1.35449e-05 9.24683e-06 2.71236e-05 2.62416e-05 2.59088e-05 4.10679e-05 3.78045e-05 5.03066e-05 6.20526e-05 6.48621e-05 8.02218e-05 8.30677e-05 8.37938e-05 9.01273e-05 9.34977e-05 0.000100154 0.000114265 0.000125758 0.000130602 0.000142176 0.00014294 0.000149771 0.000164087 0.000166323 0.000182851 0.000181723 0.000182638 0.000202914 0.000205522 0.000222863 0.000241175 0.000240896 0.000241778 0.000267292 0.000284096 0.000278066 0.000295596 0.000300406 0.000313654 0.000333941 0.000336184 0.000348568 0.000368998 0.000387932 0.000390003 0.000418746 0.000435558 0.000442023 0.00046973 0.000487349 0.000500934 0.000517068 0.000551896 0.000560088 0.00058537 0.000625135 0.000657178 0.000699786 0.000772181 0.000876185 0.000993858 0.00119612 0.00147374 0.00185037 0.00235261 0.00304934 0.00393808 0.00505545 0.00646747 0.0082024 0.0102722 0.0126852 0.0154693 0.0185297 0.021768 0.0250259 0.0281491 0.0308674 0.0329652 0.0342246 0.0344841 0.0335589 0.0313825 0.0279819 0.0234966 0.0181239 0.0121679 0.00600764 3.44204e-05 -0.00539445 -0.00997108 -0.0134251 -0.0155938 -0.016414 -0.0159409 -0.0142702 -0.0115859 -0.00811178 -0.00414272 5.14244e-05 0.00417728 0.00796189 0.0110981 0.0133399 0.0144743 0.0143731 0.0129391 0.0101872 0.00623116 0.00130674 -0.00430754 -0.0102752 -0.016217 -0.0217377 -0.0265051 -0.0302855 -0.0329074 -0.0342989 -0.0344872 -0.0336291 -0.031875 -0.0294257 -0.0264867 -0.0233329 -0.0201352 -0.0170623 -0.0142223 -0.0117331 -0.00958113 -0.00776381 -0.00626729 -0.00507923 -0.00412901 -0.00337865 -0.00282768 -0.00241818 -0.00211304 -0.0018863 -0.00175236 -0.00163841 -0.00155668 -0.00150335 -0.00147005 -0.00142402 -0.00139361 -0.00138134 -0.00134633 -0.00132476 -0.00130884 -0.00129354 -0.0012625 -0.00125826 -0.00124317 -0.00121692 -0.00121377 -0.00120211 -0.00118462 -0.00116755 -0.00116671 -0.00114795 -0.00113935 -0.00112754 -0.00110036 -0.00110605 -0.00110115 -0.00107801 -0.00106251 -0.0010666 -0.00105893 -0.00105038 -0.00105339 -0.00103279 -0.00102914 -0.00102637 -0.00101719 -0.00101899 -0.00100399 -0.000995 -0.000990422 -0.000983044 -0.000983901 -0.00098635 -0.000981521 -0.000975184 -0.000975092 -0.000962402 -0.000960908 -0.00096373 -0.000951586 -0.000958951 -0.000953872 -0.000947017 -0.000954918 -0.000941836 -0.000947908 -0.000951025 -0.000939566 -0.00095073 -0.000940859 
0 1.31938e-05 3.36103e-06 2.63915e-05 3.13932e-05 2.99887e-05 5.59361e-05 5.03066e-05 5.46204e-05 7.43414e-05 6.59014e-05 8.05406e-05 9.52543e-05 9.15026e-05 0.000111539 0.000119122 0.000118919 0.00013418 0.000137572 0.000144517 0.000155428 0.000163958 0.000175624 0.00017928 0.000194188 0.000205928 0.000208368 0.000226351 0.000236305 0.000240326 0.000250109 0.000267663 0.000275847 0.00027574 0.00030326 0.00031254 0.000317491 0.000339867 0.000348424 0.000367111 0.000380675 0.000393993 0.000406596 0.000426607 0.000444233 0.000448037 0.000478714 0.000491239 0.000505258 0.000530241 0.000551882 0.000569565 0.000590099 0.000628742 0.000641709 0.00067673 0.000719433 0.000762286 0.000815412 0.000902919 0.0010244 0.00116984 0.00140946 0.00173454 0.00217724 0.00276509 0.00357302 0.00459937 0.00589073 0.00751528 0.00950359 0.0118665 0.0146097 0.017753 0.0211843 0.0247906 0.0283988 0.0318392 0.0348188 0.0371015 0.0384526 0.0386907 0.037618 0.0351694 0.0313963 0.0264544 0.0205563 0.0140161 0.00724738 0.000671922 -0.00531572 -0.0103849 -0.014234 -0.0166908 -0.0176813 -0.0172614 -0.0155135 -0.0126319 -0.00886474 -0.00455449 3.19885e-06 0.00448889 0.00860656 0.0120005 0.0143928 0.0155505 0.0153543 0.0137042 0.0106228 0.00622888 0.000785986 -0.00540587 -0.0119732 -0.0185058 -0.0245703 -0.0298202 -0.0340051 -0.0369391 -0.0385233 -0.0387786 -0.037869 -0.0359646 -0.0332822 -0.0300475 -0.0265575 -0.0230008 -0.0195614 -0.016361 -0.0135356 -0.0110812 -0.00900051 -0.00727983 -0.00590603 -0.00480727 -0.00393678 -0.00329142 -0.00280785 -0.00244974 -0.00218095 -0.00201581 -0.00188149 -0.00178516 -0.00172114 -0.00167832 -0.00163193 -0.00159495 -0.00158088 -0.00154407 -0.00152244 -0.00150253 -0.00148476 -0.00145535 -0.00144183 -0.00142817 -0.00139673 -0.00138894 -0.00137035 -0.00135343 -0.00133577 -0.00132378 -0.00130918 -0.00129567 -0.00129101 -0.00126472 -0.00126322 -0.00125981 -0.00123711 -0.0012302 -0.00122466 -0.00121505 -0.00119732 -0.00119374 -0.00118822 -0.0011722 -0.00117064 -0.00116213 -0.00115533 -0.00114951 -0.00114352 -0.0011452 -0.00113094 -0.00112815 -0.00112811 -0.00110929 -0.00111431 -0.00111238 -0.00109767 -0.00110787 -0.00109993 -0.00109083 -0.00109984 -0.00108655 -0.00108675 -0.00109353 -0.00107916 -0.00108397 -0.00108276 -0.00107317 -0.00108316 -0.00107786 
0 2.80224e-07 2.65301e-05 1.86144e-05 2.99167e-05 5.09091e-05 4.0732e-05 6.20526e-05 7.43414e-05 6.70007e-05 9.1265e-05 9.19742e-05 9.08017e-05 0.000117576 0.000118603 0.000126323 0.000146804 0.00014656 0.000152831 0.000165802 0.000177335 0.000184292 0.000195866 0.00021552 0.000209145 0.000220922 0.000249066 0.000246541 0.000263402 0.000280878 0.000283374 0.000289021 0.000307278 0.00034151 0.000333467 0.000337813 0.00036613 0.000384279 0.000401556 0.000399405 0.000428803 0.000445544 0.000459808 0.00048131 0.000490258 0.000521212 0.000530959 0.00055949 0.000573277 0.000598646 0.000626333 0.000639727 0.000678369 0.000695945 0.000736176 0.000760795 0.000814775 0.000862124 0.000929263 0.00103524 0.00116326 0.00136127 0.00162116 0.00201656 0.00251442 0.00321529 0.00412266 0.0053029 0.00677482 0.00861572 0.0108614 0.0135082 0.0165922 0.0200586 0.0238526 0.0277763 0.0317176 0.0354042 0.0386169 0.0410276 0.0424537 0.0426299 0.0414165 0.0387089 0.0346117 0.0292664 0.0229218 0.0158948 0.00861511 0.00153323 -0.0049417 -0.0104317 -0.0146453 -0.0173681 -0.018555 -0.0182096 -0.016451 -0.0134317 -0.00947208 -0.00489466 -7.51233e-05 0.00469615 0.00904376 0.0126311 0.0151 0.0162526 0.0159244 0.0140691 0.0106756 0.00590647 5.92406e-06 -0.00667402 -0.0137501 -0.0207727 -0.0272989 -0.0329693 -0.0375056 -0.0407253 -0.0424864 -0.0428375 -0.0418885 -0.0398815 -0.0369896 -0.033527 -0.0297188 -0.025854 -0.0220557 -0.0185372 -0.0153658 -0.0126244 -0.0102745 -0.00833575 -0.00676821 -0.00551225 -0.00453279 -0.00377415 -0.00322767 -0.00279641 -0.00250699 -0.00228435 -0.00214439 -0.00202349 -0.00195125 -0.00189445 -0.00184136 -0.00181006 -0.00176932 -0.00175092 -0.0017091 -0.00169699 -0.00166505 -0.00164388 -0.00162322 -0.00159757 -0.00158692 -0.00155623 -0.0015467 -0.001519 -0.00151341 -0.00149802 -0.00146884 -0.00145966 -0.00144868 -0.00145073 -0.00141429 -0.00139639 -0.00140504 -0.00139438 -0.00137599 -0.00135377 -0.00135906 -0.0013435 -0.0013277 -0.00133754 -0.00131806 -0.00130352 -0.00130165 -0.00129764 -0.00128991 -0.00128066 -0.0012843 -0.00126671 -0.00125568 -0.00126649 -0.00124823 -0.00124651 -0.00125622 -0.00123466 -0.0012371 -0.00124058 -0.00122372 -0.00123115 -0.00122722 -0.00121711 -0.00122631 -0.00121794 -0.00121526 -0.00122164 -0.00121174 -0.00121561 
0 1.26726e-05 1.81553e-05 2.94466e-05 4.1395e-05 4.08212e-05 5.59318e-05 6.48621e-05 6.59014e-05 9.1265e-05 9.40742e-05 0.000102864 0.000126845 0.000118693 0.00012952 0.000142336 0.000143708 0.000163014 0.000179567 0.000192906 0.000194046 0.000212062 0.000219747 0.000217069 0.000256715 0.000255557 0.000258017 0.000282262 0.000279304 0.00030317 0.000319725 0.000343776 0.000351163 0.000346072 0.000378959 0.00040159 0.000417815 0.000409153 0.000434243 0.000466613 0.000468015 0.000493853 0.000506113 0.000532879 0.000551733 0.000576553 0.000597415 0.000616242 0.000653335 0.0006653 0.000698566 0.000722934 0.000754562 0.000780767 0.000817496 0.000861429 0.000900751 0.000971127 0.00104798 0.00116706 0.00131923 0.00155221 0.00186338 0.00230023 0.00289356 0.00368339 0.00471943 0.00604009 0.00771383 0.00976846 0.0122675 0.0152072 0.0186076 0.0223983 0.0264996 0.0307386 0.0349395 0.0388536 0.042218 0.0447466 0.046183 0.0462977 0.0449186 0.0419974 0.0376046 0.0319289 0.0252104 0.0178032 0.0101162 0.00262582 -0.0042465 -0.0100928 -0.0146182 -0.0176023 -0.0189846 -0.018758 -0.0170297 -0.0139679 -0.00989613 -0.00516543 -0.000163684 0.00477862 0.00927273 0.0129502 0.0154455 0.0165373 0.0160677 0.0139968 0.0103318 0.00523745 -0.00103874 -0.00812028 -0.0156037 -0.0230126 -0.0299196 -0.0359356 -0.0407851 -0.0442402 -0.0461893 -0.0466301 -0.0456978 -0.0435952 -0.040569 -0.0368958 -0.0328446 -0.0286729 -0.024575 -0.0207351 -0.0172511 -0.0142086 -0.0116019 -0.00944208 -0.00766899 -0.00626218 -0.005151 -0.00430017 -0.00365291 -0.00317726 -0.00283333 -0.00257715 -0.00240474 -0.00227379 -0.00218703 -0.00210716 -0.00206339 -0.00201341 -0.00197422 -0.00194113 -0.00191085 -0.00188153 -0.00184701 -0.00183509 -0.00179843 -0.00178123 -0.00175755 -0.00173883 -0.00171982 -0.00170014 -0.001683 -0.00165227 -0.00166061 -0.00163433 -0.00160252 -0.00158975 -0.00158694 -0.00158127 -0.00154257 -0.00153308 -0.00152365 -0.00152527 -0.00151131 -0.00148998 -0.00149785 -0.00146537 -0.00146485 -0.00147313 -0.00144755 -0.00144157 -0.00143033 -0.00142057 -0.0014097 -0.0014155 -0.00141454 -0.00139548 -0.00140603 -0.00138867 -0.00137709 -0.00138957 -0.00136988 -0.00137231 -0.00137443 -0.0013609 -0.00136533 -0.00135861 -0.00135656 -0.00135866 -0.00135499 -0.00135666 -0.00135234 -0.00135187 
0 5.98947e-06 2.31639e-05 2.4557e-05 4.22455e-05 5.37997e-05 6.01109e-05 8.02218e-05 8.05406e-05 9.19742e-05 0.000102864 0.000104985 0.000126245 0.000133887 0.000149314 0.000168651 0.000172129 0.000183301 0.000189264 0.000199056 0.000210647 0.000229614 0.000245153 0.000249935 0.000273104 0.000274647 0.000293186 0.000321912 0.000319345 0.000343926 0.000348955 0.000353655 0.000383269 0.000400204 0.000413462 0.000422577 0.000450151 0.000465347 0.000491818 0.00051338 0.000516336 0.000553868 0.000571752 0.00058701 0.000609541 0.000637372 0.000654904 0.000676033 0.000715839 0.00072818 0.000762215 0.000797969 0.000828882 0.000859207 0.000907538 0.000958087 0.00100194 0.00108637 0.00118319 0.00131367 0.00149487 0.00176832 0.00212564 0.00261892 0.00329985 0.00419428 0.00535046 0.00682878 0.00869808 0.0109745 0.0137213 0.0169513 0.0206557 0.024745 0.0291307 0.0336415 0.0380668 0.0421481 0.0456267 0.0482175 0.0496378 0.0496569 0.0481241 0.0450065 0.0403738 0.0344243 0.027424 0.0197329 0.0117526 0.00395467 -0.00321751 -0.00934645 -0.0141335 -0.0173605 -0.0189439 -0.0188642 -0.0172231 -0.0142028 -0.0101235 -0.00534452 -0.000267132 0.00474035 0.0092715 0.0129452 0.0153967 0.0163864 0.0157561 0.0134736 0.00957047 0.00421082 -0.00235608 -0.00974612 -0.0175293 -0.025228 -0.0324221 -0.0387216 -0.0438248 -0.047491 -0.0496086 -0.0501648 -0.0492706 -0.0471246 -0.0439989 -0.0401751 -0.0359161 -0.0314841 -0.0271084 -0.0229762 -0.0191907 -0.015853 -0.0129909 -0.0106025 -0.00862578 -0.00704959 -0.00580978 -0.00484764 -0.00410522 -0.00356466 -0.00317106 -0.00287091 -0.00266512 -0.00252137 -0.00241595 -0.00232266 -0.00227489 -0.00222346 -0.00217543 -0.00214088 -0.00211444 -0.00207756 -0.00204252 -0.00202967 -0.00198943 -0.00196583 -0.00194476 -0.00191831 -0.00188648 -0.00187208 -0.00185638 -0.00181766 -0.00181075 -0.00178943 -0.00177524 -0.00176415 -0.00173977 -0.00172361 -0.00171658 -0.00171461 -0.00168232 -0.00167449 -0.0016607 -0.00163768 -0.00164575 -0.00162369 -0.00161083 -0.001604 -0.00158852 -0.00158768 -0.00158356 -0.00157981 -0.00156515 -0.00155922 -0.00154772 -0.00153377 -0.00154048 -0.00152646 -0.00152535 -0.00152615 -0.0015109 -0.00151603 -0.0015054 -0.00150361 -0.00150893 -0.00149542 -0.00150114 -0.00149255 -0.00148483 -0.00149264 -0.0014821 -0.00149097 
0 4.13953e-07 3.82705e-05 2.51691e-05 4.20452e-05 6.78648e-05 5.1888e-05 8.30677e-05 9.52543e-05 9.08017e-05 0.000126845 0.000126245 0.000131248 0.000155547 0.000153694 0.000169804 0.000185244 0.000197228 0.000215112 0.000223386 0.000244654 0.00025049 0.000258823 0.000286414 0.000288065 0.000301385 0.000326116 0.000333606 0.000345556 0.00037005 0.000393808 0.000394237 0.000418898 0.000450327 0.000448662 0.000472876 0.000493231 0.000509431 0.00053468 0.000546348 0.000569854 0.000595498 0.000624013 0.000636986 0.000667513 0.000704574 0.000715246 0.000753925 0.000784128 0.000809672 0.000838711 0.000880634 0.000912638 0.000939926 0.00100187 0.00104437 0.00110527 0.0011913 0.00131251 0.00145525 0.00167105 0.00198839 0.00239395 0.00296222 0.00372836 0.00474426 0.00602332 0.00767897 0.00974072 0.0122504 0.0152446 0.018761 0.0227536 0.0271183 0.0317635 0.0365005 0.0411092 0.0453009 0.0488519 0.0514462 0.0528184 0.0527111 0.0510339 0.0477352 0.042915 0.0367508 0.0295589 0.0216771 0.013515 0.00551349 -0.00185671 -0.00819271 -0.0131886 -0.0166368 -0.0184215 -0.0185166 -0.0170204 -0.0141298 -0.0101508 -0.00543732 -0.000399222 0.004558 0.00901235 0.0125831 0.0149184 0.0157639 0.0149585 0.0124728 0.00836952 0.00280759 -0.00395801 -0.0115564 -0.019529 -0.0274208 -0.0348061 -0.0413204 -0.0466154 -0.0504656 -0.0527305 -0.0534195 -0.0525847 -0.0504467 -0.0472575 -0.0433358 -0.0389063 -0.0342613 -0.0296323 -0.0252337 -0.0211634 -0.0175415 -0.0144266 -0.0118043 -0.00963128 -0.00787418 -0.00650777 -0.00542278 -0.00459528 -0.00397537 -0.00353553 -0.00318833 -0.00294946 -0.00278781 -0.00265936 -0.00255993 -0.00249133 -0.00244486 -0.00237748 -0.00234453 -0.00230825 -0.00226728 -0.00223064 -0.00220699 -0.00217589 -0.00213572 -0.00212702 -0.00209314 -0.00206495 -0.00204771 -0.00202793 -0.00200464 -0.00197955 -0.00196533 -0.00193877 -0.00193152 -0.00190598 -0.00187522 -0.00187918 -0.0018571 -0.00183199 -0.00182537 -0.00181935 -0.00179948 -0.00178329 -0.00178632 -0.0017651 -0.00175293 -0.00175277 -0.00173246 -0.00172398 -0.00171243 -0.00170574 -0.00170021 -0.00168646 -0.00169431 -0.00167842 -0.00166791 -0.00167879 -0.00165207 -0.00165632 -0.00166374 -0.00163506 -0.00164872 -0.00164183 -0.00162308 -0.00164425 -0.00162952 -0.00162771 -0.00164269 -0.00161948 -0.00162761 
0 2.00178e-05 1.47079e-05 4.19808e-05 5.23689e-05 5.22114e-05 8.14368e-05 8.37938e-05 9.15026e-05 0.000117576 0.000118693 0.000133887 0.000155547 0.000161677 0.000175009 0.000189677 0.000200117 0.000209869 0.000232598 0.000248481 0.000251145 0.000277929 0.000289063 0.000291338 0.000325853 0.000340275 0.000345498 0.000367578 0.000383341 0.000396321 0.000413465 0.000446316 0.000461807 0.000458505 0.0004891 0.000525768 0.000542424 0.000547831 0.00057316 0.000611157 0.000624329 0.000650164 0.000673359 0.000697801 0.000731948 0.000754305 0.000783848 0.000811495 0.000852309 0.000876121 0.000911586 0.000958126 0.00098724 0.00103561 0.0010859 0.00115075 0.00121155 0.00131938 0.00145112 0.00161977 0.00187491 0.00222381 0.00270011 0.00332833 0.00420451 0.00531824 0.00675464 0.00857002 0.0108406 0.0135735 0.0168231 0.0206135 0.0248689 0.0294988 0.0343587 0.0392985 0.0440219 0.0483043 0.0518541 0.0544284 0.0556896 0.0554652 0.0536252 0.0501909 0.0452122 0.0389209 0.0316094 0.0236453 0.0153987 0.00731279 -0.000157353 -0.00661611 -0.011767 -0.0154065 -0.0173861 -0.0176847 -0.0163874 -0.0137189 -0.00994332 -0.00542088 -0.000539883 0.00423786 0.00850459 0.0118659 0.0140144 0.0146681 0.0136781 0.0110015 0.00673697 0.00103938 -0.00583681 -0.0135329 -0.0215977 -0.0295771 -0.0370779 -0.0437173 -0.0491666 -0.0531517 -0.0555743 -0.0563812 -0.0556614 -0.0535529 -0.0503743 -0.0463731 -0.041844 -0.0370088 -0.0321784 -0.0275195 -0.0231957 -0.019298 -0.015929 -0.0130741 -0.0106909 -0.00876426 -0.0072353 -0.00604401 -0.00510168 -0.004417 -0.00389806 -0.00351923 -0.00323391 -0.00304819 -0.00290214 -0.00278623 -0.00271438 -0.00264747 -0.00259408 -0.00254057 -0.00251211 -0.00246319 -0.00242783 -0.00240021 -0.00236348 -0.00233304 -0.00230042 -0.00227966 -0.00224616 -0.0022246 -0.00219359 -0.00216633 -0.00216037 -0.00213125 -0.00209758 -0.00207773 -0.00207929 -0.00205995 -0.00201993 -0.00200944 -0.00200442 -0.00198947 -0.00196647 -0.00195506 -0.00194639 -0.00191764 -0.00191568 -0.00191468 -0.00188731 -0.0018807 -0.00187456 -0.00185795 -0.00185136 -0.00184967 -0.00184047 -0.00182452 -0.00182528 -0.00181584 -0.00180106 -0.00180976 -0.00179463 -0.00178616 -0.00179728 -0.00177785 -0.001779 -0.00178488 -0.001765 -0.00177377 -0.00177133 -0.00175749 -0.00177178 -0.00176316 
0 1.37083e-05 2.44874e-05 4.11973e-05 4.99992e-05 6.65125e-05 8.18009e-05 9.01273e-05 0.000111539 0.000118603 0.00012952 0.000149314 0.000153694 0.000175009 0.000193256 0.000203834 0.000226234 0.000236582 0.000244136 0.000256998 0.000277394 0.00029206 0.000310955 0.000337655 0.0003386 0.000357698 0.000380748 0.000396131 0.000423812 0.000434259 0.000454778 0.000461573 0.000481825 0.000525641 0.000538097 0.000548924 0.000566145 0.000611284 0.000634361 0.000646505 0.000678738 0.00070014 0.000738182 0.000756781 0.000787882 0.00081667 0.000847698 0.000884909 0.000909901 0.000955384 0.000984728 0.00103363 0.00107086 0.00112306 0.00118105 0.00124427 0.00133371 0.00143911 0.00159874 0.00179229 0.00208903 0.0024791 0.00301982 0.00373795 0.00470205 0.00594773 0.00752781 0.00953277 0.011993 0.0149696 0.0184652 0.0225192 0.0270193 0.0318847 0.0369404 0.04202 0.0468333 0.0511384 0.0546639 0.0571402 0.0582819 0.0578999 0.0559258 0.0523528 0.0472849 0.0409168 0.0335865 0.0256152 0.0174007 0.00932941 0.00187043 -0.00463745 -0.00987985 -0.0136786 -0.0158428 -0.0163711 -0.0153313 -0.0129693 -0.0095054 -0.00529552 -0.000705703 0.00376593 0.00772623 0.0107801 0.0126647 0.0130818 0.0118982 0.00904794 0.00466885 -0.00110291 -0.00799058 -0.0156868 -0.0237283 -0.0317156 -0.0392299 -0.0459353 -0.0514615 -0.055573 -0.0581174 -0.0590719 -0.058466 -0.056459 -0.0533105 -0.0492968 -0.044687 -0.0397279 -0.034712 -0.0298284 -0.0252634 -0.0211089 -0.0174923 -0.0143909 -0.0118129 -0.00969377 -0.0080159 -0.0066849 -0.00565334 -0.00487313 -0.00428795 -0.00386095 -0.00353711 -0.00332104 -0.00314666 -0.00303238 -0.00293241 -0.00286674 -0.00280328 -0.00275164 -0.00270915 -0.00266223 -0.00263125 -0.00258332 -0.00255802 -0.00251842 -0.00249011 -0.0024547 -0.00242324 -0.00240139 -0.00236961 -0.00234976 -0.00230633 -0.00229529 -0.00228529 -0.00225516 -0.00222184 -0.0022035 -0.00220886 -0.00217983 -0.00215844 -0.00213649 -0.00212038 -0.00211363 -0.00209109 -0.00208795 -0.00206434 -0.00204288 -0.00204228 -0.00203144 -0.00202352 -0.00201452 -0.00200584 -0.00198533 -0.00197765 -0.00197683 -0.00195799 -0.00196106 -0.00195431 -0.0019399 -0.00194293 -0.00192982 -0.00192667 -0.00192816 -0.00191889 -0.00191988 -0.00191386 -0.00190771 -0.0019063 -0.00190168 -0.0019033 -0.00190293 
0 1.3255e-05 2.67525e-05 4.44253e-05 5.34707e-05 7.32502e-05 8.66641e-05 9.34977e-05 0.000119122 0.000126323 0.000142336 0.000168651 0.000169804 0.000189677 0.000203834 0.000208812 0.000233388 0.000249657 0.000269048 0.000290195 0.000308925 0.00031693 0.000329258 0.000355107 0.000361586 0.000392577 0.000410284 0.000416209 0.000449401 0.000456064 0.000493439 0.000520298 0.000527187 0.000557742 0.000571197 0.000602639 0.000623222 0.000651427 0.000667157 0.000688758 0.000738495 0.000746219 0.000786193 0.000816954 0.000847559 0.000883876 0.000916927 0.000959819 0.000980807 0.00103891 0.00106722 0.00111116 0.00116135 0.00121247 0.0012749 0.00134155 0.00145301 0.00156245 0.0017448 0.00197593 0.00230895 0.00275071 0.00336086 0.00417774 0.00523543 0.00662053 0.00835963 0.0105536 0.013214 0.0164313 0.020178 0.0244727 0.0292046 0.0342752 0.0394976 0.0446678 0.0495302 0.0538129 0.0572663 0.0595975 0.0605866 0.0600379 0.0579288 0.0542424 0.0491272 0.0427571 0.0354806 0.0275956 0.0195053 0.0115623 0.00420525 -0.00226455 -0.00754448 -0.0114537 -0.013799 -0.0145751 -0.0138574 -0.0118751 -0.00883307 -0.00505303 -0.000898907 0.00314204 0.00667368 0.00933184 0.0108698 0.0110117 0.00961764 0.00662512 0.00217089 -0.00360036 -0.0104179 -0.0180034 -0.0259275 -0.0338256 -0.0412775 -0.0479668 -0.0535186 -0.0577199 -0.0603791 -0.0614804 -0.0610129 -0.059146 -0.0560737 -0.0520889 -0.0474373 -0.0424007 -0.0372309 -0.0321529 -0.0273606 -0.0229742 -0.0191089 -0.0157671 -0.0129849 -0.0106784 -0.00883864 -0.00736451 -0.00623815 -0.00535933 -0.00470338 -0.00422042 -0.00386319 -0.00360617 -0.00340748 -0.00328562 -0.00316409 -0.00308935 -0.00301731 -0.0029662 -0.00290484 -0.00286033 -0.0028269 -0.00276861 -0.0027441 -0.00270035 -0.00267175 -0.00263195 -0.00261128 -0.00257632 -0.00253915 -0.00253612 -0.00249196 -0.00246957 -0.00244298 -0.00242309 -0.00240076 -0.00237443 -0.00235713 -0.0023182 -0.00231963 -0.00229876 -0.0022783 -0.00227135 -0.00223715 -0.00223818 -0.00222521 -0.00220823 -0.00220155 -0.00217981 -0.00216315 -0.00214905 -0.00214808 -0.00213238 -0.0021266 -0.00212746 -0.00210241 -0.0021049 -0.00209641 -0.00208107 -0.00209137 -0.00207558 -0.00206768 -0.00206775 -0.00205151 -0.00205273 -0.00205314 -0.00205006 -0.00205395 -0.00205144 -0.00204649 -0.00204084 
0 2.7809e-05 1.70355e-05 5.60478e-05 6.3487e-05 6.36374e-05 0.000103624 0.000100154 0.000118919 0.000146804 0.000143708 0.000172129 0.000185244 0.000200117 0.000226234 0.000233388 0.000260312 0.000263837 0.000279342 0.000311468 0.000306042 0.000342314 0.000368933 0.000367808 0.00040322 0.000423086 0.000434865 0.000455132 0.000487202 0.000500408 0.000506177 0.000553744 0.000565918 0.000581958 0.00061866 0.000638622 0.000678195 0.00069373 0.00071909 0.000758918 0.000788447 0.000811755 0.00083591 0.000886453 0.000903878 0.000939205 0.00098581 0.00101184 0.00105616 0.0011 0.00114908 0.00118372 0.00125101 0.00131059 0.00136845 0.001465 0.0015736 0.00171674 0.0019038 0.00219081 0.00255024 0.0030522 0.0037392 0.00464462 0.00581778 0.00732707 0.00925349 0.0116133 0.0145017 0.0179372 0.0219454 0.0264506 0.0314043 0.036649 0.0420013 0.0472273 0.0520884 0.0563214 0.0596402 0.0618077 0.0625977 0.0618975 0.0596339 0.0558829 0.0507439 0.0444625 0.0372928 0.0296008 0.0217096 0.0140146 0.00683341 0.000497093 -0.0047711 -0.00873118 -0.011258 -0.0122942 -0.0119641 -0.0104252 -0.00791248 -0.00467499 -0.0011044 0.00238393 0.00536579 0.0075479 0.00865579 0.0084875 0.00686079 0.00376496 -0.00072922 -0.00641809 -0.0130995 -0.0204607 -0.0281916 -0.0358936 -0.0432276 -0.0498079 -0.0553551 -0.0595908 -0.0623794 -0.0636078 -0.0633227 -0.0616099 -0.0586788 -0.0547489 -0.050111 -0.0450279 -0.0397484 -0.034505 -0.0295023 -0.0249094 -0.0207906 -0.0172277 -0.014213 -0.0117379 -0.00970396 -0.00810016 -0.00684618 -0.00587935 -0.00513383 -0.00458909 -0.00419612 -0.0038851 -0.00367505 -0.00351879 -0.00340394 -0.00329649 -0.0032366 -0.00317442 -0.00310837 -0.00306859 -0.00302304 -0.00297914 -0.00293132 -0.0029085 -0.00285664 -0.00282025 -0.00280028 -0.0027531 -0.00271995 -0.00269117 -0.0026725 -0.00263221 -0.00260602 -0.00258584 -0.00255987 -0.00255209 -0.00250862 -0.00249618 -0.00249267 -0.00245411 -0.00243638 -0.00242606 -0.00240994 -0.00237712 -0.00237289 -0.00236295 -0.00232599 -0.00233662 -0.00232203 -0.00230053 -0.00230434 -0.00228242 -0.00227558 -0.00226078 -0.00225406 -0.00225407 -0.00222778 -0.00223639 -0.00222237 -0.00220372 -0.00222565 -0.00220219 -0.00220305 -0.00221609 -0.00218207 -0.00219393 -0.00218938 -0.00216606 -0.00219329 -0.00218117 
0 1.14991e-05 3.56286e-05 4.55558e-05 6.22927e-05 8.5412e-05 9.58736e-05 0.000114265 0.00013418 0.00014656 0.000163014 0.000183301 0.000197228 0.000209869 0.000236582 0.000249657 0.000263837 0.000299242 0.000304437 0.000319029 0.000351693 0.000356577 0.000381678 0.000409453 0.000421928 0.000440468 0.000461678 0.000493832 0.000509239 0.000534801 0.000569585 0.000575583 0.000596657 0.000640105 0.000673893 0.000676732 0.000699915 0.000749934 0.000774018 0.000801598 0.000830341 0.000863301 0.000905182 0.000940353 0.000970142 0.00100824 0.00105858 0.00108941 0.00113083 0.00118464 0.00122604 0.00127266 0.00133735 0.00140222 0.00146772 0.00157189 0.00169919 0.00185305 0.00207756 0.00239544 0.00280775 0.00336957 0.00414263 0.00514836 0.00643798 0.00810174 0.010197 0.0127572 0.0158536 0.0195324 0.0237669 0.0284899 0.0336282 0.0390259 0.0444637 0.0497067 0.05453 0.0586574 0.0618122 0.0637635 0.0643527 0.0634664 0.0610775 0.0572594 0.0521666 0.0460054 0.0390387 0.0315936 0.0240145 0.0166319 0.00973193 0.00358159 -0.00158916 -0.0055746 -0.00825167 -0.00958897 -0.00967904 -0.00866855 -0.00676018 -0.00419831 -0.00132926 0.00146383 0.00380566 0.0054111 0.00603788 0.00549808 0.00364647 0.000454376 -0.00400866 -0.0095702 -0.016017 -0.0230909 -0.0305149 -0.037961 -0.0450755 -0.0515079 -0.0569708 -0.0612323 -0.064109 -0.0654918 -0.06538 -0.0638676 -0.0610958 -0.0572763 -0.0526798 -0.0475896 -0.0422358 -0.0368533 -0.0316723 -0.02687 -0.0225307 -0.0187281 -0.015504 -0.0128276 -0.010626 -0.0088643 -0.00749332 -0.00642396 -0.0055952 -0.0049867 -0.00454207 -0.00419961 -0.00395179 -0.00378288 -0.00364673 -0.00353262 -0.00345818 -0.0033902 -0.00332102 -0.00326793 -0.00322544 -0.00316886 -0.00312325 -0.00309151 -0.00304476 -0.00300315 -0.00296985 -0.00294025 -0.00290469 -0.00287305 -0.00283487 -0.00280955 -0.00280181 -0.00275758 -0.0027166 -0.00270556 -0.00269699 -0.00266087 -0.0026266 -0.00261927 -0.00259555 -0.00257628 -0.00256285 -0.00254708 -0.0025263 -0.0025026 -0.00250441 -0.00248421 -0.00246364 -0.00246456 -0.0024385 -0.00242577 -0.00242501 -0.00240823 -0.00239763 -0.00239381 -0.00238605 -0.00237241 -0.0023721 -0.00236566 -0.00234891 -0.00235371 -0.00234299 -0.00233176 -0.00234292 -0.00232976 -0.00232837 -0.0023373 -0.00231945 -0.00232462 
