0 0 0 0 0 0 0 0 0 0 0 0 0 0 0 0 0 0 0 0 0 0 0 0 0 0 0 0 0 0 0 0 0 0 0 0 0 0 0 0 0 0 0 0 0 0 0 0 0 0 0 0 0 0 0 0 0 0 0 0 0 0 0 0 0 0 0 0 0 0 0 0 0 0 0 0 0 0 0 0 0 0 0 0 0 0 0 0 0 0 0 0 0 0 0 0 0 0 0 0 0 0 0 0 0 0 0 0 0 0 0 0 0 0 0 0 0 0 0 0 0 0 0 0 0 0 0 0 0 0 0 0 0 0 0 0 0 0 0 0 0 0 0 0 0 0 0 0 0 0 0 0 0 0 0 0 0 0 0 0 0 0 0 0 0 0 0 0 0 0 0 0 0 0 0 0 0 0 0 0 0 0 0 0 0 0 0 0 0 0 0 0 0 0 0 0 0 0 0 0 
0 5.57215e-06 -5.23155e-06 9.36376e-06 2.32153e-06 -1.82267e-06 7.82631e-06 -4.62452e-06 1.5833e-06 5.27112e-06 6.47195e-07 1.00251e-05 8.83846e-06 7.35235e-06 7.85944e-06 5.38078e-06 2.85423e-06 3.44087e-06 8.69247e-06 6.77062e-06 1.10151e-05 1.4207e-05 7.31218e-06 1.05027e-05 1.31884e-05 9.9273e-06 1.46775e-05 1.85236e-05 1.08827e-05 8.30874e-06 1.4677e-05 9.57057e-06 1.12383e-05 2.70176e-05 1.67257e-05 1.24405e-05 2.70384e-05 2.23089e-05 2.97373e-05 4.59553e-05 5.51452e-05 6.31706e-05 9.31388e-05 0.00014764 0.000205638 0.000282674 0.000380577 0.000536774 0.000718948 0.000928956 0.00120076 0.00152072 0.00189077 0.002297 0.00274814 0.0031885 0.00362079 0.00399037 0.00425678 0.00440134 0.00439132 0.00420897 0.0038325 0.00329569 0.00257042 0.00172727 0.00080557 -0.000117696 -0.00100471 -0.00177607 -0.00241146 -0.00289387 -0.00318776 -0.00329945 -0.00324803 -0.00308919 -0.00282662 -0.00253363 -0.00220733 -0.00188926 -0.00157255 -0.00132469 -0.00110698 -0.00092729 -0.000761333 -0.000649984 -0.000555957 -0.000484544 -0.000415646 -0.000366956 -0.000318634 -0.000283697 -0.000252257 -0.000222276 -0.000186136 -0.000160374 -0.000143003 -0.000119238 -8.69134e-05 -6.28811e-05 -4.95472e-05 -2.77297e-05 3.98302e-06 2.93187e-05 4.5882e-05 6.92397e-05 0.000103328 0.000133139 0.000162129 0.000194077 0.000237619 0.000281391 0.00034282 0.000407193 0.000489405 0.000584883 0.000732014 0.00089502 0.00109196 0.00131544 0.00161032 0.00191584 0.0022376 0.00253476 0.00281681 0.00300952 0.00311202 0.00306492 0.00284862 0.00244082 0.00187931 0.0011723 0.000338918 -0.000553624 -0.00146243 -0.00231711 -0.00307414 -0.00365574 -0.00408488 -0.00432333 -0.0043912 -0.00429531 -0.00407632 -0.00374192 -0.00333695 -0.00291018 -0.00246537 -0.00205842 -0.00168656 -0.00136108 -0.00107238 -0.000855274 -0.000673007 -0.000512971 -0.000394403 -0.000306118 -0.000255015 -0.000202714 -0.000159211 -0.000136543 -0.000133526 -0.000119127 -0.000109088 -0.000117906 -0.000101519 -9.80016e-05 -0.000110984 -0.000107556 -0.000104707 -0.000108534 -0.000104499 -9.77759e-05 -0.00010323 -0.00010514 -9.99126e-05 -0.000102341 -0.000100107 -9.39051e-05 -9.66103e-05 -9.86975e-05 -9.93933e-05 -0.000101042 -0.000103887 -9.97991e-05 -9.54875e-05 -0.00010072 -9.15663e-05 -9.47823e-05 -0.000101686 -8.95146e-05 -0.000102184 -9.80243e-05 -8.98529e-05 -0.000105141 -9.00129e-05 -9.57215e-05 -0.000102655 -8.66186e-05 -0.000101412 -9.46972e-05 
0 -5.23155e-06 5.48662e-06 -3.20444e-06 -1.43574e-06 1.016e-05 1.62455e-06 1.17435e-05 1.46043e-05 4.13775e-06 1.25208e-05 4.79069e-06 2.25591e-06 9.58742e-06 1.04113e-05 1.4881e-05 1.92547e-05 2.49946e-05 1.17371e-05 2.02533e-05 1.92582e-05 3.20477e-06 3.32809e-05 1.59822e-05 1.62818e-05 3.54871e-05 7.82552e-06 2.56237e-05 2.87285e-05 3.04397e-05 3.64133e-05 3.42759e-05 3.77236e-05 1.95889e-05 3.86022e-05 3.95635e-05 4.35584e-05 4.72973e-05 5.27503e-05 7.60391e-05 8.15604e-05 0.000155887 0.000211529 0.000274015 0.000399552 0.000580757 0.000804776 0.00106741 0.001438 0.00186853 0.00241957 0.00304856 0.00377157 0.0045993 0.00547929 0.00637255 0.00721032 0.00795803 0.00847858 0.00877043 0.00874811 0.00837988 0.00764313 0.0065589 0.00513687 0.00344536 0.00163372 -0.000219611 -0.00196541 -0.00351592 -0.00477416 -0.00574186 -0.00632907 -0.00655859 -0.00647023 -0.00615122 -0.00564804 -0.00505445 -0.00442289 -0.00377406 -0.00316615 -0.0026504 -0.00223224 -0.00185372 -0.00154327 -0.00130008 -0.00112713 -0.000967405 -0.000845562 -0.000733109 -0.000649728 -0.00056772 -0.000514947 -0.000444793 -0.000383347 -0.000323499 -0.000294543 -0.000239631 -0.000184017 -0.000129561 -0.000106936 -5.6533e-05 -1.7526e-06 5.5629e-05 8.37045e-05 0.000138689 0.000197166 0.000266282 0.000315622 0.000391149 0.000466643 0.000568975 0.000677955 0.000822939 0.00097407 0.00118638 0.00146164 0.00180717 0.00218545 0.00265545 0.00322193 0.00384867 0.00447198 0.00507861 0.00562025 0.00601169 0.00620006 0.00610342 0.00566598 0.00485048 0.00373456 0.00231344 0.000668885 -0.00112382 -0.00291425 -0.00463207 -0.00611832 -0.00729757 -0.00813842 -0.00862522 -0.00875879 -0.00857227 -0.0081422 -0.00746718 -0.00667728 -0.00581233 -0.00494902 -0.00411109 -0.00337353 -0.00272455 -0.00216451 -0.00171201 -0.00131209 -0.0010287 -0.00080662 -0.000627879 -0.00046833 -0.000392873 -0.000346762 -0.000284637 -0.000266355 -0.000235786 -0.00023311 -0.000218041 -0.000222442 -0.000226061 -0.000206016 -0.000206709 -0.000200172 -0.000210168 -0.000196204 -0.000212067 -0.000210537 -0.000185618 -0.000214343 -0.000195355 -0.000198446 -0.000215894 -0.000197996 -0.000202443 -0.000197561 -0.000192311 -0.000188177 -0.000195561 -0.000196311 -0.00019125 -0.000206258 -0.000191702 -0.000193548 -0.000200502 -0.000183373 -0.000196978 -0.000193362 -0.00018591 -0.000199045 -0.000188214 -0.00018956 -0.000198062 -0.000186344 -0.000191912 
0 9.36376e-06 -3.20444e-06 1.27361e-05 5.65396e-06 2.4013e-06 1.2501e-05 -3.03633e-07 8.3311e-06 1.20825e-05 9.97748e-06 2.11993e-05 2.02291e-05 2.05192e-05 2.00597e-05 1.77861e-05 1.55368e-05 1.71476e-05 2.37878e-05 2.41076e-05 3.04906e-05 3.2996e-05 2.93492e-05 3.08449e-05 3.47773e-05 3.55397e-05 3.73958e-05 4.61512e-05 3.73386e-05 3.30071e-05 4.3531e-05 3.74083e-05 4.25078e-05 6.17376e-05 5.31008e-05 4.9988e-05 7.08936e-05 7.22662e-05 9.04227e-05 0.000127581 0.000158338 0.000207872 0.000297931 0.000438703 0.000621705 0.000863931 0.00117942 0.00162174 0.00216719 0.00281552 0.00362538 0.00457977 0.00567644 0.00689669 0.00821679 0.00953381 0.0107966 0.0118833 0.0126699 0.0130893 0.0130528 0.0125012 0.011398 0.00978673 0.00766195 0.00516892 0.00246046 -0.000277133 -0.00288703 -0.00518545 -0.00708043 -0.00851481 -0.00940691 -0.00976535 -0.0096539 -0.00919544 -0.0084573 -0.00758942 -0.00664082 -0.00569001 -0.00477692 -0.00401449 -0.00336366 -0.00280989 -0.0023307 -0.00197471 -0.00169199 -0.00146446 -0.00126615 -0.00110831 -0.000968673 -0.000857026 -0.00076243 -0.000667722 -0.000567588 -0.000487957 -0.000429388 -0.000356137 -0.000267975 -0.00019587 -0.000147182 -8.00516e-05 6.59549e-06 8.26124e-05 0.000139197 0.000212366 0.000307178 0.000399754 0.000487929 0.00058967 0.000715768 0.000858136 0.00103553 0.00123896 0.00148651 0.00179608 0.00222177 0.00272295 0.00331264 0.00400681 0.00485983 0.00577519 0.00671325 0.0075996 0.00839808 0.00896215 0.00922639 0.00906161 0.00839317 0.00718192 0.00550133 0.00339205 0.000933485 -0.0017135 -0.00439022 -0.00691879 -0.00913714 -0.010882 -0.0121412 -0.0128605 -0.0130646 -0.012795 -0.0121439 -0.0111632 -0.00997702 -0.00870268 -0.00740185 -0.00617912 -0.00507114 -0.00409541 -0.00325041 -0.0025777 -0.00201759 -0.001555 -0.00120245 -0.000937945 -0.000752983 -0.000607234 -0.000494995 -0.000424403 -0.00039612 -0.000359816 -0.000338475 -0.000339825 -0.000316494 -0.000309761 -0.000323349 -0.000318373 -0.000313242 -0.000319106 -0.000309069 -0.000303242 -0.000309064 -0.000307119 -0.000304778 -0.000303473 -0.000299651 -0.000293039 -0.000293885 -0.000296711 -0.000297696 -0.000299971 -0.000301561 -0.000297752 -0.000291227 -0.000295253 -0.00028651 -0.000287367 -0.000296094 -0.00028274 -0.000295066 -0.000291992 -0.00028154 -0.000298425 -0.000282101 -0.000287552 -0.000294333 -0.000277473 -0.000296336 -0.000285058 
0 2.32153e-06 -1.43574e-06 5.65396e-06 6.23729e-06 8.27909e-06 1.33777e-05 1.20936e-05 1.65599e-05 1.62665e-05 1.56631e-05 1.85322e-05 1.76961e-05 2.12141e-05 2.49076e-05 2.73656e-05 3.09741e-05 3.31294e-05 3.25907e-05 3.42002e-05 3.53979e-05 3.51733e-05 4.13059e-05 4.11094e-05 4.35665e-05 4.77929e-05 4.45121e-05 5.14353e-05 5.37195e-05 5.5849e-05 6.27781e-05 6.17078e-05 6.28717e-05 6.67181e-05 6.9812e-05 7.55802e-05 8.87698e-05 9.75252e-05 0.000118545 0.000156586 0.00020575 0.000294444 0.000417213 0.000587355 0.000834163 0.00117337 0.00161272 0.00218327 0.00290449 0.00378468 0.00486138 0.0061259 0.00757562 0.00919498 0.0109265 0.0126688 0.0143194 0.0157406 0.0167748 0.0173183 0.0172614 0.0165257 0.015077 0.0129391 0.0101559 0.00688066 0.0033279 -0.000277051 -0.00370495 -0.0067463 -0.00925969 -0.0111593 -0.0123596 -0.0128656 -0.0127604 -0.0121781 -0.0112426 -0.010107 -0.00887035 -0.00761627 -0.00643002 -0.005403 -0.00453208 -0.00378485 -0.00315719 -0.0026662 -0.00228355 -0.00197036 -0.00170912 -0.00149061 -0.00130669 -0.00115309 -0.00102412 -0.000895087 -0.000768268 -0.000660754 -0.000575321 -0.000476502 -0.000366896 -0.000271194 -0.000197315 -0.000106485 1.37497e-06 0.000102091 0.000185138 0.000285185 0.000405609 0.00053054 0.000651521 0.000791698 0.000958229 0.00115591 0.00139033 0.00166946 0.00200553 0.00243655 0.00299585 0.00367176 0.00446303 0.00540498 0.00651767 0.007728 0.00895499 0.0101219 0.0111417 0.0118686 0.0121783 0.0119292 0.0110193 0.00941418 0.00717986 0.00438451 0.00114878 -0.00233949 -0.00585698 -0.00918207 -0.0120894 -0.0144051 -0.0160612 -0.0170197 -0.0172965 -0.0169548 -0.0160968 -0.0148153 -0.0132629 -0.0115785 -0.00987201 -0.00824664 -0.00677454 -0.00547919 -0.00436661 -0.00344858 -0.00269104 -0.00208943 -0.00162456 -0.0012642 -0.000994144 -0.000807978 -0.000676928 -0.000582386 -0.000527617 -0.00048403 -0.000458767 -0.000447617 -0.000436111 -0.000429412 -0.000424904 -0.000417928 -0.000413441 -0.000415429 -0.00041003 -0.000410808 -0.000409826 -0.000403224 -0.000405914 -0.000402569 -0.000402347 -0.00040409 -0.00040026 -0.000398833 -0.00039612 -0.000392351 -0.000391268 -0.00039166 -0.00038976 -0.000391895 -0.000391055 -0.0003884 -0.000390611 -0.000385729 -0.000386646 -0.000386792 -0.000382861 -0.000386855 -0.000382961 -0.000384554 -0.00038519 -0.0003794 -0.000385789 -0.000382261 
0 -1.82267e-06 1.016e-05 2.4013e-06 8.27909e-06 1.32223e-05 7.71527e-06 1.95336e-05 1.84522e-05 1.79374e-05 2.53087e-05 2.188e-05 2.46012e-05 2.79518e-05 3.03717e-05 3.24221e-05 3.70347e-05 4.15868e-05 3.70709e-05 4.54165e-05 4.54999e-05 4.15766e-05 5.58395e-05 5.17729e-05 5.28612e-05 6.29746e-05 5.72548e-05 6.04188e-05 6.78023e-05 7.172e-05 7.09621e-05 7.84474e-05 8.36637e-05 7.5083e-05 9.08879e-05 0.000101669 0.000105906 0.00012836 0.000156159 0.000198346 0.000262342 0.00038098 0.000536728 0.000746998 0.00106022 0.00148732 0.00205112 0.00275517 0.00365859 0.00477165 0.00611094 0.00768592 0.00948686 0.0114963 0.0136209 0.0157733 0.0177895 0.0195235 0.0207893 0.0214429 0.0213575 0.0204375 0.0186539 0.0160036 0.0125955 0.00857799 0.00422505 -0.000206902 -0.00441548 -0.00817766 -0.0112964 -0.0136537 -0.0151702 -0.0158456 -0.0157773 -0.0151004 -0.0140008 -0.0126194 -0.0111148 -0.00957298 -0.00812972 -0.00683601 -0.00574028 -0.00479483 -0.00401908 -0.00338447 -0.00289468 -0.00248914 -0.00216223 -0.00187908 -0.00164989 -0.00145125 -0.00128414 -0.00111975 -0.000968921 -0.000832696 -0.000715461 -0.000590638 -0.000463434 -0.000344472 -0.000240096 -0.000124877 3.49332e-07 0.000124948 0.000239096 0.000367329 0.000510575 0.00066756 0.000824387 0.00100546 0.00121273 0.00146834 0.00176131 0.00212068 0.0025511 0.00311156 0.00380369 0.00465719 0.00565427 0.00684797 0.00820664 0.00969743 0.0111946 0.0126224 0.0138315 0.0146929 0.0150159 0.0146579 0.0134929 0.0114975 0.00871807 0.00525449 0.00127429 -0.00301664 -0.00733169 -0.0114115 -0.0149697 -0.0178364 -0.0198738 -0.0210664 -0.0214183 -0.0210149 -0.0199619 -0.0183999 -0.0165031 -0.0144243 -0.0123318 -0.0103187 -0.00849079 -0.00687639 -0.00550094 -0.00434192 -0.00339019 -0.00264428 -0.00205697 -0.00160565 -0.00125583 -0.00102237 -0.000860241 -0.000738252 -0.000657562 -0.000608766 -0.000580882 -0.000550702 -0.000547842 -0.000541831 -0.000524227 -0.00052414 -0.000521889 -0.000517345 -0.000513551 -0.000518124 -0.000511362 -0.000502963 -0.000511155 -0.000501824 -0.000500638 -0.000506562 -0.000497307 -0.000497058 -0.000495813 -0.000491942 -0.000489702 -0.000491231 -0.000491518 -0.000485342 -0.000491849 -0.000486036 -0.000481044 -0.000490247 -0.000478011 -0.000482496 -0.000487197 -0.00047382 -0.000485099 -0.000480135 -0.000475636 -0.000486712 -0.000473859 -0.00047983 
0 7.82631e-06 1.62455e-06 1.2501e-05 1.33777e-05 7.71527e-06 2.01129e-05 1.42145e-05 1.42643e-05 2.67212e-05 2.27784e-05 3.17034e-05 3.85948e-05 3.62073e-05 3.79709e-05 3.9879e-05 3.84899e-05 3.61645e-05 5.33403e-05 4.77762e-05 5.31119e-05 7.23287e-05 4.86004e-05 6.77252e-05 7.14218e-05 5.85622e-05 8.59393e-05 7.67092e-05 7.94263e-05 7.94188e-05 8.22625e-05 8.79011e-05 8.76428e-05 0.000115215 0.000105887 0.000115675 0.000131839 0.000156729 0.000195189 0.000246584 0.000353317 0.00044992 0.000644191 0.000936865 0.0013149 0.00181308 0.00247708 0.00336319 0.00443929 0.00578297 0.00737152 0.00926254 0.0114196 0.0137866 0.0163018 0.0188226 0.0212 0.0232029 0.0246922 0.0254316 0.0253126 0.0242132 0.0220965 0.0189719 0.0149599 0.0102693 0.0051488 -3.72255e-05 -0.00500251 -0.00943844 -0.0131572 -0.0159562 -0.0178035 -0.0186715 -0.018672 -0.0179465 -0.0167098 -0.0151269 -0.0133638 -0.0115744 -0.00986963 -0.00833335 -0.00698828 -0.00586221 -0.00491334 -0.00414934 -0.00352437 -0.00303854 -0.00262235 -0.00228876 -0.00199609 -0.00176425 -0.0015409 -0.00135371 -0.00116798 -0.00101355 -0.0008499 -0.000709003 -0.000556691 -0.000424108 -0.000276015 -0.000145088 4.77389e-06 0.000142829 0.000301878 0.000449009 0.000625206 0.000801599 0.0010107 0.00122171 0.00148658 0.00178596 0.0021589 0.00258642 0.00313783 0.00381412 0.00466377 0.00567753 0.00690637 0.00833035 0.00994454 0.0116774 0.0134405 0.0150863 0.0164641 0.0174116 0.0177193 0.0172217 0.0157862 0.0134068 0.0100858 0.0059917 0.00128755 -0.00373901 -0.00882076 -0.0135847 -0.0177729 -0.0211448 -0.0235622 -0.0249749 -0.0254095 -0.0249585 -0.0237199 -0.0219162 -0.0196832 -0.0172503 -0.0147676 -0.0124073 -0.0102252 -0.00829403 -0.00664495 -0.00525376 -0.00414019 -0.00321077 -0.0024905 -0.00194658 -0.00156473 -0.00125146 -0.00102335 -0.000899763 -0.000794365 -0.000740608 -0.000692515 -0.000675277 -0.000647685 -0.000632031 -0.000643905 -0.000631594 -0.000633011 -0.000620509 -0.000626159 -0.000610112 -0.000608571 -0.00062665 -0.000597203 -0.000611411 -0.000605391 -0.000585983 -0.000601103 -0.000593633 -0.000594408 -0.000597809 -0.000597492 -0.000588811 -0.000587222 -0.000589638 -0.000574931 -0.000586928 -0.000583311 -0.000574461 -0.00058945 -0.000574623 -0.00057665 -0.000585513 -0.000569627 -0.000578926 -0.000579547 -0.000569239 -0.000580906 -0.000574442 
0 -4.62452e-06 1.17435e-05 -3.03633e-07 1.20936e-05 1.95336e-05 1.42145e-05 2.97909e-05 2.54333e-05 2.88559e-05 3.24683e-05 2.72238e-05 3.34083e-05 3.42482e-05 4.32797e-05 4.83965e-05 5.51636e-05 6.15165e-05 5.61383e-05 6.18119e-05 5.98847e-05 6.08927e-05 7.04055e-05 7.52461e-05 7.69992e-05 8.02979e-05 8.67371e-05 7.97437e-05 9.48828e-05 0.000107887 0.000100206 0.00011657 0.0001167 0.000105973 0.000125732 0.000145167 0.000152367 0.000186538 0.000230129 0.000285487 0.000399062 0.000566607 0.000798907 0.00111436 0.00155693 0.00217241 0.00298056 0.00398072 0.00524299 0.00681788 0.0086807 0.0108625 0.013347 0.0160755 0.0189428 0.021825 0.0245022 0.0267737 0.0284391 0.0292631 0.029094 0.027819 0.0253906 0.0218116 0.0172598 0.0119295 0.00613205 0.000227128 -0.00541844 -0.0105134 -0.0147864 -0.0180382 -0.0202143 -0.0213076 -0.0214135 -0.0206834 -0.0193597 -0.0176021 -0.0156292 -0.0136009 -0.0116715 -0.00987864 -0.00830988 -0.0069743 -0.00587171 -0.00494751 -0.00420599 -0.00360668 -0.00311892 -0.0027085 -0.00237227 -0.00208182 -0.00182005 -0.00158956 -0.0013877 -0.00119553 -0.0010016 -0.000827143 -0.000666526 -0.000503482 -0.000326749 -0.000163032 -4.92566e-06 0.000163395 0.000351708 0.000537158 0.000728673 0.000943869 0.00118808 0.00145405 0.00175802 0.00212643 0.00256204 0.00309093 0.00374639 0.00457019 0.00555948 0.00676597 0.00820424 0.00987924 0.0117164 0.0136921 0.0156754 0.017522 0.0190198 0.0200174 0.0202676 0.0196 0.0178864 0.0151096 0.0112811 0.00656641 0.00120427 -0.00453004 -0.010292 -0.0157125 -0.0204639 -0.0243272 -0.0270959 -0.0287315 -0.0292559 -0.0287651 -0.0273823 -0.0253365 -0.0228211 -0.0200413 -0.0172179 -0.0144901 -0.0119714 -0.0097411 -0.0078292 -0.00619101 -0.00485819 -0.00380519 -0.00296833 -0.00231454 -0.00182319 -0.00147586 -0.00123948 -0.00106885 -0.000936617 -0.000868716 -0.000821317 -0.000780682 -0.00077493 -0.000764773 -0.000735757 -0.000732512 -0.0007323 -0.000716767 -0.000725719 -0.00072359 -0.000711527 -0.000710518 -0.000707634 -0.000705533 -0.000706181 -0.000710519 -0.000702902 -0.000698723 -0.000693667 -0.00068571 -0.000685699 -0.000683337 -0.000688321 -0.000683407 -0.000686133 -0.000685979 -0.000674091 -0.000685326 -0.00067364 -0.000673496 -0.000682526 -0.000664988 -0.000680828 -0.000672635 -0.000663977 -0.000681961 -0.000661919 -0.000673629 
0 1.5833e-06 1.46043e-05 8.3311e-06 1.65599e-05 1.84522e-05 1.42643e-05 2.54333e-05 2.35265e-05 3.07935e-05 3.79954e-05 3.89707e-05 4.87391e-05 4.79181e-05 4.97219e-05 5.2244e-05 5.15374e-05 5.68414e-05 6.30598e-05 6.88243e-05 7.51288e-05 8.16338e-05 8.01738e-05 8.66679e-05 8.96372e-05 9.05737e-05 0.000104206 0.000100799 0.000106172 0.000111209 0.000107065 0.000120652 0.000128501 0.000136695 0.000150924 0.000163598 0.000179755 0.000221804 0.000276369 0.000354314 0.00048823 0.000661927 0.000930233 0.00132156 0.00184306 0.00253845 0.00345755 0.00462655 0.00608551 0.00788075 0.0100009 0.0124836 0.0152984 0.0183609 0.0215665 0.0247655 0.0277283 0.0302246 0.0320427 0.0329221 0.0326962 0.0312447 0.028511 0.0245209 0.0194622 0.0135636 0.00714292 0.000599984 -0.00568599 -0.0113823 -0.0161903 -0.0198817 -0.0224012 -0.023742 -0.0239921 -0.023311 -0.0219379 -0.0200573 -0.0179018 -0.0156747 -0.0135212 -0.0114976 -0.00969327 -0.0081575 -0.00687502 -0.00579944 -0.00491824 -0.00420897 -0.0036267 -0.00314763 -0.00275018 -0.00240767 -0.00209398 -0.00182873 -0.00159785 -0.00137514 -0.00114298 -0.000942482 -0.000762711 -0.00057598 -0.000364555 -0.000175129 1.7042e-06 0.000193028 0.000417662 0.000633979 0.00085252 0.00109764 0.00138827 0.00170207 0.00206067 0.00248823 0.00300589 0.00363151 0.00441206 0.00537245 0.00652514 0.0079152 0.009576 0.0114763 0.0135388 0.015719 0.0178991 0.0198941 0.0214778 0.0224678 0.0226204 0.0217516 0.019742 0.0165696 0.0122473 0.00696081 0.000977083 -0.00538836 -0.0117755 -0.0177757 -0.0230528 -0.0273524 -0.0304589 -0.0323054 -0.0329222 -0.0324066 -0.0309002 -0.0286529 -0.0258719 -0.0227876 -0.0196339 -0.0165822 -0.0137408 -0.0112065 -0.00902494 -0.00716903 -0.00565027 -0.00442149 -0.00344628 -0.00270329 -0.00215157 -0.00173002 -0.00143055 -0.00123332 -0.00108651 -0.00100151 -0.000943045 -0.000897066 -0.000872933 -0.000859919 -0.000847867 -0.000845762 -0.000843413 -0.000829 -0.00083077 -0.000822457 -0.000817401 -0.000821732 -0.000811394 -0.000809337 -0.000803551 -0.000795931 -0.000795286 -0.000794852 -0.000793734 -0.000794938 -0.000793813 -0.000786893 -0.000787894 -0.000780417 -0.000778213 -0.000780902 -0.000772623 -0.000778711 -0.00077395 -0.00077173 -0.000776224 -0.000765007 -0.000773433 -0.000770665 -0.000766007 -0.000775702 -0.000763818 -0.000768826 
0 5.27112e-06 4.13775e-06 1.20825e-05 1.62665e-05 1.79374e-05 2.67212e-05 2.88559e-05 3.07935e-05 3.59856e-05 3.77453e-05 4.13507e-05 4.79031e-05 5.20013e-05 5.40576e-05 6.42185e-05 6.55841e-05 6.5563e-05 7.96186e-05 7.32122e-05 7.91848e-05 9.30964e-05 8.25205e-05 9.78468e-05 0.000103262 9.8769e-05 0.000114313 0.000115611 0.000121172 0.000125604 0.000134579 0.000139025 0.000140339 0.000160591 0.000165172 0.000181547 0.000210748 0.00025374 0.000314657 0.000410262 0.000574421 0.000776987 0.00109133 0.00154426 0.00214429 0.00294157 0.00398104 0.00531698 0.006962 0.00897752 0.0113588 0.0141309 0.0172537 0.0206271 0.0241486 0.0276245 0.0308392 0.033525 0.0354635 0.0363771 0.0360863 0.0344616 0.0314407 0.027085 0.0215693 0.0151712 0.00820186 0.00109758 -0.00576879 -0.012011 -0.0173207 -0.0214446 -0.024317 -0.025931 -0.0263666 -0.0257903 -0.0244154 -0.0224667 -0.0201725 -0.0177831 -0.015421 -0.0131884 -0.011155 -0.00941928 -0.00794437 -0.00671557 -0.0056852 -0.00485874 -0.00417119 -0.00362022 -0.00315336 -0.00275596 -0.00238831 -0.00208741 -0.00182128 -0.00156723 -0.00129933 -0.00107268 -0.000867915 -0.000656642 -0.000414175 -0.000199124 2.21616e-06 0.000217726 0.000476178 0.00072362 0.000975243 0.00125192 0.00159071 0.00195518 0.00237648 0.00286659 0.00347658 0.00420762 0.00512431 0.00622455 0.00755511 0.00913417 0.0110176 0.0131276 0.0154068 0.0177641 0.0201061 0.022201 0.0238288 0.0247582 0.0247715 0.0236719 0.0213528 0.0177834 0.0129912 0.0071786 0.00062521 -0.00630365 -0.0132465 -0.0197607 -0.0255164 -0.0302073 -0.0336331 -0.0356861 -0.0364037 -0.0358822 -0.0342839 -0.0318675 -0.0288528 -0.0255039 -0.0220413 -0.0186811 -0.0155315 -0.0127077 -0.0102534 -0.00816877 -0.00645799 -0.00505854 -0.00395413 -0.0031025 -0.00247353 -0.00198718 -0.00163982 -0.00141548 -0.00124592 -0.00113871 -0.00106609 -0.00102647 -0.00099026 -0.000969212 -0.000965029 -0.000947748 -0.000942013 -0.000934713 -0.000933339 -0.00092236 -0.000919483 -0.000924482 -0.000905721 -0.000913143 -0.000910684 -0.000897037 -0.000906078 -0.000897429 -0.000891407 -0.000893109 -0.000887341 -0.000883006 -0.00088295 -0.000882564 -0.000875723 -0.0008794 -0.00087731 -0.000869539 -0.000875658 -0.000869427 -0.000868139 -0.000873281 -0.000863024 -0.000866899 -0.000867263 -0.000858974 -0.000867829 -0.000864011 
0 6.47195e-07 1.25208e-05 9.97748e-06 1.56631e-05 2.53087e-05 2.27784e-05 3.24683e-05 3.79954e-05 3.77453e-05 4.66904e-05 4.88314e-05 4.89694e-05 5.48899e-05 6.35993e-05 6.43546e-05 7.34556e-05 8.54324e-05 7.53329e-05 9.04008e-05 9.33877e-05 8.33758e-05 0.000110557 0.000104217 0.000108471 0.000125585 0.000116576 0.000126486 0.000131518 0.000146299 0.000146021 0.000156002 0.000172619 0.000159213 0.000188798 0.000212014 0.000242287 0.000289637 0.000366702 0.000484585 0.000638257 0.000920407 0.00128159 0.0017734 0.00244962 0.00336712 0.00455711 0.00602301 0.00787228 0.010102 0.0127627 0.0158031 0.0192119 0.0228911 0.0266863 0.0304211 0.0338272 0.0366883 0.0386917 0.0396294 0.0392513 0.0374558 0.0341711 0.0294811 0.0235759 0.0167263 0.00930739 0.00169446 -0.00566206 -0.0124127 -0.0181675 -0.0227291 -0.0259494 -0.0278676 -0.0285259 -0.0281048 -0.0267853 -0.024815 -0.0224441 -0.0199114 -0.0173797 -0.0149389 -0.0127092 -0.0107488 -0.00909446 -0.00768236 -0.00651725 -0.00554043 -0.00476051 -0.00410762 -0.0035833 -0.00310577 -0.00270332 -0.00234429 -0.00205366 -0.00174888 -0.00146645 -0.00119596 -0.000975356 -0.000721937 -0.000469603 -0.000212981 3.70975e-06 0.000261953 0.00053334 0.00082912 0.00110284 0.00143309 0.00180089 0.00223881 0.00271003 0.00329076 0.00397925 0.00484761 0.00588578 0.00715506 0.00865027 0.0104465 0.012523 0.0148463 0.0173048 0.0198284 0.0222725 0.0244266 0.0260386 0.0268599 0.0266877 0.0253241 0.0226891 0.0187116 0.0134923 0.00718436 0.000143725 -0.00730065 -0.0147001 -0.0216807 -0.0278397 -0.0328902 -0.036598 -0.0388533 -0.0396803 -0.0391621 -0.0375183 -0.0349454 -0.0317526 -0.0281563 -0.0244382 -0.0207691 -0.0173352 -0.0142406 -0.0115217 -0.00921144 -0.00727482 -0.00574163 -0.00450421 -0.00353722 -0.0027902 -0.00226395 -0.00188944 -0.00159169 -0.0014097 -0.00127763 -0.00119889 -0.0011361 -0.00111334 -0.00109319 -0.00105624 -0.00105915 -0.00104503 -0.00104114 -0.00103452 -0.00103503 -0.00102732 -0.00100896 -0.00102539 -0.00100683 -0.0010062 -0.00101705 -0.000995447 -0.000999128 -0.000994922 -0.000985013 -0.00098567 -0.000986309 -0.000982466 -0.000977986 -0.000983845 -0.00097155 -0.00097161 -0.000978354 -0.000961926 -0.00097075 -0.000969897 -0.000957878 -0.000971344 -0.000961232 -0.000958228 -0.000969449 -0.000954829 -0.000961867 
0 1.00251e-05 4.79069e-06 2.11993e-05 1.85322e-05 2.188e-05 3.17034e-05 2.72238e-05 3.89707e-05 4.13507e-05 4.88314e-05 5.685e-05 5.95715e-05 7.19611e-05 6.62728e-05 7.39097e-05 7.62944e-05 7.33226e-05 9.22627e-05 9.24839e-05 0.0001031 0.000114665 0.000112123 0.000116816 0.000123209 0.000129774 0.000131299 0.000151061 0.000148517 0.000144222 0.000165721 0.000159274 0.000175665 0.000203514 0.000213293 0.00023281 0.000273535 0.000332638 0.00041879 0.000566333 0.000764577 0.00104662 0.00145171 0.00203195 0.00281911 0.00382014 0.00511679 0.00677906 0.0088288 0.0112784 0.0141768 0.0174998 0.0211869 0.0251376 0.0291845 0.0331216 0.0367107 0.0396786 0.0417361 0.0426486 0.0421866 0.0402119 0.0366882 0.0317101 0.0254595 0.0182463 0.0104332 0.00241512 -0.00538483 -0.0125542 -0.0187388 -0.0236994 -0.0272918 -0.0295213 -0.0304521 -0.0302292 -0.0290218 -0.0270932 -0.0246915 -0.0220652 -0.0193763 -0.0167689 -0.0143373 -0.0121763 -0.010312 -0.00873323 -0.00739862 -0.00628809 -0.0053806 -0.00464119 -0.00402299 -0.00348594 -0.00302299 -0.00262551 -0.00227824 -0.0019445 -0.00162824 -0.00133525 -0.00106911 -0.000794192 -0.000514613 -0.000238628 2.26269e-05 0.000303847 0.000607101 0.000927985 0.00125442 0.00161947 0.00204104 0.0025302 0.00308555 0.00374095 0.00454235 0.00553045 0.00672487 0.00814608 0.00983897 0.0118309 0.0141126 0.0166097 0.0192425 0.0218854 0.0243958 0.0265448 0.028089 0.0287529 0.0283463 0.0267006 0.0237219 0.019362 0.0137226 0.00699847 -0.00048902 -0.008348 -0.0161533 -0.0235065 -0.0300269 -0.0353786 -0.0393444 -0.0417961 -0.0427296 -0.0422507 -0.0405703 -0.0379082 -0.0345459 -0.0307578 -0.0267936 -0.0228695 -0.0191666 -0.0157891 -0.0128145 -0.0102925 -0.008178 -0.00643571 -0.0050546 -0.00399884 -0.0031808 -0.00256078 -0.00210362 -0.00179105 -0.00158264 -0.00142651 -0.00132895 -0.00126569 -0.00121503 -0.00118398 -0.00118635 -0.00116836 -0.00115168 -0.0011572 -0.00113476 -0.00113139 -0.00113501 -0.00112724 -0.00112091 -0.00111608 -0.00110801 -0.00109454 -0.00110153 -0.00109483 -0.00109394 -0.00109944 -0.00108674 -0.001089 -0.0010798 -0.00107719 -0.00107686 -0.00106965 -0.00107571 -0.00106508 -0.00107027 -0.00106733 -0.00105651 -0.00107022 -0.00105583 -0.0010612 -0.00106781 -0.00105114 -0.00106696 -0.00105572 
0 8.83846e-06 2.25591e-06 2.02291e-05 1.76961e-05 2.46012e-05 3.85948e-05 3.34083e-05 4.87391e-05 4.79031e-05 4.89694e-05 5.95715e-05 5.6115e-05 6.92665e-05 7.36447e-05 8.15275e-05 9.48937e-05 9.50313e-05 0.000102834 0.000103548 0.000105175 0.000111261 0.000119763 0.000127196 0.000135769 0.00014573 0.00014257 0.000156964 0.000161895 0.000168674 0.000190195 0.000187247 0.000199755 0.000211498 0.00022386 0.000261194 0.000310018 0.000373752 0.000477439 0.000637521 0.000859783 0.00120949 0.00168263 0.00231384 0.00317962 0.00431073 0.00576207 0.00758262 0.00981449 0.0124874 0.0156431 0.0192205 0.0231564 0.0273544 0.0316192 0.0357309 0.0394483 0.0424926 0.0445616 0.0454324 0.044865 0.042721 0.0389845 0.0337588 0.0272293 0.0197179 0.0115987 0.00324534 -0.00490726 -0.0124409 -0.019001 -0.0243479 -0.0283067 -0.0308754 -0.0321111 -0.0321343 -0.0310991 -0.0292726 -0.0269016 -0.0242199 -0.0214173 -0.0186614 -0.0160567 -0.0136921 -0.0116277 -0.00986241 -0.00836126 -0.00709777 -0.00606593 -0.00521618 -0.00450456 -0.00389208 -0.00337739 -0.00292529 -0.0025244 -0.00214992 -0.00181138 -0.00148465 -0.0011768 -0.000869551 -0.000574532 -0.000269685 3.21864e-05 0.000348566 0.000672485 0.00102853 0.00140406 0.00182041 0.00228748 0.00284193 0.00347987 0.00423389 0.00514623 0.0062737 0.00762233 0.00921846 0.0111038 0.0133009 0.0157658 0.0184269 0.0211972 0.0239315 0.0264537 0.028545 0.0299614 0.0304218 0.0297444 0.0277864 0.0244603 0.0197237 0.0137075 0.00661232 -0.00123898 -0.00944834 -0.0175748 -0.0252396 -0.0320533 -0.0376688 -0.0418621 -0.0445001 -0.0455568 -0.0451365 -0.0434591 -0.0407341 -0.0372558 -0.0333064 -0.0291353 -0.0249638 -0.0210104 -0.0173855 -0.0141587 -0.0113965 -0.00907798 -0.00718151 -0.00566371 -0.00446906 -0.00354076 -0.0028682 -0.00237104 -0.00200148 -0.00175593 -0.00157962 -0.00146406 -0.00139659 -0.00135155 -0.00130967 -0.00129146 -0.00127043 -0.0012538 -0.00125848 -0.00124232 -0.00123918 -0.00123288 -0.0012196 -0.00121985 -0.00121675 -0.00121557 -0.00121296 -0.00121035 -0.00119866 -0.00119467 -0.00118883 -0.00118051 -0.00118664 -0.0011769 -0.00117944 -0.00117792 -0.00116874 -0.00117531 -0.00116225 -0.00116736 -0.00116853 -0.0011577 -0.00116922 -0.00115537 -0.00115555 -0.00115953 -0.00114579 -0.00116011 -0.00115388 
0 7.35235e-06 9.58742e-06 2.05192e-05 2.12141e-05 2.79518e-05 3.62073e-05 3.42482e-05 4.79181e-05 5.20013e-05 5.48899e-05 7.19611e-05 6.92665e-05 7.44169e-05 8.68499e-05 7.99639e-05 9.18139e-05 0.000102071 9.77173e-05 0.000118974 0.000123823 0.000122485 0.000142507 0.000137558 0.000144338 0.000157398 0.000157612 0.000169908 0.000172493 0.000185049 0.000189369 0.00019804 0.000222935 0.000231036 0.000258165 0.000296285 0.000348709 0.00042034 0.000550967 0.000738149 0.00098117 0.00137748 0.0019036 0.00261551 0.00357682 0.00482764 0.00642348 0.00840867 0.0108473 0.0137423 0.0171413 0.0209593 0.0251381 0.0295585 0.0340035 0.038257 0.0420578 0.0451402 0.0471813 0.0479816 0.047287 0.044979 0.0410514 0.0356142 0.0288664 0.0211237 0.0127746 0.00416203 -0.00425842 -0.0120943 -0.0189779 -0.0246845 -0.0290038 -0.0319301 -0.0334982 -0.0338079 -0.0330027 -0.0313369 -0.0290534 -0.0263608 -0.0234878 -0.0206069 -0.0178523 -0.0152918 -0.0130329 -0.011067 -0.00939389 -0.00796548 -0.00680327 -0.00582484 -0.00501248 -0.0043144 -0.00374613 -0.00322914 -0.00277254 -0.00235149 -0.00199197 -0.0016262 -0.00127699 -0.000932993 -0.000624433 -0.000286868 5.49984e-05 0.000411863 0.000754964 0.0011506 0.0015761 0.00205324 0.00256701 0.00319442 0.00391979 0.00478948 0.00581858 0.00709576 0.00860264 0.0103885 0.0124635 0.0148609 0.0174884 0.0202942 0.023162 0.0259464 0.0284251 0.0304005 0.0316261 0.0318367 0.0308531 0.0285558 0.0248757 0.019778 0.0134252 0.00601204 -0.00212429 -0.0106094 -0.0189796 -0.0268865 -0.0339249 -0.0397599 -0.0441479 -0.0469563 -0.0481445 -0.0478025 -0.0461594 -0.0434057 -0.0398534 -0.0357707 -0.0314335 -0.0270501 -0.0228619 -0.0189978 -0.015536 -0.0125573 -0.010031 -0.00796541 -0.00629869 -0.0049864 -0.00395839 -0.00320339 -0.00264401 -0.00221472 -0.00194242 -0.00174355 -0.00160554 -0.00151492 -0.00146279 -0.00142319 -0.00139297 -0.00138774 -0.00136818 -0.00136119 -0.0013508 -0.001346 -0.00134204 -0.00132748 -0.00133479 -0.00131783 -0.00130856 -0.00131423 -0.00129569 -0.001298 -0.00130054 -0.00128795 -0.00129097 -0.00128852 -0.00127779 -0.00127929 -0.00127524 -0.00126825 -0.0012728 -0.00126678 -0.00126075 -0.00126351 -0.00125665 -0.00125551 -0.00125952 -0.00125596 -0.00125716 -0.00125893 -0.00125298 -0.00125193 
0 7.85944e-06 1.04113e-05 2.00597e-05 2.49076e-05 3.03717e-05 3.79709e-05 4.32797e-05 4.97219e-05 5.40576e-05 6.35993e-05 6.62728e-05 7.36447e-05 8.68499e-05 8.44863e-05 9.98094e-05 0.000104275 9.95393e-05 0.000122504 0.0001181 0.000124502 0.000145576 0.000137845 0.000150649 0.000161192 0.000163416 0.000172372 0.000186486 0.000195982 0.000191133 0.000216593 0.00021931 0.00022511 0.000265358 0.000281696 0.000321398 0.000381407 0.000480354 0.000616998 0.000823904 0.00114382 0.00155561 0.00214381 0.00294699 0.00402818 0.00539057 0.00711352 0.0092964 0.0119252 0.0150521 0.0186537 0.022718 0.0271152 0.0317205 0.0363175 0.0406638 0.0445282 0.0475841 0.0495899 0.0502698 0.049453 0.0469776 0.0428908 0.0372835 0.0303735 0.0224829 0.0139595 0.00519014 -0.00344041 -0.0114879 -0.0186682 -0.0246772 -0.0293708 -0.0326519 -0.0345908 -0.0352175 -0.0347053 -0.0332597 -0.0311184 -0.0284777 -0.0255723 -0.0226126 -0.0197167 -0.0169983 -0.0145321 -0.0123817 -0.0105067 -0.00893079 -0.00760337 -0.00650737 -0.00556008 -0.00479339 -0.00413805 -0.00357368 -0.00303467 -0.00258746 -0.00217754 -0.0017934 -0.00138064 -0.00102148 -0.000671418 -0.00032213 8.16061e-05 0.00045758 0.000848641 0.00126351 0.00176458 0.00228417 0.00287733 0.00355989 0.00440561 0.00537974 0.00656218 0.00797212 0.00966942 0.0116325 0.0139184 0.016483 0.0192736 0.0221843 0.025124 0.0278998 0.0302904 0.0320912 0.0330679 0.032992 0.0316652 0.0290234 0.0249706 0.0195581 0.0128897 0.00524109 -0.00312962 -0.0117886 -0.020353 -0.0284165 -0.0356295 -0.041635 -0.0461918 -0.0491661 -0.0504844 -0.050266 -0.0486659 -0.045949 -0.0423425 -0.0381795 -0.0336912 -0.029142 -0.0247407 -0.0206329 -0.0169546 -0.0137507 -0.0110462 -0.00876885 -0.00695451 -0.00552621 -0.00440846 -0.00354698 -0.00290536 -0.0024668 -0.00213306 -0.00190907 -0.00175512 -0.00165747 -0.0015817 -0.00153498 -0.00152709 -0.00148774 -0.00147707 -0.00147177 -0.00145219 -0.00144673 -0.00144358 -0.00143992 -0.00142195 -0.00142765 -0.0014184 -0.0014024 -0.00141604 -0.00139982 -0.00139558 -0.00140012 -0.00138429 -0.00138415 -0.00138131 -0.00137664 -0.00137268 -0.00137052 -0.00136918 -0.00136164 -0.00136708 -0.00136071 -0.00135653 -0.00136382 -0.00135003 -0.00135436 -0.00135566 -0.00134343 -0.00135641 -0.00134962 
0 5.38078e-06 1.4881e-05 1.77861e-05 2.73656e-05 3.24221e-05 3.9879e-05 4.83965e-05 5.2244e-05 6.42185e-05 6.43546e-05 7.39097e-05 8.15275e-05 7.99639e-05 9.98094e-05 9.8536e-05 0.000108953 0.000127872 0.00012001 0.000135235 0.000138479 0.000138265 0.000153743 0.000162275 0.000171892 0.000178405 0.000193444 0.00018881 0.000201094 0.000223252 0.000221098 0.000247624 0.000259689 0.0002719 0.000303295 0.000355603 0.000434215 0.000533561 0.000704775 0.00093355 0.00127042 0.00175986 0.00243424 0.00331826 0.00446243 0.00597884 0.00788357 0.0102251 0.0130408 0.016382 0.0202238 0.0244923 0.0290891 0.033844 0.0385638 0.0429784 0.0468407 0.0498554 0.0517666 0.0523239 0.0513444 0.0487279 0.0444888 0.0387578 0.0317434 0.0237638 0.0151497 0.00628412 -0.00245552 -0.0106739 -0.0180677 -0.0243664 -0.0293943 -0.0330592 -0.035365 -0.0363606 -0.0361792 -0.0350172 -0.0330689 -0.0305395 -0.0276566 -0.0246462 -0.0216474 -0.0187808 -0.0161345 -0.013779 -0.0117176 -0.00996488 -0.00848321 -0.00723282 -0.00616736 -0.00529621 -0.0045669 -0.00392197 -0.00332648 -0.00282192 -0.00237852 -0.00194644 -0.00150041 -0.00109812 -0.00072462 -0.000334168 0.000101075 0.000523799 0.000945098 0.00141095 0.00196094 0.00255415 0.00321191 0.00398529 0.00493305 0.00604828 0.00737254 0.00894674 0.0108186 0.0129851 0.0154585 0.0181883 0.0211051 0.024102 0.0270617 0.029777 0.0320255 0.0335919 0.034274 0.0338569 0.0321798 0.0291589 0.0247602 0.0190356 0.0121257 0.0042735 -0.00423351 -0.0130119 -0.0216818 -0.0298485 -0.037168 -0.0432991 -0.0480045 -0.0511164 -0.052593 -0.0524981 -0.050996 -0.0483203 -0.0447267 -0.040506 -0.0359084 -0.0312086 -0.0266136 -0.022316 -0.0184117 -0.0149802 -0.0120647 -0.00964961 -0.00767698 -0.00607771 -0.00485491 -0.00392675 -0.00323138 -0.0027051 -0.00233514 -0.00208506 -0.00190339 -0.00179473 -0.0017183 -0.0016677 -0.00161757 -0.00160132 -0.00159098 -0.00156661 -0.00157239 -0.00155587 -0.00154137 -0.00153708 -0.00153223 -0.00152605 -0.00152223 -0.00152563 -0.00150511 -0.00150632 -0.00150007 -0.0014843 -0.00149543 -0.00148205 -0.00148001 -0.00148182 -0.00147103 -0.00147269 -0.0014651 -0.00146542 -0.00146218 -0.00145913 -0.00146213 -0.00145246 -0.00145664 -0.00145169 -0.0014461 -0.00145371 -0.00144435 -0.00144997 
0 2.85423e-06 1.92547e-05 1.55368e-05 3.09741e-05 3.70347e-05 3.84899e-05 5.51636e-05 5.15374e-05 6.55841e-05 7.34556e-05 7.62944e-05 9.48937e-05 9.18139e-05 0.000104275 0.000108953 0.000108727 0.000125781 0.000124437 0.000141792 0.000154949 0.000159759 0.000172641 0.000174068 0.000180815 0.000186102 0.000201954 0.000208079 0.000220494 0.000233912 0.000230392 0.000258094 0.000271538 0.000302545 0.00035114 0.000393613 0.000478572 0.000599914 0.000787998 0.00105918 0.00145288 0.00197955 0.00270481 0.00369571 0.00497231 0.0066181 0.00866042 0.0111796 0.0142156 0.0177712 0.0218091 0.0262762 0.0310553 0.0359387 0.0407384 0.0451813 0.0490086 0.0519409 0.0537295 0.0541274 0.0529822 0.050221 0.0458562 0.0400347 0.0329727 0.0249646 0.016327 0.00744433 -0.00133622 -0.00965284 -0.0172093 -0.0237467 -0.0290956 -0.0331327 -0.0358245 -0.037213 -0.037412 -0.0365782 -0.0348812 -0.032522 -0.0297168 -0.0266972 -0.0236269 -0.0206415 -0.0178269 -0.0152751 -0.0130212 -0.0110891 -0.00943402 -0.00802522 -0.00682753 -0.00584619 -0.00502001 -0.00429479 -0.00363565 -0.00307511 -0.00257889 -0.00210288 -0.00162083 -0.00118115 -0.000766578 -0.000338735 0.000130685 0.00059355 0.00106325 0.00157962 0.00218527 0.00284881 0.00359212 0.00446185 0.0055257 0.0067846 0.00827019 0.0100125 0.0120686 0.0144332 0.0170886 0.019959 0.0229764 0.0260232 0.0289547 0.0315519 0.0336002 0.0348841 0.0352191 0.0344285 0.0323744 0.0289763 0.0242347 0.0182385 0.0111297 0.00314182 -0.00543891 -0.0142576 -0.0229668 -0.0311721 -0.0385399 -0.0447549 -0.0495773 -0.0528229 -0.054453 -0.0545108 -0.05313 -0.0505385 -0.0469847 -0.0427413 -0.0380737 -0.0332626 -0.0284971 -0.0239972 -0.0198996 -0.016276 -0.0131527 -0.0105405 -0.00841118 -0.00670013 -0.0053688 -0.00431831 -0.00353856 -0.0029724 -0.00256034 -0.0022691 -0.00206684 -0.0019278 -0.00182804 -0.00178557 -0.00173995 -0.0017174 -0.00170309 -0.00167438 -0.00167314 -0.0016616 -0.00165686 -0.00165164 -0.00164283 -0.00162978 -0.00161855 -0.00161676 -0.00160245 -0.00160963 -0.0016023 -0.001594 -0.00159873 -0.00158171 -0.00158491 -0.0015769 -0.00157208 -0.00157777 -0.00156361 -0.00156929 -0.00155962 -0.00155264 -0.00155883 -0.001546 -0.00155615 -0.00155458 -0.00154948 -0.00155938 -0.00154492 -0.00154805 
0 3.44087e-06 2.49946e-05 1.71476e-05 3.31294e-05 4.15868e-05 3.61645e-05 6.15165e-05 5.68414e-05 6.5563e-05 8.54324e-05 7.33226e-05 9.50313e-05 0.000102071 9.95393e-05 0.000127872 0.000125781 0.000132971 0.000149803 0.000144387 0.000155561 0.000164218 0.000170427 0.000185405 0.00019547 0.000209335 0.000214022 0.000223519 0.000240521 0.000242075 0.000263472 0.000284679 0.000290824 0.000324124 0.000369942 0.000425351 0.000523384 0.000681649 0.000879806 0.0011819 0.00163272 0.0022208 0.00303854 0.00411616 0.00551107 0.00728899 0.00950032 0.0122038 0.0154293 0.019189 0.0234144 0.0280753 0.0329929 0.0379766 0.0428221 0.047259 0.0510177 0.0538286 0.0554704 0.0556818 0.0543727 0.0514639 0.0470027 0.0411256 0.0340696 0.0260902 0.0174972 0.00867009 -8.74659e-05 -0.00843174 -0.0160991 -0.0228247 -0.0284741 -0.0328645 -0.0359574 -0.0377593 -0.0383815 -0.0379165 -0.0365301 -0.0344005 -0.0317328 -0.0287523 -0.0256499 -0.0225773 -0.0196134 -0.0168814 -0.0144347 -0.0123197 -0.0104745 -0.00890447 -0.00756201 -0.0064617 -0.0055161 -0.00470913 -0.00397895 -0.00336143 -0.00279416 -0.0022765 -0.00175533 -0.00128232 -0.000810708 -0.00034775 0.000158792 0.000656848 0.0011918 0.00176041 0.00242879 0.00316092 0.00401015 0.00498529 0.006179 0.00758358 0.00924801 0.0111651 0.0134119 0.0159639 0.0187901 0.0217763 0.024864 0.0279192 0.0307715 0.033195 0.0349859 0.0359451 0.03589 0.0347014 0.0322495 0.0284867 0.0234166 0.0171933 0.00993185 0.0018774 -0.00671671 -0.0155033 -0.0241858 -0.0323706 -0.0397353 -0.0459968 -0.0509067 -0.0542876 -0.056071 -0.0563096 -0.0550734 -0.0526077 -0.0491282 -0.0449039 -0.0401944 -0.0352927 -0.0303991 -0.0257148 -0.0214274 -0.0175927 -0.014283 -0.011487 -0.00918925 -0.007332 -0.00587684 -0.00473966 -0.00387568 -0.00325884 -0.0027814 -0.00245159 -0.00223895 -0.00208297 -0.00197308 -0.00191141 -0.00186551 -0.00182145 -0.00181151 -0.00179473 -0.0017758 -0.00176955 -0.00175434 -0.00174639 -0.00173772 -0.0017351 -0.00173414 -0.00172073 -0.0017224 -0.00171268 -0.00169726 -0.0017042 -0.00168852 -0.00168427 -0.00169242 -0.00167187 -0.0016747 -0.00167268 -0.00165802 -0.00166834 -0.0016626 -0.00165977 -0.00166521 -0.00165459 -0.00165269 -0.00164841 -0.00164207 -0.0016439 -0.0016434 -0.00164773 
