0 0 0 0 0 0 0 0 0 0 0 0 0 0 0 0 0 0 0 0 0 0 0 0 0 0 0 0 0 0 0 0 0 0 0 0 0 0 0 0 0 0 0 0 0 0 0 0 0 0 0 0 0 0 0 0 0 0 0 0 0 0 0 0 0 0 0 0 0 0 0 0 0 0 0 0 0 0 0 0 0 0 0 0 0 0 0 0 0 0 0 0 0 0 0 0 0 0 0 0 0 0 0 0 0 0 0 0 0 0 0 0 0 0 0 0 0 0 0 0 0 0 0 0 0 0 0 0 0 0 0 0 0 0 0 0 0 0 0 0 0 0 0 0 0 0 0 0 0 0 0 0 0 0 0 0 0 0 0 0 0 0 0 0 0 0 0 0 0 0 0 0 0 0 0 0 0 0 0 0 0 0 0 0 0 0 0 0 0 0 0 0 0 0 0 0 0 0 0 0 
0 6.78441e-06 -4.20536e-06 1.18212e-05 4.66274e-06 -1.95959e-06 9.04238e-06 -2.9634e-06 4.58742e-06 9.60114e-06 6.29959e-06 1.53121e-05 8.36725e-06 1.30485e-05 9.86754e-06 6.80152e-06 2.04036e-05 7.57894e-06 1.61401e-05 2.05868e-05 3.71045e-06 1.97552e-05 2.09462e-05 1.73023e-05 2.80437e-05 2.81608e-05 1.84138e-05 1.53165e-05 3.03937e-05 2.14245e-05 2.28417e-05 3.67874e-05 2.02576e-05 2.19824e-05 3.37443e-05 4.15293e-05 3.95131e-05 2.74401e-05 3.52319e-05 4.67864e-05 4.49096e-05 3.36489e-05 4.01523e-05 4.80915e-05 4.03468e-05 4.56493e-05 4.8591e-05 4.599e-05 5.23515e-05 5.67779e-05 5.53183e-05 5.83401e-05 6.85826e-05 6.72226e-05 7.07782e-05 8.63681e-05 9.25252e-05 0.000107037 0.000135264 0.00017423 0.000217594 0.000293371 0.000395248 0.000515392 0.000679308 0.00088836 0.00114246 0.00143762 0.00180769 0.00222523 0.00268683 0.00317773 0.00368522 0.00414963 0.0045378 0.00482901 0.00498138 0.00496086 0.00474541 0.00434701 0.00373815 0.00294953 0.00202163 0.00104664 5.47774e-05 -0.000881692 -0.00172245 -0.00239689 -0.00290285 -0.00320635 -0.00331958 -0.00324716 -0.00305615 -0.00276922 -0.00241508 -0.00199809 -0.00157487 -0.00116854 -0.000787102 -0.000393298 4.44717e-06 0.000398364 0.00077445 0.00116963 0.00158615 0.00200968 0.0023847 0.00270337 0.0029411 0.00307996 0.00305214 0.00284318 0.00243411 0.00185259 0.00109349 0.0002185 -0.000734458 -0.0016934 -0.00263226 -0.00346003 -0.0041289 -0.00459469 -0.00488216 -0.00497466 -0.00489021 -0.00465408 -0.00431309 -0.00388373 -0.00339795 -0.00291298 -0.00245148 -0.00202735 -0.00164487 -0.00133595 -0.00107027 -0.000849736 -0.000671972 -0.000543165 -0.000432457 -0.00034836 -0.000297038 -0.000254913 -0.000221706 -0.000202873 -0.000196451 -0.000179375 -0.00017474 -0.000176279 -0.000168742 -0.000164958 -0.000167539 -0.00016586 -0.000159898 -0.000164607 -0.000160316 -0.000153045 -0.000162564 -0.000158219 -0.000145468 -0.000145822 -0.000154813 -0.000151901 -0.000138016 -0.000136209 -0.000141207 -0.000153337 -0.000141049 -0.000129886 -0.000146551 -0.000138424 -0.000136875 -0.000146546 -0.000139645 -0.000127581 -0.00012958 -0.000138378 -0.000125091 -0.000134532 -0.000137606 -0.000120721 -0.000133471 -0.000129369 -0.00012905 -0.000135868 -0.000128579 -0.000132256 -0.000121227 -0.000124018 -0.000126486 -0.000117167 -0.000135299 -0.00012656 -0.000124212 -0.000137357 -0.000116024 -0.000125222 -0.000128218 -0.000112568 -0.00013217 -0.000123228 
0 -4.20536e-06 2.4465e-06 9.38266e-07 -1.22241e-06 1.38527e-05 1.29329e-05 1.14868e-05 2.3298e-05 1.03057e-05 9.90626e-06 1.99085e-05 1.03008e-05 2.00878e-05 2.94129e-05 2.16508e-05 2.48287e-05 3.22675e-05 2.52701e-05 2.93455e-05 4.72751e-05 3.18046e-05 3.43894e-05 4.22196e-05 2.31055e-05 4.10028e-05 4.60239e-05 5.24732e-05 5.4781e-05 4.23645e-05 6.42679e-05 4.83645e-05 5.87897e-05 7.9716e-05 5.81692e-05 4.95873e-05 5.79394e-05 8.91296e-05 6.46385e-05 6.56081e-05 8.10021e-05 7.52449e-05 9.9048e-05 8.30798e-05 9.33204e-05 9.71217e-05 0.00010756 0.000101993 0.000101377 0.000123945 0.000102006 0.000123856 0.000122994 0.000132668 0.000134772 0.000161035 0.000183816 0.000201991 0.00027601 0.000336325 0.000447585 0.000583815 0.000801327 0.00103815 0.00137158 0.00179157 0.00229344 0.00289903 0.00362057 0.00446987 0.00537113 0.00636715 0.0073527 0.00829059 0.00904708 0.00963385 0.0099227 0.00988429 0.0094525 0.00865353 0.00744566 0.00587298 0.00404318 0.00209186 0.000134086 -0.00174341 -0.00339774 -0.00476158 -0.00575322 -0.0063818 -0.006595 -0.00648219 -0.00608981 -0.00554201 -0.00481946 -0.00401442 -0.00315489 -0.00236141 -0.00157423 -0.00080451 8.70798e-06 0.000777981 0.00155474 0.00232815 0.00317625 0.00399537 0.00475992 0.00537252 0.00585966 0.00610545 0.00606207 0.00562109 0.00482249 0.003642 0.00215031 0.000393982 -0.00148447 -0.00340604 -0.00525513 -0.00690615 -0.00822759 -0.00916167 -0.00973116 -0.00991313 -0.0097529 -0.00927688 -0.00860859 -0.00773961 -0.00679333 -0.0058089 -0.00490647 -0.00404158 -0.00329814 -0.0026624 -0.00214246 -0.00169627 -0.00134402 -0.00108736 -0.000860436 -0.000708425 -0.000587796 -0.00052402 -0.000442024 -0.000421842 -0.00039376 -0.000371293 -0.000359513 -0.000353583 -0.00034982 -0.000325092 -0.000345828 -0.000320317 -0.0003202 -0.000317186 -0.000317514 -0.000308832 -0.000298286 -0.000311364 -0.000294982 -0.000316178 -0.000290524 -0.000281853 -0.000308096 -0.000304884 -0.000287327 -0.000267666 -0.000295315 -0.000281632 -0.000276221 -0.000281618 -0.000262738 -0.000271284 -0.000261334 -0.000278282 -0.000279408 -0.000259234 -0.000274299 -0.000262781 -0.000257338 -0.000268389 -0.000265512 -0.000255342 -0.0002551 -0.000257764 -0.000243236 -0.000257669 -0.000264358 -0.000250164 -0.00026669 -0.000256245 -0.00024211 -0.000255831 -0.000242879 -0.000243402 -0.000258601 -0.000247695 -0.000252301 -0.000259657 -0.000244807 -0.000249449 
0 1.18212e-05 9.38266e-07 1.58537e-05 1.04481e-05 6.30487e-06 1.69083e-05 6.68692e-06 1.79301e-05 2.30296e-05 2.26567e-05 3.47805e-05 2.69384e-05 3.41174e-05 3.29482e-05 2.95727e-05 4.5917e-05 3.6018e-05 4.44314e-05 5.10306e-05 3.79502e-05 5.2911e-05 5.805e-05 5.843e-05 6.78728e-05 7.25048e-05 6.2884e-05 6.11049e-05 7.92001e-05 7.01811e-05 7.79651e-05 9.07935e-05 7.63554e-05 8.42213e-05 9.57543e-05 0.000106655 0.000108196 0.000100843 0.000106649 0.000122843 0.000126172 0.000113026 0.00012656 0.000134738 0.000130375 0.000140233 0.00014701 0.000146651 0.000156823 0.000170051 0.000167308 0.000179414 0.000196699 0.000201843 0.0002162 0.000250281 0.000280039 0.000325059 0.000411631 0.00052289 0.000671963 0.000894782 0.0011982 0.00157196 0.00206538 0.00269238 0.00345032 0.00435434 0.00544461 0.00669245 0.00806055 0.00952174 0.0110009 0.0123705 0.013516 0.0143648 0.0147998 0.0147287 0.0140942 0.0128947 0.0111 0.00877623 0.0060665 0.00317847 0.000261729 -0.00251182 -0.00498304 -0.00700282 -0.00850391 -0.00943306 -0.00978839 -0.00962803 -0.00908369 -0.00825701 -0.00720882 -0.0060024 -0.00475017 -0.00353855 -0.00236813 -0.00118893 6.56899e-06 0.00118369 0.00233965 0.00352642 0.00476689 0.00599706 0.00710946 0.00803677 0.0087263 0.00908684 0.00898263 0.00833216 0.00711554 0.00536649 0.00313177 0.000537896 -0.00226546 -0.00511113 -0.00785604 -0.0102937 -0.0122596 -0.0136584 -0.0145031 -0.0147852 -0.0145459 -0.0138626 -0.0128528 -0.011585 -0.0101674 -0.00872786 -0.00735838 -0.00609073 -0.00496631 -0.00402289 -0.00323035 -0.00256831 -0.00203965 -0.00163777 -0.00131089 -0.00106466 -0.000896296 -0.000773597 -0.000675084 -0.000620302 -0.000586653 -0.00055 -0.000531295 -0.000526789 -0.000511567 -0.000498681 -0.000502392 -0.000492946 -0.000483673 -0.000484881 -0.000478736 -0.000466033 -0.000472819 -0.000466981 -0.000446349 -0.000449285 -0.000452776 -0.000444689 -0.000430129 -0.000426576 -0.00042831 -0.000436285 -0.000426509 -0.000409774 -0.000425083 -0.000417258 -0.000412153 -0.000422593 -0.000410459 -0.000398217 -0.000398929 -0.000403068 -0.000391858 -0.000399006 -0.000399298 -0.000382585 -0.000394523 -0.00038831 -0.000388196 -0.000396014 -0.000384718 -0.000388751 -0.000377326 -0.0003754 -0.000380193 -0.000370183 -0.000385842 -0.000380525 -0.000376356 -0.000387761 -0.000368819 -0.00037517 -0.00037635 -0.000362002 -0.000380329 -0.000372828 
0 4.66274e-06 -1.22241e-06 1.04481e-05 1.38799e-05 1.39509e-05 2.33093e-05 2.14863e-05 2.57395e-05 2.95377e-05 2.86985e-05 3.53964e-05 3.62312e-05 4.18331e-05 4.59358e-05 4.66773e-05 5.5036e-05 5.33794e-05 5.87528e-05 6.61069e-05 6.31346e-05 7.16767e-05 7.42276e-05 7.3385e-05 8.07435e-05 8.52613e-05 8.8596e-05 9.30804e-05 0.000101556 0.000101342 0.000105107 0.000115681 0.000114179 0.000120887 0.000125973 0.000127874 0.000136318 0.000138443 0.000144787 0.000152772 0.000158162 0.000161444 0.000170944 0.000180309 0.000180434 0.000192171 0.00019958 0.000202681 0.000213233 0.000222251 0.000228109 0.00023769 0.000256019 0.000266426 0.000289009 0.000327 0.00037165 0.000440975 0.000550294 0.00070477 0.000912226 0.00121365 0.00161325 0.00212655 0.00278693 0.00362085 0.00463382 0.00584725 0.00729089 0.00893855 0.0107533 0.0126752 0.0146109 0.0164012 0.0179102 0.0190091 0.0195677 0.0194612 0.0186241 0.0170267 0.0146653 0.0116213 0.00808056 0.00428522 0.000453629 -0.00319131 -0.00644197 -0.00911584 -0.0111105 -0.0123577 -0.0128626 -0.0126981 -0.0120172 -0.0109435 -0.00957651 -0.00800495 -0.00636536 -0.00474838 -0.00317327 -0.00159239 -4.7114e-06 0.00157138 0.00312947 0.00472229 0.00635543 0.0079635 0.00941864 0.0106321 0.0115118 0.0119439 0.0117684 0.0108866 0.00926386 0.00694226 0.00399725 0.00058638 -0.00309886 -0.00684263 -0.0104333 -0.0136238 -0.0162057 -0.0180626 -0.0191751 -0.019555 -0.0192503 -0.0183687 -0.0170358 -0.0153756 -0.013519 -0.011628 -0.00981018 -0.00813619 -0.00664883 -0.00538612 -0.00432559 -0.0034471 -0.00274313 -0.00219421 -0.0017643 -0.00143615 -0.0012067 -0.00103725 -0.000915752 -0.00083581 -0.000786362 -0.000743862 -0.000717607 -0.000704548 -0.000685817 -0.000673638 -0.000666044 -0.000657178 -0.000644305 -0.000641236 -0.000633454 -0.000621265 -0.000620465 -0.00061348 -0.000605363 -0.000600237 -0.000597493 -0.00059088 -0.000585671 -0.000582923 -0.000574159 -0.000574025 -0.000566646 -0.00055949 -0.000561726 -0.000552964 -0.000547603 -0.000546791 -0.000543978 -0.000538881 -0.000538164 -0.000538216 -0.000528811 -0.000530582 -0.00052855 -0.000521404 -0.000524701 -0.000518509 -0.000516051 -0.000515077 -0.000510778 -0.000513206 -0.000509044 -0.000510902 -0.000510303 -0.000504085 -0.000508321 -0.000501562 -0.000500008 -0.000504417 -0.000496348 -0.000502643 -0.000503556 -0.00049674 -0.000504456 -0.000497587 
0 -1.95959e-06 1.38527e-05 6.30487e-06 1.39509e-05 2.29316e-05 1.94645e-05 3.35533e-05 3.32168e-05 3.44753e-05 4.01797e-05 3.92927e-05 4.95224e-05 4.77439e-05 5.91768e-05 6.50975e-05 5.6225e-05 7.72246e-05 7.05992e-05 7.15141e-05 9.61497e-05 8.31989e-05 9.05022e-05 0.000100768 9.44854e-05 0.000101544 0.000113925 0.000125526 0.000116484 0.000129243 0.000138808 0.000128591 0.000150406 0.000159495 0.000157031 0.00015326 0.000163464 0.000187861 0.000183114 0.000183145 0.000193158 0.000209875 0.000216505 0.000216049 0.000232184 0.000237622 0.000248692 0.000257269 0.000264999 0.000277231 0.000286736 0.000303166 0.000314312 0.000339527 0.000367778 0.000408808 0.000473265 0.000563706 0.000701695 0.000892341 0.00117051 0.00154223 0.00204499 0.00269709 0.00352894 0.00456848 0.00583656 0.007365 0.00915001 0.0111949 0.0134363 0.0158075 0.0181638 0.0203577 0.0222018 0.0235355 0.0241957 0.0240514 0.0230119 0.0210271 0.0181257 0.0144054 0.0100909 0.00543559 0.000743036 -0.00373411 -0.00772317 -0.0110388 -0.0135127 -0.0150932 -0.0157644 -0.0156411 -0.0148507 -0.0135662 -0.0118989 -0.00999987 -0.00798535 -0.00597468 -0.0039786 -0.00199969 -1.14459e-05 0.00195961 0.00393858 0.00593222 0.00795265 0.00990558 0.0116881 0.0131554 0.0142022 0.0146606 0.0143933 0.0132592 0.0112384 0.00834883 0.00472746 0.000531823 -0.00398565 -0.00858561 -0.0129662 -0.0168654 -0.0200312 -0.0223339 -0.0237101 -0.0241886 -0.0238365 -0.022772 -0.0211428 -0.0191071 -0.0168476 -0.0145191 -0.0122755 -0.0101983 -0.00836346 -0.00677566 -0.00544888 -0.00435223 -0.00347049 -0.00277149 -0.00223103 -0.00182623 -0.00152207 -0.00131037 -0.00115681 -0.00105582 -0.000981502 -0.00093637 -0.000902998 -0.000875685 -0.000861059 -0.000843585 -0.000833272 -0.000818531 -0.000810774 -0.000798848 -0.00079106 -0.000786604 -0.000767676 -0.000764959 -0.00076361 -0.000758033 -0.00073916 -0.000730759 -0.000742179 -0.00073335 -0.000719335 -0.000702865 -0.000711694 -0.000712829 -0.000690334 -0.000696135 -0.000688782 -0.000676627 -0.000677335 -0.000682998 -0.000677081 -0.000660765 -0.00067309 -0.00065932 -0.000650579 -0.000666934 -0.000648848 -0.000648788 -0.000649219 -0.000638382 -0.000642044 -0.000637826 -0.000643547 -0.000637346 -0.000634792 -0.000640258 -0.00062205 -0.00063121 -0.000630955 -0.00061783 -0.000636639 -0.000624294 -0.000621252 -0.000636097 -0.000615739 -0.000625533 
0 9.04238e-06 1.29329e-05 1.69083e-05 2.33093e-05 1.94645e-05 2.47806e-05 3.28316e-05 2.84367e-05 4.44489e-05 5.44541e-05 5.0526e-05 6.50352e-05 6.48682e-05 5.9843e-05 7.41151e-05 7.87512e-05 7.819e-05 9.26681e-05 9.6178e-05 8.76118e-05 0.00010628 0.00011268 0.000114079 0.00013595 0.000131908 0.000133904 0.000132561 0.000142002 0.000161157 0.00014965 0.000174615 0.000174724 0.000162577 0.000190783 0.000211613 0.000214762 0.00019499 0.000225245 0.000237468 0.000237675 0.000251323 0.000241449 0.000270347 0.000273286 0.000283391 0.000288388 0.000307341 0.000323073 0.000320835 0.000357802 0.000358202 0.000387464 0.000410848 0.000455061 0.000499913 0.000578234 0.000705413 0.000853113 0.00110631 0.00143209 0.00189888 0.00248857 0.00329564 0.00429336 0.00554101 0.00707195 0.00890151 0.0110394 0.0134497 0.016124 0.0188944 0.0216657 0.0242095 0.0263802 0.0279052 0.0286625 0.0284612 0.0272261 0.0248672 0.0214567 0.017118 0.0120822 0.00664416 0.00113647 -0.00410145 -0.00880749 -0.0127176 -0.0156839 -0.0175836 -0.0184736 -0.0184075 -0.0175736 -0.0160903 -0.0141826 -0.0119637 -0.00962203 -0.00719978 -0.00480401 -0.00239745 -3.03613e-05 0.00236604 0.00474815 0.00716716 0.00953475 0.011831 0.0138855 0.015599 0.01675 0.017219 0.0168026 0.0154236 0.0129829 0.00956522 0.00527865 0.00036359 -0.00494898 -0.0103297 -0.0154523 -0.0199974 -0.0237156 -0.0264423 -0.0280755 -0.0286641 -0.0282697 -0.0270595 -0.025144 -0.0227835 -0.0201282 -0.0174137 -0.0147394 -0.0122955 -0.0100992 -0.0082066 -0.00660024 -0.005289 -0.00422734 -0.00336746 -0.0027255 -0.002221 -0.00186174 -0.00157884 -0.00141337 -0.00126879 -0.00118264 -0.001125 -0.00108304 -0.00105226 -0.00102447 -0.00102461 -0.000987196 -0.000991939 -0.000976158 -0.00096457 -0.000949432 -0.000944009 -0.000942812 -0.000916183 -0.000917936 -0.000890965 -0.00090335 -0.000898383 -0.00086299 -0.000857902 -0.000867136 -0.000873788 -0.00083785 -0.000843154 -0.000842063 -0.00082771 -0.000838804 -0.000826195 -0.000823667 -0.000804058 -0.000799127 -0.000809109 -0.000791722 -0.000796222 -0.000794971 -0.000779578 -0.000778859 -0.00078462 -0.000779333 -0.000775683 -0.000783467 -0.000765777 -0.000758947 -0.00076659 -0.000750221 -0.000757995 -0.000766931 -0.000753225 -0.000761843 -0.000760443 -0.000746062 -0.000753665 -0.000749177 -0.000741194 -0.000753262 -0.000749254 
0 -2.9634e-06 1.14868e-05 6.68692e-06 2.14863e-05 3.35533e-05 3.28316e-05 4.78784e-05 4.44924e-05 4.98601e-05 5.53073e-05 5.10977e-05 6.9266e-05 6.91922e-05 7.95987e-05 9.3618e-05 8.46734e-05 0.000102135 0.000103657 0.000104983 0.000125764 0.000123085 0.000126662 0.000133879 0.000136711 0.000140498 0.000160483 0.000174158 0.000167657 0.000187638 0.000186561 0.000189387 0.000213778 0.00021466 0.00022177 0.000220023 0.000229425 0.000250585 0.000262414 0.000259697 0.000267836 0.000299471 0.000298272 0.000310678 0.000328816 0.00033451 0.000348396 0.000365504 0.000376239 0.000381283 0.000412444 0.00042332 0.000442416 0.00048303 0.000528293 0.000585438 0.000684983 0.000835156 0.00102327 0.00131761 0.00172424 0.00226496 0.00297585 0.00392138 0.00510257 0.00655959 0.00835244 0.0104887 0.0129575 0.0157426 0.0187992 0.0219658 0.0250891 0.0279734 0.030404 0.0321137 0.0329247 0.0326694 0.0312238 0.0285176 0.0246323 0.0197292 0.014044 0.00789008 0.00165087 -0.00430182 -0.00966027 -0.0141524 -0.0175773 -0.0198302 -0.0209447 -0.0210025 -0.0201444 -0.0185353 -0.0164025 -0.013926 -0.011253 -0.00845937 -0.00563823 -0.00282854 -4.77874e-05 0.00275166 0.00556711 0.00837756 0.0111042 0.0136882 0.0160057 0.0178962 0.0191347 0.0195461 0.0189713 0.017304 0.0144692 0.010525 0.0056313 3.17478e-05 -0.00599545 -0.0120957 -0.0178836 -0.0230204 -0.0272455 -0.0303643 -0.0322558 -0.0329477 -0.0325421 -0.0311876 -0.029043 -0.0263635 -0.0233709 -0.0202695 -0.0172169 -0.0143932 -0.0118631 -0.0096545 -0.00777965 -0.0062472 -0.00499848 -0.00399213 -0.00322537 -0.00264366 -0.00220253 -0.00187819 -0.00166974 -0.00150602 -0.00139447 -0.00132715 -0.00128001 -0.00123235 -0.00120879 -0.00119539 -0.00116243 -0.00115146 -0.00113831 -0.0011213 -0.0011045 -0.00110152 -0.00107935 -0.00106718 -0.00107601 -0.00105312 -0.00103821 -0.00103513 -0.00103747 -0.00102431 -0.00101117 -0.000997467 -0.000990437 -0.000999295 -0.000974318 -0.000969222 -0.000965734 -0.000946142 -0.000952466 -0.000954009 -0.000945643 -0.000935931 -0.000937541 -0.000925231 -0.000920221 -0.000930153 -0.000911124 -0.000912517 -0.000906747 -0.000891429 -0.000901514 -0.000892953 -0.000898026 -0.000900761 -0.000889881 -0.000894734 -0.000881126 -0.000879434 -0.000881046 -0.000870784 -0.000882918 -0.0008786 -0.000876835 -0.000885912 -0.000871832 -0.000875451 
0 4.58742e-06 2.3298e-05 1.79301e-05 2.57395e-05 3.32168e-05 2.84367e-05 4.44924e-05 4.98631e-05 5.67609e-05 6.82381e-05 6.98237e-05 8.21148e-05 8.13861e-05 8.8939e-05 0.000100474 9.60554e-05 0.000115951 0.000118625 0.000118363 0.000139844 0.000136587 0.000146784 0.000162978 0.000164866 0.000171862 0.000180326 0.000189608 0.000188865 0.000206465 0.000217388 0.000215791 0.000236476 0.000240676 0.000253797 0.000267064 0.000270609 0.00029017 0.000296971 0.000304547 0.000316516 0.000334608 0.0003398 0.000348127 0.00037362 0.000376396 0.000394062 0.000414427 0.000426137 0.000443349 0.000469335 0.00049367 0.0005134 0.000565951 0.000617155 0.000689405 0.000810057 0.000980685 0.0012132 0.00155076 0.00203252 0.00265377 0.00348729 0.00457176 0.00593568 0.00760971 0.00966207 0.0120986 0.0148941 0.0180402 0.021454 0.0249836 0.0284292 0.0316124 0.0342639 0.0361259 0.0369722 0.0366476 0.0349942 0.0319665 0.0276528 0.0222444 0.0159836 0.00920052 0.00231155 -0.00428607 -0.0102439 -0.0152775 -0.0191476 -0.021763 -0.0231335 -0.0233532 -0.0225226 -0.0208402 -0.018534 -0.0158342 -0.012857 -0.00970793 -0.00647372 -0.0032572 -5.62884e-05 0.00315379 0.00639603 0.00958831 0.0126542 0.0155007 0.018037 0.0200565 0.0213324 0.021647 0.0208775 0.018904 0.0156773 0.0112366 0.00577832 -0.000446376 -0.00711568 -0.013853 -0.0202335 -0.025902 -0.030586 -0.0340664 -0.0362093 -0.0370173 -0.0366177 -0.0351492 -0.0328148 -0.0298611 -0.0265641 -0.0231122 -0.0197112 -0.0165274 -0.0136695 -0.0111535 -0.00901336 -0.00725187 -0.00581248 -0.00465611 -0.00375882 -0.00308648 -0.00256287 -0.00218904 -0.00192842 -0.00174116 -0.00160297 -0.00152065 -0.00146354 -0.0014075 -0.00138331 -0.00135911 -0.001335 -0.00131517 -0.00130692 -0.0012858 -0.00126896 -0.00126718 -0.00124233 -0.00123077 -0.00122296 -0.00121009 -0.00119285 -0.00118299 -0.0011763 -0.00115858 -0.00115676 -0.00114118 -0.00113571 -0.00113343 -0.00111308 -0.00111609 -0.00111066 -0.00109825 -0.00109141 -0.0010873 -0.00107753 -0.00106515 -0.00107293 -0.0010579 -0.00105046 -0.00105697 -0.00103906 -0.00104328 -0.00104204 -0.00103313 -0.00103612 -0.00102521 -0.00102436 -0.00101736 -0.0010125 -0.00101765 -0.00100669 -0.00101461 -0.00101401 -0.00100242 -0.00101296 -0.00100056 -0.000996638 -0.00100687 -0.000993194 -0.00100242 
0 9.60114e-06 1.03057e-05 2.30296e-05 2.95377e-05 3.44753e-05 4.44489e-05 4.98601e-05 5.67609e-05 6.04007e-05 7.39657e-05 8.1103e-05 8.30068e-05 0.000102351 9.67764e-05 0.000105643 0.000127786 0.000115212 0.000137888 0.00014924 0.000137398 0.000162923 0.000166723 0.000172016 0.000188325 0.000198013 0.000204771 0.000201439 0.000228437 0.00023316 0.000234689 0.000262982 0.000261463 0.000265802 0.00027898 0.000307683 0.000315437 0.000306097 0.000333151 0.000348663 0.000364888 0.000369284 0.000381037 0.000405848 0.000415577 0.000433322 0.000443031 0.000468609 0.000482884 0.000501002 0.000530227 0.000551213 0.000590208 0.000634832 0.000705017 0.000791911 0.0009342 0.00113395 0.00140961 0.00181041 0.00235365 0.00308286 0.00403159 0.00527081 0.00681299 0.00871763 0.0110263 0.0137526 0.016875 0.020354 0.0241062 0.0279471 0.0316939 0.0351122 0.0379524 0.0399149 0.0407841 0.0403599 0.0385082 0.0351804 0.0304895 0.0246341 0.0178736 0.0105559 0.00310088 -0.00405961 -0.0105645 -0.0160851 -0.0203944 -0.0233693 -0.0250355 -0.0254403 -0.0247029 -0.0229927 -0.0205829 -0.0176818 -0.0144432 -0.0109467 -0.00733292 -0.00369542 -8.2005e-05 0.00355789 0.00719968 0.0107714 0.0141403 0.017236 0.0199293 0.0220363 0.0232826 0.0234746 0.0224648 0.0201797 0.0165542 0.0116612 0.00567878 -0.00109734 -0.00833461 -0.0156144 -0.0225112 -0.028647 -0.0337353 -0.0375442 -0.0399208 -0.040864 -0.0404767 -0.0389352 -0.0364368 -0.0332681 -0.0296844 -0.0259313 -0.022198 -0.018686 -0.0154967 -0.0126878 -0.0102835 -0.0082863 -0.00665785 -0.00534237 -0.00432425 -0.00353854 -0.00295039 -0.00251032 -0.00220678 -0.00198476 -0.00182852 -0.00172764 -0.00165189 -0.00160173 -0.00155858 -0.00153646 -0.00150384 -0.00148637 -0.00146991 -0.00144733 -0.00143209 -0.00141322 -0.00140913 -0.00138524 -0.00136917 -0.00135539 -0.00135235 -0.00134538 -0.00130933 -0.00130654 -0.00130704 -0.0013 -0.00127501 -0.00126327 -0.00127157 -0.00124662 -0.00124575 -0.0012437 -0.00122703 -0.00121634 -0.00121029 -0.0012161 -0.00119388 -0.00119686 -0.00119827 -0.00117033 -0.00118318 -0.00117618 -0.001163 -0.00117141 -0.00115933 -0.00115474 -0.00115051 -0.00114815 -0.00114603 -0.00114025 -0.0011472 -0.00113518 -0.00113396 -0.00114054 -0.00112312 -0.00113331 -0.00113316 -0.00111865 -0.00113547 -0.0011252 
0 6.29959e-06 9.90626e-06 2.26567e-05 2.86985e-05 4.01797e-05 5.44541e-05 5.53073e-05 6.82381e-05 7.39657e-05 7.31833e-05 8.94186e-05 9.13045e-05 0.00010018 0.000121515 0.000122424 0.000130821 0.000144354 0.00014492 0.00015506 0.000173347 0.000178539 0.000184405 0.000195836 0.000199105 0.000208491 0.000225093 0.000247171 0.000251146 0.000253083 0.000277929 0.000274159 0.00028901 0.000321118 0.000320007 0.000316163 0.000330932 0.000369165 0.000372508 0.000378627 0.000395522 0.000412481 0.000443464 0.000443054 0.000464808 0.000482598 0.000504552 0.000519696 0.000536518 0.000569051 0.000580826 0.000625096 0.000656741 0.000717242 0.000790173 0.000905308 0.00106791 0.00129238 0.00163263 0.00207804 0.00271154 0.00352982 0.00462462 0.00599963 0.00774197 0.00987223 0.0124376 0.0154508 0.0188806 0.0226886 0.0267266 0.0308667 0.0348493 0.038481 0.0414361 0.0434854 0.0443281 0.043805 0.0417444 0.0381586 0.0331332 0.0268966 0.0197179 0.0119562 0.0040365 -0.00361576 -0.0105863 -0.0165607 -0.021271 -0.0246308 -0.0265934 -0.0272394 -0.0266242 -0.0249738 -0.0224941 -0.0194566 -0.0159619 -0.0121733 -0.0081786 -0.00415272 -9.65265e-05 0.00394613 0.00799568 0.0118968 0.0155698 0.0188587 0.0216844 0.0237943 0.0249809 0.0249894 0.023734 0.0211015 0.0171049 0.0117781 0.00534437 -0.00192463 -0.009633 -0.0173708 -0.024697 -0.0312346 -0.0366766 -0.0407684 -0.0433767 -0.0444504 -0.0441161 -0.0425119 -0.0399172 -0.0365546 -0.0327504 -0.0287063 -0.0246977 -0.0208601 -0.0173666 -0.0142624 -0.0116025 -0.00936954 -0.0075368 -0.00607622 -0.00491103 -0.00402959 -0.0033463 -0.00286261 -0.00248874 -0.00224334 -0.0020607 -0.00193708 -0.00185049 -0.00178717 -0.00174849 -0.00170051 -0.00168697 -0.00164994 -0.00163164 -0.00161091 -0.00159646 -0.00157378 -0.00154821 -0.00154828 -0.00152738 -0.00151944 -0.0014884 -0.0014783 -0.0014883 -0.00147025 -0.00144018 -0.00142374 -0.00143853 -0.00141635 -0.00140011 -0.00139853 -0.00137505 -0.00136809 -0.00136621 -0.0013658 -0.00135343 -0.0013402 -0.00133903 -0.00132713 -0.00132138 -0.00132413 -0.00131468 -0.00130045 -0.00129918 -0.00129071 -0.00128112 -0.00129071 -0.00128554 -0.00127831 -0.00128275 -0.00127108 -0.00126408 -0.00126675 -0.00125837 -0.00125724 -0.00126279 -0.00125634 -0.00125719 -0.00126072 -0.00125125 -0.00125317 
0 1.53121e-05 1.99085e-05 3.47805e-05 3.53964e-05 3.92927e-05 5.0526e-05 5.10977e-05 6.98237e-05 8.1103e-05 8.94186e-05 0.000107338 0.000106103 0.000119184 0.000125147 0.000124679 0.00014784 0.000150445 0.000163395 0.000180119 0.000177756 0.000194188 0.000206891 0.000217587 0.000233621 0.000246162 0.000247034 0.000252883 0.000272171 0.000276251 0.000301133 0.000314375 0.000315545 0.000337185 0.000345559 0.00037299 0.000390888 0.000392582 0.000402401 0.000429737 0.000450088 0.000447657 0.000476675 0.000488444 0.000505957 0.000532457 0.000547722 0.00056878 0.000594301 0.000630211 0.000645176 0.000694624 0.000743154 0.000801624 0.000895883 0.00103006 0.0012166 0.00147517 0.00186859 0.00237883 0.00308526 0.00402012 0.00524128 0.00677645 0.0087078 0.0110755 0.01389 0.0171831 0.0209143 0.0250163 0.0293263 0.0337097 0.0379074 0.0416813 0.0447285 0.0468025 0.0476093 0.0469531 0.0447079 0.0408833 0.0355839 0.0290255 0.0215152 0.0134042 0.00511329 -0.00293697 -0.0103066 -0.0166725 -0.0217721 -0.0255026 -0.0277923 -0.0286936 -0.028269 -0.0267233 -0.0242515 -0.0211015 -0.0174069 -0.0133408 -0.00901553 -0.00459405 -0.000119254 0.00433886 0.0087523 0.0129741 0.0169008 0.0203677 0.0232553 0.0253271 0.026382 0.0261885 0.0246492 0.0216762 0.0173063 0.0115971 0.0047645 -0.00291047 -0.0110061 -0.019107 -0.0267783 -0.0336524 -0.0393871 -0.0437346 -0.0465462 -0.0477754 -0.0475009 -0.0458917 -0.0432224 -0.0397376 -0.0357347 -0.0314607 -0.0271901 -0.0230698 -0.0192767 -0.0158922 -0.0129792 -0.0105055 -0.00847399 -0.00684576 -0.00554804 -0.00454133 -0.00377751 -0.00322199 -0.00279127 -0.00250292 -0.00229479 -0.00214838 -0.00203893 -0.00197683 -0.0019238 -0.00187262 -0.00185541 -0.00182334 -0.00179947 -0.00177584 -0.00176446 -0.00173651 -0.00172394 -0.00170934 -0.0016738 -0.00167224 -0.00165967 -0.0016354 -0.00160909 -0.00160532 -0.0015955 -0.00158094 -0.00157262 -0.00154494 -0.00154774 -0.00154098 -0.00152752 -0.00152601 -0.00150651 -0.00149176 -0.00148555 -0.00148219 -0.00146844 -0.00146612 -0.0014568 -0.00143841 -0.00144624 -0.0014354 -0.00143382 -0.00143891 -0.00142042 -0.00141996 -0.0014097 -0.00139918 -0.00140258 -0.00139491 -0.00139836 -0.00139834 -0.00139273 -0.00139366 -0.00138596 -0.00138276 -0.00138142 -0.00137758 -0.00138055 -0.00138013 
0 8.36725e-06 1.03008e-05 2.69384e-05 3.62312e-05 4.95224e-05 6.50352e-05 6.9266e-05 8.21148e-05 8.30068e-05 9.13045e-05 0.000106103 0.000107937 0.000133457 0.000138052 0.000143695 0.000172284 0.000161009 0.000178877 0.000199821 0.000191001 0.00021785 0.000226206 0.000228761 0.000245942 0.000260262 0.000274779 0.000282965 0.000310235 0.000312285 0.000322041 0.000346901 0.000348909 0.000373944 0.000376595 0.000394604 0.000420269 0.000420076 0.000446755 0.000467698 0.000486946 0.000495184 0.000525538 0.000548364 0.000554307 0.000592502 0.000602986 0.000626598 0.000655752 0.000684562 0.000710897 0.000754706 0.000821221 0.000877636 0.000996722 0.00115093 0.0013657 0.00167182 0.00211608 0.00270728 0.00349133 0.00455661 0.00590505 0.00761518 0.00973927 0.0123438 0.0154077 0.0189702 0.0229888 0.0273507 0.0319079 0.0364858 0.040857 0.0447145 0.0478132 0.0498596 0.0506005 0.0497913 0.047373 0.0433362 0.037812 0.031 0.0232388 0.0148727 0.00630288 -0.00204764 -0.00974258 -0.016439 -0.0219052 -0.0259908 -0.028623 -0.0297986 -0.0296191 -0.0282287 -0.0258301 -0.0226072 -0.0187631 -0.0144505 -0.00983661 -0.00503313 -0.000162626 0.00470146 0.00944251 0.0139591 0.0180944 0.021706 0.0245955 0.0265797 0.0274442 0.0270223 0.025175 0.021868 0.017135 0.0110911 0.0039209 -0.00406959 -0.0124654 -0.0208355 -0.0287702 -0.035906 -0.0418784 -0.0464449 -0.0494388 -0.0508299 -0.0506356 -0.0490638 -0.0463536 -0.0427973 -0.0386327 -0.0341746 -0.0296628 -0.0252923 -0.0212121 -0.0175598 -0.0143917 -0.0116816 -0.00944925 -0.00764376 -0.00621504 -0.00507685 -0.00423388 -0.0035959 -0.00311824 -0.00277873 -0.00254674 -0.0023773 -0.00224608 -0.0021811 -0.00211013 -0.0020622 -0.00202707 -0.00200011 -0.00196432 -0.00193988 -0.00192646 -0.00188558 -0.00188043 -0.00185941 -0.00183325 -0.00181725 -0.00180812 -0.00179294 -0.00176484 -0.00176678 -0.0017425 -0.00173094 -0.0017189 -0.00169722 -0.00169984 -0.0016715 -0.00165992 -0.00165592 -0.00164247 -0.00163238 -0.0016252 -0.00162445 -0.00159804 -0.00160382 -0.00160109 -0.00157485 -0.00158928 -0.00156969 -0.00155484 -0.00156189 -0.00154363 -0.00154615 -0.00154413 -0.0015393 -0.00153971 -0.00152852 -0.0015295 -0.00151903 -0.00151447 -0.00152008 -0.00150841 -0.00151537 -0.00151556 -0.0015047 -0.00151468 -0.00150597 
0 1.30485e-05 2.00878e-05 3.41174e-05 4.18331e-05 4.77439e-05 6.48682e-05 6.91922e-05 8.13861e-05 0.000102351 0.00010018 0.000119184 0.000133457 0.00012494 0.000155381 0.000163252 0.000161128 0.000193984 0.000191211 0.000201362 0.000227417 0.000230076 0.000246481 0.000256888 0.000273639 0.000278313 0.000289444 0.000324434 0.000317359 0.000335719 0.000362062 0.000361236 0.000381604 0.00040639 0.00043042 0.000422786 0.000443455 0.000480412 0.000488506 0.000508448 0.000513468 0.000547029 0.000572171 0.000582786 0.000606606 0.000630829 0.000663863 0.000675533 0.000717453 0.000746267 0.000779668 0.000837178 0.000897258 0.00098496 0.00110438 0.00129533 0.00153147 0.00189084 0.00238842 0.00305172 0.0039396 0.00511151 0.00661608 0.00848474 0.010827 0.0136461 0.0169724 0.02079 0.0250764 0.0296775 0.0344437 0.039193 0.0436705 0.0475898 0.0506728 0.0526732 0.0532903 0.052343 0.0497412 0.0455409 0.0398246 0.0328435 0.0249022 0.0163768 0.0076186 -0.00093439 -0.00887192 -0.0158455 -0.0216368 -0.0260683 -0.0290346 -0.0305199 -0.0306133 -0.0294442 -0.0271576 -0.0239319 -0.0199705 -0.0154731 -0.0105899 -0.00545471 -0.000198804 0.00502345 0.0100777 0.0148328 0.0191509 0.0228414 0.0256984 0.0275289 0.028173 0.0274791 0.0253257 0.0216832 0.0166206 0.0102807 0.00284702 -0.00537085 -0.0139761 -0.0225244 -0.0306485 -0.0379615 -0.0441308 -0.0488659 -0.052045 -0.0535784 -0.0535159 -0.0519994 -0.0493166 -0.0457099 -0.0414567 -0.036839 -0.0321337 -0.0275316 -0.0231954 -0.0192883 -0.01586 -0.0129314 -0.0104782 -0.0085081 -0.00691566 -0.00566826 -0.00471142 -0.00399932 -0.00345823 -0.00306605 -0.00280292 -0.00259659 -0.00246224 -0.0023632 -0.00230035 -0.00223572 -0.00220255 -0.00216996 -0.00212914 -0.00211438 -0.00208636 -0.00206395 -0.00203064 -0.00202385 -0.00200431 -0.00197658 -0.00195599 -0.00193153 -0.0019398 -0.0019091 -0.00187827 -0.00187115 -0.00186782 -0.00185118 -0.00182213 -0.00183019 -0.00180597 -0.0017879 -0.00179469 -0.00177577 -0.00176492 -0.00174947 -0.00174821 -0.00173411 -0.00171871 -0.00173079 -0.0017047 -0.00169913 -0.0017059 -0.00168154 -0.00168722 -0.00168489 -0.00166923 -0.00167013 -0.00166324 -0.00165696 -0.00165334 -0.0016533 -0.00164903 -0.00164294 -0.001648 -0.00163885 -0.00163662 -0.00164296 -0.00163093 -0.00163619 
0 9.86754e-06 2.94129e-05 3.29482e-05 4.59358e-05 5.91768e-05 5.9843e-05 7.95987e-05 8.8939e-05 9.67764e-05 0.000121515 0.000125147 0.000138052 0.000155381 0.000156483 0.000172015 0.000183884 0.00019587 0.000213106 0.00022647 0.000238547 0.000244421 0.000265208 0.000279718 0.000290641 0.000316914 0.000323248 0.000326508 0.000347377 0.000368505 0.00037945 0.000402733 0.000424261 0.000422199 0.00044251 0.000478704 0.000501355 0.000503118 0.00051637 0.00055097 0.000574925 0.00059128 0.000603782 0.000634824 0.000660813 0.00068426 0.000709853 0.00073673 0.000775158 0.000806057 0.000853788 0.000906439 0.000984235 0.00108208 0.00122754 0.00143484 0.00171693 0.00212645 0.0026795 0.00343333 0.00441881 0.00572182 0.00736552 0.00942836 0.0119661 0.0150177 0.018588 0.0226608 0.0271843 0.0319953 0.0369461 0.0418112 0.0463614 0.0502771 0.0533223 0.0552061 0.0556909 0.0545727 0.0518201 0.0474606 0.0416196 0.0345225 0.0264927 0.0178804 0.00903476 0.000370753 -0.00772519 -0.014915 -0.0209903 -0.0257348 -0.0290366 -0.0308405 -0.0312494 -0.0303308 -0.0282188 -0.0250339 -0.0210254 -0.016376 -0.0112806 -0.00584054 -0.000259354 0.00529468 0.0106074 0.0155736 0.0200084 0.023737 0.0264973 0.0281435 0.0285187 0.0275371 0.0250637 0.0211102 0.0157465 0.00916235 0.00153582 -0.00682153 -0.0155398 -0.0241912 -0.0324156 -0.0398461 -0.0461406 -0.0510304 -0.0543565 -0.0560541 -0.056123 -0.0547266 -0.0520883 -0.0484941 -0.0441788 -0.0394607 -0.0345802 -0.0297795 -0.0252116 -0.0210573 -0.017382 -0.0142213 -0.011569 -0.00940163 -0.00766389 -0.00628159 -0.00522582 -0.00441589 -0.00381936 -0.00337281 -0.00306433 -0.00283595 -0.00267803 -0.00256749 -0.00248498 -0.00242692 -0.00237587 -0.00234461 -0.0023067 -0.00227872 -0.00224803 -0.00222937 -0.00220753 -0.00217414 -0.00215075 -0.00213546 -0.00212653 -0.00209283 -0.0020617 -0.00205258 -0.00205299 -0.00202857 -0.00199536 -0.00199153 -0.00197996 -0.00196326 -0.00195713 -0.00194645 -0.00192025 -0.0019078 -0.00190677 -0.00189062 -0.0018838 -0.00187423 -0.00185951 -0.00184885 -0.00184279 -0.00184232 -0.00183088 -0.00182883 -0.001821 -0.00180496 -0.00180594 -0.0017956 -0.00178977 -0.00179284 -0.00178459 -0.00178313 -0.00178089 -0.00177453 -0.00177186 -0.00176923 -0.00176661 -0.00176455 -0.00176508 -0.00176377 
0 6.80152e-06 2.16508e-05 2.95727e-05 4.66773e-05 6.50975e-05 7.41151e-05 9.3618e-05 0.000100474 0.000105643 0.000122424 0.000124679 0.000143695 0.000163252 0.000172015 0.000195228 0.000202239 0.000215109 0.00022835 0.000233618 0.000258546 0.000268227 0.000283769 0.00030204 0.000304646 0.000326209 0.000346733 0.000364123 0.000386522 0.000401893 0.000407802 0.000425741 0.000450448 0.000464624 0.000490584 0.00050068 0.000510957 0.000545443 0.00057348 0.000588172 0.000607661 0.000639051 0.0006593 0.000691191 0.000714446 0.000734808 0.000769864 0.000800301 0.000832163 0.000867624 0.000925681 0.000979578 0.00106641 0.00118679 0.00134965 0.00158468 0.00191459 0.00237875 0.00299533 0.003843 0.00494193 0.00637076 0.00817356 0.0104274 0.0131715 0.0164457 0.020262 0.0245725 0.0293081 0.0343036 0.0394005 0.0443451 0.0489114 0.0527909 0.0557423 0.0574777 0.0577889 0.0565044 0.0535987 0.0491141 0.0431875 0.0360482 0.0279976 0.0193815 0.0105356 0.00185433 -0.00631947 -0.0136632 -0.0199673 -0.0249918 -0.028612 -0.0307512 -0.0314909 -0.0308603 -0.0289598 -0.0258833 -0.0218804 -0.0171401 -0.0118713 -0.0061897 -0.000333867 0.00548734 0.0110206 0.0161406 0.0206432 0.0243412 0.0269641 0.0283837 0.0284702 0.0271756 0.0243891 0.0201457 0.0145279 0.00775142 5.21397e-06 -0.00840433 -0.0171472 -0.0258193 -0.0340738 -0.0415462 -0.0479182 -0.0529224 -0.0563896 -0.0582399 -0.0584721 -0.0572219 -0.0546812 -0.0511278 -0.046805 -0.0420201 -0.0370052 -0.0320277 -0.0272559 -0.0228709 -0.0189508 -0.0155661 -0.0127074 -0.0103475 -0.00844588 -0.00693611 -0.0057667 -0.00486064 -0.00419865 -0.00369897 -0.00334215 -0.00308423 -0.00290958 -0.00277581 -0.00268125 -0.0026212 -0.00255903 -0.00251665 -0.00248103 -0.00245136 -0.00241115 -0.00238778 -0.00236163 -0.00233412 -0.00231848 -0.00228629 -0.00226141 -0.00225239 -0.0022406 -0.00220694 -0.002189 -0.00217598 -0.00215649 -0.00214952 -0.00212658 -0.00210114 -0.00208846 -0.00207832 -0.00206384 -0.00205854 -0.00204462 -0.00202381 -0.00202202 -0.00200816 -0.00200345 -0.00199961 -0.00198087 -0.00197488 -0.00195835 -0.00195007 -0.00194825 -0.0019389 -0.00194155 -0.00193528 -0.00192757 -0.00192338 -0.00191468 -0.00190961 -0.0019061 -0.00190497 -0.00190048 -0.00190039 -0.00189898 -0.00189295 -0.00189639 -0.00189195 
0 2.04036e-05 2.48287e-05 4.5917e-05 5.5036e-05 5.6225e-05 7.87512e-05 8.46734e-05 9.60554e-05 0.000127786 0.000130821 0.00014784 0.000172284 0.000161128 0.000183884 0.000202239 0.00019856 0.000236304 0.000245512 0.000251955 0.000283921 0.000287029 0.000303158 0.000323599 0.000341211 0.000353668 0.000365299 0.000390627 0.000394207 0.00041995 0.000443296 0.000460691 0.000484135 0.000490565 0.000534775 0.000543529 0.000554971 0.000597441 0.000608073 0.000628472 0.000648207 0.000686253 0.000699474 0.000728376 0.000765361 0.00077805 0.000829786 0.000855517 0.000894903 0.000939806 0.00100384 0.00107004 0.00116005 0.00131381 0.00148422 0.00175935 0.00213123 0.00265241 0.00333897 0.00427831 0.00550164 0.00705042 0.00903157 0.0114669 0.0144297 0.0179166 0.0219794 0.0265075 0.0314342 0.0365905 0.0417937 0.0467857 0.0513165 0.0551318 0.0579345 0.0594984 0.0595997 0.0581563 0.0550933 0.0505203 0.0445448 0.0374327 0.0294236 0.0208839 0.0121201 0.00350819 -0.00466596 -0.0120984 -0.0185673 -0.0238325 -0.027746 -0.0302294 -0.0313031 -0.0309894 -0.0293305 -0.0264316 -0.0224883 -0.0177258 -0.0123292 -0.00648325 -0.000415266 0.00559353 0.011301 0.0165082 0.0210269 0.0246219 0.0270715 0.0282284 0.0280188 0.0263945 0.023311 0.0188054 0.012991 0.00608038 -0.00171157 -0.0100915 -0.0187749 -0.0273871 -0.035606 -0.0430498 -0.0494558 -0.0545328 -0.0581394 -0.0601317 -0.0605588 -0.0594754 -0.0570885 -0.0536049 -0.0493296 -0.0445107 -0.0394088 -0.0342797 -0.0293321 -0.0247377 -0.0205801 -0.016981 -0.0139062 -0.0113628 -0.00927691 -0.00764287 -0.00634237 -0.00534134 -0.00459755 -0.00403997 -0.00363205 -0.0033307 -0.00314332 -0.00297532 -0.00287635 -0.00280108 -0.002741 -0.0026881 -0.00265131 -0.00262622 -0.00257689 -0.00256737 -0.00252656 -0.00250033 -0.00248481 -0.00245564 -0.00242467 -0.00239884 -0.00239694 -0.00235077 -0.00233759 -0.00232717 -0.00229703 -0.00228684 -0.00226166 -0.00226138 -0.00224256 -0.00222198 -0.00221525 -0.00219656 -0.00218432 -0.00216746 -0.00216811 -0.0021431 -0.00212622 -0.00213513 -0.00210297 -0.00210701 -0.00211201 -0.00208451 -0.00209368 -0.00208153 -0.00206061 -0.00206661 -0.00205426 -0.00204711 -0.00205193 -0.00204216 -0.0020381 -0.00203831 -0.00203003 -0.00202959 -0.00202886 -0.00202396 -0.00202541 -0.00202175 
0 7.57894e-06 3.22675e-05 3.6018e-05 5.33794e-05 7.72246e-05 7.819e-05 0.000102135 0.000115951 0.000115212 0.000144354 0.000150445 0.000161009 0.000193984 0.00019587 0.000215109 0.000236304 0.000237704 0.000260144 0.000276669 0.000292156 0.000303896 0.000322224 0.000348413 0.000348357 0.000383421 0.000406956 0.000400937 0.000439211 0.000455929 0.000465506 0.000493229 0.000518301 0.000531775 0.00053817 0.000583196 0.00060755 0.000623924 0.00064297 0.000666414 0.000718311 0.000727209 0.0007496 0.000786736 0.000819294 0.000845602 0.000874977 0.000924432 0.000948031 0.00101124 0.00107216 0.00114581 0.00126112 0.00141907 0.00163543 0.00192804 0.00237288 0.0029388 0.00371961 0.0047562 0.006102 0.00780039 0.00994329 0.0125907 0.0157427 0.0194723 0.023739 0.0284883 0.0335634 0.0388603 0.0441236 0.0491184 0.0535816 0.0572726 0.059904 0.0612383 0.0611375 0.0594961 0.0563135 0.0516458 0.0456944 0.0386342 0.0307578 0.0223429 0.0137623 0.00527806 -0.00280549 -0.0102676 -0.016823 -0.0222852 -0.0264576 -0.0292774 -0.0306827 -0.0306957 -0.029313 -0.0266422 -0.0228279 -0.0181013 -0.0126505 -0.00671054 -0.000523004 0.00560023 0.0114049 0.0166404 0.0211022 0.024538 0.0267677 0.0276433 0.0271296 0.0251764 0.0218162 0.0170823 0.0111377 0.00414907 -0.00360464 -0.0118971 -0.0204239 -0.0289239 -0.037016 -0.0444018 -0.0507651 -0.0559129 -0.0596135 -0.0617814 -0.0623865 -0.0615231 -0.0593017 -0.0559483 -0.0517407 -0.0469327 -0.0417783 -0.0365218 -0.0314299 -0.0266246 -0.0222669 -0.0184253 -0.0151624 -0.0124039 -0.0101586 -0.00836649 -0.00694951 -0.00584484 -0.0050119 -0.00440533 -0.00392968 -0.0036105 -0.0033754 -0.00320922 -0.00307881 -0.00300114 -0.00293316 -0.00286822 -0.00283973 -0.0027875 -0.0027536 -0.00272356 -0.0027012 -0.00265508 -0.00262551 -0.00262055 -0.00258538 -0.00256151 -0.00252477 -0.00251808 -0.00251016 -0.00247179 -0.00244935 -0.0024371 -0.00242776 -0.00239138 -0.00238668 -0.00237693 -0.0023361 -0.00234016 -0.00232737 -0.00230626 -0.00230001 -0.00228759 -0.00227787 -0.00225923 -0.00226105 -0.00224885 -0.00222662 -0.00223338 -0.0022133 -0.00220353 -0.00221058 -0.00219161 -0.00219134 -0.00218955 -0.00217588 -0.00217731 -0.00217152 -0.00216539 -0.00216414 -0.00215923 -0.00215639 -0.0021542 -0.00215375 -0.00215285 
