0 0 0 0 0 0 0 0 0 0 0 0 0 0 0 0 0 0 0 0 0 0 0 0 0 0 0 0 0 0 0 0 0 0 0 0 0 0 0 0 0 0 0 0 0 0 0 0 0 0 0 0 0 0 0 0 0 0 0 0 0 0 0 0 0 0 0 0 0 0 0 0 0 0 0 0 0 0 0 0 0 0 0 0 0 0 0 0 0 0 0 0 0 0 0 0 0 0 0 0 0 0 0 0 0 0 0 0 0 0 0 0 0 0 0 0 0 0 0 0 0 0 0 0 0 0 0 0 0 0 0 0 0 0 0 0 0 0 0 0 0 0 0 0 0 0 0 0 0 0 0 0 0 0 0 0 0 0 0 0 0 0 0 0 0 0 0 0 0 0 0 0 0 0 0 0 0 0 0 0 0 0 0 0 0 0 0 0 0 0 0 0 0 0 0 0 0 0 0 0 
0 -3.81129e-06 6.08195e-06 -5.559e-06 1.35642e-06 8.23339e-06 -1.29486e-06 1.24235e-05 8.93726e-06 4.46823e-07 1.19706e-05 5.98839e-07 7.52939e-08 1.42797e-05 4.3454e-06 1.27999e-05 2.14837e-05 6.21806e-06 1.45424e-05 1.37155e-05 5.39391e-06 1.73543e-05 1.53311e-05 1.6e-05 1.43314e-05 1.47377e-05 1.89166e-05 1.36997e-05 2.96951e-05 2.72399e-05 1.89062e-05 2.28431e-05 2.21888e-05 2.37602e-05 2.01343e-05 3.8607e-05 2.19323e-05 1.13333e-05 3.70288e-05 3.44382e-05 3.51847e-05 2.57803e-05 3.64672e-05 4.03463e-05 4.15777e-05 4.14649e-05 3.33494e-05 5.41892e-05 4.28216e-05 5.17901e-05 5.91842e-05 7.19677e-05 8.75078e-05 0.000115058 0.000164106 0.000205947 0.000300958 0.000398986 0.000540521 0.000710874 0.00093887 0.00119919 0.00151469 0.00189956 0.00231422 0.00278214 0.0032591 0.00374339 0.00414799 0.00449524 0.00470702 0.00477514 0.00465559 0.00436585 0.00387022 0.00317887 0.00234146 0.00140167 0.00042593 -0.00054026 -0.00140047 -0.00215449 -0.00274094 -0.0031603 -0.00335098 -0.00338566 -0.00326546 -0.00305996 -0.00274969 -0.00241595 -0.00205399 -0.00172419 -0.00140362 -0.00114247 -0.000902696 -0.000707583 -0.000524258 -0.000391798 -0.000268616 -0.000163053 -3.82181e-05 6.58702e-05 0.0001818 0.000300685 0.000466966 0.000644298 0.000862906 0.00110081 0.00139851 0.00171082 0.00206208 0.00239801 0.00272628 0.00296611 0.00313486 0.00316631 0.00305958 0.00273159 0.00223294 0.00155702 0.000766084 -0.00015103 -0.00110015 -0.00204092 -0.00289905 -0.00363756 -0.00419145 -0.00454771 -0.00472992 -0.00472786 -0.00457187 -0.00427191 -0.00390313 -0.00344462 -0.0029798 -0.00251224 -0.00209652 -0.00170082 -0.00137649 -0.00110316 -0.000869326 -0.000685771 -0.000538507 -0.000433559 -0.000332261 -0.000285766 -0.000231743 -0.000203261 -0.000180764 -0.000170922 -0.000156331 -0.00014602 -0.000156808 -0.000137202 -0.00014142 -0.000133581 -0.000140389 -0.000140197 -0.000131341 -0.000126626 -0.000130079 -0.000152131 -0.000125168 -0.00012394 -0.000135248 -0.000131245 -0.000131736 -0.000127381 -0.000130905 -0.000115368 -0.000120884 -0.000127383 -0.00012146 -0.000124161 -0.00011795 -0.000123117 -0.000116172 -0.000120962 -0.000131218 -0.000115042 -0.000123059 -0.000120697 -0.000105825 -0.00011898 -0.00011629 -0.000111368 -0.000123955 -0.000116994 -0.000113231 -0.00012086 -0.000111586 -0.000113255 -0.000118402 -0.000110528 -0.000116074 -0.000115297 -0.000110934 -0.000116716 -0.000113795 -0.000114044 
0 6.08195e-06 1.26494e-06 8.23324e-06 1.05366e-05 1.21406e-07 9.8735e-06 3.76484e-06 6.47598e-07 1.9709e-05 8.33455e-06 2.04154e-05 2.90055e-05 9.40409e-06 2.40629e-05 1.47713e-05 8.74225e-06 2.52276e-05 2.2361e-05 2.84769e-05 2.94297e-05 3.49545e-05 2.43933e-05 2.76215e-05 4.84741e-05 2.49979e-05 4.41185e-05 4.64167e-05 1.78756e-05 4.07956e-05 4.30955e-05 4.42607e-05 5.0265e-05 5.45093e-05 4.97053e-05 4.32432e-05 6.5626e-05 6.90393e-05 6.53934e-05 4.73374e-05 5.7445e-05 8.31249e-05 6.33485e-05 6.06198e-05 7.19091e-05 7.86295e-05 7.69388e-05 8.76275e-05 9.4391e-05 9.95974e-05 0.000129827 0.000147915 0.000181773 0.000245757 0.000327986 0.000434552 0.000598547 0.000815847 0.00107934 0.00143392 0.00187645 0.00240048 0.00303435 0.00378887 0.00463122 0.00554462 0.00651354 0.00745139 0.0082804 0.00894865 0.00938531 0.00950637 0.00927976 0.00869462 0.00770944 0.00634194 0.00467321 0.00281737 0.000866162 -0.00103515 -0.00276722 -0.00424922 -0.00543856 -0.00625291 -0.00666462 -0.00672142 -0.00651146 -0.00608556 -0.00549551 -0.0048163 -0.00411712 -0.00344256 -0.00282116 -0.00228215 -0.00181632 -0.00141052 -0.00105803 -0.000776999 -0.000539737 -0.000313787 -7.73393e-05 0.000145053 0.000368039 0.000622026 0.00094139 0.00131112 0.00173592 0.00222861 0.00280632 0.00344623 0.00412679 0.00481097 0.00543854 0.00593283 0.00624151 0.00631675 0.00607116 0.00543716 0.00442088 0.00309419 0.00149587 -0.000308302 -0.00221146 -0.00406847 -0.00578506 -0.00724406 -0.00835114 -0.00906659 -0.00942531 -0.00943336 -0.00911338 -0.00853881 -0.00778418 -0.00689778 -0.00595294 -0.00504316 -0.0041933 -0.00342107 -0.00276134 -0.00221479 -0.00174974 -0.00137151 -0.00108797 -0.000855306 -0.00067548 -0.00055521 -0.000467371 -0.000395231 -0.000355929 -0.000336371 -0.000307622 -0.00030286 -0.000295 -0.000284395 -0.000288031 -0.000292565 -0.000274349 -0.000263469 -0.000288814 -0.000278844 -0.000262913 -0.000253502 -0.00025976 -0.000273047 -0.000255723 -0.000248733 -0.000249385 -0.000256269 -0.00024522 -0.000258483 -0.000266682 -0.000232082 -0.000251685 -0.000250106 -0.00023631 -0.000252159 -0.000242952 -0.000235864 -0.000229488 -0.000237593 -0.000232935 -0.000233989 -0.00025178 -0.000231454 -0.000238611 -0.000238136 -0.000220651 -0.00023596 -0.000227137 -0.000228904 -0.000235121 -0.000226754 -0.000233446 -0.000227055 -0.000229569 -0.000230695 -0.000225222 -0.000231687 -0.000225153 -0.000228925 
0 -5.559e-06 8.23324e-06 -1.94137e-06 6.79511e-06 1.481e-05 7.24463e-06 2.27721e-05 1.89221e-05 1.30934e-05 2.36756e-05 1.33794e-05 1.60539e-05 2.94053e-05 2.41757e-05 3.41406e-05 4.28496e-05 3.08755e-05 3.81304e-05 3.85336e-05 3.17066e-05 4.58402e-05 4.49029e-05 4.70208e-05 4.92375e-05 4.69591e-05 5.59784e-05 5.41088e-05 6.80643e-05 7.23286e-05 6.31259e-05 6.66097e-05 6.97822e-05 7.21673e-05 7.08148e-05 9.12377e-05 7.67361e-05 6.66238e-05 9.68139e-05 9.61076e-05 9.88453e-05 9.50548e-05 0.000104276 0.000112124 0.000118978 0.000119777 0.000114624 0.000142947 0.000138217 0.000155643 0.000183495 0.000219881 0.000272378 0.000360755 0.000492623 0.000649535 0.000907589 0.00122187 0.00163726 0.00216229 0.00283083 0.00362125 0.00457245 0.00570214 0.00695294 0.00832756 0.00975078 0.0111512 0.0123711 0.0133688 0.0139979 0.0141807 0.0138357 0.0129567 0.0114873 0.00945746 0.00698893 0.00422571 0.00134147 -0.00149008 -0.00405893 -0.006283 -0.00804192 -0.00927393 -0.00989666 -0.0100193 -0.00971243 -0.00910277 -0.00822973 -0.0072411 -0.0061964 -0.00520111 -0.00426672 -0.00346395 -0.00275399 -0.00214876 -0.00161392 -0.00119087 -0.000820223 -0.000480876 -0.000122338 0.000210465 0.000558983 0.00094242 0.00142746 0.00197856 0.00262672 0.003362 0.00423188 0.00517801 0.00619721 0.00719682 0.00812638 0.00884008 0.00929655 0.009373 0.0089955 0.00802932 0.00652752 0.00453413 0.00216287 -0.000526915 -0.00333799 -0.00610401 -0.00864091 -0.0108055 -0.0124486 -0.013521 -0.0140573 -0.0140647 -0.0136035 -0.0127452 -0.0116324 -0.0103064 -0.00892004 -0.00755101 -0.00629188 -0.00513528 -0.00415333 -0.00332847 -0.00263343 -0.00207518 -0.00163632 -0.00130088 -0.0010234 -0.000850618 -0.000706301 -0.000610188 -0.00054551 -0.000508458 -0.000470942 -0.000449608 -0.000452825 -0.000424659 -0.00042353 -0.000415438 -0.000417044 -0.000412325 -0.000404049 -0.000394784 -0.000397821 -0.000418409 -0.000388001 -0.000385606 -0.000395566 -0.000389428 -0.00038808 -0.00038426 -0.000381208 -0.000365213 -0.000371731 -0.000372247 -0.000368953 -0.00036961 -0.000359925 -0.00036583 -0.000357655 -0.000362209 -0.000371191 -0.00035578 -0.000360535 -0.000356309 -0.000342044 -0.000351258 -0.000350461 -0.000344883 -0.000356063 -0.000350703 -0.000344229 -0.000352659 -0.000342086 -0.000342885 -0.000349048 -0.000338565 -0.000345828 -0.00034369 -0.00033957 -0.000346301 -0.000337658 -0.000343462 
0 1.35642e-06 1.05366e-05 6.79511e-06 9.81744e-06 1.41613e-05 1.15178e-05 1.85755e-05 1.99868e-05 2.15574e-05 2.97864e-05 2.92466e-05 3.23039e-05 3.69456e-05 3.41432e-05 3.81747e-05 4.23032e-05 4.2031e-05 4.9647e-05 5.28422e-05 5.34692e-05 5.97719e-05 5.96638e-05 6.35296e-05 6.81664e-05 6.94198e-05 7.48946e-05 7.46251e-05 7.77898e-05 8.26442e-05 8.51737e-05 9.07331e-05 9.64416e-05 9.93172e-05 9.96502e-05 0.000110187 0.000111645 0.00011336 0.000123547 0.000121203 0.000126846 0.000133412 0.000137183 0.000140768 0.000149092 0.000155457 0.0001603 0.000179373 0.000188957 0.000212078 0.000250468 0.000301027 0.000376973 0.000496189 0.000666557 0.000894261 0.0012244 0.00165246 0.00220579 0.00291188 0.00379341 0.00485445 0.00612324 0.00761071 0.00927471 0.0110851 0.012961 0.0147853 0.0164012 0.0176951 0.018517 0.0187449 0.0182921 0.0171153 0.0151774 0.0125173 0.00928005 0.00565495 0.00186791 -0.00184324 -0.00524028 -0.00817347 -0.0105053 -0.0121347 -0.0130055 -0.0132025 -0.0128413 -0.0120528 -0.0109405 -0.00964915 -0.00829171 -0.00697141 -0.0057455 -0.00466435 -0.0037192 -0.0028994 -0.00219315 -0.00160899 -0.00110585 -0.000635916 -0.000165882 0.000293236 0.000766346 0.00129919 0.0019404 0.00268782 0.00355211 0.00454657 0.00569099 0.00695045 0.00828053 0.00959206 0.0107827 0.011712 0.012276 0.0123449 0.0117941 0.01051 0.00851369 0.00588269 0.00273876 -0.000791052 -0.00448709 -0.00811802 -0.0114508 -0.0142863 -0.0164529 -0.0178836 -0.0185926 -0.0186134 -0.0180139 -0.0169051 -0.0154312 -0.0137041 -0.0118782 -0.0100788 -0.00840096 -0.00688022 -0.00556879 -0.00446252 -0.00353952 -0.0027909 -0.00220162 -0.00174245 -0.00138499 -0.00113446 -0.00094728 -0.00081544 -0.000727946 -0.00067322 -0.000629974 -0.000604249 -0.000593299 -0.000574963 -0.000569982 -0.000562921 -0.000555343 -0.000549799 -0.000548217 -0.000540252 -0.000532637 -0.00053445 -0.000523354 -0.000521721 -0.000520542 -0.000512383 -0.000509294 -0.000507432 -0.000505889 -0.000501599 -0.000501358 -0.000496174 -0.000492997 -0.000491998 -0.000486993 -0.000488239 -0.000482473 -0.000478923 -0.000479285 -0.000472707 -0.000474407 -0.000475168 -0.000470633 -0.000472686 -0.000470297 -0.000465019 -0.000466745 -0.000463418 -0.000460831 -0.000463907 -0.000459757 -0.000460105 -0.000461131 -0.000457042 -0.000459479 -0.000456483 -0.000456383 -0.000460085 -0.000454427 -0.000456795 
0 8.23339e-06 1.21406e-07 1.481e-05 1.41613e-05 1.16007e-05 2.64597e-05 1.63471e-05 2.21341e-05 3.56182e-05 2.52346e-05 4.05328e-05 4.65892e-05 3.57329e-05 5.2216e-05 4.84829e-05 4.39825e-05 6.21407e-05 5.83015e-05 6.29845e-05 7.33366e-05 7.07985e-05 7.39184e-05 7.72609e-05 8.81789e-05 8.60278e-05 9.14164e-05 0.000103964 8.98218e-05 0.000101035 0.000112222 0.000112675 0.000119121 0.000124002 0.000132949 0.000120385 0.000141991 0.00015731 0.000144591 0.000149983 0.000155256 0.000177103 0.000170635 0.000175145 0.000185385 0.00019442 0.000212275 0.000212608 0.000244926 0.0002671 0.000317419 0.000381225 0.000482613 0.000635426 0.000841827 0.00115188 0.0015484 0.00210052 0.00279153 0.00368566 0.00477863 0.00611451 0.0077017 0.00953588 0.0116093 0.0138345 0.0161463 0.0183617 0.0203585 0.0219186 0.022919 0.0231772 0.0226162 0.0211416 0.0187511 0.0154961 0.0115306 0.00709534 0.00245133 -0.00208831 -0.00628845 -0.00990132 -0.0127974 -0.0148163 -0.0159637 -0.0162601 -0.015884 -0.0149415 -0.0136297 -0.0120586 -0.0104166 -0.00878102 -0.00727732 -0.00591233 -0.00473178 -0.00368958 -0.00281273 -0.00205409 -0.00140968 -0.000797443 -0.000216673 0.000379056 0.000985071 0.00168146 0.00247898 0.00343033 0.00451197 0.00577325 0.00718231 0.00874877 0.0103662 0.0119702 0.0133851 0.0145066 0.0151405 0.0151761 0.0144186 0.0128178 0.0103299 0.00708622 0.00318843 -0.00113501 -0.00567378 -0.0101174 -0.0142054 -0.0176707 -0.02034 -0.0221219 -0.0230007 -0.0230425 -0.0223153 -0.0209813 -0.0191589 -0.0170609 -0.0148116 -0.0126047 -0.010512 -0.00864182 -0.00700118 -0.00561399 -0.00446474 -0.00352404 -0.00278613 -0.00219611 -0.00176673 -0.00142824 -0.00120268 -0.00103068 -0.000920661 -0.000843918 -0.00079309 -0.000766279 -0.000730853 -0.000727482 -0.000710437 -0.000709233 -0.000690506 -0.000681603 -0.000687947 -0.000680562 -0.000671126 -0.000647322 -0.000665175 -0.000661325 -0.000643474 -0.000642459 -0.000637524 -0.00063722 -0.000625444 -0.000636308 -0.000628166 -0.000612336 -0.000620123 -0.000612519 -0.000610775 -0.000607528 -0.000607634 -0.000600571 -0.000589986 -0.000601605 -0.000590371 -0.000588845 -0.000600894 -0.000583136 -0.000585764 -0.000589352 -0.000573809 -0.000582118 -0.000581813 -0.000572638 -0.000581016 -0.000575935 -0.000571004 -0.000577278 -0.000572199 -0.000571316 -0.000572833 -0.000569333 -0.000571609 -0.000570289 
0 -1.29486e-06 9.8735e-06 7.24463e-06 1.15178e-05 2.64597e-05 1.88123e-05 3.16362e-05 4.09544e-05 2.66027e-05 4.47394e-05 3.85302e-05 3.40709e-05 5.91062e-05 5.00396e-05 6.35556e-05 7.61587e-05 6.63835e-05 7.38669e-05 7.42579e-05 7.9469e-05 7.86667e-05 9.63686e-05 0.000100621 8.58095e-05 0.00011539 0.000102897 0.00010668 0.000139818 0.000126786 0.000132847 0.000134876 0.000140194 0.000142675 0.000152375 0.000171648 0.00015785 0.000160791 0.000171444 0.000200919 0.000200195 0.000184004 0.000212636 0.000223862 0.000230006 0.000233954 0.000252066 0.000266518 0.000291823 0.000333345 0.000375965 0.000469014 0.000593645 0.000774411 0.00103573 0.00140892 0.00190164 0.00255475 0.00341214 0.00447651 0.00579828 0.00740327 0.00930507 0.0114879 0.013943 0.0165837 0.0192806 0.0218846 0.0242055 0.0260299 0.027164 0.0274585 0.0267688 0.0250121 0.0221858 0.0183738 0.0137372 0.00854152 0.00311575 -0.00221652 -0.00715762 -0.0114428 -0.0148611 -0.0172964 -0.0187155 -0.0191728 -0.0187954 -0.0177661 -0.0162686 -0.0144773 -0.0125551 -0.0106476 -0.0088548 -0.00722788 -0.00578804 -0.00453851 -0.00346673 -0.0025408 -0.00172433 -0.000977076 -0.000261943 0.00046216 0.00123114 0.00208525 0.00306397 0.00420547 0.00552888 0.0070392 0.00872792 0.0105641 0.0124682 0.0143107 0.0159391 0.0171889 0.0178795 0.0178183 0.0168542 0.0149018 0.0119581 0.00810056 0.00350648 -0.00158406 -0.00689113 -0.0121028 -0.0168825 -0.0209408 -0.0240849 -0.0262018 -0.0272605 -0.0273169 -0.0264981 -0.0249393 -0.0228211 -0.0203526 -0.0177326 -0.015115 -0.0126425 -0.0104161 -0.00845986 -0.006792 -0.00540871 -0.00428922 -0.00338051 -0.00268253 -0.00215213 -0.00175001 -0.00146018 -0.00126179 -0.00112295 -0.001018 -0.000965055 -0.000916322 -0.000889978 -0.000871883 -0.000849977 -0.000834486 -0.000836324 -0.000837115 -0.000800019 -0.000801983 -0.000810193 -0.000808427 -0.000791455 -0.000772462 -0.000785462 -0.000779943 -0.000774544 -0.000762027 -0.000763129 -0.000746863 -0.00073346 -0.000760951 -0.000734945 -0.000731383 -0.000739912 -0.000718499 -0.000724594 -0.000727028 -0.000727874 -0.000716201 -0.0007174 -0.000712467 -0.000692203 -0.00071049 -0.000698892 -0.000696075 -0.00071157 -0.000691343 -0.000698893 -0.000696841 -0.000686273 -0.000695967 -0.000687323 -0.00068824 -0.000689134 -0.000685688 -0.000687428 -0.00068296 -0.000686682 -0.000684182 
0 1.24235e-05 3.76484e-06 2.27721e-05 1.85755e-05 1.63471e-05 3.16362e-05 2.27231e-05 3.44107e-05 4.40393e-05 4.24058e-05 5.96229e-05 6.09273e-05 5.91907e-05 6.69162e-05 6.39007e-05 6.56752e-05 7.91849e-05 8.42134e-05 9.16293e-05 0.000103428 0.000100157 0.000106313 0.000111288 0.000116325 0.000129265 0.000126809 0.000136552 0.000135274 0.000133251 0.000154934 0.000162398 0.00016654 0.000176906 0.00018492 0.000176204 0.000198688 0.000220692 0.000203753 0.000213199 0.000220862 0.000235484 0.000245148 0.000247063 0.00025461 0.000274271 0.000300421 0.000303408 0.000348948 0.000394875 0.000458143 0.000565382 0.000721064 0.000938553 0.00124778 0.00169993 0.00227063 0.00305061 0.00405001 0.00530488 0.00684238 0.00872065 0.0109289 0.0134479 0.0162785 0.0192935 0.0223673 0.0253063 0.0279385 0.0299756 0.0312422 0.0315404 0.0307304 0.0286942 0.0254656 0.0211395 0.0158886 0.010012 0.00386389 -0.00218468 -0.00783089 -0.0127311 -0.0166732 -0.0195056 -0.0212381 -0.0218699 -0.0215602 -0.0204715 -0.0188547 -0.016863 -0.014715 -0.0125419 -0.0104916 -0.00858925 -0.00690514 -0.0054276 -0.00416768 -0.00304814 -0.00206127 -0.00115294 -0.000306322 0.000571673 0.0015022 0.00254103 0.00369636 0.00505 0.00660341 0.00837992 0.0103239 0.0124292 0.0145723 0.0166382 0.0184196 0.0197732 0.0204518 0.020277 0.0190586 0.0167664 0.0133544 0.00893181 0.00366606 -0.00212165 -0.00814824 -0.0140492 -0.0194688 -0.0240724 -0.0276609 -0.030103 -0.0313354 -0.0314345 -0.030527 -0.028792 -0.0263918 -0.0236083 -0.020624 -0.0176415 -0.0147916 -0.0122271 -0.00995466 -0.00800626 -0.00639223 -0.00507343 -0.00401067 -0.0031752 -0.00255867 -0.00206942 -0.00172917 -0.00148674 -0.00131816 -0.00119507 -0.00112872 -0.00107879 -0.00102939 -0.00102356 -0.00100391 -0.000988701 -0.000971526 -0.000967083 -0.000959997 -0.000956654 -0.000940058 -0.000912511 -0.000931309 -0.000923261 -0.000902677 -0.000898304 -0.000893563 -0.000884736 -0.000885049 -0.000891594 -0.000873679 -0.000870568 -0.000864784 -0.000858473 -0.000862375 -0.000851445 -0.00085069 -0.000839967 -0.000828989 -0.000834011 -0.000829372 -0.000829271 -0.000835343 -0.000827233 -0.000820266 -0.0008232 -0.000810647 -0.00081044 -0.000816472 -0.000803293 -0.000811658 -0.000808575 -0.00080004 -0.000810317 -0.000797572 -0.000802553 -0.000807176 -0.000794931 -0.000806705 -0.000797514 
0 8.93726e-06 6.47598e-07 1.89221e-05 1.99868e-05 2.21341e-05 4.09544e-05 3.44107e-05 4.23669e-05 5.10416e-05 4.48299e-05 5.79171e-05 6.13735e-05 6.38148e-05 7.9779e-05 8.21425e-05 8.74238e-05 9.67266e-05 9.49719e-05 0.000100615 0.00010823 0.000111601 0.000122263 0.000127089 0.000133313 0.000141247 0.00014397 0.000157857 0.000165017 0.000168911 0.000179263 0.00018287 0.000184731 0.000196475 0.000209989 0.000206772 0.000221085 0.000232398 0.000232155 0.000253352 0.000260424 0.000267895 0.00028065 0.000293667 0.000302491 0.000320081 0.0003432 0.000355611 0.000404409 0.000457102 0.000533109 0.000660043 0.000845337 0.00110224 0.00147035 0.00199367 0.00266467 0.0035671 0.00472334 0.00616686 0.00793479 0.010081 0.012592 0.0154455 0.0186253 0.0219952 0.0254043 0.0286537 0.0315405 0.0337668 0.0351273 0.0354162 0.0344678 0.0321702 0.0285646 0.023768 0.0179674 0.011483 0.00469314 -0.00201199 -0.00829326 -0.0137747 -0.0182103 -0.0214543 -0.0235049 -0.0243595 -0.0241556 -0.023076 -0.0213768 -0.0192422 -0.0168958 -0.014498 -0.0121942 -0.0100347 -0.00809626 -0.0063951 -0.00492496 -0.00360949 -0.00243044 -0.0013566 -0.000352526 0.000684034 0.00179781 0.00302404 0.0043789 0.00594253 0.00773828 0.00976693 0.0119673 0.0143072 0.0166668 0.0189034 0.0208053 0.0221969 0.0228236 0.0224818 0.0209987 0.0183439 0.0144846 0.00951989 0.00364641 -0.00278586 -0.00945339 -0.015972 -0.0219589 -0.0270592 -0.031056 -0.0337973 -0.0352079 -0.0353556 -0.0343877 -0.032492 -0.0298601 -0.0267829 -0.023475 -0.0201449 -0.0169495 -0.0140492 -0.0114716 -0.00925045 -0.00740146 -0.00588815 -0.0046653 -0.00370371 -0.00298392 -0.00242104 -0.00201935 -0.00173532 -0.00153406 -0.00138851 -0.0013027 -0.00124276 -0.00118828 -0.00116918 -0.00114296 -0.00112534 -0.00111366 -0.00110267 -0.00108621 -0.00108128 -0.00107841 -0.00105851 -0.00106126 -0.00105091 -0.00103711 -0.00103858 -0.00103191 -0.00101984 -0.00101111 -0.00100759 -0.000995963 -0.000993758 -0.000990073 -0.000980231 -0.000978279 -0.000969643 -0.000969021 -0.000968059 -0.000960773 -0.000962569 -0.000954074 -0.000944797 -0.000946737 -0.000937573 -0.000934926 -0.000940431 -0.000930214 -0.000932175 -0.000933003 -0.000921817 -0.000928288 -0.000921996 -0.000918034 -0.000926574 -0.000914337 -0.000917151 -0.000918275 -0.000908376 -0.000918621 -0.000913429 
0 4.46823e-07 1.9709e-05 1.30934e-05 2.15574e-05 3.56182e-05 2.66027e-05 4.40393e-05 5.10416e-05 4.65196e-05 6.78678e-05 6.33181e-05 6.48461e-05 8.47515e-05 7.77404e-05 8.89292e-05 0.000102968 9.94331e-05 0.000110241 0.000117866 0.000122273 0.000126773 0.000140416 0.000148409 0.000142982 0.000164478 0.000165343 0.000163429 0.000190593 0.00019027 0.000195475 0.000205684 0.00021554 0.000222737 0.0002266 0.000253862 0.000250319 0.00025076 0.000268566 0.000287249 0.000298269 0.000288227 0.000316271 0.000330022 0.000342254 0.000359812 0.000378901 0.0004184 0.000456184 0.000531677 0.000618387 0.000773955 0.000987802 0.00128836 0.00172464 0.00230839 0.0030985 0.00411211 0.00543625 0.00706055 0.00906869 0.0114716 0.014278 0.0174601 0.0209587 0.024663 0.0283637 0.0318987 0.0349816 0.0373756 0.0387912 0.0390595 0.0379585 0.0354238 0.031473 0.0262555 0.019978 0.0129651 0.00562235 -0.0016721 -0.00850728 -0.0145312 -0.019426 -0.0230956 -0.0254645 -0.0265906 -0.026532 -0.0255357 -0.0237953 -0.0215826 -0.0190699 -0.0164935 -0.0139441 -0.0115518 -0.00935246 -0.00743234 -0.00572781 -0.00421465 -0.00282274 -0.00157722 -0.000384782 0.000817899 0.00213642 0.00355264 0.00513289 0.00690628 0.00895548 0.0112181 0.0136737 0.0162108 0.0187614 0.0211105 0.0230971 0.024456 0.0249895 0.0244263 0.0226718 0.0196318 0.0153486 0.0098669 0.00345789 -0.00356166 -0.0107867 -0.0178496 -0.0243284 -0.029877 -0.0342461 -0.037261 -0.0388573 -0.0390647 -0.0380722 -0.0360368 -0.0332309 -0.0298865 -0.0263012 -0.0226427 -0.0191376 -0.0159047 -0.0130317 -0.0105434 -0.00845137 -0.00674386 -0.00534715 -0.00426635 -0.0034193 -0.00279186 -0.00231407 -0.0019871 -0.00174905 -0.00158068 -0.00147791 -0.00139607 -0.00135568 -0.00131316 -0.00129205 -0.00126523 -0.00126134 -0.00125227 -0.00122037 -0.00121745 -0.0012124 -0.00121143 -0.00118303 -0.00117317 -0.00117877 -0.00116329 -0.00115619 -0.00114546 -0.00114565 -0.0011266 -0.00112172 -0.00113194 -0.00110819 -0.00110737 -0.00110629 -0.00109233 -0.0010898 -0.00108808 -0.00108512 -0.00107127 -0.00107491 -0.00107032 -0.00105467 -0.0010679 -0.00105733 -0.00104861 -0.00106052 -0.00104374 -0.00104311 -0.00104909 -0.00103586 -0.00104043 -0.00103836 -0.00103099 -0.00103716 -0.00103239 -0.00103068 -0.00103451 -0.00102842 -0.00102972 
0 1.19706e-05 8.33455e-06 2.36756e-05 2.97864e-05 2.52346e-05 4.47394e-05 4.24058e-05 4.48299e-05 6.78678e-05 5.87368e-05 7.49105e-05 9.14355e-05 7.96539e-05 9.82895e-05 9.87999e-05 9.72414e-05 0.000114839 0.000121777 0.000132128 0.000137923 0.000153688 0.000147597 0.000153465 0.000180843 0.00016676 0.000190708 0.000201994 0.000188543 0.000208547 0.000215855 0.000235092 0.000238173 0.000253488 0.00026415 0.000254552 0.000283101 0.000300453 0.000311853 0.000297707 0.000315396 0.000350699 0.000348149 0.000362324 0.00037317 0.00040679 0.000429414 0.000466741 0.000520834 0.00059619 0.000723953 0.000885482 0.00114273 0.00149261 0.00199165 0.00265772 0.00354967 0.00470828 0.00617404 0.00801202 0.0102404 0.0129108 0.0159985 0.019496 0.0232974 0.0272881 0.0312674 0.0350188 0.0382797 0.0407724 0.042239 0.0424355 0.041198 0.0384258 0.0341778 0.0285827 0.0219027 0.0144485 0.00662954 -0.00115978 -0.00848871 -0.0149807 -0.0203325 -0.0243997 -0.0271252 -0.0285272 -0.0286952 -0.0278143 -0.0261211 -0.0238575 -0.0212561 -0.0185089 -0.0157659 -0.0131313 -0.0107057 -0.00853426 -0.00660602 -0.00485809 -0.00326757 -0.0018079 -0.000426515 0.000986657 0.00249728 0.00414045 0.00593759 0.00795721 0.0102317 0.0127428 0.0154086 0.018142 0.0208133 0.023253 0.02524 0.0265357 0.0268909 0.0260958 0.0240227 0.0206184 0.0158996 0.00996504 0.00306717 -0.00444789 -0.0121628 -0.0196794 -0.026578 -0.0325215 -0.0372145 -0.0404913 -0.0422526 -0.0425604 -0.0415437 -0.039431 -0.0364645 -0.0329233 -0.029069 -0.0251356 -0.021331 -0.017789 -0.0146278 -0.011871 -0.00955156 -0.0076233 -0.00607799 -0.00484534 -0.00389319 -0.00317323 -0.00263609 -0.00225118 -0.00196938 -0.00179091 -0.00165173 -0.00157031 -0.00150509 -0.00146713 -0.00144524 -0.00141892 -0.00139622 -0.00137246 -0.00138853 -0.00136373 -0.00133591 -0.00132539 -0.00132821 -0.00132668 -0.00129341 -0.00129242 -0.00128052 -0.00127588 -0.00126833 -0.00126584 -0.00126402 -0.00122979 -0.00124461 -0.0012366 -0.00121909 -0.00123104 -0.00121285 -0.00120264 -0.00119635 -0.00119768 -0.00118943 -0.00118733 -0.00119731 -0.00117281 -0.00117936 -0.00117714 -0.00115652 -0.00117417 -0.00116099 -0.0011545 -0.00116582 -0.00115061 -0.00115343 -0.00115402 -0.00114617 -0.00115104 -0.0011486 -0.00114593 -0.00114756 -0.00114517 
0 5.98839e-07 2.04154e-05 1.33794e-05 2.92466e-05 4.05328e-05 3.85302e-05 5.96229e-05 5.79171e-05 6.33181e-05 7.49105e-05 7.20448e-05 8.56261e-05 9.22407e-05 0.000102598 0.000117624 0.000123907 0.000132124 0.000133948 0.000139334 0.000144994 0.000156168 0.000168253 0.00017866 0.000188746 0.000189067 0.000206394 0.000211931 0.000224177 0.000249168 0.000240829 0.00024995 0.000262951 0.000266283 0.000282353 0.000304466 0.000307524 0.000303841 0.000333297 0.000349124 0.000365589 0.000374275 0.000380003 0.000410601 0.000431537 0.000448472 0.000472651 0.000529039 0.000582865 0.00067406 0.000817898 0.00101019 0.00130149 0.00171079 0.00227665 0.00302533 0.00404018 0.00533091 0.00696621 0.00900233 0.0114713 0.0143912 0.0177636 0.0215549 0.0256332 0.0298847 0.0340927 0.0380299 0.0414048 0.043973 0.0454339 0.0455527 0.0441554 0.0411777 0.0366553 0.0307467 0.0237303 0.0159204 0.00771292 -0.000487374 -0.00822329 -0.0151351 -0.0209019 -0.0253722 -0.0284484 -0.0301726 -0.0305987 -0.0299112 -0.0283098 -0.0260747 -0.0234179 -0.020558 -0.0176326 -0.0147973 -0.0121383 -0.0097287 -0.00754499 -0.00556816 -0.00375021 -0.00207413 -0.000459517 0.00116895 0.00290232 0.00476733 0.00681504 0.0090735 0.0115871 0.0143116 0.0171825 0.0200614 0.0228275 0.0252834 0.0272293 0.0283831 0.028525 0.0274434 0.0250501 0.0212651 0.0161427 0.00978875 0.00248126 -0.0054542 -0.0135708 -0.0214591 -0.0287046 -0.0349763 -0.03996 -0.0434609 -0.0453982 -0.0458041 -0.0448122 -0.0426387 -0.0395724 -0.0358593 -0.0317892 -0.0276016 -0.0235301 -0.0196976 -0.0162534 -0.0132444 -0.0106846 -0.00855347 -0.00683483 -0.0054695 -0.00439096 -0.00358667 -0.00297883 -0.00253568 -0.00221525 -0.0020046 -0.00184221 -0.00174027 -0.00167938 -0.00161835 -0.00158121 -0.00156085 -0.00154759 -0.00151684 -0.00150317 -0.00148687 -0.00148469 -0.00148263 -0.00144973 -0.00144056 -0.0014425 -0.0014344 -0.00141716 -0.00141491 -0.00139539 -0.00137701 -0.0013854 -0.00137031 -0.00136461 -0.0013567 -0.00134225 -0.00133957 -0.00133458 -0.00133554 -0.00133101 -0.00132485 -0.0013142 -0.00130668 -0.00129974 -0.00129312 -0.00129792 -0.0012877 -0.00128903 -0.00128762 -0.0012753 -0.00128319 -0.001271 -0.00127169 -0.00127816 -0.00126229 -0.00127212 -0.00126357 -0.00125572 -0.00126733 -0.00125365 -0.00126341 
0 7.52939e-08 2.90055e-05 1.60539e-05 3.23039e-05 4.65892e-05 3.40709e-05 6.09273e-05 6.13735e-05 6.48461e-05 9.14355e-05 8.56261e-05 9.85549e-05 0.000109524 0.000105967 0.000119999 0.00012433 0.000134646 0.000149132 0.000158342 0.00017215 0.0001764 0.000184246 0.000195441 0.000199737 0.000213046 0.000227421 0.000228989 0.000238756 0.00025537 0.000260016 0.000275533 0.00029939 0.000301142 0.000308818 0.000332768 0.000336635 0.000350452 0.000370353 0.000372062 0.000389286 0.000406136 0.000419911 0.000439907 0.000466183 0.00048711 0.000525282 0.00059019 0.000650554 0.000764929 0.000931029 0.00115809 0.0014872 0.00195902 0.00259324 0.00343397 0.00456749 0.00599608 0.0078021 0.0100382 0.0127415 0.0159074 0.0195536 0.023615 0.0279478 0.0324251 0.0368252 0.0408996 0.0443515 0.0469487 0.0483715 0.0483888 0.0468337 0.0436663 0.0389097 0.0327478 0.0254676 0.0173858 0.00887758 0.000362127 -0.00770277 -0.014969 -0.0211184 -0.0259724 -0.029412 -0.0314798 -0.0322129 -0.0317711 -0.0303329 -0.0281859 -0.0255337 -0.0226001 -0.0195336 -0.0165217 -0.0136486 -0.010995 -0.00854988 -0.0063286 -0.00427422 -0.00235672 -0.000486325 0.00138505 0.00335307 0.00545754 0.00776561 0.0102757 0.0130183 0.0159406 0.0189828 0.0219763 0.0247858 0.027205 0.0290411 0.0299996 0.0298757 0.0284798 0.0257448 0.0215882 0.0160831 0.00936309 0.00171236 -0.00655443 -0.0149894 -0.0231673 -0.0306892 -0.0372265 -0.0424586 -0.0461639 -0.0482728 -0.0487961 -0.0478604 -0.0456728 -0.042545 -0.0387101 -0.0344633 -0.0300601 -0.0257442 -0.021647 -0.01793 -0.0146714 -0.0118729 -0.0095347 -0.00763551 -0.00612545 -0.00491935 -0.00401687 -0.00333342 -0.00282453 -0.00246137 -0.00221605 -0.00203395 -0.00190742 -0.00184137 -0.00177631 -0.00173662 -0.00171153 -0.00168782 -0.00166728 -0.00165624 -0.00163716 -0.00161499 -0.00161319 -0.00159127 -0.0015771 -0.00157492 -0.00155114 -0.00153693 -0.00153862 -0.00152767 -0.00151395 -0.00151203 -0.00149987 -0.00148701 -0.00148712 -0.00147915 -0.00146861 -0.00146226 -0.00144916 -0.00144213 -0.00143599 -0.00143083 -0.00143387 -0.00142263 -0.00142233 -0.00141999 -0.00140324 -0.00141195 -0.00140041 -0.0013933 -0.00140639 -0.0013846 -0.00138885 -0.0013913 -0.00137252 -0.00139017 -0.0013819 -0.00137747 -0.00139187 -0.00137188 -0.00137865 
0 1.42797e-05 9.40409e-06 2.94053e-05 3.69456e-05 3.57329e-05 5.91062e-05 5.91907e-05 6.38148e-05 8.47515e-05 7.96539e-05 9.22407e-05 0.000109524 0.000109087 0.000126091 0.000136301 0.000138736 0.000150241 0.000162517 0.000167115 0.000174718 0.000197138 0.000194811 0.00020536 0.000232018 0.000223898 0.000244688 0.000263263 0.000260758 0.000277701 0.000287539 0.0003048 0.000309105 0.000324201 0.000346459 0.000342668 0.000361821 0.000386285 0.000405641 0.000401627 0.000419553 0.000458887 0.000460384 0.00048388 0.00050651 0.000539914 0.000584402 0.000641738 0.000727269 0.000848099 0.00104906 0.00130024 0.00168405 0.00221556 0.00292593 0.00387695 0.00512164 0.00671363 0.00868409 0.0111405 0.0140617 0.017486 0.0213855 0.0256965 0.0302604 0.0349227 0.0394801 0.0436308 0.0471325 0.0496924 0.0510539 0.0509296 0.0492285 0.0458694 0.0409269 0.0345624 0.0270917 0.0188135 0.0100925 0.00135938 -0.00696184 -0.0145089 -0.0210081 -0.0262106 -0.0300331 -0.0324484 -0.0335418 -0.0333793 -0.0321884 -0.0301751 -0.0276024 -0.0246238 -0.0214771 -0.018301 -0.0152493 -0.0123362 -0.009642 -0.00714679 -0.00485716 -0.00265876 -0.000525638 0.00162999 0.00383429 0.00621045 0.00877072 0.0115541 0.0144987 0.0176134 0.0207723 0.0238573 0.0266415 0.0289823 0.0306232 0.031348 0.0308977 0.0291765 0.0260682 0.0215644 0.0156956 0.00867444 0.000740946 -0.00776237 -0.0164312 -0.0248179 -0.0325433 -0.0392857 -0.0447111 -0.0486095 -0.0508697 -0.0515369 -0.0506702 -0.0485278 -0.0453576 -0.0414582 -0.037063 -0.0324881 -0.0279452 -0.0236098 -0.0196394 -0.0161273 -0.0131073 -0.0105505 -0.00848408 -0.00680789 -0.00549207 -0.0044746 -0.00371831 -0.00314405 -0.00272875 -0.00245179 -0.00223663 -0.00210182 -0.00200158 -0.00194031 -0.00189102 -0.0018605 -0.00182633 -0.00179664 -0.00180369 -0.00177302 -0.00174708 -0.00173745 -0.00173669 -0.00172048 -0.00169415 -0.00169551 -0.00167941 -0.00166837 -0.0016558 -0.00164945 -0.00164006 -0.00161345 -0.00162305 -0.00160889 -0.00158964 -0.00159833 -0.00158227 -0.00157212 -0.0015722 -0.00156669 -0.00155448 -0.00155109 -0.00155097 -0.0015311 -0.00153528 -0.00153362 -0.00151649 -0.00152732 -0.00151566 -0.00150703 -0.00151882 -0.00150394 -0.00150525 -0.00151001 -0.00149447 -0.00149965 -0.00149735 -0.0014876 -0.00149796 -0.00149383 
0 4.3454e-06 2.40629e-05 2.41757e-05 3.41432e-05 5.2216e-05 5.00396e-05 6.69162e-05 7.9779e-05 7.77404e-05 9.82895e-05 0.000102598 0.000105967 0.000126091 0.00012853 0.000141698 0.000158411 0.000165984 0.000172945 0.000181589 0.000196103 0.000195776 0.000218807 0.000235602 0.000230265 0.000257453 0.000259906 0.000266848 0.00029144 0.000304477 0.000318638 0.000317248 0.000342986 0.000348573 0.00035849 0.000395321 0.000398336 0.000405189 0.00041299 0.000454631 0.000472912 0.000471553 0.000496819 0.000521752 0.00056465 0.000582505 0.000636986 0.000708075 0.00080726 0.000958176 0.00116405 0.00147759 0.0018973 0.00250288 0.00329093 0.0043526 0.00572429 0.00746209 0.00963063 0.0122746 0.0154394 0.0190924 0.0232488 0.0277718 0.0325466 0.0373632 0.0420228 0.0462257 0.049714 0.0522188 0.0534531 0.0532006 0.0513226 0.0478134 0.0427009 0.0362142 0.0286041 0.0202163 0.0113664 0.00250747 -0.00598796 -0.0137576 -0.0205431 -0.0260831 -0.0302694 -0.033069 -0.0345278 -0.0347182 -0.0338111 -0.0320235 -0.02956 -0.0266198 -0.0234115 -0.0201362 -0.0168961 -0.0137636 -0.0107914 -0.00804163 -0.00546733 -0.00299619 -0.000549527 0.00188351 0.00437692 0.00701094 0.0098589 0.0128834 0.0160489 0.0193009 0.0225663 0.025666 0.0284026 0.0305768 0.0319867 0.0323983 0.0316126 0.0295208 0.0260515 0.0211964 0.0150203 0.00774333 -0.000394655 -0.00905303 -0.0178684 -0.0263814 -0.0342544 -0.0411241 -0.0467177 -0.0507656 -0.053202 -0.0539958 -0.0532609 -0.0511787 -0.0480345 -0.0440893 -0.0396091 -0.0348888 -0.030149 -0.0256059 -0.0213881 -0.0176473 -0.0143823 -0.0116376 -0.00936665 -0.00754342 -0.00609135 -0.00496544 -0.00411971 -0.00347329 -0.0030185 -0.00267636 -0.00245143 -0.00228365 -0.00218157 -0.00209892 -0.00203618 -0.00201149 -0.00198033 -0.0019585 -0.00191394 -0.00191257 -0.00190932 -0.00188487 -0.00185702 -0.00184005 -0.00185076 -0.00182202 -0.00181296 -0.0018019 -0.00178138 -0.00177132 -0.00176097 -0.00176635 -0.00173785 -0.00173175 -0.00172981 -0.00170534 -0.00171174 -0.0017055 -0.00169447 -0.0016859 -0.00167955 -0.00167072 -0.00165766 -0.00166693 -0.00165258 -0.00164494 -0.00165452 -0.00163395 -0.00163649 -0.00163764 -0.00162099 -0.00163044 -0.00162409 -0.00161525 -0.00162365 -0.00161318 -0.00161145 -0.00161717 -0.00160718 -0.0016116 
0 1.27999e-05 1.47713e-05 3.41406e-05 3.81747e-05 4.84829e-05 6.35556e-05 6.39007e-05 8.21425e-05 8.89292e-05 9.87999e-05 0.000117624 0.000119999 0.000136301 0.000141698 0.000147761 0.000163107 0.000166352 0.000187314 0.000201899 0.000213449 0.000227432 0.000232826 0.000242343 0.000251506 0.000272932 0.000280259 0.000297025 0.000311856 0.00030673 0.000337635 0.000351022 0.000366838 0.000390575 0.000394946 0.000407356 0.000420833 0.000453671 0.000464582 0.000475192 0.000487361 0.000510258 0.000550623 0.000558813 0.000592569 0.000636228 0.000699471 0.000776369 0.000893108 0.00106768 0.00130405 0.00166322 0.00213944 0.00280787 0.0036933 0.00486592 0.00636618 0.00826518 0.0106232 0.0134702 0.0168574 0.0207511 0.0251284 0.0298535 0.0348009 0.0397414 0.0444583 0.0486691 0.0521094 0.0545039 0.0555907 0.055177 0.0531361 0.0494731 0.044247 0.0376777 0.0300059 0.0215692 0.0126876 0.00378044 -0.00480713 -0.0127341 -0.0197476 -0.0255911 -0.0301367 -0.0333227 -0.0351753 -0.0357516 -0.035195 -0.033682 -0.0313984 -0.0285432 -0.0253393 -0.0219874 -0.0185967 -0.0152472 -0.0120196 -0.00899074 -0.0061254 -0.00334525 -0.000583273 0.00216391 0.00495621 0.00787997 0.0110009 0.0142719 0.0176287 0.0210051 0.0243191 0.0273934 0.0300147 0.0319763 0.0330849 0.0331451 0.0319866 0.029516 0.0256779 0.020495 0.0140566 0.00658374 -0.00168574 -0.0104243 -0.0192926 -0.0278676 -0.0358108 -0.0427641 -0.0484646 -0.0526584 -0.055251 -0.0561998 -0.055609 -0.0536422 -0.0505537 -0.0466097 -0.0420837 -0.037254 -0.0323518 -0.0276148 -0.0231839 -0.0192056 -0.015717 -0.0127672 -0.0103049 -0.00831329 -0.00672831 -0.0054881 -0.00454051 -0.00382557 -0.00331167 -0.00292405 -0.00266845 -0.00247636 -0.00234986 -0.00226604 -0.00220862 -0.00215737 -0.00211546 -0.00210977 -0.00208016 -0.00205903 -0.00202905 -0.00201516 -0.00201168 -0.00199073 -0.00196835 -0.00194546 -0.0019451 -0.00192338 -0.00192089 -0.00191427 -0.00188434 -0.00188383 -0.00187055 -0.00186398 -0.00185894 -0.00184685 -0.00183302 -0.0018179 -0.00181414 -0.00180075 -0.00180342 -0.00179757 -0.00178563 -0.0017882 -0.00177187 -0.00177072 -0.00176577 -0.00175699 -0.00176267 -0.00174902 -0.00174855 -0.00174443 -0.00173324 -0.00174038 -0.00173256 -0.00173534 -0.00173918 -0.00172974 -0.0017353 -0.00172659 
0 2.14837e-05 8.74225e-06 4.28496e-05 4.23032e-05 4.39825e-05 7.61587e-05 6.56752e-05 8.74238e-05 0.000102968 9.72414e-05 0.000123907 0.00012433 0.000138736 0.000158411 0.000163107 0.0001861 0.000185284 0.000200904 0.000212147 0.000208615 0.000240053 0.000246597 0.000259225 0.000285585 0.000288704 0.000299641 0.000318722 0.000337077 0.000341756 0.00036572 0.000379732 0.000374544 0.000406885 0.000422235 0.000435329 0.000460119 0.000470957 0.00049297 0.000515285 0.000536296 0.000557597 0.000586047 0.000608329 0.000640649 0.000700752 0.000754908 0.000843433 0.000986132 0.0011763 0.00145146 0.0018502 0.00239742 0.00313008 0.00412497 0.00541267 0.00705092 0.00912373 0.0116697 0.0147295 0.0183294 0.0224624 0.0270338 0.0319447 0.0370282 0.0420572 0.0467883 0.0509646 0.0543151 0.0565526 0.0574661 0.0568658 0.0546648 0.0508541 0.0455581 0.0389475 0.0312806 0.0228596 0.0140325 0.00515102 -0.00345097 -0.0114681 -0.0186475 -0.0247563 -0.0296441 -0.0332137 -0.0354766 -0.0364699 -0.0363144 -0.0351254 -0.0330854 -0.0303731 -0.0272338 -0.0238383 -0.0203303 -0.0167818 -0.0133186 -0.00999728 -0.00682587 -0.00371117 -0.000626369 0.00246039 0.00557016 0.00880547 0.012189 0.015696 0.0192177 0.0226947 0.0260048 0.0290006 0.0314433 0.0331416 0.0338934 0.0335637 0.0320054 0.0291498 0.0249482 0.0194642 0.0128137 0.00520621 -0.00312265 -0.01187 -0.0207068 -0.029276 -0.0372198 -0.0442103 -0.0499672 -0.0542914 -0.0570281 -0.0581502 -0.0577199 -0.0559092 -0.0529115 -0.0490089 -0.0444736 -0.0395696 -0.0345392 -0.0296258 -0.0250083 -0.0207977 -0.017099 -0.0139369 -0.0112918 -0.00912301 -0.00740307 -0.00604558 -0.00499196 -0.00420984 -0.00362616 -0.00319627 -0.00289653 -0.00269258 -0.00253378 -0.00243213 -0.00237162 -0.00230998 -0.00227089 -0.0022419 -0.00221431 -0.00219309 -0.0021769 -0.00215498 -0.00213546 -0.00212774 -0.00210151 -0.00209849 -0.00209044 -0.00205538 -0.00205113 -0.00204031 -0.00202123 -0.00201139 -0.00200465 -0.00198345 -0.00196646 -0.00197268 -0.00195247 -0.00195148 -0.00195208 -0.0019294 -0.00193062 -0.0019145 -0.0019089 -0.00190383 -0.00189176 -0.00190063 -0.00187793 -0.00187879 -0.00187986 -0.00185703 -0.00187782 -0.00186537 -0.00185768 -0.00187431 -0.00184503 -0.00185167 -0.00185218 -0.00183063 -0.00185498 -0.00184524 
0 6.21806e-06 2.52276e-05 3.08755e-05 4.2031e-05 6.21407e-05 6.63835e-05 7.91849e-05 9.67266e-05 9.94331e-05 0.000114839 0.000132124 0.000134646 0.000150241 0.000165984 0.000166352 0.000185284 0.000206676 0.000207404 0.000230578 0.000248382 0.000244524 0.000271095 0.000282268 0.000284796 0.000311559 0.000320651 0.000334771 0.000349127 0.000369348 0.000390627 0.000392751 0.000424574 0.000440907 0.000443796 0.000472884 0.000498427 0.000504308 0.000509679 0.000555743 0.000573024 0.000582718 0.000619214 0.00064676 0.00069789 0.000748623 0.000820555 0.000926795 0.00109172 0.00131071 0.00161557 0.00207709 0.00267629 0.00349782 0.00458824 0.00600039 0.0077823 0.0100233 0.0127676 0.0160227 0.0198504 0.0241857 0.0289533 0.0340105 0.0392108 0.0442844 0.0489981 0.053105 0.0563178 0.0583784 0.0590791 0.0582958 0.0559138 0.0519955 0.0466424 0.0400549 0.0324328 0.024112 0.0153993 0.0066248 -0.00192749 -0.00996222 -0.0172489 -0.0235813 -0.0287796 -0.0327314 -0.0354049 -0.036853 -0.037123 -0.0363207 -0.0345679 -0.0320811 -0.0290459 -0.0256674 -0.022057 -0.0183597 -0.0146602 -0.0110638 -0.00754914 -0.00410399 -0.000664436 0.00275813 0.00622727 0.00976656 0.0134251 0.0171268 0.0208072 0.0243334 0.0276109 0.0304508 0.032673 0.0340425 0.0344114 0.033647 0.031683 0.0284332 0.0238939 0.0181394 0.0113311 0.00365433 -0.00466814 -0.0133473 -0.0220909 -0.0305713 -0.0384709 -0.0454337 -0.0512309 -0.0556424 -0.0585418 -0.0598315 -0.0596045 -0.0579667 -0.0551149 -0.0512879 -0.0467839 -0.0418471 -0.0367169 -0.031666 -0.0268636 -0.0224576 -0.0185334 -0.0151762 -0.0123286 -0.00999039 -0.00811667 -0.00663253 -0.00547389 -0.00459904 -0.00395891 -0.00346312 -0.00313042 -0.00289317 -0.00272297 -0.00260272 -0.00252392 -0.00247036 -0.00242663 -0.00240143 -0.00235172 -0.00234143 -0.00233586 -0.00229634 -0.00227101 -0.00226346 -0.00225257 -0.00221712 -0.00221047 -0.00219886 -0.00217392 -0.00216713 -0.00215285 -0.00214656 -0.00212538 -0.0021173 -0.00211736 -0.00208941 -0.00208825 -0.00208133 -0.00205695 -0.00205639 -0.00205007 -0.00203504 -0.0020338 -0.00203046 -0.00201319 -0.00201272 -0.00201406 -0.00199691 -0.00200173 -0.00199812 -0.00197851 -0.001986 -0.00197657 -0.00196602 -0.00198105 -0.00197039 -0.00197003 -0.00198045 -0.00196168 -0.00196541 
