0 0 0 0 0 0 0 0 0 0 0 0 0 0 0 0 0 0 0 0 0 0 0 0 0 0 0 0 0 0 0 0 0 0 0 0 0 0 0 0 0 0 0 0 0 0 0 0 0 0 0 0 0 0 0 0 0 0 0 0 0 0 0 0 0 0 0 0 0 0 0 0 0 0 0 0 0 0 0 0 0 0 0 0 0 0 0 0 0 0 0 0 0 0 0 0 0 0 0 0 0 0 0 0 0 0 0 0 0 0 0 0 0 0 0 0 0 0 0 0 0 0 0 0 0 0 0 0 0 0 0 0 0 0 0 0 0 0 0 0 0 0 0 0 0 0 0 0 0 0 0 0 0 0 0 0 0 0 0 0 0 0 0 0 0 0 0 0 0 0 0 0 0 0 0 0 0 0 0 0 0 0 0 0 0 0 0 0 0 0 0 0 0 0 0 0 0 0 0 0 
0 -4.35468e-06 6.61155e-06 -6.64274e-06 1.23556e-06 6.62556e-06 -3.27277e-06 1.17981e-05 5.7477e-06 7.24097e-07 1.12699e-05 -2.55739e-06 1.04835e-06 8.86319e-06 -6.89119e-07 1.17333e-05 1.39272e-05 5.52938e-06 1.45405e-05 7.81658e-06 4.41207e-06 1.14398e-05 9.12778e-06 1.18164e-05 1.10772e-05 1.30844e-05 8.65387e-06 8.62582e-06 2.0124e-05 1.44032e-05 1.97902e-05 2.17075e-05 1.4997e-05 1.13596e-05 1.82672e-05 2.6293e-05 1.14627e-05 2.67667e-05 2.35489e-05 1.43819e-05 3.71947e-05 5.10974e-05 6.3694e-05 7.23213e-05 0.000119144 0.00017088 0.000242044 0.000328089 0.000442339 0.000616156 0.000800811 0.00104308 0.0013282 0.00167537 0.00205553 0.00248903 0.00294432 0.00338344 0.00380715 0.00413927 0.00437275 0.0044543 0.00439441 0.00412922 0.00369612 0.00307938 0.00230225 0.00141284 0.000477468 -0.00044002 -0.00130393 -0.00202736 -0.00262025 -0.00303096 -0.00327213 -0.00330749 -0.00322194 -0.00301479 -0.00274689 -0.00242451 -0.00210522 -0.00177865 -0.00148611 -0.00124161 -0.00104353 -0.000864504 -0.000710893 -0.000606185 -0.000524855 -0.000453631 -0.000379562 -0.000335943 -0.000293737 -0.000261442 -0.000215151 -0.000190165 -0.000156112 -0.000135468 -9.8253e-05 -7.88405e-05 -4.6216e-05 -2.76946e-05 9.16867e-06 2.97905e-05 6.31057e-05 8.53539e-05 0.000129967 0.000161064 0.000200872 0.000237435 0.00030543 0.000370747 0.000443953 0.000531951 0.000668862 0.000830911 0.00101142 0.00123097 0.00150249 0.00181278 0.00212572 0.00244893 0.00273367 0.00297002 0.00310151 0.00312848 0.00296334 0.00263111 0.00211318 0.00146128 0.000654187 -0.000222194 -0.00114028 -0.00203097 -0.00283791 -0.00349578 -0.00398355 -0.00430603 -0.00442739 -0.00440018 -0.00421665 -0.00392775 -0.00353246 -0.00311445 -0.00266562 -0.00223508 -0.00184738 -0.0014956 -0.00119502 -0.00094054 -0.000751065 -0.00057001 -0.00044291 -0.000340639 -0.000274824 -0.000226183 -0.000172895 -0.000147274 -0.000139074 -0.000141362 -0.000113107 -0.000116718 -0.000118289 -0.000105022 -0.000115225 -0.000114583 -0.000110864 -0.000100077 -0.000105888 -0.000104663 -0.000101049 -0.000109974 -0.000104139 -0.000103232 -0.000100151 -0.00010467 -0.000104704 -0.00010198 -0.000112324 -9.99982e-05 -9.85672e-05 -0.00010443 -9.0691e-05 -9.96704e-05 -0.000103956 -9.46893e-05 -0.000106402 -0.000101968 -9.48991e-05 -0.000104952 -9.5151e-05 -9.65813e-05 -0.000103205 -9.31537e-05 -0.000101051 -9.91979e-05 -9.40686e-05 -0.00010258 -9.62962e-05 -9.83536e-05 
0 6.61155e-06 -1.48003e-06 8.46406e-06 8.47452e-06 -1.79996e-06 1.01113e-05 -6.05672e-07 -5.75906e-07 1.4771e-05 1.31214e-06 1.83124e-05 2.05797e-05 7.63262e-06 2.26337e-05 7.35948e-06 7.09624e-06 1.52837e-05 1.19531e-05 1.95741e-05 2.15751e-05 2.80499e-05 1.39534e-05 2.56377e-05 2.85644e-05 1.23585e-05 4.46003e-05 2.60366e-05 1.90614e-05 3.55033e-05 1.62594e-05 2.6638e-05 3.61262e-05 4.24201e-05 3.26639e-05 3.65174e-05 4.41465e-05 3.94751e-05 5.88725e-05 6.33835e-05 7.77544e-05 7.62663e-05 0.000110435 0.000185143 0.000236222 0.000321528 0.000464959 0.000666137 0.00089898 0.00121552 0.00160787 0.00208516 0.00267666 0.00334877 0.00412244 0.00498164 0.00588759 0.00676866 0.00759475 0.00827001 0.00871324 0.00889314 0.00874813 0.00823715 0.0073583 0.00613795 0.00458823 0.00282168 0.000965901 -0.000869165 -0.00257346 -0.00403336 -0.00519783 -0.00603763 -0.00650096 -0.00660182 -0.00641839 -0.00602901 -0.00548344 -0.00485915 -0.00421129 -0.00357097 -0.00298236 -0.00249514 -0.00209301 -0.00173366 -0.00143099 -0.0012126 -0.00105232 -0.000900304 -0.000764107 -0.000663334 -0.00058902 -0.000510279 -0.000433499 -0.000367653 -0.000314027 -0.000256244 -0.00019904 -0.000143407 -9.41577e-05 -3.9949e-05 1.63005e-05 7.38317e-05 0.000125301 0.000186348 0.000258909 0.000335066 0.000402875 0.000490646 0.000612933 0.000752989 0.000893899 0.00108046 0.00134699 0.00167283 0.00203577 0.00247528 0.00301864 0.00362795 0.00425958 0.00488732 0.00546302 0.00591167 0.00618458 0.00620728 0.00589295 0.00520751 0.00419288 0.00287181 0.00128306 -0.000473977 -0.00229041 -0.00406351 -0.00566457 -0.00696881 -0.00794907 -0.00857397 -0.00883512 -0.00876145 -0.008416 -0.00782099 -0.00705367 -0.00620861 -0.00532496 -0.00446688 -0.00368249 -0.00299758 -0.00239194 -0.00189994 -0.0014841 -0.00114903 -0.000908078 -0.000708003 -0.000540884 -0.000429108 -0.000383311 -0.000319266 -0.00027299 -0.000247519 -0.000236563 -0.000238982 -0.00021977 -0.000224751 -0.000216822 -0.00020895 -0.000210121 -0.000225373 -0.000221674 -0.000204717 -0.000227215 -0.000201815 -0.000203266 -0.000222579 -0.000201538 -0.000210074 -0.000205276 -0.000198684 -0.000195844 -0.000202582 -0.00020691 -0.000199149 -0.000216524 -0.000200452 -0.000197983 -0.000206756 -0.000186789 -0.00020145 -0.000198298 -0.000193321 -0.000204935 -0.000194273 -0.000199064 -0.000198203 -0.000194581 -0.000199229 -0.000194858 -0.000196377 -0.000195892 -0.000196538 
0 -6.64274e-06 8.46406e-06 -4.86991e-06 5.01891e-06 1.15323e-05 2.45905e-06 2.01009e-05 1.3223e-05 9.81897e-06 1.99625e-05 5.91776e-06 1.13994e-05 1.92244e-05 1.26973e-05 2.66826e-05 3.03433e-05 2.32314e-05 3.2106e-05 2.57635e-05 2.21907e-05 3.15367e-05 2.90349e-05 3.45241e-05 3.51843e-05 3.53881e-05 3.55929e-05 3.3917e-05 4.80776e-05 4.71032e-05 5.03053e-05 5.54321e-05 4.87425e-05 4.41603e-05 5.40717e-05 6.55008e-05 5.12196e-05 7.05532e-05 7.31026e-05 6.86659e-05 0.000109239 0.00014408 0.000186842 0.000244828 0.000360818 0.000513848 0.000727011 0.000999372 0.001356 0.00184878 0.00242552 0.00314676 0.00401181 0.00503438 0.00618185 0.00746275 0.00880512 0.0101165 0.0113454 0.0123343 0.0130064 0.013257 0.0130486 0.0122775 0.0109802 0.00915517 0.00686335 0.00424586 0.0014877 -0.00123373 -0.00377341 -0.00594315 -0.00769673 -0.00894009 -0.00965614 -0.00981834 -0.00957801 -0.00900126 -0.0082139 -0.00728625 -0.00633231 -0.00537788 -0.00450914 -0.00377362 -0.00316324 -0.00262633 -0.00217435 -0.00184371 -0.00158878 -0.00136614 -0.0011592 -0.00101241 -0.000887331 -0.000777689 -0.000656285 -0.00056615 -0.000473367 -0.000396287 -0.000301871 -0.00022854 -0.000142693 -7.08834e-05 2.23404e-05 9.82391e-05 0.000187995 0.000271697 0.000387611 0.000491962 0.000607607 0.000735891 0.000923727 0.00112628 0.00135277 0.00163698 0.00203823 0.0025234 0.00307751 0.00374394 0.00455076 0.00546026 0.0063955 0.00733132 0.00816867 0.0088367 0.00921562 0.00923874 0.00874391 0.00773106 0.0061997 0.0042361 0.00186364 -0.000741258 -0.00344747 -0.00607505 -0.00844795 -0.0103968 -0.0118509 -0.0127922 -0.0131771 -0.0130884 -0.0125625 -0.0116968 -0.0105549 -0.00930195 -0.0079849 -0.00670962 -0.00554562 -0.00450374 -0.00360394 -0.00285118 -0.00225211 -0.00173486 -0.00134798 -0.00104661 -0.000829774 -0.000671296 -0.000541282 -0.000459901 -0.000419597 -0.000400796 -0.000354023 -0.000350668 -0.000345349 -0.00032752 -0.000337302 -0.000335053 -0.000326425 -0.000314919 -0.000319331 -0.000314167 -0.000314179 -0.000319898 -0.000312624 -0.000312675 -0.000305733 -0.00031181 -0.000311497 -0.00030843 -0.000318468 -0.000304592 -0.000301434 -0.000305262 -0.000291634 -0.000298972 -0.00030461 -0.000295108 -0.000305982 -0.00030279 -0.00029289 -0.000304066 -0.000293082 -0.000293286 -0.000301767 -0.000288846 -0.000298404 -0.000295867 -0.000290408 -0.000300228 -0.000288699 -0.000295734 
0 1.23556e-06 8.47452e-06 5.01891e-06 7.80579e-06 9.55536e-06 7.89382e-06 1.28772e-05 1.22689e-05 1.57625e-05 2.05683e-05 2.09609e-05 2.52686e-05 2.61098e-05 2.52732e-05 2.72985e-05 2.78008e-05 2.88867e-05 3.44128e-05 3.61932e-05 3.8786e-05 4.3644e-05 4.10424e-05 4.58113e-05 4.78751e-05 4.78572e-05 5.54763e-05 5.30001e-05 5.52619e-05 5.78192e-05 5.66344e-05 6.26206e-05 6.73385e-05 6.98238e-05 7.31106e-05 7.87565e-05 7.92234e-05 9.12942e-05 0.0001042 0.000115901 0.00014681 0.000182653 0.000246501 0.000347829 0.000488578 0.000685418 0.000968652 0.00134721 0.00183542 0.00247268 0.00325594 0.00421895 0.00537748 0.00672822 0.00825896 0.00994687 0.0117129 0.0134471 0.0150458 0.0163468 0.0172183 0.0175481 0.0172485 0.016238 0.0145161 0.0121097 0.00909917 0.00566643 0.00204166 -0.00154459 -0.00488026 -0.00776175 -0.0100793 -0.011741 -0.0126981 -0.012965 -0.0126723 -0.0119471 -0.0109235 -0.00972438 -0.00846377 -0.00721615 -0.00606891 -0.00508569 -0.00425601 -0.00354021 -0.00294265 -0.00248726 -0.00213307 -0.00182965 -0.00156295 -0.00135591 -0.0011859 -0.00103173 -0.000880497 -0.000751091 -0.000631181 -0.000519315 -0.000403519 -0.000296914 -0.000188582 -8.31509e-05 3.09101e-05 0.000140198 0.000255391 0.000377473 0.000520904 0.000666161 0.000821604 0.00100573 0.00124607 0.00151974 0.00183231 0.00222824 0.00275782 0.00340289 0.00415462 0.00505016 0.00611692 0.00730757 0.00854426 0.00975866 0.0108493 0.0116986 0.0121765 0.0121536 0.0114838 0.0101231 0.00809757 0.00548229 0.00236437 -0.00107276 -0.00462972 -0.00807981 -0.0111914 -0.0137599 -0.0156839 -0.0169166 -0.0174431 -0.0173253 -0.0166437 -0.0155 -0.0140166 -0.0123571 -0.0106284 -0.00894683 -0.00739862 -0.00602155 -0.00482801 -0.00382821 -0.00300925 -0.00233977 -0.00182374 -0.00142055 -0.00111445 -0.000896611 -0.000745315 -0.000634318 -0.000560806 -0.000516465 -0.000480191 -0.000467352 -0.00045459 -0.000442851 -0.000439337 -0.000434021 -0.000431224 -0.000431643 -0.000431076 -0.000424887 -0.000425772 -0.000420749 -0.000417813 -0.000420752 -0.000414163 -0.000414876 -0.00041161 -0.000406272 -0.000407885 -0.000405441 -0.000405664 -0.000407424 -0.000405316 -0.000403509 -0.000403071 -0.000398688 -0.000398048 -0.000398446 -0.00039487 -0.000398009 -0.000395802 -0.00039449 -0.000396924 -0.000392487 -0.000394932 -0.000392748 -0.000391785 -0.000396324 -0.000390251 -0.000393048 
0 6.62556e-06 -1.79996e-06 1.15323e-05 9.55536e-06 8.00025e-06 2.07389e-05 1.00801e-05 1.69102e-05 2.50497e-05 1.56063e-05 3.05389e-05 3.07488e-05 2.58477e-05 3.96364e-05 3.21963e-05 3.37482e-05 4.33459e-05 3.87403e-05 4.565e-05 5.058e-05 5.10342e-05 5.17108e-05 5.61452e-05 6.05525e-05 5.64379e-05 7.01724e-05 7.02382e-05 6.45161e-05 7.76156e-05 7.29838e-05 7.60247e-05 8.45965e-05 9.16807e-05 9.01852e-05 9.06672e-05 0.000109618 0.000106839 0.000126716 0.000156401 0.000183442 0.000231497 0.000313466 0.000454853 0.000623683 0.000877053 0.00123091 0.00171205 0.00233419 0.00311495 0.00411001 0.00530987 0.0067584 0.00843082 0.0103392 0.0124182 0.0145885 0.0167285 0.0186714 0.0202677 0.0213222 0.0217244 0.0213263 0.0200861 0.0179524 0.0149893 0.0112993 0.00709718 0.00265171 -0.00176018 -0.00585505 -0.00943184 -0.0122996 -0.0143804 -0.0155882 -0.0159922 -0.0156767 -0.0148373 -0.0136056 -0.0121625 -0.0106128 -0.00909058 -0.00767619 -0.00644425 -0.00538903 -0.00449276 -0.00375123 -0.00316192 -0.00270016 -0.00231069 -0.00198703 -0.00171389 -0.00149669 -0.00129364 -0.0011162 -0.000943666 -0.000798103 -0.000647519 -0.000513561 -0.00037004 -0.000241742 -9.88637e-05 3.27949e-05 0.000179221 0.000318336 0.00048314 0.00065042 0.00084037 0.00103747 0.00128426 0.00157435 0.00192348 0.00232965 0.00284846 0.00350614 0.00431334 0.00526976 0.00640004 0.00772 0.00917797 0.0107025 0.0121736 0.0134933 0.0144936 0.0150432 0.0149417 0.0140838 0.0123709 0.0098614 0.00660551 0.00277372 -0.00146178 -0.0058271 -0.0100575 -0.0138679 -0.0170317 -0.0194118 -0.0209266 -0.0216007 -0.0214613 -0.02064 -0.0192343 -0.017436 -0.0153861 -0.0132655 -0.011193 -0.00926773 -0.00755804 -0.00607053 -0.00482657 -0.00378281 -0.00295969 -0.00230373 -0.00179973 -0.00140949 -0.00112759 -0.000946491 -0.00080394 -0.000706938 -0.000638753 -0.000614726 -0.000585705 -0.000563736 -0.000563985 -0.00054819 -0.000542261 -0.000539261 -0.000544741 -0.000534712 -0.000529429 -0.000535599 -0.000520577 -0.000523488 -0.00052531 -0.000519006 -0.000517167 -0.000514916 -0.000513757 -0.000505113 -0.000512008 -0.000510158 -0.000501635 -0.000512541 -0.000501487 -0.000497816 -0.00050625 -0.000492766 -0.000498154 -0.000501157 -0.0004906 -0.000499206 -0.000494884 -0.000489643 -0.000497273 -0.000490836 -0.000491219 -0.000493202 -0.000488003 -0.000492624 -0.000490362 
0 -3.27277e-06 1.01113e-05 2.45905e-06 7.89382e-06 2.07389e-05 9.3541e-06 2.56084e-05 2.92363e-05 1.77337e-05 3.66451e-05 2.36945e-05 2.48706e-05 4.15418e-05 2.98504e-05 4.75379e-05 5.25532e-05 4.85321e-05 5.57282e-05 5.36256e-05 5.52346e-05 5.25983e-05 7.10585e-05 6.42522e-05 6.58845e-05 8.67777e-05 6.06137e-05 8.1345e-05 9.20477e-05 8.25131e-05 0.000103882 0.000100072 9.97264e-05 9.48421e-05 0.000112387 0.000119324 0.000119509 0.000141902 0.00014728 0.000176029 0.000215972 0.000306281 0.000405621 0.000531405 0.000769867 0.00109398 0.00152451 0.00208315 0.00284194 0.00379524 0.00498374 0.00643288 0.00814619 0.0101602 0.0124199 0.0148809 0.0174313 0.0199479 0.0222196 0.0240698 0.0253084 0.0257473 0.025269 0.0237838 0.0212723 0.01777 0.0134535 0.00853271 0.00331886 -0.00186022 -0.00668669 -0.010916 -0.0143381 -0.0168154 -0.0183114 -0.0188603 -0.0185819 -0.0176466 -0.0162623 -0.0145881 -0.0127891 -0.0110006 -0.00934057 -0.00785391 -0.00657272 -0.00549157 -0.00460184 -0.00387397 -0.00329012 -0.00281604 -0.00242381 -0.00209129 -0.00181141 -0.0015694 -0.00135098 -0.00114872 -0.000961814 -0.000786789 -0.00061786 -0.000452699 -0.000288358 -0.000123656 4.25328e-05 0.000211561 0.00039077 0.000584087 0.000790358 0.00101373 0.00126873 0.00156999 0.00192234 0.00234274 0.00285826 0.00350302 0.00429609 0.00526774 0.00643302 0.00780474 0.00936376 0.0110822 0.0128614 0.0145783 0.0160778 0.0172119 0.0177749 0.0175845 0.0164961 0.0144493 0.0114438 0.00758674 0.00305813 -0.00191851 -0.00704883 -0.0120051 -0.0164662 -0.0202002 -0.0230038 -0.0248099 -0.0256124 -0.0254841 -0.0245173 -0.0228929 -0.0207889 -0.018384 -0.0158861 -0.0134389 -0.0111617 -0.00910607 -0.00733916 -0.00583251 -0.00459879 -0.00359728 -0.00278745 -0.00217856 -0.00173025 -0.00139544 -0.00112199 -0.000966745 -0.000865797 -0.000790653 -0.000736895 -0.000697456 -0.000691087 -0.000666294 -0.000666716 -0.000664035 -0.000653733 -0.000637578 -0.000635479 -0.000646722 -0.000621519 -0.000641007 -0.000634425 -0.000612367 -0.000629817 -0.000617598 -0.000618858 -0.000622133 -0.000621144 -0.000611561 -0.000605892 -0.000611297 -0.000591831 -0.000606133 -0.000605406 -0.000593122 -0.000611862 -0.00059431 -0.000595534 -0.000601781 -0.000586554 -0.000597668 -0.000592627 -0.000587757 -0.000594954 -0.000588835 -0.000589349 -0.000590592 -0.000587969 -0.000588811 
0 1.17981e-05 -6.05672e-07 2.01009e-05 1.28772e-05 1.00801e-05 2.56084e-05 1.21062e-05 2.45536e-05 3.07638e-05 2.65398e-05 4.54321e-05 4.34739e-05 4.34945e-05 5.1625e-05 4.38069e-05 4.5599e-05 5.41182e-05 5.48391e-05 6.44202e-05 7.36609e-05 7.25198e-05 7.71679e-05 7.77421e-05 8.21836e-05 8.7295e-05 9.22219e-05 0.000102209 9.34957e-05 9.7723e-05 0.000104617 0.000102296 0.000117383 0.000132635 0.000129196 0.000129187 0.000155407 0.000157257 0.000183885 0.00023588 0.000268739 0.000344366 0.000471704 0.000669581 0.000929705 0.00129611 0.00179973 0.00248953 0.00338383 0.00448162 0.0058838 0.0075748 0.00958218 0.0119011 0.0145185 0.0173342 0.0202493 0.0231104 0.0256712 0.0277623 0.0291381 0.0296199 0.0290306 0.0273264 0.0244341 0.020445 0.0155385 0.00996302 0.00404475 -0.00184861 -0.00735072 -0.0122131 -0.0161517 -0.0190458 -0.0208235 -0.0215701 -0.0213467 -0.0203834 -0.0188657 -0.0170139 -0.0149791 -0.0129612 -0.0110555 -0.00932616 -0.00781131 -0.00654294 -0.00549634 -0.0046206 -0.00391039 -0.00333736 -0.00287722 -0.00247238 -0.00213723 -0.00184058 -0.00159048 -0.00134391 -0.0011296 -0.000914039 -0.000723097 -0.000520076 -0.000335527 -0.000133267 5.39734e-05 0.000262347 0.000467044 0.000703156 0.000937311 0.00121031 0.00151391 0.00188237 0.0022929 0.0027993 0.0034252 0.00420603 0.00513979 0.00628054 0.00766008 0.0092654 0.0110636 0.0130115 0.0150316 0.0169452 0.0186055 0.0198073 0.0203624 0.0200254 0.0187072 0.0162962 0.0128269 0.00837684 0.00320439 -0.0024716 -0.00829989 -0.0139229 -0.0189892 -0.0232398 -0.0264581 -0.0285245 -0.0294769 -0.0293445 -0.0282758 -0.0264345 -0.0240655 -0.0213288 -0.0184816 -0.0156809 -0.0130476 -0.0106833 -0.00862812 -0.00687936 -0.00541196 -0.00425875 -0.00332493 -0.00259958 -0.00204443 -0.00164135 -0.00136525 -0.0011643 -0.00101215 -0.000907377 -0.000872908 -0.000824041 -0.000795483 -0.000790381 -0.000765684 -0.000754806 -0.000759928 -0.00076199 -0.0007499 -0.000752049 -0.000743114 -0.000733751 -0.000737377 -0.00073285 -0.000733615 -0.000724135 -0.000719309 -0.000715616 -0.000706106 -0.000713544 -0.000714422 -0.00070943 -0.000716229 -0.000708842 -0.000698738 -0.000705827 -0.000694061 -0.000693327 -0.000702982 -0.00068779 -0.00069732 -0.000695703 -0.000685084 -0.000698485 -0.000684389 -0.00068921 -0.000695565 -0.000680866 -0.000695174 -0.000685482 
0 5.7477e-06 -5.75906e-07 1.3223e-05 1.22689e-05 1.69102e-05 2.92363e-05 2.45536e-05 3.34675e-05 3.46341e-05 3.31343e-05 4.09113e-05 3.88549e-05 4.58212e-05 5.39509e-05 5.7376e-05 6.5688e-05 6.95386e-05 6.89713e-05 7.27892e-05 7.47428e-05 7.58452e-05 8.69249e-05 8.81785e-05 9.38657e-05 0.000101534 9.7333e-05 0.000110013 0.000114195 0.000119247 0.000131914 0.000129842 0.000132947 0.000139339 0.000144944 0.000153686 0.000173548 0.000183354 0.000207627 0.000256729 0.000313442 0.00042413 0.000573114 0.000782568 0.00109836 0.0015429 0.00213205 0.00291599 0.00394035 0.00521621 0.00681962 0.00875057 0.0110279 0.0136619 0.0166082 0.0197644 0.0230125 0.0261807 0.0290092 0.0312992 0.0328 0.0332935 0.0326095 0.0306767 0.027443 0.0230015 0.0175671 0.0113997 0.00484949 -0.00168677 -0.00782184 -0.0132642 -0.0177114 -0.0210078 -0.0231033 -0.0240607 -0.0239569 -0.0230018 -0.0214146 -0.0194138 -0.0171952 -0.0149645 -0.0128367 -0.0108679 -0.00912837 -0.00766466 -0.00645219 -0.00542416 -0.00457952 -0.00390225 -0.00335913 -0.00288539 -0.00248512 -0.00213837 -0.0018424 -0.00156076 -0.00130823 -0.00106201 -0.000835063 -0.000604982 -0.000388554 -0.000160279 6.20753e-05 0.000300276 0.000541912 0.000810236 0.0010866 0.00140453 0.0017679 0.00219806 0.00268228 0.00327959 0.0040268 0.00494691 0.00603363 0.00735363 0.00894558 0.0107847 0.0128077 0.0149749 0.0171938 0.0192815 0.021048 0.0222853 0.02277 0.0222724 0.0206857 0.0179205 0.0139863 0.00899188 0.00320774 -0.00310018 -0.00956303 -0.0157885 -0.0214042 -0.0261341 -0.0297302 -0.0320649 -0.0331534 -0.0330479 -0.0318886 -0.0298781 -0.0272628 -0.0242367 -0.0210646 -0.0179305 -0.0149693 -0.0122856 -0.00994718 -0.00794958 -0.00627972 -0.00493864 -0.00385432 -0.00302 -0.00239208 -0.00191874 -0.00156948 -0.00133829 -0.00117911 -0.00106403 -0.00100227 -0.000946279 -0.000916639 -0.000904321 -0.000889263 -0.000879481 -0.000872308 -0.000860682 -0.00085134 -0.000854715 -0.000844596 -0.000844461 -0.000841913 -0.000829741 -0.000833288 -0.000827416 -0.000826658 -0.00082939 -0.000822398 -0.000819058 -0.00081467 -0.000806699 -0.000805007 -0.000805445 -0.000800328 -0.00080476 -0.000801725 -0.000796745 -0.000801276 -0.000792059 -0.000794384 -0.000793541 -0.000787349 -0.000795855 -0.000786139 -0.000787161 -0.000789973 -0.000780159 -0.000790138 -0.000785122 
0 7.24097e-07 1.4771e-05 9.81897e-06 1.57625e-05 2.50497e-05 1.77337e-05 3.07638e-05 3.46341e-05 3.29034e-05 4.95601e-05 4.44032e-05 4.86978e-05 6.06454e-05 5.34181e-05 6.37539e-05 6.95695e-05 6.91769e-05 7.81209e-05 8.35715e-05 8.7225e-05 8.90184e-05 0.000102223 9.99641e-05 0.000102964 0.000120856 0.000109046 0.00012148 0.000132233 0.000125603 0.000141036 0.000145377 0.000151986 0.000154797 0.00016882 0.000182915 0.000188202 0.000219331 0.000247795 0.000296266 0.000368207 0.000495462 0.000673824 0.000908795 0.00128458 0.00179093 0.00247113 0.00336271 0.00452411 0.00598535 0.00778345 0.00996329 0.0125098 0.0154538 0.0187071 0.0221859 0.0257381 0.029172 0.0322367 0.0346838 0.036281 0.0367595 0.0359793 0.033815 0.0302684 0.0254169 0.0195108 0.0128197 0.00571326 -0.00139169 -0.00810595 -0.0140742 -0.0190088 -0.0227003 -0.0251356 -0.0263248 -0.0263926 -0.0254932 -0.0238912 -0.021783 -0.0194263 -0.0170073 -0.0146742 -0.0124774 -0.0105199 -0.00885352 -0.00746095 -0.00627609 -0.00528896 -0.00449861 -0.00385658 -0.00331277 -0.00284018 -0.00244275 -0.00209045 -0.00177693 -0.00147988 -0.00120683 -0.000936101 -0.000683438 -0.000428736 -0.000179501 8.55193e-05 0.000349856 0.000634608 0.00093048 0.00125853 0.00162152 0.0020514 0.00254154 0.0031134 0.00380948 0.00468618 0.00574723 0.0070003 0.00850763 0.0103087 0.0123708 0.0146052 0.0169705 0.019347 0.0215682 0.0233881 0.0246118 0.0249695 0.0242834 0.0223982 0.019276 0.0148857 0.00939178 0.00304022 -0.00383131 -0.0108572 -0.017614 -0.0237211 -0.0288798 -0.0328173 -0.0354123 -0.0366297 -0.0365674 -0.0353367 -0.0331925 -0.0303557 -0.0270806 -0.0236115 -0.0201641 -0.0168965 -0.0139081 -0.0112961 -0.00904419 -0.00717915 -0.00564997 -0.00442605 -0.0034728 -0.00275544 -0.00221758 -0.00180441 -0.00153886 -0.00134871 -0.00121809 -0.00112655 -0.00107176 -0.00104241 -0.00100801 -0.00099962 -0.000988019 -0.000979343 -0.000967116 -0.000966248 -0.000966777 -0.000947107 -0.000957593 -0.000948413 -0.000935292 -0.000943349 -0.000932275 -0.000927728 -0.000926131 -0.000923657 -0.000915675 -0.000914928 -0.000918113 -0.00090454 -0.000912204 -0.000908571 -0.000896695 -0.000907513 -0.000895753 -0.000893275 -0.000900441 -0.000889194 -0.000892879 -0.000891548 -0.000885302 -0.000891141 -0.000887195 -0.000886107 -0.000889646 -0.000884146 -0.000884926 
0 1.12699e-05 1.31214e-06 1.99625e-05 2.05683e-05 1.56063e-05 3.66451e-05 2.65398e-05 3.31343e-05 4.95601e-05 3.60493e-05 5.62428e-05 6.24937e-05 5.5731e-05 7.43921e-05 6.82275e-05 7.09151e-05 8.06464e-05 8.38109e-05 9.07318e-05 9.75119e-05 0.0001107 0.000100329 0.000115237 0.00012314 0.000111315 0.000142647 0.000136935 0.000137328 0.000152189 0.00014822 0.000158498 0.000164407 0.000189587 0.000184802 0.000194226 0.000223661 0.000236001 0.00028428 0.000345891 0.0004439 0.000557796 0.000763965 0.00108366 0.00149071 0.00205898 0.00282166 0.0038557 0.00515089 0.00678172 0.00878815 0.0112015 0.0140367 0.0172489 0.0208108 0.0245744 0.0284079 0.032066 0.0353253 0.0379054 0.0395484 0.0400148 0.0391086 0.0367446 0.0328929 0.0277001 0.0213675 0.0142352 0.00664946 -0.000950194 -0.00817198 -0.0146243 -0.0200018 -0.0241054 -0.0268741 -0.0283471 -0.0286094 -0.0278457 -0.0262614 -0.0241222 -0.0216552 -0.0190978 -0.0165642 -0.0141715 -0.0119958 -0.0101298 -0.00853953 -0.00719554 -0.0060595 -0.00514371 -0.0043928 -0.00376799 -0.00322498 -0.00276448 -0.00235912 -0.00200159 -0.00166773 -0.00135544 -0.00105086 -0.00076289 -0.000479387 -0.000196394 0.000100935 0.000404129 0.00072336 0.00105893 0.00143374 0.00185514 0.00234782 0.00290864 0.00357508 0.00438483 0.00539636 0.00660246 0.00803776 0.00973633 0.01175 0.0140104 0.0164546 0.0189782 0.0214902 0.0237762 0.0256205 0.0267535 0.0269597 0.0260284 0.0238482 0.020342 0.0155337 0.00956889 0.00271889 -0.00465408 -0.0121645 -0.019376 -0.0259236 -0.0314453 -0.0357092 -0.0385302 -0.0399029 -0.0398753 -0.0386254 -0.036365 -0.0333537 -0.0298636 -0.026131 -0.0224026 -0.0188282 -0.0155732 -0.0126748 -0.0101896 -0.00809596 -0.00639269 -0.00503851 -0.00395392 -0.0031251 -0.00250513 -0.00208369 -0.00174782 -0.00151092 -0.00136446 -0.00127048 -0.00120807 -0.00115147 -0.00113965 -0.00110602 -0.00109105 -0.00109163 -0.00108607 -0.00107829 -0.00106125 -0.00107252 -0.00104829 -0.00104885 -0.00106014 -0.00103536 -0.00104187 -0.00103393 -0.00102411 -0.00102216 -0.00102358 -0.00102193 -0.00101179 -0.00102339 -0.00100567 -0.00100269 -0.00101258 -0.000989931 -0.00100416 -0.00100069 -0.000985619 -0.00100262 -0.000988861 -0.000987042 -0.000995791 -0.000981718 -0.000988669 -0.000989064 -0.000980004 -0.000989167 -0.000983673 
0 -2.55739e-06 1.83124e-05 5.91776e-06 2.09609e-05 3.05389e-05 2.36945e-05 4.54321e-05 4.09113e-05 4.44032e-05 5.62428e-05 4.94843e-05 6.00325e-05 6.39547e-05 6.94828e-05 8.19804e-05 8.84755e-05 9.55945e-05 9.6881e-05 0.000101493 0.000101921 0.000106354 0.00011806 0.00012453 0.000131205 0.000139015 0.000143146 0.000142152 0.000160034 0.000169609 0.000170624 0.000189592 0.000187188 0.00018396 0.00020601 0.000225918 0.000237569 0.000276305 0.000320613 0.000374864 0.000494725 0.000665905 0.000903763 0.00122888 0.00170119 0.00236454 0.00323995 0.00436257 0.00580048 0.00762827 0.00983778 0.0124868 0.0155749 0.0190737 0.0229023 0.0269417 0.0310046 0.0348579 0.0382734 0.0409389 0.042609 0.0430224 0.0420058 0.0394276 0.0353271 0.0298199 0.0231427 0.0156304 0.00765556 -0.000363534 -0.00802309 -0.0148951 -0.0206949 -0.0251879 -0.0283207 -0.0300843 -0.0306084 -0.0300109 -0.0285269 -0.026393 -0.0238883 -0.0212075 -0.0185177 -0.0159354 -0.0135687 -0.0114886 -0.00970095 -0.00818371 -0.00689748 -0.00584212 -0.00497152 -0.00425708 -0.00363548 -0.00310995 -0.00264282 -0.00224244 -0.00186153 -0.00151489 -0.00116899 -0.000851771 -0.000528225 -0.000217226 0.000120124 0.00045609 0.000820091 0.00119306 0.00162381 0.00210365 0.0026676 0.00330488 0.00407758 0.00501359 0.00616396 0.00752733 0.00914826 0.0110546 0.0132622 0.0157179 0.018335 0.0210075 0.0235918 0.0259107 0.0277004 0.0287127 0.0286973 0.0275107 0.0249961 0.0211234 0.0159032 0.00952638 0.00223467 -0.00556488 -0.0134788 -0.0210797 -0.0279895 -0.0338413 -0.0383736 -0.0414298 -0.0429366 -0.0429837 -0.0417239 -0.0394002 -0.0362457 -0.0325756 -0.0286208 -0.024629 -0.0207931 -0.0172523 -0.014091 -0.0113635 -0.00907814 -0.00716941 -0.00564649 -0.00445682 -0.00354374 -0.00283936 -0.0023173 -0.00195334 -0.00171107 -0.00154028 -0.00140214 -0.00133294 -0.00128613 -0.00124592 -0.00123402 -0.00122403 -0.00119594 -0.00118375 -0.00118533 -0.00117001 -0.00117082 -0.00116852 -0.00115466 -0.00114828 -0.00114468 -0.00114244 -0.00114033 -0.00114141 -0.00113514 -0.00112728 -0.00111967 -0.00111541 -0.00111014 -0.00110761 -0.00111294 -0.00110205 -0.00110548 -0.00110398 -0.00109161 -0.00110272 -0.00108944 -0.00109052 -0.00109897 -0.00108082 -0.00109366 -0.00108578 -0.00107722 -0.00109206 -0.00107564 -0.00108586 
0 1.04835e-06 2.05797e-05 1.13994e-05 2.52686e-05 3.07488e-05 2.48706e-05 4.34739e-05 3.88549e-05 4.86978e-05 6.24937e-05 6.00325e-05 7.51546e-05 7.56543e-05 7.86448e-05 8.57239e-05 8.35275e-05 9.38021e-05 0.000101432 0.000110364 0.000121982 0.000128254 0.000131404 0.000137868 0.000141564 0.000146713 0.000162058 0.000162023 0.000171262 0.00017844 0.000175191 0.000194367 0.000204872 0.000216429 0.000235472 0.000247848 0.000265501 0.000308931 0.000364932 0.000442928 0.000576305 0.000746438 0.0010166 0.00141552 0.00194955 0.00267463 0.00364591 0.00490648 0.00650474 0.00850909 0.0109231 0.0138103 0.0171627 0.0209184 0.0250023 0.0292802 0.0335447 0.0375528 0.0410765 0.0437911 0.0454447 0.0457903 0.0446379 0.0418694 0.0375375 0.0317736 0.0248073 0.016996 0.00870832 0.000350602 -0.00766603 -0.0149038 -0.0210801 -0.0259585 -0.0294499 -0.0315429 -0.0323531 -0.0319855 -0.0306475 -0.0285933 -0.0260896 -0.0233354 -0.0205106 -0.0177718 -0.015221 -0.0129343 -0.010939 -0.00924278 -0.00779597 -0.00659145 -0.00559058 -0.00477295 -0.00406644 -0.0034669 -0.00293832 -0.00248459 -0.00205638 -0.00166736 -0.00128641 -0.000931829 -0.000570213 -0.000222159 0.000148694 0.000524423 0.000932044 0.00135329 0.0018386 0.00238481 0.00302357 0.00375057 0.00463824 0.00571047 0.00700827 0.008536 0.0103527 0.012464 0.0148617 0.0174851 0.0202561 0.0230332 0.0256548 0.0279356 0.0296225 0.0304465 0.0301791 0.0286894 0.0258366 0.0215882 0.0159912 0.00924165 0.00158284 -0.00657063 -0.0148113 -0.0227232 -0.029933 -0.0360538 -0.0408273 -0.0440848 -0.0457402 -0.0458664 -0.0446336 -0.0422711 -0.0390192 -0.035204 -0.0310595 -0.0268359 -0.0227494 -0.0189595 -0.0155425 -0.0125742 -0.0100748 -0.00799308 -0.00632329 -0.00499528 -0.00396216 -0.00318637 -0.00262352 -0.00219554 -0.00189415 -0.00169916 -0.00155385 -0.00147055 -0.00141163 -0.00136285 -0.00133511 -0.00132267 -0.00130702 -0.00130328 -0.00129985 -0.00128055 -0.00128039 -0.00127148 -0.00126466 -0.00126692 -0.00125622 -0.00124895 -0.00124112 -0.00123169 -0.00122752 -0.00122857 -0.00122373 -0.00122518 -0.00122229 -0.00121205 -0.00121542 -0.00120391 -0.00120314 -0.00120448 -0.00119319 -0.00120319 -0.00119171 -0.00118811 -0.00119497 -0.00117989 -0.00119171 -0.00118867 -0.00118302 -0.00119496 -0.0011794 -0.00118451 
0 8.86319e-06 7.63262e-06 1.92244e-05 2.61098e-05 2.58477e-05 4.15418e-05 4.34945e-05 4.58212e-05 6.06454e-05 5.5731e-05 6.39547e-05 7.56543e-05 7.46398e-05 8.96597e-05 9.69464e-05 9.97013e-05 0.000109899 0.000116241 0.000115571 0.000123485 0.000136864 0.000131155 0.000150792 0.0001606 0.000153076 0.000179644 0.00017702 0.000184085 0.000202 0.00020255 0.000216538 0.00021766 0.000237247 0.000247348 0.000262678 0.000300913 0.000338012 0.000401468 0.000494493 0.000657167 0.000856063 0.00116313 0.0016214 0.00221209 0.00302895 0.00410275 0.00549817 0.0072477 0.0094281 0.0120577 0.0151696 0.0187725 0.0227623 0.0270881 0.031567 0.0359999 0.0401269 0.0437144 0.0464452 0.0480472 0.0483089 0.0470058 0.044072 0.0395349 0.0335688 0.026377 0.0183449 0.00982094 0.00120554 -0.00708586 -0.0146347 -0.0211419 -0.0263942 -0.0302413 -0.0326981 -0.0338215 -0.0337416 -0.0326046 -0.0307024 -0.0282477 -0.0254731 -0.0225482 -0.019686 -0.0169656 -0.014484 -0.01228 -0.010397 -0.00878061 -0.00741783 -0.00627902 -0.00534215 -0.00454315 -0.00386012 -0.00327008 -0.00275178 -0.00227495 -0.00183568 -0.00142454 -0.00102488 -0.000626425 -0.000232632 0.000166701 0.000588747 0.00103993 0.00152115 0.00206044 0.00268111 0.00339988 0.00423315 0.00524362 0.00646198 0.00791597 0.00961981 0.0116374 0.0139488 0.0165283 0.0192957 0.0221931 0.025031 0.02765 0.029828 0.0313595 0.0319381 0.031391 0.0295611 0.0263675 0.0217476 0.0158132 0.00873626 0.000788383 -0.00764261 -0.0161335 -0.0242819 -0.0317258 -0.0380611 -0.0430478 -0.0464805 -0.0482973 -0.0485182 -0.0473503 -0.0449822 -0.0416826 -0.0377577 -0.0334602 -0.0290444 -0.0247239 -0.0207 -0.0170338 -0.0138417 -0.0111175 -0.00885178 -0.00702074 -0.00555909 -0.00441643 -0.00354273 -0.0029199 -0.00243124 -0.00209513 -0.00187411 -0.00171194 -0.00160643 -0.00153297 -0.00149907 -0.00145879 -0.00144145 -0.00142601 -0.00141222 -0.00140314 -0.00138602 -0.00139463 -0.00137211 -0.00136738 -0.00137253 -0.00134883 -0.00135561 -0.00135278 -0.00134204 -0.00134158 -0.00133804 -0.00132761 -0.00132072 -0.00132459 -0.0013097 -0.00131145 -0.0013145 -0.00129922 -0.00130748 -0.00129945 -0.00129231 -0.00130213 -0.00129118 -0.0012928 -0.0012952 -0.00128383 -0.00128669 -0.00128411 -0.00127815 -0.00128497 -0.00128386 
0 -6.89119e-07 2.26337e-05 1.26973e-05 2.52732e-05 3.96364e-05 2.98504e-05 5.1625e-05 5.39509e-05 5.34181e-05 7.43921e-05 6.94828e-05 7.86448e-05 8.96597e-05 8.78187e-05 0.00010013 0.000108038 0.000117527 0.00012051 0.000132068 0.000140116 0.000135126 0.000159992 0.000158909 0.000162391 0.000187007 0.00017756 0.000189388 0.000202522 0.000210115 0.00021812 0.000232394 0.000250553 0.000240791 0.000274949 0.000300803 0.000322339 0.000383857 0.000452802 0.000562905 0.000718148 0.000984157 0.0013384 0.00181536 0.00248924 0.00340069 0.00460725 0.00610763 0.00802941 0.0103957 0.013242 0.0165826 0.0204019 0.0246416 0.0291609 0.0338284 0.0383738 0.0425951 0.0461942 0.0488975 0.0504241 0.0505566 0.0491137 0.0460033 0.0413155 0.0351673 0.0278393 0.0196385 0.0109688 0.00216895 -0.00631227 -0.0141085 -0.0209067 -0.0264924 -0.0307088 -0.0335275 -0.0350136 -0.0352393 -0.0343873 -0.0326716 -0.0303454 -0.0275763 -0.0246195 -0.0216409 -0.018791 -0.0161105 -0.013719 -0.0116263 -0.00984266 -0.00830383 -0.00702627 -0.00594875 -0.00505046 -0.00427309 -0.0036183 -0.00302662 -0.00249592 -0.00200311 -0.00155862 -0.00111215 -0.000672453 -0.000230866 0.00020035 0.000670194 0.0011698 0.00171874 0.00231602 0.00301869 0.00382359 0.00478276 0.00591926 0.00729901 0.0089086 0.0108121 0.0130159 0.0155333 0.0182606 0.0211691 0.0241317 0.027007 0.0295473 0.031589 0.0328768 0.0331861 0.0323005 0.0301257 0.0265617 0.0216017 0.0153532 0.00800637 -0.000160361 -0.00879437 -0.0174523 -0.0257812 -0.0333704 -0.039892 -0.0450309 -0.0486424 -0.0505953 -0.0509519 -0.0498575 -0.047527 -0.0442189 -0.0402127 -0.0358064 -0.0312141 -0.0267123 -0.0224404 -0.0185598 -0.0151365 -0.012213 -0.00975477 -0.0077409 -0.00616454 -0.00491104 -0.00394968 -0.00321021 -0.00269787 -0.00233016 -0.00205382 -0.00186737 -0.00174456 -0.00167571 -0.00160347 -0.00158407 -0.00156153 -0.00152614 -0.00152225 -0.00151201 -0.00150549 -0.00148973 -0.001495 -0.00148019 -0.00146292 -0.00147584 -0.00145532 -0.00145353 -0.00145452 -0.00143985 -0.00143673 -0.00143049 -0.00142937 -0.00141829 -0.00142266 -0.0014195 -0.001403 -0.0014173 -0.00140308 -0.00139673 -0.00140945 -0.00138728 -0.00139551 -0.00139696 -0.00137947 -0.00139676 -0.00138601 -0.00138126 -0.00139551 -0.00137684 -0.00138477 
0 1.17333e-05 7.35948e-06 2.66826e-05 2.72985e-05 3.21963e-05 4.75379e-05 4.38069e-05 5.7376e-05 6.37539e-05 6.82275e-05 8.19804e-05 8.57239e-05 9.69464e-05 0.00010013 0.000108849 0.000114589 0.00011451 0.000133367 0.000135908 0.000149019 0.000164823 0.000161986 0.000173702 0.000180009 0.000185151 0.000196777 0.000213587 0.000216983 0.00022073 0.000239615 0.000237136 0.000257043 0.000285534 0.000297556 0.000321278 0.00035961 0.000417173 0.000499192 0.000641795 0.000834548 0.00109918 0.00148983 0.00205511 0.00282078 0.00380589 0.00510349 0.00677505 0.00886724 0.0114105 0.0144595 0.0180257 0.0220712 0.0265168 0.0312245 0.0360236 0.0406738 0.0449317 0.0485113 0.0511461 0.0525642 0.0525526 0.0509475 0.0476958 0.0428622 0.0366035 0.0291784 0.0209005 0.0121386 0.00325058 -0.0053546 -0.0133307 -0.0203705 -0.026262 -0.030832 -0.0340381 -0.0358935 -0.0364845 -0.035952 -0.0345036 -0.0323385 -0.0296569 -0.0266944 -0.0236561 -0.020679 -0.0178421 -0.0152537 -0.0129646 -0.0109881 -0.00928165 -0.00784209 -0.00662216 -0.00560168 -0.00473058 -0.00399396 -0.00332876 -0.00273278 -0.00218795 -0.0016992 -0.00120756 -0.000720245 -0.000232656 0.000240598 0.000756526 0.00131423 0.0019309 0.00260136 0.00338484 0.00429579 0.0053839 0.00666918 0.00820359 0.0099935 0.012089 0.0144936 0.0171815 0.0200586 0.0230599 0.0260687 0.0289052 0.031338 0.0331639 0.0341739 0.0341479 0.032915 0.0303602 0.0264366 0.0211504 0.0146342 0.00707308 -0.00124706 -0.00999465 -0.0187621 -0.0271831 -0.0348747 -0.0415072 -0.0467902 -0.0505372 -0.0526477 -0.0531451 -0.0521625 -0.0499002 -0.0466203 -0.0425871 -0.0380876 -0.0333707 -0.0286873 -0.0242212 -0.0201242 -0.016476 -0.0133333 -0.0107049 -0.00854047 -0.00678719 -0.00540716 -0.00436781 -0.00357457 -0.00297499 -0.00253483 -0.00224205 -0.00204423 -0.00189689 -0.00180202 -0.00173936 -0.00169298 -0.00165963 -0.00165805 -0.00163995 -0.00161915 -0.00161744 -0.00160015 -0.00159217 -0.00159135 -0.00158711 -0.00157277 -0.00156732 -0.0015592 -0.00154339 -0.00154915 -0.00154059 -0.00153746 -0.00153735 -0.00152566 -0.0015251 -0.0015164 -0.0015153 -0.00150938 -0.0015056 -0.00150954 -0.00149573 -0.00150117 -0.00149571 -0.00148614 -0.00149756 -0.00148441 -0.00148919 -0.00149373 -0.00147983 -0.00149191 -0.00148245 
0 1.39272e-05 7.09624e-06 3.03433e-05 2.78008e-05 3.37482e-05 5.25532e-05 4.5599e-05 6.5688e-05 6.95695e-05 7.09151e-05 8.84755e-05 8.35275e-05 9.97013e-05 0.000108038 0.000114589 0.000132744 0.000132098 0.000147056 0.000148682 0.000149741 0.000164627 0.000167801 0.000184095 0.000197225 0.000205723 0.000212033 0.000223 0.000231208 0.000240428 0.000264848 0.000266011 0.000280285 0.000295964 0.000306259 0.000348863 0.000395518 0.000460842 0.000560432 0.000707161 0.000921887 0.00125131 0.0017042 0.0023085 0.00314455 0.00424548 0.00567649 0.00748817 0.00973278 0.012466 0.0157327 0.0195094 0.0237526 0.0283921 0.0332593 0.0381646 0.0428764 0.0471365 0.0506567 0.0531898 0.0544696 0.0542894 0.0525234 0.0491368 0.0441926 0.0378625 0.0304063 0.0221105 0.0133331 0.00443046 -0.0042247 -0.012318 -0.0195475 -0.0257052 -0.0306191 -0.0342108 -0.0364601 -0.0374455 -0.0372888 -0.0361531 -0.0342144 -0.0316745 -0.0287677 -0.0257009 -0.022633 -0.0196601 -0.016895 -0.0144055 -0.0122344 -0.0103498 -0.00874102 -0.00736419 -0.00621214 -0.00523449 -0.00440534 -0.00365838 -0.00299393 -0.00239122 -0.00184972 -0.00130881 -0.000773813 -0.000237416 0.000285821 0.000853576 0.00147204 0.00216265 0.00291589 0.00379165 0.00481767 0.00604858 0.0074913 0.00919162 0.0111664 0.0134625 0.0160554 0.0188993 0.021896 0.0249662 0.0279687 0.030717 0.0329791 0.0345445 0.0352186 0.0348243 0.0332129 0.0302745 0.0259915 0.0204108 0.0136706 0.00595433 -0.00245107 -0.0112393 -0.0200408 -0.0284931 -0.0362206 -0.0429213 -0.0483093 -0.052183 -0.0544446 -0.0551053 -0.0542614 -0.0521039 -0.04889 -0.0448643 -0.0403134 -0.0355033 -0.030672 -0.0260144 -0.0217194 -0.0178708 -0.0145166 -0.0116846 -0.00934926 -0.00746084 -0.00596566 -0.0048016 -0.00390647 -0.0032636 -0.00279121 -0.00244484 -0.00220789 -0.00204641 -0.00193691 -0.00187377 -0.00183185 -0.001786 -0.00176923 -0.00174535 -0.00172913 -0.00172964 -0.00171349 -0.00170363 -0.00169269 -0.0016825 -0.00167311 -0.00167501 -0.00167034 -0.00166192 -0.00166285 -0.00164422 -0.00164252 -0.00163548 -0.00162575 -0.00163043 -0.0016171 -0.00162195 -0.00161279 -0.0016034 -0.0016114 -0.00159519 -0.00160445 -0.00160324 -0.00159205 -0.00160382 -0.00158599 -0.00158632 -0.00158899 -0.00157425 -0.00158999 -0.00158427 
0 5.52938e-06 1.52837e-05 2.32314e-05 2.88867e-05 4.33459e-05 4.85321e-05 5.41182e-05 6.95386e-05 6.91769e-05 8.06464e-05 9.55945e-05 9.38021e-05 0.000109899 0.000117527 0.00011451 0.000132098 0.000139527 0.000142987 0.000165591 0.000172605 0.000176539 0.000197705 0.000194132 0.000201075 0.000219939 0.000219321 0.000238073 0.000246138 0.000257411 0.000269247 0.00027598 0.000308887 0.000317099 0.000345739 0.000389564 0.000429663 0.000504317 0.000626117 0.000802428 0.00102893 0.00140303 0.00190255 0.002575 0.00350763 0.00471007 0.00627157 0.0082261 0.0106546 0.0135783 0.0170519 0.0210311 0.0254646 0.0302845 0.0352714 0.0402592 0.044988 0.0492169 0.0526348 0.0550307 0.0561393 0.0557678 0.0538403 0.050319 0.0452982 0.038931 0.0315045 0.0232445 0.0145292 0.00567874 -0.00295432 -0.0111008 -0.0184628 -0.0248425 -0.0300791 -0.0340426 -0.0367037 -0.0381037 -0.0383693 -0.0375831 -0.0359363 -0.0335907 -0.0308036 -0.027743 -0.0246277 -0.0215404 -0.0186247 -0.0159361 -0.0135745 -0.011499 -0.00971483 -0.00816784 -0.00687705 -0.00577653 -0.00484268 -0.00400478 -0.00326995 -0.00260135 -0.00199733 -0.00140144 -0.0008199 -0.000230941 0.000351363 0.000979518 0.00166063 0.00243175 0.0032785 0.00426238 0.00541157 0.00679779 0.00840535 0.0102859 0.012446 0.014946 0.0177081 0.0206916 0.0237703 0.0268798 0.0298177 0.0324273 0.0344508 0.0357141 0.0359995 0.0352087 0.0331887 0.0298697 0.0252348 0.0193929 0.0124733 0.00466029 -0.00376627 -0.0125312 -0.0212923 -0.0297204 -0.0374219 -0.044152 -0.049603 -0.0535966 -0.0560002 -0.05684 -0.0561563 -0.0541338 -0.05102 -0.0470327 -0.042469 -0.0375835 -0.0326445 -0.0278159 -0.0233376 -0.0192867 -0.0157366 -0.0127204 -0.0102053 -0.00816842 -0.00654183 -0.0052837 -0.0042918 -0.00358108 -0.0030512 -0.00265063 -0.00239438 -0.00221232 -0.00208389 -0.00198924 -0.00194732 -0.00190212 -0.00187481 -0.0018667 -0.00184283 -0.00183697 -0.00181824 -0.00181782 -0.00181079 -0.00179384 -0.00179984 -0.00177937 -0.00176713 -0.00176818 -0.00175335 -0.00174823 -0.00175088 -0.00174031 -0.00173395 -0.00173629 -0.00172085 -0.0017198 -0.00172451 -0.0017096 -0.001714 -0.0017104 -0.00169478 -0.00170001 -0.00169266 -0.00168688 -0.00169778 -0.00169198 -0.00169246 -0.00169861 -0.00168575 -0.00168596 
