0 0 0 0 0 0 0 0 0 0 0 0 0 0 0 0 0 0 0 0 0 0 0 0 0 0 0 0 0 0 0 0 0 0 0 0 0 0 0 0 0 0 0 0 0 0 0 0 0 0 0 0 0 0 0 0 0 0 0 0 0 0 0 0 0 0 0 0 0 0 0 0 0 0 0 0 0 0 0 0 0 0 0 0 0 0 0 0 0 0 0 0 0 0 0 0 0 0 0 0 0 0 0 0 0 0 0 0 0 0 0 0 0 0 0 0 0 0 0 0 0 0 0 0 0 0 0 0 0 0 0 0 0 0 0 0 0 0 0 0 0 0 0 0 0 0 0 0 0 0 0 0 0 0 0 0 0 0 0 0 0 0 0 0 0 0 0 0 0 0 0 0 0 0 0 0 0 0 0 0 0 0 0 0 0 0 0 0 0 0 0 0 0 0 0 0 0 0 0 0 
0 8.19317e-07 -7.37021e-07 -2.72884e-06 3.58115e-06 1.94579e-06 7.6666e-06 1.10041e-05 3.33104e-06 1.25094e-05 2.91716e-06 1.91009e-06 1.54238e-05 3.40908e-07 1.50407e-05 1.78121e-05 1.80139e-06 2.10222e-05 1.20202e-05 1.03569e-05 2.4821e-05 1.75442e-05 1.60531e-05 1.45451e-05 1.89373e-05 9.91067e-06 2.04138e-05 3.48696e-05 1.51492e-05 2.85052e-05 2.66651e-05 2.11404e-05 3.29683e-05 3.1063e-05 3.72747e-05 1.96189e-05 2.27996e-05 3.92101e-05 3.88362e-05 2.98248e-05 2.5266e-05 4.77911e-05 3.96556e-05 4.04208e-05 4.65637e-05 4.31242e-05 5.05445e-05 5.00554e-05 5.27113e-05 4.76503e-05 5.97971e-05 5.70057e-05 5.67182e-05 7.07739e-05 7.53529e-05 8.81395e-05 0.000109546 0.000147615 0.000182759 0.00025152 0.000342094 0.000452197 0.000599771 0.000792731 0.00102605 0.00130018 0.0016455 0.00203898 0.00247886 0.00295707 0.00346083 0.00393342 0.00434767 0.00467743 0.00487864 0.00491338 0.00476989 0.00444268 0.00390525 0.00317489 0.00229893 0.00134141 0.000346172 -0.00061572 -0.00148398 -0.00221494 -0.00278988 -0.00317181 -0.00334534 -0.00333608 -0.00319893 -0.00296307 -0.0026414 -0.00226334 -0.00187874 -0.00151974 -0.00118377 -0.000861619 -0.000558206 -0.00028419 -2.7752e-05 0.000236859 0.00052716 0.000836157 0.00115755 0.00150006 0.00187375 0.00225592 0.00259936 0.00287024 0.0030563 0.00313367 0.00304794 0.00276192 0.00228011 0.00163453 0.00084096 -6.56731e-05 -0.00103051 -0.00198266 -0.00287775 -0.00365227 -0.004252 -0.00464701 -0.00485884 -0.00489155 -0.00475305 -0.0044733 -0.00409897 -0.0036551 -0.0031673 -0.00269093 -0.00224786 -0.00184675 -0.00148915 -0.00120253 -0.000959214 -0.000757075 -0.000598178 -0.000482471 -0.000385468 -0.000311341 -0.000270936 -0.000231767 -0.000206643 -0.000190583 -0.00018648 -0.000168818 -0.000167706 -0.000168028 -0.00015714 -0.000157475 -0.000153916 -0.000154683 -0.0001475 -0.000154206 -0.000141843 -0.000142723 -0.000158144 -0.000144232 -0.000137839 -0.000138921 -0.000155749 -0.000145536 -0.00013441 -0.000135449 -0.000135853 -0.000145654 -0.000127194 -0.000135936 -0.00013394 -0.000117745 -0.000136419 -0.000135725 -0.000131868 -0.000129557 -0.000133467 -0.000126198 -0.000121426 -0.000139662 -0.000121173 -0.000124499 -0.000131726 -0.000111287 -0.000126898 -0.000124854 -0.000121922 -0.000133045 -0.000123193 -0.000126199 -0.0001208 -0.000117634 -0.000122225 -0.000115563 -0.00012561 -0.000123536 -0.000120487 -0.000128785 -0.000117909 -0.000121966 
0 -7.37021e-07 1.39866e-05 2.26993e-06 1.05915e-05 1.1094e-05 -4.3309e-06 1.31186e-05 6.5612e-06 6.77801e-06 2.81992e-05 1.38958e-05 2.01094e-05 2.83286e-05 1.08999e-05 2.31766e-05 2.88433e-05 1.97213e-05 3.14239e-05 3.04229e-05 2.17239e-05 3.063e-05 3.49451e-05 4.07903e-05 4.49249e-05 4.59029e-05 4.77879e-05 2.989e-05 4.32603e-05 5.63404e-05 3.96939e-05 5.57734e-05 5.62808e-05 4.30345e-05 5.06321e-05 7.88011e-05 7.66539e-05 5.08854e-05 7.29237e-05 7.44128e-05 8.31703e-05 7.96263e-05 6.62807e-05 8.58158e-05 8.50699e-05 8.83244e-05 7.89674e-05 0.000100944 9.61659e-05 9.57596e-05 0.000118413 0.00011001 0.000128057 0.000137138 0.000168105 0.000177685 0.000235351 0.000299133 0.000376611 0.00051371 0.000684177 0.000917635 0.00119594 0.00159669 0.00204331 0.00261123 0.0032823 0.00407858 0.00494829 0.00590485 0.00690384 0.00783912 0.00867247 0.00931408 0.00972615 0.00977942 0.00951168 0.00883889 0.00778871 0.00632323 0.00460298 0.00268505 0.00072329 -0.00119896 -0.00291624 -0.00438174 -0.00552027 -0.00628754 -0.00663903 -0.00663348 -0.00636829 -0.00590009 -0.00526778 -0.00451793 -0.00376085 -0.00303714 -0.00237009 -0.00171886 -0.00112024 -0.000561151 -5.00703e-05 0.00049149 0.0010645 0.0016898 0.00232753 0.00302073 0.00375748 0.00451751 0.00519215 0.00573215 0.00609493 0.00623813 0.00605831 0.00548195 0.00452567 0.00323048 0.00165728 -0.000155591 -0.00206071 -0.00396886 -0.00573132 -0.00728538 -0.00846103 -0.00927081 -0.00967658 -0.00976068 -0.00947295 -0.008936 -0.00818058 -0.00730718 -0.00633661 -0.00538956 -0.00450895 -0.00370033 -0.00300058 -0.00240805 -0.0019371 -0.00151392 -0.00121208 -0.000959249 -0.000776928 -0.000620149 -0.000535806 -0.000461464 -0.000401186 -0.000382629 -0.000354549 -0.000343917 -0.000324191 -0.000337796 -0.000312654 -0.000318093 -0.000322303 -0.000306494 -0.000306507 -0.000304926 -0.000313355 -0.000289017 -0.000293355 -0.000285129 -0.000292944 -0.000297323 -0.000260312 -0.000269987 -0.000287613 -0.000285067 -0.00026337 -0.000272177 -0.0002767 -0.000260076 -0.00028024 -0.000274842 -0.000261325 -0.000258307 -0.000254063 -0.000260222 -0.000253762 -0.00025838 -0.000260574 -0.000245074 -0.000251855 -0.000258087 -0.000247965 -0.000258663 -0.000259223 -0.000241113 -0.000248544 -0.000243186 -0.000233994 -0.000250081 -0.000246477 -0.00024601 -0.000254667 -0.000244333 -0.000242467 -0.000243167 -0.000237583 -0.000239263 -0.000241984 -0.000243366 
0 -2.72884e-06 2.26993e-06 1.04856e-06 9.35507e-06 1.08207e-05 1.60593e-05 2.35119e-05 1.56149e-05 2.458e-05 1.89809e-05 1.61717e-05 3.25192e-05 2.13271e-05 3.4609e-05 4.17161e-05 2.73939e-05 4.55934e-05 4.10006e-05 4.01802e-05 5.54481e-05 5.15902e-05 5.00202e-05 5.02016e-05 5.59593e-05 4.8767e-05 6.35782e-05 7.79851e-05 6.23171e-05 7.86185e-05 7.49049e-05 7.44422e-05 8.90835e-05 8.70363e-05 9.54132e-05 8.18361e-05 8.52844e-05 0.000102446 0.000109425 9.97678e-05 9.86464e-05 0.000125615 0.000118002 0.000124727 0.000133521 0.000132593 0.000142071 0.000148867 0.000152365 0.000150172 0.000171907 0.000171679 0.000181209 0.000209341 0.000234759 0.000272874 0.000342187 0.000445927 0.00056938 0.000770807 0.00103775 0.00137898 0.00182243 0.00239927 0.00309535 0.00393352 0.00495318 0.00612818 0.00743839 0.00885887 0.0103336 0.0117277 0.0129535 0.013913 0.014497 0.0145939 0.0141685 0.0131794 0.0115927 0.00944487 0.00687569 0.0040474 0.00112076 -0.00171609 -0.00428483 -0.00646174 -0.00816728 -0.00931131 -0.00986037 -0.0098796 -0.00950342 -0.00881801 -0.00788594 -0.00679154 -0.00566665 -0.00458987 -0.00357774 -0.00260987 -0.00170371 -0.000866564 -7.59611e-05 0.00073733 0.00160744 0.00253616 0.003506 0.00454062 0.00564156 0.00675288 0.00775024 0.00854371 0.0090715 0.00925774 0.00896455 0.00810026 0.00666774 0.00474126 0.00238692 -0.000291081 -0.00313116 -0.00594692 -0.00857718 -0.0108548 -0.0126222 -0.0138118 -0.0144411 -0.0145433 -0.0141424 -0.0133337 -0.0122258 -0.0109162 -0.00948766 -0.00807764 -0.00675693 -0.00555918 -0.00450408 -0.00362949 -0.00290075 -0.00229398 -0.00181904 -0.00145568 -0.00116928 -0.000949581 -0.000811938 -0.000699949 -0.000622067 -0.000575362 -0.000548763 -0.000514665 -0.000501468 -0.000498777 -0.000476924 -0.000473503 -0.000467887 -0.000462571 -0.000451653 -0.00045566 -0.000441535 -0.000436934 -0.000453125 -0.00043375 -0.000424931 -0.000427875 -0.000438683 -0.000426418 -0.000414533 -0.000413053 -0.000408761 -0.000419059 -0.000399172 -0.000401943 -0.000400851 -0.000382305 -0.000399263 -0.000398837 -0.000392657 -0.000390345 -0.000391325 -0.000382774 -0.000378851 -0.000393539 -0.000374858 -0.00037802 -0.000380935 -0.000360997 -0.000376563 -0.000372002 -0.000371178 -0.00038186 -0.000369905 -0.000373668 -0.000366331 -0.000361461 -0.000366352 -0.000358961 -0.000368509 -0.00036692 -0.000365025 -0.000373224 -0.00036122 -0.00036464 
0 3.58115e-06 1.05915e-05 9.35507e-06 1.14092e-05 1.38266e-05 1.58302e-05 2.03942e-05 2.14474e-05 2.84498e-05 3.07091e-05 3.25118e-05 3.99942e-05 3.66977e-05 4.24557e-05 4.74245e-05 4.45842e-05 5.46176e-05 5.51626e-05 5.57718e-05 6.37912e-05 6.45074e-05 6.89863e-05 7.45376e-05 7.97271e-05 7.96693e-05 8.40893e-05 8.99221e-05 8.70695e-05 9.74429e-05 0.000100296 0.000101548 0.000110159 0.000110281 0.000119781 0.000123866 0.000126883 0.000134713 0.000139172 0.000142698 0.000146593 0.000157905 0.000156838 0.000162951 0.000173698 0.000174344 0.000183665 0.000191985 0.000198986 0.00020564 0.000222375 0.000233658 0.000249058 0.000283453 0.000320118 0.000378026 0.000469452 0.000603076 0.000782237 0.00104481 0.00140144 0.00185992 0.00245889 0.00321872 0.00415165 0.00527502 0.00662524 0.00818117 0.00991864 0.0117942 0.0137209 0.0155553 0.0171628 0.018416 0.0191662 0.019294 0.0187225 0.0174076 0.0153134 0.0125053 0.00913815 0.00542713 0.00158695 -0.00213576 -0.00552226 -0.0084013 -0.0106557 -0.0121801 -0.0129428 -0.0130198 -0.0125569 -0.0116743 -0.0104668 -0.0090544 -0.00758236 -0.00615431 -0.00479769 -0.00351002 -0.00229887 -0.00117122 -8.97689e-05 0.00101023 0.00217698 0.00341344 0.0047163 0.0060958 0.00754554 0.00898553 0.0102815 0.011311 0.0119813 0.0121783 0.0117497 0.0105884 0.00869117 0.00613814 0.00302789 -0.000492203 -0.0042219 -0.00792123 -0.0113727 -0.0143521 -0.0166808 -0.0182601 -0.019102 -0.0192366 -0.0187263 -0.0176738 -0.0162231 -0.0144988 -0.0126342 -0.0107755 -0.00902585 -0.00743815 -0.0060434 -0.004871 -0.00389246 -0.0030896 -0.00244918 -0.00195693 -0.00157108 -0.00128341 -0.00108323 -0.000936238 -0.000832617 -0.000765915 -0.000725207 -0.000687232 -0.000669569 -0.000657166 -0.000641904 -0.000633564 -0.000627716 -0.000619643 -0.000609559 -0.000610147 -0.000598396 -0.000591159 -0.000590399 -0.000581343 -0.000575328 -0.000569908 -0.00056725 -0.00055869 -0.000557297 -0.000553262 -0.000547325 -0.000548157 -0.000538126 -0.000539706 -0.000538106 -0.000529478 -0.000529881 -0.000524822 -0.000520142 -0.000517034 -0.000517904 -0.00051272 -0.000508892 -0.000512292 -0.000503354 -0.00050521 -0.000506565 -0.00049914 -0.000503053 -0.000497811 -0.000494247 -0.000494945 -0.0004902 -0.00049234 -0.000490585 -0.000490877 -0.000491813 -0.000487933 -0.000490442 -0.00048577 -0.000483697 -0.000487027 -0.000481998 -0.000486577 
0 1.94579e-06 1.1094e-05 1.08207e-05 1.38266e-05 2.42471e-05 1.72372e-05 2.32517e-05 3.30501e-05 2.51425e-05 4.37387e-05 4.50494e-05 3.77334e-05 6.02101e-05 4.68351e-05 5.14892e-05 7.17687e-05 5.61887e-05 7.236e-05 7.8295e-05 6.98837e-05 8.17125e-05 8.66129e-05 9.46477e-05 9.35861e-05 0.000109001 0.000107974 9.6425e-05 0.00012276 0.000118085 0.000122914 0.000135491 0.000133904 0.000139562 0.000136699 0.000165459 0.000167757 0.000157437 0.000168462 0.000181414 0.000196914 0.000184491 0.000198422 0.000207863 0.000213764 0.000224808 0.000225348 0.000242478 0.000246682 0.000264491 0.000272652 0.000293163 0.000320244 0.000350526 0.000408365 0.000480408 0.000601083 0.000761594 0.00100467 0.00133073 0.00177647 0.00236331 0.00311483 0.00406642 0.00523132 0.00665104 0.00832003 0.0102556 0.0124062 0.0147207 0.0170722 0.0193208 0.0212893 0.0228068 0.0237099 0.0238527 0.0231393 0.0214939 0.0189205 0.015483 0.011373 0.00682187 0.00212665 -0.00244177 -0.00660743 -0.0101709 -0.0129562 -0.0148652 -0.0158626 -0.016035 -0.0155184 -0.0144679 -0.0130173 -0.0113194 -0.00952493 -0.0077523 -0.00605327 -0.00444285 -0.0029257 -0.00149393 -0.000107643 0.00129504 0.00276192 0.00431127 0.00594798 0.00767172 0.00945176 0.011193 0.0127571 0.0139964 0.0147785 0.0149492 0.0143584 0.0128899 0.0105393 0.0073727 0.00353798 -0.000788965 -0.00535379 -0.0098949 -0.0141123 -0.0177585 -0.0206137 -0.0225816 -0.0236268 -0.0238051 -0.0231923 -0.0219228 -0.0201454 -0.0180313 -0.0157547 -0.0134664 -0.0113013 -0.00932762 -0.00760594 -0.00612792 -0.00490591 -0.00389983 -0.00310114 -0.0024695 -0.0019891 -0.00163116 -0.00136509 -0.00118431 -0.00105069 -0.000968755 -0.000902747 -0.000870378 -0.000838852 -0.000819083 -0.00080702 -0.000792036 -0.000787521 -0.000770274 -0.000768087 -0.000753746 -0.000756027 -0.000744094 -0.000724045 -0.000729103 -0.000726112 -0.000721354 -0.000693431 -0.000698779 -0.000705721 -0.000693377 -0.000686232 -0.000674084 -0.000685291 -0.000668272 -0.000668235 -0.000677514 -0.000653077 -0.0006533 -0.000651746 -0.000650003 -0.000642382 -0.000644253 -0.00064661 -0.000623834 -0.000639424 -0.00063424 -0.000620534 -0.000640013 -0.000622114 -0.000619253 -0.000625004 -0.000610314 -0.000617236 -0.000615737 -0.00061432 -0.000616947 -0.000611593 -0.000613404 -0.000607444 -0.000608112 -0.000609377 -0.00060344 -0.000610289 -0.000606583 
0 7.6666e-06 -4.3309e-06 1.60593e-05 1.58302e-05 1.72372e-05 3.89796e-05 2.84729e-05 4.02667e-05 4.77741e-05 3.18469e-05 5.15115e-05 5.21358e-05 5.023e-05 7.33859e-05 6.86401e-05 7.06917e-05 8.31242e-05 8.01838e-05 8.75107e-05 9.91703e-05 0.00010324 0.000103709 0.000104252 0.000111649 0.000113327 0.000120696 0.000146541 0.000141452 0.000137243 0.000159375 0.000154251 0.000159841 0.00018286 0.000186501 0.000168395 0.000178095 0.000210843 0.000206639 0.000212436 0.000212535 0.000229188 0.000252649 0.000246507 0.00025825 0.000268515 0.000288837 0.000285118 0.000304177 0.000320706 0.000324516 0.000359282 0.00038089 0.000429259 0.000484899 0.000596393 0.000726706 0.000933856 0.00123492 0.00162915 0.00217518 0.00288125 0.00380754 0.00493205 0.00635611 0.00804843 0.0100545 0.0123434 0.014906 0.017628 0.0203789 0.0230134 0.0253042 0.02707 0.0280885 0.0282525 0.0273711 0.0254259 0.0223759 0.0183758 0.0135566 0.00824956 0.00274204 -0.00259938 -0.00751745 -0.0117218 -0.015033 -0.017321 -0.0185848 -0.0188863 -0.0183593 -0.0171796 -0.0155245 -0.0135801 -0.0114872 -0.00938838 -0.00734559 -0.00541693 -0.00358069 -0.00183898 -0.000124388 0.0015885 0.00337181 0.00523257 0.00720995 0.00926504 0.0113595 0.0133673 0.0151662 0.0165782 0.0174325 0.0175402 0.0167525 0.0149725 0.012168 0.00842165 0.00388405 -0.00118608 -0.00654609 -0.0118482 -0.0167955 -0.0210383 -0.0244113 -0.0267298 -0.028 -0.0282081 -0.0275282 -0.0260488 -0.0239849 -0.021502 -0.0188434 -0.0161521 -0.0135798 -0.0112437 -0.00918209 -0.0074225 -0.00593231 -0.00474537 -0.0037647 -0.00301064 -0.00241956 -0.00199605 -0.00166387 -0.00143755 -0.00128803 -0.00116861 -0.00110017 -0.00104563 -0.0010206 -0.000978484 -0.000974841 -0.00095222 -0.000932409 -0.000930974 -0.0009183 -0.000905691 -0.000885867 -0.000897216 -0.000884018 -0.000876031 -0.000859282 -0.000849948 -0.000872399 -0.000853334 -0.000826705 -0.000824163 -0.000836227 -0.000818909 -0.000807993 -0.000815202 -0.000790105 -0.00078699 -0.000797179 -0.000791735 -0.00078708 -0.000780568 -0.00077718 -0.000769546 -0.000765609 -0.000772631 -0.000763199 -0.000752679 -0.000757995 -0.00074385 -0.000741073 -0.000755321 -0.000743325 -0.000747924 -0.000752075 -0.000733888 -0.000737935 -0.000734151 -0.000726055 -0.000734357 -0.000731472 -0.000732222 -0.000735568 -0.000731632 -0.00073172 -0.000727915 
0 1.10041e-05 1.31186e-05 2.35119e-05 2.03942e-05 2.32517e-05 2.84729e-05 2.81611e-05 4.32146e-05 4.36561e-05 5.49519e-05 6.81886e-05 5.93624e-05 7.53116e-05 7.30288e-05 7.08607e-05 9.27242e-05 8.64225e-05 9.6891e-05 0.000107722 0.00010194 0.00011277 0.0001235 0.000132352 0.000137544 0.000152299 0.000147042 0.000144272 0.000164857 0.000160714 0.000178746 0.000186045 0.000184032 0.000198915 0.000199277 0.000224425 0.000236359 0.000232143 0.000233557 0.000257631 0.000272357 0.000260366 0.000282845 0.00028681 0.000296922 0.000314251 0.000321233 0.000331998 0.000350456 0.000376139 0.00038077 0.000422154 0.000460498 0.000507694 0.000591269 0.000715248 0.000882368 0.00112329 0.00148838 0.00195447 0.00259419 0.00343614 0.0045135 0.00584158 0.00749543 0.00948353 0.0117975 0.0144508 0.0173897 0.0205019 0.023621 0.0266019 0.0291891 0.0311583 0.0322911 0.0324365 0.0314108 0.0291529 0.0256878 0.021145 0.01571 0.00969578 0.00347362 -0.00259935 -0.00819743 -0.013021 -0.0168257 -0.0195087 -0.021054 -0.0215284 -0.021034 -0.0197759 -0.0179631 -0.0158092 -0.0134521 -0.0110425 -0.00867092 -0.00641522 -0.00425798 -0.00218467 -0.000134929 0.00191126 0.00401564 0.00620247 0.00851129 0.0108904 0.0132704 0.0155158 0.0175067 0.0190456 0.0199272 0.0199278 0.0189196 0.0168056 0.0135659 0.00925382 0.00407311 -0.00170587 -0.00777406 -0.013791 -0.0193776 -0.0241955 -0.028023 -0.0307026 -0.0321693 -0.0324481 -0.0316971 -0.030056 -0.0277256 -0.024921 -0.0219064 -0.0188373 -0.0158892 -0.0131868 -0.0108094 -0.00874612 -0.00701435 -0.00561057 -0.00447007 -0.00356671 -0.00287442 -0.00236745 -0.00196816 -0.00169867 -0.00151084 -0.0013761 -0.00127852 -0.00122781 -0.00118667 -0.00114396 -0.0011373 -0.00111563 -0.00109935 -0.00108495 -0.00108062 -0.0010612 -0.00105597 -0.00104837 -0.00101702 -0.00102471 -0.00101957 -0.000999842 -0.000979308 -0.000982266 -0.000981333 -0.000969088 -0.000966578 -0.000945429 -0.000953421 -0.000947145 -0.00093799 -0.000945563 -0.000922691 -0.000914628 -0.000913533 -0.000908963 -0.000901977 -0.00090327 -0.000898676 -0.000880894 -0.000893297 -0.000884489 -0.000880354 -0.000893486 -0.000873311 -0.000874765 -0.000869819 -0.000855843 -0.000865017 -0.000858497 -0.000861992 -0.000865234 -0.000858944 -0.000862795 -0.000853405 -0.000851726 -0.000851491 -0.00084455 -0.000852723 -0.00085074 
0 3.33104e-06 6.5612e-06 1.56149e-05 2.14474e-05 3.30501e-05 4.02667e-05 4.32146e-05 5.18163e-05 4.95426e-05 5.91542e-05 6.653e-05 6.42962e-05 8.41819e-05 8.50903e-05 8.85046e-05 0.000106932 0.000100225 0.000111604 0.00012349 0.00012213 0.000134018 0.000139872 0.000144284 0.000147827 0.000162671 0.000169886 0.000173961 0.00019444 0.00019131 0.000202508 0.000213936 0.000216635 0.000234837 0.000231803 0.000245023 0.000257829 0.000261545 0.000273981 0.000287962 0.000301854 0.000301826 0.000327287 0.000336801 0.000342799 0.000366383 0.000372975 0.000388342 0.000405675 0.000429393 0.00044239 0.000481663 0.000531073 0.000583776 0.000688674 0.00083124 0.00103426 0.00132257 0.001747 0.00229893 0.00304 0.00402212 0.00525833 0.00679672 0.00868764 0.0109623 0.0135891 0.0165895 0.0198866 0.0233536 0.0268135 0.0300944 0.032936 0.0350725 0.0362917 0.0363966 0.0352177 0.0326668 0.0288156 0.0237832 0.0177956 0.0111612 0.00429713 -0.00243255 -0.00865575 -0.0140486 -0.018334 -0.0214126 -0.0232659 -0.023945 -0.0235387 -0.0222565 -0.0203415 -0.0180162 -0.015432 -0.0127351 -0.0100513 -0.00746463 -0.00497757 -0.00255644 -0.000160571 0.00223585 0.00467347 0.00719681 0.00982854 0.012515 0.0151503 0.0176022 0.0197363 0.0213512 0.022204 0.0220617 0.0208015 0.0183446 0.0146723 0.00983418 0.00405748 -0.00236221 -0.00907072 -0.0157158 -0.0218736 -0.0272063 -0.0314518 -0.0344614 -0.0361231 -0.0364838 -0.0356823 -0.0339052 -0.0313445 -0.0282596 -0.0249155 -0.0215011 -0.0181974 -0.015149 -0.0124533 -0.0100996 -0.00812385 -0.00650378 -0.00519889 -0.00415114 -0.00335513 -0.00275806 -0.00229974 -0.00197949 -0.00175572 -0.00159883 -0.00147941 -0.00141883 -0.00136313 -0.00132027 -0.0012997 -0.00127639 -0.00125558 -0.00123791 -0.00123187 -0.00120507 -0.00120156 -0.00119332 -0.00117138 -0.00116763 -0.0011587 -0.00115008 -0.00113427 -0.0011341 -0.00112025 -0.00110825 -0.00110645 -0.00108926 -0.00109167 -0.0010752 -0.00106478 -0.00106786 -0.00105407 -0.00105256 -0.00104928 -0.00104369 -0.00103261 -0.00103261 -0.00103081 -0.00101527 -0.00102401 -0.00101199 -0.00100069 -0.00100904 -0.000993975 -0.000996923 -0.000999932 -0.000990845 -0.000995092 -0.000988405 -0.000984779 -0.000981886 -0.000976225 -0.000979065 -0.000974975 -0.000978002 -0.000979653 -0.000974147 -0.000977926 -0.000972159 
0 1.25094e-05 6.77801e-06 2.458e-05 2.84498e-05 2.51425e-05 4.77741e-05 4.36561e-05 4.95426e-05 7.35588e-05 5.94704e-05 7.37504e-05 8.98972e-05 7.62959e-05 0.000103087 0.000107299 0.000101287 0.000126287 0.000122435 0.000129871 0.000145088 0.000151163 0.000159002 0.00016052 0.000180432 0.000175006 0.000185203 0.000213816 0.000202255 0.000217602 0.000229715 0.000234787 0.000244628 0.000258366 0.00028275 0.000266349 0.000282384 0.000307967 0.000316919 0.000325814 0.000323666 0.000355178 0.000364623 0.000376133 0.000386835 0.000403203 0.000427225 0.000431331 0.000463062 0.000477619 0.00051067 0.00054907 0.000603786 0.000682125 0.000792792 0.000971652 0.00120008 0.00155223 0.00202513 0.00267245 0.00352081 0.00463549 0.00604358 0.00778378 0.00992566 0.0124634 0.0154154 0.0187338 0.0223745 0.0261566 0.02993 0.0334648 0.0365143 0.0387888 0.0400584 0.0401118 0.0387644 0.0359583 0.031744 0.0262924 0.019811 0.0126616 0.00522563 -0.00206767 -0.00885987 -0.0147582 -0.0195147 -0.0229825 -0.0251704 -0.0260802 -0.025822 -0.0245743 -0.0226178 -0.0201622 -0.0173906 -0.0144371 -0.0114606 -0.00854339 -0.00571546 -0.00293397 -0.000179679 0.00258015 0.00536618 0.00823303 0.011178 0.0141485 0.0170068 0.0196307 0.0218561 0.0234905 0.0242531 0.0239353 0.0223913 0.0195876 0.0154809 0.010166 0.00383971 -0.003138 -0.0104242 -0.0175966 -0.0242663 -0.030041 -0.03468 -0.0379765 -0.0398442 -0.040292 -0.039477 -0.0375875 -0.034845 -0.0315239 -0.0278834 -0.0241612 -0.0205217 -0.0171571 -0.0141326 -0.0115106 -0.00927557 -0.00744796 -0.00595786 -0.00477412 -0.00386002 -0.00316394 -0.00264813 -0.00226289 -0.00200854 -0.00181119 -0.00168836 -0.00159691 -0.00153973 -0.00149383 -0.00146123 -0.00144256 -0.00140962 -0.00140537 -0.00138272 -0.0013695 -0.00134791 -0.0013411 -0.00133812 -0.00131042 -0.00129942 -0.00128465 -0.00129596 -0.00127245 -0.00124637 -0.00125205 -0.00124297 -0.00123624 -0.00121615 -0.0012214 -0.00120628 -0.00118743 -0.00120347 -0.00118565 -0.00117745 -0.00117323 -0.00116638 -0.00115932 -0.00114913 -0.00116069 -0.00113982 -0.00113618 -0.00114579 -0.00111908 -0.00113054 -0.00113048 -0.0011125 -0.00112553 -0.00111381 -0.00110585 -0.00111295 -0.00110334 -0.00110393 -0.00110525 -0.00110023 -0.00110032 -0.00109867 -0.00109728 -0.00109642 -0.00109612 
0 2.91716e-06 2.81992e-05 1.89809e-05 3.07091e-05 4.37387e-05 3.18469e-05 5.49519e-05 5.91542e-05 5.94704e-05 8.58046e-05 8.23424e-05 9.32814e-05 0.000106688 9.95408e-05 0.000114181 0.000122671 0.000130016 0.000141745 0.00014928 0.000158368 0.000158254 0.000175792 0.000190478 0.000192112 0.000212682 0.000218284 0.000210146 0.000228244 0.000247963 0.000248694 0.000265251 0.00028246 0.000276873 0.000287676 0.000321864 0.000336792 0.000330233 0.000340961 0.000362351 0.000385993 0.00039095 0.000393163 0.000418983 0.000435981 0.000450958 0.000463027 0.000489681 0.000509766 0.000535796 0.000576098 0.000615031 0.000686299 0.000775376 0.000916683 0.00110673 0.00139407 0.00178961 0.00233227 0.00307206 0.00403571 0.00529243 0.00686406 0.00883184 0.0111989 0.0140218 0.0172657 0.0209101 0.0248439 0.0289264 0.032963 0.0367109 0.0399204 0.0422887 0.0435856 0.0435485 0.0420496 0.0389891 0.0344751 0.0286351 0.0217628 0.0141622 0.00626885 -0.00152815 -0.00878979 -0.0151601 -0.0203446 -0.0242192 -0.0267396 -0.0279248 -0.0278567 -0.0267194 -0.0247728 -0.0222414 -0.0193182 -0.0161484 -0.0128983 -0.00965741 -0.00647842 -0.00332718 -0.000202407 0.00293165 0.0060803 0.00929258 0.0125406 0.0157638 0.0188149 0.0215652 0.0238361 0.0254184 0.0260435 0.0255007 0.0236661 0.0204908 0.0159785 0.0102085 0.00341981 -0.00406245 -0.0118184 -0.019456 -0.0265321 -0.032714 -0.0376765 -0.041254 -0.0432988 -0.0438685 -0.0430526 -0.0410948 -0.0382082 -0.034696 -0.0308037 -0.0267935 -0.022865 -0.0191816 -0.0158621 -0.0129501 -0.0104854 -0.00842189 -0.00676143 -0.00542529 -0.00439497 -0.00359488 -0.00300806 -0.0025735 -0.00225927 -0.0020458 -0.00189156 -0.00179182 -0.00171318 -0.00167188 -0.00162722 -0.001603 -0.00158267 -0.00155656 -0.00153852 -0.00152687 -0.00151727 -0.0014856 -0.001472 -0.00146601 -0.00145933 -0.00143817 -0.00140693 -0.00140754 -0.00141464 -0.00139375 -0.00136886 -0.00137118 -0.00136323 -0.00134712 -0.00135311 -0.00134473 -0.00131866 -0.00131485 -0.001313 -0.00129961 -0.00129961 -0.00129355 -0.00128213 -0.00127373 -0.00127079 -0.00127263 -0.00126212 -0.00126672 -0.00126068 -0.00124216 -0.00124929 -0.00123675 -0.00123191 -0.00124267 -0.00122971 -0.0012344 -0.00123502 -0.00122289 -0.00122827 -0.00122122 -0.00121703 -0.00122219 -0.00121596 -0.00122019 
0 1.91009e-06 1.38958e-05 1.61717e-05 3.25118e-05 4.50494e-05 5.15115e-05 6.81886e-05 6.653e-05 7.37504e-05 8.23424e-05 8.17267e-05 0.000101469 0.000105286 0.000117903 0.00013761 0.000132613 0.000149306 0.000155689 0.000157923 0.000179667 0.000184394 0.000192609 0.00020171 0.000207515 0.000216086 0.000234821 0.000252895 0.000259597 0.000276418 0.000275873 0.00028972 0.000309117 0.00031443 0.000338068 0.000336084 0.000341008 0.000368663 0.000392242 0.000395268 0.000405096 0.000436084 0.000443929 0.000470063 0.000484448 0.000496376 0.00052319 0.000545733 0.000566458 0.000590881 0.000643815 0.00068328 0.000762199 0.000876126 0.00103108 0.00125754 0.00158809 0.00204791 0.00265669 0.00350207 0.00458855 0.00598734 0.00774325 0.00992527 0.0125381 0.0156218 0.0191684 0.0230997 0.027315 0.0316511 0.0359161 0.0398258 0.0431457 0.0455704 0.0468469 0.04671 0.0450411 0.0417668 0.0369724 0.0308248 0.0236166 0.0156749 0.00739421 -0.000795974 -0.00846534 -0.0152326 -0.0208326 -0.0250941 -0.0279689 -0.0294475 -0.0296293 -0.0286592 -0.0267895 -0.02423 -0.0212039 -0.0178538 -0.0143574 -0.0108014 -0.00726883 -0.00373979 -0.000235107 0.00328321 0.00680241 0.0103593 0.0138931 0.0173406 0.0205442 0.0233792 0.0256355 0.0271091 0.0275343 0.0267393 0.0245861 0.0210484 0.0161325 0.00996759 0.00276893 -0.00511533 -0.0132735 -0.0212672 -0.0286912 -0.035193 -0.0404533 -0.0442609 -0.046493 -0.0471803 -0.0464065 -0.0444069 -0.0414246 -0.037764 -0.0336581 -0.0294018 -0.0252 -0.0212357 -0.0176149 -0.0144395 -0.0117263 -0.00944724 -0.00759547 -0.00611593 -0.00495976 -0.00405353 -0.00339633 -0.00289882 -0.00253962 -0.00228671 -0.00211861 -0.00198981 -0.00190124 -0.00185453 -0.00179745 -0.00176548 -0.00173992 -0.00171991 -0.00168851 -0.00167532 -0.00165702 -0.00163669 -0.00163644 -0.00160599 -0.00158848 -0.00158789 -0.00158457 -0.0015561 -0.00154051 -0.00153626 -0.00151848 -0.00151978 -0.00149834 -0.00148244 -0.00147506 -0.00146048 -0.00146165 -0.00145684 -0.00144621 -0.00143392 -0.00143169 -0.00141993 -0.00141572 -0.00142035 -0.00139911 -0.0013984 -0.00138913 -0.00137298 -0.00138275 -0.00137376 -0.00137447 -0.00137747 -0.0013657 -0.00136615 -0.00135692 -0.00135074 -0.00135134 -0.00134595 -0.00134921 -0.00134892 -0.00134715 -0.00134833 -0.00134352 -0.00134243 
0 1.54238e-05 2.01094e-05 3.25192e-05 3.99942e-05 3.77334e-05 5.21358e-05 5.93624e-05 6.42962e-05 8.98972e-05 9.32814e-05 0.000101469 0.000120744 0.000112154 0.000128934 0.000141991 0.000137181 0.000163561 0.000170412 0.000174781 0.000193786 0.000200319 0.000211104 0.000223923 0.000242318 0.000244564 0.00025534 0.000271622 0.00027024 0.000294569 0.000303141 0.000319606 0.000335542 0.000336034 0.000371366 0.000376251 0.000387711 0.000412025 0.000424128 0.00043506 0.000447641 0.000479674 0.000478582 0.000504599 0.000527007 0.000535956 0.00057133 0.000591069 0.000621285 0.000652056 0.000713582 0.000764064 0.000853262 0.000995151 0.00116643 0.00143507 0.00180927 0.00233346 0.00301741 0.00396551 0.00517987 0.00672191 0.00866914 0.0110592 0.0139192 0.0172573 0.0210918 0.0252881 0.0297576 0.0343146 0.0387608 0.042792 0.0461738 0.048616 0.0498311 0.049582 0.0477407 0.0442796 0.0392447 0.0328574 0.025388 0.0171945 0.00861938 0.000132561 -0.00786118 -0.0149652 -0.0209447 -0.0255808 -0.0288134 -0.0306136 -0.0310883 -0.0303473 -0.0286127 -0.0260857 -0.023002 -0.019516 -0.0157977 -0.0119468 -0.0080606 -0.00415488 -0.000258457 0.00364636 0.0075424 0.0114315 0.0152357 0.0188723 0.0221916 0.0250574 0.0272455 0.0285485 0.0287271 0.0276437 0.0251597 0.0212611 0.0159661 0.00945215 0.00191524 -0.00628328 -0.0147545 -0.0230185 -0.0307158 -0.0374686 -0.0429828 -0.0469904 -0.0494076 -0.0502206 -0.0495268 -0.0475242 -0.0444963 -0.0407282 -0.0364596 -0.031993 -0.0275488 -0.023326 -0.019422 -0.0159894 -0.0130251 -0.0105331 -0.00848044 -0.00685047 -0.00555683 -0.00454261 -0.00379958 -0.00323422 -0.00282499 -0.00252649 -0.00233982 -0.00218268 -0.00208569 -0.00202702 -0.00196851 -0.00193257 -0.00190246 -0.00188549 -0.00184857 -0.00184394 -0.00181672 -0.00179112 -0.00178923 -0.00176206 -0.00174353 -0.00172542 -0.00172132 -0.00169221 -0.00168255 -0.00168 -0.00165266 -0.00165189 -0.00163294 -0.00163087 -0.00162405 -0.00160259 -0.00160267 -0.0015858 -0.001575 -0.00156835 -0.00156435 -0.00155011 -0.00153886 -0.00154432 -0.00152176 -0.00152619 -0.001531 -0.00150818 -0.0015185 -0.00150737 -0.00149085 -0.00149805 -0.00148413 -0.00148262 -0.00148811 -0.00147953 -0.00148135 -0.00147923 -0.00147146 -0.00147128 -0.00146816 -0.00146497 -0.00146737 -0.00146668 
0 3.40908e-07 2.83286e-05 2.13271e-05 3.66977e-05 6.02101e-05 5.023e-05 7.53116e-05 8.41819e-05 7.62959e-05 0.000106688 0.000105286 0.000112154 0.000142233 0.000135653 0.000150114 0.000167549 0.000169374 0.00018562 0.000195086 0.000209948 0.000212132 0.000226852 0.00024995 0.00024231 0.000273144 0.00028812 0.000280566 0.000310133 0.000322075 0.000332671 0.000345079 0.000368651 0.000376708 0.000374514 0.000416003 0.000428187 0.000439398 0.000449205 0.000468735 0.000508374 0.000508759 0.000528193 0.000549772 0.000580047 0.000594318 0.000614989 0.000654821 0.000670204 0.000724026 0.000771283 0.000843779 0.000945068 0.00110061 0.0013124 0.00160648 0.00205183 0.00262379 0.0034167 0.00445754 0.00581591 0.00751337 0.00965169 0.0122632 0.0153539 0.0189647 0.0230431 0.0275062 0.0321783 0.0369379 0.0414989 0.0456191 0.0490073 0.0514199 0.0525361 0.0521492 0.0501458 0.0464998 0.0412852 0.0347001 0.0270653 0.0186773 0.00992624 0.00121373 -0.00699698 -0.0143999 -0.0206927 -0.0257038 -0.0292743 -0.0314376 -0.0322246 -0.0317802 -0.0302246 -0.0278042 -0.0247016 -0.0211331 -0.0172128 -0.0131003 -0.00886245 -0.00459238 -0.000291081 0.00399227 0.00826913 0.0124644 0.0165258 0.0203074 0.0237111 0.0265396 0.0286155 0.0296793 0.0295855 0.0281657 0.0253588 0.0210889 0.0154687 0.00863289 0.000854065 -0.00759335 -0.0162596 -0.0247355 -0.0326064 -0.0395642 -0.0452593 -0.049458 -0.0520358 -0.0529926 -0.0524001 -0.0504388 -0.0474094 -0.0435652 -0.0391913 -0.034535 -0.0298963 -0.0254134 -0.0212724 -0.0175653 -0.0143729 -0.0116528 -0.00941258 -0.00761806 -0.00618349 -0.0050712 -0.00422078 -0.00360487 -0.00312335 -0.00280176 -0.00256693 -0.00240181 -0.0022841 -0.00220664 -0.00215199 -0.00209528 -0.00207785 -0.00203346 -0.00201075 -0.00199247 -0.00197386 -0.00194493 -0.0019178 -0.00192194 -0.0018962 -0.00187952 -0.00184964 -0.00184594 -0.00184835 -0.00181094 -0.00180046 -0.00179096 -0.00178155 -0.00175857 -0.00175504 -0.00175223 -0.0017159 -0.00172379 -0.00171594 -0.00169592 -0.00169852 -0.00168603 -0.00167874 -0.00166504 -0.00166597 -0.00165918 -0.00163993 -0.00165207 -0.00163286 -0.00162223 -0.00163704 -0.00161446 -0.00161787 -0.00162269 -0.00160155 -0.00161025 -0.00160488 -0.00159341 -0.00160328 -0.00159399 -0.00159171 -0.00159785 -0.0015877 -0.00159145 
0 1.50407e-05 1.08999e-05 3.4609e-05 4.24557e-05 4.68351e-05 7.33859e-05 7.30288e-05 8.50903e-05 0.000103087 9.95408e-05 0.000117903 0.000128934 0.000135653 0.000153907 0.000164998 0.000179809 0.000184885 0.000199861 0.000210963 0.000216049 0.000246141 0.000248219 0.000256593 0.000279871 0.000278471 0.000297353 0.000322814 0.000337571 0.000343249 0.000359764 0.000377725 0.000381232 0.000412706 0.000435129 0.00043728 0.000443812 0.000471935 0.000508123 0.000513872 0.000524671 0.00054911 0.000580838 0.000600416 0.00061631 0.000643464 0.000671899 0.000705099 0.000735647 0.000784681 0.000845227 0.00092906 0.00104874 0.00122255 0.00146675 0.00181244 0.0023012 0.00295576 0.00383756 0.00499511 0.00648584 0.00835611 0.0106869 0.0135096 0.0168466 0.0207013 0.0250277 0.0297069 0.0345825 0.0394781 0.0441324 0.0482803 0.0516463 0.053972 0.0549596 0.054422 0.0522514 0.0484497 0.0430853 0.0363847 0.0286336 0.0201541 0.0112951 0.00247784 -0.00589561 -0.0135057 -0.0200875 -0.0254178 -0.0293479 -0.0318668 -0.0330181 -0.0328902 -0.0315906 -0.029318 -0.0262694 -0.0226432 -0.0185739 -0.0142126 -0.00966007 -0.00501961 -0.000332587 0.00433989 0.00896759 0.0134622 0.0177353 0.0216447 0.0250691 0.0278229 0.02971 0.0305102 0.0300885 0.0283319 0.0251707 0.0205727 0.0146415 0.00756552 -0.000410626 -0.00899177 -0.0177873 -0.0263699 -0.0343673 -0.0414427 -0.0472866 -0.0516365 -0.05438 -0.0554828 -0.0550208 -0.0531506 -0.0501543 -0.0462904 -0.041837 -0.0370578 -0.0322278 -0.0275369 -0.0231546 -0.0192092 -0.015768 -0.0128365 -0.0103994 -0.00843023 -0.0068553 -0.0056252 -0.0046813 -0.003978 -0.00345072 -0.00307463 -0.00280627 -0.00261674 -0.00248376 -0.00239173 -0.00232493 -0.0022704 -0.0022349 -0.00220296 -0.00217608 -0.00214205 -0.00212177 -0.00210924 -0.00208898 -0.00205623 -0.00203294 -0.0020352 -0.00202064 -0.001991 -0.00196226 -0.00196259 -0.00195549 -0.00192826 -0.00191919 -0.00190326 -0.00188405 -0.00187292 -0.00187683 -0.00186069 -0.00183996 -0.00184312 -0.00182112 -0.00181498 -0.001817 -0.00180147 -0.00179553 -0.00178272 -0.0017763 -0.00176635 -0.00176315 -0.00176568 -0.00175049 -0.00175528 -0.00174797 -0.00173351 -0.00174144 -0.00172783 -0.00172512 -0.00173136 -0.00171849 -0.00172373 -0.00172293 -0.0017135 -0.00172094 -0.00171467 
0 1.78121e-05 2.31766e-05 4.17161e-05 4.74245e-05 5.14892e-05 6.86401e-05 7.08607e-05 8.85046e-05 0.000107299 0.000114181 0.00013761 0.000141991 0.000150114 0.000164998 0.000166483 0.000188375 0.000196751 0.000213229 0.000235758 0.000234602 0.000257609 0.000266399 0.000277668 0.000306087 0.000311941 0.000327218 0.000337185 0.00034666 0.000364914 0.000388887 0.000408525 0.000418529 0.000441601 0.000448219 0.000475267 0.000509225 0.00051344 0.000528039 0.000549975 0.000576971 0.000595525 0.000617311 0.000634432 0.000661343 0.000697836 0.000718408 0.000754676 0.000799258 0.00085366 0.000919732 0.00102354 0.00116144 0.0013556 0.00164177 0.00203445 0.00257852 0.00331348 0.00429833 0.00556873 0.00720349 0.00925154 0.0117751 0.0148118 0.0183874 0.0224821 0.0270262 0.0319071 0.0369464 0.0419457 0.0466421 0.0507824 0.0540774 0.0562732 0.0571013 0.0563973 0.0540631 0.0501187 0.0446553 0.0378908 0.0300989 0.0215949 0.0127279 0.00388517 -0.00456283 -0.0123222 -0.0191251 -0.0247469 -0.0290181 -0.0319095 -0.0334362 -0.0336644 -0.032664 -0.0306042 -0.0276578 -0.0240244 -0.0198411 -0.0152717 -0.0104284 -0.00544084 -0.000376858 0.00466576 0.00962635 0.0143855 0.0188407 0.0228347 0.0262379 0.0288554 0.0305071 0.0309991 0.0302324 0.0281151 0.0246069 0.0196965 0.0135115 0.0062454 -0.00184752 -0.0104884 -0.0193143 -0.0279355 -0.0359822 -0.043122 -0.0490569 -0.0535397 -0.0564376 -0.0576986 -0.0573902 -0.0556524 -0.0527352 -0.0488883 -0.0444038 -0.039536 -0.0345558 -0.0296721 -0.0250802 -0.0209012 -0.0172218 -0.0140731 -0.0114418 -0.00929025 -0.00756432 -0.00621613 -0.00516563 -0.00437537 -0.00378798 -0.00336305 -0.00304961 -0.00283776 -0.00268701 -0.00257474 -0.00250239 -0.00244866 -0.00240174 -0.00236212 -0.00234387 -0.00231137 -0.00228465 -0.00226024 -0.00223663 -0.00222167 -0.0022016 -0.00217035 -0.00214288 -0.00214493 -0.00212279 -0.0021 -0.00208646 -0.00206407 -0.00205792 -0.00205039 -0.00203846 -0.00201763 -0.00200734 -0.00199059 -0.00197801 -0.00198069 -0.00195692 -0.00195135 -0.00193936 -0.00192082 -0.00192658 -0.00191451 -0.00191416 -0.00190912 -0.00189506 -0.00189292 -0.00187666 -0.00187352 -0.00187072 -0.00186289 -0.00186689 -0.00186001 -0.00185664 -0.00185485 -0.0018478 -0.00184698 -0.00184446 -0.00184219 -0.00184219 -0.00184127 
0 1.80139e-06 2.88433e-05 2.73939e-05 4.45842e-05 7.17687e-05 7.06917e-05 9.27242e-05 0.000106932 0.000101287 0.000122671 0.000132613 0.000137181 0.000167549 0.000179809 0.000188375 0.000210558 0.000215973 0.000225472 0.000243741 0.000255802 0.000268403 0.00028708 0.000303081 0.000309519 0.000331204 0.00035061 0.000365937 0.000387052 0.00040071 0.000421982 0.000423883 0.00044915 0.000480489 0.00047448 0.000506637 0.00053034 0.000542744 0.00056581 0.000595235 0.000621141 0.000632587 0.000672861 0.000686098 0.00071881 0.000753822 0.000770952 0.000816981 0.00086065 0.000923289 0.000989302 0.00111772 0.00126988 0.00148955 0.00182322 0.00226254 0.00287695 0.00369408 0.00479591 0.00618254 0.00797697 0.0102064 0.0129272 0.0161822 0.0199883 0.0243141 0.029049 0.0341126 0.039273 0.0443415 0.0490312 0.0531253 0.0562993 0.0583255 0.058964 0.0580769 0.05558 0.0515071 0.0459894 0.039208 0.031444 0.0229819 0.014198 0.00540385 -0.00303601 -0.010882 -0.0178353 -0.0237125 -0.0282993 -0.0315686 -0.033473 -0.0340864 -0.0334209 -0.031631 -0.0288344 -0.0252466 -0.0209903 -0.0162581 -0.0111558 -0.00585413 -0.000435333 0.00494759 0.0102137 0.0151969 0.0197974 0.0238283 0.0271661 0.0295902 0.0309657 0.0311133 0.0299915 0.0275007 0.0236595 0.0184605 0.0120823 0.00468261 -0.00344918 -0.0120795 -0.020845 -0.029436 -0.0374589 -0.0446125 -0.0505857 -0.0551784 -0.0582195 -0.0596486 -0.0595136 -0.0579414 -0.055146 -0.0513518 -0.0468788 -0.0419539 -0.036864 -0.0318056 -0.0270307 -0.022627 -0.0187224 -0.0153531 -0.0125284 -0.010194 -0.00830894 -0.00684248 -0.00567791 -0.00480508 -0.00414592 -0.00367747 -0.0033134 -0.00307654 -0.0029078 -0.00277147 -0.00269117 -0.00262497 -0.00257819 -0.00252297 -0.00250438 -0.00246407 -0.00243632 -0.00241992 -0.00237971 -0.00236735 -0.00234888 -0.00232832 -0.00229733 -0.00229458 -0.00227494 -0.00223918 -0.00224419 -0.00222028 -0.00219867 -0.00218223 -0.00216547 -0.00215684 -0.00213691 -0.00213183 -0.00211907 -0.00210202 -0.00209383 -0.00208869 -0.00207983 -0.00206556 -0.00206547 -0.00204674 -0.0020302 -0.00203552 -0.00201536 -0.00201298 -0.0020227 -0.00200071 -0.0020037 -0.0020041 -0.00198004 -0.00199075 -0.00198494 -0.00196925 -0.00198582 -0.00197032 -0.0019657 -0.0019792 -0.00195885 -0.00196901 
0 2.10222e-05 1.97213e-05 4.55934e-05 5.46176e-05 5.61887e-05 8.31242e-05 8.64225e-05 0.000100225 0.000126287 0.000130016 0.000149306 0.000163561 0.000169374 0.000184885 0.000196751 0.000215973 0.000226738 0.000247298 0.000264948 0.000265135 0.000300491 0.000309388 0.000312008 0.000351421 0.000350085 0.000362208 0.000394196 0.000405575 0.000420994 0.000440918 0.000468689 0.0004746 0.000500177 0.000535126 0.000543998 0.000562472 0.000575743 0.000620581 0.000641331 0.000640445 0.000679534 0.000710008 0.000736819 0.000755363 0.000799106 0.000830323 0.000870106 0.000936509 0.000987604 0.00108902 0.00121879 0.00140236 0.00165036 0.00202396 0.00252716 0.00319436 0.00412268 0.00531212 0.00684909 0.00878455 0.011211 0.0141224 0.0175964 0.0216313 0.0261572 0.0310874 0.0362813 0.0415568 0.0466293 0.0513055 0.055286 0.058322 0.0601288 0.0605691 0.0594782 0.0568239 0.0526476 0.0471041 0.0403667 0.032674 0.0243457 0.0156969 0.00705049 -0.00133693 -0.00916958 -0.0162377 -0.0222922 -0.0271966 -0.0308021 -0.0331142 -0.0340989 -0.0338277 -0.032324 -0.0297542 -0.0262376 -0.021985 -0.0171122 -0.011819 -0.0062196 -0.000510725 0.00519742 0.0107045 0.015894 0.0205682 0.0246127 0.0278102 0.0300228 0.0310587 0.0308688 0.0293555 0.0265254 0.0223407 0.0169216 0.0103774 0.00294123 -0.00518798 -0.0137087 -0.0223651 -0.0308297 -0.0387862 -0.0458862 -0.0518712 -0.0565396 -0.05972 -0.061331 -0.0613835 -0.0600213 -0.0573706 -0.0536967 -0.0492485 -0.0443335 -0.0391435 -0.0339705 -0.0290069 -0.0244174 -0.0202844 -0.0167026 -0.0136799 -0.0111518 -0.00911625 -0.00749544 -0.0062372 -0.0052459 -0.00453068 -0.00398807 -0.00358771 -0.00331085 -0.00311562 -0.00297419 -0.00286386 -0.00280819 -0.00273824 -0.00270208 -0.00266893 -0.00262636 -0.00259929 -0.0025819 -0.00256064 -0.00250845 -0.00250018 -0.00248652 -0.00245898 -0.00243086 -0.00240079 -0.00240303 -0.00237775 -0.00235292 -0.0023421 -0.00232947 -0.00230846 -0.00229074 -0.00229776 -0.00226453 -0.00224957 -0.00225555 -0.00222222 -0.00221859 -0.00221347 -0.00219297 -0.00218655 -0.00217813 -0.00217401 -0.00216101 -0.00215979 -0.00215365 -0.00213405 -0.00214073 -0.00212774 -0.00211665 -0.00212697 -0.00210876 -0.00210822 -0.00211328 -0.00209608 -0.00210431 -0.00210271 -0.00209062 -0.00210134 -0.00209258 
