0 0 0 0 0 0 0 0 0 0 0 0 0 0 0 0 0 0 0 0 0 0 0 0 0 0 0 0 0 0 0 0 0 0 0 0 0 0 0 0 0 0 0 0 0 0 0 0 0 0 0 0 0 0 0 0 0 0 0 0 0 0 0 0 0 0 0 0 0 0 0 0 0 0 0 0 0 0 0 0 0 0 0 0 0 0 0 0 0 0 0 0 0 0 0 0 0 0 0 0 0 0 0 0 0 0 0 0 0 0 0 0 0 0 0 0 0 0 0 0 0 0 0 0 0 0 0 0 0 0 0 0 0 0 0 0 0 0 0 0 0 0 0 0 0 0 0 0 0 0 0 0 0 0 0 0 0 0 0 0 0 0 0 0 0 0 0 0 0 0 0 0 0 0 0 0 0 0 0 0 0 0 0 0 0 0 0 0 0 0 0 0 0 0 0 0 0 0 0 0 
0 1.82105e-06 -1.70458e-06 3.43931e-06 2.43671e-07 5.38388e-07 2.55692e-06 -5.84402e-07 2.89176e-06 1.00875e-06 3.14031e-06 2.06913e-06 1.95173e-06 4.833e-06 -2.55075e-07 1.04334e-05 8.23095e-06 1.56795e-05 3.32185e-05 3.262e-05 6.62627e-05 8.87137e-05 0.000126498 0.000201509 0.000271813 0.000392437 0.000536732 0.000709886 0.00093047 0.00119044 0.0014926 0.00183627 0.0022272 0.00261359 0.00301271 0.00336988 0.00364717 0.00384061 0.00389113 0.00380222 0.00353658 0.00311787 0.00253467 0.0018149 0.00101905 0.000176094 -0.000647908 -0.00140038 -0.00201466 -0.00250812 -0.00282276 -0.00296643 -0.00297732 -0.00285848 -0.00263564 -0.00234833 -0.00206014 -0.00176776 -0.00150129 -0.00124075 -0.00102997 -0.000870171 -0.000742066 -0.000630535 -0.000542298 -0.000476859 -0.000421277 -0.000391045 -0.000348358 -0.000311705 -0.000282916 -0.000271599 -0.000243506 -0.000224282 -0.000202983 -0.000188819 -0.000176984 -0.000165662 -0.000143408 -0.000130867 -0.000131016 -0.000116768 -9.81458e-05 -9.10919e-05 -9.24202e-05 -7.54361e-05 -6.53132e-05 -5.95026e-05 -5.7602e-05 -4.3324e-05 -3.92486e-05 -3.07353e-05 -2.8196e-05 -1.82636e-05 -1.51662e-05 -4.76146e-06 -4.35621e-06 3.80755e-06 8.00354e-06 1.75722e-05 1.63789e-05 2.53414e-05 2.93017e-05 3.73127e-05 3.69682e-05 4.63665e-05 4.8458e-05 5.73369e-05 5.88516e-05 6.58877e-05 6.76369e-05 8.0509e-05 8.14071e-05 8.46229e-05 9.10941e-05 0.000107194 0.000104289 0.000107243 0.000121728 0.000135534 0.000132213 0.000140099 0.000158212 0.000167922 0.000175352 0.000185724 0.000201733 0.000216838 0.000241003 0.000248602 0.000270089 0.000300164 0.000338148 0.000361482 0.000408881 0.000462564 0.000537903 0.000635102 0.000752809 0.000892164 0.00107771 0.001317 0.0015764 0.00186077 0.00213476 0.00241972 0.00266889 0.00283057 0.0028525 0.00275396 0.00250017 0.00207101 0.00150877 0.000806648 1.51211e-05 -0.000820668 -0.0016149 -0.00234572 -0.00295543 -0.00341773 -0.00372335 -0.00386151 -0.00385642 -0.00369261 -0.00344488 -0.00311033 -0.00272777 -0.00234806 -0.00196654 -0.001616 -0.00130495 -0.00104382 -0.000809909 -0.00063727 -0.000491151 -0.00036555 -0.000292692 -0.000211413 -0.000167232 -0.00013755 -0.000104975 -0.00010015 -8.53096e-05 -8.10562e-05 -7.75106e-05 -7.354e-05 -7.35096e-05 -7.01338e-05 -7.51643e-05 -7.06928e-05 -7.48425e-05 -7.54578e-05 -6.95471e-05 -7.61116e-05 -6.80713e-05 -6.93954e-05 -7.29751e-05 -6.61234e-05 -7.55084e-05 -7.08374e-05 
0 -1.70458e-06 2.26206e-06 -8.61519e-07 2.28973e-07 3.57992e-06 1.31981e-06 2.97401e-06 5.49692e-06 1.19416e-06 4.62455e-06 7.06823e-06 2.67176e-06 1.28789e-05 1.13232e-05 1.19131e-05 2.56852e-05 2.4416e-05 4.57252e-05 7.65962e-05 0.000112483 0.000186486 0.000276106 0.000398464 0.000570478 0.000786416 0.00106623 0.00142237 0.00186026 0.00237936 0.00298985 0.00368532 0.00442769 0.00522353 0.00601104 0.00670906 0.00730074 0.0076713 0.00776638 0.00757957 0.00706172 0.00620568 0.00506057 0.00365572 0.00203153 0.000356851 -0.00128392 -0.00277378 -0.00401496 -0.00496827 -0.00560512 -0.00593992 -0.0059462 -0.00568521 -0.00523468 -0.00471744 -0.00412806 -0.00353029 -0.00298397 -0.00248805 -0.00207009 -0.00173315 -0.00147862 -0.0012508 -0.00108926 -0.000940744 -0.000844274 -0.000767182 -0.000698128 -0.000614084 -0.000566951 -0.000534113 -0.000485684 -0.000444885 -0.000402458 -0.00037691 -0.000347464 -0.000331189 -0.000279327 -0.000265073 -0.000249921 -0.000235022 -0.000185672 -0.000184526 -0.000169456 -0.000151896 -0.00011707 -0.000118338 -9.88116e-05 -8.53017e-05 -6.27305e-05 -5.81302e-05 -3.97331e-05 -3.2253e-05 -1.35674e-05 -4.41723e-06 8.3191e-06 1.38489e-05 3.28866e-05 4.11701e-05 5.0117e-05 5.71945e-05 7.54152e-05 8.05491e-05 9.11122e-05 9.80722e-05 0.000113849 0.000119029 0.000134038 0.00013528 0.000152105 0.000162235 0.000178023 0.000170969 0.000197629 0.000212068 0.000222664 0.000214709 0.000255621 0.000267396 0.00027642 0.000279747 0.000324533 0.000335019 0.000357923 0.000373418 0.000408416 0.000439103 0.000483249 0.000506404 0.000542653 0.000613635 0.000677101 0.000739955 0.000818774 0.000947075 0.00108833 0.00128977 0.00150851 0.00180758 0.00218943 0.00265193 0.00315056 0.00371954 0.00431059 0.00484623 0.00531 0.00561832 0.00570929 0.00548841 0.00495804 0.00410917 0.00298112 0.00158011 1.04688e-05 -0.00161736 -0.00324013 -0.00469032 -0.00589207 -0.00681392 -0.00741961 -0.00768407 -0.007671 -0.00738869 -0.00686608 -0.00621406 -0.00546049 -0.00467858 -0.00393227 -0.00324064 -0.00262438 -0.00209139 -0.00164556 -0.00127002 -0.000969351 -0.000741963 -0.000558508 -0.000429767 -0.000341941 -0.000267099 -0.00022677 -0.000196677 -0.000169503 -0.000164546 -0.000155358 -0.00014856 -0.000152731 -0.000147065 -0.000142736 -0.000147217 -0.000138615 -0.000139832 -0.000146223 -0.000137449 -0.000148957 -0.000147198 -0.000140926 -0.000151888 -0.000138831 -0.000143718 
0 3.43931e-06 -8.61519e-07 5.29924e-06 1.94114e-06 2.63276e-06 4.93759e-06 1.63554e-06 6.46188e-06 4.04001e-06 8.08974e-06 6.85475e-06 7.28986e-06 1.32696e-05 7.58209e-06 2.61398e-05 2.96785e-05 4.8383e-05 8.86666e-05 0.000110684 0.000191291 0.000274513 0.000399086 0.00060488 0.000840073 0.00118712 0.00161807 0.00214574 0.00280289 0.00358215 0.00448882 0.00551813 0.00666135 0.00782555 0.0089967 0.0100489 0.0108845 0.0114407 0.0115917 0.0113145 0.010533 0.00927932 0.00755709 0.00543974 0.00307081 0.000579317 -0.00185942 -0.00408377 -0.0059302 -0.00738424 -0.00833853 -0.00880314 -0.00884406 -0.00850051 -0.00785971 -0.0070424 -0.00618209 -0.00531374 -0.00450733 -0.00374685 -0.00311485 -0.00261994 -0.00222509 -0.00188983 -0.00162401 -0.0014174 -0.00125412 -0.00114527 -0.00102367 -0.000913177 -0.000828799 -0.00077921 -0.000703505 -0.000641837 -0.000579235 -0.00053409 -0.000495313 -0.0004572 -0.000396379 -0.000359899 -0.000346328 -0.000307931 -0.000256773 -0.000234026 -0.000224299 -0.00018389 -0.000151291 -0.000132853 -0.000118516 -8.51961e-05 -6.60908e-05 -4.37076e-05 -2.96998e-05 -5.87565e-06 9.89862e-06 3.49594e-05 4.3501e-05 6.32035e-05 8.00792e-05 0.000102647 0.000107129 0.000127893 0.000143701 0.000162456 0.00016808 0.000189341 0.000201343 0.000221163 0.000230361 0.00024688 0.000258473 0.000285818 0.000294252 0.000303545 0.000324945 0.000359221 0.000361114 0.000370658 0.000408702 0.000440875 0.000443012 0.000464033 0.000511014 0.000539902 0.000564457 0.00059483 0.000640786 0.000687559 0.000749359 0.000783706 0.000846187 0.000935367 0.00103968 0.00112539 0.00126041 0.00143092 0.00165751 0.00194895 0.00230152 0.0027352 0.00329772 0.00399823 0.00476832 0.00560581 0.00643783 0.00726033 0.00796472 0.00841591 0.00848712 0.00816533 0.0073832 0.00610753 0.00441826 0.00233401 -1.05301e-05 -0.0024678 -0.00483592 -0.00699568 -0.00880026 -0.0101733 -0.011079 -0.0114942 -0.0114728 -0.0110178 -0.0102727 -0.0092886 -0.00816589 -0.0070249 -0.00589814 -0.00485698 -0.00393069 -0.00313998 -0.00245508 -0.00191882 -0.00147658 -0.00111508 -0.000869182 -0.000647853 -0.000508956 -0.000411408 -0.00032849 -0.000297349 -0.000259513 -0.000243907 -0.000232862 -0.000222515 -0.000221059 -0.000215096 -0.000220642 -0.000215695 -0.000220348 -0.000221028 -0.00021386 -0.000220662 -0.00021067 -0.000212115 -0.000215923 -0.000206783 -0.000216939 -0.000214696 
0 2.43671e-07 2.28973e-07 1.94114e-06 2.43431e-06 4.20926e-06 5.24491e-06 5.22325e-06 8.09333e-06 6.45494e-06 8.83194e-06 1.12706e-05 1.06863e-05 1.86499e-05 2.04348e-05 2.94717e-05 4.48033e-05 6.21031e-05 0.000103094 0.000157505 0.000246305 0.000377812 0.000558268 0.00081469 0.0011507 0.00159646 0.00216511 0.0028752 0.00374925 0.00478719 0.00599785 0.00736781 0.00885665 0.0104114 0.0119462 0.0133288 0.0144497 0.0151691 0.0153644 0.0149819 0.0139561 0.0122868 0.010025 0.00725176 0.00411182 0.000827436 -0.00238629 -0.00531391 -0.00777478 -0.00968227 -0.0109674 -0.0116289 -0.0116936 -0.0112423 -0.0104157 -0.00938249 -0.0082442 -0.00709038 -0.00600564 -0.00501696 -0.00417634 -0.00349901 -0.00295969 -0.00251102 -0.00215705 -0.00187027 -0.00165542 -0.0014915 -0.00133718 -0.001188 -0.00107854 -0.000996635 -0.000904264 -0.000817534 -0.00073614 -0.000672805 -0.000617351 -0.000562744 -0.000486714 -0.000439156 -0.000406573 -0.000359996 -0.000294585 -0.000263576 -0.000235993 -0.000192658 -0.000145144 -0.00012095 -9.17215e-05 -5.69752e-05 -2.32536e-05 2.12852e-06 2.88638e-05 5.40922e-05 8.27007e-05 0.000108852 0.000129073 0.000149689 0.000177442 0.000200303 0.000215656 0.000236162 0.000261963 0.000280523 0.000295955 0.000316024 0.000338341 0.000356838 0.000375003 0.000390601 0.000412963 0.000437264 0.000455159 0.000464959 0.000496347 0.000527232 0.000540597 0.000552073 0.000598501 0.000631097 0.000645873 0.00067048 0.000726252 0.000763493 0.000798705 0.000838653 0.000897143 0.000961253 0.00103334 0.00109102 0.0011717 0.0012916 0.00142051 0.00155115 0.00172472 0.00196419 0.00226659 0.002655 0.00312442 0.00372182 0.00447992 0.00539069 0.00640352 0.00750784 0.00863053 0.00968384 0.0105679 0.0111335 0.0112371 0.0107783 0.00970829 0.00801733 0.00576324 0.00301058 -7.56737e-05 -0.00329411 -0.0064377 -0.00928193 -0.0116568 -0.0134704 -0.0146614 -0.0152125 -0.0151833 -0.0146187 -0.0136258 -0.012337 -0.010866 -0.00934205 -0.0078621 -0.00648839 -0.00526252 -0.00420352 -0.00330452 -0.00256717 -0.00197024 -0.00150184 -0.0011465 -0.000876029 -0.000687377 -0.000548123 -0.000453921 -0.000394169 -0.000348714 -0.000327309 -0.000310893 -0.000300971 -0.000298577 -0.000292695 -0.00029066 -0.0002892 -0.000286065 -0.000285919 -0.000286823 -0.000285707 -0.000288194 -0.000288308 -0.00028827 -0.000291111 -0.000286421 -0.000286183 
0 5.38388e-07 3.57992e-06 2.63276e-06 4.20926e-06 5.06664e-06 5.37996e-06 7.30442e-06 8.15882e-06 9.37738e-06 1.03013e-05 1.37586e-05 1.45218e-05 1.98734e-05 2.8482e-05 3.54651e-05 5.92533e-05 8.59912e-05 0.000131628 0.000211095 0.000313978 0.000480941 0.000712001 0.00102538 0.00145969 0.00201603 0.0027318 0.00362507 0.00471349 0.00600877 0.00751509 0.00921767 0.011058 0.0129847 0.0148661 0.0165641 0.0179359 0.0188055 0.0190478 0.0185629 0.0172986 0.0152349 0.0124432 0.00903221 0.005175 0.00113995 -0.0028148 -0.00642363 -0.00948688 -0.0118547 -0.0134694 -0.014318 -0.0144324 -0.0139206 -0.012942 -0.0116895 -0.0102913 -0.00887743 -0.00752671 -0.00630487 -0.00525149 -0.00439082 -0.00369889 -0.00313244 -0.00267747 -0.00231107 -0.0020348 -0.00181038 -0.00161489 -0.00143097 -0.00128901 -0.00116984 -0.0010579 -0.000944649 -0.000843498 -0.000758333 -0.000684176 -0.000607473 -0.00052262 -0.000458444 -0.000405101 -0.000345636 -0.000274514 -0.000227253 -0.000182562 -0.000133116 -7.6995e-05 -3.96248e-05 1.37266e-06 4.10299e-05 8.5276e-05 0.000118443 0.000154651 0.000185508 0.000223181 0.00025325 0.000283193 0.000308631 0.000342897 0.000368704 0.000393718 0.000416814 0.0004481 0.000469861 0.000493072 0.000514469 0.00054303 0.000563718 0.000587172 0.000605883 0.000634656 0.000658314 0.000681442 0.000698321 0.000732981 0.000761807 0.000784015 0.000804685 0.000849607 0.000884606 0.00091109 0.00094366 0.000998721 0.00104673 0.00109056 0.00114105 0.00120829 0.00128758 0.00136655 0.0014481 0.00154897 0.00169044 0.00184432 0.00202028 0.00223779 0.00253833 0.00292093 0.00340672 0.00400352 0.00476025 0.005707 0.00683052 0.00809232 0.00944397 0.0108211 0.0120998 0.0131556 0.0138083 0.0139002 0.0132946 0.0119409 0.00983773 0.00702711 0.00362449 -0.000184865 -0.00414632 -0.0080153 -0.0115131 -0.0144466 -0.0166898 -0.0181646 -0.0188607 -0.0188226 -0.0181421 -0.0169228 -0.0153399 -0.0135368 -0.0116537 -0.0098241 -0.00811829 -0.00659337 -0.00526786 -0.00415408 -0.00322839 -0.00248374 -0.00190389 -0.00144605 -0.00111446 -0.000868633 -0.000690353 -0.000576301 -0.000492492 -0.000441366 -0.000410045 -0.000388656 -0.000376831 -0.000370184 -0.000366174 -0.000361682 -0.000363457 -0.000359904 -0.000359552 -0.000362476 -0.000357207 -0.000361832 -0.000358484 -0.000354539 -0.000360769 -0.000354602 -0.000358775 
0 2.55692e-06 1.31981e-06 4.93759e-06 5.24491e-06 5.37996e-06 7.93773e-06 8.62521e-06 8.26478e-06 1.2421e-05 1.41906e-05 1.33676e-05 2.24131e-05 2.21034e-05 3.06768e-05 5.11335e-05 6.54501e-05 0.000112071 0.000171313 0.000255277 0.000400967 0.000589693 0.000868764 0.00126035 0.00177242 0.00245314 0.00331882 0.00439075 0.00569337 0.0072491 0.00904375 0.0110599 0.0132652 0.0155277 0.0177424 0.0197511 0.0213339 0.0223493 0.0226325 0.0220477 0.0205397 0.0181163 0.0148128 0.0107804 0.00627098 0.0015212 -0.00313431 -0.00739996 -0.0110314 -0.0138722 -0.0158213 -0.0168461 -0.0170393 -0.0165073 -0.0154186 -0.013942 -0.0123158 -0.0106589 -0.00905813 -0.00759424 -0.00632768 -0.00528428 -0.00442645 -0.00373948 -0.00316641 -0.00272818 -0.0023718 -0.00209036 -0.00183835 -0.00162968 -0.00144285 -0.00128828 -0.00114896 -0.00101049 -0.00088803 -0.000776866 -0.000683199 -0.000576824 -0.000491131 -0.000399631 -0.000330069 -0.000246062 -0.00018131 -0.000103463 -4.98927e-05 1.82475e-05 7.11541e-05 0.00013569 0.000178808 0.00023575 0.000280066 0.000332535 0.000369243 0.000417196 0.000454146 0.000497464 0.000529529 0.000569789 0.000600695 0.000637989 0.000665594 0.000699908 0.000726419 0.000760273 0.000783179 0.000814189 0.000838103 0.000870501 0.000889082 0.000920366 0.000943372 0.000976097 0.000992609 0.00102796 0.00105163 0.00108776 0.00110716 0.0011489 0.00117669 0.00122237 0.00125137 0.00130073 0.00134212 0.00140566 0.00145311 0.00151681 0.00158848 0.00167963 0.00176659 0.00186819 0.00199645 0.00214691 0.00233433 0.00254831 0.00282618 0.0031751 0.00364864 0.00422767 0.00496953 0.00588051 0.00700826 0.00834378 0.00985298 0.0114385 0.0130219 0.0145177 0.0157196 0.0164302 0.0164551 0.0157003 0.0140616 0.0115348 0.00818194 0.00415516 -0.000341612 -0.0050293 -0.00955646 -0.0136816 -0.017157 -0.0198058 -0.0215554 -0.0224021 -0.0223655 -0.0215588 -0.0201566 -0.0182885 -0.0161659 -0.0139584 -0.0117798 -0.0097519 -0.00793371 -0.00635161 -0.00500897 -0.00390886 -0.00301638 -0.00230402 -0.00176867 -0.00135326 -0.00105115 -0.000846845 -0.00069234 -0.000598372 -0.000537429 -0.000491258 -0.000469352 -0.000453651 -0.000441577 -0.000438658 -0.000438225 -0.00043261 -0.000436884 -0.000435359 -0.000428315 -0.000435312 -0.000426947 -0.00042886 -0.000433397 -0.000423097 -0.000434001 -0.0004291 
0 -5.84402e-07 2.97401e-06 1.63554e-06 5.22325e-06 7.30442e-06 8.62521e-06 1.10652e-05 1.19478e-05 1.54538e-05 1.3296e-05 2.10715e-05 2.29595e-05 2.798e-05 4.87195e-05 5.21935e-05 9.07717e-05 0.000133029 0.000191391 0.000322417 0.000467047 0.000715876 0.00105996 0.00149898 0.00212828 0.00290902 0.00391504 0.00517418 0.00669434 0.00850051 0.0105886 0.0129295 0.0154337 0.0180492 0.0205699 0.0228434 0.0246666 0.0258017 0.0261061 0.0254105 0.0236893 0.0208896 0.0171247 0.0125527 0.00738682 0.00197619 -0.00333457 -0.00820801 -0.0124088 -0.0156697 -0.0179577 -0.0192309 -0.0195115 -0.0189529 -0.0177627 -0.0161663 -0.0143182 -0.0124144 -0.0105524 -0.00888356 -0.00740726 -0.00615632 -0.00512783 -0.00430173 -0.00362713 -0.00308474 -0.002661 -0.00229351 -0.00200419 -0.00174645 -0.00152846 -0.00132144 -0.00115994 -0.000988933 -0.000844953 -0.000707617 -0.000583226 -0.000456153 -0.000353953 -0.000248842 -0.000141243 -5.09385e-05 3.17366e-05 0.000118968 0.000207401 0.000273243 0.000348618 0.000417625 0.000488412 0.000542406 0.000609973 0.000660807 0.000720882 0.000767478 0.000823563 0.00086144 0.00091568 0.000953536 0.000998497 0.00102971 0.00107837 0.00110647 0.00114474 0.00117258 0.00121378 0.00123502 0.00127161 0.0012956 0.00132946 0.00135065 0.00138726 0.00140619 0.00143806 0.00146606 0.00150016 0.00151857 0.00155743 0.00159414 0.00162553 0.00165767 0.00170808 0.00175375 0.00179529 0.00185723 0.00191825 0.00198713 0.00206313 0.00216446 0.00225417 0.00238421 0.00252493 0.00270223 0.0029032 0.00317669 0.00349397 0.00392278 0.00447109 0.00515858 0.00602537 0.00711755 0.00843836 0.00995613 0.0116757 0.0134862 0.0153121 0.0169437 0.0182248 0.0189536 0.0189473 0.0179895 0.0160296 0.0130965 0.0092082 0.0045815 -0.000556468 -0.00588109 -0.0110848 -0.0157888 -0.0197563 -0.0228014 -0.0248098 -0.0257905 -0.0257656 -0.0248979 -0.0232873 -0.021178 -0.0187667 -0.0162169 -0.0137311 -0.0113969 -0.00929475 -0.00745047 -0.00590308 -0.00459407 -0.00354537 -0.00273132 -0.00206902 -0.0016106 -0.00125157 -0.000992979 -0.000833769 -0.000699202 -0.000630148 -0.000580578 -0.000547335 -0.000534447 -0.000520934 -0.0005159 -0.000507458 -0.000507193 -0.000500896 -0.000500672 -0.000505297 -0.000498394 -0.000506398 -0.000505187 -0.000502337 -0.000509259 -0.000499828 -0.0005015 
0 2.89176e-06 5.49692e-06 6.46188e-06 8.09333e-06 8.15882e-06 8.26478e-06 1.19478e-05 1.12865e-05 1.62923e-05 1.92243e-05 2.04511e-05 3.08493e-05 3.27441e-05 4.91785e-05 7.18505e-05 0.000102911 0.00016696 0.000247792 0.000381288 0.000572468 0.000843868 0.0012346 0.00175881 0.00247136 0.00338617 0.00455089 0.00599391 0.00772598 0.00978731 0.0121496 0.0147851 0.01763 0.0205421 0.023355 0.0258832 0.0278715 0.0291154 0.0294398 0.0286538 0.0267075 0.0235924 0.0193777 0.0142704 0.00855379 0.0025483 -0.00336216 -0.00881925 -0.0135329 -0.0172546 -0.0198764 -0.0213507 -0.021759 -0.0212612 -0.020034 -0.0182762 -0.0162478 -0.0141383 -0.0120609 -0.0101527 -0.00846 -0.00701072 -0.00580354 -0.00482694 -0.00402023 -0.00338371 -0.00286182 -0.00242022 -0.00206107 -0.00176587 -0.00149309 -0.00124485 -0.00103948 -0.000841033 -0.000666546 -0.000500005 -0.000342204 -0.000187558 -7.1982e-05 6.0674e-05 0.000193429 0.000308526 0.000396702 0.000511846 0.000615907 0.000703616 0.000783049 0.000876718 0.000955533 0.00103034 0.00110089 0.00117064 0.00123537 0.00130158 0.00135752 0.00140973 0.00146786 0.00152222 0.00156321 0.00160685 0.0016582 0.00169849 0.00173022 0.00177001 0.00181079 0.00184101 0.00187002 0.00190468 0.00193423 0.00196405 0.00199193 0.00201842 0.00204434 0.00208264 0.0021051 0.00212769 0.00216324 0.00221047 0.00222735 0.00226232 0.00231456 0.00236751 0.00239772 0.00246198 0.00252895 0.00260286 0.00268075 0.00278163 0.00288317 0.00302505 0.0031893 0.00337146 0.00360498 0.00391667 0.0042979 0.00477964 0.00541659 0.00621344 0.00722773 0.00847518 0.009966 0.0116901 0.0136227 0.0156241 0.0175941 0.0193779 0.0207359 0.0214386 0.0212944 0.0201418 0.0178835 0.0145249 0.0101344 0.00493417 -0.000816063 -0.00677042 -0.0125375 -0.0177865 -0.0222368 -0.0256492 -0.0279236 -0.0290504 -0.0290465 -0.0280803 -0.0263278 -0.0239864 -0.0213015 -0.018474 -0.0156672 -0.0130311 -0.0106478 -0.0085537 -0.0067837 -0.00530633 -0.00411157 -0.00316273 -0.00242193 -0.00186847 -0.0014505 -0.001161 -0.000955011 -0.000814358 -0.00072901 -0.000664057 -0.000629666 -0.000606215 -0.000590132 -0.000585569 -0.00058184 -0.000580408 -0.00058102 -0.000580249 -0.000577321 -0.000579066 -0.000572476 -0.0005706 -0.000572116 -0.000566496 -0.000574214 -0.000573472 
0 1.00875e-06 1.19416e-06 4.04001e-06 6.45494e-06 9.37738e-06 1.2421e-05 1.54538e-05 1.62923e-05 1.9293e-05 2.26283e-05 2.53045e-05 3.49977e-05 4.25716e-05 6.04412e-05 8.75457e-05 0.000125111 0.000194568 0.000292083 0.000446734 0.000673961 0.000994386 0.00144738 0.0020522 0.00285887 0.00389574 0.00520639 0.00683136 0.00878354 0.0110933 0.013735 0.0166626 0.0198022 0.0230008 0.0260811 0.0288328 0.030993 0.0323338 0.0326521 0.0317667 0.0296115 0.026187 0.0215799 0.0160109 0.00977424 0.00322231 -0.00323214 -0.00921817 -0.0144128 -0.0185527 -0.0215114 -0.02324 -0.0238003 -0.0233566 -0.0221118 -0.0202766 -0.018101 -0.0157847 -0.0134901 -0.0113668 -0.00946438 -0.00780352 -0.00640407 -0.0052625 -0.00432551 -0.00357469 -0.00295006 -0.00242156 -0.00199415 -0.00164485 -0.0013203 -0.0010235 -0.000771201 -0.000539417 -0.000331657 -0.000131743 6.43758e-05 0.000245254 0.000386836 0.000544976 0.000709148 0.000846694 0.000956375 0.00109185 0.00122093 0.00132802 0.00142501 0.00153492 0.0016331 0.00172443 0.00180841 0.00189066 0.00197021 0.00204988 0.00211481 0.00217623 0.00224557 0.00230972 0.00235543 0.00240556 0.0024649 0.00251088 0.0025438 0.00258763 0.00263327 0.00266523 0.00269279 0.00272886 0.00276057 0.00278887 0.00281331 0.00283834 0.00286477 0.00289926 0.00291673 0.00293511 0.00297102 0.00301339 0.00302453 0.00305317 0.0031072 0.00315643 0.0031817 0.00323904 0.00331095 0.00338571 0.00346315 0.00356116 0.0036732 0.00382696 0.00400636 0.0042038 0.00446466 0.00481932 0.00526067 0.00581383 0.00653568 0.00744645 0.00860318 0.0100205 0.0116859 0.0135847 0.015691 0.0178748 0.0199888 0.0218446 0.0232016 0.0238439 0.0235626 0.0221731 0.0195804 0.0157994 0.0109232 0.00518733 -0.00111256 -0.00762422 -0.0139381 -0.0196892 -0.0245679 -0.0283243 -0.0308418 -0.0321022 -0.0321449 -0.0311273 -0.0292427 -0.0267062 -0.023776 -0.0206746 -0.0175859 -0.0146727 -0.0120224 -0.00968735 -0.00769665 -0.00603017 -0.00467807 -0.0036011 -0.00276438 -0.00213425 -0.00166255 -0.00132885 -0.00109055 -0.000928076 -0.000824018 -0.000752712 -0.000712214 -0.000686812 -0.000670526 -0.000661566 -0.000655795 -0.000650161 -0.000648518 -0.000646162 -0.000642371 -0.000647904 -0.000645811 -0.000648359 -0.000652208 -0.000645739 -0.000649916 -0.000644139 
0 3.14031e-06 4.62455e-06 8.08974e-06 8.83194e-06 1.03013e-05 1.41906e-05 1.3296e-05 1.92243e-05 2.26283e-05 2.36845e-05 3.5783e-05 3.74163e-05 5.27405e-05 7.75499e-05 9.91029e-05 0.000160478 0.000233349 0.000347883 0.000538077 0.000784342 0.00115964 0.00167354 0.00235333 0.00327028 0.00443564 0.00590359 0.00771449 0.00989136 0.0124365 0.0153479 0.0185659 0.0219697 0.0254476 0.0287659 0.0316988 0.0340066 0.0354171 0.0357194 0.0347393 0.032404 0.0286873 0.023731 0.0177605 0.0110628 0.00404553 -0.00288794 -0.00934529 -0.0149972 -0.0195316 -0.0228184 -0.0248145 -0.025557 -0.0252126 -0.0239862 -0.0221224 -0.0198229 -0.017334 -0.0148414 -0.0125129 -0.0103938 -0.00851598 -0.00691784 -0.00559203 -0.00451457 -0.00362465 -0.00289081 -0.00225915 -0.00175771 -0.00133255 -0.000955415 -0.00059975 -0.000295313 -2.10948e-05 0.000225443 0.00046454 0.000702809 0.000910409 0.00109126 0.00127333 0.00147303 0.00163139 0.00177751 0.00192598 0.00208728 0.00221102 0.00233742 0.00245567 0.00258253 0.0026853 0.00279194 0.00288107 0.00298364 0.00306984 0.00315252 0.00321884 0.00330481 0.00337182 0.00343127 0.00348264 0.00355356 0.00359928 0.00364185 0.00368237 0.00373682 0.00376466 0.00379775 0.00382658 0.00386608 0.0038848 0.00391175 0.00392726 0.00396033 0.00397917 0.00399874 0.00400615 0.00404572 0.00406967 0.00408419 0.0040994 0.00415399 0.0041892 0.00421618 0.00425879 0.00433214 0.00440275 0.00447666 0.0045687 0.00468703 0.00485037 0.00503326 0.00525265 0.00553454 0.00593486 0.00642702 0.00706101 0.00786329 0.0088979 0.01019 0.0117698 0.0136038 0.0156669 0.0179229 0.0202471 0.0224722 0.0243475 0.0256667 0.0261994 0.0257426 0.0240801 0.0211466 0.0169604 0.0116185 0.00538081 -0.00143034 -0.00843386 -0.0152499 -0.0214477 -0.0267151 -0.0308068 -0.0335624 -0.0349584 -0.0350563 -0.0340148 -0.0320093 -0.0293187 -0.0261805 -0.0228215 -0.0194815 -0.0162967 -0.0133852 -0.0108149 -0.00861519 -0.00676445 -0.00526028 -0.00406718 -0.00311776 -0.0024161 -0.00188442 -0.00149349 -0.00123551 -0.00104077 -0.000920373 -0.000844707 -0.000788362 -0.000762506 -0.000742897 -0.000731171 -0.000725567 -0.000722668 -0.000721075 -0.000721339 -0.000722305 -0.000717606 -0.000719944 -0.000717212 -0.000714129 -0.000719115 -0.000714381 -0.000717964 
0 2.06913e-06 7.06823e-06 6.85475e-06 1.12706e-05 1.37586e-05 1.33676e-05 2.10715e-05 2.04511e-05 2.53045e-05 3.5783e-05 3.41959e-05 5.32102e-05 6.70817e-05 8.3243e-05 0.000136303 0.000182697 0.000281104 0.000430512 0.000619641 0.000935732 0.00134577 0.00191657 0.0027039 0.00370639 0.00501608 0.0066489 0.00864779 0.0110367 0.0138326 0.017 0.0204704 0.024168 0.0278675 0.0314048 0.034514 0.036917 0.0383801 0.0386601 0.0376003 0.035067 0.0311275 0.0258582 0.0195109 0.0124507 0.00503716 -0.0023091 -0.00919649 -0.0152229 -0.0201639 -0.0237766 -0.0260153 -0.026963 -0.0267763 -0.0256345 -0.0237274 -0.0213536 -0.0187269 -0.0160831 -0.0135255 -0.0111917 -0.009102 -0.00729735 -0.00577716 -0.0045269 -0.00350066 -0.00262639 -0.00190351 -0.00129213 -0.000799286 -0.000342501 6.00734e-05 0.000438497 0.000751063 0.00105182 0.00133224 0.00161446 0.0018572 0.00208028 0.00230033 0.0025227 0.00272237 0.00289623 0.00307833 0.00325317 0.00341918 0.00355843 0.00370916 0.00384483 0.00398347 0.00409372 0.00421499 0.00432 0.00443411 0.00451658 0.00461176 0.00469255 0.00478211 0.00483875 0.00491256 0.00497204 0.00503748 0.00507256 0.00512857 0.00516815 0.00521283 0.00523144 0.00527134 0.00529448 0.00532445 0.00533074 0.00535641 0.00537095 0.00539263 0.00539092 0.00540758 0.00542471 0.00544423 0.00544371 0.00546086 0.00549292 0.00552118 0.0055406 0.00557189 0.00563552 0.00569746 0.00576935 0.00584465 0.00597729 0.00613097 0.00633072 0.00655279 0.00687872 0.00730222 0.00786823 0.00856332 0.00946453 0.0106194 0.012061 0.0137805 0.0157579 0.0179939 0.0203769 0.0227991 0.0250405 0.0269292 0.0281689 0.0285367 0.0278188 0.0258854 0.0226149 0.0179987 0.0122346 0.00553422 -0.00173994 -0.00920887 -0.0164208 -0.0230344 -0.0286697 -0.0330473 -0.0360437 -0.0375829 -0.0377528 -0.0366808 -0.0346279 -0.0317977 -0.0284737 -0.0249249 -0.0213264 -0.0178974 -0.0147429 -0.0119476 -0.00953031 -0.00751688 -0.00586019 -0.00452073 -0.0035005 -0.00268831 -0.00210038 -0.00167925 -0.00135863 -0.00116483 -0.0010187 -0.000923723 -0.000873842 -0.000830982 -0.000813183 -0.000803881 -0.000796976 -0.000793782 -0.000793596 -0.00079159 -0.000789587 -0.000792144 -0.000787165 -0.000788515 -0.000789942 -0.000785337 -0.000791103 -0.000789298 
0 1.95173e-06 2.67176e-06 7.28986e-06 1.06863e-05 1.45218e-05 2.24131e-05 2.29595e-05 3.08493e-05 3.49977e-05 3.74163e-05 5.32102e-05 5.92912e-05 8.37454e-05 0.000115812 0.000157234 0.000237102 0.000338323 0.000503328 0.000742501 0.00108199 0.00156445 0.0022145 0.00308728 0.0042095 0.00565288 0.00744258 0.00962532 0.0122485 0.0152707 0.0187008 0.0224431 0.0263549 0.0302909 0.0340102 0.0372489 0.0397575 0.0412606 0.041498 0.0403354 0.037658 0.0334806 0.0279673 0.0213487 0.0139624 0.00621094 -0.00147985 -0.00870867 -0.0151015 -0.0203621 -0.0242862 -0.0268275 -0.0280181 -0.0279702 -0.0269108 -0.0250742 -0.0226629 -0.0199191 -0.0171024 -0.0143682 -0.0118239 -0.00951475 -0.00748407 -0.00575865 -0.00433441 -0.0031359 -0.00212422 -0.00127771 -0.000568303 3.0016e-05 0.000553781 0.001032 0.0014703 0.00184576 0.00219715 0.00253363 0.00285632 0.00314197 0.00341776 0.00367491 0.00393018 0.00416469 0.0043867 0.00459038 0.0047989 0.0049911 0.00516825 0.00533408 0.00550282 0.00565599 0.00579635 0.00593061 0.00606201 0.00618076 0.00628962 0.00639362 0.00649102 0.00657986 0.00665982 0.00673448 0.00680255 0.00686491 0.00691783 0.00696547 0.00700969 0.00704833 0.00707665 0.00710168 0.00712822 0.00714573 0.00715395 0.00716335 0.0071783 0.00717863 0.00717553 0.00717767 0.00718684 0.00718021 0.00717919 0.0071816 0.00719584 0.00720341 0.00721964 0.00723504 0.00727967 0.0073328 0.00739205 0.00746185 0.00758704 0.00774511 0.00793811 0.00818913 0.00853624 0.00900205 0.00961927 0.0104067 0.0113988 0.0126716 0.0142479 0.016118 0.0182459 0.0205889 0.0230611 0.0255529 0.0278211 0.0295996 0.0306801 0.0308575 0.029892 0.0276193 0.0239686 0.0189674 0.0127815 0.00567213 -0.00200062 -0.00984997 -0.0174673 -0.0244315 -0.0303672 -0.0350321 -0.0382332 -0.0399188 -0.0401862 -0.0391525 -0.0370399 -0.0341249 -0.0306622 -0.0269067 -0.0231242 -0.0194686 -0.0160849 -0.0130795 -0.010457 -0.00825712 -0.00644561 -0.0049905 -0.00385187 -0.00297601 -0.00232568 -0.00184047 -0.00150529 -0.00126662 -0.00110726 -0.00101191 -0.00094273 -0.000910152 -0.000885494 -0.00087081 -0.00086539 -0.000858797 -0.00085704 -0.000854554 -0.000858056 -0.000856729 -0.000861967 -0.000864264 -0.000861879 -0.000867698 -0.000860083 -0.000861483 
0 4.833e-06 1.28789e-05 1.32696e-05 1.86499e-05 1.98734e-05 2.21034e-05 2.798e-05 3.27441e-05 4.25716e-05 5.27405e-05 6.70817e-05 8.37454e-05 0.000109942 0.000146687 0.000204014 0.000292218 0.000419572 0.000616015 0.000886999 0.00127839 0.00181611 0.00253757 0.00350998 0.00475236 0.00634507 0.00831619 0.0106994 0.013539 0.0167996 0.0204682 0.0244486 0.0285962 0.0327304 0.0366089 0.0399606 0.042523 0.0440277 0.0442297 0.042985 0.040169 0.0358239 0.0301016 0.0232429 0.0156238 0.00763399 -0.000324481 -0.00784039 -0.01453 -0.0201117 -0.0243381 -0.0271424 -0.0285773 -0.0287508 -0.0278472 -0.0260671 -0.0236441 -0.0208414 -0.0179103 -0.0149876 -0.0122262 -0.00969926 -0.00744796 -0.00550384 -0.0038727 -0.00248962 -0.00131902 -0.000342847 0.000492843 0.00120062 0.00181571 0.00236935 0.00288222 0.00332338 0.00374099 0.00413491 0.00450331 0.00483839 0.00517077 0.00547281 0.0057595 0.00603804 0.00630406 0.00654264 0.00677805 0.00700695 0.0072145 0.00741067 0.00760241 0.00778135 0.00794335 0.00810515 0.00825158 0.00838627 0.00851279 0.00863857 0.00874087 0.00883994 0.00893424 0.00902131 0.00908581 0.00915576 0.00921708 0.00926691 0.00930268 0.00934613 0.0093741 0.00939388 0.00940962 0.00942607 0.00942536 0.00942681 0.00942763 0.00941802 0.00940203 0.00939607 0.00938429 0.00936018 0.00934797 0.00933961 0.00932627 0.00931474 0.00932166 0.00932106 0.00934088 0.00937734 0.00942598 0.00948309 0.00960109 0.00975029 0.00994456 0.0102113 0.0105905 0.0110899 0.0117646 0.0126303 0.0137253 0.0151199 0.0168249 0.0188131 0.0210625 0.0235234 0.0260574 0.028539 0.0307394 0.0324106 0.0333082 0.033214 0.0319198 0.029309 0.025298 0.0199086 0.0133434 0.00585916 -0.00218081 -0.0103665 -0.0182885 -0.02556 -0.0317864 -0.0367043 -0.0401255 -0.0419731 -0.0423377 -0.0413488 -0.0392377 -0.0362671 -0.0327019 -0.0288052 -0.0248325 -0.0209684 -0.0173746 -0.0141617 -0.0113525 -0.00899161 -0.00703429 -0.0054533 -0.00421543 -0.00324938 -0.00253404 -0.00200534 -0.00162929 -0.00137191 -0.0011945 -0.001081 -0.0010077 -0.000964791 -0.000939629 -0.000929036 -0.00092269 -0.000925621 -0.000928285 -0.000927373 -0.000933379 -0.000926545 -0.000928485 -0.000927181 -0.000922211 -0.000931057 -0.000926703 -0.0009347 
0 -2.55075e-07 1.13232e-05 7.58209e-06 2.04348e-05 2.8482e-05 3.06768e-05 4.87195e-05 4.91785e-05 6.04412e-05 7.75499e-05 8.3243e-05 0.000115812 0.000146687 0.000189691 0.000272724 0.000366152 0.000523745 0.000752782 0.00105754 0.00151555 0.00212059 0.00293352 0.0040165 0.0053854 0.00712526 0.00926885 0.0118547 0.0149071 0.0184158 0.0223255 0.0265317 0.0308993 0.035199 0.0392122 0.0426591 0.0452654 0.046765 0.046921 0.0455873 0.0426395 0.0381631 0.0322887 0.0252697 0.0174873 0.00931609 0.00115979 -0.00657514 -0.0134918 -0.0193368 -0.023844 -0.0269328 -0.0286307 -0.0290269 -0.0282978 -0.0266233 -0.0242498 -0.0214146 -0.0183821 -0.0152924 -0.0123354 -0.00959038 -0.00711031 -0.00494036 -0.00308713 -0.00150754 -0.0001608 0.000958245 0.0019339 0.00275914 0.00348164 0.0041177 0.0047105 0.00522533 0.00571814 0.00617396 0.00659282 0.00698519 0.00737595 0.00773053 0.00805318 0.008381 0.0086906 0.00897426 0.00923813 0.00950759 0.00974596 0.00998137 0.010195 0.010404 0.0105883 0.0107834 0.0109432 0.0110984 0.0112419 0.0113929 0.0114989 0.0116119 0.0117183 0.0118204 0.0118799 0.0119595 0.0120261 0.0120806 0.0121049 0.0121541 0.0121786 0.0121948 0.0121943 0.012211 0.0121981 0.0121911 0.0121707 0.012154 0.0121201 0.0121031 0.0120639 0.0120254 0.0119942 0.0119718 0.0119262 0.0118951 0.0118851 0.0118674 0.0118574 0.0118721 0.0119086 0.0119526 0.0120582 0.0121947 0.012396 0.0126779 0.0130918 0.0136258 0.0143654 0.0153137 0.0165183 0.0180259 0.019855 0.0219602 0.0243083 0.026841 0.0293954 0.0318366 0.0339142 0.0354017 0.0360425 0.0356427 0.0339982 0.0310146 0.0266178 0.0208469 0.013936 0.00612821 -0.00221216 -0.010688 -0.0188744 -0.026408 -0.032882 -0.0380136 -0.0416391 -0.0436578 -0.0441527 -0.0432469 -0.041178 -0.0381838 -0.0345474 -0.0305515 -0.0264236 -0.0223955 -0.0186203 -0.0152128 -0.012223 -0.00969295 -0.0075889 -0.00588052 -0.00455065 -0.00349976 -0.0027213 -0.00215248 -0.00172735 -0.00145387 -0.00125872 -0.00113162 -0.00106603 -0.00101458 -0.00099537 -0.000988149 -0.000975633 -0.000980042 -0.000978337 -0.000977808 -0.00098728 -0.000987136 -0.000995433 -0.00100076 -0.00100095 -0.00100667 -0.00100254 -0.00100382 
0 1.04334e-05 1.19131e-05 2.61398e-05 2.94717e-05 3.54651e-05 5.11335e-05 5.21935e-05 7.18505e-05 8.75457e-05 9.91029e-05 0.000136303 0.000157234 0.000204014 0.000272724 0.000346551 0.000488891 0.000666449 0.000922705 0.00130155 0.00179657 0.00248872 0.00340307 0.00458917 0.00610842 0.00801121 0.0103422 0.0131313 0.0164234 0.0201521 0.024295 0.0287381 0.0332721 0.0377458 0.041867 0.0453717 0.0479993 0.0494825 0.0495849 0.0481536 0.0451418 0.0405427 0.034572 0.0274769 0.0195957 0.0113188 0.00304647 -0.00481412 -0.0119425 -0.0179811 -0.02274 -0.026113 -0.0281 -0.0287362 -0.028195 -0.0266946 -0.0244017 -0.021582 -0.0184538 -0.0152497 -0.0120977 -0.00913975 -0.00642242 -0.00402165 -0.00193534 -0.000130861 0.00139682 0.00269434 0.00380393 0.00478 0.0056055 0.00635425 0.0070138 0.00762787 0.00818799 0.0087205 0.00918764 0.0096469 0.010093 0.010503 0.0108716 0.0112416 0.0116024 0.0119249 0.0122328 0.0125267 0.0128127 0.0130729 0.0133267 0.0135475 0.0137746 0.013983 0.0141768 0.0143345 0.0145148 0.0146691 0.0148016 0.0149097 0.0150463 0.0151424 0.0152206 0.0152891 0.0153788 0.0154185 0.015454 0.0154867 0.0155268 0.0155205 0.0155239 0.0155194 0.0155145 0.0154793 0.0154548 0.0154142 0.0153797 0.0153321 0.0152798 0.015217 0.0151749 0.0151254 0.0150562 0.0150025 0.0149714 0.0149375 0.014893 0.014891 0.0149023 0.0149482 0.0150208 0.0151613 0.0153534 0.0156719 0.0160997 0.0166899 0.0174782 0.0185261 0.0198352 0.0214504 0.0233844 0.0255918 0.0280308 0.0305737 0.033113 0.0354514 0.0373778 0.0385932 0.038933 0.0381888 0.0361713 0.0327748 0.0279864 0.021891 0.0146379 0.00655528 -0.00203584 -0.0107342 -0.0191635 -0.0268935 -0.0335722 -0.0389361 -0.0427418 -0.0449508 -0.0455965 -0.044817 -0.0428032 -0.039845 -0.0361911 -0.0321001 -0.0278818 -0.0236959 -0.0197527 -0.0161783 -0.0130229 -0.010333 -0.00809475 -0.0062823 -0.00483158 -0.00372461 -0.00287832 -0.00224808 -0.0018185 -0.00149684 -0.00129659 -0.00117171 -0.00108089 -0.0010466 -0.00101904 -0.00101066 -0.00101733 -0.00101807 -0.00102927 -0.00103674 -0.00104316 -0.00104927 -0.00105407 -0.00105786 -0.00106067 -0.00106671 -0.00106825 -0.00107391 
0 8.23095e-06 2.56852e-05 2.96785e-05 4.48033e-05 5.92533e-05 6.54501e-05 9.07717e-05 0.000102911 0.000125111 0.000160478 0.000182697 0.000237102 0.000292218 0.000366152 0.000488891 0.000634311 0.000860074 0.00117036 0.00159139 0.00217582 0.00294858 0.00396715 0.0052795 0.00695419 0.00902149 0.0115539 0.0145761 0.0180698 0.0220585 0.0264203 0.031053 0.0357944 0.0403906 0.0446061 0.0481635 0.0507911 0.0522203 0.0522748 0.0507803 0.0476765 0.0430429 0.0370198 0.0298852 0.0219804 0.0136974 0.00538481 -0.00256244 -0.0097856 -0.0160095 -0.0210013 -0.0246257 -0.0268594 -0.027795 -0.027514 -0.0261729 -0.023992 -0.021229 -0.0180913 -0.0147638 -0.0114402 -0.00826864 -0.00534266 -0.00269802 -0.000362357 0.00167036 0.00340187 0.0048784 0.00615402 0.00726798 0.00823262 0.00907777 0.00983475 0.0105314 0.0111826 0.0117761 0.012314 0.0128306 0.0133381 0.0138017 0.014224 0.0146372 0.0150426 0.0154148 0.0157593 0.0160894 0.0164093 0.0167111 0.0169878 0.0172414 0.0174916 0.0177318 0.0179396 0.0181254 0.0183179 0.0184955 0.0186351 0.0187642 0.0189032 0.0190158 0.019094 0.019175 0.0192597 0.0193095 0.019337 0.0193739 0.019404 0.0194005 0.0193872 0.0193808 0.0193623 0.0193202 0.0192724 0.0192255 0.0191739 0.0191082 0.019031 0.0189564 0.0188932 0.0188176 0.0187264 0.0186503 0.0185983 0.0185381 0.0184746 0.0184401 0.0184432 0.0184714 0.0185349 0.018658 0.0188715 0.0192047 0.0196728 0.0203111 0.0211709 0.0223036 0.0237266 0.0254586 0.0274795 0.0297641 0.0322455 0.034812 0.0372751 0.0394408 0.0411159 0.0420743 0.0420689 0.0408938 0.0384544 0.0346633 0.0295029 0.0230538 0.0155344 0.0072014 -0.00160284 -0.0104804 -0.0190599 -0.0269647 -0.0338435 -0.0393742 -0.0433951 -0.0457972 -0.0466056 -0.0459734 -0.044088 -0.0411893 -0.0375473 -0.0334531 -0.0291246 -0.024836 -0.0207636 -0.0170199 -0.0137319 -0.0108967 -0.0085284 -0.00660032 -0.00506567 -0.0038713 -0.00296887 -0.00231206 -0.00182809 -0.00151065 -0.00129056 -0.00114812 -0.0010814 -0.00102987 -0.00102074 -0.00102275 -0.00102518 -0.00104652 -0.00105533 -0.00107079 -0.00108499 -0.00109279 -0.00110507 -0.00111211 -0.00112006 -0.00112752 -0.0011339 -0.00114001 
0 1.56795e-05 2.4416e-05 4.8383e-05 6.21031e-05 8.59912e-05 0.000112071 0.000133029 0.00016696 0.000194568 0.000233349 0.000281104 0.000338323 0.000419572 0.000523745 0.000666449 0.000860074 0.00112638 0.00148762 0.00198345 0.00264454 0.00352115 0.00466768 0.0061212 0.00796006 0.0102149 0.0129455 0.0161849 0.0199198 0.0241404 0.0287324 0.0335762 0.0384737 0.0431878 0.0474769 0.0510581 0.0536726 0.0550744 0.055065 0.0534923 0.0503488 0.0456794 0.0396626 0.0325854 0.0247331 0.0164821 0.00820082 0.000256395 -0.00702933 -0.0133502 -0.0185196 -0.0224048 -0.024938 -0.0261425 -0.0260954 -0.0249876 -0.0229954 -0.0203227 -0.0171676 -0.0137768 -0.0103183 -0.00695827 -0.00380941 -0.000927859 0.00165405 0.00392142 0.00586898 0.00754621 0.00898525 0.0102558 0.0113556 0.0123179 0.0131645 0.0139598 0.0146881 0.0153552 0.015959 0.0165402 0.0170978 0.0176196 0.0180959 0.0185507 0.0189987 0.0194169 0.0198022 0.0201624 0.0205214 0.0208537 0.0211616 0.0214402 0.0217219 0.0219784 0.0222127 0.0224178 0.0226308 0.0228156 0.0229785 0.0231179 0.0232672 0.023382 0.0234785 0.0235592 0.0236469 0.0236958 0.0237331 0.0237602 0.0237895 0.0237806 0.0237664 0.0237446 0.023723 0.0236677 0.0236089 0.0235465 0.0234868 0.0233983 0.0233049 0.0232167 0.0231351 0.0230329 0.0229244 0.0228322 0.0227537 0.0226742 0.0225904 0.0225376 0.0225219 0.0225484 0.0225959 0.022722 0.0229526 0.0233221 0.0238244 0.0245286 0.0254675 0.0267016 0.0282335 0.0300635 0.0321713 0.0345283 0.0370305 0.0395288 0.0418794 0.0438577 0.0452477 0.0458256 0.0454179 0.0438324 0.0409626 0.0367308 0.0311836 0.0244369 0.0166613 0.00813963 -0.000807918 -0.00982799 -0.0185521 -0.026575 -0.0335951 -0.0393047 -0.0435046 -0.0461197 -0.0471434 -0.0466947 -0.0449556 -0.0421673 -0.0385825 -0.0344937 -0.0301426 -0.0257778 -0.0215955 -0.0177284 -0.0142998 -0.0113282 -0.00884392 -0.00681515 -0.00519161 -0.00393808 -0.00298035 -0.0022779 -0.00177777 -0.00143617 -0.00121487 -0.00108326 -0.00101136 -0.000981988 -0.000981329 -0.000986931 -0.00101074 -0.00102906 -0.00105142 -0.00108001 -0.00109523 -0.00112493 -0.00114068 -0.0011574 -0.00117775 -0.00118036 -0.00119766 -0.00119996 
