0 0 0 0 0 0 0 0 0 0 0 0 0 0 0 0 0 0 0 0 0 0 0 0 0 0 0 0 0 0 0 0 0 0 0 0 0 0 0 0 0 0 0 0 0 0 0 0 0 0 0 0 0 0 0 0 0 0 0 0 0 0 0 0 0 0 0 0 0 0 0 0 0 0 0 0 0 0 0 0 0 0 0 0 0 0 0 0 0 0 0 0 0 0 0 0 0 0 0 0 0 0 0 0 0 0 0 0 0 0 0 0 0 0 0 0 0 0 0 0 0 0 0 0 0 0 0 0 0 0 0 0 0 0 0 0 0 0 0 0 0 0 0 0 0 0 0 0 0 0 0 0 0 0 0 0 0 0 0 0 0 0 0 0 0 0 0 0 0 0 0 0 0 0 0 0 0 0 0 0 0 0 0 0 0 0 0 0 0 0 0 0 0 0 0 0 0 0 0 0 
0 -6.917e-06 9.74159e-06 -8.47726e-06 9.36609e-07 1.32107e-05 -2.7602e-06 1.55151e-05 1.10941e-05 -8.09434e-07 1.44993e-05 2.81655e-06 5.47065e-06 1.63845e-05 9.2442e-06 1.49713e-05 1.40487e-05 1.389e-05 1.53281e-05 1.60207e-05 2.55814e-05 1.7659e-05 1.66467e-05 2.27613e-05 1.09313e-05 1.74255e-05 3.26499e-05 2.56215e-05 2.35271e-05 3.28369e-05 2.72242e-05 2.31389e-05 4.04372e-05 4.22222e-05 2.24838e-05 2.68942e-05 3.80348e-05 3.97902e-05 3.98442e-05 2.99868e-05 4.08349e-05 5.02395e-05 4.56576e-05 4.50512e-05 5.11889e-05 5.71231e-05 4.85868e-05 6.03663e-05 5.75794e-05 5.51175e-05 6.34285e-05 6.22231e-05 6.37685e-05 6.30647e-05 7.77078e-05 6.94602e-05 8.16365e-05 9.45016e-05 0.000104742 0.000123874 0.00015635 0.000205714 0.000251828 0.000346863 0.000452769 0.000597031 0.000768724 0.00100579 0.00127529 0.00159887 0.00198966 0.00243277 0.00291537 0.00341072 0.00392182 0.00436485 0.00473181 0.00496636 0.00507819 0.00498614 0.00471119 0.00422287 0.00355931 0.00270614 0.00175053 0.00075 -0.000217677 -0.00112915 -0.00192186 -0.00254568 -0.00296552 -0.00318467 -0.00322066 -0.00308745 -0.00282296 -0.0024542 -0.0020214 -0.00153192 -0.00102289 -0.000501095 1.06175e-05 0.000532996 0.00104687 0.00154964 0.00200508 0.00240957 0.00272488 0.00292677 0.00297294 0.00284913 0.00253116 0.00200973 0.00130456 0.000463011 -0.000456004 -0.00142759 -0.00238527 -0.00326897 -0.00398634 -0.00453844 -0.00488623 -0.00505252 -0.00500942 -0.00483355 -0.00451681 -0.00411454 -0.00362637 -0.0031421 -0.00265958 -0.00221275 -0.00180681 -0.00147115 -0.0011879 -0.000940282 -0.000753957 -0.000601789 -0.000488571 -0.00038541 -0.00033426 -0.000281453 -0.000248182 -0.000223617 -0.000216241 -0.000201233 -0.000189225 -0.000195946 -0.000182824 -0.000181738 -0.000177286 -0.000180403 -0.000167734 -0.000170558 -0.000170428 -0.000157996 -0.000165024 -0.000162048 -0.000156491 -0.0001506 -0.000161424 -0.000159805 -0.000150264 -0.000150359 -0.000149307 -0.000163179 -0.00015511 -0.000135214 -0.000143988 -0.000154419 -0.000143241 -0.000137218 -0.000144284 -0.000134732 -0.000130929 -0.00014709 -0.000143195 -0.000135338 -0.000140812 -0.000134865 -0.000133784 -0.000136663 -0.000136546 -0.000135824 -0.000126482 -0.000132265 -0.000129235 -0.000124164 -0.000141525 -0.000131174 -0.000130926 -0.000140476 -0.000120302 -0.000128461 -0.000130309 -0.000118436 -0.000135658 -0.000129482 -0.000126481 -0.000137368 -0.000123689 -0.000129015 
0 9.74159e-06 9.1414e-07 1.06155e-05 1.51011e-05 -1.80217e-06 1.06764e-05 9.61413e-06 -7.70825e-07 2.61517e-05 1.72178e-05 1.55207e-05 3.63684e-05 1.27003e-05 2.125e-05 3.24517e-05 1.84595e-05 3.29578e-05 3.42604e-05 2.8798e-05 2.63793e-05 3.85142e-05 4.17847e-05 3.63248e-05 6.50561e-05 4.45277e-05 3.76899e-05 5.51226e-05 4.01344e-05 5.97085e-05 5.38192e-05 6.03804e-05 5.92194e-05 4.27686e-05 8.11406e-05 8.29295e-05 7.28738e-05 6.18886e-05 8.57616e-05 9.64109e-05 7.2605e-05 9.42559e-05 8.12593e-05 9.33913e-05 9.8676e-05 9.43111e-05 0.00010064 0.00010433 0.000121176 0.000103662 0.000130374 0.000129346 0.000129847 0.000142776 0.000151396 0.000159661 0.00016167 0.000202449 0.000209365 0.000254943 0.000315372 0.000405869 0.000512407 0.000682349 0.000912807 0.00118071 0.00154785 0.00199886 0.00255673 0.00319307 0.00398201 0.00486047 0.00582307 0.0068166 0.00781992 0.00871412 0.00942793 0.00991404 0.0101105 0.00994883 0.00937937 0.00843066 0.00708812 0.00541767 0.00350427 0.00153548 -0.000406734 -0.00220426 -0.00379173 -0.0050233 -0.00587421 -0.00631051 -0.00639499 -0.00613247 -0.00561617 -0.00488452 -0.00402618 -0.0030519 -0.00203791 -0.000995969 2.87161e-05 0.00107246 0.00209767 0.00309929 0.00400522 0.00480896 0.00542892 0.00582796 0.0059094 0.0056618 0.00501448 0.00398324 0.00257086 0.000910314 -0.000934342 -0.00284958 -0.004767 -0.00649983 -0.0079487 -0.00902629 -0.00974162 -0.0100514 -0.00999465 -0.00962634 -0.00901706 -0.00820249 -0.0072517 -0.00627919 -0.00532416 -0.00443547 -0.00362444 -0.00296131 -0.00238053 -0.00190585 -0.00151147 -0.00122604 -0.000976783 -0.000791703 -0.000666834 -0.000570957 -0.000497915 -0.000444885 -0.000432841 -0.000389387 -0.000383369 -0.000371287 -0.000367962 -0.000348844 -0.000353723 -0.000354423 -0.000331781 -0.000347628 -0.000335689 -0.000336987 -0.000323807 -0.000332982 -0.000323064 -0.000318897 -0.000324958 -0.000291918 -0.0003144 -0.000314456 -0.000298661 -0.000279192 -0.000292085 -0.000312073 -0.000284641 -0.000291418 -0.000279732 -0.000290823 -0.000293076 -0.000278291 -0.00029915 -0.00026867 -0.000265546 -0.000280091 -0.000269524 -0.000271793 -0.000271435 -0.000273445 -0.000255832 -0.000269832 -0.000277395 -0.000256178 -0.000281138 -0.000264553 -0.000248257 -0.000268787 -0.000247133 -0.000255546 -0.000269621 -0.000255397 -0.000267145 -0.000263461 -0.000252511 -0.000258175 -0.000252759 -0.000250683 -0.000257299 -0.000256885 
0 -8.47726e-06 1.06155e-05 -2.4826e-06 8.25574e-06 2.04382e-05 9.48975e-06 2.81907e-05 2.29549e-05 1.63172e-05 2.96588e-05 1.9231e-05 2.78689e-05 3.61558e-05 3.33937e-05 4.28724e-05 3.96587e-05 4.42696e-05 4.73663e-05 4.86342e-05 6.08144e-05 5.54996e-05 5.53391e-05 6.1149e-05 5.54882e-05 6.12981e-05 7.8838e-05 7.84465e-05 7.42358e-05 8.85066e-05 8.38372e-05 8.23524e-05 0.000104045 0.000103465 9.06051e-05 9.62971e-05 0.000108127 0.000113314 0.000118426 0.000112098 0.000121515 0.000140222 0.000136085 0.000138891 0.000151365 0.000157708 0.00015437 0.000169638 0.000172684 0.000169587 0.0001865 0.000189863 0.000192744 0.000202162 0.00022353 0.000224786 0.000248323 0.000286661 0.000320912 0.000381939 0.000479421 0.000615632 0.000782282 0.00104511 0.00137783 0.00180236 0.00233966 0.00302967 0.00385017 0.00482471 0.00598726 0.0073029 0.00873092 0.0102114 0.0116917 0.0130095 0.0140752 0.0147828 0.0150728 0.0148124 0.0139785 0.0125494 0.0105677 0.00807977 0.00526771 0.00233249 -0.000541091 -0.00322546 -0.00556707 -0.00741476 -0.00868314 -0.00936147 -0.00949378 -0.00913026 -0.00836953 -0.00729995 -0.00601921 -0.00457823 -0.00305998 -0.00150745 3.78184e-05 0.00159504 0.00313245 0.00461752 0.00597242 0.0071537 0.00807095 0.00864018 0.00875563 0.00835919 0.00739038 0.00583739 0.00375303 0.00127261 -0.00145847 -0.00431735 -0.00713737 -0.00971584 -0.0118526 -0.0134724 -0.0145196 -0.0149975 -0.0149106 -0.0143791 -0.0134627 -0.0122616 -0.0108537 -0.0094068 -0.00798362 -0.00665339 -0.00545491 -0.0044421 -0.00358365 -0.00285854 -0.00228317 -0.00183103 -0.00147445 -0.00118883 -0.001004 -0.000856788 -0.000750706 -0.000679163 -0.000643902 -0.000602276 -0.000576245 -0.000572322 -0.000552868 -0.000539793 -0.000533954 -0.000531497 -0.000510579 -0.000511701 -0.000506232 -0.000490027 -0.000490619 -0.00048797 -0.00047475 -0.000467177 -0.000477781 -0.000467809 -0.000458501 -0.000456483 -0.00045377 -0.000461476 -0.000453194 -0.000432178 -0.000434823 -0.00044636 -0.000429755 -0.000423958 -0.000427702 -0.000413501 -0.000413391 -0.000424465 -0.00041967 -0.000412255 -0.000414868 -0.000406925 -0.000404975 -0.000408719 -0.000403201 -0.0004038 -0.000393986 -0.000393359 -0.000394816 -0.000387283 -0.000402059 -0.000396222 -0.000391688 -0.000400768 -0.000381644 -0.000385833 -0.000388294 -0.000376415 -0.000392031 -0.000386612 -0.000384838 -0.000395621 -0.000380597 -0.000385514 
0 9.36609e-07 1.51011e-05 8.25574e-06 1.12726e-05 1.97048e-05 1.41445e-05 2.42139e-05 2.76845e-05 2.67056e-05 3.82161e-05 3.68536e-05 3.9876e-05 4.68335e-05 4.52022e-05 5.16375e-05 5.47781e-05 5.78661e-05 6.29225e-05 6.38968e-05 7.14605e-05 7.32287e-05 7.71789e-05 8.68557e-05 8.5636e-05 9.03464e-05 9.73686e-05 9.71088e-05 0.000101728 0.000109678 0.000113347 0.000114175 0.000124106 0.000130134 0.000130718 0.000141536 0.000145476 0.000150471 0.000158521 0.000160219 0.000168627 0.000176034 0.000180263 0.000184774 0.000196068 0.000202587 0.000205535 0.00022049 0.000225806 0.000232893 0.000245726 0.000256279 0.000263619 0.00027776 0.000298337 0.000310362 0.000341016 0.000383291 0.000438023 0.000519331 0.000648514 0.000825266 0.00106395 0.00140565 0.00185172 0.00242342 0.00314755 0.0040607 0.00515714 0.00646556 0.00800178 0.00974233 0.0116264 0.0135843 0.0155113 0.0172428 0.0186368 0.0195662 0.019922 0.0195745 0.0184689 0.0165872 0.0139745 0.0107226 0.00704696 0.00319749 -0.000586013 -0.00411629 -0.00719134 -0.00963398 -0.0113285 -0.0122579 -0.0124608 -0.0120182 -0.0110414 -0.00965569 -0.00797119 -0.00607935 -0.00406863 -0.00201099 5.57365e-05 0.00212314 0.00416448 0.00612028 0.00790995 0.0094503 0.0106399 0.0113574 0.0114848 0.0109273 0.00962429 0.0075627 0.00482288 0.00155875 -0.00204038 -0.00579741 -0.00948687 -0.0128574 -0.0156711 -0.0178048 -0.0191896 -0.0198218 -0.0197332 -0.0190387 -0.0178414 -0.0162623 -0.0144332 -0.0125236 -0.0106486 -0.00888947 -0.00731177 -0.00595434 -0.00480858 -0.00384784 -0.00307694 -0.00246561 -0.00198629 -0.00161342 -0.00134958 -0.00115368 -0.00101 -0.000914748 -0.000853015 -0.000805026 -0.00076942 -0.000754451 -0.000733196 -0.000717969 -0.000708807 -0.000700306 -0.000686615 -0.000680079 -0.000675691 -0.000661192 -0.000657813 -0.000651897 -0.000642114 -0.000634454 -0.000630409 -0.000623402 -0.000614543 -0.0006117 -0.000601824 -0.000599125 -0.00059606 -0.000585378 -0.00058517 -0.000582635 -0.00057482 -0.00057108 -0.00057156 -0.000566011 -0.000558808 -0.00056013 -0.000553058 -0.0005479 -0.000549378 -0.000543398 -0.000541911 -0.000539072 -0.000536269 -0.000536126 -0.000531104 -0.000533712 -0.00053012 -0.000524697 -0.000528283 -0.000520076 -0.000519546 -0.000522918 -0.000515495 -0.00052058 -0.000519722 -0.000514395 -0.000519752 -0.000513046 -0.000511233 -0.000515445 -0.000509063 -0.000514147 
0 1.32107e-05 -1.80217e-06 2.04382e-05 1.97048e-05 1.25409e-05 3.42007e-05 2.12107e-05 2.78575e-05 4.65932e-05 3.54212e-05 5.0687e-05 5.64694e-05 4.95533e-05 6.14829e-05 6.30718e-05 6.82912e-05 7.31638e-05 7.98252e-05 8.49527e-05 7.85049e-05 9.54219e-05 9.98471e-05 9.70749e-05 0.000120045 0.000116967 0.00011005 0.000124909 0.000131326 0.000132205 0.00014163 0.000155802 0.000147219 0.000147908 0.000176671 0.000182382 0.000179146 0.000181479 0.000195037 0.000213416 0.000208971 0.000214791 0.000225495 0.00023748 0.000244194 0.000248258 0.000265919 0.000268698 0.000284789 0.000293881 0.000305033 0.000319752 0.00033109 0.000352808 0.000364377 0.000399205 0.000428129 0.000482871 0.000555449 0.000665216 0.000825216 0.00104528 0.00136593 0.00178175 0.00235121 0.00306652 0.00398978 0.00511609 0.0064981 0.00813408 0.0100406 0.0121894 0.0145146 0.0169282 0.0192684 0.0213908 0.0230851 0.0242238 0.0246193 0.0241876 0.0228071 0.0204983 0.0172756 0.0133179 0.00882837 0.00412544 -0.000530579 -0.00485833 -0.00863777 -0.0116515 -0.0137776 -0.0149692 -0.0152707 -0.0147779 -0.0136205 -0.0119462 -0.00988371 -0.0075609 -0.00507475 -0.00251879 6.65641e-05 0.0026401 0.00517243 0.00758291 0.00978617 0.0116621 0.0130918 0.0139291 0.0140393 0.013305 0.0116561 0.00910076 0.00572801 0.00172252 -0.00271179 -0.00731208 -0.0118232 -0.0159256 -0.0193903 -0.0220078 -0.0237284 -0.0245055 -0.0244367 -0.0235872 -0.0221339 -0.0201937 -0.0179762 -0.015623 -0.0133124 -0.0111383 -0.0091874 -0.00749049 -0.00604867 -0.00486121 -0.00388393 -0.00311793 -0.00250524 -0.00205351 -0.00170068 -0.0014576 -0.0012764 -0.00115501 -0.00106883 -0.00100903 -0.000973805 -0.000936205 -0.000922347 -0.000898946 -0.000889137 -0.000871568 -0.000863542 -0.000852138 -0.000838573 -0.000836599 -0.000818145 -0.000812426 -0.000804928 -0.000800291 -0.000784023 -0.000770786 -0.000775615 -0.000768283 -0.000757189 -0.000736735 -0.000739582 -0.000751616 -0.000730968 -0.00071762 -0.000721183 -0.000720302 -0.000708542 -0.000708794 -0.000711453 -0.000687968 -0.000687322 -0.000694735 -0.000680297 -0.000682739 -0.000680992 -0.000672448 -0.000668847 -0.000667702 -0.000672419 -0.000661246 -0.000664689 -0.000665033 -0.000645177 -0.000657517 -0.00065212 -0.00064155 -0.000660675 -0.000646742 -0.00064491 -0.000655134 -0.000636377 -0.000644672 -0.000646003 -0.000633571 -0.000648029 -0.000640493 
0 -2.7602e-06 1.06764e-05 9.48975e-06 1.41445e-05 3.42007e-05 2.84013e-05 3.71984e-05 5.35035e-05 3.57891e-05 4.93175e-05 5.81404e-05 4.61297e-05 7.35104e-05 7.5373e-05 7.16877e-05 9.05437e-05 8.61062e-05 9.01626e-05 0.000102205 0.000113598 0.000110303 0.000114832 0.000128173 0.000110472 0.000135202 0.000151333 0.000147094 0.00016653 0.000158006 0.000174315 0.000173918 0.00018611 0.000214569 0.000188014 0.000194781 0.000214697 0.000239017 0.000229076 0.00022936 0.00026216 0.000256767 0.000283386 0.000282044 0.000293006 0.000311358 0.00031932 0.0003326 0.000332928 0.000365804 0.000358547 0.000381975 0.000400109 0.000415 0.000440075 0.000471749 0.000526971 0.000571846 0.000685227 0.000812819 0.00101253 0.00128426 0.00167893 0.00219122 0.00286504 0.00375461 0.00485175 0.00622037 0.0078648 0.00984548 0.0120989 0.0146506 0.0173924 0.0202297 0.0229587 0.0254253 0.0274091 0.0287098 0.0291519 0.0286021 0.0269802 0.0242365 0.0204712 0.0158377 0.0106266 0.00511031 -0.000336754 -0.00543167 -0.00985665 -0.0134358 -0.0159761 -0.0174585 -0.0178764 -0.0173805 -0.0160736 -0.014153 -0.0117376 -0.00901526 -0.00606934 -0.00303045 7.1092e-05 0.00313872 0.0061506 0.00898973 0.0115856 0.0137606 0.0154017 0.0163136 0.0163847 0.0154415 0.0134545 0.0104039 0.00644631 0.00172436 -0.00347192 -0.00887861 -0.0141225 -0.0189239 -0.0229676 -0.0260702 -0.0280865 -0.0290375 -0.0289735 -0.0280139 -0.0263074 -0.0240529 -0.0214635 -0.0187034 -0.0159756 -0.013398 -0.011092 -0.00904439 -0.00732607 -0.00588555 -0.00472686 -0.00377569 -0.00305299 -0.00249636 -0.00207151 -0.00176724 -0.00155019 -0.0014073 -0.00128315 -0.00123049 -0.00117061 -0.00113828 -0.00110482 -0.00109382 -0.00106879 -0.00104531 -0.00104805 -0.00101568 -0.00101086 -0.000992005 -0.000990941 -0.000967445 -0.000959903 -0.000953529 -0.000934947 -0.000951811 -0.000917691 -0.000907852 -0.00091374 -0.000920374 -0.000896018 -0.000867612 -0.000888433 -0.000872017 -0.000871447 -0.000855883 -0.000844352 -0.000849142 -0.000825966 -0.000846838 -0.000841299 -0.000821905 -0.000826434 -0.000818286 -0.000813764 -0.000808791 -0.000818324 -0.000800167 -0.000789954 -0.000803763 -0.000777863 -0.000790394 -0.000801585 -0.000779459 -0.000796263 -0.000786231 -0.00076955 -0.000782195 -0.000770025 -0.00076893 -0.000779542 -0.000771769 -0.00077467 -0.000778326 -0.000769266 -0.000769968 
0 1.55151e-05 9.61413e-06 2.81907e-05 2.42139e-05 2.12107e-05 3.71984e-05 3.11643e-05 4.56665e-05 5.60517e-05 5.72615e-05 7.55208e-05 7.14236e-05 7.77047e-05 8.48533e-05 8.24887e-05 0.000100209 0.000100738 0.000108973 0.000119596 0.000114751 0.000130267 0.000140174 0.000146588 0.000159868 0.000166627 0.000161246 0.000167169 0.000186306 0.00018254 0.000200685 0.000214235 0.000203804 0.000222031 0.000240145 0.000252611 0.000258104 0.000262501 0.000271858 0.000292151 0.000303378 0.000295399 0.000318903 0.00033217 0.000336122 0.000353417 0.000370392 0.000378807 0.00039456 0.00042242 0.000425612 0.000448878 0.000476479 0.00049501 0.000520016 0.000569046 0.00062311 0.000688229 0.000814519 0.000977957 0.00120719 0.00153672 0.00200663 0.00260839 0.00340826 0.00445077 0.005749 0.00733896 0.00927269 0.0115691 0.0141833 0.0171087 0.020254 0.023477 0.0265632 0.0293439 0.0315736 0.033022 0.033478 0.0328231 0.0309444 0.0278159 0.0235322 0.0183114 0.0124265 0.00619749 7.74092e-06 -0.00577127 -0.0108197 -0.0149172 -0.0178844 -0.0196538 -0.0202376 -0.0197646 -0.0183668 -0.0162278 -0.0135102 -0.0104077 -0.0070381 -0.00352113 7.28084e-05 0.00363279 0.00709358 0.0103472 0.013291 0.0157418 0.0175407 0.0185015 0.018482 0.0173259 0.0149811 0.0114721 0.00694327 0.00157735 -0.0043392 -0.0104572 -0.0163883 -0.0217995 -0.0263949 -0.0299263 -0.0322507 -0.033357 -0.0333303 -0.0322688 -0.0303565 -0.0278148 -0.0248919 -0.021761 -0.01864 -0.0156891 -0.0130224 -0.0106539 -0.00863807 -0.00696666 -0.00559778 -0.00448571 -0.00362486 -0.00297289 -0.00246278 -0.00209505 -0.00183841 -0.00165638 -0.00151215 -0.00143443 -0.00137353 -0.00132036 -0.00128798 -0.00127083 -0.00124296 -0.00121873 -0.00121663 -0.00119242 -0.00117779 -0.00117005 -0.0011564 -0.00113536 -0.00113452 -0.00112349 -0.00109438 -0.00109345 -0.00108556 -0.00107259 -0.00105637 -0.00104323 -0.00103647 -0.00104086 -0.00103083 -0.00100466 -0.00101384 -0.00100712 -0.000995984 -0.00100165 -0.000987634 -0.000971972 -0.000967435 -0.00096694 -0.000956173 -0.000957543 -0.000952299 -0.000937826 -0.000943474 -0.000934602 -0.00093719 -0.000939609 -0.000926847 -0.000930397 -0.000915133 -0.000910798 -0.000914944 -0.000904025 -0.000915601 -0.000912029 -0.000907292 -0.000914899 -0.000899741 -0.000901596 -0.000901186 -0.000890876 -0.000902944 -0.000898751 
0 1.10941e-05 -7.70825e-07 2.29549e-05 2.76845e-05 2.78575e-05 5.35035e-05 4.56665e-05 5.11695e-05 6.65304e-05 5.91156e-05 7.46271e-05 8.19381e-05 8.49257e-05 0.000100405 0.000102259 0.000113296 0.00011795 0.000124513 0.000139067 0.000136046 0.000151812 0.000159463 0.00015557 0.000176275 0.000182597 0.000187301 0.000204141 0.000214027 0.00021723 0.00022663 0.000245797 0.000245508 0.000255059 0.000272673 0.000274394 0.000290878 0.000299292 0.000310317 0.000330706 0.000338175 0.000349747 0.000367383 0.000386245 0.000390892 0.000410042 0.000430961 0.00043488 0.00045859 0.000476641 0.000490096 0.000509432 0.000540745 0.00056342 0.000593019 0.000654249 0.000713332 0.000805271 0.000947442 0.00115098 0.00142028 0.00181557 0.00236119 0.00306486 0.00399633 0.00519591 0.00669546 0.00851567 0.0107343 0.0133373 0.0163017 0.0195819 0.0230986 0.0266657 0.0300736 0.0331223 0.0355567 0.0371148 0.0375694 0.0367952 0.0346682 0.0311811 0.0264361 0.0206915 0.0142121 0.00735309 0.000506575 -0.00589005 -0.0115121 -0.0160977 -0.0194795 -0.021548 -0.0223301 -0.021923 -0.0204814 -0.0181698 -0.0151949 -0.0117477 -0.00798373 -0.00401008 5.47283e-05 0.0040884 0.00797353 0.0116118 0.0148637 0.0175487 0.0194609 0.0204274 0.0202797 0.0188901 0.0161898 0.012243 0.00718103 0.00122664 -0.00533297 -0.0120827 -0.0186226 -0.024578 -0.0296626 -0.033587 -0.036202 -0.0374695 -0.0374863 -0.0363509 -0.0342658 -0.0314776 -0.0282504 -0.0247856 -0.0213004 -0.0179942 -0.0149738 -0.0122922 -0.00998257 -0.00807154 -0.00649088 -0.0052158 -0.00421486 -0.00345768 -0.0028667 -0.00243383 -0.00213422 -0.00191341 -0.00175415 -0.00165032 -0.0015859 -0.00151973 -0.00148537 -0.00145946 -0.00142891 -0.0014039 -0.00138968 -0.00137009 -0.0013432 -0.0013383 -0.00131661 -0.00129651 -0.00128873 -0.00127577 -0.00125854 -0.00124516 -0.00124097 -0.00122401 -0.00121757 -0.0012058 -0.00119033 -0.00119178 -0.00117356 -0.00116108 -0.00116024 -0.00114871 -0.00113383 -0.00112879 -0.00112895 -0.00111198 -0.001112 -0.00111182 -0.00109344 -0.00109648 -0.0010898 -0.00108161 -0.00108093 -0.00107054 -0.00106991 -0.00105893 -0.00105687 -0.00105996 -0.00104703 -0.00105639 -0.001051 -0.00103981 -0.00105008 -0.00103401 -0.001032 -0.00104019 -0.00102562 -0.00103564 -0.00103683 -0.0010255 -0.00103662 -0.00102707 
0 -8.09434e-07 2.61517e-05 1.63172e-05 2.67056e-05 4.65932e-05 3.57891e-05 5.60517e-05 6.65304e-05 6.24075e-05 8.18261e-05 8.21159e-05 8.72766e-05 0.000102851 0.000108361 0.000117358 0.000122884 0.000136799 0.000138356 0.000145569 0.000170791 0.000163293 0.00017642 0.000195406 0.000184448 0.000203344 0.00022154 0.00022687 0.000234434 0.000247107 0.000260995 0.000257593 0.000282994 0.000305778 0.00029804 0.000305503 0.000327016 0.000352904 0.000353635 0.000359204 0.000384068 0.00039792 0.000416082 0.000424456 0.000442413 0.000463783 0.000478046 0.000497407 0.0005127 0.000539796 0.000554621 0.000580704 0.000611334 0.000638724 0.000684392 0.000739405 0.000822514 0.000926614 0.00109792 0.00132857 0.00165256 0.0021112 0.00273022 0.00355025 0.00460802 0.0059796 0.00766779 0.00974306 0.012227 0.0151436 0.0184361 0.0220641 0.0259117 0.0297885 0.0334813 0.0367509 0.0393512 0.0409755 0.0414225 0.0405058 0.0381543 0.0343275 0.0291973 0.022981 0.0160051 0.00859208 0.00119814 -0.00575681 -0.0118843 -0.0169363 -0.0207036 -0.0230926 -0.0240931 -0.023805 -0.0223588 -0.0199358 -0.0167458 -0.013003 -0.00887048 -0.00447745 3.52643e-05 0.0045076 0.00879568 0.0127758 0.0162989 0.0191618 0.0211499 0.0220694 0.0217676 0.0201156 0.0170782 0.0127066 0.00716789 0.000673423 -0.00642921 -0.0137374 -0.0207885 -0.027235 -0.0327287 -0.0370208 -0.0398944 -0.0413428 -0.0414023 -0.0402338 -0.0380095 -0.0350264 -0.0315295 -0.0277706 -0.0239625 -0.0203175 -0.0169665 -0.0139705 -0.0113896 -0.00921739 -0.00743862 -0.00598391 -0.0048519 -0.00396841 -0.00330056 -0.00279707 -0.00244136 -0.00218481 -0.00199654 -0.00187662 -0.0017849 -0.0017243 -0.00167196 -0.00164308 -0.00160862 -0.00158249 -0.00156452 -0.00153892 -0.00152154 -0.00149954 -0.00148894 -0.00146776 -0.00144931 -0.00143469 -0.00142214 -0.0014169 -0.0013878 -0.00137227 -0.00137209 -0.00136741 -0.00134377 -0.00131733 -0.0013273 -0.00131972 -0.00129901 -0.00129162 -0.00128447 -0.00127415 -0.00125865 -0.00126844 -0.00125757 -0.00123439 -0.0012441 -0.00122962 -0.00121947 -0.00122448 -0.00121475 -0.00120742 -0.00119929 -0.0012009 -0.00119068 -0.00118612 -0.00119688 -0.00117709 -0.00117946 -0.00118315 -0.0011609 -0.0011753 -0.00117022 -0.00115665 -0.00117461 -0.00115924 -0.00115687 -0.00117014 -0.00115074 -0.00115998 
0 1.44993e-05 1.72178e-05 2.96588e-05 3.82161e-05 3.54212e-05 4.93175e-05 5.72615e-05 5.91156e-05 8.18261e-05 8.6681e-05 9.23689e-05 0.00011434 0.000108709 0.000115357 0.000132635 0.000133124 0.000147968 0.000162423 0.000167691 0.000171385 0.000187226 0.000199715 0.000204433 0.000232049 0.000234061 0.000234349 0.00024873 0.00025575 0.000278648 0.000282005 0.000305843 0.000313408 0.000303852 0.000345794 0.000366085 0.000371398 0.000367874 0.000395483 0.000422306 0.000422035 0.000446164 0.000448083 0.000479471 0.000495304 0.000508392 0.000531975 0.000549187 0.000581363 0.000588772 0.000629847 0.000647533 0.000682503 0.00072223 0.000769506 0.000840335 0.000924048 0.00107132 0.00124649 0.00152933 0.00190021 0.00243123 0.00313001 0.0040637 0.00527119 0.00679393 0.0087024 0.0110087 0.0137814 0.016976 0.0206063 0.0245413 0.0286961 0.032836 0.0367726 0.0402201 0.0429269 0.044596 0.044994 0.0439477 0.0413568 0.0372559 0.0317721 0.0251839 0.0177668 0.00992601 0.00205562 -0.00534981 -0.0119481 -0.0174014 -0.0215561 -0.0242497 -0.0255142 -0.0253669 -0.023982 -0.0214883 -0.018153 -0.0141472 -0.00969806 -0.00491152 -4.05446e-06 0.00488202 0.00952491 0.0138195 0.0175497 0.0205518 0.0225512 0.0233983 0.0228923 0.0209829 0.0175972 0.0128535 0.00686242 -7.75809e-05 -0.00765986 -0.0154039 -0.02291 -0.0297458 -0.0356137 -0.0401992 -0.0433392 -0.0449456 -0.0450858 -0.0438944 -0.0415898 -0.0384473 -0.0347267 -0.0307135 -0.0266129 -0.022667 -0.0189819 -0.0157045 -0.0128328 -0.0104248 -0.0084147 -0.00680478 -0.00551384 -0.00451381 -0.00375385 -0.00317953 -0.00276779 -0.00245664 -0.00225949 -0.00209521 -0.00200074 -0.00191883 -0.00187086 -0.0018223 -0.00178997 -0.00176882 -0.00172927 -0.00172092 -0.00169105 -0.00167802 -0.0016474 -0.00163929 -0.00162257 -0.00159783 -0.00158696 -0.00155377 -0.00156136 -0.00154387 -0.00151442 -0.00149155 -0.00149738 -0.0015004 -0.00145905 -0.0014574 -0.00144649 -0.0014397 -0.00143613 -0.00142129 -0.00141947 -0.00139116 -0.0013872 -0.00138936 -0.00137456 -0.00137031 -0.00136266 -0.00135402 -0.0013403 -0.00134774 -0.00134528 -0.00133004 -0.00134108 -0.00132248 -0.00130907 -0.00131975 -0.00130247 -0.00130435 -0.00131304 -0.00129875 -0.00130351 -0.00130302 -0.00128935 -0.00129457 -0.00129081 -0.00128315 -0.00129262 -0.00128847 
0 2.81655e-06 1.55207e-05 1.9231e-05 3.68536e-05 5.0687e-05 5.81404e-05 7.55208e-05 7.46271e-05 8.21159e-05 9.23689e-05 9.331e-05 0.000114104 0.000120295 0.000133429 0.000153425 0.000149974 0.000167242 0.000174814 0.000179571 0.000202513 0.000206736 0.000216469 0.00022695 0.000234209 0.000246287 0.000268683 0.000286733 0.000289483 0.00031222 0.000312825 0.000324153 0.000355174 0.000357158 0.000373256 0.000379186 0.000394926 0.000421962 0.00043984 0.000449012 0.000461688 0.000501239 0.000506482 0.000528155 0.000554268 0.000565978 0.00059153 0.000613324 0.00063814 0.000649964 0.000692376 0.000714943 0.00074512 0.000798469 0.000853667 0.000930164 0.00103729 0.00120856 0.00141576 0.00173763 0.00217806 0.00277608 0.00356865 0.00462442 0.00598002 0.00767205 0.00978921 0.0123464 0.0153812 0.0188654 0.022795 0.0270276 0.0314365 0.0358104 0.0399346 0.0435135 0.0462766 0.0479482 0.0482774 0.047082 0.0442782 0.0399279 0.034166 0.0272598 0.0195076 0.0113188 0.00309312 -0.00469654 -0.0116776 -0.017506 -0.0220037 -0.0250209 -0.0265496 -0.0265964 -0.0253031 -0.0228148 -0.0193761 -0.0151755 -0.0104391 -0.0053237 -5.63822e-05 0.00517904 0.0101494 0.014695 0.0185944 0.0216608 0.0236385 0.0243559 0.0236379 0.0214429 0.0177413 0.0126402 0.00627242 -0.00105807 -0.00900669 -0.0171101 -0.0249627 -0.0321321 -0.0382926 -0.0431412 -0.0465088 -0.0482856 -0.0485141 -0.0473371 -0.044991 -0.0417347 -0.0378391 -0.0336015 -0.0292557 -0.0250201 -0.0210372 -0.0174666 -0.0143305 -0.0116656 -0.00943934 -0.00765198 -0.0062106 -0.00508231 -0.00422526 -0.00358251 -0.00310194 -0.00275021 -0.00252162 -0.00233677 -0.0022176 -0.00213181 -0.00207577 -0.00201431 -0.0019821 -0.00195572 -0.00191243 -0.00189357 -0.00186686 -0.00184418 -0.00181379 -0.00180461 -0.00177279 -0.00175262 -0.00175217 -0.00172066 -0.00170294 -0.00169043 -0.0016869 -0.00166604 -0.00165117 -0.00163267 -0.00161578 -0.00162327 -0.00159443 -0.0015808 -0.00157183 -0.00155145 -0.00155107 -0.00154657 -0.00153701 -0.00152247 -0.00151957 -0.00150657 -0.00150059 -0.00150523 -0.00148444 -0.00148333 -0.00147218 -0.00145552 -0.0014636 -0.00145313 -0.00145465 -0.00145708 -0.00144525 -0.00144613 -0.00143588 -0.00142911 -0.00142944 -0.00142334 -0.00142637 -0.0014261 -0.0014241 -0.00142514 -0.00142033 -0.00141914 
0 5.47065e-06 3.63684e-05 2.78689e-05 3.9876e-05 5.64694e-05 4.61297e-05 7.14236e-05 8.19381e-05 8.72766e-05 0.00011434 0.000114104 0.000125371 0.0001359 0.000140978 0.000158557 0.000159215 0.000183252 0.000192742 0.000192923 0.000226373 0.000221199 0.000235071 0.000265484 0.000259573 0.000277488 0.000293292 0.000300036 0.000310045 0.000331736 0.00035144 0.000351125 0.000380857 0.000395113 0.000407438 0.000431841 0.000437413 0.000468531 0.000480324 0.000489005 0.000515552 0.000537139 0.000552767 0.000566192 0.000603957 0.000615335 0.000639637 0.000676012 0.000691495 0.000723546 0.000757975 0.000795138 0.00082395 0.000887842 0.000954347 0.00103259 0.00117088 0.00135233 0.0016046 0.00195864 0.00247352 0.00313796 0.00403257 0.00521488 0.00671772 0.0085944 0.0109165 0.013733 0.017017 0.0207941 0.0249946 0.0295056 0.0341299 0.0387044 0.0429656 0.0466287 0.0494043 0.0510377 0.0512748 0.0499188 0.0469277 0.0423603 0.0363863 0.0292265 0.0212379 0.0127895 0.00431837 -0.00377476 -0.0110544 -0.0172163 -0.0220196 -0.0253633 -0.0271587 -0.027438 -0.0262747 -0.0238596 -0.020371 -0.0160409 -0.0110647 -0.00568668 -0.000113471 0.00540472 0.0106564 0.0153914 0.0194094 0.0224729 0.0243868 0.0249309 0.0239918 0.0215002 0.0175095 0.0120813 0.0054103 -0.00223836 -0.0104494 -0.0188259 -0.0269245 -0.0343599 -0.0407421 -0.045817 -0.0493783 -0.0513304 -0.0516634 -0.05054 -0.0481926 -0.0448718 -0.0408534 -0.0364315 -0.031882 -0.027383 -0.0231367 -0.0192764 -0.0158931 -0.0129668 -0.0105331 -0.00855206 -0.00696244 -0.00569776 -0.00473539 -0.0040161 -0.00345878 -0.00306565 -0.00278625 -0.00258726 -0.00242998 -0.0023415 -0.00226746 -0.00220034 -0.00216397 -0.00212869 -0.00209417 -0.00206007 -0.00204842 -0.00201114 -0.00198967 -0.00197868 -0.00194494 -0.00192544 -0.00190936 -0.00189475 -0.00186141 -0.00184946 -0.0018349 -0.00181068 -0.00180405 -0.00177525 -0.00177169 -0.00176147 -0.00173576 -0.0017331 -0.00172589 -0.00171219 -0.00169147 -0.00169426 -0.00167688 -0.00165492 -0.00166867 -0.00164273 -0.00163311 -0.00163666 -0.00161558 -0.00161896 -0.00161173 -0.00160822 -0.00160321 -0.00158981 -0.00159413 -0.00157398 -0.00157263 -0.00157901 -0.00155934 -0.00157337 -0.00156865 -0.00155315 -0.00156798 -0.00155126 -0.00154777 -0.00156009 -0.00154217 -0.00155208 
0 1.63845e-05 1.27003e-05 3.61558e-05 4.68335e-05 4.95533e-05 7.35104e-05 7.77047e-05 8.49257e-05 0.000102851 0.000108709 0.000120295 0.0001359 0.000150882 0.000155851 0.000169274 0.000188766 0.000186826 0.000211684 0.00022713 0.00022061 0.000251715 0.000259042 0.000264986 0.000294256 0.000304171 0.000316284 0.000324189 0.000349691 0.000363751 0.000368035 0.000405822 0.000410387 0.000412343 0.000441259 0.000473165 0.000485794 0.000484792 0.000520394 0.000543869 0.000563829 0.000583288 0.000597042 0.000633022 0.000653798 0.000675067 0.000698077 0.000732039 0.00075707 0.000781356 0.000827142 0.000856629 0.000903445 0.000966071 0.00104462 0.00114312 0.00129673 0.00151431 0.00179747 0.00221614 0.00278651 0.00354484 0.00454212 0.0058578 0.00751719 0.00957794 0.0121228 0.0151718 0.0187231 0.0227564 0.0272251 0.0319577 0.036783 0.0414971 0.0458547 0.0495426 0.0522895 0.0538434 0.0539525 0.0524399 0.049269 0.0445378 0.038388 0.0310696 0.0229121 0.0143228 0.00567994 -0.00259757 -0.010119 -0.0165328 -0.0216318 -0.025263 -0.0273499 -0.0278615 -0.0268931 -0.0245863 -0.0211307 -0.0167138 -0.0115833 -0.00599144 -0.000203403 0.00554769 0.0109946 0.0158766 0.0199309 0.0229527 0.0247315 0.0250928 0.0238992 0.0211398 0.0168581 0.0111705 0.00424128 -0.00361457 -0.0120198 -0.0205531 -0.0288306 -0.0364314 -0.0429959 -0.0482352 -0.051977 -0.0540857 -0.054553 -0.0535131 -0.0512034 -0.0478657 -0.0437652 -0.0392133 -0.034474 -0.0297615 -0.0252542 -0.0211396 -0.0174867 -0.0143267 -0.0116638 -0.00949507 -0.00774048 -0.00634203 -0.00527029 -0.00445614 -0.00384037 -0.00338318 -0.00307228 -0.00283551 -0.00266755 -0.00255525 -0.00247294 -0.00240382 -0.00235298 -0.00232115 -0.00227329 -0.0022466 -0.00221958 -0.00218841 -0.00215792 -0.00213621 -0.00211918 -0.00208586 -0.00206679 -0.00203976 -0.00203236 -0.00201813 -0.00197809 -0.00196344 -0.00196116 -0.00195276 -0.00191314 -0.00190125 -0.00190198 -0.0018745 -0.00186738 -0.00185549 -0.0018427 -0.00182202 -0.00181353 -0.00181902 -0.00179036 -0.00178986 -0.001787 -0.0017613 -0.00176491 -0.00175778 -0.00174623 -0.00174069 -0.00173473 -0.00172673 -0.00171513 -0.00172254 -0.00171117 -0.00170243 -0.00171412 -0.0016929 -0.00169389 -0.00170184 -0.00167877 -0.00169195 -0.00169043 -0.00167298 -0.00169251 -0.00168015 
0 9.2442e-06 2.125e-05 3.33937e-05 4.52022e-05 6.14829e-05 7.5373e-05 8.48533e-05 0.000100405 0.000108361 0.000115357 0.000133429 0.000140978 0.000155851 0.000175878 0.000183972 0.000201661 0.00021315 0.000220194 0.000236311 0.000253177 0.000269222 0.000279687 0.000296697 0.000306131 0.000316339 0.000343879 0.000364146 0.000377745 0.000389919 0.000410398 0.000418237 0.000437421 0.000477968 0.000481505 0.0004866 0.00051085 0.000548174 0.00056892 0.000575226 0.000604148 0.000628925 0.000662108 0.000677681 0.000703023 0.000734186 0.000758695 0.000792953 0.000814566 0.00085657 0.000887678 0.000934641 0.00098373 0.00105199 0.00114359 0.0012585 0.00144054 0.0016746 0.00201903 0.00248084 0.0031293 0.00397298 0.00509252 0.00653905 0.00835979 0.0106233 0.0133777 0.0166732 0.0204667 0.0247677 0.029454 0.0343996 0.0393739 0.0442019 0.0485915 0.052267 0.0549391 0.0563729 0.0563297 0.0546509 0.051333 0.0464587 0.040203 0.032781 0.0245627 0.0159004 0.00720233 -0.00118747 -0.00884242 -0.0154705 -0.0208021 -0.0247201 -0.0270692 -0.0278523 -0.0270953 -0.0249705 -0.0215885 -0.0171756 -0.0119474 -0.00624135 -0.000298285 0.00558538 0.0111693 0.0161057 0.0201528 0.0230552 0.0246742 0.0248043 0.0233757 0.020341 0.0158209 0.00989999 0.00281116 -0.00518495 -0.0136694 -0.0222933 -0.0306395 -0.0383474 -0.0450157 -0.0503958 -0.0542754 -0.0565445 -0.0571583 -0.0562424 -0.0540094 -0.0506937 -0.0465707 -0.0419207 -0.0370426 -0.0321285 -0.0274132 -0.0230376 -0.0191445 -0.0157357 -0.012865 -0.0104867 -0.00856868 -0.00703251 -0.00583946 -0.00493173 -0.00423689 -0.00373409 -0.00335918 -0.00310365 -0.00290438 -0.00277845 -0.00267596 -0.00260513 -0.00254773 -0.00249962 -0.00246499 -0.00242094 -0.00239529 -0.00235909 -0.0023386 -0.00230264 -0.00227511 -0.00225685 -0.00223454 -0.0022142 -0.00217534 -0.002164 -0.00215703 -0.00213941 -0.00210009 -0.00208009 -0.00208698 -0.00206212 -0.0020422 -0.00202614 -0.00200826 -0.00199274 -0.0019856 -0.00198223 -0.00196094 -0.00194831 -0.00193842 -0.00192847 -0.00192117 -0.00191432 -0.00190751 -0.0018879 -0.00188147 -0.00187567 -0.00186313 -0.00186676 -0.001861 -0.00185174 -0.00185151 -0.00184199 -0.00183331 -0.00183353 -0.00182716 -0.00182253 -0.00182657 -0.00181964 -0.0018177 -0.00182113 -0.00181189 -0.00181452 
0 1.49713e-05 3.24517e-05 4.28724e-05 5.16375e-05 6.30718e-05 7.16877e-05 8.24887e-05 0.000102259 0.000117358 0.000132635 0.000153425 0.000158557 0.000169274 0.000183972 0.000189497 0.000210461 0.000225501 0.00024088 0.000262097 0.000269797 0.00028641 0.000301971 0.000318264 0.00034095 0.000354686 0.000365052 0.00037942 0.000395958 0.000411684 0.000445303 0.000461327 0.000470923 0.000500169 0.000512939 0.000544894 0.000570614 0.000580556 0.000599045 0.000628533 0.000658619 0.00066844 0.00070449 0.000724858 0.000752874 0.000790835 0.000813384 0.000849621 0.000881517 0.000929109 0.000957551 0.00101515 0.0010751 0.00114436 0.00125191 0.00138827 0.00159096 0.00185464 0.00225314 0.00277169 0.00349074 0.00443712 0.00567776 0.00726283 0.00925238 0.0117229 0.0146923 0.0182221 0.0222626 0.0268035 0.031692 0.036808 0.0419092 0.0467968 0.0511789 0.0547912 0.0573533 0.0586247 0.0584058 0.0565618 0.0531138 0.0481338 0.0418178 0.0343726 0.0261677 0.0175269 0.0088531 0.000456632 -0.00725751 -0.0140218 -0.0195505 -0.0237094 -0.0263186 -0.0273712 -0.0268694 -0.02496 -0.0217238 -0.0173792 -0.0121536 -0.00641075 -0.00041293 0.00552526 0.0111432 0.0160642 0.0200253 0.0227673 0.0241733 0.0240632 0.0223905 0.019117 0.0143843 0.00829782 0.00111487 -0.006919 -0.0154042 -0.0240237 -0.0323644 -0.0400937 -0.0468151 -0.052291 -0.0562872 -0.0587056 -0.0594837 -0.0587276 -0.0566066 -0.0533598 -0.0492544 -0.0445611 -0.0395696 -0.0344973 -0.0295918 -0.0249877 -0.0208516 -0.0172097 -0.0141257 -0.0115388 -0.00944678 -0.00776777 -0.00645152 -0.0054343 -0.00466323 -0.00409978 -0.00366664 -0.00337452 -0.00315155 -0.00300194 -0.00287889 -0.00280608 -0.00273859 -0.00267943 -0.00264695 -0.00260299 -0.00257096 -0.00253277 -0.002515 -0.00247641 -0.00245412 -0.00243011 -0.00239143 -0.00238019 -0.0023566 -0.00232741 -0.00229447 -0.00228544 -0.00226515 -0.00224231 -0.00223051 -0.00219675 -0.00218961 -0.00218324 -0.00216546 -0.00215195 -0.00213397 -0.00211667 -0.00210442 -0.00209827 -0.00208233 -0.00207197 -0.00205658 -0.00204048 -0.00204033 -0.00202912 -0.00202678 -0.00202446 -0.00200836 -0.00200331 -0.00199302 -0.00197994 -0.00198002 -0.00197624 -0.00196867 -0.00197193 -0.00196571 -0.00195614 -0.00196127 -0.00195103 -0.00194804 -0.00195505 -0.00194255 -0.0019481 
0 1.40487e-05 1.84595e-05 3.96587e-05 5.47781e-05 6.82912e-05 9.05437e-05 0.000100209 0.000113296 0.000122884 0.000133124 0.000149974 0.000159215 0.000188766 0.000201661 0.000210461 0.000242481 0.000234068 0.000256086 0.000285138 0.000273232 0.000312915 0.000328013 0.000327784 0.000362042 0.000374878 0.000394959 0.000412795 0.00044041 0.000453947 0.000461754 0.000497487 0.000506484 0.000532778 0.000546922 0.000571026 0.00061073 0.000608474 0.000648026 0.000681344 0.000702051 0.000725125 0.00075701 0.000793844 0.000805836 0.000854839 0.000874637 0.000905869 0.000952318 0.00098441 0.00102976 0.00108044 0.00116159 0.00122867 0.00135758 0.00152315 0.00174142 0.00205938 0.00249931 0.00310008 0.00388236 0.00495434 0.00631155 0.00804808 0.0102145 0.0128888 0.0160816 0.0198267 0.0241196 0.0288586 0.0339399 0.0391737 0.0443807 0.0492655 0.053607 0.0571025 0.0595195 0.0605893 0.0601738 0.0581691 0.0546004 0.049556 0.043218 0.0358332 0.0277028 0.0191819 0.0106001 0.00230805 -0.00540036 -0.0122091 -0.0178978 -0.0222332 -0.0251014 -0.0264059 -0.0262026 -0.0245261 -0.0215134 -0.0172992 -0.0121931 -0.0064926 -0.0005558 0.00535676 0.0108872 0.0157214 0.0195075 0.02206 0.0231984 0.0228519 0.0209229 0.0174627 0.0125438 0.00637389 -0.000846567 -0.00881043 -0.0172299 -0.0257456 -0.0340211 -0.0416834 -0.0484158 -0.0539373 -0.0580375 -0.0605904 -0.0615484 -0.0609811 -0.0590062 -0.0558735 -0.0518167 -0.0471353 -0.0420508 -0.0368678 -0.0317776 -0.026985 -0.0225969 -0.0187415 -0.0154293 -0.0126416 -0.010362 -0.00853225 -0.00709376 -0.00595228 -0.00511299 -0.00446903 -0.00399746 -0.0036481 -0.00341602 -0.00323501 -0.00309757 -0.00302108 -0.0029389 -0.00288295 -0.00283028 -0.00280029 -0.00274635 -0.0027153 -0.00268854 -0.00263871 -0.00262414 -0.00259011 -0.00255935 -0.00252605 -0.00251937 -0.00249155 -0.00245238 -0.00245227 -0.00242083 -0.00240746 -0.00238154 -0.00236129 -0.00235611 -0.002321 -0.00230668 -0.00229169 -0.00228212 -0.00225753 -0.00224788 -0.00224921 -0.00220884 -0.00221956 -0.00221337 -0.00218165 -0.00219485 -0.0021718 -0.00215491 -0.00215402 -0.00213809 -0.00213639 -0.00212975 -0.0021287 -0.00212008 -0.00211019 -0.00211279 -0.00209678 -0.00209696 -0.00209938 -0.00208368 -0.00209095 -0.00208706 -0.00207551 -0.00208696 -0.00207973 
0 1.389e-05 3.29578e-05 4.42696e-05 5.78661e-05 7.31638e-05 8.61062e-05 0.000100738 0.00011795 0.000136799 0.000147968 0.000167242 0.000183252 0.000186826 0.00021315 0.000225501 0.000234068 0.000269893 0.000274129 0.000287378 0.000318769 0.00032587 0.000346863 0.000366064 0.000384163 0.000395741 0.000411877 0.000451634 0.000453103 0.00047648 0.000513827 0.000513336 0.000541434 0.000578587 0.000604053 0.000607309 0.000631937 0.000675861 0.000693887 0.000722085 0.000734314 0.000774077 0.000814736 0.00082994 0.000865782 0.000902294 0.000942964 0.00096779 0.00102092 0.00106223 0.00110306 0.00117676 0.00124555 0.00134157 0.00147204 0.00166953 0.00190996 0.0022699 0.00277105 0.00342834 0.00431319 0.0054817 0.00698788 0.00886349 0.0112299 0.0141016 0.0175194 0.0214884 0.0260053 0.0309446 0.0361694 0.0415214 0.0467647 0.0516375 0.0558702 0.0592362 0.0614465 0.0623054 0.0616653 0.0595097 0.0558289 0.0507505 0.0444434 0.0371723 0.0291979 0.0208565 0.012466 0.00434081 -0.00325853 -0.0100626 -0.01582 -0.020309 -0.0233808 -0.0249628 -0.0250432 -0.0236609 -0.0208985 -0.0169302 -0.0120179 -0.00649714 -0.000696222 0.00505224 0.0104155 0.0150356 0.0186057 0.020894 0.0217681 0.0211472 0.0190051 0.0153692 0.0103494 0.00413924 -0.00301622 -0.0108497 -0.0190989 -0.0274499 -0.0355716 -0.0431128 -0.0497923 -0.0553252 -0.0595095 -0.0621867 -0.0633423 -0.062973 -0.0612 -0.0581985 -0.0542566 -0.0495993 -0.0444956 -0.0392058 -0.0339879 -0.0290056 -0.0244077 -0.0203294 -0.0167998 -0.0138137 -0.0113361 -0.00936175 -0.00777291 -0.00653241 -0.00558292 -0.00488082 -0.00433922 -0.00394794 -0.00368157 -0.00347032 -0.00332354 -0.00321633 -0.00314385 -0.00306304 -0.00302058 -0.00297564 -0.00292409 -0.0028953 -0.0028612 -0.0028257 -0.00278208 -0.00277137 -0.00273817 -0.00270293 -0.00267419 -0.00264478 -0.00264182 -0.00260427 -0.00256666 -0.00254892 -0.0025467 -0.00251853 -0.0024824 -0.0024872 -0.00245718 -0.00243736 -0.00243612 -0.00241518 -0.00239822 -0.00237797 -0.00237527 -0.00235538 -0.00233808 -0.00234243 -0.0023149 -0.00230653 -0.00230759 -0.0022891 -0.00228625 -0.00227965 -0.00226898 -0.00225971 -0.00225466 -0.00225016 -0.00223715 -0.00224084 -0.00223375 -0.00222247 -0.00223303 -0.00221991 -0.00221733 -0.00222709 -0.00220894 -0.00221577 
