0 0 0 0 0 0 0 0 0 0 0 0 0 0 0 0 0 0 0 0 0 0 0 0 0 0 0 0 0 0 0 0 0 0 0 0 0 0 0 0 0 0 0 0 0 0 0 0 0 0 0 0 0 0 0 0 0 0 0 0 0 0 0 0 0 0 0 0 0 0 0 0 0 0 0 0 0 0 0 0 0 0 0 0 0 0 0 0 0 0 0 0 0 0 0 0 0 0 0 0 0 0 0 0 0 0 0 0 0 0 0 0 0 0 0 0 0 0 0 0 0 0 0 0 0 0 0 0 0 0 0 0 0 0 0 0 0 0 0 0 0 0 0 0 0 0 0 0 0 0 0 0 0 0 0 0 0 0 0 0 0 0 0 0 0 0 0 0 0 0 0 0 0 0 0 0 0 0 0 0 0 0 0 0 0 0 0 0 0 0 0 0 0 0 0 0 0 0 0 0 
0 8.08517e-06 -5.87354e-06 9.14571e-06 7.75005e-06 -3.6257e-06 1.50395e-05 5.84184e-06 3.66784e-06 2.02299e-05 4.39919e-06 1.01389e-05 1.8525e-05 8.79266e-06 2.16418e-05 2.26239e-05 2.15085e-05 2.00546e-05 1.46809e-05 2.35984e-05 1.41606e-05 2.68761e-05 4.11644e-05 2.00448e-05 3.22222e-05 3.78468e-05 2.49503e-05 3.82599e-05 4.65869e-05 3.56638e-05 2.44966e-05 3.89563e-05 5.05196e-05 4.49589e-05 4.38532e-05 4.29449e-05 5.69011e-05 6.24025e-05 5.10489e-05 5.80553e-05 6.53756e-05 6.0973e-05 6.2553e-05 6.81861e-05 6.75788e-05 6.66185e-05 7.7135e-05 7.72056e-05 7.50761e-05 8.85701e-05 8.94799e-05 9.02904e-05 9.69833e-05 0.000106662 0.000104269 0.000107111 0.000121892 0.000118002 0.00012237 0.000129195 0.000140471 0.000135372 0.000144928 0.000159761 0.000163045 0.0001723 0.00018951 0.000220306 0.000235809 0.00028128 0.000339315 0.000421904 0.00051046 0.000648005 0.0008225 0.00103302 0.00128534 0.00160207 0.00198996 0.00242363 0.00292013 0.0034616 0.00404369 0.0045908 0.00509782 0.00551514 0.00584492 0.00601382 0.00602895 0.0058559 0.00553079 0.00502817 0.00440712 0.00369843 0.00299597 0.00230926 0.00167588 0.0010805 0.00056871 0.000120848 -0.00027129 -0.000690465 -0.0011559 -0.00169868 -0.00227903 -0.002914 -0.00357398 -0.00426034 -0.00488702 -0.0054188 -0.00578908 -0.00601706 -0.00606412 -0.00595773 -0.00568294 -0.00531058 -0.00483993 -0.00432039 -0.00375002 -0.0032066 -0.00269914 -0.00225446 -0.00184979 -0.00151541 -0.00124526 -0.00102458 -0.000837263 -0.000688123 -0.000589128 -0.000502362 -0.000437751 -0.000385427 -0.000367075 -0.000334844 -0.000315144 -0.000300819 -0.000298978 -0.000281647 -0.000269847 -0.000271495 -0.000261573 -0.000251684 -0.00024419 -0.000248986 -0.000233159 -0.000229417 -0.000230704 -0.000224895 -0.000216747 -0.000217144 -0.000219604 -0.000206799 -0.000209729 -0.000210433 -0.000201962 -0.000200576 -0.000201439 -0.00019432 -0.000187812 -0.000194476 -0.000187187 -0.000174252 -0.000181642 -0.000183387 -0.000179026 -0.000172483 -0.000166301 -0.000180346 -0.000185501 -0.000169261 -0.000158793 -0.000173474 -0.000175511 -0.00015689 -0.000169302 -0.000162624 -0.000146496 -0.000163521 -0.000162813 -0.000161552 -0.000161195 -0.000157914 -0.000158804 -0.000148817 -0.000159811 -0.000157931 -0.000146406 -0.000159346 -0.000147888 -0.000145854 -0.00015898 -0.000149356 -0.000154885 -0.000157375 -0.000146736 -0.000150065 -0.000147393 -0.000145156 -0.000152321 -0.000149371 
0 -5.87354e-06 1.21699e-05 2.42084e-06 3.3876e-06 2.20862e-05 7.84336e-06 1.34461e-05 2.88778e-05 9.79384e-06 2.53833e-05 3.83442e-05 1.60655e-05 3.70171e-05 3.54429e-05 1.52619e-05 4.3484e-05 4.17288e-05 4.20199e-05 6.04296e-05 5.2356e-05 4.93517e-05 4.38307e-05 5.78432e-05 6.11793e-05 5.63991e-05 7.45329e-05 6.11404e-05 6.60045e-05 7.517e-05 9.3283e-05 0.000102188 6.22292e-05 9.30168e-05 0.000107187 9.29431e-05 9.9478e-05 9.54207e-05 0.000113621 0.000106586 0.000125126 0.000119692 0.000123167 0.000151371 0.000132027 0.000152678 0.00015451 0.00016457 0.000159708 0.000172157 0.000186947 0.000168371 0.000198849 0.000195268 0.00020662 0.0002051 0.000231424 0.000234924 0.000232993 0.000265521 0.000267793 0.000284859 0.000286347 0.000330414 0.000330073 0.000356284 0.000391467 0.000443674 0.000491176 0.000565395 0.000698711 0.00084093 0.00104315 0.0012955 0.00166083 0.00206437 0.0025855 0.0032069 0.00398498 0.00484765 0.00583803 0.00691909 0.00806493 0.00916289 0.0101591 0.0110048 0.0116398 0.0119938 0.0120053 0.0116851 0.0110179 0.0100452 0.00879508 0.00741644 0.00599754 0.00465062 0.00336175 0.00219527 0.00114504 0.000260884 -0.000563504 -0.00139301 -0.00235399 -0.00341822 -0.00460365 -0.00585074 -0.0071889 -0.00852584 -0.00978825 -0.0108186 -0.0115761 -0.0120048 -0.012117 -0.0118847 -0.0113599 -0.0106017 -0.00967888 -0.00863098 -0.00751011 -0.00642141 -0.0054117 -0.00452077 -0.0037109 -0.00304888 -0.00249331 -0.00206245 -0.00167091 -0.00139146 -0.00116629 -0.00101254 -0.00086228 -0.000776447 -0.000717648 -0.000666716 -0.000621772 -0.000593835 -0.000592677 -0.000551962 -0.000546875 -0.000529611 -0.000533885 -0.000497907 -0.000502866 -0.000497144 -0.000478005 -0.000471145 -0.000463092 -0.000465691 -0.000430978 -0.00044805 -0.000428682 -0.000419114 -0.000412543 -0.000409868 -0.000403121 -0.000381816 -0.000404665 -0.000378124 -0.000382144 -0.000379902 -0.000371641 -0.000378749 -0.000368349 -0.000367272 -0.000341722 -0.000371946 -0.000364642 -0.000325399 -0.000338996 -0.000338301 -0.00034935 -0.000330713 -0.000323788 -0.000335279 -0.00032385 -0.000334121 -0.000331452 -0.00033077 -0.000313661 -0.000305825 -0.000326455 -0.000302261 -0.000313371 -0.000326676 -0.000294474 -0.000312428 -0.000315359 -0.000296967 -0.000317156 -0.000310553 -0.000295883 -0.000306216 -0.000296681 -0.000292646 -0.000306621 -0.000301686 -0.000302602 -0.000308585 -0.000297829 -0.000299708 
0 9.14571e-06 2.42084e-06 1.42187e-05 1.55924e-05 1.12444e-05 2.55418e-05 2.17898e-05 2.49574e-05 3.69327e-05 2.91788e-05 3.78277e-05 4.27607e-05 4.23498e-05 5.55102e-05 5.52357e-05 6.19682e-05 6.00182e-05 5.61746e-05 6.98337e-05 6.30201e-05 7.82701e-05 9.3946e-05 7.99674e-05 9.27366e-05 9.89859e-05 9.41293e-05 0.000106776 0.000117815 0.000110731 0.000104901 0.000123563 0.000131482 0.000136746 0.000140718 0.000139289 0.000159866 0.000168231 0.000163644 0.000172435 0.000186176 0.000185073 0.0001901 0.000205921 0.000204392 0.000212344 0.000229005 0.000234428 0.000238233 0.000259086 0.000270058 0.000271704 0.000292277 0.000308218 0.000312894 0.000324471 0.000350745 0.000356308 0.000365562 0.000390699 0.000410089 0.000417624 0.00043949 0.000476995 0.000496086 0.000527595 0.000582511 0.000657354 0.000731938 0.000857212 0.00103958 0.00127323 0.00156682 0.00196945 0.00249331 0.00312446 0.00389646 0.00484689 0.00599337 0.00729829 0.00877314 0.0103872 0.0120806 0.0137113 0.0151985 0.0164499 0.0173945 0.0179089 0.0179411 0.0174584 0.0164847 0.0150345 0.0132112 0.0111636 0.0090749 0.00704509 0.00513255 0.00336636 0.0018 0.000427079 -0.000831751 -0.00212893 -0.00356939 -0.005189 -0.00695216 -0.00884054 -0.0108168 -0.0128088 -0.014651 -0.0161866 -0.0172928 -0.0179372 -0.0180846 -0.0177497 -0.0169661 -0.0158473 -0.014466 -0.0129102 -0.0112514 -0.00963243 -0.00812872 -0.00678561 -0.00559126 -0.00458738 -0.00376543 -0.00309594 -0.00253495 -0.00209647 -0.00177296 -0.00152054 -0.00131877 -0.00117542 -0.00108949 -0.00100954 -0.000946346 -0.000906514 -0.000885934 -0.00084587 -0.000818274 -0.000806054 -0.000787603 -0.000757952 -0.000744212 -0.000738128 -0.00071198 -0.000696598 -0.000691593 -0.000678948 -0.000657143 -0.000656037 -0.000648763 -0.000629985 -0.000624979 -0.000622667 -0.000607136 -0.000597181 -0.000598373 -0.000581203 -0.0005721 -0.000572962 -0.000560435 -0.000544166 -0.000547054 -0.000546214 -0.000531908 -0.000528666 -0.000520111 -0.000525185 -0.000529984 -0.000510924 -0.000500759 -0.000508541 -0.000507686 -0.000490687 -0.000496 -0.000488157 -0.000470796 -0.000485961 -0.000482032 -0.000478442 -0.000481284 -0.000470995 -0.000471505 -0.000465148 -0.000467032 -0.000467626 -0.000457384 -0.000462346 -0.000454992 -0.000451916 -0.000460202 -0.000454849 -0.000458066 -0.000458362 -0.000450429 -0.000451002 -0.000447895 -0.000444485 -0.000447727 -0.000450515 
0 7.75005e-06 3.3876e-06 1.55924e-05 2.07959e-05 1.80931e-05 3.1734e-05 3.22616e-05 3.30227e-05 4.69919e-05 4.41529e-05 4.9265e-05 6.02118e-05 5.69323e-05 6.5509e-05 7.25658e-05 7.43728e-05 8.2496e-05 8.66837e-05 9.43822e-05 9.56755e-05 0.000101585 0.000113404 0.000108717 0.000119936 0.000130349 0.000126748 0.000140003 0.000148088 0.000152569 0.000157265 0.000165148 0.000177948 0.000178919 0.000187888 0.000193942 0.000203775 0.00021595 0.000215468 0.00023137 0.000240626 0.000248129 0.000259825 0.000270447 0.000282917 0.000288748 0.000308403 0.000315199 0.000326273 0.000344683 0.000354789 0.000368977 0.000382671 0.000405383 0.000413139 0.000434006 0.000456766 0.000472279 0.000492056 0.0005165 0.000545866 0.00056107 0.00059675 0.000632404 0.000671728 0.00071551 0.000788797 0.000881564 0.000995127 0.00116563 0.00140201 0.00171804 0.00211862 0.00266174 0.00334843 0.00420178 0.00523597 0.00650907 0.00801907 0.00976092 0.011713 0.0138451 0.0160568 0.0182055 0.0201629 0.0218123 0.0230416 0.0237176 0.0237648 0.0231405 0.0218667 0.0199783 0.0176121 0.0149472 0.0122051 0.00951467 0.0069726 0.00461792 0.00251304 0.00063023 -0.00111751 -0.00291015 -0.00486168 -0.00703384 -0.00938861 -0.0119059 -0.0145148 -0.0171181 -0.0195124 -0.0215129 -0.0229596 -0.023796 -0.0239804 -0.0235361 -0.0225157 -0.0210412 -0.0192198 -0.0171653 -0.0149966 -0.0128611 -0.0108718 -0.00907752 -0.00750297 -0.00616078 -0.00506031 -0.00415119 -0.00341348 -0.00282258 -0.0023821 -0.00203528 -0.00177339 -0.00157868 -0.00145 -0.00134606 -0.00126457 -0.00121138 -0.00116971 -0.00113118 -0.0010921 -0.0010744 -0.00104496 -0.0010201 -0.00099666 -0.000982682 -0.000958388 -0.000936986 -0.000926826 -0.000905232 -0.000889809 -0.000873061 -0.000864208 -0.000843184 -0.000832213 -0.000823356 -0.000805213 -0.000797921 -0.000785695 -0.000777282 -0.000763115 -0.000759362 -0.00075073 -0.000735632 -0.000734592 -0.000723847 -0.00071898 -0.000708717 -0.000698875 -0.000698073 -0.000690133 -0.000683094 -0.000672132 -0.000674366 -0.000669766 -0.000655829 -0.000661591 -0.000654059 -0.000645841 -0.00064715 -0.000640818 -0.000637471 -0.000630951 -0.000630894 -0.000628101 -0.000619533 -0.000625178 -0.000618735 -0.000612859 -0.000619259 -0.000610479 -0.000609173 -0.000612464 -0.00060397 -0.000605189 -0.000605313 -0.000599484 -0.000602099 -0.000603392 -0.000601869 -0.00060225 -0.000599173 
0 -3.6257e-06 2.20862e-05 1.12444e-05 1.80931e-05 4.0068e-05 2.50278e-05 4.21168e-05 5.40064e-05 3.99404e-05 6.47952e-05 6.78553e-05 6.36031e-05 8.38409e-05 7.90871e-05 8.34064e-05 9.27183e-05 0.000102022 0.000114272 0.000112637 0.000133583 0.000127834 0.000119921 0.000153592 0.0001479 0.000151847 0.000175442 0.000170481 0.000172353 0.000188398 0.000215059 0.000212942 0.00020518 0.000225457 0.000239632 0.000252333 0.000249201 0.000257554 0.000282186 0.000286854 0.00029763 0.000311375 0.00032601 0.000338751 0.000351683 0.000370227 0.000378533 0.000397588 0.00041446 0.000426053 0.000446014 0.000462593 0.000483114 0.000498182 0.000523456 0.000545091 0.000564815 0.000593931 0.000617574 0.000649013 0.000674051 0.00071343 0.000747223 0.000790934 0.000843066 0.000907595 0.000995552 0.00110548 0.00126882 0.00147917 0.00178088 0.00217056 0.00269921 0.00337149 0.00423575 0.00530364 0.0066181 0.0082045 0.0100811 0.0122498 0.0146729 0.0173012 0.020002 0.0226468 0.0250487 0.0270823 0.0285695 0.029407 0.0294622 0.0287205 0.0271573 0.0248802 0.0220081 0.0187884 0.0154138 0.0120939 0.00891569 0.00598512 0.00331064 0.000893215 -0.00140893 -0.00372912 -0.00623361 -0.00895635 -0.0119199 -0.0150469 -0.01828 -0.0214408 -0.0243538 -0.0267678 -0.0285418 -0.0295414 -0.0297654 -0.0292046 -0.0279706 -0.0261499 -0.0239125 -0.0213761 -0.0187276 -0.0160969 -0.0136331 -0.0113968 -0.00944267 -0.00777222 -0.00637921 -0.00523726 -0.00430994 -0.00357983 -0.00300274 -0.00257167 -0.00223732 -0.00200097 -0.0018161 -0.00169198 -0.00159208 -0.00152123 -0.00146113 -0.00141528 -0.00137788 -0.00133725 -0.00130968 -0.00127762 -0.00125402 -0.00122201 -0.00120285 -0.00117911 -0.00115371 -0.00113523 -0.00111442 -0.00109631 -0.00107274 -0.00106122 -0.00104185 -0.00102298 -0.00101282 -0.000995025 -0.000982679 -0.00097086 -0.000961402 -0.000943787 -0.000934017 -0.000936242 -0.000915758 -0.000901319 -0.000893769 -0.000893455 -0.000889306 -0.000859001 -0.00085083 -0.000858706 -0.000858139 -0.000835197 -0.00082384 -0.000838431 -0.000815894 -0.000815911 -0.000827965 -0.000801638 -0.00079754 -0.000794967 -0.000790839 -0.000787226 -0.00078241 -0.000789415 -0.000769681 -0.000771289 -0.000780275 -0.000759327 -0.000772593 -0.00077006 -0.000751176 -0.000763743 -0.000753248 -0.000748847 -0.000762051 -0.000751049 -0.000752081 -0.00075797 -0.000747083 -0.000750407 
0 1.50395e-05 7.84336e-06 2.55418e-05 3.1734e-05 2.50278e-05 4.64096e-05 4.92452e-05 4.69068e-05 7.15741e-05 6.86349e-05 6.73143e-05 9.30447e-05 8.71619e-05 9.64671e-05 0.000122947 0.00011199 0.000120478 0.000130486 0.000125552 0.000141973 0.000156332 0.000173297 0.000174469 0.000178986 0.000194945 0.000193604 0.000213053 0.000225167 0.00023189 0.000224536 0.000230404 0.00028168 0.000271585 0.000272265 0.000298322 0.000309209 0.000330755 0.000331889 0.000352487 0.000355569 0.000380171 0.000394726 0.000391098 0.00042935 0.00043233 0.000454171 0.000469731 0.000498213 0.00051284 0.000528619 0.000571948 0.000574364 0.000610314 0.000631586 0.00066692 0.000680352 0.000716393 0.000756098 0.00077203 0.000817993 0.000852011 0.000908445 0.000937898 0.0010198 0.00109505 0.00120106 0.00133646 0.00154033 0.00181187 0.00216028 0.00265525 0.00328945 0.00412317 0.00514342 0.00645603 0.0080342 0.00995226 0.0121804 0.0147773 0.017653 0.0207527 0.0239181 0.0270197 0.0298506 0.0322272 0.0339708 0.0349389 0.0350269 0.0341579 0.0323596 0.0297119 0.0264167 0.0226689 0.0187313 0.014778 0.0110024 0.00746351 0.00422554 0.00120204 -0.00168036 -0.00460695 -0.00766998 -0.0109887 -0.0145357 -0.0182903 -0.0220915 -0.0257937 -0.0291462 -0.0319556 -0.0339978 -0.0351667 -0.0353981 -0.0347473 -0.0332932 -0.0311656 -0.0285211 -0.025543 -0.0224344 -0.0193391 -0.0164174 -0.0137452 -0.0114246 -0.00941466 -0.00774471 -0.00634544 -0.0052497 -0.00435154 -0.00366307 -0.00311653 -0.00273285 -0.00243015 -0.0022055 -0.0020461 -0.0019312 -0.00184423 -0.00175444 -0.0017154 -0.00165582 -0.00161774 -0.00156213 -0.0015461 -0.00150021 -0.0014638 -0.00144158 -0.00141113 -0.00138531 -0.00134835 -0.00134843 -0.00130507 -0.00129281 -0.00127487 -0.00125603 -0.00123414 -0.00121636 -0.00121446 -0.00117295 -0.00117505 -0.00115477 -0.00113757 -0.00112515 -0.00110339 -0.00109755 -0.00108322 -0.00108861 -0.00104758 -0.00104288 -0.00106701 -0.00104075 -0.00102568 -0.00101025 -0.00101629 -0.00100937 -0.00099284 -0.000991128 -0.00097169 -0.000966866 -0.000961202 -0.00096837 -0.000966297 -0.000944087 -0.000956377 -0.000940874 -0.000926966 -0.000947082 -0.000927774 -0.000919641 -0.000929722 -0.000909354 -0.000910102 -0.000922265 -0.000909526 -0.000914001 -0.000917107 -0.000900415 -0.000905562 -0.000901078 -0.000890108 -0.000904382 -0.000900283 
0 5.84184e-06 1.34461e-05 2.17898e-05 3.22616e-05 4.21168e-05 4.92452e-05 5.84304e-05 6.43883e-05 7.27318e-05 8.32596e-05 8.82106e-05 0.000101662 0.000106731 0.00011041 0.000125874 0.000126679 0.000144483 0.000161717 0.000160878 0.000180663 0.0001796 0.000180479 0.000203042 0.000207735 0.000221235 0.00023594 0.000242338 0.000249526 0.000271112 0.00029088 0.0002919 0.000309099 0.000312686 0.000328111 0.000354394 0.000351155 0.000367082 0.00038935 0.000405905 0.000415913 0.000441653 0.00046231 0.000468648 0.000504346 0.000518421 0.000533064 0.000559316 0.000585265 0.000599151 0.000620436 0.000660697 0.000671201 0.000700852 0.000737248 0.000769011 0.000790622 0.000833921 0.000880769 0.000905048 0.000953824 0.00100841 0.00106442 0.00111143 0.00120264 0.00130439 0.00142382 0.00159162 0.00183958 0.0021631 0.00257991 0.00316288 0.00392591 0.00489833 0.00610628 0.00764027 0.00950514 0.0117322 0.0143281 0.0173255 0.0206442 0.0241791 0.0277824 0.0313041 0.0345259 0.0372205 0.0391919 0.0402906 0.0403987 0.0394333 0.0374179 0.034468 0.0307893 0.0265906 0.0221164 0.0175835 0.0132021 0.00907091 0.00521995 0.00156918 -0.00196922 -0.00553012 -0.00921352 -0.0131274 -0.0172828 -0.0216271 -0.0259853 -0.0301622 -0.0339223 -0.0370582 -0.0393489 -0.0406493 -0.040897 -0.0401479 -0.0384981 -0.0360792 -0.0330641 -0.0296745 -0.0261332 -0.0226037 -0.0192369 -0.016153 -0.0134517 -0.0111191 -0.00914857 -0.00751124 -0.00621179 -0.00516381 -0.00433478 -0.0036902 -0.00322713 -0.0028688 -0.00259278 -0.0023977 -0.00226478 -0.00215306 -0.00205233 -0.00199647 -0.00194015 -0.00188416 -0.0018297 -0.00180609 -0.00176 -0.00171591 -0.0016894 -0.00166143 -0.00162197 -0.00158829 -0.00157632 -0.00153462 -0.00150863 -0.00148951 -0.00146599 -0.00143334 -0.00141803 -0.00140455 -0.00137006 -0.00136484 -0.00134681 -0.00132531 -0.00131411 -0.00130779 -0.00128591 -0.00126442 -0.00126825 -0.00124643 -0.00123419 -0.00122008 -0.0011987 -0.0012004 -0.00119236 -0.00117627 -0.0011628 -0.00116332 -0.00115283 -0.00114715 -0.00115212 -0.00112768 -0.00112266 -0.00111839 -0.00110236 -0.00110882 -0.00109995 -0.00109195 -0.00109139 -0.00108199 -0.00108175 -0.00108078 -0.00107732 -0.00107359 -0.00106789 -0.00106215 -0.0010573 -0.00105583 -0.0010536 -0.00105835 -0.00106093 -0.00105715 -0.00105783 -0.0010499 
0 3.66784e-06 2.88778e-05 2.49574e-05 3.30227e-05 5.40064e-05 4.69068e-05 6.43883e-05 8.15021e-05 7.49957e-05 9.69341e-05 0.000106674 0.000106706 0.000128375 0.000133835 0.000141556 0.00015364 0.000162658 0.000175152 0.000178047 0.000201353 0.000210332 0.000209077 0.000241872 0.000242775 0.000247929 0.000276273 0.000278141 0.000289274 0.00030251 0.000323586 0.000337147 0.000340553 0.000365682 0.000379639 0.000402408 0.000411141 0.000423161 0.000457673 0.000461682 0.000483053 0.000504078 0.000522578 0.000542341 0.000562994 0.00059428 0.000602831 0.000640918 0.000665819 0.000685756 0.00072043 0.000750865 0.000783098 0.000804146 0.000856122 0.000881863 0.000915691 0.000961665 0.00100643 0.00104598 0.00108866 0.00116248 0.00121087 0.00128458 0.00137652 0.00150556 0.00164335 0.00184892 0.00214245 0.00251973 0.00302145 0.00369395 0.00459499 0.00570853 0.00712362 0.00887818 0.0110367 0.0135709 0.0165401 0.0199217 0.0236622 0.0276033 0.0316148 0.0355179 0.0390882 0.0420693 0.0442449 0.0454651 0.0455882 0.0445471 0.0423482 0.0391538 0.0351438 0.0305559 0.0255903 0.0205217 0.0155453 0.0108186 0.00631876 0.00200439 -0.00224372 -0.00648072 -0.0108316 -0.0153594 -0.0201305 -0.0250369 -0.0299201 -0.03452 -0.0386418 -0.0420474 -0.0445489 -0.0459529 -0.0462159 -0.0453707 -0.0435417 -0.0408548 -0.0375077 -0.0337432 -0.0297998 -0.0258643 -0.0220772 -0.0186025 -0.0155208 -0.0128698 -0.0105966 -0.00872781 -0.00721066 -0.00601384 -0.00503919 -0.00430181 -0.0037459 -0.00333326 -0.00300569 -0.00277416 -0.00261591 -0.00247793 -0.00237196 -0.00228819 -0.00223512 -0.0021563 -0.00210723 -0.00206077 -0.00201759 -0.00196379 -0.00192791 -0.00189916 -0.00184762 -0.00182217 -0.00178892 -0.00176203 -0.00172249 -0.00170589 -0.0016798 -0.00164462 -0.00163344 -0.00160351 -0.00158426 -0.00156004 -0.00154693 -0.00151986 -0.00149807 -0.00149568 -0.00146416 -0.00145118 -0.00143519 -0.00142501 -0.00141585 -0.00139011 -0.00138393 -0.00137442 -0.00136878 -0.00134654 -0.00133428 -0.00134119 -0.0013115 -0.00130762 -0.00130889 -0.00128625 -0.00128511 -0.00127936 -0.00127338 -0.00126399 -0.00125771 -0.00125979 -0.0012409 -0.0012429 -0.0012435 -0.001223 -0.00123194 -0.00122626 -0.00121203 -0.00122357 -0.00121656 -0.00121164 -0.00121726 -0.00120476 -0.00120235 -0.00120573 -0.00119873 -0.00120419 
0 2.02299e-05 9.79384e-06 3.69327e-05 4.69919e-05 3.99404e-05 7.15741e-05 7.27318e-05 7.49957e-05 0.000105339 0.000101119 0.000112869 0.000132729 0.000132904 0.000151039 0.00016394 0.00017859 0.000183672 0.0001907 0.00021514 0.000207256 0.000233946 0.000264033 0.000250006 0.000276849 0.000291066 0.000293827 0.000316593 0.000337132 0.00035564 0.000344245 0.00036846 0.000406322 0.00041413 0.000425914 0.000435593 0.000472346 0.000490891 0.000500445 0.000526042 0.00054365 0.000573039 0.00058814 0.000613791 0.000639627 0.000662334 0.000693247 0.000716469 0.000751228 0.000776867 0.000812094 0.000846654 0.00087841 0.000917953 0.000955686 0.00099849 0.00103578 0.00108641 0.00113451 0.00118226 0.00124061 0.00130654 0.00137834 0.00145837 0.00157231 0.00171022 0.00188589 0.00212765 0.00246371 0.00290692 0.00348917 0.00427346 0.00529022 0.00657696 0.0081831 0.010186 0.0126108 0.0154761 0.0187956 0.0225613 0.0266819 0.0310102 0.0353911 0.0396359 0.0435098 0.0467378 0.0491026 0.050421 0.0505689 0.0494563 0.0471308 0.0437274 0.0394599 0.0345176 0.0291352 0.0235528 0.0180229 0.0126691 0.00751314 0.00247482 -0.00249981 -0.00747768 -0.0125134 -0.017704 -0.0230685 -0.028533 -0.0338797 -0.0388789 -0.0432955 -0.0469399 -0.0495918 -0.0510912 -0.0513517 -0.0504302 -0.0484275 -0.0455072 -0.0418644 -0.0377663 -0.0334549 -0.029134 -0.0249639 -0.0211038 -0.0176628 -0.0146704 -0.0121182 -0.00999122 -0.0082715 -0.00688909 -0.00579057 -0.00493364 -0.00429236 -0.00380385 -0.00343257 -0.00315953 -0.00296232 -0.00280913 -0.00268288 -0.00259133 -0.00251229 -0.00244182 -0.00237646 -0.00232448 -0.00227245 -0.00221973 -0.00217758 -0.00213302 -0.00209422 -0.0020518 -0.00201969 -0.00198328 -0.00194959 -0.0019213 -0.00188774 -0.00186415 -0.00183203 -0.00181154 -0.00178289 -0.00175771 -0.00173918 -0.00171544 -0.00169817 -0.00166416 -0.00165658 -0.00164591 -0.0016209 -0.001597 -0.00157816 -0.00159099 -0.0015674 -0.00153642 -0.00152726 -0.00152529 -0.00151921 -0.00148733 -0.0014926 -0.00147749 -0.00144817 -0.00146592 -0.00145249 -0.00143841 -0.00143514 -0.00142403 -0.00141799 -0.00140448 -0.00141313 -0.00140056 -0.00138428 -0.00139791 -0.00137488 -0.00137404 -0.00138837 -0.00136365 -0.00137127 -0.00137381 -0.0013533 -0.00136483 -0.00135972 -0.00134803 -0.00136223 -0.00135428 
0 4.39919e-06 2.53833e-05 2.91788e-05 4.41529e-05 6.47952e-05 6.86349e-05 8.32596e-05 9.69341e-05 0.000101119 0.000116739 0.000133134 0.000138934 0.000155442 0.000169932 0.000170678 0.00019105 0.000208152 0.000219571 0.000243651 0.000251258 0.000260269 0.000268125 0.000280978 0.000308536 0.000318697 0.000337544 0.000355272 0.000361552 0.00038012 0.000416037 0.000438396 0.000425582 0.000452393 0.000484617 0.000496177 0.000518728 0.000530037 0.00055918 0.000584704 0.000612005 0.000630325 0.000656988 0.000697098 0.000709162 0.000747412 0.000775388 0.000805258 0.000834395 0.000870308 0.00090873 0.000932211 0.000985403 0.00101736 0.00106371 0.0011051 0.00116054 0.0012088 0.00125884 0.00132866 0.00138519 0.00146481 0.00153958 0.00165253 0.0017664 0.00193271 0.00214035 0.00242718 0.00280776 0.00331625 0.00400009 0.00488346 0.00603998 0.0074861 0.00931643 0.011546 0.0142594 0.0174356 0.0211188 0.0252335 0.0297186 0.0343957 0.0391169 0.0436573 0.0477868 0.051229 0.0537509 0.0551618 0.0553198 0.0541688 0.0517411 0.0481955 0.043702 0.038476 0.0327103 0.0266805 0.0205971 0.01463 0.00876999 0.00299939 -0.00275391 -0.0084841 -0.014262 -0.020117 -0.0260943 -0.0320673 -0.0378569 -0.0431932 -0.0478814 -0.0517011 -0.0544792 -0.056034 -0.0563023 -0.0553021 -0.0531534 -0.0500219 -0.0461288 -0.0417379 -0.03709 -0.0324169 -0.0278821 -0.0236697 -0.0198611 -0.0165452 -0.0136925 -0.0113287 -0.00937383 -0.00781941 -0.00656899 -0.00560866 -0.00485635 -0.00429659 -0.0038723 -0.0035558 -0.00331961 -0.00313641 -0.00300822 -0.00288643 -0.0028027 -0.00271748 -0.00265985 -0.00258415 -0.00253359 -0.00248141 -0.002428 -0.00238003 -0.00233403 -0.00229977 -0.0022427 -0.00221633 -0.00217382 -0.00213769 -0.00210041 -0.00207314 -0.00204093 -0.00200136 -0.00199103 -0.00195382 -0.00192959 -0.0019075 -0.0018903 -0.00186944 -0.00184376 -0.00182554 -0.00179878 -0.00180359 -0.00177527 -0.00173354 -0.00173153 -0.0017279 -0.00170952 -0.00168319 -0.00167613 -0.00166228 -0.00165337 -0.00165367 -0.00163692 -0.00162639 -0.00160605 -0.0015974 -0.00159746 -0.00158035 -0.00157982 -0.00157234 -0.00155436 -0.00155558 -0.00155396 -0.00154423 -0.00154575 -0.00154089 -0.00152502 -0.00152707 -0.00151864 -0.00150771 -0.00152139 -0.00151341 -0.00151347 -0.00152341 -0.00150476 -0.00150844 
0 1.01389e-05 3.83442e-05 3.78277e-05 4.9265e-05 6.78553e-05 6.73143e-05 8.82106e-05 0.000106674 0.000112869 0.000133134 0.000145618 0.000152825 0.00017284 0.00018704 0.000197439 0.000217479 0.000226467 0.000235299 0.000253934 0.000266446 0.000290246 0.000310716 0.000323159 0.000342351 0.000351903 0.000366914 0.000391631 0.000410306 0.00041875 0.000440003 0.000463962 0.000475443 0.00051429 0.000532403 0.000542548 0.000580371 0.000600875 0.000622741 0.000646335 0.000676826 0.000693706 0.000723742 0.000763258 0.000774447 0.000818303 0.000853402 0.000884088 0.000918683 0.000965653 0.00100655 0.00103368 0.00109705 0.00113412 0.00117926 0.00122899 0.00129149 0.00133861 0.00139159 0.00147324 0.00153365 0.00161491 0.00170519 0.00183554 0.00196259 0.00215059 0.00240142 0.00273182 0.00316481 0.00374924 0.00453767 0.00553552 0.00683157 0.00846012 0.0105107 0.012986 0.015978 0.0194786 0.0235048 0.0279611 0.032775 0.0377792 0.0427976 0.0475944 0.0519309 0.0555508 0.0582013 0.0596854 0.0598538 0.058679 0.0561902 0.0525396 0.0478706 0.0424004 0.0363103 0.0298688 0.0232635 0.0166704 0.0100968 0.0035635 -0.00297841 -0.00949376 -0.0160304 -0.0225767 -0.029152 -0.0356133 -0.041797 -0.047439 -0.0523539 -0.0563167 -0.0591788 -0.0607705 -0.0610383 -0.0599734 -0.057699 -0.0543875 -0.0502856 -0.0456404 -0.0406974 -0.0356956 -0.0308305 -0.0262773 -0.0221244 -0.0184763 -0.0153361 -0.0127202 -0.0105398 -0.00879368 -0.00739678 -0.00631912 -0.00546005 -0.00481886 -0.00433891 -0.00397879 -0.0036972 -0.00348783 -0.00334403 -0.00320406 -0.00309987 -0.00300794 -0.00294354 -0.0028525 -0.00279268 -0.00273791 -0.00267575 -0.00261615 -0.00256926 -0.00253153 -0.00246613 -0.00243766 -0.00239745 -0.00235568 -0.00231608 -0.00229171 -0.00225739 -0.00221282 -0.00220102 -0.00216124 -0.00213186 -0.00210868 -0.00208 -0.00204979 -0.00203 -0.00201581 -0.00197437 -0.00196567 -0.00195313 -0.00192674 -0.00191927 -0.00189839 -0.00187803 -0.00186699 -0.00185918 -0.00183825 -0.00181975 -0.00180751 -0.00178875 -0.00178635 -0.00177675 -0.0017647 -0.00176122 -0.00174341 -0.00173686 -0.00173621 -0.00172113 -0.00171691 -0.00171238 -0.00169328 -0.00169269 -0.00168996 -0.00167582 -0.0016893 -0.00168538 -0.00167196 -0.00168196 -0.00166174 -0.00165503 -0.001666 -0.00164972 -0.00166422 
0 1.8525e-05 1.60655e-05 4.27607e-05 6.02118e-05 6.36031e-05 9.30447e-05 0.000101662 0.000106706 0.000132729 0.000138934 0.000152825 0.000174951 0.000184989 0.000199867 0.00021581 0.000238803 0.000247611 0.000262682 0.000294676 0.000288625 0.000311121 0.000344934 0.000336806 0.000368559 0.000393383 0.000399712 0.000426606 0.000447704 0.000476696 0.000483472 0.00050251 0.000538664 0.000556382 0.000577907 0.000587624 0.000631204 0.000659119 0.000667498 0.000713202 0.000735595 0.000767838 0.000799256 0.00083465 0.000864844 0.000894438 0.000947916 0.00096455 0.00101205 0.00105746 0.00109392 0.00113683 0.00118716 0.00124685 0.00127724 0.00135141 0.00140875 0.00146674 0.00153057 0.00161512 0.00169737 0.00177054 0.00189802 0.00202503 0.00218983 0.00238915 0.00269408 0.00306317 0.00355695 0.00422594 0.00511119 0.00624159 0.00766952 0.00950498 0.0117576 0.0145029 0.017755 0.0215939 0.0259303 0.0307239 0.035828 0.0411378 0.0464056 0.0514211 0.0559201 0.0596789 0.0624294 0.0639627 0.0641477 0.0629578 0.0604491 0.0567172 0.0519246 0.0462389 0.0398863 0.0330584 0.0259719 0.0187403 0.0114629 0.0041403 -0.00318134 -0.0105107 -0.0178027 -0.0250648 -0.0322122 -0.0391513 -0.0456776 -0.0516054 -0.0567013 -0.0607908 -0.0636978 -0.0653184 -0.0655733 -0.0644645 -0.0620864 -0.0586321 -0.0543592 -0.0494969 -0.0443022 -0.0389955 -0.0338347 -0.0289452 -0.024478 -0.0204847 -0.0170723 -0.0141759 -0.011785 -0.00981813 -0.00827994 -0.0070572 -0.00609865 -0.00535919 -0.00481589 -0.00440732 -0.00407303 -0.00384393 -0.00366266 -0.00352528 -0.00338391 -0.0033027 -0.00321455 -0.00313008 -0.00305527 -0.00299867 -0.0029387 -0.00286196 -0.00282703 -0.00276675 -0.00271637 -0.00266397 -0.00263093 -0.00257965 -0.00253032 -0.00250901 -0.0024561 -0.00242614 -0.0023908 -0.00236182 -0.0023256 -0.00230128 -0.00228224 -0.00223364 -0.00222803 -0.00220647 -0.0021744 -0.00214978 -0.00212729 -0.00212314 -0.00208954 -0.00206658 -0.00205047 -0.00204034 -0.00202633 -0.00199271 -0.00200128 -0.00198239 -0.00195353 -0.0019655 -0.0019424 -0.00192391 -0.00192195 -0.00190842 -0.00189693 -0.0018856 -0.00188639 -0.0018705 -0.00185994 -0.00186905 -0.00185019 -0.00184911 -0.00185231 -0.00182709 -0.00183107 -0.00183011 -0.00181467 -0.00182807 -0.00182507 -0.00181433 -0.0018244 -0.00181311 
0 8.79266e-06 3.70171e-05 4.23498e-05 5.69323e-05 8.38409e-05 8.71619e-05 0.000106731 0.000128375 0.000132904 0.000155442 0.00017284 0.000184989 0.000203709 0.000220685 0.00023835 0.000244502 0.000272027 0.000294199 0.000298014 0.000338239 0.000345848 0.000348018 0.000386342 0.000398457 0.000421721 0.000444324 0.000467065 0.000482809 0.000489681 0.000544695 0.000565841 0.000570572 0.00059558 0.000626752 0.000669758 0.00067719 0.000706599 0.000738834 0.000771433 0.00080762 0.00082504 0.000873759 0.000902279 0.000940236 0.000979 0.0010181 0.00106197 0.00109679 0.00115643 0.00119009 0.0012443 0.00129839 0.00135226 0.00140557 0.00146664 0.00154186 0.00159377 0.00167642 0.00175795 0.00184991 0.00194022 0.00207281 0.00222629 0.00240247 0.00264986 0.00298058 0.0034155 0.00396845 0.00473538 0.00572349 0.00698855 0.00858013 0.0106079 0.0130942 0.0160881 0.0196382 0.0237755 0.0284387 0.0335212 0.0389215 0.044477 0.0499761 0.0551512 0.0597887 0.0636349 0.0664575 0.0680151 0.0682158 0.0670254 0.0645121 0.0607322 0.0558376 0.0499849 0.043395 0.0362298 0.0286709 0.0208313 0.012839 0.00474868 -0.00336783 -0.0114916 -0.0195552 -0.0275096 -0.0352308 -0.0426072 -0.0494601 -0.0556295 -0.0608909 -0.0650755 -0.0680169 -0.0696481 -0.0698893 -0.0687517 -0.0662958 -0.0627429 -0.0583229 -0.0532947 -0.0478681 -0.0423133 -0.036854 -0.0316739 -0.0268784 -0.0225835 -0.0188641 -0.0157127 -0.013079 -0.0109156 -0.00920288 -0.00784194 -0.0067732 -0.00593531 -0.00532553 -0.0048494 -0.00448665 -0.00420779 -0.00401293 -0.00384461 -0.00370109 -0.00359631 -0.00350004 -0.00341221 -0.0033222 -0.00326505 -0.00318651 -0.00312294 -0.00306143 -0.00300903 -0.00294967 -0.00289408 -0.00285636 -0.00279706 -0.00276088 -0.00271327 -0.0026779 -0.00263376 -0.00260038 -0.00257149 -0.00252409 -0.00250334 -0.00246858 -0.00244943 -0.00241048 -0.00237586 -0.00236753 -0.00234424 -0.00231957 -0.00227159 -0.0022687 -0.0022661 -0.00222884 -0.00220912 -0.00218831 -0.00218475 -0.00215946 -0.00214817 -0.00214884 -0.00210735 -0.00210316 -0.00209917 -0.0020771 -0.0020746 -0.0020627 -0.00205167 -0.00203606 -0.0020343 -0.00203229 -0.00201102 -0.0020174 -0.0020077 -0.0019893 -0.0020006 -0.00198553 -0.00197788 -0.00198956 -0.00197313 -0.00197363 -0.00198076 -0.00196405 -0.00197008 
0 2.16418e-05 3.54429e-05 5.55102e-05 6.5509e-05 7.90871e-05 9.64671e-05 0.00011041 0.000133835 0.000151039 0.000169932 0.00018704 0.000199867 0.000220685 0.000235339 0.000257996 0.000276706 0.000292371 0.000313128 0.00032093 0.000349195 0.000370754 0.000393355 0.000429023 0.000429729 0.000455234 0.000478965 0.000491098 0.000533502 0.000552552 0.000566696 0.000585616 0.000627362 0.000664168 0.000677649 0.000712092 0.000733823 0.000777112 0.000809115 0.000828207 0.000869396 0.000900935 0.000942663 0.000970649 0.00101804 0.00105778 0.00109678 0.00115093 0.00119069 0.00124735 0.00129244 0.00135435 0.00140591 0.00146627 0.00153071 0.00159275 0.00166808 0.00173377 0.00182267 0.00190483 0.00200841 0.00211583 0.002259 0.00242719 0.00263647 0.00291929 0.00329028 0.0037831 0.00441785 0.00527781 0.00637765 0.00778694 0.00955388 0.0117832 0.0144995 0.0177602 0.0215999 0.0260377 0.0309964 0.0363651 0.0420247 0.0478044 0.0534816 0.0587916 0.0635209 0.0674238 0.0702735 0.0718416 0.0720493 0.0708693 0.0683588 0.0645498 0.0595775 0.0535886 0.046792 0.0393164 0.0313132 0.0228886 0.0142059 0.00536332 -0.00353 -0.012435 -0.0212491 -0.0298775 -0.038149 -0.0459428 -0.0530981 -0.0594847 -0.064891 -0.0691566 -0.0721283 -0.0737628 -0.073996 -0.0728401 -0.0703468 -0.0667264 -0.0622035 -0.0570321 -0.0514232 -0.0456429 -0.0399223 -0.0344531 -0.0293597 -0.0247621 -0.020748 -0.0173211 -0.0144498 -0.012079 -0.0101847 -0.00867104 -0.00748517 -0.00655129 -0.00585577 -0.00531576 -0.0049102 -0.00459505 -0.00436331 -0.00417623 -0.00402124 -0.00389862 -0.00378596 -0.00369534 -0.00359896 -0.00352562 -0.00344328 -0.00337905 -0.00330694 -0.00324521 -0.00318932 -0.00312856 -0.00307995 -0.00302401 -0.00298625 -0.0029299 -0.00289472 -0.00285312 -0.0028078 -0.00277492 -0.00273762 -0.0027066 -0.00265726 -0.00263787 -0.00260712 -0.00257529 -0.00254797 -0.00250745 -0.00250116 -0.00248306 -0.0024543 -0.00241882 -0.00240748 -0.00240129 -0.00236765 -0.00236128 -0.00233081 -0.00230549 -0.0023036 -0.00228273 -0.00227808 -0.00226161 -0.0022442 -0.00223542 -0.00222208 -0.00221915 -0.00220596 -0.0021974 -0.00218623 -0.00217178 -0.00216745 -0.00215545 -0.00215756 -0.00215548 -0.00214786 -0.00215058 -0.00213548 -0.00213135 -0.00212842 -0.00211782 -0.00212751 -0.00212396 
0 2.26239e-05 1.52619e-05 5.52357e-05 7.25658e-05 8.34064e-05 0.000122947 0.000125874 0.000141556 0.00016394 0.000170678 0.000197439 0.00021581 0.00023835 0.000257996 0.000270327 0.000300519 0.000313573 0.000335371 0.000367459 0.000377731 0.000396638 0.000418598 0.000439137 0.000459714 0.000491716 0.000527092 0.000533201 0.000563979 0.000603709 0.000613622 0.000648506 0.000680914 0.000695528 0.000728726 0.000762187 0.000792109 0.000826225 0.000863563 0.000895309 0.000934021 0.000984554 0.0010121 0.00105445 0.00110772 0.00114196 0.00118792 0.00123885 0.00129041 0.00133212 0.00139466 0.00145605 0.00150495 0.00157767 0.00164584 0.00171872 0.00178778 0.00188112 0.00196825 0.00206026 0.00217712 0.00230449 0.00246107 0.00264262 0.00289763 0.00320858 0.00363057 0.00417853 0.00491076 0.00585888 0.00708106 0.00864119 0.0105951 0.0130291 0.015978 0.0195157 0.0236397 0.0283708 0.0336009 0.0392464 0.045133 0.0511096 0.0569189 0.0623384 0.0671171 0.0710439 0.0738777 0.0754418 0.0756443 0.0744778 0.0719653 0.0681396 0.0631047 0.0570058 0.0500208 0.0422588 0.0338377 0.0248666 0.01553 0.00596997 -0.0036724 -0.0133261 -0.0228564 -0.0321209 -0.0409161 -0.0491059 -0.0565497 -0.0631334 -0.0686728 -0.0730114 -0.0760221 -0.077662 -0.0779005 -0.0767399 -0.0742502 -0.0705962 -0.0660131 -0.0607226 -0.0549744 -0.0489953 -0.0430463 -0.0372955 -0.0319264 -0.0270318 -0.0227301 -0.0190146 -0.0159011 -0.0133156 -0.0112284 -0.00955014 -0.00823352 -0.00720388 -0.00640622 -0.00580122 -0.00533882 -0.00499459 -0.00471244 -0.0045098 -0.0043388 -0.00420221 -0.0040725 -0.00397612 -0.0038839 -0.00378794 -0.00371208 -0.00363912 -0.00356933 -0.00349045 -0.00344032 -0.00337547 -0.00330986 -0.00326063 -0.00320897 -0.00315284 -0.00310079 -0.00306823 -0.00301279 -0.00296934 -0.00294171 -0.00289866 -0.00286354 -0.00283302 -0.00280099 -0.00276882 -0.00274801 -0.0027158 -0.00267676 -0.00266559 -0.00263419 -0.00259951 -0.00259376 -0.00256275 -0.00253154 -0.00252368 -0.00251144 -0.002492 -0.00247297 -0.00246313 -0.00243978 -0.00242313 -0.00241999 -0.00239869 -0.00238772 -0.00237407 -0.00236053 -0.00235464 -0.00233856 -0.00234831 -0.0023372 -0.00231931 -0.00233055 -0.00229741 -0.0022934 -0.00230671 -0.00227581 -0.0022995 -0.00230024 -0.00227364 -0.00230112 -0.0022759 
0 2.15085e-05 4.3484e-05 6.19682e-05 7.43728e-05 9.27183e-05 0.00011199 0.000126679 0.00015364 0.00017859 0.00019105 0.000217479 0.000238803 0.000244502 0.000276706 0.000300519 0.000304205 0.000342934 0.000362683 0.000369104 0.000415665 0.000433306 0.000446009 0.000483783 0.000502294 0.00052529 0.000549533 0.000580558 0.000607895 0.000619404 0.000661694 0.000703204 0.00072437 0.000743268 0.000786937 0.000838176 0.000848876 0.000886977 0.0009323 0.00095954 0.00100584 0.00104266 0.00108293 0.00112559 0.00118179 0.00122371 0.0012667 0.00133856 0.00138148 0.00143809 0.00150451 0.00157012 0.001626 0.00169657 0.0017835 0.00184184 0.001929 0.00202151 0.00211865 0.00221197 0.00234127 0.00249183 0.00264883 0.0028684 0.00314754 0.00351487 0.00397099 0.00460641 0.00542504 0.00648346 0.00783277 0.00955918 0.0117147 0.0143527 0.0175586 0.0213615 0.0257896 0.0307791 0.0362918 0.0421704 0.0482836 0.0543985 0.0603285 0.0658035 0.0706149 0.0745089 0.0773054 0.0788307 0.0790227 0.0778494 0.0753282 0.0714815 0.0663944 0.0601996 0.0530356 0.045007 0.036194 0.0267283 0.016784 0.0065619 -0.00379162 -0.0141398 -0.02434 -0.0341841 -0.043472 -0.052033 -0.0597575 -0.0665246 -0.0721899 -0.0766038 -0.0796641 -0.0813305 -0.0815836 -0.0804492 -0.0779847 -0.0743506 -0.0697264 -0.0643666 -0.058489 -0.0523659 -0.0461898 -0.0402007 -0.0345436 -0.0293887 -0.0247808 -0.0207958 -0.0174145 -0.0146231 -0.0123283 -0.0104817 -0.0090278 -0.00789025 -0.00700238 -0.00630941 -0.00580747 -0.00540843 -0.00510172 -0.00485552 -0.00468416 -0.00451968 -0.00437831 -0.00426987 -0.00416885 -0.00406651 -0.0039691 -0.00390525 -0.00381375 -0.00373763 -0.00367386 -0.00361167 -0.00353963 -0.00348176 -0.00344069 -0.00337022 -0.00332666 -0.0032836 -0.00323479 -0.00318843 -0.00314895 -0.00310983 -0.00306233 -0.00304237 -0.00299227 -0.00294704 -0.00293673 -0.00290536 -0.00286363 -0.002829 -0.00282201 -0.00279976 -0.00276262 -0.00274416 -0.0027236 -0.00270842 -0.00267699 -0.00265961 -0.00265345 -0.00261328 -0.0026069 -0.00260417 -0.00257024 -0.00256686 -0.00255971 -0.00253598 -0.00253269 -0.0025278 -0.002507 -0.00249474 -0.00249158 -0.00247588 -0.00247032 -0.00247617 -0.00246306 -0.00245868 -0.00246041 -0.00244298 -0.00244067 -0.00244415 -0.0024324 -0.00243913 
0 2.00546e-05 4.17288e-05 6.00182e-05 8.2496e-05 0.000102022 0.000120478 0.000144483 0.000162658 0.000183672 0.000208152 0.000226467 0.000247611 0.000272027 0.000292371 0.000313573 0.000342934 0.000363042 0.000381659 0.000412452 0.000427015 0.000450605 0.000489706 0.000512743 0.000536475 0.000561777 0.000590851 0.000612779 0.000646395 0.000694753 0.000704615 0.000726281 0.000770272 0.000813742 0.000848589 0.000864384 0.000909289 0.000955686 0.000996598 0.00102845 0.00106895 0.00112655 0.00115825 0.00121304 0.00126164 0.00130916 0.00136377 0.00142209 0.00148241 0.00153053 0.00161243 0.00167127 0.00173872 0.00181764 0.00190175 0.00197855 0.00206169 0.00217732 0.0022675 0.00238494 0.00252048 0.00269066 0.00286545 0.00310976 0.00343397 0.0038331 0.00435877 0.00505851 0.00598774 0.00714328 0.00864432 0.0105348 0.0128983 0.0157525 0.0192136 0.0232971 0.0280032 0.0332643 0.039021 0.0451393 0.051424 0.0576752 0.0636689 0.069194 0.0739783 0.0778263 0.0805337 0.0820147 0.0821585 0.0809707 0.0784101 0.0745441 0.0693982 0.0631194 0.0557774 0.0475007 0.0383277 0.0284243 0.0179368 0.00711786 -0.00388537 -0.0148633 -0.0256663 -0.0360271 -0.045766 -0.0546741 -0.0626753 -0.0696176 -0.0754161 -0.0799082 -0.0830504 -0.0847594 -0.0850699 -0.0839747 -0.0815885 -0.0779928 -0.0733894 -0.0679701 -0.0620195 -0.0557539 -0.0494058 -0.0431719 -0.0372662 -0.0318332 -0.0269472 -0.0226728 -0.0190289 -0.0160091 -0.0135023 -0.0114807 -0.00986659 -0.00862234 -0.00761922 -0.00685566 -0.00627534 -0.00584195 -0.00548455 -0.00521379 -0.00501665 -0.00483647 -0.00468551 -0.00455556 -0.00445955 -0.00433755 -0.00424733 -0.00416261 -0.00408013 -0.00399289 -0.00392284 -0.00386123 -0.0037784 -0.00372542 -0.00366212 -0.00360613 -0.00354552 -0.00349978 -0.00344722 -0.00339279 -0.00336273 -0.00330809 -0.00326504 -0.0032265 -0.00320096 -0.00316278 -0.00311193 -0.00308604 -0.00306402 -0.00304547 -0.00299502 -0.00296062 -0.00295506 -0.00292789 -0.00290143 -0.00287537 -0.00285568 -0.00282979 -0.00281146 -0.00280795 -0.00278076 -0.00276129 -0.00275061 -0.00273139 -0.0027198 -0.00270875 -0.00269544 -0.00268067 -0.00267139 -0.00266178 -0.00264883 -0.00264589 -0.00263789 -0.00262814 -0.00262575 -0.00261675 -0.00261008 -0.00260794 -0.00260223 -0.00259919 -0.00259869 -0.00259656 
