0 0 0 0 0 0 0 0 0 0 0 0 0 0 0 0 0 0 0 0 0 0 0 0 0 0 0 0 0 0 0 0 0 0 0 0 0 0 0 0 0 0 0 0 0 0 0 0 0 0 0 0 0 0 0 0 0 0 0 0 0 0 0 0 0 0 0 0 0 0 0 0 0 0 0 0 0 0 0 0 0 0 0 0 0 0 0 0 0 0 0 0 0 0 0 0 0 0 0 0 0 0 0 0 0 0 0 0 0 0 0 0 0 0 0 0 0 0 0 0 0 0 0 0 0 0 0 0 0 0 0 0 0 0 0 0 0 0 0 0 0 0 0 0 0 0 0 0 0 0 0 0 0 0 0 0 0 0 0 0 0 0 0 0 0 0 0 0 0 0 0 0 0 0 0 0 0 0 0 0 0 0 0 0 0 0 0 0 0 0 0 0 0 0 0 0 0 0 0 0 
0 7.65275e-06 -3.38409e-06 1.27543e-05 6.73992e-06 -1.69461e-06 1.01806e-05 4.35613e-08 7.06662e-06 1.39938e-05 1.06534e-05 1.97976e-05 1.07425e-05 1.61887e-05 1.71677e-05 8.40331e-06 2.86577e-05 1.74223e-05 1.37443e-05 3.02602e-05 1.37531e-05 2.22961e-05 3.76687e-05 3.23223e-05 2.87041e-05 3.12372e-05 3.38742e-05 2.12029e-05 3.83869e-05 4.86113e-05 2.7341e-05 3.35254e-05 4.17853e-05 5.22254e-05 5.30699e-05 4.06281e-05 5.02386e-05 5.94309e-05 5.71987e-05 5.0541e-05 5.82807e-05 6.24472e-05 5.60005e-05 6.60092e-05 6.75052e-05 6.52109e-05 7.45974e-05 7.92891e-05 7.81669e-05 8.28519e-05 9.32451e-05 9.09279e-05 9.20878e-05 0.000104719 0.00010318 0.000103464 0.000111548 0.000118899 0.000115562 0.000120849 0.000135008 0.000133349 0.000138904 0.00015053 0.000166703 0.000169391 0.000190333 0.000221822 0.000253809 0.000295814 0.000364161 0.000461979 0.000568459 0.000717911 0.000908852 0.00115334 0.00142758 0.00177375 0.0021839 0.00266044 0.00316985 0.00372111 0.00428175 0.0048098 0.00525402 0.00559514 0.00581737 0.00588251 0.00576531 0.00545338 0.0049813 0.00436642 0.0036637 0.00291453 0.00220285 0.00155589 0.001012 0.000557239 0.000219227 -3.38475e-05 -0.000224967 -0.000444161 -0.000724092 -0.00110824 -0.001576 -0.00214835 -0.0027964 -0.00350501 -0.00419439 -0.00482257 -0.00532929 -0.00569544 -0.00587748 -0.00587909 -0.00571551 -0.00542766 -0.00502931 -0.0045375 -0.00399465 -0.00344844 -0.00293509 -0.00244994 -0.00202279 -0.00165795 -0.00136827 -0.00111121 -0.000906238 -0.00074303 -0.000629047 -0.000524189 -0.000448824 -0.000399603 -0.000367328 -0.000333007 -0.000309218 -0.00030461 -0.00029018 -0.000276813 -0.000268353 -0.000271004 -0.000255786 -0.000248089 -0.000248553 -0.000242416 -0.000230958 -0.000228113 -0.000230107 -0.000216548 -0.000213953 -0.000216305 -0.000208983 -0.000203183 -0.000205846 -0.000204773 -0.000195578 -0.000199772 -0.000198599 -0.000188454 -0.000194363 -0.000191906 -0.000180886 -0.000178241 -0.000185649 -0.00018164 -0.000166697 -0.000169103 -0.000170961 -0.000181128 -0.000172611 -0.000152733 -0.000172475 -0.00017658 -0.000165179 -0.00016439 -0.000165328 -0.000156592 -0.000149284 -0.000169043 -0.000158159 -0.000148982 -0.000163979 -0.00014844 -0.000154511 -0.000161741 -0.000154437 -0.000159368 -0.000147488 -0.000150562 -0.000147713 -0.000141271 -0.000159796 -0.000147783 -0.000150939 -0.000161928 -0.000138628 -0.000151023 -0.000151145 -0.000135128 -0.00015686 -0.000146619 
0 -3.38409e-06 2.21919e-06 3.98403e-06 1.51244e-06 1.68816e-05 2.05328e-05 1.45703e-05 2.696e-05 1.83593e-05 1.19284e-05 2.77523e-05 2.35806e-05 2.63168e-05 4.05715e-05 3.54653e-05 3.04587e-05 4.37935e-05 4.65538e-05 3.99891e-05 5.98897e-05 5.23826e-05 3.72497e-05 5.49827e-05 5.10975e-05 6.46033e-05 7.03389e-05 6.96086e-05 8.13522e-05 5.58976e-05 8.36968e-05 0.000103932 7.75751e-05 7.58306e-05 8.4755e-05 0.000107658 8.9708e-05 9.98147e-05 0.000109369 0.000102638 0.000133029 0.000116612 0.000128783 0.000136833 0.000142395 0.000143204 0.000142748 0.000167886 0.000144721 0.000169017 0.000172172 0.000174531 0.000180694 0.000192763 0.00020913 0.000194132 0.000231147 0.000228481 0.000241913 0.000245685 0.000274536 0.000279347 0.00028202 0.000318864 0.000330317 0.000359181 0.000379165 0.000457135 0.000504794 0.000602494 0.000729277 0.000923816 0.00114088 0.00143385 0.00182473 0.00229671 0.00286566 0.00353928 0.00437705 0.00530429 0.00634271 0.0074199 0.00855171 0.00958124 0.0104827 0.0111485 0.0116012 0.0117179 0.0114946 0.010873 0.00994424 0.00872436 0.00733537 0.00585311 0.00443957 0.00315286 0.00206208 0.00115456 0.00046691 -4.88058e-05 -0.000455408 -0.000905606 -0.00148088 -0.0022501 -0.00319305 -0.0043341 -0.00562584 -0.00702893 -0.00839448 -0.00964066 -0.0106413 -0.0113691 -0.0117228 -0.0117369 -0.0114043 -0.0108436 -0.0100354 -0.00907605 -0.00798226 -0.00691544 -0.00587014 -0.00492539 -0.00405374 -0.00334449 -0.00274132 -0.0022448 -0.00182087 -0.00150282 -0.00126255 -0.00105512 -0.00090653 -0.000795912 -0.000739144 -0.000655034 -0.000625525 -0.000590533 -0.000581792 -0.00053802 -0.000535722 -0.000527789 -0.000506133 -0.000495464 -0.000486803 -0.000491767 -0.000455628 -0.000471301 -0.000455278 -0.000449655 -0.000434458 -0.000438922 -0.000430449 -0.000405761 -0.000424427 -0.000398202 -0.000397631 -0.000387184 -0.000391471 -0.000376201 -0.000366538 -0.000381953 -0.000357547 -0.00037496 -0.000358222 -0.000348609 -0.00036447 -0.000364265 -0.00034891 -0.000320306 -0.000353621 -0.000347534 -0.000325704 -0.000329145 -0.000315361 -0.000330804 -0.000322647 -0.00032546 -0.000334832 -0.000308884 -0.000314787 -0.000321808 -0.00031333 -0.000311291 -0.000313629 -0.000304453 -0.000292214 -0.000309614 -0.000306101 -0.000300697 -0.00032015 -0.000302458 -0.000294685 -0.000305617 -0.000287732 -0.000292382 -0.000305647 -0.000293816 -0.000300961 -0.000307342 -0.000291882 -0.0002967 
0 1.27543e-05 3.98403e-06 1.76475e-05 1.46159e-05 1.06828e-05 2.1848e-05 1.50751e-05 2.63439e-05 3.39377e-05 3.34778e-05 4.61159e-05 3.85141e-05 4.48854e-05 5.00664e-05 4.37168e-05 6.30732e-05 5.85615e-05 5.69415e-05 7.19019e-05 6.43425e-05 7.33141e-05 8.87227e-05 9.07697e-05 8.72864e-05 9.31194e-05 9.77072e-05 8.89845e-05 0.000110988 0.000118232 0.000106234 0.00011773 0.000124292 0.000139733 0.000145762 0.000139773 0.000148302 0.000163495 0.000166489 0.000160784 0.000177794 0.00018181 0.000181664 0.000198107 0.000203967 0.000207047 0.000221404 0.000236606 0.000235572 0.000250835 0.00026864 0.000270521 0.000280242 0.000300954 0.000309096 0.000311663 0.000335262 0.000349629 0.000354395 0.000370841 0.000399344 0.000409332 0.000424647 0.000460995 0.000495584 0.000525418 0.000580811 0.00067107 0.000769424 0.000906984 0.00111192 0.00139238 0.00173119 0.00217817 0.002758 0.00347421 0.00432252 0.00535271 0.00658307 0.00798456 0.00951455 0.0111399 0.0127919 0.0143362 0.0156561 0.0166674 0.0173153 0.0174985 0.0171521 0.0162531 0.0148716 0.0130831 0.0110252 0.00884826 0.00674606 0.00483405 0.0031918 0.00183024 0.000775251 -2.91128e-05 -0.00069058 -0.00140224 -0.00229593 -0.00345789 -0.00488536 -0.0065885 -0.00851544 -0.0105799 -0.0126029 -0.0144317 -0.0159177 -0.0169727 -0.0175062 -0.0175148 -0.0170427 -0.0161875 -0.0150013 -0.0135582 -0.0119618 -0.0103528 -0.00881248 -0.00738274 -0.00610556 -0.00502248 -0.00412664 -0.00336994 -0.00274813 -0.00226285 -0.00189586 -0.00159324 -0.00136529 -0.00120904 -0.00110184 -0.00100366 -0.000938965 -0.000903678 -0.000869627 -0.000829186 -0.000809137 -0.000798486 -0.000769819 -0.000747843 -0.000740052 -0.000725921 -0.000698533 -0.000691514 -0.000683353 -0.000662303 -0.000648665 -0.000648029 -0.000632385 -0.000616748 -0.00061845 -0.000608132 -0.000594573 -0.000591962 -0.000588957 -0.000571378 -0.000571803 -0.000568212 -0.000548056 -0.000545871 -0.000546672 -0.000536429 -0.000520105 -0.000520481 -0.000518575 -0.000519553 -0.000514694 -0.000492603 -0.000505556 -0.00050972 -0.000494568 -0.00049375 -0.000489075 -0.000478401 -0.000473071 -0.000484551 -0.00047418 -0.000465766 -0.000475119 -0.000459874 -0.000465817 -0.000470888 -0.000461179 -0.000466811 -0.000453574 -0.000451734 -0.000451777 -0.000443318 -0.000457513 -0.00045086 -0.000450526 -0.000458901 -0.000441219 -0.000448017 -0.000446525 -0.000434001 -0.000450818 -0.000443826 
0 6.73992e-06 1.51244e-06 1.46159e-05 2.09667e-05 2.00358e-05 3.05327e-05 3.15528e-05 3.4809e-05 4.17974e-05 4.3641e-05 5.04218e-05 5.3509e-05 6.04648e-05 6.57865e-05 6.63166e-05 7.8801e-05 7.9124e-05 8.1695e-05 9.5864e-05 9.19351e-05 9.83153e-05 0.000109609 0.000109305 0.000116759 0.000124258 0.000131983 0.000133602 0.000141941 0.000155128 0.000151954 0.000161549 0.000169946 0.000175931 0.000186592 0.000186099 0.000199765 0.000209743 0.000215518 0.000224489 0.000234029 0.000247664 0.000250184 0.000266668 0.000275665 0.000282066 0.000299096 0.000307564 0.000320122 0.000330188 0.000350174 0.000358121 0.000372304 0.000394656 0.00040527 0.000423184 0.00044155 0.000466565 0.000477299 0.000503561 0.000531091 0.000552447 0.000579894 0.000618122 0.000666355 0.000710525 0.000791182 0.000896679 0.00104011 0.00122701 0.00150373 0.00186786 0.00233374 0.00293552 0.00370612 0.00465877 0.00579965 0.00717962 0.00880382 0.0106601 0.0126826 0.0148317 0.0169878 0.0190163 0.0207487 0.0220899 0.0229264 0.0231646 0.0227058 0.0215485 0.0197458 0.0174242 0.0147408 0.0119124 0.00915175 0.00663009 0.00443658 0.00261572 0.00116948 3.83521e-05 -0.000932457 -0.00194982 -0.0031952 -0.00476449 -0.00668678 -0.00894749 -0.0114911 -0.0141812 -0.0168232 -0.0192003 -0.0211409 -0.0225008 -0.0231997 -0.02321 -0.0226049 -0.0214693 -0.0199095 -0.0180103 -0.0159286 -0.0138035 -0.0117685 -0.00987335 -0.0081908 -0.00674295 -0.00553912 -0.00452844 -0.00370382 -0.00305073 -0.00254528 -0.00214685 -0.00184045 -0.00162739 -0.00146778 -0.00134894 -0.00125602 -0.00120388 -0.00115131 -0.00110974 -0.00107632 -0.00105501 -0.00102555 -0.000998101 -0.00098477 -0.000961283 -0.000941952 -0.000921937 -0.000912875 -0.000889274 -0.000875172 -0.000864961 -0.000846972 -0.000834279 -0.000820706 -0.000812913 -0.000793543 -0.000787937 -0.000777039 -0.000762018 -0.000757929 -0.000746723 -0.000738741 -0.000726627 -0.000725177 -0.000716949 -0.000705098 -0.000702315 -0.000691829 -0.000692306 -0.00068157 -0.000670191 -0.000672467 -0.00066472 -0.000657891 -0.000651921 -0.000652346 -0.000645752 -0.000637138 -0.000643401 -0.000632825 -0.000627343 -0.000631236 -0.000621152 -0.000620092 -0.000617893 -0.000613521 -0.000612422 -0.000607786 -0.00061071 -0.000605616 -0.000602833 -0.000607332 -0.000596854 -0.000598854 -0.000600912 -0.000590125 -0.000599214 -0.000597949 -0.000590067 -0.000600439 -0.000592077 
0 -1.69461e-06 1.68816e-05 1.06828e-05 2.00358e-05 3.26411e-05 3.08757e-05 4.63576e-05 4.66472e-05 4.94212e-05 5.63709e-05 5.54479e-05 7.3534e-05 7.10458e-05 8.0614e-05 9.80066e-05 8.0279e-05 0.000103174 0.000113615 0.000101681 0.000131253 0.00012947 0.000122279 0.000136651 0.000147333 0.000155923 0.00015886 0.000183235 0.000177364 0.000170875 0.000204531 0.000211755 0.000214118 0.000210484 0.000223148 0.000250447 0.000248069 0.000254855 0.000267238 0.000286108 0.000295343 0.000302122 0.000323083 0.000328678 0.000345466 0.000359656 0.00037011 0.000386106 0.000400368 0.000418776 0.000429611 0.000451844 0.000470121 0.00048614 0.000510111 0.000530617 0.000555145 0.000575674 0.00060591 0.000631857 0.000660046 0.000695297 0.00073138 0.000778235 0.000829264 0.000905863 0.000998769 0.00113342 0.00131396 0.00156671 0.00190881 0.00236327 0.00296112 0.0037216 0.00468809 0.005872 0.00732033 0.00903981 0.0110626 0.0133485 0.0158636 0.0185005 0.0211442 0.0236148 0.0257521 0.0273953 0.0284159 0.0286914 0.028137 0.0267386 0.0245579 0.0217443 0.0184937 0.0150627 0.0116848 0.00857044 0.00583035 0.00353825 0.00167237 0.000163173 -0.00117964 -0.00256103 -0.00419764 -0.00619767 -0.00862285 -0.0114369 -0.0145693 -0.0178443 -0.0210518 -0.0239356 -0.0262862 -0.0279272 -0.0287685 -0.0287901 -0.0280529 -0.0266596 -0.0247297 -0.0224108 -0.0198592 -0.0172544 -0.014725 -0.0123903 -0.0102984 -0.00849981 -0.00697217 -0.00571493 -0.00468094 -0.00386114 -0.00321001 -0.00271284 -0.00233332 -0.00205178 -0.00184644 -0.00169521 -0.00158869 -0.0015021 -0.00144366 -0.00139168 -0.00135293 -0.0013132 -0.00128444 -0.00125659 -0.00122633 -0.00120388 -0.00117986 -0.0011597 -0.00113372 -0.0011187 -0.00109896 -0.00107677 -0.00106303 -0.00104466 -0.00102921 -0.00100978 -0.00100001 -0.000982546 -0.000967493 -0.000961715 -0.000940283 -0.000932708 -0.000926471 -0.000918218 -0.00089896 -0.000887473 -0.000896859 -0.000882283 -0.000867647 -0.000848241 -0.000852212 -0.000862708 -0.000829638 -0.000822222 -0.000825021 -0.000818228 -0.000810718 -0.000810839 -0.000814266 -0.000784692 -0.000792041 -0.000799052 -0.000773861 -0.000787701 -0.000777931 -0.000763024 -0.000769357 -0.000760952 -0.000767016 -0.000761479 -0.000761266 -0.000763295 -0.000743279 -0.000754496 -0.000748584 -0.00073672 -0.000758197 -0.00074168 -0.000741329 -0.000757221 -0.000732746 -0.000744327 
0 1.01806e-05 2.05328e-05 2.1848e-05 3.05327e-05 3.08757e-05 3.27112e-05 4.82304e-05 4.72335e-05 6.09472e-05 8.00923e-05 7.39536e-05 8.54876e-05 9.40453e-05 8.79785e-05 0.000103328 0.000117155 0.000116577 0.000125442 0.000138 0.000134613 0.000149019 0.000171703 0.000173331 0.00018338 0.00018249 0.000190929 0.000200895 0.000203662 0.000240886 0.000231243 0.000222275 0.000259163 0.000278328 0.000284657 0.000279473 0.000307068 0.000316008 0.000326257 0.000346444 0.000337471 0.000370804 0.000379493 0.000391265 0.000408031 0.000428449 0.000450057 0.000452996 0.000496458 0.000499579 0.000524163 0.000549224 0.000571467 0.000591412 0.000609491 0.000653973 0.000656881 0.00069774 0.000723513 0.000762349 0.00078436 0.000831503 0.000885285 0.0009248 0.0010031 0.00108838 0.00122238 0.00136438 0.00160981 0.00191384 0.00233916 0.00288186 0.00361883 0.00454712 0.00570333 0.00713804 0.00887791 0.0109584 0.0133481 0.0160773 0.0190383 0.0221618 0.0252337 0.028139 0.0306306 0.0325747 0.0337436 0.034067 0.0334121 0.0318121 0.0292862 0.0260446 0.0222837 0.0183143 0.0143609 0.0106804 0.0073982 0.00462052 0.00229967 0.000353213 -0.00143006 -0.00324248 -0.00531759 -0.00777754 -0.0107152 -0.0140726 -0.017765 -0.021573 -0.0252927 -0.0286209 -0.0313431 -0.0332217 -0.0342002 -0.0342167 -0.0333741 -0.0317205 -0.0294636 -0.0267295 -0.0237633 -0.0206803 -0.017704 -0.0149167 -0.0124501 -0.010279 -0.0084486 -0.0069224 -0.00569148 -0.00469234 -0.00389677 -0.00329885 -0.00283643 -0.00249848 -0.00222651 -0.00206389 -0.00191766 -0.00182348 -0.00173256 -0.00169148 -0.001631 -0.0015824 -0.00155057 -0.00151425 -0.00148168 -0.00143634 -0.00143045 -0.00138297 -0.00136296 -0.00133551 -0.00131947 -0.00128741 -0.00126617 -0.00126268 -0.00122253 -0.00122045 -0.00119974 -0.00118773 -0.00116281 -0.00115763 -0.00114836 -0.00111584 -0.00111886 -0.00109085 -0.00108898 -0.0010804 -0.00105202 -0.00103871 -0.00104304 -0.00105273 -0.00100867 -0.00100491 -0.00101605 -0.00100179 -0.00100178 -0.000982561 -0.000976777 -0.000965384 -0.000954308 -0.000964976 -0.000953144 -0.000940009 -0.000939195 -0.000936571 -0.000928142 -0.000933482 -0.000937098 -0.000916096 -0.000916781 -0.000913092 -0.000894715 -0.000907639 -0.000908283 -0.000898965 -0.000909818 -0.00090303 -0.000892381 -0.000897495 -0.000890445 -0.000885 -0.000894341 -0.000891955 
0 4.35613e-08 1.45703e-05 1.50751e-05 3.15528e-05 4.63576e-05 4.82304e-05 6.34127e-05 6.32309e-05 6.873e-05 7.98874e-05 7.83357e-05 9.8078e-05 0.000106574 0.000111711 0.000130367 0.00012769 0.000139038 0.000153957 0.00015655 0.000171472 0.000178873 0.000180418 0.000188777 0.000207376 0.00021691 0.000230371 0.000251244 0.000244804 0.000260566 0.000280097 0.000285432 0.000303925 0.000303655 0.000314819 0.000338151 0.00035444 0.000359176 0.000376404 0.000405788 0.00040766 0.000433637 0.000454123 0.0004622 0.000485378 0.000507342 0.000523022 0.000534344 0.000571645 0.00058348 0.000601734 0.000637502 0.000661342 0.000682544 0.000713161 0.00075801 0.000773488 0.000812544 0.000857314 0.000894487 0.000926752 0.000982962 0.00104678 0.00109627 0.00118324 0.00129808 0.00144641 0.00162679 0.00191132 0.0022878 0.00278123 0.00343047 0.00429977 0.00539874 0.00675376 0.00843485 0.0104793 0.0128992 0.0156712 0.0188065 0.0222139 0.0257656 0.0292585 0.032538 0.0353768 0.0375702 0.0388952 0.0392423 0.0385195 0.0367293 0.0339244 0.0303042 0.0261171 0.0216619 0.0171948 0.0129692 0.00916183 0.00587345 0.00306351 0.000610787 -0.00167804 -0.00399801 -0.00655972 -0.0095211 -0.0129734 -0.0168704 -0.0210792 -0.0253799 -0.0295375 -0.0332618 -0.0362892 -0.0383883 -0.0394679 -0.0394962 -0.0385362 -0.0366681 -0.0340895 -0.0309981 -0.0276235 -0.0241217 -0.0206997 -0.0175016 -0.0146439 -0.0121256 -0.00997619 -0.00818982 -0.00674495 -0.00556592 -0.00462418 -0.00390918 -0.00336819 -0.00295154 -0.00263152 -0.00242287 -0.00225836 -0.00212955 -0.00202728 -0.00197139 -0.00190358 -0.00184307 -0.00180381 -0.00176972 -0.00172334 -0.00168204 -0.00166673 -0.00162503 -0.00159302 -0.00156919 -0.00154981 -0.00151019 -0.00149013 -0.00147628 -0.00143889 -0.00142111 -0.00140321 -0.00138229 -0.00135359 -0.00134738 -0.0013257 -0.00130191 -0.0013035 -0.00128061 -0.0012627 -0.00125575 -0.00125246 -0.00123173 -0.00121654 -0.00120897 -0.00119117 -0.00119533 -0.00117445 -0.0011538 -0.00115597 -0.00114431 -0.00113982 -0.00113775 -0.00112893 -0.00111421 -0.00111318 -0.0011102 -0.00109707 -0.00110142 -0.00108602 -0.00107498 -0.00107853 -0.00106538 -0.00107225 -0.00107275 -0.00106367 -0.0010673 -0.0010548 -0.00105053 -0.00104946 -0.00104138 -0.0010482 -0.00104618 -0.0010454 -0.00104975 -0.00104087 -0.00104134 
0 7.06662e-06 2.696e-05 2.63439e-05 3.4809e-05 4.66472e-05 4.72335e-05 6.32309e-05 7.42947e-05 8.32294e-05 9.37172e-05 9.95824e-05 0.000115478 0.000116668 0.000127476 0.000147246 0.000140666 0.000161683 0.000177067 0.000170634 0.000198173 0.000207801 0.000209621 0.000228871 0.000239332 0.000249262 0.000255284 0.000278592 0.000287759 0.000288622 0.000318483 0.000328109 0.000343968 0.000355544 0.000365682 0.000398502 0.00040228 0.000416429 0.000436812 0.000455895 0.000472146 0.000484777 0.000517442 0.000524385 0.00055249 0.000579736 0.000593522 0.000624144 0.000648759 0.000679399 0.000694353 0.000736895 0.000763491 0.000785159 0.000827951 0.000860449 0.000895693 0.0009248 0.000984354 0.00101685 0.00106271 0.00112491 0.0011935 0.00126406 0.00135771 0.00150698 0.00166919 0.00190479 0.00222738 0.00268376 0.00325291 0.00402181 0.00502657 0.00629981 0.00786636 0.00979788 0.012149 0.0148986 0.0180532 0.0215727 0.0254018 0.0293385 0.0332228 0.0368319 0.0399829 0.0423861 0.0438548 0.0442189 0.043444 0.041489 0.0384596 0.0345256 0.0299869 0.025109 0.0201834 0.0154461 0.0111246 0.00730411 0.00396011 0.000937314 -0.00192631 -0.00482429 -0.00793059 -0.0114321 -0.0154071 -0.0198277 -0.0245135 -0.0292556 -0.0337838 -0.0378393 -0.0411124 -0.0433985 -0.0445556 -0.0445923 -0.0435165 -0.0414627 -0.0385907 -0.0351813 -0.0314233 -0.0275426 -0.0236997 -0.0201152 -0.0168664 -0.0140118 -0.0115431 -0.00949717 -0.00782648 -0.00646727 -0.00537972 -0.00454153 -0.00391685 -0.00341957 -0.00305829 -0.00279322 -0.00261392 -0.0024495 -0.00234315 -0.00226173 -0.00219235 -0.00212098 -0.00207083 -0.00203419 -0.00197369 -0.00193789 -0.00189881 -0.00186727 -0.00181771 -0.00179539 -0.00176558 -0.00172492 -0.00170468 -0.00167607 -0.00165343 -0.00161968 -0.00161009 -0.00158117 -0.00155708 -0.00154823 -0.00151809 -0.00150358 -0.00148519 -0.00147419 -0.00144646 -0.0014303 -0.00142807 -0.00140291 -0.00139401 -0.00137271 -0.00136751 -0.00136571 -0.00133835 -0.00133428 -0.00132801 -0.00131724 -0.00130168 -0.00129614 -0.00129477 -0.00126832 -0.00127337 -0.00127025 -0.0012471 -0.00125611 -0.00124652 -0.00123607 -0.00123875 -0.00122915 -0.00122624 -0.00121712 -0.00121515 -0.00121255 -0.00120068 -0.00121115 -0.00120416 -0.00119546 -0.00120769 -0.00119099 -0.00118956 -0.00119996 -0.00118262 -0.001193 
0 1.39938e-05 1.83593e-05 3.39377e-05 4.17974e-05 4.94212e-05 6.09472e-05 6.873e-05 8.32294e-05 8.77985e-05 0.000105997 0.000122237 0.000116747 0.000143017 0.000146241 0.000144485 0.000184046 0.000176933 0.000186191 0.000216547 0.00020557 0.000225568 0.000248236 0.000260269 0.000268835 0.000277126 0.000302187 0.000295376 0.000321211 0.00035535 0.000348473 0.000360677 0.000377093 0.000415502 0.000426773 0.000424937 0.000456597 0.000474407 0.000499831 0.000508475 0.000530358 0.000558169 0.00057322 0.000603215 0.000619226 0.000651839 0.000673955 0.000701789 0.000734073 0.000757838 0.000794802 0.000822533 0.00086161 0.000890711 0.000932308 0.0009724 0.00100863 0.00105626 0.00110258 0.00115567 0.00120451 0.00127672 0.00135036 0.00143839 0.00155517 0.00171399 0.00191831 0.00218938 0.00257597 0.00308825 0.00376213 0.00464222 0.00579417 0.00723948 0.00902742 0.0112201 0.0138632 0.0169516 0.0204646 0.0243715 0.0285659 0.0328752 0.0370897 0.041015 0.0444088 0.0470119 0.0485841 0.0489887 0.0481544 0.0460861 0.0428683 0.0387079 0.0338745 0.0286541 0.023313 0.0181158 0.0132812 0.00891772 0.00498292 0.00133943 -0.00217279 -0.00570557 -0.00942562 -0.0134973 -0.0180144 -0.0229277 -0.0280631 -0.0331817 -0.038032 -0.0423363 -0.0458154 -0.0482336 -0.0494692 -0.0494858 -0.0483246 -0.0460883 -0.0429877 -0.0392726 -0.0351909 -0.0309415 -0.0267376 -0.022765 -0.0191542 -0.0159506 -0.0131833 -0.0108642 -0.00896247 -0.00741729 -0.00617685 -0.00521822 -0.00448215 -0.00392094 -0.00349262 -0.00318854 -0.0029605 -0.00278576 -0.00265279 -0.0025549 -0.0024737 -0.00239632 -0.00234028 -0.00228328 -0.00223454 -0.00218167 -0.00214319 -0.00209931 -0.00205754 -0.00202348 -0.00198455 -0.00195548 -0.00191698 -0.00189377 -0.00185943 -0.00183478 -0.0018098 -0.00178085 -0.00176227 -0.00173178 -0.00172129 -0.00169223 -0.00166939 -0.00165222 -0.00163846 -0.00162721 -0.00158569 -0.00158 -0.00157625 -0.00156482 -0.00153775 -0.00150972 -0.00152798 -0.00150949 -0.0014889 -0.00148344 -0.00146867 -0.00145732 -0.00144093 -0.0014543 -0.00143323 -0.00141137 -0.00142857 -0.00140062 -0.00139914 -0.00140926 -0.00138631 -0.00138728 -0.00137802 -0.00136921 -0.00136766 -0.00136155 -0.00136741 -0.00135517 -0.00135559 -0.00135914 -0.00133978 -0.00135057 -0.00134734 -0.00133251 -0.00135083 -0.00133984 
0 1.06534e-05 1.19284e-05 3.34778e-05 4.3641e-05 5.63709e-05 8.00923e-05 7.98874e-05 9.37172e-05 0.000105997 0.000104082 0.000126698 0.000135913 0.000147402 0.000173474 0.000176964 0.000188611 0.000202533 0.000212523 0.0002302 0.000243587 0.000259169 0.000264905 0.000273387 0.000295081 0.000316638 0.000332458 0.000350511 0.000370215 0.000364417 0.000389937 0.000431038 0.000429101 0.000436821 0.00045897 0.000489167 0.000507687 0.00052551 0.000546886 0.000567527 0.000607116 0.000617971 0.000643944 0.000676001 0.000698081 0.000725319 0.000751298 0.000789308 0.000805967 0.000849088 0.000881625 0.000913291 0.000954566 0.000994268 0.00104106 0.00107431 0.00113597 0.0011772 0.00123458 0.00128958 0.00135925 0.00143053 0.00151248 0.00162736 0.00175536 0.00194143 0.002171 0.00250685 0.00293496 0.00352949 0.0042969 0.00531153 0.00660198 0.00823183 0.0102491 0.0127033 0.0156424 0.0190514 0.0229297 0.027184 0.0317303 0.0363522 0.0408831 0.0450581 0.0486724 0.051416 0.0530969 0.0535209 0.0526611 0.0504937 0.0471589 0.0428238 0.0377788 0.0322658 0.0265779 0.0209509 0.0156269 0.0106901 0.00612885 0.0018015 -0.00240704 -0.00664238 -0.0110236 -0.0157137 -0.020771 -0.0261655 -0.0316987 -0.0371556 -0.0422555 -0.0467597 -0.050373 -0.0529032 -0.0541789 -0.0541885 -0.0529287 -0.0505596 -0.0472477 -0.0432908 -0.0388968 -0.0343377 -0.029785 -0.0254691 -0.0214883 -0.0179578 -0.0148846 -0.0122986 -0.0101534 -0.0084136 -0.00702339 -0.00592597 -0.00508489 -0.00443402 -0.00395887 -0.00358594 -0.00332656 -0.00311817 -0.00297585 -0.00284545 -0.00275585 -0.0026759 -0.00260449 -0.0025416 -0.002484 -0.00244088 -0.00237787 -0.00234315 -0.00229564 -0.0022581 -0.00221119 -0.00218217 -0.00214599 -0.00210191 -0.00208098 -0.00204197 -0.00201302 -0.00198039 -0.00196277 -0.00192587 -0.00189916 -0.00188914 -0.0018584 -0.00184154 -0.0018149 -0.00179995 -0.00179093 -0.00177623 -0.0017416 -0.00171759 -0.00173251 -0.00170782 -0.00167731 -0.0016674 -0.00165362 -0.00164457 -0.0016375 -0.00163126 -0.00161306 -0.00160065 -0.00159377 -0.00158894 -0.00158322 -0.00156736 -0.00156321 -0.00154631 -0.00153489 -0.00154361 -0.00153187 -0.00153213 -0.00153383 -0.00151716 -0.00151558 -0.00150938 -0.00149977 -0.00150236 -0.00150047 -0.00149854 -0.00149988 -0.00149785 -0.00149395 -0.00149167 
0 1.97976e-05 2.77523e-05 4.61159e-05 5.04218e-05 5.54479e-05 7.39536e-05 7.83357e-05 9.95824e-05 0.000122237 0.000126698 0.000148172 0.000156586 0.000161249 0.000181798 0.000188012 0.000205842 0.000226285 0.000234642 0.000252872 0.000265352 0.00028061 0.000304032 0.000317794 0.00033194 0.000348905 0.00035407 0.000371866 0.000403608 0.00041239 0.000433416 0.000458105 0.000468014 0.000499348 0.000525923 0.000539452 0.000556181 0.000588357 0.000607285 0.00062401 0.000662334 0.000674595 0.000705014 0.000741945 0.000766224 0.000795672 0.000833597 0.000874706 0.000893566 0.000945494 0.000983324 0.00101421 0.0010601 0.00110764 0.00115126 0.00118676 0.00125668 0.00130055 0.00135647 0.00142233 0.00150283 0.00157746 0.00167138 0.00181024 0.00195958 0.00216819 0.00244239 0.0028351 0.00332496 0.0039984 0.00488026 0.00602805 0.00747171 0.00929158 0.0115474 0.0142674 0.017496 0.0212259 0.0254476 0.0300348 0.0348876 0.0397972 0.0445904 0.0489835 0.0527578 0.0556189 0.0573754 0.0578292 0.0569451 0.0547232 0.051311 0.0468729 0.041668 0.0359307 0.0299412 0.0239336 0.0181257 0.0126054 0.00737118 0.0023217 -0.00263688 -0.00761683 -0.0127154 -0.0180505 -0.0236618 -0.0295066 -0.0354058 -0.0411437 -0.0464489 -0.0510855 -0.0547914 -0.0573839 -0.0586906 -0.0586743 -0.0573383 -0.0548489 -0.0513779 -0.0472058 -0.0425503 -0.0377021 -0.032845 -0.0281991 -0.0238733 -0.0200143 -0.0166447 -0.0137872 -0.011395 -0.00945441 -0.00790466 -0.00667112 -0.00571079 -0.00497597 -0.00443837 -0.00400959 -0.00370344 -0.00347136 -0.00330962 -0.00315605 -0.0030519 -0.00296798 -0.00288577 -0.00280877 -0.00274785 -0.00269982 -0.00262466 -0.00258167 -0.00253344 -0.00248582 -0.00243086 -0.00240066 -0.00236132 -0.00230947 -0.00228888 -0.00225215 -0.0022174 -0.00218507 -0.00216808 -0.00213131 -0.00210234 -0.00208862 -0.00204906 -0.00203163 -0.00201254 -0.00198149 -0.00195487 -0.00194492 -0.00192721 -0.00189894 -0.00189284 -0.0018694 -0.00185413 -0.00185498 -0.00183403 -0.00181548 -0.00180343 -0.0017876 -0.00177696 -0.00176975 -0.00175367 -0.00174305 -0.0017333 -0.00172074 -0.00172395 -0.00171607 -0.00170665 -0.00170504 -0.0016872 -0.00167934 -0.00167623 -0.00166592 -0.00166786 -0.00166798 -0.00166159 -0.00165974 -0.00165602 -0.00164775 -0.00164564 -0.00164597 -0.00164149 -0.00164457 
0 1.07425e-05 2.35806e-05 3.85141e-05 5.3509e-05 7.3534e-05 8.54876e-05 9.8078e-05 0.000115478 0.000116747 0.000135913 0.000156586 0.000158982 0.000191247 0.000201725 0.000202682 0.000241278 0.000241946 0.000251237 0.000286841 0.000286554 0.000302594 0.000327946 0.000343592 0.000358261 0.000377509 0.000408389 0.000411293 0.000434185 0.000467005 0.00047492 0.00049726 0.000508345 0.000546045 0.00057319 0.000573155 0.000613563 0.00064177 0.000667202 0.00068947 0.000722868 0.00075509 0.00077295 0.000822299 0.000839492 0.000873463 0.000917353 0.000946254 0.000983903 0.00102203 0.00107767 0.00110118 0.00115927 0.0012136 0.00125437 0.00131103 0.00137246 0.00144073 0.0014852 0.00157752 0.00165579 0.00174445 0.00185224 0.00200613 0.00218672 0.00240819 0.00274449 0.0031735 0.00374853 0.0044896 0.00550462 0.00677567 0.00839062 0.0104033 0.0129023 0.015891 0.0194028 0.0234563 0.0279913 0.0329012 0.038014 0.0431951 0.0481904 0.0527772 0.0566502 0.0596159 0.0614091 0.0619083 0.0609983 0.0587728 0.0553151 0.0508426 0.0455194 0.0396257 0.0333742 0.0270355 0.0207481 0.0146427 0.00869725 0.00290067 -0.00285207 -0.00860501 -0.0144674 -0.0204645 -0.0266436 -0.0329077 -0.0391471 -0.0451105 -0.0505878 -0.0552967 -0.0590659 -0.0616701 -0.0630049 -0.0629436 -0.0615648 -0.0589639 -0.055391 -0.0510266 -0.0461712 -0.0410506 -0.0359378 -0.0309721 -0.0263371 -0.0221468 -0.0184917 -0.015356 -0.0127167 -0.010568 -0.00884117 -0.00747368 -0.00637502 -0.00556094 -0.00493154 -0.00446145 -0.00408486 -0.00383607 -0.00363455 -0.00346846 -0.00334108 -0.00324649 -0.00316165 -0.00306329 -0.00301183 -0.00294238 -0.00288144 -0.00281655 -0.00277943 -0.00272225 -0.00266447 -0.00263611 -0.00258327 -0.00254303 -0.00249878 -0.00247381 -0.00242386 -0.00239026 -0.00236788 -0.00232008 -0.00230218 -0.00226996 -0.00224095 -0.00221102 -0.00219894 -0.00217808 -0.00213334 -0.00213092 -0.00211126 -0.00209029 -0.00206604 -0.00203898 -0.0020415 -0.00201366 -0.00199146 -0.00198385 -0.00197057 -0.00195389 -0.00193677 -0.00194306 -0.00191692 -0.00190117 -0.00191359 -0.00188139 -0.00187555 -0.0018786 -0.00185147 -0.0018522 -0.0018481 -0.00183761 -0.00183753 -0.00182994 -0.0018256 -0.00181568 -0.00181212 -0.00181149 -0.00180072 -0.0018064 -0.00180353 -0.00179411 -0.00180306 -0.0017949 
0 1.61887e-05 2.63168e-05 4.48854e-05 6.04648e-05 7.10458e-05 9.40453e-05 0.000106574 0.000116668 0.000143017 0.000147402 0.000161249 0.000191247 0.000188934 0.000215416 0.000244606 0.000237199 0.000267589 0.000286314 0.000291553 0.000323955 0.000339771 0.00035548 0.000364423 0.000390211 0.00041872 0.000423021 0.000465359 0.000480572 0.000482374 0.000515682 0.000548209 0.000580849 0.000576779 0.00060594 0.000648051 0.000668572 0.000698906 0.000711414 0.000757358 0.000786711 0.000812785 0.000849873 0.000879561 0.000924423 0.000948151 0.000999978 0.00103254 0.00107219 0.00112397 0.00116318 0.00121445 0.00125766 0.00132529 0.00136521 0.00142959 0.00149701 0.00155991 0.00162922 0.00171071 0.00181328 0.0019 0.00203851 0.00220113 0.00241298 0.00267241 0.00305211 0.00354845 0.00418889 0.00504263 0.00616293 0.00759446 0.00936854 0.0116049 0.0143332 0.0176005 0.0213938 0.0257574 0.0305923 0.0357826 0.0411462 0.046539 0.0517182 0.0564241 0.0603873 0.0633924 0.0652309 0.0657351 0.0648455 0.0626149 0.0591817 0.0546862 0.0493197 0.0432884 0.0368473 0.030183 0.0234568 0.0167371 0.01009 0.0035004 -0.00304458 -0.00961894 -0.0162424 -0.0229411 -0.0296616 -0.0363528 -0.0428722 -0.0490493 -0.0546307 -0.0594045 -0.0631701 -0.0657851 -0.0670956 -0.0670214 -0.0655835 -0.0629294 -0.0592542 -0.0547672 -0.049724 -0.0443917 -0.0390253 -0.0337834 -0.028847 -0.0243464 -0.0204012 -0.0169834 -0.0141064 -0.0117277 -0.00983204 -0.00829819 -0.00709041 -0.00615742 -0.0054601 -0.00491685 -0.00449981 -0.00420632 -0.003976 -0.00379666 -0.00364268 -0.00354543 -0.00343635 -0.00334968 -0.00326987 -0.00320696 -0.0031334 -0.00306648 -0.00302043 -0.00295338 -0.00290642 -0.00285016 -0.00281288 -0.00275601 -0.00271799 -0.00268021 -0.00263145 -0.00260461 -0.00256123 -0.00253434 -0.0024901 -0.00247039 -0.00244403 -0.0024044 -0.00238076 -0.00234944 -0.00234871 -0.00230994 -0.00227191 -0.00226063 -0.00225116 -0.00223732 -0.00218898 -0.00218392 -0.00217497 -0.00214767 -0.00214418 -0.00212587 -0.00211144 -0.00208645 -0.00208386 -0.00208235 -0.0020499 -0.0020568 -0.00204122 -0.00201458 -0.00202678 -0.00201167 -0.00200125 -0.00200421 -0.00198976 -0.00198308 -0.00197761 -0.00197184 -0.00196679 -0.00196216 -0.00196322 -0.001956 -0.00195417 -0.00195613 -0.00194725 -0.00194942 
0 1.71677e-05 4.05715e-05 5.00664e-05 6.57865e-05 8.0614e-05 8.79785e-05 0.000111711 0.000127476 0.000146241 0.000173474 0.000181798 0.000201725 0.000215416 0.000224797 0.000251279 0.000261078 0.000289126 0.000312294 0.000318424 0.000349037 0.000358426 0.000381712 0.000416133 0.000425809 0.000447032 0.000462492 0.000483661 0.000506132 0.000542861 0.00057292 0.000571853 0.000610364 0.000643408 0.000673069 0.000700295 0.000712962 0.000754559 0.000784311 0.00081778 0.000840783 0.000878466 0.000921667 0.000947244 0.000997465 0.00103083 0.00107826 0.00111945 0.00116783 0.00121699 0.00126041 0.00132169 0.00136686 0.00143163 0.00148393 0.00155322 0.00161847 0.0016899 0.00177107 0.00185645 0.00196418 0.00207205 0.00222689 0.00240637 0.00264907 0.00295416 0.00338218 0.00393953 0.00466873 0.00562896 0.00687394 0.00845636 0.0104205 0.0128729 0.0158442 0.01938 0.0234645 0.0281203 0.0332336 0.0386785 0.0442644 0.0498389 0.0551506 0.0599433 0.063952 0.0669783 0.0688239 0.0693388 0.068468 0.0662737 0.0628794 0.0584079 0.0530196 0.0469068 0.0402971 0.0333489 0.0261846 0.018873 0.0115095 0.0041359 -0.0032256 -0.0106151 -0.0180193 -0.0254048 -0.0326759 -0.0397637 -0.046552 -0.0528944 -0.0585645 -0.063362 -0.0671153 -0.0697009 -0.070986 -0.0708872 -0.0694251 -0.0667318 -0.062996 -0.0584123 -0.0532327 -0.0477171 -0.0421273 -0.0366303 -0.0314172 -0.0266243 -0.0223838 -0.0186907 -0.0155656 -0.0129653 -0.0108719 -0.0091793 -0.00784257 -0.00680002 -0.00600809 -0.00539968 -0.00493313 -0.00459293 -0.00432739 -0.00413001 -0.00396034 -0.0038401 -0.00372266 -0.00363199 -0.00354041 -0.00346458 -0.00339165 -0.00331955 -0.00325889 -0.00319106 -0.00314284 -0.00307683 -0.00303256 -0.00298008 -0.00293491 -0.00288984 -0.00284737 -0.00281348 -0.00276338 -0.00274224 -0.00270039 -0.00266377 -0.00263195 -0.00260617 -0.00258019 -0.00253579 -0.00251473 -0.00248414 -0.00247583 -0.00244865 -0.00240357 -0.00239864 -0.00238498 -0.00236875 -0.00234381 -0.00232708 -0.00230566 -0.00228407 -0.00228716 -0.00226019 -0.0022467 -0.00223495 -0.00220943 -0.00221379 -0.00220112 -0.00219354 -0.00218993 -0.00216896 -0.00216393 -0.00215028 -0.00214095 -0.00214159 -0.00213223 -0.00213149 -0.0021267 -0.00211851 -0.00211634 -0.00211008 -0.00210705 -0.00210621 -0.00210321 -0.002103 
0 8.40331e-06 3.54653e-05 4.37168e-05 6.63166e-05 9.80066e-05 0.000103328 0.000130367 0.000147246 0.000144485 0.000176964 0.000188012 0.000202682 0.000244606 0.000251279 0.000272334 0.000296385 0.00030407 0.000329201 0.000343552 0.000372903 0.000392715 0.00040205 0.000441918 0.0004507 0.000473936 0.000521819 0.000530593 0.000550601 0.000582437 0.000603719 0.000626553 0.000658731 0.000688266 0.00070635 0.000745417 0.000778452 0.000806512 0.000852142 0.000878372 0.000912486 0.000960316 0.000993721 0.00102766 0.00107199 0.00111945 0.00115243 0.00120304 0.0012587 0.00129818 0.00135712 0.00141726 0.0014758 0.00153274 0.00160735 0.00167935 0.00174446 0.00183323 0.00192005 0.00201823 0.00212346 0.00226533 0.00242588 0.00262968 0.00290211 0.00325832 0.00373452 0.00435408 0.00518529 0.00625063 0.00763188 0.00936495 0.0115404 0.0142049 0.0174285 0.0212269 0.0256081 0.030536 0.0359079 0.041581 0.0473656 0.053087 0.0584885 0.0633339 0.0673544 0.0703779 0.0722007 0.0727232 0.0718743 0.0697424 0.0663986 0.0619799 0.05659 0.0504356 0.0436762 0.0364721 0.0288789 0.0210031 0.0129322 0.0047934 -0.00338749 -0.0115759 -0.0197556 -0.0278037 -0.035621 -0.0430843 -0.0501311 -0.056606 -0.0623503 -0.0671485 -0.0708848 -0.0734191 -0.074676 -0.0745525 -0.0730953 -0.070386 -0.066623 -0.061973 -0.0566997 -0.0510355 -0.0452484 -0.0395205 -0.0340521 -0.0289883 -0.0244511 -0.0204876 -0.0171055 -0.0142883 -0.0119758 -0.0101225 -0.00864128 -0.00749024 -0.0065858 -0.00590844 -0.00538569 -0.00499336 -0.00468755 -0.00446265 -0.00428401 -0.00412854 -0.00400957 -0.00390514 -0.00381313 -0.00371663 -0.00364929 -0.00357543 -0.0035001 -0.0034383 -0.00338222 -0.00332085 -0.00325806 -0.00321856 -0.00316058 -0.00310667 -0.00306864 -0.00302228 -0.00297224 -0.00293335 -0.0029037 -0.0028556 -0.00282245 -0.00279653 -0.00275681 -0.00273713 -0.00270911 -0.00267318 -0.00265383 -0.00263314 -0.00260287 -0.00257776 -0.0025652 -0.00252648 -0.00250305 -0.00250679 -0.00247299 -0.00245661 -0.00244836 -0.00242309 -0.00241734 -0.00240327 -0.00239533 -0.00237845 -0.00235562 -0.0023542 -0.00233058 -0.00232394 -0.00232897 -0.00231042 -0.00231042 -0.00230298 -0.00228833 -0.00228555 -0.00227798 -0.00227487 -0.00226924 -0.00226776 -0.00226481 -0.00225718 -0.00226198 -0.00225647 
0 2.86577e-05 3.04587e-05 6.30732e-05 7.8801e-05 8.0279e-05 0.000117155 0.00012769 0.000140666 0.000184046 0.000188611 0.000205842 0.000241278 0.000237199 0.000261078 0.000296385 0.000301829 0.000331569 0.000359633 0.000371381 0.000396583 0.000425569 0.000446357 0.000460183 0.00049227 0.000516974 0.000530229 0.000567182 0.000596072 0.000619361 0.00063995 0.00067778 0.000727665 0.000730994 0.000759675 0.000812342 0.000837251 0.000866091 0.000900272 0.000942372 0.000974504 0.00102134 0.00106264 0.00109409 0.00115777 0.00119835 0.00124206 0.00129921 0.00135636 0.00140442 0.00145832 0.00153531 0.00158213 0.00164982 0.00172769 0.0018006 0.00187154 0.00196181 0.00206932 0.00215865 0.00228958 0.00244315 0.00263063 0.00285304 0.00316927 0.00358154 0.00410661 0.00481265 0.00573768 0.00693748 0.00844115 0.0103618 0.0127346 0.0156383 0.0190983 0.0231756 0.0278355 0.0330248 0.0386293 0.0445041 0.0504642 0.0562862 0.0617511 0.0665986 0.0706186 0.0735893 0.0753857 0.0758806 0.0750796 0.0729924 0.0697299 0.065349 0.0599999 0.0537999 0.0469311 0.0394601 0.0314819 0.0230489 0.014328 0.00542802 -0.0035269 -0.0125122 -0.0214115 -0.0301141 -0.0384321 -0.0462828 -0.0535516 -0.060167 -0.0659461 -0.0707629 -0.0744551 -0.0769589 -0.0781608 -0.0780447 -0.0765909 -0.0739145 -0.0701307 -0.0654615 -0.0601118 -0.0543444 -0.0483758 -0.042443 -0.0367364 -0.0314148 -0.0265944 -0.0223476 -0.0187197 -0.0156619 -0.013145 -0.0110967 -0.00948732 -0.00820008 -0.00720081 -0.0064304 -0.00586138 -0.00541148 -0.00506531 -0.00481666 -0.00461668 -0.00444853 -0.0043036 -0.00420639 -0.00409256 -0.00399443 -0.00391234 -0.00383874 -0.00375206 -0.00367755 -0.00362594 -0.00354656 -0.0034871 -0.00343438 -0.00338176 -0.003319 -0.00327666 -0.00323893 -0.00317874 -0.00314755 -0.0031052 -0.0030646 -0.00303305 -0.00299566 -0.00295239 -0.00291971 -0.00291062 -0.00285868 -0.00281832 -0.00281187 -0.00278563 -0.00275675 -0.0027247 -0.00271337 -0.00269801 -0.00266594 -0.00265354 -0.00263719 -0.00261373 -0.00259183 -0.00258449 -0.002569 -0.00253836 -0.00254231 -0.00252793 -0.00250291 -0.00251613 -0.00249497 -0.00247379 -0.00248311 -0.00245923 -0.00244996 -0.00245756 -0.00243696 -0.00243556 -0.00243718 -0.00242103 -0.00242575 -0.00242325 -0.00241322 -0.00241959 -0.00241159 
0 1.74223e-05 4.37935e-05 5.85615e-05 7.9124e-05 0.000103174 0.000116577 0.000139038 0.000161683 0.000176933 0.000202533 0.000226285 0.000241946 0.000267589 0.000289126 0.00030407 0.000331569 0.000354167 0.000374928 0.000402959 0.000424625 0.000444105 0.000467577 0.000504992 0.000529681 0.000546481 0.000583942 0.000600073 0.00062335 0.000669818 0.000702212 0.000721689 0.000739198 0.000789552 0.000832884 0.000858216 0.000886429 0.000922904 0.000980203 0.00100694 0.00104488 0.00109427 0.00113459 0.00118232 0.00122758 0.00128406 0.00132328 0.00138893 0.00144608 0.00149526 0.00156633 0.00163178 0.00170038 0.00176217 0.00185733 0.00192806 0.0020101 0.00211273 0.00221947 0.00232987 0.00246158 0.00264818 0.00283969 0.00310416 0.00345162 0.00392194 0.0045048 0.00529401 0.00633133 0.00764824 0.00931025 0.0114018 0.0140044 0.0171262 0.0208532 0.0251888 0.0301351 0.0355579 0.0413858 0.0474369 0.0535436 0.0594395 0.0649277 0.0697615 0.0737378 0.076648 0.0783766 0.0788555 0.0780733 0.0760526 0.0728418 0.0685271 0.0632002 0.0569921 0.0499936 0.0422932 0.0339269 0.0250059 0.0156567 0.00606814 -0.00364781 -0.0133589 -0.0229554 -0.032239 -0.0410552 -0.0492525 -0.0567652 -0.0634876 -0.0693245 -0.0741351 -0.077819 -0.080277 -0.0814598 -0.0813419 -0.0799371 -0.0773018 -0.0735465 -0.0688724 -0.06349 -0.0576425 -0.0515282 -0.0454137 -0.0394836 -0.0339286 -0.0288249 -0.0243151 -0.0204149 -0.0171351 -0.0143833 -0.0121577 -0.0103793 -0.00897253 -0.00785246 -0.00699516 -0.00635733 -0.00584913 -0.00546388 -0.00516972 -0.00495965 -0.00475693 -0.00460975 -0.00448568 -0.004376 -0.00426183 -0.00417372 -0.00409763 -0.00400113 -0.00393204 -0.00386038 -0.00379637 -0.00371908 -0.00366966 -0.00360997 -0.00354632 -0.00350198 -0.00344584 -0.0034 -0.00335055 -0.0033156 -0.00326037 -0.00322014 -0.0031973 -0.0031535 -0.00311309 -0.00307094 -0.00305791 -0.00303437 -0.00298935 -0.00295366 -0.0029359 -0.00292789 -0.0028883 -0.00286315 -0.0028472 -0.00281603 -0.00280196 -0.00278891 -0.00277047 -0.00274521 -0.00272936 -0.00272116 -0.00270046 -0.00269319 -0.00268368 -0.00266209 -0.00265406 -0.00264361 -0.00262847 -0.0026247 -0.0026181 -0.00260681 -0.00260434 -0.00259703 -0.00258738 -0.00258667 -0.00257898 -0.00257453 -0.00257546 -0.00256894 -0.00257032 
