0 0 0 0 0 0 0 0 0 0 0 0 0 0 0 0 0 0 0 0 0 0 0 0 0 0 0 0 0 0 0 0 0 0 0 0 0 0 0 0 0 0 0 0 0 0 0 0 0 0 0 0 0 0 0 0 0 0 0 0 0 0 0 0 0 0 0 0 0 0 0 0 0 0 0 0 0 0 0 0 0 0 0 0 0 0 0 0 0 0 0 0 0 0 0 0 0 0 0 0 0 0 0 0 0 0 0 0 0 0 0 0 0 0 0 0 0 0 0 0 0 0 0 0 0 0 0 0 0 0 0 0 0 0 0 0 0 0 0 0 0 0 0 0 0 0 0 0 0 0 0 0 0 0 0 0 0 0 0 0 0 0 0 0 0 0 0 0 0 0 0 0 0 0 0 0 0 0 0 0 0 0 0 0 0 0 0 0 0 0 0 0 0 0 0 0 0 0 0 0 
0 3.6809e-06 -5.50388e-06 5.66847e-07 3.55257e-07 -3.60545e-06 7.51356e-06 1.48968e-06 3.16823e-06 9.34142e-06 -3.08378e-06 5.25226e-06 2.23743e-06 -3.53938e-06 8.82603e-06 5.69205e-07 4.64463e-06 8.73552e-06 1.70652e-06 5.94956e-06 7.00561e-06 7.17618e-06 8.99789e-06 1.88379e-05 1.4098e-05 2.23293e-05 3.8209e-05 4.03046e-05 8.22937e-05 0.000117428 0.00017138 0.000255882 0.00034794 0.000482572 0.000641622 0.000856893 0.00110151 0.00139554 0.00174092 0.0021088 0.00251724 0.00293242 0.003338 0.00366414 0.00392317 0.00405307 0.00402021 0.00385368 0.00350679 0.00298528 0.00229676 0.00151704 0.000654985 -0.000212959 -0.00104005 -0.00176326 -0.00233135 -0.00276087 -0.00301806 -0.00311303 -0.00304164 -0.00287474 -0.00261288 -0.00232576 -0.00202536 -0.00172657 -0.00144627 -0.00120928 -0.00101855 -0.000855586 -0.000737777 -0.000625475 -0.000544894 -0.000482413 -0.000447875 -0.000392264 -0.000357303 -0.000326709 -0.00030904 -0.000280674 -0.000262881 -0.000237768 -0.000222198 -0.000212928 -0.000198668 -0.000175176 -0.000163248 -0.00016421 -0.00014726 -0.000128141 -0.000120551 -0.000123869 -0.000103902 -9.08813e-05 -8.59846e-05 -8.76344e-05 -6.62317e-05 -5.86907e-05 -5.48995e-05 -5.35273e-05 -3.15706e-05 -2.81967e-05 -2.48389e-05 -1.94976e-05 2.76977e-06 2.77737e-06 6.34467e-06 1.70914e-05 3.87897e-05 3.64078e-05 4.18713e-05 5.88645e-05 7.80389e-05 7.67812e-05 8.63724e-05 0.000107922 0.000123764 0.000131437 0.000145436 0.000168069 0.000185176 0.000211329 0.000228208 0.000254215 0.000284695 0.000336957 0.000367871 0.000421315 0.000490762 0.000592863 0.000696609 0.000844026 0.00101501 0.00123323 0.00149386 0.00178282 0.00207572 0.00236655 0.00264132 0.00283642 0.00294949 0.00291318 0.00272053 0.00234934 0.00184354 0.00118187 0.000407811 -0.000441407 -0.00130099 -0.00208521 -0.0027862 -0.00335201 -0.00375723 -0.00396623 -0.00404245 -0.00395612 -0.00373779 -0.0034381 -0.00306347 -0.00266066 -0.00224635 -0.00187633 -0.00152667 -0.00122895 -0.000975469 -0.000760076 -0.000587311 -0.000441377 -0.000349889 -0.000258849 -0.000206855 -0.000172139 -0.000128575 -0.000118161 -0.000100743 -9.03016e-05 -8.85184e-05 -8.81064e-05 -8.16219e-05 -8.13999e-05 -8.42538e-05 -7.17461e-05 -8.31678e-05 -7.96004e-05 -7.62897e-05 -9.00738e-05 -7.75184e-05 -8.3261e-05 -8.36085e-05 -7.26448e-05 -8.14802e-05 -7.49535e-05 -7.54525e-05 -8.22828e-05 -7.68228e-05 -8.21332e-05 -8.21941e-05 -7.72729e-05 -8.19058e-05 -7.83336e-05 
0 -5.50388e-06 1.54572e-05 -5.29119e-06 9.43533e-06 7.75086e-06 -9.00263e-06 1.13544e-05 -6.70458e-06 1.07635e-06 1.19145e-05 -1.58409e-06 1.65182e-05 8.23707e-06 6.47941e-06 1.22307e-05 3.73611e-06 1.05043e-05 8.32373e-06 1.39959e-05 1.17485e-05 1.23373e-05 1.96325e-05 1.30463e-05 3.37538e-05 4.96959e-05 6.90978e-05 0.000118077 0.000165312 0.000234748 0.000351135 0.000499453 0.000693827 0.000972122 0.00130068 0.00169622 0.00220677 0.00278695 0.00345783 0.00423618 0.00504571 0.00586258 0.00665023 0.00732521 0.00782166 0.00808113 0.00805193 0.00768313 0.00696943 0.00593207 0.00461639 0.0030353 0.00129531 -0.00042649 -0.0020508 -0.00348426 -0.00464982 -0.00549136 -0.00601296 -0.00618784 -0.00607317 -0.005732 -0.00522261 -0.00464647 -0.00404875 -0.0034579 -0.00289264 -0.00242856 -0.00203213 -0.00172168 -0.00146665 -0.00125974 -0.00108281 -0.000972467 -0.00088617 -0.000790552 -0.000711528 -0.000657779 -0.000616503 -0.000564571 -0.000528343 -0.00047791 -0.000451343 -0.000425807 -0.00040498 -0.000351762 -0.000338485 -0.000325838 -0.000305952 -0.000257024 -0.000254911 -0.000243965 -0.000221567 -0.000181814 -0.000185924 -0.00017129 -0.00014742 -0.000116795 -0.00012333 -0.000103303 -7.87246e-05 -5.52852e-05 -6.26047e-05 -3.56938e-05 -1.04185e-05 7.14016e-06 5.89625e-07 3.66804e-05 6.18354e-05 7.48406e-05 7.29128e-05 0.00011894 0.000142189 0.000155568 0.000164063 0.000215601 0.000238354 0.000263511 0.000286156 0.00033506 0.000368953 0.000420354 0.000458734 0.000507675 0.000577453 0.000669868 0.000748175 0.000843825 0.000999197 0.00118683 0.0014152 0.00169415 0.00205331 0.00247707 0.00300695 0.00357414 0.00415986 0.00473519 0.00527296 0.00566978 0.0058689 0.00579621 0.00539598 0.0046858 0.00364957 0.00231843 0.000772716 -0.00087782 -0.00258485 -0.00419561 -0.00557875 -0.00667619 -0.00745997 -0.00792573 -0.00805845 -0.00788619 -0.00746429 -0.00685213 -0.00609593 -0.00530208 -0.00451932 -0.00374585 -0.00306114 -0.00246978 -0.00194276 -0.00152399 -0.00119101 -0.000907096 -0.000692599 -0.000535331 -0.000404447 -0.000318466 -0.000270534 -0.000223456 -0.00020424 -0.000190614 -0.000172967 -0.00017075 -0.000164011 -0.000166922 -0.000162948 -0.000167779 -0.00016755 -0.00015564 -0.000167037 -0.00015035 -0.000153596 -0.000163431 -0.000147292 -0.000169478 -0.000160929 -0.000157251 -0.000171851 -0.00014907 -0.000161248 -0.000157236 -0.000146653 -0.000164877 -0.000149425 -0.000159487 
0 5.66847e-07 -5.29119e-06 6.70333e-07 2.32799e-06 -1.54384e-06 1.13738e-05 7.50793e-06 7.40073e-06 1.651e-05 1.58925e-06 9.75742e-06 8.92709e-06 2.09185e-07 1.70469e-05 8.57132e-06 1.2686e-05 2.02917e-05 1.08678e-05 1.7289e-05 2.02985e-05 2.1775e-05 2.85183e-05 4.50801e-05 4.75975e-05 7.09758e-05 0.000110487 0.000145804 0.000246927 0.000360346 0.000527724 0.0007677 0.00105918 0.0014597 0.00194832 0.00257637 0.00331906 0.00419757 0.00521745 0.00633376 0.00754201 0.0087706 0.00995162 0.0109342 0.0116818 0.0120599 0.0119823 0.0114612 0.010422 0.00887616 0.00686634 0.0045413 0.00199314 -0.000575462 -0.00301472 -0.00515735 -0.0068733 -0.00815085 -0.00893203 -0.00922515 -0.00905635 -0.00857029 -0.00782527 -0.00697882 -0.0060902 -0.00520659 -0.0043779 -0.00366887 -0.00308523 -0.00260155 -0.00222806 -0.00190041 -0.00165025 -0.00146459 -0.0013381 -0.00118825 -0.00107703 -0.000987251 -0.000923877 -0.000847234 -0.000787784 -0.00071832 -0.000670901 -0.000637073 -0.000593925 -0.000531513 -0.000497181 -0.000485227 -0.000442429 -0.000390591 -0.000368097 -0.000361695 -0.000316111 -0.000277401 -0.000262088 -0.000252944 -0.00020604 -0.000178807 -0.000166577 -0.000151637 -0.00010413 -8.54193e-05 -7.41314e-05 -5.11519e-05 -2.72997e-06 9.46378e-06 2.1855e-05 5.60393e-05 0.000104648 0.000112713 0.00013038 0.000177823 0.00022439 0.000235679 0.000264236 0.000322387 0.000367747 0.000398342 0.000440735 0.000504443 0.00056099 0.000632545 0.000691316 0.000769728 0.00086838 0.00100789 0.00112118 0.0012815 0.00149948 0.00179485 0.00212708 0.00256296 0.00308963 0.00374232 0.00451748 0.00536939 0.00624015 0.00709691 0.00788451 0.00845623 0.00875155 0.00862551 0.00803048 0.00693432 0.00540327 0.0034332 0.00113416 -0.00136515 -0.00389495 -0.00624129 -0.00830975 -0.00997432 -0.011163 -0.0118182 -0.0120306 -0.0117817 -0.0111499 -0.0102532 -0.00914799 -0.00795557 -0.0067482 -0.00562815 -0.00459501 -0.00370204 -0.00293673 -0.00229509 -0.00177683 -0.00135099 -0.00105 -0.000794818 -0.000624475 -0.000506504 -0.000399521 -0.000350049 -0.000305494 -0.000277175 -0.00026586 -0.0002604 -0.000247615 -0.000246277 -0.000246954 -0.000230432 -0.00024529 -0.000238729 -0.000237168 -0.000253226 -0.000237246 -0.000245816 -0.000242947 -0.000230631 -0.000240154 -0.000230841 -0.000233342 -0.000239826 -0.000234833 -0.000241071 -0.000241201 -0.000237411 -0.000239589 -0.000236066 
0 3.55257e-07 9.43533e-06 2.32799e-06 6.49149e-06 5.87585e-06 2.39215e-06 8.37731e-06 3.17926e-06 9.20614e-06 1.1286e-05 1.0559e-05 1.77632e-05 1.33349e-05 1.70684e-05 1.65823e-05 1.49961e-05 2.02756e-05 1.8143e-05 2.38603e-05 2.54923e-05 2.81875e-05 3.69629e-05 4.57473e-05 6.69978e-05 0.000100026 0.000149265 0.000224023 0.000336558 0.000490366 0.000715631 0.00102408 0.00142535 0.00196115 0.00262348 0.00344136 0.00443793 0.00560464 0.00695043 0.00845268 0.0100502 0.0116652 0.0132002 0.0145099 0.0154769 0.015971 0.0158864 0.0151692 0.013779 0.0117408 0.00912495 0.00604606 0.00268483 -0.000700548 -0.00390091 -0.00672673 -0.00902445 -0.0107191 -0.0117685 -0.0121695 -0.0119913 -0.0113642 -0.0104137 -0.00930271 -0.00813359 -0.00696967 -0.00587818 -0.00493483 -0.00414655 -0.00350442 -0.00298767 -0.0025585 -0.00221702 -0.00196992 -0.00178005 -0.00159558 -0.00144165 -0.00132432 -0.00123011 -0.0011357 -0.00105102 -0.000964911 -0.00090056 -0.000850105 -0.00079216 -0.000717333 -0.0006723 -0.000643032 -0.000593072 -0.000529702 -0.000499441 -0.000476236 -0.000428188 -0.00037735 -0.000355963 -0.000331181 -0.000284076 -0.000243873 -0.000226475 -0.00019697 -0.000150035 -0.000117523 -0.000101071 -6.44205e-05 -1.63023e-05 1.07927e-05 2.92455e-05 7.61747e-05 0.00012625 0.00015065 0.000175984 0.000235467 0.000287856 0.000316573 0.000355369 0.000426329 0.000485161 0.000533089 0.000591144 0.000671749 0.000752375 0.00084206 0.00092906 0.00103423 0.00117314 0.00134433 0.00151538 0.00173104 0.00203176 0.00241698 0.00288016 0.00345806 0.00417303 0.00504162 0.00606721 0.00718712 0.00833592 0.00945933 0.0104698 0.0112119 0.0115573 0.0113671 0.0105574 0.00911191 0.00705652 0.00444206 0.00140887 -0.00186561 -0.00518798 -0.00830904 -0.0110266 -0.0132031 -0.0147591 -0.0156594 -0.015931 -0.0156089 -0.0147902 -0.013596 -0.012142 -0.0105765 -0.00900578 -0.00750661 -0.00614382 -0.00495358 -0.0039267 -0.0030793 -0.00239205 -0.00183348 -0.0014079 -0.00107838 -0.000834059 -0.000663005 -0.000542848 -0.000462062 -0.000410814 -0.000376778 -0.00035315 -0.000342797 -0.000331792 -0.000330366 -0.000328475 -0.000325045 -0.000327876 -0.000320356 -0.000321757 -0.000318351 -0.000314611 -0.000319963 -0.00031468 -0.000320367 -0.000320278 -0.00031737 -0.000322079 -0.00031486 -0.000317286 -0.000314985 -0.000310803 -0.000316607 -0.000311416 -0.000316537 
0 -3.60545e-06 7.75086e-06 -1.54384e-06 5.87585e-06 1.17511e-05 2.7636e-06 1.36837e-05 9.3925e-06 8.41736e-06 1.79562e-05 1.01424e-05 1.73783e-05 1.95154e-05 1.52661e-05 2.31723e-05 2.0707e-05 2.27651e-05 2.65904e-05 2.88105e-05 3.20669e-05 3.78045e-05 5.00352e-05 5.82497e-05 8.94911e-05 0.000128147 0.000184904 0.000290354 0.000423102 0.00062726 0.00091447 0.00129747 0.00181079 0.00247343 0.00331105 0.00433018 0.00557699 0.00703356 0.00869912 0.0105616 0.012531 0.0145235 0.0163993 0.0180158 0.0191876 0.0197814 0.0196788 0.0187791 0.0170633 0.0145469 0.0113319 0.0075404 0.00342338 -0.000743412 -0.00468655 -0.00817668 -0.0110397 -0.0131512 -0.014479 -0.0150116 -0.0148481 -0.0141091 -0.012984 -0.0116321 -0.0101966 -0.008765 -0.00742272 -0.00624522 -0.0052511 -0.00444323 -0.00377744 -0.00324165 -0.00280857 -0.00249015 -0.00223001 -0.00200986 -0.00181362 -0.00166411 -0.00153577 -0.00142248 -0.00131072 -0.00120982 -0.00112648 -0.00105616 -0.000981234 -0.00090003 -0.000840991 -0.000790635 -0.000732861 -0.000664793 -0.000621783 -0.000579329 -0.000529639 -0.000472223 -0.000438894 -0.000397946 -0.000352174 -0.000302786 -0.000274088 -0.000231234 -0.000186688 -0.000142508 -0.000114594 -6.71778e-05 -2.1338e-05 2.02395e-05 5.11026e-05 0.000105926 0.000155676 0.000197856 0.000236512 0.00030138 0.000358742 0.000407544 0.000460322 0.00053734 0.00061007 0.000677083 0.000752321 0.00084634 0.00095131 0.00105784 0.00117431 0.00130873 0.00148613 0.00168658 0.00191913 0.00219795 0.00258034 0.00305788 0.00365587 0.00438238 0.00528725 0.0063739 0.0076401 0.00901792 0.0104346 0.0118079 0.0130142 0.0138995 0.0142741 0.0140017 0.0129674 0.0111644 0.0085971 0.00536559 0.00162033 -0.00241346 -0.00648711 -0.0103296 -0.0136728 -0.0163594 -0.0182788 -0.0194101 -0.0197406 -0.0193563 -0.0183647 -0.0168963 -0.0151175 -0.0131861 -0.0112499 -0.00938611 -0.00770057 -0.00621461 -0.00493526 -0.00387548 -0.00300823 -0.00231698 -0.00177068 -0.00136783 -0.00105905 -0.000837607 -0.000694077 -0.000582098 -0.000517848 -0.000474752 -0.000444225 -0.000428186 -0.000418354 -0.000412981 -0.000405392 -0.000409438 -0.000402436 -0.00040058 -0.000405942 -0.000394942 -0.000402168 -0.000400527 -0.000394082 -0.000403727 -0.000394432 -0.000396333 -0.000399558 -0.000389884 -0.000398472 -0.000394787 -0.00039207 -0.000400046 -0.000391022 -0.000394859 
0 7.51356e-06 -9.00263e-06 1.13738e-05 2.39215e-06 2.7636e-06 1.84259e-05 3.94317e-06 2.04853e-05 1.79819e-05 1.01739e-05 2.39269e-05 1.20113e-05 1.91751e-05 2.36444e-05 2.14106e-05 2.94476e-05 2.80582e-05 3.338e-05 3.06737e-05 4.08611e-05 4.79308e-05 5.47814e-05 8.81921e-05 0.000106313 0.000157038 0.000239317 0.000341974 0.000523156 0.000776248 0.00111755 0.00158934 0.0022148 0.0030001 0.00400354 0.00525253 0.00672499 0.00847487 0.0104726 0.0126563 0.014988 0.0173421 0.0195505 0.0214291 0.0228045 0.0234874 0.0233336 0.0222714 0.0202527 0.0172859 0.0134629 0.0090212 0.00420894 -0.000696991 -0.00535978 -0.00949255 -0.0128866 -0.0154271 -0.0170333 -0.0177341 -0.0175975 -0.0167931 -0.0155198 -0.0139596 -0.0122743 -0.0105887 -0.00901253 -0.00759606 -0.00640504 -0.00541165 -0.0046044 -0.00394316 -0.00342977 -0.00301827 -0.00269468 -0.00242546 -0.00219635 -0.00200453 -0.00184529 -0.00170766 -0.00157029 -0.00145649 -0.0013507 -0.00126167 -0.00116397 -0.00108661 -0.00100381 -0.00093875 -0.00086324 -0.000804715 -0.000735139 -0.000683567 -0.000620464 -0.000571783 -0.000510808 -0.000466191 -0.000409285 -0.000365767 -0.000309459 -0.00026715 -0.000212406 -0.000170879 -0.000115094 -7.17098e-05 -1.58471e-05 2.70704e-05 8.64409e-05 0.000133847 0.000194814 0.000243655 0.000310359 0.000365881 0.000438098 0.000499129 0.000577232 0.000648837 0.000741821 0.00082467 0.000922669 0.00102621 0.0011555 0.0012816 0.00142616 0.00159772 0.0018059 0.00204619 0.00233372 0.00269604 0.00314949 0.00373746 0.00446139 0.00535786 0.0064433 0.00775797 0.00924714 0.0108744 0.0125414 0.014141 0.0155161 0.0164985 0.0168857 0.0164993 0.01524 0.0130517 0.00999726 0.00617447 0.00175291 -0.00302447 -0.00780566 -0.0122925 -0.0162426 -0.0194282 -0.021709 -0.023031 -0.0234426 -0.0230078 -0.0218465 -0.0201345 -0.0180575 -0.0157784 -0.0134648 -0.0112812 -0.00926787 -0.00748331 -0.00597266 -0.00468921 -0.00363653 -0.00280823 -0.00215912 -0.00165635 -0.00129735 -0.00103355 -0.000833003 -0.000716112 -0.000625065 -0.000566892 -0.00054221 -0.000514994 -0.000504839 -0.000493937 -0.000490053 -0.000482374 -0.000481363 -0.000487537 -0.000476293 -0.000489676 -0.000482948 -0.000475424 -0.000487927 -0.00046758 -0.000476662 -0.000477838 -0.00046542 -0.000483936 -0.000470679 -0.000474504 -0.000482429 -0.000466024 -0.0004809 -0.000471732 
0 1.48968e-06 1.13544e-05 7.50793e-06 8.37731e-06 1.36837e-05 3.94317e-06 1.21247e-05 1.33839e-05 6.69327e-06 2.48278e-05 1.95326e-05 2.31339e-05 3.52818e-05 2.12508e-05 3.14718e-05 3.13465e-05 2.6158e-05 3.96833e-05 4.05955e-05 4.48181e-05 5.67829e-05 7.04779e-05 8.48482e-05 0.00013442 0.000194161 0.00028306 0.000443512 0.000632458 0.00093135 0.00133988 0.0018836 0.00262227 0.00355263 0.00474024 0.00616693 0.00789958 0.00992605 0.0122194 0.0147671 0.0174439 0.0201221 0.0226119 0.0247646 0.0262963 0.0270554 0.026892 0.0256345 0.023291 0.0198922 0.0155783 0.0105014 0.00500662 -0.000584255 -0.00588868 -0.0106237 -0.0145713 -0.0175175 -0.0194219 -0.0202858 -0.0202371 -0.0193905 -0.0180157 -0.0162683 -0.0143618 -0.0124448 -0.0106358 -0.00900078 -0.00759322 -0.00642879 -0.00545087 -0.00468306 -0.0040595 -0.0035714 -0.00315915 -0.00285477 -0.00257641 -0.00235366 -0.00215326 -0.00199367 -0.00183034 -0.00170245 -0.0015783 -0.0014613 -0.00135226 -0.00126596 -0.00117403 -0.00107704 -0.00100206 -0.000933267 -0.000857825 -0.000775624 -0.00072059 -0.000657707 -0.000592484 -0.00052091 -0.000475582 -0.000414005 -0.000354389 -0.000288851 -0.000246958 -0.00018405 -0.000124838 -6.17841e-05 -1.8816e-05 4.90356e-05 0.000113039 0.000176052 0.000226168 0.000303821 0.000376938 0.000443869 0.000511403 0.000603346 0.000690652 0.000772033 0.000871575 0.000982266 0.0010969 0.00121514 0.00136598 0.00151321 0.00169372 0.00189547 0.00214793 0.00241762 0.00278335 0.00321517 0.00376913 0.00444946 0.00532963 0.00638109 0.00767151 0.00919132 0.0109099 0.0127624 0.0146582 0.0164547 0.0179589 0.0190164 0.0193551 0.0188382 0.0173232 0.0147909 0.0112266 0.00681726 0.00175938 -0.0036601 -0.00910492 -0.0142595 -0.018751 -0.0223703 -0.0249749 -0.0265442 -0.0270139 -0.026535 -0.0252416 -0.0232839 -0.0209181 -0.0183287 -0.0157086 -0.0131656 -0.0108514 -0.00878407 -0.00700722 -0.00552611 -0.00430361 -0.00333668 -0.00255163 -0.00197683 -0.00153115 -0.00120571 -0.00100066 -0.000836143 -0.000739562 -0.000676233 -0.000628551 -0.000599567 -0.000590996 -0.00057876 -0.000571328 -0.000582046 -0.000562953 -0.000567062 -0.000566052 -0.000547645 -0.000562915 -0.000552994 -0.00055358 -0.000566363 -0.000553814 -0.000561672 -0.000560428 -0.000550736 -0.000557008 -0.000549929 -0.000547736 -0.000553534 -0.000548389 -0.000552985 
0 3.16823e-06 -6.70458e-06 7.40073e-06 3.17926e-06 9.3925e-06 2.04853e-05 1.33839e-05 2.4714e-05 1.98763e-05 2.03962e-05 2.48567e-05 1.72911e-05 2.84094e-05 2.594e-05 3.25328e-05 3.947e-05 3.61511e-05 4.7532e-05 4.39169e-05 5.45792e-05 6.82459e-05 8.16972e-05 0.000118662 0.000159217 0.00022903 0.000339831 0.000503394 0.00074466 0.00109929 0.00157562 0.00221422 0.00306556 0.00412665 0.00547891 0.00713429 0.00909873 0.0114065 0.0140086 0.0168516 0.0198436 0.0228341 0.025612 0.0279719 0.0296614 0.0304745 0.0302448 0.0288338 0.0262236 0.0224275 0.0175834 0.0119569 0.00587735 -0.000331824 -0.00626843 -0.0115828 -0.0160236 -0.0193858 -0.0215966 -0.0226772 -0.0227247 -0.0219001 -0.0204532 -0.018571 -0.0164692 -0.0143426 -0.0123186 -0.0104652 -0.00885398 -0.00749329 -0.00635804 -0.00545332 -0.00473062 -0.00413642 -0.00365057 -0.00328194 -0.0029665 -0.00269574 -0.00246236 -0.00226641 -0.00208282 -0.00193499 -0.00179039 -0.00164692 -0.00152173 -0.00142949 -0.00131906 -0.00120266 -0.0011143 -0.00104528 -0.00095056 -0.000855672 -0.000789326 -0.000727214 -0.000642197 -0.000563459 -0.000507897 -0.000446087 -0.000366666 -0.000297809 -0.000246224 -0.000181116 -0.000102041 -3.82417e-05 1.40454e-05 8.72542e-05 0.000171273 0.000233325 0.000292795 0.000380526 0.00047331 0.000539222 0.000617073 0.000724884 0.000830854 0.000915409 0.00102715 0.00115947 0.00129326 0.00142684 0.00159318 0.0017695 0.00197777 0.00222024 0.00250239 0.0028243 0.00325073 0.00377607 0.00441558 0.00521625 0.00623459 0.00746744 0.00894782 0.0106793 0.0126066 0.0146715 0.0167718 0.018728 0.0203317 0.0214005 0.0216842 0.0210007 0.0192245 0.0163063 0.0122857 0.00734045 0.00167879 -0.00437803 -0.010425 -0.0161185 -0.0211374 -0.0252033 -0.0281353 -0.0298818 -0.0304401 -0.0299362 -0.0285145 -0.0263729 -0.0237536 -0.0208603 -0.0179048 -0.0150641 -0.0124437 -0.0100957 -0.00808626 -0.00637865 -0.00496987 -0.00385657 -0.00296744 -0.00229546 -0.00179483 -0.00142365 -0.00115883 -0.000980033 -0.000854426 -0.000774766 -0.000730928 -0.000692179 -0.000679074 -0.000661221 -0.000650564 -0.000649694 -0.000639101 -0.00064772 -0.00064273 -0.000645304 -0.000648635 -0.000638009 -0.000644239 -0.000633381 -0.000632858 -0.00063498 -0.000626171 -0.000637184 -0.000631647 -0.000634263 -0.000640174 -0.000629958 -0.000637461 -0.00062998 
0 9.34142e-06 1.07635e-06 1.651e-05 9.20614e-06 8.41736e-06 1.79819e-05 6.69327e-06 1.98763e-05 2.19103e-05 2.06092e-05 3.27555e-05 2.7606e-05 3.4895e-05 3.57192e-05 3.49702e-05 4.12371e-05 3.9597e-05 4.95557e-05 5.12084e-05 6.25603e-05 7.79364e-05 9.22737e-05 0.000135899 0.000185111 0.000272466 0.000410441 0.000598866 0.000883395 0.0012818 0.00182345 0.0025533 0.00351573 0.00472949 0.00625206 0.00811607 0.0103163 0.0128908 0.0157895 0.0189384 0.0222363 0.0254993 0.0285217 0.0310643 0.0328813 0.0337386 0.0334485 0.0318725 0.0289787 0.0248184 0.0195299 0.0134043 0.00677048 2.76635e-06 -0.0064871 -0.0123335 -0.0172535 -0.0210266 -0.02355 -0.0248612 -0.0250461 -0.0242884 -0.0228115 -0.0208318 -0.0185728 -0.0162606 -0.0140349 -0.0119756 -0.01016 -0.0086011 -0.00730176 -0.00625455 -0.00541879 -0.00471775 -0.00415249 -0.00371359 -0.00335467 -0.00303813 -0.00276876 -0.00253493 -0.00233148 -0.00216147 -0.00199574 -0.00182763 -0.00168791 -0.00158275 -0.00145652 -0.00132302 -0.00122161 -0.00114416 -0.00103572 -0.000928851 -0.000850465 -0.000782089 -0.000684184 -0.000597045 -0.000530304 -0.000462925 -0.00037107 -0.000296176 -0.000234 -0.000162944 -7.17351e-05 -3.17657e-06 5.94418e-05 0.00013999 0.000236078 0.000302797 0.00037262 0.000470254 0.000575639 0.000647756 0.000736137 0.000857961 0.000978504 0.0010733 0.00119621 0.00134901 0.00150235 0.00165479 0.00183647 0.00204476 0.00228503 0.00256755 0.00288562 0.0032677 0.00376248 0.00438307 0.00512271 0.00605132 0.00721669 0.00863477 0.0103091 0.0122417 0.014368 0.0166243 0.0188926 0.0209683 0.0226304 0.0236653 0.0238427 0.0229612 0.0209088 0.0176137 0.0131395 0.00767202 0.00146749 -0.00513953 -0.0117411 -0.0179539 -0.0234385 -0.0278841 -0.0311169 -0.0330537 -0.0337079 -0.0331881 -0.0316607 -0.0293469 -0.0264955 -0.0233442 -0.0201 -0.0169669 -0.0140501 -0.0114325 -0.00917899 -0.00726238 -0.00568337 -0.00441691 -0.00341219 -0.0026353 -0.00205817 -0.00163289 -0.00132405 -0.00112261 -0.000975157 -0.000881231 -0.000825444 -0.000781043 -0.000763509 -0.000746715 -0.000740993 -0.00073585 -0.000729537 -0.000731179 -0.000719737 -0.000723468 -0.000718644 -0.000713624 -0.000722569 -0.000711932 -0.000719734 -0.000720112 -0.000711203 -0.000721267 -0.00070929 -0.000710086 -0.000714039 -0.00070334 -0.000714702 -0.00071027 
0 -3.08378e-06 1.19145e-05 1.58925e-06 1.1286e-05 1.79562e-05 1.01739e-05 2.48278e-05 2.03962e-05 2.06092e-05 2.97356e-05 2.48087e-05 3.38245e-05 3.67593e-05 3.68483e-05 4.18959e-05 4.51215e-05 4.8141e-05 5.14166e-05 6.58051e-05 6.81262e-05 8.7836e-05 0.000119183 0.000145492 0.000224146 0.000320598 0.000467217 0.00070615 0.00102136 0.00147566 0.00209742 0.00292311 0.00399256 0.00536357 0.00706761 0.00911727 0.0115762 0.0144045 0.0175714 0.0210151 0.0245862 0.0280948 0.0313204 0.0340357 0.035937 0.0368116 0.0364641 0.0347296 0.0315734 0.0270717 0.0214131 0.0148349 0.00771487 0.000456088 -0.00652087 -0.0128558 -0.0182346 -0.0223995 -0.025257 -0.0268135 -0.02719 -0.0265355 -0.025084 -0.0230473 -0.0206791 -0.0182082 -0.0157962 -0.0135479 -0.0115233 -0.00977183 -0.00829226 -0.00710139 -0.00612597 -0.00532361 -0.00466075 -0.00415038 -0.00372968 -0.00337234 -0.0030558 -0.00278586 -0.00255642 -0.00236091 -0.00217112 -0.00198012 -0.00182665 -0.00169754 -0.0015607 -0.001409 -0.00129833 -0.00119833 -0.00108711 -0.000963253 -0.000878204 -0.000789571 -0.000692533 -0.000588729 -0.000517262 -0.000431513 -0.000341978 -0.000250716 -0.00018482 -9.6494e-05 -8.29149e-06 7.67095e-05 0.000143185 0.000240227 0.000333328 0.000417496 0.000492128 0.000605375 0.00070992 0.000801226 0.00089562 0.00103278 0.00115893 0.00127405 0.00140522 0.00157617 0.00174727 0.00192069 0.00211934 0.00235617 0.00263462 0.00294946 0.00331518 0.00375558 0.00433248 0.00503819 0.00589948 0.0069536 0.00828105 0.00987586 0.0117512 0.0138664 0.0161812 0.0186041 0.0210005 0.0231549 0.0248248 0.0257909 0.0258107 0.0247126 0.0223547 0.0187011 0.0137897 0.00783788 0.00113965 -0.00594697 -0.0130355 -0.0197273 -0.0256108 -0.0304063 -0.0339172 -0.0360541 -0.0367933 -0.0362748 -0.0346848 -0.0322229 -0.0291727 -0.0257855 -0.02229 -0.0188579 -0.0156704 -0.0128024 -0.0102874 -0.00817295 -0.00641642 -0.0049923 -0.00386385 -0.00300103 -0.00233907 -0.00185137 -0.00151938 -0.00126348 -0.00110384 -0.000999435 -0.000916929 -0.000880107 -0.000850363 -0.00083175 -0.000822562 -0.000818016 -0.000809949 -0.000805399 -0.000809347 -0.00079676 -0.000803495 -0.000803254 -0.000793046 -0.000805768 -0.000792789 -0.000793306 -0.000800208 -0.000784739 -0.000797574 -0.000792409 -0.000786018 -0.000799429 -0.000784744 -0.000791351 
0 5.25226e-06 -1.58409e-06 9.75742e-06 1.0559e-05 1.01424e-05 2.39269e-05 1.95326e-05 2.48567e-05 3.27555e-05 2.48087e-05 3.50071e-05 3.49406e-05 3.06157e-05 4.44884e-05 4.40505e-05 4.84441e-05 5.94387e-05 6.03015e-05 6.64087e-05 8.29965e-05 9.94327e-05 0.000127772 0.000188412 0.000254843 0.000372326 0.000554786 0.000796894 0.00117661 0.0016904 0.00238875 0.00331646 0.00451161 0.00602718 0.00788854 0.0101764 0.0128523 0.0159354 0.0193862 0.0230737 0.0268825 0.0306144 0.034042 0.0368518 0.0388385 0.0397118 0.0392561 0.0373783 0.0340098 0.029224 0.023175 0.0162294 0.00871671 0.00105095 -0.00638484 -0.0131638 -0.0189349 -0.0234914 -0.0266818 -0.0285339 -0.0291097 -0.0286231 -0.0272283 -0.0252006 -0.0227581 -0.0201634 -0.0175893 -0.0151581 -0.0129423 -0.0109822 -0.00933784 -0.00796856 -0.00686352 -0.00592939 -0.00518532 -0.00457106 -0.0040996 -0.00367894 -0.00332655 -0.00300687 -0.00275666 -0.00252423 -0.00231125 -0.00210095 -0.00192813 -0.0017742 -0.00161866 -0.00146312 -0.00132806 -0.00121378 -0.001086 -0.000964527 -0.000852061 -0.000758032 -0.000644877 -0.000545447 -0.00044617 -0.000360839 -0.000255256 -0.000168752 -7.55035e-05 9.34039e-06 0.000112677 0.000194108 0.00028764 0.000379698 0.000486166 0.000570683 0.000671401 0.000779457 0.000896088 0.000994934 0.00111174 0.0012471 0.0013863 0.00151807 0.00166502 0.00184625 0.00203425 0.00223458 0.00244646 0.00272025 0.0030259 0.00338979 0.00379127 0.00431804 0.00495995 0.00577761 0.00674707 0.0079615 0.00943333 0.0112243 0.0132799 0.0155791 0.0180547 0.0206171 0.0231054 0.0252817 0.0269214 0.0277486 0.0275976 0.0262378 0.0235709 0.0195241 0.0142317 0.00785372 0.000702923 -0.0068328 -0.0143353 -0.0213817 -0.027652 -0.0327798 -0.0365495 -0.0388277 -0.0396905 -0.0391974 -0.0375419 -0.0349977 -0.0317818 -0.0281773 -0.0244254 -0.0207657 -0.0173014 -0.0141805 -0.0114503 -0.00910452 -0.00716859 -0.00559007 -0.00435087 -0.00337328 -0.00264546 -0.00210402 -0.00169482 -0.0014298 -0.00123335 -0.00110459 -0.00102996 -0.000974936 -0.000938026 -0.000919583 -0.000905549 -0.000888966 -0.000895566 -0.000887959 -0.000883906 -0.000895403 -0.000879427 -0.000882893 -0.000884247 -0.000868906 -0.000879772 -0.000872971 -0.000868243 -0.000879691 -0.000868243 -0.00087364 -0.000877122 -0.000865658 -0.000875965 -0.000869097 
0 2.23743e-06 1.65182e-05 8.92709e-06 1.77632e-05 1.73783e-05 1.20113e-05 2.31339e-05 1.72911e-05 2.7606e-05 3.38245e-05 3.49406e-05 4.63415e-05 4.26457e-05 5.23062e-05 4.89153e-05 5.047e-05 6.13611e-05 5.77617e-05 8.14861e-05 9.0143e-05 0.000112215 0.000156613 0.00019975 0.000298219 0.000434471 0.000636175 0.000937501 0.00135514 0.00192399 0.00270088 0.00372981 0.00503925 0.00672295 0.00877547 0.0112451 0.014165 0.0174833 0.0211776 0.0251242 0.0291667 0.0330808 0.0366313 0.0395462 0.0415576 0.0424083 0.0418782 0.0398487 0.0362403 0.0311852 0.0248887 0.0176224 0.00975283 0.00172453 -0.00605577 -0.0132082 -0.0193646 -0.024291 -0.0278223 -0.029961 -0.0308014 -0.0305044 -0.0292335 -0.0272454 -0.0247895 -0.0221008 -0.0193922 -0.0167952 -0.0143885 -0.0122376 -0.010407 -0.00886754 -0.00759859 -0.00654771 -0.00569047 -0.00498688 -0.0044325 -0.00396172 -0.00355171 -0.00319729 -0.00290795 -0.00264341 -0.00239836 -0.0021755 -0.00197814 -0.0017943 -0.00162215 -0.00145955 -0.0013049 -0.0011641 -0.00102971 -0.000899749 -0.00077127 -0.000655742 -0.000541139 -0.000430659 -0.000318753 -0.000216286 -0.000111636 -1.2511e-05 9.13711e-05 0.000189976 0.000290863 0.000386139 0.000490496 0.00059275 0.000696028 0.000796651 0.00090999 0.00102372 0.00113915 0.00125749 0.00138894 0.0015263 0.00167163 0.00182524 0.00198944 0.00217541 0.00238341 0.00260607 0.00284536 0.00314202 0.00349127 0.0038902 0.00435555 0.00495314 0.00568969 0.00660152 0.00771216 0.00907564 0.0107174 0.0126835 0.014924 0.0173858 0.0200037 0.0226734 0.0251969 0.027355 0.0288999 0.0295663 0.0291676 0.0275303 0.0245345 0.0201358 0.014449 0.00766839 0.000153334 -0.0077291 -0.0155959 -0.0230128 -0.0295631 -0.0349464 -0.0389497 -0.0414187 -0.0423832 -0.041928 -0.0402607 -0.0376193 -0.034277 -0.0305106 -0.0265653 -0.0226516 -0.0189446 -0.0155894 -0.0126103 -0.0100807 -0.00797086 -0.00623067 -0.00485797 -0.00377787 -0.00295277 -0.00234304 -0.0019072 -0.00158574 -0.0013741 -0.00122897 -0.00112063 -0.00107186 -0.00102463 -0.00100681 -0.000998412 -0.000981974 -0.000984045 -0.000968816 -0.000967381 -0.000961915 -0.000956342 -0.000962317 -0.000954014 -0.000962721 -0.000959275 -0.000956097 -0.000962212 -0.000949607 -0.000954457 -0.000950599 -0.0009445 -0.000953448 -0.000945129 -0.000951122 
0 -3.53938e-06 8.23707e-06 2.09185e-07 1.33349e-05 1.95154e-05 1.91751e-05 3.52818e-05 2.84094e-05 3.4895e-05 3.67593e-05 3.06157e-05 4.26457e-05 3.93428e-05 5.01035e-05 5.50039e-05 5.91837e-05 7.41421e-05 7.06151e-05 9.10768e-05 0.00010233 0.000125946 0.000180295 0.000235238 0.000347545 0.000501519 0.000725014 0.00106356 0.00153116 0.00217679 0.00304647 0.00418496 0.00562742 0.00745688 0.0096871 0.0123627 0.015512 0.0190667 0.0229954 0.027155 0.0313761 0.0354515 0.0391151 0.0420918 0.0441082 0.044906 0.044268 0.0420945 0.0383185 0.0330469 0.0265029 0.0189762 0.0108589 0.00255955 -0.00552926 -0.0130082 -0.0194954 -0.0247602 -0.028639 -0.0310991 -0.0322303 -0.0321636 -0.0310639 -0.029176 -0.0267507 -0.0240124 -0.0211963 -0.0184505 -0.0158641 -0.0135267 -0.0115058 -0.00978091 -0.00833854 -0.00715286 -0.00617436 -0.00536674 -0.00472063 -0.0041831 -0.00371393 -0.00331743 -0.0029843 -0.00267837 -0.00240127 -0.00216208 -0.00193765 -0.00172037 -0.00152967 -0.00135825 -0.00118242 -0.00101495 -0.00087014 -0.0007317 -0.000585839 -0.000450424 -0.000329696 -0.000209509 -8.3588e-05 3.34878e-05 0.000142025 0.000251686 0.000367431 0.000476832 0.000579878 0.000686598 0.000802505 0.000912032 0.0010161 0.00113039 0.00125637 0.00137344 0.00149006 0.0016259 0.00177148 0.00190945 0.00206021 0.0022352 0.0024162 0.00260637 0.00282967 0.00307776 0.00334466 0.00366548 0.00405263 0.00449513 0.00502633 0.00570184 0.00653276 0.0075493 0.00880272 0.0103248 0.0121356 0.0142702 0.0166805 0.0192879 0.0220196 0.0247537 0.0272705 0.0293524 0.0307492 0.0312066 0.0305378 0.0285934 0.0252491 0.0205005 0.0144743 0.00736235 -0.000486277 -0.0086776 -0.0168152 -0.0244932 -0.0313042 -0.0369409 -0.0411449 -0.0437713 -0.0448499 -0.0444642 -0.0428127 -0.0401366 -0.0367029 -0.0327807 -0.0286531 -0.0245301 -0.0206007 -0.0170175 -0.0138158 -0.0110743 -0.00877442 -0.00688232 -0.00537986 -0.00420113 -0.00329371 -0.00261381 -0.00212297 -0.0017571 -0.00151819 -0.00135286 -0.00123516 -0.00117643 -0.00111878 -0.00109327 -0.00107403 -0.00105623 -0.00105799 -0.00104721 -0.00105311 -0.00104879 -0.00104678 -0.00105019 -0.00103699 -0.00104248 -0.00103396 -0.00103017 -0.00103721 -0.00102733 -0.00103604 -0.0010344 -0.00102971 -0.00103767 -0.00102733 -0.00103031 
0 8.82603e-06 6.47941e-06 1.70469e-05 1.70684e-05 1.52661e-05 2.36444e-05 2.12508e-05 2.594e-05 3.57192e-05 3.68483e-05 4.44884e-05 5.23062e-05 5.01035e-05 5.48168e-05 6.1783e-05 6.0113e-05 7.24854e-05 8.29255e-05 8.94754e-05 0.000121345 0.00014786 0.000194875 0.000284052 0.000393076 0.000577711 0.000844815 0.00121463 0.00174416 0.00245779 0.00341416 0.00465154 0.0062439 0.00822614 0.0106332 0.0135326 0.0168808 0.0206649 0.024816 0.0291773 0.0335612 0.0377609 0.0415067 0.0444875 0.0464888 0.0472175 0.0464683 0.0441408 0.0402042 0.0347641 0.0280232 0.0203196 0.0120102 0.00350978 -0.00481821 -0.0125459 -0.0193169 -0.024899 -0.0291106 -0.0319103 -0.0333457 -0.0335549 -0.0326646 -0.0309348 -0.0285793 -0.0258433 -0.0229504 -0.0200767 -0.0173286 -0.0148115 -0.012603 -0.0106796 -0.00906335 -0.00772033 -0.00661918 -0.00569087 -0.00495095 -0.00432592 -0.00380157 -0.00335144 -0.002974 -0.00261712 -0.00231049 -0.00204676 -0.00179468 -0.0015428 -0.00133043 -0.00114561 -0.000947181 -0.000756152 -0.000593415 -0.00044607 -0.000280303 -0.000129969 6.20858e-06 0.0001332 0.000276512 0.000402272 0.000524223 0.000639504 0.000770422 0.000884278 0.000998599 0.00111081 0.00124036 0.0013514 0.00146447 0.00158602 0.00172476 0.00184157 0.00196537 0.00211269 0.00227081 0.00240933 0.0025668 0.00276009 0.00295564 0.00315372 0.00338732 0.00366529 0.00395815 0.00431066 0.00472808 0.00523015 0.00582727 0.00659441 0.0075174 0.00865944 0.0100541 0.0117484 0.0137247 0.0160241 0.0185843 0.0213201 0.0241348 0.0268825 0.0293475 0.0312921 0.0324949 0.0326858 0.0317169 0.029429 0.0257405 0.0206448 0.0143026 0.00691046 -0.00120467 -0.00963617 -0.0179973 -0.0258695 -0.0328974 -0.0387243 -0.0431034 -0.0458853 -0.0470972 -0.0467994 -0.0451697 -0.0424966 -0.0390008 -0.0349739 -0.0306935 -0.0263973 -0.0222547 -0.0184436 -0.0150528 -0.012098 -0.0096244 -0.00758198 -0.00593827 -0.00464149 -0.0036447 -0.00289716 -0.00233386 -0.00194704 -0.00166542 -0.00146875 -0.00135276 -0.00126264 -0.00121097 -0.00118507 -0.00116045 -0.00114926 -0.00114533 -0.0011351 -0.00112979 -0.00113058 -0.00111944 -0.00112095 -0.00112368 -0.00111344 -0.00112352 -0.00111869 -0.00111175 -0.00112225 -0.00110793 -0.0011115 -0.00111562 -0.00110211 -0.00111587 -0.00110921 
0 5.69205e-07 1.22307e-05 8.57132e-06 1.65823e-05 2.31723e-05 2.14106e-05 3.14718e-05 3.25328e-05 3.49702e-05 4.18959e-05 4.40505e-05 4.89153e-05 5.50039e-05 6.1783e-05 6.45939e-05 7.43749e-05 8.00034e-05 8.6407e-05 0.000113377 0.000129257 0.000168898 0.000236512 0.000312142 0.000459195 0.000665012 0.000955174 0.00138895 0.0019736 0.00276336 0.00381322 0.00517838 0.00689418 0.00904109 0.0116548 0.0147253 0.0183007 0.0223007 0.0266358 0.0311738 0.0357109 0.0399993 0.0437609 0.0467652 0.0486954 0.0493274 0.0484758 0.0460176 0.0419261 0.0363301 0.0295002 0.0216735 0.0132368 0.00457775 -0.00388308 -0.011796 -0.0188199 -0.0246842 -0.0292229 -0.032351 -0.0341392 -0.0346366 -0.0340225 -0.0324768 -0.0302576 -0.0275597 -0.0246334 -0.0216519 -0.0187581 -0.0160779 -0.0136666 -0.0115551 -0.00973518 -0.00823812 -0.00697642 -0.00594012 -0.0050684 -0.00436385 -0.00375494 -0.0032617 -0.00281401 -0.00241729 -0.00206448 -0.00177731 -0.00148743 -0.00120722 -0.000966177 -0.000760456 -0.000542218 -0.000325716 -0.00014564 2.28827e-05 0.000197741 0.0003718 0.000517015 0.000665153 0.000811054 0.00095811 0.00108361 0.00121924 0.00134888 0.0014808 0.00159589 0.00172688 0.00185344 0.00197867 0.00209241 0.00223033 0.00236708 0.00249377 0.00262079 0.00278129 0.00294287 0.00308699 0.00325293 0.00345677 0.00366863 0.00387038 0.00412308 0.00441576 0.00475096 0.00511937 0.00558587 0.00613175 0.00682377 0.007661 0.00870418 0.00995809 0.0115184 0.013364 0.0155187 0.017957 0.0206508 0.023485 0.0263427 0.0290606 0.0314052 0.0331747 0.0341126 0.0340203 0.0326909 0.0300534 0.0260103 0.0206125 0.0139681 0.00633306 -0.00196038 -0.0105608 -0.0190855 -0.0271385 -0.0342851 -0.0402634 -0.0448072 -0.0477652 -0.0490915 -0.0489017 -0.047366 -0.0446895 -0.0411817 -0.0370939 -0.0326975 -0.0282213 -0.02391 -0.0198979 -0.0162812 -0.0131587 -0.0104954 -0.00829017 -0.0065118 -0.00510527 -0.00400811 -0.00318328 -0.00258193 -0.00212597 -0.00182248 -0.00160894 -0.00145341 -0.00137094 -0.00130669 -0.00126743 -0.00124982 -0.00123212 -0.00122057 -0.00121534 -0.00121233 -0.00120455 -0.00120854 -0.00120545 -0.00119878 -0.00120679 -0.00119569 -0.00119668 -0.00120105 -0.00118757 -0.00119812 -0.00119251 -0.00118663 -0.00119851 -0.00118499 -0.00119143 
0 4.64463e-06 3.73611e-06 1.2686e-05 1.49961e-05 2.0707e-05 2.94476e-05 3.13465e-05 3.947e-05 4.12371e-05 4.51215e-05 4.84441e-05 5.047e-05 5.91837e-05 6.0113e-05 7.43749e-05 7.96092e-05 8.86028e-05 0.000112769 0.00011652 0.000154126 0.000197374 0.000257403 0.000378802 0.00052777 0.000764071 0.00110194 0.00156904 0.00221996 0.00309911 0.0042561 0.00573342 0.00761583 0.00991253 0.0126964 0.0159892 0.0197562 0.0239675 0.0284886 0.0331795 0.0378044 0.0421526 0.0459488 0.0488995 0.0507586 0.0512799 0.0502927 0.0476824 0.0435077 0.0378394 0.0308973 0.0230074 0.0145336 0.0058365 -0.00273377 -0.0107783 -0.0179868 -0.0240818 -0.0289276 -0.0324123 -0.0345413 -0.0353732 -0.0350525 -0.0337619 -0.0317051 -0.0291102 -0.0261771 -0.0231263 -0.0201077 -0.0172722 -0.0146682 -0.0123552 -0.0103405 -0.00865296 -0.00723812 -0.0060583 -0.00506529 -0.00424372 -0.00356381 -0.00299312 -0.00248827 -0.0020298 -0.00164193 -0.00130586 -0.000987826 -0.000670823 -0.000403468 -0.000162787 7.19152e-05 0.000313868 0.000516682 0.000709728 0.000896394 0.00108908 0.001253 0.00141808 0.00157337 0.00173364 0.00187379 0.00202167 0.00215795 0.00229878 0.0024254 0.00256605 0.00269534 0.00282722 0.00295039 0.00309661 0.00323188 0.00336609 0.00350053 0.00366926 0.00382753 0.00398354 0.00415401 0.0043699 0.00458375 0.00480555 0.00506303 0.00538365 0.00574198 0.00615125 0.00664648 0.00726484 0.00803353 0.00896918 0.0101149 0.0115124 0.0132215 0.0152305 0.0175438 0.0201149 0.0229134 0.0258101 0.0286745 0.0312964 0.0334859 0.0350051 0.0356439 0.0352014 0.0335187 0.0304961 0.0260956 0.0203979 0.0135223 0.00571495 -0.00274984 -0.0114711 -0.0200741 -0.0281884 -0.0354804 -0.0415919 -0.0462508 -0.0493505 -0.0508302 -0.0507762 -0.0493315 -0.0467427 -0.0432342 -0.0390972 -0.0346126 -0.0300209 -0.0255471 -0.0213403 -0.0175549 -0.0142147 -0.0113752 -0.00902575 -0.00710365 -0.00558428 -0.00439775 -0.00349314 -0.0028093 -0.00232863 -0.00197598 -0.00173336 -0.00158574 -0.00146323 -0.0014027 -0.00135632 -0.00132063 -0.00131442 -0.00129843 -0.00129743 -0.00129451 -0.00129153 -0.00129012 -0.00128459 -0.00128538 -0.0012777 -0.00127906 -0.00127746 -0.00127298 -0.00127865 -0.00127261 -0.00127412 -0.00127582 -0.00126912 -0.00127425 -0.00127048 
0 8.73552e-06 1.05043e-05 2.02917e-05 2.02756e-05 2.27651e-05 2.80582e-05 2.6158e-05 3.61511e-05 3.9597e-05 4.8141e-05 5.94387e-05 6.13611e-05 7.41421e-05 7.24854e-05 8.00034e-05 8.86028e-05 9.24547e-05 0.000119925 0.000133279 0.00017757 0.000235149 0.000304856 0.000440801 0.000610321 0.0008799 0.0012653 0.00178975 0.00251848 0.00347733 0.00473359 0.00633725 0.00836263 0.0108364 0.013819 0.017309 0.0212695 0.0256719 0.0303495 0.0351734 0.039902 0.044278 0.0480468 0.0509271 0.0526776 0.0530715 0.0519641 0.0492354 0.0449491 0.0392133 0.0322638 0.0244024 0.0159299 0.00722205 -0.00135455 -0.00944596 -0.0167866 -0.023091 -0.028212 -0.0320297 -0.0345103 -0.0357002 -0.0357134 -0.0347065 -0.0328659 -0.0304142 -0.0275248 -0.0244345 -0.0213222 -0.0183416 -0.0155541 -0.0130421 -0.0108252 -0.00893614 -0.00734916 -0.00601641 -0.00488307 -0.00393935 -0.00316822 -0.00251327 -0.00193629 -0.00142051 -0.000982692 -0.000593845 -0.000237689 0.000109698 0.00041424 0.000692279 0.000950012 0.00121325 0.0014462 0.00166495 0.00186782 0.00207741 0.0022642 0.00244641 0.00261414 0.00278698 0.00294357 0.00310304 0.00324798 0.00339687 0.00353587 0.00368423 0.0038173 0.00395414 0.0040882 0.00423843 0.00437253 0.00451179 0.00465694 0.00482607 0.00498147 0.00514636 0.00532708 0.00554376 0.00576165 0.00600024 0.00627119 0.00660873 0.00699624 0.00744437 0.00798112 0.00866865 0.00952533 0.0105598 0.0118203 0.0133644 0.0152261 0.0173902 0.0198497 0.0225377 0.0254077 0.0283319 0.0311494 0.0336268 0.0355937 0.0368204 0.0371101 0.0362811 0.0342019 0.0307901 0.0260552 0.0200788 0.012982 0.00503604 -0.00349414 -0.0122702 -0.0209389 -0.0291 -0.0364356 -0.0426188 -0.0474086 -0.0506663 -0.0523 -0.0523926 -0.0510751 -0.0485717 -0.0451151 -0.0409966 -0.0364538 -0.0317553 -0.0271435 -0.0227666 -0.0188065 -0.0152992 -0.0122915 -0.00977817 -0.0077167 -0.00606946 -0.00478194 -0.00380269 -0.00305576 -0.0025279 -0.00213316 -0.0018601 -0.00168774 -0.00155335 -0.00149122 -0.00144183 -0.00141176 -0.00140209 -0.00138205 -0.00137979 -0.00136881 -0.00136543 -0.0013643 -0.00135971 -0.00136481 -0.00136001 -0.0013624 -0.00136091 -0.00135627 -0.00135861 -0.00135316 -0.00135365 -0.00135408 -0.00135055 -0.00135341 -0.00135178 
