0 0 0 0 0 0 0 0 0 0 0 0 0 0 0 0 0 0 0 0 0 0 0 0 0 0 0 0 0 0 0 0 0 0 0 0 0 0 0 0 0 0 0 0 0 0 0 0 0 0 0 0 0 0 0 0 0 0 0 0 0 0 0 0 0 0 0 0 0 0 0 0 0 0 0 0 0 0 0 0 0 0 0 0 0 0 0 0 0 0 0 0 0 0 0 0 0 0 0 0 0 0 0 0 0 0 0 0 0 0 0 0 0 0 0 0 0 0 0 0 0 0 0 0 0 0 0 0 0 0 0 0 0 0 0 0 0 0 0 0 0 0 0 0 0 0 0 0 0 0 0 0 0 0 0 0 0 0 0 0 0 0 0 0 0 0 0 0 0 0 0 0 0 0 0 0 0 0 0 0 0 0 0 0 0 0 0 0 0 0 0 0 0 0 0 0 0 0 0 0 
0 -3.007e-06 5.29324e-06 -2.26754e-06 1.60188e-06 3.64801e-06 -3.18472e-06 4.47277e-06 1.01012e-06 1.89605e-08 7.12035e-06 1.48002e-06 6.39041e-06 1.16078e-05 1.13169e-05 2.68951e-05 4.08004e-05 6.17264e-05 0.000100774 0.000144437 0.00020785 0.000297093 0.000406899 0.000551693 0.000739382 0.000958878 0.00122729 0.00154045 0.00188154 0.0022631 0.00265277 0.00303374 0.00337588 0.00364462 0.00380527 0.00382153 0.0037019 0.00340165 0.00294988 0.00236055 0.00163069 0.000827096 -3.07506e-06 -0.000804201 -0.00152553 -0.00209295 -0.00253125 -0.00281197 -0.00292261 -0.00289971 -0.00274485 -0.0025066 -0.0022118 -0.00192754 -0.0016439 -0.00137786 -0.00112235 -0.000924644 -0.000782476 -0.000651891 -0.000548394 -0.000460124 -0.000400874 -0.00034437 -0.000315259 -0.000265208 -0.000231594 -0.000201578 -0.000181404 -0.000154593 -0.000132121 -0.00010635 -8.4726e-05 -7.90035e-05 -5.37813e-05 -3.31057e-05 -1.59355e-05 -1.54336e-05 1.19225e-05 2.15283e-05 3.88322e-05 4.18636e-05 6.16492e-05 6.64456e-05 8.72451e-05 8.79841e-05 9.95187e-05 0.000108402 0.000127058 0.000122368 0.000132703 0.000146078 0.000156148 0.000149622 0.000163567 0.000175749 0.000176604 0.000173535 0.000190518 0.000196175 0.000192073 0.00019514 0.000211546 0.00020864 0.000205617 0.000213766 0.000225645 0.000216067 0.00021922 0.000227709 0.000233636 0.000222674 0.000232695 0.000235425 0.00023959 0.000231914 0.000243157 0.00023923 0.000249468 0.000243161 0.000249512 0.000247233 0.000264827 0.000254716 0.000259194 0.000266128 0.000281897 0.000274564 0.000283585 0.000295057 0.000306507 0.00031886 0.000327986 0.000343291 0.000363577 0.000398549 0.000414227 0.000457572 0.000501511 0.000567903 0.000647051 0.000765833 0.000889651 0.0010556 0.00127506 0.00152889 0.00180474 0.00207379 0.0023553 0.00260362 0.0027862 0.00284148 0.00278034 0.00254892 0.00215575 0.00163407 0.00096631 0.000198484 -0.00061623 -0.00141516 -0.00216634 -0.00278541 -0.00326915 -0.00360475 -0.00376888 -0.00379098 -0.00366996 -0.00344107 -0.00311998 -0.00275633 -0.00237559 -0.00199479 -0.00165404 -0.00134249 -0.00107132 -0.000846689 -0.000656765 -0.00049995 -0.000382865 -0.000289361 -0.000216475 -0.000174381 -0.000133825 -0.000109643 -9.93141e-05 -7.9447e-05 -7.90088e-05 -7.56045e-05 -6.73457e-05 -7.65264e-05 -6.96106e-05 -6.95565e-05 -7.51808e-05 -6.39344e-05 -7.07992e-05 -6.79185e-05 -6.27316e-05 -7.34692e-05 -6.51473e-05 -6.93168e-05 
0 5.29324e-06 -8.09116e-06 7.23998e-06 -1.97804e-06 -1.17544e-06 9.36269e-06 -4.17378e-06 8.53058e-06 4.05172e-06 2.40193e-06 1.39003e-05 9.33133e-06 2.51469e-05 3.30676e-05 5.38296e-05 8.16529e-05 0.000121932 0.000194258 0.000275171 0.000422686 0.000591735 0.000821871 0.00113339 0.00147447 0.00193594 0.00245863 0.00306247 0.00377277 0.00451762 0.00530027 0.00606267 0.00673948 0.00725449 0.00758361 0.00762983 0.00736906 0.00681308 0.00589828 0.00470653 0.00326458 0.0016644 1.00437e-05 -0.00157888 -0.0029887 -0.00417053 -0.00504115 -0.00559174 -0.00582075 -0.00577681 -0.00546371 -0.00499413 -0.00445538 -0.00385215 -0.0032638 -0.00273364 -0.00226884 -0.00185475 -0.00153697 -0.00128197 -0.00108533 -0.000917103 -0.000770437 -0.000671439 -0.000600205 -0.000518919 -0.000433892 -0.000384844 -0.000334844 -0.00029022 -0.000239855 -0.000190347 -0.000149778 -0.000130994 -8.9121e-05 -3.94233e-05 -1.60946e-05 1.29614e-06 3.91315e-05 7.45039e-05 9.38639e-05 0.000117705 0.000140598 0.000167572 0.000193066 0.000211047 0.000221375 0.000252306 0.000276327 0.00028137 0.000292367 0.000327162 0.000338843 0.000337206 0.000356687 0.000386173 0.000383566 0.000385407 0.000411192 0.000427445 0.000416588 0.000427963 0.000452376 0.000453388 0.000443294 0.000463925 0.000478724 0.000469281 0.000467443 0.000490611 0.000492165 0.000482669 0.000489419 0.000505657 0.000500672 0.000499785 0.00050558 0.000513292 0.000516201 0.00051987 0.000516151 0.000527638 0.000544041 0.000540473 0.000536581 0.000560722 0.000580776 0.000576495 0.000588952 0.000612713 0.000638384 0.000659499 0.000684159 0.000703145 0.000759513 0.000818468 0.000864045 0.000923012 0.00103236 0.00117057 0.00133439 0.00153341 0.00179017 0.00216001 0.00258948 0.00306254 0.00359275 0.00417814 0.00472078 0.00520376 0.0055531 0.00566829 0.00551844 0.00506826 0.0043157 0.00323918 0.00190964 0.000381754 -0.00123144 -0.00283484 -0.00429625 -0.0055357 -0.00652995 -0.00717578 -0.00752483 -0.00756668 -0.00731835 -0.00685515 -0.00623676 -0.0055106 -0.0047455 -0.0040182 -0.00330008 -0.00268468 -0.00214654 -0.00167189 -0.00131554 -0.00100024 -0.000766605 -0.000585516 -0.000442134 -0.000345862 -0.000268202 -0.000227515 -0.000186832 -0.000173935 -0.000160683 -0.000144341 -0.000152362 -0.000133344 -0.000138778 -0.000139901 -0.000128675 -0.000145999 -0.000135283 -0.000139678 -0.000146484 -0.0001312 -0.000144505 -0.000136273 
0 -2.26754e-06 7.23998e-06 -1.41273e-06 3.37895e-06 6.18222e-06 -1.73386e-06 7.45427e-06 4.7728e-06 3.77035e-06 1.45244e-05 1.04074e-05 1.93437e-05 3.40303e-05 4.31721e-05 8.08277e-05 0.000125869 0.000191461 0.000301738 0.000438129 0.000633702 0.00089949 0.00123695 0.00167741 0.0022304 0.00289661 0.00369563 0.00462252 0.00565276 0.0067797 0.00793941 0.00906837 0.0100761 0.0108639 0.0113347 0.0113917 0.0110202 0.0101459 0.0088039 0.00704343 0.00489521 0.00251781 6.24529e-05 -0.00230702 -0.00443259 -0.00615082 -0.00745712 -0.00829592 -0.00864953 -0.00859054 -0.0081524 -0.00746136 -0.00661771 -0.00575763 -0.00490685 -0.00410855 -0.00336693 -0.00276481 -0.00230763 -0.00191608 -0.00160016 -0.00133596 -0.00113858 -0.00097379 -0.000863717 -0.000725844 -0.000615334 -0.000524314 -0.00045302 -0.000374681 -0.000301294 -0.000223949 -0.000160331 -0.000126098 -5.74673e-05 7.48123e-06 5.65745e-05 7.89874e-05 0.000145226 0.000186456 0.000232307 0.000257035 0.000305205 0.000334258 0.000384577 0.000401645 0.000432253 0.000465878 0.000510282 0.000513535 0.000540935 0.000579854 0.000605916 0.000602703 0.000636259 0.000669636 0.000676009 0.00067728 0.000715538 0.000733369 0.000728261 0.00073995 0.000775364 0.000774263 0.00076943 0.000790137 0.000814565 0.000798992 0.000804381 0.000825484 0.000835964 0.000817051 0.000834121 0.000844368 0.000849241 0.000836829 0.000855066 0.000853147 0.000868493 0.000859504 0.000868007 0.000870044 0.000900529 0.000885285 0.000891431 0.000912017 0.000943623 0.000934833 0.00095388 0.000984676 0.00101679 0.00104899 0.00107794 0.0011201 0.00118336 0.00127275 0.00133573 0.0014501 0.00159169 0.00178964 0.00203483 0.00236965 0.0027562 0.00326646 0.00391401 0.0046564 0.00546313 0.00627911 0.00709567 0.00781096 0.00831933 0.00847538 0.00825554 0.00755912 0.00639301 0.00481341 0.00282705 0.000550586 -0.00185943 -0.00423367 -0.00643778 -0.0082845 -0.009729 -0.0107191 -0.0112214 -0.011286 -0.010934 -0.0102534 -0.00931677 -0.00823992 -0.00710857 -0.00599044 -0.00496108 -0.00403292 -0.00322363 -0.00254303 -0.00197746 -0.0015119 -0.0011561 -0.000876144 -0.000662651 -0.000522819 -0.00040744 -0.00033513 -0.000292418 -0.000248356 -0.000236646 -0.000224451 -0.000210855 -0.000219963 -0.000210247 -0.000209526 -0.000215793 -0.000201039 -0.00020892 -0.000205273 -0.000198488 -0.000210703 -0.000199454 -0.000207843 
0 1.60188e-06 -1.97804e-06 3.37895e-06 1.77069e-06 3.07252e-06 6.70792e-06 4.10077e-06 9.40597e-06 8.92613e-06 1.26367e-05 2.01434e-05 2.68272e-05 4.66597e-05 6.82145e-05 0.000110586 0.00017029 0.000259715 0.000399397 0.000583951 0.000856716 0.00120992 0.00167198 0.00227005 0.0029922 0.00388833 0.00494295 0.00616209 0.00754345 0.00902875 0.0105641 0.0120538 0.0133763 0.0143999 0.0150185 0.0151043 0.0145987 0.0134677 0.0116927 0.00935316 0.00653169 0.00340254 0.000168706 -0.00294797 -0.0057379 -0.00805031 -0.00978679 -0.0109012 -0.0113917 -0.0113264 -0.010768 -0.00987744 -0.00880337 -0.00764624 -0.00650246 -0.00543922 -0.00448552 -0.00367045 -0.00302233 -0.00249573 -0.00207364 -0.00172191 -0.00143516 -0.00121713 -0.00104908 -0.000878176 -0.000719255 -0.000597571 -0.000490923 -0.000389414 -0.000284779 -0.000182692 -9.76061e-05 -3.63112e-05 4.92243e-05 0.000138626 0.000202237 0.000252298 0.000326184 0.000393735 0.000448744 0.000497932 0.000551709 0.000605476 0.000660549 0.000699261 0.000735903 0.00078869 0.00083639 0.000858902 0.000891331 0.000943524 0.000973702 0.000986354 0.00102248 0.00106532 0.00107658 0.00108937 0.00112752 0.00115322 0.00115217 0.00117112 0.00120423 0.00121085 0.0012072 0.00123215 0.00125276 0.00124522 0.00124722 0.00127186 0.0012773 0.00126614 0.0012751 0.001291 0.00128868 0.00128305 0.001291 0.00129777 0.00130254 0.00130049 0.00130028 0.00131129 0.0013303 0.00132402 0.00132478 0.00135163 0.0013789 0.00137891 0.00139756 0.00143393 0.00147563 0.00151324 0.00155408 0.00160481 0.00169419 0.00179871 0.00189631 0.00203141 0.00223337 0.00250029 0.00283032 0.00324968 0.00378145 0.00448421 0.00533151 0.00629007 0.00734129 0.00844362 0.00950046 0.0104161 0.0110495 0.0112395 0.0109077 0.00997993 0.0084441 0.00631946 0.00368831 0.0006846 -0.00248947 -0.00562388 -0.00850494 -0.0109535 -0.0128779 -0.0141794 -0.0148625 -0.0149481 -0.0144862 -0.0135892 -0.0123713 -0.0109545 -0.00946133 -0.00799875 -0.00661457 -0.00538192 -0.00430584 -0.00338686 -0.00264261 -0.00202669 -0.00154964 -0.00118007 -0.000897473 -0.000698319 -0.000549296 -0.0004534 -0.000385615 -0.000343558 -0.000318197 -0.000298128 -0.000291228 -0.000280818 -0.000278309 -0.000276979 -0.000273548 -0.000277798 -0.00027537 -0.000276773 -0.000279523 -0.000276578 -0.00027771 -0.000274614 
0 3.64801e-06 -1.17544e-06 6.18222e-06 3.07252e-06 2.94397e-06 8.99626e-06 4.59111e-06 1.07887e-05 1.31435e-05 1.49893e-05 2.6714e-05 3.56974e-05 5.72693e-05 9.05827e-05 0.000141121 0.000220767 0.000339052 0.000511794 0.000751862 0.00108966 0.00153262 0.00211339 0.00285752 0.00376733 0.00488684 0.00620591 0.00772581 0.0094398 0.0112778 0.0131733 0.0150068 0.0166326 0.0178915 0.018641 0.0187452 0.0181092 0.0167083 0.014524 0.0116365 0.0081739 0.00432739 0.000350932 -0.00348697 -0.00692725 -0.00979662 -0.0119544 -0.013353 -0.0139961 -0.0139408 -0.0132935 -0.0122207 -0.0109121 -0.00948977 -0.0080801 -0.00675167 -0.00556228 -0.00454041 -0.00370904 -0.00303999 -0.00249198 -0.00204247 -0.00167275 -0.00139127 -0.00115497 -0.000941018 -0.000737981 -0.000574987 -0.000429698 -0.000295581 -0.000158056 -2.77289e-05 8.26543e-05 0.000179959 0.000285565 0.000397352 0.000483486 0.000565007 0.000650405 0.000741935 0.000814006 0.000886554 0.000952672 0.00102835 0.00109276 0.00115204 0.00120283 0.00126944 0.00132357 0.00136681 0.00140998 0.00146832 0.00150718 0.00153816 0.00157834 0.00162432 0.00164711 0.0016721 0.00170842 0.00173834 0.00174883 0.00177219 0.00180051 0.00181416 0.0018181 0.00184071 0.00185686 0.00185822 0.00186056 0.00188003 0.00188307 0.00187924 0.00188129 0.00189456 0.00188958 0.00188677 0.00188564 0.00189429 0.00189091 0.00188979 0.00188427 0.00189668 0.00190224 0.00190146 0.00189955 0.00192335 0.00194176 0.00195031 0.00196585 0.00200233 0.00204637 0.0020877 0.00213552 0.00219838 0.00230027 0.00241556 0.00254845 0.00271549 0.0029651 0.00329214 0.00371227 0.0042366 0.00491422 0.00578271 0.00682867 0.00801952 0.00931329 0.0106597 0.0119386 0.0130343 0.0137678 0.013972 0.0135154 0.0123343 0.0104072 0.00775643 0.0044976 0.000790543 -0.00312366 -0.00698955 -0.010536 -0.0135667 -0.0159382 -0.0175507 -0.0184042 -0.0185153 -0.0179624 -0.0168647 -0.015372 -0.0136289 -0.0117876 -0.00997852 -0.00826761 -0.00673696 -0.00539924 -0.00425724 -0.00332055 -0.00255453 -0.00195117 -0.00148579 -0.00113509 -0.000877807 -0.000695438 -0.000571429 -0.000482852 -0.000432346 -0.000395442 -0.000372188 -0.00036502 -0.00035109 -0.00035126 -0.000349396 -0.000343248 -0.000349868 -0.000343797 -0.000343415 -0.000345687 -0.000339485 -0.000345952 -0.000343902 
0 -3.18472e-06 9.36269e-06 -1.73386e-06 6.70792e-06 8.99626e-06 2.15424e-06 1.48342e-05 8.72895e-06 1.55421e-05 2.52045e-05 2.82299e-05 4.99691e-05 7.10837e-05 0.00011348 0.000176051 0.000276414 0.00042291 0.000630386 0.000937135 0.0013287 0.00187696 0.0025779 0.00345425 0.00457723 0.00589912 0.00748564 0.00931459 0.0113345 0.0135268 0.0157646 0.0179224 0.0198303 0.0213209 0.0221826 0.0222951 0.0215528 0.019868 0.0173046 0.0139026 0.00982902 0.00530727 0.000636435 -0.00388177 -0.00796489 -0.0113489 -0.0139301 -0.0156222 -0.0164277 -0.0163983 -0.0156967 -0.0144761 -0.0129275 -0.0112729 -0.00961112 -0.00802513 -0.00657684 -0.00535449 -0.00433966 -0.00351224 -0.00282294 -0.00226208 -0.00181746 -0.00145137 -0.00114532 -0.000871614 -0.000634252 -0.000414314 -0.000232061 -5.29682e-05 0.000115884 0.000278564 0.000419094 0.000557121 0.000689566 0.000818675 0.000939713 0.0010493 0.00115859 0.00126538 0.00136915 0.00145733 0.00155103 0.00163891 0.00172538 0.00179813 0.00187758 0.00194804 0.002019 0.00207863 0.0021433 0.00219854 0.00225522 0.00230191 0.00235238 0.00239398 0.00243686 0.00247104 0.00250847 0.00253706 0.0025671 0.00258963 0.00261509 0.00263141 0.00265023 0.00266204 0.002677 0.00268248 0.00269172 0.00269434 0.00270123 0.00269746 0.00269899 0.00269573 0.00269714 0.00268597 0.00268335 0.00267885 0.00267669 0.00266292 0.00266121 0.00265966 0.00265817 0.00265153 0.00265435 0.00266188 0.00267234 0.0026844 0.00269706 0.00272862 0.00276772 0.00281401 0.00286089 0.00294391 0.00304224 0.00317227 0.0033305 0.00354801 0.00383101 0.00421681 0.00472232 0.00537137 0.00619458 0.00720616 0.00844848 0.00987081 0.0114009 0.0129408 0.0144304 0.0156728 0.0164712 0.0166533 0.0160633 0.0146111 0.0122707 0.00912333 0.00524682 0.000865429 -0.00375708 -0.00830573 -0.0125015 -0.0160878 -0.0188726 -0.0208108 -0.0218207 -0.0219657 -0.0213388 -0.0200607 -0.0183035 -0.0162591 -0.0140956 -0.0119321 -0.00992869 -0.00809475 -0.00649201 -0.00514637 -0.00399934 -0.00309114 -0.00236227 -0.00179653 -0.00137785 -0.00106475 -0.000845975 -0.000687438 -0.000590367 -0.000515434 -0.0004747 -0.000453876 -0.000427618 -0.000432377 -0.000419573 -0.000415475 -0.00042261 -0.000405933 -0.000417248 -0.000413593 -0.00040635 -0.000420005 -0.000406858 -0.000413983 
0 4.47277e-06 -4.17378e-06 7.45427e-06 4.10077e-06 4.59111e-06 1.48342e-05 8.64208e-06 1.7006e-05 2.33893e-05 2.38382e-05 4.27743e-05 6.06039e-05 8.93868e-05 0.000147147 0.000219937 0.000336676 0.000515625 0.000758618 0.00111357 0.00159786 0.00223165 0.0030649 0.00411163 0.00539638 0.00695843 0.00879355 0.0108983 0.0132531 0.0157685 0.0183381 0.0208055 0.0229813 0.0246512 0.0256324 0.0257626 0.0248829 0.0229852 0.0200441 0.0161434 0.011508 0.00636527 0.00104067 -0.00410692 -0.00875585 -0.0126941 -0.0156838 -0.0176607 -0.0186399 -0.0186685 -0.0179208 -0.0165791 -0.0148808 -0.0129716 -0.0110373 -0.00919436 -0.00755235 -0.00610098 -0.00485974 -0.0038628 -0.00304082 -0.00237021 -0.00180793 -0.00136287 -0.000966717 -0.000649319 -0.000346193 -8.24989e-05 0.000157986 0.000373832 0.000588183 0.000781078 0.000958704 0.00114419 0.00130149 0.00146093 0.00160815 0.00176496 0.00188583 0.00202947 0.00214781 0.00227656 0.00238124 0.00250435 0.00259481 0.0027052 0.00279694 0.0028917 0.00296411 0.00305999 0.00313231 0.00320089 0.00326322 0.00334071 0.00339024 0.00344022 0.00349309 0.003548 0.00357666 0.00361432 0.00365417 0.00368576 0.00369787 0.00372678 0.00374923 0.00376039 0.00376109 0.00378211 0.00378379 0.0037815 0.00377516 0.00378598 0.00376811 0.00376276 0.00374931 0.00374776 0.00372039 0.00371904 0.00369473 0.00368719 0.00366466 0.00366453 0.00363474 0.00363627 0.00362498 0.00362453 0.00361392 0.00363231 0.00363697 0.00365674 0.00369305 0.00373338 0.00378836 0.00386708 0.00398224 0.00411102 0.00430736 0.00454046 0.00488481 0.00533694 0.00592864 0.00666116 0.00763818 0.00884442 0.0102539 0.0118539 0.0135839 0.015361 0.0169989 0.0183399 0.0191634 0.0192944 0.0185223 0.0167999 0.0140854 0.0103976 0.00593417 0.000914092 -0.00436995 -0.00957503 -0.0143468 -0.018466 -0.021691 -0.0239035 -0.0251004 -0.025284 -0.0245803 -0.0231412 -0.0211632 -0.0188363 -0.0163605 -0.0139021 -0.0115643 -0.00945053 -0.00759744 -0.00600998 -0.00469684 -0.0036329 -0.00277849 -0.00212378 -0.00162812 -0.00125267 -0.000997316 -0.000813761 -0.000685493 -0.000615735 -0.000557382 -0.000524229 -0.000512401 -0.000487346 -0.000488324 -0.000485987 -0.000475523 -0.0004898 -0.000479146 -0.000483187 -0.00049151 -0.000476136 -0.000489547 -0.000480182 
0 1.01012e-06 8.53058e-06 4.7728e-06 9.40597e-06 1.07887e-05 8.72895e-06 1.7006e-05 1.71754e-05 2.61355e-05 3.66438e-05 5.03129e-05 7.78513e-05 0.000112088 0.000177594 0.000266874 0.000412263 0.000622451 0.000912254 0.00133644 0.0018802 0.00262202 0.00357492 0.00476053 0.00625903 0.00803188 0.0101341 0.0125409 0.0151871 0.0180243 0.0209009 0.0236511 0.0260677 0.0279354 0.0290057 0.0291261 0.0281452 0.0259891 0.0227127 0.0183805 0.0132284 0.00751585 0.00160687 -0.00412651 -0.00934508 -0.0137397 -0.0171259 -0.0194042 -0.0205741 -0.0206829 -0.0199415 -0.0185131 -0.0166244 -0.0145273 -0.0123764 -0.0102929 -0.00838085 -0.00671515 -0.0052828 -0.00410158 -0.00310703 -0.00229869 -0.00164276 -0.00108948 -0.000605234 -0.000204559 0.000146368 0.000479123 0.000771618 0.00104988 0.00130458 0.00154063 0.00176213 0.00199738 0.00219332 0.00237977 0.00257104 0.00276208 0.00292104 0.00308458 0.00324233 0.00339298 0.0035366 0.00367339 0.00379486 0.00392292 0.00405064 0.00415126 0.00424889 0.00436189 0.0044613 0.00452974 0.00461524 0.00470694 0.00477223 0.00481992 0.00489469 0.00495677 0.00499175 0.00502762 0.00508637 0.00511543 0.00512855 0.00515645 0.00519233 0.00519092 0.00519182 0.00521061 0.00521835 0.00519581 0.00519174 0.00519538 0.00517675 0.00514766 0.00513741 0.00512107 0.00509003 0.00506432 0.00503907 0.00501198 0.00498676 0.00496099 0.00492236 0.00490768 0.00489264 0.00486646 0.00484081 0.00485103 0.00484646 0.00485066 0.00486815 0.00490665 0.00495416 0.00504171 0.00514046 0.00528004 0.00549639 0.00578201 0.00615195 0.00665707 0.00734041 0.00821132 0.00932248 0.0106545 0.0122473 0.0140569 0.015981 0.0178875 0.0196615 0.0210701 0.0218819 0.0219176 0.0209601 0.0189236 0.0157812 0.0116209 0.00658795 0.000960822 -0.00494695 -0.0107561 -0.0161095 -0.0207176 -0.0243177 -0.0268328 -0.0281835 -0.0284238 -0.0276816 -0.0261055 -0.0239113 -0.0213294 -0.0185706 -0.0157983 -0.0131957 -0.0108037 -0.00870121 -0.00691551 -0.00539674 -0.00418424 -0.00320491 -0.00244494 -0.00187931 -0.00144933 -0.00115098 -0.000934288 -0.000791323 -0.000694449 -0.000633042 -0.000599888 -0.000574205 -0.000569124 -0.000559201 -0.000555565 -0.000557423 -0.000549337 -0.000551156 -0.000547255 -0.000544238 -0.000549085 -0.00054682 -0.000551395 
0 1.89605e-08 4.05172e-06 3.77035e-06 8.92613e-06 1.31435e-05 1.55421e-05 2.33893e-05 2.61355e-05 3.53371e-05 4.79967e-05 6.5661e-05 9.87599e-05 0.000143766 0.000220868 0.000330314 0.000497226 0.000740795 0.00107826 0.00156093 0.00219569 0.00304329 0.00413221 0.00548574 0.00716864 0.00916719 0.0115179 0.0141999 0.0171466 0.0202873 0.0234568 0.026472 0.0291082 0.0311261 0.0322845 0.0324002 0.0313156 0.0289578 0.0253662 0.0206312 0.0150089 0.0087929 0.00235775 -0.00389403 -0.00961126 -0.0144716 -0.018249 -0.0208222 -0.0221854 -0.0224052 -0.0216827 -0.0202086 -0.0182061 -0.0159189 -0.0135299 -0.0112109 -0.00907923 -0.00718177 -0.00551998 -0.00412963 -0.00297053 -0.00201871 -0.00123451 -0.000562281 1.89617e-05 0.000501444 0.000922762 0.00132106 0.00168022 0.00201738 0.00232388 0.00260465 0.00287921 0.00316249 0.00340375 0.00362635 0.00386081 0.00409225 0.00429159 0.00448604 0.00467854 0.00486373 0.00504207 0.00520483 0.00535379 0.00551161 0.00566732 0.00578844 0.00590768 0.00604575 0.00616534 0.00624888 0.0063513 0.00646236 0.00653966 0.00659787 0.00668511 0.00675951 0.00679906 0.0068417 0.00690786 0.0069414 0.00695316 0.00698436 0.00702171 0.00701709 0.00701236 0.0070306 0.00703343 0.007001 0.00698828 0.0069868 0.00695749 0.00691317 0.00689179 0.00686545 0.00681971 0.0067745 0.00673571 0.00669449 0.00665296 0.00660441 0.00654999 0.00651875 0.00648852 0.00643819 0.00639494 0.0063889 0.00637314 0.00635595 0.00635699 0.0063841 0.00642754 0.00650728 0.00660363 0.00674971 0.00698272 0.00730152 0.00771933 0.00829056 0.0090518 0.0100326 0.0112836 0.0127799 0.0145227 0.0164803 0.0185615 0.0206102 0.0224625 0.0238761 0.0246267 0.0245158 0.0233344 0.0209844 0.017439 0.0127846 0.00720965 0.00101708 -0.00546097 -0.0118208 -0.0176901 -0.0227568 -0.0267444 -0.0295348 -0.0310592 -0.0313661 -0.0305887 -0.0289062 -0.0265409 -0.0237387 -0.0207245 -0.0176824 -0.0147958 -0.0121385 -0.00979361 -0.0077885 -0.00609643 -0.00473123 -0.00363148 -0.00277667 -0.00213035 -0.00164424 -0.00130115 -0.00105579 -0.000893208 -0.000784353 -0.000714786 -0.00067328 -0.000643988 -0.00063167 -0.000620946 -0.000615961 -0.000615655 -0.00061488 -0.000618889 -0.000620393 -0.0006216 -0.000622461 -0.000620362 -0.000618565 
0 7.12035e-06 2.40193e-06 1.45244e-05 1.26367e-05 1.49893e-05 2.52045e-05 2.38382e-05 3.66438e-05 4.79967e-05 6.20621e-05 9.00517e-05 0.000126513 0.00018485 0.000274303 0.000409516 0.000601787 0.000887686 0.00128359 0.00182122 0.002559 0.00350362 0.0047257 0.00625923 0.00811708 0.0103616 0.0129647 0.0159164 0.0191629 0.0225818 0.0260231 0.0292777 0.0321175 0.0342622 0.0354992 0.0356026 0.0344028 0.0318677 0.027987 0.0229071 0.0168787 0.0102308 0.00333454 -0.00338205 -0.00953349 -0.0148225 -0.0189576 -0.0218234 -0.023395 -0.0237642 -0.0230904 -0.0215946 -0.0195176 -0.0170681 -0.014478 -0.0119309 -0.00957944 -0.00743745 -0.00554924 -0.00393844 -0.00259573 -0.00148149 -0.000547806 0.000249052 0.00094417 0.00151993 0.00203259 0.00249728 0.00293891 0.00333887 0.00371002 0.00404284 0.00437988 0.00471237 0.00500745 0.00527756 0.00555566 0.00583313 0.0060764 0.00631165 0.00653667 0.00676574 0.00697548 0.00717389 0.00734946 0.0075443 0.00772112 0.00787458 0.008014 0.00818005 0.0083146 0.00842588 0.00854058 0.00867183 0.00875968 0.0088388 0.00893049 0.00901905 0.00906425 0.00911991 0.00918356 0.00922631 0.00923764 0.00927407 0.00930303 0.00930317 0.0092907 0.00930741 0.00929734 0.00926463 0.00923623 0.00922872 0.00918282 0.00913125 0.00908797 0.00905348 0.00898648 0.00892588 0.00886371 0.00881124 0.00874309 0.00867352 0.00859767 0.00854755 0.00849075 0.00841692 0.00835234 0.00832031 0.00828768 0.00824312 0.00822424 0.00822924 0.0082688 0.0083251 0.00841995 0.00856555 0.0088185 0.00915957 0.00962666 0.0102596 0.0111067 0.0122006 0.0135769 0.0152269 0.0171061 0.0192019 0.0214033 0.0235571 0.0254246 0.0268003 0.0274502 0.0271513 0.0257075 0.0230151 0.0190652 0.0139232 0.00784996 0.00112985 -0.00587258 -0.0127466 -0.0190908 -0.0245773 -0.0289334 -0.0319715 -0.0336797 -0.034069 -0.0332817 -0.0315233 -0.0290172 -0.02602 -0.0227707 -0.0194968 -0.0163389 -0.0134464 -0.0108789 -0.00865167 -0.00680133 -0.00527292 -0.00405174 -0.00310433 -0.00237408 -0.00183539 -0.00144612 -0.00117257 -0.000982409 -0.000864161 -0.000782863 -0.000732495 -0.000712287 -0.000687118 -0.000688014 -0.000686574 -0.000676575 -0.000689487 -0.000678411 -0.00068115 -0.000688567 -0.000676283 -0.000691528 -0.000686755 
0 1.48002e-06 1.39003e-05 1.04074e-05 2.01434e-05 2.6714e-05 2.82299e-05 4.27743e-05 5.03129e-05 6.5661e-05 9.00517e-05 0.000120114 0.000168121 0.000242011 0.000347287 0.000503445 0.000739179 0.00106051 0.00151835 0.00214277 0.00295568 0.0040345 0.00539398 0.00708456 0.00916422 0.0116221 0.0144837 0.0177166 0.0212319 0.0249223 0.0286172 0.0320899 0.03509 0.0373759 0.0386594 0.0387352 0.037467 0.0347376 0.0306177 0.0252536 0.0188816 0.0118571 0.00458973 -0.00252198 -0.00908975 -0.0147226 -0.0192 -0.0223581 -0.0241559 -0.0246795 -0.0241049 -0.0226359 -0.0204738 -0.0179104 -0.0151591 -0.0124147 -0.00979336 -0.00741868 -0.0053123 -0.00347281 -0.0019128 -0.000610802 0.000469419 0.00141628 0.0022251 0.00292873 0.00352232 0.00407978 0.00459477 0.00507955 0.00550889 0.00591274 0.00631089 0.00669641 0.00705298 0.00737495 0.00770651 0.0080219 0.00832712 0.00859384 0.00887143 0.0091298 0.00939099 0.00961061 0.00983785 0.0100509 0.0102676 0.0104408 0.0106234 0.010797 0.0109647 0.011094 0.011238 0.0113704 0.0114872 0.0115779 0.0116854 0.0117723 0.0118414 0.0118986 0.0119681 0.0120073 0.0120359 0.0120618 0.0120913 0.0120849 0.0120813 0.012076 0.0120655 0.0120201 0.0119911 0.0119536 0.0119083 0.0118331 0.0117823 0.0117151 0.0116457 0.0115494 0.0114784 0.0113923 0.0113116 0.0112025 0.0111178 0.0110307 0.010951 0.0108456 0.0107623 0.0106953 0.0106376 0.0105713 0.0105186 0.0105081 0.0105255 0.0105742 0.0106439 0.0108043 0.0110604 0.0114478 0.0119452 0.0126365 0.0135734 0.0148023 0.0162891 0.0180396 0.0200655 0.0222869 0.0245745 0.0267374 0.0286003 0.0298861 0.0303727 0.029839 0.0281112 0.0250496 0.0206628 0.015098 0.00853921 0.00133144 -0.00613903 -0.0134681 -0.0202631 -0.0261272 -0.0307991 -0.0341211 -0.0359878 -0.0364819 -0.0357291 -0.0339163 -0.0313031 -0.0281529 -0.0247114 -0.0212048 -0.0178356 -0.0147058 -0.0119137 -0.00950846 -0.00746462 -0.00579686 -0.00446075 -0.0034053 -0.00260905 -0.00201254 -0.0015768 -0.00127345 -0.00106693 -0.00092521 -0.000842492 -0.000793459 -0.000758114 -0.000752321 -0.000739282 -0.00073649 -0.00074604 -0.000734485 -0.00074721 -0.000746966 -0.00074185 -0.000758302 -0.0007467 -0.000756075 
0 6.39041e-06 9.33133e-06 1.93437e-05 2.68272e-05 3.56974e-05 4.99691e-05 6.06039e-05 7.78513e-05 9.87599e-05 0.000126513 0.000168121 0.000229242 0.000318726 0.000446192 0.000641371 0.000903804 0.00128304 0.00180778 0.00249517 0.00343749 0.00462691 0.00614199 0.00803567 0.0102926 0.0130013 0.0161082 0.0195916 0.0233884 0.0273332 0.0312619 0.0349321 0.038094 0.0404531 0.0417891 0.0418519 0.0404852 0.037639 0.0333125 0.0277004 0.0210429 0.0137352 0.00614993 -0.00128325 -0.00814978 -0.0141365 -0.0189298 -0.0223624 -0.0243814 -0.0251031 -0.0246291 -0.0232103 -0.0210683 -0.018403 -0.0154794 -0.0125271 -0.00972086 -0.00709932 -0.00473555 -0.00264099 -0.000879995 0.000614387 0.00188994 0.00299041 0.0039355 0.00475163 0.00546751 0.00610674 0.00672162 0.00727341 0.00778632 0.00825707 0.00872843 0.00916314 0.00958675 0.00997071 0.010351 0.010717 0.0110722 0.0113919 0.0117067 0.0120166 0.0123069 0.0125754 0.0128344 0.0130895 0.0133215 0.0135432 0.0137481 0.0139505 0.0141295 0.0143032 0.0144557 0.014608 0.0147355 0.0148605 0.0149634 0.0150662 0.0151435 0.0152212 0.0152762 0.01533 0.0153602 0.0153927 0.0154014 0.0154091 0.015396 0.0153854 0.015352 0.0153176 0.0152653 0.015216 0.0151474 0.0150745 0.014989 0.0149092 0.014813 0.0147058 0.014599 0.0144979 0.0143822 0.0142526 0.0141394 0.0140254 0.0139079 0.0137784 0.0136717 0.0135639 0.0134798 0.0133821 0.0133104 0.0132632 0.0132699 0.0132846 0.0133616 0.0135192 0.0137878 0.0141868 0.0147527 0.0155187 0.016527 0.0178485 0.0194579 0.0213586 0.0234647 0.0257455 0.0280752 0.0302685 0.0320311 0.0331612 0.0334414 0.0326193 0.030558 0.0271313 0.0223476 0.0163123 0.00932393 0.00167922 -0.00621497 -0.0139463 -0.0211163 -0.0273368 -0.0323426 -0.035892 -0.0379623 -0.0385707 -0.037855 -0.0360422 -0.0333686 -0.0301026 -0.026501 -0.022824 -0.0192193 -0.0158887 -0.0128984 -0.0102822 -0.00810487 -0.00628262 -0.00483011 -0.00369313 -0.00280697 -0.00216053 -0.0016835 -0.00135141 -0.00112621 -0.000980051 -0.000885559 -0.00082948 -0.000802869 -0.000782525 -0.000782152 -0.000781582 -0.000783845 -0.000796239 -0.000798215 -0.000807581 -0.000814628 -0.000813696 -0.000820736 -0.000819941 
0 1.16078e-05 2.51469e-05 3.40303e-05 4.66597e-05 5.72693e-05 7.10837e-05 8.93868e-05 0.000112088 0.000143766 0.00018485 0.000242011 0.000318726 0.00043098 0.000586924 0.000812808 0.00112911 0.00156466 0.00216597 0.00295389 0.00399725 0.00532651 0.00699597 0.00906782 0.0115477 0.0144926 0.017862 0.0216166 0.0256735 0.0298543 0.033996 0.0378387 0.0411227 0.0435791 0.0449403 0.0449755 0.0435396 0.0405594 0.0360726 0.0302853 0.023431 0.0159002 0.00809125 0.000402847 -0.00673764 -0.0129815 -0.0180401 -0.0217364 -0.0240041 -0.024928 -0.0246158 -0.0232841 -0.0211427 -0.0184261 -0.0154114 -0.012297 -0.00924651 -0.00638251 -0.00378771 -0.00145803 0.000549932 0.00226832 0.00373793 0.00500235 0.00609563 0.00705505 0.00788917 0.00863384 0.0093403 0.00998043 0.0105712 0.0111271 0.0116644 0.0121595 0.0126474 0.0130996 0.0135315 0.0139472 0.0143553 0.0147248 0.0150872 0.015438 0.0157666 0.0160745 0.0163788 0.0166609 0.0169212 0.0171786 0.0174198 0.0176358 0.0178399 0.0180439 0.0182188 0.0183767 0.0185284 0.0186737 0.0187856 0.0188908 0.0189893 0.0190742 0.0191282 0.0191837 0.0192284 0.0192543 0.0192563 0.0192648 0.0192561 0.0192267 0.0191848 0.019148 0.0190872 0.0190115 0.0189343 0.0188512 0.0187457 0.0186379 0.018529 0.0184011 0.0182691 0.0181401 0.0180003 0.0178443 0.0177061 0.0175593 0.0174062 0.0172526 0.0171176 0.0169722 0.0168509 0.0167307 0.0166263 0.0165521 0.0165321 0.0165295 0.0165917 0.0167565 0.0170397 0.017469 0.0180781 0.0189088 0.0200195 0.0214531 0.023153 0.0251322 0.0273432 0.0296898 0.0320085 0.0341183 0.0357542 0.036692 0.0367067 0.0355685 0.0331398 0.0293075 0.0241027 0.0176728 0.0102799 0.00223757 -0.00602955 -0.0141291 -0.0216491 -0.0281806 -0.033461 -0.0372636 -0.0395207 -0.0402735 -0.0396531 -0.0378585 -0.0351568 -0.0318102 -0.0280851 -0.0242529 -0.020483 -0.0169685 -0.0137934 -0.0110128 -0.00866736 -0.00671337 -0.00515026 -0.00391752 -0.00297018 -0.00226806 -0.0017517 -0.00139203 -0.00114563 -0.00098773 -0.000890934 -0.000838154 -0.000813015 -0.000807459 -0.000812376 -0.000817641 -0.000830253 -0.000834695 -0.000843757 -0.000851499 -0.000855254 -0.000868662 -0.000872549 -0.000884546 
0 1.13169e-05 3.30676e-05 4.31721e-05 6.82145e-05 9.05827e-05 0.00011348 0.000147147 0.000177594 0.000220868 0.000274303 0.000347287 0.000446192 0.000586924 0.000782254 0.00104782 0.00142544 0.00192638 0.00260741 0.00350823 0.00466583 0.00615451 0.0080018 0.0102661 0.0129808 0.0161552 0.019779 0.0237909 0.0280944 0.0325093 0.0368502 0.0408553 0.0442409 0.0467678 0.0481398 0.0481516 0.0466674 0.0435929 0.0390008 0.0330787 0.0260884 0.0184048 0.010446 0.00259153 -0.00474822 -0.0112057 -0.0165125 -0.0204539 -0.0229685 -0.0240991 -0.0239676 -0.0227638 -0.0206818 -0.0179548 -0.0148484 -0.0115896 -0.00833568 -0.00525089 -0.00240061 0.000177298 0.00243117 0.00437608 0.00605701 0.00750538 0.0087534 0.00985829 0.010816 0.011679 0.0124743 0.0132041 0.0138726 0.0145166 0.0151165 0.0156743 0.0162222 0.0167421 0.0172266 0.0176911 0.0181478 0.0185673 0.0189789 0.0193668 0.0197334 0.0200799 0.0204295 0.0207357 0.0210267 0.0213159 0.0215937 0.0218224 0.0220537 0.0222826 0.0224822 0.0226454 0.0228218 0.0229824 0.0231076 0.0232144 0.0233334 0.0234223 0.0234809 0.0235356 0.0235945 0.0236126 0.0236133 0.0236189 0.0236155 0.0235678 0.0235215 0.0234783 0.023412 0.0233106 0.023227 0.0231315 0.0230102 0.0228734 0.0227536 0.0226063 0.0224517 0.0222926 0.0221326 0.0219536 0.0217892 0.0216104 0.021426 0.0212513 0.021087 0.0209092 0.0207501 0.0206131 0.0204803 0.0203835 0.0203327 0.020325 0.0203829 0.0205606 0.0208558 0.021324 0.0219963 0.022906 0.0241041 0.0256293 0.0274356 0.0294949 0.0317657 0.0341116 0.0363846 0.0383741 0.0398287 0.0405037 0.0401917 0.0386915 0.0358682 0.0316381 0.0260231 0.0192106 0.0114393 0.00305551 -0.00552935 -0.0139323 -0.0217452 -0.0285666 -0.034108 -0.0381643 -0.0406168 -0.0415315 -0.0410307 -0.0393007 -0.0366248 -0.0332494 -0.0294528 -0.0254942 -0.0215835 -0.017898 -0.0145516 -0.0116241 -0.00912387 -0.00705629 -0.00538844 -0.00406552 -0.0030589 -0.00230146 -0.00175451 -0.00137469 -0.00111921 -0.000957334 -0.000863249 -0.000816928 -0.000789771 -0.000794084 -0.000799381 -0.00081143 -0.000840353 -0.000848625 -0.000878274 -0.000895521 -0.00090322 -0.00092983 -0.000925492 -0.000940757 
0 2.68951e-05 5.38296e-05 8.08277e-05 0.000110586 0.000141121 0.000176051 0.000219937 0.000266874 0.000330314 0.000409516 0.000503445 0.000641371 0.000812808 0.00104782 0.00138099 0.00180737 0.00240275 0.00318231 0.00418427 0.00550197 0.00713327 0.00916854 0.0116544 0.0145875 0.0180248 0.0219105 0.0261792 0.030725 0.0353657 0.0398777 0.0440153 0.0475124 0.050064 0.0514555 0.0514509 0.0498976 0.0467709 0.0421127 0.0361167 0.0290583 0.021325 0.0132737 0.00532006 -0.00212568 -0.00875753 -0.0142581 -0.0184239 -0.021174 -0.0225571 -0.0226254 -0.0215693 -0.0196027 -0.0169127 -0.0137598 -0.0103728 -0.00697015 -0.00366311 -0.000566776 0.00226182 0.00475222 0.00693682 0.00884686 0.0104837 0.0119029 0.0131453 0.0142511 0.0152243 0.0161235 0.0169281 0.0176905 0.0184071 0.0190777 0.0196907 0.0202974 0.0208767 0.0214128 0.0219249 0.0224173 0.0228904 0.0233379 0.0237677 0.0241562 0.0245502 0.0249235 0.0252658 0.0255704 0.0258999 0.0261924 0.0264504 0.0266904 0.0269517 0.0271588 0.0273448 0.0275263 0.0277111 0.0278373 0.0279616 0.0280817 0.0281869 0.0282406 0.0283088 0.0283634 0.0283908 0.0283814 0.0283973 0.0283829 0.0283385 0.0282773 0.0282414 0.028157 0.0280538 0.0279506 0.0278591 0.0277132 0.0275693 0.0274261 0.0272789 0.0270947 0.0269217 0.0267368 0.0265512 0.026356 0.0261554 0.0259462 0.0257547 0.0255658 0.0253583 0.0251748 0.0250133 0.0248719 0.0247447 0.0246807 0.0246591 0.0247389 0.0249238 0.0252509 0.0257529 0.0265045 0.0275081 0.0287944 0.0304012 0.0323008 0.0344494 0.0367309 0.0390494 0.0412301 0.0430635 0.0442588 0.0446305 0.0439675 0.0420609 0.0388147 0.0341751 0.0281814 0.0209848 0.0129005 0.00422385 -0.00465104 -0.0133114 -0.0213707 -0.02845 -0.0342444 -0.0385129 -0.0412015 -0.042301 -0.0419378 -0.0403339 -0.0377082 -0.0343412 -0.0305102 -0.0264767 -0.0224463 -0.0186369 -0.0151564 -0.0120723 -0.00946356 -0.00727117 -0.00550333 -0.00412085 -0.00303863 -0.00224935 -0.00167434 -0.00127116 -0.00101399 -0.000848122 -0.000757694 -0.000721163 -0.000715692 -0.000729056 -0.000758854 -0.000788742 -0.000818291 -0.000853735 -0.000876256 -0.000903752 -0.000929935 -0.000945244 -0.000972037 -0.000987564 
0 4.08004e-05 8.16529e-05 0.000125869 0.00017029 0.000220767 0.000276414 0.000336676 0.000412263 0.000497226 0.000601787 0.000739179 0.000903804 0.00112911 0.00142544 0.00180737 0.00233535 0.0030117 0.00389978 0.00505958 0.00650186 0.00833131 0.0105684 0.0132562 0.0164593 0.0201382 0.0242902 0.0288251 0.0336055 0.0384479 0.0431289 0.0473927 0.0509442 0.0535587 0.0549413 0.0549072 0.053335 0.0501562 0.0454722 0.0394621 0.0324256 0.0246739 0.0166328 0.00866103 0.00112476 -0.0055927 -0.0112391 -0.015607 -0.0186175 -0.0202232 -0.0205477 -0.019695 -0.0178419 -0.0152285 -0.0120996 -0.00866805 -0.00508497 -0.00158343 0.00173191 0.00476642 0.0075238 0.00995508 0.0120808 0.0139097 0.0154976 0.0168983 0.0181276 0.0192301 0.0202052 0.0211065 0.0219326 0.0227318 0.0234485 0.0241278 0.0247709 0.0254065 0.0259851 0.0265375 0.0270604 0.0275722 0.0280581 0.0285092 0.0289312 0.029347 0.0297537 0.0301076 0.0304461 0.0307829 0.0311062 0.0313702 0.0316398 0.0318994 0.0321357 0.0323222 0.0325276 0.0327062 0.032859 0.0329783 0.0331176 0.0332137 0.0332907 0.0333491 0.0334189 0.0334348 0.0334452 0.0334463 0.0334441 0.0333863 0.03334 0.0332853 0.033211 0.033092 0.0329969 0.0328863 0.0327471 0.0325833 0.0324412 0.0322794 0.0320931 0.0318979 0.0317086 0.0315143 0.0313026 0.0310852 0.0308635 0.0306666 0.0304516 0.0302392 0.0300295 0.0298703 0.0297087 0.0295883 0.029503 0.0295089 0.0295973 0.0298212 0.0301929 0.0307685 0.0315889 0.0326869 0.0341024 0.0358011 0.0377722 0.0399454 0.0422711 0.0445338 0.0465633 0.0481449 0.0490788 0.0491045 0.0480216 0.0457051 0.0420176 0.0369556 0.0305795 0.0230924 0.0147009 0.00577726 -0.003313 -0.0122001 -0.0204669 -0.02776 -0.0337624 -0.0382872 -0.041183 -0.0425012 -0.0423396 -0.0408656 -0.0383521 -0.035041 -0.031219 -0.0271379 -0.0230541 -0.0191307 -0.0155279 -0.0123489 -0.00959355 -0.00732128 -0.00547103 -0.0040036 -0.0028975 -0.0020587 -0.00146387 -0.00105991 -0.000794406 -0.000644226 -0.000570752 -0.000549302 -0.000564333 -0.000602505 -0.000646397 -0.00069929 -0.000752303 -0.000797392 -0.000847832 -0.00088775 -0.000924124 -0.000963405 -0.00098927 -0.00101976 
0 6.17264e-05 0.000121932 0.000191461 0.000259715 0.000339052 0.00042291 0.000515625 0.000622451 0.000740795 0.000887686 0.00106051 0.00128304 0.00156466 0.00192638 0.00240275 0.0030117 0.00380844 0.00482682 0.00612279 0.00775193 0.00976784 0.012228 0.0151659 0.0186218 0.022568 0.0269854 0.0317709 0.0367716 0.0418258 0.0466537 0.0510247 0.0546559 0.0572691 0.0586497 0.0585973 0.0569938 0.053816 0.0491582 0.0431803 0.0361949 0.0285254 0.0205347 0.0126126 0.00509566 -0.00167757 -0.00745232 -0.0120065 -0.0152391 -0.017115 -0.0176888 -0.0170626 -0.0154172 -0.0129557 -0.009859 -0.00638307 -0.00273305 0.000914084 0.00443786 0.00770636 0.0106819 0.0133374 0.0156795 0.0177148 0.019469 0.0210045 0.022366 0.023579 0.02464 0.0256092 0.0265063 0.0273547 0.0281254 0.0288454 0.0295246 0.0301904 0.030809 0.0313849 0.0319303 0.0324685 0.032977 0.0334448 0.0338866 0.0343214 0.0347373 0.03511 0.0354636 0.0358103 0.0361391 0.0364237 0.0367001 0.0369653 0.0372082 0.037413 0.0376182 0.0378026 0.0379631 0.0380963 0.0382314 0.0383353 0.03842 0.0384875 0.0385514 0.0385777 0.0385945 0.0385999 0.0385923 0.0385475 0.0385042 0.0384497 0.0383733 0.0382672 0.0381697 0.0380586 0.0379217 0.0377648 0.0376174 0.0374588 0.0372745 0.0370767 0.0368873 0.0366974 0.0364821 0.0362586 0.0360446 0.0358456 0.0356282 0.0354137 0.0352114 0.0350507 0.0349052 0.034791 0.0347198 0.034757 0.0349007 0.0351717 0.0356045 0.0362723 0.0372095 0.0384314 0.03994 0.0417314 0.043802 0.0460371 0.0483087 0.0504631 0.0523353 0.0536672 0.0542567 0.0538873 0.0523792 0.0496034 0.0454865 0.0400343 0.0333154 0.0255183 0.0168933 0.00778289 -0.00148931 -0.0105234 -0.0189529 -0.0264419 -0.032657 -0.0373939 -0.0405374 -0.0420847 -0.0421258 -0.0408636 -0.0384927 -0.0352872 -0.0315249 -0.0274392 -0.0233119 -0.019319 -0.0156291 -0.0123463 -0.00951254 -0.00714879 -0.00522457 -0.00371215 -0.0025503 -0.00169877 -0.00109493 -0.000689174 -0.000444183 -0.000308076 -0.000261607 -0.000265187 -0.000309244 -0.000373538 -0.000447332 -0.000532233 -0.000607877 -0.000690674 -0.000760954 -0.000826226 -0.000890135 -0.00093566 -0.000988035 -0.00102501 
