0 0 0 0 0 0 0 0 0 0 0 0 0 0 0 0 0 0 0 0 0 0 0 0 0 0 0 0 0 0 0 0 0 0 0 0 0 0 0 0 0 0 0 0 0 0 0 0 0 0 0 0 0 0 0 0 0 0 0 0 0 0 0 0 0 0 0 0 0 0 0 0 0 0 0 0 0 0 0 0 0 0 0 0 0 0 0 0 0 0 0 0 0 0 0 0 0 0 0 0 0 0 0 0 0 0 0 0 0 0 0 0 0 0 0 0 0 0 0 0 0 0 0 0 0 0 0 0 0 0 0 0 0 0 0 0 0 0 0 0 0 0 0 0 0 0 0 0 0 0 0 0 0 0 0 0 0 0 0 0 0 0 0 0 0 0 0 0 0 0 0 0 0 0 0 0 0 0 0 0 0 0 0 0 0 0 0 0 0 0 0 0 0 0 0 0 0 0 0 0 
0 8.49004e-06 -6.61228e-06 1.1714e-05 6.46009e-06 -4.4848e-06 1.17654e-05 -1.20488e-06 7.57511e-07 1.52528e-05 5.9393e-06 1.40823e-05 1.8484e-05 8.06768e-06 1.03839e-05 1.08529e-05 8.76508e-06 1.37439e-05 1.97458e-05 2.06528e-05 1.70176e-05 1.99175e-05 2.21757e-05 1.75005e-05 2.69299e-05 3.107e-05 1.83808e-05 2.01708e-05 2.6244e-05 2.44185e-05 2.61245e-05 4.15494e-05 3.573e-05 1.76913e-05 4.12526e-05 4.73955e-05 3.87215e-05 3.70423e-05 3.40894e-05 4.71347e-05 4.39482e-05 4.3284e-05 3.89692e-05 4.99011e-05 5.40024e-05 4.37066e-05 6.10684e-05 5.51715e-05 6.04355e-05 6.23884e-05 6.89533e-05 6.65984e-05 6.70366e-05 8.18269e-05 6.85325e-05 8.19472e-05 8.28269e-05 9.29211e-05 9.19394e-05 0.000114068 0.000134745 0.000152854 0.000205079 0.000260243 0.000345888 0.000440555 0.000599617 0.000767124 0.0009915 0.00126034 0.00159773 0.00197464 0.00241039 0.00290515 0.0034119 0.00391497 0.00436646 0.00476303 0.00501269 0.00512991 0.00505925 0.00482349 0.00434811 0.00369076 0.00285191 0.00192275 0.000913986 -6.8678e-05 -0.00098905 -0.00177215 -0.00241494 -0.00285574 -0.00308411 -0.00309322 -0.00294297 -0.00265676 -0.00225427 -0.00174044 -0.00116486 -0.000569961 2.09995e-05 0.000620044 0.00121271 0.00176129 0.0022138 0.00255933 0.00278286 0.00286432 0.00274265 0.0024095 0.00186783 0.00117268 0.00032684 -0.000605954 -0.00159164 -0.00252669 -0.0033948 -0.00410623 -0.00465175 -0.00496277 -0.00510508 -0.00505582 -0.00487 -0.00452344 -0.00410933 -0.00362932 -0.00313819 -0.00264151 -0.00219987 -0.00181084 -0.00146481 -0.00117958 -0.000944681 -0.000767032 -0.000599508 -0.000494837 -0.000402433 -0.000344376 -0.000283681 -0.000263935 -0.000238575 -0.000216637 -0.000210671 -0.000202259 -0.00019841 -0.000182161 -0.000195029 -0.000178547 -0.000178995 -0.000177225 -0.000175813 -0.000170449 -0.000168721 -0.000176558 -0.000158607 -0.00017051 -0.00016859 -0.000164037 -0.000159337 -0.000158839 -0.000165727 -0.000157947 -0.000154828 -0.000139096 -0.000155612 -0.000163308 -0.000137396 -0.000139696 -0.00014868 -0.000148333 -0.000144115 -0.000150346 -0.000146688 -0.000134458 -0.00014346 -0.000145162 -0.000139993 -0.000138986 -0.000135663 -0.000133442 -0.000130203 -0.000137096 -0.000142168 -0.000134023 -0.000140213 -0.000138328 -0.000124217 -0.000136728 -0.000132516 -0.000124087 -0.000141961 -0.000128668 -0.000127593 -0.000141236 -0.000122478 -0.000133341 -0.000137205 -0.000121135 -0.000137059 -0.000129342 
0 -6.61228e-06 8.35677e-06 -6.61688e-07 -3.87739e-07 1.86239e-05 7.83912e-06 1.59052e-05 2.57914e-05 6.46415e-06 1.69896e-05 1.61997e-05 8.67063e-06 2.65556e-05 2.85389e-05 3.22649e-05 3.26159e-05 3.56641e-05 2.89769e-05 2.17137e-05 4.83387e-05 3.01598e-05 3.65063e-05 5.87145e-05 2.38414e-05 4.68415e-05 5.80854e-05 5.11506e-05 6.60539e-05 5.68458e-05 6.20092e-05 4.82164e-05 6.2306e-05 7.9307e-05 6.63284e-05 6.11628e-05 5.79134e-05 9.68244e-05 8.4039e-05 7.27479e-05 9.5962e-05 9.19765e-05 0.000101925 9.85891e-05 0.000107525 0.000100507 0.000112938 0.000118378 0.000104697 0.000126738 0.000123366 0.000127464 0.000130446 0.000148277 0.00014471 0.000151252 0.000177263 0.000178303 0.000199657 0.000229947 0.00027875 0.000320278 0.000415429 0.000538954 0.000692232 0.00090543 0.00119513 0.00155386 0.00198153 0.00253608 0.00319169 0.00395497 0.00481917 0.00580016 0.00681133 0.00780194 0.00871229 0.00947815 0.00999343 0.010204 0.0100847 0.00958619 0.00866578 0.00733822 0.0056977 0.00382983 0.0018498 -0.000120037 -0.00193145 -0.00350744 -0.00477088 -0.00566187 -0.00611 -0.00614913 -0.00584798 -0.00528866 -0.004481 -0.00346958 -0.00232197 -0.0011424 4.54685e-05 0.00123514 0.00241779 0.00349907 0.00440561 0.00508513 0.00553254 0.0056747 0.00543569 0.00475847 0.00369335 0.00229221 0.000624798 -0.00124666 -0.00318397 -0.00506401 -0.00676575 -0.00820095 -0.00926089 -0.00990947 -0.0101718 -0.0100982 -0.00970706 -0.00904304 -0.00820352 -0.00726174 -0.00627496 -0.00529403 -0.00441137 -0.00362629 -0.00294523 -0.00235967 -0.00190461 -0.00152343 -0.00121348 -0.000976774 -0.000810736 -0.000674611 -0.000569121 -0.000517769 -0.00046817 -0.000434097 -0.000408967 -0.000411104 -0.000384975 -0.00037984 -0.000382199 -0.000370797 -0.000363284 -0.000360957 -0.00036552 -0.000340238 -0.000351803 -0.000342558 -0.000333589 -0.00033252 -0.00032406 -0.000320967 -0.000315796 -0.000330224 -0.000296266 -0.000302949 -0.000324385 -0.000311559 -0.000302452 -0.000287749 -0.000311324 -0.000306734 -0.000297053 -0.000287517 -0.000282865 -0.000292397 -0.000269375 -0.000296356 -0.00028782 -0.000260335 -0.000289002 -0.000274874 -0.000275809 -0.000287667 -0.000279107 -0.000271693 -0.000263497 -0.000271707 -0.000257989 -0.000266558 -0.00027913 -0.000258185 -0.00027449 -0.000268891 -0.000254275 -0.00027238 -0.000259636 -0.000259147 -0.000269436 -0.00025638 -0.00026132 -0.00026621 -0.000256772 -0.000261495 
0 1.1714e-05 -6.61688e-07 1.55956e-05 1.23106e-05 5.72697e-06 1.98117e-05 1.03243e-05 1.63664e-05 2.89773e-05 2.52116e-05 3.51035e-05 3.80956e-05 3.24046e-05 3.43256e-05 3.57737e-05 3.70519e-05 4.42878e-05 5.24328e-05 5.46098e-05 5.63296e-05 5.73559e-05 6.18183e-05 6.39824e-05 6.86885e-05 7.88189e-05 6.9346e-05 6.85033e-05 8.09369e-05 7.98724e-05 8.58759e-05 0.000103057 9.94875e-05 8.69895e-05 0.000110407 0.000120333 0.0001131 0.000117913 0.000115096 0.00012792 0.000134244 0.00013258 0.000132683 0.000147863 0.00015569 0.000148781 0.000171002 0.000171557 0.000176012 0.000187971 0.000197627 0.000198282 0.00020567 0.000227081 0.000218873 0.000237883 0.000254819 0.000273363 0.000292352 0.000344654 0.000407595 0.000482168 0.000622533 0.000802531 0.00104707 0.00136189 0.0018062 0.00233467 0.00299888 0.00381763 0.00480915 0.00594716 0.00724847 0.00869993 0.0102022 0.0116775 0.0130229 0.0141559 0.0149091 0.0152303 0.0150341 0.0142923 0.0129109 0.0109584 0.0085156 0.00575734 0.00281263 -9.48554e-05 -0.0027978 -0.00513541 -0.00702499 -0.00834428 -0.00903495 -0.00911116 -0.00868954 -0.00785704 -0.00666575 -0.00516608 -0.00347461 -0.00171101 6.42674e-05 0.00184704 0.00359492 0.00519994 0.0065405 0.00755624 0.00820157 0.00839672 0.00801628 0.00701301 0.00541925 0.0033406 0.000850171 -0.00191321 -0.00479378 -0.00757029 -0.010104 -0.0122143 -0.013799 -0.0147607 -0.0151702 -0.0150507 -0.0144813 -0.0134973 -0.012261 -0.0108564 -0.00939344 -0.0079427 -0.00662116 -0.00545081 -0.00442606 -0.00356469 -0.00286442 -0.00230466 -0.00183236 -0.00148898 -0.00122377 -0.00102925 -0.000870925 -0.000785935 -0.000714509 -0.000657556 -0.000628309 -0.000609353 -0.000588347 -0.000564691 -0.000570822 -0.000548581 -0.000539887 -0.000535411 -0.00053055 -0.000515748 -0.000514216 -0.000516068 -0.000494633 -0.000502356 -0.0004989 -0.000488613 -0.000480101 -0.0004818 -0.000479133 -0.00047004 -0.000464905 -0.000446101 -0.000459416 -0.000462274 -0.000437023 -0.000434642 -0.000443118 -0.000439132 -0.000434567 -0.00044111 -0.000429444 -0.000421566 -0.000427391 -0.000423868 -0.000422091 -0.000416374 -0.000410825 -0.000407704 -0.000403974 -0.000409095 -0.000412865 -0.000407478 -0.000408521 -0.000406951 -0.000394117 -0.000400599 -0.000399467 -0.000389986 -0.000404286 -0.000394351 -0.000390746 -0.000403196 -0.00038668 -0.000395121 -0.000397558 -0.000384166 -0.000400971 -0.000389585 
0 6.46009e-06 -3.87739e-07 1.23106e-05 1.58031e-05 1.4049e-05 2.59483e-05 2.36644e-05 2.62794e-05 3.43052e-05 3.0963e-05 3.75368e-05 4.31187e-05 4.40545e-05 5.16336e-05 5.49572e-05 5.78771e-05 6.12871e-05 6.43225e-05 6.91194e-05 7.08719e-05 7.71617e-05 8.22611e-05 8.30108e-05 9.02807e-05 9.56233e-05 9.84697e-05 0.000104227 0.000111133 0.000113875 0.000114594 0.000125892 0.000128664 0.000128452 0.00014116 0.000144108 0.000148787 0.000156898 0.000162178 0.000170321 0.000176977 0.000183895 0.000187506 0.000200128 0.000205364 0.000208261 0.000222616 0.000227108 0.000234464 0.000244542 0.000256523 0.000261234 0.00027406 0.000290992 0.000297068 0.000317044 0.000340079 0.000367632 0.000402165 0.000467125 0.000550502 0.000665876 0.000844925 0.00108968 0.00141685 0.00185024 0.00242839 0.003143 0.00403264 0.00512447 0.00643575 0.00795278 0.00968064 0.0115832 0.0135601 0.0154964 0.0172655 0.01873 0.0197206 0.020131 0.0198673 0.0188629 0.0170518 0.0144886 0.0112963 0.00767238 0.00382251 6.90566e-06 -0.00354355 -0.00663158 -0.00911808 -0.0108652 -0.0118002 -0.0119463 -0.0114226 -0.0103394 -0.00877701 -0.00681984 -0.00460654 -0.0022772 8.46089e-05 0.00244604 0.00474019 0.00683909 0.00860068 0.00993279 0.010759 0.010973 0.010442 0.00910707 0.00700708 0.00425699 0.000978993 -0.00265234 -0.00642179 -0.0100719 -0.0133875 -0.0161572 -0.0182318 -0.019523 -0.0200691 -0.0199243 -0.0191724 -0.0179031 -0.0162781 -0.0144351 -0.0125063 -0.0106074 -0.00885332 -0.00729373 -0.00593412 -0.00478801 -0.00384773 -0.00308874 -0.00247041 -0.00199994 -0.00164281 -0.00137556 -0.00117517 -0.00104504 -0.000951285 -0.000879799 -0.000837997 -0.000808677 -0.000784335 -0.000761997 -0.000755884 -0.000738986 -0.000726273 -0.000719597 -0.000709398 -0.000697445 -0.000689142 -0.000685002 -0.000669057 -0.000664965 -0.000658747 -0.000648105 -0.00064229 -0.000635389 -0.000630043 -0.000623339 -0.00062062 -0.000610481 -0.000607884 -0.00060792 -0.00059517 -0.000593726 -0.000592075 -0.000583634 -0.000578427 -0.000576119 -0.000572982 -0.000566127 -0.000565448 -0.000562606 -0.000556811 -0.000556725 -0.000554047 -0.000551991 -0.000548727 -0.000545515 -0.000544428 -0.00053759 -0.000538511 -0.000538334 -0.000531526 -0.000536836 -0.000532951 -0.000527607 -0.000533923 -0.000525831 -0.00052573 -0.000529958 -0.000520955 -0.000527329 -0.000525405 -0.000517263 -0.000527364 -0.000521697 
0 -4.4848e-06 1.86239e-05 5.72697e-06 1.4049e-05 2.97821e-05 1.7748e-05 3.64895e-05 4.12007e-05 3.2004e-05 4.76094e-05 4.52702e-05 4.56605e-05 5.97802e-05 6.36076e-05 6.88241e-05 7.43855e-05 7.98351e-05 7.80928e-05 8.06991e-05 9.62161e-05 9.41459e-05 9.92199e-05 0.000114842 0.000106297 0.000111081 0.000129726 0.000133293 0.000135729 0.00014434 0.000152487 0.000142682 0.000156341 0.000183288 0.000170515 0.000171271 0.000184215 0.000201463 0.000210278 0.000204145 0.000220712 0.000229075 0.000243699 0.000244725 0.00025285 0.000271116 0.000270217 0.00028916 0.000292137 0.00030899 0.000316197 0.000330782 0.000347047 0.000354105 0.000382692 0.00039312 0.000429644 0.00045758 0.000517317 0.0005867 0.000695727 0.000855815 0.00107161 0.00138819 0.00179602 0.00236124 0.00306381 0.00397918 0.00509015 0.00646359 0.00808539 0.00998423 0.0121269 0.0144611 0.0168914 0.0192615 0.0214325 0.0231937 0.0244107 0.0248895 0.0245594 0.0232809 0.021068 0.0179194 0.0140334 0.00958637 0.00489726 0.000217982 -0.00413107 -0.00794632 -0.011 -0.0131711 -0.0143577 -0.0146084 -0.0140094 -0.0127047 -0.0107941 -0.00841555 -0.00570972 -0.00283787 0.000101433 0.0030223 0.00583739 0.00839626 0.0105572 0.0121802 0.0131628 0.0133604 0.0126653 0.0109963 0.00841353 0.00501036 0.000986672 -0.00347297 -0.00806871 -0.0125498 -0.0165905 -0.0199897 -0.0225199 -0.0241459 -0.0248233 -0.024671 -0.023742 -0.0222204 -0.0202257 -0.0179729 -0.0155975 -0.0132741 -0.0111003 -0.0091534 -0.0074682 -0.00603352 -0.00485893 -0.00388817 -0.0031351 -0.00252593 -0.00208177 -0.00173287 -0.00149608 -0.00131414 -0.00119475 -0.00111282 -0.00104996 -0.00101513 -0.000977454 -0.000966079 -0.000935027 -0.000929649 -0.000909962 -0.000898667 -0.00088686 -0.00087277 -0.000866181 -0.000845792 -0.000848834 -0.000828017 -0.000819176 -0.000811891 -0.000806284 -0.000800463 -0.000778378 -0.000779068 -0.000777006 -0.000778544 -0.000755135 -0.000740385 -0.000760242 -0.000749206 -0.000732898 -0.000728379 -0.000726773 -0.000716531 -0.000710966 -0.000721138 -0.000705739 -0.000695061 -0.000702244 -0.000694344 -0.000691951 -0.00069386 -0.000689332 -0.000680457 -0.000673995 -0.000678611 -0.000669209 -0.000668397 -0.000679479 -0.000661988 -0.000665794 -0.000671961 -0.000650923 -0.00066537 -0.000663578 -0.000647579 -0.000665786 -0.000653142 -0.000650251 -0.000664855 -0.000645439 -0.000655428 
0 1.17654e-05 7.83912e-06 1.98117e-05 2.59483e-05 1.7748e-05 3.33751e-05 3.44569e-05 3.08701e-05 5.41317e-05 5.41986e-05 5.98266e-05 7.4514e-05 6.74692e-05 6.99113e-05 7.48664e-05 8.26697e-05 8.56367e-05 0.000101443 0.000116708 9.92971e-05 0.000123812 0.000125659 0.000113498 0.000153239 0.000142543 0.000142791 0.000154515 0.000151496 0.000171002 0.000172782 0.000198817 0.000197231 0.000188742 0.000209799 0.000228256 0.000244773 0.000217351 0.000241482 0.000263487 0.000257635 0.000274925 0.000275868 0.000296405 0.000301987 0.000323919 0.00032729 0.000340069 0.00036847 0.000364991 0.000389874 0.000401636 0.0004225 0.000429217 0.000459922 0.000484991 0.000505892 0.000562988 0.000621458 0.000716032 0.000841147 0.00105052 0.0013119 0.00169006 0.00220392 0.00287819 0.00373864 0.00482946 0.00619378 0.00782421 0.00977711 0.0120361 0.0145904 0.0173313 0.0201857 0.0229669 0.0254928 0.0275385 0.0289354 0.0294908 0.0290565 0.0275363 0.0249127 0.0212489 0.016694 0.0115177 0.00602955 0.000575904 -0.00454484 -0.00902386 -0.0126383 -0.0152041 -0.0166732 -0.0170416 -0.016418 -0.0149118 -0.0127013 -0.00992765 -0.00677702 -0.00337917 0.000105372 0.00357215 0.00686486 0.00985977 0.0123751 0.0142705 0.015362 0.0155267 0.0146319 0.0126486 0.00958354 0.00558191 0.000833951 -0.00437268 -0.00975686 -0.0149768 -0.0197143 -0.0236683 -0.0266565 -0.0285776 -0.0294197 -0.0292447 -0.028184 -0.0264144 -0.0240996 -0.021454 -0.0186682 -0.0159408 -0.0133601 -0.0110449 -0.00902172 -0.00732134 -0.00588618 -0.00473018 -0.00380987 -0.00308952 -0.0025297 -0.00211707 -0.00182693 -0.00159758 -0.00145245 -0.00134543 -0.00127983 -0.00121194 -0.00118714 -0.00115604 -0.00112488 -0.00111019 -0.00109205 -0.00107752 -0.00105042 -0.00105675 -0.00102879 -0.00101999 -0.00101199 -0.000998384 -0.000993078 -0.000977795 -0.000972249 -0.000946238 -0.000965514 -0.000946663 -0.000912954 -0.000917657 -0.000916686 -0.000917875 -0.000883244 -0.000881803 -0.000882888 -0.000879907 -0.000879091 -0.00086116 -0.000873001 -0.000843327 -0.000845229 -0.000864094 -0.000830494 -0.000837773 -0.000831131 -0.000813516 -0.00081838 -0.000820872 -0.000821867 -0.000811689 -0.000819727 -0.00080658 -0.00079406 -0.000809688 -0.000790945 -0.000794633 -0.000804127 -0.000784082 -0.00079482 -0.000794202 -0.00078189 -0.000791903 -0.000788284 -0.0007831 -0.000789666 -0.000784803 
0 -1.20488e-06 1.59052e-05 1.03243e-05 2.36644e-05 3.64895e-05 3.44569e-05 4.99805e-05 5.04088e-05 5.2763e-05 6.09801e-05 5.96705e-05 7.07582e-05 8.01969e-05 9.03715e-05 0.000100771 0.000105335 0.000109487 0.000110579 0.000117404 0.000124025 0.000136752 0.000143435 0.000147943 0.000161057 0.000157269 0.000176388 0.000194202 0.000189166 0.000205741 0.000208546 0.000205373 0.000222927 0.000243491 0.000241629 0.000243672 0.000264163 0.000272474 0.000294496 0.000300407 0.000302852 0.00032764 0.000341108 0.000345706 0.000357027 0.000380616 0.000380625 0.000398371 0.000420213 0.00042472 0.000443954 0.000467525 0.000485884 0.0004976 0.000539481 0.000566161 0.000600539 0.000664542 0.000748008 0.000853245 0.00101499 0.00126385 0.00157844 0.00202741 0.00263696 0.00343701 0.00444023 0.0057299 0.00732196 0.00923117 0.0114918 0.0141162 0.0170487 0.0201825 0.0234242 0.0265775 0.0294233 0.0317129 0.0332719 0.0338671 0.0333366 0.0315644 0.0285754 0.0244196 0.0192811 0.013431 0.00724381 0.00106771 -0.00474068 -0.00985168 -0.0139755 -0.016943 -0.0186883 -0.0192169 -0.0185904 -0.0169397 -0.0144597 -0.0113468 -0.00777771 -0.00390202 0.000107047 0.00407348 0.00782023 0.0111988 0.0140402 0.0161528 0.0173292 0.0174149 0.0163182 0.0140038 0.0104956 0.00591728 0.000518296 -0.005392 -0.0114721 -0.0173781 -0.0227262 -0.0272091 -0.0306049 -0.0328274 -0.0338189 -0.033656 -0.0324746 -0.0304972 -0.0278899 -0.0248928 -0.0217282 -0.0186139 -0.0156538 -0.0129679 -0.0106252 -0.00863522 -0.00696049 -0.00559163 -0.00451721 -0.00366032 -0.0029979 -0.00250403 -0.00215797 -0.00188399 -0.00170139 -0.00158156 -0.00149356 -0.00142087 -0.00138368 -0.00135702 -0.00131571 -0.00130114 -0.0012846 -0.00126268 -0.0012392 -0.00123557 -0.00121123 -0.00119118 -0.00118828 -0.00116477 -0.00114663 -0.0011399 -0.0011336 -0.00110754 -0.00110123 -0.00109446 -0.00108485 -0.00108574 -0.00106162 -0.00105071 -0.00105773 -0.00105274 -0.00102963 -0.0010247 -0.00101845 -0.000999286 -0.00100831 -0.000999593 -0.000986084 -0.000984534 -0.000974801 -0.000975581 -0.000974754 -0.000972113 -0.000965762 -0.000957085 -0.000948645 -0.000942845 -0.000943633 -0.000937599 -0.00094217 -0.000938345 -0.000930059 -0.000936723 -0.000924187 -0.000925977 -0.000928527 -0.000916129 -0.000928149 -0.000917865 -0.000912426 -0.000924049 -0.000908814 -0.000918957 
0 7.57511e-07 2.57914e-05 1.63664e-05 2.62794e-05 4.12007e-05 3.08701e-05 5.04088e-05 5.89154e-05 5.85159e-05 7.72586e-05 7.86405e-05 8.47607e-05 9.40781e-05 9.6193e-05 0.000105906 0.000111314 0.000124153 0.000132753 0.000137153 0.000153174 0.000154796 0.000161195 0.0001771 0.000180339 0.000187325 0.000199141 0.000208911 0.000211496 0.000226295 0.000245732 0.000242212 0.000259184 0.000277866 0.000277652 0.00029367 0.00030447 0.000315784 0.000328892 0.000338185 0.000350034 0.000365581 0.000385336 0.000388462 0.000410851 0.000432128 0.000438447 0.000462432 0.000481465 0.000497502 0.000512722 0.000543723 0.000559102 0.000578687 0.000620348 0.000650128 0.000695516 0.000764415 0.0008674 0.000989279 0.00118931 0.00147491 0.00185288 0.00237748 0.00308948 0.00401654 0.00517904 0.00666878 0.00849357 0.0106837 0.0132554 0.0162319 0.0195235 0.0230293 0.0266229 0.0301073 0.0332272 0.0357297 0.0374115 0.0380236 0.0373818 0.0353739 0.0320401 0.0274423 0.0217832 0.0153472 0.00854073 0.00172493 -0.00470224 -0.0103833 -0.0149845 -0.0183414 -0.0203734 -0.0210837 -0.020495 -0.0187496 -0.0160543 -0.012649 -0.00870547 -0.00439578 9.08031e-05 0.00451364 0.00867308 0.0123934 0.0155109 0.0177917 0.0190111 0.0189927 0.0176785 0.0150369 0.0111078 0.00600536 1.78605e-05 -0.00651903 -0.0132183 -0.0197216 -0.0256108 -0.0305651 -0.0343397 -0.0368384 -0.0379843 -0.0378482 -0.0365805 -0.0344213 -0.0315638 -0.0282553 -0.0247512 -0.021273 -0.0179576 -0.0149196 -0.012262 -0.0099845 -0.00807169 -0.00649544 -0.00525652 -0.00426586 -0.00349864 -0.00292373 -0.00251156 -0.00219675 -0.00197354 -0.00183298 -0.00172101 -0.00164132 -0.00158716 -0.00155498 -0.00150827 -0.0014852 -0.00146656 -0.00143698 -0.00141748 -0.00140243 -0.00138498 -0.00135909 -0.00135577 -0.0013364 -0.00131575 -0.00130977 -0.00129463 -0.0012813 -0.00126616 -0.00125604 -0.00124074 -0.00123423 -0.00122074 -0.00120018 -0.00120457 -0.0011898 -0.00117274 -0.00117508 -0.00116697 -0.00115506 -0.00114798 -0.00114637 -0.00113442 -0.00112617 -0.00112744 -0.00111308 -0.00110681 -0.00110352 -0.0010951 -0.00109426 -0.00108828 -0.00108932 -0.00108277 -0.00107462 -0.00108012 -0.00106516 -0.00106561 -0.00107045 -0.00105279 -0.00106479 -0.0010593 -0.00104446 -0.00106275 -0.00104902 -0.00104737 -0.00106174 -0.0010409 -0.00105016 
0 1.52528e-05 6.46415e-06 2.89773e-05 3.43052e-05 3.2004e-05 5.41317e-05 5.2763e-05 5.85159e-05 7.43939e-05 7.64499e-05 8.90537e-05 9.94642e-05 0.000106221 0.00011052 0.000118704 0.000132187 0.000131174 0.000150411 0.000164859 0.000157147 0.000179513 0.000187282 0.000184638 0.000210072 0.000220796 0.000222179 0.000230891 0.000247168 0.00025581 0.000260806 0.000291051 0.00029718 0.000290262 0.000313193 0.000337778 0.000351778 0.000346907 0.000364098 0.000391905 0.000399485 0.000415541 0.000425184 0.000448313 0.000465584 0.000480163 0.0005008 0.000515066 0.000544541 0.000555245 0.000582974 0.000606549 0.000629656 0.000661314 0.000693812 0.000744295 0.000790091 0.000882566 0.000989148 0.00115129 0.00138044 0.00170944 0.0021571 0.00275856 0.00358227 0.00462604 0.00597241 0.00764434 0.00971764 0.0121717 0.0150661 0.0183631 0.0220003 0.0258457 0.0297557 0.0335241 0.0368687 0.0395537 0.0413091 0.0419219 0.0411461 0.0389345 0.0352682 0.0302964 0.0241722 0.0172596 0.00990657 0.00255729 -0.00442232 -0.0105889 -0.0156432 -0.019361 -0.0216963 -0.0225921 -0.0220914 -0.0202959 -0.0174561 -0.0137993 -0.00953961 -0.00483962 5.53454e-05 0.00488981 0.00940487 0.0134292 0.0167558 0.0191584 0.0203655 0.0202314 0.0186764 0.0157244 0.0113857 0.00582959 -0.000689654 -0.00775587 -0.0150075 -0.0220016 -0.0283736 -0.0337263 -0.0378639 -0.0406 -0.0419165 -0.0418146 -0.0405086 -0.0381914 -0.0351325 -0.0315545 -0.0277512 -0.0239375 -0.0202828 -0.0169214 -0.0139403 -0.0113881 -0.00921916 -0.00745214 -0.00601994 -0.00490459 -0.00401672 -0.0033635 -0.00287123 -0.00251324 -0.00225485 -0.00207569 -0.00195456 -0.00185357 -0.00179969 -0.00174413 -0.00171082 -0.00167332 -0.00165188 -0.00162473 -0.00159798 -0.00158481 -0.00155718 -0.0015434 -0.00151816 -0.00150684 -0.00149027 -0.00147098 -0.00145366 -0.00143484 -0.00143749 -0.00141488 -0.00138952 -0.00137993 -0.00138242 -0.00137383 -0.00133838 -0.00133514 -0.0013374 -0.00132096 -0.00131096 -0.00130534 -0.00129675 -0.00127573 -0.00127834 -0.00128061 -0.00125591 -0.00125768 -0.00125274 -0.00123455 -0.00123832 -0.00123533 -0.00122841 -0.00122207 -0.00121998 -0.0012141 -0.00120138 -0.00121059 -0.00120194 -0.00119178 -0.00120489 -0.00118746 -0.0011886 -0.00119821 -0.00117599 -0.00118872 -0.00118816 -0.00117081 -0.00119067 -0.00117892 
0 5.9393e-06 1.69896e-05 2.52116e-05 3.0963e-05 4.76094e-05 5.41986e-05 6.09801e-05 7.72586e-05 7.64499e-05 8.54638e-05 9.78161e-05 9.82997e-05 0.000114209 0.000131088 0.000139507 0.000147511 0.000161475 0.000160908 0.000162466 0.000191228 0.000189409 0.000203742 0.000229318 0.00021658 0.000237213 0.000251675 0.000265661 0.000283929 0.000284257 0.000305692 0.000299171 0.000316702 0.00034953 0.000356996 0.000358646 0.000362836 0.000411763 0.000417475 0.000424061 0.000448078 0.000459705 0.000490532 0.000496389 0.000520938 0.000531962 0.000560201 0.000579885 0.000591387 0.000628675 0.000641153 0.000676623 0.000698061 0.000742013 0.000775165 0.000828844 0.000903621 0.00098974 0.00113217 0.0013137 0.00159417 0.00195742 0.00248544 0.00317513 0.00409966 0.00528758 0.00679965 0.00868533 0.0109768 0.0137255 0.016909 0.0205317 0.0244723 0.0286415 0.0328202 0.0368244 0.0403524 0.0431665 0.0449692 0.0455322 0.0446387 0.0422123 0.0382735 0.0329503 0.0264679 0.0191389 0.0113646 0.00354599 -0.00386556 -0.0104727 -0.0159092 -0.0199965 -0.022607 -0.0237249 -0.0233262 -0.0215613 -0.0186204 -0.0147897 -0.0102494 -0.00524229 9.49557e-06 0.00517092 0.0100058 0.0142602 0.0177541 0.020196 0.0213688 0.0210759 0.0192994 0.0160199 0.0113284 0.00535156 -0.00158932 -0.00912601 -0.0168091 -0.0242339 -0.0309774 -0.0367004 -0.041133 -0.0441121 -0.0455708 -0.0455485 -0.0442203 -0.0417997 -0.0385713 -0.0347761 -0.030716 -0.0265902 -0.0226334 -0.0189499 -0.015678 -0.0128238 -0.0104287 -0.00843938 -0.0068365 -0.00556356 -0.00457285 -0.00382279 -0.00324894 -0.00284762 -0.00254037 -0.00233828 -0.00217891 -0.00208649 -0.00200203 -0.00194733 -0.00190836 -0.00186736 -0.00184123 -0.00180641 -0.00179473 -0.0017531 -0.00174197 -0.00171774 -0.00169433 -0.00167483 -0.00164899 -0.0016409 -0.00161532 -0.00160952 -0.00157057 -0.00156595 -0.00157415 -0.00154288 -0.00152149 -0.00150684 -0.00152099 -0.00149811 -0.00147908 -0.00146987 -0.001451 -0.00145244 -0.00143282 -0.00143857 -0.00142192 -0.00139619 -0.00141157 -0.0013953 -0.00139091 -0.00139571 -0.00137982 -0.00136749 -0.00136163 -0.00135927 -0.00134615 -0.00135239 -0.00135067 -0.00133326 -0.00134356 -0.0013338 -0.00132381 -0.00133344 -0.00132214 -0.00132139 -0.00132454 -0.00131394 -0.00131465 -0.00131561 -0.00131044 -0.00131337 
0 1.40823e-05 1.61997e-05 3.51035e-05 3.75368e-05 4.52702e-05 5.98266e-05 5.96705e-05 7.86405e-05 8.90537e-05 9.78161e-05 0.000116247 0.000118238 0.000129785 0.000136697 0.000139847 0.000155424 0.000168601 0.00018428 0.000197704 0.000211346 0.000213969 0.000225179 0.000242089 0.000244437 0.000271959 0.000275479 0.000277386 0.00030461 0.000306136 0.000332539 0.000354924 0.000360866 0.000371836 0.000387927 0.000412968 0.000422406 0.000443559 0.000444827 0.000466169 0.000499873 0.00050067 0.000526048 0.000548538 0.000572213 0.00058849 0.000620903 0.000643375 0.000658224 0.00070117 0.000717895 0.000747561 0.000780781 0.000825015 0.000859472 0.000921192 0.00100994 0.0011065 0.00126767 0.00148949 0.00180541 0.00222425 0.00282801 0.00361709 0.00464993 0.00598618 0.00768055 0.00977153 0.0123015 0.0153268 0.0188092 0.0227229 0.0269602 0.0314058 0.0358234 0.0400064 0.0436762 0.0465688 0.0483755 0.048862 0.0478373 0.0452181 0.0410303 0.0354228 0.0286446 0.0210035 0.0128887 0.00471683 -0.0030475 -0.0100015 -0.0157888 -0.0202043 -0.023098 -0.02443 -0.0241846 -0.0224923 -0.0195332 -0.0155767 -0.0108361 -0.00557995 -6.76588e-05 0.00536072 0.0104343 0.0148721 0.0184512 0.0208864 0.0219659 0.0215133 0.0194996 0.0159248 0.0109 0.00458441 -0.00270753 -0.0106022 -0.0186375 -0.0263861 -0.0334346 -0.0394512 -0.0441485 -0.0473374 -0.0489438 -0.0490149 -0.0477036 -0.0452224 -0.0418663 -0.0379059 -0.0336228 -0.0292325 -0.0249853 -0.0210168 -0.0174493 -0.0143173 -0.0116783 -0.00948222 -0.00769324 -0.00626742 -0.00516403 -0.00431422 -0.00366076 -0.00319973 -0.0028555 -0.00260998 -0.00242743 -0.00231969 -0.00221973 -0.00215014 -0.00210624 -0.00206182 -0.00202111 -0.00198844 -0.0019718 -0.00192739 -0.00191307 -0.00188999 -0.00186259 -0.00184467 -0.00182953 -0.00180644 -0.00177719 -0.0017815 -0.00175253 -0.00173118 -0.00171615 -0.00169574 -0.00169072 -0.0016718 -0.00165164 -0.00162902 -0.00163377 -0.00162024 -0.00160441 -0.00160702 -0.00157739 -0.0015758 -0.00157324 -0.00155746 -0.00155528 -0.00153852 -0.00152535 -0.00151621 -0.00151388 -0.00150806 -0.00150575 -0.00150527 -0.00148898 -0.00149016 -0.00148155 -0.00147183 -0.00147727 -0.00146487 -0.00146708 -0.0014627 -0.00145129 -0.00145847 -0.00144929 -0.00145237 -0.00145642 -0.00144687 -0.00145337 -0.00144403 
0 1.8484e-05 8.67063e-06 3.80956e-05 4.31187e-05 4.56605e-05 7.4514e-05 7.07582e-05 8.47607e-05 9.94642e-05 9.82997e-05 0.000118238 0.000126008 0.000142319 0.000155664 0.00016191 0.000185162 0.000181595 0.000194706 0.000215759 0.000211353 0.000237059 0.000253407 0.000256803 0.000275723 0.000292971 0.000304816 0.000312112 0.000341853 0.000347996 0.000348642 0.000384732 0.000389215 0.000402102 0.000426382 0.000439892 0.000465359 0.000477577 0.000497415 0.000521014 0.000546404 0.000559116 0.000575305 0.000613859 0.000621499 0.00064573 0.000677377 0.000695516 0.000721389 0.000753933 0.000787688 0.000807081 0.000859585 0.000902096 0.000946525 0.00102403 0.00112108 0.00124556 0.00142072 0.00169483 0.00204092 0.00253142 0.00320698 0.00410041 0.00524881 0.00673478 0.00861682 0.0109071 0.0136861 0.0169695 0.0207463 0.0249218 0.0294385 0.0341134 0.0387332 0.0430444 0.0468106 0.0497297 0.0514987 0.0518849 0.0507189 0.0479263 0.0435219 0.0376974 0.0306922 0.0228366 0.0144721 0.00606221 -0.0019646 -0.00917426 -0.0152661 -0.0199652 -0.0231359 -0.0246768 -0.0246246 -0.0230485 -0.0201469 -0.0161253 -0.0112693 -0.00583811 -0.000163285 0.00545609 0.0106814 0.0152395 0.0188248 0.0212025 0.0221382 0.0215192 0.0192633 0.0154257 0.0101002 0.00352272 -0.00404165 -0.0121853 -0.0204855 -0.028461 -0.035746 -0.0419849 -0.0469099 -0.0502822 -0.0520419 -0.0522221 -0.0509655 -0.0484713 -0.0450339 -0.040956 -0.036487 -0.0318781 -0.0273592 -0.0231322 -0.0192717 -0.0158791 -0.0129815 -0.0105809 -0.00859359 -0.00701217 -0.00578053 -0.00482404 -0.00408967 -0.00355382 -0.00317454 -0.00287607 -0.00267941 -0.00254152 -0.00243988 -0.00235263 -0.00230636 -0.00226243 -0.00221025 -0.00218703 -0.00215478 -0.00212239 -0.00209163 -0.00207614 -0.00203939 -0.0020126 -0.00200373 -0.00196711 -0.00194589 -0.0019283 -0.00191232 -0.0018896 -0.00187094 -0.00185731 -0.00183905 -0.00183582 -0.00180555 -0.00179543 -0.00179686 -0.00176275 -0.00175393 -0.00174877 -0.00173156 -0.00171542 -0.0017102 -0.00170298 -0.00167928 -0.00168629 -0.00167873 -0.00166053 -0.00166681 -0.00164871 -0.00164089 -0.001636 -0.00162534 -0.00162675 -0.00161225 -0.00161791 -0.00161009 -0.00159348 -0.0016112 -0.00159243 -0.00159119 -0.00160554 -0.00157615 -0.00158863 -0.00158704 -0.00156459 -0.001591 -0.00157774 
0 8.06768e-06 2.65556e-05 3.24046e-05 4.40545e-05 5.97802e-05 6.74692e-05 8.01969e-05 9.40781e-05 0.000106221 0.000114209 0.000129785 0.000142319 0.000142904 0.000168523 0.000180232 0.00018235 0.000214735 0.000213948 0.000220809 0.000252461 0.000251414 0.000268894 0.000291362 0.000297405 0.00030836 0.00032469 0.000351692 0.000357421 0.000375412 0.000403053 0.000402067 0.000419517 0.000452467 0.000476306 0.000474694 0.000487589 0.000531052 0.0005458 0.000560204 0.000581347 0.000605031 0.000635741 0.00065607 0.000679149 0.00070379 0.000739254 0.000762447 0.000787016 0.000828633 0.000854841 0.000890253 0.000935332 0.000985864 0.00103885 0.00112212 0.00123705 0.0013739 0.00158912 0.00188849 0.00229543 0.00284722 0.0036122 0.00460913 0.00588752 0.00753809 0.00959876 0.0121147 0.0151265 0.0186846 0.0227173 0.0271634 0.0319097 0.0367929 0.0415562 0.0459639 0.049768 0.0526632 0.0543549 0.0546102 0.0533024 0.0503345 0.0457677 0.0397672 0.0326262 0.0246178 0.0161247 0.00755851 -0.000608696 -0.00801736 -0.0143268 -0.019291 -0.0226937 -0.0244699 -0.0246139 -0.0232245 -0.0204224 -0.016436 -0.0115294 -0.00603812 -0.000274196 0.00542011 0.0107293 0.0153033 0.0188462 0.0210884 0.0218673 0.0210448 0.0185803 0.0144885 0.00893938 0.00214728 -0.00557433 -0.0138879 -0.0223282 -0.0304655 -0.0378891 -0.0443038 -0.0493892 -0.0529381 -0.054838 -0.055152 -0.0539759 -0.0515171 -0.04805 -0.043889 -0.0392869 -0.0344853 -0.0297454 -0.0252563 -0.021144 -0.0174795 -0.0143482 -0.0117176 -0.0095513 -0.0078 -0.0064377 -0.00537132 -0.00454935 -0.00394688 -0.00350554 -0.00317883 -0.00294011 -0.00278756 -0.00266219 -0.00257085 -0.00250858 -0.00245669 -0.00240669 -0.00236788 -0.00234087 -0.00229749 -0.00227071 -0.0022463 -0.00221597 -0.00218765 -0.00216192 -0.00214439 -0.0021203 -0.00209934 -0.00206614 -0.00205218 -0.00205221 -0.00201657 -0.0019863 -0.00197785 -0.00197765 -0.00195137 -0.00192355 -0.00192332 -0.00190388 -0.00188892 -0.00188297 -0.0018737 -0.00185577 -0.00183628 -0.0018436 -0.00182431 -0.00180988 -0.00181848 -0.00179205 -0.00178477 -0.00178659 -0.00177018 -0.00176892 -0.00176452 -0.00175611 -0.00174859 -0.00174765 -0.0017434 -0.00172991 -0.00173644 -0.00172833 -0.00171753 -0.00173066 -0.00171681 -0.00171534 -0.00172675 -0.00170759 -0.00171513 
0 1.03839e-05 2.85389e-05 3.43256e-05 5.16336e-05 6.36076e-05 6.99113e-05 9.03715e-05 9.6193e-05 0.00011052 0.000131088 0.000136697 0.000155664 0.000168523 0.000174225 0.000189807 0.000201232 0.000214203 0.00023535 0.000255956 0.000263844 0.000278955 0.000293591 0.000299732 0.000324652 0.000343026 0.000358405 0.000368992 0.000381556 0.000408353 0.000418436 0.000451167 0.000474981 0.000473963 0.000492021 0.00052489 0.000559248 0.000558225 0.000577734 0.00060892 0.000633983 0.000661595 0.000673776 0.000710307 0.00073466 0.00076753 0.000793647 0.000822798 0.00086163 0.000888204 0.000932899 0.000963597 0.00101916 0.00106743 0.00113833 0.0012308 0.0013526 0.00152752 0.00176216 0.00211138 0.00256343 0.00320326 0.00404408 0.00515863 0.0065762 0.00838957 0.0106416 0.0133719 0.0166382 0.0204349 0.024732 0.0294062 0.0343736 0.0394027 0.044285 0.0487346 0.0525336 0.0553504 0.0569276 0.0570353 0.0555676 0.0524497 0.0477466 0.0416482 0.0344205 0.0263631 0.0178174 0.00922384 0.000988064 -0.00651104 -0.0129919 -0.0181428 -0.021775 -0.0237611 -0.0241455 -0.0229579 -0.0203404 -0.0164493 -0.0116125 -0.00613941 -0.000410905 0.00527894 0.0105476 0.0150688 0.0184733 0.0205533 0.02112 0.0201063 0.0174218 0.013141 0.0074039 0.000496481 -0.00731896 -0.015677 -0.0241816 -0.032373 -0.0398858 -0.0463924 -0.0516076 -0.0552962 -0.0573515 -0.0578062 -0.0567455 -0.0543682 -0.0509183 -0.0467245 -0.0420166 -0.0370813 -0.0321338 -0.0274245 -0.0230519 -0.0191537 -0.0157665 -0.0129199 -0.0105549 -0.0086417 -0.00713181 -0.00594554 -0.00504175 -0.00435113 -0.00385858 -0.00347882 -0.0032213 -0.00302523 -0.00289358 -0.00278845 -0.00271227 -0.00265591 -0.00259911 -0.00256344 -0.00251587 -0.00249088 -0.00244945 -0.00242131 -0.00239133 -0.00236557 -0.00234237 -0.00230509 -0.00228814 -0.00226279 -0.00225268 -0.00221613 -0.00218271 -0.0021801 -0.00216843 -0.00214112 -0.00210309 -0.00210198 -0.00208951 -0.002071 -0.00206252 -0.00203967 -0.00202731 -0.00201062 -0.00200792 -0.0020005 -0.0019779 -0.00196945 -0.00195467 -0.00194151 -0.0019374 -0.0019353 -0.00192378 -0.00191443 -0.00191261 -0.00189636 -0.00189351 -0.001891 -0.00187847 -0.00188193 -0.00187314 -0.00186464 -0.00186606 -0.00185726 -0.00185729 -0.00185775 -0.00185408 -0.00185465 -0.00185071 -0.00184892 
0 1.08529e-05 3.22649e-05 3.57737e-05 5.49572e-05 6.88241e-05 7.48664e-05 0.000100771 0.000105906 0.000118704 0.000139507 0.000139847 0.00016191 0.000180232 0.000189807 0.00021446 0.000226647 0.000235817 0.00025056 0.00026069 0.000273345 0.000298571 0.000316976 0.000332403 0.000354607 0.000359889 0.000384159 0.000405572 0.000418376 0.000450061 0.000450926 0.000467657 0.000495196 0.000514672 0.000542761 0.00055925 0.000583132 0.000599532 0.000642286 0.00066409 0.000675024 0.000717185 0.000733412 0.000767272 0.000791716 0.000823701 0.000849474 0.000883496 0.000927047 0.000946577 0.00100279 0.00104028 0.00109613 0.00115451 0.00124088 0.00134532 0.00148043 0.00169303 0.00195757 0.00235007 0.00286564 0.0035873 0.00451703 0.0057486 0.00731909 0.00929539 0.0117417 0.0146935 0.0182057 0.0222351 0.0267711 0.0316622 0.0368059 0.0419506 0.046901 0.0513596 0.0550944 0.0577932 0.0592166 0.0591608 0.0575216 0.0542693 0.0494704 0.0433299 0.0360839 0.0280537 0.0195564 0.0110297 0.00282437 -0.00468777 -0.0112537 -0.0165386 -0.0203588 -0.0225587 -0.0231874 -0.022243 -0.0198587 -0.0161599 -0.0114879 -0.00615208 -0.00055663 0.00500853 0.0101361 0.0144957 0.0176986 0.0195608 0.0198992 0.0186762 0.0157979 0.0113666 0.00551853 -0.00143444 -0.00924999 -0.0175625 -0.0260285 -0.0341956 -0.0417252 -0.048266 -0.053562 -0.0573679 -0.0595818 -0.0601896 -0.0592768 -0.0570171 -0.0536411 -0.0494486 -0.0446837 -0.0396442 -0.0345353 -0.0296176 -0.0250108 -0.0208828 -0.0172512 -0.0141786 -0.0116125 -0.00953306 -0.00786381 -0.00655357 -0.00555459 -0.00478069 -0.00421849 -0.0037924 -0.00350474 -0.00327074 -0.00312472 -0.00300935 -0.00292193 -0.00285455 -0.00280122 -0.00276176 -0.0027035 -0.00268352 -0.00263813 -0.00260599 -0.00257229 -0.0025422 -0.00251072 -0.0024792 -0.002464 -0.00241422 -0.0024028 -0.00238519 -0.0023561 -0.00233463 -0.00231095 -0.00229895 -0.0022781 -0.00227269 -0.00223996 -0.00221859 -0.00221351 -0.00218799 -0.00218456 -0.00216305 -0.00214211 -0.00213422 -0.00211787 -0.00211447 -0.00210971 -0.00209684 -0.00208314 -0.00207565 -0.00206035 -0.00205095 -0.0020515 -0.00203582 -0.00203497 -0.00202897 -0.00201177 -0.00201675 -0.0020094 -0.00200461 -0.00201006 -0.00199959 -0.0019955 -0.00199073 -0.00198227 -0.00198207 -0.00198206 -0.00198588 
0 8.76508e-06 3.26159e-05 3.70519e-05 5.78771e-05 7.43855e-05 8.26697e-05 0.000105335 0.000111314 0.000132187 0.000147511 0.000155424 0.000185162 0.00018235 0.000201232 0.000226647 0.000220894 0.000261679 0.000275539 0.000278542 0.000317492 0.000319284 0.000330822 0.000355594 0.000373853 0.000385986 0.000404445 0.000439618 0.000437169 0.000467722 0.000503184 0.000505966 0.000540108 0.000554014 0.000584121 0.000606412 0.00061402 0.000653573 0.000677944 0.000701685 0.000717192 0.000762404 0.000792521 0.000808036 0.000859858 0.000881396 0.000918794 0.000957165 0.00099635 0.00102916 0.00107379 0.00113435 0.00117027 0.00125239 0.00134065 0.00145664 0.00161429 0.00185001 0.00216488 0.00258543 0.00319336 0.00398068 0.00502656 0.00637339 0.00811248 0.0102583 0.0129026 0.0160912 0.01983 0.0241016 0.0288395 0.0339459 0.0392085 0.0444525 0.0494107 0.0538508 0.0574587 0.0600076 0.0612383 0.0610007 0.0591825 0.0558059 0.0509548 0.0448123 0.0376223 0.0296804 0.0213383 0.0129513 0.00488286 -0.00257873 -0.00912589 -0.0145013 -0.0184492 -0.0208753 -0.0217323 -0.021081 -0.0189621 -0.0155676 -0.0111465 -0.00608619 -0.000714891 0.00458528 0.00947852 0.0135506 0.0165026 0.0180814 0.0181942 0.0167359 0.0137096 0.00915789 0.00329581 -0.00364274 -0.0113522 -0.0195477 -0.0278633 -0.0359399 -0.0434026 -0.0499329 -0.055254 -0.0591589 -0.0615248 -0.0622997 -0.0615623 -0.0594489 -0.0562009 -0.0520384 -0.0472727 -0.0421456 -0.0369324 -0.0318109 -0.0270114 -0.0226451 -0.0187975 -0.0154854 -0.0127254 -0.0104722 -0.00864068 -0.00720828 -0.00609546 -0.00525475 -0.004599 -0.00414312 -0.00380031 -0.00354634 -0.00336612 -0.00324191 -0.00314283 -0.00305152 -0.00300892 -0.0029445 -0.00289728 -0.0028565 -0.00282162 -0.00277834 -0.0027446 -0.00272504 -0.00267186 -0.00265946 -0.00263456 -0.00259798 -0.00257004 -0.00255087 -0.0025347 -0.00249274 -0.00247987 -0.00245162 -0.0024356 -0.00241628 -0.00237856 -0.00238687 -0.00236007 -0.00233423 -0.00233233 -0.00231645 -0.00229922 -0.00228418 -0.00228651 -0.00225286 -0.00224006 -0.00224643 -0.00220949 -0.00221657 -0.00221193 -0.00218849 -0.00219482 -0.00217595 -0.00217311 -0.00216991 -0.0021589 -0.00216242 -0.0021423 -0.0021424 -0.00213721 -0.00212082 -0.00213847 -0.00212719 -0.00212574 -0.0021398 -0.00211529 -0.00212151 
0 1.37439e-05 3.56641e-05 4.42878e-05 6.12871e-05 7.98351e-05 8.56367e-05 0.000109487 0.000124153 0.000131174 0.000161475 0.000168601 0.000181595 0.000214735 0.000214203 0.000235817 0.000261679 0.000257885 0.000287598 0.000308833 0.00031871 0.000344194 0.000359806 0.000381125 0.000393115 0.000421803 0.000449307 0.000448983 0.000482042 0.000503543 0.000513009 0.000545441 0.000579102 0.000594469 0.000597725 0.000648018 0.000682322 0.000693484 0.000722356 0.000746022 0.000789257 0.000816085 0.000838812 0.000869789 0.000911401 0.000946613 0.000968809 0.00102268 0.00105688 0.0010966 0.0011507 0.00120669 0.00126389 0.00134365 0.00145835 0.00157877 0.00177023 0.00203476 0.00238883 0.00286875 0.0035415 0.00442656 0.00556627 0.00706002 0.00894637 0.0112802 0.0141205 0.0175404 0.0215049 0.0259918 0.030934 0.0362 0.0415756 0.0468543 0.0518104 0.0561594 0.0596255 0.0619674 0.0629981 0.0625463 0.0605598 0.0570705 0.0522043 0.0461089 0.0390315 0.0312634 0.0231489 0.0150009 0.0071359 -0.000169771 -0.00663464 -0.0120081 -0.0160635 -0.018672 -0.0197832 -0.0194209 -0.0176468 -0.0146157 -0.0105823 -0.00588889 -0.000890135 0.00404981 0.00856212 0.0122716 0.0148731 0.016154 0.0159979 0.0143325 0.0111609 0.00656783 0.0007444 -0.00607675 -0.0136178 -0.0215966 -0.029693 -0.0375891 -0.0449283 -0.0513922 -0.0567027 -0.0606865 -0.0631937 -0.0641613 -0.0636103 -0.0616956 -0.0585927 -0.0545315 -0.0497783 -0.0446286 -0.0393151 -0.0340494 -0.0290516 -0.0244777 -0.0204058 -0.0168656 -0.0139024 -0.0114586 -0.00947388 -0.00788892 -0.00667527 -0.00573062 -0.00500861 -0.00448483 -0.00410387 -0.00381619 -0.0036058 -0.00347332 -0.00335248 -0.00326643 -0.00320297 -0.003149 -0.00309026 -0.00305088 -0.00301647 -0.00296123 -0.00293463 -0.00290135 -0.00286486 -0.00282326 -0.00279695 -0.00277381 -0.00274184 -0.00271268 -0.00266872 -0.00266734 -0.00265267 -0.00260678 -0.00258333 -0.00257562 -0.00256259 -0.00252626 -0.00251902 -0.00250157 -0.00246908 -0.0024654 -0.00244945 -0.00243438 -0.00241376 -0.00240361 -0.00239694 -0.00237101 -0.00237728 -0.00236417 -0.00233907 -0.00234759 -0.00232964 -0.00231574 -0.00231838 -0.0023021 -0.00229525 -0.00229359 -0.00228608 -0.00228184 -0.00228024 -0.00227597 -0.00226712 -0.00226602 -0.0022612 -0.00225427 -0.00226024 -0.00225741 
