0 0 0 0 0 0 0 0 0 0 0 0 0 0 0 0 0 0 0 0 0 0 0 0 0 0 0 0 0 0 0 0 0 0 0 0 0 0 0 0 0 0 0 0 0 0 0 0 0 0 0 0 0 0 0 0 0 0 0 0 0 0 0 0 0 0 0 0 0 0 0 0 0 0 0 0 0 0 0 0 0 0 0 0 0 0 0 0 0 0 0 0 0 0 0 0 0 0 0 0 0 0 0 0 0 0 0 0 0 0 0 0 0 0 0 0 0 0 0 0 0 0 0 0 0 0 0 0 0 0 0 0 0 0 0 0 0 0 0 0 0 0 0 0 0 0 0 0 0 0 0 0 0 0 0 0 0 0 0 0 0 0 0 0 0 0 0 0 0 0 0 0 0 0 0 0 0 0 0 0 0 0 0 0 0 0 0 0 0 0 0 0 0 0 0 0 0 0 0 0 
0 5.01985e-06 -5.79285e-06 4.35133e-06 2.77218e-06 -3.06873e-06 9.46354e-06 7.95258e-07 9.11068e-07 1.08707e-05 -1.77093e-06 7.40415e-06 1.1811e-05 -2.16932e-07 1.32985e-05 6.16054e-06 -5.71498e-07 1.17882e-05 3.31721e-06 8.98242e-06 1.64816e-05 1.3245e-05 1.32323e-05 1.22651e-05 1.22711e-05 4.8485e-06 1.59616e-05 1.57193e-05 1.03182e-05 1.90636e-05 1.01696e-05 1.48069e-05 1.40866e-05 2.54358e-05 2.59078e-05 1.2417e-05 2.94937e-05 1.6694e-05 1.94461e-05 3.28767e-05 3.59982e-05 2.75302e-05 3.23916e-05 6.98905e-05 8.04093e-05 0.0001174 0.000157171 0.000230221 0.000330522 0.000442214 0.000598389 0.000789354 0.00103963 0.00131073 0.00165999 0.0020436 0.00246991 0.00292703 0.00337966 0.00379921 0.00413995 0.00439482 0.00448245 0.00443167 0.00419046 0.00377073 0.00315334 0.00239503 0.00151003 0.000563117 -0.000362172 -0.00122577 -0.00197574 -0.0025899 -0.00300867 -0.00326719 -0.00332986 -0.00324966 -0.00304047 -0.002788 -0.00246955 -0.00213778 -0.00180419 -0.00152155 -0.00126391 -0.00105175 -0.000871086 -0.000726119 -0.000603225 -0.00051454 -0.000447819 -0.000381119 -0.000318308 -0.000273832 -0.000248536 -0.000207756 -0.000162948 -0.000128044 -0.000114535 -8.22299e-05 -4.20892e-05 -6.54152e-06 6.62314e-06 3.74488e-05 8.00685e-05 0.00012253 0.000145925 0.000184632 0.000241181 0.000304545 0.000363596 0.000440793 0.000548334 0.000678012 0.00083871 0.00103075 0.00126584 0.00152737 0.00184193 0.00216756 0.00249061 0.00275885 0.00299675 0.00312593 0.00312834 0.00294347 0.00260433 0.00206694 0.00138645 0.000576611 -0.000306669 -0.00123835 -0.00212916 -0.00291746 -0.00357625 -0.0040533 -0.00435207 -0.00446108 -0.00442905 -0.00422305 -0.00392205 -0.00352909 -0.0030974 -0.00264395 -0.00222044 -0.00182857 -0.00147124 -0.00118901 -0.000933069 -0.000732583 -0.00056184 -0.000448011 -0.000345816 -0.000272702 -0.000216389 -0.000175755 -0.000174616 -0.000142519 -0.000123865 -0.000118353 -0.000129125 -0.000116238 -0.000109843 -0.000118897 -0.000100226 -0.000108904 -0.000109079 -0.000113244 -0.000109022 -0.000102421 -0.000112342 -0.000101946 -0.00010951 -0.000113056 -0.000107935 -0.000104569 -0.000103211 -0.000103546 -9.46178e-05 -0.000108424 -0.000103643 -9.75888e-05 -0.000112087 -9.60359e-05 -0.000100353 -0.00010861 -9.50033e-05 -0.000106628 -0.00010451 -9.50334e-05 -0.000104308 -9.62316e-05 -9.51559e-05 -0.000103785 -9.69244e-05 -0.000102668 -0.000105123 -9.69265e-05 -0.000102575 -9.91442e-05 
0 -5.79285e-06 1.3301e-05 -3.7116e-06 4.70181e-06 1.20297e-05 -5.79525e-06 1.43084e-05 6.94788e-06 2.12663e-06 1.99018e-05 1.95676e-06 1.10678e-05 1.45174e-05 6.4159e-06 2.12753e-05 1.73156e-05 2.35116e-05 1.90264e-05 1.76371e-05 1.92213e-05 4.49763e-06 2.73995e-05 2.02695e-05 2.02401e-05 4.34789e-05 1.93527e-05 2.56356e-05 3.63314e-05 2.68606e-05 3.35916e-05 4.41288e-05 3.43891e-05 2.03474e-05 3.88188e-05 3.47884e-05 3.61378e-05 5.20848e-05 4.59045e-05 4.68302e-05 5.16341e-05 8.08122e-05 0.000108913 0.000118219 0.000155748 0.000242417 0.000344332 0.000459878 0.000646945 0.000891946 0.00119504 0.00158812 0.00206164 0.00262961 0.00331173 0.00408775 0.00493459 0.00584317 0.00675279 0.00757533 0.00827113 0.00875516 0.00895227 0.00883018 0.00836481 0.00751479 0.00629758 0.00478325 0.00302413 0.00114905 -0.000702267 -0.00241074 -0.00392119 -0.00512785 -0.00598847 -0.00648833 -0.00664114 -0.00647202 -0.00608377 -0.00556692 -0.00495118 -0.00428263 -0.00363154 -0.00305804 -0.00254863 -0.00212057 -0.00175903 -0.00146824 -0.00121961 -0.00104443 -0.000901359 -0.000774866 -0.000642691 -0.000562078 -0.000496945 -0.00042661 -0.000328327 -0.0002706 -0.000226841 -0.000174755 -8.49433e-05 -2.74536e-05 1.56416e-05 6.55476e-05 0.000159838 0.000231804 0.000293316 0.000361768 0.000482251 0.000599789 0.000728247 0.000878741 0.00109815 0.00135609 0.00167992 0.00206568 0.00253262 0.00306279 0.00368027 0.0043355 0.00496377 0.00551245 0.00596245 0.00622985 0.00620895 0.00585777 0.00515666 0.00410574 0.00273336 0.00113688 -0.000633787 -0.0024728 -0.00424648 -0.00581416 -0.00711786 -0.00807648 -0.00866031 -0.00889736 -0.00881342 -0.00842921 -0.00781325 -0.00705161 -0.00618201 -0.00529048 -0.00444428 -0.00366281 -0.002965 -0.00237679 -0.00188187 -0.00146988 -0.00115444 -0.000892474 -0.00068002 -0.000548603 -0.000453838 -0.000362773 -0.000298116 -0.00027854 -0.000266355 -0.00024992 -0.000230488 -0.000221171 -0.000235934 -0.000223983 -0.000226176 -0.000236435 -0.000216743 -0.000210559 -0.000222261 -0.000222002 -0.000207504 -0.000223133 -0.000210291 -0.000194319 -0.000217211 -0.000204002 -0.000210945 -0.000218811 -0.000208434 -0.000210697 -0.000202187 -0.000208566 -0.000200596 -0.000204145 -0.000211064 -0.000193522 -0.000207726 -0.00019902 -0.000193283 -0.000210548 -0.000196671 -0.000205884 -0.00020875 -0.000195087 -0.000204285 -0.000195225 -0.000192868 -0.000202275 -0.000193677 -0.000200394 
0 4.35133e-06 -3.7116e-06 6.54505e-06 6.37297e-06 2.19514e-06 1.46384e-05 8.44633e-06 8.38033e-06 1.92305e-05 8.69504e-06 1.71121e-05 2.44937e-05 1.24797e-05 2.63076e-05 2.12513e-05 1.27643e-05 2.82605e-05 2.02629e-05 2.76134e-05 3.91206e-05 3.43327e-05 3.75825e-05 3.55812e-05 3.46084e-05 3.08955e-05 4.08259e-05 4.34835e-05 4.04704e-05 4.82519e-05 4.08727e-05 4.8209e-05 4.78822e-05 6.24421e-05 6.68699e-05 5.08115e-05 7.12621e-05 6.1095e-05 6.50891e-05 8.70252e-05 9.74659e-05 9.85749e-05 0.00012439 0.000194355 0.000250385 0.000358813 0.000495572 0.000703893 0.000993269 0.00134676 0.00181102 0.00239329 0.00312163 0.00396193 0.00498655 0.00613743 0.00740577 0.00875482 0.0100938 0.011325 0.012341 0.0130641 0.013342 0.0131682 0.0124568 0.0111986 0.00938795 0.00713777 0.00453203 0.00175035 -0.000991926 -0.00354713 -0.00578132 -0.00759371 -0.00887265 -0.00964195 -0.00987071 -0.00965432 -0.00908508 -0.00833148 -0.00741308 -0.00643436 -0.00546555 -0.00460799 -0.00384313 -0.00319905 -0.00265593 -0.00221195 -0.00184434 -0.00156969 -0.00135504 -0.00115578 -0.000972165 -0.000838301 -0.000742903 -0.000626309 -0.000498146 -0.000399186 -0.000336886 -0.000245613 -0.000131164 -3.3716e-05 2.73638e-05 0.000116875 0.000239284 0.000356975 0.000446152 0.000564 0.000730033 0.000915351 0.00110668 0.00134609 0.00166899 0.00206488 0.0025506 0.00313331 0.00383317 0.00462968 0.00554933 0.0065109 0.00744595 0.00825052 0.00891224 0.00927538 0.00923952 0.00868971 0.00764426 0.0060583 0.00402685 0.00163251 -0.000993465 -0.00372865 -0.0063548 -0.00868943 -0.0106263 -0.0120479 -0.0129318 -0.0132779 -0.0131643 -0.012586 -0.0116872 -0.0105396 -0.00925839 -0.00792892 -0.00666433 -0.00549596 -0.00444721 -0.00357702 -0.00282471 -0.00221409 -0.00171782 -0.00134924 -0.00104619 -0.000826411 -0.000663871 -0.000546294 -0.000496163 -0.000428564 -0.000384279 -0.000366054 -0.00036951 -0.000347664 -0.000339239 -0.000344113 -0.000320128 -0.000330563 -0.000328995 -0.000331206 -0.00032707 -0.000318575 -0.00032578 -0.00031728 -0.000323944 -0.000325811 -0.000322234 -0.000314117 -0.00031232 -0.000311676 -0.000300254 -0.000316279 -0.000309202 -0.000303661 -0.000317596 -0.000299513 -0.000305029 -0.000311652 -0.000298656 -0.000310202 -0.000306739 -0.000297098 -0.000304731 -0.000296102 -0.000294576 -0.000303407 -0.00029697 -0.000302675 -0.000305447 -0.000298403 -0.000305006 -0.000297451 
0 2.77218e-06 4.70181e-06 6.37297e-06 7.87165e-06 8.87888e-06 1.14028e-05 1.32666e-05 1.42163e-05 1.82314e-05 1.85933e-05 2.00659e-05 2.42314e-05 2.26656e-05 2.81196e-05 3.09899e-05 3.06571e-05 3.77867e-05 3.4733e-05 3.63937e-05 3.96634e-05 3.6804e-05 4.41568e-05 4.62742e-05 4.90812e-05 5.40977e-05 5.39682e-05 5.5934e-05 5.89884e-05 6.20455e-05 6.35773e-05 6.94901e-05 6.70559e-05 6.87743e-05 7.50944e-05 7.31898e-05 8.45186e-05 8.86866e-05 9.26642e-05 0.000106117 0.000122338 0.000149176 0.000191905 0.000254999 0.000341698 0.000487975 0.000685311 0.000955149 0.00132965 0.00181288 0.00243373 0.00321371 0.00417052 0.00530821 0.00665765 0.00818876 0.00986789 0.0116437 0.0134047 0.0150207 0.0163593 0.0172887 0.017664 0.0174171 0.016476 0.0148063 0.0124329 0.00946507 0.00604702 0.00240073 -0.00121202 -0.00458224 -0.00753662 -0.00992876 -0.0116486 -0.0126776 -0.0130205 -0.0127678 -0.012065 -0.0110761 -0.00988799 -0.00860692 -0.00734559 -0.00619809 -0.00518499 -0.00431903 -0.00359262 -0.00299111 -0.00250172 -0.0021241 -0.0018249 -0.00155694 -0.0013187 -0.00113591 -0.00099309 -0.000839203 -0.000677633 -0.000546968 -0.00044717 -0.000326604 -0.000183497 -5.80731e-05 3.97709e-05 0.000160488 0.000314904 0.000466479 0.000600014 0.00076273 0.00097817 0.00122381 0.00149073 0.00182087 0.00225136 0.00278708 0.00343849 0.00422263 0.00515151 0.00622115 0.00742435 0.00868549 0.00989879 0.0109607 0.0117931 0.0122424 0.0121543 0.0114165 0.010003 0.00790862 0.0052195 0.00206229 -0.00140321 -0.00498783 -0.00843383 -0.0115096 -0.0140505 -0.0159307 -0.0170995 -0.0175742 -0.0174152 -0.0166777 -0.0154946 -0.0139935 -0.0123076 -0.0105652 -0.00889091 -0.00734308 -0.00596382 -0.00478813 -0.00379463 -0.0029783 -0.00232282 -0.00180959 -0.0014061 -0.00111488 -0.000900749 -0.000740352 -0.000638994 -0.000568882 -0.000523647 -0.000494414 -0.000477491 -0.00046014 -0.000456617 -0.000454407 -0.000445922 -0.000448126 -0.000440164 -0.00043674 -0.000436714 -0.00043305 -0.000431328 -0.00042882 -0.000424814 -0.00042045 -0.000422404 -0.000418387 -0.00041999 -0.000421165 -0.000414521 -0.000417558 -0.000412306 -0.000409817 -0.000412543 -0.000407172 -0.000408654 -0.000407247 -0.000403487 -0.000404599 -0.000402761 -0.000402429 -0.000403941 -0.000403111 -0.000402602 -0.00040239 -0.000400152 -0.000399414 -0.000397392 -0.000395153 -0.00039826 -0.000398973 
0 -3.06873e-06 1.20297e-05 2.19514e-06 8.87888e-06 1.82951e-05 6.67457e-06 2.05641e-05 2.11204e-05 1.49575e-05 3.14227e-05 2.35417e-05 2.52888e-05 3.72729e-05 2.77028e-05 3.76389e-05 4.33733e-05 3.92389e-05 4.75548e-05 4.7838e-05 4.78852e-05 4.87771e-05 5.67236e-05 5.75845e-05 5.78466e-05 7.27562e-05 6.28524e-05 6.75665e-05 7.78618e-05 7.16418e-05 8.21421e-05 8.51402e-05 8.98059e-05 8.32095e-05 9.14393e-05 0.000103982 9.56572e-05 0.000115909 0.000121933 0.000129886 0.000148772 0.000192879 0.000252891 0.000313841 0.000442155 0.000619533 0.000879556 0.00121816 0.00168244 0.00230088 0.00307716 0.00405923 0.00524285 0.00668222 0.00834658 0.0102502 0.012328 0.0145093 0.0166708 0.0186468 0.0202889 0.021401 0.0218679 0.0215389 0.0203718 0.0183021 0.0153936 0.0117418 0.00755688 0.0030974 -0.00134655 -0.00549674 -0.00914837 -0.012102 -0.0142665 -0.0155607 -0.0160441 -0.0157859 -0.0149871 -0.0137847 -0.0123534 -0.010792 -0.00925713 -0.00782449 -0.00656546 -0.005475 -0.00456053 -0.00379784 -0.00318303 -0.0026959 -0.00230182 -0.00196477 -0.00167264 -0.0014392 -0.00123895 -0.00104963 -0.000857776 -0.000696998 -0.000549875 -0.00040154 -0.000233124 -8.29103e-05 6.14318e-05 0.000213357 0.00039712 0.000579057 0.000766543 0.000976925 0.00124165 0.00154638 0.00189856 0.00232618 0.00286876 0.00354755 0.00437033 0.00535932 0.00651727 0.00785804 0.00933026 0.0108711 0.0123383 0.0136378 0.0146057 0.0151089 0.0149382 0.0140015 0.0122096 0.00961782 0.00628647 0.0023951 -0.00187864 -0.00626576 -0.0104891 -0.0142712 -0.0173882 -0.0197117 -0.0211591 -0.0217677 -0.021565 -0.0206869 -0.0192342 -0.0174009 -0.0153272 -0.0131922 -0.0111171 -0.00919631 -0.00749464 -0.00601145 -0.00477886 -0.00375172 -0.00293951 -0.00228058 -0.00178094 -0.00141092 -0.00114117 -0.000947308 -0.000794954 -0.000720613 -0.000664827 -0.00062572 -0.000590072 -0.000580524 -0.00057729 -0.000557529 -0.000565687 -0.000556711 -0.000549461 -0.000543255 -0.000545429 -0.000545947 -0.000532276 -0.000542414 -0.000531343 -0.000524373 -0.000531134 -0.000525134 -0.000524829 -0.000522924 -0.000524355 -0.000514568 -0.000514971 -0.000519399 -0.000505436 -0.000516025 -0.000512682 -0.000501446 -0.000514271 -0.000502535 -0.000501486 -0.000511193 -0.000498361 -0.000505155 -0.000505908 -0.000494797 -0.000503277 -0.000498627 -0.000496622 -0.000503964 -0.000495286 -0.000499113 
0 9.46354e-06 -5.79525e-06 1.46384e-05 1.14028e-05 6.67457e-06 2.79848e-05 1.37633e-05 2.31154e-05 3.27224e-05 1.90558e-05 3.83506e-05 3.54839e-05 3.52058e-05 4.70706e-05 3.93816e-05 4.57456e-05 4.39879e-05 5.32543e-05 5.62003e-05 5.94511e-05 7.90773e-05 6.01387e-05 7.32914e-05 7.78039e-05 5.9151e-05 8.76887e-05 8.57214e-05 8.25766e-05 9.51867e-05 9.45526e-05 9.09704e-05 0.000100714 0.000122998 0.000112153 0.000120736 0.000129461 0.000125775 0.000144265 0.000165543 0.000201409 0.00022395 0.000281071 0.000401803 0.00055853 0.000761125 0.0010608 0.00150211 0.00206562 0.00280306 0.00374668 0.00491853 0.0063569 0.00807034 0.0100617 0.0123149 0.0147842 0.0173479 0.0198767 0.0221989 0.0241002 0.0253957 0.0259174 0.0255223 0.0241121 0.0216757 0.0182491 0.013964 0.00906411 0.00384511 -0.00137115 -0.0062725 -0.0105752 -0.014093 -0.016679 -0.0182733 -0.0189028 -0.0187003 -0.017824 -0.0164625 -0.0148011 -0.0130028 -0.0112014 -0.00950544 -0.00799502 -0.00668326 -0.00557211 -0.00464512 -0.00390032 -0.00329215 -0.00279883 -0.0023833 -0.00204407 -0.00174718 -0.00149303 -0.00125664 -0.00104811 -0.000844301 -0.000657198 -0.00046762 -0.000289434 -0.000101861 8.11806e-05 0.000278521 0.000477531 0.000700929 0.000937233 0.00120952 0.00151549 0.00188864 0.00232757 0.00286595 0.00352365 0.00435068 0.00535154 0.00654617 0.0079391 0.00953555 0.0112717 0.0130551 0.0147642 0.016252 0.0173378 0.0178343 0.0175716 0.0163954 0.0142431 0.0111424 0.00721069 0.00260349 -0.00242131 -0.00756652 -0.0125112 -0.0169531 -0.0206214 -0.0233555 -0.025091 -0.0258155 -0.0256018 -0.0245773 -0.022899 -0.0207396 -0.0183155 -0.015804 -0.0133445 -0.0110658 -0.00903198 -0.00726899 -0.00577789 -0.00455312 -0.00355451 -0.0027767 -0.00218641 -0.00171577 -0.00137445 -0.00115057 -0.0010012 -0.000872659 -0.000789188 -0.000749666 -0.000726446 -0.000708893 -0.000679363 -0.000680607 -0.000667161 -0.000653483 -0.000666764 -0.000663218 -0.000649578 -0.000643701 -0.000653774 -0.000634854 -0.000642404 -0.000654653 -0.000626717 -0.000637552 -0.000628352 -0.000616584 -0.000625289 -0.000619634 -0.000623064 -0.000615104 -0.000619884 -0.000612785 -0.000606114 -0.000620377 -0.000603675 -0.000612165 -0.000614123 -0.000595778 -0.000609556 -0.000597611 -0.00059528 -0.000608507 -0.000594955 -0.00060341 -0.000606222 -0.000595641 -0.000605133 -0.000597376 
0 7.95258e-07 1.43084e-05 8.44633e-06 1.32666e-05 2.05641e-05 1.37633e-05 2.46523e-05 2.84919e-05 2.46623e-05 3.86929e-05 3.67397e-05 3.47655e-05 4.93928e-05 4.30905e-05 5.08957e-05 6.49062e-05 5.65732e-05 6.77203e-05 6.72888e-05 6.03632e-05 7.00513e-05 7.21472e-05 8.10957e-05 8.8666e-05 9.69125e-05 9.64693e-05 9.60015e-05 0.000104456 0.000106071 0.000116145 0.000118341 0.000126452 0.000116738 0.000119775 0.000145963 0.000136977 0.000161046 0.000179204 0.000184772 0.000219083 0.000289087 0.000375118 0.000474293 0.000663598 0.000918198 0.00129793 0.00179551 0.00244848 0.00332875 0.00443602 0.00581151 0.00747396 0.009485 0.0117822 0.0143902 0.0172212 0.0201477 0.023025 0.0256494 0.0278007 0.0292367 0.02982 0.0293286 0.0277036 0.0249009 0.021002 0.0161263 0.0105735 0.00465957 -0.00127898 -0.00686898 -0.0118074 -0.0158515 -0.0188781 -0.0207653 -0.0215982 -0.0214703 -0.0205836 -0.0190872 -0.0172529 -0.0152326 -0.0132016 -0.0112481 -0.00949916 -0.0079585 -0.00664853 -0.00555211 -0.00466688 -0.00393241 -0.00332578 -0.00283426 -0.00243364 -0.00207938 -0.00175615 -0.00148308 -0.00124265 -0.00100817 -0.00076547 -0.000548222 -0.000344436 -0.000133387 0.000103965 0.000333595 0.000563162 0.000816064 0.0011162 0.00144231 0.00180411 0.00224022 0.00277993 0.00343154 0.00421683 0.00519493 0.00637866 0.00778597 0.00940769 0.011256 0.0132265 0.0152405 0.0171426 0.018797 0.019939 0.0204103 0.0199975 0.0185857 0.016049 0.0124748 0.00795001 0.00268872 -0.00304447 -0.00887909 -0.0144876 -0.019537 -0.0237112 -0.0268466 -0.0288411 -0.0297062 -0.0294729 -0.0283453 -0.0264473 -0.0240144 -0.0212564 -0.0183983 -0.0155798 -0.0129533 -0.0106115 -0.00854494 -0.00681653 -0.00538245 -0.00422575 -0.00328608 -0.00258269 -0.00204609 -0.0016497 -0.00136723 -0.00114427 -0.00102645 -0.000948227 -0.00088428 -0.000828679 -0.000819847 -0.000805531 -0.000786313 -0.000799984 -0.000779713 -0.000771076 -0.00076554 -0.000763863 -0.000763725 -0.000754768 -0.00075424 -0.000741376 -0.000736618 -0.000734254 -0.000738956 -0.00073644 -0.00073351 -0.000738979 -0.000720405 -0.000724488 -0.000725144 -0.000711189 -0.000724069 -0.000715699 -0.000706751 -0.000714912 -0.000702838 -0.000703134 -0.000712105 -0.000703144 -0.000708929 -0.000710203 -0.00069909 -0.000706199 -0.000697006 -0.000691331 -0.000700879 -0.000691553 -0.000700646 
0 9.11068e-07 6.94788e-06 8.38033e-06 1.42163e-05 2.11204e-05 2.31154e-05 2.84919e-05 3.22042e-05 3.3009e-05 3.97451e-05 4.29546e-05 4.46431e-05 5.41077e-05 5.29668e-05 5.64189e-05 6.38924e-05 6.00707e-05 7.24303e-05 7.74911e-05 8.04214e-05 9.35103e-05 8.92128e-05 9.41819e-05 9.71868e-05 9.6573e-05 0.00010696 0.000111827 0.000117058 0.000122335 0.000127356 0.000128203 0.000142223 0.000149491 0.000152149 0.000168579 0.000164027 0.000178933 0.000201765 0.000223353 0.000267219 0.000327209 0.000419307 0.000565171 0.000792532 0.00108697 0.00151809 0.00210936 0.00287728 0.00388884 0.00516157 0.00673739 0.00864897 0.0109308 0.0135395 0.0164749 0.0196497 0.0229086 0.0260957 0.0289903 0.0313442 0.0329102 0.0335137 0.0329349 0.0310872 0.0279535 0.0236081 0.0182091 0.0120675 0.00552758 -0.00105822 -0.00728364 -0.0128061 -0.0173656 -0.0208081 -0.0230198 -0.0240713 -0.0240765 -0.0232082 -0.0216454 -0.0196666 -0.0174713 -0.015225 -0.0130455 -0.0110567 -0.00929375 -0.00777633 -0.00650886 -0.00547072 -0.00460193 -0.00387687 -0.00330058 -0.00283291 -0.00241342 -0.00202594 -0.00170781 -0.00143579 -0.00116261 -0.000873837 -0.000620914 -0.000393641 -0.000149988 0.000132071 0.000401543 0.000660789 0.000952994 0.00131153 0.00169941 0.00212143 0.00263071 0.00327491 0.00404905 0.00497383 0.00610769 0.00748273 0.00910103 0.0109561 0.0130312 0.0152245 0.0174285 0.0194986 0.0212543 0.022422 0.0228072 0.022223 0.0205333 0.017627 0.0135768 0.0085 0.0026219 -0.0037507 -0.0102172 -0.0164264 -0.0220211 -0.0266697 -0.0301713 -0.0324259 -0.0334167 -0.0331991 -0.0319706 -0.0298949 -0.0272083 -0.024154 -0.0209692 -0.0178112 -0.014853 -0.0121951 -0.00985395 -0.00787218 -0.00622826 -0.00489445 -0.00382701 -0.00301501 -0.00238102 -0.00191515 -0.00159562 -0.00135638 -0.00119419 -0.00108626 -0.00101804 -0.000968117 -0.000948226 -0.000921025 -0.000900297 -0.000898752 -0.000882604 -0.000883449 -0.000879508 -0.000870024 -0.000865666 -0.000862152 -0.000858449 -0.000857511 -0.000858614 -0.000847226 -0.000847232 -0.000838372 -0.000830308 -0.000835873 -0.000825571 -0.000828286 -0.000827309 -0.000817832 -0.000821657 -0.000816544 -0.000814346 -0.000817768 -0.000813187 -0.000811179 -0.000810318 -0.000803859 -0.000802753 -0.000801415 -0.000796947 -0.000803487 -0.000803497 -0.000803029 -0.00080741 -0.000799187 -0.000798927 
0 1.08707e-05 2.12663e-06 1.92305e-05 1.82314e-05 1.49575e-05 3.27224e-05 2.46623e-05 3.3009e-05 4.53674e-05 3.64702e-05 5.11567e-05 5.42237e-05 5.28282e-05 6.61635e-05 6.57668e-05 7.08441e-05 7.56559e-05 8.11151e-05 8.34645e-05 8.65585e-05 0.00010114 9.3945e-05 0.000106384 0.00011778 0.00010647 0.000127801 0.000129613 0.000127851 0.000142603 0.000144478 0.000148214 0.000151722 0.000169309 0.000168472 0.000175683 0.000196428 0.000201212 0.000227593 0.000257829 0.000317067 0.000384552 0.000488785 0.000676839 0.000925153 0.00127758 0.00176413 0.00244703 0.00332706 0.00446735 0.0059151 0.00768877 0.00985338 0.0123917 0.0153149 0.0185604 0.0220565 0.0256231 0.0290857 0.0322172 0.0347347 0.036412 0.0370038 0.0363376 0.0342704 0.0308335 0.0260771 0.0202185 0.0135558 0.00645888 -0.00069717 -0.00749882 -0.0135572 -0.0186137 -0.0224567 -0.025019 -0.0263166 -0.0265051 -0.0256987 -0.0241361 -0.022057 -0.0197301 -0.0172943 -0.0149177 -0.0126969 -0.0107158 -0.00898785 -0.00754265 -0.00633911 -0.0053263 -0.00447904 -0.0038059 -0.00326082 -0.00276848 -0.00232164 -0.0019502 -0.00164094 -0.00132277 -0.000997192 -0.000703084 -0.000448496 -0.000165116 0.000152083 0.000465539 0.000758723 0.00109924 0.00151016 0.00196495 0.00245491 0.00304935 0.00380009 0.00470523 0.00578057 0.0070784 0.00864832 0.0104772 0.0125619 0.0148412 0.0172353 0.0195935 0.0217937 0.0235893 0.0247399 0.0249896 0.0242051 0.0222065 0.0189408 0.0144268 0.00884093 0.00239828 -0.00453713 -0.011568 -0.0183067 -0.0243801 -0.029459 -0.0332952 -0.0357997 -0.0369112 -0.0367376 -0.0354254 -0.0332118 -0.0303057 -0.0269963 -0.0235115 -0.0200452 -0.0167785 -0.0138078 -0.0112055 -0.0089687 -0.00712236 -0.00560018 -0.00439991 -0.0034675 -0.00274163 -0.00220586 -0.00182263 -0.00156262 -0.00135657 -0.00123148 -0.00115135 -0.00109974 -0.00106378 -0.00103147 -0.00102942 -0.00100851 -0.000999623 -0.000999138 -0.00099175 -0.000981068 -0.000974232 -0.000980091 -0.000959341 -0.00096278 -0.000964381 -0.00094432 -0.000952851 -0.000945876 -0.000938993 -0.000940148 -0.000936224 -0.000933066 -0.00092576 -0.000930812 -0.000920476 -0.000917728 -0.000924785 -0.000908237 -0.000915514 -0.000914443 -0.000901046 -0.00091378 -0.000906075 -0.000904043 -0.000912142 -0.000898271 -0.000902034 -0.000902234 -0.000892738 -0.000903082 -0.000899381 
0 -1.77093e-06 1.99018e-05 8.69504e-06 1.85933e-05 3.14227e-05 1.90558e-05 3.86929e-05 3.97451e-05 3.64702e-05 5.60687e-05 4.98539e-05 5.742e-05 6.61212e-05 6.46103e-05 7.47094e-05 7.92266e-05 8.97405e-05 8.73239e-05 9.77136e-05 0.000102781 9.15793e-05 0.00011915 0.00011359 0.000118213 0.000144663 0.00012933 0.000140575 0.000149369 0.000152325 0.000159498 0.000171973 0.000183186 0.000168729 0.000190758 0.000201648 0.00020955 0.000236484 0.000260865 0.000296476 0.000338156 0.000450408 0.0005933 0.000776737 0.00105964 0.00147693 0.00205664 0.00280157 0.00380177 0.00508565 0.00670739 0.00869456 0.0110837 0.0138991 0.0171057 0.0206609 0.0244346 0.0282857 0.0319865 0.0353042 0.0379621 0.0396992 0.0402763 0.0394898 0.0372374 0.0335002 0.0283968 0.0221295 0.0150273 0.00744701 -0.000200019 -0.00749952 -0.0140546 -0.0195598 -0.0238111 -0.0267174 -0.0283155 -0.0287033 -0.0280351 -0.0265111 -0.0244092 -0.0219718 -0.0194006 -0.0168376 -0.0144149 -0.0122099 -0.0102824 -0.00864382 -0.00726796 -0.00610002 -0.00512797 -0.00434634 -0.00370783 -0.00314096 -0.00263303 -0.00220812 -0.0018448 -0.00148592 -0.00112231 -0.000793135 -0.000494207 -0.000175374 0.000178639 0.000529068 0.000872824 0.00126243 0.00172861 0.00224842 0.00282215 0.00351262 0.00437475 0.0054193 0.00665435 0.00813205 0.00989145 0.0119386 0.0142309 0.0167076 0.0192559 0.0217514 0.0240122 0.0258107 0.0268672 0.0269623 0.0259174 0.0236096 0.0199636 0.0150265 0.00895516 0.00202024 -0.00541118 -0.0129316 -0.0201263 -0.0266221 -0.0320685 -0.0362286 -0.0389458 -0.0402043 -0.0400703 -0.0387243 -0.0363858 -0.0333138 -0.0297777 -0.026021 -0.0222799 -0.018712 -0.0154591 -0.012573 -0.0101059 -0.00804026 -0.00635134 -0.00499342 -0.00392472 -0.00313194 -0.00252572 -0.00207346 -0.00174252 -0.00154341 -0.00140473 -0.00128908 -0.00122245 -0.00118087 -0.00116503 -0.00113411 -0.00113144 -0.00112359 -0.00109727 -0.00109808 -0.00109535 -0.00109219 -0.00107567 -0.00108238 -0.00106894 -0.00105022 -0.00107064 -0.00105106 -0.0010514 -0.00105714 -0.00103953 -0.00104054 -0.00103461 -0.00103431 -0.00102661 -0.00102919 -0.00102767 -0.00101199 -0.00102441 -0.00101087 -0.00100854 -0.00102268 -0.00100226 -0.00101216 -0.00101256 -0.000996683 -0.00101127 -0.00099992 -0.000995975 -0.00100814 -0.000993578 -0.00100156 
0 7.40415e-06 1.95676e-06 1.71121e-05 2.00659e-05 2.35417e-05 3.83506e-05 3.67397e-05 4.29546e-05 5.11567e-05 4.98539e-05 5.85189e-05 6.66286e-05 6.71598e-05 7.7682e-05 8.31931e-05 8.09248e-05 9.26212e-05 9.60283e-05 0.000102405 0.000117651 0.000121658 0.00012855 0.000129892 0.00013327 0.000136347 0.000142674 0.000159537 0.000163014 0.000169469 0.000177997 0.000181452 0.000186159 0.000210476 0.000222665 0.000217714 0.000245347 0.000254909 0.000278978 0.000340559 0.000412085 0.000503446 0.000650278 0.000899164 0.0012341 0.00170482 0.00232966 0.00318935 0.00432428 0.00574622 0.00753809 0.00973308 0.0123729 0.0154336 0.0189303 0.0227532 0.0267959 0.030887 0.0347875 0.0382536 0.0410018 0.0427798 0.0432959 0.042403 0.039951 0.0359633 0.0305422 0.0239461 0.0164674 0.00849021 0.00043484 -0.00729281 -0.0142779 -0.0202079 -0.0248383 -0.0281197 -0.0300243 -0.0306727 -0.0301732 -0.0287728 -0.0266848 -0.0242056 -0.0215192 -0.0188167 -0.0161969 -0.0137929 -0.011658 -0.00982696 -0.00826023 -0.00693526 -0.00582981 -0.00492811 -0.00418132 -0.00353296 -0.00296692 -0.00247896 -0.00205543 -0.00164797 -0.00125593 -0.000884141 -0.000538261 -0.000174606 0.000206312 0.000599943 0.000998781 0.00144891 0.00196632 0.00255681 0.00322596 0.00402615 0.00500745 0.00619442 0.00760582 0.00926728 0.0112264 0.0134737 0.0159723 0.0186075 0.0212942 0.023866 0.0261546 0.027874 0.0288034 0.0286782 0.0273622 0.0247039 0.0206984 0.015347 0.00884992 0.00147789 -0.00636877 -0.0143009 -0.021885 -0.0287274 -0.0345049 -0.0389367 -0.0418739 -0.0432582 -0.0432056 -0.0418359 -0.0394238 -0.0362122 -0.032492 -0.0285012 -0.0245004 -0.0206641 -0.0171213 -0.013991 -0.0112739 -0.00899212 -0.00711498 -0.00563011 -0.00443803 -0.0035214 -0.00283907 -0.0023419 -0.00199604 -0.00172597 -0.00154508 -0.00143794 -0.00137752 -0.00131097 -0.00127698 -0.00126063 -0.00122674 -0.00122661 -0.00122421 -0.00121151 -0.00119913 -0.00119437 -0.00118704 -0.00118217 -0.00118662 -0.00117888 -0.0011729 -0.00116147 -0.00115605 -0.00115053 -0.00114364 -0.00114956 -0.00113952 -0.00113504 -0.00113614 -0.0011243 -0.00112579 -0.00112892 -0.00112078 -0.00112326 -0.00112108 -0.00110911 -0.00111418 -0.0011058 -0.00109924 -0.00111084 -0.00110022 -0.00110751 -0.00111271 -0.00109921 -0.00111027 -0.00109911 
0 1.1811e-05 1.10678e-05 2.44937e-05 2.42314e-05 2.52888e-05 3.54839e-05 3.47655e-05 4.46431e-05 5.42237e-05 5.742e-05 6.66286e-05 7.20415e-05 7.46134e-05 8.41191e-05 8.99268e-05 9.44411e-05 0.000107311 0.000107816 0.000113021 0.000120258 0.000118278 0.000133562 0.000140352 0.000150624 0.000165188 0.000164097 0.0001731 0.000177956 0.000182713 0.000195641 0.000206462 0.000207618 0.00021731 0.000228614 0.000233578 0.000268386 0.000289955 0.000321292 0.000380624 0.000453992 0.000582688 0.000772471 0.00103621 0.00140164 0.00194265 0.0026593 0.00361036 0.00486089 0.00643147 0.00840742 0.0108154 0.0136827 0.0169983 0.0207619 0.0248453 0.0291224 0.0334244 0.0374864 0.0410602 0.0438665 0.0456384 0.0460839 0.0450612 0.0424313 0.0382093 0.0325316 0.0256581 0.0178821 0.00958557 0.00120295 -0.00687613 -0.0142352 -0.0205423 -0.0255499 -0.0292022 -0.0314504 -0.032384 -0.0321214 -0.0308907 -0.0288923 -0.026412 -0.0236668 -0.0208448 -0.0180638 -0.0154684 -0.0131393 -0.0111017 -0.00934032 -0.00784652 -0.00660297 -0.00556489 -0.00469744 -0.00395924 -0.00333131 -0.00277411 -0.00228072 -0.00182242 -0.00140027 -0.000985457 -0.000584558 -0.000175128 0.000234159 0.000671156 0.00113372 0.00164963 0.00222157 0.00288758 0.00366282 0.0045874 0.00569359 0.00703265 0.00862476 0.010485 0.0126366 0.0150802 0.0177548 0.0205333 0.0233099 0.0259226 0.0281685 0.0297645 0.0304977 0.0301245 0.0284955 0.0254868 0.0211142 0.0153899 0.0085139 0.000780106 -0.00740589 -0.0156678 -0.0235616 -0.0306919 -0.0367355 -0.0414133 -0.0445423 -0.04607 -0.0461019 -0.0447545 -0.0422982 -0.0389943 -0.0351273 -0.0309395 -0.0267153 -0.0226305 -0.018827 -0.0154397 -0.0124939 -0.0100017 -0.0079394 -0.0062898 -0.00496691 -0.00396127 -0.00319697 -0.00261313 -0.00220671 -0.00192341 -0.00172385 -0.00158243 -0.00149947 -0.00142968 -0.0013994 -0.00138374 -0.00135512 -0.00134762 -0.00133255 -0.00132074 -0.00131772 -0.00131372 -0.00130111 -0.00129387 -0.00128416 -0.0012712 -0.00127519 -0.00126651 -0.00126631 -0.00126525 -0.00125204 -0.00125344 -0.00124537 -0.00124042 -0.00124302 -0.00123505 -0.00123074 -0.00122858 -0.00121905 -0.0012174 -0.00121768 -0.00121036 -0.00121904 -0.00121771 -0.00121154 -0.00121831 -0.00120324 -0.00120238 -0.00120336 -0.00119182 -0.00120567 -0.00120216 
0 -2.16932e-07 1.45174e-05 1.24797e-05 2.26656e-05 3.72729e-05 3.52058e-05 4.93928e-05 5.41077e-05 5.28282e-05 6.61212e-05 6.71598e-05 7.46134e-05 8.44729e-05 8.9246e-05 9.55541e-05 0.000101481 0.000114283 0.000112063 0.000127882 0.000139641 0.000130569 0.000157563 0.000152159 0.000151326 0.000177974 0.000168135 0.000183653 0.00019715 0.000200482 0.000210023 0.000220088 0.000236737 0.000236011 0.000258261 0.000270939 0.000286766 0.000317004 0.000354488 0.000429498 0.000504019 0.00065576 0.000877517 0.00116878 0.00159886 0.00220026 0.00301227 0.0040592 0.0054443 0.00717536 0.00933043 0.0119533 0.015039 0.0186137 0.0226112 0.0269368 0.031413 0.0358875 0.040068 0.0437042 0.0465308 0.0482487 0.0486114 0.0474377 0.0446483 0.0402162 0.0343425 0.0272472 0.0192544 0.0107227 0.00209461 -0.00625321 -0.0139217 -0.0205518 -0.025927 -0.0299387 -0.0325577 -0.0338006 -0.033836 -0.0328197 -0.0309842 -0.0285522 -0.0258049 -0.0228909 -0.0199875 -0.0172171 -0.0147074 -0.0124568 -0.0104991 -0.00882787 -0.00743716 -0.00625047 -0.00525141 -0.00441556 -0.0037159 -0.00308536 -0.00251471 -0.00200423 -0.00154433 -0.00108679 -0.000625193 -0.000170703 0.000274589 0.000756006 0.00128977 0.00187469 0.00251122 0.00325965 0.00415235 0.00521341 0.00645623 0.00795704 0.0097349 0.011804 0.014143 0.0167724 0.0195917 0.0224919 0.0253106 0.02792 0.0300528 0.03148 0.031953 0.0313009 0.0293223 0.0259655 0.0212209 0.0151641 0.00795871 -6.25419e-05 -0.00851792 -0.0170295 -0.0251584 -0.0325209 -0.0387726 -0.0436674 -0.0469657 -0.0486531 -0.0487745 -0.0474919 -0.0450213 -0.0416669 -0.0376864 -0.0333384 -0.0289168 -0.0245966 -0.0205612 -0.0169148 -0.0137468 -0.0110335 -0.00879625 -0.0069815 -0.00552382 -0.00441491 -0.00356177 -0.00292118 -0.00244746 -0.00213846 -0.00190449 -0.00173907 -0.00164549 -0.00157004 -0.00153154 -0.00148877 -0.00147369 -0.00146001 -0.00143895 -0.00143444 -0.00142517 -0.00141865 -0.00140093 -0.00141056 -0.00139826 -0.00138292 -0.00139853 -0.00137188 -0.00137003 -0.0013728 -0.00135377 -0.00135743 -0.00135141 -0.00134538 -0.0013394 -0.00133882 -0.00133485 -0.00132634 -0.00133499 -0.00132506 -0.0013238 -0.00132679 -0.00130908 -0.00131395 -0.00131016 -0.0013019 -0.00131398 -0.00130827 -0.00130804 -0.00131482 -0.00130286 -0.00130382 
0 1.32985e-05 6.4159e-06 2.63076e-05 2.81196e-05 2.77028e-05 4.70706e-05 4.30905e-05 5.29668e-05 6.61635e-05 6.46103e-05 7.7682e-05 8.41191e-05 8.9246e-05 9.672e-05 0.000106483 0.000113177 0.000113062 0.00013195 0.000130042 0.00013752 0.000161867 0.000151122 0.000169699 0.000180214 0.000173997 0.000193744 0.000201144 0.00021186 0.000214794 0.000232582 0.000237165 0.000234258 0.000271667 0.000274655 0.00028884 0.000318922 0.000347977 0.000391963 0.000466351 0.000598816 0.000742853 0.000977411 0.00132912 0.00182614 0.00249325 0.00336439 0.00454968 0.00605933 0.00795925 0.0102882 0.0131192 0.0164432 0.0202442 0.0244811 0.0290027 0.0336774 0.0382678 0.0425405 0.0461986 0.0489994 0.0506393 0.0508802 0.0495666 0.0465986 0.0420155 0.0359674 0.0287304 0.0205733 0.0119015 0.00309446 -0.00544167 -0.0133488 -0.0202625 -0.0259726 -0.0303524 -0.0333357 -0.0349437 -0.0352986 -0.0345739 -0.0329375 -0.0306427 -0.027918 -0.0249764 -0.0219631 -0.0190657 -0.0163653 -0.0139224 -0.0117502 -0.00990845 -0.00834328 -0.00700849 -0.00585903 -0.00492213 -0.00412931 -0.00342474 -0.00276901 -0.00220534 -0.00169396 -0.00119338 -0.0006684 -0.000170119 0.000323605 0.000851274 0.00146236 0.00211507 0.00283427 0.00366881 0.00469512 0.00589183 0.00729635 0.00895482 0.0109363 0.0131981 0.0157379 0.0185129 0.0214675 0.0244314 0.0272734 0.0297955 0.0317799 0.0329591 0.0331492 0.0321551 0.0298292 0.026105 0.0210177 0.0146541 0.00718908 -0.00104698 -0.00970048 -0.0183707 -0.0266731 -0.0341856 -0.0406156 -0.0456606 -0.0491393 -0.0509652 -0.0512144 -0.0500102 -0.0475784 -0.0442069 -0.0401485 -0.0356953 -0.0310892 -0.0265802 -0.0223097 -0.0184491 -0.0150423 -0.012121 -0.00969466 -0.00771987 -0.00614249 -0.0048837 -0.00394706 -0.00324273 -0.00273039 -0.0023394 -0.00206987 -0.00191372 -0.00178824 -0.00170412 -0.00164529 -0.0016219 -0.00158367 -0.00156833 -0.00157354 -0.00154339 -0.00153729 -0.00152871 -0.0015223 -0.00150992 -0.00150728 -0.00150816 -0.00148078 -0.00148921 -0.00147958 -0.001464 -0.00147469 -0.00146107 -0.00145645 -0.00145341 -0.00144788 -0.00144146 -0.00143841 -0.00144228 -0.00142538 -0.00142996 -0.00142823 -0.00141228 -0.00142775 -0.00141522 -0.00141068 -0.00142407 -0.00140329 -0.00141176 -0.0014138 -0.00139676 -0.00141467 -0.00140485 
0 6.16054e-06 2.12753e-05 2.12513e-05 3.09899e-05 3.76389e-05 3.93816e-05 5.08957e-05 5.64189e-05 6.57668e-05 7.47094e-05 8.31931e-05 8.99268e-05 9.55541e-05 0.000106483 0.000109265 0.000121169 0.000131195 0.0001356 0.000148291 0.000150838 0.000156721 0.000165962 0.000178158 0.000188951 0.000200486 0.000215616 0.000211446 0.000223164 0.000236501 0.0002391 0.000260211 0.000274413 0.000276029 0.000287139 0.000317033 0.000340001 0.000382466 0.000449323 0.000522704 0.000642765 0.000837557 0.00112967 0.00151301 0.00204398 0.00278664 0.00378724 0.005077 0.00671002 0.00877591 0.0113051 0.0143408 0.0178792 0.0219113 0.0263494 0.0310673 0.0358835 0.0405701 0.0448823 0.0485321 0.0512628 0.0527856 0.052895 0.0514149 0.0482975 0.043574 0.0374208 0.0300777 0.0218488 0.0130983 0.00420138 -0.00445395 -0.0125245 -0.0196711 -0.0256911 -0.0304149 -0.0337814 -0.0357674 -0.0364986 -0.0360929 -0.0347368 -0.0326211 -0.0299949 -0.0270505 -0.0239904 -0.0209749 -0.0181186 -0.015475 -0.0131099 -0.0110737 -0.00933428 -0.00782937 -0.00653596 -0.00547305 -0.00458018 -0.00378493 -0.00305244 -0.00242075 -0.00185297 -0.0012969 -0.000718531 -0.000166541 0.00037999 0.000969662 0.00165013 0.00238373 0.00319142 0.00413699 0.00529233 0.00664477 0.00821252 0.0100549 0.0122245 0.0146912 0.0174046 0.020323 0.0233575 0.0263661 0.0291622 0.0315598 0.0333135 0.0342159 0.0340611 0.0327082 0.0300038 0.0259304 0.0205114 0.0138855 0.00622249 -0.00215992 -0.0109306 -0.019697 -0.0280836 -0.0357068 -0.0422446 -0.0474256 -0.0510473 -0.0530375 -0.0534144 -0.052329 -0.0499707 -0.0466187 -0.0425266 -0.0379892 -0.0332521 -0.0285585 -0.0240944 -0.0200019 -0.0163817 -0.013262 -0.0106432 -0.00848144 -0.00676648 -0.00541876 -0.00437045 -0.00356656 -0.0029847 -0.00258144 -0.00228587 -0.00206906 -0.00192177 -0.00184392 -0.00178021 -0.00173859 -0.00171863 -0.0016901 -0.00166617 -0.00166205 -0.00165834 -0.00164006 -0.00163775 -0.00162372 -0.0016067 -0.00160509 -0.0015985 -0.00159489 -0.00158825 -0.00158394 -0.00157314 -0.00156586 -0.00156526 -0.00155708 -0.00155656 -0.00155062 -0.00154328 -0.00153846 -0.00153388 -0.00152983 -0.00152444 -0.00152916 -0.00152258 -0.00152271 -0.00152545 -0.00151188 -0.00151806 -0.0015104 -0.0015036 -0.00151406 -0.00150219 -0.00151042 
0 -5.71498e-07 1.73156e-05 1.27643e-05 3.06571e-05 4.33733e-05 4.57456e-05 6.49062e-05 6.38924e-05 7.08441e-05 7.92266e-05 8.09248e-05 9.44411e-05 0.000101481 0.000113177 0.000121169 0.000128258 0.000137969 0.00014357 0.000155844 0.000165483 0.000178365 0.000185525 0.000193228 0.00019911 0.000200364 0.000219323 0.0002262 0.000241416 0.000260394 0.000259563 0.000273811 0.000288771 0.000300971 0.000325126 0.000351055 0.000369239 0.000412854 0.000480872 0.000575643 0.000734284 0.000944669 0.00124645 0.00169147 0.00230964 0.00312934 0.00421833 0.00562803 0.0074157 0.00965797 0.0123705 0.0156042 0.0193641 0.0236085 0.0282299 0.033108 0.0380395 0.0427804 0.0470962 0.0506953 0.0533152 0.0546938 0.0546441 0.0529952 0.0497315 0.0449059 0.0386827 0.0312979 0.0230602 0.014309 0.00539392 -0.00330323 -0.0114679 -0.0187964 -0.0250843 -0.0301352 -0.0338788 -0.0362708 -0.0374019 -0.0373665 -0.0363377 -0.0344709 -0.0319916 -0.0291061 -0.0260367 -0.022943 -0.0199448 -0.0171245 -0.0145692 -0.0123373 -0.0104051 -0.00872752 -0.00728124 -0.0060808 -0.00506639 -0.00417468 -0.00336215 -0.00265659 -0.00201703 -0.00140103 -0.00076977 -0.000161993 0.000451719 0.00111083 0.00186359 0.00268121 0.00359666 0.00466661 0.00596108 0.00747194 0.00922155 0.0112545 0.0136154 0.0162693 0.0191481 0.0221783 0.0252625 0.0282607 0.0309672 0.0331731 0.0346477 0.0352173 0.0346897 0.0329423 0.0298562 0.0254385 0.0197214 0.0128726 0.00507416 -0.00338467 -0.0122029 -0.0209923 -0.0293998 -0.0370693 -0.043677 -0.0489529 -0.0527097 -0.0548601 -0.0553899 -0.0544444 -0.0521977 -0.0489016 -0.0448118 -0.0402284 -0.0353842 -0.0305348 -0.0258938 -0.0215975 -0.0177556 -0.0144294 -0.0116279 -0.0093012 -0.00743386 -0.00594931 -0.0048023 -0.0039421 -0.00329331 -0.00281117 -0.00247967 -0.00225619 -0.00209175 -0.00199121 -0.00191219 -0.00185521 -0.00183038 -0.00180924 -0.00178765 -0.00177727 -0.00176082 -0.00174167 -0.00174437 -0.00173454 -0.00172901 -0.00172629 -0.0017102 -0.00170305 -0.00169332 -0.00168771 -0.00168259 -0.00167703 -0.00166975 -0.00166119 -0.0016562 -0.00164892 -0.00164944 -0.00164309 -0.00164558 -0.00164497 -0.00163199 -0.00163726 -0.00162085 -0.00161671 -0.00162298 -0.00160695 -0.00162322 -0.00161907 -0.00161275 -0.00162749 -0.00160648 -0.00161255 
0 1.17882e-05 2.35116e-05 2.82605e-05 3.77867e-05 3.92389e-05 4.39879e-05 5.65732e-05 6.00707e-05 7.56559e-05 8.97405e-05 9.26212e-05 0.000107311 0.000114283 0.000113062 0.000131195 0.000137969 0.0001391 0.00016456 0.000160929 0.000167166 0.000193341 0.000182539 0.000206401 0.000224078 0.000221203 0.000244939 0.000246244 0.000256798 0.000264481 0.000278598 0.000296249 0.000298637 0.000324973 0.000338852 0.000365878 0.000399949 0.000462157 0.000539082 0.000632898 0.00082822 0.0010617 0.00140606 0.00190755 0.00258533 0.00348924 0.0046759 0.00622585 0.00815266 0.0105703 0.0134694 0.0169074 0.0208835 0.0253148 0.0301147 0.0351197 0.0401456 0.0448998 0.0491904 0.0526976 0.0551733 0.0563832 0.0561454 0.0543297 0.0509193 0.0460262 0.0397588 0.032396 0.0242002 0.0155207 0.0066516 -0.00201473 -0.0102118 -0.0176706 -0.0241778 -0.0295355 -0.0336422 -0.0364618 -0.038006 -0.0383911 -0.0377258 -0.0361765 -0.0338905 -0.0311345 -0.0280918 -0.0249656 -0.0218417 -0.018878 -0.0161352 -0.0137109 -0.0115674 -0.00971704 -0.00810511 -0.00675706 -0.00559815 -0.00460353 -0.00370266 -0.00291745 -0.00219042 -0.0015101 -0.000822027 -0.0001559 0.000539318 0.00127407 0.00210593 0.00301124 0.00405428 0.00525942 0.00670566 0.00837483 0.0103239 0.0125482 0.0151029 0.0179164 0.0209474 0.02405 0.0271536 0.0300756 0.0326472 0.034592 0.035748 0.0359287 0.0350091 0.0328374 0.0293765 0.0246234 0.0186521 0.0116254 0.00375285 -0.00471279 -0.0135091 -0.0222477 -0.0306189 -0.0382653 -0.0449082 -0.0502364 -0.0541215 -0.0564203 -0.057129 -0.0563418 -0.0542419 -0.0510401 -0.0469867 -0.0423991 -0.0374772 -0.0325134 -0.0277024 -0.0232321 -0.0191815 -0.0156584 -0.0126633 -0.0101616 -0.00815422 -0.00652994 -0.0052754 -0.0043175 -0.00360826 -0.00306273 -0.00269038 -0.00244213 -0.00223651 -0.00212542 -0.00204347 -0.00199279 -0.00195019 -0.00192445 -0.00191205 -0.00188718 -0.00188388 -0.00186857 -0.00186298 -0.00184171 -0.00183277 -0.00183341 -0.00180466 -0.00181758 -0.00180632 -0.00178637 -0.00179803 -0.00177943 -0.00177353 -0.0017778 -0.00176606 -0.00176219 -0.00176158 -0.00174832 -0.0017389 -0.00174053 -0.00172996 -0.00173137 -0.00173729 -0.00172847 -0.00173213 -0.00172839 -0.00171763 -0.00171832 -0.00171315 -0.00170923 -0.00171479 -0.00171557 
