0 0 0 0 0 0 0 0 0 0 0 0 0 0 0 0 0 0 0 0 0 0 0 0 0 0 0 0 0 0 0 0 0 0 0 0 0 0 0 0 0 0 0 0 0 0 0 0 0 0 0 0 0 0 0 0 0 0 0 0 0 0 0 0 0 0 0 0 0 0 0 0 0 0 0 0 0 0 0 0 0 0 0 0 0 0 0 0 0 0 0 0 0 0 0 0 0 0 0 0 0 0 0 0 0 0 0 0 0 0 0 0 0 0 0 0 0 0 0 0 0 0 0 0 0 0 0 0 0 0 0 0 0 0 0 0 0 0 0 0 0 0 0 0 0 0 0 0 0 0 0 0 0 0 0 0 0 0 0 0 0 0 0 0 0 0 0 0 0 0 0 0 0 0 0 0 0 0 0 0 0 0 0 0 0 0 0 0 0 0 0 0 0 0 0 0 0 0 0 0 
0 1.82339e-05 2.95297e-05 5.95008e-05 8.20647e-05 0.000121068 0.000175687 0.000237052 0.000333309 0.000444741 0.000591367 0.000774401 0.00098977 0.00125399 0.0015533 0.00189976 0.00227317 0.00267188 0.00306893 0.00343112 0.00374896 0.0039547 0.00405866 0.00401888 0.00381934 0.00349496 0.00300721 0.00241776 0.00174556 0.00102711 0.000340506 -0.000274828 -0.000771122 -0.00111919 -0.00130116 -0.00134781 -0.00123523 -0.00100723 -0.00069578 -0.00031008 7.87616e-05 0.000470044 0.000836413 0.00118253 0.00148875 0.00176195 0.00200542 0.00221541 0.00241785 0.00260748 0.0027852 0.00293282 0.00309804 0.0032568 0.00340789 0.00356176 0.00370181 0.00383203 0.00397632 0.00413249 0.00425613 0.00437884 0.00450464 0.00464541 0.00477091 0.00488081 0.00499111 0.00511915 0.00523355 0.00533063 0.00543739 0.005543 0.00564409 0.00573566 0.00582764 0.0059148 0.00600953 0.00608537 0.00616067 0.00624129 0.00631986 0.00637753 0.00644567 0.00651456 0.00657106 0.00662028 0.00667877 0.0067286 0.00677018 0.00681223 0.0068537 0.00688773 0.00691846 0.00694742 0.00697236 0.00699441 0.00701147 0.00702576 0.00703743 0.00704593 0.00704815 0.00704961 0.0070475 0.00704124 0.00703065 0.00701826 0.00700171 0.00698277 0.00695865 0.00693069 0.0069033 0.00687095 0.0068303 0.0067907 0.00675423 0.00670264 0.00664917 0.00660264 0.00655046 0.00648001 0.00642214 0.0063627 0.00629155 0.00621253 0.00614628 0.00606799 0.00598842 0.0059006 0.00581535 0.00573019 0.00564481 0.00553908 0.00544042 0.00535454 0.00525567 0.0051434 0.00503176 0.004935 0.00483533 0.00472487 0.00459407 0.00449385 0.00439434 0.00427835 0.00415837 0.00405503 0.00394429 0.00383786 0.00374293 0.0036368 0.00354872 0.00347002 0.00341058 0.0033546 0.00333452 0.00334945 0.00340074 0.00348574 0.0036041 0.00375293 0.00390817 0.0040837 0.00420009 0.00424714 0.00419376 0.00399826 0.00367036 0.00319617 0.00257797 0.00183576 0.00102728 0.000169822 -0.000646015 -0.00138408 -0.00202318 -0.00249747 -0.00284035 -0.00301782 -0.00304793 -0.00295877 -0.00275645 -0.0024914 -0.00217804 -0.00185817 -0.00154124 -0.00125215 -0.000998135 -0.000772145 -0.00059721 -0.000442437 -0.000327238 -0.000240593 -0.000165105 -0.000125667 -8.63478e-05 -6.59164e-05 -5.95207e-05 -4.6207e-05 -5.46546e-05 -5.23472e-05 
0 2.95297e-05 7.51051e-05 0.000111447 0.000175655 0.000255926 0.00035429 0.000501432 0.00067788 0.000910135 0.00121001 0.00156704 0.00201281 0.00253961 0.00314235 0.00383734 0.00458675 0.00537361 0.00616847 0.00689447 0.00751239 0.00795433 0.00815017 0.00808168 0.0077114 0.0070337 0.00609053 0.00490487 0.0035568 0.00215078 0.00077764 -0.000439948 -0.00142346 -0.00211412 -0.00250265 -0.00257576 -0.00235895 -0.00191472 -0.00125629 -0.000510489 0.000269179 0.00105034 0.00177926 0.00245958 0.00309514 0.00365132 0.0041114 0.00455416 0.00493849 0.00531058 0.0056726 0.0059963 0.00630106 0.0066063 0.00692353 0.00721021 0.00749981 0.00777462 0.00807092 0.00832811 0.00858938 0.00886099 0.00911862 0.00935972 0.00960304 0.00984592 0.0100641 0.0103066 0.0105155 0.0107271 0.010926 0.0111406 0.011322 0.0115153 0.0116834 0.0118636 0.0120357 0.0121922 0.0123329 0.0124931 0.0126411 0.0127565 0.0128882 0.0130188 0.013132 0.0132242 0.0133417 0.0134316 0.0135206 0.0135937 0.0136824 0.0137392 0.0138091 0.0138545 0.0139138 0.0139456 0.01399 0.0140064 0.0140407 0.0140455 0.0140618 0.014053 0.0140608 0.0140373 0.0140284 0.0139933 0.0139727 0.0139251 0.0138892 0.0138257 0.0137819 0.0137102 0.0136409 0.0135571 0.013492 0.0133878 0.0132898 0.0131957 0.0130959 0.0129619 0.0128478 0.0127348 0.012593 0.0124486 0.0123111 0.012168 0.0120019 0.0118474 0.0116716 0.0115133 0.0113276 0.0111453 0.0109521 0.0107798 0.0105603 0.0103621 0.010168 0.00996022 0.00973254 0.00952101 0.00931043 0.0090881 0.00887649 0.00864239 0.00842588 0.00819823 0.00800194 0.00779781 0.00758371 0.00736809 0.0072091 0.00706475 0.00692818 0.00684986 0.00678885 0.00681015 0.006922 0.00710307 0.00733079 0.00763197 0.0079503 0.00825296 0.00850127 0.00857988 0.00845979 0.00807965 0.00741712 0.00645526 0.00521446 0.00374209 0.0021013 0.000423004 -0.00120768 -0.00269039 -0.00393627 -0.00491667 -0.00559451 -0.00595471 -0.0060332 -0.00584993 -0.00545354 -0.00492853 -0.00430984 -0.0036676 -0.0030547 -0.00247138 -0.00196597 -0.00153143 -0.00115557 -0.00086945 -0.000629816 -0.000448891 -0.000328824 -0.00022399 -0.000172004 -0.000132607 -0.000101669 -0.000104703 -9.04843e-05 -0.000101642 
0 5.95008e-05 0.000111447 0.000196308 0.00028251 0.000407091 0.000574489 0.000779564 0.00106756 0.00141832 0.00186821 0.00242341 0.00308652 0.00388362 0.00479491 0.00583699 0.00696449 0.00815795 0.00934623 0.0104378 0.0113777 0.012015 0.0123267 0.0122217 0.0116574 0.0106887 0.00927196 0.00753253 0.00555111 0.00345023 0.00142525 -0.00038588 -0.00184969 -0.00288052 -0.00343531 -0.00356284 -0.00324125 -0.00257033 -0.00163548 -0.000506829 0.000658505 0.0018258 0.00292691 0.00396129 0.00489058 0.00571642 0.00644512 0.00708794 0.00769016 0.00825505 0.00878343 0.00924324 0.00972161 0.0101871 0.0106379 0.0110821 0.0114964 0.0118894 0.0123082 0.0127387 0.0131093 0.0134737 0.0138396 0.0142281 0.0145866 0.0149118 0.0152319 0.0155845 0.0159058 0.0161923 0.0164903 0.0167871 0.017069 0.0173308 0.0175866 0.0178348 0.0180918 0.0183093 0.018521 0.0187435 0.0189572 0.0191263 0.0193135 0.0195001 0.0196595 0.0198 0.0199578 0.0200948 0.020214 0.0203289 0.0204426 0.020537 0.0206242 0.020702 0.0207727 0.0208325 0.0208817 0.0209199 0.020954 0.0209761 0.0209851 0.0209877 0.0209841 0.020966 0.0209392 0.0209044 0.0208615 0.0208076 0.0207437 0.0206679 0.0205926 0.0205019 0.0203948 0.0202859 0.0201817 0.0200429 0.0198996 0.0197673 0.0196208 0.0194348 0.0192718 0.0191045 0.0189089 0.0186961 0.0185056 0.0182915 0.0180671 0.0178273 0.0175888 0.0173503 0.017103 0.0168179 0.0165434 0.0162922 0.0160077 0.0156983 0.0153912 0.015108 0.0148128 0.0144964 0.0141457 0.0138463 0.0135487 0.0132169 0.0128787 0.0125689 0.0122542 0.0119471 0.0116577 0.0113539 0.0110976 0.010872 0.0106915 0.0105429 0.0104831 0.0105268 0.0106813 0.0109369 0.0112848 0.0117178 0.0121774 0.0126554 0.0129849 0.013096 0.0129013 0.0123026 0.0112979 0.00985817 0.00799853 0.00578367 0.00335609 0.000816838 -0.00161938 -0.00382904 -0.00572389 -0.00716732 -0.00819256 -0.00874096 -0.00885476 -0.00860196 -0.00802613 -0.00725203 -0.00634202 -0.00540061 -0.00447624 -0.00362457 -0.00287366 -0.00221762 -0.00168982 -0.00124521 -0.000904408 -0.000646736 -0.000441733 -0.00031644 -0.000215972 -0.0001606 -0.000137984 -0.000114935 -0.000129047 -0.000137308 
0 8.20647e-05 0.000175655 0.00028251 0.00042037 0.000597086 0.000824081 0.00112422 0.00150734 0.00199332 0.00260618 0.00335268 0.00425678 0.00532726 0.00655653 0.00794988 0.00946165 0.011045 0.0126266 0.0140852 0.0153212 0.0161997 0.0166148 0.0164953 0.0157858 0.0144943 0.0126587 0.0103682 0.00776235 0.00502472 0.00236525 -9.25995e-06 -0.00193182 -0.00329132 -0.00404846 -0.00420369 -0.00379309 -0.00291515 -0.00165982 -0.000188962 0.00135864 0.00290462 0.00437093 0.00573997 0.00699642 0.00810629 0.00906614 0.00993729 0.0107263 0.0114697 0.0121709 0.0128083 0.0134192 0.0140209 0.0146185 0.0151867 0.0157343 0.0162642 0.0168082 0.0173235 0.017816 0.0183071 0.0187859 0.0192526 0.0197058 0.0201399 0.0205553 0.0209871 0.0213843 0.0217626 0.0221334 0.0225079 0.0228532 0.02319 0.0235048 0.0238218 0.0241309 0.0244104 0.0246731 0.0249495 0.0252084 0.0254279 0.0256573 0.0258845 0.0260844 0.0262618 0.0264539 0.0266212 0.026774 0.026913 0.0270547 0.0271694 0.0272815 0.0273733 0.0274651 0.0275349 0.0276008 0.027644 0.027691 0.0277138 0.0277313 0.0277302 0.0277309 0.027705 0.0276777 0.0276311 0.0275839 0.0275136 0.0274402 0.0273456 0.0272558 0.0271408 0.0270157 0.0268805 0.0267502 0.0265819 0.0264102 0.0262433 0.0260605 0.0258404 0.0256353 0.0254277 0.0251857 0.0249318 0.0246865 0.0244271 0.0241429 0.0238554 0.0235545 0.0232581 0.0229368 0.0225999 0.0222591 0.0219305 0.0215593 0.021187 0.0208185 0.0204419 0.0200447 0.0196463 0.0192391 0.0188368 0.0184381 0.0180126 0.0175919 0.0171789 0.0167878 0.0163951 0.0159977 0.0156082 0.0152841 0.0150016 0.0147595 0.0145923 0.0145076 0.0145635 0.0147771 0.0151237 0.0155815 0.0161483 0.0167528 0.0173276 0.0177482 0.0178604 0.0175634 0.016756 0.0153922 0.0134516 0.0109654 0.00802605 0.00478565 0.00144501 -0.00178677 -0.00472597 -0.00722114 -0.00917346 -0.0105377 -0.0112875 -0.0114704 -0.0111478 -0.0104147 -0.00940756 -0.00822659 -0.00699352 -0.00579366 -0.0046748 -0.00368777 -0.0028377 -0.00212646 -0.00155754 -0.00110595 -0.0007648 -0.00052062 -0.000344031 -0.000235248 -0.000168628 -0.000133442 -0.000130164 -0.000131999 -0.000154287 
0 0.000121068 0.000255926 0.000407091 0.000597086 0.000835045 0.00113876 0.00153309 0.00203115 0.00266173 0.00344575 0.00440085 0.00555032 0.00690267 0.00845884 0.0102079 0.0121085 0.014093 0.0160666 0.0178941 0.0194327 0.0205362 0.0210656 0.0209338 0.0200836 0.0185111 0.016277 0.0134816 0.0103004 0.00695645 0.003702 0.000791225 -0.00157226 -0.00325006 -0.00418966 -0.00438638 -0.00389734 -0.00282459 -0.0012956 0.000507602 0.00242776 0.00434504 0.00617845 0.00788706 0.00944903 0.0108347 0.0120477 0.0131379 0.0141279 0.0150503 0.0159061 0.016696 0.0174463 0.0181829 0.0189048 0.0195924 0.0202496 0.0208887 0.0215321 0.0221508 0.0227417 0.0233144 0.0238785 0.024431 0.0249643 0.0254697 0.0259599 0.0264536 0.0269201 0.0273615 0.0277907 0.0282176 0.0286204 0.029006 0.0293712 0.0297341 0.0300834 0.0304063 0.0307119 0.0310216 0.0313119 0.0315722 0.0318302 0.0320833 0.0323114 0.03252 0.0327295 0.032921 0.0330947 0.0332546 0.0334092 0.0335437 0.0336676 0.0337747 0.0338749 0.0339575 0.0340291 0.0340831 0.0341321 0.0341622 0.0341807 0.0341841 0.0341816 0.0341584 0.0341259 0.0340786 0.0340236 0.0339494 0.0338655 0.0337662 0.0336615 0.0335362 0.0333978 0.0332505 0.033097 0.0329156 0.0327259 0.0325353 0.0323259 0.0320894 0.0318553 0.031616 0.031347 0.0310645 0.0307823 0.030488 0.0301685 0.0298395 0.0295008 0.0291592 0.0287924 0.028408 0.0280202 0.0276346 0.0272165 0.0267842 0.0263532 0.0259175 0.0254642 0.0249946 0.0245186 0.0240461 0.0235753 0.0230816 0.0225845 0.0220945 0.0216235 0.0211551 0.0206846 0.0202333 0.0198377 0.019498 0.0192139 0.0190199 0.0189391 0.0190236 0.0192892 0.019717 0.0202851 0.02097 0.0217046 0.0223814 0.0228569 0.0229518 0.0225309 0.0214849 0.0197489 0.0173069 0.0141982 0.0105397 0.00651356 0.00236867 -0.00164672 -0.00530226 -0.00840894 -0.0108529 -0.0125611 -0.0135216 -0.013779 -0.0134128 -0.0125481 -0.0113319 -0.00990626 -0.00840622 -0.00694061 -0.00557688 -0.00436713 -0.00333032 -0.0024639 -0.00177113 -0.00122578 -0.000814298 -0.000521136 -0.000313612 -0.000187393 -0.000113329 -7.9298e-05 -8.3929e-05 -0.000100442 -0.000139829 
0 0.000175687 0.00035429 0.000574489 0.000824081 0.00113876 0.00153965 0.00203307 0.00266822 0.00345452 0.00442183 0.00560424 0.00700837 0.00865653 0.0105501 0.0126622 0.0149526 0.017343 0.0197032 0.0218954 0.0237446 0.0250646 0.0257274 0.0255972 0.0246182 0.0228059 0.020193 0.0169362 0.0132276 0.00931676 0.00551585 0.00210373 -0.000677934 -0.00266852 -0.00378063 -0.00403735 -0.00348198 -0.00222571 -0.000461323 0.00166048 0.00393074 0.006202 0.00839107 0.0104385 0.0122917 0.0139454 0.0154197 0.0167096 0.017898 0.0189885 0.0199876 0.0209095 0.0217934 0.0226478 0.0234637 0.0242595 0.0250075 0.0257363 0.026445 0.0271589 0.0278211 0.02845 0.0290726 0.029695 0.0302825 0.0308305 0.031376 0.0319046 0.0324216 0.032896 0.0333674 0.0338169 0.0342619 0.0346671 0.0350693 0.035451 0.0358237 0.0361675 0.0365026 0.0368225 0.0371275 0.0374136 0.0376841 0.0379467 0.0381877 0.0384175 0.0386275 0.0388343 0.0390141 0.0391896 0.0393421 0.039493 0.0396152 0.0397372 0.0398336 0.0399295 0.0399968 0.0400653 0.0401068 0.040149 0.0401624 0.0401773 0.0401656 0.0401543 0.0401141 0.0400759 0.0400118 0.0399463 0.039853 0.0397621 0.0396455 0.0395245 0.0393794 0.0392352 0.0390655 0.0388883 0.0386928 0.0384927 0.0382705 0.0380363 0.0377901 0.0375324 0.037259 0.0369649 0.0366676 0.0363528 0.0360266 0.0356709 0.0353218 0.0349498 0.0345696 0.0341549 0.0337463 0.033321 0.0328904 0.0324195 0.0319438 0.0314751 0.0309952 0.0304786 0.0299464 0.0294382 0.0289139 0.0283753 0.0278171 0.0272848 0.0267456 0.0262181 0.0257016 0.0252093 0.0247563 0.0243757 0.0240805 0.0238637 0.0238133 0.0239405 0.0242622 0.024776 0.0254622 0.026257 0.0271001 0.0278695 0.0283575 0.028413 0.0278474 0.0265371 0.0244171 0.0214673 0.0177371 0.0133655 0.00858548 0.00364912 -0.00112267 -0.00547 -0.00919143 -0.0121119 -0.0141768 -0.0153631 -0.0157089 -0.0153297 -0.0143596 -0.0129635 -0.0113221 -0.00958558 -0.00787253 -0.00628972 -0.00487512 -0.00365925 -0.00266193 -0.00184527 -0.00122082 -0.000753678 -0.000408259 -0.000193911 -5.01329e-05 1.84877e-05 3.16427e-05 2.77998e-05 -2.26141e-05 -7.47203e-05 
0 0.000237052 0.000501432 0.000779564 0.00112422 0.00153309 0.00203307 0.00266798 0.00344012 0.0044056 0.00557936 0.00699363 0.00867756 0.010635 0.0128769 0.0153613 0.0180546 0.0208357 0.0235883 0.0261442 0.0282769 0.0298518 0.0306316 0.0305247 0.0294675 0.027403 0.0244807 0.0207911 0.0165893 0.0121838 0.007874 0.00400061 0.000828608 -0.00145501 -0.00277684 -0.00308067 -0.00248869 -0.00109789 0.000914273 0.00329563 0.00588893 0.00849256 0.0110188 0.0133666 0.0155245 0.0174474 0.0191353 0.0206465 0.021997 0.0232295 0.0243563 0.0254279 0.0263952 0.0273317 0.0282381 0.0290915 0.0299133 0.0307191 0.0314885 0.0322041 0.0329233 0.0336113 0.0342819 0.0348993 0.0355069 0.0361 0.0366744 0.0372033 0.0377225 0.03823 0.0387047 0.039166 0.0396038 0.0400272 0.0404268 0.0408204 0.041177 0.0415352 0.0418687 0.0421874 0.0424812 0.0427796 0.0430439 0.0432987 0.0435395 0.0437714 0.0439753 0.0441757 0.0443591 0.0445284 0.0446814 0.0448254 0.0449519 0.0450674 0.0451688 0.045256 0.0453314 0.045395 0.0454427 0.0454782 0.045504 0.0455138 0.0455104 0.0454971 0.0454699 0.0454284 0.045376 0.0453108 0.0452304 0.0451414 0.0450355 0.0449174 0.0447875 0.0446479 0.0444838 0.0443182 0.0441362 0.0439389 0.0437212 0.0435088 0.0432645 0.0430127 0.0427458 0.0424742 0.0421691 0.0418684 0.0415408 0.0412061 0.0408524 0.0404873 0.0400943 0.0397061 0.0392984 0.0388575 0.0384104 0.0379577 0.0374946 0.0369942 0.0364846 0.0359625 0.0354579 0.0349041 0.0343453 0.0337873 0.0332239 0.0326456 0.0320942 0.0315422 0.0309756 0.0304686 0.0300037 0.0296174 0.0293091 0.0291393 0.0291115 0.0292933 0.0297028 0.0303205 0.0311191 0.0320305 0.0329831 0.0337763 0.0342871 0.0342638 0.0335233 0.0319522 0.0294287 0.0259597 0.0216143 0.0165611 0.011023 0.00536241 -0.000145138 -0.00517726 -0.00946147 -0.0128939 -0.0153048 -0.0167276 -0.0172018 -0.0168189 -0.0157799 -0.0142384 -0.012413 -0.0104654 -0.0085483 -0.00675773 -0.00515938 -0.00379712 -0.00265253 -0.00175313 -0.00104912 -0.000528585 -0.000178168 6.86243e-05 0.0001925 0.000249392 0.000256721 0.000205159 0.000150719 5.96646e-05 
0 0.000333309 0.00067788 0.00106756 0.00150734 0.00203115 0.00266822 0.00344012 0.00439112 0.00555023 0.00694796 0.00862556 0.0105995 0.0128827 0.0154843 0.0183549 0.0214432 0.0246402 0.0277765 0.0306865 0.0331335 0.0349121 0.0358402 0.0357582 0.0346058 0.0323732 0.0291447 0.0250923 0.0204707 0.0156005 0.0108368 0.00653769 0.00299178 0.00040995 -0.00108246 -0.00148974 -0.00088143 0.00061909 0.00277532 0.00539797 0.00827043 0.0111765 0.0140105 0.0166644 0.0190664 0.021222 0.0231484 0.0248332 0.0263532 0.0277166 0.0289423 0.0300814 0.0311435 0.0321482 0.0330894 0.033991 0.034845 0.0356668 0.0364363 0.0372024 0.0379287 0.0385997 0.0392561 0.0398972 0.0405024 0.0410743 0.0416353 0.0421511 0.0426676 0.0431516 0.0436151 0.0440488 0.0444798 0.0448745 0.0452675 0.0456309 0.0459714 0.0463064 0.0466321 0.0469195 0.0471953 0.0474791 0.0477266 0.0479568 0.0481817 0.0484025 0.0485851 0.0487723 0.0489392 0.0491012 0.0492355 0.0493742 0.0494845 0.0496002 0.0496867 0.049774 0.0498387 0.0499093 0.0499451 0.0499882 0.0500103 0.0500313 0.0500218 0.0500243 0.0499986 0.0499726 0.0499224 0.0498783 0.0498049 0.0497368 0.04964 0.0495455 0.0494315 0.0493147 0.0491648 0.0490272 0.0488694 0.0486908 0.048497 0.0483155 0.0480984 0.0478623 0.047632 0.0473858 0.0471112 0.046829 0.0465432 0.0462259 0.045909 0.0455649 0.0452133 0.0448409 0.044462 0.0440487 0.0436482 0.0432083 0.0427484 0.0422895 0.0418247 0.0413154 0.0407985 0.0402823 0.0397429 0.0392035 0.0386435 0.0380864 0.0375199 0.0369691 0.0364389 0.0359498 0.0354855 0.0351107 0.0348526 0.0347162 0.0347842 0.0350624 0.0355578 0.0362874 0.0372146 0.0382367 0.0392754 0.0401389 0.0406102 0.040499 0.0395756 0.0376968 0.0347784 0.0308059 0.0258663 0.0201474 0.0139213 0.00752661 0.00132347 -0.00434964 -0.00922671 -0.0131081 -0.0158855 -0.017555 -0.0181525 -0.0178213 -0.0167368 -0.0150904 -0.0131177 -0.0109955 -0.00888821 -0.00692606 -0.00516825 -0.00366375 -0.002428 -0.00143462 -0.00068143 -0.000132607 0.000251233 0.000476644 0.000604158 0.000638347 0.000602273 0.000537669 0.00042127 0.000298504 
0 0.000444741 0.000910135 0.00141832 0.00199332 0.00266173 0.00345452 0.0044056 0.00555023 0.00692997 0.00857866 0.0105349 0.0128225 0.015454 0.0184285 0.021695 0.0251914 0.0287835 0.0323045 0.0355594 0.0382946 0.0403086 0.0413744 0.041342 0.0401387 0.0377344 0.0342542 0.0298664 0.0248578 0.0195858 0.0144149 0.00972583 0.00583139 0.00296068 0.00124642 0.000724977 0.00130375 0.0028521 0.00514192 0.00793807 0.0110301 0.0141893 0.0172848 0.020185 0.0228312 0.0252055 0.0273093 0.0291585 0.0307955 0.0322456 0.0335479 0.0347614 0.0358588 0.036879 0.0378317 0.0387297 0.0395893 0.0404145 0.0411708 0.0418859 0.0425878 0.0432521 0.043887 0.0444694 0.0450281 0.0455776 0.0461056 0.0465715 0.0470342 0.0474854 0.0479066 0.048298 0.0486751 0.0490341 0.0493838 0.0497072 0.0499979 0.0502987 0.0505846 0.0508325 0.0510669 0.0513191 0.0515318 0.0517258 0.0519193 0.052111 0.0522662 0.052423 0.0525675 0.052705 0.0528214 0.0529362 0.0530334 0.0531321 0.0532094 0.0532805 0.0533426 0.0534045 0.0534395 0.0534764 0.0535064 0.0535266 0.0535254 0.0535329 0.0535241 0.0535056 0.0534738 0.0534451 0.0533962 0.0533453 0.0532759 0.0532064 0.0531243 0.0530342 0.0529185 0.0528164 0.0526965 0.0525527 0.0523992 0.0522639 0.0520875 0.0518943 0.0517103 0.0515191 0.0512868 0.0510551 0.0508195 0.0505647 0.0502936 0.0500021 0.0497016 0.0494003 0.0490751 0.0487071 0.0483546 0.0479914 0.0475986 0.0471751 0.0467498 0.0463096 0.0458694 0.0453882 0.0448864 0.0443968 0.0438971 0.0433812 0.0428671 0.042361 0.0418684 0.0414343 0.0410369 0.0407304 0.0405489 0.040524 0.0406952 0.0410943 0.0417318 0.0426087 0.04368 0.0448327 0.0459559 0.0468348 0.0472773 0.0470513 0.0459289 0.0437605 0.040438 0.035966 0.0304536 0.0241099 0.0172242 0.0101776 0.00332773 -0.00295408 -0.00836504 -0.0127141 -0.0158489 -0.0177736 -0.0185342 -0.0182645 -0.0171723 -0.0154584 -0.0133716 -0.0111124 -0.00885821 -0.00674555 -0.00485318 -0.00323357 -0.00189887 -0.000843637 -4.58568e-05 0.00052405 0.000900495 0.00111472 0.00120465 0.0011994 0.00112402 0.00100542 0.000851556 0.000679679 
0 0.000591367 0.00121001 0.00186821 0.00260618 0.00344575 0.00442183 0.00557936 0.00694796 0.00857866 0.0105066 0.012768 0.0153925 0.0183901 0.0217507 0.0254232 0.0293309 0.0333215 0.0372239 0.0408147 0.043831 0.0460626 0.0472583 0.0472734 0.0460247 0.0434805 0.0397852 0.0351132 0.0297731 0.0241435 0.018603 0.0135491 0.0093145 0.00615178 0.00420101 0.003523 0.00401866 0.00554256 0.00788256 0.0107792 0.0140252 0.0173843 0.0206926 0.0237973 0.0266368 0.0291855 0.0314368 0.0334237 0.0351535 0.0366646 0.0380023 0.0392337 0.0403352 0.0413418 0.0422707 0.0431278 0.0439467 0.0447181 0.0454266 0.0460782 0.0467203 0.0473225 0.0478904 0.0484027 0.0488955 0.0493819 0.0498359 0.0502376 0.0506276 0.0510181 0.0513708 0.0517007 0.0520064 0.0523103 0.0525963 0.0528609 0.0530907 0.0533381 0.0535674 0.0537631 0.0539462 0.0541472 0.0543155 0.0544629 0.0546141 0.054762 0.0548846 0.0550003 0.0551144 0.055218 0.0553116 0.0553943 0.0554742 0.0555488 0.0556141 0.0556649 0.0557221 0.0557706 0.0558056 0.0558344 0.0558718 0.0558905 0.0559014 0.0559134 0.0559244 0.055916 0.0559081 0.0558972 0.0558796 0.0558498 0.0558164 0.0557779 0.055736 0.055679 0.0556112 0.0555507 0.0554789 0.0553821 0.0552843 0.0552008 0.0550815 0.0549472 0.0548231 0.0546972 0.0545285 0.0543641 0.0541947 0.0540179 0.053813 0.0535994 0.0533726 0.0531541 0.0529028 0.0526227 0.0523474 0.0520714 0.0517634 0.0514259 0.0510876 0.0507393 0.0503869 0.0499865 0.0495788 0.0491789 0.0487745 0.048338 0.0479106 0.047495 0.0471043 0.0467706 0.0464795 0.0462817 0.0462222 0.0463556 0.0466864 0.0472552 0.0480662 0.0491139 0.0503449 0.0516416 0.0528571 0.0537632 0.0541715 0.0538212 0.0524954 0.0500335 0.0463245 0.0413885 0.0353494 0.0284357 0.0209505 0.0133005 0.00585415 -0.000992264 -0.00690609 -0.0116895 -0.0151693 -0.0173472 -0.0182813 -0.0181022 -0.0170334 -0.0152896 -0.0131241 -0.0107587 -0.00838561 -0.0061482 -0.00414586 -0.00243569 -0.00102701 6.98345e-05 0.00089155 0.00146508 0.00182247 0.00201659 0.00206439 0.0020128 0.00188774 0.00170184 0.00149148 0.00125115 
0 0.000774401 0.00156704 0.00242341 0.00335268 0.00440085 0.00560424 0.00699363 0.00862556 0.0105349 0.012768 0.0153629 0.018349 0.0217288 0.0254906 0.0295822 0.0338868 0.0382841 0.0425458 0.0464491 0.0497536 0.0521615 0.0535012 0.0535635 0.0522575 0.0496182 0.0457081 0.0407894 0.0351604 0.0292008 0.0233262 0.0179329 0.0133637 0.0098811 0.00768468 0.00677524 0.00712931 0.00857098 0.0108607 0.0137941 0.0171109 0.0205959 0.0240382 0.0273117 0.0302825 0.0329546 0.0353335 0.0373949 0.039184 0.0407214 0.0420702 0.0432548 0.044342 0.0452989 0.0461519 0.0469437 0.0476902 0.0483722 0.0489796 0.0495684 0.050111 0.0506197 0.051077 0.0515183 0.0519192 0.052307 0.0526611 0.0529847 0.05329 0.053583 0.0538584 0.0540993 0.0543321 0.0545485 0.0547666 0.0549446 0.055117 0.0552822 0.0554507 0.0555762 0.055707 0.0558351 0.0559552 0.0560461 0.0561476 0.0562415 0.0563251 0.0563955 0.0564696 0.0565376 0.0565984 0.0566512 0.0567036 0.0567567 0.0567993 0.0568373 0.0568779 0.056919 0.0569456 0.0569758 0.0570087 0.0570358 0.0570521 0.0570777 0.0570999 0.057114 0.0571245 0.0571409 0.0571509 0.0571535 0.0571547 0.0571569 0.0571559 0.0571415 0.0571279 0.0571155 0.0570986 0.0570579 0.0570298 0.0569983 0.0569542 0.0568857 0.0568412 0.0567783 0.0567022 0.0566077 0.0565326 0.0564327 0.0563239 0.0561958 0.0560779 0.0559432 0.0557887 0.0556209 0.0554569 0.0552791 0.055067 0.0548589 0.0546373 0.0544074 0.0541452 0.0538866 0.0535996 0.0533193 0.0530329 0.052738 0.0524231 0.0521342 0.0519083 0.0517078 0.0515716 0.0515363 0.0516727 0.0519876 0.0525486 0.0533354 0.0543544 0.0556195 0.0570429 0.0585003 0.0598039 0.0607661 0.0611114 0.0606483 0.0591336 0.0563751 0.0523181 0.0469551 0.0404406 0.0330138 0.0250212 0.0168241 0.00886495 0.00153165 -0.00486188 -0.010014 -0.0138379 -0.0162675 -0.0173677 -0.017317 -0.0162852 -0.014544 -0.0123351 -0.00989358 -0.00742889 -0.0050975 -0.0030066 -0.00121676 0.000235179 0.0013765 0.00220464 0.00276387 0.00310532 0.00323846 0.00324183 0.0031241 0.00291997 0.00268005 0.002382 0.00207883 
0 0.00098977 0.00201281 0.00308652 0.00425678 0.00555032 0.00700837 0.00867756 0.0105995 0.0128225 0.0153925 0.018349 0.0217113 0.0254989 0.0296716 0.0341738 0.0388984 0.0436591 0.048276 0.0524774 0.0560043 0.0586134 0.060044 0.0601463 0.0588126 0.0560419 0.0519659 0.046813 0.0409113 0.0346582 0.0284773 0.0227468 0.0178441 0.0140448 0.0115116 0.0103483 0.0104735 0.0117255 0.0139177 0.0167812 0.02008 0.0236054 0.027123 0.03046 0.0335429 0.0363057 0.038733 0.0408553 0.0426544 0.0441749 0.0454879 0.0466453 0.0476487 0.0485122 0.0492766 0.0499604 0.0505932 0.0511725 0.051692 0.0521267 0.0525473 0.0529629 0.0533282 0.0536277 0.0539121 0.0542011 0.0544567 0.0546761 0.0548649 0.0550662 0.0552441 0.0553988 0.0555261 0.0556673 0.0557867 0.0558918 0.0559796 0.0560733 0.056154 0.0562224 0.0562814 0.0563416 0.0563979 0.056438 0.0564794 0.0565184 0.0565577 0.0565805 0.056614 0.0566397 0.0566698 0.0566859 0.0567169 0.0567368 0.0567651 0.0567812 0.056814 0.0568344 0.0568654 0.0568859 0.0569236 0.0569478 0.0569837 0.0570108 0.0570544 0.0570828 0.0571235 0.0571575 0.0572049 0.0572357 0.0572794 0.0573186 0.0573646 0.0573946 0.0574386 0.0574784 0.0575159 0.0575432 0.0575814 0.057615 0.0576393 0.0576596 0.0576828 0.057707 0.0577131 0.0577168 0.0577203 0.0577323 0.0577116 0.0576906 0.057671 0.0576609 0.0576144 0.0575594 0.0575019 0.0574644 0.0573993 0.0572936 0.0571908 0.0571178 0.0570238 0.0568769 0.0567385 0.0566123 0.0564884 0.0563427 0.0562084 0.0560938 0.0560251 0.0560213 0.0561002 0.0562863 0.0566437 0.0572353 0.0580377 0.0590837 0.0603874 0.0618961 0.0635387 0.0651812 0.0665966 0.0675761 0.0679108 0.0673276 0.0656245 0.0626321 0.0582383 0.052506 0.0455858 0.0377309 0.0292959 0.0206733 0.0122766 0.0045144 -0.00225081 -0.00777536 -0.0118857 -0.0145466 -0.01584 -0.0158893 -0.0149335 -0.0132118 -0.0109775 -0.00849325 -0.00595917 -0.00354988 -0.00138609 0.000461187 0.00196504 0.00311494 0.00394574 0.00448829 0.00477265 0.00487012 0.00479255 0.00460077 0.00433051 0.00398498 0.00362556 0.00322851 
0 0.00125399 0.00253961 0.00388362 0.00532726 0.00690267 0.00865653 0.010635 0.0128827 0.015454 0.0183901 0.0217288 0.0254989 0.0296937 0.0342853 0.0392039 0.0443081 0.0494442 0.0543733 0.0588357 0.0625851 0.065314 0.0668298 0.0669369 0.0655293 0.0626583 0.0584023 0.0530427 0.0469036 0.0403723 0.0338854 0.0278302 0.0225758 0.0184097 0.0155436 0.0140313 0.0138549 0.0148457 0.0168023 0.0195058 0.0227018 0.0261843 0.0296886 0.0330668 0.0361708 0.0389559 0.0414226 0.0435482 0.045339 0.0468329 0.0480912 0.049132 0.0500504 0.0508123 0.051454 0.0520177 0.0525192 0.0529478 0.0533207 0.0536595 0.0539524 0.0542212 0.0544312 0.0546378 0.0548163 0.0549728 0.0550951 0.0552189 0.0553111 0.0553973 0.0554739 0.0555273 0.0555731 0.055616 0.0556494 0.0556624 0.0556869 0.0556895 0.0556977 0.0556943 0.0556961 0.0556771 0.0556786 0.0556611 0.0556499 0.055631 0.055627 0.0556041 0.0555973 0.0555838 0.0555784 0.0555662 0.0555699 0.0555635 0.0555697 0.0555757 0.05559 0.0555993 0.0556259 0.0556484 0.0556783 0.0557107 0.0557567 0.055795 0.0558477 0.0559015 0.0559633 0.0560212 0.0560973 0.0561643 0.0562433 0.0563219 0.0564117 0.0564884 0.0565875 0.0566766 0.0567725 0.0568622 0.0569724 0.0570606 0.0571654 0.0572623 0.0573675 0.0574595 0.0575683 0.0576568 0.0577571 0.057855 0.0579466 0.0580309 0.0581278 0.0582119 0.0582838 0.0583733 0.0584461 0.0585142 0.0585729 0.0586437 0.058695 0.0587564 0.0587876 0.0588323 0.0588727 0.0589136 0.0589586 0.0590075 0.0590538 0.0591451 0.0593218 0.0595334 0.0598509 0.060299 0.0609453 0.0618211 0.0629539 0.0643129 0.065905 0.0676987 0.0695811 0.0714166 0.0729576 0.07401 0.074305 0.0736289 0.0717662 0.0685356 0.0638854 0.0578523 0.0506094 0.0424209 0.0336542 0.0246741 0.0159409 0.00785102 0.000753766 -0.00503396 -0.00940385 -0.0122712 -0.0137138 -0.0138971 -0.0130038 -0.0113149 -0.00907716 -0.00654767 -0.00395833 -0.00148368 0.000743496 0.00264136 0.0041747 0.00534116 0.00615886 0.00667221 0.00691802 0.00694793 0.00680696 0.00653357 0.00616994 0.00574115 0.0052759 0.00478682 
0 0.0015533 0.00314235 0.00479491 0.00655653 0.00845884 0.0105501 0.0128769 0.0154843 0.0184285 0.0217507 0.0254906 0.0296716 0.0342853 0.0392916 0.0446075 0.0500847 0.0555468 0.0607526 0.0654338 0.0693371 0.0721654 0.0737156 0.0737999 0.072314 0.0693079 0.0648737 0.0592988 0.0529154 0.0461144 0.0393357 0.0329529 0.0273422 0.0227926 0.0195175 0.0176036 0.0170384 0.0176755 0.0193303 0.0217844 0.024782 0.0281225 0.0315357 0.0348607 0.0379534 0.0407342 0.0431875 0.0452839 0.0470294 0.04846 0.0496417 0.0505945 0.0513961 0.0520276 0.0525349 0.0529637 0.0533199 0.0536169 0.0538588 0.0540488 0.0541961 0.0543426 0.0544367 0.0545127 0.0545638 0.0545999 0.0546177 0.0546339 0.0546181 0.0545969 0.0545784 0.054538 0.0544961 0.0544497 0.0543942 0.0543296 0.0542836 0.0542088 0.0541405 0.0540779 0.0540181 0.0539349 0.0538773 0.0538128 0.0537493 0.0536832 0.0536334 0.0535741 0.0535291 0.053482 0.053442 0.0534079 0.0533863 0.0533565 0.0533432 0.0533416 0.0533394 0.0533384 0.0533624 0.0533868 0.0534098 0.0534493 0.0535059 0.0535538 0.0536143 0.0536916 0.0537729 0.0538519 0.0539526 0.0540552 0.0541641 0.054279 0.0544071 0.054531 0.0546748 0.0548133 0.0549596 0.0551126 0.0552814 0.0554293 0.0556018 0.0557779 0.0559524 0.0561186 0.0563147 0.0564927 0.0566785 0.0568699 0.0570628 0.0572478 0.0574534 0.0576493 0.0578387 0.0580435 0.0582428 0.058447 0.0586495 0.0588494 0.0590415 0.059267 0.0594677 0.0596713 0.0598801 0.0601028 0.0603352 0.060592 0.0608575 0.0611717 0.0615741 0.0620452 0.0626509 0.0634085 0.0643777 0.0655886 0.0670614 0.0687663 0.0707067 0.0728128 0.0749624 0.0770014 0.078671 0.0797762 0.080059 0.0793024 0.0773015 0.073893 0.0690224 0.062755 0.0552727 0.0468472 0.0378531 0.0286497 0.0196911 0.0113732 0.00405265 -0.00195326 -0.00651608 -0.0095497 -0.0111276 -0.0114055 -0.010577 -0.00891478 -0.00667206 -0.00411167 -0.00146716 0.00107264 0.00336655 0.00532236 0.00689984 0.00808893 0.00890584 0.00939488 0.00959196 0.00955714 0.0093349 0.00897199 0.00851518 0.00798882 0.00742998 0.00684578 
0 0.00189976 0.00383734 0.00583699 0.00794988 0.0102079 0.0126622 0.0153613 0.0183549 0.021695 0.0254232 0.0295822 0.0341738 0.0392039 0.0446075 0.0502877 0.0561124 0.0618478 0.0672862 0.0721387 0.076125 0.0790068 0.0805215 0.0805284 0.0789322 0.0757552 0.0711473 0.0653614 0.0587456 0.0516841 0.0446131 0.037891 0.0319019 0.0269498 0.0232149 0.020854 0.019822 0.0200114 0.0212705 0.023372 0.0260887 0.0292043 0.032473 0.0356778 0.0387112 0.0414462 0.0438485 0.0459052 0.0475997 0.0489701 0.0500546 0.0509164 0.0515812 0.0520888 0.0524725 0.0527685 0.0529721 0.0531217 0.0532401 0.053293 0.0533183 0.0533262 0.0533082 0.0532613 0.0532126 0.0531349 0.0530526 0.052968 0.0528647 0.0527554 0.0526446 0.0525275 0.0524076 0.0522927 0.0521536 0.0520324 0.0519176 0.0517884 0.051649 0.0515433 0.0514252 0.0512988 0.0511845 0.051086 0.050977 0.050877 0.0507846 0.0506996 0.0506228 0.0505493 0.0504805 0.0504303 0.0503885 0.0503396 0.0503122 0.0503036 0.05029 0.0502798 0.0503039 0.0503284 0.0503488 0.0503923 0.0504597 0.0505144 0.0505833 0.0506784 0.0507777 0.0508732 0.0509943 0.0511272 0.0512607 0.0514054 0.0515646 0.0517314 0.0519076 0.0520907 0.0522775 0.0524875 0.0526977 0.0529046 0.053128 0.0533765 0.053602 0.0538412 0.0541024 0.0543665 0.054616 0.0548941 0.0551718 0.0554541 0.0557428 0.0560382 0.0563372 0.0566519 0.0569628 0.0572784 0.0576189 0.0579477 0.0582865 0.0586457 0.0590103 0.0593676 0.0597627 0.0601667 0.0605859 0.0610408 0.0615374 0.0620979 0.0627407 0.0635017 0.0644029 0.0654905 0.0668002 0.0683873 0.0702234 0.0723022 0.0746058 0.0770187 0.0794395 0.0816791 0.083493 0.0846502 0.0849387 0.0841057 0.0819813 0.0784422 0.0734073 0.0669977 0.0593755 0.0508235 0.0417027 0.0323895 0.023307 0.0148583 0.00742533 0.00127245 -0.00340061 -0.00654592 -0.0082284 -0.00856124 -0.00778698 -0.00612956 -0.00386116 -0.00125529 0.00146661 0.00408887 0.00646715 0.00849471 0.0101285 0.0113464 0.0121753 0.0126546 0.0128162 0.0127417 0.0124515 0.0120139 0.0114747 0.0108439 0.0101916 0.00949911 
0 0.00227317 0.00458675 0.00696449 0.00946165 0.0121085 0.0149526 0.0180546 0.0214432 0.0251914 0.0293309 0.0338868 0.0388984 0.0443081 0.0500847 0.0561124 0.0622026 0.0681906 0.073782 0.0787281 0.082766 0.0855965 0.0870459 0.0869242 0.085159 0.081805 0.0769889 0.0709826 0.0641315 0.056821 0.0494403 0.0424006 0.036028 0.0306259 0.0264402 0.0235481 0.0219929 0.021681 0.0224535 0.0241272 0.0264919 0.0293086 0.032335 0.0354039 0.0383131 0.0409698 0.0433217 0.0453142 0.0469467 0.0482607 0.0492829 0.0500262 0.0505908 0.0509898 0.0512564 0.0514265 0.0515189 0.0515389 0.0515153 0.0514809 0.0514067 0.0512945 0.0511504 0.0510333 0.0508997 0.0507294 0.0505477 0.0503915 0.0502258 0.0500401 0.0498548 0.0496721 0.0495054 0.0493219 0.0491326 0.0489529 0.0487999 0.0486155 0.0484397 0.0482834 0.0481369 0.0479687 0.0478235 0.047688 0.0475582 0.0474266 0.0473094 0.0472021 0.0471081 0.0470132 0.0469275 0.0468659 0.0468101 0.0467508 0.0467133 0.0467015 0.0466791 0.0466679 0.0466881 0.0467165 0.0467343 0.0467845 0.046855 0.0469198 0.046993 0.0471023 0.0472129 0.0473233 0.0474576 0.0476126 0.0477657 0.0479296 0.048115 0.0483102 0.0485146 0.0487238 0.0489518 0.0491941 0.0494444 0.0496869 0.0499641 0.050251 0.0505329 0.050815 0.0511419 0.0514597 0.0517776 0.0521064 0.0524657 0.0528231 0.0531882 0.0535515 0.0539429 0.0543613 0.0547674 0.05517 0.0556072 0.0560834 0.0565434 0.0570102 0.057498 0.058037 0.0585822 0.0591412 0.0597419 0.0603992 0.0611048 0.0618974 0.0628119 0.0638357 0.0650489 0.0664819 0.0681588 0.0701013 0.0723347 0.0748004 0.0774439 0.0801947 0.0828715 0.0852964 0.0872377 0.0884606 0.0887192 0.0878336 0.0856215 0.0819523 0.076844 0.0703467 0.0626689 0.0540989 0.0449641 0.0356492 0.0265685 0.0181143 0.0106398 0.00446541 -0.000268172 -0.00346926 -0.00517616 -0.0055612 -0.00477552 -0.00310057 -0.000790974 0.00190765 0.00471448 0.00745327 0.00994725 0.0120819 0.0138116 0.0151038 0.0159801 0.0164768 0.016641 0.0165276 0.0161967 0.0156961 0.0150744 0.0143773 0.0136256 0.0128524 
0 0.00267188 0.00537361 0.00815795 0.011045 0.014093 0.017343 0.0208357 0.0246402 0.0287835 0.0333215 0.0382841 0.0436591 0.0494442 0.0555468 0.0618478 0.0681906 0.074323 0.0800205 0.0849995 0.0889738 0.09173 0.0930196 0.0927167 0.0907648 0.0871822 0.0821558 0.0759269 0.0688399 0.061273 0.0536196 0.0462434 0.0394904 0.0336652 0.028956 0.0255308 0.0233975 0.0225071 0.0227477 0.0239388 0.0258749 0.0283241 0.0310897 0.0339254 0.0367096 0.0392909 0.0415653 0.0435047 0.045097 0.0463592 0.0473104 0.0480255 0.048493 0.0487998 0.0489799 0.0490616 0.0490434 0.0489757 0.0488871 0.0487447 0.0485749 0.0483825 0.0482056 0.047996 0.0477866 0.0475547 0.0473392 0.0471173 0.0468997 0.046668 0.0464378 0.0462208 0.0460078 0.0457928 0.045562 0.0453627 0.0451637 0.0449666 0.044753 0.0445812 0.0444 0.0442278 0.0440476 0.0439044 0.0437517 0.0436149 0.0434733 0.0433645 0.0432533 0.0431545 0.0430568 0.0429935 0.0429268 0.0428684 0.0428253 0.0428111 0.0427864 0.0427788 0.0427956 0.0428256 0.0428476 0.0429014 0.0429722 0.0430454 0.0431241 0.0432396 0.0433562 0.0434801 0.0436194 0.0437895 0.0439518 0.0441334 0.0443273 0.0445489 0.044761 0.0449972 0.0452408 0.0455164 0.0457758 0.0460609 0.0463565 0.0466829 0.0469855 0.0473198 0.0476682 0.0480377 0.0483898 0.0487738 0.0491731 0.0495861 0.0499987 0.0504323 0.0508902 0.0513525 0.0518344 0.052331 0.0528615 0.0533863 0.0539513 0.0545323 0.0551518 0.0557803 0.0564608 0.0571704 0.0579269 0.0587576 0.0596771 0.0606873 0.0618069 0.0631313 0.0646511 0.0664177 0.0684464 0.0707677 0.0733506 0.0761914 0.0792002 0.0822292 0.0851516 0.0877357 0.0897727 0.0910167 0.0912705 0.0903144 0.0880151 0.0842918 0.079116 0.0726191 0.0649764 0.0564724 0.0474336 0.0382391 0.0292615 0.0208972 0.0135122 0.0073594 0.00266875 -0.000516838 -0.00222809 -0.00256619 -0.00176161 -2.04181e-05 0.0023877 0.00518834 0.00815325 0.0110454 0.0136997 0.0160016 0.0178671 0.0192833 0.0202565 0.020817 0.0210243 0.020927 0.0205876 0.0200636 0.0194011 0.0186482 0.0178363 0.0169925 
0 0.00306893 0.00616847 0.00934623 0.0126266 0.0160666 0.0197032 0.0235883 0.0277765 0.0323045 0.0372239 0.0425458 0.048276 0.0543733 0.0607526 0.0672862 0.073782 0.0800205 0.0857372 0.0906668 0.0945395 0.0971208 0.0982072 0.0976692 0.09547 0.0916481 0.0863983 0.0799509 0.0726481 0.0648584 0.0569245 0.049245 0.0421183 0.0358473 0.0306529 0.0266608 0.0239306 0.0224371 0.0220866 0.0227295 0.0241987 0.026248 0.0286944 0.0313169 0.0339382 0.036419 0.0386334 0.0405424 0.0421154 0.0433761 0.0443217 0.0449898 0.0454115 0.0456805 0.0458201 0.0458431 0.0457818 0.0456419 0.0454767 0.0453028 0.0451109 0.0448597 0.0446144 0.0443782 0.0441515 0.0438953 0.0436301 0.0433815 0.043152 0.0429047 0.0426438 0.042411 0.0421833 0.0419525 0.041712 0.0414974 0.0412838 0.0410795 0.0408628 0.0406735 0.040489 0.0403126 0.0401286 0.0399755 0.0398257 0.0396825 0.0395425 0.0394302 0.03932 0.0392185 0.0391278 0.0390596 0.0389945 0.0389402 0.0389019 0.0388811 0.0388642 0.0388616 0.0388776 0.0389056 0.0389395 0.0389927 0.0390625 0.0391404 0.0392286 0.0393393 0.0394613 0.0395917 0.039736 0.0399046 0.040078 0.0402625 0.0404638 0.0406901 0.0409129 0.0411531 0.0414127 0.0416936 0.0419647 0.0422636 0.0425785 0.0429106 0.0432345 0.0435896 0.0439566 0.0443448 0.0447237 0.0451284 0.0455575 0.0460076 0.0464418 0.0469034 0.0474071 0.0479243 0.0484377 0.048969 0.0495514 0.0501663 0.0507944 0.0514164 0.0521102 0.0528584 0.0536407 0.0544487 0.0553371 0.0563071 0.0573946 0.0586062 0.0599583 0.0615184 0.0633176 0.0653977 0.067759 0.0704241 0.073363 0.0765446 0.0798395 0.0831277 0.0862319 0.0889328 0.0910366 0.0922844 0.0924798 0.0914478 0.0890712 0.085283 0.080124 0.0736795 0.0661466 0.0578073 0.048946 0.0399578 0.0311869 0.0230158 0.0157944 0.00978263 0.00518942 0.00208126 0.000445316 0.000166028 0.00106709 0.00291717 0.00546251 0.00844174 0.0115959 0.0147084 0.0175837 0.0201031 0.0221767 0.0237767 0.024913 0.0256059 0.0259229 0.0259028 0.0256194 0.0251267 0.0244701 0.0237134 0.0228723 0.0219952 
0 0.00343112 0.00689447 0.0104378 0.0140852 0.0178941 0.0218954 0.0261442 0.0306865 0.0355594 0.0408147 0.0464491 0.0524774 0.0588357 0.0654338 0.0721387 0.0787281 0.0849995 0.0906668 0.0954747 0.0991744 0.101521 0.102353 0.101543 0.0990748 0.0950045 0.0895225 0.0828644 0.0753547 0.0673588 0.0591855 0.0512355 0.0437793 0.0370987 0.0314304 0.0268753 0.023544 0.0214317 0.0204807 0.0205694 0.0215393 0.0231627 0.0252586 0.0276361 0.0300942 0.0324977 0.0346781 0.0365828 0.0381715 0.0394525 0.0404375 0.0411337 0.0415805 0.0418509 0.0419884 0.0419966 0.0419317 0.0417883 0.0416129 0.0414258 0.0412085 0.0409561 0.0407143 0.0404767 0.0402276 0.0399755 0.0397122 0.0394665 0.0392314 0.0389838 0.0387262 0.0384987 0.03827 0.0380372 0.0378104 0.0375947 0.0373829 0.0371834 0.0369818 0.0367875 0.0366135 0.036443 0.0362712 0.0361191 0.0359818 0.0358419 0.0357167 0.0356085 0.0355058 0.0354111 0.0353364 0.0352674 0.0352091 0.0351668 0.0351369 0.0351118 0.0351064 0.0351133 0.0351277 0.0351548 0.0352024 0.0352552 0.0353202 0.0354031 0.0354994 0.0356011 0.0357232 0.0358585 0.0360025 0.0361614 0.0363402 0.0365231 0.0367223 0.0369426 0.0371703 0.0374049 0.0376682 0.0379424 0.0382176 0.038516 0.0388374 0.0391604 0.039496 0.0398557 0.040226 0.0406131 0.0410109 0.0414208 0.0418556 0.0423159 0.0427677 0.0432466 0.0437605 0.0442895 0.0448255 0.0453974 0.0459937 0.0466288 0.04729 0.0479691 0.0487071 0.0495073 0.0503411 0.0512271 0.052217 0.0533012 0.0545223 0.0558798 0.0574151 0.0591909 0.0612553 0.0636116 0.0662694 0.069228 0.0724645 0.0759369 0.0794815 0.0829711 0.0861948 0.0889503 0.0910427 0.0922405 0.0923452 0.0912173 0.088761 0.0849232 0.0797942 0.0734376 0.0660716 0.0579601 0.0493688 0.0406784 0.0322057 0.0243171 0.0173359 0.0115354 0.00710514 0.00413759 0.0026329 0.00247105 0.00351542 0.00552065 0.00825323 0.0114544 0.0148535 0.0182453 0.021411 0.0242291 0.0265941 0.0284668 0.0298517 0.0307592 0.0312627 0.0313924 0.0312343 0.03084 0.0302571 0.0295613 0.0287562 0.0279048 
