0 0 0 0 0 0 0 0 0 0 0 0 0 0 0 0 0 0 0 0 0 0 0 0 0 0 0 0 0 0 0 0 0 0 0 0 0 0 0 0 0 0 0 0 0 0 0 0 0 0 0 0 0 0 0 0 0 0 0 0 0 0 0 0 0 0 0 0 0 0 0 0 0 0 0 0 0 0 0 0 0 0 0 0 0 0 0 0 0 0 0 0 0 0 0 0 0 0 0 0 0 0 0 0 0 0 0 0 0 0 0 0 0 0 0 0 0 0 0 0 0 0 0 0 0 0 0 0 0 0 0 0 0 0 0 0 0 0 0 0 0 0 0 0 0 0 0 0 0 0 0 0 0 0 0 0 0 0 0 0 0 0 0 0 0 0 0 0 0 0 0 0 0 0 0 0 0 0 0 0 0 0 0 0 0 0 0 0 0 0 0 0 0 0 0 0 0 0 0 0 
0 0.00130684 0.00255876 0.00371071 0.00471584 0.00554308 0.0061732 0.00659177 0.00681178 0.00684139 0.0067109 0.00646549 0.00613837 0.00580283 0.00549293 0.00525114 0.00511246 0.00505161 0.00509453 0.00519985 0.0053509 0.00554149 0.00570179 0.00584137 0.0059133 0.00591304 0.00585931 0.00573065 0.00554727 0.0053046 0.0050137 0.00468552 0.00434421 0.00396851 0.00357468 0.00316685 0.00273545 0.00232354 0.00189368 0.00146628 0.00103492 0.000611985 0.000198777 -0.000211888 -0.000609613 -0.00100973 -0.00137497 -0.00173294 -0.00208008 -0.00242244 -0.00273547 -0.00304083 -0.00332824 -0.00359439 -0.00386487 -0.00409994 -0.00432965 -0.00455447 -0.00476853 -0.00494376 -0.0051304 -0.0053055 -0.00546944 -0.00561959 -0.00576029 -0.00589654 -0.00601843 -0.00613965 -0.00625399 -0.00636456 -0.00644736 -0.00654687 -0.00663666 -0.00672174 -0.00678843 -0.00686302 -0.00692709 -0.00699776 -0.00704834 -0.00709816 -0.00715242 -0.00720219 -0.0072345 -0.0072753 -0.00731699 -0.00734201 -0.00737 -0.00740094 -0.00742371 -0.00743811 -0.0074635 -0.00747734 -0.00749015 -0.00750079 -0.0075161 -0.00751773 -0.00752766 -0.0075309 -0.00753577 -0.00753219 -0.00753784 -0.00753138 -0.0075295 -0.00752266 -0.0075199 -0.00750453 -0.00749908 -0.00748582 -0.00747072 -0.00745113 -0.00744013 -0.00741316 -0.00738877 -0.0073674 -0.00733931 -0.00729967 -0.00727151 -0.00723732 -0.00718738 -0.00714418 -0.00710142 -0.00704754 -0.00698521 -0.00692968 -0.00686055 -0.00679771 -0.00671861 -0.00663719 -0.00654781 -0.00646934 -0.00636601 -0.00626524 -0.00614866 -0.00603721 -0.00591549 -0.00578751 -0.00564247 -0.00549387 -0.00533404 -0.00516941 -0.0050027 -0.00480009 -0.00460051 -0.00439301 -0.00416858 -0.00391701 -0.00367894 -0.00340854 -0.00312361 -0.00282209 -0.00250516 -0.00218086 -0.00183757 -0.00147693 -0.00108816 -0.000704317 -0.000295596 0.00012415 0.000564495 0.00100334 0.00145564 0.00191835 0.00238594 0.0028786 0.00334801 0.00382999 0.00431337 0.00479886 0.00529181 0.00578172 0.00626976 0.00677154 0.00729475 0.00781946 0.00837644 0.00892924 0.0095001 0.0100846 0.0106344 0.0111579 0.0115843 0.0119025 0.0120888 0.012106 0.011964 0.0116415 0.011163 0.0105588 0.00986882 0.0091466 0.00843255 0.00776648 0.00717129 0.00666787 0.00625818 0.00594179 0.00570749 0.0055316 0.00540084 0.00528855 
0 0.00255876 0.00501712 0.00726432 0.00923261 0.0108403 0.012055 0.0128644 0.0132596 0.0133 0.0130141 0.0124937 0.0118404 0.0111335 0.0105126 0.010018 0.00971268 0.00961196 0.00966861 0.00989163 0.0102017 0.0105615 0.0109118 0.0111745 0.0113311 0.0113515 0.0112498 0.0110237 0.0106846 0.010226 0.00966882 0.00905493 0.00837559 0.00766739 0.00691335 0.00611292 0.00531588 0.0045058 0.00368204 0.00286009 0.00202205 0.00119795 0.000416757 -0.00036999 -0.00114623 -0.00188582 -0.00261617 -0.00330392 -0.00396608 -0.00462168 -0.00522681 -0.00579321 -0.0063485 -0.00688776 -0.00738525 -0.00785078 -0.00828881 -0.00871425 -0.00911129 -0.00948819 -0.00984417 -0.0101702 -0.0104933 -0.0107846 -0.0110518 -0.0113253 -0.0115963 -0.0118027 -0.0120123 -0.0122374 -0.0124436 -0.0126124 -0.0127775 -0.0129446 -0.0131052 -0.0132412 -0.0133635 -0.0134996 -0.0136113 -0.0137107 -0.0138136 -0.0139138 -0.0139791 -0.0140654 -0.0141408 -0.0141994 -0.0142486 -0.0143182 -0.0143553 -0.0143956 -0.0144351 -0.0144743 -0.01449 -0.0145229 -0.0145415 -0.0145581 -0.014566 -0.0145843 -0.0145824 -0.0145881 -0.0145863 -0.0145859 -0.0145702 -0.0145681 -0.0145498 -0.0145318 -0.0145081 -0.0144923 -0.0144509 -0.0144227 -0.014388 -0.0143451 -0.0142863 -0.0142508 -0.014186 -0.0141166 -0.0140507 -0.0139855 -0.0138843 -0.0138041 -0.0137129 -0.0135999 -0.0134802 -0.0133773 -0.0132423 -0.0130915 -0.0129429 -0.0127986 -0.012635 -0.0124339 -0.0122354 -0.0120566 -0.011849 -0.0115892 -0.0113539 -0.0111082 -0.0108284 -0.0105314 -0.0102383 -0.00990783 -0.0095551 -0.00918406 -0.00880444 -0.00840165 -0.00795897 -0.00749359 -0.00699989 -0.00649037 -0.00595512 -0.00537421 -0.00476074 -0.00414539 -0.00347449 -0.00276244 -0.00204502 -0.00128784 -0.000511635 0.000293385 0.00114968 0.00201128 0.00287591 0.00377672 0.00469057 0.00561393 0.00655143 0.00747446 0.00841661 0.00937735 0.0103292 0.011286 0.0122412 0.0132217 0.0142377 0.015294 0.0163771 0.0174868 0.0186323 0.0197705 0.020893 0.0219119 0.0227664 0.0234146 0.0237723 0.023836 0.0235552 0.0229291 0.0220005 0.0208095 0.0194635 0.0180489 0.0166549 0.0153594 0.0142101 0.0132384 0.0124601 0.0118635 0.0114223 0.0111074 0.0108664 0.0106746 
0 0.00371071 0.00726432 0.0105215 0.0133503 0.0156581 0.0173862 0.0185007 0.0190292 0.0190079 0.0185231 0.0177021 0.0166625 0.0155928 0.014616 0.0138496 0.0133827 0.0131804 0.0132745 0.0135792 0.0140346 0.0145974 0.0151109 0.0155518 0.0158178 0.0158863 0.0157898 0.0154932 0.0150327 0.0144052 0.0136396 0.0127712 0.0118495 0.0108453 0.0097856 0.00868174 0.00753099 0.00640929 0.00525413 0.00409996 0.00293679 0.00179549 0.000682751 -0.000420954 -0.00149627 -0.0025632 -0.00355719 -0.00452152 -0.00545776 -0.00637672 -0.00722675 -0.00804698 -0.00882521 -0.0095564 -0.01028 -0.0109275 -0.0115535 -0.0121642 -0.0127438 -0.0132432 -0.0137526 -0.014235 -0.0146915 -0.0151117 -0.0155067 -0.0158912 -0.0162448 -0.0165833 -0.0169072 -0.0172219 -0.0174797 -0.0177574 -0.0180156 -0.0182617 -0.0184695 -0.0186829 -0.0188746 -0.0190765 -0.0192345 -0.0193855 -0.019544 -0.01969 -0.0197964 -0.0199184 -0.0200385 -0.0201227 -0.0202086 -0.0203005 -0.0203708 -0.0204238 -0.0204943 -0.0205422 -0.0205826 -0.0206193 -0.0206605 -0.0206752 -0.0207012 -0.0207149 -0.020727 -0.0207232 -0.0207325 -0.0207189 -0.0207095 -0.0206911 -0.0206757 -0.0206362 -0.0206117 -0.020572 -0.0205234 -0.020467 -0.0204226 -0.0203459 -0.0202699 -0.0202002 -0.0201115 -0.0199987 -0.0199055 -0.0197982 -0.0196543 -0.0195229 -0.0193891 -0.0192273 -0.0190463 -0.0188774 -0.0186773 -0.0184805 -0.018252 -0.0180164 -0.017761 -0.017515 -0.0172216 -0.0169305 -0.0166037 -0.0162742 -0.0159264 -0.0155617 -0.0151554 -0.0147346 -0.0142916 -0.0138307 -0.0133543 -0.0128051 -0.0122545 -0.0116809 -0.0110619 -0.0103842 -0.00971925 -0.00898677 -0.00821306 -0.00739349 -0.00653369 -0.00565224 -0.0047189 -0.00373499 -0.00269105 -0.00164156 -0.000535191 0.00060764 0.00180369 0.00300688 0.00424118 0.00550902 0.00679949 0.00814168 0.00945017 0.0107831 0.0121293 0.0134906 0.0148716 0.0162539 0.0176434 0.0190775 0.0205748 0.0221042 0.023714 0.0253414 0.0270229 0.0287351 0.0303737 0.0319125 0.0331903 0.0341523 0.0347232 0.0348179 0.0344363 0.0335416 0.0321955 0.0304876 0.0285392 0.0265006 0.0244948 0.0226341 0.0209914 0.019619 0.0185289 0.0177134 0.0171352 0.0167305 0.0164487 0.0162274 
0 0.00471584 0.00923261 0.0133503 0.0169189 0.0198015 0.0219238 0.0232583 0.0238119 0.023668 0.0229186 0.0217284 0.0202863 0.0187824 0.0174344 0.0163666 0.0156833 0.0154028 0.0154829 0.0158844 0.0164966 0.017231 0.0179577 0.0185612 0.0189696 0.0191378 0.0190794 0.0187865 0.0182787 0.0175563 0.0166546 0.0156331 0.0145084 0.0133111 0.0120356 0.0106922 0.00932915 0.00795683 0.00656321 0.00516389 0.0037512 0.00236073 0.00102201 -0.000309817 -0.00162035 -0.00288889 -0.00411714 -0.00528937 -0.00642415 -0.0075337 -0.00857311 -0.00955526 -0.010507 -0.0114244 -0.0122917 -0.0130986 -0.013866 -0.0146104 -0.0153125 -0.0159696 -0.0165991 -0.0171922 -0.0177651 -0.018295 -0.0187904 -0.0192846 -0.0197595 -0.02017 -0.0205707 -0.0209779 -0.0213512 -0.0216882 -0.0220108 -0.0223272 -0.0226247 -0.0228934 -0.0231428 -0.0233979 -0.0236188 -0.0238201 -0.0240237 -0.0242138 -0.0243635 -0.0245265 -0.0246784 -0.0248007 -0.0249133 -0.0250376 -0.0251287 -0.0252117 -0.0252958 -0.0253695 -0.0254201 -0.0254779 -0.0255234 -0.0255566 -0.0255826 -0.0256094 -0.0256179 -0.0256241 -0.0256246 -0.0256168 -0.0255958 -0.0255785 -0.0255464 -0.0255051 -0.0254601 -0.0254125 -0.0253404 -0.0252723 -0.0251987 -0.0251052 -0.0249977 -0.0249039 -0.0247793 -0.0246389 -0.0245041 -0.024359 -0.0241735 -0.0240005 -0.0238157 -0.0235978 -0.0233672 -0.0231459 -0.0228868 -0.0226052 -0.0223164 -0.022023 -0.0217004 -0.0213403 -0.0209691 -0.0206076 -0.0202047 -0.0197505 -0.019305 -0.018842 -0.0183308 -0.0177948 -0.0172478 -0.0166588 -0.0160338 -0.0153705 -0.0146894 -0.0139744 -0.013201 -0.0123812 -0.0115302 -0.0106398 -0.00970118 -0.00869707 -0.00764546 -0.00656909 -0.00541968 -0.00420429 -0.00295488 -0.00165817 -0.000316017 0.00108058 0.00254873 0.00403677 0.00554863 0.00711206 0.00871121 0.0103418 0.0119864 0.0136351 0.0153174 0.0170351 0.0187631 0.0205095 0.0222758 0.0241046 0.0260166 0.0280113 0.0300865 0.0322271 0.0344401 0.0366696 0.0388511 0.0408592 0.0425599 0.0438543 0.0446193 0.0448002 0.0443359 0.0432211 0.0415261 0.0393551 0.0368896 0.034306 0.0317757 0.0294428 0.0274037 0.0257206 0.0244139 0.023465 0.0228224 0.022413 0.0221485 0.021966 
0 0.00554308 0.0108403 0.0156581 0.0198015 0.0231141 0.0255002 0.0269246 0.0274082 0.0270383 0.0259477 0.0243306 0.0224175 0.0204551 0.0186853 0.0172828 0.016363 0.0159515 0.0160145 0.0164828 0.0172414 0.0181684 0.0191089 0.0199279 0.0205268 0.0208524 0.0209056 0.0206831 0.0201989 0.0194671 0.0185261 0.0174356 0.0162305 0.0149303 0.0135407 0.0120783 0.0105824 0.00907625 0.00755278 0.00601682 0.00447373 0.00295285 0.00147161 7.19727e-06 -0.001435 -0.00283823 -0.00418852 -0.00548456 -0.00674549 -0.00797258 -0.00913488 -0.0102396 -0.0113024 -0.0123249 -0.0133002 -0.0142149 -0.0150888 -0.0159369 -0.0167395 -0.0174886 -0.0182087 -0.0189008 -0.0195635 -0.0201835 -0.0207694 -0.0213416 -0.0218875 -0.0223898 -0.0228756 -0.0233484 -0.0237851 -0.0241964 -0.0245926 -0.0249714 -0.0253237 -0.0256514 -0.0259632 -0.0262678 -0.0265393 -0.0267903 -0.0270392 -0.0272693 -0.0274661 -0.0276634 -0.0278498 -0.0280076 -0.0281543 -0.0283011 -0.0284226 -0.0285301 -0.0286352 -0.0287263 -0.0287989 -0.0288685 -0.0289276 -0.0289717 -0.0290079 -0.0290379 -0.0290534 -0.0290606 -0.0290611 -0.0290496 -0.0290272 -0.0290001 -0.0289603 -0.0289081 -0.0288508 -0.028784 -0.0286984 -0.0286087 -0.0285117 -0.0283935 -0.0282635 -0.0281345 -0.0279805 -0.0278081 -0.0276363 -0.0274483 -0.0272277 -0.027007 -0.0267753 -0.0265119 -0.0262307 -0.0259471 -0.0256355 -0.0253002 -0.0249476 -0.0245805 -0.0241893 -0.0237702 -0.0233293 -0.0228778 -0.0223913 -0.02187 -0.0213401 -0.0207855 -0.0201859 -0.0195576 -0.0189109 -0.0182313 -0.0175113 -0.0167455 -0.0159549 -0.0151307 -0.0142493 -0.013319 -0.0123571 -0.0113474 -0.0102795 -0.00914886 -0.00797042 -0.00675493 -0.00547201 -0.0041177 -0.00271322 -0.00126272 0.000241966 0.00181034 0.00344403 0.00511086 0.00681373 0.00857138 0.0103803 0.0122301 0.0140977 0.0159853 0.0179144 0.0198887 0.0218958 0.0239353 0.0260204 0.0281931 0.0304763 0.0328729 0.0353813 0.0379877 0.040687 0.0434228 0.0460993 0.0485758 0.0506902 0.052307 0.0532958 0.0535683 0.0530659 0.0517856 0.0498049 0.0472663 0.0443745 0.0413499 0.0383991 0.0356938 0.0333561 0.0314589 0.0300259 0.0290314 0.028411 0.0280737 0.0279132 0.0278469 
0 0.0061732 0.012055 0.0173862 0.0219238 0.0255002 0.0279999 0.0293767 0.0296742 0.0289742 0.0274574 0.025345 0.0228995 0.0204345 0.0181973 0.0164212 0.0152331 0.0146572 0.0146877 0.0152086 0.0161108 0.0172404 0.018409 0.0194798 0.0203171 0.0208646 0.021107 0.0210417 0.0206764 0.0200385 0.0191684 0.0181146 0.0169426 0.0156483 0.0142597 0.0128021 0.0112883 0.00976708 0.00822575 0.0066629 0.00509903 0.00355651 0.0020341 0.00054052 -0.000930139 -0.00237827 -0.0037606 -0.00510249 -0.00641108 -0.0076769 -0.00888794 -0.0100511 -0.0111663 -0.0122372 -0.0132735 -0.0142482 -0.0151848 -0.016092 -0.0169624 -0.0177731 -0.0185584 -0.0193219 -0.0200448 -0.0207313 -0.0213912 -0.0220261 -0.0226222 -0.0232017 -0.0237535 -0.02428 -0.024769 -0.0252461 -0.0257001 -0.0261314 -0.0265297 -0.0269119 -0.0272771 -0.0276214 -0.0279387 -0.0282368 -0.0285245 -0.0287882 -0.0290321 -0.029259 -0.0294768 -0.0296677 -0.0298489 -0.030013 -0.0301663 -0.0302962 -0.0304226 -0.0305281 -0.0306253 -0.0307038 -0.0307781 -0.030831 -0.0308797 -0.0309099 -0.030935 -0.030941 -0.0309436 -0.0309262 -0.0309049 -0.0308654 -0.0308203 -0.0307555 -0.030688 -0.0305994 -0.030504 -0.0303909 -0.030272 -0.0301286 -0.0299803 -0.0298135 -0.029634 -0.0294316 -0.0292247 -0.0289942 -0.0287458 -0.0284794 -0.0282024 -0.0278995 -0.0275759 -0.0272346 -0.0268748 -0.0264941 -0.0260866 -0.0256577 -0.0252044 -0.0247369 -0.0242365 -0.0237107 -0.0231543 -0.0225841 -0.0219785 -0.0213482 -0.0206832 -0.0199881 -0.0192603 -0.0185111 -0.017722 -0.0168827 -0.0160183 -0.0151198 -0.0141709 -0.0131678 -0.0121414 -0.0110598 -0.00991929 -0.00872581 -0.00748564 -0.00619251 -0.00484446 -0.00342978 -0.0019464 -0.000430306 0.00115166 0.00280343 0.00451064 0.00626546 0.0080704 0.00992581 0.0118438 0.0138175 0.0158078 0.0178471 0.0199348 0.0220771 0.0242823 0.0265352 0.0288672 0.0313156 0.0339094 0.0366505 0.0395487 0.0425812 0.0457292 0.0489418 0.0520762 0.0549978 0.0575084 0.0594391 0.0606627 0.0610441 0.0605425 0.0591501 0.0569526 0.0541321 0.0509069 0.0475417 0.0442731 0.0412984 0.0387628 0.0367494 0.0352831 0.0343318 0.0338165 0.0336235 0.033637 0.0337512 
0 0.00659177 0.0128644 0.0185007 0.0232583 0.0269246 0.0293767 0.030581 0.0305526 0.0294333 0.0274015 0.0247129 0.0217023 0.0186616 0.0159328 0.0137451 0.0122339 0.0114956 0.0114421 0.012019 0.0130694 0.0143881 0.0158356 0.0171762 0.0183117 0.0191578 0.0196623 0.0198498 0.0197081 0.0192691 0.0185752 0.017692 0.0166383 0.01548 0.0142113 0.0128541 0.0114704 0.0100295 0.00858345 0.00710677 0.00562723 0.00415173 0.00270338 0.00127571 -0.00014806 -0.00151911 -0.00287895 -0.00418856 -0.00546616 -0.00669937 -0.00790513 -0.00904603 -0.0101595 -0.0112542 -0.012278 -0.0132827 -0.0142409 -0.0151655 -0.0160457 -0.0169234 -0.017739 -0.0185323 -0.019294 -0.0200261 -0.020726 -0.021403 -0.0220644 -0.0226746 -0.0232602 -0.0238256 -0.0243939 -0.0248959 -0.0253854 -0.0258513 -0.0263127 -0.0267266 -0.0271319 -0.0275018 -0.0278683 -0.028205 -0.0285205 -0.0288132 -0.0290982 -0.0293551 -0.0295924 -0.0298203 -0.0300248 -0.0302128 -0.0303844 -0.0305461 -0.03068 -0.0308106 -0.030918 -0.0310176 -0.0310928 -0.0311671 -0.0312139 -0.0312582 -0.0312782 -0.0312966 -0.0312875 -0.0312783 -0.0312439 -0.0312065 -0.0311429 -0.0310796 -0.030989 -0.0308935 -0.030776 -0.0306534 -0.0305021 -0.0303478 -0.0301715 -0.0299796 -0.0297683 -0.0295489 -0.0293017 -0.0290374 -0.0287633 -0.0284629 -0.0281418 -0.0277998 -0.0274463 -0.0270616 -0.0266655 -0.0262239 -0.0257827 -0.0253167 -0.0248275 -0.0242799 -0.0237449 -0.0231782 -0.0225868 -0.0219432 -0.0212926 -0.0206124 -0.0199032 -0.0191574 -0.0183913 -0.0175881 -0.0167316 -0.015875 -0.0149691 -0.0140266 -0.0130385 -0.0120263 -0.0109419 -0.00984769 -0.00869683 -0.0074873 -0.00623885 -0.00493765 -0.0035785 -0.00215471 -0.000698159 0.000835843 0.00240705 0.00405622 0.00576317 0.00752955 0.00934013 0.0112129 0.0131594 0.0151366 0.0171941 0.0192825 0.0214453 0.0236894 0.0259986 0.0283969 0.0309084 0.0335673 0.036403 0.0394543 0.0426744 0.0460996 0.0496651 0.0532853 0.05687 0.0601774 0.0630616 0.0653052 0.0667347 0.0672604 0.0667728 0.0653125 0.0629697 0.0599293 0.0564663 0.0528479 0.0493529 0.0462035 0.0435569 0.0415088 0.0400838 0.0392421 0.0388912 0.0389051 0.039144 0.0394967 
0 0.00681178 0.0132596 0.0190292 0.0238119 0.0274082 0.0296742 0.0305526 0.0301126 0.0284581 0.0258352 0.0225264 0.0188663 0.0152491 0.0119714 0.0093381 0.00750371 0.0065264 0.00640637 0.00700034 0.00818038 0.0097296 0.0114393 0.013122 0.0146114 0.0158209 0.0166837 0.0172069 0.0173732 0.0172353 0.0168331 0.0161985 0.0154159 0.0144777 0.0134322 0.0123114 0.0111133 0.00987841 0.00862222 0.00732954 0.00603506 0.00474421 0.00343114 0.00214834 0.00087365 -0.000393268 -0.00161769 -0.0028268 -0.00401458 -0.00516365 -0.00629281 -0.00739874 -0.00846153 -0.00949 -0.0104927 -0.011472 -0.0124197 -0.0133358 -0.0142291 -0.0150812 -0.0159054 -0.0167194 -0.0174913 -0.0182392 -0.0189747 -0.0196622 -0.0203123 -0.0209755 -0.0216072 -0.0221885 -0.0227461 -0.0232971 -0.0238288 -0.024325 -0.0247871 -0.0252412 -0.0256814 -0.0260785 -0.0264643 -0.0268351 -0.0271744 -0.0274913 -0.0278084 -0.0280849 -0.0283448 -0.0285962 -0.0288287 -0.0290262 -0.029225 -0.0294006 -0.0295556 -0.0296925 -0.0298239 -0.0299261 -0.0300189 -0.0300941 -0.0301568 -0.0301963 -0.030229 -0.0302401 -0.0302392 -0.0302189 -0.0301901 -0.0301371 -0.0300749 -0.0299946 -0.0299007 -0.0297827 -0.0296616 -0.0295145 -0.0293503 -0.029172 -0.0289845 -0.0287595 -0.0285313 -0.028287 -0.028015 -0.027719 -0.0274249 -0.0270905 -0.0267373 -0.0263769 -0.0259893 -0.025561 -0.0251341 -0.0246876 -0.0242018 -0.0236854 -0.0231574 -0.022621 -0.0220472 -0.0214215 -0.0207872 -0.0201565 -0.0194681 -0.0187467 -0.0180166 -0.0172496 -0.0164438 -0.0156294 -0.0147797 -0.0138901 -0.0129688 -0.0120157 -0.0110349 -0.0100192 -0.00896909 -0.00787652 -0.00673398 -0.0055627 -0.00435104 -0.00308027 -0.00177687 -0.000425004 0.00100034 0.00245984 0.00398045 0.00556968 0.00719175 0.00888897 0.0106496 0.0124622 0.0143529 0.0163099 0.018317 0.0204094 0.0225749 0.024825 0.027198 0.0296755 0.032316 0.0351408 0.0381825 0.0414671 0.0449896 0.0487432 0.0526644 0.0566841 0.0606249 0.0643132 0.0675258 0.070033 0.0716855 0.0723097 0.0718661 0.0703626 0.0679049 0.0647255 0.0610774 0.0572853 0.0536341 0.0503682 0.0476727 0.0456416 0.0443038 0.0436124 0.0434644 0.0437149 0.0442191 0.0448443 
0 0.00684139 0.0133 0.0190079 0.023668 0.0270383 0.0289742 0.0294333 0.0284581 0.0262111 0.022933 0.0189429 0.0146314 0.010373 0.00654339 0.00343614 0.00122656 2.58121e-05 -0.000218005 0.000400398 0.00171027 0.00346521 0.00547803 0.00750174 0.00938562 0.0110172 0.0123015 0.0132426 0.0138222 0.0140797 0.0140572 0.0137962 0.0133366 0.0127305 0.0120037 0.0111853 0.0103039 0.00934585 0.00835853 0.00732813 0.00628615 0.00522271 0.00414248 0.00307308 0.0019952 0.000936995 -0.000131565 -0.00119289 -0.0022347 -0.00324471 -0.00426077 -0.00524982 -0.00622444 -0.00718969 -0.00811265 -0.00904252 -0.00994342 -0.0108095 -0.0116539 -0.0125089 -0.0133183 -0.0141071 -0.0148635 -0.0156088 -0.0163373 -0.0170284 -0.0177028 -0.0183577 -0.0189792 -0.01957 -0.0201701 -0.0207223 -0.0212537 -0.0217567 -0.0222539 -0.0227218 -0.0231731 -0.0235769 -0.0239894 -0.0243801 -0.0247308 -0.0250613 -0.0253998 -0.025694 -0.025964 -0.0262354 -0.0264811 -0.0266944 -0.0269024 -0.0270971 -0.0272578 -0.0274103 -0.0275466 -0.0276635 -0.0277571 -0.0278447 -0.0279062 -0.0279558 -0.0279839 -0.0280023 -0.0279946 -0.027979 -0.0279399 -0.0278886 -0.0278143 -0.027733 -0.0276234 -0.0275016 -0.0273643 -0.0272099 -0.0270257 -0.0268398 -0.0266323 -0.0263928 -0.0261451 -0.0258894 -0.0255923 -0.0252774 -0.0249687 -0.0246162 -0.0242364 -0.0238537 -0.023455 -0.023008 -0.0225592 -0.0220779 -0.0215838 -0.0210607 -0.0205177 -0.0199333 -0.0193515 -0.018728 -0.0180895 -0.0174217 -0.0167235 -0.0159965 -0.0152641 -0.0144977 -0.0136977 -0.0128725 -0.0120129 -0.0111562 -0.010253 -0.00931619 -0.00836068 -0.00738958 -0.00635543 -0.00531659 -0.00424328 -0.00313626 -0.00199727 -0.000802392 0.000425596 0.00168854 0.00299305 0.00436313 0.00577123 0.00724559 0.00876373 0.0103573 0.0120131 0.0137274 0.0155184 0.0173664 0.0193153 0.0213442 0.0234704 0.0257086 0.0280757 0.030598 0.0333184 0.0362597 0.0394601 0.0429616 0.0467342 0.0507944 0.0550466 0.0593866 0.0636709 0.067656 0.0711492 0.0738953 0.0757008 0.0764336 0.0760043 0.0744588 0.071916 0.0686 0.0648146 0.0608769 0.0571055 0.0537654 0.0510445 0.0490598 0.0478282 0.0472988 0.0473594 0.047849 0.048616 0.0495173 
0 0.0067109 0.0130141 0.0185231 0.0229186 0.0259477 0.0274574 0.0274015 0.0258352 0.022933 0.0189628 0.0142741 0.00927841 0.00438379 -1.95637e-05 -0.00361796 -0.00621118 -0.00768396 -0.00806689 -0.00746371 -0.00605624 -0.00409505 -0.00179453 0.000598689 0.0029104 0.0050039 0.00676771 0.0081826 0.00923052 0.00995088 0.0103832 0.0105598 0.0105224 0.0103168 0.00998095 0.00954481 0.00902458 0.00841616 0.0077617 0.00706089 0.00633697 0.00557529 0.00477026 0.00395737 0.00312862 0.0023001 0.00144885 0.000584516 -0.000275046 -0.00112187 -0.00198868 -0.00285546 -0.00371289 -0.00456096 -0.00538772 -0.00623552 -0.00706788 -0.00787249 -0.00866272 -0.00945827 -0.010225 -0.0109758 -0.0117021 -0.0124221 -0.0131309 -0.0137942 -0.0144422 -0.0150905 -0.0157133 -0.0162926 -0.0168701 -0.017423 -0.0179614 -0.0184652 -0.018953 -0.0194261 -0.0198819 -0.0202935 -0.0207074 -0.0211057 -0.0214618 -0.0218022 -0.0221466 -0.0224504 -0.0227271 -0.0230077 -0.0232615 -0.0234838 -0.0236984 -0.0239011 -0.0240698 -0.0242282 -0.02437 -0.0244928 -0.0245916 -0.0246814 -0.0247468 -0.0247985 -0.0248278 -0.0248451 -0.0248384 -0.0248202 -0.0247782 -0.0247231 -0.0246456 -0.0245571 -0.0244415 -0.0243132 -0.024168 -0.0240037 -0.0238113 -0.0236161 -0.023397 -0.0231472 -0.0228886 -0.0226221 -0.0223126 -0.0219883 -0.0216662 -0.0213037 -0.0209127 -0.0205238 -0.0201112 -0.0196536 -0.0191972 -0.0187195 -0.0182121 -0.0176753 -0.0171313 -0.0165617 -0.0159738 -0.0153402 -0.0147044 -0.0140546 -0.0133666 -0.0126459 -0.0119268 -0.0111766 -0.0103952 -0.00959749 -0.0087779 -0.00794798 -0.00707711 -0.00617989 -0.0052772 -0.00436464 -0.00339853 -0.00241989 -0.00141757 -0.000396243 0.00065517 0.00175174 0.00287074 0.00401497 0.00520484 0.00645436 0.00774129 0.00907937 0.0104562 0.0119121 0.0134385 0.0150272 0.0166924 0.0184301 0.0202764 0.0222239 0.0242814 0.0264694 0.0288224 0.0313717 0.034162 0.0372131 0.0405613 0.0442475 0.0482537 0.0525755 0.0571116 0.0617395 0.0662943 0.0705364 0.0742462 0.0771631 0.0790801 0.0798541 0.0794102 0.0777974 0.0751519 0.0717113 0.0677864 0.063713 0.0598243 0.0564012 0.0536452 0.0516793 0.0505237 0.050123 0.0503572 0.0510585 0.0520658 0.0532301 
0 0.00646549 0.0124937 0.0177021 0.0217284 0.0243306 0.025345 0.0247129 0.0225264 0.0189429 0.0142741 0.00889276 0.00320849 -0.00230934 -0.00729458 -0.0113964 -0.0143859 -0.0161709 -0.0167179 -0.0161721 -0.0147084 -0.0125679 -0.0100185 -0.00727018 -0.00454001 -0.00197999 0.000289811 0.00221611 0.00378036 0.0050179 0.00596335 0.00662438 0.00707126 0.00731399 0.0074207 0.00742681 0.00731267 0.00711136 0.00683162 0.00649906 0.00612221 0.00570017 0.00520458 0.00468392 0.00414698 0.00356776 0.00296544 0.00231855 0.00166372 0.00100061 0.000318654 -0.000402396 -0.0011227 -0.00183183 -0.00255706 -0.00329643 -0.00403665 -0.00475358 -0.00548001 -0.00619406 -0.00691056 -0.00760587 -0.00828189 -0.00895324 -0.00962675 -0.0102596 -0.0108655 -0.0114881 -0.0120867 -0.0126497 -0.013189 -0.0137358 -0.014255 -0.0147486 -0.0152123 -0.0156838 -0.0161238 -0.0165344 -0.0169339 -0.0173289 -0.0176804 -0.0180203 -0.0183564 -0.0186606 -0.0189388 -0.0192145 -0.0194699 -0.0196928 -0.0199092 -0.0201077 -0.0202839 -0.0204381 -0.0205843 -0.0207039 -0.0208095 -0.0208927 -0.0209645 -0.021011 -0.0210454 -0.0210552 -0.0210547 -0.0210286 -0.0209901 -0.0209272 -0.0208541 -0.0207555 -0.0206427 -0.0205072 -0.0203624 -0.0201886 -0.0199995 -0.0197958 -0.0195745 -0.0193209 -0.0190624 -0.0187877 -0.0184788 -0.0181553 -0.0178279 -0.0174658 -0.0170757 -0.0166913 -0.0162761 -0.0158266 -0.0153669 -0.014907 -0.0144008 -0.0138736 -0.0133324 -0.0127924 -0.0122064 -0.0115915 -0.0109707 -0.0103523 -0.00967822 -0.00898405 -0.00829677 -0.00758275 -0.00683152 -0.00606978 -0.0053068 -0.0045118 -0.00369887 -0.00285947 -0.00202349 -0.001166 -0.000288154 0.000622452 0.00153776 0.00245741 0.00341567 0.00441057 0.00541861 0.00643795 0.00751601 0.0086254 0.0097903 0.01099 0.0122296 0.0135522 0.0149515 0.0164121 0.0179432 0.0195774 0.0213101 0.0231847 0.0251779 0.0273163 0.0296632 0.0322354 0.0350911 0.0382471 0.0417413 0.0456006 0.0498376 0.0543985 0.0591857 0.0640671 0.0688252 0.0732686 0.0771211 0.0801322 0.0821008 0.0828425 0.082334 0.0806045 0.0778105 0.0742148 0.0701115 0.0658702 0.0618256 0.0582743 0.0554404 0.0534395 0.0523036 0.0519689 0.0523078 0.0531534 0.0543337 0.0557031 
0 0.00613837 0.0118404 0.0166625 0.0202863 0.0224175 0.0228995 0.0217023 0.0188663 0.0146314 0.00927841 0.00320849 -0.00310928 -0.00926709 -0.0148062 -0.0194159 -0.0228479 -0.0249454 -0.0257389 -0.0252931 -0.0238271 -0.021587 -0.0188157 -0.01577 -0.0126504 -0.00964092 -0.00687283 -0.00443916 -0.00233276 -0.000561871 0.00090741 0.00211417 0.00304277 0.00378902 0.00437475 0.0048298 0.00517989 0.00540356 0.00553029 0.00559492 0.0055994 0.00551456 0.00537399 0.0051629 0.00491189 0.00462931 0.00426822 0.00385585 0.00341851 0.00295895 0.00244751 0.00191086 0.00134175 0.000757675 0.000166549 -0.000455394 -0.00109236 -0.00171555 -0.002331 -0.00298535 -0.00362854 -0.00424588 -0.00485757 -0.00548021 -0.00608163 -0.00666722 -0.00725164 -0.0078169 -0.00835805 -0.00888498 -0.00941619 -0.00991984 -0.0103986 -0.0108566 -0.0113177 -0.0117567 -0.0121703 -0.0125593 -0.0129489 -0.0133194 -0.013661 -0.0139862 -0.014306 -0.014602 -0.0148731 -0.0151364 -0.0153813 -0.0156044 -0.0158089 -0.0160038 -0.0161732 -0.016328 -0.0164633 -0.0165859 -0.0166834 -0.0167689 -0.0168324 -0.0168833 -0.0169094 -0.0169238 -0.0169157 -0.0168948 -0.0168488 -0.0167917 -0.0167122 -0.0166186 -0.0165002 -0.0163721 -0.016221 -0.0160529 -0.0158635 -0.015665 -0.0154397 -0.0151968 -0.0149404 -0.0146681 -0.0143662 -0.0140527 -0.013729 -0.0133779 -0.013003 -0.012619 -0.0122227 -0.0117959 -0.0113515 -0.0108891 -0.010418 -0.00992206 -0.00940716 -0.00886359 -0.00831552 -0.00775006 -0.00716552 -0.00655137 -0.00592661 -0.00528434 -0.00462805 -0.0039628 -0.00327045 -0.00255135 -0.00182905 -0.00111476 -0.00035711 0.000416227 0.00118473 0.00196251 0.00278164 0.00360328 0.00442274 0.00526592 0.0061294 0.00702499 0.00793722 0.00886176 0.0098075 0.010825 0.0118688 0.0129406 0.0140794 0.0152798 0.0165623 0.0179177 0.0193445 0.020867 0.0225421 0.0243398 0.0262888 0.0284224 0.0307588 0.0333939 0.0363304 0.0396066 0.0432594 0.0473093 0.0517564 0.0565457 0.0615603 0.0666216 0.0715599 0.0761075 0.0800315 0.0830711 0.0849752 0.0856387 0.0849704 0.0830591 0.0800709 0.0762394 0.0719243 0.0674492 0.0631861 0.0594436 0.0564356 0.0543147 0.0530917 0.0527156 0.0530579 0.0539426 0.0552091 0.0567035 
0 0.00580283 0.0111335 0.0155928 0.0187824 0.0204551 0.0204345 0.0186616 0.0152491 0.010373 0.00438379 -0.00230934 -0.00926709 -0.0159936 -0.0221024 -0.027224 -0.0310909 -0.0335883 -0.0346485 -0.0343968 -0.0330185 -0.0307366 -0.0278476 -0.0245582 -0.0211095 -0.017702 -0.0144754 -0.0115452 -0.00893499 -0.00663642 -0.0046315 -0.00291796 -0.00145118 -0.000212806 0.000859537 0.00180145 0.00259253 0.00326346 0.00381333 0.00428707 0.00467096 0.00497356 0.00516695 0.00527362 0.00533745 0.00531061 0.00522319 0.00506091 0.00484645 0.00457857 0.00427439 0.00389002 0.00347887 0.00306499 0.00259636 0.00210795 0.00159108 0.00107079 0.00052812 -1.57076e-07 -0.000555356 -0.00109732 -0.00164412 -0.00218613 -0.00272992 -0.00325637 -0.00375499 -0.00426927 -0.0047813 -0.00526885 -0.00570955 -0.00618003 -0.00662873 -0.00706305 -0.00746078 -0.0078691 -0.00824855 -0.00862757 -0.00897251 -0.00931488 -0.00963588 -0.00994738 -0.0102344 -0.0105144 -0.0107728 -0.011015 -0.0112453 -0.011456 -0.0116503 -0.0118274 -0.0119938 -0.0121336 -0.0122661 -0.0123745 -0.0124732 -0.0125456 -0.0126121 -0.0126502 -0.0126822 -0.0126859 -0.0126837 -0.0126537 -0.0126167 -0.0125512 -0.0124813 -0.0123819 -0.0122744 -0.012143 -0.0120026 -0.0118335 -0.0116586 -0.0114607 -0.0112466 -0.0110138 -0.0107699 -0.0105026 -0.0102199 -0.00992569 -0.00960646 -0.0092754 -0.00892635 -0.00856766 -0.00817713 -0.0077817 -0.00736195 -0.00694893 -0.00648878 -0.00601664 -0.00553531 -0.00506949 -0.00453708 -0.00399743 -0.00345612 -0.00291653 -0.00233102 -0.0017366 -0.00113462 -0.000518614 0.000119267 0.000767046 0.00140577 0.00208905 0.00277539 0.00347523 0.00417145 0.00489141 0.00560756 0.00637237 0.0071291 0.00788412 0.00868081 0.00949367 0.0103165 0.0111566 0.0120461 0.0129605 0.0139349 0.0149226 0.0159653 0.0170874 0.0182915 0.0195731 0.0209313 0.0224187 0.0240304 0.025815 0.0277571 0.0298959 0.0323009 0.0350132 0.0380726 0.0415046 0.0453343 0.0495736 0.05424 0.0592253 0.0644205 0.0696449 0.0746588 0.079269 0.0831714 0.0861239 0.0879131 0.088364 0.0874799 0.0853102 0.082035 0.0779339 0.073304 0.0685341 0.0639705 0.0599255 0.0566587 0.0542832 0.0528556 0.05231 0.0525141 0.0533235 0.0545465 0.0560647 
0 0.00549293 0.0105126 0.014616 0.0174344 0.0186853 0.0181973 0.0159328 0.0119714 0.00654339 -1.95637e-05 -0.00729458 -0.0148062 -0.0221024 -0.0287414 -0.0343763 -0.0387298 -0.0416375 -0.0430617 -0.0430722 -0.0418638 -0.0396583 -0.0367302 -0.0333073 -0.0296271 -0.0259039 -0.0222867 -0.0189267 -0.0158333 -0.013043 -0.0105446 -0.00831557 -0.00637212 -0.00464112 -0.00309336 -0.00169787 -0.000444643 0.000666292 0.00163637 0.00251119 0.00327802 0.00392578 0.00447862 0.0049112 0.00527388 0.0055421 0.00571096 0.00579112 0.00580037 0.00574744 0.00563085 0.0054502 0.00521273 0.00493981 0.00461221 0.00426495 0.00387605 0.00347341 0.00305811 0.00261303 0.0021489 0.00170025 0.00124197 0.000775404 0.000326109 -0.000138624 -0.000595702 -0.00103602 -0.00146006 -0.00188987 -0.00230741 -0.00272271 -0.00310327 -0.00348132 -0.00385928 -0.00421993 -0.00455462 -0.0048929 -0.00521048 -0.00551141 -0.00580909 -0.00608768 -0.00634487 -0.00659865 -0.00683941 -0.00705342 -0.00726263 -0.00745667 -0.00763315 -0.00779241 -0.00794388 -0.00807197 -0.00819111 -0.00828957 -0.0083768 -0.00844454 -0.00850159 -0.00853479 -0.0085616 -0.00856549 -0.00855673 -0.00852893 -0.00849176 -0.00842903 -0.00835895 -0.0082674 -0.00816336 -0.0080397 -0.00790552 -0.00774774 -0.00758343 -0.0073965 -0.00719469 -0.00697988 -0.00675259 -0.00649789 -0.00623924 -0.00596598 -0.00566819 -0.00536044 -0.00504361 -0.00470037 -0.00434851 -0.00399239 -0.00360138 -0.00320188 -0.00280148 -0.00238377 -0.00193554 -0.00148344 -0.00101468 -0.000550097 -5.57736e-05 0.000460232 0.000982348 0.00150338 0.00205551 0.00260462 0.00317455 0.00376969 0.00435967 0.00495617 0.00557674 0.00620702 0.00684187 0.00750232 0.00816558 0.00885304 0.0095366 0.0102429 0.0109763 0.0117349 0.0125099 0.0133069 0.0141304 0.0150048 0.0159264 0.0168706 0.0178963 0.0189827 0.0201578 0.0214188 0.0227641 0.024241 0.0258812 0.0276881 0.0296841 0.031911 0.0344016 0.0372508 0.040457 0.0440634 0.0480941 0.0525409 0.0574098 0.0625795 0.0679199 0.0732237 0.0782733 0.0828304 0.0866254 0.0894114 0.0909568 0.0911429 0.0899329 0.0874225 0.0837972 0.0793164 0.0743167 0.0691506 0.0641916 0.0597571 0.0560993 0.0533632 0.0515902 0.0507322 0.0506649 0.0512419 0.0522971 0.0537088 
0 0.00525114 0.010018 0.0138496 0.0163666 0.0172828 0.0164212 0.0137451 0.0093381 0.00343614 -0.00361796 -0.0113964 -0.0194159 -0.027224 -0.0343763 -0.0405201 -0.0453723 -0.0487474 -0.0505971 -0.0509682 -0.0500381 -0.0480181 -0.0451659 -0.0417164 -0.0379054 -0.0339626 -0.0300518 -0.026338 -0.0228539 -0.0196446 -0.0167146 -0.0140403 -0.0116463 -0.00946377 -0.00747402 -0.00565056 -0.00397549 -0.0024536 -0.00107433 0.000191355 0.00133477 0.00234502 0.00324217 0.00399786 0.00465633 0.00520293 0.00563791 0.00598067 0.00622473 0.0063864 0.00646763 0.00647457 0.00641646 0.00631073 0.00614158 0.005943 0.00569506 0.00540858 0.0051071 0.00478015 0.00443627 0.00408406 0.00371086 0.00333066 0.00296683 0.00258296 0.00220591 0.00183864 0.00146806 0.0010987 0.000749179 0.000399463 6.28831e-05 -0.000271343 -0.000600275 -0.000903246 -0.00119911 -0.0015045 -0.00178204 -0.00203791 -0.00230624 -0.00255511 -0.00277804 -0.00300183 -0.00321857 -0.0034064 -0.00359002 -0.00376356 -0.00391997 -0.00406043 -0.00419293 -0.00430745 -0.00441245 -0.00449804 -0.0045725 -0.00463439 -0.00468145 -0.00470751 -0.0047298 -0.00473277 -0.00471779 -0.00469138 -0.00465592 -0.00459527 -0.00452633 -0.00444367 -0.00434504 -0.00422906 -0.00410409 -0.00396002 -0.00380663 -0.00363381 -0.00344814 -0.00325273 -0.00304213 -0.00280719 -0.00257445 -0.00232515 -0.00204791 -0.00176917 -0.00148918 -0.00117172 -0.00084736 -0.000529165 -0.000183343 0.000181075 0.000544585 0.000924005 0.0013177 0.00171661 0.00213791 0.00256142 0.00299755 0.00345094 0.00390762 0.0043693 0.00486656 0.00535805 0.0058565 0.00637466 0.00690267 0.00744278 0.00800484 0.00856807 0.00914687 0.009748 0.0103547 0.010993 0.0116427 0.0123151 0.0130122 0.0137345 0.0144802 0.0152687 0.016086 0.016958 0.0178791 0.0188336 0.0198711 0.0209761 0.0221765 0.0234761 0.0248794 0.0264189 0.0281333 0.0300231 0.0321257 0.0344843 0.0371322 0.0401613 0.0435653 0.0473861 0.0516321 0.056289 0.0613386 0.0666512 0.0720801 0.0774038 0.0824018 0.0868236 0.0904099 0.0929164 0.0941249 0.0939339 0.0923166 0.0893836 0.0853242 0.080403 0.074951 0.0693175 0.0638756 0.0589435 0.0547843 0.0515488 0.0492925 0.047978 0.0474932 0.0477093 0.0484697 0.0496685 
0 0.00511246 0.00971268 0.0133827 0.0156833 0.016363 0.0152331 0.0122339 0.00750371 0.00122656 -0.00621118 -0.0143859 -0.0228479 -0.0310909 -0.0387298 -0.0453723 -0.0507273 -0.0546256 -0.0569544 -0.0577801 -0.057234 -0.0555117 -0.0528661 -0.0495192 -0.0457115 -0.0416739 -0.037594 -0.0336168 -0.0298399 -0.0262911 -0.0229969 -0.019971 -0.0171814 -0.0146244 -0.0122535 -0.0100459 -0.00799749 -0.00609596 -0.00433614 -0.00270654 -0.0012241 0.000141897 0.0013617 0.00244696 0.00341719 0.00424275 0.00495651 0.00556348 0.00605351 0.00643378 0.00674507 0.0069524 0.00709088 0.0071633 0.00715398 0.00710845 0.00701653 0.00687315 0.00668306 0.00648617 0.00625503 0.00600317 0.00572041 0.00544763 0.00516428 0.0048553 0.00455441 0.004262 0.00395752 0.00364761 0.00336239 0.00306688 0.00278674 0.00249733 0.00222552 0.00196615 0.00171744 0.00144778 0.00121865 0.000998803 0.0007698 0.000550701 0.000366041 0.000172474 -1.37853e-05 -0.000176867 -0.000331129 -0.000480636 -0.000615972 -0.000735636 -0.000847321 -0.000945086 -0.00103669 -0.00110555 -0.00116857 -0.00122059 -0.0012598 -0.00127524 -0.00129543 -0.00129363 -0.00127628 -0.00124774 -0.00121727 -0.00115628 -0.00109227 -0.00101622 -0.000926994 -0.000817033 -0.000705253 -0.000574951 -0.000434681 -0.000277021 -0.000111427 6.38702e-05 0.000256358 0.000466077 0.000673977 0.000895187 0.00114851 0.00139347 0.00164405 0.00192344 0.00221847 0.00249539 0.0028066 0.00312403 0.00345032 0.00378169 0.00413559 0.00448023 0.00485471 0.00522638 0.00561002 0.00600595 0.00641196 0.00681713 0.00724647 0.00768749 0.00812683 0.00858541 0.00905399 0.00955353 0.010047 0.0105585 0.0111001 0.0116682 0.0122292 0.0128357 0.0134668 0.0141135 0.0148088 0.0155247 0.0162787 0.0170837 0.0179368 0.0188254 0.0197938 0.0208176 0.0219167 0.0231122 0.024395 0.0257919 0.0273098 0.0289828 0.0308215 0.0328705 0.0351447 0.0376812 0.0405497 0.0437756 0.0474051 0.0514532 0.0559144 0.0607757 0.065981 0.071393 0.076845 0.0821208 0.086965 0.0911631 0.0944355 0.0965532 0.0973447 0.09667 0.0945751 0.0911408 0.0865622 0.0811365 0.0751388 0.0689654 0.0629572 0.0574347 0.0526917 0.0488486 0.0460071 0.0441235 0.0430989 0.0428428 0.043188 0.0440702 
0 0.00505161 0.00961196 0.0131804 0.0154028 0.0159515 0.0146572 0.0114956 0.0065264 2.58121e-05 -0.00768396 -0.0161709 -0.0249454 -0.0335883 -0.0416375 -0.0487474 -0.0546256 -0.0590434 -0.0619349 -0.0632886 -0.0632259 -0.0619308 -0.0596086 -0.0564943 -0.0528252 -0.0488259 -0.0446894 -0.0405964 -0.0366182 -0.0328439 -0.0293054 -0.0259834 -0.0229174 -0.0200437 -0.0173573 -0.0148472 -0.0124759 -0.0102454 -0.00815404 -0.00619881 -0.00437446 -0.00270828 -0.00115214 0.000256376 0.00151353 0.00264483 0.00363863 0.00451423 0.00526139 0.00589812 0.00641075 0.00685584 0.00720617 0.0074525 0.00762674 0.00775343 0.0078184 0.007814 0.00778446 0.00769597 0.00758938 0.00744733 0.00727759 0.00708359 0.00690335 0.00668519 0.00644056 0.00621361 0.0059966 0.00576322 0.00550254 0.00527048 0.00505017 0.00482677 0.00457869 0.00437403 0.00416357 0.00395276 0.00374706 0.00357229 0.00337532 0.00319968 0.00303776 0.00288272 0.00272257 0.00258796 0.00245888 0.00233612 0.00222134 0.00212149 0.00203274 0.00194875 0.00187548 0.00181787 0.00177176 0.00172463 0.00170011 0.00168671 0.00167759 0.00167703 0.00170304 0.00172618 0.00176082 0.00181318 0.00187908 0.00194272 0.00202844 0.00212575 0.0022298 0.00234212 0.00247218 0.0026122 0.00275847 0.00291528 0.00308711 0.00327289 0.00345391 0.00365665 0.00387247 0.00409208 0.00430949 0.00456729 0.00481056 0.00505853 0.00532762 0.00562781 0.00589017 0.00617591 0.00648798 0.00681942 0.00711751 0.00743202 0.00777835 0.00814192 0.00847784 0.00882871 0.00922077 0.00960107 0.00998759 0.0104003 0.0108404 0.0112689 0.0117346 0.01221 0.0127237 0.013263 0.0138256 0.014404 0.0150333 0.0157138 0.0164086 0.0171572 0.0179594 0.0188232 0.0197284 0.0207151 0.0217598 0.0228953 0.0241333 0.0254447 0.0268748 0.0284285 0.0301201 0.0319649 0.0340052 0.0362365 0.0387236 0.0415001 0.0445837 0.0480616 0.0519216 0.0561957 0.0608762 0.0659082 0.0712221 0.0766765 0.0820803 0.087206 0.0918301 0.0956808 0.0985417 0.100185 0.100427 0.0992191 0.0965392 0.0925341 0.0873991 0.0813769 0.0748199 0.0680361 0.0614033 0.0552485 0.0498142 0.0453078 0.0417765 0.0392278 0.0375957 0.0367586 0.0366403 0.0371315 
0 0.00509453 0.00966861 0.0132745 0.0154829 0.0160145 0.0146877 0.0114421 0.00640637 -0.000218005 -0.00806689 -0.0167179 -0.0257389 -0.0346485 -0.0430617 -0.0505971 -0.0569544 -0.0619349 -0.0654016 -0.0673581 -0.067876 -0.0671063 -0.0652331 -0.0624854 -0.0590799 -0.0552463 -0.0512039 -0.0470813 -0.0430494 -0.0391537 -0.035452 -0.0319798 -0.0286876 -0.0256038 -0.022689 -0.0199364 -0.0173253 -0.0148427 -0.0124708 -0.0102321 -0.00813757 -0.00615129 -0.0043123 -0.00259525 -0.00103536 0.000376406 0.00165682 0.00282276 0.0038498 0.00472627 0.00550345 0.00616384 0.00673168 0.00719191 0.00756887 0.00786479 0.00811161 0.00827205 0.00835748 0.00842414 0.00845662 0.00843041 0.0083532 0.00827773 0.00816751 0.00803664 0.00788772 0.00774402 0.00756714 0.0073843 0.00720916 0.0070446 0.00686015 0.00666611 0.00649012 0.00632934 0.00616107 0.00597898 0.005824 0.0056777 0.00552863 0.0053748 0.00524993 0.00512115 0.00499905 0.00488039 0.00478397 0.00468114 0.0045923 0.00450821 0.00444299 0.00437211 0.00431813 0.00427153 0.00423902 0.00420192 0.00418788 0.00417861 0.00417771 0.00418064 0.00420787 0.00423118 0.00426723 0.00431382 0.00437661 0.00443383 0.00451266 0.00459811 0.00469445 0.0047901 0.00491011 0.00503047 0.00516167 0.00529568 0.00545478 0.00560802 0.00577185 0.00594524 0.00614125 0.0063226 0.00651885 0.00673155 0.00695758 0.00716934 0.0073973 0.00764019 0.0078938 0.00814434 0.00839861 0.00866581 0.00894528 0.00923575 0.00952172 0.00982189 0.0101243 0.0104486 0.0107809 0.011139 0.0114826 0.0118473 0.012249 0.0126837 0.0131084 0.0135678 0.0140802 0.0146099 0.0151702 0.0157769 0.0164472 0.0171497 0.0179107 0.018709 0.0195903 0.0205511 0.0215816 0.0226755 0.023866 0.025169 0.0265542 0.0280649 0.0296787 0.031438 0.0333523 0.0354264 0.0376728 0.0401431 0.0428678 0.0458736 0.0492323 0.0529251 0.0570241 0.061513 0.0663576 0.0715258 0.0768812 0.0822965 0.0875645 0.092461 0.0967374 0.100163 0.1025 0.103553 0.103198 0.10134 0.0980471 0.0934177 0.0876583 0.0810461 0.0738548 0.0664562 0.0591714 0.0523282 0.0462059 0.0409622 0.0367149 0.0334586 0.0311464 0.0297136 0.0290577 0.0291303 
