0 0 0 0 0 0 0 0 0 0 0 0 0 0 0 0 0 0 0 0 0 0 0 0 0 0 0 0 0 0 0 0 0 0 0 0 0 0 0 0 0 0 0 0 0 0 0 0 0 0 0 0 0 0 0 0 0 0 0 0 0 0 0 0 0 0 0 0 0 0 0 0 0 0 0 0 0 0 0 0 0 0 0 0 0 0 0 0 0 0 0 0 0 0 0 0 0 0 0 0 0 0 0 0 0 0 0 0 0 0 0 0 0 0 0 0 0 0 0 0 0 0 0 0 0 0 0 0 0 0 0 0 0 0 0 0 0 0 0 0 0 0 0 0 0 0 0 0 0 0 0 0 0 0 0 0 0 0 0 0 0 0 0 0 0 0 0 0 0 0 0 0 0 0 0 0 0 0 0 0 0 0 0 0 0 0 0 0 0 0 0 0 0 0 0 0 0 0 0 0 
0 -0.00136001 -0.00269877 -0.00401397 -0.00526708 -0.00644581 -0.00753183 -0.00850677 -0.00938485 -0.0101504 -0.0108106 -0.0113632 -0.0118033 -0.0121593 -0.0124407 -0.0126732 -0.0128672 -0.0130265 -0.01316 -0.0132783 -0.0133808 -0.0134616 -0.0135187 -0.0135292 -0.0135208 -0.0134707 -0.0133789 -0.0132503 -0.0130515 -0.0128302 -0.0125539 -0.0122326 -0.011873 -0.0114633 -0.0110382 -0.0105846 -0.0101069 -0.00960758 -0.00911061 -0.008602 -0.00810217 -0.00760014 -0.00710644 -0.00664515 -0.00618771 -0.00575344 -0.00533213 -0.00494821 -0.00457606 -0.00423172 -0.00391111 -0.00361559 -0.00335017 -0.00309547 -0.00286124 -0.00265248 -0.00247304 -0.00228709 -0.00214225 -0.00200741 -0.00187983 -0.00176567 -0.00167268 -0.00158545 -0.00151451 -0.00145166 -0.00138907 -0.00134473 -0.00129738 -0.00126422 -0.00123287 -0.00121191 -0.00118048 -0.00116084 -0.00113837 -0.00113452 -0.00111676 -0.00109933 -0.00108518 -0.00108212 -0.00107044 -0.0010634 -0.00105014 -0.00104196 -0.00104192 -0.00103389 -0.00102073 -0.00102021 -0.0010193 -0.00100583 -0.00100575 -0.00100449 -0.00099662 -0.000992014 -0.000996898 -0.000986621 -0.000985879 -0.000987379 -0.000984733 -0.000977896 -0.00098583 -0.000980383 -0.000978455 -0.000981554 -0.0009843 -0.000976827 -0.000985347 -0.000985925 -0.000983164 -0.000987326 -0.000995531 -0.000989005 -0.000994809 -0.00100435 -0.00100398 -0.001005 -0.00101394 -0.00101905 -0.00102513 -0.00103339 -0.00103152 -0.00104331 -0.00105802 -0.00106593 -0.00106323 -0.00107954 -0.00109273 -0.00110986 -0.00111133 -0.00112843 -0.00114141 -0.00115612 -0.00116607 -0.00119133 -0.00119632 -0.00120541 -0.00121865 -0.00122638 -0.00123347 -0.00123523 -0.00122601 -0.00121312 -0.00120349 -0.00116433 -0.00113703 -0.00109498 -0.00103756 -0.000959252 -0.000883867 -0.000787877 -0.000676381 -0.000550519 -0.000408577 -0.000254263 -7.07593e-05 0.000124305 0.000345528 0.000564143 0.000818265 0.00108657 0.00136085 0.00165218 0.00195124 0.00226183 0.00257276 0.0028784 0.00316921 0.00347327 0.0037459 0.00400533 0.00424023 0.00443649 0.00462143 0.00474454 0.0048254 0.00485253 0.00482222 0.00473875 0.00458007 0.00434769 0.00404264 0.00367152 0.00322738 0.00272352 0.00215862 0.00156662 0.000981189 0.000422569 -5.76524e-05 -0.000447544 -0.000702537 -0.000802434 -0.000756029 -0.000564675 -0.00028583 4.27566e-05 0.000363458 0.00060405 0.000719383 0.000637373 
0 -0.00269877 -0.00538073 -0.00797344 -0.010478 -0.0128065 -0.0149475 -0.0168862 -0.0185942 -0.0201105 -0.0213962 -0.02247 -0.023338 -0.0240171 -0.0245688 -0.0250135 -0.0253822 -0.0256871 -0.0259425 -0.0261648 -0.0263688 -0.0265331 -0.0266443 -0.0266979 -0.0266795 -0.0266093 -0.0264521 -0.0261978 -0.0258538 -0.0254178 -0.0249073 -0.024308 -0.0236155 -0.0228477 -0.0220311 -0.0211543 -0.0202287 -0.0192701 -0.018284 -0.0173148 -0.016333 -0.0153417 -0.0143899 -0.013454 -0.0125491 -0.0116824 -0.0108422 -0.0100648 -0.00934169 -0.0086337 -0.00798254 -0.00739418 -0.00683069 -0.00632198 -0.00585355 -0.0054317 -0.00504961 -0.00469285 -0.00436728 -0.00408877 -0.00384243 -0.00361159 -0.00341257 -0.00324247 -0.00309159 -0.00293603 -0.00283281 -0.00274696 -0.00264821 -0.0025635 -0.00251624 -0.00244878 -0.00239448 -0.00236961 -0.00233422 -0.00228452 -0.00225144 -0.00224303 -0.00222372 -0.00218941 -0.00215971 -0.00216313 -0.002142 -0.00211838 -0.00210723 -0.0021024 -0.00207533 -0.00207704 -0.0020647 -0.00204877 -0.00204062 -0.00204573 -0.00202132 -0.0020218 -0.00202063 -0.00201147 -0.00199973 -0.00201181 -0.00199689 -0.00199452 -0.00199829 -0.00199848 -0.00198507 -0.00200064 -0.00199563 -0.00199205 -0.00199782 -0.0020093 -0.00199554 -0.00201094 -0.00201701 -0.00201714 -0.00202159 -0.00204164 -0.00203189 -0.00204863 -0.00206744 -0.00207039 -0.00206666 -0.00209977 -0.00211654 -0.00212221 -0.0021262 -0.0021551 -0.00218457 -0.00219707 -0.002207 -0.0022407 -0.0022646 -0.00227975 -0.00232308 -0.00234768 -0.00235704 -0.00238557 -0.00242746 -0.0024376 -0.00245643 -0.00247281 -0.00248114 -0.00246546 -0.00245825 -0.00244822 -0.00240537 -0.00234128 -0.0022757 -0.00218283 -0.00206283 -0.00193196 -0.00176095 -0.00158022 -0.00135849 -0.00108623 -0.00080729 -0.000499079 -0.000131918 0.000256875 0.000677246 0.00114022 0.00162718 0.00216446 0.00271546 0.00326998 0.00385993 0.00446078 0.00506061 0.00565129 0.00623062 0.00679833 0.00734078 0.00783213 0.00826563 0.0086587 0.00898202 0.00922666 0.00937352 0.0094108 0.00935292 0.0091711 0.00884841 0.00837922 0.00776641 0.00701674 0.00614337 0.00513399 0.00402489 0.00286876 0.00170734 0.00064169 -0.000303591 -0.00103916 -0.00150222 -0.00168016 -0.00151916 -0.00111298 -0.000500346 0.000209879 0.000878469 0.00143028 0.00168307 0.00157568 
0 -0.00401397 -0.00797344 -0.0118403 -0.0155249 -0.0189743 -0.0221376 -0.0249718 -0.0274961 -0.0296885 -0.0315576 -0.0331045 -0.0343295 -0.0353 -0.036062 -0.0366813 -0.0371954 -0.0376211 -0.0379841 -0.0383138 -0.0386112 -0.0388613 -0.0390511 -0.0391336 -0.0391565 -0.0390771 -0.038886 -0.0385841 -0.0381101 -0.0375517 -0.0368527 -0.0360264 -0.035084 -0.0340104 -0.0328752 -0.0316558 -0.0303598 -0.0289967 -0.0276167 -0.0262029 -0.0247895 -0.0233601 -0.0219458 -0.0205929 -0.0192534 -0.0179633 -0.0167089 -0.0155438 -0.01442 -0.0133634 -0.0123752 -0.0114603 -0.0106233 -0.00983038 -0.0090984 -0.00844046 -0.00786024 -0.00728793 -0.00681323 -0.00638079 -0.00597954 -0.00561818 -0.00531407 -0.00503782 -0.00480421 -0.00459451 -0.0044012 -0.00425147 -0.00410118 -0.00398588 -0.00388485 -0.00380466 -0.00371007 -0.00364412 -0.00357593 -0.00354347 -0.00348888 -0.00343899 -0.00339594 -0.00337307 -0.00333694 -0.0033139 -0.00327618 -0.00324883 -0.00324049 -0.00321736 -0.003182 -0.00317531 -0.00316683 -0.00313397 -0.00312824 -0.00312245 -0.00310061 -0.00308854 -0.00309481 -0.0030715 -0.00306634 -0.00306892 -0.00306047 -0.00304603 -0.00306078 -0.00304998 -0.00304449 -0.00305265 -0.00305775 -0.00304402 -0.00306232 -0.00306648 -0.00306146 -0.00307389 -0.00309309 -0.00308357 -0.00309907 -0.00312415 -0.00312649 -0.00313505 -0.00316067 -0.00317705 -0.00319452 -0.00322117 -0.00322785 -0.00325936 -0.00329754 -0.00332514 -0.00333308 -0.00337603 -0.00341426 -0.00346131 -0.0034776 -0.00352193 -0.00356218 -0.00360214 -0.00363036 -0.00368803 -0.0037073 -0.003727 -0.00375357 -0.00376796 -0.00377584 -0.00376573 -0.00373205 -0.00368737 -0.0036378 -0.00352418 -0.00342659 -0.00329084 -0.00311118 -0.00288137 -0.00264241 -0.00235185 -0.00201354 -0.00162877 -0.00120055 -0.000732159 -0.000186994 0.000396429 0.00104106 0.00169708 0.00243249 0.00320857 0.00400176 0.00482935 0.00567787 0.00654901 0.00741471 0.00825945 0.00906658 0.00988477 0.0106266 0.0113168 0.0119321 0.0124488 0.0129094 0.0132141 0.0133911 0.0134172 0.0132844 0.0129929 0.012493 0.0117836 0.0108692 0.00976402 0.00846101 0.00698697 0.00535775 0.00366441 0.00200105 0.000447976 -0.000868791 -0.0018867 -0.00249183 -0.0026302 -0.00231247 -0.00157271 -0.000556188 0.00060629 0.00173898 0.0026383 0.0031414 0.00306643 
0 -0.00526708 -0.010478 -0.0155249 -0.0203553 -0.024849 -0.0289552 -0.0326392 -0.0358759 -0.0386946 -0.0410673 -0.0430145 -0.0445564 -0.0457476 -0.0466832 -0.0474271 -0.0480375 -0.0485447 -0.048983 -0.0493829 -0.0497635 -0.0500982 -0.0503603 -0.0505315 -0.0506015 -0.0505754 -0.0504105 -0.050086 -0.0495951 -0.0489526 -0.0481639 -0.0472145 -0.0461015 -0.0448417 -0.0434789 -0.0420002 -0.0404169 -0.0387504 -0.037023 -0.0352785 -0.0334969 -0.0316841 -0.0298962 -0.0281316 -0.0263964 -0.024707 -0.0230614 -0.0215062 -0.0200292 -0.0185996 -0.0172609 -0.016023 -0.0148561 -0.0137753 -0.0127772 -0.0118706 -0.0110453 -0.0102749 -0.00958089 -0.00896884 -0.00841814 -0.00791498 -0.00747332 -0.00708788 -0.00674445 -0.00642036 -0.00616374 -0.00594818 -0.00573175 -0.00554606 -0.00540809 -0.00526584 -0.00514039 -0.00505393 -0.00496553 -0.00487287 -0.0047964 -0.00474834 -0.00469682 -0.00463366 -0.00457718 -0.00455481 -0.00451088 -0.00446545 -0.00443888 -0.00441421 -0.00437051 -0.00435765 -0.00433449 -0.00430213 -0.00428522 -0.00427946 -0.00424622 -0.00423648 -0.00423142 -0.0042126 -0.00419714 -0.004204 -0.00418659 -0.00417867 -0.004184 -0.00418051 -0.00416801 -0.00418357 -0.00418201 -0.00417752 -0.00419004 -0.00420396 -0.00419567 -0.00421646 -0.00423272 -0.00423684 -0.00425253 -0.00428317 -0.00428538 -0.004312 -0.00434696 -0.00436347 -0.00437794 -0.00442841 -0.00446238 -0.00448767 -0.00451794 -0.0045697 -0.00461896 -0.00465815 -0.00469753 -0.00475837 -0.00480535 -0.00485041 -0.00491934 -0.00496774 -0.00499764 -0.00505039 -0.00510382 -0.00512364 -0.00514647 -0.00516163 -0.00515756 -0.00512231 -0.00508201 -0.00502875 -0.0049308 -0.00478931 -0.00463503 -0.0044356 -0.00418411 -0.00389283 -0.00354689 -0.00315831 -0.00269795 -0.00215839 -0.00158323 -0.000948666 -0.000222732 0.000554518 0.00138874 0.00228084 0.00322788 0.00423928 0.00527184 0.00631472 0.00739556 0.00848637 0.00956434 0.0106123 0.0116245 0.012607 0.0135226 0.0143446 0.0150601 0.0156796 0.0161778 0.0165201 0.0166841 0.0166541 0.0164371 0.0159976 0.0153034 0.014342 0.0131214 0.0116557 0.00995914 0.00803864 0.00595135 0.00380041 0.00169095 -0.000222412 -0.00183979 -0.00302065 -0.00364546 -0.00366499 -0.00304019 -0.00189387 -0.000353311 0.00137333 0.00303629 0.00442082 0.00523089 0.0052959 
0 -0.00644581 -0.0128065 -0.0189743 -0.024849 -0.0303128 -0.0352877 -0.0397279 -0.0436186 -0.0469669 -0.0497676 -0.0520368 -0.0538063 -0.0551549 -0.0561864 -0.0569923 -0.0576449 -0.0581888 -0.0586672 -0.0591205 -0.0595619 -0.059972 -0.0603193 -0.0605741 -0.0607384 -0.060794 -0.0607073 -0.0604522 -0.0600054 -0.0593936 -0.0586051 -0.0576291 -0.0564654 -0.0551254 -0.0536515 -0.0520396 -0.0502929 -0.0484308 -0.0464885 -0.0444871 -0.0424309 -0.0403267 -0.0382173 -0.0361273 -0.0340515 -0.0320065 -0.0300041 -0.0280843 -0.0262348 -0.024454 -0.0227677 -0.0211875 -0.0197042 -0.0183108 -0.0170151 -0.0158307 -0.0147487 -0.0137387 -0.0128333 -0.0120199 -0.0112778 -0.010604 -0.0100091 -0.00948219 -0.00901373 -0.00858829 -0.00821993 -0.0079033 -0.0076088 -0.00735646 -0.00714624 -0.00695461 -0.00677717 -0.00663317 -0.00650331 -0.00639105 -0.00628518 -0.00619512 -0.00611382 -0.00603928 -0.00596977 -0.00591739 -0.00585537 -0.00579953 -0.00576154 -0.00571919 -0.00566803 -0.00563981 -0.00560979 -0.005569 -0.00554469 -0.00552608 -0.00549354 -0.00547415 -0.00546399 -0.00544048 -0.00542525 -0.00542234 -0.00540796 -0.00539665 -0.00540074 -0.00539473 -0.00538827 -0.00539809 -0.00540152 -0.00539936 -0.00541517 -0.005428 -0.00543114 -0.00545238 -0.00547524 -0.00548514 -0.00551011 -0.00554521 -0.00556336 -0.00559302 -0.00563543 -0.00566936 -0.00570422 -0.00575532 -0.00579784 -0.00584664 -0.00590371 -0.00596324 -0.00601655 -0.00607985 -0.00614746 -0.00622162 -0.0062808 -0.0063473 -0.00642213 -0.00648561 -0.00653717 -0.00660088 -0.00664665 -0.00667081 -0.00669128 -0.00669881 -0.00668344 -0.0066356 -0.00656347 -0.00646819 -0.00633234 -0.00614107 -0.00592691 -0.00566063 -0.00532692 -0.00493154 -0.00448271 -0.00396794 -0.00337237 -0.00269588 -0.0019577 -0.0011468 -0.000240403 0.000733747 0.00177055 0.00285885 0.00401524 0.00522552 0.00645632 0.00770305 0.00897083 0.0102423 0.0114876 0.0126847 0.0138288 0.0149274 0.0159336 0.0168291 0.017598 0.0182364 0.0187341 0.0190373 0.0191302 0.0189991 0.0186379 0.0180221 0.0171112 0.0158932 0.0143781 0.0125821 0.0105193 0.00821524 0.00573487 0.00320269 0.000761782 -0.00142461 -0.0032033 -0.00442321 -0.00494337 -0.00468995 -0.00365951 -0.00196562 0.000202692 0.0025909 0.0049034 0.00683623 0.00806759 0.00835062 
0 -0.00753183 -0.0149475 -0.0221376 -0.0289552 -0.0352877 -0.0410327 -0.0461336 -0.0505825 -0.0543663 -0.0575039 -0.060008 -0.061927 -0.0633597 -0.0644169 -0.065217 -0.0658455 -0.066366 -0.0668322 -0.0672934 -0.0677619 -0.0682261 -0.068654 -0.0690087 -0.069295 -0.069476 -0.0695248 -0.069409 -0.0690961 -0.0686115 -0.0679329 -0.0670504 -0.0659623 -0.0646748 -0.0632184 -0.0615989 -0.0598142 -0.0578817 -0.0558443 -0.0537052 -0.051487 -0.0491988 -0.0468658 -0.0445312 -0.0421872 -0.0398506 -0.0375483 -0.035308 -0.0331237 -0.0310152 -0.0289926 -0.027071 -0.0252619 -0.0235469 -0.021944 -0.0204637 -0.0190988 -0.0178256 -0.0166737 -0.0156268 -0.0146691 -0.0138012 -0.0130252 -0.012329 -0.0117036 -0.0111484 -0.0106499 -0.0102148 -0.00982338 -0.00948193 -0.00917926 -0.008919 -0.00868064 -0.00847328 -0.00829093 -0.00813658 -0.00799214 -0.00786206 -0.00774833 -0.00764821 -0.00755709 -0.00747282 -0.00739418 -0.00732253 -0.00726485 -0.00720285 -0.0071459 -0.00709775 -0.00705651 -0.00700778 -0.00697363 -0.00693945 -0.00690753 -0.00687729 -0.00685884 -0.00683186 -0.00681585 -0.00680127 -0.00679008 -0.00677659 -0.00677689 -0.00676968 -0.00677027 -0.00677364 -0.00678211 -0.00678528 -0.00680336 -0.00681636 -0.00683369 -0.00685547 -0.00688532 -0.00690641 -0.00694158 -0.00697929 -0.00701766 -0.00705654 -0.00710792 -0.00715749 -0.00721403 -0.00727311 -0.00733364 -0.00740135 -0.00747929 -0.00755427 -0.00762562 -0.00771047 -0.00779991 -0.00788621 -0.00796439 -0.00805388 -0.00813579 -0.00821102 -0.00827739 -0.00834459 -0.00838606 -0.00841513 -0.00842622 -0.00841737 -0.00837866 -0.00830764 -0.0081986 -0.00805453 -0.00786607 -0.00761287 -0.00731709 -0.00696173 -0.00652985 -0.00601806 -0.00544814 -0.00479004 -0.00404158 -0.00321025 -0.00229643 -0.00130162 -0.000217165 0.000946447 0.00217389 0.00344807 0.00479308 0.00617496 0.00757148 0.00897922 0.0103842 0.01178 0.0131336 0.014422 0.0156401 0.016789 0.0178225 0.0187252 0.0194812 0.0200755 0.0205068 0.020716 0.0206896 0.0204157 0.0198766 0.0190559 0.0179117 0.0164335 0.014633 0.0125307 0.0101433 0.00751637 0.00472624 0.00191265 -0.00074605 -0.00307998 -0.00488871 -0.00600997 -0.00629004 -0.00563464 -0.00407761 -0.00172809 0.00116846 0.00431178 0.00735872 0.0099193 0.0116489 0.0122301 
0 -0.00850677 -0.0168862 -0.0249718 -0.0326392 -0.0397279 -0.0461336 -0.0518042 -0.0566909 -0.0608191 -0.0641869 -0.0668256 -0.0688124 -0.0702367 -0.071246 -0.071964 -0.0724964 -0.0729293 -0.0733308 -0.0737444 -0.0742047 -0.0746954 -0.0751784 -0.075654 -0.0760616 -0.0764112 -0.076649 -0.0767206 -0.0766482 -0.0763669 -0.0759114 -0.0752446 -0.0743486 -0.0732541 -0.0719497 -0.0704548 -0.0687669 -0.066912 -0.064892 -0.0627622 -0.0605 -0.0581381 -0.0557117 -0.0532175 -0.0507018 -0.0481589 -0.0456325 -0.0431224 -0.0406764 -0.0382689 -0.0359401 -0.0337112 -0.0315688 -0.0295415 -0.0276324 -0.0258467 -0.0241671 -0.0226339 -0.0211913 -0.0198836 -0.0186924 -0.0176051 -0.0166119 -0.0157291 -0.014923 -0.0141922 -0.0135582 -0.012985 -0.0124757 -0.0120127 -0.0116197 -0.0112537 -0.0109434 -0.0106672 -0.0104331 -0.0101946 -0.0100032 -0.00984004 -0.00969387 -0.00954135 -0.00941811 -0.00930808 -0.00921128 -0.00911459 -0.00902488 -0.00894892 -0.00888089 -0.00881317 -0.00874919 -0.00869973 -0.00864616 -0.00860206 -0.00856042 -0.00852717 -0.00848941 -0.00846795 -0.00844053 -0.00842299 -0.00840486 -0.00839921 -0.00838501 -0.00838693 -0.00838518 -0.00839216 -0.00839649 -0.00841588 -0.00842714 -0.00845141 -0.00847599 -0.00850722 -0.00853649 -0.00858182 -0.00862279 -0.00866797 -0.00872077 -0.00878303 -0.00884597 -0.00890985 -0.00897946 -0.00906093 -0.0091561 -0.00923208 -0.0093171 -0.00941915 -0.00953471 -0.00962212 -0.00972572 -0.00982642 -0.00993788 -0.0100267 -0.0101284 -0.0102071 -0.0102776 -0.010326 -0.0103811 -0.0103947 -0.0103811 -0.0103485 -0.0102714 -0.0101499 -0.00999609 -0.00979537 -0.0095124 -0.0091921 -0.00878399 -0.00831032 -0.00775285 -0.00712042 -0.00638499 -0.00557397 -0.00465941 -0.00364514 -0.00255803 -0.00137631 -0.000116935 0.00122475 0.00261024 0.00407047 0.0055545 0.0070763 0.00860605 0.0101132 0.0116147 0.0130759 0.0144786 0.0157992 0.0170429 0.0181629 0.0191774 0.0200239 0.0206988 0.0212157 0.0215051 0.0215893 0.0214035 0.0209476 0.0202183 0.0191684 0.0177907 0.0160641 0.0140018 0.0116266 0.0089748 0.00608526 0.00307467 8.40193e-05 -0.0026974 -0.00504349 -0.00677645 -0.00766971 -0.00758303 -0.00643299 -0.00422588 -0.00115118 0.00255788 0.00653106 0.0103562 0.0136264 0.0158931 0.0168473 
0 -0.00938485 -0.0185942 -0.0274961 -0.0358759 -0.0436186 -0.0505825 -0.0566909 -0.0619342 -0.0662794 -0.0697774 -0.0724522 -0.0743945 -0.0757306 -0.0765972 -0.0771528 -0.0775167 -0.0777998 -0.0780729 -0.0784059 -0.078809 -0.0792903 -0.0798277 -0.0803794 -0.0809448 -0.0814621 -0.0819135 -0.0822564 -0.0824501 -0.0824861 -0.0823318 -0.0819711 -0.0813928 -0.0805986 -0.0795718 -0.0783423 -0.076895 -0.0752385 -0.0734127 -0.0713908 -0.0692239 -0.0669275 -0.0644985 -0.0619899 -0.0594088 -0.0567629 -0.0541023 -0.0514254 -0.0487488 -0.0461301 -0.0435538 -0.0410423 -0.0386311 -0.0363069 -0.0340908 -0.0319944 -0.0300215 -0.0281784 -0.0264712 -0.024887 -0.0234216 -0.0220823 -0.0208656 -0.0197528 -0.0187452 -0.0178578 -0.0170339 -0.0162873 -0.0156416 -0.0150647 -0.0145308 -0.0140779 -0.01367 -0.0132891 -0.0129617 -0.0126891 -0.0124394 -0.0121964 -0.011984 -0.0118144 -0.0116622 -0.0114961 -0.0113623 -0.0112488 -0.0111367 -0.0110288 -0.0109461 -0.0108518 -0.0107763 -0.0107104 -0.0106453 -0.0105778 -0.0105384 -0.0104867 -0.010443 -0.0104104 -0.010386 -0.0103502 -0.0103396 -0.0103254 -0.0103133 -0.0103084 -0.0103196 -0.0103157 -0.0103321 -0.0103531 -0.0103739 -0.0103954 -0.0104419 -0.0104736 -0.0105174 -0.0105717 -0.0106301 -0.0106842 -0.0107659 -0.0108331 -0.0109068 -0.0110035 -0.011108 -0.0111875 -0.0112896 -0.0114113 -0.0115347 -0.011641 -0.0117502 -0.0118796 -0.0120121 -0.0121203 -0.0122298 -0.0123443 -0.0124255 -0.0125075 -0.0125873 -0.0126269 -0.0126294 -0.0126266 -0.0125792 -0.012491 -0.0123631 -0.0121874 -0.0119419 -0.0116304 -0.0112619 -0.0108156 -0.0102809 -0.00966652 -0.00895619 -0.00813966 -0.00724411 -0.00623893 -0.00513877 -0.00396529 -0.00268207 -0.00131909 0.000103803 0.00160567 0.00315111 0.00472312 0.00633583 0.00794195 0.00954077 0.0111304 0.0126587 0.01414 0.0155394 0.0168355 0.0180264 0.0190863 0.0199991 0.0207472 0.0213168 0.0216778 0.0218312 0.0217322 0.0213679 0.0207286 0.0197795 0.018523 0.0169225 0.0149782 0.0126974 0.0101048 0.00723643 0.00416693 0.00100891 -0.00207952 -0.00486748 -0.00715872 -0.00868968 -0.00926749 -0.00873331 -0.00697906 -0.00409425 -0.000206439 0.00434516 0.00917319 0.0138385 0.0178073 0.0206801 0.0220352 
0 -0.0101504 -0.0201105 -0.0296885 -0.0386946 -0.0469669 -0.0543663 -0.0608191 -0.0662794 -0.0707472 -0.0742577 -0.0768625 -0.0786796 -0.0798339 -0.0804875 -0.0808083 -0.0809331 -0.0809953 -0.0810888 -0.0812674 -0.0815753 -0.0820113 -0.0825554 -0.0832063 -0.0838925 -0.0846036 -0.0852905 -0.0858965 -0.0864294 -0.086798 -0.0870162 -0.0870463 -0.0868619 -0.0864748 -0.0858385 -0.0849745 -0.0838782 -0.0825643 -0.0810213 -0.07928 -0.0773395 -0.0752329 -0.0729692 -0.070549 -0.0680245 -0.065399 -0.0627217 -0.0599701 -0.0572125 -0.0544495 -0.0517015 -0.0489941 -0.0463359 -0.0437654 -0.0412955 -0.0389225 -0.0366461 -0.0345337 -0.0325148 -0.0306367 -0.0289025 -0.0273063 -0.0258278 -0.0244807 -0.0232434 -0.0221274 -0.0211235 -0.020205 -0.0193974 -0.0186561 -0.0179948 -0.017398 -0.0168835 -0.0164134 -0.0160069 -0.0156154 -0.0152902 -0.0150015 -0.0147442 -0.0145004 -0.0142939 -0.0140951 -0.0139364 -0.0137857 -0.0136318 -0.013504 -0.0134036 -0.0132869 -0.0131836 -0.01311 -0.0130238 -0.0129454 -0.0128902 -0.0128336 -0.012771 -0.0127398 -0.012702 -0.012665 -0.0126448 -0.0126365 -0.0126126 -0.0126162 -0.0126234 -0.0126265 -0.0126398 -0.0126757 -0.0126936 -0.0127296 -0.0127822 -0.012827 -0.0128751 -0.0129548 -0.0130218 -0.0130871 -0.0131846 -0.0132819 -0.0133717 -0.0134789 -0.0135972 -0.0137103 -0.0138493 -0.0139708 -0.0140948 -0.0142338 -0.0143892 -0.0145089 -0.0146385 -0.0147546 -0.0148845 -0.0149815 -0.015067 -0.0151274 -0.0151753 -0.01517 -0.0151581 -0.0151029 -0.0149891 -0.0148295 -0.0146091 -0.0143286 -0.013984 -0.0135575 -0.0130314 -0.0124492 -0.0117348 -0.0109334 -0.0100407 -0.00905061 -0.00794061 -0.00674313 -0.00544709 -0.00406595 -0.00260618 -0.00106693 0.000507467 0.00214245 0.00379864 0.00549423 0.00717127 0.00883513 0.0104747 0.0120588 0.0135771 0.0150078 0.0163419 0.0175614 0.0186624 0.0195886 0.0203764 0.020974 0.0213784 0.0215886 0.0215442 0.0212818 0.0207426 0.0199197 0.0187993 0.0173441 0.0155615 0.0134371 0.0109764 0.00821219 0.00519326 0.00199868 -0.00122724 -0.00432495 -0.00706076 -0.00918742 -0.0104666 -0.0106525 -0.00960104 -0.00723162 -0.00360339 0.00107735 0.00648801 0.0121777 0.0176415 0.0223451 0.0257882 0.027577 
0 -0.0108106 -0.0213962 -0.0315576 -0.0410673 -0.0497676 -0.0575039 -0.0641869 -0.0697774 -0.0742577 -0.0776861 -0.0801308 -0.0817249 -0.0826176 -0.0829786 -0.0829919 -0.0828165 -0.0826071 -0.0824647 -0.0824602 -0.0826259 -0.0829759 -0.0835056 -0.0841934 -0.0849946 -0.0858637 -0.0867661 -0.087656 -0.0885066 -0.0892475 -0.0898558 -0.0903027 -0.0905653 -0.0906364 -0.0904624 -0.090063 -0.0894284 -0.0885584 -0.0874486 -0.0860877 -0.0845057 -0.0827257 -0.0807409 -0.0785661 -0.0762389 -0.0737694 -0.0711985 -0.0685088 -0.0657491 -0.0629632 -0.0601491 -0.0573298 -0.0545318 -0.0517853 -0.0491033 -0.0464915 -0.0439686 -0.0415846 -0.0393072 -0.0371525 -0.0351339 -0.033258 -0.0315184 -0.029907 -0.0284305 -0.0270992 -0.0258716 -0.0247402 -0.0237471 -0.0228446 -0.02202 -0.0212888 -0.0206413 -0.0200427 -0.0195177 -0.0190526 -0.0186458 -0.0182652 -0.0179243 -0.0176369 -0.0173828 -0.0171281 -0.0169184 -0.0167369 -0.0165527 -0.0163938 -0.0162648 -0.0161243 -0.016002 -0.0159097 -0.0158068 -0.0157112 -0.0156455 -0.0155757 -0.0155043 -0.0154625 -0.0154202 -0.0153747 -0.0153528 -0.0153393 -0.0153161 -0.0153173 -0.0153285 -0.0153314 -0.0153516 -0.0153912 -0.0154173 -0.0154594 -0.0155245 -0.0155787 -0.0156399 -0.0157312 -0.0158139 -0.0158972 -0.016013 -0.0161224 -0.0162274 -0.0163645 -0.0165052 -0.0166243 -0.0167708 -0.0169282 -0.0170744 -0.0172129 -0.0173604 -0.0175007 -0.0176365 -0.0177469 -0.0178568 -0.0179402 -0.0179888 -0.0180213 -0.0180359 -0.0179777 -0.0178831 -0.0177525 -0.017551 -0.0172807 -0.0169474 -0.0165356 -0.0160296 -0.0154239 -0.0147274 -0.0139471 -0.0130351 -0.0120224 -0.0109116 -0.00969419 -0.00836833 -0.00695236 -0.00545662 -0.00389822 -0.00225531 -0.000557492 0.0011548 0.00290313 0.00465619 0.00640638 0.00812113 0.00978668 0.0114059 0.0129615 0.0144093 0.015751 0.016974 0.0180647 0.0190143 0.0197807 0.0203899 0.0208181 0.0210551 0.0210797 0.0208671 0.0204244 0.0197225 0.0187431 0.0174576 0.015855 0.0139286 0.0116764 0.00909675 0.00622028 0.00310678 -0.000144962 -0.00338308 -0.00643307 -0.00904551 -0.0109692 -0.0119291 -0.0116907 -0.0101016 -0.00708865 -0.00274975 0.00271701 0.00893655 0.0154312 0.0216593 0.0270229 0.0310204 0.0332137 
0 -0.0113632 -0.02247 -0.0331045 -0.0430145 -0.0520368 -0.060008 -0.0668256 -0.0724522 -0.0768625 -0.0801308 -0.082345 -0.0836524 -0.0842264 -0.0842416 -0.0838955 -0.0833671 -0.0828288 -0.0823947 -0.0821478 -0.0821195 -0.082335 -0.0828047 -0.0834937 -0.0843719 -0.0853689 -0.0864549 -0.0875958 -0.088737 -0.0898285 -0.0908174 -0.0916847 -0.0924088 -0.0929617 -0.093291 -0.0934001 -0.0932847 -0.0929311 -0.0923376 -0.0914678 -0.0903638 -0.0890361 -0.0874657 -0.0856697 -0.0836707 -0.0814952 -0.0791653 -0.0766779 -0.0740604 -0.0713752 -0.0686108 -0.0657864 -0.0629422 -0.0601088 -0.0573046 -0.0545315 -0.0518244 -0.0492143 -0.0467038 -0.0442924 -0.0420115 -0.0398708 -0.0378695 -0.03599 -0.0342549 -0.0326786 -0.0312162 -0.0298717 -0.0286729 -0.0275846 -0.0265791 -0.0256905 -0.0248972 -0.0241756 -0.0235248 -0.0229542 -0.0224467 -0.0219848 -0.0215677 -0.0212147 -0.0208946 -0.0205905 -0.0203353 -0.0201138 -0.0198938 -0.0197035 -0.0195466 -0.0193841 -0.0192418 -0.0191273 -0.0190109 -0.0189008 -0.018822 -0.0187397 -0.0186625 -0.0186087 -0.0185616 -0.0185104 -0.0184856 -0.0184659 -0.0184459 -0.0184439 -0.018457 -0.0184618 -0.0184882 -0.0185285 -0.0185646 -0.018613 -0.0186862 -0.0187493 -0.0188249 -0.0189248 -0.0190207 -0.019118 -0.0192477 -0.0193719 -0.019491 -0.0196392 -0.0197923 -0.019928 -0.02008 -0.0202431 -0.0203892 -0.0205306 -0.0206716 -0.0208043 -0.0209129 -0.0210017 -0.0210773 -0.0211259 -0.0211198 -0.0210921 -0.0210272 -0.0208879 -0.0206921 -0.0204525 -0.0201219 -0.0196991 -0.0192019 -0.0186131 -0.0179131 -0.0170971 -0.0161879 -0.0151676 -0.01402 -0.0127631 -0.0114168 -0.00996516 -0.00841714 -0.00678166 -0.00508614 -0.00334579 -0.00153571 0.000296614 0.00212068 0.00394637 0.00576209 0.00753555 0.00925045 0.01088 0.0124345 0.013902 0.0152272 0.0164262 0.0174903 0.0184151 0.0191797 0.0197627 0.0201748 0.0204185 0.0204783 0.020321 0.0199512 0.0193541 0.0185233 0.0174252 0.0160215 0.0143141 0.0122886 0.00994982 0.00729193 0.00434703 0.00118513 -0.00207353 -0.00527274 -0.00822164 -0.0106633 -0.0123392 -0.0129484 -0.0122687 -0.0101439 -0.00651529 -0.00150646 0.00467895 0.0116284 0.0188391 0.0257334 0.0316719 0.0361432 0.038688 
0 -0.0118033 -0.023338 -0.0343295 -0.0445564 -0.0538063 -0.061927 -0.0688124 -0.0743945 -0.0786796 -0.0817249 -0.0836524 -0.0846261 -0.0848327 -0.0844588 -0.0837128 -0.0827923 -0.081877 -0.0811173 -0.0805704 -0.0803065 -0.0803401 -0.0806802 -0.0813343 -0.082212 -0.0832919 -0.0845144 -0.0858397 -0.087244 -0.0886294 -0.0899674 -0.091227 -0.0923837 -0.0934018 -0.0942401 -0.0948666 -0.0952937 -0.095512 -0.0954654 -0.0951748 -0.0946231 -0.0938311 -0.0927939 -0.0914861 -0.0899418 -0.0881916 -0.0862363 -0.0840666 -0.0817431 -0.0792712 -0.0766829 -0.0739893 -0.0712102 -0.0683992 -0.0655769 -0.0627391 -0.0599172 -0.0571766 -0.0544842 -0.0518711 -0.0493709 -0.0469983 -0.0447384 -0.042615 -0.0406328 -0.0387926 -0.0370965 -0.0355332 -0.034112 -0.0328126 -0.0316371 -0.0305645 -0.0296103 -0.0287517 -0.0279832 -0.0272782 -0.0266621 -0.0261144 -0.0256258 -0.0251843 -0.024793 -0.0244423 -0.024141 -0.0238683 -0.0236115 -0.0233932 -0.0232044 -0.023023 -0.0228578 -0.0227247 -0.0225928 -0.022476 -0.0223773 -0.0222903 -0.0222043 -0.0221445 -0.0220864 -0.0220391 -0.0220037 -0.0219846 -0.0219622 -0.0219635 -0.0219697 -0.0219847 -0.0220093 -0.022054 -0.0220935 -0.0221537 -0.0222248 -0.0223005 -0.0223833 -0.0224921 -0.022595 -0.0227054 -0.0228359 -0.0229739 -0.0231059 -0.0232506 -0.0234001 -0.0235485 -0.0237035 -0.0238443 -0.0239734 -0.0241043 -0.0242319 -0.0243158 -0.0243805 -0.024426 -0.0244468 -0.0244077 -0.0243334 -0.0242074 -0.024021 -0.0237553 -0.0234318 -0.02302 -0.02251 -0.0219004 -0.0211852 -0.0203655 -0.0194284 -0.018366 -0.0171842 -0.0159091 -0.0144936 -0.0129731 -0.0113749 -0.00969015 -0.00790389 -0.00606819 -0.00419442 -0.00227817 -0.000347435 0.00159191 0.00349432 0.00535822 0.00718053 0.00894394 0.0105892 0.0121365 0.0135843 0.0148956 0.0160727 0.0170836 0.017956 0.0186876 0.0192503 0.0196306 0.0198567 0.0199209 0.0198099 0.0195141 0.0189932 0.0182884 0.0173568 0.0161637 0.0146944 0.0129073 0.0108325 0.00844717 0.00575118 0.00278274 -0.000383961 -0.00361173 -0.00673374 -0.00954394 -0.0117956 -0.0131899 -0.0134519 -0.0123335 -0.00969502 -0.00551856 0.000105745 0.00689643 0.0144691 0.022278 0.0296952 0.0361138 0.0409394 0.04377 
0 -0.0121593 -0.0240171 -0.0353 -0.0457476 -0.0551549 -0.0633597 -0.0702367 -0.0757306 -0.0798339 -0.0826176 -0.0842264 -0.0848327 -0.0846396 -0.0838518 -0.0826716 -0.0813274 -0.0800123 -0.0788663 -0.0780011 -0.0774425 -0.0772411 -0.0774235 -0.0779436 -0.0787938 -0.0798754 -0.0811626 -0.0826361 -0.0842047 -0.0858461 -0.087469 -0.0890599 -0.0906013 -0.0920394 -0.0933339 -0.0944606 -0.0954192 -0.096175 -0.0967251 -0.0970061 -0.0970545 -0.0968641 -0.0964051 -0.0956835 -0.0946977 -0.0934751 -0.0920002 -0.0903016 -0.0883568 -0.0862482 -0.083967 -0.0815154 -0.0789469 -0.0762859 -0.0735453 -0.0707456 -0.0679414 -0.0651216 -0.0623602 -0.0596266 -0.0569635 -0.0543927 -0.0519413 -0.0495857 -0.0473744 -0.0453167 -0.0433797 -0.041581 -0.0399331 -0.0384417 -0.0370545 -0.0358166 -0.0346919 -0.033676 -0.0327419 -0.0319471 -0.0312206 -0.0305603 -0.0299613 -0.0294623 -0.0290059 -0.0285951 -0.0282244 -0.0279114 -0.027628 -0.0273749 -0.0271487 -0.0269493 -0.0267724 -0.026614 -0.0264744 -0.0263459 -0.0262388 -0.0261396 -0.0260575 -0.025982 -0.0259259 -0.0258726 -0.0258392 -0.0258088 -0.025797 -0.0257889 -0.0257994 -0.0258118 -0.0258448 -0.0258803 -0.0259322 -0.02599 -0.0260649 -0.0261428 -0.0262364 -0.0263355 -0.0264457 -0.0265657 -0.0266926 -0.026819 -0.0269506 -0.0270989 -0.0272364 -0.0273611 -0.0274783 -0.0276173 -0.0277209 -0.0277949 -0.0278441 -0.0279009 -0.0278941 -0.0278549 -0.0277638 -0.0276333 -0.0274164 -0.0271594 -0.0268186 -0.0263853 -0.0258423 -0.0252239 -0.0244894 -0.0236226 -0.0226555 -0.0215639 -0.0203315 -0.0189711 -0.0175251 -0.0159369 -0.0142594 -0.0124757 -0.010618 -0.00868684 -0.00670681 -0.00467489 -0.00264557 -0.000620267 0.00142087 0.0034073 0.00533947 0.00719241 0.00897674 0.010639 0.0121863 0.0135872 0.0148609 0.0160044 0.0169654 0.0177749 0.0184334 0.0189507 0.0193008 0.0194998 0.019536 0.0194475 0.0192071 0.0187696 0.0181733 0.0173683 0.0163756 0.0151422 0.0136159 0.0118179 0.00971714 0.00732253 0.0046306 0.00166395 -0.00147423 -0.00464148 -0.00766785 -0.0103257 -0.0123635 -0.0134929 -0.013405 -0.011889 -0.00879922 -0.00412902 0.00198231 0.00928662 0.0173384 0.0255951 0.0334209 0.0401545 0.0452534 0.048271 
0 -0.0124407 -0.0245688 -0.036062 -0.0466832 -0.0561864 -0.0644169 -0.071246 -0.0765972 -0.0804875 -0.0829786 -0.0842416 -0.0844588 -0.0838518 -0.0826274 -0.0810076 -0.0792262 -0.0774745 -0.0759389 -0.0746916 -0.073814 -0.0733404 -0.0732856 -0.0736605 -0.0743848 -0.0754236 -0.0767173 -0.0782319 -0.0799187 -0.0817092 -0.0835437 -0.0853964 -0.0872447 -0.0890246 -0.0907259 -0.0922777 -0.0937003 -0.0949731 -0.0960358 -0.0969054 -0.0975438 -0.0979558 -0.0981256 -0.0980232 -0.0976452 -0.0970247 -0.0961281 -0.0949689 -0.093568 -0.0919205 -0.0900648 -0.0879956 -0.0857461 -0.083346 -0.0808294 -0.0782015 -0.0754982 -0.0727501 -0.069982 -0.0672076 -0.0644725 -0.0618036 -0.0591922 -0.0566826 -0.0542824 -0.0519937 -0.0498471 -0.0478568 -0.0459892 -0.044272 -0.0427004 -0.0412583 -0.0399516 -0.0387854 -0.0377284 -0.0367685 -0.0359058 -0.0351532 -0.0344908 -0.0338813 -0.0333366 -0.0328745 -0.0324644 -0.0320913 -0.0317689 -0.031484 -0.0312318 -0.0310146 -0.03082 -0.0306427 -0.0304957 -0.0303643 -0.0302439 -0.0301425 -0.0300585 -0.0299798 -0.0299177 -0.0298695 -0.0298293 -0.0297993 -0.0297868 -0.0297798 -0.0297836 -0.0298022 -0.0298308 -0.0298644 -0.0299163 -0.0299769 -0.0300422 -0.030121 -0.0302138 -0.0303061 -0.0304095 -0.0305205 -0.0306317 -0.0307507 -0.0308718 -0.0309737 -0.0310788 -0.0311911 -0.0312745 -0.031325 -0.0313664 -0.0313914 -0.0313776 -0.0313096 -0.0311922 -0.0310402 -0.0308218 -0.0305235 -0.0301557 -0.0296973 -0.0291249 -0.0284693 -0.0277006 -0.0268007 -0.0257767 -0.024626 -0.0233345 -0.0219293 -0.0203954 -0.0187364 -0.0169672 -0.015096 -0.0131314 -0.0110884 -0.00900122 -0.00686973 -0.00470326 -0.00253166 -0.000389699 0.00173716 0.00379622 0.00578503 0.00767958 0.00945198 0.0111217 0.0126563 0.0140246 0.0152427 0.0163149 0.01721 0.0179597 0.0185302 0.0189666 0.019278 0.0194286 0.01945 0.0193358 0.0191083 0.0187468 0.0182352 0.0175558 0.0167221 0.0157011 0.0144472 0.0129375 0.0111303 0.00905268 0.00667091 0.00399605 0.00106538 -0.00202964 -0.00512049 -0.00803799 -0.0105403 -0.0123802 -0.0132444 -0.0128561 -0.0109879 -0.00751337 -0.00246478 0.00405041 0.0117135 0.0201137 0.0286788 0.0367429 0.0436944 0.0489271 0.0520633 
0 -0.0126732 -0.0250135 -0.0366813 -0.0474271 -0.0569923 -0.065217 -0.071964 -0.0771528 -0.0808083 -0.0829919 -0.0838955 -0.0837128 -0.0826716 -0.0810076 -0.0789328 -0.0767039 -0.0745214 -0.0725654 -0.0709443 -0.0697174 -0.0689396 -0.0686271 -0.0687706 -0.0693282 -0.0702385 -0.0714568 -0.0729508 -0.0746527 -0.0765183 -0.0784749 -0.0804925 -0.082548 -0.084582 -0.0865799 -0.0884874 -0.0903065 -0.0920073 -0.0935547 -0.0949335 -0.0961174 -0.0971008 -0.0978617 -0.0983799 -0.0986429 -0.0986552 -0.0983826 -0.0978494 -0.0970328 -0.0959504 -0.0946252 -0.093045 -0.0912481 -0.0892447 -0.0870514 -0.0847018 -0.082233 -0.0796439 -0.0770027 -0.0743079 -0.0715914 -0.0688839 -0.0662074 -0.0635927 -0.0610633 -0.0586248 -0.0562998 -0.0541071 -0.0520327 -0.0501193 -0.0483469 -0.0467209 -0.0452308 -0.0438799 -0.04265 -0.0415682 -0.0405847 -0.0397048 -0.0389231 -0.0382321 -0.0376193 -0.0370919 -0.0366082 -0.0361852 -0.0358336 -0.0355162 -0.0352273 -0.0349921 -0.0347859 -0.0345929 -0.0344384 -0.0343028 -0.0341773 -0.0340732 -0.0339919 -0.0339093 -0.0338483 -0.0338007 -0.0337608 -0.0337277 -0.0337181 -0.0337072 -0.0337092 -0.0337256 -0.0337522 -0.033778 -0.033828 -0.0338809 -0.0339369 -0.0340082 -0.0340906 -0.0341618 -0.0342513 -0.0343485 -0.0344267 -0.0345077 -0.0345984 -0.0346656 -0.0347139 -0.034757 -0.0347652 -0.0347555 -0.0347138 -0.0346183 -0.0344711 -0.0342954 -0.0340405 -0.0337176 -0.0333069 -0.0328115 -0.0322164 -0.0315223 -0.0306949 -0.0297571 -0.0286748 -0.0274587 -0.0261158 -0.0246351 -0.0230165 -0.0212744 -0.0194039 -0.017427 -0.0153672 -0.0132073 -0.0109996 -0.00873522 -0.006437 -0.00413264 -0.00184515 0.000418147 0.0026083 0.0047349 0.00676769 0.00867927 0.010471 0.0121061 0.0135959 0.014918 0.016069 0.0170519 0.0178794 0.0185402 0.0190489 0.0194002 0.0196218 0.019726 0.0196963 0.0195659 0.0193213 0.0189917 0.0185533 0.0179813 0.0172787 0.0164224 0.0153974 0.0141578 0.0126617 0.0108944 0.00884782 0.00650173 0.00387007 0.000979337 -0.00205497 -0.00507151 -0.00788539 -0.0102445 -0.0119016 -0.0125365 -0.0118803 -0.00972166 -0.00594499 -0.000600008 0.00618571 0.0140926 0.0226913 0.0314112 0.0395895 0.0466098 0.0518938 0.0550641 
0 -0.0128672 -0.0253822 -0.0371954 -0.0480375 -0.0576449 -0.0658455 -0.0724964 -0.0775167 -0.0809331 -0.0828165 -0.0833671 -0.0827923 -0.0813274 -0.0792262 -0.0767039 -0.0740277 -0.0714076 -0.0690196 -0.0669983 -0.0653991 -0.0642881 -0.0636821 -0.0635608 -0.0639026 -0.0646338 -0.0657157 -0.0671088 -0.0687414 -0.0705832 -0.0725623 -0.0746484 -0.0768112 -0.0789997 -0.081196 -0.0833556 -0.0854668 -0.0874965 -0.0894288 -0.0912377 -0.0929002 -0.0943959 -0.0957016 -0.0967996 -0.0976697 -0.0982996 -0.0986583 -0.0987731 -0.0985994 -0.0981467 -0.0974204 -0.0964108 -0.0951493 -0.0936346 -0.0918812 -0.0899288 -0.0878049 -0.0854923 -0.0830705 -0.080544 -0.0779488 -0.0753087 -0.0726549 -0.0700188 -0.0674215 -0.0648742 -0.0624187 -0.0600809 -0.0578382 -0.0557391 -0.0537731 -0.0519568 -0.05028 -0.0487577 -0.0473667 -0.0461268 -0.0449924 -0.0439927 -0.04311 -0.0423174 -0.0416109 -0.0410132 -0.0404708 -0.039994 -0.0395983 -0.0392442 -0.0389267 -0.0386714 -0.0384504 -0.038243 -0.0380824 -0.0379436 -0.0378166 -0.0377111 -0.0376327 -0.037551 -0.0374925 -0.0374458 -0.0374079 -0.0373738 -0.0373645 -0.0373503 -0.0373501 -0.0373609 -0.0373814 -0.0373979 -0.0374397 -0.0374785 -0.037519 -0.0375724 -0.0376347 -0.0376777 -0.0377366 -0.037797 -0.0378327 -0.0378653 -0.0378979 -0.0378916 -0.0378648 -0.0378301 -0.0377364 -0.0376043 -0.0374395 -0.0372146 -0.0369108 -0.0365572 -0.0361068 -0.0355725 -0.0349312 -0.0341895 -0.0333192 -0.032324 -0.0311798 -0.0299216 -0.028506 -0.026943 -0.0252488 -0.0234183 -0.0214547 -0.019381 -0.0172042 -0.0149387 -0.0126079 -0.0101986 -0.00778267 -0.00534788 -0.00291378 -0.00051589 0.0018176 0.00409207 0.0062593 0.00831412 0.0102332 0.0119884 0.0135979 0.0150257 0.0162826 0.0173582 0.0182636 0.0189943 0.0195627 0.0199751 0.0202453 0.0203855 0.0204102 0.0203357 0.020157 0.0199035 0.0195587 0.0191472 0.0186531 0.01805 0.0173481 0.0165029 0.0155018 0.0142991 0.0128407 0.01112 0.00910639 0.00679045 0.00418932 0.00133312 -0.00165059 -0.00460356 -0.00732422 -0.00955581 -0.0110461 -0.0114802 -0.0105972 -0.00820328 -0.00419916 0.0013551 0.00830778 0.0163405 0.0250093 0.033748 0.0419085 0.0488772 0.0541117 0.0572406 
0 -0.0130265 -0.0256871 -0.0376211 -0.0485447 -0.0581888 -0.066366 -0.0729293 -0.0777998 -0.0809953 -0.0826071 -0.0828288 -0.081877 -0.0800123 -0.0774745 -0.0745214 -0.0714076 -0.0683421 -0.0655369 -0.0630905 -0.0611146 -0.0596522 -0.0587063 -0.0583005 -0.0583583 -0.0588637 -0.0597549 -0.060972 -0.0624797 -0.0642135 -0.0661328 -0.0681961 -0.0703683 -0.0725979 -0.0748957 -0.077198 -0.0794941 -0.0817694 -0.0839652 -0.0861151 -0.0881505 -0.0900551 -0.0918196 -0.0934212 -0.0948308 -0.0960313 -0.096995 -0.097711 -0.0981886 -0.098364 -0.0982645 -0.0978834 -0.0972271 -0.0962748 -0.0950551 -0.0935957 -0.0918965 -0.0899884 -0.087888 -0.0856407 -0.0832661 -0.0807984 -0.0782379 -0.0756734 -0.0730954 -0.0705114 -0.0679862 -0.0655526 -0.0631813 -0.0609153 -0.0587974 -0.0568006 -0.0549403 -0.0532277 -0.0516841 -0.0502644 -0.0489764 -0.0478344 -0.0468418 -0.0459228 -0.0451207 -0.0444366 -0.0438319 -0.0432856 -0.0428393 -0.0424431 -0.0420968 -0.0418118 -0.0415713 -0.0413518 -0.041181 -0.041038 -0.0409085 -0.0408048 -0.0407249 -0.04065 -0.040591 -0.0405487 -0.0405097 -0.0404804 -0.0404646 -0.0404513 -0.0404438 -0.0404498 -0.0404567 -0.0404653 -0.0404882 -0.0405098 -0.0405265 -0.0405536 -0.0405806 -0.040588 -0.0406029 -0.0406065 -0.0405824 -0.0405476 -0.0405044 -0.0403982 -0.0402721 -0.0401245 -0.0399122 -0.0396201 -0.0393022 -0.038903 -0.0384119 -0.0378224 -0.0371506 -0.0363554 -0.0354359 -0.0343814 -0.0332094 -0.0318705 -0.0303778 -0.0287647 -0.0269964 -0.0250627 -0.0230159 -0.0208598 -0.0185593 -0.0161801 -0.0137267 -0.0112157 -0.00864824 -0.00607778 -0.00351198 -0.000980274 0.00150841 0.00391703 0.00621831 0.00839927 0.0104434 0.0123452 0.0140454 0.0155865 0.016947 0.0181124 0.0190878 0.0198884 0.0205099 0.0209795 0.0212955 0.0214548 0.0215261 0.0214674 0.0213234 0.0211015 0.0208024 0.0204584 0.0200562 0.0195985 0.0190794 0.0184934 0.0177964 0.0169915 0.016016 0.0148385 0.0134315 0.011728 0.00974586 0.00744259 0.0048477 0.00202071 -0.000937236 -0.00383949 -0.00648502 -0.00860972 -0.00994866 -0.0102023 -0.00912682 -0.00653898 -0.0023672 0.00331402 0.0103474 0.0183871 0.0270076 0.0356411 0.043655 0.0504791 0.0555714 0.0586062 
