0 0 0 0 0 0 0 0 0 0 0 0 0 0 0 0 0 0 0 0 0 0 0 0 0 0 0 0 0 0 0 0 0 0 0 0 0 0 0 0 0 0 0 0 0 0 0 0 0 0 0 0 0 0 0 0 0 0 0 0 0 0 0 0 0 0 0 0 0 0 0 0 0 0 0 0 0 0 0 0 0 0 0 0 0 0 0 0 0 0 0 0 0 0 0 0 0 0 0 0 0 0 0 0 0 0 0 0 0 0 0 0 0 0 0 0 0 0 0 0 0 0 0 0 0 0 0 0 0 0 0 0 0 0 0 0 0 0 0 0 0 0 0 0 0 0 0 0 0 0 0 0 0 0 0 0 0 0 0 0 0 0 0 0 0 0 0 0 0 0 0 0 0 0 0 0 0 0 0 0 0 0 0 0 0 0 0 0 0 0 0 0 0 0 0 0 0 0 0 0 
0 0.000937163 0.00181284 0.0025719 0.0031676 0.00358484 0.00380639 0.0038469 0.00373096 0.00348478 0.00317073 0.00282592 0.00250692 0.00225623 0.00207895 0.00199923 0.00199399 0.00205034 0.00216065 0.00227793 0.00239111 0.00246475 0.0024699 0.00242266 0.00230411 0.00212997 0.00190745 0.00162165 0.00130479 0.000956061 0.000589552 0.000210325 -0.000189232 -0.000599264 -0.00101279 -0.00141302 -0.00181756 -0.00221203 -0.00260366 -0.00298499 -0.00334059 -0.00368878 -0.00402602 -0.00434353 -0.00463048 -0.00490997 -0.00515838 -0.00540499 -0.00563288 -0.00582256 -0.00601084 -0.00618289 -0.00633346 -0.00646517 -0.00659778 -0.00670463 -0.00681378 -0.0068982 -0.00697041 -0.00704302 -0.00711173 -0.00716792 -0.00720774 -0.00725488 -0.00729162 -0.00732241 -0.00734058 -0.00738328 -0.00739702 -0.00740115 -0.00741388 -0.00744209 -0.00744132 -0.00743943 -0.00744246 -0.00744966 -0.00744901 -0.00743823 -0.00743493 -0.00743285 -0.0074248 -0.00740804 -0.00740944 -0.00739384 -0.00738134 -0.00737063 -0.00736752 -0.00734284 -0.00733981 -0.00732854 -0.0073179 -0.00730059 -0.00730344 -0.00728565 -0.00728008 -0.00727241 -0.00727215 -0.00725641 -0.00726196 -0.00725537 -0.00725457 -0.0072495 -0.00726 -0.00725124 -0.00725882 -0.00726207 -0.00726974 -0.00726543 -0.00728384 -0.00728467 -0.00729189 -0.00729895 -0.00731674 -0.00731223 -0.00732863 -0.00733817 -0.00734542 -0.00734699 -0.0073671 -0.00736617 -0.0073696 -0.00737724 -0.007387 -0.00738213 -0.0073787 -0.00737987 -0.00738455 -0.00737692 -0.00735308 -0.0073514 -0.0073463 -0.00732572 -0.00729387 -0.00728288 -0.00724928 -0.00721861 -0.00718101 -0.00714893 -0.0070928 -0.00703413 -0.00697732 -0.0069199 -0.00683671 -0.00674493 -0.00665755 -0.00654255 -0.00642741 -0.00629334 -0.00614656 -0.00598483 -0.00581262 -0.00559961 -0.00538731 -0.00516179 -0.0049019 -0.00462683 -0.00432278 -0.00400333 -0.00366001 -0.00329544 -0.00289649 -0.00248924 -0.00206212 -0.00160758 -0.001132 -0.000632753 -0.000124699 0.000399131 0.000934439 0.00149943 0.00207208 0.00265721 0.00326593 0.00388605 0.00454941 0.00523659 0.00594586 0.00669107 0.00745112 0.0082344 0.00901791 0.00975842 0.010438 0.0110107 0.0114507 0.0117443 0.0118581 0.0117992 0.0115725 0.0111993 0.0107321 0.0102042 0.00966492 0.00915325 0.0086885 0.00830099 0.00799928 0.00778991 0.00768563 0.00767798 
0 0.00181284 0.00349602 0.00495738 0.00609325 0.00688007 0.00728457 0.00733081 0.00706813 0.00655414 0.00590186 0.00519155 0.00454525 0.00401994 0.00366782 0.00350358 0.00348645 0.00362607 0.00383445 0.0040959 0.00433889 0.00448657 0.00454903 0.00445915 0.0042663 0.0039611 0.00353507 0.00301879 0.00241058 0.00174687 0.00104999 0.000330851 -0.000438353 -0.00120145 -0.00198568 -0.00275921 -0.00350359 -0.00428315 -0.00502146 -0.00574288 -0.00643045 -0.00708358 -0.00771955 -0.00833281 -0.00889542 -0.00941523 -0.00992475 -0.0103826 -0.0108127 -0.0111915 -0.0115534 -0.0118876 -0.0121964 -0.0124664 -0.0126941 -0.0129255 -0.0131325 -0.0133025 -0.0134572 -0.0136236 -0.013737 -0.013844 -0.0139489 -0.0140413 -0.0141247 -0.014198 -0.014247 -0.0142964 -0.0143548 -0.0143929 -0.0144279 -0.0144455 -0.0144671 -0.0144892 -0.0145073 -0.0145042 -0.0145109 -0.0145078 -0.014509 -0.0145055 -0.0144901 -0.0144726 -0.0144739 -0.014455 -0.0144267 -0.0144197 -0.0144072 -0.0143754 -0.0143607 -0.0143533 -0.0143245 -0.0143063 -0.0143003 -0.0142814 -0.0142602 -0.0142588 -0.0142466 -0.0142309 -0.0142287 -0.0142288 -0.0142153 -0.014218 -0.0142241 -0.0142201 -0.014221 -0.0142378 -0.0142386 -0.0142419 -0.0142614 -0.0142731 -0.0142729 -0.0142952 -0.0143137 -0.0143137 -0.0143297 -0.0143547 -0.0143564 -0.0143617 -0.0143841 -0.0143881 -0.0143897 -0.0143962 -0.0143965 -0.0143896 -0.0143944 -0.0143785 -0.0143597 -0.0143388 -0.0143271 -0.0143002 -0.0142579 -0.0142016 -0.014174 -0.014128 -0.0140522 -0.0139794 -0.0139052 -0.0138128 -0.0137187 -0.0136115 -0.0134727 -0.0133451 -0.0131846 -0.0130035 -0.0128148 -0.0126192 -0.012369 -0.0120968 -0.011808 -0.0114981 -0.0111467 -0.0107532 -0.0103421 -0.00987752 -0.00939054 -0.00884227 -0.00825515 -0.00764409 -0.00699427 -0.00627293 -0.00551839 -0.00472651 -0.00388285 -0.00303119 -0.00209668 -0.00114365 -0.000167264 0.000852244 0.00189754 0.00299079 0.00411595 0.00526367 0.00643291 0.00767104 0.00894838 0.0103028 0.0117126 0.0131599 0.0146853 0.0162191 0.017765 0.0192353 0.0205635 0.021702 0.022571 0.0231525 0.0233845 0.0232772 0.0228308 0.0221052 0.0211865 0.0201415 0.0190926 0.018074 0.0171722 0.01642 0.0158283 0.0154501 0.0152478 0.0152614 
0 0.0025719 0.00495738 0.00700795 0.00858891 0.00964797 0.010147 0.010122 0.00964811 0.00881235 0.00778363 0.00668684 0.0056803 0.00488395 0.00433204 0.00407539 0.00406213 0.00425459 0.00460927 0.00501445 0.00541419 0.0057096 0.00583244 0.00579369 0.00556542 0.00517618 0.00463832 0.00393557 0.00312951 0.00223591 0.00128941 0.000302231 -0.000738784 -0.00180857 -0.00288922 -0.00394397 -0.00500106 -0.00604461 -0.00707531 -0.00807886 -0.00902457 -0.00994488 -0.0108396 -0.0116865 -0.0124621 -0.013208 -0.0138903 -0.0145554 -0.0151733 -0.0157063 -0.0162252 -0.0167064 -0.0171365 -0.0175197 -0.0178917 -0.0182152 -0.018532 -0.0187927 -0.0190243 -0.0192544 -0.0194678 -0.0196517 -0.0198017 -0.0199591 -0.020095 -0.0202119 -0.0203015 -0.0204323 -0.020509 -0.0205591 -0.0206234 -0.0207116 -0.020745 -0.0207711 -0.020804 -0.0208411 -0.0208619 -0.0208601 -0.0208708 -0.0208828 -0.0208784 -0.0208579 -0.0208709 -0.0208497 -0.0208298 -0.0208175 -0.0208153 -0.0207715 -0.0207673 -0.0207504 -0.0207289 -0.0206978 -0.0207032 -0.0206704 -0.0206572 -0.0206443 -0.0206416 -0.0206115 -0.02062 -0.0206081 -0.0206031 -0.0205939 -0.0206116 -0.0205942 -0.0206055 -0.0206122 -0.0206227 -0.0206133 -0.0206454 -0.0206453 -0.020653 -0.020665 -0.0206934 -0.0206792 -0.0207033 -0.020717 -0.02072 -0.0207138 -0.0207416 -0.020728 -0.0207186 -0.0207187 -0.0207188 -0.0206885 -0.0206604 -0.0206383 -0.0206183 -0.0205713 -0.0204949 -0.0204552 -0.0204041 -0.0203175 -0.020213 -0.0201403 -0.0200196 -0.019899 -0.0197657 -0.0196338 -0.0194535 -0.0192625 -0.0190696 -0.0188713 -0.0186166 -0.0183378 -0.0180614 -0.01773 -0.0173824 -0.0169912 -0.016568 -0.0161086 -0.015612 -0.0150274 -0.0144321 -0.0137975 -0.0130847 -0.0123221 -0.0114902 -0.0106149 -0.00967907 -0.00867746 -0.0075954 -0.00647961 -0.00530794 -0.00406825 -0.00276211 -0.00139502 4.33403e-06 0.00145032 0.00293968 0.00450502 0.0061067 0.00775004 0.00945808 0.0112236 0.0131021 0.0150664 0.0171088 0.0192516 0.021459 0.0237288 0.0260005 0.0281591 0.030134 0.0318057 0.033095 0.0339512 0.0342937 0.0341322 0.0334836 0.03242 0.0310783 0.0295681 0.0280309 0.0265724 0.025266 0.0241859 0.0233634 0.0228223 0.0225802 0.0226325 
0 0.0031676 0.00609325 0.00858891 0.0104772 0.0116859 0.0121766 0.01199 0.0112226 0.0100045 0.00853635 0.00699889 0.00560122 0.00447869 0.00371864 0.00335222 0.00332787 0.00361586 0.00410215 0.00470302 0.0052997 0.00576459 0.00605545 0.00610798 0.00594956 0.00558268 0.0050053 0.00424424 0.00332518 0.0022971 0.00119979 4.97596e-05 -0.00117318 -0.00241559 -0.00368216 -0.00493529 -0.00616621 -0.00742181 -0.00864112 -0.00982922 -0.0109645 -0.0120566 -0.0131209 -0.014144 -0.0150956 -0.015989 -0.0168483 -0.0176505 -0.0184011 -0.0190762 -0.0197216 -0.0203266 -0.0208862 -0.0213889 -0.0218421 -0.0222801 -0.0226869 -0.0230402 -0.0233658 -0.0236936 -0.0239672 -0.0242178 -0.0244529 -0.0246756 -0.02488 -0.0250613 -0.0252117 -0.0253659 -0.0255109 -0.0256269 -0.0257379 -0.0258339 -0.025917 -0.0259936 -0.026065 -0.0261155 -0.0261649 -0.0261978 -0.0262353 -0.0262654 -0.0262769 -0.026282 -0.0263075 -0.0263061 -0.0262938 -0.0263004 -0.0263018 -0.0262768 -0.0262722 -0.0262707 -0.0262481 -0.0262317 -0.0262315 -0.0262125 -0.0261938 -0.0261917 -0.0261814 -0.0261626 -0.0261614 -0.0261583 -0.026144 -0.0261426 -0.0261479 -0.026138 -0.0261368 -0.0261479 -0.0261446 -0.0261399 -0.0261554 -0.0261571 -0.0261489 -0.0261603 -0.0261694 -0.026153 -0.0261564 -0.026164 -0.0261465 -0.0261285 -0.0261302 -0.0261055 -0.0260748 -0.0260487 -0.0260151 -0.0259644 -0.0259199 -0.0258566 -0.0257862 -0.025704 -0.02562 -0.0255251 -0.0254086 -0.0252679 -0.0251434 -0.0250044 -0.0248233 -0.0246354 -0.0244406 -0.0242252 -0.0239891 -0.023731 -0.0234416 -0.0231511 -0.0228113 -0.0224404 -0.022057 -0.0216458 -0.0211706 -0.0206553 -0.0201091 -0.0195247 -0.0188802 -0.0181647 -0.0174143 -0.0165966 -0.0157199 -0.0147581 -0.01373 -0.0126526 -0.0115058 -0.0102583 -0.00893789 -0.00755571 -0.00609747 -0.00458632 -0.00296476 -0.0012867 0.000441668 0.00224007 0.00410175 0.00605147 0.00806652 0.0101388 0.0122808 0.0145391 0.0169126 0.0194272 0.0220627 0.0248091 0.0276832 0.0306141 0.0335544 0.0363628 0.0389143 0.0410928 0.0427718 0.0438848 0.0443424 0.0441432 0.0433111 0.0419515 0.0402233 0.0382793 0.0363117 0.0344353 0.0327798 0.0314191 0.0303956 0.0297642 0.0295061 0.0296526 
0 0.00358484 0.00688007 0.00964797 0.0116859 0.012897 0.0132466 0.01278 0.0116202 0.00993607 0.00796351 0.00593895 0.00410054 0.00262814 0.00162329 0.00112435 0.0010876 0.0014504 0.00210176 0.00291462 0.00375022 0.00446559 0.00497687 0.00523209 0.00523147 0.00498351 0.00449283 0.00378063 0.0028852 0.00185831 0.000741631 -0.000448302 -0.00171449 -0.00302506 -0.00435822 -0.00568425 -0.00700161 -0.00832913 -0.00963748 -0.0109139 -0.0121419 -0.0133318 -0.0144947 -0.0156104 -0.0166588 -0.0176513 -0.0186018 -0.0195076 -0.0203578 -0.0211365 -0.0218772 -0.0225793 -0.0232301 -0.0238281 -0.0243852 -0.0249166 -0.0254144 -0.0258607 -0.0262745 -0.0266791 -0.0270488 -0.0273859 -0.027698 -0.0279955 -0.0282731 -0.0285215 -0.028747 -0.0289725 -0.0291737 -0.0293426 -0.0295091 -0.0296688 -0.029803 -0.0299201 -0.0300326 -0.0301346 -0.0302233 -0.0302935 -0.0303636 -0.0304281 -0.0304729 -0.03051 -0.0305569 -0.0305832 -0.0305984 -0.030624 -0.0306432 -0.0306421 -0.0306526 -0.0306634 -0.0306581 -0.0306548 -0.0306615 -0.0306539 -0.0306453 -0.0306462 -0.0306413 -0.030629 -0.030628 -0.0306242 -0.0306129 -0.0306085 -0.0306082 -0.0305962 -0.0305901 -0.0305901 -0.0305798 -0.0305672 -0.0305674 -0.0305559 -0.0305368 -0.0305292 -0.0305179 -0.0304873 -0.0304679 -0.0304489 -0.0304095 -0.0303681 -0.0303366 -0.0302828 -0.0302195 -0.0301604 -0.0300914 -0.0300015 -0.0299082 -0.0298079 -0.0296968 -0.0295635 -0.0294182 -0.0292716 -0.0291062 -0.0289101 -0.0287108 -0.0285022 -0.0282586 -0.0279985 -0.0277285 -0.0274359 -0.0271112 -0.0267618 -0.0263941 -0.0260098 -0.025577 -0.0251098 -0.0246243 -0.0241027 -0.0235284 -0.0229103 -0.0222542 -0.021555 -0.0207912 -0.0199552 -0.0190762 -0.0181376 -0.0171246 -0.0160271 -0.0148554 -0.013621 -0.0123096 -0.0108979 -0.00940051 -0.00783289 -0.00618668 -0.00445782 -0.0026224 -0.000708888 0.00126934 0.0033227 0.00546133 0.00770006 0.0100242 0.0124297 0.0149371 0.0175843 0.020392 0.0233719 0.0265121 0.0298098 0.033256 0.0367946 0.0403382 0.0437325 0.0468246 0.0494593 0.0514981 0.0528391 0.0533933 0.0531488 0.0521459 0.0505123 0.0484331 0.0461081 0.0437495 0.0415183 0.0395587 0.0379641 0.0367948 0.0360975 0.0358725 0.0361366 
0 0.00380639 0.00728457 0.010147 0.0121766 0.0132466 0.0133261 0.012467 0.0108178 0.00858587 0.00603843 0.00346796 0.00113483 -0.000731963 -0.00202035 -0.00268101 -0.00274337 -0.00231223 -0.00148206 -0.000434533 0.000678479 0.00170634 0.00251027 0.0030659 0.00332789 0.00331268 0.0030336 0.0024953 0.00175576 0.000860424 -0.000145849 -0.00124696 -0.00242106 -0.00366803 -0.0049365 -0.00620904 -0.00750011 -0.0087816 -0.0100726 -0.0113334 -0.0125554 -0.0137515 -0.0149252 -0.0160553 -0.0171319 -0.0181676 -0.0191502 -0.0201085 -0.0210095 -0.0218534 -0.0226572 -0.0234303 -0.0241516 -0.0248247 -0.0254721 -0.0260775 -0.0266561 -0.0271916 -0.0276951 -0.0281699 -0.0286325 -0.0290534 -0.0294434 -0.0298216 -0.0301767 -0.030498 -0.0307998 -0.0311003 -0.0313644 -0.0316023 -0.0318294 -0.0320577 -0.0322497 -0.0324229 -0.0325869 -0.0327487 -0.0328841 -0.0330051 -0.0331194 -0.0332266 -0.0333158 -0.0333959 -0.0334729 -0.0335365 -0.0335915 -0.0336422 -0.0336885 -0.0337205 -0.0337547 -0.0337819 -0.0338042 -0.0338188 -0.0338381 -0.0338458 -0.0338547 -0.0338591 -0.0338647 -0.0338606 -0.0338627 -0.0338568 -0.0338519 -0.0338419 -0.0338359 -0.0338193 -0.0338078 -0.0337904 -0.033772 -0.0337463 -0.0337262 -0.0336941 -0.0336616 -0.033625 -0.0335864 -0.0335344 -0.0334851 -0.0334273 -0.0333599 -0.0332849 -0.033209 -0.0331172 -0.0330131 -0.032907 -0.0327913 -0.0326558 -0.0325036 -0.0323533 -0.0321873 -0.0319977 -0.0317844 -0.031576 -0.031346 -0.0310896 -0.0308086 -0.0305268 -0.0302137 -0.0298746 -0.0295201 -0.0291496 -0.0287367 -0.0282967 -0.0278497 -0.0273661 -0.0268425 -0.0262857 -0.0257078 -0.0250805 -0.0244197 -0.0237078 -0.0229553 -0.0221581 -0.0213018 -0.0203755 -0.0193973 -0.0183718 -0.0172554 -0.0160683 -0.0148035 -0.0134685 -0.0120508 -0.0105438 -0.00893667 -0.00725428 -0.00549818 -0.00362825 -0.0016721 0.000385773 0.00252212 0.00473883 0.007064 0.00950097 0.0120428 0.0146924 0.0174817 0.0204276 0.0235886 0.0269506 0.030517 0.0342962 0.0382368 0.0423111 0.04638 0.0502847 0.0538495 0.0568773 0.0592263 0.0607553 0.0613825 0.0610828 0.0599163 0.0580273 0.0556236 0.0529508 0.0502317 0.0476803 0.0454459 0.043647 0.042364 0.0416262 0.0414672 0.041875 
0 0.0038469 0.00733081 0.010122 0.01199 0.01278 0.012467 0.0111171 0.00888861 0.00604306 0.0028601 -0.000313519 -0.00317581 -0.00549736 -0.00709748 -0.00795473 -0.00808135 -0.00756979 -0.0065893 -0.00527862 -0.00385765 -0.0024934 -0.0013002 -0.000389101 0.000242444 0.000572786 0.000602232 0.000375523 -9.0049e-05 -0.000728883 -0.0014999 -0.00237926 -0.00335295 -0.00439203 -0.00547457 -0.00659259 -0.00771385 -0.00887025 -0.0100282 -0.0111692 -0.0123027 -0.0134127 -0.0145037 -0.0155774 -0.0166236 -0.0176157 -0.0186059 -0.0195452 -0.0204426 -0.02132 -0.0221498 -0.0229532 -0.0237292 -0.0244679 -0.0251532 -0.0258368 -0.0264722 -0.0270834 -0.0276681 -0.0282297 -0.0287514 -0.0292437 -0.0297273 -0.0301763 -0.0306053 -0.0310069 -0.0313969 -0.0317328 -0.0320803 -0.0324087 -0.0327091 -0.0329665 -0.0332355 -0.0334844 -0.0337147 -0.0339168 -0.0341087 -0.0342961 -0.0344639 -0.0346137 -0.0347508 -0.0348882 -0.034997 -0.0351096 -0.035203 -0.0352941 -0.0353637 -0.0354458 -0.0354976 -0.0355578 -0.0356006 -0.0356504 -0.0356733 -0.0357131 -0.0357296 -0.0357536 -0.0357583 -0.0357778 -0.0357707 -0.035777 -0.0357652 -0.035763 -0.0357369 -0.035728 -0.0356958 -0.035672 -0.0356296 -0.0356009 -0.0355434 -0.0354996 -0.0354368 -0.0353784 -0.0352955 -0.0352279 -0.0351316 -0.0350395 -0.0349304 -0.0348216 -0.0346846 -0.0345572 -0.0344077 -0.0342442 -0.0340646 -0.0338837 -0.0336852 -0.0334638 -0.0332215 -0.0329707 -0.0327236 -0.0324276 -0.0321105 -0.0317849 -0.0314595 -0.0310793 -0.0306941 -0.0302762 -0.0298437 -0.0293742 -0.0288975 -0.0283835 -0.0278361 -0.0272587 -0.0266592 -0.0260239 -0.025347 -0.0246587 -0.023901 -0.0231086 -0.0222817 -0.0214113 -0.0204726 -0.0195026 -0.0184587 -0.0173517 -0.0161953 -0.0149446 -0.0136344 -0.0122541 -0.0107914 -0.0092291 -0.00759082 -0.0058544 -0.00403463 -0.00212651 -0.000101558 0.00201058 0.00422057 0.006531 0.00896144 0.0115105 0.0141956 0.0170158 0.0199907 0.0231871 0.0266025 0.0302789 0.0342143 0.0383757 0.0427663 0.0472801 0.0517935 0.0561379 0.0600788 0.0634395 0.0660269 0.0676875 0.0683465 0.0679617 0.066614 0.064469 0.0617464 0.0587286 0.055672 0.0528018 0.0503122 0.0483234 0.0469255 0.0461721 0.0460699 0.0466337 
0 0.00373096 0.00706813 0.00964811 0.0112226 0.0116202 0.0108178 0.00888861 0.00602221 0.00249791 -0.0013572 -0.00516018 -0.00860174 -0.0113844 -0.0133519 -0.0144394 -0.0146466 -0.014122 -0.012972 -0.0114309 -0.00969696 -0.00793835 -0.00635684 -0.00499321 -0.00393832 -0.00319491 -0.0027442 -0.00258392 -0.00265783 -0.00292341 -0.00334415 -0.00390077 -0.0045392 -0.00529014 -0.00608258 -0.00692083 -0.0078168 -0.00870631 -0.00964659 -0.0105854 -0.0115339 -0.0124875 -0.0134399 -0.0143757 -0.0153037 -0.0162247 -0.0171133 -0.018006 -0.0188685 -0.0197252 -0.0205434 -0.0213523 -0.0221279 -0.0228832 -0.0236366 -0.0243472 -0.0250336 -0.0257051 -0.0263515 -0.0269468 -0.0275587 -0.02813 -0.0286717 -0.0291899 -0.0296857 -0.0301517 -0.0306118 -0.0310467 -0.0314455 -0.0318264 -0.032184 -0.0325437 -0.0328687 -0.0331665 -0.0334459 -0.0337298 -0.0339765 -0.0342176 -0.0344317 -0.0346363 -0.0348303 -0.0350153 -0.0351636 -0.0353197 -0.0354663 -0.0355865 -0.0356962 -0.0358133 -0.0359034 -0.0359814 -0.0360643 -0.0361318 -0.0361812 -0.0362338 -0.0362792 -0.0363045 -0.0363304 -0.0363521 -0.0363583 -0.0363566 -0.036358 -0.0363425 -0.0363181 -0.0362943 -0.0362612 -0.0362102 -0.0361628 -0.036108 -0.0360329 -0.035956 -0.035879 -0.0357781 -0.0356677 -0.0355647 -0.0354359 -0.0352909 -0.0351495 -0.0349965 -0.0348106 -0.0346301 -0.0344312 -0.034217 -0.0339868 -0.0337466 -0.0334702 -0.0332034 -0.0329122 -0.0325951 -0.0322465 -0.0319 -0.0315325 -0.0311459 -0.0307104 -0.0302671 -0.0298166 -0.0293278 -0.0288141 -0.0282809 -0.0277098 -0.0271088 -0.0265097 -0.0258508 -0.0251758 -0.0244691 -0.0237254 -0.0229361 -0.0221387 -0.0212929 -0.0204041 -0.0194746 -0.0184949 -0.0174754 -0.0163924 -0.0152769 -0.0140792 -0.0128313 -0.0115103 -0.010112 -0.00863475 -0.0070894 -0.00544827 -0.00371915 -0.00191805 1.89234e-05 0.0020233 0.00415196 0.0063872 0.00871801 0.0111911 0.0137928 0.0165469 0.0194722 0.0226054 0.0259587 0.0296063 0.0335286 0.037749 0.0422668 0.0469932 0.0518952 0.0567722 0.0614545 0.065715 0.0693048 0.0720558 0.0737724 0.0743848 0.0738599 0.0722882 0.0698522 0.0667936 0.0634239 0.0600058 0.0568206 0.0540522 0.0518554 0.0503386 0.0495279 0.0494812 0.0501709 
0 0.00348478 0.00655414 0.00881235 0.0100045 0.00993607 0.00858587 0.00604306 0.00249791 -0.00171728 -0.00626454 -0.0107291 -0.014756 -0.0180577 -0.020413 -0.0217699 -0.022118 -0.0215794 -0.0203307 -0.0185654 -0.0165333 -0.0144192 -0.012399 -0.0105922 -0.00905868 -0.00783746 -0.00692291 -0.00628933 -0.00590675 -0.00573246 -0.00573127 -0.00587147 -0.00611809 -0.00645979 -0.00687198 -0.00736186 -0.00790521 -0.00849025 -0.00912333 -0.00977837 -0.0104752 -0.0111934 -0.0119169 -0.0126634 -0.0134341 -0.0142038 -0.0149909 -0.0157661 -0.0165351 -0.0173329 -0.0181074 -0.0188763 -0.0196453 -0.020407 -0.021148 -0.0218786 -0.0225811 -0.0232868 -0.023978 -0.0246324 -0.0252686 -0.0258819 -0.0264888 -0.0270628 -0.0276116 -0.0281454 -0.0286698 -0.0291313 -0.0295975 -0.0300631 -0.0304869 -0.0308682 -0.0312552 -0.0316278 -0.0319741 -0.0322912 -0.0325905 -0.0328938 -0.0331644 -0.0334096 -0.0336524 -0.0338889 -0.0340781 -0.0342791 -0.0344666 -0.0346266 -0.0347679 -0.0349276 -0.0350441 -0.0351546 -0.0352617 -0.0353607 -0.035424 -0.0355032 -0.0355608 -0.0356052 -0.0356359 -0.0356743 -0.0356789 -0.0356863 -0.0356827 -0.0356707 -0.0356332 -0.0356092 -0.0355584 -0.0354984 -0.0354293 -0.0353624 -0.0352566 -0.0351615 -0.0350539 -0.0349263 -0.034777 -0.0346474 -0.0344756 -0.034293 -0.0341103 -0.0339155 -0.0336761 -0.0334546 -0.033212 -0.0329366 -0.0326468 -0.0323627 -0.0320447 -0.0317023 -0.0313393 -0.0309718 -0.0305929 -0.0301638 -0.0297139 -0.0292686 -0.0287976 -0.028275 -0.027758 -0.0272068 -0.0266246 -0.0260172 -0.0254033 -0.0247525 -0.0240695 -0.0233465 -0.0226202 -0.0218648 -0.0210616 -0.0202408 -0.0193828 -0.0184909 -0.0175665 -0.0166016 -0.0155944 -0.0145728 -0.0134762 -0.01233 -0.0111449 -0.00989674 -0.0085952 -0.00722447 -0.00577505 -0.00425773 -0.00266339 -0.000966878 0.000811487 0.00269184 0.0046663 0.00674904 0.00895647 0.0112876 0.0137628 0.0163842 0.0191842 0.0221857 0.0254176 0.028924 0.0327332 0.0368711 0.041354 0.0461424 0.0511879 0.0563779 0.0615343 0.0664722 0.0709216 0.0746588 0.0774626 0.0791455 0.0796373 0.0789001 0.0770482 0.0742711 0.07083 0.0670554 0.0632386 0.059676 0.056585 0.0541315 0.0524328 0.0515374 0.051485 0.0522692 
0 0.00317073 0.00590186 0.00778363 0.00853635 0.00796351 0.00603843 0.0028601 -0.0013572 -0.00626454 -0.0114905 -0.0166046 -0.0212259 -0.0250433 -0.0278256 -0.0294911 -0.0300274 -0.0295538 -0.0282496 -0.0263296 -0.0240458 -0.0215979 -0.0191793 -0.0169241 -0.0149189 -0.0132155 -0.0118089 -0.0106785 -0.00979509 -0.00912494 -0.00864308 -0.00831484 -0.00810125 -0.00799396 -0.00797351 -0.0080478 -0.00819671 -0.00839633 -0.00865929 -0.0089751 -0.00935949 -0.00979225 -0.0102521 -0.0107518 -0.0113004 -0.0118805 -0.0124912 -0.0131166 -0.0137664 -0.0144617 -0.0151534 -0.0158496 -0.016557 -0.0172791 -0.0180062 -0.0187225 -0.0194215 -0.0201334 -0.0208346 -0.0215024 -0.0221675 -0.0228202 -0.0234606 -0.0240677 -0.0246506 -0.0252256 -0.0257951 -0.0263125 -0.0268182 -0.0273175 -0.0277853 -0.0282256 -0.028658 -0.0290683 -0.0294545 -0.0298206 -0.0301677 -0.0305114 -0.0308201 -0.0311065 -0.0313934 -0.031667 -0.0318932 -0.032129 -0.0323544 -0.0325455 -0.0327196 -0.0329069 -0.0330542 -0.0331879 -0.0333207 -0.0334394 -0.033525 -0.0336182 -0.0336931 -0.0337481 -0.0337911 -0.0338341 -0.0338468 -0.0338546 -0.0338529 -0.0338359 -0.0337968 -0.0337623 -0.0337036 -0.0336292 -0.033548 -0.0334606 -0.0333378 -0.033219 -0.0330892 -0.0329324 -0.0327578 -0.0325958 -0.0323932 -0.0321737 -0.0319578 -0.031725 -0.0314474 -0.0311817 -0.0308993 -0.0305832 -0.0302504 -0.0299167 -0.0295497 -0.0291657 -0.0287625 -0.0283423 -0.0279015 -0.0274298 -0.0269431 -0.0264476 -0.0259129 -0.0253415 -0.0247786 -0.0241841 -0.0235526 -0.0228962 -0.0222281 -0.0215311 -0.0208085 -0.020047 -0.0192808 -0.0184875 -0.0176451 -0.0167837 -0.015907 -0.0149994 -0.0140535 -0.0130698 -0.0120547 -0.0110256 -0.009935 -0.00880102 -0.0076332 -0.00641756 -0.00514629 -0.00380382 -0.00239252 -0.000926579 0.000612978 0.00225166 0.00397958 0.00581111 0.00773426 0.00977495 0.0119517 0.0142624 0.0167254 0.0193494 0.0221745 0.0252378 0.0285672 0.0321985 0.0361646 0.0404877 0.0451847 0.050212 0.0554967 0.0609141 0.0662719 0.0713665 0.0759242 0.079696 0.0824489 0.083993 0.0842518 0.0832095 0.0809878 0.0777906 0.0738989 0.0696536 0.0653724 0.06137 0.057885 0.0551014 0.0531464 0.0520801 0.0519461 0.0527442 
0 0.00282592 0.00519155 0.00668684 0.00699889 0.00593895 0.00346796 -0.000313519 -0.00516018 -0.0107291 -0.0166046 -0.0223477 -0.0275645 -0.0319042 -0.0351482 -0.0371651 -0.0379432 -0.0376081 -0.0363129 -0.0343185 -0.0318557 -0.0291371 -0.0263851 -0.0237203 -0.0212786 -0.0191129 -0.0172226 -0.0156039 -0.0142206 -0.0130532 -0.0120809 -0.011272 -0.0105702 -0.00998623 -0.00949719 -0.009111 -0.00883352 -0.00860697 -0.00846562 -0.00840431 -0.0084303 -0.00852971 -0.00868568 -0.0088997 -0.00918805 -0.00955462 -0.0099495 -0.0103936 -0.010885 -0.0114335 -0.0120069 -0.0126033 -0.01322 -0.0138652 -0.0145438 -0.0152006 -0.0158651 -0.0165504 -0.0172385 -0.0178902 -0.018553 -0.0192098 -0.0198518 -0.0204733 -0.0210736 -0.0216684 -0.0222467 -0.0228005 -0.023326 -0.02385 -0.0243413 -0.0248213 -0.0252745 -0.0257159 -0.0261305 -0.0265316 -0.0269086 -0.0272804 -0.0276196 -0.0279387 -0.0282563 -0.0285536 -0.028815 -0.029074 -0.0293283 -0.0295422 -0.0297473 -0.0299483 -0.0301254 -0.0302748 -0.0304301 -0.0305588 -0.0306695 -0.0307673 -0.0308597 -0.0309196 -0.0309774 -0.031017 -0.0310424 -0.0310457 -0.031049 -0.0310229 -0.0309888 -0.0309391 -0.0308785 -0.0307891 -0.0307022 -0.0305913 -0.0304622 -0.0303192 -0.0301738 -0.0299905 -0.0298018 -0.029606 -0.0293841 -0.0291345 -0.0288929 -0.0286248 -0.0283249 -0.0280223 -0.0277077 -0.0273593 -0.0269962 -0.0266269 -0.0262233 -0.0258059 -0.025371 -0.0249211 -0.0244348 -0.0239369 -0.0234195 -0.022892 -0.0223151 -0.0217276 -0.021129 -0.0205056 -0.0198431 -0.0191684 -0.0184717 -0.0177524 -0.0170102 -0.0162273 -0.0154421 -0.0146346 -0.0137873 -0.0129026 -0.012027 -0.0111129 -0.0101586 -0.0091732 -0.00817191 -0.00714295 -0.00606505 -0.00494952 -0.00378849 -0.00260847 -0.00136604 -5.4502e-05 0.00131718 0.00273451 0.00423348 0.00582398 0.00750695 0.0093012 0.0111707 0.0131774 0.0153293 0.0176272 0.0200924 0.0227341 0.025597 0.0287279 0.0321603 0.0359065 0.0400248 0.044517 0.0493987 0.0546346 0.0600967 0.0656737 0.0711446 0.0762871 0.0808456 0.0845288 0.0871155 0.0884109 0.088331 0.0868919 0.0842126 0.0805141 0.0760919 0.071292 0.066457 0.0619205 0.0579405 0.0547242 0.0524116 0.0510725 0.050764 0.0514857 
0 0.00250692 0.00454525 0.0056803 0.00560122 0.00410054 0.00113483 -0.00317581 -0.00860174 -0.014756 -0.0212259 -0.0275645 -0.0333321 -0.0382193 -0.0419303 -0.0443454 -0.0454507 -0.0453028 -0.0441392 -0.0421459 -0.039592 -0.0367159 -0.0336805 -0.030706 -0.0278831 -0.0253024 -0.0229878 -0.0209108 -0.0190613 -0.0174268 -0.0159883 -0.014697 -0.0135466 -0.0124732 -0.0115213 -0.0106906 -0.00994368 -0.00930589 -0.00873526 -0.00827417 -0.00792203 -0.00766958 -0.00748065 -0.0073887 -0.00739982 -0.0074874 -0.00766663 -0.00788398 -0.00817918 -0.00854706 -0.00897461 -0.00941735 -0.00991815 -0.0104671 -0.0110272 -0.0116131 -0.0122062 -0.0128276 -0.013456 -0.0140958 -0.0147014 -0.0153273 -0.0159545 -0.0165623 -0.0171452 -0.0177403 -0.0183204 -0.018853 -0.0193859 -0.0199231 -0.0204378 -0.0208963 -0.0213643 -0.0218248 -0.0222672 -0.0226607 -0.0230599 -0.0234438 -0.0238092 -0.0241396 -0.024473 -0.0247829 -0.0250708 -0.025343 -0.0256075 -0.0258433 -0.0260639 -0.0262762 -0.0264656 -0.0266356 -0.0267939 -0.0269384 -0.0270571 -0.0271676 -0.027259 -0.027335 -0.0273906 -0.0274381 -0.0274606 -0.0274734 -0.027466 -0.0274461 -0.0274037 -0.0273542 -0.0272796 -0.0271931 -0.0270894 -0.0269723 -0.0268296 -0.0266804 -0.0265117 -0.0263218 -0.0261165 -0.0259019 -0.0256608 -0.0254016 -0.0251362 -0.0248451 -0.0245319 -0.0242085 -0.0238761 -0.0235023 -0.0231202 -0.022729 -0.0223253 -0.0218702 -0.0214131 -0.0209487 -0.0204725 -0.0199373 -0.0194007 -0.0188581 -0.0182955 -0.0176843 -0.0170734 -0.0164479 -0.0157805 -0.0150932 -0.0144071 -0.0136978 -0.0129287 -0.0121632 -0.0113811 -0.0105769 -0.00972848 -0.00887456 -0.00798434 -0.00708133 -0.00614273 -0.00516307 -0.00417476 -0.00316227 -0.00210131 -0.000979592 0.000143755 0.00132142 0.00254197 0.0038296 0.00517972 0.00658232 0.00805189 0.00962218 0.0113064 0.0130576 0.0149382 0.0169302 0.0190832 0.0214138 0.0238975 0.0265854 0.0295127 0.0327304 0.0362621 0.0401527 0.0443964 0.0490511 0.0541022 0.0594692 0.0650821 0.0707184 0.0762153 0.0813201 0.0857428 0.0892451 0.0915369 0.0924692 0.0919518 0.0900032 0.0867766 0.0824836 0.0774415 0.0719999 0.0665242 0.0613559 0.0567842 0.0530301 0.050244 0.0485281 0.047925 0.0484671 
0 0.00225623 0.00401994 0.00488395 0.00447869 0.00262814 -0.000731963 -0.00549736 -0.0113844 -0.0180577 -0.0250433 -0.0319042 -0.0382193 -0.0436007 -0.0478155 -0.0506668 -0.0521368 -0.0523067 -0.0513286 -0.0494664 -0.0469327 -0.0439718 -0.0407949 -0.037574 -0.0344699 -0.0315641 -0.0288881 -0.0264309 -0.0241862 -0.0221364 -0.020275 -0.0185741 -0.016978 -0.0154904 -0.0141088 -0.0128345 -0.0116792 -0.0106058 -0.00961952 -0.00876204 -0.00802234 -0.00739439 -0.00687852 -0.00645177 -0.00614206 -0.00596027 -0.00584653 -0.00582538 -0.00590394 -0.00605771 -0.0062879 -0.00656991 -0.00689738 -0.00728722 -0.00773737 -0.00819956 -0.0086936 -0.00921869 -0.00976448 -0.0103058 -0.010864 -0.011445 -0.0120116 -0.0125703 -0.0131262 -0.0136786 -0.0142149 -0.0147634 -0.0152766 -0.0157707 -0.016257 -0.0167473 -0.0172069 -0.0176483 -0.0180683 -0.0184847 -0.018888 -0.0192638 -0.0196218 -0.0199689 -0.0203037 -0.020612 -0.0209111 -0.0211856 -0.0214533 -0.0216958 -0.0219285 -0.0221342 -0.0223375 -0.02251 -0.022676 -0.0228164 -0.0229513 -0.0230551 -0.0231561 -0.0232286 -0.0232949 -0.0233323 -0.023366 -0.0233704 -0.0233693 -0.0233391 -0.0233056 -0.0232419 -0.0231722 -0.0230754 -0.022974 -0.0228403 -0.0227038 -0.02254 -0.0223673 -0.022166 -0.021963 -0.0217284 -0.021486 -0.0212185 -0.0209432 -0.0206409 -0.0203302 -0.0199906 -0.0196431 -0.0192779 -0.0188935 -0.0184832 -0.0180618 -0.0176279 -0.0171766 -0.0166997 -0.0161906 -0.0156892 -0.0151747 -0.0146244 -0.0140392 -0.0134653 -0.0128634 -0.0122458 -0.0116017 -0.0109388 -0.0102492 -0.00955309 -0.00883068 -0.00808296 -0.00731781 -0.00653007 -0.00571057 -0.00485575 -0.00400688 -0.00312598 -0.00219434 -0.00123591 -0.000263697 0.000755387 0.00180323 0.002896 0.0040377 0.00519699 0.00642624 0.00773311 0.00908508 0.0104969 0.01199 0.0135729 0.0152728 0.0170741 0.0189725 0.0210195 0.0232267 0.0256013 0.0281599 0.0309187 0.0339365 0.0372635 0.040926 0.0449395 0.049333 0.0541224 0.0592879 0.0647756 0.0704239 0.0760708 0.0814978 0.0864378 0.0906498 0.0938176 0.0957142 0.096168 0.0950903 0.0925529 0.0886745 0.0837096 0.0779692 0.0718021 0.0656043 0.0597163 0.0544561 0.0500629 0.0467028 0.0444966 0.0435016 0.0437598 
0 0.00207895 0.00366782 0.00433204 0.00371864 0.00162329 -0.00202035 -0.00709748 -0.0133519 -0.020413 -0.0278256 -0.0351482 -0.0419303 -0.0478155 -0.0525139 -0.0558355 -0.0577448 -0.05827 -0.0576057 -0.0559563 -0.053552 -0.0506478 -0.0474175 -0.0440889 -0.0408033 -0.0376629 -0.0347254 -0.0319767 -0.0294208 -0.0270553 -0.0248648 -0.0228116 -0.0208768 -0.0190111 -0.0172534 -0.0156007 -0.0140411 -0.012593 -0.0112218 -0.00998315 -0.00886368 -0.00787017 -0.00698803 -0.00622551 -0.0056 -0.00509793 -0.00471041 -0.00441567 -0.00423125 -0.00413375 -0.0041462 -0.00421275 -0.00436121 -0.00458446 -0.00484733 -0.00516104 -0.00551871 -0.00591185 -0.00633672 -0.00680118 -0.00724981 -0.00773221 -0.00822036 -0.008718 -0.00921445 -0.00971894 -0.0102071 -0.0106919 -0.0111686 -0.0116462 -0.0121208 -0.0125558 -0.0129886 -0.0134204 -0.0138403 -0.0142253 -0.0146142 -0.0149731 -0.0153336 -0.0156705 -0.0159913 -0.0162874 -0.0165923 -0.0168588 -0.017115 -0.0173586 -0.01759 -0.0177889 -0.0179886 -0.0181652 -0.0183233 -0.0184646 -0.0185971 -0.0187028 -0.0187967 -0.0188742 -0.0189349 -0.0189748 -0.0190032 -0.0190119 -0.0190035 -0.0189776 -0.0189386 -0.0188773 -0.0188013 -0.0187096 -0.018601 -0.018469 -0.0183301 -0.0181684 -0.017988 -0.0177924 -0.0175881 -0.0173494 -0.0171076 -0.0168482 -0.0165679 -0.0162621 -0.0159629 -0.0156266 -0.0152805 -0.0149143 -0.0145395 -0.0141377 -0.0137382 -0.0132937 -0.0128467 -0.0123936 -0.0119244 -0.011414 -0.0109041 -0.0103785 -0.00984236 -0.00928403 -0.00869951 -0.0081085 -0.00749511 -0.00686532 -0.00622283 -0.00556544 -0.004854 -0.00415123 -0.00341893 -0.00266286 -0.00187925 -0.00107223 -0.000223705 0.000640296 0.00154577 0.00249151 0.00344979 0.0044629 0.0055164 0.00663224 0.00777943 0.00897901 0.0102357 0.0115711 0.0129695 0.0144413 0.0159975 0.0176526 0.0194335 0.0212926 0.0232861 0.025411 0.0277045 0.0301874 0.0328431 0.0357197 0.0388603 0.042311 0.0460999 0.0502536 0.0547655 0.0596765 0.0649372 0.0704599 0.0761115 0.0816567 0.086911 0.0915929 0.0954381 0.0981802 0.0995525 0.0994207 0.0977062 0.0944763 0.0898858 0.0841727 0.0776633 0.0707112 0.0637148 0.0570383 0.0510121 0.0458982 0.0418827 0.0391038 0.0376351 0.0375317 
0 0.00199923 0.00350358 0.00407539 0.00335222 0.00112435 -0.00268101 -0.00795473 -0.0144394 -0.0217699 -0.0294911 -0.0371651 -0.0443454 -0.0506668 -0.0558355 -0.059639 -0.0620206 -0.0629929 -0.0627221 -0.0613999 -0.0592419 -0.0564974 -0.0533449 -0.0500174 -0.0466684 -0.0434121 -0.0403207 -0.0373876 -0.0346283 -0.032037 -0.0296023 -0.0272939 -0.0250903 -0.0229524 -0.020906 -0.0189456 -0.0170629 -0.0152793 -0.0135651 -0.0119776 -0.0105044 -0.00915746 -0.00793725 -0.00683598 -0.00587349 -0.00503861 -0.00433121 -0.00374083 -0.0032785 -0.00291286 -0.00266833 -0.00250056 -0.00242153 -0.00243073 -0.00249857 -0.0026423 -0.00284013 -0.00307826 -0.00335303 -0.0036804 -0.00401857 -0.00440055 -0.00478868 -0.00519264 -0.00561238 -0.00603425 -0.00645511 -0.00689488 -0.00732514 -0.00773479 -0.0081568 -0.00856581 -0.0089729 -0.00935934 -0.00973615 -0.0101017 -0.0104712 -0.010799 -0.0111315 -0.0114541 -0.0117526 -0.0120295 -0.0123194 -0.0125717 -0.012808 -0.0130434 -0.0132626 -0.0134493 -0.0136372 -0.013809 -0.0139559 -0.0140906 -0.0142158 -0.0143177 -0.014404 -0.0144786 -0.0145341 -0.0145726 -0.0145963 -0.0146044 -0.0145933 -0.0145682 -0.0145266 -0.0144672 -0.014391 -0.0143023 -0.0141931 -0.0140659 -0.0139298 -0.0137729 -0.0135941 -0.0134083 -0.0132089 -0.0129764 -0.0127421 -0.0124965 -0.0122211 -0.0119289 -0.0116445 -0.0113194 -0.0109832 -0.0106444 -0.0102874 -0.00989334 -0.00951317 -0.00910715 -0.00868575 -0.00824304 -0.0077951 -0.00732885 -0.00686004 -0.00635395 -0.00584453 -0.00532739 -0.00478386 -0.00422887 -0.00366376 -0.00306994 -0.0024558 -0.00183614 -0.00117831 -0.00051741 0.000184609 0.00091469 0.00167076 0.00245023 0.00327604 0.00412164 0.00501794 0.00595908 0.0069314 0.00796511 0.00903761 0.0101744 0.0113632 0.0126199 0.0139461 0.0153619 0.0168449 0.0184171 0.02008 0.0218452 0.0237418 0.0257293 0.0278562 0.030117 0.0325408 0.0351463 0.0379308 0.040936 0.0442102 0.0477943 0.0517131 0.0559908 0.0606104 0.0656 0.0708946 0.0763941 0.0819484 0.0873161 0.0922998 0.0966158 0.100003 0.102197 0.102949 0.102132 0.0996865 0.0956952 0.0903189 0.0838063 0.0764832 0.0687064 0.0608808 0.0533794 0.04655 0.0406716 0.035951 0.0325458 0.030547 0.0300247 
0 0.00199399 0.00348645 0.00406213 0.00332787 0.0010876 -0.00274337 -0.00808135 -0.0146466 -0.022118 -0.0300274 -0.0379432 -0.0454507 -0.0521368 -0.0577448 -0.0620206 -0.0648826 -0.0663602 -0.0665359 -0.0656313 -0.063823 -0.0613404 -0.0583973 -0.0551843 -0.0518918 -0.0486326 -0.0454912 -0.0424803 -0.0396292 -0.0369227 -0.0343499 -0.031902 -0.0295157 -0.0272067 -0.0249542 -0.0227569 -0.0206364 -0.0185801 -0.0165971 -0.0147154 -0.0129342 -0.0112534 -0.00971534 -0.00828532 -0.00698814 -0.00583633 -0.0047981 -0.00390508 -0.00313825 -0.00248145 -0.00194267 -0.0015269 -0.00120171 -0.000968863 -0.00081981 -0.000750253 -0.000756508 -0.000812335 -0.000930172 -0.00109015 -0.00130186 -0.00154773 -0.00181133 -0.00210346 -0.00244034 -0.0027691 -0.00309765 -0.00346789 -0.00383374 -0.00418295 -0.00453754 -0.00490738 -0.00526126 -0.00560431 -0.00593076 -0.00627361 -0.00659897 -0.00689481 -0.00719019 -0.00749458 -0.00775817 -0.00801195 -0.00827505 -0.00850986 -0.00872093 -0.00893841 -0.0091394 -0.00930999 -0.00948106 -0.00963877 -0.00977465 -0.00989522 -0.0100109 -0.0101025 -0.0101831 -0.0102464 -0.0102993 -0.0103308 -0.0103527 -0.010354 -0.0103461 -0.0103167 -0.0102774 -0.0102171 -0.0101475 -0.0100581 -0.00995596 -0.00983363 -0.00970618 -0.00955424 -0.00938697 -0.00921149 -0.0090226 -0.00880271 -0.00858357 -0.00835439 -0.00809121 -0.00782089 -0.00755526 -0.00725346 -0.00693081 -0.00662473 -0.00629111 -0.00592727 -0.00556397 -0.00520147 -0.00480704 -0.00440138 -0.00398001 -0.00356401 -0.00312512 -0.00265889 -0.00218904 -0.00172648 -0.0012181 -0.000695959 -0.000182355 0.000362879 0.000939169 0.00152692 0.0021299 0.00276963 0.00343735 0.00413918 0.00486106 0.00563311 0.00644357 0.00729695 0.00820237 0.00914704 0.0101526 0.0112283 0.0123568 0.0135477 0.0148342 0.0161776 0.0176139 0.0191459 0.0207532 0.0224736 0.0242945 0.0262183 0.02826 0.0304199 0.0326896 0.0351108 0.037682 0.0404166 0.0433518 0.0464889 0.0498959 0.0535995 0.0576283 0.0619931 0.0666928 0.0717134 0.0769817 0.0824002 0.0877585 0.0928641 0.0974668 0.101298 0.104126 0.105652 0.105698 0.104121 0.100884 0.096099 0.0899042 0.0825793 0.0744318 0.0658216 0.057164 0.0488285 0.0411878 0.034533 0.0290921 0.0250452 0.0224981 0.0215371 
0 0.00205034 0.00362607 0.00425459 0.00361586 0.0014504 -0.00231223 -0.00756979 -0.014122 -0.0215794 -0.0295538 -0.0376081 -0.0453028 -0.0523067 -0.05827 -0.0629929 -0.0663602 -0.0683344 -0.0690409 -0.0686017 -0.0672193 -0.0651044 -0.0624444 -0.0594616 -0.0563249 -0.0531649 -0.050073 -0.0470977 -0.0442399 -0.041526 -0.0389262 -0.0364073 -0.0339792 -0.031579 -0.0292282 -0.0269156 -0.0246266 -0.0223966 -0.0202216 -0.0181116 -0.0160729 -0.0141359 -0.0122906 -0.0105721 -0.0089728 -0.00747901 -0.00613292 -0.00492379 -0.00383965 -0.00287145 -0.00204433 -0.00132628 -0.000739225 -0.000255126 0.000155284 0.000452389 0.00065469 0.000800221 0.000886959 0.000877688 0.000830982 0.000741744 0.000614603 0.000435747 0.000226538 -1.83354e-06 -0.0002479 -0.0005114 -0.000790703 -0.00107743 -0.00137904 -0.00166323 -0.00195888 -0.00224989 -0.00254374 -0.00282514 -0.00310627 -0.00336028 -0.00362912 -0.00388865 -0.00412107 -0.00434159 -0.00457725 -0.00478388 -0.00496969 -0.00516064 -0.00533893 -0.00549251 -0.00563924 -0.00578128 -0.00589955 -0.00600862 -0.00610454 -0.00619068 -0.00625612 -0.00631412 -0.00635406 -0.00638666 -0.00639665 -0.00639999 -0.0063854 -0.00636159 -0.00631557 -0.00626448 -0.00619379 -0.00611347 -0.00601227 -0.0059053 -0.00578093 -0.00564291 -0.00548637 -0.00532843 -0.00514898 -0.00494985 -0.00474864 -0.00453867 -0.00429717 -0.00404927 -0.00380769 -0.00353335 -0.00324426 -0.00295648 -0.00265757 -0.00233048 -0.00201229 -0.00166814 -0.00131265 -0.000951706 -0.000592969 -0.000195392 0.00020653 0.000616446 0.00102523 0.00146515 0.00192639 0.00239666 0.00287766 0.00338284 0.00391434 0.00446944 0.00505878 0.00565669 0.00631186 0.00700312 0.00771759 0.00847533 0.00931671 0.0101911 0.0111115 0.0121112 0.0131753 0.0143198 0.0155377 0.016839 0.0182225 0.0197225 0.0213026 0.0229767 0.0247686 0.026664 0.0286684 0.0307803 0.0330036 0.0353286 0.0377941 0.0403698 0.0430858 0.0459725 0.0490176 0.0522893 0.055802 0.059592 0.0636952 0.0681112 0.0728253 0.0778133 0.0829866 0.0882027 0.0933004 0.0980184 0.102141 0.105411 0.107552 0.108366 0.10762 0.105232 0.10119 0.0955667 0.0885771 0.0804418 0.0714938 0.0620993 0.0526334 0.0435175 0.0350949 0.0276904 0.0215579 0.0168729 0.013792 0.0123896 
0 0.00216065 0.00383445 0.00460927 0.00410215 0.00210176 -0.00148206 -0.0065893 -0.012972 -0.0203307 -0.0282496 -0.0363129 -0.0441392 -0.0513286 -0.0576057 -0.0627221 -0.0665359 -0.0690409 -0.0702554 -0.0703347 -0.0694308 -0.0677218 -0.0654366 -0.0627476 -0.0598474 -0.0568741 -0.0539229 -0.0510546 -0.0483065 -0.0456684 -0.0431252 -0.0406722 -0.0382561 -0.0358989 -0.0335545 -0.03121 -0.0288823 -0.0265622 -0.0242799 -0.022026 -0.0198205 -0.0176586 -0.0156017 -0.013632 -0.0117464 -0.00997369 -0.00830724 -0.0067866 -0.0053925 -0.00412302 -0.00295979 -0.00196071 -0.00107291 -0.000287131 0.000378231 0.000928826 0.00137287 0.00173957 0.00202154 0.00224267 0.00235803 0.00242777 0.00244964 0.00242763 0.00233518 0.00223473 0.00211022 0.00193104 0.00172604 0.00153671 0.00134515 0.0010995 0.000856656 0.000629907 0.000418794 0.000165768 -6.65288e-05 -0.000287894 -0.000495147 -0.000725326 -0.000920532 -0.00111741 -0.00130497 -0.00149068 -0.00164705 -0.0018124 -0.00196113 -0.00209794 -0.00221946 -0.0023412 -0.00244362 -0.00253514 -0.00261581 -0.00268805 -0.00274459 -0.00278873 -0.00282362 -0.00284645 -0.00285451 -0.00285014 -0.00283776 -0.00280975 -0.00276806 -0.00271631 -0.00265409 -0.00257547 -0.00248446 -0.00238584 -0.00227273 -0.00214472 -0.00200525 -0.00186189 -0.00169604 -0.00152135 -0.00133776 -0.00114784 -0.00092846 -0.000717236 -0.000489229 -0.000246983 1.60829e-05 0.000256519 0.000534337 0.000826003 0.00112438 0.00139741 0.00171901 0.0020558 0.0023935 0.00270731 0.0030683 0.00345199 0.00383239 0.00421223 0.00463321 0.00507393 0.00550871 0.00598917 0.0065072 0.00704548 0.00758317 0.0081964 0.00884668 0.00954201 0.0102709 0.0110679 0.011919 0.0128479 0.0138395 0.0148974 0.0160724 0.0173264 0.0186635 0.0200906 0.0216526 0.0233085 0.0250824 0.0269537 0.0289321 0.0310393 0.0332457 0.0355524 0.037954 0.040482 0.0431008 0.045843 0.0486953 0.0516769 0.054844 0.0581933 0.0617772 0.0656177 0.0697376 0.0741387 0.07881 0.0836773 0.0886541 0.0936016 0.0982982 0.102558 0.1061 0.108691 0.110106 0.110097 0.108539 0.10532 0.100452 0.0940528 0.0862772 0.0774048 0.0677272 0.0576005 0.0474277 0.0375812 0.0284537 0.0203625 0.0135745 0.00831378 0.00471809 0.0029094 
