0 0 0 0 0 0 0 0 0 0 0 0 0 0 0 0 0 0 0 0 0 0 0 0 0 0 0 0 0 0 0 0 0 0 0 0 0 0 0 0 0 0 0 0 0 0 0 0 0 0 0 0 0 0 0 0 0 0 0 0 0 0 0 0 0 0 0 0 0 0 0 0 0 0 0 0 0 0 0 0 0 0 0 0 0 0 0 0 0 0 0 0 0 0 0 0 0 0 0 0 0 0 0 0 0 0 0 0 0 0 0 0 0 0 0 0 0 0 0 0 0 0 0 0 0 0 0 0 0 0 0 0 0 0 0 0 0 0 0 0 0 0 0 0 0 0 0 0 0 0 0 0 0 0 0 0 0 0 0 0 0 0 0 0 0 0 0 0 0 0 0 0 0 0 0 0 0 0 0 0 0 0 0 0 0 0 0 0 0 0 0 0 0 0 0 0 0 0 0 0 
0 0.0004417 0.000825573 0.00109812 0.00121389 0.00114499 0.000896684 0.000495872 -1.30887e-05 -0.000579605 -0.0011731 -0.00175192 -0.00229177 -0.00277002 -0.00316518 -0.00349985 -0.00377536 -0.00402082 -0.00425372 -0.00447749 -0.0047331 -0.0050177 -0.00534744 -0.00571599 -0.00610477 -0.00652731 -0.00696735 -0.00741858 -0.00786362 -0.00828949 -0.00869429 -0.00907157 -0.00940618 -0.00968165 -0.00990767 -0.0100743 -0.0101808 -0.0102229 -0.0101874 -0.0100986 -0.00994994 -0.00973063 -0.00946135 -0.00914482 -0.00878724 -0.00840154 -0.00797816 -0.00753368 -0.00709326 -0.00662931 -0.006167 -0.00572273 -0.00528501 -0.00486655 -0.00446467 -0.00408305 -0.00372928 -0.00340162 -0.00308901 -0.00281578 -0.0025661 -0.00233391 -0.00211955 -0.00193674 -0.00177466 -0.00162111 -0.00149579 -0.00139077 -0.00128645 -0.00119313 -0.00113406 -0.00107004 -0.0010168 -0.000977235 -0.000943669 -0.000903722 -0.000885666 -0.000871897 -0.000856906 -0.000832477 -0.000822858 -0.000824072 -0.000816128 -0.000799063 -0.000798959 -0.000799244 -0.000788391 -0.000787127 -0.000786183 -0.000778501 -0.000776768 -0.000780181 -0.000769971 -0.000770061 -0.000772119 -0.000767411 -0.000762284 -0.000769167 -0.000762267 -0.000760647 -0.000763655 -0.000763096 -0.000756261 -0.000764151 -0.000761331 -0.000758015 -0.000761545 -0.000765308 -0.000758229 -0.000764553 -0.000766221 -0.00076289 -0.000767733 -0.000773469 -0.000765487 -0.000770358 -0.0007827 -0.000778785 -0.000774363 -0.000782104 -0.000792752 -0.000792556 -0.000790733 -0.000791313 -0.00080344 -0.000801501 -0.00080212 -0.000802559 -0.000798224 -0.000785611 -0.000789248 -0.000773904 -0.000749973 -0.000726301 -0.000698153 -0.000652469 -0.000606455 -0.000553695 -0.000481668 -0.00039282 -0.000298557 -0.000196766 -6.33989e-05 7.59529e-05 0.000230928 0.000415114 0.000621785 0.00084332 0.0010955 0.00136397 0.00166607 0.00200064 0.00234442 0.00272636 0.00313577 0.00355309 0.00398792 0.00443944 0.00489601 0.00535969 0.00581113 0.00625085 0.00668469 0.00708359 0.00744614 0.00777075 0.00805037 0.00827719 0.00843545 0.00852094 0.00853099 0.00846345 0.00829539 0.00802813 0.00766415 0.00719429 0.00662988 0.00594791 0.00516421 0.00429399 0.00333809 0.00232657 0.00126446 0.0001924 -0.000847108 -0.00182685 -0.00271115 -0.00348436 -0.00412856 -0.00462751 -0.00498717 -0.00522372 -0.00535903 -0.00543321 -0.00547225 -0.00551968 -0.00562216 -0.00580829 -0.00612023 -0.00656005 
0 0.000825573 0.00154004 0.00202961 0.00221194 0.002029 0.00149223 0.000656378 -0.000387491 -0.00154702 -0.00274704 -0.00391429 -0.00500227 -0.00594512 -0.00673865 -0.0073833 -0.00791031 -0.00838032 -0.00878679 -0.00921021 -0.00965755 -0.0101738 -0.010795 -0.0114577 -0.0122115 -0.0130004 -0.0138385 -0.0147127 -0.0155525 -0.0163792 -0.0171579 -0.0178861 -0.0185358 -0.0190876 -0.0195193 -0.0198641 -0.0200782 -0.0201519 -0.0201149 -0.0199319 -0.0196657 -0.0192619 -0.0187516 -0.018154 -0.0174804 -0.0167285 -0.0159091 -0.0150669 -0.014189 -0.0133108 -0.0124081 -0.0115298 -0.0106667 -0.00984149 -0.0090262 -0.00827408 -0.00758333 -0.0069069 -0.00629407 -0.00573298 -0.00521653 -0.00473808 -0.00433049 -0.00394119 -0.00361585 -0.00330676 -0.00303546 -0.00280678 -0.00261548 -0.00243438 -0.00228898 -0.00216558 -0.00205027 -0.00196209 -0.00189081 -0.001844 -0.00178059 -0.00173227 -0.00170192 -0.00169258 -0.00165433 -0.00163998 -0.00161807 -0.0016115 -0.00160168 -0.00159658 -0.00156907 -0.00157814 -0.00157209 -0.00155832 -0.00155003 -0.00156025 -0.0015399 -0.00154078 -0.00154208 -0.00153484 -0.00152478 -0.00153722 -0.0015242 -0.00152143 -0.00152637 -0.00152561 -0.0015131 -0.0015272 -0.00152141 -0.00151699 -0.00152259 -0.00152975 -0.0015142 -0.00153003 -0.00153292 -0.00152758 -0.00152683 -0.00154666 -0.00153724 -0.0015471 -0.0015462 -0.00155248 -0.00156 -0.00157952 -0.00155957 -0.00156994 -0.00158744 -0.00160017 -0.00158402 -0.00158922 -0.00159279 -0.00159582 -0.00157755 -0.00157164 -0.00155411 -0.00150805 -0.00147279 -0.00143535 -0.00136509 -0.00127196 -0.00118539 -0.00105121 -0.00091825 -0.000748882 -0.000560176 -0.000337325 -8.71989e-05 0.000220916 0.000533687 0.000893441 0.00131273 0.0017637 0.00226276 0.00281262 0.0034336 0.00407644 0.00477937 0.00552071 0.00632067 0.00714565 0.00800266 0.00887472 0.00977401 0.010669 0.0115206 0.0123849 0.0131904 0.0139594 0.0146509 0.0152551 0.0157822 0.0161974 0.0164703 0.0166052 0.0166006 0.0164185 0.0160809 0.0155175 0.0147772 0.0138454 0.012689 0.0113479 0.00977662 0.00805005 0.0061722 0.00416776 0.0020963 -2.43087e-06 -0.00202684 -0.00392392 -0.00563142 -0.00711393 -0.00833157 -0.00926295 -0.00991555 -0.0103131 -0.0105263 -0.0106002 -0.0106206 -0.0106618 -0.0108034 -0.0111414 -0.0117065 -0.0125462 
0 0.00109812 0.00202961 0.0026344 0.00278513 0.0024053 0.00151001 0.000182236 -0.00144801 -0.00323306 -0.0050703 -0.00684172 -0.00846805 -0.00988111 -0.0110295 -0.0119605 -0.0126946 -0.0133101 -0.0138594 -0.0143759 -0.0149581 -0.0156232 -0.0164146 -0.0173165 -0.0182985 -0.0193798 -0.0205292 -0.0217263 -0.0229193 -0.0240789 -0.0251902 -0.0262344 -0.0271705 -0.0279556 -0.0286041 -0.0290974 -0.0294268 -0.0295787 -0.0295308 -0.0293278 -0.0289641 -0.0284125 -0.0277154 -0.0268864 -0.0259394 -0.0249006 -0.0237544 -0.0225432 -0.0213169 -0.0200297 -0.01873 -0.0174603 -0.016204 -0.014987 -0.0138067 -0.0126797 -0.0116241 -0.0106312 -0.00968989 -0.00884616 -0.00807104 -0.00735065 -0.00668936 -0.00611004 -0.00559502 -0.00511475 -0.00470842 -0.00436276 -0.0040342 -0.00374126 -0.00352984 -0.00332416 -0.00314764 -0.00301001 -0.00289334 -0.00277446 -0.00270059 -0.00264389 -0.00259088 -0.00252431 -0.00248644 -0.00247634 -0.00244927 -0.00240687 -0.0023992 -0.00239361 -0.00236523 -0.00235962 -0.00235415 -0.00233413 -0.00232792 -0.00233305 -0.00230939 -0.00230725 -0.00231052 -0.00229856 -0.00228683 -0.00229991 -0.00228478 -0.0022799 -0.00228633 -0.00228399 -0.00226964 -0.00228572 -0.00228011 -0.0022726 -0.00228106 -0.00228896 -0.00227448 -0.00228875 -0.00229386 -0.00228736 -0.00229847 -0.00231277 -0.00229805 -0.00231047 -0.00233692 -0.00233104 -0.00232509 -0.00234522 -0.00236556 -0.00236667 -0.00236573 -0.00236886 -0.00238848 -0.00238295 -0.00237989 -0.00237388 -0.00235234 -0.00231555 -0.00230391 -0.00224824 -0.0021711 -0.00209104 -0.00199066 -0.00184753 -0.00169719 -0.00152027 -0.00129381 -0.00102042 -0.000722677 -0.000391812 1.79488e-05 0.000462727 0.000954253 0.00152619 0.0021663 0.00285643 0.00362465 0.00444768 0.00535739 0.00634282 0.0073618 0.00846653 0.0096358 0.0108232 0.0120462 0.0132989 0.0145595 0.0158207 0.0170389 0.0182189 0.0193608 0.0204049 0.0213391 0.0221581 0.022845 0.0233772 0.0237125 0.0238417 0.0237569 0.0234439 0.0228561 0.0219842 0.0208389 0.019402 0.01769 0.0156641 0.0133563 0.0108136 0.00805129 0.00514255 0.00212162 -0.000902454 -0.00381057 -0.00651712 -0.00892701 -0.0109913 -0.0126585 -0.0138922 -0.014709 -0.0151586 -0.0153158 -0.0152896 -0.0151735 -0.0150935 -0.0151846 -0.0155475 -0.0162868 -0.0174233 
0 0.00121389 0.00221194 0.00278513 0.00277394 0.00208488 0.000737056 -0.00115843 -0.00342649 -0.00588509 -0.00837716 -0.01076 -0.0129269 -0.0147714 -0.0162654 -0.017424 -0.0183068 -0.0190127 -0.0195827 -0.0201287 -0.0207126 -0.0214099 -0.0222766 -0.0232618 -0.0243998 -0.0256468 -0.0270031 -0.0284402 -0.0298699 -0.0312875 -0.032652 -0.0339432 -0.0351129 -0.0361211 -0.0369439 -0.0376024 -0.0380496 -0.0382661 -0.0382721 -0.0380511 -0.0376543 -0.0370303 -0.0362137 -0.0352319 -0.0341032 -0.0328307 -0.0314267 -0.029949 -0.0284037 -0.0268158 -0.0251814 -0.023559 -0.021948 -0.0203758 -0.0188244 -0.017354 -0.015972 -0.0146357 -0.0133908 -0.0122423 -0.0111788 -0.0101922 -0.00931383 -0.00850412 -0.00779444 -0.00713648 -0.00655632 -0.006056 -0.00561805 -0.00522078 -0.00489254 -0.00460567 -0.00434908 -0.00414121 -0.00396924 -0.00383177 -0.00369742 -0.00358975 -0.00350986 -0.00345335 -0.00338261 -0.00334258 -0.00329709 -0.00326643 -0.00324394 -0.00322598 -0.00318557 -0.00318455 -0.00317202 -0.00314872 -0.00313503 -0.00314037 -0.00311364 -0.00310979 -0.00310894 -0.00309664 -0.00308315 -0.0030944 -0.00307823 -0.00307273 -0.00307777 -0.00307517 -0.00306089 -0.0030761 -0.00307017 -0.00306454 -0.00307253 -0.00308088 -0.00306566 -0.00308436 -0.00309051 -0.00308566 -0.00309051 -0.00311468 -0.00310698 -0.00312076 -0.00312957 -0.00313829 -0.0031488 -0.00317348 -0.00316172 -0.00317312 -0.00319194 -0.00320316 -0.00318722 -0.00318393 -0.00317726 -0.00316346 -0.0031219 -0.00308232 -0.00302791 -0.00293088 -0.00283031 -0.00271756 -0.00255689 -0.00235245 -0.00213651 -0.00185717 -0.00154733 -0.00117494 -0.000756853 -0.000275053 0.000277682 0.0009181 0.00160091 0.00237366 0.00324683 0.00418801 0.00521486 0.0063284 0.00754574 0.0088165 0.0101611 0.01157 0.013052 0.0145607 0.0160984 0.0176493 0.0192121 0.0207463 0.0222051 0.023633 0.0249636 0.0261922 0.0272719 0.0281887 0.0289432 0.0294885 0.0297794 0.0298127 0.029581 0.0290419 0.0281916 0.0269633 0.0254001 0.0234866 0.0211944 0.0185505 0.0155339 0.0122362 0.00868872 0.00495048 0.00111675 -0.00270883 -0.00636102 -0.00972444 -0.0126889 -0.0151799 -0.0171317 -0.0185083 -0.0193279 -0.0196532 -0.0196034 -0.0192974 -0.0188899 -0.0185397 -0.018414 -0.0186797 -0.0194349 -0.0207478 
0 0.00114499 0.002029 0.0024053 0.00208488 0.000963498 -0.000933635 -0.00346773 -0.00643027 -0.0095931 -0.0127615 -0.0157579 -0.0184414 -0.0207007 -0.0224846 -0.0238262 -0.0247949 -0.0254996 -0.0260296 -0.0264884 -0.0269872 -0.0276065 -0.028405 -0.0293714 -0.0305047 -0.0317967 -0.0332304 -0.0347701 -0.036343 -0.0379152 -0.0394519 -0.0409206 -0.042267 -0.0434402 -0.0444278 -0.0452216 -0.0457933 -0.0461181 -0.0461922 -0.0460291 -0.045642 -0.045004 -0.0441416 -0.0430831 -0.0418453 -0.0404423 -0.0388795 -0.0372052 -0.0354488 -0.03361 -0.0317144 -0.0298102 -0.0279071 -0.026024 -0.0241671 -0.0223727 -0.0206597 -0.0190139 -0.0174563 -0.0160109 -0.0146674 -0.0134161 -0.0122706 -0.0112322 -0.0102994 -0.00944543 -0.00869033 -0.00803001 -0.00743319 -0.00690202 -0.00645876 -0.00606704 -0.00572151 -0.00543341 -0.00518799 -0.00497478 -0.00479725 -0.00465462 -0.00453475 -0.00442697 -0.00433778 -0.00428018 -0.00422047 -0.00416367 -0.00412958 -0.00410132 -0.00406132 -0.00404369 -0.00402594 -0.0039991 -0.00398419 -0.00397896 -0.00395501 -0.00394544 -0.0039421 -0.00392757 -0.00391552 -0.00391932 -0.00390641 -0.00389907 -0.00390232 -0.0038979 -0.00388814 -0.00389774 -0.00389487 -0.00388977 -0.0038982 -0.00390464 -0.00389757 -0.00391109 -0.00391971 -0.00391907 -0.00393077 -0.00394824 -0.00394631 -0.00396192 -0.00398303 -0.00398852 -0.00399516 -0.00401813 -0.00402841 -0.00403405 -0.00403963 -0.0040428 -0.00403763 -0.00402337 -0.00400141 -0.00396658 -0.00390576 -0.00383337 -0.0037507 -0.00362295 -0.00346663 -0.00328936 -0.00306506 -0.00278801 -0.00247865 -0.00211127 -0.00167793 -0.00117212 -0.000606246 3.44842e-05 0.000771698 0.00159615 0.00249671 0.00350558 0.0046204 0.00582035 0.0071131 0.00849703 0.00998083 0.0115359 0.013148 0.0148295 0.0165668 0.0183158 0.020075 0.0218335 0.0235763 0.0252695 0.0268756 0.0284024 0.0298205 0.0310894 0.0321771 0.0330722 0.0337601 0.0342036 0.034356 0.0342062 0.0337428 0.0329346 0.0317478 0.0301494 0.0281558 0.0257571 0.0229442 0.0197123 0.0160828 0.0121266 0.00789586 0.00347273 -0.00104438 -0.00550709 -0.00973769 -0.0135867 -0.0169224 -0.019653 -0.0217019 -0.0230313 -0.0236656 -0.02369 -0.0232414 -0.0224827 -0.0215988 -0.0207962 -0.020288 -0.0202665 -0.020876 -0.0221921 
0 0.000896684 0.00149223 0.00151001 0.000737056 -0.000933635 -0.00346923 -0.00670658 -0.0104061 -0.0143002 -0.0181534 -0.0217574 -0.024939 -0.027582 -0.0296211 -0.0310982 -0.0320965 -0.032732 -0.0331393 -0.0334244 -0.033736 -0.0341687 -0.0347828 -0.0356074 -0.0366175 -0.0378305 -0.0392175 -0.0407357 -0.0423318 -0.0439471 -0.0455552 -0.0471121 -0.0485636 -0.0498541 -0.0509723 -0.0518877 -0.0525827 -0.0530292 -0.0532064 -0.0531451 -0.052827 -0.0522516 -0.051428 -0.0503824 -0.0491291 -0.0476844 -0.0460586 -0.0442847 -0.0424067 -0.0404128 -0.0383447 -0.0362334 -0.0341037 -0.0319658 -0.0298498 -0.0277755 -0.025766 -0.0238326 -0.0219772 -0.0202345 -0.0186007 -0.0170754 -0.0156573 -0.014373 -0.0131959 -0.0121241 -0.0111645 -0.0103149 -0.00954528 -0.00886445 -0.00827797 -0.0077579 -0.00730221 -0.00691274 -0.00658121 -0.00628606 -0.006044 -0.00584165 -0.00567182 -0.00551653 -0.00539855 -0.0053036 -0.00522129 -0.0051428 -0.00509163 -0.00504427 -0.00500129 -0.00496612 -0.00494084 -0.00491002 -0.00489061 -0.00487275 -0.00485302 -0.00483686 -0.00482827 -0.00481262 -0.00480225 -0.00479642 -0.00478766 -0.00477917 -0.00477885 -0.0047733 -0.00476949 -0.00477166 -0.00477239 -0.00477011 -0.00477763 -0.00478172 -0.00478512 -0.00479391 -0.00480506 -0.00480969 -0.00482598 -0.00483925 -0.00484873 -0.00486253 -0.00488728 -0.00489622 -0.00490765 -0.00492288 -0.00494088 -0.0049415 -0.00494189 -0.00493494 -0.00492415 -0.0048906 -0.00484913 -0.00478715 -0.00470083 -0.00458738 -0.00445474 -0.00427867 -0.00405905 -0.00380521 -0.003499 -0.00313029 -0.00270286 -0.00221811 -0.00164213 -0.000986599 -0.000250288 0.000575669 0.00151737 0.00254859 0.00368218 0.00492812 0.00628076 0.00773097 0.00927365 0.0109081 0.0126263 0.0144165 0.0162428 0.0181261 0.0200369 0.0219437 0.0238322 0.0256956 0.0275068 0.0292351 0.0308574 0.0323496 0.0337122 0.0348851 0.0358487 0.0365907 0.0370873 0.0373086 0.0372147 0.0367887 0.0360168 0.0348807 0.033326 0.0313493 0.0289394 0.0260927 0.0228119 0.019072 0.014927 0.010427 0.00564775 0.000687058 -0.00434547 -0.00926705 -0.0138907 -0.0180346 -0.0215495 -0.0243235 -0.026272 -0.0273574 -0.027611 -0.0271391 -0.0260981 -0.0246932 -0.0231426 -0.0216998 -0.0206249 -0.02014 -0.0204309 -0.0215873 
0 0.000495872 0.000656378 0.000182236 -0.00115843 -0.00346773 -0.00670658 -0.0106941 -0.0151542 -0.0197994 -0.0243377 -0.0285403 -0.03221 -0.0352012 -0.0374795 -0.0390497 -0.0400335 -0.0405594 -0.040763 -0.0408244 -0.0408571 -0.0410115 -0.041355 -0.0419093 -0.0427056 -0.0437154 -0.0449385 -0.046328 -0.0478251 -0.0493846 -0.0509675 -0.0525245 -0.0540042 -0.0553685 -0.0565628 -0.0575895 -0.0584017 -0.0589677 -0.0592983 -0.0593632 -0.0591772 -0.0587356 -0.0580277 -0.05708 -0.0559124 -0.0545123 -0.0529194 -0.05116 -0.0492339 -0.0471962 -0.0450441 -0.0428076 -0.0405278 -0.0382148 -0.0358882 -0.0335928 -0.0313417 -0.0291373 -0.027021 -0.024992 -0.0230671 -0.0212545 -0.0195756 -0.0180101 -0.0165719 -0.0152627 -0.0140663 -0.0129857 -0.0120305 -0.0111777 -0.0104049 -0.00973894 -0.00914849 -0.00863022 -0.00818393 -0.00781363 -0.00747455 -0.00718559 -0.00694559 -0.00675877 -0.00658599 -0.00643553 -0.00631473 -0.00622768 -0.00614269 -0.00606989 -0.00601314 -0.00596688 -0.00592511 -0.0058911 -0.00585985 -0.00583239 -0.00581313 -0.00579183 -0.00577359 -0.00575933 -0.00574839 -0.00573373 -0.00572748 -0.00571957 -0.00571351 -0.00570869 -0.00570981 -0.00570563 -0.00570835 -0.00571225 -0.00571673 -0.00572088 -0.005732 -0.00574088 -0.005753 -0.0057671 -0.00577903 -0.00579634 -0.00581951 -0.00583522 -0.00584369 -0.00586787 -0.00589056 -0.00590118 -0.00589551 -0.00590091 -0.00590195 -0.0058866 -0.00583656 -0.00579047 -0.00572218 -0.00562384 -0.00549424 -0.00534507 -0.00513514 -0.00488891 -0.00460341 -0.00425883 -0.00384236 -0.00336354 -0.00280688 -0.00215997 -0.00143249 -0.00060765 0.000321106 0.00136269 0.00250363 0.0037701 0.00513659 0.00660553 0.00818855 0.00986766 0.0116221 0.0134688 0.0153797 0.017321 0.0193112 0.0213045 0.0232959 0.0252688 0.0271833 0.0290314 0.0307991 0.0324373 0.033933 0.0352809 0.0364335 0.0373896 0.0381068 0.0385678 0.0387696 0.0386668 0.0382395 0.0374695 0.0363441 0.0348315 0.0329149 0.0305581 0.027762 0.0245312 0.0208311 0.0166964 0.0121357 0.00722175 0.00204877 -0.00330263 -0.00866234 -0.0138619 -0.0186841 -0.0229219 -0.0264187 -0.0290328 -0.0306786 -0.0313229 -0.0310046 -0.0298439 -0.0280336 -0.0257986 -0.0234144 -0.02117 -0.0193588 -0.0182619 -0.0180676 -0.0189173 
0 -1.30887e-05 -0.000387491 -0.00144801 -0.00342649 -0.00643027 -0.0104061 -0.0151542 -0.0203894 -0.0257723 -0.030997 -0.0357889 -0.0399193 -0.0432645 -0.045739 -0.0473967 -0.0483404 -0.0487026 -0.0486982 -0.0484544 -0.0481777 -0.0479917 -0.0479667 -0.0482051 -0.0486643 -0.0493953 -0.0503597 -0.0515096 -0.0528334 -0.0542459 -0.0557245 -0.0572128 -0.058663 -0.0600229 -0.0612788 -0.062364 -0.0632783 -0.063993 -0.064461 -0.0647173 -0.0646969 -0.0644371 -0.0639153 -0.063146 -0.0621287 -0.0608844 -0.0594279 -0.0577526 -0.055913 -0.0538927 -0.0517489 -0.0494849 -0.0471448 -0.044724 -0.0422922 -0.0398307 -0.0373681 -0.0349679 -0.0326065 -0.030324 -0.0281375 -0.0260615 -0.0240742 -0.0222428 -0.0205156 -0.0189391 -0.0174936 -0.0161783 -0.014973 -0.013902 -0.0129424 -0.0120897 -0.0113392 -0.0106764 -0.0100976 -0.00957352 -0.00914613 -0.00877958 -0.00845692 -0.00815903 -0.00793985 -0.00774061 -0.00758383 -0.00743462 -0.00731936 -0.00721749 -0.00715474 -0.00707049 -0.00701523 -0.00696989 -0.00693405 -0.00688513 -0.00686871 -0.00683637 -0.0068135 -0.00679433 -0.00678536 -0.00675885 -0.00675754 -0.00674676 -0.00673836 -0.00673109 -0.00673959 -0.0067274 -0.006736 -0.00674114 -0.0067474 -0.00674951 -0.00677558 -0.00677598 -0.00679358 -0.00681481 -0.00684043 -0.00684434 -0.00687742 -0.00689352 -0.00692321 -0.00693492 -0.00694705 -0.00694552 -0.00697441 -0.00695458 -0.0069202 -0.00687774 -0.00683954 -0.00674885 -0.0066375 -0.0064896 -0.00631376 -0.0060842 -0.0058138 -0.00549835 -0.00509961 -0.0046323 -0.00410067 -0.00348904 -0.00276508 -0.00197459 -0.00104726 -2.34044e-05 0.0011145 0.00236199 0.00373712 0.00519805 0.00679545 0.00849064 0.0102649 0.0121353 0.014065 0.0160519 0.0180652 0.0201205 0.0221558 0.0241895 0.0261674 0.0280862 0.0299119 0.0316358 0.0332221 0.0346518 0.0359272 0.0369759 0.03784 0.0384499 0.0388115 0.0389145 0.0387252 0.0382391 0.037437 0.036292 0.0347872 0.0329216 0.0306272 0.0279415 0.0248079 0.0212336 0.017237 0.0127747 0.00794087 0.00274967 -0.0026871 -0.00824031 -0.0137754 -0.019057 -0.0238864 -0.0280317 -0.0313064 -0.0335704 -0.0347241 -0.0347442 -0.0336824 -0.0316783 -0.0289365 -0.0257345 -0.0223733 -0.0191918 -0.0165293 -0.014679 -0.0138907 -0.0143064 
0 -0.000579605 -0.00154702 -0.00323306 -0.00588509 -0.0095931 -0.0143002 -0.0197994 -0.0257723 -0.0318793 -0.0377554 -0.0431082 -0.0476942 -0.0513507 -0.0540381 -0.0557603 -0.0566534 -0.0568672 -0.0565976 -0.0560641 -0.0554229 -0.0548542 -0.0544457 -0.0542796 -0.0543918 -0.0547763 -0.0554266 -0.0562971 -0.0573682 -0.0585764 -0.0598893 -0.0612452 -0.0626034 -0.0639411 -0.0651884 -0.066329 -0.0673214 -0.0681397 -0.068779 -0.0691996 -0.0693841 -0.0693538 -0.0690729 -0.0685417 -0.0677698 -0.0667363 -0.0654885 -0.0640155 -0.0623151 -0.0604446 -0.0584068 -0.0562044 -0.0538834 -0.0514571 -0.0489625 -0.0464234 -0.0438512 -0.0412874 -0.0387538 -0.0362546 -0.0338197 -0.0314798 -0.0292517 -0.0271295 -0.0251222 -0.0232699 -0.0215403 -0.019935 -0.0184949 -0.0171946 -0.0159903 -0.0149267 -0.0139827 -0.0131345 -0.0123913 -0.0117513 -0.0111794 -0.0106732 -0.0102391 -0.00988731 -0.00957887 -0.00928866 -0.0090603 -0.00888623 -0.00871728 -0.00857179 -0.00847092 -0.00836917 -0.0082855 -0.0082277 -0.00816853 -0.00810965 -0.00808298 -0.00804521 -0.008008 -0.0079891 -0.00797366 -0.00794311 -0.00793814 -0.00792951 -0.00791438 -0.00791053 -0.00791885 -0.00790692 -0.00791486 -0.00792879 -0.00793195 -0.0079394 -0.00796874 -0.00797755 -0.00799579 -0.0080271 -0.00804625 -0.0080639 -0.00810714 -0.0081235 -0.00812897 -0.0081604 -0.00818289 -0.00816798 -0.00815106 -0.00813303 -0.00809511 -0.00802769 -0.00792344 -0.00780025 -0.00764169 -0.00743458 -0.00718914 -0.00689005 -0.00650346 -0.00607261 -0.00557394 -0.00497264 -0.004284 -0.00350981 -0.00260963 -0.00160244 -0.000492407 0.000731822 0.00208615 0.00356077 0.00513294 0.00681753 0.00860843 0.0104659 0.0123983 0.0143992 0.0164339 0.0185034 0.0205654 0.0226038 0.0246244 0.0265681 0.0284198 0.0301914 0.0318217 0.0333044 0.0346164 0.0357281 0.0366463 0.0373375 0.0377812 0.03799 0.0379414 0.0376172 0.0370179 0.0361138 0.0349167 0.033397 0.0315377 0.0293249 0.0267371 0.023765 0.0203734 0.0165704 0.0123335 0.00769596 0.00268407 -0.00264904 -0.0081833 -0.0138096 -0.0193236 -0.0245281 -0.0291882 -0.0330615 -0.0359581 -0.0377052 -0.0382167 -0.0374698 -0.0355299 -0.0325523 -0.0287725 -0.0244887 -0.0200567 -0.0158513 -0.0122405 -0.0095696 -0.00809132 -0.00799835 
0 -0.0011731 -0.00274704 -0.0050703 -0.00837716 -0.0127615 -0.0181534 -0.0243377 -0.030997 -0.0377554 -0.044236 -0.0501055 -0.0551002 -0.0590639 -0.0619291 -0.0637257 -0.0645723 -0.0646308 -0.0641364 -0.0632981 -0.0623211 -0.0613742 -0.0605618 -0.0600032 -0.059722 -0.0597432 -0.0600492 -0.0606016 -0.0613998 -0.0623779 -0.063496 -0.0646958 -0.065938 -0.0671959 -0.0684218 -0.0695655 -0.0706091 -0.0715333 -0.0723087 -0.0729131 -0.0733019 -0.0735018 -0.0734804 -0.0732254 -0.072727 -0.0719863 -0.0710265 -0.0698171 -0.0683714 -0.0667138 -0.0648678 -0.0628297 -0.0606334 -0.0582903 -0.055855 -0.0533166 -0.0506942 -0.0480576 -0.045407 -0.0427584 -0.0401464 -0.0376008 -0.035123 -0.0327453 -0.0304628 -0.0283307 -0.0263247 -0.0244438 -0.0227125 -0.0211351 -0.0196806 -0.0183735 -0.017205 -0.0161519 -0.0152119 -0.0143745 -0.0136517 -0.0130169 -0.0124525 -0.011961 -0.0115524 -0.0111813 -0.0108796 -0.0106218 -0.0103903 -0.0101962 -0.0100585 -0.00991193 -0.00979591 -0.00971259 -0.00963498 -0.00955453 -0.00951463 -0.00946376 -0.00941769 -0.00939013 -0.00936958 -0.00933257 -0.00932539 -0.00931378 -0.00929744 -0.00929258 -0.0093027 -0.00929081 -0.00930225 -0.00931833 -0.00932578 -0.0093376 -0.00937464 -0.00938466 -0.00940945 -0.00944898 -0.00947717 -0.00949088 -0.00953665 -0.00955833 -0.00957311 -0.00958972 -0.00959452 -0.00957018 -0.00955857 -0.00950808 -0.00942219 -0.00931642 -0.00918942 -0.00900699 -0.00877744 -0.00849342 -0.00816026 -0.00775265 -0.00726326 -0.00671002 -0.00605294 -0.00528236 -0.00442229 -0.00346206 -0.00236029 -0.00115455 0.000178149 0.00162392 0.00319267 0.00486817 0.00663478 0.00848303 0.0104353 0.012434 0.0144641 0.0165375 0.0186106 0.0206671 0.0226748 0.0246356 0.0265201 0.0282939 0.0299238 0.0314237 0.0327497 0.0338859 0.0348125 0.0355237 0.0360274 0.0362723 0.0362734 0.0360255 0.0355318 0.0347805 0.0337582 0.0324663 0.0309138 0.0290682 0.0269094 0.0244304 0.0216017 0.0184335 0.0148712 0.010918 0.00657813 0.00185709 -0.00318925 -0.00852774 -0.0140359 -0.0195685 -0.0249355 -0.0299061 -0.0342516 -0.0377195 -0.0400935 -0.0412061 -0.0409612 -0.0393507 -0.0364518 -0.0324327 -0.0275544 -0.0221467 -0.0166015 -0.0113317 -0.00673841 -0.00319114 -0.000978015 -0.000313981 
0 -0.00175192 -0.00391429 -0.00684172 -0.01076 -0.0157579 -0.0217574 -0.0285403 -0.0357889 -0.0431082 -0.0501055 -0.0564191 -0.06177 -0.0659987 -0.0690281 -0.0708963 -0.0717103 -0.0716436 -0.0709478 -0.0698421 -0.0685564 -0.067259 -0.0660762 -0.0651432 -0.0644966 -0.0641715 -0.0641454 -0.0643901 -0.0649084 -0.0656444 -0.0665514 -0.0675742 -0.0686796 -0.0698414 -0.0710195 -0.0721506 -0.0732213 -0.0742194 -0.0751097 -0.0758713 -0.0764574 -0.0768895 -0.07714 -0.0771818 -0.0769925 -0.0765786 -0.0759501 -0.0750705 -0.0739499 -0.0725985 -0.0710393 -0.069259 -0.067277 -0.0651122 -0.062816 -0.0603745 -0.0578065 -0.0551814 -0.0524961 -0.0497697 -0.0470363 -0.0443372 -0.0416757 -0.039084 -0.0365632 -0.0341676 -0.031884 -0.0297188 -0.0277028 -0.0258422 -0.024113 -0.022531 -0.0211038 -0.0198101 -0.0186494 -0.017606 -0.0166931 -0.0158786 -0.0151578 -0.0145299 -0.0139959 -0.0135086 -0.0131042 -0.0127592 -0.0124536 -0.0121919 -0.011992 -0.0117981 -0.011641 -0.0115212 -0.0114129 -0.0113102 -0.0112471 -0.0111814 -0.011122 -0.0110834 -0.0110526 -0.0110126 -0.0109979 -0.0109837 -0.010966 -0.0109617 -0.0109695 -0.0109628 -0.0109758 -0.0109956 -0.0110076 -0.0110267 -0.0110667 -0.0110858 -0.0111162 -0.0111594 -0.0111919 -0.0112128 -0.011257 -0.0112746 -0.0112837 -0.0112932 -0.0112856 -0.0112381 -0.0111952 -0.0111132 -0.0109907 -0.0108326 -0.0106431 -0.010385 -0.0100728 -0.00969616 -0.00925425 -0.00871411 -0.00808167 -0.00736756 -0.00653838 -0.00558248 -0.00452371 -0.00334971 -0.00202931 -0.000603041 0.000941923 0.00259272 0.00435827 0.00621344 0.00814178 0.0101247 0.0121799 0.0142469 0.0163069 0.0183727 0.0204047 0.0223702 0.0242412 0.0260223 0.0276746 0.0291723 0.0304852 0.0316294 0.0325727 0.0332931 0.0337768 0.034035 0.0340756 0.0338544 0.0333978 0.032706 0.0317929 0.0306462 0.0292501 0.027621 0.0257683 0.0236625 0.0212805 0.0186186 0.0156522 0.0123872 0.00876505 0.00477815 0.000442926 -0.00423916 -0.00920912 -0.014433 -0.0197894 -0.0251096 -0.0302023 -0.0348255 -0.0387478 -0.0417118 -0.0434831 -0.0438905 -0.0428357 -0.0403211 -0.036434 -0.0313546 -0.0253648 -0.0188267 -0.0121671 -0.00583433 -0.000260361 0.004163 0.00711595 0.00836219 
0 -0.00229177 -0.00500227 -0.00846805 -0.0129269 -0.0184414 -0.024939 -0.03221 -0.0399193 -0.0476942 -0.0551002 -0.06177 -0.0674189 -0.0718517 -0.075034 -0.07696 -0.077754 -0.0776056 -0.0767314 -0.0754253 -0.0738724 -0.0722752 -0.0707854 -0.0695053 -0.0685461 -0.0678991 -0.0675679 -0.0675362 -0.0677893 -0.0682982 -0.0690063 -0.0698571 -0.070819 -0.0718894 -0.0729902 -0.0741055 -0.0751898 -0.0762337 -0.0772375 -0.0781259 -0.0788979 -0.0795453 -0.0800544 -0.0803807 -0.08052 -0.080447 -0.080177 -0.079686 -0.0789291 -0.0779586 -0.0767566 -0.0753172 -0.0736386 -0.071765 -0.0696926 -0.0674489 -0.0650425 -0.0625073 -0.059885 -0.0571721 -0.0544026 -0.0516137 -0.0488509 -0.0460852 -0.0433794 -0.0407601 -0.038232 -0.0357902 -0.0335039 -0.0313556 -0.0293323 -0.0274653 -0.0257613 -0.0241985 -0.022775 -0.0215119 -0.0203726 -0.0193496 -0.0184374 -0.0176624 -0.0169648 -0.0163443 -0.0158084 -0.0153685 -0.0149623 -0.0146221 -0.0143351 -0.0140925 -0.013876 -0.0137119 -0.0135586 -0.0134348 -0.0133346 -0.0132536 -0.0131737 -0.0131242 -0.0130759 -0.0130368 -0.0130084 -0.0129936 -0.012972 -0.012971 -0.0129715 -0.0129756 -0.0129858 -0.0130122 -0.0130265 -0.0130576 -0.0130918 -0.0131266 -0.0131579 -0.0132058 -0.0132312 -0.0132648 -0.0132962 -0.0133117 -0.0132959 -0.0132969 -0.013264 -0.0131937 -0.0130883 -0.0129723 -0.012797 -0.0125722 -0.0122848 -0.0119477 -0.0115254 -0.0110251 -0.0104403 -0.00975295 -0.00894442 -0.00803705 -0.00701847 -0.00585171 -0.00457215 -0.00317528 -0.00164869 9.76732e-06 0.00174173 0.00358237 0.00551529 0.00751503 0.00954096 0.0116189 0.0137076 0.0157704 0.0178007 0.0197744 0.0216756 0.0234613 0.0251133 0.0266097 0.0279637 0.0290963 0.0300227 0.0307514 0.0312518 0.0315123 0.031533 0.0313303 0.0309035 0.0302571 0.029362 0.0282837 0.0270094 0.025525 0.0238449 0.0219622 0.0199035 0.0176375 0.015139 0.0123898 0.00940353 0.00613422 0.00255606 -0.00134923 -0.00559474 -0.0101169 -0.014925 -0.0199375 -0.0250397 -0.0300753 -0.0347979 -0.0390086 -0.0424404 -0.0448378 -0.0459687 -0.0456339 -0.0437563 -0.0403345 -0.03547 -0.0293592 -0.0222984 -0.0146795 -0.00696129 0.000380075 0.00688841 0.0121459 0.0158142 0.0176263 
0 -0.00277002 -0.00594512 -0.00988111 -0.0147714 -0.0207007 -0.027582 -0.0352012 -0.0432645 -0.0513507 -0.0590639 -0.0659987 -0.0718517 -0.0764684 -0.0797428 -0.0817341 -0.082521 -0.0822911 -0.0813144 -0.0798158 -0.0780664 -0.0762269 -0.074465 -0.0729268 -0.0716808 -0.0707737 -0.0701855 -0.0699115 -0.0699386 -0.0702527 -0.0707757 -0.0714751 -0.0723213 -0.0732739 -0.0743322 -0.0754042 -0.0764947 -0.0775972 -0.0786679 -0.0796901 -0.080627 -0.0814687 -0.0822142 -0.0828283 -0.0832613 -0.0835493 -0.0836516 -0.0835405 -0.0832132 -0.0826454 -0.081852 -0.08082 -0.0795359 -0.0780126 -0.0762876 -0.0743313 -0.0721677 -0.0698438 -0.0673722 -0.0647636 -0.0620594 -0.0592928 -0.0564662 -0.0536282 -0.0507988 -0.0480072 -0.0452794 -0.0426378 -0.040081 -0.037651 -0.0353623 -0.0332087 -0.0312097 -0.029374 -0.0276843 -0.0261341 -0.0247514 -0.0235171 -0.0224068 -0.0214036 -0.0205298 -0.0197675 -0.0191005 -0.0185045 -0.0179923 -0.0175543 -0.0171831 -0.0168549 -0.0165785 -0.0163476 -0.016155 -0.0159878 -0.015853 -0.01574 -0.0156472 -0.0155714 -0.0155121 -0.0154627 -0.0154279 -0.0154019 -0.0153852 -0.0153774 -0.0153788 -0.015385 -0.0154015 -0.0154222 -0.0154487 -0.0154812 -0.015519 -0.0155522 -0.0155912 -0.0156298 -0.0156626 -0.0156798 -0.015693 -0.0156932 -0.0156775 -0.0156237 -0.0155425 -0.0154357 -0.0152999 -0.0150938 -0.0148273 -0.0145132 -0.0141434 -0.0136687 -0.0131031 -0.0124529 -0.0116919 -0.010805 -0.00981494 -0.00869875 -0.00743353 -0.00604971 -0.00454992 -0.00292738 -0.00118836 0.000642966 0.00257109 0.00456455 0.00661462 0.00869708 0.0107877 0.0128641 0.0149241 0.0169262 0.0188242 0.0206334 0.0223178 0.023832 0.0251701 0.0263405 0.0272906 0.0280251 0.0285263 0.0287913 0.0288459 0.0286494 0.0282195 0.027592 0.0267639 0.0257185 0.0244957 0.0230927 0.0215416 0.01984 0.0179559 0.0159465 0.0137891 0.0114714 0.00896486 0.00625238 0.00332992 0.000172061 -0.00326714 -0.00702079 -0.0110558 -0.0153808 -0.0199362 -0.0246779 -0.029491 -0.0341599 -0.0385021 -0.042246 -0.0451614 -0.0469829 -0.0474466 -0.0463929 -0.0437076 -0.0394189 -0.033631 -0.0265475 -0.0184924 -0.00987537 -0.00118613 0.00707526 0.0144288 0.0204448 0.0247539 0.027078 
0 -0.00316518 -0.00673865 -0.0110295 -0.0162654 -0.0224846 -0.0296211 -0.0374795 -0.045739 -0.0540381 -0.0619291 -0.0690281 -0.075034 -0.0797428 -0.0831109 -0.0851299 -0.0859104 -0.0856456 -0.0845528 -0.0829365 -0.0810049 -0.0789647 -0.0770032 -0.0752276 -0.0737761 -0.0726535 -0.0718632 -0.0714085 -0.0712571 -0.0714041 -0.0717861 -0.0723578 -0.0730935 -0.0739816 -0.0749676 -0.0760292 -0.0771279 -0.0782531 -0.0794037 -0.0805177 -0.0816013 -0.0826252 -0.0835944 -0.0844558 -0.0852019 -0.0858103 -0.0862608 -0.0865522 -0.0866251 -0.0865012 -0.0861562 -0.0855736 -0.0847258 -0.0836529 -0.0823135 -0.0807431 -0.0789493 -0.0769224 -0.0747145 -0.0723233 -0.0697737 -0.0670988 -0.0643545 -0.0615148 -0.058656 -0.0557763 -0.052919 -0.0500925 -0.0473537 -0.0447047 -0.0421608 -0.039737 -0.0374622 -0.0353349 -0.033357 -0.0315644 -0.0299098 -0.0283999 -0.0270434 -0.0258577 -0.0247763 -0.0238244 -0.0229717 -0.0222468 -0.0216036 -0.0210493 -0.0205502 -0.0201482 -0.0197889 -0.0194893 -0.0192274 -0.0190233 -0.0188348 -0.0186946 -0.0185693 -0.0184748 -0.0183898 -0.0183379 -0.0182837 -0.0182553 -0.0182312 -0.0182263 -0.0182171 -0.018234 -0.0182442 -0.0182706 -0.0182946 -0.0183347 -0.0183588 -0.0184039 -0.0184319 -0.0184594 -0.0184697 -0.0184906 -0.0184687 -0.0184367 -0.0183669 -0.0182865 -0.0181537 -0.0179783 -0.0177255 -0.0174515 -0.0170989 -0.016655 -0.0161116 -0.015498 -0.0147617 -0.0139169 -0.0129489 -0.0118487 -0.0106129 -0.00925022 -0.00777116 -0.00615693 -0.00442751 -0.00258875 -0.000669597 0.00135061 0.00339408 0.00549175 0.00761316 0.00972915 0.0117998 0.0138413 0.0157813 0.0176151 0.0193281 0.0208761 0.0222676 0.0234552 0.0244321 0.0251847 0.0257275 0.0260105 0.0260751 0.0259116 0.0255303 0.0249257 0.0241106 0.0231183 0.0219447 0.0206222 0.0191309 0.0175333 0.0158235 0.0139944 0.0120574 0.0100163 0.00787696 0.00562099 0.00321452 0.000633417 -0.00210856 -0.00508437 -0.00830786 -0.0118213 -0.0156307 -0.0196769 -0.0239732 -0.0284176 -0.0328937 -0.0372176 -0.0411326 -0.0444296 -0.0468322 -0.0480768 -0.047923 -0.0461659 -0.0427387 -0.0376478 -0.0310099 -0.0230566 -0.0141047 -0.00460937 0.00493135 0.0139941 0.0220756 0.028743 0.0335976 0.0363548 
0 -0.00349985 -0.0073833 -0.0119605 -0.017424 -0.0238262 -0.0310982 -0.0390497 -0.0473967 -0.0557603 -0.0637257 -0.0708963 -0.07696 -0.0817341 -0.0851299 -0.087171 -0.0879433 -0.0876302 -0.0864738 -0.0847372 -0.0826725 -0.0804743 -0.0783371 -0.0763914 -0.0747555 -0.0734618 -0.072513 -0.0719162 -0.0716329 -0.0716697 -0.0719474 -0.0724388 -0.0731138 -0.0739312 -0.0748855 -0.0759181 -0.0770207 -0.0781816 -0.0793786 -0.0805848 -0.0817937 -0.0829681 -0.084117 -0.0852078 -0.0862072 -0.0871289 -0.0879172 -0.0885737 -0.0890623 -0.0893636 -0.0894624 -0.089347 -0.0889916 -0.0883987 -0.0875488 -0.0864384 -0.0850788 -0.0834568 -0.081612 -0.0795404 -0.0772762 -0.0748344 -0.0722375 -0.0695139 -0.0667171 -0.0638411 -0.0609437 -0.0580565 -0.0551753 -0.0523449 -0.0496058 -0.0469626 -0.0444347 -0.04205 -0.0398003 -0.0377112 -0.0357768 -0.0340205 -0.0324237 -0.0309677 -0.0296522 -0.0285124 -0.0274849 -0.0265674 -0.0257712 -0.0250826 -0.024467 -0.0239514 -0.0235009 -0.0231107 -0.0227855 -0.0225184 -0.0222787 -0.0220909 -0.0219384 -0.021809 -0.0217048 -0.0216335 -0.0215691 -0.0215257 -0.0215012 -0.0214863 -0.0214767 -0.0214899 -0.0215018 -0.0215187 -0.021547 -0.0215789 -0.0215964 -0.0216263 -0.0216455 -0.0216481 -0.0216401 -0.0216191 -0.021554 -0.0214804 -0.0213688 -0.0211951 -0.0209735 -0.0207228 -0.0203801 -0.019958 -0.0194519 -0.0188577 -0.0181531 -0.0173369 -0.0163827 -0.0153112 -0.0140981 -0.0127544 -0.011287 -0.00967968 -0.00793958 -0.00610671 -0.00417043 -0.00214452 -7.20646e-05 0.00205977 0.00421596 0.00637059 0.00849524 0.010572 0.0125631 0.0144647 0.0162259 0.0178463 0.0192854 0.0205254 0.0215598 0.0223632 0.0229381 0.0232859 0.0233952 0.0232685 0.0229278 0.0223545 0.0216002 0.0206453 0.0195203 0.018258 0.0168545 0.0153358 0.0137158 0.0120139 0.0102492 0.00842675 0.00652941 0.00459362 0.00258365 0.000493137 -0.00171428 -0.00407528 -0.00658637 -0.00931599 -0.0122847 -0.0155385 -0.0190676 -0.0228499 -0.0268575 -0.0310049 -0.0351664 -0.039128 -0.0426649 -0.0455206 -0.0474395 -0.0481528 -0.0474073 -0.0450253 -0.0409189 -0.0351183 -0.0277428 -0.0190324 -0.00932957 0.000904471 0.0111483 0.0208681 0.0295492 0.0367449 0.0420457 0.0451527 
0 -0.00377536 -0.00791031 -0.0126946 -0.0183068 -0.0247949 -0.0320965 -0.0400335 -0.0483404 -0.0566534 -0.0645723 -0.0717103 -0.077754 -0.082521 -0.0859104 -0.0879433 -0.0886992 -0.0883494 -0.0871363 -0.0853063 -0.0831238 -0.0807908 -0.0785079 -0.0764191 -0.0746348 -0.0732056 -0.0721364 -0.0714352 -0.0710597 -0.0710091 -0.0712142 -0.0716485 -0.0722829 -0.073064 -0.0739963 -0.075021 -0.0761339 -0.077318 -0.0785479 -0.0798195 -0.0811231 -0.0824283 -0.0837344 -0.0850212 -0.0862555 -0.0874451 -0.0885307 -0.0895202 -0.09039 -0.0911043 -0.0916485 -0.0919994 -0.0921392 -0.0920488 -0.0917057 -0.0911062 -0.0902586 -0.0891296 -0.0877421 -0.0860951 -0.0842102 -0.0821023 -0.0797851 -0.0773004 -0.0746815 -0.0719225 -0.0690794 -0.0662024 -0.0632838 -0.0603732 -0.0575078 -0.0546979 -0.0519666 -0.0493496 -0.0468599 -0.0445208 -0.0423186 -0.0402805 -0.0384206 -0.0367146 -0.0351635 -0.0337912 -0.0325494 -0.0314379 -0.0304781 -0.0296301 -0.0288702 -0.028229 -0.027675 -0.0271845 -0.0267763 -0.0264358 -0.0261361 -0.025894 -0.0257009 -0.0255336 -0.0254024 -0.0253073 -0.0252267 -0.0251678 -0.0251351 -0.0251101 -0.0250952 -0.0251009 -0.0251077 -0.0251147 -0.0251355 -0.0251514 -0.0251532 -0.0251613 -0.0251539 -0.0251154 -0.0250701 -0.0250008 -0.0248742 -0.024722 -0.024532 -0.0242649 -0.0239372 -0.023551 -0.0230582 -0.0224763 -0.0218023 -0.0209997 -0.0200657 -0.0190142 -0.0178207 -0.0164923 -0.0150181 -0.0134107 -0.0116813 -0.00982701 -0.00786386 -0.00583163 -0.00370864 -0.00152534 0.000668238 0.00287401 0.00506797 0.00720771 0.00927464 0.011247 0.013093 0.0147912 0.0162967 0.0176212 0.018733 0.0196153 0.0202675 0.0206842 0.0208597 0.0208056 0.0205132 0.0200117 0.0193203 0.0184238 0.0173773 0.0161729 0.0148397 0.0134033 0.0118729 0.0102749 0.00863596 0.00695539 0.00525651 0.00354497 0.0017992 4.78666e-05 -0.00175623 -0.00361515 -0.00556938 -0.00765846 -0.00989925 -0.0123554 -0.0150524 -0.0180356 -0.0212947 -0.0248185 -0.0285584 -0.0324269 -0.0362859 -0.0399165 -0.043096 -0.0455535 -0.0470343 -0.0472671 -0.0460064 -0.0430791 -0.0383983 -0.0319989 -0.024006 -0.0146737 -0.00435659 0.00646814 0.0172693 0.0275026 0.0366433 0.044239 0.049868 0.0532278 
0 -0.00402082 -0.00838032 -0.0133101 -0.0190127 -0.0254996 -0.032732 -0.0405594 -0.0487026 -0.0568672 -0.0646308 -0.0716436 -0.0776056 -0.0822911 -0.0856456 -0.0876302 -0.0883494 -0.0879697 -0.0866883 -0.0847918 -0.082498 -0.0800475 -0.0776428 -0.0754167 -0.0735012 -0.0719405 -0.0707594 -0.0699635 -0.0695201 -0.0693967 -0.069563 -0.0699688 -0.0705783 -0.071361 -0.0722669 -0.0733013 -0.074429 -0.0756299 -0.0768982 -0.078219 -0.0795944 -0.0809977 -0.0824238 -0.0838455 -0.0852824 -0.0866879 -0.0880333 -0.0893284 -0.0905317 -0.0916257 -0.0925798 -0.0933725 -0.0939849 -0.0944136 -0.0945823 -0.0945214 -0.0942214 -0.093631 -0.0927654 -0.0916343 -0.0902335 -0.08856 -0.0866467 -0.0845004 -0.0821704 -0.0796448 -0.0769847 -0.0742145 -0.0713667 -0.0684628 -0.06555 -0.0626524 -0.0598021 -0.0570136 -0.0543208 -0.0517653 -0.0493232 -0.0470296 -0.0449076 -0.0429527 -0.041147 -0.0395331 -0.03806 -0.0367468 -0.0355891 -0.0345678 -0.0336453 -0.0328694 -0.0321865 -0.03159 -0.0310794 -0.0306602 -0.0302851 -0.0299849 -0.0297345 -0.0295296 -0.0293587 -0.0292377 -0.0291304 -0.0290572 -0.0290037 -0.0289694 -0.0289391 -0.0289349 -0.0289229 -0.0289189 -0.0289148 -0.0289085 -0.0288758 -0.0288518 -0.0287943 -0.0287063 -0.0285915 -0.0284534 -0.0282389 -0.0279907 -0.0276773 -0.0272864 -0.0268108 -0.0262588 -0.0255691 -0.0247873 -0.0238885 -0.0228394 -0.0216408 -0.0203306 -0.0188614 -0.0172446 -0.0155012 -0.0136379 -0.0116553 -0.00956621 -0.00741024 -0.0051932 -0.00292868 -0.000644703 0.00160441 0.00383767 0.00599513 0.00806198 0.01 0.0117899 0.0134084 0.0148422 0.0160386 0.0170223 0.0177903 0.0182866 0.0185534 0.0185917 0.0183999 0.01798 0.0173648 0.0165539 0.0155878 0.0144608 0.0131986 0.0118474 0.0104106 0.00891163 0.00736566 0.00581452 0.00424989 0.00269893 0.0011587 -0.000368628 -0.00186848 -0.0033802 -0.0049136 -0.00649519 -0.00816732 -0.00996774 -0.0119347 -0.014129 -0.0165711 -0.0192968 -0.0223244 -0.025605 -0.0291201 -0.0327462 -0.0363338 -0.0396958 -0.0425519 -0.0446777 -0.0457774 -0.0455859 -0.0438905 -0.0404843 -0.035328 -0.0284317 -0.019939 -0.0101277 0.000658882 0.0119103 0.0231105 0.0337048 0.0431608 0.0510326 0.0568801 0.0604087 
