0 0 0 0 0 0 0 0 0 0 0 0 0 0 0 0 0 0 0 0 0 0 0 0 0 0 0 0 0 0 0 0 0 0 0 0 0 0 0 0 0 0 0 0 0 0 0 0 0 0 0 0 0 0 0 0 0 0 0 0 0 0 0 0 0 0 0 0 0 0 0 0 0 0 0 0 0 0 0 0 0 0 0 0 0 0 0 0 0 0 0 0 0 0 0 0 0 0 0 0 0 0 0 0 0 0 0 0 0 0 0 0 0 0 0 0 0 0 0 0 0 0 0 0 0 0 0 0 0 0 0 0 0 0 0 0 0 0 0 0 0 0 0 0 0 0 0 0 0 0 0 0 0 0 0 0 0 0 0 0 0 0 0 0 0 0 0 0 0 0 0 0 0 0 0 0 0 0 0 0 0 0 0 0 0 0 0 0 0 0 0 0 0 0 0 0 0 0 0 0 
0 0.00130392 0.00256671 0.00377683 0.00487215 0.00584246 0.00665119 0.00726915 0.00770699 0.0079395 0.00799782 0.00789486 0.00765925 0.00734645 0.00699106 0.00666059 0.0063881 0.00621387 0.00614282 0.00617383 0.00629988 0.00648251 0.00672665 0.00696906 0.0071995 0.00738954 0.00750055 0.0075702 0.00756017 0.00749466 0.0073719 0.00718156 0.0069544 0.00669641 0.00641095 0.00609823 0.00576978 0.00540481 0.00504746 0.00467617 0.0042857 0.00390022 0.00349877 0.00311111 0.00272237 0.00233344 0.00193561 0.00155576 0.00118724 0.000822328 0.000466121 0.00011739 -0.000215178 -0.000544733 -0.000852718 -0.0011662 -0.00145432 -0.00172341 -0.00199781 -0.00227014 -0.00251089 -0.0027428 -0.00297794 -0.00319172 -0.00340332 -0.00360426 -0.00379893 -0.00397605 -0.00414902 -0.00431528 -0.00448539 -0.00463086 -0.0047678 -0.00490944 -0.00504621 -0.00516672 -0.00528141 -0.00539311 -0.00550064 -0.00560365 -0.00569008 -0.005779 -0.00586708 -0.00594256 -0.00600661 -0.00608274 -0.0061433 -0.0061943 -0.00624815 -0.00630257 -0.00633598 -0.00637614 -0.00641446 -0.00644182 -0.00646138 -0.00649056 -0.00650471 -0.00651409 -0.00652505 -0.00653411 -0.00652707 -0.00652725 -0.00652278 -0.00650851 -0.00648947 -0.00647831 -0.00644997 -0.00641924 -0.0063913 -0.00635791 -0.00630742 -0.00626818 -0.006221 -0.00616071 -0.00609863 -0.00604407 -0.00596758 -0.00588989 -0.00581441 -0.00573133 -0.00563335 -0.00553873 -0.00543609 -0.00532918 -0.00521433 -0.00508837 -0.0049602 -0.00483143 -0.00469025 -0.004536 -0.00438116 -0.00421533 -0.00405158 -0.00387082 -0.00367859 -0.00347862 -0.00327941 -0.00306006 -0.00284373 -0.00260644 -0.0023504 -0.00209952 -0.001843 -0.00155907 -0.00126481 -0.000973517 -0.000655939 -0.000331137 8.96694e-06 0.000348029 0.000706558 0.00107534 0.00146042 0.00185387 0.00224449 0.0026449 0.00305944 0.00348203 0.00388963 0.00431832 0.00473399 0.0051572 0.00558081 0.00597969 0.00638452 0.00678708 0.00718523 0.00757422 0.00796225 0.00833336 0.00872805 0.00912887 0.00953201 0.00996156 0.0103782 0.0108157 0.0112368 0.0116178 0.0119354 0.0121408 0.0122248 0.0121519 0.0119209 0.0115122 0.0109448 0.010241 0.00943515 0.00859691 0.00774965 0.00696145 0.00625115 0.00563686 0.00514942 0.00475888 0.00448202 0.00428348 0.0041332 0.00402226 0.00389568 0.00376105 
0 0.00256671 0.00507949 0.00744153 0.00961899 0.0115243 0.0131024 0.0143311 0.0151592 0.0156127 0.0157049 0.0154687 0.0149934 0.0143404 0.0136206 0.0129457 0.0123824 0.0120147 0.0118569 0.0118961 0.0121285 0.0124949 0.0129546 0.0134556 0.0139106 0.0142806 0.0145329 0.014645 0.0146464 0.0145221 0.0142733 0.0139263 0.0134834 0.0129853 0.0124331 0.0118312 0.0111715 0.0104841 0.00978731 0.00906148 0.00833903 0.00757397 0.00680456 0.00605423 0.00529887 0.00453855 0.00379534 0.00306079 0.00233743 0.00165464 0.000941156 0.000268377 -0.000365294 -0.000985363 -0.00159802 -0.00218399 -0.00274723 -0.00328995 -0.00379996 -0.00430854 -0.00477602 -0.00524036 -0.00567174 -0.006108 -0.00650822 -0.00687845 -0.00723717 -0.00762022 -0.00795714 -0.00824984 -0.00856461 -0.00887036 -0.00915048 -0.00940201 -0.0096638 -0.00989986 -0.010139 -0.0103403 -0.0105559 -0.0107464 -0.0109302 -0.0110905 -0.0112716 -0.0114078 -0.0115459 -0.011682 -0.0118103 -0.0119015 -0.0120153 -0.0121119 -0.0121868 -0.0122577 -0.0123383 -0.0123861 -0.0124312 -0.0124812 -0.0125145 -0.0125288 -0.0125542 -0.0125666 -0.0125587 -0.012554 -0.0125489 -0.012517 -0.0124852 -0.0124565 -0.0124072 -0.0123419 -0.0122925 -0.0122198 -0.01213 -0.0120442 -0.0119597 -0.0118342 -0.0117226 -0.0116034 -0.011466 -0.0113051 -0.0111684 -0.0109913 -0.0108126 -0.0106213 -0.0104354 -0.0102068 -0.00998827 -0.00974859 -0.00951897 -0.00924294 -0.00895672 -0.00867729 -0.00840311 -0.00806244 -0.00771414 -0.00738953 -0.00703477 -0.00664593 -0.00624132 -0.00584001 -0.0054003 -0.00494975 -0.00447163 -0.00400071 -0.00347358 -0.00293293 -0.0023755 -0.00180029 -0.00120322 -0.000583084 8.12251e-05 0.000758296 0.00142515 0.00215712 0.00288993 0.00363613 0.00440039 0.00518462 0.00598079 0.00679924 0.00760298 0.00839795 0.00922394 0.0100381 0.010855 0.0116493 0.0124361 0.0132174 0.0139964 0.0147636 0.0155054 0.0162666 0.0170366 0.0178344 0.0186607 0.0194903 0.0203424 0.0212069 0.0220428 0.0228167 0.0234514 0.0238749 0.0240581 0.0239317 0.023479 0.0226977 0.021577 0.0202023 0.0186375 0.0169766 0.0153461 0.0137924 0.0124085 0.0112317 0.0102608 0.00953625 0.00899583 0.00862324 0.00837096 0.00814862 0.00794811 0.00768947 
0 0.00377683 0.00744153 0.0109291 0.0140961 0.0168794 0.0191833 0.0209344 0.0221333 0.0227422 0.0228258 0.0224344 0.0216614 0.0206519 0.0195308 0.0184768 0.0176005 0.0170123 0.0167362 0.0167694 0.0170869 0.0175967 0.0182774 0.0189839 0.019657 0.0202172 0.0205773 0.0207934 0.0208029 0.0206453 0.0203198 0.0198167 0.0191989 0.0184926 0.0177094 0.0168515 0.01594 0.0149484 0.0139606 0.0129402 0.0118802 0.0108177 0.00972671 0.00866532 0.00760408 0.00654309 0.00547047 0.00443657 0.00343334 0.00244711 0.00147698 0.000532814 -0.000368856 -0.00125583 -0.00209761 -0.00293852 -0.00372207 -0.00446042 -0.00519904 -0.00592814 -0.00658762 -0.007222 -0.007853 -0.00844203 -0.00901571 -0.00955966 -0.0100873 -0.0105814 -0.0110554 -0.0115076 -0.0119664 -0.0123747 -0.0127582 -0.0131426 -0.0135167 -0.0138541 -0.0141752 -0.0144825 -0.0147813 -0.0150645 -0.0153112 -0.015557 -0.0158003 -0.0160106 -0.0161962 -0.0164013 -0.0165727 -0.0167183 -0.0168688 -0.0170153 -0.0171166 -0.0172268 -0.0173318 -0.0174095 -0.0174691 -0.0175443 -0.0175865 -0.0176148 -0.0176442 -0.0176657 -0.017652 -0.0176492 -0.0176346 -0.0175958 -0.0175453 -0.0175067 -0.0174306 -0.0173454 -0.0172642 -0.0171668 -0.0170324 -0.0169165 -0.0167826 -0.0166159 -0.0164444 -0.016283 -0.0160745 -0.0158573 -0.0156443 -0.0154086 -0.0151401 -0.0148734 -0.0145897 -0.0142878 -0.0139675 -0.0136217 -0.0132694 -0.012905 -0.0125116 -0.0120919 -0.0116676 -0.01121 -0.0107498 -0.010258 -0.00973648 -0.00918962 -0.00863785 -0.00804652 -0.00744825 -0.00680231 -0.00611417 -0.00543123 -0.00472346 -0.00395533 -0.00315974 -0.00236076 -0.00150349 -0.000620648 0.000302573 0.00123229 0.00220283 0.00321042 0.00425703 0.00532485 0.00639534 0.00749428 0.008628 0.00978395 0.0109151 0.0120849 0.0132418 0.0144145 0.015587 0.0167119 0.0178466 0.0189799 0.0201077 0.0212184 0.0223255 0.0234138 0.0245592 0.025737 0.026941 0.028208 0.0294708 0.0307805 0.0320519 0.0332137 0.0341856 0.034843 0.0351398 0.0349862 0.0343616 0.0332299 0.0316308 0.029639 0.0273626 0.0249785 0.0225918 0.0203657 0.0183758 0.0166796 0.0153381 0.0143048 0.013588 0.0131038 0.0127686 0.0125273 0.0122567 0.0119361 
0 0.00487215 0.00961899 0.0140961 0.0181842 0.0217472 0.0246759 0.0268996 0.0283639 0.0290798 0.0290915 0.0284774 0.0273812 0.0259599 0.0244103 0.0229436 0.0217148 0.0208613 0.0204294 0.0204068 0.0207656 0.021411 0.0222597 0.0231921 0.0240728 0.0248094 0.0253296 0.0256159 0.0256761 0.0255083 0.0251176 0.0245289 0.0237774 0.0229126 0.0219505 0.0208978 0.0197554 0.0185542 0.0173325 0.0160752 0.0147998 0.0134831 0.0121537 0.0108501 0.00954852 0.0082447 0.00695771 0.00569533 0.00446332 0.00327274 0.00207284 0.000920607 -0.000174156 -0.00124032 -0.00228223 -0.00329149 -0.00425557 -0.00517798 -0.00606661 -0.00693747 -0.00775077 -0.00854134 -0.00929877 -0.0100399 -0.0107381 -0.011393 -0.0120296 -0.0126712 -0.0132608 -0.0138005 -0.0143506 -0.0148786 -0.0153698 -0.0158311 -0.0162888 -0.0167146 -0.0171272 -0.0175021 -0.0178777 -0.0182247 -0.0185471 -0.0188478 -0.0191554 -0.019414 -0.0196599 -0.0199051 -0.0201276 -0.0203093 -0.0205033 -0.0206778 -0.0208173 -0.0209503 -0.021084 -0.0211796 -0.0212628 -0.0213481 -0.021407 -0.0214419 -0.0214804 -0.021501 -0.0214923 -0.0214828 -0.021465 -0.0214144 -0.0213562 -0.0212973 -0.0212075 -0.0210976 -0.0209956 -0.0208652 -0.0207064 -0.0205502 -0.0203839 -0.0201714 -0.0199621 -0.0197445 -0.0194928 -0.0192151 -0.01895 -0.0186429 -0.0183163 -0.0179766 -0.0176283 -0.0172354 -0.0168359 -0.0164122 -0.0159831 -0.0155066 -0.0150067 -0.0145038 -0.0139919 -0.0134103 -0.012813 -0.012223 -0.0115928 -0.010917 -0.0102196 -0.009507 -0.00875237 -0.00796467 -0.00713885 -0.00630585 -0.00541248 -0.0044773 -0.00351277 -0.00252262 -0.00148958 -0.0004127 0.000721254 0.00187706 0.00304902 0.00429418 0.00556628 0.00686204 0.00818504 0.00954282 0.0109341 0.0123549 0.0137639 0.0151813 0.0166297 0.0180821 0.0195359 0.020963 0.0223859 0.0238127 0.0252412 0.0266596 0.0280659 0.0294993 0.0309824 0.0325286 0.0341369 0.0357927 0.0374943 0.039231 0.0409273 0.0424976 0.0438085 0.0447282 0.045172 0.0450342 0.0442715 0.0428655 0.0408384 0.0383128 0.035433 0.0323906 0.0293859 0.026564 0.0240648 0.0219667 0.0202987 0.0190778 0.0182391 0.0177138 0.0173991 0.0171655 0.0169338 0.0166015 
0 0.00584246 0.0115243 0.0168794 0.0217472 0.0259714 0.0294191 0.0319951 0.0336463 0.0343771 0.034244 0.0333526 0.0318682 0.0299952 0.0279731 0.026051 0.0244338 0.0232771 0.022647 0.0225387 0.0229046 0.0236439 0.0246447 0.0257601 0.0268381 0.0277579 0.0284342 0.0288431 0.02898 0.0288466 0.0284513 0.0278178 0.0269945 0.0260334 0.0249585 0.0237798 0.022505 0.0211608 0.0197856 0.0183777 0.0169403 0.0154713 0.0139931 0.0125359 0.0110879 0.00964032 0.00820479 0.00680048 0.00543572 0.00410569 0.00278766 0.00151169 0.00028824 -0.00089985 -0.00205676 -0.00317936 -0.00425087 -0.00527603 -0.00627493 -0.00724882 -0.00816701 -0.00904951 -0.00990421 -0.0107329 -0.0115237 -0.0122754 -0.0130033 -0.0137139 -0.0143828 -0.0150166 -0.0156437 -0.0162398 -0.0167993 -0.0173366 -0.0178605 -0.0183526 -0.0188198 -0.0192596 -0.0196886 -0.0200905 -0.0204616 -0.0208151 -0.0211607 -0.0214675 -0.0217536 -0.0220346 -0.0222891 -0.0225104 -0.0227294 -0.0229301 -0.0230971 -0.0232537 -0.0234017 -0.0235184 -0.0236176 -0.023712 -0.0237805 -0.0238267 -0.0238669 -0.0238888 -0.0238832 -0.0238707 -0.0238442 -0.0237897 -0.0237222 -0.0236474 -0.0235435 -0.0234203 -0.0232933 -0.0231409 -0.0229604 -0.022776 -0.0225742 -0.0223358 -0.0220891 -0.0218317 -0.0215391 -0.0212234 -0.0209052 -0.0205544 -0.0201752 -0.0197815 -0.0193717 -0.0189273 -0.0184617 -0.0179726 -0.0174684 -0.0169295 -0.0163611 -0.0157757 -0.0151716 -0.0145206 -0.0138484 -0.0131618 -0.0124363 -0.0116712 -0.0108834 -0.0100718 -0.00922188 -0.00832829 -0.00739714 -0.00644982 -0.00545514 -0.00440883 -0.00332715 -0.00221603 -0.00105722 0.000151022 0.00140811 0.00269311 0.00401222 0.00539525 0.00682085 0.00827437 0.00975519 0.0112759 0.0128399 0.0144336 0.0160305 0.0176459 0.0192902 0.0209504 0.022612 0.0242564 0.0259046 0.0275678 0.0292423 0.0309185 0.0326006 0.0343224 0.0361198 0.0380061 0.0399815 0.042038 0.0441639 0.0463364 0.048471 0.0504492 0.0521169 0.053319 0.0539353 0.0538542 0.0530129 0.0513905 0.0490295 0.0460623 0.0426759 0.0391011 0.0355702 0.0322778 0.0293815 0.0269805 0.0251186 0.0237948 0.0229462 0.0224762 0.0222539 0.022133 0.0219935 0.0217301 
0 0.00665119 0.0131024 0.0191833 0.0246759 0.0294191 0.033254 0.0360559 0.037789 0.0384358 0.0380752 0.0368392 0.0349073 0.032539 0.030005 0.0275906 0.0255482 0.0240482 0.0231768 0.0229436 0.0232806 0.0240821 0.0252172 0.0264992 0.0277749 0.0288914 0.0297426 0.0303118 0.0305624 0.0305117 0.0301718 0.0295585 0.0287383 0.0277561 0.0266456 0.0254181 0.0240997 0.0226994 0.0212632 0.0198032 0.0182958 0.0167771 0.0152456 0.0137268 0.0122241 0.0107299 0.0092389 0.00778627 0.00637807 0.00498456 0.00363345 0.00231113 0.0010353 -0.000201981 -0.00139915 -0.0025714 -0.00369089 -0.0047603 -0.00581298 -0.00683041 -0.00780361 -0.00872991 -0.00964432 -0.0105141 -0.0113556 -0.0121637 -0.0129512 -0.013695 -0.0144138 -0.0151114 -0.0157829 -0.0164204 -0.0170252 -0.0176165 -0.0181788 -0.0187173 -0.0192178 -0.019708 -0.0201678 -0.0206095 -0.0210128 -0.0214083 -0.0217728 -0.0221193 -0.0224331 -0.0227398 -0.0230136 -0.0232704 -0.0235029 -0.0237229 -0.0239113 -0.0240874 -0.0242412 -0.0243768 -0.024488 -0.0245877 -0.0246625 -0.0247201 -0.0247587 -0.0247812 -0.0247793 -0.0247643 -0.0247281 -0.0246732 -0.0245978 -0.0245091 -0.0243938 -0.0242637 -0.0241132 -0.0239451 -0.0237492 -0.0235436 -0.0233104 -0.0230585 -0.022781 -0.0224934 -0.0221697 -0.0218319 -0.0214673 -0.021089 -0.0206714 -0.0202421 -0.0197821 -0.019307 -0.0187931 -0.0182629 -0.0177006 -0.0171222 -0.0165096 -0.0158703 -0.0151992 -0.0145083 -0.0137909 -0.0130355 -0.0122528 -0.0114371 -0.0105972 -0.00971823 -0.00881838 -0.00786543 -0.00688189 -0.00586641 -0.0048246 -0.00372046 -0.00258074 -0.00141452 -0.000196575 0.00107328 0.00238199 0.00372177 0.00511909 0.00655193 0.00804542 0.00957104 0.0111231 0.0127205 0.01437 0.0160448 0.0177364 0.0194646 0.021209 0.0229919 0.0247802 0.0265652 0.0283686 0.0301992 0.0320541 0.0339293 0.0358443 0.0378126 0.0398967 0.0420993 0.0444193 0.0468679 0.049404 0.0520044 0.0545714 0.0569533 0.0589852 0.0604865 0.0613023 0.0613174 0.0604518 0.0586782 0.056071 0.0527627 0.0489814 0.0450009 0.0410641 0.0374301 0.0342595 0.0316701 0.0297333 0.0284074 0.0276512 0.027329 0.0272823 0.0273677 0.0274003 0.0272933 
0 0.00726915 0.0143311 0.0209344 0.0268996 0.0319951 0.0360559 0.0389696 0.0406439 0.0411151 0.0404392 0.0387767 0.0363538 0.0334371 0.0303592 0.0274244 0.0249251 0.0230449 0.0219058 0.0215069 0.021782 0.022638 0.0238657 0.0253319 0.0268046 0.0281249 0.0292157 0.0299569 0.0303924 0.0304851 0.0302544 0.0297551 0.0290151 0.0280951 0.0270343 0.0258566 0.0245592 0.0232191 0.0218104 0.0203773 0.0189282 0.0174339 0.0159504 0.0144632 0.0129953 0.0115269 0.0100947 0.00867564 0.00728857 0.00593816 0.00460463 0.00330908 0.00205509 0.000851325 -0.000348038 -0.00148614 -0.00260159 -0.00368741 -0.00472794 -0.00572577 -0.00671077 -0.00765947 -0.00856499 -0.00946305 -0.010314 -0.0111332 -0.0119216 -0.0127088 -0.0134517 -0.0141599 -0.0148317 -0.0155076 -0.0161476 -0.0167476 -0.0173235 -0.0178861 -0.0184185 -0.0189225 -0.0194037 -0.0198552 -0.0202938 -0.0206997 -0.0210826 -0.0214411 -0.0217871 -0.0220929 -0.0223895 -0.0226596 -0.0229098 -0.0231288 -0.0233432 -0.0235219 -0.0236858 -0.0238261 -0.0239543 -0.0240472 -0.0241334 -0.0241927 -0.0242356 -0.0242504 -0.024259 -0.0242346 -0.024197 -0.0241358 -0.0240624 -0.0239544 -0.02384 -0.0236981 -0.0235382 -0.0233499 -0.0231559 -0.0229243 -0.0226792 -0.0224104 -0.0221249 -0.0218018 -0.0214733 -0.0211124 -0.0207291 -0.0203183 -0.0198931 -0.0194339 -0.0189572 -0.0184467 -0.0179118 -0.0173627 -0.0167839 -0.0161622 -0.0155184 -0.0148703 -0.0141809 -0.0134562 -0.0126929 -0.01193 -0.0111301 -0.0102932 -0.0094155 -0.00853325 -0.00759497 -0.00663301 -0.00565188 -0.00462426 -0.00354936 -0.00245098 -0.00131838 -0.000133249 0.00106705 0.00233125 0.00363318 0.00498067 0.00635351 0.00778855 0.00926002 0.0107661 0.0123237 0.0139204 0.0155634 0.0172357 0.018954 0.0206748 0.0224629 0.0242751 0.0261027 0.0279715 0.0298502 0.0317762 0.0337483 0.0357709 0.0378477 0.0400498 0.0423672 0.0448531 0.0475155 0.0503025 0.0532551 0.0562566 0.0592326 0.0620208 0.0644027 0.0662132 0.0672485 0.0673903 0.0665388 0.0646901 0.0619056 0.0583591 0.0543064 0.0500184 0.0458264 0.041956 0.0386313 0.0359856 0.0340501 0.0328538 0.0322698 0.0321824 0.0324184 0.0327569 0.0330683 0.0331791 
0 0.00770699 0.0151592 0.0221333 0.0283639 0.0336463 0.037789 0.0406439 0.0421617 0.0423338 0.0412568 0.0391103 0.036128 0.0326343 0.0289782 0.0254972 0.0225157 0.0202429 0.0188012 0.0182272 0.0184307 0.0193003 0.0206499 0.0222615 0.0239499 0.0255195 0.0268484 0.0278682 0.0285327 0.0288454 0.0288247 0.0285015 0.0279301 0.0271625 0.0262392 0.025186 0.0240456 0.0228228 0.0215412 0.0202374 0.0188833 0.0175278 0.0161708 0.0148 0.0134478 0.0121097 0.0107702 0.00946141 0.00818466 0.00690986 0.00569602 0.0044959 0.00331334 0.00216668 0.00105444 -3.15633e-05 -0.00108498 -0.00210547 -0.00311042 -0.00407952 -0.00503249 -0.00593786 -0.00683538 -0.0076893 -0.00852357 -0.00934716 -0.0101452 -0.0108783 -0.0116072 -0.0123394 -0.0130199 -0.0136684 -0.0142946 -0.014912 -0.0154917 -0.0160528 -0.0165719 -0.0170938 -0.0175699 -0.0180303 -0.0184643 -0.0188862 -0.0192568 -0.019634 -0.0199779 -0.0202921 -0.0205826 -0.0208735 -0.0211155 -0.0213431 -0.0215588 -0.021749 -0.0219038 -0.0220566 -0.0221833 -0.0222799 -0.022362 -0.0224314 -0.0224661 -0.0224842 -0.0224905 -0.0224686 -0.0224202 -0.022365 -0.0222835 -0.0221729 -0.0220499 -0.0219129 -0.0217358 -0.0215482 -0.0213459 -0.0211126 -0.0208476 -0.0205869 -0.0202847 -0.0199579 -0.0196151 -0.0192603 -0.0188525 -0.0184478 -0.0180099 -0.0175468 -0.017049 -0.016554 -0.0160087 -0.0154469 -0.0148472 -0.0142471 -0.0136135 -0.0129385 -0.0122235 -0.011527 -0.0107938 -0.0099988 -0.00919264 -0.00837281 -0.00751947 -0.00662797 -0.00572391 -0.00477424 -0.00380467 -0.00279167 -0.00177279 -0.000709671 0.000389776 0.00152124 0.00268817 0.00389745 0.0051237 0.00639202 0.00772451 0.00906639 0.0104704 0.0119157 0.0133887 0.0149092 0.0164809 0.0180789 0.0197336 0.0214335 0.0231577 0.0249404 0.0267503 0.028603 0.0305079 0.0324704 0.0345016 0.0366151 0.038836 0.0411869 0.0437172 0.046448 0.0493834 0.0525297 0.0558379 0.0592342 0.0626071 0.0657566 0.0684891 0.0705883 0.0718441 0.0721284 0.0713332 0.0694482 0.066574 0.062875 0.0586353 0.054177 0.0498029 0.0458281 0.0424563 0.0398325 0.0380386 0.0370182 0.0367104 0.036936 0.0374897 0.0381902 0.0387993 0.0392082 
0 0.0079395 0.0156127 0.0227422 0.0290798 0.0343771 0.0384358 0.0411151 0.0423338 0.042116 0.0405548 0.0378493 0.034273 0.0301661 0.0259132 0.0218772 0.0184019 0.0157117 0.0139626 0.0131818 0.0132957 0.0141927 0.0156366 0.0174428 0.0193684 0.0212149 0.0228679 0.0241857 0.0251616 0.025765 0.0260166 0.0259716 0.0256593 0.0251298 0.0244296 0.0235969 0.022655 0.0216568 0.0205788 0.0194693 0.0183328 0.0171702 0.0160096 0.0148213 0.013644 0.0124707 0.0113224 0.0101795 0.00904566 0.00792598 0.00683916 0.00576729 0.00470944 0.00368806 0.00267107 0.00169935 0.000730504 -0.000227959 -0.00114823 -0.00202643 -0.0029151 -0.00377769 -0.00461022 -0.00542593 -0.00621132 -0.00698457 -0.0077273 -0.00845078 -0.00915678 -0.00984474 -0.0104784 -0.0111173 -0.0117364 -0.0123233 -0.0128752 -0.0134191 -0.0139364 -0.0144393 -0.0149026 -0.0153441 -0.0157822 -0.0161883 -0.0165537 -0.0169187 -0.0172683 -0.0175665 -0.0178593 -0.0181432 -0.0183876 -0.0186036 -0.0188262 -0.0190087 -0.0191651 -0.019312 -0.0194442 -0.0195323 -0.0196182 -0.0196832 -0.0197203 -0.0197317 -0.019743 -0.0197144 -0.0196681 -0.0196082 -0.0195305 -0.0194113 -0.0192934 -0.019151 -0.0189758 -0.0187812 -0.0185872 -0.0183446 -0.0180841 -0.0178204 -0.0175256 -0.0171881 -0.0168575 -0.0165012 -0.0160996 -0.0156885 -0.015268 -0.0148069 -0.0143198 -0.0138211 -0.0132919 -0.0127475 -0.0121669 -0.0115625 -0.0109401 -0.0103023 -0.00961803 -0.00892813 -0.00820024 -0.00745158 -0.00668408 -0.00589752 -0.00506704 -0.00422291 -0.00334637 -0.00245604 -0.00155307 -0.000595042 0.000384803 0.00137222 0.00238996 0.00345437 0.00452263 0.00563636 0.00677159 0.0079523 0.00916619 0.0104047 0.0116777 0.0129956 0.0143637 0.0157682 0.0172155 0.0186948 0.020244 0.0218199 0.0234563 0.0251424 0.0268755 0.0286898 0.0305563 0.0325017 0.0345418 0.0367012 0.0390033 0.0415021 0.0441994 0.0471478 0.0503576 0.0537915 0.057447 0.0611856 0.0649007 0.0683934 0.0714279 0.0737995 0.0752666 0.0756891 0.0749598 0.0730809 0.0701541 0.0663767 0.0620451 0.0574858 0.0530545 0.0490471 0.045712 0.0432054 0.0415827 0.0408286 0.0408234 0.0413993 0.0423379 0.0434029 0.0443905 0.0451299 
0 0.00799782 0.0157049 0.0228258 0.0290915 0.034244 0.0380752 0.0404392 0.0412568 0.0405548 0.0384406 0.0351297 0.0309233 0.0261856 0.0213253 0.0167294 0.0127542 0.00965069 0.00758388 0.00659765 0.00662252 0.00753042 0.00908555 0.0110758 0.0132575 0.0154212 0.0174284 0.0191291 0.0204851 0.0214619 0.0220772 0.0223835 0.0224065 0.0221955 0.0217956 0.0212549 0.0206074 0.0198885 0.0190834 0.018229 0.0173423 0.016433 0.0155201 0.0145713 0.0136201 0.0126695 0.0117299 0.0107885 0.00984124 0.00890373 0.00799433 0.00709213 0.00618227 0.00529152 0.00440852 0.00356005 0.00270957 0.00185904 0.00103693 0.000241676 -0.000560372 -0.00134522 -0.00210197 -0.0028422 -0.00356391 -0.00428801 -0.0049783 -0.00563553 -0.00628691 -0.00693654 -0.00753752 -0.00812535 -0.00870082 -0.00925508 -0.00978088 -0.0102881 -0.0107763 -0.0112514 -0.0116917 -0.0121086 -0.0125266 -0.0129111 -0.0132589 -0.0136071 -0.0139419 -0.0142257 -0.0145054 -0.014778 -0.0150121 -0.0152189 -0.0154318 -0.0156082 -0.0157573 -0.0158985 -0.0160244 -0.0161098 -0.0161903 -0.0162526 -0.0162863 -0.0162972 -0.0163048 -0.0162765 -0.0162291 -0.0161702 -0.0160911 -0.015975 -0.015858 -0.0157184 -0.0155454 -0.0153564 -0.0151658 -0.0149291 -0.014675 -0.0144193 -0.0141327 -0.0138048 -0.0134852 -0.0131409 -0.0127534 -0.0123566 -0.0119539 -0.011508 -0.0110413 -0.0105666 -0.0100637 -0.0095345 -0.00898207 -0.00841569 -0.00782917 -0.00721046 -0.00656027 -0.00591841 -0.00524164 -0.00452684 -0.0037995 -0.00306769 -0.00229687 -0.00150874 -0.000696063 0.000127347 0.000969155 0.00185021 0.00274337 0.00363751 0.004564 0.00553135 0.00650224 0.00749727 0.00850582 0.00955843 0.010642 0.011743 0.0128724 0.0140493 0.0152684 0.0165212 0.0178114 0.0191437 0.0205539 0.0220039 0.0235109 0.0250726 0.0267012 0.0284246 0.0302278 0.0321279 0.0341509 0.0363317 0.0386975 0.0412964 0.0441355 0.0472663 0.0507028 0.0544139 0.058368 0.0624221 0.0664438 0.0702242 0.0735253 0.0761197 0.0777656 0.078307 0.0776413 0.0757805 0.0728361 0.069023 0.0646466 0.0600509 0.055606 0.0516276 0.0483775 0.0460216 0.0446215 0.0441505 0.0444807 0.0454257 0.0467498 0.0482027 0.049562 0.0506494 
0 0.00789486 0.0154687 0.0224344 0.0284774 0.0333526 0.0368392 0.0387767 0.0391103 0.0378493 0.0351297 0.0311822 0.0263265 0.0209556 0.0154923 0.0103448 0.00587299 0.00236119 -3.4012e-05 -0.00123418 -0.00130587 -0.000404115 0.0012749 0.00345024 0.00591112 0.00842986 0.0108168 0.0129599 0.0147426 0.0161544 0.0172056 0.0179302 0.0183634 0.0185437 0.0185131 0.0183182 0.0180303 0.0176335 0.0171587 0.0166187 0.0160238 0.0154188 0.0147846 0.0141089 0.0134071 0.0127144 0.0120034 0.0112913 0.0105586 0.00981028 0.0090906 0.00836546 0.00762233 0.00687189 0.0061496 0.00542409 0.00469878 0.00396941 0.00325759 0.00255906 0.00186184 0.00117261 0.000489326 -0.000158979 -0.000804161 -0.00145189 -0.00208475 -0.00266502 -0.0032556 -0.0038452 -0.00440275 -0.00492722 -0.00545187 -0.00596452 -0.00644945 -0.00691113 -0.00735971 -0.00780175 -0.00820575 -0.00859576 -0.00897727 -0.00933889 -0.00965925 -0.00998772 -0.0102919 -0.0105654 -0.0108201 -0.0110787 -0.0112931 -0.0114942 -0.0116844 -0.0118561 -0.0119916 -0.0121278 -0.0122382 -0.0123258 -0.012394 -0.0124551 -0.012481 -0.0124961 -0.0124933 -0.0124706 -0.0124197 -0.0123658 -0.0122816 -0.0121775 -0.0120578 -0.0119268 -0.0117564 -0.0115823 -0.0113904 -0.0111712 -0.0109247 -0.0106847 -0.0104049 -0.0101028 -0.00979215 -0.00947013 -0.00910009 -0.00873137 -0.00834639 -0.00793133 -0.00748733 -0.0070472 -0.00657838 -0.00608008 -0.00556074 -0.00504024 -0.00450019 -0.00391566 -0.00331609 -0.00272495 -0.0021102 -0.00143967 -0.000777012 -0.000109125 0.000587279 0.00132098 0.00204691 0.00278984 0.00355511 0.00434816 0.00514183 0.00594364 0.00677211 0.00761813 0.00848758 0.00935436 0.0102388 0.0111572 0.0121143 0.0130603 0.0140416 0.0150718 0.0161317 0.0172328 0.0183624 0.0195421 0.0207899 0.0221082 0.0234594 0.024889 0.0264071 0.0280204 0.0297523 0.0315892 0.0335788 0.035763 0.0381872 0.0408665 0.043847 0.0471513 0.0507893 0.0547661 0.05897 0.0633013 0.0675808 0.0715886 0.07511 0.077871 0.079651 0.0802731 0.079645 0.0777863 0.0748278 0.070992 0.0665907 0.0619936 0.0575532 0.0536321 0.0504813 0.048273 0.0470952 0.0468759 0.0475191 0.0488034 0.0504768 0.0523068 0.0540144 0.055451 
0 0.00765925 0.0149934 0.0216614 0.0273812 0.0318682 0.0349073 0.0363538 0.036128 0.034273 0.0309233 0.0263265 0.0208273 0.0148357 0.00878277 0.00309938 -0.001849 -0.00578151 -0.00849019 -0.00992868 -0.0101235 -0.0092245 -0.00747744 -0.00510013 -0.00237248 0.000493039 0.00331192 0.00589745 0.00816703 0.0100657 0.0115981 0.0128023 0.0137073 0.0143276 0.0147194 0.0149438 0.0150241 0.0150189 0.0149046 0.0146966 0.0144526 0.0141611 0.0138287 0.0134503 0.0130274 0.0125778 0.0121371 0.0116565 0.0111324 0.0106082 0.0100665 0.00951564 0.00894376 0.00836168 0.0077677 0.00719118 0.00659302 0.00597144 0.00537206 0.00479193 0.00419904 0.00358855 0.00301346 0.00243864 0.00187018 0.00130815 0.000775729 0.000234219 -0.00029611 -0.000803983 -0.00128618 -0.00176757 -0.00224653 -0.00269635 -0.0031251 -0.00353864 -0.00395623 -0.00434208 -0.00471146 -0.00505854 -0.00541167 -0.00572781 -0.00603235 -0.00631756 -0.00660095 -0.00684484 -0.00708628 -0.00730716 -0.00751473 -0.00769192 -0.00786897 -0.00801779 -0.00815235 -0.00826612 -0.00837132 -0.0084471 -0.00851391 -0.00855914 -0.0085893 -0.00859629 -0.00859418 -0.00856537 -0.0085244 -0.00846325 -0.00838754 -0.00828558 -0.00817761 -0.00804323 -0.00789343 -0.00772323 -0.00754606 -0.00733414 -0.00711643 -0.00687846 -0.00662608 -0.00634031 -0.00605912 -0.00574781 -0.0054201 -0.00506648 -0.00471761 -0.00433245 -0.00393401 -0.00351163 -0.00308954 -0.00263749 -0.00217058 -0.00167805 -0.00117921 -0.000665517 -0.000133321 0.000424008 0.000998206 0.0015737 0.00217223 0.00278138 0.00341336 0.00405548 0.00472267 0.00537364 0.00604699 0.00674963 0.00746661 0.00816416 0.00888394 0.00963748 0.0103818 0.0111317 0.0119054 0.0127077 0.0135122 0.0143425 0.0151755 0.0160515 0.0169845 0.0179326 0.0189084 0.0199475 0.0210539 0.0222132 0.0234498 0.0247435 0.026146 0.0276814 0.0293235 0.031111 0.0330763 0.0352714 0.0377445 0.0405293 0.0436349 0.0471067 0.0509617 0.0551468 0.0596045 0.0641625 0.0686446 0.072851 0.0765102 0.0793908 0.081244 0.0818903 0.0812596 0.0793737 0.0763734 0.0725024 0.0680744 0.0634488 0.05902 0.0551171 0.0520333 0.0499502 0.0489165 0.048924 0.0498026 0.0513589 0.0533416 0.0554524 0.0574853 0.0592111 
0 0.00734645 0.0143404 0.0206519 0.0259599 0.0299952 0.032539 0.0334371 0.0326343 0.0301661 0.0261856 0.0209556 0.0148357 0.00824441 0.00163494 -0.00456607 -0.00999131 -0.0143197 -0.0173803 -0.0190631 -0.0194059 -0.0185808 -0.016761 -0.0142575 -0.0112841 -0.00807448 -0.0048722 -0.00180039 0.000959986 0.00337605 0.00543886 0.00715587 0.0085587 0.00966867 0.0105256 0.0111804 0.011712 0.0120943 0.012375 0.0125431 0.0126314 0.0126803 0.0126641 0.0125938 0.0124492 0.0122897 0.012076 0.0118281 0.0115331 0.0112007 0.0108543 0.0104889 0.0100825 0.00962864 0.00919985 0.00873347 0.0082633 0.00777961 0.00729207 0.00678823 0.00629777 0.00579745 0.0052968 0.00482175 0.00433488 0.00384916 0.00336149 0.0029201 0.00247374 0.0020271 0.00157295 0.00117378 0.000770945 0.000371988 -1.82525e-05 -0.00037787 -0.000734845 -0.00107453 -0.0014022 -0.00171808 -0.00201383 -0.00229971 -0.00256867 -0.00282713 -0.00306256 -0.00329547 -0.00349959 -0.00370003 -0.00387664 -0.00404803 -0.00418897 -0.00433165 -0.00444406 -0.00455222 -0.00463215 -0.00471195 -0.004759 -0.00480466 -0.00482119 -0.00483605 -0.00481838 -0.00480012 -0.00475246 -0.00470175 -0.00461884 -0.0045373 -0.00442464 -0.00430711 -0.00416158 -0.0040162 -0.00383658 -0.00365544 -0.00344876 -0.00323552 -0.00299341 -0.00275083 -0.00247937 -0.00220047 -0.00190112 -0.00159187 -0.00126004 -0.000917619 -0.000556138 -0.000185198 0.000198723 0.000616951 0.00103758 0.00145885 0.0019004 0.00239225 0.00286492 0.00334588 0.00383978 0.0043832 0.00491482 0.00545429 0.00599952 0.00658431 0.00715436 0.00773853 0.00835044 0.00895814 0.00956599 0.0101857 0.010824 0.0114609 0.012133 0.0127725 0.0134345 0.0141201 0.014828 0.0155296 0.0162594 0.0170257 0.0178156 0.018645 0.0194934 0.0204138 0.0213924 0.0224597 0.0235668 0.0247644 0.0260855 0.0275255 0.0291297 0.0308842 0.0328508 0.0350836 0.0376382 0.0405156 0.043777 0.0474243 0.0514657 0.0558966 0.0605478 0.065317 0.0699715 0.0742891 0.0780537 0.0809661 0.082826 0.0834429 0.0827471 0.0807878 0.0777091 0.0737596 0.0692588 0.0645801 0.0600952 0.0561742 0.0530917 0.0510391 0.0500946 0.050199 0.0512298 0.0529567 0.0551185 0.0574521 0.0596875 0.0616456 
0 0.00699106 0.0136206 0.0195308 0.0244103 0.0279731 0.030005 0.0303592 0.0289782 0.0259132 0.0213253 0.0154923 0.00878277 0.00163494 -0.00550675 -0.0122024 -0.0180796 -0.0228315 -0.0262425 -0.0282234 -0.0287787 -0.0280603 -0.0262688 -0.0236636 -0.0204997 -0.0170043 -0.0134211 -0.00992033 -0.00667365 -0.00374392 -0.00115354 0.00109149 0.00302736 0.00464316 0.00599074 0.00712247 0.00807894 0.00889172 0.00957463 0.0101248 0.0105911 0.0109838 0.011283 0.0115174 0.0116584 0.0117466 0.0117923 0.0117718 0.0116886 0.0115605 0.0113837 0.0111711 0.0109242 0.010633 0.0103311 0.00999585 0.00964108 0.00926202 0.0088741 0.00848637 0.0080952 0.00767909 0.00727164 0.00686824 0.00645377 0.00606283 0.00567401 0.00527419 0.00488271 0.00451972 0.00415308 0.00380049 0.00344422 0.00310762 0.00278695 0.00247494 0.00216004 0.00187469 0.00159219 0.00131832 0.00106499 0.000821716 0.000579114 0.000363361 0.000160567 -4.39425e-05 -0.000225391 -0.000388511 -0.000548422 -0.000696074 -0.000817382 -0.000936077 -0.00104019 -0.00112701 -0.00119698 -0.0012631 -0.00130544 -0.00133702 -0.00135357 -0.00136049 -0.00134351 -0.00132069 -0.00128028 -0.00122626 -0.00115254 -0.00107529 -0.000974314 -0.000860144 -0.000734856 -0.000598511 -0.00043501 -0.000269301 -9.04487e-05 0.000112194 0.000326689 0.00054255 0.000785764 0.00104378 0.00130194 0.00158342 0.00188138 0.00218169 0.00249964 0.00284301 0.0031797 0.00353568 0.00390965 0.0042997 0.00469287 0.00509975 0.00550971 0.00595864 0.00640698 0.00685165 0.00731395 0.00780061 0.00828265 0.00878725 0.00929585 0.00979827 0.0103217 0.0108579 0.0113994 0.0119425 0.0124938 0.0130515 0.0136255 0.0141899 0.0147837 0.0153895 0.0159999 0.0166253 0.0172658 0.0179358 0.0186546 0.019395 0.0201613 0.0210011 0.0218906 0.0228625 0.0239071 0.0250396 0.0263083 0.0277262 0.0293 0.0310657 0.0330685 0.0353678 0.03803 0.0410557 0.044491 0.0483385 0.0526 0.0572276 0.0620804 0.0670053 0.0717731 0.0761722 0.079947 0.0828395 0.0846276 0.0851346 0.0843136 0.0822116 0.0789961 0.074917 0.0702945 0.0654956 0.0609057 0.0568801 0.0537093 0.0515928 0.050592 0.0506827 0.0517106 0.0534636 0.0556871 0.0580884 0.0604392 0.0625207 
0 0.00666059 0.0129457 0.0184768 0.0229436 0.026051 0.0275906 0.0274244 0.0254972 0.0218772 0.0167294 0.0103448 0.00309938 -0.00456607 -0.0122024 -0.0193738 -0.0257016 -0.0308806 -0.0346791 -0.0369975 -0.0378277 -0.0372996 -0.0356129 -0.0330056 -0.0297372 -0.0260351 -0.0221453 -0.0182613 -0.0145598 -0.0111354 -0.00802677 -0.00526064 -0.00281022 -0.000688194 0.00115078 0.0027599 0.00416501 0.00540892 0.00649707 0.00743368 0.00826169 0.00898775 0.00960641 0.0101434 0.0105752 0.0109244 0.0112061 0.0113993 0.0115246 0.0115915 0.0115925 0.0115473 0.0114517 0.0113036 0.0111264 0.0109095 0.0106711 0.0104144 0.0101279 0.0098253 0.00951863 0.00919473 0.00887716 0.00855262 0.00821542 0.00789385 0.00757275 0.00724289 0.00693223 0.00663169 0.0063179 0.00602281 0.00573698 0.00545972 0.00518768 0.00492129 0.00466255 0.00443122 0.00418884 0.00395421 0.00374814 0.00354655 0.00333461 0.00315678 0.00298982 0.00281437 0.0026594 0.00252849 0.00239138 0.00226633 0.00216635 0.00206961 0.00197966 0.00191021 0.001853 0.00180005 0.0017654 0.0017438 0.00173163 0.00173073 0.00174816 0.00177302 0.00181043 0.00186336 0.00192961 0.00200119 0.00209255 0.00219789 0.00230708 0.00243141 0.00257866 0.00272554 0.00288143 0.00306711 0.0032551 0.00344245 0.00366011 0.00389229 0.00411138 0.00435927 0.00462798 0.00488969 0.00516047 0.0054631 0.00576208 0.00607282 0.00639454 0.00672828 0.00707476 0.00743432 0.00778882 0.0081702 0.00855946 0.00894601 0.00935479 0.00977849 0.0101922 0.0106227 0.0110693 0.0115164 0.0119792 0.0124411 0.0129082 0.0133911 0.0138801 0.0143759 0.0148875 0.0153953 0.0159228 0.0164662 0.0170171 0.0175961 0.0181941 0.0188122 0.0194762 0.0201647 0.0208921 0.0216934 0.022552 0.0234923 0.024519 0.0256406 0.0269057 0.0283376 0.0299452 0.0317802 0.0338791 0.0363046 0.039115 0.0423179 0.0459523 0.0500137 0.0544943 0.0593197 0.0643465 0.0693941 0.0742301 0.0786363 0.082353 0.0851386 0.0867729 0.0871 0.086081 0.0837766 0.080361 0.0760865 0.0712744 0.0662798 0.061495 0.0572687 0.0538994 0.0515942 0.0504111 0.0503405 0.0512202 0.0528465 0.0549701 0.057295 0.0596092 0.0616881 
0 0.0063881 0.0123824 0.0176005 0.0217148 0.0244338 0.0255482 0.0249251 0.0225157 0.0184019 0.0127542 0.00587299 -0.001849 -0.00999131 -0.0180796 -0.0257016 -0.0324824 -0.0380876 -0.0423234 -0.0450306 -0.0462104 -0.0459785 -0.0444761 -0.0419795 -0.0386983 -0.0348788 -0.0307856 -0.0265963 -0.0225228 -0.0186691 -0.0150958 -0.0118414 -0.00891328 -0.00629745 -0.00397726 -0.00191894 -6.10379e-05 0.00158692 0.0030755 0.0044064 0.00559365 0.00665705 0.00759445 0.0084235 0.00912713 0.00974717 0.0102492 0.0106638 0.0110043 0.0112559 0.011428 0.0115425 0.0115994 0.0115901 0.0115599 0.0114551 0.011328 0.0111848 0.0110071 0.0107905 0.0105759 0.0103533 0.0101084 0.00985899 0.00960046 0.0093621 0.00909753 0.00884049 0.00859351 0.0083579 0.00809656 0.00786239 0.0076322 0.00740828 0.00718321 0.00696275 0.00675653 0.00656672 0.00636656 0.00616711 0.00600781 0.00583687 0.00566328 0.00551201 0.00538439 0.00523114 0.00510877 0.00499728 0.0048918 0.00478138 0.00470708 0.00462364 0.00455691 0.004495 0.00445671 0.00441062 0.00439041 0.0043699 0.00437012 0.00436855 0.00439222 0.00441227 0.00445521 0.00449898 0.00456474 0.00462538 0.00471468 0.00480246 0.0049058 0.00501192 0.00514925 0.00527122 0.00541594 0.00557531 0.00574609 0.00590181 0.00610187 0.00630072 0.00649507 0.00670464 0.00694831 0.00717136 0.00740844 0.00766789 0.00793131 0.00819855 0.00847866 0.00876552 0.00906107 0.00937556 0.00967908 0.0100072 0.0103366 0.0106776 0.011019 0.0113866 0.0117427 0.0121195 0.0124936 0.0128893 0.0132955 0.0136926 0.0141036 0.0145441 0.014984 0.0154138 0.0158907 0.0163613 0.0168545 0.0173643 0.017895 0.0184431 0.0190328 0.0196462 0.0202887 0.0209903 0.0217297 0.0225387 0.0234096 0.024377 0.0254282 0.026608 0.0279391 0.0294321 0.0311491 0.0330998 0.0353494 0.0379555 0.0409631 0.0443882 0.0482661 0.05257 0.0572659 0.0622888 0.0674389 0.0725642 0.0774121 0.0817394 0.085335 0.0879178 0.0893146 0.0893818 0.0880779 0.0855022 0.0818119 0.0772721 0.0722004 0.0669434 0.0618817 0.0573682 0.0536932 0.0510638 0.0495622 0.0491568 0.0497249 0.0510561 0.0529053 0.0550164 0.0571438 0.0591079 
0 0.00621387 0.0120147 0.0170123 0.0208613 0.0232771 0.0240482 0.0230449 0.0202429 0.0157117 0.00965069 0.00236119 -0.00578151 -0.0143197 -0.0228315 -0.0308806 -0.0380876 -0.0441665 -0.0488411 -0.052012 -0.0536318 -0.053762 -0.0525995 -0.0503029 -0.0471396 -0.0433406 -0.0391328 -0.0347657 -0.0304064 -0.0262023 -0.0222362 -0.0185702 -0.0152011 -0.012156 -0.00940177 -0.00689485 -0.00465204 -0.00259322 -0.000729442 0.000965304 0.00251233 0.00390522 0.00514874 0.00626738 0.00727154 0.00812484 0.00888457 0.00952072 0.0100658 0.0105241 0.0108829 0.0111515 0.0113607 0.0115289 0.0116079 0.0116444 0.0116356 0.0116018 0.0115152 0.0114162 0.0112868 0.0111419 0.0109927 0.0108115 0.0106198 0.0104436 0.0102789 0.010062 0.0098627 0.00967894 0.00950847 0.00930431 0.00911582 0.00893842 0.00877595 0.00859135 0.00842394 0.00827385 0.008115 0.0079574 0.00782465 0.00769393 0.00754807 0.00743461 0.00732459 0.00721244 0.0071032 0.0070258 0.00693261 0.00685641 0.00678517 0.00673375 0.00667091 0.00663469 0.00659451 0.0065749 0.00654928 0.00654831 0.00654173 0.00655863 0.00656909 0.00660357 0.00663343 0.00668711 0.00673334 0.00680366 0.00687168 0.00696134 0.00704117 0.00715007 0.00725692 0.00737593 0.00749291 0.0076438 0.00777993 0.00792813 0.00809243 0.00827236 0.00843337 0.00862461 0.00882837 0.00902172 0.00922408 0.00945685 0.00968411 0.00989776 0.0101439 0.0104049 0.0106642 0.010899 0.0111739 0.0114688 0.0117605 0.0120165 0.0123261 0.0126471 0.0129582 0.0132653 0.0136104 0.0139527 0.0142954 0.0146605 0.0150365 0.0154336 0.015831 0.0162514 0.0166734 0.0171468 0.0176314 0.0181287 0.018649 0.0192247 0.0198245 0.0204524 0.0211465 0.0218723 0.0226783 0.0235465 0.0244889 0.0255221 0.0266882 0.0279748 0.0294213 0.0310741 0.0329298 0.0350831 0.0375473 0.0403823 0.0436367 0.0473286 0.0514609 0.056015 0.0609379 0.066095 0.0713626 0.0764929 0.0812731 0.0854754 0.0888232 0.0911398 0.0922052 0.0919176 0.0902748 0.0873416 0.0833199 0.0784494 0.0730413 0.0674438 0.0620199 0.0571151 0.0530264 0.0499586 0.0479951 0.0471327 0.0472352 0.0481226 0.0495637 0.0512962 0.0531206 0.0548383 
0 0.00614282 0.0118569 0.0167362 0.0204294 0.022647 0.0231768 0.0219058 0.0188012 0.0139626 0.00758388 -3.4012e-05 -0.00849019 -0.0173803 -0.0262425 -0.0346791 -0.0423234 -0.0488411 -0.0540267 -0.0576987 -0.0598251 -0.0604553 -0.0597004 -0.057764 -0.0548447 -0.0511862 -0.0470242 -0.0425902 -0.0380656 -0.0336197 -0.0293589 -0.0253432 -0.0216415 -0.0182149 -0.0150788 -0.0122111 -0.00957351 -0.00716893 -0.00495191 -0.00290233 -0.0010256 0.000675034 0.00223433 0.00364204 0.00492314 0.00607028 0.0070588 0.00792929 0.0086992 0.00936439 0.00991282 0.0103757 0.0107554 0.011065 0.0113026 0.0114656 0.0115787 0.0116696 0.0117162 0.0116924 0.0116511 0.0116081 0.0115351 0.0114284 0.0113237 0.0112087 0.0110717 0.0109311 0.0108055 0.0106724 0.0105182 0.0103671 0.0102377 0.0101102 0.0099656 0.00982221 0.00970085 0.00958657 0.00945791 0.00933426 0.00923252 0.0091309 0.00902111 0.00892687 0.00884517 0.00875811 0.00867655 0.00861082 0.00854716 0.00848479 0.00843417 0.00839251 0.00835287 0.0083208 0.00829836 0.00828298 0.00827233 0.00827009 0.00827655 0.0082905 0.00830941 0.00833742 0.00837455 0.00841818 0.00846675 0.00852616 0.00859443 0.00866662 0.00874524 0.00883753 0.00893502 0.00903376 0.00914545 0.00926975 0.00939096 0.00951879 0.00966623 0.00981542 0.00995915 0.0101211 0.0102991 0.0104697 0.0106406 0.0108322 0.011035 0.0112332 0.0114317 0.0116442 0.0118698 0.0120991 0.0123269 0.0125591 0.0128041 0.0130594 0.0133194 0.0135855 0.0138591 0.0141305 0.0144241 0.0147462 0.0150672 0.0153761 0.0157243 0.0161062 0.0164918 0.0168887 0.0173272 0.0177961 0.0182807 0.0187993 0.0193563 0.019967 0.0206251 0.0213234 0.0220591 0.0228869 0.0237921 0.0247651 0.0258382 0.0270144 0.0283232 0.0297884 0.0314227 0.0332515 0.035354 0.0377414 0.0404726 0.0435951 0.0471171 0.0510949 0.0554999 0.0602983 0.0654074 0.0706991 0.0759923 0.0810793 0.0857252 0.0896766 0.0927319 0.094657 0.095314 0.0946086 0.0925258 0.08919 0.0847556 0.0794898 0.0736862 0.0676763 0.0618203 0.0564473 0.0518547 0.0482407 0.0457142 0.0442588 0.0437788 0.0440984 0.0449958 0.0462571 0.0476562 0.0490472 
