0 0 0 0 0 0 0 0 0 0 0 0 0 0 0 0 0 0 0 0 0 0 0 0 0 0 0 0 0 0 0 0 0 0 0 0 0 0 0 0 0 0 0 0 0 0 0 0 0 0 0 0 0 0 0 0 0 0 0 0 0 0 0 0 0 0 0 0 0 0 0 0 0 0 0 0 0 0 0 0 0 0 0 0 0 0 0 0 0 0 0 0 0 0 0 0 0 0 0 0 0 0 0 0 0 0 0 0 0 0 0 0 0 0 0 0 0 0 0 0 0 0 0 0 0 0 0 0 0 0 0 0 0 0 0 0 0 0 0 0 0 0 0 0 0 0 0 0 0 0 0 0 0 0 0 0 0 0 0 0 0 0 0 0 0 0 0 0 0 0 0 0 0 0 0 0 0 0 0 0 0 0 0 0 0 0 0 0 0 0 0 0 0 0 0 0 0 0 0 0 
0 0.00118289 0.0023046 0.00330627 0.00415227 0.00480326 0.00525258 0.00549891 0.00554993 0.00544365 0.00520505 0.0048903 0.0045547 0.00423691 0.00399361 0.00383264 0.00376043 0.00378185 0.0038564 0.00398715 0.00413562 0.00426139 0.00436357 0.00438718 0.00435383 0.00426014 0.00409365 0.00388494 0.00360711 0.00328765 0.00293761 0.00256404 0.00217235 0.00176307 0.00133982 0.000906825 0.000487902 5.47507e-05 -0.000372369 -0.000800964 -0.00121754 -0.00161558 -0.00200424 -0.00238105 -0.00275641 -0.0030918 -0.00342676 -0.00374004 -0.00403537 -0.00431515 -0.00457145 -0.00480953 -0.00504468 -0.00526782 -0.00544681 -0.00563639 -0.00580403 -0.00596208 -0.00610439 -0.00624346 -0.00636426 -0.00647988 -0.00658252 -0.00667494 -0.00677222 -0.00685486 -0.00693531 -0.00699105 -0.00706001 -0.00712575 -0.00718677 -0.0072188 -0.00727304 -0.00731636 -0.00735393 -0.00738513 -0.00742067 -0.0074423 -0.00746952 -0.00749473 -0.0075102 -0.00752675 -0.0075414 -0.00755659 -0.0075639 -0.00757458 -0.00757777 -0.00759104 -0.00758906 -0.00759434 -0.00759654 -0.00760398 -0.00759402 -0.00760376 -0.00760192 -0.007601 -0.00759538 -0.00760671 -0.00759499 -0.00759696 -0.00759695 -0.00759965 -0.00758678 -0.00759686 -0.00759094 -0.00758822 -0.00758314 -0.00759046 -0.0075765 -0.00757787 -0.00757317 -0.00757062 -0.00755732 -0.00755761 -0.00754504 -0.00753785 -0.00752286 -0.00751231 -0.00749625 -0.00748057 -0.00745739 -0.00743798 -0.00741301 -0.00738104 -0.00735796 -0.00732134 -0.00727573 -0.00723569 -0.00720824 -0.0071436 -0.00708465 -0.00702883 -0.00697961 -0.00690019 -0.00682435 -0.00673973 -0.00666222 -0.00656098 -0.00645951 -0.00635385 -0.00622934 -0.00609717 -0.00595763 -0.00580887 -0.00564355 -0.00547784 -0.00526866 -0.00506713 -0.00485276 -0.00461543 -0.004354 -0.00408758 -0.00379691 -0.0034845 -0.00315817 -0.00280009 -0.0024434 -0.00205911 -0.00165733 -0.00122475 -0.000788561 -0.000338105 0.000132193 0.000609861 0.00111132 0.0016102 0.00211849 0.00263784 0.00317523 0.00371064 0.00425809 0.00480939 0.0053699 0.0059718 0.00657657 0.00721549 0.00787108 0.00853463 0.00922421 0.00988793 0.0105158 0.0110692 0.0115069 0.0118196 0.0119734 0.0119554 0.0117674 0.0114108 0.0109215 0.0103415 0.00971095 0.00908306 0.00848748 0.00795184 0.00749844 0.0071283 0.00684777 0.00664857 0.00651693 0.00645012 
0 0.0023046 0.00448927 0.00643887 0.00807493 0.00932787 0.0101806 0.0106264 0.010699 0.0104498 0.00995232 0.00931252 0.00861775 0.00799115 0.00748619 0.0071585 0.00702147 0.00703445 0.00720528 0.00745371 0.0077524 0.00803805 0.00823208 0.00832603 0.00827706 0.0081072 0.00781655 0.0074122 0.00689249 0.00629 0.00562769 0.00490972 0.00417946 0.00338081 0.00256653 0.00174976 0.000915912 0.00011023 -0.000711237 -0.00153271 -0.00231999 -0.00308378 -0.00384121 -0.00456214 -0.00526767 -0.00593282 -0.00654201 -0.00715085 -0.0077277 -0.00826315 -0.00875917 -0.00923022 -0.00967251 -0.0100825 -0.0104615 -0.0108156 -0.0111518 -0.0114662 -0.0117471 -0.0119887 -0.0122448 -0.0124884 -0.0126818 -0.0128704 -0.0130636 -0.0132202 -0.0133639 -0.0135205 -0.0136563 -0.0137681 -0.0138669 -0.0139769 -0.014088 -0.0141652 -0.0142242 -0.0143092 -0.0143865 -0.0144296 -0.0144792 -0.0145349 -0.0145758 -0.0146069 -0.0146419 -0.0146694 -0.014696 -0.0147117 -0.0147302 -0.0147486 -0.014759 -0.0147613 -0.014779 -0.0147838 -0.0147798 -0.0147876 -0.0147977 -0.0147856 -0.0147886 -0.0147975 -0.0147891 -0.0147809 -0.0147927 -0.0147851 -0.0147735 -0.0147784 -0.0147785 -0.0147602 -0.014761 -0.0147601 -0.0147444 -0.0147325 -0.0147321 -0.014713 -0.0146958 -0.0146825 -0.0146648 -0.0146369 -0.0146128 -0.0145834 -0.0145544 -0.0145102 -0.0144642 -0.0144271 -0.0143779 -0.014301 -0.0142399 -0.0141857 -0.0141012 -0.0140044 -0.0139132 -0.0138186 -0.0137134 -0.0135897 -0.0134501 -0.0133202 -0.0131701 -0.0130012 -0.012838 -0.012649 -0.012423 -0.0122102 -0.0119927 -0.0117268 -0.0114423 -0.011147 -0.0108324 -0.0104805 -0.0101057 -0.00971359 -0.0092884 -0.00882319 -0.00832524 -0.00779371 -0.00723872 -0.00666126 -0.00600935 -0.00533705 -0.00464213 -0.0038949 -0.00311805 -0.00230361 -0.00145226 -0.000590553 0.000303652 0.00125796 0.00220879 0.00319 0.00418 0.00517865 0.00622403 0.00727022 0.00833398 0.00941334 0.010531 0.0116893 0.0129 0.0141475 0.0154264 0.0167597 0.0180955 0.0194291 0.0206749 0.0217666 0.0226575 0.0232694 0.0235851 0.023555 0.0231835 0.0224879 0.0215295 0.0203921 0.0191607 0.0179387 0.0167724 0.0157424 0.014862 0.0141528 0.0136303 0.01325 0.0130275 0.0129125 
0 0.00330627 0.00643887 0.00922265 0.0115483 0.0133111 0.0144842 0.0150674 0.0150908 0.0146561 0.0138523 0.0128374 0.01177 0.0107783 0.0100067 0.00949586 0.00926539 0.00931174 0.00954943 0.00995299 0.0104243 0.0108569 0.0112105 0.0113707 0.0113596 0.0111733 0.0107927 0.0102714 0.00956899 0.0087428 0.0078271 0.00684353 0.00580921 0.00472119 0.00359521 0.00244755 0.00132148 0.000174568 -0.000966342 -0.00210764 -0.00321671 -0.0042824 -0.00532244 -0.00633283 -0.00732976 -0.00824029 -0.00913159 -0.00997728 -0.0107777 -0.0115339 -0.0122323 -0.0128863 -0.0135255 -0.0141291 -0.0146406 -0.0151582 -0.0156306 -0.0160757 -0.0164809 -0.0168691 -0.0172232 -0.0175601 -0.0178608 -0.0181393 -0.0184236 -0.0186736 -0.0189113 -0.0191029 -0.019312 -0.0195107 -0.019693 -0.0198219 -0.019987 -0.0201258 -0.0202475 -0.0203591 -0.0204738 -0.020556 -0.0206464 -0.020732 -0.0207955 -0.0208564 -0.0209126 -0.0209672 -0.0210054 -0.0210449 -0.0210711 -0.0211133 -0.0211251 -0.0211467 -0.0211653 -0.0211884 -0.0211782 -0.0212038 -0.0212087 -0.0212089 -0.0212035 -0.0212277 -0.021207 -0.021209 -0.0212113 -0.0212127 -0.0211853 -0.0212004 -0.0211858 -0.0211712 -0.021156 -0.0211609 -0.0211241 -0.0211136 -0.0210943 -0.021073 -0.0210316 -0.0210139 -0.0209716 -0.0209339 -0.0208823 -0.0208359 -0.0207775 -0.0207147 -0.0206369 -0.0205644 -0.0204774 -0.0203718 -0.0202814 -0.0201644 -0.0200233 -0.0198895 -0.0197751 -0.0195889 -0.0194066 -0.0192276 -0.0190535 -0.0188216 -0.018588 -0.0183349 -0.0180903 -0.0177957 -0.0174901 -0.0171749 -0.0168207 -0.0164395 -0.0160371 -0.0156123 -0.0151499 -0.0146709 -0.014104 -0.0135412 -0.0129447 -0.0122896 -0.011577 -0.0108412 -0.0100494 -0.00920338 -0.00830873 -0.00734404 -0.00636823 -0.00532499 -0.00422926 -0.00306149 -0.00187039 -0.000642026 0.00063876 0.0019558 0.00332588 0.00470468 0.00611092 0.007552 0.00904356 0.0105452 0.0120803 0.013639 0.0152419 0.0169482 0.0186959 0.0205342 0.0224321 0.0243737 0.0263741 0.0283227 0.0301622 0.0317867 0.0330874 0.0340147 0.0344853 0.0344582 0.0339352 0.0329319 0.0315479 0.0299035 0.0281236 0.0263545 0.0246866 0.023205 0.0219636 0.0209756 0.020251 0.0197641 0.0194835 0.0193787 
0 0.00415227 0.00807493 0.0115483 0.014418 0.0165623 0.0179363 0.0185395 0.0184314 0.017721 0.0165534 0.0151266 0.0136316 0.0122751 0.0111944 0.0104799 0.0101577 0.0101838 0.010519 0.0110584 0.0117112 0.0123554 0.0128716 0.0131941 0.0132776 0.0131335 0.0127615 0.0121806 0.011389 0.0104374 0.00936969 0.00820791 0.00699473 0.00569009 0.00434377 0.00298196 0.00161007 0.000254846 -0.00111342 -0.00247911 -0.00380273 -0.00508522 -0.00634694 -0.00756602 -0.00875432 -0.0098745 -0.0109285 -0.0119594 -0.0129425 -0.0138662 -0.0147257 -0.0155421 -0.0163198 -0.0170477 -0.0177163 -0.0183531 -0.0189571 -0.0195249 -0.0200438 -0.0205156 -0.0209867 -0.0214347 -0.0218245 -0.0221954 -0.0225655 -0.0228916 -0.0231953 -0.0234934 -0.0237734 -0.0240235 -0.0242495 -0.0244711 -0.0246957 -0.02488 -0.0250368 -0.0252109 -0.0253737 -0.0254966 -0.025619 -0.0257435 -0.0258461 -0.0259357 -0.0260221 -0.0261007 -0.0261698 -0.0262265 -0.02628 -0.0263344 -0.0263711 -0.0264011 -0.0264413 -0.0264683 -0.0264782 -0.026504 -0.0265251 -0.0265235 -0.026532 -0.0265498 -0.0265412 -0.0265352 -0.0265452 -0.0265358 -0.0265151 -0.0265156 -0.0265041 -0.0264739 -0.0264584 -0.0264437 -0.0264046 -0.0263721 -0.0263457 -0.0263001 -0.0262482 -0.0262033 -0.026146 -0.0260771 -0.0260053 -0.0259286 -0.0258433 -0.0257413 -0.0256312 -0.0255264 -0.0254006 -0.0252451 -0.0251011 -0.0249536 -0.0247666 -0.0245667 -0.0243709 -0.0241523 -0.0239155 -0.0236599 -0.0233861 -0.0230997 -0.0227888 -0.022454 -0.0221171 -0.0217374 -0.0213179 -0.0209008 -0.0204642 -0.0199687 -0.0194433 -0.0188953 -0.0183134 -0.0176823 -0.0170017 -0.0162945 -0.01554 -0.0147214 -0.0138441 -0.012921 -0.0119514 -0.0109296 -0.00981454 -0.00864824 -0.00744151 -0.00615884 -0.00481426 -0.00340082 -0.00193463 -0.000431716 0.00113285 0.00277885 0.00445529 0.00617392 0.00792264 0.00970983 0.0115692 0.013455 0.0153837 0.0173594 0.0194154 0.0215748 0.0238364 0.0261954 0.0286413 0.0311814 0.0337613 0.0363192 0.0387247 0.0408491 0.0425792 0.0437979 0.0444381 0.0444295 0.0437718 0.0425057 0.0407472 0.0386557 0.0364001 0.0341618 0.0320593 0.0302144 0.0286785 0.0274844 0.0266388 0.0260927 0.0258324 0.0257898 
0 0.00480326 0.00932787 0.0133111 0.0165623 0.0189367 0.0203748 0.0208845 0.020535 0.019465 0.0178563 0.0159454 0.013979 0.0121937 0.0107735 0.00982407 0.00937816 0.00939898 0.00981502 0.0105174 0.0113775 0.0122482 0.0129944 0.0135196 0.0137782 0.0137679 0.0134907 0.012962 0.0121908 0.0112232 0.010113 0.0088954 0.00759923 0.00621607 0.00477653 0.00331261 0.00184144 0.000370627 -0.00111213 -0.00259156 -0.00403502 -0.00543605 -0.00680734 -0.00814641 -0.00944909 -0.0106856 -0.0118642 -0.0130067 -0.0140994 -0.0151318 -0.0161002 -0.0170221 -0.0179091 -0.0187439 -0.0195139 -0.0202479 -0.0209486 -0.0216098 -0.0222253 -0.0228013 -0.0233589 -0.023887 -0.0243677 -0.0248254 -0.0252736 -0.0256874 -0.0260704 -0.0264325 -0.0267813 -0.0271099 -0.0274085 -0.0276868 -0.0279628 -0.0282111 -0.0284328 -0.0286529 -0.0288593 -0.0290354 -0.0292046 -0.0293681 -0.0295107 -0.0296389 -0.0297601 -0.0298721 -0.0299711 -0.0300572 -0.0301376 -0.0302148 -0.0302744 -0.030327 -0.0303827 -0.030426 -0.0304536 -0.0304901 -0.0305194 -0.0305308 -0.0305458 -0.0305651 -0.0305627 -0.0305601 -0.0305655 -0.0305554 -0.030534 -0.0305253 -0.0305051 -0.0304697 -0.0304408 -0.0304107 -0.0303596 -0.0303102 -0.0302619 -0.0301974 -0.0301233 -0.0300517 -0.0299676 -0.0298707 -0.0297667 -0.0296564 -0.0295342 -0.0293961 -0.0292472 -0.0290944 -0.0289216 -0.0287268 -0.0285319 -0.0283212 -0.0280789 -0.0278288 -0.0275735 -0.0272835 -0.0269724 -0.0266522 -0.0263139 -0.0259459 -0.025551 -0.0251376 -0.0247114 -0.0242454 -0.0237456 -0.0232332 -0.0226908 -0.0221004 -0.0214784 -0.0208295 -0.0201438 -0.0194065 -0.0186131 -0.0177887 -0.0169205 -0.0159853 -0.0149872 -0.0139397 -0.0128373 -0.0116698 -0.0104187 -0.00910578 -0.00774439 -0.00630891 -0.00479478 -0.00320436 -0.00155653 0.000142126 0.00191088 0.00375913 0.00566067 0.00760856 0.00960169 0.0116561 0.0137868 0.0159692 0.0182094 0.0205204 0.02294 0.0254973 0.0281921 0.031023 0.03398 0.0370525 0.0401897 0.0432947 0.0462237 0.0488211 0.050939 0.0524498 0.0532549 0.0532835 0.05253 0.0510487 0.0489803 0.0465137 0.04386 0.041228 0.0387767 0.0366407 0.0348904 0.0335657 0.0326637 0.0321375 0.0319501 0.0320353 
0 0.00525258 0.0101806 0.0144842 0.0179363 0.0203748 0.0217271 0.0220116 0.0213045 0.0197781 0.0176491 0.0151883 0.0127001 0.0104382 0.00863955 0.00741944 0.0068168 0.00681576 0.00729896 0.00817019 0.00925706 0.0103868 0.0114222 0.0122191 0.0127411 0.0129619 0.0128814 0.0125172 0.0118852 0.0110277 0.0100025 0.00886011 0.00760386 0.00627165 0.00486455 0.00341824 0.00197298 0.000501726 -0.000973742 -0.00244842 -0.00390197 -0.00532011 -0.00670368 -0.00807033 -0.00939859 -0.0106637 -0.0118934 -0.0130731 -0.0142116 -0.0152973 -0.0163264 -0.0173059 -0.0182555 -0.0191588 -0.0199969 -0.0208053 -0.0215787 -0.0223118 -0.0230005 -0.0236658 -0.0242928 -0.0248895 -0.0254557 -0.0259901 -0.0265026 -0.0269932 -0.0274541 -0.0278768 -0.0282913 -0.0286876 -0.0290569 -0.0293915 -0.02972 -0.0300288 -0.030316 -0.0305806 -0.0308331 -0.0310656 -0.0312828 -0.0314863 -0.0316724 -0.0318438 -0.032002 -0.0321513 -0.0322824 -0.032404 -0.0325137 -0.0326175 -0.0327029 -0.0327844 -0.0328553 -0.0329197 -0.0329682 -0.0330185 -0.0330553 -0.0330857 -0.0331068 -0.0331287 -0.0331333 -0.0331377 -0.0331341 -0.0331256 -0.0331031 -0.0330842 -0.0330516 -0.0330133 -0.0329663 -0.0329187 -0.0328531 -0.0327861 -0.032709 -0.0326249 -0.0325246 -0.0324228 -0.0323065 -0.0321802 -0.0320391 -0.0318922 -0.0317281 -0.0315513 -0.031361 -0.0311575 -0.0309342 -0.0306978 -0.0304504 -0.0301759 -0.0298808 -0.0295762 -0.0292603 -0.0289027 -0.0285255 -0.0281391 -0.0277378 -0.0272899 -0.0268226 -0.0263392 -0.0258296 -0.0252813 -0.0247122 -0.0241154 -0.0234796 -0.0228137 -0.0221101 -0.021375 -0.0206012 -0.0197861 -0.0189089 -0.0180011 -0.0170515 -0.0160365 -0.0149587 -0.0138356 -0.0126548 -0.0113982 -0.0100811 -0.00868647 -0.00723887 -0.00572397 -0.00412153 -0.0024399 -0.000703059 0.00110145 0.00298549 0.00493733 0.00697479 0.00905583 0.0111993 0.0134272 0.015731 0.0181182 0.0205839 0.0231515 0.0258567 0.0287414 0.0317949 0.0350312 0.0384381 0.0419791 0.0456213 0.0492172 0.0526251 0.0556605 0.0581371 0.0599269 0.0608904 0.0609662 0.0601417 0.0584865 0.0561643 0.0533889 0.0504103 0.047458 0.0447344 0.0423785 0.0404845 0.0390929 0.0381915 0.0377448 0.03768 0.0379453 
0 0.00549891 0.0106264 0.0150674 0.0185395 0.0208845 0.0220116 0.0219333 0.0207689 0.0186825 0.015958 0.012893 0.00981279 0.00705074 0.00481708 0.00328941 0.00251489 0.0024388 0.00300479 0.00402717 0.00534976 0.00679173 0.00813559 0.00929699 0.0101586 0.0106988 0.0109323 0.0108334 0.0104606 0.00984031 0.00903057 0.00807558 0.00700832 0.00583383 0.00458269 0.00329453 0.00195986 0.000626956 -0.000734188 -0.0020986 -0.00345072 -0.00478396 -0.006103 -0.00740459 -0.00866004 -0.00990486 -0.0110813 -0.01224 -0.0133692 -0.0144479 -0.0154839 -0.0164911 -0.017451 -0.0183621 -0.0192657 -0.0201026 -0.0209264 -0.0217105 -0.0224602 -0.0231615 -0.0238565 -0.0245181 -0.0251433 -0.0257435 -0.0263138 -0.0268619 -0.0273676 -0.0278824 -0.0283538 -0.0287942 -0.0292007 -0.0296268 -0.030003 -0.0303606 -0.0306898 -0.0310172 -0.0313162 -0.0316015 -0.031858 -0.0321053 -0.0323396 -0.0325504 -0.0327495 -0.0329312 -0.0331038 -0.0332547 -0.0334039 -0.0335248 -0.0336495 -0.0337505 -0.0338495 -0.0339239 -0.0340087 -0.0340605 -0.0341188 -0.0341568 -0.0341983 -0.034209 -0.0342356 -0.0342337 -0.0342343 -0.0342137 -0.0342042 -0.0341602 -0.0341277 -0.0340732 -0.0340201 -0.0339395 -0.033872 -0.0337733 -0.0336773 -0.0335601 -0.0334443 -0.0332995 -0.033159 -0.0329921 -0.0328208 -0.0326305 -0.0324298 -0.032205 -0.0319742 -0.0317256 -0.0314551 -0.0311686 -0.0308578 -0.0305443 -0.0302036 -0.0298356 -0.029432 -0.029049 -0.02862 -0.0281627 -0.0276705 -0.0271858 -0.0266532 -0.0261055 -0.0255196 -0.0249157 -0.0242681 -0.0235994 -0.0229148 -0.0221791 -0.0214072 -0.0206061 -0.0197779 -0.0188818 -0.0179825 -0.0170179 -0.0160093 -0.0149527 -0.0138456 -0.0126756 -0.0114685 -0.0101998 -0.00884381 -0.00744925 -0.00597102 -0.00443494 -0.00281693 -0.00113386 0.000628856 0.00245455 0.00435751 0.00636096 0.00842052 0.0105644 0.0127764 0.0150776 0.0174764 0.0199843 0.0225935 0.0253436 0.0282785 0.0313976 0.0347649 0.0383349 0.0421178 0.046096 0.0501521 0.054202 0.0580321 0.061444 0.0642615 0.0662807 0.0673931 0.0675113 0.0666202 0.0648259 0.0622879 0.0592559 0.0560095 0.0527962 0.04985 0.0473319 0.0453395 0.0439239 0.0430692 0.0427268 0.0428279 0.0433008 
0 0.00554993 0.010699 0.0150908 0.0184314 0.020535 0.0213045 0.0207689 0.0190378 0.016333 0.0129463 0.00921133 0.00551922 0.0021797 -0.00050832 -0.00238295 -0.00338697 -0.00351837 -0.0029257 -0.00173286 -0.000161059 0.00157617 0.00330505 0.0048454 0.0061236 0.00707676 0.00769789 0.00798282 0.00797702 0.00770114 0.00721229 0.00657463 0.00577217 0.00489516 0.00391803 0.00287467 0.00180698 0.000679251 -0.000463502 -0.00162026 -0.00279035 -0.00395997 -0.00510637 -0.00626505 -0.00739648 -0.00851114 -0.00962277 -0.0106912 -0.011741 -0.0127601 -0.0137608 -0.0147257 -0.0156719 -0.016591 -0.0174784 -0.0183335 -0.0191661 -0.0199653 -0.0207386 -0.0215106 -0.022225 -0.0229078 -0.0235863 -0.0242353 -0.0248412 -0.0254468 -0.0260198 -0.0265507 -0.0270642 -0.0275688 -0.0280544 -0.0284982 -0.0289093 -0.0293227 -0.0297276 -0.0300798 -0.0304156 -0.0307506 -0.0310611 -0.0313422 -0.0316144 -0.031867 -0.0321046 -0.0323233 -0.0325246 -0.0327152 -0.0328909 -0.0330426 -0.0331901 -0.0333265 -0.033436 -0.0335388 -0.0336401 -0.0337129 -0.0337734 -0.0338383 -0.03388 -0.0339006 -0.033928 -0.0339403 -0.0339251 -0.0339129 -0.0338952 -0.0338472 -0.0337946 -0.0337433 -0.0336644 -0.0335712 -0.0334819 -0.0333705 -0.0332381 -0.0331055 -0.0329579 -0.0327856 -0.0326076 -0.032416 -0.0322038 -0.0319761 -0.0317345 -0.0314763 -0.031204 -0.0309 -0.0305854 -0.0302668 -0.0299144 -0.0295239 -0.0291377 -0.0287352 -0.0282978 -0.0278297 -0.0273425 -0.0268436 -0.026325 -0.0257606 -0.0251741 -0.0245774 -0.023934 -0.0232748 -0.0226021 -0.02188 -0.0211149 -0.0203501 -0.0195438 -0.0187038 -0.0178317 -0.0169257 -0.015978 -0.014992 -0.0139742 -0.0129118 -0.0118063 -0.0106511 -0.0094471 -0.00817131 -0.0068673 -0.0054897 -0.00404731 -0.00255587 -0.000976071 0.00067229 0.00238568 0.00418202 0.0060605 0.00799749 0.0100481 0.0121624 0.0143715 0.0167012 0.0191182 0.0216831 0.0243787 0.02725 0.0303337 0.0336658 0.0372619 0.0411314 0.0452615 0.0495848 0.0540436 0.0584509 0.0626402 0.0663838 0.0694506 0.0716795 0.0728896 0.0730265 0.0720735 0.0701345 0.0674065 0.0641423 0.0606543 0.0572097 0.054072 0.0514062 0.0493394 0.0479153 0.0471104 0.0468941 0.0471569 0.047853 
0 0.00544365 0.0104498 0.0146561 0.017721 0.019465 0.0197781 0.0186825 0.016333 0.01294 0.00885354 0.0044349 8.30085e-05 -0.0038229 -0.0070108 -0.00926415 -0.0105122 -0.01078 -0.010161 -0.00885007 -0.00705192 -0.00498955 -0.00289223 -0.000905299 0.000833042 0.00225271 0.00334247 0.00407837 0.00451738 0.00468203 0.00461716 0.00437122 0.00396567 0.003448 0.00282889 0.00213645 0.00137417 0.000565752 -0.000277131 -0.00114648 -0.00204663 -0.00296879 -0.00390404 -0.00484955 -0.00577682 -0.0067331 -0.00767348 -0.00860557 -0.00953931 -0.0104588 -0.0113775 -0.0122875 -0.0131646 -0.0140226 -0.0148995 -0.0157336 -0.0165579 -0.0173564 -0.0181391 -0.0188989 -0.0196345 -0.0203455 -0.0210478 -0.021723 -0.0223566 -0.0229804 -0.0235738 -0.0241678 -0.02472 -0.0252394 -0.0257406 -0.0262496 -0.0267015 -0.0271436 -0.0275701 -0.0279699 -0.0283444 -0.0287169 -0.0290551 -0.0293719 -0.0296803 -0.0299667 -0.0302364 -0.0304825 -0.0307163 -0.0309351 -0.0311411 -0.0313112 -0.0314897 -0.0316458 -0.0317778 -0.0318939 -0.0320218 -0.0321012 -0.0321785 -0.0322522 -0.0323086 -0.0323255 -0.0323668 -0.0323765 -0.0323635 -0.0323435 -0.0323312 -0.0322665 -0.0322102 -0.0321454 -0.0320577 -0.0319398 -0.0318426 -0.0317065 -0.0315543 -0.0313946 -0.0312296 -0.0310233 -0.0308199 -0.0305964 -0.0303562 -0.0300932 -0.0298192 -0.0295229 -0.0292151 -0.0288794 -0.0285266 -0.0281634 -0.027764 -0.0273524 -0.0269317 -0.0264742 -0.0259743 -0.0254979 -0.0249832 -0.0244275 -0.0238441 -0.0232648 -0.0226471 -0.0220099 -0.0213274 -0.0206376 -0.0199203 -0.0191669 -0.0183943 -0.0176003 -0.016769 -0.015906 -0.0150201 -0.0140945 -0.0131715 -0.0121881 -0.0111667 -0.0101238 -0.00904793 -0.00791818 -0.00675941 -0.00554945 -0.0042921 -0.00299287 -0.00161037 -0.00018348 0.00130863 0.00286115 0.00449309 0.006205 0.00799792 0.00987437 0.0118402 0.0139068 0.0160759 0.0183643 0.020772 0.0233469 0.026092 0.0290555 0.0322728 0.0357579 0.0395686 0.0436815 0.0480903 0.0527387 0.057499 0.0622304 0.0667125 0.0707056 0.0739897 0.0763371 0.077602 0.0777067 0.0766424 0.0745459 0.0716045 0.0681063 0.064373 0.0606937 0.0573567 0.0545374 0.0523766 0.0509226 0.0501521 0.0500274 0.0504415 0.051338 
0 0.00520505 0.00995232 0.0138523 0.0165534 0.0178563 0.0176491 0.015958 0.0129463 0.00885354 0.00405045 -0.00106868 -0.00608074 -0.0105886 -0.0142899 -0.0169544 -0.0184914 -0.0189124 -0.0183216 -0.0169171 -0.0149221 -0.012577 -0.0101124 -0.00769902 -0.00548789 -0.00356936 -0.00197749 -0.000732668 0.000211266 0.000874022 0.00129253 0.00150977 0.00155158 0.00147491 0.00129036 0.00101372 0.000649616 0.000213562 -0.000271421 -0.000798184 -0.0013773 -0.0020017 -0.00265509 -0.00333409 -0.00402237 -0.00475959 -0.00551462 -0.00627373 -0.0070431 -0.00781988 -0.00861934 -0.00942382 -0.0102141 -0.0110039 -0.0118157 -0.012602 -0.0133798 -0.0141424 -0.0149057 -0.0156631 -0.0163863 -0.0170855 -0.0177876 -0.0184707 -0.019115 -0.0197534 -0.0203674 -0.0209676 -0.0215326 -0.0220797 -0.0226163 -0.0231371 -0.0236048 -0.0240736 -0.0245357 -0.0249566 -0.0253516 -0.0257481 -0.026118 -0.0264589 -0.0267891 -0.0271004 -0.0273961 -0.0276648 -0.0279199 -0.0281626 -0.0283881 -0.0285784 -0.0287751 -0.0289506 -0.0290959 -0.029229 -0.0293689 -0.0294616 -0.0295465 -0.0296316 -0.0296924 -0.0297162 -0.0297588 -0.0297726 -0.0297563 -0.0297368 -0.0297186 -0.0296501 -0.0295836 -0.0295126 -0.0294116 -0.0292825 -0.0291694 -0.02902 -0.0288476 -0.0286709 -0.0284852 -0.0282581 -0.0280302 -0.027786 -0.0275199 -0.0272294 -0.0269306 -0.0266105 -0.0262724 -0.0259045 -0.0255273 -0.0251396 -0.0247108 -0.0242608 -0.0238135 -0.0233361 -0.0228131 -0.0222943 -0.0217509 -0.0211761 -0.0205756 -0.0199662 -0.0193244 -0.0186625 -0.0179622 -0.0172608 -0.0165376 -0.0157695 -0.0149779 -0.0141834 -0.0133592 -0.0125023 -0.0116242 -0.0107191 -0.00980819 -0.00884898 -0.00786104 -0.00686173 -0.00583853 -0.00476452 -0.00365716 -0.00251046 -0.00133506 -0.000117672 0.00117351 0.00250768 0.00389972 0.00535182 0.00688454 0.00850131 0.0101947 0.0119655 0.0138376 0.015824 0.0179328 0.0201754 0.0225553 0.0251269 0.0279076 0.0309426 0.0342668 0.0379015 0.0418971 0.0462423 0.050913 0.0558327 0.0608627 0.0658375 0.070534 0.0747004 0.0780977 0.0804938 0.0817307 0.0817343 0.0805107 0.078201 0.0750119 0.071243 0.0672265 0.063276 0.0596939 0.0566754 0.0543701 0.0528309 0.052038 0.0519486 0.0524587 0.053507 
0 0.0048903 0.00931252 0.0128374 0.0151266 0.0159454 0.0151883 0.012893 0.00921133 0.0044349 -0.00106868 -0.00687328 -0.0125246 -0.0176384 -0.0218571 -0.024961 -0.0268363 -0.0274591 -0.0269715 -0.0255351 -0.0234038 -0.0208338 -0.0180323 -0.0152256 -0.0125537 -0.0101384 -0.00804269 -0.00627294 -0.00480382 -0.00361369 -0.0026769 -0.00195011 -0.00142364 -0.00101587 -0.000727808 -0.000557557 -0.000475797 -0.000500495 -0.000579251 -0.00071705 -0.000929568 -0.00121876 -0.00155267 -0.00193231 -0.00235532 -0.00282552 -0.00336328 -0.00391363 -0.00449145 -0.00510371 -0.00576277 -0.00643069 -0.0071051 -0.00780215 -0.0085126 -0.0092371 -0.00994827 -0.0106568 -0.0113669 -0.012096 -0.0127814 -0.013454 -0.0141387 -0.0148073 -0.0154375 -0.0160606 -0.016682 -0.0172702 -0.0178356 -0.0183817 -0.0189331 -0.0194435 -0.0199253 -0.0203984 -0.0208746 -0.0212989 -0.0217082 -0.0221118 -0.0224987 -0.0228506 -0.0231913 -0.0235179 -0.0238265 -0.0241096 -0.0243752 -0.024635 -0.0248677 -0.025077 -0.0252792 -0.0254702 -0.0256213 -0.0257712 -0.0259097 -0.026019 -0.0261047 -0.0261999 -0.0262574 -0.0262952 -0.0263293 -0.0263504 -0.0263289 -0.0263145 -0.0262826 -0.0262204 -0.0261411 -0.0260681 -0.0259529 -0.0258241 -0.025691 -0.0255378 -0.0253485 -0.0251639 -0.0249578 -0.0247235 -0.0244743 -0.0242195 -0.0239346 -0.0236294 -0.0233119 -0.0229793 -0.0226229 -0.0222377 -0.0218467 -0.0214409 -0.0210034 -0.0205343 -0.0200738 -0.0195812 -0.0190599 -0.0185164 -0.0179693 -0.0173858 -0.0167864 -0.0161593 -0.0155248 -0.0148591 -0.0141621 -0.0134584 -0.0127462 -0.0119884 -0.0112015 -0.0104298 -0.00962409 -0.00878643 -0.00792586 -0.0070683 -0.00617888 -0.00526434 -0.00432137 -0.00336752 -0.00239729 -0.00138976 -0.000343791 0.000733816 0.00181516 0.00296111 0.00415891 0.00540264 0.00669421 0.00804463 0.0094715 0.0109922 0.0125933 0.0142608 0.0160587 0.0179691 0.0200237 0.0222282 0.024585 0.0271634 0.029992 0.0331108 0.0365461 0.0403394 0.0445052 0.0490648 0.0539674 0.0591039 0.0643568 0.0695018 0.0743378 0.0785996 0.0820134 0.0843737 0.085489 0.0853046 0.0838472 0.0812483 0.0777491 0.0736463 0.0692849 0.0650009 0.0610998 0.0578044 0.0552691 0.053554 0.0526481 0.0525044 0.053027 0.0541517 
0 0.0045547 0.00861775 0.01177 0.0136316 0.013979 0.0127001 0.00981279 0.00551922 8.30085e-05 -0.00608074 -0.0125246 -0.0188188 -0.0244983 -0.029261 -0.0328303 -0.0350649 -0.0359848 -0.0356396 -0.0342678 -0.0320879 -0.0293479 -0.0263118 -0.0231545 -0.0200797 -0.0172124 -0.0146319 -0.0123547 -0.0103769 -0.0086596 -0.00719383 -0.00597417 -0.00491729 -0.00403243 -0.00325565 -0.00259622 -0.00207823 -0.00164642 -0.00130266 -0.00103411 -0.000860346 -0.000774174 -0.000786101 -0.000841468 -0.000962778 -0.00117903 -0.00144829 -0.00177726 -0.00214715 -0.00257683 -0.00305312 -0.0035835 -0.00411476 -0.00467255 -0.00528376 -0.00590656 -0.00652723 -0.00715856 -0.00781417 -0.00845005 -0.00909346 -0.00972802 -0.0103646 -0.0109883 -0.0116011 -0.0121855 -0.0127655 -0.0133503 -0.0139051 -0.0144272 -0.0149381 -0.0154559 -0.0159379 -0.0164002 -0.0168438 -0.0172815 -0.0176895 -0.0180895 -0.0184645 -0.0188247 -0.0191632 -0.0194941 -0.0198003 -0.0200873 -0.0203581 -0.0206187 -0.0208544 -0.0210696 -0.0212762 -0.0214642 -0.021627 -0.0217766 -0.0219168 -0.0220273 -0.0221238 -0.0222093 -0.0222742 -0.022313 -0.0223483 -0.0223606 -0.0223504 -0.0223269 -0.0222934 -0.0222282 -0.0221528 -0.0220643 -0.0219528 -0.0218185 -0.0216796 -0.0215163 -0.0213301 -0.0211327 -0.0209213 -0.0206825 -0.0204277 -0.0201626 -0.0198741 -0.0195651 -0.0192399 -0.018902 -0.0185365 -0.0181592 -0.0177624 -0.017347 -0.0169012 -0.0164586 -0.0159911 -0.0154908 -0.0149635 -0.0144538 -0.0139131 -0.0133291 -0.0127255 -0.0121354 -0.0115154 -0.0108562 -0.0101887 -0.00950933 -0.00880575 -0.00807641 -0.00734526 -0.00658399 -0.0058158 -0.00501578 -0.00419822 -0.00337039 -0.00254532 -0.0016733 -0.000771392 0.00012179 0.00104024 0.00199304 0.00297929 0.00397419 0.00501172 0.00607233 0.00720164 0.00838078 0.00958431 0.0108543 0.012211 0.0136554 0.0151751 0.0168014 0.0185179 0.0203991 0.02243 0.0246045 0.0269884 0.0295921 0.0324933 0.0357166 0.0392866 0.0432291 0.0475862 0.0523397 0.0574364 0.0627787 0.0681614 0.0734314 0.0783161 0.0825601 0.0859176 0.0881095 0.0890199 0.0885527 0.0867621 0.0838114 0.079912 0.075404 0.0706187 0.0659123 0.0616045 0.0579301 0.0550576 0.0530535 0.0519198 0.0516039 0.0520315 0.0531291 
0 0.00423691 0.00799115 0.0107783 0.0122751 0.0121937 0.0104382 0.00705074 0.0021797 -0.0038229 -0.0105886 -0.0176384 -0.0244983 -0.0307694 -0.0360527 -0.0401141 -0.0427847 -0.0440213 -0.0439429 -0.0427033 -0.0405639 -0.0377799 -0.0345704 -0.031178 -0.0277769 -0.0245218 -0.0215182 -0.0187844 -0.0163239 -0.0141229 -0.0121723 -0.0104507 -0.00892953 -0.00755283 -0.00629722 -0.00518109 -0.00418618 -0.00331815 -0.0025493 -0.00187048 -0.00130167 -0.000857051 -0.000499811 -0.000225399 -5.60473e-05 3.69456e-05 1.15033e-05 -7.79663e-05 -0.00021673 -0.000435332 -0.000728659 -0.00106249 -0.00144389 -0.00187751 -0.00233206 -0.00283769 -0.00334415 -0.00387203 -0.00442061 -0.00500001 -0.0055618 -0.00611757 -0.00668495 -0.00725567 -0.00780992 -0.0083517 -0.00891028 -0.00942497 -0.00992905 -0.0104332 -0.0109447 -0.0114013 -0.0118538 -0.0122934 -0.0127372 -0.013144 -0.0135338 -0.0139097 -0.0142845 -0.0146292 -0.0149549 -0.0152739 -0.0155725 -0.015854 -0.0161175 -0.0163711 -0.0165968 -0.0168183 -0.0170118 -0.0171979 -0.017357 -0.0175121 -0.0176341 -0.0177556 -0.0178457 -0.0179307 -0.0179852 -0.0180394 -0.0180578 -0.0180751 -0.018062 -0.0180449 -0.0179938 -0.017944 -0.0178601 -0.0177721 -0.0176543 -0.0175337 -0.0173789 -0.017223 -0.0170364 -0.0168429 -0.016622 -0.0163956 -0.0161379 -0.0158762 -0.0155892 -0.0152855 -0.0149642 -0.0146354 -0.0142759 -0.0138977 -0.0135169 -0.0131146 -0.0126894 -0.0122372 -0.0117862 -0.0113175 -0.0108334 -0.0103 -0.00978001 -0.00924434 -0.00868918 -0.00809555 -0.00751104 -0.00689027 -0.00625965 -0.0056191 -0.00496747 -0.00427877 -0.00356823 -0.00286754 -0.00214787 -0.0013986 -0.000626815 0.000133697 0.000942092 0.00175724 0.00259253 0.00344518 0.00431316 0.00520966 0.00615896 0.00712037 0.00808975 0.00912717 0.0101985 0.0113265 0.0124997 0.0137328 0.015052 0.0164691 0.0179649 0.0195508 0.0212753 0.0231466 0.0251938 0.0274157 0.0298422 0.0325292 0.0355342 0.0388832 0.0426005 0.0467241 0.0512528 0.0561982 0.0614747 0.0669363 0.0724291 0.0777087 0.0825521 0.0866977 0.0898487 0.091806 0.0923859 0.0915404 0.0893452 0.0859289 0.0815708 0.0765641 0.0712669 0.0660561 0.0612288 0.0570738 0.053742 0.0513223 0.0498351 0.0492171 0.0494294 0.0503867 
0 0.00399361 0.00748619 0.0100067 0.0111944 0.0107735 0.00863955 0.00481708 -0.00050832 -0.0070108 -0.0142899 -0.0218571 -0.029261 -0.0360527 -0.0418689 -0.0464366 -0.0495647 -0.0512284 -0.0514768 -0.0504955 -0.0485158 -0.0457756 -0.0425262 -0.0389827 -0.0353535 -0.0318067 -0.0284604 -0.0253444 -0.0224894 -0.0198659 -0.0174789 -0.0153325 -0.0133531 -0.0115505 -0.0098627 -0.00830797 -0.00689922 -0.0056002 -0.00441621 -0.00333468 -0.00237738 -0.00154756 -0.000849606 -0.000242731 0.00024411 0.000624012 0.000895398 0.00106855 0.00116751 0.00116261 0.00108883 0.000936603 0.000737467 0.000485892 0.000181604 -0.000181416 -0.000558764 -0.000972462 -0.00141743 -0.00185865 -0.00233052 -0.00281212 -0.00329809 -0.00378313 -0.00427732 -0.00474435 -0.00522617 -0.00570043 -0.00617146 -0.0066203 -0.00705334 -0.00748339 -0.00791971 -0.0083237 -0.00870398 -0.0090927 -0.00946283 -0.00981524 -0.0101516 -0.0104794 -0.0107852 -0.0110889 -0.0113618 -0.0116306 -0.0118813 -0.0121176 -0.0123289 -0.0125447 -0.0127251 -0.0128957 -0.0130545 -0.0132001 -0.0133101 -0.0134272 -0.0135191 -0.0135887 -0.0136431 -0.0136974 -0.013711 -0.0137193 -0.013716 -0.0136922 -0.0136381 -0.0135914 -0.0135138 -0.0134164 -0.0133072 -0.0131921 -0.0130367 -0.0128822 -0.0127098 -0.0125168 -0.0123001 -0.0120871 -0.0118379 -0.0115809 -0.0113075 -0.0110216 -0.010707 -0.0103919 -0.0100488 -0.00970053 -0.00932954 -0.00893935 -0.00853696 -0.00813686 -0.00769788 -0.00724026 -0.00678538 -0.00631667 -0.00582705 -0.00531299 -0.00478725 -0.00425593 -0.0037184 -0.0031399 -0.00256583 -0.00196773 -0.00135299 -0.000727236 -9.79873e-05 0.000570627 0.00124074 0.00193734 0.00265678 0.00337479 0.0041181 0.00489088 0.0056913 0.00650303 0.00734717 0.00821108 0.00912379 0.0100484 0.0110183 0.012035 0.0131034 0.014234 0.0154 0.0166401 0.0179721 0.0194039 0.020924 0.0225673 0.0243275 0.026267 0.0283848 0.0306777 0.0332206 0.0360239 0.0391756 0.0426904 0.0465826 0.0508824 0.0555915 0.0606889 0.0660857 0.0716333 0.0771251 0.0823579 0.0870618 0.0909858 0.0938571 0.0954361 0.0955993 0.0942793 0.09157 0.0876276 0.0827079 0.0771331 0.0712454 0.0654303 0.0600017 0.0552483 0.0513458 0.0483912 0.0464198 0.0453854 0.0452601 0.045973 
0 0.00383264 0.0071585 0.00949586 0.0104799 0.00982407 0.00741944 0.00328941 -0.00238295 -0.00926415 -0.0169544 -0.024961 -0.0328303 -0.0401141 -0.0464366 -0.0515179 -0.0551478 -0.0572804 -0.0579467 -0.0573134 -0.0556001 -0.0530327 -0.0498633 -0.046305 -0.0425756 -0.0388525 -0.0352651 -0.0318659 -0.028694 -0.0257388 -0.0230058 -0.0205013 -0.0181576 -0.0159828 -0.0139196 -0.0119811 -0.0101836 -0.00849382 -0.0069328 -0.00548185 -0.00416023 -0.00297066 -0.00191538 -0.000973442 -0.000167268 0.000517319 0.00107938 0.00152151 0.00187745 0.00211862 0.00228245 0.00235417 0.00234827 0.00227641 0.0021477 0.0019584 0.0017346 0.00146517 0.0011524 0.000830357 0.000465156 9.07452e-05 -0.000289574 -0.000681995 -0.0010953 -0.00149847 -0.00191212 -0.0023096 -0.00270942 -0.00311682 -0.00350527 -0.00388132 -0.00426295 -0.00462753 -0.00497169 -0.00532543 -0.00565597 -0.0059724 -0.00627837 -0.00657834 -0.00685713 -0.00713144 -0.00737791 -0.00762569 -0.00785816 -0.00806769 -0.00826146 -0.00846342 -0.00862659 -0.00877679 -0.00892921 -0.00906086 -0.00915652 -0.00926498 -0.0093535 -0.00940826 -0.00945899 -0.00951088 -0.00951879 -0.00951975 -0.00952212 -0.00949404 -0.00943812 -0.00939524 -0.0093237 -0.00922245 -0.00912258 -0.00901539 -0.00886417 -0.00871533 -0.00855999 -0.00837311 -0.0081665 -0.00796995 -0.00773827 -0.00749097 -0.00723734 -0.00697198 -0.00667754 -0.00638267 -0.00606349 -0.00573826 -0.0053953 -0.00503697 -0.00466268 -0.00428759 -0.00388056 -0.00347181 -0.0030562 -0.00261164 -0.00215512 -0.00170412 -0.0012301 -0.000736231 -0.000238523 0.00028265 0.000800464 0.00133959 0.00189929 0.00247183 0.00305015 0.00366632 0.00427902 0.00491778 0.00558274 0.00626456 0.00697541 0.00771156 0.00846921 0.00925556 0.0100816 0.0109342 0.0118454 0.0127781 0.0137654 0.014803 0.0158975 0.0170637 0.0182904 0.0195985 0.0210049 0.0225141 0.0241175 0.0258566 0.0277207 0.029773 0.0320129 0.0344458 0.0371387 0.0401052 0.0434252 0.0471143 0.0511888 0.0556659 0.0605408 0.0657689 0.0712468 0.0768086 0.0822337 0.0873127 0.0917716 0.0953659 0.097829 0.0989359 0.0985724 0.096689 0.0933908 0.088836 0.08329 0.0770697 0.0705195 0.0640287 0.0579151 0.0524824 0.0479156 0.0443288 0.0417734 0.0402185 0.0396575 0.0400315 
0 0.00376043 0.00702147 0.00926539 0.0101577 0.00937816 0.0068168 0.00251489 -0.00338697 -0.0105122 -0.0184914 -0.0268363 -0.0350649 -0.0427847 -0.0495647 -0.0551478 -0.0593127 -0.0619538 -0.0631347 -0.0629473 -0.0616124 -0.059346 -0.0563687 -0.0529227 -0.0492128 -0.0454336 -0.0417198 -0.0381579 -0.034774 -0.0315945 -0.0286208 -0.0258323 -0.0232249 -0.0207491 -0.0183942 -0.0161598 -0.0140335 -0.0120172 -0.0101179 -0.0083302 -0.00665986 -0.00513764 -0.00372949 -0.00246492 -0.00134617 -0.000337103 0.000527255 0.00126557 0.00189034 0.00239607 0.00279458 0.00311337 0.00332223 0.00344975 0.00352221 0.00351802 0.00345507 0.00333406 0.00318416 0.00299109 0.0027605 0.00249887 0.00222823 0.00192967 0.00162136 0.00130038 0.000962545 0.000641997 0.000311339 -3.40753e-05 -0.000367993 -0.000678021 -0.00101252 -0.00132708 -0.00163152 -0.00192939 -0.00222591 -0.00249979 -0.00277319 -0.00303029 -0.00328361 -0.00352075 -0.00374035 -0.00395834 -0.00416898 -0.00434851 -0.00452235 -0.00470382 -0.00484713 -0.0049771 -0.0051157 -0.00523251 -0.00531242 -0.00541066 -0.00548892 -0.00553406 -0.00557594 -0.00562461 -0.00562506 -0.00562361 -0.0056239 -0.00559644 -0.00553844 -0.00550077 -0.0054317 -0.00533502 -0.00524136 -0.00514429 -0.00499987 -0.00486173 -0.00472095 -0.00454643 -0.00435387 -0.00417476 -0.00396409 -0.00373173 -0.0035031 -0.00325953 -0.00299141 -0.00271763 -0.00243574 -0.00213337 -0.00182328 -0.00149557 -0.00116843 -0.000818677 -0.000452633 -8.3567e-05 0.000278704 0.000690336 0.00109862 0.00149851 0.00191982 0.00237341 0.00281496 0.00327141 0.00374524 0.00423377 0.00473925 0.00525048 0.00578614 0.006342 0.00692199 0.00751731 0.00814326 0.00878931 0.00948486 0.0101954 0.0109354 0.0117361 0.0125674 0.0134364 0.0143649 0.0153433 0.0163725 0.0174879 0.0186526 0.0198985 0.0212373 0.0226526 0.0241784 0.0258141 0.0275649 0.0294456 0.0314837 0.0336856 0.0360839 0.0387013 0.0415607 0.0447282 0.0482341 0.0521103 0.0563696 0.0610126 0.0660154 0.0713231 0.0768158 0.0822988 0.0875826 0.0924001 0.0965168 0.0996827 0.101618 0.102169 0.101177 0.0986486 0.0946941 0.0894549 0.0832379 0.0763169 0.0690587 0.0618461 0.0549877 0.0488188 0.0435172 0.039227 0.0360182 0.0338724 0.0328144 0.0327914 
0 0.00378185 0.00703445 0.00931174 0.0101838 0.00939898 0.00681576 0.0024388 -0.00351837 -0.01078 -0.0189124 -0.0274591 -0.0359848 -0.0440213 -0.0512284 -0.0572804 -0.0619538 -0.0651651 -0.0668846 -0.0672376 -0.066383 -0.0645159 -0.0618705 -0.0586595 -0.0551005 -0.0513915 -0.0476791 -0.0440471 -0.0405787 -0.0372732 -0.034147 -0.0312096 -0.028397 -0.0257332 -0.0231751 -0.0207074 -0.0183459 -0.0160677 -0.0138893 -0.0118214 -0.00986855 -0.00801557 -0.0063073 -0.00472775 -0.00328274 -0.00198139 -0.000795987 0.000248978 0.00115462 0.0019285 0.00261424 0.00317001 0.00361832 0.00398212 0.00425632 0.00445665 0.00458276 0.00463559 0.00462863 0.00461108 0.00451713 0.00437537 0.00421751 0.00404608 0.00382552 0.0035911 0.00336072 0.00311246 0.00283811 0.00256021 0.00231928 0.00205245 0.00176807 0.00149776 0.00126638 0.0010065 0.000753298 0.000511147 0.000294937 6.91855e-05 -0.000147974 -0.000354266 -0.000535384 -0.000726279 -0.000906743 -0.00105952 -0.00120915 -0.00136393 -0.00148829 -0.00159589 -0.0017182 -0.00181326 -0.00188509 -0.00196261 -0.00203378 -0.00206451 -0.00210407 -0.00213655 -0.00214053 -0.0021292 -0.0021321 -0.00209749 -0.00204999 -0.00200608 -0.00194759 -0.00185264 -0.0017723 -0.00167682 -0.00155093 -0.0014204 -0.00129675 -0.00113507 -0.000964 -0.000800607 -0.000612908 -0.000401538 -0.000196543 1.67184e-05 0.000261543 0.000507665 0.000758753 0.00101662 0.00130553 0.00159629 0.00188943 0.00217987 0.00251759 0.00284956 0.00317762 0.003512 0.00388593 0.00425151 0.00462618 0.0050098 0.00541676 0.00582623 0.00624092 0.00669188 0.00715943 0.00762092 0.00809922 0.00864356 0.00918525 0.00974833 0.0103508 0.0109994 0.0116693 0.012389 0.0131503 0.0139607 0.0148405 0.0157593 0.0167377 0.0177898 0.0189352 0.0201349 0.0214278 0.0228139 0.0242903 0.0258828 0.0275767 0.0293831 0.0313195 0.0334035 0.0356176 0.0380184 0.0406034 0.0433992 0.0464723 0.0498188 0.0535097 0.0575608 0.0619715 0.0667449 0.0718366 0.0771604 0.0825874 0.0879314 0.0929484 0.0974263 0.10109 0.103699 0.105042 0.104906 0.103234 0.100002 0.0953183 0.0893907 0.0824406 0.0748112 0.0668297 0.0588603 0.0512673 0.0443217 0.0382728 0.0332549 0.0293452 0.0265927 0.024984 0.0245356 
0 0.0038564 0.00720528 0.00954943 0.010519 0.00981502 0.00729896 0.00300479 -0.0029257 -0.010161 -0.0183216 -0.0269715 -0.0356396 -0.0439429 -0.0514768 -0.0579467 -0.0631347 -0.0668846 -0.0692065 -0.0701402 -0.0698319 -0.0684689 -0.0662412 -0.063378 -0.0600892 -0.0565655 -0.0529544 -0.0493885 -0.0459126 -0.0425946 -0.0394382 -0.0364116 -0.0335419 -0.0307643 -0.0280967 -0.0255099 -0.0229818 -0.0205263 -0.0181516 -0.0158739 -0.0136748 -0.0115855 -0.00957965 -0.00771531 -0.00598436 -0.00437002 -0.00288556 -0.00154176 -0.000346155 0.000734728 0.00168024 0.00253145 0.00323618 0.00382576 0.0043329 0.00476372 0.00508649 0.00532848 0.00552421 0.00563959 0.00570178 0.00570573 0.00568796 0.00562084 0.00553038 0.00538639 0.0052334 0.00507534 0.00490799 0.00470264 0.00449182 0.00429707 0.00409385 0.00388536 0.00367205 0.00347419 0.00326747 0.00308 0.00288709 0.00270861 0.00252054 0.00236244 0.00220056 0.00204844 0.00189315 0.00177259 0.00164098 0.00152017 0.00141155 0.00132508 0.00122382 0.00114877 0.00108536 0.00102672 0.000970238 0.000944832 0.000914823 0.000894642 0.000892434 0.000904615 0.000910296 0.000943303 0.00098526 0.00103051 0.0010863 0.00116918 0.00124334 0.00133422 0.00144251 0.00156116 0.00167283 0.00181839 0.00196522 0.00211822 0.00227783 0.002469 0.00264671 0.00284323 0.00304681 0.00327205 0.00348554 0.00372683 0.00396628 0.00421972 0.00447049 0.00475544 0.00503016 0.00530335 0.00559142 0.00591933 0.00623262 0.00653075 0.00686123 0.00722305 0.00758527 0.00793638 0.00832707 0.00872907 0.00915642 0.009593 0.0100727 0.0105646 0.0111023 0.0116558 0.012252 0.0129117 0.0136207 0.0143562 0.0151458 0.016032 0.0169654 0.0179778 0.019058 0.0202393 0.0215045 0.0228697 0.0243158 0.0258719 0.0275639 0.0293502 0.0312544 0.0332684 0.0354212 0.0377032 0.0401464 0.0427329 0.0455082 0.0485169 0.0517515 0.0552928 0.0591332 0.0633151 0.0678483 0.0726945 0.0778033 0.0830711 0.0883459 0.0934259 0.0981035 0.102104 0.105214 0.10719 0.107811 0.106961 0.104525 0.100554 0.0951477 0.0884851 0.0808478 0.0725051 0.0638199 0.0551408 0.0468017 0.0391244 0.032324 0.0265788 0.0219895 0.0186029 0.0164649 0.0155777 
