0 0 0 0 0 0 0 0 0 0 0 0 0 0 0 0 0 0 0 0 0 0 0 0 0 0 0 0 0 0 0 0 0 0 0 0 0 0 0 0 0 0 0 0 0 0 0 0 0 0 0 0 0 0 0 0 0 0 0 0 0 0 0 0 0 0 0 0 0 0 0 0 0 0 0 0 0 0 0 0 0 0 0 0 0 0 0 0 0 0 0 0 0 0 0 0 0 0 0 0 0 0 0 0 0 0 0 0 0 0 0 0 0 0 0 0 0 0 0 0 0 0 0 0 0 0 0 0 0 0 0 0 0 0 0 0 0 0 0 0 0 0 0 0 0 0 0 0 0 0 0 0 0 0 0 0 0 0 0 0 0 0 0 0 0 0 0 0 0 0 0 0 0 0 0 0 0 0 0 0 0 0 0 0 0 0 0 0 0 0 0 0 0 0 0 0 0 0 0 0 
0 0.00077913 0.00156061 0.0023469 0.00314244 0.00393096 0.0047094 0.00545197 0.0061302 0.00672721 0.00719928 0.0075392 0.00772913 0.00775773 0.00765072 0.00740541 0.00706163 0.00666243 0.00623873 0.00586504 0.00557351 0.0053957 0.00536471 0.00545489 0.00567203 0.00599566 0.00638443 0.00682916 0.00727395 0.00769559 0.00807839 0.00840885 0.00869275 0.00892141 0.00910016 0.00921525 0.00929657 0.00934451 0.00936143 0.00935933 0.00932005 0.00925831 0.00918168 0.00909344 0.00896898 0.00884178 0.00869293 0.00853137 0.00837668 0.00818728 0.00798775 0.0077885 0.00759186 0.00737388 0.00716459 0.00693936 0.00671641 0.00649705 0.00627091 0.00604825 0.00582409 0.00561334 0.00538656 0.00516476 0.00494961 0.00476198 0.00454275 0.0043286 0.00413559 0.00395446 0.0037564 0.00356553 0.00338792 0.00321558 0.00304784 0.00287256 0.0027184 0.00256572 0.00241667 0.00226387 0.00214075 0.00200181 0.00187559 0.00175559 0.00165258 0.00153302 0.00143996 0.0013459 0.0012615 0.00117384 0.00110967 0.00103816 0.000981296 0.000925785 0.000885949 0.000842387 0.000815603 0.000788566 0.000775586 0.000762184 0.00076432 0.000765537 0.000781309 0.000797638 0.000828695 0.000857291 0.000903364 0.000948903 0.00100669 0.00106352 0.00114183 0.00121141 0.00129617 0.00138532 0.00148985 0.00158025 0.00169903 0.00181549 0.00193792 0.00205826 0.00220865 0.00234134 0.00248718 0.00264077 0.00280904 0.00296409 0.00313388 0.00330907 0.00349878 0.00368302 0.00386021 0.00405979 0.00427404 0.00447683 0.00466719 0.0048919 0.00511194 0.00533473 0.00554871 0.00578407 0.00601165 0.00624164 0.00646897 0.00671502 0.00694971 0.00717343 0.00740943 0.00763391 0.00786681 0.00809394 0.00830804 0.00850375 0.00871997 0.0089108 0.00909016 0.00926632 0.00942323 0.00957686 0.00971249 0.00983047 0.00992836 0.0100323 0.0101189 0.0101958 0.0102632 0.0103237 0.0103979 0.0104843 0.0105888 0.0106957 0.0108244 0.0109532 0.0110722 0.0111656 0.0111747 0.0110945 0.0108875 0.0105299 0.0100284 0.00935998 0.00854676 0.00762547 0.00662598 0.00561851 0.00464837 0.00375272 0.00297987 0.00233536 0.00183694 0.00148818 0.00126536 0.00116143 0.00114122 0.00117213 0.00123352 0.00128825 0.00132203 0.00132166 0.00126783 0.00116595 
0 0.00156061 0.00313484 0.00470848 0.00630289 0.00787898 0.00942928 0.010909 0.0122612 0.013447 0.01439 0.0150716 0.0154411 0.015508 0.0152811 0.0147817 0.0141 0.0132694 0.0124328 0.0116671 0.01106 0.0107144 0.0106023 0.010776 0.0111828 0.0117842 0.012556 0.0134061 0.0142786 0.0151078 0.0158558 0.0164888 0.0170459 0.0174761 0.0178007 0.0180445 0.0181703 0.0182701 0.0183005 0.0182672 0.0181848 0.0180538 0.017892 0.017709 0.0174922 0.0172135 0.0169277 0.0166123 0.0162847 0.015923 0.0155473 0.0151601 0.0147566 0.0143551 0.013917 0.0134796 0.0130632 0.0126467 0.0121861 0.0117522 0.0113261 0.0108941 0.0104745 0.0100573 0.0096369 0.009226 0.00883147 0.00843791 0.00806261 0.00767558 0.00730621 0.0069531 0.00660982 0.00626415 0.00593711 0.00561206 0.00530869 0.00501746 0.00471987 0.00443875 0.00418855 0.00393268 0.00367676 0.00345817 0.00324543 0.00302963 0.00283622 0.00266721 0.00249213 0.00233606 0.00219919 0.00207332 0.00195262 0.00185635 0.00176857 0.00169541 0.00163354 0.00159119 0.0015566 0.00154061 0.00153501 0.00154712 0.00156821 0.00160946 0.00165941 0.0017253 0.00180381 0.00190219 0.00200316 0.00212481 0.0022634 0.00241031 0.00256219 0.00274674 0.0029349 0.00312408 0.00333925 0.00357732 0.00380185 0.00404678 0.00432162 0.00459244 0.0048672 0.00516952 0.00547919 0.00579068 0.00612592 0.00646198 0.00680826 0.00716687 0.0075433 0.00792061 0.00830795 0.0086895 0.00910794 0.00953289 0.00994442 0.0103626 0.0108054 0.0112452 0.0116992 0.0121584 0.012589 0.0130476 0.0135182 0.0139758 0.0144136 0.0148735 0.0153174 0.0157506 0.0161647 0.0165784 0.0169865 0.0173667 0.0177347 0.0180543 0.0183755 0.0186856 0.0189633 0.0191977 0.0194246 0.0196173 0.0197979 0.0199785 0.0201039 0.020265 0.0204318 0.020622 0.02085 0.0210874 0.0213479 0.021627 0.0218932 0.0220749 0.0221426 0.0219851 0.0215887 0.0209113 0.0199014 0.0186066 0.0169998 0.0151809 0.0132256 0.0112315 0.00932148 0.00755409 0.00602358 0.00474618 0.00376674 0.0030721 0.00263924 0.00244685 0.00240373 0.00248981 0.00260999 0.00272471 0.00280666 0.00278915 0.00270079 0.00248956 
0 0.0023469 0.00470848 0.00707844 0.00946736 0.0118361 0.0141623 0.0163785 0.0184004 0.020168 0.02157 0.0225686 0.0231159 0.0231875 0.0228373 0.022081 0.0210263 0.0197922 0.0184962 0.0173267 0.0163949 0.0158013 0.0156157 0.0158035 0.0163579 0.01722 0.0182934 0.0195164 0.0207561 0.021934 0.0229984 0.0239155 0.0246935 0.0253121 0.0257807 0.0260829 0.0262733 0.0263741 0.0263885 0.0263378 0.0261958 0.0259894 0.0257423 0.0254597 0.0250972 0.0247088 0.0242734 0.0238076 0.0233447 0.0228103 0.0222479 0.0216834 0.0211199 0.0205179 0.0199209 0.0192964 0.01868 0.0180692 0.017441 0.0168226 0.0162066 0.0156142 0.0149971 0.0143884 0.0137978 0.0132594 0.0126696 0.0120892 0.0115544 0.0110435 0.0105075 0.00998828 0.00949835 0.0090233 0.00856023 0.00808848 0.00766104 0.00724365 0.0068327 0.00642397 0.00607525 0.00570321 0.00535545 0.00503114 0.00474042 0.00442566 0.00416369 0.0039103 0.00367607 0.00344455 0.00326072 0.00307208 0.00291337 0.0027662 0.00265205 0.00253969 0.00246197 0.00239241 0.0023534 0.00232204 0.00232313 0.00233142 0.00237115 0.00242006 0.00250015 0.00258473 0.00270576 0.00283415 0.00298867 0.00315096 0.00335672 0.00355416 0.00378302 0.00403077 0.00430867 0.00456808 0.00488491 0.00520719 0.00553986 0.0058786 0.006278 0.00665096 0.00704933 0.00747294 0.00792624 0.00836016 0.00882632 0.00930981 0.00982253 0.0103295 0.0108307 0.0113779 0.0119558 0.0125131 0.013058 0.0136692 0.0142749 0.0148854 0.015489 0.0161323 0.0167672 0.0174066 0.0180418 0.0187152 0.0193726 0.0200076 0.0206605 0.0212998 0.0219522 0.0225908 0.0231986 0.0237749 0.0243837 0.0249422 0.0254713 0.0259831 0.0264576 0.0269198 0.0273387 0.0277098 0.0280404 0.0283726 0.028671 0.0289476 0.0291989 0.0294477 0.0297345 0.0300631 0.0304433 0.0308462 0.0313006 0.031764 0.0321974 0.0325371 0.0326487 0.032477 0.0319322 0.0309483 0.0295194 0.0276109 0.0252721 0.0226088 0.0197254 0.0168068 0.013994 0.0114035 0.00916107 0.00730021 0.00586914 0.00486911 0.00424832 0.00396971 0.00393486 0.00405659 0.00425563 0.00444017 0.00455869 0.00456622 0.00442679 0.00413165 
0 0.00314244 0.00630289 0.00946736 0.0126502 0.0158044 0.0188883 0.0218207 0.0244964 0.0268208 0.0286696 0.0299782 0.0306768 0.0307595 0.030256 0.0292201 0.0277913 0.026095 0.0243453 0.0227317 0.0214241 0.0205778 0.0202216 0.0203872 0.0210204 0.022047 0.0233835 0.024895 0.0264511 0.0279355 0.029272 0.0304126 0.0313785 0.0321283 0.0326772 0.0330469 0.033239 0.0333377 0.0333235 0.0332049 0.0329899 0.0326944 0.0323465 0.0319548 0.0314988 0.0309687 0.0304054 0.0298054 0.0291856 0.0285122 0.0278119 0.0270986 0.0263705 0.0256301 0.0248569 0.0240783 0.0233215 0.0225664 0.0217723 0.021 0.0202414 0.0194888 0.0187418 0.0180007 0.0172688 0.0165603 0.0158576 0.0151634 0.0145007 0.0138396 0.0131915 0.012566 0.0119633 0.0113688 0.0107953 0.0102291 0.00969872 0.00918679 0.00867597 0.00818773 0.00774488 0.00729984 0.00686619 0.00647659 0.00610655 0.00573692 0.0054034 0.00510096 0.00480546 0.00453401 0.00429584 0.00407552 0.00387319 0.00370152 0.00355225 0.00342493 0.00332128 0.00324435 0.00318907 0.00315961 0.00315275 0.00317168 0.00321318 0.00328151 0.00337134 0.00348533 0.00362508 0.00379088 0.00397289 0.00418321 0.00442335 0.00467737 0.00495086 0.00526367 0.00559243 0.00592744 0.00630385 0.00670813 0.0071102 0.00753906 0.00801302 0.00848575 0.0089726 0.00949626 0.0100405 0.0105879 0.0111669 0.0117599 0.0123741 0.0130024 0.0136509 0.0143174 0.0150043 0.0156882 0.0164052 0.017149 0.0178872 0.0186332 0.019404 0.0201902 0.0209899 0.0217936 0.0225795 0.0234013 0.0242333 0.0250491 0.0258539 0.0266759 0.0274893 0.0282875 0.0290599 0.0298238 0.0305888 0.0313162 0.0320134 0.032662 0.033298 0.0339151 0.0344854 0.034997 0.0354815 0.0359358 0.0363696 0.036791 0.0371678 0.0375806 0.0380317 0.0385413 0.03912 0.0397394 0.0404098 0.041106 0.0417645 0.0422723 0.0425186 0.0423566 0.0417093 0.0404969 0.0386626 0.0362308 0.0332218 0.0297843 0.026077 0.0223018 0.0186682 0.0153236 0.0124207 0.0100222 0.00818744 0.00690824 0.00613756 0.0058114 0.0057978 0.00600364 0.00629106 0.00656544 0.00675339 0.00677305 0.00661694 0.00623492 
0 0.00393096 0.00787898 0.0118361 0.0158044 0.0197345 0.0235625 0.0271938 0.0304992 0.0333532 0.0356182 0.0371983 0.038024 0.0380786 0.0374 0.0360667 0.03423 0.0320704 0.0298263 0.0277389 0.0260213 0.0248447 0.0242779 0.0243404 0.0249816 0.0261123 0.0276189 0.0293468 0.0311381 0.0328522 0.0343955 0.0357185 0.0368163 0.0376671 0.0382735 0.0386564 0.0388428 0.0388962 0.0388244 0.0386344 0.0383351 0.0379444 0.0374934 0.0369862 0.0364098 0.0357645 0.035078 0.0343599 0.033615 0.032821 0.0319929 0.0311558 0.0303093 0.0294492 0.0285647 0.0276745 0.0267981 0.0259244 0.0250328 0.0241535 0.0232914 0.0224378 0.0215877 0.0207436 0.0199229 0.0191256 0.0183296 0.0175417 0.0167893 0.0160523 0.0153236 0.0146135 0.0139303 0.0132665 0.0126187 0.0119847 0.0113835 0.0108058 0.0102348 0.00968988 0.00918295 0.00868592 0.00820409 0.00776267 0.00734353 0.00693564 0.00656012 0.00621719 0.00588892 0.00558684 0.00531695 0.00507093 0.0048468 0.00465356 0.00448649 0.0043453 0.00423011 0.00414369 0.00408322 0.00405079 0.00404397 0.00406559 0.00411378 0.00419034 0.00429187 0.0044213 0.00457881 0.00476381 0.00497078 0.00520854 0.00547563 0.00576282 0.0060743 0.00642291 0.00679086 0.00717514 0.0075967 0.00804729 0.00850517 0.00899304 0.00951924 0.0100552 0.0106077 0.0111979 0.0118104 0.0124321 0.0130804 0.0137555 0.0144525 0.0151612 0.0158886 0.0166462 0.0174274 0.0182079 0.019012 0.0198485 0.0206953 0.0215475 0.0224209 0.0233146 0.0242228 0.0251341 0.0260478 0.0269894 0.0279388 0.0288763 0.029811 0.0307609 0.0317112 0.0326487 0.0335605 0.034465 0.0353691 0.0362457 0.0370883 0.0378944 0.0386824 0.0394474 0.0401674 0.0408316 0.0414663 0.0420795 0.0426768 0.0432569 0.0438158 0.0444087 0.0450626 0.0457991 0.0466204 0.0475111 0.0484643 0.049445 0.0503709 0.0511103 0.0515159 0.0514297 0.0507393 0.0493496 0.0472037 0.0443092 0.0407218 0.0366009 0.0321506 0.0276188 0.0232486 0.0192401 0.0157612 0.0129065 0.0107362 0.00924259 0.00837243 0.0080326 0.0080822 0.00838788 0.00879492 0.0091842 0.00945736 0.00953092 0.00937279 0.00893975 
0 0.0047094 0.00942928 0.0141623 0.0188883 0.0235625 0.0281001 0.0323915 0.0362852 0.0396274 0.0422695 0.0440819 0.0450031 0.0449942 0.0441113 0.0424543 0.0401772 0.0375352 0.0347628 0.0321689 0.0300026 0.0284324 0.0275981 0.0274785 0.0280481 0.0292058 0.0307945 0.0326637 0.0346169 0.0364974 0.0381915 0.0396514 0.0408307 0.041742 0.0423753 0.0427359 0.0429041 0.042888 0.0427397 0.0424662 0.0420702 0.0415805 0.0410268 0.0404125 0.0397206 0.0389841 0.0381893 0.0373718 0.0365275 0.0356432 0.0347234 0.0337985 0.0328749 0.0319235 0.030974 0.0300164 0.0290648 0.028115 0.0271772 0.026234 0.0253095 0.0244071 0.0235008 0.0226033 0.0217345 0.020897 0.0200497 0.0192188 0.0184171 0.0176492 0.0168786 0.0161272 0.015404 0.0147095 0.0140242 0.0133596 0.0127245 0.0121116 0.0115175 0.0109455 0.0104057 0.00988296 0.0093865 0.00891423 0.00847389 0.00804936 0.00765794 0.00729006 0.00695291 0.00663488 0.00635272 0.00609211 0.00586344 0.005657 0.00548563 0.00533584 0.0052196 0.0051263 0.00506745 0.0050312 0.00502869 0.00504908 0.00510435 0.00518221 0.00529327 0.00542768 0.00559739 0.00578795 0.00601192 0.00626018 0.00654228 0.00684306 0.0071793 0.00753922 0.00792912 0.00833839 0.0087847 0.00925087 0.00974374 0.01026 0.0108105 0.0113769 0.0119678 0.0125871 0.0132351 0.013897 0.0145782 0.015295 0.0160359 0.0167883 0.0175522 0.018359 0.0191873 0.0200259 0.020869 0.0217568 0.0226634 0.0235769 0.0245005 0.0254619 0.0264312 0.0274015 0.0283984 0.0294124 0.0304315 0.0314474 0.0324799 0.0335086 0.0345555 0.035592 0.036612 0.037623 0.0386414 0.0396407 0.0406012 0.0415526 0.0424738 0.0433778 0.0442446 0.045071 0.0458592 0.0466484 0.0474253 0.0481822 0.0489655 0.0497728 0.0506756 0.0516852 0.0527949 0.0540043 0.0552908 0.0566008 0.0578356 0.0588585 0.0594628 0.0595106 0.0588343 0.0573255 0.0549483 0.0516672 0.0476011 0.0429043 0.0378219 0.0326519 0.0276541 0.0230873 0.0191278 0.0159052 0.0134761 0.0118393 0.0109319 0.0106318 0.0107992 0.0112475 0.0118228 0.0123706 0.0127662 0.0129376 0.0128058 0.0123561 
0 0.00545197 0.010909 0.0163785 0.0218207 0.0271938 0.0323915 0.0372816 0.0417092 0.0454766 0.0484406 0.0504446 0.051402 0.0513092 0.050179 0.0481637 0.0454428 0.0422636 0.0389651 0.0358271 0.0331587 0.0311789 0.029981 0.0296306 0.0300528 0.0311396 0.0327526 0.0346742 0.0367235 0.0387162 0.04052 0.04206 0.0433045 0.0442383 0.044857 0.0452147 0.0453214 0.0452455 0.0450217 0.0446452 0.0441581 0.0435799 0.0429267 0.0422098 0.0414569 0.0406207 0.0397581 0.0388746 0.0379424 0.0370068 0.0360511 0.035081 0.0340984 0.0331303 0.0321308 0.031151 0.030184 0.0292215 0.0282582 0.0273026 0.0263753 0.0254445 0.0245442 0.0236566 0.0227876 0.0219023 0.0210762 0.020265 0.0194605 0.0186608 0.0179027 0.0171633 0.0164411 0.0157354 0.0150472 0.0143985 0.0137575 0.0131439 0.0125477 0.0119917 0.0114349 0.0109261 0.0104268 0.00996339 0.00950973 0.0091061 0.00870408 0.00834607 0.00800239 0.00770034 0.00740659 0.00715943 0.00692415 0.0067298 0.00655019 0.00641254 0.00628911 0.00620731 0.00614069 0.00611506 0.00610582 0.00613656 0.00618369 0.00627212 0.00637519 0.00652042 0.00668096 0.00688163 0.00709766 0.00735783 0.00762689 0.00794113 0.00827006 0.00863863 0.00901596 0.00944503 0.00987797 0.0103521 0.0108416 0.0113736 0.0119055 0.0124888 0.013082 0.0137049 0.0143413 0.0150215 0.0157116 0.0164281 0.017158 0.0179189 0.0187173 0.019518 0.0203284 0.0211732 0.0220661 0.0229423 0.0238484 0.0247693 0.0257272 0.0266858 0.0276797 0.0286783 0.0296934 0.0307172 0.031773 0.0328415 0.0338968 0.0349872 0.0360732 0.0371573 0.0382444 0.0393516 0.0404288 0.0415201 0.0425903 0.0436275 0.0446766 0.0457036 0.046706 0.0476821 0.0486484 0.0495925 0.0505568 0.0515292 0.0525277 0.0536094 0.0547892 0.0561023 0.0575451 0.0591139 0.0607626 0.0624446 0.0640356 0.0653518 0.0662284 0.0664344 0.0658222 0.0642784 0.0617071 0.0581534 0.0536984 0.0485336 0.0429587 0.0372585 0.0317647 0.0267535 0.0224195 0.0189296 0.0163367 0.0146369 0.0137703 0.0135874 0.0139245 0.0145898 0.0153807 0.0161399 0.0167238 0.0170258 0.0169895 0.0165628 
0 0.0061302 0.0122612 0.0184004 0.0244964 0.0304992 0.0362852 0.0417092 0.046589 0.0507215 0.0539356 0.0560551 0.0570135 0.0567623 0.0553643 0.0529704 0.0497612 0.0460757 0.0422025 0.0385134 0.0353315 0.0328561 0.0312884 0.0306216 0.0308334 0.0318096 0.033352 0.0352747 0.0373542 0.0393993 0.041263 0.0428776 0.0441485 0.0451078 0.0457365 0.0460469 0.0461363 0.0459843 0.0456809 0.0452381 0.044679 0.0440294 0.0433084 0.042524 0.0416813 0.0408179 0.0399072 0.0389868 0.038035 0.0370828 0.0361047 0.0351267 0.0341604 0.0331781 0.0322205 0.0312675 0.030307 0.0293488 0.0284427 0.0275213 0.0266199 0.0257373 0.024861 0.0239985 0.0231664 0.022352 0.0215444 0.020754 0.019974 0.0192405 0.018509 0.0177912 0.0170926 0.0164299 0.015772 0.01515 0.014534 0.0139425 0.0133845 0.0128492 0.012316 0.011825 0.0113641 0.0109092 0.0104834 0.010095 0.0097228 0.00936905 0.00905483 0.00876012 0.00849027 0.00824622 0.00803471 0.00784187 0.00768205 0.00754291 0.00743718 0.00735278 0.00729964 0.0072677 0.00727134 0.00729337 0.00734844 0.00742616 0.0075363 0.00766698 0.00783119 0.00801507 0.00823394 0.00847424 0.00874128 0.00903483 0.00936354 0.00970415 0.0100764 0.0104847 0.0109089 0.0113501 0.0118358 0.0123434 0.012857 0.0134119 0.0139936 0.0145894 0.0152084 0.0158624 0.0165198 0.0172185 0.0179355 0.0186686 0.0194125 0.0201999 0.0209996 0.021827 0.0226514 0.0235056 0.0243975 0.0253024 0.0262124 0.0271538 0.02811 0.0290739 0.0300924 0.0311038 0.032127 0.0331718 0.034246 0.0353142 0.0364164 0.0375234 0.0386369 0.0397593 0.0408822 0.0420223 0.0431472 0.0442931 0.045419 0.0465405 0.0476542 0.0487688 0.0498705 0.0509981 0.0521496 0.053316 0.0545819 0.0559103 0.0573894 0.0590327 0.0608266 0.0627851 0.0648429 0.0669175 0.0688734 0.0705382 0.0716668 0.0720915 0.0715904 0.0700374 0.067389 0.0636109 0.0588781 0.0533651 0.0473895 0.0413056 0.0354288 0.0300985 0.0255198 0.0218748 0.019225 0.0175651 0.0168211 0.0168273 0.0174177 0.0183498 0.0194346 0.0204724 0.0212979 0.0218211 0.0219259 0.0215974 
0 0.00672721 0.013447 0.020168 0.0268208 0.0333532 0.0396274 0.0454766 0.0507215 0.055122 0.0585065 0.0606911 0.0615784 0.0611515 0.0594444 0.0566405 0.0529546 0.0487144 0.04429 0.0400346 0.0363082 0.0333539 0.0313434 0.0303361 0.0302839 0.0310706 0.0325074 0.0343738 0.0364483 0.0385272 0.0404485 0.0421056 0.0434233 0.0443956 0.0450204 0.0453413 0.0454019 0.0452249 0.0448794 0.0443807 0.0437738 0.0430893 0.0423268 0.0415083 0.0406656 0.0397842 0.0388807 0.0379648 0.0370142 0.0360859 0.0351594 0.0342241 0.0332885 0.0323636 0.0314474 0.0305527 0.0296606 0.0287768 0.0279232 0.0270699 0.0262365 0.0254084 0.0246081 0.0238325 0.0230633 0.0222788 0.0215484 0.0208445 0.0201288 0.0194262 0.0187582 0.0181114 0.0174744 0.0168512 0.0162456 0.0156833 0.0151169 0.0145692 0.0140579 0.0135733 0.0130767 0.0126314 0.012209 0.0117954 0.011399 0.0110527 0.0107081 0.0103888 0.0100976 0.00983632 0.0095851 0.00936836 0.0091715 0.00900328 0.00885378 0.00873281 0.00863379 0.00856514 0.00851269 0.00849042 0.00849288 0.0085205 0.00856716 0.00864697 0.00874642 0.00887312 0.00902082 0.00919843 0.0093971 0.00962513 0.00986705 0.0101464 0.0104465 0.0107659 0.0111058 0.0114929 0.0118791 0.0122912 0.0127412 0.0132171 0.0136843 0.0142065 0.0147501 0.0152994 0.015867 0.0164853 0.0171053 0.0177441 0.0184005 0.0190912 0.0198081 0.0205266 0.0212508 0.0220264 0.0228285 0.0236128 0.0244301 0.0252765 0.0261413 0.0270149 0.027918 0.0288356 0.0297843 0.0307309 0.0317084 0.0327206 0.0337432 0.0347816 0.0358363 0.0369068 0.0380097 0.0391365 0.0402493 0.041397 0.0425533 0.0437174 0.0448989 0.0460836 0.04728 0.0485038 0.0497402 0.0509997 0.0523158 0.0536924 0.0551847 0.0568051 0.0585897 0.0605657 0.0627316 0.0650795 0.0675392 0.0700139 0.072349 0.074343 0.0757725 0.0764092 0.0760429 0.0745428 0.0718291 0.0679347 0.0630053 0.0572542 0.0510293 0.0446734 0.0385605 0.0330309 0.028319 0.0246288 0.0220198 0.0204929 0.0199619 0.0202497 0.0211683 0.0224644 0.0239173 0.0253137 0.0264713 0.0272708 0.0276045 0.0274311 
0 0.00719928 0.01439 0.02157 0.0286696 0.0356182 0.0422695 0.0484406 0.0539356 0.0585065 0.0619653 0.0641283 0.0648843 0.0642201 0.0621801 0.0589533 0.0547862 0.0500173 0.0450449 0.0402396 0.0359748 0.0325221 0.0300636 0.0286844 0.02834 0.0289124 0.0302047 0.0319842 0.0340252 0.0361145 0.038083 0.0398001 0.0411832 0.0422091 0.0428801 0.0432399 0.043321 0.043156 0.0428054 0.0423066 0.0417069 0.0410329 0.040281 0.0394723 0.0386467 0.0377985 0.0369432 0.036075 0.0351844 0.034318 0.0334617 0.0326016 0.0317438 0.0309049 0.0300849 0.0292856 0.0284786 0.0276831 0.0269236 0.0261737 0.0254339 0.0246956 0.0239812 0.0232919 0.022611 0.0219193 0.0212697 0.0206379 0.0200004 0.0193786 0.0187875 0.0182093 0.0176401 0.0170842 0.0165501 0.0160503 0.0155447 0.0150561 0.0146062 0.0141765 0.0137349 0.0133397 0.0129689 0.0126027 0.0122519 0.0119465 0.0116447 0.0113629 0.0111065 0.0108779 0.0106588 0.0104682 0.0102963 0.0101512 0.0100217 0.00991616 0.00983203 0.00977522 0.00973078 0.00971361 0.00972025 0.00974781 0.00979107 0.00986573 0.00995818 0.0100727 0.0102066 0.0103688 0.0105486 0.0107531 0.0109722 0.0112249 0.0114946 0.0117811 0.012089 0.0124376 0.0127846 0.0131549 0.0135628 0.0139914 0.0144116 0.0148815 0.0153754 0.0158711 0.0163832 0.0169404 0.0175031 0.0180813 0.0186784 0.0193015 0.019947 0.0205987 0.0212629 0.0219651 0.0226849 0.0233928 0.0241382 0.024912 0.0256956 0.026482 0.0272966 0.0281372 0.0290072 0.0298739 0.0307629 0.0316932 0.0326403 0.0336056 0.0345908 0.035604 0.0366533 0.0377266 0.0387977 0.0399119 0.0410601 0.0422286 0.0434214 0.0446272 0.0458672 0.0471578 0.0484886 0.0498659 0.0513238 0.0528844 0.0545922 0.0564693 0.0585406 0.0608381 0.0633641 0.0660982 0.0689576 0.0718191 0.074515 0.0768291 0.0785355 0.0793886 0.0791724 0.0777464 0.0750305 0.0710764 0.0660343 0.060146 0.0537675 0.0472629 0.0410306 0.0354233 0.0307062 0.0270846 0.0246295 0.0233378 0.0231099 0.0237637 0.0250873 0.0268186 0.0287141 0.0305435 0.0321099 0.0332704 0.0339127 0.0339769 
0 0.0075392 0.0150716 0.0225686 0.0299782 0.0371983 0.0440819 0.0504446 0.0560551 0.0606911 0.0641283 0.0661844 0.0667592 0.0658042 0.0634142 0.0597582 0.0551047 0.0498405 0.0443307 0.0390081 0.0342356 0.0302885 0.0274046 0.0256412 0.0249935 0.0253417 0.0264699 0.0281593 0.0301699 0.0322841 0.0343162 0.0361331 0.0376092 0.0387328 0.0395079 0.0399457 0.0401193 0.040024 0.0397259 0.0392866 0.0387459 0.0381263 0.0374395 0.0367038 0.0359327 0.0351802 0.0344087 0.0336218 0.0328332 0.0320651 0.0313095 0.0305581 0.0298169 0.0290709 0.0283728 0.0276851 0.0269883 0.0262957 0.0256513 0.0250108 0.0243666 0.0237397 0.0231255 0.022532 0.0219374 0.0213613 0.0207921 0.0202458 0.0196937 0.0191701 0.0186542 0.0181564 0.0176639 0.0171885 0.0167318 0.0162973 0.0158652 0.0154438 0.015063 0.0146873 0.0143176 0.0139711 0.0136613 0.0133423 0.0130512 0.0127806 0.0125341 0.0122867 0.012076 0.0118744 0.0116988 0.0115291 0.011392 0.0112638 0.0111633 0.011068 0.0110068 0.0109548 0.0109269 0.0109086 0.0109254 0.0109461 0.0109935 0.0110547 0.011146 0.0112406 0.0113668 0.0115042 0.0116708 0.0118418 0.0120442 0.012259 0.0125026 0.012746 0.013027 0.0133225 0.0136349 0.0139534 0.0143187 0.0146856 0.0150645 0.0154692 0.0159072 0.0163396 0.0167961 0.0172809 0.0177766 0.0182851 0.0188156 0.0193681 0.0199252 0.0205049 0.021098 0.0217224 0.0223394 0.0229782 0.0236363 0.0243231 0.0250076 0.0257134 0.0264285 0.0271734 0.0279504 0.0287223 0.0295093 0.0303382 0.0312057 0.0320616 0.0329559 0.0338849 0.0348523 0.0358373 0.0368489 0.0378932 0.0389826 0.0401265 0.0412778 0.0424705 0.0437206 0.0450417 0.0464205 0.0478852 0.0494469 0.051152 0.0530638 0.0551627 0.0575074 0.0601076 0.0629636 0.0660546 0.0692789 0.0724889 0.0755047 0.0781154 0.0800562 0.0811114 0.0810355 0.0796766 0.0769998 0.0730209 0.0679428 0.0620144 0.0555789 0.0490522 0.042811 0.0372399 0.0326279 0.0291692 0.0269614 0.0259875 0.0261408 0.0272369 0.0290423 0.0312828 0.0336995 0.036038 0.0380852 0.0396839 0.0406992 0.04107 
0 0.00772913 0.0154411 0.0231159 0.0306768 0.038024 0.0450031 0.051402 0.0570135 0.0615784 0.0648843 0.0667592 0.0670588 0.0657999 0.0630256 0.0589351 0.0538461 0.0480798 0.0421077 0.0363043 0.0310496 0.0266834 0.0233683 0.0212614 0.0203252 0.0204408 0.0214269 0.0230326 0.0250271 0.0271919 0.0293387 0.0312724 0.0329243 0.0342015 0.0351246 0.035747 0.0360471 0.0361049 0.0359345 0.0356108 0.0351803 0.0346819 0.0341043 0.0334716 0.032842 0.0321883 0.0315477 0.0308828 0.0302169 0.0295614 0.0289496 0.0283303 0.0276964 0.0270989 0.0265076 0.0259357 0.0253638 0.0248132 0.024255 0.0237333 0.0232032 0.0226705 0.0221612 0.0216821 0.0211915 0.02068 0.020212 0.0197673 0.0193222 0.0188511 0.0184261 0.0180167 0.017616 0.0172018 0.0168259 0.0164612 0.0161067 0.015755 0.0154333 0.0151222 0.014818 0.0145323 0.0142669 0.0140128 0.0137662 0.0135471 0.0133373 0.0131442 0.0129603 0.0128047 0.0126529 0.012524 0.012403 0.0123101 0.0122194 0.0121545 0.0120971 0.0120672 0.0120385 0.0120381 0.0120451 0.0120775 0.0121121 0.0121773 0.0122482 0.0123429 0.0124425 0.0125731 0.0127077 0.0128652 0.0130312 0.0132269 0.0134249 0.0136452 0.0138803 0.014139 0.0143997 0.0146853 0.0149902 0.015307 0.0156329 0.0159851 0.0163579 0.0167298 0.0171216 0.0175387 0.0179795 0.0184042 0.0188563 0.0193368 0.0198447 0.0203223 0.0208286 0.0213672 0.0219335 0.0224707 0.0230302 0.0236262 0.0242349 0.0248333 0.0254578 0.0261217 0.0267702 0.0274419 0.0281359 0.0288691 0.0296074 0.030381 0.0311528 0.0319728 0.0328461 0.0337382 0.0346496 0.0356041 0.036629 0.0376758 0.0387852 0.0399299 0.0411535 0.0424684 0.0438757 0.0453718 0.047007 0.0488486 0.0508903 0.0532145 0.0557863 0.0586456 0.0618091 0.0652029 0.0687401 0.0722511 0.0755404 0.0783715 0.0805298 0.0817223 0.081758 0.0804833 0.077816 0.0738834 0.068808 0.0629031 0.0565229 0.0500384 0.0439051 0.0384625 0.0340392 0.0308426 0.0289535 0.028374 0.0289758 0.0305734 0.0329138 0.0357208 0.0387076 0.0416098 0.0442007 0.0462871 0.0477465 0.04848 
0 0.00775773 0.015508 0.0231875 0.0307595 0.0380786 0.0449942 0.0513092 0.0567623 0.0611515 0.0642201 0.0658042 0.0657999 0.0641565 0.0609985 0.0564933 0.0509631 0.0447932 0.0383793 0.0321683 0.0265135 0.0217418 0.0180832 0.0156515 0.0144582 0.0143861 0.0152464 0.0167963 0.0188111 0.0210602 0.0233384 0.0254794 0.0273361 0.028852 0.0300276 0.0308637 0.0313976 0.0316598 0.0316743 0.0315361 0.0312903 0.0309462 0.0305391 0.0300717 0.0295651 0.0290775 0.0285807 0.0280604 0.0275537 0.0270486 0.0265563 0.0260718 0.0255868 0.0251059 0.0246568 0.0242131 0.0237585 0.0233026 0.0228714 0.0224608 0.022031 0.021614 0.0212044 0.0207961 0.0203915 0.0200188 0.0196307 0.0192456 0.0188748 0.0185217 0.0181744 0.0178317 0.0174934 0.0171717 0.0168713 0.0165651 0.0162765 0.0159975 0.0157369 0.0154778 0.015243 0.0150051 0.0147936 0.0145865 0.0143974 0.0142101 0.0140517 0.0138914 0.0137523 0.0136205 0.0135095 0.0133998 0.0133147 0.0132337 0.0131718 0.0131171 0.0130826 0.0130525 0.0130441 0.0130416 0.0130575 0.0130817 0.0131255 0.0131738 0.0132446 0.0133214 0.0134161 0.0135192 0.0136445 0.0137706 0.0139216 0.0140796 0.0142551 0.0144353 0.0146449 0.0148522 0.0150819 0.0153204 0.0155816 0.0158416 0.0161308 0.0164201 0.016733 0.0170549 0.0173947 0.0177349 0.0181032 0.0184796 0.0188711 0.0192712 0.0196775 0.0201063 0.0205597 0.0210096 0.0214539 0.0219376 0.0224296 0.0229328 0.0234412 0.0239615 0.0244846 0.0250458 0.0256176 0.026193 0.0267754 0.0273904 0.0280382 0.0286877 0.029364 0.0300867 0.0308379 0.0316077 0.0324268 0.033278 0.0341987 0.035186 0.036198 0.0372759 0.038454 0.039728 0.0411236 0.0426529 0.0443378 0.0462594 0.0484452 0.0509105 0.0536866 0.05678 0.0601851 0.0638524 0.0676455 0.0713902 0.0748798 0.0778851 0.0801617 0.0814615 0.0815702 0.0803282 0.0777188 0.0738059 0.0687876 0.0629658 0.0566688 0.0503363 0.0443611 0.0391327 0.0349827 0.0320951 0.0305965 0.0304489 0.0315368 0.0336705 0.0365722 0.039972 0.0435594 0.0470566 0.0502212 0.0528412 0.0547769 0.0559193 
0 0.00765072 0.0152811 0.0228373 0.030256 0.0374 0.0441113 0.050179 0.0553643 0.0594444 0.0621801 0.0634142 0.0630256 0.0609985 0.0574379 0.0525311 0.0466177 0.0400586 0.0332898 0.0267307 0.0207371 0.0156583 0.0116982 0.00900812 0.00760113 0.00736452 0.00813363 0.00966694 0.0117374 0.0141209 0.0166013 0.0189782 0.0211219 0.0229307 0.0244013 0.025546 0.0263624 0.0269063 0.0271856 0.027288 0.0272577 0.0271243 0.0269149 0.0266392 0.0263362 0.0260209 0.0256937 0.0253387 0.0249891 0.0246267 0.0242912 0.0239534 0.023597 0.0232549 0.0229134 0.0225733 0.0222398 0.0219137 0.0215711 0.0212529 0.0209181 0.0205906 0.0202741 0.0199643 0.0196487 0.0193372 0.0190277 0.0187363 0.0184587 0.0181594 0.0178812 0.0176156 0.0173579 0.0170977 0.01686 0.0166117 0.0163925 0.0161764 0.015964 0.0157575 0.0155815 0.0153944 0.0152218 0.0150655 0.0149183 0.014772 0.0146463 0.0145271 0.0144165 0.0143188 0.0142295 0.0141511 0.0140851 0.0140271 0.013977 0.0139462 0.013918 0.0139002 0.0138975 0.0139072 0.0139165 0.0139472 0.0139872 0.0140335 0.0140902 0.0141661 0.0142436 0.0143349 0.0144393 0.0145527 0.014676 0.0148138 0.0149582 0.0151158 0.0152892 0.0154634 0.0156554 0.0158628 0.0160749 0.0162914 0.0165405 0.0167841 0.0170397 0.0173103 0.0175996 0.0178834 0.0181984 0.0185054 0.0188304 0.0191743 0.0195322 0.0198748 0.0202483 0.0206329 0.0210286 0.0214305 0.0218344 0.0222563 0.0226958 0.0231381 0.0235869 0.0240656 0.0245277 0.0250172 0.0255242 0.0260492 0.0265873 0.0271479 0.0277116 0.0283229 0.0289745 0.0296424 0.0303563 0.0311044 0.0319205 0.0327918 0.0337242 0.0347281 0.0358448 0.0370742 0.038444 0.0399664 0.0416843 0.0436819 0.0459645 0.0485859 0.0515349 0.0548218 0.0584416 0.0623091 0.0662941 0.0702091 0.0738332 0.0769344 0.0792826 0.0806099 0.0807343 0.079505 0.0769014 0.0730396 0.0680919 0.0623836 0.0562481 0.0500947 0.0443479 0.0393764 0.0355234 0.0329872 0.0318794 0.032179 0.0337573 0.0364207 0.0398904 0.0438783 0.0480681 0.0521641 0.0559062 0.0590674 0.0614902 0.0630554 
0 0.00740541 0.0147817 0.022081 0.0292201 0.0360667 0.0424543 0.0481637 0.0529704 0.0566405 0.0589533 0.0597582 0.0589351 0.0564933 0.0525311 0.0472512 0.040997 0.0341208 0.0270682 0.0202364 0.0139825 0.00865735 0.00446023 0.0015628 -1.56993e-05 -0.000373907 0.000337625 0.00188416 0.00404167 0.00658585 0.0092974 0.0119611 0.0144441 0.0166203 0.0184645 0.0199802 0.0211449 0.0220216 0.0226162 0.0230122 0.0232523 0.0233712 0.0233986 0.0233413 0.0232464 0.023115 0.0229677 0.0227929 0.022616 0.0224101 0.0222124 0.0220058 0.0217772 0.0215672 0.0213392 0.021107 0.0208733 0.0206436 0.020389 0.0201578 0.0199141 0.0196726 0.0194319 0.0191827 0.0189451 0.0187154 0.0184807 0.0182411 0.0180263 0.0177974 0.0175893 0.0173751 0.0171709 0.0169732 0.0167928 0.0165931 0.016424 0.0162635 0.0160935 0.0159336 0.015802 0.0156607 0.0155214 0.0154075 0.0152948 0.0151857 0.0150863 0.0150015 0.0149167 0.0148477 0.0147763 0.0147248 0.0146765 0.0146365 0.0145976 0.0145867 0.0145651 0.0145564 0.0145604 0.0145794 0.0145845 0.0146196 0.0146584 0.0147018 0.0147477 0.0148224 0.014887 0.0149667 0.0150548 0.015158 0.0152578 0.0153778 0.0154981 0.0156363 0.0157779 0.0159268 0.016087 0.016267 0.0164382 0.0166227 0.0168344 0.0170391 0.0172471 0.0174827 0.0177274 0.0179582 0.0182237 0.018492 0.0187669 0.0190462 0.019349 0.0196459 0.019971 0.0202842 0.0206147 0.0209591 0.0213118 0.0216636 0.0220355 0.0224068 0.0227868 0.0231924 0.0235841 0.0240021 0.0244284 0.0248641 0.0253088 0.0257919 0.0262717 0.0267908 0.027338 0.027905 0.0285204 0.0291772 0.0299009 0.0306778 0.0315307 0.0324579 0.0335084 0.0346863 0.036031 0.0375569 0.0393119 0.0413729 0.0437413 0.0464846 0.0495794 0.0530345 0.0568301 0.0608608 0.0649862 0.0690079 0.0726992 0.0758263 0.0781725 0.0794732 0.0795668 0.0783198 0.0757145 0.0718932 0.0670241 0.0614374 0.0554732 0.0495222 0.0440184 0.0393224 0.0357771 0.0335905 0.0328641 0.0335855 0.0356201 0.03877 0.0427589 0.0472865 0.052033 0.0566888 0.0609774 0.0646584 0.0675554 0.0695382 
0 0.00706163 0.0141 0.0210263 0.0277913 0.03423 0.0401772 0.0454428 0.0497612 0.0529546 0.0547862 0.0551047 0.0538461 0.0509631 0.0466177 0.040997 0.0344207 0.0273044 0.0200071 0.0129701 0.00653457 0.00100845 -0.00335034 -0.00641698 -0.008136 -0.00858915 -0.00791813 -0.00634323 -0.00406958 -0.001332 0.00162714 0.00463566 0.00747688 0.0100664 0.0123423 0.0142584 0.0158424 0.0171008 0.0180664 0.0187973 0.0193547 0.0197415 0.0200324 0.0202355 0.0203526 0.0204426 0.0204782 0.0204836 0.0204674 0.0204303 0.0203553 0.0202743 0.0201828 0.0200683 0.0199414 0.0197981 0.0196596 0.0194966 0.0193394 0.0191668 0.0189886 0.018819 0.0186531 0.0184553 0.0182683 0.0181161 0.0179368 0.0177486 0.0175733 0.0174226 0.017258 0.0170934 0.0169267 0.0167958 0.0166526 0.0164999 0.016368 0.0162578 0.0161245 0.0160027 0.0159074 0.0158031 0.0156982 0.015611 0.015534 0.0154495 0.0153801 0.015313 0.0152609 0.0152046 0.0151588 0.0151181 0.0150959 0.0150588 0.0150418 0.0150343 0.0150309 0.0150182 0.0150395 0.0150536 0.0150691 0.0150952 0.0151451 0.0151749 0.015225 0.0152861 0.0153533 0.015412 0.0154991 0.0155831 0.0156755 0.0157699 0.015883 0.0159951 0.0161193 0.0162409 0.0163843 0.0165321 0.016677 0.0168331 0.0170158 0.0171861 0.0173558 0.0175629 0.0177697 0.0179636 0.0181756 0.0184197 0.0186499 0.0188864 0.0191261 0.0194006 0.0196751 0.0199396 0.0202062 0.0205216 0.0208233 0.0211126 0.0214299 0.0217626 0.0220886 0.0224183 0.0227715 0.0231245 0.0234936 0.0238609 0.0242534 0.0246505 0.0250753 0.0255214 0.0259786 0.0264745 0.0270166 0.0275953 0.0282208 0.0289346 0.0296986 0.0305747 0.0315762 0.0327087 0.0340329 0.0355714 0.0373682 0.0394831 0.0419678 0.0448133 0.0480625 0.051678 0.0556052 0.0597716 0.0639815 0.0680566 0.0717603 0.0748656 0.0771387 0.078369 0.0783805 0.0770623 0.0744547 0.0706376 0.0658601 0.0604067 0.0546043 0.0488868 0.0436067 0.0391774 0.0359147 0.0340151 0.0336211 0.0346814 0.0370938 0.0406526 0.0450711 0.0500643 0.0552871 0.0604297 0.0652004 0.0693383 0.0726598 0.0750166 
0 0.00666243 0.0132694 0.0197922 0.026095 0.0320704 0.0375352 0.0422636 0.0460757 0.0487144 0.0500173 0.0498405 0.0480798 0.0447932 0.0400586 0.0341208 0.0273044 0.0199532 0.0124979 0.00529872 -0.00128481 -0.00694193 -0.0114504 -0.0146518 -0.0164961 -0.0170394 -0.0164186 -0.0147995 -0.0124241 -0.00949822 -0.00625046 -0.00292624 0.00033584 0.00336851 0.00609566 0.00848855 0.0105143 0.0121987 0.0135805 0.0146947 0.0155725 0.0162866 0.0168495 0.0173033 0.0176835 0.017972 0.0181987 0.018387 0.0185368 0.0186292 0.0186994 0.0187352 0.0187424 0.0187413 0.0186979 0.0186227 0.0185526 0.0184891 0.0183802 0.0182605 0.0181457 0.0180311 0.0179021 0.0177704 0.0176462 0.0175116 0.017375 0.017245 0.0171297 0.0169983 0.0168741 0.0167504 0.0166414 0.0165355 0.0164279 0.0163122 0.0162226 0.0161407 0.0160416 0.0159515 0.0158833 0.0158127 0.0157322 0.0156718 0.0156155 0.0155625 0.0155056 0.0154655 0.0154267 0.015395 0.0153561 0.0153397 0.0153218 0.0153051 0.0152903 0.0153005 0.0152957 0.0152993 0.0153159 0.0153425 0.0153522 0.0153879 0.0154278 0.0154659 0.0155035 0.0155688 0.0156221 0.0156821 0.0157514 0.0158357 0.0159079 0.0159965 0.0160902 0.016195 0.0162926 0.0164047 0.0165252 0.0166548 0.0167736 0.0169123 0.0170659 0.0172133 0.0173592 0.0175314 0.0177094 0.0178788 0.0180666 0.0182619 0.0184611 0.0186685 0.0188948 0.0191107 0.0193393 0.0195787 0.0198368 0.0200887 0.0203455 0.0206094 0.0208887 0.0211774 0.021473 0.0217647 0.0220516 0.0223781 0.022712 0.0230331 0.0233632 0.0237336 0.0241029 0.0244865 0.0249045 0.025346 0.02583 0.0263589 0.0269338 0.0275664 0.0283098 0.0291483 0.0301092 0.0312411 0.0325621 0.0341292 0.0359948 0.0381995 0.0407736 0.0437693 0.0471533 0.0509083 0.0549825 0.0592231 0.0634992 0.0675851 0.0712511 0.0742817 0.0764472 0.0775489 0.0774416 0.0760505 0.0733846 0.0695998 0.0648865 0.059544 0.0539252 0.0483724 0.0433184 0.0391038 0.0360506 0.0343985 0.0342179 0.0355353 0.0382109 0.0420438 0.046786 0.0521011 0.0576867 0.0632019 0.06834 0.0728522 0.0765064 0.0791727 
0 0.00623873 0.0124328 0.0184962 0.0243453 0.0298263 0.0347628 0.0389651 0.0422025 0.04429 0.0450449 0.0443307 0.0421077 0.0383793 0.0332898 0.0270682 0.0200071 0.0124979 0.0048933 -0.00242422 -0.00911086 -0.0148995 -0.0195287 -0.022867 -0.024849 -0.0254987 -0.0249348 -0.0233171 -0.0208461 -0.0177481 -0.0142626 -0.0105867 -0.00693561 -0.00343912 -0.000212778 0.00265973 0.00517301 0.00731528 0.00913459 0.0106459 0.0119074 0.0129407 0.0138053 0.014547 0.0151521 0.0156604 0.0160779 0.0164406 0.0167434 0.017003 0.0171753 0.017309 0.0174301 0.017505 0.0175461 0.0175531 0.0175506 0.0175166 0.0174806 0.0174069 0.017341 0.017274 0.0171988 0.0170888 0.0169858 0.0169167 0.0168344 0.0167237 0.0166114 0.016547 0.0164638 0.0163708 0.0162728 0.0162136 0.0161351 0.0160598 0.0159836 0.0159329 0.0158638 0.0158033 0.0157502 0.0157067 0.0156518 0.0156074 0.0155734 0.0155376 0.0155014 0.0154725 0.0154554 0.0154303 0.0154131 0.015401 0.0153999 0.0153865 0.0153905 0.015396 0.0154076 0.0154108 0.0154381 0.0154571 0.0154825 0.0155089 0.0155549 0.0155858 0.0156317 0.0156813 0.0157405 0.0157887 0.0158578 0.0159267 0.0159996 0.0160704 0.0161607 0.0162484 0.0163369 0.0164331 0.0165432 0.0166502 0.0167559 0.0168817 0.0170098 0.0171361 0.017264 0.0174223 0.0175676 0.0177153 0.017868 0.0180615 0.0182312 0.0183989 0.0185779 0.0188076 0.0190092 0.0192008 0.0194106 0.0196625 0.0198997 0.0201242 0.0203712 0.0206368 0.0209011 0.0211542 0.0214472 0.021735 0.0220303 0.0223214 0.0226395 0.0229689 0.0233357 0.0236958 0.0240637 0.0244892 0.0249522 0.025458 0.0260063 0.0266382 0.02735 0.028193 0.0291599 0.0303008 0.031671 0.033313 0.035276 0.0375859 0.0403067 0.0434302 0.04698 0.0508931 0.0550755 0.0594118 0.0637103 0.0677715 0.0713691 0.0742811 0.0762893 0.0772401 0.0769837 0.0754782 0.0727714 0.0689656 0.064315 0.0590732 0.0535761 0.0482017 0.0432964 0.0392472 0.0363452 0.0348083 0.0347626 0.0361841 0.038981 0.0429551 0.0478394 0.0533449 0.0591278 0.0648657 0.0702469 0.0749857 0.0788749 0.0817423 
0 0.00586504 0.0116671 0.0173267 0.0227317 0.0277389 0.0321689 0.0358271 0.0385134 0.0400346 0.0402396 0.0390081 0.0363043 0.0321683 0.0267307 0.0202364 0.0129701 0.00529872 -0.00242422 -0.00985092 -0.0166426 -0.022545 -0.0273045 -0.030794 -0.0329376 -0.0337341 -0.0332885 -0.0317094 -0.0292042 -0.0259805 -0.02227 -0.0182991 -0.0142611 -0.0103219 -0.00661993 -0.00325028 -0.000241915 0.00237948 0.00466721 0.0066115 0.00825043 0.00963542 0.0108021 0.0118235 0.012691 0.0134243 0.014037 0.0145718 0.0150252 0.015411 0.0157104 0.0159548 0.016173 0.0163305 0.0164458 0.0165066 0.0165592 0.0165984 0.0166134 0.0165778 0.0165514 0.0165192 0.0164724 0.0164212 0.0163612 0.0163035 0.0162394 0.0161787 0.0161137 0.0160691 0.0159987 0.0159397 0.0158867 0.0158457 0.0157858 0.01574 0.0156917 0.0156565 0.0156151 0.0155736 0.015538 0.0155132 0.0154805 0.0154485 0.0154317 0.01541 0.0153893 0.0153735 0.0153678 0.0153523 0.0153501 0.0153459 0.01535 0.0153485 0.0153619 0.0153676 0.0153862 0.0153995 0.0154255 0.015445 0.0154791 0.0155053 0.0155461 0.0155815 0.0156287 0.0156703 0.0157281 0.0157769 0.0158384 0.0158999 0.0159709 0.0160336 0.0161152 0.0161945 0.0162747 0.0163602 0.0164613 0.0165526 0.0166493 0.0167617 0.0168737 0.0169848 0.0171035 0.0172344 0.0173633 0.0175041 0.0176372 0.0177911 0.0179457 0.0181094 0.0182689 0.0184543 0.0186241 0.0188164 0.0190185 0.0192275 0.019428 0.0196466 0.019875 0.0201242 0.0203748 0.0206048 0.0208676 0.0211522 0.0214441 0.0217259 0.0220353 0.0223569 0.0227147 0.0230689 0.0234514 0.0238854 0.0243562 0.0248687 0.0254244 0.0260647 0.0268149 0.0277025 0.0287139 0.0299272 0.0313752 0.0331272 0.0352316 0.0376991 0.0405929 0.0439095 0.0476407 0.0517147 0.0560244 0.0604182 0.0647328 0.0687476 0.0722435 0.0750108 0.0768307 0.0775855 0.0771475 0.0755058 0.072715 0.0688917 0.064274 0.0591068 0.0537218 0.0484575 0.0436654 0.0397001 0.0368461 0.0353315 0.035268 0.0366626 0.0394221 0.0433619 0.0482331 0.0537395 0.0595543 0.065346 0.0707982 0.0756244 0.0795984 0.0825493 
