0 0 0 0 0 0 0 0 0 0 0 0 0 0 0 0 0 0 0 0 0 0 0 0 0 0 0 0 0 0 0 0 0 0 0 0 0 0 0 0 0 0 0 0 0 0 0 0 0 0 0 0 0 0 0 0 0 0 0 0 0 0 0 0 0 0 0 0 0 0 0 0 0 0 0 0 0 0 0 0 0 0 0 0 0 0 0 0 0 0 0 0 0 0 0 0 0 0 0 0 0 0 0 0 0 0 0 0 0 0 0 0 0 0 0 0 0 0 0 0 0 0 0 0 0 0 0 0 0 0 0 0 0 0 0 0 0 0 0 0 0 0 0 0 0 0 0 0 0 0 0 0 0 0 0 0 0 0 0 0 0 0 0 0 0 0 0 0 0 0 0 0 0 0 0 0 0 0 0 0 0 0 0 0 0 0 0 0 0 0 0 0 0 0 0 0 0 0 0 0 
0 0.000289307 0.000593592 0.000907939 0.00125204 0.00162679 0.00203197 0.00248388 0.00296095 0.00347164 0.00399628 0.00450292 0.00498737 0.00538989 0.00570253 0.00589441 0.00593596 0.0058487 0.00560758 0.00524908 0.00479448 0.0042743 0.00375039 0.00326466 0.00287397 0.00260772 0.00249944 0.00253095 0.00271415 0.00302686 0.0034259 0.00391851 0.00442182 0.0049301 0.00542232 0.00586808 0.00629165 0.00667506 0.00701084 0.00730326 0.00757182 0.00780363 0.00803066 0.00823702 0.0084119 0.00858157 0.00873432 0.00887965 0.00900124 0.00911509 0.00921355 0.00930574 0.00939121 0.00945599 0.00949884 0.00954418 0.00959613 0.00961527 0.00963095 0.0096414 0.0096408 0.00963546 0.00963327 0.00961266 0.00958573 0.0095613 0.00953085 0.00950001 0.00946 0.00941787 0.00937596 0.00933374 0.00928359 0.00924144 0.00919068 0.00913698 0.00909233 0.00904746 0.00898938 0.00894102 0.00890007 0.00884895 0.00879878 0.00875768 0.00871564 0.00867039 0.00863138 0.00859353 0.00855917 0.00852472 0.00849295 0.00846522 0.00844308 0.00841643 0.008397 0.00838422 0.00837045 0.00835554 0.00835398 0.00835165 0.00834746 0.00835111 0.00836341 0.00836909 0.00838134 0.00840156 0.00842217 0.0084409 0.00846992 0.00849974 0.00853094 0.00856436 0.00860289 0.00864262 0.00868608 0.00872673 0.00877373 0.00882584 0.00887253 0.00891867 0.00897765 0.00903233 0.00907798 0.00913614 0.00919596 0.00924558 0.00929858 0.00936041 0.00940923 0.00945985 0.00951357 0.00956825 0.00961263 0.00965299 0.0096945 0.00974704 0.00978085 0.00979904 0.00983018 0.00985915 0.00987482 0.00988507 0.00988811 0.00987342 0.00987318 0.00986005 0.00982745 0.00978484 0.00974492 0.00969331 0.0096254 0.00955202 0.00947121 0.00938502 0.00928115 0.00917701 0.00905078 0.00893675 0.0088285 0.00870462 0.00858987 0.00848515 0.00839926 0.00834479 0.00832695 0.00831398 0.00834211 0.00838091 0.00841111 0.00843168 0.00836953 0.00822418 0.00795788 0.007553 0.00700366 0.0063078 0.00548161 0.00455488 0.0035911 0.00262031 0.00171872 0.000911598 0.000226236 -0.000300156 -0.000689355 -0.00091712 -0.00101305 -0.000997608 -0.000888479 -0.000732624 -0.000542176 -0.000352601 -0.000175032 -2.17033e-05 9.86548e-05 0.00018895 0.000241384 0.000264767 0.000253357 0.000209954 
0 0.000593592 0.00119191 0.00184674 0.00252936 0.00329038 0.00412309 0.00501523 0.00600032 0.00701417 0.00806196 0.00909427 0.0100313 0.0108587 0.0114743 0.0118498 0.0119666 0.0117706 0.011317 0.0106059 0.00968567 0.00866785 0.00760358 0.0066351 0.00585436 0.00531674 0.00508906 0.00515272 0.00549995 0.00609614 0.00689945 0.00783512 0.00884313 0.00985431 0.010806 0.0117087 0.0125265 0.0132684 0.0139203 0.014497 0.0150005 0.0154662 0.0159094 0.0162738 0.0166257 0.0169295 0.0172138 0.0174943 0.0177416 0.017934 0.0181163 0.0182957 0.0184245 0.0185606 0.0186502 0.0187317 0.0187923 0.0188426 0.0188563 0.0188648 0.0188753 0.0188655 0.0188256 0.0187591 0.0187435 0.0186927 0.018612 0.0185179 0.0184668 0.0183812 0.0182933 0.0181872 0.0181001 0.018014 0.0179126 0.0178002 0.0177102 0.0176234 0.0175051 0.017413 0.0173228 0.0172308 0.0171228 0.0170503 0.016956 0.0168788 0.0167895 0.0167269 0.0166467 0.0165913 0.0165164 0.0164742 0.0164177 0.0163783 0.016328 0.0163143 0.0162754 0.0162589 0.0162432 0.0162502 0.0162312 0.01625 0.0162616 0.0162855 0.016298 0.0163491 0.0163776 0.0164275 0.0164719 0.016543 0.0165922 0.0166708 0.0167344 0.0168251 0.0168984 0.0169915 0.0170733 0.0171862 0.0172689 0.0173713 0.0174797 0.0175949 0.0176803 0.0178 0.0179205 0.0180223 0.0181235 0.0182406 0.0183588 0.0184605 0.0185608 0.0186494 0.0187769 0.0188685 0.0189423 0.0190123 0.0191218 0.0191816 0.0192365 0.0192796 0.0193327 0.0193604 0.0193646 0.0193746 0.0193726 0.0193398 0.0192759 0.0192349 0.0191479 0.0190686 0.0189551 0.0188058 0.018651 0.0185074 0.0183268 0.0181195 0.0179191 0.0176865 0.0174817 0.0172642 0.0170531 0.0168641 0.0167258 0.0166396 0.0165938 0.0166101 0.0166548 0.0167455 0.0168359 0.0168666 0.0167648 0.0164777 0.015946 0.0151368 0.0140557 0.0126611 0.0110284 0.00920349 0.00726529 0.00536421 0.00354981 0.00193608 0.000586166 -0.000495956 -0.00125031 -0.00171517 -0.00191364 -0.00186664 -0.00166985 -0.00134992 -0.000976979 -0.000608817 -0.000249724 4.42789e-05 0.000285672 0.000462941 0.000562448 0.000609263 0.000580042 0.000494945 
0 0.000907939 0.00184674 0.00282888 0.00389106 0.00504562 0.00629693 0.00767098 0.00913298 0.0106797 0.0122631 0.0138009 0.015247 0.0164691 0.0174095 0.0179885 0.0181368 0.0178766 0.0171788 0.0161188 0.0147679 0.0132307 0.0116657 0.0102156 0.0090355 0.0082201 0.00785542 0.00791374 0.00840687 0.00927661 0.01042 0.011807 0.0132559 0.0147146 0.0161175 0.0174033 0.0186018 0.0196807 0.020623 0.0214392 0.0221707 0.0228097 0.0234155 0.0239554 0.0244202 0.0248531 0.0252434 0.02561 0.0259171 0.0261909 0.0264278 0.026646 0.0268377 0.0269835 0.0270757 0.0271657 0.0272608 0.0272905 0.0273012 0.027297 0.0272724 0.0272328 0.0271892 0.0271072 0.0270195 0.0269288 0.0268205 0.0267088 0.0265857 0.0264537 0.0263192 0.0261814 0.0260329 0.0258989 0.0257455 0.0255864 0.0254476 0.0253095 0.025143 0.0249988 0.0248696 0.0247233 0.024577 0.0244534 0.0243276 0.0241996 0.0240825 0.0239733 0.0238711 0.0237729 0.0236794 0.0236004 0.0235323 0.0234595 0.023402 0.0233639 0.0233232 0.0232853 0.0232759 0.02327 0.0232599 0.0232718 0.0233023 0.0233237 0.0233588 0.0234165 0.0234748 0.0235339 0.0236146 0.0237029 0.0237928 0.0238924 0.0240031 0.024121 0.0242448 0.0243688 0.0245054 0.0246562 0.0247946 0.0249372 0.0251051 0.025267 0.0254094 0.0255808 0.0257563 0.0259114 0.0260719 0.0262525 0.0264101 0.0265679 0.0267308 0.026895 0.0270444 0.0271812 0.0273168 0.0274711 0.0275959 0.0276837 0.027791 0.027893 0.0279712 0.0280304 0.0280692 0.0280764 0.0281052 0.0281007 0.0280508 0.0279819 0.0279082 0.0278084 0.0276677 0.0275055 0.0273242 0.0271307 0.0268936 0.026643 0.0263516 0.0260768 0.0258155 0.0255269 0.025258 0.0250208 0.0248441 0.0247529 0.0247535 0.0247937 0.0249258 0.0250921 0.0252358 0.0253181 0.0251735 0.0247632 0.0239912 0.0228058 0.0211894 0.0191354 0.0166988 0.0139716 0.0111169 0.00825939 0.0055837 0.00318882 0.001161 -0.000418578 -0.00157001 -0.00226089 -0.00255758 -0.00251945 -0.00221672 -0.00176218 -0.00121391 -0.000662197 -0.000145387 0.00029835 0.00064839 0.000904906 0.00105464 0.00111127 0.00106506 0.000929821 
0 0.00125204 0.00252936 0.00389106 0.00533561 0.00691121 0.00862454 0.0104721 0.0124638 0.0145375 0.0166566 0.0187281 0.0206357 0.0222836 0.0235343 0.0243056 0.0245369 0.0241855 0.0232886 0.0218925 0.0200986 0.0180751 0.0159869 0.0140561 0.0124713 0.0113623 0.0108282 0.0108656 0.0114543 0.0125294 0.0139943 0.015732 0.0175981 0.0194729 0.0212585 0.0229216 0.0244368 0.0257922 0.0269735 0.027998 0.0288884 0.0296859 0.0304175 0.031042 0.0316007 0.0320918 0.0325386 0.0329586 0.0333185 0.0336064 0.033861 0.0340945 0.0342746 0.0344275 0.0345222 0.0345978 0.0346511 0.0346683 0.0346434 0.0346034 0.0345555 0.0344832 0.0343746 0.0342355 0.0341293 0.0339965 0.0338266 0.0336447 0.0334903 0.0333115 0.0331229 0.0329192 0.0327285 0.0325435 0.0323396 0.0321264 0.0319383 0.0317524 0.0315381 0.0313483 0.0311694 0.0309843 0.0307916 0.0306308 0.030461 0.0303024 0.0301434 0.0300073 0.0298682 0.0297476 0.0296214 0.0295253 0.0294289 0.0293441 0.0292641 0.0292185 0.0291606 0.0291217 0.0291001 0.0290979 0.0290826 0.0291039 0.0291334 0.0291707 0.0292112 0.0292892 0.0293584 0.0294442 0.0295405 0.0296608 0.0297719 0.0299078 0.030045 0.0302044 0.0303583 0.0305284 0.0307014 0.0308997 0.0310783 0.0312739 0.0314864 0.0317007 0.0318927 0.0321185 0.0323502 0.032561 0.0327739 0.0330074 0.033237 0.0334514 0.0336645 0.0338754 0.0341082 0.0343091 0.0344914 0.03468 0.0348864 0.0350448 0.0351953 0.0353381 0.0354768 0.0355853 0.0356649 0.0357373 0.0357996 0.03582 0.0357977 0.0357768 0.0357197 0.035647 0.0355257 0.0353586 0.0351773 0.0349919 0.0347576 0.0344863 0.0342002 0.0338961 0.0336139 0.0333218 0.0330451 0.0328168 0.032675 0.0326339 0.0326875 0.0328324 0.0330537 0.0333314 0.0335885 0.0337189 0.0335781 0.0330606 0.0320603 0.0305131 0.0283991 0.0257001 0.0225086 0.0189425 0.0151793 0.0114439 0.00790778 0.0047462 0.00208083 -3.15335e-05 -0.00153948 -0.00246766 -0.00287151 -0.00281996 -0.00244654 -0.00184879 -0.00114193 -0.000427384 0.000249526 0.000819862 0.00127703 0.00160381 0.00179153 0.00185918 0.00178531 0.00159589 
0 0.00162679 0.00329038 0.00504562 0.00691121 0.00892958 0.0111174 0.0134718 0.0159894 0.0186133 0.0212797 0.0238808 0.026278 0.0283387 0.0299098 0.0308807 0.0311745 0.0307507 0.0296418 0.0279146 0.0256992 0.0231879 0.0205986 0.0181879 0.0161836 0.0147569 0.0140151 0.0139765 0.0146109 0.0158406 0.017549 0.0195873 0.0217883 0.024001 0.0261157 0.028079 0.0298614 0.0314458 0.0328177 0.0339927 0.0350017 0.0358899 0.0366823 0.0373642 0.0379561 0.0384698 0.0389286 0.039341 0.0396871 0.0399621 0.0401947 0.0403958 0.040548 0.0406539 0.0407056 0.0407344 0.0407414 0.0407091 0.0406345 0.0405394 0.0404321 0.040304 0.0401452 0.0399612 0.0397855 0.039593 0.039375 0.0391469 0.0389279 0.0386949 0.0384526 0.0382016 0.0379578 0.0377173 0.0374638 0.0372065 0.0369675 0.0367303 0.0364773 0.0362411 0.0360174 0.0357911 0.0355641 0.0353592 0.0351569 0.0349624 0.0347743 0.0346042 0.0344409 0.0342905 0.0341456 0.0340238 0.0339106 0.0338074 0.0337175 0.0336535 0.0335908 0.033544 0.0335189 0.0335099 0.0335021 0.0335221 0.033558 0.0336021 0.0336581 0.0337427 0.0338317 0.0339338 0.0340529 0.0341915 0.0343327 0.0344922 0.034663 0.0348505 0.0350414 0.0352457 0.0354612 0.0356932 0.0359191 0.036159 0.0364158 0.0366743 0.0369235 0.0371962 0.0374764 0.0377446 0.0380158 0.0383025 0.0385864 0.038861 0.0391367 0.0394138 0.039696 0.0399586 0.0402125 0.0404717 0.0407299 0.0409546 0.041172 0.0413865 0.0415904 0.0417647 0.0419111 0.042048 0.0421749 0.0422653 0.0423136 0.0423472 0.0423545 0.0423359 0.0422711 0.0421639 0.0420369 0.041892 0.0417021 0.0414707 0.0412204 0.0409632 0.0407194 0.0404753 0.0402517 0.0400895 0.0400303 0.0400948 0.0402773 0.0405698 0.040952 0.0413857 0.0417802 0.0420004 0.0418854 0.0412934 0.0401038 0.038235 0.035652 0.0323573 0.0284464 0.024078 0.0194711 0.0148862 0.0105495 0.00666612 0.00338445 0.000786414 -0.00107874 -0.00223355 -0.00274168 -0.00270076 -0.002255 -0.00153612 -0.000682781 0.000190607 0.00100854 0.00170507 0.00225857 0.00264755 0.00286909 0.00293354 0.0028311 0.00257847 
0 0.00203197 0.00412309 0.00629693 0.00862454 0.0111174 0.0138028 0.016696 0.0197481 0.0229391 0.026158 0.0292798 0.0321722 0.0346294 0.0365193 0.0376908 0.0380383 0.0375565 0.0362341 0.0341825 0.0315568 0.0285546 0.02547 0.02257 0.0201263 0.01835 0.017356 0.0171805 0.0177938 0.0191061 0.0209685 0.0232335 0.0256848 0.0281597 0.0305432 0.0327353 0.0347236 0.0364732 0.0379759 0.0392407 0.0403215 0.0412423 0.0420346 0.042727 0.043289 0.0437776 0.0441997 0.0445569 0.0448405 0.0450689 0.0452385 0.045362 0.0454596 0.0454845 0.0454695 0.0454238 0.0453651 0.0452526 0.0451146 0.0449529 0.0447701 0.0445684 0.0443495 0.0441195 0.0438578 0.0436017 0.0433305 0.0430588 0.0427633 0.0424792 0.0421807 0.041888 0.0415874 0.0412935 0.0409934 0.0406983 0.0404097 0.0401225 0.0398401 0.0395598 0.0392974 0.0390318 0.0387812 0.0385323 0.0383072 0.0380773 0.0378708 0.0376663 0.0374883 0.0373073 0.0371546 0.037005 0.036883 0.0367607 0.0366697 0.0365826 0.036523 0.0364663 0.0364425 0.0364216 0.0364287 0.0364417 0.0364865 0.0365326 0.0366086 0.0366907 0.0368022 0.036914 0.0370572 0.0372042 0.037378 0.0375514 0.0377561 0.0379614 0.03819 0.0384186 0.038676 0.0389307 0.0392042 0.03948 0.0397777 0.0400717 0.0403789 0.0406917 0.0410147 0.0413372 0.0416652 0.0420033 0.0423361 0.0426719 0.0430073 0.043358 0.0436835 0.0440133 0.0443414 0.0446823 0.044988 0.0452924 0.0455888 0.0458858 0.0461595 0.0464164 0.0466548 0.0468692 0.0470813 0.0472633 0.0474126 0.047521 0.047634 0.0476997 0.0477254 0.0477217 0.0476912 0.0476275 0.0475317 0.0474023 0.0472333 0.0470869 0.0469366 0.0467992 0.0466985 0.0466731 0.0467625 0.0469955 0.0473753 0.0478643 0.0484696 0.0491068 0.0496759 0.0500301 0.0499721 0.0493424 0.0480008 0.0458518 0.0428416 0.0390105 0.0344423 0.0293374 0.0239676 0.0185906 0.0135196 0.00896576 0.0051007 0.00205916 -0.000149463 -0.00151368 -0.00211655 -0.00209396 -0.00157323 -0.000746246 0.000244866 0.00127122 0.00221689 0.00303568 0.00367567 0.00412206 0.00437487 0.00442644 0.00429285 0.00396949 
0 0.00248388 0.00501523 0.00767098 0.0104721 0.0134718 0.016696 0.0201202 0.0237549 0.0275029 0.0312706 0.0349319 0.0382685 0.0411387 0.0433204 0.0446659 0.0450937 0.0445141 0.0430016 0.0406277 0.0375754 0.0341073 0.0305058 0.0271074 0.0242037 0.0220393 0.0207319 0.0203681 0.0208778 0.0221718 0.0241284 0.0264903 0.0291222 0.031788 0.0343427 0.0367234 0.0388409 0.0406877 0.0422577 0.0435741 0.0446501 0.0455717 0.0463258 0.0469422 0.0474539 0.0478559 0.048192 0.0484541 0.048664 0.0487848 0.0488617 0.0488941 0.0488738 0.0488125 0.0487241 0.0485927 0.0484124 0.0482344 0.0480093 0.0477656 0.0475149 0.0472485 0.0469375 0.0466298 0.0463271 0.0460109 0.045674 0.0453236 0.0449931 0.0446576 0.04431 0.0439552 0.0436219 0.0432764 0.0429405 0.0426056 0.0422765 0.0419494 0.0416411 0.0413291 0.0410269 0.0407398 0.0404613 0.0401891 0.0399332 0.0396902 0.0394564 0.039241 0.0390362 0.0388484 0.0386762 0.0385212 0.0383764 0.038258 0.0381514 0.0380615 0.03799 0.0379439 0.0379044 0.0378899 0.0378954 0.0379185 0.037953 0.0380179 0.0380946 0.0381888 0.0383017 0.0384385 0.0385832 0.0387515 0.0389355 0.0391359 0.0393501 0.0395845 0.0398281 0.0400905 0.0403669 0.040652 0.0409524 0.0412688 0.0415905 0.0419206 0.0422708 0.0426201 0.042982 0.0433516 0.0437266 0.0440997 0.0444993 0.0448861 0.0452711 0.0456622 0.0460734 0.0464699 0.0468573 0.0472381 0.0476396 0.0480371 0.0483991 0.0487647 0.0491329 0.0494805 0.0498052 0.0501451 0.0504395 0.0507154 0.0509759 0.05122 0.0514317 0.0516227 0.0517804 0.0518916 0.0519905 0.0520607 0.0521088 0.0521063 0.0521095 0.0520944 0.0520911 0.0521339 0.0522128 0.0523917 0.0527066 0.0531761 0.0537866 0.0545667 0.0554214 0.0563149 0.0571242 0.0576247 0.0576806 0.0570472 0.0555907 0.0532062 0.0498364 0.0455198 0.0403794 0.0346367 0.0285604 0.0225106 0.0167573 0.0115965 0.00722945 0.00375237 0.00126823 -0.000291701 -0.000982346 -0.00094449 -0.00037447 0.000576625 0.00169882 0.00286368 0.00395249 0.00487724 0.00560895 0.00611195 0.00638705 0.0064345 0.00625898 0.00586691 
0 0.00296095 0.00600032 0.00913298 0.0124638 0.0159894 0.0197481 0.0237549 0.0279336 0.0322583 0.0365732 0.0407273 0.0445421 0.047766 0.0502341 0.0517501 0.0521927 0.0515402 0.049792 0.0470871 0.0436272 0.0396687 0.0355701 0.0316624 0.0282717 0.0256706 0.0240056 0.0233561 0.0236895 0.0248999 0.0268162 0.0292324 0.0319239 0.034678 0.0373514 0.0398152 0.0420121 0.0439121 0.0455077 0.0468076 0.0478693 0.0487152 0.0493725 0.0499168 0.0503127 0.0506163 0.0508403 0.0509703 0.0510343 0.0510569 0.051017 0.0509217 0.0508068 0.0506233 0.0504219 0.0501848 0.0499299 0.0496451 0.0493453 0.049025 0.048682 0.0483259 0.0479737 0.0476317 0.04723 0.0468426 0.0464709 0.0461034 0.0456975 0.045313 0.0449241 0.044555 0.0441738 0.0437886 0.0434207 0.0430697 0.042706 0.042347 0.0420233 0.0416871 0.0413634 0.0410524 0.0407664 0.0404679 0.0402045 0.0399391 0.039704 0.039467 0.0392608 0.0390535 0.0388877 0.0387127 0.0385706 0.0384402 0.0383421 0.038233 0.0381725 0.0381186 0.0380854 0.0380584 0.038082 0.0380952 0.0381389 0.0382004 0.0382958 0.0383795 0.0385104 0.0386479 0.0388102 0.0389743 0.039183 0.0393849 0.0396209 0.0398584 0.040129 0.0403992 0.0407019 0.0409954 0.0413281 0.041662 0.0420077 0.0423589 0.0427487 0.043122 0.0435054 0.0439157 0.0443335 0.0447435 0.0451634 0.0456015 0.0460416 0.046496 0.0469193 0.0473705 0.0478383 0.0483042 0.0487291 0.049191 0.0496467 0.0501012 0.0505397 0.050978 0.05141 0.0518262 0.0522345 0.0526377 0.05303 0.0533751 0.0537326 0.0540495 0.0543482 0.0546371 0.0548957 0.0551115 0.0553234 0.0555125 0.0556789 0.0558806 0.0560806 0.0563324 0.0566588 0.0570923 0.0576739 0.0584346 0.059373 0.0604605 0.0616571 0.062849 0.0639025 0.0646218 0.0647972 0.0642105 0.0626962 0.0601316 0.0564564 0.051741 0.0461003 0.0397913 0.0331409 0.0264723 0.0201618 0.0144871 0.00966392 0.00586577 0.00311449 0.00141238 0.000670011 0.000705906 0.00137301 0.0024309 0.00369798 0.00502109 0.00623734 0.0072993 0.00811846 0.00868418 0.00899823 0.00903148 0.00883165 0.00836861 
0 0.00347164 0.00701417 0.0106797 0.0145375 0.0186133 0.0229391 0.0275029 0.0322583 0.0371279 0.0419643 0.0466032 0.0508167 0.0543839 0.057086 0.0587276 0.0591955 0.0584231 0.056454 0.0534143 0.0495242 0.045087 0.0404639 0.0360269 0.0321249 0.0290497 0.0269639 0.0259789 0.0260475 0.0270662 0.0288746 0.0312138 0.0338958 0.0366763 0.0393839 0.0418972 0.0441126 0.0460037 0.0475697 0.0488322 0.0498194 0.050584 0.0511346 0.0515385 0.0518112 0.0519755 0.0520568 0.0520472 0.051991 0.0518766 0.0517115 0.0514958 0.051246 0.0509615 0.0506751 0.0503466 0.0499765 0.0496132 0.0492337 0.0488431 0.04844 0.048027 0.0476011 0.0471936 0.0467643 0.0463397 0.0459197 0.045496 0.0450714 0.0446587 0.044244 0.0438385 0.0434407 0.0430318 0.0426507 0.0422812 0.0419013 0.0415279 0.0411962 0.0408515 0.040514 0.0401987 0.0399052 0.0396056 0.0393315 0.0390679 0.0388265 0.0385936 0.0383778 0.0381768 0.0380066 0.0378367 0.0376866 0.0375667 0.0374634 0.037359 0.0372944 0.0372517 0.0372105 0.0371907 0.0372128 0.0372342 0.0372698 0.0373425 0.037435 0.0375248 0.0376511 0.0378013 0.0379585 0.0381304 0.0383382 0.038552 0.0387843 0.0390329 0.0393054 0.0395885 0.039892 0.0401985 0.0405388 0.040888 0.0412405 0.0416072 0.0420135 0.042403 0.0428048 0.0432356 0.0436761 0.0441046 0.0445635 0.0450296 0.0454955 0.0459729 0.0464589 0.0469557 0.0474567 0.0479519 0.0484541 0.048988 0.0494986 0.0500091 0.0505249 0.0510478 0.0515689 0.0520962 0.0525898 0.0530898 0.0536012 0.0540894 0.0545673 0.0550299 0.0554837 0.0559214 0.0563467 0.0567434 0.0571482 0.0575379 0.0579355 0.0583466 0.0587817 0.0593013 0.0599144 0.0606639 0.061579 0.0626813 0.0639663 0.0654312 0.0669776 0.0685066 0.0698603 0.0708023 0.0711469 0.0706324 0.0690886 0.0663917 0.0624836 0.0574401 0.0514099 0.0446604 0.0375252 0.0303837 0.0235961 0.0174954 0.0123222 0.00823546 0.00531103 0.00350853 0.00274653 0.0028443 0.0036053 0.00481207 0.00624256 0.00772961 0.00911372 0.0103119 0.0112505 0.0119006 0.01226 0.0123125 0.0120872 0.0115725 
0 0.00399628 0.00806196 0.0122631 0.0166566 0.0212797 0.026158 0.0312706 0.0365732 0.0419643 0.0472908 0.0523682 0.0569502 0.06081 0.0637039 0.0654321 0.0658741 0.0649545 0.062732 0.0593407 0.0550203 0.0501037 0.0449628 0.0399951 0.035564 0.031976 0.0294228 0.0280266 0.0277583 0.0285109 0.0301171 0.0323097 0.0348905 0.0376139 0.0402903 0.0427877 0.0449819 0.0468411 0.0483589 0.0495598 0.0504632 0.0511171 0.0515452 0.0518105 0.0519542 0.051984 0.0519235 0.0517686 0.0515719 0.0513302 0.0510482 0.0507227 0.0503592 0.0499784 0.0495956 0.0491856 0.0487392 0.0483095 0.0478711 0.0474256 0.0469671 0.0465065 0.0460538 0.0456147 0.0451552 0.0446949 0.0442599 0.0438236 0.0433869 0.0429507 0.0425296 0.0421201 0.0417167 0.0413 0.0409165 0.0405474 0.0401667 0.039795 0.039462 0.0391243 0.0387877 0.0384781 0.0381864 0.0378976 0.0376238 0.0373697 0.0371322 0.0369098 0.0366949 0.0365055 0.0363383 0.0361778 0.0360295 0.0359201 0.0358179 0.0357218 0.035658 0.0356232 0.0355813 0.0355679 0.0355886 0.0356154 0.0356478 0.0357248 0.0358139 0.0359065 0.0360274 0.0361809 0.0363324 0.0365052 0.036707 0.0369239 0.0371482 0.0373979 0.037666 0.0379509 0.0382467 0.0385574 0.0388945 0.0392451 0.0395947 0.039968 0.0403739 0.0407678 0.041172 0.0416115 0.0420614 0.0424965 0.0429622 0.0434441 0.043933 0.0444203 0.0449233 0.0454429 0.0459804 0.0465028 0.0470372 0.0476028 0.048166 0.0487266 0.049298 0.049883 0.0504731 0.0510738 0.0516529 0.0522537 0.0528694 0.0534741 0.0540634 0.0546593 0.055263 0.0558652 0.0564577 0.0570313 0.057624 0.0582235 0.0588534 0.0595038 0.0602052 0.0610096 0.061938 0.0630252 0.0642978 0.0657771 0.0674567 0.0693261 0.0712622 0.0731499 0.0748086 0.0759999 0.0765241 0.0761149 0.0745874 0.0718095 0.0677355 0.062443 0.0561103 0.0490184 0.0415157 0.0340096 0.0268701 0.0204574 0.0150325 0.010759 0.00772787 0.0058923 0.00516253 0.00535804 0.00625911 0.00764306 0.0092742 0.0109648 0.0125496 0.0139243 0.0150146 0.0157831 0.0162216 0.0163218 0.0161028 0.0155627 
0 0.00450292 0.00909427 0.0138009 0.0187281 0.0238808 0.0292798 0.0349319 0.0407273 0.0466032 0.0523682 0.0578078 0.0627175 0.0667899 0.069824 0.0715993 0.0719599 0.070886 0.068384 0.0646335 0.059889 0.054484 0.0488299 0.0433262 0.0383547 0.034226 0.0311809 0.029312 0.0286461 0.0290704 0.0303757 0.0323704 0.0347725 0.0373796 0.0399917 0.0424258 0.0445752 0.0463814 0.0478414 0.0489598 0.0497964 0.0503366 0.0506458 0.0507945 0.0508009 0.0507094 0.05052 0.0502492 0.0499183 0.0495845 0.0492023 0.0487779 0.0483376 0.0478858 0.0474318 0.0469599 0.0464826 0.0459896 0.0455227 0.0450516 0.0445678 0.0440725 0.0436175 0.0431741 0.0426985 0.0422283 0.0417932 0.041374 0.0409285 0.0404965 0.0400806 0.0396927 0.0392869 0.0388886 0.0385116 0.0381601 0.0377906 0.037438 0.0371128 0.0367948 0.0364756 0.036179 0.0359034 0.035632 0.0353751 0.0351331 0.0349155 0.0347035 0.0345077 0.0343281 0.0341776 0.0340243 0.0338951 0.0337883 0.0337006 0.0336097 0.0335586 0.0335209 0.0334928 0.0334779 0.0335042 0.0335266 0.0335683 0.0336353 0.0337272 0.033813 0.0339348 0.0340745 0.0342273 0.0343872 0.0345846 0.0347882 0.0350078 0.0352419 0.0355046 0.0357746 0.0360601 0.0363599 0.0366875 0.0370227 0.0373629 0.0377293 0.0381197 0.0385078 0.0389005 0.0393342 0.0397739 0.0402133 0.0406596 0.0411448 0.041634 0.04213 0.0426184 0.0431481 0.0436965 0.0442393 0.0447742 0.0453529 0.0459532 0.0465384 0.0471346 0.04776 0.04841 0.0490401 0.0496913 0.0503635 0.0510572 0.0517416 0.0524398 0.0531398 0.0538616 0.0546142 0.0553469 0.056085 0.0568542 0.0576703 0.0585064 0.0594092 0.0603793 0.0614693 0.0627387 0.0641808 0.0658311 0.0677038 0.0698059 0.0720684 0.0744157 0.0766643 0.0786184 0.0800835 0.0807768 0.0804902 0.0790033 0.0761794 0.0719976 0.066541 0.0600034 0.0526778 0.0449443 0.0371782 0.0298184 0.0232043 0.0176148 0.0132675 0.010191 0.00840419 0.00777531 0.00811091 0.00922439 0.0108233 0.0127069 0.0146568 0.0164831 0.0180998 0.0193894 0.0203302 0.0209051 0.0210918 0.0209297 0.0203997 
0 0.00498737 0.0100313 0.015247 0.0206357 0.026278 0.0321722 0.0382685 0.0445421 0.0508167 0.0569502 0.0627175 0.0678381 0.0720913 0.0751878 0.07694 0.0772099 0.0759168 0.0731414 0.0690292 0.0638556 0.0579898 0.0518311 0.0458002 0.040291 0.0356276 0.032045 0.029696 0.0285782 0.028597 0.0295841 0.0312801 0.033471 0.0359269 0.0384202 0.0407867 0.0428832 0.0446315 0.0460319 0.0471128 0.0478624 0.0483371 0.0485718 0.0486002 0.0485207 0.0483289 0.0480347 0.0476725 0.0472811 0.0468525 0.046407 0.0459354 0.0454256 0.0449383 0.0444606 0.0439745 0.0434542 0.0429618 0.0424826 0.0420062 0.0415282 0.0410622 0.0406002 0.0401391 0.0397083 0.0392712 0.0388445 0.0384165 0.0380167 0.0376087 0.0372237 0.0368367 0.036466 0.0360961 0.0357488 0.0354083 0.0350734 0.0347497 0.0344435 0.0341535 0.0338607 0.0335916 0.0333332 0.0330957 0.0328535 0.0326439 0.0324383 0.0322569 0.0320723 0.0319241 0.0317759 0.0316532 0.0315306 0.0314457 0.0313564 0.0312949 0.0312386 0.031216 0.0311864 0.0311908 0.0312008 0.0312383 0.0312722 0.0313451 0.0314178 0.0315165 0.0316179 0.0317569 0.0318904 0.0320535 0.0322224 0.0324245 0.0326196 0.0328476 0.0330827 0.0333451 0.033602 0.0338934 0.034193 0.0345113 0.034831 0.0351823 0.0355422 0.035913 0.0362965 0.0367008 0.0371174 0.0375377 0.0379838 0.0384397 0.0389082 0.0393732 0.0398836 0.0403959 0.040912 0.0414283 0.0419971 0.0425691 0.0431486 0.0437349 0.0443468 0.0449832 0.0456422 0.0463174 0.0469841 0.0476871 0.0484255 0.0491892 0.0499336 0.0507215 0.051544 0.0523785 0.0532352 0.0541203 0.0550428 0.056028 0.0570892 0.058191 0.059419 0.0608107 0.0623894 0.0641946 0.0662255 0.068489 0.0709873 0.0736681 0.0763834 0.0789826 0.0812452 0.0829299 0.0838159 0.0836388 0.0821973 0.0793697 0.0751293 0.0695759 0.0629285 0.0554834 0.0476063 0.0397312 0.0322456 0.0255405 0.0199223 0.0155535 0.0125588 0.0108824 0.0104117 0.0109863 0.0123307 0.014236 0.0164288 0.0186844 0.0208508 0.0227468 0.0243229 0.0255058 0.0262661 0.0266307 0.0265632 0.0261115 
0 0.00538989 0.0108587 0.0164691 0.0222836 0.0283387 0.0346294 0.0411387 0.047766 0.0543839 0.06081 0.0667899 0.0720913 0.0764176 0.0795285 0.0812203 0.081323 0.0798157 0.0767335 0.0722601 0.0666881 0.0603783 0.0537517 0.0472328 0.0412102 0.0360098 0.0319157 0.0290394 0.0274504 0.0270535 0.0276445 0.0290531 0.0309838 0.0332489 0.0356228 0.0378982 0.0399465 0.0416719 0.0430617 0.0441079 0.0448511 0.0452761 0.0454596 0.0454515 0.0453136 0.0450738 0.0447321 0.0443326 0.04387 0.043421 0.0429494 0.0424544 0.0419495 0.0414609 0.0409623 0.0404727 0.0399994 0.0395102 0.0390593 0.0386082 0.0381549 0.0376988 0.0372907 0.0368814 0.0364702 0.0360487 0.0356618 0.0353004 0.0349215 0.0345421 0.0341882 0.0338557 0.0335085 0.033184 0.0328598 0.0325596 0.0322589 0.0319769 0.0316921 0.0314397 0.0311825 0.0309435 0.0307142 0.0305063 0.0302963 0.0301119 0.0299355 0.0297726 0.0296215 0.0294899 0.0293639 0.029256 0.0291636 0.0290807 0.0290119 0.028962 0.0289221 0.0288931 0.0288852 0.0288886 0.0289022 0.0289335 0.0289823 0.0290379 0.0291107 0.0292017 0.0293024 0.0294165 0.02955 0.0296954 0.0298512 0.0300292 0.0302163 0.0304177 0.0306352 0.0308717 0.0311093 0.0313757 0.0316502 0.0319391 0.0322353 0.032564 0.0328873 0.0332353 0.0335881 0.0339678 0.0343505 0.0347548 0.0351504 0.0355869 0.0360363 0.0364825 0.0369309 0.0374223 0.0379306 0.038435 0.0389493 0.039485 0.0400659 0.0406375 0.0412269 0.0418458 0.0425012 0.0431417 0.0438359 0.0445573 0.0453008 0.0460701 0.04686 0.0476823 0.0485553 0.0494805 0.0504074 0.0513902 0.0524251 0.0535594 0.0547695 0.0560871 0.0575474 0.0591876 0.0610744 0.0631968 0.0655789 0.0682169 0.0711107 0.0741497 0.0772314 0.0801369 0.0826399 0.0845523 0.085569 0.0855008 0.0841187 0.0812945 0.0770415 0.0714534 0.0647633 0.0572813 0.0493882 0.0414838 0.034013 0.0273324 0.0217614 0.0175125 0.0146425 0.0131689 0.0129415 0.0137839 0.0154696 0.0177169 0.0202961 0.0229521 0.0254999 0.0277909 0.0297144 0.0312196 0.0322679 0.0328566 0.0329867 0.0326687 
0 0.00570253 0.0114743 0.0174095 0.0235343 0.0299098 0.0365193 0.0433204 0.0502341 0.057086 0.0637039 0.069824 0.0751878 0.0795285 0.0825772 0.0841447 0.0840697 0.082319 0.0789499 0.0741421 0.0681989 0.0614868 0.0544334 0.047459 0.0409603 0.0352725 0.0306723 0.0273095 0.0252445 0.0244037 0.0246108 0.0256834 0.0273583 0.0294414 0.0316971 0.033911 0.0359445 0.0376715 0.0390779 0.0401574 0.0409172 0.0413746 0.0415831 0.0415782 0.0414394 0.0411949 0.0408473 0.0404571 0.0400196 0.0395755 0.039119 0.0386461 0.0381657 0.0377079 0.0372555 0.0368124 0.0363733 0.0359284 0.0355184 0.0351108 0.0347129 0.0343252 0.0339466 0.0335607 0.0332108 0.032861 0.0325099 0.0321712 0.0318415 0.0315215 0.0312145 0.0309075 0.0306039 0.0303313 0.0300503 0.029779 0.0295251 0.0292855 0.029037 0.0288194 0.0286043 0.0284004 0.028205 0.0280295 0.0278539 0.0277023 0.0275524 0.027416 0.0272955 0.0271892 0.0270793 0.0269967 0.0269269 0.0268564 0.0267998 0.026772 0.0267393 0.0267148 0.0267185 0.0267314 0.0267386 0.0267739 0.0268266 0.0268753 0.0269376 0.0270299 0.0271195 0.0272171 0.0273398 0.0274756 0.0276081 0.0277672 0.0279381 0.028117 0.0283074 0.0285205 0.0287337 0.0289714 0.0292155 0.0294734 0.0297441 0.0300383 0.0303244 0.0306416 0.0309707 0.0313051 0.0316481 0.0320259 0.032398 0.0327861 0.0331899 0.0336063 0.0340409 0.0344911 0.0349383 0.0354084 0.0359141 0.0364155 0.0369398 0.0374786 0.0380391 0.0386261 0.0392504 0.0398732 0.0405335 0.0412232 0.0419501 0.042717 0.0435058 0.0443358 0.0452214 0.046153 0.047124 0.0481742 0.0492886 0.0505206 0.0518595 0.053322 0.054972 0.0568486 0.0589919 0.0614174 0.0641214 0.0670892 0.0703148 0.0736752 0.0770448 0.0802054 0.0829203 0.0849785 0.0861055 0.0860939 0.0847366 0.0819275 0.0776786 0.0721104 0.0654564 0.05803 0.0502058 0.0423906 0.0350178 0.0284568 0.0230402 0.0189679 0.0163299 0.01512 0.0151988 0.0164015 0.0184666 0.0211447 0.0241753 0.0272964 0.0303292 0.0330796 0.0354544 0.0373727 0.0387849 0.0397014 0.04009 0.039986 
0 0.00589441 0.0118498 0.0179885 0.0243056 0.0308807 0.0376908 0.0446659 0.0517501 0.0587276 0.0654321 0.0715993 0.07694 0.0812203 0.0841447 0.0855373 0.085254 0.0832421 0.0795925 0.0744774 0.0682111 0.0611636 0.053758 0.0464078 0.0395032 0.0333905 0.0283285 0.0245114 0.0219924 0.0207215 0.0205622 0.0213081 0.0227424 0.0246492 0.0267974 0.0289739 0.0310276 0.03282 0.0343108 0.0354942 0.0363364 0.0368871 0.0371778 0.0372458 0.0371754 0.0369878 0.0366997 0.0363583 0.03598 0.035575 0.035174 0.0347645 0.0343524 0.0339523 0.0335526 0.0331714 0.0327949 0.0324292 0.0320778 0.0317289 0.0313846 0.0310675 0.0307462 0.0304189 0.0301239 0.029828 0.0295295 0.0292409 0.0289676 0.0286949 0.0284379 0.0281699 0.0279211 0.0276935 0.0274584 0.0272215 0.0270182 0.0268193 0.0266117 0.0264276 0.0262553 0.0260881 0.0259275 0.0257825 0.0256421 0.0255233 0.0253988 0.0252895 0.0251979 0.0251166 0.0250227 0.0249654 0.0249152 0.0248592 0.0248138 0.0248067 0.0247802 0.0247634 0.024775 0.0247978 0.0247997 0.02484 0.0248932 0.0249384 0.0249901 0.0250833 0.0251613 0.0252459 0.0253559 0.025483 0.0255932 0.0257345 0.0258886 0.026047 0.0262097 0.0264 0.0265902 0.0267982 0.0270118 0.0272396 0.0274839 0.0277414 0.0279937 0.0282747 0.0285761 0.0288674 0.0291752 0.0295125 0.0298529 0.0301952 0.0305647 0.0309373 0.0313325 0.0317366 0.0321468 0.0325764 0.0330365 0.0334872 0.033962 0.0344694 0.0349855 0.035521 0.0360844 0.0366734 0.037292 0.0379457 0.038627 0.039355 0.0401114 0.0409212 0.0417952 0.0427126 0.0436974 0.0447646 0.0459168 0.0471978 0.0486285 0.0502078 0.0520119 0.0540772 0.0564224 0.0590925 0.0620606 0.0653123 0.0688118 0.0724355 0.0760208 0.0793577 0.0822091 0.0843384 0.0855196 0.0855195 0.0841649 0.0813649 0.0771311 0.0716094 0.0650309 0.0577176 0.0500319 0.0423924 0.0352071 0.028859 0.0236838 0.0198639 0.0175306 0.0166446 0.017089 0.018709 0.021215 0.0243905 0.0279402 0.0316019 0.0351937 0.038483 0.0413891 0.0438016 0.0456629 0.0469892 0.0477207 0.0479081 
0 0.00593596 0.0119666 0.0181368 0.0245369 0.0311745 0.0380383 0.0450937 0.0521927 0.0591955 0.0658741 0.0719599 0.0772099 0.081323 0.0840697 0.085254 0.0847286 0.0824788 0.0785711 0.073201 0.0666774 0.0593717 0.0516864 0.0440499 0.0368292 0.0303588 0.0249412 0.020716 0.017801 0.0161546 0.015631 0.0161005 0.0173139 0.0190736 0.0211581 0.0233433 0.0254542 0.0273686 0.0290121 0.0303307 0.0313512 0.0320529 0.0324884 0.0327097 0.0327561 0.0326702 0.0324917 0.0322628 0.0319644 0.0316639 0.031345 0.0310151 0.0306993 0.0303897 0.0300631 0.0297496 0.029473 0.0291743 0.0288909 0.0286096 0.0283442 0.0280755 0.0278189 0.0275628 0.0273168 0.02707 0.026827 0.0266036 0.0263686 0.0261511 0.0259356 0.0257268 0.0255161 0.0253407 0.0251433 0.0249571 0.0247904 0.0246381 0.0244687 0.0243223 0.0241877 0.0240588 0.0239333 0.0238158 0.0237138 0.0236213 0.0235281 0.0234389 0.0233817 0.0233151 0.0232491 0.0232043 0.0231813 0.0231311 0.0231087 0.0231058 0.0230987 0.0230801 0.0231086 0.0231271 0.0231404 0.0231723 0.0232352 0.0232675 0.0233232 0.0234018 0.0234812 0.0235451 0.0236525 0.023759 0.0238608 0.0239755 0.0241206 0.0242522 0.0243961 0.0245575 0.0247308 0.0249057 0.0250919 0.0252914 0.0255063 0.0257288 0.0259477 0.0261992 0.0264586 0.0267179 0.0269855 0.0272933 0.0275824 0.0278913 0.0282194 0.0285657 0.0288988 0.0292635 0.0296406 0.0300354 0.0304315 0.0308398 0.0312798 0.0317323 0.0322004 0.0326854 0.0332001 0.0337212 0.0343046 0.0349013 0.0355194 0.0361875 0.0369129 0.0376699 0.0384876 0.0393832 0.0403328 0.0413915 0.0425556 0.0438604 0.0453229 0.0470014 0.0489166 0.0511141 0.05365 0.0565049 0.0596918 0.0631711 0.0668755 0.0706686 0.074401 0.0778286 0.0807193 0.08287 0.084002 0.0839576 0.08256 0.0797239 0.0755156 0.070054 0.0635909 0.0564423 0.048966 0.0415563 0.0346365 0.0285704 0.0236806 0.0201982 0.018196 0.0176957 0.0185649 0.0206187 0.0236454 0.0273413 0.0314659 0.035743 0.039928 0.043858 0.0473526 0.0503344 0.0527394 0.054516 0.0556822 0.0562074 
0 0.0058487 0.0117706 0.0178766 0.0241855 0.0307507 0.0375565 0.0445141 0.0515402 0.0584231 0.0649545 0.070886 0.0759168 0.0798157 0.082319 0.0832421 0.0824788 0.0799832 0.0758594 0.0702984 0.0635973 0.0561219 0.0482793 0.0404516 0.033019 0.0263238 0.0206023 0.0160893 0.0128402 0.0108506 0.0100523 0.0102491 0.0112905 0.0129447 0.0149949 0.0172239 0.0194585 0.0215432 0.0233789 0.0249411 0.0261594 0.0270939 0.027752 0.0281673 0.0283885 0.0284634 0.028431 0.0283219 0.0281893 0.0279868 0.0277755 0.0275593 0.0273467 0.027118 0.0268971 0.0266847 0.0264644 0.0262649 0.0260475 0.0258345 0.0256266 0.0254586 0.0252481 0.0250293 0.0248379 0.0246786 0.0244897 0.0242834 0.0241064 0.0239497 0.0237911 0.0236029 0.0234499 0.0233089 0.0231707 0.0230091 0.0228898 0.0227665 0.022649 0.022524 0.0224303 0.0223309 0.0222409 0.022147 0.0220779 0.0220105 0.0219414 0.0218784 0.0218403 0.0217963 0.0217472 0.021724 0.0217088 0.0216812 0.0216655 0.0216773 0.021673 0.0216726 0.0216964 0.021726 0.0217376 0.021778 0.0218293 0.0218701 0.0219159 0.0219936 0.0220595 0.0221243 0.0222135 0.0223134 0.0223995 0.0225027 0.0226277 0.0227458 0.0228682 0.0230084 0.0231639 0.023311 0.0234743 0.0236469 0.0238419 0.0240221 0.0242229 0.024437 0.0246757 0.024886 0.0251296 0.0253922 0.0256708 0.0259218 0.0262061 0.0265147 0.0268416 0.0271453 0.0274604 0.0278218 0.0281991 0.0285607 0.0289242 0.0293472 0.0297686 0.0302019 0.0306487 0.0311491 0.0316482 0.0321811 0.0327493 0.0333607 0.0340183 0.034727 0.0354894 0.0363018 0.0372384 0.0382631 0.0394131 0.0407112 0.0422094 0.0439276 0.0459314 0.0482562 0.050902 0.0539274 0.0572745 0.0609135 0.064749 0.0686524 0.0724242 0.0758609 0.0787303 0.0807713 0.081821 0.0816478 0.0801465 0.077274 0.073054 0.0676689 0.0613418 0.0543835 0.0471483 0.0400303 0.033409 0.0276751 0.0231383 0.0199959 0.0183937 0.0182872 0.0195946 0.0221443 0.0256703 0.0299521 0.0346753 0.0395817 0.0444415 0.0490099 0.0531656 0.0567659 0.0597372 0.0620599 0.0636746 0.0646077 
0 0.00560758 0.011317 0.0171788 0.0232886 0.0296418 0.0362341 0.0430016 0.049792 0.056454 0.062732 0.068384 0.0731414 0.0767335 0.0789499 0.0795925 0.0785711 0.0758594 0.0715585 0.0658672 0.0590702 0.051541 0.0436346 0.035752 0.0282361 0.021402 0.0155272 0.0107835 0.00728603 0.00504361 0.00399099 0.00399595 0.00490077 0.00647951 0.00852885 0.0108462 0.0132185 0.0155316 0.017637 0.0194599 0.0209771 0.0221796 0.0230952 0.023766 0.0242161 0.0244844 0.0246465 0.0247132 0.0247139 0.0246555 0.0245671 0.0244702 0.0243738 0.0242632 0.0241212 0.0239777 0.0238563 0.0237407 0.023592 0.0234485 0.02331 0.0231716 0.0230294 0.022894 0.0227507 0.0226104 0.0224727 0.0223361 0.0222072 0.0220801 0.0219523 0.0218238 0.0217113 0.0216022 0.0214952 0.0213815 0.0212884 0.0212016 0.0211148 0.0210225 0.0209537 0.0208875 0.0208205 0.020754 0.0207089 0.0206622 0.0206154 0.0205753 0.0205522 0.0205235 0.0204975 0.0204845 0.0204798 0.0204675 0.0204667 0.0204778 0.0204865 0.0204958 0.0205221 0.0205498 0.0205745 0.0206116 0.0206596 0.0207012 0.020751 0.020815 0.0208792 0.0209413 0.0210211 0.0211065 0.0211896 0.0212796 0.0213885 0.0214946 0.0216033 0.0217244 0.0218626 0.0219925 0.0221321 0.0222875 0.0224562 0.0226144 0.022791 0.022982 0.0231817 0.0233769 0.0235939 0.0238195 0.0240542 0.0242918 0.0245509 0.0248182 0.0250866 0.0253654 0.0256748 0.02599 0.0262958 0.0266228 0.0269743 0.0273435 0.0277199 0.0281046 0.0284964 0.028938 0.0294079 0.0298874 0.030381 0.0309288 0.0315316 0.0321782 0.0328744 0.0336505 0.0345255 0.0355065 0.0366341 0.037916 0.0394223 0.0412005 0.0432718 0.0456677 0.0484326 0.0515559 0.0550262 0.0587854 0.0626884 0.0666194 0.0703681 0.0737221 0.0764615 0.0783561 0.0792115 0.0788719 0.0772352 0.0742658 0.0700481 0.0647188 0.0585345 0.05179 0.0448229 0.0380205 0.0317425 0.0263685 0.0221888 0.0194321 0.0182042 0.018506 0.0202579 0.0232641 0.0273268 0.0321581 0.0374869 0.0430458 0.0485484 0.053809 0.0586173 0.0628565 0.0664448 0.069299 0.0714259 0.0727756 
0 0.00524908 0.0106059 0.0161188 0.0218925 0.0279146 0.0341825 0.0406277 0.0470871 0.0534143 0.0593407 0.0646335 0.0690292 0.0722601 0.0741421 0.0744774 0.073201 0.0702984 0.0658672 0.0601216 0.0533208 0.0458259 0.0379719 0.030131 0.0226401 0.0157922 0.0098561 0.00500135 0.00134388 -0.00108733 -0.00232717 -0.0024807 -0.00168163 -0.000138585 0.00194706 0.0043796 0.0069418 0.00950552 0.0119013 0.0140379 0.0158786 0.017403 0.01864 0.0196064 0.0203153 0.020817 0.0211839 0.0214386 0.0216248 0.0217262 0.0217698 0.0217976 0.0218064 0.021792 0.0217546 0.0217034 0.0216531 0.0216034 0.0215152 0.0214285 0.0213514 0.0212752 0.0211815 0.0210747 0.0209698 0.0208924 0.0208034 0.020688 0.0205911 0.0205101 0.0204222 0.0203267 0.0202426 0.0201617 0.0200929 0.020013 0.0199418 0.0198817 0.0198271 0.0197599 0.0197144 0.0196715 0.0196265 0.0195842 0.0195588 0.0195264 0.019501 0.0194816 0.0194671 0.0194521 0.0194473 0.0194426 0.0194422 0.0194478 0.0194577 0.0194676 0.0194857 0.0195083 0.0195317 0.0195598 0.019596 0.0196331 0.0196732 0.0197209 0.0197734 0.0198263 0.0198872 0.0199532 0.0200222 0.020096 0.0201788 0.0202608 0.0203528 0.020451 0.0205519 0.020656 0.0207791 0.0208964 0.0210197 0.0211584 0.0213078 0.0214446 0.0216056 0.0217775 0.0219501 0.0221224 0.02232 0.0225222 0.0227349 0.0229423 0.0231669 0.0234183 0.0236732 0.0239097 0.0241758 0.0244724 0.0247627 0.025056 0.0253634 0.0256946 0.0260413 0.026393 0.0267506 0.0271537 0.027566 0.0279898 0.0284447 0.0289464 0.0294939 0.030086 0.0307138 0.0314285 0.0322658 0.0332154 0.0343178 0.0355911 0.0371032 0.038914 0.0410484 0.0435236 0.0463816 0.0496022 0.0531605 0.0569775 0.060894 0.0647851 0.0684376 0.0716483 0.0741976 0.0758638 0.076475 0.075904 0.0740811 0.0710053 0.0667682 0.061511 0.0554877 0.0489703 0.0422944 0.035822 0.0298969 0.0248893 0.0210681 0.0186754 0.0178126 0.0184897 0.0206446 0.0240806 0.028617 0.0339659 0.0398563 0.0460199 0.0521551 0.0580659 0.0635226 0.0683909 0.0725742 0.0759741 0.0785889 0.0803606 
