0 0 0 0 0 0 0 0 0 0 0 0 0 0 0 0 0 0 0 0 0 0 0 0 0 0 0 0 0 0 0 0 0 0 0 0 0 0 0 0 0 0 0 0 0 0 0 0 0 0 0 0 0 0 0 0 0 0 0 0 0 0 0 0 0 0 0 0 0 0 0 0 0 0 0 0 0 0 0 0 0 0 0 0 0 0 0 0 0 0 0 0 0 0 0 0 0 0 0 0 0 0 0 0 0 0 0 0 0 0 0 0 0 0 0 0 0 0 0 0 0 0 0 0 0 0 0 0 0 0 0 0 0 0 0 0 0 0 0 0 0 0 0 0 0 0 0 0 0 0 0 0 0 0 0 0 0 0 0 0 0 0 0 0 0 0 0 0 0 0 0 0 0 0 0 0 0 0 0 0 0 0 0 0 0 0 0 0 0 0 0 0 0 0 0 0 0 0 0 0 
0 -0.00191679 -0.00378582 -0.00554279 -0.00717239 -0.00862838 -0.00990426 -0.0109982 -0.0119045 -0.0126592 -0.0132652 -0.013753 -0.0141356 -0.014427 -0.0146572 -0.014837 -0.0149903 -0.0151069 -0.0151962 -0.0152463 -0.0152669 -0.0152626 -0.0152078 -0.0151226 -0.0149701 -0.0147797 -0.0145463 -0.0142489 -0.0139149 -0.013513 -0.0130802 -0.0126139 -0.0121075 -0.0115726 -0.0110176 -0.0104495 -0.00987866 -0.0093073 -0.00872396 -0.00817715 -0.00763661 -0.00711933 -0.00662567 -0.0061487 -0.00571265 -0.00529722 -0.00490718 -0.00454142 -0.00421966 -0.00391218 -0.0036299 -0.00336917 -0.00313611 -0.00292224 -0.0027263 -0.00255417 -0.00239439 -0.00226365 -0.00212851 -0.00201117 -0.00191706 -0.00183414 -0.00174424 -0.00168418 -0.00162572 -0.0015615 -0.00151451 -0.00147847 -0.00144266 -0.00140567 -0.00137742 -0.00134835 -0.00132648 -0.00130174 -0.00129272 -0.00127016 -0.0012451 -0.0012324 -0.00123306 -0.00121018 -0.00119353 -0.0011868 -0.00118143 -0.00116715 -0.00115838 -0.00115011 -0.00114483 -0.00113596 -0.00112906 -0.00112502 -0.0011184 -0.00111184 -0.00111049 -0.00110587 -0.00109855 -0.00109976 -0.00109701 -0.00109087 -0.00109141 -0.00109295 -0.00108634 -0.00108817 -0.00109081 -0.00108748 -0.00108751 -0.00109322 -0.00109131 -0.00109254 -0.00109805 -0.00109951 -0.0011012 -0.00110766 -0.001112 -0.00111404 -0.00112031 -0.00112808 -0.00113678 -0.00113684 -0.0011445 -0.00116053 -0.00117157 -0.00116786 -0.00118346 -0.00120022 -0.00121346 -0.00122078 -0.00123675 -0.00124785 -0.00127117 -0.00128633 -0.00130569 -0.00132123 -0.00133814 -0.00135946 -0.00138681 -0.00139963 -0.00141747 -0.00144245 -0.00144733 -0.00146107 -0.00147952 -0.00148656 -0.00147637 -0.00147878 -0.00146534 -0.00144796 -0.00141838 -0.00138934 -0.00134692 -0.00129004 -0.00122389 -0.00114415 -0.00106501 -0.000964262 -0.000850388 -0.000725529 -0.000599965 -0.00044046 -0.000280844 -0.000109658 7.45061e-05 0.000256543 0.00046921 0.000679128 0.000893085 0.00111644 0.00135106 0.00158075 0.00181555 0.00203614 0.00225477 0.00248014 0.00267085 0.00285751 0.00300755 0.00313695 0.00323999 0.00328787 0.00329647 0.00324639 0.00315363 0.0030032 0.00279564 0.00252912 0.00221697 0.00188445 0.00153823 0.00122034 0.000939583 0.000746448 0.000670492 0.000720053 0.000915475 0.00121147 0.00159706 0.00202343 0.00243624 0.00280151 0.00303876 0.00312475 
0 -0.00378582 -0.00745577 -0.0109384 -0.014132 -0.0170027 -0.0195146 -0.0216478 -0.0234392 -0.0249026 -0.0260895 -0.0270418 -0.0277767 -0.0283486 -0.0287899 -0.0291392 -0.0294388 -0.0296727 -0.0298489 -0.0299677 -0.0300176 -0.0300215 -0.0299455 -0.0297734 -0.0295134 -0.02915 -0.0287076 -0.0281719 -0.0275217 -0.026786 -0.0259645 -0.0250745 -0.0241189 -0.0230901 -0.0220222 -0.0209343 -0.0198385 -0.0187215 -0.0176164 -0.0165295 -0.0154728 -0.0144603 -0.0134598 -0.0125251 -0.0116529 -0.0108216 -0.010037 -0.00931462 -0.00863441 -0.00801933 -0.0074468 -0.00690244 -0.00644603 -0.00601063 -0.00560336 -0.00524077 -0.00492587 -0.00462674 -0.00437004 -0.00413714 -0.00393302 -0.00375095 -0.00357476 -0.00343334 -0.00330613 -0.00320495 -0.00309565 -0.00300738 -0.00292712 -0.00286642 -0.00278745 -0.00275017 -0.00270725 -0.00264404 -0.00259472 -0.002582 -0.00254679 -0.00250369 -0.00247692 -0.00245023 -0.00243218 -0.00240812 -0.00238491 -0.00235903 -0.00235199 -0.00232912 -0.00231821 -0.00229509 -0.00229018 -0.00227451 -0.00226765 -0.00224657 -0.00225214 -0.00223435 -0.00222915 -0.00222143 -0.00222533 -0.00220444 -0.0022145 -0.00220738 -0.00220496 -0.00219853 -0.00221276 -0.0021973 -0.00220704 -0.0022084 -0.00221421 -0.00220746 -0.00222714 -0.00222311 -0.0022341 -0.0022368 -0.00225387 -0.0022567 -0.00227421 -0.00227649 -0.00229804 -0.00231032 -0.0023307 -0.0023408 -0.00235694 -0.00238014 -0.00241932 -0.00242781 -0.00243492 -0.00248527 -0.00252401 -0.0025368 -0.00256621 -0.00261779 -0.00263917 -0.0026825 -0.00272647 -0.0027728 -0.00279376 -0.00283692 -0.00287955 -0.00292304 -0.00294085 -0.00297455 -0.00299265 -0.00299696 -0.00300379 -0.00299218 -0.0029774 -0.00294432 -0.00288153 -0.0028029 -0.00273917 -0.00261542 -0.00248561 -0.00234576 -0.00217044 -0.00196865 -0.00174076 -0.00149 -0.00122614 -0.000935519 -0.000597269 -0.000261047 0.000102739 0.000492657 0.000907313 0.00133462 0.00176376 0.00220678 0.00266221 0.00313407 0.00358335 0.00402731 0.0044688 0.00488562 0.00528015 0.00561887 0.00590674 0.00615755 0.00633468 0.00643188 0.006435 0.00632974 0.00613969 0.00583715 0.00541356 0.00488914 0.00426645 0.00360473 0.0029391 0.0023009 0.00177533 0.00140369 0.00126548 0.00140312 0.00178812 0.00241873 0.00319983 0.00406553 0.00493132 0.0056576 0.00617469 0.00635473 
0 -0.00554279 -0.0109384 -0.0160176 -0.0207061 -0.0248938 -0.0285497 -0.0316663 -0.0342456 -0.0363692 -0.0380696 -0.0394248 -0.0404792 -0.0412837 -0.0419146 -0.0424154 -0.0428448 -0.0431867 -0.0434593 -0.0436391 -0.0437445 -0.0437841 -0.0437023 -0.0435273 -0.0431887 -0.0427381 -0.0421687 -0.0414368 -0.0405867 -0.0395656 -0.0384452 -0.037226 -0.0358952 -0.0344745 -0.0329881 -0.0314562 -0.0299014 -0.028327 -0.0267192 -0.0251743 -0.0236426 -0.0221569 -0.0207169 -0.0193222 -0.0180206 -0.0167737 -0.0155923 -0.0144797 -0.013474 -0.012522 -0.0116388 -0.010819 -0.0100819 -0.00940156 -0.00877536 -0.00821673 -0.00770453 -0.00726401 -0.00683342 -0.00645283 -0.00613398 -0.00585076 -0.00556569 -0.00535143 -0.00515244 -0.00495307 -0.00479241 -0.00466342 -0.00454285 -0.0044256 -0.00432729 -0.0042375 -0.00416356 -0.00408425 -0.00403991 -0.00397585 -0.00390484 -0.00385861 -0.0038422 -0.00378179 -0.00373389 -0.00370576 -0.00368216 -0.0036417 -0.00361378 -0.00358659 -0.00356718 -0.00353974 -0.00351896 -0.0035035 -0.00348382 -0.00346363 -0.00345735 -0.00344222 -0.00342353 -0.0034223 -0.00341471 -0.00339803 -0.00339858 -0.00339971 -0.00338535 -0.0033879 -0.00339482 -0.00338688 -0.00338874 -0.00340174 -0.00340024 -0.00340397 -0.00341987 -0.00342559 -0.00343344 -0.00345094 -0.00346611 -0.00347549 -0.00349584 -0.00351831 -0.00354406 -0.00355346 -0.00358001 -0.00362166 -0.00365392 -0.00366027 -0.0037069 -0.00375269 -0.00379138 -0.00382494 -0.0038746 -0.00391197 -0.00397557 -0.00402761 -0.00408303 -0.0041331 -0.00418798 -0.00425153 -0.00432193 -0.00436712 -0.00442193 -0.00448785 -0.00451091 -0.00455169 -0.00459798 -0.00461607 -0.00459761 -0.0045973 -0.00456179 -0.0045096 -0.00442433 -0.00433131 -0.00420666 -0.00403714 -0.00383838 -0.00360498 -0.00335767 -0.00305321 -0.00270893 -0.00233059 -0.00193649 -0.00146251 -0.000969496 -0.000445694 0.000113494 0.000682383 0.00131894 0.0019554 0.00259999 0.00326407 0.00394948 0.00462287 0.00529313 0.00592613 0.0065461 0.00716343 0.00769759 0.0081967 0.00860094 0.00893977 0.00919357 0.00930128 0.00928662 0.00911195 0.00880809 0.0083433 0.00771434 0.0069253 0.00601231 0.00504419 0.00405812 0.00315513 0.00238931 0.00188698 0.00173676 0.00197422 0.00262979 0.00360396 0.00483525 0.00618772 0.0075075 0.00866643 0.00945824 0.00978052 
0 -0.00717239 -0.014132 -0.0207061 -0.0267348 -0.0321247 -0.0368138 -0.0407812 -0.0440708 -0.04674 -0.0488741 -0.0505576 -0.0518501 -0.0528389 -0.0536042 -0.0542187 -0.0547499 -0.0551925 -0.0555526 -0.0558287 -0.0560131 -0.0561231 -0.0561111 -0.0559533 -0.055639 -0.0551618 -0.05454 -0.053747 -0.0527671 -0.0516154 -0.050312 -0.0488759 -0.0473049 -0.0456016 -0.0438047 -0.0419476 -0.0400469 -0.0380934 -0.0361207 -0.0341603 -0.0322225 -0.030325 -0.028448 -0.026645 -0.024933 -0.0232857 -0.0217125 -0.0202345 -0.0188463 -0.0175587 -0.0163519 -0.0152194 -0.0142146 -0.0132757 -0.0124007 -0.01161 -0.0109028 -0.010253 -0.00966752 -0.00913981 -0.0086755 -0.00825654 -0.00786377 -0.00753378 -0.00724044 -0.00698344 -0.00674173 -0.00653575 -0.00635255 -0.00619449 -0.00603507 -0.00592207 -0.00581362 -0.00568943 -0.00559044 -0.00552609 -0.00544377 -0.0053614 -0.00530094 -0.00523687 -0.00518398 -0.00513276 -0.00508311 -0.00503105 -0.00499799 -0.0049556 -0.00492379 -0.00488235 -0.00485846 -0.00483002 -0.00480618 -0.00477352 -0.0047668 -0.00474024 -0.00472264 -0.00471058 -0.00470573 -0.00467988 -0.00468443 -0.00467706 -0.00466861 -0.00466392 -0.00467739 -0.00466394 -0.00467377 -0.00468241 -0.00468987 -0.00469053 -0.00471676 -0.00472273 -0.00474039 -0.00475732 -0.00478544 -0.00480218 -0.00483336 -0.0048557 -0.00489439 -0.00492541 -0.00496629 -0.00500332 -0.00504445 -0.00509146 -0.00515921 -0.00520043 -0.00524102 -0.00532295 -0.00539792 -0.00544676 -0.00551748 -0.00560705 -0.00567122 -0.00575282 -0.00583888 -0.00592465 -0.00598856 -0.00606528 -0.00614459 -0.00622068 -0.00626282 -0.00631556 -0.00635269 -0.00636343 -0.00636073 -0.00633851 -0.00629682 -0.00622062 -0.00609714 -0.00594746 -0.00578683 -0.00554774 -0.00527642 -0.00497339 -0.00461429 -0.00419728 -0.0037262 -0.00320974 -0.00265829 -0.00204347 -0.0013627 -0.000660289 8.61431e-05 0.000875121 0.00170903 0.00255985 0.00341215 0.00427917 0.00516038 0.00604258 0.00688946 0.00770544 0.0084993 0.00924876 0.00993199 0.0105214 0.0110102 0.0114122 0.0116831 0.0117962 0.0117329 0.0114761 0.0110479 0.0104153 0.00956974 0.00853414 0.00734236 0.00608555 0.00483733 0.00368486 0.00275781 0.00217049 0.00205149 0.00246957 0.00340238 0.00479647 0.00650616 0.00837752 0.0102247 0.0118146 0.0129586 0.0134513 
0 -0.00862838 -0.0170027 -0.0248938 -0.0321247 -0.0385645 -0.0441425 -0.0488427 -0.0527043 -0.0558133 -0.058268 -0.0601745 -0.0616232 -0.0627145 -0.063554 -0.0642335 -0.0648249 -0.0653387 -0.0657811 -0.0661456 -0.0664355 -0.066652 -0.06675 -0.066706 -0.0664874 -0.0661002 -0.0655447 -0.0647896 -0.0638291 -0.0626582 -0.0613101 -0.0597997 -0.0581214 -0.0562855 -0.0543246 -0.0522704 -0.0501415 -0.0479385 -0.0456819 -0.0434236 -0.0411679 -0.0389298 -0.0367112 -0.0345448 -0.0324595 -0.0304405 -0.0284965 -0.0266476 -0.0249107 -0.0232745 -0.021732 -0.0202879 -0.0189681 -0.0177422 -0.0166047 -0.0155685 -0.0146281 -0.0137741 -0.0129863 -0.0122752 -0.0116482 -0.0110825 -0.0105581 -0.0101073 -0.00970391 -0.00933496 -0.0090064 -0.00872409 -0.00847212 -0.00824214 -0.00803205 -0.00785556 -0.00769631 -0.00754039 -0.00741332 -0.00729829 -0.00717869 -0.00707576 -0.0069962 -0.0069045 -0.00682099 -0.0067511 -0.0066872 -0.0066192 -0.00656229 -0.00650769 -0.00646053 -0.00640985 -0.00636921 -0.00633215 -0.0062953 -0.00625878 -0.00623739 -0.0062081 -0.00618156 -0.00616644 -0.006152 -0.00612935 -0.00612473 -0.00611867 -0.00610709 -0.00610569 -0.00611326 -0.00610815 -0.00611552 -0.00612961 -0.00613847 -0.00614915 -0.00617462 -0.00619207 -0.00621446 -0.00624379 -0.00627693 -0.00630615 -0.00634628 -0.00638819 -0.0064355 -0.00647807 -0.00653366 -0.0065962 -0.0066556 -0.00671243 -0.00679303 -0.00686817 -0.00694093 -0.00702899 -0.00712128 -0.00720334 -0.00730388 -0.00741006 -0.00750598 -0.00760449 -0.00770906 -0.00781562 -0.0079122 -0.00800145 -0.00809187 -0.00817534 -0.00822653 -0.00827962 -0.00832186 -0.00832974 -0.008306 -0.00826663 -0.00819394 -0.00808059 -0.00791891 -0.00772377 -0.00748758 -0.00717807 -0.00681469 -0.00640273 -0.00593361 -0.00538942 -0.00477779 -0.00411003 -0.00339063 -0.00259079 -0.00173002 -0.0008303 0.000112752 0.00109694 0.00213185 0.00317956 0.00422787 0.00528539 0.00634899 0.00739437 0.00839886 0.00935259 0.010267 0.0111286 0.0118963 0.0125594 0.0130986 0.0135201 0.0137892 0.0138625 0.0137263 0.0133652 0.012791 0.0119806 0.0109261 0.00964995 0.00820869 0.00669902 0.00521628 0.00388155 0.00283431 0.00223214 0.00221546 0.00285842 0.00415212 0.00600046 0.00824703 0.0106884 0.0130826 0.0151639 0.0166691 0.0173768 
0 -0.00990426 -0.0195146 -0.0285497 -0.0368138 -0.0441425 -0.050457 -0.0557463 -0.0600459 -0.0634676 -0.0661235 -0.0681411 -0.0696437 -0.0707465 -0.0715807 -0.0722568 -0.0728508 -0.0733949 -0.073895 -0.0743439 -0.0747514 -0.0751007 -0.0753533 -0.0754807 -0.0754366 -0.0752309 -0.0748464 -0.0742515 -0.0734437 -0.0724018 -0.0711608 -0.0697285 -0.0680977 -0.0662833 -0.0643104 -0.0622088 -0.0599955 -0.0576825 -0.0552782 -0.0528405 -0.050375 -0.0478916 -0.0454166 -0.0429638 -0.04057 -0.0382339 -0.0359631 -0.0337746 -0.0317013 -0.0297227 -0.0278454 -0.0260868 -0.0244437 -0.0229186 -0.021499 -0.020193 -0.0189943 -0.0179084 -0.0169006 -0.0159888 -0.0151737 -0.0144333 -0.0137552 -0.0131563 -0.0126231 -0.0121299 -0.0116961 -0.011312 -0.0109701 -0.0106531 -0.0103799 -0.0101305 -0.00990819 -0.00970372 -0.0095309 -0.0093636 -0.00920777 -0.00907216 -0.00895575 -0.0088358 -0.00872333 -0.0086288 -0.00854037 -0.00845372 -0.00837179 -0.00830258 -0.00823426 -0.00817226 -0.00811268 -0.00806439 -0.00801232 -0.00797085 -0.00793134 -0.00789858 -0.00786282 -0.00784213 -0.00781674 -0.00779857 -0.00778289 -0.00777712 -0.00776405 -0.00776557 -0.00776596 -0.00777161 -0.00777711 -0.00779617 -0.00780839 -0.00783124 -0.00785599 -0.00788776 -0.00791673 -0.00795949 -0.00800047 -0.00804724 -0.00809675 -0.0081589 -0.00821895 -0.0082822 -0.00835376 -0.00843811 -0.00851945 -0.00860136 -0.00869805 -0.00880164 -0.00890681 -0.009013 -0.00913051 -0.00924751 -0.0093744 -0.00949826 -0.00962894 -0.00975013 -0.00987723 -0.00999987 -0.01012 -0.0102195 -0.01032 -0.0104052 -0.0104631 -0.0105049 -0.0105334 -0.0105237 -0.0104704 -0.0103986 -0.0102796 -0.0101097 -0.0098857 -0.00961823 -0.00928197 -0.00888127 -0.00840545 -0.00786309 -0.00725615 -0.00655959 -0.00578459 -0.00494551 -0.00404151 -0.00305098 -0.00200582 -0.000906076 0.000233099 0.00141123 0.00263442 0.003863 0.00508736 0.00630891 0.00752426 0.00870245 0.00983298 0.0108948 0.0118958 0.0128278 0.0136396 0.0143306 0.0148765 0.0152724 0.0154954 0.0154935 0.0152538 0.014766 0.0140281 0.0130297 0.0117672 0.0102644 0.00860029 0.00687549 0.00520813 0.0037506 0.00265207 0.00210577 0.00225879 0.00318734 0.00489264 0.00724048 0.0100605 0.0131014 0.0160694 0.0186674 0.0205636 0.0215216 
0 -0.0109982 -0.0216478 -0.0316663 -0.0407812 -0.0488427 -0.0557463 -0.0614696 -0.0660847 -0.0696817 -0.0724197 -0.0744358 -0.0758793 -0.0769002 -0.0776389 -0.0782298 -0.0787553 -0.0792734 -0.0797778 -0.080294 -0.0808015 -0.0812848 -0.0817289 -0.082047 -0.0822585 -0.0823029 -0.0821757 -0.0818695 -0.0813152 -0.0805573 -0.0795654 -0.0783577 -0.0769381 -0.0753026 -0.0734739 -0.0714861 -0.0693466 -0.0670585 -0.0646771 -0.0621799 -0.0596371 -0.0570386 -0.0544007 -0.0517729 -0.0491569 -0.0465787 -0.0440415 -0.0415837 -0.0391893 -0.0369065 -0.0347159 -0.0326372 -0.0306839 -0.0288534 -0.0271353 -0.0255367 -0.0240768 -0.0227092 -0.0214746 -0.0203434 -0.01931 -0.0183635 -0.017522 -0.0167415 -0.0160485 -0.0154349 -0.0148693 -0.0143588 -0.0139058 -0.0135038 -0.0131319 -0.0128137 -0.0125201 -0.0122547 -0.0119997 -0.0117967 -0.0116076 -0.0114248 -0.0112447 -0.0111062 -0.0109708 -0.0108417 -0.0107161 -0.0106099 -0.010509 -0.0104168 -0.0103255 -0.0102457 -0.0101733 -0.0101041 -0.010042 -0.00998651 -0.00993535 -0.00988946 -0.00985293 -0.0098156 -0.00978792 -0.00976499 -0.00974688 -0.00973086 -0.00972707 -0.00972148 -0.00972394 -0.00973187 -0.00974588 -0.00976045 -0.00978667 -0.00981379 -0.00984719 -0.00988749 -0.0099327 -0.00998058 -0.0100385 -0.010103 -0.0101687 -0.0102418 -0.0103206 -0.0104148 -0.0105076 -0.0106007 -0.0107014 -0.0108325 -0.0109496 -0.0110661 -0.0111909 -0.0113452 -0.0114852 -0.0116296 -0.0117698 -0.01193 -0.0120728 -0.0122226 -0.0123709 -0.012507 -0.0126178 -0.0127369 -0.0128391 -0.0129056 -0.0129641 -0.0129853 -0.0129706 -0.0129193 -0.0128406 -0.0126934 -0.0125145 -0.0122632 -0.0119481 -0.0115643 -0.0111181 -0.0105832 -0.00996556 -0.00927891 -0.0084886 -0.0076203 -0.00666157 -0.00563228 -0.00451855 -0.00335115 -0.00209856 -0.000807317 0.000516157 0.00189607 0.00327502 0.00467097 0.00604855 0.00740602 0.00873486 0.0100267 0.0112349 0.0123758 0.0134339 0.0143726 0.0152109 0.0158694 0.0163835 0.0167197 0.0168402 0.0167408 0.0163613 0.0157236 0.0148068 0.0136112 0.01214 0.0104322 0.00857012 0.00666585 0.0048738 0.00333547 0.00226412 0.00183251 0.00220977 0.00349148 0.00562754 0.00852649 0.0119389 0.0155936 0.0191667 0.0222682 0.024588 0.0258067 
0 -0.0119045 -0.0234392 -0.0342456 -0.0440708 -0.0527043 -0.0600459 -0.0660847 -0.0708679 -0.0745322 -0.0772283 -0.0791253 -0.0804085 -0.0812418 -0.081793 -0.0822142 -0.0825923 -0.0830026 -0.0834663 -0.0839795 -0.0845601 -0.0851614 -0.085764 -0.0863274 -0.0867948 -0.0871602 -0.0873722 -0.0874057 -0.0872424 -0.0868519 -0.0862393 -0.0853983 -0.0843243 -0.0830227 -0.0815067 -0.0797816 -0.0778625 -0.0757791 -0.0735263 -0.0711496 -0.0686651 -0.066075 -0.0634357 -0.060738 -0.0580066 -0.0552834 -0.0525722 -0.0498894 -0.0472823 -0.0447303 -0.0422645 -0.0399162 -0.0376467 -0.03551 -0.0335046 -0.0316219 -0.0298614 -0.028242 -0.0267322 -0.0253463 -0.0240783 -0.0229217 -0.0218743 -0.0209159 -0.0200537 -0.0192558 -0.0185515 -0.0179191 -0.0173489 -0.0168218 -0.0163739 -0.0159429 -0.0155592 -0.015236 -0.0149438 -0.0146488 -0.0143947 -0.0141764 -0.0139741 -0.0137844 -0.0135998 -0.0134415 -0.0132977 -0.0131644 -0.013028 -0.0129163 -0.0128025 -0.0127105 -0.0126118 -0.0125291 -0.0124481 -0.0123887 -0.0123124 -0.0122647 -0.0122142 -0.0121731 -0.0121289 -0.0121145 -0.0120797 -0.0120677 -0.0120585 -0.0120603 -0.0120509 -0.0120754 -0.0120843 -0.0121083 -0.0121362 -0.0121818 -0.0122114 -0.012271 -0.0123243 -0.0123917 -0.0124562 -0.0125405 -0.0126193 -0.0127225 -0.0128158 -0.0129219 -0.0130357 -0.0131693 -0.0132982 -0.0134292 -0.0135636 -0.0137304 -0.0139 -0.0140392 -0.0141983 -0.0143826 -0.0145529 -0.014706 -0.0148838 -0.0150317 -0.0151746 -0.0153107 -0.0154454 -0.0155377 -0.0156135 -0.0156571 -0.0156799 -0.0156545 -0.0155972 -0.0154906 -0.0153161 -0.0150944 -0.0148009 -0.0144341 -0.0140019 -0.0134896 -0.0128632 -0.0121761 -0.0113806 -0.0104855 -0.00951588 -0.00844518 -0.00728553 -0.00605268 -0.00473312 -0.0033447 -0.0019172 -0.000428298 0.00108009 0.00260655 0.00414662 0.00567098 0.00717598 0.00864474 0.0100625 0.0114084 0.0126762 0.0138427 0.0148975 0.0158365 0.0166182 0.01724 0.0176801 0.0179066 0.0179184 0.0176648 0.0171347 0.0163255 0.0152139 0.0138209 0.0121527 0.0102525 0.00822455 0.00618202 0.00428902 0.00274215 0.00172674 0.00147001 0.00212741 0.00377251 0.00640104 0.00983464 0.0138579 0.0181347 0.0222769 0.0259145 0.0286222 0.0301264 
0 -0.0126592 -0.0249026 -0.0363692 -0.04674 -0.0558133 -0.0634676 -0.0696817 -0.0745322 -0.0781388 -0.0806869 -0.0823638 -0.0833785 -0.0839286 -0.0842 -0.0843552 -0.0845003 -0.0847326 -0.0850678 -0.0855428 -0.0861359 -0.0868133 -0.0875715 -0.0883221 -0.0890743 -0.0897509 -0.0903164 -0.0907651 -0.0910211 -0.0911081 -0.0909681 -0.0905947 -0.0899912 -0.0891469 -0.088062 -0.0867476 -0.0852051 -0.0834502 -0.0815239 -0.0793874 -0.0771082 -0.0746798 -0.0721394 -0.0695131 -0.0667981 -0.0640473 -0.0612674 -0.0584941 -0.0557151 -0.052986 -0.0503165 -0.0477315 -0.0452213 -0.0428266 -0.0405451 -0.038377 -0.0363478 -0.0344267 -0.0326663 -0.0310344 -0.0295138 -0.0281106 -0.0268568 -0.0256793 -0.0246194 -0.0236714 -0.022806 -0.022012 -0.0212965 -0.0206604 -0.0200879 -0.0195696 -0.019098 -0.018688 -0.0182893 -0.0179501 -0.0176561 -0.0173767 -0.0170947 -0.0168762 -0.0166688 -0.0164725 -0.0162815 -0.0161222 -0.0159686 -0.0158311 -0.0156914 -0.0155782 -0.0154667 -0.0153614 -0.0152701 -0.0151934 -0.0151069 -0.0150438 -0.0149921 -0.0149334 -0.014888 -0.0148656 -0.0148305 -0.0148073 -0.0148071 -0.014801 -0.0147964 -0.0148206 -0.01484 -0.0148598 -0.0149024 -0.0149516 -0.0149932 -0.0150603 -0.0151312 -0.0152035 -0.0152878 -0.0153909 -0.0154857 -0.0155968 -0.0157144 -0.0158541 -0.0159851 -0.0161219 -0.0162721 -0.0164556 -0.016608 -0.0167734 -0.0169527 -0.0171423 -0.0173163 -0.0175075 -0.0176734 -0.0178451 -0.0180115 -0.0181696 -0.0183071 -0.0184206 -0.0185071 -0.018582 -0.0186194 -0.0186033 -0.0185769 -0.018475 -0.0183112 -0.0181 -0.017836 -0.0174678 -0.0170394 -0.0165132 -0.0159015 -0.0151875 -0.0143732 -0.0134726 -0.0124671 -0.0113636 -0.0101497 -0.00886114 -0.00748239 -0.00603316 -0.00450031 -0.00293947 -0.00132042 0.000332917 0.00199551 0.00368043 0.00532411 0.00695705 0.00854796 0.0100775 0.0115316 0.012909 0.014176 0.0153412 0.0163704 0.0172343 0.0179602 0.0184744 0.0188079 0.018909 0.0187577 0.0183598 0.0176569 0.0166723 0.0153738 0.0137828 0.0119273 0.0098602 0.00768713 0.00553643 0.00359704 0.00206134 0.00116558 0.00110907 0.00206048 0.00410443 0.00718789 0.0111713 0.0157686 0.0206298 0.025342 0.0294533 0.0325692 0.0343443 
0 -0.0132652 -0.0260895 -0.0380696 -0.0488741 -0.058268 -0.0661235 -0.0724197 -0.0772283 -0.0806869 -0.0829895 -0.0843504 -0.0850059 -0.0851836 -0.0850867 -0.0848953 -0.0847287 -0.0846945 -0.0848392 -0.0851861 -0.0857313 -0.0864311 -0.0872747 -0.0882053 -0.0891937 -0.0901808 -0.0911073 -0.0919539 -0.0926683 -0.0932379 -0.0936107 -0.0937646 -0.0936984 -0.0933981 -0.0928578 -0.0920594 -0.0910066 -0.089723 -0.0882195 -0.0864841 -0.0845502 -0.0824247 -0.080151 -0.0777323 -0.0751671 -0.0725172 -0.0697958 -0.0670269 -0.0642244 -0.0614155 -0.058635 -0.0559046 -0.0532062 -0.0505946 -0.0480906 -0.0456867 -0.0433981 -0.0412266 -0.0391995 -0.0373033 -0.0355279 -0.0338904 -0.0324047 -0.0310202 -0.0297552 -0.0286048 -0.0275642 -0.0266195 -0.0257589 -0.0249849 -0.0242962 -0.023655 -0.0230771 -0.0225856 -0.0221234 -0.0216947 -0.021323 -0.0209909 -0.0206753 -0.0204027 -0.0201458 -0.019912 -0.019698 -0.0195082 -0.0193258 -0.0191614 -0.0190033 -0.0188722 -0.0187416 -0.0186179 -0.0185135 -0.0184248 -0.0183241 -0.0182513 -0.0181907 -0.0181237 -0.0180705 -0.0180451 -0.0180039 -0.0179784 -0.0179771 -0.0179715 -0.0179658 -0.017995 -0.0180171 -0.0180415 -0.0180908 -0.0181492 -0.018197 -0.0182745 -0.0183587 -0.0184432 -0.0185389 -0.0186555 -0.0187684 -0.0188979 -0.0190316 -0.0191798 -0.0193322 -0.0194965 -0.0196656 -0.0198452 -0.0200141 -0.0202092 -0.0204071 -0.0205809 -0.0207561 -0.020956 -0.021123 -0.0212736 -0.021427 -0.0215522 -0.0216461 -0.0217212 -0.0217691 -0.0217736 -0.0217257 -0.0216241 -0.0214906 -0.0212759 -0.0209867 -0.0206324 -0.0201951 -0.0196506 -0.0190179 -0.0182855 -0.0174611 -0.0165173 -0.0154537 -0.0143081 -0.0130531 -0.0116891 -0.0102387 -0.00871498 -0.00711479 -0.00544957 -0.00371349 -0.00196034 -0.000183238 0.00161868 0.00341181 0.00518712 0.00691465 0.00860175 0.0102349 0.0117845 0.0132284 0.0145701 0.0157919 0.0168886 0.0178277 0.0185965 0.0192018 0.0196073 0.0198105 0.0197639 0.0194626 0.0188945 0.0180307 0.0168716 0.0153924 0.0136249 0.0116028 0.00939335 0.00710469 0.00487624 0.00290805 0.0014216 0.000653707 0.000818179 0.00207386 0.00449218 0.00803162 0.0125154 0.017654 0.0230566 0.028268 0.0328256 0.0362859 0.0383138 
0 -0.013753 -0.0270418 -0.0394248 -0.0505576 -0.0601745 -0.0681411 -0.0744358 -0.0791253 -0.0823638 -0.0843504 -0.0853255 -0.0855511 -0.0852829 -0.0847446 -0.084129 -0.0835758 -0.0832002 -0.0830795 -0.0832302 -0.0836573 -0.0843155 -0.0851799 -0.0862243 -0.0873876 -0.0886258 -0.0898655 -0.0910728 -0.0922205 -0.0932606 -0.0941487 -0.0948432 -0.0953381 -0.0956186 -0.0956699 -0.0954576 -0.0949814 -0.0942686 -0.0933025 -0.0920873 -0.0906209 -0.0889261 -0.0870437 -0.0849652 -0.0826956 -0.080287 -0.0777648 -0.075135 -0.072428 -0.0696554 -0.0668734 -0.0640986 -0.0613173 -0.0585818 -0.0559234 -0.0533397 -0.0508367 -0.0484485 -0.0461874 -0.0440564 -0.0420399 -0.0401665 -0.0384394 -0.0368353 -0.0353578 -0.0340075 -0.0327833 -0.0316639 -0.0306398 -0.0297165 -0.0288996 -0.0281375 -0.0274524 -0.0268542 -0.0263071 -0.0257981 -0.0253602 -0.0249634 -0.0245955 -0.0242684 -0.0239749 -0.0237048 -0.0234587 -0.0232369 -0.0230333 -0.0228458 -0.0226699 -0.02252 -0.0223743 -0.0222372 -0.0221209 -0.0220199 -0.0219103 -0.0218289 -0.0217593 -0.021687 -0.0216281 -0.0215973 -0.0215531 -0.0215264 -0.0215217 -0.021517 -0.0215126 -0.0215427 -0.0215674 -0.0215971 -0.0216498 -0.0217143 -0.02177 -0.0218542 -0.0219468 -0.022041 -0.0221474 -0.0222738 -0.0223982 -0.0225367 -0.0226861 -0.0228442 -0.0230055 -0.0231771 -0.02336 -0.0235424 -0.0237178 -0.0239085 -0.0241036 -0.0242677 -0.0244364 -0.0246111 -0.0247515 -0.024862 -0.0249778 -0.0250524 -0.0250829 -0.0250797 -0.0250425 -0.0249428 -0.0247793 -0.0245548 -0.0242688 -0.0238873 -0.0234111 -0.022857 -0.0221985 -0.0214281 -0.0205413 -0.0195507 -0.0184532 -0.0172303 -0.0158856 -0.0144649 -0.0129406 -0.0113053 -0.00960168 -0.00783292 -0.00601123 -0.00413768 -0.00222536 -0.000312664 0.0015892 0.00349891 0.00538089 0.00720408 0.00896411 0.0106494 0.0122617 0.0137645 0.015139 0.0163899 0.0175177 0.0185028 0.0193145 0.019954 0.0204094 0.0206803 0.0207324 0.0205299 0.0200757 0.0193452 0.0183325 0.0170124 0.0153721 0.013446 0.0112791 0.00895056 0.00657165 0.00429514 0.00232838 0.000918122 0.000297901 0.00069061 0.00224239 0.00500886 0.00895465 0.0138748 0.0194766 0.0253367 0.0309677 0.0358973 0.0396475 0.0418911 
0 -0.0141356 -0.0277767 -0.0404792 -0.0518501 -0.0616232 -0.0696437 -0.0758793 -0.0804085 -0.0833785 -0.0850059 -0.0855511 -0.0853008 -0.0845326 -0.0835014 -0.0823982 -0.0813919 -0.0806144 -0.0801388 -0.0800295 -0.080251 -0.0807853 -0.0816107 -0.0826703 -0.0839547 -0.0853632 -0.0868423 -0.0883598 -0.0898589 -0.0913212 -0.0926721 -0.093869 -0.0949027 -0.095761 -0.0964009 -0.0968039 -0.0969509 -0.0968429 -0.0965058 -0.0958787 -0.0949844 -0.0938429 -0.0924612 -0.0908527 -0.0890144 -0.0869767 -0.0847763 -0.0824373 -0.0799353 -0.0773399 -0.0746795 -0.0719608 -0.0692069 -0.0664495 -0.0637185 -0.0610286 -0.0584019 -0.0558346 -0.0533937 -0.0510622 -0.0488329 -0.0467316 -0.0447898 -0.0429638 -0.0412646 -0.0397221 -0.0383047 -0.0369978 -0.0358039 -0.0347409 -0.0337652 -0.0328855 -0.0320926 -0.0313889 -0.0307312 -0.0301569 -0.0296515 -0.0291898 -0.0287545 -0.0283847 -0.0280575 -0.027752 -0.0274683 -0.0272217 -0.0270025 -0.0267936 -0.0266038 -0.0264359 -0.0262834 -0.0261346 -0.0260124 -0.0258964 -0.0257894 -0.0256957 -0.0256238 -0.0255442 -0.0254887 -0.0254441 -0.0254068 -0.0253737 -0.0253702 -0.0253599 -0.0253653 -0.0253856 -0.0254185 -0.0254475 -0.0255058 -0.025566 -0.0256348 -0.0257162 -0.0258163 -0.0259113 -0.0260269 -0.0261549 -0.0262873 -0.0264217 -0.0265771 -0.0267421 -0.0269017 -0.0270617 -0.0272379 -0.027423 -0.027585 -0.0277454 -0.0279061 -0.0280618 -0.028187 -0.0283042 -0.0283868 -0.0284474 -0.0284681 -0.0284627 -0.028396 -0.0282751 -0.0280948 -0.0278601 -0.0275302 -0.0271178 -0.0266332 -0.0260311 -0.0253103 -0.0244965 -0.0235789 -0.0225086 -0.0213334 -0.0200441 -0.0186363 -0.0171032 -0.0154742 -0.0137505 -0.0119467 -0.0100589 -0.00809307 -0.00610808 -0.00408638 -0.00203117 2.77998e-05 0.00204861 0.00405021 0.00600823 0.00791301 0.00974121 0.0114511 0.0130837 0.0146101 0.0160026 0.0172525 0.0183661 0.0193413 0.0201733 0.0208289 0.0212946 0.0216056 0.0217146 0.0216167 0.0212728 0.0206566 0.0197934 0.0186333 0.0171693 0.0153918 0.013323 0.0110393 0.0086165 0.00617229 0.00387215 0.00193639 0.000611196 0.00015463 0.000763632 0.00258379 0.00567238 0.00995125 0.01525 0.0212212 0.0274367 0.0334022 0.0385867 0.0425605 0.0449465 
0 -0.014427 -0.0283486 -0.0412837 -0.0528389 -0.0627145 -0.0707465 -0.0769002 -0.0812418 -0.0839286 -0.0851836 -0.0852829 -0.0845326 -0.0832443 -0.0816714 -0.0800445 -0.078537 -0.0772813 -0.0764116 -0.0759388 -0.0758891 -0.0762247 -0.0768961 -0.0779248 -0.0792054 -0.0807101 -0.0823531 -0.0840681 -0.0858632 -0.0876458 -0.0893841 -0.0910197 -0.0925332 -0.0939073 -0.0951172 -0.096103 -0.0968551 -0.097392 -0.0976619 -0.097691 -0.0974234 -0.0968957 -0.0961195 -0.0950771 -0.0937703 -0.092222 -0.090476 -0.0885092 -0.0863785 -0.0840698 -0.0816464 -0.0791185 -0.0764996 -0.0738128 -0.0711216 -0.0684332 -0.0657362 -0.0631103 -0.0605355 -0.0580461 -0.0556464 -0.0533775 -0.0512151 -0.0492039 -0.0473096 -0.0455478 -0.0439315 -0.0424543 -0.0410978 -0.0398602 -0.0387531 -0.0377323 -0.036816 -0.0359966 -0.0352838 -0.0346079 -0.0340101 -0.0334817 -0.0330293 -0.0325962 -0.0322193 -0.0318762 -0.0315846 -0.0313109 -0.0310697 -0.030843 -0.0306516 -0.0304722 -0.0303109 -0.0301612 -0.030033 -0.0299133 -0.029807 -0.0297129 -0.0296316 -0.0295598 -0.0294999 -0.0294525 -0.0294139 -0.0293874 -0.0293721 -0.0293677 -0.0293724 -0.0293906 -0.0294183 -0.0294559 -0.0295057 -0.0295664 -0.0296359 -0.0297149 -0.0298097 -0.0299091 -0.0300185 -0.0301352 -0.0302688 -0.0304005 -0.0305442 -0.0306811 -0.030835 -0.0309876 -0.031142 -0.0312618 -0.0314034 -0.0315381 -0.0316524 -0.0317126 -0.0317837 -0.0318223 -0.0318241 -0.0317657 -0.0316845 -0.0315325 -0.031314 -0.0310362 -0.0306914 -0.0302366 -0.0296812 -0.029045 -0.0282797 -0.0274074 -0.0264061 -0.0252858 -0.0240234 -0.022653 -0.0211308 -0.0195173 -0.0177933 -0.0159499 -0.0140105 -0.0120087 -0.00993789 -0.00779338 -0.00563711 -0.00345182 -0.0012779 0.000903831 0.00304809 0.00514302 0.00715267 0.00910259 0.0109684 0.0126943 0.0143219 0.0158137 0.017194 0.018428 0.0195025 0.020429 0.021231 0.021874 0.0223446 0.0226597 0.0227835 0.0227628 0.0225117 0.0220189 0.021287 0.0202704 0.0189981 0.017403 0.0154978 0.0133229 0.0109344 0.00844152 0.00595515 0.00365148 0.00175855 0.000541949 0.000238744 0.00105815 0.00312109 0.00646316 0.0110282 0.0165925 0.0228377 0.0293022 0.0354671 0.0408336 0.0449179 0.0473942 
0 -0.0146572 -0.0287899 -0.0419146 -0.0536042 -0.063554 -0.0715807 -0.0776389 -0.081793 -0.0842 -0.0850867 -0.0847446 -0.0835014 -0.0816714 -0.0795541 -0.077367 -0.0753164 -0.0735597 -0.0722081 -0.071341 -0.0709364 -0.0709902 -0.0714631 -0.0723278 -0.0735457 -0.0750302 -0.0767238 -0.0785651 -0.0805288 -0.0825524 -0.0845855 -0.0865687 -0.0884723 -0.0902946 -0.0919695 -0.0934826 -0.0948001 -0.0959083 -0.0968107 -0.0974597 -0.0978349 -0.0979581 -0.0978087 -0.097385 -0.0966978 -0.0957264 -0.0945185 -0.0930726 -0.0913775 -0.0894837 -0.0874142 -0.0851785 -0.0828172 -0.0803448 -0.0777899 -0.075187 -0.0725487 -0.0699077 -0.067297 -0.0647389 -0.0622406 -0.0598217 -0.0575097 -0.0553157 -0.0532341 -0.0513047 -0.0495116 -0.0478371 -0.0463039 -0.044915 -0.0436383 -0.0424943 -0.0414688 -0.0405287 -0.0396829 -0.0389413 -0.0382858 -0.0376918 -0.0371541 -0.0366804 -0.0362784 -0.0359096 -0.0355765 -0.0352849 -0.0350331 -0.0348013 -0.0346015 -0.0344137 -0.0342528 -0.0341093 -0.0339801 -0.0338571 -0.0337622 -0.0336674 -0.0335861 -0.0335192 -0.0334655 -0.0334095 -0.0333795 -0.0333527 -0.0333336 -0.0333267 -0.0333381 -0.0333438 -0.0333717 -0.033408 -0.0334507 -0.0335003 -0.0335723 -0.033639 -0.0337207 -0.0338115 -0.0339116 -0.0340122 -0.0341261 -0.0342328 -0.0343547 -0.0344768 -0.0345869 -0.0346857 -0.0347963 -0.0348916 -0.0349625 -0.0350017 -0.0350269 -0.0350365 -0.0349982 -0.0349 -0.0347682 -0.0345834 -0.0343222 -0.0340044 -0.0336001 -0.0330902 -0.0324902 -0.0317931 -0.030968 -0.0300287 -0.0289589 -0.0277507 -0.0264044 -0.0249351 -0.0233397 -0.0216091 -0.0197569 -0.0178068 -0.0157462 -0.0135992 -0.0113947 -0.00912858 -0.00683055 -0.00450853 -0.00216729 0.000138643 0.0024075 0.00464594 0.00679443 0.00885568 0.0108185 0.0126667 0.0144028 0.0159955 0.0174316 0.0187432 0.0199124 0.0209265 0.021797 0.0225173 0.0231186 0.023574 0.0238707 0.0240069 0.0239895 0.0238092 0.0234229 0.0228134 0.0219474 0.0208372 0.0194461 0.0177461 0.0157447 0.0134657 0.0110058 0.00845272 0.00594197 0.00365391 0.0018205 0.000706598 0.000556115 0.00155371 0.00380989 0.00735905 0.0121054 0.017858 0.0242574 0.0308494 0.0371249 0.042545 0.046685 0.0491813 
0 -0.014837 -0.0291392 -0.0424154 -0.0542187 -0.0642335 -0.0722568 -0.0782298 -0.0822142 -0.0843552 -0.0848953 -0.084129 -0.0823982 -0.0800445 -0.077367 -0.0746195 -0.0720135 -0.0697182 -0.0678739 -0.0665429 -0.0657388 -0.065451 -0.0656354 -0.0662876 -0.0673371 -0.0687238 -0.0703818 -0.0722354 -0.074273 -0.0764142 -0.07862 -0.0808364 -0.0830251 -0.0851751 -0.0872354 -0.0891739 -0.090962 -0.0925842 -0.0940167 -0.0952453 -0.0962299 -0.0969824 -0.0974762 -0.0976998 -0.0976527 -0.0973107 -0.0967091 -0.0958283 -0.0946912 -0.0933096 -0.0916982 -0.0898728 -0.0878705 -0.0856942 -0.083391 -0.0809898 -0.0784957 -0.0759679 -0.0733998 -0.070832 -0.0682975 -0.0658183 -0.0633963 -0.0610843 -0.058864 -0.0567619 -0.0547877 -0.0529505 -0.0512601 -0.049701 -0.0482686 -0.0469753 -0.0458093 -0.0447466 -0.0438195 -0.0429785 -0.0422188 -0.0415501 -0.0409787 -0.040454 -0.0399972 -0.0395885 -0.0392443 -0.0389361 -0.0386641 -0.0384213 -0.0382248 -0.0380341 -0.0378741 -0.0377386 -0.0376124 -0.0374942 -0.0374109 -0.037322 -0.0372414 -0.0371863 -0.0371367 -0.0370799 -0.0370546 -0.0370329 -0.0370063 -0.0370011 -0.0370124 -0.0370097 -0.03703 -0.0370654 -0.0370941 -0.0371316 -0.037195 -0.0372453 -0.0373072 -0.0373835 -0.0374583 -0.0375266 -0.0376177 -0.0376938 -0.037767 -0.0378335 -0.0379025 -0.0379495 -0.0379823 -0.0379774 -0.0379725 -0.0379287 -0.0378376 -0.0376997 -0.0375279 -0.0372805 -0.0369839 -0.036607 -0.0361368 -0.035577 -0.0349233 -0.0341544 -0.0332699 -0.0322512 -0.0310945 -0.029815 -0.0283789 -0.0268177 -0.0251203 -0.0232819 -0.0213124 -0.0192436 -0.0170529 -0.01479 -0.0124466 -0.0100383 -0.0075963 -0.00512536 -0.00265332 -0.000201805 0.00221111 0.00456783 0.00684005 0.00903911 0.0111138 0.0130723 0.0148896 0.0165625 0.0180942 0.0194578 0.0206723 0.0217405 0.0226663 0.0234446 0.024082 0.0245795 0.0249687 0.0252207 0.0253374 0.0253209 0.0251538 0.0248513 0.0243465 0.0236296 0.0226757 0.021465 0.0199897 0.018204 0.0161215 0.0137798 0.011259 0.00866942 0.00614579 0.00387646 0.00210351 0.0010818 0.00105334 0.00219193 0.00459107 0.0082743 0.0131367 0.0189757 0.0254342 0.0320528 0.038324 0.0437226 0.0478266 0.0502942 
0 -0.0149903 -0.0294388 -0.0428448 -0.0547499 -0.0648249 -0.0728508 -0.0787553 -0.0825923 -0.0845003 -0.0847287 -0.0835758 -0.0813919 -0.078537 -0.0753164 -0.0720135 -0.0688519 -0.0660138 -0.0636586 -0.0618438 -0.0606083 -0.0599377 -0.0597875 -0.0601575 -0.0609614 -0.0621572 -0.0636769 -0.0654439 -0.0674463 -0.0695985 -0.0718686 -0.074204 -0.0765608 -0.0789168 -0.0812337 -0.0834787 -0.085627 -0.0876601 -0.0895376 -0.0912607 -0.0927809 -0.0940973 -0.0951787 -0.0960127 -0.0965971 -0.0969001 -0.096938 -0.0966769 -0.0961504 -0.0953474 -0.0942742 -0.0929497 -0.0914088 -0.0896472 -0.0876994 -0.0855939 -0.0833401 -0.0810084 -0.0785778 -0.0761025 -0.0736179 -0.0711418 -0.0686718 -0.0662794 -0.0639598 -0.0617346 -0.0596157 -0.0576173 -0.0557622 -0.0540294 -0.0524347 -0.0509912 -0.0496856 -0.048479 -0.0474254 -0.0464788 -0.0456337 -0.0448823 -0.0442369 -0.0436522 -0.0431517 -0.0427074 -0.0423335 -0.0420013 -0.041712 -0.0414649 -0.0412654 -0.0410722 -0.0409143 -0.0407909 -0.0406694 -0.0405605 -0.0404883 -0.0404107 -0.0403347 -0.0402928 -0.0402484 -0.0401963 -0.0401745 -0.0401586 -0.0401263 -0.0401223 -0.0401295 -0.0401197 -0.040129 -0.0401586 -0.0401692 -0.0401916 -0.0402376 -0.0402663 -0.0402977 -0.0403498 -0.0403908 -0.0404181 -0.0404629 -0.0404915 -0.0405065 -0.0405085 -0.0405003 -0.04046 -0.0404021 -0.0402981 -0.0401733 -0.0399896 -0.0397568 -0.039468 -0.0391245 -0.0386743 -0.038164 -0.0375559 -0.0368373 -0.0360033 -0.0350586 -0.0339682 -0.0327447 -0.0313774 -0.0298689 -0.0282219 -0.026407 -0.0244707 -0.022407 -0.0202115 -0.0179003 -0.0155213 -0.0130344 -0.0104954 -0.00790788 -0.00529825 -0.00269165 -9.75237e-05 0.0024584 0.00494861 0.00735385 0.0096719 0.0118563 0.0139173 0.0158171 0.0175755 0.0191655 0.0205919 0.0218606 0.0229541 0.0239028 0.0246932 0.0253454 0.0258647 0.0262614 0.0265384 0.0267221 0.0267876 0.0267411 0.026585 0.0262861 0.0258686 0.0252624 0.0244584 0.0234354 0.022151 0.0206091 0.0187583 0.0166137 0.0142215 0.0116533 0.00903539 0.00650654 0.00426312 0.00255198 0.00161857 0.0016945 0.00294068 0.00543454 0.00918454 0.0140804 0.0199088 0.0263212 0.0328627 0.0390342 0.0443335 0.048344 0.0507481 
0 -0.0151069 -0.0296727 -0.0431867 -0.0551925 -0.0653387 -0.0733949 -0.0792734 -0.0830026 -0.0847326 -0.0846945 -0.0832002 -0.0806144 -0.0772813 -0.0735597 -0.0697182 -0.0660138 -0.062657 -0.0597693 -0.0574786 -0.0557819 -0.0546926 -0.0541902 -0.0542099 -0.0547326 -0.0556673 -0.0569686 -0.0585757 -0.0604326 -0.0624891 -0.0647029 -0.0670334 -0.0694282 -0.071881 -0.0743201 -0.0767571 -0.0791543 -0.0814604 -0.0836884 -0.0857821 -0.087742 -0.0895403 -0.0911372 -0.0925154 -0.0936873 -0.0945989 -0.0952412 -0.0956214 -0.095706 -0.095529 -0.0950516 -0.0942898 -0.0932702 -0.0920099 -0.0904963 -0.0887696 -0.0868736 -0.0848147 -0.0826169 -0.0803151 -0.0779631 -0.0755494 -0.0731283 -0.0707146 -0.0683441 -0.0660382 -0.0638114 -0.0616714 -0.059668 -0.0577878 -0.0560172 -0.0544115 -0.0529498 -0.0516069 -0.0503935 -0.0493328 -0.0483784 -0.0475369 -0.0467877 -0.0461458 -0.0455827 -0.0450966 -0.0446726 -0.0443185 -0.0440028 -0.043748 -0.0435329 -0.0433397 -0.0431807 -0.0430656 -0.0429478 -0.0428497 -0.0427869 -0.0427207 -0.0426543 -0.0426218 -0.0425857 -0.0425397 -0.0425228 -0.0425082 -0.0424769 -0.0424694 -0.0424718 -0.0424535 -0.0424524 -0.0424678 -0.0424611 -0.042463 -0.0424843 -0.0424865 -0.0424818 -0.0424974 -0.0424928 -0.042474 -0.0424555 -0.0424217 -0.0423562 -0.0422853 -0.0421756 -0.0420294 -0.0418452 -0.0416316 -0.0413491 -0.0410033 -0.0405901 -0.0401285 -0.0395533 -0.0388737 -0.0381106 -0.0372386 -0.0362063 -0.0350629 -0.0337892 -0.0323438 -0.0307513 -0.0290212 -0.027139 -0.0251005 -0.0229324 -0.0206323 -0.0182295 -0.0157086 -0.0131106 -0.0104458 -0.00774298 -0.0050009 -0.00225091 0.000464012 0.00313816 0.00576614 0.0083029 0.0107096 0.0130172 0.0151668 0.0171676 0.0189991 0.0206453 0.022129 0.0234405 0.0245612 0.0255159 0.0263261 0.0269661 0.0274867 0.0278624 0.0281248 0.0282967 0.0283584 0.0283406 0.0282323 0.0280412 0.0277505 0.0273617 0.0268348 0.0261565 0.0252952 0.0241994 0.0228767 0.0212612 0.0193604 0.0171735 0.0147295 0.0121387 0.0094942 0.00697073 0.00476127 0.00310412 0.00224784 0.00240375 0.00372185 0.00626825 0.0100367 0.0149002 0.0206523 0.0269348 0.0333124 0.0393062 0.0444206 0.0482815 0.0505719 
0 -0.0151962 -0.0298489 -0.0434593 -0.0555526 -0.0657811 -0.073895 -0.0797778 -0.0834663 -0.0850678 -0.0848392 -0.0830795 -0.0801388 -0.0764116 -0.0722081 -0.0678739 -0.0636586 -0.0597693 -0.0563967 -0.0535931 -0.0514411 -0.0499259 -0.0490151 -0.0486907 -0.0488616 -0.0494959 -0.0505283 -0.0518953 -0.0535439 -0.0554223 -0.0574833 -0.0597044 -0.0620467 -0.0644485 -0.0669213 -0.0694135 -0.07192 -0.0744113 -0.0768302 -0.0791937 -0.0814717 -0.0836305 -0.0856338 -0.0874779 -0.0891292 -0.090583 -0.091796 -0.0927374 -0.093443 -0.0938723 -0.0940005 -0.0938346 -0.0933989 -0.0926699 -0.0916751 -0.0904198 -0.0889314 -0.0872549 -0.085376 -0.083328 -0.0811729 -0.0789362 -0.0766014 -0.0742467 -0.0718981 -0.0695575 -0.0672435 -0.0650217 -0.0628989 -0.0608619 -0.0589458 -0.0571759 -0.0555348 -0.0540214 -0.0526797 -0.0514672 -0.0503654 -0.0493908 -0.0485642 -0.0478293 -0.0471783 -0.046615 -0.0461558 -0.0457548 -0.0454049 -0.0451175 -0.0448907 -0.0446855 -0.0445233 -0.0444005 -0.0442899 -0.0441981 -0.0441407 -0.0440825 -0.044029 -0.0440017 -0.0439731 -0.0439368 -0.0439217 -0.0439077 -0.0438793 -0.0438674 -0.0438606 -0.0438362 -0.043822 -0.0438173 -0.0437934 -0.0437708 -0.0437596 -0.0437267 -0.0436865 -0.0436509 -0.0435928 -0.0435078 -0.043425 -0.0433113 -0.0431538 -0.0429661 -0.0427595 -0.0424928 -0.0421624 -0.0417707 -0.0413369 -0.0408138 -0.0401918 -0.0394742 -0.0386676 -0.037729 -0.0366702 -0.0354763 -0.0341301 -0.0326271 -0.0309865 -0.0291924 -0.0272263 -0.0251121 -0.0228673 -0.0204847 -0.0179592 -0.0153587 -0.0126673 -0.00987987 -0.00704309 -0.00420744 -0.00134515 0.00150256 0.00429484 0.00702314 0.00965853 0.0121916 0.0145906 0.0168281 0.0188882 0.0208033 0.0225189 0.0240317 0.0253676 0.0265214 0.0274924 0.0282843 0.0289135 0.0293941 0.0297636 0.0299843 0.0301006 0.0301354 0.0300804 0.0299658 0.0297724 0.0295189 0.0292107 0.0288324 0.028351 0.0277627 0.027023 0.0261029 0.0249809 0.0235841 0.0219283 0.0199708 0.0177283 0.0152623 0.0126203 0.00996892 0.00745009 0.00527612 0.00369095 0.00290569 0.00313911 0.00451102 0.00707982 0.0108183 0.0155969 0.0211928 0.0272689 0.0334041 0.0391345 0.0440158 0.0476675 0.0498222 
