0 0 0 0 0 0 0 0 0 0 0 0 0 0 0 0 0 0 0 0 0 0 0 0 0 0 0 0 0 0 0 0 0 0 0 0 0 0 0 0 0 0 0 0 0 0 0 0 0 0 0 0 0 0 0 0 0 0 0 0 0 0 0 0 0 0 0 0 0 0 0 0 0 0 0 0 0 0 0 0 0 0 0 0 0 0 0 0 0 0 0 0 0 0 0 0 0 0 0 0 0 0 0 0 0 0 0 0 0 0 0 0 0 0 0 0 0 0 0 0 0 0 0 0 0 0 0 0 0 0 0 0 0 0 0 0 0 0 0 0 0 0 0 0 0 0 0 0 0 0 0 0 0 0 0 0 0 0 0 0 0 0 0 0 0 0 0 0 0 0 0 0 0 0 0 0 0 0 0 0 0 0 0 0 0 0 0 0 0 0 0 0 0 0 0 0 0 0 0 0 
0 -0.00210287 -0.00413943 -0.00607099 -0.00782685 -0.00937184 -0.0106789 -0.0117232 -0.0125348 -0.0131218 -0.0135235 -0.0137819 -0.0139104 -0.013965 -0.0139615 -0.0139314 -0.0139017 -0.0138569 -0.0138109 -0.0137497 -0.0136721 -0.0135854 -0.0134769 -0.0133369 -0.0131697 -0.0129686 -0.0127431 -0.0125073 -0.0122299 -0.0119415 -0.0116293 -0.0113033 -0.0109868 -0.0106426 -0.0103022 -0.00995459 -0.00961354 -0.00927593 -0.00893775 -0.00860294 -0.00827783 -0.00797808 -0.00767292 -0.00738563 -0.00710462 -0.00684598 -0.00659643 -0.00636281 -0.00613912 -0.00593384 -0.00575757 -0.00556637 -0.00540133 -0.00524916 -0.00510959 -0.00497273 -0.00485674 -0.00473488 -0.0046295 -0.00452873 -0.00441911 -0.00433339 -0.0042501 -0.00416403 -0.00406983 -0.00399928 -0.00391906 -0.00384674 -0.00376888 -0.00371177 -0.00363733 -0.00356219 -0.00350495 -0.00345927 -0.00338887 -0.00332363 -0.003281 -0.00323115 -0.00317882 -0.00312778 -0.00308834 -0.00304306 -0.00300682 -0.00296295 -0.00293424 -0.00289498 -0.00286734 -0.0028364 -0.00281493 -0.00278035 -0.00276761 -0.00274389 -0.00272515 -0.0027059 -0.00270214 -0.00267864 -0.00267382 -0.00266699 -0.00266182 -0.00264952 -0.00265986 -0.00265242 -0.00265454 -0.00265934 -0.00267139 -0.00266763 -0.00268724 -0.00269699 -0.00271068 -0.00272269 -0.00275089 -0.00276161 -0.0027892 -0.0028119 -0.00284192 -0.0028643 -0.00290375 -0.00293194 -0.00296972 -0.00300213 -0.00305072 -0.00309277 -0.00313139 -0.003172 -0.00323712 -0.00328849 -0.00332694 -0.00338578 -0.00345307 -0.00351187 -0.00356696 -0.0036382 -0.00369997 -0.0037701 -0.00383625 -0.00392357 -0.00399111 -0.00406205 -0.00414236 -0.00423757 -0.00431093 -0.00440226 -0.0044992 -0.00458637 -0.00468531 -0.00478606 -0.00489543 -0.00500751 -0.0051265 -0.00522956 -0.00536104 -0.00548501 -0.00560949 -0.00573379 -0.0058643 -0.00599161 -0.00610429 -0.00621706 -0.00631346 -0.00641492 -0.00649185 -0.00655034 -0.006586 -0.00661075 -0.00660051 -0.00655757 -0.00648788 -0.00637066 -0.00623954 -0.00604691 -0.00580796 -0.00552625 -0.00518727 -0.00480926 -0.00436913 -0.00386791 -0.00331404 -0.00270809 -0.00204098 -0.00131931 -0.000523287 0.00033381 0.00123963 0.00220879 0.00320931 0.00425322 0.00530634 0.00632778 0.0073014 0.00816846 0.00892329 0.00954056 0.0100058 0.010345 0.010567 0.0107337 0.0109031 0.011128 0.011478 0.0119724 
0 -0.00413943 -0.00817981 -0.011963 -0.0154414 -0.018473 -0.0210289 -0.0230944 -0.0246538 -0.0258123 -0.0265832 -0.0270679 -0.0273261 -0.0274024 -0.0273967 -0.0273258 -0.0272515 -0.027167 -0.0270677 -0.0269514 -0.0268075 -0.0266472 -0.026438 -0.0261867 -0.0258563 -0.0254734 -0.0250506 -0.0245726 -0.0240661 -0.0234968 -0.0228975 -0.0222857 -0.0216514 -0.0209959 -0.0203265 -0.0196448 -0.0189789 -0.0183336 -0.0176642 -0.0170249 -0.016399 -0.0157888 -0.0152167 -0.0146398 -0.0140967 -0.0136052 -0.0131273 -0.0126651 -0.0122418 -0.0118394 -0.0114737 -0.0111325 -0.010802 -0.0105121 -0.0102446 -0.00998107 -0.00972645 -0.00950549 -0.00930649 -0.00909888 -0.00890291 -0.00873136 -0.00855282 -0.00837406 -0.00822601 -0.00807306 -0.00792126 -0.00777788 -0.00762902 -0.0074923 -0.00737537 -0.00724799 -0.00711639 -0.00699959 -0.0068836 -0.00678379 -0.00668149 -0.00657107 -0.00647037 -0.00639314 -0.00630307 -0.00621633 -0.00613548 -0.00606693 -0.00599854 -0.0059314 -0.00586503 -0.00581774 -0.00576362 -0.00570837 -0.00567044 -0.00563571 -0.00558845 -0.0055617 -0.00554209 -0.00550821 -0.00548786 -0.00548404 -0.005464 -0.00545101 -0.0054594 -0.00545577 -0.00545025 -0.00546915 -0.00548185 -0.00548661 -0.0055132 -0.00554287 -0.00555908 -0.00559433 -0.00563728 -0.00567041 -0.00571106 -0.00576829 -0.00581727 -0.00587184 -0.00593137 -0.00600039 -0.00607137 -0.0061443 -0.00621346 -0.00630413 -0.00639345 -0.00648386 -0.00657442 -0.0066704 -0.0067762 -0.00690173 -0.00700289 -0.00710337 -0.00723666 -0.0073702 -0.00749068 -0.00762546 -0.00776168 -0.00789643 -0.00805003 -0.00819871 -0.00835347 -0.00851793 -0.00867701 -0.00883672 -0.00901958 -0.00921179 -0.00939613 -0.00958043 -0.00978668 -0.0100035 -0.0102024 -0.0104261 -0.0106646 -0.0108906 -0.0111229 -0.0113472 -0.0115699 -0.0118084 -0.0120215 -0.0122038 -0.0124003 -0.0125577 -0.0126823 -0.0127766 -0.0128159 -0.0128362 -0.0128009 -0.0126905 -0.0125142 -0.012277 -0.0119588 -0.0115616 -0.0110631 -0.0104648 -0.00979534 -0.00901416 -0.00813341 -0.00713198 -0.00602204 -0.00481589 -0.00350031 -0.00207214 -0.000510283 0.00115478 0.00294003 0.00480849 0.00676601 0.00879761 0.0108221 0.0128227 0.0146741 0.0163446 0.0177804 0.0189159 0.0197938 0.0203733 0.0207575 0.0210302 0.0212903 0.0217091 0.0223328 0.0232814 
0 -0.00607099 -0.011963 -0.0175279 -0.0225871 -0.0270237 -0.0307581 -0.0337376 -0.0360218 -0.0376614 -0.0387586 -0.0394329 -0.0397497 -0.0398447 -0.0397899 -0.0396675 -0.0395486 -0.0394112 -0.0392752 -0.0391139 -0.0389187 -0.0387012 -0.0384282 -0.0380738 -0.0376377 -0.03711 -0.0365127 -0.0358691 -0.0351258 -0.0343329 -0.0334768 -0.0325836 -0.0316955 -0.0307476 -0.0297962 -0.0288288 -0.0278772 -0.0269361 -0.0259931 -0.0250633 -0.0241614 -0.0233171 -0.0224765 -0.0216739 -0.0208985 -0.0201815 -0.0194934 -0.0188454 -0.0182298 -0.0176629 -0.0171628 -0.0166459 -0.0161842 -0.0157616 -0.0153721 -0.014994 -0.0146604 -0.0143275 -0.0140324 -0.0137477 -0.0134529 -0.0132095 -0.0129745 -0.0127353 -0.0124872 -0.0122843 -0.0120677 -0.0118661 -0.0116562 -0.0114878 -0.0112907 -0.0110901 -0.0109256 -0.0107861 -0.0106006 -0.0104268 -0.0102969 -0.0101551 -0.0100097 -0.00987087 -0.00975363 -0.00962818 -0.00952026 -0.00940253 -0.00931376 -0.00920729 -0.00912341 -0.00903904 -0.0089711 -0.00888108 -0.00883527 -0.00877172 -0.00871569 -0.00866471 -0.00864408 -0.00858671 -0.00856678 -0.00854829 -0.00853055 -0.00850317 -0.00852181 -0.00850786 -0.00851171 -0.00852704 -0.00855526 -0.00855509 -0.0086024 -0.00863446 -0.00867178 -0.00871153 -0.00878337 -0.00882324 -0.00889587 -0.00896497 -0.00904659 -0.00911684 -0.00922082 -0.00930721 -0.00941145 -0.00950925 -0.00963776 -0.00975742 -0.00987104 -0.00999199 -0.0101595 -0.0103018 -0.010422 -0.0105853 -0.0107627 -0.0109233 -0.0110828 -0.0112736 -0.0114456 -0.0116347 -0.0118207 -0.012045 -0.0122352 -0.0124316 -0.0126497 -0.0128966 -0.0131036 -0.013344 -0.0135997 -0.0138389 -0.0140976 -0.0143608 -0.0146432 -0.0149314 -0.0152255 -0.0154925 -0.0158121 -0.016114 -0.016411 -0.0167034 -0.0170024 -0.0172908 -0.0175399 -0.0177742 -0.0179723 -0.0181629 -0.0182886 -0.0183573 -0.0183603 -0.01832 -0.0181858 -0.0179545 -0.0176372 -0.0172001 -0.0166967 -0.0160386 -0.0152472 -0.0143315 -0.0132705 -0.0120911 -0.0107502 -0.00924672 -0.0076018 -0.00581873 -0.00388059 -0.00179371 0.000480263 0.00291046 0.00547333 0.00818404 0.010982 0.0138739 0.0167688 0.0195637 0.0221836 0.0244933 0.0264536 0.0279997 0.0291082 0.0298343 0.0302372 0.0304835 0.0307488 0.0312035 0.0320269 0.0333063 
0 -0.00782685 -0.0154414 -0.0225871 -0.0291069 -0.0347947 -0.0395607 -0.043371 -0.0462409 -0.0483052 -0.0496532 -0.0504478 -0.0508117 -0.0508653 -0.050757 -0.0505632 -0.0503744 -0.0501918 -0.0500125 -0.0498217 -0.0496039 -0.0493621 -0.0490505 -0.0486552 -0.0481359 -0.0475121 -0.0468031 -0.0460016 -0.0451178 -0.0441335 -0.0430811 -0.0419896 -0.0408631 -0.0396904 -0.0384909 -0.0372742 -0.0360765 -0.0349032 -0.0337133 -0.0325581 -0.0314347 -0.0303531 -0.0293188 -0.0283032 -0.0273417 -0.0264567 -0.0256103 -0.0247993 -0.024045 -0.0233391 -0.0226944 -0.0220812 -0.0215024 -0.0209819 -0.0204995 -0.0200334 -0.019591 -0.0191914 -0.0188278 -0.0184656 -0.0181166 -0.0178071 -0.0174987 -0.0171928 -0.0169162 -0.0166502 -0.0163857 -0.0161302 -0.0158733 -0.0156382 -0.0154173 -0.0151867 -0.0149634 -0.0147578 -0.0145477 -0.0143554 -0.0141734 -0.013982 -0.0138012 -0.0136446 -0.0134855 -0.0133281 -0.0131816 -0.0130479 -0.0129231 -0.0127971 -0.0126794 -0.0125822 -0.0124838 -0.0123832 -0.0123095 -0.0122384 -0.0121591 -0.0121034 -0.0120618 -0.0120037 -0.0119669 -0.0119494 -0.0119188 -0.0118966 -0.0119044 -0.0118989 -0.0118966 -0.0119227 -0.0119474 -0.0119629 -0.0120093 -0.0120595 -0.0120999 -0.0121616 -0.0122391 -0.0123042 -0.0123844 -0.012483 -0.0125785 -0.0126785 -0.0127935 -0.0129166 -0.013046 -0.0131782 -0.0133175 -0.0134752 -0.0136335 -0.0137954 -0.0139698 -0.0141451 -0.0143288 -0.0145383 -0.0147322 -0.0149215 -0.0151434 -0.0153737 -0.0155905 -0.015821 -0.0160567 -0.0163002 -0.016554 -0.0168059 -0.0170703 -0.0173495 -0.0176145 -0.0178887 -0.0181889 -0.0184946 -0.0187921 -0.0190919 -0.0194131 -0.0197416 -0.0200505 -0.0203719 -0.0207124 -0.0210325 -0.0213446 -0.0216389 -0.021927 -0.0222125 -0.0224519 -0.0226432 -0.0228214 -0.0229428 -0.0229941 -0.0229739 -0.0228626 -0.0226916 -0.0224121 -0.0220006 -0.0214652 -0.020806 -0.020012 -0.0190617 -0.0179366 -0.0166439 -0.0152062 -0.013592 -0.0117993 -0.00980923 -0.00764184 -0.00531303 -0.00280612 -0.000114791 0.00278702 0.00586493 0.00911822 0.0125124 0.0160295 0.0196348 0.0232092 0.0266652 0.0298321 0.032608 0.0349008 0.0366245 0.0378044 0.0384455 0.0387008 0.0387551 0.0388318 0.0392085 0.0400488 0.0415354 
0 -0.00937184 -0.018473 -0.0270237 -0.0347947 -0.0415705 -0.0472262 -0.0517192 -0.0550902 -0.0574667 -0.0589917 -0.0598443 -0.060183 -0.0601706 -0.0599666 -0.059687 -0.0594239 -0.0591915 -0.0589846 -0.058784 -0.0585696 -0.0583325 -0.0580294 -0.0576253 -0.0570918 -0.0564308 -0.0556613 -0.0547851 -0.0537927 -0.052688 -0.0514933 -0.0502413 -0.0489478 -0.0475991 -0.0462153 -0.0448147 -0.0434273 -0.0420568 -0.0406861 -0.0393426 -0.0380432 -0.0368006 -0.0356028 -0.0344428 -0.0333417 -0.0323161 -0.0313441 -0.0304212 -0.0295565 -0.0287565 -0.0280217 -0.0273174 -0.026659 -0.0260599 -0.0255047 -0.0249765 -0.0244824 -0.024024 -0.0236017 -0.0231914 -0.0227953 -0.0224393 -0.0220973 -0.021757 -0.0214317 -0.0211282 -0.0208304 -0.0205395 -0.0202537 -0.0199897 -0.0197257 -0.0194575 -0.0192107 -0.0189808 -0.0187369 -0.0185042 -0.0182942 -0.0180829 -0.0178748 -0.0176815 -0.0174978 -0.0173178 -0.0171479 -0.0169871 -0.0168395 -0.0166922 -0.0165568 -0.0164366 -0.0163208 -0.0162052 -0.0161149 -0.0160271 -0.0159391 -0.0158698 -0.0158159 -0.0157518 -0.0157084 -0.0156805 -0.0156486 -0.0156246 -0.0156272 -0.0156222 -0.0156247 -0.0156495 -0.0156785 -0.0157026 -0.0157541 -0.0158103 -0.0158647 -0.0159355 -0.0160237 -0.0161043 -0.016201 -0.016312 -0.0164263 -0.0165451 -0.0166819 -0.0168231 -0.0169717 -0.0171274 -0.0172978 -0.0174751 -0.017652 -0.0178407 -0.0180508 -0.0182544 -0.0184568 -0.0186865 -0.0189194 -0.0191452 -0.0193865 -0.0196415 -0.0198893 -0.0201459 -0.0204122 -0.0206906 -0.0209632 -0.0212358 -0.021526 -0.0218287 -0.0221158 -0.0224132 -0.0227267 -0.0230361 -0.0233417 -0.0236499 -0.0239702 -0.0242897 -0.0245901 -0.024883 -0.025188 -0.0254723 -0.0257328 -0.0259714 -0.0261944 -0.0263911 -0.0265316 -0.0266179 -0.0266634 -0.0266497 -0.0265486 -0.0263519 -0.0260548 -0.0256667 -0.0251492 -0.0244822 -0.0236689 -0.0227081 -0.0215972 -0.0203013 -0.01881 -0.0171339 -0.0152816 -0.0132436 -0.0110033 -0.00855256 -0.0059127 -0.00309429 -8.67951e-05 0.00312269 0.00655284 0.0101773 0.0139783 0.017929 0.0219939 0.0261219 0.0301908 0.0340646 0.0375745 0.0405773 0.0429657 0.0446611 0.0456638 0.0460288 0.0459211 0.0455801 0.0452967 0.0453809 0.0460776 0.0475814 
0 -0.0106789 -0.0210289 -0.0307581 -0.0395607 -0.0472262 -0.0535978 -0.0586236 -0.0623734 -0.0649587 -0.0665801 -0.0674263 -0.0676908 -0.067579 -0.0672532 -0.0668715 -0.0665215 -0.066235 -0.0660069 -0.0658128 -0.0656296 -0.06543 -0.0651772 -0.064811 -0.0643176 -0.0636791 -0.0629092 -0.0620231 -0.0609892 -0.0598366 -0.0585732 -0.05723 -0.0558341 -0.054371 -0.0528622 -0.051335 -0.0498133 -0.0482983 -0.0468031 -0.0453244 -0.0438974 -0.0425373 -0.0412165 -0.0399567 -0.03876 -0.037637 -0.0365814 -0.0355867 -0.0346475 -0.0337845 -0.0329882 -0.032227 -0.0315246 -0.030877 -0.0302761 -0.0297087 -0.0291844 -0.0286903 -0.0282325 -0.0277993 -0.0273802 -0.0269931 -0.0266297 -0.0262742 -0.0259224 -0.0256015 -0.0252864 -0.0249748 -0.0246735 -0.0243946 -0.0241085 -0.023825 -0.0235637 -0.0233153 -0.0230574 -0.0228052 -0.0225774 -0.0223533 -0.0221308 -0.0219153 -0.0217184 -0.0215233 -0.0213392 -0.0211611 -0.020999 -0.0208377 -0.0206922 -0.0205537 -0.020427 -0.0203032 -0.0201993 -0.0200982 -0.0200077 -0.0199271 -0.0198621 -0.0197965 -0.0197485 -0.0197095 -0.0196789 -0.0196547 -0.01965 -0.0196461 -0.0196546 -0.0196747 -0.0197064 -0.0197394 -0.0197924 -0.0198505 -0.0199178 -0.0199935 -0.0200866 -0.0201793 -0.0202877 -0.0204039 -0.0205318 -0.0206622 -0.0208117 -0.020964 -0.0211256 -0.0212931 -0.0214814 -0.0216688 -0.0218594 -0.0220619 -0.0222864 -0.0225047 -0.022722 -0.0229581 -0.0232079 -0.0234523 -0.023699 -0.0239643 -0.024228 -0.0244919 -0.0247648 -0.0250539 -0.0253265 -0.0256037 -0.0258945 -0.0261892 -0.0264677 -0.0267561 -0.0270484 -0.0273288 -0.027605 -0.0278762 -0.0281446 -0.0283999 -0.0286397 -0.0288507 -0.0290601 -0.0292433 -0.0293829 -0.0294909 -0.0295705 -0.029599 -0.0295627 -0.0294667 -0.0292948 -0.029059 -0.0287177 -0.028259 -0.0276952 -0.0270108 -0.0261834 -0.0251958 -0.024045 -0.0227266 -0.0212497 -0.0195691 -0.0176879 -0.0156188 -0.0133539 -0.0109096 -0.00825227 -0.00538862 -0.0023364 0.000898748 0.00431923 0.0079438 0.0117793 0.0158137 0.0200097 0.0243521 0.0287854 0.0332394 0.0375946 0.0416622 0.0452853 0.0482774 0.0505195 0.0519467 0.0525331 0.0523947 0.0517041 0.0507598 0.0499194 0.0495184 0.0498899 0.0512325 
0 -0.0117232 -0.0230944 -0.0337376 -0.043371 -0.0517192 -0.0586236 -0.0640519 -0.0680298 -0.0707391 -0.0723675 -0.0731332 -0.0732897 -0.0730239 -0.0725611 -0.0720558 -0.0716004 -0.0712598 -0.0710094 -0.0708334 -0.0707053 -0.0705758 -0.0704002 -0.0701341 -0.069721 -0.0691683 -0.0684749 -0.06762 -0.0666418 -0.0654995 -0.0642425 -0.062897 -0.0614505 -0.0599524 -0.0583827 -0.056789 -0.0551866 -0.0535959 -0.0520107 -0.0504573 -0.0489554 -0.0474923 -0.0461089 -0.0447688 -0.0435086 -0.0423237 -0.0412171 -0.0401639 -0.0391898 -0.0382862 -0.0374289 -0.0366606 -0.0359257 -0.0352546 -0.0346326 -0.0340565 -0.0334977 -0.0330052 -0.0325369 -0.0320889 -0.0316816 -0.0312857 -0.0309091 -0.0305456 -0.03022 -0.0298853 -0.0295757 -0.0292636 -0.0289753 -0.028673 -0.028405 -0.0281421 -0.0278727 -0.0275982 -0.0273593 -0.0271272 -0.0268831 -0.0266503 -0.0264284 -0.0262246 -0.026015 -0.0258198 -0.0256243 -0.0254557 -0.0252764 -0.0251213 -0.0249626 -0.0248269 -0.0246847 -0.0245723 -0.024448 -0.0243514 -0.0242524 -0.0241762 -0.0240915 -0.02404 -0.0239789 -0.023941 -0.0239028 -0.0238907 -0.0238669 -0.023875 -0.0238785 -0.0239027 -0.0239237 -0.0239754 -0.0240145 -0.0240817 -0.0241466 -0.0242343 -0.0243139 -0.0244249 -0.024525 -0.0246513 -0.0247745 -0.0249193 -0.0250547 -0.0252209 -0.0253812 -0.0255585 -0.0257289 -0.0259223 -0.0261233 -0.0263332 -0.0265268 -0.0267428 -0.026984 -0.0272132 -0.0274364 -0.0276725 -0.0279301 -0.0281729 -0.0284307 -0.0286795 -0.0289439 -0.0291867 -0.0294563 -0.0297153 -0.0299727 -0.0302131 -0.030469 -0.030698 -0.0309261 -0.0311592 -0.0313539 -0.0315383 -0.0317077 -0.0318551 -0.0319575 -0.0320612 -0.0321052 -0.0321208 -0.0320844 -0.0319929 -0.0318485 -0.0316449 -0.0313669 -0.0309928 -0.0305545 -0.0299974 -0.0293385 -0.0285509 -0.0276385 -0.0265887 -0.025394 -0.0240284 -0.0224826 -0.0207884 -0.0188887 -0.0168206 -0.0145484 -0.0120792 -0.0094488 -0.00661662 -0.0036011 -0.000394656 0.00299599 0.0065525 0.0102788 0.0142026 0.0183097 0.022597 0.0270447 0.0315897 0.0362154 0.040799 0.045207 0.049269 0.0527491 0.0555058 0.0573717 0.0582773 0.0582529 0.0573769 0.0559186 0.0541931 0.0525991 0.0515689 0.0514219 0.0524479 
0 -0.0125348 -0.0246538 -0.0360218 -0.0462409 -0.0550902 -0.0623734 -0.0680298 -0.0721571 -0.074868 -0.076429 -0.0770598 -0.0770261 -0.0765875 -0.0759378 -0.0752845 -0.0747142 -0.0742997 -0.0740289 -0.0738815 -0.073819 -0.0737766 -0.0737257 -0.0735727 -0.073315 -0.0729051 -0.072334 -0.0716213 -0.0707251 -0.0696892 -0.0685096 -0.0672066 -0.0658089 -0.0643296 -0.0627751 -0.0611873 -0.0595728 -0.0579339 -0.0563323 -0.0547275 -0.0531746 -0.0516816 -0.0502279 -0.0488572 -0.047552 -0.046308 -0.0451464 -0.0440683 -0.0430499 -0.0421205 -0.0412514 -0.0404439 -0.0397035 -0.0390146 -0.038379 -0.0377948 -0.0372682 -0.0367668 -0.0362943 -0.0358659 -0.0354676 -0.0350793 -0.0347347 -0.0344079 -0.0340753 -0.0337708 -0.0334829 -0.0331982 -0.032935 -0.0326788 -0.0324104 -0.0321593 -0.0319241 -0.0316954 -0.031466 -0.0312304 -0.0310096 -0.0308113 -0.0306064 -0.0303959 -0.0302047 -0.0300228 -0.0298461 -0.0296731 -0.0295063 -0.0293538 -0.0292128 -0.0290671 -0.0289383 -0.0288256 -0.0287094 -0.0286035 -0.0285216 -0.0284355 -0.028356 -0.0283023 -0.0282504 -0.0281975 -0.0281721 -0.0281538 -0.0281311 -0.0281317 -0.0281475 -0.0281557 -0.0281828 -0.0282297 -0.0282711 -0.0283235 -0.0284004 -0.0284734 -0.0285528 -0.028655 -0.0287609 -0.0288658 -0.028991 -0.0291237 -0.0292608 -0.0294053 -0.0295561 -0.0297179 -0.0298944 -0.0300625 -0.0302341 -0.030425 -0.0306241 -0.0308212 -0.0310133 -0.0312084 -0.0314283 -0.0316514 -0.0318487 -0.032059 -0.0322812 -0.0324904 -0.0327054 -0.0329251 -0.0331187 -0.0333137 -0.0335104 -0.033686 -0.033857 -0.0340146 -0.0341433 -0.0342447 -0.0343348 -0.0343962 -0.0344218 -0.0344061 -0.0343614 -0.0342554 -0.0340971 -0.0338985 -0.0336212 -0.0332856 -0.0328753 -0.0323661 -0.0317687 -0.0310854 -0.03027 -0.0293618 -0.0283258 -0.0271401 -0.0258385 -0.0243664 -0.0227455 -0.0209655 -0.0190143 -0.0168951 -0.0146138 -0.0121452 -0.00950234 -0.00669506 -0.00370271 -0.000568829 0.00274598 0.00621396 0.00983166 0.0136061 0.0175213 0.02161 0.0258514 0.0302568 0.0347741 0.0393783 0.0439948 0.0485026 0.0527772 0.0565737 0.0597263 0.0620108 0.063283 0.0634992 0.0626339 0.0608881 0.0584876 0.0558288 0.0533784 0.051544 0.050785 0.0513441 
0 -0.0131218 -0.0258123 -0.0376614 -0.0483052 -0.0574667 -0.0649587 -0.0707391 -0.074868 -0.0775138 -0.0789229 -0.0793498 -0.0791014 -0.078429 -0.0775746 -0.0767386 -0.0760196 -0.0755097 -0.0752004 -0.0750691 -0.07508 -0.0751487 -0.0752277 -0.0752519 -0.0751665 -0.0749511 -0.0745759 -0.0740245 -0.0733195 -0.0724413 -0.0714174 -0.0702575 -0.0689577 -0.0675736 -0.0660939 -0.0645604 -0.062977 -0.0613693 -0.0597667 -0.0581721 -0.0566104 -0.0550689 -0.053591 -0.0521752 -0.0508303 -0.0495482 -0.0483525 -0.0472273 -0.0461864 -0.0452201 -0.0443014 -0.043493 -0.0427394 -0.0420429 -0.0414041 -0.0408268 -0.040285 -0.0398046 -0.0393503 -0.038939 -0.038579 -0.0382187 -0.0378878 -0.0375859 -0.0373187 -0.0370471 -0.0367993 -0.0365564 -0.0363414 -0.0361031 -0.0358968 -0.0357114 -0.0355065 -0.035286 -0.0351118 -0.03494 -0.0347448 -0.0345636 -0.0343921 -0.0342295 -0.0340603 -0.0339023 -0.0337447 -0.0336057 -0.0334512 -0.0333253 -0.0331949 -0.0330708 -0.0329493 -0.0328608 -0.0327445 -0.0326557 -0.0325789 -0.0325067 -0.0324224 -0.0323857 -0.0323301 -0.0322839 -0.0322553 -0.0322474 -0.0322122 -0.0322204 -0.0322292 -0.0322376 -0.0322517 -0.0323049 -0.0323286 -0.0323783 -0.0324417 -0.0325117 -0.0325675 -0.0326668 -0.0327499 -0.0328444 -0.0329463 -0.0330671 -0.0331693 -0.0333007 -0.0334284 -0.0335653 -0.0336931 -0.0338395 -0.0339945 -0.03415 -0.0342804 -0.0344396 -0.0346212 -0.034769 -0.034914 -0.0350811 -0.0352461 -0.035389 -0.0355528 -0.0356965 -0.0358386 -0.0359558 -0.03609 -0.0362081 -0.0363014 -0.0363592 -0.0364299 -0.036456 -0.0364486 -0.0364277 -0.0363572 -0.0362462 -0.0360841 -0.0358689 -0.0355996 -0.0352905 -0.0348754 -0.0344048 -0.0338514 -0.0332057 -0.0324628 -0.0316158 -0.0306686 -0.0296025 -0.0284127 -0.0270776 -0.0256206 -0.0240173 -0.022278 -0.0203754 -0.0183305 -0.0161338 -0.0137723 -0.0112687 -0.00858698 -0.00577087 -0.00280543 0.000308876 0.00355128 0.00693539 0.010445 0.0140712 0.0178248 0.0216944 0.0256783 0.0297992 0.0340294 0.0383847 0.0428291 0.0473015 0.051747 0.0560084 0.0599398 0.0633245 0.0659307 0.0675766 0.0680903 0.0674215 0.0656122 0.0628315 0.0593984 0.0557243 0.0523037 0.0496344 0.0481493 0.04818 
0 -0.0135235 -0.0265832 -0.0387586 -0.0496532 -0.0589917 -0.0665801 -0.0723675 -0.076429 -0.0789229 -0.0801176 -0.0802899 -0.0797595 -0.078815 -0.0777066 -0.076648 -0.075753 -0.0751177 -0.0747477 -0.0746228 -0.0746937 -0.07487 -0.0750983 -0.0753015 -0.0754348 -0.075453 -0.0753125 -0.0750007 -0.074516 -0.0738622 -0.0730472 -0.0720719 -0.0709454 -0.0697129 -0.0683757 -0.0669638 -0.0654754 -0.0639313 -0.0623818 -0.0608188 -0.0592684 -0.0577287 -0.0562296 -0.054793 -0.0534121 -0.0520792 -0.0508239 -0.0496533 -0.0485646 -0.0475543 -0.0466019 -0.0457518 -0.0449715 -0.04425 -0.0435929 -0.0430087 -0.0424858 -0.0420104 -0.0415658 -0.0411772 -0.0408432 -0.0405167 -0.0402325 -0.0399824 -0.0397526 -0.0395302 -0.0393326 -0.0391509 -0.0389946 -0.0388231 -0.0386623 -0.0385258 -0.038383 -0.0382347 -0.0381081 -0.0379763 -0.0378327 -0.0377101 -0.0375869 -0.0374601 -0.0373314 -0.037215 -0.0370999 -0.0369894 -0.0368677 -0.0367709 -0.0366727 -0.0365684 -0.0364738 -0.0364039 -0.0363096 -0.0362333 -0.0361765 -0.0361128 -0.0360428 -0.0360122 -0.035968 -0.0359221 -0.0359018 -0.0358921 -0.0358599 -0.0358624 -0.0358725 -0.0358704 -0.0358811 -0.035922 -0.0359382 -0.0359703 -0.0360239 -0.0360727 -0.0361124 -0.0361881 -0.036253 -0.036316 -0.0363935 -0.0364844 -0.0365584 -0.0366485 -0.0367402 -0.0368393 -0.0369319 -0.0370284 -0.037128 -0.0372351 -0.0373264 -0.0374292 -0.0375337 -0.0376174 -0.0377089 -0.037813 -0.03789 -0.0379515 -0.0380285 -0.0380868 -0.0381327 -0.038156 -0.0381702 -0.0381653 -0.0381325 -0.0380608 -0.0379881 -0.037866 -0.0376885 -0.0374769 -0.0372238 -0.0369135 -0.0365347 -0.0360878 -0.035578 -0.0349923 -0.034293 -0.0335204 -0.0326512 -0.0316764 -0.0305777 -0.0293517 -0.0280118 -0.0265462 -0.0249302 -0.0231723 -0.0212858 -0.0192531 -0.0170847 -0.0147501 -0.0122848 -0.00969247 -0.00696191 -0.00410421 -0.00110864 0.00199607 0.00520712 0.00852776 0.0119542 0.0154724 0.0190761 0.0227485 0.0265046 0.0303473 0.0342692 0.0382876 0.0423789 0.0465559 0.0507806 0.0549924 0.059106 0.0629614 0.0663991 0.0691899 0.0711155 0.071971 0.0715988 0.0699584 0.067102 0.063249 0.0587343 0.0540138 0.0496183 0.0460663 0.0438432 0.0432925 
0 -0.0137819 -0.0270679 -0.0394329 -0.0504478 -0.0598443 -0.0674263 -0.0731332 -0.0770598 -0.0793498 -0.0802899 -0.0801744 -0.0793287 -0.078082 -0.0766845 -0.0753624 -0.0742496 -0.073442 -0.0729684 -0.0728125 -0.0729141 -0.0731814 -0.0735522 -0.0739359 -0.0742982 -0.0745665 -0.0746859 -0.0746503 -0.0744276 -0.0740507 -0.0735007 -0.0727683 -0.0718755 -0.0708451 -0.0697007 -0.0684545 -0.0671093 -0.065677 -0.064224 -0.0627328 -0.0612222 -0.0597072 -0.0581971 -0.0567457 -0.0553317 -0.0539555 -0.0526406 -0.0514164 -0.0502624 -0.0491816 -0.0481741 -0.0472567 -0.0464335 -0.04567 -0.0449778 -0.0443597 -0.0438283 -0.0433376 -0.0428951 -0.0425231 -0.0422049 -0.0419051 -0.0416492 -0.0414418 -0.0412507 -0.0410866 -0.0409382 -0.0408173 -0.0407106 -0.0406103 -0.0405113 -0.0404396 -0.0403597 -0.0402811 -0.0402137 -0.0401455 -0.0400688 -0.0400031 -0.0399383 -0.0398652 -0.0397941 -0.0397247 -0.0396623 -0.0395906 -0.0395184 -0.039456 -0.0393996 -0.0393242 -0.0392681 -0.0392187 -0.0391584 -0.0390999 -0.0390681 -0.0390168 -0.0389707 -0.0389442 -0.0389167 -0.0388748 -0.0388645 -0.03885 -0.0388272 -0.0388203 -0.0388299 -0.0388166 -0.0388241 -0.0388438 -0.0388532 -0.0388623 -0.0389002 -0.0389204 -0.0389425 -0.0389818 -0.0390228 -0.0390471 -0.0390928 -0.0391381 -0.0391774 -0.0392164 -0.0392652 -0.0393073 -0.0393502 -0.039389 -0.0394306 -0.0394677 -0.0394971 -0.0395314 -0.0395581 -0.0395673 -0.0395781 -0.0395951 -0.0395764 -0.0395519 -0.0395239 -0.039478 -0.0394003 -0.0393108 -0.0391917 -0.0390538 -0.0388718 -0.0386479 -0.0383993 -0.0381046 -0.0377409 -0.0373227 -0.0368638 -0.0363225 -0.0356961 -0.0349868 -0.0342125 -0.0333248 -0.0323237 -0.0312191 -0.0300023 -0.0286648 -0.0271838 -0.0255634 -0.0238201 -0.0219502 -0.0199058 -0.0177304 -0.0154206 -0.0129781 -0.0104094 -0.00768998 -0.00486072 -0.00193402 0.00109628 0.00423885 0.00746649 0.0107745 0.0141358 0.0175566 0.0210549 0.0245868 0.0281631 0.0317614 0.0353986 0.0390916 0.0428281 0.0466153 0.0504405 0.0543111 0.0581872 0.062016 0.0656748 0.0690097 0.0718446 0.0739369 0.0750909 0.0750734 0.0737492 0.0710893 0.0671547 0.0622212 0.056632 0.0508869 0.0455471 0.0411402 0.0382028 0.0370792 
0 -0.0139104 -0.0273261 -0.0397497 -0.0508117 -0.060183 -0.0676908 -0.0732897 -0.0770261 -0.0791014 -0.0797595 -0.0793287 -0.0781584 -0.0765722 -0.0748598 -0.0732351 -0.0718602 -0.0708307 -0.0702069 -0.0699611 -0.0700459 -0.0703701 -0.0708314 -0.0713959 -0.0719562 -0.0724744 -0.072879 -0.07311 -0.073203 -0.0731177 -0.0728673 -0.072433 -0.0718103 -0.0710381 -0.0701402 -0.0691103 -0.0679486 -0.0666985 -0.0653599 -0.0639892 -0.062561 -0.0610797 -0.0596063 -0.0581442 -0.0567041 -0.0552857 -0.0539176 -0.052605 -0.051383 -0.0502113 -0.0491048 -0.048109 -0.0471988 -0.0463593 -0.045598 -0.0449339 -0.0443347 -0.0438177 -0.0433558 -0.0429641 -0.0426405 -0.0423617 -0.0421109 -0.0419151 -0.0417754 -0.0416433 -0.0415372 -0.0414674 -0.0414212 -0.0413604 -0.0413358 -0.0413346 -0.041322 -0.0412915 -0.0412966 -0.0413091 -0.041301 -0.0412855 -0.0412856 -0.0412863 -0.0412721 -0.0412579 -0.0412462 -0.0412329 -0.0412083 -0.0411944 -0.0411728 -0.0411479 -0.0411232 -0.0411091 -0.0410769 -0.0410549 -0.0410361 -0.0410151 -0.0409852 -0.0409758 -0.0409541 -0.0409339 -0.0409197 -0.0409127 -0.0408897 -0.0408852 -0.0408782 -0.0408681 -0.040858 -0.0408643 -0.040853 -0.0408506 -0.0408528 -0.0408543 -0.0408443 -0.0408522 -0.0408498 -0.0408456 -0.0408422 -0.0408447 -0.0408299 -0.0408229 -0.0408171 -0.0408024 -0.0407717 -0.0407522 -0.0407367 -0.0406972 -0.0406389 -0.0405954 -0.0405568 -0.0404769 -0.040385 -0.0402989 -0.0402008 -0.0400593 -0.0399178 -0.0397556 -0.0395542 -0.0393116 -0.0390686 -0.0387793 -0.0384252 -0.0380323 -0.0376057 -0.0371076 -0.0365363 -0.0359156 -0.0352098 -0.0344239 -0.0335352 -0.0325535 -0.0314729 -0.0302909 -0.0289585 -0.0275037 -0.0259418 -0.0242244 -0.0223575 -0.0203508 -0.0182158 -0.0159312 -0.0135105 -0.0109288 -0.00823953 -0.00544817 -0.0025189 0.000509785 0.00362984 0.0068139 0.0100637 0.0133766 0.0167544 0.020139 0.0235353 0.0269577 0.0303763 0.0338211 0.0372314 0.0406268 0.0440322 0.0474407 0.0508801 0.0543237 0.05778 0.061244 0.0646908 0.0680385 0.0711676 0.0739087 0.076055 0.0774101 0.0777191 0.0768042 0.0745181 0.0708252 0.0658723 0.0598846 0.0533004 0.0466126 0.0403823 0.0352189 0.0315955 0.0299467 
0 -0.013965 -0.0274024 -0.0398447 -0.0508653 -0.0601706 -0.067579 -0.0730239 -0.0765875 -0.078429 -0.078815 -0.078082 -0.0765722 -0.0746445 -0.0725864 -0.0706231 -0.0689413 -0.0676419 -0.0667942 -0.0664062 -0.0664014 -0.0667073 -0.0672329 -0.0678922 -0.0686414 -0.0693785 -0.0700337 -0.0705747 -0.0709547 -0.0712004 -0.0712755 -0.0711549 -0.0708567 -0.0703851 -0.0697733 -0.0690096 -0.0680986 -0.0670417 -0.065896 -0.0646643 -0.0633399 -0.0619619 -0.0605275 -0.0590902 -0.0576446 -0.0561915 -0.0547477 -0.0533733 -0.0520413 -0.0507615 -0.0495675 -0.0484335 -0.0474064 -0.0464553 -0.0455868 -0.0448102 -0.0441534 -0.0435493 -0.0430245 -0.0425882 -0.042218 -0.041909 -0.0416586 -0.0414769 -0.0413178 -0.0412091 -0.0411291 -0.0410973 -0.0410744 -0.0410947 -0.0411079 -0.0411376 -0.0411854 -0.0412581 -0.0413129 -0.041366 -0.0414283 -0.0414966 -0.0415634 -0.0416104 -0.0416619 -0.0417107 -0.0417642 -0.0417917 -0.0418315 -0.0418567 -0.0418897 -0.0419015 -0.0419277 -0.0419329 -0.0419519 -0.0419507 -0.0419639 -0.0419572 -0.0419659 -0.0419544 -0.0419588 -0.041944 -0.0419445 -0.0419259 -0.0419235 -0.0419016 -0.0418953 -0.0418702 -0.0418606 -0.0418313 -0.0418177 -0.0417841 -0.0417656 -0.0417269 -0.0417021 -0.0416572 -0.0416272 -0.0415731 -0.0415309 -0.0414737 -0.0414245 -0.0413476 -0.041283 -0.0412061 -0.0411289 -0.0410284 -0.0409254 -0.0408142 -0.0407065 -0.0405735 -0.04041 -0.0402525 -0.0400887 -0.0398979 -0.0396654 -0.0394309 -0.0391589 -0.0388712 -0.0385342 -0.0381738 -0.0377507 -0.0372953 -0.0367796 -0.0362161 -0.0355822 -0.03489 -0.0341051 -0.0332278 -0.0322945 -0.0312483 -0.0300855 -0.0288161 -0.027445 -0.0259123 -0.0242646 -0.0224689 -0.020541 -0.0184748 -0.0162403 -0.0138594 -0.0113534 -0.00871842 -0.00592727 -0.00303378 -2.88353e-05 0.00305859 0.00623891 0.00950644 0.0128215 0.0161597 0.0195164 0.0229083 0.0262846 0.0296475 0.032962 0.0362363 0.0394967 0.0426934 0.0458342 0.0489173 0.0519584 0.0549999 0.0580333 0.0610507 0.0640669 0.067062 0.0700116 0.0728393 0.0753821 0.077485 0.078933 0.079501 0.0789897 0.0771738 0.0739484 0.0693033 0.0633627 0.0564474 0.0489541 0.0414253 0.0344482 0.0285879 0.0244057 0.0222814 
0 -0.0139615 -0.0273967 -0.0397899 -0.050757 -0.0599666 -0.0672532 -0.0725611 -0.0759378 -0.0775746 -0.0777066 -0.0766845 -0.0748598 -0.0725864 -0.0701748 -0.067852 -0.0658217 -0.06419 -0.0630652 -0.0624421 -0.0622766 -0.0625011 -0.0629938 -0.0637236 -0.0645768 -0.065488 -0.0663785 -0.0671666 -0.0678617 -0.0684233 -0.0688372 -0.0690733 -0.0691212 -0.0689847 -0.0686979 -0.0682314 -0.06759 -0.0668064 -0.0658652 -0.0648333 -0.0636691 -0.0623984 -0.0610572 -0.0596578 -0.058222 -0.0567563 -0.0552848 -0.0538233 -0.0524048 -0.0510069 -0.0496727 -0.0484055 -0.0472337 -0.0461397 -0.0451314 -0.0442297 -0.0434116 -0.0426939 -0.0420728 -0.041542 -0.0410882 -0.0407305 -0.0404142 -0.040176 -0.04001 -0.0398907 -0.0398104 -0.0397822 -0.0397773 -0.0398011 -0.0398636 -0.039945 -0.0400406 -0.0401306 -0.040241 -0.0403699 -0.0404985 -0.0406021 -0.0407245 -0.0408428 -0.0409577 -0.0410588 -0.041159 -0.0412466 -0.0413417 -0.041415 -0.041484 -0.0415514 -0.0416126 -0.0416543 -0.0417059 -0.041745 -0.0417718 -0.041799 -0.041827 -0.0418336 -0.0418448 -0.0418551 -0.0418509 -0.0418404 -0.0418388 -0.0418193 -0.041794 -0.0417732 -0.0417443 -0.0416988 -0.041663 -0.041617 -0.041558 -0.0414985 -0.0414401 -0.0413585 -0.0412812 -0.0411985 -0.041103 -0.0409946 -0.0408913 -0.0407683 -0.0406444 -0.0405015 -0.0403492 -0.040191 -0.040033 -0.0398331 -0.0396284 -0.039418 -0.0391964 -0.0389384 -0.0386581 -0.0383541 -0.038041 -0.0376847 -0.0372899 -0.0368681 -0.0363913 -0.0358679 -0.0353126 -0.0346956 -0.0339927 -0.0332446 -0.0324092 -0.0314964 -0.0304949 -0.0294028 -0.0281956 -0.0268827 -0.0254369 -0.023873 -0.0221834 -0.0203502 -0.018373 -0.0162371 -0.0139769 -0.0115559 -0.00899032 -0.0062921 -0.0034777 -0.000532376 0.00251701 0.00567864 0.00891198 0.0121849 0.01554 0.0189105 0.0223018 0.0256778 0.0290278 0.0323598 0.0356455 0.0388463 0.0419586 0.0449928 0.047934 0.0508074 0.0535607 0.0562366 0.0588583 0.0614396 0.0640191 0.0665561 0.0690845 0.0715783 0.0740097 0.0762869 0.078244 0.0797096 0.0804516 0.0802755 0.0789434 0.0762804 0.0721781 0.0666327 0.0598375 0.0520772 0.0438195 0.0355936 0.027978 0.0215889 0.0169277 0.0144356 
0 -0.0139314 -0.0273258 -0.0396675 -0.0505632 -0.059687 -0.0668715 -0.0720558 -0.0752845 -0.0767386 -0.076648 -0.0753624 -0.0732351 -0.0706231 -0.067852 -0.0651506 -0.0627405 -0.0607475 -0.0592836 -0.0583735 -0.0579713 -0.0580261 -0.0584262 -0.0591249 -0.060027 -0.0610477 -0.0621102 -0.0631297 -0.0640905 -0.064952 -0.0656877 -0.0662651 -0.0666678 -0.0668925 -0.0669533 -0.0668263 -0.0665105 -0.0660191 -0.0653453 -0.0645366 -0.0635652 -0.0624646 -0.0612534 -0.0599395 -0.0585547 -0.0571007 -0.0556017 -0.0540878 -0.0525775 -0.0510764 -0.049627 -0.0482113 -0.0468698 -0.0456064 -0.0444239 -0.0433478 -0.0423689 -0.041491 -0.0407197 -0.0400449 -0.0394572 -0.0389846 -0.038587 -0.0382764 -0.0380337 -0.0378554 -0.0377413 -0.037685 -0.0376629 -0.0376978 -0.0377606 -0.0378319 -0.0379478 -0.0380896 -0.0382299 -0.038376 -0.038541 -0.0387032 -0.038874 -0.0390296 -0.0391889 -0.0393446 -0.0394914 -0.0396231 -0.0397657 -0.0398799 -0.0399886 -0.0400998 -0.0401968 -0.0402666 -0.0403546 -0.0404234 -0.0404705 -0.0405213 -0.0405738 -0.0405907 -0.0406157 -0.0406403 -0.0406404 -0.0406304 -0.0406357 -0.0406109 -0.0405767 -0.0405509 -0.0405114 -0.0404444 -0.0403948 -0.0403295 -0.040241 -0.0401543 -0.0400711 -0.0399513 -0.0398367 -0.0397184 -0.039579 -0.0394244 -0.0392788 -0.0391016 -0.0389184 -0.0387279 -0.0385241 -0.0382939 -0.0380587 -0.0378027 -0.0375411 -0.0372433 -0.0369181 -0.0365848 -0.0362296 -0.0358207 -0.0353901 -0.0349255 -0.0344058 -0.0338534 -0.0332502 -0.0325842 -0.031855 -0.031061 -0.0301897 -0.0292557 -0.028214 -0.027084 -0.0258508 -0.0245024 -0.0230373 -0.0214556 -0.01973 -0.0178752 -0.0158753 -0.0137202 -0.0114361 -0.00899665 -0.00642759 -0.00372059 -0.000877822 0.00208524 0.00514567 0.0083125 0.0115506 0.0148573 0.0182089 0.0215716 0.0249677 0.0283451 0.0316956 0.0349874 0.0382071 0.0413543 0.0444044 0.0473305 0.0501292 0.0528058 0.0553588 0.0578007 0.0601028 0.0623104 0.0644452 0.0665434 0.0686324 0.0706873 0.0727371 0.0747443 0.076677 0.0784238 0.079811 0.0806564 0.0807238 0.0798191 0.0777183 0.0742561 0.0693475 0.0630143 0.0554636 0.0470126 0.0381297 0.0293536 0.0212647 0.0144626 0.00946214 0.00668892 
0 -0.0139017 -0.0272515 -0.0395486 -0.0503744 -0.0594239 -0.0665215 -0.0716004 -0.0747142 -0.0760196 -0.075753 -0.0742496 -0.0718602 -0.0689413 -0.0658217 -0.0627405 -0.05993 -0.0575441 -0.0556887 -0.0544292 -0.0537224 -0.053531 -0.0537718 -0.0543611 -0.0552392 -0.0562939 -0.0574526 -0.0586453 -0.0598146 -0.0609381 -0.061966 -0.0628672 -0.0636166 -0.0641998 -0.0646087 -0.0648272 -0.064859 -0.0646876 -0.0643308 -0.0637915 -0.0630645 -0.0621824 -0.0611421 -0.0599594 -0.0586673 -0.0572784 -0.0558033 -0.054286 -0.0527161 -0.0511341 -0.0495784 -0.0480241 -0.0465222 -0.0450876 -0.0437255 -0.0424444 -0.0412635 -0.0401764 -0.0392144 -0.0383548 -0.0375941 -0.0369518 -0.0364089 -0.0359647 -0.0355985 -0.0353265 -0.0351352 -0.0350058 -0.0349143 -0.0349119 -0.0349446 -0.0349972 -0.035096 -0.0352384 -0.0353787 -0.0355392 -0.0357234 -0.0359129 -0.0361048 -0.0362901 -0.0364871 -0.0366801 -0.036858 -0.0370254 -0.0372089 -0.0373558 -0.0374979 -0.0376428 -0.0377723 -0.0378666 -0.0379853 -0.0380771 -0.0381459 -0.0382144 -0.038288 -0.0383143 -0.0383532 -0.0383858 -0.0383933 -0.0383826 -0.0383932 -0.0383626 -0.0383245 -0.03829 -0.0382426 -0.0381573 -0.0380959 -0.0380102 -0.0379004 -0.0377878 -0.0376823 -0.0375287 -0.037384 -0.0372332 -0.0370569 -0.0368588 -0.0366768 -0.0364575 -0.0362237 -0.0359827 -0.0357313 -0.0354484 -0.0351515 -0.0348347 -0.034506 -0.0341409 -0.0337396 -0.0333317 -0.0328835 -0.032379 -0.0318475 -0.031289 -0.0306476 -0.0299635 -0.0292251 -0.0284224 -0.027533 -0.0265744 -0.0255304 -0.0243969 -0.0231428 -0.021794 -0.0203375 -0.018738 -0.0170155 -0.0151543 -0.0131504 -0.0110078 -0.00872035 -0.00627486 -0.00371642 -0.00100731 0.00183544 0.00478009 0.00783829 0.0109854 0.0142064 0.0174946 0.0208278 0.0241773 0.0275426 0.0308846 0.0341921 0.0374467 0.0406195 0.043698 0.0466625 0.0495095 0.0522113 0.0547621 0.0571527 0.0593822 0.0614778 0.0634245 0.0652428 0.0669635 0.068608 0.0702354 0.0718467 0.0734471 0.075045 0.0765993 0.0780668 0.0793197 0.0801778 0.0804466 0.0798943 0.0783135 0.0755105 0.0713209 0.0656898 0.0586743 0.0504797 0.0414731 0.0321035 0.0229216 0.0145089 0.00742612 0.00221379 -0.000742796 
0 -0.0138569 -0.027167 -0.0394112 -0.0501918 -0.0591915 -0.066235 -0.0712598 -0.0742997 -0.0755097 -0.0751177 -0.073442 -0.0708307 -0.0676419 -0.06419 -0.0607475 -0.0575441 -0.0547407 -0.0524864 -0.050818 -0.0497555 -0.0492605 -0.0492424 -0.0496727 -0.0504255 -0.0514381 -0.0526307 -0.0539012 -0.0552313 -0.056542 -0.0578009 -0.0589784 -0.0600383 -0.0609498 -0.0617082 -0.062281 -0.0626588 -0.0628614 -0.0628294 -0.0626065 -0.0621789 -0.0615524 -0.0607523 -0.0597644 -0.0586194 -0.0573417 -0.0559626 -0.0544609 -0.0528952 -0.0512797 -0.049639 -0.0479875 -0.0463443 -0.0447385 -0.0431892 -0.0417226 -0.0403012 -0.0389988 -0.0378142 -0.0367262 -0.0357374 -0.0348951 -0.0341551 -0.0335139 -0.0329905 -0.0325637 -0.0322371 -0.0319813 -0.0318047 -0.0316931 -0.0316567 -0.0316541 -0.0317135 -0.0317955 -0.0319154 -0.0320641 -0.0322424 -0.0324192 -0.0326129 -0.0328137 -0.0330258 -0.0332342 -0.033425 -0.0336231 -0.0338244 -0.0339998 -0.0341575 -0.0343343 -0.0344777 -0.0346029 -0.0347309 -0.0348508 -0.0349274 -0.0350202 -0.0350952 -0.0351443 -0.0351812 -0.0352297 -0.035232 -0.0352351 -0.0352334 -0.0352119 -0.03516 -0.0351285 -0.0350614 -0.0349775 -0.0348919 -0.0348008 -0.0346647 -0.0345435 -0.0344065 -0.0342397 -0.0340606 -0.0338927 -0.0336812 -0.0334581 -0.0332347 -0.0329914 -0.0327181 -0.0324383 -0.0321384 -0.0318167 -0.0314788 -0.0311063 -0.030711 -0.0302863 -0.0298396 -0.0293453 -0.0288117 -0.0282236 -0.0276165 -0.0269361 -0.026194 -0.0253876 -0.0245232 -0.0235652 -0.0225363 -0.0214039 -0.0201744 -0.0188485 -0.0173866 -0.0158052 -0.0141111 -0.0122787 -0.0102741 -0.00815781 -0.00589338 -0.00348202 -0.000920191 0.00175879 0.00456597 0.00749272 0.0105207 0.0136496 0.0168324 0.0200788 0.0233717 0.0266937 0.0299922 0.0332913 0.0365456 0.0397342 0.0428587 0.0458548 0.0487469 0.0515028 0.054102 0.0565385 0.058809 0.0608919 0.0628069 0.0645565 0.0661313 0.0675899 0.0689066 0.0701436 0.0713379 0.0725026 0.0736967 0.0748917 0.0760957 0.0772697 0.0783302 0.0791501 0.0795386 0.0792851 0.0781618 0.0759718 0.0725161 0.0676805 0.0614199 0.0538154 0.0451209 0.0356727 0.025965 0.0165204 0.00789748 0.000679198 -0.0046653 -0.00771523 
0 -0.0138109 -0.0270677 -0.0392752 -0.0500125 -0.0589846 -0.0660069 -0.0710094 -0.0740289 -0.0752004 -0.0747477 -0.0729684 -0.0702069 -0.0667942 -0.0630652 -0.0592836 -0.0556887 -0.0524864 -0.0497824 -0.0476979 -0.0462248 -0.0453487 -0.045047 -0.0452025 -0.0457849 -0.046675 -0.0477996 -0.0491062 -0.0504953 -0.0519339 -0.0533606 -0.0547478 -0.0560573 -0.0572702 -0.0583286 -0.0592324 -0.0599769 -0.0605132 -0.0608638 -0.0609725 -0.0608713 -0.060569 -0.0600544 -0.0593204 -0.058396 -0.0573087 -0.0560528 -0.0546744 -0.0531488 -0.0515506 -0.0498969 -0.0481856 -0.0464296 -0.0446925 -0.042986 -0.0413035 -0.0396946 -0.038155 -0.0367241 -0.0353837 -0.0341554 -0.0330348 -0.0320675 -0.0312105 -0.0304528 -0.0298164 -0.029309 -0.0288858 -0.0285426 -0.0283217 -0.0281631 -0.0280477 -0.0279975 -0.028043 -0.0281021 -0.0281856 -0.0283043 -0.0284792 -0.02865 -0.0288303 -0.0290239 -0.0292381 -0.0294333 -0.029636 -0.029839 -0.0300268 -0.0302021 -0.0303842 -0.0305432 -0.0306812 -0.0308232 -0.0309478 -0.0310455 -0.0311397 -0.0312266 -0.0312803 -0.0313301 -0.0313711 -0.0313868 -0.0313858 -0.0313868 -0.0313571 -0.0313133 -0.0312654 -0.0311985 -0.0311042 -0.0310136 -0.0309027 -0.0307652 -0.0306234 -0.0304732 -0.0302901 -0.0300986 -0.0299028 -0.0296755 -0.0294343 -0.0291872 -0.0289143 -0.0286098 -0.0283106 -0.0279833 -0.0276176 -0.0272198 -0.0268299 -0.0263942 -0.0259041 -0.0253684 -0.0248358 -0.0242342 -0.0235637 -0.022842 -0.0220835 -0.0212246 -0.0202972 -0.0193083 -0.0182186 -0.0170048 -0.015701 -0.0143081 -0.0127647 -0.0110917 -0.00928866 -0.00735663 -0.00525742 -0.00303213 -0.00065518 0.00184581 0.00448785 0.00727075 0.0101634 0.0131379 0.0162087 0.019378 0.0225715 0.0258128 0.0290675 0.0323323 0.0355678 0.0387541 0.0418604 0.0448969 0.0478403 0.050628 0.0532921 0.0557845 0.058118 0.0602716 0.0622265 0.0639904 0.0655777 0.0669875 0.0682187 0.0693156 0.0702603 0.0711299 0.0719336 0.0727026 0.0735067 0.0743222 0.0751966 0.0760855 0.0769341 0.0776639 0.0781053 0.0780822 0.077367 0.0757398 0.0729946 0.0689709 0.0635589 0.0567542 0.048678 0.0395677 0.0298192 0.0198806 0.0102862 0.00158982 -0.00569268 -0.0110532 -0.0141431 
