0 0 0 0 0 0 0 0 0 0 0 0 0 0 0 0 0 0 0 0 0 0 0 0 0 0 0 0 0 0 0 0 0 0 0 0 0 0 0 0 0 0 0 0 0 0 0 0 0 0 0 0 0 0 0 0 0 0 0 0 0 0 0 0 0 0 0 0 0 0 0 0 0 0 0 0 0 0 0 0 0 0 0 0 0 0 0 0 0 0 0 0 0 0 0 0 0 0 0 0 0 0 0 0 0 0 0 0 0 0 0 0 0 0 0 0 0 0 0 0 0 0 0 0 0 0 0 0 0 0 0 0 0 0 0 0 0 0 0 0 0 0 0 0 0 0 0 0 0 0 0 0 0 0 0 0 0 0 0 0 0 0 0 0 0 0 0 0 0 0 0 0 0 0 0 0 0 0 0 0 0 0 0 0 0 0 0 0 0 0 0 0 0 0 0 0 0 0 0 0 
0 -0.00269814 -0.00529069 -0.00771208 -0.00985584 -0.0117024 -0.0132166 -0.0144011 -0.0153066 -0.0159427 -0.0163853 -0.0166704 -0.0168437 -0.0169659 -0.0170373 -0.0170887 -0.0171107 -0.0170946 -0.0170561 -0.0169775 -0.0168614 -0.0166984 -0.0164737 -0.0162003 -0.0158798 -0.0155117 -0.0150996 -0.0146401 -0.0141423 -0.0136257 -0.0130887 -0.0125316 -0.0119646 -0.0113883 -0.0108219 -0.0102643 -0.00970928 -0.00916769 -0.00865145 -0.00815902 -0.00768579 -0.00723945 -0.00680587 -0.00641518 -0.00605038 -0.00569773 -0.00538535 -0.00509766 -0.00483387 -0.00459281 -0.00436973 -0.00416211 -0.00399429 -0.00382649 -0.00367254 -0.0035458 -0.00342327 -0.00330665 -0.00319969 -0.00311172 -0.00302455 -0.00294719 -0.00286607 -0.00279974 -0.00272826 -0.00267056 -0.00261182 -0.00255661 -0.0025059 -0.00245304 -0.00239787 -0.00235875 -0.00232576 -0.00227137 -0.00223103 -0.00219584 -0.00216512 -0.00212683 -0.00209845 -0.00205898 -0.00203819 -0.00201072 -0.001986 -0.00195576 -0.00194073 -0.00191676 -0.00190077 -0.00187814 -0.00186592 -0.00185018 -0.00183755 -0.00182126 -0.00181665 -0.00180342 -0.00179393 -0.00178883 -0.001785 -0.00177376 -0.00177504 -0.00177307 -0.00176819 -0.00176791 -0.0017741 -0.00176999 -0.00177457 -0.00178126 -0.00178581 -0.00178845 -0.00180236 -0.00180802 -0.00181866 -0.00182903 -0.00184601 -0.00185638 -0.00187482 -0.00188715 -0.00191256 -0.00192917 -0.00195187 -0.00197066 -0.00200167 -0.00202419 -0.00206026 -0.00207992 -0.00210989 -0.00215115 -0.00219527 -0.00221384 -0.00225468 -0.00230432 -0.00234594 -0.00238592 -0.00243537 -0.00248349 -0.00252945 -0.00258491 -0.00264115 -0.00270334 -0.00275279 -0.00281616 -0.00287747 -0.00294749 -0.00301477 -0.00308415 -0.00315063 -0.0032319 -0.00330121 -0.00337101 -0.00346442 -0.00354378 -0.00362176 -0.00370639 -0.00379446 -0.00387978 -0.00397409 -0.00405508 -0.00414772 -0.00424175 -0.00431617 -0.00439098 -0.00446024 -0.00452454 -0.00457219 -0.00460361 -0.00461396 -0.00461111 -0.00458376 -0.00451777 -0.00442536 -0.00430251 -0.00414672 -0.00395295 -0.00371207 -0.0034277 -0.00311212 -0.00275406 -0.00235336 -0.00191694 -0.00143843 -0.000942073 -0.000418516 0.000141133 0.000720066 0.00133772 0.00196865 0.00261517 0.00329057 0.00396468 0.00465481 0.0053226 0.00595445 0.00655617 0.00709637 0.00760786 0.00807199 0.00850141 0.00892184 0.0093268 0.00976999 0.0102502 
0 -0.00529069 -0.0104001 -0.0151227 -0.0193467 -0.0229536 -0.0259054 -0.0282364 -0.0299675 -0.031216 -0.0320531 -0.0325807 -0.0329203 -0.0331169 -0.0332634 -0.0333541 -0.033394 -0.0333922 -0.0333218 -0.0332032 -0.0330036 -0.0327106 -0.0323049 -0.0318028 -0.0312014 -0.0305174 -0.0297493 -0.0288686 -0.0279478 -0.0269466 -0.0259205 -0.0248603 -0.0237412 -0.0226477 -0.0215406 -0.0204589 -0.0193892 -0.0183341 -0.0173167 -0.0163565 -0.0154246 -0.0145293 -0.0137054 -0.0129176 -0.0122085 -0.0115223 -0.01089 -0.0103158 -0.00979704 -0.00931414 -0.00886591 -0.00848383 -0.00812309 -0.00779436 -0.00748688 -0.00722441 -0.00697532 -0.00676702 -0.00655127 -0.00635879 -0.00620039 -0.00602799 -0.00586685 -0.00574378 -0.00562337 -0.00547479 -0.00536355 -0.00525243 -0.00514958 -0.00504024 -0.00495423 -0.0048596 -0.0047618 -0.00466789 -0.00461278 -0.00453591 -0.00443794 -0.0043727 -0.00432588 -0.00425585 -0.00418605 -0.00413941 -0.00408628 -0.00403846 -0.00398903 -0.00395053 -0.00390795 -0.00387434 -0.00383611 -0.00381364 -0.0037775 -0.00375499 -0.00373404 -0.00371656 -0.00368837 -0.00368586 -0.00366888 -0.00365558 -0.00364876 -0.00365253 -0.00363552 -0.00364291 -0.00364638 -0.00364776 -0.00364867 -0.00367039 -0.0036718 -0.00368744 -0.00370519 -0.00372734 -0.00374041 -0.00377323 -0.0037955 -0.00382713 -0.00385638 -0.00389845 -0.0039336 -0.00397288 -0.00401402 -0.00407814 -0.00412317 -0.00416088 -0.00422931 -0.00430878 -0.00435952 -0.00441619 -0.00450022 -0.00457729 -0.00465899 -0.00473577 -0.00482525 -0.00490942 -0.00500552 -0.0051036 -0.00522186 -0.00530349 -0.00541012 -0.00553668 -0.00565112 -0.00575673 -0.00589802 -0.00602396 -0.00613654 -0.00627628 -0.00641589 -0.00656516 -0.00669976 -0.00684885 -0.00699294 -0.00715561 -0.00730184 -0.00746012 -0.00762583 -0.0077994 -0.00795279 -0.00809917 -0.00827505 -0.00841845 -0.00857025 -0.00869417 -0.00880851 -0.00891216 -0.00898221 -0.00899945 -0.0089993 -0.00896488 -0.00886526 -0.00873352 -0.00850067 -0.00823701 -0.00790306 -0.00747656 -0.00698622 -0.00639786 -0.00575657 -0.00503844 -0.00424272 -0.00336371 -0.00242776 -0.00143654 -0.000397393 0.000686979 0.00184562 0.00302849 0.0042631 0.00552119 0.00680337 0.00812682 0.00942965 0.0107162 0.0119274 0.0130499 0.0140917 0.0150308 0.0159025 0.016703 0.0174646 0.0182374 0.0190496 0.0199627 
0 -0.00771208 -0.0151227 -0.0220169 -0.0281243 -0.0333529 -0.0376187 -0.0409372 -0.0434292 -0.0451643 -0.0463335 -0.0470618 -0.0474917 -0.0477754 -0.04795 -0.0480822 -0.0481564 -0.0481573 -0.0481058 -0.0479686 -0.0477378 -0.0473846 -0.0468743 -0.0462271 -0.0454486 -0.0445369 -0.0434956 -0.0423162 -0.0410257 -0.0396626 -0.0382328 -0.0367372 -0.0351943 -0.0336227 -0.0320585 -0.0305085 -0.0289616 -0.0274413 -0.0259818 -0.0245837 -0.0232374 -0.0219574 -0.0207263 -0.0195982 -0.0185457 -0.0175358 -0.0166236 -0.0157852 -0.0150141 -0.0143049 -0.0136468 -0.0130423 -0.0125283 -0.0120309 -0.0115732 -0.0111829 -0.0108143 -0.0104681 -0.0101476 -0.0098737 -0.00961409 -0.00937361 -0.00913369 -0.00892988 -0.00872127 -0.00853711 -0.00835926 -0.00819104 -0.0080337 -0.00787288 -0.00771263 -0.00758518 -0.00746899 -0.00731551 -0.00719341 -0.00708164 -0.0069761 -0.00686372 -0.00677169 -0.00665886 -0.00658136 -0.00649773 -0.00641839 -0.0063314 -0.00627316 -0.0062029 -0.00614706 -0.0060815 -0.00603622 -0.00598861 -0.00594507 -0.00589853 -0.0058756 -0.0058379 -0.00580686 -0.00578955 -0.00577352 -0.00574506 -0.00574284 -0.00573716 -0.00572397 -0.0057244 -0.00573799 -0.00573261 -0.00574495 -0.00576588 -0.00578068 -0.00579512 -0.0058328 -0.00585678 -0.00588931 -0.00592652 -0.00597559 -0.00601458 -0.00606935 -0.00611724 -0.00618862 -0.00624621 -0.00631598 -0.00638409 -0.00647289 -0.0065479 -0.00665152 -0.00672864 -0.00682215 -0.00694116 -0.00706808 -0.00714824 -0.0072714 -0.00741435 -0.00754332 -0.00766969 -0.00781631 -0.00796221 -0.00810676 -0.0082655 -0.00843025 -0.00860798 -0.00876063 -0.00893668 -0.00911639 -0.00930943 -0.00949477 -0.00968582 -0.00987378 -0.0100873 -0.0102754 -0.0104658 -0.0106988 -0.0109053 -0.0111022 -0.0113105 -0.0115228 -0.0117276 -0.0119382 -0.0121188 -0.0123185 -0.0125096 -0.0126536 -0.0127844 -0.0128945 -0.0129811 -0.0130178 -0.0129982 -0.012921 -0.0127962 -0.0125957 -0.0122944 -0.0119076 -0.0114381 -0.0108757 -0.0102062 -0.00941411 -0.00850822 -0.00751718 -0.00641984 -0.00521501 -0.00391541 -0.00252045 -0.00107678 0.000429285 0.00201579 0.00365607 0.00537585 0.00712928 0.00891471 0.0107554 0.0125939 0.014445 0.0162257 0.0178926 0.0194472 0.0208321 0.0221083 0.0232517 0.024297 0.0253092 0.026306 0.0274127 0.0286472 
0 -0.00985584 -0.0193467 -0.0281243 -0.0359246 -0.0425563 -0.0479435 -0.0521283 -0.0552013 -0.0573419 -0.05873 -0.0595615 -0.0600463 -0.0603222 -0.0605169 -0.0606627 -0.0607633 -0.0608194 -0.0608078 -0.0607275 -0.0605365 -0.0601987 -0.0596792 -0.0589902 -0.0581305 -0.0571125 -0.0559293 -0.0545566 -0.0530638 -0.0514375 -0.0497282 -0.0479315 -0.0460369 -0.0441283 -0.0421954 -0.0402748 -0.0383576 -0.0364582 -0.0346139 -0.0328479 -0.0311363 -0.0294899 -0.0279422 -0.0264808 -0.025131 -0.0238398 -0.0226436 -0.0215458 -0.0205411 -0.0196068 -0.0187395 -0.0179691 -0.0172615 -0.0166049 -0.0159962 -0.0154612 -0.014964 -0.0145209 -0.0140917 -0.0137064 -0.0133663 -0.0130272 -0.012708 -0.0124392 -0.0121799 -0.0119052 -0.0116683 -0.0114421 -0.0112296 -0.0110137 -0.0108225 -0.0106353 -0.0104478 -0.0102613 -0.0101195 -0.00996383 -0.00979074 -0.00964916 -0.00953205 -0.00939365 -0.00926268 -0.00915457 -0.00904527 -0.0089413 -0.0088434 -0.00875654 -0.00867103 -0.00859351 -0.00851934 -0.00846116 -0.00839328 -0.00833979 -0.00829556 -0.00825283 -0.00820457 -0.00818478 -0.00815455 -0.00812679 -0.00811344 -0.00811075 -0.00809014 -0.00809647 -0.00810495 -0.00810905 -0.00811914 -0.00815219 -0.00816795 -0.00819809 -0.00823833 -0.00828162 -0.00832036 -0.00838072 -0.00843677 -0.00850053 -0.0085685 -0.00864962 -0.00873019 -0.00881472 -0.00890739 -0.00902183 -0.009124 -0.00922154 -0.00935545 -0.00949602 -0.0096148 -0.00974808 -0.00991043 -0.0100601 -0.010223 -0.0103903 -0.0105665 -0.0107392 -0.0109303 -0.0111269 -0.0113384 -0.0115224 -0.0117323 -0.0119633 -0.0121782 -0.0123904 -0.0126354 -0.012868 -0.013085 -0.013326 -0.0135682 -0.0138193 -0.0140488 -0.0142868 -0.0145275 -0.014773 -0.0149941 -0.0152216 -0.0154514 -0.0156746 -0.0158669 -0.0160359 -0.0162204 -0.0163619 -0.0164786 -0.0165477 -0.0165845 -0.0165828 -0.0165105 -0.0163487 -0.0161281 -0.0158354 -0.0154343 -0.0149389 -0.0142995 -0.0135762 -0.0127338 -0.0117466 -0.0106344 -0.00937847 -0.0080264 -0.0065569 -0.00496572 -0.00325595 -0.00145745 0.000410918 0.0023431 0.00434456 0.00643173 0.0085652 0.0107509 0.0129623 0.0152022 0.0174644 0.0196846 0.0218244 0.023806 0.0256044 0.0272139 0.0286344 0.0299027 0.0310458 0.0321291 0.0332398 0.0344718 0.0359117 
0 -0.0117024 -0.0229536 -0.0333529 -0.0425563 -0.0503539 -0.0566517 -0.0614871 -0.0649991 -0.0673824 -0.0688795 -0.0697316 -0.0701799 -0.0704196 -0.0705798 -0.0707223 -0.0708516 -0.0709591 -0.0710303 -0.0710432 -0.070956 -0.0707197 -0.070294 -0.069677 -0.0688712 -0.0678751 -0.0666796 -0.0652741 -0.063698 -0.0619739 -0.0601279 -0.058163 -0.0560878 -0.0539546 -0.0517864 -0.0496059 -0.0474141 -0.0452331 -0.0431049 -0.0410458 -0.0390484 -0.0371211 -0.0352836 -0.0335533 -0.03193 -0.0303861 -0.0289493 -0.0276233 -0.026397 -0.0252558 -0.0241939 -0.0232288 -0.0223527 -0.0215362 -0.0207815 -0.0201056 -0.0194824 -0.0189063 -0.0183683 -0.017884 -0.0174441 -0.0170224 -0.0166253 -0.0162704 -0.0159327 -0.0156058 -0.0153059 -0.0150234 -0.0147547 -0.0144892 -0.0142405 -0.0140135 -0.0137919 -0.0135648 -0.0133659 -0.013174 -0.0129801 -0.0128022 -0.0126398 -0.0124706 -0.0123165 -0.0121768 -0.0120389 -0.0119056 -0.0117858 -0.0116739 -0.0115677 -0.0114663 -0.0113761 -0.0112961 -0.0112155 -0.0111446 -0.0110879 -0.0110307 -0.0109768 -0.0109425 -0.0109075 -0.0108732 -0.0108564 -0.0108463 -0.01083 -0.0108322 -0.010843 -0.0108494 -0.0108671 -0.0109005 -0.0109283 -0.010965 -0.0110168 -0.0110696 -0.0111252 -0.011196 -0.011272 -0.0113513 -0.0114395 -0.0115375 -0.0116437 -0.0117521 -0.0118696 -0.012001 -0.0121355 -0.0122717 -0.0124297 -0.0125877 -0.0127456 -0.0129252 -0.0131172 -0.0132945 -0.0134917 -0.0137061 -0.0139205 -0.014135 -0.0143653 -0.0146024 -0.0148453 -0.0150856 -0.015342 -0.0156089 -0.0158622 -0.0161193 -0.016395 -0.0166677 -0.016929 -0.0171956 -0.0174633 -0.0177323 -0.0179797 -0.0182258 -0.0184798 -0.0187174 -0.0189269 -0.0191296 -0.0193223 -0.0194942 -0.0196309 -0.019732 -0.0198207 -0.0198643 -0.0198489 -0.0197762 -0.0196535 -0.0194709 -0.0192014 -0.0188303 -0.018373 -0.0178239 -0.0171551 -0.016357 -0.0154202 -0.0143713 -0.0131938 -0.0118684 -0.0103953 -0.00878248 -0.00705987 -0.00521898 -0.00325625 -0.00118085 0.000979735 0.00319764 0.00546993 0.00780757 0.0102109 0.0126638 0.0151483 0.0176487 0.0201661 0.0226718 0.0251178 0.0274321 0.0295435 0.0314212 0.0330482 0.0344491 0.0356517 0.0367123 0.037716 0.0387619 0.039986 0.0414805 
0 -0.0132166 -0.0259054 -0.0376187 -0.0479435 -0.0566517 -0.0636336 -0.0689205 -0.0726986 -0.075176 -0.0766545 -0.0774207 -0.0777426 -0.0778732 -0.0779422 -0.0780434 -0.0781861 -0.0783514 -0.0785328 -0.0786828 -0.0787597 -0.0787005 -0.0784604 -0.0780204 -0.0773842 -0.0765369 -0.0754648 -0.0741743 -0.072666 -0.0709968 -0.0691644 -0.0671803 -0.0650751 -0.0628628 -0.0606022 -0.0582971 -0.055961 -0.0536195 -0.0513132 -0.0490535 -0.0468514 -0.0447173 -0.0426561 -0.0407131 -0.0388615 -0.037105 -0.0354553 -0.0339206 -0.0324895 -0.0311562 -0.0299175 -0.0287703 -0.0277309 -0.0267572 -0.0258594 -0.0250413 -0.0242955 -0.0235928 -0.0229502 -0.0223655 -0.0218212 -0.0213166 -0.0208447 -0.0204105 -0.0199998 -0.0196219 -0.0192578 -0.0189227 -0.0186027 -0.0182978 -0.0180007 -0.0177323 -0.0174737 -0.017217 -0.0169727 -0.016747 -0.0165302 -0.0163183 -0.016119 -0.0159252 -0.0157474 -0.0155755 -0.015414 -0.0152553 -0.0151147 -0.0149778 -0.0148529 -0.0147299 -0.0146249 -0.0145225 -0.0144313 -0.0143442 -0.0142744 -0.0142035 -0.0141461 -0.0140956 -0.0140565 -0.0140173 -0.0139964 -0.0139776 -0.0139681 -0.013965 -0.0139771 -0.0139869 -0.0140124 -0.0140438 -0.0140848 -0.014128 -0.0141894 -0.0142511 -0.0143245 -0.0144034 -0.0144979 -0.0145919 -0.0147004 -0.0148135 -0.0149418 -0.0150712 -0.0152149 -0.0153622 -0.0155231 -0.0156913 -0.0158724 -0.0160507 -0.0162431 -0.0164547 -0.0166695 -0.0168794 -0.0171071 -0.0173548 -0.0175965 -0.0178456 -0.0181068 -0.0183787 -0.018643 -0.0189242 -0.0192084 -0.0194968 -0.0197773 -0.0200666 -0.0203526 -0.0206409 -0.0209201 -0.021187 -0.0214556 -0.0217134 -0.0219488 -0.0221656 -0.0223867 -0.0225691 -0.0227231 -0.0228514 -0.0229543 -0.023015 -0.0230297 -0.0229925 -0.022907 -0.022773 -0.0225461 -0.0222506 -0.0218806 -0.0214255 -0.0208649 -0.0201942 -0.0194123 -0.0185233 -0.0175135 -0.0163476 -0.0150601 -0.0136371 -0.0120857 -0.0103963 -0.00855111 -0.00658665 -0.0045109 -0.00233139 -4.40205e-05 0.00233542 0.00478601 0.0072721 0.00979355 0.0123641 0.0149663 0.0176096 0.0202519 0.0228915 0.0255247 0.0281018 0.0305935 0.0328963 0.0349514 0.0367212 0.0381807 0.0393797 0.0403387 0.0411444 0.0419048 0.0427342 0.0438046 0.0452171 
0 -0.0144011 -0.0282364 -0.0409372 -0.0521283 -0.0614871 -0.0689205 -0.0744871 -0.0783349 -0.0807811 -0.0821063 -0.0826687 -0.0827908 -0.0827067 -0.0826337 -0.0826348 -0.082749 -0.0829715 -0.0832546 -0.0835724 -0.0838528 -0.0840274 -0.0840483 -0.0838823 -0.0835105 -0.0829288 -0.0821115 -0.081051 -0.0797764 -0.0782872 -0.0766168 -0.0747735 -0.0727621 -0.0706372 -0.0684158 -0.0661211 -0.0637766 -0.0614017 -0.0590204 -0.0566713 -0.0543559 -0.0520789 -0.0498941 -0.0477778 -0.0457576 -0.0438399 -0.0420061 -0.0402881 -0.0386839 -0.0371735 -0.035766 -0.0344781 -0.0332621 -0.0321481 -0.0311171 -0.03016 -0.0292857 -0.028484 -0.0277387 -0.0270447 -0.0264177 -0.0258236 -0.0252801 -0.0247769 -0.0243211 -0.0238699 -0.0234596 -0.0230792 -0.0227153 -0.0223699 -0.0220575 -0.0217463 -0.0214363 -0.021165 -0.0209062 -0.0206516 -0.0203922 -0.0201629 -0.0199418 -0.0197377 -0.0195205 -0.0193316 -0.0191474 -0.0189804 -0.0188078 -0.0186601 -0.01851 -0.0183818 -0.0182521 -0.0181401 -0.0180305 -0.0179406 -0.0178478 -0.0177753 -0.0177062 -0.0176498 -0.0175976 -0.0175645 -0.01753 -0.0175118 -0.0175006 -0.0175013 -0.0175042 -0.0175272 -0.0175504 -0.0175877 -0.0176316 -0.0176907 -0.0177487 -0.017828 -0.0179077 -0.0180038 -0.0181013 -0.0182179 -0.0183337 -0.0184731 -0.0186049 -0.0187567 -0.0189145 -0.0190945 -0.0192609 -0.0194486 -0.0196424 -0.0198643 -0.0200729 -0.0202871 -0.020516 -0.0207769 -0.0210203 -0.0212685 -0.0215372 -0.0218088 -0.0220821 -0.02237 -0.0226637 -0.0229398 -0.0232327 -0.0235249 -0.0238204 -0.0240969 -0.0243855 -0.0246516 -0.024903 -0.0251465 -0.0253831 -0.0255825 -0.0257636 -0.025922 -0.026029 -0.0261198 -0.0261599 -0.0261497 -0.0260978 -0.0259899 -0.0257945 -0.025546 -0.0252198 -0.0248013 -0.024306 -0.0236979 -0.0229962 -0.022191 -0.0212631 -0.0202094 -0.0190452 -0.0177575 -0.0163384 -0.0147922 -0.0131002 -0.0112934 -0.00936344 -0.00729691 -0.00511322 -0.00281777 -0.000431564 0.00203225 0.00457632 0.007189 0.00983001 0.0124928 0.0151606 0.0178297 0.020525 0.0231991 0.0258626 0.0284953 0.0310623 0.0335696 0.0359092 0.0380331 0.0398619 0.0413296 0.0424758 0.0432846 0.0438515 0.0442578 0.0446161 0.0451217 0.0458945 0.0471162 
0 -0.0153066 -0.0299675 -0.0434292 -0.0552013 -0.0649991 -0.0726986 -0.0783349 -0.0821404 -0.0843847 -0.0854502 -0.0857179 -0.0855156 -0.085171 -0.0848537 -0.0846964 -0.0847389 -0.0849564 -0.0853355 -0.0858018 -0.0862947 -0.0867364 -0.0870705 -0.0872367 -0.0872261 -0.0869946 -0.0865213 -0.085829 -0.0848646 -0.0837073 -0.0823222 -0.0807325 -0.0789892 -0.0770571 -0.0750189 -0.0728617 -0.070621 -0.0683231 -0.0659975 -0.0636501 -0.0613198 -0.0590205 -0.0567445 -0.0545523 -0.0524077 -0.0503654 -0.0484075 -0.0465552 -0.0447948 -0.0431409 -0.0415987 -0.0401362 -0.0387942 -0.0375436 -0.0363906 -0.0353131 -0.0343352 -0.0334019 -0.0325669 -0.0317971 -0.0310712 -0.0304193 -0.0298194 -0.029244 -0.0287106 -0.0282466 -0.0277899 -0.0273735 -0.026973 -0.0266106 -0.0262484 -0.0259217 -0.0256164 -0.0253291 -0.0250177 -0.0247464 -0.0245081 -0.0242588 -0.0240042 -0.0237812 -0.0235736 -0.0233631 -0.0231673 -0.0229766 -0.0228066 -0.0226372 -0.0224835 -0.0223344 -0.0222056 -0.0220703 -0.0219645 -0.0218563 -0.0217617 -0.0216732 -0.0216114 -0.0215345 -0.0214871 -0.0214452 -0.0214137 -0.021381 -0.0213838 -0.0213726 -0.0213816 -0.021401 -0.0214368 -0.0214623 -0.0215233 -0.0215791 -0.0216491 -0.0217252 -0.0218247 -0.0219144 -0.0220319 -0.0221499 -0.0222822 -0.0224163 -0.0225733 -0.0227324 -0.022904 -0.0230708 -0.0232659 -0.0234782 -0.0236751 -0.0238741 -0.0241114 -0.0243592 -0.0245859 -0.0248311 -0.0250835 -0.0253552 -0.0256175 -0.0258947 -0.0261641 -0.0264445 -0.0267052 -0.0270031 -0.027278 -0.0275351 -0.0277938 -0.0280532 -0.0282735 -0.028496 -0.0287079 -0.0288666 -0.0290126 -0.0291142 -0.0291872 -0.0292079 -0.0291962 -0.0291063 -0.0289704 -0.0287568 -0.0284704 -0.0281008 -0.0276499 -0.0271116 -0.0264509 -0.0257116 -0.0248324 -0.0238529 -0.0227546 -0.021532 -0.0201868 -0.0187265 -0.0171306 -0.0154131 -0.013589 -0.0116101 -0.00955371 -0.00736146 -0.00507176 -0.00269425 -0.000196201 0.00235793 0.00499189 0.00767173 0.0103902 0.0131294 0.0158707 0.0185845 0.0212708 0.0239345 0.0265535 0.0291555 0.0316879 0.0341627 0.0365529 0.038797 0.0408675 0.0426431 0.0440823 0.0451355 0.0457866 0.0461048 0.0461382 0.0460192 0.0458979 0.0459421 0.0463571 0.0472819 
0 -0.0159427 -0.031216 -0.0451643 -0.0573419 -0.0673824 -0.075176 -0.0807811 -0.0843847 -0.0863558 -0.0870553 -0.0869211 -0.0863336 -0.0855999 -0.0849727 -0.0845658 -0.0844524 -0.0846262 -0.0850406 -0.0856346 -0.0863239 -0.0870274 -0.0876776 -0.0882121 -0.088581 -0.0887575 -0.0887086 -0.0884312 -0.0879129 -0.0871536 -0.0861608 -0.0849505 -0.0835442 -0.0819504 -0.0802008 -0.0783024 -0.076295 -0.0742008 -0.0720188 -0.0697894 -0.0675323 -0.065264 -0.0630236 -0.0607988 -0.0586128 -0.0565117 -0.0544632 -0.0524964 -0.0506245 -0.0488441 -0.0471771 -0.0456118 -0.0441252 -0.0427554 -0.0414877 -0.0402952 -0.0392029 -0.0381984 -0.037281 -0.0364213 -0.0356284 -0.0349065 -0.0342495 -0.0336323 -0.0330768 -0.0325553 -0.0320696 -0.0316252 -0.0312037 -0.0308217 -0.0304706 -0.0301187 -0.0297801 -0.0294935 -0.0292034 -0.0289249 -0.0286586 -0.0284075 -0.0281623 -0.0279468 -0.0277189 -0.0275065 -0.0273076 -0.027125 -0.0269405 -0.0267718 -0.0266073 -0.0264656 -0.0263236 -0.0261891 -0.0260739 -0.0259711 -0.0258616 -0.0257783 -0.0257086 -0.0256327 -0.0255753 -0.0255419 -0.0254989 -0.02547 -0.0254686 -0.0254625 -0.0254612 -0.0254912 -0.0255207 -0.0255506 -0.0256078 -0.0256743 -0.0257347 -0.025821 -0.0259182 -0.0260159 -0.0261251 -0.0262544 -0.0263835 -0.0265284 -0.0266746 -0.0268385 -0.0270108 -0.0271933 -0.027373 -0.0275756 -0.0277739 -0.0279971 -0.0282209 -0.0284357 -0.0286584 -0.0289261 -0.0291654 -0.0293974 -0.0296509 -0.0299089 -0.030152 -0.0304042 -0.0306476 -0.0308785 -0.0311001 -0.0313037 -0.0315085 -0.031685 -0.0318294 -0.0319434 -0.0320329 -0.0320805 -0.0320918 -0.0320381 -0.0319469 -0.0317908 -0.0315411 -0.0312336 -0.0308532 -0.0303678 -0.029791 -0.0291084 -0.0283072 -0.0274093 -0.0263703 -0.0252105 -0.0239419 -0.022536 -0.0210001 -0.0193371 -0.0175446 -0.0156419 -0.0136203 -0.0114819 -0.00924627 -0.00691173 -0.00448973 -0.00197659 0.000610529 0.00326482 0.00597012 0.0087133 0.0114895 0.0142707 0.0170479 0.0198023 0.0225124 0.0251702 0.0277645 0.0302825 0.0327396 0.0351144 0.0374075 0.0396092 0.0416661 0.0435661 0.0452091 0.0465365 0.0474837 0.0479855 0.0480856 0.0477873 0.0472185 0.0465064 0.0458082 0.0453663 0.0453318 0.0459158 
0 -0.0163853 -0.0320531 -0.0463335 -0.05873 -0.0688795 -0.0766545 -0.0821063 -0.0854502 -0.0870553 -0.0873296 -0.0867351 -0.0856782 -0.0845045 -0.0834738 -0.0827364 -0.082382 -0.0824104 -0.0827812 -0.0834211 -0.0842411 -0.0851607 -0.0861032 -0.0869878 -0.0877551 -0.0883533 -0.0887519 -0.0889468 -0.0889007 -0.0886202 -0.088093 -0.0873375 -0.0863817 -0.0852079 -0.0838465 -0.0823023 -0.0806153 -0.0788091 -0.0768833 -0.0748609 -0.0727763 -0.0706511 -0.0685003 -0.0663324 -0.0641645 -0.0620525 -0.0599783 -0.0579602 -0.0560074 -0.0541385 -0.0523721 -0.0506847 -0.0490872 -0.0476072 -0.0462344 -0.0449422 -0.0437509 -0.0426448 -0.0416449 -0.0407168 -0.0398551 -0.0390832 -0.038382 -0.0377158 -0.0371123 -0.036575 -0.036074 -0.0356128 -0.0351789 -0.0347924 -0.0344289 -0.0340818 -0.0337652 -0.0334851 -0.0331865 -0.0329156 -0.0326792 -0.0324419 -0.0321986 -0.0319878 -0.0317827 -0.0315818 -0.0313904 -0.0312116 -0.0310417 -0.0308776 -0.0307216 -0.0305828 -0.0304485 -0.0303145 -0.0302068 -0.030104 -0.0299983 -0.0299147 -0.0298499 -0.029771 -0.0297167 -0.0296822 -0.0296407 -0.0296083 -0.0296099 -0.0296 -0.0295987 -0.0296257 -0.0296561 -0.0296798 -0.0297375 -0.0297991 -0.0298575 -0.0299367 -0.030033 -0.0301216 -0.030228 -0.030349 -0.0304714 -0.030602 -0.0307463 -0.0308994 -0.0310559 -0.0312167 -0.0313932 -0.0315851 -0.031758 -0.0319461 -0.0321583 -0.0323622 -0.0325523 -0.0327736 -0.0329817 -0.0331846 -0.0333948 -0.0336069 -0.0337941 -0.033978 -0.0341495 -0.0343205 -0.0344588 -0.0345621 -0.034658 -0.0347216 -0.0347293 -0.0347074 -0.0346519 -0.0345242 -0.0343385 -0.0340782 -0.0337622 -0.0333609 -0.032855 -0.0322552 -0.031566 -0.0307479 -0.0298069 -0.0287446 -0.0275596 -0.0262523 -0.0247852 -0.0231911 -0.0214713 -0.0196211 -0.0176374 -0.0155292 -0.0133123 -0.0110029 -0.00858384 -0.00606695 -0.00348076 -0.000824081 0.00187425 0.00463637 0.00743338 0.0102452 0.013069 0.0158828 0.0186927 0.0214674 0.0241847 0.0268302 0.0293914 0.0318614 0.0342352 0.0364996 0.0386618 0.0407226 0.0426724 0.0445037 0.0461622 0.0476086 0.0487655 0.0495609 0.0499385 0.0498464 0.0493126 0.0483737 0.0471541 0.0458107 0.0445298 0.0435521 0.0430671 0.0432723 
0 -0.0166704 -0.0325807 -0.0470618 -0.0595615 -0.0697316 -0.0774207 -0.0826687 -0.0857179 -0.0869211 -0.0867351 -0.0856362 -0.0840542 -0.0823725 -0.0808556 -0.0796989 -0.0790069 -0.0787928 -0.0790253 -0.0796188 -0.080484 -0.0815384 -0.0826999 -0.0838728 -0.0849905 -0.0859814 -0.0868159 -0.0874873 -0.0879352 -0.0881664 -0.0881489 -0.0878998 -0.0874509 -0.0867659 -0.0858703 -0.0847667 -0.0834905 -0.0820599 -0.0804756 -0.0787428 -0.0769068 -0.0750001 -0.073015 -0.0709809 -0.0689045 -0.0668415 -0.0647903 -0.0627587 -0.0607602 -0.0588329 -0.0569951 -0.0552135 -0.0535234 -0.0519369 -0.0504585 -0.0490664 -0.047779 -0.0465841 -0.045505 -0.0445068 -0.0435741 -0.0427467 -0.0419992 -0.0413011 -0.0406628 -0.0401082 -0.0395899 -0.0391166 -0.0386814 -0.0383049 -0.0379467 -0.0376097 -0.0373112 -0.0370473 -0.0367742 -0.0365256 -0.0363144 -0.0360983 -0.0358845 -0.0356947 -0.0355195 -0.0353378 -0.0351707 -0.0350106 -0.0348659 -0.0347152 -0.03458 -0.0344538 -0.0343369 -0.0342132 -0.0341197 -0.0340235 -0.0339306 -0.0338519 -0.0337947 -0.0337201 -0.0336722 -0.0336369 -0.0336005 -0.0335676 -0.033569 -0.0335563 -0.0335558 -0.0335755 -0.0336033 -0.0336204 -0.0336721 -0.0337227 -0.0337755 -0.0338406 -0.0339273 -0.034 -0.0340939 -0.0341958 -0.0343046 -0.03441 -0.0345368 -0.0346647 -0.0347993 -0.0349284 -0.0350794 -0.0352344 -0.0353791 -0.0355271 -0.035699 -0.0358562 -0.0360022 -0.0361673 -0.0363228 -0.0364625 -0.0365978 -0.0367349 -0.0368428 -0.0369353 -0.0370035 -0.0370669 -0.0370777 -0.0370509 -0.0370025 -0.0369139 -0.036743 -0.0365324 -0.0362725 -0.0359229 -0.0354945 -0.034981 -0.0343862 -0.0336784 -0.0328553 -0.0319082 -0.0308609 -0.0296689 -0.0283296 -0.0268534 -0.0252515 -0.023506 -0.0215977 -0.0195686 -0.0174096 -0.0151376 -0.0127346 -0.0102178 -0.00761787 -0.00494927 -0.00219433 0.000626454 0.00347876 0.00636405 0.00924361 0.0121531 0.0150538 0.0179131 0.0207373 0.023498 0.0262106 0.0288438 0.03137 0.0337803 0.0360756 0.0382508 0.0403044 0.0422269 0.0440115 0.0456831 0.047221 0.0486159 0.0498193 0.050758 0.0513829 0.0516078 0.0513853 0.0506802 0.049496 0.0479125 0.0460434 0.0440762 0.0422284 0.0407278 0.0398088 0.0396429 
0 -0.0168437 -0.0329203 -0.0474917 -0.0600463 -0.0701799 -0.0777426 -0.0827908 -0.0855156 -0.0863336 -0.0856782 -0.0840542 -0.0819359 -0.0796816 -0.077628 -0.0759687 -0.0748373 -0.0742821 -0.0742563 -0.0746904 -0.075492 -0.0765773 -0.0778538 -0.079242 -0.0806236 -0.0819519 -0.0831847 -0.084274 -0.085222 -0.0859402 -0.0864454 -0.0867383 -0.0868063 -0.086666 -0.0862776 -0.0856676 -0.0848589 -0.0838739 -0.0826831 -0.0813242 -0.0798134 -0.0781764 -0.0764519 -0.0746001 -0.0726861 -0.0707353 -0.0687628 -0.0667607 -0.0647769 -0.0628249 -0.0609279 -0.0591003 -0.0573157 -0.055639 -0.0540613 -0.0525756 -0.0511701 -0.0499005 -0.0487262 -0.0476383 -0.0466458 -0.0457515 -0.0449436 -0.0442077 -0.0435551 -0.0429558 -0.0424324 -0.0419504 -0.0415239 -0.0411397 -0.0408151 -0.0404955 -0.040211 -0.0399638 -0.0397468 -0.0395323 -0.0393366 -0.0391577 -0.0389931 -0.0388423 -0.0386913 -0.0385504 -0.0384151 -0.038297 -0.0381728 -0.0380588 -0.037945 -0.0378528 -0.0377487 -0.0376588 -0.037573 -0.0375028 -0.0374189 -0.0373625 -0.0373033 -0.0372523 -0.0372022 -0.0371783 -0.0371386 -0.0371198 -0.0371064 -0.0371036 -0.0370928 -0.0371128 -0.0371228 -0.0371447 -0.0371721 -0.0372181 -0.037249 -0.0373054 -0.0373611 -0.0374252 -0.0374843 -0.0375674 -0.0376419 -0.0377274 -0.0378096 -0.0379066 -0.0379989 -0.0381013 -0.0381977 -0.0382964 -0.0383962 -0.0385078 -0.0386072 -0.0386848 -0.0387765 -0.0388737 -0.0389444 -0.038982 -0.0390356 -0.0390605 -0.0390575 -0.0390218 -0.0389761 -0.0388698 -0.0387294 -0.0385407 -0.0383107 -0.0380107 -0.0376434 -0.0371972 -0.0366761 -0.036077 -0.0353552 -0.0345374 -0.0336158 -0.0325723 -0.0313652 -0.0300564 -0.0286071 -0.0270056 -0.0252526 -0.0233547 -0.0213226 -0.0191496 -0.0168331 -0.0143731 -0.0118374 -0.00917638 -0.00641229 -0.0035663 -0.000660424 0.00228325 0.00527009 0.00828841 0.0113115 0.0142861 0.017254 0.0201744 0.0230451 0.0258424 0.0285186 0.0311181 0.0336084 0.0359807 0.0382109 0.0402853 0.0422162 0.0440152 0.0456727 0.0471749 0.0485444 0.0497626 0.0508601 0.0517919 0.0524951 0.0529327 0.0529891 0.0526445 0.0518261 0.0504959 0.0487056 0.0464838 0.0440138 0.0414739 0.0390891 0.0371398 0.035809 0.0353184 
0 -0.0169659 -0.0331169 -0.0477754 -0.0603222 -0.0704196 -0.0778732 -0.0827067 -0.085171 -0.0855999 -0.0845045 -0.0823725 -0.0796816 -0.0768564 -0.0742032 -0.0719834 -0.0703387 -0.0693362 -0.068951 -0.0691143 -0.069735 -0.0707333 -0.0720285 -0.0735001 -0.0750724 -0.076643 -0.0781793 -0.079655 -0.0809995 -0.0821911 -0.0831856 -0.0839846 -0.0845945 -0.0849845 -0.0851274 -0.0850416 -0.0847362 -0.084215 -0.0834954 -0.0825443 -0.0814164 -0.0801415 -0.0786954 -0.0771154 -0.0754165 -0.0736275 -0.0717881 -0.0698941 -0.0679536 -0.0660316 -0.0641304 -0.062243 -0.0604166 -0.0586614 -0.0569919 -0.0554097 -0.0539189 -0.0525245 -0.0512461 -0.0500751 -0.0489936 -0.0480231 -0.0471573 -0.0463666 -0.0456443 -0.0450324 -0.0444873 -0.0439907 -0.0435593 -0.0431904 -0.0428474 -0.0425533 -0.0423157 -0.0420971 -0.0418869 -0.0417059 -0.0415699 -0.0414379 -0.0413046 -0.0411828 -0.0410932 -0.040996 -0.0409034 -0.0408147 -0.0407408 -0.0406595 -0.0405906 -0.040518 -0.0404546 -0.0403892 -0.0403351 -0.0402763 -0.0402282 -0.0401792 -0.0401398 -0.0400988 -0.0400684 -0.0400376 -0.0400163 -0.0399948 -0.0399836 -0.0399722 -0.0399702 -0.0399685 -0.039977 -0.0399839 -0.0400009 -0.0400179 -0.0400437 -0.0400664 -0.0401011 -0.0401319 -0.0401713 -0.0402089 -0.0402542 -0.0402904 -0.0403434 -0.0403908 -0.0404327 -0.0404686 -0.040528 -0.0405718 -0.0405998 -0.0406204 -0.0406585 -0.0406812 -0.0406762 -0.0406511 -0.0406295 -0.0405834 -0.0404997 -0.0403984 -0.0402594 -0.0400685 -0.0398455 -0.0395931 -0.0392587 -0.0388622 -0.0384098 -0.0378821 -0.0372537 -0.0365496 -0.0357534 -0.0348311 -0.0337848 -0.0326271 -0.0313398 -0.0299075 -0.0283386 -0.0266105 -0.0247484 -0.0227405 -0.0205621 -0.0182561 -0.0158364 -0.0132697 -0.010577 -0.00778766 -0.00489835 -0.0019478 0.00108228 0.00417212 0.00726082 0.0103628 0.0134687 0.0165578 0.0196011 0.0225721 0.0254569 0.0282719 0.0309869 0.0335614 0.0360082 0.0383075 0.0404804 0.042503 0.044343 0.0460133 0.0475208 0.0488862 0.0501029 0.0511711 0.0520808 0.0528616 0.0535003 0.0539578 0.0541906 0.0540893 0.0536236 0.0527081 0.0513043 0.049413 0.0470124 0.0442411 0.0412141 0.0381597 0.0353429 0.0329723 0.0313338 0.030558 
0 -0.0170373 -0.0332634 -0.04795 -0.0605169 -0.0705798 -0.0779422 -0.0826337 -0.0848537 -0.0849727 -0.0834738 -0.0808556 -0.077628 -0.0742032 -0.0709385 -0.0681093 -0.0658834 -0.0643632 -0.0635307 -0.0633241 -0.0636694 -0.064477 -0.0656592 -0.0671238 -0.0687445 -0.0704574 -0.0722106 -0.0739423 -0.0756401 -0.0772026 -0.0786255 -0.0798925 -0.0809713 -0.081872 -0.0825294 -0.082965 -0.0831747 -0.0831647 -0.0829142 -0.0824293 -0.0817266 -0.0808237 -0.0797451 -0.0784727 -0.077056 -0.0755004 -0.0738511 -0.0720894 -0.0702685 -0.0684133 -0.0665336 -0.0646734 -0.0628163 -0.0610054 -0.0592565 -0.057586 -0.0559766 -0.0544993 -0.0531068 -0.0518165 -0.0506393 -0.0495639 -0.0485942 -0.0477347 -0.0469737 -0.0462859 -0.0456936 -0.0451628 -0.0447197 -0.0443237 -0.0440019 -0.0437155 -0.0434691 -0.0432521 -0.0431059 -0.0429653 -0.0428352 -0.0427324 -0.0426612 -0.0425935 -0.042533 -0.0424792 -0.0424342 -0.0424021 -0.0423598 -0.0423267 -0.0422943 -0.0422658 -0.0422292 -0.0422101 -0.0421733 -0.042149 -0.0421227 -0.0421024 -0.0420672 -0.0420575 -0.0420309 -0.0420124 -0.041993 -0.0419877 -0.0419606 -0.0419584 -0.041947 -0.0419399 -0.0419269 -0.0419353 -0.0419211 -0.0419237 -0.0419225 -0.0419262 -0.0419182 -0.0419296 -0.0419229 -0.0419255 -0.0419259 -0.0419272 -0.0419147 -0.0419132 -0.0419039 -0.0418923 -0.0418669 -0.0418307 -0.0418033 -0.0417657 -0.0416926 -0.0415996 -0.0415201 -0.0414011 -0.0412541 -0.0410654 -0.0408579 -0.0405995 -0.0403101 -0.0399538 -0.0395587 -0.0390745 -0.0385328 -0.0379212 -0.037223 -0.0364214 -0.0355279 -0.0345112 -0.0333751 -0.0321358 -0.0307342 -0.0292096 -0.0275379 -0.0257138 -0.0237244 -0.0216127 -0.0193433 -0.0169411 -0.0143944 -0.0117199 -0.00894296 -0.00604909 -0.00307055 -4.56908e-06 0.00309337 0.00624584 0.00942989 0.0126243 0.0157921 0.0189241 0.0220056 0.0250229 0.0279561 0.0307486 0.0334494 0.0360123 0.0384419 0.0407148 0.0427935 0.044727 0.0464898 0.0480815 0.0494891 0.0507088 0.0517698 0.0526952 0.0534716 0.0541024 0.0545894 0.0549297 0.0551407 0.055154 0.0549126 0.054336 0.0533449 0.0519084 0.0499693 0.04753 0.044617 0.0413236 0.0378287 0.0343484 0.0311465 0.0284766 0.0265646 0.0255843 
0 -0.0170887 -0.0333541 -0.0480822 -0.0606627 -0.0707223 -0.0780434 -0.0826348 -0.0846964 -0.0845658 -0.0827364 -0.0796989 -0.0759687 -0.0719834 -0.0681093 -0.0646575 -0.0618179 -0.0597168 -0.0583556 -0.057693 -0.05766 -0.058172 -0.0591498 -0.0604834 -0.0620664 -0.0638119 -0.0656636 -0.0675642 -0.069475 -0.0713201 -0.0730754 -0.0747172 -0.0762113 -0.0775549 -0.0786801 -0.0796028 -0.0803036 -0.0807743 -0.0810176 -0.0810078 -0.0807672 -0.080301 -0.0796127 -0.0787083 -0.0776194 -0.0763457 -0.074939 -0.0733944 -0.0717399 -0.0700129 -0.0682109 -0.066383 -0.0645378 -0.0627044 -0.0609016 -0.0591551 -0.0574606 -0.0558584 -0.0543335 -0.0529183 -0.0516214 -0.0504217 -0.0493386 -0.0483656 -0.0474939 -0.0467247 -0.0460635 -0.0454761 -0.0449876 -0.0445544 -0.0441895 -0.0438967 -0.0436625 -0.0434536 -0.0433003 -0.0431756 -0.0430821 -0.0430214 -0.0429758 -0.0429386 -0.0429238 -0.0429201 -0.0429189 -0.042926 -0.0429269 -0.042941 -0.0429539 -0.0429581 -0.0429612 -0.0429808 -0.042975 -0.0429757 -0.0429837 -0.0429827 -0.0429661 -0.0429761 -0.0429663 -0.0429502 -0.0429446 -0.0429433 -0.0429138 -0.0429082 -0.0428979 -0.042874 -0.0428506 -0.0428461 -0.0428117 -0.0427869 -0.0427681 -0.0427389 -0.042696 -0.0426744 -0.0426331 -0.0425864 -0.0425416 -0.0424952 -0.0424326 -0.0423725 -0.0422964 -0.0422164 -0.0421297 -0.0420228 -0.0419003 -0.0417642 -0.0416056 -0.0414284 -0.041225 -0.0409668 -0.0406941 -0.0403857 -0.0400199 -0.0395962 -0.0391307 -0.0385817 -0.0379799 -0.0372933 -0.03652 -0.0356509 -0.0346779 -0.0335851 -0.0323902 -0.0310596 -0.0295879 -0.0279832 -0.0262174 -0.0243139 -0.0222566 -0.020051 -0.0176977 -0.0152081 -0.0125691 -0.0098206 -0.00694496 -0.0039762 -0.000932353 0.00219696 0.00537236 0.00859058 0.0118208 0.0150477 0.0182546 0.0214266 0.0245155 0.0275331 0.0304506 0.0332563 0.0359373 0.0384468 0.0408176 0.0430214 0.0450605 0.0469166 0.048579 0.0500716 0.0513923 0.0525349 0.0534893 0.0542663 0.0548857 0.0553807 0.055738 0.0559658 0.0560585 0.0560159 0.0558368 0.0554489 0.0547937 0.0537675 0.0523165 0.0503966 0.0479679 0.0450526 0.041667 0.0379433 0.0340483 0.0302173 0.0267257 0.0238046 0.0217022 0.02056 
0 -0.0171107 -0.033394 -0.0481564 -0.0607633 -0.0708516 -0.0781861 -0.082749 -0.0847389 -0.0844524 -0.082382 -0.0790069 -0.0748373 -0.0703387 -0.0658834 -0.0618179 -0.0583535 -0.0556392 -0.0537042 -0.0525259 -0.052044 -0.0521764 -0.0528527 -0.0539474 -0.05538 -0.0570464 -0.0588843 -0.0608473 -0.0628613 -0.0648863 -0.0668701 -0.0687844 -0.0705989 -0.0722926 -0.0738169 -0.0751699 -0.076326 -0.0772537 -0.077973 -0.0784324 -0.0786541 -0.0786365 -0.078364 -0.0778712 -0.077158 -0.0762252 -0.0751079 -0.073824 -0.0723824 -0.0708287 -0.0691601 -0.0674197 -0.065637 -0.0638146 -0.0619847 -0.0601743 -0.0584114 -0.056702 -0.0550577 -0.0535083 -0.0520673 -0.0507137 -0.0494798 -0.04837 -0.0473664 -0.0464796 -0.0456954 -0.0450114 -0.0444369 -0.0439427 -0.0435174 -0.043187 -0.0429129 -0.0426839 -0.0425217 -0.0424045 -0.0423127 -0.0422609 -0.0422374 -0.0422311 -0.0422457 -0.0422704 -0.0423091 -0.0423528 -0.0423941 -0.0424449 -0.0425011 -0.0425363 -0.0425808 -0.0426326 -0.0426608 -0.0426849 -0.0427277 -0.0427442 -0.0427509 -0.0427758 -0.0427855 -0.0427722 -0.0427811 -0.04278 -0.0427537 -0.042741 -0.0427324 -0.0426911 -0.04266 -0.0426371 -0.0425866 -0.0425322 -0.0424956 -0.0424317 -0.0423582 -0.0422978 -0.0422226 -0.0421265 -0.0420407 -0.0419415 -0.0418247 -0.0417039 -0.0415726 -0.0414202 -0.0412555 -0.041071 -0.0408691 -0.0406384 -0.0403716 -0.0400869 -0.0397658 -0.039384 -0.0389699 -0.0385159 -0.0379778 -0.0373849 -0.036736 -0.0359947 -0.0351631 -0.0342445 -0.0332174 -0.0320845 -0.0308252 -0.0294307 -0.0279121 -0.0262422 -0.0244195 -0.0224518 -0.0203374 -0.0180689 -0.0156483 -0.0130825 -0.0103993 -0.00758143 -0.00464659 -0.0016311 0.00148058 0.00465293 0.00787222 0.0111294 0.0143869 0.0176257 0.0208495 0.0240067 0.0270965 0.0301061 0.0329866 0.0357575 0.0383788 0.0408462 0.0431507 0.0452746 0.0472214 0.0489931 0.0505825 0.051976 0.0531902 0.0542146 0.0550767 0.055764 0.0562755 0.056634 0.0568506 0.0569612 0.0569539 0.0568387 0.0565976 0.0562364 0.0557238 0.0549896 0.0539743 0.0525534 0.0507 0.0483511 0.0454899 0.0421545 0.0383559 0.034266 0.0300374 0.0259251 0.0222108 0.0191027 0.0168669 0.015612 
0 -0.0170946 -0.0333922 -0.0481573 -0.0608194 -0.0709591 -0.0783514 -0.0829715 -0.0849564 -0.0846262 -0.0824104 -0.0787928 -0.0742821 -0.0693362 -0.0643632 -0.0597168 -0.0556392 -0.0522955 -0.049761 -0.0480099 -0.0470224 -0.0467156 -0.0469981 -0.0477991 -0.0489783 -0.0504821 -0.0522237 -0.0541216 -0.0561564 -0.0582343 -0.0603405 -0.0624313 -0.0644577 -0.0664069 -0.0682424 -0.0699384 -0.071464 -0.0728069 -0.0739283 -0.0748444 -0.0755212 -0.0759388 -0.0761172 -0.0760464 -0.0757388 -0.0751873 -0.0744166 -0.0734266 -0.0722743 -0.0709424 -0.0694458 -0.0678545 -0.0661661 -0.0643992 -0.062585 -0.0607601 -0.0589291 -0.0571468 -0.055385 -0.0536942 -0.0521056 -0.0505993 -0.0491831 -0.0478982 -0.0467453 -0.0456862 -0.0447478 -0.0439327 -0.0432422 -0.0426207 -0.0421154 -0.04171 -0.0413671 -0.0410746 -0.0408877 -0.0407472 -0.0406299 -0.0405607 -0.040546 -0.0405534 -0.040571 -0.0406122 -0.0406765 -0.040751 -0.0408132 -0.0408988 -0.040982 -0.0410538 -0.0411235 -0.0412105 -0.0412607 -0.0413178 -0.041378 -0.0414223 -0.0414417 -0.0414887 -0.0415048 -0.0415087 -0.0415175 -0.0415265 -0.0414949 -0.0414861 -0.0414646 -0.0414217 -0.0413719 -0.04134 -0.0412652 -0.0411958 -0.0411276 -0.0410428 -0.0409324 -0.0408442 -0.0407254 -0.0405929 -0.0404588 -0.0403193 -0.0401412 -0.0399638 -0.0397739 -0.0395607 -0.0393104 -0.0390428 -0.038762 -0.03844 -0.0380598 -0.0376523 -0.0372203 -0.0367063 -0.0361394 -0.03552 -0.0348284 -0.0340384 -0.0331888 -0.0322373 -0.031179 -0.0299927 -0.0287125 -0.0272996 -0.0257294 -0.02402 -0.022186 -0.0201774 -0.0180035 -0.0157101 -0.0132518 -0.0106535 -0.00791776 -0.00506393 -0.00209942 0.000948366 0.00410156 0.00730369 0.010534 0.0138068 0.0170807 0.0203333 0.0235346 0.0266865 0.0297461 0.0327166 0.035555 0.0382494 0.0408077 0.0431964 0.04541 0.0474424 0.0492939 0.0509483 0.0524325 0.0537152 0.0548174 0.0557526 0.0564902 0.0570842 0.0575067 0.0577744 0.0579076 0.057892 0.0577759 0.0575636 0.0572593 0.0568685 0.0563716 0.0557529 0.0549781 0.0539645 0.0526286 0.0508864 0.0486591 0.0459347 0.0426935 0.0389649 0.0348361 0.0304173 0.0259317 0.0216112 0.0177132 0.0145014 0.0121501 0.0108287 
0 -0.0170561 -0.0333218 -0.0481058 -0.0608078 -0.0710303 -0.0785328 -0.0832546 -0.0853355 -0.0850406 -0.0827812 -0.0790253 -0.0742563 -0.068951 -0.0635307 -0.0583556 -0.0537042 -0.049761 -0.0466108 -0.0442904 -0.0427587 -0.0419608 -0.0418251 -0.0422284 -0.0431142 -0.0443676 -0.0459115 -0.0476942 -0.0496179 -0.0516743 -0.0538004 -0.0559528 -0.0580996 -0.0602022 -0.0622402 -0.0641874 -0.0660097 -0.0676534 -0.0691462 -0.0704383 -0.0715208 -0.0723753 -0.0729661 -0.0733302 -0.0734464 -0.0733024 -0.0728955 -0.0722814 -0.0714354 -0.0703871 -0.0691446 -0.0677291 -0.0661997 -0.064549 -0.0628 -0.0609852 -0.0591704 -0.057311 -0.0554614 -0.0536583 -0.0519256 -0.0502492 -0.0486674 -0.0471943 -0.0458243 -0.0445859 -0.0434599 -0.0424701 -0.041598 -0.0408478 -0.0401798 -0.0396468 -0.0392064 -0.0388515 -0.0385528 -0.0383402 -0.0381871 -0.0380946 -0.0380343 -0.0380131 -0.0380263 -0.0380702 -0.0381367 -0.0382075 -0.0382912 -0.0383894 -0.0384965 -0.0385804 -0.0386817 -0.0387783 -0.0388628 -0.0389308 -0.0390177 -0.0390694 -0.0391194 -0.0391637 -0.0392028 -0.0392068 -0.039231 -0.0392286 -0.0392143 -0.0391892 -0.0391719 -0.0391124 -0.0390649 -0.0390033 -0.038927 -0.0388287 -0.0387473 -0.0386277 -0.0385027 -0.0383711 -0.0382313 -0.0380543 -0.0378833 -0.0376918 -0.0374796 -0.037242 -0.0369885 -0.036704 -0.0363971 -0.0360583 -0.0356696 -0.0352412 -0.0347778 -0.0342758 -0.033683 -0.0330306 -0.0323254 -0.0315586 -0.0306646 -0.0296984 -0.0286306 -0.0274524 -0.0261373 -0.0247189 -0.0231487 -0.0214335 -0.0195637 -0.0175448 -0.015382 -0.013063 -0.0105858 -0.00795655 -0.00522527 -0.00234596 0.000645282 0.0037215 0.00685362 0.0100793 0.0133365 0.0166016 0.0198656 0.0230956 0.0262946 0.0294143 0.0324331 0.0353331 0.0381328 0.0407579 0.0432178 0.0455067 0.0476081 0.0495398 0.0512651 0.0527959 0.05414 0.0553123 0.0562869 0.0570932 0.0577257 0.0581931 0.0585314 0.0587014 0.0587485 0.0586674 0.0584652 0.0581769 0.0577944 0.0573458 0.0568354 0.0562527 0.055578 0.054783 0.0538007 0.0525586 0.0509644 0.0489164 0.0463778 0.0432994 0.0397041 0.0356431 0.0311863 0.0265157 0.0218079 0.0173238 0.0133255 0.0100208 0.00763482 0.00626838 
