0 0 0 0 0 0 0 0 0 0 0 0 0 0 0 0 0 0 0 0 0 0 0 0 0 0 0 0 0 0 0 0 0 0 0 0 0 0 0 0 0 0 0 0 0 0 0 0 0 0 0 0 0 0 0 0 0 0 0 0 0 0 0 0 0 0 0 0 0 0 0 0 0 0 0 0 0 0 0 0 0 0 0 0 0 0 0 0 0 0 0 0 0 0 0 0 0 0 0 0 0 0 0 0 0 0 0 0 0 0 0 0 0 0 0 0 0 0 0 0 0 0 0 0 0 0 0 0 0 0 0 0 0 0 0 0 0 0 0 0 0 0 0 0 0 0 0 0 0 0 0 0 0 0 0 0 0 0 0 0 0 0 0 0 0 0 0 0 0 0 0 0 0 0 0 0 0 0 0 0 0 0 0 0 0 0 0 0 0 0 0 0 0 0 0 0 0 0 0 0 
0 0.000213903 0.00042795 0.000672528 0.000926934 0.00121989 0.0015507 0.00190991 0.00232641 0.0027655 0.00324113 0.00373508 0.00420801 0.00466385 0.00503951 0.00532583 0.00549633 0.00551827 0.00540952 0.00515003 0.00476859 0.00428555 0.00373871 0.00318008 0.0026594 0.00223918 0.00193776 0.00179979 0.00180837 0.00195778 0.00225048 0.00263209 0.00309951 0.00360576 0.00410638 0.00459496 0.00505471 0.00547144 0.00585877 0.00620722 0.00650208 0.00678614 0.00704459 0.00728111 0.00750928 0.0077074 0.00789127 0.00807631 0.00825513 0.00841299 0.00855722 0.008691 0.00881797 0.00893703 0.00904664 0.00914381 0.00922368 0.00930893 0.00938258 0.00943187 0.00948776 0.00954884 0.00958271 0.00960212 0.00963515 0.00966398 0.0096826 0.00968479 0.00968778 0.00970035 0.00970632 0.00969241 0.00968439 0.00968452 0.00967292 0.0096579 0.0096424 0.00962965 0.00961439 0.00959739 0.00957254 0.00956108 0.00954389 0.0095194 0.00949871 0.00949086 0.00946599 0.0094448 0.00943422 0.00942163 0.00939707 0.00938846 0.00938056 0.009365 0.00935237 0.0093527 0.00934342 0.00933489 0.00933602 0.00933857 0.00933231 0.00933746 0.00934646 0.00934937 0.00935337 0.0093712 0.00938071 0.00938846 0.00940665 0.00942875 0.00943672 0.00945704 0.00948348 0.00950154 0.00951522 0.00954754 0.00956988 0.00958727 0.00961111 0.00964235 0.00965967 0.00968263 0.0097055 0.00973032 0.00975091 0.00976873 0.00978308 0.00980782 0.00982456 0.00982854 0.00983895 0.00985249 0.00985864 0.00985675 0.00985 0.009841 0.00984123 0.00982206 0.00979071 0.00976857 0.00973989 0.00969018 0.00964553 0.00960102 0.009534 0.00945754 0.00937957 0.00930303 0.00921286 0.0091082 0.00899655 0.00887664 0.00875745 0.008638 0.0085005 0.00835254 0.00822208 0.00808194 0.0079455 0.00782623 0.00770668 0.00762196 0.00757103 0.00753894 0.00753566 0.00756504 0.00760305 0.00765215 0.00767544 0.00762093 0.00748543 0.00721886 0.00681955 0.00627932 0.00559061 0.00478003 0.00387244 0.00292643 0.00198096 0.00110397 0.000322951 -0.000331349 -0.000826169 -0.00118259 -0.0013745 -0.00143675 -0.00139022 -0.00124806 -0.00106713 -0.000849728 -0.000634306 -0.000436479 -0.000255285 -0.000113815 1.70853e-06 8.25666e-05 0.000130047 0.000153149 0.000143622 0.000113964 
0 0.00042795 0.000884402 0.00135605 0.00189146 0.00248267 0.00313819 0.00388995 0.00470178 0.00560007 0.00655821 0.00752725 0.00850716 0.00939582 0.0101599 0.0107463 0.0110628 0.011135 0.0109005 0.0103835 0.00963777 0.00866457 0.00759185 0.00648516 0.00545106 0.00460858 0.00401296 0.00371259 0.00372083 0.00402263 0.00456882 0.00535083 0.00626072 0.00724817 0.00825213 0.00919467 0.0101026 0.0109309 0.0117012 0.0123737 0.0129769 0.0135151 0.0139993 0.01448 0.0149002 0.0152919 0.0156535 0.0160079 0.0163187 0.0166309 0.0169015 0.0171392 0.0174051 0.0176235 0.0178123 0.017976 0.0181534 0.0182937 0.0184375 0.0185377 0.0186271 0.0187113 0.0187883 0.0188585 0.0188881 0.0189184 0.0189491 0.018986 0.0189675 0.0189796 0.018976 0.0189673 0.018938 0.0189319 0.0188996 0.0188724 0.0188376 0.0188054 0.0187739 0.0187327 0.0186882 0.0186534 0.0186247 0.0185653 0.018533 0.0185018 0.0184637 0.0184088 0.0183971 0.0183576 0.0183225 0.0182906 0.0182855 0.0182424 0.01823 0.0182157 0.01821 0.0181814 0.0181947 0.0181866 0.0181881 0.0181857 0.0182148 0.0182095 0.0182312 0.0182528 0.0182852 0.0182901 0.0183389 0.0183697 0.0184015 0.0184302 0.018495 0.0185209 0.0185636 0.0186158 0.0186735 0.0187015 0.0187609 0.0188151 0.0188608 0.0189042 0.0189588 0.0190068 0.0190496 0.0190928 0.0191296 0.0191828 0.0192028 0.01923 0.0192634 0.0193032 0.0192826 0.0192978 0.0193122 0.0193178 0.0192761 0.0192479 0.0192206 0.0191923 0.0191246 0.0190382 0.0189672 0.0188638 0.0187663 0.0186383 0.0184935 0.0183253 0.018184 0.017982 0.0177749 0.017575 0.0173491 0.0171118 0.0168524 0.016593 0.0163235 0.0160911 0.0158345 0.0155954 0.01538 0.0152195 0.0151233 0.0150767 0.0151033 0.0151473 0.0152544 0.0153498 0.0153811 0.0153006 0.0150175 0.0145003 0.0137147 0.012639 0.0112619 0.00965322 0.00783719 0.00594194 0.00407998 0.00230727 0.000769633 -0.000532805 -0.00154162 -0.00222555 -0.00263951 -0.00275817 -0.00266164 -0.00240282 -0.0020201 -0.0016052 -0.00117557 -0.000776408 -0.000436869 -0.000146474 6.94645e-05 0.00022549 0.000325562 0.000360495 0.000350544 0.000283703 
0 0.000672528 0.00135605 0.00211016 0.00291442 0.00382108 0.00483686 0.00595261 0.00721227 0.00855843 0.0100001 0.011486 0.0129271 0.014288 0.0154292 0.0162965 0.0168092 0.0168984 0.0165775 0.0158211 0.0146986 0.0132715 0.0116596 0.0100066 0.00846386 0.00720191 0.0062962 0.00585089 0.00584503 0.00625988 0.00707793 0.00818191 0.00952141 0.0109753 0.0124285 0.0138357 0.0151598 0.0163649 0.0174713 0.0184574 0.0193031 0.0200895 0.0208014 0.0214559 0.0220671 0.0226045 0.0230995 0.0235848 0.0240459 0.0244582 0.0248284 0.0251666 0.025491 0.0257868 0.0260529 0.0262854 0.0264833 0.026681 0.0268509 0.0269665 0.0270865 0.0272132 0.0272859 0.0273268 0.0273813 0.0274294 0.0274567 0.0274504 0.0274358 0.0274424 0.0274344 0.0273865 0.0273455 0.0273212 0.0272739 0.0272176 0.0271599 0.0271071 0.0270516 0.0269885 0.0269131 0.0268629 0.0268046 0.0267274 0.0266635 0.0266227 0.0265519 0.0264854 0.0264463 0.0264004 0.0263351 0.0263001 0.026272 0.0262264 0.0261917 0.0261819 0.0261579 0.0261339 0.0261346 0.0261371 0.0261268 0.0261386 0.0261631 0.0261741 0.0261927 0.0262379 0.0262712 0.0262996 0.0263547 0.0264155 0.0264528 0.0265134 0.0265919 0.0266503 0.0267051 0.0267955 0.0268708 0.026932 0.0270117 0.0271042 0.0271717 0.027247 0.0273273 0.027409 0.0274823 0.0275491 0.027612 0.0276934 0.0277554 0.0277935 0.0278457 0.0279032 0.0279366 0.0279575 0.0279708 0.0279781 0.0279898 0.0279669 0.0279212 0.0278897 0.027835 0.027738 0.0276482 0.0275519 0.0274093 0.0272402 0.027062 0.0268795 0.0266712 0.0264205 0.0261494 0.0258612 0.0255687 0.0252656 0.0249222 0.0245568 0.0242203 0.0238752 0.0235361 0.0232347 0.0229509 0.0227574 0.0226558 0.0226201 0.0226667 0.0227918 0.0229519 0.0231218 0.023203 0.0230676 0.0226679 0.0218902 0.0207116 0.0191073 0.0170662 0.014662 0.0119743 0.00916589 0.00637096 0.00376037 0.00144149 -0.000502691 -0.00199236 -0.00305016 -0.00364414 -0.00384444 -0.00371831 -0.00332501 -0.0027945 -0.00217096 -0.00154561 -0.000966818 -0.000448769 -3.49562e-05 0.000292688 0.000520456 0.000653201 0.000708607 0.000674419 0.000569157 
0 0.000926934 0.00189146 0.00291442 0.00403758 0.00527828 0.00665566 0.00819343 0.00987804 0.0117078 0.0136477 0.0156266 0.0175801 0.0193815 0.0209196 0.0220881 0.0227639 0.0229117 0.022483 0.0214941 0.0200236 0.0181412 0.0160265 0.0138503 0.0118139 0.0101264 0.00891558 0.0082757 0.00822648 0.00874032 0.00975267 0.0111841 0.012894 0.0147538 0.0166356 0.0184369 0.0201382 0.021695 0.023114 0.0243604 0.0254522 0.0264232 0.0272951 0.0281125 0.028844 0.029502 0.0301045 0.0306784 0.0311992 0.0316861 0.0321123 0.0324932 0.0328766 0.0332075 0.0334888 0.0337301 0.0339621 0.0341627 0.0343428 0.034467 0.0345745 0.0346747 0.034751 0.0348044 0.0348247 0.0348386 0.0348466 0.034842 0.0347935 0.0347668 0.0347256 0.0346646 0.0345901 0.0345334 0.0344536 0.0343705 0.0342816 0.0341966 0.0341118 0.0340156 0.0339149 0.0338307 0.0337477 0.0336387 0.0335541 0.0334802 0.0333923 0.0332972 0.0332417 0.0331688 0.0330936 0.0330341 0.0329968 0.0329325 0.0328937 0.0328662 0.0328421 0.0328073 0.0328101 0.0328041 0.0328028 0.0328106 0.0328454 0.0328579 0.0328932 0.0329414 0.0329946 0.0330329 0.0331111 0.0331829 0.0332494 0.0333258 0.0334338 0.033512 0.0336019 0.0337132 0.0338245 0.0339126 0.0340295 0.0341498 0.0342564 0.0343635 0.0344828 0.0345983 0.0347062 0.0348122 0.0349159 0.0350324 0.0351193 0.0352034 0.035298 0.0353925 0.0354355 0.0354969 0.0355594 0.0356062 0.0356135 0.0356171 0.0356167 0.0356124 0.0355647 0.0354849 0.0354116 0.0353118 0.0351925 0.0350338 0.03485 0.034645 0.0344394 0.0341693 0.0338773 0.0335797 0.0332551 0.0329064 0.0325215 0.0321238 0.0317308 0.0313646 0.0309895 0.0306446 0.0303493 0.0301543 0.0300757 0.0300978 0.0302309 0.0304341 0.0307053 0.0309555 0.031072 0.0309323 0.0304071 0.0294036 0.0278626 0.0257466 0.0230567 0.0198871 0.0163424 0.0126326 0.00896095 0.00550097 0.00244684 -0.000121263 -0.00211427 -0.00350251 -0.00432104 -0.00459806 -0.00444192 -0.00395712 -0.00325379 -0.00245681 -0.00164316 -0.000885162 -0.00022851 0.000314734 0.000726318 0.00101359 0.00118216 0.00123383 0.00118657 0.00103463 
0 0.00121989 0.00248267 0.00382108 0.00527828 0.00688103 0.00865462 0.0106189 0.0127669 0.0150882 0.0175364 0.0200329 0.0224819 0.0247413 0.0266717 0.0281337 0.0289977 0.0291964 0.0286846 0.0274821 0.0256677 0.0233552 0.0207409 0.0180468 0.0155214 0.013405 0.0118703 0.0110248 0.0108986 0.01146 0.0126328 0.0143107 0.0163362 0.0185485 0.0207934 0.0229541 0.0249807 0.0268334 0.0285012 0.0299634 0.0312354 0.0323542 0.0333539 0.0342656 0.0350771 0.0357972 0.0364492 0.0370585 0.0376162 0.0381211 0.03856 0.0389498 0.0393208 0.0396453 0.0399186 0.0401473 0.0403526 0.0405291 0.0406739 0.0407718 0.04085 0.0409171 0.0409543 0.0409631 0.0409497 0.040931 0.0408986 0.0408445 0.0407645 0.040696 0.0406159 0.0405137 0.0404032 0.0403024 0.0401889 0.0400662 0.0399409 0.039819 0.0396982 0.039567 0.0394358 0.0393168 0.0391991 0.0390662 0.0389512 0.0388464 0.0387337 0.0386205 0.0385345 0.0384428 0.0383509 0.0382747 0.038215 0.0381447 0.0380921 0.0380539 0.0380202 0.0379869 0.0379796 0.0379743 0.0379743 0.0379879 0.0380205 0.0380466 0.0380899 0.0381484 0.038212 0.0382737 0.0383631 0.0384544 0.0385443 0.0386473 0.038772 0.0388826 0.0390026 0.0391413 0.0392817 0.0394098 0.0395583 0.0397129 0.0398595 0.0400056 0.0401637 0.0403206 0.0404716 0.0406187 0.0407695 0.0409261 0.0410635 0.0411933 0.0413319 0.0414688 0.0415736 0.0416785 0.0417827 0.0418765 0.0419427 0.0419959 0.0420407 0.0420778 0.0420801 0.0420542 0.0420233 0.0419711 0.0418883 0.0417676 0.0416238 0.0414618 0.0412807 0.0410438 0.0407755 0.0404935 0.0401901 0.039857 0.0394866 0.0390996 0.0387181 0.0383571 0.0380037 0.0376863 0.0374385 0.0373067 0.0373089 0.037437 0.0376875 0.0380302 0.0384347 0.0388018 0.0389925 0.0388525 0.0382299 0.0370108 0.0351191 0.0325149 0.0292125 0.0253106 0.0209627 0.0164034 0.0118825 0.00762694 0.00384897 0.000677478 -0.00179307 -0.00352532 -0.00454872 -0.00491822 -0.00475031 -0.00417885 -0.00334141 -0.00238013 -0.00139902 -0.000482349 0.000314397 0.000968067 0.00146234 0.00180241 0.00199345 0.00204034 0.00195872 0.00174936 
0 0.0015507 0.00313819 0.00483686 0.00665566 0.00865462 0.0108598 0.0132669 0.0159113 0.0187361 0.0217034 0.0247339 0.0276699 0.030397 0.0327154 0.0344646 0.0355274 0.0357691 0.0351855 0.0337791 0.0316282 0.028908 0.0258077 0.0226102 0.0196018 0.0170494 0.0151628 0.0140772 0.0138229 0.0143677 0.0156463 0.0174896 0.0197606 0.0222536 0.0247836 0.0272447 0.0295345 0.0316263 0.033485 0.0351171 0.03651 0.0377261 0.0388033 0.0397426 0.0405865 0.0413156 0.0419654 0.0425524 0.0430999 0.0435631 0.0439681 0.0443311 0.0446377 0.0449149 0.0451401 0.0453247 0.0454596 0.0455886 0.0456665 0.0457102 0.0457318 0.0457456 0.0457229 0.0456619 0.0456039 0.0455337 0.0454467 0.0453218 0.0452087 0.0450812 0.0449534 0.0447963 0.0446474 0.0444907 0.0443382 0.0441681 0.0440024 0.043839 0.0436754 0.0435081 0.0433421 0.0431872 0.0430275 0.0428757 0.0427238 0.0425894 0.042447 0.0423222 0.0421971 0.0420917 0.0419792 0.0418914 0.0418018 0.041733 0.0416613 0.0416168 0.0415681 0.0415436 0.0415192 0.0415199 0.041517 0.0415417 0.041565 0.0416117 0.0416576 0.0417307 0.0417988 0.0418916 0.0419847 0.0421004 0.0422102 0.0423458 0.0424793 0.04263 0.0427771 0.0429472 0.0431124 0.0432894 0.0434665 0.0436594 0.0438472 0.0440392 0.0442363 0.0444394 0.0446394 0.0448335 0.045038 0.0452369 0.0454385 0.0456218 0.0458146 0.0459956 0.0461851 0.0463427 0.0465027 0.0466519 0.0468035 0.0469205 0.0470282 0.0471278 0.0472085 0.0472605 0.0472925 0.0473252 0.0473064 0.0472616 0.0471938 0.0471192 0.0469906 0.0468393 0.0466471 0.0464251 0.0461952 0.0459301 0.0456294 0.0453059 0.0450063 0.044701 0.0444348 0.0442115 0.04407 0.0440633 0.0442059 0.044499 0.0449164 0.0454592 0.0460294 0.0465475 0.0468444 0.0467214 0.0460365 0.0446306 0.0424213 0.0393676 0.0354983 0.0309099 0.0258158 0.0204663 0.0151424 0.0101508 0.00568263 0.00194017 -0.000978337 -0.00305379 -0.00426832 -0.00473986 -0.00457354 -0.00392139 -0.00297531 -0.0018586 -0.000726484 0.000330906 0.00126142 0.00200691 0.00257483 0.00295395 0.00315164 0.00319041 0.00306345 0.00279427 
0 0.00190991 0.00388995 0.00595261 0.00819343 0.0106189 0.0132669 0.0161799 0.0193084 0.0226721 0.0261747 0.0297128 0.033174 0.0363316 0.0390411 0.0410874 0.0423101 0.0426252 0.0419503 0.0403408 0.0378768 0.0347424 0.031179 0.0274895 0.0239991 0.0209901 0.0187387 0.0173455 0.0169049 0.0173828 0.0186523 0.0206169 0.0230335 0.0257117 0.0284691 0.0311361 0.0336236 0.035895 0.0378968 0.0396201 0.0411134 0.0423585 0.0434383 0.04438 0.0451794 0.0458758 0.046482 0.047009 0.0474593 0.0478566 0.0481841 0.0484596 0.0486942 0.0488862 0.049016 0.0491038 0.0491802 0.0492085 0.0492064 0.0491865 0.0491284 0.049035 0.048951 0.0488502 0.0487088 0.0485532 0.0483957 0.0482382 0.04806 0.0478635 0.0476657 0.0474783 0.0472726 0.0470607 0.0468544 0.0466458 0.0464353 0.0462282 0.04602 0.0458141 0.0456199 0.0454201 0.0452281 0.0450475 0.0448725 0.0446946 0.0445391 0.0443883 0.0442418 0.0441066 0.0439925 0.0438767 0.0437762 0.0436918 0.0436204 0.0435523 0.0435075 0.0434742 0.0434513 0.0434403 0.0434525 0.0434702 0.0435021 0.0435508 0.0436168 0.0436855 0.0437757 0.0438803 0.043994 0.044115 0.0442613 0.0444107 0.0445686 0.0447418 0.0449312 0.0451158 0.0453185 0.0455319 0.0457485 0.0459681 0.0462048 0.0464393 0.04668 0.0469269 0.0471734 0.0474246 0.0476839 0.0479337 0.0481792 0.0484407 0.0486966 0.0489402 0.0491739 0.0494146 0.0496593 0.0498895 0.0500839 0.0502872 0.0505016 0.0506806 0.0508374 0.0509906 0.0511217 0.0512268 0.0513303 0.0513977 0.0514327 0.0514462 0.0514398 0.0513981 0.051321 0.0512318 0.0511072 0.0509482 0.0507689 0.0505863 0.0503916 0.0502384 0.0501151 0.050032 0.0500779 0.0502516 0.0505928 0.0511139 0.0517796 0.0525411 0.0533501 0.0540458 0.0544573 0.0544155 0.0536755 0.0521319 0.0496527 0.0461916 0.041807 0.0366044 0.0308263 0.0247509 0.0187215 0.0130264 0.00794902 0.00368038 0.000323039 -0.00203456 -0.00346483 -0.00401958 -0.00385018 -0.00315392 -0.00207627 -0.00084008 0.000436667 0.00163488 0.00266326 0.00351309 0.00413428 0.00454566 0.00475569 0.00476099 0.0045976 0.00425369 
0 0.00232641 0.00470178 0.00721227 0.00987804 0.0127669 0.0159113 0.0193084 0.022985 0.0268741 0.0309116 0.0349917 0.0389182 0.0425318 0.045599 0.0479067 0.0493142 0.0496553 0.0489112 0.047102 0.0443138 0.0407854 0.0367516 0.0325625 0.0285771 0.0251048 0.0224288 0.0207118 0.0200208 0.0203321 0.0215538 0.0234965 0.0259787 0.0287648 0.0316421 0.0344642 0.0370859 0.0394613 0.0415271 0.043311 0.0448054 0.0460552 0.0471176 0.0479802 0.0487143 0.0493221 0.0498267 0.0502402 0.0506061 0.0508774 0.0510977 0.0512765 0.0513709 0.0514452 0.0514805 0.0514834 0.0514308 0.0513658 0.051254 0.0511387 0.0509971 0.0508388 0.0506577 0.050445 0.0502473 0.05004 0.0498114 0.0495545 0.049334 0.0490792 0.0488316 0.0485743 0.0483279 0.0480615 0.0478164 0.0475579 0.0473103 0.0470631 0.0468149 0.0465775 0.0463518 0.0461209 0.0458913 0.0456978 0.0454895 0.0452898 0.0451075 0.0449516 0.0447706 0.0446286 0.044495 0.0443754 0.0442478 0.0441694 0.0440797 0.0440122 0.0439518 0.0439301 0.0438907 0.0438895 0.043895 0.0439261 0.0439472 0.0440164 0.0440798 0.0441646 0.0442545 0.0443873 0.0444995 0.0446443 0.0448025 0.0449815 0.0451427 0.0453524 0.045561 0.0457742 0.0459946 0.0462528 0.0464922 0.0467462 0.0470185 0.0472962 0.0475711 0.0478611 0.048158 0.0484519 0.0487609 0.0490572 0.0493769 0.0496867 0.0499946 0.0502932 0.050636 0.0509337 0.0512287 0.0515292 0.0518508 0.0521383 0.0524184 0.0526859 0.0529587 0.0532247 0.0534567 0.0536926 0.0538912 0.0540798 0.0542532 0.054419 0.0545235 0.0546363 0.0547101 0.0547469 0.0547833 0.0547903 0.054779 0.0547593 0.0547578 0.0547599 0.0548416 0.0549927 0.0552702 0.0557053 0.0563141 0.0571136 0.0580578 0.0591277 0.0601861 0.0611114 0.0617021 0.0617284 0.0609991 0.0593339 0.0566164 0.0528119 0.0479785 0.0422379 0.0358742 0.0291763 0.0225001 0.0162179 0.0105735 0.00583549 0.0021201 -0.000530435 -0.0021062 -0.00274841 -0.00258614 -0.0018128 -0.000656712 0.000721075 0.00213001 0.00345019 0.00460962 0.00553292 0.00622665 0.00667153 0.00687429 0.00686785 0.00663814 0.0062228 
0 0.0027655 0.00560007 0.00855843 0.0117078 0.0150882 0.0187361 0.0226721 0.0268741 0.0313102 0.0358829 0.0404616 0.044871 0.0488867 0.0522935 0.0548526 0.0563877 0.0567603 0.055911 0.0538834 0.050781 0.0468475 0.0423587 0.0376834 0.0332001 0.0292371 0.0261142 0.0239892 0.0229738 0.0230516 0.0241005 0.025967 0.0284106 0.0312019 0.0341288 0.037007 0.0396914 0.0421185 0.0442179 0.0459982 0.047488 0.0486859 0.0496627 0.0504334 0.051048 0.0515422 0.0519282 0.0522117 0.0524151 0.0525511 0.0526382 0.0526822 0.0526578 0.0526053 0.0525092 0.0523864 0.0522399 0.0520584 0.0518509 0.0516492 0.0514155 0.0511472 0.0508925 0.0506304 0.0503555 0.0500596 0.0497602 0.0494691 0.0491902 0.0488732 0.0485627 0.0482747 0.0479822 0.0476732 0.0473795 0.0470912 0.0468093 0.0465297 0.0462458 0.0459832 0.0457346 0.0454744 0.0452224 0.0450095 0.0447853 0.0445603 0.0443683 0.044196 0.0440043 0.0438445 0.0437094 0.0435744 0.0434433 0.0433539 0.0432663 0.0431867 0.0431302 0.0431015 0.0430668 0.0430589 0.0430737 0.0431003 0.0431303 0.0431989 0.0432748 0.0433581 0.043463 0.0436004 0.0437271 0.0438765 0.0440564 0.0442435 0.0444227 0.0446467 0.0448814 0.045107 0.0453525 0.0456356 0.0459027 0.0461781 0.0464833 0.0467961 0.0471022 0.047426 0.0477604 0.0481032 0.0484525 0.0487931 0.0491526 0.0495297 0.049894 0.0502477 0.0506328 0.051012 0.0513894 0.0517623 0.0521369 0.0525134 0.0528993 0.0532571 0.0536218 0.0539943 0.0543391 0.0546749 0.0550167 0.055346 0.0556523 0.055945 0.0562095 0.0564818 0.0567303 0.0569558 0.05716 0.0573486 0.0575384 0.057739 0.0579476 0.0581961 0.0585253 0.0589395 0.0595127 0.0602462 0.0611734 0.0623106 0.0636055 0.0649969 0.0663646 0.0675352 0.0683064 0.0684637 0.0677581 0.0660323 0.0631428 0.0590528 0.0538443 0.0476565 0.0407898 0.0335627 0.0263628 0.0195609 0.0134626 0.00832916 0.00429444 0.00143442 -0.000288129 -0.000976671 -0.000793824 4.37391e-05 0.00132614 0.00283131 0.00438536 0.00584693 0.00711634 0.00814126 0.0088933 0.00937235 0.00958654 0.0095528 0.00928551 0.00879885 
0 0.00324113 0.00655821 0.0100001 0.0136477 0.0175364 0.0217034 0.0261747 0.0309116 0.0358829 0.0409739 0.0460335 0.0508836 0.0552702 0.058971 0.0617381 0.0633713 0.0637419 0.062773 0.0605149 0.057091 0.052747 0.0477976 0.0426238 0.0376261 0.0331563 0.0295464 0.0269791 0.0255792 0.025343 0.0261415 0.0278242 0.0301355 0.0328466 0.0357409 0.0386114 0.0413045 0.0437224 0.0458016 0.0475389 0.0489743 0.0501026 0.0509797 0.0516355 0.0521129 0.0524683 0.0527077 0.0528469 0.052897 0.0528916 0.0528412 0.0527443 0.052587 0.0523992 0.0521894 0.0519577 0.0517082 0.0514143 0.0511112 0.0508197 0.0505109 0.0501685 0.0498342 0.049503 0.0491679 0.0488223 0.0484658 0.0481275 0.0477978 0.0474475 0.0470961 0.0467748 0.0464473 0.0461136 0.0457887 0.0454787 0.045175 0.044874 0.0445708 0.0442928 0.0440301 0.0437539 0.0434921 0.0432662 0.0430353 0.0427992 0.0426028 0.0424205 0.0422285 0.0420597 0.0419243 0.0417833 0.0416548 0.0415581 0.0414742 0.0413908 0.0413382 0.0413045 0.0412764 0.0412658 0.0412855 0.0413097 0.0413482 0.0414146 0.0414974 0.0415811 0.0416955 0.041832 0.0419689 0.0421214 0.0423119 0.0425018 0.0426947 0.0429247 0.0431729 0.043407 0.0436687 0.0439633 0.044249 0.0445387 0.0448638 0.0451977 0.0455259 0.0458724 0.0462343 0.0466073 0.0469822 0.047361 0.0477566 0.0481728 0.0485724 0.04898 0.049414 0.0498498 0.050274 0.0507124 0.0511605 0.0516157 0.0520697 0.0525085 0.052968 0.0534428 0.0538975 0.0543365 0.0547969 0.055254 0.0557036 0.0561364 0.0565602 0.0569914 0.0574134 0.0578197 0.0582111 0.0586083 0.0590199 0.0594559 0.0599023 0.0604137 0.0610239 0.0617574 0.0626687 0.0637551 0.0650485 0.0665569 0.068234 0.0699857 0.0716868 0.0731348 0.0741196 0.074419 0.073769 0.0720063 0.0689833 0.0646739 0.0591677 0.0526347 0.0453769 0.037738 0.0301241 0.0229137 0.0164555 0.0110127 0.00674214 0.00372945 0.00192165 0.00122447 0.00145412 0.00238423 0.00380009 0.00545535 0.00717046 0.00878931 0.0101994 0.0113472 0.0121898 0.0127286 0.0129708 0.0129289 0.012627 0.0120753 
0 0.00373508 0.00752725 0.011486 0.0156266 0.0200329 0.0247339 0.0297128 0.0349917 0.0404616 0.0460335 0.0515509 0.0567718 0.0614965 0.0654337 0.0683504 0.0700516 0.0703638 0.0692534 0.0667438 0.0629842 0.0582334 0.0528293 0.0471616 0.0416452 0.0366658 0.0325212 0.0294777 0.0276286 0.02699 0.0274815 0.0288764 0.0309817 0.0335381 0.036316 0.039119 0.0417708 0.0441407 0.046167 0.0478621 0.049207 0.0502601 0.0510321 0.0515518 0.0518987 0.0521124 0.0522074 0.0521919 0.0521095 0.0519506 0.0517685 0.051551 0.0512713 0.0509604 0.0506505 0.0503342 0.0499773 0.0496109 0.0492328 0.0488666 0.0484904 0.0481108 0.0477166 0.0473266 0.0469557 0.0465812 0.0461931 0.0458103 0.0454575 0.0450879 0.044722 0.0443669 0.0440304 0.0436822 0.0433472 0.043021 0.0427127 0.0424004 0.0420945 0.0418107 0.0415414 0.0412654 0.0410031 0.040774 0.040541 0.040313 0.0401114 0.0399323 0.0397429 0.0395812 0.0394397 0.0393091 0.0391813 0.0390895 0.0390028 0.0389314 0.038875 0.0388469 0.0388184 0.0388167 0.03883 0.0388619 0.0388994 0.0389706 0.0390472 0.0391407 0.039251 0.0393898 0.0395242 0.0396859 0.0398687 0.0400637 0.0402585 0.0404929 0.0407362 0.0409811 0.0412448 0.0415423 0.0418334 0.0421337 0.0424636 0.0428064 0.0431471 0.0435025 0.0438833 0.0442681 0.0446587 0.0450554 0.0454851 0.0459133 0.0463386 0.0467748 0.0472553 0.0477195 0.0481758 0.0486548 0.0491701 0.0496757 0.0501702 0.0506835 0.05122 0.0517674 0.0523016 0.0528489 0.0533953 0.0539672 0.0545419 0.0551061 0.0556614 0.0562512 0.0568458 0.0574151 0.0580032 0.0586059 0.0592422 0.0599115 0.0606321 0.0614111 0.0623286 0.063415 0.0646708 0.0661447 0.0678321 0.0697388 0.0718134 0.0739581 0.0759863 0.0777219 0.0789395 0.0793706 0.0788195 0.0770455 0.0739379 0.0694829 0.0637546 0.0569725 0.0494308 0.0414987 0.033578 0.0260902 0.0193701 0.0137156 0.00930817 0.00619221 0.00438032 0.00371535 0.00403091 0.00511202 0.0066773 0.00853821 0.0104503 0.0122567 0.0138596 0.015146 0.0161205 0.0167496 0.0170415 0.0170379 0.016721 0.0161414 
0 0.00420801 0.00850716 0.0129271 0.0175801 0.0224819 0.0276699 0.033174 0.0389182 0.044871 0.0508836 0.0567718 0.062347 0.0673126 0.0714353 0.0744585 0.0761471 0.0763873 0.0750892 0.0723069 0.0682112 0.06305 0.0571943 0.0510488 0.0450229 0.0395103 0.0348495 0.0312693 0.028929 0.0278537 0.0279267 0.0290016 0.0308187 0.0331454 0.0357631 0.0384417 0.0410027 0.043304 0.045283 0.0468934 0.04819 0.0491572 0.0498133 0.0502378 0.0504557 0.0505413 0.0505161 0.0503907 0.0501527 0.0498917 0.0495982 0.0492628 0.0489074 0.0485158 0.0481186 0.0477125 0.0473182 0.0468829 0.0464646 0.0460563 0.0456514 0.0452141 0.0447951 0.0444147 0.0440185 0.0436068 0.0432011 0.0428425 0.0424662 0.0420947 0.0417127 0.0413741 0.0410285 0.0406915 0.0403457 0.0400353 0.0397262 0.0394222 0.0391236 0.0388482 0.0385829 0.0383177 0.0380721 0.0378396 0.037624 0.0374051 0.037218 0.0370344 0.0368722 0.036709 0.0365826 0.036451 0.0363482 0.0362465 0.0361792 0.036105 0.0360665 0.0360264 0.0360186 0.0360078 0.0360336 0.0360538 0.0361093 0.036164 0.0362511 0.0363337 0.0364551 0.0365727 0.0367197 0.0368682 0.0370532 0.0372305 0.0374385 0.0376536 0.037896 0.0381329 0.0384014 0.0386798 0.0389744 0.0392713 0.0395952 0.039934 0.0402762 0.0406302 0.0410041 0.0414007 0.0417867 0.0421947 0.0426123 0.0430623 0.0434978 0.0439544 0.04441 0.0449126 0.0454056 0.045905 0.0464105 0.0469604 0.0475091 0.0480563 0.0486313 0.0492275 0.0498308 0.050423 0.0510708 0.0517277 0.0523873 0.0530384 0.0537355 0.0544408 0.0551748 0.0559238 0.0566619 0.0574517 0.058302 0.059209 0.0601671 0.0612544 0.0624729 0.0638922 0.065532 0.067382 0.0694777 0.0717974 0.0742845 0.0767921 0.0791696 0.0811773 0.0825988 0.0832047 0.0827227 0.0809773 0.0778317 0.0732704 0.0674093 0.060469 0.0527471 0.0446351 0.0365464 0.0288743 0.022026 0.0162628 0.0117838 0.00868676 0.00690044 0.00634753 0.00681729 0.00806491 0.00987425 0.0119542 0.0141194 0.0161852 0.0179984 0.0195183 0.0206592 0.0214332 0.0218501 0.021898 0.0216401 0.0210554 
0 0.00466385 0.00939582 0.014288 0.0193815 0.0247413 0.030397 0.0363316 0.0425318 0.0488867 0.0552702 0.0614965 0.0673126 0.0724821 0.0767125 0.0797609 0.0814117 0.0815116 0.0800112 0.0769494 0.0725108 0.0669519 0.0606659 0.0540463 0.0475189 0.0415038 0.0362911 0.0321989 0.0293425 0.0277668 0.0274172 0.0280748 0.029558 0.0316149 0.0340172 0.0365462 0.0390114 0.0412313 0.0431398 0.0447136 0.045931 0.0468509 0.0474493 0.0477911 0.0479278 0.0479206 0.0477966 0.0475662 0.0472703 0.0469215 0.0465545 0.0461566 0.0457376 0.0452797 0.0448513 0.0444293 0.0439819 0.043535 0.0430959 0.0426629 0.0422428 0.04184 0.0414123 0.041004 0.0406088 0.0402326 0.0398495 0.0394713 0.0391008 0.0387562 0.0384073 0.03806 0.037734 0.0374128 0.0370963 0.0367939 0.0365054 0.0362141 0.0359463 0.0356833 0.0354328 0.035191 0.0349695 0.034747 0.034549 0.0343582 0.0341811 0.0340126 0.0338692 0.0337269 0.0336035 0.0334933 0.033401 0.033313 0.0332482 0.0331936 0.033155 0.0331257 0.0331184 0.0331199 0.0331382 0.0331676 0.0332186 0.0332767 0.0333528 0.0334421 0.0335514 0.0336651 0.0338019 0.0339513 0.0341156 0.0342876 0.0344872 0.034691 0.034912 0.0351465 0.0354019 0.035659 0.0359426 0.0362324 0.0365389 0.036857 0.0371953 0.0375337 0.0378997 0.0382731 0.038653 0.0390521 0.0394753 0.0398915 0.0403199 0.0407812 0.0412531 0.0417287 0.042205 0.0427162 0.0432554 0.043802 0.0443305 0.0449084 0.0455103 0.0461269 0.0467569 0.0474074 0.0480685 0.0487761 0.0495108 0.0502413 0.0510113 0.0518127 0.0526516 0.0535019 0.0544003 0.0553526 0.0563842 0.0574868 0.0586886 0.0600216 0.0615405 0.0633108 0.0652939 0.0675406 0.0700296 0.0727387 0.0756061 0.0784821 0.0811594 0.0834311 0.0850627 0.0857798 0.085397 0.0836629 0.0804945 0.0758975 0.0699603 0.0629575 0.0551657 0.0469867 0.0388295 0.0311128 0.0242232 0.0184574 0.0140262 0.0109914 0.00934821 0.00895277 0.00962366 0.0111313 0.0131948 0.0155894 0.0180625 0.0204352 0.0225704 0.0243577 0.0257645 0.0267571 0.0273431 0.0275443 0.0273697 0.0268491 
0 0.00503951 0.0101599 0.0154292 0.0209196 0.0266717 0.0327154 0.0390411 0.045599 0.0522935 0.058971 0.0654337 0.0714353 0.0767125 0.080986 0.0840058 0.0855538 0.0854867 0.0837529 0.080401 0.0756265 0.0696981 0.0630077 0.0559642 0.0489811 0.0424761 0.0367578 0.0321301 0.0287456 0.0266613 0.0258311 0.0260679 0.0271866 0.0289427 0.0311116 0.0334732 0.0358191 0.0379763 0.0398579 0.0414105 0.0426239 0.0435242 0.0440909 0.0444042 0.0445057 0.0444521 0.044291 0.0440233 0.0436757 0.0432912 0.0428874 0.0424604 0.042035 0.0415805 0.0411379 0.0407011 0.0402632 0.0398346 0.039417 0.0390029 0.0386005 0.0382037 0.0378049 0.0374429 0.0370738 0.0367036 0.036348 0.0360118 0.0356684 0.035346 0.0350213 0.0347052 0.0344068 0.0341137 0.0338222 0.0335497 0.0332838 0.0330209 0.0327837 0.0325454 0.0323142 0.0321047 0.0319112 0.0317057 0.0315316 0.0313707 0.0312125 0.0310604 0.0309424 0.0308197 0.0307103 0.0306167 0.0305434 0.0304659 0.0304132 0.0303702 0.0303419 0.0303175 0.0303185 0.0303236 0.0303449 0.0303745 0.0304275 0.030481 0.0305542 0.0306395 0.0307424 0.0308445 0.0309755 0.0311147 0.0312633 0.0314217 0.0316128 0.031797 0.0319975 0.0322209 0.0324598 0.0326905 0.0329566 0.0332336 0.0335143 0.0338098 0.034132 0.0344507 0.0347904 0.0351479 0.0355087 0.0358858 0.0362826 0.036686 0.0371033 0.03754 0.037975 0.038444 0.0389254 0.0394093 0.039909 0.0404472 0.0409839 0.0415511 0.0421368 0.0427404 0.0433703 0.0440282 0.044713 0.0454366 0.0461815 0.0469421 0.0477639 0.0486193 0.0495263 0.0504717 0.0514625 0.0525301 0.0537071 0.0549799 0.0563871 0.057968 0.0597534 0.0618148 0.0641303 0.066722 0.0695791 0.0726578 0.0758693 0.0790533 0.0819933 0.0844696 0.0862502 0.0870775 0.0867507 0.0850469 0.0818856 0.077275 0.0713346 0.0643321 0.0565568 0.0484118 0.0403005 0.0326405 0.0258262 0.0201548 0.0158424 0.0129688 0.0115145 0.0113554 0.012302 0.0141136 0.0165312 0.0192924 0.0221546 0.0249237 0.027433 0.0295904 0.0313254 0.0326159 0.0334677 0.0338799 0.03389 0.0334988 
0 0.00532583 0.0107463 0.0162965 0.0220881 0.0281337 0.0344646 0.0410874 0.0479067 0.0548526 0.0617381 0.0683504 0.0744585 0.0797609 0.0840058 0.0869344 0.0883294 0.0880665 0.0860864 0.0824562 0.0773689 0.071109 0.0640555 0.0566303 0.0492407 0.0422875 0.0361154 0.0309919 0.0271104 0.0245353 0.0232178 0.0230249 0.0237594 0.0252059 0.0271399 0.0293431 0.0315896 0.033708 0.0355933 0.0371579 0.0384143 0.0393473 0.0399563 0.0403109 0.0404411 0.0403994 0.0402428 0.0399911 0.0396545 0.0392975 0.0389067 0.0384941 0.0380866 0.0376661 0.037255 0.0368473 0.0364516 0.0360589 0.0356799 0.035298 0.0349428 0.034588 0.0342369 0.0339077 0.0335733 0.0332471 0.0329406 0.0326413 0.0323254 0.0320452 0.031763 0.0314872 0.0312155 0.030962 0.0307084 0.0304752 0.0302351 0.0300105 0.0298094 0.0296038 0.0293984 0.0292257 0.0290636 0.0288837 0.0287366 0.0286067 0.0284732 0.0283419 0.0282493 0.0281485 0.0280584 0.0279811 0.0279273 0.0278632 0.0278249 0.0277916 0.0277758 0.0277576 0.0277667 0.027774 0.027801 0.0278298 0.0278836 0.0279324 0.0280045 0.028082 0.0281783 0.0282693 0.0283928 0.0285176 0.0286517 0.0287949 0.0289723 0.0291347 0.0293146 0.0295211 0.0297381 0.0299416 0.0301846 0.0304427 0.0306923 0.0309598 0.0312576 0.0315544 0.0318574 0.0321877 0.0325224 0.0328774 0.0332359 0.0336095 0.0340003 0.0344173 0.0348159 0.0352507 0.0357061 0.0361675 0.0366375 0.0371434 0.0376561 0.0381914 0.038755 0.0393338 0.0399482 0.0405814 0.0412519 0.0419559 0.0426963 0.0434667 0.0443002 0.0451647 0.0460869 0.0470823 0.0481312 0.0492842 0.0505584 0.051956 0.0535151 0.0552946 0.0573101 0.0596256 0.0622419 0.0651369 0.0683136 0.0717001 0.0751937 0.0786219 0.0817692 0.0843981 0.0862719 0.0871616 0.0868389 0.0851387 0.0819768 0.0773728 0.07148 0.0645411 0.0568664 0.0488415 0.0408696 0.0333596 0.0267131 0.0212279 0.017117 0.0144866 0.0132888 0.0134327 0.0147169 0.0168883 0.0197209 0.0229082 0.0262314 0.0294778 0.0324501 0.0350774 0.0372394 0.0389269 0.0401371 0.0408432 0.0411135 0.0409178 
0 0.00549633 0.0110628 0.0168092 0.0227639 0.0289977 0.0355274 0.0423101 0.0493142 0.0563877 0.0633713 0.0700516 0.0761471 0.0814117 0.0855538 0.0883294 0.0895439 0.0890535 0.0868272 0.0829374 0.0775773 0.0710331 0.0636998 0.0559616 0.048239 0.0409342 0.034344 0.0288004 0.0244591 0.0214051 0.0196481 0.0190254 0.0193986 0.0205553 0.0222703 0.0243228 0.0265086 0.028626 0.0305492 0.0322213 0.0335585 0.0345929 0.0353156 0.0357617 0.0359822 0.0360252 0.035934 0.0357286 0.0354812 0.0351712 0.0348325 0.0344829 0.0341348 0.0337714 0.0334235 0.0330863 0.0327297 0.0324123 0.0320959 0.0317737 0.0314528 0.0311748 0.0308858 0.030592 0.0302992 0.0300357 0.0297884 0.0295139 0.0292469 0.0290069 0.0287842 0.0285343 0.0283083 0.0280859 0.0278883 0.0276809 0.0274818 0.0272895 0.0271323 0.0269553 0.0267846 0.0266446 0.0265145 0.0263662 0.0262436 0.026146 0.026035 0.0259337 0.0258559 0.0257861 0.0257086 0.025657 0.0256103 0.0255733 0.0255377 0.025525 0.0255095 0.0255117 0.0255148 0.0255372 0.0255577 0.0255989 0.0256391 0.0256972 0.025756 0.025837 0.0259139 0.026008 0.0261111 0.0262306 0.026342 0.0264801 0.0266312 0.0267807 0.0269359 0.0271271 0.027316 0.0274981 0.0277151 0.027949 0.0281722 0.0284063 0.0286808 0.0289469 0.0292242 0.029511 0.029827 0.0301438 0.0304806 0.0308058 0.031172 0.0315504 0.0319336 0.0323142 0.0327326 0.0331664 0.0336112 0.0340633 0.0345326 0.0350482 0.0355641 0.036098 0.0366687 0.0372868 0.0378979 0.0385665 0.0392792 0.0400284 0.0408268 0.0416843 0.0426009 0.0435853 0.0446813 0.0458675 0.0471945 0.0486806 0.0503745 0.0522946 0.0545058 0.0570379 0.0598707 0.0630376 0.0664657 0.0700915 0.073795 0.0773926 0.0806483 0.0833499 0.0852528 0.0861115 0.0857741 0.0840344 0.0808585 0.0762916 0.0704546 0.063633 0.0561155 0.0482774 0.0405217 0.033252 0.0268445 0.0216191 0.0177889 0.0154361 0.0145729 0.0150588 0.0167269 0.019347 0.0226277 0.0263399 0.0301938 0.0339771 0.0375229 0.0406642 0.0433544 0.0455227 0.0471548 0.048276 0.0488624 0.0489603 
0 0.00551827 0.011135 0.0168984 0.0229117 0.0291964 0.0357691 0.0426252 0.0496553 0.0567603 0.0637419 0.0703638 0.0763873 0.0815116 0.0854867 0.0880665 0.0890535 0.0883319 0.0858722 0.0817536 0.0761685 0.0694304 0.0618745 0.0539307 0.045982 0.0383859 0.0315215 0.0256083 0.0208841 0.0174381 0.0152476 0.0142598 0.0142978 0.0151886 0.0167112 0.0186611 0.0207953 0.0229566 0.024996 0.0267847 0.0283077 0.0294985 0.0303869 0.0309978 0.0313801 0.0315512 0.031579 0.031511 0.0313455 0.0311475 0.0308986 0.0306322 0.0303603 0.0301136 0.0298386 0.0295527 0.0292904 0.029041 0.0287972 0.0285426 0.0283038 0.0280505 0.0278267 0.0276048 0.0273823 0.0271431 0.0269354 0.0267312 0.0265198 0.0263147 0.0261226 0.0259375 0.0257453 0.0255716 0.025403 0.0252475 0.0250758 0.0249342 0.0247997 0.0246682 0.024525 0.0244232 0.0243161 0.0242076 0.024107 0.0240371 0.0239524 0.0238779 0.0238178 0.0237701 0.0237157 0.0236776 0.0236481 0.0236254 0.0236058 0.0235984 0.0235976 0.0236048 0.023617 0.0236387 0.0236685 0.0237062 0.0237488 0.0238011 0.0238623 0.0239321 0.0240047 0.0240897 0.0241852 0.0242875 0.0243895 0.0245141 0.0246452 0.0247776 0.024916 0.0250869 0.0252476 0.0254151 0.0256013 0.0258134 0.0260035 0.0262203 0.0264537 0.0267008 0.026934 0.0272031 0.0274799 0.0277677 0.0280499 0.0283663 0.0286985 0.0290281 0.0293561 0.0297246 0.0301221 0.0304955 0.0308814 0.0313031 0.0317639 0.0322086 0.0326795 0.0331668 0.0336974 0.034251 0.0348444 0.0354511 0.0360971 0.0368148 0.0375753 0.0383868 0.0392664 0.0402552 0.0413185 0.0425236 0.0438759 0.0454167 0.0471937 0.0492454 0.0515972 0.0542732 0.0573175 0.0606596 0.0642892 0.068089 0.0719126 0.0755833 0.0788771 0.0815567 0.083388 0.084187 0.0837256 0.0819263 0.0787185 0.0741488 0.0684161 0.0617185 0.0544016 0.04681 0.0393251 0.0323513 0.0262539 0.0213419 0.0178285 0.0158316 0.0153165 0.0162068 0.018309 0.0213845 0.0252028 0.0294507 0.0339002 0.038304 0.0424504 0.0462292 0.0494986 0.052228 0.0543894 0.0559532 0.056965 0.0573976 
0 0.00540952 0.0109005 0.0165775 0.022483 0.0286846 0.0351855 0.0419503 0.0489112 0.055911 0.062773 0.0692534 0.0750892 0.0800112 0.0837529 0.0860864 0.0868272 0.0858722 0.0831961 0.0788985 0.0731702 0.0663031 0.0586543 0.0505957 0.0425205 0.0347795 0.0277054 0.0215608 0.0165479 0.0127706 0.0102436 0.00892298 0.00866528 0.00932848 0.0107005 0.0125602 0.0147137 0.0169558 0.0191305 0.0211262 0.0228496 0.0242615 0.0253914 0.0262291 0.0268172 0.0271895 0.0273745 0.0274441 0.0274429 0.0273762 0.0272486 0.0270959 0.0269264 0.0267627 0.0265866 0.0264052 0.026219 0.0260444 0.0258755 0.0256875 0.0254951 0.0253314 0.0251802 0.0249877 0.0247993 0.0246388 0.0244955 0.0243227 0.024148 0.0239903 0.0238591 0.0237104 0.0235544 0.0234175 0.0233004 0.0231742 0.023044 0.0229349 0.0228353 0.0227348 0.0226312 0.0225514 0.0224735 0.0223979 0.0223225 0.0222718 0.0222145 0.0221649 0.0221194 0.0220929 0.0220571 0.0220357 0.0220166 0.0220119 0.0220006 0.0220057 0.0220104 0.022029 0.0220428 0.0220724 0.0221014 0.0221446 0.0221826 0.0222374 0.0222928 0.0223607 0.0224233 0.0225064 0.0225895 0.0226819 0.0227727 0.0228881 0.0229984 0.0231175 0.0232431 0.0233916 0.0235299 0.023682 0.0238468 0.0240281 0.0242001 0.0243892 0.0245958 0.0248143 0.0250245 0.0252511 0.0255054 0.0257648 0.026017 0.0262845 0.0265856 0.0268908 0.0271974 0.0275049 0.0278491 0.0282124 0.0285768 0.0289344 0.0293379 0.0297596 0.0301835 0.0306262 0.0311116 0.0316178 0.0321369 0.0326919 0.0333018 0.0339674 0.0346646 0.0354233 0.0362532 0.0371916 0.0382563 0.0394505 0.0407969 0.0423736 0.0442097 0.0463382 0.0488112 0.0516223 0.0547925 0.0582943 0.0620425 0.0659249 0.0698001 0.0734579 0.0766948 0.0792759 0.0809665 0.0815901 0.0809762 0.0790428 0.0757632 0.0712133 0.0655533 0.059022 0.0519283 0.0446056 0.0374385 0.0307982 0.0250482 0.0204905 0.0173377 0.0157002 0.0155791 0.0168797 0.0194265 0.0230084 0.0273497 0.0321941 0.0372667 0.0423128 0.047146 0.0515716 0.0555007 0.0588478 0.061567 0.0636702 0.0651206 0.0659559 
0 0.00515003 0.0103835 0.0158211 0.0214941 0.0274821 0.0337791 0.0403408 0.047102 0.0538834 0.0605149 0.0667438 0.0723069 0.0769494 0.080401 0.0824562 0.0829374 0.0817536 0.0788985 0.0744714 0.0686711 0.0617783 0.0541331 0.0460913 0.0380206 0.0302523 0.0231055 0.0168276 0.0116192 0.00759889 0.00479753 0.00321004 0.00271946 0.00319895 0.00445442 0.00626507 0.00844829 0.0108035 0.0131662 0.0154038 0.0173964 0.0190868 0.0204899 0.0215925 0.0224352 0.0230403 0.023436 0.0237017 0.023868 0.0239471 0.0239577 0.023926 0.0238742 0.0238324 0.023754 0.0236511 0.0235471 0.0234506 0.0233584 0.0232497 0.0231202 0.0229996 0.0228968 0.0227719 0.0226508 0.0225259 0.0224083 0.0222899 0.0221753 0.0220507 0.0219481 0.0218409 0.0217273 0.0216275 0.0215396 0.0214433 0.0213514 0.0212752 0.0211965 0.0211273 0.0210573 0.0209979 0.020941 0.0208969 0.0208425 0.0208078 0.0207733 0.0207456 0.0207135 0.0207034 0.0206842 0.0206764 0.0206686 0.0206756 0.0206741 0.020689 0.0207004 0.0207245 0.0207445 0.0207788 0.0208085 0.0208539 0.0208934 0.0209466 0.0209991 0.0210648 0.0211227 0.0212008 0.0212762 0.0213601 0.0214434 0.0215494 0.021644 0.0217528 0.0218683 0.0219975 0.0221171 0.02226 0.0224044 0.0225599 0.0227172 0.0228901 0.0230663 0.0232609 0.0234536 0.0236564 0.0238809 0.0241094 0.0243359 0.0245873 0.0248572 0.025114 0.0253921 0.0256888 0.0260011 0.0263117 0.026634 0.0269683 0.0273472 0.0277221 0.0280937 0.0284938 0.0289338 0.0293952 0.0298744 0.030371 0.0309135 0.0315256 0.0321691 0.0328741 0.0336622 0.0345578 0.0355829 0.0367555 0.0381004 0.0397043 0.0415975 0.0438007 0.0463568 0.0492596 0.0525288 0.0561275 0.0599483 0.0638594 0.0677009 0.0712624 0.074353 0.0767395 0.078209 0.0786032 0.0777754 0.0756799 0.0723083 0.0677499 0.0621713 0.0558036 0.0489471 0.0419251 0.035097 0.0288196 0.0234384 0.0192437 0.0164559 0.0151801 0.0154387 0.0171474 0.0201364 0.0242134 0.0290926 0.0345264 0.04023 0.0459334 0.0514475 0.0565491 0.0611454 0.0651319 0.0684477 0.0711039 0.0730428 0.0743064 
