0 0 0 0 0 0 0 0 0 0 0 0 0 0 0 0 0 0 0 0 0 0 0 0 0 0 0 0 0 0 0 0 0 0 0 0 0 0 0 0 0 0 0 0 0 0 0 0 0 0 0 0 0 0 0 0 0 0 0 0 0 0 0 0 0 0 0 0 0 0 0 0 0 0 0 0 0 0 0 0 0 0 0 0 0 0 0 0 0 0 0 0 0 0 0 0 0 0 0 0 0 0 0 0 0 0 0 0 0 0 0 0 0 0 0 0 0 0 0 0 0 0 0 0 0 0 0 0 0 0 0 0 0 0 0 0 0 0 0 0 0 0 0 0 0 0 0 0 0 0 0 0 0 0 0 0 0 0 0 0 0 0 0 0 0 0 0 0 0 0 0 0 0 0 0 0 0 0 0 0 0 0 0 0 0 0 0 0 0 0 0 0 0 0 0 0 0 0 0 0 
0 -0.000485202 -0.00100181 -0.0015798 -0.002213 -0.0029095 -0.0036465 -0.00440726 -0.00517495 -0.00590504 -0.00658578 -0.00718546 -0.00769937 -0.0081396 -0.00849309 -0.00878778 -0.00902661 -0.00922928 -0.00943428 -0.00962753 -0.00983225 -0.0100363 -0.0102328 -0.0104475 -0.0106434 -0.0108303 -0.0109905 -0.0111135 -0.0112195 -0.0112798 -0.0112971 -0.011265 -0.0111884 -0.0110669 -0.0109003 -0.0106769 -0.010409 -0.0101129 -0.00977116 -0.00940314 -0.00899824 -0.00858026 -0.00814526 -0.0076976 -0.00723688 -0.00678016 -0.00634313 -0.0058967 -0.00547603 -0.00506673 -0.00468006 -0.00431122 -0.003964 -0.00363379 -0.00334433 -0.00306987 -0.00280277 -0.00258026 -0.00236538 -0.00217071 -0.00199615 -0.00185248 -0.00171167 -0.00159573 -0.00148448 -0.00139686 -0.00131813 -0.00125287 -0.00119933 -0.00114984 -0.00110909 -0.00107303 -0.00104773 -0.0010248 -0.00101442 -0.000985356 -0.00097352 -0.000963916 -0.000961127 -0.000944941 -0.000940777 -0.00092566 -0.000930379 -0.000924167 -0.000914847 -0.000905713 -0.000913923 -0.000902143 -0.000897957 -0.000897669 -0.000895934 -0.000886923 -0.000891214 -0.000886559 -0.00088229 -0.000882424 -0.000883172 -0.000876303 -0.000878799 -0.00087851 -0.000874885 -0.000874504 -0.000878178 -0.000872802 -0.000874449 -0.000876987 -0.00087533 -0.000873365 -0.000881023 -0.000876049 -0.000877378 -0.000883148 -0.000885368 -0.000877414 -0.000889899 -0.00089153 -0.000892332 -0.000891101 -0.000900568 -0.000899623 -0.000913982 -0.000908176 -0.000910497 -0.000918861 -0.000936115 -0.000928293 -0.000935766 -0.000940557 -0.00095183 -0.000953723 -0.000960989 -0.000963949 -0.000964965 -0.000961795 -0.000964309 -0.000964432 -0.000948554 -0.000938577 -0.000912441 -0.000890478 -0.000856645 -0.000814776 -0.000756014 -0.000703539 -0.000612792 -0.00051862 -0.000420455 -0.000294667 -0.000148637 1.22677e-05 0.000193358 0.000404187 0.000630248 0.000891185 0.00115797 0.00145988 0.00178775 0.00213869 0.00250226 0.00288615 0.00329269 0.0036957 0.00410841 0.00450926 0.00491171 0.00530013 0.00565888 0.00598363 0.00627992 0.00653084 0.00672665 0.00686806 0.00693275 0.00694887 0.00688014 0.00672427 0.0064884 0.00614921 0.00573535 0.00521954 0.00460481 0.00391086 0.00313531 0.00231375 0.00145457 0.000580246 -0.000261729 -0.00104289 -0.00171739 -0.0022619 -0.00266774 -0.00291716 -0.00302076 -0.0029899 -0.00286153 -0.00269621 -0.00255387 -0.00250638 -0.00260799 -0.00289811 
0 -0.00100181 -0.00206946 -0.00324303 -0.00453761 -0.00594343 -0.00742701 -0.00896127 -0.0104835 -0.0119468 -0.013287 -0.0144638 -0.0154783 -0.016311 -0.0170053 -0.0175542 -0.0180008 -0.0183981 -0.01876 -0.0191484 -0.0195258 -0.0199112 -0.0203041 -0.0206927 -0.0210881 -0.021443 -0.0217539 -0.0220075 -0.0222142 -0.0223383 -0.0223816 -0.0223231 -0.0221685 -0.0219547 -0.0216164 -0.0212033 -0.020698 -0.0201134 -0.0194775 -0.01875 -0.017965 -0.0171527 -0.0163061 -0.0154245 -0.0145434 -0.0136435 -0.0127729 -0.0119106 -0.0110494 -0.0102437 -0.00947611 -0.00874196 -0.00804273 -0.00740061 -0.00679756 -0.0062377 -0.00571744 -0.00525306 -0.00483186 -0.00444933 -0.00409697 -0.00377903 -0.00351653 -0.00326732 -0.00304631 -0.00287794 -0.0027227 -0.00255933 -0.0024502 -0.00236247 -0.00226882 -0.0021977 -0.00214749 -0.00208985 -0.00203766 -0.0020108 -0.0019954 -0.00196169 -0.00191893 -0.00191432 -0.00191247 -0.00188207 -0.00186207 -0.00186421 -0.00184682 -0.00183471 -0.00183273 -0.00181829 -0.00180621 -0.00181046 -0.00179856 -0.00178624 -0.00178907 -0.00178419 -0.00177171 -0.00177435 -0.00177216 -0.00176238 -0.00176365 -0.00176523 -0.00175629 -0.00175796 -0.00176182 -0.00175495 -0.00175553 -0.00176359 -0.00175732 -0.00175739 -0.00176822 -0.00176633 -0.00176334 -0.00177671 -0.00177697 -0.00177742 -0.00179216 -0.00179332 -0.00178775 -0.00181382 -0.00182534 -0.00181209 -0.00182234 -0.00185361 -0.00186009 -0.00185916 -0.00186928 -0.0018918 -0.00190646 -0.00191202 -0.00192888 -0.00194183 -0.00193667 -0.00195107 -0.00197441 -0.00195585 -0.00194424 -0.00194385 -0.00191718 -0.0018755 -0.00184729 -0.00178971 -0.00170613 -0.00160759 -0.0015007 -0.00136761 -0.0011997 -0.00101331 -0.000792045 -0.00053701 -0.000239104 9.43149e-05 0.00046196 0.000862065 0.00134035 0.00184558 0.00238588 0.00299718 0.00363911 0.0043246 0.00504022 0.0057816 0.00655917 0.00736189 0.00813463 0.00892163 0.00968966 0.0104145 0.0111041 0.0117048 0.0122589 0.0127276 0.0130908 0.0133337 0.0134542 0.0134457 0.0132872 0.0129679 0.0124581 0.0117979 0.0109518 0.00992927 0.00872483 0.00733644 0.00582782 0.00420047 0.00251569 0.000811335 -0.000838184 -0.0023429 -0.00364077 -0.00467023 -0.00541589 -0.00584867 -0.00598806 -0.0058559 -0.00553395 -0.00513823 -0.00478619 -0.00463288 -0.00476934 -0.00529557 
0 -0.0015798 -0.00324303 -0.00507055 -0.00705282 -0.00919688 -0.011443 -0.0137375 -0.0160214 -0.0181802 -0.0201638 -0.0218933 -0.0233548 -0.0245732 -0.0255363 -0.0263093 -0.0269185 -0.027428 -0.02793 -0.0284179 -0.0289358 -0.0294639 -0.0299911 -0.0305619 -0.0311054 -0.0316242 -0.0320781 -0.0324429 -0.0327525 -0.0329466 -0.0330214 -0.0329611 -0.0327761 -0.0324687 -0.0320292 -0.0314397 -0.0307242 -0.0299179 -0.0289938 -0.0279812 -0.0268698 -0.0257107 -0.0244988 -0.023243 -0.0219481 -0.0206513 -0.0193897 -0.0181085 -0.016874 -0.0156731 -0.0145259 -0.0134255 -0.0123809 -0.0113908 -0.0105 -0.00965897 -0.00885437 -0.00815845 -0.00750219 -0.00690407 -0.0063649 -0.00590495 -0.00547289 -0.00510032 -0.00475365 -0.00447018 -0.00421566 -0.00399552 -0.00381362 -0.00365022 -0.00350902 -0.00338683 -0.00329378 -0.00321113 -0.00315585 -0.00307299 -0.00302701 -0.00298736 -0.00296137 -0.00291792 -0.00289722 -0.00285468 -0.0028526 -0.00283427 -0.00280638 -0.00278129 -0.002791 -0.00276203 -0.00274724 -0.00274308 -0.0027342 -0.00271204 -0.00271701 -0.00270478 -0.00269234 -0.00269061 -0.00268967 -0.00267386 -0.00267722 -0.00267581 -0.00266709 -0.00266619 -0.00267333 -0.00266257 -0.00266624 -0.00267285 -0.00266992 -0.00266786 -0.00268526 -0.00267766 -0.0026822 -0.00269789 -0.00270454 -0.00269298 -0.00272249 -0.00273033 -0.00273455 -0.00274057 -0.00276541 -0.00276833 -0.00280212 -0.0028016 -0.00281285 -0.0028368 -0.00287813 -0.00287321 -0.00289491 -0.00291224 -0.00294148 -0.00295161 -0.00296725 -0.00297543 -0.00297767 -0.00296389 -0.00295797 -0.00294465 -0.00289171 -0.0028404 -0.0027555 -0.00266725 -0.00254475 -0.00239558 -0.00220593 -0.00201207 -0.00173005 -0.00142702 -0.00110084 -0.000702689 -0.000245082 0.000259891 0.00082298 0.00146248 0.00215731 0.00293357 0.00373735 0.0046267 0.00557968 0.00658431 0.00761799 0.0086927 0.00981065 0.0109177 0.0120262 0.0131019 0.0141639 0.015176 0.0161033 0.0169312 0.0176719 0.0182859 0.0187463 0.0190462 0.0191452 0.0190893 0.0188043 0.0182776 0.0175167 0.0164842 0.0152274 0.0136958 0.0118947 0.00986934 0.00763503 0.00527489 0.00282948 0.000368979 -0.00197766 -0.00411497 -0.00591889 -0.00731946 -0.00828584 -0.00877783 -0.00882521 -0.00847022 -0.00783018 -0.00708136 -0.0064102 -0.00602705 -0.00609456 -0.00674473 
0 -0.002213 -0.00453761 -0.00705282 -0.00977336 -0.0126775 -0.0157024 -0.0187784 -0.0217983 -0.0246551 -0.0272411 -0.0294793 -0.031358 -0.0328706 -0.0340685 -0.0349813 -0.0356828 -0.0362699 -0.0368068 -0.0373698 -0.0379454 -0.0385485 -0.0391804 -0.0398382 -0.0405107 -0.0411433 -0.0417117 -0.0421941 -0.0425986 -0.0428732 -0.0430057 -0.0429694 -0.0427708 -0.0424418 -0.0419193 -0.0412393 -0.0403966 -0.0394138 -0.0383117 -0.0370602 -0.035693 -0.0342543 -0.0327437 -0.0311617 -0.0295463 -0.0278975 -0.0262686 -0.0246349 -0.0230074 -0.0214416 -0.019933 -0.0184787 -0.0170836 -0.0157769 -0.0145529 -0.0134054 -0.0123322 -0.0113643 -0.0104772 -0.00966635 -0.00892405 -0.00825799 -0.00767667 -0.00714299 -0.0066658 -0.00627129 -0.00591506 -0.00557487 -0.00530969 -0.00508523 -0.0048744 -0.00469894 -0.00456075 -0.00442851 -0.0043138 -0.00422682 -0.00416537 -0.00409245 -0.00401683 -0.00397991 -0.0039531 -0.00389851 -0.00386189 -0.00384606 -0.00381141 -0.0037845 -0.00377315 -0.00374522 -0.00372186 -0.00371765 -0.00369732 -0.00367568 -0.00367243 -0.00366106 -0.00364203 -0.00364022 -0.00363386 -0.00361965 -0.0036182 -0.00361783 -0.00360629 -0.00360731 -0.00361104 -0.0036037 -0.00360529 -0.00361552 -0.00361053 -0.00361351 -0.00362904 -0.00362993 -0.00363174 -0.00365233 -0.00365871 -0.00366381 -0.00368877 -0.00369894 -0.00370257 -0.00373777 -0.00376154 -0.00375947 -0.00378628 -0.00382849 -0.00384732 -0.00386221 -0.0038922 -0.00392479 -0.00395299 -0.00397271 -0.00400235 -0.00402051 -0.00402181 -0.00403689 -0.00405269 -0.00401941 -0.00398797 -0.00395692 -0.00388477 -0.00378749 -0.00368633 -0.00354238 -0.00335154 -0.00312569 -0.00286849 -0.00256581 -0.00219255 -0.00177463 -0.00129729 -0.0007483 -0.000118776 0.00057701 0.00134137 0.00217991 0.0031276 0.00413812 0.00520706 0.00637415 0.0075974 0.00887595 0.0101873 0.0115298 0.0129075 0.0142911 0.0156267 0.0169444 0.0182149 0.0194021 0.0204956 0.0214431 0.0222806 0.0229592 0.0234439 0.023712 0.0237511 0.0235579 0.0230915 0.0223282 0.0212417 0.0198609 0.0181628 0.0161446 0.0138041 0.0111632 0.0083044 0.00527333 0.00216565 -0.000927735 -0.00386153 -0.00647692 -0.00864329 -0.0102553 -0.0112709 -0.0116535 -0.0114367 -0.0106884 -0.00957078 -0.008312 -0.00716554 -0.00641383 -0.0062634 -0.00690271 
0 -0.0029095 -0.00594343 -0.00919688 -0.0126775 -0.0163627 -0.0201738 -0.0240124 -0.0277604 -0.0312727 -0.034432 -0.0371437 -0.0393818 -0.0411601 -0.0425155 -0.0435153 -0.0442424 -0.0448096 -0.0453226 -0.0458453 -0.0464047 -0.0470069 -0.0476569 -0.0483646 -0.0490968 -0.0498116 -0.0504701 -0.0510481 -0.0515452 -0.0519138 -0.0521252 -0.052158 -0.0520149 -0.0517033 -0.0511912 -0.0504787 -0.0495788 -0.0485167 -0.0472956 -0.0459111 -0.0443833 -0.0427525 -0.0410253 -0.039207 -0.0373194 -0.0353924 -0.033462 -0.031511 -0.0295683 -0.0276659 -0.0258149 -0.0240179 -0.0222855 -0.0206405 -0.0191003 -0.0176455 -0.0162757 -0.0150266 -0.0138729 -0.0128107 -0.0118431 -0.0109776 -0.0101984 -0.00949285 -0.00885798 -0.00831118 -0.00782325 -0.00738435 -0.00701401 -0.00669118 -0.00640224 -0.00615478 -0.0059507 -0.00577251 -0.00562001 -0.00548233 -0.00537605 -0.0052813 -0.00519653 -0.005128 -0.00507207 -0.00500724 -0.00496624 -0.00493185 -0.00488631 -0.00484938 -0.00483127 -0.00479708 -0.00476836 -0.00475321 -0.00473112 -0.00470589 -0.00469636 -0.00468028 -0.00466143 -0.00465379 -0.00464529 -0.00463046 -0.00462675 -0.00462319 -0.00461381 -0.00461272 -0.00461547 -0.00460982 -0.00461268 -0.00462064 -0.00462037 -0.00462517 -0.00464061 -0.00464409 -0.0046528 -0.00467379 -0.0046854 -0.00469332 -0.00472295 -0.00474225 -0.00475579 -0.0047845 -0.00481616 -0.00483467 -0.00487096 -0.00490342 -0.00493003 -0.00496439 -0.00500776 -0.00503507 -0.00506457 -0.00509302 -0.00512449 -0.0051414 -0.00514724 -0.00515002 -0.00514085 -0.00510063 -0.0050539 -0.00499205 -0.00488587 -0.0047507 -0.00458786 -0.00438669 -0.00413293 -0.00382954 -0.0034764 -0.00306811 -0.00257076 -0.00201308 -0.0013914 -0.000677303 0.000130262 0.00101847 0.0019917 0.00305953 0.00422649 0.00547307 0.00678023 0.00817578 0.00963785 0.0111452 0.0126765 0.0142309 0.0158017 0.0173494 0.0188454 0.0202876 0.0216649 0.0229415 0.0240851 0.0250692 0.0259015 0.0265429 0.0269551 0.0271137 0.0270018 0.0266198 0.0259197 0.0248724 0.0234657 0.0217017 0.0195842 0.0170963 0.0142429 0.0110697 0.00764732 0.00406358 0.000417481 -0.00316731 -0.00651287 -0.00944042 -0.0117811 -0.013419 -0.014294 -0.0143745 -0.0137034 -0.0123793 -0.0106078 -0.00866883 -0.00688617 -0.00560005 -0.00508202 -0.00555646 
0 -0.0036465 -0.00742701 -0.011443 -0.0157024 -0.0201738 -0.0247644 -0.0293485 -0.0337929 -0.0379237 -0.0416088 -0.0447432 -0.0472854 -0.0492657 -0.0507155 -0.0517335 -0.0524183 -0.0528974 -0.0533103 -0.0537176 -0.0541809 -0.0547054 -0.055302 -0.0559881 -0.0567206 -0.0574693 -0.0581859 -0.058846 -0.0594331 -0.0599082 -0.0602261 -0.0603684 -0.0603329 -0.0601023 -0.0596746 -0.0590186 -0.0581585 -0.0571144 -0.055875 -0.0544559 -0.0528654 -0.0511371 -0.0492858 -0.0473219 -0.0452538 -0.0431301 -0.0409668 -0.0387636 -0.0365576 -0.0343652 -0.032213 -0.0301067 -0.0280624 -0.0260957 -0.0242362 -0.0224666 -0.0207937 -0.0192468 -0.0178112 -0.0164803 -0.0152614 -0.0141626 -0.0131582 -0.0122544 -0.011441 -0.0107207 -0.0100768 -0.00950919 -0.00900897 -0.00857125 -0.00818837 -0.0078534 -0.00756586 -0.00731941 -0.00710909 -0.00691897 -0.0067624 -0.00662843 -0.00651561 -0.0064127 -0.00632704 -0.00624718 -0.00618753 -0.00612983 -0.00607488 -0.00602663 -0.00599282 -0.00595157 -0.00591671 -0.00588848 -0.00586204 -0.00583343 -0.00581458 -0.00579378 -0.00577465 -0.00576001 -0.005748 -0.00573377 -0.00572636 -0.00571939 -0.00571267 -0.00570965 -0.00571031 -0.00570821 -0.00571221 -0.00571801 -0.00572335 -0.00573156 -0.00574625 -0.00575559 -0.00577147 -0.0057923 -0.00581191 -0.00582905 -0.00586012 -0.00588762 -0.00591604 -0.00594677 -0.00598506 -0.00602021 -0.00606494 -0.00610123 -0.00614062 -0.00618524 -0.00623414 -0.00626593 -0.00630051 -0.00633392 -0.00636027 -0.00636962 -0.00637209 -0.0063604 -0.00632513 -0.00626837 -0.00618992 -0.00608259 -0.00593296 -0.00574855 -0.00551583 -0.00524063 -0.00490223 -0.00450067 -0.00403406 -0.00349955 -0.00286757 -0.00215555 -0.00136684 -0.000471568 0.000524692 0.00161141 0.00278918 0.00407165 0.00543993 0.00689441 0.00840965 0.00999206 0.0116366 0.013307 0.0149856 0.0166706 0.018347 0.019972 0.0215362 0.0230097 0.0243926 0.0256521 0.0267413 0.0276586 0.0283839 0.0288927 0.0291455 0.0291162 0.0287867 0.0281535 0.0271721 0.02581 0.0240677 0.0219286 0.0194152 0.0165045 0.0132099 0.00959325 0.0057185 0.00170686 -0.0023355 -0.00625072 -0.00983667 -0.0128925 -0.0152199 -0.0166927 -0.0172323 -0.0168193 -0.0155053 -0.0134262 -0.0108313 -0.00805274 -0.00548136 -0.00350932 -0.00247693 -0.00264 
0 -0.00440726 -0.00896127 -0.0137375 -0.0187784 -0.0240124 -0.0293485 -0.0346463 -0.0397239 -0.0444283 -0.0485726 -0.0520663 -0.0548646 -0.0569661 -0.0584663 -0.0594303 -0.0600085 -0.0603533 -0.0605776 -0.0608232 -0.0611118 -0.0614913 -0.0619892 -0.0625779 -0.0632756 -0.0640114 -0.0647556 -0.0654873 -0.0661578 -0.0667442 -0.0671957 -0.0674846 -0.0675945 -0.0675234 -0.0672303 -0.0667243 -0.0660001 -0.0650539 -0.063915 -0.062554 -0.0610072 -0.0592872 -0.0574165 -0.0553952 -0.0532623 -0.0510293 -0.0487122 -0.0463583 -0.0439449 -0.0415375 -0.0391441 -0.0367786 -0.0344547 -0.0322155 -0.0300405 -0.0279626 -0.0260031 -0.0241389 -0.0224119 -0.020801 -0.0193118 -0.0179328 -0.0166964 -0.0155542 -0.0145343 -0.0136166 -0.0127988 -0.0120543 -0.0114023 -0.0108358 -0.010327 -0.00988405 -0.0094996 -0.00916365 -0.00885469 -0.00861782 -0.00840322 -0.00821263 -0.00803369 -0.00790689 -0.0077853 -0.00768574 -0.00757907 -0.00750534 -0.00743463 -0.00737718 -0.00730984 -0.00726705 -0.007219 -0.0071809 -0.00714034 -0.0071123 -0.0070777 -0.00705536 -0.00703031 -0.0070114 -0.00699139 -0.00698072 -0.00696573 -0.00695816 -0.00695104 -0.00694926 -0.00694482 -0.00695007 -0.00695248 -0.00696075 -0.00696875 -0.00698522 -0.00699601 -0.00701959 -0.00703827 -0.00706373 -0.00708788 -0.007129 -0.00715484 -0.00719312 -0.00723064 -0.00728684 -0.00732595 -0.00737414 -0.00741452 -0.00748653 -0.00753598 -0.00758009 -0.00761825 -0.00768248 -0.00771383 -0.00774356 -0.00775992 -0.00776622 -0.00774347 -0.00771502 -0.00766109 -0.00756606 -0.00743829 -0.00727681 -0.00707572 -0.00680856 -0.00651038 -0.00613185 -0.00568346 -0.00515909 -0.00456974 -0.00386758 -0.00309417 -0.00221427 -0.00122595 -0.000146107 0.00104355 0.00233271 0.00370974 0.0051715 0.00673773 0.00834855 0.0100325 0.0117573 0.0135116 0.0152748 0.0170284 0.0187565 0.0204404 0.0220681 0.0235821 0.0250031 0.0262879 0.0274155 0.0283652 0.0291084 0.0296367 0.0299282 0.0299467 0.0296586 0.0290736 0.0281399 0.0268573 0.0251885 0.0231053 0.0206475 0.0177725 0.0145101 0.0108739 0.00690045 0.00271399 -0.00160196 -0.00588825 -0.00996327 -0.0136265 -0.0166219 -0.0187623 -0.0198906 -0.0199171 -0.0188431 -0.0167238 -0.0137408 -0.0101828 -0.00643463 -0.0029495 -0.000171842 0.00149878 0.00176937 
0 -0.00517495 -0.0104835 -0.0160214 -0.0217983 -0.0277604 -0.0337929 -0.0397239 -0.0453851 -0.0505628 -0.0551029 -0.05889 -0.0618567 -0.0640539 -0.0655167 -0.0663923 -0.0668199 -0.0669512 -0.0669753 -0.0669677 -0.0670475 -0.0672402 -0.0675703 -0.0680581 -0.0686622 -0.0693671 -0.0701222 -0.0709002 -0.0716478 -0.0723513 -0.0729402 -0.0734025 -0.0737173 -0.0738223 -0.0737598 -0.0734538 -0.0729338 -0.0721982 -0.0712205 -0.0700393 -0.0686449 -0.0670435 -0.0652572 -0.0633097 -0.0611875 -0.058959 -0.0566054 -0.0541668 -0.0516783 -0.0491329 -0.0465702 -0.0440074 -0.0414772 -0.0389773 -0.036555 -0.034208 -0.0319567 -0.0298043 -0.0277742 -0.0258576 -0.0240792 -0.0224427 -0.0209126 -0.0195254 -0.0182648 -0.0171053 -0.0160623 -0.0151568 -0.0143195 -0.013573 -0.0129206 -0.0123424 -0.0118237 -0.0113838 -0.0110016 -0.0106551 -0.0103418 -0.0100902 -0.00988864 -0.00968405 -0.00950061 -0.00936554 -0.00924785 -0.00912576 -0.00903211 -0.00894535 -0.00886706 -0.0088024 -0.00874537 -0.0086813 -0.00863887 -0.00859753 -0.00855516 -0.00851897 -0.00849572 -0.00846349 -0.0084425 -0.00842592 -0.00841087 -0.00839551 -0.00839419 -0.00838673 -0.0083856 -0.00839068 -0.00839963 -0.00840351 -0.00842427 -0.00844186 -0.00845975 -0.00848582 -0.00852249 -0.00854843 -0.00858938 -0.00863178 -0.00867417 -0.00872734 -0.00878969 -0.0088288 -0.00888906 -0.00897079 -0.00903216 -0.0090747 -0.00914274 -0.00921555 -0.00927057 -0.00930772 -0.00934087 -0.00937265 -0.00937651 -0.00936313 -0.00933543 -0.00926597 -0.0091482 -0.00902916 -0.00885218 -0.00861411 -0.00833133 -0.00799019 -0.0075566 -0.00706898 -0.00649993 -0.00583436 -0.00507288 -0.00421037 -0.0032461 -0.00217066 -0.00100225 0.000280143 0.00165635 0.0031316 0.00469126 0.00634152 0.00803055 0.00978352 0.0115743 0.0133636 0.0151774 0.016961 0.0187085 0.020404 0.0220193 0.0235203 0.024926 0.0261693 0.0272627 0.0281894 0.0288893 0.0294003 0.0296535 0.029659 0.0293883 0.0288148 0.0279294 0.0267101 0.025135 0.0231726 0.020832 0.0180737 0.0149364 0.0114012 0.00750192 0.00331817 -0.00108947 -0.00555052 -0.00993598 -0.0140254 -0.0175834 -0.0203758 -0.0221613 -0.0227966 -0.0221728 -0.0202973 -0.0172567 -0.0132627 -0.00864829 -0.00384761 0.000628471 0.00429125 0.00667804 0.00747004 
0 -0.00590504 -0.0119468 -0.0181802 -0.0246551 -0.0312727 -0.0379237 -0.0444283 -0.0505628 -0.0561561 -0.0609985 -0.0649951 -0.0680845 -0.0702744 -0.0716766 -0.0723956 -0.0726252 -0.0725404 -0.0722923 -0.072044 -0.0718683 -0.0718411 -0.0719999 -0.0723238 -0.0728291 -0.0734684 -0.074212 -0.0750309 -0.0758536 -0.0766631 -0.0774071 -0.0780538 -0.0785685 -0.0789185 -0.0790885 -0.0790635 -0.0788307 -0.0783619 -0.0776687 -0.0767438 -0.0755967 -0.0742195 -0.0726346 -0.0708491 -0.0688933 -0.066773 -0.0644814 -0.0620938 -0.0595894 -0.057008 -0.0543727 -0.0517044 -0.0490295 -0.0463766 -0.0437303 -0.0411471 -0.0386604 -0.0362315 -0.0339245 -0.0317331 -0.0296674 -0.0277149 -0.0259101 -0.0242371 -0.0227143 -0.0213046 -0.020031 -0.0188772 -0.0178282 -0.0168979 -0.0160672 -0.0153284 -0.0146679 -0.0140844 -0.0135569 -0.0131262 -0.0127297 -0.0123828 -0.012074 -0.0118183 -0.0115856 -0.0114055 -0.0112158 -0.0110608 -0.0109387 -0.0108306 -0.0107079 -0.010629 -0.0105504 -0.0104732 -0.0104083 -0.0103607 -0.0103001 -0.0102591 -0.0102238 -0.0101873 -0.0101556 -0.0101398 -0.0101164 -0.0101017 -0.0100966 -0.0100923 -0.0100873 -0.0100999 -0.0101079 -0.0101193 -0.0101423 -0.010171 -0.0101906 -0.0102343 -0.0102745 -0.010312 -0.0103628 -0.0104335 -0.0104752 -0.0105407 -0.0106175 -0.0106931 -0.0107553 -0.0108409 -0.0109039 -0.0109919 -0.0110673 -0.0111244 -0.0111638 -0.0112313 -0.011257 -0.0112671 -0.0112482 -0.0112113 -0.0111369 -0.0110323 -0.0108796 -0.0106841 -0.0104215 -0.0100925 -0.00971508 -0.00924781 -0.00870422 -0.00805824 -0.00732036 -0.00647914 -0.00554085 -0.00447118 -0.00332953 -0.0020615 -0.000672752 0.000794892 0.00235263 0.00399912 0.00570749 0.00746806 0.00927515 0.011091 0.0129405 0.0147562 0.0165377 0.0182695 0.0199331 0.0215033 0.0229563 0.0242886 0.0254706 0.0264921 0.0273198 0.02795 0.0283686 0.0285671 0.0285137 0.0282109 0.0276391 0.0267746 0.0256194 0.024119 0.0222871 0.0200956 0.0175199 0.014577 0.0112364 0.00753392 0.00350409 -0.000808658 -0.00527655 -0.00978138 -0.0141309 -0.0180892 -0.0214309 -0.0238674 -0.0251876 -0.0252103 -0.0238287 -0.0210709 -0.0170281 -0.0119718 -0.00626136 -0.000380219 0.00510891 0.00967884 0.0128131 0.0141662 
0 -0.00658578 -0.013287 -0.0201638 -0.0272411 -0.034432 -0.0416088 -0.0485726 -0.0551029 -0.0609985 -0.0660688 -0.0702048 -0.07334 -0.075502 -0.0767809 -0.0773254 -0.0773311 -0.0769802 -0.076459 -0.0759136 -0.0754676 -0.0752019 -0.0751544 -0.0753256 -0.0757077 -0.076278 -0.077004 -0.0778466 -0.0787335 -0.0796488 -0.0805386 -0.0813778 -0.0821237 -0.0827178 -0.0831741 -0.0834488 -0.0835341 -0.0834002 -0.0830349 -0.0824561 -0.081653 -0.0806049 -0.0793245 -0.0778305 -0.0761264 -0.0742331 -0.0721346 -0.0698938 -0.0675178 -0.0650112 -0.0624009 -0.0597155 -0.0569931 -0.0542377 -0.0514693 -0.0487298 -0.0460469 -0.0433994 -0.04084 -0.0383762 -0.0360335 -0.0338084 -0.0317036 -0.0297463 -0.0279359 -0.0262403 -0.0246927 -0.0233055 -0.0220223 -0.0208619 -0.0198249 -0.0188982 -0.0180606 -0.0173249 -0.016672 -0.0160991 -0.0155712 -0.0151258 -0.0147489 -0.0143993 -0.0140824 -0.0138371 -0.0136081 -0.0133981 -0.0132318 -0.0130817 -0.0129353 -0.0128256 -0.0127259 -0.0126225 -0.0125444 -0.0124787 -0.0124077 -0.0123512 -0.0123096 -0.0122622 -0.0122265 -0.0122022 -0.0121777 -0.0121578 -0.0121537 -0.0121465 -0.0121458 -0.0121579 -0.012172 -0.0121857 -0.0122186 -0.0122513 -0.012282 -0.0123319 -0.012388 -0.0124345 -0.0125007 -0.0125773 -0.0126399 -0.0127218 -0.0128143 -0.0128861 -0.0129688 -0.0130769 -0.0131505 -0.0132176 -0.0132998 -0.01337 -0.0134075 -0.0134423 -0.0134489 -0.0134348 -0.0133823 -0.0133046 -0.0131839 -0.0130046 -0.0127634 -0.0124916 -0.0121323 -0.0116841 -0.0111721 -0.0105635 -0.00984059 -0.00902504 -0.00811035 -0.00707694 -0.00592871 -0.00465884 -0.00330532 -0.00183673 -0.000268035 0.00137513 0.00308195 0.0048627 0.00668841 0.00854134 0.0103889 0.0122318 0.0140647 0.015825 0.0175234 0.0191352 0.0206484 0.0220318 0.0232596 0.024328 0.0252411 0.0259577 0.0264707 0.0267843 0.0268784 0.0267676 0.0264002 0.0257925 0.0249386 0.0238186 0.022424 0.020715 0.0186942 0.016342 0.0136408 0.0105709 0.00713433 0.00335003 -0.000733882 -0.00505381 -0.00950697 -0.0139319 -0.0181363 -0.0218628 -0.024862 -0.0268598 -0.0276172 -0.0269548 -0.0247647 -0.0210792 -0.0160253 -0.00990186 -0.00311301 0.00381879 0.0102927 0.0157362 0.0196006 0.0215084 
0 -0.00718546 -0.0144638 -0.0218933 -0.0294793 -0.0371437 -0.0447432 -0.0520663 -0.05889 -0.0649951 -0.0702048 -0.0744027 -0.0775235 -0.0796016 -0.0807215 -0.0810616 -0.0808231 -0.0801988 -0.0793936 -0.0785511 -0.0778275 -0.0773128 -0.0770478 -0.0770473 -0.0772911 -0.0777761 -0.0784704 -0.0793265 -0.080275 -0.0812888 -0.082323 -0.0833483 -0.0843178 -0.0851651 -0.0859105 -0.086508 -0.086943 -0.0871824 -0.0871989 -0.0870193 -0.0866191 -0.0859744 -0.0850857 -0.083977 -0.0826395 -0.0810836 -0.0792938 -0.0773133 -0.0751688 -0.0728464 -0.0703771 -0.0677902 -0.0651271 -0.0623774 -0.0595733 -0.0567547 -0.0539497 -0.0511556 -0.0484083 -0.045733 -0.0431492 -0.0406656 -0.0382795 -0.0360441 -0.0339484 -0.0319733 -0.0301441 -0.0284845 -0.0269421 -0.0255359 -0.0242739 -0.0231371 -0.0221034 -0.0211794 -0.0203656 -0.0196415 -0.0189848 -0.0184125 -0.0179248 -0.0174727 -0.017077 -0.0167502 -0.0164551 -0.0161816 -0.0159664 -0.0157697 -0.0155887 -0.0154401 -0.0153139 -0.0151862 -0.0150879 -0.0150009 -0.014918 -0.0148466 -0.014794 -0.0147375 -0.0146957 -0.014663 -0.0146361 -0.0146131 -0.014607 -0.0145991 -0.0146018 -0.0146142 -0.0146332 -0.0146525 -0.0146921 -0.0147306 -0.0147741 -0.0148317 -0.0148989 -0.0149574 -0.0150397 -0.0151249 -0.0152031 -0.0152945 -0.0154021 -0.0154831 -0.0155754 -0.0156803 -0.0157622 -0.0158262 -0.0159031 -0.0159527 -0.015972 -0.0159765 -0.0159561 -0.015893 -0.0157839 -0.0156366 -0.01544 -0.0151696 -0.014826 -0.0144316 -0.0139311 -0.0133292 -0.0126478 -0.0118645 -0.0109437 -0.00992401 -0.00879411 -0.00754483 -0.006175 -0.00470377 -0.00314767 -0.00149211 0.000247999 0.00204467 0.00387449 0.00574907 0.0076381 0.0095204 0.0113559 0.0131651 0.0149194 0.0165669 0.0181099 0.0195318 0.0208229 0.0219519 0.0229003 0.0236673 0.0242729 0.0246644 0.0248487 0.0248356 0.0246164 0.0242087 0.0235638 0.0227011 0.0216227 0.0203138 0.0187486 0.0169013 0.0147646 0.0123274 0.00957436 0.00646461 0.00301665 -0.000756896 -0.00480068 -0.0090414 -0.0133869 -0.0176511 -0.021629 -0.0250495 -0.0276433 -0.0291442 -0.0292995 -0.0279247 -0.0249174 -0.0203167 -0.0142855 -0.00714903 0.000649291 0.00855257 0.0159314 0.0221742 0.0267102 0.0291334 
0 -0.00769937 -0.0154783 -0.0233548 -0.031358 -0.0393818 -0.0472854 -0.0548646 -0.0618567 -0.0680845 -0.07334 -0.0775235 -0.0805878 -0.0825212 -0.0834743 -0.0835855 -0.0830883 -0.0822008 -0.0810867 -0.0799643 -0.078952 -0.0781811 -0.077706 -0.0775153 -0.0776253 -0.0780132 -0.0786617 -0.0795157 -0.0805153 -0.0816046 -0.0827753 -0.0839744 -0.0851418 -0.0862555 -0.0872614 -0.0881842 -0.0889688 -0.0895738 -0.0900024 -0.0902426 -0.0902845 -0.0900962 -0.0896728 -0.0890077 -0.0881358 -0.0870045 -0.085624 -0.0840335 -0.0822261 -0.0802146 -0.0780088 -0.0756436 -0.0731387 -0.0705266 -0.0677868 -0.0649925 -0.0621699 -0.0593108 -0.05645 -0.0536363 -0.0508765 -0.0481683 -0.0455642 -0.0430696 -0.0407027 -0.0384555 -0.0363618 -0.0344055 -0.0326006 -0.0309391 -0.0294261 -0.0280503 -0.0268087 -0.0256818 -0.0246699 -0.02378 -0.0229808 -0.0222682 -0.0216337 -0.0210799 -0.0205906 -0.020172 -0.0197846 -0.0194532 -0.019172 -0.0189279 -0.0186957 -0.0185116 -0.0183463 -0.0182002 -0.0180692 -0.0179657 -0.0178631 -0.0177827 -0.0177104 -0.0176514 -0.0175968 -0.0175612 -0.0175257 -0.0175057 -0.017491 -0.0174887 -0.0174889 -0.0175071 -0.0175247 -0.0175568 -0.0175952 -0.0176453 -0.017695 -0.017767 -0.0178354 -0.0179122 -0.0179986 -0.0180998 -0.0181831 -0.0182834 -0.0183866 -0.0184878 -0.0185735 -0.0186634 -0.0187316 -0.0188007 -0.0188455 -0.0188558 -0.0188358 -0.0188056 -0.0187221 -0.0185822 -0.0183971 -0.0181554 -0.0178389 -0.0174428 -0.016972 -0.0163991 -0.0157245 -0.0149365 -0.0140501 -0.013037 -0.0119099 -0.0106505 -0.00928871 -0.00781692 -0.0062312 -0.00454919 -0.00280912 -0.000989733 0.000905465 0.00280563 0.0047251 0.00665027 0.00855796 0.0104061 0.0121958 0.0138958 0.0155097 0.0169915 0.0183093 0.0194952 0.0205161 0.0213485 0.0219806 0.022438 0.0227008 0.0227797 0.0226476 0.022323 0.0218468 0.0211731 0.020315 0.0192618 0.0180257 0.0165994 0.0149479 0.0130389 0.0108745 0.0084459 0.00570722 0.00265917 -0.00073646 -0.00442114 -0.00834551 -0.0124611 -0.0166164 -0.0206763 -0.0243715 -0.0274367 -0.0296072 -0.0305795 -0.0301405 -0.0280698 -0.0242825 -0.0188338 -0.0119002 -0.00385304 0.00484585 0.0136044 0.0217696 0.028706 0.033821 0.0366927 
0 -0.0081396 -0.016311 -0.0245732 -0.0328706 -0.0411601 -0.0492657 -0.0569661 -0.0640539 -0.0702744 -0.075502 -0.0796016 -0.0825212 -0.0843096 -0.0850377 -0.0849292 -0.0841793 -0.0830063 -0.0816324 -0.0802078 -0.0789325 -0.0779139 -0.0772082 -0.0768453 -0.0767999 -0.077082 -0.0776681 -0.0784987 -0.0795131 -0.080671 -0.0819351 -0.0832751 -0.0846369 -0.0859528 -0.0872325 -0.0884398 -0.0895451 -0.0905228 -0.0913362 -0.0920018 -0.0924989 -0.092788 -0.0928479 -0.0927047 -0.0923198 -0.0916946 -0.0908228 -0.0896914 -0.0883499 -0.0867631 -0.0849372 -0.0829094 -0.0807105 -0.078318 -0.0757904 -0.0731453 -0.0703995 -0.0675911 -0.0647247 -0.0618464 -0.0589823 -0.0561628 -0.0533747 -0.0506866 -0.0480908 -0.0456012 -0.0432304 -0.0410281 -0.0389588 -0.0370214 -0.0352477 -0.0336271 -0.0321382 -0.0307908 -0.0296 -0.0285023 -0.0275154 -0.0266451 -0.025897 -0.0252024 -0.0245916 -0.0240549 -0.0236045 -0.023187 -0.0228311 -0.0225136 -0.0222505 -0.0220091 -0.0218099 -0.0216254 -0.0214761 -0.0213398 -0.0212287 -0.0211244 -0.0210448 -0.0209704 -0.0209148 -0.0208644 -0.0208317 -0.0208032 -0.0207913 -0.0207828 -0.0207917 -0.0208039 -0.0208311 -0.0208625 -0.0209118 -0.0209602 -0.0210261 -0.0210939 -0.0211774 -0.0212583 -0.0213552 -0.0214418 -0.0215462 -0.0216441 -0.0217425 -0.021814 -0.0219046 -0.0219774 -0.022028 -0.0220301 -0.0220407 -0.022017 -0.021945 -0.0218069 -0.0216469 -0.0214142 -0.0211095 -0.0207348 -0.0202788 -0.019705 -0.0190357 -0.0182778 -0.0173861 -0.0163691 -0.0152346 -0.0139869 -0.0125884 -0.0110984 -0.00950306 -0.00780169 -0.00599677 -0.00414114 -0.00221482 -0.000251813 0.00172873 0.00371984 0.00567473 0.00759878 0.00947423 0.0112563 0.0129097 0.0144718 0.0158796 0.0171241 0.0182 0.0190951 0.019817 0.0203383 0.0206534 0.0207816 0.0207497 0.020519 0.0201151 0.0195536 0.0188431 0.0179962 0.0169797 0.0158078 0.0144955 0.0130255 0.0113574 0.0094771 0.00736034 0.00500051 0.00237458 -0.000580812 -0.00383535 -0.0073774 -0.0111508 -0.0150588 -0.0190224 -0.0228167 -0.0262098 -0.028923 -0.0306445 -0.0311355 -0.0301139 -0.0274043 -0.0229199 -0.0167012 -0.00899957 -0.000160651 0.00929138 0.0187532 0.02757 0.0350556 0.0406464 0.0438767 
0 -0.00849309 -0.0170053 -0.0255363 -0.0340685 -0.0425155 -0.0507155 -0.0584663 -0.0655167 -0.0716766 -0.0767809 -0.0807215 -0.0834743 -0.0850377 -0.085556 -0.0851966 -0.0841858 -0.0827649 -0.0811049 -0.0794313 -0.077894 -0.0766311 -0.0757162 -0.0751531 -0.0749526 -0.075109 -0.075604 -0.0763798 -0.0773942 -0.0785665 -0.0799039 -0.0813439 -0.0828259 -0.084342 -0.0858148 -0.0872855 -0.0886875 -0.089989 -0.0911846 -0.0922495 -0.0931733 -0.0939241 -0.0944861 -0.094839 -0.0950057 -0.0949189 -0.0945964 -0.0940214 -0.0931987 -0.0921222 -0.0907884 -0.0892253 -0.0874232 -0.0854218 -0.0832032 -0.0808165 -0.0782829 -0.0756356 -0.0728718 -0.0700639 -0.0672083 -0.0643212 -0.0614639 -0.0586409 -0.0558787 -0.053206 -0.0506415 -0.0481693 -0.0458507 -0.0436663 -0.0416397 -0.0397566 -0.0380362 -0.0364504 -0.0350123 -0.0337138 -0.0325681 -0.0315237 -0.0305757 -0.0297505 -0.0290328 -0.0283836 -0.0278064 -0.0273104 -0.0268728 -0.0264977 -0.0261642 -0.0258761 -0.0256257 -0.0254193 -0.0252282 -0.0250727 -0.0249352 -0.0248236 -0.0247205 -0.0246447 -0.0245731 -0.0245238 -0.0244788 -0.0244555 -0.024433 -0.024432 -0.0244334 -0.0244538 -0.0244751 -0.0245184 -0.0245599 -0.0246193 -0.0246829 -0.0247607 -0.0248325 -0.0249236 -0.0250113 -0.025103 -0.0251872 -0.0252716 -0.0253446 -0.0254199 -0.0254621 -0.0254743 -0.025481 -0.0254652 -0.0253873 -0.025259 -0.0250981 -0.0248774 -0.0245878 -0.0242058 -0.0237495 -0.0231915 -0.0225327 -0.0217587 -0.0208828 -0.0198493 -0.0187034 -0.0174309 -0.0160307 -0.0145049 -0.0128767 -0.0111193 -0.00927696 -0.00736368 -0.00537041 -0.00334613 -0.00129405 0.000767609 0.00283101 0.00483624 0.00679275 0.00865934 0.0104335 0.0120672 0.0135672 0.0149094 0.0160781 0.0170697 0.0178423 0.0184438 0.0188495 0.0190589 0.0190754 0.0189345 0.0186188 0.0181598 0.0175409 0.0167812 0.0159393 0.0149541 0.0138705 0.0126609 0.0113391 0.00990172 0.00829119 0.00649229 0.00448627 0.00225913 -0.00023606 -0.00301664 -0.00611531 -0.00947264 -0.0130464 -0.0167667 -0.0204827 -0.0240349 -0.027123 -0.029479 -0.0308085 -0.0308221 -0.0292932 -0.0260081 -0.0209066 -0.0140532 -0.00569413 0.0037695 0.0138187 0.0238234 0.0331147 0.0410153 0.0469387 0.0504327 
0 -0.00878778 -0.0175542 -0.0263093 -0.0349813 -0.0435153 -0.0517335 -0.0594303 -0.0663923 -0.0723956 -0.0773254 -0.0810616 -0.0835855 -0.0849292 -0.0851966 -0.0845955 -0.083329 -0.0816376 -0.0797191 -0.0777729 -0.075982 -0.0744753 -0.0733349 -0.0725807 -0.0722168 -0.0722382 -0.0726253 -0.0733233 -0.0742847 -0.0754509 -0.0768004 -0.07829 -0.079867 -0.0815041 -0.0831526 -0.0848196 -0.0864541 -0.0880364 -0.0895507 -0.0909694 -0.0922914 -0.0934769 -0.0945047 -0.0953667 -0.0960406 -0.0964987 -0.0967484 -0.0967464 -0.0965082 -0.0960152 -0.0952446 -0.0942215 -0.0929314 -0.0913893 -0.0896171 -0.0876249 -0.0854221 -0.0830565 -0.0805236 -0.077874 -0.0751272 -0.0723179 -0.0694769 -0.0666187 -0.0637731 -0.0609792 -0.0582484 -0.0556056 -0.0530873 -0.0506754 -0.0484061 -0.0462806 -0.0443088 -0.0424954 -0.0408459 -0.0393215 -0.0379552 -0.0367256 -0.0356265 -0.0346484 -0.0337778 -0.0329912 -0.0323202 -0.0317311 -0.0311986 -0.0307392 -0.0303523 -0.0300058 -0.0297078 -0.0294581 -0.0292386 -0.0290523 -0.028897 -0.0287645 -0.0286509 -0.0285612 -0.0284851 -0.0284265 -0.0283801 -0.02835 -0.028329 -0.0283231 -0.0283265 -0.0283428 -0.028367 -0.0284058 -0.0284495 -0.0285035 -0.0285668 -0.0286341 -0.0287037 -0.0287831 -0.0288541 -0.0289179 -0.0289904 -0.0290442 -0.0290695 -0.0290878 -0.029089 -0.0290426 -0.0289678 -0.0288423 -0.0286668 -0.0284429 -0.0281511 -0.027756 -0.0272962 -0.0267381 -0.0260731 -0.025292 -0.0243906 -0.0233477 -0.0221892 -0.0208878 -0.0194601 -0.017904 -0.0162157 -0.0144144 -0.0125189 -0.0105329 -0.00847983 -0.00637328 -0.0042216 -0.00207198 8.3397e-05 0.00219684 0.00424915 0.00622739 0.00810648 0.00985432 0.0114764 0.0129225 0.0141921 0.0152851 0.0161691 0.0168652 0.0173578 0.0176587 0.0177766 0.0177111 0.0174677 0.0170846 0.0165572 0.01591 0.0151486 0.0142873 0.0133593 0.0123394 0.0112446 0.0100617 0.00880073 0.00744497 0.0059509 0.00429532 0.0024494 0.000388966 -0.0019279 -0.00453983 -0.00745629 -0.0106362 -0.0140356 -0.0175548 -0.0210694 -0.0243719 -0.0271813 -0.0292199 -0.0301685 -0.029777 -0.0277819 -0.0240043 -0.0183911 -0.0110065 -0.00214648 0.00780132 0.0182775 0.0286504 0.0382576 0.0464019 0.0525303 0.0561732 
0 -0.00902661 -0.0180008 -0.0269185 -0.0356828 -0.0442424 -0.0524183 -0.0600085 -0.0668199 -0.0726252 -0.0773311 -0.0808231 -0.0830883 -0.0841793 -0.0841858 -0.083329 -0.0818001 -0.0798379 -0.0776573 -0.0754456 -0.0734006 -0.0716443 -0.0702677 -0.0693027 -0.0687537 -0.0686184 -0.0688705 -0.0694647 -0.07035 -0.0714772 -0.0728074 -0.0743006 -0.0759154 -0.0776194 -0.0793799 -0.0811839 -0.0829959 -0.0847998 -0.0865755 -0.0882892 -0.0899372 -0.0914904 -0.0929269 -0.0942409 -0.0953914 -0.0963678 -0.0971652 -0.09773 -0.0980694 -0.0981648 -0.0979972 -0.0975732 -0.0968694 -0.0958876 -0.0946536 -0.0931519 -0.0913946 -0.0894287 -0.0872538 -0.0849034 -0.0823909 -0.0797598 -0.0770414 -0.0742521 -0.0714245 -0.0686128 -0.0658129 -0.0630543 -0.0603811 -0.0577987 -0.055336 -0.0529998 -0.0508041 -0.0487616 -0.046876 -0.0451312 -0.0435663 -0.0421389 -0.0408426 -0.0396935 -0.0386801 -0.0377564 -0.0369587 -0.036258 -0.0356324 -0.0350899 -0.0346324 -0.0342204 -0.0338701 -0.0335761 -0.0333223 -0.0331035 -0.0329249 -0.0327729 -0.0326468 -0.0325432 -0.0324603 -0.0323949 -0.0323445 -0.0323085 -0.0322872 -0.0322767 -0.0322775 -0.03229 -0.0323121 -0.0323428 -0.0323811 -0.0324258 -0.0324786 -0.0325279 -0.0325794 -0.0326338 -0.0326767 -0.032702 -0.0327296 -0.0327276 -0.0326958 -0.0326454 -0.0325581 -0.0324071 -0.0322321 -0.0319915 -0.0316678 -0.031276 -0.0308112 -0.0302242 -0.0295467 -0.0287512 -0.0278236 -0.0267629 -0.0255745 -0.0242426 -0.0227769 -0.0211623 -0.0194246 -0.0175761 -0.0156039 -0.0135424 -0.0114081 -0.00920487 -0.0069562 -0.00469528 -0.00243503 -0.00021404 0.00197363 0.00407779 0.00607122 0.00795686 0.00969581 0.011258 0.0126526 0.0138525 0.0148546 0.0156649 0.0162553 0.0166564 0.0168656 0.0168812 0.0167325 0.0164271 0.0159795 0.0154169 0.0147431 0.0139813 0.0131458 0.0122476 0.0113057 0.0103169 0.00928537 0.00820249 0.00706292 0.00584357 0.00450558 0.00301822 0.00134667 -0.000545791 -0.0026935 -0.00514347 -0.00789463 -0.0109171 -0.014164 -0.0175182 -0.0208572 -0.0239458 -0.0265129 -0.028271 -0.0288921 -0.0281397 -0.0257439 -0.0215502 -0.0155179 -0.00772765 0.00150108 0.0117733 0.0225126 0.0330879 0.0428427 0.0510887 0.0572912 0.0609897 
0 -0.00922928 -0.0183981 -0.027428 -0.0362699 -0.0448096 -0.0528974 -0.0603533 -0.0669512 -0.0725404 -0.0769802 -0.0801988 -0.0822008 -0.0830063 -0.0827649 -0.0816376 -0.0798379 -0.0776076 -0.0751374 -0.0726596 -0.0703387 -0.0683161 -0.0666918 -0.0654979 -0.0647527 -0.0644485 -0.064548 -0.0650081 -0.0657984 -0.0668394 -0.0681206 -0.0695788 -0.0711732 -0.072911 -0.0747111 -0.0765898 -0.0785044 -0.0804405 -0.082395 -0.0843271 -0.0862217 -0.0880685 -0.0898573 -0.0915357 -0.09311 -0.0945365 -0.0958194 -0.0969211 -0.0978105 -0.0984801 -0.0989178 -0.0991097 -0.0990028 -0.0986438 -0.0980037 -0.0970784 -0.0958702 -0.0944081 -0.0926886 -0.0907498 -0.0885939 -0.086249 -0.0837853 -0.0811774 -0.0784735 -0.0757281 -0.0729671 -0.0701729 -0.0674318 -0.06475 -0.0621491 -0.0596322 -0.0572543 -0.055017 -0.0529075 -0.0509471 -0.0491751 -0.0475474 -0.0460426 -0.0447193 -0.0435403 -0.0424722 -0.0415253 -0.0407128 -0.0399788 -0.0393496 -0.0388005 -0.0383281 -0.0379124 -0.0375742 -0.0372722 -0.0370262 -0.0368124 -0.0366458 -0.0364972 -0.0363852 -0.0362865 -0.0362208 -0.0361577 -0.0361217 -0.0360916 -0.0360816 -0.0360699 -0.0360824 -0.0360907 -0.036115 -0.0361335 -0.0361675 -0.0361905 -0.0362195 -0.0362316 -0.0362497 -0.0362368 -0.0362164 -0.0361682 -0.0360909 -0.0359653 -0.0358268 -0.035614 -0.0353332 -0.035007 -0.0346154 -0.0340967 -0.0334978 -0.0328088 -0.0319833 -0.0310242 -0.0299435 -0.028723 -0.0273422 -0.025825 -0.0241714 -0.022385 -0.0204393 -0.018408 -0.0162728 -0.014032 -0.0117201 -0.0093938 -0.00700825 -0.00462296 -0.00227325 3.45933e-05 0.00227154 0.00441403 0.00642815 0.00829657 0.0099942 0.0115333 0.0128541 0.0139767 0.0148934 0.0156141 0.0161109 0.0164092 0.0165347 0.0164718 0.0162566 0.0158838 0.0153911 0.0147931 0.0141092 0.0133357 0.0125309 0.0116857 0.0108088 0.00993471 0.00902031 0.00811362 0.00717223 0.00617993 0.00512742 0.00396021 0.00265132 0.00115591 -0.000573904 -0.00258147 -0.00488527 -0.00751678 -0.0104234 -0.0135538 -0.0168059 -0.019992 -0.0229198 -0.0252802 -0.0267891 -0.0271488 -0.0260704 -0.0233535 -0.0188214 -0.0124602 -0.00439455 0.00509048 0.0155349 0.0263954 0.03703 0.0467772 0.0550078 0.0611611 0.0648358 
