0 0 0 0 0 0 0 0 0 0 0 0 0 0 0 0 0 0 0 0 0 0 0 0 0 0 0 0 0 0 0 0 0 0 0 0 0 0 0 0 0 0 0 0 0 0 0 0 0 0 0 0 0 0 0 0 0 0 0 0 0 0 0 0 0 0 0 0 0 0 0 0 0 0 0 0 0 0 0 0 0 0 0 0 0 0 0 0 0 0 0 0 0 0 0 0 0 0 0 0 0 0 0 0 0 0 0 0 0 0 0 0 0 0 0 0 0 0 0 0 0 0 0 0 0 0 0 0 0 0 0 0 0 0 0 0 0 0 0 0 0 0 0 0 0 0 0 0 0 0 0 0 0 0 0 0 0 0 0 0 0 0 0 0 0 0 0 0 0 0 0 0 0 0 0 0 0 0 0 0 0 0 0 0 0 0 0 0 0 0 0 0 0 0 0 0 0 0 0 0 
0 0.00107361 0.0020929 0.00297931 0.00371532 0.00425581 0.00459292 0.00474502 0.0047063 0.0045322 0.00425254 0.0039141 0.00358912 0.00329663 0.00308787 0.00297003 0.00292834 0.00297464 0.00306653 0.00319369 0.00332956 0.00342769 0.00348129 0.00346659 0.00338429 0.00324629 0.00304982 0.00279355 0.00249498 0.00215382 0.00178762 0.0014125 0.00100541 0.000593042 0.000168091 -0.000254481 -0.000668635 -0.00108675 -0.00150159 -0.00191585 -0.00230098 -0.0026848 -0.00304807 -0.00339887 -0.00373668 -0.00404352 -0.0043379 -0.00462375 -0.00489076 -0.00511951 -0.00535087 -0.00555066 -0.00574618 -0.00592854 -0.00608338 -0.00623026 -0.00637196 -0.00649384 -0.0065931 -0.00670726 -0.00680103 -0.00688856 -0.00695243 -0.00702743 -0.0070912 -0.00714849 -0.00719845 -0.00725003 -0.0072845 -0.00731675 -0.0073618 -0.00738922 -0.00741325 -0.00742917 -0.00745537 -0.00747151 -0.00749184 -0.00748853 -0.00750617 -0.00751571 -0.00752074 -0.00751388 -0.00752832 -0.00752347 -0.00752192 -0.00751938 -0.0075224 -0.0075123 -0.00751201 -0.00750712 -0.0075037 -0.00749688 -0.00749437 -0.007489 -0.00748593 -0.0074805 -0.00747791 -0.00747555 -0.00747232 -0.00746946 -0.00746982 -0.00746825 -0.00746702 -0.00746783 -0.00746928 -0.00746897 -0.00747125 -0.00747217 -0.00747588 -0.00747614 -0.00747871 -0.00748016 -0.00748537 -0.0074801 -0.00748558 -0.00748602 -0.00748402 -0.00747555 -0.00748521 -0.00747289 -0.00746485 -0.00745645 -0.0074562 -0.00743309 -0.00742427 -0.00740046 -0.00738616 -0.00736389 -0.00734009 -0.0072983 -0.00727257 -0.00723823 -0.0071968 -0.0071497 -0.00709498 -0.00703989 -0.00698033 -0.00691928 -0.00683785 -0.00675641 -0.00665956 -0.00657471 -0.0064584 -0.00633791 -0.00621366 -0.00607391 -0.0059041 -0.00573913 -0.00556194 -0.00535538 -0.00514398 -0.00489706 -0.00464394 -0.00437295 -0.00408096 -0.0037561 -0.0034271 -0.00307335 -0.00269269 -0.00229359 -0.0018676 -0.00143714 -0.000984058 -0.000517423 -1.95023e-05 0.000481513 0.000992734 0.00152294 0.0020568 0.00261633 0.00317766 0.00374589 0.00433498 0.00494743 0.0055845 0.00625298 0.00693767 0.0076428 0.00837603 0.00909975 0.009814 0.0104682 0.0110264 0.0114802 0.0117747 0.0119153 0.0118804 0.0116623 0.0113044 0.0108153 0.0102577 0.00967588 0.00909525 0.00857148 0.00810442 0.00772051 0.0074301 0.00721663 0.00710083 0.00705879 
0 0.0020929 0.00404524 0.00578719 0.00718311 0.00822091 0.00886339 0.00910394 0.00902115 0.00862606 0.00804666 0.00736681 0.00667927 0.00610905 0.0056721 0.00543118 0.00535968 0.00543534 0.00563371 0.00588947 0.00616732 0.00638296 0.00651442 0.00650744 0.00638172 0.00614121 0.00576527 0.00530734 0.00472026 0.00407694 0.00339187 0.00265446 0.00190532 0.00110955 0.000297197 -0.000506304 -0.00130289 -0.0021119 -0.00289516 -0.00367784 -0.00442795 -0.00512921 -0.00584507 -0.00651806 -0.00715844 -0.00775841 -0.00832167 -0.00885648 -0.0093667 -0.00983119 -0.0102555 -0.01067 -0.0110486 -0.0113882 -0.011686 -0.0119877 -0.0122593 -0.0125007 -0.0127257 -0.0129228 -0.0131041 -0.0132835 -0.0134353 -0.0135659 -0.0137146 -0.0138255 -0.0139113 -0.0140143 -0.0141233 -0.0141943 -0.0142495 -0.0143116 -0.0143861 -0.0144379 -0.0144634 -0.0145059 -0.0145513 -0.01457 -0.0145889 -0.0146206 -0.0146274 -0.0146346 -0.0146527 -0.0146576 -0.0146504 -0.014659 -0.0146599 -0.0146519 -0.014648 -0.0146474 -0.014639 -0.0146327 -0.0146265 -0.0146213 -0.0146148 -0.0146078 -0.0146024 -0.0146001 -0.0145935 -0.0145893 -0.0145891 -0.0145867 -0.014583 -0.0145847 -0.0145851 -0.0145847 -0.0145854 -0.0145878 -0.0145895 -0.014591 -0.0145891 -0.0145936 -0.0145945 -0.014588 -0.0145862 -0.0145904 -0.0145755 -0.0145658 -0.0145641 -0.0145453 -0.0145192 -0.014514 -0.0144857 -0.0144399 -0.014416 -0.0143926 -0.0143321 -0.0142686 -0.0142227 -0.0141741 -0.014097 -0.0139959 -0.0139188 -0.0138417 -0.013725 -0.0135985 -0.0134924 -0.0133443 -0.0131821 -0.0130289 -0.0128573 -0.0126515 -0.0124311 -0.0121915 -0.0119379 -0.0116682 -0.0113548 -0.0110193 -0.010655 -0.0102736 -0.00983815 -0.00937263 -0.00889111 -0.00836844 -0.00778741 -0.00717522 -0.00652689 -0.00583656 -0.00513167 -0.00434609 -0.00353907 -0.00270916 -0.00182891 -0.000917635 3.11949e-05 0.0010105 0.00199977 0.0030066 0.00407217 0.00514048 0.00624782 0.0073702 0.00851009 0.00972224 0.0109655 0.0122743 0.0136213 0.0150179 0.0164546 0.0179003 0.0193109 0.0205972 0.0217257 0.0225993 0.0232018 0.0234822 0.0234025 0.023006 0.0222811 0.02134 0.0202499 0.0190926 0.0179812 0.0169348 0.0160381 0.0153006 0.0147307 0.0143565 0.0141315 0.0140806 
0 0.00297931 0.00578719 0.00822857 0.0102168 0.0116458 0.0124893 0.0127834 0.0125475 0.0119115 0.0109847 0.009909 0.00886994 0.00796018 0.00729954 0.00692178 0.00679806 0.00693269 0.0072327 0.00764581 0.00809387 0.00845717 0.00869507 0.00874824 0.00861366 0.0083151 0.00784704 0.0072155 0.00645195 0.00557377 0.00462419 0.00363475 0.00257373 0.00148366 0.000363287 -0.000752446 -0.00185233 -0.0029593 -0.00405882 -0.00515205 -0.00618195 -0.00719479 -0.00816742 -0.00910518 -0.0100055 -0.0108349 -0.0116276 -0.0123958 -0.0131164 -0.0137521 -0.0143759 -0.0149364 -0.0154767 -0.0159793 -0.016419 -0.0168383 -0.0172393 -0.0175929 -0.0178981 -0.0182209 -0.0185039 -0.0187676 -0.0189799 -0.0192058 -0.0194123 -0.0195964 -0.0197602 -0.019926 -0.020058 -0.0201772 -0.0203138 -0.0204184 -0.0205134 -0.0205875 -0.0206733 -0.0207436 -0.0208165 -0.0208408 -0.0209003 -0.0209471 -0.0209777 -0.0209858 -0.0210318 -0.0210405 -0.0210503 -0.02106 -0.021077 -0.0210683 -0.0210755 -0.0210747 -0.0210744 -0.021067 -0.0210661 -0.0210603 -0.0210572 -0.0210485 -0.021045 -0.021042 -0.0210354 -0.0210293 -0.0210297 -0.021025 -0.0210199 -0.0210192 -0.0210188 -0.0210137 -0.0210132 -0.0210102 -0.0210105 -0.0210038 -0.0210003 -0.0209947 -0.0209934 -0.020972 -0.0209692 -0.0209568 -0.020935 -0.0209023 -0.0209009 -0.0208559 -0.0208144 -0.0207757 -0.0207449 -0.0206681 -0.0206165 -0.0205383 -0.0204675 -0.0203796 -0.0202873 -0.0201605 -0.0200544 -0.0199274 -0.0197869 -0.0196323 -0.0194541 -0.0192707 -0.0190802 -0.018876 -0.0186275 -0.0183755 -0.0180925 -0.0178189 -0.0174819 -0.0171292 -0.0167638 -0.0163594 -0.0158881 -0.0154154 -0.014911 -0.0143422 -0.013745 -0.0130709 -0.0123738 -0.0116299 -0.0108253 -0.00994598 -0.00904266 -0.00807784 -0.00704729 -0.00595744 -0.00480344 -0.00362648 -0.00239032 -0.00110725 0.000250261 0.00163092 0.00304203 0.00450233 0.00599369 0.00754581 0.00912014 0.0107235 0.012388 0.0141296 0.0159505 0.0178645 0.0198409 0.0218882 0.0240105 0.0261266 0.0282041 0.0301141 0.0317584 0.0330805 0.0339607 0.0343819 0.0342936 0.0336906 0.0326665 0.0312833 0.0296987 0.0280435 0.0264123 0.0249358 0.0236448 0.0225992 0.0218248 0.0212957 0.0210373 0.0210011 
0 0.00371532 0.00718311 0.0102168 0.0126238 0.0143259 0.0152751 0.0154833 0.0150496 0.0140696 0.0127379 0.0112397 0.00977306 0.00852982 0.00760286 0.0070691 0.00690372 0.00706848 0.00749179 0.00807048 0.00870807 0.00926525 0.00967184 0.00984862 0.00980051 0.00953557 0.00904007 0.00835973 0.00747671 0.0064667 0.00536892 0.00419171 0.00296307 0.00166929 0.00034241 -0.000980548 -0.00229439 -0.00361992 -0.00492479 -0.0062192 -0.00746255 -0.00865139 -0.0098336 -0.0109657 -0.012047 -0.0130618 -0.0140248 -0.0149473 -0.0158238 -0.016629 -0.0173821 -0.0181024 -0.0187765 -0.019394 -0.0199495 -0.0204945 -0.0210027 -0.0214637 -0.0218888 -0.022286 -0.0226558 -0.0230092 -0.0233216 -0.0236127 -0.0239083 -0.0241586 -0.0243769 -0.0246041 -0.0248255 -0.0250045 -0.0251655 -0.0253217 -0.0254825 -0.0256133 -0.0257181 -0.0258307 -0.0259409 -0.0260145 -0.026091 -0.0261724 -0.0262247 -0.0262698 -0.0263281 -0.0263657 -0.0263886 -0.026423 -0.0264495 -0.0264619 -0.0264766 -0.026492 -0.0264985 -0.0265037 -0.0265072 -0.0265111 -0.0265113 -0.0265088 -0.0265071 -0.026508 -0.0265014 -0.0264967 -0.0264953 -0.0264902 -0.026481 -0.026478 -0.0264716 -0.0264623 -0.0264528 -0.0264445 -0.0264328 -0.0264186 -0.0264004 -0.026386 -0.0263653 -0.0263341 -0.0263076 -0.0262819 -0.0262343 -0.026188 -0.0261503 -0.0260867 -0.0260136 -0.0259562 -0.0258756 -0.0257673 -0.0256787 -0.0255813 -0.0254466 -0.0253015 -0.0251679 -0.0250186 -0.0248404 -0.0246334 -0.0244399 -0.0242355 -0.0239861 -0.0237204 -0.0234641 -0.0231618 -0.0228307 -0.0224988 -0.0221396 -0.0217421 -0.0213082 -0.0208468 -0.0203637 -0.0198463 -0.0192638 -0.0186496 -0.0179942 -0.0172943 -0.0165247 -0.0156993 -0.0148391 -0.0139164 -0.0129094 -0.0118375 -0.0107124 -0.00952154 -0.00827726 -0.00692922 -0.0055264 -0.00407768 -0.00255282 -0.000963102 0.000699183 0.0024122 0.00415989 0.00595766 0.00783787 0.00976317 0.0117502 0.0137841 0.0158848 0.0181082 0.0204301 0.0228786 0.0254261 0.0280791 0.0308211 0.0335847 0.0362829 0.0387673 0.040932 0.0426413 0.0438141 0.0443735 0.044266 0.0435278 0.0422055 0.0404559 0.0384361 0.0363132 0.0342602 0.0323746 0.0307665 0.0294788 0.0285327 0.0279443 0.0276772 0.0277275 
0 0.00425581 0.00822091 0.0116458 0.0143259 0.0161444 0.0170528 0.0170767 0.0163174 0.0149243 0.0131135 0.0111231 0.00919974 0.00755972 0.00634234 0.00562382 0.00539184 0.00559645 0.00614563 0.00691789 0.00778152 0.00858182 0.00921204 0.00959337 0.0097088 0.0095666 0.00916473 0.008528 0.00767135 0.00665182 0.00551965 0.0042971 0.0029992 0.0016317 0.000224753 -0.00118669 -0.00259423 -0.00400971 -0.00542102 -0.00681714 -0.00816631 -0.0094709 -0.0107525 -0.0119916 -0.0131785 -0.0143002 -0.0153716 -0.0164059 -0.0173865 -0.0182958 -0.0191532 -0.0199701 -0.0207446 -0.0214655 -0.0221278 -0.0227642 -0.0233674 -0.0239211 -0.0244351 -0.0249273 -0.0253932 -0.0258277 -0.0262215 -0.0265978 -0.0269652 -0.0272958 -0.0275976 -0.0278926 -0.0281685 -0.028415 -0.0286477 -0.0288665 -0.0290722 -0.0292531 -0.0294176 -0.0295801 -0.0297289 -0.029847 -0.029966 -0.030083 -0.0301735 -0.030253 -0.0303393 -0.0304074 -0.030461 -0.0305175 -0.0305673 -0.0306032 -0.0306374 -0.0306692 -0.0306934 -0.0307125 -0.0307289 -0.0307433 -0.0307532 -0.0307584 -0.0307631 -0.0307673 -0.0307646 -0.030761 -0.0307589 -0.0307516 -0.0307399 -0.0307306 -0.0307178 -0.0306999 -0.0306807 -0.0306603 -0.0306353 -0.0306053 -0.0305718 -0.0305373 -0.0304955 -0.0304437 -0.0303936 -0.0303383 -0.0302651 -0.0301896 -0.0301171 -0.0300205 -0.0299124 -0.0298109 -0.029692 -0.0295467 -0.0294046 -0.029252 -0.0290747 -0.028883 -0.0286845 -0.0284664 -0.0282288 -0.0279697 -0.0277028 -0.0274163 -0.0270942 -0.0267556 -0.0264124 -0.0260326 -0.025617 -0.025186 -0.0247315 -0.0242442 -0.0237149 -0.0231547 -0.02257 -0.0219402 -0.0212502 -0.0205273 -0.0197644 -0.0189459 -0.0180597 -0.0171109 -0.0161167 -0.015061 -0.013921 -0.0127073 -0.0114347 -0.0100922 -0.00867331 -0.0071584 -0.00557415 -0.00393329 -0.00221609 -0.000416563 0.00146603 0.00341008 0.00540575 0.00746887 0.00961766 0.0118394 0.0141329 0.0164977 0.0189659 0.0215783 0.0243381 0.0272554 0.030313 0.0335101 0.0368196 0.0401638 0.0434283 0.0464494 0.0490792 0.0511709 0.0526077 0.0533009 0.0531977 0.0523223 0.0507611 0.0486805 0.0462816 0.043772 0.0413428 0.0391381 0.0372691 0.0358003 0.0347588 0.0341447 0.0339358 0.0341074 
0 0.00459292 0.00886339 0.0124893 0.0152751 0.0170528 0.017778 0.0174976 0.0163005 0.0144064 0.01204 0.00949232 0.00706318 0.00497642 0.00343156 0.00249511 0.00217167 0.0024058 0.0030785 0.00405888 0.00517683 0.00626916 0.00718996 0.00786393 0.00824283 0.00833031 0.00814055 0.00766281 0.00696189 0.00606103 0.00502222 0.00388942 0.00265028 0.00134397 -1.32194e-05 -0.00138977 -0.00277296 -0.00416003 -0.00556273 -0.00694695 -0.00829191 -0.00961783 -0.0109022 -0.0121644 -0.0133788 -0.0145351 -0.0156472 -0.0167284 -0.0177569 -0.0187217 -0.0196488 -0.0205247 -0.0213665 -0.0221597 -0.0229059 -0.0236113 -0.0242943 -0.0249314 -0.0255217 -0.0260983 -0.026647 -0.0271565 -0.0276295 -0.0280931 -0.0285242 -0.0289312 -0.0293142 -0.0296793 -0.0300129 -0.0303293 -0.0306328 -0.0309149 -0.0311722 -0.0314094 -0.03164 -0.0318522 -0.0320466 -0.032218 -0.0323878 -0.0325413 -0.0326802 -0.032801 -0.0329224 -0.0330259 -0.03312 -0.0332032 -0.0332836 -0.0333485 -0.0334094 -0.0334618 -0.0335097 -0.033547 -0.0335817 -0.0336096 -0.0336331 -0.033649 -0.033663 -0.0336714 -0.0336749 -0.0336733 -0.03367 -0.0336602 -0.0336462 -0.0336282 -0.0336073 -0.0335786 -0.0335469 -0.03351 -0.0334686 -0.0334178 -0.0333649 -0.033304 -0.0332364 -0.0331576 -0.0330782 -0.0329848 -0.0328823 -0.0327693 -0.0326543 -0.0325173 -0.032372 -0.0322148 -0.0320507 -0.0318627 -0.0316645 -0.0314479 -0.0312222 -0.0309765 -0.0307116 -0.030423 -0.0301225 -0.0298055 -0.0294616 -0.0290944 -0.028704 -0.0282949 -0.0278581 -0.0274038 -0.0269096 -0.0263884 -0.0258436 -0.0252753 -0.0246549 -0.0240067 -0.0233336 -0.022609 -0.0218336 -0.0210225 -0.0201739 -0.0192589 -0.0182931 -0.0172601 -0.0161759 -0.0150318 -0.0138115 -0.012509 -0.0111485 -0.00972152 -0.00819653 -0.00659885 -0.00491347 -0.00316198 -0.00133619 0.000584646 0.00259626 0.0046744 0.00682226 0.00905871 0.0113758 0.0138058 0.0163154 0.0189268 0.0216841 0.024601 0.0277203 0.0310283 0.0345246 0.0381972 0.0420096 0.0458692 0.0496382 0.0531424 0.0561855 0.0586249 0.0602954 0.0611077 0.061013 0.060014 0.058252 0.0558832 0.0531571 0.0503184 0.0475634 0.0450971 0.0430155 0.0414112 0.0403215 0.0397222 0.0396181 0.0399518 
0 0.00474502 0.00910394 0.0127834 0.0154833 0.0170767 0.0174976 0.0167688 0.0150658 0.0125655 0.00957794 0.00642944 0.00341854 0.000864912 -0.00106332 -0.00225375 -0.00268572 -0.00245565 -0.0016567 -0.000466098 0.000925255 0.00234726 0.0036249 0.00465796 0.0054014 0.00582693 0.00593979 0.00576822 0.00532106 0.00467235 0.00386778 0.00292532 0.00189751 0.000769837 -0.000413869 -0.00163129 -0.00287263 -0.00413397 -0.00540662 -0.00666765 -0.00793063 -0.00915016 -0.0103721 -0.0115724 -0.0127289 -0.0138584 -0.0149504 -0.0160026 -0.0170199 -0.0180146 -0.0189396 -0.0198606 -0.0207335 -0.0215573 -0.0223533 -0.0231217 -0.0238519 -0.0245505 -0.0252306 -0.0258537 -0.0264653 -0.0270413 -0.0276069 -0.0281231 -0.0286313 -0.0291057 -0.0295508 -0.0299714 -0.0303939 -0.0307816 -0.031122 -0.0314657 -0.0317936 -0.0321035 -0.0323725 -0.0326414 -0.0328831 -0.0331298 -0.0333324 -0.0335355 -0.0337165 -0.0338987 -0.0340439 -0.0341976 -0.0343254 -0.034451 -0.0345553 -0.0346618 -0.0347451 -0.0348294 -0.0348971 -0.0349618 -0.0350129 -0.035061 -0.035096 -0.0351289 -0.0351505 -0.0351665 -0.0351752 -0.0351788 -0.0351715 -0.0351615 -0.0351429 -0.0351173 -0.0350838 -0.0350465 -0.0349967 -0.0349444 -0.0348799 -0.0348109 -0.034729 -0.0346449 -0.0345413 -0.0344401 -0.0343173 -0.0341919 -0.0340473 -0.033905 -0.0337275 -0.0335577 -0.0333638 -0.033165 -0.0329296 -0.0327017 -0.032443 -0.0321867 -0.0318846 -0.0315726 -0.0312481 -0.0309222 -0.0305384 -0.0301395 -0.0297363 -0.0293074 -0.0288457 -0.0283579 -0.0278551 -0.027308 -0.0267481 -0.0261554 -0.0255477 -0.0248751 -0.0241937 -0.0234728 -0.0227161 -0.0219227 -0.021098 -0.0202108 -0.0192856 -0.0183299 -0.0172907 -0.016224 -0.0150962 -0.0139044 -0.0126381 -0.011316 -0.00991037 -0.00844677 -0.00690958 -0.00527101 -0.00357004 -0.00178043 8.73842e-05 0.00205421 0.00410068 0.00624022 0.00845758 0.0107622 0.0131949 0.0157229 0.0183798 0.0211715 0.0241234 0.0272895 0.0306853 0.0343135 0.0381832 0.0422682 0.0465079 0.0508248 0.0550273 0.0589381 0.0623576 0.0650656 0.066945 0.0678458 0.0677252 0.0666342 0.0646562 0.0620423 0.059024 0.055869 0.0528524 0.0501296 0.0478825 0.0461772 0.045044 0.0445111 0.0445063 0.0450331 
0 0.0047063 0.00902115 0.0125475 0.0150496 0.0163174 0.0163005 0.0150658 0.0127321 0.00958998 0.00592568 0.00211151 -0.00148377 -0.00457776 -0.00691101 -0.00839232 -0.00898525 -0.00876474 -0.00786799 -0.00646884 -0.00479059 -0.00301502 -0.00135322 0.000109457 0.0012708 0.00210701 0.00264341 0.0028393 0.00279541 0.00250646 0.00203166 0.00142928 0.000686026 -0.000139763 -0.00103738 -0.00199079 -0.00298718 -0.00399801 -0.00505882 -0.00611659 -0.00718125 -0.00826546 -0.00931379 -0.010373 -0.0114093 -0.0124342 -0.013439 -0.0144319 -0.0153937 -0.0163323 -0.0172527 -0.0181373 -0.0190025 -0.0198441 -0.0206774 -0.0214543 -0.0222207 -0.0229596 -0.0236649 -0.024356 -0.0250285 -0.0256535 -0.0262607 -0.0268554 -0.0273982 -0.0279388 -0.0284637 -0.028951 -0.0293949 -0.0298402 -0.0302712 -0.0306797 -0.0310379 -0.0313903 -0.0317433 -0.0320627 -0.0323495 -0.0326377 -0.032905 -0.0331437 -0.0333815 -0.0335984 -0.0337918 -0.0339779 -0.034157 -0.0343074 -0.0344531 -0.0345861 -0.0347073 -0.0348115 -0.0349108 -0.0349932 -0.0350716 -0.0351317 -0.0351863 -0.0352302 -0.0352662 -0.0352841 -0.0353039 -0.0353078 -0.0353014 -0.035286 -0.035268 -0.0352289 -0.035188 -0.0351357 -0.0350742 -0.0349976 -0.0349182 -0.0348212 -0.0347194 -0.0345998 -0.0344725 -0.0343332 -0.034183 -0.0340094 -0.0338365 -0.0336442 -0.033431 -0.0332098 -0.0329777 -0.0327109 -0.0324431 -0.0321674 -0.0318472 -0.03151 -0.0311807 -0.0308257 -0.0304236 -0.0300082 -0.0295841 -0.0291522 -0.0286662 -0.0281545 -0.0276371 -0.0270997 -0.0265087 -0.0259205 -0.025297 -0.0246258 -0.023939 -0.0232341 -0.0224877 -0.021712 -0.0209062 -0.0200482 -0.0191744 -0.0182565 -0.017307 -0.0163012 -0.0152632 -0.01417 -0.0130199 -0.0118223 -0.010572 -0.0092537 -0.00786908 -0.00642764 -0.00488061 -0.00328934 -0.00160278 0.000166954 0.00200439 0.00394828 0.00598246 0.0081064 0.0103328 0.0126745 0.015111 0.0177075 0.0204277 0.0233214 0.0264384 0.0297713 0.0334053 0.037304 0.0414891 0.0459256 0.0505394 0.0552249 0.0597916 0.0640479 0.0677415 0.0706909 0.0726932 0.0736339 0.0734728 0.0722185 0.0700544 0.067167 0.0638593 0.0604288 0.0571165 0.0541846 0.0517546 0.0499425 0.0487934 0.0482786 0.0484033 0.0490989 
0 0.0045322 0.00862606 0.0119115 0.0140696 0.0149243 0.0144064 0.0125655 0.00958998 0.00574052 0.00137444 -0.00311278 -0.00734732 -0.0109777 -0.0137635 -0.01557 -0.0163503 -0.0161937 -0.0152286 -0.013655 -0.0117111 -0.00959208 -0.00751363 -0.00560462 -0.00395995 -0.00264178 -0.00164498 -0.00096865 -0.000571713 -0.000414318 -0.000457618 -0.000664711 -0.000999238 -0.00143937 -0.00196425 -0.00256561 -0.00322913 -0.00393624 -0.00468387 -0.00544838 -0.00625927 -0.00708272 -0.00791918 -0.00877565 -0.00962758 -0.0104999 -0.011372 -0.012226 -0.013079 -0.0139508 -0.0147967 -0.0156471 -0.0164745 -0.0172833 -0.018099 -0.0188859 -0.0196505 -0.0204069 -0.0211546 -0.0218585 -0.0225461 -0.0232068 -0.0238732 -0.0244973 -0.0250896 -0.025671 -0.0262312 -0.0267558 -0.0272737 -0.0277723 -0.0282269 -0.0286742 -0.0290965 -0.0295109 -0.029895 -0.0302537 -0.030587 -0.0309376 -0.0312375 -0.0315174 -0.031794 -0.0320634 -0.0322855 -0.032514 -0.032725 -0.0329162 -0.0330874 -0.0332567 -0.0334023 -0.0335378 -0.0336562 -0.0337655 -0.0338612 -0.0339412 -0.0340072 -0.0340689 -0.034112 -0.0341383 -0.0341626 -0.0341725 -0.0341616 -0.0341466 -0.034123 -0.0340771 -0.0340226 -0.0339623 -0.0338821 -0.0337895 -0.0336875 -0.0335726 -0.0334408 -0.0332982 -0.033138 -0.032973 -0.0327819 -0.0325786 -0.0323661 -0.032141 -0.0318747 -0.0316201 -0.0313455 -0.0310388 -0.0307086 -0.0303922 -0.030029 -0.0296545 -0.0292565 -0.0288417 -0.0284009 -0.0279563 -0.0274646 -0.0269593 -0.0264335 -0.0258821 -0.0253142 -0.0247183 -0.0240821 -0.0234268 -0.0227649 -0.0220604 -0.0213348 -0.0205654 -0.0197879 -0.0189767 -0.0181273 -0.0172513 -0.0163667 -0.0154209 -0.0144418 -0.0134403 -0.0123904 -0.0113192 -0.0101904 -0.00900754 -0.00778358 -0.00651206 -0.00516247 -0.00376444 -0.00229428 -0.000756693 0.000853162 0.00256246 0.0043496 0.00623147 0.00820031 0.0102765 0.0124649 0.0147725 0.0172162 0.0198118 0.0225834 0.0255659 0.0287865 0.0322798 0.0360913 0.0402163 0.044673 0.0494074 0.0543314 0.0593289 0.0641832 0.0686906 0.0725998 0.0756733 0.0777391 0.0786485 0.0783644 0.0769422 0.0745192 0.0713543 0.0677348 0.0639746 0.0603794 0.0571682 0.0545385 0.0525878 0.0513574 0.050866 0.0510554 0.0519105 
0 0.00425254 0.00804666 0.0109847 0.0127379 0.0131135 0.01204 0.00957794 0.00592568 0.00137444 -0.00369519 -0.00886415 -0.0137285 -0.0179231 -0.0211825 -0.02335 -0.0243704 -0.0243191 -0.0233359 -0.0216336 -0.0194586 -0.0170268 -0.0145604 -0.0122075 -0.0100871 -0.00827397 -0.00677482 -0.00559185 -0.00468307 -0.00402156 -0.0035786 -0.00331455 -0.00319468 -0.00318643 -0.003273 -0.00345501 -0.00371864 -0.00404201 -0.0044229 -0.00484612 -0.00533804 -0.00587379 -0.00643483 -0.00702935 -0.0076486 -0.00831424 -0.0090045 -0.00969958 -0.0104111 -0.0111558 -0.0119026 -0.0126585 -0.0134088 -0.0141675 -0.0149473 -0.0157015 -0.0164405 -0.0171805 -0.0179197 -0.0186345 -0.0193342 -0.0200094 -0.0206887 -0.0213357 -0.0219481 -0.0225597 -0.0231591 -0.0237175 -0.0242525 -0.0247799 -0.0252848 -0.0257712 -0.0262178 -0.0266603 -0.0270888 -0.0274847 -0.0278514 -0.0282304 -0.0285685 -0.0288812 -0.0291924 -0.0294904 -0.0297463 -0.030002 -0.0302445 -0.030462 -0.0306607 -0.0308525 -0.0310245 -0.0311803 -0.031319 -0.0314458 -0.0315602 -0.0316527 -0.0317319 -0.0318043 -0.0318565 -0.0318875 -0.0319176 -0.0319293 -0.0319179 -0.0319 -0.0318738 -0.0318197 -0.0317565 -0.0316856 -0.0315934 -0.0314835 -0.0313662 -0.031232 -0.0310795 -0.0309123 -0.0307307 -0.0305375 -0.0303199 -0.0300862 -0.0298454 -0.0295854 -0.0292902 -0.0289996 -0.0286896 -0.0283439 -0.0279849 -0.0276305 -0.0272249 -0.0268053 -0.0263813 -0.0259337 -0.0254435 -0.024948 -0.0244304 -0.0238968 -0.0233252 -0.0227287 -0.0221259 -0.0214975 -0.0208259 -0.0201443 -0.0194504 -0.0187104 -0.0179513 -0.0171688 -0.0163754 -0.0155487 -0.0146832 -0.013794 -0.0129041 -0.0119674 -0.0109974 -0.0100073 -0.00898528 -0.0079362 -0.00683432 -0.00569138 -0.00452185 -0.00331044 -0.0020268 -0.000689639 0.00071316 0.0021709 0.00370318 0.00533293 0.00704094 0.00884074 0.0107342 0.0127457 0.014888 0.0171619 0.0195789 0.0221702 0.0249658 0.02801 0.0313317 0.0349594 0.038941 0.0432768 0.0479725 0.0529646 0.0581458 0.063378 0.0684431 0.0731178 0.0771402 0.0802605 0.082287 0.0830776 0.0825977 0.0809132 0.0781831 0.0746712 0.0706843 0.0665548 0.062604 0.0590783 0.0561819 0.0540271 0.0526628 0.0521039 0.0523045 0.0532429 
0 0.0039141 0.00736681 0.009909 0.0112397 0.0111231 0.00949232 0.00642944 0.00211151 -0.00311278 -0.00886415 -0.0146999 -0.0201781 -0.0249467 -0.0286956 -0.0312593 -0.0325739 -0.0326883 -0.0317602 -0.0300029 -0.0276657 -0.0249813 -0.0221772 -0.0194105 -0.0168373 -0.0145398 -0.0125355 -0.0108508 -0.00941789 -0.00824143 -0.00729411 -0.00652413 -0.00591975 -0.00542345 -0.00503491 -0.00475902 -0.00458767 -0.00448525 -0.00445923 -0.00449935 -0.00461586 -0.00482506 -0.00506719 -0.00536708 -0.00572541 -0.00615019 -0.00661942 -0.00712141 -0.00765922 -0.00823885 -0.00886935 -0.00950092 -0.0101485 -0.0108228 -0.0115302 -0.0122183 -0.0129107 -0.0136142 -0.0143133 -0.0150115 -0.0156883 -0.0163554 -0.0170195 -0.0176771 -0.0182855 -0.018899 -0.0195049 -0.0200832 -0.0206221 -0.0211596 -0.0216891 -0.022189 -0.0226522 -0.0231091 -0.0235656 -0.0239762 -0.0243696 -0.024759 -0.025129 -0.0254585 -0.0257952 -0.0261061 -0.0263943 -0.0266625 -0.0269301 -0.027163 -0.0273862 -0.0275893 -0.0277841 -0.0279516 -0.0281081 -0.0282453 -0.0283749 -0.0284751 -0.0285664 -0.0286439 -0.0287041 -0.0287386 -0.0287726 -0.0287838 -0.0287744 -0.0287525 -0.0287236 -0.0286634 -0.0285948 -0.0285129 -0.0284133 -0.0282889 -0.0281611 -0.0280098 -0.027844 -0.0276556 -0.0274613 -0.0272422 -0.0270087 -0.0267503 -0.0264918 -0.0261996 -0.0258913 -0.0255701 -0.0252392 -0.0248617 -0.0244881 -0.024101 -0.0236779 -0.0232241 -0.0227835 -0.0223124 -0.0218014 -0.0212739 -0.0207451 -0.0201927 -0.0195944 -0.018983 -0.0183681 -0.0177258 -0.0170316 -0.0163479 -0.0156416 -0.0148986 -0.0141264 -0.0133544 -0.0125531 -0.0117293 -0.0108741 -0.00999659 -0.00911632 -0.00820169 -0.0072522 -0.0062738 -0.00529785 -0.0042769 -0.00321344 -0.00211672 -0.00100025 0.000161515 0.00137864 0.00265209 0.0039892 0.00535771 0.00682035 0.00837359 0.01001 0.0117368 0.0135642 0.0155146 0.0176136 0.0198645 0.0222586 0.0248678 0.0277014 0.0308182 0.0342535 0.0380103 0.0421553 0.0466832 0.0515867 0.0567949 0.0621806 0.0675767 0.0727721 0.0775222 0.0815491 0.0846164 0.0864931 0.0870655 0.0863041 0.0842664 0.0811627 0.0772279 0.0728032 0.0682363 0.0638366 0.0599143 0.0566491 0.0541883 0.0525979 0.0518662 0.0519988 0.0529358 
0 0.00358912 0.00667927 0.00886994 0.00977306 0.00919974 0.00706318 0.00341854 -0.00148377 -0.00734732 -0.0137285 -0.0201781 -0.0262687 -0.0315864 -0.0358502 -0.0388474 -0.0405041 -0.0408624 -0.04007 -0.0383431 -0.0359321 -0.0330889 -0.0300086 -0.0269196 -0.0239423 -0.0211993 -0.0187538 -0.0165586 -0.0146509 -0.0129681 -0.0115106 -0.0102634 -0.00915395 -0.0081735 -0.00730487 -0.00656056 -0.0059237 -0.00539997 -0.00493508 -0.00456684 -0.00431357 -0.00413683 -0.00405768 -0.00403778 -0.00410595 -0.0042607 -0.00449737 -0.0047652 -0.00509765 -0.00550925 -0.00595903 -0.00645605 -0.00697405 -0.00753186 -0.0081163 -0.00873538 -0.00933783 -0.0099672 -0.0106231 -0.0112629 -0.0118831 -0.0125163 -0.013163 -0.0137731 -0.0143782 -0.01497 -0.0155541 -0.0161057 -0.016663 -0.0171969 -0.0177077 -0.0181907 -0.0186741 -0.0191429 -0.0195837 -0.0199974 -0.0204024 -0.0208039 -0.0211709 -0.0215177 -0.0218526 -0.0221815 -0.0224738 -0.0227582 -0.0230236 -0.0232785 -0.0235019 -0.0237214 -0.0239166 -0.024101 -0.0242572 -0.0244098 -0.0245365 -0.0246508 -0.0247409 -0.0248273 -0.0248838 -0.0249298 -0.0249563 -0.0249732 -0.0249594 -0.0249415 -0.0249011 -0.0248462 -0.0247666 -0.0246838 -0.0245718 -0.0244483 -0.0243034 -0.0241515 -0.023968 -0.0237775 -0.0235648 -0.0233419 -0.0230866 -0.0228283 -0.0225473 -0.0222501 -0.0219221 -0.0215961 -0.0212441 -0.0208698 -0.0204715 -0.0200707 -0.0196453 -0.0191981 -0.0187274 -0.0182405 -0.0177429 -0.0172228 -0.0166776 -0.0161039 -0.0155275 -0.0149241 -0.0143077 -0.0136584 -0.0129949 -0.0122985 -0.0116081 -0.0108903 -0.0101371 -0.00936255 -0.00859354 -0.00779098 -0.0069468 -0.0061128 -0.00525596 -0.00436623 -0.00343798 -0.00251032 -0.00154943 -0.000575739 0.000446314 0.00150911 0.00258473 0.00369656 0.00487008 0.00610599 0.00736576 0.00870527 0.0101041 0.0116071 0.0132099 0.0148861 0.0166752 0.0186043 0.0206909 0.0229297 0.0253642 0.0279886 0.0308983 0.0341168 0.0376516 0.0415744 0.0458644 0.0505759 0.0556672 0.0610425 0.0665742 0.0720647 0.0772996 0.0820188 0.0859606 0.0888417 0.0904768 0.0907251 0.0895668 0.0871154 0.0835184 0.0790929 0.0741457 0.0690317 0.0641263 0.0596784 0.0559577 0.0530854 0.0511296 0.0501423 0.0500619 0.0509033 
0 0.00329663 0.00610905 0.00796018 0.00852982 0.00755972 0.00497642 0.000864912 -0.00457776 -0.0109777 -0.0179231 -0.0249467 -0.0315864 -0.0374594 -0.0422349 -0.0456993 -0.0477622 -0.0484382 -0.0478698 -0.0462772 -0.0438935 -0.0409775 -0.0377489 -0.0344017 -0.0311255 -0.0280264 -0.0251702 -0.0225721 -0.0202046 -0.0180703 -0.0161606 -0.0144424 -0.012883 -0.0114461 -0.0101192 -0.00891744 -0.00784466 -0.00686533 -0.00598527 -0.00521776 -0.00455571 -0.00403139 -0.00359451 -0.00323886 -0.00300267 -0.00286938 -0.00282488 -0.00286775 -0.00298103 -0.00316301 -0.00344012 -0.0037452 -0.00409904 -0.00451786 -0.00498115 -0.00546475 -0.00596918 -0.00650066 -0.00704514 -0.00761415 -0.00817961 -0.0087544 -0.00931593 -0.00989165 -0.0104438 -0.0109922 -0.0115468 -0.01209 -0.0125874 -0.013083 -0.0135959 -0.0140752 -0.0145267 -0.0149614 -0.0154034 -0.0158168 -0.0162168 -0.0165854 -0.0169606 -0.0173045 -0.01764 -0.017949 -0.0182553 -0.0185286 -0.0188007 -0.0190456 -0.0192794 -0.0194896 -0.0196939 -0.0198697 -0.0200361 -0.020182 -0.0203139 -0.020424 -0.0205229 -0.0205996 -0.0206624 -0.0207066 -0.0207347 -0.0207437 -0.0207387 -0.0207129 -0.0206724 -0.0206138 -0.0205385 -0.0204435 -0.0203364 -0.0202058 -0.020062 -0.0198995 -0.0197221 -0.0195196 -0.0193116 -0.0190763 -0.0188286 -0.0185592 -0.0182819 -0.0179715 -0.0176612 -0.0173213 -0.0169687 -0.0165898 -0.0162159 -0.0158036 -0.0153781 -0.0149263 -0.0144853 -0.014013 -0.0135075 -0.0129788 -0.0124731 -0.0119349 -0.0113512 -0.0107641 -0.0101736 -0.00955445 -0.00890877 -0.008265 -0.0075883 -0.00689158 -0.00616841 -0.00545359 -0.00470673 -0.0039374 -0.00314167 -0.00232922 -0.00149945 -0.00065799 0.000224227 0.00113739 0.00204356 0.00300605 0.0040067 0.00502762 0.00607754 0.00717245 0.00831292 0.00952963 0.0107926 0.0120979 0.0135028 0.0149947 0.016583 0.0182693 0.0200694 0.022019 0.0241415 0.0264346 0.0289102 0.0316254 0.034624 0.0379527 0.0416438 0.0457032 0.0501673 0.0550447 0.0602807 0.0657855 0.0713894 0.0768898 0.082072 0.0866632 0.0903897 0.0929978 0.0942603 0.0940782 0.0924442 0.0894456 0.0853099 0.0802866 0.0747303 0.0690135 0.0634628 0.058432 0.0541238 0.0507175 0.0483109 0.0469011 0.0465338 0.0471504 
0 0.00308787 0.0056721 0.00729954 0.00760286 0.00634234 0.00343156 -0.00106332 -0.00691101 -0.0137635 -0.0211825 -0.0286956 -0.0358502 -0.0422349 -0.0475244 -0.0514817 -0.0539954 -0.0550645 -0.0548215 -0.0534637 -0.0512255 -0.0483651 -0.0450773 -0.0416067 -0.0381149 -0.0347429 -0.031592 -0.0286394 -0.0259287 -0.0234228 -0.0211238 -0.0190229 -0.0170558 -0.0152128 -0.0134791 -0.0118682 -0.0103765 -0.00900462 -0.00771604 -0.00655124 -0.00551048 -0.00459318 -0.00380738 -0.00311826 -0.00256757 -0.00212753 -0.00180609 -0.0015713 -0.00143014 -0.00138973 -0.0014385 -0.00155359 -0.00173182 -0.00197541 -0.00225426 -0.00260432 -0.00297101 -0.00337871 -0.0038219 -0.00427895 -0.00473326 -0.00522068 -0.00571342 -0.00620453 -0.00670708 -0.0071918 -0.00767709 -0.00815344 -0.00863686 -0.00910332 -0.00955774 -0.00998047 -0.0104252 -0.0108481 -0.0112466 -0.01163 -0.0120156 -0.0123713 -0.0127221 -0.0130558 -0.013368 -0.0136705 -0.0139617 -0.0142298 -0.0144825 -0.0147265 -0.0149462 -0.0151566 -0.0153458 -0.0155217 -0.0156789 -0.0158263 -0.0159439 -0.0160593 -0.016151 -0.0162262 -0.0162811 -0.0163334 -0.01635 -0.0163608 -0.0163541 -0.0163316 -0.0162802 -0.016231 -0.0161511 -0.0160574 -0.0159463 -0.015826 -0.0156738 -0.0155186 -0.0153394 -0.015146 -0.0149329 -0.0147086 -0.0144588 -0.014203 -0.0139239 -0.0136263 -0.013318 -0.0129929 -0.0126458 -0.0122886 -0.0119132 -0.0115125 -0.0111172 -0.0106941 -0.0102432 -0.0097833 -0.00933136 -0.00883844 -0.00833534 -0.00780732 -0.0072822 -0.0067381 -0.00617735 -0.00558595 -0.00499613 -0.00437597 -0.00374888 -0.00311409 -0.00243974 -0.00174995 -0.0010513 -0.000325695 0.000430584 0.00118262 0.00198179 0.00279844 0.00365444 0.00453007 0.00542958 0.00636147 0.00734198 0.00836164 0.00941487 0.0105199 0.0116751 0.0129085 0.0141753 0.0155264 0.0169601 0.0184961 0.020145 0.0218837 0.0237501 0.0257731 0.0279716 0.0303482 0.0329437 0.0357675 0.0389105 0.0423914 0.0462235 0.0504562 0.0550616 0.0600797 0.0654301 0.0709931 0.0766052 0.0820328 0.0870589 0.0914088 0.0948138 0.0970115 0.0978061 0.0970911 0.0948746 0.091275 0.0864912 0.0808153 0.0745773 0.0681542 0.0619097 0.0561674 0.0511901 0.0471509 0.04416 0.0422632 0.0414757 0.0417919 
0 0.00297003 0.00543118 0.00692178 0.0070691 0.00562382 0.00249511 -0.00225375 -0.00839232 -0.01557 -0.02335 -0.0312593 -0.0388474 -0.0456993 -0.0514817 -0.0559421 -0.0589477 -0.0604803 -0.060646 -0.0596283 -0.0576472 -0.0549525 -0.0517444 -0.0482657 -0.0446927 -0.0411739 -0.037823 -0.0346343 -0.0316591 -0.0288706 -0.026273 -0.0238629 -0.0215777 -0.0194141 -0.0173475 -0.0153887 -0.0135378 -0.0117963 -0.0101468 -0.00862206 -0.0072222 -0.00594895 -0.0048151 -0.0037861 -0.00290482 -0.00214251 -0.00151198 -0.000999308 -0.00059234 -0.000294009 -9.20299e-05 2.52993e-05 6.03834e-05 1.13081e-05 -8.49729e-05 -0.000262535 -0.000473619 -0.000728835 -0.00102621 -0.00135421 -0.00170904 -0.0020935 -0.00247899 -0.00287427 -0.00329861 -0.00370953 -0.00413263 -0.00455168 -0.00496862 -0.00537496 -0.00578611 -0.00617683 -0.00657689 -0.00695072 -0.00730905 -0.00767297 -0.00802758 -0.00834499 -0.00866485 -0.00898189 -0.00926768 -0.00954446 -0.0098138 -0.0100656 -0.0102981 -0.0105242 -0.0107282 -0.0109264 -0.0110997 -0.0112625 -0.0114116 -0.0115486 -0.0116537 -0.0117638 -0.0118507 -0.0119151 -0.0119658 -0.0120175 -0.0120278 -0.0120337 -0.0120304 -0.0120055 -0.0119508 -0.0119056 -0.0118293 -0.0117336 -0.0116277 -0.0115149 -0.0113653 -0.0112153 -0.0110467 -0.0108613 -0.0106549 -0.0104434 -0.0102065 -0.0099626 -0.00969475 -0.00941643 -0.00912683 -0.00881707 -0.00848372 -0.00815594 -0.00780641 -0.00742429 -0.00704706 -0.0066592 -0.00624263 -0.00581462 -0.00538455 -0.00492345 -0.00446456 -0.00398444 -0.00349301 -0.00298385 -0.00246461 -0.00192187 -0.00138855 -0.000818302 -0.000229372 0.000365837 0.00098345 0.00162202 0.00227481 0.00295882 0.00367252 0.00439663 0.00516878 0.00595269 0.00677777 0.00763648 0.00853443 0.00947245 0.010463 0.0114917 0.0125725 0.0137141 0.0149148 0.0162067 0.0175495 0.0189869 0.0205124 0.0221419 0.0238872 0.0257407 0.0277282 0.0298793 0.0322081 0.0347179 0.0374543 0.0404245 0.0437185 0.0473531 0.0513445 0.0557309 0.0604788 0.0656066 0.0710176 0.0765796 0.0821103 0.0873736 0.092142 0.0961439 0.0991158 0.100801 0.101019 0.0996767 0.0967963 0.0925045 0.08701 0.0806068 0.0736259 0.066449 0.0594428 0.0529449 0.0472293 0.0424863 0.0388449 0.036367 0.0350894 0.0350193 
0 0.00292834 0.00535968 0.00679806 0.00690372 0.00539184 0.00217167 -0.00268572 -0.00898525 -0.0163503 -0.0243704 -0.0325739 -0.0405041 -0.0477622 -0.0539954 -0.0589477 -0.0624646 -0.0645136 -0.0651611 -0.0645833 -0.0629727 -0.0605537 -0.0575595 -0.0541826 -0.0506506 -0.0471045 -0.043651 -0.0403556 -0.0372193 -0.0342658 -0.0314831 -0.0288554 -0.0263478 -0.0239463 -0.0216303 -0.0193983 -0.0172727 -0.0152178 -0.0132701 -0.0114294 -0.00968818 -0.00808621 -0.00660767 -0.00525508 -0.00404755 -0.00297079 -0.00201152 -0.00120444 -0.000511357 7.31612e-05 0.000531823 0.0008985 0.00116062 0.00133752 0.00144191 0.00147745 0.00143472 0.00134151 0.00120723 0.00103087 0.000803477 0.000543457 0.000284154 -1.93347e-05 -0.000345386 -0.000669747 -0.00100007 -0.0013565 -0.00170023 -0.00204855 -0.0023943 -0.00273773 -0.00308306 -0.00341056 -0.00372486 -0.00404987 -0.00436496 -0.00464178 -0.00493097 -0.00521406 -0.00547365 -0.00571406 -0.0059623 -0.00618536 -0.00640015 -0.00659478 -0.00678669 -0.00696066 -0.00712139 -0.00725996 -0.00740408 -0.00751979 -0.00761788 -0.00771188 -0.00779742 -0.00784428 -0.00789543 -0.00793684 -0.00794779 -0.00794271 -0.00794678 -0.00791401 -0.00786448 -0.0078162 -0.00775095 -0.00765016 -0.00755721 -0.00744662 -0.00731046 -0.00716137 -0.00701349 -0.00683285 -0.00664443 -0.00644184 -0.00623065 -0.00599524 -0.005752 -0.00548992 -0.00522936 -0.00493632 -0.00463322 -0.00432809 -0.00401167 -0.00365818 -0.00331449 -0.00295835 -0.00257771 -0.00219042 -0.00179756 -0.00138057 -0.000959163 -0.000529649 -7.60034e-05 0.000376609 0.00085198 0.00134172 0.00183731 0.00234572 0.00289279 0.00343943 0.00400545 0.00459928 0.00522576 0.00587297 0.00653786 0.0072487 0.00799959 0.00877701 0.00959392 0.0104704 0.0113758 0.0123487 0.013374 0.0144463 0.015604 0.0168285 0.0181197 0.0195029 0.020974 0.0225264 0.0242008 0.0259737 0.0278606 0.0298818 0.0320249 0.0343329 0.0368134 0.0394861 0.042375 0.0455265 0.0489795 0.0527673 0.0569217 0.0614236 0.0662905 0.0714734 0.0768786 0.082371 0.087729 0.0927358 0.0971411 0.100685 0.103107 0.104179 0.103722 0.101671 0.0980679 0.0930257 0.0867936 0.0796256 0.0718743 0.0639218 0.0561085 0.0488282 0.0423243 0.0368313 0.0325045 0.0293917 0.0275983 0.0271022 
0 0.00297464 0.00543534 0.00693269 0.00706848 0.00559645 0.0024058 -0.00245565 -0.00876474 -0.0161937 -0.0243191 -0.0326883 -0.0408624 -0.0484382 -0.0550645 -0.0604803 -0.0645136 -0.0670952 -0.068295 -0.0682191 -0.0670666 -0.0650463 -0.0623454 -0.0592218 -0.0558364 -0.0523713 -0.048957 -0.0456259 -0.0424551 -0.0394329 -0.0365565 -0.0338217 -0.0311914 -0.0286456 -0.0261806 -0.0237819 -0.0214348 -0.0191785 -0.0169854 -0.0148845 -0.0128858 -0.0109745 -0.00919224 -0.00753934 -0.00601635 -0.00460899 -0.00335007 -0.00221807 -0.00122259 -0.000360617 0.000400706 0.00103413 0.00154319 0.00195962 0.00231197 0.0025472 0.00271001 0.00280774 0.00284086 0.00282377 0.00275536 0.00263661 0.00248582 0.00231767 0.00209333 0.00185909 0.00161876 0.00137443 0.00108497 0.000795597 0.000527431 0.000263498 -3.76922e-05 -0.00032468 -0.000580204 -0.000849761 -0.00112042 -0.00137037 -0.00160896 -0.00185677 -0.00207669 -0.00229419 -0.00249915 -0.00270331 -0.00288087 -0.00305753 -0.00321661 -0.00337811 -0.00350683 -0.00363563 -0.00375375 -0.00386121 -0.00393645 -0.00402593 -0.00409161 -0.00413678 -0.00417223 -0.00421369 -0.00421272 -0.00421151 -0.00420561 -0.00417989 -0.00412465 -0.00408552 -0.00401731 -0.00393017 -0.00383601 -0.00374264 -0.00360907 -0.0034792 -0.00333679 -0.00318111 -0.00299856 -0.00282405 -0.00262444 -0.00241829 -0.00218936 -0.00196424 -0.00171615 -0.00145943 -0.0011852 -0.000919209 -0.000618207 -0.000308162 -8.0424e-06 0.000304203 0.000663551 0.0010118 0.00134058 0.00170779 0.00210543 0.00249668 0.00287317 0.00328916 0.0037258 0.00416748 0.00460339 0.0050919 0.00558672 0.00608774 0.00662022 0.00719616 0.00778727 0.00841165 0.00907165 0.0097608 0.0105209 0.0113153 0.0121501 0.0130449 0.0140229 0.0150419 0.0161326 0.017309 0.0185636 0.0199102 0.0213411 0.0228657 0.0244874 0.0262378 0.0280758 0.0300315 0.0321145 0.0343085 0.0366506 0.0391361 0.0417828 0.0446207 0.0476832 0.0509836 0.0545896 0.0585155 0.0627692 0.0673855 0.0722952 0.0774768 0.0828135 0.0881245 0.0932315 0.0978702 0.101808 0.104791 0.106569 0.106936 0.105741 0.102928 0.0985469 0.0927468 0.0857327 0.0778077 0.0692913 0.0605515 0.05198 0.0438988 0.0366339 0.0303994 0.025355 0.0216338 0.019273 0.0183468 
0 0.00306653 0.00563371 0.0072327 0.00749179 0.00614563 0.0030785 -0.0016567 -0.00786799 -0.0152286 -0.0233359 -0.0317602 -0.04007 -0.0478698 -0.0548215 -0.060646 -0.0651611 -0.068295 -0.0700464 -0.070536 -0.0699044 -0.0683302 -0.0660503 -0.0632328 -0.0601122 -0.0568424 -0.0535323 -0.0503079 -0.0471761 -0.044188 -0.0413295 -0.0385776 -0.0359239 -0.0333482 -0.0308329 -0.0283506 -0.0259175 -0.0235052 -0.0211686 -0.0188935 -0.0166754 -0.0145434 -0.012501 -0.0105785 -0.00876089 -0.00706842 -0.00547676 -0.00404989 -0.00275969 -0.00158063 -0.000528536 0.000396 0.00118926 0.00187681 0.0024498 0.00294795 0.0033201 0.00361988 0.00386018 0.00403289 0.00410714 0.00413735 0.0041467 0.00409679 0.00400354 0.00387838 0.00374278 0.00355929 0.00337995 0.0031849 0.00298646 0.00275087 0.00253179 0.00231867 0.00211067 0.00187496 0.00165488 0.00145611 0.00125723 0.00104894 0.000855204 0.000683211 0.000505855 0.000337989 0.000178707 4.17603e-05 -0.000103539 -0.000229256 -0.000347648 -0.000445606 -0.000555075 -0.000632663 -0.000707697 -0.000769471 -0.000832991 -0.000859254 -0.000897721 -0.000916312 -0.000924898 -0.000909666 -0.000909374 -0.000872487 -0.000833743 -0.000781998 -0.00072963 -0.000640313 -0.000564236 -0.000466196 -0.000358866 -0.000229231 -0.000111563 3.86545e-05 0.000191917 0.000359227 0.000524547 0.000721385 0.000917084 0.00112217 0.00133304 0.00157262 0.00181061 0.00204888 0.00230373 0.00258035 0.0028592 0.00313295 0.00342725 0.00373047 0.00405424 0.00436982 0.00470281 0.00503615 0.00540311 0.00576756 0.00616078 0.00655072 0.00696407 0.00739545 0.00787574 0.00836411 0.00886178 0.0094096 0.0100058 0.0106273 0.0112767 0.0120143 0.0127849 0.0136113 0.0144926 0.0154645 0.0165092 0.0176446 0.0188463 0.0201366 0.0215529 0.0230554 0.0246614 0.0263683 0.0282085 0.0301465 0.0322066 0.0343634 0.0366334 0.0390473 0.0415746 0.044242 0.0470551 0.0500516 0.0532475 0.0566991 0.0604096 0.0644229 0.0687672 0.0733945 0.078314 0.0834058 0.0885622 0.0936225 0.0983453 0.102523 0.105891 0.108212 0.109264 0.108855 0.106864 0.103261 0.0981035 0.0915367 0.0837919 0.0751315 0.0658958 0.0564392 0.0471239 0.0383195 0.0303125 0.0233629 0.0176548 0.0133073 0.0104329 0.00907363 
