0 0 0 0 0 0 0 0 0 0 0 0 0 0 0 0 0 0 0 0 0 0 0 0 0 0 0 0 0 0 0 0 0 0 0 0 0 0 0 0 0 0 0 0 0 0 0 0 0 0 0 0 0 0 0 0 0 0 0 0 0 0 0 0 0 0 0 0 0 0 0 0 0 0 0 0 0 0 0 0 0 0 0 0 0 0 0 0 0 0 0 0 0 0 0 0 0 0 0 0 0 0 0 0 0 0 0 0 0 0 0 0 0 0 0 0 0 0 0 0 0 0 0 0 0 0 0 0 0 0 0 0 0 0 0 0 0 0 0 0 0 0 0 0 0 0 0 0 0 0 0 0 0 0 0 0 0 0 0 0 0 0 0 0 0 0 0 0 0 0 0 0 0 0 0 0 0 0 0 0 0 0 0 0 0 0 0 0 0 0 0 0 0 0 0 0 0 0 0 0 
0 9.79169e-07 3.52551e-06 1.30424e-06 9.60922e-06 1.293e-05 2.24212e-05 4.02525e-05 5.37761e-05 8.75906e-05 0.00012425 0.000176375 0.00025763 0.000349473 0.000483152 0.000647158 0.000841228 0.00108963 0.00136626 0.00168707 0.00204921 0.00242055 0.00280774 0.00316889 0.00346918 0.00369305 0.00379015 0.00375087 0.00356087 0.00321438 0.00272216 0.00210019 0.00138791 0.000612499 -0.000148073 -0.000849847 -0.00144862 -0.00189233 -0.00218742 -0.00232814 -0.00231923 -0.00217537 -0.00194683 -0.00163436 -0.00129774 -0.000978406 -0.00065433 -0.000368916 -0.000114899 0.00010379 0.000296025 0.000444147 0.000585173 0.000713469 0.000820048 0.000918408 0.00100728 0.00111455 0.00119695 0.00127677 0.00135556 0.0014496 0.00152147 0.00160148 0.00167858 0.0017483 0.00182594 0.00190057 0.00197161 0.00203264 0.00210921 0.00216964 0.00224342 0.00229817 0.00236127 0.00241951 0.00248974 0.00253241 0.00258854 0.00264666 0.00270012 0.00273855 0.00278996 0.00283848 0.00287752 0.00291664 0.00295533 0.00299365 0.00302472 0.00305779 0.00308187 0.00311496 0.00313575 0.00315743 0.00317259 0.00319919 0.00320507 0.00321793 0.00322704 0.00324101 0.00323353 0.0032415 0.00324097 0.00323974 0.00322483 0.00322629 0.00321226 0.00319964 0.00318011 0.00316948 0.00314465 0.0031247 0.00309712 0.00307328 0.00304477 0.00301408 0.00297653 0.00294577 0.0029143 0.00286692 0.00282714 0.00279174 0.00275093 0.00269251 0.00265666 0.00260896 0.00256201 0.00250352 0.00246234 0.00240495 0.00236149 0.00229993 0.00224958 0.00219903 0.00214956 0.00208656 0.00203977 0.00199541 0.0019339 0.00188691 0.00184074 0.00180026 0.00174879 0.00171652 0.00167613 0.00165277 0.00162821 0.00162927 0.00164275 0.0016598 0.00171814 0.00181796 0.00195169 0.00211189 0.00232189 0.00253119 0.00276649 0.00299688 0.00316483 0.00325097 0.00321953 0.00304911 0.00272605 0.00226736 0.00165496 0.000932072 0.000139311 -0.000677276 -0.00144974 -0.00213714 -0.00269571 -0.0031178 -0.0033764 -0.00348489 -0.00345709 -0.00329247 -0.00304528 -0.0027287 -0.00237288 -0.00202499 -0.00168207 -0.00137189 -0.00110662 -0.00086878 -0.000678691 -0.00052272 -0.000391146 -0.000297908 -0.000220278 -0.00016407 -0.00012931 -9.94884e-05 -8.51676e-05 -7.62992e-05 -6.82081e-05 -6.74669e-05 -6.45412e-05 -6.1655e-05 -6.32068e-05 -6.15428e-05 
0 3.52551e-06 1.11685e-05 1.29626e-05 2.55941e-05 3.09214e-05 4.86948e-05 7.29208e-05 0.0001078 0.000170931 0.00024513 0.000368386 0.000516919 0.000718428 0.000985579 0.00129496 0.00170955 0.00217941 0.00274228 0.00340015 0.00409505 0.00486749 0.00562273 0.00633265 0.00694811 0.00737582 0.00758201 0.00751403 0.00714303 0.00644843 0.00548323 0.00423275 0.00280017 0.00128811 -0.000251057 -0.00162802 -0.00280837 -0.00371358 -0.0043016 -0.00458319 -0.00456806 -0.00429153 -0.00379619 -0.00319747 -0.00253129 -0.00187765 -0.00124778 -0.000669729 -0.000142995 0.000313066 0.000659142 0.000976086 0.00125794 0.00151021 0.00173503 0.00195003 0.0021141 0.00228922 0.00249448 0.00267179 0.00282516 0.00297126 0.00314476 0.00331694 0.00347262 0.00359667 0.0037567 0.0039183 0.00405643 0.00418479 0.00432673 0.00446506 0.00459898 0.00472394 0.00483603 0.0049684 0.00509282 0.00519453 0.00529466 0.00542021 0.00551741 0.00560446 0.00569948 0.00579998 0.00587571 0.00595548 0.00603181 0.00610671 0.00617133 0.00623324 0.00628638 0.00634572 0.00639355 0.00643003 0.00646819 0.00651129 0.00653274 0.00654981 0.00657642 0.00659398 0.00659042 0.0065962 0.00660377 0.00659249 0.00657315 0.00656603 0.00654664 0.00651442 0.00648301 0.00645469 0.00641165 0.0063671 0.00631634 0.00626645 0.00621053 0.00614962 0.00607459 0.00601565 0.00594681 0.00586064 0.00577355 0.00571053 0.00561774 0.00551562 0.00542782 0.00534656 0.00523845 0.00513567 0.00503425 0.00493513 0.00483722 0.00472244 0.00460349 0.00450768 0.00441875 0.00429154 0.0041759 0.00407428 0.00399356 0.00389196 0.00377533 0.0036664 0.0036134 0.00354551 0.00345014 0.00339072 0.00335693 0.00334937 0.00337323 0.00344359 0.00353492 0.00372141 0.00398626 0.00432741 0.00472038 0.00515616 0.00562334 0.00604061 0.00637962 0.00654328 0.00647541 0.00612416 0.00549838 0.00454902 0.00332294 0.00189733 0.000291754 -0.00130915 -0.00284582 -0.00421993 -0.00533773 -0.00617737 -0.00671105 -0.00693333 -0.00685996 -0.00656345 -0.00604773 -0.0054257 -0.00474059 -0.0040225 -0.00336799 -0.00273937 -0.00219872 -0.00173609 -0.00133748 -0.00103101 -0.000772619 -0.000586441 -0.000439178 -0.000334373 -0.000263069 -0.000203056 -0.00017724 -0.000144268 -0.000134189 -0.00012805 -0.000115778 -0.000126873 -0.000117121 -0.000124348 
0 1.30424e-06 1.29626e-05 1.38532e-05 3.38959e-05 4.89786e-05 7.76346e-05 0.000127236 0.000177931 0.000274909 0.000392654 0.000558492 0.000798154 0.00108946 0.00148927 0.00198167 0.00257789 0.0033136 0.00415298 0.0051198 0.00619354 0.00731627 0.00846285 0.00953444 0.0104368 0.0110939 0.0113932 0.011285 0.0107282 0.00970965 0.00825915 0.00642509 0.00431786 0.00204537 -0.000203466 -0.00227217 -0.00403469 -0.00536317 -0.00624129 -0.00666261 -0.00664118 -0.00622735 -0.00553607 -0.00462259 -0.00362601 -0.00265256 -0.00169098 -0.00082184 -4.53946e-05 0.000626986 0.00120246 0.00167337 0.00210516 0.00249528 0.00283241 0.00313942 0.00341819 0.0037245 0.0039934 0.00424559 0.00449022 0.00475634 0.00499169 0.00523673 0.00547012 0.00568514 0.00591817 0.00614675 0.0063606 0.00655547 0.0067748 0.00696961 0.00718053 0.00735707 0.00754161 0.00772397 0.00791998 0.00806466 0.00822851 0.00840051 0.00855647 0.00868311 0.00883058 0.00897301 0.00909341 0.00921074 0.00932562 0.00943739 0.00953397 0.00962855 0.00970656 0.00979753 0.00986468 0.0099262 0.00997802 0.0100456 0.0100734 0.0101075 0.0101381 0.01017 0.0101614 0.0101762 0.0101779 0.0101693 0.0101361 0.0101289 0.0100936 0.0100527 0.0100006 0.00996084 0.00989373 0.00982953 0.00975205 0.00967804 0.00959331 0.00950043 0.00939371 0.00929889 0.00919852 0.00906641 0.00894576 0.00883603 0.00870849 0.00854883 0.00842742 0.00828904 0.00814211 0.00797683 0.00783883 0.007677 0.00753289 0.00735706 0.0071973 0.00704372 0.00689019 0.00670823 0.00655403 0.00640864 0.00623933 0.00608932 0.0059405 0.00580356 0.00566341 0.00555364 0.00543123 0.0053464 0.00527888 0.0052698 0.00530158 0.00536701 0.0055325 0.00581766 0.00620826 0.0066907 0.00728857 0.00791544 0.00859373 0.00923794 0.00971324 0.00993791 0.00981526 0.0092801 0.00830399 0.00690278 0.00506966 0.00291221 0.000545532 -0.0018754 -0.00417438 -0.00622045 -0.00789463 -0.00915258 -0.0099403 -0.0102762 -0.0101964 -0.00973396 -0.0090026 -0.00807513 -0.00703806 -0.00600082 -0.00499488 -0.00407551 -0.00327883 -0.00257892 -0.00200713 -0.0015405 -0.00115628 -0.000873811 -0.000647512 -0.000484708 -0.000376606 -0.000292853 -0.000248489 -0.000218128 -0.000198601 -0.000192614 -0.000185974 -0.000183938 -0.000183213 -0.000183035 
0 9.60922e-06 2.55941e-05 3.38959e-05 5.50973e-05 7.84062e-05 0.000116679 0.000174346 0.00025407 0.000379787 0.000545555 0.000784221 0.00109845 0.00150771 0.00204094 0.00269257 0.00350689 0.00447258 0.00560306 0.00690085 0.008315 0.00982563 0.0113352 0.0127481 0.0139527 0.0148127 0.0152219 0.0150932 0.0143708 0.0130339 0.0111343 0.00871861 0.00593897 0.00297375 8.83684e-06 -0.0027023 -0.00501242 -0.00678254 -0.0079494 -0.00851016 -0.00848904 -0.00795564 -0.00701891 -0.00583046 -0.0045182 -0.00320658 -0.00193692 -0.000764987 0.000293046 0.00121126 0.00196733 0.00262237 0.00320764 0.00373421 0.00420341 0.00463197 0.00500725 0.00538952 0.00577873 0.00613753 0.00646851 0.00679483 0.00713312 0.00747132 0.0077866 0.00807157 0.00838374 0.0086962 0.00898298 0.00925266 0.00953427 0.00980866 0.0100783 0.010327 0.0105659 0.010818 0.0110625 0.0112731 0.011484 0.0117127 0.0119133 0.012094 0.0122817 0.0124695 0.0126304 0.0127873 0.0129378 0.0130836 0.0132139 0.0133356 0.0134443 0.0135568 0.0136503 0.0137286 0.0138034 0.0138809 0.013928 0.0139685 0.0140126 0.014045 0.0140473 0.0140579 0.0140638 0.0140474 0.014015 0.0139941 0.0139542 0.0138971 0.0138347 0.0137743 0.0136925 0.013604 0.0135058 0.0134059 0.013294 0.0131714 0.0130341 0.0129076 0.0127676 0.0126036 0.0124403 0.0122938 0.0121173 0.0119224 0.0117456 0.0115686 0.0113653 0.011157 0.0109569 0.0107535 0.0105489 0.010322 0.0100971 0.00989234 0.0096886 0.00944858 0.00922277 0.00901608 0.00881865 0.00860776 0.0083878 0.00818506 0.00802704 0.00787106 0.00769919 0.00757036 0.00748748 0.00746385 0.00750124 0.00761261 0.00781588 0.00817683 0.00868765 0.00933555 0.0100986 0.0109338 0.0118066 0.0126025 0.0132044 0.0134657 0.0132707 0.0125321 0.0112245 0.00932354 0.00688106 0.00402211 0.000876099 -0.00231039 -0.0053509 -0.00806233 -0.0102899 -0.0119623 -0.0130286 -0.013489 -0.0133855 -0.0128066 -0.0118402 -0.0106313 -0.00928774 -0.00791005 -0.00660126 -0.00538483 -0.00431954 -0.00340194 -0.0026315 -0.00201349 -0.00151257 -0.00113544 -0.000846042 -0.000636798 -0.00049175 -0.000385532 -0.000324292 -0.000277389 -0.000254753 -0.000242052 -0.000231916 -0.000237657 -0.000233957 -0.000242167 
0 1.293e-05 3.09214e-05 4.89786e-05 7.84062e-05 0.000117166 0.000170326 0.000247971 0.000358778 0.000516699 0.00073466 0.00103659 0.00143539 0.00195952 0.00262992 0.00346085 0.00448567 0.00570125 0.00712299 0.0087415 0.0105105 0.0123888 0.0142652 0.0160207 0.0175144 0.0185822 0.0190952 0.0189428 0.0180599 0.0164286 0.0140965 0.0111462 0.00774361 0.00411162 0.000486396 -0.00284863 -0.00568697 -0.00787237 -0.00931778 -0.0100165 -0.010001 -0.00936023 -0.00821955 -0.00675931 -0.00513687 -0.00349015 -0.00190295 -0.000425514 0.000905174 0.00206768 0.00304629 0.00389564 0.00464607 0.00531888 0.00592229 0.00646784 0.00696866 0.00745706 0.00794398 0.00839686 0.0088271 0.00924623 0.00967413 0.0100921 0.0104882 0.0108633 0.0112497 0.0116351 0.0119955 0.0123423 0.0126877 0.0130332 0.013363 0.0136779 0.0139784 0.0142892 0.0145839 0.014856 0.0151199 0.0153933 0.0156425 0.0158742 0.0161033 0.0163293 0.0165337 0.016727 0.0169129 0.01709 0.0172532 0.0174012 0.0175401 0.0176724 0.0177898 0.0178878 0.0179829 0.018069 0.0181344 0.0181852 0.0182376 0.0182716 0.0182857 0.0182941 0.0182991 0.0182792 0.0182477 0.0182134 0.0181667 0.0180981 0.0180246 0.017944 0.0178483 0.0177377 0.0176199 0.0174945 0.0173573 0.0172051 0.0170426 0.0168814 0.0167051 0.0165099 0.0163114 0.0161202 0.015903 0.015673 0.0154473 0.0152238 0.0149744 0.0147212 0.014467 0.0142165 0.0139532 0.0136783 0.0134007 0.0131389 0.0128714 0.0125837 0.012302 0.0120353 0.0117774 0.011508 0.0112388 0.0109844 0.0107682 0.0105554 0.0103486 0.0101796 0.0100717 0.0100303 0.0100651 0.0101979 0.0104564 0.0108971 0.0115187 0.0123088 0.0132291 0.0142465 0.0152892 0.0162321 0.0169249 0.0171922 0.0168953 0.0159325 0.0142649 0.0118732 0.00882837 0.00526528 0.00137079 -0.00258267 -0.00635404 -0.00971474 -0.0124892 -0.0145707 -0.0159087 -0.0165008 -0.0163982 -0.0157078 -0.0145425 -0.013068 -0.0114251 -0.00973707 -0.00812177 -0.00662929 -0.00531153 -0.00418135 -0.00323308 -0.00246447 -0.00185062 -0.00137753 -0.00102013 -0.000761014 -0.000578061 -0.000453523 -0.00037634 -0.000325064 -0.000301626 -0.000288811 -0.000282983 -0.000288454 -0.000287485 -0.000294973 
0 2.24212e-05 4.86948e-05 7.76346e-05 0.000116679 0.000170326 0.000238949 0.000346217 0.000488078 0.000686939 0.000967943 0.00133165 0.00183382 0.00247252 0.00328508 0.00431302 0.00553689 0.00702181 0.00873515 0.0106668 0.0128074 0.0150319 0.0172755 0.0193688 0.0211339 0.0224155 0.0230319 0.0228648 0.0218365 0.0199415 0.0171968 0.0137547 0.00978039 0.00551259 0.00129243 -0.00263512 -0.00597548 -0.00855162 -0.010272 -0.0111113 -0.0111092 -0.0103641 -0.00905431 -0.00732596 -0.00540566 -0.00343612 -0.0015238 0.000265093 0.00187303 0.0032789 0.00451205 0.00555593 0.00648332 0.00731461 0.008061 0.00872168 0.00935742 0.00997138 0.010543 0.0110924 0.0116233 0.0121543 0.0126586 0.0131557 0.0136318 0.0141072 0.0145624 0.0150142 0.0154507 0.0158719 0.0162839 0.0166894 0.0170833 0.0174546 0.0178241 0.018179 0.0185273 0.0188518 0.0191735 0.0194782 0.0197783 0.0200538 0.0203248 0.0205804 0.0208279 0.0210528 0.021272 0.0214763 0.0216685 0.0218421 0.0220075 0.022158 0.0222941 0.0224148 0.0225246 0.0226197 0.0226995 0.0227654 0.0228191 0.0228582 0.0228815 0.0228921 0.0228901 0.0228728 0.0228406 0.0227964 0.0227399 0.0226669 0.0225811 0.0224837 0.0223748 0.0222473 0.0221114 0.0219633 0.0218042 0.0216252 0.0214437 0.0212473 0.0210414 0.0208162 0.0205924 0.0203512 0.0201047 0.0198385 0.0195748 0.0192974 0.0190153 0.0187135 0.0184168 0.0181133 0.0177988 0.017474 0.0171541 0.016833 0.0164971 0.0161659 0.0158339 0.0155128 0.0151769 0.0148546 0.0145396 0.0142445 0.0139462 0.0136811 0.0134457 0.0132365 0.0130941 0.0130386 0.013076 0.0132151 0.0135428 0.0140569 0.0147805 0.0156928 0.0167694 0.0179399 0.0191187 0.0201859 0.0209195 0.0211587 0.0207285 0.0195222 0.0174639 0.0145847 0.0109381 0.00667193 0.00206824 -0.00263978 -0.00711589 -0.011105 -0.0144183 -0.01691 -0.0185204 -0.0192551 -0.0191817 -0.0183852 -0.0170609 -0.0153439 -0.0134176 -0.0114594 -0.00953993 -0.00779368 -0.00623709 -0.00489245 -0.00378238 -0.0028624 -0.00214124 -0.0015794 -0.00115749 -0.000853626 -0.000638155 -0.000499612 -0.000406321 -0.000357753 -0.000328542 -0.00031681 -0.000319955 -0.000319138 -0.000333333 -0.000340726 
0 4.02525e-05 7.29208e-05 0.000127236 0.000174346 0.000247971 0.000346217 0.000468994 0.00066065 0.000901225 0.00124511 0.0017075 0.00229514 0.00307975 0.00404662 0.00524929 0.00672102 0.00844364 0.0104639 0.0127347 0.0152055 0.0178135 0.0203967 0.0228079 0.0248559 0.0263268 0.0270556 0.0268916 0.0257464 0.0235962 0.0205027 0.0165933 0.0120777 0.00727072 0.00246779 -0.00198087 -0.0057771 -0.00874285 -0.0107318 -0.0117087 -0.0117341 -0.0109206 -0.00940968 -0.00746604 -0.00526674 -0.00296929 -0.000750954 0.00134774 0.00325685 0.00494114 0.00638626 0.00766025 0.00877231 0.00976314 0.0106603 0.0114735 0.0122303 0.0129214 0.0136205 0.0142882 0.0149172 0.0155041 0.0161153 0.0166992 0.0172589 0.0178035 0.0183316 0.0188558 0.0193594 0.0198518 0.0203148 0.0207908 0.0212265 0.021666 0.0220795 0.0224915 0.0228677 0.0232572 0.0236128 0.0239588 0.0242885 0.0246149 0.0249111 0.0251997 0.0254765 0.0257336 0.025978 0.026206 0.0264215 0.0266161 0.0268068 0.0269672 0.0271235 0.027259 0.0273872 0.0274813 0.0275819 0.0276538 0.0277156 0.0277501 0.0277923 0.0277964 0.0277959 0.0277741 0.0277516 0.0276909 0.0276335 0.0275529 0.0274639 0.0273473 0.0272326 0.0270908 0.0269417 0.0267752 0.0265978 0.0264017 0.0262001 0.0259813 0.025743 0.0255054 0.0252486 0.0249787 0.0246929 0.024415 0.0241005 0.0237946 0.0234681 0.0231428 0.0227886 0.0224551 0.0220878 0.0217272 0.0213512 0.0209822 0.0206023 0.0202241 0.0198264 0.0194404 0.019085 0.0186995 0.0183145 0.0179522 0.0176381 0.0173145 0.0170285 0.0167788 0.016619 0.0165401 0.0165768 0.0167724 0.0171313 0.017709 0.0185309 0.0195774 0.0207672 0.0220899 0.023381 0.0244865 0.0252441 0.025412 0.024815 0.0233326 0.0208929 0.0174835 0.013238 0.00831482 0.00298603 -0.00240928 -0.00756512 -0.0121735 -0.0160079 -0.0189074 -0.0208087 -0.021701 -0.0216517 -0.0208118 -0.0193239 -0.0174041 -0.0152515 -0.0130085 -0.0108486 -0.00884654 -0.0070528 -0.00552703 -0.00423401 -0.00318619 -0.002365 -0.00171755 -0.00124809 -0.000903885 -0.000660781 -0.000508678 -0.000406201 -0.000351888 -0.00032761 -0.000319037 -0.000326505 -0.000339522 -0.000356654 -0.000376096 
0 5.37761e-05 0.0001078 0.000177931 0.00025407 0.000358778 0.000488078 0.00066065 0.000893416 0.00119755 0.00161811 0.0021547 0.00286851 0.00377969 0.00491324 0.00633553 0.00802363 0.0100386 0.0123596 0.0149487 0.0177904 0.0207327 0.0236694 0.0264031 0.0287068 0.0303828 0.031217 0.031052 0.029795 0.0274383 0.0240093 0.0197078 0.0147393 0.00941273 0.00412856 -0.000814333 -0.0050465 -0.00835446 -0.0105936 -0.0117173 -0.0117801 -0.0109019 -0.00928528 -0.00712122 -0.00465574 -0.00206203 0.000477816 0.00288674 0.0050709 0.00700818 0.00874004 0.0102338 0.0115438 0.012706 0.013752 0.0146864 0.0155894 0.0164242 0.0171971 0.0179429 0.0186688 0.0193805 0.0200525 0.0206951 0.0213218 0.021961 0.0225463 0.0231175 0.0236793 0.024231 0.0247509 0.0252636 0.0257488 0.0262265 0.0266964 0.027131 0.0275493 0.0279702 0.0283716 0.0287319 0.0290994 0.0294508 0.0297794 0.0300828 0.0303887 0.0306648 0.0309331 0.0311758 0.031409 0.0316212 0.0318288 0.0319993 0.0321661 0.0323196 0.0324547 0.0325549 0.032664 0.0327499 0.0328087 0.0328492 0.0328977 0.032907 0.0328987 0.0328837 0.0328617 0.0327975 0.0327328 0.0326555 0.0325599 0.0324344 0.0323133 0.032166 0.0320075 0.0318272 0.0316409 0.0314305 0.0312208 0.0309784 0.0307285 0.0304716 0.0302052 0.0298991 0.0296031 0.0293003 0.0289691 0.0286207 0.0282815 0.0279236 0.0275479 0.0271701 0.0267729 0.0263808 0.0259815 0.0255639 0.0251272 0.0247244 0.024301 0.02387 0.0234298 0.0230111 0.0226057 0.0222124 0.0218052 0.0214374 0.0211366 0.020862 0.0206711 0.0205829 0.0206253 0.0208275 0.0212698 0.0219254 0.0228328 0.0239732 0.0252894 0.0267081 0.0280753 0.0292367 0.0299462 0.0300043 0.0292024 0.027415 0.0245482 0.0206463 0.015811 0.0102235 0.00423831 -0.0018597 -0.00766806 -0.0128629 -0.0172095 -0.0205086 -0.0226888 -0.0237527 -0.0237783 -0.0228881 -0.0213076 -0.0192097 -0.0168305 -0.0143744 -0.0119544 -0.00973759 -0.00774489 -0.00602879 -0.0046027 -0.00342298 -0.00250448 -0.00178507 -0.001254 -0.00087506 -0.000610502 -0.000449505 -0.000346369 -0.000303887 -0.000286865 -0.000292085 -0.00031572 -0.000332454 -0.0003663 -0.00039009 
0 8.75906e-05 0.000170931 0.000274909 0.000379787 0.000516699 0.000686939 0.000901225 0.00119755 0.00157392 0.00207989 0.00273315 0.00357113 0.00464129 0.00595865 0.00758512 0.00952772 0.0118141 0.014448 0.0173795 0.0205646 0.0238666 0.0271353 0.0301693 0.0327294 0.0345939 0.0355405 0.0354004 0.0340686 0.0315237 0.0278252 0.0231607 0.0177785 0.0120245 0.00629238 0.000933278 -0.00368288 -0.00732153 -0.00981317 -0.0110878 -0.0112092 -0.0103 -0.00855931 -0.00622482 -0.00352709 -0.000658147 0.00217868 0.00488361 0.00736525 0.00958138 0.0115526 0.0132758 0.0147838 0.0161166 0.0173137 0.0183984 0.0194132 0.0203371 0.0212107 0.0220594 0.0228668 0.0236369 0.0243796 0.0250908 0.0257829 0.0264703 0.0271077 0.0277246 0.0283332 0.0289258 0.029485 0.0300302 0.0305454 0.0310573 0.0315558 0.0320143 0.0324518 0.0329004 0.0333211 0.0336995 0.03408 0.0344527 0.034794 0.0351115 0.0354261 0.0357177 0.0359955 0.0362482 0.0364868 0.0367114 0.0369258 0.037102 0.0372734 0.0374373 0.0375757 0.0376791 0.0377937 0.0378871 0.0379457 0.0379896 0.0380438 0.0380567 0.0380466 0.0380364 0.038018 0.0379539 0.0378876 0.0378156 0.0377198 0.0375928 0.0374702 0.0373266 0.0371642 0.0369819 0.036792 0.0365832 0.0363666 0.0361203 0.0358633 0.0356063 0.0353295 0.0350152 0.034709 0.0344029 0.0340568 0.0336949 0.0333426 0.0329747 0.0325794 0.0321819 0.0317682 0.0313557 0.0309314 0.0304873 0.0300322 0.0295979 0.0291395 0.0286744 0.0282174 0.0277624 0.0273106 0.0268793 0.0264552 0.0260588 0.0257241 0.0254352 0.0252347 0.0251489 0.0252177 0.02548 0.0259752 0.0267032 0.0277035 0.0289491 0.0303675 0.031873 0.0332829 0.0344138 0.0350478 0.0349524 0.0339135 0.0317959 0.0285025 0.0240765 0.0186561 0.0124534 0.00581855 -0.000905948 -0.00732573 -0.0130896 -0.0179247 -0.0216275 -0.0241048 -0.0253564 -0.0254651 -0.0245793 -0.0229179 -0.0206912 -0.0181464 -0.0154855 -0.0128686 -0.0104422 -0.00825685 -0.00637689 -0.00480066 -0.0035134 -0.00250839 -0.00172872 -0.00116235 -0.000757983 -0.000485396 -0.000321891 -0.00022293 -0.000188603 -0.000182969 -0.000202552 -0.000241782 -0.000279297 -0.000331407 -0.000376363 
0 0.00012425 0.00024513 0.000392654 0.000545555 0.00073466 0.000967943 0.00124511 0.00161811 0.00207989 0.00268016 0.00346168 0.004434 0.00567516 0.00719658 0.00904334 0.0112628 0.0138359 0.0167912 0.0200716 0.0235936 0.0272521 0.0308443 0.0341709 0.0369824 0.0390279 0.0400849 0.0399705 0.0385791 0.0358749 0.0319573 0.0269942 0.0212712 0.0151636 0.00904313 0.0033236 -0.00164146 -0.00558125 -0.00830924 -0.00974262 -0.00994291 -0.0090463 -0.00723224 -0.00477325 -0.00187507 0.00123908 0.00435448 0.00733491 0.0100896 0.0125776 0.0147895 0.0167512 0.0184569 0.0199554 0.0212883 0.0225114 0.0236368 0.0246535 0.0256083 0.0265225 0.0273989 0.0282237 0.0290199 0.0297674 0.0305033 0.0312202 0.0318956 0.0325347 0.0331652 0.0337792 0.0343605 0.0349181 0.0354442 0.0359725 0.0364779 0.0369474 0.0373886 0.0378465 0.0382684 0.0386568 0.0390338 0.0394129 0.0397543 0.0400771 0.0403861 0.0406838 0.0409597 0.0412142 0.0414494 0.0416784 0.0418898 0.0420678 0.0422379 0.0424044 0.0425411 0.0426475 0.0427619 0.042858 0.0429177 0.0429654 0.0430206 0.0430383 0.0430309 0.0430257 0.0430105 0.0429534 0.0428901 0.0428255 0.0427347 0.0426155 0.0424961 0.0423637 0.0422056 0.0420313 0.0418462 0.0416505 0.0414351 0.0411988 0.0409475 0.0407017 0.0404247 0.0401224 0.0398187 0.039522 0.0391772 0.0388227 0.0384704 0.0381119 0.0377161 0.0373165 0.0369059 0.0364965 0.0360679 0.0356145 0.0351607 0.0347181 0.0342575 0.0337733 0.0333072 0.0328392 0.0323821 0.0319299 0.0314948 0.0310838 0.030742 0.0304669 0.0302762 0.0302083 0.0303124 0.030649 0.0312154 0.0320401 0.0331341 0.034475 0.0359783 0.0375441 0.0389735 0.0400481 0.0405724 0.0402803 0.0389708 0.0364919 0.0327668 0.0278292 0.0218467 0.0150647 0.00781007 0.000493841 -0.00650783 -0.0128117 -0.018112 -0.0222052 -0.0249798 -0.0264363 -0.0266551 -0.0258144 -0.0241087 -0.0217931 -0.0191171 -0.0162795 -0.0134994 -0.0108886 -0.00854203 -0.00652484 -0.00481953 -0.00344437 -0.00236072 -0.00152902 -0.000930405 -0.000504435 -0.00022993 -7.09285e-05 9.42973e-06 2.32673e-05 7.47092e-07 -4.71369e-05 -0.000110298 -0.000177222 -0.00024747 -0.000315418 
0 0.000176375 0.000368386 0.000558492 0.000784221 0.00103659 0.00133165 0.0017075 0.0021547 0.00273315 0.00346168 0.00436788 0.00552486 0.00693664 0.00867817 0.0107843 0.0132593 0.0161602 0.019437 0.0230574 0.0269454 0.0309288 0.0348469 0.0384574 0.0414996 0.0437247 0.0448958 0.0448169 0.0433782 0.0405714 0.036453 0.0312556 0.0252677 0.0188406 0.0124236 0.00638847 0.00110954 -0.00310253 -0.00605659 -0.00767614 -0.0079827 -0.00711508 -0.00530874 -0.00274927 0.000300756 0.00360447 0.00696518 0.0102042 0.0132057 0.0159291 0.0183985 0.0205641 0.0224567 0.0241109 0.025579 0.0268985 0.0281138 0.0292331 0.0302335 0.0311809 0.0320954 0.0329844 0.0337888 0.034553 0.0353 0.0360391 0.0367222 0.0373613 0.0379905 0.0386035 0.039191 0.0397301 0.0402599 0.040771 0.041275 0.0417241 0.0421686 0.0425985 0.0430185 0.0433893 0.0437603 0.0441149 0.0444539 0.0447589 0.0450575 0.0453407 0.045608 0.0458491 0.0460754 0.0462954 0.0464943 0.0466687 0.0468303 0.0469909 0.0471189 0.0472301 0.0473346 0.0474314 0.0474895 0.0475455 0.0475927 0.0476205 0.0476168 0.0476207 0.047605 0.0475655 0.0475084 0.0474557 0.047375 0.0472746 0.0471656 0.0470503 0.0469096 0.0467513 0.0465865 0.0464094 0.0462147 0.0459945 0.0457743 0.0455408 0.0452908 0.0450068 0.0447367 0.0444475 0.0441398 0.0437989 0.0434776 0.0431326 0.0427731 0.042381 0.0420001 0.0416099 0.0412066 0.0407678 0.040327 0.0399045 0.0394692 0.0390049 0.038521 0.038081 0.0376512 0.0372149 0.0367621 0.0363825 0.0360728 0.0358292 0.0356733 0.0356631 0.0358437 0.0362511 0.0369404 0.0378765 0.0390719 0.0405052 0.0421071 0.0436998 0.0451126 0.0461281 0.0464778 0.0459644 0.044361 0.041504 0.0373315 0.0319132 0.0253915 0.0180497 0.0102575 0.00237243 -0.00515528 -0.0119506 -0.0177046 -0.0221718 -0.0252459 -0.0269232 -0.0272915 -0.0265081 -0.0248198 -0.0224545 -0.0196722 -0.0167321 -0.013792 -0.0110401 -0.00856412 -0.00640228 -0.00461044 -0.0031441 -0.00199651 -0.00113804 -0.000507205 -8.69358e-05 0.000178142 0.000322033 0.00036937 0.000357691 0.000300327 0.000216744 0.000120353 1.69294e-05 -8.644e-05 -0.000187172 
0 0.00025763 0.000516919 0.000798154 0.00109845 0.00143539 0.00183382 0.00229514 0.00286851 0.00357113 0.004434 0.00552486 0.00684759 0.00848506 0.010471 0.0128203 0.0156169 0.0188156 0.022434 0.0264222 0.0306363 0.0349762 0.0391961 0.0430678 0.0463385 0.0487264 0.0500005 0.049971 0.0485211 0.0456093 0.041373 0.0359748 0.0297558 0.0231144 0.0164204 0.0101378 0.00459636 0.000125107 -0.00307369 -0.00488465 -0.00533953 -0.00458312 -0.00277915 -0.000207135 0.00292885 0.00637541 0.0099256 0.0133617 0.0165984 0.0195695 0.0222131 0.0245793 0.0266365 0.0284275 0.0299971 0.0314341 0.0327008 0.0338387 0.0348871 0.0358758 0.0368092 0.0376625 0.0384766 0.0392447 0.0399936 0.0406855 0.0413609 0.0419828 0.042591 0.043172 0.0437317 0.0442462 0.0447463 0.0452333 0.0456918 0.046126 0.0465339 0.0469381 0.0473138 0.0476752 0.0480029 0.0483367 0.0486391 0.0489303 0.0491911 0.0494598 0.049694 0.0499213 0.0501227 0.0503281 0.0505006 0.0506689 0.0508143 0.0509599 0.0510753 0.0511879 0.0512796 0.0513688 0.0514297 0.0514897 0.0515294 0.0515641 0.0515725 0.0515822 0.0515699 0.0515517 0.0515086 0.0514692 0.0514046 0.0513342 0.0512398 0.0511522 0.051034 0.050911 0.0507668 0.0506304 0.0504567 0.050282 0.0500895 0.0499004 0.0496729 0.0494477 0.0492049 0.048961 0.0486863 0.0484055 0.0481123 0.0478171 0.0474968 0.0471557 0.0468208 0.0464724 0.0461054 0.0457157 0.0453432 0.0449416 0.0445419 0.0441216 0.0437187 0.0433009 0.0428969 0.0424967 0.042133 0.0417997 0.0415233 0.0413583 0.0412837 0.0413635 0.0416545 0.0422166 0.0430023 0.0440776 0.0454096 0.0469572 0.0486332 0.0502647 0.0516452 0.052525 0.0527184 0.0519478 0.0500314 0.0467966 0.0421998 0.0362937 0.0292748 0.0214522 0.0131316 0.0047822 -0.0032272 -0.0104884 -0.0166449 -0.0214843 -0.0248617 -0.0267689 -0.0272946 -0.0266316 -0.0249692 -0.022607 -0.0197881 -0.0167383 -0.0137204 -0.0108337 -0.00823774 -0.00598898 -0.00408627 -0.0025732 -0.00138 -0.000493404 0.000128702 0.000548637 0.000786698 0.000898992 0.000911535 0.000854342 0.000753087 0.000622169 0.000479066 0.000328433 0.000181995 3.82661e-05 
0 0.000349473 0.000718428 0.00108946 0.00150771 0.00195952 0.00247252 0.00307975 0.00377969 0.00464129 0.00567516 0.00693664 0.00848506 0.0103427 0.0125894 0.0152394 0.0183367 0.0218882 0.0258529 0.0301903 0.0347589 0.0394141 0.0439311 0.0480576 0.0515356 0.0540743 0.0554516 0.0554588 0.053985 0.0510226 0.0466671 0.0411412 0.0347738 0.0279402 0.0210549 0.0145487 0.00876094 0.00404504 0.000618786 -0.00142506 -0.00206912 -0.00146021 0.000212642 0.00274488 0.00590035 0.0094208 0.013098 0.0167019 0.0201032 0.0232442 0.0260823 0.0286118 0.0308098 0.0327112 0.03437 0.0358436 0.0371509 0.0383385 0.0393876 0.0403371 0.0412463 0.0421017 0.0428792 0.043602 0.0442971 0.0449542 0.0455858 0.0461603 0.0467103 0.0472434 0.0477534 0.0482148 0.0486699 0.0491006 0.049507 0.0498929 0.0502627 0.0506057 0.0509387 0.0512564 0.0515456 0.0518266 0.0520948 0.0523438 0.0525722 0.0528004 0.0530026 0.0531962 0.0533757 0.0535476 0.0536935 0.0538439 0.0539731 0.0540917 0.0541949 0.0543026 0.0543807 0.0544562 0.0545217 0.0545831 0.0546156 0.0546556 0.0546805 0.054695 0.0546901 0.0546943 0.0546737 0.0546465 0.0546079 0.0545693 0.0545033 0.0544408 0.0543633 0.0542758 0.0541721 0.0540724 0.0539467 0.0538148 0.0536772 0.0535283 0.0533568 0.0531868 0.053005 0.0528047 0.0525987 0.0523799 0.0521483 0.0519108 0.0516643 0.0513862 0.0511187 0.0508434 0.0505473 0.0502276 0.0499201 0.0496007 0.0492828 0.0489365 0.0485811 0.048256 0.0479533 0.0476276 0.0473206 0.0470877 0.0469262 0.0468659 0.0469154 0.0471315 0.0475711 0.0482823 0.0492596 0.0505094 0.0519848 0.0536525 0.0554139 0.0570614 0.058399 0.0591835 0.0591665 0.058134 0.0558972 0.0522804 0.0472773 0.0409526 0.0334918 0.0252206 0.0164754 0.00767763 -0.000748684 -0.00840357 -0.0149436 -0.0201097 -0.0237799 -0.0259306 -0.026648 -0.0261152 -0.0245401 -0.0222067 -0.0193635 -0.0162776 -0.0131726 -0.0102077 -0.00753473 -0.00519624 -0.00324705 -0.00167791 -0.00045551 0.000432979 0.00106153 0.00145028 0.00165614 0.00172535 0.00167621 0.00156517 0.00139756 0.00120413 0.00100313 0.000791657 0.000594972 0.000400156 
0 0.000483152 0.000985579 0.00148927 0.00204094 0.00262992 0.00328508 0.00404662 0.00491324 0.00595865 0.00719658 0.00867817 0.010471 0.0125894 0.0151196 0.0180797 0.0215002 0.0253984 0.0297173 0.0344091 0.0393236 0.0442924 0.0490896 0.0534451 0.0571038 0.0597739 0.0612336 0.0612821 0.0598023 0.0567992 0.0523637 0.0467334 0.0402408 0.0332631 0.0262211 0.019529 0.0135339 0.0085781 0.00489262 0.00258421 0.00168821 0.00207944 0.00357884 0.00599439 0.00907826 0.0125893 0.0163082 0.0200039 0.023537 0.0268201 0.0297873 0.032427 0.034728 0.0367094 0.0384328 0.039937 0.0412417 0.0424042 0.043431 0.0443562 0.045215 0.0459993 0.0467107 0.0473856 0.0480147 0.0485933 0.0491494 0.0496623 0.0501428 0.0506019 0.0510352 0.0514305 0.0518222 0.0521804 0.0525135 0.0528386 0.0531499 0.053423 0.0536933 0.0539556 0.0541907 0.0544116 0.0546274 0.0548259 0.0550103 0.0551897 0.0553471 0.0555012 0.0556493 0.0557806 0.055893 0.0560198 0.0561267 0.0562142 0.0563013 0.0563994 0.056462 0.0565218 0.0565902 0.0566508 0.0566779 0.0567225 0.0567647 0.0567856 0.0567915 0.0568197 0.0568255 0.0568151 0.0568069 0.0568057 0.0567744 0.056744 0.0567134 0.0566725 0.0566154 0.0565628 0.0564947 0.0564201 0.056343 0.0562508 0.0561466 0.056048 0.0559357 0.0557996 0.0556731 0.0555373 0.0553806 0.0552182 0.05506 0.0548737 0.0546908 0.0544995 0.0542929 0.0540788 0.0538696 0.0536368 0.0534084 0.0531809 0.0529401 0.0527129 0.0525045 0.0523014 0.0521345 0.0520361 0.0520056 0.0520929 0.05232 0.0527291 0.0533809 0.0543001 0.0554826 0.0569324 0.0585989 0.0604176 0.0622734 0.0639466 0.0652247 0.0658791 0.065659 0.0643664 0.061815 0.0578481 0.0524675 0.0457561 0.0379173 0.0292767 0.0201827 0.011039 0.00227412 -0.00571828 -0.0125871 -0.0180598 -0.0220094 -0.0243971 -0.0253147 -0.0249351 -0.023474 -0.0212112 -0.0183944 -0.0153025 -0.0121538 -0.00913099 -0.00638953 -0.00398576 -0.00198947 -0.000386048 0.000844907 0.00172326 0.00232428 0.00266933 0.00282284 0.00283024 0.00271615 0.00253492 0.00229593 0.00202989 0.00175476 0.00147279 0.00120511 0.000945129 
0 0.000647158 0.00129496 0.00198167 0.00269257 0.00346085 0.00431302 0.00524929 0.00633553 0.00758512 0.00904334 0.0107843 0.0128203 0.0152394 0.0180797 0.0213619 0.0251481 0.0293927 0.0340791 0.0391246 0.044359 0.0496277 0.0546736 0.0592326 0.0630416 0.0658221 0.0673303 0.0673959 0.0659058 0.0628434 0.0583635 0.0526578 0.0460741 0.0390064 0.0318268 0.0249679 0.018773 0.0135765 0.00960322 0.00700537 0.00579701 0.00587632 0.00712598 0.0093168 0.0122418 0.0156618 0.019349 0.0230542 0.0266495 0.0300239 0.0330653 0.0357923 0.0381645 0.0402014 0.04194 0.0434514 0.0447343 0.0458466 0.0468243 0.0476883 0.0484696 0.049151 0.0497876 0.0503757 0.050916 0.0513873 0.0518546 0.0522803 0.0526739 0.053037 0.053376 0.0536942 0.0540009 0.0542778 0.05452 0.0547782 0.0550095 0.0552147 0.0554029 0.0556069 0.0557723 0.0559358 0.0560815 0.0562305 0.0563591 0.0564898 0.0565916 0.056707 0.0568138 0.056905 0.0569789 0.0570794 0.0571584 0.0572167 0.0572843 0.0573685 0.0574158 0.0574613 0.0575289 0.057587 0.0576125 0.057661 0.057718 0.057748 0.0577681 0.0578191 0.0578518 0.0578642 0.0578869 0.057926 0.0579316 0.0579404 0.0579558 0.0579708 0.0579604 0.0579648 0.057955 0.0579515 0.0579313 0.0579128 0.0578773 0.0578649 0.0578211 0.0577721 0.0577256 0.0576905 0.0576159 0.0575498 0.0574859 0.0574121 0.0573288 0.0572411 0.0571447 0.0570497 0.056965 0.0568444 0.0567381 0.0566383 0.05655 0.0564474 0.0563766 0.056326 0.0563356 0.0563984 0.0565466 0.0568418 0.0572873 0.057931 0.0588266 0.0600103 0.0614322 0.0631287 0.0650144 0.0669934 0.0689407 0.0706494 0.0718837 0.0724014 0.0720041 0.0704481 0.067593 0.0633162 0.0576139 0.0505868 0.0424569 0.0335397 0.0241609 0.0147678 0.00573543 -0.00252677 -0.00964577 -0.0153883 -0.0195837 -0.0222009 -0.0233243 -0.0231188 -0.0217854 -0.0196118 -0.0168509 -0.0137559 -0.0106037 -0.00754225 -0.00475243 -0.00232714 -0.000285174 0.00132142 0.00254925 0.00342097 0.00397168 0.00428016 0.00436623 0.00429401 0.00410708 0.00382603 0.00350237 0.00314526 0.00277664 0.00241857 0.00206467 0.00173438 
0 0.000841228 0.00170955 0.00257789 0.00350689 0.00448567 0.00553689 0.00672102 0.00802363 0.00952772 0.0112628 0.0132593 0.0156169 0.0183367 0.0215002 0.0251481 0.0292647 0.0338901 0.0389333 0.0443047 0.0498672 0.0553922 0.0606576 0.0653861 0.069307 0.0721439 0.0736849 0.0737357 0.072196 0.0691089 0.0645454 0.0587875 0.0521448 0.0449716 0.0376958 0.0306782 0.024286 0.0188275 0.0145682 0.0116105 0.0100252 0.00975425 0.0106288 0.0125244 0.0151994 0.0184336 0.0219781 0.0256457 0.0292267 0.0326001 0.0357052 0.0384596 0.0408642 0.0429173 0.0446806 0.0461342 0.0473718 0.0484388 0.0493487 0.0501093 0.0507752 0.0513825 0.0519096 0.0523928 0.0528055 0.0531941 0.0535409 0.053873 0.0541563 0.0544251 0.0546587 0.0548873 0.0551019 0.0552827 0.0554427 0.0556074 0.0557677 0.0558833 0.0560047 0.0561196 0.0562335 0.0563146 0.0564066 0.0564809 0.0565701 0.0566293 0.0566922 0.056749 0.0568251 0.0568617 0.0569107 0.0569679 0.0570273 0.0570499 0.0571051 0.0571621 0.0572036 0.057231 0.0572994 0.057347 0.057382 0.057428 0.0575014 0.057537 0.0575823 0.0576455 0.0577124 0.0577443 0.0578086 0.0578748 0.0579328 0.0579722 0.0580478 0.0581049 0.0581624 0.0582085 0.0582796 0.0583307 0.0583914 0.0584307 0.0584929 0.0585465 0.0585977 0.0586256 0.0586846 0.0587348 0.0587672 0.0587964 0.058844 0.0588836 0.0589076 0.0589415 0.0589683 0.0590084 0.0590306 0.0590678 0.0590989 0.0591507 0.0591872 0.0592682 0.0593686 0.0594947 0.0596757 0.0599568 0.0603438 0.0608545 0.0615738 0.0625034 0.0636943 0.0651462 0.0668952 0.068855 0.0709709 0.0731433 0.0751983 0.076934 0.0781214 0.0785441 0.0779313 0.0761532 0.0730282 0.0684706 0.0625115 0.0552533 0.0469157 0.037797 0.028277 0.0186973 0.00950912 0.00108406 -0.00624654 -0.0121766 -0.0165865 -0.0194144 -0.0207316 -0.0206889 -0.0195101 -0.0174345 -0.0147334 -0.0116937 -0.00851589 -0.00545232 -0.0026346 -0.000156257 0.00188167 0.0035192 0.00473249 0.00556367 0.00608753 0.00631265 0.00633134 0.0061756 0.00588174 0.00551685 0.00508148 0.00462399 0.0041616 0.00369462 0.00325796 0.00283494 
0 0.00108963 0.00217941 0.0033136 0.00447258 0.00570125 0.00702181 0.00844364 0.0100386 0.0118141 0.0138359 0.0161602 0.0188156 0.0218882 0.0253984 0.0293927 0.0338901 0.0388579 0.0442489 0.0499393 0.0557785 0.0615363 0.0669784 0.0718252 0.0757951 0.0786592 0.0801565 0.0801576 0.0785669 0.0753875 0.0707805 0.0649543 0.0582353 0.0509942 0.0436083 0.0364375 0.029854 0.0241392 0.0195239 0.0161904 0.0141607 0.0134277 0.013893 0.0153917 0.0177195 0.0206667 0.0240028 0.0275087 0.0310233 0.034382 0.0374659 0.0402082 0.0426146 0.0446726 0.0464015 0.047841 0.0490192 0.0499788 0.0507906 0.0514898 0.0520556 0.0525168 0.0529252 0.0533049 0.0536217 0.0538784 0.0541062 0.0543307 0.0545241 0.0546767 0.0548071 0.0549406 0.0550613 0.05515 0.0552209 0.0552996 0.0553734 0.0554195 0.0554565 0.0555008 0.0555431 0.0555655 0.0555837 0.0556067 0.0556344 0.055645 0.0556531 0.0556712 0.0556961 0.0557004 0.0557118 0.0557388 0.0557636 0.0557709 0.0558005 0.0558392 0.0558664 0.0558915 0.0559454 0.0559924 0.0560311 0.056085 0.0561587 0.0562135 0.0562755 0.0563582 0.0564437 0.0565124 0.0566029 0.0567057 0.0568005 0.0568894 0.0570032 0.0571179 0.0572249 0.0573326 0.0574602 0.057586 0.057705 0.0578237 0.0579613 0.0580992 0.0582248 0.0583507 0.058498 0.0586457 0.0587769 0.0589101 0.0590642 0.0592241 0.0593668 0.059507 0.0596684 0.05985 0.0600169 0.0601742 0.0603527 0.0605755 0.060806 0.0610309 0.0612895 0.0616411 0.0620664 0.0625608 0.0631781 0.0639796 0.0649913 0.0662467 0.0677718 0.0695573 0.0716007 0.0738606 0.0762511 0.0786101 0.0807798 0.0825532 0.0836956 0.0839838 0.0832247 0.0812285 0.0778645 0.0731062 0.0669433 0.0595277 0.051084 0.041889 0.0322958 0.0226839 0.0134272 0.00490778 -0.00251205 -0.00860152 -0.0131614 -0.0161555 -0.0176493 -0.0177594 -0.0167186 -0.0147498 -0.0121284 -0.00911241 -0.00595239 -0.00286378 -6.68361e-06 0.0024831 0.00456701 0.00619737 0.00739913 0.0082152 0.00866769 0.00884537 0.0087761 0.00852188 0.00814163 0.00765178 0.00711572 0.00654398 0.00596153 0.00539905 0.00484617 0.00433106 
0 0.00136626 0.00274228 0.00415298 0.00560306 0.00712299 0.00873515 0.0104639 0.0123596 0.014448 0.0167912 0.019437 0.022434 0.0258529 0.0297173 0.0340791 0.0389333 0.0442489 0.0499668 0.0559393 0.0620161 0.0679513 0.0735046 0.0784108 0.0823799 0.0851943 0.0866126 0.0865036 0.0847976 0.0815169 0.0768189 0.0709259 0.0641498 0.0568353 0.0493462 0.0420249 0.0352261 0.0292233 0.0242569 0.0204923 0.0179732 0.0167317 0.0166747 0.0176825 0.0195844 0.0221646 0.0252018 0.0285034 0.0318669 0.0351194 0.0381594 0.0408764 0.0432634 0.0453062 0.0470075 0.0483839 0.0494961 0.0503948 0.051129 0.0517096 0.0521477 0.0525145 0.0528217 0.0530744 0.0532655 0.0534206 0.0535394 0.0536581 0.0537446 0.0537964 0.0538328 0.0538758 0.0539011 0.0539052 0.0538994 0.0538922 0.0538892 0.053867 0.0538356 0.053807 0.0537916 0.0537524 0.0537151 0.0536834 0.0536622 0.0536215 0.0535927 0.0535671 0.0535513 0.0535229 0.0535107 0.0535008 0.0535009 0.0534937 0.0535059 0.0535195 0.0535424 0.053564 0.0536068 0.0536475 0.053699 0.053755 0.0538299 0.0538996 0.0539848 0.0540764 0.0541824 0.0542827 0.0544028 0.0545277 0.0546639 0.0547938 0.0549469 0.0551033 0.055266 0.0554222 0.0556073 0.0557916 0.0559747 0.0561578 0.056372 0.0565778 0.0567815 0.0569935 0.0572278 0.0574576 0.0576884 0.0579235 0.0581765 0.0584436 0.0587008 0.0589623 0.0592491 0.0595556 0.0598503 0.0601686 0.0605034 0.0608676 0.0612569 0.0616851 0.0621472 0.0626957 0.0633357 0.0640877 0.0649919 0.066086 0.0674188 0.0690162 0.0708822 0.0730123 0.0754131 0.0779799 0.0806183 0.0831688 0.0854417 0.0872424 0.0883546 0.088542 0.0876155 0.0854319 0.0818742 0.0769517 0.0706834 0.0632133 0.0547576 0.045584 0.0360365 0.0264708 0.017259 0.00876342 0.00132187 -0.00482487 -0.0094836 -0.0126099 -0.0142393 -0.0144825 -0.0135594 -0.0116724 -0.00910697 -0.00611673 -0.00294855 0.00016028 0.00305491 0.00558734 0.00769977 0.0093565 0.0105614 0.011358 0.0117795 0.0118936 0.0117502 0.0114063 0.0109161 0.0103206 0.00966287 0.00897229 0.00827581 0.00759128 0.00693408 0.00631105 
