0 0 0 0 0 0 0 0 0 0 0 0 0 0 0 0 0 0 0 0 0 0 0 0 0 0 0 0 0 0 0 0 0 0 0 0 0 0 0 0 0 0 0 0 0 0 0 0 0 0 0 0 0 0 0 0 0 0 0 0 0 0 0 0 0 0 0 0 0 0 0 0 0 0 0 0 0 0 0 0 0 0 0 0 0 0 0 0 0 0 0 0 0 0 0 0 0 0 0 0 0 0 0 0 0 0 0 0 0 0 0 0 0 0 0 0 0 0 0 0 0 0 0 0 0 0 0 0 0 0 0 0 0 0 0 0 0 0 0 0 0 0 0 0 0 0 0 0 0 0 0 0 0 0 0 0 0 0 0 0 0 0 0 0 0 0 0 0 0 0 0 0 0 0 0 0 0 0 0 0 0 0 0 0 0 0 0 0 0 0 0 0 0 0 0 0 0 0 0 0 
0 -0.00237344 -0.00465538 -0.00678944 -0.00869936 -0.0103788 -0.0117996 -0.0129643 -0.0138983 -0.0146112 -0.0151622 -0.015574 -0.0158888 -0.0161274 -0.0163033 -0.0164405 -0.0165396 -0.0166191 -0.0166564 -0.0166583 -0.016611 -0.0165155 -0.0163858 -0.0161898 -0.0159482 -0.0156385 -0.0152764 -0.0148758 -0.0144175 -0.0139186 -0.0133759 -0.0128046 -0.0122126 -0.0116053 -0.0109711 -0.0103441 -0.00972396 -0.00910876 -0.00852263 -0.00793532 -0.00738847 -0.00687342 -0.00637643 -0.00591349 -0.00548559 -0.00509101 -0.00473092 -0.0043971 -0.00408191 -0.00381126 -0.00355605 -0.00332113 -0.00311197 -0.00293071 -0.00276406 -0.00260681 -0.00247175 -0.00234983 -0.0022428 -0.00214717 -0.00206316 -0.00198531 -0.00192398 -0.00185461 -0.00179598 -0.00175966 -0.00171605 -0.00166604 -0.00163499 -0.00160452 -0.00156432 -0.00154049 -0.00152181 -0.00149478 -0.00146108 -0.00144295 -0.0014339 -0.00141441 -0.0013845 -0.00137422 -0.00136596 -0.0013462 -0.0013324 -0.00132493 -0.0013088 -0.00129969 -0.00129518 -0.00128079 -0.00127151 -0.00127026 -0.00126066 -0.00125075 -0.00125078 -0.00124469 -0.00123683 -0.00123632 -0.0012343 -0.00122712 -0.00122801 -0.00122775 -0.00122327 -0.00122355 -0.00122699 -0.00122316 -0.00122486 -0.00123006 -0.00122905 -0.00122976 -0.00123886 -0.00123977 -0.00124059 -0.00125104 -0.00125664 -0.00125796 -0.00126962 -0.00127733 -0.00128031 -0.00129679 -0.00130842 -0.00130847 -0.00132323 -0.00134874 -0.00135585 -0.00136187 -0.00138115 -0.00140825 -0.00142395 -0.00143609 -0.00145774 -0.00148672 -0.00150189 -0.00152794 -0.00156221 -0.00157878 -0.00159688 -0.00163523 -0.00166396 -0.00168239 -0.00171295 -0.00173759 -0.00175856 -0.00177727 -0.00180157 -0.0018195 -0.00183255 -0.00183605 -0.00184011 -0.00184043 -0.00183638 -0.00182085 -0.0017999 -0.0017854 -0.00174433 -0.00170088 -0.00165928 -0.00160931 -0.00154904 -0.00148597 -0.00140678 -0.00133234 -0.00124875 -0.00113794 -0.00103966 -0.000923257 -0.000799786 -0.000661547 -0.000503506 -0.000340634 -0.000169556 1.98212e-05 0.000223954 0.000426208 0.000640454 0.000844096 0.00106061 0.00127424 0.00146732 0.00165052 0.00180139 0.00193907 0.00204181 0.00210817 0.0021327 0.00212075 0.00208846 0.00203253 0.00198006 0.00192619 0.00191575 0.00196725 0.00209909 0.00233939 0.00265584 0.00306619 0.0035278 0.00401657 0.00450957 0.00493769 0.00529576 0.00552814 
0 -0.00465538 -0.00914562 -0.0133157 -0.0170746 -0.0203618 -0.0231412 -0.0254305 -0.027243 -0.0286411 -0.0297076 -0.0305025 -0.0311137 -0.0315722 -0.0319152 -0.0321885 -0.0323923 -0.0325541 -0.0326542 -0.0326639 -0.0325977 -0.0324373 -0.0321888 -0.0318554 -0.0313907 -0.030826 -0.0301596 -0.0293881 -0.0285452 -0.0275823 -0.0265492 -0.0254608 -0.0243206 -0.0231555 -0.0219466 -0.0207364 -0.0195332 -0.0183585 -0.0171886 -0.0160575 -0.0149815 -0.0139565 -0.012996 -0.0120739 -0.0112208 -0.0104312 -0.00970943 -0.00901182 -0.00839886 -0.0078408 -0.00731992 -0.00685844 -0.00641836 -0.00603528 -0.00569308 -0.00537832 -0.00508128 -0.00485842 -0.00462495 -0.00441337 -0.00423475 -0.00408084 -0.00393746 -0.00380739 -0.00370024 -0.00359308 -0.00349807 -0.00340434 -0.00334748 -0.00326789 -0.0032103 -0.00314274 -0.00308843 -0.00303303 -0.00300586 -0.00295017 -0.00290562 -0.00286431 -0.00283604 -0.00280809 -0.00277247 -0.00273086 -0.00271406 -0.00270021 -0.00265844 -0.00264034 -0.00262854 -0.00260657 -0.00257978 -0.00258054 -0.00255507 -0.00254337 -0.00253338 -0.00252888 -0.00250521 -0.00251179 -0.00249827 -0.00249373 -0.0024855 -0.00249371 -0.00247637 -0.00248597 -0.00248297 -0.00248563 -0.00248002 -0.00249868 -0.00248941 -0.00250035 -0.00250887 -0.00251941 -0.00251649 -0.00254496 -0.0025482 -0.00255614 -0.00257819 -0.00260437 -0.00260364 -0.00262849 -0.00265852 -0.00267916 -0.00270242 -0.00272562 -0.00275304 -0.00279363 -0.00283454 -0.0028488 -0.00289233 -0.00293585 -0.00298817 -0.00302265 -0.00307332 -0.00311124 -0.00317648 -0.00322005 -0.00328334 -0.00333333 -0.00338817 -0.00343698 -0.00349246 -0.00354595 -0.00360478 -0.00364316 -0.00366636 -0.00372334 -0.00373865 -0.0037519 -0.00376912 -0.00378027 -0.00374872 -0.0037297 -0.00368519 -0.00364 -0.00358179 -0.00348859 -0.00340087 -0.00329498 -0.00317079 -0.00301228 -0.00286536 -0.00269535 -0.00251 -0.00229617 -0.00206255 -0.00182009 -0.00155297 -0.00125719 -0.000926847 -0.00060585 -0.000246244 0.000126122 0.000525569 0.00095044 0.00135078 0.00177464 0.00219432 0.0026018 0.00299235 0.00332921 0.00362909 0.00389216 0.00408725 0.00421637 0.0042632 0.00423227 0.00416567 0.00405271 0.00393228 0.00383657 0.0038001 0.00390768 0.00417704 0.00463907 0.00529207 0.0060894 0.00701368 0.00798749 0.00894132 0.00980827 0.0104903 0.0109531 
0 -0.00678944 -0.0133157 -0.0194023 -0.0248552 -0.0296262 -0.0336513 -0.0369394 -0.0395532 -0.0415454 -0.0430654 -0.0441985 -0.045061 -0.0457169 -0.0462128 -0.0466099 -0.0469187 -0.0471785 -0.0473407 -0.0474087 -0.047354 -0.0471747 -0.0468957 -0.0464528 -0.0458738 -0.0451192 -0.0442192 -0.0432014 -0.0420329 -0.0407385 -0.039321 -0.0378154 -0.0362409 -0.0346115 -0.0329054 -0.0311969 -0.0294935 -0.027796 -0.026148 -0.0245016 -0.0229412 -0.0214541 -0.0200168 -0.0186574 -0.0173868 -0.0162046 -0.0151115 -0.0140883 -0.0131292 -0.0122807 -0.0114854 -0.0107529 -0.0100893 -0.00950458 -0.00896822 -0.00846569 -0.00802186 -0.00762541 -0.00726808 -0.00694509 -0.00665936 -0.00639826 -0.00617814 -0.00595157 -0.00575692 -0.00561226 -0.00546138 -0.00530361 -0.00519119 -0.00508252 -0.00496139 -0.00487379 -0.00480116 -0.00471539 -0.00462036 -0.00455499 -0.00451076 -0.00444828 -0.00436731 -0.00432638 -0.00428917 -0.00423086 -0.00418734 -0.00415757 -0.00410829 -0.00407699 -0.00405568 -0.00401526 -0.00398446 -0.00397366 -0.00394433 -0.00391683 -0.00390906 -0.00389136 -0.00386854 -0.00386391 -0.00385481 -0.00383776 -0.00383603 -0.00383478 -0.00382333 -0.00382464 -0.00383096 -0.00382504 -0.00382929 -0.00384354 -0.00384339 -0.00384991 -0.00387249 -0.00388045 -0.00388744 -0.00391756 -0.00393573 -0.00394735 -0.00398099 -0.00400884 -0.00402488 -0.00407112 -0.00410877 -0.00412457 -0.00416996 -0.00423756 -0.00426937 -0.00430251 -0.00436322 -0.00443675 -0.004491 -0.00454125 -0.0046117 -0.00469468 -0.00475457 -0.00483597 -0.004936 -0.00500017 -0.005071 -0.00518027 -0.00527166 -0.00534144 -0.00543518 -0.00551641 -0.0055892 -0.00565263 -0.00572321 -0.00578217 -0.00582216 -0.00583767 -0.00585139 -0.00585265 -0.00583259 -0.00578568 -0.00572021 -0.00565827 -0.00553491 -0.00539374 -0.00524754 -0.00507445 -0.00486662 -0.00463621 -0.00436661 -0.00409186 -0.00378475 -0.00341143 -0.00305007 -0.00264701 -0.00222013 -0.00175373 -0.00124152 -0.000720032 -0.000177504 0.000403189 0.00101509 0.00162342 0.00224497 0.00284391 0.00346101 0.00406163 0.00460689 0.00510858 0.00552586 0.00589314 0.00616247 0.00632611 0.00637253 0.00631593 0.00619874 0.00602245 0.00584999 0.00569303 0.00565747 0.00580961 0.00620326 0.00689943 0.00783793 0.00903278 0.0103847 0.011815 0.0132381 0.0144878 0.0155117 0.0161767 
0 -0.00869936 -0.0170746 -0.0248552 -0.0318387 -0.0379159 -0.043028 -0.0471932 -0.0504664 -0.0529568 -0.0548259 -0.0562066 -0.0572489 -0.0580378 -0.0586433 -0.0591419 -0.0595527 -0.0599084 -0.0601787 -0.060325 -0.0603472 -0.0602251 -0.0599638 -0.059545 -0.0589239 -0.0581157 -0.0571263 -0.0559616 -0.0546386 -0.0531219 -0.0514564 -0.0496727 -0.047786 -0.0458203 -0.0437646 -0.0416751 -0.0395739 -0.0374836 -0.0353946 -0.0333351 -0.0313457 -0.0294279 -0.0275881 -0.0258158 -0.0241434 -0.0225757 -0.0211127 -0.0197161 -0.0184405 -0.017273 -0.0161846 -0.0151908 -0.0142645 -0.0134361 -0.0126851 -0.0119905 -0.0113526 -0.0108139 -0.0102986 -0.00982677 -0.00941203 -0.00904574 -0.00871277 -0.0084051 -0.00813876 -0.00789683 -0.00767246 -0.00746121 -0.00730047 -0.00713112 -0.006982 -0.00683867 -0.00671485 -0.00659473 -0.0064998 -0.00639111 -0.00629771 -0.00620657 -0.00612716 -0.00605971 -0.00598621 -0.00590468 -0.0058523 -0.00580676 -0.00573405 -0.00568666 -0.00565051 -0.0056018 -0.0055534 -0.00553358 -0.00549031 -0.00545906 -0.00543655 -0.00541676 -0.00538222 -0.00537723 -0.00535723 -0.00534303 -0.00533166 -0.00533424 -0.00531592 -0.00532298 -0.00532305 -0.00532532 -0.00532572 -0.00534848 -0.00534726 -0.0053649 -0.00538657 -0.00540661 -0.00541832 -0.00546189 -0.00548346 -0.00550836 -0.00555379 -0.00560125 -0.00562463 -0.00567844 -0.00573868 -0.00578603 -0.00584287 -0.00590717 -0.00597044 -0.00604729 -0.00613115 -0.00619619 -0.0062838 -0.00637597 -0.00648041 -0.00657327 -0.00667512 -0.00677502 -0.00690251 -0.00700674 -0.00712733 -0.00724687 -0.00736462 -0.00747139 -0.0075878 -0.00770056 -0.00780938 -0.00789214 -0.00796037 -0.00804839 -0.00808874 -0.00811213 -0.00813253 -0.00813262 -0.00807866 -0.00801462 -0.00791547 -0.00780094 -0.00764514 -0.00743665 -0.00721477 -0.00695377 -0.00664422 -0.00627975 -0.00589711 -0.00547547 -0.00501036 -0.00448647 -0.00393017 -0.00334637 -0.00272192 -0.00204997 -0.00133334 -0.00061776 0.000134547 0.000911534 0.00171962 0.00254269 0.00333809 0.00413775 0.00492669 0.00568285 0.00638492 0.00699544 0.00752093 0.00796311 0.00827993 0.00846333 0.00849404 0.0083905 0.00820664 0.00795249 0.0076914 0.00748115 0.00741266 0.00760796 0.00812723 0.00902017 0.0102694 0.0118177 0.0135923 0.0154672 0.0173037 0.0189494 0.0202552 0.0211172 
0 -0.0103788 -0.0203618 -0.0296262 -0.0379159 -0.0451005 -0.0511141 -0.0559702 -0.0597527 -0.062594 -0.0646884 -0.066213 -0.0673395 -0.0681874 -0.0688472 -0.0694016 -0.0698892 -0.0703373 -0.0707139 -0.0709867 -0.0711343 -0.0711423 -0.0710087 -0.070695 -0.0701741 -0.0694345 -0.0684874 -0.0673455 -0.0660013 -0.064446 -0.0627031 -0.0608065 -0.0587778 -0.0566312 -0.054366 -0.0520364 -0.0496716 -0.0472877 -0.0448968 -0.042509 -0.0401753 -0.0379043 -0.0356936 -0.033554 -0.0315131 -0.0295823 -0.0277593 -0.0260272 -0.0244092 -0.0229181 -0.0215262 -0.0202362 -0.0190455 -0.0179677 -0.0169804 -0.0160648 -0.0152314 -0.0144903 -0.0138085 -0.0131857 -0.0126285 -0.012128 -0.0116766 -0.0112556 -0.0108845 -0.0105612 -0.0102587 -0.00997429 -0.00973639 -0.00951181 -0.00930028 -0.00911338 -0.00894826 -0.00878662 -0.00863423 -0.00849699 -0.00837913 -0.00825869 -0.00813869 -0.00804246 -0.00794948 -0.00784996 -0.00776826 -0.00769676 -0.00761234 -0.00754605 -0.00748998 -0.0074252 -0.0073665 -0.00732732 -0.00727667 -0.00723235 -0.00720067 -0.00716892 -0.00713289 -0.00711478 -0.00709309 -0.00707248 -0.00706052 -0.00705519 -0.00704231 -0.00704393 -0.00704735 -0.00704936 -0.00705708 -0.00707708 -0.00708685 -0.00710767 -0.00713766 -0.00716371 -0.00718993 -0.0072371 -0.00727498 -0.00731415 -0.00737072 -0.00742848 -0.00747706 -0.00754919 -0.00762249 -0.00768668 -0.00776863 -0.00786473 -0.00794812 -0.00803931 -0.00814854 -0.00825963 -0.00837103 -0.00848692 -0.00861716 -0.00874957 -0.00887982 -0.00902088 -0.00917616 -0.00931116 -0.00945448 -0.00961261 -0.00976184 -0.00989531 -0.0100359 -0.0101682 -0.0102876 -0.0103868 -0.0104771 -0.0105597 -0.0106042 -0.0106181 -0.0106179 -0.0105903 -0.0105149 -0.0104047 -0.0102577 -0.0100792 -0.00983747 -0.00954207 -0.00921381 -0.00883583 -0.00839428 -0.00789147 -0.00734176 -0.00674745 -0.00609348 -0.00536946 -0.00461268 -0.00381732 -0.00297932 -0.00209053 -0.00115975 -0.000220349 0.000741591 0.00173079 0.00274168 0.0037484 0.00473173 0.0056936 0.00663783 0.00753529 0.00835114 0.00906224 0.00965699 0.0101379 0.0104671 0.0106257 0.0106037 0.0104262 0.0101447 0.00979216 0.00943702 0.00915225 0.00905865 0.00928085 0.00990715 0.0109902 0.0125041 0.0143959 0.0165548 0.0188388 0.0210774 0.0230722 0.0246618 0.0257012 
0 -0.0117996 -0.0231412 -0.0336513 -0.043028 -0.0511141 -0.0578357 -0.0632037 -0.0673303 -0.0703723 -0.0725519 -0.0740922 -0.0751861 -0.0759918 -0.0766236 -0.0771705 -0.0776928 -0.0782089 -0.0786907 -0.0791101 -0.0794262 -0.0796279 -0.0797013 -0.0795936 -0.0792904 -0.0787555 -0.0779992 -0.077034 -0.0758303 -0.0744026 -0.0727518 -0.070913 -0.0689121 -0.0667531 -0.06445 -0.0620425 -0.0595667 -0.0570303 -0.0544642 -0.0518686 -0.0492957 -0.0467649 -0.044268 -0.0418335 -0.0394795 -0.0372261 -0.0350686 -0.0330188 -0.0310715 -0.0292595 -0.027563 -0.0259695 -0.0244995 -0.0231489 -0.0219041 -0.0207501 -0.0197049 -0.0187452 -0.0178781 -0.0170822 -0.016362 -0.0157112 -0.015126 -0.0145847 -0.0140972 -0.0136714 -0.0132738 -0.0129098 -0.0125853 -0.0122976 -0.0120169 -0.0117732 -0.0115518 -0.0113459 -0.0111404 -0.0109669 -0.0108078 -0.0106528 -0.0104986 -0.0103691 -0.0102466 -0.0101247 -0.0100134 -0.00991256 -0.00981433 -0.00972377 -0.00964451 -0.00956287 -0.00949234 -0.00942842 -0.00936976 -0.00931097 -0.00926756 -0.00922166 -0.00918441 -0.00915044 -0.00912647 -0.00909908 -0.00908594 -0.00907133 -0.00906533 -0.00906071 -0.00906769 -0.00907035 -0.00908667 -0.00910329 -0.00912694 -0.00915201 -0.00919087 -0.009225 -0.0092699 -0.00932034 -0.0093768 -0.00943358 -0.00950471 -0.00957526 -0.0096519 -0.00974109 -0.00983391 -0.00992414 -0.0100299 -0.0101513 -0.0102642 -0.0103825 -0.0105167 -0.010666 -0.0108039 -0.0109534 -0.011113 -0.0112826 -0.0114399 -0.011618 -0.0117961 -0.011967 -0.0121332 -0.0123176 -0.0124853 -0.0126385 -0.0127923 -0.012936 -0.0130564 -0.0131563 -0.0132473 -0.0133043 -0.0133354 -0.0133245 -0.0132861 -0.013207 -0.0130829 -0.0128969 -0.0126717 -0.0123956 -0.0120403 -0.0116273 -0.011155 -0.0106197 -0.010005 -0.00932418 -0.008572 -0.00777105 -0.00689767 -0.00595049 -0.0049655 -0.00393372 -0.00286051 -0.00173905 -0.000587688 0.000578943 0.00174856 0.00294142 0.00414179 0.00531739 0.00647022 0.0075735 0.00864328 0.00964621 0.0105382 0.0113086 0.0119325 0.0124083 0.0127079 0.0128027 0.0126925 0.012409 0.0119977 0.0115186 0.0110444 0.0106672 0.0105342 0.01077 0.0114897 0.0127447 0.0145042 0.0167159 0.0192341 0.0218988 0.0245079 0.026823 0.0286679 0.0298645 
0 -0.0129643 -0.0254305 -0.0369394 -0.0471932 -0.0559702 -0.0632037 -0.0689173 -0.0732195 -0.076321 -0.0784487 -0.0798757 -0.0808203 -0.0814764 -0.0819835 -0.0824459 -0.0829402 -0.0834687 -0.0840406 -0.0845859 -0.0850924 -0.0855288 -0.0858446 -0.0860405 -0.0860267 -0.085816 -0.0853854 -0.0847154 -0.0838227 -0.0826677 -0.0812779 -0.079671 -0.0778651 -0.0758626 -0.0737018 -0.0713817 -0.0689496 -0.0664355 -0.063815 -0.0611673 -0.0584807 -0.0557943 -0.0531311 -0.0504908 -0.0479033 -0.0453942 -0.0429647 -0.0406164 -0.0383945 -0.0362722 -0.0342768 -0.0323985 -0.0306402 -0.0290005 -0.0274878 -0.026091 -0.0247958 -0.0236261 -0.0225461 -0.0215531 -0.0206507 -0.0198433 -0.0190907 -0.0184234 -0.0178191 -0.0172556 -0.016748 -0.0162994 -0.0158846 -0.0155045 -0.0151697 -0.0148503 -0.0145565 -0.0142916 -0.0140636 -0.0138354 -0.0136157 -0.013418 -0.0132535 -0.0130814 -0.0129163 -0.0127681 -0.0126356 -0.0125043 -0.0123845 -0.0122693 -0.0121645 -0.0120703 -0.0119802 -0.011895 -0.0118216 -0.0117549 -0.0116908 -0.0116375 -0.0115903 -0.0115484 -0.0115127 -0.0114871 -0.0114634 -0.0114484 -0.0114401 -0.0114384 -0.01144 -0.0114528 -0.011469 -0.0114915 -0.0115216 -0.01156 -0.0115999 -0.0116505 -0.0117092 -0.011771 -0.0118399 -0.0119188 -0.0120037 -0.0120962 -0.0121966 -0.0122967 -0.0124151 -0.0125454 -0.0126721 -0.0127964 -0.012952 -0.0131148 -0.0132748 -0.0134292 -0.0136099 -0.0138001 -0.0139909 -0.0141735 -0.0143766 -0.0145725 -0.0147656 -0.0149703 -0.0151705 -0.0153468 -0.0155234 -0.0156959 -0.0158386 -0.0159786 -0.0160926 -0.0161743 -0.0162218 -0.0162527 -0.0162297 -0.0161697 -0.0160659 -0.0159073 -0.0156793 -0.0153939 -0.0150468 -0.0146149 -0.0141247 -0.0135388 -0.0128778 -0.0121399 -0.0113153 -0.0103988 -0.00942838 -0.00837746 -0.00725147 -0.00607898 -0.00482663 -0.0035549 -0.00223477 -0.000875107 0.000496488 0.00187462 0.00325469 0.00462856 0.00598955 0.00732881 0.00859559 0.00982581 0.0109727 0.0120252 0.0129616 0.0137228 0.0143354 0.0147512 0.0149659 0.0149538 0.0147122 0.0142838 0.0137129 0.0130828 0.012463 0.0119943 0.011803 0.0120513 0.0128582 0.0142556 0.0162585 0.0187447 0.0215967 0.0246097 0.0275346 0.0301583 0.0322111 0.0335553 
0 -0.0138983 -0.027243 -0.0395532 -0.0504664 -0.0597527 -0.0673303 -0.0732195 -0.0775626 -0.0805805 -0.0825353 -0.0837342 -0.0844195 -0.0848196 -0.0851114 -0.0853959 -0.0857765 -0.086261 -0.0868394 -0.0874948 -0.0881591 -0.0888194 -0.0894263 -0.0899186 -0.0902826 -0.0904528 -0.0904218 -0.0901811 -0.0896853 -0.08896 -0.0879789 -0.0867565 -0.0853107 -0.0836366 -0.0817633 -0.0797008 -0.0774844 -0.075116 -0.0726434 -0.0700683 -0.067416 -0.0647243 -0.0619918 -0.0592611 -0.0565476 -0.0538712 -0.0512379 -0.0487012 -0.0462205 -0.0438429 -0.041583 -0.0394172 -0.0373943 -0.0354902 -0.0337048 -0.0320442 -0.0305222 -0.0290821 -0.027786 -0.0265964 -0.0255038 -0.0245017 -0.0235919 -0.0227626 -0.0220004 -0.021322 -0.0207036 -0.0201442 -0.0196137 -0.019159 -0.0187235 -0.0183431 -0.0179937 -0.0176752 -0.017354 -0.0170905 -0.0168431 -0.0166129 -0.0163851 -0.0161764 -0.0159916 -0.0158263 -0.0156511 -0.0154862 -0.0153564 -0.0152187 -0.0150876 -0.0149721 -0.0148723 -0.0147608 -0.0146799 -0.0145945 -0.0145216 -0.0144501 -0.014404 -0.0143425 -0.0143079 -0.0142704 -0.0142498 -0.0142217 -0.0142235 -0.0142117 -0.0142217 -0.0142308 -0.0142599 -0.0142763 -0.014324 -0.0143633 -0.0144174 -0.0144739 -0.0145531 -0.0146164 -0.0147095 -0.0148062 -0.0149034 -0.0150055 -0.015141 -0.0152658 -0.0153936 -0.0155399 -0.015698 -0.0158673 -0.0160365 -0.0162054 -0.0163895 -0.0166087 -0.0168 -0.0170017 -0.0172092 -0.0174347 -0.0176425 -0.0178717 -0.0180728 -0.0182824 -0.0184713 -0.0186671 -0.0188389 -0.0189937 -0.0191221 -0.0192263 -0.019291 -0.0193318 -0.0193459 -0.0192798 -0.0191904 -0.0190342 -0.0188082 -0.0185158 -0.0181703 -0.0177171 -0.0172001 -0.0165848 -0.0158661 -0.0150745 -0.0141757 -0.0131901 -0.0121138 -0.0109581 -0.00970467 -0.00839149 -0.00700098 -0.0055548 -0.004067 -0.00253619 -0.000980639 0.000598074 0.00217676 0.0037642 0.0053179 0.00685723 0.00835587 0.00978476 0.0111615 0.0124342 0.0136141 0.0146751 0.0155683 0.0162961 0.0168188 0.01712 0.0171987 0.0170179 0.0166057 0.0159979 0.0152396 0.0144386 0.0136773 0.0130975 0.0128655 0.0131153 0.0139901 0.0155341 0.0177233 0.0204781 0.0236145 0.026926 0.030152 0.03301 0.035271 0.0367267 
0 -0.0146112 -0.0286411 -0.0415454 -0.0529568 -0.062594 -0.0703723 -0.076321 -0.0805805 -0.0834128 -0.0850918 -0.0859534 -0.0862724 -0.0863147 -0.0862775 -0.086294 -0.0864718 -0.0868144 -0.0873519 -0.0880266 -0.0888099 -0.0896615 -0.0905011 -0.091322 -0.0920375 -0.0926335 -0.093066 -0.0932896 -0.0933041 -0.0930792 -0.0926112 -0.0918939 -0.0909314 -0.0897168 -0.0882985 -0.0866443 -0.0847889 -0.0827569 -0.0805378 -0.0782073 -0.0757323 -0.0731602 -0.0705217 -0.0678318 -0.0651066 -0.0623709 -0.0596421 -0.0569526 -0.0543274 -0.0517497 -0.0492733 -0.0468899 -0.0446232 -0.0424526 -0.040411 -0.0385104 -0.0367297 -0.0350721 -0.0335418 -0.0321282 -0.030825 -0.0296405 -0.0285385 -0.0275618 -0.0266632 -0.0258235 -0.0250695 -0.0244066 -0.0237784 -0.0232164 -0.0227165 -0.0222488 -0.0218142 -0.0214274 -0.0210907 -0.0207682 -0.0204508 -0.0201718 -0.0199406 -0.0196936 -0.0194643 -0.0192667 -0.0190766 -0.0188871 -0.0187337 -0.0185717 -0.0184199 -0.0182921 -0.0181734 -0.0180448 -0.0179479 -0.0178553 -0.0177645 -0.0176865 -0.017628 -0.0175624 -0.0175156 -0.0174792 -0.0174485 -0.0174225 -0.0174184 -0.0174115 -0.0174165 -0.0174347 -0.0174618 -0.0174872 -0.0175381 -0.0175899 -0.0176457 -0.0177178 -0.0178074 -0.0178838 -0.0179861 -0.0181009 -0.0182139 -0.0183365 -0.0184868 -0.0186191 -0.0187756 -0.0189567 -0.0191257 -0.0192868 -0.0194975 -0.0197078 -0.0199037 -0.020105 -0.0203304 -0.0205594 -0.02078 -0.0209946 -0.021222 -0.0214344 -0.021625 -0.0218381 -0.0220247 -0.0221676 -0.0223017 -0.0224278 -0.0224943 -0.0225422 -0.0225434 -0.0224969 -0.0223889 -0.0222224 -0.0219932 -0.0217015 -0.0213191 -0.0208459 -0.0202901 -0.0196334 -0.0188842 -0.018013 -0.0170656 -0.0160058 -0.0148335 -0.0135641 -0.0122056 -0.0107561 -0.00923717 -0.00763862 -0.00597688 -0.00429392 -0.00253856 -0.000776738 0.00100544 0.00278742 0.00454084 0.00628235 0.00798033 0.00962197 0.011195 0.0126945 0.0140849 0.0153772 0.0165179 0.0175057 0.0183224 0.0189205 0.0193157 0.0194489 0.0193396 0.0189687 0.018352 0.0175408 0.0165795 0.0155898 0.0146666 0.013983 0.013688 0.0139436 0.0148825 0.0165379 0.0189192 0.0218864 0.0252813 0.0288553 0.0323119 0.0353934 0.0377959 0.0393492 
0 -0.0151622 -0.0297076 -0.0430654 -0.0548259 -0.0646884 -0.0725519 -0.0784487 -0.0825353 -0.0850918 -0.0864123 -0.0868539 -0.0867266 -0.0863198 -0.0858694 -0.0855197 -0.0853915 -0.0855064 -0.0858872 -0.0865104 -0.0873264 -0.0882949 -0.0893354 -0.0904123 -0.0914703 -0.0924626 -0.0933433 -0.0940623 -0.0945984 -0.094936 -0.0950515 -0.0949221 -0.0945383 -0.0938964 -0.0930236 -0.0918987 -0.0905348 -0.0889463 -0.087152 -0.0851894 -0.0830369 -0.0807317 -0.0783024 -0.0757757 -0.0731694 -0.0704957 -0.0677846 -0.0650838 -0.0623871 -0.0597048 -0.057087 -0.0545365 -0.052086 -0.0497192 -0.0474584 -0.0453323 -0.0433278 -0.0414282 -0.0396715 -0.0380503 -0.0365471 -0.0351589 -0.0338771 -0.0327227 -0.0316588 -0.0306807 -0.0298045 -0.029017 -0.028274 -0.0276131 -0.027018 -0.0264773 -0.0259821 -0.0255312 -0.0251191 -0.0247491 -0.0244018 -0.0240907 -0.023809 -0.0235277 -0.0232793 -0.0230654 -0.0228451 -0.0226325 -0.0224639 -0.0222893 -0.0221191 -0.0219762 -0.0218452 -0.0217052 -0.0215967 -0.0214938 -0.0213941 -0.0213073 -0.021242 -0.0211698 -0.0211181 -0.0210764 -0.0210432 -0.0210144 -0.0210093 -0.0210013 -0.0210082 -0.0210272 -0.0210575 -0.0210863 -0.0211424 -0.021199 -0.0212622 -0.0213418 -0.0214386 -0.0215237 -0.0216381 -0.0217644 -0.0218839 -0.0220177 -0.0221854 -0.0223342 -0.0224936 -0.022683 -0.0228717 -0.0230563 -0.0232664 -0.0234734 -0.02368 -0.0239054 -0.0241269 -0.024341 -0.0245517 -0.0247638 -0.0249722 -0.0251651 -0.0253245 -0.0254886 -0.0256224 -0.0257172 -0.0257884 -0.0258331 -0.0258116 -0.0257447 -0.0256226 -0.025448 -0.0251978 -0.0248539 -0.0244417 -0.0239423 -0.023326 -0.02261 -0.0218061 -0.0208804 -0.0198456 -0.0186831 -0.0174248 -0.0160664 -0.0145887 -0.0130154 -0.0113669 -0.0096381 -0.00783322 -0.00596442 -0.00405136 -0.00212774 -0.00016758 0.00179582 0.00374937 0.00567338 0.00755344 0.00939987 0.0111774 0.0128685 0.0144582 0.0159403 0.0173026 0.0185245 0.0195722 0.0204418 0.0211104 0.021557 0.0217637 0.0216916 0.0213593 0.0207552 0.0199139 0.0188779 0.0177058 0.0165254 0.0154515 0.0146627 0.0143168 0.0145707 0.0155542 0.0173082 0.019826 0.0229754 0.0265693 0.0303469 0.0340015 0.0372429 0.0397763 0.041401 
0 -0.015574 -0.0305025 -0.0441985 -0.0562066 -0.066213 -0.0740922 -0.0798757 -0.0837342 -0.0859534 -0.0868539 -0.086806 -0.0861568 -0.0852185 -0.0842635 -0.0834584 -0.0829301 -0.0827263 -0.0828599 -0.0833381 -0.0840983 -0.0850944 -0.0862541 -0.087513 -0.0888469 -0.0901823 -0.0914696 -0.092654 -0.0936932 -0.0945833 -0.095283 -0.0957594 -0.0959896 -0.0959751 -0.0957205 -0.0952121 -0.0944393 -0.0934019 -0.0921415 -0.0906595 -0.0889532 -0.087043 -0.0849583 -0.0827304 -0.0803705 -0.077884 -0.0753071 -0.0726999 -0.0700419 -0.067364 -0.0647027 -0.0620765 -0.0595126 -0.0570048 -0.0545769 -0.0522675 -0.0500764 -0.0479745 -0.0460129 -0.044187 -0.0424855 -0.0408981 -0.0394417 -0.038117 -0.0368938 -0.0357683 -0.0347554 -0.0338414 -0.0329916 -0.0322337 -0.0315454 -0.0309236 -0.0303536 -0.0298426 -0.0293757 -0.0289588 -0.0285658 -0.0282192 -0.0279036 -0.0276008 -0.0273278 -0.0270918 -0.0268536 -0.0266303 -0.0264453 -0.0262601 -0.0260798 -0.0259269 -0.0257867 -0.0256414 -0.0255234 -0.0254136 -0.0253096 -0.0252169 -0.0251452 -0.0250704 -0.0250149 -0.0249688 -0.0249341 -0.0249042 -0.0248965 -0.0248884 -0.0248966 -0.0249151 -0.0249464 -0.0249791 -0.0250366 -0.0250954 -0.0251638 -0.0252479 -0.0253469 -0.025439 -0.0255579 -0.0256888 -0.0258148 -0.0259553 -0.0261233 -0.0262802 -0.0264453 -0.0266368 -0.0268234 -0.0270111 -0.0272175 -0.0274227 -0.0276174 -0.0278292 -0.0280308 -0.0282243 -0.0284051 -0.028583 -0.0287393 -0.0288762 -0.0289767 -0.0290672 -0.0291143 -0.0291115 -0.029068 -0.0289822 -0.028826 -0.0285983 -0.0283027 -0.0279321 -0.0274671 -0.0268845 -0.0262266 -0.02546 -0.0245588 -0.023542 -0.0224263 -0.0211791 -0.0198125 -0.0183278 -0.0167406 -0.0150663 -0.0132728 -0.0113923 -0.00945229 -0.00745453 -0.00538961 -0.00328628 -0.00116705 0.000950661 0.00306652 0.00517746 0.0072422 0.00924279 0.011175 0.0130434 0.0148159 0.0164727 0.0180019 0.0193964 0.0206637 0.0217544 0.0226538 0.0233527 0.0238288 0.0240838 0.0240704 0.0237739 0.023204 0.0223631 0.021295 0.0200335 0.0186532 0.0172807 0.0160576 0.015161 0.0147588 0.0150009 0.0160111 0.0178403 0.0204609 0.0237523 0.0274979 0.0314268 0.035227 0.0385782 0.0412018 0.0428686 
0 -0.0158888 -0.0311137 -0.045061 -0.0572489 -0.0673395 -0.0751861 -0.0808203 -0.0844195 -0.0862724 -0.0867266 -0.0861568 -0.0849374 -0.0834203 -0.0818845 -0.0805511 -0.0795387 -0.0789115 -0.0787206 -0.0789369 -0.0795507 -0.0804822 -0.0816476 -0.0830214 -0.0845203 -0.0861187 -0.0877371 -0.0892994 -0.0907946 -0.0921767 -0.0934211 -0.094479 -0.0953162 -0.0959223 -0.0963136 -0.0964487 -0.0963071 -0.0959092 -0.0952385 -0.0943409 -0.0931811 -0.091766 -0.0901451 -0.088333 -0.0863328 -0.0841599 -0.0818571 -0.0794402 -0.0769595 -0.0743907 -0.0717851 -0.0691885 -0.0666011 -0.0640269 -0.0615097 -0.0590857 -0.056732 -0.0544882 -0.0523463 -0.050336 -0.0484473 -0.0466876 -0.0450428 -0.0435485 -0.0421749 -0.0408929 -0.0397355 -0.0386959 -0.0377434 -0.036865 -0.0360987 -0.0353928 -0.0347469 -0.0341611 -0.0336657 -0.0331945 -0.0327576 -0.0323697 -0.0320429 -0.0317194 -0.0314254 -0.0311661 -0.0309283 -0.0307016 -0.0305024 -0.0303135 -0.0301341 -0.029979 -0.029832 -0.0296926 -0.0295671 -0.0294601 -0.0293523 -0.0292638 -0.0291828 -0.0291157 -0.0290528 -0.0290106 -0.0289691 -0.0289465 -0.0289288 -0.0289276 -0.0289296 -0.0289526 -0.0289758 -0.0290168 -0.0290655 -0.0291285 -0.0291925 -0.0292796 -0.0293702 -0.0294693 -0.0295804 -0.0297067 -0.0298324 -0.0299745 -0.0301272 -0.0302749 -0.0304405 -0.0306219 -0.0307918 -0.0309514 -0.0311465 -0.0313336 -0.0314989 -0.0316508 -0.0318268 -0.0319717 -0.0320935 -0.0321917 -0.0322866 -0.0323199 -0.0323251 -0.0323039 -0.0322302 -0.0320714 -0.0318729 -0.0316154 -0.031256 -0.030816 -0.0302912 -0.0296642 -0.0289093 -0.0280554 -0.0270743 -0.025984 -0.0247518 -0.02339 -0.0219116 -0.0203254 -0.0186018 -0.016765 -0.014861 -0.0128506 -0.0107568 -0.0085933 -0.00639143 -0.00415111 -0.00188752 0.000405808 0.00267504 0.00490132 0.00711903 0.0092765 0.0113676 0.0133601 0.0152529 0.0170539 0.0187429 0.0202813 0.0216711 0.0229262 0.0240131 0.0249369 0.0256389 0.026124 0.026402 0.026423 0.0261885 0.0256545 0.0248348 0.0237652 0.0224619 0.0209838 0.019406 0.0178541 0.0164952 0.0155078 0.0150509 0.0152829 0.0163089 0.0181776 0.0208722 0.0242407 0.0280828 0.0321032 0.0359769 0.0394026 0.042062 0.0437521 
0 -0.0161274 -0.0315722 -0.0457169 -0.0580378 -0.0681874 -0.0759918 -0.0814764 -0.0848196 -0.0863147 -0.0863198 -0.0852185 -0.0834203 -0.0812793 -0.0791367 -0.077207 -0.0756339 -0.0745264 -0.0738877 -0.0737772 -0.0741284 -0.0748802 -0.0759821 -0.0773248 -0.0789171 -0.0806602 -0.0824917 -0.0843567 -0.086188 -0.0879833 -0.0896912 -0.0912589 -0.0926405 -0.0938461 -0.0948297 -0.0956024 -0.0961124 -0.096339 -0.0963393 -0.0960557 -0.095513 -0.0946894 -0.0936136 -0.0923066 -0.0907818 -0.089033 -0.0870964 -0.085028 -0.0827995 -0.0804616 -0.0780252 -0.0755439 -0.07302 -0.070493 -0.0679638 -0.0654768 -0.0630602 -0.0606888 -0.0584153 -0.0562618 -0.0542251 -0.0522804 -0.0504915 -0.048816 -0.0472674 -0.0458475 -0.0445623 -0.0433773 -0.0423025 -0.0413308 -0.0404507 -0.0396648 -0.0389596 -0.0383285 -0.0377411 -0.0372279 -0.0367759 -0.0363771 -0.035991 -0.0356579 -0.0353613 -0.0351031 -0.0348487 -0.0346267 -0.034423 -0.0342467 -0.0340706 -0.0339176 -0.0337742 -0.0336477 -0.0335247 -0.0334206 -0.0333211 -0.0332358 -0.0331577 -0.0330936 -0.0330351 -0.0329908 -0.0329535 -0.0329294 -0.0329122 -0.0329078 -0.0329114 -0.032928 -0.03295 -0.032987 -0.0330305 -0.0330856 -0.0331476 -0.0332254 -0.0333033 -0.0333973 -0.0334984 -0.0336109 -0.0337192 -0.033848 -0.0339794 -0.034121 -0.0342489 -0.0343926 -0.0345385 -0.034692 -0.0348132 -0.0349388 -0.0350596 -0.0351796 -0.0352561 -0.0353125 -0.0353442 -0.0353568 -0.0353175 -0.0352368 -0.0351062 -0.0349082 -0.0346521 -0.0343267 -0.0339174 -0.0334095 -0.032819 -0.0320924 -0.0312717 -0.0303367 -0.0292703 -0.0280526 -0.026732 -0.0252669 -0.0236587 -0.0219349 -0.0200976 -0.0181465 -0.0160741 -0.0139211 -0.0116758 -0.00938773 -0.00702382 -0.00462285 -0.00221569 0.000190489 0.00260971 0.00500066 0.00732992 0.00961186 0.0117964 0.0139314 0.0159447 0.0178284 0.0196051 0.021255 0.0227719 0.0241292 0.0253238 0.0263568 0.0272523 0.0279366 0.0284243 0.028691 0.0287215 0.028537 0.0280481 0.0272835 0.0262294 0.0249189 0.0234099 0.0217218 0.0199677 0.0182631 0.0167893 0.0157218 0.0152251 0.01544 0.0164658 0.0183617 0.0210733 0.0244863 0.0283572 0.0324003 0.0363029 0.03972 0.0423896 0.0440585 
0 -0.0163033 -0.0319152 -0.0462128 -0.0586433 -0.0688472 -0.0766236 -0.0819835 -0.0851114 -0.0862775 -0.0858694 -0.0842635 -0.0818845 -0.0791367 -0.0763418 -0.0737857 -0.0716084 -0.0699307 -0.0688115 -0.0682564 -0.0682662 -0.068749 -0.0696453 -0.0708916 -0.0724309 -0.0742159 -0.0761592 -0.0781928 -0.0802704 -0.0823595 -0.0844156 -0.0863868 -0.0882303 -0.089926 -0.0914635 -0.0928102 -0.0939201 -0.0947915 -0.0954109 -0.0957702 -0.0958664 -0.0956667 -0.0952049 -0.0944915 -0.0935085 -0.0922768 -0.0908207 -0.0891456 -0.0873026 -0.0852877 -0.0831211 -0.0808675 -0.0785137 -0.0760916 -0.0736406 -0.0711868 -0.068743 -0.0663501 -0.0640033 -0.0617368 -0.0595621 -0.057493 -0.0555439 -0.0537179 -0.0520292 -0.0504551 -0.0490051 -0.0476874 -0.0465033 -0.0454097 -0.0444433 -0.0435668 -0.0427709 -0.0420632 -0.0414567 -0.040898 -0.0403958 -0.0399493 -0.0395662 -0.0392302 -0.0389184 -0.0386354 -0.0383984 -0.0381896 -0.0379859 -0.0378131 -0.0376562 -0.0375143 -0.0373814 -0.0372702 -0.0371571 -0.0370652 -0.0369762 -0.0369025 -0.0368285 -0.0367755 -0.0367195 -0.0366822 -0.0366442 -0.0366255 -0.0366039 -0.036602 -0.0365991 -0.0366141 -0.0366267 -0.0366606 -0.0366908 -0.0367375 -0.0367861 -0.0368508 -0.0369109 -0.0369914 -0.0370679 -0.0371541 -0.0372476 -0.0373496 -0.037436 -0.0375385 -0.0376471 -0.0377432 -0.0378255 -0.0379058 -0.0379834 -0.0380475 -0.0380776 -0.0380713 -0.0380667 -0.0380218 -0.0379241 -0.0377809 -0.0375972 -0.0373314 -0.0370202 -0.0366309 -0.0361518 -0.0355669 -0.0348926 -0.0341055 -0.0332018 -0.0321667 -0.0310076 -0.0297052 -0.0282536 -0.0266819 -0.0249671 -0.0231239 -0.021155 -0.0190599 -0.0168547 -0.0145736 -0.0121834 -0.0097357 -0.00725124 -0.00471256 -0.00215465 0.000406527 0.00295091 0.00545008 0.00790469 0.0103043 0.012599 0.0148003 0.0169007 0.018887 0.0207415 0.0224443 0.024007 0.0254349 0.0267168 0.0278312 0.0287835 0.0295863 0.0302272 0.0306839 0.030931 0.0309533 0.0307667 0.0303316 0.0296245 0.0286338 0.0273533 0.0258476 0.0241316 0.0222704 0.0203592 0.0185214 0.0169568 0.0158237 0.0152919 0.0154918 0.0165094 0.0183983 0.0211059 0.0244986 0.0283466 0.0323546 0.0362063 0.0395812 0.042193 0.0438171 
0 -0.0164405 -0.0321885 -0.0466099 -0.0591419 -0.0694016 -0.0771705 -0.0824459 -0.0853959 -0.086294 -0.0855197 -0.0834584 -0.0805511 -0.077207 -0.0737857 -0.0705833 -0.0677702 -0.0654936 -0.0638087 -0.0627604 -0.0623357 -0.0624568 -0.0630778 -0.0641066 -0.0655095 -0.0672165 -0.0691445 -0.0712379 -0.0734309 -0.075697 -0.0779895 -0.0802526 -0.0824421 -0.0845395 -0.0865053 -0.088329 -0.0899597 -0.0913795 -0.0925917 -0.0935515 -0.09427 -0.0947048 -0.0948687 -0.0947616 -0.094376 -0.0937217 -0.0928092 -0.0916492 -0.09026 -0.0886609 -0.0868602 -0.0849139 -0.0828143 -0.0806187 -0.0783376 -0.0759909 -0.0736182 -0.0712406 -0.0688761 -0.0665634 -0.0643158 -0.0621388 -0.0600763 -0.0580998 -0.0562529 -0.0545407 -0.0529577 -0.051492 -0.0501698 -0.0489573 -0.04787 -0.0468947 -0.0460279 -0.0452585 -0.0445622 -0.0439455 -0.0434237 -0.0429604 -0.0425308 -0.0421768 -0.0418644 -0.0415861 -0.0413462 -0.0411444 -0.0409475 -0.0407944 -0.0406544 -0.0405272 -0.0404098 -0.0403208 -0.0402248 -0.0401485 -0.0400753 -0.0400166 -0.039955 -0.0399119 -0.0398653 -0.0398346 -0.0398012 -0.039784 -0.0397639 -0.0397593 -0.0397522 -0.0397606 -0.0397655 -0.0397875 -0.0398041 -0.0398358 -0.0398674 -0.0399099 -0.0399449 -0.0400027 -0.0400499 -0.0401016 -0.0401559 -0.0402191 -0.0402606 -0.0403183 -0.0403582 -0.0403835 -0.0404066 -0.0404237 -0.0403862 -0.0403395 -0.0402777 -0.0401688 -0.0400098 -0.0398096 -0.0395542 -0.039241 -0.0388585 -0.0383909 -0.0378478 -0.0371901 -0.0364379 -0.035581 -0.0345968 -0.033467 -0.0322218 -0.0308158 -0.0292779 -0.0275987 -0.0257726 -0.02381 -0.0217168 -0.0194913 -0.0171625 -0.014739 -0.0122214 -0.00964948 -0.00700498 -0.0043354 -0.00164547 0.00104152 0.00370698 0.00632897 0.00889349 0.0113741 0.013772 0.0160654 0.0182207 0.020257 0.0221394 0.0238936 0.0254916 0.0269294 0.028229 0.0293809 0.0303867 0.0312336 0.0319213 0.0324607 0.0328529 0.0330576 0.0330756 0.0328775 0.0324667 0.0318247 0.0308996 0.0297053 0.0282289 0.0265297 0.0246456 0.0226289 0.0205919 0.0186582 0.0170234 0.0158477 0.0152884 0.0154675 0.0164605 0.0183129 0.0209656 0.0242883 0.0280485 0.0319586 0.0357107 0.0389864 0.0415149 0.0430696 
0 -0.0165396 -0.0323923 -0.0469187 -0.0595527 -0.0698892 -0.0776928 -0.0829402 -0.0857765 -0.0864718 -0.0853915 -0.0829301 -0.0795387 -0.0756339 -0.0716084 -0.0677702 -0.0643217 -0.0614329 -0.0591656 -0.0575888 -0.0566804 -0.0563789 -0.0566458 -0.0573757 -0.0585466 -0.0600735 -0.0618814 -0.0639208 -0.0661133 -0.0684319 -0.0708254 -0.0732445 -0.0756473 -0.0780157 -0.0802951 -0.0824823 -0.0845307 -0.0864069 -0.0881179 -0.0896 -0.0908743 -0.0918994 -0.0926696 -0.0931718 -0.0933959 -0.0933464 -0.0930132 -0.0924102 -0.0915366 -0.0904292 -0.0890833 -0.0875365 -0.085783 -0.083887 -0.0818547 -0.0796987 -0.0774783 -0.0752036 -0.072903 -0.0705987 -0.068321 -0.066083 -0.0639405 -0.0618559 -0.0598834 -0.058036 -0.0563025 -0.0546858 -0.0532197 -0.0518826 -0.0506655 -0.0495702 -0.048592 -0.047738 -0.0469628 -0.0462862 -0.0457058 -0.0451957 -0.0447301 -0.0443621 -0.0440325 -0.0437396 -0.0434966 -0.0433038 -0.0431146 -0.0429706 -0.042847 -0.0427374 -0.0426395 -0.0425685 -0.0424945 -0.0424352 -0.0423816 -0.0423381 -0.0422943 -0.0422603 -0.0422271 -0.0422031 -0.0421772 -0.0421594 -0.0421441 -0.042134 -0.0421235 -0.0421223 -0.0421199 -0.0421247 -0.0421278 -0.0421388 -0.0421496 -0.0421641 -0.0421733 -0.0421963 -0.0422066 -0.0422172 -0.0422291 -0.0422375 -0.0422176 -0.0422146 -0.0421865 -0.0421278 -0.0420553 -0.0419774 -0.0418315 -0.0416667 -0.0414666 -0.0412086 -0.0408836 -0.0405184 -0.0400707 -0.0395429 -0.0389194 -0.0382081 -0.037396 -0.0364487 -0.0353804 -0.0341923 -0.0328511 -0.0313516 -0.0297373 -0.027952 -0.0260228 -0.0239486 -0.0217438 -0.0194075 -0.0169648 -0.014404 -0.0117701 -0.00906484 -0.0062916 -0.00349666 -0.000682804 0.00211255 0.00489582 0.00762258 0.010286 0.0128584 0.0153345 0.0176812 0.0199009 0.0219717 0.0238824 0.0256562 0.0272469 0.0286999 0.0299848 0.0311107 0.0320978 0.0329354 0.0336346 0.0341948 0.0346129 0.0348908 0.0350381 0.0350037 0.0348032 0.0343992 0.0337832 0.032953 0.0318441 0.0304833 0.0288555 0.0270082 0.0249937 0.0228597 0.0207268 0.0187211 0.0170297 0.0158134 0.0152201 0.015363 0.0163102 0.0180957 0.0206555 0.023862 0.0274843 0.0312462 0.0348504 0.0379864 0.0403991 0.0418652 
0 -0.0166191 -0.0325541 -0.0471785 -0.0599084 -0.0703373 -0.0782089 -0.0834687 -0.086261 -0.0868144 -0.0855064 -0.0827263 -0.0789115 -0.0745264 -0.0699307 -0.0654936 -0.0614329 -0.0579184 -0.0550879 -0.052946 -0.0515339 -0.0507825 -0.0506293 -0.0510285 -0.0518824 -0.0531507 -0.0547483 -0.0566186 -0.0587047 -0.0609591 -0.063331 -0.065779 -0.06828 -0.0707684 -0.0732439 -0.0756525 -0.0779755 -0.0802061 -0.0822833 -0.0842012 -0.0859411 -0.087478 -0.0887856 -0.0898576 -0.090651 -0.0911949 -0.0914709 -0.0914352 -0.0911398 -0.0905699 -0.0897379 -0.0886538 -0.0873368 -0.0858079 -0.0841125 -0.0822424 -0.0802291 -0.078136 -0.0759644 -0.0737368 -0.0714802 -0.0692587 -0.0670564 -0.0648982 -0.0628243 -0.0608585 -0.0589752 -0.057218 -0.0555995 -0.0541021 -0.0527419 -0.0515099 -0.0504054 -0.0494224 -0.0485606 -0.0477942 -0.0471402 -0.0465539 -0.0460571 -0.0456445 -0.0452897 -0.0449655 -0.0447227 -0.0445194 -0.044338 -0.0441902 -0.044085 -0.0439863 -0.043909 -0.0438493 -0.0438007 -0.0437571 -0.043724 -0.0436956 -0.0436714 -0.0436475 -0.0436281 -0.0436125 -0.0435937 -0.0435771 -0.0435651 -0.0435507 -0.0435348 -0.043524 -0.0435121 -0.0434976 -0.0434851 -0.0434726 -0.0434587 -0.0434394 -0.0434213 -0.0434006 -0.0433695 -0.0433266 -0.0432914 -0.0432309 -0.0431462 -0.0430552 -0.0429521 -0.042793 -0.0426163 -0.0424042 -0.0421459 -0.0418345 -0.0414779 -0.0410341 -0.0405384 -0.0399634 -0.0392909 -0.0385135 -0.0376392 -0.0366375 -0.0355154 -0.0342516 -0.0328379 -0.0312888 -0.0295793 -0.0277115 -0.0256959 -0.0235474 -0.0212385 -0.0188004 -0.0162477 -0.0136046 -0.0108428 -0.00801456 -0.00515265 -0.00223997 0.000691308 0.00360302 0.00648263 0.00931258 0.0120574 0.0147303 0.0172602 0.0196597 0.0219323 0.0240347 0.0259684 0.0277334 0.029326 0.0307451 0.0320045 0.0330787 0.0340129 0.0348014 0.0354424 0.0359634 0.0363506 0.0366245 0.0367772 0.0368133 0.0367127 0.0364788 0.0360818 0.0354999 0.034737 0.0337308 0.0324976 0.0310003 0.0292504 0.0273048 0.0251728 0.0229648 0.0207619 0.0187088 0.0169884 0.0157377 0.0151153 0.0152116 0.016092 0.0177769 0.0202036 0.0232409 0.0266752 0.030241 0.0336499 0.0366193 0.0388874 0.0402577 
0 -0.0166564 -0.0326542 -0.0473407 -0.0601787 -0.0707139 -0.0786907 -0.0840406 -0.0868394 -0.0873519 -0.0858872 -0.0828599 -0.0787206 -0.0738877 -0.0688115 -0.0638087 -0.0591656 -0.0550879 -0.0516692 -0.0490049 -0.0470693 -0.0458405 -0.0452701 -0.0452668 -0.0457804 -0.0467237 -0.048034 -0.049661 -0.0515464 -0.0536264 -0.055871 -0.0582347 -0.0606838 -0.0632043 -0.0657183 -0.0682322 -0.0707218 -0.0731478 -0.0755003 -0.0777252 -0.0798169 -0.0817654 -0.0835317 -0.0850686 -0.0863914 -0.0874771 -0.0883022 -0.0888607 -0.0891208 -0.0891133 -0.0888342 -0.0882659 -0.0874161 -0.0863484 -0.0850489 -0.0835209 -0.0818205 -0.0799657 -0.0779869 -0.0759073 -0.0737613 -0.0715728 -0.0693932 -0.0672033 -0.0650491 -0.0629799 -0.0609974 -0.0590905 -0.0573039 -0.0556597 -0.0541272 -0.0527238 -0.051475 -0.0503711 -0.0493508 -0.048461 -0.0477122 -0.0470633 -0.0464716 -0.0459894 -0.045587 -0.0452459 -0.044959 -0.0447333 -0.0445403 -0.0443948 -0.0442824 -0.0441922 -0.044121 -0.0440749 -0.0440403 -0.0440126 -0.043993 -0.0439812 -0.0439721 -0.0439598 -0.0439522 -0.0439447 -0.0439329 -0.0439179 -0.0439079 -0.0438893 -0.0438679 -0.0438469 -0.0438237 -0.043791 -0.0437588 -0.0437236 -0.0436806 -0.0436288 -0.0435728 -0.0435098 -0.0434294 -0.0433365 -0.0432289 -0.0430996 -0.0429425 -0.0427692 -0.0425451 -0.0422821 -0.0419944 -0.0416603 -0.0412266 -0.0407522 -0.0402306 -0.0396138 -0.0388749 -0.0380681 -0.0371553 -0.0361093 -0.0349277 -0.0336325 -0.0321753 -0.0305473 -0.028786 -0.0268823 -0.0247952 -0.0225492 -0.020188 -0.0176728 -0.0150301 -0.0122851 -0.00945574 -0.00653826 -0.00356865 -0.000554004 0.00245799 0.00545015 0.00843044 0.0113488 0.014167 0.016886 0.0195045 0.0219561 0.0242488 0.026371 0.0283175 0.0300887 0.0316611 0.0330399 0.0342525 0.0352987 0.0361529 0.0368641 0.0374259 0.037861 0.0381852 0.0383751 0.0384737 0.0384812 0.038392 0.0382032 0.0379077 0.0374862 0.0369366 0.036225 0.0353139 0.0342074 0.032852 0.0312644 0.0294442 0.0274038 0.025226 0.0229531 0.0207174 0.0186501 0.0168973 0.0156353 0.0149703 0.0150133 0.0158138 0.0173705 0.0196357 0.0224668 0.0256716 0.0289994 0.0321775 0.0349401 0.037042 0.0382969 
