0 0 0 0 0 0 0 0 0 0 0 0 0 0 0 0 0 0 0 0 0 0 0 0 0 0 0 0 0 0 0 0 0 0 0 0 0 0 0 0 0 0 0 0 0 0 0 0 0 0 0 0 0 0 0 0 0 0 0 0 0 0 0 0 0 0 0 0 0 0 0 0 0 0 0 0 0 0 0 0 0 0 0 0 0 0 0 0 0 0 0 0 0 0 0 0 0 0 0 0 0 0 0 0 0 0 0 0 0 0 0 0 0 0 0 0 0 0 0 0 0 0 0 0 0 0 0 0 0 0 0 0 0 0 0 0 0 0 0 0 0 0 0 0 0 0 0 0 0 0 0 0 0 0 0 0 0 0 0 0 0 0 0 0 0 0 0 0 0 0 0 0 0 0 0 0 0 0 0 0 0 0 0 0 0 0 0 0 0 0 0 0 0 0 0 0 0 0 0 0 
0 -0.000766301 -0.00156035 -0.00237573 -0.00322423 -0.00408376 -0.00493713 -0.00578219 -0.00658549 -0.00734276 -0.0080252 -0.00861153 -0.00911413 -0.00952098 -0.00985999 -0.0101373 -0.0103583 -0.0105551 -0.0107309 -0.0109069 -0.0110835 -0.0112471 -0.0114017 -0.0115482 -0.0116757 -0.0117873 -0.0118619 -0.0118929 -0.0119025 -0.0118589 -0.0117816 -0.0116499 -0.0114632 -0.0112504 -0.010982 -0.0106781 -0.0103298 -0.00995592 -0.00955769 -0.0091378 -0.00869293 -0.00823402 -0.00778214 -0.00731523 -0.00685649 -0.00640043 -0.00596784 -0.0055432 -0.00513938 -0.00474596 -0.00437957 -0.00404677 -0.0037145 -0.00342107 -0.0031515 -0.00290052 -0.00266041 -0.00245601 -0.00225738 -0.00209155 -0.00193804 -0.00179587 -0.00167959 -0.00157144 -0.00147202 -0.00138967 -0.00133266 -0.00126623 -0.0012158 -0.00116849 -0.00114126 -0.00110124 -0.00108037 -0.0010648 -0.00104598 -0.00101381 -0.00101315 -0.00100975 -0.000990819 -0.000977031 -0.000975432 -0.000968639 -0.000960984 -0.000956764 -0.000946165 -0.00094517 -0.000940681 -0.000937088 -0.000928433 -0.00093023 -0.000923228 -0.00092382 -0.000916063 -0.000918501 -0.000912596 -0.000913963 -0.000907232 -0.000912264 -0.000904884 -0.000907813 -0.000904086 -0.000907663 -0.000901007 -0.000907405 -0.00090269 -0.00090636 -0.000902915 -0.000908882 -0.000905198 -0.000910224 -0.000907054 -0.000914536 -0.000913196 -0.000916707 -0.000916816 -0.000923451 -0.000924376 -0.00093264 -0.000930898 -0.000931161 -0.000946625 -0.00095559 -0.000946295 -0.00095123 -0.000974448 -0.000974546 -0.000977631 -0.000986044 -0.000999357 -0.000998274 -0.00101413 -0.00102214 -0.00103133 -0.00102272 -0.00103692 -0.0010418 -0.00103674 -0.00102881 -0.00102792 -0.00100303 -0.000977415 -0.000955024 -0.000910948 -0.000865758 -0.000798069 -0.000721796 -0.000632233 -0.000533697 -0.000400274 -0.000271328 -0.000114921 6.81969e-05 0.000271045 0.000491844 0.000731039 0.00100266 0.00128849 0.0016039 0.00192672 0.00228049 0.00264942 0.00302513 0.00339944 0.00378307 0.00416442 0.00452756 0.00488288 0.00519839 0.00550666 0.00577112 0.00598383 0.00615628 0.00626487 0.00632519 0.00631396 0.00622165 0.00605491 0.00581082 0.0054783 0.00506105 0.00454633 0.00394799 0.00328656 0.00255312 0.0017849 0.000989148 0.000208005 -0.000507651 -0.00114359 -0.00164988 -0.00202229 -0.00224276 -0.00229978 -0.00222831 -0.00204814 -0.00182679 -0.00162811 -0.00150814 -0.00154519 -0.00177019 
0 -0.00156035 -0.00314417 -0.0048105 -0.00649747 -0.00822966 -0.00994484 -0.0116137 -0.0132324 -0.0147135 -0.0160635 -0.0172157 -0.0181782 -0.018978 -0.0196145 -0.0201448 -0.0205657 -0.0209317 -0.0212681 -0.0216027 -0.021937 -0.0222519 -0.022558 -0.022832 -0.0231016 -0.0233174 -0.0234711 -0.0235603 -0.0235633 -0.0235093 -0.0233535 -0.0230983 -0.0227574 -0.022337 -0.0218341 -0.021255 -0.0205869 -0.0198598 -0.019102 -0.0182658 -0.0174078 -0.0165214 -0.0156202 -0.0147319 -0.0138202 -0.01292 -0.0120611 -0.0112182 -0.0103959 -0.00962906 -0.00889685 -0.00821516 -0.00756927 -0.00695715 -0.00640658 -0.00590046 -0.00542847 -0.00499789 -0.00462301 -0.00427667 -0.0039489 -0.00366844 -0.00343757 -0.00321393 -0.00301933 -0.00286754 -0.00271564 -0.0025851 -0.00248957 -0.00240413 -0.00232687 -0.00226535 -0.00220348 -0.00215789 -0.00212492 -0.00209426 -0.00206792 -0.00203301 -0.00200551 -0.00200308 -0.00199099 -0.00195467 -0.00194462 -0.00194397 -0.00192795 -0.00190973 -0.00190612 -0.00189532 -0.00188733 -0.00187804 -0.00187267 -0.00186435 -0.00185941 -0.00185252 -0.00185098 -0.00184259 -0.00184034 -0.00183846 -0.00183516 -0.00182957 -0.00183329 -0.00182915 -0.00182765 -0.00182869 -0.0018308 -0.00182765 -0.00183241 -0.00183292 -0.00183599 -0.0018374 -0.00184383 -0.00184683 -0.00185025 -0.00185291 -0.00186921 -0.00187137 -0.00186805 -0.00188327 -0.00190565 -0.00190194 -0.00190693 -0.00192418 -0.00194038 -0.00195633 -0.00196623 -0.00196928 -0.00199313 -0.00201825 -0.00202618 -0.00204291 -0.00205641 -0.00206549 -0.00208456 -0.00209719 -0.00209534 -0.00210139 -0.00208873 -0.00206505 -0.00205101 -0.00202016 -0.00196026 -0.00188857 -0.00181025 -0.00170103 -0.00156293 -0.00141409 -0.00124521 -0.0010182 -0.0007674 -0.000492055 -0.000167722 0.000185663 0.000590874 0.00103566 0.00150946 0.00204621 0.00263804 0.00323673 0.00388793 0.00457386 0.00527871 0.00601603 0.00673745 0.00747554 0.00821256 0.00891416 0.00957113 0.0101886 0.0107487 0.0112436 0.0116509 0.0119459 0.0121605 0.0122485 0.0122073 0.0120135 0.0116612 0.0111655 0.0104997 0.00966513 0.00864234 0.00747105 0.00615113 0.0047206 0.00320477 0.00163617 0.000127704 -0.00128759 -0.00249472 -0.00346314 -0.00415827 -0.00451644 -0.00459099 -0.00436151 -0.0039453 -0.00344614 -0.00296876 -0.00269506 -0.00268957 -0.00309428 
0 -0.00237573 -0.0048105 -0.0073105 -0.00988268 -0.0124747 -0.0150341 -0.017537 -0.0199075 -0.02211 -0.0240769 -0.0257516 -0.027156 -0.0282814 -0.0291908 -0.0299182 -0.0304888 -0.0309843 -0.0314323 -0.0318844 -0.0323468 -0.0327889 -0.033217 -0.0336293 -0.0340038 -0.0343345 -0.0345718 -0.0346996 -0.0347546 -0.0346793 -0.0344986 -0.0341713 -0.0336993 -0.0331374 -0.0324324 -0.0316181 -0.0306803 -0.0296617 -0.02857 -0.0274057 -0.0261701 -0.0248882 -0.0236051 -0.0222855 -0.020968 -0.0196543 -0.0183895 -0.0171442 -0.015944 -0.014777 -0.0136773 -0.0126596 -0.0116617 -0.0107566 -0.00992408 -0.00914919 -0.00841654 -0.00777398 -0.00716923 -0.0066462 -0.00616447 -0.00572577 -0.00535591 -0.00501479 -0.00470465 -0.0044441 -0.00424154 -0.00403307 -0.00386502 -0.00371312 -0.00360643 -0.00348346 -0.00340163 -0.00333815 -0.00327196 -0.00318415 -0.00316061 -0.00313448 -0.00308051 -0.00304071 -0.00302498 -0.00299823 -0.00297391 -0.00295759 -0.00292842 -0.00291752 -0.00290299 -0.00288938 -0.00286705 -0.00286418 -0.00284676 -0.0028428 -0.00282397 -0.00282442 -0.00281095 -0.00280933 -0.00279456 -0.00280209 -0.0027864 -0.00278955 -0.00278296 -0.00278827 -0.00277541 -0.0027878 -0.00278011 -0.00278671 -0.00278254 -0.00279532 -0.00279051 -0.00280195 -0.00279997 -0.00281694 -0.00281814 -0.00282852 -0.0028349 -0.00285196 -0.00285864 -0.00288094 -0.00288563 -0.00289225 -0.00292976 -0.0029555 -0.00294626 -0.00296616 -0.00302064 -0.00302944 -0.00304561 -0.00307366 -0.00310702 -0.00311366 -0.00315125 -0.00317214 -0.00319139 -0.00317509 -0.00319708 -0.00319872 -0.00317335 -0.00313692 -0.00310885 -0.00302709 -0.00293295 -0.00283707 -0.00269226 -0.00253065 -0.00231308 -0.00206764 -0.00178435 -0.00146204 -0.00105819 -0.000645875 -0.00016111 0.000395676 0.00101039 0.00167695 0.00239503 0.00319385 0.0040371 0.00494139 0.00587086 0.00686596 0.00789182 0.00892767 0.00995223 0.0109873 0.0120073 0.0129736 0.0138988 0.0147262 0.0155095 0.0161756 0.0167007 0.0171008 0.0173347 0.0174215 0.017311 0.0169771 0.0164315 0.0156674 0.0146593 0.0134094 0.0118928 0.0101478 0.00822065 0.00611296 0.00391064 0.00165608 -0.000528015 -0.00250999 -0.00421832 -0.00553436 -0.0064275 -0.00684915 -0.00678704 -0.00632345 -0.00554714 -0.0046456 -0.00381202 -0.00323126 -0.00311126 -0.00357406 
0 -0.00322423 -0.00649747 -0.00988268 -0.0133144 -0.0167784 -0.0201881 -0.0234825 -0.0266159 -0.0294765 -0.0320255 -0.0341791 -0.0359446 -0.0373593 -0.0384597 -0.0393269 -0.0399943 -0.0405546 -0.0410661 -0.0415839 -0.042117 -0.0426418 -0.0431653 -0.0436648 -0.0441547 -0.0445782 -0.0449038 -0.0451189 -0.0452066 -0.0451771 -0.0449861 -0.0446216 -0.044097 -0.0434307 -0.0426098 -0.0416418 -0.0405165 -0.0392741 -0.0379464 -0.0364924 -0.0349646 -0.0333718 -0.031742 -0.0300947 -0.0284086 -0.0267233 -0.0250802 -0.0234586 -0.021867 -0.0203437 -0.0188846 -0.017507 -0.0161881 -0.0149453 -0.0138039 -0.0127458 -0.0117593 -0.010859 -0.0100519 -0.00931547 -0.0086322 -0.00802847 -0.00751207 -0.00703102 -0.00660418 -0.0062467 -0.00591993 -0.00562765 -0.00539059 -0.00518339 -0.00500353 -0.0048452 -0.00470471 -0.00459388 -0.00450003 -0.0044131 -0.00434676 -0.00427722 -0.00421224 -0.00417941 -0.00414396 -0.00408653 -0.0040541 -0.00403624 -0.00400265 -0.00397124 -0.00395289 -0.003931 -0.0039097 -0.00389177 -0.00387578 -0.00386049 -0.00384533 -0.00383362 -0.00382474 -0.00381178 -0.00380301 -0.00379989 -0.00379092 -0.00378406 -0.00378527 -0.0037815 -0.00377703 -0.00378105 -0.00378265 -0.00378207 -0.00378799 -0.00379408 -0.00379885 -0.00380656 -0.00381716 -0.00382817 -0.0038371 -0.00384957 -0.00387286 -0.00388573 -0.00389291 -0.0039225 -0.00395406 -0.00396333 -0.00398659 -0.00402192 -0.00404887 -0.00408225 -0.00411564 -0.00413576 -0.00417486 -0.0042196 -0.0042465 -0.00427368 -0.0043015 -0.00432144 -0.0043439 -0.00434927 -0.00434325 -0.00433244 -0.0042902 -0.00422753 -0.00416715 -0.00406773 -0.00392529 -0.0037583 -0.00356215 -0.00331415 -0.00301244 -0.0026761 -0.002292 -0.00182177 -0.00128842 -0.000706058 -4.01184e-05 0.000696028 0.00151708 0.00240532 0.00335491 0.00439844 0.005517 0.00666292 0.00786702 0.00911939 0.0103937 0.011688 0.0129522 0.0142179 0.0154579 0.0166258 0.0177079 0.0186978 0.0195847 0.0203394 0.0209271 0.0213247 0.0215504 0.021558 0.0213253 0.020818 0.020031 0.0189756 0.0176179 0.0159538 0.0139653 0.0117052 0.00920174 0.00650901 0.00369371 0.000838126 -0.00188177 -0.0043481 -0.00639304 -0.00792453 -0.00887358 -0.00916396 -0.00884468 -0.00795346 -0.00667932 -0.00524078 -0.00388001 -0.00290173 -0.00250503 -0.00292029 
0 -0.00408376 -0.00822966 -0.0124747 -0.0167784 -0.0210877 -0.0253159 -0.0293852 -0.0332152 -0.0367057 -0.0397772 -0.0423562 -0.0444444 -0.0460776 -0.0473212 -0.0482572 -0.0489519 -0.0495099 -0.0500117 -0.0505231 -0.0510647 -0.0516175 -0.0521819 -0.0527483 -0.0533053 -0.053814 -0.0542263 -0.0545217 -0.0546972 -0.0547324 -0.0546016 -0.0542781 -0.0537669 -0.0530907 -0.0522313 -0.0511918 -0.0499726 -0.0486096 -0.0471233 -0.0455017 -0.0437657 -0.041941 -0.0400608 -0.0381278 -0.0361491 -0.0341563 -0.0321864 -0.0302314 -0.0283042 -0.0264259 -0.0246192 -0.0228968 -0.0212374 -0.0196746 -0.0182214 -0.0168617 -0.0155887 -0.0144237 -0.0133593 -0.0123939 -0.0115076 -0.0107096 -0.0100076 -0.00936674 -0.00879055 -0.00829352 -0.00785911 -0.0074642 -0.00712403 -0.00682837 -0.00657723 -0.00634915 -0.00615817 -0.00600182 -0.00585859 -0.00572341 -0.0056291 -0.00554364 -0.00545379 -0.00538539 -0.0053311 -0.00527095 -0.00522288 -0.0051847 -0.0051402 -0.00510411 -0.00507485 -0.00504512 -0.00501457 -0.004992 -0.0049691 -0.00494979 -0.00492788 -0.00491383 -0.00489911 -0.0048852 -0.00487186 -0.00486741 -0.0048554 -0.00484941 -0.0048468 -0.00484474 -0.00483902 -0.00484451 -0.00484524 -0.00484817 -0.00485355 -0.00486412 -0.00487016 -0.00488211 -0.00489447 -0.00491211 -0.00492596 -0.00494444 -0.00496777 -0.00499124 -0.00501238 -0.00504578 -0.00507476 -0.00509999 -0.00514331 -0.00518515 -0.00521118 -0.00525367 -0.0053095 -0.00534412 -0.00538406 -0.00543244 -0.00547252 -0.00550217 -0.00553862 -0.00556393 -0.00557659 -0.00556689 -0.00555762 -0.00553045 -0.00546709 -0.00537995 -0.0052787 -0.00512688 -0.00493339 -0.00470956 -0.00443603 -0.00410472 -0.00370459 -0.00324988 -0.0027321 -0.00212836 -0.00143797 -0.000686589 0.00015809 0.00109859 0.00212764 0.00323097 0.00440726 0.00567394 0.0070082 0.00838488 0.00980251 0.011265 0.0127441 0.0142149 0.0156499 0.0170616 0.0184248 0.0196985 0.0208672 0.0219131 0.0228369 0.0235937 0.0241471 0.0244865 0.0246026 0.0244726 0.0240574 0.0233245 0.0222742 0.0209041 0.0191903 0.0171218 0.0146919 0.0119506 0.00894883 0.00574428 0.00242852 -0.000884675 -0.00401009 -0.0067715 -0.00900079 -0.0105658 -0.0113821 -0.0113896 -0.0106143 -0.0091549 -0.00721809 -0.00508416 -0.00307305 -0.00152581 -0.00073673 -0.000953644 
0 -0.00493713 -0.00994484 -0.0150341 -0.0201881 -0.0253159 -0.0303286 -0.03513 -0.0396084 -0.0436717 -0.0472038 -0.0501457 -0.0524905 -0.0542768 -0.0555954 -0.0565307 -0.0571867 -0.0576744 -0.058099 -0.0585349 -0.0590154 -0.0595351 -0.0600872 -0.0606769 -0.0612715 -0.0618475 -0.0623477 -0.0627417 -0.0630319 -0.0631741 -0.0631551 -0.0629389 -0.0625222 -0.0619231 -0.0611242 -0.0601194 -0.058917 -0.0575427 -0.0560048 -0.0543191 -0.0524809 -0.0505286 -0.048494 -0.0463702 -0.0441847 -0.0419591 -0.0397244 -0.0374896 -0.0352717 -0.0330821 -0.0309599 -0.0289108 -0.0269257 -0.0250414 -0.023265 -0.0215921 -0.0200208 -0.0185715 -0.0172309 -0.0160063 -0.0148839 -0.0138635 -0.0129486 -0.0121237 -0.011378 -0.0107166 -0.010141 -0.00961966 -0.00916034 -0.00876171 -0.00841897 -0.00810637 -0.00784388 -0.00762185 -0.0074223 -0.00723999 -0.00709891 -0.00697672 -0.00685833 -0.00675694 -0.00667544 -0.00660062 -0.00653089 -0.00647196 -0.00641548 -0.00636809 -0.00632359 -0.00628437 -0.00624431 -0.00621354 -0.00618202 -0.00615621 -0.00612811 -0.00610912 -0.00608791 -0.00607178 -0.00605455 -0.0060461 -0.00603248 -0.00602637 -0.00602008 -0.00601893 -0.00601413 -0.0060193 -0.00602094 -0.00602781 -0.00603412 -0.0060484 -0.00605849 -0.0060756 -0.00609225 -0.00611592 -0.00613677 -0.00616478 -0.00619244 -0.00622532 -0.00626007 -0.00630194 -0.00633776 -0.00637963 -0.00643423 -0.00648569 -0.00652658 -0.00658047 -0.00664554 -0.00669459 -0.00674196 -0.00679567 -0.00684513 -0.00687531 -0.00690943 -0.0069323 -0.00693405 -0.00691113 -0.00688553 -0.00682759 -0.00673251 -0.00660969 -0.00645601 -0.00624642 -0.00598895 -0.00568628 -0.0053175 -0.00488323 -0.00437028 -0.00378509 -0.00311865 -0.00236315 -0.00150421 -0.000568549 0.000461397 0.00159937 0.0028239 0.0041251 0.00550554 0.00696538 0.00847946 0.0100397 0.0116181 0.0132251 0.0148357 0.0164088 0.0179391 0.0194157 0.0208173 0.0221092 0.0232717 0.0242827 0.0251459 0.0258128 0.0262494 0.0264525 0.0263917 0.0260619 0.0254129 0.0244182 0.0230793 0.0213843 0.0193225 0.0168767 0.0140571 0.010906 0.00749422 0.00388686 0.000195062 -0.00343246 -0.00680643 -0.00969887 -0.0119384 -0.0133601 -0.0138628 -0.013407 -0.0120045 -0.00981194 -0.00705948 -0.00408702 -0.00128931 0.000953902 0.00225992 0.00236336 
0 -0.00578219 -0.0116137 -0.017537 -0.0234825 -0.0293852 -0.03513 -0.0405868 -0.0456645 -0.050212 -0.0541369 -0.0573723 -0.0598921 -0.0617747 -0.0630905 -0.0639606 -0.0645143 -0.0648654 -0.0651502 -0.0654504 -0.0658052 -0.0662363 -0.0667372 -0.0672972 -0.0679172 -0.0685336 -0.0691172 -0.0696399 -0.0700481 -0.0703573 -0.0704926 -0.0704457 -0.0702135 -0.0697671 -0.069128 -0.0682629 -0.0671872 -0.065906 -0.0644451 -0.0627894 -0.0609697 -0.0590074 -0.0569057 -0.0547121 -0.0524085 -0.0500409 -0.0476249 -0.0451913 -0.0427338 -0.0403087 -0.0379192 -0.03557 -0.033309 -0.0311111 -0.0290187 -0.0270346 -0.0251697 -0.0234048 -0.0217909 -0.020278 -0.0188841 -0.0176194 -0.0164681 -0.0154224 -0.0144821 -0.0136456 -0.0128775 -0.0122086 -0.0116113 -0.0110952 -0.0106195 -0.0102231 -0.00986019 -0.00954568 -0.00927226 -0.009056 -0.00884 -0.00865168 -0.00849937 -0.00837448 -0.00825195 -0.00814013 -0.00804725 -0.00796777 -0.00789809 -0.00782382 -0.00776642 -0.00771078 -0.00766621 -0.00761522 -0.00758052 -0.00753812 -0.00751202 -0.00747667 -0.00745652 -0.00742815 -0.00741613 -0.00739231 -0.00738701 -0.00737081 -0.00737005 -0.00736013 -0.00736716 -0.00736174 -0.00737472 -0.00737751 -0.00739534 -0.00740426 -0.0074291 -0.00744469 -0.00747731 -0.00749952 -0.00753464 -0.0075688 -0.00761575 -0.00765219 -0.00769923 -0.00775015 -0.00781342 -0.00787033 -0.00792033 -0.00798464 -0.00806425 -0.00813245 -0.00818031 -0.00825156 -0.00831653 -0.00837554 -0.00841474 -0.00846182 -0.00847459 -0.00848546 -0.00846983 -0.0084469 -0.00837001 -0.0082746 -0.00813903 -0.00796144 -0.00773226 -0.00746308 -0.00711836 -0.00669987 -0.00623091 -0.00565922 -0.00501268 -0.00427872 -0.00345247 -0.00250711 -0.00148707 -0.000349365 0.000874664 0.00218941 0.00359885 0.00507858 0.00662819 0.00823603 0.00989931 0.0115639 0.0132567 0.0149342 0.0165898 0.0181982 0.0197358 0.0211908 0.0225442 0.0237694 0.0248231 0.0257311 0.0264329 0.026932 0.0271927 0.0271761 0.0269057 0.0263216 0.0254098 0.0241466 0.022512 0.0205118 0.0181336 0.0153588 0.0122158 0.00874756 0.00501387 0.00112984 -0.00281029 -0.00661349 -0.010063 -0.0129455 -0.015014 -0.0161334 -0.0161686 -0.0150738 -0.0129227 -0.00984603 -0.00616544 -0.0022508 0.00145715 0.00447562 0.0064231 0.00694525 
0 -0.00658549 -0.0132324 -0.0199075 -0.0266159 -0.0332152 -0.0396084 -0.0456645 -0.0512205 -0.0561845 -0.0604035 -0.063842 -0.0664796 -0.0683685 -0.0696295 -0.0703685 -0.0707566 -0.0709191 -0.0710101 -0.0711157 -0.0713041 -0.071606 -0.0720074 -0.0725376 -0.0731308 -0.07379 -0.074456 -0.0750829 -0.0756683 -0.0761379 -0.0764881 -0.0766757 -0.0766756 -0.0764765 -0.0760718 -0.0754326 -0.0745816 -0.0735146 -0.0722135 -0.0707382 -0.0690416 -0.0671727 -0.0651467 -0.0629566 -0.060656 -0.0582537 -0.0557602 -0.053213 -0.0506378 -0.0480268 -0.0454377 -0.0428678 -0.0403484 -0.0379014 -0.0355327 -0.0332557 -0.0310844 -0.0290376 -0.0271002 -0.0252976 -0.0236378 -0.0221014 -0.0206734 -0.0193916 -0.0182192 -0.0171492 -0.0162069 -0.0153599 -0.0145858 -0.0139044 -0.0133036 -0.0127652 -0.0123027 -0.0118918 -0.0115252 -0.0111988 -0.0109206 -0.0106897 -0.0104836 -0.0102786 -0.0101133 -0.00998671 -0.00985926 -0.00973573 -0.00963866 -0.00955369 -0.00947224 -0.0093991 -0.00933282 -0.00927583 -0.00922265 -0.00917402 -0.00913245 -0.00909526 -0.00905888 -0.0090335 -0.0090088 -0.00898558 -0.00897126 -0.00896194 -0.00894911 -0.00894766 -0.00894991 -0.00895153 -0.0089597 -0.00897578 -0.00898934 -0.0090113 -0.0090383 -0.00906685 -0.00909981 -0.00914087 -0.00918538 -0.0092332 -0.00928062 -0.00934108 -0.00941355 -0.00947295 -0.00953188 -0.00961684 -0.00970514 -0.00977554 -0.00984906 -0.00992835 -0.0100159 -0.0100946 -0.0101522 -0.0102031 -0.0102581 -0.0102837 -0.0102974 -0.0102925 -0.0102429 -0.0101655 -0.0100678 -0.00991455 -0.00971594 -0.00947322 -0.0091497 -0.00876454 -0.00831512 -0.00778549 -0.00715769 -0.00644725 -0.00563515 -0.0047167 -0.00369306 -0.00258237 -0.00136134 -3.91767e-05 0.0013618 0.00286803 0.00443468 0.00606336 0.00774965 0.00946276 0.0111845 0.0129326 0.0146456 0.0163301 0.0179746 0.0195169 0.0209894 0.0223351 0.0235475 0.0246146 0.0255074 0.0262073 0.0267091 0.0269769 0.0269892 0.0267493 0.0262012 0.0253671 0.0241912 0.0226632 0.0207805 0.01851 0.0158717 0.0128388 0.0094542 0.00574863 0.00181502 -0.00224881 -0.00630143 -0.0101305 -0.0135376 -0.0162296 -0.0180144 -0.0186853 -0.0181146 -0.0162983 -0.013256 -0.00924025 -0.00454047 0.000395982 0.00504607 0.00894441 0.0115659 0.0125989 
0 -0.00734276 -0.0147135 -0.02211 -0.0294765 -0.0367057 -0.0436717 -0.050212 -0.0561845 -0.061445 -0.0658762 -0.0694318 -0.0720868 -0.0739239 -0.0750488 -0.0756029 -0.0757772 -0.0757088 -0.0755645 -0.0754495 -0.075429 -0.0755667 -0.0758579 -0.0763028 -0.0768857 -0.0775584 -0.0782995 -0.0790656 -0.0797939 -0.0804722 -0.0810379 -0.0814774 -0.0817663 -0.0818536 -0.0817548 -0.0814331 -0.0808996 -0.080129 -0.0791254 -0.0778978 -0.0764533 -0.0748103 -0.0729543 -0.0709308 -0.0687463 -0.0664221 -0.0639617 -0.0614154 -0.0587852 -0.0561186 -0.05342 -0.0506929 -0.0480152 -0.0453537 -0.0427414 -0.0402102 -0.0377845 -0.035444 -0.0332375 -0.0311343 -0.0291715 -0.0273495 -0.0256471 -0.0240927 -0.0226752 -0.0213775 -0.0201819 -0.0191227 -0.0181641 -0.0173157 -0.0165329 -0.0158631 -0.0152531 -0.014703 -0.0142271 -0.0138385 -0.0134528 -0.0131156 -0.0128442 -0.0126031 -0.0123775 -0.0121858 -0.0120151 -0.0118634 -0.0117392 -0.0116152 -0.0115093 -0.0114126 -0.0113339 -0.0112524 -0.0111877 -0.011119 -0.0110745 -0.0110187 -0.0109785 -0.0109399 -0.0109168 -0.0108782 -0.0108694 -0.0108507 -0.0108419 -0.0108333 -0.0108465 -0.0108402 -0.0108597 -0.0108755 -0.0109014 -0.0109217 -0.0109658 -0.0109986 -0.0110492 -0.0110943 -0.0111559 -0.011217 -0.0112896 -0.0113568 -0.0114398 -0.0115199 -0.0116153 -0.0117111 -0.0117887 -0.0118805 -0.0119984 -0.0120871 -0.012145 -0.0122384 -0.0123114 -0.0123584 -0.0123886 -0.012414 -0.0123833 -0.0123408 -0.012259 -0.0121531 -0.0119673 -0.0117372 -0.0114559 -0.011107 -0.0106653 -0.0101687 -0.00957358 -0.00886617 -0.00807922 -0.00717608 -0.00618242 -0.00507774 -0.00386196 -0.00253982 -0.00114569 0.000372488 0.0019501 0.003588 0.00528708 0.00702615 0.00879764 0.0105669 0.0123313 0.014063 0.0157598 0.0173728 0.0189082 0.0203403 0.0216619 0.0228349 0.0238488 0.0246987 0.0253466 0.0258101 0.0260336 0.0260347 0.025797 0.0252851 0.0245038 0.0234127 0.0220016 0.0202613 0.0181585 0.01569 0.0128581 0.00964992 0.00611616 0.00228563 -0.0017575 -0.00587539 -0.00993235 -0.0136868 -0.0169101 -0.0193374 -0.020705 -0.0208366 -0.0195848 -0.0169344 -0.012982 -0.00794743 -0.00221283 0.00375095 0.00938934 0.0141335 0.0174834 0.0190371 
0 -0.0080252 -0.0160635 -0.0240769 -0.0320255 -0.0397772 -0.0472038 -0.0541369 -0.0604035 -0.0658762 -0.0704243 -0.0740121 -0.0766294 -0.0783481 -0.079294 -0.0796195 -0.0795341 -0.0791963 -0.0787822 -0.0784039 -0.0781528 -0.0781004 -0.0782497 -0.0786124 -0.0791445 -0.079827 -0.0806294 -0.0815011 -0.0823963 -0.0832631 -0.0840697 -0.08479 -0.0853845 -0.0858046 -0.0860492 -0.0860878 -0.0859292 -0.085541 -0.0849026 -0.0840496 -0.0829582 -0.0816444 -0.080095 -0.0783318 -0.0763888 -0.074271 -0.0719762 -0.0695483 -0.0670102 -0.0643742 -0.0616638 -0.0588888 -0.0561168 -0.0533389 -0.0505719 -0.0478479 -0.0451959 -0.0426203 -0.0401363 -0.037759 -0.0355234 -0.033416 -0.0314167 -0.0295791 -0.0278818 -0.0263107 -0.0248762 -0.0235846 -0.0224008 -0.0213353 -0.0203684 -0.0195182 -0.0187588 -0.0180693 -0.0174611 -0.0169331 -0.0164484 -0.0160321 -0.0156785 -0.0153428 -0.0150501 -0.0148123 -0.0145946 -0.0143891 -0.0142218 -0.0140704 -0.013936 -0.0138116 -0.0137067 -0.0136098 -0.0135249 -0.0134432 -0.013383 -0.0133186 -0.0132643 -0.0132221 -0.0131884 -0.0131468 -0.0131309 -0.0131141 -0.0130985 -0.013094 -0.0131057 -0.0131048 -0.013124 -0.0131498 -0.013178 -0.0132093 -0.0132605 -0.0133056 -0.0133633 -0.0134267 -0.0135016 -0.0135747 -0.0136578 -0.0137486 -0.0138524 -0.0139412 -0.0140418 -0.014159 -0.0142645 -0.0143582 -0.0144674 -0.0145598 -0.0146379 -0.0147224 -0.0147753 -0.0147971 -0.0148107 -0.0147988 -0.0147371 -0.0146422 -0.0144924 -0.0143003 -0.0140384 -0.0137085 -0.0133135 -0.0128367 -0.0122418 -0.0115738 -0.0108093 -0.009925 -0.00893279 -0.00783621 -0.00663292 -0.00531337 -0.00388976 -0.00238709 -0.000809532 0.000867397 0.00258927 0.00435698 0.00615043 0.00796332 0.00977533 0.0115465 0.0132718 0.0149542 0.0165546 0.0180442 0.0194254 0.0206667 0.0217806 0.0227138 0.0234673 0.0240496 0.0244356 0.0246213 0.0245789 0.0243131 0.0238199 0.0230807 0.022066 0.0207725 0.0191775 0.0172753 0.0150368 0.0124359 0.00948854 0.00618588 0.00257856 -0.00130171 -0.00536014 -0.009454 -0.013413 -0.0169881 -0.0199447 -0.0219922 -0.0228808 -0.0223998 -0.0204125 -0.0169236 -0.012031 -0.00601625 0.00073029 0.00768716 0.0142494 0.0198292 0.023859 0.0259378 
0 -0.00861153 -0.0172157 -0.0257516 -0.0341791 -0.0423562 -0.0501457 -0.0573723 -0.063842 -0.0694318 -0.0740121 -0.0775553 -0.0800677 -0.0816127 -0.0823331 -0.0823953 -0.08202 -0.0813907 -0.0806832 -0.0800227 -0.0795175 -0.079249 -0.0792338 -0.079485 -0.0799502 -0.0806227 -0.0814699 -0.0824362 -0.08348 -0.0845256 -0.0855593 -0.0865487 -0.0874472 -0.0882106 -0.0888191 -0.089256 -0.0895145 -0.0895593 -0.0893545 -0.08894 -0.0882873 -0.0874001 -0.0862665 -0.084889 -0.0833105 -0.0815184 -0.0795106 -0.0773193 -0.0749847 -0.0725042 -0.0699013 -0.0671939 -0.0644325 -0.0616282 -0.0587858 -0.0559492 -0.053147 -0.0504002 -0.0477012 -0.0450901 -0.0425979 -0.0402181 -0.0379418 -0.035824 -0.0338501 -0.0320006 -0.0302988 -0.028745 -0.027325 -0.0260304 -0.0248597 -0.023809 -0.0228694 -0.0220122 -0.0212611 -0.0205962 -0.0199922 -0.0194604 -0.0190065 -0.0185867 -0.0182187 -0.0179081 -0.0176279 -0.0173723 -0.0171574 -0.0169679 -0.0167959 -0.0166426 -0.0165098 -0.0163938 -0.0162851 -0.0161898 -0.0161117 -0.0160383 -0.0159697 -0.0159222 -0.0158771 -0.0158341 -0.0158096 -0.0157937 -0.0157731 -0.0157723 -0.015781 -0.0157872 -0.0158063 -0.0158414 -0.0158726 -0.0159152 -0.0159725 -0.0160324 -0.0160971 -0.0161762 -0.0162624 -0.0163522 -0.0164472 -0.0165533 -0.0166669 -0.0167727 -0.0168852 -0.0170065 -0.0171152 -0.0172144 -0.0173228 -0.0174048 -0.017469 -0.0175272 -0.0175567 -0.017543 -0.0175137 -0.0174386 -0.0173113 -0.0171325 -0.0168982 -0.0165957 -0.0162136 -0.0157402 -0.0151905 -0.0145424 -0.0137687 -0.0129028 -0.0119311 -0.0108312 -0.00961011 -0.00829858 -0.00687985 -0.00535387 -0.00373248 -0.00205491 -0.000308593 0.00150329 0.00333854 0.00518559 0.00702534 0.00885976 0.0106583 0.0123836 0.0140237 0.0155958 0.0170422 0.018349 0.0195152 0.0205235 0.0213862 0.0220523 0.0225284 0.0228285 0.0229446 0.022855 0.0225569 0.0220499 0.0213401 0.0204157 0.0192282 0.01779 0.016075 0.0140765 0.0117641 0.00910308 0.00611126 0.00279221 -0.000810339 -0.00466037 -0.00865539 -0.0126492 -0.0164381 -0.0197716 -0.0224017 -0.0240251 -0.0243964 -0.0232818 -0.0205571 -0.0162406 -0.0104477 -0.00350316 0.00418272 0.0120471 0.0194479 0.0257714 0.030411 0.0329584 
0 -0.00911413 -0.0181782 -0.027156 -0.0359446 -0.0444444 -0.0524905 -0.0598921 -0.0664796 -0.0720868 -0.0766294 -0.0800677 -0.0824174 -0.0837553 -0.0842171 -0.0839941 -0.0833082 -0.0823705 -0.0813451 -0.0803924 -0.0796109 -0.0791036 -0.078914 -0.0790109 -0.0794033 -0.08003 -0.0808898 -0.0819385 -0.0830834 -0.0843047 -0.0855404 -0.0867788 -0.0879733 -0.0890641 -0.0900275 -0.0908629 -0.0915431 -0.0920248 -0.0923049 -0.0923525 -0.0922014 -0.0918123 -0.0911586 -0.0902704 -0.0891499 -0.0877922 -0.0861903 -0.0843738 -0.08235 -0.0801644 -0.0777911 -0.0752652 -0.072645 -0.0699256 -0.0671182 -0.0642715 -0.0614231 -0.0585643 -0.055742 -0.0529598 -0.0502607 -0.0476511 -0.045143 -0.0427522 -0.0405099 -0.0384015 -0.0364187 -0.0345958 -0.0329272 -0.0313933 -0.0299816 -0.0287282 -0.0275854 -0.0265437 -0.0256187 -0.0248175 -0.0240728 -0.023408 -0.0228346 -0.0223334 -0.0218745 -0.0214745 -0.0211242 -0.0208175 -0.0205477 -0.0203088 -0.020098 -0.0199119 -0.0197523 -0.0196085 -0.0194806 -0.0193665 -0.0192749 -0.0191857 -0.0191108 -0.0190498 -0.0190004 -0.0189505 -0.0189238 -0.0189004 -0.0188843 -0.0188789 -0.0188907 -0.0188978 -0.0189236 -0.0189587 -0.0190008 -0.0190473 -0.0191138 -0.0191817 -0.0192593 -0.0193451 -0.0194419 -0.0195419 -0.0196514 -0.0197638 -0.0198762 -0.0199921 -0.0201151 -0.0202285 -0.0203174 -0.0204151 -0.0205111 -0.0205678 -0.020585 -0.0206093 -0.0205914 -0.0205187 -0.0204045 -0.0202573 -0.0200221 -0.019725 -0.019366 -0.0189235 -0.018362 -0.0177152 -0.0169745 -0.0161047 -0.0151157 -0.0140236 -0.0128118 -0.0114662 -0.0100246 -0.00847361 -0.00684049 -0.00511335 -0.00331239 -0.00146469 0.000407352 0.00232652 0.00424454 0.00611795 0.00797288 0.00977693 0.0115053 0.0131249 0.0146378 0.0160224 0.0172786 0.0183556 0.0192581 0.0200167 0.0205881 0.0209745 0.0211703 0.0211967 0.0210536 0.0207346 0.0202125 0.0195188 0.0186592 0.0175881 0.016314 0.0147846 0.0130219 0.0110049 0.00867579 0.00603571 0.00306215 -0.000208329 -0.00374719 -0.00750925 -0.0113925 -0.0152294 -0.0188029 -0.0218594 -0.0241182 -0.0253117 -0.0251451 -0.0234145 -0.0199954 -0.0148956 -0.00830887 -0.000522387 0.00797572 0.0166143 0.0247452 0.0316751 0.036848 0.039785 
0 -0.00952098 -0.018978 -0.0282814 -0.0373593 -0.0460776 -0.0542768 -0.0617747 -0.0683685 -0.0739239 -0.0783481 -0.0816127 -0.0837553 -0.0848442 -0.0850271 -0.0845072 -0.0835019 -0.0822428 -0.0809082 -0.0796394 -0.0785861 -0.0778297 -0.0774252 -0.0773802 -0.0776389 -0.0782096 -0.0790518 -0.0801154 -0.0813584 -0.0826876 -0.0840991 -0.0855536 -0.0869959 -0.0883848 -0.08968 -0.0908766 -0.0919521 -0.0928786 -0.093604 -0.0941578 -0.0945135 -0.0946419 -0.0945398 -0.094179 -0.0935899 -0.0927562 -0.0916636 -0.0903109 -0.088754 -0.0869556 -0.0849398 -0.0827426 -0.0803667 -0.0778628 -0.0752268 -0.072489 -0.0696802 -0.0668497 -0.0639654 -0.061106 -0.0582915 -0.055526 -0.0528219 -0.0502249 -0.0477438 -0.0453716 -0.0431529 -0.0410755 -0.0391448 -0.0373434 -0.0357142 -0.0342104 -0.0328576 -0.0316297 -0.0305306 -0.0295188 -0.0286347 -0.0278521 -0.0271558 -0.0265168 -0.0259614 -0.0254839 -0.0250611 -0.0246766 -0.024341 -0.0240598 -0.0238049 -0.0235822 -0.0233841 -0.0232197 -0.0230651 -0.0229401 -0.0228221 -0.0227288 -0.0226383 -0.0225741 -0.0225083 -0.0224659 -0.0224235 -0.0224048 -0.0223821 -0.022384 -0.0223844 -0.0224063 -0.0224256 -0.0224696 -0.0225102 -0.0225719 -0.0226338 -0.0227151 -0.0227922 -0.0228918 -0.0229907 -0.0230953 -0.0231986 -0.0233213 -0.0234353 -0.0235377 -0.0236361 -0.0237384 -0.0238287 -0.023884 -0.0239166 -0.0239315 -0.0239297 -0.0238632 -0.0237566 -0.0235946 -0.0233871 -0.0230943 -0.0227435 -0.0222867 -0.0217447 -0.0210916 -0.0203456 -0.0194689 -0.0184827 -0.0173696 -0.0161243 -0.0147586 -0.0132929 -0.0117138 -0.01001 -0.00825006 -0.00639943 -0.00447812 -0.00251649 -0.000553225 0.00144089 0.00341042 0.00535459 0.00724141 0.00903923 0.0107646 0.0123703 0.0138308 0.0151427 0.016326 0.0173223 0.0181454 0.0187835 0.0192476 0.019548 0.0196546 0.0195886 0.0193726 0.0190202 0.0184967 0.017826 0.0170002 0.0160306 0.0149111 0.0135758 0.012047 0.0103003 0.00830993 0.00605164 0.00347062 0.000582712 -0.0025871 -0.00602031 -0.00965148 -0.013379 -0.0170337 -0.020363 -0.023121 -0.0250253 -0.0257772 -0.0251239 -0.0228196 -0.0187674 -0.0130054 -0.00570359 0.00276504 0.0119443 0.0212178 0.0299013 0.0373391 0.0428956 0.0461487 
0 -0.00985999 -0.0196145 -0.0291908 -0.0384597 -0.0473212 -0.0555954 -0.0630905 -0.0696295 -0.0750488 -0.079294 -0.0823331 -0.0842171 -0.0850271 -0.08491 -0.0840766 -0.0827495 -0.0811782 -0.07952 -0.0779624 -0.0766229 -0.0756073 -0.0749953 -0.0747444 -0.0748797 -0.0753414 -0.0761217 -0.0771871 -0.0784408 -0.0798568 -0.0813769 -0.0829792 -0.0846176 -0.0862455 -0.0878141 -0.0893399 -0.0907743 -0.0920838 -0.0932654 -0.0942612 -0.0951172 -0.0957694 -0.0962038 -0.0964198 -0.0964034 -0.0961399 -0.0956155 -0.0948325 -0.0937881 -0.0925132 -0.0909748 -0.089213 -0.0872312 -0.0850621 -0.0827014 -0.0801934 -0.0775756 -0.0748496 -0.0720596 -0.0692252 -0.0663703 -0.0635215 -0.0607297 -0.0579741 -0.0553195 -0.0527631 -0.0503084 -0.0479807 -0.0458138 -0.0437813 -0.0418991 -0.040171 -0.0385823 -0.0371356 -0.035828 -0.0346657 -0.0336131 -0.0326577 -0.0318058 -0.0310788 -0.0304172 -0.0298251 -0.0293046 -0.0288622 -0.0284637 -0.0281204 -0.0278109 -0.0275526 -0.0273233 -0.0271255 -0.0269487 -0.0268052 -0.0266708 -0.026563 -0.0264687 -0.0263894 -0.0263202 -0.0262744 -0.0262289 -0.0262015 -0.0261862 -0.0261818 -0.0261822 -0.0262055 -0.0262296 -0.026268 -0.0263169 -0.0263781 -0.0264407 -0.0265246 -0.0266064 -0.0266979 -0.0267931 -0.0268996 -0.0269973 -0.0270986 -0.0271842 -0.0272806 -0.0273601 -0.0274107 -0.0274318 -0.0274582 -0.0274406 -0.0273741 -0.0272555 -0.0271021 -0.0268888 -0.0266033 -0.0262301 -0.0257814 -0.0252287 -0.0245673 -0.0238154 -0.0229316 -0.0219085 -0.0207678 -0.0195076 -0.0180989 -0.0165917 -0.0149567 -0.0132125 -0.0113669 -0.00944748 -0.00745493 -0.00542591 -0.00335583 -0.00127091 0.000799511 0.00284367 0.00483453 0.00676155 0.00856573 0.0102741 0.0118517 0.0132803 0.0145394 0.0156346 0.0165445 0.0172829 0.0178273 0.0181762 0.0183912 0.0184159 0.0182908 0.0180104 0.0175952 0.0170687 0.0164121 0.0156248 0.01473 0.0137296 0.0125821 0.0112903 0.00979327 0.00811828 0.00622141 0.00404666 0.00159322 -0.00118089 -0.00421496 -0.00750464 -0.0109843 -0.0145393 -0.0179936 -0.0210851 -0.0235617 -0.0251186 -0.0254873 -0.0243742 -0.0215719 -0.0169845 -0.0106434 -0.00279027 0.00624392 0.0159335 0.0256676 0.0347714 0.0425293 0.0483751 0.05183 
0 -0.0101373 -0.0201448 -0.0299182 -0.0393269 -0.0482572 -0.0565307 -0.0639606 -0.0703685 -0.0756029 -0.0796195 -0.0823953 -0.0839941 -0.0845072 -0.0840766 -0.08293 -0.0812811 -0.0793825 -0.0774122 -0.0755411 -0.0739208 -0.0726413 -0.071788 -0.0713435 -0.0713021 -0.0716374 -0.0723177 -0.0733111 -0.0745447 -0.0759718 -0.0775496 -0.0792456 -0.0810143 -0.0828128 -0.0846003 -0.086372 -0.0880924 -0.08974 -0.0912913 -0.0927151 -0.0940218 -0.0951558 -0.0961148 -0.0968755 -0.0974193 -0.097744 -0.0978247 -0.0976463 -0.0972161 -0.096516 -0.0955394 -0.094318 -0.0928251 -0.0911073 -0.0891679 -0.0870198 -0.0846938 -0.0822152 -0.0796041 -0.0769064 -0.0741385 -0.0713262 -0.0685138 -0.0656991 -0.0629315 -0.0602267 -0.057616 -0.0551082 -0.052721 -0.0504541 -0.048351 -0.046382 -0.044568 -0.0429208 -0.0414095 -0.0400218 -0.038794 -0.0376977 -0.0367038 -0.0358223 -0.0350385 -0.034351 -0.0337466 -0.0332142 -0.0327407 -0.032339 -0.0319814 -0.0316795 -0.0314112 -0.0311816 -0.0309835 -0.0308235 -0.0306682 -0.0305508 -0.0304501 -0.0303615 -0.0302848 -0.0302414 -0.0301884 -0.0301582 -0.0301444 -0.0301387 -0.0301326 -0.0301608 -0.0301818 -0.0302154 -0.0302639 -0.0303254 -0.0303779 -0.0304565 -0.0305316 -0.0306123 -0.0306919 -0.0307762 -0.030847 -0.0309241 -0.0309781 -0.0310179 -0.0310355 -0.0310338 -0.0310005 -0.0309256 -0.0307901 -0.0306241 -0.0304074 -0.0300951 -0.0297091 -0.0292501 -0.0286837 -0.0280093 -0.0272362 -0.0263199 -0.0252795 -0.0241052 -0.0228052 -0.0213683 -0.0198015 -0.0180998 -0.0162982 -0.0143783 -0.0123781 -0.0103095 -0.00817412 -0.00600387 -0.00381554 -0.00162338 0.000533047 0.00263586 0.0046821 0.00661694 0.00845491 0.010153 0.0116971 0.0130818 0.0142851 0.0152952 0.0161278 0.0167708 0.0172299 0.0175135 0.0176135 0.0175736 0.0173758 0.0170445 0.0165914 0.0160356 0.0153958 0.0146589 0.0138326 0.0129244 0.011932 0.010832 0.00959968 0.00820199 0.00663914 0.00485848 0.00282356 0.000499106 -0.00213431 -0.00503271 -0.00819145 -0.0115247 -0.0149214 -0.0181874 -0.0210552 -0.0232672 -0.0245134 -0.0245214 -0.023012 -0.0197774 -0.0147408 -0.00795582 0.000334718 0.00976078 0.0198033 0.0298356 0.0391736 0.0471281 0.0531128 0.056683 
0 -0.0103583 -0.0205657 -0.0304888 -0.0399943 -0.0489519 -0.0571867 -0.0645143 -0.0707566 -0.0757772 -0.0795341 -0.08202 -0.0833082 -0.0835019 -0.0827495 -0.0812811 -0.0793093 -0.0770823 -0.0747957 -0.0726143 -0.0707022 -0.069147 -0.0680318 -0.0673616 -0.0671192 -0.0672943 -0.0678409 -0.0687256 -0.0698883 -0.0712734 -0.0728447 -0.0745592 -0.0763815 -0.078275 -0.0802073 -0.0821601 -0.0840995 -0.0860119 -0.0878654 -0.089639 -0.0913222 -0.092876 -0.0943018 -0.095568 -0.0966452 -0.097528 -0.0981936 -0.0986158 -0.0987984 -0.0987078 -0.0983502 -0.0977358 -0.0968215 -0.0956454 -0.0942136 -0.0925326 -0.0906221 -0.0885111 -0.0862152 -0.0837772 -0.0811984 -0.0785227 -0.0757985 -0.0730271 -0.0702495 -0.0674912 -0.0647842 -0.0621411 -0.0595905 -0.057147 -0.0548532 -0.0526706 -0.0506358 -0.0487709 -0.0470533 -0.0454696 -0.0440584 -0.0427791 -0.0416198 -0.0405983 -0.0396936 -0.0388857 -0.0381733 -0.0375528 -0.0370082 -0.0365371 -0.0361191 -0.0357707 -0.0354643 -0.0351993 -0.0349763 -0.0347965 -0.0346226 -0.034494 -0.0343868 -0.0342889 -0.0342072 -0.0341636 -0.0341058 -0.0340719 -0.0340591 -0.0340501 -0.0340385 -0.0340661 -0.0340827 -0.0341074 -0.0341502 -0.0342031 -0.0342407 -0.0343049 -0.0343623 -0.0344151 -0.0344659 -0.0345187 -0.034545 -0.0345649 -0.0345619 -0.034538 -0.0344755 -0.0343735 -0.034235 -0.0340472 -0.0337829 -0.0334608 -0.0330702 -0.0325661 -0.0319784 -0.0312952 -0.030476 -0.0295222 -0.0284627 -0.0272488 -0.0258982 -0.0244052 -0.0227828 -0.0210213 -0.0191369 -0.0171414 -0.0150647 -0.0128858 -0.0106428 -0.0083684 -0.00605823 -0.00375191 -0.00146798 0.00077148 0.00293764 0.00501386 0.00699011 0.00880471 0.0104786 0.0119873 0.0133047 0.0144408 0.0153819 0.0161279 0.0166883 0.0170575 0.0172465 0.0172816 0.0171581 0.016908 0.0165368 0.0160611 0.0154989 0.0148589 0.0141602 0.0133982 0.0125834 0.0117158 0.0107837 0.00977408 0.00864688 0.00737708 0.00594241 0.00428744 0.00238431 0.000184704 -0.00231964 -0.00510023 -0.00814215 -0.0113517 -0.0146103 -0.0177118 -0.020388 -0.0223699 -0.0233486 -0.0230453 -0.0211965 -0.0176035 -0.0122061 -0.00508281 0.00351942 0.0132006 0.0234432 0.0336144 0.0430316 0.0510333 0.0570341 0.0606207 
0 -0.0105551 -0.0209317 -0.0309843 -0.0405546 -0.0495099 -0.0576744 -0.0648654 -0.0709191 -0.0757088 -0.0791963 -0.0813907 -0.0823705 -0.0822428 -0.0811782 -0.0793825 -0.0770823 -0.0745251 -0.0718947 -0.0694003 -0.0671696 -0.0653191 -0.063934 -0.0629966 -0.0625471 -0.0625246 -0.0629027 -0.0636507 -0.0646858 -0.0659932 -0.067507 -0.0691869 -0.0710021 -0.0729258 -0.0749155 -0.0769668 -0.0790358 -0.0811037 -0.0831865 -0.0852084 -0.0871886 -0.089085 -0.0908872 -0.0925814 -0.0941235 -0.0955002 -0.0966981 -0.0977061 -0.0984643 -0.0989894 -0.0992554 -0.0992607 -0.0989735 -0.0984065 -0.097559 -0.0964381 -0.0950562 -0.0933963 -0.0915328 -0.0894631 -0.0871939 -0.0847663 -0.0822517 -0.0796146 -0.0769178 -0.0742036 -0.0714856 -0.0687872 -0.0661423 -0.0635828 -0.0611199 -0.0587703 -0.0565448 -0.0544834 -0.0525489 -0.0507789 -0.0491683 -0.0477047 -0.0463664 -0.0451985 -0.0441488 -0.0432126 -0.0423819 -0.041669 -0.0410398 -0.0404904 -0.0400077 -0.0396081 -0.0392588 -0.0389525 -0.0387035 -0.0384978 -0.0383088 -0.0381629 -0.0380507 -0.0379404 -0.0378586 -0.037807 -0.0377509 -0.0377086 -0.0376986 -0.0376804 -0.0376682 -0.0376844 -0.0376975 -0.0377054 -0.037739 -0.0377701 -0.0377882 -0.037822 -0.0378518 -0.0378599 -0.0378636 -0.0378629 -0.0378277 -0.0377684 -0.0376775 -0.0375608 -0.0373889 -0.0371623 -0.0368748 -0.0365372 -0.0360987 -0.0355823 -0.0349625 -0.0342357 -0.0333835 -0.03242 -0.0312955 -0.0300424 -0.0286438 -0.027099 -0.0254071 -0.0235804 -0.0216203 -0.0195496 -0.0173645 -0.0150817 -0.0127566 -0.0103546 -0.0079182 -0.00548915 -0.003086 -0.000691818 0.0016132 0.00382644 0.00592612 0.00789799 0.00970738 0.0113354 0.0127873 0.0140402 0.0151064 0.0159514 0.0166063 0.017075 0.0173657 0.0174637 0.0174225 0.0172404 0.0169249 0.0165203 0.0160005 0.0154332 0.0148086 0.0141343 0.0134336 0.0127088 0.0119539 0.0111738 0.010346 0.0094379 0.00845368 0.00731149 0.00600935 0.00448622 0.00268555 0.000605023 -0.00180957 -0.00451228 -0.00747554 -0.0106123 -0.0137684 -0.0167434 -0.0192633 -0.0210471 -0.0217886 -0.0212164 -0.01907 -0.0151865 -0.00951638 -0.00215119 0.00662738 0.016438 0.0267307 0.0368905 0.0462588 0.0541688 0.0600985 0.0636224 
