0 0 0 0 0 0 0 0 0 0 0 0 0 0 0 0 0 0 0 0 0 0 0 0 0 0 0 0 0 0 0 0 0 0 0 0 0 0 0 0 0 0 0 0 0 0 0 0 0 0 0 0 0 0 0 0 0 0 0 0 0 0 0 0 0 0 0 0 0 0 0 0 0 0 0 0 0 0 0 0 0 0 0 0 0 0 0 0 0 0 0 0 0 0 0 0 0 0 0 0 0 0 0 0 0 0 0 0 0 0 0 0 0 0 0 0 0 0 0 0 0 0 0 0 0 0 0 0 0 0 0 0 0 0 0 0 0 0 0 0 0 0 0 0 0 0 0 0 0 0 0 0 0 0 0 0 0 0 0 0 0 0 0 0 0 0 0 0 0 0 0 0 0 0 0 0 0 0 0 0 0 0 0 0 0 0 0 0 0 0 0 0 0 0 0 0 0 0 0 0 
0 0.000851524 0.00171431 0.00256075 0.00342283 0.00426053 0.00506877 0.00583603 0.00650558 0.00708442 0.00752222 0.00780795 0.0079488 0.00791915 0.00776001 0.00747968 0.00710934 0.00671162 0.00631532 0.00598497 0.00575968 0.00565202 0.00568257 0.00583529 0.00609468 0.00644515 0.00685223 0.00727989 0.0076979 0.00807656 0.00840065 0.00868006 0.00890204 0.00906937 0.0091852 0.00924636 0.00927162 0.0092694 0.00923855 0.00916945 0.00908694 0.00897575 0.00885144 0.00872132 0.00854879 0.00836923 0.00818282 0.00798514 0.0077752 0.00756135 0.00732262 0.00708932 0.00686081 0.00660882 0.00636434 0.00611983 0.00588093 0.00562527 0.00537771 0.00513231 0.00489936 0.00465918 0.00442409 0.00418894 0.00395476 0.00374461 0.00352754 0.00330671 0.0030917 0.00290181 0.00269567 0.00250634 0.00231563 0.00213649 0.00195591 0.00179156 0.00162275 0.00146676 0.00131141 0.00116527 0.00102892 0.000893412 0.000761474 0.000644256 0.000535422 0.000416949 0.000320384 0.000230126 0.000140745 5.21201e-05 -8.81865e-06 -8.13653e-05 -0.000142887 -0.000195018 -0.000231819 -0.000282494 -0.00030671 -0.000329992 -0.00034609 -0.000363697 -0.000353508 -0.000355629 -0.000343428 -0.000323988 -0.000289245 -0.000267884 -0.000219135 -0.000169784 -0.000115445 -6.02046e-05 2.25089e-05 9.21166e-05 0.000173372 0.000267 0.000370758 0.000464036 0.000580192 0.000701713 0.000823005 0.000951508 0.00109366 0.00123688 0.00138478 0.00154471 0.00170499 0.00187723 0.00204636 0.0022323 0.00242072 0.0026138 0.00279648 0.00301697 0.00323049 0.00343631 0.00364501 0.00388452 0.00411594 0.00434866 0.00458244 0.00482431 0.00507678 0.00532556 0.00558241 0.00583324 0.00609263 0.00634985 0.00661278 0.0068591 0.00712794 0.00738733 0.0076251 0.00786895 0.00811118 0.00834489 0.00857178 0.00878806 0.00897743 0.0091791 0.00936037 0.00952217 0.00967552 0.0098134 0.00994532 0.010065 0.0101731 0.0102664 0.010372 0.0104873 0.0106128 0.0107531 0.010898 0.011051 0.0112064 0.0113401 0.0114175 0.0114161 0.0112944 0.011036 0.0106328 0.0100565 0.00933333 0.00847374 0.00751018 0.0065167 0.00551853 0.00458334 0.00374919 0.00302323 0.00245328 0.00201556 0.00171854 0.00155373 0.00147084 0.00147296 0.00150124 0.00153764 0.00156724 0.0015467 0.00149461 0.00138047 
0 0.00171431 0.0034192 0.00514379 0.00684521 0.00852236 0.0101466 0.0116455 0.0130057 0.0141372 0.0150071 0.0155936 0.0158439 0.0158075 0.0154723 0.0148977 0.0141649 0.0133332 0.0125389 0.0118584 0.0113836 0.011158 0.0111979 0.0114797 0.0119774 0.0126572 0.0134264 0.0142747 0.0150751 0.0158085 0.0164648 0.0169804 0.0174267 0.0177402 0.0179424 0.0180595 0.0180987 0.0180833 0.0180199 0.0178961 0.0176996 0.0174949 0.0172374 0.0169622 0.0166464 0.0162925 0.015925 0.0155353 0.0151332 0.0146804 0.0142374 0.01379 0.013334 0.0128522 0.0123758 0.0118846 0.0114075 0.0109505 0.010455 0.00997835 0.00952156 0.00906171 0.0085849 0.0081543 0.00772255 0.00728862 0.00684759 0.00643888 0.00605803 0.00566284 0.005257 0.00488868 0.0045493 0.0041861 0.0038405 0.00351246 0.00320441 0.00289314 0.00259873 0.00230963 0.00205309 0.00178786 0.00153587 0.00130757 0.00109676 0.000871185 0.000681471 0.000509925 0.000333311 0.000168869 4.29646e-05 -8.93577e-05 -0.000215017 -0.000308 -0.00038867 -0.000475721 -0.000532419 -0.000568448 -0.00060864 -0.000631816 -0.000623578 -0.000616981 -0.000602469 -0.000555652 -0.000498858 -0.000446406 -0.000361914 -0.000258505 -0.000160916 -4.54604e-05 0.000105477 0.000247332 0.000399704 0.000584707 0.000780621 0.000965057 0.0011878 0.00142271 0.00165827 0.00190292 0.00218218 0.00245646 0.00274768 0.003042 0.0033636 0.00369514 0.00403312 0.00436252 0.00473745 0.00512158 0.00549447 0.00587573 0.00628743 0.00671114 0.00713543 0.00756342 0.00800162 0.00847251 0.00892175 0.00939265 0.00988557 0.0103741 0.0108355 0.0113475 0.0118606 0.0123611 0.012861 0.0133572 0.0138609 0.0143601 0.0148569 0.015322 0.0157991 0.0162565 0.0167019 0.0171035 0.0175072 0.0179006 0.018254 0.0185982 0.0188856 0.019163 0.0194323 0.0196847 0.0199004 0.0201262 0.0203422 0.0205794 0.0208674 0.0211357 0.0214608 0.0217871 0.0221109 0.0224082 0.0225791 0.0225886 0.0223621 0.0218688 0.0210648 0.0199556 0.0185276 0.0168347 0.0149634 0.012979 0.0110346 0.0091828 0.00752307 0.006117 0.00496649 0.00412506 0.00354463 0.00321227 0.00308121 0.00307157 0.00314735 0.00322876 0.00327825 0.0032645 0.00314768 0.00293041 
0 0.00256075 0.00514379 0.00769796 0.0102677 0.0127748 0.0151882 0.0174567 0.0194544 0.0211542 0.0224421 0.023279 0.023662 0.0235566 0.0230439 0.0221694 0.0210329 0.0197915 0.0185637 0.017517 0.0167691 0.016374 0.0163749 0.0167397 0.0174228 0.0183715 0.0194887 0.0206764 0.0218369 0.0228913 0.0237992 0.0245641 0.0251721 0.0256185 0.0259123 0.0260592 0.0260988 0.0260593 0.0259392 0.0257223 0.0254532 0.025119 0.0247452 0.024346 0.0238561 0.0233363 0.0227984 0.0222333 0.0216395 0.0210248 0.0203644 0.0197125 0.0190657 0.0183737 0.0176921 0.0170121 0.0163449 0.0156514 0.0149652 0.0142905 0.013644 0.0129862 0.0123363 0.0116949 0.0110611 0.0104718 0.00987327 0.00927411 0.00869543 0.00816099 0.00760202 0.0070802 0.00656587 0.00607101 0.00558103 0.0051258 0.00467114 0.00424164 0.00381942 0.00341981 0.00304668 0.00267734 0.00231994 0.00199875 0.00169777 0.00138251 0.00111526 0.000868426 0.000624506 0.00039019 0.000214154 2.28537e-05 -0.000145486 -0.000285185 -0.000393049 -0.000520024 -0.000592674 -0.000653583 -0.000699848 -0.000739356 -0.000721986 -0.000720007 -0.000688695 -0.000632631 -0.000545394 -0.000475832 -0.00034979 -0.000213111 -6.61228e-05 9.21946e-05 0.000307696 0.000504624 0.000726483 0.000982421 0.0012607 0.00152402 0.00183736 0.00216869 0.00250199 0.00285452 0.00324132 0.00363414 0.00404062 0.00447397 0.00491715 0.00538585 0.00585492 0.00635673 0.0068746 0.00740372 0.00791917 0.00850626 0.00909116 0.00966428 0.0102484 0.0108921 0.0115286 0.0121721 0.0128184 0.013486 0.0141804 0.0148703 0.0155708 0.0162719 0.0169914 0.0177074 0.0184312 0.0191303 0.0198705 0.0205939 0.0212754 0.0219622 0.0226483 0.023316 0.0239656 0.0245828 0.0251509 0.0257346 0.0262729 0.026766 0.02723 0.0276606 0.0280767 0.0284661 0.0288252 0.0291626 0.0295284 0.0299299 0.0303721 0.0308529 0.0313619 0.0318949 0.0324304 0.0329008 0.0332066 0.0332698 0.0329836 0.0322927 0.0311605 0.0295351 0.0274627 0.0249923 0.0222273 0.0193506 0.0164767 0.0137745 0.0113603 0.00928149 0.00763678 0.00639703 0.00556557 0.00510965 0.00491318 0.0049424 0.00506017 0.00519837 0.00530082 0.00527423 0.00513362 0.00481179 
0 0.00342283 0.00684521 0.0102677 0.013663 0.0169924 0.0201939 0.023165 0.0258171 0.0280316 0.0297157 0.0308127 0.0312709 0.0311194 0.0303934 0.0291877 0.0276469 0.0259307 0.024252 0.0227943 0.0217194 0.0211181 0.0210273 0.0214145 0.0222263 0.0233856 0.0247558 0.0262466 0.0276911 0.029012 0.0301675 0.031104 0.0318626 0.0323981 0.0327286 0.0328872 0.0329056 0.0328194 0.0326376 0.0323488 0.0319594 0.031522 0.0310199 0.0304773 0.0298637 0.0291974 0.0285053 0.0277828 0.0270331 0.0262296 0.0254175 0.0246055 0.0237853 0.0229315 0.0220798 0.0212218 0.0203817 0.0195523 0.0186965 0.0178616 0.0170547 0.0162471 0.0154324 0.0146604 0.0138996 0.0131501 0.0123969 0.0116765 0.0109935 0.0103129 0.00962334 0.00897893 0.00836905 0.00775106 0.00715263 0.00658383 0.00604055 0.00550666 0.00499317 0.00449884 0.00404391 0.00358961 0.00315578 0.00275892 0.00238689 0.00200811 0.0016766 0.00137363 0.00107381 0.000795105 0.000568059 0.000341775 0.000132982 -3.36395e-05 -0.000175622 -0.000317617 -0.000415781 -0.000485119 -0.000546906 -0.00058402 -0.000575804 -0.000562755 -0.000529064 -0.000454437 -0.000357534 -0.000258322 -0.000113045 5.90272e-05 0.000236041 0.000439817 0.000692337 0.000942384 0.00121378 0.00152895 0.00186496 0.00219686 0.00257836 0.00298362 0.00339577 0.00382773 0.00430406 0.0047862 0.00528961 0.00581107 0.00636597 0.00694029 0.00752525 0.00812048 0.00876453 0.00942391 0.010077 0.0107604 0.0114782 0.0122077 0.0129454 0.0137073 0.0144853 0.0152929 0.0160921 0.0169211 0.0177798 0.0186363 0.0194791 0.0203683 0.0212701 0.0221633 0.0230563 0.0239456 0.0248538 0.0257573 0.0266445 0.0275072 0.0283789 0.0292299 0.0300577 0.0308371 0.0316012 0.0323554 0.0330616 0.0337329 0.0343425 0.0349299 0.0355044 0.036055 0.0365683 0.0370872 0.0376235 0.0382125 0.038877 0.0395674 0.0403299 0.0411179 0.0419011 0.0426062 0.0430859 0.0432379 0.0429351 0.0421001 0.0406673 0.0386161 0.0359588 0.0327858 0.0292481 0.0255224 0.0218341 0.0183455 0.015223 0.0125714 0.010445 0.00888389 0.00784549 0.00728189 0.00709117 0.00715409 0.00735804 0.00758134 0.00773591 0.00774884 0.00757473 0.00718173 
0 0.00426053 0.00852236 0.0127748 0.0169924 0.0211188 0.0250716 0.0287378 0.0319914 0.0346988 0.0367435 0.038047 0.0385636 0.0383108 0.0373471 0.0357882 0.0338064 0.0316098 0.0294448 0.0275424 0.0260951 0.0252215 0.0249659 0.0253032 0.0261657 0.0274536 0.0290212 0.0307262 0.0324009 0.0339335 0.0352629 0.0363496 0.0372036 0.0378033 0.0381603 0.0383086 0.0382881 0.0381399 0.0378736 0.0374888 0.0370009 0.0364468 0.035832 0.0351628 0.0344211 0.0336234 0.032799 0.0319473 0.0310663 0.0301418 0.0291993 0.0282569 0.0273082 0.0263368 0.0253628 0.0243948 0.0234392 0.0224865 0.0215231 0.020582 0.0196673 0.0187573 0.0178482 0.0169663 0.0161063 0.0152656 0.0144307 0.0136161 0.012836 0.012071 0.0113115 0.0105842 0.00988797 0.00919869 0.008531 0.00789188 0.00727834 0.00668089 0.00610481 0.00555459 0.00503761 0.00453178 0.00404813 0.0036022 0.00317979 0.00276541 0.00239075 0.0020481 0.00171549 0.00140973 0.00114676 0.000897593 0.000668327 0.000479933 0.000316934 0.000167011 5.47447e-05 -2.53513e-05 -9.11948e-05 -0.000127741 -0.000125444 -0.000106809 -6.51618e-05 1.64239e-05 0.000121556 0.00024165 0.00040133 0.000591429 0.000793704 0.00102726 0.00130158 0.00158716 0.00189555 0.00224636 0.00261926 0.00300203 0.00342586 0.00387926 0.00434484 0.0048352 0.0053639 0.00590927 0.00647552 0.00706644 0.00768811 0.00833105 0.0089912 0.00967269 0.0103918 0.011125 0.0118686 0.0126473 0.0134553 0.0142697 0.0151023 0.0159674 0.0168542 0.0177573 0.018666 0.0196036 0.0205708 0.021544 0.0225164 0.0235201 0.0245403 0.0255623 0.0265842 0.0276123 0.0286583 0.0297016 0.0307256 0.0317371 0.0327554 0.0337618 0.0347443 0.0356856 0.0366073 0.0375163 0.0383882 0.0392172 0.0399981 0.0407556 0.0414999 0.0422238 0.0429212 0.0436286 0.0443761 0.0451986 0.0461083 0.0470816 0.0481296 0.0492187 0.0502995 0.0512698 0.0519754 0.0522708 0.0520129 0.0510971 0.0494458 0.0470298 0.0438747 0.0400895 0.0358555 0.0314005 0.0269787 0.0228081 0.0190795 0.015923 0.0134158 0.0115879 0.0104053 0.00979585 0.00963874 0.00979292 0.0101096 0.010452 0.0107046 0.0107758 0.0106126 0.0101724 
0 0.00506877 0.0101466 0.0151882 0.0201939 0.0250716 0.0297244 0.0340431 0.0378395 0.0409944 0.0433539 0.0448159 0.0453603 0.0449643 0.0437334 0.0417926 0.0393345 0.0366327 0.0339435 0.0315562 0.0296884 0.0284829 0.0279967 0.0282137 0.0290519 0.0303874 0.0320806 0.0339194 0.0357633 0.0374561 0.0389083 0.0401159 0.0410241 0.0416592 0.0420204 0.0421382 0.0420672 0.0418488 0.0414946 0.0410101 0.0404367 0.0397669 0.039052 0.0382746 0.0374263 0.0365301 0.0356047 0.0346572 0.0336728 0.0326749 0.031642 0.0306155 0.0295877 0.0285474 0.0274982 0.0264703 0.0254538 0.0244247 0.0234166 0.0224206 0.0214478 0.0204825 0.0195401 0.0186004 0.0176906 0.0168066 0.0159402 0.0150819 0.0142482 0.0134479 0.0126612 0.0118957 0.0111495 0.0104358 0.00973446 0.009065 0.00841306 0.00779081 0.00718373 0.00661221 0.00605955 0.00553415 0.00502919 0.00455964 0.00411013 0.00368657 0.00329066 0.00292609 0.00258251 0.00226741 0.00198374 0.00172506 0.00149229 0.00129028 0.00111756 0.000967949 0.000850608 0.000761176 0.000698987 0.000663531 0.000661478 0.000682829 0.000734118 0.000814834 0.000924564 0.00105815 0.00122531 0.00141951 0.00163923 0.00188827 0.00216894 0.00247329 0.0028042 0.00316849 0.0035573 0.00397137 0.00441316 0.00488803 0.00538122 0.00590476 0.00645323 0.00703312 0.00762799 0.00825838 0.00890908 0.00958724 0.0102803 0.0110144 0.0117644 0.0125331 0.0133211 0.0141535 0.0150016 0.0158572 0.0167376 0.0176579 0.0185996 0.0195427 0.0205166 0.0215119 0.0225325 0.0235627 0.02462 0.0256791 0.0267676 0.0278686 0.0289706 0.0300821 0.0312172 0.0323542 0.0334679 0.0345952 0.0357171 0.0368397 0.0379383 0.0390183 0.0400683 0.0411138 0.0421385 0.0431085 0.0440604 0.0449852 0.0459038 0.0468117 0.0477207 0.0486409 0.0496364 0.0507301 0.051915 0.0532222 0.0545949 0.0560327 0.0574583 0.0587329 0.0597096 0.0601942 0.0600325 0.0590917 0.057293 0.0545863 0.051029 0.0467381 0.0419164 0.0368583 0.0318129 0.027075 0.0228489 0.0192793 0.0164901 0.0144732 0.0132226 0.0126381 0.0125692 0.0128775 0.0133564 0.0138661 0.0142677 0.0144393 0.0143366 0.0138909 
0 0.00583603 0.0116455 0.0174567 0.023165 0.0287378 0.0340431 0.0389108 0.0432152 0.0467295 0.0493418 0.050931 0.0514232 0.0508748 0.04933 0.0469726 0.0440337 0.0407786 0.0375514 0.0346414 0.0323044 0.0307176 0.0299429 0.0299665 0.0307115 0.0320329 0.0337524 0.0356858 0.0376239 0.0394239 0.0409939 0.0422608 0.0432244 0.0438735 0.0442161 0.0443046 0.0441854 0.0438909 0.0434571 0.0429069 0.0422279 0.0414885 0.0406843 0.0398079 0.0389046 0.0379455 0.0369532 0.0359469 0.0349192 0.0338531 0.0328031 0.0317467 0.0306792 0.0296256 0.0285627 0.027511 0.0264675 0.025457 0.0244399 0.0234412 0.0224571 0.0214994 0.0205431 0.0196204 0.0187307 0.0178289 0.0169501 0.0161097 0.0153013 0.0144813 0.0136989 0.0129307 0.0122047 0.0114829 0.0107892 0.0101111 0.00947461 0.00884564 0.00824817 0.00767413 0.00712411 0.00659961 0.00610488 0.00563114 0.0051803 0.00476943 0.00437203 0.00400586 0.00366643 0.00336296 0.00306789 0.00281937 0.00258872 0.00239131 0.00220986 0.00207729 0.00195234 0.00186782 0.00180338 0.00178095 0.00176537 0.00179859 0.00184771 0.00193338 0.00203337 0.00218324 0.00234113 0.00253811 0.00275731 0.0030166 0.00328339 0.003597 0.00393039 0.00429298 0.00467624 0.00510221 0.00554132 0.00601169 0.00651189 0.00703627 0.00758512 0.00816486 0.00876864 0.00938901 0.0100511 0.010728 0.0114337 0.0121504 0.0129088 0.0136854 0.0144968 0.0152954 0.0161437 0.0170256 0.0179243 0.0188175 0.019759 0.0207225 0.0217001 0.0227059 0.0237316 0.0247759 0.0258256 0.0269194 0.0280274 0.0291493 0.0302719 0.0314315 0.0325846 0.0337567 0.0349486 0.0361236 0.0373102 0.0385051 0.0396818 0.0408414 0.0420191 0.0431642 0.0443041 0.0454257 0.0465088 0.0475975 0.0486898 0.0497891 0.0509096 0.0520875 0.0533424 0.0547231 0.056242 0.0578789 0.059637 0.0614577 0.06325 0.0648792 0.066151 0.0668628 0.0668419 0.0659351 0.0640383 0.0611397 0.0572647 0.0525712 0.0473074 0.0417373 0.0362215 0.0310299 0.0264081 0.0225683 0.0195656 0.0174796 0.0162466 0.0157493 0.0158719 0.0163723 0.0170975 0.0178408 0.0184344 0.0187955 0.018787 0.0184041 
0 0.00650558 0.0130057 0.0194544 0.0258171 0.0319914 0.0378395 0.0432152 0.0478988 0.0517241 0.0545163 0.0561366 0.0565617 0.055773 0.0538943 0.0511039 0.0476431 0.0438555 0.0400644 0.0366168 0.0337874 0.0317696 0.030644 0.0304213 0.0310041 0.0322351 0.0339573 0.0358961 0.0379056 0.0397863 0.0414088 0.0427613 0.0437462 0.044417 0.044771 0.044842 0.0446859 0.044343 0.0438425 0.0432143 0.0425061 0.0416958 0.0408475 0.0399322 0.0389803 0.0379927 0.0369817 0.0359628 0.0349161 0.0338903 0.032839 0.0317889 0.0307431 0.0297193 0.0286859 0.0276877 0.0266919 0.025686 0.0247275 0.0237758 0.0228357 0.0219144 0.0210308 0.0201304 0.0192631 0.0184158 0.0176092 0.0167988 0.0159919 0.0152237 0.0144986 0.0137686 0.013045 0.0123707 0.0117104 0.0110735 0.0104481 0.00985699 0.00928403 0.00874734 0.00820864 0.00771742 0.00724714 0.00679631 0.00636058 0.00598038 0.00560023 0.00524708 0.00493032 0.00464544 0.00436092 0.00412473 0.00391523 0.00372173 0.00355185 0.00342896 0.00331532 0.00322778 0.00317682 0.0031546 0.00314176 0.0031718 0.00322963 0.00330451 0.00340468 0.00355074 0.00370549 0.00388692 0.00410636 0.00435489 0.00460687 0.00490906 0.00523593 0.00557819 0.00594342 0.006362 0.00677874 0.00722814 0.00770994 0.00822358 0.00873776 0.00930103 0.00987882 0.0104899 0.0111121 0.011764 0.0124385 0.0131578 0.0138697 0.0146034 0.0153832 0.0161878 0.0169956 0.0178204 0.0186811 0.019566 0.0204789 0.0213838 0.0223385 0.0233033 0.0242851 0.0252926 0.0263474 0.0273815 0.0284477 0.0295476 0.0306552 0.0317927 0.0329438 0.0341092 0.0352766 0.0364808 0.0376768 0.0388992 0.0401166 0.0413483 0.0425703 0.04379 0.0450263 0.0462365 0.0474716 0.0487038 0.0499546 0.0512341 0.0525764 0.0539824 0.0555231 0.0572184 0.0590548 0.0610918 0.0632252 0.0654477 0.0676377 0.0696124 0.0712121 0.0721823 0.0723406 0.0715137 0.0695995 0.0665564 0.0624645 0.057477 0.0518524 0.0459393 0.0400467 0.0345426 0.0296735 0.0256408 0.0225847 0.0205019 0.019383 0.0190878 0.0194415 0.0202518 0.0212761 0.0223247 0.0232123 0.0237965 0.0239889 0.0237201 
0 0.00708442 0.0141372 0.0211542 0.0280316 0.0346988 0.0409944 0.0467295 0.0517241 0.0557412 0.0586276 0.0602378 0.0605096 0.059475 0.0572248 0.0539759 0.0500016 0.0456484 0.0412942 0.0372943 0.0339514 0.0314808 0.0299856 0.0294712 0.0298532 0.0309629 0.0326057 0.0345443 0.036575 0.0385141 0.0402249 0.0416334 0.042679 0.0433821 0.0437516 0.0438319 0.0436777 0.0433138 0.0427952 0.0421615 0.041424 0.0406136 0.0397484 0.0388222 0.0378914 0.0369354 0.0359507 0.0349619 0.0339595 0.0329635 0.0319826 0.0309977 0.0300134 0.0290599 0.0281075 0.027171 0.0262392 0.0253334 0.0244575 0.0235835 0.0227132 0.0218721 0.0210526 0.020247 0.0194665 0.0186767 0.0179196 0.0171919 0.0164717 0.0157565 0.0150833 0.0144125 0.0137627 0.013139 0.0125339 0.0119431 0.0113774 0.0108299 0.0103109 0.00981369 0.00932094 0.00886942 0.00844591 0.00802631 0.00762781 0.00728409 0.00693711 0.00660941 0.00632388 0.00606698 0.00580287 0.00558946 0.00540156 0.00522534 0.00506805 0.00496275 0.00485816 0.00477986 0.00473518 0.00472084 0.00470624 0.00473967 0.00479521 0.00486655 0.00495808 0.00510041 0.00524194 0.0054105 0.00561676 0.00585029 0.00607946 0.00636272 0.00666991 0.00698349 0.00732163 0.0077142 0.00810176 0.00851244 0.00896522 0.00944055 0.00991902 0.0104386 0.0109811 0.0115396 0.0121239 0.0127302 0.0133609 0.0140122 0.0146792 0.0153728 0.0161041 0.0168228 0.0175695 0.0183612 0.0191683 0.0199652 0.0208024 0.0216592 0.0225453 0.0234458 0.0243553 0.0252909 0.0262602 0.0272429 0.0282458 0.0292767 0.0303238 0.0314058 0.0324885 0.0336003 0.0347515 0.0359161 0.0370866 0.0382858 0.0394919 0.0407262 0.0419857 0.0432364 0.0445151 0.0458099 0.0471219 0.0484674 0.0498533 0.0512975 0.0528435 0.0545025 0.0563135 0.058309 0.0604958 0.062889 0.0654329 0.0680618 0.0706389 0.0729878 0.0749006 0.0761344 0.0764819 0.0757588 0.0738547 0.0707495 0.0665168 0.0613374 0.0554996 0.0493352 0.0432255 0.0375238 0.0325133 0.0284386 0.0254002 0.0234531 0.0225414 0.0225196 0.0232266 0.0243962 0.0258193 0.0272548 0.0284942 0.0294124 0.0298555 0.0297901 
0 0.00752222 0.0150071 0.0224421 0.0297157 0.0367435 0.0433539 0.0493418 0.0545163 0.0586276 0.0615125 0.0630233 0.0630878 0.0617477 0.0591026 0.0553876 0.0509011 0.0460075 0.0411088 0.0365724 0.0327225 0.0297895 0.0278987 0.0270682 0.0272159 0.0281734 0.0297266 0.0316396 0.0336917 0.0356923 0.0374906 0.0389869 0.0401224 0.0409028 0.041348 0.041495 0.0413904 0.0410611 0.0405665 0.0399607 0.0392597 0.0384935 0.0376678 0.0367919 0.0359141 0.0350222 0.0341103 0.033195 0.0322801 0.0313811 0.0304998 0.0296078 0.0287218 0.0278698 0.0270322 0.0262079 0.0253816 0.0245766 0.023803 0.0230365 0.0222684 0.0215287 0.0208077 0.0200951 0.0193953 0.0187003 0.0180395 0.0173946 0.0167443 0.0161094 0.0155203 0.0149275 0.0143439 0.0137872 0.0132556 0.0127334 0.0122284 0.011741 0.0112855 0.0108444 0.0104069 0.0100075 0.00963648 0.00926307 0.00891188 0.00860976 0.00830536 0.0080141 0.00776529 0.00753979 0.00730815 0.00712007 0.00695829 0.00680338 0.00666713 0.00657607 0.00648738 0.00641938 0.00638397 0.0063734 0.00636414 0.00639617 0.00644977 0.00651468 0.00660039 0.00672955 0.00685883 0.00701046 0.00719926 0.00740878 0.00761582 0.0078709 0.00814975 0.00842948 0.00873496 0.00908884 0.00943838 0.00980481 0.0102153 0.0106437 0.0110729 0.0115385 0.0120323 0.0125357 0.0130583 0.0136033 0.0141785 0.0147684 0.0153651 0.0159869 0.016652 0.0173087 0.0179787 0.0186868 0.019416 0.0201421 0.020896 0.0216699 0.0224671 0.0232762 0.0240927 0.024944 0.025825 0.0267107 0.0276096 0.0285444 0.029506 0.0304985 0.0314942 0.0325168 0.0335871 0.0346782 0.0357845 0.0369234 0.0380904 0.0392953 0.0405312 0.0417725 0.0430556 0.044387 0.0457604 0.0471894 0.0486781 0.0502591 0.0519779 0.0538545 0.0559208 0.0582049 0.0607226 0.0634728 0.0664008 0.0694112 0.0723546 0.0750439 0.0772573 0.0787492 0.0792913 0.0786936 0.0768381 0.0737148 0.0694109 0.0641251 0.0581641 0.0518732 0.0456577 0.0398842 0.0348624 0.030848 0.0279511 0.0262317 0.0256193 0.0259651 0.0270901 0.0287127 0.0306049 0.0325039 0.0341844 0.0354988 0.0362822 0.0364864 
0 0.00780795 0.0155936 0.023279 0.0308127 0.038047 0.0448159 0.050931 0.0561366 0.0602378 0.0630233 0.0643468 0.0641606 0.0624654 0.0594139 0.055232 0.0502372 0.0448299 0.039406 0.0343601 0.0300264 0.0266521 0.0243733 0.0232362 0.0231473 0.0239398 0.0254116 0.027287 0.0293776 0.0314659 0.0333751 0.0350161 0.0362859 0.037198 0.0377762 0.0380488 0.0380504 0.0378282 0.0374271 0.0369012 0.0363101 0.0356283 0.0348941 0.0341249 0.0333439 0.0325629 0.0317716 0.0309687 0.0301616 0.0294004 0.0286353 0.0278677 0.0271117 0.0263824 0.0256679 0.0249687 0.0242718 0.0235741 0.0229245 0.0222748 0.0216212 0.0209789 0.0203782 0.0197691 0.0191588 0.0185667 0.0180104 0.0174556 0.0168846 0.0163482 0.0158418 0.0153387 0.0148251 0.0143529 0.0138945 0.0134534 0.013009 0.0125973 0.0122041 0.0118289 0.0114501 0.0111114 0.0107913 0.0104737 0.0101739 0.0099139 0.00965615 0.00940757 0.00919663 0.00900186 0.00881076 0.00864697 0.00851334 0.00838024 0.00827135 0.00818914 0.0081219 0.00806293 0.00803989 0.008028 0.00803108 0.00805655 0.00811027 0.00816582 0.00825013 0.00835832 0.00847888 0.00861103 0.00878152 0.00896103 0.00915002 0.00937136 0.00961772 0.00986274 0.0101343 0.0104423 0.0107503 0.0110731 0.0114315 0.0118106 0.0121851 0.0125946 0.0130257 0.013476 0.0139263 0.0144089 0.0149103 0.0154388 0.0159559 0.0165045 0.0170814 0.0176746 0.0182592 0.018875 0.0195162 0.0201668 0.0208228 0.0214971 0.0222089 0.0229157 0.0236302 0.0243762 0.0251651 0.0259327 0.0267247 0.0275533 0.0284112 0.0292842 0.0301776 0.0310972 0.0320537 0.0330604 0.0340694 0.0351134 0.0362049 0.0373507 0.0385169 0.0397222 0.0409789 0.0422922 0.0436961 0.0451592 0.0467136 0.0484025 0.0502692 0.0523314 0.054631 0.0571791 0.0599869 0.0630779 0.0663462 0.0697059 0.0729858 0.0759683 0.0784508 0.0801628 0.0808725 0.0803876 0.0785941 0.0754807 0.0711661 0.0658567 0.0598571 0.0535596 0.0473372 0.0416042 0.0366855 0.032816 0.0301707 0.0287536 0.0285223 0.0293208 0.0309146 0.0330723 0.0354878 0.0379126 0.0401117 0.0418722 0.0430795 0.043614 
0 0.0079488 0.0158439 0.023662 0.0312709 0.0385636 0.0453603 0.0514232 0.0565617 0.0605096 0.0630878 0.0641606 0.0636313 0.0615713 0.0580907 0.0534445 0.0479838 0.0420862 0.0361878 0.030679 0.0259028 0.0221165 0.0194935 0.018055 0.0177477 0.0184078 0.0197778 0.0216731 0.0238113 0.0260138 0.0281111 0.0299197 0.0314083 0.0325212 0.0332966 0.0337614 0.0339532 0.0338924 0.0336492 0.0332945 0.0328271 0.0323106 0.031711 0.0310791 0.0304438 0.029817 0.0291684 0.0285041 0.0278625 0.027214 0.0266057 0.0259855 0.0253691 0.0247671 0.0242044 0.0236213 0.023037 0.0224923 0.0219522 0.0214191 0.0208757 0.0203569 0.0198341 0.0193471 0.0188497 0.0183581 0.0178665 0.0174109 0.0169598 0.0165062 0.0160665 0.0156445 0.0152382 0.0148316 0.0144531 0.0140742 0.0137184 0.013366 0.0130475 0.0127212 0.0124215 0.0121299 0.0118694 0.0116002 0.0113619 0.0111349 0.0109292 0.0107228 0.0105498 0.0103844 0.0102352 0.0100977 0.00998736 0.00988143 0.00979586 0.00972666 0.00967492 0.00963276 0.0096143 0.00960777 0.00961712 0.00964296 0.00968867 0.00974285 0.00981953 0.00991141 0.0100182 0.0101372 0.0102835 0.0104357 0.0106067 0.0107943 0.0110063 0.0112171 0.0114586 0.0117123 0.0119863 0.0122604 0.0125731 0.0128878 0.0132252 0.0135663 0.0139455 0.0143191 0.0147201 0.0151313 0.0155716 0.0160009 0.0164619 0.016947 0.0174425 0.0179264 0.0184397 0.0189937 0.0195423 0.0200872 0.0206462 0.0212539 0.0218516 0.022467 0.0230832 0.0237305 0.0243827 0.0250712 0.0257534 0.0264574 0.0272062 0.0279631 0.0287289 0.0295297 0.0303962 0.0312637 0.0321742 0.0331058 0.0340961 0.0351423 0.0362401 0.0373712 0.03856 0.0398593 0.0412242 0.0427051 0.0442988 0.0460621 0.0480409 0.0502739 0.0527612 0.0555313 0.0586245 0.0619732 0.0655651 0.069217 0.0727591 0.076006 0.0786805 0.080569 0.0814101 0.0810126 0.0792722 0.0761999 0.0719045 0.0666254 0.0606816 0.0544288 0.0483169 0.0427056 0.0379626 0.0343564 0.031998 0.0309754 0.0311786 0.032459 0.0346059 0.0373055 0.0403102 0.0433084 0.0460467 0.0483384 0.0499848 0.0509147 
0 0.00791915 0.0158075 0.0235566 0.0311194 0.0383108 0.0449643 0.0508748 0.055773 0.059475 0.0617477 0.0624654 0.0615713 0.0590835 0.0551748 0.0500853 0.0441787 0.0378552 0.0315398 0.0256303 0.0204704 0.0163374 0.0133882 0.0117013 0.011199 0.0117279 0.0130729 0.0149781 0.0172268 0.0195979 0.0218951 0.0239647 0.0257179 0.0271059 0.0281624 0.0289054 0.029337 0.0295269 0.0295026 0.0293353 0.0290907 0.0287529 0.0283437 0.0279064 0.0274397 0.0269705 0.0264993 0.0259992 0.0255089 0.0250451 0.0245776 0.0241012 0.023629 0.0231682 0.0227266 0.0222861 0.0218454 0.0213982 0.0209654 0.0205484 0.0201234 0.0196971 0.0192989 0.0188959 0.0184717 0.0180817 0.0177125 0.0173334 0.0169432 0.0165805 0.0162346 0.0159001 0.0155514 0.0152227 0.0149172 0.0146192 0.0143177 0.0140398 0.0137743 0.0135153 0.0132717 0.0130392 0.0128187 0.0126112 0.012419 0.0122314 0.0120662 0.011908 0.0117645 0.01163 0.0115183 0.0114073 0.0113178 0.0112369 0.0111751 0.0111158 0.0110814 0.0110518 0.0110414 0.0110361 0.0110555 0.0110776 0.01112 0.0111695 0.0112423 0.0113159 0.0114127 0.011518 0.0116419 0.011769 0.0119227 0.0120809 0.0122558 0.0124415 0.0126485 0.0128586 0.01309 0.0133319 0.0135884 0.0138584 0.0141429 0.0144351 0.01475 0.0150799 0.0154072 0.0157564 0.0161301 0.0165119 0.0168899 0.0172915 0.0177104 0.0181532 0.0185851 0.0190243 0.0194938 0.0199862 0.020461 0.0209582 0.0214775 0.0219909 0.0225158 0.0230732 0.0236416 0.0242027 0.0247771 0.0253815 0.0260169 0.0266572 0.027319 0.0280048 0.0287234 0.0294893 0.0302788 0.0310947 0.0319867 0.0329313 0.0339117 0.0349625 0.0360845 0.0373087 0.0386653 0.040127 0.0417346 0.0435575 0.0456186 0.0479748 0.0506349 0.0536083 0.0569173 0.06053 0.0643527 0.0682385 0.0719988 0.0754045 0.0782377 0.0802341 0.0811566 0.0808195 0.0791168 0.0760759 0.0718265 0.066617 0.0607563 0.0546445 0.0486798 0.0432693 0.0387815 0.0354517 0.0334732 0.0328474 0.0335153 0.0353236 0.0379935 0.0412942 0.0448755 0.0484596 0.051787 0.0545863 0.0567382 0.0580725 
0 0.00776001 0.0154723 0.0230439 0.0303934 0.0373471 0.0437334 0.04933 0.0538943 0.0572248 0.0591026 0.0594139 0.0580907 0.0551748 0.0508383 0.0453288 0.0390236 0.0323186 0.0256401 0.0193931 0.0139139 0.00948601 0.00628967 0.00438806 0.00373592 0.00418236 0.00549854 0.00747236 0.00984976 0.0124236 0.0149953 0.0173669 0.0194593 0.0211923 0.0225861 0.0236545 0.0244077 0.0248953 0.0251583 0.0252677 0.0252593 0.0251578 0.0249678 0.0247377 0.0244731 0.0242063 0.0239195 0.0235981 0.0232864 0.0229612 0.0226451 0.0223255 0.0219991 0.0216669 0.0213547 0.0210183 0.0206834 0.0203647 0.0200366 0.0197165 0.0193876 0.0190596 0.0187343 0.0184283 0.0181101 0.0178077 0.017489 0.0171873 0.0169054 0.0166225 0.0163273 0.0160571 0.0157977 0.0155367 0.0152913 0.0150454 0.0148159 0.0145965 0.0143852 0.0141715 0.0139917 0.0138022 0.0136254 0.0134634 0.0133198 0.013161 0.0130363 0.0129161 0.0128022 0.0126926 0.0126144 0.0125266 0.0124558 0.0123968 0.0123544 0.0123066 0.0122849 0.0122682 0.0122631 0.0122623 0.0122867 0.0123089 0.0123466 0.0123944 0.012461 0.0125222 0.0126087 0.012703 0.012807 0.0129135 0.0130523 0.0131836 0.0133292 0.0134902 0.0136707 0.0138376 0.0140393 0.0142464 0.0144601 0.01468 0.0149333 0.015174 0.015436 0.0157096 0.0159973 0.0162892 0.0165998 0.0169075 0.0172419 0.0175923 0.0179314 0.0182846 0.0186636 0.0190523 0.019438 0.0198398 0.0202384 0.0206717 0.0211034 0.0215416 0.0219861 0.022449 0.0229102 0.0234022 0.0238939 0.0243942 0.024928 0.025461 0.0260128 0.0265993 0.0272226 0.0278637 0.0285471 0.0292499 0.0300247 0.0308611 0.0317507 0.0327126 0.0337546 0.0349193 0.0362117 0.0376517 0.0392695 0.0411341 0.0432763 0.0457502 0.0485513 0.0516954 0.0552043 0.0590069 0.0630368 0.0671022 0.0710064 0.0745352 0.0774349 0.0794746 0.0804171 0.0800819 0.0783903 0.0753774 0.071181 0.0660646 0.0603346 0.0543806 0.0486192 0.0434387 0.0392206 0.0362125 0.0345893 0.0343811 0.0355021 0.0378004 0.041005 0.0448482 0.0490009 0.0531537 0.0570306 0.060365 0.0629897 0.0647498 
0 0.00747968 0.0148977 0.0221694 0.0291877 0.0357882 0.0417926 0.0469726 0.0511039 0.0539759 0.0553876 0.055232 0.0534445 0.0500853 0.0453288 0.0394324 0.0327755 0.0257534 0.0187853 0.0122699 0.00653792 0.00187128 -0.00153659 -0.00361998 -0.00440156 -0.00402015 -0.00269881 -0.000633256 0.00190952 0.00472134 0.00759515 0.0103161 0.0127966 0.0149372 0.0167397 0.0182039 0.0193374 0.0201798 0.0207726 0.0211881 0.0214564 0.0216219 0.0216877 0.0216963 0.0216503 0.0215816 0.0214826 0.0213464 0.0212165 0.0210517 0.0208859 0.0207055 0.0205097 0.0202983 0.0200983 0.0198747 0.0196479 0.0194264 0.0191762 0.0189402 0.0186999 0.0184625 0.0182121 0.0179718 0.0177216 0.017496 0.0172523 0.0170132 0.0167932 0.0165703 0.0163418 0.0161314 0.0159321 0.0157232 0.0155344 0.0153396 0.015167 0.0149958 0.0148293 0.0146605 0.0145317 0.0143814 0.0142405 0.0141205 0.0140154 0.0138865 0.013793 0.0137076 0.0136184 0.0135337 0.0134799 0.0134158 0.0133603 0.0133213 0.013293 0.0132595 0.0132462 0.0132414 0.0132404 0.0132466 0.0132716 0.0132964 0.0133299 0.0133775 0.0134357 0.0134904 0.0135662 0.0136515 0.0137374 0.0138302 0.0139519 0.0140627 0.0141825 0.0143242 0.0144783 0.0146128 0.0147854 0.014965 0.0151409 0.0153212 0.0155418 0.0157425 0.0159608 0.0161901 0.0164359 0.0166768 0.0169431 0.0172016 0.0174847 0.0177745 0.0180648 0.0183689 0.0186929 0.0190102 0.019335 0.019687 0.0200307 0.0203929 0.0207495 0.0211231 0.0215059 0.0219043 0.0222863 0.0227022 0.0231148 0.0235346 0.0239834 0.0244358 0.024902 0.0253938 0.0259149 0.0264502 0.0270417 0.0276543 0.028333 0.0290678 0.0298639 0.0307409 0.0317131 0.0328239 0.034075 0.0355036 0.0371354 0.0390404 0.0412531 0.0438298 0.0467657 0.0500716 0.0537555 0.057723 0.0619031 0.0660874 0.0700741 0.0736537 0.0765649 0.0785926 0.0795076 0.0791414 0.0774333 0.07443 0.0702804 0.0652538 0.0596602 0.0538777 0.048325 0.043383 0.0394314 0.0367255 0.0354289 0.0355888 0.0371097 0.0398374 0.0435114 0.047839 0.0525022 0.05717 0.0615489 0.0653718 0.0684347 0.0705901 
0 0.00710934 0.0141649 0.0210329 0.0276469 0.0338064 0.0393345 0.0440337 0.0476431 0.0500016 0.0509011 0.0502372 0.0479838 0.0441787 0.0390236 0.0327755 0.0258059 0.0185133 0.0113082 0.00457144 -0.00136621 -0.00621246 -0.00980743 -0.0120289 -0.0129222 -0.012612 -0.0112581 -0.00912166 -0.00639654 -0.00332816 -0.000144486 0.00297355 0.0058748 0.00846806 0.0107199 0.0126319 0.0141774 0.0154337 0.016413 0.0171639 0.0177677 0.0182114 0.018554 0.018817 0.01901 0.0191417 0.0192459 0.0193032 0.0193244 0.0193282 0.0192885 0.0192382 0.0191631 0.0190757 0.0189517 0.0188233 0.0186959 0.0185454 0.0183741 0.0182085 0.0180461 0.01786 0.0176909 0.0175024 0.0173168 0.0171415 0.0169708 0.0167798 0.0166086 0.0164415 0.0162711 0.0161097 0.0159497 0.0157994 0.0156496 0.0155064 0.0153676 0.0152496 0.0151098 0.0149914 0.0148892 0.0147841 0.0146642 0.014587 0.0145026 0.0144103 0.0143333 0.0142812 0.0142083 0.0141503 0.0141091 0.0140694 0.0140251 0.0140033 0.0139838 0.013966 0.0139578 0.0139626 0.0139657 0.0139792 0.0140027 0.0140309 0.0140623 0.0141095 0.0141593 0.0142125 0.014278 0.0143566 0.0144271 0.0145138 0.0146155 0.0147152 0.0148116 0.0149426 0.0150669 0.0151869 0.0153269 0.0154914 0.0156285 0.0157901 0.0159702 0.01615 0.0163207 0.0165284 0.0167293 0.0169367 0.0171519 0.0173873 0.0176218 0.0178618 0.0181061 0.0183784 0.0186543 0.0189095 0.0191946 0.0195002 0.0197986 0.0200904 0.0204133 0.0207266 0.0210596 0.0213947 0.0217323 0.0220756 0.0224408 0.0228097 0.0231782 0.0235689 0.0239768 0.0244065 0.024838 0.0253207 0.0258249 0.0263682 0.026972 0.0276271 0.0283493 0.0291705 0.0300989 0.0311462 0.0323867 0.0338002 0.0354629 0.0374311 0.0397259 0.0424113 0.0454864 0.048951 0.0527766 0.0569079 0.0611883 0.0654595 0.0694995 0.0730593 0.0759458 0.077893 0.0787227 0.0782867 0.0765247 0.0735121 0.0694031 0.0644614 0.0589936 0.053388 0.0480168 0.0432921 0.0395727 0.0371002 0.0360838 0.0365161 0.0383492 0.0414172 0.0454333 0.0501587 0.0552125 0.0602941 0.0650997 0.0693109 0.0727683 0.0752581 
0 0.00671162 0.0133332 0.0197915 0.0259307 0.0316098 0.0366327 0.0407786 0.0438555 0.0456484 0.0460075 0.0448299 0.0420862 0.0378552 0.0323186 0.0257534 0.0185133 0.0110031 0.00359378 -0.00331948 -0.00942015 -0.0144516 -0.0181862 -0.0205735 -0.0215869 -0.0213353 -0.0200103 -0.0177769 -0.0148981 -0.0115891 -0.00807327 -0.0045656 -0.00122001 0.00186113 0.00460441 0.00697707 0.00900963 0.0106894 0.0120845 0.0132347 0.014159 0.014925 0.0155589 0.0160824 0.016509 0.0168724 0.0171566 0.0173982 0.0176008 0.0177296 0.0178209 0.017893 0.0179352 0.0179322 0.0179117 0.0178539 0.0177875 0.0177191 0.0176203 0.017502 0.0173907 0.0172819 0.0171384 0.0169982 0.0168793 0.0167635 0.0166052 0.016459 0.0163504 0.0162359 0.0160909 0.0159592 0.0158565 0.0157497 0.0156331 0.0155156 0.0154272 0.0153372 0.0152365 0.0151415 0.0150774 0.0149947 0.0149122 0.0148506 0.0147981 0.0147261 0.0146753 0.014636 0.0145905 0.0145459 0.0145219 0.0144952 0.0144695 0.0144546 0.0144477 0.0144397 0.0144403 0.0144481 0.0144594 0.0144763 0.0145012 0.0145293 0.0145636 0.0146064 0.0146528 0.0147021 0.0147641 0.0148302 0.0148959 0.0149719 0.0150627 0.0151449 0.0152353 0.0153443 0.0154544 0.0155531 0.0156811 0.0158148 0.0159377 0.0160684 0.0162321 0.0163796 0.0165274 0.016694 0.0168818 0.0170556 0.017233 0.017424 0.0176427 0.0178549 0.018053 0.0182724 0.0185239 0.0187682 0.0189956 0.0192508 0.0195221 0.0197918 0.0200518 0.0203442 0.0206419 0.020925 0.0212127 0.0215398 0.0218658 0.0221791 0.0225143 0.0228583 0.023224 0.0236108 0.0240133 0.0244251 0.0248955 0.0254024 0.0259426 0.0265559 0.0272466 0.0280315 0.028933 0.0299867 0.031202 0.0326603 0.0343889 0.0364255 0.0388444 0.0416528 0.044875 0.0485023 0.0524884 0.0567315 0.0611166 0.0654318 0.069459 0.0729956 0.0757702 0.0776121 0.0783198 0.0777642 0.0759408 0.0728904 0.0688049 0.0639286 0.058572 0.0530986 0.0478926 0.0433335 0.0397704 0.0374816 0.0366094 0.0372251 0.0392404 0.0424893 0.0467515 0.051694 0.057028 0.0623965 0.0674739 0.0720041 0.0757102 0.0784635 
0 0.00631532 0.0125389 0.0185637 0.024252 0.0294448 0.0339435 0.0375514 0.0400644 0.0412942 0.0411088 0.039406 0.0361878 0.0315398 0.0256401 0.0187853 0.0113082 0.00359378 -0.00397272 -0.0110476 -0.0173039 -0.0224836 -0.0264055 -0.0289496 -0.0301202 -0.0299943 -0.0286971 -0.026445 -0.0234338 -0.0199072 -0.0161048 -0.0122154 -0.00842953 -0.0048633 -0.00161763 0.00127061 0.0037785 0.0059356 0.00777516 0.00931018 0.0106093 0.0116982 0.0126339 0.0134357 0.0141194 0.0146762 0.0151577 0.0155826 0.0159247 0.016217 0.0164323 0.0166066 0.0167439 0.0168458 0.0168815 0.0169083 0.0169276 0.0169073 0.0168556 0.0167875 0.0167339 0.0166596 0.016583 0.0164786 0.0163856 0.0162893 0.01621 0.0161081 0.0160087 0.0159171 0.0158326 0.0157443 0.0156585 0.015583 0.015497 0.0154254 0.0153547 0.0152955 0.0152163 0.0151622 0.0151063 0.0150588 0.014993 0.0149589 0.0149149 0.0148775 0.0148332 0.0148155 0.0147818 0.0147605 0.0147387 0.0147324 0.0147143 0.0147127 0.0147087 0.0147159 0.0147179 0.0147341 0.014747 0.0147721 0.0147935 0.0148268 0.0148588 0.0149034 0.0149419 0.0149948 0.0150474 0.0151103 0.0151656 0.0152424 0.0153137 0.0153931 0.0154696 0.0155716 0.015657 0.0157563 0.0158584 0.0159808 0.016081 0.0162064 0.0163322 0.0164714 0.0165946 0.0167471 0.0168944 0.0170504 0.0172046 0.0173861 0.0175563 0.0177261 0.0179186 0.0181315 0.0183299 0.0185176 0.0187437 0.0189818 0.0192217 0.0194396 0.0196876 0.0199426 0.0202185 0.0204808 0.0207543 0.0210299 0.0213345 0.0216409 0.0219387 0.0222738 0.0226298 0.0229894 0.0233536 0.0237744 0.0242197 0.0247239 0.025263 0.025854 0.0265387 0.0273358 0.0282587 0.029329 0.030612 0.032131 0.0339602 0.0361258 0.0386767 0.0416471 0.0450495 0.0488581 0.0529951 0.0573749 0.0618152 0.0661513 0.0701552 0.0735877 0.0762529 0.0779311 0.0784736 0.0777882 0.0758497 0.0727474 0.0686588 0.0638181 0.0585422 0.0531715 0.0480693 0.0436208 0.0401439 0.0379168 0.037104 0.0377465 0.0398001 0.0430938 0.0473991 0.0524306 0.0578541 0.0633437 0.0685681 0.0732307 0.0770966 0.0799816 
0 0.00598497 0.0118584 0.017517 0.0227943 0.0275424 0.0315562 0.0346414 0.0366168 0.0372943 0.0365724 0.0343601 0.030679 0.0256303 0.0193931 0.0122699 0.00457144 -0.00331948 -0.0110476 -0.0182773 -0.0246906 -0.030052 -0.0341569 -0.0369076 -0.0382778 -0.0383167 -0.0371417 -0.034923 -0.0318605 -0.0281897 -0.0241434 -0.0199175 -0.0157235 -0.0116854 -0.00794506 -0.00456712 -0.00155674 0.00107242 0.00337259 0.00533998 0.0070169 0.00844993 0.00969373 0.0107697 0.0116984 0.0124857 0.0131612 0.0137667 0.0142678 0.0146905 0.0150203 0.0153062 0.0155529 0.0157413 0.0158645 0.015955 0.016024 0.0160644 0.0160863 0.0160636 0.0160514 0.0160229 0.0159732 0.0159088 0.0158718 0.0158177 0.0157499 0.0156759 0.0156201 0.0155767 0.01551 0.0154388 0.0153865 0.0153489 0.0152833 0.0152339 0.0151866 0.0151488 0.0150972 0.0150628 0.0150201 0.0149928 0.0149535 0.0149275 0.0148993 0.0148812 0.0148524 0.0148406 0.0148258 0.0148149 0.0148032 0.0148045 0.0148003 0.0148027 0.0148083 0.0148199 0.0148303 0.0148481 0.0148676 0.014893 0.0149192 0.014951 0.0149863 0.0150275 0.0150671 0.015116 0.0151682 0.0152228 0.015278 0.0153476 0.0154121 0.0154822 0.0155579 0.0156443 0.0157202 0.0158132 0.015906 0.016007 0.0161013 0.0162155 0.0163233 0.0164459 0.0165564 0.0166886 0.0168235 0.016964 0.0170867 0.0172469 0.0174103 0.0175643 0.0177163 0.0178978 0.0180845 0.0182705 0.0184568 0.0186536 0.0188765 0.0190858 0.0193072 0.0195478 0.0197998 0.0200279 0.0202925 0.0205703 0.0208657 0.0211553 0.0214495 0.021775 0.0221371 0.0225095 0.0228915 0.0233204 0.0237832 0.02431 0.0248656 0.0254957 0.026229 0.0270799 0.0280634 0.0292111 0.030576 0.0322228 0.0342093 0.0365436 0.0392962 0.0424648 0.0460735 0.0500826 0.0543869 0.0588854 0.0633942 0.0677315 0.0716738 0.0749936 0.0774791 0.0789603 0.0792973 0.0784292 0.0763625 0.0731732 0.0690545 0.0642221 0.0589868 0.0536693 0.0486172 0.0442013 0.0407199 0.0384584 0.0375664 0.0381073 0.0400401 0.043201 0.0473902 0.0523085 0.057651 0.0630835 0.0682704 0.0729289 0.0767918 0.0796924 
