0 0 0 0 0 0 0 0 0 0 0 0 0 0 0 0 0 0 0 0 0 0 0 0 0 0 0 0 0 0 0 0 0 0 0 0 0 0 0 0 0 0 0 0 0 0 0 0 0 0 0 0 0 0 0 0 0 0 0 0 0 0 0 0 0 0 0 0 0 0 0 0 0 0 0 0 0 0 0 0 0 0 0 0 0 0 0 0 0 0 0 0 0 0 0 0 0 0 0 0 0 0 0 0 0 0 0 0 0 0 0 0 0 0 0 0 0 0 0 0 0 0 0 0 0 0 0 0 0 0 0 0 0 0 0 0 0 0 0 0 0 0 0 0 0 0 0 0 0 0 0 0 0 0 0 0 0 0 0 0 0 0 0 0 0 0 0 0 0 0 0 0 0 0 0 0 0 0 0 0 0 0 0 0 0 0 0 0 0 0 0 0 0 0 0 0 0 0 0 0 
0 5.31715e-05 0.000112456 0.000176029 0.000260936 0.000359607 0.000484188 0.000641402 0.000824061 0.0010527 0.00131676 0.00162132 0.00197607 0.00235657 0.00277164 0.00319708 0.00359684 0.00396724 0.00424784 0.00442277 0.0044789 0.00437055 0.00413332 0.00374799 0.00323405 0.00264459 0.00198729 0.00134289 0.000753596 0.000267253 -7.6515e-05 -0.000264419 -0.000295086 -0.000184664 6.68809e-05 0.000405887 0.000821276 0.00126391 0.00170256 0.00212812 0.00252743 0.00290426 0.00322921 0.00353665 0.00379366 0.00403666 0.00428167 0.00450292 0.00470974 0.00490678 0.00510108 0.00527984 0.00548364 0.00565618 0.00582361 0.00599283 0.0061618 0.00631913 0.00646816 0.00662435 0.00676793 0.00690894 0.0070293 0.00717339 0.00729625 0.00741532 0.00752435 0.00764077 0.00774246 0.00784985 0.00794598 0.00803049 0.00812516 0.00821251 0.00829206 0.00836119 0.00844356 0.00850755 0.00857977 0.00863367 0.00869815 0.00875177 0.00881184 0.00884767 0.00890349 0.00894764 0.00898717 0.00901549 0.00906449 0.00909089 0.00911601 0.00914363 0.00917692 0.00918673 0.00920736 0.00922855 0.00924181 0.00924378 0.00926113 0.00926727 0.00926544 0.00926533 0.00927332 0.00926134 0.00925316 0.00924914 0.0092408 0.00921502 0.00920624 0.00918956 0.00916391 0.00913264 0.00911948 0.00908213 0.00904744 0.00901214 0.00898419 0.00893008 0.00889245 0.00884343 0.00879938 0.00873785 0.00868821 0.00862241 0.00856955 0.00849648 0.00842705 0.00835472 0.00828485 0.00819621 0.00811509 0.00803244 0.0079334 0.0078416 0.00774537 0.00764359 0.00752572 0.00742453 0.00730516 0.0071947 0.00706379 0.00694069 0.00680827 0.00667744 0.00654477 0.00641381 0.00626491 0.00610921 0.00598644 0.00584174 0.00569959 0.00555363 0.0054171 0.00528109 0.0051752 0.00506917 0.00497275 0.0049186 0.00488672 0.00490218 0.00494252 0.00502427 0.00512015 0.00523444 0.00533498 0.0053739 0.00533763 0.00518226 0.00489906 0.00446943 0.0039031 0.00318923 0.00237752 0.00150785 0.000616267 -0.00020502 -0.000952711 -0.00156998 -0.002034 -0.00236195 -0.00252148 -0.00254758 -0.00245628 -0.00226247 -0.0020155 -0.00173295 -0.00144102 -0.00116874 -0.000917131 -0.000699047 -0.000519759 -0.000368923 -0.000254281 -0.000167163 -0.000101769 -6.13026e-05 -3.44617e-05 -2.208e-05 -2.32027e-05 -2.93288e-05 
0 0.000112456 0.000234999 0.000373447 0.000543285 0.000744603 0.000998599 0.00130519 0.00168249 0.0021365 0.00266829 0.00329783 0.00399609 0.0047807 0.00560962 0.00644716 0.00726951 0.00797651 0.00855017 0.00890571 0.00899751 0.00882185 0.00833461 0.00757784 0.00657173 0.00538068 0.00408632 0.0028048 0.00163462 0.000667534 5.52677e-07 -0.000392444 -0.000455655 -0.000228855 0.000232635 0.000932364 0.00175111 0.00262929 0.00351854 0.00436327 0.00514709 0.00589395 0.00656197 0.00714853 0.00769364 0.00817709 0.00864008 0.00907947 0.00948917 0.00987295 0.0102521 0.0106376 0.0109976 0.0113304 0.011663 0.0120005 0.0123185 0.0126392 0.0129329 0.0131958 0.0134864 0.0137832 0.0140326 0.0142601 0.0145068 0.0147522 0.0149788 0.0151752 0.0153709 0.0155847 0.0157736 0.0159333 0.0161048 0.0162812 0.016426 0.0165679 0.01671 0.0168455 0.0169689 0.0170851 0.0171927 0.0173076 0.0174072 0.0174886 0.017581 0.0176748 0.0177392 0.0178028 0.0178847 0.0179425 0.0179835 0.0180412 0.0180972 0.0181218 0.0181562 0.0181989 0.0182208 0.0182287 0.0182576 0.0182717 0.0182669 0.0182695 0.018281 0.0182626 0.0182451 0.0182405 0.0182212 0.018179 0.0181574 0.0181316 0.0180785 0.018028 0.0179946 0.0179344 0.0178608 0.0178051 0.0177411 0.017653 0.0175695 0.0174913 0.0173949 0.0172929 0.0171853 0.0170771 0.0169637 0.0168357 0.0166926 0.0165693 0.016432 0.0162621 0.0160969 0.01595 0.0157789 0.0155827 0.0153833 0.0151947 0.0150122 0.0147872 0.0145384 0.0143236 0.0141145 0.0138568 0.0135955 0.0133472 0.0130861 0.0128244 0.0125541 0.0122765 0.0119983 0.0117288 0.011453 0.0111732 0.0109035 0.010667 0.010442 0.0102182 0.0100544 0.00993111 0.00988293 0.00992313 0.010011 0.0101501 0.010356 0.0105726 0.010754 0.0108624 0.0107665 0.0104621 0.00989598 0.00902509 0.00788586 0.00646888 0.00484813 0.003106 0.00135617 -0.000312437 -0.00179459 -0.00302731 -0.00398715 -0.00461619 -0.00495873 -0.0050086 -0.00481439 -0.0044486 -0.00394519 -0.00339286 -0.00282061 -0.00227888 -0.00178599 -0.0013561 -0.000999041 -0.000699917 -0.000477931 -0.00029777 -0.000176826 -9.72503e-05 -3.99969e-05 -2.87748e-05 -2.04836e-05 -4.38065e-05 
0 0.000176029 0.000373447 0.000587232 0.000855724 0.00117203 0.00156305 0.00204718 0.00261746 0.0033148 0.00412432 0.0050582 0.00612819 0.00728891 0.00853889 0.00981357 0.0110257 0.0121245 0.0129756 0.0135118 0.0136796 0.0133911 0.0126921 0.011566 0.0100671 0.00832113 0.00639983 0.00450063 0.00276435 0.00133052 0.000311405 -0.00025433 -0.000355715 -3.22217e-05 0.000688585 0.00169343 0.00291031 0.0042159 0.00552123 0.00678214 0.00796751 0.00907664 0.0100528 0.0109489 0.0117229 0.0124402 0.0131414 0.0137851 0.0143833 0.0149495 0.0155015 0.0160256 0.0165796 0.0170704 0.0175434 0.0180157 0.0184813 0.018921 0.0193352 0.0197516 0.0201492 0.0205353 0.0208746 0.0212447 0.0215808 0.0219042 0.0222029 0.0225038 0.0227788 0.0230626 0.0233182 0.0235456 0.0237898 0.0240209 0.0242288 0.0244159 0.0246224 0.0247967 0.024978 0.0251252 0.0252861 0.0254304 0.0255779 0.0256804 0.0258165 0.0259329 0.0260318 0.0261118 0.0262279 0.0263006 0.0263649 0.0264368 0.0265157 0.0265483 0.0265988 0.0266518 0.0266851 0.0266964 0.0267357 0.0267529 0.026751 0.0267533 0.0267689 0.0267447 0.0267251 0.026715 0.0266923 0.0266356 0.0266096 0.0265692 0.0265057 0.0264332 0.0263925 0.0263052 0.0262165 0.026131 0.0260537 0.0259263 0.0258244 0.0257055 0.0255879 0.0254379 0.0253043 0.0251441 0.0250002 0.0248178 0.0246363 0.0244527 0.024267 0.0240413 0.0238261 0.0236098 0.0233588 0.0231112 0.0228538 0.022585 0.0222874 0.0220058 0.0216882 0.021386 0.0210488 0.0207104 0.0203523 0.0199971 0.0196358 0.0192707 0.0188687 0.0184541 0.0180945 0.0177 0.0173037 0.0169008 0.016518 0.0161514 0.0158455 0.0155507 0.0152976 0.0151475 0.0150793 0.0151357 0.0152744 0.0155147 0.0158096 0.01614 0.0164191 0.0165295 0.0163956 0.0159175 0.0150528 0.0137558 0.012044 0.00991562 0.00749121 0.00489363 0.00225446 -0.000212374 -0.00243708 -0.00428543 -0.00569371 -0.00667163 -0.00717445 -0.00726953 -0.00701275 -0.00646541 -0.00574655 -0.00492666 -0.00408005 -0.00328232 -0.00254942 -0.00191472 -0.00138863 -0.000953272 -0.000621892 -0.000370096 -0.000189545 -7.62355e-05 -7.49539e-06 1.80357e-05 1.25191e-05 -2.17085e-05 
0 0.000260936 0.000543285 0.000855724 0.00122881 0.00167301 0.00221483 0.00287002 0.00365812 0.00459973 0.00569938 0.00697414 0.00840525 0.00998133 0.0116529 0.0133465 0.0149798 0.0164209 0.0175665 0.0182931 0.0185129 0.0181765 0.0172581 0.0157928 0.0138436 0.0115388 0.00903103 0.00653806 0.00425848 0.00237331 0.00103482 0.000269916 0.00012123 0.000540064 0.00145025 0.00277783 0.00436574 0.00607926 0.00780824 0.0094698 0.0110257 0.0124783 0.0137818 0.0149416 0.0159833 0.0169245 0.0178135 0.0186427 0.0194135 0.020136 0.0208373 0.0215275 0.0221922 0.022807 0.0234035 0.0239974 0.0245688 0.025123 0.0256368 0.0261212 0.0266154 0.0271029 0.0275343 0.0279448 0.0283563 0.0287587 0.029133 0.0294739 0.0298051 0.0301457 0.0304551 0.0307274 0.0310087 0.0312857 0.0315292 0.0317578 0.0319878 0.0322029 0.0324046 0.0325875 0.0327645 0.0329413 0.0331006 0.0332334 0.0333792 0.0335197 0.0336278 0.0337304 0.0338513 0.0339426 0.034014 0.0341001 0.0341822 0.0342291 0.034283 0.0343443 0.0343806 0.0344013 0.0344401 0.034463 0.0344626 0.0344692 0.0344813 0.0344616 0.0344396 0.0344299 0.0344014 0.0343478 0.0343131 0.0342716 0.034199 0.0341264 0.0340704 0.033982 0.033878 0.0337885 0.0336907 0.03356 0.0334341 0.0333085 0.0331648 0.0330043 0.0328408 0.0326694 0.0324919 0.0322889 0.0320734 0.0318683 0.0316468 0.0313846 0.0311263 0.0308774 0.0305969 0.0302877 0.0299725 0.0296597 0.029337 0.0289755 0.0285847 0.0282185 0.0278427 0.0274219 0.0269844 0.0265538 0.02611 0.0256574 0.0251806 0.0246922 0.0242153 0.0237363 0.023246 0.0227516 0.022278 0.0218445 0.0214488 0.0210775 0.0207883 0.0206008 0.0205465 0.0206415 0.020846 0.0211576 0.021561 0.0219862 0.0223329 0.0224852 0.0222777 0.0216319 0.0204662 0.0187238 0.0164315 0.013611 0.0103945 0.0069484 0.00347543 0.000180935 -0.00276422 -0.00522535 -0.0071286 -0.00842058 -0.00912129 -0.0092641 -0.0089346 -0.00824591 -0.0073067 -0.00624733 -0.00515316 -0.00411074 -0.003162 -0.00233691 -0.00164974 -0.0010881 -0.000660335 -0.000334962 -0.000111817 3.04392e-05 0.000111471 0.000127746 0.000115607 5.71521e-05 
0 0.000359607 0.000744603 0.00117203 0.00167301 0.00226648 0.00297786 0.00383231 0.00485216 0.00605823 0.00746338 0.00907823 0.0108888 0.0128736 0.0149736 0.0171006 0.0191454 0.0209556 0.0223942 0.0233167 0.0236111 0.023218 0.0221072 0.0203209 0.0179442 0.0151244 0.0120644 0.00900944 0.00621191 0.00389282 0.00222337 0.0012711 0.00106415 0.00155871 0.0026616 0.00426538 0.00619406 0.00828545 0.0104017 0.0124443 0.0143655 0.0161412 0.0177414 0.0191584 0.0204247 0.0215695 0.0226366 0.023629 0.0245449 0.0254004 0.026219 0.0270204 0.0277865 0.0285061 0.0291915 0.0298629 0.0305105 0.0311308 0.0317121 0.0322635 0.0328106 0.033335 0.0338177 0.0342744 0.0347257 0.0351564 0.0355602 0.0359329 0.0362958 0.0366534 0.036982 0.0372805 0.0375776 0.0378675 0.0381271 0.0383714 0.0386092 0.0388373 0.039046 0.0392397 0.0394235 0.0396065 0.0397683 0.039913 0.0400592 0.0402012 0.0403149 0.040425 0.0405404 0.0406366 0.0407139 0.0408 0.0408784 0.040934 0.0409887 0.0410477 0.0410864 0.0411145 0.0411495 0.0411738 0.0411794 0.0411888 0.0411971 0.0411848 0.041167 0.0411563 0.0411288 0.0410854 0.0410492 0.0410079 0.0409416 0.0408754 0.0408139 0.0407316 0.0406326 0.0405432 0.0404424 0.0403196 0.0401917 0.0400658 0.0399207 0.0397619 0.0395941 0.0394228 0.0392376 0.0390329 0.0388143 0.0385997 0.0383663 0.0381031 0.0378352 0.0375669 0.0372736 0.0369537 0.0366253 0.0362885 0.0359384 0.0355542 0.0351506 0.0347482 0.0343333 0.0338784 0.0334067 0.0329328 0.0324473 0.0319418 0.0314088 0.0308678 0.0303322 0.0297964 0.0292431 0.0286871 0.0281514 0.0276624 0.0272174 0.0268187 0.0265107 0.026326 0.0263025 0.0264455 0.0267346 0.0271492 0.0276625 0.0281886 0.0286038 0.0287585 0.0284762 0.0276448 0.0261662 0.0239869 0.0211159 0.0176097 0.0136156 0.00934162 0.00504012 0.00095244 -0.00270231 -0.00576657 -0.00814144 -0.00976922 -0.0106677 -0.0108827 -0.0105168 -0.00970388 -0.00858308 -0.0073035 -0.00598129 -0.00471425 -0.00356209 -0.00256212 -0.0017276 -0.00105523 -0.000540414 -0.000158633 9.85762e-05 0.000258946 0.000339205 0.00034629 0.000310053 0.000223109 
0 0.000484188 0.000998599 0.00156305 0.00221483 0.00297786 0.00387828 0.0049582 0.0062265 0.00772056 0.00945373 0.0114207 0.0136358 0.0160337 0.0185701 0.0211395 0.0235821 0.0257726 0.0274977 0.0286185 0.0290099 0.0285643 0.0272943 0.0252135 0.0224377 0.0191456 0.0155682 0.0119876 0.00870117 0.00597011 0.00396467 0.00282425 0.00253597 0.00306913 0.00434275 0.00616983 0.00840311 0.0108368 0.0133028 0.0156964 0.0179574 0.020028 0.0218908 0.0235549 0.0250118 0.0263353 0.0275512 0.0286685 0.0296923 0.0306489 0.0315543 0.0324133 0.0332492 0.0340309 0.0347653 0.0354711 0.0361624 0.036803 0.0374077 0.0379991 0.0385571 0.0390785 0.0395717 0.0400535 0.0405029 0.0409283 0.0413244 0.0417077 0.0420693 0.0424111 0.0427302 0.0430313 0.043319 0.0435904 0.0438463 0.0440796 0.0443075 0.0445202 0.0447206 0.0449003 0.0450787 0.0452415 0.0453946 0.0455315 0.0456673 0.0457889 0.0459018 0.0460034 0.0461031 0.0461899 0.0462691 0.0463419 0.04641 0.0464669 0.046519 0.0465662 0.0466058 0.0466379 0.0466668 0.046689 0.0467036 0.0467143 0.04672 0.0467172 0.0467098 0.0466983 0.046679 0.0466518 0.0466224 0.0465847 0.046539 0.0464861 0.0464311 0.046363 0.0462887 0.0462062 0.0461206 0.0460178 0.0459104 0.0457933 0.0456715 0.0455285 0.0453825 0.0452253 0.045059 0.0448714 0.0446801 0.0444743 0.0442547 0.0440187 0.0437721 0.0435096 0.0432273 0.0429335 0.0426239 0.0422975 0.0419406 0.0415783 0.0411984 0.0407961 0.0403668 0.0399287 0.0394622 0.0389777 0.0384908 0.0379762 0.0374291 0.0368714 0.0363293 0.0357665 0.0351929 0.0346193 0.034069 0.0335557 0.0331037 0.0327218 0.0324226 0.0322875 0.0323245 0.032543 0.0329384 0.0334809 0.0341044 0.0347337 0.0352194 0.0353543 0.0350021 0.0339746 0.0321772 0.0295662 0.0261231 0.0219471 0.0172025 0.0121365 0.00702735 0.00218354 -0.00216907 -0.00583018 -0.00866391 -0.0106472 -0.0117454 -0.0120526 -0.0116785 -0.0107589 -0.00949264 -0.00801732 -0.00649381 -0.00502902 -0.00369338 -0.00253871 -0.00157386 -0.000807081 -0.000216892 0.000205772 0.000488382 0.000653257 0.000717295 0.000710777 0.00063445 0.000512903 
0 0.000641402 0.00130519 0.00204718 0.00287002 0.00383231 0.0049582 0.00627111 0.00782827 0.00962329 0.0117017 0.0140632 0.0166721 0.0195226 0.0224982 0.0254939 0.0283686 0.0308952 0.032925 0.0342522 0.0347194 0.0342778 0.0328464 0.0305066 0.0273786 0.0236336 0.0195839 0.0155149 0.0117669 0.00862927 0.00631669 0.00494597 0.00455316 0.00510351 0.00645601 0.00848724 0.0109622 0.0136811 0.0164647 0.019171 0.0217146 0.0240414 0.0261557 0.0279966 0.0296502 0.0311181 0.0324241 0.0336264 0.0347247 0.035733 0.0366761 0.0375926 0.0384133 0.039208 0.0399538 0.040665 0.041336 0.0419748 0.0425738 0.0431203 0.0436571 0.0441657 0.0446563 0.0450701 0.0454935 0.045895 0.046275 0.0466061 0.0469379 0.0472424 0.047533 0.0478057 0.0480499 0.0482895 0.04851 0.0487221 0.0489033 0.0490957 0.0492517 0.0494173 0.0495546 0.0496971 0.0498086 0.0499403 0.0500349 0.0501376 0.0502237 0.0503188 0.0503795 0.0504582 0.0505207 0.0505813 0.0506233 0.0506828 0.0507201 0.0507572 0.0507881 0.0508267 0.0508424 0.050866 0.0508845 0.0509015 0.0509011 0.0509151 0.0509157 0.0509127 0.0509001 0.0509016 0.0508776 0.050859 0.0508329 0.0508126 0.050762 0.0507311 0.0506803 0.0506311 0.0505581 0.0505061 0.0504181 0.0503423 0.0502426 0.0501515 0.0500282 0.0499221 0.0497799 0.0496431 0.0494867 0.0493287 0.0491435 0.0489556 0.0487466 0.0485285 0.0483068 0.0480418 0.0477683 0.0474906 0.0472107 0.0468643 0.0465238 0.0461619 0.0458026 0.0453906 0.0449649 0.0445224 0.0440648 0.0435778 0.0430803 0.0425756 0.0420225 0.0414972 0.040951 0.040408 0.0398864 0.0394245 0.0389912 0.0386531 0.0384455 0.0383768 0.0385289 0.0388688 0.0394022 0.0400737 0.040844 0.0415738 0.0421096 0.0422658 0.0418081 0.0405963 0.0384898 0.035438 0.031444 0.0266313 0.0211715 0.0153466 0.00949974 0.00390243 -0.00110647 -0.00534028 -0.0086608 -0.0109599 -0.0122952 -0.0127058 -0.0123274 -0.0113578 -0.00995294 -0.00832472 -0.00663381 -0.00498845 -0.00350265 -0.00220902 -0.00113172 -0.000286174 0.000360302 0.000814489 0.00110512 0.00126244 0.00130407 0.00126046 0.00114394 0.000970924 
0 0.000824061 0.00168249 0.00261746 0.00365812 0.00485216 0.0062265 0.00782827 0.00968322 0.0118229 0.0142744 0.0170203 0.0200705 0.0233473 0.0267731 0.0302201 0.0334843 0.036398 0.0387104 0.0402384 0.0408233 0.0403437 0.0387942 0.0362109 0.0327437 0.0286075 0.0241169 0.0195926 0.0154063 0.0118792 0.00921486 0.00762071 0.00708366 0.00758415 0.00901425 0.0111451 0.0138002 0.0167399 0.0197625 0.0227218 0.0255238 0.0280682 0.0303554 0.0323763 0.0341362 0.0357033 0.0370864 0.0383348 0.0394539 0.0404808 0.0414237 0.0422907 0.0431052 0.0438795 0.04459 0.0452429 0.0458731 0.0464406 0.046984 0.0475087 0.047979 0.0483958 0.0488122 0.0492073 0.0495649 0.0498872 0.0501846 0.0504828 0.0507576 0.0509909 0.0512134 0.0514417 0.0516329 0.0518076 0.0519794 0.0521376 0.052276 0.0524094 0.0525257 0.0526401 0.0527456 0.052831 0.0529126 0.0530032 0.0530686 0.0531219 0.053191 0.053251 0.0532847 0.0533308 0.053384 0.053413 0.0534383 0.0534815 0.0535114 0.053526 0.0535549 0.0535866 0.0535985 0.0536142 0.0536433 0.0536584 0.0536636 0.0536854 0.0537046 0.0537046 0.0537133 0.0537339 0.0537332 0.053727 0.0537396 0.053742 0.0537221 0.0537177 0.0537172 0.0536912 0.0536629 0.0536492 0.0536159 0.0535701 0.0535291 0.053482 0.0534194 0.0533548 0.0532751 0.0531941 0.0531066 0.0529959 0.0528718 0.0527634 0.0526262 0.0524599 0.0522945 0.0521302 0.0519389 0.0517226 0.0514822 0.0512464 0.0510074 0.0507129 0.0503956 0.0500853 0.0497514 0.0493791 0.0490066 0.0485953 0.0481645 0.0477255 0.0472755 0.0468088 0.0463387 0.0458755 0.0454321 0.0450352 0.0447048 0.0444926 0.0443911 0.0444789 0.0447711 0.0452659 0.0459784 0.046844 0.0477651 0.0486225 0.0492356 0.0493573 0.0488314 0.0474227 0.0450112 0.0415596 0.0370408 0.0316211 0.0254941 0.0189698 0.0124005 0.00614053 0.000498537 -0.00428104 -0.00802364 -0.010682 -0.0122268 -0.0127687 -0.0124395 -0.0114173 -0.00993743 -0.00817309 -0.00633454 -0.00454722 -0.00291774 -0.00151179 -0.000342267 0.000568695 0.00125531 0.0017208 0.00201006 0.00214572 0.00214775 0.00206501 0.00188606 0.00165503 
0 0.0010527 0.0021365 0.0033148 0.00459973 0.00605823 0.00772056 0.00962329 0.0118229 0.0143256 0.0171718 0.020351 0.0238376 0.0275803 0.0314576 0.0353328 0.0390051 0.0422509 0.0448459 0.0465693 0.0472469 0.0467737 0.045107 0.0423102 0.0385411 0.0340309 0.029126 0.0241769 0.0195702 0.0156474 0.0126516 0.0107721 0.0100433 0.0104389 0.011827 0.0140065 0.0167606 0.0198464 0.0230529 0.0262096 0.0291859 0.0318937 0.034327 0.0364557 0.0383203 0.0399473 0.0413436 0.0425804 0.043682 0.0446727 0.0455709 0.0463882 0.0471156 0.0478053 0.0484403 0.0490172 0.0495515 0.0500372 0.050495 0.0509136 0.0512885 0.0516321 0.0519714 0.0522582 0.0525236 0.0527684 0.0529943 0.0532024 0.0533932 0.0535468 0.0536994 0.0538547 0.0539703 0.0540729 0.054177 0.0542737 0.0543457 0.0544174 0.054471 0.0545351 0.0545829 0.0546158 0.0546448 0.0546958 0.0547111 0.0547226 0.0547523 0.0547804 0.0547735 0.0547913 0.0548168 0.0548211 0.0548193 0.0548471 0.0548588 0.0548588 0.0548754 0.0549025 0.0549058 0.0549202 0.0549505 0.0549704 0.0549789 0.0550137 0.0550448 0.0550598 0.0550857 0.0551324 0.0551523 0.0551739 0.0552176 0.0552566 0.0552663 0.055305 0.0553469 0.0553662 0.0553794 0.055423 0.0554405 0.0554503 0.0554637 0.0554841 0.055482 0.0554844 0.0554704 0.0554642 0.0554494 0.0554163 0.0553701 0.0553412 0.0552871 0.0552105 0.055141 0.0550569 0.054953 0.0548409 0.0547171 0.0545673 0.0544195 0.0542366 0.0540426 0.0538376 0.0536138 0.0533563 0.0530877 0.0527953 0.0524994 0.0521885 0.0518358 0.0514885 0.051147 0.0508172 0.0505144 0.0502616 0.050069 0.0500126 0.0501051 0.0503808 0.050883 0.0515971 0.052523 0.0535926 0.0546993 0.05569 0.0563759 0.0565199 0.0559098 0.0543319 0.051644 0.0477976 0.042805 0.0368357 0.0301089 0.0229561 0.015756 0.00886784 0.00265036 -0.00263756 -0.00681276 -0.00978287 -0.0115591 -0.01223 -0.0119437 -0.0109152 -0.00936101 -0.00750216 -0.00554799 -0.00363514 -0.00189743 -0.000390495 0.000851839 0.00181293 0.00252769 0.00299395 0.00326563 0.00336615 0.00332023 0.00317853 0.00293458 0.00263137 
0 0.00131676 0.00266829 0.00412432 0.00569938 0.00746338 0.00945373 0.0117017 0.0142744 0.0171718 0.020434 0.024058 0.0279928 0.0321963 0.0365239 0.0408221 0.0448897 0.048464 0.0513272 0.0532328 0.0539943 0.053512 0.0517272 0.0487237 0.0446667 0.0398122 0.0345202 0.029167 0.0241496 0.0198214 0.0164649 0.0142615 0.0132884 0.0135129 0.0147898 0.0169291 0.0196864 0.0228257 0.026127 0.0294049 0.0325005 0.0353204 0.0378413 0.0400315 0.0419413 0.0435776 0.0449595 0.0461531 0.0471982 0.0481148 0.0489221 0.0496376 0.0502569 0.0508395 0.0513657 0.0518287 0.0522334 0.0526007 0.0529474 0.0532544 0.0535123 0.0537372 0.0539628 0.0541475 0.0543118 0.0544465 0.0545703 0.0546834 0.0547824 0.0548431 0.054906 0.0549749 0.0550115 0.0550338 0.0550587 0.0550838 0.0550869 0.0550884 0.0550769 0.0550816 0.0550692 0.0550454 0.0550218 0.0550228 0.0549901 0.054958 0.0549454 0.054935 0.0548933 0.0548781 0.0548728 0.0548518 0.0548266 0.0548324 0.0548267 0.0548135 0.0548178 0.0548353 0.0548345 0.054847 0.0548766 0.0549003 0.0549172 0.0549613 0.0550042 0.0550365 0.0550822 0.0551498 0.055195 0.0552465 0.055321 0.0553939 0.055442 0.0555218 0.0556067 0.0556736 0.0557361 0.055833 0.0559076 0.055976 0.0560501 0.0561386 0.0562052 0.0562762 0.0563386 0.0564137 0.0564776 0.056527 0.0565721 0.0566362 0.0566765 0.0566945 0.0567277 0.0567549 0.0567631 0.0567548 0.0567475 0.0567253 0.0567051 0.0566477 0.0565809 0.0565096 0.0564305 0.0563208 0.05619 0.0560451 0.0559008 0.0557459 0.0555485 0.0553635 0.0551891 0.0550332 0.0549083 0.0548415 0.0548551 0.0550193 0.0553598 0.055883 0.0566399 0.0576186 0.0588079 0.0601292 0.0614558 0.0626075 0.0633799 0.063548 0.0628661 0.0611366 0.0582031 0.0540094 0.0486004 0.0421432 0.0348901 0.0271852 0.0194294 0.0119977 0.00527588 -0.000457623 -0.00501296 -0.00827146 -0.0102655 -0.0110703 -0.0108476 -0.00982964 -0.00822724 -0.00629481 -0.00424001 -0.00222195 -0.000386666 0.00120779 0.00250987 0.00351057 0.0042382 0.00469822 0.00494234 0.00499831 0.00489752 0.00468399 0.00436611 0.00397748 
0 0.00162132 0.00329783 0.0050582 0.00697414 0.00907823 0.0114207 0.0140632 0.0170203 0.020351 0.024058 0.0281266 0.0325433 0.0371883 0.0419616 0.0466754 0.0510849 0.0549815 0.0580666 0.0601231 0.0609669 0.0604422 0.0585519 0.0553445 0.0510046 0.0458257 0.04016 0.0344104 0.028984 0.0242518 0.0204869 0.0179293 0.0166412 0.0165968 0.0176934 0.0196801 0.022353 0.0254617 0.0287746 0.0320884 0.0352461 0.0381225 0.0406629 0.0429 0.0447986 0.0464066 0.0477453 0.04886 0.0498019 0.0506174 0.051314 0.0518738 0.0523756 0.0528165 0.0532066 0.0535239 0.0538 0.0540235 0.0542286 0.054421 0.0545532 0.0546477 0.0547315 0.0548299 0.0548759 0.0548973 0.0549017 0.0549309 0.0549257 0.0548945 0.05486 0.0548408 0.0547996 0.054737 0.0546849 0.0546298 0.0545727 0.0544935 0.0544287 0.05436 0.0542989 0.0542089 0.0541464 0.0540809 0.0540153 0.0539314 0.0538856 0.0538246 0.0537641 0.0537061 0.0536769 0.0536246 0.0535878 0.0535612 0.0535458 0.0535161 0.0535142 0.0535139 0.0535178 0.0535236 0.0535558 0.0535777 0.0536115 0.0536563 0.0537155 0.0537609 0.053833 0.0539098 0.0539893 0.0540642 0.0541741 0.0542693 0.0543695 0.0544777 0.0546122 0.054717 0.054843 0.054976 0.0551196 0.0552366 0.0553832 0.0555256 0.0556743 0.0558032 0.0559526 0.0561014 0.0562523 0.0563803 0.0565214 0.0566788 0.0568186 0.056938 0.0570638 0.0572176 0.0573423 0.057449 0.0575428 0.0576777 0.0577874 0.057866 0.0579259 0.0580209 0.0580956 0.0581381 0.058174 0.058203 0.0582324 0.0582461 0.0582611 0.0582509 0.0582824 0.0583464 0.0584467 0.0586016 0.0588818 0.0593224 0.0599377 0.0607851 0.0618381 0.0631278 0.0646222 0.0662297 0.0677858 0.0691204 0.0700074 0.070193 0.0694837 0.0676194 0.0644725 0.0599937 0.0542265 0.047364 0.0396794 0.031527 0.0233003 0.0154338 0.0082766 0.00215651 -0.00270719 -0.00624449 -0.00841199 -0.00933982 -0.00919019 -0.00816261 -0.0065404 -0.00453622 -0.00238837 -0.000287853 0.00164893 0.00331509 0.00467527 0.00571663 0.00644687 0.00690015 0.00710889 0.00711292 0.00695172 0.00665926 0.00626197 0.00578237 
0 0.00197607 0.00399609 0.00612819 0.00840525 0.0108888 0.0136358 0.0166721 0.0200705 0.0238376 0.0279928 0.0325433 0.0373979 0.0425097 0.0477031 0.0527805 0.0575422 0.0616748 0.0649616 0.0671372 0.0679961 0.0674416 0.0654085 0.0619945 0.0573847 0.0518811 0.0458445 0.0397119 0.033875 0.028702 0.024542 0.0215484 0.0198863 0.019516 0.0202946 0.0220639 0.0245504 0.0275334 0.0307742 0.0340666 0.0371949 0.0400685 0.0426166 0.0448153 0.0467041 0.0482581 0.0495168 0.0505173 0.051355 0.0520327 0.0525823 0.0530247 0.0533609 0.0536373 0.0538743 0.0540633 0.0541702 0.0542706 0.0543433 0.0543759 0.0543711 0.0543659 0.0543457 0.0542958 0.0542272 0.0541491 0.0540779 0.053983 0.0538809 0.0537644 0.0536576 0.0535406 0.0534238 0.0532889 0.0531636 0.0530414 0.0529157 0.0527787 0.052652 0.0525329 0.0524075 0.0522818 0.0521643 0.0520572 0.0519436 0.0518379 0.0517399 0.0516532 0.0515609 0.0514841 0.0514138 0.0513534 0.0512925 0.0512515 0.0512128 0.0511859 0.0511645 0.0511611 0.0511578 0.0511718 0.0511919 0.0512258 0.0512632 0.0513207 0.0513796 0.0514525 0.0515334 0.0516309 0.0517262 0.0518398 0.0519612 0.0520929 0.0522239 0.0523756 0.0525309 0.0526922 0.0528561 0.0530389 0.0532228 0.0534079 0.0535991 0.0538064 0.054013 0.0542144 0.054429 0.0546524 0.0548741 0.0550894 0.0553219 0.0555497 0.0557831 0.0560111 0.0562512 0.05648 0.0567171 0.0569499 0.0571939 0.0574234 0.0576498 0.0578837 0.058114 0.0583383 0.0585639 0.0587882 0.0589762 0.0591942 0.0594233 0.0596389 0.0598272 0.0600501 0.0603077 0.0606095 0.0609739 0.0614068 0.0619723 0.0627124 0.0636879 0.0648611 0.0662775 0.0679254 0.0697464 0.0716527 0.0734738 0.0749984 0.0759946 0.076262 0.0755002 0.0735472 0.0702374 0.0655024 0.0594713 0.0522898 0.0442728 0.0357768 0.0272082 0.0189803 0.0114995 0.00508166 -5.91493e-05 -0.0037733 -0.006111 -0.00712681 -0.00701014 -0.00600644 -0.00432358 -0.00226621 -3.01223e-05 0.00217867 0.00419692 0.00595638 0.00737631 0.00845838 0.00920761 0.00965051 0.00983171 0.00978684 0.00956398 0.00919398 0.00871425 0.00814057 
0 0.00235657 0.0047807 0.00728891 0.00998133 0.0128736 0.0160337 0.0195226 0.0233473 0.0275803 0.0321963 0.0371883 0.0425097 0.048025 0.0536091 0.0590331 0.0640577 0.0684249 0.0718455 0.0740873 0.0749463 0.0742899 0.0721012 0.06846 0.0635677 0.0577445 0.0513592 0.0448366 0.0385854 0.0329811 0.0283471 0.0249088 0.0228044 0.0220138 0.0224368 0.0238738 0.026084 0.0288522 0.0319348 0.0351047 0.0381777 0.0410068 0.043497 0.0456684 0.0474831 0.0489547 0.0501343 0.0510377 0.0517418 0.0522912 0.0526966 0.0529643 0.0531653 0.0532995 0.0533894 0.0534195 0.0533962 0.0533495 0.0532809 0.053206 0.053097 0.0529565 0.0527972 0.0526738 0.0525162 0.0523352 0.0521522 0.0519851 0.051804 0.0516184 0.0514258 0.051237 0.0510607 0.0508668 0.0506791 0.0504967 0.0503234 0.0501326 0.0499679 0.0497934 0.049631 0.0494657 0.0493209 0.0491624 0.0490299 0.0488938 0.0487704 0.0486472 0.0485495 0.0484439 0.0483559 0.0482766 0.0482134 0.0481477 0.0481048 0.0480693 0.048046 0.0480281 0.0480325 0.0480421 0.0480643 0.0480966 0.0481495 0.0482045 0.0482754 0.0483584 0.0484585 0.0485577 0.04868 0.0488106 0.0489536 0.0490983 0.0492711 0.0494401 0.0496257 0.0498168 0.0500293 0.0502324 0.050464 0.0506905 0.0509331 0.051177 0.0514441 0.0516936 0.0519717 0.052253 0.0525379 0.0528179 0.0531267 0.0534332 0.0537425 0.0540523 0.0543703 0.0547147 0.0550538 0.0553748 0.0557064 0.0560876 0.0564427 0.05679 0.0571405 0.0575225 0.0579023 0.0582812 0.0586491 0.0590382 0.059439 0.0598433 0.0602724 0.060707 0.0611982 0.0617578 0.0623855 0.0631074 0.0640126 0.0651046 0.0664263 0.0679949 0.0697788 0.0717978 0.0739875 0.0762173 0.0783036 0.0800344 0.081161 0.0814658 0.0807071 0.0786734 0.0752331 0.07034 0.0640971 0.0566954 0.0484477 0.0397146 0.0309041 0.0224538 0.014746 0.00812314 0.00282291 -0.00104935 -0.00347489 -0.00455212 -0.00446797 -0.00342478 -0.00170293 0.000447275 0.00279433 0.00510502 0.00725493 0.00910647 0.0106113 0.011761 0.0125337 0.0129973 0.0131602 0.0130808 0.0128124 0.0123676 0.0118162 0.0111503 
0 0.00277164 0.00560962 0.00853889 0.0116529 0.0149736 0.0185701 0.0224982 0.0267731 0.0314576 0.0365239 0.0419616 0.0477031 0.0536091 0.0595362 0.0652426 0.0704873 0.0749971 0.0784916 0.08074 0.0815345 0.0807566 0.0783858 0.0745075 0.069336 0.0631921 0.0564504 0.0495448 0.0428766 0.0368237 0.0317224 0.0277895 0.0251884 0.0239141 0.023874 0.0249022 0.0267623 0.0292436 0.0321033 0.0351067 0.0380509 0.0407875 0.0432125 0.0453195 0.0470744 0.0484755 0.0495644 0.0503564 0.0509419 0.0513578 0.0516271 0.0517727 0.0518349 0.0518178 0.0517663 0.0516735 0.05153 0.0513779 0.0511965 0.0509974 0.0507856 0.050572 0.0503376 0.0501137 0.0498665 0.0496236 0.0493899 0.049146 0.0488954 0.0486597 0.0484219 0.0481748 0.0479493 0.0477137 0.0474858 0.0472618 0.0470479 0.0468258 0.0466309 0.0464223 0.0462268 0.0460444 0.0458732 0.0456866 0.0455344 0.0453884 0.0452395 0.0451003 0.044993 0.0448776 0.0447707 0.0446875 0.0446175 0.0445438 0.0444922 0.044459 0.0444294 0.0444095 0.0444136 0.0444272 0.0444459 0.0444842 0.0445414 0.0446015 0.0446747 0.0447715 0.0448776 0.044985 0.0451191 0.0452686 0.0454179 0.0455797 0.0457743 0.0459629 0.0461602 0.0463818 0.0466209 0.0468456 0.0471022 0.047369 0.047641 0.0479162 0.0482222 0.0485172 0.0488348 0.0491579 0.0494917 0.0498293 0.0501924 0.0505436 0.0509164 0.0513055 0.0516922 0.0520871 0.0525052 0.0529277 0.053356 0.0538074 0.0542507 0.0547212 0.0552025 0.0556951 0.0561944 0.0567155 0.057232 0.0577892 0.058369 0.0589538 0.059572 0.0602291 0.0609563 0.0617737 0.0626898 0.0637217 0.0649546 0.0664001 0.0681041 0.0700654 0.0722549 0.0746645 0.0772079 0.0797467 0.0820899 0.0840119 0.0852653 0.0856367 0.0848724 0.0827875 0.0792558 0.0742426 0.0678782 0.0603537 0.0519873 0.0431416 0.0342152 0.0256426 0.0178176 0.0110818 0.0056861 0.00174953 -0.00071696 -0.00179807 -0.00168581 -0.000587499 0.00122611 0.00349112 0.00597375 0.00843314 0.0107306 0.0127244 0.0143511 0.0155981 0.016442 0.0169458 0.0171245 0.0170369 0.01674 0.0162522 0.0156427 0.0149084 
0 0.00319708 0.00644716 0.00981357 0.0133465 0.0171006 0.0211395 0.0254939 0.0302201 0.0353328 0.0408221 0.0466754 0.0527805 0.0590331 0.0652426 0.0711668 0.0765772 0.0811608 0.084675 0.086871 0.0875415 0.0865966 0.0840006 0.0798631 0.0744051 0.0679491 0.0608668 0.0535952 0.0465221 0.0400154 0.0344383 0.0299835 0.0268503 0.0250522 0.0244921 0.0250509 0.0264892 0.0286098 0.0311727 0.0339575 0.0367354 0.0393584 0.041716 0.0437435 0.045437 0.0467715 0.0477916 0.0485078 0.049012 0.0493214 0.0494708 0.0495188 0.0494687 0.0493499 0.0491893 0.0490024 0.0487577 0.048521 0.048259 0.0479801 0.0477001 0.0474204 0.047131 0.0468371 0.0465473 0.0462581 0.0459876 0.0456879 0.0454064 0.0451397 0.0448748 0.0445909 0.0443377 0.0440833 0.0438334 0.0435879 0.0433478 0.0431188 0.0429045 0.0426839 0.0424669 0.0422867 0.0420973 0.0419054 0.041739 0.0415989 0.0414335 0.0412955 0.04118 0.0410701 0.040951 0.0408737 0.0407979 0.0407294 0.0406706 0.040645 0.0406106 0.0405971 0.0405974 0.0406185 0.0406336 0.0406802 0.040735 0.0408029 0.0408743 0.040982 0.0410854 0.0412027 0.0413376 0.0415005 0.0416465 0.0418234 0.0420219 0.0422256 0.0424215 0.0426659 0.0429114 0.0431534 0.0434153 0.043712 0.0439938 0.0442905 0.0446117 0.0449413 0.045277 0.0456267 0.045987 0.0463628 0.0467596 0.047142 0.047554 0.0479874 0.0484282 0.0488614 0.0493365 0.0498152 0.0503167 0.0508232 0.0513474 0.0518986 0.0524717 0.0530478 0.0536525 0.0542961 0.0549336 0.0556215 0.0563389 0.0570891 0.057879 0.058749 0.0596851 0.0607324 0.0619159 0.0632547 0.064817 0.0666185 0.0687064 0.0710421 0.0736317 0.0764192 0.0793074 0.0821478 0.084735 0.0868294 0.0881865 0.0886103 0.0878292 0.0857112 0.0821249 0.0770471 0.0706363 0.0630698 0.0546775 0.0458192 0.0368913 0.0283114 0.0204888 0.0137528 0.00835103 0.00443664 0.00198745 0.000953782 0.00114578 0.00233356 0.00428923 0.00671067 0.00937442 0.0120395 0.0145253 0.016717 0.0185162 0.019909 0.0208853 0.0214777 0.021729 0.0216837 0.0213983 0.0209107 0.0202688 0.0194938 
0 0.00359684 0.00726951 0.0110257 0.0149798 0.0191454 0.0235821 0.0283686 0.0334843 0.0390051 0.0448897 0.0510849 0.0575422 0.0640577 0.0704873 0.0765772 0.082043 0.0866561 0.0901037 0.0921773 0.0926923 0.0915278 0.0886953 0.0842943 0.0785556 0.0717898 0.0644011 0.0567671 0.0493032 0.0423867 0.0363028 0.031353 0.0276608 0.0252841 0.0241833 0.024208 0.0251813 0.0268981 0.0291412 0.031647 0.0342548 0.0367531 0.0390192 0.0410131 0.0426537 0.043952 0.0449299 0.0456269 0.0460579 0.0463108 0.046401 0.0463638 0.0462535 0.0460737 0.0458476 0.045575 0.0453071 0.0450099 0.0446945 0.0443749 0.0440793 0.0437602 0.0434285 0.0431221 0.0428166 0.0425153 0.0422072 0.0419093 0.0416111 0.0413435 0.0410555 0.0407751 0.0405053 0.0402545 0.0399967 0.0397477 0.0395014 0.0392751 0.0390613 0.0388346 0.0386232 0.0384405 0.0382596 0.038062 0.0379069 0.0377617 0.0376112 0.0374663 0.0373648 0.0372504 0.0371476 0.0370621 0.0370022 0.036929 0.036885 0.0368508 0.0368326 0.0368128 0.0368257 0.0368382 0.0368686 0.0369066 0.0369722 0.0370313 0.0371168 0.0372132 0.0373269 0.0374356 0.0375829 0.0377329 0.0378904 0.0380589 0.0382681 0.0384609 0.0386692 0.0389063 0.0391631 0.0393988 0.0396714 0.0399673 0.0402613 0.0405571 0.0408881 0.0412288 0.0415727 0.0419323 0.0423043 0.0426998 0.0431003 0.0435127 0.0439362 0.0443936 0.0448428 0.045323 0.0458164 0.0463262 0.0468467 0.0474111 0.0479789 0.048566 0.0491916 0.049838 0.0505093 0.0512111 0.051966 0.0527376 0.0535571 0.05443 0.0553891 0.0564061 0.0575324 0.0588017 0.0602172 0.0618457 0.0637203 0.0658645 0.0682839 0.0710118 0.0739595 0.0770911 0.0803004 0.083387 0.0861687 0.0883974 0.08984 0.0902604 0.0894859 0.0873189 0.0836879 0.0786179 0.0721947 0.0646853 0.0563649 0.0475954 0.0387735 0.0303031 0.0225733 0.015925 0.0106217 0.00676972 0.00443347 0.00350066 0.00381119 0.00517963 0.00729365 0.00994341 0.0128451 0.0157524 0.0185216 0.0209561 0.0230085 0.0246272 0.0257868 0.0265546 0.0269296 0.0269884 0.0267835 0.026339 0.0257331 0.0249627 
0 0.00396724 0.00797651 0.0121245 0.0164209 0.0209556 0.0257726 0.0308952 0.036398 0.0422509 0.048464 0.0549815 0.0616748 0.0684249 0.0749971 0.0811608 0.0866561 0.0911922 0.0945261 0.0964245 0.0967185 0.0953156 0.0922265 0.0875599 0.0815519 0.074523 0.0668292 0.058891 0.051077 0.0437473 0.0372381 0.0317752 0.0275364 0.0245953 0.022907 0.0223795 0.0228655 0.0241515 0.0260286 0.0282833 0.0306756 0.0330481 0.0352702 0.0372184 0.0388599 0.0401762 0.0411641 0.0418584 0.0423089 0.0425393 0.0426045 0.0425738 0.0424453 0.0422348 0.0419746 0.0417013 0.0414077 0.0411106 0.0407994 0.0404634 0.040138 0.0398403 0.0395467 0.0392168 0.0389001 0.038613 0.0383411 0.0380364 0.037743 0.0374768 0.037219 0.0369441 0.0366793 0.0364379 0.0361998 0.0359597 0.0357214 0.0355133 0.035306 0.0350981 0.0348945 0.0347297 0.0345531 0.0343816 0.0342271 0.0341019 0.033958 0.0338359 0.0337312 0.0336404 0.0335413 0.0334727 0.0334108 0.0333599 0.0333138 0.0332933 0.0332737 0.0332708 0.0332768 0.033301 0.033328 0.033377 0.0334318 0.0335015 0.0335797 0.0336814 0.0337818 0.0339009 0.0340345 0.0341861 0.0343311 0.0345075 0.0346965 0.0348926 0.0350888 0.0353279 0.0355648 0.0358069 0.0360642 0.0363599 0.0366415 0.0369382 0.0372566 0.0376014 0.0379363 0.0382876 0.0386622 0.0390616 0.0394559 0.039855 0.0402917 0.0407557 0.0412141 0.0416668 0.0421728 0.0427133 0.0432559 0.0437852 0.044371 0.0450069 0.0456587 0.0463113 0.0470143 0.0477699 0.0485625 0.0494058 0.0503003 0.0512589 0.0523028 0.0534676 0.0547435 0.0561763 0.0578202 0.0596969 0.0618322 0.0642739 0.0670269 0.0700591 0.0733494 0.0767839 0.080223 0.0835153 0.0864308 0.088733 0.0902045 0.0906174 0.0897791 0.0875734 0.0839202 0.078847 0.0725064 0.0650977 0.0569276 0.0483461 0.0397159 0.0314444 0.0239087 0.0174411 0.0122929 0.0086146 0.00642419 0.00565736 0.00616562 0.00771776 0.0100944 0.0130048 0.0161979 0.0194506 0.0225275 0.0253167 0.0276917 0.029604 0.0310674 0.0320639 0.032671 0.0329178 0.0328539 0.0325541 0.0320242 0.0313299 
0 0.00424784 0.00855017 0.0129756 0.0175665 0.0223942 0.0274977 0.032925 0.0387104 0.0448459 0.0513272 0.0580666 0.0649616 0.0718455 0.0784916 0.084675 0.0901037 0.0945261 0.0976869 0.0993637 0.0994165 0.0977486 0.0943919 0.0894742 0.0832242 0.0759556 0.068037 0.0598339 0.0517264 0.0440658 0.0371387 0.0312261 0.026469 0.0229689 0.0207259 0.0196518 0.0196372 0.020482 0.0220005 0.0239609 0.0261734 0.0284484 0.0306311 0.0325982 0.034274 0.0356385 0.0366883 0.0374769 0.0379814 0.0382673 0.0383796 0.0383653 0.0382662 0.0381015 0.0378727 0.0376065 0.0373529 0.0370687 0.0367771 0.0364769 0.0362022 0.0359199 0.0356303 0.0353359 0.0350707 0.0348126 0.0345382 0.0342703 0.0340107 0.0337733 0.0335273 0.0332852 0.0330384 0.0328285 0.0326093 0.032393 0.0321775 0.0319955 0.0318056 0.0316226 0.0314456 0.0312943 0.0311414 0.030994 0.0308597 0.0307442 0.0306302 0.0305217 0.0304335 0.0303541 0.0302808 0.0302159 0.0301716 0.0301291 0.0301004 0.0300793 0.030076 0.0300748 0.0300916 0.0301122 0.0301514 0.0301951 0.0302553 0.0303186 0.0304038 0.0304928 0.0305949 0.0307057 0.0308386 0.0309718 0.0311185 0.031282 0.0314608 0.0316399 0.0318364 0.0320541 0.0322777 0.0325084 0.0327563 0.0330285 0.0333004 0.0335849 0.0338841 0.034215 0.0345368 0.0348753 0.0352312 0.0356194 0.0359939 0.0363952 0.0368098 0.0372513 0.0376964 0.0381669 0.0386467 0.0391573 0.0396885 0.0402372 0.0408181 0.0414247 0.0420667 0.0427324 0.0434465 0.0442016 0.0450287 0.0458775 0.0467942 0.0478139 0.0489463 0.0501849 0.0515703 0.0531406 0.0549402 0.0570359 0.059411 0.0621072 0.0651139 0.0684243 0.0719635 0.0756245 0.0792531 0.0826607 0.0856383 0.0879452 0.0893746 0.0896968 0.0887836 0.0865026 0.0828201 0.0777955 0.0715362 0.0642904 0.0563291 0.0479893 0.0396389 0.0316523 0.0243887 0.0181813 0.0132708 0.00980014 0.00782978 0.00727306 0.00801122 0.00983194 0.0124895 0.0157393 0.019294 0.0229328 0.0264306 0.0296274 0.0324211 0.0347348 0.0365687 0.0379228 0.038841 0.039371 0.0395573 0.0394605 0.0391106 0.0385518 
0 0.00442277 0.00890571 0.0135118 0.0182931 0.0233167 0.0286185 0.0342522 0.0402384 0.0465693 0.0532328 0.0601231 0.0671372 0.0740873 0.08074 0.086871 0.0921773 0.0964245 0.0993637 0.100785 0.100573 0.098642 0.0950443 0.0899134 0.0834746 0.0760325 0.0679415 0.059547 0.0512176 0.043293 0.0360402 0.0297423 0.0245271 0.0205158 0.0177385 0.0161349 0.0156416 0.0160667 0.0172453 0.0189476 0.020987 0.0231783 0.0253527 0.0273735 0.0291413 0.0306273 0.0318007 0.0327165 0.0333344 0.0337236 0.0339368 0.0340134 0.034001 0.0339005 0.0337294 0.0335206 0.033334 0.0331103 0.032882 0.0326272 0.0323873 0.0321639 0.0319383 0.0316898 0.0314517 0.0312358 0.0310072 0.0307906 0.0305585 0.0303498 0.030142 0.0299425 0.0297231 0.029543 0.0293553 0.02917 0.0289892 0.0288322 0.0286675 0.0285157 0.0283727 0.028236 0.0281119 0.0279939 0.0278833 0.0277808 0.0276981 0.0276087 0.0275379 0.0274736 0.0274249 0.02737 0.0273417 0.0273109 0.0272976 0.0272822 0.0272913 0.0272949 0.0273207 0.0273426 0.0273884 0.0274307 0.027494 0.0275534 0.02764 0.0277206 0.0278208 0.0279239 0.0280512 0.028169 0.0283126 0.0284627 0.028627 0.0287896 0.0289819 0.0291756 0.0293815 0.0295988 0.029834 0.0300759 0.030334 0.0306022 0.03088 0.0311857 0.0314905 0.0318069 0.0321444 0.0325116 0.0328572 0.0332389 0.0336384 0.0340594 0.0344714 0.0349179 0.0353763 0.0358784 0.0363782 0.0368878 0.0374431 0.0380436 0.0386611 0.0392978 0.0399878 0.0407218 0.0415439 0.0423937 0.0433185 0.0443484 0.0455132 0.0468017 0.0482718 0.0499504 0.0518882 0.0541483 0.0567017 0.0595991 0.0628163 0.0663408 0.0700691 0.0738765 0.0775845 0.0810127 0.0839558 0.0861808 0.0874971 0.0876743 0.086623 0.084231 0.0804991 0.0755099 0.0693666 0.0623184 0.0546173 0.046583 0.0385643 0.0309178 0.0239811 0.0180822 0.0134574 0.0102493 0.00853741 0.00823842 0.00925343 0.0113791 0.0143721 0.0180055 0.0219813 0.0260791 0.030068 0.0337661 0.0370675 0.0398764 0.0421823 0.0439838 0.0453122 0.0462192 0.0467464 0.0469497 0.0468643 0.0465265 
