0 0 0 0 0 0 0 0 0 0 0 0 0 0 0 0 0 0 0 0 0 0 0 0 0 0 0 0 0 0 0 0 0 0 0 0 0 0 0 0 0 0 0 0 0 0 0 0 0 0 0 0 0 0 0 0 0 0 0 0 0 0 0 0 0 0 0 0 0 0 0 0 0 0 0 0 0 0 0 0 0 0 0 0 0 0 0 0 0 0 0 0 0 0 0 0 0 0 0 0 0 0 0 0 0 0 0 0 0 0 0 0 0 0 0 0 0 0 0 0 0 0 0 0 0 0 0 0 0 0 0 0 0 0 0 0 0 0 0 0 0 0 0 0 0 0 0 0 0 0 0 0 0 0 0 0 0 0 0 0 0 0 0 0 0 0 0 0 0 0 0 0 0 0 0 0 0 0 0 0 0 0 0 0 0 0 0 0 0 0 0 0 0 0 0 0 0 0 0 0 
0 -2.35706e-06 4.92065e-06 -7.29816e-08 2.69571e-06 5.01876e-06 -1.70904e-06 6.51289e-06 3.14239e-06 6.98992e-06 2.08256e-05 2.32706e-05 4.97719e-05 7.18348e-05 0.000104472 0.000162014 0.000220994 0.000317684 0.000436513 0.000587422 0.0007809 0.00101105 0.00128451 0.00159531 0.00195173 0.00231793 0.00270867 0.00307875 0.0033882 0.00364288 0.00375654 0.00374515 0.00358455 0.00324985 0.00277455 0.00215759 0.00142908 0.000629452 -0.000169718 -0.000938064 -0.0015977 -0.00211651 -0.00249246 -0.00270205 -0.00276782 -0.00268669 -0.00250664 -0.0022387 -0.00193335 -0.00163589 -0.00134922 -0.00107815 -0.000842474 -0.000652779 -0.00047818 -0.000356062 -0.000259521 -0.000165756 -7.89598e-05 -1.8302e-05 2.95756e-05 7.99423e-05 0.000134902 0.000189697 0.000218772 0.000256008 0.000302806 0.00034632 0.000373886 0.000409503 0.000443029 0.000479938 0.000514654 0.000539258 0.000566112 0.000604267 0.000634812 0.000650964 0.000680859 0.000712652 0.000735528 0.000753313 0.000780716 0.000802426 0.000824633 0.000842175 0.00086058 0.000879123 0.00090098 0.000911086 0.000924134 0.000943713 0.000958365 0.000960861 0.000974757 0.000991301 0.000994854 0.000995517 0.00101074 0.00101791 0.00101334 0.00101669 0.00102825 0.00102391 0.00101769 0.00102274 0.00102527 0.00101333 0.0010097 0.00101075 0.00100403 0.000991089 0.000987667 0.000980354 0.000970902 0.000958678 0.000949123 0.00093745 0.00093092 0.000913467 0.000897915 0.000890345 0.000882305 0.000857589 0.000844437 0.000839536 0.000824604 0.000803841 0.000792446 0.000782629 0.000770954 0.00076077 0.000740409 0.000732687 0.000733506 0.000728029 0.000707551 0.00070775 0.000715125 0.000727739 0.000729307 0.000731822 0.00076431 0.000822438 0.00087569 0.000937762 0.00105446 0.00119752 0.00138413 0.00160647 0.00185437 0.00210886 0.00237892 0.00263183 0.00281738 0.00290675 0.00286082 0.00268038 0.00233085 0.00184618 0.0012215 0.000477411 -0.000317973 -0.00112126 -0.0018758 -0.0025299 -0.00303888 -0.00342058 -0.00362581 -0.00368234 -0.00361403 -0.00340181 -0.00312139 -0.00277434 -0.00240046 -0.00203472 -0.00168771 -0.00137604 -0.00110154 -0.000876021 -0.000675043 -0.000523114 -0.000397284 -0.000293505 -0.000230245 -0.000168064 -0.000135652 -0.000112002 -8.96741e-05 -8.62517e-05 -7.36715e-05 -7.15467e-05 -6.9732e-05 -6.50719e-05 -6.7591e-05 -6.46759e-05 -6.55514e-05 -6.57276e-05 -6.36777e-05 -6.55867e-05 
0 4.92065e-06 -9.19555e-06 7.37707e-06 -4.09291e-06 4.8355e-07 1.33349e-05 2.00498e-06 2.3881e-05 2.49059e-05 3.28458e-05 6.55419e-05 8.07815e-05 0.000137911 0.000211675 0.000303964 0.000459916 0.000640459 0.000882412 0.00119813 0.00156492 0.00202833 0.00257138 0.00319158 0.00389709 0.00464735 0.00541355 0.00614325 0.00678106 0.00724777 0.00749955 0.00748412 0.00715068 0.00651383 0.00555782 0.00432104 0.00286439 0.0012891 -0.000321216 -0.00183236 -0.00312833 -0.00420071 -0.00493865 -0.00536657 -0.00550115 -0.00534315 -0.00495602 -0.00444043 -0.00385939 -0.00323881 -0.00267302 -0.00212354 -0.00164578 -0.00124427 -0.000938611 -0.000689233 -0.000454466 -0.000260172 -0.000115587 -1.18541e-05 0.000124223 0.000222908 0.000329903 0.000415517 0.000499604 0.00057113 0.00066742 0.00074513 0.000808529 0.000883053 0.0009479 0.00102758 0.00109011 0.00115297 0.00119787 0.00128634 0.0013353 0.00138612 0.00143287 0.00151008 0.00154522 0.001596 0.0016395 0.00169484 0.0017312 0.00177592 0.00180691 0.00185089 0.00188956 0.00191557 0.00194018 0.00198047 0.00200879 0.00201684 0.00204461 0.00207542 0.00208534 0.00208689 0.0021172 0.002129 0.0021243 0.00212865 0.00215142 0.00214197 0.0021325 0.00213942 0.00214391 0.00212148 0.00211321 0.00211435 0.00209876 0.00207623 0.00206379 0.00205301 0.00202734 0.00200905 0.00198063 0.00196565 0.00193936 0.00191552 0.0018717 0.00186659 0.00183377 0.00179927 0.00175748 0.00175705 0.00171269 0.00168257 0.00164845 0.00163491 0.00160167 0.00158147 0.00154613 0.00152874 0.0015243 0.00149844 0.00148395 0.00148119 0.00149022 0.00148056 0.00152021 0.00154363 0.00159422 0.00166792 0.00179822 0.00195675 0.00216608 0.00244635 0.00281455 0.00326233 0.003731 0.0042742 0.0048024 0.00527519 0.00563542 0.00581559 0.00571769 0.0053452 0.00467945 0.00367453 0.00242669 0.000954929 -0.000634717 -0.00222862 -0.00371626 -0.00501643 -0.00606218 -0.00679586 -0.0072319 -0.00734914 -0.00718639 -0.00679064 -0.00622079 -0.0055353 -0.00480125 -0.00407801 -0.00337479 -0.00275515 -0.00220644 -0.00172776 -0.00135508 -0.00103322 -0.000785652 -0.000607339 -0.000449428 -0.000353579 -0.000278365 -0.000214408 -0.000193485 -0.00015906 -0.000147142 -0.000146604 -0.000128575 -0.000139071 -0.000130881 -0.000128095 -0.000137021 -0.000125289 -0.000134808 -0.000129594 
0 -7.29816e-08 7.37707e-06 2.22646e-06 5.85769e-06 1.03297e-05 3.18848e-06 1.57199e-05 1.71697e-05 2.8798e-05 6.01402e-05 8.30884e-05 0.000146613 0.000219949 0.000324332 0.000486825 0.000683533 0.000967975 0.00132942 0.00178852 0.00236322 0.00305545 0.00387287 0.00480599 0.00586156 0.00696624 0.00811794 0.00921132 0.0101422 0.0108707 0.011224 0.0111898 0.0107064 0.00973097 0.00831758 0.00648986 0.00433655 0.00198261 -0.000389158 -0.00264837 -0.00460321 -0.0061604 -0.00727778 -0.00791655 -0.00811833 -0.00789481 -0.00735959 -0.00658212 -0.00568993 -0.00479305 -0.0039308 -0.00311812 -0.00240416 -0.00181382 -0.00130193 -0.000915847 -0.000597711 -0.00030867 -5.45243e-05 0.000137453 0.000302709 0.000462693 0.000629361 0.000787679 0.000897657 0.00101778 0.00115778 0.00128847 0.00138685 0.00149744 0.00160395 0.00171883 0.00182446 0.0019101 0.00199767 0.00211082 0.00220329 0.00226905 0.0023574 0.00245318 0.00252668 0.00259095 0.00266996 0.00274084 0.00280897 0.00286717 0.00292455 0.00298379 0.00304664 0.00308451 0.00312737 0.00318297 0.0032266 0.00324397 0.0032842 0.00332799 0.00334444 0.00335304 0.00339119 0.00341064 0.00340575 0.00341485 0.00344071 0.0034318 0.00341855 0.00342657 0.00342926 0.00340024 0.00338726 0.00338338 0.00336244 0.00332704 0.00331003 0.00328614 0.00325464 0.00321727 0.00318418 0.00314871 0.00311857 0.00306859 0.00302016 0.00299048 0.00295468 0.00288873 0.00284234 0.0028169 0.00276714 0.00270728 0.00266419 0.00262939 0.00258771 0.00254826 0.0024914 0.0024618 0.00244967 0.00242293 0.00237335 0.00236515 0.00237669 0.00239608 0.00240661 0.00242606 0.00251257 0.00266026 0.00282544 0.00303149 0.00336462 0.00379109 0.00434142 0.00499583 0.00572038 0.00648219 0.00726615 0.00798361 0.00850849 0.00874711 0.0085921 0.00802503 0.00698288 0.00551412 0.00364201 0.00143765 -0.00092779 -0.00330929 -0.00554172 -0.0074819 -0.00901471 -0.010136 -0.0107644 -0.0109435 -0.0107298 -0.0101267 -0.00929127 -0.0082708 -0.00717099 -0.00608507 -0.00505264 -0.00412291 -0.00330548 -0.00261859 -0.00203055 -0.00156676 -0.00119089 -0.000892548 -0.000686461 -0.000514457 -0.000409243 -0.000332926 -0.000275223 -0.000251625 -0.000222402 -0.000213676 -0.000205644 -0.000198128 -0.000199912 -0.000195006 -0.000195849 -0.000195719 -0.000196277 -0.000195295 
0 2.69571e-06 -4.09291e-06 5.85769e-06 3.02299e-06 7.90646e-06 1.67034e-05 1.84113e-05 3.71204e-05 5.11028e-05 7.89447e-05 0.000126685 0.000188702 0.00029419 0.000441684 0.000647843 0.000937217 0.00131335 0.00180183 0.00242224 0.00317942 0.00410102 0.0051869 0.00643044 0.00782335 0.00930564 0.0108178 0.0122556 0.0134988 0.0144276 0.0149134 0.0148721 0.0142289 0.0129638 0.0110954 0.00868152 0.00584329 0.00275774 -0.000376014 -0.00333384 -0.0059076 -0.00799001 -0.00947075 -0.0103337 -0.0106086 -0.0103302 -0.0096149 -0.00861049 -0.00745381 -0.00625108 -0.00509844 -0.00401138 -0.00304882 -0.00223701 -0.00157608 -0.00104114 -0.00057662 -0.000177 0.000146698 0.000405789 0.00065761 0.000883486 0.00110548 0.00130441 0.00147844 0.00164771 0.00183615 0.00200766 0.00215597 0.00230857 0.00245765 0.00261526 0.00275788 0.00288628 0.00300914 0.00316181 0.00328481 0.00339252 0.00350763 0.00363965 0.00374023 0.00383993 0.0039408 0.0040441 0.00413431 0.00422046 0.00429771 0.00438246 0.00446223 0.0045223 0.00458187 0.00465456 0.00471155 0.00474562 0.00479706 0.00485088 0.00487775 0.00489638 0.00493946 0.0049641 0.00496543 0.00497729 0.0050026 0.00499525 0.00498197 0.00498651 0.00498423 0.00495287 0.00493234 0.00492119 0.00489073 0.00484822 0.00481694 0.00478425 0.00473687 0.00468821 0.00463656 0.00459039 0.00453713 0.00447462 0.00440437 0.00436001 0.00429754 0.00421892 0.00414696 0.00410381 0.00402922 0.00395272 0.0038849 0.00383233 0.00376822 0.00370676 0.00363638 0.00358825 0.00355608 0.00350734 0.00345999 0.0034398 0.00343943 0.00344054 0.00347226 0.0035151 0.00361176 0.0037733 0.00400576 0.00430972 0.00473245 0.00529442 0.00601494 0.00687308 0.00781544 0.00883526 0.00984829 0.0107499 0.0114116 0.0116968 0.0114697 0.010688 0.00930864 0.00732739 0.00483387 0.00192718 -0.00120221 -0.00433978 -0.00727753 -0.00984033 -0.0118929 -0.013363 -0.0142182 -0.0144674 -0.0141709 -0.0134057 -0.0122996 -0.0109646 -0.00952719 -0.00809374 -0.00672554 -0.00549098 -0.00440386 -0.00347336 -0.00270712 -0.00207954 -0.00158309 -0.00120425 -0.000910721 -0.000700274 -0.000550486 -0.000439501 -0.000375047 -0.000325186 -0.000296368 -0.000283995 -0.000267243 -0.000268283 -0.000262216 -0.000260613 -0.000264059 -0.000256186 -0.000263904 -0.00026003 
0 5.01876e-06 4.8355e-07 1.03297e-05 7.90646e-06 1.06349e-05 2.19945e-05 2.46382e-05 4.59519e-05 6.86354e-05 0.000104281 0.000169923 0.000252713 0.000387804 0.000577296 0.000836033 0.00120028 0.00167183 0.00228672 0.003065 0.00401871 0.00517388 0.00653114 0.00808575 0.00981078 0.0116539 0.0135206 0.0152947 0.0168335 0.0179696 0.0185733 0.0185163 0.0177208 0.016165 0.0138634 0.0109001 0.00741829 0.00363264 -0.000216971 -0.00385017 -0.00703174 -0.0096031 -0.0114428 -0.0125292 -0.0128828 -0.0125706 -0.0117135 -0.0104909 -0.00906655 -0.00757692 -0.00613275 -0.00477877 -0.00357017 -0.00253453 -0.0016861 -0.000985972 -0.000390124 0.000121177 0.000546372 0.000901228 0.00122561 0.00152361 0.00181144 0.0020718 0.00230911 0.00253595 0.00277392 0.00299732 0.00320162 0.00339928 0.00359777 0.00379872 0.00398514 0.00415725 0.00432659 0.00451085 0.00467403 0.00482358 0.0049744 0.00513458 0.00527294 0.00540555 0.00553532 0.00566694 0.0057859 0.00589786 0.00600171 0.00610934 0.00620822 0.00629222 0.00637284 0.00645933 0.00653099 0.00658652 0.00664873 0.0067099 0.00674991 0.00678272 0.00682614 0.00685595 0.00686696 0.00688217 0.0069014 0.00689842 0.00688718 0.00688491 0.00687469 0.00684415 0.00681566 0.00679204 0.00675289 0.00670305 0.00665666 0.00660979 0.00654922 0.00648438 0.00641674 0.00635268 0.00627857 0.00619694 0.00611125 0.00604012 0.00595413 0.00585734 0.00576479 0.00568963 0.0055952 0.00549564 0.00540308 0.00532352 0.00523783 0.00514768 0.0050584 0.00498714 0.0049294 0.00485998 0.00479689 0.00475714 0.00474455 0.00473963 0.00476124 0.00481254 0.00492812 0.00512136 0.00540118 0.00578168 0.00630153 0.00700271 0.00788907 0.00893747 0.0100954 0.0113338 0.012555 0.0136309 0.0144042 0.0147018 0.0143819 0.0133656 0.0116218 0.00914679 0.00604042 0.00244357 -0.00142643 -0.00530378 -0.00893544 -0.0121028 -0.0146501 -0.0164701 -0.0175399 -0.0178652 -0.0175094 -0.0165896 -0.0152328 -0.0135975 -0.0118305 -0.0100582 -0.00837198 -0.00684133 -0.00549555 -0.0043402 -0.00338665 -0.00260266 -0.00198164 -0.00150559 -0.00113565 -0.000873915 -0.000682811 -0.000547923 -0.000466052 -0.0004037 -0.00037092 -0.000350851 -0.000334503 -0.000332826 -0.000324736 -0.00032516 -0.000327585 -0.000322198 -0.000327776 -0.00032515 
0 -1.70904e-06 1.33349e-05 3.18848e-06 1.67034e-05 2.19945e-05 2.22072e-05 4.77214e-05 5.44306e-05 9.11204e-05 0.00014503 0.000208649 0.000334629 0.000491382 0.00072238 0.00105421 0.00147943 0.00206242 0.00280676 0.00373798 0.00489876 0.00628422 0.0079124 0.00977499 0.0118329 0.0140173 0.016234 0.018334 0.0201385 0.0214929 0.0221963 0.0221244 0.0211977 0.0193557 0.0166494 0.0131709 0.00908904 0.00463626 0.000131231 -0.00414386 -0.0079164 -0.0109403 -0.0131447 -0.0144552 -0.0148952 -0.0145593 -0.0135973 -0.0121706 -0.0104831 -0.00873057 -0.00698742 -0.00536573 -0.0039036 -0.00265063 -0.00158172 -0.000699625 2.78123e-05 0.000657617 0.0012045 0.00167673 0.00206539 0.00245058 0.00280742 0.0031474 0.00344403 0.00374232 0.00403018 0.00431601 0.00457998 0.0048289 0.00508492 0.0053295 0.0055692 0.0057854 0.00601494 0.00622364 0.0064405 0.00662898 0.00682901 0.00700943 0.00719891 0.00736 0.00753006 0.00768473 0.00784144 0.00797636 0.00811562 0.00824268 0.00836513 0.00847375 0.00858036 0.00867804 0.00876664 0.00884696 0.00892024 0.00898739 0.0090425 0.00909273 0.0091333 0.00916882 0.0091913 0.00921074 0.00921973 0.00922315 0.00921481 0.00920347 0.00918288 0.00915461 0.00911797 0.00907696 0.00902983 0.00897076 0.00890949 0.00884137 0.00877089 0.0086831 0.0086026 0.00851041 0.00841998 0.00830896 0.00821418 0.00810158 0.00799743 0.00787147 0.00776427 0.00764045 0.00753118 0.00739866 0.00728254 0.00716363 0.00705589 0.00693163 0.00681758 0.00671772 0.00662517 0.00653959 0.00644567 0.00638374 0.00634811 0.00635005 0.0063404 0.00639526 0.00652957 0.00676461 0.00707705 0.00752319 0.00815359 0.00898525 0.010026 0.0112444 0.0126186 0.0140341 0.0154371 0.0166605 0.0175029 0.0177737 0.0173372 0.0160735 0.0139334 0.0109832 0.00726817 0.00299564 -0.00157862 -0.00616587 -0.0104673 -0.0142194 -0.0172342 -0.0194179 -0.0206907 -0.0210993 -0.0207128 -0.0196411 -0.0180648 -0.0161511 -0.0140725 -0.0119781 -0.00999203 -0.00817019 -0.00656756 -0.00520413 -0.00404735 -0.00312081 -0.00237803 -0.00179105 -0.00136803 -0.00103836 -0.000810946 -0.000661757 -0.00054357 -0.000485875 -0.000439965 -0.000409127 -0.000405523 -0.000388068 -0.000389885 -0.000389014 -0.000383154 -0.000392815 -0.000385588 -0.000390734 
0 6.51289e-06 2.00498e-06 1.57199e-05 1.84113e-05 2.46382e-05 4.77214e-05 5.41476e-05 8.97358e-05 0.000132011 0.000182153 0.000287575 0.000410203 0.000610523 0.000896608 0.00127287 0.00180841 0.00248957 0.00337059 0.00447703 0.00582675 0.00744701 0.00934533 0.011513 0.0138864 0.0164309 0.0189682 0.0213697 0.0234575 0.0249669 0.0257931 0.0257166 0.024649 0.0225727 0.0194841 0.0155193 0.0108713 0.00583044 0.000690367 -0.00416202 -0.0084595 -0.0119629 -0.0145051 -0.0160474 -0.0165879 -0.0162563 -0.0151678 -0.0135799 -0.0116842 -0.00964451 -0.00762039 -0.00572206 -0.00399961 -0.00248544 -0.00124015 -0.000163712 0.000754597 0.00153126 0.00217517 0.00274449 0.00326082 0.00373714 0.00417009 0.00456198 0.0049593 0.00532633 0.00567926 0.00601599 0.00635441 0.00666331 0.00697862 0.00727612 0.00756349 0.00784531 0.00812218 0.00837846 0.00863199 0.00888609 0.00911716 0.0093438 0.00956493 0.00977926 0.00997364 0.0101722 0.0103513 0.0105278 0.0106917 0.0108513 0.0109885 0.0111331 0.0112601 0.0113753 0.0114777 0.0115878 0.0116705 0.0117454 0.0118159 0.0118845 0.0119224 0.0119631 0.0119984 0.0120212 0.01202 0.0120293 0.0120238 0.0120031 0.0119696 0.0119456 0.0118968 0.0118409 0.0117786 0.011717 0.0116303 0.0115484 0.0114545 0.0113564 0.0112445 0.0111378 0.0110107 0.010888 0.010759 0.0106232 0.0104752 0.0103394 0.0101917 0.0100354 0.0098863 0.0097352 0.00957839 0.00942463 0.00927888 0.00911954 0.00898404 0.00884503 0.00871131 0.0085831 0.00849123 0.00839439 0.00832516 0.00828345 0.0082942 0.00836449 0.00849183 0.00871871 0.00909664 0.00964632 0.010348 0.0113028 0.012484 0.0138681 0.0154036 0.0170223 0.0185605 0.0198568 0.0207317 0.0209477 0.0203583 0.0188155 0.0163119 0.0128336 0.0085301 0.00362132 -0.00163811 -0.00689005 -0.0118161 -0.0161279 -0.01963 -0.0221329 -0.0236431 -0.0241458 -0.0237095 -0.0225444 -0.0207552 -0.0185939 -0.0162409 -0.0138469 -0.0115638 -0.00946807 -0.00761703 -0.00601948 -0.00470255 -0.00361126 -0.0027522 -0.00209221 -0.00157088 -0.00121252 -0.000936459 -0.000749473 -0.000634806 -0.000542462 -0.000504056 -0.000471696 -0.000453162 -0.000453218 -0.000444238 -0.000446924 -0.000448374 -0.000447394 -0.000452136 -0.000453482 
0 3.14239e-06 2.3881e-05 1.71697e-05 3.71204e-05 4.59519e-05 5.44306e-05 8.97358e-05 0.000112236 0.000171351 0.000250124 0.000359517 0.000537812 0.000769866 0.00110504 0.00156299 0.00216486 0.00296396 0.00398213 0.00525402 0.0068188 0.00868338 0.0108568 0.0133259 0.0160272 0.0188821 0.0217464 0.0244438 0.0267625 0.0284762 0.0293834 0.029294 0.0281135 0.0257897 0.0223588 0.0179695 0.0128297 0.00723291 0.00155607 -0.0038477 -0.00865819 -0.0125641 -0.015443 -0.0172086 -0.0178632 -0.0175474 -0.0164175 -0.0146741 -0.0125516 -0.0102713 -0.0079687 -0.0058009 -0.0038197 -0.00207291 -0.000562069 0.000730834 0.00180308 0.00271642 0.0035226 0.00423949 0.00484451 0.00541717 0.00594014 0.00643533 0.00690641 0.00735649 0.00777268 0.00818674 0.00859159 0.00896855 0.0093469 0.0096989 0.0100452 0.0103837 0.0107228 0.011015 0.0113251 0.0116248 0.0119098 0.0121649 0.0124376 0.0126856 0.0129264 0.0131507 0.0133697 0.0135732 0.013777 0.0139561 0.0141215 0.0142915 0.014448 0.0145744 0.0146984 0.0148312 0.0149291 0.0150094 0.015098 0.0151808 0.0152208 0.0152649 0.0153133 0.0153375 0.0153302 0.0153416 0.0153405 0.0153082 0.0152663 0.0152396 0.0151844 0.0151076 0.0150369 0.0149624 0.0148614 0.0147528 0.0146478 0.0145249 0.0143965 0.0142563 0.0141118 0.0139571 0.0138111 0.0136317 0.0134611 0.0132918 0.0131208 0.0129146 0.0127396 0.0125531 0.0123629 0.0121639 0.0119837 0.0117885 0.0116122 0.0114362 0.0112595 0.0111051 0.0109639 0.0108351 0.0107384 0.0106911 0.010656 0.0107121 0.0108646 0.0111314 0.0115303 0.012129 0.0129458 0.0140171 0.0153311 0.0168572 0.0185586 0.0202907 0.0219375 0.0233062 0.024159 0.0242707 0.0234902 0.0216498 0.0187206 0.0147705 0.00989197 0.00435168 -0.00154229 -0.00744119 -0.0129755 -0.0178209 -0.0217525 -0.0246062 -0.0263209 -0.0269279 -0.0265091 -0.0252325 -0.023285 -0.0208971 -0.0182766 -0.0156102 -0.0130589 -0.0107054 -0.0086219 -0.00683293 -0.00532359 -0.00409567 -0.00311629 -0.00234427 -0.00177351 -0.00134476 -0.00103783 -0.000839086 -0.000688507 -0.000607414 -0.000553513 -0.000515661 -0.00051188 -0.000492734 -0.000499836 -0.000502801 -0.000497402 -0.000514744 -0.000505514 -0.00051572 
0 6.98992e-06 2.49059e-05 2.8798e-05 5.11028e-05 6.86354e-05 9.11204e-05 0.000132011 0.000171351 0.000242391 0.000337419 0.000474125 0.0006782 0.00095618 0.00135191 0.00188574 0.00259311 0.00351654 0.00468469 0.00613784 0.00790902 0.0100128 0.0124596 0.0152258 0.0182431 0.0214211 0.0245895 0.0275607 0.0301091 0.0319822 0.0329793 0.0328937 0.0316116 0.0290879 0.0253553 0.0205746 0.0149857 0.00891311 0.00274321 -0.00313731 -0.00838962 -0.0127021 -0.0159035 -0.017896 -0.0186821 -0.0184013 -0.0172171 -0.0153605 -0.0130666 -0.0105463 -0.00797731 -0.00553132 -0.00327789 -0.00126994 0.00047128 0.00198451 0.00326866 0.00435757 0.00530015 0.00614124 0.0068841 0.00756992 0.00818469 0.00876093 0.00932855 0.00986526 0.0103579 0.0108389 0.0113171 0.0117691 0.0122126 0.0126242 0.0130286 0.0134335 0.0138267 0.0141721 0.0145291 0.0148857 0.0152154 0.0155168 0.0158274 0.0161224 0.0164005 0.0166628 0.0169118 0.0171531 0.0173877 0.0175951 0.0177841 0.017984 0.0181636 0.0183086 0.0184514 0.0186059 0.0187179 0.018809 0.0189119 0.019007 0.0190522 0.0191016 0.0191583 0.0191848 0.0191752 0.0191873 0.0191865 0.0191472 0.019097 0.0190661 0.0190017 0.0189105 0.0188259 0.0187414 0.0186216 0.0184933 0.018368 0.0182288 0.0180733 0.0179088 0.0177363 0.0175601 0.0173803 0.0171709 0.016965 0.0167699 0.0165601 0.0163171 0.0161012 0.0158848 0.0156537 0.0154113 0.0151864 0.0149563 0.0147429 0.0145205 0.0142961 0.0141021 0.0139374 0.0137711 0.013629 0.013546 0.0135154 0.0135732 0.0137179 0.0139905 0.0144456 0.0151277 0.0160316 0.0172029 0.0186313 0.0202842 0.0221092 0.023958 0.0256596 0.0270147 0.027795 0.0277645 0.0267525 0.0245926 0.0212515 0.0167914 0.0113561 0.00522739 -0.00126816 -0.00775387 -0.0138444 -0.0191994 -0.0235638 -0.0267475 -0.0286922 -0.0294159 -0.0290134 -0.0276757 -0.0255953 -0.023023 -0.0201839 -0.0172737 -0.0144682 -0.0118709 -0.00955807 -0.00756542 -0.00589016 -0.00452068 -0.00343204 -0.00257881 -0.00193776 -0.00146399 -0.00112127 -0.000893848 -0.000733841 -0.000639724 -0.000583126 -0.000548769 -0.00054347 -0.00053241 -0.000539206 -0.000545097 -0.000545965 -0.000561767 -0.000561149 -0.000573083 
0 2.08256e-05 3.28458e-05 6.01402e-05 7.89447e-05 0.000104281 0.00014503 0.000182153 0.000250124 0.000337419 0.000455336 0.000637308 0.000872106 0.00121168 0.0016752 0.00228517 0.0031049 0.00415078 0.00547577 0.00712089 0.00911043 0.0114682 0.0141966 0.0172626 0.0205864 0.0240756 0.0275306 0.0307582 0.0335273 0.0355468 0.0366285 0.0365452 0.0351669 0.0324664 0.0284749 0.0233654 0.0173977 0.0109292 0.00433124 -0.00196786 -0.00760827 -0.0122928 -0.0157861 -0.0179999 -0.018933 -0.0187214 -0.0175205 -0.0155836 -0.0131418 -0.0103992 -0.00758876 -0.00487481 -0.00235865 -7.59966e-05 0.00191817 0.0036672 0.00516648 0.00644132 0.00754569 0.00852898 0.00942061 0.010215 0.0109369 0.0116054 0.0122746 0.0128935 0.0134705 0.0140211 0.0145729 0.0151004 0.0156057 0.0160801 0.0165406 0.0170103 0.0174495 0.0178553 0.0182522 0.0186633 0.0190319 0.0193844 0.0197242 0.0200663 0.0203765 0.0206776 0.0209522 0.0212313 0.0214904 0.0217271 0.0219392 0.0221652 0.0223637 0.0225305 0.0226913 0.0228611 0.0229883 0.0230932 0.0232073 0.0233099 0.0233657 0.0234204 0.0234814 0.0235096 0.0235042 0.0235138 0.0235109 0.0234685 0.0234139 0.0233747 0.0233021 0.0232023 0.0231038 0.0230083 0.0228727 0.0227297 0.0225825 0.0224312 0.0222491 0.0220654 0.0218654 0.0216733 0.0214562 0.0212265 0.0209859 0.0207682 0.0205167 0.0202494 0.0199898 0.019746 0.0194739 0.0191952 0.0189245 0.0186616 0.0184074 0.0181397 0.0178755 0.0176359 0.0174393 0.0172338 0.0170593 0.016934 0.0169003 0.0169492 0.017099 0.0173876 0.0178937 0.018645 0.0196326 0.0209067 0.0224403 0.024205 0.026112 0.0280362 0.0297487 0.0310496 0.0317138 0.0314947 0.0302043 0.0276907 0.0239315 0.0189654 0.0130033 0.00631794 -0.000748513 -0.00778575 -0.0144009 -0.020234 -0.0250082 -0.0285063 -0.0306876 -0.0315462 -0.0311882 -0.0298273 -0.0276454 -0.0249209 -0.0218918 -0.0187662 -0.0157343 -0.0129211 -0.0104053 -0.00822355 -0.00639839 -0.00488991 -0.00369095 -0.00276183 -0.00204388 -0.0015329 -0.00115907 -0.000903274 -0.000746839 -0.000637958 -0.000585533 -0.000558082 -0.000545999 -0.000554874 -0.000559863 -0.000573684 -0.000589009 -0.000597701 -0.000613398 -0.00062282 
0 2.32706e-05 6.55419e-05 8.30884e-05 0.000126685 0.000169923 0.000208649 0.000287575 0.000359517 0.000474125 0.000637308 0.000835193 0.00114264 0.00153854 0.00207308 0.00279767 0.00371782 0.00491295 0.00640779 0.00824612 0.0104664 0.0130866 0.0160954 0.0194551 0.0231024 0.0268645 0.0306102 0.0340863 0.0370268 0.0392214 0.0403603 0.0402837 0.0388444 0.035985 0.0317792 0.0264004 0.0201337 0.0133114 0.00638964 -0.000271757 -0.00626606 -0.0112557 -0.0150338 -0.0174657 -0.0185636 -0.0184206 -0.01727 -0.0152752 -0.0126965 -0.00978323 -0.00674556 -0.0037714 -0.000985517 0.00153691 0.00382881 0.00582438 0.00753491 0.00898993 0.010287 0.0114385 0.0124546 0.013365 0.0141938 0.0149839 0.0157242 0.016436 0.0170865 0.0177223 0.0183313 0.0189356 0.0194962 0.0200328 0.0205513 0.0210704 0.0215608 0.0220148 0.0224626 0.0229035 0.0233253 0.0237088 0.0240918 0.024457 0.0248134 0.0251319 0.025447 0.0257431 0.0260358 0.0262861 0.0265338 0.0267675 0.0269912 0.0271716 0.0273574 0.0275276 0.0276767 0.0277917 0.0279185 0.0280187 0.0280941 0.0281503 0.0282152 0.028241 0.02825 0.0282504 0.0282482 0.0282017 0.0281534 0.028096 0.028025 0.0279147 0.0278139 0.0276957 0.0275615 0.0273963 0.027243 0.0270667 0.0268796 0.0266643 0.0264587 0.0262353 0.026003 0.0257408 0.0254899 0.0252324 0.0249593 0.0246618 0.0243758 0.0240945 0.0237929 0.0234806 0.0231705 0.0228818 0.0225782 0.0222779 0.0219744 0.0217129 0.0214549 0.021227 0.0210247 0.0208907 0.0208232 0.0208643 0.0210433 0.021375 0.0219176 0.0227187 0.0238277 0.0251834 0.0268108 0.0286602 0.0306423 0.0325635 0.0342498 0.0354648 0.0359391 0.0354857 0.0338794 0.0309965 0.0267781 0.0213513 0.0148739 0.0076536 8.25661e-05 -0.00747221 -0.0145706 -0.0208499 -0.0259937 -0.029832 -0.0322336 -0.0332444 -0.0329902 -0.0316045 -0.0293868 -0.0265494 -0.0233586 -0.0200642 -0.0168338 -0.0138231 -0.011119 -0.00877649 -0.00678594 -0.00516767 -0.00386655 -0.00284599 -0.00209701 -0.00152255 -0.00113425 -0.000871816 -0.000686356 -0.000602263 -0.000540637 -0.000520629 -0.000531515 -0.000531408 -0.000561346 -0.000580611 -0.000597682 -0.000630025 -0.000640037 -0.000663957 
0 4.97719e-05 8.07815e-05 0.000146613 0.000188702 0.000252713 0.000334629 0.000410203 0.000537812 0.0006782 0.000872106 0.00114264 0.00148578 0.00196586 0.00259184 0.00341484 0.00448281 0.00583028 0.00751169 0.00956416 0.0120246 0.0149019 0.0181996 0.021862 0.0257959 0.0298695 0.0338692 0.0375676 0.0407066 0.0430067 0.0442251 0.0441656 0.0426691 0.0397005 0.0353375 0.029737 0.0232163 0.0161563 0.00893815 0.00200507 -0.00425389 -0.0095436 -0.0135779 -0.016227 -0.0175011 -0.0174831 -0.0163556 -0.0143574 -0.0117153 -0.00864761 -0.00541085 -0.00219698 0.000845851 0.00365821 0.00618418 0.0084143 0.0103756 0.0120653 0.0135172 0.0148015 0.0159817 0.0170206 0.0179583 0.0188248 0.0196614 0.0204493 0.0211858 0.0218744 0.0225499 0.0232128 0.0238274 0.0244158 0.0249836 0.0255464 0.0260701 0.0265791 0.0270545 0.0275327 0.0279797 0.0284089 0.0288064 0.0292088 0.0295804 0.0299324 0.0302617 0.030588 0.0308861 0.0311653 0.0314274 0.0316776 0.0319052 0.0321128 0.0323064 0.0324827 0.0326403 0.0327766 0.0329017 0.0330056 0.033093 0.0331599 0.0332165 0.0332493 0.0332676 0.0332678 0.0332557 0.0332201 0.0331715 0.0331073 0.0330284 0.0329282 0.0328145 0.0326907 0.0325478 0.0323864 0.032212 0.0320348 0.0318302 0.0316129 0.0313854 0.0311594 0.0308978 0.0306343 0.03036 0.0300886 0.0297846 0.0294835 0.0291668 0.0288632 0.0285378 0.028204 0.0278629 0.0275487 0.0272238 0.026885 0.0265577 0.0262599 0.025994 0.0257365 0.025506 0.0253413 0.0253104 0.0253672 0.02554 0.0259028 0.0265344 0.0274307 0.028604 0.0300545 0.0317629 0.033681 0.0356844 0.0376125 0.0392084 0.0402442 0.0405089 0.0397725 0.0378152 0.034536 0.0298934 0.0239631 0.017009 0.00931951 0.00125788 -0.00673868 -0.014274 -0.0209716 -0.0264893 -0.0306265 -0.0332861 -0.0344695 -0.0343048 -0.0329858 -0.0307415 -0.0278429 -0.0245557 -0.0211088 -0.0177172 -0.0145328 -0.0116587 -0.00915411 -0.00704225 -0.00530566 -0.00391516 -0.00284517 -0.0020234 -0.00143426 -0.00102255 -0.000736414 -0.000578785 -0.000473881 -0.000436708 -0.000439084 -0.000441445 -0.000486376 -0.000511305 -0.000548122 -0.000594882 -0.000613975 -0.000662044 -0.000684824 
0 7.18348e-05 0.000137911 0.000219949 0.00029419 0.000387804 0.000491382 0.000610523 0.000769866 0.00095618 0.00121168 0.00153854 0.00196586 0.00253558 0.00326429 0.00421718 0.00542318 0.00693749 0.00881683 0.0110929 0.0138079 0.0169734 0.0205659 0.0245308 0.0287703 0.033107 0.0373615 0.0412734 0.0445689 0.0470041 0.0482834 0.0482344 0.0467019 0.0436428 0.0391546 0.0334114 0.0267334 0.0194823 0.0120772 0.00492346 -0.00157504 -0.00709171 -0.0113519 -0.0142155 -0.01568 -0.0158015 -0.014793 -0.0128254 -0.0101291 -0.0069619 -0.00356897 -0.000146686 0.00313035 0.00618102 0.00899015 0.0114754 0.0136512 0.015529 0.0171805 0.0186427 0.0199471 0.0210885 0.0221324 0.0231078 0.0240071 0.0248604 0.0256573 0.0264109 0.0271296 0.0278377 0.028487 0.0291197 0.0297248 0.0303099 0.0308602 0.0314015 0.0319045 0.0323927 0.0328657 0.0333124 0.0337317 0.034142 0.0345328 0.0348923 0.0352444 0.0355742 0.0358828 0.0361701 0.036453 0.0366988 0.0369351 0.0371544 0.0373604 0.0375281 0.0376988 0.0378458 0.0379733 0.0380714 0.0381763 0.038247 0.0383006 0.0383345 0.0383702 0.0383648 0.0383515 0.0383229 0.0382859 0.0382099 0.0381364 0.0380431 0.0379334 0.0377974 0.0376656 0.0375043 0.0373306 0.0371445 0.0369491 0.0367252 0.0365012 0.0362651 0.0360051 0.0357364 0.0354658 0.0351775 0.0348706 0.0345687 0.0342463 0.0339245 0.0335922 0.0332548 0.0329005 0.0325741 0.0322269 0.0318817 0.0315474 0.0312393 0.0309368 0.0306805 0.0304632 0.0303069 0.0302625 0.0303412 0.0305816 0.031018 0.0317066 0.0326726 0.033964 0.0355076 0.0372945 0.0392618 0.041265 0.0431151 0.044597 0.0454541 0.0454444 0.0443835 0.0420446 0.0383466 0.033258 0.0268953 0.019491 0.0113539 0.00286966 -0.00555172 -0.0134864 -0.0205541 -0.0264057 -0.0308516 -0.0337549 -0.0351382 -0.0351284 -0.0338785 -0.03167 -0.0287441 -0.0253779 -0.0218344 -0.0183141 -0.0149918 -0.0119836 -0.00934981 -0.00711453 -0.0052838 -0.00380991 -0.00267498 -0.00182328 -0.0012008 -0.000783564 -0.00050279 -0.000345694 -0.000266335 -0.000240623 -0.000263887 -0.000296945 -0.000356231 -0.000414075 -0.000472698 -0.00053632 -0.000583458 -0.000639038 -0.000680009 
0 0.000104472 0.000211675 0.000324332 0.000441684 0.000577296 0.00072238 0.000896608 0.00110504 0.00135191 0.0016752 0.00207308 0.00259184 0.00326429 0.00411623 0.00521571 0.00658963 0.00829987 0.0103987 0.0129173 0.015896 0.019345 0.0232323 0.0274974 0.0320338 0.036642 0.0411397 0.0452507 0.0486937 0.0512352 0.0525728 0.0525441 0.0509983 0.0478923 0.0433301 0.0374913 0.0307065 0.0233336 0.0158018 0.00850383 0.00183472 -0.00387334 -0.00835051 -0.0114342 -0.0131073 -0.0134009 -0.0125229 -0.0106319 -0.00795359 -0.00474511 -0.00123598 0.00235814 0.00585444 0.00913561 0.0121759 0.0148841 0.0172867 0.0193768 0.0211982 0.0227999 0.024222 0.0254784 0.0266124 0.0276609 0.0286092 0.0295161 0.0303592 0.0311538 0.0319014 0.0326325 0.0333053 0.0339628 0.0345906 0.0351803 0.0357448 0.0363003 0.0368183 0.0373041 0.0377868 0.0382378 0.0386676 0.0390749 0.0394689 0.0398283 0.04019 0.040515 0.0408211 0.0411112 0.0414015 0.0416391 0.0418736 0.0421004 0.0423082 0.0424677 0.0426422 0.0427978 0.0429218 0.043017 0.0431315 0.043208 0.0432568 0.0432961 0.0433439 0.0433401 0.0433261 0.0433102 0.0432841 0.0432071 0.0431406 0.0430629 0.0429612 0.0428252 0.0427079 0.0425597 0.0423933 0.0422103 0.042032 0.0418173 0.041604 0.0413709 0.0411262 0.0408665 0.0406094 0.0403199 0.0400265 0.0397358 0.0394247 0.0390996 0.0387787 0.0384514 0.0381047 0.0377799 0.0374376 0.0371 0.0367734 0.0364774 0.0361804 0.0359397 0.0357397 0.0356215 0.0356203 0.035755 0.0360559 0.0365835 0.0373827 0.0384616 0.03986 0.0414959 0.0433576 0.0453576 0.0473451 0.0491005 0.0504153 0.0510283 0.0507108 0.0492934 0.0465599 0.0424431 0.0369196 0.0301324 0.0223132 0.0137881 0.00493863 -0.00383688 -0.0121156 -0.0195203 -0.0256921 -0.0304348 -0.0335931 -0.035191 -0.0353522 -0.0342225 -0.0320935 -0.0291965 -0.0258108 -0.0222077 -0.0185922 -0.0151543 -0.0120251 -0.00927761 -0.00694042 -0.00503033 -0.00349582 -0.00231451 -0.00144007 -0.000802661 -0.000384947 -0.000116501 2.60736e-05 7.34679e-05 7.02694e-05 1.51869e-05 -5.6138e-05 -0.000140938 -0.000233011 -0.000319573 -0.000407339 -0.00048791 -0.000564677 -0.000634095 
0 0.000162014 0.000303964 0.000486825 0.000647843 0.000836033 0.00105421 0.00127287 0.00156299 0.00188574 0.00228517 0.00279767 0.00341484 0.00421718 0.00521571 0.0064666 0.00803152 0.00994811 0.0122797 0.0150584 0.0183287 0.0220708 0.0262724 0.0308518 0.035656 0.0405474 0.0452549 0.0495404 0.0531401 0.0557516 0.0571558 0.0571432 0.0555861 0.0524537 0.0478627 0.0419893 0.035154 0.0277581 0.0201429 0.0127619 0.00597672 0.000105845 -0.00456169 -0.00786283 -0.009755 -0.0102939 -0.00957996 -0.00783303 -0.00523868 -0.00203971 0.00152708 0.00523044 0.00888392 0.0123907 0.0156218 0.018541 0.0211404 0.0234378 0.0254109 0.0271413 0.0286734 0.0300219 0.0312328 0.032322 0.0333209 0.0342434 0.03512 0.0359204 0.0366902 0.0374085 0.0380912 0.0387449 0.0393755 0.0399508 0.0405069 0.0410573 0.0415656 0.0420424 0.0425035 0.0429526 0.0433655 0.043768 0.0441345 0.0444959 0.0448381 0.0451604 0.0454397 0.0457352 0.0460063 0.0462427 0.0464555 0.0466908 0.0468811 0.0470424 0.0472028 0.0473694 0.0474788 0.0475813 0.0476894 0.047779 0.0478176 0.047872 0.047919 0.047931 0.0479125 0.0479202 0.0478965 0.0478392 0.0477748 0.047728 0.0476303 0.0475192 0.04741 0.0472981 0.0471374 0.0469839 0.0468193 0.0466438 0.0464394 0.0462383 0.0460132 0.045792 0.0455506 0.0452914 0.0450239 0.0447679 0.0444835 0.0441811 0.0438934 0.0435961 0.043287 0.0429752 0.0426755 0.0423637 0.0420812 0.0418019 0.0415578 0.0413519 0.0412097 0.0411453 0.0412245 0.041447 0.041841 0.0424964 0.0434291 0.0446494 0.0461454 0.0479137 0.0498514 0.0518725 0.0538059 0.0554558 0.0565716 0.0569086 0.0562858 0.0544741 0.0513365 0.0467979 0.040882 0.0336956 0.0255245 0.0166742 0.00748908 -0.00157451 -0.0101558 -0.0178503 -0.024316 -0.0293235 -0.0327535 -0.0345903 -0.0349334 -0.033991 -0.0319544 -0.0291257 -0.0257687 -0.0221268 -0.0184674 -0.0149517 -0.0117354 -0.00890011 -0.00649118 -0.00450636 -0.00292437 -0.0017193 -0.000810315 -0.000191698 0.000219881 0.000470979 0.000563794 0.000595744 0.0005383 0.000439191 0.000336147 0.000184775 6.2716e-05 -7.21215e-05 -0.00020914 -0.000308092 -0.000433426 -0.000522448 
0 0.000220994 0.000459916 0.000683533 0.000937217 0.00120028 0.00147943 0.00180841 0.00216486 0.00259311 0.0031049 0.00371782 0.00448281 0.00542318 0.00658963 0.00803152 0.00980429 0.0119511 0.0145364 0.0176002 0.0211514 0.0252205 0.0297284 0.0346034 0.0397154 0.0448308 0.0497599 0.0542141 0.057915 0.0606186 0.0620637 0.0620621 0.0605063 0.0573822 0.0527699 0.0469152 0.0401063 0.032691 0.0250918 0.0176666 0.0107878 0.0047984 -4.02442e-05 -0.00357546 -0.00572284 -0.00650435 -0.00605833 -0.00450734 -0.00204931 0.00106598 0.00460415 0.00836357 0.0121372 0.015768 0.0191841 0.0222958 0.0250622 0.0274875 0.0296228 0.0314852 0.0330886 0.0344897 0.0357497 0.0368883 0.0378923 0.0388152 0.0396777 0.0404897 0.041237 0.0419339 0.0425902 0.04323 0.0438327 0.0443806 0.044909 0.045428 0.0459166 0.0463597 0.0467939 0.0472081 0.0476072 0.0479708 0.0483168 0.048646 0.0489749 0.0492611 0.0495276 0.0497939 0.0500536 0.050263 0.0504681 0.0506793 0.050864 0.0510079 0.0511652 0.0513159 0.0514277 0.0515216 0.0516325 0.0517162 0.0517659 0.0518194 0.0518777 0.0518936 0.0518949 0.0519087 0.0519067 0.0518617 0.0518251 0.0517917 0.0517269 0.0516333 0.0515598 0.0514701 0.0513509 0.0512178 0.0510988 0.0509539 0.0507941 0.0506188 0.0504487 0.0502636 0.0500677 0.0498454 0.0496337 0.0494205 0.0491859 0.0489298 0.0486898 0.048452 0.048196 0.0479347 0.0476782 0.0474436 0.0472203 0.0470067 0.0468102 0.046693 0.046654 0.046696 0.046852 0.0472003 0.047779 0.0485931 0.0496696 0.0510459 0.0527197 0.0546018 0.0566269 0.0586706 0.0605442 0.062039 0.0629479 0.0630222 0.0620313 0.0598383 0.0563003 0.0513577 0.0450625 0.0375649 0.0290848 0.0199498 0.0105441 0.00122072 -0.00759144 -0.0155149 -0.02224 -0.0275091 -0.031189 -0.0332762 -0.0338583 -0.0330843 -0.031219 -0.0284949 -0.0251843 -0.0215831 -0.017889 -0.0143335 -0.0110596 -0.00815407 -0.00568523 -0.00365181 -0.00203988 -0.000808259 8.36593e-05 0.000703174 0.00108598 0.00128344 0.00135763 0.00130956 0.00120784 0.00105863 0.000869582 0.000693916 0.00049264 0.000308328 0.000139706 -3.92714e-05 -0.000178358 -0.000324678 
0 0.000317684 0.000640459 0.000967975 0.00131335 0.00167183 0.00206242 0.00248957 0.00296396 0.00351654 0.00415078 0.00491295 0.00583028 0.00693749 0.00829987 0.00994811 0.0119511 0.0143615 0.0172213 0.0205821 0.0244543 0.0288259 0.0336538 0.0388326 0.0442006 0.0495737 0.054686 0.0592795 0.0630903 0.0658315 0.067304 0.0673092 0.0657571 0.0626416 0.0580662 0.052253 0.0454802 0.0381307 0.0305508 0.0231293 0.0162177 0.0101241 0.00509916 0.00132596 -0.00110229 -0.00221715 -0.00204246 -0.000758561 0.00145706 0.00439966 0.00784758 0.0115756 0.0153937 0.0191456 0.0226571 0.0258853 0.0287881 0.0313834 0.0336242 0.0355481 0.0372098 0.0386755 0.0399629 0.0410854 0.0420879 0.0429841 0.0438273 0.0445971 0.0453137 0.0459552 0.0465795 0.0471663 0.047726 0.0482263 0.0487096 0.0491765 0.0496222 0.0500249 0.0504049 0.0507808 0.0511352 0.0514623 0.051759 0.0520615 0.0523423 0.0526023 0.0528297 0.0530735 0.0532899 0.0534873 0.0536604 0.0538537 0.0540086 0.0541523 0.0542831 0.0544261 0.0545241 0.0546257 0.054718 0.0548087 0.0548585 0.0549265 0.0549772 0.0550169 0.0550285 0.0550643 0.0550689 0.0550629 0.0550431 0.0550422 0.0549999 0.0549553 0.0549045 0.054862 0.0547779 0.054698 0.0546132 0.0545296 0.054411 0.0542936 0.0541756 0.0540558 0.0539082 0.0537529 0.0536076 0.0534569 0.0532889 0.0531036 0.0529385 0.0527682 0.052598 0.0524041 0.052241 0.0520852 0.0519547 0.0518278 0.0517582 0.0517388 0.0518131 0.0520026 0.0523368 0.0528496 0.0535893 0.0546161 0.0559185 0.0575029 0.0593191 0.061359 0.0634786 0.065536 0.0673488 0.0687113 0.0693759 0.06914 0.0678283 0.0652436 0.0613285 0.056029 0.0494118 0.0416234 0.0329214 0.0236011 0.014013 0.00454644 -0.0044397 -0.0125537 -0.0194915 -0.024987 -0.0289203 -0.031255 -0.0320623 -0.0315278 -0.0298338 -0.0272576 -0.0240583 -0.020492 -0.0168192 -0.0132439 -0.00992581 -0.00698374 -0.00447676 -0.00240844 -0.000785445 0.000446955 0.00133181 0.00191199 0.00226197 0.00240759 0.00241023 0.00230809 0.00212318 0.0019008 0.00164667 0.00138369 0.00112465 0.000869408 0.000629973 0.000404688 0.00019545 3.65663e-06 
0 0.000436513 0.000882412 0.00132942 0.00180183 0.00228672 0.00280676 0.00337059 0.00398213 0.00468469 0.00547577 0.00640779 0.00751169 0.00881683 0.0103987 0.0122797 0.0145364 0.0172213 0.0203721 0.0240459 0.0282394 0.0329424 0.0380913 0.0435644 0.0491951 0.0547768 0.0600482 0.0647532 0.0686275 0.0713973 0.0728755 0.0728649 0.0713007 0.0681943 0.0636459 0.0579035 0.0512197 0.0439548 0.0364463 0.0290483 0.0221021 0.0159111 0.0107169 0.00668977 0.00394457 0.00246553 0.00226074 0.00318864 0.0050989 0.00779867 0.0110554 0.0146723 0.0184506 0.0222172 0.0257971 0.029133 0.0321251 0.0347933 0.0371263 0.0391302 0.0408347 0.0423046 0.0435874 0.0446996 0.0456804 0.0465224 0.0473085 0.0480276 0.0486848 0.0492598 0.0498199 0.0503399 0.0508303 0.0512729 0.0516888 0.052088 0.0524721 0.0528199 0.0531346 0.0534551 0.0537529 0.0540265 0.0542721 0.0545288 0.0547554 0.0549734 0.0551649 0.0553664 0.055539 0.0557111 0.0558571 0.056014 0.0561437 0.056276 0.0563856 0.0565055 0.0565985 0.0566979 0.0567776 0.0568642 0.056926 0.056999 0.0570503 0.0571067 0.0571426 0.0571911 0.0572141 0.0572439 0.0572558 0.0572793 0.0572756 0.0572801 0.0572671 0.0572668 0.0572378 0.057214 0.0571786 0.0571568 0.0571008 0.0570483 0.0569977 0.0569518 0.0568714 0.0567977 0.056734 0.0566631 0.0565763 0.0564867 0.0564102 0.0563351 0.0562651 0.0561694 0.0561106 0.0560767 0.0560659 0.0560516 0.0561165 0.0562541 0.0565037 0.056862 0.0573748 0.0581071 0.0591089 0.0603742 0.061896 0.0637087 0.0657391 0.0679462 0.0701686 0.0722442 0.0739749 0.0751845 0.0756303 0.0751171 0.0734679 0.0705201 0.0662543 0.0606393 0.0537715 0.0457952 0.0369467 0.0275087 0.0178329 0.00827619 -0.000802447 -0.00902601 -0.0161218 -0.0218099 -0.0259723 -0.0285589 -0.029614 -0.0293079 -0.0278154 -0.0253988 -0.0223189 -0.0188367 -0.0152046 -0.0116447 -0.00831686 -0.00535076 -0.0028209 -0.000733454 0.000893082 0.00211687 0.00297207 0.00350744 0.00380186 0.00387718 0.00380731 0.00362258 0.00335195 0.00304205 0.00269365 0.00234129 0.00199042 0.00164891 0.00133105 0.00103021 0.000757797 0.000505606 
