0 0 0 0 0 0 0 0 0 0 0 0 0 0 0 0 0 0 0 0 0 0 0 0 0 0 0 0 0 0 0 0 0 0 0 0 0 0 0 0 0 0 0 0 0 0 0 0 0 0 0 0 0 0 0 0 0 0 0 0 0 0 0 0 0 0 0 0 0 0 0 0 0 0 0 0 0 0 0 0 0 0 0 0 0 0 0 0 0 0 0 0 0 0 0 0 0 0 0 0 0 0 0 0 0 0 0 0 0 0 0 0 0 0 0 0 0 0 0 0 0 0 0 0 0 0 0 0 0 0 0 0 0 0 0 0 0 0 0 0 0 0 0 0 0 0 0 0 0 0 0 0 0 0 0 0 0 0 0 0 0 0 0 0 0 0 0 0 0 0 0 0 0 0 0 0 0 0 0 0 0 0 0 0 0 0 0 0 0 0 0 0 0 0 0 0 0 0 0 0 
0 0.000445847 0.000891202 0.00136545 0.00185447 0.00237413 0.00292872 0.00349683 0.00409044 0.00467322 0.0052263 0.00572963 0.00613446 0.00643415 0.00659652 0.00661358 0.0064911 0.00623176 0.00586114 0.00541042 0.00492719 0.00445222 0.00405844 0.00376748 0.00361701 0.00362769 0.00375818 0.0040413 0.004417 0.00486946 0.00538099 0.00587934 0.00637307 0.00682629 0.00724084 0.00761157 0.00794071 0.00821272 0.00844451 0.00865608 0.0088307 0.00900016 0.00912998 0.00924118 0.0093306 0.00941513 0.00948346 0.0095235 0.00956297 0.00957621 0.00958587 0.00957856 0.00955862 0.00951459 0.00948857 0.00944371 0.00937038 0.00930267 0.00922752 0.00915025 0.00906251 0.00897506 0.00886627 0.00877178 0.00866833 0.00857032 0.00845875 0.00834698 0.00824021 0.00813656 0.00802372 0.00791366 0.0078127 0.00769804 0.00759651 0.00749588 0.00739461 0.00728604 0.00719969 0.00710173 0.00701052 0.00691822 0.00683911 0.0067532 0.00667848 0.00659858 0.00653324 0.00646675 0.00640357 0.0063425 0.00629803 0.00624577 0.00619907 0.00616519 0.006136 0.00609928 0.00608004 0.00606833 0.0060513 0.00604092 0.00604879 0.0060505 0.00605441 0.0060745 0.00609948 0.00611675 0.00615053 0.00619193 0.00623043 0.00627211 0.00633149 0.00638522 0.00644444 0.00650948 0.00658448 0.00665368 0.00673513 0.00681321 0.00690482 0.00699134 0.00708475 0.00717629 0.00728567 0.00737893 0.00748406 0.00759326 0.00770473 0.00780481 0.00792716 0.00804197 0.00814851 0.00826204 0.00838641 0.00850561 0.00861182 0.0087225 0.00883902 0.00896523 0.00906151 0.00916651 0.00926842 0.00937158 0.00946393 0.00956042 0.00962901 0.00970245 0.00978124 0.00983297 0.00988004 0.00992165 0.00995884 0.00996776 0.00997834 0.0099678 0.00996012 0.00993812 0.00990146 0.00984706 0.00978143 0.00973056 0.00965656 0.00959158 0.00952064 0.00945989 0.00942096 0.00940825 0.00940797 0.00942998 0.00948064 0.00951798 0.00956579 0.00954771 0.00944939 0.00925482 0.00891127 0.00844164 0.00781373 0.0070427 0.00615368 0.00518296 0.00418268 0.00320843 0.00230953 0.00151202 0.000861364 0.000349127 -6.74798e-06 -0.000213015 -0.000304516 -0.000279324 -0.000192792 -6.1071e-05 9.27571e-05 0.000229539 0.000358053 0.000449441 0.000504279 0.000527711 0.000499276 0.000439739 
0 0.000891202 0.00181728 0.00274793 0.00375324 0.00479531 0.00589294 0.00705595 0.00822017 0.00940015 0.0105125 0.0115078 0.0123429 0.012933 0.0132655 0.0133054 0.0130509 0.0125332 0.0117891 0.0108845 0.00991473 0.00897896 0.00817379 0.00759958 0.0072912 0.00727456 0.0075474 0.00806593 0.00880474 0.00970344 0.0106829 0.0116789 0.0126359 0.0135135 0.0143154 0.0150427 0.0156642 0.0162032 0.0166645 0.0170429 0.0173998 0.0177006 0.0179365 0.0181522 0.0183261 0.0184729 0.0186013 0.0186787 0.0187066 0.0187435 0.0187518 0.018728 0.01868 0.0186001 0.0185129 0.0184058 0.0182889 0.0181412 0.0179899 0.0178301 0.0176619 0.0174542 0.0172686 0.0171003 0.0168853 0.0166564 0.0164541 0.0162657 0.0160437 0.0158241 0.0155999 0.0154106 0.0152 0.0149803 0.0147684 0.0145891 0.0143799 0.0141789 0.0139962 0.0138173 0.0136304 0.0134584 0.0132956 0.0131347 0.0129838 0.012832 0.0127015 0.0125729 0.0124497 0.0123304 0.0122439 0.0121402 0.0120531 0.0119825 0.0119292 0.0118545 0.0118216 0.0117924 0.0117658 0.0117407 0.0117602 0.0117583 0.0117729 0.0118057 0.0118591 0.0118894 0.0119596 0.0120353 0.0121149 0.012194 0.0123111 0.0124149 0.0125317 0.012659 0.0128037 0.0129418 0.0130969 0.0132553 0.013428 0.0136036 0.0137772 0.0139679 0.0141712 0.014364 0.0145533 0.0147821 0.0149952 0.0152011 0.0154118 0.0156517 0.015874 0.0161022 0.0163076 0.0165439 0.0167874 0.0170085 0.0172078 0.0174421 0.0176678 0.0178647 0.018072 0.0182755 0.0184664 0.0186271 0.0187967 0.0189613 0.0191098 0.0192168 0.0193233 0.0194077 0.0194805 0.0195485 0.0195611 0.0195551 0.0195516 0.0195173 0.0194466 0.0193745 0.0192676 0.0191612 0.0190584 0.0189208 0.0187989 0.018707 0.0186507 0.0186457 0.0186799 0.0187439 0.0188441 0.0189629 0.019044 0.0190346 0.0188654 0.0184687 0.0178189 0.0168774 0.0156302 0.0141025 0.0123339 0.0104051 0.00842822 0.00649916 0.00470785 0.00314597 0.00183411 0.000823757 0.000120922 -0.000315509 -0.000471533 -0.000445505 -0.000269145 6.91352e-06 0.000285377 0.00058654 0.000823821 0.00100434 0.00113105 0.00114859 0.00111774 0.000982041 
0 0.00136545 0.00274793 0.00419368 0.00569708 0.00728414 0.00896347 0.010697 0.0124824 0.0142441 0.0159129 0.0174194 0.018647 0.0195442 0.0200373 0.0200957 0.0197288 0.018957 0.0178484 0.0165002 0.0150478 0.0136248 0.0124177 0.0115184 0.0110236 0.0109819 0.0113219 0.0120779 0.0131258 0.0144015 0.0158306 0.0172509 0.01864 0.0199181 0.0210803 0.022114 0.0230164 0.0237646 0.024393 0.0249447 0.0254075 0.02583 0.0261549 0.0264244 0.0266364 0.0268255 0.0269719 0.0270486 0.0271053 0.0271104 0.0270967 0.0270408 0.0269489 0.0268053 0.0266877 0.0265302 0.0263143 0.0260977 0.0258669 0.0256299 0.0253696 0.0250996 0.0247958 0.024518 0.0242178 0.0239231 0.0236088 0.023296 0.0229878 0.0226847 0.0223664 0.0220596 0.0217657 0.0214473 0.0211554 0.0208722 0.0205841 0.0202863 0.0200326 0.0197625 0.019504 0.0192485 0.0190204 0.0187847 0.018571 0.0183519 0.0181652 0.0179803 0.0178036 0.0176363 0.0175064 0.0173635 0.0172357 0.0171386 0.0170549 0.0169585 0.0169032 0.0168667 0.0168235 0.0167971 0.0168138 0.0168203 0.0168361 0.0168888 0.0169563 0.0170106 0.0171037 0.0172163 0.0173266 0.0174466 0.0176077 0.0177608 0.0179274 0.0181108 0.0183177 0.0185164 0.0187414 0.018966 0.0192186 0.0194653 0.0197263 0.0199907 0.0202898 0.0205613 0.0208553 0.0211655 0.0214786 0.0217721 0.0221076 0.0224361 0.0227479 0.0230736 0.0234181 0.0237578 0.0240751 0.0243972 0.0247289 0.0250818 0.0253803 0.0256866 0.0259899 0.0262955 0.0265782 0.0268582 0.027089 0.0273268 0.0275678 0.0277503 0.0279188 0.0280725 0.0282109 0.0282925 0.0283604 0.0283839 0.0284079 0.0283966 0.0283439 0.0282517 0.0281328 0.0280365 0.027901 0.0277745 0.0276445 0.0275492 0.0275159 0.027555 0.0276412 0.0277877 0.0280002 0.0281947 0.028378 0.0283843 0.0281473 0.0276026 0.0266373 0.0252701 0.0234412 0.0211868 0.0185809 0.0157341 0.0128005 0.00993896 0.00729039 0.00495079 0.00302343 0.00151738 0.000466901 -0.000153043 -0.000414722 -0.000354701 -9.78797e-05 0.000291394 0.000734859 0.00114843 0.00151847 0.0017884 0.00195111 0.00200789 0.00193066 0.00173853 
0 0.00185447 0.00375324 0.00569708 0.00774658 0.0098905 0.0121404 0.0144861 0.0168623 0.0192261 0.0214604 0.023461 0.0251159 0.0263065 0.0269688 0.0270514 0.026556 0.0255265 0.0240473 0.0222478 0.0203048 0.0184128 0.0167698 0.0155456 0.0148365 0.0146913 0.0150909 0.0159864 0.017296 0.0189102 0.0206963 0.0225108 0.0242609 0.025871 0.0273273 0.0286238 0.0297307 0.0306626 0.0314379 0.0320797 0.03264 0.0331092 0.0334712 0.0337689 0.0340008 0.0341858 0.0343252 0.0343854 0.0343836 0.0343611 0.0343023 0.0341949 0.0340413 0.0338428 0.0336348 0.0333968 0.0331258 0.0328251 0.0325125 0.03219 0.031848 0.0314693 0.0310998 0.0307484 0.0303549 0.0299457 0.0295556 0.0291781 0.0287784 0.0283752 0.0279712 0.0275984 0.0272157 0.0268182 0.0264388 0.0260891 0.0257193 0.0253551 0.02502 0.0246895 0.0243586 0.0240441 0.0237482 0.0234593 0.0231848 0.0229163 0.0226765 0.0224465 0.0222246 0.0220183 0.0218498 0.0216736 0.021517 0.0213918 0.0212858 0.0211702 0.0211008 0.0210497 0.0210016 0.0209696 0.0209868 0.0209952 0.0210216 0.0210826 0.0211665 0.0212393 0.0213561 0.0214931 0.0216349 0.0217886 0.0219859 0.0221808 0.0223907 0.022623 0.0228787 0.0231346 0.0234124 0.0237027 0.0240136 0.0243305 0.024654 0.0249986 0.0253639 0.0257179 0.0260803 0.0264812 0.0268745 0.0272573 0.0276603 0.0280875 0.0285004 0.0289166 0.029328 0.0297632 0.0302003 0.0306171 0.0310244 0.0314627 0.0318821 0.0322774 0.0326801 0.0330808 0.0334603 0.0338121 0.0341557 0.0344967 0.0348173 0.0350853 0.035337 0.035567 0.0357775 0.0359572 0.0360779 0.0361637 0.0362427 0.0362784 0.0362639 0.0362225 0.0361457 0.0360699 0.0359857 0.0358774 0.0357897 0.0357579 0.0358022 0.0359406 0.0361533 0.0364341 0.0367778 0.0371309 0.0374117 0.0374905 0.0372439 0.0365574 0.0353507 0.0335716 0.0311929 0.0282552 0.0248486 0.0211306 0.017302 0.0135629 0.0100925 0.00704367 0.00450371 0.00253634 0.0011604 0.000329747 5.10007e-06 6.59105e-05 0.000409249 0.000929781 0.00149621 0.00206201 0.00253596 0.00289312 0.00311732 0.00316792 0.00307966 0.00281129 
0 0.00237413 0.00479531 0.00728414 0.0098905 0.0126174 0.0154679 0.0184245 0.0214191 0.0243777 0.027172 0.0296666 0.0317229 0.0332047 0.0340247 0.0341256 0.0335074 0.0322232 0.0303762 0.0281288 0.0256917 0.0233066 0.0212138 0.0196173 0.0186459 0.0183561 0.0187343 0.0197178 0.0212081 0.0230692 0.0251419 0.0272629 0.029308 0.0311963 0.032894 0.0343875 0.035654 0.0367015 0.0375562 0.038255 0.038843 0.0393204 0.0396825 0.0399538 0.0401519 0.0402946 0.0403796 0.0403874 0.0403314 0.0402404 0.0401084 0.0399276 0.0396949 0.0394237 0.0391379 0.0388224 0.038467 0.0380833 0.0376899 0.037287 0.0368646 0.0364125 0.0359607 0.0355172 0.0350535 0.0345771 0.0341083 0.0336458 0.0331764 0.0327048 0.0322353 0.0317855 0.031334 0.0308765 0.0304355 0.0300167 0.0295897 0.0291706 0.028776 0.0283916 0.0280106 0.0276465 0.0273015 0.0269695 0.0266504 0.0263448 0.0260646 0.0257997 0.0255452 0.0253123 0.0251101 0.0249131 0.0247352 0.0245898 0.0244629 0.0243412 0.0242565 0.0241958 0.0241434 0.0241137 0.0241231 0.0241387 0.0241726 0.0242415 0.0243322 0.0244271 0.0245574 0.0247133 0.0248784 0.0250621 0.0252815 0.0255106 0.0257544 0.0260238 0.0263157 0.0266165 0.0269362 0.0272753 0.0276336 0.0280022 0.0283813 0.0287829 0.029202 0.0296202 0.0300502 0.0305095 0.0309687 0.0314265 0.0319037 0.0323976 0.0328845 0.0333774 0.033878 0.0343906 0.0349001 0.0354005 0.0359059 0.0364267 0.0369309 0.0374165 0.0379088 0.0384009 0.0388766 0.039326 0.039762 0.0401941 0.0406078 0.0409792 0.0413266 0.041656 0.0419604 0.0422275 0.0424426 0.042626 0.0427929 0.0429201 0.0429949 0.0430316 0.0430427 0.0430514 0.0430552 0.0430482 0.0430684 0.0431553 0.0433388 0.0436316 0.0440208 0.0444979 0.0450413 0.0455889 0.0460302 0.0462145 0.0459886 0.0452161 0.0437976 0.0416664 0.0387996 0.0352409 0.0311075 0.0265899 0.0219286 0.0173709 0.0131377 0.00941317 0.00631431 0.0039163 0.00223754 0.00123494 0.00084055 0.000923651 0.00135326 0.00199162 0.00270075 0.00339538 0.00398423 0.00442922 0.00470088 0.00476903 0.00464809 0.00431347 
0 0.00292872 0.00589294 0.00896347 0.0121404 0.0154679 0.0189366 0.0225029 0.0261256 0.0296702 0.0330162 0.0359985 0.0384378 0.0402031 0.0411663 0.0412727 0.0405217 0.0389711 0.0367473 0.0340445 0.0311069 0.0282107 0.0256507 0.0236408 0.022354 0.0218611 0.0221338 0.0231317 0.0247146 0.026731 0.0290089 0.0313481 0.0336117 0.035706 0.0375779 0.0391986 0.0405715 0.041679 0.0425599 0.0432759 0.0438318 0.0442708 0.0445895 0.0447933 0.0449201 0.0449889 0.0449833 0.0449037 0.0447759 0.0445856 0.0443626 0.0440936 0.0437724 0.0434139 0.0430434 0.0426468 0.0422017 0.0417441 0.0412734 0.0407939 0.0402906 0.0397862 0.0392618 0.0387364 0.0382151 0.0376915 0.0371578 0.0366243 0.0361059 0.0355833 0.0350691 0.0345543 0.0340573 0.0335573 0.033077 0.0325998 0.03214 0.0316819 0.0312477 0.0308222 0.0304123 0.0300128 0.0296365 0.0292743 0.0289268 0.0285984 0.0282909 0.0280026 0.0277288 0.0274815 0.0272526 0.0270463 0.0268561 0.0266977 0.0265538 0.0264362 0.0263381 0.0262715 0.0262172 0.0261947 0.0261918 0.026217 0.0262567 0.0263313 0.0264217 0.0265389 0.0266747 0.0268425 0.0270232 0.0272313 0.0274599 0.0277141 0.0279817 0.0282758 0.0285901 0.028923 0.029272 0.0296433 0.0300348 0.030437 0.0308593 0.0312976 0.0317548 0.0322166 0.0327028 0.033196 0.0337054 0.0342166 0.0347548 0.0352922 0.0358375 0.0363851 0.0369613 0.0375323 0.0380954 0.0386657 0.0392564 0.0398424 0.0404123 0.040988 0.0415585 0.042132 0.0426916 0.0432435 0.0437671 0.0442923 0.044805 0.0452866 0.0457368 0.0461786 0.0465983 0.0469653 0.0473087 0.0476154 0.0478954 0.0481452 0.0483515 0.0485063 0.0486532 0.0488007 0.0489329 0.0490901 0.0492765 0.0495432 0.0499331 0.050446 0.0510751 0.0518119 0.0526171 0.0534024 0.0540589 0.0543915 0.054231 0.0534303 0.0518453 0.0494224 0.0461292 0.0420177 0.0372376 0.0320057 0.0265981 0.0213055 0.0163913 0.0120544 0.0084615 0.00567912 0.00373195 0.00259355 0.00213908 0.0022647 0.00278849 0.00354561 0.00441357 0.00523311 0.00594975 0.00648704 0.00680302 0.00690501 0.00674519 0.00635372 
0 0.00349683 0.00705595 0.010697 0.0144861 0.0184245 0.0225029 0.0267056 0.0309196 0.0350495 0.0389298 0.0423608 0.0451806 0.0471931 0.0482826 0.0483799 0.047473 0.0456408 0.0430307 0.0398577 0.0364018 0.0329971 0.0299206 0.0274748 0.0258208 0.0250293 0.0251532 0.0260476 0.0276399 0.0297346 0.0321037 0.0345954 0.0369955 0.0392205 0.041195 0.0428986 0.0442996 0.0454317 0.0463133 0.0469702 0.047483 0.0478257 0.0480544 0.0481655 0.0482038 0.048156 0.0480428 0.0478719 0.0476121 0.047334 0.0470069 0.0466403 0.0462239 0.0457997 0.0453171 0.0448266 0.0443324 0.0437992 0.0432612 0.0427114 0.042156 0.0415721 0.0410185 0.0404492 0.0398819 0.0392876 0.0387247 0.0381726 0.0376122 0.0370427 0.036498 0.0359679 0.0354305 0.034915 0.0343982 0.0339052 0.0334163 0.0329528 0.0324817 0.0320492 0.0316153 0.0312099 0.0308085 0.0304405 0.0300736 0.0297436 0.0294181 0.0291218 0.0288409 0.0285908 0.0283463 0.0281386 0.027949 0.0277804 0.0276311 0.027519 0.027418 0.0273422 0.0272959 0.0272756 0.0272672 0.0272947 0.0273462 0.0274166 0.0275089 0.0276383 0.0277793 0.0279464 0.0281394 0.0283603 0.0285899 0.0288568 0.0291379 0.029445 0.0297652 0.0301206 0.0304788 0.0308736 0.0312733 0.0317027 0.0321378 0.0326091 0.0330735 0.0335734 0.0340749 0.0346027 0.0351343 0.0356911 0.0362376 0.036817 0.0374124 0.038001 0.0385903 0.0392056 0.0398417 0.0404602 0.0410855 0.0417095 0.0423686 0.0429982 0.0436398 0.0442784 0.044918 0.045527 0.0461644 0.046787 0.0473764 0.0479681 0.0485312 0.0490817 0.0496104 0.0501329 0.0505908 0.0510437 0.0514619 0.0518526 0.0522095 0.0525404 0.0528642 0.0531672 0.0535085 0.0538491 0.0542625 0.0547794 0.0554285 0.0562225 0.0571625 0.0582148 0.0593165 0.0604182 0.0613015 0.0618398 0.0618046 0.060997 0.0593304 0.0566597 0.0530084 0.0484334 0.0430908 0.0372452 0.0311997 0.0252735 0.0197628 0.0149181 0.0108837 0.00778866 0.00563318 0.00437261 0.00392422 0.00409204 0.00473572 0.00564823 0.00665493 0.00765018 0.00848901 0.00913188 0.00953042 0.0096418 0.00948851 0.0090344 
0 0.00409044 0.00822017 0.0124824 0.0168623 0.0214191 0.0261256 0.0309196 0.0357424 0.0404159 0.044792 0.0486522 0.0517845 0.0540189 0.0551952 0.0552504 0.0541739 0.0520515 0.0490417 0.0453962 0.041422 0.037461 0.0338702 0.0309201 0.0288362 0.027717 0.0275658 0.0283164 0.0298168 0.0318744 0.0342729 0.0368068 0.0392777 0.0415808 0.0436187 0.0453365 0.0467549 0.0478504 0.0486706 0.0492781 0.0496764 0.0499205 0.0500455 0.050036 0.049942 0.0497781 0.049531 0.0492392 0.048905 0.0485078 0.0480751 0.0476105 0.047113 0.0465989 0.0460612 0.045511 0.0449342 0.0443495 0.0437634 0.0431663 0.0425604 0.0419769 0.0413724 0.0407459 0.0401586 0.0395833 0.0389899 0.0383905 0.0378187 0.0372574 0.0367115 0.0361461 0.0356048 0.0350905 0.0345811 0.0340632 0.0335833 0.0331153 0.032651 0.032207 0.0317844 0.0313745 0.0309818 0.0306088 0.0302506 0.0299234 0.0296025 0.0293049 0.0290344 0.0287889 0.0285426 0.0283421 0.0281606 0.0279921 0.0278422 0.0277433 0.0276406 0.0275649 0.0275235 0.0275116 0.0274943 0.0275284 0.0275841 0.0276533 0.0277399 0.0278795 0.0280169 0.0281797 0.0283751 0.0286001 0.0288226 0.029089 0.0293754 0.0296783 0.0299977 0.030353 0.030717 0.0311057 0.0315116 0.0319377 0.0323862 0.0328497 0.033322 0.0338244 0.0343493 0.0348633 0.0354058 0.0359767 0.0365545 0.0371261 0.0377266 0.0383375 0.0389766 0.0396042 0.0402305 0.0408865 0.0415713 0.0422289 0.0428968 0.0435882 0.0442712 0.0449588 0.0456573 0.0463566 0.0470429 0.0477274 0.0484104 0.0490989 0.0497652 0.0504275 0.0510741 0.0516892 0.0523051 0.0529065 0.0534706 0.0540295 0.0545669 0.0550697 0.05559 0.0561157 0.0566589 0.0572736 0.057959 0.0587578 0.0597238 0.0608418 0.0621277 0.063547 0.0650176 0.0664343 0.067624 0.0683807 0.068486 0.067753 0.0660131 0.063187 0.0592594 0.0543044 0.0485185 0.0421662 0.0355887 0.0291356 0.0231399 0.0178579 0.0134952 0.0101534 0.0078485 0.00655691 0.00611889 0.0064009 0.00718829 0.00826403 0.00948218 0.0106331 0.0116506 0.0124284 0.012905 0.0130983 0.0129311 0.0124563 
0 0.00467322 0.00940015 0.0142441 0.0192261 0.0243777 0.0296702 0.0350495 0.0404159 0.0456024 0.0504293 0.0546598 0.0580793 0.0604848 0.0617139 0.061695 0.0604151 0.0579696 0.0545461 0.0504097 0.0459015 0.0414005 0.0372557 0.0337958 0.0312414 0.0297065 0.0292415 0.0297355 0.0310672 0.0330219 0.0353546 0.0378739 0.0403517 0.0426653 0.0447044 0.0464162 0.0477932 0.0488501 0.0496178 0.05013 0.0504313 0.0505487 0.050545 0.0504195 0.0502159 0.0499241 0.0495621 0.0491666 0.0487128 0.048227 0.0477067 0.0471624 0.0465982 0.0460345 0.0454219 0.0448095 0.04421 0.0435982 0.0429838 0.0423578 0.0417363 0.0411258 0.0405289 0.0399122 0.0393201 0.0387235 0.0381426 0.03757 0.0370044 0.0364427 0.0359065 0.0353659 0.0348352 0.0343395 0.0338381 0.0333417 0.0328748 0.0324311 0.0319758 0.031553 0.0311438 0.0307572 0.0303763 0.0300215 0.0296778 0.0293715 0.0290618 0.0287789 0.0285252 0.0282942 0.0280569 0.0278699 0.0277033 0.0275407 0.0274 0.0273119 0.0272167 0.0271416 0.02711 0.0271012 0.0270842 0.0271183 0.0271794 0.0272425 0.0273267 0.0274652 0.027599 0.0277512 0.0279434 0.0281626 0.0283734 0.0286303 0.0289099 0.0292021 0.0295062 0.029854 0.0302052 0.0305831 0.0309719 0.0313909 0.0318233 0.0322788 0.0327327 0.0332292 0.0337357 0.0342448 0.0347748 0.0353401 0.0358936 0.0364651 0.0370708 0.037675 0.0382855 0.038915 0.0395677 0.0402256 0.0408947 0.0415533 0.0422556 0.0429642 0.0436728 0.0443825 0.0451108 0.045841 0.0465964 0.0473426 0.0480768 0.0488408 0.0495937 0.050342 0.0510879 0.0518387 0.0525739 0.0533137 0.0540228 0.0547322 0.0554464 0.0561576 0.0568889 0.0576277 0.0584247 0.0592966 0.0602842 0.0614162 0.0627271 0.0642197 0.0659007 0.0677158 0.0695673 0.0713496 0.0728394 0.0738568 0.0741524 0.0735046 0.0717709 0.068825 0.0646849 0.0594431 0.0533003 0.0465608 0.039579 0.0327259 0.0263613 0.0207707 0.0161617 0.0126669 0.010296 0.00901049 0.00867196 0.00909459 0.010076 0.0113798 0.0128187 0.0142075 0.0154238 0.0163765 0.0169993 0.017274 0.0171679 0.0166903 
0 0.0052263 0.0105125 0.0159129 0.0214604 0.027172 0.0330162 0.0389298 0.044792 0.0504293 0.0556394 0.060177 0.0638122 0.0663287 0.0675615 0.0674295 0.0659248 0.0631497 0.0593086 0.0546866 0.0496477 0.0445916 0.039886 0.0358815 0.032817 0.0308302 0.0299817 0.0301672 0.0312569 0.0330282 0.035232 0.0376676 0.0401059 0.042401 0.0444257 0.0461135 0.0474479 0.0484498 0.0491501 0.0495765 0.0497783 0.0497881 0.0496721 0.049441 0.0491257 0.0487228 0.0482594 0.0477771 0.0472522 0.0467007 0.0461137 0.0455117 0.0449075 0.0443115 0.0436794 0.0430473 0.0424341 0.0418159 0.0412013 0.040578 0.039971 0.039379 0.0387944 0.0381912 0.0376197 0.037059 0.0365052 0.0359522 0.0354093 0.0348877 0.0343826 0.0338699 0.0333667 0.0329062 0.0324378 0.0319732 0.0315351 0.0311244 0.0307029 0.0303088 0.0299301 0.0295746 0.0292242 0.0288948 0.0285819 0.0283012 0.0280183 0.0277576 0.0275305 0.0273186 0.027104 0.0269337 0.0267871 0.0266373 0.0265134 0.0264346 0.0263525 0.0262833 0.0262608 0.0262538 0.0262425 0.0262745 0.0263371 0.0263946 0.0264766 0.0266054 0.0267335 0.0268725 0.0270553 0.0272586 0.0274565 0.0276935 0.0279583 0.0282291 0.0285134 0.0288378 0.02917 0.0295208 0.029886 0.0302813 0.0306889 0.0311148 0.0315445 0.0320169 0.0324953 0.032976 0.0334789 0.034023 0.0345516 0.0350938 0.0356694 0.03626 0.0368506 0.0374543 0.0380803 0.0387259 0.0393828 0.0400309 0.0407182 0.0414196 0.0421263 0.0428372 0.0435772 0.0443257 0.0450978 0.0458629 0.0466343 0.047446 0.0482619 0.0490731 0.0498873 0.0507238 0.0515647 0.0524228 0.0532642 0.054119 0.0549967 0.0558958 0.0568274 0.0577916 0.0588438 0.0600039 0.0613123 0.0627883 0.064461 0.0663405 0.0684274 0.0706561 0.0729107 0.0750585 0.0768678 0.0781443 0.0786326 0.0781002 0.0763953 0.073394 0.0691198 0.0636828 0.057298 0.0502859 0.0430171 0.0358833 0.0292639 0.0234704 0.0187247 0.015169 0.0128199 0.0116247 0.0114465 0.0120815 0.0133132 0.0148973 0.016622 0.0182991 0.0197808 0.0209689 0.0217914 0.0222126 0.0222116 0.0217827 
0 0.00572963 0.0115078 0.0174194 0.023461 0.0296666 0.0359985 0.0423608 0.0486522 0.0546598 0.060177 0.0649558 0.0687332 0.0713054 0.0724924 0.0722061 0.0704475 0.0673302 0.0630612 0.0579611 0.0524101 0.0467998 0.0415593 0.0370001 0.0334076 0.030954 0.0296571 0.0294978 0.0302862 0.0318147 0.0338537 0.0361566 0.0385235 0.040774 0.0427757 0.0444261 0.0457412 0.0467029 0.047352 0.0477361 0.0478514 0.0477876 0.0475867 0.0472841 0.0468833 0.0464177 0.045888 0.0453361 0.0447863 0.0441886 0.0435735 0.0429504 0.0423482 0.0417321 0.0411191 0.0405012 0.0398928 0.0393064 0.0387208 0.0381302 0.0375462 0.0370124 0.0364583 0.0358983 0.0353594 0.0348638 0.0343503 0.0338344 0.0333366 0.0328717 0.0324114 0.0319356 0.0314855 0.0310634 0.0306485 0.0302198 0.0298314 0.0294532 0.0290876 0.0287218 0.0283918 0.0280672 0.0277637 0.027461 0.0271928 0.0269364 0.0266929 0.0264582 0.0262636 0.0260721 0.0258906 0.0257381 0.0256128 0.0254819 0.0253788 0.0253077 0.025241 0.0251836 0.0251668 0.0251619 0.0251595 0.0251897 0.0252481 0.0253032 0.0253825 0.0254963 0.0256168 0.0257436 0.0259115 0.0260925 0.0262787 0.0264891 0.026734 0.0269761 0.0272408 0.0275285 0.0278406 0.0281514 0.0284926 0.0288476 0.0292304 0.0296082 0.0300148 0.0304407 0.0308905 0.031325 0.0317967 0.0322924 0.0327963 0.0332929 0.0338227 0.034377 0.0349394 0.0355012 0.0360758 0.0366951 0.0373165 0.0379367 0.0385728 0.0392615 0.0399356 0.0406222 0.0413369 0.0420903 0.0428393 0.0435985 0.0443901 0.0452064 0.0460487 0.0468934 0.0477569 0.0486332 0.0495667 0.0505001 0.0514385 0.0524128 0.0534289 0.0544892 0.0556008 0.0567859 0.0580584 0.059509 0.0611242 0.0629374 0.0649819 0.0672502 0.0697418 0.0723783 0.0750344 0.077519 0.0796546 0.0811771 0.0818536 0.0814652 0.0797937 0.0767877 0.0724346 0.066871 0.060346 0.0531665 0.0457311 0.0384429 0.0316943 0.0258087 0.0210427 0.0175185 0.0152762 0.0142615 0.0143007 0.0152294 0.0167777 0.0187041 0.0207999 0.0228191 0.0246491 0.0261452 0.0272282 0.0278846 0.028041 0.0277336 
0 0.00613446 0.0123429 0.018647 0.0251159 0.0317229 0.0384378 0.0451806 0.0517845 0.0580793 0.0638122 0.0687332 0.0725869 0.0751447 0.0762358 0.0757606 0.0737362 0.0702601 0.0655875 0.0600257 0.0539729 0.0478687 0.0420799 0.0370044 0.0328951 0.029933 0.0282102 0.0276434 0.0281037 0.0293704 0.0311991 0.0333583 0.0356463 0.0378484 0.0398216 0.0414889 0.0427793 0.0437518 0.0444091 0.0447584 0.0448651 0.0447635 0.0445165 0.0441805 0.0437641 0.0432553 0.0427154 0.0421586 0.0415809 0.0409967 0.0403947 0.0397925 0.0392082 0.038643 0.0380534 0.037465 0.0369167 0.0363858 0.0358452 0.0353092 0.0347967 0.0342876 0.033801 0.0333231 0.032845 0.0323713 0.0319232 0.0314855 0.031048 0.030622 0.0302074 0.0298068 0.0294108 0.0290349 0.0286627 0.0283037 0.0279547 0.0276305 0.0273069 0.0269974 0.0267037 0.0264318 0.0261627 0.0259093 0.0256757 0.0254585 0.0252479 0.0250548 0.0248843 0.0247231 0.0245741 0.0244456 0.0243368 0.0242327 0.0241504 0.0240866 0.0240363 0.0239948 0.0239815 0.0239778 0.0239878 0.0240152 0.0240663 0.0241211 0.0241978 0.0242935 0.0244038 0.0245224 0.0246683 0.0248274 0.0249975 0.0251851 0.0253968 0.0256175 0.0258507 0.0261075 0.0263815 0.0266648 0.0269617 0.027286 0.0276196 0.0279653 0.0283262 0.0287138 0.0291031 0.0295115 0.0299363 0.0303803 0.0308226 0.0312905 0.03178 0.0322784 0.0327701 0.0332913 0.0338487 0.0344033 0.0349525 0.0355301 0.0361448 0.036764 0.0374005 0.0380459 0.0387137 0.039416 0.0401506 0.0408854 0.0416381 0.0424432 0.0432746 0.0441144 0.0449811 0.0459045 0.0468511 0.0478292 0.0488388 0.049879 0.0509983 0.052198 0.0534571 0.054808 0.0563175 0.0579957 0.0599044 0.0620531 0.0644289 0.0670808 0.069955 0.0729677 0.0759803 0.0787985 0.0811964 0.0829533 0.0838117 0.0835203 0.0819319 0.0789202 0.0745389 0.0689349 0.0623361 0.0551068 0.0476133 0.0402855 0.0335202 0.0276618 0.0229643 0.0195732 0.017532 0.0167559 0.0171211 0.01839 0.0203321 0.0226937 0.0251996 0.0276798 0.0299153 0.0318008 0.0332545 0.0341839 0.0346128 0.0344791 
0 0.00643415 0.012933 0.0195442 0.0263065 0.0332047 0.0402031 0.0471931 0.0540189 0.0604848 0.0663287 0.0713054 0.0751447 0.0776163 0.0785587 0.077862 0.0755502 0.0717466 0.0666793 0.0607032 0.0542111 0.0476199 0.041365 0.0357803 0.0311738 0.0277543 0.0255687 0.0246251 0.0247433 0.0257234 0.0273475 0.0293559 0.031562 0.0337413 0.0357401 0.0374326 0.0387903 0.039808 0.0405006 0.0409071 0.0410366 0.0409687 0.0407489 0.0404395 0.0400223 0.0395484 0.0390315 0.0384905 0.0379779 0.0374334 0.0368768 0.0363258 0.0358063 0.0352759 0.0347767 0.0342718 0.033774 0.0333057 0.032837 0.0323774 0.0319263 0.0315118 0.0310802 0.0306562 0.0302319 0.0298623 0.0294749 0.029077 0.0286954 0.0283504 0.027998 0.0276446 0.0273097 0.0269835 0.0266798 0.0263691 0.0260777 0.0257933 0.0255366 0.0252654 0.0250294 0.0247922 0.0245777 0.0243604 0.0241774 0.0239851 0.0238227 0.023662 0.0235244 0.0233858 0.0232786 0.0231681 0.02308 0.0230003 0.0229425 0.0228828 0.0228508 0.0228255 0.0228155 0.0228121 0.022836 0.0228601 0.0229032 0.0229579 0.0230336 0.0231081 0.0232103 0.0233188 0.0234454 0.0235763 0.0237373 0.0238947 0.024079 0.0242683 0.0244819 0.0246929 0.0249404 0.0251803 0.0254483 0.025722 0.026024 0.0263137 0.0266444 0.026976 0.027327 0.0276773 0.0280596 0.0284472 0.0288578 0.0292622 0.0296824 0.0301405 0.0306045 0.0310594 0.0315291 0.0320471 0.0325575 0.0330853 0.0336132 0.0341874 0.0347607 0.0353547 0.0359707 0.0366323 0.0372845 0.0379616 0.0386915 0.0394415 0.0402376 0.0410503 0.041892 0.042774 0.0437393 0.0447182 0.0457506 0.0468449 0.0480173 0.0492925 0.0506609 0.0521686 0.0538422 0.0557607 0.0579187 0.0603441 0.0630409 0.0660159 0.0692288 0.0725777 0.0759078 0.0789823 0.0816224 0.0835453 0.0845249 0.0843403 0.0827799 0.0798084 0.0754385 0.0698329 0.063264 0.0560524 0.0486008 0.041337 0.0346547 0.0289192 0.0243973 0.0212231 0.0194583 0.019018 0.0197521 0.0214552 0.0238549 0.0267038 0.0297322 0.0327114 0.0354594 0.0378195 0.0396981 0.0410266 0.0417652 0.0418989 
0 0.00659652 0.0132655 0.0200373 0.0269688 0.0340247 0.0411663 0.0482826 0.0551952 0.0617139 0.0675615 0.0724924 0.0762358 0.0785587 0.0793027 0.0783584 0.0757596 0.0716229 0.0662051 0.0598553 0.0529718 0.0459913 0.0393153 0.03331 0.0282716 0.0244129 0.0218218 0.0204935 0.020283 0.0210002 0.0224288 0.024313 0.0264688 0.0286497 0.0306939 0.0324835 0.0339406 0.0350847 0.0359048 0.0364198 0.0366606 0.0366851 0.0365428 0.0363069 0.0359752 0.0355738 0.035141 0.0346753 0.0342207 0.0337496 0.0332787 0.0328173 0.0323751 0.0319353 0.0315087 0.0310788 0.0306689 0.0302902 0.0298978 0.0295216 0.0291512 0.0287881 0.0284343 0.0281064 0.0277589 0.0274262 0.0271024 0.0267891 0.0264863 0.0261842 0.0258817 0.0256025 0.0253361 0.0250563 0.0248025 0.0245566 0.024317 0.024083 0.0238729 0.023656 0.0234639 0.023273 0.0230964 0.0229287 0.0227808 0.022624 0.0224965 0.0223774 0.0222605 0.0221526 0.0220766 0.0219905 0.0219151 0.0218645 0.0218238 0.0217736 0.021754 0.0217479 0.0217373 0.0217386 0.0217711 0.0217964 0.0218285 0.0218871 0.0219573 0.0220175 0.022107 0.0222118 0.0223143 0.0224259 0.0225708 0.0227088 0.0228578 0.0230275 0.0232128 0.0233913 0.0236006 0.0238143 0.0240411 0.024277 0.024535 0.0247901 0.0250753 0.0253592 0.0256584 0.0259746 0.0263086 0.0266321 0.0269881 0.0273586 0.0277318 0.0281162 0.0285152 0.0289281 0.0293633 0.0298045 0.0302388 0.0307142 0.0311989 0.0316989 0.0322124 0.032745 0.0332854 0.0338764 0.034478 0.0351002 0.0357579 0.0364456 0.037174 0.0379349 0.0387362 0.0395902 0.0405089 0.0414577 0.0424817 0.0435735 0.0447741 0.0461006 0.0475419 0.0491483 0.0509672 0.0530461 0.0554144 0.0580909 0.0610514 0.0643198 0.0678151 0.071428 0.0749954 0.0782733 0.0810669 0.0831112 0.0841727 0.0840274 0.0825016 0.079538 0.0751903 0.0696297 0.0631229 0.0560168 0.0486908 0.0415815 0.0350821 0.0295597 0.025289 0.0224122 0.0209925 0.0209392 0.0221187 0.0243018 0.0272254 0.0306334 0.0342288 0.0377969 0.0411115 0.0440179 0.0464109 0.0481882 0.0493335 0.0497945 
0 0.00661358 0.0133054 0.0200957 0.0270514 0.0341256 0.0412727 0.0483799 0.0552504 0.061695 0.0674295 0.0722061 0.0757606 0.077862 0.0783584 0.0771453 0.0742643 0.0698323 0.0641206 0.0574704 0.0502762 0.0429848 0.0359678 0.0296156 0.0242172 0.019986 0.0170484 0.0153829 0.0148845 0.0153693 0.0166279 0.0184212 0.0205565 0.0227904 0.0249405 0.0268916 0.0285223 0.0298532 0.0308578 0.0315435 0.0319627 0.0321483 0.0321587 0.0320496 0.0318438 0.0315552 0.0312377 0.0308881 0.030536 0.0301784 0.0298135 0.0294588 0.0291029 0.0287645 0.0284354 0.0281084 0.027789 0.0274853 0.027171 0.0268778 0.0265975 0.0263002 0.0260176 0.0257507 0.0254781 0.025208 0.024952 0.0246956 0.0244549 0.0242092 0.0239659 0.0237482 0.0235345 0.0233071 0.0231035 0.022918 0.0227234 0.0225399 0.022371 0.0222091 0.0220556 0.0219092 0.0217668 0.021648 0.0215301 0.0214089 0.0213124 0.0212321 0.0211347 0.0210568 0.0210069 0.0209449 0.0208824 0.0208572 0.0208314 0.0207928 0.0207836 0.0207934 0.0207842 0.020791 0.0208289 0.020856 0.0208804 0.0209412 0.0210052 0.021055 0.0211325 0.0212325 0.021314 0.0214096 0.0215375 0.0216587 0.0217758 0.0219276 0.0220854 0.0222365 0.0224078 0.0225992 0.0227869 0.0229891 0.0232035 0.0234287 0.0236679 0.0239131 0.0241627 0.0244416 0.0247263 0.025005 0.0253109 0.0256348 0.0259547 0.0262894 0.0266438 0.0270005 0.0273787 0.0277603 0.0281526 0.0285716 0.0289987 0.0294222 0.0298821 0.0303595 0.0308412 0.0313541 0.0318844 0.0324383 0.0330248 0.0336477 0.0342997 0.0349944 0.0357236 0.0365169 0.0373663 0.038273 0.0392658 0.0403348 0.0415262 0.0428583 0.0443421 0.0460205 0.0479604 0.0501751 0.0527176 0.0555928 0.0587672 0.0622638 0.0659754 0.069787 0.0735144 0.0769209 0.0797839 0.0818647 0.0829298 0.0827623 0.0812329 0.0782672 0.0739563 0.0684715 0.0620739 0.055125 0.0479859 0.0410959 0.0348465 0.0296059 0.0256477 0.0231275 0.0221045 0.0224858 0.0241508 0.0268521 0.0303395 0.0343462 0.0385581 0.0427652 0.0467037 0.0502162 0.0531797 0.0554653 0.0570676 0.0579074 
0 0.0064911 0.0130509 0.0197288 0.026556 0.0335074 0.0405217 0.047473 0.0541739 0.0604151 0.0659248 0.0704475 0.0737362 0.0755502 0.0757596 0.0742643 0.0710931 0.0664164 0.060449 0.0535741 0.0461757 0.0386475 0.0314264 0.0248195 0.0191555 0.0146567 0.0114171 0.00948379 0.00873962 0.00903107 0.0101623 0.0119143 0.0140598 0.0163867 0.0187035 0.0208389 0.0227332 0.0243118 0.025565 0.0265115 0.0271639 0.0275713 0.0277879 0.0278655 0.0278101 0.027701 0.02753 0.027312 0.0270938 0.0268558 0.0266106 0.0263719 0.0261366 0.0258776 0.0256541 0.0254304 0.0251973 0.0249646 0.0247412 0.0245292 0.0243085 0.0240935 0.023877 0.023672 0.0234551 0.0232639 0.0230596 0.0228588 0.0226704 0.0224889 0.0222975 0.0221275 0.0219648 0.0217878 0.0216336 0.0214885 0.0213454 0.021198 0.0210746 0.0209486 0.0208408 0.0207205 0.0206203 0.0205307 0.0204491 0.0203495 0.0202886 0.0202297 0.0201604 0.0201001 0.0200767 0.0200291 0.0199871 0.0199741 0.0199656 0.0199352 0.0199389 0.0199544 0.019954 0.0199627 0.0200061 0.0200314 0.0200574 0.0201132 0.0201755 0.0202156 0.0202885 0.0203759 0.0204488 0.0205266 0.0206448 0.0207449 0.0208467 0.0209732 0.0211169 0.0212371 0.0213874 0.0215479 0.0217151 0.0218771 0.0220675 0.0222561 0.0224646 0.0226663 0.022889 0.0231234 0.0233668 0.023604 0.0238761 0.0241525 0.0244185 0.0247122 0.0250285 0.0253383 0.0256468 0.025991 0.0263382 0.0267027 0.0270613 0.0274453 0.0278405 0.0282575 0.0286846 0.029132 0.0295876 0.0300789 0.0306114 0.0311419 0.0317227 0.0323492 0.0330141 0.0337233 0.0345145 0.0353551 0.036287 0.0373344 0.03849 0.0398118 0.0413194 0.0430568 0.0450602 0.0473975 0.0500689 0.0530912 0.0564631 0.0601164 0.0639873 0.0679222 0.0717271 0.0751708 0.0780377 0.0800742 0.0810689 0.0808467 0.0792402 0.0762661 0.071977 0.0665592 0.060316 0.0535399 0.0466454 0.040028 0.0340759 0.0291708 0.0255636 0.0234291 0.0228212 0.0236647 0.0258177 0.0290627 0.0331279 0.0377373 0.042602 0.0474439 0.0520406 0.0561856 0.0597329 0.0625873 0.0646613 0.0659314 
0 0.00623176 0.0125332 0.018957 0.0255265 0.0322232 0.0389711 0.0456408 0.0520515 0.0579696 0.0631497 0.0673302 0.0702601 0.0717466 0.0716229 0.0698323 0.0664164 0.0615021 0.0553741 0.0483485 0.0408164 0.0331955 0.0258286 0.0190958 0.0132724 0.00856833 0.00514039 0.0029851 0.0020517 0.00220205 0.0032498 0.00498515 0.00719812 0.00965848 0.0121594 0.0145743 0.0167468 0.0186403 0.0202181 0.0214577 0.0224102 0.0230989 0.0235662 0.0238507 0.0240261 0.0240909 0.024101 0.0240641 0.0239697 0.0238657 0.0237588 0.0236489 0.0235041 0.0233753 0.0232309 0.0230896 0.0229472 0.0227987 0.0226403 0.0224952 0.0223598 0.0221801 0.0220206 0.0218824 0.0217518 0.0215722 0.0214139 0.0212789 0.021159 0.0210006 0.0208487 0.0207315 0.0206172 0.0204832 0.0203545 0.0202584 0.0201502 0.0200479 0.0199422 0.0198665 0.0197783 0.0197004 0.0196165 0.0195689 0.0194987 0.0194392 0.0193884 0.0193616 0.0193033 0.0192738 0.0192539 0.0192335 0.0191993 0.0192048 0.0191983 0.0191897 0.0191929 0.0192194 0.0192206 0.0192418 0.0192769 0.0193109 0.0193332 0.0193916 0.0194413 0.0194882 0.0195468 0.0196315 0.0196888 0.0197675 0.0198606 0.0199583 0.0200366 0.0201568 0.0202701 0.0203858 0.0205008 0.0206537 0.0207856 0.0209338 0.0210842 0.0212652 0.0214296 0.0216083 0.0217926 0.0220114 0.0222123 0.0224146 0.0226426 0.0228988 0.0231395 0.0233715 0.0236397 0.0239284 0.0242211 0.0244866 0.0247923 0.025119 0.0254531 0.025764 0.0261247 0.0264938 0.026861 0.0272419 0.0276624 0.0280999 0.0285438 0.0290264 0.0295256 0.0300821 0.0306832 0.0313373 0.0320254 0.0328134 0.0336969 0.0346813 0.0358194 0.0371225 0.0386404 0.0404145 0.0425017 0.0449078 0.0477 0.0508609 0.054354 0.0581483 0.0621063 0.0660913 0.0699027 0.0733168 0.076091 0.0780201 0.0788859 0.078515 0.0768353 0.0737968 0.0695264 0.0642101 0.0580993 0.0515556 0.0449207 0.0385986 0.0329858 0.0284189 0.0251813 0.0234358 0.0232322 0.0245183 0.027148 0.0308998 0.0355219 0.0407209 0.046199 0.0516888 0.0569202 0.0616952 0.0658473 0.0692433 0.0718231 0.0735163 
0 0.00586114 0.0117891 0.0178484 0.0240473 0.0303762 0.0367473 0.0430307 0.0490417 0.0545461 0.0593086 0.0630612 0.0655875 0.0666793 0.0662051 0.0641206 0.060449 0.0553741 0.0491197 0.0420303 0.0344792 0.0268186 0.0194453 0.0126605 0.00676072 0.00196402 -0.00160621 -0.00390326 -0.0049711 -0.00492429 -0.00393208 -0.00216588 0.00012068 0.00274598 0.00549663 0.00818889 0.0107256 0.0129714 0.0149016 0.0164992 0.0177906 0.0187993 0.0195686 0.0201265 0.0205169 0.02081 0.0210081 0.0211427 0.0212114 0.0212609 0.0212817 0.0212848 0.0212602 0.0212035 0.0211558 0.0211148 0.0210506 0.0209446 0.0208598 0.0207715 0.020682 0.0205772 0.0204712 0.0203578 0.0202537 0.0201503 0.0200422 0.0199364 0.0198283 0.0197292 0.0196264 0.019537 0.0194424 0.0193535 0.0192605 0.0191912 0.0191149 0.0190393 0.0189655 0.0189145 0.0188551 0.0187962 0.0187451 0.0187104 0.0186669 0.0186255 0.0185982 0.0185771 0.018548 0.0185278 0.0185218 0.01851 0.0184995 0.0185026 0.0185099 0.01851 0.0185243 0.0185444 0.0185619 0.0185832 0.0186198 0.0186504 0.0186853 0.0187317 0.0187823 0.0188267 0.018887 0.0189532 0.0190153 0.0190835 0.0191683 0.0192493 0.0193299 0.0194272 0.0195314 0.0196308 0.0197366 0.0198626 0.0199863 0.0201105 0.0202447 0.0204002 0.0205463 0.0207013 0.020868 0.0210517 0.0212242 0.0214182 0.0216196 0.0218296 0.022034 0.0222669 0.0225087 0.0227506 0.0229853 0.0232507 0.0235391 0.023818 0.0240959 0.0243892 0.0247081 0.0250374 0.025383 0.0257094 0.0260687 0.0264619 0.0268746 0.0272861 0.0277402 0.0282369 0.0287708 0.0293514 0.0299886 0.0307232 0.031552 0.0325148 0.0336062 0.0348946 0.0364322 0.038258 0.0404034 0.04291 0.045796 0.0490507 0.0526713 0.0565288 0.0605396 0.064526 0.0682757 0.0715903 0.0742194 0.0759626 0.0766341 0.0761021 0.0742784 0.0711961 0.0669391 0.0617063 0.0557786 0.0494432 0.0430962 0.0370867 0.0318003 0.0275849 0.0246889 0.0233033 0.0234648 0.0251409 0.0281835 0.0323868 0.0374985 0.0432179 0.0492649 0.0553282 0.061158 0.0665207 0.0712269 0.0751596 0.0781998 0.0803099 
0 0.00541042 0.0108845 0.0165002 0.0222478 0.0281288 0.0340445 0.0398577 0.0453962 0.0504097 0.0546866 0.0579611 0.0600257 0.0607032 0.0598553 0.0574704 0.0535741 0.0483485 0.0420303 0.0349301 0.0274158 0.0198162 0.012502 0.00576412 -0.000124124 -0.00495129 -0.00859558 -0.0109935 -0.0121669 -0.0121952 -0.0112245 -0.00941929 -0.00701956 -0.00421388 -0.00121334 0.0017978 0.00470289 0.00734311 0.00968296 0.0116817 0.0133534 0.0147269 0.0158163 0.0166595 0.0173168 0.0178451 0.0182569 0.0185847 0.0188058 0.0189862 0.0191385 0.0192562 0.0193375 0.0193772 0.0194018 0.0194192 0.0194182 0.0193796 0.0193526 0.0193119 0.0192664 0.0191973 0.0191225 0.0190626 0.0190106 0.018925 0.0188344 0.0187744 0.0187094 0.018636 0.0185548 0.0184911 0.0184315 0.0183751 0.0183014 0.018253 0.0182062 0.018155 0.0181024 0.0180721 0.0180309 0.0179941 0.0179645 0.017941 0.0179134 0.017895 0.0178781 0.0178645 0.0178555 0.0178487 0.0178445 0.0178459 0.0178509 0.0178551 0.017867 0.0178817 0.0178991 0.0179175 0.0179448 0.0179723 0.0180034 0.0180371 0.0180795 0.0181203 0.0181662 0.018217 0.0182738 0.0183291 0.0183925 0.0184607 0.0185313 0.0186061 0.0186873 0.0187718 0.0188618 0.0189583 0.0190542 0.0191626 0.0192759 0.0193891 0.0195075 0.0196487 0.0197776 0.0199136 0.0200678 0.0202351 0.0203838 0.0205555 0.0207387 0.0209356 0.021123 0.0213187 0.0215308 0.021772 0.0219932 0.0222151 0.0224704 0.0227354 0.0229952 0.0232644 0.023554 0.0238488 0.0241589 0.0244607 0.0248031 0.0251647 0.0255301 0.0259016 0.0263172 0.026774 0.02728 0.0278192 0.0284033 0.0290994 0.0298975 0.0308353 0.0319265 0.0332271 0.0347931 0.0366768 0.0388896 0.0414788 0.0444648 0.0478228 0.0515333 0.055448 0.0594604 0.0633891 0.0670323 0.0701906 0.0726274 0.0741525 0.0746007 0.0738693 0.0719011 0.0687478 0.0645019 0.0593701 0.0536129 0.0475179 0.0414561 0.0357551 0.0307958 0.0268904 0.0242994 0.0232098 0.0236599 0.0256433 0.0290055 0.0335615 0.0390611 0.0452002 0.0517067 0.058251 0.0645805 0.0704448 0.0756374 0.080032 0.0834892 0.0859669 
