0 0 0 0 0 0 0 0 0 0 0 0 0 0 0 0 0 0 0 0 0 0 0 0 0 0 0 0 0 0 0 0 0 0 0 0 0 0 0 0 0 0 0 0 0 0 0 0 0 0 0 0 0 0 0 0 0 0 0 0 0 0 0 0 0 0 0 0 0 0 0 0 0 0 0 0 0 0 0 0 0 0 0 0 0 0 0 0 0 0 0 0 0 0 0 0 0 0 0 0 0 0 0 0 0 0 0 0 0 0 0 0 0 0 0 0 0 0 0 0 0 0 0 0 0 0 0 0 0 0 0 0 0 0 0 0 0 0 0 0 0 0 0 0 0 0 0 0 0 0 0 0 0 0 0 0 0 0 0 0 0 0 0 0 0 0 0 0 0 0 0 0 0 0 0 0 0 0 0 0 0 0 0 0 0 0 0 0 0 0 0 0 0 0 0 0 0 0 0 0 
0 0.000564222 0.00114547 0.00172928 0.00233944 0.0029688 0.00360742 0.00426524 0.00490207 0.00551056 0.00606181 0.00650965 0.00685395 0.0070505 0.00710069 0.00701173 0.00677443 0.00643514 0.00601187 0.00555152 0.00511429 0.00474135 0.00447736 0.00435381 0.0043702 0.00452033 0.00480687 0.00517889 0.00563678 0.0061319 0.00661379 0.00708906 0.00750428 0.00788604 0.00822179 0.00850565 0.00874231 0.0089313 0.0090932 0.00921777 0.0093319 0.00940475 0.00945888 0.00949771 0.00952415 0.00952899 0.00951003 0.00948099 0.00942163 0.00938044 0.00930943 0.00921873 0.00912153 0.00902186 0.00890275 0.00878171 0.00865851 0.00851401 0.00838519 0.00823558 0.00808549 0.0079296 0.00779347 0.0076395 0.00747868 0.00731451 0.00717608 0.00703338 0.00686596 0.00671407 0.00657557 0.00643571 0.00628054 0.00614675 0.00600632 0.00587975 0.00574089 0.00561737 0.00549264 0.00538038 0.00525326 0.00515 0.00504579 0.00494131 0.00483877 0.00475859 0.00466757 0.0045816 0.00451088 0.00444483 0.00437305 0.00431665 0.00427005 0.00421908 0.00417755 0.0041484 0.00412099 0.00409466 0.00408496 0.00407737 0.0040725 0.00407707 0.0040938 0.00410657 0.00413003 0.00416499 0.00420142 0.00423891 0.00429362 0.00435172 0.00440597 0.00447573 0.004555 0.00462943 0.00470865 0.0048095 0.00490066 0.004997 0.00510428 0.00522268 0.00532591 0.0054507 0.00557405 0.0057065 0.00582888 0.00596961 0.00610647 0.00625958 0.00639077 0.00653811 0.00669873 0.00686092 0.00699807 0.00715423 0.00732615 0.00748922 0.00764429 0.00779645 0.00796962 0.00813012 0.00828746 0.00843974 0.00861016 0.00874784 0.00889571 0.00904148 0.00917933 0.00931104 0.00943451 0.00953859 0.00963706 0.009749 0.00982409 0.00989661 0.00994943 0.0100004 0.0100337 0.010057 0.0100641 0.0100564 0.0100558 0.0100355 0.0100124 0.00998035 0.00996868 0.00996317 0.00998759 0.0100261 0.0100665 0.0101428 0.0102029 0.0102587 0.0102669 0.0101833 0.0099991 0.00967849 0.00920959 0.00858979 0.00782404 0.00692593 0.00595624 0.00494497 0.00395514 0.00304303 0.00221904 0.00154159 0.00100106 0.000608034 0.000370809 0.000245867 0.000236302 0.000296273 0.000394594 0.000519153 0.000625556 0.000715083 0.000770541 0.000777618 0.000750111 0.000667901 
0 0.00114547 0.00228655 0.00348793 0.00469436 0.0059638 0.00726484 0.00856036 0.00986503 0.0110689 0.0121661 0.0130764 0.0137363 0.0141449 0.0142381 0.0140537 0.0135945 0.0129058 0.0120632 0.0111411 0.0102588 0.00949912 0.00897058 0.00870019 0.00871789 0.0090168 0.00954015 0.0102833 0.0111577 0.0121048 0.0130662 0.0139687 0.0147942 0.015543 0.0161919 0.0167361 0.0171978 0.0175463 0.0178451 0.0181068 0.0182936 0.018446 0.0185407 0.0185868 0.0186245 0.0186279 0.0185778 0.0185074 0.0184143 0.01829 0.018146 0.0179662 0.0177683 0.0175662 0.0173527 0.01711 0.0168332 0.0165722 0.0163167 0.0160297 0.0157325 0.01545 0.0151472 0.0148432 0.0145573 0.0142567 0.0139543 0.0136549 0.0133607 0.0130721 0.0127943 0.0124978 0.0122184 0.011952 0.0116875 0.0114216 0.0111664 0.0109168 0.0106844 0.0104534 0.0102167 0.0100083 0.0098111 0.00960385 0.00940883 0.00924927 0.00907423 0.00890865 0.0087691 0.00864269 0.00850186 0.00839606 0.00830013 0.00820753 0.00812178 0.00807047 0.00801112 0.0079679 0.00794138 0.00793363 0.00791795 0.007934 0.00795844 0.00799113 0.00803027 0.00810363 0.00816839 0.00824798 0.00834807 0.00846487 0.0085677 0.00870602 0.00885652 0.00900331 0.00915782 0.00935126 0.00953144 0.00971618 0.00992828 0.010152 0.0103636 0.0105968 0.0108437 0.0110906 0.0113481 0.0116104 0.0118805 0.0121605 0.0124475 0.0127319 0.013033 0.0133235 0.0136285 0.0139491 0.0142589 0.0145527 0.0148767 0.0151995 0.0155126 0.0158313 0.0161348 0.0164331 0.0167494 0.017061 0.0173386 0.0176099 0.0178834 0.0181525 0.0183898 0.0186097 0.0188323 0.0190233 0.0191912 0.0193409 0.0194572 0.0195679 0.0196703 0.0197143 0.0197336 0.0197523 0.0197376 0.0197322 0.0197087 0.0196645 0.0196566 0.0196746 0.0197256 0.0198173 0.0199411 0.0200858 0.020256 0.020381 0.0204036 0.0202715 0.0199007 0.0192805 0.0183619 0.0171405 0.0156259 0.0138619 0.0119331 0.00992665 0.007976 0.00613993 0.00452716 0.00317477 0.00209793 0.00134861 0.000853864 0.000632321 0.000610543 0.000714668 0.000934656 0.00115163 0.00137783 0.00155606 0.00165011 0.00169309 0.00161526 0.00146516 
0 0.00172928 0.00348793 0.00527474 0.00712497 0.00903236 0.010974 0.0129487 0.0148747 0.0166999 0.0183459 0.0196961 0.0207131 0.0213049 0.0214532 0.0211757 0.0204702 0.0194412 0.0181663 0.0167768 0.0154418 0.0142922 0.0134576 0.0130234 0.0130015 0.0133783 0.0141366 0.0151692 0.0164357 0.0178128 0.0191748 0.0204946 0.0216673 0.0227284 0.0236526 0.0244275 0.0250627 0.0255611 0.0259736 0.0262923 0.0265589 0.0267285 0.0268371 0.0268995 0.0269284 0.0269015 0.0268126 0.0266901 0.0265055 0.0263407 0.0261144 0.0258382 0.0255423 0.025238 0.0248947 0.0245383 0.0241691 0.0237653 0.0233865 0.0229654 0.0225387 0.0221056 0.0217047 0.0212731 0.0208284 0.0203777 0.0199754 0.0195671 0.0191151 0.0186924 0.0182992 0.0179022 0.0174824 0.0171029 0.0167173 0.016357 0.0159793 0.0156316 0.0152897 0.0149705 0.0146284 0.0143358 0.0140478 0.0137592 0.0134808 0.0132507 0.0130033 0.0127689 0.0125706 0.0123861 0.0121934 0.012037 0.0119043 0.0117683 0.0116544 0.0115719 0.0114959 0.0114286 0.0113976 0.0113777 0.0113661 0.0113804 0.0114218 0.0114621 0.011527 0.0116216 0.0117218 0.0118308 0.0119779 0.0121373 0.0122923 0.0124844 0.0126996 0.0129088 0.0131325 0.0134041 0.0136607 0.0139294 0.0142272 0.0145492 0.014846 0.0151864 0.0155325 0.0158954 0.0162454 0.0166316 0.0170174 0.0174326 0.0178135 0.0182258 0.0186682 0.0191112 0.0195134 0.0199549 0.0204265 0.0208795 0.0213217 0.0217626 0.0222401 0.0226964 0.0231434 0.023583 0.0240555 0.0244703 0.0248941 0.0253135 0.025719 0.0261101 0.0264761 0.0268013 0.0271162 0.0274457 0.0277016 0.0279405 0.0281361 0.0283215 0.0284695 0.028582 0.0286541 0.028697 0.0287445 0.0287565 0.028758 0.0287459 0.028784 0.0288562 0.0290024 0.0291959 0.029414 0.0297057 0.0299744 0.0302057 0.0302891 0.0301101 0.0296145 0.0287179 0.0273792 0.025589 0.023363 0.0207567 0.0179215 0.0149705 0.01208 0.00939831 0.00699767 0.00500598 0.00342635 0.00228737 0.0015866 0.00123801 0.00121106 0.00139148 0.00169405 0.00205601 0.0023819 0.00264799 0.00281197 0.00284406 0.00275305 0.00251275 
0 0.00233944 0.00469436 0.00712497 0.00960496 0.0121706 0.0147913 0.0174177 0.0200084 0.0224328 0.0246135 0.0264177 0.0277434 0.028533 0.0287212 0.0283364 0.0274026 0.026016 0.024309 0.022445 0.0206375 0.0190649 0.0179087 0.0172559 0.0171496 0.017577 0.0184681 0.0197581 0.0213232 0.0230344 0.0247637 0.026405 0.0278948 0.0292265 0.0303733 0.0313237 0.0320975 0.0326848 0.0331579 0.0335378 0.03381 0.0339939 0.0340849 0.0341048 0.0340882 0.0340134 0.0338611 0.033664 0.0334234 0.033151 0.0328345 0.0324641 0.0320675 0.031659 0.0312283 0.0307607 0.0302573 0.0297565 0.0292653 0.0287372 0.0281945 0.027662 0.0271226 0.0265767 0.0260382 0.0254924 0.0249572 0.0244247 0.0238868 0.0233664 0.0228635 0.0223488 0.0218439 0.0213641 0.0208908 0.0204249 0.0199672 0.0195268 0.0191091 0.0186996 0.0182876 0.0179148 0.01756 0.0171999 0.0168613 0.0165663 0.0162644 0.0159767 0.0157279 0.0154976 0.0152639 0.0150705 0.014901 0.0147387 0.0145969 0.0144946 0.0143984 0.0143224 0.0142779 0.0142566 0.0142419 0.0142635 0.0143081 0.014365 0.0144435 0.0145607 0.0146829 0.0148248 0.0150019 0.0151995 0.0153959 0.015634 0.0158969 0.0161597 0.0164423 0.0167714 0.0170957 0.01743 0.0178027 0.0181946 0.0185784 0.0189928 0.0194294 0.0198736 0.0203277 0.0207996 0.021285 0.0217882 0.022293 0.0228087 0.0233481 0.0238845 0.0244248 0.0249914 0.025559 0.0261135 0.0266877 0.0272681 0.0278505 0.0284316 0.0289963 0.0295596 0.0301461 0.0307135 0.031251 0.0317805 0.0323102 0.0328269 0.0333074 0.0337576 0.0342031 0.0346209 0.0349938 0.0353333 0.0356309 0.0359145 0.0361696 0.0363576 0.0365018 0.0366314 0.0367346 0.0368331 0.0369125 0.0369818 0.0371095 0.0372967 0.0375606 0.037898 0.0382952 0.0387444 0.0392058 0.0395821 0.0397529 0.039597 0.0389907 0.0378691 0.0361611 0.0338526 0.0309693 0.0275973 0.0239021 0.0200611 0.0163006 0.0127833 0.00967039 0.00706497 0.00500953 0.00355146 0.00262953 0.00220644 0.00217783 0.00241682 0.00283947 0.00330178 0.00374977 0.0041048 0.00431506 0.00438144 0.00424894 0.00394399 
0 0.0029688 0.0059638 0.00903236 0.0121706 0.0153979 0.0186884 0.0219822 0.0252092 0.0282367 0.030943 0.0331815 0.0348244 0.0357884 0.0360118 0.0355082 0.0343249 0.0325727 0.0304179 0.0280663 0.0257671 0.0237507 0.022222 0.0213037 0.0210464 0.0214381 0.022407 0.0238599 0.025656 0.0276361 0.0296435 0.0315502 0.0332819 0.034812 0.0361211 0.0371971 0.0380503 0.0386949 0.0391866 0.0395579 0.0398083 0.0399504 0.0399904 0.0399561 0.03987 0.039717 0.0394865 0.0391975 0.0388661 0.0385018 0.0380924 0.0376274 0.0371327 0.0366217 0.0360876 0.0355223 0.0349288 0.0343322 0.0337358 0.0331146 0.0324779 0.0318509 0.0312261 0.0305951 0.029959 0.029326 0.0287117 0.0281005 0.0274807 0.0268769 0.0262961 0.0257131 0.0251365 0.0245804 0.02404 0.0235088 0.0229879 0.022485 0.0220066 0.0215378 0.0210766 0.0206479 0.0202404 0.0198355 0.0194551 0.0191106 0.0187721 0.01845 0.0181643 0.0178992 0.0176428 0.0174207 0.017226 0.017045 0.0168884 0.0167667 0.016661 0.0165778 0.0165265 0.0164999 0.0164896 0.0165125 0.0165617 0.0166288 0.0167219 0.0168493 0.0169913 0.0171561 0.0173554 0.0175762 0.0178081 0.0180764 0.0183715 0.0186745 0.019002 0.0193677 0.0197407 0.0201272 0.0205497 0.0209921 0.0214379 0.02191 0.0224084 0.0229165 0.0234369 0.0239776 0.0245388 0.0251124 0.0256907 0.0262865 0.0269089 0.0275303 0.0281524 0.0287997 0.0294615 0.0301171 0.030778 0.0314502 0.0321323 0.0328139 0.0334832 0.0341569 0.0348428 0.0355138 0.0361634 0.0368098 0.0374544 0.0380837 0.038679 0.0392453 0.0398052 0.040343 0.0408385 0.0412919 0.0417096 0.0421052 0.0424685 0.0427737 0.0430344 0.0432761 0.0434996 0.0437138 0.0439139 0.0441245 0.0443994 0.0447602 0.0452178 0.045765 0.0463894 0.0470703 0.0477528 0.0483229 0.0486356 0.0485372 0.0478876 0.0465899 0.044568 0.0418024 0.0383279 0.0342597 0.0297891 0.0251459 0.0205879 0.0163287 0.0125568 0.00939765 0.00691932 0.00515551 0.00405927 0.00356571 0.00355275 0.00387868 0.00441421 0.00501281 0.00558404 0.00603846 0.00631931 0.00640407 0.00625355 0.00587523 
0 0.00360742 0.00726484 0.010974 0.0147913 0.0186884 0.0226451 0.0266095 0.0304514 0.0340687 0.0372774 0.0399196 0.0418618 0.0429706 0.0432118 0.0425729 0.0411222 0.0389935 0.0363756 0.0335202 0.030705 0.0282152 0.0262647 0.0250268 0.0245518 0.0248253 0.0257976 0.0273162 0.029254 0.0314157 0.0336107 0.035716 0.0376225 0.0392915 0.0407068 0.0418572 0.0427359 0.0433966 0.043868 0.044183 0.0443843 0.0444457 0.0444045 0.0442894 0.044105 0.0438495 0.0435281 0.0431414 0.0427045 0.0422484 0.0417391 0.0411832 0.0405992 0.0400002 0.039372 0.0387227 0.0380633 0.0373843 0.0367056 0.0360171 0.0353178 0.0346128 0.0339322 0.0332438 0.0325402 0.0318483 0.0311837 0.030522 0.0298483 0.0291936 0.0285604 0.0279412 0.0273169 0.0267164 0.0261327 0.0255669 0.0250054 0.0244701 0.0239513 0.0234505 0.0229631 0.0225025 0.0220606 0.0216358 0.0212336 0.0208567 0.0205004 0.0201629 0.0198552 0.0195686 0.0193062 0.0190663 0.0188579 0.0186678 0.0185077 0.0183709 0.0182641 0.0181773 0.018124 0.0180915 0.0180897 0.0181105 0.0181637 0.0182361 0.0183417 0.0184697 0.0186265 0.0188048 0.0190165 0.0192471 0.0195053 0.0197883 0.0200995 0.0204279 0.0207845 0.0211662 0.0215683 0.0219902 0.0224385 0.0229098 0.0233946 0.0239033 0.0244345 0.0249861 0.0255441 0.0261298 0.0267355 0.0273575 0.0279784 0.0286284 0.0292998 0.0299825 0.0306569 0.0313551 0.0320808 0.0328098 0.0335277 0.0342627 0.0350232 0.035772 0.0365202 0.0372787 0.0380451 0.0387913 0.0395396 0.0402844 0.0410233 0.0417495 0.0424552 0.0431354 0.0438006 0.0444639 0.0450797 0.045657 0.0462106 0.0467389 0.0472266 0.0476798 0.0480896 0.0484693 0.0488594 0.0492271 0.049599 0.0500085 0.0504863 0.0510736 0.0517834 0.0525989 0.0535045 0.0544847 0.0554348 0.0562517 0.0567578 0.0567599 0.056126 0.0547066 0.0524356 0.0492863 0.0453041 0.0406291 0.0354805 0.0301333 0.0248655 0.0199584 0.015601 0.0119623 0.00912935 0.00710696 0.00589287 0.00535957 0.00539267 0.00583432 0.00649246 0.00725348 0.00795653 0.00852448 0.0088974 0.00900665 0.00886469 0.00842589 
0 0.00426524 0.00856036 0.0129487 0.0174177 0.0219822 0.0266095 0.0311965 0.0356624 0.0398211 0.0434958 0.0465241 0.0487028 0.0499438 0.0501659 0.049362 0.0476354 0.0451054 0.0420112 0.0386366 0.0352841 0.0322763 0.0298765 0.0282466 0.0274847 0.0275851 0.028442 0.0299683 0.0319429 0.0341821 0.0365094 0.0387167 0.040748 0.0425064 0.0439767 0.0451462 0.0460269 0.0466528 0.0470608 0.0473222 0.0474123 0.0473913 0.0472521 0.0470223 0.0467208 0.046362 0.0459357 0.0454425 0.0449389 0.0443575 0.0437601 0.0431289 0.0424691 0.0417882 0.0411101 0.0403983 0.0396602 0.0389466 0.0382096 0.0374837 0.0367419 0.0360205 0.0352749 0.0345507 0.0338361 0.0331422 0.0324246 0.0317197 0.0310542 0.0303884 0.029727 0.0290735 0.0284555 0.0278335 0.0272453 0.0266492 0.0260928 0.0255395 0.0250178 0.0244949 0.0240176 0.0235382 0.0230915 0.0226612 0.0222625 0.0218682 0.0215141 0.0211778 0.0208631 0.0205714 0.0203136 0.0200725 0.0198564 0.0196724 0.0195111 0.0193735 0.0192643 0.019186 0.0191264 0.0190983 0.0190971 0.0191235 0.0191707 0.0192529 0.0193585 0.0194886 0.0196462 0.0198356 0.0200441 0.0202785 0.0205467 0.0208338 0.0211444 0.0214835 0.0218528 0.0222301 0.0226464 0.0230791 0.0235378 0.0240075 0.0245212 0.0250314 0.0255792 0.026135 0.0267277 0.0273167 0.0279434 0.0285664 0.0292357 0.0299041 0.0305827 0.0312713 0.032008 0.0327406 0.0334681 0.0342192 0.0349898 0.03578 0.0365548 0.0373537 0.0381485 0.0389627 0.0397637 0.0406026 0.041407 0.0422117 0.0430302 0.0438402 0.0446298 0.0454196 0.0462039 0.0469422 0.0476929 0.0483941 0.0490846 0.0497521 0.050399 0.0509981 0.0515716 0.0521414 0.0526917 0.0532722 0.0538604 0.0545093 0.0552411 0.0561128 0.0571111 0.058246 0.05951 0.0608071 0.0621043 0.0632028 0.0639304 0.0641042 0.0635113 0.0620377 0.059586 0.0561265 0.0517272 0.0465537 0.0408278 0.0348842 0.0290301 0.0235515 0.018729 0.0146901 0.0115702 0.00939022 0.00808167 0.00758366 0.00769935 0.00826996 0.00911661 0.0100343 0.0109198 0.0116338 0.0121039 0.012301 0.0121609 0.0117012 
0 0.00490207 0.00986503 0.0148747 0.0200084 0.0252092 0.0304514 0.0356624 0.0406663 0.0453388 0.049438 0.0527822 0.0551909 0.0565032 0.0566796 0.0556893 0.0536448 0.050701 0.0471133 0.0432013 0.0392934 0.035759 0.0328461 0.0307897 0.0296729 0.0294913 0.0301984 0.0316079 0.0335578 0.0358199 0.038174 0.0404544 0.0425369 0.0443284 0.045811 0.0469798 0.0478157 0.0484068 0.0487483 0.0488902 0.0488941 0.0487469 0.0485002 0.0481754 0.0477683 0.0472931 0.0467761 0.0461967 0.0455835 0.0449436 0.0442739 0.0435846 0.0428698 0.0421437 0.0413965 0.0406497 0.0399154 0.039166 0.0383979 0.037655 0.0369121 0.0361618 0.0354396 0.0347212 0.0339906 0.0332811 0.0325923 0.031912 0.0312419 0.0305738 0.0299239 0.0293046 0.0286887 0.028079 0.0274957 0.0269281 0.0263778 0.0258473 0.0253258 0.024827 0.0243627 0.0239008 0.0234561 0.0230512 0.0226639 0.022279 0.0219366 0.0216198 0.0213113 0.0210286 0.0207868 0.0205536 0.0203444 0.0201693 0.0200197 0.0198828 0.019783 0.0197086 0.0196547 0.0196249 0.0196321 0.0196552 0.0197042 0.0197844 0.0198927 0.020014 0.0201723 0.0203582 0.0205605 0.0207862 0.0210543 0.0213325 0.0216304 0.0219674 0.0223293 0.0226932 0.0230977 0.0235324 0.0239721 0.0244337 0.0249355 0.0254452 0.0259724 0.026528 0.0270989 0.0276888 0.0283049 0.0289287 0.0295688 0.0302363 0.0309179 0.031616 0.0323245 0.0330394 0.0337897 0.0345607 0.0353176 0.0360932 0.0368984 0.0377021 0.0385243 0.0393653 0.0401926 0.0410311 0.0418928 0.042759 0.04362 0.0444839 0.0453459 0.0462094 0.0470595 0.0479171 0.0487625 0.0495823 0.0504028 0.0511978 0.0519708 0.0527447 0.0535053 0.054247 0.0550246 0.0558057 0.0566355 0.057566 0.0585908 0.0597822 0.0611361 0.0626408 0.0642732 0.0659695 0.0675993 0.0690204 0.0700211 0.0703688 0.0698973 0.068408 0.0658344 0.0621457 0.0574152 0.0518379 0.0456631 0.0392488 0.032917 0.0270215 0.0218122 0.0174865 0.0141779 0.0118761 0.0105841 0.0101441 0.0104047 0.0111803 0.0122209 0.0133914 0.0144787 0.0153826 0.016024 0.0163028 0.0162433 0.015776 
0 0.00551056 0.0110689 0.0166999 0.0224328 0.0282367 0.0340687 0.0398211 0.0453388 0.0504443 0.0549017 0.058512 0.061063 0.0624117 0.0624921 0.0612837 0.0589112 0.0555414 0.0514539 0.0470001 0.0425306 0.0384315 0.0349995 0.0324584 0.0309361 0.0304392 0.0308886 0.0321379 0.0339685 0.03616 0.0384999 0.0407813 0.0428885 0.0447 0.0461803 0.0473186 0.0481221 0.0486487 0.0489123 0.0489776 0.0488702 0.0486311 0.0482895 0.0478575 0.0473435 0.0467812 0.0461819 0.0455373 0.0448811 0.0441679 0.043447 0.0427272 0.041991 0.0412425 0.0404977 0.0397471 0.039 0.0382638 0.037509 0.0367866 0.0360685 0.035356 0.0346363 0.0339369 0.0332578 0.0326023 0.0319229 0.0312566 0.0306395 0.0300205 0.029397 0.0287961 0.0282258 0.0276538 0.0271063 0.0265609 0.0260525 0.0255529 0.0250652 0.0245921 0.0241672 0.02373 0.0233152 0.0229391 0.0225831 0.022219 0.021904 0.0216133 0.0213262 0.0210633 0.0208435 0.0206295 0.0204344 0.0202766 0.0201399 0.0200153 0.0199236 0.0198601 0.01981 0.0197865 0.0197947 0.0198205 0.0198657 0.0199459 0.0200474 0.0201628 0.0203119 0.0204901 0.0206776 0.0208908 0.0211458 0.0214066 0.0216846 0.0220048 0.0223483 0.0226856 0.0230705 0.0234827 0.0238979 0.0243287 0.0248134 0.0252922 0.0257912 0.0263158 0.0268719 0.0274258 0.0280086 0.0285996 0.0292319 0.0298673 0.0305024 0.0311646 0.0318745 0.0325692 0.0332652 0.0340013 0.0347549 0.0355213 0.0362876 0.0370764 0.0378843 0.0387119 0.0395278 0.0403866 0.0412489 0.0421149 0.0429939 0.0438835 0.044784 0.0457063 0.0466203 0.0475194 0.0484496 0.0493672 0.0502946 0.0512134 0.0521272 0.053045 0.0539735 0.0549104 0.0558765 0.0568987 0.0579946 0.0592143 0.0605602 0.0620907 0.0638032 0.0656986 0.067746 0.0698347 0.0718563 0.0736121 0.0748888 0.0754623 0.0751104 0.0736621 0.0710276 0.0671802 0.0622199 0.0563489 0.0498365 0.0430662 0.0363877 0.0301659 0.0247038 0.020193 0.0167861 0.0144917 0.0132666 0.012987 0.013456 0.0144739 0.0158022 0.0172399 0.0186061 0.019758 0.0206011 0.0210611 0.0211044 0.0207044 
0 0.00606181 0.0121661 0.0183459 0.0246135 0.030943 0.0372774 0.0434958 0.049438 0.0549017 0.0596455 0.0634485 0.0660919 0.067425 0.0673683 0.0659144 0.0631873 0.0593798 0.0547922 0.0497966 0.0447717 0.0401117 0.0361404 0.0330943 0.0311233 0.0302509 0.0303986 0.0314212 0.0330873 0.0351701 0.0374476 0.0397048 0.0418045 0.0436138 0.0450831 0.0461991 0.0469786 0.0474655 0.0476773 0.0476705 0.0474795 0.0471621 0.0467497 0.0462525 0.0456767 0.0450562 0.0444077 0.0437291 0.0430414 0.0423095 0.0415816 0.0408652 0.0401394 0.0394011 0.0386685 0.0379471 0.037242 0.0365445 0.0358279 0.0351439 0.0344741 0.0338142 0.0331505 0.0325042 0.0318767 0.0312696 0.0306494 0.0300445 0.0294804 0.0289107 0.0283416 0.027797 0.0272809 0.0267605 0.02626 0.0257668 0.0253094 0.0248579 0.0244136 0.0239888 0.0236075 0.0232142 0.0228389 0.0225041 0.0221851 0.0218594 0.0215766 0.02132 0.0210632 0.0208301 0.0206344 0.0204471 0.0202733 0.0201354 0.0200151 0.019908 0.0198273 0.0197744 0.0197319 0.0197154 0.0197244 0.0197516 0.0197949 0.0198711 0.0199636 0.0200718 0.0202085 0.0203726 0.0205426 0.0207397 0.0209718 0.0212102 0.0214629 0.0217577 0.0220699 0.0223782 0.0227295 0.0231093 0.0234871 0.0238815 0.0243264 0.0247688 0.0252243 0.0257062 0.0262194 0.0267319 0.0272683 0.0278142 0.0283974 0.028986 0.0295791 0.0301947 0.0308497 0.0314943 0.0321491 0.0328415 0.0335479 0.0342612 0.0349819 0.0357333 0.0365086 0.0372979 0.0380759 0.0388995 0.0397435 0.0405984 0.0414644 0.0423473 0.0432527 0.0441865 0.0451225 0.0460574 0.0470354 0.0480199 0.0490187 0.0500189 0.0510345 0.0520804 0.0531618 0.054273 0.0554286 0.0566696 0.0580223 0.0595321 0.0612065 0.0630893 0.0651837 0.0674838 0.0699433 0.0724347 0.0748298 0.0769184 0.0784781 0.0792767 0.0790734 0.0776936 0.0750388 0.0710964 0.0659826 0.0599139 0.0531846 0.046184 0.0392899 0.0328794 0.0272779 0.0226974 0.0192908 0.0170825 0.016014 0.0159594 0.0167108 0.0180486 0.0197289 0.0215218 0.0232385 0.0247153 0.0258407 0.0265395 0.0267587 0.0264791 
0 0.00650965 0.0130764 0.0196961 0.0264177 0.0331815 0.0399196 0.0465241 0.0527822 0.058512 0.0634485 0.0673502 0.0700215 0.0712726 0.0710377 0.0693172 0.066225 0.0619866 0.0569167 0.051396 0.0458319 0.0406321 0.0361148 0.0325674 0.0301324 0.0288463 0.0286747 0.0294137 0.0308788 0.0328215 0.0349975 0.0372271 0.0393159 0.0411377 0.0426172 0.0437469 0.0445232 0.0450078 0.0452137 0.0451633 0.0449514 0.0445923 0.0441476 0.0436236 0.0430276 0.0423801 0.0417263 0.0410649 0.0403677 0.0396707 0.0389643 0.0382811 0.0375985 0.0369195 0.0362267 0.0355626 0.0349341 0.0342896 0.0336453 0.0330251 0.0324366 0.031831 0.0312502 0.0306746 0.0301194 0.029566 0.0290266 0.0284981 0.0279891 0.027484 0.026982 0.0265095 0.0260442 0.0255939 0.025143 0.0247217 0.024311 0.0239233 0.0235248 0.0231654 0.0228223 0.0224887 0.0221562 0.0218713 0.0215889 0.021315 0.0210653 0.0208472 0.020626 0.0204285 0.020258 0.0201007 0.0199541 0.0198359 0.0197354 0.0196468 0.0195811 0.0195361 0.0195059 0.0194942 0.0195062 0.0195319 0.0195767 0.0196443 0.0197289 0.0198273 0.0199515 0.0200957 0.0202488 0.0204267 0.0206304 0.0208436 0.0210688 0.021333 0.0216052 0.0218864 0.0221939 0.0225365 0.022868 0.0232287 0.0236152 0.0240216 0.0244212 0.0248621 0.0253119 0.0257831 0.0262569 0.0267622 0.0272753 0.0278098 0.0283488 0.0289171 0.0294963 0.0300796 0.0306871 0.031317 0.0319584 0.0326022 0.0332766 0.0339567 0.0346773 0.035402 0.0361357 0.0368856 0.037691 0.0385039 0.0393169 0.0401641 0.0410495 0.041961 0.0428737 0.0438263 0.0447967 0.0458145 0.0468533 0.0479042 0.0489853 0.0501316 0.051331 0.0525718 0.0539089 0.0553368 0.0569344 0.0587219 0.0607066 0.0629237 0.065387 0.0680766 0.0709207 0.0738146 0.0765502 0.0789582 0.0807904 0.0817864 0.0817436 0.0804394 0.077798 0.073822 0.0686282 0.0624545 0.0556168 0.0484972 0.0414979 0.0350237 0.0293841 0.0248481 0.021549 0.0195107 0.0187061 0.0189491 0.0200653 0.021807 0.0238958 0.0261338 0.0282639 0.0301414 0.0316401 0.03264 0.0331315 0.0330416 
0 0.00685395 0.0137363 0.0207131 0.0277434 0.0348244 0.0418618 0.0487028 0.0551909 0.061063 0.0660919 0.0700215 0.0726246 0.0737469 0.0732892 0.0712773 0.0678198 0.0631686 0.057636 0.0516289 0.045572 0.0398416 0.0348368 0.0307843 0.0278889 0.0262158 0.0256695 0.0261462 0.0273838 0.0291613 0.0312573 0.0334452 0.0355434 0.0374099 0.0389461 0.0401133 0.0409672 0.041484 0.041725 0.0417265 0.0415152 0.0411901 0.0407681 0.0402625 0.0396817 0.039078 0.0384516 0.0378324 0.0372084 0.0365528 0.0359078 0.0352894 0.0346881 0.0340687 0.0334763 0.0328966 0.0323276 0.0317707 0.0312224 0.0306819 0.0301674 0.029672 0.0291495 0.0286444 0.0281778 0.0277272 0.0272453 0.0267774 0.0263462 0.0259313 0.0254988 0.0250758 0.0246862 0.0243063 0.023925 0.0235556 0.0232149 0.0228781 0.0225513 0.0222397 0.0219531 0.0216675 0.0213989 0.0211489 0.0209175 0.0206888 0.0204834 0.0202949 0.020119 0.0199537 0.0198123 0.019683 0.0195672 0.0194681 0.0193877 0.0193191 0.0192676 0.0192324 0.0192126 0.0192082 0.0192208 0.0192475 0.0192914 0.0193519 0.0194268 0.0195166 0.019627 0.0197501 0.0198874 0.0200437 0.0202196 0.020403 0.0206065 0.0208301 0.0210679 0.0213132 0.0215864 0.0218734 0.0221718 0.0224827 0.0228241 0.0231713 0.0235299 0.0239068 0.0243143 0.0247205 0.0251344 0.0255762 0.0260485 0.0265131 0.026977 0.0274784 0.0280117 0.028539 0.029052 0.0296085 0.0301989 0.0307862 0.0313619 0.031987 0.0326308 0.0332753 0.0339395 0.0346425 0.035362 0.0360959 0.0368583 0.0376394 0.0384722 0.0393362 0.0402187 0.0411103 0.0420698 0.0430774 0.0441078 0.0451805 0.0463007 0.0474904 0.04876 0.0501234 0.0515639 0.05318 0.0549885 0.0570081 0.059288 0.0618095 0.064605 0.0676519 0.0708653 0.0740855 0.0771554 0.079828 0.0818762 0.0830735 0.0831326 0.0819216 0.0793108 0.0753276 0.0701266 0.0639214 0.0570666 0.0499322 0.042947 0.0365016 0.0309539 0.0265562 0.0234511 0.0216996 0.0212015 0.0218441 0.0233909 0.0255871 0.0281976 0.030917 0.0335652 0.0359266 0.0378514 0.0392741 0.0400754 0.0402659 
0 0.0070505 0.0141449 0.0213049 0.028533 0.0357884 0.0429706 0.0499438 0.0565032 0.0624117 0.067425 0.0712726 0.0737469 0.0746752 0.0739627 0.0716457 0.0678299 0.0627783 0.0568342 0.0503853 0.0438803 0.0377096 0.0322316 0.0277438 0.0244203 0.022344 0.0214802 0.0216625 0.0226963 0.0243409 0.0263551 0.0285415 0.0306803 0.0326227 0.034255 0.0355503 0.03651 0.0371515 0.0375123 0.0375906 0.0374795 0.0372268 0.0368748 0.0364503 0.0359643 0.0354261 0.0348851 0.0343558 0.0337879 0.0332426 0.0326957 0.0321679 0.0316568 0.0311469 0.0306276 0.0301402 0.0296864 0.0292195 0.0287633 0.0283065 0.0278852 0.0274527 0.02704 0.0266337 0.0262367 0.0258258 0.0254481 0.0250841 0.02471 0.0243476 0.0239942 0.0236612 0.0233294 0.0230149 0.0226903 0.0224039 0.0221126 0.0218402 0.0215665 0.0213247 0.0210744 0.0208538 0.0206322 0.0204317 0.0202359 0.0200648 0.0198916 0.0197413 0.0196011 0.0194745 0.0193558 0.0192576 0.0191681 0.0190905 0.0190279 0.0189787 0.018941 0.0189157 0.018906 0.0189073 0.0189225 0.0189492 0.0189924 0.019046 0.0191125 0.0191938 0.0192897 0.0193949 0.0195147 0.0196529 0.0197977 0.0199584 0.0201342 0.0203259 0.0205209 0.020743 0.0209693 0.0212155 0.0214676 0.0217459 0.0220208 0.0223302 0.0226353 0.0229643 0.0232974 0.0236634 0.0240189 0.024407 0.0247921 0.0252016 0.0256247 0.0260656 0.0264939 0.0269524 0.027438 0.0279222 0.0284186 0.0289221 0.029452 0.0299927 0.0305665 0.0311334 0.0317254 0.0323238 0.0329793 0.0336502 0.0343239 0.0350332 0.035793 0.0365738 0.0373817 0.0382476 0.0391364 0.0401026 0.0411022 0.0421407 0.0432536 0.04447 0.0457794 0.0471973 0.0487539 0.0504805 0.0524598 0.0546934 0.0572114 0.0600133 0.0631122 0.0664681 0.0699757 0.0734948 0.0767976 0.0796867 0.0819152 0.0832236 0.0833925 0.0822285 0.0796446 0.0756906 0.0705032 0.0643395 0.0575476 0.0504919 0.0436154 0.0373157 0.0319371 0.0277723 0.0249507 0.0235278 0.0234409 0.0245189 0.0265641 0.0293016 0.0324554 0.035768 0.038976 0.0418889 0.0443427 0.0462106 0.0474338 0.0479491 
0 0.00710069 0.0142381 0.0214532 0.0287212 0.0360118 0.0432118 0.0501659 0.0566796 0.0624921 0.0673683 0.0710377 0.0732892 0.0739627 0.0729601 0.0703253 0.0661704 0.0607714 0.0544642 0.0476498 0.0407754 0.0342149 0.0283597 0.0234827 0.0197879 0.0173789 0.016203 0.0161435 0.0169873 0.0185078 0.0204811 0.0226917 0.0249187 0.0270044 0.0288123 0.0302869 0.0314454 0.0322623 0.0327949 0.0330513 0.0330915 0.0329891 0.0327701 0.0324665 0.0320918 0.0316781 0.0312496 0.0308333 0.0303938 0.0299603 0.029521 0.0290969 0.0286978 0.028291 0.0278987 0.0275187 0.0271439 0.0267688 0.0264197 0.0260574 0.0257204 0.0253855 0.0250415 0.0247068 0.0243931 0.0240797 0.023768 0.0234611 0.023154 0.022879 0.0225962 0.022316 0.0220463 0.0217988 0.0215419 0.0213106 0.0210753 0.0208534 0.0206462 0.0204518 0.0202481 0.0200746 0.0199102 0.0197431 0.0195911 0.0194618 0.0193291 0.0192055 0.0191047 0.0190072 0.0189166 0.018841 0.0187792 0.0187191 0.0186761 0.018641 0.0186187 0.0186019 0.0186019 0.0186069 0.0186271 0.0186526 0.0186952 0.0187422 0.0188038 0.0188741 0.0189591 0.0190466 0.0191538 0.0192702 0.0193928 0.0195276 0.0196835 0.0198386 0.0200042 0.0201953 0.020389 0.0205861 0.0208079 0.0210449 0.021274 0.0215309 0.0217988 0.0220746 0.0223597 0.0226682 0.0229691 0.0233033 0.0236426 0.0239867 0.0243383 0.0247229 0.0251044 0.0255041 0.0259034 0.026318 0.0267603 0.027208 0.0276539 0.028125 0.0286152 0.0291026 0.0296297 0.030163 0.0307194 0.0312945 0.0318943 0.032518 0.0331978 0.0338979 0.0346283 0.0354033 0.036224 0.037122 0.0380641 0.0390694 0.0401557 0.0413509 0.0426597 0.0441162 0.0457282 0.0475684 0.0496867 0.0520842 0.0548091 0.0578325 0.0611718 0.0647779 0.0685282 0.0722577 0.0757513 0.0787757 0.081098 0.082477 0.0826702 0.081535 0.0789718 0.0750477 0.0699232 0.0638414 0.0571674 0.0502588 0.0435602 0.037471 0.0323484 0.0284808 0.0260069 0.0249902 0.0253467 0.0269269 0.0295093 0.0328157 0.0365773 0.0404963 0.0443251 0.0478385 0.0508545 0.0532518 0.0549272 0.0558366 
0 0.00701173 0.0140537 0.0211757 0.0283364 0.0355082 0.0425729 0.049362 0.0556893 0.0612837 0.0659144 0.0693172 0.0712773 0.0716457 0.0703253 0.0673672 0.0628939 0.0571836 0.050574 0.0434703 0.0363114 0.0294602 0.0233161 0.0181373 0.0141436 0.0114551 0.0100184 0.00975741 0.0104559 0.0119022 0.0138806 0.0161579 0.0185185 0.020787 0.0228229 0.0245456 0.0259679 0.0270426 0.0278194 0.028316 0.0285676 0.0286649 0.0286248 0.0284962 0.0282893 0.0280402 0.027759 0.02747 0.0271673 0.0268631 0.0265598 0.0262554 0.0259716 0.0256679 0.0253837 0.0251039 0.024821 0.0245455 0.0242863 0.0240094 0.0237395 0.023487 0.0232241 0.0229759 0.0227217 0.022471 0.0222313 0.0220034 0.0217594 0.0215387 0.0213208 0.0211052 0.0208987 0.0206993 0.0205041 0.0203259 0.0201456 0.0199662 0.0198179 0.019665 0.0195067 0.019373 0.0192581 0.0191223 0.0190092 0.0189146 0.0188181 0.0187197 0.0186504 0.018579 0.0185136 0.0184577 0.0184175 0.0183754 0.0183482 0.0183252 0.0183153 0.0183086 0.0183145 0.0183241 0.0183484 0.0183746 0.0184142 0.0184582 0.0185152 0.0185767 0.0186512 0.0187269 0.0188216 0.0189194 0.0190239 0.0191384 0.0192746 0.0193999 0.0195416 0.0197044 0.0198695 0.0200265 0.0202215 0.0204195 0.0206106 0.020822 0.0210588 0.0212825 0.0215231 0.021784 0.0220463 0.0223191 0.0226056 0.0228999 0.0232081 0.023529 0.023844 0.0241902 0.0245414 0.0248969 0.0252644 0.0256516 0.0260344 0.0264495 0.0268669 0.0272883 0.0277394 0.0282029 0.0286779 0.0291807 0.02971 0.0302493 0.0308376 0.0314458 0.0321001 0.0327936 0.0335422 0.0343523 0.0352181 0.0361601 0.0371985 0.038359 0.0396526 0.0411257 0.0427734 0.0446912 0.0469086 0.0494427 0.0523386 0.0555569 0.0590993 0.0628978 0.0668218 0.0706826 0.0742816 0.0773636 0.0797075 0.0810862 0.0812516 0.0800965 0.0775251 0.0736216 0.0685641 0.0625958 0.0560828 0.0493811 0.0429253 0.0371087 0.0322981 0.0287711 0.026678 0.0260869 0.0269032 0.0289957 0.0321261 0.0360181 0.0404025 0.0449525 0.0494252 0.053565 0.0571729 0.0601242 0.0622824 0.0636127 
0 0.00677443 0.0135945 0.0204702 0.0274026 0.0343249 0.0411222 0.0476354 0.0536448 0.0589112 0.0631873 0.066225 0.0678198 0.0678299 0.0661704 0.0628939 0.0581448 0.0521675 0.0453418 0.0380325 0.0306663 0.0236415 0.0172732 0.011896 0.00768835 0.00476903 0.00315708 0.0027197 0.00331676 0.00472892 0.0067394 0.009125 0.0116709 0.0141781 0.0164942 0.0185539 0.0202765 0.0216801 0.0227659 0.0235434 0.0240853 0.0244292 0.0246142 0.0246857 0.0246885 0.0246071 0.0245035 0.024374 0.0242073 0.0240534 0.0238861 0.0237042 0.023518 0.0233469 0.0231572 0.0229727 0.022782 0.0225918 0.0224062 0.0222143 0.0220253 0.0218196 0.021635 0.0214583 0.0212693 0.0210557 0.0208892 0.0207243 0.0205365 0.0203523 0.0201943 0.0200392 0.0198771 0.0197193 0.0195723 0.0194481 0.0193023 0.0191691 0.0190571 0.0189515 0.0188214 0.018731 0.0186436 0.0185489 0.0184573 0.0183993 0.0183247 0.0182588 0.0182047 0.0181632 0.0181134 0.0180803 0.0180508 0.0180309 0.0180117 0.0180032 0.0179994 0.0180064 0.0180127 0.0180301 0.0180547 0.018086 0.0181187 0.0181651 0.0182149 0.0182732 0.0183341 0.0184073 0.0184853 0.0185733 0.0186581 0.018764 0.0188736 0.0189848 0.0190997 0.0192467 0.0193773 0.0195158 0.0196764 0.0198526 0.0200022 0.0201885 0.0203879 0.0205828 0.0207736 0.0210034 0.0212313 0.0214632 0.0216953 0.0219513 0.0222288 0.0224977 0.0227575 0.0230532 0.0233786 0.0236718 0.0239804 0.0243146 0.024667 0.0250047 0.0253639 0.0257355 0.0261275 0.0265174 0.0269293 0.0273665 0.0278104 0.0282915 0.0287928 0.0293189 0.029887 0.0305174 0.0311684 0.0318958 0.0326988 0.0335693 0.0345609 0.035679 0.0369493 0.0384103 0.040115 0.0420821 0.0443897 0.047053 0.0500692 0.0534535 0.0571468 0.0610795 0.0651069 0.0690481 0.072663 0.0757365 0.0780364 0.0793172 0.079425 0.0781885 0.0755909 0.071718 0.0667205 0.0608999 0.0545654 0.0480974 0.0419122 0.0363946 0.031911 0.0287397 0.0270387 0.0268587 0.0281436 0.0307198 0.0343796 0.0388441 0.0438035 0.0489838 0.0540668 0.0588189 0.0630298 0.0665108 0.0691823 0.0709334 
0 0.00643514 0.0129058 0.0194412 0.026016 0.0325727 0.0389935 0.0451054 0.050701 0.0555414 0.0593798 0.0619866 0.0631686 0.0627783 0.0607714 0.0571836 0.0521675 0.0460008 0.0390001 0.0315727 0.0241044 0.0169564 0.0104983 0.0049796 0.000630575 -0.00242578 -0.00420001 -0.00474192 -0.00421555 -0.00281142 -0.000730599 0.0017988 0.0045485 0.00733461 0.00999516 0.0124002 0.0145191 0.0162887 0.0177208 0.0188621 0.0197208 0.0203585 0.0208155 0.0211312 0.0213355 0.0214827 0.0215587 0.0215811 0.0215932 0.021576 0.0215385 0.021476 0.0214055 0.0213131 0.0212403 0.0211487 0.0210191 0.0208956 0.0207885 0.020669 0.0205229 0.0203981 0.0202615 0.0201264 0.0199802 0.0198551 0.0197235 0.0195876 0.019446 0.0193248 0.0192099 0.0190845 0.0189641 0.0188461 0.0187505 0.0186481 0.0185461 0.0184404 0.0183733 0.0182858 0.0182006 0.0181253 0.0180767 0.0180002 0.0179435 0.0178954 0.0178554 0.0178023 0.0177725 0.0177416 0.0177175 0.0176911 0.0176797 0.0176687 0.0176646 0.0176598 0.0176684 0.0176792 0.0176931 0.0177107 0.0177418 0.0177713 0.0178057 0.0178476 0.0178993 0.0179482 0.0180068 0.0180706 0.0181451 0.0182152 0.0182973 0.0183854 0.0184855 0.0185736 0.0186845 0.0188014 0.0189215 0.0190316 0.019181 0.0193203 0.0194608 0.0196073 0.0197889 0.0199484 0.0201242 0.0203075 0.0205098 0.0207052 0.0209201 0.0211346 0.021361 0.0215968 0.0218445 0.0221009 0.0223528 0.0226223 0.0229021 0.023199 0.0234879 0.0237991 0.0240993 0.0244262 0.0247762 0.0251312 0.0254689 0.0258422 0.0262535 0.0266628 0.0270975 0.0275627 0.0280696 0.0286066 0.0292093 0.0298552 0.0305819 0.031417 0.0323535 0.0334248 0.0346772 0.0361508 0.0378735 0.0399243 0.0423073 0.0450648 0.0482197 0.0517222 0.0555389 0.0595662 0.0636478 0.0675894 0.0711803 0.0741687 0.0763446 0.0775099 0.0774658 0.0761409 0.0734955 0.0696175 0.0647144 0.0590228 0.0528884 0.0466742 0.0407646 0.0355604 0.0314043 0.0285688 0.0272251 0.0274235 0.0290993 0.0321143 0.0362339 0.0411904 0.0466936 0.0524125 0.0580744 0.0633939 0.0681417 0.0721571 0.0752781 0.0774458 
0 0.00601187 0.0120632 0.0181663 0.024309 0.0304179 0.0363756 0.0420112 0.0471133 0.0514539 0.0547922 0.0569167 0.057636 0.0568342 0.0544642 0.050574 0.0453418 0.0390001 0.0319061 0.0244147 0.0168957 0.00973874 0.00322145 -0.00234385 -0.00676989 -0.0099455 -0.0118104 -0.0124538 -0.0119724 -0.0105455 -0.00837672 -0.00569133 -0.00270043 0.000381644 0.00339196 0.00621883 0.00873542 0.0109354 0.0127789 0.0142992 0.0155293 0.0164938 0.0172435 0.0178169 0.0182874 0.0186445 0.0189249 0.0191239 0.0192764 0.0193996 0.0195034 0.0195625 0.019575 0.0195969 0.0195869 0.0195604 0.0195096 0.0194613 0.019396 0.0193342 0.019242 0.019139 0.0190599 0.0189854 0.0188863 0.018761 0.0186736 0.0185958 0.0185065 0.0183866 0.018305 0.0182287 0.018147 0.01805 0.0179821 0.0179138 0.0178416 0.0177695 0.0177165 0.0176622 0.0176009 0.0175533 0.0175141 0.0174732 0.0174275 0.0174024 0.0173734 0.017348 0.0173212 0.0173133 0.0172955 0.0172883 0.0172789 0.0172862 0.0172827 0.0172932 0.0173007 0.0173238 0.0173354 0.0173638 0.0173892 0.0174275 0.0174554 0.0175031 0.017546 0.0175997 0.0176462 0.0177139 0.0177743 0.0178441 0.0179117 0.0180002 0.018078 0.0181654 0.0182585 0.0183667 0.0184622 0.0185723 0.0186937 0.0188185 0.0189373 0.0190748 0.0192252 0.0193675 0.0195148 0.0196824 0.0198668 0.020028 0.0202039 0.0204067 0.0206293 0.020814 0.0210189 0.0212534 0.0215125 0.0217355 0.0219686 0.0222318 0.0225178 0.0227815 0.0230543 0.0233584 0.0236582 0.0239674 0.0242861 0.0246319 0.0249846 0.0253679 0.0257391 0.0261529 0.0266168 0.0271225 0.0276586 0.0282496 0.028934 0.0297134 0.0306295 0.0316816 0.032935 0.0344212 0.03621 0.0383142 0.0407843 0.0436623 0.0469179 0.0505555 0.054467 0.058546 0.0626348 0.0665392 0.0700299 0.0728949 0.074913 0.0758833 0.0756971 0.0742283 0.0715193 0.0676559 0.062812 0.0572841 0.0513476 0.045384 0.0397584 0.0348399 0.0309802 0.0284344 0.0273824 0.0278736 0.0298646 0.0332071 0.0376886 0.0430432 0.0489629 0.0551461 0.0612741 0.067072 0.0722974 0.0767457 0.0802846 0.0828038 
0 0.00555152 0.0111411 0.0167768 0.022445 0.0280663 0.0335202 0.0386366 0.0432013 0.0470001 0.0497966 0.051396 0.0516289 0.0503853 0.0476498 0.0434703 0.0380325 0.0315727 0.0244147 0.0169152 0.00940925 0.0022656 -0.00424278 -0.00982896 -0.0142996 -0.0175479 -0.0194989 -0.0202206 -0.0197811 -0.0183408 -0.0160934 -0.0132449 -0.0100218 -0.00662215 -0.00322451 2.63821e-05 0.00299446 0.00564003 0.0079133 0.00985565 0.0114865 0.0128101 0.0138914 0.0147491 0.0154639 0.0160529 0.016531 0.0169068 0.0172252 0.0174906 0.0177094 0.0178737 0.0179756 0.0180782 0.0181523 0.0182007 0.0182041 0.0181932 0.0181771 0.0181646 0.0181161 0.0180585 0.0180125 0.0179481 0.0178831 0.0178163 0.0177573 0.0176862 0.0176221 0.0175453 0.0174964 0.0174382 0.0173736 0.0173108 0.0172719 0.0172207 0.0171712 0.0171272 0.0170899 0.0170556 0.0170202 0.0169877 0.0169618 0.0169432 0.0169143 0.0168992 0.016886 0.0168756 0.0168597 0.0168622 0.0168559 0.016858 0.0168585 0.016872 0.0168757 0.0168941 0.0169069 0.0169316 0.0169501 0.016982 0.0170071 0.0170468 0.0170787 0.0171234 0.0171649 0.0172184 0.0172627 0.0173252 0.0173827 0.017447 0.01751 0.0175915 0.0176603 0.017741 0.0178279 0.0179218 0.0180066 0.0181108 0.0182169 0.0183249 0.0184363 0.0185586 0.0186864 0.0188199 0.0189547 0.019095 0.019258 0.0194135 0.0195747 0.0197479 0.0199378 0.020116 0.0203219 0.0205243 0.0207374 0.0209526 0.0211868 0.0214247 0.0216818 0.0219222 0.0221717 0.0224586 0.0227494 0.023036 0.0233221 0.0236375 0.0239735 0.0243347 0.0246825 0.0250773 0.0255088 0.025978 0.0264898 0.0270587 0.0277246 0.0285069 0.0294156 0.030468 0.0317501 0.033285 0.0351542 0.0373633 0.0399431 0.0429363 0.0463158 0.0500557 0.0540467 0.0581604 0.0622253 0.0660585 0.0694219 0.0721156 0.0739286 0.0746889 0.0743124 0.0727079 0.0699356 0.0660785 0.0613227 0.0559377 0.0501994 0.0444728 0.0390951 0.0344337 0.0308137 0.0284902 0.0276453 0.0283302 0.0305162 0.0340637 0.03877 0.0443766 0.0505817 0.0570777 0.0635456 0.0696969 0.075274 0.0800653 0.0839145 0.0867105 
