0 0 0 0 0 0 0 0 0 0 0 0 0 0 0 0 0 0 0 0 0 0 0 0 0 0 0 0 0 0 0 0 0 0 0 0 0 0 0 0 0 0 0 0 0 0 0 0 0 0 0 0 0 0 0 0 0 0 0 0 0 0 0 0 0 0 0 0 0 0 0 0 0 0 0 0 0 0 0 0 0 0 0 0 0 0 0 0 0 0 0 0 0 0 0 0 0 0 0 0 0 0 0 0 0 0 0 0 0 0 0 0 0 0 0 0 0 0 0 0 0 0 0 0 0 0 0 0 0 0 0 0 0 0 0 0 0 0 0 0 0 0 0 0 0 0 0 0 0 0 0 0 0 0 0 0 0 0 0 0 0 0 0 0 0 0 0 0 0 0 0 0 0 0 0 0 0 0 0 0 0 0 0 0 0 0 0 0 0 0 0 0 0 0 0 0 0 0 0 0 
0 -1.51872e-06 9.44036e-06 4.45824e-07 1.40021e-05 1.99805e-05 2.59696e-05 5.37751e-05 6.80732e-05 0.000107838 0.000157221 0.000214803 0.000310691 0.000419016 0.000565622 0.000752887 0.000969596 0.00123765 0.00154304 0.0018822 0.00225539 0.00263734 0.0030089 0.00334588 0.00361024 0.00377033 0.00380585 0.00369108 0.00341805 0.00299993 0.00243729 0.00176366 0.00102307 0.000255337 -0.000477055 -0.00111748 -0.00163194 -0.00200288 -0.00219985 -0.00225522 -0.00217261 -0.00195698 -0.00168086 -0.00135325 -0.00101003 -0.000683034 -0.000378963 -8.8815e-05 0.000153417 0.00035024 0.000530108 0.000678128 0.000822518 0.000945531 0.00106056 0.00115311 0.00124813 0.00135475 0.00146046 0.00153962 0.00161089 0.0017151 0.0018048 0.00188796 0.0019586 0.00204414 0.00212397 0.00221286 0.00227809 0.00234965 0.00243011 0.00250551 0.00257028 0.002636 0.00270736 0.00276984 0.00283881 0.00288975 0.0029524 0.00301093 0.00307125 0.00310791 0.00316928 0.003218 0.00326253 0.00329542 0.00335062 0.00338308 0.00341749 0.00344816 0.00348844 0.003508 0.00353611 0.00355841 0.00358273 0.00359395 0.00361353 0.00362385 0.00363538 0.00363838 0.00364742 0.00364543 0.00364593 0.00363994 0.00363835 0.00362314 0.00361458 0.00359998 0.00358618 0.00355786 0.0035445 0.0035189 0.00349083 0.0034547 0.00343773 0.00339556 0.00335759 0.00331931 0.00329186 0.00323468 0.00319507 0.00315065 0.00310844 0.0030487 0.00300411 0.00294836 0.00290045 0.00284313 0.00278283 0.00272596 0.00267609 0.00261583 0.00254739 0.00249468 0.00243289 0.00238063 0.00231651 0.00225392 0.00218896 0.00215255 0.00209178 0.00202684 0.00197376 0.00193664 0.00189591 0.00184847 0.00181591 0.0017966 0.00179628 0.00179803 0.00184245 0.00190278 0.0020012 0.00214944 0.00232499 0.00252206 0.00275052 0.00298092 0.00316529 0.00330412 0.00332834 0.00322536 0.00299039 0.00259831 0.00205796 0.00138773 0.000622299 -0.000195827 -0.000994733 -0.00173252 -0.00236827 -0.00286454 -0.00321481 -0.00341115 -0.0034544 -0.00336134 -0.0031608 -0.00287261 -0.00253736 -0.00218953 -0.00183729 -0.00151828 -0.00123181 -0.000973929 -0.000770373 -0.000589745 -0.000446334 -0.0003427 -0.000246653 -0.000191572 -0.000144753 -0.000107667 -9.75289e-05 -7.34494e-05 -7.12281e-05 -6.75733e-05 -5.71842e-05 -6.70052e-05 -5.81593e-05 -6.16555e-05 
0 9.44036e-06 5.22736e-06 2.34652e-05 2.84594e-05 3.90044e-05 6.98034e-05 8.87885e-05 0.000144649 0.000213842 0.000304498 0.000453171 0.000622061 0.000860799 0.00115811 0.00151413 0.00196363 0.00248166 0.00309019 0.00377333 0.0045187 0.00528295 0.00603529 0.006709 0.00722148 0.00756267 0.00761136 0.00738963 0.00687056 0.00601338 0.00492201 0.0035741 0.00208621 0.00056527 -0.00089261 -0.00216998 -0.00318742 -0.00390169 -0.00432717 -0.00442057 -0.00425926 -0.00385326 -0.00327678 -0.00261752 -0.00193508 -0.00129267 -0.000664381 -0.000116781 0.0003801 0.000805275 0.00115398 0.00144295 0.00172906 0.00198821 0.0021944 0.00241858 0.0026143 0.00280536 0.00299107 0.00318817 0.00335892 0.00353472 0.00370513 0.00388 0.0040532 0.00420122 0.00436633 0.00453359 0.00468703 0.00481856 0.00498372 0.00512765 0.00526523 0.00539462 0.0055346 0.0056627 0.00579394 0.00590427 0.00601928 0.00614527 0.00625229 0.006341 0.00644705 0.00655699 0.00663171 0.00671324 0.00680516 0.00688485 0.00693979 0.00701439 0.00707891 0.00713258 0.00717536 0.0072315 0.00726725 0.00730248 0.00732908 0.00736074 0.0073727 0.00739018 0.00739637 0.00740376 0.00739408 0.00739336 0.00737816 0.00736066 0.00733186 0.00731453 0.00727448 0.00723307 0.00719204 0.00715456 0.00708604 0.00703002 0.00697919 0.00691164 0.0068231 0.0067613 0.00669053 0.00659379 0.00650196 0.00642514 0.00633013 0.00622205 0.00612527 0.00602127 0.00592134 0.00580577 0.00568929 0.00557487 0.00547942 0.00534239 0.00521768 0.00510915 0.00500236 0.00486158 0.0047381 0.00462524 0.00452097 0.00440218 0.00426423 0.00416397 0.00407599 0.00397886 0.00387094 0.00380349 0.00372283 0.00369296 0.00369718 0.00371247 0.00376227 0.00389416 0.0041132 0.0043915 0.00475281 0.00514415 0.00558654 0.00601608 0.00641113 0.00666544 0.00670415 0.00651152 0.00600869 0.00521786 0.00413645 0.00280421 0.00126498 -0.000338546 -0.00194005 -0.00342762 -0.00467051 -0.00569133 -0.00637778 -0.00676152 -0.00686018 -0.00666849 -0.00627556 -0.00571396 -0.00505869 -0.00435778 -0.00367633 -0.00302661 -0.00244482 -0.00195023 -0.00151055 -0.00117339 -0.000887522 -0.000663788 -0.000507829 -0.000369816 -0.000289394 -0.000224406 -0.000176915 -0.000158873 -0.000133774 -0.000128685 -0.0001252 -0.000116779 -0.000123759 -0.00012159 
0 4.45824e-07 2.34652e-05 1.77782e-05 4.67356e-05 6.85935e-05 9.74051e-05 0.000165565 0.000226792 0.000342024 0.000491504 0.000683012 0.000962881 0.00130345 0.00174887 0.00230666 0.00296978 0.00376895 0.00468582 0.00570802 0.00682116 0.007965 0.00907677 0.0100788 0.0108654 0.0113489 0.0114543 0.011122 0.0103278 0.00908929 0.00743841 0.00545396 0.00326538 0.0010071 -0.00115166 -0.00304513 -0.00456796 -0.00565871 -0.0062608 -0.00642422 -0.00617879 -0.00556169 -0.00473122 -0.0037566 -0.0027346 -0.00175057 -0.000825296 3.68563e-05 0.000777529 0.00139629 0.00193996 0.00240157 0.00283748 0.00322041 0.00356654 0.00386844 0.00416485 0.00447891 0.00478786 0.00504627 0.00528536 0.00557824 0.0058495 0.00610407 0.00633461 0.00658294 0.00682808 0.00708445 0.00729575 0.00751155 0.00774782 0.00797132 0.00817156 0.00837021 0.00857776 0.00876994 0.00896734 0.00913037 0.00931056 0.00948724 0.00965704 0.00978429 0.0099521 0.0101001 0.0102291 0.0103398 0.0104859 0.0105916 0.0106912 0.0107874 0.0108944 0.010964 0.0110416 0.0111105 0.0111763 0.0112185 0.0112692 0.0113038 0.0113342 0.0113493 0.0113689 0.0113687 0.0113669 0.0113537 0.0113417 0.0113054 0.0112752 0.0112348 0.0111881 0.0111165 0.0110663 0.0109948 0.0109097 0.0108137 0.0107465 0.0106333 0.0105191 0.0104104 0.0103136 0.010162 0.0100361 0.00990738 0.00977414 0.00960848 0.00946641 0.0093075 0.00915746 0.00898789 0.00881091 0.00864183 0.00848537 0.00830242 0.00810626 0.00793974 0.0077608 0.00758786 0.00739741 0.00721121 0.0070282 0.00688734 0.0067035 0.00651746 0.00636063 0.00623204 0.00609759 0.00596176 0.0058578 0.00579731 0.00578722 0.00580221 0.00591307 0.00609742 0.00639458 0.00682098 0.00733666 0.00791938 0.00857588 0.00922767 0.00976545 0.0101342 0.0101804 0.00985158 0.00911474 0.00792302 0.00629628 0.00429089 0.00200397 -0.00042089 -0.00280359 -0.00500447 -0.00689561 -0.00838766 -0.009437 -0.0100288 -0.0101714 -0.00991011 -0.00932538 -0.00848895 -0.00750901 -0.00647835 -0.00544865 -0.00449756 -0.00364334 -0.00288781 -0.00226782 -0.00174022 -0.00131624 -0.000997703 -0.000729994 -0.000554118 -0.000418931 -0.000317219 -0.000271934 -0.000217098 -0.000202247 -0.000191099 -0.000173768 -0.000187209 -0.000172193 -0.000182189 
0 1.40021e-05 2.84594e-05 4.67356e-05 7.05672e-05 0.000102718 0.000154728 0.000223423 0.000327755 0.000476991 0.000678205 0.000960776 0.00132586 0.00180113 0.00240233 0.00313908 0.00403587 0.00509266 0.00631384 0.00768123 0.00916255 0.0106851 0.0121692 0.0134971 0.0145337 0.0151871 0.01532 0.0148923 0.0138669 0.0122307 0.0100766 0.00746941 0.00458492 0.00162174 -0.00121208 -0.0037058 -0.0057079 -0.00713113 -0.0079516 -0.00816431 -0.00784397 -0.00705553 -0.00594299 -0.00464749 -0.00329421 -0.00198471 -0.000735936 0.000396431 0.00140128 0.00226308 0.00299348 0.0036193 0.0042025 0.00472846 0.00518699 0.00562452 0.00603395 0.00643855 0.00683239 0.0072106 0.00756301 0.00792766 0.00828283 0.00863096 0.00896553 0.00928472 0.00961399 0.00994372 0.0102457 0.0105311 0.0108415 0.0111333 0.0114074 0.0116713 0.0119416 0.0121996 0.0124528 0.0126789 0.0129096 0.0131454 0.0133587 0.0135448 0.0137499 0.0139497 0.0141138 0.0142739 0.0144467 0.0145968 0.0147225 0.0148565 0.0149828 0.0150874 0.0151811 0.0152773 0.0153549 0.0154211 0.0154784 0.0155304 0.015564 0.0155922 0.0156088 0.0156166 0.0156085 0.0155982 0.0155733 0.0155364 0.0154896 0.0154425 0.0153734 0.0152934 0.0152153 0.0151286 0.0150126 0.0148997 0.0147934 0.0146587 0.014505 0.0143694 0.0142261 0.0140461 0.0138716 0.0137068 0.0135232 0.0133175 0.0131219 0.0129188 0.0127147 0.0124907 0.0122618 0.0120382 0.0118255 0.0115751 0.0113268 0.0110995 0.0108691 0.0106131 0.0103627 0.0101248 0.00989587 0.00966436 0.00941085 0.00918454 0.00898314 0.00878764 0.00858801 0.00841999 0.00827286 0.00819425 0.00817734 0.00820512 0.00832255 0.00857406 0.00898025 0.00952785 0.0102086 0.0109728 0.0118113 0.0126326 0.0133362 0.0137759 0.0138053 0.013348 0.0123208 0.0107121 0.00853719 0.00587072 0.00283448 -0.000359684 -0.00352059 -0.00644458 -0.00894291 -0.0109421 -0.012335 -0.0131232 -0.0133306 -0.0129977 -0.0122423 -0.0111625 -0.00988848 -0.00853228 -0.00719107 -0.00592805 -0.00479233 -0.00380535 -0.0029639 -0.00227957 -0.00172176 -0.00128848 -0.00096001 -0.000710595 -0.000539339 -0.000414838 -0.000335048 -0.000285571 -0.000253524 -0.000238926 -0.000231543 -0.00023159 -0.000231905 -0.000237004 
0 1.99805e-05 3.90044e-05 6.85935e-05 0.000102718 0.000152021 0.000223072 0.000316516 0.000457307 0.000648699 0.000910244 0.00126918 0.00173299 0.00233716 0.00309737 0.00403119 0.00516396 0.00649522 0.00802807 0.00973981 0.0115832 0.0134783 0.0153185 0.0169634 0.0182571 0.0190665 0.0192482 0.0187316 0.0174761 0.01548 0.0128352 0.00964979 0.00612246 0.00249704 -0.00097232 -0.0040364 -0.00650746 -0.00826954 -0.00928813 -0.00956282 -0.00917036 -0.00821597 -0.00685187 -0.00525641 -0.00357705 -0.00192911 -0.000360845 0.00106907 0.00233915 0.00343613 0.00437117 0.0051887 0.00593022 0.00660181 0.0071947 0.00774946 0.00827501 0.00879172 0.00929072 0.00976399 0.0102162 0.0106698 0.0111217 0.0115552 0.0119734 0.0123762 0.0127889 0.0131915 0.0135713 0.0139345 0.0143103 0.0146721 0.015014 0.0153441 0.0156729 0.0159945 0.0163001 0.0165876 0.01687 0.0171552 0.017414 0.0176561 0.0178994 0.0181393 0.0183459 0.0185483 0.0187486 0.0189343 0.019094 0.0192559 0.0194045 0.0195373 0.0196532 0.0197672 0.019862 0.0199456 0.0200148 0.0200767 0.0201197 0.0201547 0.020174 0.0201837 0.0201763 0.0201628 0.0201315 0.0200894 0.0200338 0.0199731 0.01989 0.0197984 0.0196992 0.0195906 0.0194553 0.0193215 0.0191812 0.0190215 0.0188409 0.0186717 0.0184873 0.0182798 0.0180651 0.0178587 0.0176312 0.0173881 0.0171419 0.0168956 0.0166391 0.0163666 0.0160866 0.0158115 0.0155376 0.0152364 0.0149337 0.0146421 0.0143532 0.0140414 0.0137309 0.0134272 0.0131392 0.0128441 0.0125388 0.0122482 0.0119844 0.0117336 0.0114882 0.0112706 0.0110873 0.0109779 0.0109402 0.01098 0.0111271 0.0114369 0.0119277 0.0125924 0.0134148 0.0143507 0.0153589 0.0163369 0.0171568 0.0176375 0.0176246 0.0170038 0.0156876 0.0136553 0.0109283 0.0076002 0.00383143 -0.00013267 -0.00404989 -0.00766999 -0.0107812 -0.0132639 -0.0150128 -0.0160135 -0.0162926 -0.0159141 -0.015002 -0.0136923 -0.0121374 -0.0104759 -0.00883079 -0.00727919 -0.00588108 -0.00466555 -0.00362891 -0.00278126 -0.00209499 -0.00155644 -0.00115166 -0.000845577 -0.000632515 -0.000485306 -0.000385982 -0.000329905 -0.000294832 -0.000277665 -0.000273231 -0.000273117 -0.000279539 -0.000287086 
0 2.59696e-05 6.98034e-05 9.74051e-05 0.000154728 0.000223072 0.000305416 0.000446423 0.00061489 0.000860656 0.00119758 0.00162685 0.0022131 0.002946 0.00387077 0.00501635 0.00638016 0.00799594 0.00984276 0.0118985 0.0141028 0.0163703 0.018557 0.0205108 0.0220663 0.0230155 0.0232644 0.0226699 0.021194 0.018884 0.0157689 0.0120515 0.00793153 0.00368695 -0.00037396 -0.00396964 -0.00688375 -0.00898339 -0.0101798 -0.0105334 -0.0100801 -0.00896646 -0.00737647 -0.00549434 -0.00349692 -0.00150534 0.000367924 0.00211456 0.00365439 0.00498845 0.00614647 0.00716951 0.00807496 0.0088895 0.00964196 0.0103067 0.010953 0.0115849 0.0122006 0.0127601 0.013309 0.0138607 0.0144075 0.0149245 0.0154143 0.0159125 0.016398 0.0168739 0.0173195 0.0177668 0.0181962 0.0186264 0.0190277 0.0194218 0.019803 0.0201806 0.0205343 0.0208761 0.0212094 0.0215302 0.0218358 0.0221239 0.0224063 0.0226709 0.0229255 0.0231581 0.0233879 0.023596 0.0237959 0.0239729 0.0241478 0.024298 0.0244416 0.0245626 0.0246799 0.0247717 0.0248586 0.0249219 0.0249804 0.0250146 0.0250438 0.0250485 0.0250493 0.0250262 0.0249972 0.0249444 0.0248891 0.024809 0.0247228 0.0246152 0.0245053 0.0243694 0.0242288 0.0240695 0.0239061 0.0237182 0.0235264 0.0233184 0.0231044 0.0228697 0.0226283 0.0223768 0.0221167 0.0218396 0.0215518 0.0212644 0.0209617 0.0206486 0.0203221 0.0200026 0.0196645 0.0193278 0.018971 0.0186221 0.0182655 0.0179168 0.0175459 0.0171788 0.0168209 0.0164757 0.0161252 0.0157622 0.0154321 0.0151302 0.0148474 0.014564 0.0143583 0.0142143 0.0141543 0.0142007 0.0143939 0.0147542 0.0153173 0.0161038 0.0170482 0.0181405 0.0192928 0.0204055 0.0212889 0.0217832 0.0216974 0.0208719 0.0192554 0.01678 0.0134957 0.00951025 0.00503637 0.000313762 -0.0043314 -0.00862028 -0.0123494 -0.0152922 -0.0174062 -0.0186295 -0.0189856 -0.0185888 -0.0175429 -0.0160308 -0.0142217 -0.0122867 -0.0103502 -0.00853278 -0.00688774 -0.00544106 -0.0042337 -0.00321653 -0.00241029 -0.0017824 -0.00128928 -0.000948158 -0.000689752 -0.000519451 -0.000417789 -0.000340478 -0.000315903 -0.000299193 -0.00029281 -0.000308987 -0.000310475 -0.000328471 
0 5.37751e-05 8.87885e-05 0.000165565 0.000223423 0.000316516 0.000446423 0.000594946 0.000832919 0.00112752 0.00153345 0.00208106 0.00276696 0.00366224 0.00476558 0.00611148 0.00773315 0.00962273 0.0117858 0.0141885 0.0167576 0.019384 0.0219253 0.024185 0.0259697 0.0270958 0.0273818 0.0267299 0.0250871 0.0224559 0.0189487 0.0147373 0.0100639 0.0052586 0.000659342 -0.00343815 -0.00676314 -0.00915128 -0.0105683 -0.0109796 -0.0104859 -0.00925861 -0.00744079 -0.00528175 -0.00298173 -0.000672631 0.00153784 0.00355795 0.00538351 0.00699453 0.00837793 0.00959781 0.0106741 0.0116537 0.0125295 0.0133531 0.0141288 0.0148541 0.0155419 0.0162309 0.0169027 0.0175166 0.0181341 0.0187364 0.0193302 0.019889 0.0204449 0.0209718 0.0215046 0.0220088 0.0224944 0.0229712 0.0234357 0.0238794 0.024307 0.0247297 0.0251205 0.0255151 0.0258817 0.0262395 0.026571 0.0269125 0.0272097 0.0275085 0.0277856 0.0280606 0.0282944 0.0285376 0.0287524 0.028959 0.0291362 0.0293174 0.0294663 0.0296094 0.0297278 0.0298422 0.0299277 0.0300082 0.0300636 0.0301127 0.0301355 0.0301522 0.0301445 0.0301302 0.0300888 0.0300443 0.0299742 0.0298963 0.0297927 0.029691 0.0295561 0.0294176 0.0292578 0.0290979 0.0288982 0.0287082 0.0284934 0.0282719 0.028018 0.0277807 0.0275066 0.0272308 0.0269348 0.0266418 0.0263162 0.0259989 0.0256586 0.0253091 0.0249529 0.0245914 0.02421 0.0238213 0.0234373 0.0230351 0.0226394 0.0222168 0.0218038 0.0213974 0.0210009 0.0205614 0.0201526 0.0197676 0.0193891 0.0190135 0.0186676 0.0183671 0.0181159 0.0179526 0.0178833 0.0179484 0.0181492 0.0185777 0.0192396 0.0201107 0.0211879 0.0224136 0.0236756 0.0248627 0.0258117 0.026261 0.0260576 0.0250283 0.0230482 0.0201209 0.01628 0.0116539 0.00648114 0.0010586 -0.00429932 -0.00925735 -0.0135477 -0.0169883 -0.0194452 -0.0208878 -0.0213591 -0.0209463 -0.0198066 -0.0181298 -0.0161038 -0.0139138 -0.0117292 -0.00965064 -0.00776411 -0.0061265 -0.00471825 -0.0035726 -0.00265213 -0.00191854 -0.0013889 -0.000976975 -0.000697629 -0.000519137 -0.000384783 -0.000334558 -0.000292701 -0.000284544 -0.000303374 -0.000300942 -0.00033801 -0.000352065 
0 6.80732e-05 0.000144649 0.000226792 0.000327755 0.000457307 0.00061489 0.000832919 0.0011131 0.00148466 0.00198442 0.00261832 0.00344747 0.0044895 0.00577877 0.00736009 0.00923586 0.0114287 0.0139215 0.0166714 0.0195945 0.0225814 0.0254459 0.0279979 0.0300339 0.031298 0.031668 0.0309689 0.0291515 0.0262731 0.0223837 0.0177431 0.0126 0.00729885 0.00221198 -0.00232959 -0.00604501 -0.00875132 -0.0103367 -0.0108427 -0.0103247 -0.0089775 -0.00699178 -0.00460122 -0.0020126 0.000624977 0.00313431 0.00548175 0.00758401 0.00943609 0.0110627 0.0125108 0.013769 0.0148976 0.0159401 0.0168693 0.0177587 0.0186014 0.0194097 0.0201644 0.0209057 0.0216148 0.022319 0.0229845 0.0236228 0.0242627 0.024873 0.0254567 0.0260286 0.0265973 0.0271179 0.0276423 0.0281421 0.0286311 0.0290923 0.029547 0.0299684 0.0303965 0.0307963 0.0311684 0.0315321 0.0318973 0.0322211 0.0325256 0.0328367 0.0331229 0.033378 0.0336255 0.0338696 0.0340779 0.0342751 0.0344581 0.034629 0.03477 0.0349063 0.0350184 0.0351208 0.0351972 0.0352668 0.0353101 0.0353465 0.0353562 0.0353594 0.0353362 0.0353052 0.0352507 0.0351888 0.0350974 0.0350023 0.0348881 0.0347565 0.0346003 0.0344491 0.0342713 0.034068 0.0338605 0.0336514 0.033404 0.0331419 0.0328897 0.0326105 0.0323052 0.0319972 0.0316882 0.0313441 0.0310012 0.0306372 0.0302707 0.0298868 0.0294992 0.0290777 0.0286792 0.0282578 0.027817 0.0273718 0.0269448 0.0264904 0.0260277 0.0255734 0.0251218 0.0246868 0.0242309 0.0237942 0.023389 0.0230257 0.0226714 0.0224098 0.0222169 0.0221331 0.0222195 0.0224909 0.0229706 0.0236917 0.0246714 0.0258432 0.0271875 0.0285503 0.0298022 0.0307243 0.0311073 0.0307512 0.0294534 0.0271378 0.0237443 0.0193445 0.0140874 0.00824943 0.00212249 -0.00390227 -0.00947915 -0.0143519 -0.0182347 -0.0210618 -0.0227528 -0.0233382 -0.0229605 -0.0217466 -0.0199266 -0.0177103 -0.0153043 -0.0128808 -0.0105848 -0.00849158 -0.00665421 -0.00510461 -0.00380904 -0.00278433 -0.00198042 -0.00136997 -0.000939894 -0.000627378 -0.000432178 -0.000314237 -0.000249026 -0.000230891 -0.000232216 -0.000253375 -0.00028375 -0.000317686 -0.000354451 
0 0.000107838 0.000213842 0.000342024 0.000476991 0.000648699 0.000860656 0.00112752 0.00148466 0.00193944 0.00253827 0.00330415 0.00427676 0.00549787 0.00699273 0.00880572 0.0109509 0.0134411 0.0162612 0.0193605 0.0226472 0.0259848 0.0291847 0.0320266 0.034284 0.0357125 0.0361409 0.0354153 0.0334761 0.0303632 0.0261693 0.0211471 0.0155796 0.00983929 0.00432484 -0.00062103 -0.00468301 -0.00765818 -0.00944493 -0.0100416 -0.00953324 -0.00811413 -0.00597573 -0.00336573 -0.000515798 0.00240717 0.00522127 0.00784601 0.0102281 0.0123515 0.0142222 0.0158704 0.0173058 0.0185893 0.0197637 0.0208349 0.0218401 0.0227644 0.0236366 0.0244895 0.0253203 0.026088 0.0268326 0.0275558 0.0282607 0.0289465 0.0295906 0.0302059 0.0308233 0.0314241 0.0319735 0.032516 0.0330448 0.0335559 0.0340391 0.0345045 0.0349437 0.0353889 0.0358025 0.0361813 0.0365564 0.0369353 0.0372653 0.0375757 0.0378942 0.0381906 0.0384474 0.0387013 0.0389492 0.0391654 0.0393625 0.0395518 0.0397241 0.0398721 0.0400077 0.0401255 0.0402286 0.0403118 0.0403799 0.0404291 0.0404664 0.0404824 0.040484 0.0404673 0.0404372 0.0403887 0.0403254 0.0402404 0.0401463 0.0400376 0.0399042 0.039754 0.0396043 0.0394303 0.0392243 0.0390223 0.038815 0.0385673 0.0383022 0.0380544 0.0377759 0.0374651 0.0371544 0.0368457 0.0365006 0.0361472 0.0357786 0.0354053 0.0350191 0.0346165 0.0341838 0.0337683 0.0333422 0.0328852 0.0324186 0.0319604 0.0314917 0.0310185 0.0305356 0.030038 0.0295711 0.029111 0.0286468 0.0281992 0.0278019 0.027445 0.0271709 0.0269807 0.0269159 0.0270328 0.0273518 0.027909 0.0287272 0.0297981 0.0310809 0.0325163 0.033939 0.0352036 0.0360912 0.0363608 0.0358087 0.0342329 0.0315204 0.0276501 0.0226987 0.0168366 0.0103615 0.00359347 -0.00307053 -0.00925546 -0.014659 -0.0190074 -0.0221814 -0.0241146 -0.0248495 -0.0245151 -0.0232775 -0.0213655 -0.0190059 -0.0164213 -0.0138016 -0.0113004 -0.00901205 -0.0070049 -0.00529952 -0.00389019 -0.00277135 -0.00189577 -0.00124707 -0.000779354 -0.000458304 -0.000260992 -0.000141088 -9.79537e-05 -9.07232e-05 -0.000113692 -0.000160619 -0.000203962 -0.000265412 -0.000317132 
0 0.000157221 0.000304498 0.000491504 0.000678205 0.000910244 0.00119758 0.00153345 0.00198442 0.00253827 0.00324867 0.00416048 0.00528733 0.00670063 0.00841856 0.0104817 0.0129191 0.0157251 0.0188864 0.0223385 0.0259831 0.0296577 0.0331756 0.0362953 0.0387645 0.0403613 0.0408557 0.0401204 0.0380857 0.0347704 0.0303257 0.0249821 0.0190662 0.0129615 0.00707976 0.00177757 -0.0026104 -0.00584807 -0.00784185 -0.00854419 -0.00807521 -0.00661932 -0.00437929 -0.00160456 0.00147031 0.00464734 0.00775419 0.0106476 0.013297 0.0156719 0.0177775 0.0196275 0.0212425 0.0226778 0.0239664 0.0251563 0.0262514 0.0272567 0.028187 0.0291031 0.0299812 0.0307947 0.0315714 0.032325 0.0330629 0.0337668 0.0344321 0.0350592 0.0356952 0.0363004 0.0368657 0.0374057 0.0379431 0.0384554 0.038944 0.0394026 0.039845 0.0402876 0.0406984 0.0410734 0.0414446 0.0418194 0.0421441 0.0424522 0.042761 0.0430562 0.0433063 0.0435576 0.0437954 0.0440136 0.0442025 0.0443911 0.0445557 0.0447077 0.0448356 0.0449561 0.0450546 0.0451437 0.0452067 0.0452624 0.0452982 0.0453229 0.0453223 0.0453159 0.0452879 0.0452504 0.0451881 0.0451176 0.0450285 0.0449321 0.0448038 0.0446712 0.0445276 0.0443674 0.0441712 0.0439864 0.0437869 0.0435548 0.0433018 0.0430682 0.0428022 0.0425053 0.0422065 0.0419109 0.0415824 0.0412354 0.0408817 0.0405194 0.040148 0.039747 0.0393318 0.0389195 0.0385054 0.0380496 0.0375924 0.0371332 0.0366726 0.0361964 0.0357104 0.0352132 0.0347422 0.0342833 0.0338078 0.0333565 0.0329571 0.0326244 0.0323522 0.0321838 0.0321579 0.0323351 0.0327315 0.0333807 0.0342963 0.035455 0.0368454 0.0383573 0.0398294 0.0410757 0.0418866 0.0420015 0.0412165 0.039341 0.0362272 0.0318892 0.026399 0.0199592 0.0128741 0.00550417 -0.00175602 -0.00851183 -0.0144124 -0.0192153 -0.0227365 -0.0249304 -0.0258425 -0.0255819 -0.0243547 -0.0223817 -0.0199123 -0.0171815 -0.014401 -0.0117275 -0.00927569 -0.00712631 -0.00528457 -0.0037799 -0.00257722 -0.00164132 -0.000964915 -0.000467402 -0.000149737 3.85966e-05 0.000147923 0.000160443 0.000148546 9.56572e-05 1.63884e-05 -4.99162e-05 -0.000146966 -0.000224074 
0 0.000214803 0.000453171 0.000683012 0.000960776 0.00126918 0.00162685 0.00208106 0.00261832 0.00330415 0.00416048 0.00521901 0.00654477 0.00815838 0.0101172 0.0124541 0.0151875 0.018322 0.0218312 0.0256427 0.029634 0.0336581 0.0374738 0.0408572 0.0435516 0.045278 0.0458666 0.0451317 0.0430096 0.0395578 0.034893 0.0292884 0.0230891 0.0166839 0.010478 0.00488021 0.000200961 -0.00331278 -0.00548636 -0.00634312 -0.00595407 -0.00449478 -0.0022101 0.000670698 0.0039251 0.00732478 0.0106548 0.0138162 0.0167059 0.0193024 0.0216239 0.0236703 0.0254454 0.026999 0.0284137 0.0296817 0.0308384 0.0318996 0.0328971 0.033827 0.0347127 0.0355596 0.0363537 0.0371097 0.0378342 0.0385468 0.0392027 0.0398319 0.0404394 0.0410393 0.0415887 0.0421162 0.0426267 0.0431262 0.0435937 0.04403 0.0444563 0.0448724 0.0452651 0.0456173 0.0459747 0.0463155 0.0466328 0.0469151 0.0472103 0.0474759 0.0477243 0.0479472 0.0481772 0.048373 0.048561 0.048725 0.0488895 0.0490241 0.0491538 0.049258 0.049362 0.0494392 0.04951 0.0495569 0.0496041 0.0496238 0.0496376 0.0496289 0.04962 0.0495832 0.0495415 0.0494765 0.0494134 0.0493209 0.0492221 0.0491018 0.0489872 0.0488362 0.0486791 0.0485086 0.04834 0.0481272 0.047916 0.0476973 0.047468 0.0471981 0.0469351 0.0466639 0.0463737 0.0460548 0.0457333 0.0454098 0.0450653 0.0446965 0.0443128 0.0439445 0.0435492 0.043129 0.042692 0.0422815 0.0418457 0.0413863 0.0409132 0.0404697 0.0400264 0.039567 0.0391179 0.0387043 0.0383425 0.0380328 0.0378212 0.0377022 0.0377456 0.0380117 0.0385327 0.0392893 0.0403085 0.0416001 0.0430812 0.0446639 0.0461701 0.0473823 0.0480635 0.0480113 0.0469724 0.044749 0.0412555 0.0364406 0.0304313 0.0234547 0.0158118 0.00787815 7.92368e-05 -0.0071923 -0.013587 -0.0187915 -0.0226695 -0.025136 -0.0262216 -0.0260872 -0.0248968 -0.0229075 -0.0203767 -0.0175438 -0.0146335 -0.0118242 -0.00923925 -0.00695037 -0.00501555 -0.00341244 -0.00214321 -0.00118148 -0.00045954 2.17821e-05 0.000339761 0.000518221 0.000574496 0.000580848 0.000511373 0.00041945 0.000316958 0.00018311 7.51799e-05 -5.06998e-05 
0 0.000310691 0.000622061 0.000962881 0.00132586 0.00173299 0.0022131 0.00276696 0.00344747 0.00427676 0.00528733 0.00654477 0.00806794 0.0099216 0.0121481 0.0147676 0.0178195 0.0212928 0.0251496 0.0293174 0.0336708 0.0380095 0.0421356 0.045775 0.0486473 0.0505429 0.0511841 0.0504632 0.0483047 0.0447159 0.0399057 0.0340933 0.0276596 0.0210009 0.0145414 0.00866644 0.00372055 -1.85306e-05 -0.00243738 -0.00345646 -0.00319794 -0.00181753 0.000457064 0.00340418 0.00677101 0.0103086 0.013857 0.0171974 0.0202981 0.0231159 0.0256331 0.0278216 0.0297362 0.0314081 0.0328771 0.0342325 0.0354376 0.0365208 0.0374935 0.0384483 0.0393459 0.0401763 0.0409253 0.0416609 0.0423834 0.04305 0.0436735 0.044261 0.0448467 0.045392 0.0459182 0.0463917 0.046873 0.0473234 0.0477571 0.0481471 0.0485423 0.0489114 0.049264 0.0495873 0.0499041 0.0502055 0.050487 0.0507489 0.0509973 0.0512399 0.0514555 0.0516617 0.0518507 0.0520373 0.0521935 0.0523492 0.0524834 0.0526167 0.0527206 0.052828 0.0529105 0.0529945 0.0530501 0.0531099 0.0531442 0.0531817 0.0531902 0.0532032 0.0531925 0.0531834 0.0531449 0.0531127 0.0530581 0.0530001 0.0529158 0.0528388 0.0527387 0.0526297 0.052502 0.0523775 0.0522305 0.0520704 0.0518994 0.0517228 0.0515315 0.0513186 0.0511009 0.0508725 0.050639 0.0503684 0.050104 0.0498257 0.0495454 0.0492213 0.0489098 0.0485764 0.0482495 0.0478884 0.0475193 0.0471336 0.046768 0.0463845 0.0459684 0.0455553 0.0451607 0.0447956 0.044404 0.0440389 0.0437281 0.0435282 0.043381 0.0433713 0.0435417 0.043928 0.0445721 0.0454918 0.0466738 0.0480758 0.0496913 0.0513301 0.0528433 0.0539943 0.054564 0.054302 0.0529855 0.0504423 0.0465206 0.0412682 0.0347807 0.02731 0.0191649 0.010748 0.00245437 -0.0053007 -0.0121078 -0.0177349 -0.0219302 -0.0246587 -0.0259682 -0.0259524 -0.0248565 -0.0228963 -0.0203388 -0.0174471 -0.0144489 -0.0115246 -0.0088289 -0.00644536 -0.00440564 -0.00275184 -0.00143048 -0.000432736 0.000275503 0.000769211 0.00105241 0.00119476 0.0012266 0.00116276 0.00105963 0.000911406 0.000744856 0.00058099 0.000404212 0.000241925 
0 0.000419016 0.000860799 0.00130345 0.00180113 0.00233716 0.002946 0.00366224 0.0044895 0.00549787 0.00670063 0.00815838 0.0099216 0.0120263 0.0145364 0.017468 0.020858 0.0246858 0.028909 0.0334411 0.0381271 0.0427903 0.0471816 0.0510482 0.0541147 0.0561235 0.056852 0.0561473 0.053941 0.0502716 0.0453292 0.0393587 0.0327536 0.0259097 0.0192231 0.0131238 0.00792232 0.00390862 0.00126255 1.5703e-05 9.20374e-05 0.00134408 0.00353159 0.00643675 0.00984087 0.0134738 0.0171433 0.0206613 0.0239293 0.0269001 0.029558 0.0318934 0.033921 0.0356695 0.0372037 0.038574 0.0397713 0.040857 0.0418473 0.0427489 0.0435798 0.0443717 0.0450957 0.045776 0.0464221 0.0470268 0.0475999 0.0481395 0.0486464 0.04913 0.0495969 0.0500182 0.0504304 0.0508243 0.0511936 0.0515336 0.0518733 0.0521818 0.052478 0.0527588 0.0530248 0.0532672 0.0535089 0.0537295 0.0539328 0.0541282 0.0543155 0.0544813 0.0546386 0.0547899 0.054925 0.0550494 0.0551662 0.055273 0.0553664 0.0554558 0.0555317 0.0556002 0.0556596 0.0557127 0.0557514 0.0557879 0.0558129 0.0558295 0.055837 0.0558407 0.0558292 0.0558136 0.0557906 0.0557557 0.0557106 0.0556645 0.0556042 0.05553 0.0554559 0.0553712 0.0552699 0.055162 0.0550531 0.0549218 0.0547868 0.0546421 0.0544863 0.0543157 0.0541487 0.0539526 0.0537545 0.0535523 0.0533368 0.0530927 0.0528616 0.052615 0.0523515 0.0520746 0.0517946 0.051509 0.0512193 0.0509032 0.0505807 0.0502893 0.049987 0.0496776 0.0493909 0.04915 0.0489573 0.0488613 0.0488525 0.0489804 0.0493071 0.0498804 0.0507207 0.0518184 0.0531614 0.054734 0.0564618 0.0581772 0.0597115 0.0607962 0.0612089 0.0607378 0.0591447 0.0562551 0.0519799 0.046311 0.0393896 0.0314892 0.0229027 0.0140554 0.0053492 -0.00280682 -0.0100112 -0.0159826 -0.0205073 -0.0235132 -0.0250293 -0.025191 -0.0241934 -0.0222893 -0.0197463 -0.0168231 -0.013772 -0.0107757 -0.00800305 -0.00553684 -0.00343932 -0.00172813 -0.000375842 0.000623836 0.00134158 0.00179586 0.00204685 0.00214696 0.00210613 0.00200093 0.00182097 0.00160929 0.00138953 0.00114234 0.000921823 0.000691026 
0 0.000565622 0.00115811 0.00174887 0.00240233 0.00309737 0.00387077 0.00476558 0.00577877 0.00699273 0.00841856 0.0101172 0.0121481 0.0145364 0.0173558 0.0206176 0.0243514 0.0285379 0.0331196 0.0380074 0.0430282 0.0479962 0.052651 0.0567276 0.0599543 0.062064 0.0628469 0.0621485 0.0599087 0.0561755 0.0511356 0.0450491 0.0382999 0.0312921 0.0244177 0.0181055 0.0126698 0.00839885 0.00548475 0.00396222 0.00378641 0.00481769 0.00684018 0.00964428 0.0129993 0.0166374 0.0203557 0.0239624 0.0273402 0.0304396 0.0332091 0.0356337 0.0377314 0.0395263 0.0410844 0.0424565 0.0436407 0.0446833 0.045618 0.0464588 0.0472343 0.047952 0.0485918 0.0491933 0.0497632 0.0502841 0.0507725 0.0512342 0.0516555 0.0520568 0.0524423 0.0527889 0.0531208 0.0534369 0.053727 0.0540007 0.0542701 0.0545036 0.0547302 0.054955 0.0551572 0.0553326 0.0555197 0.0556907 0.0558388 0.0559815 0.0561264 0.0562497 0.056366 0.0564781 0.0565816 0.0566758 0.0567665 0.0568458 0.0569217 0.0569955 0.0570576 0.0571126 0.057171 0.0572212 0.0572589 0.0572989 0.0573379 0.0573636 0.0573857 0.0574095 0.0574245 0.0574319 0.0574396 0.0574385 0.0574333 0.0574256 0.0574084 0.0573818 0.0573628 0.057329 0.0572812 0.0572379 0.0571965 0.057125 0.0570568 0.0569928 0.0569116 0.0568129 0.0567266 0.0566213 0.056506 0.0563907 0.0562649 0.0561206 0.0559844 0.0558338 0.0556687 0.0555053 0.0553291 0.0551423 0.0549649 0.0547747 0.0545669 0.0543809 0.0542011 0.054028 0.0538832 0.0537747 0.0537284 0.0537935 0.0539696 0.0542987 0.0548415 0.0556293 0.0566908 0.0580241 0.0595893 0.0613554 0.0632223 0.0650148 0.06655 0.0675717 0.0678461 0.0671645 0.0653003 0.0620849 0.0574561 0.0514171 0.0441317 0.035872 0.026939 0.0177492 0.00870121 0.000210815 -0.00732423 -0.013602 -0.0184113 -0.0216672 -0.023398 -0.0237395 -0.022878 -0.0210714 -0.0185778 -0.0156652 -0.0125878 -0.00954165 -0.00671004 -0.00418223 -0.00203872 -0.000291917 0.00107371 0.00206559 0.00276466 0.00317907 0.00338113 0.00342024 0.00330657 0.00312626 0.00286292 0.00256939 0.00227018 0.00194454 0.00165428 0.00135585 
0 0.000752887 0.00151413 0.00230666 0.00313908 0.00403119 0.00501635 0.00611148 0.00736009 0.00880572 0.0104817 0.0124541 0.0147676 0.017468 0.0206176 0.0242327 0.0283254 0.032888 0.0378325 0.0430606 0.0484082 0.0536328 0.058521 0.0627725 0.0661102 0.0683132 0.0691176 0.0684148 0.0661425 0.0623402 0.0572205 0.0510443 0.0441872 0.0370409 0.0300204 0.023495 0.0178144 0.0132737 0.0100311 0.00818937 0.00769415 0.00842375 0.0101862 0.0127959 0.0160011 0.0195507 0.0232618 0.0268864 0.0303224 0.0334897 0.0363271 0.0387981 0.0409429 0.0427716 0.0443128 0.0456501 0.046785 0.0477739 0.0486219 0.0493822 0.050061 0.0506759 0.0512152 0.0517212 0.0521902 0.052598 0.052991 0.0533537 0.0536843 0.0539776 0.0542737 0.0545287 0.0547786 0.0549974 0.0552049 0.0554002 0.0555928 0.0557439 0.0558952 0.0560555 0.0561868 0.0562963 0.0564168 0.0565366 0.0566229 0.0567154 0.0568043 0.0568902 0.0569566 0.0570332 0.0570936 0.057165 0.0572188 0.0572769 0.0573255 0.057391 0.0574297 0.0574792 0.0575272 0.0575827 0.0576113 0.0576634 0.0577078 0.0577521 0.0577811 0.0578344 0.0578691 0.0579094 0.0579404 0.0579851 0.0580136 0.0580534 0.0580755 0.0581092 0.0581387 0.0581658 0.0581728 0.0582032 0.0582259 0.0582263 0.058229 0.0582509 0.0582502 0.0582317 0.0582339 0.0582254 0.0582076 0.0581804 0.058161 0.0581241 0.0581033 0.0580519 0.0580069 0.0579646 0.0579234 0.0578512 0.0578022 0.0577548 0.057697 0.0576491 0.0576151 0.0576115 0.0576297 0.0577044 0.0578506 0.0581279 0.0585136 0.0590924 0.0599021 0.0609567 0.0622857 0.0638892 0.0657086 0.0676705 0.0697057 0.0715862 0.0731289 0.0740892 0.0742296 0.0733326 0.07121 0.0677213 0.0627749 0.0564478 0.048876 0.0403309 0.0311446 0.0217042 0.0124081 0.00366941 -0.00410797 -0.0106524 -0.0157039 -0.0191919 -0.0211495 -0.0216564 -0.0209507 -0.0192489 -0.0168146 -0.0139389 -0.0108539 -0.00778516 -0.00491439 -0.00235038 -0.000168753 0.00159503 0.00296397 0.00394986 0.00459973 0.00497655 0.00510762 0.00506359 0.00488378 0.00459528 0.00425552 0.00386934 0.00346552 0.00307039 0.00267163 0.00229915 
0 0.000969596 0.00196363 0.00296978 0.00403587 0.00516396 0.00638016 0.00773315 0.00923586 0.0109509 0.0129191 0.0151875 0.0178195 0.020858 0.0243514 0.0283254 0.0327925 0.0377097 0.0430145 0.0485756 0.0541956 0.0596856 0.0647475 0.0691272 0.0725662 0.0747725 0.0755894 0.074848 0.0725058 0.0686494 0.0634455 0.0571875 0.0502319 0.0429806 0.0357912 0.0290812 0.0231611 0.0182966 0.0147271 0.0124908 0.0115992 0.0119464 0.0133763 0.0156723 0.0186381 0.0220345 0.0256052 0.0292015 0.0326346 0.0358122 0.0386517 0.0411632 0.0433142 0.0451283 0.0466666 0.0479374 0.0489952 0.0498911 0.0506887 0.0513303 0.0518822 0.0523723 0.0528304 0.0532227 0.0535556 0.0538531 0.0541379 0.0544061 0.0546135 0.0548121 0.0549912 0.0551706 0.0553098 0.0554439 0.0555487 0.055674 0.0557715 0.0558485 0.0559163 0.0560069 0.0560665 0.0561083 0.0561634 0.0562197 0.0562564 0.056286 0.0563296 0.0563623 0.0563961 0.0564185 0.0564542 0.0564832 0.0565197 0.0565374 0.056579 0.0566141 0.0566514 0.0566757 0.0567328 0.0567719 0.0568148 0.0568573 0.0569266 0.0569694 0.0570274 0.057088 0.057163 0.0572165 0.057291 0.0573617 0.0574434 0.0575117 0.0575924 0.0576713 0.0577631 0.057838 0.057917 0.0580105 0.058104 0.058176 0.0582574 0.0583631 0.058444 0.0585189 0.0586031 0.0587054 0.0587782 0.058863 0.0589358 0.0590314 0.059112 0.0591963 0.0592589 0.0593533 0.0594433 0.0595308 0.0596079 0.0596957 0.0598121 0.0599421 0.0600757 0.0602182 0.0604551 0.0607464 0.061122 0.061609 0.062284 0.0631423 0.0642436 0.0656227 0.0672659 0.0691599 0.0712501 0.0734757 0.0756507 0.0776417 0.0792064 0.0801025 0.0801085 0.0790288 0.076676 0.0729171 0.0677506 0.0611752 0.0534014 0.0446843 0.0353344 0.0257462 0.0163089 0.00742502 -0.000540528 -0.00724207 -0.0125024 -0.0161907 -0.0183137 -0.019019 -0.0184429 -0.0168569 -0.0145142 -0.0116699 -0.00860189 -0.00552192 -0.00261666 -1.75583e-05 0.00218536 0.00397397 0.00533511 0.00629685 0.00692092 0.00722481 0.00729588 0.00716887 0.00688092 0.00651049 0.00604858 0.00555895 0.00506003 0.00454325 0.00406737 0.00359504 
0 0.00123765 0.00248166 0.00376895 0.00509266 0.00649522 0.00799594 0.00962273 0.0114287 0.0134411 0.0157251 0.018322 0.0212928 0.0246858 0.0285379 0.032888 0.0377097 0.0429917 0.0486234 0.0544695 0.0603616 0.0660264 0.0712404 0.0757053 0.0791511 0.081356 0.0821021 0.0812801 0.0788568 0.0749129 0.0696227 0.0632944 0.0562482 0.0488638 0.0415484 0.0346188 0.0284437 0.0232779 0.0193048 0.0166361 0.0152784 0.0151569 0.0161414 0.0180739 0.020706 0.0238311 0.0272219 0.0306821 0.0340434 0.0371909 0.0400363 0.0425139 0.0446503 0.0464518 0.0479372 0.0491423 0.0501432 0.0509542 0.0516091 0.052152 0.0526071 0.0529834 0.0532964 0.053571 0.0537976 0.0539866 0.0541477 0.0542985 0.0544143 0.0545042 0.0545819 0.0546607 0.0547162 0.0547489 0.0547753 0.0548108 0.0548317 0.0548286 0.0548279 0.0548395 0.0548372 0.0548166 0.0548074 0.0548048 0.0547919 0.0547706 0.0547616 0.0547554 0.0547469 0.0547334 0.0547319 0.0547361 0.0547401 0.05474 0.0547573 0.0547801 0.0547997 0.0548219 0.054866 0.0549082 0.0549488 0.0550015 0.055072 0.0551342 0.0552027 0.0552866 0.0553801 0.0554658 0.0555638 0.0556741 0.05579 0.0559005 0.0560227 0.0561565 0.0562948 0.0564246 0.0565665 0.0567237 0.0568789 0.0570225 0.0571836 0.0573603 0.0575265 0.0576847 0.0578621 0.058053 0.0582315 0.0584055 0.058595 0.0588019 0.0589965 0.059187 0.0593924 0.0596217 0.0598391 0.0600549 0.0602897 0.060559 0.0608274 0.0611039 0.0614227 0.0618043 0.0622348 0.06274 0.0633667 0.064133 0.0650924 0.0662832 0.0677284 0.0694228 0.0714036 0.0736333 0.0760356 0.0784897 0.0808526 0.0829316 0.0844982 0.0853534 0.085247 0.0839893 0.0814297 0.0774784 0.0720955 0.0653844 0.0575081 0.0486989 0.0393193 0.0296876 0.0202076 0.0112732 0.00323952 -0.00357762 -0.00895422 -0.0127844 -0.0150799 -0.0159118 -0.0154892 -0.0140096 -0.0117331 -0.00894569 -0.00587189 -0.00278081 0.000157422 0.00279445 0.00503259 0.00684041 0.00820154 0.00915655 0.0097294 0.00999082 0.0099846 0.00976257 0.00939501 0.00889594 0.00833735 0.00773256 0.00710552 0.00650124 0.00589584 0.00533385 
0 0.00154304 0.00309019 0.00468582 0.00631384 0.00802807 0.00984276 0.0117858 0.0139215 0.0162612 0.0188864 0.0218312 0.0251496 0.028909 0.0331196 0.0378325 0.0430145 0.0486234 0.0545651 0.0606693 0.0667577 0.0725655 0.0778438 0.0823183 0.0857244 0.0878415 0.0884806 0.087536 0.0849857 0.0809271 0.0755367 0.0691146 0.0619774 0.0544887 0.0470232 0.0398943 0.0334512 0.0279289 0.0235321 0.0203816 0.0184967 0.0178471 0.0183281 0.019775 0.0219871 0.0247734 0.0278902 0.0311724 0.0344236 0.0374826 0.0402643 0.0427144 0.0448268 0.0466023 0.0480529 0.049188 0.050095 0.0508143 0.0513983 0.0518411 0.0521573 0.0524051 0.0526285 0.0527982 0.0528988 0.0529741 0.0530331 0.0530879 0.0531057 0.0530978 0.0530795 0.0530791 0.0530477 0.0529995 0.0529499 0.052912 0.052857 0.0527938 0.0527284 0.0526725 0.0526141 0.0525444 0.0524782 0.0524237 0.05237 0.0523047 0.0522539 0.0522107 0.0521698 0.0521233 0.0520968 0.0520725 0.0520552 0.0520373 0.0520404 0.0520436 0.052058 0.0520742 0.052112 0.052149 0.0521991 0.0522533 0.0523292 0.0524028 0.0524904 0.052585 0.0526998 0.0528097 0.0529349 0.0530708 0.0532223 0.053366 0.0535285 0.0537046 0.0538869 0.0540628 0.0542622 0.0544727 0.054681 0.0548911 0.0551212 0.0553609 0.0555983 0.0558399 0.0560927 0.0563674 0.0566363 0.0569028 0.0571839 0.0574991 0.0577989 0.0581017 0.05842 0.0587708 0.0591249 0.0594883 0.0598501 0.0602583 0.0607117 0.0611771 0.0616646 0.0622277 0.0628911 0.0636533 0.064543 0.0655826 0.0668578 0.0683852 0.0701816 0.07225 0.0745883 0.0771379 0.0798368 0.0825396 0.0850619 0.0872385 0.0888238 0.0896104 0.0893852 0.0879715 0.0852364 0.0811313 0.0756386 0.0688551 0.0609595 0.0521759 0.0428486 0.0332931 0.0238929 0.0150165 0.00700411 0.000169431 -0.00527396 -0.00920114 -0.0116028 -0.0125533 -0.0122295 -0.0108282 -0.00861289 -0.00584457 -0.00276933 0.00035014 0.00334147 0.0060272 0.00832164 0.0101727 0.0115529 0.0125129 0.0130611 0.0132767 0.0132086 0.0129041 0.0124446 0.0118449 0.011176 0.0104591 0.00971703 0.00899505 0.00827764 0.00760551 
