0 0 0 0 0 0 0 0 0 0 0 0 0 0 0 0 0 0 0 0 0 0 0 0 0 0 0 0 0 0 0 0 0 0 0 0 0 0 0 0 0 0 0 0 0 0 0 0 0 0 0 0 0 0 0 0 0 0 0 0 0 0 0 0 0 0 0 0 0 0 0 0 0 0 0 0 0 0 0 0 0 0 0 0 0 0 0 0 0 0 0 0 0 0 0 0 0 0 0 0 0 0 0 0 0 0 0 0 0 0 0 0 0 0 0 0 0 0 0 0 0 0 0 0 0 0 0 0 0 0 0 0 0 0 0 0 0 0 0 0 0 0 0 0 0 0 0 0 0 0 0 0 0 0 0 0 0 0 0 0 0 0 0 0 0 0 0 0 0 0 0 0 0 0 0 0 0 0 0 0 0 0 0 0 0 0 0 0 0 0 0 0 0 0 0 0 0 0 0 0 
0 0.000868834 0.00171811 0.00251431 0.00324801 0.00388413 0.00439952 0.00477736 0.00499241 0.00505953 0.00497409 0.00475849 0.00445214 0.0040797 0.00370897 0.00335502 0.00304425 0.00279958 0.00260712 0.00250009 0.00243854 0.00240442 0.00237624 0.00230801 0.00220825 0.00203018 0.00176474 0.00141062 0.000965155 0.00044268 -0.000156865 -0.000829482 -0.00155217 -0.00230003 -0.00308184 -0.00386035 -0.00464069 -0.00538919 -0.0060934 -0.00676696 -0.00737505 -0.00792254 -0.00839065 -0.00879569 -0.00911533 -0.00935641 -0.00951043 -0.00958714 -0.00959569 -0.00951717 -0.00937013 -0.00915939 -0.00889442 -0.00855495 -0.00818966 -0.00777897 -0.00734392 -0.00689109 -0.00642219 -0.00595417 -0.00549325 -0.00503503 -0.00459452 -0.00419507 -0.00379486 -0.00343031 -0.00309292 -0.00278495 -0.00249074 -0.00224219 -0.00201295 -0.00180464 -0.00161051 -0.00145362 -0.00131135 -0.00117996 -0.00107854 -0.000990682 -0.000900359 -0.00083124 -0.000794257 -0.000743575 -0.000701054 -0.000671417 -0.000656561 -0.000633565 -0.000623433 -0.000605751 -0.000602904 -0.000594276 -0.000593398 -0.000583041 -0.00058595 -0.000579302 -0.000582503 -0.000575178 -0.000578989 -0.000573892 -0.00057735 -0.000571025 -0.000576552 -0.000570588 -0.000574338 -0.000569781 -0.000574825 -0.000569178 -0.000573752 -0.000568655 -0.000575185 -0.000570224 -0.000573677 -0.000568985 -0.000575182 -0.000572118 -0.000576042 -0.000563757 -0.000567924 -0.000571685 -0.000564444 -0.000540852 -0.000542473 -0.000531994 -0.000505331 -0.0004777 -0.000449259 -0.000401947 -0.000351412 -0.000297446 -0.00022092 -0.000130521 -2.56944e-05 8.17378e-05 0.000222002 0.000373176 0.000543562 0.000736129 0.000969818 0.001199 0.00146843 0.0017691 0.00209098 0.00243804 0.00282382 0.00322621 0.00364917 0.00409452 0.00454582 0.00502242 0.00548749 0.00595387 0.00640742 0.00685012 0.00724981 0.00762504 0.00796508 0.00825634 0.00849449 0.00867531 0.00880331 0.00885803 0.0088519 0.00876051 0.00861685 0.00839094 0.00807956 0.00769941 0.00723298 0.00669409 0.00606778 0.00535951 0.00458035 0.0037375 0.00281377 0.00183604 0.000804155 -0.000263986 -0.00134137 -0.0024392 -0.00349199 -0.00448693 -0.00538504 -0.00615276 -0.00679216 -0.0072576 -0.007563 -0.00771245 -0.00772723 -0.00764954 -0.00749614 -0.00731768 -0.00715684 -0.00705622 -0.00704955 -0.00713456 -0.00730479 -0.0075402 -0.00781886 -0.00812042 -0.00841148 -0.00866526 
0 0.00171811 0.00337988 0.00496253 0.00639144 0.00764508 0.00865396 0.00937254 0.00979647 0.00988926 0.00970548 0.00925437 0.00860801 0.00786705 0.00708522 0.0063737 0.0057342 0.00521315 0.0048341 0.00457861 0.00445451 0.00437343 0.00430268 0.00418768 0.00398801 0.00366247 0.00316482 0.00249392 0.00164667 0.000657184 -0.000499612 -0.00178187 -0.00316089 -0.0046133 -0.00609013 -0.00760876 -0.00910969 -0.0105556 -0.0119442 -0.0132493 -0.0144449 -0.0155216 -0.0164439 -0.0172323 -0.0178903 -0.0183604 -0.0186895 -0.0188697 -0.0188869 -0.0187616 -0.0184868 -0.0180878 -0.0175865 -0.0169658 -0.0162508 -0.0154833 -0.014645 -0.0137559 -0.0128525 -0.0119511 -0.0110463 -0.0101521 -0.00930146 -0.00847822 -0.00769002 -0.00696401 -0.00629195 -0.00566361 -0.00509634 -0.00456928 -0.00409284 -0.00367891 -0.00330029 -0.00296686 -0.00268011 -0.00241644 -0.00218547 -0.00200635 -0.00184608 -0.00171056 -0.00159031 -0.00148973 -0.00142018 -0.0013719 -0.00130717 -0.00126269 -0.00124224 -0.00122207 -0.00119509 -0.00118277 -0.00117276 -0.00116569 -0.00115716 -0.00115265 -0.00114832 -0.00114536 -0.0011414 -0.00114135 -0.00113754 -0.00113583 -0.00113571 -0.0011346 -0.00113191 -0.00113364 -0.00113187 -0.00113151 -0.00113198 -0.00113399 -0.00113186 -0.0011313 -0.00113372 -0.00114081 -0.00113219 -0.00112748 -0.00113648 -0.00113983 -0.00112149 -0.00111351 -0.00110438 -0.00109459 -0.00107215 -0.0010292 -0.000978865 -0.00094308 -0.000871335 -0.000775863 -0.000678106 -0.000550624 -0.000389538 -0.000224726 -2.41943e-05 0.000220883 0.000494102 0.000806869 0.00115511 0.00154628 0.00198911 0.0024801 0.00302044 0.00362411 0.0042749 0.00497118 0.00571661 0.00652105 0.0073657 0.00822554 0.00913044 0.0100505 0.010947 0.0118441 0.0127293 0.0135613 0.0143513 0.0150691 0.015708 0.0162746 0.0167089 0.017044 0.0172781 0.0173721 0.0173312 0.0171577 0.0168398 0.0163825 0.015764 0.0149831 0.0140772 0.0130043 0.0117778 0.0103966 0.00887244 0.00721968 0.00542169 0.0035031 0.00148231 -0.000591617 -0.00271842 -0.0048404 -0.0069065 -0.00885129 -0.0105879 -0.0121097 -0.0133345 -0.0142516 -0.0148424 -0.0151147 -0.0151495 -0.0149713 -0.014671 -0.0143153 -0.0139949 -0.0138121 -0.0138017 -0.0139898 -0.0143428 -0.014826 -0.0154013 -0.0160126 -0.016611 -0.017132 
0 0.00251431 0.00496253 0.00725846 0.00935645 0.0111638 0.0126091 0.0136368 0.0141883 0.0142883 0.0139413 0.0132107 0.012206 0.0110213 0.00982703 0.00869352 0.00769258 0.0068855 0.00625889 0.00587436 0.00564945 0.00552206 0.00542721 0.00525466 0.00499735 0.00454743 0.00386716 0.00294834 0.0017858 0.00041039 -0.0011788 -0.00296732 -0.00489938 -0.00691699 -0.00902485 -0.0111491 -0.0132825 -0.0153474 -0.0173132 -0.0191965 -0.0209222 -0.022487 -0.023847 -0.0250313 -0.0259922 -0.0267308 -0.0272348 -0.0275227 -0.0276109 -0.0274657 -0.0271231 -0.0266018 -0.0259229 -0.0250488 -0.0240795 -0.0229885 -0.0218153 -0.0205781 -0.0192892 -0.0179871 -0.0166862 -0.0153837 -0.014119 -0.0129382 -0.011766 -0.0106776 -0.00966178 -0.00872277 -0.00783458 -0.00705783 -0.0063455 -0.00569847 -0.00510132 -0.00460069 -0.00415143 -0.00374116 -0.00340825 -0.0031214 -0.00284299 -0.00262036 -0.00247304 -0.00231087 -0.00217451 -0.00207351 -0.0020062 -0.00193161 -0.00188815 -0.00183494 -0.0018126 -0.00178422 -0.00177289 -0.00174586 -0.00174472 -0.00172788 -0.00173042 -0.00171352 -0.00171811 -0.00170744 -0.00171199 -0.00169883 -0.00170884 -0.00169694 -0.00170298 -0.00169493 -0.00170423 -0.00169342 -0.00170244 -0.00169378 -0.00170604 -0.00169709 -0.00170395 -0.00169583 -0.00170627 -0.00169906 -0.00170432 -0.0016773 -0.00167834 -0.00167737 -0.00165026 -0.0015892 -0.00157222 -0.00152462 -0.00143832 -0.0013467 -0.00124244 -0.00109089 -0.000925592 -0.000741308 -0.000497516 -0.000214586 0.000111231 0.000462586 0.000896083 0.00137163 0.00190609 0.00250906 0.00321504 0.00393662 0.00475944 0.00566828 0.00663772 0.00767381 0.00880064 0.00997329 0.0111924 0.0124557 0.0137339 0.0150558 0.0163426 0.0176182 0.0188544 0.0200433 0.0211218 0.0221204 0.023015 0.0237747 0.0243804 0.0248251 0.025115 0.0252026 0.0251075 0.0247871 0.0243018 0.0235945 0.022656 0.0215207 0.0201622 0.0186011 0.0168092 0.0147979 0.0125933 0.0102084 0.00760959 0.00485185 0.00194521 -0.00106168 -0.00410916 -0.00719551 -0.0101701 -0.012974 -0.015501 -0.0176663 -0.0194475 -0.0207444 -0.0215768 -0.0219638 -0.0219719 -0.0217098 -0.0212468 -0.0207205 -0.0202601 -0.0199901 -0.0200015 -0.020296 -0.0208502 -0.0216059 -0.0224952 -0.0234495 -0.0243733 -0.0251885 
0 0.00324801 0.00639144 0.00935645 0.0120262 0.0143239 0.0161353 0.0173749 0.0180111 0.0180139 0.0174506 0.0163775 0.0149307 0.0132863 0.0115903 0.0100121 0.00860704 0.00745273 0.00658696 0.00600599 0.00568609 0.00550445 0.00538009 0.00521008 0.00492285 0.00442963 0.00365592 0.00258602 0.00121494 -0.000418107 -0.00233472 -0.004486 -0.00682017 -0.00929024 -0.0118396 -0.0144612 -0.0170818 -0.0196367 -0.0221051 -0.0244565 -0.0266395 -0.0286286 -0.0303749 -0.0318947 -0.033176 -0.0341558 -0.034872 -0.0353212 -0.0354933 -0.0353982 -0.0350421 -0.034459 -0.033676 -0.0326769 -0.0315073 -0.0302117 -0.0287839 -0.0272521 -0.0256607 -0.0240435 -0.0224003 -0.0207523 -0.019147 -0.0175842 -0.0160639 -0.0146328 -0.0132895 -0.0120269 -0.0108604 -0.00978376 -0.00880286 -0.00792553 -0.0071272 -0.00642193 -0.00580192 -0.00523857 -0.00475 -0.00434386 -0.00398196 -0.00367363 -0.00341257 -0.00318433 -0.00300743 -0.00287104 -0.00273678 -0.00263001 -0.00256179 -0.00250124 -0.00244516 -0.00240687 -0.002379 -0.0023554 -0.0023365 -0.00232188 -0.00231226 -0.00230188 -0.00229494 -0.00229105 -0.00228536 -0.00227991 -0.00228032 -0.00227654 -0.00227361 -0.00227419 -0.00227363 -0.00227137 -0.00227356 -0.00227462 -0.00227392 -0.0022723 -0.00227579 -0.00227938 -0.00226982 -0.00226083 -0.00226459 -0.00225349 -0.00222283 -0.00219724 -0.00216151 -0.0021119 -0.0020497 -0.00195255 -0.0018328 -0.00171397 -0.00154671 -0.00133151 -0.00109634 -0.000810845 -0.000463752 -8.24041e-05 0.000362992 0.000884962 0.00147739 0.00214564 0.00288889 0.00372009 0.0046519 0.00566482 0.00677378 0.00798796 0.00928157 0.0106478 0.0120951 0.0136168 0.0151879 0.0167796 0.0184112 0.0200492 0.0216392 0.0232014 0.024717 0.0261376 0.0274537 0.0286398 0.0296806 0.0305669 0.031233 0.0317076 0.0319851 0.0320161 0.0318031 0.0313433 0.0306374 0.029677 0.0284396 0.026934 0.0251947 0.0231826 0.0209031 0.018358 0.0155656 0.0125412 0.00926078 0.0057624 0.0020792 -0.00171956 -0.0056036 -0.00949156 -0.0132702 -0.01682 -0.0200011 -0.0227542 -0.0249686 -0.026595 -0.0276122 -0.0280494 -0.028026 -0.0276292 -0.0270083 -0.0263101 -0.0257102 -0.0253847 -0.0254199 -0.0258497 -0.0266221 -0.0276658 -0.0288962 -0.0302029 -0.0314752 -0.0325971 
0 0.00388413 0.00764508 0.0111638 0.0143239 0.0170022 0.019075 0.020442 0.0210442 0.0208809 0.0200023 0.0185081 0.0165643 0.0143687 0.0121362 0.0100368 0.00818053 0.00665552 0.00549985 0.0047357 0.00430195 0.00408414 0.00396948 0.00383071 0.00358358 0.00311303 0.00233718 0.00122808 -0.000219067 -0.00197998 -0.00405511 -0.00641328 -0.00899184 -0.0117304 -0.0145913 -0.0175285 -0.0204869 -0.0233919 -0.0262065 -0.02891 -0.0314426 -0.0337678 -0.0358439 -0.0376744 -0.0392266 -0.0404665 -0.0413965 -0.0420239 -0.0423492 -0.0423615 -0.0420787 -0.0415312 -0.0407362 -0.0396838 -0.0384353 -0.0370121 -0.0354335 -0.0337255 -0.031921 -0.0300581 -0.028152 -0.0262203 -0.0243104 -0.0224484 -0.0206166 -0.0188645 -0.017203 -0.0156342 -0.0141613 -0.0128099 -0.0115699 -0.0104373 -0.00940291 -0.00848983 -0.00767572 -0.0069421 -0.00630884 -0.00576089 -0.00526637 -0.00484789 -0.00450796 -0.00420129 -0.00394265 -0.00373606 -0.00356465 -0.00341783 -0.00330774 -0.0032116 -0.00313871 -0.00308045 -0.00303809 -0.00299854 -0.0029733 -0.00295009 -0.0029371 -0.00291976 -0.00291213 -0.00290346 -0.00289847 -0.0028895 -0.00289077 -0.00288416 -0.00288291 -0.00288054 -0.00288259 -0.00287767 -0.00288068 -0.0028788 -0.0028815 -0.00287705 -0.00287759 -0.00287251 -0.00286723 -0.0028541 -0.00284201 -0.0028097 -0.0027769 -0.00273773 -0.00267088 -0.00257722 -0.0024853 -0.00235585 -0.00218421 -0.00199184 -0.00175686 -0.00146301 -0.00113166 -0.000746634 -0.000282064 0.000248272 0.000852491 0.0015372 0.00232284 0.00319837 0.00417055 0.00525371 0.00645654 0.00774002 0.00913747 0.0106467 0.0122395 0.0139107 0.0156666 0.0174792 0.0193278 0.0211951 0.0230723 0.0249451 0.026757 0.0285117 0.030189 0.0317526 0.0331667 0.0344279 0.035517 0.0364054 0.0370568 0.0374745 0.0376547 0.0375582 0.0371836 0.0365236 0.0355979 0.0343806 0.0328572 0.0310464 0.0289535 0.0265673 0.0238739 0.0208791 0.0176048 0.0140563 0.0102153 0.00611896 0.00180523 -0.00265958 -0.00721551 -0.0117862 -0.0162198 -0.0203774 -0.0241086 -0.0273039 -0.0298693 -0.0317196 -0.0328449 -0.0332914 -0.0331749 -0.0326361 -0.0318326 -0.0309599 -0.0302303 -0.0298392 -0.0299095 -0.0304659 -0.0314595 -0.0327974 -0.0343665 -0.0360378 -0.0376614 -0.0391038 
0 0.00439952 0.00865396 0.0126091 0.0161353 0.019075 0.0212905 0.0226676 0.0231317 0.0226971 0.0214127 0.0194155 0.0168997 0.0140944 0.0112631 0.00859324 0.00624197 0.00430855 0.00284376 0.00187643 0.0013283 0.00108871 0.00101535 0.000967006 0.000831278 0.000477721 -0.000186882 -0.00120833 -0.00259272 -0.0043334 -0.00641368 -0.00881141 -0.0114617 -0.0142983 -0.0172902 -0.0203732 -0.0234998 -0.0265971 -0.0296172 -0.0325363 -0.0352976 -0.0378536 -0.0401733 -0.0422447 -0.0440298 -0.0455113 -0.0466677 -0.047507 -0.0480291 -0.0482145 -0.0480833 -0.0476589 -0.0469512 -0.0459632 -0.0447439 -0.0433086 -0.0416863 -0.039902 -0.037987 -0.0359789 -0.0339007 -0.0317732 -0.0296353 -0.027523 -0.0254311 -0.0234003 -0.0214529 -0.0195979 -0.017836 -0.0162008 -0.0146872 -0.01329 -0.012013 -0.0108695 -0.00983895 -0.00891209 -0.00810222 -0.00739044 -0.00675714 -0.00621041 -0.00575318 -0.00534915 -0.00500428 -0.00471805 -0.00448377 -0.00428176 -0.00412104 -0.00398638 -0.00388243 -0.00379606 -0.00373142 -0.00367553 -0.0036367 -0.0036032 -0.00358117 -0.00355871 -0.00354626 -0.00353368 -0.00352623 -0.0035164 -0.00351463 -0.00350802 -0.00350615 -0.00350264 -0.00350383 -0.00349945 -0.00350076 -0.00349771 -0.00349807 -0.00349202 -0.00348845 -0.00347581 -0.0034632 -0.00344119 -0.00341261 -0.00336235 -0.00330862 -0.00323783 -0.00313792 -0.00300587 -0.00286149 -0.00267456 -0.00244042 -0.00216657 -0.00184549 -0.00145553 -0.00100563 -0.000489366 0.000115136 0.000809617 0.00159325 0.00247521 0.0034778 0.00458566 0.00580576 0.00714946 0.00861806 0.0101804 0.0118596 0.0136444 0.0155092 0.017444 0.0194485 0.0214919 0.0235522 0.0256161 0.0276585 0.0296652 0.0315923 0.0334266 0.0351495 0.0367334 0.0381335 0.0393509 0.0403665 0.0411432 0.0416683 0.041932 0.0419314 0.041644 0.0410616 0.0401808 0.0390212 0.0375551 0.0357746 0.0336975 0.0313142 0.0286268 0.0256102 0.0222699 0.0186224 0.014664 0.0103875 0.00582094 0.00101215 -0.00397648 -0.00906382 -0.0141619 -0.0191027 -0.0237225 -0.0278631 -0.0313779 -0.0341724 -0.0361474 -0.0372952 -0.0376785 -0.0374158 -0.0366868 -0.0356715 -0.0346045 -0.0337307 -0.0332648 -0.0333533 -0.0340206 -0.0352177 -0.0368326 -0.0387242 -0.0407377 -0.0426932 -0.0444385 
0 0.00477736 0.00937254 0.0136368 0.0173749 0.020442 0.0226676 0.0239173 0.0241441 0.0233183 0.0215465 0.0189696 0.0158056 0.0123548 0.008858 0.00558843 0.00270751 0.000330844 -0.00143908 -0.00263353 -0.00327935 -0.00352331 -0.00352642 -0.00341956 -0.0033827 -0.00352666 -0.0039713 -0.00477964 -0.00596411 -0.00752531 -0.00945897 -0.0117214 -0.0142636 -0.0170392 -0.0199678 -0.0230392 -0.0261603 -0.029284 -0.0323704 -0.0353577 -0.0382216 -0.0409007 -0.0433745 -0.0456028 -0.0475865 -0.0492657 -0.0506489 -0.0517245 -0.0524662 -0.0528888 -0.0529813 -0.0527613 -0.0522318 -0.0514286 -0.0503293 -0.0490061 -0.0474519 -0.0456938 -0.0437793 -0.0417346 -0.0395747 -0.037343 -0.0350748 -0.0327658 -0.030485 -0.0282305 -0.0260411 -0.0239192 -0.0219097 -0.019988 -0.0181954 -0.0165309 -0.0150084 -0.0136034 -0.0123381 -0.0112021 -0.0101774 -0.00927355 -0.00849022 -0.00780013 -0.00717896 -0.00665993 -0.00621813 -0.00584475 -0.00551055 -0.00524347 -0.00501773 -0.00484357 -0.00468335 -0.00456634 -0.00446458 -0.0043956 -0.00432716 -0.00428657 -0.00424289 -0.00422214 -0.00419353 -0.00418322 -0.00416381 -0.00416133 -0.00414636 -0.00414813 -0.00413729 -0.00414058 -0.00413108 -0.00413571 -0.00412645 -0.00413069 -0.0041163 -0.00411351 -0.00409707 -0.00408602 -0.00404697 -0.00401279 -0.00395894 -0.00390125 -0.00379979 -0.00368137 -0.00353912 -0.00337787 -0.00314867 -0.00288022 -0.00257199 -0.00220859 -0.00176765 -0.00126118 -0.000675387 9.22125e-06 0.000782501 0.00165797 0.00264221 0.00376378 0.00498955 0.0063496 0.00782884 0.00943738 0.0111457 0.0129914 0.0149194 0.0169397 0.019035 0.0211811 0.0233563 0.025563 0.0277589 0.0299135 0.0320385 0.0340652 0.0359947 0.0377924 0.0394485 0.0409151 0.0421972 0.0432494 0.0440698 0.0446441 0.0449391 0.044971 0.0447239 0.0441965 0.0433645 0.042262 0.0408535 0.0391584 0.0371612 0.0348475 0.0322485 0.0293187 0.0260621 0.0224713 0.0185468 0.0142841 0.00969388 0.00477909 -0.000394531 -0.00575941 -0.0112527 -0.0167156 -0.022026 -0.0269685 -0.0313686 -0.0350937 -0.0379792 -0.0399814 -0.0410593 -0.0412889 -0.0408266 -0.0398351 -0.0385682 -0.037266 -0.0362055 -0.0356351 -0.0356886 -0.0364233 -0.0377693 -0.0396063 -0.0417758 -0.0440786 -0.0463289 -0.0483409 
0 0.00499241 0.00979647 0.0141883 0.0180111 0.0210442 0.0231317 0.0241441 0.0239822 0.0226926 0.0203298 0.0171021 0.0132604 0.00908718 0.0049291 0.00101143 -0.00241656 -0.00522403 -0.00733496 -0.00871462 -0.00946461 -0.00968533 -0.00956666 -0.00927582 -0.00898799 -0.00885255 -0.00898568 -0.00946887 -0.0103191 -0.0115778 -0.013193 -0.0151698 -0.0174515 -0.0199728 -0.0227178 -0.0255884 -0.0285574 -0.0315665 -0.0345537 -0.0374857 -0.0403274 -0.0430174 -0.045552 -0.0478861 -0.049973 -0.0518362 -0.0534078 -0.0546952 -0.055692 -0.0563718 -0.056741 -0.0567999 -0.0565347 -0.0559689 -0.055122 -0.0539874 -0.0526108 -0.0510096 -0.0492043 -0.0472117 -0.0450839 -0.0428413 -0.0405037 -0.0381237 -0.0357217 -0.0333061 -0.0309226 -0.0285981 -0.0263332 -0.0241802 -0.022138 -0.0202021 -0.0184024 -0.0167464 -0.01522 -0.0138443 -0.0126085 -0.0114913 -0.0104949 -0.00961846 -0.008863 -0.00820512 -0.00761734 -0.00710974 -0.00670007 -0.00634678 -0.00603735 -0.00578167 -0.00558 -0.00541099 -0.00527314 -0.00515929 -0.00507437 -0.0050053 -0.00495079 -0.00490878 -0.00487866 -0.00485087 -0.00483491 -0.00482089 -0.00480889 -0.00480091 -0.00479729 -0.00478892 -0.00478684 -0.00478235 -0.00477502 -0.00476583 -0.00475805 -0.00473978 -0.00471334 -0.00467491 -0.00463535 -0.00457629 -0.00448436 -0.00437126 -0.00425146 -0.00408879 -0.00387556 -0.00361914 -0.0033255 -0.00298176 -0.00256355 -0.0020594 -0.00149245 -0.000840949 -7.74532e-05 0.000777572 0.00174649 0.00285533 0.00407916 0.0054178 0.00690313 0.0085094 0.0102428 0.0121032 0.0140675 0.0161222 0.0182658 0.020472 0.0227252 0.025014 0.0273076 0.0295773 0.0317997 0.0339706 0.0360333 0.0379846 0.0398071 0.0414533 0.0429094 0.0441696 0.0451889 0.0459754 0.0465217 0.0467838 0.0468051 0.0465428 0.046001 0.0451973 0.0441119 0.0427515 0.0411283 0.0392185 0.0370244 0.034553 0.0317567 0.0286668 0.0252361 0.0214664 0.0173605 0.0128927 0.00808904 0.0029506 -0.00246287 -0.0080985 -0.013839 -0.0195676 -0.0250992 -0.0302313 -0.0347919 -0.0385682 -0.0414653 -0.0433683 -0.0442803 -0.0442903 -0.0435206 -0.0422226 -0.0406195 -0.0390199 -0.0377169 -0.0369499 -0.0369076 -0.0376138 -0.0390272 -0.0410067 -0.0433608 -0.0458875 -0.0483522 -0.050576 
0 0.00505953 0.00988926 0.0142883 0.0180139 0.0208809 0.0226971 0.0233183 0.0226926 0.020808 0.017799 0.0138635 0.00927785 0.00439755 -0.000476784 -0.00501927 -0.00899374 -0.0122447 -0.014647 -0.0162346 -0.0170477 -0.0172269 -0.0169668 -0.0164288 -0.015846 -0.0153549 -0.0150902 -0.0151526 -0.0155788 -0.0164042 -0.0176127 -0.0191712 -0.0210508 -0.0232161 -0.0255925 -0.0281538 -0.0308242 -0.0335767 -0.0363644 -0.0391176 -0.0418234 -0.0444282 -0.0469249 -0.049248 -0.0514033 -0.0533551 -0.055086 -0.0565753 -0.0577858 -0.0587305 -0.0593887 -0.0597433 -0.0597853 -0.0595625 -0.0590116 -0.0581857 -0.0570797 -0.0557111 -0.054116 -0.0523037 -0.0503008 -0.0481557 -0.0458802 -0.0434748 -0.0410371 -0.0385468 -0.0360507 -0.0335654 -0.0311451 -0.0287665 -0.0264791 -0.0243005 -0.0222663 -0.0203346 -0.0185477 -0.0169221 -0.0154196 -0.0140583 -0.0128681 -0.011798 -0.0108157 -0.00998302 -0.00926023 -0.00862952 -0.00807002 -0.00760615 -0.0072023 -0.0068791 -0.00658929 -0.0063617 -0.00616378 -0.00601806 -0.00588644 -0.00579461 -0.0057053 -0.0056561 -0.00560161 -0.00556953 -0.00553645 -0.00552649 -0.00549773 -0.00549613 -0.00548144 -0.00547746 -0.00546129 -0.00546378 -0.00544198 -0.00543422 -0.00540352 -0.00538005 -0.00533268 -0.00528451 -0.00519724 -0.00510622 -0.00497862 -0.00483865 -0.00463446 -0.00439176 -0.00411597 -0.00380243 -0.00337931 -0.00290292 -0.00236849 -0.0017317 -0.000991011 -0.00016428 0.000792665 0.00188126 0.00307203 0.00440134 0.0058661 0.00747968 0.00920201 0.0110625 0.0130352 0.0151129 0.0172561 0.0195195 0.0218156 0.024141 0.0264931 0.0288362 0.0311284 0.0333795 0.0355461 0.0375981 0.0395297 0.0412734 0.0428612 0.0442399 0.0453994 0.0463227 0.0470241 0.0474575 0.047635 0.0475537 0.0472159 0.0466257 0.0457691 0.0446777 0.0433272 0.0417471 0.0398952 0.0377999 0.0354537 0.0328251 0.0299221 0.0267105 0.0231852 0.0193276 0.0151128 0.0105294 0.00560524 0.000328188 -0.00523363 -0.0110187 -0.0169294 -0.0227787 -0.0284324 -0.0336471 -0.0382271 -0.0419906 -0.0447587 -0.0464871 -0.0471431 -0.0468189 -0.0456878 -0.0439623 -0.0419573 -0.0399732 -0.0383268 -0.0372925 -0.0370267 -0.0376091 -0.0389699 -0.0409676 -0.0434041 -0.0460253 -0.0486138 -0.0509524 
0 0.00497409 0.00970548 0.0139413 0.0174506 0.0200023 0.0214127 0.0215465 0.0203298 0.017799 0.0140699 0.00938566 0.00405481 -0.00157213 -0.00713046 -0.012308 -0.0168151 -0.0204721 -0.0231711 -0.0249117 -0.0257739 -0.0258799 -0.0254343 -0.0246314 -0.0237067 -0.0228222 -0.0221164 -0.0217009 -0.0216268 -0.021956 -0.0226504 -0.0237059 -0.0250956 -0.0267803 -0.0287226 -0.030849 -0.0331236 -0.035518 -0.0379791 -0.0404529 -0.0429243 -0.0453479 -0.0477216 -0.0499822 -0.0521036 -0.054098 -0.0559115 -0.0575297 -0.0589283 -0.060104 -0.0610377 -0.0617012 -0.0620737 -0.0621841 -0.0619995 -0.061517 -0.0607559 -0.0597252 -0.0584368 -0.0568819 -0.0551111 -0.0531532 -0.051012 -0.04872 -0.0463403 -0.0438587 -0.0413212 -0.0387623 -0.0362116 -0.033695 -0.0312329 -0.0288438 -0.0265656 -0.0243915 -0.022343 -0.0204583 -0.0187065 -0.0170923 -0.015639 -0.01433 -0.0131531 -0.0121276 -0.0112082 -0.0103979 -0.00970582 -0.00911468 -0.00859029 -0.00815049 -0.00777899 -0.00747284 -0.00721007 -0.00699741 -0.00682433 -0.00668764 -0.00656969 -0.00648806 -0.00641815 -0.00636247 -0.00632294 -0.00629762 -0.00626544 -0.00625179 -0.00623791 -0.00622145 -0.00620539 -0.00619517 -0.00616696 -0.00614071 -0.00610364 -0.00605344 -0.00597946 -0.00589368 -0.00578201 -0.00564222 -0.00545275 -0.00523771 -0.00497875 -0.0046583 -0.0042728 -0.00382906 -0.00329538 -0.00269179 -0.00199094 -0.00116445 -0.00023314 0.000800792 0.00198637 0.00330065 0.00474 0.00633356 0.00805898 0.00990338 0.0118689 0.0139485 0.0161285 0.0183908 0.0206988 0.023069 0.0254507 0.027819 0.0301708 0.0324827 0.0346986 0.0368121 0.0387956 0.0406329 0.0422825 0.0437286 0.0449853 0.0460017 0.0467682 0.0472943 0.0475771 0.0476031 0.0473835 0.0469084 0.0462203 0.0452875 0.0441117 0.0427318 0.0411317 0.0393214 0.037286 0.035032 0.0325603 0.0298467 0.0268521 0.023585 0.0200116 0.0161124 0.0118605 0.00723074 0.00225904 -0.00306708 -0.00869133 -0.0145524 -0.0205207 -0.0264258 -0.0320932 -0.0372911 -0.0418123 -0.0454307 -0.0480021 -0.0494439 -0.0497544 -0.0490288 -0.0474275 -0.0452194 -0.0427117 -0.0402535 -0.0381727 -0.0367385 -0.0361403 -0.0364446 -0.0376078 -0.0394785 -0.0418373 -0.0444289 -0.0470042 -0.0493557 
0 0.00475849 0.00925437 0.0132107 0.0163775 0.0185081 0.0194155 0.0189696 0.0171021 0.0138635 0.00938566 0.00393573 -0.00214978 -0.00850532 -0.0147405 -0.0205236 -0.0255402 -0.0295849 -0.0325534 -0.0344382 -0.0353299 -0.0353505 -0.0347048 -0.0336131 -0.0323173 -0.031004 -0.0298174 -0.0288831 -0.0282755 -0.0280614 -0.028212 -0.0287203 -0.0295694 -0.0307253 -0.0321573 -0.0337877 -0.0355942 -0.0375547 -0.0396205 -0.041742 -0.0438975 -0.0460611 -0.0482214 -0.0503252 -0.052343 -0.0542946 -0.0561278 -0.0578189 -0.059344 -0.0606965 -0.0618589 -0.0627911 -0.0634784 -0.0639328 -0.0641244 -0.0640254 -0.0636512 -0.0630036 -0.0620845 -0.0608795 -0.0594306 -0.0577604 -0.0558601 -0.0537639 -0.0515253 -0.0491482 -0.0466629 -0.0441126 -0.0415212 -0.0389194 -0.0363245 -0.0337767 -0.0313087 -0.0289187 -0.0266306 -0.0244879 -0.0224697 -0.0205911 -0.0188816 -0.0173191 -0.0158948 -0.014633 -0.0135087 -0.0125075 -0.0116361 -0.0108786 -0.0102164 -0.00964961 -0.00916796 -0.00875958 -0.00841318 -0.00812489 -0.00789206 -0.00769842 -0.00753799 -0.00741744 -0.00732034 -0.00723767 -0.00718152 -0.00713829 -0.00709619 -0.00706936 -0.00704871 -0.00701966 -0.00699524 -0.00697061 -0.00692997 -0.00688086 -0.00682229 -0.00674082 -0.00663497 -0.00650374 -0.00634054 -0.00613766 -0.00588704 -0.00559027 -0.00523367 -0.00480366 -0.00430686 -0.00372838 -0.00303984 -0.00225932 -0.00137199 -0.000344934 0.000804057 0.00207414 0.00350647 0.00507393 0.00676404 0.00859871 0.0105654 0.0126367 0.0148129 0.0170765 0.0194121 0.021788 0.0241836 0.0265988 0.0289876 0.031312 0.0335718 0.0357385 0.0377609 0.0396323 0.0413342 0.0428488 0.0441313 0.0451832 0.0460152 0.0465949 0.0469113 0.046992 0.0468345 0.046432 0.0457937 0.0449251 0.0438703 0.0425998 0.0411229 0.0394755 0.0376542 0.0356506 0.0334585 0.0310812 0.0285209 0.0257494 0.0227185 0.0194383 0.0158702 0.0119845 0.00774095 0.00311805 -0.00185588 -0.00718359 -0.0128184 -0.0186904 -0.0246507 -0.0305272 -0.0361253 -0.0412184 -0.0455809 -0.0489731 -0.0512506 -0.0523248 -0.0522064 -0.0509892 -0.0488432 -0.0460593 -0.0429677 -0.0399411 -0.0373183 -0.0353756 -0.0343113 -0.0342026 -0.0350151 -0.0365966 -0.0387178 -0.0411136 -0.0435284 -0.0457566 
0 0.00445214 0.00860801 0.012206 0.0149307 0.0165643 0.0168997 0.0158056 0.0132604 0.00927785 0.00405481 -0.00214978 -0.0089808 -0.0160239 -0.0229215 -0.0292712 -0.0347721 -0.0391925 -0.0424034 -0.0444338 -0.0453393 -0.0452722 -0.0444286 -0.0430439 -0.0413777 -0.0396316 -0.0379594 -0.0364968 -0.0353517 -0.0345672 -0.0341667 -0.0341079 -0.0343944 -0.0350169 -0.0359028 -0.037027 -0.0383348 -0.0398207 -0.0414501 -0.0431672 -0.0449494 -0.046797 -0.0486834 -0.050556 -0.0524194 -0.0542429 -0.0560254 -0.0577208 -0.0592995 -0.060769 -0.0621049 -0.0632544 -0.064208 -0.0649794 -0.0655056 -0.0657894 -0.0658107 -0.0655703 -0.0650576 -0.0642645 -0.0631938 -0.0618797 -0.0603143 -0.0584979 -0.0564965 -0.0543159 -0.0519731 -0.0495019 -0.0469634 -0.0443473 -0.0416936 -0.0390484 -0.0364472 -0.0338735 -0.0313859 -0.0290146 -0.0267453 -0.0246015 -0.0226291 -0.020804 -0.0191104 -0.0175898 -0.0162315 -0.015014 -0.0139251 -0.0129781 -0.0121483 -0.0114331 -0.0108085 -0.0102817 -0.00982698 -0.00945114 -0.00913291 -0.00887348 -0.00865186 -0.00848564 -0.00834303 -0.00823183 -0.00814324 -0.00808068 -0.0080168 -0.00797666 -0.00793582 -0.00789662 -0.00785048 -0.00780962 -0.00774383 -0.00767131 -0.0075738 -0.00745582 -0.00730085 -0.00711986 -0.00688439 -0.00660523 -0.00627049 -0.00588119 -0.00539951 -0.0048384 -0.00420038 -0.0034629 -0.00258583 -0.00160188 -0.000502917 0.000750039 0.00214586 0.00366749 0.00534139 0.00716581 0.00909801 0.0111548 0.0133294 0.0155979 0.0179189 0.0203122 0.0227374 0.0251575 0.0275516 0.0299302 0.0322165 0.0343917 0.0364582 0.0383705 0.0400912 0.0416192 0.0429403 0.0440232 0.0448701 0.0454537 0.0458087 0.045913 0.0457576 0.0453666 0.0447695 0.0439397 0.0428915 0.0416689 0.0402655 0.0386983 0.0369599 0.0350835 0.0330774 0.030932 0.0286217 0.0261726 0.0235745 0.0207716 0.0177571 0.0144828 0.0109478 0.00710075 0.00288394 -0.00169892 -0.00664407 -0.0119369 -0.0175402 -0.0233654 -0.0292687 -0.0350418 -0.040504 -0.0454148 -0.0495224 -0.0526171 -0.0545015 -0.0551359 -0.0545113 -0.0527199 -0.0499722 -0.0465281 -0.0427868 -0.0391071 -0.0358394 -0.0332833 -0.031611 -0.0309485 -0.0312479 -0.0323712 -0.0340967 -0.0361342 -0.0382556 -0.0402385 
0 0.0040797 0.00786705 0.0110213 0.0132863 0.0143687 0.0140944 0.0123548 0.00908718 0.00439755 -0.00157213 -0.00850532 -0.0160239 -0.0237487 -0.0312332 -0.0381316 -0.0440844 -0.0488431 -0.0523147 -0.0544641 -0.0554044 -0.0552605 -0.0542291 -0.0525804 -0.0505586 -0.0483942 -0.0462584 -0.0442907 -0.0426097 -0.0412958 -0.0403359 -0.0397382 -0.0394919 -0.0395681 -0.0399571 -0.0405666 -0.0413934 -0.0424157 -0.0435925 -0.0448901 -0.0462845 -0.0477724 -0.0493321 -0.0509479 -0.0525641 -0.0542226 -0.055877 -0.0574928 -0.0590682 -0.0605807 -0.0620085 -0.0633176 -0.0644887 -0.0654872 -0.0663326 -0.0669429 -0.0673346 -0.0675004 -0.0674077 -0.0670282 -0.0663912 -0.0654846 -0.0642917 -0.0628565 -0.061172 -0.0592674 -0.0571473 -0.0548697 -0.0524305 -0.0498982 -0.0472757 -0.044608 -0.0419083 -0.0392346 -0.0365903 -0.0340177 -0.0315405 -0.0291714 -0.0269182 -0.0248094 -0.0228722 -0.0210864 -0.0194525 -0.0179673 -0.0166618 -0.015496 -0.0144672 -0.0135522 -0.0127784 -0.0120992 -0.0115235 -0.0110203 -0.0106127 -0.0102565 -0.00997332 -0.00972859 -0.00954253 -0.00937697 -0.0092596 -0.00915094 -0.00907353 -0.00899497 -0.0089395 -0.00886745 -0.0088077 -0.00872434 -0.00863766 -0.00851562 -0.00838665 -0.00820643 -0.00799588 -0.00773116 -0.00743404 -0.00705408 -0.00660903 -0.00607974 -0.00548325 -0.00477121 -0.00394494 -0.0029913 -0.00193295 -0.000733057 0.000622854 0.0021259 0.00375947 0.00553729 0.00745915 0.00949212 0.0116482 0.0139033 0.0162413 0.018616 0.0210473 0.0234797 0.0259089 0.0282855 0.0306042 0.0328066 0.0348979 0.0368233 0.038572 0.0401332 0.0414677 0.0425531 0.0434062 0.0440204 0.0443469 0.044449 0.0443034 0.0439159 0.0432878 0.0424559 0.0414159 0.0401968 0.038794 0.037232 0.0355576 0.0337321 0.0317886 0.029744 0.0276133 0.0253649 0.023011 0.0205329 0.0179262 0.0151591 0.0121578 0.00893977 0.00545113 0.00164886 -0.0025077 -0.00704174 -0.0119347 -0.017165 -0.0227043 -0.0284519 -0.0342301 -0.0398676 -0.0451199 -0.0497761 -0.0535796 -0.0562707 -0.0577261 -0.0578344 -0.056637 -0.0542298 -0.0507865 -0.0466517 -0.0421692 -0.0377586 -0.0337698 -0.0304716 -0.0281041 -0.0267417 -0.0263961 -0.0269256 -0.0280917 -0.0296568 -0.0313424 -0.0329837 
0 0.00370897 0.00708522 0.00982703 0.0115903 0.0121362 0.0112631 0.008858 0.0049291 -0.000476784 -0.00713046 -0.0147405 -0.0229215 -0.0312332 -0.0392918 -0.0466666 -0.0530316 -0.0581238 -0.061813 -0.0641119 -0.0650849 -0.06489 -0.0637166 -0.0618375 -0.0595048 -0.0569717 -0.0544118 -0.0519807 -0.0498336 -0.0480037 -0.0465644 -0.0454667 -0.0447231 -0.0443352 -0.0442271 -0.0443897 -0.0447672 -0.0453495 -0.0461097 -0.0470113 -0.048014 -0.0491469 -0.050366 -0.0516554 -0.0530249 -0.0544327 -0.0559081 -0.0573955 -0.0588851 -0.0603622 -0.0618143 -0.0631919 -0.0644903 -0.0656911 -0.0667538 -0.0676602 -0.0683783 -0.0688982 -0.0691812 -0.0692384 -0.069023 -0.0685489 -0.0678027 -0.0667701 -0.0654608 -0.0639147 -0.0621149 -0.0600904 -0.0578906 -0.0555067 -0.052981 -0.0503645 -0.0476861 -0.0449552 -0.0422285 -0.0395178 -0.0368598 -0.0342736 -0.0318093 -0.0294625 -0.0272387 -0.025157 -0.0232647 -0.0215309 -0.0199459 -0.0185201 -0.0172638 -0.0161519 -0.0151747 -0.0143176 -0.0135813 -0.0129516 -0.0124112 -0.0119521 -0.0115705 -0.0112499 -0.0109846 -0.0107692 -0.0105889 -0.0104401 -0.010318 -0.0102084 -0.010107 -0.0100103 -0.00990401 -0.00978535 -0.00965095 -0.00948446 -0.00928295 -0.00904493 -0.00875885 -0.00841041 -0.00799388 -0.00750186 -0.00693812 -0.00626941 -0.00547774 -0.0045748 -0.00356868 -0.00240894 -0.00109533 0.000363512 0.00195153 0.00369285 0.00557601 0.00759525 0.00972236 0.0119699 0.014287 0.0166625 0.0190934 0.0215516 0.0239782 0.0263829 0.0287198 0.0309421 0.033053 0.0350183 0.0367939 0.0383621 0.0397188 0.0408209 0.0416813 0.04228 0.0426329 0.0427165 0.0425536 0.042138 0.0414942 0.0406373 0.0395677 0.0383154 0.0369063 0.0353413 0.0336219 0.031817 0.0298935 0.0278959 0.025819 0.0236709 0.0214774 0.0192036 0.0168358 0.0143809 0.011816 0.00907845 0.00616539 0.00300003 -0.000410933 -0.0041354 -0.00823403 -0.0126831 -0.0175099 -0.0226584 -0.0281026 -0.0337245 -0.0393546 -0.0447841 -0.0497923 -0.0541435 -0.0575625 -0.0598376 -0.0607742 -0.0603319 -0.0585124 -0.0554152 -0.0512702 -0.0463602 -0.0411136 -0.0359093 -0.0311121 -0.0270237 -0.0238355 -0.021695 -0.0205838 -0.0203902 -0.0209049 -0.0218604 -0.0230413 -0.0242541 
0 0.00335502 0.0063737 0.00869352 0.0100121 0.0100368 0.00859324 0.00558843 0.00101143 -0.00501927 -0.012308 -0.0205236 -0.0292712 -0.0381316 -0.0466666 -0.0544795 -0.0612112 -0.0665954 -0.070514 -0.0729448 -0.0739761 -0.0737577 -0.0724819 -0.0704313 -0.0678596 -0.0650235 -0.0621255 -0.059321 -0.0567647 -0.0545233 -0.0526436 -0.0511234 -0.0499613 -0.049146 -0.0486394 -0.0484007 -0.0483939 -0.0485956 -0.0489754 -0.0495049 -0.0501608 -0.0509471 -0.0518341 -0.0528306 -0.0539071 -0.0550639 -0.0563055 -0.0575921 -0.0589379 -0.0603175 -0.061709 -0.0630979 -0.0644611 -0.0657507 -0.0669792 -0.0680898 -0.0690677 -0.0698989 -0.0705338 -0.0709634 -0.0711626 -0.0711071 -0.0707875 -0.0702111 -0.0693414 -0.0682044 -0.0667848 -0.065116 -0.0631985 -0.0610712 -0.058763 -0.0562969 -0.053683 -0.0509953 -0.048252 -0.0454677 -0.0427087 -0.0399872 -0.0373093 -0.034725 -0.0322801 -0.0299523 -0.0277697 -0.0257373 -0.0238879 -0.0222026 -0.0206851 -0.0193168 -0.0181214 -0.0170585 -0.0161411 -0.0153379 -0.0146503 -0.0140561 -0.0135672 -0.0131347 -0.0127834 -0.0124877 -0.0122404 -0.0120212 -0.0118518 -0.0116818 -0.0115316 -0.011383 -0.01123 -0.0110459 -0.0108578 -0.010621 -0.0103495 -0.0100214 -0.00963834 -0.00917461 -0.00864864 -0.00801147 -0.00727486 -0.00642141 -0.00545863 -0.0043475 -0.00308891 -0.00167535 -0.000142478 0.00155428 0.00340984 0.00539139 0.00748974 0.00971476 0.0120156 0.0143874 0.0168292 0.0192855 0.0217346 0.0241503 0.0265088 0.0287698 0.030916 0.0329016 0.034719 0.0363074 0.0376811 0.0388137 0.039687 0.0402981 0.0406532 0.0407245 0.0405469 0.0401202 0.0394427 0.0385621 0.0374635 0.0361754 0.0347191 0.0331113 0.0313704 0.0295347 0.0275952 0.0255982 0.0235447 0.021438 0.0192981 0.0171184 0.0149136 0.0126572 0.0103424 0.00794945 0.00545348 0.00280843 -2.67392e-05 -0.00309178 -0.00641578 -0.0100564 -0.0140508 -0.0184053 -0.0231253 -0.0281596 -0.0334742 -0.038937 -0.044369 -0.0495687 -0.0542828 -0.0582809 -0.0612904 -0.0630757 -0.0634869 -0.0624436 -0.059975 -0.0561896 -0.0512943 -0.0456311 -0.0395831 -0.0335641 -0.0279386 -0.0229841 -0.0189457 -0.0159326 -0.0139795 -0.012984 -0.0127385 -0.0130344 -0.0136258 -0.0143741 
0 0.00304425 0.0057342 0.00769258 0.00860704 0.00818053 0.00624197 0.00270751 -0.00241656 -0.00899374 -0.0168151 -0.0255402 -0.0347721 -0.0440844 -0.0530316 -0.0612112 -0.0682601 -0.0739135 -0.0780435 -0.0806233 -0.081738 -0.0815372 -0.0802204 -0.078064 -0.0753227 -0.0722628 -0.0691003 -0.0660055 -0.0631373 -0.0605666 -0.058355 -0.0565066 -0.0550164 -0.0538708 -0.0530299 -0.0524656 -0.0521403 -0.0520227 -0.0520869 -0.0523095 -0.0526656 -0.053152 -0.0537377 -0.0544407 -0.055243 -0.0561367 -0.0571328 -0.0582048 -0.0593679 -0.0605931 -0.0618656 -0.0631839 -0.0645304 -0.0658579 -0.0671721 -0.0684261 -0.069598 -0.0706605 -0.0715703 -0.0723319 -0.0728999 -0.0732423 -0.0733506 -0.0732132 -0.0727837 -0.0720886 -0.0711061 -0.0698526 -0.0683179 -0.0665216 -0.0644956 -0.0622617 -0.0598309 -0.0572705 -0.054598 -0.0518205 -0.0490143 -0.0462026 -0.0434024 -0.0406542 -0.0379952 -0.0354211 -0.032987 -0.0306943 -0.0285625 -0.0265854 -0.024789 -0.0231617 -0.0217136 -0.0204086 -0.0192735 -0.0182777 -0.0174095 -0.0166561 -0.0160265 -0.0154663 -0.0150008 -0.0146081 -0.0142665 -0.0139634 -0.0137194 -0.0134765 -0.0132525 -0.0130376 -0.0128119 -0.0125522 -0.0122866 -0.0119631 -0.0115903 -0.0111593 -0.0106593 -0.0100549 -0.0093698 -0.00856646 -0.00764735 -0.0065844 -0.00538712 -0.00403912 -0.00254786 -0.0008897 0.000901791 0.00284735 0.00492299 0.00710314 0.00938456 0.0117689 0.0141891 0.0166418 0.0191139 0.0215466 0.0239249 0.0262268 0.0284079 0.0304292 0.032275 0.0339079 0.0353283 0.0364824 0.0373867 0.0380266 0.038383 0.0384602 0.0382913 0.0378518 0.0371725 0.0362642 0.0351357 0.0338244 0.032325 0.030679 0.028913 0.0270375 0.0250699 0.0230506 0.0209723 0.0188726 0.0167481 0.0146137 0.0124831 0.0103361 0.00818212 0.00599696 0.00376869 0.00147228 -0.000923275 -0.00345675 -0.00616523 -0.00910262 -0.0123011 -0.0158175 -0.0196862 -0.0239132 -0.0285068 -0.0334069 -0.0385616 -0.0438319 -0.0490329 -0.053957 -0.0583436 -0.061951 -0.0645118 -0.0657948 -0.0656513 -0.0640032 -0.0608804 -0.0564018 -0.0507811 -0.044366 -0.0375414 -0.0307189 -0.024265 -0.0184581 -0.0135468 -0.0096493 -0.00681509 -0.00496417 -0.00391483 -0.00348387 -0.00344993 -0.003693 
0 0.00279958 0.00521315 0.0068855 0.00745273 0.00665552 0.00430855 0.000330844 -0.00522403 -0.0122447 -0.0204721 -0.0295849 -0.0391925 -0.0488431 -0.0581238 -0.0665954 -0.0739135 -0.0798139 -0.0841448 -0.0868928 -0.088117 -0.0879763 -0.0866758 -0.0844815 -0.0816466 -0.0784493 -0.075109 -0.071813 -0.0687293 -0.0659095 -0.0634588 -0.0613657 -0.0596326 -0.0582542 -0.0571629 -0.0563676 -0.0558089 -0.0554518 -0.0552712 -0.0552539 -0.0553681 -0.0556155 -0.0559634 -0.0564169 -0.0569972 -0.0576511 -0.0584135 -0.0592683 -0.0602304 -0.0612741 -0.0623981 -0.0635991 -0.0648628 -0.0661647 -0.0674721 -0.0687893 -0.0700766 -0.0713025 -0.0724201 -0.0734538 -0.0743226 -0.0750048 -0.0755012 -0.0757754 -0.0757867 -0.0755411 -0.0750188 -0.0742033 -0.0731082 -0.0717135 -0.0700632 -0.0681506 -0.0660004 -0.0636474 -0.0611376 -0.0584663 -0.0557102 -0.0528845 -0.0500259 -0.047172 -0.0443611 -0.0416019 -0.0389472 -0.0364107 -0.0340083 -0.0317571 -0.0296743 -0.0277718 -0.0260419 -0.024478 -0.0230929 -0.0218765 -0.0207907 -0.0198541 -0.0190485 -0.0183396 -0.0177274 -0.0172159 -0.0167507 -0.0163461 -0.0159955 -0.0156624 -0.0153368 -0.0150369 -0.0147098 -0.0143572 -0.0139832 -0.013556 -0.0130522 -0.0124919 -0.0118381 -0.0110727 -0.0101954 -0.00919368 -0.00805007 -0.00675996 -0.00531434 -0.00371614 -0.00197078 -7.1483e-05 0.00195884 0.00412077 0.00638615 0.00873636 0.0111547 0.0136295 0.0160899 0.0185519 0.0209706 0.0232993 0.0255072 0.0275913 0.0294772 0.0311664 0.032624 0.0338322 0.0347798 0.0354449 0.0358279 0.0359467 0.0357862 0.0353419 0.0346721 0.0337522 0.0326088 0.03126 0.0297548 0.0280824 0.0262761 0.0243682 0.0223851 0.0203318 0.0182359 0.0161261 0.0140038 0.0119029 0.00978596 0.00770802 0.00564903 0.00359032 0.00153907 -0.000521762 -0.00261577 -0.00476586 -0.00701358 -0.00940461 -0.0119468 -0.0147404 -0.0177918 -0.0211614 -0.0248877 -0.0289583 -0.0334024 -0.0381421 -0.0431077 -0.0481559 -0.053101 -0.0577155 -0.0617474 -0.0649339 -0.0670141 -0.0677863 -0.0670733 -0.0648327 -0.061076 -0.0559331 -0.0496491 -0.0425308 -0.0349975 -0.0274254 -0.0201811 -0.0135638 -0.00778518 -0.00301334 0.000716414 0.00344729 0.00531302 0.00649809 0.0071548 0.00741671 
0 0.00260712 0.0048341 0.00625889 0.00658696 0.00549985 0.00284376 -0.00143908 -0.00733496 -0.014647 -0.0231711 -0.0325534 -0.0424034 -0.0523147 -0.061813 -0.070514 -0.0780435 -0.0841448 -0.0886795 -0.0915946 -0.0929603 -0.0929226 -0.0916926 -0.0895155 -0.086666 -0.0833858 -0.0799428 -0.0765296 -0.0732827 -0.0703313 -0.0677021 -0.0654632 -0.0635909 -0.0620465 -0.0608205 -0.0598689 -0.0591666 -0.0586609 -0.0583267 -0.0581366 -0.0581038 -0.0581708 -0.0583331 -0.0586174 -0.0589907 -0.0594704 -0.0600334 -0.0606969 -0.0614722 -0.0623499 -0.0632943 -0.0643547 -0.0655082 -0.0667066 -0.0679743 -0.0692788 -0.0706057 -0.071914 -0.0731871 -0.0743898 -0.0755119 -0.076482 -0.0772968 -0.0779412 -0.0783674 -0.0785408 -0.078463 -0.0781272 -0.0774759 -0.0765357 -0.0753229 -0.0738207 -0.0720111 -0.069986 -0.0677303 -0.0652602 -0.0626383 -0.0599169 -0.0570727 -0.0541794 -0.051293 -0.0484307 -0.0455973 -0.0428465 -0.0402189 -0.0377225 -0.0353636 -0.0331723 -0.0311624 -0.0293214 -0.027669 -0.0261896 -0.0248692 -0.0237088 -0.0227038 -0.0218041 -0.0210271 -0.0203529 -0.0197486 -0.0192029 -0.0187274 -0.0182648 -0.0178234 -0.0173962 -0.0169528 -0.0164688 -0.0159639 -0.0153906 -0.0147397 -0.0140049 -0.0131652 -0.0121953 -0.0111091 -0.00987305 -0.00847299 -0.00692733 -0.00524248 -0.00339372 -0.00138333 0.000741325 0.00296566 0.0053044 0.00773728 0.0101892 0.0126756 0.015169 0.0176099 0.0199637 0.0222503 0.0243751 0.0263149 0.0280613 0.0295943 0.0308481 0.0318447 0.0325764 0.0330146 0.0331487 0.0330218 0.0326313 0.0319519 0.0310429 0.0299111 0.0285678 0.0270316 0.0253494 0.0235257 0.0216128 0.019595 0.0175219 0.0154366 0.0133152 0.0111855 0.00908643 0.0070191 0.00496383 0.0029593 0.000982376 -0.000941044 -0.0028432 -0.00474407 -0.00662976 -0.00853586 -0.0105046 -0.0125755 -0.0147638 -0.0171414 -0.0197345 -0.0226212 -0.0258302 -0.0293686 -0.03329 -0.0375516 -0.0421167 -0.0468761 -0.0516779 -0.0563416 -0.060633 -0.0642846 -0.0670364 -0.068647 -0.0688936 -0.0676593 -0.0648456 -0.0605026 -0.0547706 -0.0478593 -0.0401408 -0.0319494 -0.023703 -0.0157511 -0.00835918 -0.00180063 0.00382346 0.00840762 0.0119864 0.0146769 0.0165739 0.0178618 0.018596 
