0 0 0 0 0 0 0 0 0 0 0 0 0 0 0 0 0 0 0 0 0 0 0 0 0 0 0 0 0 0 0 0 0 0 0 0 0 0 0 0 0 0 0 0 0 0 0 0 0 0 0 0 0 0 0 0 0 0 0 0 0 0 0 0 0 0 0 0 0 0 0 0 0 0 0 0 0 0 0 0 0 0 0 0 0 0 0 0 0 0 0 0 0 0 0 0 0 0 0 0 0 0 0 0 0 0 0 0 0 0 0 0 0 0 0 0 0 0 0 0 0 0 0 0 0 0 0 0 0 0 0 0 0 0 0 0 0 0 0 0 0 0 0 0 0 0 0 0 0 0 0 0 0 0 0 0 0 0 0 0 0 0 0 0 0 0 0 0 0 0 0 0 0 0 0 0 0 0 0 0 0 0 0 0 0 0 0 0 0 0 0 0 0 0 0 0 0 0 0 0 
0 -0.000460889 -0.000943288 -0.00144055 -0.00198983 -0.00256398 -0.0031657 -0.00377069 -0.00432918 -0.0048295 -0.00522087 -0.00550682 -0.00568231 -0.00575632 -0.00575558 -0.00568853 -0.00559489 -0.00548835 -0.00540984 -0.0053647 -0.00536059 -0.00540189 -0.00546417 -0.00557497 -0.00570566 -0.00586184 -0.0060329 -0.00619218 -0.00636198 -0.00652787 -0.00669297 -0.00685058 -0.00699528 -0.00712166 -0.00725123 -0.0073656 -0.00745522 -0.0075405 -0.00759222 -0.00764901 -0.00769298 -0.00770852 -0.00771867 -0.00771703 -0.00770315 -0.00767939 -0.00764311 -0.00759235 -0.00755409 -0.00750128 -0.00743568 -0.00736794 -0.00730155 -0.00723316 -0.00715626 -0.00708628 -0.00701401 -0.00694169 -0.00686689 -0.00679039 -0.00671524 -0.00665717 -0.00658695 -0.00650625 -0.00644519 -0.00638202 -0.00630692 -0.00624438 -0.0061909 -0.00611981 -0.00604874 -0.00598958 -0.00593997 -0.00587722 -0.00580562 -0.00575036 -0.00570557 -0.00564354 -0.00558267 -0.00553824 -0.00548711 -0.00543342 -0.00538996 -0.00534647 -0.00529847 -0.0052608 -0.00522357 -0.00518541 -0.00515086 -0.00512189 -0.00509174 -0.00506578 -0.00504112 -0.00502128 -0.00500254 -0.0049861 -0.00497238 -0.0049642 -0.00495433 -0.00494911 -0.00494807 -0.00494848 -0.00494931 -0.00495722 -0.00496528 -0.00497578 -0.0049892 -0.00500684 -0.00502504 -0.00504709 -0.00506971 -0.00509852 -0.00512731 -0.00515699 -0.00519162 -0.00523084 -0.00526422 -0.00530678 -0.00535374 -0.00539211 -0.00543587 -0.00549563 -0.0055422 -0.00558178 -0.00564101 -0.00570469 -0.00575486 -0.00580246 -0.0058618 -0.00592782 -0.00598808 -0.0060373 -0.00610155 -0.00616669 -0.00622037 -0.00628445 -0.00635949 -0.00641308 -0.00646892 -0.00654322 -0.00661149 -0.00667472 -0.00673951 -0.00680879 -0.00687277 -0.00693715 -0.00699882 -0.00706475 -0.00712334 -0.00717689 -0.00721597 -0.00725188 -0.0072932 -0.0073063 -0.007308 -0.00730184 -0.00727549 -0.00722459 -0.00715755 -0.00705402 -0.0069402 -0.00680152 -0.00661061 -0.00640137 -0.00615003 -0.00586941 -0.00555352 -0.005191 -0.00478956 -0.00435918 -0.00388848 -0.00337088 -0.00281666 -0.00220685 -0.00157191 -0.000888889 -0.000152484 0.000633687 0.00148755 0.002386 0.00334452 0.0043495 0.00539976 0.00646762 0.00751823 0.00852089 0.00942192 0.0102127 0.01084 0.0112977 0.0115725 0.0116537 0.0115971 0.0114109 0.0111757 0.0109409 0.0107513 0.0106901 0.0107674 0.0110471 
0 -0.000943288 -0.00190988 -0.00294089 -0.00403731 -0.00520116 -0.00641799 -0.00761925 -0.00875719 -0.00975359 -0.0105477 -0.0111331 -0.0114859 -0.0116455 -0.0116436 -0.0115063 -0.0113089 -0.0110885 -0.0109036 -0.0108005 -0.0107668 -0.0108114 -0.0109284 -0.0110929 -0.0113326 -0.0116079 -0.0118931 -0.0122032 -0.0124899 -0.012802 -0.0131111 -0.0133907 -0.0136594 -0.0138889 -0.0141166 -0.0143202 -0.0145009 -0.0146368 -0.0147564 -0.0148615 -0.0149286 -0.0149764 -0.0149804 -0.0149809 -0.0149663 -0.0149389 -0.0148633 -0.0147967 -0.0147192 -0.0146113 -0.0145156 -0.0143887 -0.0142775 -0.0141639 -0.0140351 -0.0138783 -0.0137669 -0.0136356 -0.0134966 -0.0133697 -0.0132403 -0.0131122 -0.0129713 -0.0128507 -0.0127262 -0.0126138 -0.0124743 -0.0123598 -0.0122265 -0.0121208 -0.0120068 -0.0118867 -0.0117577 -0.011657 -0.0115464 -0.0114363 -0.0113324 -0.011217 -0.0111203 -0.0110301 -0.0109326 -0.0108238 -0.0107543 -0.0106637 -0.0105815 -0.0104989 -0.01044 -0.0103576 -0.010303 -0.0102363 -0.0101909 -0.0101303 -0.0100947 -0.0100457 -0.0100213 -0.00997892 -0.00996385 -0.00993709 -0.00992931 -0.00990843 -0.0099171 -0.00990694 -0.00991941 -0.00992326 -0.00994944 -0.00995823 -0.00999474 -0.0100169 -0.0100624 -0.0100926 -0.0101472 -0.0101902 -0.0102551 -0.0102996 -0.010377 -0.0104412 -0.010513 -0.0105795 -0.0106795 -0.0107507 -0.0108367 -0.0109288 -0.0110258 -0.0111166 -0.0112263 -0.011317 -0.0114103 -0.0115351 -0.011645 -0.0117414 -0.0118409 -0.0119682 -0.0120791 -0.0121996 -0.0122957 -0.0124221 -0.0125323 -0.0126556 -0.0127704 -0.0128961 -0.0130065 -0.0131313 -0.0132411 -0.0133575 -0.0134998 -0.0135985 -0.0136986 -0.0138084 -0.0139156 -0.0139837 -0.0140716 -0.0141243 -0.0141721 -0.0141913 -0.0141677 -0.0141328 -0.0140708 -0.0139722 -0.0138059 -0.0136151 -0.0133654 -0.0130704 -0.012704 -0.0122724 -0.0117833 -0.011235 -0.0106142 -0.00989131 -0.00911774 -0.00825274 -0.00733083 -0.0063297 -0.00522087 -0.0040558 -0.00279871 -0.00146005 -2.65775e-05 0.00153324 0.00319977 0.00496832 0.00685077 0.00882263 0.0108789 0.0129806 0.0150364 0.0170017 0.0187786 0.0203059 0.0215423 0.0224107 0.022919 0.0230622 0.022888 0.0225045 0.0219913 0.0214874 0.0211025 0.0209287 0.0210831 0.0216081 
0 -0.00144055 -0.00294089 -0.00449937 -0.00618798 -0.00796035 -0.00980396 -0.0116447 -0.0133572 -0.0148775 -0.016084 -0.0169661 -0.0175107 -0.0177472 -0.0177406 -0.01753 -0.017218 -0.016859 -0.0165572 -0.0163431 -0.0162364 -0.0162468 -0.0163282 -0.0165268 -0.0167929 -0.0171258 -0.0174964 -0.0178529 -0.0182287 -0.0186054 -0.0189833 -0.0193436 -0.0196766 -0.0199702 -0.0202701 -0.0205398 -0.0207578 -0.0209574 -0.0210921 -0.0212333 -0.0213446 -0.0213973 -0.0214299 -0.0214393 -0.0214235 -0.0213832 -0.0213107 -0.0212114 -0.0211335 -0.021024 -0.0208891 -0.020744 -0.0206043 -0.0204601 -0.0202949 -0.0201384 -0.0199829 -0.0198237 -0.0196553 -0.0194838 -0.019314 -0.0191753 -0.0190096 -0.0188251 -0.0186757 -0.0185231 -0.0183438 -0.0181893 -0.0180502 -0.0178805 -0.0177083 -0.0175571 -0.0174253 -0.0172704 -0.0170971 -0.0169547 -0.0168344 -0.0166794 -0.0165294 -0.0164111 -0.0162805 -0.0161436 -0.0160317 -0.0159178 -0.0157972 -0.0156964 -0.0156007 -0.0155015 -0.0154128 -0.0153345 -0.015258 -0.0151885 -0.0151251 -0.0150714 -0.0150234 -0.0149788 -0.014944 -0.0149203 -0.0148959 -0.0148806 -0.0148783 -0.0148778 -0.0148814 -0.0148998 -0.0149219 -0.0149478 -0.0149838 -0.0150281 -0.0150764 -0.0151318 -0.0151928 -0.0152649 -0.0153402 -0.0154165 -0.0155069 -0.0156048 -0.0156939 -0.0158006 -0.0159199 -0.01602 -0.0161336 -0.0162779 -0.0163981 -0.0165043 -0.016652 -0.0168048 -0.0169316 -0.0170575 -0.0172061 -0.0173633 -0.0175095 -0.0176388 -0.0177942 -0.01795 -0.0180818 -0.0182363 -0.0184075 -0.0185376 -0.0186694 -0.0188367 -0.0189886 -0.0191294 -0.0192684 -0.0194152 -0.0195519 -0.0196805 -0.0198 -0.0199271 -0.0200361 -0.0201233 -0.0201808 -0.0202245 -0.0202703 -0.0202511 -0.020196 -0.0201147 -0.0199832 -0.0197873 -0.0195369 -0.0192026 -0.0188275 -0.0183826 -0.0178122 -0.0171784 -0.0164408 -0.0156218 -0.0147041 -0.0136621 -0.0125173 -0.0112841 -0.00994349 -0.00847694 -0.00689708 -0.00517719 -0.00336829 -0.00142542 0.000668838 0.00291678 0.00534965 0.00792347 0.010666 0.0135463 0.0165496 0.0196012 0.0225964 0.02544 0.0279913 0.0301946 0.0319245 0.0331409 0.0338121 0.0339275 0.0336154 0.0329455 0.0321217 0.0313032 0.0306416 0.0303446 0.0304877 0.0312254 
0 -0.00198983 -0.00403731 -0.00618798 -0.00847467 -0.0108854 -0.0133784 -0.0158454 -0.018163 -0.0201997 -0.0218358 -0.0230353 -0.0237758 -0.0241053 -0.0240914 -0.0237979 -0.0233474 -0.0228303 -0.0223538 -0.021994 -0.021757 -0.0216537 -0.0216688 -0.0217893 -0.0220243 -0.0223316 -0.0226731 -0.0230386 -0.0233982 -0.0237854 -0.0241767 -0.0245409 -0.0248825 -0.0251845 -0.0254851 -0.0257615 -0.0260032 -0.0261973 -0.0263619 -0.0265148 -0.0266273 -0.0267021 -0.0267324 -0.0267512 -0.0267538 -0.0267341 -0.0266624 -0.0265897 -0.0265119 -0.0264014 -0.0262886 -0.026149 -0.0260227 -0.0258936 -0.0257408 -0.0255652 -0.0254255 -0.0252698 -0.0251007 -0.0249366 -0.0247717 -0.0246101 -0.0244286 -0.0242571 -0.0240924 -0.0239317 -0.0237415 -0.0235729 -0.0233947 -0.0232309 -0.023059 -0.0228839 -0.0227064 -0.022546 -0.0223744 -0.0222106 -0.022055 -0.0218825 -0.0217275 -0.0215873 -0.0214364 -0.0212767 -0.021155 -0.0210192 -0.0208872 -0.0207623 -0.0206586 -0.0205386 -0.0204423 -0.0203429 -0.020262 -0.0201736 -0.0201068 -0.0200364 -0.0199874 -0.0199281 -0.0198943 -0.0198583 -0.0198371 -0.0198119 -0.0198151 -0.0198071 -0.0198184 -0.0198316 -0.019864 -0.0198866 -0.0199352 -0.0199788 -0.0200414 -0.0200976 -0.020176 -0.0202509 -0.0203434 -0.0204246 -0.0205358 -0.0206404 -0.0207487 -0.020861 -0.0210028 -0.0211187 -0.021249 -0.021394 -0.0215375 -0.0216737 -0.0218338 -0.0219799 -0.0221225 -0.0222917 -0.0224536 -0.0226025 -0.0227519 -0.0229212 -0.0230834 -0.0232478 -0.0233868 -0.0235525 -0.0237099 -0.0238638 -0.024009 -0.0241673 -0.0243078 -0.0244492 -0.0245756 -0.0247078 -0.0248523 -0.0249511 -0.0250413 -0.0251379 -0.0252194 -0.025255 -0.0252876 -0.0252818 -0.0252572 -0.0251783 -0.0250372 -0.0248652 -0.0246426 -0.0243482 -0.0239593 -0.0235033 -0.0229638 -0.0223374 -0.0215888 -0.0207331 -0.019774 -0.0187099 -0.0175181 -0.0161693 -0.0147066 -0.0131082 -0.0113902 -0.00952527 -0.00749027 -0.00532066 -0.00299938 -0.000516697 0.00215239 0.00504341 0.00814617 0.011448 0.0149582 0.0186438 0.0224785 0.0263738 0.0301843 0.0337881 0.0370181 0.0397573 0.0418966 0.0433347 0.0440532 0.0440636 0.0434756 0.0424631 0.041227 0.0400082 0.03903 0.0385016 0.0386092 0.0394817 
0 -0.00256398 -0.00520116 -0.00796035 -0.0108854 -0.0139553 -0.0171097 -0.0202279 -0.0231479 -0.0257128 -0.0277824 -0.0292951 -0.0302363 -0.0306516 -0.030622 -0.0302391 -0.0296354 -0.0289332 -0.0282588 -0.0276961 -0.0272734 -0.0269994 -0.0268587 -0.0268508 -0.0269651 -0.0271681 -0.0274193 -0.0276892 -0.0279697 -0.0282724 -0.0285845 -0.0288815 -0.0291562 -0.0294055 -0.0296563 -0.029892 -0.0300945 -0.030262 -0.0304009 -0.0305348 -0.0306435 -0.0307142 -0.0307541 -0.0307817 -0.030796 -0.0307873 -0.0307438 -0.0306929 -0.030646 -0.0305781 -0.0304948 -0.0303964 -0.0303058 -0.0302124 -0.0300996 -0.0299785 -0.0298712 -0.0297546 -0.0296231 -0.0294887 -0.0293565 -0.0292305 -0.0290842 -0.028932 -0.0287902 -0.0286462 -0.0284815 -0.028328 -0.0281755 -0.0280156 -0.027848 -0.0276856 -0.02753 -0.0273695 -0.0271972 -0.0270379 -0.0268895 -0.0267231 -0.0265643 -0.0264213 -0.0262721 -0.0261181 -0.0259865 -0.0258515 -0.0257168 -0.0255923 -0.0254797 -0.0253628 -0.0252584 -0.0251599 -0.0250713 -0.0249848 -0.02491 -0.0248415 -0.0247846 -0.0247283 -0.0246872 -0.0246532 -0.0246261 -0.0246048 -0.0246008 -0.0245971 -0.0246038 -0.0246206 -0.0246481 -0.0246764 -0.02472 -0.0247691 -0.0248277 -0.0248895 -0.0249645 -0.0250446 -0.0251331 -0.0252218 -0.0253279 -0.0254351 -0.0255433 -0.025661 -0.0257933 -0.0259119 -0.0260422 -0.0261876 -0.0263242 -0.0264544 -0.0266081 -0.026758 -0.0268954 -0.0270412 -0.0271941 -0.0273419 -0.0274831 -0.0276261 -0.0277724 -0.0279143 -0.0280396 -0.0281793 -0.0283161 -0.0284331 -0.0285432 -0.0286659 -0.0287745 -0.0288702 -0.028953 -0.0290354 -0.0291114 -0.0291571 -0.0291879 -0.0292163 -0.0292214 -0.0291844 -0.0291213 -0.0290284 -0.0289079 -0.0287252 -0.0284808 -0.0281905 -0.0278384 -0.0274021 -0.0268707 -0.0262526 -0.0255496 -0.0247426 -0.0237998 -0.0227363 -0.0215519 -0.0202456 -0.0187946 -0.0171785 -0.0154201 -0.0135181 -0.0114675 -0.0092438 -0.00683444 -0.00425129 -0.00149672 0.00145256 0.00462746 0.0080561 0.0117419 0.0156696 0.0198397 0.0242218 0.0287674 0.0333651 0.037852 0.0420601 0.0458026 0.0489309 0.051305 0.0528239 0.0534515 0.0532187 0.052263 0.0507862 0.0490539 0.0473491 0.0459515 0.0451291 0.0450965 0.0460278 
0 -0.0031657 -0.00641799 -0.00980396 -0.0133784 -0.0171097 -0.0209219 -0.0246848 -0.0281965 -0.0312828 -0.0337838 -0.0356108 -0.0367573 -0.0372608 -0.0372142 -0.0367371 -0.0359686 -0.0350622 -0.0341626 -0.033358 -0.0327043 -0.0322087 -0.0318547 -0.0316586 -0.0315825 -0.0316082 -0.0316968 -0.0317969 -0.0319303 -0.0320769 -0.0322381 -0.0323983 -0.0325359 -0.0326658 -0.0327989 -0.0329315 -0.0330382 -0.0331343 -0.0332072 -0.0332843 -0.0333569 -0.0333953 -0.0334266 -0.0334498 -0.0334714 -0.0334748 -0.0334707 -0.0334508 -0.0334439 -0.0334338 -0.0333981 -0.0333685 -0.0333397 -0.0333092 -0.0332618 -0.0332229 -0.0331717 -0.0331248 -0.0330652 -0.0329944 -0.0329248 -0.0328582 -0.0327774 -0.0326772 -0.0325924 -0.0324943 -0.0323865 -0.032271 -0.0321715 -0.0320465 -0.0319169 -0.0317906 -0.0316761 -0.0315402 -0.031399 -0.0312684 -0.0311429 -0.0310059 -0.0308667 -0.0307414 -0.0306111 -0.0304837 -0.0303572 -0.030242 -0.0301195 -0.0300116 -0.0299016 -0.0298036 -0.0297015 -0.0296168 -0.0295287 -0.0294552 -0.0293793 -0.0293217 -0.0292608 -0.0292156 -0.0291698 -0.0291422 -0.0291105 -0.0290967 -0.0290832 -0.0290855 -0.029085 -0.029104 -0.0291211 -0.0291534 -0.0291846 -0.0292342 -0.0292798 -0.0293412 -0.0294013 -0.0294781 -0.0295491 -0.0296359 -0.0297215 -0.0298187 -0.0299103 -0.0300191 -0.030123 -0.0302304 -0.0303394 -0.0304632 -0.0305747 -0.030684 -0.0308041 -0.0309299 -0.0310423 -0.0311461 -0.0312643 -0.0313792 -0.0314844 -0.0315762 -0.0316832 -0.0317721 -0.0318549 -0.0319323 -0.0320174 -0.0320695 -0.0321186 -0.0321695 -0.03221 -0.0322231 -0.0322293 -0.0322302 -0.0322022 -0.032161 -0.0320931 -0.0320116 -0.0318987 -0.0317562 -0.031561 -0.0313463 -0.0310899 -0.0307646 -0.0303831 -0.0299419 -0.0294332 -0.0288326 -0.0281442 -0.0273473 -0.0264681 -0.0254705 -0.0243326 -0.0230691 -0.0216718 -0.0201405 -0.0184511 -0.0165969 -0.0145714 -0.0124016 -0.0100574 -0.00752176 -0.00479792 -0.00186318 0.00125518 0.00459788 0.00819951 0.012075 0.0162448 0.0206894 0.0253977 0.0303423 0.0354501 0.0405877 0.0455826 0.05022 0.0542985 0.0576408 0.0600733 0.0615054 0.0618815 0.0612555 0.0597975 0.0577289 0.0553845 0.0530857 0.0511661 0.0499566 0.049692 0.0505942 
0 -0.00377069 -0.00761925 -0.0116447 -0.0158454 -0.0202279 -0.0246848 -0.029053 -0.0331434 -0.0367223 -0.0396428 -0.0417837 -0.0431321 -0.0437315 -0.0436755 -0.0431087 -0.042176 -0.0410725 -0.039924 -0.03887 -0.0379576 -0.0371958 -0.0366181 -0.0361664 -0.0358695 -0.0356684 -0.0355192 -0.0354228 -0.0353306 -0.0352711 -0.035226 -0.0351792 -0.0351224 -0.0350761 -0.0350245 -0.0349877 -0.0349629 -0.0349102 -0.0348942 -0.0348699 -0.034852 -0.0348455 -0.0348284 -0.0348256 -0.0348398 -0.034857 -0.0348661 -0.0349006 -0.0349245 -0.0349599 -0.0349997 -0.0350411 -0.0350867 -0.0351367 -0.0351854 -0.0352131 -0.0352582 -0.0352969 -0.0353248 -0.0353479 -0.0353765 -0.0353729 -0.0353701 -0.0353746 -0.0353568 -0.0353322 -0.0353063 -0.0352641 -0.0352043 -0.0351604 -0.0351074 -0.0350392 -0.0349505 -0.0348769 -0.0348072 -0.0347224 -0.0346203 -0.034534 -0.0344484 -0.0343526 -0.0342575 -0.0341655 -0.0340729 -0.0339827 -0.0338961 -0.0338062 -0.0337248 -0.0336447 -0.0335691 -0.0334952 -0.0334301 -0.0333647 -0.0333097 -0.0332553 -0.0332098 -0.0331676 -0.0331349 -0.0331023 -0.0330827 -0.0330644 -0.0330546 -0.033049 -0.0330543 -0.033059 -0.0330758 -0.0330951 -0.0331224 -0.0331524 -0.0331925 -0.033232 -0.0332823 -0.033333 -0.0333896 -0.0334493 -0.0335161 -0.03358 -0.0336516 -0.0337224 -0.0337953 -0.0338738 -0.0339494 -0.0340157 -0.0340931 -0.0341785 -0.0342427 -0.0343007 -0.0343678 -0.0344429 -0.0344962 -0.0345358 -0.0345734 -0.0346262 -0.034652 -0.0346661 -0.0346793 -0.0346797 -0.0346571 -0.0346439 -0.0346137 -0.0345522 -0.0344881 -0.0344046 -0.0343001 -0.034179 -0.0340486 -0.033872 -0.0336754 -0.0334521 -0.0331998 -0.0329002 -0.0325708 -0.0321983 -0.0317608 -0.0312816 -0.0307251 -0.0301062 -0.0294208 -0.0286499 -0.0277656 -0.0268039 -0.025724 -0.0245207 -0.023208 -0.0217318 -0.02014 -0.0183981 -0.0164882 -0.0144103 -0.0121635 -0.00974033 -0.007145 -0.00435802 -0.00134677 0.00184822 0.00528181 0.00894507 0.0128782 0.0171279 0.0216647 0.0265182 0.0316408 0.0370052 0.0425191 0.0480328 0.0533512 0.0582322 0.0624661 0.0658153 0.0681353 0.0692869 0.0692368 0.0680742 0.0659447 0.0631763 0.0600868 0.0570771 0.0545477 0.0528183 0.0522424 0.0529996 
0 -0.00432918 -0.00875719 -0.0133572 -0.018163 -0.0231479 -0.0281965 -0.0331434 -0.0377576 -0.0418116 -0.0451285 -0.0475697 -0.049124 -0.0498259 -0.0497725 -0.0491373 -0.0480699 -0.0467735 -0.0454145 -0.044098 -0.0429254 -0.0419087 -0.0410536 -0.0403713 -0.0398089 -0.0393556 -0.0389737 -0.0386109 -0.0382896 -0.0379704 -0.0376632 -0.0373705 -0.0370719 -0.0367944 -0.0365253 -0.0362812 -0.036044 -0.0358368 -0.0356467 -0.0354784 -0.0353531 -0.0352404 -0.0351651 -0.0351133 -0.0350856 -0.0350712 -0.0351047 -0.0351384 -0.0351991 -0.0352955 -0.0353772 -0.0354927 -0.0356071 -0.0357246 -0.0358508 -0.0360046 -0.0361231 -0.0362563 -0.036386 -0.0365017 -0.0366165 -0.0367246 -0.0368352 -0.0369154 -0.0369933 -0.037053 -0.0371219 -0.0371589 -0.0372133 -0.0372275 -0.0372347 -0.0372445 -0.0372618 -0.037242 -0.0372226 -0.0371999 -0.0371722 -0.0371497 -0.0371063 -0.0370587 -0.0370171 -0.0369848 -0.0369207 -0.0368782 -0.0368268 -0.0367834 -0.0367229 -0.0366858 -0.0366288 -0.0365929 -0.0365391 -0.0365071 -0.0364609 -0.0364339 -0.0363894 -0.0363736 -0.0363383 -0.0363221 -0.0362975 -0.0362949 -0.0362703 -0.0362751 -0.0362665 -0.0362737 -0.0362687 -0.0362907 -0.0362911 -0.0363151 -0.0363259 -0.0363565 -0.0363701 -0.0364057 -0.0364233 -0.0364647 -0.0364839 -0.0365195 -0.0365481 -0.036589 -0.036601 -0.0366382 -0.0366658 -0.0366899 -0.0367034 -0.0367215 -0.0367259 -0.0367429 -0.036747 -0.0367165 -0.0367028 -0.0366923 -0.0366616 -0.0365984 -0.036549 -0.0364717 -0.0364022 -0.0362987 -0.0361943 -0.0360552 -0.0359102 -0.0357425 -0.0355684 -0.0353548 -0.0351296 -0.0348786 -0.0345756 -0.0342761 -0.0339377 -0.0335554 -0.0331333 -0.0326867 -0.032161 -0.0316152 -0.0310047 -0.0303297 -0.0296044 -0.0287942 -0.0279052 -0.0269288 -0.0258692 -0.024694 -0.0234287 -0.0220328 -0.0205112 -0.0188534 -0.0170505 -0.0150984 -0.0129825 -0.0107115 -0.00825032 -0.00563269 -0.0028187 0.000197066 0.00340505 0.00684945 0.0105079 0.0144188 0.0186216 0.0231185 0.0279425 0.0330817 0.0384953 0.0441503 0.0499189 0.0556385 0.0611055 0.0660418 0.070222 0.0734045 0.0753952 0.0760979 0.075459 0.0735825 0.0706791 0.0670505 0.0631137 0.0592865 0.0560071 0.0536897 0.0526558 0.0531735 
0 -0.0048295 -0.00975359 -0.0148775 -0.0201997 -0.0257128 -0.0312828 -0.0367223 -0.0418116 -0.0462867 -0.0499717 -0.052713 -0.0544823 -0.0553099 -0.0552987 -0.0546258 -0.0534551 -0.0520142 -0.0504499 -0.0489157 -0.0475003 -0.0462285 -0.0451473 -0.0442044 -0.0434027 -0.0426969 -0.0420478 -0.0414513 -0.0408682 -0.0402964 -0.0397293 -0.0391679 -0.0386071 -0.0380756 -0.0375408 -0.037038 -0.0365781 -0.0361392 -0.03577 -0.0354189 -0.0351194 -0.0348783 -0.0346829 -0.0345362 -0.0344383 -0.0343866 -0.0343843 -0.0344272 -0.0344808 -0.034581 -0.0347069 -0.0348699 -0.0350384 -0.035221 -0.0354288 -0.0356353 -0.0358428 -0.036058 -0.0362779 -0.0364943 -0.0367133 -0.0368925 -0.0370879 -0.0372856 -0.0374529 -0.0376062 -0.0377712 -0.0379031 -0.0380166 -0.0381349 -0.0382484 -0.0383425 -0.0384032 -0.0384709 -0.0385512 -0.0386038 -0.0386233 -0.0386715 -0.0387069 -0.0387192 -0.0387335 -0.0387555 -0.0387508 -0.0387549 -0.0387571 -0.0387519 -0.0387394 -0.0387349 -0.0387218 -0.0387113 -0.0386941 -0.0386817 -0.0386691 -0.0386539 -0.0386346 -0.0386279 -0.0386128 -0.0385954 -0.0385872 -0.0385808 -0.0385623 -0.038557 -0.0385532 -0.0385417 -0.0385329 -0.0385346 -0.0385252 -0.0385192 -0.0385161 -0.038513 -0.0385042 -0.0384998 -0.0384899 -0.0384857 -0.0384704 -0.0384561 -0.0384428 -0.0384246 -0.0383898 -0.0383743 -0.0383407 -0.0382869 -0.0382451 -0.0382142 -0.0381348 -0.0380558 -0.0379909 -0.0379129 -0.0378037 -0.0376877 -0.037565 -0.0374396 -0.037285 -0.0371121 -0.0369424 -0.0367345 -0.0365022 -0.0362776 -0.0360303 -0.0357263 -0.0354204 -0.0350856 -0.0347255 -0.0343302 -0.033904 -0.0334413 -0.0329451 -0.0323935 -0.0318024 -0.0311749 -0.0304916 -0.0297558 -0.0289377 -0.0280779 -0.0271455 -0.0261325 -0.0250417 -0.0238713 -0.0226004 -0.0212385 -0.0197545 -0.0181446 -0.0164398 -0.0145762 -0.0125879 -0.0104414 -0.00813164 -0.00567116 -0.00303164 -0.000214636 0.00278334 0.00596869 0.00936132 0.0129541 0.0167981 0.0208884 0.025263 0.0299528 0.0349443 0.0402662 0.0458484 0.0516425 0.0575122 0.0632736 0.0687085 0.0735266 0.0774849 0.0803076 0.0818189 0.0818916 0.0805048 0.0777881 0.0739463 0.0693642 0.064451 0.0596942 0.055588 0.0525484 0.0509889 0.0511508 
0 -0.00522087 -0.0105477 -0.016084 -0.0218358 -0.0277824 -0.0337838 -0.0396428 -0.0451285 -0.0499717 -0.0539844 -0.0570057 -0.0589869 -0.0599582 -0.0600182 -0.0593526 -0.0581385 -0.0565985 -0.054899 -0.0531855 -0.0515689 -0.0500903 -0.048792 -0.0476425 -0.0466208 -0.0456931 -0.0448236 -0.0439995 -0.0431878 -0.0423713 -0.0415457 -0.0407216 -0.0399048 -0.0391117 -0.0383213 -0.0375581 -0.0368401 -0.036167 -0.0355627 -0.0349949 -0.0344972 -0.0340802 -0.0337356 -0.0334578 -0.0332365 -0.0330823 -0.0330077 -0.0329891 -0.0330063 -0.033085 -0.0332049 -0.0333725 -0.033556 -0.0337588 -0.0340058 -0.0342734 -0.0345374 -0.0348112 -0.0350986 -0.0353881 -0.0356779 -0.0359475 -0.0362338 -0.0365139 -0.0367628 -0.0370032 -0.0372553 -0.0374823 -0.0376927 -0.0378902 -0.0380786 -0.0382604 -0.0384183 -0.0385654 -0.0387145 -0.0388397 -0.0389429 -0.0390648 -0.0391649 -0.039239 -0.0393201 -0.0394043 -0.0394569 -0.0395124 -0.0395671 -0.0396119 -0.0396444 -0.0396806 -0.0397079 -0.0397339 -0.0397484 -0.0397659 -0.0397807 -0.0397881 -0.0397882 -0.0397997 -0.0397978 -0.03979 -0.0397894 -0.0397877 -0.0397683 -0.0397608 -0.0397518 -0.0397305 -0.0397085 -0.0396958 -0.039667 -0.0396379 -0.0396101 -0.039579 -0.0395367 -0.0394974 -0.039451 -0.0394042 -0.039343 -0.0392817 -0.0392197 -0.0391464 -0.039053 -0.0389758 -0.0388837 -0.0387662 -0.0386518 -0.0385414 -0.0383941 -0.0382469 -0.0380995 -0.0379237 -0.0377313 -0.0375415 -0.0373322 -0.0371002 -0.036847 -0.0365807 -0.0363121 -0.0360037 -0.0356662 -0.0353237 -0.0349564 -0.0345406 -0.0341134 -0.033656 -0.0331651 -0.0326268 -0.0320476 -0.0314441 -0.0308008 -0.0300886 -0.0293316 -0.0285343 -0.0276707 -0.0267481 -0.0257479 -0.0246975 -0.023579 -0.0223662 -0.0210635 -0.0196839 -0.0182108 -0.0166393 -0.0149479 -0.013135 -0.0112223 -0.00916478 -0.00697068 -0.00462323 -0.00212815 0.000506823 0.00330875 0.00628262 0.00943191 0.0127573 0.0162703 0.0199854 0.0239407 0.0281408 0.0326183 0.037392 0.0424698 0.0478627 0.0535025 0.0593186 0.0651515 0.0708081 0.0760495 0.08058 0.0841349 0.086433 0.0872888 0.086584 0.084316 0.0806293 0.0757649 0.0701252 0.0641638 0.0584044 0.0533785 0.0495541 0.0473616 0.0470797 
0 -0.00550682 -0.0111331 -0.0169661 -0.0230353 -0.0292951 -0.0356108 -0.0417837 -0.0475697 -0.052713 -0.0570057 -0.0602847 -0.0624788 -0.0636154 -0.0637846 -0.0631717 -0.0619702 -0.0603833 -0.0586094 -0.0567735 -0.0550119 -0.0533882 -0.0519213 -0.0506237 -0.0494303 -0.0483288 -0.047292 -0.0462841 -0.0452986 -0.0442878 -0.0432537 -0.0422093 -0.0411689 -0.0401323 -0.0390985 -0.0380812 -0.0370987 -0.0361912 -0.0353336 -0.0345319 -0.0338063 -0.0331683 -0.0326274 -0.0321672 -0.0317779 -0.0314725 -0.0312791 -0.0311417 -0.031068 -0.0310656 -0.0311242 -0.0312484 -0.0314053 -0.0315917 -0.0318273 -0.0321101 -0.0323843 -0.0326832 -0.0330079 -0.0333464 -0.0336759 -0.0340057 -0.0343521 -0.034692 -0.0350159 -0.0353316 -0.0356551 -0.0359556 -0.0362515 -0.0365247 -0.0367946 -0.0370521 -0.0372948 -0.0375158 -0.03774 -0.0379391 -0.0381217 -0.038308 -0.0384757 -0.0386184 -0.0387628 -0.0389053 -0.0390174 -0.0391279 -0.0392328 -0.0393293 -0.0394065 -0.0394861 -0.0395526 -0.0396177 -0.0396631 -0.0397137 -0.0397534 -0.039787 -0.0398058 -0.0398367 -0.0398462 -0.0398525 -0.0398561 -0.0398606 -0.0398402 -0.039832 -0.0398138 -0.0397864 -0.0397488 -0.039722 -0.0396717 -0.0396218 -0.0395653 -0.0395077 -0.0394298 -0.0393564 -0.0392702 -0.0391818 -0.0390732 -0.0389661 -0.0388501 -0.0387228 -0.0385742 -0.0384343 -0.0382767 -0.0380976 -0.0379163 -0.0377279 -0.0375098 -0.0372877 -0.0370633 -0.0368016 -0.0365298 -0.036254 -0.0359606 -0.0356314 -0.035295 -0.0349376 -0.0345692 -0.0341597 -0.0337312 -0.0332833 -0.0328099 -0.0322924 -0.0317463 -0.0311728 -0.0305634 -0.0299034 -0.029187 -0.0284561 -0.0276663 -0.0268036 -0.0258906 -0.0249403 -0.0239105 -0.0228129 -0.0216401 -0.0203969 -0.0190941 -0.017685 -0.0161809 -0.0145963 -0.0129277 -0.0111388 -0.0092362 -0.00721794 -0.00508948 -0.00284685 -0.000452673 0.00208121 0.00474729 0.00754276 0.0104931 0.0135996 0.0168701 0.0202988 0.0238803 0.0276716 0.0316751 0.0359238 0.040439 0.0452181 0.0503034 0.0556666 0.0612549 0.0669674 0.0726265 0.0780339 0.0829312 0.0870253 0.0900258 0.0916603 0.091725 0.090124 0.0868697 0.0821172 0.076158 0.069389 0.0623256 0.0555154 0.0495195 0.0448707 0.0419891 0.0412077 
0 -0.00568231 -0.0114859 -0.0175107 -0.0237758 -0.0302363 -0.0367573 -0.0431321 -0.049124 -0.0544823 -0.0589869 -0.0624788 -0.0648723 -0.0661723 -0.0664853 -0.0659646 -0.0648223 -0.0632676 -0.0614618 -0.0595879 -0.0577458 -0.056026 -0.0544847 -0.0530742 -0.051795 -0.0505921 -0.0494391 -0.0483394 -0.0472287 -0.0460938 -0.0449177 -0.0437111 -0.0424939 -0.0412739 -0.0400319 -0.0387867 -0.0375895 -0.0364279 -0.0353402 -0.0342983 -0.033317 -0.0324468 -0.0316707 -0.0309799 -0.0303752 -0.0298813 -0.0294792 -0.0291891 -0.0289586 -0.028803 -0.0287536 -0.0287706 -0.0288367 -0.0289557 -0.0291466 -0.0293612 -0.0296224 -0.0299009 -0.030216 -0.0305593 -0.0309151 -0.0312604 -0.0316247 -0.0320177 -0.0323839 -0.0327508 -0.0331238 -0.0334991 -0.0338292 -0.0341769 -0.0345235 -0.034853 -0.0351347 -0.0354325 -0.03573 -0.0359991 -0.036235 -0.0364786 -0.0367149 -0.0369209 -0.0371184 -0.0373062 -0.0374835 -0.0376377 -0.0377944 -0.0379282 -0.0380584 -0.0381673 -0.0382814 -0.0383693 -0.0384578 -0.0385261 -0.0386009 -0.0386462 -0.0386976 -0.0387307 -0.0387651 -0.0387723 -0.0387925 -0.0387877 -0.0387826 -0.0387591 -0.0387445 -0.0386989 -0.038661 -0.0386048 -0.0385492 -0.0384671 -0.0383958 -0.0382996 -0.038203 -0.0380845 -0.0379726 -0.0378332 -0.0376934 -0.0375349 -0.0373761 -0.0371877 -0.0370005 -0.0368011 -0.0365838 -0.0363391 -0.0361033 -0.0358564 -0.0355692 -0.0352668 -0.0349713 -0.0346648 -0.0343071 -0.0339427 -0.0335711 -0.033188 -0.0327525 -0.032321 -0.0318637 -0.0313732 -0.0308423 -0.0303217 -0.029755 -0.0291332 -0.0284859 -0.0278174 -0.027096 -0.0263164 -0.0255085 -0.0246369 -0.0237201 -0.0227285 -0.0216792 -0.0205702 -0.0194099 -0.0181431 -0.0167967 -0.0153981 -0.0139005 -0.0123084 -0.0106146 -0.0088339 -0.00695227 -0.00497154 -0.0028476 -0.000620926 0.00169673 0.00414809 0.00671942 0.00942966 0.0122545 0.0151906 0.0182531 0.0214698 0.024817 0.0282922 0.0319227 0.035709 0.0397236 0.0439588 0.048426 0.0531644 0.0581554 0.0634112 0.0688529 0.074345 0.0797236 0.084754 0.0891766 0.0927023 0.0950206 0.095859 0.095031 0.0924322 0.0881153 0.0822556 0.0751492 0.0672523 0.0590701 0.0512035 0.0442513 0.0387445 0.0351749 0.0338504 
0 -0.00575632 -0.0116455 -0.0177472 -0.0241053 -0.0306516 -0.0372608 -0.0437315 -0.0498259 -0.0553099 -0.0599582 -0.0636154 -0.0661723 -0.0676421 -0.0680963 -0.0677017 -0.0666726 -0.065174 -0.0634302 -0.0615561 -0.0597011 -0.057975 -0.0563798 -0.0549669 -0.0536498 -0.0524183 -0.0512566 -0.0501114 -0.0489761 -0.0477896 -0.0465427 -0.0452471 -0.0439345 -0.0425756 -0.0412008 -0.0397993 -0.0383962 -0.0370596 -0.0357315 -0.0344629 -0.0332496 -0.0321243 -0.0311001 -0.0301645 -0.0293105 -0.0285557 -0.0279346 -0.0273956 -0.0269643 -0.0266217 -0.0263881 -0.0262324 -0.0261577 -0.026144 -0.0262003 -0.0263455 -0.0265161 -0.0267285 -0.0269895 -0.0272943 -0.0275969 -0.0279522 -0.0283215 -0.0286979 -0.0290791 -0.0294708 -0.0298629 -0.0302614 -0.0306621 -0.03104 -0.0314108 -0.0317723 -0.0321464 -0.0324889 -0.0328133 -0.0331213 -0.0334391 -0.0337257 -0.0340012 -0.0342537 -0.0345042 -0.0347359 -0.0349564 -0.0351522 -0.0353453 -0.0355226 -0.0356842 -0.0358313 -0.0359709 -0.0360934 -0.0362035 -0.0363037 -0.0363895 -0.0364637 -0.036526 -0.0365775 -0.0366146 -0.0366434 -0.0366572 -0.0366623 -0.0366535 -0.0366349 -0.0366025 -0.0365618 -0.0365053 -0.0364401 -0.0363621 -0.0362715 -0.036168 -0.0360556 -0.0359268 -0.0357852 -0.0356359 -0.0354687 -0.0352865 -0.0350946 -0.0348925 -0.0346661 -0.0344319 -0.0341792 -0.0339194 -0.0336382 -0.0333425 -0.0330176 -0.0327009 -0.0323601 -0.0319957 -0.0315971 -0.0312067 -0.0307966 -0.0303636 -0.0298856 -0.0294051 -0.0289072 -0.0283773 -0.0278194 -0.0272362 -0.0266135 -0.0259582 -0.0252834 -0.0245467 -0.0237875 -0.022976 -0.0221047 -0.0211711 -0.0202176 -0.0191834 -0.0180758 -0.0169036 -0.0156655 -0.0143474 -0.0129342 -0.0114503 -0.00986786 -0.00821327 -0.00643382 -0.00454657 -0.00256402 -0.000494768 0.00170605 0.00402057 0.00643381 0.00896854 0.0115791 0.0143385 0.0172011 0.0201493 0.0231954 0.0263417 0.0296065 0.0329887 0.0364781 0.0400706 0.0438434 0.0477814 0.0519407 0.0563193 0.0609077 0.0657654 0.0708169 0.0760204 0.0812125 0.0861918 0.090746 0.0945816 0.0974247 0.0989549 0.098915 0.0971095 0.0934712 0.0880639 0.0810732 0.0728525 0.0638278 0.0545737 0.0456935 0.0378003 0.0314961 0.027229 0.0253765 
0 -0.00575558 -0.0116436 -0.0177406 -0.0240914 -0.030622 -0.0372142 -0.0436755 -0.0497725 -0.0552987 -0.0600182 -0.0637846 -0.0664853 -0.0680963 -0.0687141 -0.0684619 -0.0675567 -0.0661744 -0.0644939 -0.0626867 -0.0608666 -0.0591631 -0.0576121 -0.0562168 -0.0549472 -0.0537586 -0.0526354 -0.0515447 -0.0504483 -0.0492995 -0.048079 -0.0467916 -0.0454508 -0.0440545 -0.0426021 -0.0410977 -0.0395864 -0.0380873 -0.0365993 -0.0351457 -0.0337155 -0.0323592 -0.0310862 -0.029881 -0.028768 -0.0277618 -0.026856 -0.0260684 -0.025378 -0.0247754 -0.0243072 -0.02393 -0.0236467 -0.0234563 -0.0233486 -0.0233109 -0.0233483 -0.0234413 -0.0235968 -0.023809 -0.0240536 -0.0243371 -0.0246387 -0.0249839 -0.025348 -0.0257237 -0.026106 -0.0265089 -0.0268895 -0.0272885 -0.0276975 -0.0280863 -0.0284547 -0.0288282 -0.0291949 -0.0295487 -0.0298857 -0.0301964 -0.0305122 -0.0308119 -0.0310893 -0.0313458 -0.0316053 -0.0318341 -0.0320577 -0.0322585 -0.0324523 -0.032623 -0.0327904 -0.032928 -0.0330672 -0.0331811 -0.0332856 -0.0333709 -0.0334553 -0.0335063 -0.0335589 -0.0335926 -0.0336135 -0.0336118 -0.0336151 -0.0335863 -0.0335517 -0.0335025 -0.0334448 -0.0333573 -0.033275 -0.033166 -0.0330476 -0.0329101 -0.0327694 -0.0325976 -0.0324266 -0.0322294 -0.0320256 -0.0317995 -0.0315648 -0.0313025 -0.0310446 -0.0307546 -0.0304484 -0.0301291 -0.0298048 -0.0294486 -0.0290795 -0.0286856 -0.028285 -0.0278762 -0.0274278 -0.0269516 -0.0264766 -0.0259823 -0.0254448 -0.0248989 -0.0243141 -0.0237012 -0.0230603 -0.0223986 -0.0216854 -0.0209344 -0.020131 -0.0192991 -0.0184098 -0.0174618 -0.0164657 -0.0153981 -0.0142583 -0.0130506 -0.0117635 -0.0103962 -0.00895987 -0.00739817 -0.0057496 -0.00401229 -0.00216234 -0.000205715 0.00185911 0.00403548 0.0063079 0.00869883 0.0112163 0.0138181 0.0165158 0.0192995 0.0221846 0.0251617 0.0282059 0.031317 0.0345043 0.0377822 0.04114 0.044572 0.0480979 0.0517564 0.0555819 0.059602 0.0638064 0.0682205 0.0728402 0.0776265 0.082505 0.0872873 0.0917921 0.0957659 0.098935 0.10102 0.101698 0.100729 0.0979252 0.0932352 0.0867496 0.0786734 0.0693697 0.0593004 0.0490379 0.039217 0.0304756 0.0234135 0.0185231 0.0161641 
0 -0.00568853 -0.0115063 -0.01753 -0.0237979 -0.0302391 -0.0367371 -0.0431087 -0.0491373 -0.0546258 -0.0593526 -0.0631717 -0.0659646 -0.0677017 -0.0684619 -0.0683583 -0.0675934 -0.0663341 -0.0647596 -0.0630337 -0.0612796 -0.0596341 -0.0581362 -0.0568077 -0.0556183 -0.0545261 -0.0535157 -0.0525389 -0.0515585 -0.0505236 -0.0494055 -0.0482068 -0.0469345 -0.0455815 -0.0441557 -0.0426525 -0.0411043 -0.0395352 -0.0379381 -0.0363495 -0.0347621 -0.0332166 -0.0317276 -0.0302887 -0.028923 -0.0276412 -0.0264486 -0.025365 -0.0243886 -0.0235106 -0.022762 -0.0221056 -0.0215625 -0.0211261 -0.0207829 -0.0205401 -0.0203899 -0.0203115 -0.0203081 -0.0203707 -0.0204842 -0.0206729 -0.0208895 -0.0211464 -0.0214397 -0.0217596 -0.0220921 -0.0224584 -0.0228272 -0.0232082 -0.0235872 -0.0239615 -0.0243529 -0.0247376 -0.0250942 -0.0254515 -0.0258171 -0.026146 -0.026472 -0.0267877 -0.0270865 -0.0273625 -0.0276404 -0.0278879 -0.0281291 -0.0283475 -0.0285581 -0.0287477 -0.0289276 -0.0290789 -0.0292335 -0.029361 -0.0294711 -0.02957 -0.0296638 -0.0297189 -0.0297757 -0.0298195 -0.0298381 -0.029837 -0.0298433 -0.0298129 -0.0297695 -0.0297209 -0.0296565 -0.0295583 -0.0294672 -0.0293522 -0.0292168 -0.029067 -0.0289137 -0.0287265 -0.0285358 -0.0283236 -0.0281002 -0.0278541 -0.0275996 -0.0273181 -0.0270353 -0.0267203 -0.0263973 -0.0260606 -0.0257026 -0.0253136 -0.0249376 -0.0245298 -0.0240885 -0.0236419 -0.0231855 -0.0226947 -0.0221868 -0.0216545 -0.0210925 -0.0205167 -0.0199004 -0.0192597 -0.0185838 -0.0178634 -0.0170989 -0.0163125 -0.0154592 -0.0145628 -0.013606 -0.0125839 -0.011504 -0.0103553 -0.00912389 -0.00781939 -0.00642252 -0.00492389 -0.00334349 -0.00164219 0.000154056 0.00205801 0.00408169 0.00622145 0.00847489 0.0108439 0.0133079 0.0158831 0.0185658 0.0213255 0.0241763 0.0270917 0.0300872 0.0331429 0.0362337 0.0393633 0.0425334 0.0457561 0.0490307 0.0523509 0.0557395 0.0592392 0.062874 0.0666814 0.0706499 0.0747987 0.0791246 0.08357 0.0880506 0.0923676 0.096322 0.0996593 0.102102 0.103374 0.103165 0.101245 0.0974476 0.0917397 0.0842313 0.0751473 0.0648632 0.0538537 0.0427028 0.0320568 0.0225676 0.014847 0.00939734 0.00658512 
0 -0.00559489 -0.0113089 -0.017218 -0.0233474 -0.0296354 -0.0359686 -0.042176 -0.0480699 -0.0534551 -0.0581385 -0.0619702 -0.0648223 -0.0666726 -0.0675567 -0.0675934 -0.0669624 -0.0658104 -0.0643405 -0.0626841 -0.0609974 -0.0594165 -0.0579722 -0.0567295 -0.0556342 -0.054666 -0.0538064 -0.0529869 -0.0521845 -0.0513369 -0.0504101 -0.0493922 -0.0482863 -0.0470633 -0.0457507 -0.044338 -0.042833 -0.0412865 -0.0396634 -0.03802 -0.0363489 -0.0346717 -0.0330098 -0.0313757 -0.0297933 -0.0282613 -0.0268119 -0.0254329 -0.0241603 -0.0229836 -0.0219196 -0.0209521 -0.0201168 -0.0193999 -0.0187719 -0.0182714 -0.0178662 -0.0175651 -0.0173545 -0.0172294 -0.0171646 -0.0172013 -0.0172778 -0.0174 -0.0175889 -0.0178203 -0.0180728 -0.0183515 -0.018669 -0.0190013 -0.0193428 -0.0196767 -0.0200524 -0.0204125 -0.0207556 -0.021104 -0.0214717 -0.0217944 -0.022118 -0.0224395 -0.0227451 -0.023026 -0.0233053 -0.0235652 -0.0238113 -0.0240387 -0.0242521 -0.0244563 -0.0246362 -0.0247984 -0.0249557 -0.0250949 -0.0252014 -0.0253128 -0.0254055 -0.0254677 -0.0255206 -0.0255752 -0.0255862 -0.0255907 -0.0255923 -0.0255665 -0.0255118 -0.0254689 -0.0253948 -0.0252958 -0.0251936 -0.0250811 -0.0249303 -0.0247785 -0.0246139 -0.0244229 -0.0242155 -0.0240016 -0.0237645 -0.0235096 -0.0232408 -0.0229564 -0.0226592 -0.0223323 -0.0219982 -0.0216562 -0.0212871 -0.0208833 -0.0204996 -0.0200825 -0.0196326 -0.0191705 -0.0187121 -0.0182025 -0.0176806 -0.0171329 -0.016571 -0.0159659 -0.0153254 -0.0146611 -0.013969 -0.0132105 -0.0124122 -0.011591 -0.0106862 -0.00973094 -0.0087178 -0.00764006 -0.0064762 -0.00524615 -0.00390948 -0.00249934 -0.000987838 0.000637538 0.00236769 0.00421298 0.00616906 0.00826077 0.0104583 0.0127806 0.0152095 0.0177548 0.0203926 0.023138 0.0259603 0.0288486 0.0318163 0.0348062 0.0378588 0.0409303 0.0440108 0.0471064 0.0502044 0.0533126 0.0564398 0.059585 0.0627643 0.0660448 0.069422 0.0729561 0.0766395 0.0804617 0.0844437 0.0884837 0.0924989 0.0962913 0.0996331 0.10229 0.103971 0.104411 0.103319 0.100473 0.09573 0.0890762 0.0806347 0.0706484 0.0595058 0.0476834 0.0357818 0.0244474 0.0143382 0.00608111 0.000168348 -0.00301737 
0 -0.00548835 -0.0110885 -0.016859 -0.0228303 -0.0289332 -0.0350622 -0.0410725 -0.0467735 -0.0520142 -0.0565985 -0.0603833 -0.0632676 -0.065174 -0.0661744 -0.0663341 -0.0658104 -0.064783 -0.063372 -0.0617917 -0.0601554 -0.0585969 -0.0572182 -0.0560123 -0.0550151 -0.0541763 -0.0534661 -0.0528438 -0.052249 -0.0516341 -0.0509579 -0.0502024 -0.0493218 -0.0483421 -0.0472278 -0.0459922 -0.044658 -0.0431941 -0.0416517 -0.0400338 -0.038354 -0.0366235 -0.0348712 -0.0330944 -0.0313424 -0.0296254 -0.0279157 -0.0262883 -0.0247294 -0.0232566 -0.0218753 -0.0205995 -0.0194325 -0.0184023 -0.017485 -0.0166624 -0.0159811 -0.0154162 -0.0149563 -0.0145771 -0.0143227 -0.0141488 -0.0140403 -0.0140025 -0.0140487 -0.0141405 -0.0142776 -0.014463 -0.0146711 -0.0149258 -0.0152014 -0.0154933 -0.0157906 -0.016112 -0.0164219 -0.0167553 -0.0170759 -0.0173852 -0.0176887 -0.0180058 -0.0182921 -0.0185668 -0.0188343 -0.0190951 -0.0193343 -0.0195561 -0.0197676 -0.0199704 -0.0201488 -0.0203068 -0.0204671 -0.0206011 -0.0207111 -0.0208173 -0.0209142 -0.0209704 -0.0210286 -0.0210759 -0.0210926 -0.0210901 -0.0210964 -0.0210634 -0.0210139 -0.020963 -0.0208937 -0.0207875 -0.0206888 -0.02057 -0.0204223 -0.0202637 -0.0201027 -0.0199076 -0.0196993 -0.0194839 -0.0192495 -0.0189926 -0.0187215 -0.0184413 -0.0181435 -0.0178245 -0.017485 -0.0171466 -0.0167792 -0.0163979 -0.015998 -0.0155835 -0.0151387 -0.0147031 -0.0142224 -0.0137125 -0.0131887 -0.0126569 -0.0120689 -0.011456 -0.0108067 -0.0101223 -0.00939915 -0.00862263 -0.00779353 -0.00691164 -0.00597793 -0.00495648 -0.00387477 -0.00271896 -0.00148693 -0.000129113 0.00130709 0.00283376 0.00448689 0.00626033 0.00814275 0.0101487 0.0122831 0.0145282 0.0169222 0.0194013 0.0219902 0.0246939 0.0274824 0.0303423 0.0332688 0.0362442 0.039249 0.0422958 0.0453234 0.0483573 0.0513743 0.0543552 0.0573168 0.0602432 0.0631522 0.0660527 0.0689846 0.0719598 0.0750439 0.0782465 0.0815737 0.0850561 0.0886177 0.0922327 0.0957488 0.0989711 0.101703 0.103647 0.10457 0.104183 0.102219 0.0984906 0.0928607 0.0853465 0.0760803 0.0653227 0.0534599 0.0409869 0.0284903 0.0166238 0.00605052 -0.00262307 -0.00887677 -0.0123541 
0 -0.00540984 -0.0109036 -0.0165572 -0.0223538 -0.0282588 -0.0341626 -0.039924 -0.0454145 -0.0504499 -0.054899 -0.0586094 -0.0614618 -0.0634302 -0.0644939 -0.0647596 -0.0643405 -0.063372 -0.0620436 -0.0604859 -0.0588761 -0.0573364 -0.0559489 -0.0547817 -0.0538327 -0.0530951 -0.0525331 -0.0520937 -0.0517153 -0.0513613 -0.0509715 -0.0505057 -0.0499451 -0.0492396 -0.0484145 -0.047455 -0.0463399 -0.0450896 -0.0436983 -0.0421927 -0.0405991 -0.0389088 -0.0371286 -0.035313 -0.0334664 -0.0315969 -0.0297323 -0.0278742 -0.0260741 -0.0243494 -0.0226824 -0.0210893 -0.0196193 -0.0182643 -0.0170091 -0.0158846 -0.0148886 -0.0140229 -0.0132733 -0.0126317 -0.012097 -0.0116941 -0.0113851 -0.0111403 -0.0109883 -0.0109239 -0.0109094 -0.0109388 -0.0110511 -0.0112021 -0.0113608 -0.0115451 -0.0117982 -0.0120574 -0.0123 -0.0125589 -0.0128531 -0.0131331 -0.0133993 -0.013672 -0.0139436 -0.0142003 -0.0144453 -0.0146876 -0.0149124 -0.0151234 -0.0153217 -0.0155157 -0.0156806 -0.0158369 -0.0159831 -0.0161148 -0.0162158 -0.0163217 -0.0164051 -0.0164672 -0.016515 -0.0165629 -0.0165726 -0.0165771 -0.0165709 -0.0165455 -0.0164914 -0.0164444 -0.0163684 -0.0162737 -0.016168 -0.0160566 -0.0159087 -0.0157586 -0.0155944 -0.0154115 -0.0152047 -0.0149985 -0.0147679 -0.0145208 -0.0142604 -0.013993 -0.0136976 -0.013388 -0.0130763 -0.0127487 -0.0123829 -0.0120072 -0.0116447 -0.0112468 -0.0108024 -0.0103517 -0.00991113 -0.00941937 -0.00888477 -0.00833257 -0.00776522 -0.00713464 -0.00646912 -0.00577752 -0.00502759 -0.00419633 -0.00332992 -0.00241896 -0.00141288 -0.000321904 0.000840625 0.00208959 0.00344821 0.00490535 0.00647807 0.00815669 0.00995714 0.0119012 0.0139685 0.0161347 0.0184308 0.0208693 0.0234036 0.0260431 0.0287762 0.0315913 0.0344878 0.0374281 0.0403893 0.0433855 0.0463987 0.0493855 0.0523512 0.0552629 0.0581217 0.0609348 0.0636671 0.0663413 0.0689689 0.0715705 0.07418 0.0768335 0.0795599 0.0823995 0.0853723 0.0884515 0.0916228 0.0947757 0.0977797 0.100452 0.102532 0.103798 0.10396 0.102767 0.0999883 0.0954222 0.0889979 0.0807226 0.0707504 0.0593578 0.0469239 0.0339531 0.021026 0.00878891 -0.00210257 -0.0110433 -0.0175283 -0.0211952 
