0 0 0 0 0 0 0 0 0 0 0 0 0 0 0 0 0 0 0 0 0 0 0 0 0 0 0 0 0 0 0 0 0 0 0 0 0 0 0 0 0 0 0 0 0 0 0 0 0 0 0 0 0 0 0 0 0 0 0 0 0 0 0 0 0 0 0 0 0 0 0 0 0 0 0 0 0 0 0 0 0 0 0 0 0 0 0 0 0 0 0 0 0 0 0 0 0 0 0 0 0 0 0 0 0 0 0 0 0 0 0 0 0 0 0 0 0 0 0 0 0 0 0 0 0 0 0 0 0 0 0 0 0 0 0 0 0 0 0 0 0 0 0 0 0 0 0 0 0 0 0 0 0 0 0 0 0 0 0 0 0 0 0 0 0 0 0 0 0 0 0 0 0 0 0 0 0 0 0 0 0 0 0 0 0 0 0 0 0 0 0 0 0 0 0 0 0 0 0 0 
0 -0.00247555 -0.00487959 -0.00711422 -0.00913576 -0.010875 -0.0123097 -0.0134515 -0.0143024 -0.0149232 -0.0153418 -0.0156008 -0.0157572 -0.0158271 -0.0158639 -0.0158778 -0.0158674 -0.0158481 -0.0157936 -0.0157188 -0.0156199 -0.0154798 -0.0153048 -0.0150773 -0.0148054 -0.0145027 -0.0141649 -0.0137915 -0.0133913 -0.0129587 -0.0125167 -0.0120674 -0.0115953 -0.0111253 -0.0106469 -0.0101828 -0.00972801 -0.00927621 -0.00883439 -0.00840781 -0.00800839 -0.00761141 -0.00724239 -0.00688648 -0.00655925 -0.00625836 -0.00596587 -0.00569208 -0.00544913 -0.0052266 -0.00500807 -0.00482726 -0.00464718 -0.00449343 -0.00434808 -0.00420518 -0.00408026 -0.00397649 -0.00386805 -0.0037611 -0.00367749 -0.00358408 -0.00349998 -0.00341508 -0.00335236 -0.00327645 -0.00320378 -0.00313338 -0.00307731 -0.00300976 -0.00295544 -0.00290358 -0.00284078 -0.00278642 -0.00274304 -0.00270137 -0.00264821 -0.0026043 -0.00256057 -0.00253466 -0.00248941 -0.00245186 -0.00242004 -0.00239949 -0.00235674 -0.00233717 -0.00231229 -0.00228904 -0.00226151 -0.00225323 -0.00222649 -0.00221282 -0.002199 -0.00218954 -0.00217007 -0.00216919 -0.0021574 -0.00215125 -0.00214498 -0.00214783 -0.00213792 -0.00214326 -0.00214365 -0.0021469 -0.0021469 -0.00216173 -0.00216159 -0.00217324 -0.00218473 -0.00220013 -0.00220502 -0.00223185 -0.00224395 -0.00226219 -0.00228344 -0.00231564 -0.00232571 -0.00235963 -0.00239078 -0.00242294 -0.00244515 -0.00248724 -0.00252133 -0.00256754 -0.00260096 -0.00264052 -0.00268786 -0.00274294 -0.0027865 -0.00283618 -0.00288999 -0.0029428 -0.00300799 -0.00306681 -0.00312867 -0.00318641 -0.00325977 -0.00332656 -0.00340291 -0.00346976 -0.00355712 -0.00362872 -0.00370374 -0.00379671 -0.00389144 -0.00397329 -0.0040682 -0.00417233 -0.00426492 -0.0043773 -0.00447946 -0.00459676 -0.00471551 -0.00483049 -0.00493845 -0.00506189 -0.00518111 -0.00528906 -0.00539801 -0.00549372 -0.00558963 -0.00566172 -0.00571956 -0.00575347 -0.00577941 -0.00577778 -0.0057363 -0.00567195 -0.00556367 -0.00542797 -0.00524664 -0.00501112 -0.00473441 -0.0044145 -0.00404361 -0.00362449 -0.00314663 -0.00261447 -0.00204817 -0.00142353 -0.000756279 -3.66899e-05 0.000739328 0.00154123 0.00239172 0.00326833 0.00416441 0.00507377 0.00594263 0.00676524 0.00750458 0.00814365 0.00869407 0.00913544 0.00950431 0.00981899 0.0101142 0.0104532 0.0108536 0.0113654 
0 -0.00487959 -0.00958595 -0.0140053 -0.0179546 -0.0213742 -0.0241926 -0.0264 -0.0280795 -0.0292575 -0.030063 -0.0305587 -0.0308254 -0.030969 -0.0310143 -0.031038 -0.0310236 -0.0309747 -0.0308867 -0.0307459 -0.0305663 -0.0303143 -0.0299975 -0.0295741 -0.0290819 -0.0285155 -0.0278733 -0.0271847 -0.0263955 -0.0255816 -0.0247284 -0.0238469 -0.0229596 -0.0220335 -0.0211141 -0.0202125 -0.0193195 -0.0184298 -0.0175761 -0.0167347 -0.0159534 -0.0152031 -0.0144578 -0.0137805 -0.0131325 -0.0125307 -0.0119631 -0.0114358 -0.0109529 -0.0105212 -0.0101062 -0.00971561 -0.00937655 -0.00906588 -0.00877696 -0.00850081 -0.00827067 -0.0080408 -0.00782246 -0.00762568 -0.00744369 -0.00727422 -0.0071196 -0.00695237 -0.00679632 -0.00667256 -0.00652812 -0.00639383 -0.00628348 -0.00616464 -0.00602767 -0.00592363 -0.00583178 -0.00573254 -0.00561697 -0.00552041 -0.00544701 -0.00536323 -0.0052677 -0.00519588 -0.00512771 -0.00504969 -0.00499118 -0.00493212 -0.0048637 -0.004814 -0.00477431 -0.00471486 -0.00467242 -0.00464277 -0.00460168 -0.00456272 -0.00454473 -0.00451508 -0.00448751 -0.00447398 -0.00446032 -0.00443886 -0.00443544 -0.00443077 -0.00442174 -0.00442234 -0.00443218 -0.00442988 -0.00444022 -0.00445869 -0.00446977 -0.0044833 -0.00451656 -0.00453668 -0.00455865 -0.00459954 -0.00463776 -0.0046638 -0.0047147 -0.00476492 -0.00480564 -0.00486326 -0.00492702 -0.00497391 -0.00504427 -0.00512838 -0.00518803 -0.00525175 -0.0053463 -0.00544446 -0.00552122 -0.00559975 -0.00570305 -0.00582306 -0.00591319 -0.0060157 -0.00614157 -0.0062542 -0.00635864 -0.00650614 -0.0066396 -0.00675811 -0.00689537 -0.00704427 -0.00719359 -0.0073482 -0.00750612 -0.00766712 -0.00784303 -0.00800824 -0.00819035 -0.00838043 -0.00858856 -0.00877819 -0.0089722 -0.00919186 -0.00940875 -0.00961533 -0.00983308 -0.0100545 -0.0102588 -0.0104707 -0.0106343 -0.0108091 -0.0109742 -0.0110891 -0.0111796 -0.0112298 -0.01124 -0.0112034 -0.0111028 -0.010918 -0.0106994 -0.0103916 -0.0100031 -0.00952751 -0.0089373 -0.00828762 -0.00752723 -0.00667406 -0.0057136 -0.00465873 -0.00352554 -0.00230079 -0.00099108 0.000432951 0.00192775 0.00351236 0.00515527 0.00684928 0.00859958 0.0103234 0.0120124 0.0135726 0.014971 0.0161952 0.0171979 0.0180317 0.0186906 0.0192474 0.0197903 0.0203803 0.0211412 0.0221003 
0 -0.00711422 -0.0140053 -0.0204169 -0.026189 -0.031145 -0.0352152 -0.0384194 -0.040793 -0.0424833 -0.0435962 -0.0442587 -0.0446222 -0.0447666 -0.04482 -0.0448286 -0.0447959 -0.044747 -0.0446326 -0.0444719 -0.0442562 -0.0439427 -0.0435327 -0.0429857 -0.0423169 -0.0415542 -0.0406889 -0.0397217 -0.0386628 -0.0375155 -0.0363259 -0.0351016 -0.0338197 -0.0325215 -0.0312026 -0.0299099 -0.0286356 -0.0273691 -0.0261278 -0.0249268 -0.0237938 -0.0226811 -0.0216313 -0.0206295 -0.0197007 -0.0188414 -0.0180151 -0.0172409 -0.0165458 -0.0159076 -0.0152914 -0.0147578 -0.0142462 -0.0137966 -0.0133737 -0.0129653 -0.0126053 -0.0122936 -0.0119805 -0.0116788 -0.0114272 -0.0111661 -0.0109252 -0.0106862 -0.0104938 -0.0102842 -0.0100771 -0.00987889 -0.00971249 -0.0095254 -0.00936131 -0.00920758 -0.00903655 -0.00888036 -0.00874503 -0.00861715 -0.0084723 -0.00834206 -0.00821466 -0.00812491 -0.00800108 -0.00788976 -0.00779573 -0.0077228 -0.00760951 -0.00754218 -0.00746944 -0.00739703 -0.00732163 -0.00728425 -0.00721356 -0.00716767 -0.00712694 -0.00709333 -0.00704369 -0.00703093 -0.00700038 -0.00697989 -0.00696371 -0.00696494 -0.00694435 -0.00695388 -0.00695757 -0.00696577 -0.00697197 -0.00700716 -0.00701594 -0.00704768 -0.00708406 -0.00712621 -0.00715181 -0.00722115 -0.00726505 -0.00731911 -0.00738522 -0.00747139 -0.00751744 -0.00761104 -0.00770367 -0.00779468 -0.00787287 -0.00799154 -0.00809492 -0.00822001 -0.00832818 -0.00844926 -0.00858414 -0.00873408 -0.00886766 -0.00901477 -0.00916684 -0.00932041 -0.00950144 -0.00966938 -0.00984062 -0.0100125 -0.0102126 -0.0103991 -0.010605 -0.0107988 -0.0110289 -0.0112309 -0.0114405 -0.0116867 -0.011937 -0.0121612 -0.0124113 -0.0126797 -0.0129283 -0.0132071 -0.0134672 -0.0137559 -0.0140444 -0.0143169 -0.0145741 -0.0148562 -0.0151221 -0.0153587 -0.0155811 -0.0157714 -0.0159481 -0.0160592 -0.0161204 -0.0161161 -0.0160714 -0.0159463 -0.0157122 -0.0153964 -0.0149693 -0.0144514 -0.0138077 -0.01302 -0.0121128 -0.0110901 -0.0099327 -0.00864497 -0.00720674 -0.00563403 -0.00396649 -0.00216186 -0.000245525 0.00180308 0.003982 0.0062352 0.00859414 0.0110146 0.0134748 0.0159374 0.0182817 0.0204625 0.0223917 0.0240255 0.0253784 0.0264263 0.0272532 0.0279309 0.0285704 0.0293355 0.0303135 0.0316314 
0 -0.00913576 -0.0179546 -0.026189 -0.0335504 -0.0398742 -0.0450502 -0.0490751 -0.052062 -0.0541264 -0.0554661 -0.0562369 -0.0566074 -0.0567471 -0.056757 -0.0567399 -0.0566989 -0.0566376 -0.0565363 -0.0563812 -0.0561712 -0.055858 -0.0554295 -0.0548333 -0.0540998 -0.0532323 -0.0522278 -0.0511068 -0.0498284 -0.0484626 -0.0470188 -0.0455126 -0.04396 -0.042347 -0.0407209 -0.0391101 -0.0375097 -0.0359145 -0.0343611 -0.0328442 -0.0314116 -0.0300303 -0.0286862 -0.0274335 -0.0262504 -0.0251469 -0.0241024 -0.023129 -0.0222371 -0.021424 -0.020651 -0.0199337 -0.0192877 -0.0186994 -0.0181508 -0.0176314 -0.0171782 -0.0167489 -0.0163392 -0.0159612 -0.0156183 -0.0152948 -0.0149925 -0.0146864 -0.0144057 -0.0141551 -0.0138904 -0.0136414 -0.0134225 -0.0131953 -0.0129577 -0.0127548 -0.0125639 -0.0123711 -0.0121682 -0.0119873 -0.0118274 -0.0116629 -0.0114912 -0.0113503 -0.0112086 -0.0110634 -0.0109425 -0.0108267 -0.0106979 -0.0105971 -0.0105079 -0.0104027 -0.0103154 -0.010249 -0.0101699 -0.0100988 -0.0100509 -0.00999621 -0.00994378 -0.00991231 -0.00988132 -0.00984719 -0.00983316 -0.00982311 -0.00980909 -0.0098108 -0.00982299 -0.00982741 -0.00984636 -0.0098793 -0.00990451 -0.00993839 -0.00999387 -0.0100404 -0.0100895 -0.0101655 -0.0102374 -0.0103024 -0.0103957 -0.0104941 -0.0105794 -0.0106908 -0.0108112 -0.0109182 -0.0110469 -0.011198 -0.0113263 -0.0114646 -0.011632 -0.0118068 -0.0119649 -0.0121312 -0.0123205 -0.012528 -0.0127111 -0.0129086 -0.0131328 -0.0133448 -0.0135518 -0.0137996 -0.0140415 -0.0142673 -0.0145135 -0.014772 -0.0150384 -0.015303 -0.0155721 -0.0158528 -0.0161461 -0.0164221 -0.0167171 -0.0170237 -0.0173369 -0.0176321 -0.0179242 -0.0182385 -0.0185432 -0.0188249 -0.0191023 -0.0193786 -0.0196239 -0.0198485 -0.0200106 -0.0201575 -0.0202699 -0.0202976 -0.0202589 -0.0201394 -0.0199418 -0.0196444 -0.0192211 -0.0186614 -0.0180031 -0.0172013 -0.0162502 -0.0151378 -0.0138518 -0.0124422 -0.0108634 -0.00912736 -0.00722141 -0.00516629 -0.00298966 -0.000673619 0.00177717 0.0043884 0.00712033 0.00996774 0.0129029 0.0159041 0.0189509 0.0219396 0.0247971 0.027396 0.0296597 0.0315487 0.0330253 0.0341413 0.0349425 0.0355583 0.0361556 0.036895 0.0379664 0.0394756 
0 -0.010875 -0.0213742 -0.031145 -0.0398742 -0.0473374 -0.0534159 -0.0581144 -0.0615453 -0.0638832 -0.0653426 -0.0661329 -0.0664659 -0.066531 -0.0664776 -0.0664079 -0.0663464 -0.0662946 -0.0662266 -0.0661266 -0.0659777 -0.0657302 -0.0653506 -0.064796 -0.0640732 -0.0631958 -0.0621601 -0.0609689 -0.0596119 -0.0581258 -0.0565417 -0.0548741 -0.0531282 -0.0513142 -0.0494685 -0.0476261 -0.0457905 -0.0439602 -0.0421591 -0.0404072 -0.0387314 -0.0371115 -0.0355513 -0.0340782 -0.0326951 -0.0314005 -0.0301731 -0.0290233 -0.0279687 -0.026996 -0.0260798 -0.0252362 -0.0244633 -0.023757 -0.023097 -0.0224755 -0.0219181 -0.021407 -0.0209192 -0.0204626 -0.0200477 -0.0196545 -0.0192809 -0.0189211 -0.0185938 -0.0182823 -0.0179675 -0.0176701 -0.0173996 -0.0171273 -0.0168605 -0.016614 -0.0163719 -0.0161359 -0.0159091 -0.0156971 -0.0154916 -0.015288 -0.0150925 -0.0149222 -0.0147463 -0.0145728 -0.0144227 -0.0142819 -0.0141307 -0.0140044 -0.013889 -0.0137684 -0.0136606 -0.0135734 -0.0134787 -0.0133953 -0.0133292 -0.0132645 -0.0132022 -0.0131603 -0.01312 -0.0130834 -0.0130618 -0.0130486 -0.0130342 -0.0130363 -0.0130466 -0.0130575 -0.0130798 -0.0131173 -0.0131506 -0.0131961 -0.0132573 -0.0133181 -0.0133823 -0.0134708 -0.0135567 -0.0136445 -0.0137543 -0.013872 -0.0139797 -0.0141133 -0.0142582 -0.0143963 -0.0145452 -0.0147177 -0.0148851 -0.0150608 -0.0152489 -0.0154463 -0.0156471 -0.0158579 -0.0160777 -0.0163083 -0.0165345 -0.0167728 -0.0170324 -0.0172855 -0.0175361 -0.0178081 -0.018088 -0.0183604 -0.0186439 -0.0189354 -0.0192355 -0.0195262 -0.0198203 -0.0201325 -0.0204464 -0.0207411 -0.021045 -0.0213555 -0.0216574 -0.0219471 -0.0222256 -0.02251 -0.0227778 -0.0230102 -0.0232203 -0.023419 -0.0235803 -0.0236943 -0.0237486 -0.0237581 -0.0237112 -0.0235687 -0.0233314 -0.0229974 -0.0225671 -0.0220135 -0.0213103 -0.0204587 -0.0194707 -0.0183292 -0.0170162 -0.0155193 -0.0138491 -0.0120288 -0.0100389 -0.00787791 -0.00553907 -0.00304684 -0.000426314 0.00233386 0.00523489 0.00828934 0.0114726 0.0147591 0.0181303 0.0215558 0.0249925 0.0283442 0.0314919 0.0343103 0.0367 0.0386049 0.0400106 0.0409549 0.0415293 0.0418864 0.0422297 0.0427839 0.0437551 0.0453008 
0 -0.0123097 -0.0241926 -0.0352152 -0.0450502 -0.0534159 -0.0601885 -0.0653826 -0.0691044 -0.0715886 -0.0730606 -0.0737843 -0.0740131 -0.0739519 -0.0737991 -0.0736511 -0.0735576 -0.0735174 -0.0734995 -0.073486 -0.0734403 -0.0733158 -0.0730547 -0.0726276 -0.0720117 -0.0712254 -0.0702649 -0.0691101 -0.0677876 -0.0662939 -0.0646819 -0.0629656 -0.0611384 -0.0592368 -0.0572786 -0.0553036 -0.0533235 -0.0513452 -0.0493791 -0.0474705 -0.0456233 -0.0438321 -0.0421185 -0.0404765 -0.0389376 -0.037488 -0.0361155 -0.0348262 -0.0336398 -0.0325345 -0.0314984 -0.0305461 -0.0296611 -0.0288523 -0.0280974 -0.0273944 -0.0267457 -0.0261594 -0.0256014 -0.0250765 -0.0246002 -0.0241508 -0.0237195 -0.0233142 -0.0229448 -0.0225806 -0.0222325 -0.0219011 -0.02159 -0.0212814 -0.020992 -0.0207123 -0.0204379 -0.0201717 -0.019924 -0.0196859 -0.0194483 -0.0192198 -0.0190061 -0.0188077 -0.018606 -0.0184157 -0.0182398 -0.0180764 -0.0179099 -0.0177629 -0.0176234 -0.0174924 -0.0173672 -0.0172606 -0.0171539 -0.0170612 -0.0169772 -0.0169046 -0.0168348 -0.0167827 -0.0167339 -0.0166967 -0.0166671 -0.0166509 -0.016637 -0.0166391 -0.0166464 -0.0166644 -0.0166893 -0.0167293 -0.0167702 -0.0168266 -0.0168904 -0.016964 -0.0170422 -0.0171394 -0.0172365 -0.0173457 -0.0174661 -0.0175988 -0.0177285 -0.0178784 -0.0180376 -0.0182032 -0.0183709 -0.0185572 -0.018751 -0.0189541 -0.0191595 -0.0193756 -0.0196044 -0.0198422 -0.0200837 -0.0203306 -0.0205896 -0.0208531 -0.0211291 -0.0214062 -0.0216898 -0.0219734 -0.0222739 -0.0225709 -0.0228687 -0.0231709 -0.0234828 -0.0237788 -0.0240733 -0.024382 -0.0246775 -0.0249563 -0.0252306 -0.0255046 -0.0257507 -0.0259845 -0.0261923 -0.0263838 -0.0265481 -0.0266668 -0.0267416 -0.0267853 -0.02678 -0.0266936 -0.026549 -0.0263254 -0.0260228 -0.0256173 -0.0250909 -0.0244519 -0.0236984 -0.0228023 -0.0217416 -0.0205327 -0.0191574 -0.0176323 -0.015926 -0.0140272 -0.0119685 -0.00974136 -0.00735967 -0.00480711 -0.00208791 0.00077324 0.00375616 0.00686414 0.0101062 0.0134783 0.0169759 0.0205512 0.0241957 0.0278685 0.0315005 0.0350082 0.0382273 0.0410424 0.0433331 0.0450295 0.0461437 0.0466997 0.0468408 0.0467424 0.0466422 0.0468275 0.0475186 0.0489266 
0 -0.0134515 -0.0264 -0.0384194 -0.0490751 -0.0581144 -0.0653826 -0.070873 -0.074762 -0.0772442 -0.0786286 -0.0792051 -0.0792383 -0.0790143 -0.0787012 -0.078444 -0.0783017 -0.0782543 -0.0783016 -0.0783914 -0.0784809 -0.0785241 -0.078446 -0.078208 -0.0777954 -0.0771893 -0.0763927 -0.0754017 -0.0741971 -0.0728275 -0.0712999 -0.0696336 -0.0678606 -0.0659688 -0.064014 -0.0620121 -0.0599829 -0.0579386 -0.0559074 -0.0539087 -0.0519555 -0.0500776 -0.0482404 -0.0464973 -0.0448392 -0.0432617 -0.0417784 -0.0403888 -0.0390846 -0.0378732 -0.0367544 -0.0356847 -0.0347232 -0.0338228 -0.0329869 -0.0322183 -0.0315127 -0.0308438 -0.0302284 -0.0296636 -0.0291237 -0.0286373 -0.0281724 -0.0277398 -0.0273122 -0.026933 -0.026562 -0.0262121 -0.0258718 -0.0255601 -0.025237 -0.0249346 -0.0246635 -0.0243911 -0.0241126 -0.0238487 -0.0236148 -0.0233766 -0.0231491 -0.0229161 -0.0227168 -0.0225148 -0.022327 -0.0221335 -0.0219741 -0.0218033 -0.0216564 -0.021508 -0.0213832 -0.0212503 -0.0211476 -0.0210381 -0.0209504 -0.0208621 -0.0207983 -0.0207274 -0.0206822 -0.0206355 -0.0206092 -0.0205804 -0.0205772 -0.0205691 -0.0205829 -0.0205969 -0.0206332 -0.0206635 -0.0207206 -0.0207745 -0.0208488 -0.020921 -0.0210201 -0.0211095 -0.0212265 -0.0213407 -0.0214745 -0.0216027 -0.0217651 -0.0219145 -0.0220829 -0.022252 -0.0224513 -0.0226406 -0.0228441 -0.0230423 -0.0232765 -0.0235124 -0.0237402 -0.0239705 -0.0242346 -0.0244994 -0.0247552 -0.0250298 -0.025304 -0.025585 -0.025864 -0.026168 -0.0264521 -0.0267411 -0.0270222 -0.0273225 -0.0275946 -0.027876 -0.0281463 -0.0283941 -0.0286309 -0.0288575 -0.029055 -0.0292301 -0.0293961 -0.0294942 -0.0295769 -0.0296157 -0.0296043 -0.0295362 -0.0294185 -0.0292242 -0.0289606 -0.0286158 -0.0281609 -0.0276319 -0.0269884 -0.0262293 -0.0253377 -0.0243219 -0.0231628 -0.0218579 -0.0203973 -0.0187611 -0.0169898 -0.0150454 -0.012933 -0.0106553 -0.00820607 -0.00561624 -0.00288217 5.41716e-06 0.00302766 0.00616687 0.00941886 0.0127582 0.016215 0.0197811 0.0234243 0.0271493 0.0308876 0.0346192 0.0382711 0.0417003 0.0448006 0.0473853 0.0493551 0.0506526 0.0512425 0.0512356 0.0507431 0.050005 0.0493142 0.048946 0.0492274 0.0503392 
0 -0.0143024 -0.0280795 -0.040793 -0.052062 -0.0615453 -0.0691044 -0.074762 -0.0786371 -0.0810286 -0.082214 -0.0825417 -0.0823343 -0.0818496 -0.08134 -0.0809199 -0.0806793 -0.0806164 -0.0807079 -0.0809111 -0.0811588 -0.0814011 -0.0815404 -0.0815645 -0.0813995 -0.081053 -0.0805179 -0.0797471 -0.0788053 -0.07764 -0.0763089 -0.074824 -0.0731762 -0.0714225 -0.0695642 -0.0676313 -0.0656508 -0.0636488 -0.0616148 -0.0596168 -0.0576263 -0.055677 -0.0538053 -0.0519759 -0.0502434 -0.0485851 -0.0470175 -0.0455312 -0.044144 -0.0428347 -0.0416222 -0.0405037 -0.0394567 -0.0384868 -0.0375869 -0.036766 -0.0359824 -0.0352834 -0.0346325 -0.034023 -0.0334595 -0.0329377 -0.0324357 -0.0319891 -0.0315748 -0.0311599 -0.0307872 -0.0304311 -0.0300831 -0.0297547 -0.0294641 -0.0291635 -0.0288679 -0.0285815 -0.0283352 -0.0280857 -0.0278252 -0.0275796 -0.0273657 -0.0271419 -0.0269264 -0.0267281 -0.0265297 -0.0263439 -0.0261772 -0.0260074 -0.0258434 -0.0257075 -0.0255696 -0.025437 -0.0253235 -0.0252225 -0.0251179 -0.0250364 -0.0249628 -0.0248957 -0.0248384 -0.0248013 -0.0247624 -0.0247399 -0.0247292 -0.0247286 -0.024731 -0.0247566 -0.0247841 -0.0248215 -0.0248728 -0.0249387 -0.0250006 -0.0250859 -0.0251812 -0.0252772 -0.0253847 -0.0255162 -0.0256411 -0.0257777 -0.0259332 -0.026089 -0.0262538 -0.0264406 -0.026619 -0.0267991 -0.0270174 -0.0272343 -0.0274356 -0.0276478 -0.0278944 -0.0281382 -0.0283755 -0.0286052 -0.0288708 -0.0291293 -0.0293814 -0.0296443 -0.0299171 -0.0301549 -0.0304137 -0.0306805 -0.0309212 -0.0311548 -0.0313794 -0.0315814 -0.0317662 -0.0319434 -0.0320755 -0.0321921 -0.0322618 -0.0322971 -0.0322766 -0.0322238 -0.0321142 -0.031933 -0.0316908 -0.0313714 -0.0309653 -0.0304697 -0.0298939 -0.029187 -0.0284011 -0.0274763 -0.0264227 -0.0252546 -0.0239304 -0.022477 -0.0208828 -0.0191369 -0.0172342 -0.0151975 -0.0129833 -0.0106436 -0.00814758 -0.0054949 -0.00273547 0.000178058 0.00318464 0.00631571 0.0095504 0.0128663 0.0162656 0.0197258 0.023268 0.026867 0.0305344 0.0342174 0.0378983 0.0415207 0.0449783 0.0481819 0.0509325 0.0531109 0.0545785 0.0552585 0.0551919 0.0544232 0.0531659 0.0516624 0.0502258 0.0492296 0.0489532 0.0496745 
0 -0.0149232 -0.0292575 -0.0424833 -0.0541264 -0.0638832 -0.0715886 -0.0772442 -0.0810286 -0.0831976 -0.0841039 -0.0841131 -0.0835633 -0.0827801 -0.0819904 -0.0813556 -0.0809718 -0.0808371 -0.0809463 -0.081237 -0.0816306 -0.0820724 -0.0824655 -0.0827682 -0.082928 -0.0829008 -0.0826801 -0.0822424 -0.081594 -0.0807406 -0.0796864 -0.0784485 -0.0770529 -0.0755135 -0.073854 -0.0720855 -0.0702367 -0.068333 -0.066397 -0.0644493 -0.0624875 -0.0605664 -0.0586731 -0.0568287 -0.0550457 -0.0533176 -0.0516848 -0.0501436 -0.0486733 -0.0472917 -0.0460178 -0.0448068 -0.0436982 -0.0426588 -0.0417016 -0.0408371 -0.0400264 -0.039267 -0.0385806 -0.0379562 -0.0373644 -0.0368326 -0.0363371 -0.0358915 -0.0354491 -0.0350504 -0.0346921 -0.0343527 -0.0340144 -0.0337149 -0.0334185 -0.0331301 -0.0328744 -0.032622 -0.0323702 -0.0321222 -0.0318968 -0.0316806 -0.0314749 -0.0312445 -0.0310546 -0.0308737 -0.0306859 -0.030495 -0.0303494 -0.0301808 -0.0300274 -0.0298902 -0.0297656 -0.0296265 -0.0295256 -0.0294204 -0.0293234 -0.0292361 -0.0291727 -0.0290975 -0.0290477 -0.0290045 -0.028972 -0.0289413 -0.0289381 -0.0289286 -0.0289363 -0.0289543 -0.0289871 -0.0290134 -0.029071 -0.0291268 -0.0291913 -0.0292658 -0.0293656 -0.0294461 -0.0295577 -0.0296771 -0.0297971 -0.0299165 -0.0300801 -0.0302171 -0.0303648 -0.0305336 -0.0307192 -0.0308801 -0.0310684 -0.0312538 -0.0314573 -0.0316608 -0.0318624 -0.0320605 -0.0322824 -0.0324968 -0.0327127 -0.0329325 -0.0331331 -0.0333444 -0.0335593 -0.0337625 -0.0339415 -0.0341255 -0.0342816 -0.0344324 -0.0345451 -0.0346527 -0.0347274 -0.0347479 -0.0347302 -0.0346937 -0.0345887 -0.0344247 -0.0342148 -0.0339155 -0.0335574 -0.0331027 -0.032557 -0.0319288 -0.0312006 -0.0303391 -0.0293719 -0.028279 -0.0270556 -0.0257053 -0.0242048 -0.0225813 -0.0208144 -0.0189088 -0.0168542 -0.0146631 -0.0123438 -0.00988935 -0.00731026 -0.00460569 -0.00178323 0.00114337 0.00417421 0.00730385 0.0105048 0.0137862 0.0171167 0.0204927 0.0239174 0.0273607 0.030848 0.0343576 0.0378781 0.0414006 0.0448589 0.0482048 0.051334 0.0541019 0.0563724 0.0579684 0.058776 0.0587364 0.057848 0.0562482 0.0541184 0.051761 0.0495385 0.0478029 0.0469337 0.0471716 
0 -0.0153418 -0.030063 -0.0435962 -0.0554661 -0.0653426 -0.0730606 -0.0786286 -0.082214 -0.0841039 -0.0846608 -0.0842819 -0.083344 -0.082182 -0.0810549 -0.0801355 -0.0795351 -0.0792748 -0.0793458 -0.0796822 -0.0801966 -0.0808186 -0.0814494 -0.082043 -0.0825232 -0.0828418 -0.0829785 -0.0829023 -0.0826334 -0.0821476 -0.0814485 -0.080548 -0.0794625 -0.0782225 -0.0768352 -0.075308 -0.0736723 -0.0719598 -0.0701807 -0.0683588 -0.0664853 -0.0646142 -0.0627628 -0.0609294 -0.0591359 -0.0573827 -0.0557098 -0.0541112 -0.0525771 -0.051121 -0.0497718 -0.0485076 -0.0473321 -0.0462289 -0.0452155 -0.0443003 -0.043438 -0.0426496 -0.041942 -0.0412983 -0.0406965 -0.0401502 -0.0396483 -0.0392103 -0.0387924 -0.0384027 -0.0380623 -0.0377427 -0.0374279 -0.0371509 -0.0369003 -0.0366476 -0.0364078 -0.0361788 -0.0359762 -0.0357708 -0.0355643 -0.0353725 -0.0352014 -0.0350083 -0.0348398 -0.0346833 -0.0345164 -0.0343541 -0.034226 -0.0340786 -0.0339378 -0.0338213 -0.0337078 -0.0335848 -0.0334909 -0.0334002 -0.0333084 -0.0332318 -0.0331709 -0.0331051 -0.0330554 -0.0330183 -0.0329843 -0.032958 -0.0329504 -0.0329431 -0.0329452 -0.0329628 -0.0329869 -0.0330116 -0.0330588 -0.0331094 -0.0331607 -0.0332293 -0.033313 -0.0333833 -0.033476 -0.033584 -0.0336829 -0.0337859 -0.0339223 -0.0340403 -0.0341644 -0.0343108 -0.0344564 -0.0345857 -0.034751 -0.03491 -0.0350584 -0.0352124 -0.0353864 -0.0355494 -0.035709 -0.035859 -0.036025 -0.036182 -0.0363158 -0.0364552 -0.0365904 -0.0366877 -0.0367724 -0.0368591 -0.0369042 -0.0369201 -0.0368962 -0.0368474 -0.0367563 -0.0366072 -0.0363998 -0.0361566 -0.0358269 -0.0354147 -0.0349315 -0.0343633 -0.0337045 -0.0329245 -0.032035 -0.0310405 -0.0299208 -0.0286531 -0.0272647 -0.0257387 -0.0240841 -0.0222771 -0.0203167 -0.0182377 -0.0160219 -0.0136769 -0.0111988 -0.00860416 -0.00590908 -0.00311367 -0.00020768 0.00278344 0.00585178 0.00898119 0.0121616 0.015407 0.0186767 0.0219751 0.0252784 0.0285842 0.0319014 0.0352042 0.0385044 0.0417836 0.0450397 0.0482531 0.0513686 0.0543153 0.0569764 0.0592136 0.060869 0.0617851 0.0618406 0.0609767 0.059219 0.0567063 0.0536687 0.0504314 0.0473824 0.0449171 0.0434164 0.0431591 
0 -0.0156008 -0.0305587 -0.0442587 -0.0562369 -0.0661329 -0.0737843 -0.0792051 -0.0825417 -0.0841131 -0.0842819 -0.0834748 -0.0821051 -0.0805108 -0.0789874 -0.0777163 -0.076825 -0.0763627 -0.076316 -0.0766236 -0.0771928 -0.0779392 -0.0787683 -0.0796269 -0.0804173 -0.0810856 -0.081593 -0.0818994 -0.0820356 -0.0819506 -0.0816497 -0.0811394 -0.0804251 -0.0795511 -0.0785034 -0.0772872 -0.0759292 -0.0744688 -0.0729079 -0.0712724 -0.0695549 -0.0677947 -0.0660389 -0.0642602 -0.062489 -0.0607359 -0.0590415 -0.0574026 -0.0558195 -0.0542996 -0.0528701 -0.0515404 -0.0502803 -0.0491034 -0.0480248 -0.0470524 -0.046135 -0.0453047 -0.0445592 -0.043885 -0.0432723 -0.0427151 -0.0422166 -0.0417793 -0.0413797 -0.0410012 -0.0406882 -0.0403993 -0.0401241 -0.0398742 -0.0396657 -0.0394587 -0.0392618 -0.0390785 -0.0389229 -0.0387637 -0.0385993 -0.0384575 -0.0383265 -0.0381809 -0.0380464 -0.0379322 -0.0377995 -0.0376777 -0.0375726 -0.0374623 -0.0373456 -0.0372579 -0.0371621 -0.037068 -0.0369859 -0.036917 -0.0368372 -0.0367778 -0.0367218 -0.0366718 -0.0366246 -0.0365961 -0.0365621 -0.0365431 -0.0365292 -0.036525 -0.0365203 -0.0365357 -0.0365472 -0.0365694 -0.0365997 -0.036641 -0.0366742 -0.0367309 -0.0367882 -0.0368449 -0.0369095 -0.0369947 -0.0370616 -0.037143 -0.0372383 -0.0373264 -0.0374097 -0.0375216 -0.0376191 -0.0377074 -0.037818 -0.0379319 -0.0380228 -0.0381188 -0.0382303 -0.0383285 -0.0384124 -0.0384898 -0.0385807 -0.0386432 -0.0386827 -0.0387201 -0.0387522 -0.0387263 -0.038689 -0.0386336 -0.0385327 -0.0383809 -0.0381943 -0.0379601 -0.0376676 -0.037305 -0.036866 -0.0363739 -0.0357843 -0.0350941 -0.0343013 -0.0334228 -0.0324153 -0.0312705 -0.030002 -0.0286132 -0.0270784 -0.0253865 -0.0235577 -0.0215833 -0.0194889 -0.0172289 -0.0148318 -0.0123278 -0.00970565 -0.00696942 -0.00412348 -0.00118971 0.00180961 0.00486181 0.00799739 0.0111665 0.0143647 0.0175778 0.0207876 0.0240243 0.0272375 0.030424 0.0335695 0.036675 0.0397525 0.0427889 0.0457809 0.0487164 0.0516044 0.054408 0.0570865 0.0595423 0.061646 0.0632721 0.0642376 0.0644121 0.0636671 0.061946 0.05931 0.0558887 0.0519641 0.0478759 0.0440281 0.0408608 0.0387417 0.037993 
0 -0.0157572 -0.0308254 -0.0446222 -0.0566074 -0.0664659 -0.0740131 -0.0792383 -0.0823343 -0.0835633 -0.083344 -0.0821051 -0.0802656 -0.0782186 -0.0762388 -0.0745546 -0.0733011 -0.0725489 -0.0722965 -0.0724883 -0.0730247 -0.0738115 -0.0747795 -0.0758205 -0.0768851 -0.0778626 -0.0787057 -0.0794149 -0.0799327 -0.0802839 -0.0804093 -0.0803129 -0.0800301 -0.0795561 -0.0789001 -0.0780518 -0.077035 -0.0758685 -0.0746014 -0.0731936 -0.0716797 -0.070101 -0.068459 -0.066792 -0.0650793 -0.0633581 -0.0616602 -0.0600121 -0.0583754 -0.0567989 -0.0553057 -0.0538801 -0.0525415 -0.051278 -0.050117 -0.0490541 -0.048089 -0.0471801 -0.0463799 -0.0456701 -0.0450208 -0.0444351 -0.0439363 -0.0434959 -0.0430816 -0.0427324 -0.0424339 -0.0421717 -0.0419263 -0.0417308 -0.0415449 -0.0413831 -0.0412417 -0.041128 -0.0410063 -0.0408931 -0.0407958 -0.0407175 -0.0406289 -0.040532 -0.0404557 -0.0403874 -0.0403069 -0.0402239 -0.0401622 -0.0400894 -0.0400191 -0.0399534 -0.0398967 -0.0398284 -0.0397775 -0.0397229 -0.0396751 -0.0396251 -0.0395908 -0.0395481 -0.0395197 -0.039489 -0.03947 -0.0394466 -0.0394392 -0.0394252 -0.0394255 -0.0394237 -0.0394331 -0.0394372 -0.0394589 -0.039473 -0.0394973 -0.0395223 -0.0395583 -0.0395827 -0.0396255 -0.0396649 -0.039703 -0.0397411 -0.0397985 -0.0398377 -0.0398758 -0.0399258 -0.0399802 -0.0400169 -0.0400522 -0.0400928 -0.0401317 -0.0401643 -0.0401776 -0.0401899 -0.040194 -0.040192 -0.040162 -0.0401241 -0.0400506 -0.0399653 -0.0398513 -0.0397097 -0.0395097 -0.0392836 -0.0390146 -0.0386807 -0.0382843 -0.0378442 -0.037329 -0.0367025 -0.036015 -0.0352391 -0.0343534 -0.0333408 -0.0322308 -0.0309839 -0.0296107 -0.0280854 -0.0264108 -0.0246152 -0.0226644 -0.0205477 -0.0182826 -0.0159073 -0.0133765 -0.0107249 -0.00794467 -0.00506552 -0.00211617 0.000934211 0.00406189 0.0072357 0.0104254 0.01365 0.0168765 0.0201203 0.0233303 0.0264829 0.02962 0.0326941 0.0357246 0.0386701 0.0415228 0.0443136 0.0470371 0.0496995 0.0522867 0.0548007 0.0572295 0.0595702 0.0617418 0.0636492 0.0651678 0.0661214 0.0663948 0.0658043 0.0642533 0.0617087 0.0581941 0.0539302 0.0491619 0.0442811 0.0397245 0.0358958 0.0332433 0.0320397 
0 -0.0158271 -0.030969 -0.0447666 -0.0567471 -0.066531 -0.0739519 -0.0790143 -0.0818496 -0.0827801 -0.082182 -0.0805108 -0.0782186 -0.0756797 -0.0732202 -0.0710677 -0.06938 -0.0682577 -0.0677107 -0.067682 -0.0680934 -0.0688352 -0.0698295 -0.0710011 -0.072236 -0.0734655 -0.0746147 -0.0756496 -0.0765692 -0.0773193 -0.0778755 -0.0782266 -0.0783734 -0.0783359 -0.078103 -0.0776576 -0.0770169 -0.076221 -0.0752598 -0.0741493 -0.0728952 -0.0715081 -0.070057 -0.06852 -0.0669066 -0.0652612 -0.0636015 -0.0619348 -0.0602869 -0.0586575 -0.0570765 -0.0555914 -0.0541517 -0.0527918 -0.0515319 -0.0503691 -0.0492862 -0.0483096 -0.047433 -0.0466448 -0.0459456 -0.0453161 -0.0447698 -0.0442937 -0.0438992 -0.0435387 -0.0432405 -0.0429904 -0.0427798 -0.0425905 -0.0424636 -0.042356 -0.0422445 -0.042158 -0.0421103 -0.042071 -0.042018 -0.0419799 -0.041951 -0.0419362 -0.0419038 -0.041882 -0.0418536 -0.0418386 -0.0418081 -0.0417904 -0.0417571 -0.041739 -0.0417084 -0.0416889 -0.0416554 -0.0416386 -0.0416083 -0.0415903 -0.0415622 -0.0415481 -0.0415221 -0.0415101 -0.0414881 -0.0414798 -0.0414609 -0.0414555 -0.0414409 -0.0414395 -0.0414264 -0.0414287 -0.0414203 -0.0414229 -0.0414152 -0.0414234 -0.0414156 -0.0414211 -0.0414156 -0.0414219 -0.0414131 -0.0414178 -0.0414038 -0.0414027 -0.0413915 -0.0413849 -0.0413529 -0.0413333 -0.0413106 -0.0412845 -0.0412204 -0.0411589 -0.041109 -0.0410376 -0.0409199 -0.0407972 -0.0406734 -0.0405008 -0.0403036 -0.0400798 -0.0398166 -0.039487 -0.0391357 -0.0387303 -0.038264 -0.0377126 -0.0371059 -0.036413 -0.0356333 -0.0347611 -0.0337807 -0.0326916 -0.0314842 -0.0301367 -0.0286477 -0.0270567 -0.0252942 -0.0233744 -0.0213177 -0.0191125 -0.0167533 -0.0142525 -0.0116085 -0.00885037 -0.00599144 -0.00299312 8.94451e-05 0.00323582 0.00643956 0.0096897 0.0129784 0.0162728 0.0195428 0.0227838 0.0260094 0.0291763 0.0322618 0.0352567 0.0381502 0.0409675 0.0436791 0.0462629 0.0487368 0.051107 0.053399 0.0556167 0.0577389 0.0597734 0.0617224 0.0635484 0.0651997 0.0665484 0.0674466 0.0677624 0.0673134 0.0659877 0.0636685 0.0603122 0.0560258 0.0509606 0.0454591 0.0398965 0.0346995 0.0303517 0.0272123 0.0256414 
0 -0.0158639 -0.0310143 -0.04482 -0.056757 -0.0664776 -0.0737991 -0.0787012 -0.08134 -0.0819904 -0.0810549 -0.0789874 -0.0762388 -0.0732202 -0.0702533 -0.067596 -0.0654265 -0.0638656 -0.0629334 -0.0626012 -0.0627809 -0.063371 -0.0643167 -0.0654926 -0.06684 -0.0682384 -0.0696095 -0.0709493 -0.0721767 -0.0733027 -0.0742555 -0.0750173 -0.075608 -0.0760054 -0.0762072 -0.0761916 -0.0759652 -0.0755374 -0.0749464 -0.0741516 -0.0731944 -0.0720846 -0.0708402 -0.0694922 -0.0680189 -0.066476 -0.0648698 -0.0632471 -0.061592 -0.0599421 -0.0583184 -0.056736 -0.055201 -0.0537374 -0.052363 -0.0510686 -0.0498942 -0.0487872 -0.0477919 -0.046903 -0.0461108 -0.0454025 -0.0448091 -0.0442799 -0.0438207 -0.043445 -0.0431286 -0.0428761 -0.0426701 -0.0425128 -0.0423794 -0.04229 -0.042228 -0.0422116 -0.0421799 -0.0421691 -0.0421831 -0.0422162 -0.0422288 -0.0422604 -0.042288 -0.0423213 -0.0423538 -0.0423832 -0.0424013 -0.0424303 -0.0424531 -0.0424649 -0.04248 -0.0424937 -0.0425 -0.0425036 -0.0425103 -0.0425077 -0.0425074 -0.0425028 -0.0424995 -0.0424889 -0.0424831 -0.0424704 -0.0424605 -0.042444 -0.0424325 -0.0424127 -0.0423957 -0.0423745 -0.0423543 -0.0423258 -0.042303 -0.0422723 -0.0422376 -0.0422039 -0.0421682 -0.0421194 -0.0420728 -0.0420269 -0.0419656 -0.0419035 -0.0418334 -0.0417566 -0.0416753 -0.0415905 -0.041468 -0.0413559 -0.0412388 -0.0410987 -0.0409162 -0.0407379 -0.0405305 -0.0403081 -0.0400337 -0.0397325 -0.0393898 -0.0390094 -0.0385736 -0.0381004 -0.0375476 -0.0369246 -0.0362486 -0.035477 -0.0346231 -0.0336821 -0.0326314 -0.0314453 -0.0301691 -0.0287488 -0.0272046 -0.0255099 -0.0236746 -0.0216889 -0.0195518 -0.017261 -0.0148249 -0.0122631 -0.00955487 -0.00671948 -0.00375186 -0.000711545 0.00243836 0.00565842 0.00893411 0.0122502 0.0155641 0.0189 0.0222257 0.0255077 0.0287159 0.0318625 0.0349111 0.0378782 0.040709 0.0433923 0.04597 0.0483957 0.0507079 0.0528585 0.0548665 0.0567749 0.0585831 0.0603205 0.0619619 0.0635161 0.0649749 0.066311 0.0674387 0.0682331 0.0685458 0.0682113 0.0670976 0.0650583 0.062013 0.0579418 0.0529288 0.0471995 0.0410623 0.0349287 0.0292425 0.024446 0.020956 0.0190819 
0 -0.0158778 -0.031038 -0.0448286 -0.0567399 -0.0664079 -0.0736511 -0.078444 -0.0809199 -0.0813556 -0.0801355 -0.0777163 -0.0745546 -0.0710677 -0.067596 -0.0644165 -0.0617294 -0.0596736 -0.0582967 -0.0575757 -0.0574441 -0.0578022 -0.0585877 -0.0596909 -0.0610292 -0.0624997 -0.0640141 -0.0655522 -0.0670425 -0.0684712 -0.0697728 -0.0709176 -0.0719095 -0.0727158 -0.0733381 -0.0737456 -0.0739387 -0.0739256 -0.0737122 -0.0732815 -0.0726577 -0.0718387 -0.0708524 -0.0697237 -0.0684383 -0.0670538 -0.0655626 -0.0640003 -0.0623858 -0.060736 -0.0590782 -0.0574422 -0.0558304 -0.0542693 -0.0527759 -0.0513418 -0.0500153 -0.0487757 -0.0476446 -0.0466179 -0.0456964 -0.0448745 -0.0441616 -0.0435323 -0.0430099 -0.0425762 -0.0421981 -0.0419003 -0.0416679 -0.041488 -0.0413594 -0.0412814 -0.0412222 -0.0412073 -0.0412101 -0.0412463 -0.0412974 -0.0413515 -0.0414084 -0.0415019 -0.0415782 -0.0416475 -0.0417316 -0.041816 -0.0418782 -0.0419519 -0.0420203 -0.0420732 -0.0421261 -0.0421787 -0.0422167 -0.042251 -0.0422844 -0.0423076 -0.0423262 -0.0423402 -0.0423499 -0.0423522 -0.0423518 -0.0423444 -0.0423344 -0.0423168 -0.042297 -0.0422697 -0.042239 -0.0422028 -0.0421612 -0.0421116 -0.0420621 -0.0420025 -0.0419336 -0.0418664 -0.0417892 -0.0416977 -0.0416091 -0.0415136 -0.0413923 -0.0412798 -0.0411606 -0.0410123 -0.0408539 -0.0407066 -0.0405224 -0.0403242 -0.040109 -0.0398742 -0.039612 -0.0393343 -0.0390039 -0.0386511 -0.0382551 -0.0378174 -0.037334 -0.0367953 -0.0361783 -0.0355137 -0.0347758 -0.0339486 -0.0330445 -0.0320354 -0.0309222 -0.0296982 -0.0283557 -0.0268826 -0.025287 -0.0235276 -0.0216364 -0.0195895 -0.017393 -0.015057 -0.0125714 -0.00994066 -0.0071832 -0.00429839 -0.00129666 0.00179342 0.00498483 0.00822207 0.0115241 0.0148656 0.0182186 0.0215682 0.0248827 0.0281561 0.0313703 0.0344941 0.0375021 0.0404052 0.0431705 0.045808 0.0482739 0.0505658 0.0527089 0.0546834 0.0565178 0.0581816 0.0597072 0.0611265 0.0624575 0.0637213 0.0648986 0.0659961 0.0669987 0.0678694 0.0685139 0.0687948 0.0685528 0.0676323 0.0658901 0.0632035 0.0595016 0.0547756 0.0491462 0.0428343 0.0361818 0.0296003 0.0235285 0.0184235 0.0146703 0.0125934 
0 -0.0158674 -0.0310236 -0.0447959 -0.0566989 -0.0663464 -0.0735576 -0.0783017 -0.0806793 -0.0809718 -0.0795351 -0.076825 -0.0733011 -0.06938 -0.0654265 -0.0617294 -0.0585133 -0.0559308 -0.0540594 -0.0528836 -0.0523617 -0.0524068 -0.0529413 -0.0538856 -0.055124 -0.0565773 -0.0581512 -0.0597931 -0.0614585 -0.0630937 -0.0646589 -0.0661149 -0.0674476 -0.0686231 -0.0696343 -0.0704491 -0.0710519 -0.0714546 -0.0716254 -0.0715825 -0.071328 -0.0708482 -0.0701752 -0.0693114 -0.0682641 -0.0670749 -0.0657437 -0.0642877 -0.062762 -0.06116 -0.0595056 -0.0578365 -0.0561557 -0.0545061 -0.0528957 -0.0513324 -0.0498483 -0.0484578 -0.0471539 -0.0459508 -0.044861 -0.0438927 -0.0430307 -0.0422587 -0.0416146 -0.0410666 -0.0405939 -0.0402153 -0.0399272 -0.0396883 -0.0395176 -0.0394042 -0.0393385 -0.0393154 -0.039319 -0.0393573 -0.0394292 -0.0395045 -0.0395908 -0.0397148 -0.0398242 -0.0399293 -0.0400546 -0.0401804 -0.0402782 -0.0403921 -0.0404987 -0.0405908 -0.0406742 -0.0407625 -0.0408288 -0.0408936 -0.0409474 -0.0409972 -0.0410318 -0.0410644 -0.0410834 -0.041101 -0.0411024 -0.0411021 -0.0410902 -0.0410739 -0.041043 -0.0410119 -0.0409661 -0.0409173 -0.0408538 -0.0407882 -0.0407099 -0.0406254 -0.0405243 -0.0404278 -0.0403097 -0.0401811 -0.0400497 -0.0399118 -0.0397384 -0.0395749 -0.0394006 -0.0391942 -0.0389737 -0.0387577 -0.0384986 -0.038221 -0.0379307 -0.0376031 -0.0372401 -0.0368518 -0.0364179 -0.0359419 -0.0354187 -0.034831 -0.0341982 -0.0334929 -0.0327066 -0.0318515 -0.0309146 -0.0298604 -0.0287152 -0.0274628 -0.0260887 -0.0245797 -0.0229347 -0.0211603 -0.0192345 -0.0171493 -0.0149294 -0.0125641 -0.0100379 -0.00738544 -0.00459191 -0.00167895 0.00133018 0.00445234 0.00765087 0.0109033 0.0142169 0.0175551 0.0208961 0.0242376 0.0275349 0.0307799 0.033959 0.037035 0.0400092 0.0428485 0.0455372 0.048071 0.0504385 0.052634 0.0546413 0.0564706 0.0581194 0.0596106 0.0609427 0.0621161 0.0631672 0.0641138 0.0649968 0.0658235 0.0665874 0.0672849 0.0678936 0.0683559 0.0685733 0.0683952 0.067648 0.0661948 0.0638745 0.0606013 0.0563136 0.0510175 0.0448758 0.0380932 0.0310475 0.0241383 0.0177927 0.012482 0.00854796 0.00633414 
0 -0.0158481 -0.0309747 -0.044747 -0.0566376 -0.0662946 -0.0735174 -0.0782543 -0.0806164 -0.0808371 -0.0792748 -0.0763627 -0.0725489 -0.0682577 -0.0638656 -0.0596736 -0.0559308 -0.052816 -0.0504039 -0.048738 -0.0477615 -0.0474163 -0.047644 -0.0483167 -0.0493835 -0.0507198 -0.0522465 -0.0539256 -0.0556553 -0.0574256 -0.0591731 -0.0608578 -0.0624621 -0.0639441 -0.0652789 -0.0664562 -0.0674536 -0.0682325 -0.068813 -0.0691537 -0.0692779 -0.0691801 -0.068838 -0.0682856 -0.0675307 -0.0665946 -0.0654654 -0.0641949 -0.0627848 -0.0612762 -0.0596839 -0.0580091 -0.0563036 -0.0545994 -0.0528945 -0.0511937 -0.0495782 -0.0480135 -0.0465286 -0.0451369 -0.0438519 -0.0426803 -0.0416318 -0.0406834 -0.0398499 -0.0391517 -0.0385382 -0.0380279 -0.0376148 -0.0373027 -0.0370397 -0.0368503 -0.0367334 -0.0366877 -0.0366484 -0.036659 -0.0367252 -0.0368081 -0.0368957 -0.0370212 -0.0371531 -0.037281 -0.0374319 -0.0375767 -0.0377108 -0.0378477 -0.0379904 -0.0381056 -0.0382239 -0.0383307 -0.0384326 -0.0385124 -0.0385943 -0.038656 -0.0387166 -0.0387531 -0.0387924 -0.0388114 -0.0388264 -0.0388201 -0.0388186 -0.0387911 -0.0387624 -0.0387158 -0.0386686 -0.0385961 -0.0385251 -0.0384338 -0.0383411 -0.0382231 -0.0381051 -0.0379706 -0.0378275 -0.037658 -0.037495 -0.0373082 -0.0371025 -0.0368871 -0.0366608 -0.0363963 -0.0361302 -0.0358483 -0.0355111 -0.035157 -0.0347994 -0.0343882 -0.0339097 -0.033422 -0.0328887 -0.0322918 -0.0316173 -0.0309067 -0.0301178 -0.0292409 -0.0282712 -0.0272411 -0.0260805 -0.0248006 -0.0234213 -0.0219148 -0.0202612 -0.0184707 -0.0165364 -0.0144475 -0.0122281 -0.00983157 -0.0073059 -0.00465085 -0.00185981 0.00107196 0.00408966 0.00719861 0.0103978 0.0136528 0.0169546 0.0202671 0.0235888 0.026887 0.0301629 0.0333538 0.0364682 0.0394951 0.0423866 0.0451517 0.0477549 0.0501908 0.0524541 0.0545388 0.0564195 0.0581263 0.0596368 0.0609556 0.062122 0.0631008 0.0639517 0.0646663 0.0652658 0.0658088 0.0662892 0.0667455 0.067165 0.0675287 0.0678101 0.0679323 0.0677796 0.0672013 0.0660256 0.0640901 0.061278 0.0574816 0.0526765 0.0469085 0.040314 0.0331751 0.0258213 0.0186756 0.0121744 0.00672028 0.00271246 0.000415731 
0 -0.0157936 -0.0308867 -0.0446326 -0.0565363 -0.0662266 -0.0734995 -0.0783016 -0.0807079 -0.0809463 -0.0793458 -0.076316 -0.0722965 -0.0677107 -0.0629334 -0.0582967 -0.0540594 -0.0504039 -0.0474638 -0.0452542 -0.0437884 -0.0430139 -0.0428382 -0.0432147 -0.044004 -0.0451507 -0.0465695 -0.0481627 -0.0499038 -0.0517027 -0.053542 -0.0553791 -0.0571704 -0.0588747 -0.0604766 -0.0619529 -0.0632713 -0.0644289 -0.0653543 -0.0660866 -0.0666009 -0.0668745 -0.0669106 -0.0667029 -0.0662776 -0.0656381 -0.0647959 -0.0637261 -0.0625163 -0.0611538 -0.0596511 -0.0580427 -0.0563602 -0.0546317 -0.0528654 -0.0510907 -0.0493141 -0.0476141 -0.0459566 -0.0443652 -0.0428636 -0.041493 -0.0402042 -0.0390266 -0.0380001 -0.0370944 -0.0362881 -0.0355953 -0.0350354 -0.0345549 -0.0341823 -0.0338919 -0.0336867 -0.0335208 -0.0334351 -0.0334077 -0.0334316 -0.0334556 -0.0335306 -0.0336475 -0.0337755 -0.0338944 -0.0340452 -0.0342052 -0.0343538 -0.034504 -0.0346565 -0.0348 -0.0349301 -0.0350602 -0.0351737 -0.0352793 -0.0353669 -0.0354529 -0.0355166 -0.0355731 -0.0356111 -0.0356473 -0.0356562 -0.0356625 -0.0356508 -0.035632 -0.0355879 -0.0355454 -0.0354797 -0.0354058 -0.035312 -0.0352162 -0.0350956 -0.0349672 -0.0348219 -0.0346695 -0.034491 -0.0343049 -0.0341074 -0.0338867 -0.0336403 -0.0333925 -0.0331268 -0.0328133 -0.0324849 -0.0321442 -0.0317706 -0.0313384 -0.0308837 -0.0303838 -0.0298515 -0.0292471 -0.0285925 -0.0278637 -0.0270833 -0.0262113 -0.0252734 -0.0242231 -0.0230705 -0.0218149 -0.0204575 -0.0189514 -0.017308 -0.0155475 -0.0136242 -0.0115417 -0.00931841 -0.00697624 -0.00444884 -0.00179161 0.000990754 0.00388257 0.00689627 0.00999409 0.0131713 0.0163967 0.0196558 0.0229665 0.0262481 0.029499 0.032704 0.0358595 0.0389061 0.0418498 0.0446552 0.0473181 0.0498419 0.052162 0.0543069 0.0562622 0.0580322 0.0596014 0.0609799 0.0621568 0.0631588 0.0640014 0.0646601 0.0651995 0.0655968 0.065902 0.0661459 0.0663264 0.066505 0.0666661 0.0668184 0.0669395 0.0669686 0.0668233 0.0663732 0.0654552 0.063896 0.0615482 0.0582745 0.054019 0.0487612 0.0425698 0.0356347 0.0282 0.0206457 0.0133624 0.00676505 0.00127936 -0.00277244 -0.00509152 
