0 0 0 0 0 0 0 0 0 0 0 0 0 0 0 0 0 0 0 0 0 0 0 0 0 0 0 0 0 0 0 0 0 0 0 0 0 0 0 0 0 0 0 0 0 0 0 0 0 0 0 0 0 0 0 0 0 0 0 0 0 0 0 0 0 0 0 0 0 0 0 0 0 0 0 0 0 0 0 0 0 0 0 0 0 0 0 0 0 0 0 0 0 0 0 0 0 0 0 0 0 0 0 0 0 0 0 0 0 0 0 0 0 0 0 0 0 0 0 0 0 0 0 0 0 0 0 0 0 0 0 0 0 0 0 0 0 0 0 0 0 0 0 0 0 0 0 0 0 0 0 0 0 0 0 0 0 0 0 0 0 0 0 0 0 0 0 0 0 0 0 0 0 0 0 0 0 0 0 0 0 0 0 0 0 0 0 0 0 0 0 0 0 0 0 0 0 0 0 0 
0 0.000634537 0.00127519 0.00193132 0.00259714 0.00328215 0.00397273 0.00465662 0.00532128 0.00592776 0.00646017 0.00688425 0.00717202 0.0073238 0.0073168 0.00716805 0.00689818 0.00651598 0.00608847 0.00564422 0.0052382 0.0049388 0.0047436 0.00470248 0.00479779 0.0050097 0.00534865 0.00575643 0.00622516 0.00670971 0.00717367 0.00760178 0.00798448 0.00832037 0.00860094 0.00884122 0.00901815 0.00916655 0.00928421 0.00937383 0.0094369 0.00946684 0.00948071 0.00946846 0.00946341 0.00941862 0.00935712 0.00928596 0.00919567 0.00909758 0.00898853 0.00886329 0.00872054 0.0085973 0.0084367 0.00827463 0.00811309 0.00795491 0.00778436 0.00760884 0.00743056 0.0072512 0.00708356 0.00690458 0.00673445 0.00654531 0.00637819 0.00621061 0.00604495 0.00586559 0.00571099 0.00554781 0.00538811 0.00523668 0.00508723 0.004936 0.00479379 0.00466108 0.00452152 0.00439532 0.00426604 0.0041527 0.00403455 0.00392762 0.00381644 0.00373048 0.00362951 0.00354342 0.00346234 0.00339709 0.00331418 0.00326063 0.00320603 0.00315665 0.00310488 0.00308362 0.00304665 0.00302293 0.00300808 0.00300843 0.00299238 0.00300512 0.00301847 0.00303649 0.00305288 0.00309961 0.00313067 0.00317516 0.00322771 0.00329616 0.00334702 0.00342676 0.00350496 0.00359046 0.00367125 0.00377956 0.00387471 0.00398485 0.00409377 0.00421885 0.00433728 0.0044705 0.00459833 0.0047423 0.00488407 0.00502873 0.00518258 0.00534215 0.00549423 0.00565509 0.00583771 0.00599851 0.00616447 0.00634034 0.00653491 0.00670672 0.00688699 0.00706183 0.00726065 0.00744491 0.00762853 0.00781109 0.00799325 0.00817488 0.00835897 0.00853477 0.00869294 0.00887448 0.00902527 0.00917053 0.00931326 0.00945673 0.0095756 0.00968907 0.00978333 0.00986325 0.00995143 0.010011 0.0100608 0.0100877 0.0101183 0.0101317 0.0101407 0.0101455 0.0101427 0.0101644 0.0101961 0.0102447 0.0103034 0.0103835 0.0104632 0.0105484 0.0106002 0.0105724 0.0104658 0.0102149 0.009833 0.0093019 0.00860319 0.00778194 0.0068412 0.00584071 0.00483761 0.00386772 0.00298892 0.0022268 0.00159839 0.00112389 0.000794401 0.00060007 0.000526189 0.000535099 0.000604006 0.000701535 0.000797487 0.000880179 0.000928766 0.000936233 0.000900751 0.000811211 
0 0.00127519 0.00256133 0.00387563 0.00521491 0.00658927 0.00797475 0.00935281 0.0106776 0.0118974 0.0129592 0.0137945 0.0143791 0.0146602 0.0146508 0.0143567 0.0137979 0.0130629 0.0121873 0.0113022 0.0104974 0.00985577 0.00947524 0.00935515 0.00952025 0.00993877 0.0105764 0.0113776 0.0122879 0.0132262 0.0141201 0.014966 0.015696 0.0163544 0.016919 0.0173554 0.0177187 0.0179852 0.0181915 0.0183629 0.0184742 0.0185198 0.0185421 0.0185211 0.018464 0.0183866 0.0182484 0.0180942 0.0179296 0.0177384 0.0175064 0.0172491 0.0169866 0.0167128 0.0164235 0.0161172 0.0157937 0.0154602 0.0151438 0.014803 0.0144463 0.0141209 0.0137864 0.0134184 0.0130701 0.012752 0.0124186 0.0120718 0.011729 0.0114162 0.011114 0.0107867 0.0104653 0.0101812 0.00989665 0.00959627 0.0093209 0.00905826 0.0087986 0.00854324 0.00830243 0.00807122 0.00785528 0.00763545 0.0074339 0.00725294 0.00707181 0.00689263 0.00674851 0.0066085 0.00646287 0.00634623 0.00625211 0.00614562 0.00605824 0.00600404 0.00594456 0.0058888 0.00587023 0.00585938 0.00584099 0.00585437 0.00589003 0.00591495 0.00595861 0.00603603 0.00610825 0.00618362 0.00629648 0.00641577 0.0065285 0.00666937 0.00683302 0.00698572 0.00715639 0.00735161 0.00754977 0.00774955 0.00797361 0.00820468 0.00844635 0.00869126 0.00894897 0.00922437 0.00950845 0.00977791 0.0100738 0.0103946 0.0107015 0.0110029 0.0113315 0.0116736 0.0120143 0.012349 0.0126833 0.0130497 0.0134157 0.0137584 0.0141184 0.0144963 0.0148442 0.0151962 0.0155736 0.015933 0.0162723 0.0166042 0.0169439 0.017277 0.0175927 0.0178856 0.0181621 0.0184258 0.0186843 0.0189117 0.0190974 0.0192948 0.0194569 0.0195842 0.0196935 0.0197672 0.0198291 0.0198964 0.0199297 0.0199402 0.0199778 0.0200113 0.0201004 0.0202229 0.0203583 0.0205414 0.0207297 0.0209105 0.0210211 0.0210015 0.0207774 0.0203166 0.0195751 0.0185183 0.0171733 0.0155271 0.0136764 0.0116988 0.00969448 0.0077878 0.00603799 0.00453172 0.00329439 0.00235532 0.0017066 0.00132747 0.00118144 0.00119875 0.00134455 0.00153023 0.00173003 0.00189606 0.00198642 0.00201486 0.00193125 0.00176221 
0 0.00193132 0.00387563 0.00586346 0.00788372 0.00995206 0.0120358 0.0140958 0.0160866 0.0179069 0.0194951 0.0207564 0.0216161 0.0220546 0.0220285 0.0215748 0.0207476 0.0196023 0.0182974 0.016946 0.0157053 0.0147469 0.0141153 0.0139111 0.0141108 0.0146683 0.0155764 0.016708 0.0180082 0.0193578 0.0206553 0.0218523 0.0229155 0.0238426 0.0246154 0.025253 0.0257286 0.0261044 0.026392 0.0266032 0.0267358 0.0267818 0.0267781 0.0267127 0.0266428 0.0264888 0.026283 0.0260485 0.0257733 0.0254731 0.0251405 0.024768 0.024362 0.0239837 0.0235354 0.0230754 0.0226132 0.0221565 0.0216794 0.0211864 0.0206855 0.0201903 0.0197142 0.0192148 0.0187321 0.0182238 0.0177528 0.0172822 0.0168154 0.016333 0.0158968 0.0154447 0.0150018 0.0145827 0.0141695 0.0137532 0.0133599 0.0129888 0.0126102 0.0122572 0.0119058 0.0115875 0.0112675 0.0109681 0.0106704 0.0104232 0.0101541 0.00991402 0.009695 0.00950674 0.00929171 0.00913646 0.00898911 0.0088512 0.0087183 0.00864798 0.00855476 0.00848834 0.00845009 0.00844289 0.00841124 0.00843897 0.00847758 0.00852535 0.00857946 0.00869601 0.00878974 0.00891039 0.00905795 0.0092374 0.00939005 0.00960138 0.00982013 0.0100518 0.0102836 0.0105714 0.010842 0.0111405 0.0114469 0.0117862 0.0121194 0.0124813 0.0128414 0.0132353 0.0136299 0.0140306 0.0144556 0.014897 0.0153257 0.0157729 0.0162653 0.0167239 0.0171917 0.0176815 0.0182063 0.0186975 0.0192023 0.0196989 0.0202416 0.020764 0.0212788 0.0217927 0.0223118 0.022829 0.0233451 0.0238432 0.0243135 0.024821 0.0252698 0.0257 0.0261229 0.0265419 0.0269128 0.0272609 0.027563 0.0278379 0.0281171 0.028334 0.0285199 0.0286563 0.0287919 0.0288972 0.0289866 0.0290645 0.0291408 0.0292729 0.0294479 0.0296736 0.0299356 0.0302528 0.0305782 0.0309005 0.0311185 0.0311145 0.0308468 0.0301772 0.0291021 0.0275768 0.0255739 0.0231832 0.0204549 0.0175444 0.0146145 0.0117908 0.00922366 0.00699943 0.00517197 0.00379093 0.00283724 0.00228273 0.00207505 0.00211503 0.00233027 0.0026249 0.00292168 0.00317223 0.00332329 0.00335297 0.00324397 0.00298689 
0 0.00259714 0.00521491 0.00788372 0.0106008 0.0133708 0.0161589 0.0189158 0.0215602 0.0239863 0.0260884 0.0277473 0.0288874 0.0294404 0.0293975 0.0287827 0.0276534 0.0261373 0.0243673 0.0225477 0.0208712 0.019517 0.0186281 0.0182602 0.0184303 0.019091 0.0201825 0.0215927 0.023213 0.0248987 0.0265217 0.0280311 0.0293536 0.030511 0.0314803 0.0322384 0.0328244 0.03325 0.0335604 0.033784 0.0339055 0.0339209 0.0338755 0.0337633 0.033601 0.033381 0.0330821 0.0327485 0.0323866 0.031988 0.0315346 0.0310395 0.0305281 0.0300098 0.0294581 0.0288816 0.0282884 0.027688 0.0270953 0.0264765 0.0258445 0.0252393 0.0246331 0.0239954 0.0233768 0.0227827 0.022189 0.0215852 0.0209862 0.0204165 0.0198693 0.0193022 0.0187441 0.018229 0.0177197 0.0172027 0.0167137 0.0162487 0.0157898 0.0153452 0.0149184 0.0145155 0.0141296 0.0137511 0.013396 0.0130759 0.0127571 0.0124534 0.0121917 0.0119463 0.0116988 0.011495 0.0113205 0.0111443 0.0109942 0.0108916 0.0107892 0.0107023 0.0106618 0.0106409 0.0106183 0.0106414 0.0106949 0.0107481 0.0108279 0.0109557 0.0110837 0.0112268 0.011416 0.0116242 0.0118297 0.0120781 0.0123559 0.0126339 0.0129341 0.0132747 0.0136216 0.0139814 0.0143705 0.0147812 0.0152036 0.0156414 0.0160973 0.016582 0.0170766 0.0175689 0.0180941 0.0186498 0.0191933 0.0197432 0.0203312 0.0209298 0.0215287 0.0221331 0.0227521 0.0233932 0.0240369 0.0246656 0.0253224 0.0259898 0.026633 0.0272808 0.0279539 0.028612 0.0292508 0.0298772 0.0305059 0.0311365 0.0317357 0.0323035 0.0328526 0.0333892 0.0339018 0.034373 0.0347924 0.0352059 0.035584 0.0359087 0.0361942 0.0364327 0.0366577 0.0368751 0.0370591 0.0372232 0.0374191 0.0376523 0.0379699 0.0383568 0.038793 0.0393004 0.0398245 0.0403208 0.040673 0.0407541 0.0404457 0.0396493 0.038297 0.0363368 0.0337816 0.0306703 0.0271413 0.0233647 0.0195425 0.015882 0.0125369 0.00964765 0.0072838 0.00549462 0.00427012 0.00356746 0.00331145 0.00338339 0.00368517 0.00408293 0.00449335 0.00483367 0.00504104 0.00509789 0.00495348 0.00462242 
0 0.00328215 0.00658927 0.00995206 0.0133708 0.0168443 0.0203346 0.0237729 0.0270626 0.0300744 0.0326744 0.034725 0.0361213 0.0367901 0.0367106 0.0359138 0.0344781 0.0325483 0.0303069 0.02799 0.0258399 0.0240759 0.0228658 0.0222901 0.0223655 0.0230449 0.0242473 0.0258492 0.0277059 0.0296535 0.0315425 0.0332863 0.0348214 0.0361412 0.037231 0.0380774 0.0387094 0.0391558 0.039463 0.0396561 0.0397296 0.0396891 0.0395666 0.039378 0.0391327 0.03882 0.0384296 0.0379941 0.0375246 0.037017 0.0364609 0.0358619 0.035245 0.0346162 0.0339567 0.03327 0.0325746 0.0318778 0.0311797 0.0304603 0.0297326 0.0290248 0.0283215 0.0276043 0.0268943 0.0262015 0.0255179 0.0248375 0.0241606 0.0235055 0.0228707 0.0222333 0.0216069 0.0210133 0.0204306 0.0198505 0.0192957 0.0187647 0.018246 0.0177422 0.0172602 0.0168028 0.0163648 0.0159387 0.0155398 0.0151719 0.0148146 0.0144759 0.0141766 0.0138961 0.0136256 0.013393 0.0131916 0.0129977 0.0128332 0.0127092 0.0125976 0.0125053 0.0124559 0.0124289 0.0124131 0.0124368 0.0124929 0.0125581 0.0126533 0.0127894 0.0129379 0.0131054 0.0133157 0.0135474 0.0137892 0.0140679 0.0143785 0.0146973 0.0150414 0.0154216 0.0158174 0.0162282 0.0166691 0.0171338 0.0176151 0.0181133 0.0186344 0.0191815 0.0197424 0.0203116 0.0209104 0.0215332 0.0221555 0.022794 0.0234637 0.0241419 0.024823 0.0255229 0.0262414 0.0269719 0.0277023 0.0284369 0.0291963 0.0299649 0.030718 0.031475 0.0322501 0.0330219 0.0337812 0.0345281 0.0352767 0.0360243 0.0367458 0.0374378 0.0381181 0.0387855 0.0394254 0.0400215 0.0405728 0.0411087 0.0416151 0.0420728 0.042482 0.0428509 0.0432028 0.0435449 0.0438646 0.0441778 0.0445293 0.0449453 0.0454578 0.0460573 0.0467323 0.0474806 0.0482557 0.0489831 0.049527 0.0497335 0.0494542 0.048569 0.0469903 0.044665 0.0416012 0.0378649 0.0336141 0.0290598 0.024449 0.0200237 0.0159851 0.0124941 0.00964776 0.00750052 0.00604367 0.00522569 0.00494828 0.00507775 0.00547921 0.00600349 0.00653913 0.00698313 0.00726566 0.00735102 0.00719398 0.00679547 
0 0.00397273 0.00797475 0.0120358 0.0161589 0.0203346 0.0245194 0.0286223 0.0325386 0.0361087 0.0391761 0.0415908 0.0432081 0.0439697 0.043827 0.0428247 0.0410718 0.0387041 0.0359816 0.033145 0.0304868 0.0282788 0.0266832 0.025837 0.0257431 0.0263572 0.0275901 0.0292949 0.0313003 0.0334247 0.0355068 0.0374118 0.0391062 0.0405345 0.0416905 0.0425904 0.04322 0.0436519 0.0439194 0.0440438 0.0440395 0.0439222 0.0437022 0.043414 0.0430752 0.0426494 0.0421661 0.0416313 0.041057 0.0404458 0.039799 0.0391118 0.0383996 0.0376874 0.0369414 0.0361727 0.0354014 0.034639 0.0338577 0.0330723 0.0322901 0.0315082 0.0307384 0.0299756 0.029215 0.0284528 0.0277171 0.0269919 0.0262759 0.0255645 0.0248776 0.0242038 0.0235443 0.0229003 0.0222755 0.0216666 0.0210745 0.0205071 0.0199548 0.0194231 0.01891 0.0184263 0.0179564 0.0175119 0.0170883 0.0166956 0.016317 0.0159683 0.0156432 0.0153471 0.0150678 0.0148231 0.0146014 0.0144066 0.0142348 0.0140984 0.0139815 0.0138946 0.013835 0.0138062 0.0137974 0.0138235 0.0138746 0.0139532 0.0140564 0.0141948 0.0143527 0.0145407 0.0147555 0.015001 0.0152639 0.0155613 0.0158818 0.0162293 0.0165956 0.0169969 0.0174161 0.017861 0.0183258 0.0188225 0.0193337 0.0198693 0.020426 0.0210083 0.0216031 0.0222221 0.0228641 0.0235205 0.0241898 0.0248838 0.0256039 0.0263252 0.0270579 0.0278156 0.0286029 0.0293813 0.0301684 0.0309766 0.031806 0.0326315 0.0334655 0.0343049 0.035147 0.0360017 0.0368527 0.0376942 0.0385307 0.0393797 0.040201 0.0410022 0.0417978 0.0425854 0.0433394 0.0440608 0.0447551 0.045413 0.0460621 0.0466651 0.0472177 0.047743 0.0482583 0.048756 0.0492543 0.0497682 0.0503153 0.0509729 0.0517288 0.0525954 0.0535709 0.0546164 0.0556954 0.0567027 0.0574857 0.0578592 0.0576687 0.0567478 0.0550081 0.0523966 0.048897 0.0446345 0.0397552 0.0345231 0.0292286 0.0241299 0.0194928 0.0154826 0.0122298 0.00979253 0.00816062 0.00727542 0.00701603 0.0072377 0.00776486 0.00844404 0.00912686 0.0096999 0.010085 0.010216 0.0100725 0.00962371 
0 0.00465662 0.00935281 0.0140958 0.0189158 0.0237729 0.0286223 0.0333724 0.0378681 0.0419676 0.0454618 0.0481855 0.0500061 0.0508 0.0505734 0.0493457 0.0472276 0.0444398 0.0411924 0.0378246 0.0346477 0.0319223 0.0299197 0.0287189 0.0283781 0.0288623 0.0300274 0.0317553 0.0338261 0.0360456 0.0382338 0.0402601 0.0420377 0.0435325 0.0447372 0.0456209 0.0462477 0.0466261 0.0468163 0.0468554 0.0467571 0.0465387 0.0462188 0.0458412 0.0453631 0.0448498 0.0442675 0.0436326 0.0429791 0.0422892 0.0415534 0.040792 0.0400325 0.0392267 0.0384443 0.037636 0.0368187 0.035993 0.0351832 0.0343672 0.033552 0.0327561 0.0319548 0.0311623 0.0303646 0.029622 0.0288633 0.0281108 0.0273659 0.0266714 0.0259646 0.0252798 0.0246056 0.0239564 0.0233255 0.0227111 0.0221121 0.0215327 0.0209846 0.0204408 0.0199339 0.0194352 0.0189714 0.0185173 0.0181058 0.0176922 0.0173281 0.0169724 0.0166537 0.0163417 0.0160843 0.0158254 0.0156095 0.0154101 0.015255 0.0150991 0.0149974 0.0149075 0.0148545 0.0148125 0.0148252 0.0148395 0.0148965 0.0149719 0.0150918 0.0152117 0.0153856 0.0155712 0.0157941 0.0160261 0.0163132 0.0165991 0.0169288 0.0172725 0.0176595 0.0180459 0.0184834 0.0189258 0.0194063 0.0198976 0.0204277 0.0209609 0.0215352 0.0221212 0.0227311 0.0233579 0.0240082 0.0246807 0.0253739 0.0260793 0.026788 0.0275515 0.0283158 0.0290869 0.0298603 0.0306902 0.0315099 0.0323508 0.0331874 0.0340579 0.0349251 0.0358046 0.0367045 0.0376065 0.0384976 0.0393935 0.0403207 0.0412124 0.0421274 0.043021 0.0439019 0.0447723 0.045648 0.0464812 0.0472987 0.0481123 0.0488763 0.0496319 0.050344 0.0510455 0.0517318 0.0524358 0.05314 0.0538731 0.0546913 0.0556005 0.0566586 0.0578491 0.0591651 0.0605653 0.061998 0.0633204 0.0643747 0.0649781 0.0648946 0.0640159 0.0621802 0.0593344 0.0555209 0.0507971 0.0454098 0.0396191 0.0337332 0.0280967 0.0229525 0.0185267 0.0149641 0.0123102 0.0105788 0.00968605 0.00949615 0.00985398 0.0105553 0.0114222 0.0122949 0.0130345 0.0135513 0.0137761 0.013668 0.013207 
0 0.00532128 0.0106776 0.0160866 0.0215602 0.0270626 0.0325386 0.0378681 0.0429067 0.0474623 0.0513286 0.0543297 0.0562787 0.0571008 0.0567416 0.05525 0.0527761 0.049497 0.0457401 0.0418115 0.0380692 0.0348428 0.0323508 0.0307663 0.0301193 0.0303763 0.031412 0.0330715 0.0351255 0.0373711 0.0396253 0.0416938 0.0435403 0.0450565 0.0462425 0.0471277 0.0476944 0.0480248 0.0481467 0.0480872 0.0478826 0.0475726 0.0471455 0.0466559 0.0461063 0.0454863 0.0448356 0.0441317 0.0433971 0.0426292 0.0418545 0.0410623 0.0402515 0.0394311 0.038607 0.0377721 0.0369459 0.0361377 0.0353047 0.0344926 0.0336954 0.0328866 0.0320903 0.0313365 0.030574 0.0298062 0.0290612 0.0283454 0.0276487 0.026944 0.0262474 0.0255932 0.0249603 0.0243151 0.0236983 0.023112 0.0225366 0.0219754 0.0214405 0.0209228 0.0204317 0.0199562 0.0194995 0.0190757 0.0186735 0.0182795 0.0179237 0.0175983 0.0172782 0.0169871 0.0167398 0.0165005 0.0162795 0.016105 0.0159519 0.015806 0.0157033 0.0156341 0.0155712 0.0155389 0.0155516 0.0155744 0.0156163 0.015705 0.0158161 0.0159348 0.0160966 0.0162925 0.0164939 0.0167253 0.0170016 0.0172869 0.0175906 0.0179384 0.0183074 0.0186853 0.0191014 0.0195448 0.0200013 0.0204828 0.0209933 0.0215221 0.0220766 0.022644 0.023235 0.0238604 0.0244977 0.025134 0.0258129 0.0265198 0.0272278 0.0279453 0.0286897 0.0294611 0.0302545 0.0310409 0.0318401 0.032685 0.0335311 0.0343812 0.0352632 0.0361559 0.0370364 0.0379545 0.038884 0.0398182 0.0407556 0.0416991 0.042646 0.0435983 0.0445577 0.0455118 0.0464565 0.0473866 0.0483249 0.0492283 0.0501383 0.0510378 0.0519077 0.0527849 0.0536628 0.0545492 0.0554827 0.0564887 0.0575691 0.0588141 0.0601954 0.0617374 0.0634443 0.0652246 0.0670386 0.0687182 0.0700865 0.0709272 0.0710295 0.0702039 0.0683236 0.065336 0.0612408 0.0561998 0.0504015 0.04417 0.037852 0.0317697 0.0262571 0.0215187 0.0177345 0.0149659 0.0132065 0.0123807 0.0123287 0.0128811 0.0138086 0.0149265 0.016036 0.0169949 0.0177026 0.0180576 0.0180463 0.0176122 
0 0.00592776 0.0118974 0.0179069 0.0239863 0.0300744 0.0361087 0.0419676 0.0474623 0.0524156 0.0565848 0.0597761 0.0618174 0.0625847 0.0620637 0.0602893 0.0574157 0.0536824 0.0493882 0.044907 0.0406075 0.0368208 0.0338317 0.0317942 0.0307789 0.0307602 0.0315937 0.0331214 0.0351006 0.0373116 0.0395581 0.0416592 0.0435204 0.0450541 0.0462469 0.0470994 0.0476412 0.0479139 0.0479554 0.0478084 0.0475199 0.0471214 0.0466217 0.0460596 0.0454111 0.0447297 0.0440221 0.0432722 0.0425075 0.0417189 0.0409156 0.0401126 0.0393081 0.0384754 0.0376733 0.0368721 0.0360711 0.035269 0.0344717 0.0336992 0.0329425 0.0321839 0.0314276 0.0307006 0.0299735 0.0292792 0.0285811 0.0278947 0.0272297 0.0265891 0.0259388 0.0253249 0.0247271 0.024129 0.0235562 0.0230119 0.0224753 0.0219514 0.0214577 0.0209765 0.0205264 0.0200803 0.0196612 0.0192696 0.0189045 0.0185319 0.0182122 0.0179123 0.0176202 0.0173465 0.0171314 0.0169064 0.0167062 0.0165462 0.016415 0.0162731 0.0161873 0.0161251 0.0160714 0.0160374 0.0160614 0.0160789 0.0161213 0.0162041 0.0163161 0.0164182 0.0165765 0.0167588 0.0169489 0.0171578 0.0174264 0.0176866 0.0179712 0.0182939 0.0186468 0.0189905 0.0193843 0.019798 0.0202292 0.0206742 0.0211581 0.0216513 0.0221745 0.0227074 0.0232659 0.0238516 0.0244492 0.0250577 0.0257047 0.0263649 0.0270183 0.0277192 0.0284391 0.0291594 0.0298874 0.0306573 0.0314353 0.0322404 0.033036 0.0338567 0.0347071 0.0355748 0.0364453 0.0373364 0.0382387 0.0391617 0.0401088 0.0410423 0.0420121 0.0429938 0.0439731 0.0449557 0.0459591 0.0469591 0.0479796 0.0489929 0.0499916 0.051012 0.0520306 0.0530723 0.0541325 0.0552341 0.0564001 0.0576649 0.0590535 0.0606047 0.06234 0.0642663 0.0663704 0.0685678 0.0707773 0.0728172 0.0745018 0.0756104 0.075895 0.0751848 0.0733167 0.0702353 0.0659832 0.0606866 0.0546006 0.0480503 0.0413942 0.0350173 0.0292371 0.0243098 0.0204216 0.0176286 0.0159425 0.0152608 0.0154226 0.016239 0.0174609 0.0188908 0.0203084 0.0215544 0.0225129 0.0230743 0.0232106 0.022867 
0 0.00646017 0.0129592 0.0194951 0.0260884 0.0326744 0.0391761 0.0454618 0.0513286 0.0565848 0.0609768 0.064293 0.0663585 0.0670369 0.066313 0.064229 0.0609482 0.0567371 0.0519129 0.0468776 0.0420178 0.0376834 0.0341785 0.0316734 0.0302585 0.0299111 0.0304936 0.0318334 0.0336869 0.0358269 0.0380444 0.0401542 0.0420287 0.0435746 0.0447665 0.0456079 0.0461361 0.0463839 0.0463875 0.0461889 0.045844 0.0453905 0.0448451 0.0442361 0.0435511 0.0428445 0.0421213 0.0413669 0.0405951 0.0398081 0.0390237 0.038254 0.0374843 0.0366899 0.0359245 0.0351713 0.0344293 0.0336877 0.032952 0.0322428 0.0315504 0.0308542 0.0301653 0.0295117 0.0288594 0.0282232 0.0275848 0.0269713 0.0263807 0.025798 0.0252052 0.0246544 0.0241227 0.0235836 0.0230646 0.0225761 0.0220983 0.0216279 0.0211829 0.0207542 0.0203535 0.0199536 0.0195788 0.0192329 0.0189075 0.018575 0.0182921 0.0180287 0.0177681 0.0175266 0.0173384 0.017141 0.0169631 0.0168253 0.0167112 0.0165873 0.0165133 0.0164629 0.0164165 0.0163898 0.0164146 0.0164339 0.0164732 0.0165522 0.0166547 0.0167487 0.016893 0.017061 0.0172321 0.0174224 0.017667 0.0179038 0.0181596 0.0184542 0.0187751 0.0190859 0.0194421 0.0198209 0.020212 0.0206144 0.0210559 0.0215081 0.0219822 0.0224657 0.0229787 0.0235168 0.0240603 0.0246124 0.0252075 0.0258187 0.0264175 0.0270518 0.0277136 0.0283838 0.0290564 0.0297597 0.0304767 0.031222 0.0319618 0.0327259 0.0335219 0.0343326 0.0351451 0.0359844 0.0368506 0.0377394 0.0386466 0.0395471 0.0404923 0.0414659 0.0424476 0.0434371 0.0444546 0.0454881 0.0465504 0.0476208 0.0486933 0.0498075 0.0509479 0.0521269 0.0533427 0.0546256 0.0560114 0.0575358 0.0592248 0.0611011 0.0631914 0.0655002 0.0680034 0.0706116 0.0732115 0.0756154 0.0776195 0.0789935 0.0794788 0.0788885 0.0770589 0.0739352 0.0695787 0.0641285 0.0578605 0.0511118 0.0442579 0.0377048 0.0317863 0.0267849 0.0228936 0.0201814 0.018655 0.0182031 0.0186606 0.0198167 0.0214124 0.0232274 0.0250283 0.026638 0.0279222 0.0287664 0.0291242 0.0289426 
0 0.00688425 0.0137945 0.0207564 0.0277473 0.034725 0.0415908 0.0481855 0.0543297 0.0597761 0.064293 0.067656 0.0696583 0.0702057 0.0692337 0.0668188 0.0631449 0.0584526 0.0531364 0.047569 0.0421621 0.0373075 0.0332734 0.0302983 0.0284661 0.0277595 0.028068 0.0291909 0.030892 0.0329384 0.0351227 0.037228 0.0391388 0.0407245 0.0419428 0.0428306 0.0433762 0.0436439 0.0436543 0.0434495 0.0430907 0.042637 0.0420943 0.0414715 0.0408105 0.0401043 0.0394068 0.0386945 0.0379604 0.0372126 0.0364902 0.0357868 0.0350687 0.0343641 0.0336626 0.0329892 0.0323264 0.0316776 0.0310145 0.0303898 0.0297891 0.0291716 0.0285626 0.0279888 0.0274357 0.0268589 0.0263012 0.0257656 0.0252636 0.0247365 0.0242234 0.0237403 0.023284 0.0228092 0.0223556 0.0219308 0.0215187 0.0211116 0.0207195 0.0203558 0.0200044 0.0196648 0.019335 0.0190463 0.0187573 0.0184828 0.0182311 0.0180148 0.0177841 0.0175894 0.017418 0.0172619 0.0171035 0.0169963 0.0168909 0.0167998 0.0167292 0.0166973 0.0166532 0.0166445 0.0166579 0.0166883 0.0167186 0.0167987 0.0168804 0.0169775 0.0170962 0.0172534 0.0173969 0.0175769 0.0177808 0.0180007 0.0182182 0.018487 0.01876 0.0190456 0.0193498 0.0196937 0.0200324 0.0203944 0.0207781 0.0211883 0.0216024 0.022033 0.0224887 0.0229706 0.0234556 0.0239441 0.0244757 0.0250221 0.0255713 0.026123 0.0267191 0.0273227 0.0279411 0.0285534 0.0292077 0.0298795 0.0305533 0.031233 0.0319624 0.0327048 0.0334354 0.0342044 0.0350074 0.0358347 0.0366605 0.0375223 0.0384043 0.0393331 0.0402809 0.0412417 0.0422281 0.0432647 0.04434 0.0454146 0.0465385 0.0476997 0.0489226 0.0502064 0.0515556 0.052991 0.0545775 0.0563455 0.0582958 0.0604917 0.0629112 0.0655844 0.0684753 0.0714672 0.0744314 0.0771706 0.0794672 0.081074 0.0817606 0.0812843 0.0795171 0.0764057 0.0719898 0.0664826 0.0601196 0.0532737 0.0463477 0.0397197 0.0337887 0.0288241 0.0250312 0.0225074 0.0212263 0.0210931 0.0219249 0.0234935 0.0255424 0.0278187 0.0300827 0.032138 0.033829 0.0350351 0.0356916 0.035744 
0 0.00717202 0.0143791 0.0216161 0.0288874 0.0361213 0.0432081 0.0500061 0.0562787 0.0618174 0.0663585 0.0696583 0.071559 0.0718871 0.0706476 0.0678983 0.0638017 0.0586929 0.0528867 0.0468345 0.0409425 0.0355707 0.0310679 0.0276272 0.0253819 0.0243257 0.0243486 0.0252437 0.0267959 0.0287559 0.0308914 0.0330468 0.0349939 0.0366639 0.0379863 0.0389396 0.0395907 0.0399305 0.0400026 0.039852 0.0395555 0.0391379 0.0386565 0.0380991 0.0374695 0.0368391 0.0361993 0.03556 0.0349015 0.0342544 0.0336045 0.0329838 0.0323739 0.0317477 0.0311469 0.0305811 0.0300237 0.0294419 0.0288959 0.0283632 0.0278468 0.0273332 0.0268281 0.026322 0.0258378 0.0253756 0.0249082 0.0244454 0.0239945 0.0235701 0.0231418 0.0227295 0.0223247 0.0219394 0.0215557 0.0211969 0.0208458 0.0205063 0.0201772 0.0198732 0.0195786 0.0192921 0.0190239 0.018777 0.0185403 0.0183114 0.0181084 0.0179194 0.0177405 0.0175752 0.0174374 0.0173042 0.0171878 0.0170897 0.0170117 0.0169369 0.0168887 0.0168538 0.0168333 0.0168244 0.016843 0.0168661 0.0169088 0.0169687 0.0170477 0.0171312 0.0172429 0.017367 0.0175044 0.0176554 0.0178346 0.0180183 0.0182189 0.0184402 0.0186812 0.0189264 0.0191939 0.0194828 0.0197832 0.0200939 0.0204271 0.0207807 0.0211397 0.0215178 0.0219152 0.0223288 0.022744 0.0231916 0.0236515 0.0241186 0.0245874 0.0251001 0.0256235 0.0261432 0.0266632 0.0272308 0.0278168 0.0283937 0.0289809 0.0295956 0.0302343 0.0308847 0.0315609 0.0322313 0.0329429 0.0336861 0.0344475 0.0352129 0.0360361 0.0368961 0.0377647 0.038666 0.0396091 0.0406095 0.0416432 0.0427273 0.0438268 0.0450077 0.0462792 0.0476217 0.0490622 0.0506339 0.0523812 0.0543382 0.0565567 0.0589998 0.0617381 0.064751 0.0679692 0.0713219 0.0745977 0.0776222 0.0801636 0.0819779 0.0828083 0.0824513 0.0807454 0.0776444 0.0732537 0.0677131 0.0613564 0.0545165 0.0475934 0.0410361 0.0351744 0.0303581 0.0267705 0.0245035 0.0235665 0.0238192 0.0250987 0.0271545 0.0297203 0.0325312 0.0353294 0.0379036 0.0400756 0.0417215 0.0427484 0.043109 
0 0.0073238 0.0146602 0.0220546 0.0294404 0.0367901 0.0439697 0.0508 0.0571008 0.0625847 0.0670369 0.0702057 0.0718871 0.0719866 0.0704344 0.0673336 0.0628683 0.0573243 0.0511077 0.0446144 0.038275 0.0324814 0.0275357 0.0236918 0.0210729 0.0196825 0.0194325 0.020122 0.0215286 0.0234181 0.0255675 0.0277665 0.029832 0.0316341 0.0330891 0.0342101 0.0350039 0.0354918 0.0357096 0.0356928 0.0354997 0.035202 0.0348206 0.034348 0.0338505 0.033315 0.0327809 0.032256 0.0317015 0.0311444 0.0306182 0.0301125 0.029599 0.0291066 0.0286031 0.0281295 0.027669 0.0272184 0.0267668 0.0263287 0.0259084 0.0254813 0.0250592 0.0246564 0.0242847 0.0238725 0.0234783 0.0231109 0.0227644 0.022392 0.0220393 0.0216977 0.0213799 0.0210605 0.0207429 0.0204457 0.0201657 0.0198898 0.0196179 0.0193753 0.0191298 0.0189051 0.0186856 0.0184893 0.018289 0.0181212 0.0179474 0.0178001 0.0176544 0.017536 0.0174099 0.0173178 0.0172233 0.0171522 0.0170804 0.0170413 0.016995 0.0169757 0.0169591 0.0169695 0.0169732 0.0170088 0.0170449 0.0171043 0.0171614 0.0172525 0.0173381 0.0174492 0.0175629 0.0177063 0.0178416 0.0180101 0.0181781 0.0183711 0.0185631 0.0187879 0.0190059 0.0192548 0.0195061 0.019778 0.0200537 0.0203622 0.020664 0.0209846 0.0213263 0.0216836 0.0220401 0.0224125 0.0228077 0.0232168 0.0236391 0.0240476 0.0244932 0.0249618 0.0254358 0.0258909 0.0263949 0.0269029 0.0274234 0.0279508 0.02851 0.0290741 0.0296444 0.0302409 0.0308775 0.0315327 0.0321826 0.0328808 0.0336 0.0343692 0.0351737 0.0360004 0.0368589 0.0377975 0.0387742 0.0397891 0.0408843 0.0420451 0.0433182 0.0446946 0.0461858 0.0478376 0.0497175 0.0518505 0.0542609 0.0569644 0.0599595 0.0632521 0.0667715 0.0703954 0.0739342 0.0771873 0.079915 0.0818689 0.0828159 0.0825168 0.080852 0.0777895 0.0734051 0.0679253 0.0616225 0.0548614 0.0480681 0.0416298 0.0359605 0.0313679 0.0280521 0.0261415 0.0255872 0.0263011 0.0280836 0.0306724 0.0338209 0.0372119 0.0406048 0.0437572 0.0464683 0.0486184 0.0500762 0.050806 
0 0.0073168 0.0146508 0.0220285 0.0293975 0.0367106 0.043827 0.0505734 0.0567416 0.0620637 0.066313 0.0692337 0.0706476 0.0704344 0.0685537 0.0651072 0.0602748 0.05438 0.0477982 0.0409467 0.0342522 0.0280871 0.0227823 0.018584 0.0156346 0.0139579 0.013475 0.0139873 0.0152934 0.0171506 0.0193272 0.0216377 0.0238492 0.0258496 0.0275354 0.0288795 0.0299072 0.0306094 0.0310259 0.0311964 0.0311874 0.0310498 0.0308292 0.0305152 0.0301517 0.029757 0.0293515 0.0289573 0.028538 0.0281304 0.0277248 0.0273301 0.0269402 0.0265594 0.0261753 0.0258218 0.0254693 0.0251011 0.0247566 0.0244109 0.0240769 0.0237489 0.0234246 0.0230862 0.0227755 0.0224622 0.022164 0.0218629 0.0215596 0.0212732 0.0210079 0.020732 0.0204604 0.0202156 0.0199668 0.0197317 0.0195035 0.0192874 0.0190749 0.0188861 0.018687 0.018514 0.0183478 0.0181886 0.0180317 0.0179093 0.0177741 0.0176526 0.0175502 0.0174614 0.0173601 0.0172913 0.0172307 0.0171707 0.0171191 0.0170976 0.0170678 0.017049 0.0170498 0.0170634 0.0170688 0.0171014 0.0171453 0.0171905 0.0172428 0.0173259 0.0174023 0.0174881 0.0175945 0.0177166 0.0178265 0.0179675 0.0181194 0.0182737 0.0184336 0.0186285 0.0188123 0.0190134 0.0192296 0.0194617 0.0196882 0.0199464 0.020203 0.0204783 0.0207619 0.0210582 0.0213599 0.0216935 0.0220194 0.0223522 0.0227133 0.0230865 0.0234613 0.0238454 0.0242426 0.0246541 0.0250939 0.0255165 0.0259595 0.0264185 0.0268941 0.027378 0.0278891 0.0283916 0.028928 0.0294914 0.0300623 0.0306674 0.0313045 0.0319739 0.0326709 0.0334092 0.0341866 0.035045 0.0359437 0.0369036 0.0379326 0.0390532 0.0403062 0.0416827 0.043212 0.0449378 0.0469159 0.0491758 0.0517613 0.0546504 0.0578749 0.061408 0.065154 0.0690025 0.0727216 0.0761188 0.0789541 0.0809798 0.0819674 0.081701 0.0800552 0.0770152 0.0726836 0.0672656 0.0610737 0.0544533 0.0478278 0.0416093 0.0361814 0.0318831 0.0289098 0.0273851 0.027276 0.0284735 0.0307882 0.033948 0.0376948 0.0417087 0.0457261 0.0494924 0.052788 0.0554744 0.0574095 0.0585451 
0 0.00716805 0.0143567 0.0215748 0.0287827 0.0359138 0.0428247 0.0493457 0.05525 0.0602893 0.064229 0.0668188 0.0678983 0.0673336 0.0651072 0.0613199 0.0561532 0.0499493 0.043065 0.0359294 0.0289615 0.022519 0.016947 0.0124801 0.00927455 0.00736752 0.00669007 0.0070639 0.00829991 0.0101641 0.0124185 0.0148822 0.0172987 0.0195495 0.021519 0.0231504 0.0244734 0.0254602 0.0261543 0.0265862 0.0268191 0.026895 0.0268674 0.0267465 0.0265619 0.0263473 0.0261017 0.0258566 0.0255794 0.0253133 0.0250394 0.0247671 0.024506 0.02424 0.0239683 0.0237068 0.0234504 0.0231795 0.0229388 0.0226773 0.0224166 0.0221664 0.0219238 0.0216713 0.0214296 0.0211865 0.020952 0.0207272 0.0204873 0.0202705 0.0200631 0.0198493 0.0196342 0.0194524 0.0192588 0.0190758 0.0188976 0.018733 0.0185736 0.0184266 0.0182707 0.0181407 0.0180217 0.0178917 0.0177747 0.0176875 0.0175877 0.017487 0.0174217 0.0173557 0.0172791 0.0172274 0.0171955 0.0171451 0.0171125 0.0171024 0.0170886 0.0170709 0.0170861 0.0171005 0.017111 0.0171399 0.01719 0.0172238 0.0172748 0.0173484 0.0174188 0.0174845 0.0175855 0.0176875 0.0177799 0.0178967 0.0180359 0.018157 0.0182929 0.01846 0.0186184 0.0187775 0.0189654 0.019162 0.019351 0.0195642 0.0197836 0.0200153 0.0202535 0.0205027 0.0207554 0.0210395 0.021311 0.0215966 0.0219014 0.022217 0.0225248 0.0228619 0.0232018 0.0235507 0.0239125 0.0242752 0.0246597 0.025059 0.0254565 0.0258603 0.0263028 0.0267346 0.0271968 0.0276754 0.028168 0.028681 0.0292333 0.0298096 0.0304214 0.0310768 0.0317675 0.0325303 0.0333379 0.0342291 0.0351942 0.0362717 0.0374855 0.0388441 0.0403831 0.0421542 0.0442091 0.0465779 0.0493115 0.0523654 0.0557782 0.0594949 0.0634101 0.0674075 0.0712421 0.0747179 0.0775916 0.0796227 0.0805839 0.0802891 0.078619 0.0755784 0.0712947 0.0659616 0.0599123 0.0534786 0.0470729 0.0411186 0.03598 0.0320089 0.0294022 0.0282806 0.0286245 0.0303113 0.0331566 0.0368848 0.0412239 0.0458551 0.0504941 0.054875 0.0587636 0.0619993 0.0644325 0.0659973 
0 0.00689818 0.0137979 0.0207476 0.0276534 0.0344781 0.0410718 0.0472276 0.0527761 0.0574157 0.0609482 0.0631449 0.0638017 0.0628683 0.0602748 0.0561532 0.0507151 0.0442373 0.0371452 0.029808 0.0226428 0.0160233 0.0102503 0.00559003 0.00219148 0.000109962 -0.000721438 -0.000430614 0.00076897 0.00266958 0.00505919 0.00768334 0.0103686 0.012921 0.0152236 0.0172281 0.0188968 0.0202279 0.021248 0.0219997 0.0225047 0.022857 0.0230624 0.0231539 0.0231941 0.0231624 0.0230943 0.0230074 0.0229015 0.0227692 0.0226451 0.0224965 0.022338 0.022193 0.0220317 0.0218611 0.021678 0.0215148 0.0213396 0.0211553 0.020965 0.0207892 0.0206009 0.0204191 0.0202445 0.0200513 0.0198745 0.0197064 0.0195339 0.0193553 0.019205 0.0190382 0.0188839 0.0187361 0.0185983 0.0184547 0.0183248 0.0181966 0.018085 0.0179714 0.017854 0.0177608 0.017677 0.0175779 0.0174901 0.0174359 0.0173598 0.0172875 0.0172417 0.0172035 0.0171411 0.0171132 0.017092 0.0170635 0.0170367 0.0170446 0.0170336 0.0170313 0.0170447 0.0170706 0.0170768 0.0171142 0.0171553 0.0171939 0.017234 0.0173084 0.0173633 0.0174268 0.0175106 0.0176053 0.0176764 0.0177832 0.0178996 0.0180045 0.0181143 0.0182628 0.0183944 0.0185265 0.0186858 0.0188547 0.0190123 0.0191884 0.0193807 0.0195716 0.019774 0.0199816 0.020208 0.0204358 0.0206698 0.0209119 0.0211874 0.0214387 0.0217029 0.0219957 0.0223007 0.0225838 0.0228928 0.0232159 0.0235451 0.0238849 0.0242264 0.0245818 0.024947 0.0253359 0.025725 0.0261301 0.0265479 0.0270081 0.0274702 0.0279582 0.0284986 0.0290637 0.0296755 0.0303503 0.0310855 0.0318865 0.0328089 0.0338261 0.0349927 0.0363466 0.0378952 0.0397123 0.0418383 0.0443112 0.0471464 0.050365 0.0539205 0.0577764 0.061831 0.0658937 0.0697874 0.0732634 0.0760967 0.0780608 0.0789425 0.0785662 0.0768465 0.0738062 0.0695478 0.0643325 0.0584256 0.0521933 0.0460481 0.0403493 0.0355363 0.0318904 0.029638 0.0289172 0.029664 0.0318138 0.0351421 0.0393876 0.0442878 0.0494877 0.0547218 0.0596893 0.0641425 0.0679142 0.0708233 0.0728078 
0 0.00651598 0.0130629 0.0196023 0.0261373 0.0325483 0.0387041 0.0444398 0.049497 0.0536824 0.0567371 0.0584526 0.0586929 0.0573243 0.05438 0.0499493 0.0442373 0.0375774 0.0303121 0.0228521 0.0155806 0.0088441 0.00296076 -0.00182564 -0.00536032 -0.00757718 -0.00850891 -0.0082995 -0.00709754 -0.00512504 -0.0026135 0.00024397 0.00319683 0.00608826 0.00878929 0.0111916 0.0132676 0.0150009 0.0163978 0.0174973 0.0183581 0.0189922 0.0194676 0.0198278 0.0200781 0.0202643 0.0203871 0.0204614 0.0205061 0.0205474 0.0205428 0.0205043 0.0204658 0.0204089 0.0203417 0.0202599 0.020165 0.0200477 0.0199514 0.0198334 0.0196954 0.0195706 0.019461 0.0193259 0.0191678 0.0190429 0.0189333 0.0188074 0.0186475 0.01853 0.0184273 0.0183111 0.018174 0.0180715 0.0179748 0.017875 0.0177673 0.0176772 0.0176009 0.017517 0.0174305 0.0173637 0.0173098 0.017233 0.0171765 0.0171353 0.0170901 0.0170317 0.0170107 0.0169797 0.0169471 0.0169215 0.0169216 0.0168972 0.0168927 0.0168949 0.0169042 0.0168998 0.016927 0.0169438 0.0169673 0.0169939 0.0170429 0.0170707 0.0171214 0.0171768 0.0172373 0.0172863 0.017371 0.0174429 0.0175171 0.0176019 0.0177111 0.0177936 0.0178978 0.0180182 0.0181384 0.0182453 0.0183871 0.0185309 0.0186671 0.018812 0.0189813 0.0191522 0.0193162 0.0194922 0.0196887 0.0199011 0.0200894 0.020293 0.0205246 0.0207749 0.020993 0.0212295 0.0214893 0.0217705 0.0220283 0.0222966 0.0225926 0.0228954 0.0231833 0.0234928 0.0238369 0.0241601 0.024492 0.0248463 0.0252279 0.0256149 0.0260313 0.0264552 0.0269111 0.0274256 0.0279776 0.0285726 0.0292385 0.0300014 0.030848 0.0318361 0.0329787 0.0343097 0.0358954 0.0377635 0.0399557 0.042521 0.0454822 0.0488138 0.0525135 0.0564844 0.0606004 0.0647172 0.06859 0.0720136 0.0747589 0.0765962 0.0773448 0.0768565 0.0750571 0.0719825 0.0677767 0.0626443 0.0569043 0.0508908 0.0449755 0.0395792 0.03504 0.0317027 0.0297814 0.0293678 0.0304909 0.0330032 0.0367353 0.0414319 0.0467765 0.0524876 0.0582209 0.0636996 0.06867 0.0729015 0.0762643 0.0786258 
0 0.00608847 0.0121873 0.0182974 0.0243673 0.0303069 0.0359816 0.0411924 0.0457401 0.0493882 0.0519129 0.0531364 0.0528867 0.0511077 0.0477982 0.043065 0.0371452 0.0303121 0.0229461 0.0154136 0.00807819 0.00129714 -0.00464827 -0.00951326 -0.0131383 -0.0154541 -0.0164915 -0.0163261 -0.0151338 -0.0130952 -0.0104152 -0.00735558 -0.00408722 -0.000833329 0.00227159 0.00512317 0.0076375 0.00980574 0.0116243 0.0131393 0.0143542 0.0153334 0.0160989 0.0167132 0.0172212 0.0176296 0.0179503 0.0181931 0.0184092 0.0185642 0.0186951 0.0187755 0.0188257 0.0188664 0.0188899 0.0188643 0.0188134 0.0187867 0.0187367 0.0186741 0.0185822 0.0185019 0.0184127 0.0183357 0.01824 0.0181427 0.0180431 0.0179543 0.0178676 0.0177721 0.0176872 0.0175986 0.0175191 0.017435 0.0173725 0.0172919 0.0172241 0.0171568 0.0171109 0.0170434 0.0169908 0.0169425 0.0169086 0.0168555 0.0168206 0.0167919 0.0167652 0.01673 0.0167154 0.0167003 0.0166826 0.0166712 0.016672 0.0166676 0.0166673 0.0166778 0.0166884 0.0167003 0.0167213 0.0167463 0.0167699 0.0168038 0.0168418 0.0168791 0.0169239 0.0169778 0.0170285 0.017084 0.0171534 0.0172203 0.0172879 0.0173677 0.0174573 0.0175357 0.0176291 0.0177317 0.017838 0.0179345 0.0180572 0.0181788 0.0183058 0.0184264 0.0185776 0.018719 0.0188709 0.0190226 0.0192018 0.019363 0.0195436 0.0197358 0.0199408 0.0201264 0.020334 0.0205664 0.0208022 0.0210238 0.0212498 0.021514 0.0217795 0.022048 0.0223054 0.0225876 0.0228745 0.0231956 0.0234966 0.0238073 0.0241487 0.0245113 0.024871 0.025257 0.025694 0.0261533 0.0266648 0.0272065 0.0278313 0.0285482 0.0293918 0.0303562 0.0314857 0.0328424 0.0344589 0.036397 0.0386801 0.0413595 0.0444292 0.0479096 0.0517161 0.0557679 0.0599456 0.0640364 0.0678735 0.0712001 0.0738016 0.0754797 0.0760557 0.0754147 0.0735188 0.0704116 0.0662278 0.0612126 0.0556211 0.0498137 0.044148 0.0389874 0.0347218 0.0316273 0.0299492 0.0297929 0.0311503 0.0339393 0.0379529 0.0429572 0.0486546 0.0547247 0.0608576 0.0667405 0.0721086 0.0767364 0.0804489 0.0831302 
0 0.00564422 0.0113022 0.016946 0.0225477 0.02799 0.033145 0.0378246 0.0418115 0.044907 0.0468776 0.047569 0.0468345 0.0446144 0.0409467 0.0359294 0.029808 0.0228521 0.0154136 0.00785155 0.000499629 -0.0062979 -0.01228 -0.0172032 -0.0209132 -0.0233332 -0.0244604 -0.0243642 -0.0231781 -0.0210781 -0.0182682 -0.0149936 -0.0114362 -0.00781777 -0.00428194 -0.00096313 0.00202055 0.00466028 0.00692213 0.00885481 0.0104714 0.011801 0.0128893 0.0137966 0.0145565 0.0151869 0.015706 0.0161145 0.0164861 0.0167928 0.0170449 0.0172282 0.0173642 0.0174821 0.0175758 0.0176266 0.0176424 0.0176563 0.0176418 0.0176254 0.0175746 0.0175308 0.0174908 0.017437 0.0173522 0.0172921 0.0172444 0.0171798 0.0171068 0.0170353 0.0169887 0.0169354 0.0168736 0.0168084 0.0167762 0.0167245 0.0166765 0.0166326 0.0166045 0.0165597 0.0165311 0.0164991 0.0164761 0.0164485 0.0164301 0.0164091 0.0163984 0.0163837 0.016374 0.016369 0.016368 0.016365 0.0163689 0.0163776 0.0163858 0.016398 0.0164148 0.0164357 0.0164567 0.0164833 0.0165131 0.0165479 0.0165821 0.016623 0.0166684 0.0167158 0.0167643 0.016822 0.0168823 0.0169417 0.0170095 0.0170827 0.0171569 0.0172331 0.0173209 0.0174068 0.0175012 0.0175949 0.0177003 0.017806 0.0179218 0.0180288 0.0181623 0.0182914 0.0184206 0.0185524 0.0187203 0.0188674 0.0190198 0.0191846 0.0193749 0.019557 0.0197423 0.0199297 0.0201478 0.0203732 0.020581 0.0208107 0.021058 0.0213044 0.021546 0.0218218 0.0220949 0.0223841 0.0226586 0.0229577 0.0232892 0.0236374 0.023979 0.0243443 0.024751 0.0251992 0.025701 0.0262262 0.0268451 0.0275608 0.0283991 0.0293776 0.0305419 0.0319475 0.0336567 0.0356976 0.0380933 0.0409029 0.0441062 0.0477225 0.0516517 0.0557848 0.0599855 0.0640496 0.0677945 0.0709837 0.0734103 0.0748855 0.0752711 0.0744671 0.0724664 0.0693195 0.0651664 0.0602434 0.0547997 0.0491835 0.0437229 0.0387846 0.0347201 0.0318058 0.0302885 0.0302592 0.0317467 0.0346567 0.0388066 0.0439762 0.0498554 0.0561507 0.0625258 0.0686708 0.0743127 0.0791965 0.0831581 0.0860511 
