0 0 0 0 0 0 0 0 0 0 0 0 0 0 0 0 0 0 0 0 0 0 0 0 0 0 0 0 0 0 0 0 0 0 0 0 0 0 0 0 0 0 0 0 0 0 0 0 0 0 0 0 0 0 0 0 0 0 0 0 0 0 0 0 0 0 0 0 0 0 0 0 0 0 0 0 0 0 0 0 0 0 0 0 0 0 0 0 0 0 0 0 0 0 0 0 0 0 0 0 0 0 0 0 0 0 0 0 0 0 0 0 0 0 0 0 0 0 0 0 0 0 0 0 0 0 0 0 0 0 0 0 0 0 0 0 0 0 0 0 0 0 0 0 0 0 0 0 0 0 0 0 0 0 0 0 0 0 0 0 0 0 0 0 0 0 0 0 0 0 0 0 0 0 0 0 0 0 0 0 0 0 0 0 0 0 0 0 0 0 0 0 0 0 0 0 0 0 0 0 
0 -0.000177897 -0.000389616 -0.000639397 -0.000968777 -0.00136165 -0.00181893 -0.00232411 -0.00282009 -0.00329492 -0.00368715 -0.00398555 -0.00418835 -0.00427924 -0.00430226 -0.00424849 -0.00415549 -0.00405243 -0.00395244 -0.00390085 -0.00388796 -0.00392683 -0.00400665 -0.0041259 -0.00428402 -0.0044717 -0.00468461 -0.00489393 -0.00511764 -0.00533629 -0.00556131 -0.005792 -0.00599666 -0.00620091 -0.00639084 -0.0065693 -0.0067402 -0.00688684 -0.00701105 -0.00713536 -0.00724196 -0.00732506 -0.00740018 -0.00744409 -0.00748777 -0.0075228 -0.00753008 -0.00753242 -0.00753091 -0.00751604 -0.0074889 -0.0074542 -0.007412 -0.00737509 -0.00733103 -0.007277 -0.00721992 -0.00716805 -0.00711413 -0.007047 -0.00699326 -0.00694603 -0.00688104 -0.00681476 -0.0067646 -0.00670738 -0.00664864 -0.00659687 -0.00653674 -0.00647701 -0.00642233 -0.00637145 -0.00631853 -0.00626083 -0.00619896 -0.00615459 -0.00610795 -0.00604888 -0.00599524 -0.00595369 -0.00590612 -0.00585705 -0.0058125 -0.00577097 -0.005732 -0.00569048 -0.00565294 -0.00562127 -0.00558862 -0.00555323 -0.00553092 -0.00550547 -0.00547769 -0.00545873 -0.00544641 -0.00542308 -0.00541188 -0.00540646 -0.00539553 -0.00538592 -0.00539219 -0.00538878 -0.00538779 -0.00539774 -0.00540859 -0.00541126 -0.00542966 -0.00544784 -0.0054618 -0.00548196 -0.00551136 -0.0055322 -0.00555951 -0.00559278 -0.00562543 -0.00565683 -0.00569432 -0.00573386 -0.00577587 -0.00581454 -0.00585466 -0.00590608 -0.005954 -0.00599448 -0.00604158 -0.00609644 -0.00614594 -0.00619845 -0.00624427 -0.00629292 -0.00635169 -0.00640806 -0.00645322 -0.00650695 -0.00655873 -0.00661045 -0.00667184 -0.00672386 -0.00676892 -0.00682533 -0.00688282 -0.00692908 -0.00698256 -0.00703832 -0.00708617 -0.00712278 -0.00716441 -0.00721117 -0.00724061 -0.00726326 -0.00728003 -0.00728425 -0.00727972 -0.00726201 -0.00721777 -0.00717373 -0.00711015 -0.00700586 -0.00689086 -0.00674624 -0.00657808 -0.0063856 -0.00615179 -0.00588472 -0.0055977 -0.00526849 -0.00489893 -0.00449887 -0.00405313 -0.00359002 -0.00308461 -0.0025361 -0.00195221 -0.0013271 -0.000671924 3.04018e-05 0.000777699 0.00158537 0.00243633 0.00333834 0.00429214 0.00527998 0.00631191 0.00733162 0.0083223 0.0092411 0.0100425 0.0107194 0.0112203 0.0115467 0.011688 0.0116533 0.0114902 0.0112276 0.010931 0.0106473 0.0104248 0.0103182 0.0103578 0.0105848 
0 -0.000389616 -0.000822113 -0.00137001 -0.00203396 -0.00284676 -0.00378778 -0.00479286 -0.005824 -0.0067667 -0.00756865 -0.00818693 -0.00857564 -0.00878907 -0.00881503 -0.00870746 -0.00852799 -0.00828797 -0.00809874 -0.00796315 -0.00791408 -0.00797276 -0.00808482 -0.00829243 -0.00856493 -0.00889615 -0.00927807 -0.00967047 -0.0100693 -0.0104836 -0.0109044 -0.0113101 -0.0117133 -0.012068 -0.0124256 -0.0127705 -0.0130785 -0.0133671 -0.0136028 -0.013831 -0.0140233 -0.0141966 -0.0143175 -0.0144228 -0.0145212 -0.0145772 -0.0146151 -0.0146173 -0.0146144 -0.0145941 -0.0145751 -0.014502 -0.0144511 -0.0143933 -0.014298 -0.0142112 -0.0141229 -0.0140357 -0.0139364 -0.0138431 -0.0137179 -0.0136315 -0.0135259 -0.0134227 -0.0133131 -0.0132192 -0.0131096 -0.0129936 -0.0128924 -0.0128074 -0.012704 -0.0125681 -0.0124839 -0.0123956 -0.0122906 -0.0121727 -0.012095 -0.0119896 -0.0119029 -0.0118046 -0.0117228 -0.0116274 -0.0115537 -0.0114662 -0.0113978 -0.0113159 -0.0112504 -0.0111869 -0.0111274 -0.0110599 -0.0110183 -0.0109701 -0.0109177 -0.0108828 -0.0108574 -0.010816 -0.0107924 -0.010784 -0.010761 -0.0107461 -0.010754 -0.0107507 -0.0107463 -0.0107672 -0.0107847 -0.0107927 -0.0108247 -0.0108602 -0.0108857 -0.0109238 -0.0109785 -0.0110177 -0.0110705 -0.0111293 -0.0111931 -0.0112497 -0.0113264 -0.011391 -0.0114726 -0.0115423 -0.0116338 -0.011712 -0.0117985 -0.0118729 -0.0119924 -0.012073 -0.0121485 -0.0122432 -0.0123718 -0.0124473 -0.0125328 -0.0126341 -0.0127428 -0.0128337 -0.0129251 -0.0130317 -0.0131248 -0.0132103 -0.0133032 -0.0134256 -0.0134979 -0.0135889 -0.0136741 -0.0137639 -0.0138414 -0.0139263 -0.0139779 -0.0140442 -0.0140986 -0.0141073 -0.0141305 -0.0141342 -0.0141167 -0.0140494 -0.0139717 -0.0138494 -0.0137092 -0.0135135 -0.013268 -0.012987 -0.0126551 -0.0122679 -0.0117916 -0.0112838 -0.0106975 -0.0100627 -0.00935285 -0.00855058 -0.007702 -0.00678114 -0.00578976 -0.00472042 -0.00357627 -0.00235342 -0.00108215 0.000290043 0.0017603 0.00332351 0.0050172 0.00677738 0.00865373 0.0106156 0.0126182 0.0146474 0.0165803 0.0183806 0.0199685 0.021269 0.022261 0.0228771 0.0231297 0.0230469 0.0226803 0.0221439 0.021523 0.0209331 0.0204789 0.0202398 0.0203125 0.0207445 
0 -0.000639397 -0.00137001 -0.00222644 -0.00329673 -0.00456031 -0.00600561 -0.00757376 -0.00912482 -0.0105861 -0.0118089 -0.0127435 -0.0133721 -0.013674 -0.013737 -0.0135698 -0.013267 -0.0129083 -0.012556 -0.0123118 -0.0121758 -0.0121766 -0.012288 -0.0125118 -0.0128415 -0.0132561 -0.0137395 -0.014227 -0.0147477 -0.0152676 -0.015806 -0.0163559 -0.016857 -0.0173491 -0.0178152 -0.0182596 -0.0186828 -0.0190547 -0.0193749 -0.0196922 -0.0199717 -0.0202004 -0.0204017 -0.0205401 -0.0206749 -0.0207848 -0.0208371 -0.0208709 -0.0208953 -0.0208919 -0.0208603 -0.0208048 -0.0207371 -0.0206776 -0.0205969 -0.0204962 -0.0203869 -0.0202868 -0.0201785 -0.0200431 -0.0199274 -0.0198272 -0.0196892 -0.0195446 -0.0194288 -0.019301 -0.019167 -0.0190411 -0.0189026 -0.018765 -0.0186331 -0.0185035 -0.0183776 -0.0182402 -0.0180918 -0.0179752 -0.0178599 -0.0177174 -0.017586 -0.0174771 -0.0173594 -0.0172374 -0.0171255 -0.0170199 -0.0169209 -0.0168163 -0.0167212 -0.0166398 -0.0165557 -0.0164678 -0.0164078 -0.016343 -0.0162726 -0.016224 -0.0161886 -0.0161326 -0.0161017 -0.0160864 -0.0160581 -0.016036 -0.0160469 -0.0160404 -0.0160379 -0.0160622 -0.0160875 -0.0160982 -0.0161417 -0.0161879 -0.016224 -0.016276 -0.0163475 -0.0164027 -0.016471 -0.0165543 -0.0166362 -0.016716 -0.01681 -0.0169084 -0.0170118 -0.0171089 -0.017212 -0.0173353 -0.0174514 -0.0175531 -0.0176731 -0.0178029 -0.0179209 -0.0180463 -0.0181641 -0.0182793 -0.0184138 -0.0185454 -0.0186565 -0.0187774 -0.0188954 -0.0190143 -0.0191475 -0.0192579 -0.0193558 -0.0194764 -0.0195899 -0.0196808 -0.0197831 -0.0198877 -0.0199704 -0.0200299 -0.0200915 -0.0201616 -0.0201925 -0.0201989 -0.0201897 -0.0201512 -0.0200847 -0.0199772 -0.0198115 -0.019631 -0.0194 -0.0190722 -0.0187031 -0.0182614 -0.017756 -0.0171792 -0.0164956 -0.0157281 -0.0148955 -0.0139582 -0.0129128 -0.0117755 -0.0105263 -0.00921387 -0.00778871 -0.00624534 -0.00459798 -0.00283601 -0.000981969 0.00100756 0.00313514 0.00542993 0.00786621 0.010449 0.013183 0.0160278 0.0189793 0.0219095 0.0247413 0.027358 0.0296375 0.0315284 0.032913 0.0337717 0.0340848 0.0338874 0.0333015 0.0324346 0.0314638 0.0305361 0.0298 0.029409 0.0294647 0.0300732 
0 -0.000968777 -0.00203396 -0.00329673 -0.00480012 -0.00657291 -0.00857639 -0.0107076 -0.0128471 -0.0148207 -0.0164966 -0.0177853 -0.0186303 -0.0190721 -0.0191397 -0.0189099 -0.0184882 -0.0179501 -0.0174395 -0.0170207 -0.0167415 -0.01663 -0.0166413 -0.0168027 -0.017091 -0.017488 -0.0179711 -0.018484 -0.0190201 -0.0195819 -0.0201634 -0.0207408 -0.0213029 -0.0218222 -0.0223378 -0.0228407 -0.0233074 -0.0237366 -0.0241075 -0.0244653 -0.0247842 -0.025068 -0.0252935 -0.0254874 -0.0256715 -0.0258106 -0.0259114 -0.0259733 -0.0260243 -0.0260549 -0.026072 -0.0260354 -0.0260105 -0.0259798 -0.0259086 -0.0258328 -0.0257537 -0.0256754 -0.025581 -0.0254773 -0.025351 -0.0252551 -0.025134 -0.0250074 -0.0248799 -0.0247596 -0.0246216 -0.0244756 -0.0243396 -0.0242173 -0.0240751 -0.0239048 -0.0237777 -0.0236468 -0.0234954 -0.0233401 -0.0232169 -0.0230676 -0.0229331 -0.0227958 -0.022669 -0.0225318 -0.0224131 -0.0222881 -0.022179 -0.0220589 -0.0219552 -0.0218593 -0.021765 -0.0216658 -0.0215961 -0.0215216 -0.0214427 -0.0213867 -0.0213428 -0.0212826 -0.0212449 -0.0212261 -0.0211932 -0.0211709 -0.0211774 -0.0211726 -0.0211692 -0.0211959 -0.0212216 -0.0212378 -0.0212835 -0.0213354 -0.0213771 -0.0214355 -0.0215139 -0.0215773 -0.021655 -0.0217448 -0.0218383 -0.0219267 -0.0220354 -0.0221379 -0.0222535 -0.0223609 -0.022487 -0.0226073 -0.0227305 -0.0228449 -0.0229982 -0.0231204 -0.023233 -0.0233673 -0.0235258 -0.0236368 -0.0237565 -0.0238914 -0.0240253 -0.0241423 -0.0242578 -0.0243836 -0.0244966 -0.0245939 -0.0246945 -0.0248187 -0.0248961 -0.0249743 -0.0250487 -0.0251227 -0.0251758 -0.0252196 -0.0252327 -0.0252518 -0.0252419 -0.0251782 -0.025113 -0.0250177 -0.0248809 -0.0246772 -0.024433 -0.0241337 -0.023786 -0.0233461 -0.0228282 -0.0222412 -0.0215701 -0.020801 -0.0199014 -0.0189196 -0.0178285 -0.0166349 -0.0153115 -0.013848 -0.0122799 -0.0105967 -0.00878302 -0.00682718 -0.00473197 -0.00249778 -0.000144868 0.00238512 0.00510339 0.00801921 0.0111527 0.0144567 0.0179628 0.0216288 0.0253887 0.0291567 0.0327622 0.0360869 0.038986 0.0413347 0.0430508 0.0440505 0.0443367 0.0439684 0.0430665 0.0418237 0.0404331 0.0391097 0.038056 0.0374488 0.0374598 0.0381967 
0 -0.00136165 -0.00284676 -0.00456031 -0.00657291 -0.00890034 -0.0114952 -0.0142414 -0.016971 -0.0194942 -0.0216369 -0.0232847 -0.0243837 -0.0249508 -0.0250436 -0.0247455 -0.0241758 -0.0234543 -0.0227218 -0.0220827 -0.0215944 -0.0212837 -0.0211308 -0.0211426 -0.0213055 -0.0215971 -0.021984 -0.0224132 -0.0228759 -0.0233684 -0.0238898 -0.0244211 -0.024935 -0.0254259 -0.0259106 -0.0263878 -0.0268412 -0.0272569 -0.0276305 -0.0279932 -0.0283301 -0.0286296 -0.0288844 -0.0291045 -0.0293141 -0.029493 -0.0296323 -0.0297426 -0.0298425 -0.0299244 -0.029982 -0.0300054 -0.0300276 -0.0300482 -0.0300414 -0.0300189 -0.0299886 -0.0299581 -0.0299128 -0.0298498 -0.0297815 -0.0297243 -0.0296416 -0.029546 -0.0294559 -0.0293641 -0.0292592 -0.0291456 -0.0290314 -0.0289194 -0.0287978 -0.0286645 -0.0285472 -0.0284212 -0.0282818 -0.0281504 -0.0280311 -0.0278927 -0.0277596 -0.0276344 -0.027511 -0.0273819 -0.027261 -0.0271437 -0.0270332 -0.0269185 -0.0268135 -0.026719 -0.0266232 -0.0265285 -0.026454 -0.0263796 -0.0263023 -0.0262448 -0.0261964 -0.0261397 -0.0261002 -0.0260771 -0.0260455 -0.0260243 -0.0260251 -0.0260209 -0.0260193 -0.0260419 -0.0260654 -0.0260851 -0.0261267 -0.0261762 -0.026219 -0.0262768 -0.0263492 -0.0264146 -0.0264887 -0.0265766 -0.0266653 -0.0267531 -0.0268534 -0.0269567 -0.0270631 -0.0271665 -0.0272802 -0.0273982 -0.027512 -0.0276194 -0.0277462 -0.0278637 -0.0279718 -0.0280882 -0.02821 -0.0283106 -0.0284175 -0.0285281 -0.0286288 -0.0287173 -0.028804 -0.0288936 -0.0289758 -0.0290368 -0.0290926 -0.0291578 -0.0291968 -0.0292209 -0.0292417 -0.0292556 -0.029243 -0.0292084 -0.0291554 -0.0290973 -0.0290027 -0.0288624 -0.0287 -0.0285043 -0.0282606 -0.0279525 -0.0275894 -0.0271745 -0.0266928 -0.0261105 -0.0254429 -0.0246921 -0.02385 -0.0228972 -0.0218118 -0.0206183 -0.019312 -0.017879 -0.0162994 -0.0145726 -0.0127147 -0.0107302 -0.0085938 -0.00629064 -0.00382241 -0.0011908 0.0015998 0.0045944 0.00781679 0.0112835 0.0149966 0.0189364 0.0231066 0.0274654 0.0319379 0.0363927 0.0406549 0.0445556 0.0479237 0.0506166 0.052515 0.0535426 0.0536949 0.053048 0.0517613 0.0500551 0.048181 0.0463994 0.0449585 0.0440857 0.0439802 0.0447867 
0 -0.00181893 -0.00378778 -0.00600561 -0.00857639 -0.0114952 -0.0147084 -0.0180908 -0.0214208 -0.0245059 -0.0271258 -0.0291431 -0.0305102 -0.0312082 -0.0313317 -0.0309639 -0.0302365 -0.0293194 -0.0283366 -0.02744 -0.0266915 -0.0261168 -0.0257308 -0.0255126 -0.0254651 -0.0255612 -0.0257595 -0.0260152 -0.0263175 -0.0266523 -0.0270226 -0.0274183 -0.0277938 -0.0281753 -0.0285496 -0.0289266 -0.0293007 -0.0296414 -0.0299644 -0.0302782 -0.0305858 -0.0308586 -0.0311143 -0.0313398 -0.0315576 -0.0317671 -0.0319374 -0.0320952 -0.0322447 -0.0323868 -0.0324978 -0.0326048 -0.0326932 -0.0327816 -0.0328598 -0.0329131 -0.0329599 -0.0330047 -0.0330387 -0.0330424 -0.0330586 -0.0330615 -0.0330495 -0.0330174 -0.0329946 -0.0329557 -0.0329077 -0.0328533 -0.0327914 -0.0327199 -0.0326415 -0.0325683 -0.0324816 -0.0323907 -0.0322888 -0.0322019 -0.0321023 -0.0320016 -0.0318916 -0.0317982 -0.0316939 -0.0315936 -0.031488 -0.0313962 -0.0312979 -0.0312055 -0.0311134 -0.0310326 -0.0309478 -0.0308708 -0.0308003 -0.0307352 -0.0306704 -0.0306176 -0.0305701 -0.0305244 -0.0304881 -0.0304614 -0.0304359 -0.0304179 -0.0304117 -0.0304077 -0.0304089 -0.0304221 -0.0304399 -0.0304603 -0.0304915 -0.0305303 -0.0305688 -0.0306172 -0.0306723 -0.0307306 -0.0307901 -0.0308622 -0.0309326 -0.0310077 -0.0310829 -0.0311705 -0.0312503 -0.0313356 -0.031417 -0.0315118 -0.0315937 -0.0316801 -0.0317578 -0.0318467 -0.0319234 -0.0320024 -0.0320652 -0.0321341 -0.0321965 -0.0322543 -0.0322973 -0.0323358 -0.0323669 -0.0323885 -0.0324073 -0.0324036 -0.0323908 -0.0323664 -0.0323394 -0.0322754 -0.0322097 -0.0321299 -0.0320249 -0.0318828 -0.0317352 -0.0315635 -0.0313482 -0.0311028 -0.0308136 -0.0304917 -0.0301154 -0.0296818 -0.0291748 -0.0286245 -0.0279908 -0.0272589 -0.0264415 -0.0255281 -0.0245194 -0.0233892 -0.0221336 -0.0207444 -0.0192483 -0.0176049 -0.015806 -0.0138608 -0.0117567 -0.00951805 -0.00710937 -0.0045168 -0.00174034 0.0012163 0.0043707 0.00774809 0.0113858 0.0153117 0.0195015 0.023974 0.0286928 0.0336163 0.038665 0.043654 0.0484194 0.0527379 0.0564157 0.0592995 0.0612277 0.0621427 0.062031 0.0609857 0.0592094 0.0569418 0.0544952 0.0521712 0.0502642 0.0490561 0.0487656 0.0495761 
0 -0.00232411 -0.00479286 -0.00757376 -0.0107076 -0.0142414 -0.0180908 -0.0220844 -0.0260383 -0.0296598 -0.0327621 -0.0351682 -0.0367858 -0.0376565 -0.0378014 -0.0373752 -0.0365112 -0.0353722 -0.0341551 -0.0329677 -0.0319273 -0.0310594 -0.0303801 -0.0298842 -0.0295642 -0.0293951 -0.0293279 -0.0293512 -0.0294025 -0.0295152 -0.029662 -0.029818 -0.0300062 -0.0301767 -0.0303711 -0.0305847 -0.0307957 -0.0310073 -0.0312239 -0.0314309 -0.0316481 -0.031871 -0.0320634 -0.0322802 -0.0324888 -0.0326895 -0.032893 -0.0330831 -0.0332698 -0.0334623 -0.0336527 -0.0338233 -0.0340034 -0.0341719 -0.0343269 -0.0344726 -0.0346218 -0.0347557 -0.0348753 -0.0349955 -0.0350874 -0.0351687 -0.035254 -0.0353261 -0.0353692 -0.0354189 -0.0354503 -0.03546 -0.035474 -0.0354882 -0.0354779 -0.0354481 -0.0354239 -0.0354031 -0.035372 -0.0353147 -0.0352651 -0.0352206 -0.0351678 -0.0351013 -0.0350426 -0.03498 -0.0349185 -0.0348537 -0.0347891 -0.0347259 -0.0346671 -0.0346043 -0.0345464 -0.034494 -0.0344392 -0.0343891 -0.0343468 -0.0343041 -0.0342632 -0.0342344 -0.0342047 -0.0341776 -0.03416 -0.0341481 -0.0341331 -0.0341304 -0.0341326 -0.0341345 -0.0341424 -0.034161 -0.0341762 -0.0341974 -0.0342269 -0.0342565 -0.0342873 -0.0343271 -0.0343666 -0.0344054 -0.0344512 -0.0344967 -0.0345427 -0.0345882 -0.034634 -0.0346797 -0.0347311 -0.0347665 -0.0348014 -0.0348442 -0.0348863 -0.034904 -0.0349194 -0.0349382 -0.0349614 -0.0349592 -0.0349377 -0.0349232 -0.0349083 -0.0348643 -0.034812 -0.0347591 -0.0346719 -0.0345776 -0.0344822 -0.0343645 -0.0342146 -0.0340587 -0.0338765 -0.0336729 -0.0334503 -0.0332019 -0.0329187 -0.0326025 -0.0322617 -0.0318662 -0.0314388 -0.030974 -0.030449 -0.0298541 -0.0292127 -0.0284901 -0.0276923 -0.0268235 -0.0258366 -0.0247723 -0.0236009 -0.0222997 -0.020876 -0.0193301 -0.0176421 -0.0158242 -0.0138496 -0.0116973 -0.00941328 -0.00694584 -0.0043127 -0.00149105 0.00153885 0.00475638 0.00819922 0.0118862 0.0158647 0.0201389 0.0247305 0.0296113 0.0347598 0.0401326 0.04558 0.0509723 0.0560571 0.0606193 0.0644524 0.0673293 0.0691439 0.0697772 0.0692529 0.0676915 0.0652861 0.0623651 0.0592409 0.0562805 0.0538312 0.0521886 0.0516414 0.0523655 
0 -0.00282009 -0.005824 -0.00912482 -0.0128471 -0.016971 -0.0214208 -0.0260383 -0.030548 -0.0347199 -0.0382835 -0.0410578 -0.042976 -0.043992 -0.0442133 -0.0437492 -0.0427524 -0.0414482 -0.0399731 -0.0385156 -0.0371745 -0.0359849 -0.0350082 -0.0342069 -0.0335865 -0.0331205 -0.0327566 -0.0324748 -0.0322499 -0.0320635 -0.0319158 -0.0318057 -0.0317006 -0.0316354 -0.0315802 -0.0315482 -0.0315472 -0.0315549 -0.0315981 -0.0316541 -0.031749 -0.0318463 -0.0319793 -0.0321235 -0.0322736 -0.0324607 -0.0326503 -0.0328614 -0.0330838 -0.0333191 -0.0335368 -0.0337957 -0.0340306 -0.0342687 -0.0345293 -0.0347686 -0.0350021 -0.0352279 -0.0354506 -0.0356504 -0.0358718 -0.0360511 -0.0362309 -0.036386 -0.0365426 -0.0366737 -0.0367994 -0.0369188 -0.0370184 -0.0370851 -0.0371541 -0.037248 -0.0372872 -0.0373169 -0.037348 -0.0373907 -0.0373932 -0.0374108 -0.0374022 -0.0374097 -0.0373961 -0.0373912 -0.0373662 -0.037357 -0.0373258 -0.0373118 -0.0372839 -0.037257 -0.0372278 -0.0372128 -0.037176 -0.037151 -0.037134 -0.0371082 -0.0370778 -0.0370691 -0.0370496 -0.0370242 -0.037017 -0.0370104 -0.0369894 -0.0369858 -0.0369887 -0.036977 -0.0369737 -0.0369863 -0.036982 -0.0369823 -0.0369956 -0.0370038 -0.0370006 -0.0370184 -0.0370247 -0.0370309 -0.0370352 -0.037049 -0.0370424 -0.0370538 -0.0370463 -0.0370468 -0.0370282 -0.0370252 -0.0370021 -0.036987 -0.03693 -0.0369044 -0.0368697 -0.0368101 -0.0367124 -0.0366559 -0.0365749 -0.0364666 -0.0363422 -0.0362159 -0.0360723 -0.0359055 -0.035734 -0.03554 -0.0353246 -0.0350671 -0.0348302 -0.0345449 -0.0342432 -0.0339122 -0.0335548 -0.03315 -0.0327432 -0.0322831 -0.0317796 -0.0312599 -0.0306649 -0.0300298 -0.0293395 -0.0285996 -0.0277808 -0.026913 -0.0259468 -0.024903 -0.0237702 -0.0225317 -0.021197 -0.0197393 -0.0181742 -0.0164581 -0.0146254 -0.0126336 -0.0104861 -0.00819212 -0.0057201 -0.00308997 -0.000277544 0.00273382 0.0059512 0.00937738 0.0130569 0.0169868 0.02122 0.0257828 0.0306457 0.035848 0.0413072 0.046968 0.0527111 0.0583056 0.0635639 0.0681997 0.0719787 0.0747103 0.0762017 0.0764071 0.0753277 0.0730937 0.0699707 0.066258 0.0623634 0.058672 0.0555646 0.0534163 0.052495 0.0530445 
0 -0.00329492 -0.0067667 -0.0105861 -0.0148207 -0.0194942 -0.0245059 -0.0296598 -0.0347199 -0.0393755 -0.0433868 -0.046545 -0.0487362 -0.0499619 -0.0502639 -0.0498018 -0.0487363 -0.0472752 -0.0456158 -0.0439086 -0.0422909 -0.0408121 -0.0395297 -0.038425 -0.0374965 -0.0367149 -0.0360307 -0.0354516 -0.0349104 -0.0344256 -0.0339685 -0.0335258 -0.0331286 -0.0327483 -0.0324031 -0.032094 -0.0318191 -0.0315865 -0.0314126 -0.0312584 -0.0311556 -0.0311038 -0.0310875 -0.0311394 -0.0312107 -0.0313244 -0.031483 -0.0316732 -0.0318832 -0.0321223 -0.0323865 -0.032678 -0.0329784 -0.0332743 -0.0335882 -0.0339017 -0.0342287 -0.0345386 -0.034845 -0.03516 -0.0354555 -0.0357177 -0.0359987 -0.0362713 -0.0365082 -0.0367385 -0.0369528 -0.0371523 -0.0373426 -0.0375187 -0.0376754 -0.0378243 -0.0379434 -0.0380691 -0.0381923 -0.0382828 -0.038355 -0.0384468 -0.03852 -0.0385747 -0.0386244 -0.038674 -0.0387159 -0.0387493 -0.0387706 -0.0388 -0.0388228 -0.0388278 -0.0388414 -0.0388599 -0.0388546 -0.0388542 -0.0388691 -0.038861 -0.0388489 -0.0388586 -0.0388533 -0.0388325 -0.0388361 -0.0388339 -0.0388099 -0.038804 -0.0388057 -0.0387804 -0.0387656 -0.0387658 -0.0387429 -0.0387174 -0.0387126 -0.0386903 -0.038656 -0.0386396 -0.0386149 -0.0385726 -0.0385393 -0.0385062 -0.0384558 -0.0384039 -0.0383482 -0.0382905 -0.038222 -0.0381374 -0.0380493 -0.0379704 -0.0378613 -0.0377394 -0.0376176 -0.0374835 -0.0373316 -0.0371783 -0.03699 -0.0367926 -0.0365915 -0.0363694 -0.0361235 -0.0358614 -0.0355646 -0.0352655 -0.0349515 -0.0345887 -0.0342105 -0.0338148 -0.0333777 -0.0329061 -0.0324197 -0.0318943 -0.0313323 -0.0307109 -0.0300628 -0.0293731 -0.0286287 -0.0278338 -0.0269802 -0.0260672 -0.0250946 -0.0240397 -0.0229027 -0.0217138 -0.0204135 -0.0190266 -0.0175308 -0.0159132 -0.0141929 -0.0123375 -0.0103397 -0.0082052 -0.00592231 -0.00347162 -0.000870484 0.00192678 0.00489429 0.00805155 0.0114251 0.0150052 0.0188508 0.0229581 0.0273776 0.0321215 0.0371982 0.0425985 0.0482565 0.0540987 0.0599503 0.0656285 0.0708697 0.075406 0.0789883 0.0813699 0.0824121 0.0820197 0.0802364 0.0772202 0.0732271 0.0686346 0.0638488 0.0593178 0.0554722 0.0526974 0.0513288 0.0515978 
0 -0.00368715 -0.00756865 -0.0118089 -0.0164966 -0.0216369 -0.0271258 -0.0327621 -0.0382835 -0.0433868 -0.0478062 -0.0513244 -0.0538153 -0.0552547 -0.0556949 -0.0552847 -0.0541995 -0.0526559 -0.0508509 -0.0489504 -0.047098 -0.0453648 -0.0438175 -0.0424478 -0.0412438 -0.0401776 -0.0392044 -0.0383249 -0.0374909 -0.0366969 -0.0359232 -0.035164 -0.0344461 -0.0337585 -0.033104 -0.0324831 -0.0319061 -0.0313913 -0.0309507 -0.0305568 -0.0302298 -0.0299739 -0.0297897 -0.0296844 -0.0296185 -0.0296193 -0.029691 -0.0298194 -0.029989 -0.0301936 -0.0304369 -0.0307303 -0.0310391 -0.0313568 -0.031711 -0.0320772 -0.0324523 -0.0328175 -0.0331861 -0.033571 -0.0339499 -0.0342977 -0.0346541 -0.0350045 -0.0353297 -0.0356429 -0.0359462 -0.0362419 -0.0365159 -0.0367603 -0.0370024 -0.0372499 -0.0374525 -0.0376427 -0.0378391 -0.0380152 -0.0381643 -0.0383195 -0.0384576 -0.0385814 -0.0386948 -0.0388035 -0.0389018 -0.038989 -0.0390615 -0.0391409 -0.039208 -0.0392543 -0.0393078 -0.0393634 -0.0393896 -0.0394192 -0.0394614 -0.0394764 -0.0394837 -0.0395113 -0.0395195 -0.0395085 -0.0395195 -0.0395218 -0.0394974 -0.0394892 -0.0394852 -0.0394502 -0.0394224 -0.0394079 -0.0393652 -0.0393169 -0.0392871 -0.0392367 -0.0391687 -0.0391177 -0.0390555 -0.0389713 -0.0388924 -0.0388125 -0.0387107 -0.0386058 -0.0384948 -0.0383749 -0.0382406 -0.0380966 -0.0379453 -0.0377871 -0.037597 -0.0374091 -0.0372201 -0.0369956 -0.0367467 -0.0365148 -0.0362539 -0.0359616 -0.0356596 -0.0353448 -0.0350034 -0.0346395 -0.0342508 -0.0338508 -0.0334191 -0.0329402 -0.0324551 -0.0319478 -0.0313922 -0.0307967 -0.0301762 -0.0295167 -0.0288202 -0.0280616 -0.0272703 -0.0264416 -0.0255431 -0.024583 -0.0235711 -0.0225038 -0.0213715 -0.0201557 -0.0188545 -0.0174958 -0.0160369 -0.0144803 -0.0128184 -0.0110484 -0.00917813 -0.00717347 -0.0050248 -0.00273799 -0.000311589 0.0022675 0.00500351 0.00792462 0.0110127 0.014285 0.0177641 0.0214626 0.0254284 0.0296599 0.0341983 0.0390581 0.0442472 0.0497543 0.0555006 0.0613869 0.0672336 0.0728293 0.0779095 0.0821871 0.0853916 0.0872804 0.0876978 0.0865731 0.0839594 0.0800326 0.0750861 0.0695091 0.0637552 0.0583046 0.0536249 0.0501472 0.0482225 0.048114 
0 -0.00398555 -0.00818693 -0.0127435 -0.0177853 -0.0232847 -0.0291431 -0.0351682 -0.0410578 -0.046545 -0.0513244 -0.0551756 -0.0579717 -0.0596401 -0.0602627 -0.059957 -0.058914 -0.0573626 -0.0554808 -0.0534631 -0.0514431 -0.0495183 -0.047761 -0.0461755 -0.0447421 -0.0434351 -0.0422238 -0.0410866 -0.0400133 -0.0389544 -0.0379033 -0.036866 -0.035842 -0.0348646 -0.0339065 -0.0329765 -0.0320975 -0.0312897 -0.0305596 -0.0298949 -0.0293056 -0.0287939 -0.0283987 -0.0280842 -0.0278372 -0.027678 -0.0276048 -0.0276118 -0.0276799 -0.0277994 -0.0279712 -0.0282252 -0.0284964 -0.0287918 -0.0291346 -0.0295075 -0.0298919 -0.0302826 -0.030688 -0.031104 -0.0315303 -0.0319308 -0.0323405 -0.0327481 -0.033149 -0.033522 -0.0338913 -0.0342615 -0.0346115 -0.0349254 -0.0352411 -0.0355641 -0.0358403 -0.0361014 -0.0363657 -0.0366182 -0.0368337 -0.0370526 -0.0372541 -0.037446 -0.0376148 -0.0377828 -0.0379347 -0.0380766 -0.0381975 -0.0383258 -0.0384344 -0.0385256 -0.0386162 -0.0387069 -0.0387662 -0.0388273 -0.0388924 -0.0389328 -0.0389613 -0.0390038 -0.0390251 -0.0390278 -0.0390435 -0.0390487 -0.0390275 -0.0390161 -0.0390033 -0.038962 -0.0389215 -0.038889 -0.0388282 -0.0387597 -0.038701 -0.0386233 -0.0385243 -0.0384377 -0.0383358 -0.0382138 -0.0380883 -0.0379633 -0.0378099 -0.0376539 -0.0374872 -0.0373124 -0.0371113 -0.0369087 -0.0366935 -0.0364675 -0.036203 -0.0359482 -0.0356847 -0.0353857 -0.0350568 -0.0347479 -0.0344097 -0.0340316 -0.0336445 -0.0332521 -0.0328267 -0.0323643 -0.031894 -0.0314035 -0.030876 -0.0303013 -0.029725 -0.029108 -0.0284473 -0.0277446 -0.0270114 -0.0262366 -0.0254188 -0.0245346 -0.023605 -0.02265 -0.0216113 -0.020507 -0.0193499 -0.0181388 -0.0168446 -0.0154726 -0.0140142 -0.0124868 -0.0108803 -0.00915422 -0.00732615 -0.00539754 -0.00336861 -0.00120444 0.00109195 0.00352806 0.00609319 0.00878742 0.0116571 0.0146852 0.0178801 0.0212463 0.0247968 0.0285752 0.0326081 0.0369065 0.0414973 0.0464053 0.0516249 0.0571504 0.0628825 0.0686912 0.0744081 0.0797741 0.0845486 0.0884181 0.0910936 0.092355 0.0920107 0.0900385 0.0864906 0.0815573 0.0755775 0.0689354 0.0621445 0.0557084 0.0501288 0.045889 0.0433408 0.0427859 
0 -0.00418835 -0.00857564 -0.0133721 -0.0186303 -0.0243837 -0.0305102 -0.0367858 -0.042976 -0.0487362 -0.0538153 -0.0579717 -0.0610294 -0.0629675 -0.0637845 -0.0636361 -0.0627117 -0.0612004 -0.0593362 -0.0572686 -0.0551576 -0.0531239 -0.0512275 -0.0494971 -0.0479131 -0.0464382 -0.0450498 -0.0437461 -0.0424749 -0.0412283 -0.0399694 -0.0386878 -0.0374402 -0.0361954 -0.0349737 -0.0337709 -0.0326017 -0.0315072 -0.0304941 -0.0295469 -0.0286646 -0.0278999 -0.0272259 -0.0266705 -0.0262014 -0.0258135 -0.0255466 -0.0253758 -0.0252761 -0.0252417 -0.02531 -0.0254316 -0.0256237 -0.0258498 -0.0261181 -0.0264413 -0.0268005 -0.0271679 -0.027553 -0.0279888 -0.0284057 -0.0288255 -0.0292563 -0.0297128 -0.0301351 -0.0305608 -0.0309801 -0.031393 -0.0317887 -0.0321812 -0.0325634 -0.0329152 -0.0332574 -0.0335907 -0.0339242 -0.0342126 -0.0344963 -0.0347663 -0.0350392 -0.035269 -0.0354982 -0.0357083 -0.0359209 -0.0360967 -0.0362728 -0.0364326 -0.0365877 -0.0367121 -0.0368428 -0.0369552 -0.0370536 -0.0371378 -0.0372252 -0.0372856 -0.0373394 -0.0373886 -0.0374248 -0.0374404 -0.0374601 -0.0374643 -0.0374514 -0.0374339 -0.0374124 -0.037366 -0.0373171 -0.0372617 -0.0371894 -0.0371008 -0.0370171 -0.0369096 -0.0367913 -0.0366642 -0.0365329 -0.0363704 -0.0362115 -0.0360356 -0.0358501 -0.0356345 -0.0354273 -0.0351951 -0.0349551 -0.0346803 -0.0344143 -0.0341229 -0.0338233 -0.0334861 -0.03315 -0.0327903 -0.0324253 -0.0320251 -0.0316075 -0.0311718 -0.0307228 -0.0302504 -0.0297503 -0.0292269 -0.0286659 -0.0281027 -0.0275001 -0.0268613 -0.0261778 -0.0254918 -0.0247386 -0.0239407 -0.0231156 -0.0222564 -0.0213189 -0.0203273 -0.0193019 -0.018207 -0.0170613 -0.0158306 -0.0145399 -0.0131847 -0.011761 -0.0102218 -0.00861442 -0.0069386 -0.00515397 -0.00327324 -0.00127077 0.000825059 0.00302306 0.00533763 0.00780234 0.0103778 0.0130687 0.015899 0.0188578 0.0219927 0.0252649 0.0286835 0.0322861 0.0360975 0.0401533 0.044471 0.0490621 0.0539423 0.0591376 0.064582 0.0702024 0.0758418 0.0812806 0.0863193 0.0906379 0.0939606 0.0959967 0.0964742 0.0952839 0.09235 0.0877814 0.0817999 0.0747122 0.0669966 0.0591318 0.0516826 0.0451968 0.0401381 0.036947 0.0358835 
0 -0.00427924 -0.00878907 -0.013674 -0.0190721 -0.0249508 -0.0312082 -0.0376565 -0.043992 -0.0499619 -0.0552547 -0.0596401 -0.0629675 -0.0651277 -0.066184 -0.0662299 -0.0654587 -0.0640816 -0.0622813 -0.0602499 -0.0581281 -0.0560567 -0.0541017 -0.052314 -0.0506529 -0.0490974 -0.0476379 -0.0462169 -0.0448656 -0.0434907 -0.0420918 -0.040681 -0.0392401 -0.0378249 -0.0363957 -0.0349624 -0.033553 -0.0322055 -0.0309115 -0.0296973 -0.0285484 -0.027482 -0.0265537 -0.0257048 -0.0249618 -0.0243186 -0.0237974 -0.0233865 -0.0230773 -0.0228511 -0.0227107 -0.0226782 -0.0227055 -0.0227975 -0.0229549 -0.0231905 -0.0234448 -0.0237445 -0.0240813 -0.0244449 -0.0248423 -0.0252581 -0.0256735 -0.0261004 -0.0265509 -0.0269791 -0.0274208 -0.0278679 -0.0283036 -0.0287042 -0.0291165 -0.0295309 -0.029928 -0.0302843 -0.0306388 -0.0309967 -0.0313306 -0.0316366 -0.0319347 -0.0322231 -0.0324893 -0.0327455 -0.0329812 -0.0332047 -0.0334125 -0.0336109 -0.0337855 -0.0339542 -0.0341039 -0.0342439 -0.0343648 -0.0344789 -0.034572 -0.0346591 -0.0347271 -0.0347867 -0.034828 -0.0348633 -0.0348779 -0.034886 -0.0348766 -0.0348591 -0.0348219 -0.0347796 -0.0347174 -0.0346472 -0.0345591 -0.0344636 -0.0343474 -0.0342254 -0.0340828 -0.0339312 -0.0337619 -0.033584 -0.0333826 -0.0331754 -0.0329482 -0.0327087 -0.0324517 -0.0321817 -0.0318866 -0.0315897 -0.0312765 -0.0309291 -0.0305653 -0.0302085 -0.0298301 -0.0294065 -0.0289701 -0.0285343 -0.0280861 -0.0275855 -0.0270712 -0.026548 -0.0259995 -0.0254051 -0.0248156 -0.0241845 -0.0235056 -0.0228009 -0.0220784 -0.0213065 -0.0204923 -0.0196319 -0.0187151 -0.0177666 -0.0167523 -0.0156806 -0.014545 -0.0133678 -0.0120963 -0.0107469 -0.00933498 -0.00785603 -0.00628086 -0.00461038 -0.00285336 -0.000992432 0.000938059 0.00300843 0.00517965 0.00743757 0.00980382 0.0122871 0.0148917 0.017615 0.0204381 0.023351 0.0264229 0.0296019 0.0329217 0.0363754 0.0399704 0.0437917 0.0478237 0.0521082 0.0566424 0.0614475 0.0665236 0.0718244 0.0772399 0.082588 0.0876814 0.0922382 0.0960081 0.0986692 0.0999233 0.0995629 0.0974054 0.0934704 0.087845 0.0807617 0.072598 0.0637769 0.0548668 0.0464258 0.0390202 0.0331855 0.0293175 0.0277444 
0 -0.00430226 -0.00881503 -0.013737 -0.0191397 -0.0250436 -0.0313317 -0.0378014 -0.0442133 -0.0502639 -0.0556949 -0.0602627 -0.0637845 -0.066184 -0.0674605 -0.0677259 -0.0671582 -0.0659411 -0.0642809 -0.0623451 -0.060285 -0.0582522 -0.0563162 -0.054529 -0.0528738 -0.0513139 -0.0498445 -0.04843 -0.0470541 -0.0456662 -0.0442346 -0.0427558 -0.0412436 -0.0397108 -0.0381487 -0.0365656 -0.0349829 -0.033432 -0.0319246 -0.0304676 -0.0290511 -0.0277269 -0.0264975 -0.0253638 -0.0243442 -0.0234117 -0.022606 -0.02192 -0.0213316 -0.0208467 -0.0204872 -0.0202151 -0.0200465 -0.0199581 -0.0199318 -0.019997 -0.0201213 -0.0203022 -0.020532 -0.0208154 -0.0211194 -0.021462 -0.0218238 -0.0222265 -0.022634 -0.0230476 -0.0234757 -0.0239006 -0.0243248 -0.0247643 -0.025196 -0.0255895 -0.025998 -0.0263981 -0.0267877 -0.0271485 -0.0275054 -0.0278399 -0.0281792 -0.0284826 -0.0287783 -0.0290569 -0.0293259 -0.029568 -0.0298095 -0.030021 -0.0302227 -0.0304137 -0.0305863 -0.030734 -0.0308831 -0.0310103 -0.0311138 -0.0312132 -0.0313004 -0.0313585 -0.0314102 -0.031455 -0.0314707 -0.0314746 -0.0314752 -0.0314507 -0.0314064 -0.031362 -0.0312965 -0.0312064 -0.0311143 -0.0310071 -0.0308726 -0.0307306 -0.0305812 -0.0304008 -0.0302123 -0.0300123 -0.0297918 -0.0295508 -0.0293072 -0.0290315 -0.02875 -0.0284512 -0.0281364 -0.0277914 -0.0274486 -0.0270778 -0.0267019 -0.0262879 -0.0258619 -0.0254272 -0.0249878 -0.0244914 -0.0239899 -0.0234776 -0.0229403 -0.0223755 -0.0217905 -0.0211685 -0.0205208 -0.0198538 -0.0191465 -0.0184101 -0.017619 -0.0167999 -0.0159287 -0.0150089 -0.0140414 -0.0130321 -0.0119316 -0.010778 -0.00956349 -0.00826759 -0.00690735 -0.00545416 -0.00391422 -0.00229586 -0.0005795 0.00125563 0.00316639 0.00518249 0.00729768 0.00952649 0.011874 0.0143085 0.0168415 0.0194774 0.022224 0.0250592 0.0279765 0.0309816 0.0340971 0.0373207 0.0406509 0.0440842 0.0476548 0.0514138 0.0553719 0.0595654 0.0639832 0.0686444 0.0735489 0.0786158 0.0837387 0.0887193 0.0933342 0.0973427 0.100446 0.102353 0.102777 0.101478 0.0983501 0.0933754 0.0866867 0.0785462 0.0692988 0.0594483 0.0495265 0.0401401 0.0318914 0.02529 0.0208082 0.0187292 
0 -0.00424849 -0.00870746 -0.0135698 -0.0189099 -0.0247455 -0.0309639 -0.0373752 -0.0437492 -0.0498018 -0.0552847 -0.059957 -0.0636361 -0.0662299 -0.0677259 -0.0682188 -0.0678677 -0.0668493 -0.065357 -0.0635567 -0.0616053 -0.0596567 -0.0577914 -0.0560719 -0.0544837 -0.0529981 -0.0516062 -0.0502621 -0.0489542 -0.0476231 -0.0462391 -0.0447988 -0.0432983 -0.0417556 -0.0401578 -0.0385102 -0.0368345 -0.0351556 -0.0334863 -0.0318481 -0.0302329 -0.0286811 -0.0272017 -0.0257919 -0.0244835 -0.0232569 -0.0221483 -0.0211563 -0.0202735 -0.0195041 -0.018854 -0.0183012 -0.017866 -0.0175347 -0.0172893 -0.0171501 -0.0170764 -0.0170839 -0.0171579 -0.0172899 -0.0174742 -0.017723 -0.0179912 -0.0182979 -0.0186339 -0.0189907 -0.0193758 -0.0197651 -0.0201597 -0.0205656 -0.0209731 -0.0213653 -0.0217805 -0.02217 -0.0225459 -0.0229185 -0.023293 -0.0236341 -0.0239728 -0.0242893 -0.0246021 -0.024895 -0.0251681 -0.0254256 -0.0256826 -0.0259044 -0.0261135 -0.0263228 -0.0265028 -0.0266578 -0.0268192 -0.0269576 -0.0270616 -0.027172 -0.0272672 -0.0273263 -0.0273804 -0.0274344 -0.0274467 -0.0274501 -0.0274542 -0.0274278 -0.0273751 -0.0273329 -0.027262 -0.0271618 -0.0270642 -0.0269538 -0.0268034 -0.0266534 -0.0264966 -0.0263022 -0.0260974 -0.0258919 -0.0256543 -0.0253955 -0.0251397 -0.0248551 -0.0245513 -0.0242345 -0.0239063 -0.023554 -0.0231917 -0.0227966 -0.0224044 -0.0219896 -0.0215504 -0.0210899 -0.020629 -0.020126 -0.0196202 -0.0190912 -0.0185296 -0.0179425 -0.0173429 -0.0167067 -0.0160453 -0.015345 -0.0146 -0.0138349 -0.0130165 -0.0121548 -0.0112465 -0.0102824 -0.00924982 -0.00817281 -0.0070116 -0.00579151 -0.00449365 -0.00310183 -0.00162839 -5.78056e-05 0.00161059 0.00337053 0.00523649 0.00722288 0.00930101 0.0115001 0.0137965 0.0162042 0.0187183 0.0213125 0.0239996 0.0267748 0.0296372 0.0325717 0.035564 0.0386138 0.0417453 0.0449457 0.0482295 0.0515965 0.0550782 0.0587315 0.0625607 0.066602 0.0708446 0.0752965 0.0799479 0.0847089 0.0894552 0.0939815 0.0980543 0.101424 0.103799 0.104889 0.104422 0.102172 0.0980497 0.0920607 0.0843526 0.0752035 0.0649726 0.0541695 0.0433427 0.0331107 0.0240911 0.0168115 0.0117512 0.00920523 
0 -0.00415549 -0.00852799 -0.013267 -0.0184882 -0.0241758 -0.0302365 -0.0365112 -0.0427524 -0.0487363 -0.0541995 -0.058914 -0.0627117 -0.0654587 -0.0671582 -0.0678677 -0.067729 -0.0669184 -0.0656015 -0.0639555 -0.0621363 -0.0602962 -0.0585258 -0.0569012 -0.0554075 -0.0540352 -0.0527763 -0.0515619 -0.0504061 -0.0492179 -0.0479765 -0.0466792 -0.0452821 -0.0438271 -0.0422857 -0.0406704 -0.0389985 -0.0372893 -0.0355424 -0.0337941 -0.0320474 -0.0303097 -0.0286295 -0.0269813 -0.0254167 -0.0239251 -0.0225243 -0.0212172 -0.0200187 -0.0189434 -0.0179695 -0.0171189 -0.016381 -0.0157649 -0.0152484 -0.0148492 -0.0145274 -0.0143195 -0.0142031 -0.0141368 -0.0141522 -0.0142452 -0.014382 -0.0145549 -0.0147926 -0.0150516 -0.0153504 -0.0156578 -0.0159963 -0.0163518 -0.0167118 -0.0170666 -0.0174483 -0.0178178 -0.0181706 -0.0185344 -0.0188911 -0.0192305 -0.0195552 -0.0198763 -0.0201822 -0.0204803 -0.0207436 -0.0210116 -0.0212658 -0.0214929 -0.0216975 -0.0219181 -0.0220944 -0.0222547 -0.0224161 -0.0225618 -0.0226617 -0.0227785 -0.0228733 -0.0229349 -0.0229869 -0.0230458 -0.0230543 -0.0230589 -0.0230615 -0.0230357 -0.0229773 -0.0229371 -0.0228609 -0.0227586 -0.0226556 -0.0225459 -0.0223855 -0.0222352 -0.0220719 -0.0218754 -0.0216589 -0.0214567 -0.0212087 -0.0209477 -0.0206814 -0.0204015 -0.0200848 -0.0197703 -0.0194322 -0.0190835 -0.0187115 -0.0183239 -0.0179222 -0.0175101 -0.0170664 -0.0166134 -0.0161491 -0.0156486 -0.0151389 -0.0146091 -0.014051 -0.0134619 -0.0128584 -0.0122084 -0.0115439 -0.0108236 -0.0100692 -0.00928276 -0.00844435 -0.0075325 -0.00659106 -0.00558953 -0.00450231 -0.0033578 -0.00213076 -0.000828078 0.00057559 0.0020651 0.00366336 0.00535469 0.00716461 0.00908488 0.0111243 0.0132709 0.0155239 0.017904 0.0203642 0.0229443 0.0256075 0.0283493 0.0311707 0.0340563 0.0369918 0.0399802 0.0430026 0.0460455 0.0491552 0.0522824 0.0554739 0.0587272 0.0620587 0.0655458 0.0691776 0.0729986 0.0770011 0.0811814 0.0855094 0.0898966 0.0941921 0.0981864 0.101656 0.104318 0.10592 0.106162 0.104787 0.101615 0.0965306 0.0895968 0.0809534 0.0708824 0.0597841 0.0481305 0.036519 0.0255593 0.0158713 0.00802573 0.00246415 -0.000475544 
0 -0.00405243 -0.00828797 -0.0129083 -0.0179501 -0.0234543 -0.0293194 -0.0353722 -0.0414482 -0.0472752 -0.0526559 -0.0573626 -0.0612004 -0.0640816 -0.0659411 -0.0668493 -0.0669184 -0.0662936 -0.0651485 -0.0636483 -0.0619546 -0.0602155 -0.0585532 -0.0570103 -0.0556364 -0.0544025 -0.0532854 -0.0522762 -0.0512883 -0.0503161 -0.0492974 -0.0482012 -0.0470277 -0.0457452 -0.0443634 -0.0428829 -0.0413199 -0.0396579 -0.0379435 -0.0361706 -0.034359 -0.0325501 -0.0307102 -0.028895 -0.0271224 -0.0253984 -0.0237259 -0.0221395 -0.0206297 -0.0192309 -0.0179539 -0.0167561 -0.0156968 -0.0147669 -0.0139527 -0.0132368 -0.0126534 -0.0121799 -0.0118107 -0.0115303 -0.0113336 -0.0112264 -0.0111886 -0.0112214 -0.0112919 -0.0114348 -0.01162 -0.011826 -0.0120523 -0.0123492 -0.0126455 -0.0129301 -0.0132422 -0.0135826 -0.0139083 -0.0142232 -0.0145467 -0.0148665 -0.0151795 -0.0154703 -0.0157666 -0.0160438 -0.0163054 -0.0165537 -0.0168067 -0.0170156 -0.0172245 -0.0174276 -0.0176081 -0.0177544 -0.01792 -0.0180518 -0.0181592 -0.0182624 -0.0183625 -0.0184145 -0.0184729 -0.0185193 -0.0185362 -0.0185317 -0.0185395 -0.0185046 -0.0184557 -0.0184047 -0.0183363 -0.018227 -0.0181325 -0.0180129 -0.0178641 -0.0177055 -0.0175523 -0.0173493 -0.0171453 -0.0169347 -0.0167015 -0.0164359 -0.0161843 -0.0158991 -0.0155971 -0.0152843 -0.0149674 -0.0146117 -0.0142504 -0.0138812 -0.0135018 -0.0130803 -0.0126437 -0.0122206 -0.0117725 -0.0112682 -0.0107563 -0.0102573 -0.00969898 -0.00910736 -0.0084999 -0.0078684 -0.00716949 -0.00644629 -0.00568324 -0.00487439 -0.00398924 -0.00305598 -0.00206548 -0.00100115 0.000136038 0.00136719 0.00268085 0.00408212 0.00558457 0.00722374 0.00893888 0.0107766 0.0127487 0.0148346 0.0170385 0.0193576 0.0217828 0.0243156 0.026963 0.0296662 0.0324624 0.035323 0.0382301 0.0411826 0.0441554 0.0471443 0.0501391 0.0531474 0.0561387 0.0591555 0.0621833 0.0652435 0.0683922 0.0716276 0.0750163 0.0785594 0.08226 0.0861135 0.0900642 0.094013 0.097804 0.101229 0.104033 0.105984 0.10678 0.106169 0.103918 0.0998236 0.0938648 0.086048 0.0765678 0.0657205 0.0538596 0.0415353 0.0292762 0.0177309 0.00753301 -0.000794695 -0.00673458 -0.0100096 
0 -0.00395244 -0.00809874 -0.012556 -0.0174395 -0.0227218 -0.0283366 -0.0341551 -0.0399731 -0.0456158 -0.0508509 -0.0554808 -0.0593362 -0.0622813 -0.0642809 -0.065357 -0.0656015 -0.0651485 -0.064154 -0.0627761 -0.0611894 -0.0595392 -0.0579395 -0.0564862 -0.055194 -0.0540875 -0.0531444 -0.052309 -0.0515578 -0.050822 -0.0500668 -0.0492634 -0.0483616 -0.0473461 -0.0462158 -0.0449619 -0.0435868 -0.0420981 -0.0404799 -0.0387792 -0.0370185 -0.0351811 -0.0333022 -0.0313866 -0.0294646 -0.0275692 -0.0256938 -0.0238445 -0.022075 -0.0203993 -0.0187931 -0.0172898 -0.0158946 -0.0146296 -0.0134949 -0.0124783 -0.0115714 -0.010805 -0.0101657 -0.009607 -0.00916457 -0.00884312 -0.00860694 -0.00842019 -0.0083279 -0.00830851 -0.00834425 -0.00842198 -0.00855632 -0.00872108 -0.00890604 -0.00912868 -0.00938437 -0.0096437 -0.00989165 -0.0101689 -0.0104565 -0.0107392 -0.0109963 -0.0112679 -0.0115355 -0.0117945 -0.0120218 -0.0122609 -0.012485 -0.0126899 -0.0128753 -0.0130698 -0.0132306 -0.0133787 -0.0135214 -0.0136511 -0.0137479 -0.0138488 -0.013932 -0.0139905 -0.0140373 -0.0140816 -0.0140925 -0.0140944 -0.0140891 -0.0140611 -0.0140101 -0.013962 -0.0138874 -0.0137924 -0.0136916 -0.0135798 -0.0134333 -0.0132881 -0.0131286 -0.0129446 -0.0127426 -0.0125471 -0.0123158 -0.0120719 -0.0118213 -0.0115643 -0.0112677 -0.0109716 -0.0106642 -0.0103482 -0.00999548 -0.00963814 -0.00926856 -0.00889336 -0.00848173 -0.00805376 -0.00760753 -0.00714936 -0.00666349 -0.00614678 -0.00559837 -0.00501615 -0.00440737 -0.00376309 -0.00307636 -0.00231728 -0.00152305 -0.000683409 0.000226782 0.00122543 0.00227047 0.00340011 0.00464312 0.00597514 0.00738688 0.00891245 0.0105679 0.0123347 0.0142293 0.0162308 0.0183611 0.0206287 0.0230025 0.0254693 0.0280588 0.0307503 0.0335087 0.0363398 0.0392094 0.0421281 0.0450849 0.0480361 0.0509788 0.0539119 0.0568189 0.0596931 0.0625377 0.0653435 0.0681508 0.0709817 0.0738519 0.0768196 0.079897 0.0831157 0.0864844 0.0899631 0.0935009 0.0969819 0.100238 0.103059 0.105204 0.106404 0.106412 0.104968 0.101852 0.0969385 0.0901479 0.0815734 0.0713831 0.0598588 0.0474262 0.034539 0.0218069 0.00983638 -0.000762461 -0.00939331 -0.0156392 -0.0191357 
