0 0 0 0 0 0 0 0 0 0 0 0 0 0 0 0 0 0 0 0 0 0 0 0 0 0 0 0 0 0 0 0 0 0 0 0 0 0 0 0 0 0 0 0 0 0 0 0 0 0 0 0 0 0 0 0 0 0 0 0 0 0 0 0 0 0 0 0 0 0 0 0 0 0 0 0 0 0 0 0 0 0 0 0 0 0 0 0 0 0 0 0 0 0 0 0 0 0 0 0 0 0 0 0 0 0 0 0 0 0 0 0 0 0 0 0 0 0 0 0 0 0 0 0 0 0 0 0 0 0 0 0 0 0 0 0 0 0 0 0 0 0 0 0 0 0 0 0 0 0 0 0 0 0 0 0 0 0 0 0 0 0 0 0 0 0 0 0 0 0 0 0 0 0 0 0 0 0 0 0 0 0 0 0 0 0 0 0 0 0 0 0 0 0 0 0 0 0 0 0 
0 0.00100881 0.00200402 0.00300451 0.00396135 0.00488937 0.00575032 0.00650924 0.00716827 0.00766601 0.00801912 0.00820611 0.00822139 0.0081056 0.00784831 0.00751171 0.00713067 0.006749 0.00643656 0.00621185 0.0061115 0.00613587 0.00627421 0.00651372 0.00683075 0.0071981 0.00757747 0.00794466 0.00826286 0.00852796 0.00874097 0.00888852 0.00898287 0.00901825 0.00899709 0.00894629 0.00886709 0.0087527 0.00861511 0.00844648 0.00825089 0.00805768 0.00784019 0.00759926 0.00735802 0.00709474 0.00682942 0.00655953 0.0062687 0.00597523 0.00569484 0.00540665 0.00510819 0.0048137 0.00451759 0.00423368 0.00394747 0.003668 0.00338604 0.00311297 0.00284951 0.00258417 0.00232272 0.00208347 0.0018477 0.00159024 0.00136102 0.00114964 0.00093609 0.000710596 0.000507085 0.000313236 0.000130029 -6.43666e-05 -0.000245857 -0.000409479 -0.000572656 -0.000739892 -0.000887977 -0.00102672 -0.00117334 -0.00130338 -0.00142489 -0.00154324 -0.00166064 -0.00175856 -0.0018598 -0.00194895 -0.00203695 -0.00210976 -0.00218407 -0.00224402 -0.00230673 -0.00235063 -0.00239732 -0.00243217 -0.00246537 -0.00248053 -0.00250352 -0.0025093 -0.00251206 -0.0025036 -0.00249939 -0.00247359 -0.00245138 -0.00241745 -0.00238201 -0.00232952 -0.00228211 -0.00221836 -0.00215541 -0.002077 -0.00199999 -0.00191033 -0.00182001 -0.00171163 -0.0016093 -0.00149477 -0.00137007 -0.00123878 -0.00111312 -0.000964661 -0.000810458 -0.000663517 -0.00050368 -0.000324989 -0.000147632 2.49385e-05 0.000214648 0.000414793 0.000628032 0.000826038 0.00103503 0.00126633 0.00150921 0.00173007 0.00197368 0.00223075 0.00248564 0.00274345 0.00301915 0.00329941 0.0035749 0.00385711 0.00415056 0.00445686 0.00475324 0.00505812 0.00535844 0.00566374 0.0059801 0.00628715 0.00658222 0.00689035 0.00719243 0.0074737 0.00776077 0.00803107 0.00829775 0.00856469 0.00880315 0.0090262 0.00924596 0.00945346 0.00965207 0.00984288 0.0100177 0.0101975 0.0103895 0.0105841 0.0107913 0.0110044 0.011223 0.0114429 0.0116393 0.01178 0.0118308 0.0117692 0.0115609 0.0112054 0.010685 0.00999824 0.00918584 0.00825599 0.00728423 0.00631319 0.00538074 0.0045542 0.00382741 0.00324433 0.00280188 0.00248297 0.00229797 0.00219042 0.00215302 0.00214545 0.00212918 0.00210204 0.00202159 0.00189706 
0 0.00200402 0.00400804 0.00597337 0.007901 0.00974517 0.0114487 0.0129859 0.0142671 0.0152714 0.0159634 0.0163052 0.0163494 0.0160755 0.0155628 0.0148828 0.0140907 0.0133411 0.0126826 0.0122198 0.012003 0.0120158 0.0122764 0.0127319 0.0133433 0.0140552 0.0148046 0.0155004 0.0161277 0.0166408 0.0170298 0.0173427 0.0175038 0.0175788 0.0175482 0.0174293 0.0172734 0.0170439 0.016766 0.016427 0.0160708 0.0156706 0.0152531 0.0147895 0.0142878 0.0137846 0.0132683 0.0127437 0.0121749 0.011628 0.0110524 0.0104904 0.00992742 0.00934847 0.00878409 0.00824446 0.00769025 0.00711609 0.00659979 0.00607419 0.00556616 0.00505189 0.00455953 0.00407094 0.00361123 0.00315305 0.00271126 0.00227481 0.00184453 0.00145047 0.00105508 0.000672166 0.000295679 -5.36142e-05 -0.000408058 -0.000721726 -0.00105188 -0.00136175 -0.00165242 -0.00191741 -0.00220495 -0.00245338 -0.00268902 -0.00291773 -0.0031424 -0.00333536 -0.00352618 -0.00370323 -0.00386699 -0.00401467 -0.00415009 -0.00427416 -0.00438596 -0.00448016 -0.0045605 -0.00463735 -0.00469104 -0.0047311 -0.00476432 -0.00478593 -0.00478086 -0.00477509 -0.00475571 -0.00471688 -0.00466354 -0.00460793 -0.00452948 -0.00443805 -0.00433689 -0.00422279 -0.00409263 -0.00394895 -0.00379337 -0.00362624 -0.00344601 -0.00324131 -0.00304009 -0.00282081 -0.00258002 -0.00232372 -0.00208136 -0.00179492 -0.00150454 -0.00120544 -0.000900621 -0.000557356 -0.000233225 0.000128334 0.00049735 0.000877487 0.00125366 0.00167039 0.0020929 0.00252838 0.00295984 0.00340936 0.0038967 0.0043813 0.00487419 0.00537421 0.00589781 0.00642171 0.00699221 0.00752913 0.00808752 0.00867092 0.00925742 0.0098272 0.0104269 0.0110368 0.0116275 0.0122285 0.0128028 0.0134005 0.0139831 0.014567 0.0151078 0.0156419 0.0161738 0.0166758 0.0171562 0.0176042 0.0180424 0.0184498 0.0188658 0.0192224 0.0195821 0.0199567 0.0203269 0.0207551 0.0211745 0.0216174 0.0220773 0.0225269 0.02293 0.0232323 0.0233535 0.0232408 0.0228696 0.0221624 0.0211551 0.0198155 0.0181922 0.0163906 0.0144569 0.0125522 0.0107359 0.00909113 0.00769406 0.0065403 0.0056773 0.00507072 0.0046936 0.0045073 0.00443306 0.00442554 0.00441647 0.00435786 0.00422177 0.00397751 
0 0.00300451 0.00597337 0.00893315 0.0117856 0.0145291 0.0170698 0.019316 0.0212344 0.0226943 0.0237027 0.0242125 0.0242229 0.0238154 0.0230073 0.0219493 0.0207536 0.019565 0.0185573 0.0178153 0.017432 0.0174132 0.0177391 0.0183646 0.0192234 0.0202348 0.0212912 0.0223114 0.0232045 0.0239457 0.0245311 0.0249416 0.0251889 0.0252727 0.0252027 0.0250359 0.0247906 0.0244508 0.0240418 0.0235517 0.0229982 0.0224341 0.0218149 0.0211385 0.0204464 0.0197126 0.0189696 0.0182127 0.0174092 0.0166016 0.015816 0.0150192 0.0142036 0.013391 0.0125831 0.011803 0.0110198 0.0102475 0.00948285 0.00873761 0.00801513 0.00729211 0.00658296 0.0059214 0.00527213 0.00458872 0.00396092 0.00337429 0.00278783 0.00218846 0.00163109 0.00110077 0.000593991 7.38467e-05 -0.000419131 -0.000868908 -0.00131609 -0.00176462 -0.00217012 -0.00255179 -0.00294554 -0.00330132 -0.0036333 -0.00395595 -0.00427059 -0.00454322 -0.00481433 -0.00505968 -0.00529514 -0.00549806 -0.00569495 -0.00586286 -0.00602745 -0.00615246 -0.00627442 -0.00637277 -0.00645769 -0.00650546 -0.0065608 -0.00658083 -0.00658447 -0.00656592 -0.0065471 -0.00648333 -0.00641755 -0.00632869 -0.00622696 -0.00608961 -0.00595427 -0.00578552 -0.00560841 -0.00539938 -0.00518538 -0.00494401 -0.00469247 -0.00440332 -0.00411915 -0.00380724 -0.00346766 -0.00311203 -0.0027621 -0.0023614 -0.00194425 -0.00153655 -0.00109884 -0.000616805 -0.000136175 0.000343904 0.000862154 0.00140723 0.00197656 0.00252868 0.00310697 0.00373419 0.004383 0.00500051 0.00566807 0.00636677 0.00706456 0.0077743 0.00852445 0.00928811 0.0100518 0.0108272 0.0116314 0.0124664 0.0132881 0.0141217 0.0149563 0.0158054 0.0166741 0.0175257 0.0183546 0.0192104 0.0200541 0.0208586 0.0216624 0.0224353 0.0231996 0.0239566 0.0246518 0.0253094 0.0259558 0.0265751 0.0271773 0.0277542 0.0283054 0.0288753 0.0294811 0.0301135 0.0307825 0.0314774 0.0321939 0.032911 0.0335574 0.0340434 0.0342667 0.0341537 0.0336202 0.0326387 0.0311764 0.0292316 0.0269009 0.0242481 0.0214561 0.0186679 0.016004 0.0136278 0.0115661 0.00991122 0.00866757 0.00779718 0.00729713 0.00704062 0.00697656 0.00699669 0.00700032 0.00695217 0.00675582 0.00641711 
0 0.00396135 0.007901 0.0117856 0.0155655 0.0191709 0.0225017 0.0254667 0.0279469 0.0298565 0.0311404 0.0317518 0.0317316 0.0311118 0.029998 0.0285396 0.0268853 0.0252656 0.0238452 0.0227865 0.0221914 0.0220661 0.0224083 0.0231466 0.0241963 0.0254503 0.0267805 0.0280474 0.0291773 0.0301078 0.0308237 0.0313506 0.0316395 0.0317369 0.0316459 0.0314079 0.0310756 0.0306281 0.0300876 0.0294514 0.0287641 0.0280255 0.0272418 0.026392 0.0254939 0.0245776 0.0236476 0.0226993 0.0217014 0.0207143 0.0197146 0.0187236 0.0177279 0.0167222 0.0157359 0.0147813 0.0138178 0.0128456 0.0119259 0.0110171 0.0101312 0.00924554 0.0083867 0.0075538 0.00675204 0.00595222 0.00518472 0.00443961 0.00370715 0.00300711 0.00232498 0.00166693 0.00102645 0.000409797 -0.000192931 -0.00074717 -0.00130599 -0.0018434 -0.00234451 -0.00281375 -0.00329468 -0.00373031 -0.00413944 -0.00453443 -0.00491584 -0.00525592 -0.0055832 -0.00588747 -0.00617055 -0.00642542 -0.00665959 -0.00687205 -0.007065 -0.00722643 -0.00736799 -0.00749458 -0.00759016 -0.00765848 -0.00771561 -0.0077475 -0.00774502 -0.00772989 -0.00769598 -0.00762758 -0.00753855 -0.00743591 -0.00730302 -0.00714315 -0.00696823 -0.0067684 -0.00654359 -0.00629362 -0.00602518 -0.00573339 -0.00541848 -0.00506996 -0.0047161 -0.0043336 -0.0039179 -0.00348097 -0.00304626 -0.00255791 -0.0020524 -0.00153711 -0.00100073 -0.000416394 0.000162754 0.000776126 0.00141441 0.00207505 0.0027461 0.00345288 0.00418077 0.00493684 0.00570122 0.00648221 0.00731356 0.00816098 0.00901876 0.00989223 0.0108032 0.0117309 0.0126974 0.0136486 0.0146308 0.0156493 0.0166719 0.0176889 0.0187367 0.0198032 0.020863 0.0219244 0.0229639 0.0240301 0.025087 0.0261289 0.0271317 0.0281194 0.0291004 0.030051 0.0309592 0.031824 0.0326723 0.033491 0.034304 0.0350648 0.0358254 0.0366186 0.0374472 0.0383534 0.0392916 0.0402772 0.0412982 0.0423079 0.0432267 0.0439404 0.044311 0.044233 0.0436254 0.0423999 0.0405581 0.0380888 0.0350861 0.0317055 0.0281091 0.0245333 0.0211354 0.0180789 0.0154753 0.0133725 0.0118123 0.0107541 0.0101444 0.0098848 0.00985254 0.00993163 0.0100022 0.00997577 0.00977886 0.00937191 
0 0.00488937 0.00974517 0.0145291 0.0191709 0.0235868 0.0276611 0.0312661 0.0342726 0.0365681 0.0380807 0.0387695 0.0386597 0.0378133 0.036351 0.0344511 0.032319 0.0302086 0.0283447 0.0269172 0.0260474 0.0257644 0.0260515 0.0268331 0.0280047 0.0294341 0.0309656 0.0324456 0.0337658 0.0348588 0.035702 0.0362986 0.0366291 0.0367182 0.0365897 0.0362923 0.0358725 0.0353279 0.0346722 0.0339139 0.0330889 0.0322145 0.0312877 0.0302986 0.0292629 0.0282045 0.0271308 0.0260356 0.0249035 0.023772 0.0226451 0.021523 0.0203952 0.0192626 0.0181512 0.0170677 0.0159886 0.0149126 0.0138713 0.0128516 0.0118542 0.0108668 0.00990599 0.00898092 0.00807816 0.0071813 0.00631856 0.00549199 0.00467971 0.00388764 0.00312117 0.00238831 0.00167662 0.000981828 0.000310718 -0.000318012 -0.000936999 -0.00153723 -0.00209962 -0.00263302 -0.00316063 -0.00365253 -0.00411248 -0.0045553 -0.00497699 -0.00536348 -0.00572738 -0.00606866 -0.00638402 -0.00667102 -0.006932 -0.00717054 -0.00738398 -0.0075665 -0.00772488 -0.00786405 -0.00797076 -0.00804951 -0.00811027 -0.00814423 -0.00814383 -0.00812539 -0.00808385 -0.00800894 -0.00790895 -0.00779084 -0.00764124 -0.00746322 -0.0072642 -0.00703995 -0.00678614 -0.00650636 -0.00620339 -0.00587564 -0.00551876 -0.0051326 -0.00473016 -0.00429935 -0.00383355 -0.00334775 -0.00284842 -0.00230525 -0.00173807 -0.00115955 -0.000551639 9.85827e-05 0.000757208 0.00143921 0.00215387 0.00289985 0.00366151 0.00444597 0.00525858 0.00610933 0.0069749 0.0078554 0.00877743 0.00972888 0.0106937 0.0116807 0.0127048 0.0137531 0.0148251 0.0159033 0.0170161 0.0181633 0.0193194 0.020477 0.0216599 0.0228658 0.0240792 0.0252898 0.0264927 0.0277151 0.0289345 0.0301363 0.0313112 0.0324746 0.0336319 0.0347655 0.0358544 0.0369042 0.0379372 0.0389535 0.0399605 0.0409388 0.0419238 0.0429534 0.044048 0.0452273 0.0464719 0.0477811 0.0491369 0.0504835 0.0517164 0.0526943 0.0532569 0.0532701 0.0526262 0.0512387 0.0490848 0.046177 0.0426231 0.038601 0.0343308 0.0300689 0.0260305 0.0224073 0.0193315 0.0168796 0.0150825 0.013905 0.0132729 0.0130628 0.0131319 0.0133278 0.0135089 0.0135633 0.0133988 0.0129677 
0 0.00575032 0.0114487 0.0170698 0.0225017 0.0276611 0.032411 0.0365784 0.0400491 0.0426609 0.04434 0.0450551 0.0447979 0.0436877 0.0418369 0.0394612 0.0368276 0.0341882 0.031847 0.0300026 0.0287993 0.0282989 0.0284631 0.0292222 0.0304506 0.0319929 0.0336634 0.0353099 0.0367762 0.0379991 0.0389525 0.0395957 0.0399678 0.0400481 0.0398878 0.039545 0.0390456 0.038419 0.0376685 0.0368211 0.0358866 0.0349174 0.0338833 0.0327942 0.0316717 0.0305171 0.0293532 0.0281672 0.0269673 0.0257462 0.0245567 0.023363 0.0221648 0.0209781 0.0198098 0.0186606 0.0175266 0.016418 0.0153123 0.0142492 0.0132022 0.012176 0.0111663 0.0102052 0.00925777 0.0083195 0.00741375 0.00655072 0.00570803 0.0048671 0.00406648 0.00329709 0.00255614 0.00181892 0.00112332 0.000450824 -0.000190743 -0.000821863 -0.00141218 -0.00198262 -0.00252422 -0.00304614 -0.00353144 -0.00399696 -0.00443469 -0.00484579 -0.00522677 -0.00558449 -0.0059154 -0.00621646 -0.00649192 -0.00674051 -0.00696382 -0.00715518 -0.00732422 -0.00746398 -0.00757859 -0.0076612 -0.00772377 -0.00775405 -0.00775963 -0.00773521 -0.00768979 -0.00761015 -0.00750766 -0.00737627 -0.00722079 -0.00703227 -0.00682165 -0.00658228 -0.0063158 -0.00601935 -0.00569962 -0.005352 -0.00497367 -0.0045704 -0.00414123 -0.00368468 -0.00319453 -0.00268705 -0.00214773 -0.00158174 -0.000982019 -0.000372137 0.000276598 0.000951379 0.00165925 0.00237118 0.00312482 0.00390897 0.0047241 0.00554033 0.00639575 0.00728942 0.00820771 0.00913493 0.0100957 0.0110994 0.0121135 0.0131539 0.0142277 0.0153404 0.01645 0.0175993 0.0187759 0.0199824 0.0212008 0.0224418 0.0236947 0.0249735 0.0262802 0.0275726 0.0288801 0.0301987 0.0315292 0.0328348 0.0341416 0.0354337 0.0367208 0.0380019 0.0392382 0.0404517 0.0416512 0.0428549 0.0440407 0.0452411 0.0464545 0.0477304 0.0491168 0.0505873 0.0521733 0.0538402 0.0555635 0.0572803 0.0588602 0.060136 0.060933 0.0610907 0.0604634 0.0589877 0.056596 0.0533384 0.0493417 0.0447829 0.0399652 0.0351376 0.0305782 0.0265135 0.0230727 0.0203829 0.0184465 0.0172362 0.016668 0.0165765 0.0168174 0.0171958 0.0175487 0.0177516 0.0176808 0.0172898 
0 0.00650924 0.0129859 0.019316 0.0254667 0.0312661 0.0365784 0.0412503 0.0450667 0.0479376 0.0497131 0.0503691 0.0499454 0.0484947 0.0462349 0.0433622 0.0401798 0.0370157 0.0341476 0.0318523 0.0302742 0.0294899 0.0294771 0.0301547 0.0313792 0.0329727 0.034751 0.0364984 0.0380962 0.0394326 0.0404575 0.0411804 0.0415719 0.0416653 0.0415052 0.0411241 0.040573 0.0398933 0.0390768 0.0381645 0.0371956 0.0361472 0.0350644 0.033937 0.0327543 0.0315705 0.0303753 0.0291597 0.0279428 0.026729 0.0255061 0.0243026 0.0231131 0.0219279 0.0207679 0.0196279 0.0185047 0.0173848 0.0163069 0.0152558 0.0142163 0.0132005 0.0122178 0.0112419 0.0102924 0.00939579 0.00850178 0.00761961 0.00676743 0.00596147 0.00516584 0.00439214 0.00363276 0.00291968 0.00222658 0.00155033 0.000899063 0.00028511 -0.000311991 -0.000883779 -0.0014219 -0.00194113 -0.00243118 -0.00289428 -0.00332756 -0.00374303 -0.00412028 -0.00448035 -0.00480529 -0.00511095 -0.00538119 -0.00563455 -0.00584776 -0.00604774 -0.00620973 -0.00635195 -0.00645855 -0.00655173 -0.00660143 -0.00663663 -0.00663741 -0.00661848 -0.00655947 -0.0064897 -0.00637914 -0.00624977 -0.00608573 -0.00590543 -0.00568363 -0.00544803 -0.00517449 -0.00488182 -0.00455411 -0.0042079 -0.00382294 -0.00342287 -0.0029865 -0.00252616 -0.00203759 -0.00152595 -0.000977593 -0.000412179 0.000180324 0.000811132 0.00146142 0.00213043 0.00283088 0.0035713 0.00432574 0.0051042 0.00589791 0.00674453 0.00761477 0.00849255 0.0093853 0.0103386 0.0113063 0.0122908 0.0133091 0.0143518 0.0154136 0.0165116 0.0176457 0.0187896 0.0199614 0.0211609 0.0223922 0.0236318 0.0249087 0.0262137 0.0275189 0.0288449 0.0301926 0.0315455 0.0329178 0.0343051 0.0356643 0.0370399 0.0384218 0.0397787 0.0411417 0.0424889 0.043829 0.0451898 0.0465609 0.0479474 0.0493989 0.0509402 0.0525987 0.0544112 0.0563422 0.0583914 0.0605156 0.0626143 0.064563 0.0661659 0.0672298 0.067562 0.0670254 0.0654996 0.0629567 0.059448 0.0550851 0.0501434 0.0448772 0.0396226 0.0346886 0.0302794 0.0266279 0.0237938 0.0218259 0.0206961 0.0202561 0.0203936 0.0208744 0.0215135 0.0221316 0.0225365 0.0226521 0.0223627 
0 0.00716827 0.0142671 0.0212344 0.0279469 0.0342726 0.0400491 0.0450667 0.049168 0.0521711 0.0539655 0.0545275 0.0538422 0.0520573 0.0493385 0.0459405 0.0422201 0.0384777 0.035087 0.0323079 0.0303141 0.029218 0.0289793 0.0295216 0.0306947 0.0322991 0.0341189 0.0359756 0.0376737 0.0391234 0.0402682 0.0410399 0.0415023 0.0416224 0.0414732 0.0411065 0.0405427 0.0398458 0.039016 0.0381036 0.0370991 0.0360568 0.0349615 0.0338369 0.0326952 0.0315313 0.0303564 0.029168 0.0280049 0.0268135 0.0256652 0.0245156 0.0233713 0.0222539 0.0211523 0.0200538 0.0189905 0.0179701 0.0169295 0.0159324 0.0149434 0.0139925 0.0130528 0.0121489 0.0112502 0.0103786 0.00952045 0.00870257 0.00791189 0.00711421 0.00635351 0.00562004 0.00491481 0.00421646 0.00356072 0.00290137 0.00229607 0.00170368 0.00113469 0.000576456 7.65969e-05 -0.000425351 -0.000894565 -0.00133921 -0.00174837 -0.00214808 -0.00250946 -0.00285218 -0.00316316 -0.00345229 -0.00371565 -0.00395234 -0.00415757 -0.00434554 -0.00450643 -0.0046313 -0.00473925 -0.00482435 -0.00487349 -0.00489693 -0.00490733 -0.00487936 -0.00482359 -0.00475132 -0.00465127 -0.00451463 -0.00436168 -0.00418379 -0.00397156 -0.00373707 -0.00347815 -0.00319167 -0.00287612 -0.00253871 -0.00216836 -0.00178389 -0.0013589 -0.000913771 -0.000443341 4.38563e-05 0.000585233 0.00112392 0.00169897 0.00229803 0.00293518 0.0035728 0.00426621 0.00495665 0.00568215 0.00643849 0.0072303 0.00801343 0.00883687 0.00969149 0.0105744 0.0114757 0.0123839 0.0133351 0.0143082 0.015312 0.0163306 0.0173909 0.0184378 0.0195502 0.0206817 0.0218286 0.0230041 0.0242178 0.0254347 0.0266814 0.0279724 0.0292604 0.0305952 0.0319288 0.0332898 0.0346534 0.0360477 0.0374479 0.0388582 0.040285 0.0417067 0.0431448 0.0445912 0.0460848 0.0475954 0.049194 0.0508663 0.0526557 0.0546241 0.0567321 0.0590335 0.0614711 0.0639894 0.066495 0.0688189 0.0707551 0.072101 0.0726427 0.0722027 0.0707061 0.0680686 0.0643866 0.0598051 0.0545561 0.0490055 0.0434456 0.0382395 0.0336513 0.0298623 0.0270254 0.0251368 0.024168 0.0239939 0.0244192 0.0252475 0.0262361 0.0271782 0.0278979 0.0282479 0.0281479 
0 0.00766601 0.0152714 0.0226943 0.0298565 0.0365681 0.0426609 0.0479376 0.0521711 0.0552274 0.0569521 0.0573155 0.0563449 0.0541465 0.0509566 0.0470324 0.0427482 0.0384622 0.0345308 0.0312622 0.0288425 0.0273969 0.0269034 0.0272858 0.0283768 0.0299628 0.0318318 0.0337551 0.0355694 0.0371417 0.0383913 0.0392858 0.0398318 0.040042 0.0399745 0.0396625 0.0391392 0.0384793 0.0376851 0.0368127 0.0358768 0.0348706 0.0338342 0.0327758 0.0316922 0.0306041 0.0295094 0.0284074 0.027336 0.0262608 0.0251888 0.0241304 0.0230939 0.0220855 0.0210893 0.0200995 0.0191357 0.0181943 0.0172659 0.0163657 0.0154699 0.0146069 0.0137655 0.0129194 0.0120937 0.0113237 0.0105506 0.00977653 0.00903519 0.00832693 0.00763758 0.00695324 0.00628483 0.00565859 0.00505735 0.00444702 0.00387813 0.00334383 0.00281375 0.00230018 0.00183676 0.0013786 0.000940546 0.000533356 0.000155765 -0.000211566 -0.000546343 -0.000861843 -0.00114625 -0.00141295 -0.00165606 -0.00187391 -0.00205807 -0.00223486 -0.0023806 -0.00249347 -0.00258952 -0.00267221 -0.00270977 -0.00273086 -0.00273882 -0.00271286 -0.0026525 -0.00258869 -0.00249205 -0.00236224 -0.00221567 -0.00205323 -0.00184983 -0.00163 -0.00138763 -0.00112068 -0.000822876 -0.000507214 -0.000162189 0.000197972 0.000595435 0.00101328 0.00144778 0.00190808 0.00241294 0.00291498 0.00344417 0.00401874 0.00460905 0.00519606 0.00583499 0.00650294 0.0071771 0.00786696 0.00858901 0.00934492 0.010122 0.0108955 0.0116966 0.0125505 0.0134026 0.0142671 0.0151713 0.0160965 0.0170263 0.0179936 0.0189829 0.0200038 0.0210376 0.022087 0.023174 0.0242962 0.0254385 0.0266066 0.0277941 0.0290124 0.0302748 0.0315407 0.032842 0.034177 0.0355289 0.0369074 0.0383084 0.0397204 0.0411797 0.0426709 0.0441888 0.0457727 0.0474107 0.0491553 0.0510308 0.0530634 0.055293 0.0577342 0.0603818 0.0632031 0.0661203 0.0690025 0.0716909 0.073956 0.0755831 0.076339 0.0760451 0.07459 0.0719254 0.0681465 0.0634025 0.0579896 0.0522398 0.0465131 0.041184 0.036514 0.0327521 0.0300035 0.0283031 0.0276095 0.0277561 0.0285791 0.0298151 0.0312272 0.0325905 0.0336785 0.034369 0.0345293 
0 0.00801912 0.0159634 0.0237027 0.0311404 0.0380807 0.04434 0.0497131 0.0539655 0.0569521 0.0585173 0.0586208 0.0573028 0.0546755 0.0509914 0.0465368 0.0416993 0.0368683 0.0324118 0.0286588 0.0258163 0.0240196 0.0232655 0.0234708 0.0244663 0.026026 0.0279305 0.0299456 0.0318955 0.0336305 0.0350464 0.036102 0.0367926 0.0371443 0.0372067 0.0370138 0.0366019 0.0360394 0.0353508 0.0345817 0.0337485 0.0328438 0.0319139 0.0309729 0.0300201 0.0290618 0.0280885 0.0271155 0.0261727 0.0252364 0.0243011 0.0233789 0.0224762 0.0216013 0.0207319 0.0198633 0.0190263 0.018214 0.0174082 0.0166116 0.0158238 0.0150677 0.0143341 0.0135908 0.0128626 0.0121755 0.0114905 0.0108108 0.010157 0.0095258 0.00890886 0.00830235 0.00771075 0.00715688 0.00661741 0.00607357 0.00556792 0.0050965 0.00462116 0.00416352 0.00375065 0.00334596 0.00295329 0.00259084 0.00225474 0.00192995 0.0016296 0.00134946 0.0010975 0.000861155 0.000643086 0.000451474 0.000289302 0.000131881 2.70946e-06 -9.39938e-05 -0.000178512 -0.000251483 -0.000281337 -0.000296631 -0.000303014 -0.000276396 -0.000217753 -0.000158489 -6.98639e-05 5.19099e-05 0.000186508 0.000334221 0.000520677 0.000723379 0.000942401 0.00118562 0.0014577 0.00174556 0.00205622 0.00238504 0.00274616 0.00312536 0.00351629 0.0039359 0.00439301 0.00484848 0.00532407 0.00584563 0.00637933 0.00691291 0.00748796 0.00809061 0.00869707 0.0093256 0.00998058 0.0106581 0.0113513 0.0120536 0.012784 0.0135506 0.0143107 0.0150828 0.015899 0.0167341 0.0175704 0.0184275 0.01931 0.0202238 0.0211525 0.0220893 0.0230636 0.0240718 0.0250943 0.0261406 0.0272142 0.02833 0.0294856 0.0306494 0.0318437 0.0330872 0.0343651 0.0356802 0.037027 0.0384028 0.0398455 0.0413412 0.0428905 0.0445245 0.0462576 0.0481376 0.0501923 0.0524426 0.0549207 0.0576514 0.0606239 0.0638007 0.067082 0.0703218 0.0733423 0.0759082 0.0777915 0.0787466 0.0785901 0.0772017 0.0745509 0.0707378 0.065933 0.0604462 0.0546192 0.0488383 0.0434868 0.0388563 0.0352068 0.0326511 0.0312302 0.0308878 0.0314521 0.0327368 0.0344626 0.0363713 0.0382135 0.0397485 0.0408297 0.041317 
0 0.00820611 0.0163052 0.0242125 0.0317518 0.0387695 0.0450551 0.0503691 0.0545275 0.0573155 0.0586208 0.0583952 0.0566588 0.0535832 0.0493863 0.0444091 0.0390484 0.0336934 0.0287504 0.0245369 0.0212917 0.0191566 0.0181515 0.0181836 0.0190915 0.0206435 0.0225899 0.0247332 0.0268426 0.0287777 0.0304228 0.0316882 0.0326044 0.0331717 0.0334367 0.0334382 0.033209 0.0328038 0.032283 0.0316851 0.0309995 0.0302676 0.0294896 0.0287024 0.0279216 0.0271228 0.0263056 0.025497 0.02472 0.0239344 0.0231656 0.0223941 0.0216395 0.0209171 0.0201977 0.0194661 0.0187591 0.0180917 0.0174085 0.0167326 0.0160671 0.0154321 0.0147971 0.0141695 0.0135517 0.0129548 0.0123651 0.0117869 0.0112286 0.0106756 0.0101458 0.00962114 0.00911851 0.00863203 0.00816755 0.00769597 0.00726409 0.00685024 0.00644309 0.00604506 0.00568859 0.00533841 0.00500031 0.00468468 0.0043946 0.00411627 0.00385419 0.00361396 0.00339577 0.00319424 0.00300337 0.00284268 0.00270014 0.00256907 0.0024558 0.00237781 0.00230286 0.00224698 0.0022193 0.0022132 0.00220733 0.00223793 0.00228788 0.00234814 0.00242485 0.00253856 0.00265664 0.00279322 0.00295594 0.00314143 0.00333348 0.00355215 0.00379293 0.00405119 0.00432354 0.0046179 0.00493829 0.00527267 0.00561989 0.00599189 0.00639555 0.0067972 0.00722309 0.00767774 0.00815119 0.00862264 0.00913655 0.00965988 0.010197 0.0107501 0.0113387 0.0119268 0.0125325 0.0131556 0.0138076 0.0144706 0.015136 0.0158223 0.0165317 0.0172625 0.0179952 0.0187449 0.019504 0.0203101 0.0211169 0.0219262 0.0227708 0.0236591 0.0245488 0.0254547 0.0264074 0.0273877 0.0284132 0.0294552 0.0305292 0.0316502 0.0328378 0.0340544 0.0353055 0.0366252 0.0380088 0.0394811 0.0410328 0.0426858 0.0444746 0.046462 0.0486557 0.051087 0.0537985 0.0567767 0.0600539 0.0635484 0.0671453 0.0707024 0.0740013 0.0768245 0.0789247 0.0800557 0.0800177 0.0787062 0.0760885 0.0722762 0.0674812 0.0619806 0.0561751 0.0504343 0.0451518 0.0406732 0.0372122 0.0349431 0.0338737 0.0339348 0.0349829 0.0367594 0.0390231 0.041471 0.0438268 0.0458705 0.0473829 0.0482583 
0 0.00822139 0.0163494 0.0242229 0.0317316 0.0386597 0.0447979 0.0499454 0.0538422 0.0563449 0.0573028 0.0566588 0.0544937 0.0509152 0.0462179 0.0407401 0.0348654 0.0290464 0.0236453 0.0190132 0.0154054 0.0129595 0.0117193 0.0116075 0.0124424 0.0139968 0.0160434 0.0183173 0.0206505 0.0228433 0.0247485 0.0263285 0.0275177 0.0283786 0.0289274 0.0291886 0.0292048 0.0290335 0.0287377 0.0283407 0.0278919 0.0273475 0.0267749 0.026192 0.0255941 0.0249844 0.0243589 0.0237376 0.0231207 0.0225414 0.021919 0.0213077 0.0207199 0.0201481 0.0195691 0.0189946 0.0184292 0.0178611 0.0173254 0.0167691 0.0162283 0.0156945 0.0151891 0.0146497 0.0141305 0.0136442 0.0131713 0.0126709 0.0121821 0.0117427 0.0113038 0.0108604 0.010419 0.0100277 0.00962959 0.00924647 0.00886464 0.00852657 0.00817796 0.00785508 0.00753905 0.00725527 0.00696525 0.00670464 0.00645427 0.00622655 0.00600172 0.00580337 0.00561867 0.00544987 0.00529171 0.00515724 0.00503807 0.00492922 0.0048399 0.00477065 0.0047141 0.00466924 0.00465051 0.0046436 0.00465009 0.00467501 0.00472285 0.00477728 0.00485154 0.00494646 0.00505592 0.00517635 0.00531975 0.00548143 0.00565248 0.00584306 0.00605278 0.00628069 0.00651446 0.00677644 0.00705062 0.00734435 0.00764118 0.00797632 0.00831269 0.00866963 0.00903188 0.00943986 0.00983651 0.0102534 0.010681 0.0111584 0.0116187 0.0120889 0.0125789 0.0131185 0.0136443 0.0141646 0.0147175 0.015303 0.0158872 0.0164608 0.017081 0.0177038 0.0183318 0.0189591 0.0196432 0.0203137 0.0209957 0.0216891 0.0224118 0.023158 0.0239305 0.0247112 0.0255015 0.0263669 0.0272446 0.0281528 0.0290939 0.0301044 0.0311549 0.0322634 0.0334181 0.0346288 0.03596 0.0373777 0.0389056 0.0405548 0.0423917 0.0444398 0.0467588 0.0493585 0.0522423 0.0554772 0.0589965 0.0627638 0.0666415 0.0704381 0.0739692 0.0769909 0.0792513 0.0805089 0.0805718 0.0793041 0.0767357 0.0729573 0.0681887 0.0627689 0.0570238 0.0514034 0.0462795 0.0419816 0.0388039 0.0368417 0.0361621 0.0366777 0.0381972 0.0405198 0.0433197 0.0463202 0.0492311 0.0517694 0.0537659 0.0550414 
0 0.0081056 0.0160755 0.0238154 0.0311118 0.0378133 0.0436877 0.0484947 0.0520573 0.0541465 0.0546755 0.0535832 0.0509152 0.0468614 0.0416615 0.0357017 0.0293731 0.0231101 0.0173097 0.0123054 0.00837468 0.00565444 0.00422226 0.00397471 0.00476154 0.00635681 0.00849033 0.0109724 0.0135477 0.0160448 0.0183101 0.0202293 0.0217893 0.023004 0.0238889 0.0244766 0.0248162 0.0249264 0.0249152 0.0247945 0.0245692 0.0242859 0.0239368 0.0235723 0.0232047 0.0228112 0.0223815 0.0219559 0.0215295 0.0211035 0.0206733 0.020232 0.0197974 0.0193643 0.0189333 0.0184812 0.0180383 0.0176201 0.0171937 0.0167423 0.0163108 0.0158899 0.0154627 0.0150513 0.0146423 0.0142244 0.0138196 0.0134357 0.0130559 0.0126787 0.0123025 0.0119454 0.0116075 0.0112711 0.0109375 0.010625 0.0103236 0.0100323 0.00975328 0.00948424 0.00922725 0.0089898 0.00875819 0.00853823 0.00833627 0.00814714 0.00796492 0.00780224 0.00765114 0.00751146 0.00738632 0.00727709 0.0071763 0.00709337 0.00702328 0.00696525 0.00692111 0.00689453 0.00687637 0.00687463 0.00688815 0.00691416 0.00695166 0.00700859 0.00707552 0.00715634 0.00725311 0.00736437 0.00748513 0.00762565 0.00777758 0.00794152 0.00812217 0.00831913 0.0085222 0.00874548 0.00898457 0.00923182 0.00949264 0.00977495 0.0100647 0.0103692 0.0106894 0.0110196 0.011365 0.0117315 0.0121015 0.0124815 0.0128816 0.0133003 0.0137284 0.0141587 0.0145956 0.0150675 0.0155529 0.0160265 0.0165121 0.0170221 0.0175367 0.0180702 0.0186124 0.0191435 0.0196962 0.0202763 0.020858 0.0214392 0.0220494 0.0226775 0.0233158 0.0239607 0.0246506 0.0253737 0.0261218 0.0269023 0.0277084 0.0285754 0.0295186 0.0305093 0.0315465 0.03269 0.0339197 0.0352784 0.0367738 0.0384085 0.0402737 0.0424005 0.0448191 0.0475542 0.0506285 0.0540388 0.0577939 0.0617873 0.0658726 0.069884 0.0735687 0.076729 0.0790895 0.0804174 0.0805236 0.0792937 0.0767561 0.0730162 0.0683297 0.0629835 0.0573725 0.0518993 0.0469481 0.0429023 0.03998 0.0383672 0.0380755 0.0390115 0.0410316 0.0438389 0.0471785 0.0507157 0.0541363 0.0571991 0.0596369 0.0613312 
0 0.00784831 0.0155628 0.0230073 0.029998 0.036351 0.0418369 0.0462349 0.0493385 0.0509566 0.0509914 0.0493863 0.0462179 0.0416615 0.0359856 0.0295802 0.0228342 0.0161944 0.0100451 0.0047194 0.000506601 -0.00245149 -0.00407071 -0.00442401 -0.00367502 -0.00203461 0.000239676 0.00292099 0.00578334 0.0086196 0.0112589 0.0135976 0.015577 0.0172154 0.0185142 0.0194944 0.0201971 0.0206557 0.0209638 0.0211362 0.021212 0.0211989 0.0211122 0.0209949 0.0208468 0.0206623 0.0204504 0.020227 0.0199809 0.0197458 0.0194697 0.0191779 0.0188926 0.0185956 0.0182926 0.0179819 0.017658 0.0173257 0.0170067 0.016667 0.0163432 0.0160097 0.0156785 0.0153438 0.015014 0.01469 0.0143846 0.0140642 0.0137402 0.0134493 0.0131568 0.0128675 0.0125833 0.0123134 0.0120441 0.0118041 0.0115496 0.0113122 0.0110887 0.0108803 0.0106628 0.0104748 0.0102875 0.0101138 0.00994769 0.00979717 0.00964987 0.00952388 0.0093991 0.0092872 0.00919238 0.00910546 0.00902126 0.0089614 0.00891091 0.00885986 0.00883007 0.00881782 0.00880297 0.00880227 0.00882662 0.00885017 0.00888113 0.00893777 0.00900184 0.00906645 0.00915428 0.00925664 0.00935793 0.00947799 0.00961419 0.00975548 0.00990694 0.0100794 0.0102533 0.0104458 0.0106466 0.0108599 0.0110825 0.0113281 0.0115649 0.0118291 0.0121037 0.0123882 0.0126725 0.0129887 0.0132985 0.0136343 0.0139737 0.0143171 0.0146722 0.0150627 0.015439 0.0158206 0.0162242 0.0166363 0.0170594 0.0174866 0.0179211 0.018362 0.0188181 0.0192684 0.0197533 0.0202279 0.0207055 0.0211966 0.0217057 0.0222252 0.0227707 0.0233142 0.0238759 0.0244892 0.0251129 0.0257779 0.026481 0.0272413 0.0280619 0.0289455 0.0298858 0.0309322 0.0321008 0.033404 0.0348681 0.0365018 0.0383934 0.0405728 0.0430886 0.0459587 0.049189 0.0527984 0.0567427 0.0609244 0.0651866 0.0693294 0.0731264 0.076361 0.0787631 0.080115 0.080227 0.0789935 0.0764681 0.0727581 0.0681276 0.062885 0.0573962 0.0520869 0.0473331 0.0435065 0.040861 0.0395473 0.0396021 0.0409268 0.0433507 0.0466105 0.0504059 0.0544151 0.0583157 0.0618247 0.0647005 0.0667754 
0 0.00751171 0.0148828 0.0219493 0.0285396 0.0344511 0.0394612 0.0433622 0.0459405 0.0470324 0.0465368 0.0444091 0.0407401 0.0357017 0.0295802 0.0227634 0.0156443 0.00866409 0.00220286 -0.00340497 -0.00787147 -0.0110422 -0.0128319 -0.013293 -0.0125842 -0.010905 -0.00849946 -0.00560691 -0.00244576 0.000756262 0.00381411 0.00660937 0.00905578 0.0111588 0.0129075 0.0143229 0.0154403 0.0162959 0.016969 0.0174747 0.0178633 0.0181405 0.018332 0.0184743 0.0185682 0.0186129 0.0186186 0.0185913 0.0185189 0.018447 0.0183283 0.0181918 0.0180425 0.0178613 0.0176656 0.0174619 0.0172421 0.0170065 0.0167785 0.0165238 0.0162818 0.0160205 0.0157652 0.0155156 0.0152648 0.0150005 0.0147532 0.0145085 0.0142625 0.0140319 0.0137878 0.0135636 0.013348 0.0131334 0.012912 0.0127302 0.0125295 0.0123397 0.0121636 0.0120037 0.0118288 0.0116809 0.0115344 0.0113997 0.0112683 0.0111483 0.0110349 0.0109392 0.0108389 0.0107501 0.0106835 0.0106147 0.0105466 0.0105059 0.0104731 0.0104283 0.0104116 0.0104109 0.0104001 0.0104005 0.010434 0.0104556 0.010482 0.0105376 0.0105997 0.0106505 0.0107311 0.010825 0.010911 0.0110119 0.011136 0.0112569 0.0113841 0.0115335 0.0116852 0.0118475 0.0120177 0.0122007 0.0123908 0.0125984 0.0127967 0.0130248 0.0132571 0.0134928 0.0137334 0.0140115 0.0142664 0.0145419 0.0148345 0.0151375 0.015431 0.0157529 0.0160722 0.0164079 0.0167529 0.0170945 0.0174512 0.0178184 0.0181897 0.0185648 0.0189586 0.0193379 0.0197459 0.0201453 0.0205573 0.0209826 0.0214147 0.0218447 0.0223031 0.0227682 0.0232472 0.0237735 0.0243036 0.0248745 0.0254831 0.026147 0.0268718 0.0276715 0.0285411 0.0295186 0.0306301 0.031887 0.0333324 0.0349835 0.0369242 0.0391842 0.0418108 0.0448212 0.0482108 0.051997 0.056112 0.0604524 0.0648508 0.0690893 0.0729467 0.0761956 0.0785792 0.0798904 0.0799548 0.0786845 0.076144 0.0724548 0.0678764 0.0627251 0.0573528 0.0521837 0.0475935 0.0439439 0.0415079 0.0404238 0.0407398 0.0423593 0.0450971 0.048706 0.0528632 0.0572493 0.0615353 0.0654126 0.0686469 0.0710426 
0 0.00713067 0.0140907 0.0207536 0.0268853 0.032319 0.0368276 0.0401798 0.0422201 0.0427482 0.0416993 0.0390484 0.0348654 0.0293731 0.0228342 0.0156443 0.00820311 0.00092095 -0.00581324 -0.0116728 -0.0163786 -0.0197675 -0.0217309 -0.0223335 -0.021689 -0.0199872 -0.0174925 -0.0143881 -0.0109558 -0.00740105 -0.0039089 -0.000656088 0.00229934 0.00490608 0.00714963 0.00903842 0.0106174 0.0118948 0.0129569 0.0138365 0.0145401 0.0151445 0.0156267 0.0160288 0.0163606 0.0166308 0.0168402 0.0170035 0.0171212 0.0171813 0.0172195 0.017218 0.0171868 0.0171078 0.017026 0.0169156 0.0167791 0.0166375 0.0164718 0.0162977 0.0161261 0.0159449 0.0157308 0.0155537 0.0153686 0.0151658 0.0149582 0.0147781 0.0145991 0.0144104 0.0142139 0.0140424 0.0138907 0.0137087 0.01354 0.0133966 0.0132545 0.0130925 0.0129655 0.0128362 0.0127112 0.0125857 0.0124818 0.0123737 0.0122794 0.0121787 0.0121003 0.0120258 0.0119507 0.0118799 0.0118385 0.0117844 0.0117326 0.0117074 0.0116886 0.0116528 0.0116459 0.011655 0.011648 0.0116526 0.0116894 0.0117123 0.0117351 0.0117899 0.0118481 0.0118909 0.0119635 0.0120494 0.0121238 0.0122083 0.012322 0.0124242 0.012534 0.0126597 0.0127978 0.0129285 0.0130788 0.013231 0.013402 0.0135662 0.0137437 0.0139324 0.0141402 0.0143236 0.0145381 0.014772 0.0149986 0.0152132 0.0154707 0.0157335 0.0159884 0.0162465 0.0165241 0.0168243 0.0171136 0.0173989 0.0177072 0.0180422 0.0183424 0.0186677 0.0190096 0.0193507 0.0196833 0.0200403 0.0203962 0.0207615 0.0211397 0.0215151 0.0219115 0.0223188 0.0227577 0.0231972 0.0236751 0.0241894 0.024743 0.0253429 0.0260149 0.0267539 0.0275743 0.0285334 0.029603 0.0308612 0.0323226 0.0340196 0.0360307 0.0383944 0.0411431 0.0443032 0.047883 0.0518299 0.056123 0.0605984 0.0650869 0.0693955 0.073254 0.0764728 0.0787927 0.0800144 0.0799893 0.0786496 0.0760541 0.0723504 0.0678003 0.0626899 0.0574111 0.0523359 0.0478524 0.0443367 0.0420111 0.0410761 0.0415378 0.0433113 0.0462465 0.0500394 0.0544284 0.0590558 0.0635837 0.0677364 0.0712078 0.0738486 
0 0.006749 0.0133411 0.019565 0.0252656 0.0302086 0.0341882 0.0370157 0.0384777 0.0384622 0.0368683 0.0336934 0.0290464 0.0231101 0.0161944 0.00866409 0.00092095 -0.00663606 -0.0136221 -0.0197274 -0.0246791 -0.0282806 -0.030475 -0.0312363 -0.03071 -0.0290632 -0.0264866 -0.0232597 -0.0195727 -0.0156869 -0.0118062 -0.00807488 -0.0046207 -0.00150095 0.00125394 0.00365097 0.00568701 0.00743719 0.00891073 0.0101533 0.01123 0.0121398 0.0129294 0.0136048 0.0141787 0.0146549 0.0150838 0.015433 0.0157029 0.0159301 0.0160926 0.0162153 0.016293 0.0163268 0.0163138 0.0163054 0.0162604 0.016169 0.0160665 0.0159702 0.0158624 0.0157219 0.0155872 0.0154478 0.0153067 0.015157 0.0150254 0.0148776 0.0147322 0.0145928 0.0144607 0.0143314 0.0142047 0.0140718 0.0139481 0.0138476 0.0137317 0.0136154 0.0135141 0.0134286 0.0133273 0.013238 0.013154 0.0130848 0.0130063 0.0129365 0.0128753 0.0128286 0.0127663 0.0127209 0.0126902 0.0126562 0.0126154 0.0126059 0.0125935 0.0125726 0.0125704 0.0125872 0.0125843 0.0125962 0.0126305 0.0126575 0.0126787 0.0127325 0.0127837 0.0128266 0.0128885 0.0129693 0.0130318 0.0131096 0.0132054 0.0133008 0.0133889 0.0135038 0.0136195 0.0137377 0.0138571 0.013998 0.0141379 0.014284 0.0144274 0.0145969 0.0147651 0.014933 0.0151075 0.0153048 0.0154933 0.0156932 0.0159068 0.0161168 0.0163326 0.016572 0.0168169 0.0170481 0.0172982 0.0175583 0.0178349 0.0181051 0.0183845 0.018659 0.0189569 0.0192664 0.0195774 0.0198744 0.020194 0.0205421 0.0208718 0.0212155 0.0215859 0.0219757 0.0223632 0.0227912 0.0232338 0.0237217 0.0242659 0.0248438 0.0254827 0.0262092 0.0270422 0.0279804 0.0290918 0.0303729 0.0318866 0.0336894 0.0358073 0.0383088 0.0412252 0.044574 0.0483342 0.0524932 0.0569278 0.0615253 0.0661025 0.0704064 0.0742567 0.0773806 0.0795785 0.0806675 0.0804953 0.0790424 0.0763583 0.0726098 0.068039 0.0629595 0.0577084 0.0526798 0.0482494 0.0447443 0.0424627 0.041525 0.0419963 0.0437989 0.0467315 0.0505883 0.0550214 0.0597254 0.0643697 0.0686082 0.0722233 0.0749735 
0 0.00643656 0.0126826 0.0185573 0.0238452 0.0283447 0.031847 0.0341476 0.035087 0.0345308 0.0324118 0.0287504 0.0236453 0.0173097 0.0100451 0.00220286 -0.00581324 -0.0136221 -0.0208657 -0.0272156 -0.0324244 -0.036294 -0.0387292 -0.0397381 -0.0393941 -0.037856 -0.0353223 -0.0320066 -0.0281568 -0.0240062 -0.0197591 -0.0156037 -0.0116667 -0.00804167 -0.00478123 -0.00189613 0.000640683 0.00284737 0.00475046 0.00640288 0.00781758 0.00906271 0.010158 0.0110991 0.0119159 0.0126318 0.0132525 0.0137841 0.0142326 0.0145763 0.0148816 0.0151386 0.015327 0.0154501 0.0155381 0.0155966 0.01562 0.0156196 0.0155812 0.0155392 0.015478 0.0154043 0.0152994 0.0152191 0.0151421 0.0150374 0.0149093 0.0148171 0.0147436 0.0146361 0.0145207 0.0144271 0.0143568 0.0142567 0.0141639 0.0140798 0.0140136 0.0139231 0.0138523 0.0137826 0.0137225 0.0136474 0.0135952 0.0135407 0.0134909 0.0134349 0.0134002 0.0133624 0.0133243 0.0132915 0.0132753 0.0132511 0.01323 0.0132246 0.0132217 0.0132126 0.0132181 0.0132341 0.0132416 0.0132581 0.0132896 0.0133179 0.0133452 0.0133916 0.0134397 0.0134826 0.01354 0.0136079 0.01367 0.0137371 0.0138228 0.0139047 0.013988 0.0140814 0.0141895 0.0142863 0.0143958 0.0145129 0.0146414 0.014755 0.0148926 0.0150335 0.0151801 0.0153113 0.0154792 0.0156461 0.0158092 0.0159599 0.0161556 0.0163548 0.0165379 0.0167102 0.0169297 0.017163 0.0173698 0.0175792 0.0178207 0.0180759 0.0183096 0.0185671 0.0188382 0.0191171 0.0193778 0.0196714 0.0199802 0.0203003 0.0206204 0.020949 0.0212977 0.0216864 0.0220985 0.0225044 0.0229651 0.0234685 0.0240147 0.024612 0.0252824 0.0260371 0.0269171 0.0279261 0.029081 0.0304568 0.0320856 0.0340278 0.0363245 0.039018 0.0421389 0.0457064 0.0496966 0.0540393 0.0586442 0.0633484 0.0679622 0.0722705 0.0760306 0.0790224 0.0810492 0.0819328 0.0815791 0.0799649 0.0771516 0.073319 0.0686943 0.0635769 0.0583156 0.0532607 0.0487904 0.0452351 0.0428474 0.0418044 0.0421371 0.0437825 0.0465857 0.0502855 0.0546087 0.0592163 0.0637737 0.0679847 0.0715543 0.0743053 
0 0.00621185 0.0122198 0.0178153 0.0227865 0.0269172 0.0300026 0.0318523 0.0323079 0.0312622 0.0286588 0.0245369 0.0190132 0.0123054 0.0047194 -0.00340497 -0.0116728 -0.0197274 -0.0272156 -0.0338263 -0.0393203 -0.0434879 -0.0462512 -0.0475678 -0.0475005 -0.0461809 -0.0437602 -0.0404788 -0.0365523 -0.0322251 -0.0277131 -0.0231954 -0.0188301 -0.0147389 -0.0109903 -0.00761158 -0.00460456 -0.00193079 0.000397663 0.00243865 0.00422549 0.00580464 0.0072149 0.00843658 0.00950219 0.0104303 0.0112589 0.0119814 0.0126002 0.0131069 0.0135509 0.013926 0.0142227 0.0144609 0.0146363 0.0147932 0.0149058 0.0149641 0.0149809 0.0150095 0.0150083 0.0149874 0.0149445 0.0148948 0.0148468 0.0147893 0.0147269 0.0146638 0.0146027 0.0145233 0.0144669 0.0144041 0.0143437 0.0142715 0.0142164 0.0141564 0.0141099 0.0140464 0.0139947 0.0139504 0.0139093 0.0138563 0.0138201 0.0137874 0.01375 0.0137176 0.0136937 0.0136701 0.0136461 0.0136326 0.0136177 0.0136094 0.0136013 0.0136025 0.0136008 0.0136103 0.0136167 0.0136338 0.0136484 0.0136745 0.0136965 0.0137311 0.0137624 0.0138049 0.0138448 0.0138964 0.0139447 0.0140049 0.0140637 0.0141303 0.0141982 0.0142772 0.0143519 0.0144353 0.0145273 0.0146193 0.0147109 0.0148175 0.0149294 0.0150309 0.0151491 0.0152753 0.0154018 0.015524 0.0156672 0.0158036 0.0159556 0.0161027 0.0162618 0.0164178 0.0165934 0.0167617 0.0169521 0.0171323 0.0173176 0.0175205 0.0177434 0.0179567 0.0181721 0.0184008 0.0186468 0.0189215 0.0191759 0.0194431 0.0197386 0.0200592 0.0203714 0.0207173 0.0210838 0.0214883 0.0219108 0.0223479 0.0228435 0.0233974 0.0240073 0.0246626 0.0253954 0.0262273 0.0272064 0.0283167 0.0296103 0.0311346 0.0329377 0.0350906 0.0376041 0.0405361 0.043913 0.0477406 0.051978 0.0565432 0.0612966 0.0660893 0.0707215 0.0749631 0.078608 0.0814093 0.0832089 0.0838518 0.0832555 0.0814336 0.0784436 0.0744729 0.0697403 0.0645387 0.0591977 0.0540549 0.0494707 0.0457558 0.0431697 0.0418756 0.0419247 0.0432645 0.0457447 0.0491357 0.0531579 0.0574933 0.0618139 0.0658138 0.0692178 0.0718312 
