0 0 0 0 0 0 0 0 0 0 0 0 0 0 0 0 0 0 0 0 0 0 0 0 0 0 0 0 0 0 0 0 0 0 0 0 0 0 0 0 0 0 0 0 0 0 0 0 0 0 0 0 0 0 0 0 0 0 0 0 0 0 0 0 0 0 0 0 0 0 0 0 0 0 0 0 0 0 0 0 0 0 0 0 0 0 0 0 0 0 0 0 0 0 0 0 0 0 0 0 0 0 0 0 0 0 0 0 0 0 0 0 0 0 0 0 0 0 0 0 0 0 0 0 0 0 0 0 0 0 0 0 0 0 0 0 0 0 0 0 0 0 0 0 0 0 0 0 0 0 0 0 0 0 0 0 0 0 0 0 0 0 0 0 0 0 0 0 0 0 0 0 0 0 0 0 0 0 0 0 0 0 0 0 0 0 0 0 0 0 0 0 0 0 0 0 0 0 0 0 
0 -0.00160521 -0.00318362 -0.00468305 -0.00608938 -0.00735968 -0.0084665 -0.00940223 -0.0101399 -0.0107032 -0.0110991 -0.0113484 -0.0114881 -0.0115263 -0.0115051 -0.0114466 -0.0113766 -0.0113162 -0.0112651 -0.0112209 -0.0111806 -0.0111475 -0.011109 -0.0110791 -0.0110238 -0.0109514 -0.0108698 -0.0107574 -0.0106566 -0.0105212 -0.0103718 -0.0102163 -0.0100384 -0.0098676 -0.00967427 -0.00946928 -0.00925782 -0.0090533 -0.00883782 -0.00862529 -0.00840587 -0.00818473 -0.00798331 -0.00776668 -0.007561 -0.007356 -0.00717241 -0.00698617 -0.00680661 -0.00663415 -0.00646632 -0.00631954 -0.00616929 -0.00602775 -0.00589715 -0.00578569 -0.00565146 -0.0055407 -0.00543785 -0.00533523 -0.00523905 -0.00514618 -0.00505158 -0.00496274 -0.00488247 -0.00479197 -0.00472114 -0.00464141 -0.0045638 -0.00448028 -0.00441671 -0.00435008 -0.0042833 -0.00420413 -0.00414633 -0.00409048 -0.00402751 -0.00396772 -0.00391551 -0.00385992 -0.00381066 -0.00376864 -0.0037145 -0.00367264 -0.00363647 -0.00359801 -0.00355438 -0.00352962 -0.00349519 -0.00346628 -0.00343864 -0.00342049 -0.0033922 -0.00337819 -0.00335918 -0.00334772 -0.00333157 -0.00332791 -0.00331594 -0.00331512 -0.00330985 -0.00331398 -0.00331134 -0.00332188 -0.00332504 -0.00333729 -0.00334665 -0.00336643 -0.00337624 -0.00340081 -0.00342148 -0.0034455 -0.0034675 -0.00350582 -0.00353047 -0.00356325 -0.00360235 -0.0036438 -0.0036775 -0.00372668 -0.00377005 -0.00381459 -0.00387195 -0.00392571 -0.00396923 -0.00402737 -0.00410027 -0.00415597 -0.00421233 -0.00427376 -0.00435415 -0.00442036 -0.00448778 -0.00455715 -0.00464177 -0.00470637 -0.00479053 -0.00487659 -0.00495703 -0.0050367 -0.00512707 -0.00521544 -0.00531307 -0.00541619 -0.00550331 -0.00561364 -0.00572083 -0.00582962 -0.00593583 -0.00606294 -0.00617811 -0.00629302 -0.00640465 -0.00651915 -0.00663367 -0.00673496 -0.00683312 -0.00690935 -0.00699415 -0.00704415 -0.00707557 -0.00709207 -0.00708518 -0.00705297 -0.00698683 -0.00688149 -0.00673925 -0.00657599 -0.00634671 -0.00608716 -0.00577292 -0.00541037 -0.00501672 -0.00454717 -0.00403325 -0.00345759 -0.00282896 -0.00214883 -0.00140076 -0.000584552 0.000298817 0.00124224 0.00225015 0.00330429 0.00441098 0.00553172 0.00663322 0.00768624 0.00863188 0.00946195 0.0101326 0.010631 0.0109645 0.011133 0.0112002 0.0112133 0.011245 0.0113727 0.0116339 0.0120859 
0 -0.00318362 -0.00628338 -0.00927201 -0.0120333 -0.0145511 -0.0167485 -0.0185787 -0.0200581 -0.0211524 -0.0219326 -0.0224242 -0.0226727 -0.0227506 -0.0226874 -0.0225623 -0.0224202 -0.0222901 -0.0221857 -0.0220969 -0.0220109 -0.0219346 -0.0218628 -0.0217759 -0.0216724 -0.021522 -0.0213419 -0.0211446 -0.0209155 -0.0206595 -0.0203628 -0.0200354 -0.0196989 -0.0193525 -0.0189774 -0.0185847 -0.0181845 -0.0177735 -0.0173734 -0.0169502 -0.0165137 -0.0161104 -0.0157015 -0.0153012 -0.0149103 -0.0145128 -0.0141477 -0.0138016 -0.0134434 -0.0131126 -0.0128194 -0.0125192 -0.0122412 -0.0119681 -0.0117135 -0.0114853 -0.0112613 -0.0110421 -0.0108392 -0.0106537 -0.0104561 -0.0102686 -0.0101003 -0.00995367 -0.009771 -0.00960619 -0.00946438 -0.00931178 -0.00915456 -0.00902877 -0.0088916 -0.00873714 -0.0086086 -0.00849231 -0.00837784 -0.0082408 -0.00812081 -0.00802076 -0.00792811 -0.00780112 -0.00771015 -0.00762586 -0.00753467 -0.00743904 -0.00737676 -0.00729282 -0.00722167 -0.00715985 -0.00710425 -0.0070371 -0.00699495 -0.00694749 -0.00690456 -0.00686556 -0.00683962 -0.00680645 -0.00678609 -0.00676759 -0.00675538 -0.00674305 -0.00674322 -0.00674048 -0.00674641 -0.00675567 -0.00677266 -0.0067857 -0.00681481 -0.0068417 -0.00687281 -0.00690839 -0.0069596 -0.00699583 -0.00705098 -0.00711086 -0.00717023 -0.00722567 -0.0073144 -0.0073789 -0.00745063 -0.00754234 -0.00764568 -0.00771489 -0.0078152 -0.00792429 -0.00803883 -0.00813704 -0.00824647 -0.00836416 -0.00850259 -0.00861953 -0.00874166 -0.00888206 -0.00901242 -0.00914858 -0.00930602 -0.00945484 -0.00958318 -0.00974498 -0.00990968 -0.0100745 -0.01023 -0.010411 -0.0105907 -0.0107617 -0.0109439 -0.0111557 -0.0113549 -0.0115515 -0.0117645 -0.0119665 -0.0121918 -0.012408 -0.0126064 -0.0128213 -0.0130326 -0.0132002 -0.0133639 -0.0135124 -0.0136306 -0.0137313 -0.0137703 -0.0137702 -0.0137394 -0.0136434 -0.01348 -0.0132509 -0.0129572 -0.0125949 -0.0121503 -0.0116026 -0.010964 -0.0102473 -0.00942951 -0.00851276 -0.00748336 -0.00634385 -0.00511163 -0.00376594 -0.00229266 -0.000688477 0.00104917 0.00290929 0.00487085 0.00694779 0.00909588 0.0112725 0.0134245 0.0154364 0.0172796 0.0188565 0.0201231 0.0210703 0.0216446 0.0219429 0.0220063 0.0219718 0.0220013 0.0221798 0.0226772 0.023521 
0 -0.00468305 -0.00927201 -0.0136454 -0.0177317 -0.0214239 -0.0246404 -0.0273435 -0.0294817 -0.0310959 -0.0322223 -0.0329212 -0.0332863 -0.0333672 -0.0332667 -0.0330616 -0.0328252 -0.0326136 -0.0324341 -0.032278 -0.0321374 -0.032016 -0.0318883 -0.0317712 -0.0315964 -0.0313708 -0.031111 -0.0307835 -0.030462 -0.0300643 -0.0296238 -0.0291602 -0.0286522 -0.0281517 -0.0276034 -0.0270271 -0.026438 -0.0258631 -0.0252721 -0.0246834 -0.0240823 -0.0234868 -0.0229312 -0.0223537 -0.021799 -0.0212514 -0.0207547 -0.0202611 -0.0197817 -0.019324 -0.0188861 -0.0184915 -0.0180973 -0.0177227 -0.0173769 -0.0170727 -0.0167293 -0.0164309 -0.0161541 -0.0158831 -0.0156232 -0.015372 -0.0151232 -0.0148892 -0.0146669 -0.0144308 -0.0142355 -0.0140236 -0.0138146 -0.0136004 -0.0134232 -0.0132402 -0.0130592 -0.0128581 -0.0126979 -0.01254 -0.0123715 -0.012213 -0.0120697 -0.011917 -0.0117826 -0.0116636 -0.0115218 -0.0114036 -0.0113024 -0.0111952 -0.0110812 -0.011005 -0.0109136 -0.0108321 -0.0107577 -0.0107018 -0.0106297 -0.0105854 -0.0105356 -0.0105005 -0.0104599 -0.0104438 -0.0104155 -0.0104091 -0.0103976 -0.0104047 -0.0104026 -0.0104261 -0.0104389 -0.0104698 -0.0104991 -0.0105483 -0.010582 -0.0106449 -0.0107039 -0.0107687 -0.0108344 -0.0109319 -0.0110054 -0.011095 -0.0112026 -0.0113123 -0.0114096 -0.0115399 -0.0116623 -0.0117835 -0.0119336 -0.0120793 -0.0122068 -0.0123616 -0.0125465 -0.0127004 -0.0128576 -0.0130246 -0.0132282 -0.0134081 -0.0135887 -0.0137756 -0.0139939 -0.0141753 -0.0143905 -0.0146154 -0.0148306 -0.0150436 -0.0152759 -0.0155099 -0.015761 -0.0160186 -0.016248 -0.0165237 -0.0167912 -0.0170571 -0.0173196 -0.0176174 -0.0178922 -0.0181593 -0.0184133 -0.0186703 -0.0189211 -0.0191325 -0.0193263 -0.0194702 -0.0196128 -0.0196742 -0.019676 -0.0196284 -0.0195168 -0.0193291 -0.0190445 -0.018654 -0.0181636 -0.0175978 -0.0168713 -0.016042 -0.0150699 -0.0139691 -0.0127649 -0.0113738 -0.00984866 -0.00816181 -0.00633143 -0.00435654 -0.00220007 0.000140746 0.00266256 0.00534894 0.00819946 0.0111792 0.0142806 0.0174076 0.0204645 0.0233497 0.0259234 0.0281302 0.0298656 0.0310938 0.0318241 0.0320907 0.032054 0.0318742 0.0317645 0.0319401 0.0325418 0.0337058 
0 -0.00608938 -0.0120333 -0.0177317 -0.0230197 -0.0278101 -0.031984 -0.0354639 -0.0382396 -0.0403005 -0.0417347 -0.0426127 -0.0430325 -0.0431066 -0.0429288 -0.0426252 -0.0422876 -0.0419791 -0.0417194 -0.0414981 -0.0412972 -0.0411173 -0.0409464 -0.0407585 -0.0405284 -0.0402246 -0.0398638 -0.0394562 -0.0390032 -0.0384909 -0.0379134 -0.0372901 -0.0366419 -0.0359818 -0.0352807 -0.0345525 -0.0338157 -0.0330764 -0.0323477 -0.0316 -0.0308437 -0.0301251 -0.0294224 -0.0287305 -0.0280567 -0.0273916 -0.0267756 -0.0261885 -0.0256019 -0.0250539 -0.024554 -0.024069 -0.0236067 -0.0231599 -0.0227454 -0.022368 -0.0219925 -0.0216332 -0.0212997 -0.0209851 -0.0206663 -0.0203584 -0.0200754 -0.0198155 -0.0195283 -0.0192539 -0.0190117 -0.0187592 -0.0185036 -0.0182762 -0.018048 -0.0178053 -0.0175836 -0.0173749 -0.017176 -0.0169588 -0.0167534 -0.0165742 -0.0164034 -0.016204 -0.0160393 -0.015889 -0.015728 -0.0155718 -0.0154487 -0.0153102 -0.015182 -0.0150735 -0.0149694 -0.0148607 -0.0147765 -0.0146956 -0.0146177 -0.0145515 -0.0144982 -0.0144453 -0.0144046 -0.0143732 -0.0143483 -0.0143306 -0.0143249 -0.0143238 -0.0143317 -0.0143499 -0.0143755 -0.014405 -0.0144504 -0.0145005 -0.0145543 -0.0146213 -0.0147025 -0.0147758 -0.0148679 -0.0149736 -0.0150755 -0.0151819 -0.0153213 -0.0154437 -0.0155709 -0.0157274 -0.0158915 -0.0160289 -0.0161998 -0.0163839 -0.0165661 -0.0167422 -0.0169356 -0.0171345 -0.0173491 -0.0175511 -0.0177652 -0.017991 -0.0182085 -0.0184362 -0.0186893 -0.0189258 -0.0191521 -0.0194116 -0.0196744 -0.019933 -0.0201901 -0.0204689 -0.0207497 -0.0210201 -0.0212961 -0.0216043 -0.0218988 -0.0221828 -0.0224748 -0.0227633 -0.0230591 -0.0233357 -0.0235852 -0.0238419 -0.0240796 -0.0242565 -0.0244059 -0.0245168 -0.0245812 -0.0245857 -0.0244945 -0.0243283 -0.0240912 -0.0237426 -0.0232728 -0.0226788 -0.0219659 -0.0211309 -0.0201379 -0.0189769 -0.0176525 -0.0161806 -0.0145428 -0.0127207 -0.0107083 -0.00850854 -0.00613987 -0.00357973 -0.000803597 0.00219934 0.00542511 0.00885538 0.012466 0.016248 0.0201425 0.0240549 0.0278675 0.0314065 0.0345612 0.0371914 0.0392031 0.0405596 0.0412283 0.0413343 0.0410208 0.0405392 0.0401785 0.0401698 0.0407785 0.0421174 
0 -0.00735968 -0.0145511 -0.0214239 -0.0278101 -0.0335767 -0.0385947 -0.0427749 -0.0460863 -0.0485434 -0.050228 -0.0512379 -0.0516952 -0.0517271 -0.0514636 -0.0510455 -0.0505868 -0.0501653 -0.0498074 -0.0495033 -0.0492383 -0.0490041 -0.048783 -0.0485496 -0.0482605 -0.0478919 -0.047452 -0.0469471 -0.0463906 -0.0457601 -0.0450575 -0.0443047 -0.0435183 -0.0427146 -0.0418719 -0.0409987 -0.0401188 -0.0392485 -0.0383868 -0.0375215 -0.0366583 -0.0358269 -0.0350278 -0.0342439 -0.0334827 -0.0327493 -0.0320688 -0.0314197 -0.0307868 -0.0301899 -0.0296367 -0.0291165 -0.0286178 -0.0281415 -0.0277022 -0.0272966 -0.0268901 -0.0265061 -0.0261512 -0.0258131 -0.0254798 -0.0251559 -0.0248488 -0.0245581 -0.0242613 -0.0239715 -0.0237072 -0.0234376 -0.0231646 -0.0229055 -0.0226598 -0.0224111 -0.0221672 -0.021927 -0.021704 -0.0214787 -0.0212557 -0.0210491 -0.0208509 -0.0206434 -0.0204579 -0.0202852 -0.0201044 -0.0199356 -0.0197892 -0.0196382 -0.0194928 -0.019369 -0.0192484 -0.019131 -0.01903 -0.0189391 -0.0188504 -0.0187761 -0.0187114 -0.0186541 -0.0186055 -0.0185698 -0.01854 -0.0185215 -0.0185119 -0.0185122 -0.0185201 -0.018541 -0.0185678 -0.0186045 -0.0186527 -0.0187102 -0.0187714 -0.0188488 -0.0189352 -0.0190232 -0.019125 -0.019243 -0.0193571 -0.0194812 -0.0196279 -0.0197711 -0.0199163 -0.0200853 -0.0202585 -0.0204248 -0.0206144 -0.0208107 -0.0210017 -0.0212033 -0.0214229 -0.0216372 -0.0218551 -0.0220781 -0.022318 -0.0225567 -0.0227897 -0.0230327 -0.0232931 -0.0235398 -0.0237904 -0.0240594 -0.0243261 -0.0245866 -0.0248517 -0.0251291 -0.0254105 -0.0256819 -0.0259471 -0.0262324 -0.0265074 -0.0267665 -0.0270233 -0.0272811 -0.0275246 -0.0277397 -0.0279262 -0.0281028 -0.0282513 -0.0283407 -0.0283832 -0.0283741 -0.0283102 -0.0281607 -0.02791 -0.0275707 -0.0271387 -0.0265839 -0.0258869 -0.0250427 -0.0240586 -0.0229293 -0.0216164 -0.0201185 -0.018435 -0.0165777 -0.0145374 -0.0122829 -0.00981653 -0.00714201 -0.00427146 -0.00119098 0.0021289 0.00569983 0.00951469 0.0135543 0.0177951 0.0222099 0.0267349 0.0312512 0.0356062 0.0396146 0.0431141 0.0459571 0.0480286 0.0492745 0.0496972 0.0494196 0.048651 0.0476948 0.0468933 0.046563 0.0469941 0.048364 
0 -0.0084665 -0.0167485 -0.0246404 -0.031984 -0.0385947 -0.0443373 -0.0491161 -0.0528747 -0.0556584 -0.0575335 -0.058627 -0.0590838 -0.0590426 -0.0586739 -0.0581269 -0.0575378 -0.0569969 -0.0565369 -0.0561505 -0.055825 -0.0555424 -0.0552764 -0.0550052 -0.0546674 -0.0542501 -0.0537507 -0.0531668 -0.0525246 -0.0517921 -0.050981 -0.0501142 -0.0492036 -0.04827 -0.0473033 -0.0463069 -0.0453045 -0.044323 -0.0433447 -0.0423809 -0.0414346 -0.0405143 -0.0396478 -0.0388037 -0.0379891 -0.0372205 -0.0365043 -0.0358223 -0.0351783 -0.0345706 -0.0340014 -0.0334827 -0.0329808 -0.0325085 -0.0320746 -0.0316727 -0.0312738 -0.0309024 -0.0305574 -0.0302234 -0.0299029 -0.0295923 -0.0292945 -0.0290019 -0.0287234 -0.028441 -0.0281751 -0.0279115 -0.02765 -0.0273847 -0.0271386 -0.0268976 -0.0266518 -0.0264071 -0.0261773 -0.0259559 -0.0257304 -0.0255156 -0.0253056 -0.0251053 -0.0249089 -0.0247268 -0.0245407 -0.0243719 -0.0242091 -0.0240572 -0.0239048 -0.0237736 -0.0236435 -0.0235263 -0.0234141 -0.0233191 -0.0232249 -0.0231475 -0.0230747 -0.0230169 -0.0229629 -0.0229253 -0.0228916 -0.0228737 -0.0228601 -0.0228619 -0.0228684 -0.0228908 -0.0229165 -0.0229582 -0.0230051 -0.0230664 -0.0231304 -0.0232131 -0.0232978 -0.0233957 -0.0234991 -0.0236204 -0.0237387 -0.0238738 -0.0240147 -0.0241677 -0.0243204 -0.0244913 -0.0246601 -0.0248414 -0.025031 -0.0252281 -0.0254176 -0.0256251 -0.0258453 -0.0260601 -0.0262695 -0.0264949 -0.0267336 -0.02696 -0.0271889 -0.0274265 -0.0276702 -0.0279 -0.0281441 -0.0283873 -0.0286287 -0.0288618 -0.0291014 -0.0293364 -0.0295729 -0.0298 -0.030012 -0.0302282 -0.0304345 -0.0306179 -0.0307808 -0.0309465 -0.0310755 -0.0311701 -0.0312349 -0.0312668 -0.0312561 -0.0311888 -0.0310538 -0.0308541 -0.0305947 -0.0302253 -0.0297546 -0.0291803 -0.0284892 -0.0276685 -0.0266908 -0.0255512 -0.024257 -0.0228018 -0.0211459 -0.0192982 -0.0172508 -0.0150108 -0.0125827 -0.0099245 -0.00704983 -0.00395989 -0.000658152 0.00286065 0.00662951 0.0106597 0.0149422 0.0194549 0.0241765 0.0290548 0.0340224 0.0389377 0.0436136 0.0478643 0.0514719 0.0542903 0.0561858 0.0570875 0.0570449 0.0561728 0.0547531 0.0531342 0.0517084 0.0508842 0.0509629 0.0521978 
0 -0.00940223 -0.0185787 -0.0273435 -0.0354639 -0.0427749 -0.0491161 -0.0543614 -0.0584957 -0.0615162 -0.0635277 -0.0646673 -0.0650763 -0.0649518 -0.0644556 -0.0637706 -0.0630483 -0.0623815 -0.0618152 -0.0613541 -0.0609729 -0.0606471 -0.0603642 -0.0600496 -0.0596982 -0.059255 -0.058708 -0.0581009 -0.057374 -0.0565805 -0.0556909 -0.054721 -0.053723 -0.0526725 -0.0516004 -0.0505026 -0.0494068 -0.0483115 -0.0472515 -0.0461959 -0.0451709 -0.0442028 -0.0432634 -0.0423885 -0.041545 -0.0407607 -0.0400162 -0.0393384 -0.0386911 -0.0380911 -0.0375541 -0.0370381 -0.0365656 -0.0361228 -0.0357169 -0.0353237 -0.0349872 -0.034644 -0.0343279 -0.0340348 -0.0337447 -0.0334623 -0.0332058 -0.032959 -0.0326961 -0.0324569 -0.0322101 -0.0319778 -0.0317361 -0.0315217 -0.0312879 -0.0310557 -0.0308256 -0.030629 -0.0304109 -0.0301895 -0.0299818 -0.0297891 -0.029593 -0.0293991 -0.0292135 -0.0290329 -0.0288693 -0.0286994 -0.0285428 -0.028391 -0.0282568 -0.0281147 -0.0279968 -0.0278757 -0.0277737 -0.0276687 -0.0275879 -0.0275005 -0.0274372 -0.0273702 -0.0273264 -0.0272777 -0.0272539 -0.0272252 -0.0272206 -0.0272113 -0.027227 -0.0272374 -0.0272716 -0.0273022 -0.0273563 -0.0274043 -0.0274781 -0.0275464 -0.0276353 -0.027723 -0.0278326 -0.0279332 -0.0280578 -0.0281825 -0.02832 -0.0284543 -0.0286083 -0.0287616 -0.0289291 -0.0290935 -0.0292591 -0.0294428 -0.0296382 -0.0298195 -0.0299941 -0.0302014 -0.0304046 -0.0306051 -0.0307908 -0.0310012 -0.0311992 -0.0314064 -0.0316001 -0.031811 -0.0319894 -0.0321795 -0.0323736 -0.0325549 -0.0327176 -0.032888 -0.033039 -0.0331611 -0.0332989 -0.0334009 -0.0334893 -0.0335451 -0.0335837 -0.0335734 -0.0335514 -0.0334752 -0.0333523 -0.033189 -0.0329614 -0.0326665 -0.0322886 -0.0318548 -0.0313087 -0.0306824 -0.0299288 -0.0290525 -0.0280586 -0.0269131 -0.0256071 -0.0241379 -0.0225094 -0.0206861 -0.0186978 -0.0164804 -0.0140763 -0.0114881 -0.00867506 -0.0056797 -0.00244561 0.000990218 0.00463004 0.00850105 0.0126083 0.0169744 0.02159 0.0264325 0.0314608 0.0366383 0.0418439 0.0469445 0.0517343 0.0559727 0.0594766 0.0620229 0.0635044 0.0638562 0.0631049 0.0614618 0.0591935 0.0567301 0.0545315 0.0530192 0.0526064 0.0535325 
0 -0.0101399 -0.0200581 -0.0294817 -0.0382396 -0.0460863 -0.0528747 -0.0584957 -0.0628737 -0.0660741 -0.0681579 -0.0692909 -0.0696459 -0.0694052 -0.0687852 -0.0679598 -0.0670977 -0.0663013 -0.0656304 -0.0650844 -0.0646569 -0.0643123 -0.0640058 -0.0637084 -0.0633483 -0.0629151 -0.0623821 -0.0617413 -0.0610068 -0.0601663 -0.0592334 -0.0582236 -0.0571534 -0.0560257 -0.0548743 -0.053692 -0.0525011 -0.0513376 -0.0501754 -0.0490585 -0.0479869 -0.0469426 -0.045967 -0.0450442 -0.0441684 -0.0433727 -0.042629 -0.0419338 -0.041314 -0.0407327 -0.0401906 -0.0397117 -0.0392667 -0.0388653 -0.038502 -0.0381618 -0.0378467 -0.037559 -0.0372948 -0.0370423 -0.0368125 -0.0365999 -0.0363851 -0.0361618 -0.0359787 -0.0357926 -0.0355936 -0.0354116 -0.0352347 -0.0350351 -0.0348536 -0.0346916 -0.0345121 -0.0343241 -0.0341389 -0.0339807 -0.0338176 -0.0336386 -0.0334601 -0.0333189 -0.033158 -0.0329973 -0.0328504 -0.0327157 -0.0325666 -0.0324425 -0.0323173 -0.0321969 -0.0320828 -0.0319861 -0.0318833 -0.0317964 -0.0317154 -0.0316446 -0.0315769 -0.0315241 -0.0314748 -0.031438 -0.0314063 -0.0313872 -0.0313733 -0.0313717 -0.0313755 -0.0313915 -0.0314122 -0.0314469 -0.0314841 -0.0315337 -0.0315903 -0.0316576 -0.0317238 -0.0318105 -0.0318961 -0.0319888 -0.0320902 -0.0322054 -0.0323061 -0.0324338 -0.032565 -0.0326871 -0.0328098 -0.0329691 -0.0331094 -0.0332447 -0.033385 -0.0335458 -0.0337028 -0.0338523 -0.0339865 -0.0341457 -0.0343066 -0.0344458 -0.034592 -0.0347376 -0.0348612 -0.0349891 -0.0351301 -0.0352367 -0.0353325 -0.0354208 -0.0355002 -0.0355536 -0.035594 -0.0356173 -0.035608 -0.0355593 -0.0354935 -0.0353917 -0.0352421 -0.0350662 -0.0348234 -0.0345237 -0.0341817 -0.0337573 -0.0332633 -0.032709 -0.03205 -0.0313002 -0.0304574 -0.0294821 -0.0284008 -0.0271936 -0.0258345 -0.0243441 -0.0226846 -0.0208567 -0.0188631 -0.0166864 -0.0143251 -0.0117777 -0.00904275 -0.00611572 -0.0030094 0.000302991 0.00380933 0.0075088 0.0114139 0.0155181 0.0198531 0.0244219 0.0292226 0.0342305 0.0394133 0.0446899 0.0499547 0.0550402 0.0597076 0.0637501 0.0668932 0.0689647 0.0698228 0.069391 0.0677852 0.0651592 0.0619043 0.0584605 0.055319 0.0530274 0.0519488 0.0524471 
0 -0.0107032 -0.0211524 -0.0310959 -0.0403005 -0.0485434 -0.0556584 -0.0615162 -0.0660741 -0.0693606 -0.0714658 -0.0725563 -0.0728066 -0.0724408 -0.0716744 -0.0707026 -0.0697041 -0.0687866 -0.0680137 -0.0674087 -0.0669465 -0.0665902 -0.0663035 -0.0660094 -0.0656915 -0.0652989 -0.0647995 -0.0642127 -0.0634829 -0.0626618 -0.0617333 -0.0607041 -0.059614 -0.0584425 -0.0572433 -0.0560167 -0.0547814 -0.0535401 -0.0523211 -0.0511297 -0.0499873 -0.048897 -0.0478512 -0.0468865 -0.0459789 -0.045153 -0.0443669 -0.043661 -0.043024 -0.0424448 -0.0419313 -0.0414565 -0.0410393 -0.0406717 -0.0403393 -0.0400213 -0.0397802 -0.0395444 -0.0393295 -0.0391368 -0.0389608 -0.0388017 -0.0386598 -0.0385202 -0.0383885 -0.0382739 -0.0381351 -0.0380199 -0.0379044 -0.0378001 -0.0376737 -0.0375512 -0.0374275 -0.037331 -0.0372021 -0.0370766 -0.036962 -0.0368441 -0.0367196 -0.0366135 -0.0364925 -0.0363675 -0.03627 -0.0361621 -0.0360465 -0.0359464 -0.0358599 -0.0357548 -0.0356707 -0.0355882 -0.035513 -0.0354338 -0.0353763 -0.0353104 -0.0352622 -0.0352097 -0.0351762 -0.0351372 -0.0351166 -0.0350908 -0.0350859 -0.035074 -0.0350815 -0.0350843 -0.0351062 -0.0351228 -0.035157 -0.0351857 -0.035236 -0.0352768 -0.0353323 -0.0353916 -0.0354619 -0.0355179 -0.0356016 -0.0356832 -0.0357571 -0.0358394 -0.0359408 -0.0360225 -0.0361138 -0.0362173 -0.0363009 -0.0363952 -0.0365063 -0.0365972 -0.0366675 -0.0367727 -0.0368672 -0.0369532 -0.0370149 -0.0370929 -0.0371633 -0.0372299 -0.0372635 -0.0373165 -0.0373366 -0.0373378 -0.0373359 -0.0373185 -0.0372671 -0.0371938 -0.0370851 -0.0369428 -0.036794 -0.0365713 -0.0363194 -0.0360231 -0.0356732 -0.0352479 -0.0347796 -0.0342391 -0.0336327 -0.0329381 -0.0321465 -0.0312789 -0.0302987 -0.0292254 -0.0280176 -0.026706 -0.0252645 -0.0236798 -0.0219487 -0.0200682 -0.0180336 -0.0158432 -0.0134925 -0.0109542 -0.00827402 -0.00540197 -0.00237137 0.000823911 0.00420511 0.00772563 0.0114301 0.0152961 0.0193375 0.0235753 0.0280073 0.0326512 0.0375044 0.0425382 0.0477065 0.0529285 0.0580567 0.0629261 0.0672897 0.0708985 0.0735111 0.0748988 0.0749426 0.0735907 0.0709427 0.0672432 0.0628733 0.0583421 0.0541989 0.0509944 0.049196 0.0491499 
0 -0.0110991 -0.0219326 -0.0322223 -0.0417347 -0.050228 -0.0575335 -0.0635277 -0.0681579 -0.0714658 -0.0735357 -0.0745396 -0.0746714 -0.0741625 -0.073247 -0.0721282 -0.0709885 -0.069943 -0.0690699 -0.068397 -0.0679099 -0.0675661 -0.0673101 -0.0670776 -0.0668286 -0.0665219 -0.0661165 -0.0656029 -0.0649485 -0.064184 -0.0633093 -0.0623271 -0.0612582 -0.0600914 -0.0588814 -0.0576337 -0.0563619 -0.0550791 -0.0537995 -0.0525561 -0.0513603 -0.0502022 -0.0490892 -0.0480515 -0.0470821 -0.0461996 -0.0453685 -0.0446143 -0.0439495 -0.0433465 -0.0428048 -0.0423185 -0.041903 -0.0415499 -0.0412372 -0.0409494 -0.0407277 -0.0405324 -0.0403619 -0.0402178 -0.0401024 -0.0400147 -0.0399294 -0.0398457 -0.0397929 -0.0397567 -0.0396964 -0.039657 -0.039622 -0.0395817 -0.0395348 -0.0395 -0.0394591 -0.0394163 -0.0393537 -0.0393078 -0.039268 -0.0392019 -0.0391324 -0.0390891 -0.0390269 -0.0389503 -0.038898 -0.0388386 -0.0387658 -0.0387063 -0.0386545 -0.0385865 -0.0385312 -0.0384798 -0.0384287 -0.0383754 -0.038335 -0.038291 -0.0382555 -0.0382182 -0.0381921 -0.0381649 -0.0381458 -0.0381255 -0.0381186 -0.0381076 -0.0381063 -0.0381056 -0.038115 -0.0381214 -0.0381376 -0.0381528 -0.0381794 -0.0381998 -0.0382279 -0.0382614 -0.0382975 -0.0383235 -0.0383691 -0.0384109 -0.0384406 -0.0384832 -0.0385363 -0.0385616 -0.0385962 -0.0386513 -0.03868 -0.0386988 -0.0387366 -0.0387676 -0.0387776 -0.0387939 -0.0387995 -0.0388031 -0.0387898 -0.0387726 -0.0387486 -0.0387091 -0.0386348 -0.0385757 -0.0384958 -0.0383755 -0.0382355 -0.0380828 -0.0378919 -0.0376652 -0.0374007 -0.0371015 -0.0367634 -0.0363461 -0.0358883 -0.0353819 -0.0348063 -0.0341468 -0.0334168 -0.0326053 -0.0317157 -0.0307133 -0.029608 -0.0284181 -0.0271045 -0.0256712 -0.0240993 -0.0224063 -0.0205889 -0.0186284 -0.016513 -0.0142629 -0.0118688 -0.00933004 -0.00663956 -0.00378385 -0.000804312 0.00232286 0.00558354 0.00898665 0.0125342 0.0161997 0.0200024 0.0239404 0.0280306 0.0322816 0.0366977 0.0412858 0.0460496 0.0509617 0.0559681 0.0609678 0.065803 0.0702881 0.0741679 0.07719 0.0790898 0.0796492 0.078741 0.0763327 0.0725646 0.0676976 0.0621669 0.05651 0.0513137 0.0471809 0.0445995 0.0439633 
0 -0.0113484 -0.0224242 -0.0329212 -0.0426127 -0.0512379 -0.058627 -0.0646673 -0.0692909 -0.0725563 -0.0745396 -0.0754164 -0.0754017 -0.0747266 -0.0736472 -0.0723732 -0.0710888 -0.0699179 -0.0689511 -0.0682182 -0.0677165 -0.0673993 -0.0671878 -0.067041 -0.0668868 -0.0667003 -0.066435 -0.0660398 -0.0655188 -0.064861 -0.0640894 -0.063203 -0.0621983 -0.0610865 -0.0599102 -0.0586872 -0.0574171 -0.0561256 -0.0548042 -0.0535152 -0.0522634 -0.0510287 -0.0498428 -0.0487155 -0.0476657 -0.0466921 -0.0457811 -0.0449355 -0.0441995 -0.0435379 -0.0429354 -0.0424096 -0.041958 -0.0415816 -0.0412494 -0.0409689 -0.0407434 -0.0405754 -0.0404323 -0.0403171 -0.0402412 -0.0402066 -0.0401763 -0.0401504 -0.0401708 -0.040197 -0.040212 -0.0402415 -0.040294 -0.0403259 -0.04036 -0.040399 -0.0404431 -0.0404697 -0.0404873 -0.0405153 -0.0405457 -0.0405467 -0.0405466 -0.0405671 -0.0405648 -0.0405494 -0.0405477 -0.0405448 -0.0405199 -0.0405086 -0.0404947 -0.0404742 -0.0404501 -0.0404368 -0.0404125 -0.0403929 -0.0403704 -0.0403548 -0.0403325 -0.040316 -0.0402966 -0.0402857 -0.0402667 -0.0402558 -0.0402438 -0.0402364 -0.0402228 -0.0402201 -0.0402123 -0.0402092 -0.0402019 -0.0402033 -0.040199 -0.0401981 -0.0401922 -0.0401972 -0.0401902 -0.0401845 -0.0401829 -0.0401814 -0.0401596 -0.0401549 -0.0401485 -0.0401202 -0.0400908 -0.0400803 -0.0400443 -0.0399939 -0.0399546 -0.0399076 -0.0398423 -0.0397685 -0.0396916 -0.0396013 -0.0394971 -0.0393714 -0.0392497 -0.0390983 -0.0389171 -0.0387274 -0.0385276 -0.038271 -0.0379898 -0.0376926 -0.0373517 -0.036953 -0.036512 -0.036039 -0.0354974 -0.0348835 -0.0342084 -0.0334766 -0.0326526 -0.0317442 -0.0307377 -0.0296498 -0.028469 -0.0271516 -0.0257237 -0.0241952 -0.0225398 -0.0207402 -0.0188135 -0.0167478 -0.0145678 -0.012244 -0.00976084 -0.00716195 -0.0044367 -0.0015895 0.00139257 0.00450006 0.00771629 0.0110244 0.0144401 0.0179711 0.0215897 0.0253053 0.0290974 0.0329958 0.0370203 0.0411664 0.0454514 0.0498689 0.0544272 0.0590977 0.063818 0.068461 0.0728673 0.0768265 0.0800821 0.0823858 0.0834457 0.0830706 0.0811234 0.0775934 0.0726658 0.0666101 0.0599192 0.053148 0.0469136 0.0418682 0.0385071 0.0372717 
0 -0.0114881 -0.0226727 -0.0332863 -0.0430325 -0.0516952 -0.0590838 -0.0650763 -0.0696459 -0.0728066 -0.0746714 -0.0754017 -0.0752168 -0.0743689 -0.0731131 -0.0716735 -0.0702308 -0.0689293 -0.0678457 -0.067053 -0.0665282 -0.0662271 -0.0660929 -0.0660229 -0.066007 -0.0659695 -0.0658615 -0.0656538 -0.0652873 -0.0647977 -0.0641816 -0.0634326 -0.0625502 -0.0615465 -0.0604448 -0.0592854 -0.0580702 -0.056777 -0.0554694 -0.0541481 -0.0528423 -0.0515595 -0.0502831 -0.0490617 -0.047916 -0.0468316 -0.0457954 -0.0448516 -0.0439886 -0.0432184 -0.0425294 -0.0419032 -0.0413722 -0.0409288 -0.0405415 -0.0402035 -0.039962 -0.0397706 -0.039617 -0.0395096 -0.0394512 -0.0394256 -0.0394309 -0.0394651 -0.0395153 -0.039594 -0.0396747 -0.0397668 -0.0398694 -0.0399946 -0.0401 -0.0401992 -0.040308 -0.0404293 -0.040527 -0.0406152 -0.0407079 -0.0407931 -0.0408708 -0.0409425 -0.0410055 -0.0410558 -0.0411155 -0.0411599 -0.0411964 -0.041227 -0.0412649 -0.0412836 -0.0413055 -0.0413201 -0.0413382 -0.0413419 -0.0413525 -0.0413537 -0.0413593 -0.0413527 -0.0413544 -0.0413465 -0.0413422 -0.0413284 -0.0413235 -0.0413067 -0.0412945 -0.0412751 -0.041262 -0.0412358 -0.0412164 -0.0411888 -0.0411651 -0.0411275 -0.0410983 -0.0410595 -0.0410197 -0.0409669 -0.0409249 -0.0408672 -0.0408051 -0.0407358 -0.0406694 -0.0405841 -0.0405014 -0.0404062 -0.0402961 -0.040184 -0.0400761 -0.0399373 -0.0397752 -0.0396283 -0.0394729 -0.0392808 -0.0390614 -0.0388534 -0.0386185 -0.0383511 -0.0380576 -0.0377548 -0.0374012 -0.0370155 -0.0365997 -0.0361461 -0.0356394 -0.0350787 -0.0344589 -0.0337854 -0.0330599 -0.032235 -0.0313373 -0.0303718 -0.0293114 -0.0281254 -0.0268575 -0.0254894 -0.0239935 -0.0223748 -0.0206201 -0.0187494 -0.0167547 -0.014615 -0.0123206 -0.00992551 -0.00739955 -0.00473275 -0.00194663 0.000966324 0.00396085 0.00705213 0.0102532 0.0135461 0.0168956 0.020311 0.0237859 0.0273248 0.0309381 0.0345691 0.0382597 0.0420156 0.0458538 0.0498061 0.0538418 0.0579874 0.0622354 0.0665576 0.0708802 0.0750666 0.0789343 0.0822646 0.0848143 0.0862954 0.0864634 0.0850874 0.0820621 0.0774208 0.0713202 0.0641376 0.0563276 0.0484989 0.041313 0.0353818 0.0313103 0.0294864 
0 -0.0115263 -0.0227506 -0.0333672 -0.0431066 -0.0517271 -0.0590426 -0.0649518 -0.0694052 -0.0724408 -0.0741625 -0.0747266 -0.0743689 -0.0733403 -0.0718999 -0.070287 -0.0686741 -0.0672094 -0.0660065 -0.0651079 -0.0645398 -0.0642496 -0.0641459 -0.0641931 -0.0642946 -0.0644232 -0.0645198 -0.0644896 -0.0643511 -0.0640578 -0.0636411 -0.0630947 -0.0623855 -0.0615417 -0.0605796 -0.0595333 -0.0583905 -0.0571786 -0.0558877 -0.0545807 -0.0532663 -0.0519253 -0.0505923 -0.0492755 -0.0480169 -0.0467984 -0.0456506 -0.0445463 -0.0435465 -0.0426346 -0.0417787 -0.0410218 -0.0403595 -0.0397905 -0.0392934 -0.0388917 -0.0385367 -0.0382842 -0.0380831 -0.0379347 -0.0378502 -0.0378279 -0.0378255 -0.0378484 -0.0379308 -0.0380313 -0.0381546 -0.0382819 -0.0384492 -0.038594 -0.0387597 -0.0389366 -0.0391288 -0.0392758 -0.0394397 -0.0396115 -0.0397805 -0.0399187 -0.0400561 -0.0401946 -0.0403254 -0.0404402 -0.040542 -0.0406485 -0.0407372 -0.0408226 -0.0408934 -0.0409682 -0.0410204 -0.0410814 -0.041122 -0.0411684 -0.0411944 -0.0412315 -0.0412449 -0.0412693 -0.0412724 -0.0412865 -0.0412781 -0.0412816 -0.0412631 -0.0412568 -0.0412272 -0.0412095 -0.0411711 -0.0411423 -0.0410906 -0.0410522 -0.0409903 -0.0409358 -0.0408629 -0.0407975 -0.0407073 -0.0406274 -0.0405278 -0.0404252 -0.0403072 -0.0401961 -0.0400618 -0.0399169 -0.0397641 -0.0396118 -0.0394434 -0.0392452 -0.0390435 -0.0388436 -0.0386312 -0.0383685 -0.0381116 -0.0378372 -0.0375508 -0.0372193 -0.0368862 -0.0365029 -0.0361009 -0.0356596 -0.0352058 -0.0346822 -0.0341096 -0.0335044 -0.0328467 -0.0321103 -0.0313195 -0.0304793 -0.0295231 -0.0285016 -0.0273844 -0.0261847 -0.0248717 -0.0234536 -0.0218955 -0.020241 -0.0184563 -0.0165151 -0.0144576 -0.0122684 -0.00995305 -0.00747702 -0.00488378 -0.00215814 0.000660385 0.00359698 0.00665338 0.009782 0.0129802 0.0162419 0.0195787 0.0229526 0.026367 0.0297688 0.0332004 0.0366651 0.0401203 0.0436012 0.0470657 0.0505727 0.0541482 0.057778 0.0614888 0.065266 0.0691137 0.0730102 0.0768577 0.0805073 0.0837765 0.0864197 0.0881967 0.0888381 0.088065 0.0856965 0.0816152 0.0758783 0.0687049 0.0604445 0.0516284 0.0428535 0.0347885 0.0281056 0.0233644 0.0210236 
0 -0.0115051 -0.0226874 -0.0332667 -0.0429288 -0.0514636 -0.0586739 -0.0644556 -0.0687852 -0.0716744 -0.073247 -0.0736472 -0.0731131 -0.0718999 -0.0702694 -0.0684621 -0.066654 -0.0650168 -0.0636434 -0.0626268 -0.061973 -0.0616382 -0.0615647 -0.0616586 -0.0618833 -0.0621665 -0.0624453 -0.0626509 -0.0627412 -0.0627001 -0.0625316 -0.0622222 -0.0617396 -0.0611198 -0.0603462 -0.0594718 -0.0584886 -0.0573752 -0.0561872 -0.0549209 -0.0536099 -0.0522633 -0.0508826 -0.0494951 -0.0481436 -0.0468027 -0.045497 -0.0442478 -0.0430573 -0.0419605 -0.040936 -0.0399992 -0.0391555 -0.0384122 -0.0377541 -0.0371895 -0.03672 -0.0363484 -0.0360446 -0.0358115 -0.0356578 -0.0355522 -0.0355133 -0.0355328 -0.035583 -0.0356652 -0.0357949 -0.0359335 -0.0361047 -0.0363037 -0.0365067 -0.0367047 -0.0369183 -0.0371425 -0.037373 -0.0375821 -0.0377807 -0.0379951 -0.0382018 -0.038382 -0.0385596 -0.0387356 -0.0388915 -0.039042 -0.039182 -0.0393083 -0.039425 -0.039537 -0.0396311 -0.0397205 -0.039798 -0.0398677 -0.0399263 -0.039979 -0.040017 -0.0400537 -0.0400763 -0.0400918 -0.0400987 -0.0401008 -0.0400864 -0.0400719 -0.0400451 -0.0400099 -0.039965 -0.0399167 -0.039852 -0.0397848 -0.039705 -0.0396171 -0.039519 -0.0394141 -0.0392924 -0.0391684 -0.0390296 -0.0388794 -0.0387207 -0.0385494 -0.0383593 -0.038172 -0.0379663 -0.0377315 -0.0374954 -0.0372587 -0.0369919 -0.0366998 -0.036397 -0.0360838 -0.0357575 -0.0353882 -0.0349919 -0.0345858 -0.0341491 -0.0336655 -0.0331648 -0.0326094 -0.0320033 -0.0313606 -0.03067 -0.0299109 -0.0290966 -0.0282005 -0.0272304 -0.0261884 -0.0250569 -0.0238291 -0.0224943 -0.0210578 -0.0195002 -0.0178128 -0.0160019 -0.0140786 -0.0119977 -0.0097854 -0.00743001 -0.00493912 -0.00233366 0.000413849 0.00328287 0.00624058 0.00929544 0.0124521 0.0156726 0.0189679 0.0222765 0.0256138 0.0289871 0.0323503 0.0357044 0.0390165 0.0423064 0.0455734 0.0488102 0.0519969 0.0551564 0.0583198 0.0615148 0.0647687 0.0680603 0.0714163 0.0748153 0.0782298 0.0815587 0.0846328 0.0872615 0.0891918 0.0901901 0.0899674 0.0882868 0.0849472 0.0798632 0.0731316 0.0649552 0.0557638 0.0460565 0.0364639 0.0276778 0.0203302 0.0150547 0.012262 
0 -0.0114466 -0.0225623 -0.0330616 -0.0426252 -0.0510455 -0.0581269 -0.0637706 -0.0679598 -0.0707026 -0.0721282 -0.0723732 -0.0716735 -0.070287 -0.0684621 -0.0664529 -0.0644323 -0.0625772 -0.0610032 -0.0598012 -0.0590063 -0.0585802 -0.0584702 -0.0585969 -0.0589033 -0.059322 -0.0597806 -0.0601999 -0.0605393 -0.0607657 -0.0608739 -0.0608478 -0.0606489 -0.0602999 -0.0597812 -0.059128 -0.0583357 -0.0573948 -0.0563446 -0.0551845 -0.0539438 -0.0526286 -0.0512464 -0.0498217 -0.0483869 -0.046936 -0.0455076 -0.0441049 -0.0427402 -0.0414472 -0.0402081 -0.0390574 -0.0379987 -0.0370351 -0.0361753 -0.0354243 -0.0347579 -0.0342021 -0.0337397 -0.0333683 -0.0330928 -0.0328838 -0.0327496 -0.0326845 -0.0326696 -0.032706 -0.0328059 -0.0329262 -0.0330835 -0.0332635 -0.0334694 -0.0336994 -0.0339405 -0.0341722 -0.0344272 -0.0346808 -0.0349239 -0.0351751 -0.0354173 -0.0356376 -0.0358645 -0.0360863 -0.0362775 -0.0364672 -0.0366506 -0.0368159 -0.0369653 -0.0371115 -0.0372381 -0.0373581 -0.0374602 -0.0375555 -0.0376371 -0.0377088 -0.0377613 -0.0378158 -0.0378486 -0.037871 -0.0378851 -0.0378927 -0.0378745 -0.0378593 -0.0378289 -0.0377843 -0.0377268 -0.0376688 -0.0375859 -0.0374989 -0.0373984 -0.037288 -0.0371604 -0.0370267 -0.0368742 -0.0367178 -0.0365391 -0.0363492 -0.0361528 -0.0359407 -0.0357008 -0.0354637 -0.0352099 -0.0349283 -0.0346418 -0.0343386 -0.0340034 -0.0336641 -0.0333114 -0.032912 -0.0324984 -0.0320655 -0.0316028 -0.0311041 -0.0305701 -0.0299883 -0.0293837 -0.0287194 -0.0280064 -0.0272427 -0.026411 -0.0255054 -0.0245427 -0.0234928 -0.0223611 -0.0211384 -0.0198011 -0.0183692 -0.0168205 -0.0151507 -0.013359 -0.0114343 -0.00936345 -0.00717085 -0.00482389 -0.00234702 0.0002579 0.00299601 0.00584427 0.00881439 0.0118863 0.0150329 0.0182468 0.0215243 0.0248318 0.0281721 0.031498 0.0348161 0.0381216 0.0413732 0.0445711 0.0476799 0.0507217 0.053697 0.0565984 0.0594272 0.0622005 0.0649561 0.0677302 0.07054 0.0733832 0.0762759 0.0791937 0.0821073 0.0848945 0.0873842 0.0893694 0.0905926 0.0908222 0.0897679 0.0872081 0.0829586 0.0769548 0.06932 0.0602829 0.0502885 0.0398517 0.0296043 0.0202369 0.0123858 0.00667926 0.00353707 
0 -0.0113766 -0.0224202 -0.0328252 -0.0422876 -0.0505868 -0.0575378 -0.0630483 -0.0670977 -0.0697041 -0.0709885 -0.0710888 -0.0702308 -0.0686741 -0.066654 -0.0644323 -0.0621859 -0.0600867 -0.0582869 -0.0568589 -0.0558723 -0.0552997 -0.0550834 -0.055185 -0.0555099 -0.0560134 -0.056616 -0.0572239 -0.0578098 -0.0583082 -0.0587076 -0.058982 -0.0590968 -0.0590535 -0.058841 -0.0584687 -0.0579261 -0.0572291 -0.0563721 -0.0553752 -0.0542535 -0.0530153 -0.0516848 -0.0502756 -0.0488073 -0.0472845 -0.0457622 -0.0442183 -0.0426939 -0.0412113 -0.0397676 -0.0384059 -0.037119 -0.0359092 -0.0348036 -0.0338243 -0.0329225 -0.0321472 -0.0314789 -0.0309173 -0.0304546 -0.0300822 -0.0298053 -0.0296164 -0.0294958 -0.0294326 -0.0294478 -0.0295007 -0.029612 -0.0297461 -0.0299241 -0.03013 -0.0303569 -0.0305809 -0.0308467 -0.0311072 -0.0313592 -0.0316269 -0.0318953 -0.0321396 -0.0323897 -0.0326398 -0.032859 -0.0330778 -0.0332877 -0.0334832 -0.0336562 -0.0338292 -0.0339788 -0.0341246 -0.0342427 -0.0343601 -0.034458 -0.0345462 -0.0346077 -0.0346784 -0.0347168 -0.0347468 -0.034764 -0.0347781 -0.0347545 -0.0347407 -0.034705 -0.034655 -0.0345848 -0.0345213 -0.0344217 -0.0343205 -0.0342015 -0.0340757 -0.033922 -0.033768 -0.0335895 -0.0334078 -0.0331978 -0.0329814 -0.0327508 -0.0325053 -0.0322313 -0.0319616 -0.0316659 -0.0313418 -0.0310187 -0.0306756 -0.0302906 -0.0298981 -0.0295 -0.0290443 -0.0285722 -0.0280762 -0.0275471 -0.0269632 -0.0263543 -0.0256927 -0.0249955 -0.02422 -0.0233986 -0.0225184 -0.0215619 -0.0205224 -0.0194097 -0.0181998 -0.0168936 -0.0154879 -0.0139498 -0.0123216 -0.0105548 -0.00864728 -0.00661188 -0.0044533 -0.00213761 0.00029964 0.0028745 0.00558201 0.00839609 0.0113366 0.0143683 0.0174891 0.0206734 0.0239209 0.0272 0.0305025 0.0338097 0.0370934 0.0403398 0.0435301 0.0466552 0.049686 0.0526256 0.0554386 0.0581472 0.0607549 0.0632426 0.0656525 0.067978 0.0702771 0.0725959 0.0749339 0.0773267 0.0797585 0.0822104 0.0846385 0.0868989 0.0888231 0.0901836 0.0907254 0.0902131 0.0883728 0.0849867 0.0799034 0.0730788 0.0646519 0.0548947 0.0442394 0.0332326 0.0224945 0.0127004 0.00450528 -0.00150494 -0.00488387 
0 -0.0113162 -0.0222901 -0.0326136 -0.0419791 -0.0501653 -0.0569969 -0.0623815 -0.0663013 -0.0687866 -0.069943 -0.0699179 -0.0689293 -0.0672094 -0.0650168 -0.0625772 -0.0600867 -0.0577409 -0.0556584 -0.0539804 -0.0527441 -0.0519522 -0.0515983 -0.0515849 -0.0518913 -0.0524225 -0.0530992 -0.0538697 -0.054645 -0.0553937 -0.0560701 -0.0566408 -0.0570716 -0.057367 -0.0574806 -0.0574196 -0.0571917 -0.0567591 -0.0561793 -0.0554085 -0.054468 -0.0533897 -0.0521741 -0.0508379 -0.0493978 -0.0478746 -0.0462844 -0.044681 -0.0430298 -0.0413832 -0.0397693 -0.0382028 -0.0366833 -0.0352309 -0.0338809 -0.0326193 -0.0314772 -0.0304302 -0.0295057 -0.0287034 -0.0280245 -0.0274208 -0.0269472 -0.0265947 -0.0263035 -0.0260931 -0.0259808 -0.0259361 -0.0259265 -0.0259933 -0.0261041 -0.0262538 -0.026408 -0.0266183 -0.0268575 -0.0270956 -0.0273198 -0.0275936 -0.027864 -0.0281109 -0.0283609 -0.0286231 -0.0288621 -0.0290889 -0.0293147 -0.0295232 -0.0297189 -0.0298978 -0.030071 -0.030223 -0.030362 -0.0304823 -0.030602 -0.0306888 -0.0307689 -0.0308367 -0.0308915 -0.0309139 -0.0309455 -0.0309499 -0.0309367 -0.0309098 -0.0308828 -0.0308164 -0.0307505 -0.0306692 -0.0305714 -0.0304478 -0.0303281 -0.0301797 -0.0300194 -0.0298414 -0.0296564 -0.029446 -0.0292233 -0.0289852 -0.028738 -0.0284605 -0.028168 -0.0278779 -0.027557 -0.0271992 -0.0268414 -0.0264819 -0.0260638 -0.0256268 -0.0251744 -0.024701 -0.0241726 -0.0236198 -0.0230211 -0.0223936 -0.0216948 -0.0209613 -0.0201758 -0.0193121 -0.0183669 -0.0173828 -0.0163089 -0.0151179 -0.0138557 -0.0124939 -0.0110125 -0.00939978 -0.00768853 -0.00583584 -0.0038533 -0.00172138 0.000538065 0.00293279 0.00545429 0.00811332 0.0109016 0.013769 0.0167565 0.0198319 0.0229754 0.0261663 0.0294048 0.0326499 0.0359121 0.0391522 0.0423284 0.045474 0.0485205 0.051478 0.0543239 0.0570349 0.059612 0.0620496 0.0643413 0.0664952 0.0685422 0.0704675 0.0723437 0.074186 0.0760365 0.0779484 0.0798941 0.0819056 0.0839301 0.0858951 0.0876746 0.0890637 0.0898408 0.0897478 0.0885406 0.0859633 0.0818234 0.0759813 0.0684366 0.0593487 0.0489963 0.0378494 0.026426 0.0153572 0.00530738 -0.00310938 -0.00928361 -0.0128128 
0 -0.0112651 -0.0221857 -0.0324341 -0.0417194 -0.0498074 -0.0565369 -0.0618152 -0.0656304 -0.0680137 -0.0690699 -0.0689511 -0.0678457 -0.0660065 -0.0636434 -0.0610032 -0.0582869 -0.0556584 -0.0533136 -0.0513251 -0.0497989 -0.0487544 -0.0481547 -0.0480023 -0.0481932 -0.0486825 -0.0493889 -0.0502304 -0.0511586 -0.0521046 -0.0530157 -0.0538508 -0.0545977 -0.055201 -0.0556688 -0.0559489 -0.0560338 -0.0559558 -0.0556689 -0.0551946 -0.0545165 -0.0536556 -0.0526281 -0.0514519 -0.0501082 -0.0486369 -0.047091 -0.0454506 -0.0437559 -0.0420107 -0.0402576 -0.0385177 -0.036812 -0.0351281 -0.0335243 -0.0320267 -0.0305963 -0.0292643 -0.0280586 -0.026987 -0.026018 -0.0251814 -0.0244594 -0.0238578 -0.0233576 -0.0229632 -0.0226642 -0.0224598 -0.0223278 -0.0222452 -0.0222351 -0.0222958 -0.0223969 -0.0225102 -0.0226741 -0.0228666 -0.0230801 -0.0233017 -0.023539 -0.0237703 -0.0240194 -0.0242651 -0.0245003 -0.0247235 -0.0249521 -0.0251653 -0.0253628 -0.0255463 -0.0257244 -0.0258847 -0.0260252 -0.026155 -0.0262748 -0.0263705 -0.0264507 -0.0265254 -0.0265772 -0.0266085 -0.0266342 -0.0266435 -0.026626 -0.0266026 -0.0265663 -0.0265042 -0.0264289 -0.026347 -0.0262399 -0.0261151 -0.0259835 -0.0258331 -0.0256604 -0.0254763 -0.0252818 -0.0250639 -0.0248285 -0.0245803 -0.0243219 -0.0240359 -0.0237354 -0.0234179 -0.0230842 -0.0227246 -0.0223555 -0.021944 -0.0215092 -0.0210638 -0.0205943 -0.0200505 -0.0194828 -0.018899 -0.0182649 -0.0175513 -0.0167963 -0.0159921 -0.0151112 -0.0141544 -0.0131273 -0.0120156 -0.0107932 -0.00947798 -0.00804975 -0.00652072 -0.00486014 -0.00306146 -0.00112066 0.000926459 0.0031261 0.00547958 0.00794528 0.0105328 0.0132559 0.0161001 0.0190236 0.0220401 0.02511 0.0282552 0.0314397 0.0346251 0.0378082 0.0409872 0.0441225 0.0471784 0.0501638 0.0530266 0.0557969 0.0584244 0.0608864 0.0631997 0.0653439 0.0673295 0.069155 0.0708366 0.072385 0.0738625 0.0752731 0.0766763 0.0781198 0.0796028 0.0811863 0.0828129 0.0844597 0.0860349 0.0873648 0.0882821 0.0885219 0.0878455 0.0860012 0.082755 0.0779305 0.0714261 0.0632707 0.0536309 0.042836 0.0313185 0.0196328 0.00838164 -0.00180479 -0.0102888 -0.0165415 -0.0201229 
