0 0 0 0 0 0 0 0 0 0 0 0 0 0 0 0 0 0 0 0 0 0 0 0 0 0 0 0 0 0 0 0 0 0 0 0 0 0 0 0 0 0 0 0 0 0 0 0 0 0 0 0 0 0 0 0 0 0 0 0 0 0 0 0 0 0 0 0 0 0 0 0 0 0 0 0 0 0 0 0 0 0 0 0 0 0 0 0 0 0 0 0 0 0 0 0 0 0 0 0 0 0 0 0 0 0 0 0 0 0 0 0 0 0 0 0 0 0 0 0 0 0 0 0 0 0 0 0 0 0 0 0 0 0 0 0 0 0 0 0 0 0 0 0 0 0 0 0 0 0 0 0 0 0 0 0 0 0 0 0 0 0 0 0 0 0 0 0 0 0 0 0 0 0 0 0 0 0 0 0 0 0 0 0 0 0 0 0 0 0 0 0 0 0 0 0 0 0 0 0 
0 2.22229e-06 6.95346e-06 1.08685e-05 1.66143e-05 2.67946e-05 3.94382e-05 5.92305e-05 9.08627e-05 0.000130032 0.000189756 0.000268699 0.000367031 0.000503821 0.000664974 0.000868066 0.00111691 0.0013966 0.00172929 0.00208807 0.00246574 0.0028536 0.00320578 0.00350903 0.00372548 0.00382196 0.0037839 0.0035936 0.00324757 0.00275273 0.00213653 0.00142209 0.000661459 -7.9341e-05 -0.000767669 -0.00133737 -0.00176026 -0.00204392 -0.00215875 -0.00212534 -0.00197124 -0.00170829 -0.00138077 -0.00104599 -0.00070513 -0.000375042 -8.36911e-05 0.000194519 0.000428697 0.00061865 0.000779669 0.000932876 0.00107552 0.00119988 0.00131377 0.00141652 0.00152139 0.00161868 0.00173487 0.00182772 0.00190874 0.0020031 0.00211038 0.00219733 0.00227634 0.00236679 0.00245387 0.00254621 0.00261887 0.00269871 0.00278062 0.00286788 0.00292854 0.00300589 0.0030812 0.00315255 0.00321246 0.00328122 0.00334385 0.0034065 0.00346391 0.00351475 0.00357255 0.00362672 0.00367129 0.00371038 0.00376621 0.00380267 0.00383553 0.00387044 0.00391534 0.00393232 0.00396081 0.00398857 0.00401504 0.00401945 0.00404518 0.00405833 0.00406708 0.00406562 0.00408394 0.00407821 0.00407482 0.00406961 0.00407383 0.00405025 0.00404107 0.00402916 0.00401415 0.00397931 0.00396705 0.00394167 0.00390861 0.00387107 0.00385033 0.00380822 0.00376555 0.00372623 0.0036887 0.00363794 0.00358976 0.00354108 0.00348989 0.00343984 0.00337803 0.00332085 0.00326665 0.00321188 0.00313508 0.00307946 0.0030199 0.00295736 0.00287986 0.00281801 0.00275275 0.00269682 0.0026199 0.00254119 0.00248692 0.00243638 0.00236195 0.00228396 0.00223484 0.00218226 0.00213379 0.00207453 0.00202967 0.00199362 0.00197648 0.00197603 0.00199008 0.00201927 0.00209087 0.00221698 0.00235918 0.00254579 0.00275642 0.00296701 0.0031745 0.00334292 0.00341722 0.00338382 0.00322244 0.0028975 0.00243362 0.00182677 0.00109721 0.000303704 -0.000512094 -0.00129304 -0.00198945 -0.00256534 -0.00300178 -0.00328395 -0.00340548 -0.00338978 -0.00324289 -0.00299693 -0.00269469 -0.00234764 -0.00200125 -0.00167031 -0.00135944 -0.00109325 -0.000860239 -0.000664548 -0.00051018 -0.000383986 -0.000286901 -0.000217808 -0.000162601 -0.000124851 -0.000101869 -7.90577e-05 -7.17191e-05 -6.43806e-05 -5.75875e-05 -6.33808e-05 -5.80574e-05 -6.08941e-05 
0 6.95346e-06 1.05117e-05 2.34802e-05 3.36671e-05 5.47922e-05 8.39006e-05 0.000124316 0.000186222 0.000267663 0.000388303 0.000540878 0.000752028 0.00101803 0.00134489 0.00176449 0.00223786 0.00281736 0.00346888 0.00417296 0.00495685 0.00570454 0.00643196 0.00704671 0.00746021 0.00767488 0.00758246 0.00719936 0.00651475 0.00553539 0.00430458 0.00289782 0.001393 -0.000108827 -0.00144991 -0.00260261 -0.00344693 -0.00398216 -0.0042213 -0.00415384 -0.0038475 -0.00332541 -0.0027013 -0.00200047 -0.00131749 -0.000673278 -7.00271e-05 0.000468888 0.000927956 0.00131236 0.00167441 0.00195755 0.00224391 0.00250035 0.00271784 0.0029261 0.00315943 0.0033759 0.00355705 0.00375034 0.00393854 0.0041528 0.00432763 0.00450065 0.00467418 0.0048662 0.00503134 0.00520295 0.0053621 0.00551677 0.00568803 0.00584404 0.00598227 0.00612219 0.00628418 0.00641138 0.0065444 0.00666807 0.00680274 0.00691749 0.00703852 0.00713443 0.00725241 0.00735624 0.00744648 0.0075258 0.007632 0.00770805 0.00777046 0.00784472 0.007925 0.00796842 0.00801726 0.00807937 0.00812231 0.00814338 0.00818284 0.00821828 0.00822642 0.0082354 0.00825851 0.0082587 0.0082428 0.00824234 0.00823852 0.00820426 0.00817646 0.0081604 0.00812195 0.00806359 0.00803002 0.0079854 0.00791598 0.00784697 0.00780013 0.0077198 0.00763591 0.00755648 0.00748387 0.00738044 0.00729094 0.00718715 0.00709483 0.00698457 0.00687591 0.00675033 0.00665413 0.00653051 0.00639864 0.00627387 0.00616188 0.00602378 0.00589049 0.00576508 0.00562471 0.00549727 0.00536238 0.00523201 0.00508855 0.0049665 0.00482925 0.0047187 0.0045819 0.00446225 0.00436477 0.00426376 0.00415845 0.00409707 0.00407118 0.0040338 0.00406789 0.00414167 0.00429731 0.0045232 0.00483176 0.00518318 0.00558486 0.00602704 0.00643458 0.00676056 0.00690014 0.0068348 0.00646894 0.00583546 0.00490758 0.00367689 0.00224621 0.000647656 -0.000985345 -0.00254458 -0.00392849 -0.00508908 -0.0059429 -0.00649766 -0.00676418 -0.00670684 -0.00644498 -0.00596221 -0.00534762 -0.00468601 -0.00397591 -0.00332149 -0.0027091 -0.00216842 -0.00171353 -0.00132439 -0.00101484 -0.000761285 -0.000571214 -0.000421171 -0.000315802 -0.000244149 -0.00018786 -0.000164914 -0.000139843 -0.000130046 -0.000128526 -0.0001157 -0.000123818 -0.000119374 
0 1.08685e-05 2.34802e-05 3.90254e-05 5.91892e-05 9.10806e-05 0.000134443 0.000197431 0.000293859 0.000419397 0.000600784 0.000841602 0.00114832 0.00155741 0.00205224 0.00266796 0.00341066 0.00426283 0.00525309 0.00632861 0.00746619 0.00861523 0.00967597 0.0105814 0.0112244 0.0115224 0.0114116 0.010853 0.00983683 0.0083822 0.00656473 0.00446569 0.00223057 3.69116e-05 -0.00198387 -0.00367181 -0.00493306 -0.00576093 -0.00610993 -0.00601772 -0.0055599 -0.00478904 -0.00382966 -0.00281671 -0.0017927 -0.000807321 8.71764e-05 0.000916667 0.00162656 0.00221577 0.00272383 0.00318813 0.00362071 0.00400531 0.00435168 0.00467264 0.00499555 0.00530356 0.00563162 0.00591868 0.00618175 0.0064712 0.00677537 0.0070411 0.00729092 0.00755995 0.00782184 0.00808798 0.00831732 0.00855439 0.00880005 0.00904681 0.00924457 0.00946695 0.00969023 0.00989783 0.0100841 0.010281 0.0104687 0.0106513 0.0108212 0.0109749 0.0111419 0.0112991 0.0114321 0.0115546 0.0117061 0.0118189 0.0119176 0.012023 0.0121411 0.0122055 0.0122847 0.012366 0.0124361 0.0124652 0.0125283 0.01257 0.0125936 0.0126007 0.0126383 0.0126315 0.0126203 0.0126094 0.0126082 0.0125549 0.012522 0.0124872 0.0124373 0.0123509 0.0123023 0.01223 0.0121344 0.0120321 0.0119581 0.0118418 0.0117183 0.0116023 0.0114874 0.011343 0.0112011 0.0110569 0.010908 0.0107547 0.0105798 0.0104095 0.0102482 0.0100773 0.00986729 0.00969216 0.00951477 0.00932263 0.00910562 0.00891495 0.00872037 0.00853786 0.00831835 0.00809649 0.00791772 0.00774758 0.00753297 0.00731706 0.00714938 0.00698458 0.00682954 0.00666008 0.0065176 0.00641056 0.00635415 0.00633966 0.00637667 0.00647373 0.00668929 0.00704293 0.00747352 0.0080113 0.00861836 0.00923722 0.00982952 0.0102931 0.0104889 0.0103601 0.00983679 0.0088555 0.00744851 0.00562247 0.0034508 0.00108005 -0.0013507 -0.00367687 -0.00575236 -0.0074766 -0.00877901 -0.00962585 -0.0100075 -0.00996689 -0.009552 -0.00884152 -0.00794957 -0.00693947 -0.0059146 -0.00493372 -0.00402014 -0.00322557 -0.00253632 -0.00195897 -0.00149675 -0.00112351 -0.000837398 -0.000626744 -0.000467342 -0.000356893 -0.000285015 -0.000228626 -0.00020252 -0.000184391 -0.000171557 -0.000176853 -0.000170245 -0.000178845 
0 1.66143e-05 3.36671e-05 5.91892e-05 9.01965e-05 0.000135789 0.000199703 0.000290218 0.000419813 0.000596374 0.000842528 0.00116562 0.00159185 0.00213562 0.002808 0.00364053 0.00462034 0.00577355 0.00708272 0.00851144 0.0100402 0.0115532 0.0129783 0.0141852 0.0150327 0.0154416 0.0152936 0.0145591 0.0132278 0.0113249 0.00893572 0.00619213 0.0032657 0.000367237 -0.00227293 -0.00450388 -0.00617356 -0.00724553 -0.00771329 -0.00759981 -0.00699718 -0.00599105 -0.00474561 -0.00337958 -0.00201198 -0.000705581 0.000507377 0.00160423 0.00255228 0.00335861 0.00407453 0.00469349 0.00527373 0.00579718 0.00626214 0.00670226 0.00715243 0.00758327 0.0079856 0.00837449 0.00875447 0.00915629 0.00953217 0.00988655 0.0102349 0.0105978 0.0109416 0.0112814 0.0115982 0.0119117 0.0122379 0.0125478 0.0128266 0.0131101 0.0134061 0.0136713 0.0139267 0.0141759 0.0144268 0.0146604 0.0148856 0.015088 0.0153047 0.015506 0.015683 0.0158488 0.0160352 0.016187 0.0163183 0.0164581 0.0165992 0.0166968 0.0167956 0.0169021 0.0169856 0.0170396 0.0171093 0.0171676 0.0171956 0.0172165 0.0172494 0.0172511 0.0172342 0.0172254 0.0172103 0.0171567 0.0171074 0.0170631 0.0169922 0.016895 0.0168197 0.0167279 0.0166051 0.0164791 0.0163709 0.0162256 0.0160679 0.0159151 0.0157626 0.0155773 0.0153948 0.0152032 0.0150133 0.0148055 0.0145874 0.0143601 0.0141509 0.0139165 0.0136616 0.0134199 0.0131857 0.0129259 0.0126583 0.0124016 0.0121372 0.0118798 0.0116065 0.011333 0.0110664 0.0108161 0.0105459 0.0102894 0.0100354 0.00980077 0.00958716 0.00937294 0.0091752 0.00903674 0.00895781 0.00891304 0.00896151 0.00910652 0.00939866 0.00984283 0.010423 0.0111115 0.0118897 0.0127081 0.0134645 0.0140385 0.0142668 0.0140613 0.0133119 0.0119977 0.010108 0.0076643 0.00479499 0.00164079 -0.00158412 -0.00466674 -0.00741887 -0.00971222 -0.0114352 -0.0125611 -0.0130914 -0.0130403 -0.0125239 -0.0116092 -0.010436 -0.00913068 -0.00777475 -0.00648326 -0.00528725 -0.0042308 -0.00332782 -0.00256787 -0.001954 -0.00146201 -0.00108415 -0.000798558 -0.000591808 -0.000448534 -0.000350337 -0.000292075 -0.000254165 -0.000235332 -0.000229006 -0.000224877 -0.00022803 -0.000230566 
0 2.67946e-05 5.47922e-05 9.10806e-05 0.000135789 0.00019775 0.000284916 0.000406101 0.000575495 0.0008083 0.001124 0.0015403 0.00208393 0.00277201 0.00362781 0.00467453 0.0059139 0.00736413 0.00900299 0.0107961 0.0126936 0.0145788 0.0163453 0.0178385 0.0189002 0.0194113 0.0192486 0.0183603 0.0167344 0.0144079 0.0114825 0.00812322 0.00454467 0.00100013 -0.00224007 -0.00497657 -0.00704489 -0.00837469 -0.00896128 -0.00883534 -0.00809507 -0.0068668 -0.00533028 -0.00363979 -0.00193435 -0.000295949 0.00123509 0.0026169 0.00382419 0.00485892 0.00576607 0.0065656 0.00730114 0.00796865 0.00856746 0.00913186 0.0096884 0.010232 0.0107439 0.0112365 0.0117156 0.0122051 0.0126765 0.0131258 0.013563 0.0140028 0.0144342 0.0148508 0.0152486 0.0156371 0.0160337 0.01641 0.0167638 0.0171112 0.0174652 0.0177936 0.0181085 0.0184128 0.0187156 0.0190018 0.019273 0.0195274 0.019784 0.0200264 0.0202439 0.0204529 0.020665 0.0208532 0.021018 0.0211866 0.0213454 0.0214756 0.0215952 0.0217182 0.021816 0.0218941 0.0219702 0.0220381 0.022076 0.0221082 0.0221361 0.0221435 0.0221283 0.0221167 0.0220895 0.0220376 0.0219774 0.0219188 0.0218323 0.0217289 0.0216283 0.021516 0.0213738 0.0212284 0.0210845 0.0209162 0.0207295 0.0205444 0.0203527 0.0201369 0.0199132 0.0196834 0.0194499 0.0191976 0.0189339 0.0186628 0.0183993 0.0181117 0.0178101 0.0175113 0.0172189 0.0169016 0.016577 0.0162554 0.0159364 0.0156111 0.0152731 0.0149353 0.0146088 0.0142906 0.0139571 0.0136313 0.0133155 0.0130258 0.0127495 0.0124809 0.0122354 0.0120565 0.0119475 0.0119004 0.0119541 0.0121356 0.0124907 0.0130271 0.0137357 0.0145759 0.0155176 0.0164933 0.0173817 0.0180304 0.0182653 0.0179544 0.0169815 0.0153091 0.0129221 0.0098701 0.00629523 0.0023839 -0.00160951 -0.00542925 -0.00884858 -0.0117003 -0.0138587 -0.0152773 -0.0159554 -0.0159265 -0.0153074 -0.0142075 -0.0127819 -0.0111856 -0.0095331 -0.00794307 -0.00647575 -0.0051733 -0.00405694 -0.00312179 -0.00236181 -0.0017583 -0.00129435 -0.000945294 -0.000694447 -0.000519979 -0.000401654 -0.000331556 -0.000287455 -0.0002654 -0.000259031 -0.000258 -0.0002677 -0.000277312 
0 3.94382e-05 8.39006e-05 0.000134443 0.000199703 0.000284916 0.000401214 0.000558148 0.000776138 0.00107089 0.00146244 0.00198543 0.00264748 0.0034943 0.00454202 0.00580173 0.00732061 0.00905935 0.0110347 0.0132002 0.0154478 0.017719 0.0198127 0.0215848 0.0228706 0.0234732 0.0233113 0.022285 0.0203868 0.0176672 0.014252 0.0103186 0.00613233 0.00200267 -0.00181531 -0.00501759 -0.00746418 -0.00905285 -0.00975108 -0.00962273 -0.00875994 -0.00733513 -0.00551053 -0.00352127 -0.00148088 0.000498098 0.00233828 0.0040118 0.00548779 0.00676743 0.00786118 0.00886556 0.00975746 0.010568 0.0113111 0.0120094 0.0126695 0.0133134 0.013952 0.0145438 0.0151206 0.0156821 0.0162592 0.0167972 0.0173177 0.0178247 0.0183407 0.0188299 0.019298 0.0197596 0.0202118 0.0206539 0.0210689 0.0214808 0.0218745 0.0222669 0.0226263 0.022986 0.0233254 0.023662 0.0239673 0.0242728 0.0245575 0.0248355 0.0250877 0.0253359 0.0255651 0.0257836 0.0259812 0.0261705 0.0263432 0.026501 0.0266425 0.0267724 0.0268864 0.0269836 0.0270681 0.0271374 0.0271913 0.0272294 0.0272554 0.0272636 0.0272581 0.0272383 0.0272043 0.027153 0.0270895 0.0270124 0.0269184 0.0268108 0.0266904 0.0265576 0.0264055 0.0262448 0.0260687 0.0258835 0.0256755 0.0254647 0.0252363 0.0250018 0.0247405 0.0244842 0.0242076 0.0239258 0.0236176 0.023319 0.0229991 0.022675 0.0223279 0.0219867 0.0216353 0.0212772 0.0208971 0.0205175 0.0201512 0.0197683 0.0193696 0.0189638 0.0185927 0.018209 0.0178179 0.0174109 0.0170525 0.0167058 0.0163642 0.0160384 0.0157596 0.0155364 0.0153879 0.0153547 0.0154089 0.0156288 0.0160432 0.0166782 0.0174905 0.0184769 0.0195691 0.0206649 0.0216586 0.0223457 0.0225533 0.0220959 0.0208885 0.0188271 0.0159323 0.0122849 0.00800228 0.00336127 -0.00137944 -0.00591731 -0.00999139 -0.0133842 -0.0159808 -0.0176977 -0.0185214 -0.0185508 -0.017839 -0.0165835 -0.0149438 -0.0130677 -0.0111551 -0.00928103 -0.00755541 -0.00602698 -0.00470251 -0.00360359 -0.00270556 -0.00199663 -0.00144957 -0.00104493 -0.000751035 -0.000547835 -0.000419141 -0.000332263 -0.000294162 -0.000275113 -0.000269051 -0.000284185 -0.000290893 -0.000311717 
0 5.92305e-05 0.000124316 0.000197431 0.000290218 0.000406101 0.000558148 0.000765623 0.00103488 0.00140421 0.00188598 0.00250996 0.00332279 0.0043245 0.00557478 0.00708098 0.00884969 0.010915 0.0132157 0.0157321 0.0183696 0.0209792 0.0234216 0.025478 0.026959 0.0276852 0.0275157 0.0263653 0.0242236 0.0211579 0.0172824 0.0128457 0.00811808 0.00341514 -0.000893829 -0.00455804 -0.00736558 -0.00917496 -0.00999829 -0.00987849 -0.00891254 -0.00730569 -0.00525826 -0.00294523 -0.000580964 0.00171559 0.00388568 0.00583963 0.00757439 0.00909989 0.0104421 0.0116206 0.0126756 0.0136382 0.0145164 0.0153382 0.0161283 0.016897 0.0175953 0.0182851 0.0189761 0.0196406 0.0202637 0.0208805 0.0214869 0.0220731 0.0226462 0.023186 0.0237274 0.0242477 0.0247531 0.0252301 0.0257142 0.0261623 0.0266036 0.027027 0.0274398 0.0278266 0.0282089 0.0285685 0.0289125 0.029248 0.0295608 0.0298568 0.030142 0.0304172 0.0306575 0.0308987 0.0311214 0.0313278 0.0315042 0.0316898 0.0318422 0.0319821 0.0321001 0.0322224 0.0323033 0.032382 0.03244 0.0324935 0.032507 0.032527 0.0325214 0.032505 0.0324564 0.0324179 0.0323452 0.0322617 0.0321569 0.0320568 0.0319161 0.0317727 0.0316145 0.0314469 0.0312455 0.031049 0.0308328 0.030599 0.0303497 0.0300963 0.0298206 0.029533 0.0292385 0.0289216 0.0285999 0.0282644 0.0279172 0.027549 0.0271916 0.0268025 0.026411 0.0260077 0.0256075 0.0251818 0.0247594 0.0243189 0.02389 0.0234599 0.0230042 0.0225497 0.0221233 0.0216991 0.0212529 0.020843 0.0204525 0.020093 0.0197688 0.0195201 0.0193535 0.0192891 0.0193706 0.0196471 0.0201331 0.020834 0.0217746 0.0228715 0.0240744 0.0253 0.0263518 0.0270389 0.027177 0.0265534 0.0250409 0.0226005 0.0191958 0.0149288 0.00999469 0.0046224 -0.000842311 -0.00607046 -0.0107765 -0.0147108 -0.0177224 -0.0197334 -0.0207469 -0.0208133 -0.0200741 -0.0186926 -0.0168461 -0.0147614 -0.0125794 -0.0104568 -0.00850043 -0.00674387 -0.0052436 -0.0039854 -0.00295857 -0.00215195 -0.0015295 -0.00106674 -0.000740158 -0.000518969 -0.000375012 -0.000299417 -0.000256565 -0.000247378 -0.000259787 -0.000269951 -0.000301649 -0.000324521 
0 9.08627e-05 0.000186222 0.000293859 0.000419813 0.000575495 0.000776138 0.00103488 0.00137848 0.00182823 0.00240999 0.0031679 0.00411684 0.0053064 0.0067675 0.00850751 0.0105805 0.0129455 0.0155987 0.018489 0.0214685 0.024451 0.0271989 0.0295176 0.0312145 0.0320428 0.0318984 0.0306581 0.0283078 0.0249234 0.020658 0.0157524 0.0105321 0.00536359 0.000571774 -0.00348831 -0.00663027 -0.00869466 -0.00964496 -0.00954609 -0.00850442 -0.00674792 -0.00445532 -0.00189297 0.000774703 0.00340107 0.00587295 0.00812558 0.0101455 0.0119261 0.0134594 0.0148519 0.0160722 0.0171796 0.0182031 0.0191546 0.0200293 0.0208739 0.0216987 0.0224805 0.0232374 0.0239416 0.024658 0.0253478 0.0260105 0.0266345 0.0272654 0.027859 0.0284448 0.0290111 0.0295439 0.0300655 0.0305818 0.0310721 0.031527 0.0319898 0.032421 0.0328435 0.033237 0.0336238 0.033981 0.0343467 0.0346662 0.0349783 0.0352801 0.0355746 0.0358174 0.0360713 0.0363119 0.036524 0.0367049 0.0369021 0.0370676 0.0372046 0.0373326 0.0374622 0.0375499 0.0376242 0.0376958 0.0377497 0.0377659 0.0377843 0.0377909 0.037768 0.0377217 0.037685 0.037618 0.0375239 0.0374235 0.0373256 0.0371804 0.0370286 0.036875 0.0367055 0.0364906 0.0362924 0.0360739 0.0358337 0.0355668 0.0353149 0.0350247 0.0347321 0.0344148 0.0340951 0.0337516 0.0334124 0.033033 0.0326567 0.0322744 0.0318722 0.0314478 0.0310297 0.0305953 0.0301405 0.0296996 0.0292303 0.0287564 0.0282776 0.0278152 0.0273255 0.0268502 0.0263584 0.025903 0.0254598 0.0250215 0.0246213 0.0242825 0.0240031 0.0238168 0.0237933 0.0238939 0.0242125 0.024761 0.0255591 0.0265857 0.0278102 0.029126 0.0304007 0.0314811 0.0321272 0.0321555 0.0313259 0.0295312 0.0266612 0.0227361 0.0178851 0.0122743 0.006232 8.41554e-05 -0.00580799 -0.0111226 -0.0155784 -0.0190265 -0.0213506 -0.0225404 -0.022709 -0.0219318 -0.020455 -0.0184649 -0.0161614 -0.0137813 -0.0114281 -0.0092505 -0.00730732 -0.00562217 -0.00422399 -0.00308309 -0.00218751 -0.00150505 -0.00100325 -0.000648877 -0.000413109 -0.000269637 -0.000189549 -0.000160193 -0.000160757 -0.000182645 -0.000220288 -0.000261792 -0.000309621 
0 0.000130032 0.000267663 0.000419397 0.000596374 0.0008083 0.00107089 0.00140421 0.00182823 0.00237698 0.00307754 0.00396946 0.00508983 0.00647148 0.00815931 0.010167 0.0125236 0.0152185 0.0182156 0.0214606 0.0248134 0.028136 0.0312077 0.0337978 0.035689 0.0366397 0.0365133 0.0351915 0.0326614 0.0290117 0.024399 0.019105 0.0134643 0.00785601 0.00265996 -0.00178185 -0.00523379 -0.00751849 -0.00860135 -0.00854504 -0.00746298 -0.00559062 -0.00312915 -0.000315234 0.00263608 0.00555977 0.00832801 0.0108571 0.0131325 0.0151597 0.0169352 0.0185112 0.0198897 0.0211339 0.0222827 0.0233438 0.0243292 0.025261 0.0261386 0.0269861 0.0278196 0.0285917 0.0293366 0.0300657 0.0307747 0.0314464 0.0320973 0.0327138 0.0333285 0.0339218 0.0344694 0.0350024 0.0355387 0.0360413 0.0365076 0.0369734 0.0374187 0.0378461 0.0382477 0.038632 0.0389997 0.0393673 0.0396904 0.0399986 0.0403092 0.0406031 0.040846 0.0410981 0.0413454 0.0415547 0.0417354 0.0419338 0.0421028 0.0422371 0.0423668 0.0424991 0.0425881 0.042662 0.0427377 0.0427941 0.0428116 0.0428331 0.0428453 0.0428241 0.0427814 0.0427507 0.0426892 0.0425965 0.0425038 0.0424125 0.0422721 0.0421225 0.0419804 0.0418153 0.0416053 0.0414107 0.0412054 0.040966 0.0407052 0.0404571 0.0401795 0.0398851 0.039574 0.0392563 0.0389237 0.0385813 0.0382039 0.0378275 0.0374539 0.0370469 0.0366141 0.0361937 0.035765 0.0353047 0.0348388 0.0343597 0.0338877 0.0334069 0.0329033 0.032386 0.031905 0.0314147 0.0309196 0.030439 0.0299846 0.0295769 0.0292331 0.0289537 0.0287744 0.0287584 0.0289176 0.0293133 0.0299475 0.0308327 0.0319642 0.0332845 0.034681 0.0360168 0.0370872 0.0376605 0.0375355 0.0364679 0.0343299 0.0310368 0.0266002 0.0211599 0.0149314 0.00822882 0.00142513 -0.00509597 -0.0109911 -0.0159525 -0.0198066 -0.0224367 -0.023837 -0.0241032 -0.0233551 -0.0218223 -0.0197118 -0.0172591 -0.0146838 -0.0121397 -0.00977334 -0.00765103 -0.00581992 -0.00429174 -0.00304984 -0.00207709 -0.00133722 -0.000799538 -0.000427273 -0.000187344 -4.94728e-05 1.05504e-05 1.87478e-05 -8.11545e-06 -5.74968e-05 -0.00011459 -0.000180442 -0.000244971 
0 0.000189756 0.000388303 0.000600784 0.000842528 0.001124 0.00146244 0.00188598 0.00240999 0.00307754 0.00391788 0.00496359 0.00627399 0.007866 0.00979505 0.0120877 0.0147426 0.0177814 0.0211342 0.0247351 0.0284588 0.032106 0.0354842 0.0383304 0.0404052 0.0414861 0.0413931 0.040022 0.0373508 0.0334786 0.0285721 0.0229448 0.0169481 0.0109651 0.00542209 0.000636105 -0.00310708 -0.00562263 -0.00686349 -0.00687702 -0.005795 -0.00383887 -0.00124948 0.00176768 0.0049584 0.00814738 0.0111925 0.0139911 0.0165208 0.0187764 0.0207744 0.0225165 0.0240497 0.0254216 0.0266809 0.0278284 0.0288875 0.0298788 0.0308021 0.0317017 0.032565 0.0333711 0.034128 0.0348826 0.0356063 0.0362937 0.0369414 0.0375658 0.0381856 0.0387772 0.0393223 0.0398479 0.040382 0.0408752 0.0413388 0.0417861 0.042229 0.0426423 0.0430371 0.043402 0.0437667 0.0441164 0.0444322 0.0447241 0.0450281 0.0453058 0.045543 0.045781 0.0460204 0.0462192 0.0463947 0.046582 0.0467459 0.0468752 0.0470007 0.047127 0.0472153 0.0472888 0.047363 0.0474196 0.0474415 0.0474663 0.0474815 0.0474668 0.0474333 0.047409 0.0473567 0.0472755 0.0471961 0.0471143 0.0469901 0.0468544 0.0467296 0.0465775 0.0463893 0.0462081 0.0460259 0.0458018 0.0455646 0.0453304 0.0450819 0.0448008 0.0445142 0.0442135 0.0439103 0.0435792 0.0432279 0.0428687 0.0425196 0.0421287 0.0417166 0.0413105 0.0409026 0.0404631 0.040005 0.0395418 0.0390819 0.0386201 0.0381178 0.0376141 0.0371336 0.0366604 0.0361641 0.0356898 0.0352465 0.0348542 0.0345261 0.0342738 0.0341406 0.0341697 0.0344162 0.0348971 0.0356301 0.036615 0.0378607 0.039277 0.0407414 0.0421031 0.0431222 0.0435899 0.0432766 0.0419555 0.039462 0.0357392 0.030797 0.0247856 0.0179732 0.0106578 0.00325207 -0.00385416 -0.0102938 -0.0157471 -0.0200058 -0.0229515 -0.0245833 -0.0249674 -0.0242805 -0.0227236 -0.0205316 -0.0179716 -0.0152377 -0.0125392 -0.0100099 -0.00773035 -0.00577036 -0.00412664 -0.00280045 -0.00176714 -0.000988343 -0.000431023 -5.66437e-05 0.000173379 0.000296605 0.000332017 0.000316986 0.000260467 0.000177206 8.94484e-05 -1.55515e-05 -0.000113453 
0 0.000268699 0.000540878 0.000841602 0.00116562 0.0015403 0.00198543 0.00250996 0.0031679 0.00396946 0.00496359 0.00620376 0.00770307 0.00954279 0.0117338 0.0143083 0.0173069 0.0206709 0.0243943 0.0283656 0.0324273 0.036423 0.0400835 0.0431737 0.0454387 0.0466339 0.0465832 0.0451798 0.0424014 0.0383336 0.0332094 0.0272971 0.0209959 0.0147257 0.00885067 0.00377247 -0.000239183 -0.00299826 -0.00441355 -0.00452725 -0.00349913 -0.00152995 0.00116206 0.00429863 0.00768354 0.0111043 0.0143777 0.0174135 0.0201786 0.0226527 0.0248212 0.0267359 0.0284007 0.0298743 0.0312158 0.0324434 0.0335421 0.0345447 0.0355154 0.0364364 0.0372956 0.0380845 0.0388564 0.0396002 0.0403099 0.0409711 0.0416016 0.0422112 0.0428021 0.043366 0.0438826 0.0443893 0.0448814 0.045355 0.045783 0.0462058 0.0466101 0.047004 0.0473597 0.0477032 0.0480348 0.0483587 0.0486443 0.0489172 0.0491901 0.0494429 0.0496626 0.0498783 0.0500933 0.0502748 0.0504402 0.050604 0.0507563 0.0508751 0.0509944 0.0511028 0.051193 0.0512604 0.0513337 0.051383 0.0514172 0.0514398 0.0514621 0.0514523 0.0514381 0.0514165 0.0513813 0.0513171 0.0512594 0.0511882 0.0510921 0.0509814 0.0508787 0.0507507 0.0505971 0.050445 0.0502886 0.050103 0.0498981 0.0497002 0.0494844 0.049248 0.0489908 0.0487394 0.0484688 0.0481836 0.0478682 0.0475631 0.0472422 0.0469021 0.0465334 0.0461741 0.0457997 0.045406 0.0449955 0.0445781 0.0441537 0.0437164 0.0432759 0.0428157 0.0423602 0.0419079 0.0414765 0.0410357 0.0406253 0.0402826 0.0400149 0.0398195 0.0397552 0.0398959 0.0402434 0.0408412 0.0417015 0.042825 0.0441743 0.0456987 0.0472372 0.0485801 0.0495468 0.0498818 0.049352 0.0477477 0.0449083 0.0407385 0.0353086 0.0287831 0.0213973 0.0135415 0.00558057 -0.00207179 -0.00900844 -0.0149214 -0.0195721 -0.0228329 -0.0246885 -0.0252422 -0.0246285 -0.0230908 -0.0208801 -0.0182214 -0.015396 -0.0125653 -0.00989492 -0.00750471 -0.00541836 -0.00369096 -0.00229711 -0.00121264 -0.000414612 0.000154225 0.000522288 0.000733092 0.000823524 0.000825426 0.000763165 0.000661554 0.000537556 0.000396983 0.000259034 0.000117243 
0 0.000367031 0.000752028 0.00114832 0.00159185 0.00208393 0.00264748 0.00332279 0.00411684 0.00508983 0.00627399 0.00770307 0.00945353 0.0115367 0.0140128 0.0169198 0.0202291 0.0239714 0.0280531 0.0323712 0.0368065 0.041097 0.0450495 0.0483792 0.0508049 0.0521247 0.0521148 0.0506841 0.047816 0.0436166 0.0382906 0.0321716 0.0256381 0.0190852 0.0129631 0.0075951 0.00331698 0.000326114 -0.00128839 -0.0015625 -0.000642426 0.0012927 0.00396325 0.0071952 0.0107118 0.0142898 0.0177574 0.0209939 0.0239368 0.0265798 0.0289498 0.0309756 0.0327487 0.034301 0.0356945 0.036941 0.0380776 0.039104 0.0400348 0.0409263 0.041766 0.0425644 0.0432704 0.0439649 0.0446316 0.0452722 0.045841 0.0464011 0.0469404 0.0474535 0.0479288 0.0483769 0.0488198 0.0492353 0.0496297 0.0499868 0.0503555 0.0506885 0.0510106 0.0512981 0.0515993 0.0518622 0.0521219 0.0523508 0.0525892 0.0527944 0.0529969 0.0531741 0.0533567 0.0535109 0.0536611 0.0537931 0.0539246 0.0540321 0.0541365 0.0542263 0.0543099 0.0543758 0.0544389 0.0544861 0.0545265 0.0545541 0.0545766 0.0545813 0.0545835 0.0545721 0.0545531 0.0545167 0.0544827 0.0544286 0.0543689 0.0542918 0.0542197 0.0541204 0.0540208 0.0539003 0.0537883 0.0536432 0.0535005 0.0533349 0.0531827 0.0529891 0.0527992 0.0525914 0.0523935 0.0521504 0.0519121 0.0516615 0.0514109 0.0511266 0.050832 0.0505337 0.0502354 0.0499158 0.0495532 0.0492115 0.0488719 0.0485194 0.048108 0.0477265 0.0473549 0.0470012 0.0466068 0.0462358 0.0459214 0.0456706 0.0454906 0.0454091 0.0454751 0.0457128 0.046238 0.0470026 0.0480236 0.0492934 0.0507953 0.0524093 0.0539996 0.0553658 0.0562378 0.0564288 0.0556694 0.0537733 0.0505572 0.0459877 0.0401057 0.0330802 0.0252265 0.016854 0.00840051 0.000274566 -0.00712141 -0.0134537 -0.0184611 -0.0220267 -0.0241391 -0.0248465 -0.0243721 -0.0228874 -0.0206674 -0.0179975 -0.0150728 -0.0121603 -0.00939421 -0.00688682 -0.00473239 -0.00292281 -0.00147638 -0.000367486 0.00045143 0.00100696 0.00135336 0.00153182 0.00157461 0.00152542 0.00140817 0.00124754 0.00106551 0.000871186 0.000677197 0.000486156 
0 0.000503821 0.00101803 0.00155741 0.00213562 0.00277201 0.0034943 0.0043245 0.0053064 0.00647148 0.007866 0.00954279 0.0115367 0.0139126 0.0166965 0.0199235 0.0236025 0.027697 0.0321551 0.0368409 0.0416008 0.0462048 0.0504068 0.0539403 0.0565224 0.0579426 0.0579758 0.0565396 0.053614 0.0492893 0.04383 0.0375238 0.0307868 0.0240369 0.0176663 0.0120545 0.00751709 0.00425487 0.00238669 0.00190585 0.00264822 0.00446024 0.00708847 0.0102971 0.0138607 0.0175356 0.0211323 0.0245175 0.0276261 0.0304166 0.0328846 0.0350152 0.0368688 0.0384731 0.0398849 0.0411463 0.0422477 0.0432241 0.0441391 0.0449953 0.0457588 0.046471 0.0471328 0.0477671 0.0483623 0.0489117 0.0494172 0.0499146 0.050379 0.0508097 0.0512207 0.0516054 0.0519695 0.0523197 0.0526471 0.0529443 0.0532426 0.0535177 0.053773 0.0540136 0.054251 0.0544585 0.0546649 0.054856 0.055034 0.0551952 0.0553608 0.0555015 0.0556349 0.055762 0.055885 0.0559846 0.0560862 0.0561801 0.0562643 0.0563336 0.0564071 0.0564687 0.0565214 0.0565651 0.0566117 0.0566435 0.0566688 0.0566887 0.0567091 0.0567112 0.0567115 0.0567082 0.0566994 0.0566715 0.0566497 0.0566184 0.0565762 0.056522 0.0564753 0.0564069 0.0563344 0.056255 0.0561708 0.0560654 0.0559681 0.0558514 0.0557239 0.0555911 0.0554585 0.0552959 0.0551349 0.0549684 0.0547864 0.0545916 0.0543934 0.0541774 0.0539563 0.053732 0.0534826 0.0532307 0.0529728 0.0527064 0.0524315 0.0521593 0.0518659 0.0516004 0.051349 0.0511027 0.050898 0.0507782 0.0507351 0.0508063 0.051047 0.0514943 0.0522014 0.0531584 0.0543804 0.0558451 0.057504 0.0592453 0.0609041 0.0622343 0.0630284 0.0630588 0.0620671 0.0598876 0.0563384 0.0513721 0.045076 0.0376372 0.0293395 0.020565 0.0116989 0.00315879 -0.00462297 -0.0113367 -0.0166867 -0.0205482 -0.0228989 -0.0238044 -0.023457 -0.0220594 -0.0198901 -0.0172031 -0.0142583 -0.0112784 -0.0084312 -0.00585809 -0.0036196 -0.00176495 -0.000285597 0.000840504 0.00164502 0.00217975 0.0024848 0.00261361 0.00260019 0.00248979 0.0023066 0.00207798 0.00182806 0.0015599 0.00129981 0.0010396 
0 0.000664974 0.00134489 0.00205224 0.002808 0.00362781 0.00454202 0.00557478 0.0067675 0.00815931 0.00979505 0.0117338 0.0140128 0.0166965 0.0198132 0.0233898 0.027436 0.0319007 0.036724 0.0417606 0.0468393 0.0517294 0.056168 0.0598891 0.0626047 0.0640996 0.0641588 0.0626958 0.0597083 0.0552903 0.0497155 0.0432753 0.0363796 0.0294461 0.0228569 0.0170031 0.0121962 0.00865498 0.00650582 0.00574708 0.00623972 0.00783685 0.0103063 0.0134179 0.016952 0.020643 0.0242988 0.0277694 0.0309666 0.0338543 0.0364114 0.0386147 0.0405094 0.0421311 0.0435264 0.0447567 0.045823 0.0467515 0.0475899 0.0483484 0.0490322 0.0496711 0.0502451 0.0507707 0.0512709 0.0517309 0.0521503 0.0525522 0.0529181 0.0532563 0.0535861 0.0538859 0.0541572 0.0544238 0.0546725 0.0548949 0.0551128 0.0553121 0.0554949 0.0556748 0.0558413 0.0559811 0.0561296 0.056271 0.0563854 0.0564939 0.0566171 0.0567145 0.0567975 0.0568901 0.0569817 0.0570467 0.0571164 0.0571911 0.0572537 0.0573026 0.057363 0.0574178 0.057461 0.0575017 0.0575517 0.0575885 0.057619 0.0576543 0.0576921 0.0577112 0.0577339 0.0577636 0.057783 0.0577862 0.0578059 0.0578215 0.0578168 0.0578119 0.0578237 0.0578115 0.0577889 0.0577785 0.057764 0.0577245 0.0576937 0.0576602 0.0576115 0.0575597 0.0575077 0.0574367 0.0573689 0.0572984 0.0572072 0.0571134 0.0570235 0.0569144 0.0568002 0.0566857 0.056551 0.0564191 0.0562911 0.0561412 0.0559851 0.0558446 0.0556994 0.0555699 0.0554545 0.055355 0.0553168 0.0553724 0.0555141 0.0557905 0.0562449 0.0569215 0.0578731 0.0590886 0.0605528 0.0622419 0.0640833 0.0659522 0.067682 0.069013 0.0697308 0.0696023 0.0683864 0.0659199 0.0620529 0.0567477 0.0501031 0.0423181 0.0336735 0.0245602 0.0153564 0.00648898 -0.00161469 -0.00863485 -0.0142719 -0.0183987 -0.0209796 -0.0220852 -0.0218927 -0.0206087 -0.0185077 -0.0158446 -0.0128921 -0.00987534 -0.00698084 -0.00435547 -0.00206981 -0.000180396 0.00131925 0.00244535 0.00323687 0.00373929 0.00399674 0.00406456 0.00397453 0.00378276 0.00351003 0.00319244 0.00285766 0.00250604 0.00217263 0.00184118 
0 0.000868066 0.00176449 0.00266796 0.00364053 0.00467453 0.00580173 0.00708098 0.00850751 0.010167 0.0120877 0.0143083 0.0169198 0.0199235 0.0233898 0.0273423 0.0317435 0.0365967 0.0417741 0.0471419 0.0525285 0.0576579 0.0622982 0.0661614 0.0689701 0.0705072 0.0705784 0.0690831 0.066029 0.0615438 0.0558484 0.0492976 0.0422674 0.0351545 0.0283798 0.0222825 0.0171914 0.0133325 0.0108467 0.00972857 0.00989681 0.0112085 0.0134192 0.016355 0.0197554 0.0233725 0.0270123 0.0305192 0.0337606 0.0366912 0.0392989 0.0415225 0.0434322 0.0450478 0.046416 0.0475717 0.0485657 0.0494226 0.0501634 0.0508119 0.051385 0.051925 0.0523825 0.0528009 0.0531837 0.0535403 0.053852 0.0541522 0.0544105 0.0546473 0.0548826 0.0550874 0.0552668 0.0554357 0.0556032 0.0557401 0.0558797 0.0559893 0.0561039 0.0562096 0.0563084 0.0563716 0.0564643 0.0565436 0.0566006 0.0566493 0.0567282 0.0567765 0.0568142 0.0568649 0.0569232 0.0569535 0.0569924 0.0570421 0.0570833 0.0571136 0.0571587 0.0572042 0.0572397 0.0572787 0.0573288 0.0573712 0.0574097 0.0574596 0.0575129 0.0575523 0.0576002 0.0576597 0.0577098 0.0577477 0.0578108 0.0578696 0.0579106 0.0579553 0.0580285 0.0580707 0.0581097 0.0581636 0.0582272 0.0582525 0.0582996 0.0583448 0.0583887 0.0584136 0.058455 0.058477 0.0585142 0.0585362 0.0585514 0.0585661 0.0585926 0.0585959 0.0585982 0.0586121 0.0586054 0.0586064 0.0586088 0.0586089 0.0585928 0.0586105 0.0586229 0.0586582 0.0587077 0.0588064 0.0589747 0.0592278 0.0595948 0.0601255 0.0608591 0.0618064 0.0630542 0.0645551 0.066294 0.0682385 0.0702974 0.0723096 0.0741031 0.0754459 0.0760695 0.0757928 0.0743746 0.0716518 0.067505 0.0619218 0.0549971 0.0469354 0.0380608 0.0286984 0.0192686 0.0101802 0.00182587 -0.00542805 -0.0113097 -0.0156688 -0.0184652 -0.0197523 -0.0197218 -0.0185604 -0.0165337 -0.0139339 -0.0109786 -0.00795086 -0.00502751 -0.00234397 -3.57556e-05 0.00189293 0.00340314 0.00451042 0.00528105 0.0057242 0.00592067 0.0059147 0.00573829 0.00546326 0.00509718 0.00468643 0.00425636 0.00380805 0.00337976 0.00295705 
0 0.00111691 0.00223786 0.00341066 0.00462034 0.0059139 0.00732061 0.00884969 0.0105805 0.0125236 0.0147426 0.0173069 0.0202291 0.0236025 0.027436 0.0317435 0.0365453 0.0417413 0.0472665 0.052956 0.0585861 0.063944 0.0687334 0.0726889 0.0755494 0.0770848 0.0771146 0.0755598 0.0724339 0.0678416 0.0620701 0.055404 0.048238 0.0409909 0.034003 0.0276696 0.0222841 0.0180791 0.0151897 0.0136682 0.0134264 0.0143312 0.0162341 0.018869 0.0220422 0.0255072 0.029057 0.0325079 0.0357528 0.0387039 0.0412813 0.0435231 0.0454212 0.0470121 0.0483149 0.0494168 0.0503126 0.0510554 0.0517031 0.0522472 0.0526997 0.0530828 0.0534474 0.0537495 0.054016 0.0542285 0.0544465 0.054634 0.0547865 0.0549086 0.0550421 0.055156 0.0552352 0.0553123 0.0553805 0.0554494 0.0554906 0.0555303 0.0555563 0.0556067 0.0556177 0.0556294 0.0556448 0.0556791 0.0556665 0.0556747 0.0556909 0.0557061 0.055692 0.055711 0.0557252 0.055734 0.0557373 0.0557664 0.0557825 0.0558023 0.0558276 0.0558661 0.0558936 0.0559345 0.0559801 0.0560308 0.0560767 0.0561424 0.0562054 0.0562704 0.0563391 0.0564295 0.056503 0.0565853 0.0566798 0.0567869 0.056865 0.0569717 0.0570864 0.0571971 0.0572843 0.0574168 0.0575354 0.0576479 0.0577525 0.0578948 0.058011 0.0581342 0.0582486 0.0583855 0.0585129 0.0586415 0.0587544 0.0588913 0.0590363 0.0591573 0.0592778 0.059417 0.0595744 0.0597024 0.0598386 0.0599784 0.0601655 0.060334 0.0605066 0.0607101 0.0609867 0.0612949 0.0616715 0.0621712 0.0627995 0.0636147 0.0646482 0.0659487 0.0674887 0.0693145 0.0713741 0.0735976 0.0758713 0.0780514 0.0799278 0.0812477 0.0818291 0.0814021 0.0797942 0.076853 0.0724798 0.066668 0.0595466 0.0513287 0.042281 0.0328077 0.0232465 0.0140187 0.00553464 -0.00188375 -0.00793871 -0.0124744 -0.0154418 -0.0169113 -0.0170117 -0.0159763 -0.0140494 -0.0114764 -0.0085654 -0.00551573 -0.00255617 0.000141891 0.00250875 0.00444375 0.0059617 0.00707378 0.00779609 0.00820821 0.00833601 0.008244 0.00798871 0.00759881 0.00713268 0.0066126 0.00606674 0.00552339 0.00498585 0.00447323 
0 0.0013966 0.00281736 0.00426283 0.00577355 0.00736413 0.00905935 0.010915 0.0129455 0.0152185 0.0177814 0.0206709 0.0239714 0.027697 0.0319007 0.0365967 0.0417413 0.0473003 0.0531347 0.0590876 0.0649454 0.0704534 0.0753428 0.0793394 0.0821941 0.0836635 0.0836222 0.0819583 0.078711 0.0740394 0.0681396 0.0613834 0.0541048 0.046686 0.0395144 0.0329231 0.027217 0.0226323 0.0193242 0.0173097 0.0165899 0.0170325 0.0184822 0.0207558 0.0236191 0.0268483 0.0302213 0.0335832 0.0367529 0.0396526 0.0422256 0.0444468 0.0463124 0.0478587 0.049114 0.0501027 0.0509206 0.0515899 0.0521167 0.0525091 0.0528453 0.0531368 0.0533745 0.0535448 0.0536789 0.0538014 0.0539055 0.0539818 0.0540207 0.054054 0.0540837 0.0541071 0.0540966 0.0540826 0.0540691 0.0540595 0.0540253 0.0539846 0.0539496 0.0539248 0.0538782 0.0538254 0.0537894 0.0537588 0.053708 0.0536616 0.0536358 0.0536045 0.0535644 0.0535381 0.0535253 0.0535043 0.0534893 0.0534871 0.0534917 0.0534946 0.0535112 0.0535343 0.0535643 0.0535997 0.0536485 0.0536993 0.0537612 0.0538324 0.0539119 0.0539924 0.0540901 0.0541959 0.0543023 0.054415 0.0545495 0.0546836 0.054814 0.0549619 0.0551277 0.0552825 0.0554381 0.0556198 0.0558068 0.0559812 0.0561626 0.0563697 0.0565735 0.0567708 0.0569725 0.0571989 0.0574229 0.0576435 0.0578626 0.0581083 0.0583546 0.0586017 0.0588459 0.0591106 0.0593834 0.0596676 0.0599549 0.0602512 0.060568 0.0609152 0.0612953 0.061689 0.062141 0.0626795 0.0633231 0.0640661 0.0649906 0.0661236 0.0674893 0.0691167 0.0710304 0.073207 0.0755869 0.0781054 0.0806063 0.0829361 0.0848814 0.0862341 0.0867314 0.0861801 0.0844102 0.0812656 0.0767152 0.0707652 0.0635351 0.0552317 0.0461658 0.0366453 0.0270711 0.0178376 0.00929136 0.00182707 -0.00432741 -0.00898543 -0.0120837 -0.0136878 -0.0139191 -0.0129867 -0.0111253 -0.00861315 -0.00569394 -0.00263859 0.000348717 0.00311126 0.00550105 0.00748824 0.00902365 0.0101265 0.0108441 0.0111993 0.011273 0.0111038 0.0107494 0.0102661 0.00968489 0.00905382 0.0083967 0.00773711 0.0070947 0.00647714 
0 0.00172929 0.00346888 0.00525309 0.00708272 0.00900299 0.0110347 0.0132157 0.0155987 0.0182156 0.0211342 0.0243943 0.0280531 0.0321551 0.036724 0.0417741 0.0472665 0.0531347 0.0592446 0.0654228 0.0714402 0.0770448 0.081964 0.0859247 0.0886963 0.0900496 0.0898657 0.0880633 0.0846819 0.0798816 0.0738705 0.066997 0.0595868 0.0520163 0.044649 0.0377997 0.0317709 0.0267808 0.0229816 0.0204407 0.0191702 0.0190684 0.020029 0.0218495 0.0243092 0.0272223 0.0303592 0.0335542 0.0366362 0.0394754 0.0419833 0.0441623 0.0459963 0.0475058 0.0487083 0.0496313 0.0503545 0.0509106 0.0513395 0.0516502 0.0518732 0.0520212 0.0521516 0.052234 0.0522641 0.05227 0.0522744 0.0522586 0.0522148 0.0521575 0.0520956 0.052042 0.0519603 0.0518691 0.0517825 0.0517097 0.0516078 0.0515092 0.0514158 0.0513327 0.0512319 0.0511385 0.0510488 0.0509713 0.0508841 0.0508035 0.0507321 0.0506715 0.0506055 0.0505497 0.0505068 0.0504701 0.0504354 0.0504139 0.050404 0.0503998 0.0504049 0.0504213 0.0504489 0.0504854 0.0505329 0.0505892 0.0506596 0.0507406 0.0508292 0.0509284 0.0510446 0.0511683 0.0512966 0.0514421 0.0516018 0.0517645 0.0519332 0.0521241 0.0523211 0.0525221 0.05273 0.0529603 0.0531926 0.0534316 0.0536718 0.0539394 0.0542088 0.0544793 0.0547501 0.0550589 0.0553625 0.055663 0.0559737 0.0563201 0.0566617 0.0570065 0.0573592 0.0577433 0.0581499 0.0585505 0.0589542 0.0594056 0.0599046 0.0604006 0.0609308 0.0615191 0.062202 0.0629732 0.0638536 0.0648644 0.0660897 0.0675538 0.0692805 0.0712827 0.0735417 0.0760626 0.0787844 0.0815901 0.0843143 0.0867973 0.0887987 0.0901313 0.0905668 0.0898937 0.0879764 0.0846913 0.0800117 0.0739773 0.0667213 0.058441 0.0494386 0.0400162 0.0305433 0.0213956 0.0129144 0.00546863 -0.000706436 -0.00541432 -0.00859154 -0.0102846 -0.0106005 -0.00974522 -0.00793897 -0.00544593 -0.00252291 0.0005735 0.00362509 0.00645159 0.0089229 0.0109689 0.0125461 0.0136788 0.0143834 0.0147202 0.0147464 0.0145085 0.0140856 0.0135033 0.0128286 0.0120918 0.0113176 0.0105539 0.00979037 0.009068 
0 0.00208807 0.00417296 0.00632861 0.00851144 0.0107961 0.0132002 0.0157321 0.018489 0.0214606 0.0247351 0.0283656 0.0323712 0.0368409 0.0417606 0.0471419 0.052956 0.0590876 0.0654228 0.0717622 0.0778701 0.0835016 0.0883779 0.0922399 0.0948581 0.0960327 0.09564 0.0936369 0.0900775 0.0851131 0.0789848 0.0719939 0.0644629 0.0567459 0.0491773 0.0420658 0.035699 0.0302972 0.0259931 0.0228995 0.0210281 0.0203161 0.0207056 0.0219946 0.0239989 0.0265359 0.0293861 0.032361 0.0353002 0.0380451 0.0404951 0.042649 0.0444565 0.0459398 0.0470939 0.0479685 0.0486342 0.0491289 0.0494726 0.0496915 0.0498246 0.049885 0.0499352 0.0499214 0.0498636 0.049788 0.0497208 0.0496206 0.0495096 0.0493831 0.0492541 0.049137 0.0489993 0.0488511 0.0487101 0.0485871 0.0484331 0.0482965 0.048158 0.0480305 0.0478898 0.0477727 0.0476402 0.0475297 0.0474172 0.0473167 0.0472095 0.0471309 0.0470472 0.0469741 0.0469085 0.0468636 0.0468154 0.046784 0.0467631 0.0467559 0.0467538 0.046769 0.0467934 0.0468327 0.0468805 0.046943 0.0470175 0.0471079 0.0472034 0.0473174 0.0474449 0.0475838 0.0477275 0.0478983 0.0480735 0.0482594 0.0484558 0.04868 0.0488963 0.0491347 0.0493819 0.0496495 0.0499117 0.0502045 0.0504899 0.0508031 0.0511206 0.0514538 0.0517785 0.0521495 0.0525165 0.0528863 0.0532718 0.0536938 0.0541136 0.0545466 0.0549976 0.0554676 0.055979 0.0564941 0.0570212 0.0575883 0.0582234 0.058866 0.0595667 0.0603327 0.0612033 0.06219 0.063315 0.0646054 0.0661284 0.0679187 0.0699817 0.0723474 0.0749634 0.0778349 0.0808779 0.0839403 0.0868551 0.0894552 0.0915069 0.092814 0.093184 0.0923868 0.0903284 0.0869264 0.0821671 0.0761261 0.068928 0.0607678 0.0519159 0.0426851 0.0334083 0.0244462 0.01614 0.00880863 0.00270759 -0.00198048 -0.00517906 -0.00691364 -0.00727538 -0.00645322 -0.00466461 -0.00214809 0.000811212 0.00398237 0.00713191 0.0100504 0.0126403 0.0147787 0.0164423 0.0176517 0.0183888 0.0187545 0.0187689 0.0184937 0.0180232 0.0173565 0.0165999 0.015766 0.0148868 0.0140305 0.0131616 0.0123481 
