0 0 0 0 0 0 0 0 0 0 0 0 0 0 0 0 0 0 0 0 0 0 0 0 0 0 0 0 0 0 0 0 0 0 0 0 0 0 0 0 0 0 0 0 0 0 0 0 0 0 0 0 0 0 0 0 0 0 0 0 0 0 0 0 0 0 0 0 0 0 0 0 0 0 0 0 0 0 0 0 0 0 0 0 0 0 0 0 0 0 0 0 0 0 0 0 0 0 0 0 0 0 0 0 0 0 0 0 0 0 0 0 0 0 0 0 0 0 0 0 0 0 0 0 0 0 0 0 0 0 0 0 0 0 0 0 0 0 0 0 0 0 0 0 0 0 0 0 0 0 0 0 0 0 0 0 0 0 0 0 0 0 0 0 0 0 0 0 0 0 0 0 0 0 0 0 0 0 0 0 0 0 0 0 0 0 0 0 0 0 0 0 0 0 0 0 0 0 0 0 
0 -9.03222e-07 1.36147e-06 -3.23822e-06 7.32787e-07 1.02136e-07 1.25298e-06 4.73764e-06 4.48581e-06 8.32575e-06 8.15551e-06 1.4429e-05 1.83944e-05 3.11253e-05 5.27231e-05 7.70474e-05 0.000127473 0.000181456 0.000261868 0.000370076 0.000494955 0.000668419 0.000871323 0.00111782 0.00141201 0.00174286 0.00210659 0.00249084 0.00287645 0.00322153 0.00352178 0.00371859 0.00378576 0.00372522 0.00348415 0.00308893 0.00255001 0.00186762 0.00109688 0.000288222 -0.000519888 -0.00125917 -0.00187198 -0.00235277 -0.00267057 -0.00282306 -0.00283311 -0.00271446 -0.00249865 -0.00221744 -0.00191937 -0.00162665 -0.00134152 -0.00108978 -0.000883812 -0.000704418 -0.000552723 -0.000451045 -0.000362764 -0.000277753 -0.000213533 -0.00016607 -0.000124514 -8.04118e-05 -3.63465e-05 9.38661e-07 2.04766e-05 5.5843e-05 9.35798e-05 0.000120508 0.000139953 0.000169377 0.000195861 0.000222362 0.000245829 0.000261304 0.000286326 0.000314505 0.000332098 0.000341049 0.000370257 0.000390783 0.000403264 0.000414675 0.000440709 0.00045218 0.000466013 0.000477366 0.0004953 0.000504324 0.000518781 0.000524922 0.000538188 0.000547688 0.000557535 0.000559144 0.00057199 0.000578776 0.000582253 0.000583298 0.000595232 0.000595783 0.000596087 0.000597944 0.000605592 0.000600717 0.000601551 0.000601156 0.000603563 0.000597496 0.000598066 0.000591936 0.00059339 0.000588 0.000583409 0.000574034 0.000579342 0.000570359 0.000559526 0.00055445 0.000560405 0.000544963 0.00053514 0.000535127 0.000534428 0.000521791 0.000516459 0.000512993 0.000510708 0.0005114 0.000502265 0.000496888 0.00050444 0.000513481 0.000504415 0.000508295 0.000521105 0.000541168 0.000556839 0.000569716 0.000595933 0.000656579 0.000722305 0.000783667 0.000887723 0.001035 0.00121293 0.00142441 0.0016712 0.00193497 0.00220997 0.00247849 0.00270278 0.00283875 0.00284711 0.00272831 0.00245579 0.00201939 0.00144993 0.000750758 -4.02368e-05 -0.000846979 -0.00162117 -0.00232681 -0.00289618 -0.00332629 -0.00361414 -0.0037252 -0.00370146 -0.003546 -0.00328025 -0.00295211 -0.00258529 -0.00221033 -0.00184839 -0.00152302 -0.00122384 -0.000971934 -0.00076186 -0.000580419 -0.000448166 -0.00033685 -0.000256131 -0.000198826 -0.00015344 -0.000125158 -0.000101871 -9.0373e-05 -7.71338e-05 -7.45249e-05 -7.0847e-05 -6.53044e-05 -7.21079e-05 -6.33323e-05 -6.84748e-05 -6.88817e-05 -6.18831e-05 -7.22302e-05 -6.38308e-05 -6.70282e-05 
0 1.36147e-06 2.76071e-06 2.22685e-06 5.94245e-06 2.07735e-06 2.31542e-06 4.19965e-06 4.28664e-07 9.13767e-06 1.54012e-05 2.45071e-05 5.01001e-05 7.16794e-05 0.000110318 0.000174044 0.000242769 0.000364631 0.000522698 0.000718414 0.00100742 0.00133231 0.00174846 0.00225757 0.00281637 0.00349319 0.00421422 0.00497756 0.00575173 0.00645059 0.00703317 0.00741649 0.00756422 0.00740358 0.00694997 0.0061725 0.0050839 0.00374939 0.00220784 0.000587973 -0.00102369 -0.00246414 -0.00370342 -0.00465366 -0.0052738 -0.00561773 -0.0056394 -0.00539605 -0.00495363 -0.00442354 -0.00381394 -0.00323905 -0.00269443 -0.00217104 -0.00173139 -0.00137678 -0.00112201 -0.000884104 -0.000685132 -0.000509451 -0.000411547 -0.000303134 -0.000203004 -0.000112829 -2.90324e-05 3.85567e-05 9.79416e-05 0.000158604 0.000244399 0.000285261 0.000342252 0.000387558 0.000453548 0.000495327 0.000552186 0.000577612 0.000633069 0.000684445 0.000721907 0.000743494 0.000796839 0.000842089 0.000862623 0.000894496 0.000935273 0.000969708 0.000987015 0.00102208 0.00104467 0.00107695 0.00109213 0.00111921 0.00113156 0.0011648 0.00117028 0.00118923 0.00119967 0.00122742 0.0012208 0.001238 0.00124594 0.0012619 0.00124885 0.00126665 0.00126631 0.00127188 0.00125896 0.00127203 0.00126202 0.0012643 0.00125079 0.0012526 0.00124126 0.00124266 0.00122161 0.00121503 0.00121268 0.00120408 0.00117607 0.00117174 0.00117589 0.00114985 0.00113022 0.00112711 0.00112785 0.0010983 0.00109495 0.00107814 0.00108361 0.00106955 0.00106708 0.00104429 0.00106792 0.00106541 0.00106474 0.00106926 0.00109399 0.00111164 0.00114739 0.00119979 0.00124053 0.00133272 0.0014508 0.00162917 0.00182352 0.00209147 0.0024317 0.00288789 0.00337201 0.00389062 0.00445417 0.00496592 0.00539828 0.0056702 0.00571849 0.00544603 0.00490491 0.00403624 0.00287593 0.00148979 -7.01887e-05 -0.00167458 -0.00324207 -0.00462281 -0.00578654 -0.0066503 -0.00719481 -0.00743457 -0.00737593 -0.00706518 -0.00654248 -0.00590403 -0.00515675 -0.00441411 -0.00369999 -0.00301733 -0.00245319 -0.00194003 -0.00151862 -0.00118685 -0.000897592 -0.000686758 -0.000520741 -0.000390594 -0.000305118 -0.000243887 -0.000198497 -0.000177084 -0.000160093 -0.000146046 -0.00014637 -0.000136973 -0.000135207 -0.000137602 -0.000130605 -0.000135006 -0.000134196 -0.000129646 -0.00013557 -0.000133071 
0 -3.23822e-06 2.22685e-06 -3.62712e-06 2.49469e-06 2.02844e-06 4.91799e-06 1.1375e-05 1.24932e-05 2.18263e-05 2.59485e-05 4.31234e-05 6.24791e-05 0.000100742 0.000163894 0.000245909 0.000384388 0.000555567 0.000796091 0.00111469 0.00150658 0.00201806 0.00263314 0.00337611 0.00424835 0.00523959 0.00632372 0.00746541 0.00860708 0.00963945 0.010515 0.0110948 0.0112999 0.0110988 0.0103973 0.00922979 0.00762436 0.00561743 0.00333898 0.000940035 -0.00144382 -0.00362445 -0.00545563 -0.0068827 -0.00783406 -0.00831251 -0.00835479 -0.00801453 -0.00738464 -0.00656845 -0.00568377 -0.0048087 -0.00396592 -0.00320528 -0.00256765 -0.00202505 -0.00157982 -0.00124681 -0.000963296 -0.000708025 -0.000512687 -0.000357112 -0.000218183 -8.1082e-05 5.31599e-05 0.00016579 0.000246153 0.000351456 0.000465272 0.000550951 0.000623644 0.000710304 0.000796052 0.000877945 0.000952184 0.00100888 0.0010856 0.00116826 0.00122586 0.00126804 0.00134703 0.00141224 0.00145545 0.00149989 0.0015678 0.0016124 0.00165415 0.00169515 0.00174327 0.00177955 0.00181856 0.00184565 0.00188117 0.00191438 0.00194045 0.00195492 0.00198625 0.00200994 0.00201966 0.00202951 0.00205557 0.00206288 0.00206264 0.00207088 0.0020849 0.00207771 0.00207502 0.00207598 0.00207611 0.00206318 0.0020569 0.002044 0.00203901 0.00202454 0.00200572 0.00198397 0.00198423 0.00196037 0.00192775 0.00191194 0.00191296 0.00187441 0.00184322 0.00183535 0.00182507 0.00179008 0.00176901 0.00175365 0.00174348 0.00173424 0.00170989 0.00169175 0.00170525 0.00171689 0.00169932 0.00170524 0.00173727 0.00178254 0.00182671 0.00187319 0.00195396 0.00211221 0.00230054 0.00251022 0.00281918 0.00324567 0.00377257 0.00440915 0.00513558 0.00591534 0.00672461 0.00749915 0.00813575 0.00851568 0.0085329 0.00814852 0.00731663 0.00601113 0.00429662 0.00221444 -0.000120561 -0.00251547 -0.00481999 -0.00690067 -0.00860587 -0.00989027 -0.0107327 -0.0110797 -0.0110087 -0.010551 -0.00977665 -0.00880923 -0.0077218 -0.00661092 -0.00553818 -0.00455739 -0.0036755 -0.00292029 -0.00228841 -0.0017581 -0.00135025 -0.00102084 -0.000776083 -0.000597289 -0.000462807 -0.000374235 -0.000306591 -0.000268813 -0.000235712 -0.000222478 -0.000212971 -0.000201213 -0.000209385 -0.000196267 -0.000202488 -0.000203218 -0.000194131 -0.000207599 -0.000193561 -0.000201225 
0 7.32787e-07 5.94245e-06 2.49469e-06 5.94042e-06 5.14252e-06 5.53846e-06 1.0327e-05 1.08333e-05 2.26587e-05 3.5847e-05 5.76062e-05 9.69218e-05 0.000148047 0.000229566 0.000349138 0.000513424 0.000750777 0.00106992 0.0014862 0.0020338 0.00270693 0.00353606 0.00453312 0.00568091 0.00700107 0.0084381 0.00994828 0.0114553 0.0128302 0.0139674 0.0147248 0.0150003 0.0147059 0.0137977 0.0122655 0.0101413 0.00751283 0.00451316 0.00134448 -0.00179038 -0.0046474 -0.00707866 -0.00896231 -0.0102273 -0.0108948 -0.0109693 -0.0105299 -0.00970516 -0.00865301 -0.0074834 -0.0063263 -0.00522021 -0.00419602 -0.00331618 -0.0025898 -0.00201632 -0.00153868 -0.00113175 -0.000785542 -0.000530943 -0.000307454 -0.000102388 8.96467e-05 0.000268209 0.000419896 0.000551089 0.000691871 0.00084607 0.00096322 0.00107689 0.0011899 0.00131297 0.00142177 0.00152756 0.0016111 0.0017172 0.0018238 0.00190726 0.00197672 0.00207535 0.00216509 0.00222876 0.00229769 0.00237912 0.00244847 0.00250394 0.0025664 0.0026247 0.0026827 0.0027296 0.00277581 0.0028178 0.00286797 0.00289816 0.00292864 0.00296176 0.00299824 0.00300901 0.00303046 0.0030539 0.00307083 0.0030678 0.00308302 0.00309112 0.00309036 0.00308026 0.00308478 0.00307634 0.00306567 0.00304829 0.00303688 0.00302016 0.00300346 0.00297255 0.0029495 0.00293482 0.0029058 0.0028621 0.00283966 0.00282582 0.00278034 0.00273858 0.00271869 0.00269863 0.00265249 0.00262222 0.00259382 0.00257869 0.00255308 0.00252605 0.00249716 0.0025063 0.00250387 0.00249166 0.00249499 0.00252664 0.00256767 0.00262559 0.00270268 0.0028043 0.00298389 0.00322574 0.0035433 0.00394863 0.00449185 0.00518388 0.0060405 0.00699523 0.00801958 0.00908323 0.0100734 0.0108806 0.0113605 0.0113793 0.0108324 0.00970734 0.00796824 0.00567166 0.00291808 -0.000151104 -0.00331426 -0.00636972 -0.00910531 -0.0113798 -0.0130866 -0.0141823 -0.01466 -0.0145634 -0.0139638 -0.0129591 -0.0116909 -0.010254 -0.00878803 -0.00737086 -0.00605416 -0.00490032 -0.00389469 -0.00305394 -0.00236813 -0.00180999 -0.0013771 -0.00104559 -0.000795028 -0.000618086 -0.00049377 -0.000406374 -0.000355206 -0.00031773 -0.000296108 -0.000285614 -0.000273903 -0.000272796 -0.000268536 -0.000266879 -0.000267096 -0.000265277 -0.000268325 -0.000264992 -0.0002669 
0 1.02136e-07 2.07735e-06 2.02844e-06 5.14252e-06 8.1889e-06 9.98132e-06 1.55552e-05 2.06672e-05 3.20213e-05 5.01264e-05 7.56869e-05 0.000123487 0.000190292 0.000293514 0.000449361 0.000660242 0.000963606 0.00136672 0.00189145 0.00257613 0.00341851 0.00445644 0.00569862 0.00713611 0.00877456 0.0105601 0.0124295 0.0142825 0.0159821 0.0173751 0.0183091 0.0186501 0.0182826 0.017164 0.0152727 0.0126536 0.00942183 0.00574045 0.00184572 -0.002001 -0.00552728 -0.00853706 -0.0108729 -0.0124585 -0.0132977 -0.0134131 -0.0129025 -0.0119141 -0.0106291 -0.00919307 -0.00774749 -0.00636543 -0.00509212 -0.00398317 -0.0030589 -0.00231454 -0.00169486 -0.00117421 -0.000737023 -0.000390521 -9.45487e-05 0.000172795 0.00042186 0.00065307 0.000853688 0.00103739 0.00122131 0.00141211 0.00157538 0.00172971 0.00188012 0.0020382 0.0021847 0.00232122 0.00244469 0.0025798 0.00271416 0.00282808 0.00293406 0.00305262 0.00316777 0.00326068 0.00335603 0.00345439 0.00354793 0.00362571 0.00370716 0.00378264 0.0038587 0.00392121 0.00398328 0.0040394 0.00409973 0.00414253 0.00418529 0.00422602 0.00426759 0.00428908 0.00431634 0.00434131 0.00436124 0.00436459 0.00437841 0.0043848 0.00438467 0.00437397 0.00437277 0.00436052 0.00434539 0.00432135 0.00430355 0.00427809 0.00425118 0.00421195 0.00418127 0.00414956 0.00410937 0.00405741 0.00402167 0.00398587 0.00393281 0.00387808 0.00384041 0.00380135 0.00374655 0.00369741 0.00365606 0.0036245 0.00358372 0.00354267 0.00350697 0.00349884 0.00348446 0.00346813 0.00346485 0.0034932 0.00353705 0.00359946 0.00368815 0.00382288 0.00403756 0.00433317 0.00472703 0.00523696 0.00591464 0.00677725 0.00782288 0.00899369 0.0102521 0.0115403 0.0127333 0.0136862 0.014227 0.0142018 0.0134891 0.0120559 0.00988242 0.00702157 0.00360393 -0.000184037 -0.00409043 -0.00785655 -0.0112301 -0.0140416 -0.0161585 -0.0175185 -0.0181273 -0.0180199 -0.017292 -0.0160704 -0.014509 -0.0127493 -0.010942 -0.00919154 -0.00756432 -0.00612706 -0.00487591 -0.0038237 -0.00296533 -0.00226651 -0.00172595 -0.0013112 -0.00099976 -0.000778954 -0.000621051 -0.000513732 -0.000443831 -0.000398427 -0.000369405 -0.000353493 -0.000343598 -0.000336737 -0.00033618 -0.000333859 -0.000332414 -0.000333105 -0.000331491 -0.00033311 -0.00033294 
0 1.25298e-06 2.31542e-06 4.91799e-06 5.53846e-06 9.98132e-06 1.3662e-05 1.8596e-05 3.24544e-05 4.34929e-05 6.56574e-05 0.000104889 0.000152952 0.000242865 0.000372064 0.00055178 0.000829065 0.00118735 0.00167713 0.0023289 0.00313125 0.00416385 0.00540837 0.00688533 0.00862763 0.0105675 0.0126968 0.0149164 0.0171004 0.0191024 0.0207424 0.0218438 0.0222297 0.0218134 0.0204805 0.0182467 0.0151724 0.0113613 0.00704345 0.00247037 -0.00203794 -0.00621642 -0.00976551 -0.0125445 -0.0144636 -0.015465 -0.0156399 -0.0150826 -0.0139642 -0.0124502 -0.0107789 -0.00905075 -0.00738259 -0.00586519 -0.00453102 -0.00340198 -0.00244745 -0.0016872 -0.00104464 -0.000512287 -4.41835e-05 0.000327863 0.000663033 0.000977341 0.00126858 0.00153039 0.00176674 0.00200791 0.00223016 0.00245642 0.00264711 0.00285082 0.00303834 0.00323502 0.00339947 0.00357601 0.00373835 0.00390525 0.00405323 0.00420195 0.00434316 0.00448291 0.00461402 0.00473452 0.00485739 0.00497047 0.00508155 0.00517633 0.00527997 0.00536601 0.00545574 0.00552656 0.00560833 0.00566831 0.00573613 0.00578313 0.00584156 0.00587704 0.00592225 0.00594551 0.00598073 0.00599303 0.0060152 0.00601571 0.00602881 0.00601915 0.00601851 0.00599862 0.00599108 0.00596093 0.00593882 0.00590238 0.00587525 0.00582737 0.00578668 0.00573798 0.00569216 0.0056324 0.00557637 0.00551927 0.00545857 0.00539522 0.00532578 0.00526617 0.00519941 0.0051391 0.00506133 0.0050092 0.00494698 0.00489684 0.00482755 0.00479066 0.00474804 0.00472727 0.00469444 0.00468314 0.00469752 0.00474728 0.00480858 0.00489277 0.00506504 0.00531637 0.00566995 0.00611296 0.0067398 0.00755494 0.00858608 0.00979062 0.0111732 0.0126542 0.0141271 0.0155009 0.0165659 0.0171335 0.0170193 0.0161418 0.0143773 0.0117601 0.00835464 0.004285 -0.000196518 -0.00481492 -0.00924765 -0.0132534 -0.0165701 -0.0190849 -0.0207212 -0.0214492 -0.0213479 -0.0205075 -0.019088 -0.0172474 -0.0151955 -0.013059 -0.0109802 -0.00907197 -0.00733634 -0.00585497 -0.00459994 -0.00355415 -0.00273469 -0.00207636 -0.0015772 -0.00121126 -0.000936865 -0.00074778 -0.000619805 -0.000529995 -0.000475109 -0.000443818 -0.000418954 -0.000410959 -0.000405376 -0.00039677 -0.000402009 -0.000398516 -0.000396308 -0.000402213 -0.000396134 -0.000399459 
0 4.73764e-06 4.19965e-06 1.1375e-05 1.0327e-05 1.55552e-05 1.8596e-05 2.58939e-05 3.75758e-05 5.22571e-05 8.8299e-05 0.000128157 0.000206047 0.000311426 0.000461948 0.00069649 0.000997212 0.00143714 0.00201552 0.00276391 0.00374183 0.00493399 0.0063987 0.00813562 0.0101415 0.0123998 0.014857 0.0174099 0.0199124 0.0222184 0.0240721 0.025319 0.0257716 0.0252546 0.0237536 0.0212096 0.0176917 0.0133695 0.00845674 0.003247 -0.00189068 -0.00663276 -0.0107218 -0.0139189 -0.0161418 -0.0173575 -0.0176103 -0.0170181 -0.0157689 -0.0140945 -0.0121745 -0.0101862 -0.00826751 -0.00648672 -0.00488539 -0.00354073 -0.00243113 -0.00147877 -0.000679358 -2.31846e-05 0.000526656 0.00100385 0.00143258 0.00182519 0.00217295 0.00249552 0.00281275 0.00310354 0.00337945 0.00365105 0.00390912 0.00415077 0.00439367 0.00462288 0.00484006 0.00505892 0.00526514 0.00545766 0.00565102 0.00584261 0.00601066 0.00618014 0.00634713 0.006504 0.00664461 0.00679111 0.00692374 0.00705063 0.0071679 0.00728289 0.00738293 0.00748475 0.0075731 0.00765402 0.00772745 0.00780172 0.00785642 0.00790781 0.00795606 0.00799779 0.00802061 0.00804717 0.00806677 0.00807525 0.00807189 0.00807395 0.00806175 0.00804253 0.00801704 0.00799154 0.00795052 0.0079115 0.00786265 0.00780959 0.00774963 0.00769344 0.00761915 0.00754787 0.00747704 0.00740021 0.00730912 0.00723177 0.00714866 0.00705608 0.00696683 0.00688427 0.00679191 0.00670501 0.00662598 0.00653963 0.00646322 0.00639867 0.00633323 0.00627489 0.00624306 0.00621773 0.00621003 0.00623562 0.00629858 0.00641585 0.00659615 0.00685449 0.00724878 0.00781449 0.00852958 0.00944821 0.0106261 0.0120237 0.0135873 0.0152543 0.0169139 0.0183971 0.0195276 0.0200921 0.0198995 0.0187852 0.0166899 0.0136319 0.00965772 0.00497916 -0.000152319 -0.00544248 -0.0105394 -0.0151124 -0.0189496 -0.0218556 -0.0237239 -0.0246065 -0.0245048 -0.0235709 -0.0219835 -0.0199046 -0.0175605 -0.0151226 -0.0127438 -0.0105207 -0.00854461 -0.00681921 -0.00536031 -0.00417173 -0.00319119 -0.0024372 -0.00184927 -0.00140654 -0.00109529 -0.000864665 -0.00071792 -0.000613504 -0.000552744 -0.000511818 -0.000486057 -0.000478933 -0.000462972 -0.000468564 -0.000460876 -0.000460653 -0.000469267 -0.000456754 -0.000470097 -0.000463756 
0 4.48581e-06 4.28664e-07 1.24932e-05 1.08333e-05 2.06672e-05 3.24544e-05 3.75758e-05 6.17219e-05 7.94127e-05 0.000116664 0.000174384 0.000250103 0.000382839 0.00056712 0.000832173 0.00121496 0.00171963 0.0023968 0.00327983 0.00438037 0.00576563 0.00743803 0.00941342 0.011717 0.0142748 0.0170542 0.0199285 0.0227323 0.0252937 0.0273696 0.0287609 0.0292505 0.0286993 0.0270077 0.024164 0.0202563 0.0154445 0.00999641 0.00423087 -0.00146474 -0.00677484 -0.0113421 -0.0149538 -0.0174973 -0.0188869 -0.0192249 -0.018641 -0.0173223 -0.0154719 -0.01335 -0.0111001 -0.00890003 -0.00687239 -0.00505034 -0.00347389 -0.0021124 -0.000986768 -5.21772e-05 0.000725562 0.00142592 0.00200858 0.00252278 0.0029922 0.00341917 0.00382179 0.00420658 0.00456558 0.00489043 0.00523329 0.00554352 0.00585086 0.00613567 0.00642194 0.0066826 0.00696289 0.00720674 0.00744105 0.00767812 0.00791888 0.00812031 0.00832212 0.0085317 0.00872177 0.00889505 0.00906585 0.00923484 0.00938348 0.00953265 0.00966148 0.00979144 0.00990837 0.010023 0.0101077 0.0102072 0.0102897 0.0103615 0.0104103 0.0104811 0.0105215 0.0105529 0.0105735 0.0106094 0.0106062 0.0106059 0.0105987 0.0105935 0.010555 0.0105286 0.0104879 0.0104448 0.010383 0.0103266 0.010252 0.0101836 0.0101026 0.0100098 0.00991503 0.00983067 0.00972533 0.00960446 0.0095075 0.00940161 0.00927868 0.00915289 0.00905325 0.00892714 0.00881542 0.00869536 0.00858916 0.00847659 0.00839384 0.00828725 0.0082093 0.00814816 0.00810288 0.00807563 0.00809566 0.00814565 0.00824841 0.00846422 0.00876687 0.00920744 0.00980979 0.010643 0.0117065 0.0130291 0.014556 0.0162889 0.0181254 0.0199053 0.0214927 0.0226486 0.0231461 0.0227889 0.0214532 0.0190013 0.0154895 0.010997 0.00570952 -5.60861e-05 -0.00597537 -0.011664 -0.0168014 -0.0210936 -0.0243699 -0.0265172 -0.027528 -0.0274658 -0.0264636 -0.0247195 -0.0224229 -0.0198343 -0.0171172 -0.0144524 -0.0119747 -0.00972092 -0.00777264 -0.00611633 -0.0047393 -0.0036425 -0.00277191 -0.00210296 -0.0016115 -0.00124446 -0.000987173 -0.000815985 -0.000691052 -0.000621581 -0.000575232 -0.000544794 -0.00053671 -0.000524488 -0.000526173 -0.000524285 -0.000522625 -0.000527871 -0.00052421 -0.000530519 -0.000529604 
0 8.32575e-06 9.13767e-06 2.18263e-05 2.26587e-05 3.20213e-05 4.34929e-05 5.22571e-05 7.94127e-05 0.00010726 0.000156333 0.000229217 0.000331151 0.0004895 0.000708281 0.00102041 0.00145509 0.00203792 0.00281446 0.0038202 0.0050858 0.00665831 0.00855344 0.0107854 0.0133612 0.01622 0.0193077 0.0224871 0.0255798 0.0283921 0.0306603 0.0321705 0.0326992 0.0320827 0.030236 0.0271374 0.0228789 0.0176466 0.0117224 0.00545278 -0.000752448 -0.00653943 -0.0115552 -0.01555 -0.0183908 -0.0199982 -0.0204536 -0.0198907 -0.0185101 -0.0165409 -0.0142264 -0.011749 -0.00930128 -0.00700991 -0.0049238 -0.00310646 -0.00153584 -0.000202583 0.000916706 0.00185096 0.00267188 0.00337966 0.00400835 0.00457483 0.00508088 0.00556553 0.00603447 0.00646517 0.00685624 0.0072591 0.00763958 0.00800633 0.00834947 0.00868284 0.00900335 0.00933452 0.00962837 0.00990237 0.0101893 0.0104738 0.0107165 0.0109532 0.0112025 0.0114299 0.0116363 0.0118371 0.0120361 0.0122163 0.0123904 0.0125432 0.0126948 0.0128375 0.0129683 0.0130704 0.0131847 0.0132862 0.013365 0.0134251 0.0135044 0.0135554 0.0135854 0.0136123 0.0136497 0.0136479 0.0136398 0.0136332 0.013622 0.0135766 0.0135371 0.0134905 0.0134343 0.0133583 0.0132841 0.0131962 0.0131098 0.0130075 0.0128921 0.0127772 0.0126717 0.0125378 0.0123903 0.0122671 0.0121383 0.0119802 0.0118244 0.0116935 0.0115436 0.0113925 0.0112393 0.0110982 0.0109616 0.0108414 0.010699 0.0105845 0.0105022 0.0104336 0.0103731 0.0103647 0.0104099 0.0105275 0.0107444 0.0110614 0.0115483 0.0122432 0.0131694 0.0143364 0.0157829 0.0174593 0.0193363 0.0213007 0.0231789 0.0247941 0.0259211 0.0263254 0.025796 0.0241796 0.0213609 0.0173906 0.0123693 0.00652233 0.000172787 -0.00633285 -0.0125938 -0.0182518 -0.0230027 -0.026638 -0.0290337 -0.0301934 -0.030175 -0.0291312 -0.0272704 -0.0247983 -0.0219804 -0.0190111 -0.0160816 -0.0133381 -0.0108501 -0.00868353 -0.0068417 -0.00531255 -0.00407988 -0.00310486 -0.00235056 -0.00179006 -0.00137752 -0.00108608 -0.000892222 -0.000756944 -0.000678487 -0.000628147 -0.000598859 -0.000588117 -0.000576249 -0.000580493 -0.00057977 -0.000581817 -0.00058933 -0.000586466 -0.0005944 -0.000593165 
0 8.15551e-06 1.54012e-05 2.59485e-05 3.5847e-05 5.01264e-05 6.56574e-05 8.8299e-05 0.000116664 0.000156333 0.000218093 0.000299842 0.000432929 0.000615134 0.000874377 0.00125101 0.00174419 0.00242551 0.00331261 0.00444132 0.00588259 0.00763452 0.00975382 0.0122475 0.0150911 0.0182555 0.0216412 0.0251107 0.0284704 0.0315125 0.0339576 0.0355772 0.0361548 0.0354781 0.0334968 0.0301693 0.0255955 0.0199993 0.0136663 0.00697097 0.000317667 -0.00588476 -0.0113168 -0.0156715 -0.018789 -0.0206157 -0.0211975 -0.0206876 -0.0192784 -0.0172301 -0.0147383 -0.0120481 -0.00936038 -0.00681265 -0.00447205 -0.00239584 -0.000597748 0.000962443 0.00226701 0.00337539 0.00432919 0.00518191 0.00592956 0.00659741 0.00719528 0.00776962 0.00832806 0.00883168 0.00930361 0.0097644 0.0102254 0.0106507 0.0110627 0.0114434 0.0118336 0.0122114 0.0125636 0.0128823 0.0132213 0.0135476 0.0138385 0.0141149 0.0144009 0.0146692 0.0149103 0.0151455 0.0153708 0.0155882 0.0157835 0.0159669 0.016136 0.0163089 0.0164506 0.0165791 0.0167015 0.0168255 0.0169077 0.0169879 0.0170662 0.0171331 0.0171594 0.0171983 0.0172274 0.017235 0.0172154 0.0172129 0.0171879 0.0171438 0.0170853 0.0170363 0.0169614 0.0168764 0.0167784 0.0166816 0.0165708 0.0164491 0.016309 0.0161756 0.016041 0.0158793 0.0157068 0.0155519 0.0153952 0.015201 0.0150167 0.014844 0.0146712 0.0144732 0.0142889 0.0141035 0.0139433 0.013773 0.0136013 0.0134426 0.0133332 0.0132338 0.0131468 0.0131077 0.0131402 0.0132709 0.0134908 0.0138381 0.0143644 0.0151466 0.0161594 0.0174415 0.0189998 0.0208065 0.02279 0.0248405 0.0267817 0.0283755 0.029422 0.0296711 0.0289221 0.0269818 0.0237904 0.0193653 0.0138285 0.00745266 0.000550077 -0.00649456 -0.0132824 -0.019409 -0.0245896 -0.0285679 -0.0312125 -0.0325421 -0.0325878 -0.0315328 -0.029584 -0.0269747 -0.0239612 -0.0207783 -0.0176211 -0.0146282 -0.0119287 -0.0095446 -0.0075154 -0.00584082 -0.00446628 -0.00339675 -0.00256533 -0.00193893 -0.00149133 -0.00116626 -0.000949791 -0.000806367 -0.000716951 -0.00066277 -0.000636719 -0.000626133 -0.000618329 -0.000626572 -0.000625909 -0.000632101 -0.000642075 -0.000640014 -0.00065365 -0.000654764 
0 1.4429e-05 2.45071e-05 4.31234e-05 5.76062e-05 7.56869e-05 0.000104889 0.000128157 0.000174384 0.000229217 0.000299842 0.000421692 0.000565058 0.000790181 0.00110551 0.00151996 0.00211765 0.00287969 0.0038847 0.00517718 0.0067643 0.00873522 0.0110809 0.0138244 0.0169571 0.0204114 0.0240861 0.0278314 0.0314528 0.0346798 0.037302 0.0390225 0.0396111 0.0389252 0.0368046 0.0332828 0.0284606 0.0225529 0.015878 0.00883602 0.00182637 -0.00476633 -0.010533 -0.0152215 -0.0186221 -0.0206562 -0.0213783 -0.0209543 -0.0195749 -0.0174427 -0.0148343 -0.0119558 -0.00902798 -0.00622297 -0.00365316 -0.00131778 0.000764497 0.00254493 0.00404559 0.00532773 0.00646634 0.00746021 0.00833521 0.00910499 0.0098173 0.010489 0.0111273 0.0117177 0.0122661 0.0128025 0.0133254 0.0138286 0.014292 0.0147421 0.0151835 0.0156203 0.0160177 0.0163976 0.0167751 0.0171471 0.0174833 0.0178037 0.0181222 0.0184283 0.0187085 0.018972 0.01923 0.0194742 0.0196999 0.0199032 0.0201023 0.0202887 0.0204554 0.020598 0.0207421 0.0208695 0.0209737 0.0210595 0.0211498 0.0212146 0.0212581 0.021292 0.0213259 0.021328 0.0213167 0.0213001 0.0212755 0.0212206 0.0211594 0.0210917 0.0210123 0.0209082 0.0207987 0.0206826 0.0205568 0.0204093 0.0202528 0.0200977 0.0199339 0.0197472 0.0195513 0.0193684 0.0191733 0.0189578 0.0187356 0.0185331 0.0183198 0.0180953 0.0178625 0.0176525 0.0174468 0.0172401 0.0170278 0.0168428 0.0166878 0.0165532 0.0164462 0.0163856 0.016405 0.0165171 0.0167641 0.0171522 0.0177309 0.0185494 0.019674 0.0210788 0.0227304 0.0246243 0.0266999 0.0288077 0.0307313 0.0322822 0.03319 0.0332302 0.0321976 0.0299365 0.0263415 0.021451 0.0154488 0.00855351 0.00114151 -0.00639531 -0.0136492 -0.0202379 -0.0257987 -0.0301027 -0.0330301 -0.0345035 -0.0346584 -0.0336237 -0.0316139 -0.0289084 -0.0257454 -0.0223762 -0.0190091 -0.01582 -0.0128909 -0.0103247 -0.00812914 -0.00628535 -0.0048177 -0.00363306 -0.00272968 -0.00205878 -0.00155175 -0.00121301 -0.000970913 -0.00081722 -0.000728614 -0.000671475 -0.000649752 -0.000640699 -0.000644771 -0.000650713 -0.000662628 -0.000673997 -0.0006818 -0.000697031 -0.000701356 -0.000712574 
0 1.83944e-05 5.01001e-05 6.24791e-05 9.69218e-05 0.000123487 0.000152952 0.000206047 0.000250103 0.000331151 0.000432929 0.000565058 0.00076946 0.00102942 0.0013996 0.00190319 0.00255939 0.00344331 0.00457449 0.00600544 0.00780165 0.009971 0.0125622 0.0155801 0.01898 0.0227241 0.0266801 0.0306881 0.0345373 0.0379731 0.0407288 0.0425298 0.0431614 0.0424142 0.0402061 0.0365386 0.0315085 0.0253649 0.0184331 0.0111021 0.00378113 -0.00307961 -0.00916148 -0.0141351 -0.0177776 -0.0200503 -0.020954 -0.0206302 -0.0192765 -0.0171429 -0.0144217 -0.0113945 -0.00827569 -0.00523099 -0.00237805 0.000229509 0.00252673 0.00455276 0.00629528 0.0077961 0.00907156 0.0102252 0.0112436 0.0121428 0.0129571 0.013722 0.0144512 0.0151246 0.0157619 0.0163544 0.0169571 0.0175147 0.0180501 0.0185475 0.0190572 0.0195276 0.0199864 0.0204117 0.0208358 0.0212378 0.0216249 0.0219829 0.0223321 0.0226722 0.0229858 0.0232813 0.0235623 0.0238381 0.0240804 0.0243161 0.0245296 0.0247396 0.0249144 0.0250887 0.0252348 0.0253795 0.0254889 0.0255999 0.0256802 0.0257605 0.0258054 0.0258532 0.0258703 0.0258873 0.0258695 0.0258558 0.0258134 0.0257686 0.0256912 0.0256198 0.0255227 0.0254176 0.0252867 0.0251631 0.0250157 0.024854 0.0246792 0.0245075 0.0243161 0.024107 0.0238976 0.0236809 0.0234593 0.0232153 0.0229764 0.0227271 0.022495 0.0222286 0.0219729 0.0217176 0.0214916 0.0212334 0.0209963 0.0207708 0.0205896 0.0204253 0.0202872 0.0201978 0.0202171 0.0203596 0.0205934 0.0210058 0.0216486 0.0225809 0.0237693 0.0252523 0.026999 0.0289961 0.031118 0.0332238 0.0351175 0.0365252 0.0372454 0.0370482 0.0357174 0.0330603 0.0290624 0.0237251 0.017235 0.00989626 0.00202432 -0.0059655 -0.0136593 -0.0206447 -0.0265916 -0.0312098 -0.0343713 -0.0360497 -0.0363103 -0.0353316 -0.0333238 -0.0305558 -0.0272754 -0.0237597 -0.0202205 -0.0168268 -0.0137348 -0.0109851 -0.00862897 -0.00667316 -0.00506679 -0.00380362 -0.00283042 -0.0020887 -0.00156479 -0.00119103 -0.000936981 -0.000787503 -0.000687691 -0.000644415 -0.000627986 -0.000622599 -0.000641905 -0.000653444 -0.000675562 -0.000697485 -0.000711842 -0.00073463 -0.000745014 -0.000761454 
0 3.11253e-05 7.16794e-05 0.000100742 0.000148047 0.000190292 0.000242865 0.000311426 0.000382839 0.0004895 0.000615134 0.000790181 0.00102942 0.00134596 0.00178742 0.00236544 0.0031389 0.00414226 0.00541856 0.00702819 0.00900543 0.0113985 0.0142338 0.0175141 0.0212021 0.0252357 0.0294659 0.0337258 0.037796 0.0413906 0.0442817 0.0461642 0.0468162 0.0460638 0.043774 0.0399829 0.0347998 0.0284767 0.0213511 0.0138256 0.00629711 -0.000811618 -0.00713448 -0.0123631 -0.0162501 -0.0187338 -0.0198076 -0.0196263 -0.0183708 -0.0162393 -0.0134682 -0.0103162 -0.00700675 -0.00373729 -0.000665216 0.00219937 0.00478243 0.00705428 0.00901023 0.0107045 0.0121802 0.013495 0.014647 0.0156572 0.0165935 0.0174561 0.0182638 0.0190172 0.0197328 0.0203955 0.0210556 0.0216753 0.0222618 0.0228226 0.0233755 0.0238897 0.0243896 0.0248699 0.0253228 0.0257591 0.0261827 0.02658 0.026952 0.0273212 0.0276623 0.0279848 0.0282888 0.0285843 0.0288457 0.0291034 0.0293369 0.0295549 0.0297466 0.0299394 0.0300967 0.0302424 0.03037 0.0304917 0.030574 0.0306546 0.0307165 0.0307641 0.0307779 0.0307972 0.0307895 0.0307661 0.0307199 0.0306764 0.0305988 0.030514 0.0304123 0.0303027 0.030163 0.030027 0.0298685 0.0296957 0.0295091 0.0293239 0.0291094 0.0288886 0.0286646 0.0284274 0.0281742 0.0279209 0.0276584 0.027383 0.0271179 0.0268358 0.0265489 0.0262698 0.0260072 0.025721 0.0254603 0.025213 0.0249936 0.0248015 0.0246627 0.0245666 0.0245775 0.0247183 0.0250014 0.0254758 0.0261785 0.0271633 0.0284601 0.0300591 0.0318799 0.0339236 0.0360666 0.0381404 0.0399285 0.0411869 0.0416628 0.0411503 0.0394562 0.0364133 0.0319934 0.026217 0.0192989 0.0115146 0.00322186 -0.00516425 -0.0132336 -0.0205855 -0.0268596 -0.0317802 -0.035215 -0.0370847 -0.0375005 -0.0366099 -0.0346257 -0.0318441 -0.0285006 -0.0248807 -0.0212088 -0.017667 -0.0144009 -0.0114962 -0.00899251 -0.0068995 -0.00520272 -0.00385042 -0.00281976 -0.00204202 -0.00147973 -0.00109591 -0.000831898 -0.000680287 -0.000589083 -0.000554142 -0.000553531 -0.00056272 -0.000597382 -0.00062143 -0.000656564 -0.000689489 -0.000713301 -0.000749918 -0.000768741 -0.000797888 
0 5.27231e-05 0.000110318 0.000163894 0.000229566 0.000293514 0.000372064 0.000461948 0.00056712 0.000708281 0.000874377 0.00110551 0.0013996 0.00178742 0.00231121 0.00297904 0.00387005 0.00500098 0.00643316 0.00823291 0.0104179 0.0130577 0.0161569 0.0197132 0.0236889 0.0279985 0.0324932 0.0369897 0.0412649 0.0450175 0.0480221 0.0499714 0.0506356 0.0498688 0.0475244 0.0436604 0.0383891 0.0319608 0.0247194 0.0170587 0.00938937 0.00211047 -0.00439095 -0.00982406 -0.0139357 -0.0166449 -0.0179324 -0.017918 -0.0167829 -0.0146978 -0.0119254 -0.00870133 -0.00525691 -0.00178898 0.00152486 0.00463716 0.00746684 0.00997248 0.0121756 0.0140839 0.0157475 0.0172096 0.0185029 0.0196383 0.0206857 0.0216345 0.0225127 0.0233421 0.0241225 0.0248481 0.0255503 0.0262204 0.0268466 0.0274603 0.0280417 0.0285887 0.0291182 0.0296402 0.0301132 0.0305726 0.0310209 0.0314464 0.0318363 0.032222 0.0325824 0.0329234 0.033246 0.0335498 0.0338265 0.0340986 0.0343484 0.0345667 0.0347739 0.034978 0.0351457 0.0352877 0.035433 0.0355605 0.0356468 0.0357249 0.0358047 0.0358502 0.0358653 0.0358849 0.0358913 0.0358592 0.0358147 0.0357729 0.0357023 0.0356062 0.0355068 0.0353968 0.0352579 0.0351117 0.034952 0.034776 0.0345869 0.0343924 0.0341688 0.0339453 0.033716 0.0334677 0.0331974 0.0329442 0.0326705 0.0323825 0.0320952 0.0318114 0.0315073 0.0312175 0.0309297 0.0306335 0.0303566 0.0301027 0.0298644 0.0296608 0.02952 0.0294333 0.0294664 0.0296297 0.0299555 0.0304879 0.0312871 0.032361 0.0337511 0.0354287 0.0373267 0.0394141 0.0415512 0.0435495 0.0451812 0.0462259 0.0464161 0.0455714 0.0434902 0.0400371 0.0351834 0.0289831 0.0216631 0.0134915 0.00483928 -0.00390091 -0.0123086 -0.0199965 -0.0265798 -0.0317876 -0.0354798 -0.03756 -0.0381556 -0.0373927 -0.0354891 -0.0327335 -0.0293664 -0.0256747 -0.0218954 -0.0182334 -0.0148275 -0.0117971 -0.00917416 -0.00696945 -0.0051894 -0.00375933 -0.00267326 -0.00186118 -0.00127168 -0.0008811 -0.000618978 -0.000476102 -0.00040162 -0.00038202 -0.000400765 -0.000431409 -0.000486758 -0.000534401 -0.000592353 -0.000646147 -0.000689177 -0.000741185 -0.000772133 -0.00081149 
0 7.70474e-05 0.000174044 0.000245909 0.000349138 0.000449361 0.00055178 0.00069649 0.000832173 0.00102041 0.00125101 0.00151996 0.00190319 0.00236544 0.00297904 0.00378602 0.00478657 0.0060883 0.00770077 0.00968601 0.0121149 0.0149907 0.0183611 0.0222042 0.0264692 0.0310555 0.0358162 0.0405454 0.0449884 0.0489089 0.0519939 0.0540001 0.0547058 0.0539081 0.0515482 0.0476392 0.04232 0.0358385 0.0285607 0.0208404 0.0130856 0.00572796 -0.000925835 -0.00652301 -0.0108343 -0.0137579 -0.0152804 -0.0154651 -0.0144759 -0.0125184 -0.00977688 -0.00652688 -0.00298819 0.000616965 0.00415385 0.00749436 0.010541 0.0132796 0.0157123 0.0178396 0.0196658 0.0212847 0.0227012 0.0239641 0.0250972 0.0261277 0.027066 0.0279538 0.0287867 0.0295576 0.0302975 0.0309904 0.0316572 0.0322949 0.0329056 0.0334602 0.0340196 0.0345537 0.0350503 0.0355111 0.0359789 0.0364124 0.0368193 0.0372045 0.0375761 0.037925 0.0382578 0.0385612 0.038844 0.0391251 0.0393792 0.0395982 0.0398096 0.0400234 0.0401908 0.0403358 0.0404854 0.0406221 0.0407056 0.0407897 0.0408749 0.0409278 0.04094 0.0409688 0.040981 0.0409539 0.0409088 0.0408778 0.0408132 0.0407195 0.0406232 0.0405233 0.0403912 0.0402443 0.0400916 0.0399228 0.039742 0.0395432 0.0393296 0.0391086 0.0388904 0.038634 0.038374 0.0381186 0.037859 0.0375598 0.0372789 0.0369921 0.0367018 0.0364007 0.0361141 0.0358195 0.0355499 0.0352972 0.0350619 0.0348746 0.034746 0.0346969 0.0347632 0.0349932 0.0353754 0.0360012 0.036905 0.0381053 0.0395844 0.0413481 0.0433354 0.0454452 0.0475373 0.0494173 0.0508835 0.0516496 0.0515245 0.0503052 0.0478089 0.043922 0.0386532 0.0320676 0.0243551 0.0158608 0.00688654 -0.00215419 -0.0108465 -0.0188053 -0.0256727 -0.0311571 -0.0350843 -0.0374278 -0.0382078 -0.0376066 -0.0358366 -0.0331366 -0.0298019 -0.0260896 -0.0222533 -0.0184945 -0.014996 -0.0118439 -0.00910851 -0.00682786 -0.00494379 -0.00347428 -0.00234421 -0.00149427 -0.000918368 -0.000508701 -0.000264831 -0.000144284 -8.33655e-05 -0.000105106 -0.000148165 -0.00021267 -0.00030078 -0.000373475 -0.000459898 -0.000536633 -0.000604204 -0.000678017 -0.000733287 -0.000793052 
0 0.000127473 0.000242769 0.000384388 0.000513424 0.000660242 0.000829065 0.000997212 0.00121496 0.00145509 0.00174419 0.00211765 0.00255939 0.0031389 0.00387005 0.00478657 0.00596498 0.00742398 0.00923668 0.0114568 0.0141159 0.0172679 0.020921 0.0250529 0.0296084 0.0344803 0.0394869 0.0444283 0.0490594 0.0530832 0.0562612 0.0583196 0.0590231 0.0582421 0.0558717 0.0519473 0.0466311 0.0401719 0.0328925 0.0251884 0.0174465 0.0100165 0.0032934 -0.00243632 -0.0069482 -0.0100948 -0.0118449 -0.0122753 -0.0115151 -0.00969705 -0.00707349 -0.00385981 -0.000280645 0.00344761 0.00712281 0.0106385 0.0139234 0.0168818 0.0195083 0.0218069 0.0238357 0.0255889 0.0271198 0.0284687 0.029694 0.030787 0.0317696 0.0326897 0.0335512 0.034361 0.0351039 0.0358148 0.0364843 0.0371456 0.0377449 0.0383147 0.0388624 0.0394088 0.0398962 0.0403628 0.0408154 0.0412555 0.0416566 0.042037 0.0424 0.0427496 0.0430786 0.0433726 0.0436551 0.0439304 0.0441847 0.0443944 0.0446109 0.0448156 0.0449892 0.0451263 0.0452846 0.0454132 0.0455086 0.0455868 0.045684 0.0457329 0.0457608 0.0457866 0.045815 0.0457889 0.0457608 0.045732 0.0456872 0.0455988 0.045519 0.0454298 0.0453179 0.0451797 0.0450434 0.0448954 0.04473 0.0445457 0.0443487 0.0441558 0.0439462 0.0437146 0.0434672 0.0432435 0.0429923 0.0427256 0.0424484 0.0421983 0.0419233 0.0416516 0.0413684 0.0411133 0.0408699 0.0406473 0.0404337 0.0402811 0.0402153 0.0402301 0.0403577 0.040645 0.0411664 0.0419194 0.0429399 0.0442418 0.0458716 0.0477471 0.0497884 0.0519018 0.0539387 0.0556838 0.0569107 0.0574148 0.0569327 0.0552986 0.052377 0.0480877 0.0424052 0.0354547 0.027444 0.0186328 0.00940738 0.000136364 -0.00879458 -0.0169917 -0.0240914 -0.029835 -0.0340317 -0.0365993 -0.0376239 -0.0372176 -0.0355941 -0.0330226 -0.0297503 -0.026057 -0.0222001 -0.0183927 -0.0148049 -0.0115747 -0.00876052 -0.00638595 -0.00446631 -0.00293837 -0.00177654 -0.000933686 -0.000331194 4.49418e-05 0.000268234 0.000373676 0.000374865 0.000333868 0.000242071 0.000128391 1.42557e-05 -0.000116934 -0.000232742 -0.00034729 -0.000457738 -0.000549584 -0.000644347 -0.000722713 
0 0.000181456 0.000364631 0.000555567 0.000750777 0.000963606 0.00118735 0.00143714 0.00171963 0.00203792 0.00242551 0.00287969 0.00344331 0.00414226 0.00500098 0.0060883 0.00742398 0.00908228 0.0111148 0.0135627 0.016498 0.0199331 0.0238837 0.0283223 0.0331744 0.0383081 0.0435616 0.0487054 0.0534765 0.057635 0.0608677 0.0629563 0.0636801 0.0628766 0.0605152 0.056613 0.0513458 0.0449447 0.0377485 0.0301032 0.0223878 0.0149823 0.0082114 0.00238229 -0.0023004 -0.00567318 -0.00772234 -0.00843328 -0.00791061 -0.0063306 -0.00387245 -0.000766007 0.002769 0.00651774 0.0103358 0.014009 0.0174375 0.0205598 0.023383 0.0258817 0.0280438 0.0299081 0.031535 0.0329871 0.0342583 0.0353939 0.0363987 0.0373368 0.0382045 0.0390207 0.0397557 0.0404528 0.0411199 0.0417612 0.0423503 0.0428993 0.0434354 0.0439521 0.0444349 0.0448746 0.045311 0.0457262 0.0461205 0.0464722 0.0468232 0.0471527 0.0474695 0.0477426 0.0480178 0.0482746 0.0485176 0.0487181 0.0489278 0.0491179 0.0492879 0.0494243 0.049576 0.0496988 0.0498001 0.0498817 0.0499763 0.050031 0.0500721 0.0501038 0.0501387 0.0501287 0.0501182 0.0500992 0.0500736 0.0500064 0.0499481 0.0498763 0.0497949 0.0496771 0.0495704 0.0494486 0.0493186 0.0491541 0.0489999 0.0488361 0.0486636 0.0484583 0.048262 0.0480656 0.0478589 0.0476271 0.0473975 0.0471817 0.0469601 0.0467269 0.0464892 0.0462874 0.0460952 0.0459271 0.0457777 0.0457017 0.0456966 0.0458172 0.0460598 0.0464775 0.0471106 0.048021 0.0492233 0.0507033 0.0524445 0.0544117 0.056553 0.0586758 0.0606287 0.0622059 0.0632005 0.0633664 0.0625329 0.0605081 0.0571583 0.0524555 0.046403 0.0391394 0.0308486 0.0218373 0.0124146 0.00295943 -0.00614796 -0.0145312 -0.0218424 -0.0278134 -0.0322357 -0.035079 -0.0363382 -0.036162 -0.0347517 -0.0323174 -0.0291573 -0.0255213 -0.021674 -0.0178456 -0.0142242 -0.0109302 -0.00805785 -0.00563875 -0.00365463 -0.00211069 -0.000929282 -7.8206e-05 0.00049342 0.000858055 0.00103523 0.001094 0.00105527 0.000949662 0.00081103 0.000640194 0.000466538 0.0002873 0.000114117 -4.77087e-05 -0.000202007 -0.000338413 -0.000467093 -0.000579977 
0 0.000261868 0.000522698 0.000796091 0.00106992 0.00136672 0.00167713 0.00201552 0.0023968 0.00281446 0.00331261 0.0038847 0.00457449 0.00541856 0.00643316 0.00770077 0.00923668 0.0111148 0.0133931 0.0161029 0.0193208 0.0230478 0.0272997 0.0320424 0.0371854 0.0425933 0.0480812 0.0534139 0.0583216 0.0625645 0.0658391 0.0679428 0.0686668 0.0678602 0.0655167 0.0616437 0.0564406 0.0501348 0.0430435 0.0355168 0.0278954 0.0205361 0.0137492 0.00783194 0.00297493 -0.000635313 -0.00297067 -0.00400764 -0.00380889 -0.00253138 -0.000319203 0.00260253 0.00603416 0.00975402 0.0135952 0.0173415 0.0209034 0.0241843 0.0271375 0.0297676 0.0320598 0.0340363 0.0357372 0.0372412 0.0385446 0.0397071 0.0407197 0.041642 0.0424952 0.0432938 0.0440032 0.0446673 0.0453078 0.0459089 0.0464671 0.0469843 0.0474841 0.0479576 0.0484135 0.0488187 0.0492175 0.0495983 0.0499639 0.0502821 0.0506042 0.050905 0.0511911 0.0514414 0.0516958 0.0519259 0.0521449 0.0523364 0.0525285 0.0526975 0.0528576 0.0529947 0.053131 0.0532455 0.0533518 0.053439 0.0535247 0.0535881 0.0536452 0.0536857 0.0537243 0.0537394 0.0537507 0.0537466 0.0537414 0.0537097 0.0536772 0.0536317 0.0535857 0.0535069 0.0534343 0.0533527 0.0532656 0.0531424 0.0530372 0.0529217 0.0527948 0.0526398 0.0525054 0.0523581 0.0522063 0.0520354 0.0518707 0.0517113 0.0515605 0.0513908 0.0512225 0.0510989 0.0509914 0.0508991 0.050841 0.0508751 0.0509922 0.0512449 0.0516218 0.0522045 0.0530385 0.0541546 0.0555301 0.0571946 0.0591179 0.0612254 0.0634346 0.06555 0.0674134 0.0688175 0.0695662 0.0694133 0.0682071 0.0657645 0.0620111 0.0569407 0.0505687 0.0430482 0.0345546 0.0253797 0.0158301 0.00627816 -0.0029366 -0.0114378 -0.0189062 -0.0250817 -0.029736 -0.0328355 -0.0343511 -0.0344197 -0.0332297 -0.0309861 -0.0279736 -0.0244407 -0.0206506 -0.0168326 -0.0131943 -0.00985946 -0.00694399 -0.0044867 -0.0024739 -0.000918539 0.000263294 0.00109495 0.00163957 0.00196529 0.00208969 0.00209207 0.00198361 0.00180739 0.00159562 0.00135032 0.00110985 0.00086298 0.000629644 0.000409752 0.000197965 9.66893e-06 -0.000173049 -0.000333325 
