0 0 0 0 0 0 0 0 0 0 0 0 0 0 0 0 0 0 0 0 0 0 0 0 0 0 0 0 0 0 0 0 0 0 0 0 0 0 0 0 0 0 0 0 0 0 0 0 0 0 0 0 0 0 0 0 0 0 0 0 0 0 0 0 0 0 0 0 0 0 0 0 0 0 0 0 0 0 0 0 0 0 0 0 0 0 0 0 0 0 0 0 0 0 0 0 0 0 0 0 0 0 0 0 0 0 0 0 0 0 0 0 0 0 0 0 0 0 0 0 0 0 0 0 0 0 0 0 0 0 0 0 0 0 0 0 0 0 0 0 0 0 0 0 0 0 0 0 0 0 0 0 0 0 0 0 0 0 0 0 0 0 0 0 0 0 0 0 0 0 0 0 0 0 0 0 0 0 0 0 0 0 0 0 0 0 0 0 0 0 0 0 0 0 0 0 0 0 0 0 
0 0.00076998 0.00147121 0.00207704 0.00251478 0.00279254 0.00289255 0.00281892 0.00262461 0.00231654 0.00197133 0.00162912 0.00132465 0.00111105 0.000971901 0.000923339 0.000949658 0.00102088 0.00113479 0.00124615 0.00133195 0.00137395 0.00134772 0.00126436 0.00112456 0.00092685 0.000679304 0.000385852 5.68743e-05 -0.000287461 -0.000643971 -0.00101938 -0.00140146 -0.00179317 -0.00218037 -0.00255593 -0.00293109 -0.00330137 -0.00365669 -0.00399092 -0.00431567 -0.00461652 -0.00491591 -0.00519198 -0.00543103 -0.00566747 -0.00588041 -0.00607471 -0.00625219 -0.00641186 -0.00654968 -0.00669021 -0.0067984 -0.00688603 -0.00698038 -0.00705865 -0.00712566 -0.00717604 -0.00722692 -0.00726218 -0.0072977 -0.00732024 -0.00734824 -0.00736261 -0.00737592 -0.00738146 -0.00738031 -0.00739176 -0.00739732 -0.00738535 -0.00736987 -0.00737804 -0.00736523 -0.0073535 -0.00733619 -0.00732706 -0.00730688 -0.00729764 -0.00727377 -0.00725844 -0.0072368 -0.00722087 -0.00720006 -0.00718181 -0.00715721 -0.0071434 -0.0071253 -0.00710123 -0.00708583 -0.00707416 -0.00705261 -0.00703563 -0.00703071 -0.00701286 -0.00699871 -0.00699466 -0.0069881 -0.00697212 -0.00697475 -0.00697224 -0.0069648 -0.00696439 -0.00697419 -0.00696813 -0.00697311 -0.00698468 -0.00699 -0.00699213 -0.00701085 -0.00702073 -0.00702731 -0.00704475 -0.0070626 -0.00707189 -0.00708808 -0.00710933 -0.0071218 -0.00713999 -0.0071562 -0.00717449 -0.00718803 -0.00720898 -0.00721977 -0.00723786 -0.00724354 -0.00726485 -0.00727751 -0.00728214 -0.00727683 -0.00730298 -0.00730747 -0.00729793 -0.00729272 -0.00730096 -0.00729273 -0.00728113 -0.00726888 -0.00725128 -0.00723039 -0.00719814 -0.00717443 -0.00713498 -0.00709067 -0.00703146 -0.00696946 -0.00689468 -0.00682453 -0.00672191 -0.00660617 -0.00649377 -0.00635143 -0.00619084 -0.00601924 -0.00583051 -0.00561573 -0.00538747 -0.00511701 -0.0048367 -0.00454058 -0.0042092 -0.00385465 -0.00347338 -0.00307298 -0.00264649 -0.00219675 -0.00171435 -0.00121765 -0.000708316 -0.000173337 0.000382424 0.000962573 0.00156174 0.002175 0.00281022 0.00348267 0.00418315 0.00491826 0.00568749 0.00647778 0.00730669 0.00814336 0.00896305 0.00974475 0.0104282 0.0110074 0.0114443 0.0117097 0.0118138 0.0117255 0.0114864 0.0111218 0.010663 0.0101822 0.00968863 0.00924069 0.00885742 0.008549 0.00835705 0.00826371 0.00829908 
0 0.00147121 0.00283589 0.00396246 0.00480863 0.00531182 0.00546225 0.00530725 0.00486299 0.00424486 0.00353022 0.0028147 0.00221566 0.0017492 0.00147935 0.00137962 0.00142321 0.00159718 0.0018237 0.00207286 0.00226851 0.00236917 0.00234663 0.00220964 0.00195703 0.00159677 0.00115121 0.000587164 -9.69632e-06 -0.000666937 -0.00135272 -0.00204256 -0.00279333 -0.00351896 -0.00424854 -0.00496447 -0.00566595 -0.00636668 -0.00705255 -0.00769398 -0.0083004 -0.00890028 -0.00944499 -0.00997601 -0.0104471 -0.0108913 -0.0113147 -0.0117006 -0.0120411 -0.012334 -0.0126266 -0.0128774 -0.0131037 -0.013297 -0.0134785 -0.0136245 -0.0137666 -0.013872 -0.0139617 -0.0140737 -0.0141448 -0.0141869 -0.0142373 -0.0142974 -0.0143166 -0.014349 -0.0143698 -0.0143865 -0.0143803 -0.0143843 -0.0143974 -0.014396 -0.0143613 -0.0143476 -0.0143539 -0.0143255 -0.0142903 -0.0142673 -0.0142498 -0.0142136 -0.0141829 -0.0141455 -0.0141231 -0.0140834 -0.0140477 -0.0140162 -0.0139918 -0.0139441 -0.0139217 -0.0138969 -0.0138621 -0.0138294 -0.0138224 -0.0137892 -0.0137648 -0.0137568 -0.013745 -0.0137166 -0.0137206 -0.0137164 -0.0137024 -0.013702 -0.0137185 -0.013708 -0.0137164 -0.0137365 -0.0137462 -0.0137488 -0.013783 -0.0137982 -0.0138121 -0.0138393 -0.013874 -0.0138844 -0.0139185 -0.0139496 -0.0139764 -0.0139963 -0.0140346 -0.0140598 -0.0140886 -0.0141027 -0.0141337 -0.0141651 -0.0141802 -0.014179 -0.0142076 -0.014229 -0.0142261 -0.0142239 -0.0142239 -0.0142244 -0.0142143 -0.0141986 -0.0141713 -0.0141496 -0.0140975 -0.0140701 -0.0140292 -0.0139547 -0.0138663 -0.0138058 -0.013704 -0.0135826 -0.0134623 -0.0133151 -0.0131456 -0.0129429 -0.0127304 -0.0124865 -0.0122276 -0.0119095 -0.0115635 -0.0111821 -0.0107797 -0.0103157 -0.0098031 -0.00927443 -0.00867663 -0.00804822 -0.00735215 -0.00660987 -0.00583589 -0.0050274 -0.00414512 -0.00322708 -0.00226997 -0.00125942 -0.000245344 0.000854798 0.00197645 0.00313251 0.0043375 0.00557154 0.0068892 0.00826956 0.00972065 0.0112271 0.012803 0.0144222 0.0160722 0.0176996 0.0192152 0.0205904 0.0217192 0.0225831 0.0231274 0.0233079 0.0231594 0.0226744 0.0219509 0.0210618 0.0200892 0.0191369 0.0182462 0.0174912 0.0169059 0.0165157 0.0163606 0.0164389 
0 0.00207704 0.00396246 0.00555252 0.00667865 0.00732764 0.00746553 0.00711758 0.00640688 0.00539845 0.00428331 0.00319143 0.00223967 0.00155151 0.00111895 0.000966109 0.00105015 0.00130024 0.00167798 0.00207423 0.00241098 0.00262689 0.00266431 0.0025367 0.0022482 0.00179796 0.00120431 0.000477788 -0.000345623 -0.00122214 -0.00213779 -0.0030997 -0.00409198 -0.00510349 -0.0061076 -0.00708772 -0.00806333 -0.00903064 -0.009963 -0.0108448 -0.0116973 -0.0125012 -0.0132902 -0.014026 -0.014678 -0.0153122 -0.0158968 -0.0164338 -0.0169258 -0.0173707 -0.0177711 -0.0181639 -0.0184869 -0.0187613 -0.0190404 -0.0192843 -0.0194995 -0.0196745 -0.0198437 -0.0199858 -0.0201164 -0.0202168 -0.0203249 -0.0204068 -0.0204767 -0.0205295 -0.0205671 -0.0206245 -0.0206653 -0.0206699 -0.0206687 -0.0207052 -0.0206983 -0.0206916 -0.0206768 -0.0206689 -0.0206396 -0.0206289 -0.0205923 -0.0205657 -0.0205277 -0.0204981 -0.0204614 -0.0204246 -0.0203764 -0.0203488 -0.0203128 -0.020262 -0.0202305 -0.0202057 -0.0201597 -0.0201234 -0.020112 -0.0200737 -0.0200422 -0.0200331 -0.0200175 -0.0199832 -0.0199869 -0.0199813 -0.0199638 -0.0199627 -0.0199817 -0.0199688 -0.0199777 -0.020002 -0.0200117 -0.0200156 -0.0200538 -0.0200737 -0.0200858 -0.0201208 -0.0201568 -0.0201731 -0.0202047 -0.0202456 -0.0202684 -0.0202994 -0.0203297 -0.0203606 -0.020382 -0.0204135 -0.0204286 -0.0204537 -0.0204542 -0.0204785 -0.0204897 -0.0204808 -0.020451 -0.0204757 -0.0204595 -0.0204117 -0.0203699 -0.0203492 -0.0202942 -0.0202284 -0.0201551 -0.020072 -0.0199771 -0.0198534 -0.0197392 -0.0195981 -0.019436 -0.0192391 -0.0190325 -0.0187978 -0.0185595 -0.0182514 -0.0179113 -0.0175671 -0.0171577 -0.016697 -0.0162036 -0.0156653 -0.015067 -0.01442 -0.0136781 -0.0129035 -0.0120799 -0.0111714 -0.0101953 -0.00914952 -0.00804967 -0.00688289 -0.00564355 -0.00432296 -0.00295527 -0.00154293 -6.53539e-05 0.00148138 0.00309595 0.00476836 0.00649197 0.0082866 0.0101893 0.0121871 0.0142913 0.0164976 0.0187857 0.0211754 0.0235982 0.0259782 0.0282363 0.0302312 0.0319092 0.0331758 0.0339527 0.0342411 0.0339907 0.0332914 0.032229 0.0309071 0.0295048 0.0280882 0.0267989 0.0257038 0.0248466 0.0243161 0.0240951 0.0242509 
0 0.00251478 0.00480863 0.00667865 0.00799077 0.00865971 0.00866899 0.008082 0.00698871 0.00556173 0.00398603 0.00245004 0.00114277 0.000156857 -0.000437663 -0.000655313 -0.000546394 -0.00016886 0.00036784 0.000965264 0.00149963 0.00188192 0.00205408 0.00201707 0.00177095 0.00132576 0.000704742 -0.000103822 -0.00101251 -0.0020148 -0.00307466 -0.00417181 -0.00534102 -0.00650712 -0.00767415 -0.00882389 -0.00996177 -0.0110972 -0.0122073 -0.0132596 -0.0142651 -0.0152458 -0.016171 -0.0170567 -0.017862 -0.018628 -0.0193565 -0.0200313 -0.0206417 -0.0211886 -0.0217157 -0.0221976 -0.0226302 -0.023014 -0.0233791 -0.0237008 -0.0240008 -0.024253 -0.0244851 -0.0247242 -0.0249184 -0.0250729 -0.0252296 -0.0253848 -0.025498 -0.025609 -0.0257038 -0.0257937 -0.0258542 -0.0259099 -0.0259707 -0.026021 -0.0260283 -0.0260486 -0.0260833 -0.0260862 -0.0260736 -0.0260717 -0.0260688 -0.0260488 -0.0260269 -0.0260003 -0.0259835 -0.025949 -0.0259139 -0.0258867 -0.0258612 -0.0258119 -0.0257875 -0.0257622 -0.0257219 -0.0256861 -0.0256765 -0.0256389 -0.0256092 -0.0255993 -0.0255835 -0.0255504 -0.0255522 -0.025546 -0.0255279 -0.0255259 -0.0255419 -0.0255287 -0.0255355 -0.0255565 -0.0255644 -0.0255655 -0.0256 -0.0256149 -0.0256253 -0.0256525 -0.0256852 -0.025692 -0.0257208 -0.0257493 -0.0257676 -0.0257802 -0.0258079 -0.0258227 -0.0258343 -0.0258347 -0.0258453 -0.0258534 -0.0258387 -0.0258134 -0.0258085 -0.0257878 -0.0257377 -0.0256954 -0.025644 -0.0255793 -0.0255026 -0.0254212 -0.0253167 -0.0252054 -0.0250652 -0.0249383 -0.0247887 -0.024596 -0.0243885 -0.0241925 -0.0239493 -0.0236726 -0.0233862 -0.0230645 -0.0227098 -0.022301 -0.0218654 -0.0213936 -0.0208787 -0.0202846 -0.0196426 -0.0189475 -0.0182015 -0.0173703 -0.0164567 -0.015499 -0.0144535 -0.0133338 -0.012114 -0.010815 -0.00945382 -0.00802029 -0.00647833 -0.00485565 -0.00316146 -0.00138848 0.000437022 0.00238164 0.00439663 0.00648645 0.00866434 0.0109312 0.0133475 0.015902 0.0186009 0.0214318 0.0243967 0.0274697 0.0306004 0.0336856 0.0365859 0.0391892 0.0413504 0.0429874 0.0440052 0.044349 0.0440367 0.0431123 0.0417228 0.0400189 0.0381752 0.0363563 0.0346832 0.0332716 0.0321983 0.0315253 0.0312962 0.0315411 
0 0.00279254 0.00531182 0.00732764 0.00865971 0.00921896 0.00898872 0.00803423 0.00649189 0.00455529 0.00246247 0.000448611 -0.00127342 -0.00256395 -0.00335636 -0.00365395 -0.00351443 -0.00302279 -0.00229758 -0.00147316 -0.0006917 -6.67273e-05 0.000330676 0.000484276 0.000395928 7.18244e-05 -0.000471141 -0.00121798 -0.00210617 -0.00309742 -0.00416203 -0.00528792 -0.00648059 -0.00769585 -0.00891497 -0.0101236 -0.0113273 -0.0125301 -0.0137057 -0.0148323 -0.015917 -0.0169721 -0.0179893 -0.018957 -0.0198526 -0.0207055 -0.0215197 -0.0222814 -0.0229849 -0.0236319 -0.0242476 -0.0248252 -0.0253468 -0.0258199 -0.0262721 -0.0266917 -0.0270771 -0.0274197 -0.0277396 -0.0280485 -0.0283218 -0.0285626 -0.0287959 -0.0290148 -0.0292013 -0.0293706 -0.0295258 -0.0296766 -0.0298027 -0.0299056 -0.0300061 -0.0301032 -0.0301697 -0.03023 -0.0302917 -0.0303345 -0.0303637 -0.030394 -0.0304167 -0.0304273 -0.0304322 -0.0304339 -0.030436 -0.0304253 -0.0304105 -0.0304025 -0.03039 -0.0303622 -0.0303483 -0.030335 -0.0303074 -0.0302848 -0.0302772 -0.0302519 -0.0302292 -0.0302221 -0.0302084 -0.0301848 -0.0301827 -0.0301772 -0.0301611 -0.0301583 -0.0301655 -0.0301545 -0.0301549 -0.0301672 -0.0301676 -0.0301653 -0.0301833 -0.0301895 -0.0301889 -0.0302019 -0.0302154 -0.0302118 -0.0302187 -0.0302278 -0.0302252 -0.0302184 -0.030217 -0.030207 -0.0301899 -0.0301662 -0.0301414 -0.0301097 -0.0300618 -0.0300096 -0.0299583 -0.0298847 -0.0297936 -0.0297115 -0.0296114 -0.029484 -0.029349 -0.029211 -0.0290488 -0.0288672 -0.0286649 -0.0284569 -0.0282251 -0.027959 -0.0276783 -0.0273876 -0.0270555 -0.0266869 -0.0262986 -0.0258821 -0.025429 -0.0249194 -0.0243722 -0.0237911 -0.0231545 -0.0224461 -0.0216855 -0.0208689 -0.0199887 -0.0190214 -0.0179661 -0.0168504 -0.0156552 -0.0143676 -0.0129777 -0.0114989 -0.00994219 -0.00829717 -0.00653932 -0.00468246 -0.00274201 -0.000718784 0.0013908 0.00362012 0.00595105 0.00838018 0.0109154 0.0135799 0.0164183 0.019437 0.0226395 0.026018 0.0295675 0.0332606 0.0370252 0.0407357 0.0442344 0.0473616 0.0499645 0.051921 0.0531238 0.0535178 0.0531069 0.0519712 0.0502683 0.0481892 0.0459492 0.0437362 0.0417167 0.0400187 0.0387413 0.0379672 0.0377386 0.0380998 
0 0.00289255 0.00546225 0.00746553 0.00866899 0.00898872 0.00840487 0.00697965 0.00490768 0.00238828 -0.000282186 -0.00282469 -0.00501316 -0.00664707 -0.0076737 -0.00807464 -0.00791179 -0.00730423 -0.00636914 -0.0052853 -0.00420726 -0.00327258 -0.00256746 -0.00212774 -0.00195182 -0.00203819 -0.0023812 -0.00293113 -0.00366841 -0.00451577 -0.00545427 -0.006485 -0.00756695 -0.00870566 -0.00985074 -0.0109976 -0.0121537 -0.0133146 -0.0144551 -0.0155642 -0.0166458 -0.01769 -0.0187243 -0.0197022 -0.0206294 -0.0215198 -0.022374 -0.0231832 -0.0239431 -0.0246625 -0.0253361 -0.0259909 -0.0265887 -0.0271449 -0.0276763 -0.0281866 -0.0286507 -0.029084 -0.0294994 -0.0298807 -0.0302414 -0.0305733 -0.0308889 -0.0311765 -0.0314521 -0.031693 -0.0319212 -0.0321383 -0.0323406 -0.0325093 -0.0326661 -0.0328214 -0.0329573 -0.0330737 -0.0331767 -0.033277 -0.0333589 -0.0334354 -0.0334964 -0.0335546 -0.0335972 -0.0336415 -0.033672 -0.0336999 -0.0337165 -0.0337385 -0.0337473 -0.0337548 -0.0337585 -0.0337651 -0.0337594 -0.0337586 -0.0337563 -0.0337512 -0.0337416 -0.0337399 -0.0337315 -0.0337228 -0.0337168 -0.0337125 -0.033701 -0.0336965 -0.0336913 -0.0336831 -0.0336744 -0.0336723 -0.0336617 -0.033653 -0.0336455 -0.0336372 -0.0336198 -0.0336099 -0.0335932 -0.0335734 -0.0335471 -0.0335259 -0.0334905 -0.0334552 -0.0334105 -0.0333654 -0.0333039 -0.0332444 -0.0331703 -0.0330881 -0.0329897 -0.0328961 -0.0327824 -0.0326476 -0.0325016 -0.0323603 -0.032194 -0.0319966 -0.0317936 -0.0315834 -0.0313482 -0.0310818 -0.0308111 -0.0305125 -0.0301909 -0.0298412 -0.0294793 -0.0290809 -0.0286596 -0.0282 -0.0277086 -0.0271937 -0.0266405 -0.0260338 -0.0253819 -0.024705 -0.023958 -0.0231546 -0.0222919 -0.0213755 -0.0203839 -0.019317 -0.0181617 -0.0169294 -0.0156326 -0.0142236 -0.0127205 -0.0111228 -0.00943796 -0.00765155 -0.00575997 -0.0037507 -0.00164652 0.000540077 0.00285386 0.00527451 0.00783075 0.0105081 0.0133095 0.0162871 0.0194615 0.0228614 0.0264856 0.0303338 0.0343846 0.0386148 0.0429236 0.0471673 0.0511803 0.0547461 0.0577203 0.0599314 0.0612639 0.0616712 0.0611318 0.0597745 0.0577559 0.0553054 0.0526815 0.0500826 0.04773 0.0457601 0.0442909 0.0434292 0.0432099 0.0436961 
0 0.00281892 0.00530725 0.00711758 0.008082 0.00803423 0.00697965 0.00502613 0.00232285 -0.00081436 -0.00411515 -0.00724494 -0.0099138 -0.0119597 -0.0132402 -0.0137758 -0.0136242 -0.0128904 -0.0117582 -0.0103906 -0.00898053 -0.00768812 -0.00660736 -0.00579333 -0.00526564 -0.00501353 -0.00502813 -0.0052868 -0.00572496 -0.00631447 -0.00701722 -0.00780473 -0.00868334 -0.00960829 -0.0105616 -0.0115409 -0.0125362 -0.0135438 -0.0145613 -0.015564 -0.0165398 -0.0175239 -0.0184705 -0.0193946 -0.0203018 -0.0211627 -0.0220116 -0.0228334 -0.0236086 -0.0243482 -0.0250786 -0.025758 -0.0264209 -0.0270581 -0.0276532 -0.0282276 -0.0287728 -0.0292921 -0.0297774 -0.0302601 -0.0307023 -0.031118 -0.0315041 -0.0318892 -0.0322354 -0.0325641 -0.0328839 -0.0331674 -0.0334243 -0.0336816 -0.0339343 -0.0341372 -0.0343342 -0.0345158 -0.0347007 -0.0348509 -0.034994 -0.0351152 -0.0352467 -0.0353476 -0.0354464 -0.0355293 -0.0356117 -0.0356761 -0.035743 -0.035792 -0.0358396 -0.0358828 -0.0359179 -0.0359438 -0.0359727 -0.0359947 -0.0360061 -0.0360227 -0.0360337 -0.0360376 -0.0360394 -0.0360468 -0.0360394 -0.0360356 -0.0360311 -0.0360231 -0.0360053 -0.0359973 -0.0359793 -0.035957 -0.0359349 -0.0359134 -0.0358784 -0.0358463 -0.0358124 -0.0357673 -0.0357193 -0.0356694 -0.0356113 -0.0355427 -0.0354757 -0.0353907 -0.0353068 -0.0352095 -0.0351054 -0.0349782 -0.0348615 -0.03472 -0.0345725 -0.0343929 -0.0342204 -0.0340326 -0.0338328 -0.0335829 -0.0333448 -0.0330968 -0.032819 -0.0325088 -0.0321949 -0.0318534 -0.0314847 -0.0311091 -0.0307004 -0.0302629 -0.0297889 -0.0293117 -0.0287907 -0.0282413 -0.0276599 -0.0270521 -0.0263844 -0.0256936 -0.0249659 -0.0241781 -0.0233595 -0.0224741 -0.0215235 -0.020523 -0.0194649 -0.0183109 -0.0171022 -0.0158089 -0.014424 -0.0129619 -0.0113879 -0.00972369 -0.0079713 -0.0061171 -0.00414342 -0.00206545 0.000125716 0.00242849 0.00484071 0.00740035 0.0100949 0.012932 0.0159398 0.0191426 0.0225824 0.0262894 0.0302612 0.0344934 0.0389799 0.0436469 0.0484087 0.0531027 0.0575066 0.0614459 0.0646842 0.0670669 0.0684754 0.0688034 0.0681166 0.0664867 0.0641261 0.0613079 0.0582616 0.0552936 0.0525855 0.0503312 0.0486811 0.0476984 0.0475021 0.0480933 
0 0.00262461 0.00486299 0.00640688 0.00698871 0.00649189 0.00490768 0.00232285 -0.00101664 -0.00484437 -0.00879955 -0.0125221 -0.0157371 -0.0181838 -0.0197745 -0.0204778 -0.0203515 -0.0195492 -0.0182222 -0.0165903 -0.0148464 -0.0131649 -0.0116613 -0.0104218 -0.00946021 -0.00878872 -0.00841249 -0.00825218 -0.00832928 -0.0085457 -0.00888965 -0.00936357 -0.00989071 -0.0105188 -0.0111846 -0.0118935 -0.0126412 -0.0134143 -0.0141986 -0.0150008 -0.0158153 -0.016617 -0.017447 -0.0182488 -0.019059 -0.0198496 -0.0206312 -0.0213974 -0.022152 -0.0229091 -0.0236244 -0.0243402 -0.0250279 -0.025699 -0.0263421 -0.0269893 -0.0275893 -0.0281843 -0.0287611 -0.0292839 -0.0298044 -0.0303155 -0.030795 -0.0312336 -0.0316772 -0.0320753 -0.0324644 -0.0328261 -0.0331883 -0.0335115 -0.0338043 -0.0340859 -0.034381 -0.0346329 -0.0348489 -0.0350747 -0.0352887 -0.0354794 -0.0356472 -0.035814 -0.0359625 -0.0361097 -0.0362244 -0.0363465 -0.0364533 -0.0365499 -0.036626 -0.0367204 -0.0367802 -0.0368399 -0.0368974 -0.0369527 -0.0369754 -0.0370213 -0.0370501 -0.0370664 -0.0370769 -0.0371033 -0.037094 -0.0370938 -0.0370933 -0.0370839 -0.0370518 -0.0370445 -0.0370128 -0.036973 -0.0369329 -0.0369001 -0.0368306 -0.036778 -0.0367158 -0.0366411 -0.036549 -0.0364763 -0.0363686 -0.036261 -0.036145 -0.0360266 -0.0358764 -0.0357337 -0.0355702 -0.0354059 -0.0352125 -0.0350051 -0.0347929 -0.0345805 -0.0343213 -0.0340447 -0.0337758 -0.0334844 -0.0331659 -0.0328178 -0.0324617 -0.032083 -0.0316912 -0.0312565 -0.0308246 -0.0303391 -0.0298354 -0.0293219 -0.028787 -0.0281894 -0.027588 -0.0269545 -0.0262726 -0.0255788 -0.0248425 -0.0240719 -0.023251 -0.0224013 -0.021486 -0.0205461 -0.0195444 -0.018493 -0.0173692 -0.0161853 -0.0149345 -0.0135903 -0.0121961 -0.0106925 -0.00911118 -0.00743301 -0.00565329 -0.00376172 -0.00177526 0.000338085 0.00256612 0.00489272 0.00738884 0.00999346 0.0127805 0.0157393 0.0188767 0.0222681 0.0259068 0.029851 0.0341008 0.0386563 0.0434829 0.0485262 0.05365 0.058681 0.0634134 0.0675812 0.0710043 0.073457 0.074816 0.075025 0.0740774 0.0721407 0.0693975 0.066141 0.0626781 0.05927 0.0561909 0.0536243 0.0517307 0.0506317 0.0503913 0.0510705 
0 0.00231654 0.00424486 0.00539845 0.00556173 0.00455529 0.00238828 -0.00081436 -0.00484437 -0.00934112 -0.0139625 -0.0183126 -0.0220623 -0.0249792 -0.0269008 -0.0278153 -0.0277735 -0.0269168 -0.0254438 -0.0235666 -0.021504 -0.0194442 -0.0175222 -0.0158313 -0.0144205 -0.0132937 -0.0124479 -0.0118437 -0.0114537 -0.0112397 -0.0111714 -0.011223 -0.0113618 -0.011589 -0.0118772 -0.0122327 -0.0126425 -0.0130868 -0.0135831 -0.0141197 -0.0146822 -0.0152786 -0.0158849 -0.0165074 -0.0171744 -0.0178364 -0.0185125 -0.0192022 -0.0198896 -0.0205895 -0.0212872 -0.0219679 -0.0226629 -0.0233626 -0.0240311 -0.0246924 -0.0253357 -0.0259793 -0.0265998 -0.0271979 -0.0277827 -0.028352 -0.0288848 -0.029405 -0.0299081 -0.0303891 -0.0308595 -0.0312822 -0.0316884 -0.0320979 -0.0324851 -0.0328218 -0.0331644 -0.0334829 -0.0337839 -0.0340662 -0.0343359 -0.0345772 -0.0348158 -0.0350322 -0.0352389 -0.0354286 -0.0355987 -0.0357634 -0.0359232 -0.036052 -0.0361731 -0.0363039 -0.0364018 -0.0364855 -0.0365806 -0.0366594 -0.0367053 -0.0367712 -0.0368237 -0.0368486 -0.0368741 -0.0369113 -0.0369078 -0.036907 -0.0369131 -0.0368977 -0.0368589 -0.0368441 -0.0368039 -0.0367429 -0.03669 -0.0366365 -0.0365427 -0.0364602 -0.0363771 -0.0362635 -0.0361388 -0.0360277 -0.0358861 -0.0357271 -0.0355731 -0.0354014 -0.0352084 -0.0350095 -0.0347969 -0.0345626 -0.0343223 -0.0340591 -0.0337869 -0.0334861 -0.03317 -0.0328474 -0.0325129 -0.0321167 -0.0317263 -0.0313355 -0.0309058 -0.030434 -0.0299631 -0.0294621 -0.0289401 -0.0283917 -0.0278153 -0.0272203 -0.026589 -0.025928 -0.0252493 -0.0245476 -0.0238032 -0.0230306 -0.0222105 -0.0213804 -0.0205122 -0.0195877 -0.0186351 -0.0176464 -0.0165934 -0.0154972 -0.014346 -0.0131319 -0.0118772 -0.0105315 -0.00910814 -0.00761465 -0.00603153 -0.00435918 -0.00259149 -0.00071268 0.0012656 0.00335998 0.00558543 0.00794002 0.0104436 0.0130947 0.0159237 0.0189478 0.0222017 0.0257212 0.0295335 0.0336806 0.0381678 0.0429901 0.048109 0.0534318 0.0588246 0.0641008 0.0690143 0.0733318 0.0768007 0.0792134 0.0804434 0.0803966 0.0791408 0.076797 0.0735998 0.0698673 0.0658865 0.0620113 0.0584827 0.0555374 0.0533639 0.0520529 0.0517381 0.0524318 
0 0.00197133 0.00353022 0.00428331 0.00398603 0.00246247 -0.000282186 -0.00411515 -0.00879955 -0.0139625 -0.0192299 -0.0241887 -0.0284895 -0.0318736 -0.0341671 -0.0353382 -0.0354335 -0.0346008 -0.0330455 -0.0309909 -0.0286663 -0.0262665 -0.0239454 -0.0218193 -0.019951 -0.0183611 -0.017044 -0.015961 -0.0150947 -0.0144093 -0.0138775 -0.0134722 -0.0131558 -0.0129377 -0.0128032 -0.0127536 -0.0127738 -0.0128426 -0.0129765 -0.0131793 -0.0134397 -0.0137521 -0.0141039 -0.0145013 -0.0149654 -0.0154537 -0.015971 -0.0165214 -0.0171049 -0.0177275 -0.0183572 -0.0189885 -0.0196467 -0.0203205 -0.0209822 -0.0216478 -0.0223065 -0.0229762 -0.0236281 -0.0242491 -0.0248693 -0.0254907 -0.026079 -0.0266439 -0.0271972 -0.0277307 -0.0282496 -0.0287313 -0.0292041 -0.0296667 -0.0300933 -0.0304876 -0.0308961 -0.0312721 -0.0316141 -0.0319471 -0.032274 -0.0325715 -0.0328521 -0.0331158 -0.0333716 -0.0336089 -0.0338192 -0.0340272 -0.0342272 -0.0343942 -0.0345508 -0.0347168 -0.0348458 -0.0349587 -0.0350814 -0.0351848 -0.0352525 -0.0353377 -0.0354078 -0.035446 -0.0354835 -0.0355289 -0.0355318 -0.0355333 -0.0355405 -0.0355217 -0.0354781 -0.0354548 -0.0354042 -0.0353284 -0.0352599 -0.035187 -0.0350712 -0.0349639 -0.0348545 -0.034711 -0.0345538 -0.0344095 -0.0342307 -0.0340321 -0.0338379 -0.033626 -0.0333841 -0.0331379 -0.0328808 -0.0326007 -0.0323012 -0.0319836 -0.0316624 -0.0313155 -0.0309358 -0.0305479 -0.0301579 -0.029718 -0.0292654 -0.028805 -0.0283131 -0.0277863 -0.0272559 -0.0266974 -0.0261137 -0.0254936 -0.0248533 -0.0242061 -0.0235217 -0.022794 -0.0220546 -0.0212952 -0.0204918 -0.0196636 -0.0188011 -0.0179231 -0.0170047 -0.0160332 -0.0150348 -0.0140158 -0.0129426 -0.0118216 -0.0106493 -0.0094283 -0.00816514 -0.00681862 -0.00540275 -0.00392317 -0.00236641 -0.000718857 0.00103394 0.00289708 0.00485584 0.0069324 0.00914454 0.0114985 0.0140132 0.0166837 0.0195508 0.0226416 0.0259891 0.0296297 0.0335847 0.0378953 0.0425754 0.047612 0.0529536 0.0584912 0.0640687 0.0694875 0.0744915 0.0788256 0.0822286 0.0844797 0.0854468 0.0850542 0.0833699 0.0805374 0.076806 0.0725035 0.0679482 0.0635052 0.0594524 0.0560461 0.0534901 0.0519018 0.0514099 0.0520459 
0 0.00162912 0.0028147 0.00319143 0.00245004 0.000448611 -0.00282469 -0.00724494 -0.0125221 -0.0183126 -0.0241887 -0.0297324 -0.0345889 -0.0384512 -0.0411588 -0.0426377 -0.0429321 -0.042198 -0.0406316 -0.0384766 -0.0359633 -0.0332945 -0.0306372 -0.0281332 -0.02585 -0.0238279 -0.0220655 -0.0205112 -0.0191811 -0.018025 -0.0170259 -0.0161636 -0.0153769 -0.0146964 -0.0141103 -0.0136193 -0.0132104 -0.0128721 -0.0126079 -0.0124413 -0.0123683 -0.0123491 -0.012409 -0.0125362 -0.0127513 -0.0130308 -0.0133566 -0.013731 -0.014169 -0.0146699 -0.0151788 -0.0157259 -0.0163075 -0.0169199 -0.0175384 -0.0181685 -0.0187991 -0.0194523 -0.020108 -0.0207262 -0.0213569 -0.0219924 -0.0226069 -0.023185 -0.0237725 -0.024341 -0.0248879 -0.0254019 -0.0259176 -0.0264173 -0.0268757 -0.0273166 -0.0277621 -0.0281813 -0.0285572 -0.0289355 -0.0292989 -0.0296423 -0.0299527 -0.0302607 -0.0305508 -0.0308278 -0.0310686 -0.0313154 -0.0315428 -0.0317453 -0.0319296 -0.032123 -0.032277 -0.0324179 -0.032559 -0.0326828 -0.0327716 -0.032871 -0.032953 -0.0330057 -0.0330529 -0.0331014 -0.0331123 -0.0331168 -0.0331214 -0.0331003 -0.0330557 -0.0330217 -0.0329616 -0.032877 -0.0327933 -0.0327017 -0.0325706 -0.0324432 -0.0323074 -0.0321423 -0.0319582 -0.0317847 -0.0315741 -0.0313473 -0.0311144 -0.0308722 -0.0305902 -0.0303079 -0.0300077 -0.0296949 -0.0293472 -0.0289922 -0.0286224 -0.0282394 -0.0278131 -0.0273828 -0.0269413 -0.0264683 -0.0259676 -0.0254593 -0.0249277 -0.0243621 -0.0237822 -0.0231808 -0.0225633 -0.0218966 -0.0212191 -0.0205314 -0.0198131 -0.0190386 -0.01827 -0.0174787 -0.0166408 -0.0157741 -0.0148874 -0.0139778 -0.0130269 -0.0120402 -0.0110105 -0.00997226 -0.00888381 -0.00774134 -0.00655011 -0.00533265 -0.00406151 -0.00271237 -0.00130522 0.000178397 0.00171897 0.00335396 0.00509974 0.00695099 0.00889425 0.0109641 0.0131757 0.0155372 0.0180799 0.0207724 0.0236828 0.026841 0.0302727 0.0340303 0.0381156 0.0425744 0.0474217 0.0526339 0.0581379 0.0638155 0.0694846 0.074934 0.0799172 0.0841379 0.0873538 0.0893226 0.0899035 0.0890646 0.0868425 0.0834309 0.0790753 0.0741063 0.0688977 0.063787 0.0591199 0.0551568 0.0521104 0.0501522 0.0493725 0.0498552 
0 0.00132465 0.00221566 0.00223967 0.00114277 -0.00127342 -0.00501316 -0.0099138 -0.0157371 -0.0220623 -0.0284895 -0.0345889 -0.0399553 -0.0443247 -0.0474622 -0.0493011 -0.0498786 -0.0493165 -0.0478418 -0.0456818 -0.0430725 -0.0402223 -0.0373224 -0.0345008 -0.03188 -0.0294901 -0.0273149 -0.0253732 -0.0235965 -0.0220185 -0.0205976 -0.0192788 -0.0180722 -0.0169358 -0.0159088 -0.0149826 -0.0141473 -0.0133788 -0.0127165 -0.0121632 -0.0117076 -0.0113644 -0.0110786 -0.0109089 -0.0108454 -0.010872 -0.0109611 -0.011135 -0.0113865 -0.0116991 -0.0120804 -0.0124778 -0.0129446 -0.0134596 -0.0140012 -0.0145361 -0.0151182 -0.0157182 -0.0163145 -0.0169213 -0.0175283 -0.0181386 -0.0187298 -0.019325 -0.0198926 -0.0204735 -0.02103 -0.0215648 -0.0220675 -0.0225872 -0.0230845 -0.0235482 -0.0239908 -0.0244308 -0.0248545 -0.0252492 -0.0256327 -0.0259932 -0.0263446 -0.0266694 -0.026991 -0.0272786 -0.02756 -0.0278192 -0.0280758 -0.0282922 -0.0285108 -0.0287078 -0.0288926 -0.0290457 -0.0292068 -0.0293352 -0.0294523 -0.0295514 -0.0296476 -0.0297071 -0.0297681 -0.0298085 -0.0298343 -0.0298359 -0.0298409 -0.0298125 -0.0297762 -0.0297241 -0.0296625 -0.0295677 -0.029478 -0.0293616 -0.0292308 -0.029079 -0.0289295 -0.0287405 -0.0285488 -0.0283379 -0.0281176 -0.0278608 -0.0276096 -0.0273285 -0.0270369 -0.0267177 -0.0263974 -0.0260409 -0.025679 -0.0252973 -0.0249011 -0.0244652 -0.0240273 -0.0235847 -0.0231075 -0.0225893 -0.0220705 -0.0215573 -0.0209921 -0.0204007 -0.0197968 -0.0191908 -0.0185321 -0.0178684 -0.0171769 -0.0164678 -0.0157171 -0.0149557 -0.0141625 -0.0133545 -0.012519 -0.0116295 -0.0107258 -0.00980658 -0.00885407 -0.0078344 -0.00681556 -0.00575244 -0.00464855 -0.00349147 -0.00229321 -0.00105657 0.000224693 0.00157369 0.00301751 0.0044928 0.00605483 0.00770391 0.00946136 0.0113264 0.0132958 0.0153804 0.0176173 0.0200364 0.0225962 0.0253626 0.0283267 0.0315552 0.0351029 0.0389544 0.0431724 0.0477597 0.0527367 0.0580754 0.0636849 0.0694142 0.0750859 0.080472 0.0852973 0.0893099 0.0921961 0.093761 0.0938585 0.0924312 0.0896018 0.0855012 0.0804319 0.0747331 0.0687522 0.0629138 0.0575222 0.0528985 0.0492825 0.0468202 0.0456783 0.0458954 
0 0.00111105 0.0017492 0.00155151 0.000156857 -0.00256395 -0.00664707 -0.0119597 -0.0181838 -0.0249792 -0.0318736 -0.0384512 -0.0443247 -0.0491587 -0.0527585 -0.0550008 -0.0559168 -0.055628 -0.0543383 -0.0522801 -0.0496847 -0.0467671 -0.0437069 -0.0406872 -0.0378005 -0.0351185 -0.032645 -0.0303493 -0.0282439 -0.0263019 -0.0245053 -0.0228221 -0.021217 -0.0196871 -0.0182645 -0.0169369 -0.0156908 -0.0145399 -0.0134655 -0.0125191 -0.0117022 -0.0109732 -0.0103627 -0.0098716 -0.00949236 -0.00923437 -0.00906232 -0.00897016 -0.00899629 -0.00911286 -0.00928488 -0.00952856 -0.00983246 -0.0101909 -0.0105965 -0.0110361 -0.0115102 -0.0120174 -0.0125487 -0.013073 -0.0136099 -0.0141744 -0.0147432 -0.0152832 -0.0158345 -0.0163865 -0.0169105 -0.0174324 -0.0179613 -0.0184634 -0.0189303 -0.0194011 -0.0198672 -0.020317 -0.0207251 -0.0211285 -0.0215269 -0.0219102 -0.0222551 -0.0225983 -0.0229249 -0.0232342 -0.023521 -0.0237985 -0.0240535 -0.0242961 -0.02452 -0.0247274 -0.0249182 -0.0250939 -0.0252508 -0.025392 -0.0255189 -0.0256256 -0.0257181 -0.025794 -0.0258541 -0.0258942 -0.025923 -0.0259319 -0.0259253 -0.0259008 -0.025864 -0.0258054 -0.0257332 -0.0256441 -0.0255391 -0.0254142 -0.0252768 -0.0251205 -0.0249467 -0.0247575 -0.0245512 -0.0243271 -0.0240861 -0.023829 -0.0235522 -0.0232646 -0.0229506 -0.0226214 -0.0222807 -0.0219264 -0.0215328 -0.0211352 -0.0207273 -0.0203022 -0.0198382 -0.0193641 -0.0188795 -0.0183896 -0.0178563 -0.0173022 -0.0167449 -0.016169 -0.0155609 -0.0149468 -0.0143081 -0.0136262 -0.0129414 -0.0122473 -0.011517 -0.0107451 -0.00996434 -0.00915972 -0.00831728 -0.00744258 -0.00655488 -0.00562856 -0.00465828 -0.0036557 -0.00260863 -0.00154062 -0.000436854 0.000741776 0.00196421 0.00321564 0.00454027 0.00593149 0.00738724 0.00892367 0.010517 0.0122126 0.0140365 0.0159536 0.0179826 0.0201356 0.0224373 0.0249136 0.0275649 0.0303937 0.0334514 0.0367868 0.0404234 0.0444026 0.0487217 0.0534148 0.0584915 0.0639003 0.0695445 0.0752552 0.0808345 0.0860398 0.0906193 0.0942672 0.0967226 0.0977634 0.0972408 0.0951683 0.0915958 0.086748 0.080893 0.0743598 0.0675809 0.060898 0.0547263 0.0493672 0.0450634 0.0420546 0.040422 0.0403048 
0 0.000971901 0.00147935 0.00111895 -0.000437663 -0.00335636 -0.0076737 -0.0132402 -0.0197745 -0.0269008 -0.0341671 -0.0411588 -0.0474622 -0.0527585 -0.056815 -0.0594949 -0.0608151 -0.060868 -0.0598534 -0.0579986 -0.0555212 -0.0526423 -0.0495592 -0.0464352 -0.043411 -0.0405463 -0.0378456 -0.0353286 -0.0329537 -0.0307472 -0.028677 -0.0266911 -0.0247938 -0.0229415 -0.0211809 -0.0195011 -0.0178986 -0.0163753 -0.014946 -0.0136382 -0.0124482 -0.0113779 -0.0104085 -0.00957619 -0.00886718 -0.00829772 -0.00782715 -0.00747133 -0.00723407 -0.00708103 -0.00703338 -0.00705363 -0.00715841 -0.00734067 -0.00758843 -0.0078587 -0.00819935 -0.00857123 -0.00897246 -0.00941541 -0.00987055 -0.0103405 -0.0108196 -0.0113129 -0.0118013 -0.0123107 -0.0128002 -0.013297 -0.0137667 -0.0142416 -0.0147171 -0.015181 -0.0156023 -0.0160314 -0.0164562 -0.0168555 -0.017238 -0.0176045 -0.0179607 -0.0183017 -0.0186268 -0.0189232 -0.0192248 -0.0194951 -0.0197521 -0.0199931 -0.0202284 -0.0204228 -0.020625 -0.0208012 -0.0209599 -0.0210951 -0.0212368 -0.0213351 -0.02143 -0.0215077 -0.0215734 -0.0216021 -0.0216404 -0.0216465 -0.0216374 -0.0216083 -0.0215801 -0.0215085 -0.0214378 -0.0213472 -0.0212411 -0.0211024 -0.020974 -0.0208076 -0.0206292 -0.0204341 -0.0202336 -0.0199909 -0.0197552 -0.0194928 -0.0192127 -0.018911 -0.0186107 -0.018272 -0.0179265 -0.0175613 -0.0171845 -0.0167888 -0.0163726 -0.0159296 -0.0154909 -0.0150388 -0.0145414 -0.0140372 -0.0135256 -0.0130024 -0.0124467 -0.0118796 -0.0112821 -0.0106899 -0.0100588 -0.00942102 -0.0087579 -0.00806787 -0.00734567 -0.00661961 -0.00585445 -0.00506556 -0.00425356 -0.00338197 -0.00249619 -0.00157872 -0.000619818 0.000391124 0.00142574 0.0025231 0.00365841 0.00486215 0.0061176 0.00741716 0.00879124 0.0102377 0.0117798 0.0133852 0.0150783 0.0168687 0.0187784 0.0207897 0.0229191 0.0251697 0.0275744 0.030163 0.0328989 0.0358417 0.0389941 0.0424241 0.0461773 0.0502463 0.0546723 0.0594531 0.0645869 0.0700214 0.0756286 0.0812263 0.0866139 0.0915349 0.0957309 0.0989199 0.100812 0.101219 0.1 0.0971614 0.0928052 0.0871236 0.0804201 0.0730287 0.0653637 0.0578266 0.0508077 0.0446546 0.0396366 0.0359806 0.0338305 0.0332974 
0 0.000923339 0.00137962 0.000966109 -0.000655313 -0.00365395 -0.00807464 -0.0137758 -0.0204778 -0.0278153 -0.0353382 -0.0426377 -0.0493011 -0.0550008 -0.0594949 -0.0626249 -0.0643877 -0.0648558 -0.0642097 -0.0626595 -0.0604128 -0.0576886 -0.0546828 -0.0515733 -0.0485068 -0.0455594 -0.0427518 -0.0401049 -0.0375879 -0.0352186 -0.0329657 -0.0307825 -0.0286723 -0.0265918 -0.0245848 -0.0226384 -0.0207506 -0.0189332 -0.0171873 -0.0155476 -0.0140154 -0.0125998 -0.0112963 -0.0101303 -0.00908435 -0.00818084 -0.00739122 -0.00672414 -0.00619195 -0.00575935 -0.00545187 -0.00523323 -0.00510547 -0.00506039 -0.00509864 -0.00519227 -0.00536546 -0.00557876 -0.00583322 -0.00614192 -0.00646768 -0.00682885 -0.00721591 -0.007624 -0.00803419 -0.00846361 -0.00888094 -0.00932821 -0.00976452 -0.0101876 -0.0106104 -0.0110372 -0.0114397 -0.0118421 -0.0122351 -0.0126053 -0.0129721 -0.0133216 -0.0136609 -0.0139845 -0.0142932 -0.0145779 -0.0148728 -0.0151301 -0.0153727 -0.0156111 -0.0158399 -0.0160225 -0.0162194 -0.0163957 -0.0165437 -0.0166749 -0.0168161 -0.0169102 -0.0169974 -0.0170781 -0.0171396 -0.0171641 -0.0172017 -0.0172096 -0.0171935 -0.0171662 -0.0171387 -0.0170646 -0.0169912 -0.0169066 -0.0167967 -0.0166574 -0.0165332 -0.0163693 -0.0161864 -0.0159987 -0.0158028 -0.0155588 -0.0153266 -0.0150754 -0.0147975 -0.0144996 -0.0142093 -0.0138792 -0.0135433 -0.0131909 -0.0128231 -0.0124354 -0.0120418 -0.0116215 -0.0111941 -0.0107474 -0.0102796 -0.00981368 -0.00932349 -0.00880502 -0.00827971 -0.00775327 -0.00718772 -0.00662002 -0.00601928 -0.00540714 -0.00477386 -0.00412013 -0.00343117 -0.00273325 -0.00198628 -0.0012112 -0.000415082 0.00043052 0.0013052 0.00222675 0.00319739 0.00421957 0.00527861 0.00640772 0.00757777 0.00882794 0.0101427 0.0115223 0.0129892 0.0145322 0.0161708 0.0178902 0.0197061 0.0216264 0.0236716 0.0258163 0.0280835 0.0304673 0.0329951 0.0356973 0.0385458 0.0415989 0.0448633 0.0483996 0.0522469 0.0564024 0.0608939 0.0657172 0.0708552 0.0762402 0.0817332 0.0871348 0.0922352 0.0967703 0.100482 0.103092 0.104324 0.104 0.101995 0.0983359 0.0931319 0.0865881 0.0790092 0.0707317 0.0621791 0.0537589 0.0458835 0.0389184 0.0331541 0.0288406 0.0261335 0.0251606 
0 0.000949658 0.00142321 0.00105015 -0.000546394 -0.00351443 -0.00791179 -0.0136242 -0.0203515 -0.0277735 -0.0354335 -0.0429321 -0.0498786 -0.0559168 -0.0608151 -0.0643877 -0.0666083 -0.067533 -0.0673133 -0.0661381 -0.0642085 -0.0617422 -0.0589163 -0.0559438 -0.0529438 -0.0500181 -0.0472168 -0.0445261 -0.0419777 -0.0395424 -0.0372051 -0.0349383 -0.0327124 -0.0305107 -0.0283484 -0.0262216 -0.0241203 -0.0220896 -0.0200975 -0.0181912 -0.0163826 -0.0146529 -0.0130493 -0.0115581 -0.0101826 -0.0089415 -0.00783796 -0.00685088 -0.00600306 -0.00527092 -0.00465475 -0.00416821 -0.00377646 -0.00348323 -0.00327732 -0.00316926 -0.00312824 -0.00314502 -0.00322954 -0.0033797 -0.0035617 -0.00378419 -0.0040518 -0.00433627 -0.00465956 -0.00499288 -0.00533257 -0.0056958 -0.00607519 -0.00643027 -0.00679979 -0.00717661 -0.00753907 -0.00789406 -0.00824536 -0.00858788 -0.00892049 -0.00924013 -0.00954672 -0.00985332 -0.0101296 -0.010399 -0.0106674 -0.0109124 -0.0111273 -0.0113597 -0.0115652 -0.0117399 -0.011916 -0.0120903 -0.0122179 -0.0123466 -0.0124725 -0.0125662 -0.0126379 -0.0127209 -0.0127702 -0.0127968 -0.0128244 -0.0128371 -0.0128117 -0.012791 -0.012757 -0.01269 -0.0126115 -0.0125378 -0.012423 -0.0122953 -0.0121704 -0.0120201 -0.011835 -0.0116652 -0.0114712 -0.011244 -0.0110149 -0.0107866 -0.0105126 -0.0102371 -0.00995753 -0.00965184 -0.00932402 -0.00900234 -0.00865368 -0.00828881 -0.00791303 -0.0075297 -0.00712964 -0.0067064 -0.00627081 -0.00584078 -0.00538506 -0.00489216 -0.00441421 -0.00392044 -0.00339006 -0.00284585 -0.00229946 -0.00171541 -0.00111654 -0.000486924 0.000168704 0.000846979 0.00156291 0.00232027 0.00311336 0.00394196 0.00482469 0.00575962 0.00675182 0.00778297 0.00889725 0.0100782 0.0113206 0.0126525 0.0140579 0.0155468 0.0171373 0.0188194 0.0205875 0.0224795 0.0244538 0.0265396 0.0287453 0.0310399 0.0334599 0.0359925 0.0386571 0.0414686 0.0444403 0.0475807 0.0509415 0.0545598 0.0584568 0.0626753 0.0671878 0.072012 0.0771018 0.0823634 0.0876578 0.0927683 0.0974765 0.101518 0.104645 0.106569 0.107062 0.105937 0.10309 0.0985859 0.0925042 0.0850997 0.076652 0.0675001 0.0580966 0.0488125 0.0401151 0.0323621 0.0258594 0.0209058 0.0176301 0.0162122 
0 0.00102088 0.00159718 0.00130024 -0.00016886 -0.00302279 -0.00730423 -0.0128904 -0.0195492 -0.0269168 -0.0346008 -0.042198 -0.0493165 -0.055628 -0.060868 -0.0648558 -0.067533 -0.0689397 -0.0691777 -0.0684391 -0.0668926 -0.0647396 -0.062199 -0.0594151 -0.0565799 -0.0537697 -0.0510352 -0.0484338 -0.0459247 -0.0435325 -0.0412218 -0.0389555 -0.0367273 -0.0345117 -0.0322984 -0.0300892 -0.0278995 -0.0257157 -0.0235824 -0.0214861 -0.0194376 -0.0174802 -0.0156046 -0.013828 -0.0121529 -0.010599 -0.00915988 -0.00787179 -0.00669856 -0.00563295 -0.00472009 -0.00392821 -0.00324642 -0.00267473 -0.00221777 -0.00184767 -0.00158807 -0.0013903 -0.00126158 -0.00122847 -0.00125548 -0.00131346 -0.00141727 -0.0015906 -0.00178461 -0.00199985 -0.00224183 -0.00252969 -0.0027998 -0.00307702 -0.00338973 -0.00371318 -0.00400062 -0.00429446 -0.00461028 -0.00491485 -0.00519858 -0.00546943 -0.00575373 -0.0060244 -0.00627161 -0.00650433 -0.00675447 -0.00696744 -0.00716695 -0.00736797 -0.00756073 -0.00771093 -0.00787599 -0.00802534 -0.00814784 -0.00825602 -0.0083746 -0.00845254 -0.00852263 -0.00858867 -0.00863775 -0.00865498 -0.00868242 -0.00868504 -0.00866614 -0.00863856 -0.00860881 -0.00853964 -0.00847136 -0.00839322 -0.00829106 -0.00816582 -0.00805364 -0.00790528 -0.00774047 -0.0075745 -0.00739965 -0.00718122 -0.00697667 -0.00675739 -0.00650972 -0.00624578 -0.00599832 -0.00571202 -0.00541021 -0.00510478 -0.00480029 -0.00446509 -0.0041138 -0.00375459 -0.00340317 -0.00302631 -0.00261695 -0.00221397 -0.00180784 -0.00137402 -0.000916711 -0.000464674 1.98142e-05 0.000524681 0.00105073 0.00157695 0.00215228 0.00276808 0.00339836 0.0040447 0.00476055 0.00551913 0.00629855 0.00714835 0.00805306 0.00901906 0.0100475 0.0111491 0.0123164 0.0135948 0.0149498 0.0163796 0.0179209 0.0195651 0.0213104 0.0231537 0.0251127 0.0271637 0.0293386 0.0316094 0.0339697 0.0364449 0.0390156 0.0416922 0.0444829 0.047401 0.0504488 0.0536812 0.057101 0.0607551 0.0646932 0.0688888 0.073387 0.0781371 0.0830861 0.0881504 0.0931383 0.0978641 0.102083 0.10554 0.107985 0.10916 0.108837 0.106867 0.103177 0.0977996 0.0908919 0.0826479 0.0733776 0.0634351 0.0532055 0.0431532 0.0336733 0.025178 0.0180104 0.0124163 0.00863864 0.00678295 
0 0.00113479 0.0018237 0.00167798 0.00036784 -0.00229758 -0.00636914 -0.0117582 -0.0182222 -0.0254438 -0.0330455 -0.0406316 -0.0478418 -0.0543383 -0.0598534 -0.0642097 -0.0673133 -0.0691777 -0.0698967 -0.0695994 -0.0684692 -0.0666929 -0.0644515 -0.0619528 -0.0593219 -0.0566831 -0.0541193 -0.0516375 -0.0492831 -0.0470144 -0.0448115 -0.0426605 -0.0405226 -0.038391 -0.0362393 -0.0340659 -0.0318616 -0.0296679 -0.0274641 -0.0252603 -0.0230848 -0.0209358 -0.0188674 -0.0168657 -0.0149362 -0.0130873 -0.0113703 -0.00975805 -0.00826026 -0.0068913 -0.00563798 -0.00453978 -0.00355579 -0.00267937 -0.00191114 -0.00129734 -0.00076957 -0.000331539 8.44696e-06 0.000257503 0.000438322 0.000557278 0.00059918 0.000595149 0.00052897 0.000446928 0.000322723 0.00016651 -4.24916e-05 -0.000237694 -0.000447739 -0.000675789 -0.000929919 -0.00117254 -0.00141413 -0.00165992 -0.00190379 -0.00214475 -0.00237772 -0.00261031 -0.00281737 -0.00303315 -0.00323674 -0.00343076 -0.00359564 -0.00378074 -0.00393578 -0.0040815 -0.00421106 -0.00435082 -0.00444845 -0.00455375 -0.00464085 -0.00472157 -0.00477137 -0.00483506 -0.00486488 -0.00489159 -0.0048992 -0.00490784 -0.00488011 -0.00486245 -0.00481825 -0.00476691 -0.00469245 -0.00462663 -0.00452137 -0.00442054 -0.0043016 -0.00417631 -0.00401704 -0.00387551 -0.00370135 -0.00351811 -0.00331844 -0.00312855 -0.0028966 -0.0026695 -0.0024282 -0.00218114 -0.00190645 -0.00164035 -0.00134977 -0.00104822 -0.000741943 -0.000435468 -9.72404e-05 0.000260854 0.000600485 0.000949551 0.00133593 0.00175458 0.00214509 0.00256285 0.00301006 0.00349396 0.00397296 0.00449978 0.00504874 0.00563667 0.00625197 0.00691741 0.00763036 0.00840214 0.00922403 0.0100806 0.0110359 0.0120711 0.0131769 0.0143487 0.015647 0.0170289 0.0185153 0.0201053 0.0218033 0.0236323 0.0255708 0.0276081 0.0297403 0.0320076 0.0343619 0.0368173 0.0393566 0.0419773 0.0446955 0.0474962 0.0503827 0.0533629 0.0564824 0.0597374 0.0631858 0.0668417 0.0707231 0.0748769 0.0792601 0.0838618 0.0886034 0.0933535 0.0979602 0.102201 0.105837 0.108627 0.11032 0.110678 0.109517 0.106687 0.102152 0.0959657 0.0882545 0.0792604 0.0692529 0.0585862 0.0476689 0.0369085 0.026761 0.0176159 0.00982697 0.00370021 -0.000567743 -0.00280266 
