0 0 0 0 0 0 0 0 0 0 0 0 0 0 0 0 0 0 0 0 0 0 0 0 0 0 0 0 0 0 0 0 0 0 0 0 0 0 0 0 0 0 0 0 0 0 0 0 0 0 0 0 0 0 0 0 0 0 0 0 0 0 0 0 0 0 0 0 0 0 0 0 0 0 0 0 0 0 0 0 0 0 0 0 0 0 0 0 0 0 0 0 0 0 0 0 0 0 0 0 0 0 0 0 0 0 0 0 0 0 0 0 0 0 0 0 0 0 0 0 0 0 0 0 0 0 0 0 0 0 0 0 0 0 0 0 0 0 0 0 0 0 0 0 0 0 0 0 0 0 0 0 0 0 0 0 0 0 0 0 0 0 0 0 0 0 0 0 0 0 0 0 0 0 0 0 0 0 0 0 0 0 0 0 0 0 0 0 0 0 0 0 0 0 0 0 0 0 0 0 
0 0.00126391 0.00249638 0.00368175 0.00477919 0.00576321 0.0066079 0.00727687 0.00777193 0.00807153 0.00818853 0.00814487 0.00794816 0.00766245 0.00731069 0.00695713 0.00665702 0.00642746 0.00631809 0.00630747 0.00639923 0.00657803 0.00681168 0.00708474 0.00735551 0.00759839 0.00778126 0.00791135 0.00796698 0.00796682 0.00791025 0.00777601 0.0076143 0.0073987 0.00716116 0.00690508 0.00660592 0.00629042 0.00596009 0.00561815 0.00526616 0.00491019 0.00452883 0.0041595 0.00378943 0.00340763 0.00303139 0.00265298 0.00229014 0.00193058 0.00157891 0.00122138 0.000878867 0.000554417 0.000236256 -8.23767e-05 -0.000381473 -0.000664798 -0.000957202 -0.00122777 -0.00148741 -0.00173858 -0.00197851 -0.00220995 -0.00244698 -0.00265907 -0.00285518 -0.00305622 -0.00325341 -0.00343764 -0.00360645 -0.00377131 -0.0039349 -0.00409153 -0.00423041 -0.0043728 -0.00450585 -0.00462745 -0.00474807 -0.00486699 -0.00496564 -0.00506604 -0.00516747 -0.00525335 -0.00533103 -0.0054139 -0.00548623 -0.00554784 -0.00561035 -0.00566781 -0.00571595 -0.0057603 -0.00580192 -0.00583605 -0.005866 -0.00589053 -0.00591142 -0.00592656 -0.00593715 -0.00594214 -0.00594451 -0.00594004 -0.00593162 -0.00591814 -0.00590083 -0.00587753 -0.00584994 -0.00581632 -0.00578044 -0.00573742 -0.00568747 -0.00563609 -0.00558034 -0.00551223 -0.00544301 -0.0053743 -0.00528994 -0.0052001 -0.00511452 -0.00501723 -0.0049059 -0.00480179 -0.00468654 -0.00455789 -0.00443068 -0.00430216 -0.00415056 -0.00399821 -0.00384695 -0.00368936 -0.00351061 -0.00332245 -0.00314025 -0.00295868 -0.0027465 -0.0025225 -0.00231098 -0.00208256 -0.00183956 -0.00159215 -0.00133449 -0.00105874 -0.000785498 -0.00049177 -0.00019212 0.000112836 0.00043322 0.000773485 0.00111857 0.00146051 0.00181947 0.00219226 0.00257439 0.00295241 0.00334791 0.00373721 0.00413919 0.00454331 0.00492989 0.00532968 0.00573123 0.0061241 0.00650677 0.00688476 0.00724141 0.00761322 0.00797049 0.00831052 0.0086616 0.00899676 0.00935494 0.00971836 0.0100866 0.0104646 0.0108482 0.011231 0.0115885 0.0118989 0.0121084 0.0122118 0.0121667 0.0119615 0.011597 0.0110508 0.010369 0.0095652 0.0086968 0.0078187 0.00696549 0.00619134 0.00550931 0.00494547 0.00450059 0.0041696 0.00393919 0.00377966 0.00366864 0.00356814 0.00345841 0.0033183 
0 0.00249638 0.00495234 0.00728078 0.00946289 0.0114001 0.013052 0.0143811 0.0153234 0.015914 0.0161269 0.0160079 0.0156262 0.0150159 0.0143142 0.0135947 0.0129549 0.0125028 0.0122361 0.0122031 0.0123753 0.0127001 0.0131753 0.0137015 0.0142358 0.0147178 0.0150792 0.0153301 0.0154535 0.0154585 0.0153425 0.0151141 0.0147757 0.0143675 0.0139078 0.0133829 0.0128201 0.0122014 0.011563 0.0109052 0.0102337 0.00952104 0.00879415 0.00808112 0.00734664 0.00664164 0.00590877 0.00517769 0.00447427 0.0037852 0.00308331 0.00241233 0.00176754 0.00112171 0.000518724 -0.000102169 -0.000688186 -0.00124388 -0.00176845 -0.0023079 -0.00281644 -0.00329849 -0.00376016 -0.00421666 -0.00465367 -0.00504377 -0.00545851 -0.00585355 -0.00621385 -0.00653788 -0.00689861 -0.00722226 -0.00753313 -0.00780911 -0.00809716 -0.00837254 -0.00863237 -0.00885532 -0.00909471 -0.00932408 -0.00951737 -0.00970954 -0.00990357 -0.0100739 -0.0102216 -0.0103855 -0.0105198 -0.010647 -0.0107604 -0.0108795 -0.0109648 -0.01106 -0.0111309 -0.0112072 -0.0112553 -0.0113131 -0.0113431 -0.0113832 -0.011393 -0.0114134 -0.0114071 -0.0114092 -0.0113819 -0.0113664 -0.011322 -0.011287 -0.011223 -0.011168 -0.011088 -0.0110138 -0.0109081 -0.0108165 -0.0106994 -0.0105755 -0.010435 -0.0103059 -0.0101373 -0.009968 -0.00980025 -0.00961209 -0.00939424 -0.00919042 -0.00897728 -0.00872521 -0.00847333 -0.00821325 -0.00794854 -0.00765186 -0.00734636 -0.00701659 -0.00671281 -0.00635817 -0.00598975 -0.00560744 -0.00523177 -0.00480845 -0.00439027 -0.00394839 -0.00348454 -0.00299294 -0.00249202 -0.00199574 -0.00145133 -0.000876947 -0.000294018 0.000283935 0.000923842 0.00155334 0.00221652 0.00289708 0.00358805 0.00430727 0.00504988 0.00578032 0.0065157 0.00729725 0.00806286 0.00884697 0.00961143 0.0103776 0.0111477 0.0119145 0.0126628 0.0133847 0.0141171 0.0148283 0.0155349 0.0162183 0.0168879 0.0175667 0.0182748 0.0190002 0.0197405 0.0205091 0.0212671 0.0220425 0.0227633 0.0233675 0.0238226 0.0240208 0.0239577 0.0235829 0.0228562 0.0218199 0.0204695 0.0188969 0.0172042 0.0154645 0.0138094 0.0122873 0.0109587 0.00987167 0.00900604 0.00838131 0.0079451 0.00765146 0.00745564 0.00727493 0.0070801 0.00681664 
0 0.00368175 0.00728078 0.0107259 0.0139143 0.0167614 0.0191875 0.0211025 0.0224865 0.0233012 0.0235718 0.0233581 0.0227096 0.0217784 0.0206682 0.0195487 0.0185762 0.0178311 0.0174212 0.0173233 0.0175325 0.0180016 0.0186531 0.0194198 0.0201948 0.020896 0.0214379 0.021823 0.0220083 0.0220274 0.0218797 0.0215319 0.0210791 0.0204914 0.0198338 0.0191136 0.0182926 0.0174182 0.0165043 0.0155617 0.0145927 0.0136045 0.0125657 0.011549 0.0105307 0.00949584 0.00846653 0.00743752 0.00644684 0.00546899 0.00450744 0.00354356 0.00261673 0.00173089 0.000867718 6.4987e-06 -0.000808087 -0.00158185 -0.00236226 -0.00310041 -0.00380791 -0.00448783 -0.00513999 -0.00577225 -0.00640588 -0.00698154 -0.00752622 -0.0080729 -0.00860356 -0.00910108 -0.00956986 -0.0100231 -0.0104675 -0.0108902 -0.011278 -0.0116673 -0.0120317 -0.0123669 -0.0126988 -0.0130225 -0.0132993 -0.0135759 -0.0138508 -0.0140905 -0.0143075 -0.014533 -0.0147317 -0.0149062 -0.0150762 -0.0152348 -0.0153685 -0.0154925 -0.0156049 -0.0157015 -0.015783 -0.015852 -0.015908 -0.0159515 -0.0159789 -0.0159942 -0.0159986 -0.0159878 -0.0159623 -0.0159263 -0.0158764 -0.0158126 -0.0157343 -0.0156431 -0.0155406 -0.0154221 -0.015284 -0.0151415 -0.0149833 -0.0147985 -0.0146062 -0.0144122 -0.0141802 -0.0139349 -0.0136937 -0.0134244 -0.0131208 -0.0128292 -0.0125117 -0.0121605 -0.0118071 -0.0114474 -0.0110395 -0.0106219 -0.0102014 -0.00976209 -0.00928103 -0.0087727 -0.00826969 -0.00776092 -0.00719107 -0.00658798 -0.00600378 -0.00538143 -0.00472284 -0.00404504 -0.00334282 -0.0026025 -0.00185265 -0.0010542 -0.000238863 0.000591832 0.00146756 0.00238677 0.00332359 0.00426271 0.00524195 0.0062579 0.00730054 0.00833849 0.00941274 0.0104897 0.0115928 0.0127027 0.0137812 0.0148864 0.0159987 0.0170961 0.0181693 0.0192277 0.0202507 0.021299 0.0223211 0.0233098 0.0243192 0.0253128 0.0263664 0.0274486 0.0285571 0.0297017 0.0308667 0.0320337 0.0331314 0.0340836 0.0347627 0.035117 0.0350483 0.0345142 0.0335008 0.0319782 0.030044 0.0277665 0.0253027 0.0228051 0.0203943 0.0182072 0.0163003 0.0147393 0.0135286 0.0126537 0.0120694 0.0116941 0.0114523 0.011243 0.0110008 0.0106577 
0 0.00477919 0.00946289 0.0139143 0.0180477 0.0217167 0.0248204 0.0272724 0.0289922 0.0299897 0.0302616 0.0298845 0.0289706 0.0276456 0.0261171 0.0245668 0.0231877 0.0221446 0.0215024 0.0213045 0.0215178 0.0220686 0.022895 0.0238632 0.0248598 0.025769 0.0264854 0.0269914 0.0272642 0.0273141 0.0271414 0.026751 0.0261767 0.0254613 0.0246457 0.0237294 0.0227245 0.0216389 0.0205096 0.0193488 0.0181603 0.0169221 0.0156557 0.0144031 0.0131407 0.0118965 0.0106344 0.00937754 0.00816127 0.00696887 0.00577697 0.0046175 0.00349913 0.0024053 0.00135523 0.000303799 -0.00069933 -0.00165268 -0.00257265 -0.00348506 -0.00435755 -0.00518866 -0.00598619 -0.00676826 -0.00752262 -0.0082178 -0.00891529 -0.00959325 -0.0102267 -0.0108158 -0.0114177 -0.0119848 -0.0125269 -0.0130278 -0.0135228 -0.0140042 -0.0144564 -0.0148649 -0.0152793 -0.0156769 -0.0160269 -0.016368 -0.0167047 -0.0170061 -0.017278 -0.0175561 -0.0178005 -0.0180241 -0.0182308 -0.0184309 -0.0185948 -0.0187543 -0.0188882 -0.0190143 -0.0191107 -0.0192021 -0.019266 -0.019326 -0.0193542 -0.0193791 -0.0193779 -0.0193702 -0.019332 -0.0192926 -0.019224 -0.0191494 -0.0190455 -0.0189373 -0.0188024 -0.0186588 -0.018483 -0.018308 -0.0181041 -0.01788 -0.0176372 -0.0173932 -0.0171036 -0.0168026 -0.0164982 -0.0161617 -0.015787 -0.0154197 -0.0150319 -0.0145958 -0.0141513 -0.0136949 -0.013214 -0.0126959 -0.0121613 -0.0116003 -0.011038 -0.0104218 -0.00978501 -0.00913105 -0.00845591 -0.00772824 -0.00699807 -0.00623338 -0.00542774 -0.00458564 -0.0037239 -0.00284558 -0.00191229 -0.000930189 7.09096e-05 0.00108479 0.00216809 0.00327169 0.00441406 0.00558263 0.00678169 0.00802707 0.00930577 0.010581 0.0118791 0.0132257 0.0145786 0.0159486 0.0173014 0.0186645 0.0200409 0.0214125 0.0227605 0.024084 0.0254086 0.0267279 0.0280382 0.0293254 0.0306137 0.0319295 0.0333103 0.0347449 0.0362295 0.0377695 0.0393312 0.040906 0.0423911 0.043671 0.0446354 0.045144 0.0451265 0.0445063 0.0432332 0.0413381 0.038872 0.0359793 0.0328502 0.029659 0.0266121 0.0238396 0.0214487 0.0195149 0.0180322 0.0170005 0.0163383 0.0159528 0.0157368 0.0155551 0.0153298 0.0149636 
0 0.00576321 0.0114001 0.0167614 0.0217167 0.0261065 0.0297965 0.0326782 0.0346703 0.0357594 0.0359639 0.0353694 0.0341099 0.0323616 0.0303575 0.0283357 0.0265308 0.0251301 0.0242368 0.0238897 0.0240562 0.0246591 0.0256009 0.0267397 0.0279298 0.0290285 0.0299215 0.030565 0.0309357 0.0310387 0.0308764 0.030458 0.0298268 0.0290291 0.0281086 0.0270768 0.0259379 0.024711 0.0234309 0.022116 0.0207695 0.0193805 0.0179629 0.0165519 0.0151427 0.0137393 0.0123297 0.010933 0.00957608 0.00824712 0.00692963 0.00563735 0.00438665 0.00317589 0.00200196 0.000843313 -0.000269384 -0.00133393 -0.00236967 -0.00338177 -0.00435286 -0.00528108 -0.00617604 -0.00705156 -0.00789916 -0.00869394 -0.0094679 -0.0102244 -0.0109472 -0.0116304 -0.0122982 -0.0129386 -0.0135541 -0.014135 -0.0146952 -0.0152387 -0.0157514 -0.0162287 -0.0166976 -0.0171461 -0.0175525 -0.0179441 -0.018324 -0.0186701 -0.0189878 -0.0192992 -0.019582 -0.0198391 -0.020078 -0.020302 -0.0204964 -0.0206752 -0.0208323 -0.0209729 -0.0210885 -0.0211886 -0.0212665 -0.02133 -0.0213674 -0.0213908 -0.0213933 -0.021379 -0.02134 -0.0212886 -0.0212138 -0.0211222 -0.0210068 -0.0208774 -0.020725 -0.0205541 -0.0203577 -0.0201502 -0.0199165 -0.0196582 -0.019382 -0.019093 -0.018766 -0.0184212 -0.0180658 -0.0176787 -0.0172572 -0.0168306 -0.016379 -0.0158876 -0.0153804 -0.0148565 -0.0142988 -0.0137107 -0.0131053 -0.0124735 -0.0118149 -0.0111165 -0.0104012 -0.00966513 -0.00888962 -0.0080709 -0.00724221 -0.00638116 -0.00547689 -0.00453558 -0.00356743 -0.00257016 -0.00152682 -0.000436472 0.000679462 0.00182157 0.00302353 0.0042656 0.00554087 0.00684275 0.00818461 0.00957657 0.011004 0.0124431 0.0139111 0.0154203 0.0169516 0.018496 0.0200362 0.0215942 0.0231717 0.0247485 0.0263066 0.0278473 0.0293895 0.0309405 0.0324898 0.0340319 0.0355924 0.0372013 0.0388948 0.0406707 0.0425238 0.0444528 0.0464315 0.0484203 0.0503093 0.0519561 0.0532113 0.0539257 0.0539913 0.0533219 0.051869 0.0496544 0.046762 0.043359 0.0396686 0.0359191 0.0323399 0.0291047 0.0263429 0.0241349 0.0224924 0.0213924 0.0207456 0.0204368 0.0203246 0.0202554 0.0201164 0.0198021 
0 0.0066079 0.013052 0.0191875 0.0248204 0.0297965 0.0339489 0.0371396 0.0393053 0.0403904 0.0404503 0.0395764 0.037912 0.0357029 0.0331818 0.0306523 0.0283877 0.0265806 0.0253958 0.0248509 0.0249258 0.0255459 0.026565 0.0278494 0.0292128 0.0304912 0.0315652 0.0323629 0.0328562 0.0330465 0.0329402 0.0325398 0.0319126 0.0310891 0.0301214 0.0290413 0.0278355 0.0265473 0.0251983 0.023813 0.0223887 0.0209384 0.0194561 0.0179731 0.0165122 0.0150358 0.0135742 0.0121276 0.0107136 0.00932604 0.00796954 0.00662621 0.00532201 0.00407348 0.00284168 0.00164597 0.000488309 -0.000620735 -0.00171388 -0.0027618 -0.00377831 -0.00475529 -0.00570085 -0.0066171 -0.00750779 -0.00836543 -0.00917582 -0.00997321 -0.0107439 -0.0114888 -0.0121856 -0.0128727 -0.0135279 -0.0141622 -0.0147573 -0.0153387 -0.0158862 -0.0164121 -0.0169108 -0.0173882 -0.0178342 -0.0182582 -0.0186625 -0.0190372 -0.0193888 -0.0197169 -0.020027 -0.0203048 -0.0205677 -0.0208028 -0.0210221 -0.0212098 -0.0213862 -0.021532 -0.0216648 -0.0217664 -0.021858 -0.0219183 -0.021967 -0.0219847 -0.021993 -0.0219694 -0.0219345 -0.0218693 -0.0217941 -0.0216862 -0.0215669 -0.021418 -0.021257 -0.0210628 -0.0208567 -0.020622 -0.0203705 -0.0200872 -0.0197913 -0.0194662 -0.0191184 -0.0187445 -0.0183528 -0.0179311 -0.0174838 -0.0170166 -0.01652 -0.0159973 -0.0154488 -0.0148834 -0.0142746 -0.013646 -0.0129933 -0.0123245 -0.0115998 -0.0108579 -0.0100952 -0.00931258 -0.00847202 -0.007611 -0.00672676 -0.00581114 -0.00485236 -0.00386305 -0.00284415 -0.00178033 -0.000688809 0.000450609 0.00161993 0.00283026 0.0040733 0.00538219 0.00671389 0.00807285 0.00948341 0.0109406 0.0124296 0.0139454 0.015501 0.0170788 0.0187067 0.0203406 0.0219847 0.0236561 0.025351 0.0270519 0.0287472 0.0304452 0.0321414 0.0338741 0.0356127 0.0373667 0.0391699 0.0410432 0.0430303 0.0451349 0.047352 0.0496676 0.0520681 0.0544699 0.0567642 0.0587901 0.0603469 0.0613009 0.061489 0.0608219 0.0592636 0.0568073 0.0535915 0.0497893 0.0456539 0.041475 0.0374844 0.0339128 0.0309025 0.0285354 0.0268483 0.0257845 0.0252545 0.025115 0.0251928 0.025324 0.0253516 0.0251705 
0 0.00727687 0.0143811 0.0211025 0.0272724 0.0326782 0.0371396 0.040532 0.0427251 0.0437237 0.043551 0.0423097 0.0402171 0.0374741 0.0344212 0.0313597 0.0285818 0.0263684 0.0248275 0.0240566 0.0240121 0.0245966 0.0256864 0.0270862 0.028612 0.0300741 0.0313454 0.0323131 0.0329776 0.0333002 0.0332877 0.033 0.0324146 0.031649 0.0307133 0.0296334 0.0284595 0.0271862 0.025854 0.0244839 0.0230847 0.0216342 0.02019 0.0187283 0.0172759 0.0158446 0.0144086 0.0129956 0.0116022 0.0102476 0.00889923 0.00759862 0.00632973 0.00508841 0.00387859 0.00270683 0.00155852 0.000445431 -0.000607798 -0.0016596 -0.00267594 -0.00365322 -0.00459986 -0.00553076 -0.0064072 -0.00726515 -0.00810935 -0.00892244 -0.0096923 -0.0104305 -0.0111631 -0.0118694 -0.0125358 -0.0131667 -0.0137944 -0.0143851 -0.0149508 -0.0154875 -0.016004 -0.0164876 -0.0169583 -0.017393 -0.0178049 -0.018195 -0.0185633 -0.0188988 -0.0192176 -0.0195118 -0.0197803 -0.0200262 -0.0202511 -0.0204511 -0.0206289 -0.0207852 -0.0209175 -0.0210297 -0.0211182 -0.0211852 -0.0212303 -0.0212548 -0.0212544 -0.0212355 -0.0211931 -0.0211289 -0.0210425 -0.0209356 -0.0208039 -0.0206524 -0.0204772 -0.0202786 -0.0200593 -0.0198159 -0.0195471 -0.0192579 -0.0189464 -0.0186034 -0.0182432 -0.0178581 -0.0174456 -0.0170052 -0.0165487 -0.0160557 -0.0155469 -0.0150075 -0.0144382 -0.0138394 -0.013236 -0.0125863 -0.0119034 -0.011198 -0.0104837 -0.00973032 -0.00893573 -0.0081114 -0.00727975 -0.00641566 -0.00550096 -0.00457361 -0.00360886 -0.00260409 -0.00157455 -0.000531811 0.000580012 0.00171587 0.00288329 0.0040887 0.00533623 0.00661441 0.00793437 0.00930281 0.0106981 0.0121449 0.013622 0.0151378 0.0166722 0.0182722 0.0198946 0.0215384 0.0232223 0.0249141 0.0266426 0.0283951 0.0301594 0.0319288 0.0337512 0.0355826 0.0374626 0.0393992 0.0413806 0.0435068 0.0457553 0.0481674 0.0507374 0.0534377 0.0562383 0.0590542 0.0617503 0.0641319 0.0660293 0.0672151 0.0675677 0.066962 0.0653307 0.0627447 0.0592794 0.0551917 0.0507465 0.0462403 0.0419886 0.0381948 0.0350583 0.0326609 0.0310247 0.0301122 0.029792 0.0299116 0.0302721 0.0306783 0.0309602 0.0309885 
0 0.00777193 0.0153234 0.0224865 0.0289922 0.0346703 0.0393053 0.0427251 0.044866 0.0456469 0.0451547 0.043499 0.0408749 0.0375981 0.0339565 0.0303352 0.0270604 0.0243794 0.0225028 0.0214711 0.0212736 0.0218241 0.0229385 0.0244495 0.0261344 0.0277914 0.0292814 0.0304832 0.0313511 0.0318648 0.0320323 0.0318766 0.0314528 0.0308068 0.0299781 0.0290187 0.0279364 0.0267675 0.0255344 0.0242574 0.0229379 0.0216122 0.0202681 0.0189055 0.0175711 0.0162133 0.0148827 0.013578 0.0122828 0.0110113 0.00978172 0.00855888 0.00735992 0.00621012 0.0050649 0.00397414 0.00290161 0.00185441 0.0008199 -0.00016628 -0.00112807 -0.00206544 -0.00298421 -0.00386707 -0.00472522 -0.00558461 -0.00637962 -0.00715296 -0.00792025 -0.00867985 -0.00936956 -0.0100534 -0.0107079 -0.0113591 -0.011965 -0.0125419 -0.013095 -0.0136472 -0.0141494 -0.0146247 -0.0150951 -0.0155322 -0.0159357 -0.0163243 -0.0166971 -0.0170253 -0.0173467 -0.017638 -0.0179117 -0.0181495 -0.0183821 -0.0185748 -0.018761 -0.0189077 -0.0190486 -0.0191528 -0.0192497 -0.0193049 -0.0193605 -0.0193751 -0.019381 -0.0193513 -0.0193188 -0.0192416 -0.0191618 -0.0190446 -0.0189197 -0.0187558 -0.0185864 -0.0183773 -0.0181636 -0.0179088 -0.0176432 -0.0173479 -0.0170381 -0.0166851 -0.0163299 -0.0159428 -0.0155221 -0.0150825 -0.0146334 -0.0141372 -0.0136135 -0.0130886 -0.0125253 -0.0119315 -0.0113058 -0.0106704 -0.0100043 -0.0093219 -0.00857341 -0.00783089 -0.00706696 -0.0062716 -0.00542358 -0.00457866 -0.00368936 -0.00277871 -0.00184304 -0.000881415 0.000116065 0.00115687 0.00220787 0.00328578 0.00440116 0.00556688 0.00673628 0.00797266 0.00922676 0.0105098 0.0118433 0.0132115 0.0146083 0.0160617 0.0175519 0.0190568 0.0206263 0.0222094 0.0238378 0.0255068 0.0272074 0.0289407 0.0307066 0.032508 0.0343449 0.0362489 0.0382119 0.0402638 0.0424296 0.0447437 0.0472334 0.0499255 0.0528149 0.0558728 0.0590697 0.0622741 0.0653543 0.0681113 0.070303 0.0717588 0.0722748 0.0717379 0.07012 0.0674243 0.0638295 0.0595568 0.0548984 0.0502215 0.0457967 0.0419177 0.0387666 0.0364303 0.0349666 0.0342762 0.034259 0.034718 0.0354247 0.0361915 0.0367863 0.0370995 
0 0.00807153 0.015914 0.0233012 0.0299897 0.0357594 0.0403904 0.0437237 0.0456469 0.0461273 0.045226 0.0430712 0.0399125 0.0360379 0.031816 0.0276283 0.023816 0.0206885 0.0184237 0.0171218 0.0167658 0.0172526 0.0184133 0.0200371 0.0218963 0.023777 0.025526 0.0269915 0.0281374 0.0289101 0.0293161 0.0294145 0.0291996 0.028765 0.0281263 0.0273306 0.0264338 0.0254461 0.0243933 0.0232905 0.0221512 0.0209827 0.0198194 0.0186282 0.0174452 0.0162667 0.0151017 0.0139564 0.0128049 0.011679 0.0105703 0.00949593 0.00843787 0.00739492 0.00636351 0.00538027 0.00440106 0.00343464 0.00251313 0.0016034 0.000712947 -0.000160652 -0.00101468 -0.0018431 -0.00262691 -0.00342213 -0.00419193 -0.00493036 -0.00563996 -0.00633485 -0.00700859 -0.00766545 -0.00828472 -0.00888614 -0.00947594 -0.0100243 -0.0105578 -0.0110797 -0.0115635 -0.0120146 -0.0124739 -0.0128916 -0.0132776 -0.0136526 -0.014015 -0.0143309 -0.0146389 -0.014924 -0.0151869 -0.0154193 -0.0156406 -0.015832 -0.0160087 -0.016154 -0.0162852 -0.0163924 -0.0164801 -0.0165364 -0.0165854 -0.0166044 -0.0166012 -0.0165764 -0.0165391 -0.0164659 -0.0163799 -0.0162702 -0.0161413 -0.0159825 -0.015811 -0.0156101 -0.0153952 -0.0151471 -0.0148836 -0.0145981 -0.0142919 -0.0139459 -0.0136001 -0.0132244 -0.0128129 -0.0123831 -0.0119508 -0.0114651 -0.0109643 -0.0104541 -0.00990719 -0.00932525 -0.00874522 -0.00813064 -0.00747674 -0.00680844 -0.00612432 -0.00541922 -0.00467102 -0.00389355 -0.00311186 -0.00232064 -0.00146679 -0.000603887 0.000277893 0.00118639 0.00212186 0.00307348 0.00406645 0.00506864 0.00610517 0.00718297 0.00826638 0.00937993 0.0105306 0.0117258 0.0129444 0.0141968 0.0154734 0.0168072 0.0181668 0.0195702 0.0210146 0.0224925 0.0240332 0.025599 0.0272084 0.0288678 0.0305831 0.0323506 0.0341978 0.0361036 0.038113 0.0402559 0.042532 0.0450236 0.0477169 0.0506611 0.0538534 0.057248 0.0607946 0.0643589 0.0677837 0.0708543 0.0733485 0.0750308 0.075726 0.0752959 0.0736945 0.0709855 0.0673062 0.0629356 0.0581782 0.0533974 0.0489307 0.0450494 0.0419745 0.0398027 0.0385677 0.0381888 0.0385262 0.0393766 0.0404939 0.0416549 0.0426289 0.0432741 
0 0.00818853 0.0161269 0.0235718 0.0302616 0.0359639 0.0404503 0.043551 0.0451547 0.045226 0.0438353 0.0411304 0.0373749 0.0328901 0.0280661 0.0233073 0.0189764 0.0153953 0.0127627 0.0111899 0.0106697 0.0110955 0.0122917 0.0140316 0.0160804 0.0182151 0.0202626 0.0220628 0.0235435 0.0246474 0.0253754 0.0257815 0.0258736 0.0257258 0.0253603 0.0248257 0.024183 0.0234439 0.0226333 0.02176 0.020846 0.0199113 0.0189755 0.0180096 0.0170344 0.016057 0.0150908 0.0141431 0.0131809 0.0122332 0.0113012 0.0103903 0.00948437 0.00858168 0.00769247 0.00684286 0.00599541 0.00514192 0.00431807 0.00351008 0.00272247 0.00194024 0.00116938 0.000424577 -0.00029207 -0.00101951 -0.00171751 -0.00238143 -0.00303802 -0.00368542 -0.00430523 -0.00489868 -0.00547182 -0.00603632 -0.00658388 -0.00708569 -0.00758089 -0.00807089 -0.00852111 -0.00893987 -0.00936783 -0.00976078 -0.01012 -0.0104715 -0.0108103 -0.0111087 -0.0113948 -0.0116641 -0.0119103 -0.0121303 -0.0123351 -0.0125176 -0.0126823 -0.0128195 -0.01294 -0.0130434 -0.0131225 -0.0131753 -0.013219 -0.0132378 -0.0132295 -0.013206 -0.0131677 -0.0130973 -0.0130104 -0.0129073 -0.0127806 -0.0126282 -0.0124614 -0.0122715 -0.0120622 -0.011826 -0.0115733 -0.0113025 -0.0110069 -0.01068 -0.0103504 -0.00999371 -0.00960058 -0.0091964 -0.00878759 -0.00832682 -0.00785059 -0.00737361 -0.00686266 -0.00631075 -0.00576023 -0.00518801 -0.00458432 -0.00395526 -0.00330938 -0.00265052 -0.00196443 -0.00124354 -0.000515802 0.000220901 0.00100649 0.00180281 0.0026054 0.00343185 0.00429171 0.00516658 0.00606156 0.0069576 0.00789074 0.00885865 0.00983027 0.0108215 0.0118465 0.0129057 0.0139853 0.0150895 0.0162227 0.0174167 0.0186361 0.0198896 0.0211816 0.0225208 0.0239274 0.025374 0.0268668 0.0284216 0.0300519 0.0317535 0.0335497 0.0354316 0.0374521 0.0396469 0.042027 0.0446531 0.0475252 0.0506888 0.0541416 0.0578377 0.0617005 0.0655865 0.0693197 0.0726773 0.0754245 0.0773138 0.0781582 0.0778176 0.0762551 0.0735434 0.0698417 0.0654356 0.0606481 0.0558555 0.0514102 0.0476071 0.0446711 0.0427109 0.0417582 0.0417208 0.0424479 0.0437163 0.0452638 0.0468476 0.0482213 0.0492294 
0 0.00814487 0.0160079 0.0233581 0.0298845 0.0353694 0.0395764 0.0423097 0.043499 0.0430712 0.0411304 0.0378435 0.0334577 0.0283698 0.0229429 0.0176196 0.0127884 0.0087464 0.00575638 0.00390757 0.00321853 0.00359071 0.00482421 0.00669641 0.00895563 0.0113749 0.0137535 0.0159437 0.017812 0.0193155 0.0204496 0.0212252 0.0217115 0.0219136 0.0218838 0.021679 0.0213424 0.0209131 0.0204021 0.0198179 0.0191709 0.0185212 0.0178403 0.0171329 0.0164085 0.0156604 0.0149281 0.0141987 0.0134492 0.0126842 0.0119512 0.0112134 0.0104737 0.00973169 0.00899097 0.00827455 0.00756138 0.00684258 0.00611922 0.00543306 0.00475226 0.00406852 0.00338564 0.002745 0.00210874 0.00146115 0.000844346 0.000259716 -0.000325874 -0.000913589 -0.00146183 -0.00199147 -0.0025051 -0.0030242 -0.00350822 -0.00396488 -0.00440953 -0.00485926 -0.00526258 -0.00564788 -0.00603088 -0.00639392 -0.0067198 -0.00704116 -0.00734777 -0.00762491 -0.00788424 -0.00813043 -0.00835687 -0.00855855 -0.00874521 -0.00891246 -0.0090643 -0.00918786 -0.00929923 -0.00939189 -0.00946476 -0.00951006 -0.0095502 -0.00956352 -0.00955563 -0.00952931 -0.00949319 -0.0094237 -0.00934169 -0.00924174 -0.00912332 -0.00897698 -0.00882053 -0.00864179 -0.00844421 -0.00822184 -0.00798662 -0.00773269 -0.00745392 -0.00715266 -0.00684396 -0.00651205 -0.00614513 -0.00577481 -0.00539096 -0.00497042 -0.00452497 -0.00408825 -0.00361632 -0.00311648 -0.00259908 -0.00208038 -0.00152913 -0.00095959 -0.00036076 0.000235942 0.000856541 0.00150674 0.0021725 0.00283761 0.00353597 0.0042615 0.00498041 0.00571497 0.00647887 0.00727285 0.00805057 0.00884528 0.00967178 0.010524 0.0113664 0.0122339 0.0131264 0.014041 0.0149871 0.0159351 0.0169173 0.0179519 0.0190254 0.0201073 0.0212468 0.0224384 0.0236886 0.0250021 0.0263546 0.0277845 0.0293091 0.0309372 0.0326568 0.0345116 0.0365257 0.0387463 0.0412235 0.0439539 0.0469941 0.0503594 0.054048 0.0580156 0.0621553 0.0663108 0.0702949 0.0738889 0.076824 0.0788852 0.0798411 0.0795673 0.0780514 0.0753344 0.0716445 0.0672334 0.0624506 0.0576979 0.0533021 0.0496173 0.0468468 0.0451124 0.0444552 0.044752 0.0458635 0.0475378 0.0495005 0.0515025 0.05327 0.0546473 
0 0.00794816 0.0156262 0.0227096 0.0289706 0.0341099 0.037912 0.0402171 0.0408749 0.0399125 0.0373749 0.0334577 0.0284721 0.0227512 0.016758 0.0108947 0.00555942 0.00110541 -0.0022589 -0.00437317 -0.00523063 -0.00493536 -0.00366281 -0.00166363 0.000809323 0.00352497 0.00627471 0.00886705 0.0111888 0.013147 0.0147256 0.0159724 0.016883 0.0175111 0.0178873 0.0180508 0.0180821 0.0180088 0.017834 0.0175701 0.0172537 0.0168826 0.0164997 0.0160787 0.015599 0.0151208 0.0146311 0.0141251 0.0135908 0.013043 0.0124763 0.0119299 0.0113713 0.0107756 0.0101909 0.0096136 0.00902963 0.00842249 0.00784426 0.00726198 0.006684 0.00609922 0.005526 0.0049614 0.00441832 0.00388167 0.00333006 0.00280446 0.0023018 0.00181715 0.00131518 0.000846164 0.000388826 -4.50761e-05 -0.000482802 -0.00088776 -0.00128973 -0.00167017 -0.00203721 -0.00237968 -0.00271977 -0.0030383 -0.00333406 -0.00361788 -0.00388917 -0.00414091 -0.004369 -0.00459107 -0.00479009 -0.00497554 -0.00513573 -0.00529186 -0.00541952 -0.00553719 -0.00562871 -0.00571726 -0.00577271 -0.00582164 -0.00584532 -0.00586296 -0.00584616 -0.00582774 -0.00578168 -0.00572597 -0.00563996 -0.00555313 -0.00543497 -0.00530708 -0.00515356 -0.00499575 -0.00480615 -0.00460681 -0.00438645 -0.00415646 -0.0038961 -0.00362584 -0.00334022 -0.00303517 -0.00270639 -0.00236741 -0.00201394 -0.001632 -0.00124199 -0.000833414 -0.000406666 4.87159e-05 0.000494502 0.000972434 0.00147435 0.00199998 0.00250121 0.0030417 0.0036144 0.00420258 0.00476737 0.00536586 0.00599335 0.00662776 0.00726525 0.00791759 0.00858927 0.0092625 0.00995931 0.0106511 0.0113684 0.0120985 0.0128391 0.0135626 0.0143298 0.0151307 0.0159237 0.0167334 0.0175759 0.0184564 0.0193664 0.0203205 0.0212908 0.0223395 0.0234579 0.0246153 0.0258412 0.0271519 0.0285715 0.0301107 0.0317816 0.0335835 0.0355966 0.0378601 0.0403956 0.0432566 0.0464441 0.0499968 0.0539121 0.0581172 0.0624935 0.0668798 0.0710673 0.0748256 0.0779202 0.0800728 0.0811006 0.0808689 0.079338 0.0766391 0.0729291 0.0685203 0.0637696 0.0590313 0.0547226 0.0511299 0.0485084 0.0469929 0.0465683 0.0471813 0.0486166 0.0506437 0.0529892 0.0553425 0.0574859 0.0591956 
0 0.00766245 0.0150159 0.0217784 0.0276456 0.0323616 0.0357029 0.0374741 0.0375981 0.0360379 0.0328901 0.0283698 0.0227512 0.0164592 0.00989866 0.003514 -0.00227401 -0.0071612 -0.010863 -0.0132544 -0.014304 -0.0140944 -0.0128205 -0.0107221 -0.00804957 -0.00504228 -0.00193779 0.00110513 0.00388355 0.00633515 0.00842968 0.010144 0.011564 0.012652 0.0134748 0.0140806 0.0145137 0.0148259 0.0150205 0.0151112 0.01511 0.0150828 0.0149932 0.0148644 0.0146733 0.0144413 0.0141898 0.0139103 0.0136037 0.0132414 0.01289 0.0125063 0.0120968 0.0116613 0.0112252 0.0107716 0.0103232 0.00985782 0.00935756 0.00888901 0.00841713 0.00793866 0.00745168 0.00699546 0.00651777 0.00605102 0.00559423 0.0051678 0.00472894 0.0042835 0.003867 0.00347949 0.00308662 0.00268769 0.00232495 0.00197019 0.00163193 0.00129261 0.000979756 0.000672178 0.000392061 0.000106197 -0.000149947 -0.000399886 -0.000628365 -0.000855085 -0.00105065 -0.0012455 -0.00141736 -0.00157993 -0.00171967 -0.0018551 -0.00196466 -0.00206677 -0.0021483 -0.00221908 -0.00226841 -0.00230956 -0.0023276 -0.0023359 -0.00232453 -0.00230097 -0.00225649 -0.00220366 -0.00212717 -0.00204096 -0.00193531 -0.00181795 -0.00167728 -0.00153222 -0.00136086 -0.00118023 -0.000980203 -0.000772552 -0.000534513 -0.000297916 -3.53663e-05 0.0002377 0.000534822 0.000829139 0.00115671 0.00148841 0.00184677 0.00220359 0.00258348 0.00297677 0.00340277 0.00381454 0.00424272 0.00470193 0.00518143 0.00565442 0.0061362 0.00664478 0.00716672 0.00770167 0.00823146 0.00879536 0.00934689 0.00991098 0.0104964 0.01111 0.0116844 0.0122838 0.0129051 0.0135291 0.0141598 0.014797 0.0154489 0.0161109 0.0167998 0.0174765 0.0182011 0.0189552 0.0197493 0.0205508 0.0214009 0.0223218 0.0232981 0.0243561 0.0254659 0.0266767 0.0280077 0.0294831 0.0310825 0.032879 0.0349014 0.0372016 0.0398534 0.0428149 0.0461718 0.0499131 0.0540263 0.058457 0.0630426 0.0676156 0.0719607 0.0758469 0.0790074 0.0812174 0.0822429 0.0819833 0.0804338 0.0776723 0.0739501 0.0695169 0.0647517 0.060044 0.0557484 0.0522299 0.0497028 0.0483154 0.0480817 0.0488932 0.0505793 0.0528727 0.0554913 0.058145 0.0605669 0.062563 
0 0.00731069 0.0143142 0.0206682 0.0261171 0.0303575 0.0331818 0.0344212 0.0339565 0.031816 0.0280661 0.0229429 0.016758 0.00989866 0.00282548 -0.00404428 -0.0102887 -0.0155777 -0.0196485 -0.0223375 -0.0236098 -0.0235361 -0.0223005 -0.020137 -0.0173043 -0.0140428 -0.0105892 -0.00714504 -0.00389149 -0.000936331 0.00167464 0.00392883 0.00585847 0.00744957 0.00875443 0.00981125 0.0106734 0.0114026 0.0119869 0.0124521 0.012821 0.0131093 0.013333 0.0134979 0.0135759 0.0136139 0.0136108 0.0135484 0.0134474 0.0132855 0.0130914 0.0128758 0.0126284 0.0123389 0.0120354 0.0117027 0.0113592 0.0109978 0.0106255 0.010258 0.00987097 0.00947804 0.00908913 0.00870178 0.00831259 0.00794727 0.0075582 0.00717661 0.00681731 0.00647092 0.00611583 0.00577395 0.00543654 0.00512185 0.00481788 0.0045069 0.00421404 0.00394354 0.00367352 0.00340824 0.003172 0.00293394 0.00270996 0.00249998 0.00230616 0.00211249 0.00194494 0.00177947 0.0016342 0.00149586 0.00137597 0.00126082 0.00117253 0.00108258 0.00101454 0.000958666 0.00091989 0.000881209 0.000874613 0.000870797 0.000881391 0.00090478 0.000953623 0.000997873 0.00106898 0.00115079 0.00124779 0.00134986 0.00148081 0.00161153 0.00176436 0.00192581 0.00210595 0.00229162 0.00250275 0.00271256 0.00294686 0.00319128 0.00344695 0.00371145 0.00400528 0.00429293 0.00459646 0.00492545 0.00526213 0.00559756 0.00595656 0.00633068 0.00671557 0.00711376 0.0075054 0.0079234 0.00836644 0.0088077 0.00924147 0.00970938 0.0101759 0.0106588 0.0111489 0.0116433 0.0121401 0.0126546 0.013167 0.0136947 0.0142307 0.0147654 0.015312 0.0158527 0.0164177 0.017005 0.0175939 0.0181858 0.0188171 0.0194623 0.0201502 0.0208698 0.0216203 0.0224481 0.0233376 0.0242876 0.0253195 0.026459 0.0277302 0.0291691 0.030761 0.0325644 0.0346317 0.0370129 0.0397635 0.0428844 0.0464165 0.0503591 0.0546902 0.059318 0.0640847 0.0688005 0.0732454 0.0771841 0.0803647 0.0825451 0.0835174 0.0831865 0.0815386 0.0787039 0.0748961 0.0703997 0.0655908 0.0608266 0.0565174 0.0529802 0.0504625 0.0491215 0.0489373 0.049851 0.051645 0.0540729 0.0568571 0.0596716 0.0622909 0.0644764 
0 0.00695713 0.0135947 0.0195487 0.0245668 0.0283357 0.0306523 0.0313597 0.0303352 0.0276283 0.0233073 0.0176196 0.0108947 0.003514 -0.00404428 -0.0113728 -0.0180509 -0.0237385 -0.0281798 -0.0311911 -0.0327326 -0.0328575 -0.0317357 -0.0295908 -0.0266702 -0.0232196 -0.019474 -0.0156579 -0.0119598 -0.00851324 -0.00538673 -0.00260263 -0.000153591 0.00195496 0.00376123 0.00530113 0.00661832 0.00777014 0.00875219 0.00959229 0.0103209 0.0109406 0.0114796 0.0119368 0.0122915 0.0125824 0.0128033 0.0129513 0.0130507 0.0130845 0.013064 0.0130034 0.0128923 0.0127406 0.0125658 0.0123512 0.0121221 0.0118684 0.0115925 0.0113079 0.0110086 0.0107057 0.0104084 0.0100938 0.00977031 0.00947264 0.00916412 0.00885857 0.00856054 0.00826851 0.00797849 0.00770524 0.00742446 0.00716456 0.00691362 0.00665529 0.00641355 0.0061964 0.00596749 0.00574502 0.00555336 0.00535872 0.00516797 0.00499464 0.00483567 0.00467581 0.00453511 0.00439795 0.00427983 0.00416654 0.00406487 0.00397161 0.00390335 0.00382719 0.00377127 0.00373202 0.00370197 0.00366838 0.0036708 0.00367347 0.00368176 0.00370689 0.00375753 0.00379574 0.00385925 0.00393822 0.00402491 0.00411308 0.00423254 0.00435082 0.00448316 0.00462607 0.00478693 0.00495078 0.00513396 0.00531834 0.00552515 0.00574047 0.00595911 0.00619102 0.00644999 0.00669963 0.00695952 0.00724918 0.00753799 0.00782819 0.00814432 0.00846833 0.00878909 0.00913644 0.00948631 0.00984787 0.0102184 0.0105949 0.0109801 0.0113935 0.0117923 0.0122007 0.0126279 0.0130588 0.0134947 0.0139419 0.014388 0.0148446 0.0153098 0.0157744 0.0162616 0.0167467 0.0172419 0.017757 0.018277 0.0188138 0.0193883 0.0199775 0.0206033 0.0212675 0.0219624 0.0227329 0.0235733 0.024481 0.0254879 0.0266059 0.0278653 0.0293027 0.0309224 0.0327831 0.0349409 0.0374466 0.0403452 0.0436492 0.0473787 0.051531 0.0560665 0.0608782 0.0657995 0.0706233 0.0751262 0.0790624 0.0821911 0.0842705 0.0851119 0.084634 0.082831 0.0798558 0.0759121 0.0712975 0.0663797 0.0615036 0.0570904 0.0534455 0.0508293 0.0494015 0.049142 0.0500023 0.0517585 0.0541707 0.0569618 0.0598036 0.0624769 0.0647382 
0 0.00665702 0.0129549 0.0185762 0.0231877 0.0265308 0.0283877 0.0285818 0.0270604 0.023816 0.0189764 0.0127884 0.00555942 -0.00227401 -0.0102887 -0.0180509 -0.0251445 -0.031251 -0.0360821 -0.0394662 -0.0413393 -0.041737 -0.0408076 -0.0387689 -0.0358439 -0.0322839 -0.0283428 -0.0242166 -0.0201497 -0.0162604 -0.012639 -0.00936221 -0.00639637 -0.00378653 -0.00149193 0.000525432 0.00229629 0.00386468 0.005253 0.00648537 0.00756321 0.00853296 0.00937189 0.010109 0.0107459 0.0112864 0.0117327 0.012092 0.0123886 0.0125903 0.0127482 0.0128302 0.012855 0.0128452 0.0127969 0.0126859 0.0125557 0.012416 0.0122275 0.012036 0.0118185 0.0116005 0.0113712 0.0111414 0.0108892 0.0106543 0.0104167 0.0101813 0.00994342 0.00970278 0.00948456 0.00926419 0.00903974 0.0088237 0.00863434 0.00841793 0.00822795 0.00804826 0.00786934 0.00768143 0.00753257 0.00737208 0.0072194 0.00707473 0.00694969 0.00682011 0.00670515 0.00659319 0.00650031 0.00641079 0.00632479 0.00625398 0.00620099 0.00614122 0.00609397 0.00607242 0.00604692 0.00602363 0.00602905 0.00604148 0.00604515 0.00607586 0.00612263 0.00616091 0.00621384 0.00629278 0.00636707 0.00644651 0.00655173 0.00666135 0.00677325 0.00690038 0.00704322 0.00718698 0.00734477 0.00750637 0.00768941 0.00787305 0.00806472 0.00826428 0.00849263 0.00870062 0.0089321 0.00917911 0.00943031 0.00966804 0.00995341 0.0102282 0.0105002 0.0107867 0.0111031 0.0114079 0.011717 0.0120371 0.0123784 0.0127276 0.0130603 0.0134206 0.01379 0.0141635 0.0145355 0.0149343 0.0153167 0.0157323 0.0161474 0.016559 0.0169944 0.0174511 0.0179053 0.0183728 0.0188783 0.0193855 0.0199339 0.0205004 0.0211097 0.0217537 0.0224584 0.0232216 0.024048 0.024975 0.0259911 0.0271412 0.0284467 0.0299444 0.0316488 0.0336364 0.0359361 0.0386056 0.0417112 0.045221 0.0491918 0.0535774 0.0583132 0.0633011 0.0683346 0.0732138 0.0777071 0.0815695 0.0845593 0.0864676 0.087103 0.0864031 0.0843975 0.0812023 0.0770735 0.072273 0.0671634 0.0621206 0.0574966 0.0536567 0.050827 0.049164 0.0486989 0.0493233 0.0508802 0.0531073 0.0557246 0.0584568 0.0610261 0.0632483 
0 0.00642746 0.0125028 0.0178311 0.0221446 0.0251301 0.0265806 0.0263684 0.0243794 0.0206885 0.0153953 0.0087464 0.00110541 -0.0071612 -0.0155777 -0.0237385 -0.031251 -0.0377589 -0.0430148 -0.0468154 -0.0490841 -0.0498429 -0.0492191 -0.0473844 -0.0445755 -0.041029 -0.0369673 -0.0326674 -0.0282924 -0.0240352 -0.0200096 -0.0162543 -0.0128444 -0.00975761 -0.00699319 -0.00452135 -0.00231778 -0.000331772 0.00144434 0.00303964 0.00449873 0.00577523 0.00692988 0.00795209 0.00885295 0.00964567 0.0103286 0.0108962 0.0113741 0.0117903 0.0120926 0.012334 0.0125084 0.0126379 0.0127047 0.012725 0.0126958 0.0126364 0.0125727 0.0124633 0.0123251 0.0121765 0.0120454 0.0118611 0.0116838 0.0115223 0.0113558 0.0111517 0.0109687 0.0108085 0.0106406 0.0104537 0.0102688 0.010124 0.00996824 0.00979854 0.00963462 0.00951136 0.00936073 0.00921981 0.00908831 0.00897702 0.0088464 0.00873931 0.00863221 0.0085417 0.00844173 0.00836043 0.00828424 0.00822067 0.00814747 0.00809924 0.00805752 0.00801464 0.00797744 0.0079682 0.00794962 0.00793589 0.00794495 0.00796217 0.00796794 0.00799993 0.00804396 0.00808177 0.00812853 0.00820286 0.00826812 0.00834069 0.00843122 0.00853349 0.00862612 0.00874186 0.00886336 0.00899478 0.00912186 0.009273 0.00942449 0.00958917 0.00974341 0.00993161 0.010117 0.0103037 0.010488 0.010718 0.0109276 0.0111365 0.0113582 0.0116136 0.0118531 0.0120937 0.0123411 0.0126158 0.0128959 0.013159 0.0134417 0.013743 0.0140447 0.0143337 0.014671 0.0149987 0.0153225 0.0156513 0.016028 0.016397 0.0167666 0.0171543 0.0175653 0.0179925 0.0184327 0.0189036 0.0193792 0.0199143 0.0204634 0.0210406 0.0216663 0.0223592 0.023095 0.0239008 0.0247943 0.025762 0.0268772 0.0281166 0.0295268 0.0311462 0.0330145 0.0351712 0.0376793 0.0405868 0.0439066 0.0477007 0.0519127 0.0565334 0.06148 0.0665902 0.0717083 0.0765885 0.0810055 0.0847188 0.0875028 0.0891407 0.0894991 0.0885106 0.0862034 0.0827569 0.0783506 0.0733054 0.067952 0.0626259 0.0577411 0.053575 0.0504132 0.0484048 0.0475501 0.0478205 0.0489983 0.0508745 0.0531832 0.055615 0.0579682 0.0600069 
0 0.00631809 0.0122361 0.0174212 0.0215024 0.0242368 0.0253958 0.0248275 0.0225028 0.0184237 0.0127627 0.00575638 -0.0022589 -0.010863 -0.0196485 -0.0281798 -0.0360821 -0.0430148 -0.0487108 -0.0529732 -0.0557064 -0.056923 -0.0566939 -0.055204 -0.0526303 -0.0492107 -0.0451951 -0.0407958 -0.0362548 -0.0317309 -0.0273609 -0.0232464 -0.0194341 -0.0159353 -0.012755 -0.00986463 -0.0072389 -0.00488283 -0.0027292 -0.000769096 0.0010102 0.00263302 0.00408487 0.00538954 0.00657508 0.00762626 0.00852993 0.00932215 0.0100095 0.010606 0.0111118 0.0115134 0.0118308 0.0120985 0.0123094 0.0124422 0.0125302 0.0125959 0.012616 0.0125865 0.0125396 0.0124823 0.012409 0.0123159 0.0121993 0.0120735 0.0119624 0.0118481 0.0117126 0.0115708 0.0114464 0.0113227 0.011192 0.0110634 0.010943 0.0108188 0.0107019 0.0105949 0.0104845 0.0103729 0.0102761 0.0101872 0.0100919 0.0100032 0.00992685 0.0098565 0.00978156 0.00971801 0.00966459 0.00961504 0.00956237 0.00952785 0.00949842 0.00946891 0.0094451 0.00944119 0.00943131 0.00942784 0.00943866 0.00945812 0.00947007 0.00950194 0.00954154 0.00958079 0.0096249 0.00969033 0.00975106 0.00981729 0.00989681 0.00998726 0.0100713 0.0101699 0.0102794 0.0103926 0.0105042 0.0106331 0.0107698 0.0109061 0.0110459 0.0112035 0.0113643 0.0115237 0.0116954 0.0118776 0.0120562 0.012243 0.0124501 0.0126512 0.0128442 0.0130591 0.0133009 0.0135242 0.0137339 0.0139731 0.0142413 0.0144939 0.0147403 0.0150072 0.0152912 0.0155829 0.0158839 0.0161923 0.0165194 0.0168676 0.0172224 0.0175909 0.0180019 0.0184412 0.018882 0.0193448 0.0198652 0.0204255 0.0210163 0.021655 0.0223386 0.0230936 0.0239264 0.0248222 0.0258059 0.0269238 0.0281644 0.0295605 0.0311451 0.0329388 0.0350227 0.0374275 0.0401939 0.0433703 0.0469875 0.0510456 0.0555372 0.0603922 0.0654989 0.0707291 0.0758585 0.0806826 0.0849541 0.0884336 0.0909179 0.0922118 0.0922049 0.0908456 0.0881982 0.0843978 0.0796788 0.0743182 0.0686295 0.0629889 0.0577147 0.0531572 0.0495555 0.0470518 0.0457201 0.0454519 0.0461287 0.0475138 0.0493423 0.0513858 0.0533637 0.0551321 
