0 0 0 0 0 0 0 0 0 0 0 0 0 0 0 0 0 0 0 0 0 0 0 0 0 0 0 0 0 0 0 0 0 0 0 0 0 0 0 0 0 0 0 0 0 0 0 0 0 0 0 0 0 0 0 0 0 0 0 0 0 0 0 0 0 0 0 0 0 0 0 0 0 0 0 0 0 0 0 0 0 0 0 0 0 0 0 0 0 0 0 0 0 0 0 0 0 0 0 0 0 0 0 0 0 0 0 0 0 0 0 0 0 0 0 0 0 0 0 0 0 0 0 0 0 0 0 0 0 0 0 0 0 0 0 0 0 0 0 0 0 0 0 0 0 0 0 0 0 0 0 0 0 0 0 0 0 0 0 0 0 0 0 0 0 0 0 0 0 0 0 0 0 0 0 0 0 0 0 0 0 0 0 0 0 0 0 0 0 0 0 0 0 0 0 0 0 0 0 0 
0 6.70231e-06 8.93614e-06 2.31641e-05 2.89396e-05 4.54915e-05 6.80065e-05 9.48375e-05 0.000141828 0.000199423 0.000282325 0.000388897 0.000526485 0.000696692 0.000903772 0.0011541 0.00143808 0.00177194 0.00213148 0.00251475 0.00290641 0.00326081 0.00357046 0.0037841 0.00387804 0.00383813 0.00364277 0.00329613 0.00280769 0.00219856 0.00149037 0.000750657 1.61135e-05 -0.000655065 -0.0011931 -0.00160311 -0.00184959 -0.00193258 -0.00188596 -0.00170617 -0.00142332 -0.00109148 -0.000731439 -0.000367562 -3.63951e-05 0.000274964 0.000559676 0.000797574 0.00100496 0.00118816 0.00135645 0.00150697 0.00164367 0.00177384 0.00189222 0.00201417 0.00214442 0.00226015 0.00235234 0.00246841 0.00259286 0.00269813 0.00279459 0.00289529 0.00300284 0.00310905 0.00320592 0.00328976 0.00339102 0.00348709 0.00357566 0.00365755 0.00374509 0.00382678 0.00391272 0.00398669 0.00405598 0.00413469 0.00420957 0.0042688 0.00433042 0.00440304 0.00445793 0.00450998 0.00456477 0.00462164 0.00466219 0.00470937 0.00474975 0.00479208 0.00482354 0.00485913 0.00488458 0.00491678 0.00493583 0.00495697 0.00497189 0.00499204 0.00499553 0.00500558 0.00500997 0.00501427 0.00500481 0.00500548 0.00499545 0.00498519 0.00496601 0.00495407 0.00492945 0.00490883 0.00487781 0.0048515 0.00481752 0.00478533 0.00473941 0.00470403 0.00466225 0.00461253 0.00455744 0.0045167 0.00446084 0.00439617 0.00434011 0.00428625 0.00421738 0.00414793 0.00408495 0.0040144 0.00394556 0.00386882 0.00379201 0.00371679 0.00364697 0.00356015 0.00348016 0.00339919 0.00332029 0.00324251 0.00315957 0.00306674 0.00299155 0.00292414 0.00283489 0.00275311 0.00268507 0.00261794 0.00254532 0.00248505 0.0024365 0.00239927 0.0023712 0.00236501 0.00238927 0.00244007 0.00254189 0.00267653 0.00282853 0.0030192 0.00322679 0.00341614 0.00357221 0.00364744 0.00359511 0.00342537 0.0031082 0.00263324 0.00203389 0.00130537 0.000501175 -0.000320715 -0.00111464 -0.00182529 -0.00241496 -0.00286156 -0.00316124 -0.00329756 -0.00329761 -0.00317145 -0.00293942 -0.00264938 -0.00231283 -0.00197111 -0.0016415 -0.00133736 -0.00107 -0.000840548 -0.000651972 -0.00049291 -0.000375312 -0.000276149 -0.000204478 -0.000157198 -0.000111539 -9.57965e-05 -7.46542e-05 -6.38733e-05 -6.63642e-05 -5.29463e-05 -6.12486e-05 -5.85774e-05 
0 8.93614e-06 2.34629e-05 3.73016e-05 5.87028e-05 9.46405e-05 0.000137916 0.000205352 0.000297395 0.000416054 0.000581948 0.000792715 0.00106045 0.00140376 0.00181765 0.0023139 0.00290582 0.00356133 0.00429426 0.00507021 0.00582403 0.00655795 0.00715192 0.00757536 0.00778725 0.00768518 0.00731917 0.00662896 0.00564786 0.00443925 0.00303613 0.0015619 0.000108786 -0.00119719 -0.00229488 -0.00309082 -0.00358752 -0.00378172 -0.00366624 -0.00331405 -0.00275154 -0.00208926 -0.00136041 -0.000667592 4.02717e-06 0.000646057 0.00119832 0.00170017 0.00211827 0.00247746 0.00279408 0.00313202 0.00340609 0.00366076 0.00391343 0.00414756 0.00439143 0.00462489 0.0048604 0.00506252 0.00528529 0.00549436 0.00572727 0.00591592 0.00610906 0.00631902 0.00652345 0.00669881 0.00688071 0.00707878 0.00724786 0.0074253 0.00758235 0.00775748 0.00791454 0.0080749 0.00820182 0.00836676 0.00850544 0.00863233 0.00874945 0.00889507 0.00900256 0.00910782 0.00921647 0.00932595 0.00941134 0.00949981 0.00958538 0.00966229 0.00973278 0.00979453 0.00985438 0.00990797 0.00995603 0.00998773 0.010028 0.0100562 0.0100751 0.0100838 0.0101033 0.0101005 0.010094 0.0100836 0.0100747 0.010044 0.0100168 0.00998267 0.00994398 0.00989384 0.00984134 0.00978165 0.00972096 0.00965093 0.0095663 0.00949192 0.00941036 0.0093121 0.00920356 0.00912283 0.00900817 0.00888757 0.00876873 0.00866946 0.00852323 0.00839715 0.00826032 0.00813585 0.0079826 0.00784105 0.00768116 0.00755122 0.00739525 0.00722008 0.00706329 0.00692761 0.00676511 0.00657618 0.00642293 0.00626942 0.00612943 0.00594293 0.00578058 0.00563195 0.00550411 0.00534995 0.00522134 0.00508786 0.00496812 0.00491759 0.00486949 0.00484877 0.00487603 0.00499926 0.00517155 0.0054481 0.00577294 0.00613904 0.00654214 0.00691671 0.00722088 0.00734302 0.00727176 0.00691365 0.00627034 0.0053345 0.00410882 0.00265469 0.00105255 -0.000583344 -0.00217682 -0.00357496 -0.0047675 -0.0056734 -0.00625139 -0.00655909 -0.00653962 -0.00628569 -0.00583918 -0.00523924 -0.00458761 -0.00390957 -0.0032556 -0.00266013 -0.00213058 -0.00167068 -0.00129385 -0.000981249 -0.00073072 -0.000547561 -0.000397929 -0.000298303 -0.000228891 -0.000174022 -0.000150745 -0.000128155 -0.00011719 -0.000119466 -0.000111384 -0.000116573 
0 2.31641e-05 3.73016e-05 7.32962e-05 0.000102249 0.000154563 0.000225568 0.000318301 0.000460526 0.000643077 0.000896235 0.00122156 0.00163857 0.00215577 0.00278375 0.00353789 0.00440411 0.00540266 0.0064887 0.00763931 0.00880058 0.00986961 0.0107849 0.0114264 0.0117189 0.0116034 0.011039 0.0100222 0.00858286 0.00678746 0.00471059 0.00252841 0.000370094 -0.00159635 -0.0032004 -0.00440598 -0.00514009 -0.00540261 -0.00525636 -0.00472766 -0.00389875 -0.00290843 -0.00183406 -0.000755763 0.000250051 0.00119366 0.00204731 0.00278121 0.00341632 0.00397441 0.0044834 0.00494912 0.00536918 0.00576224 0.00612961 0.00649646 0.00687718 0.00722544 0.00752934 0.0078664 0.00822112 0.00854046 0.00884109 0.00913994 0.00945042 0.0097622 0.0100505 0.0103101 0.0105974 0.0108794 0.0111398 0.0113866 0.0116368 0.01188 0.0121248 0.0123447 0.0125502 0.0127758 0.0129889 0.0131681 0.0133496 0.0135507 0.0137148 0.013868 0.0140264 0.0141843 0.0143102 0.0144419 0.0145617 0.0146792 0.0147764 0.0148734 0.0149532 0.0150391 0.0151003 0.0151573 0.0152055 0.0152559 0.0152746 0.0152986 0.0153148 0.015322 0.0153036 0.0152982 0.0152745 0.0152411 0.0151925 0.0151514 0.0150872 0.0150222 0.0149393 0.0148593 0.0147651 0.0146669 0.0145438 0.0144359 0.014315 0.0141727 0.0140206 0.0138931 0.0137334 0.0135529 0.013388 0.013227 0.0130308 0.0128326 0.0126443 0.0124437 0.0122374 0.0120172 0.0117934 0.0115772 0.011362 0.0111136 0.0108769 0.0106451 0.0104098 0.0101701 0.00992452 0.00966669 0.00944013 0.00921839 0.00896248 0.00872413 0.00851676 0.00830808 0.00809692 0.007911 0.00775863 0.00764691 0.00756749 0.00754588 0.00760985 0.00776844 0.00805605 0.00844816 0.00890633 0.00945764 0.0100501 0.0105949 0.0110244 0.0112096 0.0110417 0.0105012 0.00952772 0.00810031 0.00628507 0.00410818 0.00171246 -0.000738618 -0.00310357 -0.00522001 -0.006987 -0.00833155 -0.00922864 -0.00965872 -0.00966858 -0.00930622 -0.00863955 -0.00778358 -0.00680278 -0.00579848 -0.00482726 -0.0039319 -0.00314214 -0.00246267 -0.00190162 -0.0014358 -0.00107921 -0.00079306 -0.000581278 -0.000436486 -0.000316654 -0.000258683 -0.000206802 -0.000178716 -0.000176078 -0.000156072 -0.000171935 -0.000168254 
0 2.89396e-05 5.87028e-05 0.000102249 0.000153772 0.000228979 0.000329967 0.000469018 0.000663234 0.000916868 0.00125854 0.00169798 0.00225395 0.00295166 0.00379634 0.00480524 0.00598392 0.00731164 0.00877214 0.0103101 0.011836 0.0132709 0.01447 0.0153233 0.0157304 0.0155774 0.0148539 0.0135244 0.0116321 0.00927361 0.00655907 0.00369207 0.000869058 -0.00169148 -0.00382167 -0.00539862 -0.00637517 -0.00674686 -0.00654393 -0.00585085 -0.00476624 -0.00345475 -0.00202753 -0.000616419 0.000736318 0.00200933 0.00314617 0.00415091 0.00501293 0.0057617 0.00643643 0.00708365 0.00765541 0.00818194 0.00868502 0.009171 0.00966047 0.0101276 0.0105736 0.011003 0.0114447 0.0118691 0.012294 0.0126847 0.0130767 0.0134796 0.0138657 0.0142187 0.0145792 0.0149464 0.0152853 0.0156164 0.0159327 0.0162552 0.0165637 0.0168569 0.0171232 0.0174149 0.0176833 0.0179248 0.0181592 0.0184122 0.0186269 0.0188284 0.0190315 0.0192296 0.0193992 0.0195647 0.0197221 0.0198684 0.0199998 0.0201187 0.0202283 0.0203308 0.0204167 0.0204852 0.0205533 0.020609 0.0206433 0.0206679 0.0206936 0.0206962 0.0206832 0.0206677 0.0206436 0.0205959 0.0205415 0.020481 0.0204062 0.0203169 0.0202175 0.0201102 0.0199933 0.0198622 0.0197126 0.019569 0.0194126 0.0192322 0.0190415 0.0188701 0.018664 0.0184404 0.0182228 0.0180135 0.0177601 0.0175112 0.0172601 0.0170085 0.0167318 0.0164523 0.0161623 0.01589 0.0155955 0.0152748 0.0149701 0.0146814 0.014368 0.014032 0.0137177 0.0134073 0.0131082 0.0127787 0.0124542 0.0121522 0.011877 0.0115894 0.0113174 0.0110605 0.0108442 0.0107071 0.0106089 0.0105748 0.0106458 0.0108656 0.0112238 0.0117389 0.0123587 0.0130673 0.0138235 0.0145208 0.0150503 0.0152505 0.0150233 0.0142684 0.0129456 0.011042 0.00859606 0.00570334 0.00252885 -0.000720642 -0.00385495 -0.0066552 -0.00901266 -0.0108143 -0.0120055 -0.0126095 -0.0126273 -0.0121599 -0.0113045 -0.0101727 -0.00890213 -0.00758782 -0.0063149 -0.00514597 -0.00410714 -0.00321218 -0.00246974 -0.00185959 -0.00137915 -0.00101101 -0.000731281 -0.000536297 -0.000397037 -0.000306792 -0.000252895 -0.000220633 -0.000207294 -0.000202308 -0.000208045 -0.000215417 
0 4.54915e-05 9.46405e-05 0.000154563 0.000228979 0.000328726 0.000464747 0.000649519 0.000900335 0.0012337 0.00167305 0.00223895 0.00295154 0.00383702 0.00490808 0.00617943 0.00765881 0.00932336 0.0111489 0.0130665 0.0149727 0.0167569 0.0182535 0.0193231 0.0198337 0.0196676 0.0187866 0.0171677 0.0148598 0.0119718 0.00865927 0.00514855 0.00169311 -0.00144833 -0.00406875 -0.00601317 -0.0072201 -0.00768338 -0.00744158 -0.00659519 -0.00527367 -0.00365271 -0.00188732 -0.000120011 0.00158048 0.00317068 0.00460242 0.00586866 0.00696502 0.0079244 0.00878811 0.00959142 0.0103157 0.0109809 0.0116147 0.0122296 0.0128362 0.013414 0.0139674 0.0145063 0.0150503 0.0155781 0.0160898 0.0165763 0.0170614 0.0175494 0.0180144 0.0184533 0.0188899 0.019329 0.0197424 0.0201412 0.0205251 0.0209103 0.0212794 0.0216289 0.0219585 0.0222969 0.0226161 0.022909 0.0231938 0.0234818 0.0237433 0.0239857 0.0242256 0.0244547 0.0246626 0.0248567 0.0250435 0.025215 0.0253727 0.0255126 0.0256443 0.0257626 0.0258658 0.0259491 0.026029 0.026092 0.0261371 0.0261674 0.0261949 0.026199 0.0261887 0.0261684 0.0261394 0.0260862 0.0260244 0.0259511 0.0258655 0.0257603 0.025646 0.0255192 0.0253823 0.025226 0.0250572 0.0248837 0.0246977 0.0244876 0.0242703 0.0240559 0.0238163 0.0235573 0.0233 0.023041 0.0227506 0.0224536 0.022154 0.0218504 0.0215237 0.0211883 0.0208453 0.0205105 0.0201548 0.0197794 0.0194079 0.0190477 0.0186696 0.0182731 0.0178832 0.0175014 0.0171257 0.0167308 0.0163378 0.0159622 0.0156102 0.0152584 0.0149223 0.0146099 0.0143493 0.0141648 0.0140432 0.0140083 0.0141045 0.0143758 0.0148197 0.0154391 0.0161949 0.0170534 0.0179547 0.0187798 0.0193777 0.0195722 0.0192327 0.0182443 0.0165566 0.0141604 0.0110997 0.0075018 0.00356232 -0.000472603 -0.00435417 -0.00784007 -0.01077 -0.0130179 -0.0145198 -0.0152878 -0.0153461 -0.0148006 -0.0137761 -0.0124098 -0.0108625 -0.00925588 -0.00769584 -0.00625768 -0.00497917 -0.00388028 -0.00296452 -0.00221923 -0.00162947 -0.00117896 -0.000841614 -0.000601312 -0.000438136 -0.000329807 -0.000267258 -0.000235235 -0.000222566 -0.00022491 -0.000234062 -0.000249604 
0 6.80065e-05 0.000137916 0.000225568 0.000329967 0.000464747 0.000647131 0.000883947 0.00120143 0.0016235 0.00216848 0.00286763 0.00374921 0.00482774 0.0061357 0.00768439 0.0094629 0.0114812 0.0136695 0.0159598 0.0182559 0.0203662 0.0221656 0.0234517 0.0240591 0.0239064 0.0228767 0.0209959 0.0183086 0.014929 0.0110636 0.0069623 0.00292507 -0.000767847 -0.00383484 -0.00614193 -0.00757551 -0.00812373 -0.00786411 -0.00687587 -0.00533711 -0.00342323 -0.00134507 0.000783866 0.00282581 0.00472588 0.00646915 0.00799448 0.00933303 0.0105104 0.0115795 0.0125255 0.0134103 0.0142204 0.0149767 0.0157177 0.0164379 0.0171264 0.0177646 0.0184164 0.0190536 0.0196783 0.0202525 0.0208331 0.0214039 0.0219614 0.0224901 0.0230035 0.023511 0.0240014 0.0244824 0.0249296 0.025379 0.0258055 0.0262293 0.0266166 0.0270077 0.0273727 0.027736 0.028067 0.0283964 0.0287038 0.029005 0.0292794 0.029547 0.029798 0.0300354 0.0302531 0.0304593 0.0306522 0.0308261 0.0309866 0.0311309 0.0312642 0.0313756 0.0314775 0.0315598 0.0316327 0.0316825 0.0317244 0.0317455 0.0317577 0.0317465 0.0317281 0.0316894 0.0316404 0.0315695 0.0314914 0.0313944 0.031284 0.0311558 0.0310191 0.0308654 0.0306942 0.0305124 0.0303176 0.030109 0.0298794 0.029647 0.0293946 0.0291348 0.0288496 0.0285673 0.0282612 0.0279538 0.0276149 0.0272847 0.0269313 0.0265764 0.0261919 0.0258157 0.0254195 0.0250209 0.0246059 0.0241826 0.0237527 0.0233214 0.0228893 0.0224303 0.021983 0.0215336 0.0211014 0.0206395 0.020198 0.0197734 0.0193742 0.0189702 0.0186114 0.0183214 0.0180822 0.0179441 0.0179169 0.0180492 0.018357 0.0188978 0.0196103 0.0204867 0.0214873 0.0225082 0.0234276 0.0240563 0.0242238 0.0237278 0.0224927 0.0204246 0.0175157 0.0138501 0.00955319 0.0048668 6.69952e-05 -0.00453413 -0.00870093 -0.0121892 -0.0148789 -0.0167121 -0.0176392 -0.0177677 -0.0171662 -0.0159885 -0.0144276 -0.0126212 -0.0107497 -0.00892779 -0.00723587 -0.00573502 -0.00444612 -0.00336639 -0.00249247 -0.00180618 -0.00127295 -0.000887964 -0.00061041 -0.000420518 -0.000311809 -0.000238412 -0.000210988 -0.0002097 -0.000212191 -0.000240607 -0.00026329 
0 9.48375e-05 0.000205352 0.000318301 0.000469018 0.000649519 0.000883947 0.00119261 0.00158992 0.00211279 0.00277521 0.00362308 0.00467107 0.00596239 0.00751602 0.00933821 0.0114562 0.0138093 0.0163786 0.0190566 0.0216975 0.024169 0.0262357 0.0277311 0.0284717 0.0283099 0.0271791 0.0250634 0.0220237 0.0181986 0.013839 0.0091925 0.00462592 0.000462278 -0.00305981 -0.00568289 -0.00734228 -0.00801354 -0.00772379 -0.00662111 -0.00488813 -0.00271092 -0.000314222 0.00211766 0.00450324 0.00673256 0.00875927 0.0105699 0.0121579 0.0135506 0.0147886 0.0159241 0.0169577 0.0178999 0.01879 0.019642 0.0204425 0.0212248 0.0220001 0.0227195 0.0234107 0.0241043 0.0247819 0.0254255 0.0260453 0.0266493 0.0272439 0.0278223 0.0283643 0.0288987 0.0294199 0.0299197 0.0303971 0.0308672 0.0313098 0.0317416 0.03216 0.0325541 0.0329309 0.0333016 0.0336504 0.0339744 0.0342948 0.0345956 0.0348767 0.0351404 0.0353973 0.0356273 0.0358487 0.0360489 0.0362379 0.0364049 0.0365648 0.0366969 0.0368228 0.0369285 0.0370214 0.0370888 0.0371547 0.0371945 0.037221 0.0372287 0.0372314 0.0372039 0.0371697 0.0371168 0.0370528 0.0369631 0.0368701 0.0367525 0.0366252 0.0364783 0.0363218 0.0361412 0.0359576 0.0357505 0.0355289 0.0352949 0.0350527 0.0347822 0.0345049 0.0342194 0.0339116 0.0335882 0.0332595 0.0329137 0.0325493 0.0321829 0.0317929 0.0313917 0.0309858 0.030569 0.0301243 0.0296797 0.029228 0.0287711 0.0282962 0.0277999 0.0273128 0.0268435 0.0263469 0.0258266 0.0253386 0.0248599 0.0243809 0.0239218 0.0234866 0.0230812 0.0227422 0.0224994 0.0223562 0.0223398 0.0224958 0.0228783 0.0234775 0.0242956 0.0253109 0.0264151 0.0275312 0.0285123 0.0291392 0.0292171 0.0285823 0.027054 0.0245812 0.0211778 0.016876 0.0119049 0.00649829 0.000964804 -0.00434358 -0.00914648 -0.0132009 -0.0163438 -0.0184802 -0.0196262 -0.0198121 -0.0191785 -0.0179004 -0.0161407 -0.0141341 -0.0120224 -0.00996012 -0.00804971 -0.006339 -0.00487313 -0.00364208 -0.00265297 -0.00186612 -0.00127528 -0.000842189 -0.000530831 -0.000341957 -0.000211095 -0.00015672 -0.000137477 -0.000135381 -0.000175548 -0.000197674 -0.000247787 
0 0.000141828 0.000297395 0.000460526 0.000663234 0.000900335 0.00120143 0.00158992 0.00207799 0.00271639 0.00351653 0.00452475 0.00577793 0.00728875 0.00910527 0.011229 0.0136537 0.0163741 0.0193036 0.0223495 0.0253772 0.0281613 0.030528 0.0322385 0.033085 0.0329596 0.0317235 0.0294047 0.0260666 0.021855 0.0170449 0.0119282 0.0068829 0.00224763 -0.00165099 -0.00460482 -0.00647891 -0.00724062 -0.00696684 -0.00577791 -0.00388226 -0.00147388 0.00118741 0.00396009 0.00666413 0.00918622 0.0115123 0.0135748 0.0154026 0.0170226 0.0184703 0.0197323 0.0209053 0.0219784 0.0229749 0.0239301 0.0248279 0.025689 0.026503 0.027308 0.0280776 0.0288318 0.0295234 0.0302251 0.0309035 0.0315442 0.0321591 0.0327707 0.0333521 0.0339034 0.034451 0.0349623 0.0354722 0.0359468 0.0364089 0.0368451 0.0372911 0.0376795 0.0380695 0.0384465 0.0388106 0.0391278 0.0394586 0.0397647 0.0400502 0.0403132 0.0405744 0.040809 0.0410308 0.041234 0.0414209 0.0415959 0.0417536 0.0418889 0.0420119 0.0421289 0.0422152 0.0422878 0.0423536 0.0424039 0.0424217 0.0424394 0.042443 0.0424226 0.0423825 0.0423428 0.0422783 0.0421945 0.0421005 0.041994 0.0418669 0.0417259 0.0415707 0.0413973 0.0412186 0.0410128 0.040794 0.0405654 0.0403317 0.0400526 0.039784 0.0395006 0.0391989 0.0388603 0.0385467 0.0381939 0.0378324 0.0374484 0.0370698 0.036658 0.0362499 0.0358064 0.0353636 0.0349202 0.0344475 0.0339501 0.0334656 0.0329853 0.0324593 0.0319409 0.0314108 0.0309059 0.0303804 0.0298581 0.0293376 0.0288611 0.0283935 0.0279816 0.0276461 0.0273674 0.027233 0.0272614 0.0274854 0.0279238 0.0286306 0.029537 0.030646 0.0318681 0.0330573 0.0340661 0.0346565 0.0346325 0.0337674 0.031942 0.0290573 0.0251253 0.0202448 0.0146101 0.00850798 0.00227352 -0.00370605 -0.00914395 -0.0137277 -0.0173004 -0.0197779 -0.0211089 -0.0214144 -0.0207894 -0.0194242 -0.0175482 -0.0153448 -0.0130282 -0.0107563 -0.00862975 -0.0067375 -0.00511078 -0.00374601 -0.00265422 -0.00179349 -0.00114165 -0.000677707 -0.00035002 -0.000147598 -3.19688e-05 1.80623e-05 1.75691e-05 -8.5792e-06 -5.83107e-05 -0.000115639 -0.000182114 
0 0.000199423 0.000416054 0.000643077 0.000916868 0.0012337 0.0016235 0.00211279 0.00271639 0.00348537 0.00443924 0.00562667 0.00708178 0.00883527 0.010926 0.0133569 0.0161323 0.0192129 0.0225244 0.0259499 0.0293237 0.0324381 0.0350685 0.0369818 0.037962 0.0378626 0.0365651 0.0340769 0.0304725 0.0259216 0.0207248 0.0151927 0.00973292 0.00471074 0.000442934 -0.00280584 -0.00490344 -0.0058028 -0.00555865 -0.00431778 -0.00229626 0.000296939 0.00320415 0.00623826 0.00923558 0.0120545 0.0146516 0.0169769 0.0190428 0.0208665 0.0224751 0.0238976 0.025197 0.026381 0.0274752 0.0285023 0.0294483 0.0303654 0.031255 0.032095 0.0328797 0.0336508 0.0343898 0.0351136 0.0357972 0.0364369 0.0370689 0.0376929 0.0382736 0.0388211 0.0393648 0.0398814 0.0403852 0.0408555 0.0413032 0.0417412 0.042177 0.0425589 0.0429324 0.0433087 0.0436601 0.0439691 0.0442856 0.044588 0.0448616 0.0451162 0.0453658 0.0455952 0.0458085 0.0460032 0.0461822 0.0463533 0.0465059 0.0466336 0.0467542 0.04687 0.0469538 0.0470223 0.0470921 0.0471431 0.0471615 0.0471813 0.0471935 0.0471759 0.0471412 0.04711 0.0470563 0.0469789 0.0468953 0.0468022 0.0466871 0.0465575 0.0464156 0.0462597 0.0460942 0.0459041 0.0456991 0.0454927 0.0452722 0.0450111 0.0447566 0.0444995 0.0442091 0.0438898 0.0435907 0.0432649 0.0429142 0.0425494 0.0421834 0.041795 0.0414015 0.0409747 0.0405397 0.0401095 0.0396581 0.0391751 0.0386925 0.0382063 0.0377023 0.0371983 0.0366668 0.0361397 0.0356251 0.0351101 0.0345845 0.0340988 0.0336381 0.0332285 0.032895 0.0326528 0.0325576 0.0326417 0.0329347 0.033465 0.0342599 0.0352828 0.0365123 0.03782 0.039062 0.0400644 0.0405865 0.0404171 0.0393395 0.0371875 0.0338779 0.0294365 0.0239597 0.0176947 0.0109373 0.00404588 -0.00257324 -0.00859863 -0.0137121 -0.0177224 -0.0205235 -0.0220892 -0.0225072 -0.0219126 -0.020508 -0.0185204 -0.0161812 -0.0136959 -0.0112455 -0.00894942 -0.0068934 -0.00512528 -0.00364438 -0.00245992 -0.00153218 -0.000840171 -0.000349886 -1.65868e-05 0.000175464 0.000280191 0.000303771 0.000277422 0.000224196 0.000137624 5.33003e-05 -4.77788e-05 
0 0.000282325 0.000581948 0.000896235 0.00125854 0.00167305 0.00216848 0.00277521 0.00351653 0.00443924 0.00557302 0.00696583 0.0086504 0.0106712 0.0130541 0.0158049 0.0189344 0.022375 0.0260641 0.0298647 0.033582 0.0370242 0.0399172 0.0420322 0.0431476 0.043079 0.0417388 0.0391097 0.0352846 0.0304533 0.0249259 0.0190399 0.013211 0.00783668 0.00322876 -0.000302573 -0.00262091 -0.00366951 -0.00348876 -0.00224777 -0.000152684 0.0025665 0.00567502 0.00893838 0.0121939 0.0152766 0.0181094 0.0206685 0.0229476 0.0249657 0.026723 0.0282795 0.0296693 0.0309355 0.0321018 0.0331785 0.0341604 0.035095 0.03601 0.0368582 0.0376546 0.0384143 0.0391564 0.0398666 0.0405398 0.0411622 0.0417765 0.0423788 0.0429372 0.0434635 0.0439738 0.0444714 0.0449433 0.0453898 0.0458013 0.0462198 0.0466189 0.0469794 0.0473179 0.0476715 0.0479908 0.0482794 0.0485633 0.0488441 0.0490929 0.049326 0.0495501 0.0497616 0.0499559 0.0501312 0.0502942 0.050451 0.0505913 0.0507053 0.0508187 0.0509248 0.0510046 0.0510665 0.0511369 0.0511851 0.051208 0.0512286 0.0512495 0.0512372 0.0512141 0.0511922 0.051155 0.0510906 0.0510248 0.0509509 0.050858 0.0507485 0.0506311 0.0505037 0.0503627 0.0502016 0.0500266 0.0498552 0.049661 0.0494391 0.0492156 0.0489992 0.0487392 0.0484643 0.0481957 0.0479179 0.0475991 0.0472784 0.0469477 0.0466086 0.0462459 0.0458629 0.0454686 0.045079 0.0446635 0.0442177 0.0437748 0.0433228 0.0428604 0.0423781 0.0418836 0.0413841 0.0409106 0.0404178 0.039919 0.0394567 0.0390439 0.0386809 0.0383867 0.038208 0.0381814 0.0383637 0.0387668 0.0394256 0.040331 0.0414815 0.0428238 0.0442134 0.0455004 0.0464764 0.0469085 0.046561 0.0452372 0.0427387 0.0390046 0.0340675 0.0280321 0.0211786 0.013809 0.00630947 -0.000910681 -0.00748338 -0.0130952 -0.0175232 -0.0206419 -0.0224552 -0.0230142 -0.0224914 -0.0210926 -0.0190395 -0.016603 -0.0139824 -0.0113803 -0.00893747 -0.00674045 -0.00485083 -0.00327575 -0.00201677 -0.00103964 -0.000323928 0.000179449 0.000506114 0.000678388 0.000757607 0.0007425 0.000677614 0.000583378 0.000451861 0.000329509 0.000187594 
0 0.000388897 0.000792715 0.00122156 0.00169798 0.00223895 0.00286763 0.00362308 0.00452475 0.00562667 0.00696583 0.00857493 0.0105263 0.012824 0.0155188 0.018625 0.022097 0.0259328 0.0299931 0.0341511 0.0382305 0.0419532 0.0451123 0.047421 0.0486501 0.0486395 0.0472628 0.0445216 0.0405152 0.0354586 0.0296398 0.023469 0.0173301 0.0116202 0.00673293 0.00290291 0.00034877 -0.000867299 -0.000811009 0.00037385 0.00248238 0.00527053 0.00848949 0.0119498 0.0154005 0.0186945 0.0217458 0.024503 0.0269623 0.02914 0.0310479 0.0326847 0.0341486 0.0354738 0.0366742 0.0377569 0.038757 0.0396891 0.04056 0.0413955 0.0421761 0.0429058 0.043588 0.0442638 0.0448985 0.0454844 0.0460397 0.0465895 0.0471086 0.0475852 0.0480431 0.048487 0.0489173 0.0493062 0.0496782 0.0500409 0.0503966 0.0507073 0.0510097 0.0513079 0.0515908 0.0518379 0.0520833 0.0523202 0.0525386 0.0527354 0.0529257 0.0531072 0.0532731 0.0534219 0.0535604 0.0536966 0.053814 0.0539155 0.0540117 0.0541064 0.0541748 0.0542359 0.0542959 0.0543456 0.0543693 0.0543972 0.0544184 0.0544215 0.0544087 0.0544026 0.0543801 0.0543408 0.0542942 0.0542475 0.054182 0.0541032 0.054018 0.0539276 0.0538223 0.0536989 0.0535713 0.0534394 0.0532907 0.0531163 0.052949 0.0527729 0.0525732 0.0523498 0.0521413 0.0519135 0.0516627 0.0513918 0.0511315 0.0508537 0.0505528 0.0502265 0.0499087 0.0495886 0.0492312 0.0488467 0.0484721 0.048109 0.0477016 0.0472704 0.0468428 0.0464399 0.0460146 0.04558 0.0451561 0.0447651 0.0444227 0.044149 0.0439561 0.0438584 0.0439564 0.0442779 0.0448345 0.0456329 0.0467019 0.0479956 0.0494454 0.0509404 0.052253 0.0531867 0.0535099 0.0529863 0.05138 0.0485539 0.0444122 0.0389789 0.0324514 0.0250419 0.0171171 0.00907305 0.00130881 -0.00577516 -0.0118448 -0.016667 -0.0201234 -0.022162 -0.0229036 -0.0224777 -0.0210975 -0.0190455 -0.0165254 -0.0138169 -0.011105 -0.00853311 -0.0062353 -0.00424096 -0.00259191 -0.0012757 -0.000266026 0.000464342 0.000961453 0.00126251 0.00141294 0.00143829 0.00138445 0.00126821 0.00111024 0.000940997 0.000749014 0.00056332 
0 0.000526485 0.00106045 0.00163857 0.00225395 0.00295154 0.00374921 0.00467107 0.00577793 0.00708178 0.0086504 0.0105263 0.0127381 0.0153561 0.0183794 0.0218308 0.0257018 0.0298991 0.0343498 0.0388774 0.0432613 0.0472943 0.0506717 0.0531535 0.0545126 0.0545337 0.0531452 0.0503165 0.0461593 0.0409014 0.0348622 0.0284317 0.0220197 0.0160522 0.0108567 0.00675937 0.00394864 0.00249585 0.00238256 0.00345125 0.00549457 0.00826603 0.0115621 0.0150935 0.0186833 0.0221548 0.0253583 0.0282842 0.0309004 0.0332 0.0351747 0.0369115 0.0384125 0.0397552 0.0409601 0.0420268 0.0429807 0.0438606 0.044719 0.0454917 0.0461937 0.0468364 0.0474934 0.0480921 0.0486428 0.0491489 0.0496469 0.0501227 0.0505639 0.0509715 0.0513516 0.0517384 0.0520853 0.0524164 0.0527142 0.0530247 0.0532964 0.0535651 0.0537981 0.0540436 0.0542588 0.0544694 0.0546513 0.0548436 0.0550113 0.0551702 0.0553131 0.0554589 0.0555858 0.0557024 0.0558125 0.0559175 0.0560104 0.0560922 0.0561729 0.0562435 0.0563068 0.0563589 0.056413 0.0564537 0.0564897 0.0565162 0.0565445 0.0565576 0.0565673 0.05657 0.0565713 0.0565577 0.0565399 0.0565194 0.0564907 0.0564493 0.0564024 0.0563576 0.0562935 0.0562233 0.0561451 0.0560715 0.0559678 0.0558685 0.0557537 0.0556463 0.0555034 0.0553694 0.0552125 0.0550698 0.0548876 0.0547083 0.054511 0.0543268 0.0541036 0.0538764 0.0536374 0.0533959 0.0531419 0.0528671 0.0525764 0.0522757 0.0519972 0.0516762 0.051346 0.0510059 0.050705 0.0503828 0.0500666 0.0497763 0.0495639 0.04941 0.0493353 0.0494253 0.0496847 0.0501789 0.0509214 0.0519291 0.0531605 0.0546433 0.0562492 0.0578132 0.0591652 0.0600495 0.0602527 0.0595309 0.057685 0.0545149 0.0499812 0.0441256 0.0371095 0.0292319 0.0208246 0.0122987 0.00406122 -0.00346541 -0.00996308 -0.0151606 -0.0189096 -0.0212194 -0.0221223 -0.0218153 -0.020516 -0.018453 -0.0159265 -0.0131551 -0.0103538 -0.00770917 -0.00531 -0.0032422 -0.00153785 -0.000175914 0.000845742 0.00157475 0.00205418 0.00231647 0.00242027 0.00239315 0.00227319 0.0020938 0.00187104 0.00162911 0.00137768 0.00112611 
0 0.000696692 0.00140376 0.00215577 0.00295166 0.00383702 0.00482774 0.00596239 0.00728875 0.00883527 0.0106712 0.012824 0.0153561 0.0183009 0.0216785 0.0255124 0.0297458 0.0343362 0.0391496 0.0440137 0.0487259 0.053011 0.0566135 0.059257 0.0607049 0.0607667 0.0593511 0.0564395 0.0521567 0.0467485 0.0405054 0.0338709 0.02722 0.0209701 0.0155131 0.0111146 0.00802273 0.00631597 0.00596339 0.00682703 0.00872096 0.0113991 0.0146454 0.0182207 0.0218743 0.0254362 0.0287492 0.0317836 0.034493 0.0368787 0.0389423 0.0406978 0.0422022 0.0435295 0.0446994 0.045709 0.0466263 0.047437 0.0481768 0.0488645 0.0495027 0.0500711 0.0506045 0.0511018 0.0515668 0.0520022 0.0523918 0.052765 0.0531203 0.0534466 0.0537373 0.054032 0.0542952 0.0545411 0.0547708 0.0549923 0.0551877 0.0553828 0.0555564 0.0557181 0.0558733 0.0560206 0.0561472 0.0562725 0.0563925 0.0564964 0.0565955 0.0566916 0.0567778 0.0568551 0.0569353 0.0570024 0.0570666 0.0571287 0.0571885 0.0572343 0.057288 0.0573351 0.0573762 0.0574117 0.0574564 0.0574866 0.0575161 0.0575457 0.0575764 0.0575923 0.0576158 0.0576345 0.0576477 0.0576556 0.057669 0.0576692 0.0576684 0.0576679 0.0576597 0.0576417 0.057629 0.0576088 0.057574 0.0575431 0.0575073 0.0574592 0.0574041 0.0573515 0.0572803 0.0572125 0.0571308 0.05704 0.0569426 0.0568526 0.0567263 0.0566021 0.0564814 0.0563502 0.0561886 0.056029 0.0558664 0.0557053 0.0555228 0.0553105 0.0551198 0.0549439 0.0547544 0.0545554 0.0543944 0.0542576 0.0542054 0.0542339 0.0543551 0.0546214 0.0551072 0.0558402 0.0568294 0.0580721 0.0595394 0.0612149 0.062963 0.0646483 0.066031 0.0668755 0.0669624 0.0660509 0.0639297 0.0604571 0.0555759 0.0493255 0.0419372 0.0336467 0.0248349 0.0159154 0.0072775 -0.000629144 -0.00747848 -0.0129978 -0.0170392 -0.0195734 -0.0206812 -0.0205165 -0.0193006 -0.017301 -0.0147601 -0.0119622 -0.00910739 -0.00638464 -0.00392974 -0.00179847 -5.35307e-05 0.00132872 0.00235361 0.00306602 0.00351282 0.00372487 0.00377256 0.00366966 0.00347703 0.00321723 0.00290852 0.00259525 0.00225904 0.00193862 
0 0.000903772 0.00181765 0.00278375 0.00379634 0.00490808 0.0061357 0.00751602 0.00910527 0.010926 0.0130541 0.0155188 0.0183794 0.0216785 0.0254257 0.0296432 0.034268 0.0392412 0.0444192 0.0496106 0.054605 0.059118 0.0628934 0.0656561 0.0671698 0.0672511 0.0658026 0.0628177 0.0584209 0.0528661 0.0464566 0.0396295 0.0327669 0.026276 0.0205463 0.0158434 0.012428 0.0103903 0.00971951 0.0103051 0.0119591 0.0144562 0.0175746 0.0210718 0.0247012 0.0282895 0.0316601 0.0347614 0.0375363 0.0399576 0.0420428 0.043807 0.0453024 0.0465886 0.047693 0.0486209 0.0494416 0.0501555 0.0507966 0.0513776 0.0518868 0.0523393 0.0527683 0.0531558 0.0534987 0.0538235 0.0541086 0.0543749 0.0546245 0.0548481 0.0550446 0.0552415 0.0554085 0.0555632 0.0557141 0.055845 0.0559549 0.0560744 0.0561788 0.0562599 0.0563453 0.056429 0.0564944 0.0565553 0.0566185 0.0566696 0.0567211 0.056768 0.056808 0.0568485 0.0568951 0.0569247 0.0569578 0.0570012 0.0570377 0.0570596 0.0571021 0.0571445 0.0571719 0.057203 0.0572551 0.0572901 0.0573206 0.0573673 0.0574185 0.0574496 0.0574941 0.0575475 0.0575916 0.0576298 0.0576841 0.057731 0.0577745 0.0578217 0.0578693 0.0579102 0.057959 0.0579992 0.058034 0.0580781 0.058118 0.0581406 0.0581728 0.0582098 0.0582247 0.0582424 0.0582657 0.058275 0.0582771 0.0582903 0.0582821 0.0582739 0.0582669 0.0582514 0.058225 0.058206 0.0581661 0.0581323 0.0581032 0.0580556 0.0580075 0.0579775 0.0579495 0.0579335 0.0579564 0.0580084 0.0581488 0.0583853 0.058743 0.0592721 0.06003 0.0610296 0.0622982 0.0638161 0.065548 0.0674577 0.0693882 0.0711813 0.0725994 0.0734065 0.0733791 0.0722979 0.0699479 0.0662035 0.0610192 0.0544509 0.0467414 0.0381378 0.0290238 0.0198019 0.010867 0.0026581 -0.00448641 -0.0102846 -0.0145804 -0.0173312 -0.0186193 -0.0185923 -0.0174767 -0.0155374 -0.0130216 -0.0102178 -0.00733053 -0.00456329 -0.00205587 0.000118504 0.00189504 0.00329328 0.00430799 0.00499424 0.0053946 0.00554523 0.00552291 0.00533841 0.00506154 0.00471217 0.00431092 0.00390656 0.00347737 0.00306899 
0 0.0011541 0.0023139 0.00353789 0.00480524 0.00617943 0.00768439 0.00933821 0.011229 0.0133569 0.0158049 0.018625 0.0218308 0.0255124 0.0296432 0.0342335 0.039258 0.0445786 0.0500973 0.055592 0.0608196 0.0655424 0.0694474 0.0722917 0.073837 0.0738956 0.0723851 0.0693096 0.0648024 0.0591013 0.0525567 0.0455423 0.0384698 0.0317483 0.0257155 0.0207012 0.0169295 0.0145133 0.0134587 0.0136826 0.0149989 0.0172087 0.0201199 0.0234416 0.0269767 0.0305151 0.0338733 0.0369762 0.0397675 0.0422001 0.0442696 0.0460283 0.0474779 0.0486941 0.0497052 0.050552 0.0512632 0.0518578 0.0523802 0.0528311 0.0532166 0.0535453 0.0538613 0.0541129 0.0543375 0.0545446 0.0547266 0.0548727 0.0550101 0.0551296 0.0552307 0.0553256 0.0553885 0.0554561 0.0555185 0.0555642 0.0555813 0.0556289 0.0556542 0.0556653 0.0556716 0.0556961 0.0556954 0.0556998 0.0556986 0.055703 0.0557035 0.0557056 0.0556969 0.0557045 0.0557151 0.055711 0.0557131 0.055738 0.0557511 0.0557527 0.055783 0.0558195 0.0558359 0.0558635 0.0559206 0.0559605 0.0559944 0.0560564 0.0561261 0.0561743 0.0562389 0.0563252 0.0563989 0.0564692 0.0565606 0.0566561 0.0567404 0.0568371 0.0569367 0.0570416 0.0571438 0.0572509 0.0573513 0.0574753 0.0575823 0.0576872 0.0577997 0.0579328 0.0580295 0.0581425 0.058264 0.0583847 0.0584853 0.0586048 0.0587158 0.0588328 0.0589464 0.0590476 0.0591604 0.0592829 0.0593908 0.0594866 0.0596172 0.0597328 0.0598548 0.0599857 0.0601458 0.060321 0.0605405 0.0608177 0.0611912 0.061678 0.0623001 0.0631393 0.0641971 0.0655173 0.0671131 0.0689544 0.0709747 0.0731326 0.0752641 0.0771627 0.078641 0.0794202 0.0792891 0.0780396 0.0754857 0.0714988 0.0660676 0.0592797 0.0513252 0.0425221 0.0332044 0.0237748 0.0146503 0.00623441 -0.00111505 -0.00712011 -0.0116077 -0.0145571 -0.0160029 -0.0161165 -0.0151201 -0.0132326 -0.0107671 -0.00795467 -0.00503698 -0.00224086 0.000328231 0.00253235 0.00433731 0.00574862 0.00674796 0.00740978 0.00775967 0.00784728 0.00774403 0.0074706 0.0070934 0.00664029 0.00613869 0.0056273 0.00510576 0.00460129 
0 0.00143808 0.00290582 0.00440411 0.00598392 0.00765881 0.0094629 0.0114562 0.0136537 0.0161323 0.0189344 0.022097 0.0257018 0.0297458 0.034268 0.039258 0.0446283 0.050316 0.0561294 0.0618715 0.0673152 0.0721558 0.0761475 0.0790173 0.0805306 0.0805303 0.0789288 0.0757373 0.0711007 0.065278 0.058568 0.0513931 0.0441279 0.0371428 0.0308367 0.0254709 0.0212982 0.0184532 0.0169489 0.0167101 0.0176101 0.0194618 0.0220282 0.0251211 0.0284702 0.0318747 0.0351722 0.0382438 0.0409984 0.0434007 0.0454718 0.0471734 0.0485756 0.0497153 0.0506333 0.0513597 0.051971 0.0524625 0.0528284 0.0531395 0.0534065 0.0536388 0.0537949 0.0539218 0.054028 0.0541381 0.0541954 0.0542303 0.054259 0.0542832 0.0542936 0.0542822 0.0542604 0.0542356 0.0542274 0.0541785 0.054132 0.0540915 0.0540631 0.0539951 0.0539481 0.0538985 0.0538573 0.0537961 0.0537508 0.0537006 0.0536678 0.0536195 0.0535779 0.0535485 0.053532 0.0534951 0.0534754 0.0534782 0.0534735 0.0534593 0.0534784 0.053507 0.0535172 0.0535436 0.0536013 0.053647 0.0536874 0.0537612 0.0538456 0.0539114 0.0539964 0.0541069 0.054211 0.0543083 0.0544365 0.0545687 0.0546987 0.0548307 0.0549875 0.0551388 0.0553014 0.055455 0.0556331 0.0558105 0.0559957 0.0561608 0.0563658 0.0565644 0.056759 0.0569448 0.0571706 0.0573797 0.057591 0.0578027 0.0580294 0.0582596 0.0584957 0.0587259 0.0589559 0.0592159 0.0594727 0.0597371 0.0599882 0.0602734 0.0605781 0.0609087 0.06123 0.0616129 0.0620669 0.0625816 0.0632003 0.0639672 0.0649104 0.0660471 0.0674627 0.0691358 0.0710768 0.0732511 0.0756045 0.0780105 0.0803266 0.0823741 0.0838801 0.0846413 0.0844244 0.0830285 0.0802876 0.0761282 0.0705196 0.0635634 0.0555017 0.0465736 0.0371664 0.027659 0.0184367 0.00992049 0.00245559 -0.00368339 -0.0083237 -0.0113994 -0.0129928 -0.0132213 -0.0122986 -0.0104953 -0.00803573 -0.00522508 -0.00229063 0.000572098 0.00317196 0.00543557 0.0072813 0.00869585 0.00970888 0.0103349 0.0106403 0.010672 0.010481 0.010127 0.00964908 0.0090912 0.0084869 0.00786176 0.00723657 0.00662509 
0 0.00177194 0.00356133 0.00540266 0.00731164 0.00932336 0.0114812 0.0138093 0.0163741 0.0192129 0.022375 0.0259328 0.0298991 0.0343362 0.0392412 0.0445786 0.050316 0.0562937 0.0623741 0.0683327 0.0738969 0.0788268 0.0828234 0.0856458 0.0870768 0.0869615 0.0852178 0.0818903 0.0771166 0.0711268 0.0642901 0.0569276 0.0494583 0.0422519 0.035626 0.029913 0.0253127 0.0219819 0.0199511 0.0192032 0.0196005 0.0209906 0.0231817 0.0259175 0.0290036 0.0322184 0.0354022 0.038384 0.0410988 0.043462 0.0454586 0.0471338 0.0484898 0.0495567 0.0503725 0.0510214 0.0514988 0.0518669 0.0521381 0.0523369 0.0524638 0.0525554 0.0526228 0.0526436 0.052638 0.0526156 0.052595 0.0525344 0.0524681 0.0523929 0.0523284 0.0522325 0.0521324 0.0520347 0.0519497 0.0518399 0.0517245 0.051625 0.0515298 0.0514201 0.0513076 0.0512154 0.0511211 0.0510262 0.0509264 0.0508495 0.0507722 0.0506986 0.0506194 0.0505716 0.05052 0.0504706 0.0504261 0.0504159 0.0503906 0.0503754 0.0503776 0.0504028 0.0504076 0.0504401 0.0504895 0.0505457 0.0505916 0.0506778 0.050766 0.0508564 0.0509529 0.0510869 0.0512085 0.0513407 0.0514873 0.0516594 0.0518167 0.0519927 0.0521808 0.0523875 0.0525832 0.0527953 0.0530203 0.0532618 0.0534916 0.053733 0.0539965 0.054268 0.0545285 0.0547993 0.0551001 0.0553983 0.0556933 0.0559937 0.0563315 0.0566633 0.0569957 0.0573288 0.05771 0.0580892 0.0584654 0.0588462 0.0592802 0.0597336 0.0601864 0.0606648 0.0612017 0.0618069 0.0624667 0.0632371 0.0641142 0.0651638 0.0664245 0.0679434 0.0696979 0.0717308 0.0740403 0.0765644 0.0792349 0.0819084 0.0844294 0.0865628 0.0881252 0.0888559 0.0885504 0.0870324 0.0841562 0.0798502 0.0741243 0.0671155 0.0589887 0.0500795 0.040694 0.0312009 0.0220196 0.0134957 0.00600508 -0.000184595 -0.00489491 -0.00806977 -0.00973805 -0.0100504 -0.00920294 -0.0074148 -0.00498925 -0.00214532 0.000841818 0.0037524 0.00644711 0.00876688 0.010677 0.0121391 0.0131599 0.0137924 0.0140648 0.0140494 0.0137952 0.0133574 0.0127897 0.0121303 0.0114214 0.0106881 0.00995712 0.00924041 
0 0.00213148 0.00429426 0.0064887 0.00877214 0.0111489 0.0136695 0.0163786 0.0193036 0.0225244 0.0260641 0.0299931 0.0343498 0.0391496 0.0444192 0.0500973 0.0561294 0.0623741 0.0686503 0.0747455 0.0803835 0.0853166 0.0892599 0.091975 0.0932581 0.0929623 0.0910366 0.0875233 0.082579 0.0764422 0.0694465 0.0619215 0.0542559 0.0467953 0.0398638 0.0337802 0.0287303 0.0248933 0.0223142 0.020976 0.0208101 0.0216728 0.023378 0.0257204 0.0284885 0.031453 0.034466 0.0373346 0.0399578 0.0422692 0.0442402 0.0458789 0.0471856 0.0481894 0.0489332 0.0494961 0.0498992 0.0501879 0.0503411 0.0504144 0.0504614 0.0504805 0.0504355 0.0503493 0.0502609 0.050167 0.0500656 0.0499222 0.0497772 0.0496411 0.0495121 0.0493477 0.0491901 0.049037 0.0488939 0.0487345 0.0485758 0.0484227 0.0482848 0.0481378 0.0479868 0.047853 0.0477294 0.0476008 0.0474729 0.0473684 0.047266 0.0471672 0.0470733 0.0470034 0.0469322 0.0468721 0.0468191 0.0467899 0.0467575 0.046742 0.046736 0.0467512 0.0467625 0.0467973 0.0468412 0.0469018 0.046962 0.0470501 0.0471432 0.0472508 0.0473634 0.0475041 0.0476456 0.0478011 0.0479664 0.0481578 0.0483463 0.0485481 0.0487661 0.0490051 0.049237 0.049484 0.0497545 0.0500343 0.0503088 0.0506019 0.0509191 0.0512371 0.05156 0.0518935 0.0522538 0.0526202 0.0529922 0.0533626 0.0537761 0.054198 0.0546224 0.0550492 0.0555182 0.0560026 0.0565098 0.057018 0.0575507 0.0581382 0.058767 0.0594135 0.0601083 0.0609024 0.061786 0.0627967 0.0639417 0.0652893 0.0668727 0.0687236 0.070845 0.0732593 0.0759301 0.0788016 0.0817806 0.0846836 0.0873683 0.0896124 0.0911964 0.0918938 0.0915074 0.0898574 0.0868579 0.0824622 0.0766891 0.0696909 0.0616306 0.0528125 0.0435492 0.0341953 0.0251381 0.0167305 0.00931834 0.00316472 -0.00154546 -0.00474981 -0.00646398 -0.00682115 -0.00599707 -0.00421944 -0.00176223 0.00113713 0.00419985 0.00722289 0.0100171 0.0124485 0.0144605 0.0159935 0.0170834 0.0177426 0.0180236 0.0179964 0.0176943 0.0172051 0.0165587 0.0158134 0.015017 0.0141818 0.0133611 0.012547 
0 0.00251475 0.00507021 0.00763931 0.0103101 0.0130665 0.0159598 0.0190566 0.0223495 0.0259499 0.0298647 0.0341511 0.0388774 0.0440137 0.0496106 0.055592 0.0618715 0.0683327 0.0747455 0.0809111 0.0865513 0.0914031 0.0952114 0.0977357 0.0988026 0.098273 0.0961259 0.0924065 0.0872731 0.0809808 0.0738175 0.0661318 0.0582774 0.0505789 0.0433609 0.0369053 0.0314011 0.0270233 0.0238541 0.0218883 0.0211153 0.0214067 0.0225785 0.0244665 0.0268459 0.029521 0.0323318 0.0350786 0.037621 0.0398807 0.0418187 0.0434324 0.0447309 0.0457101 0.0464259 0.0469298 0.047269 0.0474925 0.0475884 0.0475958 0.0475657 0.047507 0.0473916 0.0472594 0.0471064 0.0469481 0.0467878 0.0466055 0.0464103 0.046231 0.046054 0.0458523 0.0456638 0.0454746 0.0452921 0.045105 0.0449256 0.044737 0.0445746 0.0444054 0.0442369 0.0440766 0.0439385 0.0437883 0.0436515 0.0435295 0.0434138 0.0433005 0.0432071 0.0431207 0.0430399 0.0429773 0.0429257 0.0428799 0.0428485 0.0428373 0.0428279 0.042833 0.0428564 0.0428936 0.0429327 0.0429955 0.0430721 0.0431575 0.043253 0.0433735 0.0435002 0.0436381 0.0437948 0.0439667 0.0441441 0.0443413 0.044555 0.0447719 0.0450084 0.0452638 0.0455242 0.0457908 0.0460915 0.0463925 0.0467002 0.0470261 0.0473795 0.0477239 0.0480922 0.0484703 0.04887 0.0492783 0.0497045 0.0501308 0.0505984 0.0510798 0.051561 0.0520677 0.0526154 0.0531767 0.0537567 0.0543712 0.0550133 0.0557189 0.0564623 0.0572411 0.0580974 0.059078 0.0601639 0.0613868 0.0627809 0.0644049 0.066314 0.0685006 0.0709716 0.0737282 0.0767322 0.0799202 0.0831751 0.0862893 0.0890971 0.0914036 0.0929663 0.0936052 0.0931269 0.0913667 0.0882755 0.0838262 0.078062 0.0711326 0.063222 0.0545897 0.045556 0.0364482 0.0276147 0.0194154 0.0121572 0.00611545 0.00147098 -0.00169546 -0.00339366 -0.00374008 -0.00288851 -0.00108179 0.00145047 0.00444226 0.0076232 0.010805 0.0137499 0.0163513 0.0185175 0.0201789 0.0213869 0.022121 0.0224596 0.0224637 0.0221641 0.021667 0.0209865 0.020195 0.0193403 0.018431 0.0175347 0.0166374 
