0 0 0 0 0 0 0 0 0 0 0 0 0 0 0 0 0 0 0 0 0 0 0 0 0 0 0 0 0 0 0 0 0 0 0 0 0 0 0 0 0 0 0 0 0 0 0 0 0 0 0 0 0 0 0 0 0 0 0 0 0 0 0 0 0 0 0 0 0 0 0 0 0 0 0 0 0 0 0 0 0 0 0 0 0 0 0 0 0 0 0 0 0 0 0 0 0 0 0 0 0 0 0 0 0 0 0 0 0 0 0 0 0 0 0 0 0 0 0 0 0 0 0 0 0 0 0 0 0 0 0 0 0 0 0 0 0 0 0 0 0 0 0 0 0 0 0 0 0 0 0 0 0 0 0 0 0 0 0 0 0 0 0 0 0 0 0 0 0 0 0 0 0 0 0 0 0 0 0 0 0 0 0 0 0 0 0 0 0 0 0 0 0 0 0 0 0 0 0 0 
0 2.17717e-06 -2.95914e-06 6.62178e-08 6.00957e-07 -6.97406e-07 8.06474e-06 6.21782e-06 1.37372e-05 2.3229e-05 2.55792e-05 5.09402e-05 6.7857e-05 0.000104796 0.000163548 0.00022337 0.000329751 0.000447104 0.000599286 0.000799038 0.00102089 0.00130051 0.00161596 0.00196609 0.00234396 0.00272955 0.00308885 0.00340144 0.00363928 0.00374426 0.00373821 0.00356325 0.00322743 0.00275418 0.00212016 0.0013954 0.000601996 -0.000192684 -0.000941349 -0.00158322 -0.00209066 -0.00245618 -0.00264872 -0.00269855 -0.00260248 -0.00240618 -0.00212475 -0.00182892 -0.00152962 -0.00122339 -0.00095752 -0.000715341 -0.000512023 -0.000349396 -0.000235292 -0.000109401 -4.43285e-06 7.34406e-05 0.000133746 0.000191361 0.000262521 0.000321423 0.000369683 0.000407689 0.00046647 0.000509415 0.000559715 0.000599585 0.000638848 0.000678393 0.000729722 0.000765159 0.000795483 0.000838436 0.000877237 0.000912712 0.000942727 0.000978512 0.00100837 0.00104857 0.00107064 0.0010984 0.00112925 0.00116463 0.00117628 0.00120413 0.00123329 0.00125585 0.00126461 0.00129324 0.00131309 0.00132549 0.00133612 0.0013596 0.00136837 0.00137625 0.00138688 0.00140107 0.00140132 0.00140728 0.00141435 0.0014185 0.00141278 0.00141771 0.00141822 0.00141269 0.00140384 0.00140788 0.00139824 0.00138546 0.00137711 0.00137721 0.00135522 0.00134155 0.0013338 0.00132442 0.00129484 0.00128527 0.00127172 0.00125351 0.00122574 0.00121485 0.00119259 0.00117527 0.00114994 0.00112904 0.00110873 0.00109473 0.00106564 0.00104059 0.00102937 0.00100873 0.000985196 0.00096492 0.000952687 0.000929789 0.000924514 0.000906059 0.0008954 0.000883694 0.000887824 0.000890167 0.000899409 0.0009059 0.000937897 0.00100383 0.00106352 0.00115684 0.00129154 0.00146995 0.0016674 0.00191695 0.00217213 0.00242985 0.00267356 0.00285629 0.00294999 0.00290926 0.00274169 0.0024049 0.00192201 0.00129827 0.000568183 -0.000229945 -0.00103132 -0.00177621 -0.00245024 -0.00296852 -0.00335754 -0.00358799 -0.00364876 -0.00358486 -0.00339032 -0.00310818 -0.00276937 -0.00240897 -0.0020372 -0.00169651 -0.00138415 -0.00109981 -0.000878246 -0.000673667 -0.000520511 -0.000401685 -0.000296272 -0.000234515 -0.000174036 -0.000136056 -0.000111826 -8.73781e-05 -8.07749e-05 -7.05918e-05 -6.84552e-05 -6.79176e-05 -6.60275e-05 -6.80207e-05 -6.55043e-05 -6.60529e-05 -6.47966e-05 -6.44664e-05 
0 -2.95914e-06 1.15869e-05 -2.6192e-06 1.16508e-05 8.0323e-06 2.02442e-06 2.1233e-05 1.17312e-05 3.76574e-05 6.15853e-05 8.6737e-05 0.000156413 0.000216393 0.000325305 0.000471241 0.000646853 0.00090351 0.00120804 0.00159155 0.00206193 0.00260405 0.00323434 0.00393412 0.00468343 0.00544582 0.00617651 0.00680718 0.00726616 0.00750897 0.00746574 0.00711372 0.00646223 0.00549027 0.00425257 0.00281452 0.00123414 -0.000358516 -0.00183645 -0.00312969 -0.0041485 -0.004836 -0.00524418 -0.00533791 -0.00514976 -0.00476704 -0.00422416 -0.0036088 -0.00299267 -0.0024176 -0.00186973 -0.00139403 -0.000987775 -0.0006629 -0.000392627 -0.000163217 1.22121e-05 0.000191245 0.000342119 0.000461072 0.000561165 0.000699922 0.000806911 0.000900566 0.000992375 0.00109111 0.00119433 0.00128261 0.00135925 0.00143833 0.00154725 0.00161475 0.00168786 0.00176227 0.0018538 0.00191329 0.00198906 0.00204686 0.00212224 0.00218808 0.00224718 0.00229207 0.0023642 0.00242382 0.00245915 0.00250734 0.00257007 0.0026108 0.00263495 0.00268754 0.00272824 0.00275396 0.00277608 0.00282162 0.00283857 0.00285759 0.00287584 0.00290573 0.00290478 0.00292015 0.00292978 0.00294127 0.00292829 0.00294014 0.0029374 0.0029298 0.00291113 0.00291834 0.00289854 0.00287465 0.00285813 0.00285408 0.00281496 0.00278443 0.00277175 0.00274572 0.00269673 0.00266729 0.00264837 0.00260111 0.00255854 0.00252149 0.00249053 0.00244042 0.00240317 0.00234649 0.00231853 0.00227496 0.00222693 0.00216538 0.00214809 0.0021032 0.00205304 0.00200457 0.00197762 0.00195027 0.00191855 0.00187205 0.0018409 0.00185977 0.00184669 0.00182577 0.00183115 0.00189261 0.0019545 0.00205124 0.00217749 0.00237213 0.0026444 0.0029904 0.00341976 0.00388113 0.00437864 0.00490111 0.00539293 0.00574053 0.00592244 0.00584674 0.00546278 0.00480813 0.00384353 0.00259495 0.00114101 -0.000441265 -0.00205333 -0.00355127 -0.00486071 -0.00592278 -0.00667351 -0.00712306 -0.00726942 -0.00713053 -0.00675678 -0.006202 -0.00552972 -0.00479777 -0.00407405 -0.00338552 -0.00275641 -0.00222138 -0.00174732 -0.00135981 -0.00105159 -0.000784407 -0.000601397 -0.000450206 -0.000337721 -0.000277572 -0.000213465 -0.000189202 -0.000168494 -0.000145303 -0.000147347 -0.000130242 -0.000129803 -0.000129778 -0.000122056 -0.000130887 -0.00012519 -0.000129911 
0 6.62178e-08 -2.6192e-06 1.63137e-06 4.55328e-06 4.71964e-06 1.98358e-05 2.38781e-05 4.04211e-05 6.73303e-05 8.85495e-05 0.000151621 0.000218844 0.000329163 0.00049798 0.000697285 0.000999114 0.00136342 0.00182527 0.00241429 0.00309695 0.00392572 0.00487031 0.00591743 0.00704095 0.00818376 0.00925713 0.0101866 0.0108814 0.0112129 0.011176 0.010662 0.00967707 0.00825975 0.00640362 0.00425885 0.00191982 -0.000430898 -0.00263981 -0.00454836 -0.00606075 -0.007136 -0.00772651 -0.00787749 -0.00760928 -0.00703387 -0.00621968 -0.00533041 -0.00442549 -0.00352499 -0.00271448 -0.00198583 -0.00136871 -0.000869727 -0.00048805 -0.000117366 0.000195542 0.000447626 0.000651217 0.000837136 0.00104065 0.00122737 0.00138487 0.00151926 0.00168544 0.00182891 0.00198232 0.00211271 0.00223721 0.00236484 0.00251533 0.00263075 0.00273548 0.00286164 0.00298371 0.00309351 0.00319364 0.00329959 0.00339957 0.00351295 0.0035923 0.00367766 0.00377361 0.00387206 0.00392509 0.0040059 0.00409169 0.00415962 0.00420064 0.00427784 0.00433828 0.00438068 0.00441882 0.00448022 0.00451189 0.00453951 0.00457105 0.00460806 0.00461618 0.00463393 0.0046519 0.00466276 0.00465276 0.00466218 0.00466096 0.00464634 0.00462433 0.00462563 0.0045986 0.00456341 0.0045372 0.00452452 0.00446799 0.00442506 0.00439566 0.00435851 0.00428255 0.00424229 0.00419812 0.00413846 0.00406217 0.00401528 0.00395131 0.00388945 0.00381502 0.00374616 0.00368341 0.00362705 0.00354327 0.0034654 0.00341874 0.00335291 0.00327854 0.00321136 0.00316341 0.00310082 0.00306461 0.00300607 0.0029653 0.00293716 0.00293405 0.00292933 0.00294588 0.0029806 0.00307418 0.00324431 0.00343159 0.00371281 0.00411182 0.00463185 0.00523227 0.00594845 0.00669636 0.00745124 0.00815118 0.00866774 0.00891412 0.00877655 0.00823553 0.00722205 0.00576862 0.00390411 0.00172755 -0.000638736 -0.00302055 -0.00524559 -0.00722702 -0.00878956 -0.00993942 -0.0106232 -0.0108267 -0.0106358 -0.0100741 -0.00924754 -0.00825027 -0.00717745 -0.0060863 -0.00506776 -0.00413557 -0.00330424 -0.00262323 -0.00202706 -0.00156349 -0.00119646 -0.000895388 -0.000692954 -0.000521154 -0.000408415 -0.00033066 -0.000268267 -0.000241132 -0.000214452 -0.000206024 -0.000200892 -0.000196789 -0.000198696 -0.000195174 -0.000197108 -0.000193164 -0.000193281 
0 6.00957e-07 1.16508e-05 4.55328e-06 1.33291e-05 1.52512e-05 1.86194e-05 3.67165e-05 4.70859e-05 8.47664e-05 0.000131301 0.000201258 0.000315258 0.000460091 0.000677494 0.000964842 0.00134455 0.0018447 0.00246612 0.00324111 0.0041715 0.0052659 0.00652142 0.00791242 0.00939907 0.0109058 0.0123363 0.0135697 0.0144764 0.0149395 0.0148665 0.0141891 0.0129008 0.0110137 0.00859129 0.00577076 0.00269836 -0.000401716 -0.00330341 -0.00583113 -0.00783512 -0.00923565 -0.010036 -0.0102404 -0.00990494 -0.00915674 -0.00810675 -0.00691316 -0.0056958 -0.00452069 -0.00342879 -0.00245734 -0.00162697 -0.000947717 -0.000389622 9.36296e-05 0.000498242 0.000857091 0.00116404 0.00142668 0.00167718 0.00193908 0.00216803 0.00237245 0.00257957 0.00278679 0.00299597 0.00318441 0.00335675 0.00353599 0.00373557 0.00389882 0.00405373 0.00421858 0.00438961 0.0045373 0.00468363 0.00482171 0.00496759 0.00510942 0.00523075 0.00534428 0.00547765 0.0055996 0.00568952 0.00579288 0.00590731 0.00599665 0.00606638 0.00616021 0.00624249 0.00630303 0.00636027 0.00643346 0.00648084 0.00652107 0.00656299 0.00660727 0.00662473 0.00664828 0.00666935 0.00668246 0.00667552 0.00668319 0.00667918 0.00666134 0.0066363 0.00662781 0.00659402 0.00654941 0.00651407 0.00648425 0.0064188 0.00635851 0.00631496 0.00625528 0.00616791 0.00610138 0.00604108 0.00595427 0.00586184 0.00578297 0.00570237 0.00560773 0.00551235 0.00541132 0.00532774 0.00523638 0.00512826 0.00501929 0.00494556 0.00485273 0.00474683 0.00464908 0.00457428 0.00449982 0.00442493 0.00433825 0.00427585 0.00425572 0.00422897 0.00420005 0.00421167 0.00428575 0.00440761 0.0045982 0.00485566 0.005234 0.0057633 0.00644272 0.00725569 0.00816797 0.00914023 0.0101297 0.0110309 0.0116825 0.0119729 0.0117678 0.0109951 0.00964237 0.0077012 0.00522245 0.00233943 -0.000785782 -0.00394109 -0.00689594 -0.00949049 -0.0115803 -0.0130886 -0.0139901 -0.0142876 -0.0140351 -0.0133147 -0.0122378 -0.0109287 -0.00950825 -0.00808053 -0.00672741 -0.00549206 -0.00441173 -0.00348593 -0.00271082 -0.00208777 -0.00158075 -0.00119656 -0.000904895 -0.000686028 -0.00054281 -0.000432627 -0.0003674 -0.000324508 -0.000291011 -0.000280183 -0.000263617 -0.000259988 -0.000257043 -0.00025136 -0.000257397 -0.000252974 -0.000258327 
0 -6.97406e-07 8.0323e-06 4.71964e-06 1.52512e-05 2.40813e-05 3.01844e-05 5.35066e-05 7.38428e-05 0.000116345 0.000180282 0.000267025 0.000409728 0.000599731 0.000870554 0.0012418 0.00172081 0.00235106 0.0031367 0.00410407 0.0052734 0.0066401 0.00820738 0.00994068 0.0117858 0.01365 0.0154156 0.0169344 0.0180476 0.0186241 0.0185322 0.0177079 0.0161265 0.013803 0.0108344 0.00736418 0.00360076 -0.00020113 -0.00376753 -0.00688025 -0.00936187 -0.0111094 -0.0121145 -0.0123816 -0.0119932 -0.0110806 -0.00980618 -0.0083381 -0.00682304 -0.00535401 -0.00397813 -0.00275165 -0.00169754 -0.000827073 -9.74212e-05 0.000523564 0.00105744 0.0015206 0.00191802 0.00226947 0.00260237 0.00293449 0.0032319 0.00350706 0.00377431 0.00404765 0.00431205 0.00455895 0.00478901 0.00502632 0.00526994 0.00548922 0.00569678 0.00590797 0.00612326 0.00631942 0.00650922 0.00669025 0.00687815 0.00705519 0.00721783 0.00737039 0.00753594 0.00768612 0.00781668 0.00794802 0.00808668 0.00820254 0.0083057 0.00841572 0.00851933 0.00860218 0.00868153 0.00876345 0.00882963 0.0088839 0.0089376 0.00898596 0.00901734 0.00904518 0.00906985 0.00908292 0.00908328 0.0090853 0.00907847 0.00905681 0.00903074 0.00900694 0.00896661 0.00891375 0.00886668 0.0088148 0.00874144 0.00866502 0.00859934 0.00851639 0.00841717 0.00832407 0.00823716 0.00812723 0.00801304 0.00790277 0.00779543 0.00767204 0.00754662 0.007418 0.00730195 0.007176 0.00703873 0.00690311 0.00678877 0.00666585 0.00653043 0.00640306 0.00629228 0.00619114 0.00608343 0.00597644 0.00588849 0.00584044 0.00579619 0.00576311 0.00576915 0.00584528 0.00599023 0.00621597 0.00654386 0.00701152 0.00765952 0.00848729 0.00948424 0.0105971 0.0117863 0.0129763 0.0140373 0.0147978 0.0151005 0.0148047 0.0138089 0.0120958 0.0096585 0.00657343 0.00299429 -0.000868808 -0.00476053 -0.00841978 -0.0116247 -0.0142248 -0.0161039 -0.0172315 -0.0176194 -0.0173202 -0.0164486 -0.0151347 -0.0135335 -0.0117887 -0.0100341 -0.0083599 -0.0068304 -0.0054904 -0.00433416 -0.00337653 -0.00259678 -0.00197013 -0.00149469 -0.00112699 -0.000859962 -0.000673088 -0.000536235 -0.000452605 -0.000394091 -0.000357808 -0.000340331 -0.000325127 -0.00032285 -0.000320233 -0.000318302 -0.000321904 -0.00031874 -0.000320747 
0 8.06474e-06 2.02442e-06 1.98358e-05 1.86194e-05 3.01844e-05 5.21471e-05 6.38302e-05 0.000111923 0.000157319 0.000233139 0.000359508 0.000514325 0.000764048 0.00109506 0.00153741 0.00213953 0.00288968 0.00384529 0.00501734 0.00641538 0.00806344 0.00993852 0.0120085 0.0142029 0.0164209 0.0185043 0.0202956 0.0216196 0.0222856 0.0221915 0.0212291 0.0193594 0.0166417 0.0131525 0.00907412 0.00466642 0.000215006 -0.00398865 -0.00764888 -0.010582 -0.0126881 -0.0138822 -0.0142259 -0.0138031 -0.0127466 -0.0112574 -0.00953811 -0.00773944 -0.00596028 -0.00431071 -0.0028207 -0.00153354 -0.000448282 0.000449918 0.00122738 0.00191509 0.00248611 0.00297773 0.00342796 0.00387056 0.00426597 0.00464176 0.0049898 0.00533792 0.00567573 0.00600171 0.00631047 0.00660945 0.00691062 0.00719663 0.00748182 0.00774303 0.00801127 0.0082649 0.00852173 0.00874992 0.00898731 0.0092097 0.00943177 0.00963125 0.00983472 0.0100247 0.0102103 0.0103804 0.0105464 0.0107038 0.0108516 0.0109889 0.0111167 0.01124 0.0113483 0.011451 0.0115404 0.011627 0.0116956 0.0117625 0.0118128 0.0118611 0.0118915 0.0119212 0.0119322 0.0119426 0.0119362 0.0119274 0.0119011 0.0118751 0.0118331 0.0117863 0.0117262 0.011665 0.0115896 0.0115074 0.0114175 0.0113224 0.0112186 0.011104 0.0109879 0.0108634 0.010737 0.010593 0.0104562 0.0103094 0.0101646 0.00999798 0.00984818 0.00968601 0.00952872 0.00935361 0.00919529 0.00902811 0.00887061 0.00870319 0.00854371 0.00839192 0.00824716 0.00810873 0.00797735 0.0078667 0.00776143 0.00770287 0.00766797 0.00767055 0.00772447 0.00789281 0.00816277 0.00855154 0.00910582 0.00986722 0.0108429 0.0119914 0.0133038 0.0146884 0.016043 0.0172253 0.0180651 0.0183426 0.0179155 0.0166954 0.0145915 0.0116555 0.00797737 0.00371802 -0.000861306 -0.00545579 -0.00978935 -0.0136012 -0.0166784 -0.0189334 -0.020291 -0.0207644 -0.0204459 -0.0194379 -0.0179101 -0.0160397 -0.0139976 -0.0119255 -0.00994901 -0.00814246 -0.00653463 -0.00517309 -0.00402513 -0.00308845 -0.00235855 -0.00177135 -0.00134285 -0.00102445 -0.00078609 -0.000639232 -0.000525428 -0.00045972 -0.000424612 -0.000393459 -0.000389221 -0.000379956 -0.00037724 -0.000381645 -0.000376622 -0.000383292 -0.00038229 
0 6.21782e-06 2.1233e-05 2.38781e-05 3.67165e-05 5.35066e-05 6.38302e-05 0.000103317 0.000141079 0.000204306 0.000316719 0.000447612 0.000668014 0.000958871 0.00134708 0.00189892 0.00258219 0.00348569 0.00461376 0.00597663 0.00763591 0.00955075 0.0117323 0.0141346 0.0166703 0.0192144 0.0216213 0.0236807 0.0251818 0.0259792 0.0258498 0.0247557 0.0226431 0.0195266 0.0155792 0.0109501 0.00595049 0.000882346 -0.00388864 -0.00808248 -0.0114605 -0.0138607 -0.0152754 -0.0156988 -0.0152565 -0.0140842 -0.012429 -0.0104445 -0.00834757 -0.00630719 -0.00436152 -0.00261262 -0.00108335 0.000218836 0.00135344 0.00228032 0.00308639 0.00379625 0.00443174 0.00499834 0.00550123 0.00599259 0.00646113 0.00691119 0.00731208 0.00773359 0.00812462 0.00851152 0.00887778 0.00924389 0.0095849 0.00993105 0.0102627 0.0105754 0.0108887 0.0111881 0.0114793 0.0117544 0.0120337 0.0122811 0.01254 0.0127772 0.0130093 0.0132158 0.0134406 0.01363 0.0138169 0.0139886 0.0141676 0.0143088 0.0144557 0.0145871 0.0147146 0.0148125 0.014918 0.015003 0.0150809 0.0151369 0.0151978 0.0152348 0.0152658 0.015279 0.0152948 0.015284 0.0152702 0.0152417 0.015213 0.0151543 0.0151008 0.0150321 0.0149582 0.0148558 0.0147695 0.0146589 0.0145421 0.0144065 0.0142884 0.0141346 0.0139863 0.0138251 0.0136698 0.0134849 0.0133166 0.0131278 0.0129403 0.0127448 0.0125539 0.012345 0.0121441 0.0119443 0.0117329 0.0115337 0.0113272 0.0111263 0.0109273 0.0107595 0.0105605 0.0103923 0.0102428 0.0101336 0.0100239 0.00995378 0.00994194 0.0100309 0.0102083 0.0104788 0.0109422 0.011588 0.0124598 0.0135588 0.0148901 0.0163362 0.0178808 0.0193863 0.0206595 0.02152 0.0217391 0.0211631 0.0196373 0.0171643 0.0137273 0.0094565 0.00454822 -0.00071163 -0.0059962 -0.0109855 -0.0153424 -0.0189205 -0.0215131 -0.0230932 -0.0236955 -0.023352 -0.0222473 -0.0205365 -0.0184208 -0.016093 -0.0137427 -0.0114711 -0.00939263 -0.00756583 -0.00596564 -0.00465775 -0.00356942 -0.00269918 -0.00204483 -0.00152184 -0.00116212 -0.000899073 -0.000712285 -0.000604573 -0.00051979 -0.000477349 -0.000451909 -0.000433367 -0.000431368 -0.000427589 -0.000429528 -0.000434069 -0.000437777 -0.000443106 
0 1.37372e-05 1.17312e-05 4.04211e-05 4.70859e-05 7.38428e-05 0.000111923 0.000141079 0.000213712 0.000288918 0.000412266 0.000592891 0.000829218 0.00118749 0.0016531 0.00228481 0.0031107 0.00414816 0.00545584 0.00703653 0.00892908 0.0111286 0.0136187 0.0163504 0.0192169 0.0220949 0.024784 0.0270836 0.0287766 0.0296457 0.0295324 0.028329 0.0259779 0.0225398 0.0181543 0.0130214 0.00748856 0.00189183 -0.00341716 -0.00807732 -0.0118598 -0.0146059 -0.0162159 -0.0167399 -0.0162957 -0.0150324 -0.0132014 -0.0110152 -0.00866529 -0.00631632 -0.004089 -0.00206289 -0.000277392 0.00127045 0.00259163 0.00371792 0.00471358 0.00555825 0.0062972 0.00698425 0.00762489 0.0081986 0.00875027 0.00927954 0.0097843 0.0102768 0.010738 0.0111901 0.011639 0.0120712 0.0124659 0.0128773 0.0132706 0.0136453 0.0140025 0.0143622 0.0146978 0.015034 0.0153477 0.0156444 0.0159415 0.0162331 0.016489 0.0167369 0.0169972 0.0172267 0.0174314 0.0176391 0.0178468 0.0180134 0.0181769 0.0183364 0.018483 0.0185961 0.0187165 0.018819 0.0189071 0.0189714 0.0190424 0.0190863 0.0191198 0.0191357 0.0191545 0.0191408 0.0191223 0.0190922 0.019057 0.0189869 0.0189226 0.0188486 0.0187555 0.0186363 0.0185345 0.0184126 0.018263 0.0181103 0.0179699 0.0177963 0.0176061 0.0174285 0.0172401 0.0170292 0.0168153 0.0166043 0.0163754 0.0161523 0.0159115 0.0156685 0.0154289 0.0151967 0.0149313 0.0146866 0.0144496 0.0142093 0.0139613 0.0137323 0.0135086 0.0133112 0.0131238 0.0129383 0.0128126 0.012747 0.0127215 0.0127698 0.0129597 0.0132876 0.0138036 0.0145307 0.0154981 0.0167168 0.0181614 0.0197751 0.0214593 0.0230457 0.0243549 0.0251969 0.0253121 0.0245372 0.0227447 0.0198474 0.0159043 0.011062 0.00551794 -0.000389518 -0.00630609 -0.0119016 -0.0168265 -0.0208498 -0.0238144 -0.0256372 -0.0263406 -0.0260219 -0.024825 -0.0229567 -0.0206342 -0.018064 -0.0154436 -0.0129089 -0.0105792 -0.00850131 -0.00671583 -0.00522488 -0.00399541 -0.00303458 -0.00227273 -0.0017021 -0.00128864 -0.000976171 -0.000780958 -0.000637865 -0.000552416 -0.000510918 -0.000475415 -0.00047668 -0.000470833 -0.000474521 -0.000487415 -0.000483449 -0.000497887 -0.000497795 
0 2.3229e-05 3.76574e-05 6.73303e-05 8.47664e-05 0.000116345 0.000157319 0.000204306 0.000288918 0.000392267 0.00054897 0.00076755 0.0010642 0.0014836 0.00203094 0.00276518 0.0037102 0.00490356 0.00639596 0.00819565 0.0103432 0.0128262 0.0156209 0.0186731 0.0218635 0.0250487 0.0280258 0.030564 0.0324287 0.0333966 0.0332778 0.0319675 0.0294136 0.025673 0.0209113 0.0153522 0.00935078 0.00327062 -0.002504 -0.00760535 -0.011767 -0.0147987 -0.0166134 -0.017249 -0.0168246 -0.0155082 -0.0135499 -0.0111558 -0.00854945 -0.00593279 -0.0034274 -0.00113024 0.000916512 0.00271878 0.0042824 0.00560447 0.0067532 0.0077546 0.00865354 0.00947395 0.0102103 0.0108835 0.0115394 0.01217 0.0127577 0.0133274 0.013865 0.0143961 0.0149205 0.0154175 0.0158752 0.0163473 0.016806 0.0172356 0.0176464 0.0180529 0.0184436 0.0188262 0.0191839 0.0195178 0.0198608 0.0201908 0.0204808 0.0207598 0.0210571 0.0213167 0.0215471 0.0217814 0.0220165 0.0222057 0.0223881 0.0225688 0.0227335 0.0228628 0.0229959 0.023113 0.023211 0.0232857 0.0233629 0.0234142 0.0234505 0.023471 0.0234892 0.0234758 0.023454 0.0234222 0.0233798 0.0233027 0.02323 0.0231478 0.0230406 0.0229075 0.0227932 0.0226555 0.022485 0.0223123 0.0221556 0.0219576 0.0217409 0.0215374 0.021328 0.0210845 0.0208393 0.0205957 0.0203401 0.0200783 0.0198008 0.0195179 0.0192453 0.0189709 0.0186634 0.0183728 0.0180947 0.0178107 0.017518 0.0172439 0.0169707 0.0167276 0.0165034 0.0162889 0.0161172 0.0160154 0.0159824 0.0160451 0.0162409 0.0165902 0.0171666 0.0179814 0.0190479 0.020378 0.0219459 0.0236656 0.0254411 0.0270895 0.0283994 0.0291658 0.0291344 0.0281205 0.0259877 0.0226745 0.018233 0.0128265 0.00668709 0.000163671 -0.00636768 -0.0125382 -0.0179792 -0.022444 -0.0257455 -0.0278053 -0.0286491 -0.0283665 -0.0271249 -0.0251391 -0.0226374 -0.0198521 -0.0169963 -0.0142204 -0.0116596 -0.00937263 -0.00739424 -0.00574062 -0.00437476 -0.00329547 -0.00245146 -0.00181288 -0.00135393 -0.00101942 -0.000802518 -0.000656931 -0.000568771 -0.000524718 -0.000495463 -0.000493091 -0.00049202 -0.000498614 -0.000513018 -0.00052024 -0.000538323 -0.000548839 
0 2.55792e-05 6.15853e-05 8.85495e-05 0.000131301 0.000180282 0.000233139 0.000316719 0.000412266 0.00054897 0.000743193 0.000996456 0.00136364 0.00184656 0.00248903 0.00334353 0.0044194 0.00578794 0.00747315 0.0095002 0.0119082 0.0146769 0.0177805 0.0211502 0.0246615 0.0281376 0.0313832 0.0341395 0.0361545 0.0372205 0.0371051 0.0357138 0.0329975 0.0289995 0.0239143 0.0179904 0.0115901 0.00509749 -0.00106979 -0.00656068 -0.0110723 -0.0143794 -0.016412 -0.0171724 -0.0167884 -0.0154437 -0.013389 -0.0108252 -0.00799341 -0.00512148 -0.00233377 0.000240489 0.00255996 0.00461495 0.00642587 0.00796654 0.00929413 0.0104623 0.0115136 0.0124694 0.0133154 0.014101 0.014849 0.0155748 0.0162468 0.0168956 0.0175049 0.018109 0.0187017 0.0192599 0.0197817 0.0203047 0.0208234 0.021303 0.0217665 0.0222112 0.0226556 0.0230758 0.0234763 0.0238438 0.0242286 0.0245877 0.0249139 0.0252211 0.0255476 0.0258333 0.0260915 0.0263474 0.0266032 0.0268156 0.027016 0.0272131 0.0273922 0.0275399 0.0276822 0.0278117 0.0279181 0.0280053 0.0280847 0.0281444 0.0281833 0.0282101 0.0282247 0.028215 0.0281907 0.0281583 0.0281075 0.0280292 0.027949 0.0278584 0.0277398 0.0275996 0.0274721 0.0273191 0.0271356 0.0269467 0.0267727 0.0265541 0.0263204 0.0260908 0.0258637 0.0255924 0.0253234 0.0250478 0.0247735 0.0244737 0.0241678 0.0238501 0.0235506 0.0232336 0.0228938 0.0225628 0.0222493 0.0219266 0.0215909 0.0212754 0.0209646 0.0206855 0.0204155 0.0201733 0.019967 0.0198457 0.0198033 0.0198727 0.0200752 0.0204633 0.0211083 0.0220028 0.0231579 0.0245787 0.0262529 0.0280579 0.0298919 0.0315512 0.0328056 0.0334396 0.0332174 0.0319374 0.02944 0.0257034 0.0207618 0.0148038 0.00810337 0.00100816 -0.00609008 -0.0127945 -0.0187241 -0.0236237 -0.0272616 -0.0295694 -0.0305721 -0.0303442 -0.029091 -0.0270223 -0.0243823 -0.0214218 -0.0183634 -0.0153733 -0.0125954 -0.0101151 -0.00795156 -0.00614823 -0.00466359 -0.00347558 -0.0025687 -0.00186805 -0.00136723 -0.00101518 -0.000768989 -0.000624183 -0.000530831 -0.000485762 -0.00047419 -0.000472463 -0.000490411 -0.000508629 -0.000527581 -0.000551986 -0.000567991 -0.000587615 
0 5.09402e-05 8.6737e-05 0.000151621 0.000201258 0.000267025 0.000359508 0.000447612 0.000592891 0.00076755 0.000996456 0.0013322 0.00174575 0.00232199 0.00307849 0.00403681 0.00528688 0.0068234 0.00871389 0.010993 0.0136562 0.0167218 0.0201371 0.023821 0.0276342 0.0314109 0.0348962 0.0378546 0.0400378 0.0411589 0.0410785 0.0396218 0.0367549 0.0325669 0.0272084 0.0209864 0.0142543 0.00744256 0.000920144 -0.00489304 -0.00969867 -0.0132943 -0.0155211 -0.0164256 -0.0161105 -0.0147838 -0.0126383 -0.00995853 -0.00694915 -0.00381513 -0.000777259 0.00206993 0.00465966 0.00699443 0.00901766 0.0107945 0.0123305 0.0136722 0.0148571 0.0159398 0.0169321 0.0178156 0.0186537 0.0194504 0.0202303 0.0209375 0.0216225 0.0222807 0.0229416 0.0235509 0.0241315 0.0246984 0.02526 0.0257921 0.0262883 0.0267771 0.0272497 0.0277141 0.0281322 0.0285463 0.0289437 0.0293388 0.0296802 0.0300261 0.0303548 0.0306737 0.0309445 0.0312262 0.0314831 0.0317249 0.0319319 0.0321459 0.0323285 0.032498 0.0326417 0.0327836 0.0328935 0.0329949 0.0330723 0.0331414 0.0331816 0.0332167 0.0332257 0.0332238 0.0331969 0.0331681 0.0331074 0.0330376 0.032948 0.0328569 0.0327258 0.0325943 0.0324469 0.0322931 0.0320951 0.0319106 0.0317074 0.0314916 0.0312367 0.0310039 0.0307462 0.0304764 0.0301757 0.0298931 0.0295909 0.0292786 0.0289394 0.0286094 0.028281 0.0279361 0.0275712 0.0272072 0.02687 0.0265138 0.0261519 0.0257798 0.0254615 0.0251491 0.0248503 0.0245524 0.0243465 0.0242236 0.0241792 0.0242362 0.0244684 0.0249337 0.0256272 0.026609 0.027854 0.0293727 0.0311025 0.0329994 0.0348525 0.0364591 0.0376192 0.0380779 0.0376144 0.0360132 0.0331613 0.0289575 0.0235301 0.0170562 0.00981566 0.00219217 -0.00542438 -0.0126165 -0.0190286 -0.0243067 -0.0282931 -0.0308601 -0.0320113 -0.031898 -0.0306545 -0.0285437 -0.0258146 -0.0227183 -0.019485 -0.0163193 -0.0133568 -0.0106823 -0.00838241 -0.00642155 -0.00482617 -0.00356359 -0.00256074 -0.00183434 -0.00128935 -0.000908823 -0.000674801 -0.000509448 -0.000436045 -0.000403666 -0.000393271 -0.000421672 -0.00044168 -0.000476762 -0.000516 -0.000541464 -0.000581764 -0.00060793 
0 6.7857e-05 0.000156413 0.000218844 0.000315258 0.000409728 0.000514325 0.000668014 0.000829218 0.0010642 0.00136364 0.00174575 0.00227267 0.00293632 0.00381192 0.00492457 0.00632022 0.00806146 0.0101704 0.0127001 0.0156457 0.0190136 0.0227383 0.0267279 0.0308528 0.0348817 0.0386195 0.0417762 0.0440817 0.0453128 0.0452339 0.0437262 0.040762 0.0364033 0.0308414 0.0244025 0.0174234 0.0103279 0.00355507 -0.00255324 -0.0076351 -0.0114479 -0.0138907 -0.0149538 -0.0147419 -0.0134571 -0.0113109 -0.00852112 -0.00534312 -0.00201931 0.00125534 0.00435937 0.00721409 0.00979208 0.0120943 0.0140912 0.0157929 0.0173023 0.0186722 0.0198889 0.0209635 0.0219505 0.0228803 0.0237687 0.0245995 0.0253704 0.0261119 0.0268337 0.0275273 0.0281817 0.0288083 0.0294076 0.0300005 0.0305622 0.0310921 0.0315989 0.032104 0.0325777 0.0330253 0.0334541 0.0338738 0.0342686 0.0346409 0.0349943 0.0353344 0.0356565 0.0359532 0.0362342 0.0364999 0.0367491 0.0369715 0.0371829 0.037375 0.0375513 0.0377024 0.0378442 0.0379627 0.0380682 0.0381498 0.0382206 0.0382679 0.038305 0.0383168 0.0383172 0.0382973 0.0382666 0.0382089 0.0381422 0.0380583 0.0379596 0.037836 0.0377063 0.0375601 0.0373955 0.0372116 0.037021 0.0368154 0.0365909 0.0363507 0.0361007 0.0358439 0.0355654 0.0352702 0.0349689 0.0346695 0.0343403 0.0339991 0.0336579 0.0333182 0.032953 0.0325837 0.0322097 0.0318422 0.0314717 0.0310956 0.0307179 0.0303629 0.0300287 0.0297155 0.0294395 0.029206 0.0290598 0.0290463 0.0291639 0.0294278 0.0299324 0.030725 0.0317955 0.0331388 0.0347441 0.0365572 0.0384643 0.0402965 0.0418463 0.0428565 0.0430921 0.0423464 0.0404032 0.0371194 0.0324936 0.0265932 0.0196126 0.0118974 0.00377886 -0.00432193 -0.0119653 -0.0187876 -0.0244622 -0.0287548 -0.0315778 -0.0329437 -0.0329329 -0.0317665 -0.0296563 -0.0268651 -0.0236793 -0.0203145 -0.0170009 -0.013879 -0.0110649 -0.00860886 -0.00653205 -0.00483761 -0.00347151 -0.002434 -0.00164829 -0.00108377 -0.000711369 -0.000452717 -0.000321963 -0.000251889 -0.000230473 -0.000260187 -0.00028513 -0.00034233 -0.000395895 -0.000443521 -0.000508809 -0.000549009 -0.000602177 
0 0.000104796 0.000216393 0.000329163 0.000460091 0.000599731 0.000764048 0.000958871 0.00118749 0.0014836 0.00184656 0.00232199 0.00293632 0.00371904 0.00473512 0.00600132 0.00759412 0.0095474 0.0118942 0.014694 0.0179242 0.021594 0.0256368 0.029936 0.0343494 0.0386516 0.0426014 0.0459303 0.0483684 0.0496598 0.0496172 0.0480897 0.0450524 0.0405892 0.0348834 0.0282739 0.02111 0.0138338 0.00684559 0.000522814 -0.00478174 -0.0088412 -0.0114994 -0.0127419 -0.012668 -0.0114713 -0.00932945 -0.00651327 -0.00324704 0.000252691 0.00373673 0.00707927 0.0101867 0.0130144 0.0155238 0.0177435 0.0196622 0.0213471 0.022831 0.0241511 0.0253523 0.026433 0.0274215 0.0283521 0.0292472 0.0300607 0.0308457 0.0315907 0.0323097 0.0329887 0.0336448 0.0342571 0.03486 0.0354389 0.0359789 0.0364999 0.0370075 0.037488 0.0379378 0.0383841 0.0387954 0.0391928 0.0395691 0.0399342 0.0402599 0.0405882 0.040888 0.0411721 0.041427 0.0416848 0.0419062 0.0421182 0.0423058 0.0424889 0.0426377 0.0427821 0.0428999 0.0430108 0.0430918 0.0431678 0.0432165 0.0432599 0.043273 0.0432815 0.043265 0.0432415 0.0431866 0.0431329 0.0430523 0.0429608 0.0428435 0.0427311 0.0425836 0.0424289 0.0422565 0.0420821 0.0418703 0.0416632 0.0414349 0.0411956 0.0409349 0.0406775 0.0403885 0.040097 0.0397995 0.0394835 0.0391471 0.0388185 0.0384807 0.0381178 0.0377587 0.0373904 0.0370274 0.036657 0.0362854 0.0359011 0.0355681 0.0352396 0.0349211 0.0346411 0.034452 0.0343482 0.0343597 0.0345098 0.0348545 0.035472 0.0363527 0.037523 0.0389657 0.0406545 0.0425137 0.0444568 0.0462422 0.047657 0.048481 0.0484569 0.0473906 0.0450815 0.0414011 0.0363189 0.0299625 0.0225294 0.0143607 0.00581667 -0.00269803 -0.0107469 -0.0179669 -0.023993 -0.0286138 -0.0317067 -0.0332692 -0.033422 -0.0323461 -0.0302786 -0.0274904 -0.0242513 -0.0207963 -0.0173696 -0.0141136 -0.0111614 -0.00859237 -0.00640395 -0.00462887 -0.00320964 -0.0021165 -0.00131399 -0.000731469 -0.000350057 -0.000109939 1.75741e-05 5.84849e-05 4.9378e-05 -3.37536e-06 -7.43427e-05 -0.000156939 -0.000244197 -0.000327182 -0.000408092 -0.0004813 -0.000550046 
0 0.000163548 0.000325305 0.00049798 0.000677494 0.000870554 0.00109506 0.00134708 0.0016531 0.00203094 0.00248903 0.00307849 0.00381192 0.00473512 0.0059064 0.0073489 0.00914389 0.0113219 0.0139257 0.0170069 0.0205421 0.0245275 0.0288874 0.0334921 0.0381837 0.0427375 0.0468945 0.05039 0.0529504 0.0543112 0.0542955 0.0527502 0.0496623 0.0451271 0.039337 0.0326324 0.0253593 0.0179571 0.0108138 0.00431545 -0.00118312 -0.0054504 -0.00831768 -0.00976552 -0.00987506 -0.00882135 -0.00676183 -0.0039609 -0.000643373 0.00296433 0.00659995 0.0101366 0.0134592 0.0165121 0.0192409 0.0216588 0.0237474 0.0255838 0.0272034 0.0286261 0.0299062 0.0310488 0.0320947 0.033065 0.0339859 0.0348183 0.0356261 0.0363834 0.0371011 0.0377834 0.0384443 0.0390559 0.0396471 0.0402199 0.0407521 0.0412696 0.0417612 0.042227 0.0426661 0.0431083 0.0434991 0.04388 0.0442485 0.0446053 0.0449104 0.0452262 0.0455198 0.0457924 0.0460324 0.0462817 0.0464974 0.0466995 0.0468796 0.0470566 0.0472027 0.0473423 0.0474583 0.0475666 0.0476504 0.0477269 0.0477789 0.0478249 0.0478465 0.0478609 0.0478533 0.0478379 0.0477965 0.0477551 0.0476878 0.0476089 0.047511 0.0474175 0.0472845 0.0471478 0.0470016 0.0468491 0.0466518 0.0464706 0.0462723 0.0460551 0.0458112 0.0455864 0.0453262 0.0450589 0.0447817 0.0444981 0.04419 0.0438901 0.0435719 0.0432372 0.0429102 0.0425709 0.0422244 0.0418793 0.0415436 0.0411875 0.0408744 0.0405704 0.0402959 0.0400623 0.0399165 0.0398586 0.0399485 0.0401974 0.0406477 0.0413753 0.0423776 0.0436774 0.0452437 0.0470327 0.0489389 0.0508717 0.0525826 0.0538568 0.0544686 0.0541592 0.0527429 0.0500374 0.0459403 0.0404318 0.0336572 0.0258167 0.0172496 0.00832311 -0.00056171 -0.00896618 -0.0165265 -0.0228716 -0.0277904 -0.0311512 -0.0329414 -0.033284 -0.0323436 -0.0303618 -0.0276099 -0.0243585 -0.020857 -0.0173546 -0.0140085 -0.0109569 -0.00829291 -0.00601669 -0.00416561 -0.00269402 -0.00156035 -0.000742427 -0.000160324 0.000209465 0.00041795 0.000515674 0.000515912 0.000464666 0.000376058 0.000259799 0.000141542 1.5196e-05 -0.000108854 -0.00022198 -0.000335444 -0.000435338 
0 0.00022337 0.000471241 0.000697285 0.000964842 0.0012418 0.00153741 0.00189892 0.00228481 0.00276518 0.00334353 0.00403681 0.00492457 0.00600132 0.0073489 0.00901031 0.011021 0.0134575 0.0163405 0.0197126 0.0235617 0.0278694 0.032542 0.0374455 0.042422 0.0471941 0.051551 0.0551929 0.0578346 0.0592771 0.0592751 0.0577337 0.0546353 0.0500649 0.0442383 0.0374873 0.030171 0.0226792 0.0154577 0.00882441 0.00314685 -0.00131183 -0.00441792 -0.00610589 -0.00644774 -0.0055681 -0.00367599 -0.000952288 0.00234786 0.00598183 0.00972561 0.0134162 0.0169247 0.0201415 0.0230744 0.0256599 0.0279093 0.0298708 0.0316044 0.0331058 0.0344302 0.0356232 0.0366945 0.0376851 0.0385833 0.0394266 0.0402188 0.0409713 0.0416518 0.04232 0.042955 0.0435485 0.0441061 0.0446463 0.0451572 0.0456455 0.0461108 0.0465348 0.0469593 0.0473655 0.0477369 0.0480746 0.0484331 0.0487533 0.0490443 0.049321 0.0496078 0.0498479 0.0500786 0.0502962 0.0505084 0.0506856 0.0508615 0.0510156 0.0511634 0.051287 0.0514047 0.0514994 0.0515925 0.0516616 0.0517226 0.0517646 0.0518041 0.0518188 0.051829 0.0518184 0.0518042 0.0517698 0.0517301 0.0516631 0.0516021 0.0515212 0.051425 0.0513062 0.0512063 0.0510714 0.0509181 0.0507608 0.0506164 0.0504221 0.0502262 0.0500328 0.049831 0.0495939 0.0493643 0.0491228 0.0488719 0.0486138 0.0483393 0.0480576 0.0477823 0.0475032 0.0471939 0.0469078 0.0466227 0.0463466 0.0460708 0.0458322 0.045623 0.0454889 0.0454169 0.0454502 0.0456555 0.0460414 0.0466385 0.0475059 0.0486867 0.0501244 0.0518275 0.0537149 0.0556898 0.0575854 0.0592078 0.0603261 0.0606793 0.0600697 0.0582943 0.0552059 0.0506899 0.0448048 0.0376429 0.0294407 0.0205563 0.0113098 0.00213004 -0.00657399 -0.0144182 -0.0210739 -0.0262673 -0.0298924 -0.0319412 -0.0324699 -0.0317121 -0.0298554 -0.0271766 -0.0239659 -0.0204549 -0.0169055 -0.0134929 -0.0103712 -0.0076171 -0.00528794 -0.00338424 -0.00186884 -0.000741168 9.47349e-05 0.000655468 0.000992937 0.00118682 0.00122274 0.00118664 0.00108387 0.000924127 0.000768892 0.000578953 0.000401091 0.000235102 5.82171e-05 -8.19251e-05 -0.00022855 
0 0.000329751 0.000646853 0.000999114 0.00134455 0.00172081 0.00213953 0.00258219 0.0031107 0.0037102 0.0044194 0.00528688 0.00632022 0.00759412 0.00914389 0.011021 0.0132888 0.0159939 0.0191749 0.0228539 0.0270384 0.0316578 0.036652 0.0418587 0.0470696 0.0520898 0.0565993 0.0603602 0.0631037 0.0645643 0.0645922 0.063055 0.0599469 0.0553715 0.0495611 0.0427994 0.0354715 0.0279815 0.0206759 0.0139625 0.00814499 0.00347305 0.000120445 -0.00183909 -0.00246073 -0.00185468 -0.000152823 0.00239216 0.00557591 0.00917404 0.0129581 0.016728 0.0203585 0.0237406 0.0267866 0.0295069 0.0319065 0.0339984 0.0357775 0.0373228 0.0386978 0.039918 0.0409857 0.0419423 0.0428258 0.0436402 0.0444052 0.0451017 0.0457479 0.0463627 0.046958 0.0475025 0.0480125 0.0484971 0.0489643 0.0494097 0.0498199 0.0502 0.0505761 0.0509441 0.0512642 0.0515674 0.0518756 0.0521666 0.0524135 0.052661 0.0529039 0.0531246 0.0533179 0.0535132 0.0536935 0.053859 0.0540062 0.0541481 0.0542763 0.0543962 0.0544964 0.0545903 0.0546755 0.0547509 0.0548063 0.0548593 0.0549029 0.0549349 0.0549504 0.0549638 0.0549654 0.0549589 0.0549349 0.0549062 0.0548703 0.0548273 0.0547582 0.0546904 0.0546224 0.0545367 0.054422 0.0543234 0.0542198 0.0540863 0.0539367 0.0538069 0.0536608 0.0534893 0.0533129 0.0531418 0.0529613 0.0527665 0.0525608 0.0523523 0.0521556 0.0519433 0.0517228 0.0515068 0.0513088 0.0511115 0.0509417 0.0507928 0.0506823 0.0506487 0.050724 0.050913 0.0512435 0.0517932 0.0526001 0.0536827 0.0550255 0.0566572 0.0585213 0.0605227 0.0625482 0.0644387 0.0659595 0.0668752 0.0669955 0.0660691 0.0639338 0.0604635 0.0555904 0.0493298 0.0418451 0.0333761 0.0242044 0.0147365 0.00533112 -0.0036105 -0.0116941 -0.0185861 -0.0240479 -0.0279315 -0.0302027 -0.0309878 -0.0304045 -0.0287083 -0.0261614 -0.0229997 -0.0195313 -0.0159682 -0.0125214 -0.00935035 -0.00654994 -0.00417234 -0.00223004 -0.00071087 0.000443806 0.00125004 0.00178638 0.00209924 0.00221237 0.0022152 0.00209934 0.00191997 0.00171342 0.00145821 0.00122057 0.000972497 0.000727596 0.000517327 0.000295718 0.000110017 
0 0.000447104 0.00090351 0.00136342 0.0018447 0.00235106 0.00288968 0.00348569 0.00414816 0.00490356 0.00578794 0.0068234 0.00806146 0.0095474 0.0113219 0.0134575 0.0159939 0.0189868 0.0224827 0.0264838 0.0309968 0.0359551 0.041252 0.0467381 0.0521991 0.0573933 0.0620564 0.0659162 0.0687041 0.0702034 0.0702264 0.0686788 0.0655692 0.061007 0.0552174 0.0484983 0.0412159 0.0337162 0.0263974 0.0196031 0.0136328 0.00877038 0.00515851 0.00287503 0.00191294 0.00220287 0.00357576 0.00588174 0.00889246 0.0123566 0.0160837 0.0198693 0.0235605 0.0270146 0.0301876 0.0330134 0.0354949 0.03764 0.0394991 0.0410936 0.0424524 0.0436501 0.0447052 0.0456402 0.0464542 0.0472182 0.0479166 0.0485639 0.0491365 0.0496854 0.050206 0.0506958 0.0511341 0.0515476 0.0519539 0.0523348 0.0526825 0.0529978 0.0533213 0.0536203 0.0538957 0.0541383 0.0543989 0.0546302 0.0548458 0.0550357 0.0552425 0.0554174 0.0555862 0.0557338 0.0558927 0.056024 0.0561545 0.0562644 0.0563841 0.0564811 0.0565771 0.0566548 0.0567432 0.0568096 0.0568748 0.0569253 0.0569862 0.0570235 0.057062 0.0570868 0.0571217 0.0571319 0.0571445 0.0571429 0.0571541 0.057137 0.0571217 0.057095 0.0570833 0.0570359 0.0569921 0.056943 0.0569054 0.0568279 0.0567575 0.056686 0.0566204 0.0565196 0.0564222 0.0563293 0.05624 0.056125 0.0560021 0.0558955 0.0557916 0.0556781 0.0555463 0.0554435 0.0553556 0.0552884 0.0552084 0.0551874 0.0552377 0.0553741 0.0555804 0.0559388 0.0564974 0.0572817 0.0583108 0.0596062 0.0611999 0.0630426 0.0650932 0.0672328 0.0693262 0.0711643 0.0725842 0.0733423 0.0731951 0.0719681 0.0694892 0.0656555 0.0604372 0.0539033 0.0461623 0.037479 0.0281445 0.0185037 0.00895172 -0.000138628 -0.00838621 -0.0154772 -0.0211487 -0.0252691 -0.0277993 -0.0288033 -0.0284446 -0.0269304 -0.0245124 -0.0214611 -0.0180473 -0.0145036 -0.0110582 -0.00786232 -0.0050232 -0.00262216 -0.000653952 0.000877411 0.00200866 0.0028007 0.00328728 0.00353687 0.00359858 0.00350769 0.00332112 0.00306046 0.00275265 0.00243184 0.00209455 0.00176742 0.0014553 0.00115152 0.000880053 0.000621398 
0 0.000599286 0.00120804 0.00182527 0.00246612 0.0031367 0.00384529 0.00461376 0.00545584 0.00639596 0.00747315 0.00871389 0.0101704 0.0118942 0.0139257 0.0163405 0.0191749 0.0224827 0.0263075 0.0306413 0.035488 0.0407603 0.0463516 0.0521003 0.057771 0.0631344 0.0679038 0.0718169 0.0746228 0.0761022 0.0760997 0.074536 0.0714231 0.0668818 0.0611372 0.0544622 0.0472254 0.0397575 0.0324266 0.0255761 0.0194733 0.0143897 0.0104717 0.00782349 0.00646613 0.00635769 0.00736202 0.00932873 0.0120431 0.0152851 0.018887 0.0226106 0.0263002 0.029791 0.0329969 0.0358736 0.0384375 0.0406497 0.0425194 0.0441061 0.0454545 0.0466386 0.0476464 0.0485072 0.0492498 0.0499483 0.0505658 0.0511252 0.0516189 0.0520803 0.0525174 0.0529267 0.053285 0.053614 0.0539474 0.0542486 0.0545227 0.0547697 0.0550237 0.0552481 0.0554654 0.0556499 0.0558442 0.0560175 0.0561867 0.0563246 0.0564781 0.0566122 0.0567412 0.0568491 0.0569718 0.0570744 0.0571753 0.057263 0.0573605 0.0574408 0.0575231 0.0575946 0.0576734 0.057739 0.0578071 0.0578648 0.0579313 0.0579854 0.0580407 0.0580871 0.0581456 0.0581868 0.0582297 0.0582672 0.0583176 0.0583424 0.0583751 0.0584042 0.0584422 0.0584502 0.0584747 0.0584911 0.0585145 0.0585111 0.0585228 0.0585238 0.0585388 0.0585267 0.0585186 0.058514 0.0585253 0.0585054 0.0584867 0.0584889 0.0584953 0.0584927 0.0584897 0.0585088 0.0585452 0.0586228 0.0587001 0.0588322 0.0590423 0.0593685 0.0597955 0.0603868 0.0611652 0.0622038 0.0635277 0.0651102 0.0669563 0.0690387 0.0712887 0.0735661 0.0757356 0.0775591 0.0788675 0.079432 0.0790385 0.0775186 0.0747279 0.0705882 0.0650942 0.0583262 0.0504094 0.0416115 0.0321928 0.0225014 0.0129012 0.00373879 -0.00460637 -0.0118332 -0.0176835 -0.0220066 -0.0247562 -0.0259938 -0.0258494 -0.0245344 -0.022283 -0.0193483 -0.0160154 -0.012506 -0.00906512 -0.00585822 -0.0029998 -0.000584334 0.00138866 0.0029098 0.00401781 0.00476977 0.00520372 0.00538809 0.00537118 0.00519427 0.00491104 0.00454966 0.00413869 0.00371313 0.00327528 0.00284997 0.00244491 0.00205449 0.00170134 0.00136807 
