0 0 0 0 0 0 0 0 0 0 0 0 0 0 0 0 0 0 0 0 0 0 0 0 0 0 0 0 0 0 0 0 0 0 0 0 0 0 0 0 0 0 0 0 0 0 0 0 0 0 0 0 0 0 0 0 0 0 0 0 0 0 0 0 0 0 0 0 0 0 0 0 0 0 0 0 0 0 0 0 0 0 0 0 0 0 0 0 0 0 0 0 0 0 0 0 0 0 0 0 0 0 0 0 0 0 0 0 0 0 0 0 0 0 0 0 0 0 0 0 0 0 0 0 0 0 0 0 0 0 0 0 0 0 0 0 0 0 0 0 0 0 0 0 0 0 0 0 0 0 0 0 0 0 0 0 0 0 0 0 0 0 0 0 0 0 0 0 0 0 0 0 0 0 0 0 0 0 0 0 0 0 0 0 0 0 0 0 0 0 0 0 0 0 0 0 0 0 0 0 
0 -0.00133073 -0.00264295 -0.00390746 -0.00510657 -0.00621792 -0.00721082 -0.00807361 -0.00877675 -0.00932401 -0.00972019 -0.00997116 -0.0101169 -0.0101547 -0.0101304 -0.0100639 -0.00997436 -0.00991016 -0.00984753 -0.00981532 -0.0097945 -0.00977729 -0.00978565 -0.00978767 -0.0097957 -0.00979018 -0.00976884 -0.00973995 -0.00970841 -0.00966042 -0.00959798 -0.00952376 -0.00942326 -0.00933721 -0.00922136 -0.00909595 -0.00896634 -0.00881798 -0.00868334 -0.00852977 -0.00836836 -0.00820137 -0.00804462 -0.0078789 -0.00771693 -0.00755378 -0.00739204 -0.00724532 -0.00708776 -0.00693689 -0.00678668 -0.00666177 -0.00652544 -0.00639532 -0.00627634 -0.00615854 -0.00604452 -0.00593796 -0.00583542 -0.00573549 -0.0056533 -0.00554676 -0.00545555 -0.00537667 -0.00529676 -0.00520497 -0.00513214 -0.00505472 -0.00497286 -0.00489575 -0.00483126 -0.00476756 -0.00468455 -0.00461337 -0.00456043 -0.00450352 -0.00442576 -0.00437241 -0.00431987 -0.00426522 -0.00420772 -0.0041643 -0.00411193 -0.00407007 -0.00402562 -0.00398813 -0.00394744 -0.00391447 -0.00387988 -0.00385368 -0.00382184 -0.00379801 -0.00377733 -0.00375724 -0.00373541 -0.00372618 -0.00371251 -0.00369937 -0.00369431 -0.00369286 -0.00368441 -0.00368737 -0.0036929 -0.00369514 -0.00370111 -0.0037172 -0.00372625 -0.00374097 -0.00376068 -0.00378253 -0.00380134 -0.0038304 -0.00385644 -0.00388866 -0.00391907 -0.00395732 -0.00399288 -0.00403506 -0.00407326 -0.00412695 -0.00416902 -0.0042136 -0.00426893 -0.00433629 -0.00437692 -0.00443158 -0.00450109 -0.00457035 -0.00462389 -0.00468823 -0.00475867 -0.00483205 -0.0048996 -0.00497164 -0.00505385 -0.00511948 -0.00519424 -0.00528442 -0.00537186 -0.0054391 -0.0055338 -0.00562162 -0.00571155 -0.00580457 -0.00590608 -0.00600426 -0.00610727 -0.00620748 -0.00630846 -0.00642535 -0.00653124 -0.00663695 -0.00673152 -0.00684064 -0.00692853 -0.00700917 -0.00708444 -0.00714709 -0.00719731 -0.00722387 -0.00722485 -0.00720225 -0.00717278 -0.00708904 -0.00698691 -0.00684423 -0.00666198 -0.00645525 -0.00618394 -0.00587427 -0.00551991 -0.00512326 -0.0046762 -0.00417961 -0.00361968 -0.00301422 -0.00236058 -0.00163586 -0.000862228 -3.62775e-06 0.000909373 0.00188172 0.00292214 0.00400022 0.00512774 0.00625033 0.00734151 0.00836072 0.00926357 0.0100317 0.0106264 0.0110447 0.0112811 0.0113665 0.0113486 0.0112884 0.0112642 0.0113325 0.0115571 0.0119699 
0 -0.00264295 -0.00523148 -0.00774995 -0.0101171 -0.0123255 -0.0143025 -0.016002 -0.0174154 -0.0184867 -0.0192735 -0.0197749 -0.0200361 -0.0201267 -0.0200523 -0.0199166 -0.0197448 -0.0195835 -0.0194764 -0.0193823 -0.0193288 -0.0192939 -0.0192738 -0.0192823 -0.019277 -0.0192541 -0.0192071 -0.0191367 -0.0190551 -0.0189514 -0.0188132 -0.0186421 -0.0184615 -0.0182646 -0.0180503 -0.0178137 -0.0175408 -0.0172714 -0.0169962 -0.0166981 -0.0163921 -0.0160843 -0.0157731 -0.0154758 -0.0151634 -0.0148315 -0.0145439 -0.0142469 -0.013955 -0.0136782 -0.0134016 -0.0131433 -0.0128987 -0.0126444 -0.0124052 -0.0122089 -0.0119923 -0.0117852 -0.0115846 -0.0114073 -0.0112219 -0.0110445 -0.0108834 -0.0107249 -0.0105551 -0.0103941 -0.0102513 -0.0100971 -0.00996631 -0.00981561 -0.00966931 -0.0095333 -0.00941942 -0.00927934 -0.00915931 -0.00902964 -0.00891482 -0.00880879 -0.00870366 -0.00858243 -0.0084883 -0.00840091 -0.00830311 -0.00821315 -0.00813331 -0.00805896 -0.00798221 -0.00791553 -0.00784948 -0.00779887 -0.0077365 -0.0076916 -0.00764884 -0.00761273 -0.00756765 -0.00755251 -0.00752206 -0.00750129 -0.00748661 -0.00748782 -0.00746767 -0.00747757 -0.00748325 -0.00749249 -0.00750004 -0.00753435 -0.0075487 -0.00758064 -0.00761591 -0.00766031 -0.00769511 -0.00775204 -0.00780353 -0.00786506 -0.00792356 -0.00799448 -0.00807066 -0.00814926 -0.0082225 -0.00831394 -0.00841349 -0.00850075 -0.00860162 -0.00870356 -0.00881212 -0.00892879 -0.00905337 -0.00914589 -0.00927734 -0.00941676 -0.00954728 -0.00966075 -0.00980518 -0.00993855 -0.0100887 -0.0102306 -0.0103771 -0.0105266 -0.0106801 -0.0108362 -0.0109992 -0.0111741 -0.0113446 -0.0115162 -0.0116796 -0.011887 -0.0120756 -0.0122559 -0.0124569 -0.0126619 -0.0128431 -0.0130351 -0.0132199 -0.0133949 -0.013578 -0.0137076 -0.0138249 -0.0139325 -0.014002 -0.0140272 -0.0140163 -0.0139592 -0.013858 -0.013697 -0.0134505 -0.0131483 -0.0127822 -0.0123396 -0.011808 -0.0111855 -0.010477 -0.00968511 -0.0088027 -0.00780133 -0.00670403 -0.00550848 -0.00420551 -0.00280617 -0.00126009 0.000412165 0.0022038 0.00413175 0.00614921 0.0082818 0.0104744 0.0126585 0.0147887 0.0167465 0.0184959 0.019961 0.0210854 0.0218657 0.0222777 0.0223982 0.0223109 0.0221414 0.0220436 0.0221329 0.0225356 0.0233169 
0 -0.00390746 -0.00774995 -0.0114595 -0.0149746 -0.0182296 -0.0211416 -0.0236626 -0.0257239 -0.0273205 -0.0284707 -0.0291988 -0.0295983 -0.0296945 -0.0295928 -0.0293664 -0.029078 -0.0288379 -0.0286201 -0.028472 -0.0283615 -0.0282697 -0.0282336 -0.028195 -0.028163 -0.0280974 -0.0279909 -0.0278609 -0.02772 -0.0275403 -0.0273221 -0.0270708 -0.0267679 -0.0264873 -0.0261494 -0.025787 -0.0254106 -0.0250029 -0.0246206 -0.0242016 -0.0237656 -0.0233204 -0.0228975 -0.0224632 -0.0220339 -0.0216031 -0.0211852 -0.0207975 -0.0203935 -0.0200048 -0.0196225 -0.0192939 -0.0189488 -0.0186145 -0.0183059 -0.0180078 -0.0177153 -0.0174382 -0.0171717 -0.0169157 -0.016691 -0.0164226 -0.0161855 -0.015974 -0.0157599 -0.0155252 -0.0153282 -0.0151236 -0.0149133 -0.0147098 -0.0145326 -0.0143594 -0.0141516 -0.0139634 -0.0138143 -0.0136573 -0.0134629 -0.0133159 -0.0131725 -0.0130239 -0.0128742 -0.0127525 -0.0126146 -0.0124978 -0.0123791 -0.0122755 -0.012167 -0.0120747 -0.0119821 -0.0119082 -0.0118233 -0.0117572 -0.0116996 -0.0116443 -0.0115866 -0.0115582 -0.011521 -0.0114868 -0.0114712 -0.0114654 -0.0114451 -0.0114518 -0.0114649 -0.0114728 -0.0114896 -0.0115305 -0.0115571 -0.0115974 -0.0116502 -0.011709 -0.0117621 -0.011839 -0.0119116 -0.0119973 -0.0120812 -0.0121829 -0.0122814 -0.0123933 -0.0124995 -0.0126372 -0.012755 -0.0128775 -0.0130238 -0.0131924 -0.013312 -0.0134607 -0.0136403 -0.0138146 -0.013964 -0.0141369 -0.0143211 -0.0145079 -0.0146889 -0.0148787 -0.0150882 -0.0152663 -0.0154636 -0.0156913 -0.0159131 -0.0160973 -0.0163334 -0.0165593 -0.0167869 -0.017019 -0.0172654 -0.01751 -0.0177579 -0.0179959 -0.018237 -0.018506 -0.0187465 -0.0189811 -0.019191 -0.0194202 -0.0196034 -0.0197566 -0.0198884 -0.0199866 -0.0200437 -0.0200342 -0.019956 -0.0198134 -0.0196327 -0.0193238 -0.0189447 -0.0184607 -0.0178729 -0.0172021 -0.0163714 -0.0154271 -0.014361 -0.0131766 -0.0118557 -0.0103918 -0.00876366 -0.00700499 -0.00510791 -0.00302921 -0.000796451 0.0016527 0.00426072 0.00703506 0.00998172 0.0130413 0.0162109 0.0193585 0.0223965 0.0252046 0.0276661 0.029712 0.0312469 0.0322542 0.0327308 0.0327664 0.0325043 0.0321298 0.0318648 0.0318907 0.0323895 0.0334605 
0 -0.00510657 -0.0101171 -0.0149746 -0.0195585 -0.0238097 -0.0276175 -0.0308943 -0.0335948 -0.0356612 -0.0371499 -0.0380901 -0.0385671 -0.0386826 -0.0385049 -0.0381776 -0.0377799 -0.0374044 -0.0371007 -0.0368482 -0.0366588 -0.0365073 -0.0363952 -0.0363141 -0.0362213 -0.0360939 -0.0359203 -0.0357106 -0.0354763 -0.0352043 -0.0348794 -0.0345065 -0.0341103 -0.0337019 -0.0332651 -0.0327972 -0.0322937 -0.0317884 -0.0312879 -0.0307618 -0.030225 -0.0296902 -0.0291642 -0.0286545 -0.0281342 -0.0276036 -0.0271201 -0.0266464 -0.0261788 -0.0257312 -0.0252953 -0.0248924 -0.024503 -0.0241102 -0.0237432 -0.0234193 -0.0230854 -0.0227602 -0.0224473 -0.0221604 -0.0218746 -0.0215871 -0.0213229 -0.0210691 -0.0208032 -0.0205423 -0.0203055 -0.020063 -0.0198358 -0.0195951 -0.0193633 -0.019145 -0.0189369 -0.0187144 -0.0185159 -0.0183092 -0.0181085 -0.0179286 -0.0177508 -0.0175589 -0.0173919 -0.0172394 -0.0170774 -0.0169261 -0.0167871 -0.0166579 -0.0165289 -0.0164118 -0.016301 -0.0162075 -0.0161057 -0.0160238 -0.0159512 -0.015884 -0.0158142 -0.0157772 -0.0157301 -0.0156916 -0.0156687 -0.0156614 -0.0156377 -0.0156461 -0.0156582 -0.0156716 -0.0156911 -0.0157395 -0.0157726 -0.0158234 -0.0158861 -0.0159577 -0.0160242 -0.0161158 -0.0162073 -0.016309 -0.0164127 -0.0165326 -0.0166594 -0.0167909 -0.0169213 -0.0170753 -0.017234 -0.0173844 -0.0175532 -0.0177299 -0.0179034 -0.0180918 -0.0182927 -0.0184677 -0.0186704 -0.0188893 -0.019101 -0.0192994 -0.0195217 -0.0197423 -0.0199784 -0.0202025 -0.0204327 -0.0206744 -0.0209166 -0.0211525 -0.0214057 -0.0216678 -0.0219223 -0.0221735 -0.0224235 -0.0227062 -0.0229702 -0.023218 -0.0234811 -0.0237464 -0.0239786 -0.024206 -0.0244157 -0.0246121 -0.0247889 -0.0248967 -0.0249703 -0.0250122 -0.024988 -0.0248846 -0.0247051 -0.0244446 -0.0241044 -0.0236456 -0.0230556 -0.0223535 -0.0215342 -0.0205824 -0.0194693 -0.0181978 -0.0167761 -0.0152053 -0.0134681 -0.0115378 -0.00942638 -0.00714392 -0.00467888 -0.00202269 0.000867977 0.00399097 0.007326 0.0108808 0.014611 0.0185103 0.0224995 0.0264505 0.0302461 0.0337049 0.0367177 0.039158 0.0409287 0.0420055 0.042384 0.0421953 0.0416188 0.0409075 0.0403476 0.040184 0.0406545 0.0418955 
0 -0.00621792 -0.0123255 -0.0182296 -0.0238097 -0.0289693 -0.0335895 -0.0375647 -0.0408241 -0.0433279 -0.0451108 -0.0462283 -0.0467797 -0.0468732 -0.0466233 -0.0461727 -0.0456372 -0.0451266 -0.0446881 -0.0443272 -0.0440378 -0.0438003 -0.0436144 -0.0434556 -0.0432877 -0.0430786 -0.042815 -0.0425096 -0.0421734 -0.041792 -0.041355 -0.040867 -0.0403468 -0.0398173 -0.0392582 -0.0386693 -0.0380584 -0.0374458 -0.0368456 -0.0362311 -0.0356073 -0.0349905 -0.0343954 -0.0338171 -0.0332422 -0.0326748 -0.0321444 -0.0316391 -0.0311426 -0.0306639 -0.0302084 -0.0297923 -0.0293878 -0.028989 -0.0286166 -0.0282722 -0.0279314 -0.0276006 -0.0272846 -0.0269893 -0.0267015 -0.0264032 -0.0261239 -0.0258621 -0.025595 -0.0253254 -0.0250746 -0.0248238 -0.0245748 -0.024325 -0.0240897 -0.0238611 -0.0236237 -0.0233891 -0.0231799 -0.0229658 -0.0227435 -0.0225435 -0.0223511 -0.0221528 -0.0219661 -0.0217948 -0.0216206 -0.0214568 -0.0213025 -0.0211586 -0.0210177 -0.0208875 -0.0207664 -0.0206588 -0.0205496 -0.0204564 -0.0203754 -0.0202985 -0.0202259 -0.0201774 -0.0201278 -0.0200846 -0.0200593 -0.0200454 -0.0200261 -0.0200301 -0.0200435 -0.0200578 -0.0200829 -0.0201293 -0.020171 -0.0202253 -0.0202945 -0.0203711 -0.0204487 -0.0205456 -0.0206476 -0.0207579 -0.0208739 -0.0210041 -0.0211402 -0.021283 -0.0214304 -0.0215962 -0.0217608 -0.0219262 -0.0221115 -0.0223048 -0.0224844 -0.0226802 -0.022895 -0.0230978 -0.0233027 -0.023523 -0.0237463 -0.0239646 -0.0241908 -0.0244219 -0.0246599 -0.024885 -0.025119 -0.0253687 -0.0256121 -0.0258412 -0.0260878 -0.0263379 -0.0265799 -0.0268176 -0.0270569 -0.0273039 -0.0275349 -0.0277471 -0.027962 -0.0281766 -0.0283585 -0.0285166 -0.0286502 -0.0287651 -0.0288384 -0.0288492 -0.0288142 -0.0287315 -0.028575 -0.0283245 -0.0279788 -0.0275415 -0.0270082 -0.026337 -0.0255258 -0.0245781 -0.0234913 -0.0222515 -0.0208245 -0.0192176 -0.0174398 -0.0154897 -0.0133488 -0.0109961 -0.0084332 -0.00567473 -0.00271089 0.000480629 0.00392609 0.00763689 0.0115899 0.0157779 0.0201721 0.0247338 0.0293787 0.0339567 0.0383057 0.0422344 0.045585 0.0482159 0.0500176 0.0509507 0.051041 0.0504374 0.0493734 0.0481632 0.0471514 0.0466544 0.0469542 0.0482321 
0 -0.00721082 -0.0143025 -0.0211416 -0.0276175 -0.0335895 -0.0389322 -0.0435276 -0.0472765 -0.050163 -0.0521931 -0.0534497 -0.0540464 -0.0540922 -0.0537555 -0.0531687 -0.0524857 -0.0518304 -0.0512427 -0.0507623 -0.0503607 -0.0500272 -0.049759 -0.0495125 -0.0492633 -0.048968 -0.0486117 -0.0482056 -0.0477578 -0.047255 -0.0466937 -0.0460824 -0.0454296 -0.0447727 -0.0440868 -0.0433746 -0.0426572 -0.041936 -0.0412356 -0.040538 -0.0398403 -0.039159 -0.0385159 -0.0378893 -0.0372826 -0.0367045 -0.0361504 -0.0356426 -0.0351504 -0.0346775 -0.0342375 -0.0338379 -0.0334478 -0.0330765 -0.0327339 -0.0324048 -0.0320956 -0.031793 -0.0315066 -0.0312311 -0.0309736 -0.030703 -0.0304451 -0.0302033 -0.0299618 -0.029712 -0.0294747 -0.0292467 -0.0290047 -0.0287708 -0.0285483 -0.0283313 -0.028094 -0.0278739 -0.0276652 -0.02746 -0.0272399 -0.0270407 -0.0268471 -0.0266576 -0.026467 -0.0262922 -0.0261199 -0.0259555 -0.0257981 -0.0256507 -0.025509 -0.0253752 -0.0252531 -0.0251379 -0.0250308 -0.0249325 -0.0248483 -0.0247667 -0.0246981 -0.0246392 -0.0245914 -0.0245466 -0.0245204 -0.0244988 -0.0244875 -0.0244849 -0.0244982 -0.0245123 -0.0245419 -0.0245804 -0.0246288 -0.0246821 -0.024752 -0.0248268 -0.0249108 -0.025004 -0.0251088 -0.0252183 -0.0253373 -0.0254669 -0.0256021 -0.0257435 -0.025894 -0.0260574 -0.026216 -0.0263834 -0.0265632 -0.0267537 -0.0269283 -0.0271176 -0.0273182 -0.0275253 -0.0277145 -0.0279196 -0.0281296 -0.028341 -0.0285415 -0.0287575 -0.0289707 -0.0291721 -0.0293782 -0.0295965 -0.0298039 -0.0299939 -0.0301994 -0.0303978 -0.0305861 -0.0307629 -0.0309449 -0.0311073 -0.0312602 -0.031391 -0.0315055 -0.0316103 -0.0316834 -0.0317145 -0.0317145 -0.0316912 -0.0316005 -0.0314565 -0.0312504 -0.0309783 -0.0306284 -0.0301755 -0.0296135 -0.0289511 -0.0281772 -0.027249 -0.026179 -0.0249512 -0.0235692 -0.0220228 -0.020274 -0.0183347 -0.0162097 -0.0138963 -0.0113755 -0.00863757 -0.005672 -0.0024971 0.00089284 0.0045374 0.00843864 0.0126262 0.0170749 0.0217587 0.0266682 0.0317226 0.0368355 0.0418369 0.0465206 0.0506953 0.0541529 0.0567441 0.0583509 0.0589218 0.0585197 0.0573093 0.05558 0.0537017 0.0520738 0.0510833 0.051052 0.0522098 
0 -0.00807361 -0.016002 -0.0236626 -0.0308943 -0.0375647 -0.0435276 -0.0486342 -0.0528176 -0.0560083 -0.0582448 -0.059615 -0.0602092 -0.0602175 -0.0597637 -0.0590413 -0.0582211 -0.0573914 -0.056678 -0.0560552 -0.0555407 -0.0551241 -0.0547534 -0.0544371 -0.0541024 -0.0537255 -0.0532891 -0.0527914 -0.0522293 -0.0516155 -0.050932 -0.0501838 -0.0494247 -0.0486136 -0.0478101 -0.0469816 -0.0461363 -0.045323 -0.0445094 -0.0437257 -0.0429577 -0.0422298 -0.0415271 -0.0408794 -0.040252 -0.0396573 -0.0391183 -0.0386067 -0.0381405 -0.0376997 -0.0373064 -0.0369211 -0.0365853 -0.0362597 -0.0359549 -0.0356875 -0.0354324 -0.0351794 -0.0349436 -0.034731 -0.0344983 -0.0343027 -0.0341018 -0.0339014 -0.0336936 -0.033506 -0.0333038 -0.0331113 -0.0329226 -0.0327309 -0.0325275 -0.0323259 -0.0321513 -0.031964 -0.0317651 -0.0315675 -0.0314017 -0.0312167 -0.03104 -0.0308598 -0.0306997 -0.030532 -0.0303811 -0.0302209 -0.0300818 -0.0299397 -0.029812 -0.029683 -0.0295715 -0.0294572 -0.0293611 -0.0292665 -0.0291834 -0.029106 -0.0290443 -0.028982 -0.0289356 -0.0288971 -0.028867 -0.028843 -0.0288365 -0.0288313 -0.028838 -0.028855 -0.0288824 -0.0289121 -0.0289599 -0.0290104 -0.029072 -0.0291397 -0.0292218 -0.0293025 -0.029402 -0.0294998 -0.0296114 -0.0297237 -0.0298539 -0.0299766 -0.0301169 -0.0302498 -0.0304054 -0.0305559 -0.0307106 -0.0308542 -0.0310347 -0.031203 -0.0313629 -0.0315177 -0.0317011 -0.0318763 -0.032043 -0.0322024 -0.0323722 -0.0325407 -0.032694 -0.032861 -0.0330122 -0.0331517 -0.0332835 -0.0334318 -0.0335404 -0.0336609 -0.0337603 -0.0338386 -0.0338996 -0.0339616 -0.0339865 -0.0339845 -0.0339692 -0.0339045 -0.0338128 -0.0336704 -0.0334984 -0.033259 -0.0329797 -0.032615 -0.0321768 -0.0316717 -0.031067 -0.0303597 -0.0295411 -0.0286138 -0.0275367 -0.0263403 -0.0249574 -0.0234261 -0.021741 -0.019854 -0.0177975 -0.0155274 -0.0130686 -0.0104158 -0.00755547 -0.0044669 -0.0011701 0.00234964 0.00609792 0.0100743 0.014349 0.0188764 0.0236833 0.0287356 0.0339713 0.0393628 0.0447367 0.0499465 0.0547589 0.0589339 0.0622823 0.0645988 0.0657834 0.065786 0.0646805 0.0626806 0.0601078 0.057393 0.0549921 0.0533491 0.0528358 0.0537213 
0 -0.00877675 -0.0174154 -0.0257239 -0.0335948 -0.0408241 -0.0472765 -0.0528176 -0.0573126 -0.0607662 -0.0631539 -0.0645909 -0.0652032 -0.065126 -0.0645878 -0.0637275 -0.062752 -0.0617913 -0.0609092 -0.0601743 -0.059551 -0.0590411 -0.0586108 -0.0582126 -0.0578147 -0.0573724 -0.0568682 -0.0562923 -0.0556518 -0.0549347 -0.0541518 -0.0533133 -0.0524193 -0.0515018 -0.0505612 -0.049603 -0.0486603 -0.0477268 -0.0468134 -0.0459448 -0.0451015 -0.0442984 -0.0435576 -0.0428496 -0.0422023 -0.0416232 -0.0410676 -0.0405772 -0.0401317 -0.039715 -0.0393523 -0.0390264 -0.0387255 -0.0384674 -0.0382347 -0.0380027 -0.0378075 -0.0376282 -0.0374677 -0.037307 -0.0371655 -0.0370266 -0.0368801 -0.0367441 -0.0366237 -0.0364926 -0.036354 -0.0362293 -0.0360791 -0.0359463 -0.0358203 -0.0356849 -0.0355263 -0.0353909 -0.0352484 -0.0351177 -0.0349724 -0.0348237 -0.0346841 -0.0345615 -0.0344209 -0.0342834 -0.03416 -0.0340374 -0.0339175 -0.0337997 -0.033691 -0.0335868 -0.0334912 -0.0333905 -0.0333123 -0.0332308 -0.0331561 -0.0330886 -0.0330408 -0.0329777 -0.0329398 -0.0329068 -0.032879 -0.03285 -0.0328524 -0.0328402 -0.0328432 -0.0328568 -0.0328825 -0.0328968 -0.0329414 -0.0329819 -0.0330293 -0.0330826 -0.0331544 -0.0332157 -0.0332943 -0.0333753 -0.0334652 -0.0335554 -0.0336517 -0.0337514 -0.0338648 -0.033972 -0.0340747 -0.0341952 -0.0343156 -0.0344355 -0.0345487 -0.0346637 -0.0347806 -0.0349214 -0.0350246 -0.0351251 -0.0352405 -0.0353617 -0.0354513 -0.0355538 -0.0356363 -0.0357121 -0.0357856 -0.0358521 -0.0358982 -0.0359296 -0.0359462 -0.0359411 -0.0359212 -0.0358795 -0.0358234 -0.0357107 -0.0355801 -0.0354217 -0.0352106 -0.0349621 -0.0346796 -0.0343227 -0.0339157 -0.0334515 -0.0328946 -0.032287 -0.0315912 -0.0307931 -0.0299086 -0.028907 -0.0277802 -0.0265387 -0.0251541 -0.0236209 -0.0219412 -0.0200881 -0.0180658 -0.0158673 -0.0134737 -0.010894 -0.00812561 -0.00516496 -0.00200716 0.00135308 0.00492436 0.00870773 0.0127027 0.0169502 0.021443 0.0262047 0.0312304 0.0364647 0.0419003 0.0474086 0.0528686 0.0580886 0.062797 0.0667881 0.0697873 0.0716243 0.0721787 0.0713996 0.0694209 0.0664511 0.0628866 0.0591954 0.0558802 0.0534596 0.0523268 0.0528091 
0 -0.00932401 -0.0184867 -0.0273205 -0.0356612 -0.0433279 -0.050163 -0.0560083 -0.0607662 -0.0643883 -0.0668889 -0.0683703 -0.0689429 -0.0688102 -0.0681544 -0.0671743 -0.0660759 -0.0649638 -0.0639695 -0.0631105 -0.062396 -0.0618242 -0.0613255 -0.0608871 -0.0604459 -0.0599692 -0.0594368 -0.0588256 -0.0581222 -0.0573424 -0.0564825 -0.0555518 -0.0545859 -0.0535512 -0.052514 -0.051459 -0.0504024 -0.0493728 -0.0483455 -0.0473743 -0.0464473 -0.0455825 -0.0447629 -0.0440104 -0.0433193 -0.0426958 -0.0421291 -0.0416152 -0.0411726 -0.0407789 -0.0404497 -0.0401301 -0.0398738 -0.0396574 -0.0394648 -0.0393026 -0.0391731 -0.0390564 -0.0389599 -0.0388758 -0.038783 -0.0387399 -0.0386837 -0.03862 -0.0385593 -0.0385187 -0.0384547 -0.0384009 -0.0383443 -0.0382927 -0.0382179 -0.038134 -0.0380801 -0.0380193 -0.0379216 -0.0378301 -0.0377718 -0.0376801 -0.0375897 -0.0375031 -0.0374233 -0.0373276 -0.0372504 -0.0371593 -0.0370825 -0.036995 -0.0369216 -0.0368448 -0.0367777 -0.036698 -0.036646 -0.0365839 -0.0365239 -0.0364734 -0.0364408 -0.0363857 -0.0363557 -0.0363339 -0.0363066 -0.0362795 -0.0362844 -0.0362704 -0.0362648 -0.0362765 -0.0362934 -0.0362941 -0.036327 -0.0363549 -0.0363819 -0.036415 -0.0364681 -0.0365024 -0.0365556 -0.0366066 -0.0366664 -0.0367177 -0.0367855 -0.0368423 -0.0369131 -0.036966 -0.0370395 -0.0371095 -0.0371673 -0.0372117 -0.0372985 -0.0373584 -0.0373926 -0.03744 -0.0375026 -0.0375389 -0.0375663 -0.0375921 -0.0376077 -0.0376171 -0.0376033 -0.037602 -0.0375709 -0.037509 -0.0374357 -0.037375 -0.0372519 -0.0371186 -0.036958 -0.0367609 -0.0365282 -0.0362609 -0.0359497 -0.0356019 -0.0352012 -0.0347213 -0.0342078 -0.0336199 -0.0329737 -0.0322337 -0.0314241 -0.030527 -0.0295288 -0.028426 -0.0272136 -0.0258926 -0.024447 -0.0228744 -0.0211363 -0.0192794 -0.0172497 -0.0150655 -0.0127232 -0.010192 -0.00751365 -0.00464903 -0.00160944 0.00160673 0.00500246 0.0085818 0.0123353 0.0162909 0.0204496 0.0248194 0.0294452 0.0342944 0.0393992 0.0447047 0.0501458 0.0556376 0.0609841 0.066008 0.0704321 0.0739994 0.0764685 0.0776225 0.0773598 0.0756532 0.0726404 0.068591 0.0639211 0.0591512 0.0548359 0.0515289 0.0496836 0.0496494 
0 -0.00972019 -0.0192735 -0.0284707 -0.0371499 -0.0451108 -0.0521931 -0.0582448 -0.0631539 -0.0668889 -0.0694492 -0.0709357 -0.0714779 -0.0712673 -0.0705184 -0.0694278 -0.068205 -0.0669758 -0.0658588 -0.0649045 -0.0641198 -0.0635004 -0.0629794 -0.0625226 -0.0620747 -0.0616007 -0.0610762 -0.0604666 -0.0597598 -0.0589593 -0.0580748 -0.0571153 -0.0560918 -0.0549937 -0.053868 -0.0527232 -0.0515798 -0.0504504 -0.0493229 -0.0482504 -0.0472272 -0.046263 -0.0453532 -0.044506 -0.0437434 -0.0430655 -0.0424454 -0.0418885 -0.0414114 -0.0409964 -0.0406517 -0.040339 -0.0400906 -0.0399024 -0.0397432 -0.0396083 -0.0395128 -0.0394515 -0.0394154 -0.0393888 -0.0393699 -0.0393906 -0.0394005 -0.0394105 -0.0394392 -0.039479 -0.0395008 -0.0395251 -0.0395448 -0.0395755 -0.0395967 -0.0395986 -0.0396105 -0.0396208 -0.0396077 -0.0395996 -0.0396027 -0.0395738 -0.0395484 -0.0395322 -0.0395078 -0.0394669 -0.0394387 -0.0394037 -0.0393714 -0.0393281 -0.0392925 -0.0392582 -0.0392225 -0.0391763 -0.0391519 -0.0391183 -0.0390781 -0.0390507 -0.0390341 -0.0389944 -0.0389743 -0.0389642 -0.0389404 -0.0389178 -0.0389225 -0.0389075 -0.038894 -0.0389004 -0.0389048 -0.0388926 -0.0389073 -0.0389187 -0.0389202 -0.03893 -0.0389542 -0.0389591 -0.0389741 -0.0389926 -0.039011 -0.0390198 -0.039037 -0.0390498 -0.0390679 -0.0390675 -0.0390747 -0.0390853 -0.0390836 -0.0390666 -0.0390688 -0.0390496 -0.0390163 -0.0389953 -0.038963 -0.0389 -0.0388421 -0.0387836 -0.0387016 -0.0386043 -0.0384853 -0.0383659 -0.038224 -0.0380487 -0.0378539 -0.0376526 -0.0373927 -0.0371054 -0.0367922 -0.0364423 -0.0360405 -0.035581 -0.0350743 -0.0345251 -0.033902 -0.0332002 -0.0324503 -0.0316151 -0.030699 -0.0296797 -0.028573 -0.0273818 -0.02608 -0.0246518 -0.0231125 -0.0214556 -0.0196689 -0.0177476 -0.0156684 -0.0134707 -0.0111243 -0.00862598 -0.00597162 -0.00315478 -0.00020177 0.00290337 0.00616321 0.0095772 0.0131375 0.0168466 0.0207036 0.0247388 0.0289555 0.0333656 0.0379901 0.0428175 0.0478667 0.0530815 0.0583958 0.0636858 0.0687626 0.0734214 0.0773781 0.080371 0.0821312 0.0824539 0.0812333 0.0784648 0.0743213 0.0690977 0.0632567 0.0573539 0.0519864 0.0477535 0.0451417 0.0445352 
0 -0.00997116 -0.0197749 -0.0291988 -0.0380901 -0.0462283 -0.0534497 -0.059615 -0.0645909 -0.0683703 -0.0709357 -0.0723865 -0.072878 -0.0725739 -0.071733 -0.0705416 -0.0692063 -0.0678849 -0.066663 -0.0656376 -0.0648065 -0.0641609 -0.0636505 -0.0632081 -0.0627971 -0.0623734 -0.0619071 -0.0613507 -0.0606921 -0.0599179 -0.0590521 -0.0581094 -0.0570678 -0.0559571 -0.0547842 -0.0535865 -0.0523855 -0.0511692 -0.0499524 -0.0487743 -0.0476498 -0.0465728 -0.0455588 -0.0445918 -0.0437201 -0.0429416 -0.0422171 -0.0415731 -0.0410154 -0.0405418 -0.0401359 -0.0397901 -0.0395008 -0.0392945 -0.0391337 -0.0390008 -0.0389184 -0.0388856 -0.0388833 -0.0388858 -0.0389266 -0.0389966 -0.0390727 -0.0391476 -0.0392514 -0.0393571 -0.0394625 -0.0395681 -0.0396711 -0.0397812 -0.0398844 -0.0399737 -0.0400621 -0.0401545 -0.0402204 -0.0402929 -0.0403601 -0.0404116 -0.0404521 -0.0405054 -0.0405385 -0.0405649 -0.0405878 -0.0406136 -0.0406275 -0.0406364 -0.0406422 -0.0406542 -0.0406528 -0.0406467 -0.0406511 -0.0406492 -0.0406337 -0.0406314 -0.0406308 -0.0406115 -0.0406028 -0.040603 -0.0405856 -0.0405695 -0.0405709 -0.0405559 -0.0405362 -0.0405337 -0.0405239 -0.0405 -0.0404927 -0.0404842 -0.0404594 -0.0404432 -0.0404324 -0.0404071 -0.0403798 -0.0403609 -0.0403318 -0.0402972 -0.0402589 -0.0402233 -0.0401776 -0.0401247 -0.0400643 -0.0400099 -0.039933 -0.0398544 -0.0397725 -0.0396762 -0.0395592 -0.0394574 -0.0393297 -0.0391781 -0.0390249 -0.0388669 -0.0386768 -0.0384697 -0.0382472 -0.0380054 -0.0377408 -0.0374354 -0.0371109 -0.0367592 -0.0363658 -0.0359174 -0.0354413 -0.0349205 -0.0343402 -0.0336846 -0.0329855 -0.0322319 -0.0313794 -0.03045 -0.0294503 -0.0283647 -0.027176 -0.0258848 -0.0244804 -0.022992 -0.0213779 -0.0196191 -0.0177525 -0.0157633 -0.0136461 -0.0113856 -0.00898465 -0.00645552 -0.00381284 -0.00102476 0.00190672 0.00495581 0.00812777 0.0114055 0.0148145 0.0183494 0.0219949 0.0257465 0.0296184 0.0336352 0.0378043 0.0421509 0.046659 0.0513576 0.0562364 0.0612404 0.0663064 0.0712559 0.0759242 0.0800684 0.0834066 0.0856816 0.0865946 0.0859679 0.0836911 0.0797882 0.074468 0.0680469 0.0610298 0.0539982 0.0475844 0.0424247 0.0390346 0.0378281 
0 -0.0101169 -0.0200361 -0.0295983 -0.0385671 -0.0467797 -0.0540464 -0.0602092 -0.0652032 -0.0689429 -0.0714779 -0.072878 -0.0732755 -0.0729024 -0.0719462 -0.0706633 -0.0692352 -0.0678039 -0.0665151 -0.0654144 -0.064555 -0.0639132 -0.0634256 -0.06304 -0.0627013 -0.0623696 -0.0620043 -0.0615638 -0.0609932 -0.0603165 -0.0595291 -0.0586377 -0.057661 -0.0565607 -0.0553971 -0.0541929 -0.0529512 -0.051688 -0.050404 -0.0491296 -0.047902 -0.0467237 -0.0455649 -0.0444798 -0.0434703 -0.0425388 -0.0416927 -0.0409099 -0.040222 -0.0396385 -0.0391352 -0.0386809 -0.0383246 -0.0380461 -0.0378227 -0.0376597 -0.0375528 -0.0375002 -0.0374894 -0.0375144 -0.0375561 -0.0376567 -0.0377781 -0.0379012 -0.0380369 -0.0382103 -0.0383781 -0.0385386 -0.0387224 -0.0389111 -0.0390753 -0.039227 -0.039412 -0.0395803 -0.0397191 -0.0398477 -0.0400014 -0.0401274 -0.0402389 -0.0403418 -0.0404512 -0.0405382 -0.0406221 -0.0406965 -0.0407685 -0.0408249 -0.0408813 -0.040932 -0.0409729 -0.0410059 -0.0410423 -0.0410695 -0.0410851 -0.041106 -0.0411219 -0.0411257 -0.0411295 -0.0411377 -0.0411291 -0.0411213 -0.0411162 -0.0411022 -0.0410781 -0.0410639 -0.041039 -0.0410051 -0.040974 -0.0409418 -0.0408941 -0.0408477 -0.0408013 -0.040742 -0.0406773 -0.0406121 -0.0405392 -0.0404525 -0.0403682 -0.040274 -0.0401685 -0.0400481 -0.0399389 -0.0398099 -0.0396599 -0.0394983 -0.0393582 -0.039183 -0.0389806 -0.0387725 -0.0385787 -0.0383432 -0.0380844 -0.0378185 -0.0375412 -0.0372206 -0.0368832 -0.0365398 -0.0361462 -0.0357061 -0.0352492 -0.0347707 -0.0342159 -0.0336224 -0.0329851 -0.0322909 -0.0315208 -0.0306937 -0.0297932 -0.0288216 -0.0277639 -0.0265931 -0.025346 -0.0240117 -0.0225575 -0.0209721 -0.019298 -0.0174987 -0.0155695 -0.0135105 -0.0113125 -0.00901141 -0.00658528 -0.00401301 -0.00131028 0.00148626 0.00440075 0.00742073 0.0105532 0.0137948 0.0170907 0.0204791 0.0239567 0.0275187 0.0311604 0.0348646 0.0386515 0.0425537 0.0465904 0.0507528 0.0550703 0.0595258 0.0641264 0.0688327 0.073507 0.0780291 0.0821609 0.0856738 0.0883074 0.089742 0.0897484 0.0880988 0.084719 0.0796761 0.0731621 0.0655798 0.0574179 0.0493022 0.0419036 0.0358507 0.0317282 0.0299337 
0 -0.0101547 -0.0201267 -0.0296945 -0.0386826 -0.0468732 -0.0540922 -0.0602175 -0.065126 -0.0688102 -0.0712673 -0.0725739 -0.0729024 -0.072412 -0.071374 -0.0699923 -0.0684512 -0.0669453 -0.0655506 -0.0643954 -0.0635063 -0.0628579 -0.0624225 -0.0621029 -0.0618632 -0.061658 -0.0614346 -0.0611344 -0.0607304 -0.0601892 -0.0595391 -0.0587894 -0.0578935 -0.0569015 -0.0557877 -0.0546145 -0.053398 -0.0521158 -0.0508028 -0.0494718 -0.0481672 -0.046866 -0.0456036 -0.0443624 -0.0431987 -0.0421194 -0.0410972 -0.0401527 -0.0392971 -0.0385468 -0.0378632 -0.0372915 -0.0367839 -0.0363846 -0.036067 -0.0358017 -0.0356039 -0.0354949 -0.0354399 -0.0354144 -0.0354656 -0.0355366 -0.0356483 -0.0357785 -0.0359583 -0.0361415 -0.0363515 -0.0365589 -0.0367805 -0.0370029 -0.0372425 -0.0374818 -0.0376952 -0.0379104 -0.0381307 -0.0383527 -0.0385399 -0.038731 -0.0389035 -0.039087 -0.0392399 -0.0393918 -0.0395202 -0.0396627 -0.0397725 -0.0398859 -0.0399791 -0.0400781 -0.0401505 -0.0402305 -0.0402889 -0.0403505 -0.040393 -0.0404397 -0.0404668 -0.040498 -0.0405117 -0.0405276 -0.0405275 -0.0405298 -0.0405153 -0.0405038 -0.040476 -0.0404498 -0.0404079 -0.0403685 -0.0403106 -0.0402571 -0.0401845 -0.0401142 -0.0400257 -0.0399415 -0.0398315 -0.0397304 -0.0396076 -0.0394838 -0.0393344 -0.0391988 -0.0390325 -0.0388671 -0.0386738 -0.0384876 -0.038278 -0.0380701 -0.0378178 -0.0375693 -0.0373138 -0.0370465 -0.0367328 -0.0364106 -0.0360808 -0.0357304 -0.0353474 -0.0349293 -0.0344973 -0.0340195 -0.0335216 -0.0329768 -0.0323982 -0.0317527 -0.0310823 -0.030328 -0.0295335 -0.0286842 -0.0277498 -0.0267204 -0.0256334 -0.0244609 -0.0231679 -0.0217966 -0.0203057 -0.0187184 -0.016992 -0.0151471 -0.0131696 -0.0110926 -0.00887594 -0.00650991 -0.00403389 -0.00143642 0.00127219 0.00411529 0.00705042 0.0100898 0.013183 0.0163738 0.0196561 0.0229735 0.0263522 0.0297498 0.0332037 0.0367086 0.0402401 0.0437971 0.0474125 0.0511048 0.0549011 0.0588179 0.0628214 0.0669663 0.0712048 0.075494 0.0797332 0.0837036 0.0872405 0.090059 0.091894 0.0924748 0.0915037 0.0888279 0.0843578 0.0781816 0.0705573 0.0618624 0.052653 0.0435523 0.0352428 0.0284022 0.0235936 0.0212644 
0 -0.0101304 -0.0200523 -0.0295928 -0.0385049 -0.0466233 -0.0537555 -0.0597637 -0.0645878 -0.0681544 -0.0705184 -0.071733 -0.0719462 -0.071374 -0.0702176 -0.0687335 -0.067091 -0.0654675 -0.0639894 -0.0627471 -0.0618096 -0.0611483 -0.0607352 -0.0604824 -0.0603502 -0.0602855 -0.0602248 -0.0601233 -0.0599019 -0.0595669 -0.059108 -0.0585242 -0.0578129 -0.05696 -0.0559833 -0.0549213 -0.0537735 -0.0525369 -0.0512445 -0.0498882 -0.048532 -0.0471694 -0.0457906 -0.044443 -0.043128 -0.0418624 -0.0406604 -0.0395187 -0.0384562 -0.0375046 -0.036629 -0.0358446 -0.0351566 -0.0345658 -0.0340719 -0.0336653 -0.0333494 -0.0331139 -0.0329477 -0.0328482 -0.0328121 -0.0328268 -0.0329106 -0.0330221 -0.0331592 -0.0333399 -0.0335481 -0.0337646 -0.0340175 -0.034276 -0.0345254 -0.0347874 -0.0350629 -0.0353366 -0.0355983 -0.0358454 -0.0360942 -0.0363496 -0.0365773 -0.0367913 -0.0370027 -0.0372054 -0.0373882 -0.0375655 -0.0377229 -0.0378767 -0.0380167 -0.0381424 -0.0382547 -0.0383675 -0.0384545 -0.0385372 -0.0386133 -0.0386751 -0.0387185 -0.038769 -0.0387974 -0.0388138 -0.0388272 -0.0388341 -0.0388148 -0.0388009 -0.0387752 -0.0387323 -0.0386801 -0.0386306 -0.038554 -0.0384738 -0.0383874 -0.0382868 -0.0381676 -0.0380526 -0.0379152 -0.0377673 -0.0376095 -0.0374425 -0.0372562 -0.037065 -0.0368497 -0.0366299 -0.0364011 -0.0361489 -0.0358727 -0.0355997 -0.03531 -0.0349979 -0.0346599 -0.0343043 -0.0339452 -0.0335648 -0.0331388 -0.0326941 -0.0322354 -0.0317296 -0.0312013 -0.0306413 -0.0300228 -0.0293571 -0.0286619 -0.0279048 -0.0270922 -0.0262109 -0.0252634 -0.0242403 -0.0231351 -0.0219466 -0.0206731 -0.0192924 -0.0178051 -0.0161986 -0.0144719 -0.0126448 -0.0106718 -0.00856473 -0.00634062 -0.0039817 -0.0014851 0.00112956 0.00387587 0.00670947 0.00964217 0.0126949 0.0158158 0.0190067 0.0222435 0.025527 0.0288541 0.0321977 0.0355275 0.0388613 0.0422001 0.0455408 0.048882 0.0522006 0.055548 0.0589408 0.0624169 0.0659769 0.0696211 0.0733681 0.0771818 0.081023 0.084731 0.0881365 0.0910091 0.0930859 0.0941182 0.0937889 0.0918749 0.0881828 0.0826676 0.0754566 0.0667904 0.0571221 0.0469796 0.0370175 0.0279391 0.0203987 0.0150154 0.0122091 
0 -0.0100639 -0.0199166 -0.0293664 -0.0381776 -0.0461727 -0.0531687 -0.0590413 -0.0637275 -0.0671743 -0.0694278 -0.0705416 -0.0706633 -0.0699923 -0.0687335 -0.0671351 -0.065367 -0.0636132 -0.0620042 -0.0606464 -0.0596207 -0.0589071 -0.0584892 -0.0582824 -0.0582395 -0.0583095 -0.0584172 -0.0585138 -0.0585237 -0.0584302 -0.058221 -0.0578828 -0.0574015 -0.0567691 -0.055987 -0.0550876 -0.0540745 -0.0529457 -0.0517317 -0.0504232 -0.0490702 -0.0476683 -0.0462259 -0.0447795 -0.043334 -0.0419158 -0.0405379 -0.0392023 -0.0379282 -0.0367385 -0.0356179 -0.034606 -0.0336872 -0.0328679 -0.0321598 -0.0315449 -0.0310296 -0.0306155 -0.030289 -0.0300525 -0.0299027 -0.0298016 -0.0297787 -0.0298131 -0.0298974 -0.0300278 -0.0301983 -0.0303926 -0.0306226 -0.0308629 -0.0311283 -0.0314195 -0.0316961 -0.0319732 -0.0322741 -0.0325686 -0.0328417 -0.0331233 -0.0333907 -0.0336507 -0.033898 -0.0341358 -0.0343561 -0.0345724 -0.0347625 -0.0349528 -0.0351249 -0.0352779 -0.0354198 -0.0355636 -0.03567 -0.0357741 -0.0358752 -0.0359524 -0.0360068 -0.0360756 -0.0361141 -0.0361332 -0.0361556 -0.0361679 -0.036143 -0.0361286 -0.0361024 -0.0360474 -0.0359841 -0.0359281 -0.0358333 -0.0357327 -0.0356315 -0.035509 -0.0353604 -0.0352222 -0.0350574 -0.0348757 -0.0346855 -0.0344861 -0.0342583 -0.0340299 -0.0337788 -0.0335159 -0.0332333 -0.0329382 -0.0326273 -0.0323057 -0.0319442 -0.0315794 -0.0312084 -0.0307977 -0.0303566 -0.0299107 -0.0294301 -0.0289172 -0.0283817 -0.027799 -0.0271818 -0.0265219 -0.0258164 -0.0250648 -0.0242584 -0.0233718 -0.0224385 -0.0214277 -0.0203389 -0.0191716 -0.0179085 -0.0165425 -0.0150813 -0.0135 -0.0118061 -0.00999757 -0.00804707 -0.00597837 -0.00376465 -0.00141562 0.00105529 0.00365202 0.00637663 0.0092081 0.0121547 0.0151829 0.0182888 0.0214786 0.0247042 0.0279695 0.0312445 0.0345311 0.0378216 0.0410845 0.0443019 0.0474762 0.0506075 0.0536998 0.0567488 0.0597489 0.062753 0.0657777 0.068869 0.0720274 0.0752516 0.078561 0.0819075 0.0852424 0.0884014 0.0911959 0.0933958 0.0947314 0.0949516 0.0937557 0.0909197 0.0862781 0.0798034 0.0716432 0.0620732 0.0515504 0.0406265 0.0299572 0.0202452 0.0121586 0.00630569 0.00312223 
0 -0.00997436 -0.0197448 -0.029078 -0.0377799 -0.0456372 -0.0524857 -0.0582211 -0.062752 -0.0660759 -0.068205 -0.0692063 -0.0692352 -0.0684512 -0.067091 -0.065367 -0.0634583 -0.0615597 -0.0597912 -0.0582895 -0.05713 -0.0563147 -0.0558387 -0.0556312 -0.0556403 -0.0558168 -0.0560823 -0.0563688 -0.056624 -0.0567882 -0.0568544 -0.0568018 -0.056592 -0.056245 -0.0557282 -0.0550672 -0.0542631 -0.0533117 -0.0522376 -0.0510389 -0.0497504 -0.048365 -0.0469252 -0.0454296 -0.0438972 -0.0423541 -0.040813 -0.0392955 -0.0378192 -0.0363997 -0.0350313 -0.033778 -0.032594 -0.031508 -0.03054 -0.0296796 -0.0289287 -0.0282896 -0.027749 -0.0273103 -0.0269886 -0.0267252 -0.0265607 -0.0264719 -0.0264545 -0.0264786 -0.0265665 -0.0267042 -0.0268859 -0.0270767 -0.0273074 -0.0275808 -0.0278401 -0.0281123 -0.0284132 -0.0287154 -0.0289905 -0.0292897 -0.0295755 -0.029858 -0.0301181 -0.030382 -0.0306263 -0.0308671 -0.0310746 -0.0312923 -0.0314852 -0.0316582 -0.0318192 -0.031985 -0.032105 -0.0322253 -0.0323426 -0.0324315 -0.0324946 -0.0325753 -0.032621 -0.032643 -0.0326709 -0.0326861 -0.0326585 -0.0326429 -0.032615 -0.0325519 -0.0324805 -0.0324179 -0.0323102 -0.0321952 -0.0320814 -0.0319433 -0.0317731 -0.0316185 -0.0314328 -0.0312271 -0.0310116 -0.0307931 -0.0305345 -0.0302779 -0.0299987 -0.0297125 -0.0293929 -0.0290668 -0.0287215 -0.0283712 -0.0279688 -0.0275683 -0.0271545 -0.0267016 -0.0262101 -0.0257222 -0.0251894 -0.0246091 -0.0240055 -0.0233636 -0.0226768 -0.0219265 -0.0211356 -0.0202895 -0.0193783 -0.0183761 -0.0173353 -0.0161932 -0.0149572 -0.0136327 -0.0122092 -0.0106698 -0.00902505 -0.00724747 -0.00533992 -0.00332498 -0.0011507 0.00114449 0.00357231 0.00612431 0.00880922 0.0116042 0.014512 0.017513 0.0205905 0.023742 0.0269383 0.0301795 0.0334272 0.0366889 0.0399186 0.0431216 0.0462832 0.0493615 0.0523751 0.055292 0.0581294 0.0608944 0.0635763 0.0661967 0.068796 0.0714003 0.0740566 0.0767799 0.0795589 0.0824202 0.0853 0.0881247 0.0907458 0.0929303 0.0944699 0.0950798 0.0945006 0.0924761 0.0887592 0.0832419 0.0759065 0.0669136 0.0565889 0.0453639 0.0338277 0.0226207 0.0124327 0.00395291 -0.00224847 -0.00570808 
0 -0.00991016 -0.0195835 -0.0288379 -0.0374044 -0.0451266 -0.0518304 -0.0573914 -0.0617913 -0.0649638 -0.0669758 -0.0678849 -0.0678039 -0.0669453 -0.0654675 -0.0636132 -0.0615597 -0.0594726 -0.0575321 -0.0558389 -0.0544984 -0.0535358 -0.0529453 -0.05268 -0.0526976 -0.0529312 -0.0533034 -0.0537709 -0.0542279 -0.0546644 -0.0550207 -0.0552537 -0.0553757 -0.0553283 -0.055129 -0.0547621 -0.0542192 -0.0535094 -0.0526553 -0.0516376 -0.0504762 -0.0492038 -0.0478003 -0.0463359 -0.0447809 -0.0431606 -0.0415199 -0.0398716 -0.0382228 -0.0365936 -0.0350194 -0.0334986 -0.032073 -0.0307138 -0.0294579 -0.0283178 -0.0273059 -0.0263858 -0.0255781 -0.0249156 -0.0243476 -0.023876 -0.0235146 -0.0232633 -0.0230674 -0.0229651 -0.0229223 -0.022951 -0.023032 -0.0231577 -0.0233121 -0.0235121 -0.0237354 -0.023979 -0.0242473 -0.0245096 -0.0247857 -0.0250718 -0.0253622 -0.0256281 -0.0259032 -0.0261649 -0.0264311 -0.0266647 -0.0268946 -0.0271141 -0.0273292 -0.027501 -0.0276841 -0.0278499 -0.0279894 -0.0281096 -0.0282431 -0.0283311 -0.028409 -0.0284863 -0.0285433 -0.0285624 -0.0285982 -0.0286068 -0.0285866 -0.0285622 -0.0285375 -0.0284645 -0.0283952 -0.0283181 -0.0282114 -0.0280804 -0.027965 -0.0278081 -0.0276356 -0.0274588 -0.0272718 -0.0270409 -0.0268199 -0.026577 -0.0263169 -0.0260291 -0.0257431 -0.0254279 -0.0251067 -0.0247508 -0.0243885 -0.0240014 -0.0236002 -0.0231691 -0.0227173 -0.0222247 -0.021721 -0.0211917 -0.0206022 -0.0199777 -0.0193248 -0.0186238 -0.017858 -0.0170516 -0.0161658 -0.0152321 -0.0142167 -0.0131204 -0.0119358 -0.0106794 -0.00929744 -0.00780471 -0.00621652 -0.00450891 -0.00266096 -0.000674548 0.00141609 0.00366028 0.00603244 0.00853819 0.0111613 0.0139024 0.016744 0.0197036 0.0227398 0.0258224 0.0289892 0.0321743 0.0353859 0.038595 0.0417774 0.0449227 0.0480213 0.0510335 0.0539515 0.0567809 0.0594712 0.0620654 0.0645309 0.0668839 0.0691554 0.0713421 0.073506 0.0756752 0.0778941 0.0801759 0.0825401 0.0849573 0.0873868 0.0897355 0.0918076 0.0934315 0.094322 0.094237 0.0929247 0.0900958 0.085598 0.0792798 0.0711863 0.0615075 0.0505395 0.0387902 0.0267909 0.0152053 0.00472228 -0.00402696 -0.0104228 -0.0140634 
0 -0.00984753 -0.0194764 -0.0286201 -0.0371007 -0.0446881 -0.0512427 -0.056678 -0.0609092 -0.0639695 -0.0658588 -0.066663 -0.0665151 -0.0655506 -0.0639894 -0.0620042 -0.0597912 -0.0575321 -0.0553794 -0.0534737 -0.0519113 -0.050747 -0.0499785 -0.0496059 -0.0495554 -0.0497865 -0.0502267 -0.0507836 -0.051439 -0.0520885 -0.0527073 -0.0532489 -0.0536642 -0.053962 -0.0541007 -0.0540614 -0.0538349 -0.0534359 -0.0528481 -0.0520972 -0.0511564 -0.0500358 -0.0487933 -0.0474077 -0.0459046 -0.0442972 -0.0426211 -0.0408953 -0.0391483 -0.0373666 -0.0355907 -0.0338791 -0.0322072 -0.0305922 -0.0290634 -0.0276455 -0.0263202 -0.0251142 -0.0240212 -0.0230616 -0.0222368 -0.0215153 -0.0208964 -0.0204052 -0.0200324 -0.0197272 -0.0195141 -0.0193955 -0.0193395 -0.019316 -0.0193775 -0.0195027 -0.0196362 -0.0197837 -0.0199944 -0.0202337 -0.0204615 -0.0206976 -0.0209574 -0.0212224 -0.0214724 -0.0217232 -0.021973 -0.0222121 -0.022433 -0.0226568 -0.022861 -0.0230451 -0.023222 -0.0233936 -0.0235302 -0.0236611 -0.0237852 -0.0238835 -0.0239594 -0.0240398 -0.0240915 -0.0241215 -0.024148 -0.02416 -0.024138 -0.0241168 -0.0240806 -0.0240156 -0.0239384 -0.02386 -0.0237462 -0.0236204 -0.02349 -0.023337 -0.0231561 -0.0229786 -0.0227781 -0.022554 -0.0223197 -0.0220774 -0.0218024 -0.021519 -0.0212263 -0.02091 -0.0205615 -0.0202117 -0.0198529 -0.0194537 -0.0190137 -0.0185774 -0.0181298 -0.0176174 -0.0170623 -0.0164993 -0.0159014 -0.0152291 -0.0145205 -0.013769 -0.012945 -0.0120401 -0.0110982 -0.0100779 -0.0089465 -0.00772237 -0.00642623 -0.00501419 -0.00347594 -0.00183005 -5.50336e-05 0.00184785 0.00389397 0.00607423 0.00838337 0.0108015 0.0133737 0.0160694 0.0188513 0.0217312 0.0247076 0.0277535 0.0308427 0.0339749 0.0371112 0.0402767 0.0434132 0.0464899 0.0495151 0.0524625 0.0553133 0.0580472 0.0606501 0.0631021 0.0654359 0.0676063 0.0696386 0.0715545 0.0733534 0.07511 0.0768286 0.0785688 0.0803689 0.0822474 0.0842148 0.0862411 0.0882629 0.0901544 0.0917589 0.0928286 0.093137 0.0924113 0.0903851 0.0868579 0.0816124 0.0746057 0.0658729 0.0556052 0.0441794 0.0320208 0.0197329 0.00793244 -0.00272618 -0.0115707 -0.01808 -0.0217956 
