0 0 0 0 0 0 0 0 0 0 0 0 0 0 0 0 0 0 0 0 0 0 0 0 0 0 0 0 0 0 0 0 0 0 0 0 0 0 0 0 0 0 0 0 0 0 0 0 0 0 0 0 0 0 0 0 0 0 0 0 0 0 0 0 0 0 0 0 0 0 0 0 0 0 0 0 0 0 0 0 0 0 0 0 0 0 0 0 0 0 0 0 0 0 0 0 0 0 0 0 0 0 0 0 0 0 0 0 0 0 0 0 0 0 0 0 0 0 0 0 0 0 0 0 0 0 0 0 0 0 0 0 0 0 0 0 0 0 0 0 0 0 0 0 0 0 0 0 0 0 0 0 0 0 0 0 0 0 0 0 0 0 0 0 0 0 0 0 0 0 0 0 0 0 0 0 0 0 0 0 0 0 0 0 0 0 0 0 0 0 0 0 0 0 0 0 0 0 0 0 
0 -2.10485e-06 3.8499e-06 -3.02931e-06 2.46868e-06 2.91735e-06 8.55833e-07 8.7368e-06 6.61493e-06 1.48898e-05 2.29434e-05 3.50993e-05 5.8288e-05 8.60101e-05 0.000133447 0.000188329 0.000273594 0.000377158 0.000509833 0.000690768 0.000889047 0.00115262 0.00144625 0.00177311 0.00215272 0.00252095 0.00290383 0.00325036 0.00352362 0.0037112 0.00376786 0.00367556 0.00342433 0.00302443 0.00245738 0.00178533 0.00102084 0.000208842 -0.000565325 -0.00128097 -0.00186798 -0.0023153 -0.00259444 -0.00272429 -0.00270814 -0.00255866 -0.00232908 -0.00204274 -0.00173737 -0.00142709 -0.00115784 -0.000896033 -0.00067414 -0.00050694 -0.000361173 -0.000233247 -0.000131554 -5.64349e-05 2.17868e-05 8.0544e-05 0.000143464 0.000192229 0.000243759 0.000292929 0.000336229 0.000373979 0.000422132 0.000467968 0.00049533 0.00053583 0.000576527 0.000615082 0.000643582 0.000680295 0.00070946 0.000749679 0.000778471 0.000803013 0.000832162 0.00087151 0.000891986 0.000911914 0.000944224 0.000972688 0.000988305 0.00100931 0.00103678 0.00105451 0.00107102 0.00108864 0.00110775 0.00112088 0.00113619 0.00114619 0.00116029 0.00117033 0.00117972 0.00118374 0.00119512 0.00119917 0.00120219 0.00120327 0.00120991 0.00120693 0.00120633 0.00120389 0.00120361 0.0011967 0.00119288 0.00118413 0.00117931 0.00117127 0.00116018 0.00114654 0.00114187 0.00112977 0.00110929 0.00109798 0.001092 0.00107168 0.00104826 0.00104202 0.00102748 0.001005 0.000984766 0.000975406 0.00095518 0.00094087 0.000917287 0.000902493 0.00089025 0.000878809 0.000850016 0.000840678 0.000836608 0.0008219 0.000804615 0.000798449 0.00080079 0.000798942 0.000798925 0.000797603 0.000829419 0.000856921 0.000894841 0.000956795 0.00105216 0.00116322 0.00132545 0.0015312 0.00174864 0.00200319 0.00227032 0.00253643 0.0027494 0.00289548 0.00292121 0.00281162 0.0025553 0.00214678 0.00159149 0.000895086 0.000133891 -0.000683619 -0.00146717 -0.00216753 -0.00276716 -0.00321721 -0.00351464 -0.00365764 -0.00365646 -0.00350605 -0.00327057 -0.00294877 -0.00258164 -0.00222576 -0.00185485 -0.00153277 -0.00124034 -0.000980721 -0.000774475 -0.000592858 -0.000455547 -0.00034338 -0.000261674 -0.000199047 -0.000152821 -0.000125583 -9.64653e-05 -8.82754e-05 -7.54362e-05 -6.7843e-05 -7.23444e-05 -6.24732e-05 -6.94197e-05 -6.80558e-05 -6.30064e-05 -7.06611e-05 -6.07773e-05 -6.56336e-05 
0 3.8499e-06 -2.41942e-06 5.77159e-06 3.42391e-06 2.29151e-06 1.03453e-05 8.50487e-06 1.74321e-05 3.17583e-05 4.38564e-05 7.52147e-05 0.000116254 0.000170747 0.000263955 0.000381183 0.000543119 0.000767093 0.00103594 0.00138389 0.00180758 0.00230048 0.00289113 0.00355416 0.00427782 0.0050496 0.00580344 0.00649189 0.00705386 0.00741226 0.00752078 0.00733919 0.00685061 0.0060367 0.00493954 0.00359241 0.00204677 0.000456193 -0.00111083 -0.00252794 -0.00368522 -0.0045671 -0.0051474 -0.00540267 -0.00536571 -0.00509966 -0.00460784 -0.00403306 -0.00343256 -0.00283355 -0.00227249 -0.00175786 -0.00131846 -0.000945624 -0.000669009 -0.000436136 -0.000239918 -3.3755e-05 0.000107889 0.000204809 0.000321758 0.000449324 0.000558144 0.000637839 0.000729147 0.000807417 0.00091961 0.000994287 0.00106582 0.00113641 0.00123398 0.00129995 0.00137084 0.00143655 0.00150558 0.00158126 0.00164358 0.00169522 0.00175375 0.0018347 0.00187332 0.00192297 0.00197837 0.00204494 0.00206844 0.00212285 0.00216451 0.00221406 0.00223511 0.00228395 0.00230833 0.00234934 0.00236613 0.0024006 0.00241483 0.00244886 0.00245402 0.00247654 0.00248486 0.00250678 0.00249957 0.00251554 0.00251428 0.00252252 0.00250752 0.00251624 0.00250139 0.00250155 0.00247943 0.00247614 0.00245194 0.00244865 0.00241303 0.00239943 0.00237503 0.00236215 0.00231094 0.00229767 0.0022729 0.00224094 0.00218791 0.00217698 0.00214264 0.00209922 0.00205805 0.00203275 0.00199632 0.00195835 0.00191985 0.00187535 0.00185901 0.00182251 0.00178287 0.00174109 0.00173576 0.00170245 0.00168945 0.00165603 0.00164155 0.00165025 0.00167628 0.0016692 0.00168268 0.00176141 0.00186127 0.00199219 0.00214326 0.00238698 0.00270647 0.00310682 0.00355813 0.00407155 0.00458331 0.00508127 0.00553425 0.00579961 0.00585131 0.0056356 0.00511056 0.00427042 0.0031662 0.00179701 0.000253807 -0.00133705 -0.00290862 -0.00431999 -0.00550309 -0.00640577 -0.00700001 -0.00727965 -0.00726159 -0.00699545 -0.00650972 -0.00588278 -0.00517825 -0.00443521 -0.00372169 -0.00306391 -0.00246794 -0.00196561 -0.00154168 -0.00118567 -0.000912755 -0.000690018 -0.000516946 -0.000399635 -0.000302835 -0.000240612 -0.000206279 -0.000169516 -0.000159922 -0.000149401 -0.000133055 -0.000140301 -0.000126266 -0.000126137 -0.00013348 -0.000120694 -0.000134493 -0.000129075 
0 -3.02931e-06 5.77159e-06 -2.03003e-06 6.00414e-06 8.21081e-06 8.40388e-06 2.24183e-05 2.5842e-05 4.70414e-05 7.23823e-05 0.000113047 0.000179511 0.000268008 0.000406722 0.000580682 0.000832728 0.00115129 0.00155726 0.00208888 0.00270368 0.00347626 0.00435748 0.00534411 0.00645434 0.0075721 0.00870115 0.00972653 0.0105457 0.0110921 0.0112588 0.0109877 0.010249 0.00905505 0.00739688 0.00540091 0.00313755 0.000752806 -0.00155027 -0.00365944 -0.0054034 -0.00673053 -0.0075775 -0.00796985 -0.00793033 -0.00750992 -0.00682757 -0.00598153 -0.005074 -0.00415929 -0.00333178 -0.00255184 -0.00188279 -0.00135178 -0.00090598 -0.000523079 -0.000207901 4.77751e-05 0.000281733 0.000467445 0.000656922 0.000821894 0.00098376 0.00113276 0.00126984 0.00139654 0.00154474 0.00168041 0.00178181 0.00190427 0.00203176 0.0021496 0.00224842 0.00235801 0.00245706 0.00257465 0.00266817 0.0027507 0.00284338 0.00295524 0.00302667 0.00309679 0.00318918 0.00327535 0.00333155 0.00339938 0.00347619 0.00353643 0.00358856 0.00364457 0.00369928 0.00374504 0.00378883 0.00382431 0.00386363 0.00389741 0.00392353 0.00394167 0.00397003 0.0039859 0.00399352 0.0040004 0.00401375 0.00400966 0.00400446 0.00399914 0.0039932 0.00397555 0.00395873 0.00393597 0.00391569 0.00389045 0.00385465 0.00381742 0.00379274 0.00375475 0.00369655 0.00365927 0.0036287 0.00357023 0.00350317 0.00347182 0.00342295 0.0033562 0.0032937 0.00325338 0.00319329 0.0031397 0.00307115 0.00301842 0.00297487 0.00292797 0.0028516 0.00280956 0.00278449 0.00273792 0.00268909 0.0026594 0.00265121 0.00264354 0.00264411 0.00264422 0.00271073 0.00279563 0.00291735 0.00310191 0.00336989 0.00371308 0.00419067 0.00478787 0.00544351 0.00619046 0.00696775 0.00772612 0.00834609 0.00874503 0.00879888 0.00845185 0.00766537 0.0064254 0.00475719 0.00269638 0.000416085 -0.00199291 -0.00431968 -0.00641158 -0.00818626 -0.00953118 -0.0104216 -0.010851 -0.0108453 -0.0104255 -0.00972257 -0.00878132 -0.00771124 -0.00663661 -0.00555463 -0.00458466 -0.00370982 -0.00294378 -0.00231713 -0.00178216 -0.00136669 -0.00103383 -0.00078419 -0.000597774 -0.000459937 -0.000370775 -0.000296089 -0.000260505 -0.000228502 -0.000209205 -0.000209419 -0.000194252 -0.000201815 -0.000199142 -0.00019255 -0.000203295 -0.000191472 -0.00019469 
0 2.46868e-06 3.42391e-06 6.00414e-06 8.02265e-06 1.06547e-05 1.75072e-05 2.59682e-05 4.01035e-05 6.63652e-05 0.000101285 0.000159542 0.000246473 0.000367434 0.000549717 0.000793078 0.00112459 0.00156334 0.00211362 0.00281088 0.00365326 0.00465804 0.00583133 0.00715129 0.00859865 0.0101065 0.0115936 0.0129468 0.0140392 0.0147493 0.0149646 0.0146098 0.0136448 0.0120601 0.00990176 0.00726437 0.00427477 0.00115213 -0.00189732 -0.00466754 -0.00696702 -0.00871545 -0.0098594 -0.0103863 -0.0103437 -0.00981749 -0.00890749 -0.00778937 -0.00659231 -0.00539565 -0.00427038 -0.00323603 -0.00233824 -0.00159267 -0.000992144 -0.000490516 -6.1854e-05 0.000324649 0.00063673 0.000885116 0.00113467 0.00138268 0.00160909 0.00180531 0.00199455 0.0021786 0.00238488 0.00256223 0.00271848 0.00288209 0.00306221 0.00321975 0.00336765 0.00351287 0.00365907 0.00381224 0.00394614 0.004065 0.00419468 0.00433879 0.00444389 0.00454848 0.00466703 0.00478449 0.00486688 0.00496418 0.00505985 0.00514908 0.00521877 0.00529936 0.00536754 0.00543698 0.00549087 0.00554646 0.00559327 0.00564433 0.00567473 0.00570762 0.00573697 0.00576434 0.00577068 0.00578605 0.00579456 0.00579656 0.00578389 0.0057812 0.00576543 0.00574776 0.00571761 0.00569275 0.00565746 0.00562547 0.00557262 0.00552829 0.00548304 0.00543265 0.00535573 0.00530398 0.00524956 0.00517444 0.00508671 0.00503261 0.00496148 0.00487204 0.00478702 0.00471897 0.00463965 0.00455571 0.00446724 0.0043841 0.00432088 0.00424382 0.00415297 0.00407724 0.00403108 0.00396733 0.00390871 0.00385096 0.00381865 0.00381321 0.00382218 0.00382066 0.00386838 0.00399142 0.00417029 0.00441617 0.00474702 0.00521577 0.00584285 0.00661826 0.00750009 0.00847794 0.00947913 0.0104398 0.0112489 0.0117347 0.0117812 0.0112991 0.0102243 0.00855009 0.00632579 0.00361125 0.000577434 -0.00257981 -0.00565725 -0.00843773 -0.010776 -0.0125641 -0.0137467 -0.0143164 -0.0143065 -0.0137846 -0.0128546 -0.0116315 -0.0102439 -0.00880257 -0.00739427 -0.00609566 -0.00492852 -0.00392365 -0.003079 -0.00237716 -0.00182197 -0.00137979 -0.00104208 -0.00079479 -0.000610454 -0.000485625 -0.000401616 -0.000343442 -0.000310498 -0.000288367 -0.000272486 -0.000267537 -0.000259883 -0.00025774 -0.000257978 -0.000253415 -0.000259397 -0.000259147 
0 2.91735e-06 2.29151e-06 8.21081e-06 1.06547e-05 1.62709e-05 2.62357e-05 3.66094e-05 5.82354e-05 8.95861e-05 0.000137553 0.000212801 0.000323461 0.000483187 0.000710614 0.00102344 0.00143958 0.00198936 0.00268582 0.00355414 0.00461805 0.00587466 0.00734115 0.00899217 0.0107829 0.0126553 0.0144875 0.0161544 0.0175022 0.0183752 0.0186434 0.0182083 0.0170206 0.0150678 0.0124182 0.00917417 0.00551346 0.00168531 -0.00206273 -0.00546591 -0.0083164 -0.0104839 -0.0119104 -0.0125784 -0.0125453 -0.0119168 -0.0108222 -0.00945575 -0.00797015 -0.00648247 -0.00506393 -0.00377028 -0.00263869 -0.00168604 -0.00090506 -0.000250903 0.000307672 0.000799117 0.00120455 0.00155059 0.00187579 0.00219392 0.00248593 0.0027498 0.0030001 0.0032476 0.00350337 0.00373559 0.00395081 0.00416492 0.00439043 0.00459783 0.00479479 0.00498325 0.00517657 0.00536762 0.00554382 0.00570538 0.00587499 0.00604728 0.00619442 0.00633522 0.00648358 0.00662759 0.00674757 0.00687053 0.00699122 0.00710506 0.00720235 0.00730174 0.00739169 0.00747898 0.00755156 0.00762204 0.00768407 0.0077451 0.00778853 0.00783074 0.0078669 0.00789859 0.00791249 0.00792916 0.00793789 0.0079394 0.00792686 0.00791813 0.00789822 0.0078731 0.00783581 0.00780037 0.00775547 0.00770745 0.00764409 0.00758478 0.00752147 0.00744984 0.00736181 0.00728659 0.0072075 0.0071113 0.00700783 0.0069215 0.00682613 0.00671375 0.0066044 0.00650457 0.0064013 0.00628695 0.00617273 0.00606352 0.00596881 0.00586085 0.00574829 0.00564676 0.0055681 0.00548163 0.00539749 0.00532164 0.00527114 0.00524782 0.00523823 0.00524321 0.00529742 0.0054362 0.00564738 0.0059478 0.00636251 0.00694762 0.00771682 0.00865935 0.00974445 0.0109315 0.0121521 0.0133049 0.014254 0.0148032 0.014813 0.0141697 0.0128029 0.0107032 0.00791857 0.0045539 0.000791641 -0.00311026 -0.00690827 -0.0103493 -0.0132415 -0.0154627 -0.0169387 -0.0176602 -0.0176621 -0.0170385 -0.0159003 -0.0144039 -0.0127026 -0.0109229 -0.00919432 -0.00758349 -0.00614051 -0.0048945 -0.00383829 -0.00296964 -0.00227187 -0.00172293 -0.00130202 -0.000991207 -0.000763889 -0.000603898 -0.000499077 -0.000423958 -0.0003812 -0.00035437 -0.000334439 -0.000330833 -0.000322195 -0.000322661 -0.00032606 -0.000320005 -0.000325891 -0.000322528 
0 8.55833e-07 1.03453e-05 8.40388e-06 1.75072e-05 2.62357e-05 3.33852e-05 5.57024e-05 7.99384e-05 0.000119423 0.000184365 0.000276031 0.000413461 0.000615884 0.000892603 0.00127431 0.00178863 0.0024454 0.0032933 0.00434498 0.00561416 0.00714002 0.00889131 0.0108616 0.0130082 0.0152176 0.0173918 0.0193626 0.0209466 0.0219793 0.0223003 0.0217899 0.0203858 0.018102 0.0149747 0.0111645 0.00688807 0.00238192 -0.00200919 -0.00601139 -0.009392 -0.011972 -0.0136659 -0.0144878 -0.0144838 -0.0137523 -0.01251 -0.0109114 -0.0091472 -0.00736409 -0.00566467 -0.00410193 -0.00272148 -0.00156582 -0.000584746 0.000241886 0.000952217 0.00153377 0.00205292 0.00251497 0.0029296 0.00331233 0.00367684 0.0040249 0.00434129 0.00466188 0.00496232 0.00526631 0.00554029 0.00581936 0.00608419 0.00635546 0.00659978 0.00684364 0.00708317 0.00731796 0.00753859 0.00774997 0.00796287 0.00816177 0.00835905 0.00853639 0.0087209 0.00888627 0.00905506 0.00919842 0.00935324 0.00948459 0.00962071 0.00973139 0.00985364 0.00994988 0.0100519 0.0101296 0.0102167 0.0102779 0.0103453 0.0103887 0.0104401 0.0104664 0.0104989 0.0105073 0.010524 0.010516 0.0105137 0.0104881 0.0104722 0.0104302 0.0103948 0.0103376 0.0102911 0.0102166 0.0101512 0.0100663 0.00999069 0.00988779 0.00979628 0.00968736 0.00958549 0.00946171 0.00934634 0.00921901 0.00909698 0.00895994 0.0088227 0.00868757 0.00855224 0.00840901 0.00825862 0.0081268 0.00798589 0.00784978 0.00770156 0.00758012 0.00745485 0.00734502 0.00721935 0.00712821 0.0070595 0.00700645 0.00696363 0.00697344 0.00705158 0.00718556 0.00742184 0.00777333 0.00828905 0.00897132 0.00987729 0.0109821 0.0122497 0.0136232 0.0150413 0.0163635 0.017393 0.017984 0.0179234 0.0170875 0.0154137 0.0128863 0.00953853 0.00553096 0.00108381 -0.00355289 -0.00803402 -0.0121059 -0.0155452 -0.0181846 -0.0199509 -0.0208288 -0.0208615 -0.0201383 -0.0188273 -0.0170789 -0.0150747 -0.0129968 -0.0109464 -0.00904047 -0.00733527 -0.00584197 -0.00458694 -0.00355089 -0.00271169 -0.00205749 -0.00155707 -0.00117809 -0.000909979 -0.000719863 -0.000583372 -0.000505669 -0.000446419 -0.00041315 -0.000403889 -0.000384314 -0.000388186 -0.000384931 -0.000378665 -0.000391022 -0.000380568 -0.000387362 
0 8.7368e-06 8.50487e-06 2.24183e-05 2.59682e-05 3.66094e-05 5.57024e-05 7.34636e-05 0.0001123 0.000162176 0.00024221 0.000357876 0.000526597 0.000768933 0.00109853 0.00156456 0.00216202 0.00295553 0.00395875 0.00517977 0.00669688 0.00845045 0.0104956 0.0127956 0.0152481 0.0178272 0.0203183 0.0225752 0.0244021 0.0255745 0.0259376 0.0253599 0.0237732 0.0211533 0.0176242 0.0132848 0.00840963 0.00331319 -0.00170074 -0.0062583 -0.0101258 -0.0130836 -0.0150741 -0.0160455 -0.0160726 -0.0153038 -0.0138928 -0.0120761 -0.0100558 -0.00801272 -0.00600391 -0.00418154 -0.00255618 -0.00114012 4.07645e-05 0.00102689 0.00187942 0.00263557 0.00326393 0.00382578 0.00432234 0.00481655 0.00526621 0.00568126 0.00607576 0.00647345 0.0068467 0.0072025 0.00756008 0.00789123 0.0082242 0.00854166 0.00885591 0.00914595 0.00944853 0.00972026 0.00999555 0.0102584 0.0105166 0.0107485 0.0109918 0.0112181 0.0114292 0.0116317 0.0118348 0.0120183 0.0121904 0.0123596 0.012515 0.0126601 0.0127941 0.0129211 0.0130316 0.0131402 0.0132303 0.0133135 0.0133838 0.0134513 0.0134952 0.0135382 0.0135681 0.0135903 0.013592 0.0135965 0.013583 0.0135618 0.0135266 0.01349 0.0134342 0.0133759 0.0133049 0.0132254 0.0131357 0.0130437 0.012935 0.0128188 0.0127045 0.0125755 0.012435 0.0122938 0.0121548 0.0119904 0.0118343 0.0116712 0.0115063 0.0113247 0.0111619 0.0109757 0.0108016 0.0106204 0.010447 0.0102615 0.0100986 0.0099221 0.00975573 0.00961109 0.00946952 0.00933102 0.00921544 0.00914917 0.00910047 0.00910072 0.00913775 0.00930446 0.0095858 0.00999183 0.0105572 0.011365 0.0123934 0.0136346 0.0150915 0.0166363 0.0181982 0.0196206 0.0207393 0.0212995 0.0211416 0.0200994 0.0180834 0.0150983 0.0112048 0.00659196 0.00145267 -0.00383664 -0.00898926 -0.013683 -0.0176293 -0.0206879 -0.0227402 -0.0237731 -0.0238333 -0.0230675 -0.0215839 -0.0196229 -0.0173716 -0.0149718 -0.0126531 -0.0104498 -0.00847604 -0.00677047 -0.00530288 -0.00411196 -0.00313889 -0.00237673 -0.00179164 -0.00135422 -0.00103984 -0.000814687 -0.00067311 -0.00056879 -0.000513043 -0.000477675 -0.000448466 -0.000448995 -0.000435183 -0.000435779 -0.000442523 -0.000434421 -0.000448972 -0.000448197 
0 6.61493e-06 1.74321e-05 2.5842e-05 4.01035e-05 5.82354e-05 7.99384e-05 0.0001123 0.000158481 0.000222633 0.000322233 0.000464407 0.000666212 0.000960826 0.00135451 0.00189405 0.0026056 0.00351273 0.0046738 0.00609494 0.00781874 0.00985674 0.0121908 0.0148025 0.0176033 0.0204887 0.0232906 0.0258178 0.0278523 0.0291673 0.0295864 0.0289485 0.0271765 0.0242847 0.0203437 0.0155401 0.0101626 0.00450759 -0.00103584 -0.00610687 -0.0104427 -0.0137882 -0.0160305 -0.0171686 -0.0172542 -0.016429 -0.0149262 -0.012933 -0.0106678 -0.00833212 -0.00605309 -0.00395053 -0.00206398 -0.000424716 0.000988076 0.00219681 0.00323157 0.00409063 0.00485765 0.00556695 0.00618689 0.00675181 0.00728538 0.00780075 0.00828644 0.00876152 0.00919044 0.00962695 0.0100544 0.0104603 0.0108402 0.0112265 0.0115937 0.0119508 0.0123002 0.0126233 0.0129455 0.0132663 0.0135671 0.0138354 0.0141266 0.0143961 0.0146445 0.0148752 0.0151232 0.0153345 0.0155414 0.0157314 0.0159235 0.0160863 0.0162518 0.0163897 0.0165293 0.0166491 0.0167628 0.0168478 0.016942 0.0170128 0.0170705 0.0171094 0.0171573 0.0171726 0.0171803 0.0171761 0.0171722 0.0171346 0.0171001 0.0170484 0.0169928 0.016912 0.0168353 0.0167327 0.0166363 0.0165175 0.016393 0.0162488 0.0161227 0.0159608 0.0157932 0.0156253 0.0154655 0.0152626 0.0150715 0.0148835 0.0146843 0.0144662 0.0142605 0.0140458 0.013829 0.0136184 0.0133912 0.0131715 0.0129651 0.0127626 0.0125435 0.0123556 0.0121675 0.0120094 0.0118704 0.0117492 0.0116568 0.0116585 0.0117274 0.0118716 0.0121584 0.0126168 0.0132861 0.0141811 0.0153247 0.0167023 0.0182884 0.0199761 0.0216743 0.0231888 0.0242947 0.0248079 0.024501 0.0232045 0.0208517 0.0174239 0.0129818 0.00775502 0.00199065 -0.00397068 -0.00973846 -0.0149972 -0.0194562 -0.0229076 -0.025252 -0.0264613 -0.0265849 -0.0257599 -0.0241566 -0.0219955 -0.019491 -0.016851 -0.0142458 -0.0117881 -0.00957899 -0.00763847 -0.00599186 -0.00463556 -0.00353055 -0.0026706 -0.00200831 -0.00151098 -0.00115606 -0.000902626 -0.000729074 -0.000621155 -0.000550329 -0.000510821 -0.000495861 -0.000482397 -0.000488731 -0.000492299 -0.000492652 -0.000505649 -0.000500579 -0.000507641 
0 1.48898e-05 3.17583e-05 4.70414e-05 6.63652e-05 8.95861e-05 0.000119423 0.000162176 0.000222633 0.000307652 0.000431379 0.000605684 0.000851444 0.00119647 0.00166111 0.00229035 0.00311104 0.00416262 0.00549022 0.00711013 0.00906801 0.0113611 0.0139842 0.0169057 0.020024 0.0232318 0.0263339 0.0291203 0.03136 0.0328051 0.0332639 0.0325753 0.030653 0.0275055 0.0232284 0.018012 0.0121652 0.00602867 -9.62724e-07 -0.00553571 -0.0102803 -0.0139704 -0.0164828 -0.0177895 -0.0179487 -0.0171188 -0.0155161 -0.0133552 -0.0108758 -0.00828844 -0.0057319 -0.00335444 -0.00120105 0.000705032 0.00235309 0.00376124 0.0049735 0.00601137 0.00692706 0.00775683 0.00848893 0.00916702 0.00980134 0.0104034 0.010979 0.0115368 0.0120457 0.0125523 0.0130573 0.013532 0.0139794 0.0144233 0.0148553 0.015273 0.0156781 0.0160496 0.0164244 0.0167985 0.0171434 0.0174535 0.0177865 0.0181012 0.0183835 0.0186504 0.0189303 0.0191786 0.0194113 0.019631 0.0198462 0.0200387 0.0202224 0.0203825 0.0205379 0.0206804 0.0208042 0.0209042 0.0210082 0.0210939 0.0211535 0.0212014 0.021253 0.0212745 0.021277 0.0212765 0.0212689 0.0212293 0.0211835 0.0211297 0.0210626 0.0209728 0.0208788 0.0207675 0.0206528 0.0205184 0.0203701 0.0202107 0.0200607 0.0198758 0.019678 0.0194885 0.0193002 0.0190658 0.0188395 0.0186232 0.0183915 0.0181332 0.0178884 0.017638 0.0173858 0.0171282 0.0168584 0.0165966 0.0163541 0.0161008 0.0158351 0.0156052 0.0153854 0.0151787 0.014993 0.0148447 0.0147388 0.0147174 0.0147669 0.014928 0.0152525 0.015763 0.0164983 0.0174912 0.0187415 0.0202392 0.0219565 0.0237601 0.0255268 0.0270626 0.0281408 0.0285437 0.0280509 0.026478 0.0237426 0.0198441 0.0148742 0.00907007 0.00270298 -0.0038557 -0.0102156 -0.0160235 -0.0209573 -0.0247973 -0.0274239 -0.0288052 -0.0290045 -0.0281688 -0.0264741 -0.0241633 -0.0214614 -0.0185847 -0.0157346 -0.0130302 -0.0105858 -0.00844172 -0.00661334 -0.00510559 -0.00387957 -0.00291743 -0.00217855 -0.00162492 -0.00122821 -0.000950703 -0.00076467 -0.000648303 -0.000577381 -0.000539164 -0.000524045 -0.000514481 -0.000517871 -0.000522928 -0.00052819 -0.000542525 -0.000549026 -0.000562666 
0 2.29434e-05 4.38564e-05 7.23823e-05 0.000101285 0.000137553 0.000184365 0.00024221 0.000322233 0.000431379 0.000584472 0.000796733 0.00109547 0.00149988 0.00204567 0.00277608 0.00371048 0.00491592 0.00641518 0.00824022 0.0104469 0.0130028 0.0159275 0.0191624 0.0225894 0.0261053 0.0294827 0.0325061 0.0349333 0.0365036 0.0370059 0.0362786 0.0342317 0.0308556 0.0262914 0.0207256 0.014482 0.00794841 0.00150355 -0.00443969 -0.00955666 -0.0135703 -0.0163461 -0.0178217 -0.0180693 -0.0172688 -0.0156036 -0.0133195 -0.0106497 -0.00782297 -0.00499531 -0.00234502 7.20867e-05 0.00224788 0.00414802 0.00578757 0.00718927 0.00841203 0.00948067 0.0104505 0.0113112 0.0121035 0.0128353 0.0135291 0.0142024 0.0148374 0.0154293 0.0160011 0.0165829 0.0171217 0.0176381 0.0181319 0.0186276 0.0191003 0.0195572 0.0199756 0.0203995 0.0208194 0.0212047 0.0215594 0.0219254 0.0222815 0.0225953 0.0229001 0.0232021 0.0234886 0.0237427 0.0239931 0.0242243 0.0244488 0.0246445 0.02483 0.0249957 0.025162 0.0252912 0.0254111 0.0255186 0.0256208 0.0256804 0.0257416 0.0257902 0.0258224 0.0258185 0.0258248 0.0258086 0.0257736 0.0257142 0.0256622 0.0255811 0.0254887 0.0253749 0.0252614 0.0251258 0.0249812 0.0248096 0.0246422 0.024464 0.0242631 0.0240393 0.0238322 0.0236124 0.0233563 0.0230989 0.0228552 0.0225941 0.0223029 0.0220227 0.0217388 0.0214575 0.0211538 0.0208495 0.0205462 0.0202717 0.0199699 0.0196668 0.0193872 0.0191389 0.0188921 0.018664 0.0184796 0.0183564 0.0183208 0.0183608 0.0185393 0.0188864 0.0194521 0.020259 0.0213515 0.0226957 0.0242918 0.0261067 0.0279948 0.0297986 0.0313101 0.0323132 0.0325466 0.0318211 0.0299426 0.0268128 0.0224467 0.0169638 0.0106029 0.00365879 -0.00345477 -0.0103686 -0.0166863 -0.0220657 -0.0262878 -0.0292007 -0.030774 -0.0310729 -0.0302549 -0.028496 -0.0260646 -0.0232007 -0.0201174 -0.0170587 -0.0141361 -0.0114767 -0.0091477 -0.00714507 -0.00549437 -0.00415539 -0.00309872 -0.00229204 -0.00169003 -0.00125625 -0.000954759 -0.000758676 -0.000630205 -0.000560271 -0.000525043 -0.000510045 -0.000519762 -0.000527276 -0.00054477 -0.000565069 -0.000575065 -0.000596012 -0.000606533 
0 3.50993e-05 7.52147e-05 0.000113047 0.000159542 0.000212801 0.000276031 0.000357876 0.000464407 0.000605684 0.000796733 0.0010625 0.00141305 0.00189582 0.00253716 0.00336398 0.00445224 0.00580291 0.00748861 0.00955127 0.011976 0.0148334 0.0180491 0.0215792 0.025342 0.0291277 0.0327791 0.0360304 0.0386243 0.04031 0.0408646 0.0401088 0.0379437 0.0344126 0.0295818 0.0237352 0.0171842 0.0102991 0.00352384 -0.0027666 -0.00820545 -0.0125347 -0.0155333 -0.017197 -0.017569 -0.0167936 -0.0151192 -0.0127491 -0.00992393 -0.00685746 -0.00380898 -0.000879577 0.00181508 0.00423916 0.00639554 0.00828616 0.00991225 0.011285 0.0125248 0.0136429 0.0146561 0.0155367 0.0163682 0.0171632 0.0179304 0.0186386 0.0193002 0.0199515 0.0205872 0.0212015 0.0217642 0.0223222 0.0228582 0.0233943 0.0238816 0.0243571 0.0248136 0.0252761 0.0256921 0.0260918 0.0264822 0.0268681 0.0272154 0.0275467 0.0278719 0.0281803 0.0284638 0.0287272 0.0289838 0.0292201 0.0294396 0.0296318 0.0298214 0.029989 0.0301397 0.0302617 0.0303871 0.0304845 0.030564 0.0306206 0.0306811 0.0307061 0.0307177 0.0307125 0.0307049 0.0306604 0.0306089 0.0305417 0.0304664 0.0303593 0.030246 0.0301178 0.0299805 0.0298162 0.0296407 0.0294586 0.0292656 0.0290465 0.0288128 0.028587 0.0283413 0.0280732 0.0277911 0.0275272 0.0272347 0.0269309 0.0266094 0.0263109 0.0259893 0.0256651 0.0253168 0.0249948 0.0246699 0.0243461 0.0240061 0.0236852 0.023395 0.0231272 0.0228788 0.0226456 0.0225044 0.0224619 0.022539 0.0227087 0.0230861 0.0237167 0.0246255 0.0257864 0.0272254 0.0289258 0.0307897 0.0327319 0.0345364 0.0359882 0.0368271 0.0368729 0.0358624 0.0336303 0.0301029 0.0252678 0.0192816 0.0123826 0.00493317 -0.00272578 -0.0101328 -0.016911 -0.0227347 -0.0273053 -0.0305081 -0.0322873 -0.0327163 -0.0319289 -0.0301682 -0.0276544 -0.0246503 -0.0214381 -0.0181676 -0.0150674 -0.0122263 -0.0097005 -0.00756413 -0.00576901 -0.00432393 -0.00318991 -0.0023149 -0.00167044 -0.00120723 -0.000889153 -0.000678974 -0.000560493 -0.000491745 -0.000465724 -0.000471722 -0.000478497 -0.000509587 -0.000534901 -0.000558057 -0.000594884 -0.000610885 -0.000639523 
0 5.8288e-05 0.000116254 0.000179511 0.000246473 0.000323461 0.000413461 0.000526597 0.000666212 0.000851444 0.00109547 0.00141305 0.00184757 0.00240871 0.00315217 0.0041165 0.00533248 0.00687695 0.00876292 0.0110467 0.0137548 0.0168719 0.0203936 0.0242343 0.0282824 0.0323646 0.0362687 0.0397321 0.0424876 0.0442885 0.0448722 0.0440997 0.0418695 0.0381758 0.0331843 0.0271149 0.0202988 0.0131634 0.00610778 -0.000471478 -0.00617914 -0.0107522 -0.0140085 -0.0158528 -0.0163604 -0.0156861 -0.0140101 -0.0115757 -0.00863049 -0.00540768 -0.002123 0.00105136 0.00400461 0.00671025 0.00913044 0.0112355 0.0130524 0.0146594 0.0160686 0.0173099 0.0184313 0.0194477 0.0203816 0.0212566 0.0220924 0.0228716 0.0236157 0.0243173 0.0250071 0.025667 0.0262923 0.0268816 0.0274685 0.0280327 0.0285615 0.0290684 0.0295622 0.0300409 0.030489 0.0309198 0.0313278 0.0317316 0.0321027 0.0324581 0.0327905 0.0331215 0.0334158 0.0336995 0.0339607 0.034217 0.0344375 0.0346515 0.0348413 0.0350233 0.0351729 0.0353166 0.0354348 0.0355446 0.0356242 0.0356975 0.0357456 0.0357851 0.0357948 0.0357993 0.0357793 0.0357502 0.035691 0.0356299 0.0355444 0.0354481 0.0353228 0.0352009 0.035052 0.0348906 0.0347054 0.0345263 0.0343164 0.0340956 0.0338574 0.0336222 0.0333589 0.0330869 0.0327988 0.0325121 0.03221 0.0318908 0.0315586 0.0312347 0.0309049 0.0305467 0.0301904 0.029844 0.0295003 0.0291362 0.028783 0.0284417 0.0281345 0.0278301 0.0275478 0.0273275 0.0271975 0.0271402 0.0272027 0.0274455 0.0278877 0.0285791 0.0295556 0.0308217 0.0323496 0.0341215 0.0360561 0.0380036 0.039745 0.0410695 0.0417505 0.0415269 0.0402012 0.0376096 0.0336349 0.0283329 0.0218753 0.0144913 0.00654468 -0.00156266 -0.00944367 -0.0166681 -0.0228682 -0.0278027 -0.0312808 -0.0332701 -0.0338514 -0.0331552 -0.0314131 -0.0288715 -0.0257982 -0.0224422 -0.0190406 -0.0157701 -0.0127536 -0.0100949 -0.00780232 -0.00589842 -0.00436085 -0.00314114 -0.00221902 -0.00153361 -0.00104961 -0.000724976 -0.00052041 -0.00040395 -0.000353259 -0.000345773 -0.000357987 -0.000397263 -0.00043308 -0.000477474 -0.000527645 -0.000562414 -0.000613248 -0.000647823 
0 8.60101e-05 0.000170747 0.000268008 0.000367434 0.000483187 0.000615884 0.000768933 0.000960826 0.00119647 0.00149988 0.00189582 0.00240871 0.00307827 0.003944 0.00504302 0.00643653 0.00816083 0.0102643 0.0128013 0.0157672 0.0191924 0.0230216 0.0271671 0.031524 0.0358674 0.0400042 0.0436601 0.0465578 0.0484542 0.0490945 0.0483181 0.046027 0.0422451 0.0371057 0.0308799 0.0239009 0.0165777 0.00932605 0.0025312 -0.0034103 -0.00823499 -0.0117025 -0.0137465 -0.0144226 -0.0138521 -0.0122446 -0.00982157 -0.00680427 -0.00342602 3.52537e-05 0.00344208 0.00664464 0.00958594 0.0122508 0.0146108 0.0166574 0.0184268 0.0199894 0.0213791 0.022642 0.0237435 0.0247553 0.0257105 0.0266153 0.0274458 0.0282388 0.0289888 0.029709 0.0304091 0.031061 0.0316844 0.0322903 0.0328791 0.03342 0.0339575 0.0344624 0.0349505 0.0354108 0.0358643 0.0362757 0.0366844 0.0370691 0.0374344 0.0377709 0.0381055 0.0384094 0.0386963 0.0389661 0.0392207 0.0394485 0.0396662 0.0398645 0.0400395 0.0401998 0.0403475 0.04047 0.0405733 0.0406684 0.040742 0.0407918 0.0408303 0.0408566 0.0408562 0.0408404 0.0408152 0.0407687 0.0407016 0.0406247 0.0405323 0.0404157 0.0402918 0.0401513 0.0399914 0.0398152 0.0396376 0.0394292 0.0392126 0.0389844 0.0387483 0.0384805 0.0382201 0.0379357 0.0376456 0.0373388 0.0370324 0.036694 0.036371 0.0360337 0.0356809 0.0353176 0.034972 0.0346128 0.0342527 0.0338975 0.0335419 0.0332229 0.0329312 0.0326584 0.0324225 0.0323036 0.0322857 0.0324098 0.0326854 0.0331876 0.0339761 0.0350674 0.0364216 0.0380394 0.039883 0.0418272 0.04376 0.0454303 0.0466003 0.0470363 0.0465261 0.0448426 0.041852 0.037466 0.0317172 0.0248015 0.0169609 0.00858044 3.61421e-05 -0.0082454 -0.0158523 -0.0224293 -0.0276895 -0.0314599 -0.0336896 -0.0344467 -0.0338607 -0.0321844 -0.029645 -0.0265266 -0.0231067 -0.0195844 -0.0161927 -0.0130451 -0.0102402 -0.00783776 -0.00582498 -0.00420419 -0.00293243 -0.00196385 -0.00125668 -0.000761045 -0.000432053 -0.000236465 -0.000133413 -9.9885e-05 -0.000118167 -0.00015982 -0.000227412 -0.000297893 -0.000370543 -0.000445085 -0.000505705 -0.0005701 -0.000621446 
0 0.000133447 0.000263955 0.000406722 0.000549717 0.000710614 0.000892603 0.00109853 0.00135451 0.00166111 0.00204567 0.00253716 0.00315217 0.003944 0.00494819 0.00620489 0.00778677 0.00971848 0.0120619 0.0148639 0.0181109 0.0218388 0.0259714 0.0304189 0.0350661 0.0396721 0.0440389 0.0478805 0.050916 0.0528981 0.05358 0.052803 0.0504766 0.0466393 0.0414202 0.0351003 0.0280136 0.0205634 0.0131704 0.00621604 9.704e-05 -0.00492669 -0.00860519 -0.0108657 -0.0117429 -0.0113297 -0.00982753 -0.00744387 -0.00440952 -0.00095606 0.00263695 0.00623079 0.00965695 0.0128324 0.0157254 0.0182886 0.0205345 0.0224913 0.0242139 0.0257176 0.0270754 0.0282669 0.0293586 0.0303704 0.0313075 0.0321759 0.033006 0.0337862 0.034516 0.0352321 0.0358971 0.0365369 0.0371462 0.0377354 0.038278 0.0388249 0.0393284 0.0398065 0.040267 0.0407226 0.0411288 0.0415253 0.0419101 0.0422703 0.0426029 0.042926 0.043228 0.0435084 0.0437777 0.0440199 0.0442464 0.0444613 0.0446598 0.0448226 0.0449872 0.0451354 0.045257 0.0453528 0.0454595 0.0455336 0.0455836 0.045623 0.0456651 0.0456643 0.045654 0.0456376 0.0456076 0.0455414 0.0454774 0.0453977 0.0452978 0.0451792 0.0450563 0.0449101 0.0447533 0.0445853 0.0443943 0.0441939 0.0439888 0.0437627 0.0435106 0.0432719 0.0430099 0.0427291 0.0424375 0.0421557 0.0418356 0.0415253 0.0412001 0.0408687 0.0405232 0.0401955 0.039841 0.0394975 0.0391637 0.038832 0.0385205 0.0382441 0.0380017 0.0378125 0.0377382 0.0377614 0.0379522 0.0383262 0.0389446 0.0398402 0.0410438 0.0425073 0.044229 0.0461451 0.048107 0.0499866 0.0515302 0.0525068 0.0526799 0.0518512 0.049791 0.0463863 0.0415685 0.0353878 0.0280546 0.0198167 0.011058 0.00214283 -0.00649628 -0.014452 -0.0213633 -0.0269285 -0.0309755 -0.0334447 -0.0344017 -0.0339728 -0.0324077 -0.0299284 -0.026817 -0.0233628 -0.019764 -0.016275 -0.0130219 -0.0101064 -0.00760901 -0.00551069 -0.00382011 -0.00249954 -0.00149557 -0.000773948 -0.000277605 3.93099e-05 0.000209202 0.000278909 0.000275826 0.000220111 0.000141565 4.23297e-05 -6.14461e-05 -0.000164952 -0.000269779 -0.000365784 -0.000460554 -0.000545311 
0 0.000188329 0.000381183 0.000580682 0.000793078 0.00102344 0.00127431 0.00156456 0.00189405 0.00229035 0.00277608 0.00336398 0.0041165 0.00504302 0.00620489 0.00766093 0.00942708 0.0116038 0.014203 0.0172671 0.0208386 0.0248601 0.029314 0.0340778 0.0389908 0.0438572 0.0484246 0.0524259 0.0555763 0.0576427 0.0583578 0.0575906 0.0552666 0.0513785 0.0461424 0.0397797 0.0326441 0.0251474 0.0176752 0.0106143 0.00433919 -0.000845031 -0.00475713 -0.00724132 -0.00833998 -0.0081476 -0.00681049 -0.00453721 -0.00154557 0.0018997 0.00559806 0.00931964 0.0129189 0.0162933 0.0193937 0.0221465 0.0245614 0.0267023 0.0285525 0.0301653 0.0315845 0.0328634 0.0340013 0.0350458 0.035989 0.0368748 0.0377164 0.0384928 0.0392189 0.0399132 0.0405798 0.0411996 0.0418034 0.042356 0.0428954 0.0434157 0.0439107 0.0443527 0.0448038 0.045234 0.0456282 0.045995 0.0463643 0.0467058 0.0470231 0.0473244 0.0476081 0.0478783 0.0481306 0.0483589 0.0485684 0.0487816 0.0489633 0.0491203 0.0492729 0.0494268 0.0495337 0.049633 0.0497347 0.0498199 0.04986 0.0499128 0.0499572 0.0499714 0.0499591 0.049965 0.0499439 0.0498964 0.0498403 0.049789 0.0497048 0.049608 0.0495036 0.0493887 0.0492558 0.0491112 0.0489492 0.0487802 0.0486087 0.0484055 0.0481919 0.0479831 0.0477658 0.0475058 0.0472597 0.0470074 0.0467413 0.0464508 0.0461745 0.0458751 0.045585 0.0452849 0.044978 0.0446701 0.0443863 0.0441055 0.0438381 0.0436107 0.0434206 0.0433227 0.043317 0.0434327 0.0437115 0.0442368 0.0449893 0.0460223 0.0473602 0.0489698 0.0507976 0.0527618 0.0547491 0.0565453 0.0579473 0.0587025 0.0586037 0.0574085 0.0549669 0.051165 0.0459254 0.039365 0.0316572 0.0230789 0.013981 0.00477569 -0.00416938 -0.0124261 -0.0196113 -0.0254832 -0.0297987 -0.032523 -0.0337035 -0.0334649 -0.0320315 -0.0296496 -0.0265971 -0.0231257 -0.0195181 -0.0159571 -0.01262 -0.00964136 -0.00704248 -0.00489121 -0.00315087 -0.00178785 -0.000782069 -5.47045e-05 0.000425017 0.000715069 0.000857533 0.000889318 0.000842287 0.000739741 0.000610798 0.000453418 0.000300422 0.000144069 -9.83548e-06 -0.000140389 -0.000277073 -0.00038956 
0 0.000273594 0.000543119 0.000832728 0.00112459 0.00143958 0.00178863 0.00216202 0.0026056 0.00311104 0.00371048 0.00445224 0.00533248 0.00643653 0.00778677 0.00942708 0.0114503 0.0138585 0.0167364 0.0201103 0.0239692 0.028329 0.0330927 0.0381542 0.043348 0.0484496 0.0532032 0.057348 0.0606091 0.0627117 0.063479 0.0627175 0.0603735 0.0565124 0.051256 0.0449009 0.037783 0.030277 0.0227694 0.0156576 0.00927117 0.00390084 -0.000198377 -0.00294678 -0.00431918 -0.00437756 -0.0032695 -0.00119252 0.00166603 0.00507325 0.00876223 0.0125601 0.016289 0.0198109 0.0230449 0.0259739 0.0285697 0.03082 0.0327698 0.0344729 0.0359722 0.0372738 0.0384359 0.0394846 0.0404327 0.0412994 0.0421162 0.0428744 0.0435706 0.0442305 0.0448559 0.0454549 0.046011 0.0465301 0.0470249 0.0475175 0.0479657 0.0483771 0.0487823 0.049182 0.0495393 0.0498729 0.0502022 0.0505157 0.0508041 0.051071 0.0513269 0.0515718 0.0518022 0.0520011 0.0521952 0.0523861 0.0525553 0.0526915 0.052839 0.0529766 0.0530824 0.05317 0.0532762 0.0533545 0.0534045 0.0534551 0.0535144 0.0535325 0.0535393 0.0535536 0.0535582 0.0535248 0.0534956 0.0534655 0.0534159 0.0533419 0.0532723 0.0531927 0.0530987 0.0529863 0.0528675 0.0527457 0.0526141 0.0524566 0.052291 0.0521376 0.0519642 0.0517632 0.0515632 0.0513769 0.0511629 0.0509354 0.0507066 0.0504861 0.050254 0.0500154 0.0497691 0.0495439 0.0493311 0.0491156 0.0489252 0.0487908 0.0487131 0.0486962 0.0488038 0.049068 0.0495184 0.050177 0.0511098 0.0523423 0.0538516 0.0556082 0.0575648 0.0596103 0.0615723 0.0633007 0.0645505 0.0650713 0.0646546 0.0631195 0.0602911 0.0560765 0.0504875 0.0435712 0.0355426 0.0266893 0.0173448 0.007884 -0.00127875 -0.00976006 -0.0172189 -0.0233185 -0.0279069 -0.030892 -0.032295 -0.0322762 -0.0310177 -0.028769 -0.0258004 -0.0223901 -0.01877 -0.0151878 -0.0118129 -0.00875114 -0.00612162 -0.0039083 -0.00213177 -0.000768676 0.000260471 0.000961964 0.00141857 0.00167353 0.00175875 0.00173793 0.00162575 0.00146009 0.00126318 0.00104744 0.000828945 0.00061397 0.000409289 0.000214747 3.73878e-05 -0.000128005 
0 0.000377158 0.000767093 0.00115129 0.00156334 0.00198936 0.0024454 0.00295553 0.00351273 0.00416262 0.00491592 0.00580291 0.00687695 0.00816083 0.00971848 0.0116038 0.0138585 0.0165552 0.0197278 0.0234027 0.0276044 0.0322752 0.0373537 0.0427132 0.0481534 0.0534753 0.0584015 0.0626669 0.0660022 0.0681537 0.0689205 0.0681549 0.065822 0.0619572 0.0567443 0.0504362 0.0433576 0.035882 0.0283833 0.0212307 0.0147486 0.0092547 0.00491739 0.00188782 0.00020675 -0.000189607 0.000613969 0.00245007 0.00510712 0.00833912 0.0119688 0.0157547 0.0195369 0.0231637 0.0265248 0.0295544 0.0322405 0.0346219 0.0366766 0.038433 0.0399256 0.0412639 0.0424386 0.0434694 0.0443684 0.0452005 0.0459763 0.0466886 0.0473332 0.0479249 0.0485041 0.0490441 0.0495483 0.0499986 0.0504503 0.0508744 0.0512779 0.0516297 0.0519876 0.0523252 0.0526455 0.0529249 0.0532079 0.0534753 0.0537272 0.053949 0.0541676 0.0543791 0.0545737 0.0547439 0.0549097 0.0550764 0.0552184 0.0553431 0.0554688 0.0555939 0.0556868 0.055776 0.0558681 0.0559498 0.0560014 0.0560628 0.0561204 0.0561589 0.0561788 0.0562131 0.0562333 0.0562331 0.0562268 0.0562291 0.0562128 0.0561786 0.056145 0.0561117 0.0560639 0.0559954 0.0559319 0.0558647 0.0557886 0.0556836 0.0555914 0.0554934 0.0553904 0.0552524 0.0551337 0.0550081 0.0548838 0.0547233 0.0545799 0.0544372 0.0543038 0.0541424 0.0539907 0.0538561 0.0537464 0.0536488 0.0535625 0.0535312 0.0535856 0.0537543 0.0540078 0.0544262 0.0550599 0.0559718 0.057131 0.0585616 0.0602637 0.0622171 0.0643175 0.0664332 0.0684202 0.0700397 0.0711079 0.0713965 0.0706943 0.068797 0.0656089 0.061035 0.0550886 0.0478991 0.0396318 0.0305801 0.0210605 0.0114511 0.00211913 -0.00653766 -0.0141708 -0.0204979 -0.0253109 -0.0285376 -0.0301923 -0.0304057 -0.0293465 -0.0272686 -0.0244247 -0.0210747 -0.0175053 -0.0139154 -0.0105137 -0.00743724 -0.00475225 -0.00251881 -0.000724753 0.000657342 0.00165676 0.00234067 0.00275467 0.00294422 0.00297602 0.00287353 0.00268544 0.00244534 0.00216098 0.00187321 0.00157522 0.00128512 0.00101317 0.000746947 0.000510218 0.000284286 
0 0.000509833 0.00103594 0.00155726 0.00211362 0.00268582 0.0032933 0.00395875 0.0046738 0.00549022 0.00641518 0.00748861 0.00876292 0.0102643 0.0120619 0.014203 0.0167364 0.0197278 0.0232105 0.0272106 0.0317395 0.0367362 0.0421272 0.0477687 0.0534488 0.0589624 0.0640179 0.0683637 0.071739 0.0738902 0.0746523 0.0738725 0.0715316 0.0676867 0.0625077 0.0562575 0.0492529 0.0418417 0.0343776 0.0272171 0.0206509 0.0149921 0.010417 0.00707533 0.00503659 0.00425816 0.00468637 0.00616391 0.00851441 0.0115193 0.0149937 0.0186951 0.0224619 0.0261133 0.0295166 0.0326379 0.0354237 0.0378686 0.0399623 0.0417594 0.0432774 0.044609 0.0457489 0.0467334 0.0475925 0.0483632 0.049065 0.0497056 0.0502839 0.0507951 0.0513003 0.0517651 0.0521935 0.0525724 0.0529544 0.0533018 0.0536371 0.0539295 0.0542173 0.0544886 0.0547522 0.0549766 0.0551978 0.0554149 0.0556152 0.0557903 0.0559633 0.0561344 0.0562843 0.0564243 0.0565579 0.0566912 0.0568039 0.0569156 0.0570174 0.0571213 0.0572052 0.0572933 0.0573704 0.0574501 0.0575107 0.0575792 0.0576359 0.057694 0.0577353 0.057786 0.0578248 0.0578619 0.0578854 0.057919 0.0579412 0.0579552 0.0579621 0.0579795 0.0579836 0.0579718 0.0579663 0.0579654 0.0579488 0.0579147 0.0578987 0.0578743 0.0578429 0.0577932 0.057761 0.0577182 0.0576859 0.0576221 0.0575756 0.0575362 0.0575095 0.0574493 0.0574188 0.0574097 0.0574198 0.0574454 0.0575113 0.0576414 0.0578624 0.0581998 0.0586533 0.059313 0.060191 0.0613361 0.0627501 0.0644526 0.066391 0.0685489 0.0708022 0.0729942 0.0749738 0.0765148 0.0774221 0.0774696 0.0764678 0.0742363 0.0707125 0.065824 0.05962 0.0522189 0.0437859 0.0346185 0.0250124 0.0153329 0.0059369 -0.00280712 -0.0105731 -0.0170651 -0.0220898 -0.025551 -0.0274389 -0.0278868 -0.0270358 -0.0251374 -0.02244 -0.0191933 -0.015685 -0.0121214 -0.00871555 -0.00561816 -0.00291314 -0.000661875 0.00113466 0.00250477 0.00347639 0.0041147 0.00447486 0.00459678 0.0045547 0.00436961 0.00409082 0.00375715 0.00337167 0.00298567 0.00258866 0.00220448 0.00184707 0.00149889 0.00119252 0.000900312 
