0 0 0 0 0 0 0 0 0 0 0 0 0 0 0 0 0 0 0 0 0 0 0 0 0 0 0 0 0 0 0 0 0 0 0 0 0 0 0 0 0 0 0 0 0 0 0 0 0 0 0 0 0 0 0 0 0 0 0 0 0 0 0 0 0 0 0 0 0 0 0 0 0 0 0 0 0 0 0 0 0 0 0 0 0 0 0 0 0 0 0 0 0 0 0 0 0 0 0 0 0 0 0 0 0 0 0 0 0 0 0 0 0 0 0 0 0 0 0 0 0 0 0 0 0 0 0 0 0 0 0 0 0 0 0 0 0 0 0 0 0 0 0 0 0 0 0 0 0 0 0 0 0 0 0 0 0 0 0 0 0 0 0 0 0 0 0 0 0 0 0 0 0 0 0 0 0 0 0 0 0 0 0 0 0 0 0 0 0 0 0 0 0 0 0 0 0 0 0 0 
0 -0.00106127 -0.00213008 -0.0031947 -0.00425047 -0.00527202 -0.00624333 -0.00715902 -0.00799988 -0.00876877 -0.00944386 -0.0100148 -0.0104924 -0.0108694 -0.0111851 -0.0114403 -0.0116463 -0.0118311 -0.0119791 -0.0121336 -0.012274 -0.012395 -0.0125073 -0.0125781 -0.0126416 -0.0126708 -0.0126592 -0.0126105 -0.0125118 -0.0123775 -0.0122 -0.0119706 -0.0116892 -0.0113791 -0.0110224 -0.0106429 -0.010226 -0.00977988 -0.00933544 -0.00886377 -0.0083896 -0.00790288 -0.00742924 -0.00696026 -0.00650357 -0.00605636 -0.00562589 -0.00522787 -0.00483461 -0.00446623 -0.00412191 -0.00381285 -0.00350978 -0.00324307 -0.00298921 -0.00275874 -0.00255388 -0.00235467 -0.00218464 -0.00203886 -0.00190097 -0.00176491 -0.00166914 -0.0015671 -0.00148265 -0.00141087 -0.00135742 -0.00129675 -0.00124754 -0.00120895 -0.00118132 -0.00114996 -0.00112502 -0.00111106 -0.00108244 -0.0010668 -0.0010625 -0.00105508 -0.00102776 -0.00102442 -0.00101882 -0.00101575 -0.000998112 -0.000995377 -0.000988788 -0.000988602 -0.000973852 -0.000976053 -0.000969139 -0.000964987 -0.000958974 -0.000962807 -0.000950282 -0.000952237 -0.000951166 -0.000947143 -0.000940702 -0.000948606 -0.000939895 -0.000938938 -0.000941392 -0.00094172 -0.000933509 -0.000942698 -0.000939381 -0.000937686 -0.000939498 -0.000945774 -0.000937949 -0.000946588 -0.000946823 -0.000948157 -0.0009482 -0.000960024 -0.00095426 -0.000960063 -0.00096308 -0.000976174 -0.000972694 -0.000976404 -0.000981063 -0.00100169 -0.000997597 -0.00100164 -0.00101133 -0.00102659 -0.0010303 -0.0010443 -0.00105015 -0.00105865 -0.00107235 -0.00108593 -0.00109873 -0.00110229 -0.00111258 -0.00112113 -0.00112802 -0.00112266 -0.00113619 -0.00111893 -0.00110035 -0.00108448 -0.00106269 -0.00101473 -0.000972897 -0.000914274 -0.000836954 -0.000751705 -0.000644743 -0.000535409 -0.000400993 -0.000250544 -7.14742e-05 0.000110093 0.000324061 0.00055922 0.000811899 0.0010782 0.00136754 0.00168184 0.00200282 0.00234565 0.00267744 0.00303366 0.00338351 0.0037178 0.00404827 0.00435929 0.0046563 0.00492379 0.00515175 0.00533686 0.00549261 0.00558314 0.00562236 0.00559299 0.00548994 0.00533629 0.00508583 0.00476394 0.00435437 0.00386311 0.00331431 0.00268739 0.0020171 0.00131617 0.000622034 -2.05588e-05 -0.000589268 -0.00104523 -0.00136728 -0.00153523 -0.00154453 -0.00141577 -0.00118672 -0.000911185 -0.000650164 -0.000468857 -0.00042917 -0.000586012 
0 -0.00213008 -0.00426014 -0.00639945 -0.00849663 -0.0105364 -0.0124715 -0.0142766 -0.015954 -0.0174539 -0.0187843 -0.0199032 -0.0208158 -0.0215658 -0.0221525 -0.0226495 -0.0230458 -0.0233769 -0.0236825 -0.0239533 -0.0242324 -0.0244734 -0.0246796 -0.0248486 -0.0249707 -0.025048 -0.025045 -0.0249595 -0.0247807 -0.0245347 -0.0241939 -0.0237582 -0.0232383 -0.0226272 -0.0219693 -0.021231 -0.0204201 -0.0195731 -0.0186878 -0.0177791 -0.0168554 -0.0159063 -0.0149742 -0.0140677 -0.0131459 -0.0122606 -0.0114121 -0.0105937 -0.00982918 -0.00908927 -0.00839603 -0.00776634 -0.00716366 -0.00659491 -0.00609232 -0.00563395 -0.00520485 -0.0048152 -0.00446645 -0.00415476 -0.00386383 -0.00361643 -0.00340051 -0.00320739 -0.00303756 -0.00288179 -0.00274965 -0.00265189 -0.00255688 -0.00246617 -0.00241234 -0.00234641 -0.0022823 -0.00225088 -0.00222978 -0.00218116 -0.00214777 -0.00212574 -0.00211343 -0.00209231 -0.00206805 -0.00204821 -0.00204094 -0.00202649 -0.00201319 -0.00199921 -0.00198557 -0.00198201 -0.00197333 -0.00195618 -0.0019522 -0.00195278 -0.00193456 -0.00193166 -0.00193393 -0.00192189 -0.00191389 -0.00192355 -0.00191134 -0.00190579 -0.00191344 -0.0019104 -0.0018994 -0.00191215 -0.00191005 -0.00190313 -0.0019116 -0.00191868 -0.00190929 -0.00191907 -0.0019283 -0.00192651 -0.00193104 -0.00194166 -0.00194606 -0.00195622 -0.00196471 -0.00196627 -0.00198075 -0.00199885 -0.00201021 -0.00201017 -0.00202355 -0.00205317 -0.00207713 -0.00206832 -0.00208936 -0.00212598 -0.00213919 -0.00214971 -0.00218819 -0.00219824 -0.0022065 -0.00223576 -0.00225924 -0.00226369 -0.00226569 -0.00226591 -0.00225921 -0.00224079 -0.0022089 -0.00217163 -0.00210775 -0.00202582 -0.00191979 -0.00180017 -0.00166538 -0.00148327 -0.00127047 -0.00104945 -0.000775287 -0.000454646 -0.000123782 0.000257362 0.000675562 0.00113503 0.00165107 0.00217995 0.00274975 0.00337053 0.00400232 0.00464637 0.00531363 0.00598401 0.00666326 0.00732085 0.00793819 0.0085449 0.00910196 0.00960259 0.0100286 0.0103792 0.0106548 0.0108314 0.0108919 0.0108125 0.0106195 0.0102774 0.00978992 0.00913897 0.00831135 0.00735693 0.00624803 0.00502562 0.00370216 0.00231926 0.000973029 -0.000290859 -0.00138211 -0.00225222 -0.00284973 -0.00312806 -0.00309412 -0.00277762 -0.00226208 -0.00165453 -0.00107791 -0.000661615 -0.000531671 -0.000791818 
0 -0.0031947 -0.00639945 -0.00958654 -0.0127291 -0.015759 -0.0186273 -0.0213089 -0.02376 -0.0259735 -0.0279008 -0.0295153 -0.0308401 -0.0318793 -0.0327229 -0.0333967 -0.0339359 -0.0344081 -0.0348031 -0.0352079 -0.0355928 -0.0359394 -0.0362614 -0.0364968 -0.0367034 -0.0368281 -0.036846 -0.0367581 -0.0365393 -0.0362176 -0.0357747 -0.0351896 -0.034464 -0.0336435 -0.032703 -0.0316808 -0.0305519 -0.0293399 -0.0281051 -0.0267992 -0.0254669 -0.0240946 -0.0227403 -0.0213924 -0.020062 -0.0187532 -0.0174847 -0.0162883 -0.015116 -0.0140025 -0.012956 -0.0119995 -0.0110742 -0.0102378 -0.00945317 -0.00873693 -0.00808989 -0.0074762 -0.0069408 -0.00647359 -0.00603783 -0.00562514 -0.00530557 -0.00499085 -0.0047216 -0.00448903 -0.00430407 -0.00411738 -0.00395799 -0.00382765 -0.00372916 -0.00362628 -0.0035403 -0.00348335 -0.00340292 -0.00334615 -0.00331692 -0.00328495 -0.00321737 -0.00319478 -0.00317122 -0.00315358 -0.00310995 -0.00309396 -0.00307347 -0.00306433 -0.00302847 -0.00302644 -0.00300746 -0.002992 -0.00297641 -0.00297965 -0.00294995 -0.00294991 -0.00294598 -0.00293369 -0.00291858 -0.00293305 -0.0029136 -0.00290949 -0.00291497 -0.00291434 -0.00289726 -0.00291655 -0.00291086 -0.00290695 -0.00291323 -0.00292747 -0.00291327 -0.0029329 -0.00293774 -0.00294233 -0.0029468 -0.00297442 -0.00296805 -0.0029843 -0.00299755 -0.00302789 -0.00302844 -0.00304408 -0.00306296 -0.00310942 -0.00311114 -0.00313072 -0.00316188 -0.00319905 -0.00321848 -0.00325904 -0.00328054 -0.00330577 -0.00334493 -0.0033791 -0.00340765 -0.00341993 -0.00344221 -0.00345513 -0.00346028 -0.00344021 -0.00344889 -0.00339226 -0.00332562 -0.00325951 -0.00317136 -0.00302371 -0.00287644 -0.00268753 -0.00245024 -0.00217998 -0.00185404 -0.00151012 -0.0010986 -0.000634066 -0.000101776 0.000454985 0.00109147 0.00178635 0.00252999 0.00330899 0.00414345 0.00503725 0.00594768 0.00689695 0.00782715 0.00879868 0.00975129 0.0106591 0.0115402 0.0123686 0.0131465 0.013838 0.0144181 0.0148811 0.0152478 0.0154453 0.0154895 0.015343 0.0149989 0.0144912 0.0137305 0.0127563 0.0115394 0.0101009 0.00848903 0.0066783 0.00474804 0.00275133 0.000797649 -0.000990535 -0.00253246 -0.00372327 -0.0044955 -0.00479506 -0.00461391 -0.00401552 -0.00311539 -0.00207576 -0.00108323 -0.000334228 -1.66795e-05 -0.000287696 
0 -0.00425047 -0.00849663 -0.0127291 -0.0168716 -0.0208671 -0.0246384 -0.0281357 -0.031338 -0.0341857 -0.0366618 -0.0387193 -0.0403712 -0.0416796 -0.0426908 -0.043503 -0.0441421 -0.0446734 -0.0451549 -0.0456117 -0.0460809 -0.0465156 -0.0469113 -0.047251 -0.047532 -0.0477366 -0.0478159 -0.0477578 -0.0475449 -0.0472049 -0.0467051 -0.0460353 -0.0452058 -0.0442226 -0.0431246 -0.0418866 -0.0405121 -0.0390438 -0.0374996 -0.0358868 -0.0342216 -0.0325014 -0.0307814 -0.029074 -0.0273461 -0.0256506 -0.0240011 -0.0224043 -0.0208722 -0.0193907 -0.0179884 -0.0166856 -0.0154424 -0.0142742 -0.0132101 -0.0122339 -0.0113296 -0.0104969 -0.0097504 -0.00908018 -0.00846215 -0.00791539 -0.00744116 -0.00701247 -0.00663161 -0.00629085 -0.00599863 -0.00575473 -0.00553093 -0.00533207 -0.00518219 -0.00503147 -0.00489368 -0.00480155 -0.00472061 -0.00462486 -0.0045514 -0.00449405 -0.00444314 -0.00439508 -0.00434636 -0.00430482 -0.0042721 -0.00423994 -0.00421027 -0.00418103 -0.00414977 -0.00413505 -0.00411393 -0.00408453 -0.00407049 -0.00406324 -0.00403439 -0.00402464 -0.00402158 -0.00400213 -0.00398867 -0.0039961 -0.00397916 -0.00397001 -0.00397781 -0.00397302 -0.00396023 -0.00397534 -0.00397447 -0.00396793 -0.00398051 -0.00399214 -0.00398514 -0.00400166 -0.00401772 -0.00402167 -0.00403385 -0.00405649 -0.00406858 -0.00408903 -0.00411016 -0.00412815 -0.00415407 -0.00418708 -0.00421488 -0.00423746 -0.00426695 -0.00431612 -0.00436048 -0.00437699 -0.00441812 -0.00447875 -0.00451234 -0.00454413 -0.00460093 -0.00462991 -0.00465088 -0.00468714 -0.00471438 -0.00471617 -0.00470553 -0.00468359 -0.00465152 -0.00458695 -0.00449684 -0.00439113 -0.00424384 -0.00405084 -0.00382186 -0.00355696 -0.00324828 -0.00286618 -0.00242564 -0.00194832 -0.00138475 -0.000741079 -5.06764e-05 0.000712184 0.00154936 0.00245922 0.00344626 0.00446454 0.0055436 0.00668748 0.00784707 0.00901906 0.0102025 0.0113882 0.0125619 0.0136832 0.0147347 0.0157377 0.01665 0.0174505 0.0181113 0.018629 0.0190043 0.0191925 0.01917 0.0189043 0.0184141 0.0176698 0.0166498 0.0153378 0.0137222 0.0118584 0.00974326 0.00742385 0.00494963 0.0024117 -3.22578e-05 -0.00226026 -0.00412268 -0.00551096 -0.00632723 -0.00649971 -0.00603772 -0.00501565 -0.00359841 -0.00200105 -0.000471361 0.000726563 0.00134086 0.00116594 
0 -0.00527202 -0.0105364 -0.015759 -0.0208671 -0.0257721 -0.0303895 -0.0346587 -0.0385336 -0.0419682 -0.0449181 -0.0473491 -0.0492798 -0.050768 -0.0519031 -0.0527745 -0.0534466 -0.0539985 -0.0544886 -0.0549766 -0.0554783 -0.0559665 -0.0564296 -0.0568409 -0.0572056 -0.0574917 -0.057653 -0.0576697 -0.0575252 -0.057231 -0.0567644 -0.0561023 -0.0552489 -0.0542254 -0.0530442 -0.0517044 -0.0502026 -0.048571 -0.0468433 -0.0450157 -0.0431044 -0.0411203 -0.0391116 -0.0370894 -0.035049 -0.0330183 -0.0310224 -0.0290801 -0.0271849 -0.0253474 -0.0235962 -0.0219475 -0.0203732 -0.0188956 -0.0175224 -0.0162532 -0.0150794 -0.0139918 -0.0130115 -0.0121304 -0.0113194 -0.0105838 -0.00994347 -0.0093621 -0.00884317 -0.00838557 -0.00799053 -0.00763746 -0.0073209 -0.00704878 -0.006825 -0.00661611 -0.00643236 -0.00628743 -0.00615047 -0.00602628 -0.00593122 -0.00584655 -0.00575716 -0.0056877 -0.00562797 -0.00557399 -0.0055168 -0.00547067 -0.00543063 -0.00539333 -0.00535 -0.00532423 -0.00529398 -0.00526104 -0.00523788 -0.00522232 -0.00519079 -0.00517598 -0.0051656 -0.00514504 -0.00512911 -0.00513027 -0.0051137 -0.00510438 -0.00510786 -0.00510357 -0.00509364 -0.00510584 -0.00510663 -0.0051047 -0.00511678 -0.0051305 -0.00513045 -0.00514972 -0.00516758 -0.00517946 -0.00519816 -0.00522814 -0.00524507 -0.00527179 -0.00530409 -0.00533917 -0.00536799 -0.00540557 -0.00544884 -0.00549726 -0.00553472 -0.00558513 -0.00564148 -0.00569003 -0.00574284 -0.00580739 -0.00585458 -0.00590081 -0.00596064 -0.00600615 -0.00603793 -0.00606491 -0.00608525 -0.00608458 -0.00606449 -0.00602501 -0.00597334 -0.00587175 -0.00573813 -0.00558352 -0.00538312 -0.00512111 -0.00481816 -0.00446127 -0.00403792 -0.0035398 -0.00297013 -0.00234368 -0.00162529 -0.000815654 6.87883e-05 0.00102422 0.00206838 0.00319299 0.00438417 0.00561803 0.00690975 0.00825685 0.00961975 0.0109881 0.0123465 0.013701 0.0150187 0.0162637 0.0174299 0.018515 0.0194947 0.0203348 0.0210062 0.0215046 0.0218261 0.0219228 0.0217715 0.0213441 0.0206432 0.0196585 0.0183476 0.0167036 0.0147226 0.0124438 0.00989921 0.00712401 0.00419813 0.00123867 -0.00158331 -0.00409554 -0.0061369 -0.00756368 -0.00826106 -0.00815694 -0.00725935 -0.00567508 -0.00360481 -0.00132007 0.000868298 0.00263483 0.00366414 0.0037034 
0 -0.00624333 -0.0124715 -0.0186273 -0.0246384 -0.0303895 -0.0357872 -0.0407588 -0.0452358 -0.0491805 -0.0525279 -0.0552582 -0.0573948 -0.0589957 -0.0601847 -0.0610472 -0.0616862 -0.0621922 -0.0626314 -0.0630893 -0.0635695 -0.0640687 -0.0645679 -0.0650398 -0.0654877 -0.0658699 -0.066145 -0.066281 -0.066264 -0.0660851 -0.0657308 -0.0651707 -0.0643999 -0.0634469 -0.0623001 -0.0609748 -0.059464 -0.0577877 -0.0559874 -0.0540574 -0.0520112 -0.0498723 -0.0476746 -0.045428 -0.0431526 -0.0408556 -0.0385726 -0.0363307 -0.0341166 -0.0319585 -0.0298797 -0.0278922 -0.025988 -0.0241899 -0.0224972 -0.020921 -0.0194575 -0.0180948 -0.0168517 -0.0157226 -0.0146879 -0.0137413 -0.0129061 -0.0121482 -0.0114652 -0.0108604 -0.0103324 -0.009854 -0.00943056 -0.00906619 -0.00874681 -0.00846175 -0.00821467 -0.00800587 -0.00781139 -0.00764617 -0.00750796 -0.00738643 -0.00726442 -0.00716765 -0.00708355 -0.00700779 -0.00692904 -0.00686684 -0.00681019 -0.00675821 -0.0067042 -0.00666375 -0.00662227 -0.00658346 -0.00654982 -0.00652228 -0.00648984 -0.00646697 -0.0064474 -0.00642571 -0.00640801 -0.00639902 -0.00638484 -0.00637517 -0.00637295 -0.00636905 -0.00636492 -0.00637142 -0.00637549 -0.00637998 -0.00639204 -0.00640709 -0.00641806 -0.0064394 -0.0064616 -0.00648378 -0.00651018 -0.00654633 -0.00657572 -0.0066117 -0.00665375 -0.00670361 -0.00674514 -0.006795 -0.00685153 -0.00691711 -0.00697135 -0.00703478 -0.00710262 -0.00717446 -0.00723916 -0.00731052 -0.00737442 -0.00743533 -0.00749254 -0.00754511 -0.00758138 -0.00760111 -0.00761221 -0.00760077 -0.0075604 -0.00749362 -0.00740695 -0.00726452 -0.00708283 -0.00686458 -0.00659255 -0.00624661 -0.00584911 -0.00538392 -0.00483502 -0.00420616 -0.00349309 -0.00269965 -0.00181189 -0.000828959 0.000246709 0.00139043 0.00262737 0.00394706 0.00532103 0.00674435 0.00821353 0.00971777 0.0112306 0.0127338 0.0142054 0.0156582 0.0170482 0.0183463 0.0195509 0.0206395 0.0216033 0.0224003 0.0230052 0.0234122 0.0236106 0.0235582 0.0232277 0.022599 0.0216588 0.0204102 0.0188036 0.0168373 0.0145198 0.0118751 0.0089646 0.00582085 0.00254872 -0.000709118 -0.00377085 -0.0064218 -0.00848687 -0.00979245 -0.01021 -0.00967042 -0.00818815 -0.00590196 -0.00304882 4.47843e-05 0.0030048 0.00544332 0.00698776 0.00734085 
0 -0.00715902 -0.0142766 -0.0213089 -0.0281357 -0.0346587 -0.0407588 -0.0463377 -0.0513476 -0.0556981 -0.0593622 -0.0623102 -0.0645568 -0.0662156 -0.0673643 -0.0681564 -0.0686981 -0.0690766 -0.0694288 -0.0697787 -0.0701949 -0.0706659 -0.0711551 -0.0716865 -0.0721999 -0.0726902 -0.0731059 -0.0734001 -0.0735646 -0.0735763 -0.0734085 -0.0730413 -0.0724717 -0.0716789 -0.0707041 -0.0695054 -0.068104 -0.0665245 -0.0647586 -0.0628535 -0.0607923 -0.0586144 -0.0563292 -0.0539771 -0.0515446 -0.0490732 -0.0465919 -0.0440983 -0.0416413 -0.0392117 -0.0368442 -0.0345431 -0.0323431 -0.0302132 -0.028214 -0.026331 -0.0245527 -0.0229084 -0.0213825 -0.0199717 -0.0186771 -0.0175159 -0.0164376 -0.0154846 -0.0146141 -0.0138353 -0.0131293 -0.0125213 -0.0119716 -0.0114837 -0.0110527 -0.0106769 -0.0103394 -0.0100436 -0.00980488 -0.00957595 -0.00936857 -0.00919048 -0.0090577 -0.00891431 -0.00879249 -0.00867602 -0.00859269 -0.00850069 -0.00842489 -0.00834321 -0.00828919 -0.00822276 -0.00817299 -0.00811835 -0.00807968 -0.00803152 -0.00800316 -0.00796454 -0.00793911 -0.00791124 -0.0078957 -0.00787029 -0.00786299 -0.00784899 -0.00784404 -0.00783682 -0.00784381 -0.00783985 -0.00785221 -0.00786017 -0.0078779 -0.00789008 -0.00791953 -0.00793732 -0.0079731 -0.00800297 -0.00804438 -0.0080769 -0.00813442 -0.00817941 -0.00823758 -0.0082852 -0.00836 -0.00842874 -0.00850439 -0.00855957 -0.00865145 -0.0087407 -0.00882344 -0.0088906 -0.008983 -0.00906447 -0.00913996 -0.00920767 -0.00926964 -0.00931275 -0.00933608 -0.00935996 -0.00935043 -0.00931059 -0.00923443 -0.00914143 -0.00897943 -0.00879663 -0.00855165 -0.00824604 -0.00786974 -0.00743516 -0.00690435 -0.00630619 -0.00562591 -0.00483227 -0.00396113 -0.0029871 -0.00191927 -0.000746862 0.000492766 0.0018339 0.00323817 0.00471769 0.00625369 0.00782119 0.00941876 0.0110282 0.012635 0.0141929 0.015733 0.0171955 0.0185876 0.0198766 0.0210278 0.0220592 0.0229258 0.0236076 0.0240827 0.0243425 0.0243548 0.0241179 0.0235706 0.0227089 0.0215362 0.0199993 0.0181272 0.0158649 0.0132464 0.0103182 0.00709654 0.00369221 0.000180452 -0.00325927 -0.00641226 -0.00907492 -0.0110096 -0.0120498 -0.0120477 -0.0109299 -0.00874396 -0.00564027 -0.00190683 0.002084 0.00590205 0.0090921 0.011236 0.0119906 
0 -0.00799988 -0.015954 -0.02376 -0.031338 -0.0385336 -0.0452358 -0.0513476 -0.05676 -0.061442 -0.0653105 -0.0683737 -0.0706702 -0.0722665 -0.0733319 -0.0739636 -0.0743314 -0.0745531 -0.0747222 -0.0749515 -0.0752456 -0.0756444 -0.0761219 -0.076664 -0.0772512 -0.0778425 -0.0784061 -0.0788901 -0.0792862 -0.0795331 -0.0796339 -0.0795449 -0.0792413 -0.0787462 -0.07801 -0.0770662 -0.0759063 -0.074524 -0.0729489 -0.0711845 -0.0692302 -0.0671307 -0.0648868 -0.0625083 -0.0600598 -0.0575145 -0.0549181 -0.0522973 -0.0496492 -0.0470196 -0.044426 -0.0418726 -0.0393945 -0.0370105 -0.034707 -0.0325131 -0.0304396 -0.0284916 -0.0266668 -0.0249775 -0.0234223 -0.0219788 -0.0206628 -0.0194682 -0.0183789 -0.0174063 -0.0165368 -0.0157341 -0.0150263 -0.0144065 -0.0138385 -0.0133459 -0.0129215 -0.0125272 -0.0121712 -0.0118788 -0.0116241 -0.0113923 -0.0111729 -0.0109882 -0.0108364 -0.0106958 -0.0105576 -0.0104423 -0.0103382 -0.0102458 -0.0101623 -0.0100788 -0.0100062 -0.0099503 -0.00988829 -0.00982955 -0.00979124 -0.00974796 -0.0097041 -0.00967894 -0.0096543 -0.00962231 -0.00961137 -0.00960192 -0.00958531 -0.00958405 -0.00959252 -0.00958874 -0.00960049 -0.00962278 -0.00963603 -0.00965783 -0.0096968 -0.00972639 -0.00976089 -0.0098122 -0.00986214 -0.00991436 -0.00997635 -0.0100395 -0.0101121 -0.010198 -0.0102724 -0.0103507 -0.0104483 -0.0105557 -0.010648 -0.0107339 -0.0108324 -0.0109514 -0.0110427 -0.0111165 -0.0112041 -0.0112783 -0.0113204 -0.0113682 -0.0113915 -0.0113641 -0.01132 -0.0112493 -0.0111303 -0.0109665 -0.0107519 -0.0104697 -0.0101257 -0.00971084 -0.00922053 -0.00864392 -0.00797882 -0.0072172 -0.00634419 -0.00538785 -0.00433127 -0.00316488 -0.00191606 -0.000580011 0.000858454 0.0023521 0.00391335 0.00553346 0.00716354 0.00883585 0.0105069 0.0121579 0.0137915 0.0153722 0.0168759 0.0183064 0.0196204 0.0208059 0.021866 0.0227465 0.0234683 0.0239842 0.0242799 0.0243474 0.0241533 0.0236886 0.0229166 0.0218354 0.0204095 0.0186498 0.0165204 0.0140212 0.0111821 0.00800606 0.00459354 0.000993712 -0.00264594 -0.00613987 -0.00928748 -0.0118125 -0.0135115 -0.0141634 -0.013626 -0.0118457 -0.00886009 -0.00487502 -0.000197818 0.00474503 0.00946432 0.0134584 0.0162503 0.0174694 
0 -0.00876877 -0.0174539 -0.0259735 -0.0341857 -0.0419682 -0.0491805 -0.0556981 -0.061442 -0.0663193 -0.0703038 -0.0733909 -0.0756184 -0.0771125 -0.0779848 -0.0784108 -0.0785525 -0.0785327 -0.0785099 -0.0785338 -0.078679 -0.078974 -0.0793897 -0.0799523 -0.0805908 -0.0812905 -0.0820148 -0.0827041 -0.0833409 -0.0838672 -0.0842576 -0.0844911 -0.0845456 -0.0843856 -0.0840181 -0.0834132 -0.0825871 -0.0815372 -0.0802424 -0.0787457 -0.0770336 -0.075147 -0.0730654 -0.070829 -0.0684524 -0.0659573 -0.0633738 -0.0606987 -0.0579913 -0.0552622 -0.0525256 -0.0497865 -0.0471137 -0.0444763 -0.0419282 -0.0394704 -0.0371077 -0.0348824 -0.0327667 -0.0307676 -0.0289154 -0.0272186 -0.0256201 -0.0241788 -0.0228537 -0.0216521 -0.0205467 -0.0195681 -0.0186922 -0.017902 -0.0171784 -0.016552 -0.0159921 -0.015479 -0.0150522 -0.0146652 -0.0143038 -0.0139875 -0.0137404 -0.0134956 -0.01328 -0.0130782 -0.0129251 -0.0127725 -0.0126354 -0.0125028 -0.0124104 -0.0122971 -0.0122097 -0.0121309 -0.0120591 -0.0119781 -0.0119377 -0.0118763 -0.0118251 -0.0117903 -0.011765 -0.011718 -0.0117108 -0.0116958 -0.0116782 -0.0116735 -0.0116914 -0.011681 -0.0117016 -0.0117278 -0.0117502 -0.0117726 -0.0118299 -0.0118613 -0.0119137 -0.0119755 -0.0120426 -0.0120968 -0.0121924 -0.0122708 -0.0123579 -0.0124441 -0.0125612 -0.0126652 -0.0127751 -0.0128688 -0.0130021 -0.0131206 -0.013226 -0.0133254 -0.0134355 -0.0135164 -0.0136006 -0.0136663 -0.0136936 -0.0137027 -0.0136868 -0.013642 -0.013545 -0.0134063 -0.0132093 -0.012967 -0.0126279 -0.0122548 -0.011793 -0.0112279 -0.0105716 -0.00984118 -0.00898337 -0.00803485 -0.0069893 -0.00582899 -0.00458287 -0.00321847 -0.0017795 -0.000264506 0.00131175 0.00296297 0.00463667 0.0063453 0.00806515 0.00978799 0.0114857 0.0131301 0.0147301 0.0162401 0.0176776 0.0189827 0.0201661 0.0212136 0.0220909 0.0227951 0.0233031 0.023604 0.0236901 0.0235432 0.0231256 0.022455 0.0214751 0.0201903 0.0185808 0.0166037 0.0142967 0.0116157 0.00860415 0.00529569 0.00173533 -0.00194219 -0.00562062 -0.00908783 -0.0121058 -0.0144292 -0.0157846 -0.01597 -0.0148306 -0.0123106 -0.00849602 -0.00358848 0.00204686 0.00794608 0.0135754 0.0183662 0.0218191 0.0235196 
0 -0.00944386 -0.0187843 -0.0279008 -0.0366618 -0.0449181 -0.0525279 -0.0593622 -0.0653105 -0.0703038 -0.0742997 -0.0773176 -0.0794181 -0.0807111 -0.0813506 -0.0815007 -0.0813562 -0.0810701 -0.0807852 -0.0805922 -0.0805479 -0.0807031 -0.0810464 -0.0815823 -0.0822556 -0.0830378 -0.0838998 -0.0847863 -0.0856723 -0.0864801 -0.0871936 -0.0877823 -0.0882128 -0.0884612 -0.0884916 -0.0883059 -0.0879058 -0.0872708 -0.0863853 -0.0852681 -0.0839139 -0.0823554 -0.0805698 -0.0785772 -0.0764273 -0.0741143 -0.0716645 -0.0690848 -0.0664155 -0.0636872 -0.060909 -0.0580901 -0.0552926 -0.0525188 -0.0497811 -0.0470999 -0.044499 -0.042015 -0.0396258 -0.0373538 -0.0352259 -0.0332345 -0.031359 -0.0296366 -0.0280497 -0.0266044 -0.0252775 -0.0240653 -0.0229808 -0.0220023 -0.0211051 -0.0203199 -0.0196257 -0.0189782 -0.0184118 -0.0179201 -0.0174797 -0.017082 -0.016736 -0.016423 -0.0161555 -0.0159098 -0.0156976 -0.015504 -0.0153291 -0.015174 -0.0150475 -0.0149105 -0.0147971 -0.0147067 -0.014612 -0.0145187 -0.0144622 -0.0143934 -0.0143269 -0.0142886 -0.0142526 -0.0142025 -0.0141882 -0.0141748 -0.0141506 -0.01415 -0.0141665 -0.0141612 -0.0141822 -0.0142189 -0.0142427 -0.0142769 -0.0143418 -0.0143874 -0.0144449 -0.014526 -0.0146058 -0.0146795 -0.0147829 -0.0148819 -0.0149872 -0.0151018 -0.0152232 -0.0153381 -0.0154693 -0.0155973 -0.0157274 -0.0158391 -0.0159544 -0.0160748 -0.0161733 -0.0162342 -0.016303 -0.0163443 -0.0163371 -0.0163133 -0.016254 -0.0161286 -0.0159535 -0.0157317 -0.0154394 -0.0150744 -0.0146123 -0.0140794 -0.0134498 -0.0127079 -0.0118667 -0.0109375 -0.00988056 -0.00871521 -0.00744545 -0.00608573 -0.00463497 -0.00308142 -0.00147089 0.000193972 0.00191967 0.00368448 0.0054521 0.00722097 0.00896234 0.0106903 0.0123563 0.0139378 0.0154493 0.016856 0.0181466 0.0192899 0.0202817 0.0211228 0.0217977 0.0222736 0.02256 0.0226414 0.022514 0.0221588 0.0215382 0.020669 0.0195144 0.0180714 0.0163045 0.0141946 0.011752 0.00896316 0.00585994 0.00246302 -0.00114532 -0.00484654 -0.00847991 -0.0118293 -0.0146557 -0.0166794 -0.0176369 -0.0172979 -0.0155141 -0.0122491 -0.00759811 -0.00180221 0.00475349 0.0115628 0.0180452 0.0235964 0.0276737 0.0298475 
0 -0.0100148 -0.0199032 -0.0295153 -0.0387193 -0.0473491 -0.0552582 -0.0623102 -0.0683737 -0.0733909 -0.0773176 -0.0801926 -0.0820979 -0.0831372 -0.0834915 -0.0833254 -0.082854 -0.0822594 -0.0816748 -0.0812209 -0.0809489 -0.0809251 -0.0811604 -0.0816395 -0.0823229 -0.0831659 -0.084144 -0.0852071 -0.0863153 -0.0873886 -0.0884074 -0.0893442 -0.0901587 -0.0908292 -0.0912945 -0.0915691 -0.0916434 -0.0914856 -0.0910823 -0.0904316 -0.0895431 -0.0884283 -0.0870665 -0.0854567 -0.0836575 -0.0816558 -0.0794678 -0.0771104 -0.0746119 -0.0720139 -0.0693125 -0.0665257 -0.0637013 -0.0608715 -0.0580294 -0.0552076 -0.0524394 -0.0497528 -0.0471351 -0.0446115 -0.0422217 -0.0399542 -0.0378127 -0.0358107 -0.0339558 -0.0322426 -0.0306648 -0.0292116 -0.0279087 -0.0267228 -0.0256331 -0.0246657 -0.0238074 -0.0230187 -0.0223176 -0.0217057 -0.0211519 -0.0206576 -0.0202218 -0.0198393 -0.0194966 -0.0191913 -0.0189227 -0.0186887 -0.0184685 -0.0182814 -0.0181183 -0.0179598 -0.0178197 -0.0177109 -0.0175945 -0.0174905 -0.0174152 -0.0173381 -0.0172595 -0.0172143 -0.0171677 -0.017117 -0.0170942 -0.01708 -0.0170534 -0.017055 -0.0170682 -0.0170704 -0.0170922 -0.0171358 -0.0171644 -0.0172101 -0.0172789 -0.0173399 -0.017406 -0.0175015 -0.0175907 -0.0176839 -0.0177977 -0.0179154 -0.0180285 -0.018161 -0.0182939 -0.0184232 -0.0185537 -0.0186909 -0.0188191 -0.0189319 -0.0190357 -0.01914 -0.0192098 -0.0192465 -0.019279 -0.0192722 -0.0192038 -0.0191071 -0.0189689 -0.0187481 -0.0184666 -0.0181179 -0.0176854 -0.0171531 -0.0165257 -0.0158032 -0.0149758 -0.0140195 -0.0129569 -0.0117948 -0.0105136 -0.00912153 -0.00763321 -0.0060728 -0.00442153 -0.00268981 -0.000918893 0.000874891 0.0027116 0.00455067 0.00636998 0.00815505 0.00988608 0.0115746 0.0131638 0.0146364 0.0160039 0.0172523 0.0183494 0.0192886 0.0200593 0.0206727 0.0211214 0.0213607 0.0214172 0.0212809 0.0209536 0.0204112 0.019626 0.0186038 0.0173269 0.0157789 0.0139127 0.0117252 0.00920611 0.00636872 0.00323114 -0.000188135 -0.00378399 -0.00744228 -0.0109683 -0.014144 -0.0167234 -0.0184064 -0.0189301 -0.0180491 -0.0156223 -0.0116299 -0.00618318 0.000444957 0.00784592 0.0154776 0.0227198 0.0289381 0.03356 0.0361465 
0 -0.0104924 -0.0208158 -0.0308401 -0.0403712 -0.0492798 -0.0573948 -0.0645568 -0.0706702 -0.0756184 -0.0794181 -0.0820979 -0.0837411 -0.084507 -0.0845202 -0.0840156 -0.0831915 -0.0822414 -0.081347 -0.0805827 -0.0800588 -0.0798233 -0.0799013 -0.0802912 -0.0809355 -0.0817982 -0.0828506 -0.084054 -0.0853385 -0.0866594 -0.0879506 -0.0892084 -0.090403 -0.0914576 -0.0923726 -0.0931045 -0.0936629 -0.0940225 -0.0941365 -0.094011 -0.0936583 -0.0930667 -0.092208 -0.0911068 -0.0897548 -0.0881913 -0.0864013 -0.0843829 -0.0821931 -0.07985 -0.07735 -0.0747148 -0.0720039 -0.0692125 -0.0663838 -0.0635238 -0.0606689 -0.0578572 -0.0550897 -0.0523733 -0.0497592 -0.0472697 -0.0448705 -0.0426081 -0.040494 -0.0385212 -0.0366692 -0.0349819 -0.0334413 -0.0320249 -0.0307294 -0.0295745 -0.0285265 -0.0275734 -0.0267371 -0.0259891 -0.025305 -0.0246947 -0.0241769 -0.0237067 -0.0232809 -0.0229002 -0.0225848 -0.0222944 -0.0220319 -0.0217993 -0.0216077 -0.0214191 -0.0212595 -0.0211199 -0.0209927 -0.0208721 -0.0207832 -0.0206912 -0.0206113 -0.0205503 -0.0205001 -0.0204454 -0.0204191 -0.0203964 -0.020377 -0.0203731 -0.0203873 -0.0203927 -0.020421 -0.0204608 -0.0205028 -0.0205524 -0.0206276 -0.0206948 -0.0207779 -0.0208752 -0.0209783 -0.0210774 -0.0212062 -0.0213309 -0.0214541 -0.0215797 -0.0217272 -0.0218595 -0.0219827 -0.0220962 -0.0222212 -0.0223201 -0.0223932 -0.0224455 -0.0224796 -0.0224699 -0.0224266 -0.0223417 -0.0221925 -0.0219841 -0.0217169 -0.0213783 -0.020937 -0.0204151 -0.0197977 -0.0190683 -0.0182111 -0.0172703 -0.0162015 -0.0149946 -0.0136834 -0.0122778 -0.0107479 -0.00911984 -0.00742461 -0.00564862 -0.00381922 -0.00193235 -2.90193e-05 0.00187298 0.00376689 0.00565679 0.00747828 0.00922278 0.0109069 0.0124867 0.0139481 0.0152648 0.0164453 0.017483 0.0183687 0.0190611 0.0195948 0.01998 0.0201808 0.020216 0.0200566 0.0197374 0.0192529 0.0185637 0.0176603 0.016539 0.0151886 0.01358 0.0116826 0.00945445 0.00692895 0.00409283 0.000961264 -0.00241099 -0.00596931 -0.00952272 -0.0129039 -0.0158761 -0.0181606 -0.0194987 -0.0195662 -0.0181551 -0.0151216 -0.0104493 -0.00430098 0.00306283 0.0111846 0.0195063 0.0273852 0.034145 0.0392186 0.0421431 
0 -0.0108694 -0.0215658 -0.0318793 -0.0416796 -0.050768 -0.0589957 -0.0662156 -0.0722665 -0.0771125 -0.0807111 -0.0831372 -0.084507 -0.0849258 -0.084609 -0.083728 -0.0825246 -0.0812262 -0.0799627 -0.0788939 -0.0780793 -0.0775963 -0.0774968 -0.0777397 -0.0783071 -0.0791431 -0.0802178 -0.0815006 -0.0829271 -0.0844213 -0.0859537 -0.0874918 -0.0889914 -0.0904283 -0.0917233 -0.0928955 -0.0939252 -0.094772 -0.0954195 -0.0958389 -0.0960442 -0.0960126 -0.0957377 -0.0951792 -0.0943921 -0.093358 -0.092059 -0.0905254 -0.0887553 -0.0867854 -0.0846186 -0.0822794 -0.0797766 -0.0771901 -0.0744793 -0.0716867 -0.068865 -0.0660234 -0.0631801 -0.0603701 -0.0576249 -0.0549347 -0.0523531 -0.0498614 -0.0475095 -0.0452857 -0.0432161 -0.041266 -0.039476 -0.0378304 -0.0363251 -0.034951 -0.0337214 -0.0326058 -0.0315793 -0.0306786 -0.0298835 -0.029171 -0.0285112 -0.0279468 -0.0274428 -0.0270095 -0.0266039 -0.02626 -0.0259468 -0.0256899 -0.0254421 -0.0252364 -0.0250435 -0.0248901 -0.0247362 -0.0246151 -0.0244971 -0.0244067 -0.0243142 -0.0242501 -0.0241836 -0.0241407 -0.0240977 -0.0240785 -0.0240556 -0.024058 -0.0240585 -0.0240808 -0.0241019 -0.0241478 -0.0241883 -0.0242541 -0.0243181 -0.0244043 -0.024483 -0.02459 -0.024691 -0.0248112 -0.0249188 -0.0250512 -0.0251727 -0.0253098 -0.0254193 -0.025537 -0.0256436 -0.0257585 -0.0258177 -0.0258615 -0.0258935 -0.0259057 -0.0258442 -0.0257468 -0.0256084 -0.0254018 -0.0251226 -0.0247769 -0.024349 -0.0238002 -0.0231672 -0.0224277 -0.0215782 -0.0205853 -0.0194948 -0.0182596 -0.016914 -0.0154461 -0.0138722 -0.0121934 -0.0104333 -0.00857259 -0.00664889 -0.00470827 -0.00270679 -0.000699231 0.00129484 0.00325446 0.00519282 0.00705235 0.00883592 0.010501 0.01205 0.0134888 0.0147635 0.0158792 0.0168369 0.0176508 0.0182748 0.0187361 0.0190255 0.0191692 0.019175 0.0189987 0.0186798 0.0182187 0.0176101 0.0168297 0.015859 0.0146834 0.0133143 0.011704 0.0098028 0.00761725 0.00510926 0.00232508 -0.00074206 -0.0040659 -0.00751085 -0.0109582 -0.0141639 -0.0169003 -0.0189146 -0.0198788 -0.019539 -0.0176346 -0.0140487 -0.00880665 -0.00203888 0.00591626 0.014626 0.0234965 0.0318497 0.0390338 0.0444269 0.0476074 
0 -0.0111851 -0.0221525 -0.0327229 -0.0426908 -0.0519031 -0.0601847 -0.0673643 -0.0733319 -0.0779848 -0.0813506 -0.0834915 -0.0845202 -0.084609 -0.0839058 -0.0826541 -0.0810731 -0.0793869 -0.0777804 -0.0763619 -0.075248 -0.0744985 -0.0741703 -0.074241 -0.0746838 -0.0754445 -0.0764922 -0.0778046 -0.0792834 -0.0809096 -0.0825942 -0.0843337 -0.0861004 -0.0878109 -0.0894658 -0.0910137 -0.0924538 -0.0937593 -0.0948909 -0.0958256 -0.0965853 -0.0971249 -0.0974287 -0.0974963 -0.0972899 -0.0968508 -0.0961343 -0.0951513 -0.0939184 -0.0924496 -0.0907378 -0.0888044 -0.0866748 -0.084366 -0.0819108 -0.0793234 -0.076647 -0.073889 -0.071099 -0.0682718 -0.0654561 -0.0626884 -0.0599736 -0.0573265 -0.0547939 -0.0523636 -0.050045 -0.0478879 -0.04587 -0.0439926 -0.0422638 -0.0406829 -0.0392291 -0.0379254 -0.036751 -0.0356972 -0.034733 -0.0338761 -0.0331292 -0.0324689 -0.0318603 -0.0313307 -0.030872 -0.0304666 -0.030107 -0.029791 -0.0295115 -0.0292755 -0.029066 -0.0288745 -0.0287153 -0.0285783 -0.0284503 -0.0283442 -0.0282584 -0.0281758 -0.0281113 -0.0280647 -0.028022 -0.0279905 -0.0279806 -0.0279726 -0.0279749 -0.0279965 -0.0280247 -0.0280576 -0.0281121 -0.0281725 -0.0282364 -0.0283185 -0.0284104 -0.0285002 -0.0286018 -0.0287121 -0.0288211 -0.0289338 -0.0290378 -0.0291357 -0.0292387 -0.0293275 -0.0293753 -0.0294134 -0.029438 -0.0294281 -0.0293608 -0.0292503 -0.0290938 -0.0288884 -0.0285946 -0.0282305 -0.027778 -0.0272212 -0.0265634 -0.0258124 -0.0249175 -0.0239002 -0.0227646 -0.0214861 -0.0200845 -0.0185726 -0.0169342 -0.0151741 -0.0133286 -0.0113906 -0.00938829 -0.00732302 -0.00523685 -0.00312288 -0.00100983 0.00108333 0.00313052 0.0051061 0.00699539 0.00879252 0.0104638 0.0119799 0.013381 0.0146043 0.0156643 0.0165479 0.0172546 0.0178099 0.0181985 0.0184123 0.0184861 0.0184359 0.0182352 0.0179202 0.0174545 0.0168888 0.0162092 0.0153711 0.0143868 0.0132154 0.0118705 0.0102956 0.00845518 0.00631873 0.00389109 0.00118135 -0.00181102 -0.00502265 -0.00837615 -0.0116701 -0.0147055 -0.0172307 -0.018957 -0.0196131 -0.0188798 -0.0165527 -0.0125088 -0.00677412 0.00046179 0.00889169 0.0180296 0.0272837 0.0359746 0.0434175 0.0490283 0.0523635 
0 -0.0114403 -0.0226495 -0.0333967 -0.043503 -0.0527745 -0.0610472 -0.0681564 -0.0739636 -0.0784108 -0.0815007 -0.0833254 -0.0840156 -0.083728 -0.0826541 -0.0810133 -0.0790448 -0.0769833 -0.0750029 -0.0732457 -0.0718156 -0.0707818 -0.0702061 -0.0700619 -0.0703302 -0.0709631 -0.0719202 -0.0731816 -0.074663 -0.0763271 -0.078109 -0.0799812 -0.0819116 -0.0838425 -0.0857492 -0.0876006 -0.0893847 -0.0910734 -0.0926371 -0.0940491 -0.095308 -0.0963744 -0.0972444 -0.0978894 -0.0982957 -0.0984733 -0.0983761 -0.0980221 -0.097395 -0.0964949 -0.0953346 -0.0939249 -0.0922631 -0.0903931 -0.0883113 -0.0860419 -0.0836298 -0.0810733 -0.0784296 -0.0757186 -0.0729616 -0.0701824 -0.0674252 -0.064692 -0.0620321 -0.0594479 -0.0569745 -0.0546174 -0.0523753 -0.0502788 -0.048342 -0.0465416 -0.0448894 -0.0433964 -0.0420196 -0.040785 -0.0396866 -0.0387057 -0.0378137 -0.0370288 -0.0363317 -0.0357338 -0.0351872 -0.0347086 -0.0342983 -0.0339447 -0.0336163 -0.0333527 -0.0331156 -0.0329034 -0.0327274 -0.0325846 -0.0324381 -0.0323301 -0.0322412 -0.0321536 -0.0320823 -0.0320427 -0.0319919 -0.0319598 -0.0319509 -0.0319428 -0.0319362 -0.0319645 -0.031987 -0.0320149 -0.0320664 -0.0321276 -0.0321769 -0.0322571 -0.0323372 -0.0324133 -0.0324997 -0.0325976 -0.0326673 -0.032752 -0.0328306 -0.0328882 -0.0329183 -0.0329463 -0.0329392 -0.0329072 -0.0328167 -0.0326894 -0.0325176 -0.0322853 -0.031966 -0.0315848 -0.031102 -0.0305233 -0.0298508 -0.0290552 -0.028125 -0.0270727 -0.0258863 -0.0245632 -0.023114 -0.0215204 -0.019813 -0.017975 -0.016034 -0.0140081 -0.0119073 -0.00973102 -0.00752922 -0.00528693 -0.0030463 -0.0008344 0.00134726 0.00345668 0.00548105 0.00740681 0.00920841 0.0108654 0.0123758 0.0137001 0.0148673 0.0158521 0.0166567 0.0172905 0.0177512 0.0180611 0.0182113 0.0182143 0.0180901 0.0178587 0.0175173 0.0170792 0.0165359 0.0159153 0.0151987 0.014359 0.0133916 0.012259 0.01097 0.0094624 0.0076986 0.00565573 0.00331345 0.000693267 -0.00220695 -0.00533216 -0.00856741 -0.011736 -0.0146058 -0.0169224 -0.0184089 -0.018759 -0.0176974 -0.0150051 -0.0105807 -0.00448241 0.00311473 0.0118551 0.021269 0.0307499 0.0396077 0.0471885 0.0528875 0.0563001 
0 -0.0116463 -0.0230458 -0.0339359 -0.0441421 -0.0534466 -0.0616862 -0.0686981 -0.0743314 -0.0785525 -0.0813562 -0.082854 -0.0831915 -0.0825246 -0.0810731 -0.0790448 -0.0766908 -0.0742475 -0.0718893 -0.0697785 -0.0680144 -0.0666763 -0.0658218 -0.0654317 -0.0654917 -0.0659564 -0.0667804 -0.0679336 -0.0693457 -0.0709708 -0.0727596 -0.0746732 -0.0766787 -0.0787375 -0.0808152 -0.0828876 -0.0849286 -0.0869143 -0.0888221 -0.0906275 -0.0923163 -0.0938517 -0.0952364 -0.0964281 -0.0974135 -0.0981809 -0.0986951 -0.0989719 -0.0989801 -0.0987065 -0.0981626 -0.0973503 -0.0962471 -0.094895 -0.0932862 -0.0914541 -0.0894259 -0.0871945 -0.0848177 -0.0823196 -0.0797156 -0.0770353 -0.074336 -0.0716155 -0.0689169 -0.0662444 -0.0636548 -0.0611544 -0.0587473 -0.0564684 -0.0543393 -0.0523311 -0.0504702 -0.0487826 -0.0472271 -0.0458165 -0.0445448 -0.0434103 -0.0423891 -0.0414883 -0.0406813 -0.0399869 -0.0393563 -0.0388109 -0.0383434 -0.0379364 -0.037561 -0.037268 -0.0370041 -0.0367669 -0.0365747 -0.036423 -0.0362645 -0.0361518 -0.036061 -0.0359696 -0.0358959 -0.035859 -0.035805 -0.0357713 -0.0357631 -0.0357526 -0.0357403 -0.0357677 -0.0357839 -0.0358031 -0.0358474 -0.0358989 -0.0359306 -0.0359974 -0.0360587 -0.0361064 -0.0361615 -0.0362291 -0.0362549 -0.0362872 -0.0363057 -0.0362966 -0.0362514 -0.0361931 -0.0360769 -0.0359259 -0.0357143 -0.0354497 -0.0351083 -0.0346868 -0.0341702 -0.0335752 -0.0328517 -0.0320069 -0.031051 -0.0299511 -0.0287065 -0.0273345 -0.0258212 -0.0241546 -0.0223651 -0.0204448 -0.0184271 -0.016291 -0.0140742 -0.011798 -0.00946831 -0.00709334 -0.0047373 -0.00238813 -7.24524e-05 0.0021724 0.00434631 0.00640197 0.00833462 0.0101289 0.011758 0.0132059 0.0144917 0.0155817 0.0164925 0.0172187 0.0177619 0.0181441 0.0183606 0.0184383 0.01838 0.0182081 0.0179331 0.0175686 0.0171261 0.0166091 0.0160231 0.0153796 0.0146627 0.0138556 0.0129424 0.0118846 0.010674 0.00925109 0.00757313 0.00562037 0.00336014 0.000815167 -0.00200786 -0.00505591 -0.00819142 -0.0112483 -0.0139752 -0.0161116 -0.0173859 -0.0174763 -0.0161353 -0.0131449 -0.0084241 -0.00205359 0.0057883 0.0147176 0.0242678 0.0338267 0.0427089 0.0502853 0.0559592 0.0593551 
0 -0.0118311 -0.0233769 -0.0344081 -0.0446734 -0.0539985 -0.0621922 -0.0690766 -0.0745531 -0.0785327 -0.0810701 -0.0822594 -0.0822414 -0.0812262 -0.0793869 -0.0769833 -0.0742475 -0.071406 -0.068675 -0.0661869 -0.064077 -0.0624174 -0.0612544 -0.0605873 -0.0604021 -0.0606515 -0.0612944 -0.0622954 -0.0635686 -0.0651112 -0.0668364 -0.068718 -0.0707334 -0.0728124 -0.0749782 -0.0771682 -0.0793642 -0.0815525 -0.0837099 -0.0858092 -0.0878367 -0.0897533 -0.0915439 -0.0932189 -0.0947008 -0.0960051 -0.0970981 -0.097971 -0.0985977 -0.0989545 -0.0990409 -0.0988506 -0.0983868 -0.0976133 -0.0965739 -0.0952753 -0.0937261 -0.0919185 -0.0899285 -0.0877546 -0.08541 -0.0829505 -0.0803941 -0.077777 -0.0751246 -0.0724645 -0.0698193 -0.0672512 -0.0647278 -0.0623052 -0.0600062 -0.0578338 -0.0557793 -0.0538905 -0.0521531 -0.0505628 -0.0491104 -0.0478061 -0.0466504 -0.0456103 -0.0446855 -0.0438765 -0.0431663 -0.0425348 -0.0420064 -0.0415306 -0.0411186 -0.0407785 -0.0404916 -0.0402195 -0.0400185 -0.0398444 -0.0396857 -0.0395575 -0.0394717 -0.0393704 -0.0393044 -0.039258 -0.0392125 -0.0391697 -0.039167 -0.039145 -0.0391366 -0.0391482 -0.0391634 -0.0391627 -0.0392011 -0.0392251 -0.0392431 -0.0392733 -0.0393122 -0.039312 -0.0393287 -0.0393323 -0.0393075 -0.0392595 -0.0392022 -0.0390868 -0.0389477 -0.0387674 -0.03852 -0.0382041 -0.0378402 -0.0373909 -0.0368369 -0.0361824 -0.035432 -0.0345635 -0.0335382 -0.0323932 -0.031115 -0.0296742 -0.0280752 -0.0263686 -0.024495 -0.0224892 -0.020369 -0.0181471 -0.0158202 -0.0134269 -0.0109682 -0.00848543 -0.00599267 -0.00349216 -0.00104274 0.00134359 0.00364725 0.00586283 0.00792393 0.00984165 0.0116012 0.0131906 0.0145765 0.0157782 0.0167891 0.0176033 0.0182459 0.0186817 0.0189735 0.0191142 0.0191072 0.0189775 0.0187503 0.0184262 0.018037 0.017586 0.0170692 0.0165417 0.0159511 0.0153321 0.0146621 0.0139095 0.0130783 0.0121063 0.0109753 0.00963215 0.00803767 0.00614827 0.00395748 0.00145467 -0.00133224 -0.00431927 -0.00740614 -0.0103655 -0.0129822 -0.0149729 -0.0160384 -0.0159163 -0.014315 -0.011083 -0.00614555 0.00042172 0.00837684 0.0173826 0.0269251 0.0364161 0.0452048 0.0526445 0.0582183 0.061528 
