0 0 0 0 0 0 0 0 0 0 0 0 0 0 0 0 0 0 0 0 0 0 0 0 0 0 0 0 0 0 0 0 0 0 0 0 0 0 0 0 0 0 0 0 0 0 0 0 0 0 0 0 0 0 0 0 0 0 0 0 0 0 0 0 0 0 0 0 0 0 0 0 0 0 0 0 0 0 0 0 0 0 0 0 0 0 0 0 0 0 0 0 0 0 0 0 0 0 0 0 0 0 0 0 0 0 0 0 0 0 0 0 0 0 0 0 0 0 0 0 0 0 0 0 0 0 0 0 0 0 0 0 0 0 0 0 0 0 0 0 0 0 0 0 0 0 0 0 0 0 0 0 0 0 0 0 0 0 0 0 0 0 0 0 0 0 0 0 0 0 0 0 0 0 0 0 0 0 0 0 0 0 0 0 0 0 0 0 0 0 0 0 0 0 0 0 0 0 0 0 
0 -0.000754636 -0.0015065 -0.00226965 -0.00303152 -0.0037915 -0.00453494 -0.00522511 -0.00584843 -0.00636049 -0.00675471 -0.00703035 -0.00718121 -0.00724793 -0.00722543 -0.00715423 -0.00706084 -0.00695923 -0.00689655 -0.00685659 -0.00685597 -0.00688408 -0.00693383 -0.00701475 -0.00711399 -0.00722676 -0.00733506 -0.00744778 -0.00754683 -0.0076558 -0.00775403 -0.00782832 -0.00790653 -0.00795461 -0.00801136 -0.00805297 -0.00806678 -0.00807472 -0.00806764 -0.00805032 -0.00802255 -0.00798048 -0.00791997 -0.00787362 -0.00780606 -0.00772788 -0.00764679 -0.0075584 -0.00747638 -0.00738551 -0.00729299 -0.00719523 -0.00710919 -0.00701351 -0.00691388 -0.00682144 -0.0067428 -0.00665276 -0.00655994 -0.00648134 -0.00639395 -0.00631475 -0.00623959 -0.0061622 -0.00608421 -0.00601612 -0.00593345 -0.00586192 -0.00580182 -0.00573292 -0.00565546 -0.00558699 -0.00552756 -0.00546705 -0.00540014 -0.00533264 -0.00527919 -0.00522096 -0.00516294 -0.00510953 -0.00505705 -0.0050016 -0.00496099 -0.00491353 -0.00486365 -0.00482555 -0.00479219 -0.00474716 -0.00471483 -0.00468838 -0.00465546 -0.00462611 -0.00460888 -0.00458489 -0.0045633 -0.00455149 -0.00453904 -0.00452369 -0.00451945 -0.0045159 -0.00450955 -0.00451078 -0.00451779 -0.00451894 -0.0045273 -0.0045427 -0.00455388 -0.00456679 -0.00459231 -0.00461196 -0.00463156 -0.00466312 -0.00469545 -0.00471883 -0.0047574 -0.00479829 -0.00483255 -0.00487228 -0.00492245 -0.00496263 -0.00501233 -0.00506627 -0.005114 -0.00516224 -0.00522763 -0.00528647 -0.00533829 -0.00539195 -0.00546134 -0.00553271 -0.0055879 -0.0056437 -0.00571909 -0.00579012 -0.00584835 -0.00592448 -0.00599511 -0.00606022 -0.00613167 -0.00621201 -0.00628479 -0.00636621 -0.00643811 -0.0065129 -0.00659805 -0.00668189 -0.00675954 -0.00683621 -0.00692204 -0.00699438 -0.00706103 -0.00712599 -0.00719605 -0.00724241 -0.00728417 -0.00730718 -0.00731465 -0.00732005 -0.00728782 -0.007236 -0.00716737 -0.00707122 -0.00693554 -0.00677491 -0.00656584 -0.00633556 -0.00607325 -0.00575073 -0.00540341 -0.00500186 -0.00456908 -0.00409349 -0.00356411 -0.00299084 -0.00237359 -0.0017154 -0.00100063 -0.000234611 0.000606089 0.00149776 0.00244895 0.00346125 0.00451185 0.00561065 0.00670216 0.00776527 0.00875744 0.00963531 0.0103828 0.0109568 0.0113521 0.0115583 0.0115951 0.0115026 0.0113305 0.0111472 0.0110099 0.0109838 0.0111147 0.0114394 
0 -0.0015065 -0.00302985 -0.00454265 -0.00608332 -0.00759931 -0.00907773 -0.010474 -0.011698 -0.0127399 -0.0135269 -0.0140728 -0.0144031 -0.0145147 -0.0144906 -0.0143416 -0.0141328 -0.0139405 -0.0137688 -0.0136819 -0.0136549 -0.0136746 -0.0137677 -0.0138911 -0.0140675 -0.0142651 -0.0144501 -0.0146398 -0.0148196 -0.0150019 -0.0151739 -0.0153218 -0.015434 -0.015538 -0.0156237 -0.0156804 -0.0157149 -0.0157085 -0.0156992 -0.0156723 -0.0156241 -0.0155335 -0.0154393 -0.0153338 -0.0152067 -0.0150848 -0.0149206 -0.0147759 -0.0146287 -0.0144573 -0.0142718 -0.014113 -0.013941 -0.013772 -0.0136104 -0.0134238 -0.0132717 -0.0131071 -0.0129421 -0.0127793 -0.0126502 -0.0124918 -0.0123352 -0.0121853 -0.0120595 -0.011921 -0.0117708 -0.0116498 -0.0115145 -0.0113719 -0.011244 -0.0111464 -0.011001 -0.0108743 -0.0107548 -0.0106595 -0.0105356 -0.0104213 -0.0103071 -0.0102261 -0.0101151 -0.0100124 -0.0099279 -0.00984751 -0.00974827 -0.00967766 -0.00960987 -0.00952826 -0.00946498 -0.00941395 -0.00935163 -0.00929518 -0.0092626 -0.0092151 -0.00917656 -0.0091504 -0.00912952 -0.00909746 -0.00909223 -0.00908136 -0.00907357 -0.00907193 -0.00908831 -0.00908756 -0.00910692 -0.00913251 -0.00915705 -0.00917975 -0.00922935 -0.00926586 -0.00930501 -0.00936399 -0.00942387 -0.00947168 -0.0095437 -0.00962297 -0.0096813 -0.00976346 -0.00985778 -0.00994042 -0.0100152 -0.0101259 -0.0102237 -0.0103282 -0.0104155 -0.0105306 -0.0106465 -0.0107708 -0.0108593 -0.0109883 -0.0111099 -0.0112332 -0.0113521 -0.0114888 -0.0116016 -0.0117276 -0.0118687 -0.0120086 -0.0121397 -0.0122598 -0.0124154 -0.0125553 -0.0126912 -0.0128348 -0.0130036 -0.0131262 -0.0132721 -0.0134157 -0.0135548 -0.0136982 -0.0138173 -0.0139201 -0.0140252 -0.0141162 -0.014153 -0.0141972 -0.0142026 -0.014181 -0.0141084 -0.0139851 -0.0138237 -0.0136159 -0.0133538 -0.0130054 -0.0126103 -0.0121445 -0.0116074 -0.010987 -0.0102785 -0.00949456 -0.00864467 -0.00770915 -0.0066694 -0.00555329 -0.00433057 -0.00303499 -0.0016395 -0.000109356 0.00151726 0.00328095 0.00514741 0.0071134 0.00919885 0.0113293 0.0134803 0.0155651 0.0174903 0.019219 0.0206516 0.0217586 0.0225037 0.0228624 0.0229025 0.0226695 0.0222906 0.0218888 0.0215758 0.021494 0.0217186 0.0223405 
0 -0.00226965 -0.00454265 -0.00683737 -0.00913418 -0.0114197 -0.0136487 -0.0157274 -0.017593 -0.01914 -0.0203318 -0.0211634 -0.0216324 -0.0218237 -0.0217567 -0.021526 -0.0212123 -0.0208742 -0.020616 -0.0204282 -0.0203389 -0.0203275 -0.0203829 -0.0205158 -0.0207038 -0.0209269 -0.0211431 -0.0213677 -0.0215677 -0.0217876 -0.0219866 -0.0221356 -0.0222835 -0.0223762 -0.0224829 -0.0225576 -0.0225753 -0.0225737 -0.0225444 -0.0224944 -0.0224195 -0.0223102 -0.0221656 -0.0220456 -0.0218842 -0.0217003 -0.0215038 -0.0212982 -0.0211048 -0.0208909 -0.0206719 -0.020447 -0.0202433 -0.0200217 -0.0197916 -0.0195725 -0.0193846 -0.0191729 -0.018953 -0.0187596 -0.0185544 -0.0183596 -0.0181705 -0.0179788 -0.0177886 -0.0176133 -0.0174088 -0.0172298 -0.0170703 -0.016893 -0.016701 -0.0165297 -0.0163706 -0.0162116 -0.0160418 -0.0158742 -0.0157299 -0.0155778 -0.015428 -0.0152908 -0.015152 -0.0150094 -0.0148989 -0.0147759 -0.0146471 -0.0145449 -0.0144537 -0.0143392 -0.0142524 -0.0141792 -0.0140942 -0.0140172 -0.0139678 -0.013905 -0.0138495 -0.0138148 -0.0137816 -0.0137427 -0.0137296 -0.0137182 -0.013704 -0.0137058 -0.0137223 -0.0137271 -0.0137498 -0.0137872 -0.0138185 -0.0138541 -0.0139183 -0.0139707 -0.0140253 -0.0141057 -0.0141891 -0.0142549 -0.0143543 -0.0144595 -0.0145507 -0.0146557 -0.0147839 -0.0148919 -0.0150175 -0.0151563 -0.015283 -0.0154113 -0.0155712 -0.015722 -0.0158595 -0.0160023 -0.0161718 -0.0163489 -0.0164944 -0.0166416 -0.0168255 -0.0170034 -0.0171536 -0.017338 -0.017514 -0.0176787 -0.017852 -0.0180406 -0.0182187 -0.018408 -0.0185756 -0.0187489 -0.0189434 -0.019126 -0.0192954 -0.0194611 -0.0196399 -0.0197882 -0.0199179 -0.0200376 -0.0201619 -0.0202329 -0.0202772 -0.020278 -0.0202371 -0.0201753 -0.0200226 -0.0198119 -0.0195501 -0.0192152 -0.01878 -0.0182649 -0.0176347 -0.016936 -0.0161453 -0.0152071 -0.0141836 -0.0130257 -0.0117753 -0.0104055 -0.00889041 -0.00725165 -0.0054865 -0.00360203 -0.00156201 0.00063564 0.00302999 0.00558245 0.00830265 0.011189 0.0141965 0.0173168 0.0204206 0.0234265 0.0262116 0.0286609 0.0307051 0.0322397 0.0332375 0.0336784 0.033623 0.033187 0.0325247 0.0318318 0.0312867 0.0310755 0.0313386 0.0321932 
0 -0.00303152 -0.00608332 -0.00913418 -0.0122112 -0.0152547 -0.0182132 -0.0209914 -0.0234534 -0.0255263 -0.0271145 -0.0282182 -0.0288674 -0.0290997 -0.0290181 -0.02869 -0.0282296 -0.0277535 -0.0273244 -0.0270108 -0.0268049 -0.0266917 -0.026685 -0.0267543 -0.0269031 -0.0270915 -0.0272735 -0.027458 -0.0276338 -0.0278167 -0.0279869 -0.0281211 -0.0282191 -0.0282981 -0.0283654 -0.0284008 -0.0283986 -0.0283568 -0.0283057 -0.0282388 -0.0281444 -0.028002 -0.0278483 -0.0276906 -0.0275085 -0.0273202 -0.0270956 -0.026886 -0.0266802 -0.0264472 -0.0262002 -0.0259766 -0.0257505 -0.0255229 -0.0252955 -0.0250533 -0.0248441 -0.0246206 -0.0243909 -0.0241706 -0.023975 -0.0237565 -0.0235348 -0.0233192 -0.0231262 -0.0229229 -0.0227024 -0.0225107 -0.0223125 -0.0221011 -0.0219017 -0.0217312 -0.021525 -0.0213294 -0.0211418 -0.020976 -0.0207924 -0.0206111 -0.0204353 -0.0202906 -0.0201215 -0.0199581 -0.0198204 -0.019684 -0.0195322 -0.0194121 -0.0192987 -0.0191706 -0.0190655 -0.0189768 -0.0188774 -0.0187876 -0.0187253 -0.0186515 -0.0185878 -0.0185427 -0.0185038 -0.0184584 -0.018442 -0.0184254 -0.0184122 -0.0184116 -0.0184302 -0.0184364 -0.0184645 -0.0185047 -0.0185439 -0.0185868 -0.0186594 -0.0187218 -0.0187885 -0.0188808 -0.0189756 -0.0190592 -0.0191724 -0.0192948 -0.019398 -0.0195263 -0.0196725 -0.0198038 -0.0199341 -0.0200998 -0.0202545 -0.0204113 -0.020564 -0.0207393 -0.0209141 -0.0210931 -0.0212515 -0.0214434 -0.0216244 -0.0218048 -0.021992 -0.0221891 -0.0223594 -0.022547 -0.0227483 -0.0229422 -0.0231254 -0.0233034 -0.0235066 -0.0236956 -0.0238715 -0.0240548 -0.024257 -0.0244142 -0.0245779 -0.0247372 -0.0248901 -0.0250304 -0.0251343 -0.0252135 -0.0252859 -0.0253188 -0.0252844 -0.0252278 -0.0251154 -0.02495 -0.0246959 -0.0243566 -0.0239481 -0.0234558 -0.022858 -0.0221328 -0.0213044 -0.0203649 -0.019301 -0.0180876 -0.0167304 -0.0152363 -0.0136183 -0.0118484 -0.00990266 -0.00780242 -0.0055301 -0.00310677 -0.000495242 0.00234206 0.00538917 0.00866572 0.0121447 0.0158162 0.0196734 0.0236244 0.0275747 0.0313768 0.034867 0.0379327 0.0404262 0.0422628 0.043382 0.0437639 0.0435104 0.042748 0.0417056 0.0406259 0.0397497 0.039331 0.0395413 0.0405484 
0 -0.0037915 -0.00759931 -0.0114197 -0.0152547 -0.0190525 -0.0227354 -0.0261835 -0.0292519 -0.0318218 -0.0338023 -0.0351766 -0.0359725 -0.0362569 -0.0361275 -0.0356917 -0.0350817 -0.0344256 -0.0338235 -0.0333344 -0.0329682 -0.0327143 -0.0325712 -0.0325261 -0.032566 -0.032652 -0.0327421 -0.0328322 -0.0329163 -0.0330081 -0.0330869 -0.0331305 -0.0331476 -0.0331453 -0.0331411 -0.0331151 -0.0330521 -0.0329618 -0.0328619 -0.0327524 -0.0326217 -0.0324584 -0.0322834 -0.032115 -0.0319305 -0.0317315 -0.0315149 -0.0313079 -0.0311102 -0.0308977 -0.0306781 -0.0304705 -0.0302709 -0.0300663 -0.0298567 -0.0296493 -0.0294652 -0.0292687 -0.0290626 -0.0288665 -0.0286789 -0.0284834 -0.0282847 -0.0280881 -0.0279 -0.0277065 -0.0274978 -0.0273077 -0.0271215 -0.0269215 -0.0267195 -0.0265343 -0.0263423 -0.0261517 -0.0259606 -0.025779 -0.0255981 -0.025416 -0.0252394 -0.0250781 -0.0249078 -0.024741 -0.024596 -0.0244489 -0.0242963 -0.0241663 -0.024045 -0.0239138 -0.0238018 -0.0237038 -0.0236012 -0.0235077 -0.0234358 -0.0233599 -0.0232927 -0.0232424 -0.0231984 -0.0231546 -0.0231321 -0.0231143 -0.0231007 -0.0231005 -0.0231147 -0.0231255 -0.0231532 -0.0231934 -0.0232346 -0.0232831 -0.0233537 -0.0234205 -0.0234932 -0.0235867 -0.0236841 -0.0237755 -0.0238912 -0.0240147 -0.0241286 -0.0242585 -0.0244048 -0.0245415 -0.024684 -0.0248452 -0.0250008 -0.0251575 -0.0253245 -0.0254976 -0.0256646 -0.0258348 -0.0260094 -0.026196 -0.0263666 -0.0265362 -0.0267204 -0.026905 -0.0270694 -0.0272458 -0.0274253 -0.0275944 -0.0277572 -0.0279217 -0.0280912 -0.0282493 -0.028389 -0.0285305 -0.0286802 -0.0288016 -0.0289094 -0.0290087 -0.0290984 -0.0291605 -0.0291867 -0.0291885 -0.0291725 -0.0291056 -0.0289754 -0.0287976 -0.0285627 -0.0282641 -0.0278674 -0.0273782 -0.0268063 -0.0261347 -0.0253381 -0.0244065 -0.0233468 -0.0221659 -0.0208435 -0.0193512 -0.017699 -0.0158873 -0.0139261 -0.0117904 -0.00945785 -0.00693923 -0.00423225 -0.00133886 0.00177581 0.00514452 0.00877445 0.0126629 0.016795 0.0211547 0.0257083 0.0303676 0.0349951 0.0394202 0.0434557 0.0469407 0.0497211 0.0516804 0.052751 0.0529292 0.0523212 0.0511084 0.0495595 0.0479745 0.0466616 0.0459199 0.0459809 0.0470361 
0 -0.00453494 -0.00907773 -0.0136487 -0.0182132 -0.0227354 -0.0271108 -0.0311938 -0.0348404 -0.0378807 -0.0402377 -0.0418727 -0.0428071 -0.0431413 -0.0429564 -0.0424058 -0.0416347 -0.040777 -0.0399768 -0.0392763 -0.0387122 -0.0382805 -0.0379599 -0.0377596 -0.0376427 -0.037576 -0.0375232 -0.0374666 -0.0374063 -0.0373525 -0.037287 -0.0371886 -0.0370778 -0.0369446 -0.0368188 -0.0366841 -0.0365183 -0.0363474 -0.0361712 -0.0359983 -0.0358149 -0.0356225 -0.0354192 -0.0352364 -0.0350539 -0.0348544 -0.0346673 -0.0344826 -0.0343129 -0.034142 -0.0339746 -0.0338075 -0.033664 -0.0335153 -0.0333563 -0.0332161 -0.0330811 -0.0329422 -0.0327933 -0.0326587 -0.0325126 -0.032373 -0.0322254 -0.0320789 -0.0319275 -0.0317779 -0.0316171 -0.0314552 -0.0313044 -0.0311428 -0.0309735 -0.0308017 -0.0306473 -0.0304798 -0.0303134 -0.030142 -0.0299866 -0.029821 -0.0296652 -0.0295061 -0.0293559 -0.0292031 -0.0290654 -0.0289235 -0.0287882 -0.0286609 -0.0285431 -0.0284236 -0.0283156 -0.0282173 -0.0281217 -0.0280345 -0.0279581 -0.0278883 -0.0278235 -0.0277728 -0.0277267 -0.0276898 -0.0276615 -0.0276446 -0.0276309 -0.0276314 -0.027638 -0.0276533 -0.0276764 -0.0277123 -0.0277505 -0.0278004 -0.0278599 -0.0279247 -0.0279956 -0.0280795 -0.0281682 -0.0282591 -0.0283635 -0.0284727 -0.0285855 -0.0287027 -0.0288322 -0.0289568 -0.0290937 -0.0292307 -0.0293721 -0.0295068 -0.0296625 -0.0298095 -0.0299537 -0.0300914 -0.030253 -0.0304018 -0.0305409 -0.0306769 -0.0308291 -0.0309659 -0.0310939 -0.0312267 -0.0313539 -0.0314692 -0.0315768 -0.0316897 -0.0317844 -0.0318763 -0.0319462 -0.0320118 -0.0320651 -0.0321093 -0.0321168 -0.0321131 -0.0320978 -0.0320395 -0.0319461 -0.031824 -0.0316694 -0.0314528 -0.0311864 -0.0308456 -0.0304508 -0.0299811 -0.0294067 -0.0287364 -0.0279715 -0.0270972 -0.0260857 -0.0249428 -0.0236489 -0.0222273 -0.0206502 -0.0188889 -0.0169602 -0.0148553 -0.012582 -0.0101192 -0.00744913 -0.00456593 -0.00148558 0.00181287 0.00535832 0.00917034 0.013286 0.017673 0.022333 0.0272447 0.0323392 0.0375413 0.0426659 0.0475255 0.0519151 0.0556208 0.0584922 0.0603791 0.0612128 0.0610127 0.0598861 0.0580732 0.0558781 0.0536587 0.0517873 0.0506018 0.0503988 0.0513868 
0 -0.00522511 -0.010474 -0.0157274 -0.0209914 -0.0261835 -0.0311938 -0.0358828 -0.0400374 -0.0435325 -0.0462353 -0.0481044 -0.0491954 -0.0495486 -0.0493308 -0.0486649 -0.0477197 -0.0466842 -0.0456488 -0.0447367 -0.0439542 -0.0433097 -0.0428056 -0.0424116 -0.0421119 -0.0418615 -0.0416318 -0.041386 -0.0411566 -0.0409068 -0.040652 -0.0403905 -0.040082 -0.0398012 -0.0395004 -0.039203 -0.0389122 -0.0386099 -0.0383288 -0.0380662 -0.0378103 -0.0375535 -0.0373307 -0.0371033 -0.0369109 -0.0367305 -0.0365563 -0.0364124 -0.0362806 -0.036161 -0.0360411 -0.0359547 -0.0358644 -0.0357913 -0.0357241 -0.0356583 -0.0355876 -0.0355322 -0.0354735 -0.0354017 -0.0353546 -0.0352865 -0.0352061 -0.0351283 -0.0350607 -0.034966 -0.0348821 -0.0347893 -0.0346826 -0.0345686 -0.0344673 -0.0343643 -0.0342401 -0.0341088 -0.0339905 -0.0338816 -0.0337481 -0.0336195 -0.0334955 -0.0333777 -0.0332515 -0.0331353 -0.0330109 -0.0329013 -0.0327908 -0.0326842 -0.0325766 -0.0324863 -0.0323903 -0.0323034 -0.0322229 -0.0321512 -0.0320779 -0.0320199 -0.0319649 -0.0319167 -0.0318747 -0.0318452 -0.0318163 -0.0317986 -0.0317883 -0.031786 -0.0317866 -0.0318014 -0.0318194 -0.0318447 -0.031877 -0.031921 -0.0319631 -0.0320186 -0.0320791 -0.0321449 -0.0322117 -0.0322955 -0.0323736 -0.0324598 -0.0325491 -0.032648 -0.0327414 -0.0328474 -0.0329419 -0.0330481 -0.0331598 -0.0332697 -0.0333587 -0.0334675 -0.0335816 -0.0336864 -0.0337712 -0.0338619 -0.0339627 -0.0340531 -0.0341248 -0.0341956 -0.034268 -0.0343124 -0.034369 -0.0344152 -0.0344377 -0.0344411 -0.0344573 -0.0344375 -0.0344093 -0.0343705 -0.0343055 -0.0342104 -0.0340954 -0.0339601 -0.0337841 -0.0335873 -0.0333371 -0.0330476 -0.0327054 -0.0323226 -0.0318562 -0.0313366 -0.0307521 -0.0300634 -0.0292958 -0.0284144 -0.0274284 -0.0263298 -0.0251061 -0.0237193 -0.022211 -0.0205407 -0.0186992 -0.016703 -0.0144933 -0.0121302 -0.00957591 -0.00682108 -0.00386129 -0.000677832 0.00272168 0.00635304 0.010237 0.0144231 0.0188924 0.023676 0.0287351 0.0340357 0.0395408 0.0450846 0.0505324 0.0556327 0.0601557 0.0638977 0.066634 0.0682535 0.0686593 0.0678875 0.0660903 0.063514 0.0605338 0.0575483 0.0549836 0.0532388 0.0526424 0.0534444 
0 -0.00584843 -0.011698 -0.017593 -0.0234534 -0.0292519 -0.0348404 -0.0400374 -0.0446871 -0.0485654 -0.051594 -0.0536993 -0.0549005 -0.0553184 -0.0550436 -0.0542823 -0.0532029 -0.051968 -0.0507527 -0.0496138 -0.0486171 -0.0477746 -0.0470567 -0.0464728 -0.0459722 -0.0455221 -0.0451004 -0.0446705 -0.0442347 -0.0437869 -0.0433214 -0.0428353 -0.0423449 -0.0418462 -0.0413554 -0.0408818 -0.0404116 -0.0399669 -0.0395435 -0.0391465 -0.0387767 -0.0384547 -0.0381521 -0.0378929 -0.0376776 -0.037469 -0.0373195 -0.0371849 -0.0370751 -0.0370057 -0.0369641 -0.0369208 -0.0369121 -0.0369098 -0.0369073 -0.0369416 -0.0369615 -0.0369943 -0.0370255 -0.0370625 -0.0370737 -0.0371028 -0.0371289 -0.0371516 -0.0371452 -0.0371427 -0.0371448 -0.0371157 -0.0370968 -0.0370782 -0.0370375 -0.036966 -0.0369346 -0.0368832 -0.0368247 -0.0367394 -0.0366774 -0.03661 -0.036545 -0.0364478 -0.0363797 -0.0363083 -0.0362262 -0.0361425 -0.0360797 -0.0359986 -0.0359224 -0.0358617 -0.0357934 -0.0357236 -0.0356692 -0.0356177 -0.0355568 -0.0355156 -0.0354746 -0.0354354 -0.0353995 -0.0353813 -0.0353522 -0.0353378 -0.0353277 -0.035325 -0.0353168 -0.0353306 -0.0353383 -0.0353518 -0.0353724 -0.035405 -0.0354254 -0.035463 -0.0355067 -0.0355438 -0.0355861 -0.0356444 -0.0356913 -0.0357375 -0.0358064 -0.0358592 -0.0359078 -0.0359701 -0.0360422 -0.0360826 -0.0361387 -0.0361901 -0.0362564 -0.0362958 -0.0363318 -0.0363578 -0.0364176 -0.0364334 -0.036444 -0.0364509 -0.0364585 -0.0364381 -0.0364279 -0.0363958 -0.0363386 -0.0362718 -0.0361961 -0.0361147 -0.0359896 -0.035857 -0.0357012 -0.03552 -0.0352977 -0.0350828 -0.0348075 -0.0345015 -0.0341647 -0.0337691 -0.0333372 -0.0328654 -0.032326 -0.0317223 -0.0310723 -0.0303183 -0.0295048 -0.0285997 -0.0275963 -0.0264974 -0.025283 -0.0239448 -0.0224705 -0.0208628 -0.019095 -0.017183 -0.0151039 -0.012848 -0.0104151 -0.00779872 -0.00499047 -0.00198749 0.00121911 0.00465087 0.00828804 0.0121727 0.0163211 0.020747 0.025499 0.0305392 0.0358683 0.0414478 0.0471628 0.0529155 0.0584766 0.0636136 0.0680926 0.0716292 0.0740576 0.075199 0.0749868 0.073489 0.0708394 0.0673759 0.063469 0.0595875 0.0562204 0.0537807 0.0526845 0.0531731 
0 -0.00636049 -0.0127399 -0.01914 -0.0255263 -0.0318218 -0.0378807 -0.0435325 -0.0485654 -0.0528028 -0.056113 -0.0584253 -0.0597795 -0.0602392 -0.0599664 -0.059135 -0.0579309 -0.0565583 -0.0551449 -0.0538155 -0.052619 -0.0515781 -0.0506872 -0.0499203 -0.0492389 -0.0486068 -0.0480035 -0.0473813 -0.0467641 -0.0461056 -0.0454291 -0.0447493 -0.0440336 -0.0433408 -0.0426278 -0.0419337 -0.0412744 -0.0406407 -0.0400493 -0.0395012 -0.0390007 -0.0385552 -0.0381742 -0.0378199 -0.0375388 -0.0373063 -0.0371329 -0.0370022 -0.036901 -0.0368508 -0.0368287 -0.0368446 -0.0368734 -0.0369343 -0.0370189 -0.037121 -0.0372025 -0.0373164 -0.037442 -0.0375545 -0.037678 -0.0377931 -0.037901 -0.0380068 -0.0381067 -0.0381878 -0.03829 -0.038358 -0.0384099 -0.0384619 -0.0385206 -0.0385573 -0.0385832 -0.0385923 -0.0386119 -0.0386245 -0.0386159 -0.0386109 -0.0386024 -0.038579 -0.038562 -0.0385498 -0.0385069 -0.0384802 -0.0384616 -0.0384248 -0.0383801 -0.0383641 -0.0383262 -0.0382871 -0.0382597 -0.0382366 -0.0381943 -0.0381743 -0.0381505 -0.0381245 -0.0380993 -0.038091 -0.038067 -0.038055 -0.0380465 -0.0380408 -0.0380268 -0.0380339 -0.0380308 -0.0380299 -0.0380352 -0.0380504 -0.0380456 -0.0380616 -0.0380781 -0.0380845 -0.03809 -0.0381204 -0.0381233 -0.0381285 -0.0381491 -0.0381627 -0.0381548 -0.0381699 -0.0381714 -0.03816 -0.0381598 -0.0381546 -0.038121 -0.0380953 -0.0380772 -0.0380381 -0.0379808 -0.03791 -0.0378553 -0.0377842 -0.0376804 -0.0375627 -0.0374591 -0.0373098 -0.0371558 -0.0369899 -0.0367964 -0.036571 -0.0363333 -0.03606 -0.0357755 -0.0354578 -0.035083 -0.0346893 -0.0342562 -0.0337804 -0.0332479 -0.0326805 -0.0320534 -0.0313701 -0.030604 -0.0297883 -0.0288993 -0.0279297 -0.0268822 -0.0257212 -0.0244843 -0.0231339 -0.0216636 -0.0200719 -0.0183605 -0.0165001 -0.0145079 -0.0123465 -0.0100151 -0.00754154 -0.00486799 -0.002041 0.000980864 0.00419188 0.00758571 0.0111974 0.0150202 0.0190855 0.0234057 0.0280108 0.0329039 0.038102 0.0435685 0.0492512 0.0550585 0.0608119 0.0663276 0.0713244 0.0755443 0.0787231 0.0806276 0.0811233 0.0801321 0.0777337 0.0741182 0.0696229 0.0646862 0.0598089 0.0555228 0.0523062 0.0505892 0.0506634 
0 -0.00675471 -0.0135269 -0.0203318 -0.0271145 -0.0338023 -0.0402377 -0.0462353 -0.051594 -0.056113 -0.0596669 -0.0621736 -0.0636529 -0.0641861 -0.0639218 -0.0630565 -0.0617831 -0.0603013 -0.0587589 -0.0572743 -0.0559179 -0.0547199 -0.0536749 -0.0527549 -0.0519192 -0.051133 -0.0503773 -0.0496113 -0.0488312 -0.0480038 -0.0471415 -0.0462646 -0.0453611 -0.0444618 -0.0435446 -0.0426452 -0.0417845 -0.040959 -0.0401783 -0.0394408 -0.0387675 -0.0381761 -0.037658 -0.0371923 -0.0368071 -0.0364889 -0.0362504 -0.0360653 -0.035923 -0.0358558 -0.0358402 -0.035862 -0.0359106 -0.0359956 -0.0361169 -0.0362683 -0.036413 -0.0365879 -0.0367837 -0.0369714 -0.0371593 -0.0373523 -0.0375551 -0.0377529 -0.0379296 -0.0380993 -0.038287 -0.0384421 -0.0385869 -0.0387377 -0.0388746 -0.0389834 -0.0390967 -0.0392026 -0.0392994 -0.0393746 -0.039441 -0.0395171 -0.0395789 -0.0396132 -0.0396602 -0.0397103 -0.0397264 -0.0397501 -0.0397842 -0.0397942 -0.039796 -0.0398197 -0.0398224 -0.0398169 -0.0398231 -0.0398279 -0.0398135 -0.0398141 -0.0398116 -0.0398011 -0.0397905 -0.0397903 -0.0397752 -0.0397657 -0.0397587 -0.0397489 -0.0397311 -0.0397274 -0.0397131 -0.0396959 -0.0396844 -0.0396755 -0.0396476 -0.0396342 -0.0396206 -0.0395907 -0.0395609 -0.0395483 -0.039508 -0.0394654 -0.0394392 -0.0393956 -0.0393298 -0.0392872 -0.039233 -0.0391496 -0.0390738 -0.0390013 -0.0389053 -0.038797 -0.0386856 -0.0385644 -0.0384343 -0.0382779 -0.0381201 -0.0379512 -0.0377526 -0.0375381 -0.0373327 -0.0370824 -0.0368055 -0.0365187 -0.0362134 -0.0358726 -0.0354991 -0.0350925 -0.0346658 -0.0341917 -0.0336619 -0.0331138 -0.0325167 -0.0318594 -0.0311403 -0.0303721 -0.0295487 -0.028662 -0.0276826 -0.0266442 -0.0255333 -0.0243255 -0.0230271 -0.0216236 -0.0201367 -0.018543 -0.0168208 -0.0149697 -0.0130014 -0.0108953 -0.00865303 -0.00625001 -0.00369175 -0.000997628 0.00186798 0.00488942 0.00809254 0.0114647 0.0150023 0.018732 0.0226622 0.0268237 0.0312287 0.0358987 0.0408482 0.0460847 0.0515731 0.0572476 0.0629842 0.0686059 0.073897 0.078577 0.0823742 0.0850005 0.0862312 0.085916 0.0840035 0.0805932 0.0758935 0.0702865 0.0642352 0.0582877 0.0530202 0.0489467 0.046542 0.0461159 
0 -0.00703035 -0.0140728 -0.0211634 -0.0282182 -0.0351766 -0.0418727 -0.0481044 -0.0536993 -0.0584253 -0.0621736 -0.0648514 -0.0664469 -0.0670738 -0.0668445 -0.0659827 -0.0646851 -0.0631321 -0.0615081 -0.0599091 -0.0584379 -0.0571322 -0.0559824 -0.0549652 -0.0540303 -0.0531457 -0.0522872 -0.05143 -0.0505324 -0.0495877 -0.0485905 -0.0475571 -0.046512 -0.0454309 -0.0443337 -0.0432402 -0.0421767 -0.0411583 -0.0401804 -0.0392453 -0.0383793 -0.0376146 -0.0369142 -0.0362938 -0.0357536 -0.0352997 -0.0349496 -0.0346612 -0.0344312 -0.0342863 -0.0342212 -0.0341914 -0.034217 -0.0342866 -0.0344063 -0.0345641 -0.0347307 -0.0349267 -0.0351559 -0.0354002 -0.0356319 -0.0358839 -0.0361507 -0.0364188 -0.0366595 -0.0369159 -0.0371804 -0.0374161 -0.0376405 -0.0378776 -0.0380983 -0.0382887 -0.0384847 -0.0386726 -0.0388492 -0.038996 -0.0391443 -0.0392906 -0.0394232 -0.039522 -0.0396385 -0.0397452 -0.0398261 -0.0399013 -0.0399899 -0.0400484 -0.0401017 -0.0401622 -0.0402097 -0.0402405 -0.0402813 -0.0403136 -0.0403316 -0.0403525 -0.0403719 -0.0403785 -0.0403841 -0.0403908 -0.0403864 -0.0403797 -0.0403735 -0.0403594 -0.0403392 -0.0403224 -0.0402967 -0.0402632 -0.0402336 -0.0401976 -0.0401482 -0.0401029 -0.0400565 -0.0399892 -0.0399248 -0.0398633 -0.0397809 -0.0396878 -0.0396114 -0.0395085 -0.0393897 -0.0392789 -0.0391652 -0.0390135 -0.0388679 -0.0387163 -0.0385515 -0.0383612 -0.0381686 -0.0379613 -0.0377466 -0.0374997 -0.037248 -0.0369858 -0.0366927 -0.036377 -0.0360608 -0.0357147 -0.0353251 -0.0349264 -0.0345056 -0.0340486 -0.0335374 -0.0330105 -0.0324504 -0.0318321 -0.0311544 -0.0304531 -0.0296926 -0.0288625 -0.0279743 -0.0270167 -0.0260076 -0.0249163 -0.0237287 -0.0224655 -0.0211399 -0.0196998 -0.0181566 -0.0165161 -0.0147719 -0.0129282 -0.0109481 -0.0088408 -0.00661845 -0.00428212 -0.00179884 0.000828413 0.00359169 0.00648982 0.00951215 0.0126933 0.0160268 0.0195025 0.0231244 0.0269089 0.0308819 0.0350706 0.0394883 0.0441375 0.049056 0.0542243 0.0596198 0.0651625 0.0706875 0.0760398 0.0809539 0.085167 0.0883925 0.090316 0.0907403 0.0894882 0.0865473 0.0820381 0.0761856 0.0694189 0.0622158 0.0551703 0.0488947 0.0439335 0.040802 0.0398248 
0 -0.00718121 -0.0144031 -0.0216324 -0.0288674 -0.0359725 -0.0428071 -0.0491954 -0.0549005 -0.0597795 -0.0636529 -0.0664469 -0.0681685 -0.0688586 -0.0687053 -0.0678738 -0.0665793 -0.0650275 -0.0633494 -0.0617036 -0.06017 -0.0588006 -0.0576075 -0.0565447 -0.0555685 -0.0546492 -0.0537594 -0.0528591 -0.0519307 -0.0509214 -0.0498487 -0.0487403 -0.0475758 -0.0463869 -0.0451482 -0.0438913 -0.0426652 -0.0414658 -0.0402939 -0.0391644 -0.0381027 -0.037117 -0.0362334 -0.0354038 -0.0346612 -0.0340385 -0.0335037 -0.033057 -0.0326886 -0.0324112 -0.0322151 -0.0321067 -0.0320353 -0.0320357 -0.0321146 -0.032226 -0.0323626 -0.0325455 -0.0327774 -0.0330134 -0.0332826 -0.0335593 -0.0338564 -0.0341546 -0.0344646 -0.0347675 -0.0350857 -0.0353986 -0.035688 -0.0359751 -0.036269 -0.0365585 -0.036809 -0.0370592 -0.037302 -0.0375428 -0.0377483 -0.0379582 -0.0381447 -0.0383282 -0.0384937 -0.0386587 -0.038792 -0.0389306 -0.0390576 -0.0391718 -0.0392673 -0.0393695 -0.0394536 -0.0395266 -0.0395946 -0.0396573 -0.0397046 -0.0397479 -0.0397854 -0.0398113 -0.0398313 -0.0398453 -0.0398507 -0.0398478 -0.0398412 -0.0398237 -0.0398006 -0.0397714 -0.0397334 -0.0396862 -0.0396363 -0.0395758 -0.0395037 -0.0394305 -0.0393469 -0.0392496 -0.0391457 -0.0390419 -0.0389139 -0.0387819 -0.0386424 -0.0384946 -0.038322 -0.0381554 -0.0379628 -0.0377645 -0.0375526 -0.037338 -0.0370794 -0.0368278 -0.036569 -0.0362937 -0.0359678 -0.0356498 -0.0353274 -0.0349764 -0.034582 -0.0341858 -0.0337736 -0.0333176 -0.032842 -0.0323426 -0.0318107 -0.0312261 -0.030619 -0.0299612 -0.0292757 -0.0285289 -0.0277208 -0.026856 -0.0259549 -0.0249709 -0.0239006 -0.0227869 -0.0215914 -0.0203009 -0.0189147 -0.0174538 -0.015893 -0.0142451 -0.0124676 -0.0105771 -0.00860528 -0.00650645 -0.00427885 -0.00192973 0.000525232 0.00309755 0.00578299 0.00861591 0.0115651 0.0146031 0.0177691 0.0210462 0.0244572 0.0279878 0.0316246 0.0354019 0.0393514 0.0434913 0.0478343 0.0523989 0.057179 0.0622022 0.0674084 0.0726923 0.0779224 0.0828547 0.087281 0.0909035 0.0934093 0.0945415 0.0940284 0.0917676 0.0877393 0.0820694 0.0750665 0.0671148 0.0587772 0.0506535 0.0433714 0.0375546 0.0336811 0.0321484 
0 -0.00724793 -0.0145147 -0.0218237 -0.0290997 -0.0362569 -0.0431413 -0.0495486 -0.0553184 -0.0602392 -0.0641861 -0.0670738 -0.0688586 -0.0696486 -0.0695481 -0.0687706 -0.0675275 -0.0659786 -0.0643204 -0.0626577 -0.0611089 -0.0597358 -0.0585378 -0.0574831 -0.0565288 -0.0556352 -0.0547698 -0.0539237 -0.053005 -0.0520269 -0.0509593 -0.0498111 -0.0486363 -0.0473667 -0.0460573 -0.0447073 -0.0433519 -0.0420148 -0.0406855 -0.0393719 -0.0381061 -0.0369312 -0.0358078 -0.0347776 -0.0338146 -0.0329592 -0.0322088 -0.0315482 -0.0309754 -0.0305033 -0.0301561 -0.0298658 -0.0296672 -0.029539 -0.0294916 -0.0295021 -0.0295825 -0.029696 -0.0298671 -0.0300881 -0.0303085 -0.0305731 -0.0308764 -0.0311981 -0.0315033 -0.0318459 -0.0321827 -0.0325268 -0.0328636 -0.0332203 -0.0335526 -0.0338655 -0.0341811 -0.0345098 -0.0348083 -0.0350747 -0.0353505 -0.0356179 -0.0358681 -0.0360901 -0.0363142 -0.0365185 -0.0367194 -0.0368909 -0.0370646 -0.0372158 -0.0373649 -0.0374885 -0.0376161 -0.0377174 -0.0378192 -0.0378999 -0.037981 -0.0380378 -0.0380974 -0.0381352 -0.0381729 -0.0381892 -0.0382072 -0.0382037 -0.0382006 -0.0381762 -0.0381539 -0.0381095 -0.0380648 -0.0380002 -0.0379369 -0.0378487 -0.0377631 -0.0376563 -0.0375473 -0.0374151 -0.0372872 -0.037131 -0.0369745 -0.0367975 -0.0366197 -0.036411 -0.0362029 -0.0359743 -0.0357452 -0.035481 -0.035207 -0.0349255 -0.0346422 -0.0343139 -0.033969 -0.0336264 -0.0332688 -0.0328784 -0.03246 -0.0320349 -0.0315815 -0.0311097 -0.0306038 -0.0300863 -0.0295045 -0.0289077 -0.0282869 -0.0276256 -0.0268902 -0.0261408 -0.0253332 -0.0244542 -0.0235301 -0.0225484 -0.021499 -0.0203618 -0.0191546 -0.017852 -0.0164935 -0.0150221 -0.0134524 -0.0117803 -0.0100235 -0.00814193 -0.00613153 -0.00403153 -0.00180841 0.000510892 0.00296806 0.0055428 0.00822108 0.0109806 0.0138679 0.0168558 0.0199254 0.0230941 0.0263086 0.0296501 0.0330774 0.0365836 0.0401857 0.043881 0.0477301 0.0517478 0.055947 0.0603275 0.0649218 0.0696984 0.0746274 0.0795857 0.0843789 0.0888312 0.0926441 0.0955704 0.0972962 0.0975152 0.0960398 0.092711 0.0875713 0.0807728 0.0726094 0.0635455 0.0541142 0.0449662 0.0367593 0.0301075 0.0255542 0.0234717 
0 -0.00722543 -0.0144906 -0.0217567 -0.0290181 -0.0361275 -0.0429564 -0.0493308 -0.0550436 -0.0599664 -0.0639218 -0.0668445 -0.0687053 -0.0695481 -0.0695327 -0.0688187 -0.0676241 -0.066123 -0.0644758 -0.0628291 -0.0612892 -0.0599328 -0.0587699 -0.0577713 -0.0568842 -0.0560764 -0.0553098 -0.0545482 -0.0537389 -0.0528435 -0.0518543 -0.0507817 -0.049636 -0.0483962 -0.0470806 -0.0456922 -0.0442749 -0.0428504 -0.0414003 -0.0399599 -0.0385436 -0.037168 -0.0358556 -0.0345941 -0.0333928 -0.0323053 -0.0313034 -0.0303971 -0.0295955 -0.028883 -0.0282839 -0.0277879 -0.0273769 -0.0270646 -0.0268544 -0.0267095 -0.0266416 -0.0266353 -0.0267018 -0.0268225 -0.026991 -0.0272044 -0.0274478 -0.0277152 -0.0280206 -0.0283472 -0.0286773 -0.0290371 -0.0293864 -0.0297329 -0.0300947 -0.0304683 -0.0308101 -0.0311491 -0.0314783 -0.0318136 -0.0321306 -0.0324239 -0.0327034 -0.03299 -0.0332481 -0.0334872 -0.0337236 -0.0339419 -0.03414 -0.0343325 -0.0345105 -0.0346648 -0.0348164 -0.0349514 -0.0350705 -0.0351752 -0.035275 -0.0353514 -0.0354217 -0.0354755 -0.035521 -0.0355463 -0.0355677 -0.0355692 -0.0355637 -0.0355393 -0.0355105 -0.0354602 -0.0354037 -0.0353305 -0.0352489 -0.0351456 -0.0350402 -0.0349144 -0.0347752 -0.0346237 -0.034464 -0.0342782 -0.0340877 -0.0338835 -0.0336561 -0.0334195 -0.0331758 -0.0329016 -0.032612 -0.0323258 -0.0320119 -0.0316746 -0.0313208 -0.0309613 -0.0305846 -0.030187 -0.029745 -0.0293091 -0.0288578 -0.0283701 -0.0278492 -0.0273191 -0.026743 -0.026146 -0.0255195 -0.0248505 -0.0241364 -0.0233774 -0.0225718 -0.0217219 -0.0208168 -0.0198439 -0.018808 -0.0176902 -0.0165157 -0.0152519 -0.0138932 -0.0124568 -0.0109238 -0.00926548 -0.00751206 -0.00564688 -0.00367024 -0.00159024 0.000632241 0.00296472 0.00539708 0.00795068 0.0106182 0.0133824 0.01624 0.0191649 0.0221823 0.0252861 0.0284449 0.0316527 0.0349008 0.0382132 0.0415825 0.0450045 0.0484778 0.0520332 0.0557135 0.0595393 0.0635211 0.0676644 0.0719755 0.0764437 0.0810126 0.0855373 0.0898496 0.0937063 0.0968562 0.0990252 0.0998884 0.0991974 0.0967054 0.0923312 0.0861138 0.0782122 0.0689933 0.0588743 0.0484598 0.0383927 0.0293337 0.021959 0.0167658 0.0141888 
0 -0.00715423 -0.0143416 -0.021526 -0.02869 -0.0356917 -0.0424058 -0.0486649 -0.0542823 -0.059135 -0.0630565 -0.0659827 -0.0678738 -0.0687706 -0.0688187 -0.0681672 -0.0670286 -0.0655692 -0.0639531 -0.0623295 -0.0608072 -0.0594763 -0.0583513 -0.0574111 -0.0566134 -0.0559177 -0.0552862 -0.0546783 -0.0540281 -0.0533006 -0.0524713 -0.0515389 -0.0505175 -0.0493779 -0.0481446 -0.0468163 -0.0454216 -0.0439836 -0.0424887 -0.0409678 -0.0394368 -0.0379157 -0.0364262 -0.0349737 -0.0335623 -0.0322329 -0.0309688 -0.0297933 -0.0287186 -0.0277339 -0.0268687 -0.0261061 -0.0254453 -0.0248918 -0.0244402 -0.0240788 -0.02383 -0.0236537 -0.0235586 -0.0235385 -0.0235755 -0.023678 -0.0238323 -0.0240269 -0.0242665 -0.0245379 -0.0248155 -0.0251382 -0.0254738 -0.0258186 -0.0261666 -0.026522 -0.0268739 -0.0272395 -0.0275833 -0.0279241 -0.0282628 -0.0285819 -0.0288902 -0.0292008 -0.0294805 -0.0297422 -0.0300125 -0.0302545 -0.0304726 -0.0306892 -0.0308945 -0.0310662 -0.0312382 -0.031393 -0.03153 -0.0316485 -0.031764 -0.0318526 -0.031934 -0.031996 -0.0320498 -0.0320805 -0.0321054 -0.0321079 -0.0321035 -0.0320765 -0.0320437 -0.0319873 -0.0319242 -0.0318407 -0.0317478 -0.0316313 -0.0315127 -0.0313683 -0.0312113 -0.0310418 -0.0308615 -0.0306484 -0.0304378 -0.0302108 -0.0299543 -0.0296864 -0.0294196 -0.0291157 -0.0287979 -0.028478 -0.0281274 -0.02776 -0.0273888 -0.0269887 -0.0265604 -0.0261322 -0.0256757 -0.0252004 -0.0246932 -0.0241619 -0.0236097 -0.0230387 -0.0224115 -0.0217646 -0.0210765 -0.0203414 -0.0195673 -0.0187485 -0.0178659 -0.0169318 -0.015928 -0.0148544 -0.0137245 -0.0125006 -0.0111979 -0.00980197 -0.00830252 -0.00670322 -0.00500466 -0.00317804 -0.00124772 0.000808536 0.00298907 0.00528144 0.00770737 0.0102371 0.0128682 0.0156065 0.0184438 0.0213652 0.024364 0.0274092 0.0305195 0.0336744 0.0368504 0.0400472 0.0432452 0.046475 0.0497229 0.0529862 0.0562744 0.0596114 0.0630444 0.0665999 0.0702869 0.0741165 0.0780899 0.0821824 0.0863308 0.0903739 0.0941307 0.0973557 0.0997885 0.10116 0.101152 0.0995268 0.0960581 0.0906766 0.0834465 0.0745479 0.0643597 0.0533217 0.0420427 0.0311798 0.021406 0.0134004 0.00767707 0.00466806 
0 -0.00706084 -0.0141328 -0.0212123 -0.0282296 -0.0350817 -0.0416347 -0.0477197 -0.0532029 -0.0579309 -0.0617831 -0.0646851 -0.0665793 -0.0675275 -0.0676241 -0.0670286 -0.0659354 -0.064497 -0.0628955 -0.0612694 -0.059745 -0.0584204 -0.0573216 -0.0564349 -0.055734 -0.0551665 -0.0546887 -0.0542684 -0.0538112 -0.053307 -0.0527067 -0.0519894 -0.0511822 -0.0502264 -0.0491612 -0.0479748 -0.0466811 -0.0453037 -0.043845 -0.0423248 -0.0407535 -0.0391617 -0.0375418 -0.035941 -0.0343522 -0.0328042 -0.0313022 -0.0298721 -0.0285253 -0.027252 -0.0260933 -0.0250185 -0.0240725 -0.0232392 -0.0225083 -0.0218823 -0.0213908 -0.0209827 -0.020666 -0.0204593 -0.0203219 -0.0202722 -0.0202787 -0.020349 -0.0204736 -0.0206592 -0.0208578 -0.0211095 -0.0213855 -0.021686 -0.0219976 -0.0223226 -0.0226623 -0.0230091 -0.0233432 -0.0236782 -0.0240284 -0.0243441 -0.0246614 -0.0249773 -0.0252739 -0.0255406 -0.0258282 -0.0260785 -0.0263124 -0.0265375 -0.0267597 -0.0269398 -0.0271246 -0.027288 -0.027438 -0.0275629 -0.0276872 -0.0277829 -0.0278719 -0.0279367 -0.0279956 -0.02803 -0.028056 -0.0280582 -0.0280551 -0.028026 -0.0279892 -0.0279294 -0.0278626 -0.0277707 -0.0276712 -0.0275467 -0.0274195 -0.027262 -0.0270965 -0.0269134 -0.0267215 -0.0264918 -0.026271 -0.0260249 -0.0257561 -0.0254697 -0.0251912 -0.0248626 -0.0245337 -0.0241958 -0.0238309 -0.023434 -0.0230527 -0.0226338 -0.0221863 -0.0217295 -0.0212582 -0.0207539 -0.0202194 -0.0196645 -0.0190851 -0.0184714 -0.0178006 -0.0171218 -0.0163888 -0.0156037 -0.0147665 -0.0138889 -0.0129316 -0.0119293 -0.0108397 -0.00967474 -0.00844318 -0.00710589 -0.0056693 -0.004142 -0.00251279 -0.000748484 0.00111677 0.0031191 0.00523218 0.00747929 0.00984535 0.0123323 0.0149358 0.0176358 0.0204491 0.0233382 0.026308 0.0293358 0.0324156 0.0355155 0.0386538 0.0417926 0.0449194 0.0480444 0.0511164 0.054191 0.057236 0.0602597 0.063294 0.0663453 0.0694741 0.0727048 0.0760487 0.0795149 0.0831062 0.0867734 0.0904504 0.0939726 0.0971289 0.0996999 0.101395 0.10196 0.101099 0.0985539 0.0941637 0.0878421 0.0796904 0.0699186 0.0588854 0.047085 0.0350938 0.0235882 0.0132536 0.004738 -0.00139972 -0.00476276 
0 -0.00695923 -0.0139405 -0.0208742 -0.0277535 -0.0344256 -0.040777 -0.0466842 -0.051968 -0.0565583 -0.0603013 -0.0631321 -0.0650275 -0.0659786 -0.066123 -0.0655692 -0.064497 -0.0630806 -0.0614632 -0.0598177 -0.0582664 -0.056913 -0.0557975 -0.0549381 -0.0542925 -0.0538343 -0.0535206 -0.0532666 -0.0530551 -0.0527943 -0.052465 -0.0520456 -0.051488 -0.05081 -0.0499893 -0.049029 -0.0479278 -0.0467076 -0.0453556 -0.0439178 -0.0423963 -0.0407749 -0.0391251 -0.037425 -0.0357149 -0.0340061 -0.0323042 -0.0306368 -0.0290445 -0.0275102 -0.0260359 -0.0246806 -0.0234201 -0.0222808 -0.0212437 -0.0203311 -0.0195361 -0.0188677 -0.0183008 -0.0178318 -0.017486 -0.017237 -0.0170554 -0.0169385 -0.0169368 -0.0169733 -0.0170541 -0.0171967 -0.0173961 -0.0175956 -0.0178366 -0.0181167 -0.0184123 -0.0187 -0.0189944 -0.0193223 -0.0196456 -0.0199417 -0.0202362 -0.0205586 -0.0208407 -0.0211112 -0.021382 -0.0216468 -0.0218714 -0.0221065 -0.0223182 -0.0225148 -0.0226892 -0.0228652 -0.0230087 -0.0231463 -0.0232608 -0.0233698 -0.0234513 -0.0235254 -0.0235762 -0.0236214 -0.0236376 -0.0236475 -0.0236361 -0.0236144 -0.0235656 -0.0235135 -0.0234358 -0.0233485 -0.023236 -0.0231192 -0.0229763 -0.0228238 -0.0226453 -0.0224674 -0.0222569 -0.0220364 -0.0218002 -0.0215571 -0.021271 -0.0209958 -0.020702 -0.0203773 -0.020029 -0.0197022 -0.0193324 -0.0189336 -0.0185276 -0.0181198 -0.0176755 -0.0172034 -0.0167096 -0.0162025 -0.0156661 -0.0150803 -0.0144822 -0.0138427 -0.01315 -0.012415 -0.011665 -0.0108262 -0.00992938 -0.0089826 -0.00798049 -0.00687688 -0.00569745 -0.00444586 -0.00309199 -0.00162647 -5.54457e-05 0.00161448 0.00341817 0.00532868 0.00739017 0.00956545 0.0118535 0.0142774 0.0168315 0.0194777 0.0222276 0.025083 0.0279985 0.0310054 0.0340405 0.0371091 0.0402076 0.0433042 0.0463838 0.0494357 0.0524464 0.0553909 0.0582957 0.0611185 0.0638951 0.0666323 0.0693316 0.0720589 0.0748247 0.0776805 0.0806424 0.0837187 0.0868924 0.0901262 0.0933154 0.0962905 0.0988657 0.100754 0.101731 0.101506 0.0997963 0.0964107 0.0911372 0.0839834 0.0750261 0.0644887 0.0527851 0.0403483 0.0278188 0.0158372 0.0050766 -0.00377549 -0.0102265 -0.0138294 
0 -0.00689655 -0.0137688 -0.020616 -0.0273244 -0.0338235 -0.0399768 -0.0456488 -0.0507527 -0.0551449 -0.0587589 -0.0615081 -0.0633494 -0.0643204 -0.0644758 -0.0639531 -0.0628955 -0.0614632 -0.0598185 -0.0581246 -0.0565138 -0.0550912 -0.053931 -0.0530319 -0.0524158 -0.0520275 -0.0518201 -0.0517533 -0.0517333 -0.0517406 -0.0517072 -0.0515835 -0.0513517 -0.0509813 -0.050467 -0.0498074 -0.0489825 -0.047982 -0.0468501 -0.0455716 -0.0441653 -0.0426448 -0.0410055 -0.0393067 -0.0375576 -0.0357502 -0.033909 -0.032081 -0.0302716 -0.0285032 -0.026788 -0.0251336 -0.0235883 -0.0221455 -0.0207884 -0.0195459 -0.0184577 -0.0174848 -0.0166178 -0.0158813 -0.0152655 -0.0147575 -0.0143517 -0.0140489 -0.0138331 -0.0137021 -0.013629 -0.013619 -0.0136787 -0.0137969 -0.0139361 -0.0140989 -0.0143108 -0.0145538 -0.0148 -0.0150523 -0.0153258 -0.0155963 -0.0158737 -0.0161493 -0.016414 -0.0166655 -0.0169276 -0.0171694 -0.0173926 -0.0176079 -0.0178196 -0.0180045 -0.0181783 -0.0183402 -0.0184884 -0.0186151 -0.0187309 -0.0188315 -0.0189164 -0.0189815 -0.0190358 -0.0190741 -0.0190936 -0.0190968 -0.0190894 -0.0190618 -0.019017 -0.0189593 -0.0188872 -0.0187935 -0.0186869 -0.0185662 -0.0184291 -0.0182704 -0.0181027 -0.0179194 -0.0177166 -0.0174936 -0.0172685 -0.0170206 -0.0167515 -0.0164707 -0.0161842 -0.0158673 -0.0155424 -0.0152005 -0.0148355 -0.0144547 -0.0140744 -0.0136507 -0.0131935 -0.0127366 -0.0122695 -0.0117427 -0.0111729 -0.010595 -0.00998595 -0.00931525 -0.00859464 -0.00784051 -0.00701956 -0.00613468 -0.0051897 -0.00417849 -0.00308039 -0.00189365 -0.000603837 0.000775341 0.0022459 0.00385108 0.00558625 0.00742565 0.0093858 0.0115017 0.0137334 0.0160773 0.0185464 0.0211334 0.023835 0.0266311 0.0294927 0.0324233 0.0354341 0.0384619 0.041507 0.04456 0.0475925 0.0506047 0.0535559 0.0564273 0.0592236 0.0619414 0.0645531 0.0670808 0.0695174 0.0718848 0.0742352 0.0765687 0.0789547 0.0814185 0.0839844 0.0866712 0.089441 0.0922399 0.0949488 0.0974038 0.0993783 0.100637 0.100902 0.099914 0.0974318 0.0932193 0.0871824 0.0792731 0.0696198 0.058486 0.0462152 0.0333438 0.0204225 0.00812145 -0.00287511 -0.0119671 -0.0185723 -0.022338 
