0 0 0 0 0 0 0 0 0 0 0 0 0 0 0 0 0 0 0 0 0 0 0 0 0 0 0 0 0 0 0 0 0 0 0 0 0 0 0 0 0 0 0 0 0 0 0 0 0 0 0 0 0 0 0 0 0 0 0 0 0 0 0 0 0 0 0 0 0 0 0 0 0 0 0 0 0 0 0 0 0 0 0 0 0 0 0 0 0 0 0 0 0 0 0 0 0 0 0 0 0 0 0 0 0 0 0 0 0 0 0 0 0 0 0 0 0 0 0 0 0 0 0 0 0 0 0 0 0 0 0 0 0 0 0 0 0 0 0 0 0 0 0 0 0 0 0 0 0 0 0 0 0 0 0 0 0 0 0 0 0 0 0 0 0 0 0 0 0 0 0 0 0 0 0 0 0 0 0 0 0 0 0 0 0 0 0 0 0 0 0 0 0 0 0 0 0 0 0 0 
0 0.000964769 0.00187708 0.00271129 0.00343009 0.00401634 0.00444841 0.00469553 0.00476751 0.00466404 0.00442682 0.0040954 0.00369292 0.00327923 0.0028671 0.00250693 0.00221255 0.00197298 0.00180645 0.00167418 0.00158429 0.00149998 0.00138199 0.00121944 0.000981229 0.000672665 0.000280103 -0.000201931 -0.000767855 -0.00139 -0.0020722 -0.00278944 -0.00353428 -0.00429706 -0.00502687 -0.00575536 -0.00644217 -0.00708674 -0.00767732 -0.00819374 -0.00865285 -0.00903448 -0.00933349 -0.00954386 -0.00968941 -0.00974485 -0.00972868 -0.00963265 -0.00947156 -0.00924962 -0.0089606 -0.00862291 -0.00824064 -0.00783888 -0.00739051 -0.00693599 -0.00647413 -0.00600565 -0.00553366 -0.00508832 -0.00465226 -0.00423764 -0.00385223 -0.00347996 -0.00314531 -0.00283176 -0.00254506 -0.00228719 -0.00206578 -0.0018456 -0.0016611 -0.00149646 -0.00135448 -0.00122423 -0.00112098 -0.00102708 -0.000943411 -0.000870795 -0.000824681 -0.000783645 -0.000735859 -0.000704651 -0.000685612 -0.000667899 -0.000651113 -0.000640736 -0.000624731 -0.000625841 -0.000620944 -0.000611787 -0.000606553 -0.000613691 -0.000602319 -0.000603114 -0.000603862 -0.000601884 -0.000595274 -0.000604004 -0.000595896 -0.00059595 -0.000597555 -0.000598513 -0.000590279 -0.000599476 -0.000594203 -0.000592808 -0.000595093 -0.000598846 -0.000588468 -0.000597381 -0.000597963 -0.000595067 -0.000593173 -0.000599558 -0.000595504 -0.000601794 -0.00059719 -0.000590716 -0.000595377 -0.000601488 -0.000585146 -0.000573075 -0.000571194 -0.000559412 -0.000536564 -0.000508298 -0.000481616 -0.000436525 -0.000386782 -0.000332255 -0.000267868 -0.000168586 -7.83205e-05 3.15881e-05 0.000162319 0.000310592 0.000466956 0.000662964 0.000870749 0.00110423 0.00136265 0.00164221 0.00195762 0.00229873 0.00266387 0.00305317 0.00347787 0.00390251 0.00435154 0.00481026 0.00528188 0.00573745 0.00619248 0.006635 0.00704775 0.0074366 0.00778227 0.00809943 0.00836856 0.00858413 0.00873609 0.00884713 0.00887741 0.00884185 0.00873697 0.00854824 0.00830131 0.00795032 0.00752091 0.00700846 0.0064069 0.00571598 0.00493374 0.00406711 0.00312973 0.00212511 0.00104945 -5.20581e-05 -0.00117668 -0.00227466 -0.00332675 -0.00430996 -0.00516324 -0.00588627 -0.00644173 -0.00684583 -0.00710672 -0.00722606 -0.00724575 -0.00718792 -0.00711287 -0.00705925 -0.0070589 -0.00713759 -0.00729678 -0.007539 -0.00784183 -0.00818066 -0.00852851 -0.0088627 
0 0.00187708 0.00367352 0.00528266 0.00669546 0.00782125 0.00864355 0.00911875 0.00921311 0.00900198 0.00849808 0.00781755 0.00701662 0.00615577 0.0053456 0.0046015 0.00400133 0.00352693 0.00316311 0.00291632 0.00272365 0.00256166 0.00234862 0.00203179 0.00159305 0.00100671 0.000260835 -0.000655274 -0.00172571 -0.00292223 -0.00420915 -0.00558347 -0.00701772 -0.00846309 -0.00989894 -0.0112939 -0.0126355 -0.0139007 -0.0150416 -0.0160591 -0.01696 -0.0177097 -0.0183041 -0.0187491 -0.0190296 -0.0191751 -0.0191551 -0.0189717 -0.0186863 -0.0182631 -0.0177184 -0.0170855 -0.0163666 -0.0155739 -0.0147316 -0.0138365 -0.0129371 -0.0120393 -0.0111247 -0.0102429 -0.00939288 -0.00857297 -0.00778315 -0.0070658 -0.00639796 -0.00577093 -0.00519087 -0.00468443 -0.00420476 -0.00377314 -0.00341379 -0.00308152 -0.00277446 -0.0025191 -0.00230054 -0.00209779 -0.00194508 -0.00180856 -0.00168952 -0.00157813 -0.00151022 -0.0014567 -0.00140371 -0.00133902 -0.00132423 -0.00130512 -0.00127576 -0.00125505 -0.00125701 -0.00123435 -0.00123251 -0.00123012 -0.00121926 -0.00121127 -0.00122209 -0.00120697 -0.00120462 -0.00121004 -0.00120532 -0.00119517 -0.00120779 -0.00119934 -0.00119436 -0.00120114 -0.00120257 -0.00118962 -0.00120247 -0.00120013 -0.00119554 -0.00120062 -0.00120622 -0.00119161 -0.00120939 -0.00121215 -0.00119906 -0.00119616 -0.00121913 -0.00120683 -0.00119626 -0.00118421 -0.00118663 -0.00117085 -0.00114573 -0.0011038 -0.00107273 -0.00101333 -0.000950997 -0.000873099 -0.000763416 -0.000631908 -0.00049769 -0.000324611 -0.0001208 9.91688e-05 0.000369099 0.000676316 0.00101579 0.001384 0.0018167 0.0022945 0.0028148 0.00338602 0.00403389 0.00470281 0.00542115 0.00620816 0.00702344 0.0078737 0.00875611 0.00964887 0.0105531 0.0114482 0.012304 0.0131617 0.0139665 0.014697 0.0153754 0.0159717 0.0164745 0.0168728 0.0171567 0.0173341 0.0173915 0.0172961 0.0170623 0.0166921 0.016162 0.0154678 0.0146036 0.0135799 0.0123968 0.0110376 0.00950034 0.00780955 0.00597793 0.00400341 0.00192215 -0.000246764 -0.0024274 -0.00456459 -0.00662847 -0.00851729 -0.0102001 -0.0115927 -0.0126738 -0.0134709 -0.0139572 -0.0142032 -0.0142236 -0.014106 -0.0139585 -0.0138355 -0.0138422 -0.0139861 -0.0143025 -0.0147852 -0.01538 -0.0160619 -0.0167467 -0.017415 
0 0.00271129 0.00528266 0.00761671 0.00961799 0.0112267 0.0123795 0.0130009 0.0131024 0.0127038 0.0119111 0.0108422 0.00958056 0.00827754 0.00700126 0.0058746 0.00494874 0.00420669 0.00367785 0.00328362 0.00301851 0.00279223 0.00249802 0.00208942 0.00149365 0.000707818 -0.000301338 -0.00155129 -0.00302816 -0.0046706 -0.00647667 -0.00839446 -0.0104005 -0.01246 -0.0144644 -0.0164616 -0.0183682 -0.0201695 -0.0218282 -0.023301 -0.0246154 -0.0257245 -0.0266118 -0.0272643 -0.0277267 -0.0279537 -0.0279742 -0.0277761 -0.0273973 -0.0268432 -0.0261058 -0.025227 -0.0242211 -0.0231402 -0.0219375 -0.0206945 -0.0194206 -0.0181192 -0.0167983 -0.0155272 -0.0142775 -0.0130742 -0.0119362 -0.010842 -0.0098381 -0.0088937 -0.00802334 -0.00723596 -0.00653976 -0.00586983 -0.00529457 -0.00477918 -0.00432712 -0.00391959 -0.00358301 -0.00328019 -0.00301397 -0.00278292 -0.00261643 -0.0024698 -0.00232242 -0.00221647 -0.0021408 -0.00207252 -0.00201678 -0.00197628 -0.00192704 -0.00191579 -0.00189781 -0.00186975 -0.00185358 -0.00186277 -0.00183581 -0.00183332 -0.00183378 -0.0018261 -0.00181146 -0.00182772 -0.00181042 -0.00180838 -0.00181252 -0.00181283 -0.00179609 -0.00181463 -0.00180473 -0.00180069 -0.00180728 -0.00181467 -0.00179462 -0.00181356 -0.00181636 -0.00180928 -0.00180829 -0.00182181 -0.00181235 -0.00182297 -0.00181457 -0.00179734 -0.00180063 -0.00180412 -0.00176168 -0.0017228 -0.00169987 -0.00165078 -0.00157532 -0.00148124 -0.00138271 -0.00123932 -0.0010755 -0.000891109 -0.000675382 -0.000376101 -7.77257e-05 0.000274045 0.000688346 0.0011579 0.00166481 0.00227049 0.0029264 0.00365496 0.00445347 0.00531591 0.00627156 0.00729096 0.00837076 0.00951306 0.0107297 0.011949 0.0132163 0.0145 0.0158004 0.0170574 0.0182945 0.0194913 0.0206041 0.0216361 0.0225522 0.0233742 0.0240575 0.0245856 0.0249383 0.0251568 0.0251614 0.0249732 0.0245881 0.0239807 0.0231934 0.0221371 0.0208599 0.0193566 0.0176142 0.015629 0.0133972 0.0109395 0.00828723 0.00544826 0.00242691 -0.000677523 -0.00383227 -0.00691823 -0.00987503 -0.0126231 -0.0150182 -0.0170289 -0.0185728 -0.019682 -0.0203759 -0.0206768 -0.020687 -0.0204893 -0.0202448 -0.0200684 -0.0200567 -0.0202771 -0.0207423 -0.0214501 -0.0223399 -0.0233374 -0.0243599 -0.0253473 
0 0.00343009 0.00669546 0.00961799 0.0121314 0.0141056 0.0154764 0.01617 0.0161522 0.0155194 0.0143502 0.0128281 0.0110829 0.009256 0.00751886 0.00595662 0.00467853 0.00367718 0.00293867 0.00244108 0.00210268 0.00184888 0.00154365 0.00109375 0.000442431 -0.000449893 -0.00161532 -0.0030757 -0.00480985 -0.00677347 -0.00892031 -0.0112324 -0.013668 -0.0161572 -0.018645 -0.0210961 -0.0234733 -0.025734 -0.0278122 -0.0296888 -0.0313696 -0.0328037 -0.033974 -0.0348802 -0.0355148 -0.0358955 -0.035994 -0.0358153 -0.0354256 -0.0348001 -0.0339519 -0.0329271 -0.0317395 -0.0304134 -0.0289682 -0.0274249 -0.0258403 -0.0242239 -0.0225701 -0.0209419 -0.0193456 -0.0177864 -0.0162765 -0.014859 -0.0135283 -0.0122699 -0.0110983 -0.0100437 -0.0090634 -0.00816716 -0.00739012 -0.00668411 -0.00604156 -0.00548583 -0.0050052 -0.00457344 -0.00421595 -0.00390434 -0.00363802 -0.00340045 -0.00321901 -0.00307645 -0.00294852 -0.00282222 -0.00275466 -0.00269604 -0.00263062 -0.00258684 -0.00256699 -0.00252701 -0.00251099 -0.00250205 -0.00247947 -0.00246627 -0.00247205 -0.00245308 -0.00244507 -0.00245097 -0.00244138 -0.00243009 -0.00244141 -0.00243273 -0.00242432 -0.00243397 -0.00243322 -0.00242061 -0.00243421 -0.00243428 -0.00242677 -0.00243604 -0.00244208 -0.00242819 -0.00244486 -0.0024495 -0.00243213 -0.00242918 -0.00244432 -0.00242109 -0.00239736 -0.0023717 -0.00234401 -0.00229379 -0.00222856 -0.00213566 -0.00203535 -0.00189728 -0.00174133 -0.00154803 -0.00130289 -0.00101828 -0.000704094 -0.000316571 0.000124689 0.000616831 0.00119837 0.00185647 0.00258085 0.00338445 0.00429213 0.00528771 0.00636493 0.00753336 0.00881279 0.0101444 0.0115469 0.013038 0.0145746 0.0161432 0.0177438 0.0193483 0.020949 0.0225081 0.0240016 0.0254567 0.0268088 0.028028 0.0291273 0.0300758 0.0308475 0.0314216 0.0317845 0.0319492 0.0318822 0.0315531 0.0309743 0.0301454 0.0290461 0.0276547 0.0259726 0.0240123 0.0217697 0.0192221 0.0163708 0.0132456 0.00987204 0.00625477 0.00243898 -0.00151407 -0.00549589 -0.00939865 -0.0131442 -0.0165814 -0.0196094 -0.0221076 -0.0240251 -0.0253895 -0.0261931 -0.0265275 -0.0264628 -0.0261534 -0.0257905 -0.0255097 -0.0254723 -0.025728 -0.0263245 -0.0272432 -0.0283987 -0.029714 -0.0310537 -0.0323609 
0 0.00401634 0.00782125 0.0112267 0.0141056 0.016331 0.0178031 0.0184388 0.0182241 0.0172371 0.0156178 0.0135603 0.0112404 0.00885401 0.00657755 0.00455981 0.00290313 0.00161903 0.000702963 9.9988e-05 -0.000261558 -0.000495882 -0.000753918 -0.0011451 -0.00175419 -0.00262726 -0.00380804 -0.00532529 -0.0071628 -0.00926898 -0.0116098 -0.0141471 -0.0168384 -0.0196175 -0.0224026 -0.0251745 -0.0278769 -0.0304629 -0.0328739 -0.0350737 -0.03706 -0.0387863 -0.0402228 -0.0413591 -0.0422068 -0.0427529 -0.0429903 -0.0429224 -0.0425893 -0.0419894 -0.0411278 -0.0400436 -0.0387635 -0.0373205 -0.0357137 -0.0339913 -0.0321914 -0.0303242 -0.0284046 -0.0264918 -0.0245931 -0.0227252 -0.0209095 -0.0191647 -0.0175129 -0.0159448 -0.014478 -0.0131326 -0.0118959 -0.0107489 -0.00972759 -0.00880735 -0.007981 -0.00724876 -0.00661248 -0.00604701 -0.00555433 -0.00512808 -0.00477499 -0.00446701 -0.0042 -0.00398558 -0.00380888 -0.00365452 -0.00353883 -0.00344376 -0.00335503 -0.00329891 -0.00325571 -0.00320676 -0.00317637 -0.00316233 -0.00313328 -0.0031183 -0.00311361 -0.00309829 -0.00308582 -0.00308999 -0.00307756 -0.00307018 -0.00307411 -0.00306941 -0.00305953 -0.00306873 -0.00306457 -0.00305845 -0.00306624 -0.00306877 -0.00305911 -0.00307011 -0.00307388 -0.00306505 -0.00306849 -0.00307287 -0.00305914 -0.00305352 -0.00304215 -0.00301058 -0.00298201 -0.00294497 -0.00287677 -0.00279245 -0.00269953 -0.00257313 -0.00241372 -0.00221783 -0.00199196 -0.00171301 -0.00138294 -0.00100484 -0.000567896 -3.89622e-05 0.00054705 0.0012099 0.00197327 0.00283025 0.00377265 0.0048288 0.00599059 0.00725438 0.00861401 0.0100716 0.0116377 0.0132752 0.0149803 0.0167569 0.0185824 0.0204164 0.0222676 0.0241131 0.0259339 0.0276865 0.0293641 0.0309594 0.032424 0.0337352 0.0348823 0.0358555 0.0366187 0.0371472 0.0374306 0.0374812 0.0372541 0.0367387 0.0359385 0.0348483 0.0334656 0.0317468 0.0297056 0.0273475 0.0246605 0.0216284 0.0182506 0.014554 0.0105687 0.00630781 0.00181035 -0.00283104 -0.00751138 -0.0120961 -0.0164725 -0.0204903 -0.0239928 -0.0268676 -0.029043 -0.0305353 -0.031371 -0.0316271 -0.0314272 -0.030946 -0.030406 -0.0299964 -0.0298805 -0.0301488 -0.0308414 -0.031933 -0.033332 -0.0349209 -0.0365593 -0.0381563 
0 0.00444841 0.00864355 0.0123795 0.0154764 0.0178031 0.0192331 0.0196811 0.0191459 0.0177032 0.0155409 0.0128681 0.00991114 0.00690751 0.00405408 0.00154632 -0.000512983 -0.00208673 -0.00317986 -0.0038627 -0.00421168 -0.00437228 -0.00450568 -0.00474571 -0.00519946 -0.00592866 -0.00698843 -0.00841114 -0.0101868 -0.0122666 -0.0146199 -0.0172009 -0.0199646 -0.0228485 -0.0257671 -0.0286959 -0.031576 -0.0343529 -0.036975 -0.0393989 -0.0416089 -0.0435682 -0.045239 -0.0466036 -0.0476741 -0.048422 -0.0488463 -0.0489517 -0.0487534 -0.0482675 -0.0474944 -0.0464622 -0.0452021 -0.0437434 -0.0420856 -0.040283 -0.0383646 -0.0363458 -0.0342551 -0.0321348 -0.030004 -0.0278832 -0.0258031 -0.0237765 -0.0218353 -0.0199787 -0.0182262 -0.0165897 -0.0150789 -0.0136756 -0.0124019 -0.0112514 -0.0102145 -0.0092843 -0.00846591 -0.0077447 -0.00710538 -0.00655125 -0.00607931 -0.00567315 -0.00531657 -0.0050237 -0.00477737 -0.0045724 -0.00440109 -0.00426453 -0.00414601 -0.00406148 -0.00398904 -0.00392891 -0.00388188 -0.00385333 -0.00381867 -0.00379841 -0.00378236 -0.00376819 -0.00375312 -0.00375071 -0.00373861 -0.00373341 -0.00373022 -0.0037276 -0.00371986 -0.0037246 -0.00371997 -0.00371901 -0.00372088 -0.00372411 -0.00371761 -0.00372444 -0.0037238 -0.00372032 -0.00371454 -0.00371147 -0.00369397 -0.00367903 -0.00364748 -0.00360379 -0.00355025 -0.00348506 -0.0033821 -0.00325996 -0.00311596 -0.00293504 -0.00270548 -0.00243861 -0.00212477 -0.00174548 -0.00130387 -0.000800132 -0.000215177 0.000467561 0.00122731 0.00208822 0.0030604 0.00414252 0.00532639 0.00663723 0.00805793 0.00958982 0.0112233 0.012957 0.0147825 0.0166815 0.0186353 0.0206382 0.0226771 0.0247062 0.0267251 0.0287157 0.0306489 0.0324854 0.0342254 0.0358398 0.0372985 0.038579 0.039659 0.040537 0.0411776 0.0415578 0.041674 0.0415305 0.0410898 0.0403484 0.0393023 0.0379463 0.0362792 0.0342589 0.0318969 0.0291936 0.0261336 0.0227021 0.0188971 0.01474 0.0102593 0.00547815 0.000437664 -0.00475277 -0.00997915 -0.0150922 -0.0199439 -0.0243792 -0.0282082 -0.0313143 -0.0336194 -0.0351238 -0.0358825 -0.0359711 -0.0355529 -0.0348297 -0.0340473 -0.0334426 -0.0331867 -0.0334023 -0.0341273 -0.0353294 -0.03691 -0.0387187 -0.0406084 -0.042457 
0 0.00469553 0.00911875 0.0130009 0.01617 0.0184388 0.0196811 0.0198233 0.0188357 0.0168588 0.0140629 0.0107057 0.00706969 0.00338611 -5.70967e-05 -0.00309083 -0.00556907 -0.00742697 -0.00870891 -0.00943531 -0.00974957 -0.00978898 -0.00972555 -0.00973819 -0.00992763 -0.0103962 -0.0112042 -0.0123871 -0.0139361 -0.0158359 -0.0180195 -0.020473 -0.0231383 -0.025932 -0.0288333 -0.03174 -0.0346446 -0.0374738 -0.0401692 -0.042709 -0.0450498 -0.047164 -0.0490131 -0.0505925 -0.0518597 -0.0528392 -0.0534845 -0.0538104 -0.0538285 -0.0535363 -0.0529454 -0.0520731 -0.0509505 -0.0495681 -0.0479916 -0.0462096 -0.0442766 -0.0422162 -0.0400565 -0.0378111 -0.035539 -0.0332437 -0.0309463 -0.0287078 -0.0265171 -0.0244034 -0.022382 -0.0204802 -0.0186741 -0.0170159 -0.0154829 -0.0140854 -0.0128023 -0.0116613 -0.0106322 -0.00971899 -0.00891686 -0.00822143 -0.00759706 -0.00705381 -0.00660628 -0.0062216 -0.00588415 -0.00559577 -0.00536929 -0.00517745 -0.00502278 -0.00488457 -0.00478508 -0.00470147 -0.0046397 -0.00457905 -0.00454526 -0.00450811 -0.0044867 -0.00446223 -0.00445273 -0.00443281 -0.00443001 -0.00441742 -0.00441545 -0.00440563 -0.00440947 -0.0043998 -0.00440467 -0.00439973 -0.00440304 -0.00439739 -0.00440586 -0.00439709 -0.00439577 -0.00438672 -0.0043842 -0.00436152 -0.00433582 -0.0042937 -0.00425618 -0.00419053 -0.00409402 -0.00397585 -0.00385081 -0.00367969 -0.00345767 -0.00320065 -0.00289817 -0.00253741 -0.00210799 -0.00161878 -0.00103739 -0.000372956 0.000386693 0.00123091 0.00220895 0.00328561 0.00448763 0.00581107 0.00726187 0.00880931 0.0104955 0.0122841 0.0141633 0.0161426 0.0181924 0.0202911 0.0224291 0.0246015 0.0267547 0.0289043 0.0309949 0.0330251 0.0349548 0.0367736 0.0384409 0.0399571 0.0412927 0.0424049 0.0433129 0.0439734 0.0443843 0.0445224 0.0443961 0.0439773 0.0432849 0.0422771 0.0409597 0.0393507 0.037391 0.0351111 0.0324685 0.0294727 0.0261154 0.0223663 0.0182297 0.0137238 0.00886605 0.00368495 -0.00174463 -0.00735167 -0.0129614 -0.0184446 -0.0236256 -0.0282992 -0.032321 -0.035503 -0.0378044 -0.0392085 -0.0397597 -0.0395955 -0.0388573 -0.0378111 -0.0367139 -0.0358221 -0.0353569 -0.0354273 -0.0360996 -0.0373253 -0.0389883 -0.0409366 -0.0429875 -0.0450174 
0 0.00476751 0.00921311 0.0131024 0.0161522 0.0182241 0.0191459 0.0188357 0.0173335 0.0147118 0.0112385 0.00715186 0.00277284 -0.001581 -0.00567096 -0.00922266 -0.0121271 -0.0142923 -0.0157224 -0.0165083 -0.016746 -0.0166308 -0.0163343 -0.0160392 -0.0158902 -0.0159974 -0.0164348 -0.0172436 -0.0184385 -0.0199835 -0.0218685 -0.0240302 -0.0264239 -0.0290028 -0.0316887 -0.034446 -0.0372186 -0.0399483 -0.0426055 -0.0451453 -0.0475144 -0.0497078 -0.0516758 -0.0533904 -0.0548608 -0.0560314 -0.0569176 -0.0575161 -0.0577866 -0.0577606 -0.0574359 -0.0568026 -0.0558961 -0.0547306 -0.0533097 -0.0516829 -0.0498515 -0.0478419 -0.0457031 -0.0434503 -0.0411135 -0.0387265 -0.0363279 -0.0339151 -0.0315282 -0.0292037 -0.0269575 -0.0247863 -0.0227457 -0.0208211 -0.0190034 -0.0173357 -0.0158182 -0.014424 -0.013167 -0.0120501 -0.0110365 -0.010145 -0.00936939 -0.00870368 -0.0081034 -0.00758081 -0.00714517 -0.00679598 -0.00646877 -0.0061985 -0.00598654 -0.00581339 -0.00565632 -0.00554631 -0.00544592 -0.00536917 -0.00531269 -0.00526855 -0.00522103 -0.00520151 -0.0051781 -0.00515648 -0.00514395 -0.00514016 -0.00512217 -0.00512203 -0.00511976 -0.00511275 -0.00510843 -0.00511692 -0.0051066 -0.00510696 -0.00510619 -0.00509957 -0.00508746 -0.00508399 -0.00504798 -0.00501714 -0.00498555 -0.00492721 -0.00482637 -0.00473335 -0.0046125 -0.00445395 -0.00423975 -0.00399606 -0.00371114 -0.00337415 -0.0029535 -0.00247823 -0.00191989 -0.00126842 -0.000536342 0.000294794 0.00125823 0.00233127 0.00351692 0.00484229 0.00628306 0.00784812 0.00954188 0.0113628 0.0132765 0.0152881 0.0173859 0.01955 0.0217515 0.0240038 0.0262629 0.0284942 0.0307061 0.0328489 0.0349036 0.0368654 0.0386874 0.0403518 0.0418582 0.0431452 0.0442224 0.0450824 0.0456806 0.0460413 0.0461404 0.0459638 0.0455247 0.0448029 0.0437937 0.0425053 0.0409196 0.0390289 0.0368357 0.0343038 0.0314349 0.0282109 0.0246083 0.0206264 0.0162495 0.0114914 0.00636902 0.000927379 -0.00478116 -0.0106336 -0.0164978 -0.0222055 -0.0275418 -0.0323431 -0.0363756 -0.0395183 -0.0416843 -0.0428434 -0.0431037 -0.042547 -0.041413 -0.0399482 -0.0384341 -0.037185 -0.0363854 -0.0362207 -0.0367187 -0.0378401 -0.039479 -0.0414292 -0.043547 -0.0456533 
0 0.00466404 0.00900198 0.0127038 0.0155194 0.0172371 0.0177032 0.0168588 0.0147118 0.0114148 0.00719247 0.00234345 -0.00276865 -0.00784103 -0.0125371 -0.0166314 -0.0199596 -0.0224094 -0.024019 -0.0248234 -0.0249886 -0.0246925 -0.0241154 -0.0234769 -0.0229213 -0.0225936 -0.0225815 -0.0229254 -0.0236409 -0.0247397 -0.0261685 -0.0279109 -0.0299089 -0.032099 -0.0344798 -0.0369378 -0.039466 -0.0419958 -0.0444895 -0.0469232 -0.0492318 -0.0514067 -0.0534133 -0.0552424 -0.0568342 -0.0582007 -0.0593051 -0.0601493 -0.0607015 -0.060966 -0.0609458 -0.0606303 -0.0600353 -0.0591297 -0.0579896 -0.0565853 -0.0549456 -0.0531068 -0.0511075 -0.0489282 -0.0466389 -0.0442507 -0.0417899 -0.0393118 -0.0368081 -0.034334 -0.0319026 -0.0295319 -0.0272304 -0.0250691 -0.0230053 -0.0210803 -0.0192815 -0.0176378 -0.0161222 -0.014757 -0.0135332 -0.0124522 -0.0114629 -0.0105967 -0.00986245 -0.00921295 -0.00864125 -0.00815625 -0.00774092 -0.00738915 -0.00711005 -0.00685062 -0.00664417 -0.00648841 -0.00635728 -0.00623169 -0.00616109 -0.00608836 -0.00603054 -0.00599019 -0.00596718 -0.0059252 -0.00591878 -0.00590293 -0.0058882 -0.00587745 -0.00588535 -0.00586451 -0.00586979 -0.00586909 -0.00586142 -0.00585033 -0.00586084 -0.00583256 -0.00581332 -0.00579465 -0.00575839 -0.00569274 -0.00563071 -0.00553009 -0.00541615 -0.00527528 -0.00507611 -0.00483587 -0.00458217 -0.00425848 -0.00384897 -0.00339048 -0.00285773 -0.00223914 -0.00151494 -0.000703395 0.000232667 0.0012876 0.0024722 0.00374965 0.00519604 0.00676444 0.00845393 0.0102655 0.0122078 0.0142218 0.0163449 0.0185406 0.020791 0.0230915 0.0253896 0.0276876 0.0299618 0.0321822 0.0343083 0.0363674 0.0382773 0.040044 0.0416286 0.0430371 0.0442304 0.0451952 0.0459357 0.0464251 0.0466728 0.0466472 0.0463709 0.045834 0.0450515 0.0439842 0.0426787 0.0411022 0.0392474 0.0371264 0.0346812 0.0319568 0.0288942 0.0254845 0.0217187 0.0175713 0.0130413 0.00812957 0.00284296 -0.00276624 -0.00861341 -0.0146169 -0.0205884 -0.0263794 -0.0317579 -0.0365046 -0.0404523 -0.0434051 -0.0453151 -0.0461439 -0.0459697 -0.0449575 -0.0433052 -0.041323 -0.0393021 -0.0375524 -0.036325 -0.0357722 -0.0359634 -0.0368469 -0.0382993 -0.0401416 -0.0421834 -0.0442678 
0 0.00442682 0.00849808 0.0119111 0.0143502 0.0156178 0.0155409 0.0140629 0.0112385 0.00719247 0.00220437 -0.00342376 -0.00930461 -0.0150715 -0.0204041 -0.0250199 -0.0287607 -0.0315012 -0.0332497 -0.0340817 -0.0341473 -0.0336539 -0.0327877 -0.0317712 -0.0307784 -0.029972 -0.0294489 -0.0292582 -0.0294369 -0.0299896 -0.0309069 -0.0321432 -0.033651 -0.0353934 -0.0373392 -0.0394184 -0.0415943 -0.0438153 -0.0460614 -0.0483015 -0.0504625 -0.0525481 -0.0545225 -0.0563628 -0.0580387 -0.059519 -0.0608051 -0.0618833 -0.062698 -0.0632562 -0.0635595 -0.0635766 -0.0633164 -0.0627636 -0.0619505 -0.0608738 -0.0595256 -0.0579382 -0.0561512 -0.0541586 -0.0519979 -0.0497033 -0.047306 -0.044822 -0.0422675 -0.0397101 -0.0371617 -0.0346258 -0.0321549 -0.0297784 -0.0274685 -0.0252833 -0.0232375 -0.0213257 -0.0195508 -0.0179301 -0.0164503 -0.015119 -0.0139219 -0.0128703 -0.0119376 -0.0110994 -0.0103809 -0.00977911 -0.00923399 -0.00876489 -0.00839074 -0.00806013 -0.00777756 -0.00756183 -0.00737387 -0.00721105 -0.00710178 -0.00700388 -0.00691629 -0.00686367 -0.00682203 -0.00677303 -0.00675361 -0.00673708 -0.00671186 -0.00670327 -0.00670381 -0.00668405 -0.0066815 -0.00668376 -0.00666614 -0.00665224 -0.00664823 -0.00661376 -0.00657805 -0.0065424 -0.00646835 -0.00637782 -0.00628766 -0.00614246 -0.00595355 -0.00575444 -0.00550148 -0.00518097 -0.00480967 -0.00437239 -0.00385503 -0.00326267 -0.0025681 -0.0017729 -0.000860073 0.000165989 0.00130937 0.0025885 0.00401703 0.00555495 0.00723709 0.00905265 0.010968 0.01299 0.0151296 0.0173374 0.0196031 0.0219133 0.0242512 0.0265864 0.0288837 0.0311525 0.0333525 0.0354349 0.0373953 0.0392237 0.0408692 0.0423324 0.043581 0.0446227 0.045435 0.0459838 0.0462948 0.0463707 0.0461857 0.0457515 0.0450792 0.0441676 0.0430294 0.0416314 0.0400103 0.0381621 0.0360673 0.033719 0.0311005 0.0282127 0.0250221 0.0214971 0.0176183 0.0133827 0.00876994 0.0037798 -0.00158253 -0.0072552 -0.0131586 -0.0191871 -0.0251749 -0.0309428 -0.0362375 -0.0408519 -0.0445741 -0.0472458 -0.0487851 -0.0491536 -0.0484602 -0.0468537 -0.0445954 -0.0419851 -0.0393378 -0.0369945 -0.0351952 -0.0341393 -0.0338781 -0.03437 -0.0355013 -0.0370719 -0.0389165 -0.0408512 
0 0.0040954 0.00781755 0.0108422 0.0128281 0.0135603 0.0128681 0.0107057 0.00715186 0.00234345 -0.00342376 -0.00982681 -0.016459 -0.0229122 -0.0288542 -0.0339818 -0.038121 -0.0411419 -0.0430327 -0.0438859 -0.0438547 -0.0431593 -0.0419977 -0.0405963 -0.0391571 -0.0378572 -0.0368094 -0.0360682 -0.0356823 -0.0356659 -0.0360246 -0.0367108 -0.0376811 -0.0389148 -0.0403774 -0.0420177 -0.0437831 -0.0456363 -0.0475629 -0.0495298 -0.0514723 -0.0533884 -0.0552577 -0.0570505 -0.0587381 -0.0602789 -0.0616835 -0.0629281 -0.0639582 -0.0647747 -0.0653768 -0.0657317 -0.065824 -0.0656417 -0.0651977 -0.0644899 -0.0634947 -0.0622438 -0.0607632 -0.0590453 -0.0571105 -0.0549966 -0.0527371 -0.0503426 -0.0478372 -0.0452794 -0.0426863 -0.0400571 -0.0374562 -0.0349123 -0.0324163 -0.0300104 -0.0277231 -0.0255515 -0.0235108 -0.0216204 -0.0198827 -0.0182949 -0.0168463 -0.0155562 -0.0144092 -0.013378 -0.0124764 -0.0117037 -0.0110102 -0.010415 -0.00992253 -0.0094884 -0.00911413 -0.00882172 -0.00856648 -0.00834894 -0.00818771 -0.00805223 -0.00793208 -0.00785379 -0.00778876 -0.00772722 -0.00769237 -0.00766754 -0.00763455 -0.00762163 -0.00761406 -0.00759347 -0.00758371 -0.00757994 -0.0075538 -0.00753254 -0.00751157 -0.00746102 -0.00740104 -0.00733924 -0.00723172 -0.00709956 -0.00695396 -0.00675462 -0.00650275 -0.00622315 -0.00587301 -0.00544941 -0.00496618 -0.00439844 -0.00372638 -0.00296157 -0.00208595 -0.00109061 3.51848e-05 0.00129112 0.00267685 0.0042077 0.00587677 0.00765711 0.00957012 0.0116097 0.0137286 0.0159326 0.0182187 0.0205428 0.0228837 0.0252365 0.0275774 0.0298654 0.0320688 0.0341911 0.0361964 0.0380332 0.0397089 0.0412073 0.0424899 0.0435458 0.0443651 0.0449557 0.0453055 0.0453886 0.0452371 0.0448649 0.0442406 0.0433851 0.0423126 0.041035 0.0395544 0.0378526 0.0359589 0.0338787 0.0315868 0.0290644 0.0263111 0.0233139 0.0200449 0.0164588 0.0125355 0.00827286 0.00364474 -0.00135826 -0.00672972 -0.012399 -0.0182828 -0.0242612 -0.0301747 -0.0358194 -0.0409328 -0.0453001 -0.0486999 -0.0509849 -0.0520546 -0.0518777 -0.0505673 -0.0482884 -0.0453298 -0.0419978 -0.0386276 -0.0355708 -0.0330847 -0.0313839 -0.0305269 -0.0304811 -0.0311373 -0.032305 -0.0338204 -0.0355001 
0 0.00369292 0.00701662 0.00958056 0.0110829 0.0112404 0.00991114 0.00706969 0.00277284 -0.00276865 -0.00930461 -0.016459 -0.023804 -0.0309335 -0.0374463 -0.043076 -0.0475974 -0.0508831 -0.0529275 -0.053798 -0.0536887 -0.0528056 -0.0513657 -0.0496019 -0.0477357 -0.0459551 -0.0443955 -0.0431203 -0.0421735 -0.0416135 -0.0414128 -0.0415601 -0.042004 -0.0427106 -0.0436876 -0.0448524 -0.0461743 -0.047622 -0.0491789 -0.0508165 -0.0524907 -0.0541733 -0.0558648 -0.0575498 -0.0591592 -0.0607026 -0.0621566 -0.0635003 -0.0646966 -0.0657244 -0.0665763 -0.0672357 -0.0676671 -0.0678389 -0.0677909 -0.0674738 -0.0668751 -0.0660147 -0.0649071 -0.0635278 -0.0619095 -0.0600718 -0.0580313 -0.0558222 -0.0534523 -0.0509731 -0.0484069 -0.045778 -0.0431057 -0.0404559 -0.0378244 -0.0352429 -0.0327354 -0.0303398 -0.0280478 -0.0258848 -0.0238772 -0.0220245 -0.0203065 -0.0187468 -0.0173587 -0.0161053 -0.0149901 -0.0140078 -0.0131473 -0.0123958 -0.0117589 -0.011192 -0.0107148 -0.010318 -0.00998297 -0.00968911 -0.00946676 -0.00927418 -0.00911856 -0.00899591 -0.00890551 -0.00881954 -0.00876904 -0.00872295 -0.00868705 -0.00865848 -0.00864483 -0.00861498 -0.00860136 -0.00857894 -0.00854763 -0.00850619 -0.00846742 -0.00838917 -0.00830185 -0.00819319 -0.00805132 -0.00786306 -0.00764863 -0.00737224 -0.0070508 -0.0066673 -0.00619996 -0.00564794 -0.00503279 -0.00430296 -0.00344664 -0.00248689 -0.00140932 -0.00018448 0.00118072 0.00266768 0.00430387 0.00608144 0.00797869 0.009975 0.0121039 0.0143129 0.0165838 0.0189095 0.0212801 0.0236361 0.0259821 0.0282866 0.0305223 0.0326619 0.034668 0.0365335 0.0382357 0.0397368 0.0410133 0.0420967 0.0429302 0.0435084 0.0438457 0.0439518 0.0438007 0.043406 0.0427885 0.0419523 0.0409134 0.0396498 0.038209 0.0366037 0.034821 0.0328559 0.0307444 0.0284763 0.0260349 0.0234087 0.0205649 0.0175305 0.0142359 0.0106415 0.0067358 0.00248956 -0.00210183 -0.00706759 -0.0123917 -0.0180012 -0.0237938 -0.0296611 -0.0354196 -0.0408575 -0.0457165 -0.0497369 -0.0527443 -0.0545481 -0.0550629 -0.0542697 -0.0522493 -0.0492387 -0.0454937 -0.0413647 -0.0371988 -0.0333295 -0.0300756 -0.0276126 -0.0260439 -0.0253365 -0.0253754 -0.0260221 -0.0270769 -0.0283995 
0 0.00327923 0.00615577 0.00827754 0.009256 0.00885401 0.00690751 0.00338611 -0.001581 -0.00784103 -0.0150715 -0.0229122 -0.0309335 -0.0386559 -0.0457324 -0.0518171 -0.0567039 -0.0602687 -0.0624544 -0.0633872 -0.0632207 -0.0621856 -0.0605145 -0.0584294 -0.0561783 -0.0539682 -0.0519338 -0.0501603 -0.0487182 -0.0476261 -0.0469304 -0.0465681 -0.0465073 -0.0467487 -0.0472301 -0.0479525 -0.0488341 -0.0498661 -0.0510415 -0.0523303 -0.0536881 -0.0551029 -0.0565761 -0.058062 -0.0595657 -0.0610225 -0.0624605 -0.0638468 -0.0651374 -0.0663102 -0.0673679 -0.0682719 -0.0689789 -0.0695083 -0.0698032 -0.0698833 -0.0696986 -0.069252 -0.0685384 -0.0675766 -0.0663267 -0.0648342 -0.063124 -0.0611717 -0.0590217 -0.0567114 -0.0542691 -0.0516907 -0.049061 -0.04637 -0.0436575 -0.040942 -0.0382951 -0.0356919 -0.0331826 -0.0307813 -0.0285095 -0.0263583 -0.0243778 -0.0225641 -0.0208919 -0.0193654 -0.0180114 -0.0168193 -0.0157445 -0.0147993 -0.0139789 -0.0132779 -0.0126592 -0.0121399 -0.0116895 -0.0113206 -0.0110036 -0.0107513 -0.010531 -0.0103677 -0.0102249 -0.0101217 -0.0100305 -0.00997188 -0.00991154 -0.00987785 -0.00983635 -0.00980866 -0.00976863 -0.00973799 -0.00968195 -0.00962709 -0.0095418 -0.00944556 -0.00931318 -0.00915623 -0.00894201 -0.00870113 -0.00840681 -0.0080459 -0.0075991 -0.00709827 -0.0065146 -0.00581778 -0.00500133 -0.00408376 -0.00304873 -0.00186526 -0.000546778 0.000915122 0.002514 0.00426027 0.00611512 0.0081099 0.0102102 0.0124136 0.0146721 0.017012 0.0193664 0.0217351 0.0240948 0.0264287 0.0286642 0.0308166 0.0328593 0.034728 0.0364306 0.0379503 0.0392555 0.040309 0.0411463 0.0417186 0.0420569 0.0421303 0.0419623 0.0415624 0.0409339 0.0400654 0.0389942 0.0377549 0.036308 0.034707 0.0329507 0.0310704 0.0290503 0.0269013 0.0246249 0.0222463 0.0197327 0.0170409 0.014206 0.011161 0.00789952 0.00435359 0.000489733 -0.00368203 -0.00820582 -0.0130938 -0.0183228 -0.0238186 -0.0294816 -0.0351612 -0.0407115 -0.0458722 -0.0503825 -0.0540139 -0.0565231 -0.057796 -0.0576908 -0.0562036 -0.0534585 -0.049638 -0.0450866 -0.0401112 -0.0350829 -0.0303688 -0.0262435 -0.0229551 -0.0205695 -0.0190859 -0.0184238 -0.0184194 -0.0189436 -0.0198198 
0 0.0028671 0.0053456 0.00700126 0.00751886 0.00657755 0.00405408 -5.70967e-05 -0.00567096 -0.0125371 -0.0204041 -0.0288542 -0.0374463 -0.0457324 -0.0532771 -0.0597936 -0.0650212 -0.0688397 -0.0712086 -0.0722132 -0.0720427 -0.0709068 -0.0690554 -0.0667117 -0.0641488 -0.0615629 -0.0591265 -0.0569353 -0.0550395 -0.0535233 -0.052363 -0.0515604 -0.0510714 -0.050867 -0.0509436 -0.0512507 -0.05174 -0.0524002 -0.0532138 -0.0541449 -0.0551967 -0.0563125 -0.0575217 -0.0588075 -0.0601165 -0.0614647 -0.0628224 -0.0641685 -0.0654852 -0.0667437 -0.0679196 -0.0690135 -0.0699642 -0.0707565 -0.0713821 -0.0718038 -0.072001 -0.0719648 -0.0716866 -0.0711373 -0.07032 -0.0692352 -0.0678827 -0.0662784 -0.0644509 -0.062396 -0.0601514 -0.0577508 -0.0552003 -0.0525514 -0.0498525 -0.0471033 -0.0443377 -0.0416055 -0.0389166 -0.0362999 -0.0337946 -0.0314119 -0.0291515 -0.0270303 -0.0250808 -0.0233096 -0.0216848 -0.0202054 -0.0189003 -0.0177503 -0.0167262 -0.0158289 -0.0150536 -0.0143827 -0.0138111 -0.0133229 -0.0129067 -0.0125624 -0.0122798 -0.0120421 -0.011851 -0.0117004 -0.011577 -0.011478 -0.0114026 -0.0113367 -0.0112783 -0.0112272 -0.0111719 -0.0111047 -0.0110308 -0.0109384 -0.0108182 -0.0106701 -0.0104865 -0.0102594 -0.00999006 -0.00965566 -0.0092461 -0.00877746 -0.00823325 -0.007572 -0.0067994 -0.00592888 -0.00494088 -0.00380757 -0.0025225 -0.00110355 0.000446587 0.00214858 0.003988 0.00594227 0.00802748 0.0102154 0.0124627 0.0147791 0.0171497 0.0195251 0.0218942 0.0242332 0.0264948 0.0286624 0.0307105 0.0326124 0.0343375 0.0358658 0.0371691 0.0382382 0.0390631 0.0396379 0.0399479 0.0400176 0.0398377 0.0393915 0.0387287 0.0378472 0.0367489 0.0354647 0.034011 0.0323929 0.0306491 0.0287556 0.0267612 0.0246912 0.0225115 0.0202573 0.0179214 0.0155029 0.0129805 0.0103253 0.00751257 0.00454264 0.00134649 -0.00211915 -0.00587115 -0.00995374 -0.0143588 -0.0191319 -0.0242285 -0.0295719 -0.0350488 -0.0405119 -0.0457849 -0.0506081 -0.0547331 -0.0578844 -0.0598847 -0.060558 -0.0597995 -0.0576163 -0.0540867 -0.0494829 -0.0440785 -0.0382414 -0.0323439 -0.0267178 -0.0217171 -0.0175208 -0.0142646 -0.0119475 -0.0104853 -0.00979732 -0.00970254 -0.0100981 
0 0.00250693 0.0046015 0.0058746 0.00595662 0.00455981 0.00154632 -0.00309083 -0.00922266 -0.0166314 -0.0250199 -0.0339818 -0.043076 -0.0518171 -0.0597936 -0.0666769 -0.0722122 -0.0762782 -0.0788142 -0.0799242 -0.0797794 -0.0785923 -0.0766257 -0.074104 -0.0713013 -0.0684366 -0.0656753 -0.0631399 -0.0609005 -0.0590127 -0.0575004 -0.0563374 -0.0554961 -0.054959 -0.0546818 -0.0546528 -0.0548097 -0.0551441 -0.055638 -0.0562642 -0.0570172 -0.0578618 -0.0588158 -0.0598478 -0.060959 -0.0621314 -0.0633573 -0.0646207 -0.0659052 -0.0671754 -0.0684205 -0.0696177 -0.0707188 -0.0717409 -0.0726162 -0.0733443 -0.0738958 -0.0742372 -0.074345 -0.0742254 -0.0738366 -0.0731878 -0.0722734 -0.0710716 -0.0696161 -0.0678969 -0.0659473 -0.0637869 -0.0614516 -0.0589428 -0.0563207 -0.0535917 -0.0508215 -0.0480163 -0.0452206 -0.0424597 -0.0397584 -0.0371289 -0.0346369 -0.0322744 -0.0300376 -0.0279633 -0.0260577 -0.024319 -0.0227522 -0.0213431 -0.0200751 -0.0189793 -0.0180131 -0.0171625 -0.0164289 -0.0158136 -0.0152693 -0.0148218 -0.0144437 -0.0141292 -0.0138633 -0.0136619 -0.0134806 -0.013342 -0.0132259 -0.0131302 -0.013032 -0.0129568 -0.012862 -0.0127627 -0.0126469 -0.0125116 -0.0123287 -0.0121316 -0.0118775 -0.0115636 -0.0111929 -0.0107654 -0.0102366 -0.00962524 -0.00890705 -0.00807561 -0.007133 -0.00605331 -0.00481039 -0.00344241 -0.00194399 -0.000278258 0.00152325 0.00345508 0.00550708 0.00766812 0.00990456 0.0122224 0.0145792 0.0169768 0.0193489 0.0216937 0.023977 0.0261732 0.0282387 0.030176 0.0319175 0.0334605 0.0347874 0.0358632 0.0367006 0.0372817 0.037593 0.0376428 0.037444 0.0369759 0.0362926 0.0353714 0.0342501 0.0329392 0.0314504 0.0298048 0.0280269 0.0261358 0.0241465 0.0220808 0.0199467 0.0177729 0.0155351 0.013261 0.0109295 0.00854861 0.006092 0.0035177 0.000826067 -0.00203802 -0.00510752 -0.00843552 -0.0120583 -0.0159913 -0.020255 -0.0248702 -0.0297866 -0.0349345 -0.0401899 -0.0453882 -0.0503568 -0.054814 -0.0585121 -0.0611898 -0.0626348 -0.0627083 -0.061285 -0.0583813 -0.0541039 -0.0486912 -0.042467 -0.0357752 -0.0290001 -0.0224964 -0.0165823 -0.0114879 -0.00732877 -0.00413605 -0.00186587 -0.000429875 0.000286155 0.000402782 
0 0.00221255 0.00400133 0.00494874 0.00467853 0.00290313 -0.000512983 -0.00556907 -0.0121271 -0.0199596 -0.0287607 -0.038121 -0.0475974 -0.0567039 -0.0650212 -0.0722122 -0.0780137 -0.0823001 -0.085013 -0.0862474 -0.0861658 -0.0849788 -0.082953 -0.0803215 -0.0773632 -0.0743002 -0.0713106 -0.0685322 -0.0660403 -0.0638927 -0.0621099 -0.0606763 -0.0595728 -0.058776 -0.0582414 -0.0579566 -0.0578663 -0.057958 -0.058203 -0.0585737 -0.0590777 -0.05968 -0.0603972 -0.061204 -0.0621085 -0.063102 -0.0641676 -0.0652948 -0.0664822 -0.0677043 -0.0689438 -0.0701849 -0.071386 -0.0725568 -0.0736232 -0.0745848 -0.0754211 -0.0760939 -0.0765721 -0.0768493 -0.0768875 -0.0766766 -0.0761982 -0.0754372 -0.0744239 -0.0731167 -0.0715424 -0.0697209 -0.0676688 -0.0653909 -0.0629569 -0.0603647 -0.0576625 -0.0548686 -0.0520329 -0.0491886 -0.0463605 -0.0435719 -0.0408741 -0.0382647 -0.0357679 -0.0334387 -0.0312525 -0.0292148 -0.0273637 -0.0256917 -0.0241644 -0.0228227 -0.0216311 -0.0205766 -0.0196605 -0.0188815 -0.0181878 -0.0176106 -0.0171206 -0.0167053 -0.0163511 -0.0160741 -0.0158255 -0.0156269 -0.0154583 -0.0153125 -0.015167 -0.0150466 -0.0149035 -0.014752 -0.0145825 -0.0143868 -0.0141333 -0.0138572 -0.0135127 -0.0130985 -0.0126149 -0.0120501 -0.0113621 -0.010591 -0.00969579 -0.00865003 -0.00747448 -0.00617136 -0.00469662 -0.00308214 -0.00133155 0.000572289 0.0025951 0.00472298 0.00695161 0.00926463 0.0116259 0.0140199 0.0164031 0.0187811 0.021087 0.0233098 0.0254232 0.0273902 0.0291565 0.0307447 0.0320989 0.0332117 0.0340723 0.034664 0.0349922 0.0350474 0.0348327 0.0343729 0.0336773 0.0327298 0.0315901 0.030243 0.0287256 0.0270508 0.0252464 0.0233382 0.0213426 0.0192734 0.017157 0.0150076 0.0128282 0.0106447 0.00843694 0.006232 0.00399534 0.0017257 -0.000600071 -0.00302448 -0.00555918 -0.00826041 -0.011162 -0.0143104 -0.0177473 -0.021498 -0.0255777 -0.030001 -0.0347118 -0.0396377 -0.0446482 -0.0495637 -0.0541972 -0.0582656 -0.0615204 -0.0637024 -0.0645991 -0.0640701 -0.0620016 -0.0584149 -0.0534216 -0.0472619 -0.0402598 -0.0327642 -0.0251605 -0.0178046 -0.0110145 -0.00502713 2.58236e-05 0.00408955 0.00717789 0.00935039 0.0106934 0.0113069 
0 0.00197298 0.00352693 0.00420669 0.00367718 0.00161903 -0.00208673 -0.00742697 -0.0142923 -0.0224094 -0.0315012 -0.0411419 -0.0508831 -0.0602687 -0.0688397 -0.0762782 -0.0823001 -0.0867734 -0.0896594 -0.0910223 -0.0910297 -0.0898845 -0.0878527 -0.0851776 -0.0821437 -0.0789588 -0.0758253 -0.0728917 -0.0702265 -0.0679222 -0.0659564 -0.064353 -0.0630905 -0.0621208 -0.0614263 -0.0609598 -0.0606965 -0.0606139 -0.0606807 -0.0608605 -0.0611853 -0.0616059 -0.0621296 -0.0627558 -0.0634623 -0.0642888 -0.0651914 -0.0661725 -0.0672401 -0.068386 -0.0695688 -0.0707924 -0.0720348 -0.0732761 -0.0744831 -0.0756197 -0.076685 -0.0776279 -0.0784273 -0.0790412 -0.0794751 -0.0796887 -0.079644 -0.0793393 -0.078787 -0.0779292 -0.0767803 -0.0753825 -0.0736991 -0.0717539 -0.069592 -0.0672324 -0.0646841 -0.0620078 -0.0592262 -0.0563832 -0.0534902 -0.0506081 -0.0477663 -0.0449724 -0.0422582 -0.0396899 -0.0372385 -0.0349191 -0.0327888 -0.0308335 -0.0290296 -0.0274154 -0.025979 -0.0246891 -0.0235634 -0.0225848 -0.0217246 -0.0209868 -0.0203644 -0.0198211 -0.0193647 -0.0189836 -0.0186552 -0.0183717 -0.0181362 -0.0179157 -0.0177118 -0.017519 -0.0173159 -0.0170894 -0.0168507 -0.0165666 -0.0162307 -0.0158478 -0.0153915 -0.0148425 -0.0142203 -0.0134869 -0.0126161 -0.0116397 -0.0105325 -0.00925262 -0.00783224 -0.0062817 -0.00456003 -0.00269982 -0.000714795 0.00139414 0.00361276 0.00590517 0.00826886 0.0106626 0.0130796 0.0154676 0.0178065 0.0200754 0.0222316 0.0242212 0.0260616 0.0276995 0.0290892 0.0302501 0.0311592 0.0317844 0.0321293 0.0322193 0.0320322 0.0315804 0.030873 0.0299512 0.0287943 0.0274388 0.0259109 0.0242284 0.0224199 0.0204928 0.0184829 0.0164236 0.01432 0.0121724 0.0100485 0.00791397 0.00579554 0.00369583 0.00159935 -0.000468468 -0.00254817 -0.0046536 -0.00679808 -0.00900991 -0.0113474 -0.0138268 -0.0165203 -0.0194542 -0.0226668 -0.0262178 -0.0300853 -0.0342936 -0.0387761 -0.0434563 -0.0482003 -0.0528212 -0.0571043 -0.0607811 -0.0636013 -0.0652908 -0.0656677 -0.0645553 -0.0618787 -0.0576624 -0.0520022 -0.045176 -0.037463 -0.0292463 -0.0209002 -0.0127596 -0.0051742 0.00165807 0.00755614 0.0124519 0.0163404 0.0192166 0.0211766 0.0222605 
0 0.00180645 0.00316311 0.00367785 0.00293867 0.000702963 -0.00317986 -0.00870891 -0.0157224 -0.024019 -0.0332497 -0.0430327 -0.0529275 -0.0624544 -0.0712086 -0.0788142 -0.085013 -0.0896594 -0.0927056 -0.0942153 -0.0943383 -0.0932708 -0.0912715 -0.088615 -0.0855408 -0.0823106 -0.0790919 -0.0760555 -0.0733175 -0.0708952 -0.0688484 -0.0671461 -0.06579 -0.0647511 -0.0639617 -0.0634059 -0.0630546 -0.0628795 -0.0628356 -0.0629217 -0.0631111 -0.0634225 -0.063826 -0.0642988 -0.064885 -0.0655649 -0.0663302 -0.0671783 -0.0681287 -0.069159 -0.0702781 -0.0714429 -0.0726616 -0.0739427 -0.0752088 -0.0764585 -0.0776881 -0.0788506 -0.0798893 -0.0808215 -0.0815928 -0.0821843 -0.0825598 -0.0827025 -0.0825968 -0.0822164 -0.081547 -0.0805917 -0.0793611 -0.0778327 -0.0760341 -0.073984 -0.0717248 -0.0692473 -0.0666183 -0.0638723 -0.0610263 -0.0581039 -0.055196 -0.0523 -0.0494346 -0.0466479 -0.0439716 -0.0414168 -0.0390185 -0.0367719 -0.0346858 -0.0327979 -0.0310892 -0.029542 -0.0281705 -0.0269731 -0.0259106 -0.0249917 -0.0241982 -0.023513 -0.0229198 -0.0224198 -0.0219776 -0.0215976 -0.02126 -0.0209535 -0.0206583 -0.0203795 -0.0200825 -0.0197705 -0.0194284 -0.0190393 -0.018584 -0.0180758 -0.0174733 -0.0167636 -0.0159528 -0.0150255 -0.013949 -0.012734 -0.0113675 -0.00984448 -0.00818766 -0.00637246 -0.00439612 -0.00231359 -0.000140961 0.00216208 0.00453078 0.00693044 0.00935586 0.011792 0.014161 0.0164651 0.0186733 0.0207495 0.0226284 0.0243224 0.0257994 0.0270202 0.0279735 0.0286698 0.0290805 0.0292028 0.0290574 0.0286358 0.0279762 0.02706 0.0259162 0.0245826 0.023076 0.0213787 0.0195742 0.0176731 0.01567 0.0136127 0.0115233 0.00942504 0.00732093 0.00523411 0.00316952 0.00116761 -0.00081259 -0.0027613 -0.00465658 -0.00652611 -0.00838689 -0.0102634 -0.0121695 -0.0141452 -0.016219 -0.0184744 -0.0209218 -0.0236102 -0.0266082 -0.0299175 -0.0335869 -0.0375682 -0.0418183 -0.0462607 -0.0507346 -0.0550571 -0.0589911 -0.0622774 -0.0646579 -0.0658891 -0.065747 -0.0641047 -0.0608748 -0.0560839 -0.0498761 -0.0424502 -0.034155 -0.0253202 -0.0163206 -0.00752356 0.000804154 0.00837861 0.0150639 0.0207438 0.0253523 0.0289174 0.0314205 0.0329411 
