0 0 0 0 0 0 0 0 0 0 0 0 0 0 0 0 0 0 0 0 0 0 0 0 0 0 0 0 0 0 0 0 0 0 0 0 0 0 0 0 0 0 0 0 0 0 0 0 0 0 0 0 0 0 0 0 0 0 0 0 0 0 0 0 0 0 0 0 0 0 0 0 0 0 0 0 0 0 0 0 0 0 0 0 0 0 0 0 0 0 0 0 0 0 0 0 0 0 0 0 0 0 0 0 0 0 0 0 0 0 0 0 0 0 0 0 0 0 0 0 0 0 0 0 0 0 0 0 0 0 0 0 0 0 0 0 0 0 0 0 0 0 0 0 0 0 0 0 0 0 0 0 0 0 0 0 0 0 0 0 0 0 0 0 0 0 0 0 0 0 0 0 0 0 0 0 0 0 0 0 0 0 0 0 0 0 0 0 0 0 0 0 0 0 0 0 0 0 0 0 
0 -2.06523e-06 6.04063e-06 2.47473e-06 5.20918e-06 9.96387e-06 5.99934e-06 1.69335e-05 2.33554e-05 3.51354e-05 6.47038e-05 9.05845e-05 0.000140771 0.000205529 0.000283843 0.000399967 0.000536891 0.000711652 0.000930326 0.00118447 0.00148204 0.00182274 0.00218543 0.00256545 0.00294688 0.00327574 0.0035549 0.0037268 0.00376245 0.00366944 0.00339793 0.00298328 0.0024215 0.00174041 0.000981862 0.000190635 -0.000564303 -0.00125359 -0.00180138 -0.00221081 -0.00246037 -0.00255011 -0.00249658 -0.00232723 -0.00207471 -0.00175667 -0.00145392 -0.00113429 -0.000838061 -0.000580013 -0.000354535 -0.00016337 -1.25263e-05 0.000111169 0.000243756 0.000337265 0.000423129 0.000489085 0.000574702 0.000652669 0.000717514 0.000772836 0.000839699 0.00090901 0.000963213 0.00103047 0.00107841 0.00113822 0.00119409 0.00125849 0.00129723 0.00135535 0.00140508 0.00145924 0.0015039 0.00155034 0.00159293 0.001644 0.00168795 0.00171831 0.00176378 0.00180725 0.00184168 0.00186601 0.00191265 0.00194084 0.0019696 0.00199239 0.00203069 0.00204639 0.0020734 0.0020899 0.00211708 0.00212616 0.00214846 0.00215551 0.00217446 0.00217753 0.00219171 0.00219064 0.0022025 0.0021977 0.00220425 0.00219589 0.00219954 0.00218765 0.00218753 0.00217015 0.00216691 0.00215014 0.00214063 0.00211483 0.00210886 0.0020853 0.00206368 0.00203617 0.00202694 0.00199225 0.00196314 0.00193913 0.0019185 0.00187734 0.00184726 0.00182133 0.00178753 0.00175244 0.00171569 0.0016842 0.00164855 0.00161903 0.00156989 0.00154343 0.00150798 0.00147475 0.00142991 0.00140882 0.00136785 0.00133815 0.00131058 0.00128451 0.00125581 0.0012324 0.00122194 0.00120908 0.00120862 0.00120385 0.00124319 0.00127941 0.00134008 0.00143888 0.00158267 0.00174653 0.00195248 0.00219459 0.00243054 0.00268675 0.00289556 0.00303496 0.00306048 0.00296577 0.00271881 0.00231805 0.00177943 0.00109774 0.000333949 -0.000477886 -0.00126096 -0.00198734 -0.00259376 -0.0030619 -0.00339542 -0.00354965 -0.00357416 -0.0034582 -0.00322647 -0.00292962 -0.00257955 -0.00221565 -0.0018651 -0.00153842 -0.00124066 -0.000993025 -0.00077385 -0.000594094 -0.000458738 -0.00033749 -0.000259677 -0.000197465 -0.000147528 -0.000125959 -9.75397e-05 -8.55004e-05 -7.90558e-05 -6.53286e-05 -6.78058e-05 -6.23785e-05 -5.9639e-05 -6.58672e-05 -5.97232e-05 -6.37013e-05 
0 6.04063e-06 -8.75162e-06 1.11737e-05 2.12297e-08 1.05933e-05 2.83058e-05 2.68829e-05 6.37521e-05 8.2141e-05 0.000126299 0.000195239 0.000273942 0.000409514 0.000572371 0.000798751 0.00108274 0.00143534 0.00186981 0.00237426 0.00298011 0.00364296 0.00438137 0.0051503 0.0058873 0.00657606 0.00710506 0.00743881 0.00752716 0.00731332 0.00679376 0.00597547 0.00486074 0.00350338 0.00200687 0.000420627 -0.00109165 -0.00242688 -0.00354346 -0.00434178 -0.00483543 -0.00503726 -0.00494214 -0.00459778 -0.00408936 -0.00347661 -0.00283424 -0.00222335 -0.00164577 -0.00111565 -0.000645262 -0.000266758 3.80693e-05 0.000309994 0.00053684 0.000739684 0.000936963 0.00109491 0.00121954 0.00137316 0.0015336 0.0016585 0.00177497 0.00189508 0.00203028 0.00215858 0.00226375 0.00236345 0.00249325 0.00260969 0.00270208 0.00280461 0.00291374 0.00301647 0.00311087 0.00320227 0.00328821 0.00339277 0.00347586 0.00354694 0.00362873 0.00372516 0.00378433 0.00384853 0.00392633 0.00399785 0.0040428 0.00410429 0.0041644 0.00421304 0.00425256 0.00430099 0.00434008 0.00437456 0.00440429 0.00443346 0.00445684 0.00447794 0.00449187 0.00450431 0.00451356 0.0045184 0.00451692 0.00451465 0.00450719 0.00449782 0.00448208 0.00446268 0.00444041 0.00442108 0.00438636 0.004351 0.00432139 0.00428863 0.00423104 0.00419055 0.00415424 0.00409928 0.00402892 0.00399038 0.00393645 0.00386465 0.00379623 0.00374755 0.00367708 0.00360702 0.00353401 0.00346641 0.00340293 0.00333338 0.00324492 0.00317606 0.00312529 0.0030475 0.00296301 0.00289515 0.00284403 0.00278818 0.00271809 0.00263667 0.00260308 0.00258825 0.00253541 0.00248712 0.00248774 0.00251448 0.00256 0.002643 0.00275988 0.0029438 0.0032158 0.00357073 0.00398742 0.00443353 0.00492273 0.00541202 0.0058218 0.00609882 0.00616966 0.00595262 0.00545189 0.00466395 0.00355336 0.00221665 0.000697023 -0.000923049 -0.00249075 -0.00393255 -0.00516072 -0.00610582 -0.00674246 -0.00708187 -0.00710604 -0.00687369 -0.00643714 -0.00582629 -0.00514725 -0.00442209 -0.00371594 -0.00306285 -0.00247315 -0.00197215 -0.00153929 -0.00119933 -0.000910613 -0.000691958 -0.000527989 -0.000385419 -0.000309091 -0.000230538 -0.000188531 -0.000171005 -0.000136181 -0.000146775 -0.000130891 -0.000127421 -0.000138693 -0.000118009 -0.000134201 -0.000124426 
0 2.47473e-06 1.11737e-05 1.00888e-05 1.56886e-05 2.70082e-05 2.9106e-05 5.29657e-05 8.07898e-05 0.000120727 0.000200142 0.000291099 0.000435314 0.000631582 0.000877662 0.0012208 0.00164172 0.00217007 0.00282417 0.00359043 0.00448499 0.00549829 0.00658784 0.00772439 0.00884772 0.00984122 0.0106566 0.0111648 0.0112837 0.010993 0.0102075 0.00898083 0.00732381 0.00531605 0.00307879 0.000746542 -0.0014902 -0.00351139 -0.00514819 -0.00635967 -0.00710457 -0.00738473 -0.00723811 -0.00674227 -0.0059928 -0.00506846 -0.0041407 -0.00319533 -0.00230922 -0.00152062 -0.000830159 -0.000247811 0.000223049 0.000620301 0.00100449 0.00130802 0.00158006 0.00180408 0.00205006 0.00228765 0.0024987 0.00268306 0.00288258 0.00308673 0.00326932 0.00346669 0.00362683 0.00380364 0.00398145 0.00416679 0.00430483 0.00447265 0.0046299 0.00479113 0.00493324 0.00507405 0.00520879 0.00535955 0.00549156 0.00559682 0.00572854 0.0058588 0.00596375 0.00605188 0.00617737 0.00627104 0.00635679 0.00643514 0.00653608 0.00659774 0.00667203 0.00673031 0.00680142 0.00684195 0.00689879 0.00693029 0.00697727 0.0069975 0.00702998 0.00703737 0.00706229 0.0070584 0.00706752 0.00705263 0.00705315 0.00702693 0.00701481 0.0069745 0.00695333 0.00690956 0.00687133 0.00680707 0.00677296 0.00670839 0.0066394 0.00656467 0.00651772 0.00642419 0.00633457 0.00625995 0.00618601 0.00607263 0.00597683 0.0058923 0.00578974 0.00568142 0.0055705 0.00546946 0.00536236 0.00526036 0.00512449 0.0050285 0.00492347 0.0048142 0.00468572 0.00459885 0.0044866 0.00439079 0.00429711 0.00420539 0.00412119 0.00405411 0.00400484 0.00395712 0.00394546 0.00394811 0.00403871 0.00415045 0.00433123 0.00461943 0.00503202 0.00552867 0.00613536 0.00682871 0.00753239 0.00825774 0.00885504 0.00923939 0.00929848 0.00898097 0.00822188 0.00701354 0.00538144 0.00335559 0.00107797 -0.00132925 -0.00366642 -0.00581915 -0.00763368 -0.00903983 -0.0100205 -0.0105061 -0.0105755 -0.0102408 -0.00957434 -0.00869401 -0.00766859 -0.00659538 -0.00555363 -0.0045813 -0.00370237 -0.00295598 -0.0023082 -0.00177846 -0.00136289 -0.00101615 -0.00077381 -0.000584521 -0.000444599 -0.00036307 -0.000289125 -0.000251384 -0.000226271 -0.000200344 -0.000197796 -0.000187805 -0.000183202 -0.000189336 -0.000184243 -0.000189318 
0 5.20918e-06 2.12297e-08 1.56886e-05 1.79225e-05 3.27686e-05 5.48831e-05 7.68138e-05 0.000127186 0.000183319 0.000277748 0.000411666 0.000594309 0.000858438 0.00119875 0.00165419 0.002227 0.00293932 0.00380952 0.00483305 0.00603093 0.00736839 0.00882623 0.0103403 0.0118129 0.0131483 0.0142065 0.0148716 0.0150419 0.0146407 0.0136265 0.0120173 0.0098435 0.00720541 0.00427059 0.00120254 -0.00174758 -0.00438358 -0.00655784 -0.00815108 -0.00913935 -0.00953109 -0.00935768 -0.00870791 -0.00771813 -0.00651801 -0.0052571 -0.00401677 -0.00284415 -0.00177597 -0.000832141 -4.49971e-05 0.00060347 0.0011628 0.00165546 0.00208491 0.00247435 0.00280678 0.0031111 0.00342817 0.00373562 0.00400638 0.00426543 0.00452825 0.00479534 0.00505678 0.00528616 0.00551438 0.0057638 0.00600247 0.00620886 0.00642376 0.00664276 0.00685499 0.00705321 0.00724192 0.00742839 0.00762694 0.00780301 0.00795772 0.00812793 0.00830294 0.00844307 0.00857681 0.00872891 0.00886459 0.00897628 0.00909275 0.00921219 0.00931041 0.00940077 0.00948955 0.00957227 0.00964105 0.00970514 0.00975964 0.00981048 0.00985002 0.00988182 0.0099041 0.00992467 0.00993174 0.00993194 0.00992385 0.00991206 0.00988852 0.00985904 0.00981845 0.00977686 0.00972725 0.00966457 0.00959326 0.00953011 0.00945211 0.00935366 0.00926327 0.0091804 0.00906733 0.00894377 0.0088432 0.00873163 0.00859095 0.0084573 0.00833833 0.00820033 0.00805294 0.0079049 0.0077628 0.00762218 0.0074718 0.0073022 0.00715684 0.00702332 0.00686655 0.00669893 0.00655766 0.00642649 0.00629491 0.00615113 0.00600872 0.00590764 0.00583106 0.0057366 0.00565528 0.00563266 0.00566008 0.00574955 0.00590149 0.00613802 0.00650675 0.00703732 0.00771066 0.00850869 0.0093899 0.0103217 0.0112385 0.0120004 0.0124814 0.0125443 0.0120807 0.0110463 0.00942935 0.00723059 0.00455662 0.00154 -0.00164069 -0.00474097 -0.00758634 -0.010005 -0.0118822 -0.0131663 -0.0138394 -0.0139239 -0.0134916 -0.0126395 -0.0114753 -0.0101403 -0.00872964 -0.00734895 -0.0060624 -0.00490371 -0.00390722 -0.00305656 -0.00236494 -0.00180312 -0.00136126 -0.0010291 -0.000769273 -0.000593883 -0.000461642 -0.000374597 -0.000324978 -0.000282669 -0.000271695 -0.000256824 -0.000251836 -0.000255863 -0.000246047 -0.000254338 -0.000249139 
0 9.96387e-06 1.05933e-05 2.70082e-05 3.27686e-05 4.7987e-05 7.72778e-05 0.00010818 0.000169167 0.00024999 0.000369948 0.000546895 0.000784786 0.0011175 0.0015553 0.00212498 0.0028491 0.00374577 0.00483568 0.00612426 0.00761909 0.00928984 0.0111028 0.0129797 0.0148037 0.0164562 0.0177658 0.0185935 0.018813 0.0183212 0.0170837 0.0151012 0.0124334 0.00920132 0.0055984 0.00184805 -0.00177557 -0.00501795 -0.00770093 -0.0096776 -0.0109082 -0.0113986 -0.0111976 -0.0104142 -0.0092024 -0.00773566 -0.00616384 -0.00461184 -0.00313658 -0.0017892 -0.000601011 0.000403525 0.00124416 0.00197118 0.00260329 0.0031635 0.00365571 0.00409469 0.00449955 0.00490616 0.0052936 0.00564844 0.00598833 0.00632842 0.00667201 0.0069982 0.00730412 0.00760205 0.00791646 0.00821393 0.00849191 0.00876354 0.00904221 0.00930995 0.00956496 0.00980627 0.0100475 0.0102908 0.010514 0.0107207 0.0109322 0.0111445 0.0113277 0.0115051 0.0116856 0.0118571 0.0120035 0.012152 0.0122934 0.0124233 0.0125364 0.0126491 0.0127485 0.0128403 0.012917 0.0129892 0.0130488 0.0131021 0.0131389 0.0131711 0.0131917 0.0132047 0.0132018 0.0131952 0.013176 0.0131501 0.0131088 0.0130631 0.0130065 0.0129447 0.0128642 0.0127816 0.0126932 0.0125953 0.0124763 0.0123645 0.0122471 0.0121112 0.0119618 0.0118269 0.0116789 0.0115109 0.0113419 0.0111819 0.0110083 0.0108217 0.0106345 0.0104502 0.0102675 0.0100692 0.00986473 0.00967033 0.00948885 0.00928628 0.00908156 0.00888869 0.00871338 0.00853456 0.00835109 0.00817299 0.00802907 0.00791021 0.00778866 0.00769139 0.00764743 0.0076745 0.00776968 0.00795663 0.00825438 0.00871341 0.00935734 0.0101793 0.0111496 0.0122228 0.0133567 0.0144432 0.0153389 0.0158738 0.0158953 0.0152734 0.0139507 0.0119069 0.00915819 0.00582918 0.00208179 -0.00184629 -0.00568794 -0.00920429 -0.0122009 -0.014538 -0.016138 -0.0169937 -0.0171194 -0.0166079 -0.0155765 -0.0141593 -0.0125233 -0.0107952 -0.00909669 -0.00750861 -0.00608136 -0.00484046 -0.00378846 -0.00292511 -0.00222333 -0.00167802 -0.00125937 -0.000944114 -0.000725916 -0.000563928 -0.000461414 -0.000395413 -0.000347866 -0.000330593 -0.000311407 -0.000305974 -0.000307695 -0.000300874 -0.000310621 -0.000310124 
0 5.99934e-06 2.83058e-05 2.9106e-05 5.48831e-05 7.72778e-05 0.000104993 0.000163319 0.000224527 0.000336243 0.000489736 0.000701943 0.00100907 0.00141048 0.00195092 0.00264377 0.00352377 0.00460931 0.00592377 0.00748459 0.00926778 0.0112828 0.0134404 0.0156675 0.0178495 0.0197879 0.0213518 0.0223378 0.0225955 0.0220364 0.0205859 0.018256 0.0151282 0.0113487 0.00711355 0.00273581 -0.00151056 -0.00534142 -0.00849022 -0.0108469 -0.0123205 -0.0129101 -0.0126921 -0.0117983 -0.0103855 -0.00865465 -0.00680051 -0.00492827 -0.00314531 -0.00151523 -8.02623e-05 0.0011627 0.00221433 0.0031089 0.00390942 0.00460831 0.00521107 0.00575574 0.00629023 0.00678956 0.00725406 0.00769722 0.00813039 0.0085587 0.00896968 0.00936851 0.00975126 0.0101335 0.0105019 0.010867 0.0112133 0.0115516 0.0118841 0.0122119 0.0125217 0.0128199 0.0131167 0.0134014 0.013675 0.0139333 0.01419 0.0144316 0.0146663 0.0148819 0.0150965 0.0152948 0.0154859 0.0156579 0.0158288 0.0159816 0.0161265 0.0162543 0.0163787 0.0164842 0.0165824 0.0166642 0.0167402 0.0167984 0.0168492 0.0168834 0.0169112 0.0169221 0.0169252 0.0169116 0.0168929 0.0168568 0.0168126 0.0167531 0.0166901 0.0166075 0.0165188 0.0164165 0.0163108 0.0161843 0.0160552 0.0159132 0.0157675 0.0156023 0.0154365 0.0152585 0.0150781 0.0148805 0.0146803 0.0144738 0.0142652 0.0140406 0.0138124 0.0135875 0.0133553 0.0131137 0.0128694 0.0126329 0.0123879 0.0121451 0.0118979 0.0116624 0.0114259 0.0111959 0.0109724 0.0107671 0.0105675 0.0103867 0.0102487 0.0101355 0.0100644 0.0100719 0.0101871 0.0103966 0.0107532 0.0113013 0.0120547 0.013004 0.0141292 0.0153914 0.0166851 0.0179147 0.0189074 0.0194604 0.0193984 0.0186033 0.0169718 0.0144763 0.011196 0.0072094 0.00275329 -0.00189249 -0.00645135 -0.0106237 -0.0141797 -0.0169669 -0.0188978 -0.0199227 -0.0201152 -0.0195432 -0.0183422 -0.0167124 -0.0147886 -0.0127669 -0.0107708 -0.00889224 -0.00720624 -0.00573111 -0.00448595 -0.00344941 -0.00262493 -0.00196965 -0.00146967 -0.00110948 -0.000831747 -0.000657631 -0.000530494 -0.000444435 -0.000408464 -0.000366723 -0.000362383 -0.000357291 -0.000348691 -0.000365992 -0.000356968 -0.000368803 
0 1.69335e-05 2.68829e-05 5.29657e-05 7.68138e-05 0.00010818 0.000163319 0.000222023 0.000319489 0.0004579 0.000636677 0.000908635 0.00126709 0.00175085 0.00240282 0.00322341 0.00426934 0.00555803 0.00709955 0.00892607 0.0110223 0.013349 0.0158658 0.0184488 0.0209433 0.0232033 0.0249802 0.0261115 0.0264317 0.0257838 0.0241565 0.0215174 0.0179722 0.0136793 0.00889048 0.00391776 -0.000916254 -0.00524812 -0.00887063 -0.0115697 -0.0132734 -0.0139886 -0.0137838 -0.0127833 -0.0111861 -0.00923681 -0.0070642 -0.00490752 -0.00283465 -0.000909224 0.000806887 0.00228751 0.00356274 0.0046699 0.00560413 0.00645791 0.00720813 0.00790474 0.00851513 0.00910634 0.00968511 0.0102398 0.0107483 0.0112444 0.011753 0.0122211 0.0126926 0.0131331 0.0135796 0.0139971 0.0144275 0.0148151 0.0152147 0.0155912 0.015962 0.0163132 0.0166644 0.0169912 0.0173088 0.0176261 0.0179158 0.0181977 0.0184679 0.0187367 0.0189672 0.0192087 0.0194242 0.0196382 0.019818 0.0200115 0.0201676 0.0203298 0.0204585 0.0205959 0.0206959 0.0208064 0.0208789 0.0209598 0.0210065 0.0210612 0.0210771 0.0211043 0.0210958 0.0210939 0.0210567 0.0210302 0.0209654 0.0209115 0.0208229 0.0207409 0.0206254 0.0205235 0.020382 0.0202483 0.020091 0.0199385 0.0197479 0.0195723 0.0193755 0.01917 0.0189457 0.018731 0.0184933 0.0182466 0.0180014 0.0177406 0.0174758 0.017203 0.016935 0.0166391 0.0163663 0.0160684 0.015788 0.0154893 0.0152048 0.0148982 0.0146362 0.0143583 0.0140736 0.013807 0.0135817 0.0133768 0.0131734 0.013023 0.0129337 0.0129599 0.013051 0.0133003 0.0137125 0.0143284 0.0151742 0.0162717 0.0175431 0.0189275 0.0203838 0.0216997 0.0227437 0.0232838 0.0231274 0.0220992 0.0201349 0.0172013 0.0133436 0.00874874 0.00361129 -0.00173425 -0.00697898 -0.0117794 -0.0158965 -0.019133 -0.0213595 -0.0226008 -0.0228426 -0.0222292 -0.0209185 -0.0190695 -0.016913 -0.0146182 -0.0123334 -0.0101877 -0.00825419 -0.00655261 -0.00512504 -0.00394129 -0.00297754 -0.00224019 -0.00165551 -0.00122899 -0.000928794 -0.000702723 -0.000572561 -0.000481898 -0.000425645 -0.00041095 -0.000391334 -0.000394161 -0.000402588 -0.000399562 -0.000415923 -0.000418823 
0 2.33554e-05 6.37521e-05 8.07898e-05 0.000127186 0.000169167 0.000224527 0.000319489 0.00042787 0.000604031 0.000835087 0.00115752 0.00160113 0.00217448 0.0029399 0.0038996 0.00511546 0.00660246 0.00838464 0.0104933 0.012882 0.0155557 0.0184041 0.0213174 0.0241503 0.0266675 0.0286858 0.0299718 0.0303363 0.0296503 0.0278471 0.0249197 0.0209914 0.016252 0.010945 0.00546388 0.000121793 -0.00471808 -0.00874545 -0.0117936 -0.0137315 -0.0145547 -0.0143528 -0.0132872 -0.0115437 -0.00936746 -0.0069529 -0.00448263 -0.00209498 0.000119591 0.0020877 0.00383081 0.00534424 0.0066461 0.00778545 0.00879453 0.00966743 0.0104765 0.0112471 0.0119481 0.0126052 0.0132423 0.0138613 0.0144591 0.0150312 0.0155724 0.0161217 0.0166539 0.0171508 0.0176376 0.0181275 0.0185882 0.0190347 0.0194692 0.0198868 0.0202968 0.0206941 0.0210597 0.0214213 0.0217851 0.0221143 0.0224212 0.0227363 0.023036 0.0232995 0.0235599 0.0238154 0.0240464 0.0242562 0.0244625 0.0246497 0.0248211 0.0249756 0.0251176 0.0252418 0.025356 0.0254471 0.0255258 0.0255914 0.0256428 0.0256697 0.0256901 0.0256944 0.0256813 0.0256497 0.0256109 0.0255516 0.0254805 0.0253923 0.0252906 0.0251749 0.0250511 0.0249016 0.0247426 0.0245812 0.0243999 0.0241909 0.0239897 0.0237813 0.023539 0.0232885 0.0230493 0.0227859 0.0225001 0.0222204 0.0219321 0.0216286 0.0213203 0.0210014 0.0206744 0.0203592 0.0200246 0.0196751 0.0193416 0.0190175 0.0186719 0.0183327 0.0180007 0.0176891 0.0173946 0.0170975 0.0168162 0.0166083 0.0164472 0.0163287 0.0163187 0.0164357 0.0167081 0.0171833 0.0178916 0.0188301 0.0200199 0.0214118 0.0229484 0.0244954 0.0258841 0.0269314 0.027393 0.0270703 0.0258068 0.0234895 0.020082 0.0156997 0.0104679 0.00467204 -0.0013311 -0.0072267 -0.0126268 -0.017261 -0.0209253 -0.0234891 -0.0249146 -0.0252648 -0.0246401 -0.0232129 -0.021217 -0.0188306 -0.0162984 -0.0137694 -0.0113723 -0.0092114 -0.00730137 -0.0056916 -0.00434733 -0.00327044 -0.00242747 -0.00177613 -0.00131221 -0.000963104 -0.000737845 -0.000586144 -0.000484772 -0.000444521 -0.000405469 -0.000405685 -0.000409124 -0.000409931 -0.000438054 -0.000440688 -0.00046428 
0 3.51354e-05 8.2141e-05 0.000120727 0.000183319 0.00024999 0.000336243 0.0004579 0.000604031 0.000818775 0.00110042 0.00148576 0.00200639 0.00268125 0.00357141 0.00468813 0.00608679 0.00779425 0.00982501 0.0122106 0.0149132 0.0179078 0.021099 0.0243475 0.0274849 0.0302793 0.0325034 0.0339254 0.0343443 0.0336136 0.0316686 0.0285079 0.0242551 0.0191172 0.0133783 0.0074299 0.00163051 -0.00363135 -0.00804514 -0.0114031 -0.0135653 -0.0145266 -0.0143722 -0.0132555 -0.0113904 -0.00902535 -0.00635806 -0.00361317 -0.000941484 0.0015635 0.00382137 0.00582994 0.00759291 0.00911708 0.0104352 0.0116059 0.0126459 0.0136049 0.0144801 0.0152777 0.0160432 0.0167865 0.017489 0.0181599 0.0188078 0.0194252 0.0200467 0.0206413 0.0211975 0.0217403 0.0222887 0.0228031 0.0232989 0.0237763 0.02424 0.0246961 0.0251334 0.025533 0.0259315 0.0263341 0.026694 0.0270289 0.0273737 0.0277044 0.0279909 0.0282747 0.0285529 0.0288076 0.0290347 0.0292591 0.0294627 0.0296519 0.0298184 0.0299729 0.0301082 0.030235 0.0303323 0.0304186 0.0304912 0.0305495 0.030577 0.0306011 0.0306078 0.0305956 0.0305601 0.0305212 0.030459 0.0303833 0.0302869 0.0301808 0.0300569 0.0299237 0.029761 0.0295928 0.0294188 0.0292226 0.028995 0.0287804 0.028555 0.028291 0.028017 0.0277602 0.0274747 0.0271603 0.0268532 0.0265412 0.0262106 0.0258682 0.0255173 0.0251589 0.0248113 0.0244382 0.0240525 0.0236803 0.0233159 0.0229276 0.0225518 0.0221795 0.0218162 0.021475 0.0211485 0.0208368 0.0205804 0.020387 0.0202617 0.0202536 0.0203763 0.020684 0.0212166 0.0219919 0.0230216 0.0243221 0.0258232 0.0274483 0.0290653 0.0304701 0.0314724 0.0318311 0.0313209 0.0297687 0.0270692 0.0231946 0.0182606 0.0124438 0.00603192 -0.000605058 -0.0071115 -0.0130912 -0.018241 -0.0223274 -0.0252061 -0.0268465 -0.0272993 -0.0266891 -0.0252057 -0.023075 -0.0205175 -0.0177737 -0.015014 -0.0123934 -0.010015 -0.00791594 -0.00614323 -0.00466662 -0.003481 -0.00255461 -0.00183932 -0.00132278 -0.000945582 -0.000695021 -0.000534956 -0.000435903 -0.000395684 -0.000375024 -0.000383545 -0.0004009 -0.000418403 -0.000448024 -0.000465488 -0.000491037 
0 6.47038e-05 0.000126299 0.000200142 0.000277748 0.000369948 0.000489736 0.000636677 0.000835087 0.00110042 0.00144944 0.00191715 0.00253046 0.00332577 0.00434968 0.00563467 0.00722284 0.00915824 0.0114501 0.0141182 0.0171468 0.0204611 0.0239894 0.0275639 0.0309865 0.0340503 0.0364725 0.0380341 0.0385193 0.0377593 0.0356954 0.0323314 0.0277991 0.0223182 0.0162221 0.0098786 0.00368989 -0.00194056 -0.0067116 -0.0103572 -0.0127397 -0.013839 -0.0137442 -0.0126056 -0.010657 -0.00814273 -0.00525547 -0.00225374 0.000700546 0.00348481 0.00602405 0.00829161 0.0103033 0.0120616 0.0135728 0.0149078 0.0160999 0.0172011 0.0181897 0.0190957 0.0199539 0.0207842 0.0215693 0.0223154 0.0230303 0.0237108 0.0243939 0.0250422 0.0256543 0.0262407 0.0268347 0.027393 0.02793 0.0284382 0.0289384 0.029428 0.0298933 0.0303199 0.0307444 0.0311712 0.0315527 0.0319105 0.032271 0.0326218 0.0329251 0.0332253 0.0335138 0.0337863 0.0340242 0.0342604 0.0344721 0.0346751 0.0348475 0.0350113 0.0351526 0.035289 0.0353893 0.0354829 0.0355587 0.0356236 0.0356519 0.0356809 0.0356887 0.0356806 0.035643 0.0356073 0.0355443 0.0354695 0.0353683 0.0352644 0.0351366 0.0350003 0.0348316 0.0346638 0.0344809 0.034279 0.0340443 0.0338249 0.033587 0.0333154 0.0330302 0.0327622 0.0324642 0.0321361 0.0318114 0.0314853 0.0311399 0.0307727 0.0304021 0.0300246 0.0296547 0.0292504 0.0288411 0.0284398 0.028049 0.0276266 0.0272152 0.0268108 0.0264192 0.0260425 0.0256802 0.0253434 0.0250583 0.024856 0.0247303 0.0247263 0.024864 0.0252262 0.0258313 0.0266856 0.0278055 0.029197 0.0307918 0.0324848 0.034144 0.0355246 0.0364315 0.0366282 0.0358828 0.0340095 0.0309097 0.026571 0.0210902 0.0147092 0.00770944 0.000475615 -0.0065944 -0.0131117 -0.0187432 -0.0232365 -0.0264299 -0.0283056 -0.0288858 -0.0283233 -0.0268215 -0.0245889 -0.0219041 -0.0189852 -0.0160338 -0.0132237 -0.0106505 -0.00838211 -0.00645219 -0.00485064 -0.00355851 -0.00255504 -0.00178781 -0.00122773 -0.000840937 -0.000574812 -0.000419181 -0.000332226 -0.000290786 -0.000295183 -0.000307304 -0.00033946 -0.000380558 -0.000412653 -0.000460063 -0.000495399 
0 9.05845e-05 0.000195239 0.000291099 0.000411666 0.000546895 0.000701943 0.000908635 0.00115752 0.00148576 0.00191715 0.00246995 0.00319699 0.00412765 0.00530102 0.00676975 0.00857364 0.0107405 0.0133108 0.0162811 0.0196154 0.0232792 0.0271256 0.031009 0.034735 0.0380191 0.0406474 0.0423425 0.0428792 0.0421204 0.0399613 0.0364352 0.0316735 0.0259337 0.0195248 0.0128693 0.00637198 0.000396987 -0.00466155 -0.00858172 -0.0111887 -0.0124415 -0.0124201 -0.0113134 -0.00932577 -0.00667422 -0.00364162 -0.000400635 0.00281858 0.0058697 0.00866405 0.0112044 0.0134655 0.0154314 0.0171615 0.0186616 0.0200011 0.0212038 0.0223324 0.0233401 0.0242701 0.0251566 0.0260234 0.0268404 0.027591 0.0283253 0.0290418 0.0297445 0.0303798 0.0310087 0.0316138 0.0322162 0.0327648 0.0333008 0.0338135 0.0343266 0.0348001 0.0352461 0.0356836 0.0361141 0.036512 0.0368773 0.0372485 0.0375955 0.0379205 0.0382148 0.0385166 0.0387831 0.0390405 0.0392647 0.039494 0.0396873 0.0398769 0.0400292 0.0401886 0.0403123 0.0404309 0.0405136 0.0406061 0.040659 0.0407069 0.040724 0.0407488 0.0407306 0.0407118 0.0406641 0.0406203 0.0405349 0.0404513 0.0403381 0.040229 0.04008 0.03993 0.0397554 0.0395852 0.0393729 0.0391575 0.0389298 0.0386979 0.0384243 0.0381495 0.0378735 0.037578 0.037253 0.0369224 0.0365984 0.0362471 0.0358815 0.0354943 0.0351276 0.0347367 0.0343363 0.0339023 0.0335021 0.0330919 0.032674 0.0322233 0.0318031 0.0314135 0.0310288 0.0306332 0.03027 0.0300086 0.0298089 0.0296962 0.0296948 0.0299015 0.0303152 0.0310002 0.0319552 0.0331704 0.0346341 0.036307 0.0380724 0.0397029 0.0410379 0.04181 0.0417948 0.0407712 0.0385655 0.0350471 0.0302253 0.0242507 0.0173082 0.00976787 0.00199347 -0.00560801 -0.0126265 -0.0187094 -0.0235928 -0.0271218 -0.0292138 -0.0299663 -0.0294856 -0.0279791 -0.0257211 -0.022927 -0.0198761 -0.016778 -0.0137915 -0.0110558 -0.00863856 -0.00656834 -0.00485517 -0.00348372 -0.00240388 -0.00160031 -0.00101725 -0.00060368 -0.000353003 -0.000192882 -0.000118482 -0.000110442 -0.000117606 -0.000170528 -0.00022376 -0.000278054 -0.000352888 -0.000401032 -0.000464912 
0 0.000140771 0.000273942 0.000435314 0.000594309 0.000784786 0.00100907 0.00126709 0.00160113 0.00200639 0.00253046 0.00319699 0.00404628 0.0051253 0.00646792 0.00814569 0.0101685 0.0126053 0.0154617 0.0187263 0.0224098 0.0263788 0.0305611 0.0347612 0.0387365 0.0422803 0.0450742 0.0468883 0.047497 0.0467284 0.0445043 0.0408659 0.0359413 0.0299771 0.0233629 0.0164393 0.00967356 0.00345647 -0.00188459 -0.00604003 -0.00886147 -0.0102896 -0.0104105 -0.00935501 -0.00736604 -0.00466246 -0.00147846 0.00193491 0.00536331 0.00864614 0.011721 0.014497 0.0169916 0.0191894 0.0210872 0.0227368 0.0242316 0.0255798 0.0267649 0.0278449 0.02885 0.0298142 0.0307114 0.0315514 0.0323409 0.0331132 0.033849 0.034552 0.0352177 0.0358515 0.0364698 0.0370679 0.037631 0.0381597 0.0386842 0.0391855 0.0396602 0.0401056 0.0405431 0.0409587 0.0413558 0.0417234 0.0420811 0.0424218 0.0427431 0.0430371 0.0433228 0.0435915 0.0438387 0.0440645 0.0442811 0.0444786 0.0446558 0.044816 0.0449639 0.0450929 0.0452036 0.0452982 0.0453792 0.0454424 0.0454877 0.0455174 0.0455341 0.0455328 0.0455134 0.0454799 0.0454346 0.045369 0.045286 0.0451921 0.045086 0.0449556 0.0448124 0.0446603 0.044493 0.0443 0.0441008 0.0438901 0.0436634 0.0434131 0.0431582 0.0428897 0.0426107 0.0423054 0.0419936 0.0416753 0.0413485 0.0409892 0.040628 0.0402672 0.039892 0.0394938 0.0390947 0.038694 0.0382848 0.0378735 0.0374522 0.037042 0.0366366 0.0362529 0.0358884 0.0355675 0.0352844 0.0351083 0.0350534 0.0351225 0.0353769 0.035891 0.0366749 0.0377162 0.0390499 0.0406173 0.0423602 0.0441273 0.0457465 0.0469711 0.0475718 0.047332 0.0460067 0.0434217 0.0394763 0.0342076 0.0277132 0.020296 0.0122585 0.0039744 -0.00409342 -0.0115803 -0.018094 -0.0233518 -0.0271813 -0.0295402 -0.0304536 -0.0300883 -0.0286567 -0.0263679 -0.0235462 -0.0203942 -0.0171654 -0.0140577 -0.01117 -0.00863161 -0.006448 -0.00464529 -0.00319851 -0.00207077 -0.00123296 -0.000622115 -0.000222227 3.7419e-05 0.00016994 0.000211832 0.000208972 0.000142688 7.35355e-05 -1.66773e-05 -0.000118541 -0.000197988 -0.000299388 -0.000376651 
0 0.000205529 0.000409514 0.000631582 0.000858438 0.0011175 0.00141048 0.00175085 0.00217448 0.00268125 0.00332577 0.00412765 0.0051253 0.00638167 0.00791716 0.00980924 0.0120839 0.014782 0.017942 0.0215313 0.0255372 0.0298549 0.0343494 0.038841 0.043084 0.0468303 0.0498004 0.0517365 0.0524095 0.0516562 0.0493926 0.0456598 0.0406038 0.0344995 0.0277067 0.02061 0.0136563 0.00720933 0.00164334 -0.0027456 -0.00579469 -0.00741567 -0.00767639 -0.00674383 -0.00481619 -0.00210009 0.00113109 0.00467623 0.00829248 0.0117825 0.0150607 0.0180604 0.0207629 0.0231483 0.0252343 0.0270381 0.0286378 0.0300499 0.0313322 0.0324916 0.033529 0.0344974 0.0354252 0.0362919 0.0370867 0.0378577 0.0385823 0.0392862 0.0399448 0.040571 0.0411643 0.0417536 0.0422948 0.0428118 0.0433142 0.0437936 0.0442423 0.0446773 0.0450918 0.0454772 0.0458568 0.0462098 0.0465433 0.0468572 0.0471673 0.0474406 0.0477091 0.0479563 0.0481938 0.0484006 0.0486091 0.0487872 0.0489593 0.049108 0.049253 0.049366 0.0494813 0.0495706 0.0496519 0.0497082 0.0497675 0.0497949 0.0498186 0.0498216 0.0498214 0.0497898 0.0497617 0.0497081 0.0496477 0.0495642 0.049483 0.0493687 0.0492546 0.0491218 0.0489806 0.0488106 0.0486483 0.0484602 0.0482595 0.0480444 0.0478272 0.0475823 0.047334 0.0470721 0.0467915 0.0465056 0.0462119 0.0458939 0.0455627 0.0452447 0.0448971 0.0445384 0.0441703 0.04381 0.0434343 0.0430622 0.0426595 0.0422837 0.0419367 0.0415897 0.0412411 0.0409583 0.0407599 0.0406494 0.0406578 0.0408041 0.0411799 0.0418136 0.042729 0.0439152 0.0453647 0.0470165 0.0488272 0.0506261 0.0521805 0.0532904 0.0536916 0.0531653 0.0515108 0.0485557 0.0441914 0.0384765 0.0315384 0.0236477 0.0151619 0.00644873 -0.00204726 -0.00993253 -0.0168258 -0.022436 -0.0265813 -0.0291913 -0.0303156 -0.0300969 -0.0287434 -0.0265063 -0.0236667 -0.0204681 -0.0171711 -0.0139556 -0.0109669 -0.0083205 -0.00603463 -0.0041536 -0.00264601 -0.0014779 -0.000625165 -1.58474e-05 0.000373946 0.000600992 0.000705294 0.000710602 0.000659898 0.00056261 0.000442205 0.000310726 0.000172555 3.90573e-05 -9.12112e-05 -0.000212498 
0 0.000283843 0.000572371 0.000877662 0.00119875 0.0015553 0.00195092 0.00240282 0.0029399 0.00357141 0.00434968 0.00530102 0.00646792 0.00791716 0.00967266 0.0118067 0.0143567 0.0173505 0.0208266 0.0247485 0.0290846 0.0337352 0.0385399 0.0433154 0.047807 0.0517499 0.0548726 0.0569066 0.0576338 0.0568923 0.0546076 0.0508269 0.0456978 0.0395055 0.0325992 0.0253744 0.0182687 0.0116478 0.00588868 0.00128254 -0.00199509 -0.00385095 -0.00432706 -0.00357383 -0.00176631 0.000889676 0.00412055 0.0077223 0.01144 0.0150825 0.0185452 0.0217388 0.0246222 0.027173 0.0293993 0.0313247 0.0330304 0.0345155 0.0358367 0.0370166 0.0380753 0.0390524 0.0399671 0.0408065 0.0415832 0.0423354 0.0430248 0.0436883 0.0443145 0.0449086 0.0454612 0.0460076 0.0465082 0.0469911 0.0474549 0.0478883 0.0482962 0.0487009 0.0490769 0.0494175 0.0497629 0.0500871 0.0503838 0.0506606 0.0509424 0.0511882 0.0514271 0.0516456 0.051859 0.052045 0.0522331 0.0523885 0.0525446 0.0526826 0.0528138 0.0529122 0.0530236 0.0531108 0.0531846 0.0532386 0.0533061 0.0533375 0.0533632 0.053378 0.0533946 0.0533737 0.0533603 0.0533299 0.053293 0.0532301 0.0531751 0.0530917 0.0530097 0.0529079 0.0528 0.0526689 0.0525491 0.052398 0.0522361 0.0520708 0.0519029 0.0516983 0.0514971 0.0512938 0.0510654 0.0508263 0.0505869 0.050331 0.0500579 0.0497944 0.0495019 0.049209 0.0489094 0.0486063 0.0482838 0.0479823 0.0476581 0.0473448 0.0470536 0.0467779 0.0465226 0.0463294 0.0462121 0.0461937 0.0463279 0.0466175 0.0471429 0.0479306 0.0490002 0.0503438 0.051944 0.053718 0.0555899 0.0573869 0.0588661 0.0598325 0.0600226 0.0592181 0.0572282 0.0538911 0.0491232 0.0429945 0.0356556 0.0273736 0.0185105 0.00942933 0.000565777 -0.00767562 -0.0149159 -0.0208475 -0.0252869 -0.0281523 -0.0294947 -0.0294529 -0.0282258 -0.0260739 -0.0232629 -0.0200525 -0.0167076 -0.0134175 -0.0103507 -0.00762297 -0.00527086 -0.00333626 -0.00179166 -0.000604686 0.000254316 0.000852476 0.00122309 0.00141485 0.00147639 0.00143159 0.0013193 0.00116513 0.000980163 0.000788949 0.000597117 0.000406697 0.000233099 6.58554e-05 
0 0.000399967 0.000798751 0.0012208 0.00165419 0.00212498 0.00264377 0.00322341 0.0038996 0.00468813 0.00563467 0.00676975 0.00814569 0.00980924 0.0118067 0.0142088 0.0170348 0.0203499 0.0241485 0.0284047 0.0330972 0.0380604 0.0431774 0.0482243 0.0529256 0.0570595 0.060306 0.0624259 0.0632056 0.0624755 0.0601731 0.0563581 0.0511889 0.0449275 0.0379724 0.0306662 0.0234456 0.0167013 0.0107541 0.00593129 0.00240991 0.000297474 -0.000453302 7.14749e-05 0.0016856 0.00417675 0.00733814 0.0109115 0.014666 0.0183935 0.0219937 0.0253137 0.0283291 0.0310217 0.0333591 0.0353815 0.037146 0.0386876 0.0400102 0.0411962 0.0422449 0.0432061 0.0440691 0.0448599 0.0456013 0.046301 0.0469359 0.0475273 0.048109 0.0486387 0.0491419 0.0496099 0.0500624 0.0504825 0.0508967 0.0512586 0.0516161 0.051966 0.0522908 0.0525732 0.052867 0.0531477 0.0533939 0.0536269 0.0538589 0.0540737 0.0542666 0.0544544 0.0546241 0.0547922 0.0549414 0.0550785 0.0552011 0.0553343 0.0554352 0.0555283 0.0556196 0.0557136 0.0557672 0.0558307 0.0558919 0.0559404 0.0559583 0.0559982 0.056021 0.0560276 0.0560207 0.0560294 0.0560103 0.0559856 0.055952 0.0559192 0.0558669 0.0558132 0.0557414 0.0556695 0.055593 0.0554973 0.0553859 0.0552858 0.0551767 0.055031 0.0548947 0.0547606 0.0546076 0.0544278 0.0542673 0.054084 0.0539009 0.0536993 0.0534961 0.0532786 0.0530805 0.0528518 0.0526183 0.0523988 0.0521856 0.0519695 0.0517639 0.0515922 0.0514587 0.0514001 0.0513956 0.0515319 0.0518271 0.0523084 0.0530138 0.0540168 0.0552906 0.0568198 0.0585977 0.0605083 0.0624513 0.0642367 0.0656647 0.0664643 0.0664284 0.0653411 0.0630092 0.0593048 0.0541722 0.0476871 0.0399847 0.0313923 0.0222129 0.0128335 0.00369488 -0.00483537 -0.0123588 -0.018573 -0.0232805 -0.0264132 -0.0279748 -0.0281274 -0.0270668 -0.0250093 -0.0222805 -0.0190966 -0.0157357 -0.0124246 -0.00929769 -0.00651323 -0.00411208 -0.00212923 -0.000558853 0.000633784 0.00148555 0.00205487 0.00237714 0.00252191 0.00251494 0.00240252 0.00222824 0.0019909 0.00174485 0.00148071 0.0012128 0.000969505 0.000719145 0.000499464 
0 0.000536891 0.00108274 0.00164172 0.002227 0.0028491 0.00352377 0.00426934 0.00511546 0.00608679 0.00722284 0.00857364 0.0101685 0.0120839 0.0143567 0.0170348 0.0201948 0.0238197 0.0279595 0.0325792 0.0375775 0.0428883 0.0482813 0.0535626 0.0584857 0.0627431 0.0660994 0.0682795 0.0690797 0.0683469 0.0660413 0.0621989 0.0569978 0.0507412 0.0437259 0.0363902 0.0290996 0.0222214 0.0161203 0.0110725 0.00728245 0.00484712 0.00379941 0.00399455 0.00532708 0.00760135 0.0105736 0.0140334 0.0177478 0.0215143 0.025144 0.0285686 0.031676 0.034444 0.0368691 0.0389793 0.0407776 0.0422954 0.0436326 0.0448022 0.0458205 0.0466961 0.0475044 0.0482313 0.0489071 0.049517 0.0500729 0.0505903 0.0510852 0.0515456 0.0519615 0.0523569 0.0527219 0.0530844 0.0534106 0.05371 0.0539872 0.0542807 0.0545305 0.054758 0.0549805 0.0552089 0.0553975 0.0555779 0.0557535 0.0559238 0.0560735 0.0562137 0.0563456 0.0564771 0.0565964 0.0566965 0.0567989 0.0569042 0.0569904 0.0570598 0.0571462 0.057224 0.0572787 0.0573325 0.0574036 0.0574502 0.0574838 0.0575287 0.0575764 0.057596 0.0576177 0.0576484 0.0576679 0.0576701 0.0576777 0.0576856 0.0576819 0.0576697 0.0576518 0.0576385 0.0576165 0.0575807 0.0575336 0.0575068 0.0574594 0.0573939 0.0573259 0.0572813 0.057201 0.0571152 0.0570281 0.0569531 0.0568522 0.0567529 0.0566412 0.0565404 0.0564346 0.0563201 0.0562049 0.0560989 0.0560003 0.0559076 0.0558559 0.0558123 0.0558226 0.0559119 0.0561227 0.0564357 0.056925 0.0576369 0.0586049 0.0598379 0.0613472 0.0631301 0.0650828 0.067145 0.0691684 0.0709708 0.0722983 0.0729596 0.0727029 0.0713158 0.0686766 0.064639 0.0591865 0.0523862 0.0444398 0.0355813 0.0261841 0.016619 0.00725247 -0.00147001 -0.00921756 -0.0156705 -0.0206248 -0.0239844 -0.0257884 -0.0261457 -0.0252407 -0.0233531 -0.0206924 -0.0175745 -0.0142427 -0.010895 -0.00776226 -0.00492598 -0.00249023 -0.000491605 0.00109446 0.00227333 0.00310175 0.00362709 0.00390269 0.00397444 0.00389739 0.00370716 0.00343376 0.00312405 0.00277602 0.00242665 0.00208524 0.00174342 0.00143707 0.00113912 
0 0.000711652 0.00143534 0.00217007 0.00293932 0.00374577 0.00460931 0.00555803 0.00660246 0.00779425 0.00915824 0.0107405 0.0126053 0.014782 0.0173505 0.0203499 0.0238197 0.0278061 0.0322878 0.0372458 0.0425892 0.0481818 0.0538459 0.0593445 0.0644225 0.0687997 0.0722164 0.0744139 0.0752011 0.0744486 0.0721007 0.068243 0.0630428 0.0567637 0.0497577 0.0423892 0.0350232 0.028051 0.0217874 0.016504 0.0124279 0.0096465 0.00818429 0.0080033 0.00897539 0.010916 0.0136396 0.0168978 0.0204649 0.0241565 0.0278003 0.0312495 0.0344003 0.0372241 0.0396917 0.0418208 0.0436368 0.0451833 0.0464708 0.0475666 0.0485292 0.0493643 0.0500751 0.0506977 0.0512814 0.051807 0.0522736 0.0526818 0.053081 0.0534503 0.0537849 0.0540738 0.0543588 0.0546312 0.0548786 0.0550898 0.0552956 0.0555035 0.0556854 0.0558423 0.0559945 0.0561541 0.0562859 0.0564069 0.0565203 0.0566425 0.0567409 0.0568359 0.0569204 0.0570188 0.0570947 0.0571689 0.0572373 0.0573219 0.0573795 0.0574413 0.0575047 0.0575776 0.0576216 0.0576817 0.0577432 0.0578037 0.0578423 0.057906 0.0579618 0.0580128 0.0580524 0.0581168 0.0581641 0.0582102 0.0582501 0.0583096 0.0583499 0.0583909 0.0584258 0.0584785 0.058513 0.0585432 0.0585708 0.0586165 0.0586425 0.0586581 0.0586798 0.0587151 0.0587327 0.0587354 0.0587499 0.0587738 0.0587898 0.0587827 0.0587904 0.05881 0.0588346 0.0588318 0.0588431 0.0588775 0.0589424 0.0589946 0.0590647 0.0592012 0.0594268 0.0597143 0.060095 0.0606483 0.0614077 0.0624002 0.0636401 0.0651601 0.0669427 0.0689695 0.0711634 0.0734017 0.0755016 0.07729 0.0785603 0.0790594 0.0785891 0.0769617 0.0740162 0.0696798 0.0639673 0.0569387 0.0487978 0.0398131 0.0302875 0.0206022 0.0111403 0.00227742 -0.00561513 -0.0122352 -0.017388 -0.0209608 -0.0229753 -0.0235391 -0.0228292 -0.0210776 -0.0185416 -0.0154945 -0.0121842 -0.00886041 -0.00570024 -0.00284701 -0.000398275 0.00162548 0.00320097 0.00436705 0.00516513 0.00563615 0.00584863 0.00584398 0.00567531 0.00538883 0.00501839 0.0045972 0.00415241 0.00369996 0.00325496 0.00283091 0.00242629 0.00205266 
0 0.000930326 0.00186981 0.00282417 0.00380952 0.00483568 0.00592377 0.00709955 0.00838464 0.00982501 0.0114501 0.0133108 0.0154617 0.017942 0.0208266 0.0241485 0.0279595 0.0322878 0.0371119 0.0424082 0.0480595 0.0539356 0.0598317 0.0655003 0.0706988 0.0751304 0.0785564 0.080732 0.0814678 0.080657 0.0782574 0.0743539 0.0691282 0.062845 0.0558305 0.0484502 0.0410395 0.0339651 0.0275322 0.0219995 0.0175948 0.0144138 0.0125207 0.0118843 0.0124053 0.0139343 0.0162903 0.0192439 0.0226012 0.0261632 0.0297153 0.03313 0.0362731 0.0390984 0.0415912 0.0437496 0.0455514 0.0470492 0.0482964 0.0493508 0.0502483 0.050976 0.0515864 0.0521229 0.0526104 0.0530199 0.0533828 0.0536902 0.0539848 0.0542559 0.0544904 0.0546822 0.0548744 0.0550575 0.0552101 0.0553428 0.0554652 0.0555888 0.0556931 0.0557852 0.0558601 0.0559505 0.0560213 0.0560837 0.0561348 0.0562051 0.0562522 0.0563002 0.0563422 0.0563995 0.0564363 0.0564817 0.0565224 0.0565758 0.0566134 0.056663 0.0567091 0.0567666 0.0568115 0.0568709 0.0569273 0.0569937 0.0570493 0.0571221 0.057191 0.0572682 0.0573357 0.0574234 0.0575046 0.0575916 0.0576703 0.0577734 0.0578638 0.0579571 0.0580478 0.0581636 0.0582576 0.0583566 0.0584596 0.0585804 0.058678 0.0587845 0.0588937 0.0590158 0.059126 0.059235 0.0593467 0.0594786 0.0596057 0.0597145 0.0598422 0.0599885 0.0601359 0.0602729 0.0604353 0.060607 0.0608187 0.061047 0.0613073 0.0616206 0.0620385 0.062552 0.0631999 0.0640169 0.0650462 0.0663467 0.067916 0.0697517 0.0718454 0.0741617 0.0765759 0.0789829 0.081183 0.0829829 0.0841797 0.0845389 0.0838588 0.0819806 0.0787837 0.0742119 0.0683049 0.061129 0.0528946 0.0438494 0.0343011 0.024617 0.0151471 0.00626407 -0.00168692 -0.00841576 -0.013714 -0.017459 -0.0196666 -0.0204132 -0.019874 -0.0182772 -0.015854 -0.0128954 -0.00963542 -0.0063235 -0.0031596 -0.000281416 0.00219166 0.00422944 0.00580874 0.00695444 0.00771349 0.00812785 0.00826366 0.00817221 0.00790551 0.00751214 0.00703242 0.00649613 0.00593676 0.00537081 0.00481386 0.00428455 0.00377849 0.00331196 
