0 0 0 0 0 0 0 0 0 0 0 0 0 0 0 0 0 0 0 0 0 0 0 0 0 0 0 0 0 0 0 0 0 0 0 0 0 0 0 0 0 0 0 0 0 0 0 0 0 0 0 0 0 0 0 0 0 0 0 0 0 0 0 0 0 0 0 0 0 0 0 0 0 0 0 0 0 0 0 0 0 0 0 0 0 0 0 0 0 0 0 0 0 0 0 0 0 0 0 0 0 0 0 0 0 0 0 0 0 0 0 0 0 0 0 0 0 0 0 0 0 0 0 0 0 0 0 0 0 0 0 0 0 0 0 0 0 0 0 0 0 0 0 0 0 0 0 0 0 0 0 0 0 0 0 0 0 0 0 0 0 0 0 0 0 0 0 0 0 0 0 0 0 0 0 0 0 0 0 0 0 0 0 0 0 0 0 0 0 0 0 0 0 0 0 0 0 0 0 0 
0 0.00126159 0.0024563 0.00355089 0.00448307 0.00523063 0.00578036 0.00611111 0.00625401 0.00621264 0.00602408 0.00574427 0.00540182 0.00507514 0.00479467 0.00459075 0.00449108 0.00447003 0.00453343 0.00465489 0.0048063 0.00496801 0.00510244 0.00518145 0.00520063 0.00515252 0.00503424 0.00486963 0.00462839 0.0043425 0.00401984 0.00365647 0.00329359 0.00289327 0.00248084 0.00205568 0.00162591 0.00119794 0.00076486 0.000334229 -0.000100696 -0.000507174 -0.000915632 -0.00131287 -0.00170486 -0.00207727 -0.00243232 -0.00276954 -0.00309033 -0.00341313 -0.00369154 -0.00397046 -0.00423597 -0.00448277 -0.00470485 -0.00492274 -0.00511963 -0.00531189 -0.00549945 -0.00565053 -0.00580527 -0.00595011 -0.00608924 -0.00620378 -0.00632936 -0.0064383 -0.00653931 -0.00661999 -0.00671879 -0.00681272 -0.00687785 -0.00693876 -0.00701557 -0.00708524 -0.00712997 -0.00718456 -0.00723232 -0.00728373 -0.00731741 -0.00735767 -0.00738878 -0.00742751 -0.00744438 -0.0074768 -0.00749877 -0.00751853 -0.00752933 -0.0075576 -0.00756314 -0.00757395 -0.00758719 -0.00760069 -0.00759654 -0.00761064 -0.0076166 -0.00761624 -0.00761654 -0.00762814 -0.00762087 -0.0076207 -0.00762445 -0.0076236 -0.00761227 -0.00761806 -0.00761256 -0.00760283 -0.00759683 -0.00759824 -0.00757879 -0.00757228 -0.00756459 -0.00755132 -0.00752796 -0.00752373 -0.00749952 -0.00747802 -0.00745459 -0.00743739 -0.00739786 -0.00737365 -0.00733821 -0.0073059 -0.00725605 -0.00721595 -0.00716924 -0.00712574 -0.00705411 -0.00699388 -0.00694127 -0.00687317 -0.00678353 -0.00670409 -0.00662759 -0.00653153 -0.00643189 -0.00632178 -0.00621658 -0.00608438 -0.00595612 -0.0058222 -0.00568072 -0.00550092 -0.00533633 -0.005158 -0.00495967 -0.00475211 -0.00452723 -0.00428675 -0.00403356 -0.00376754 -0.00346709 -0.00317668 -0.00285568 -0.00251564 -0.0021507 -0.00177864 -0.00139163 -0.000984665 -0.000565119 -0.000118531 0.000325258 0.000787301 0.0012601 0.00175265 0.00223803 0.00273364 0.00323276 0.00373299 0.00426155 0.00477019 0.00529393 0.00582383 0.00636298 0.00693333 0.0075139 0.00811131 0.00872754 0.00935559 0.00997768 0.0105805 0.0111098 0.0115483 0.011867 0.0120269 0.0120387 0.011864 0.0115244 0.0110427 0.0104376 0.00978236 0.00909953 0.00844145 0.00784406 0.00731244 0.00687956 0.00653252 0.00626946 0.00608562 0.00594764 0.00585814 
0 0.0024563 0.00481576 0.00692496 0.00875864 0.0101994 0.0112399 0.0118839 0.012107 0.0120115 0.0116106 0.0110202 0.0103456 0.00966189 0.00910159 0.00868635 0.00846648 0.00842919 0.00854506 0.00878869 0.00909799 0.00943076 0.00970221 0.00988536 0.00993202 0.00984776 0.00965272 0.00932121 0.0088918 0.00835072 0.00772692 0.00705894 0.00634216 0.00557882 0.00478573 0.00396527 0.00313614 0.00233062 0.00149363 0.000660173 -0.000154732 -0.000969375 -0.00173929 -0.00249977 -0.00325452 -0.00395985 -0.00463085 -0.00529113 -0.00591777 -0.00651595 -0.00707793 -0.00759209 -0.00809459 -0.00857697 -0.00902183 -0.00942989 -0.00982155 -0.0101996 -0.0105315 -0.0108421 -0.0111569 -0.0114465 -0.011697 -0.0119444 -0.0121705 -0.0123837 -0.0125994 -0.0127848 -0.0129481 -0.0131137 -0.0132737 -0.0134142 -0.0135525 -0.0136659 -0.0137798 -0.013892 -0.0139935 -0.0140756 -0.0141604 -0.0142347 -0.0143102 -0.0143726 -0.0144218 -0.0144772 -0.0145331 -0.0145641 -0.0145976 -0.0146451 -0.014667 -0.0146837 -0.0147168 -0.0147388 -0.0147392 -0.0147625 -0.0147788 -0.0147768 -0.0147816 -0.0148005 -0.0147907 -0.0147885 -0.0147971 -0.014793 -0.0147744 -0.014781 -0.0147722 -0.0147503 -0.0147405 -0.0147366 -0.0147032 -0.0146835 -0.0146712 -0.0146373 -0.0145975 -0.0145776 -0.0145376 -0.0144838 -0.0144437 -0.0143965 -0.0143321 -0.0142683 -0.0142028 -0.0141242 -0.0140468 -0.0139538 -0.0138554 -0.0137499 -0.0136413 -0.0135206 -0.013392 -0.0132343 -0.0130913 -0.0129488 -0.0127671 -0.012564 -0.0123785 -0.0121734 -0.0119463 -0.0117092 -0.0114431 -0.0111674 -0.0108822 -0.0105683 -0.0102283 -0.0098795 -0.00949972 -0.00908406 -0.00864261 -0.00819488 -0.00771696 -0.00717927 -0.00662407 -0.00604427 -0.00542293 -0.00477681 -0.00408824 -0.00336073 -0.00262613 -0.00184441 -0.00100766 -0.000171651 0.000698533 0.00158643 0.00249215 0.00344512 0.00439888 0.00535541 0.00632975 0.00732053 0.00831877 0.00933319 0.0103416 0.0113715 0.0124495 0.0135549 0.0147118 0.0158923 0.0171077 0.0183494 0.0195876 0.0207741 0.0218324 0.0227165 0.0233394 0.0236893 0.023704 0.0233684 0.0227174 0.0217458 0.0205858 0.019286 0.0179521 0.0166888 0.0155049 0.0145055 0.0136632 0.0130012 0.012525 0.0121611 0.0119367 0.0117731 
0 0.00355089 0.00692496 0.00998765 0.0125881 0.0146459 0.0161187 0.0169693 0.0172568 0.0170231 0.0163675 0.0154438 0.0143664 0.0133289 0.0124459 0.0118017 0.011464 0.0113873 0.011564 0.0119286 0.0123988 0.0129068 0.0133483 0.0136451 0.0137706 0.0137064 0.0134514 0.0130446 0.012441 0.0116999 0.0108488 0.00989727 0.00892021 0.00785636 0.00675168 0.0056121 0.00446083 0.00331392 0.00215305 0.00099569 -0.000162957 -0.00126465 -0.00235587 -0.00342274 -0.00447305 -0.00547253 -0.00642605 -0.0073364 -0.00820665 -0.00906666 -0.00983264 -0.0105824 -0.0113007 -0.0119739 -0.0125878 -0.0131799 -0.013727 -0.0142584 -0.0147667 -0.0152003 -0.0156345 -0.0160442 -0.0164323 -0.0167711 -0.0171218 -0.0174388 -0.017735 -0.0179862 -0.0182648 -0.0185327 -0.0187415 -0.0189356 -0.0191564 -0.0193583 -0.0195107 -0.0196758 -0.0198261 -0.0199769 -0.0200926 -0.020215 -0.0203204 -0.0204332 -0.0205028 -0.0205987 -0.0206745 -0.0207385 -0.0207862 -0.0208649 -0.0208971 -0.0209351 -0.0209798 -0.0210203 -0.0210246 -0.0210632 -0.0210854 -0.0210907 -0.0210977 -0.0211251 -0.0211133 -0.0211133 -0.0211215 -0.0211171 -0.0210909 -0.0210975 -0.0210805 -0.0210515 -0.0210307 -0.0210217 -0.0209695 -0.0209405 -0.0209101 -0.020863 -0.020796 -0.0207642 -0.0206921 -0.0206191 -0.0205443 -0.0204765 -0.0203636 -0.0202753 -0.0201661 -0.0200556 -0.0199112 -0.0197799 -0.0196342 -0.0194872 -0.0192863 -0.0191023 -0.0189284 -0.0187165 -0.0184636 -0.0182276 -0.017988 -0.0177046 -0.0174128 -0.0170976 -0.0167816 -0.0164114 -0.0160404 -0.0156548 -0.015246 -0.014759 -0.0142896 -0.0137905 -0.0132434 -0.0126657 -0.0120459 -0.01139 -0.0106985 -0.00996395 -0.00915701 -0.00835562 -0.00748434 -0.00656076 -0.00557627 -0.00456363 -0.00351374 -0.00240996 -0.00126167 -5.50679e-05 0.00116045 0.00242098 0.00371665 0.00506341 0.00640676 0.00777395 0.00915872 0.0105604 0.0120224 0.0134616 0.0149356 0.0164393 0.0179873 0.0196191 0.0213001 0.0230374 0.024835 0.0266724 0.0285019 0.0302673 0.0318353 0.033139 0.0340886 0.0345942 0.0346486 0.0341776 0.0332279 0.0318604 0.0301595 0.0283001 0.0263796 0.0245388 0.0228721 0.0214209 0.0202491 0.0193393 0.0186784 0.0182377 0.0179469 0.0177825 
0 0.00448307 0.00875864 0.0125881 0.0158495 0.0183869 0.0201514 0.0211361 0.0213534 0.0209279 0.0199545 0.0186289 0.0171462 0.0156948 0.0144754 0.0135788 0.0130808 0.0129621 0.0131788 0.013663 0.014307 0.0150121 0.0156384 0.0161054 0.0163434 0.016343 0.0161208 0.0156668 0.0150067 0.0141519 0.0131471 0.012042 0.0108583 0.00958974 0.00826231 0.00689101 0.00550439 0.00413523 0.00273569 0.00133626 -4.4192e-05 -0.00140086 -0.0027086 -0.00399546 -0.00526212 -0.00646486 -0.00761117 -0.00872581 -0.00979438 -0.0108207 -0.0117788 -0.0126782 -0.0135493 -0.014381 -0.0151556 -0.0158784 -0.0165687 -0.0172328 -0.0178416 -0.0184048 -0.018964 -0.01949 -0.0199676 -0.0204214 -0.0208533 -0.0212635 -0.02166 -0.0220154 -0.0223505 -0.0226798 -0.022983 -0.0232628 -0.0235384 -0.0237841 -0.0240115 -0.0242358 -0.0244429 -0.0246281 -0.0248008 -0.0249623 -0.0251178 -0.0252568 -0.0253714 -0.0254928 -0.0256071 -0.0256915 -0.0257728 -0.0258674 -0.0259283 -0.0259806 -0.0260471 -0.0260981 -0.026122 -0.0261673 -0.0262027 -0.0262138 -0.0262305 -0.0262583 -0.0262535 -0.0262523 -0.0262618 -0.0262528 -0.0262268 -0.0262238 -0.0262025 -0.0261625 -0.0261341 -0.0261078 -0.0260467 -0.025997 -0.0259524 -0.0258802 -0.0257975 -0.0257341 -0.0256432 -0.0255342 -0.0254347 -0.0253259 -0.0251884 -0.0250509 -0.0249056 -0.0247429 -0.0245677 -0.0243779 -0.0241754 -0.0239607 -0.0237256 -0.0234792 -0.0232198 -0.0229234 -0.022623 -0.0223218 -0.021978 -0.0215998 -0.021226 -0.0208283 -0.0204014 -0.0199447 -0.0194556 -0.0189495 -0.0184198 -0.0178385 -0.01723 -0.0165982 -0.0159176 -0.0151841 -0.0144114 -0.0136128 -0.012766 -0.0118418 -0.010871 -0.00986577 -0.00879663 -0.00767303 -0.00648143 -0.00523716 -0.00395902 -0.00260972 -0.00118293 0.000274713 0.00177691 0.00332055 0.00490987 0.00656772 0.00824094 0.00993451 0.0116618 0.0134272 0.0152301 0.0170587 0.0189096 0.0208149 0.0228097 0.0248909 0.0270708 0.0293256 0.0316624 0.0340595 0.0364564 0.0387603 0.0408303 0.0425598 0.0438156 0.044527 0.0446159 0.0440438 0.0428558 0.0411028 0.0389641 0.0365909 0.0341643 0.0318591 0.0297589 0.0279857 0.0265502 0.0254702 0.0247291 0.0242416 0.0239842 0.0238627 
0 0.00523063 0.0101994 0.0146459 0.0183869 0.0212609 0.0231931 0.024173 0.0242389 0.0235133 0.022146 0.0203599 0.0183969 0.0165004 0.0148941 0.013713 0.0130357 0.0128507 0.013103 0.0137048 0.0145294 0.0154449 0.0162978 0.0169727 0.0173959 0.0175424 0.0174192 0.0170288 0.0163842 0.0155136 0.0144661 0.0132934 0.0120275 0.0106687 0.00923602 0.00775384 0.00625224 0.00475181 0.00323187 0.00170691 0.00019821 -0.00127707 -0.00271314 -0.00412803 -0.00551683 -0.00684831 -0.00812123 -0.00934987 -0.010536 -0.0116769 -0.0127485 -0.0137663 -0.0147499 -0.0156858 -0.0165623 -0.0173889 -0.0181796 -0.0189414 -0.0196541 -0.0203154 -0.0209576 -0.0215719 -0.0221443 -0.0226844 -0.0232036 -0.0236988 -0.0241652 -0.0245954 -0.0250146 -0.0254201 -0.0257866 -0.0261288 -0.026469 -0.0267841 -0.0270694 -0.0273437 -0.0276041 -0.0278449 -0.0280649 -0.0282714 -0.0284687 -0.0286485 -0.0288046 -0.0289605 -0.0291054 -0.0292244 -0.0293366 -0.0294526 -0.029541 -0.0296184 -0.0297017 -0.0297695 -0.0298153 -0.0298707 -0.0299165 -0.029941 -0.0299664 -0.0299946 -0.0299981 -0.0299994 -0.0300053 -0.029994 -0.0299689 -0.0299545 -0.0299249 -0.0298781 -0.0298364 -0.0297911 -0.029719 -0.0296499 -0.0295807 -0.0294876 -0.0293833 -0.0292872 -0.0291678 -0.0290304 -0.0288946 -0.0287472 -0.0285731 -0.0283941 -0.0282054 -0.0279966 -0.0277686 -0.0275293 -0.0272772 -0.0270042 -0.0267036 -0.0263946 -0.0260749 -0.0257174 -0.0253378 -0.0249539 -0.0245416 -0.0240932 -0.0236306 -0.0231459 -0.0226315 -0.0220818 -0.0215057 -0.0209103 -0.0202786 -0.019594 -0.0188844 -0.0181479 -0.0173615 -0.0165225 -0.0156393 -0.0147187 -0.0137475 -0.0127058 -0.0116094 -0.0104741 -0.00927449 -0.00800482 -0.0066655 -0.00527293 -0.00383341 -0.00232223 -0.000733742 0.000906038 0.00259264 0.00433144 0.00613187 0.00799763 0.00989408 0.0118215 0.0137926 0.0158186 0.0179005 0.0200222 0.0221908 0.0244377 0.0267965 0.029281 0.0318919 0.0346172 0.0374556 0.0403749 0.0433026 0.0461183 0.0486618 0.0507899 0.0523566 0.0532586 0.0534127 0.0527777 0.0513936 0.049352 0.0468377 0.0440543 0.0412163 0.03852 0.0360995 0.0340676 0.0324637 0.0312982 0.0305383 0.0301056 0.0299357 0.0299419 
0 0.00578036 0.0112399 0.0161187 0.0201514 0.0231931 0.0251423 0.0259764 0.0257775 0.024647 0.0228043 0.0204929 0.0179915 0.0156078 0.0135701 0.0120668 0.0111772 0.0108984 0.0111719 0.0118865 0.0129013 0.0140474 0.0151662 0.0161001 0.0167776 0.0171538 0.0172163 0.0169949 0.0164723 0.0157045 0.0147382 0.013615 0.0123884 0.0110573 0.00964004 0.00816917 0.00667626 0.00516096 0.00364073 0.00210707 0.000576369 -0.000908697 -0.00237665 -0.0038193 -0.0052306 -0.00659913 -0.00791673 -0.00918257 -0.0104144 -0.0116051 -0.0127245 -0.0138049 -0.0148452 -0.0158387 -0.0167768 -0.0176755 -0.0185324 -0.0193552 -0.0201446 -0.0208816 -0.0215885 -0.0222714 -0.0229238 -0.0235288 -0.0241211 -0.0246884 -0.0252169 -0.0257126 -0.0262032 -0.0266714 -0.0270961 -0.0274992 -0.0278943 -0.0282712 -0.028609 -0.0289331 -0.0292419 -0.0295359 -0.0297987 -0.0300521 -0.0302874 -0.0305087 -0.0307058 -0.0308973 -0.0310699 -0.0312278 -0.0313709 -0.031508 -0.0316249 -0.0317315 -0.0318297 -0.031916 -0.0319866 -0.0320525 -0.0321079 -0.0321491 -0.0321835 -0.0322109 -0.0322246 -0.0322297 -0.0322299 -0.0322169 -0.0321939 -0.0321661 -0.0321269 -0.032075 -0.0320177 -0.0319511 -0.0318686 -0.0317797 -0.0316816 -0.0315687 -0.031442 -0.0313108 -0.0311607 -0.0309975 -0.0308218 -0.0306364 -0.0304257 -0.0302065 -0.0299715 -0.0297214 -0.0294415 -0.0291551 -0.0288518 -0.0285272 -0.0281672 -0.0278011 -0.0274198 -0.0270093 -0.0265615 -0.0261032 -0.0256295 -0.0251186 -0.0245769 -0.0240181 -0.0234344 -0.0228032 -0.0221552 -0.021483 -0.0207697 -0.0200057 -0.0192238 -0.018405 -0.0175383 -0.0166267 -0.015671 -0.0146703 -0.0136194 -0.0125147 -0.0113418 -0.0101327 -0.00886384 -0.00751778 -0.00610636 -0.00464624 -0.00312186 -0.00152851 0.000131098 0.00186825 0.00364388 0.00548321 0.00739846 0.00937277 0.0113971 0.0134682 0.0155923 0.0177845 0.0200574 0.0223795 0.0247867 0.0273008 0.0299504 0.032777 0.035757 0.0389006 0.0421905 0.0455839 0.0489962 0.0522838 0.0552702 0.0577749 0.0596485 0.0607415 0.0609803 0.0603152 0.0587794 0.0565177 0.0536982 0.0505917 0.0474323 0.0444318 0.0417868 0.0395792 0.0378944 0.0367231 0.0360127 0.0357066 0.0356789 0.0358724 
0 0.00611111 0.0118839 0.0169693 0.0211361 0.024173 0.0259764 0.0265548 0.0259427 0.0243265 0.0219228 0.0190062 0.015935 0.0129978 0.0104982 0.00863528 0.00749012 0.00709872 0.0073713 0.00819124 0.00940323 0.0108065 0.0122147 0.0134787 0.0144723 0.0151542 0.0155204 0.0155384 0.0152735 0.014723 0.0139455 0.0130187 0.0119322 0.0107534 0.00947429 0.00813469 0.00675786 0.00536259 0.00394521 0.00250565 0.00108618 -0.000342253 -0.00173055 -0.00310678 -0.00445727 -0.00577551 -0.00704615 -0.00829111 -0.00950945 -0.010661 -0.0118009 -0.0128722 -0.0139127 -0.0149213 -0.0158974 -0.0168137 -0.0177141 -0.0185759 -0.0193824 -0.0201811 -0.0209406 -0.0216761 -0.0223623 -0.023041 -0.0236698 -0.0242865 -0.0248713 -0.0254482 -0.0259679 -0.0264653 -0.0269618 -0.0274345 -0.0278635 -0.0282681 -0.0286726 -0.0290424 -0.0294 -0.0297193 -0.0300383 -0.0303263 -0.0306088 -0.0308517 -0.0311027 -0.0313156 -0.0315266 -0.0317104 -0.0318946 -0.0320414 -0.0321965 -0.0323235 -0.0324438 -0.0325413 -0.0326439 -0.0327141 -0.0327842 -0.0328381 -0.032886 -0.0329083 -0.0329363 -0.0329419 -0.0329394 -0.0329215 -0.0329044 -0.0328588 -0.0328139 -0.0327528 -0.0326842 -0.0325906 -0.0325041 -0.0323888 -0.0322684 -0.0321281 -0.0319884 -0.0318124 -0.0316431 -0.0314442 -0.0312398 -0.0310052 -0.0307768 -0.0305052 -0.0302343 -0.0299323 -0.029629 -0.0292863 -0.0289343 -0.0285479 -0.0281687 -0.0277498 -0.0272946 -0.0268229 -0.0263515 -0.0258415 -0.025287 -0.024722 -0.0241295 -0.02352 -0.0228607 -0.0221937 -0.0214774 -0.0207385 -0.0199604 -0.0191754 -0.0183232 -0.0174492 -0.0165421 -0.0155771 -0.0145811 -0.0135533 -0.0124727 -0.0113237 -0.0101533 -0.00890186 -0.00761666 -0.00626589 -0.00485504 -0.00338098 -0.00185325 -0.000255117 0.00142605 0.00314823 0.00494972 0.00680244 0.0087355 0.010735 0.0128069 0.014928 0.017122 0.0194107 0.0217593 0.0242293 0.0267863 0.0294904 0.0323881 0.0354708 0.0387769 0.0422827 0.0459672 0.0497862 0.0536349 0.0573403 0.0607326 0.0635904 0.065732 0.0670303 0.0673411 0.066667 0.0650331 0.0625741 0.0595448 0.0561707 0.0527647 0.049559 0.0467312 0.0444459 0.042727 0.0416009 0.0410134 0.0408497 0.0410377 0.0414503 
0 0.00625401 0.012107 0.0172568 0.0213534 0.0242389 0.0257775 0.0259427 0.0248566 0.0226447 0.0196096 0.0160482 0.0123247 0.00881715 0.00580345 0.00354186 0.00212363 0.00158291 0.00184043 0.00275856 0.00416481 0.00582773 0.0075745 0.00919103 0.0105812 0.011663 0.0123881 0.0127902 0.0128471 0.0126226 0.0121615 0.0115032 0.0106971 0.00977793 0.00875076 0.00765446 0.00651615 0.0053113 0.00410723 0.00287159 0.0016215 0.000393119 -0.000850594 -0.00208128 -0.00329047 -0.00449129 -0.00567305 -0.0068117 -0.00793718 -0.00902991 -0.0100949 -0.0111412 -0.0121525 -0.0131307 -0.0140735 -0.0149994 -0.0158912 -0.0167486 -0.0175925 -0.0184106 -0.0191739 -0.019923 -0.0206591 -0.0213534 -0.0220311 -0.0226838 -0.0232909 -0.0238832 -0.0244675 -0.0250167 -0.0255353 -0.0260286 -0.0265027 -0.0269676 -0.0273999 -0.0277997 -0.0281889 -0.0285616 -0.0289077 -0.0292367 -0.0295401 -0.0298276 -0.0301068 -0.0303561 -0.0305822 -0.0308092 -0.0310135 -0.0311857 -0.0313599 -0.0315205 -0.0316483 -0.0317691 -0.0318891 -0.031975 -0.0320492 -0.0321236 -0.0321753 -0.0322022 -0.0322349 -0.0322484 -0.0322365 -0.0322213 -0.032201 -0.0321474 -0.0320887 -0.032027 -0.0319383 -0.03183 -0.0317278 -0.0315993 -0.0314456 -0.0312933 -0.0311266 -0.0309244 -0.0307197 -0.0305065 -0.0302595 -0.0299973 -0.0297288 -0.0294331 -0.0291177 -0.0287877 -0.0284294 -0.0280574 -0.0276703 -0.027251 -0.0268056 -0.0263458 -0.0258671 -0.0253683 -0.0248275 -0.0242558 -0.0236884 -0.0230935 -0.0224465 -0.0217836 -0.0211001 -0.0203766 -0.0196408 -0.018875 -0.0180607 -0.0172255 -0.0163636 -0.0154636 -0.0145324 -0.0135741 -0.0125716 -0.011525 -0.0104371 -0.00932482 -0.00815727 -0.00694297 -0.00568982 -0.00436496 -0.00299449 -0.00157518 -8.497e-05 0.00146131 0.00305657 0.00474585 0.00648252 0.00829149 0.0101898 0.0121352 0.0141708 0.0162787 0.0184676 0.0207595 0.0231653 0.0256826 0.0283557 0.0312065 0.0342621 0.0375823 0.0411393 0.0449624 0.0490035 0.0531942 0.0574259 0.061505 0.0652434 0.0683961 0.0707877 0.072228 0.0726217 0.0719379 0.0702066 0.067629 0.0643944 0.0608311 0.0572287 0.053835 0.0509111 0.0485418 0.0468443 0.0457969 0.0453247 0.0453709 0.0457577 0.0464331 
0 0.00621264 0.0120115 0.0170231 0.0209279 0.0235133 0.024647 0.0243265 0.0226447 0.0197928 0.016072 0.0118175 0.00744295 0.00332063 -0.000218593 -0.00290921 -0.00464247 -0.00536227 -0.0051518 -0.0041608 -0.00257149 -0.000633708 0.00144585 0.00347111 0.00528878 0.00681521 0.00800033 0.00882452 0.00932626 0.00952377 0.00946429 0.00920274 0.00875066 0.00817853 0.00749135 0.00672493 0.00589299 0.00499946 0.00407783 0.00311635 0.00214191 0.00113584 0.000120194 -0.000893898 -0.00189961 -0.00291344 -0.00392052 -0.00492397 -0.00592238 -0.00688225 -0.00786248 -0.00881334 -0.00973913 -0.010654 -0.011563 -0.0124459 -0.0133164 -0.0141507 -0.0149594 -0.0157772 -0.0165523 -0.0173076 -0.0180351 -0.0187533 -0.0194319 -0.0200921 -0.0207264 -0.021365 -0.0219473 -0.0224944 -0.0230536 -0.0235947 -0.0240818 -0.0245497 -0.0250192 -0.0254539 -0.025871 -0.0262539 -0.0266346 -0.0269886 -0.0273218 -0.0276242 -0.0279383 -0.0282037 -0.0284568 -0.0287027 -0.0289351 -0.0291174 -0.029318 -0.0294942 -0.0296395 -0.0297703 -0.0299116 -0.0300037 -0.0300896 -0.0301725 -0.0302341 -0.0302602 -0.0303014 -0.0303148 -0.0303023 -0.0302831 -0.0302641 -0.030199 -0.0301351 -0.0300641 -0.0299659 -0.0298388 -0.0297295 -0.0295808 -0.0294102 -0.0292365 -0.0290568 -0.0288236 -0.0286023 -0.0283624 -0.0280934 -0.0277974 -0.0275148 -0.027183 -0.0268393 -0.0264772 -0.0261069 -0.0256954 -0.0252702 -0.024818 -0.0243697 -0.0238768 -0.0233441 -0.022812 -0.0222733 -0.0216799 -0.0210588 -0.0204372 -0.0197761 -0.0190952 -0.0183812 -0.0176566 -0.0168914 -0.0160975 -0.0152745 -0.014459 -0.0135834 -0.012678 -0.0117569 -0.0108024 -0.00982204 -0.008812 -0.00776176 -0.00668057 -0.00557929 -0.0044047 -0.00321203 -0.00197523 -0.000694687 0.000641733 0.00203957 0.00349348 0.00500324 0.0065743 0.00822402 0.00993613 0.011732 0.0135932 0.0155566 0.0176059 0.0197548 0.0220229 0.024402 0.0269536 0.0296808 0.032629 0.0358398 0.0393303 0.0431269 0.0472234 0.051566 0.056083 0.0606364 0.0650265 0.0690569 0.0724616 0.0750376 0.076605 0.0770289 0.0763095 0.0744872 0.0717494 0.0683529 0.0645927 0.0608083 0.0572729 0.0542265 0.0518229 0.0501305 0.0491536 0.0488193 0.0490205 0.0496313 0.0505414 
0 0.00602408 0.0116106 0.0163675 0.0199545 0.022146 0.0228043 0.0219228 0.0196096 0.016072 0.0116381 0.00667831 0.00162306 -0.00312349 -0.00721016 -0.010356 -0.0124247 -0.0133563 -0.0132262 -0.0121908 -0.010451 -0.00826462 -0.00585212 -0.00342433 -0.00114801 0.000866845 0.00254677 0.00386898 0.00485807 0.00553861 0.00595213 0.00614062 0.00612794 0.00597986 0.00571079 0.00534845 0.00489967 0.00436644 0.00379123 0.00316987 0.00251671 0.0018171 0.00108162 0.000330437 -0.000430226 -0.00121925 -0.00202764 -0.00284338 -0.00366309 -0.00447033 -0.00531273 -0.00615321 -0.00697963 -0.00780005 -0.00862284 -0.00944202 -0.010252 -0.0110366 -0.0118139 -0.0126003 -0.0133432 -0.0140695 -0.0147845 -0.0154933 -0.0161715 -0.0168246 -0.0174524 -0.0180846 -0.0186809 -0.0192422 -0.0198041 -0.0203445 -0.0208464 -0.021334 -0.0218156 -0.022261 -0.0226896 -0.0230923 -0.0234896 -0.0238601 -0.0242045 -0.0245275 -0.0248568 -0.0251399 -0.0254051 -0.0256702 -0.0259148 -0.0261138 -0.0263251 -0.0265171 -0.0266716 -0.0268156 -0.0269642 -0.0270678 -0.0271587 -0.02725 -0.0273143 -0.0273466 -0.0273874 -0.0274038 -0.0273889 -0.02737 -0.027345 -0.0272776 -0.0272055 -0.0271292 -0.0270196 -0.0268852 -0.0267622 -0.0266033 -0.0264165 -0.0262314 -0.0260336 -0.0257862 -0.0255449 -0.0252914 -0.0250011 -0.0246873 -0.0243831 -0.0240371 -0.023671 -0.0232897 -0.0228967 -0.0224697 -0.0220279 -0.0215583 -0.0210828 -0.0205729 -0.0200357 -0.0194909 -0.0189262 -0.0183142 -0.0176937 -0.0170686 -0.0163986 -0.0157039 -0.0149895 -0.0142655 -0.0135114 -0.0127268 -0.0119138 -0.0111064 -0.0102535 -0.00937257 -0.00848281 -0.00757392 -0.00663369 -0.00566205 -0.00466331 -0.00365213 -0.00262111 -0.00152923 -0.000417389 0.000728952 0.00191052 0.00314444 0.00443495 0.00577042 0.00715215 0.00860343 0.0101358 0.0117375 0.0134183 0.0151666 0.0170256 0.0189899 0.0210695 0.0232837 0.0256412 0.0281999 0.0309801 0.0340178 0.0373509 0.0410075 0.0450105 0.0493546 0.0539737 0.0587727 0.0635984 0.0682417 0.0724879 0.0760668 0.0787569 0.0803681 0.0807734 0.0799698 0.0780192 0.0751171 0.0715282 0.0675696 0.0635863 0.0598749 0.0566919 0.0541986 0.0524762 0.0515249 0.0512701 0.0516019 0.0523852 0.0535091 
0 0.00574427 0.0110202 0.0154438 0.0186289 0.0203599 0.0204929 0.0190062 0.0160482 0.0118175 0.00667831 0.00102998 -0.00469928 -0.0100588 -0.0146991 -0.0183212 -0.0207565 -0.021947 -0.0219502 -0.0209222 -0.0190828 -0.0166928 -0.013976 -0.011175 -0.00844922 -0.00594318 -0.00376236 -0.00190557 -0.000399 0.000811163 0.00175093 0.00243278 0.00291318 0.00323034 0.00342242 0.00350493 0.0034902 0.00336277 0.00318207 0.00294702 0.00264293 0.00229177 0.00186646 0.00141388 0.000934346 0.000410371 -0.000169378 -0.000768646 -0.00138414 -0.00202759 -0.00269514 -0.00339857 -0.00409704 -0.00480288 -0.00551709 -0.00626115 -0.00698781 -0.00769657 -0.0084218 -0.00914989 -0.0098505 -0.0105319 -0.0112226 -0.0118889 -0.012548 -0.0131762 -0.013793 -0.0143959 -0.0149859 -0.0155409 -0.0160889 -0.0166174 -0.0171192 -0.0176077 -0.0180782 -0.0185279 -0.0189516 -0.019364 -0.0197558 -0.0201355 -0.0204763 -0.0208148 -0.0211381 -0.0214356 -0.0217007 -0.021978 -0.0222201 -0.0224365 -0.0226447 -0.0228475 -0.0230043 -0.02316 -0.0233038 -0.0234197 -0.0235105 -0.0236067 -0.0236687 -0.0237105 -0.0237448 -0.0237645 -0.0237474 -0.0237307 -0.0236956 -0.0236325 -0.0235526 -0.023473 -0.0233537 -0.0232215 -0.0230827 -0.0229219 -0.0227243 -0.0225358 -0.0223201 -0.0220745 -0.0218159 -0.0215586 -0.0212535 -0.0209401 -0.0206154 -0.020271 -0.0198901 -0.0195093 -0.0191007 -0.0186741 -0.0182223 -0.0177594 -0.0172703 -0.0167589 -0.016227 -0.0156868 -0.0151158 -0.0145083 -0.0139036 -0.0132794 -0.0126212 -0.0119347 -0.0112477 -0.0105302 -0.00980218 -0.00903821 -0.00826045 -0.00747365 -0.00666883 -0.00582415 -0.00497101 -0.00412026 -0.00323411 -0.00231829 -0.00138524 -0.000458377 0.000511667 0.001509 0.0025362 0.00358431 0.00465831 0.00578178 0.00696499 0.00818594 0.00943783 0.0107799 0.0121843 0.013674 0.015239 0.0168788 0.0186409 0.0205309 0.0225502 0.0247109 0.0270602 0.0296196 0.0324593 0.0355919 0.0390436 0.0428747 0.0470718 0.0516453 0.0565102 0.0615429 0.0665836 0.071416 0.0758037 0.0794803 0.0822115 0.0837837 0.0841031 0.0831449 0.0809995 0.0778841 0.0740409 0.0698386 0.0656048 0.0616578 0.0582891 0.0556337 0.0538166 0.0528161 0.0525542 0.0529452 0.0538147 0.0550864 
0 0.00540182 0.0103456 0.0143664 0.0171462 0.0183969 0.0179915 0.015935 0.0123247 0.00744295 0.00162306 -0.00469928 -0.0110615 -0.0170339 -0.0222204 -0.0263331 -0.0291698 -0.0306686 -0.0308614 -0.0299162 -0.0280516 -0.0255123 -0.0225794 -0.0194336 -0.0163117 -0.0133561 -0.0106601 -0.00831267 -0.00626149 -0.00451836 -0.00305403 -0.00183875 -0.000853289 -4.43379e-05 0.000635805 0.0011962 0.00161931 0.00195366 0.00218016 0.00234509 0.00244334 0.00243209 0.00235454 0.00221966 0.00203521 0.00178176 0.00147207 0.00109118 0.000684937 0.000247602 -0.000257025 -0.000792711 -0.00134197 -0.00191024 -0.00252341 -0.00314263 -0.00377878 -0.00440891 -0.00504013 -0.00568807 -0.00634068 -0.0069691 -0.00758667 -0.0082224 -0.00882819 -0.00941027 -0.00999345 -0.0105861 -0.0111276 -0.0116448 -0.0121706 -0.0126954 -0.0131726 -0.0136257 -0.0140835 -0.0145281 -0.0149403 -0.0153295 -0.015718 -0.0160839 -0.0164269 -0.0167514 -0.0170716 -0.0173596 -0.0176341 -0.0178949 -0.0181407 -0.0183546 -0.0185657 -0.018756 -0.0189246 -0.0190736 -0.0192172 -0.0193303 -0.0194296 -0.0195142 -0.0195816 -0.0196224 -0.0196572 -0.0196685 -0.0196606 -0.0196362 -0.0196002 -0.0195346 -0.0194597 -0.019367 -0.0192536 -0.0191178 -0.0189773 -0.0188075 -0.0186206 -0.0184198 -0.0182053 -0.0179576 -0.0177054 -0.0174337 -0.0171396 -0.0168222 -0.0165036 -0.0161537 -0.0157823 -0.015398 -0.0150084 -0.0145811 -0.0141305 -0.0136765 -0.0132161 -0.0127136 -0.0121801 -0.0116542 -0.0111186 -0.0105423 -0.00993295 -0.00933517 -0.00871453 -0.00806124 -0.0073906 -0.00672878 -0.00602247 -0.00529065 -0.00456572 -0.00383603 -0.00306519 -0.00227457 -0.00148613 -0.000677118 0.000140518 0.000986976 0.0018465 0.00271874 0.00359735 0.00452863 0.00547857 0.00642637 0.00741484 0.00845118 0.00953418 0.0106536 0.0118258 0.0130422 0.0143653 0.0157602 0.0172189 0.0187914 0.0204764 0.0223106 0.0242943 0.0264404 0.0287802 0.0313971 0.0343037 0.0375433 0.0411581 0.0451388 0.0495535 0.0543352 0.0594094 0.0646457 0.0698362 0.0747888 0.0792369 0.0829241 0.08559 0.0870471 0.0871775 0.0859844 0.0835845 0.0801589 0.0760274 0.0714963 0.06694 0.0627006 0.0590209 0.0561368 0.0540986 0.0529315 0.0525753 0.0528798 0.0537669 0.0550805 
0 0.00507514 0.00966189 0.0133289 0.0156948 0.0165004 0.0156078 0.0129978 0.00881715 0.00332063 -0.00312349 -0.0100588 -0.0170339 -0.0235855 -0.0293212 -0.0339408 -0.0372137 -0.0390682 -0.0395334 -0.0387437 -0.0369421 -0.0343667 -0.0312704 -0.0278974 -0.0244347 -0.0210739 -0.0179476 -0.0150976 -0.0125627 -0.0103081 -0.00832338 -0.00661048 -0.00511503 -0.00380914 -0.00264112 -0.00161055 -0.000710696 5.16501e-05 0.000709096 0.00129234 0.00176272 0.00214353 0.00241516 0.00260345 0.00271984 0.00275644 0.0026879 0.0025613 0.00239106 0.00213777 0.00184594 0.00147785 0.00107583 0.000649694 0.000194746 -0.000313992 -0.000823893 -0.00134532 -0.00190138 -0.00245863 -0.00301758 -0.00355989 -0.004128 -0.00468059 -0.00523755 -0.00577198 -0.00630558 -0.00680748 -0.00732535 -0.00783046 -0.00830536 -0.00876066 -0.0092152 -0.00966075 -0.0100801 -0.0104885 -0.0108685 -0.0112551 -0.0116127 -0.0119605 -0.0122778 -0.0126025 -0.0128897 -0.0131774 -0.0134329 -0.0136882 -0.0139105 -0.0141344 -0.0143223 -0.0145104 -0.0146687 -0.0148221 -0.0149439 -0.0150652 -0.0151551 -0.0152384 -0.0152947 -0.0153462 -0.0153665 -0.0153813 -0.0153699 -0.0153507 -0.0153015 -0.0152485 -0.0151673 -0.0150774 -0.0149593 -0.0148389 -0.0146851 -0.014527 -0.0143408 -0.0141503 -0.0139254 -0.0137017 -0.0134436 -0.0131846 -0.012893 -0.012599 -0.0122699 -0.0119476 -0.0115868 -0.011221 -0.0108271 -0.0104342 -0.0100088 -0.00957873 -0.0091118 -0.00864213 -0.00816748 -0.00766724 -0.00712809 -0.0065873 -0.00605112 -0.00547937 -0.00489235 -0.00427753 -0.00366685 -0.00303014 -0.00239332 -0.00172202 -0.00104721 -0.000346308 0.000348553 0.00107552 0.00181327 0.00254284 0.00330747 0.00410328 0.00489889 0.00569042 0.00653016 0.00737267 0.00826053 0.00916058 0.0100816 0.0110536 0.0120752 0.0131251 0.014218 0.0153964 0.0166454 0.0179934 0.0194116 0.0209337 0.0225916 0.0244114 0.0263966 0.0285607 0.0309705 0.0336519 0.0366805 0.0400659 0.0438259 0.0480122 0.0526105 0.0575925 0.0628582 0.0682298 0.0735226 0.0785115 0.0829262 0.0865212 0.0890286 0.0902532 0.0901169 0.088603 0.0858513 0.082072 0.0775391 0.0726212 0.0676576 0.0630022 0.0589501 0.0556791 0.0533181 0.0518603 0.051244 0.0513795 0.0521195 0.0533838 
0 0.00479467 0.00910159 0.0124459 0.0144754 0.0148941 0.0135701 0.0104982 0.00580345 -0.000218593 -0.00721016 -0.0146991 -0.0222204 -0.0293212 -0.0355891 -0.0407212 -0.0444686 -0.0467497 -0.0475587 -0.0470342 -0.0453991 -0.0428741 -0.0397468 -0.0362167 -0.0325241 -0.0288608 -0.025352 -0.022105 -0.0191177 -0.0164006 -0.0139492 -0.0117556 -0.00978982 -0.00802553 -0.00640238 -0.00492077 -0.00359224 -0.00237743 -0.00130441 -0.00031992 0.000547062 0.00128195 0.0019064 0.00242444 0.00285117 0.00317498 0.00339734 0.00351646 0.00357062 0.00353724 0.00344059 0.00326969 0.00305101 0.0027908 0.00246589 0.00210879 0.00172139 0.00131049 0.000879637 0.000440893 -3.91146e-05 -0.000505294 -0.000977114 -0.00145687 -0.00192841 -0.00239096 -0.00286587 -0.00333004 -0.00377439 -0.00421067 -0.00463402 -0.00506684 -0.00547545 -0.00586177 -0.00623867 -0.00662172 -0.00697162 -0.00731805 -0.0076439 -0.00795974 -0.00826225 -0.00855648 -0.0088175 -0.0090815 -0.00932978 -0.00955333 -0.00976285 -0.00997202 -0.0101491 -0.0103126 -0.0104711 -0.0106081 -0.0107207 -0.0108303 -0.0109218 -0.0109878 -0.0110446 -0.0110901 -0.0111093 -0.0111139 -0.0111108 -0.0110839 -0.0110368 -0.0109832 -0.0109106 -0.0108129 -0.0107072 -0.0105894 -0.0104422 -0.0102848 -0.0101192 -0.00992732 -0.0097153 -0.00950437 -0.00926514 -0.00900604 -0.0087409 -0.00846328 -0.00815277 -0.00784245 -0.00751096 -0.00716546 -0.00680434 -0.00643141 -0.00602684 -0.00563267 -0.00521561 -0.0047751 -0.00431566 -0.00385926 -0.00338291 -0.00289635 -0.0023771 -0.00185219 -0.0013274 -0.000776912 -0.000211402 0.000358665 0.000955112 0.00157237 0.00217308 0.00280596 0.00345182 0.00411721 0.00479321 0.00548545 0.0061821 0.00691199 0.00765077 0.00840776 0.00919481 0.0100033 0.0108478 0.0116969 0.0125881 0.0135281 0.0145196 0.015549 0.0166408 0.0177896 0.0190372 0.0203777 0.0217924 0.0233484 0.025035 0.0269019 0.0289511 0.0311963 0.0336976 0.036514 0.0396835 0.0432379 0.0471996 0.0515673 0.0563712 0.0615203 0.0669165 0.0723791 0.0776834 0.0826272 0.0869197 0.0903226 0.0925682 0.0934741 0.0929616 0.0910379 0.0878561 0.0836134 0.0786221 0.0732146 0.0677556 0.0626091 0.0580477 0.0543068 0.05148 0.0495945 0.0486061 0.048401 0.0488958 0.0499759 
0 0.00459075 0.00868635 0.0118017 0.0135788 0.013713 0.0120668 0.00863528 0.00354186 -0.00290921 -0.010356 -0.0183212 -0.0263331 -0.0339408 -0.0407212 -0.0463679 -0.050619 -0.0533692 -0.0546021 -0.0544325 -0.0530714 -0.0507265 -0.0476771 -0.0441253 -0.0403138 -0.0364488 -0.0326668 -0.029097 -0.0257519 -0.0226582 -0.0198178 -0.0172204 -0.0148454 -0.0126629 -0.0106273 -0.00873513 -0.00699763 -0.0053809 -0.00391345 -0.00254926 -0.00131047 -0.000211914 0.000768922 0.00161509 0.00234801 0.00295959 0.00345673 0.00384355 0.00414429 0.00434227 0.00446353 0.00449905 0.00446046 0.00437301 0.00421733 0.00402567 0.00378819 0.00350615 0.00319417 0.00287207 0.00251196 0.00214983 0.00177414 0.00138269 0.000994207 0.000598209 0.000202591 -0.000177911 -0.000562432 -0.000959126 -0.00132403 -0.0016869 -0.00204633 -0.00239817 -0.00273476 -0.00306489 -0.00337503 -0.00368975 -0.00398241 -0.00425775 -0.00453409 -0.00479815 -0.00502891 -0.00526633 -0.00549602 -0.00568994 -0.00587888 -0.00607118 -0.00622998 -0.00637143 -0.00651958 -0.00664185 -0.00673986 -0.0068382 -0.00692315 -0.00697693 -0.00702773 -0.0070683 -0.00708266 -0.00708199 -0.00708012 -0.00705075 -0.00700381 -0.00695311 -0.00688515 -0.00678824 -0.00669151 -0.00658127 -0.00644069 -0.00629207 -0.00614306 -0.00595929 -0.00576084 -0.00556824 -0.00534748 -0.00510043 -0.00486097 -0.00460456 -0.00431398 -0.00402824 -0.00373113 -0.00340549 -0.0030709 -0.00273591 -0.00237311 -0.00200309 -0.00161541 -0.00122234 -0.000819182 -0.000397599 4.83913e-05 0.000480392 0.000935963 0.00140983 0.00188683 0.00237788 0.00288943 0.00339934 0.00392808 0.00447416 0.00502328 0.00560476 0.00619092 0.00678806 0.00740581 0.00804849 0.0087014 0.0093916 0.0100899 0.0108166 0.0115733 0.0123554 0.0131827 0.0140371 0.0149359 0.0158854 0.0168885 0.0179371 0.0190657 0.0202586 0.0215582 0.0229573 0.0244451 0.0260786 0.0278527 0.0298152 0.0319766 0.0343605 0.0370176 0.0400097 0.043364 0.0471148 0.0512773 0.0558411 0.0608224 0.0661123 0.0715989 0.0770821 0.0823307 0.0871299 0.0911939 0.0942892 0.0961575 0.0966364 0.0956532 0.093235 0.0895418 0.0847723 0.079243 0.0732778 0.0672443 0.0615075 0.0563474 0.052012 0.0486049 0.0461693 0.0446748 0.0440237 0.0441492 0.0449501 
0 0.00449108 0.00846648 0.011464 0.0130808 0.0130357 0.0111772 0.00749012 0.00212363 -0.00464247 -0.0124247 -0.0207565 -0.0291698 -0.0372137 -0.0444686 -0.050619 -0.0553988 -0.0586634 -0.0604067 -0.0606886 -0.0597088 -0.0576748 -0.0548098 -0.0513766 -0.0475703 -0.0436233 -0.0397027 -0.035904 -0.032311 -0.0289304 -0.0257827 -0.022866 -0.020161 -0.0176365 -0.0152649 -0.0130406 -0.0109374 -0.00897757 -0.00714011 -0.00542108 -0.00384584 -0.00239532 -0.00107813 9.59474e-05 0.00113837 0.00206294 0.00284174 0.00351703 0.00407513 0.00450592 0.00486429 0.00512512 0.00529404 0.00538797 0.00542325 0.00538866 0.0053127 0.00517755 0.00500347 0.00480674 0.00457508 0.00431913 0.00403319 0.00375242 0.00345682 0.00313926 0.00281036 0.00251769 0.00219572 0.00186116 0.00155178 0.00125737 0.000945542 0.000640029 0.000352894 7.63887e-05 -0.00019391 -0.000473103 -0.000720595 -0.000957726 -0.001199 -0.00143411 -0.00162614 -0.00183831 -0.00203678 -0.00220836 -0.00236639 -0.00254236 -0.00267468 -0.00280102 -0.00292588 -0.00303828 -0.00311573 -0.00320601 -0.00327449 -0.00332419 -0.00336095 -0.00339987 -0.00340416 -0.00340538 -0.00339569 -0.0033709 -0.00332029 -0.00327744 -0.00320752 -0.0031219 -0.0030277 -0.00293104 -0.00279469 -0.0026645 -0.00252369 -0.00235933 -0.00217236 -0.00200505 -0.00179785 -0.00157642 -0.00135739 -0.00113206 -0.000860336 -0.000606844 -0.000341453 -5.04426e-05 0.000258712 0.000554515 0.000874192 0.00120748 0.00155877 0.00190781 0.00225831 0.00264033 0.0030377 0.00341962 0.00381283 0.00424889 0.00466875 0.00509696 0.00554457 0.00601704 0.0064822 0.00696558 0.00746615 0.00799723 0.00852713 0.00907718 0.00966544 0.0102636 0.0108927 0.0115486 0.0122292 0.0129455 0.0137152 0.0144942 0.0153315 0.0162233 0.0171514 0.0181502 0.0192108 0.0203375 0.0215463 0.0228505 0.0242397 0.0257506 0.0273785 0.029141 0.0310762 0.0331924 0.0355212 0.0380876 0.0409458 0.0441315 0.047698 0.0516627 0.0560187 0.060788 0.0659032 0.0712899 0.0768012 0.0822123 0.0873239 0.0918739 0.0956117 0.0982981 0.0996917 0.0996489 0.0981106 0.0951176 0.0908292 0.0854689 0.0793199 0.0727356 0.0660624 0.0596581 0.053841 0.0488179 0.0447514 0.0416754 0.0395681 0.0383916 0.0380423 0.0384863 
0 0.00447003 0.00842919 0.0113873 0.0129621 0.0128507 0.0108984 0.00709872 0.00158291 -0.00536227 -0.0133563 -0.021947 -0.0306686 -0.0390682 -0.0467497 -0.0533692 -0.0586634 -0.0624891 -0.0647756 -0.0656073 -0.0651158 -0.0634867 -0.0609714 -0.0577557 -0.0541023 -0.0502148 -0.0462503 -0.0423723 -0.0386253 -0.0350691 -0.0317261 -0.0285849 -0.025633 -0.022859 -0.0202273 -0.0177232 -0.0153587 -0.0130839 -0.0109435 -0.00892741 -0.00702562 -0.00526581 -0.00362818 -0.00213097 -0.000776313 0.000431137 0.00153141 0.00248766 0.00330763 0.00401403 0.00460687 0.00510522 0.00550276 0.00581004 0.00601782 0.00618966 0.0062812 0.00629632 0.00627653 0.00623142 0.00612395 0.00597356 0.00581609 0.00562679 0.00542942 0.00520027 0.00496683 0.00471707 0.00447614 0.0042211 0.00397597 0.00371555 0.00346365 0.00322062 0.00298278 0.00274738 0.00251352 0.00228863 0.00207746 0.00188228 0.00166668 0.0014795 0.00130869 0.00113902 0.000958716 0.000825059 0.000681256 0.000543904 0.000419696 0.000325111 0.000210291 0.000126198 5.06274e-05 -1.23756e-05 -7.86122e-05 -0.000109495 -0.000147391 -0.000166504 -0.000177409 -0.000165591 -0.000161566 -0.000126411 -8.95316e-05 -3.75237e-05 1.86896e-05 0.000106089 0.000181835 0.000282498 0.000394492 0.000521734 0.000639138 0.00079884 0.000953482 0.00111508 0.00128943 0.00149871 0.00168251 0.00189313 0.00212264 0.00236077 0.00258747 0.00285026 0.00311272 0.00338424 0.00366703 0.00396161 0.00425577 0.0045665 0.00489496 0.00522251 0.00555419 0.00589017 0.0062636 0.00663049 0.00700003 0.00737512 0.00778514 0.00819078 0.00862483 0.00905871 0.00950984 0.00999517 0.010502 0.011014 0.0115649 0.0121688 0.0127719 0.0134165 0.0141079 0.0148555 0.0156308 0.0164656 0.0173481 0.0182947 0.019322 0.0204048 0.021566 0.0228203 0.0241773 0.0256125 0.0271755 0.0288462 0.0306481 0.0326165 0.03473 0.0370421 0.0395729 0.0423519 0.0454216 0.048836 0.0526068 0.0567719 0.0613332 0.0662382 0.0714724 0.0768882 0.0823373 0.087622 0.0924778 0.0966916 0.0999962 0.102158 0.102981 0.102322 0.100145 0.0965123 0.0915799 0.0855686 0.0787798 0.0715266 0.064176 0.0570798 0.0505301 0.0447938 0.0399933 0.0362114 0.033454 0.03166 0.0308128 0.0308365 
0 0.00453343 0.00854506 0.011564 0.0131788 0.013103 0.0111719 0.0073713 0.00184043 -0.0051518 -0.0132262 -0.0219502 -0.0308614 -0.0395334 -0.0475587 -0.0546021 -0.0604067 -0.0647756 -0.0676725 -0.0690955 -0.0691698 -0.068078 -0.0659786 -0.0631423 -0.0597527 -0.0560343 -0.0521831 -0.0483052 -0.044534 -0.0409102 -0.0374689 -0.0342075 -0.0311209 -0.0281749 -0.0253734 -0.0226992 -0.0201082 -0.0176374 -0.0152479 -0.0129811 -0.0108305 -0.00878303 -0.00685013 -0.00505305 -0.00341014 -0.00188882 -0.000515597 0.000746152 0.00185673 0.00282992 0.00368895 0.00444774 0.00507761 0.00558979 0.00603801 0.00639403 0.00668116 0.00687777 0.00701503 0.00709528 0.00715019 0.00713736 0.00708246 0.00701357 0.00691394 0.00676859 0.00661007 0.00647533 0.0063004 0.00609603 0.00589497 0.00573252 0.00553665 0.00532919 0.00512824 0.0049599 0.00477128 0.00458323 0.00440787 0.00425039 0.00407986 0.00392239 0.00378238 0.00364058 0.00350113 0.00338193 0.00327132 0.00315456 0.00305911 0.00297299 0.00289154 0.00281452 0.00276096 0.00270455 0.00266272 0.00262865 0.00261065 0.00259133 0.00259412 0.00259806 0.00261772 0.0026424 0.00268565 0.00272677 0.00279017 0.00285733 0.00293633 0.00302043 0.00312796 0.00323082 0.00334828 0.0034799 0.00362237 0.0037605 0.00392314 0.00409505 0.00426498 0.00444786 0.00465194 0.00485263 0.00505352 0.00528484 0.00552029 0.0057481 0.00598003 0.00625401 0.00652106 0.00677733 0.00703526 0.00734617 0.00764661 0.00793603 0.00823025 0.00857241 0.00890394 0.00923714 0.00959574 0.0099817 0.0103571 0.0107496 0.0111992 0.0116603 0.012135 0.0126335 0.0131903 0.0137737 0.014414 0.0150776 0.0158016 0.0165917 0.0174372 0.0183305 0.0193041 0.02038 0.0215153 0.0227427 0.0240505 0.0254747 0.0270059 0.0286568 0.0304054 0.0322871 0.0343244 0.0364884 0.0388364 0.0413557 0.0441009 0.0471073 0.0504036 0.0540178 0.0579919 0.0623357 0.0670295 0.0720659 0.0773154 0.0826951 0.0880103 0.0930341 0.0975652 0.101314 0.104079 0.105628 0.10578 0.104439 0.101568 0.0972514 0.0916399 0.0849675 0.0775081 0.0695916 0.0615594 0.0537521 0.0464911 0.040002 0.0344673 0.0299624 0.0265079 0.0241067 0.022707 0.0223035 
