0 0 0 0 0 0 0 0 0 0 0 0 0 0 0 0 0 0 0 0 0 0 0 0 0 0 0 0 0 0 0 0 0 0 0 0 0 0 0 0 0 0 0 0 0 0 0 0 0 0 0 0 0 0 0 0 0 0 0 0 0 0 0 0 0 0 0 0 0 0 0 0 0 0 0 0 0 0 0 0 0 0 0 0 0 0 0 0 0 0 0 0 0 0 0 0 0 0 0 0 0 0 0 0 0 0 0 0 0 0 0 0 0 0 0 0 0 0 0 0 0 0 0 0 0 0 0 0 0 0 0 0 0 0 0 0 0 0 0 0 0 0 0 0 0 0 0 0 0 0 0 0 0 0 0 0 0 0 0 0 0 0 0 0 0 0 0 0 0 0 0 0 0 0 0 0 0 0 0 0 0 0 0 0 0 0 0 0 0 0 0 0 0 0 0 0 0 0 0 0 
0 0.000927278 0.00181265 0.0026387 0.0033692 0.00398859 0.00447056 0.00478513 0.0049344 0.00491425 0.00475265 0.004478 0.00411831 0.00372322 0.00332797 0.00297023 0.00266901 0.0024288 0.00225018 0.00213627 0.0020638 0.0020094 0.0019418 0.00182122 0.00165768 0.00140799 0.00107558 0.000654771 0.000133915 -0.000438431 -0.00109279 -0.00179664 -0.00253951 -0.00330772 -0.00406963 -0.0048316 -0.00557341 -0.00627719 -0.00692451 -0.00752942 -0.00806202 -0.00853243 -0.00891768 -0.00922171 -0.00945801 -0.00960233 -0.00966943 -0.00965406 -0.00958112 -0.00942206 -0.00920301 -0.00892286 -0.00859217 -0.00821762 -0.00780422 -0.00736552 -0.00691344 -0.00645271 -0.00596824 -0.00551482 -0.00506092 -0.0046206 -0.00420646 -0.00382567 -0.00345151 -0.00311366 -0.00280282 -0.00251795 -0.00226297 -0.00203057 -0.00182602 -0.00163523 -0.00147107 -0.00132685 -0.00120826 -0.00109311 -0.00100741 -0.000920808 -0.000853894 -0.000801779 -0.000766572 -0.000717429 -0.000687864 -0.000666121 -0.000655674 -0.000634778 -0.000621345 -0.000613856 -0.000613864 -0.000601649 -0.000599198 -0.000598886 -0.000594199 -0.000590619 -0.000594625 -0.000588365 -0.000586587 -0.000590613 -0.000586903 -0.000582786 -0.000588495 -0.000585327 -0.000581454 -0.000585812 -0.000585311 -0.000580249 -0.000585625 -0.000584164 -0.000580771 -0.000584443 -0.000587998 -0.000580059 -0.000583266 -0.000586492 -0.000588917 -0.000580942 -0.000580368 -0.000580634 -0.000586144 -0.000569876 -0.000562215 -0.000551974 -0.000544072 -0.000519173 -0.000496727 -0.000455576 -0.000421054 -0.00036845 -0.00031105 -0.000237207 -0.000152562 -4.67216e-05 6.33088e-05 0.000195373 0.00034408 0.000510152 0.000709753 0.000920225 0.00115608 0.00142228 0.00171508 0.00201893 0.00237773 0.00274869 0.00314352 0.00356114 0.00400508 0.00445458 0.00491609 0.00538515 0.00585026 0.00630863 0.00673736 0.00715252 0.00753146 0.00788064 0.00817012 0.00842849 0.00863195 0.00876757 0.00884745 0.00885611 0.00880423 0.00867539 0.00846878 0.00818271 0.00783309 0.00738299 0.00685549 0.00624403 0.00554482 0.00478216 0.00391662 0.00299107 0.00200061 0.000954077 -0.000127335 -0.00124084 -0.00233971 -0.00339667 -0.00438186 -0.00526794 -0.00602096 -0.00662232 -0.00705402 -0.00732954 -0.00746953 -0.00748373 -0.00741602 -0.00729013 -0.00716498 -0.00708733 -0.00707703 -0.00716285 -0.00732633 -0.00756591 -0.00786278 -0.00818114 -0.00850787 -0.00880057 
0 0.00181265 0.00356418 0.00516577 0.00660831 0.00780777 0.00873574 0.00934608 0.00960269 0.00955021 0.00920082 0.00863259 0.00790574 0.00709658 0.00629898 0.00556987 0.00495214 0.00445587 0.00408848 0.00383802 0.00369042 0.0035744 0.00343509 0.00322543 0.00289797 0.00244616 0.00181431 0.00100618 3.7202e-05 -0.00107667 -0.00231 -0.00365682 -0.00508341 -0.00654833 -0.00801699 -0.0094934 -0.010929 -0.012297 -0.0135782 -0.0147386 -0.0158017 -0.0167186 -0.0174717 -0.0180957 -0.0185629 -0.0188683 -0.0190223 -0.0190124 -0.0188684 -0.0185948 -0.018166 -0.0176426 -0.0170311 -0.0163084 -0.0155206 -0.0146801 -0.0138002 -0.0128944 -0.0119829 -0.0110815 -0.010203 -0.00934088 -0.00851487 -0.00773944 -0.00701529 -0.0063393 -0.00570903 -0.00515096 -0.00462563 -0.00413986 -0.00372631 -0.00336642 -0.00301365 -0.0027247 -0.00247634 -0.00224006 -0.00204424 -0.00190137 -0.001762 -0.00163196 -0.00153496 -0.00146875 -0.00141166 -0.00134924 -0.0013071 -0.00128108 -0.00125864 -0.00123573 -0.00122443 -0.00120459 -0.00120247 -0.00119798 -0.00118677 -0.00117836 -0.00118798 -0.00117357 -0.00117173 -0.00117564 -0.00117197 -0.00116136 -0.00117434 -0.00116515 -0.00116151 -0.00116701 -0.00116881 -0.00115601 -0.00116846 -0.00116695 -0.00116292 -0.00116388 -0.00117007 -0.00116471 -0.0011738 -0.00116855 -0.00116308 -0.00116915 -0.00117741 -0.00116055 -0.0011442 -0.0011415 -0.00113977 -0.00110609 -0.00105866 -0.00103096 -0.00098164 -0.000900899 -0.000823869 -0.000729981 -0.000580951 -0.000438667 -0.000280072 -7.12534e-05 0.000172839 0.000430177 0.00074168 0.00109244 0.00147771 0.00190112 0.00238988 0.00293303 0.00351297 0.00415246 0.00484727 0.00558378 0.00636826 0.00719758 0.00805876 0.00896024 0.00985201 0.0107496 0.0116624 0.0125282 0.0133586 0.0141613 0.0148923 0.0155476 0.0161175 0.016583 0.0169637 0.017219 0.0173385 0.0173545 0.0172286 0.0169566 0.0165329 0.0159579 0.0152391 0.0143571 0.0133058 0.0120955 0.0107436 0.00922385 0.00755032 0.00573109 0.00378796 0.0017549 -0.000371545 -0.00253464 -0.00467831 -0.0067381 -0.0086551 -0.0103763 -0.0118475 -0.0130112 -0.013851 -0.0143914 -0.0146444 -0.0146819 -0.0145296 -0.0142809 -0.0140415 -0.0138705 -0.0138755 -0.0140338 -0.0143722 -0.014864 -0.0154446 -0.0161091 -0.0167468 -0.0173488 
0 0.0026387 0.00516577 0.00750648 0.00957162 0.0113016 0.0126227 0.0134573 0.0137969 0.0136464 0.0130755 0.0121728 0.0110281 0.00977702 0.00853293 0.00739994 0.00643879 0.00566744 0.00509089 0.00471246 0.00447472 0.00430787 0.00412321 0.00382193 0.00340307 0.00277182 0.0019175 0.00082359 -0.00052839 -0.0020423 -0.00376876 -0.00564402 -0.00763614 -0.00970414 -0.011777 -0.0138594 -0.0159008 -0.0178528 -0.01967 -0.02137 -0.0228934 -0.0242447 -0.0253729 -0.0262867 -0.0270058 -0.0274815 -0.0277392 -0.0277714 -0.0276306 -0.0272629 -0.0267167 -0.0260028 -0.0251448 -0.0241559 -0.0230545 -0.0218728 -0.0206398 -0.0193671 -0.0180329 -0.0167491 -0.0154616 -0.0141984 -0.0129922 -0.0118625 -0.0107605 -0.00974456 -0.00880208 -0.00793574 -0.00714807 -0.00642773 -0.005789 -0.00520085 -0.00468225 -0.00422824 -0.00384425 -0.00348303 -0.00319637 -0.00292714 -0.00270718 -0.00252819 -0.00239497 -0.00224663 -0.00214304 -0.00206184 -0.00201119 -0.00194642 -0.00189929 -0.00186863 -0.0018565 -0.00182158 -0.00180942 -0.00180318 -0.00178801 -0.00177687 -0.00178317 -0.00176697 -0.00176135 -0.00176869 -0.00175962 -0.00174947 -0.00176165 -0.001754 -0.00174544 -0.00175492 -0.00175417 -0.00174296 -0.00175537 -0.00175312 -0.00174631 -0.00175474 -0.00176291 -0.00174693 -0.00175456 -0.00176094 -0.00176319 -0.00174593 -0.00174275 -0.00173689 -0.00173759 -0.00169537 -0.00166625 -0.00162542 -0.00158262 -0.00150422 -0.0014211 -0.00129208 -0.001169 -0.00100169 -0.000808313 -0.000573643 -0.000304768 2.40545e-05 0.000379618 0.000793552 0.00126341 0.00179109 0.00240544 0.0030641 0.00379882 0.00461716 0.00550632 0.00643978 0.00749892 0.00859613 0.00974946 0.0109563 0.0122176 0.0134904 0.0147787 0.0160738 0.0173521 0.018596 0.01976 0.0208744 0.0218881 0.0228051 0.0235666 0.0242213 0.0247218 0.025034 0.025177 0.0251261 0.0248956 0.0244511 0.0237905 0.0229145 0.0218527 0.0205322 0.0189944 0.0172311 0.0152387 0.0130576 0.0106153 0.00799689 0.00520252 0.00225708 -0.000791825 -0.00391939 -0.00700989 -0.00998105 -0.012749 -0.0152321 -0.0173398 -0.0190113 -0.0202042 -0.0209518 -0.0213059 -0.0213128 -0.0210813 -0.0207006 -0.0203315 -0.0201038 -0.0200921 -0.0203577 -0.0208683 -0.0216059 -0.0225108 -0.023489 -0.0244776 -0.0253808 
0 0.0033692 0.00660831 0.00957162 0.0121949 0.0143539 0.015969 0.016956 0.0172691 0.0169602 0.0160876 0.0147841 0.0131786 0.0114296 0.00970554 0.00813115 0.00679062 0.00571345 0.00491501 0.00437845 0.00406224 0.0038534 0.0036432 0.00333686 0.00286002 0.00216699 0.00118358 -0.000101442 -0.00167439 -0.00349784 -0.00555054 -0.00780933 -0.0102233 -0.0127299 -0.0152689 -0.0178346 -0.0203584 -0.0227886 -0.0250847 -0.0272078 -0.0291601 -0.0308823 -0.0323403 -0.0335612 -0.0345212 -0.0351988 -0.0356039 -0.0357275 -0.0356079 -0.0352419 -0.0346168 -0.0337998 -0.0328067 -0.0316243 -0.0303006 -0.0288661 -0.027344 -0.0257536 -0.0241193 -0.0224846 -0.020858 -0.0192437 -0.0176762 -0.0161787 -0.0147521 -0.0134052 -0.0121429 -0.0109909 -0.00991598 -0.00892274 -0.0080494 -0.00726953 -0.00654204 -0.00591698 -0.00537317 -0.00487261 -0.00444899 -0.00410377 -0.00379161 -0.00351379 -0.00329216 -0.00311608 -0.00296893 -0.00283327 -0.0027318 -0.00265432 -0.0025899 -0.00253686 -0.00250102 -0.00245908 -0.00244094 -0.00242637 -0.00240326 -0.00238776 -0.00239235 -0.00237249 -0.00236549 -0.00236928 -0.00236102 -0.00234834 -0.00236099 -0.00235086 -0.00234409 -0.00235197 -0.00235246 -0.00233904 -0.00235286 -0.00235271 -0.00234662 -0.00235054 -0.00235784 -0.00235052 -0.00235836 -0.00235341 -0.00234397 -0.00234232 -0.00234043 -0.0023104 -0.00227675 -0.00224648 -0.00221005 -0.00213304 -0.002034 -0.0019384 -0.00180872 -0.00162923 -0.00143958 -0.00120847 -0.000902542 -0.000576461 -0.000207873 0.000246127 0.00076451 0.00133529 0.00199777 0.00274219 0.00356471 0.00446669 0.00547694 0.00658619 0.00776955 0.00904203 0.0104099 0.0118403 0.013334 0.0148853 0.0164784 0.0181011 0.0197046 0.0212973 0.0228787 0.0243785 0.0257965 0.0271393 0.0283522 0.0294206 0.0303204 0.0310408 0.0315836 0.031899 0.0319766 0.0318443 0.0314645 0.030824 0.0299163 0.0287463 0.0273261 0.0256204 0.0236298 0.0213652 0.018843 0.0160416 0.0129613 0.0096291 0.00607775 0.00235239 -0.00152787 -0.00547823 -0.00939098 -0.0131478 -0.01664 -0.0197641 -0.0224127 -0.0244926 -0.0259675 -0.0268745 -0.0272585 -0.0272258 -0.0268667 -0.0263427 -0.0258476 -0.0255246 -0.0255275 -0.0258678 -0.0265611 -0.0275575 -0.0287578 -0.0300941 -0.0314057 -0.0326323 
0 0.00398859 0.00780777 0.0113016 0.0143539 0.0168371 0.0186385 0.0196602 0.0198637 0.0192895 0.0180333 0.0162467 0.0140981 0.0117893 0.00952086 0.00745405 0.0056964 0.00429276 0.00325966 0.00258478 0.00219957 0.00198639 0.0018087 0.00154271 0.00111413 0.000435606 -0.000554962 -0.00188576 -0.00355442 -0.00550771 -0.007742 -0.0102184 -0.0128839 -0.0156739 -0.0185214 -0.0214043 -0.0242627 -0.0270327 -0.0296642 -0.0321355 -0.0344125 -0.0364545 -0.0382181 -0.0397066 -0.0409124 -0.0418036 -0.0423828 -0.0426525 -0.0426439 -0.0423381 -0.0417502 -0.0409188 -0.0398662 -0.0386007 -0.0371546 -0.0355645 -0.033861 -0.0320593 -0.0301753 -0.0282769 -0.0263617 -0.0244476 -0.0225748 -0.0207673 -0.0190159 -0.0173503 -0.0157817 -0.0143241 -0.0129695 -0.0117196 -0.0105931 -0.00956819 -0.00863814 -0.00781965 -0.00710194 -0.00645238 -0.00589509 -0.00540996 -0.00498874 -0.00462918 -0.00433282 -0.00407105 -0.00385571 -0.00367739 -0.00353978 -0.00341884 -0.00331956 -0.00324531 -0.00319205 -0.00313569 -0.00310131 -0.00307692 -0.00304869 -0.00302912 -0.00302442 -0.00300507 -0.00299493 -0.0029958 -0.00298566 -0.00297518 -0.00298208 -0.00297453 -0.00296708 -0.00297333 -0.0029724 -0.0029635 -0.00297252 -0.00297217 -0.0029667 -0.00297199 -0.00297616 -0.00296505 -0.00296676 -0.00296438 -0.00295208 -0.00293109 -0.00291141 -0.00287765 -0.00283402 -0.00276632 -0.00268886 -0.00258375 -0.00245539 -0.00229798 -0.00210463 -0.00185787 -0.00158567 -0.00125784 -0.000863178 -0.000412832 0.000102186 0.000708364 0.00138922 0.00215286 0.00301703 0.0039839 0.00505784 0.00622457 0.00750417 0.00889431 0.0103732 0.011937 0.0136106 0.0153433 0.0171281 0.0189604 0.0208256 0.0226919 0.0245364 0.0263524 0.028121 0.0297975 0.0313572 0.0328058 0.0341004 0.0352194 0.0361316 0.0368448 0.0373341 0.0375607 0.0375236 0.037226 0.0366567 0.0357927 0.0346295 0.0331757 0.0314396 0.0293795 0.0270036 0.0243164 0.0213239 0.0180246 0.0143948 0.0104798 0.00630997 0.00192433 -0.00262935 -0.00727138 -0.0118646 -0.016271 -0.0203601 -0.0240012 -0.027065 -0.0294487 -0.0311077 -0.0320798 -0.0324363 -0.0322855 -0.031768 -0.031068 -0.0304135 -0.0299998 -0.0299744 -0.0303931 -0.0312486 -0.0324811 -0.0339857 -0.0356391 -0.0372887 -0.0388217 
0 0.00447056 0.00873574 0.0126227 0.015969 0.0186385 0.0204922 0.0214243 0.0213998 0.0204566 0.0187231 0.016371 0.0136117 0.0106847 0.00782272 0.00522178 0.00301164 0.00125765 -1.99065e-05 -0.000834035 -0.00127012 -0.00145418 -0.00154484 -0.00168806 -0.0019773 -0.00252552 -0.00339703 -0.00463499 -0.00624192 -0.00817072 -0.0104152 -0.0129328 -0.0156698 -0.0185608 -0.0215429 -0.024576 -0.0276091 -0.0305729 -0.0334122 -0.0361084 -0.0386103 -0.0408854 -0.0428927 -0.0446158 -0.0460525 -0.047169 -0.0479558 -0.0484211 -0.04858 -0.0484152 -0.0479517 -0.0472081 -0.0462077 -0.0449694 -0.0435117 -0.0418741 -0.040088 -0.0381719 -0.0361456 -0.0340707 -0.0319511 -0.0298112 -0.0276894 -0.0256136 -0.0235846 -0.0216334 -0.0197799 -0.0180289 -0.0163909 -0.0148714 -0.0134805 -0.0122052 -0.0110532 -0.0100187 -0.00909982 -0.00827729 -0.00756097 -0.00692841 -0.00637973 -0.00590754 -0.00550823 -0.00515868 -0.0048659 -0.00462399 -0.00442675 -0.00425733 -0.00411878 -0.00401232 -0.00392746 -0.00385364 -0.00379904 -0.00375943 -0.00372223 -0.00369623 -0.00367862 -0.00366011 -0.00364571 -0.00364073 -0.00362945 -0.00362194 -0.00362051 -0.00361611 -0.00360947 -0.00361232 -0.00360977 -0.00360656 -0.0036091 -0.00360966 -0.00360486 -0.00360731 -0.00360637 -0.00359659 -0.00358803 -0.00357813 -0.00355685 -0.00352272 -0.0034814 -0.00342682 -0.00335479 -0.00325414 -0.00313275 -0.00298094 -0.00279764 -0.00256954 -0.00229919 -0.00197232 -0.00159651 -0.00114989 -0.000634078 -3.75108e-05 0.000641978 0.00142198 0.00229695 0.00328011 0.00437262 0.00558319 0.00691219 0.00834826 0.0098997 0.0115636 0.0133202 0.0151553 0.0170847 0.0190655 0.021082 0.0231271 0.0251857 0.0272152 0.0292042 0.0311349 0.0329789 0.0347098 0.0362948 0.0377293 0.0389851 0.0400325 0.0408451 0.0414344 0.0417678 0.0418221 0.0415993 0.0410904 0.0402978 0.0391958 0.0377802 0.0360607 0.0340365 0.0316748 0.0289781 0.025948 0.0225815 0.0188804 0.0148187 0.0104388 0.0057742 0.000862618 -0.00422831 -0.00941153 -0.0145333 -0.0194374 -0.0239716 -0.0279832 -0.0313256 -0.0338884 -0.0356246 -0.0365689 -0.0368149 -0.0364806 -0.035747 -0.0348275 -0.0339758 -0.0334311 -0.0333421 -0.0337957 -0.0347741 -0.0362053 -0.0379731 -0.0399097 -0.0418613 -0.0436744 
0 0.00478513 0.00934608 0.0134573 0.016956 0.0196602 0.0214243 0.022145 0.0217668 0.0203622 0.018061 0.015069 0.0116426 0.00804479 0.00455048 0.00138272 -0.00130643 -0.00342783 -0.00494804 -0.00590371 -0.00636441 -0.00648899 -0.00644843 -0.00638314 -0.00646406 -0.00676295 -0.00739763 -0.00841318 -0.00979006 -0.0115523 -0.0136281 -0.0160143 -0.0186484 -0.0214576 -0.0243993 -0.0274162 -0.0304554 -0.0334545 -0.0363748 -0.039149 -0.0417786 -0.044188 -0.0463592 -0.0482782 -0.0499085 -0.051245 -0.0522598 -0.0529624 -0.0533299 -0.0533973 -0.0531304 -0.0525734 -0.0517385 -0.0506284 -0.0492732 -0.0477059 -0.0459448 -0.0440107 -0.041968 -0.0397981 -0.0375709 -0.0352926 -0.0329963 -0.030702 -0.028464 -0.0262676 -0.0241527 -0.0221397 -0.0202259 -0.0184292 -0.0167646 -0.0152432 -0.0138353 -0.0125678 -0.0114223 -0.0104048 -0.00948572 -0.00870246 -0.00800222 -0.00738692 -0.00684708 -0.00641151 -0.00602463 -0.00569583 -0.00541135 -0.00519147 -0.00500385 -0.00485059 -0.00471806 -0.00462318 -0.00454268 -0.00447953 -0.00442824 -0.00439155 -0.00435888 -0.00433777 -0.00431893 -0.00430367 -0.00429325 -0.00428634 -0.00427722 -0.00427354 -0.00427061 -0.00426709 -0.00426482 -0.00426523 -0.00426138 -0.00426248 -0.0042596 -0.00425339 -0.00424345 -0.00423871 -0.00421739 -0.00418884 -0.00414597 -0.00410533 -0.00403784 -0.00394534 -0.00381855 -0.00369333 -0.00351942 -0.00330021 -0.00302908 -0.00273344 -0.0023606 -0.00193371 -0.00142764 -0.000851413 -0.000168044 0.000592914 0.00145773 0.00243586 0.00354136 0.00475265 0.00609386 0.00756645 0.00913977 0.0108409 0.0126553 0.0145684 0.0165573 0.0186407 0.020754 0.0229218 0.0251015 0.0272803 0.029432 0.0315431 0.0335664 0.0354942 0.0373122 0.0389645 0.0404604 0.0417605 0.0428577 0.0437097 0.0443307 0.0446809 0.0447742 0.0445909 0.044109 0.0433605 0.0423102 0.0409604 0.0393008 0.0373399 0.0350524 0.0324493 0.0294896 0.0261859 0.0225457 0.0185182 0.0141494 0.00941587 0.0043777 -0.000913985 -0.0064131 -0.0119795 -0.0174807 -0.0227331 -0.027561 -0.0317972 -0.0352834 -0.0378946 -0.039595 -0.0404142 -0.040448 -0.039862 -0.0388333 -0.037636 -0.036537 -0.0357877 -0.0355904 -0.0359992 -0.0370342 -0.0385986 -0.0405438 -0.0427135 -0.0448885 -0.046935 
0 0.0049344 0.00960269 0.0137969 0.0172691 0.0198637 0.0213998 0.0217668 0.0209447 0.0189752 0.0160393 0.0123508 0.00820523 0.00390667 -0.000248521 -0.00400631 -0.00718706 -0.00967636 -0.0114484 -0.012514 -0.0129952 -0.0130262 -0.0127972 -0.0124979 -0.0122617 -0.0122524 -0.0125382 -0.0131914 -0.0142333 -0.0156467 -0.0174197 -0.0195112 -0.0218725 -0.024446 -0.0271903 -0.0300215 -0.032918 -0.0358101 -0.0386435 -0.0414088 -0.044024 -0.0464835 -0.0487545 -0.0507852 -0.0525751 -0.0541021 -0.055331 -0.0562788 -0.0569194 -0.0572357 -0.057263 -0.0569669 -0.0563657 -0.055492 -0.0543447 -0.0529469 -0.0513301 -0.0495125 -0.0475168 -0.0453808 -0.0431295 -0.040798 -0.0384154 -0.0360121 -0.0335982 -0.031215 -0.0288945 -0.0266314 -0.0244718 -0.022437 -0.020502 -0.0186872 -0.0170373 -0.0155113 -0.0141199 -0.0128798 -0.011766 -0.0107538 -0.00987111 -0.00911125 -0.00844601 -0.00784966 -0.00733736 -0.00691878 -0.00655989 -0.00624528 -0.0059858 -0.00577595 -0.00560024 -0.00546417 -0.00534466 -0.00525014 -0.00518339 -0.0051292 -0.00507491 -0.00504848 -0.00502219 -0.00499654 -0.00498281 -0.00497723 -0.00495796 -0.00495695 -0.00495453 -0.00494541 -0.00494164 -0.0049481 -0.00493562 -0.00493177 -0.00492953 -0.00491847 -0.0048991 -0.00487869 -0.00483957 -0.00480038 -0.00474417 -0.00465198 -0.00454042 -0.00442303 -0.00426488 -0.00404945 -0.00379394 -0.00350938 -0.00317099 -0.00274397 -0.00225455 -0.00169894 -0.00104132 -0.000287019 0.000545197 0.00151622 0.00261394 0.00381422 0.00514311 0.00661488 0.00819874 0.00991117 0.0117518 0.013696 0.0157293 0.0178452 0.0200347 0.0222655 0.0245315 0.0268084 0.029062 0.0312784 0.0334359 0.035492 0.0374514 0.0392792 0.0409267 0.0424141 0.0436909 0.0447369 0.0455638 0.0461365 0.0464497 0.0465147 0.0462964 0.0458066 0.0450555 0.0440055 0.0426941 0.0410937 0.0391998 0.0370193 0.0345224 0.0317055 0.0285509 0.0250492 0.0211801 0.0169531 0.0123438 0.007382 0.0020992 -0.00346911 -0.00921511 -0.0150457 -0.0207808 -0.0262406 -0.0312306 -0.0355551 -0.03905 -0.0415925 -0.0431414 -0.043721 -0.0434622 -0.0425122 -0.0411237 -0.0395667 -0.0381304 -0.0371196 -0.0366914 -0.0369853 -0.0379668 -0.0395491 -0.0415963 -0.0438645 -0.0462017 -0.0483879 
0 0.00491425 0.00955021 0.0136464 0.0169602 0.0192895 0.0204566 0.0203622 0.0189752 0.0163706 0.0127293 0.00829903 0.00341204 -0.00160347 -0.00642421 -0.0107668 -0.0144374 -0.0172964 -0.0192975 -0.0204882 -0.0209567 -0.0208784 -0.0204425 -0.0198265 -0.0192517 -0.0188277 -0.0186877 -0.0188998 -0.0194689 -0.0204534 -0.0217812 -0.0234488 -0.0254062 -0.0275981 -0.029998 -0.0325268 -0.0351448 -0.0378029 -0.0404691 -0.0430725 -0.0456007 -0.0480005 -0.0502651 -0.0523573 -0.0542389 -0.0559109 -0.0573366 -0.0585171 -0.0593924 -0.0600069 -0.0603224 -0.0603404 -0.0600626 -0.0594915 -0.0586363 -0.0575129 -0.0561246 -0.0544981 -0.052701 -0.0506803 -0.0485218 -0.0462417 -0.0438588 -0.0413914 -0.0389155 -0.0364184 -0.0339433 -0.031506 -0.029134 -0.0268543 -0.0246685 -0.0226202 -0.0206994 -0.0189113 -0.0172551 -0.0157676 -0.0143968 -0.0131903 -0.0121056 -0.0111395 -0.0102736 -0.0095502 -0.00890752 -0.0083547 -0.00786042 -0.00746285 -0.00712729 -0.00683983 -0.00658613 -0.00640444 -0.00624063 -0.0061057 -0.00600711 -0.00592872 -0.00585109 -0.00581235 -0.00577436 -0.00573459 -0.00571719 -0.00570819 -0.00568101 -0.00567792 -0.00567709 -0.00566177 -0.00565618 -0.00566218 -0.00564278 -0.00563644 -0.00562902 -0.00560152 -0.00556622 -0.00554348 -0.00547859 -0.00539959 -0.00530461 -0.00519605 -0.00503681 -0.00484581 -0.00460168 -0.00434237 -0.00400695 -0.00360863 -0.00313237 -0.00259936 -0.00196207 -0.00125139 -0.000410508 0.000532228 0.00159867 0.00278357 0.00410563 0.00554648 0.00713726 0.00885276 0.0106884 0.0126434 0.0146834 0.0168339 0.0190555 0.0213275 0.0236373 0.0259866 0.0282822 0.0305759 0.0328142 0.0349677 0.0370119 0.0389361 0.0406996 0.0422858 0.0436752 0.0448471 0.0458137 0.0465194 0.0469901 0.0471956 0.0471621 0.0468505 0.0462845 0.045475 0.0444035 0.0430856 0.0415026 0.0396661 0.0375631 0.0351883 0.032503 0.0295376 0.0262363 0.0225959 0.0186069 0.014222 0.00949437 0.00438106 -0.00106281 -0.00677816 -0.0126922 -0.0186463 -0.0244975 -0.0300404 -0.0350558 -0.0393468 -0.042733 -0.0450903 -0.046384 -0.0466333 -0.0459672 -0.0445817 -0.042723 -0.0407154 -0.0388587 -0.0374516 -0.0367108 -0.0367391 -0.0375479 -0.0390292 -0.0410165 -0.0432974 -0.0456489 -0.0478902 
0 0.00475265 0.00920082 0.0130755 0.0160876 0.0180333 0.0187231 0.018061 0.0160393 0.0127293 0.0083399 0.00313945 -0.00251214 -0.0082545 -0.01374 -0.0186675 -0.0228138 -0.0260194 -0.0282408 -0.0295113 -0.0299564 -0.0297385 -0.0290569 -0.0281248 -0.0271465 -0.0262918 -0.0256702 -0.0253652 -0.0254168 -0.025865 -0.0266787 -0.0278348 -0.0292948 -0.0310182 -0.0329822 -0.0350947 -0.0373339 -0.0396542 -0.0420199 -0.0443947 -0.0467211 -0.0489883 -0.0511803 -0.0532433 -0.0551511 -0.0569018 -0.058459 -0.0598221 -0.0609361 -0.0618082 -0.0624384 -0.0627811 -0.0628346 -0.0626117 -0.0621106 -0.0613245 -0.0602617 -0.0589413 -0.0573947 -0.0556027 -0.0536204 -0.0514801 -0.0491967 -0.0467943 -0.0443108 -0.0417756 -0.039221 -0.0366567 -0.0341337 -0.0316859 -0.029287 -0.0269875 -0.0248248 -0.0227783 -0.0208605 -0.0191142 -0.0174999 -0.0160245 -0.0147007 -0.0135303 -0.0124827 -0.0115524 -0.0107336 -0.0100376 -0.00942464 -0.0088968 -0.00845174 -0.00807018 -0.00774479 -0.00749172 -0.00726691 -0.00707832 -0.00694387 -0.00682961 -0.00672301 -0.00666181 -0.00660859 -0.0065525 -0.00652658 -0.0065095 -0.0064756 -0.00646759 -0.00646459 -0.00644215 -0.00643401 -0.0064357 -0.00640825 -0.00638888 -0.00637387 -0.00633062 -0.00627499 -0.00621926 -0.00612552 -0.00601386 -0.00587906 -0.0056974 -0.00547294 -0.00522336 -0.00490852 -0.00452562 -0.00407317 -0.00356237 -0.00296141 -0.0022529 -0.00144135 -0.000536599 0.000513405 0.00168141 0.00296312 0.00440097 0.00598668 0.00767429 0.0095008 0.0114563 0.0135077 0.0156569 0.017893 0.0201949 0.0225293 0.0248785 0.027238 0.0295794 0.0318489 0.0340598 0.036169 0.0381455 0.0399647 0.041615 0.0430823 0.0443384 0.0453516 0.0461479 0.0467056 0.0469925 0.0470432 0.046844 0.0464102 0.0457283 0.0448002 0.0436522 0.0422844 0.0406715 0.0388394 0.0367847 0.0344975 0.0319671 0.0291524 0.026074 0.0226884 0.0189726 0.0149004 0.0104602 0.00566163 0.000493218 -0.00501357 -0.010803 -0.0167628 -0.022762 -0.0286258 -0.0341502 -0.0390989 -0.0432498 -0.0464248 -0.0484978 -0.0494316 -0.0492458 -0.048084 -0.0461503 -0.0437374 -0.0411748 -0.0387832 -0.0368842 -0.0356816 -0.0353249 -0.0358069 -0.0370278 -0.0388247 -0.0409481 -0.0432038 -0.0453748 
0 0.004478 0.00863259 0.0121728 0.0147841 0.0162467 0.016371 0.015069 0.0123508 0.00829903 0.00313945 -0.002837 -0.00924762 -0.0157008 -0.0218323 -0.0273214 -0.0319239 -0.0354644 -0.0378916 -0.0392428 -0.0396531 -0.0392896 -0.0383547 -0.0370814 -0.0356861 -0.0343656 -0.0332359 -0.0323891 -0.0318886 -0.0317737 -0.0320337 -0.0326347 -0.0335483 -0.0347469 -0.0362074 -0.0378482 -0.0396425 -0.0415596 -0.0435643 -0.0456252 -0.0476793 -0.0497287 -0.0517587 -0.0537181 -0.0555808 -0.0573397 -0.0589698 -0.0604514 -0.0617383 -0.0628267 -0.0637236 -0.0643736 -0.0647667 -0.0649072 -0.064785 -0.06438 -0.0636889 -0.0627341 -0.0615283 -0.0600561 -0.0583501 -0.0564473 -0.054352 -0.052092 -0.0497024 -0.0472223 -0.044672 -0.0420649 -0.0394544 -0.0368749 -0.0343157 -0.0318261 -0.0294476 -0.0271589 -0.0249858 -0.0229685 -0.0210921 -0.0193563 -0.0177801 -0.016357 -0.0150762 -0.0139319 -0.0129246 -0.0120447 -0.0112659 -0.0105919 -0.0100229 -0.00952537 -0.00909901 -0.00875564 -0.00845746 -0.00820405 -0.00801393 -0.00785201 -0.00770935 -0.0076157 -0.00753767 -0.00746227 -0.00742072 -0.00739042 -0.00734868 -0.00733177 -0.00732169 -0.00729307 -0.00727747 -0.00726848 -0.00723202 -0.00719772 -0.00716349 -0.00709593 -0.00701395 -0.00692325 -0.00678764 -0.00662056 -0.0064295 -0.00618303 -0.00587989 -0.00553025 -0.00511238 -0.00461357 -0.00403257 -0.00336401 -0.0025906 -0.00169475 -0.000687965 0.00043731 0.00171728 0.00313214 0.00466395 0.00635102 0.00817645 0.0101022 0.012153 0.0143181 0.0165537 0.0188515 0.0212064 0.0235897 0.025969 0.0283205 0.0306408 0.0328852 0.0350124 0.0370252 0.0388967 0.0405877 0.0420801 0.0433659 0.0444356 0.0452631 0.0458288 0.0461722 0.0462722 0.0461098 0.0457136 0.0450915 0.0442484 0.043182 0.041898 0.0404295 0.0387795 0.0369158 0.0348687 0.0326348 0.0302054 0.0275562 0.0246569 0.0215166 0.0180984 0.0143628 0.0102736 0.00582878 0.00102157 -0.00415111 -0.00966849 -0.0154637 -0.0214087 -0.0273689 -0.0331596 -0.0385699 -0.0433479 -0.0472607 -0.0501253 -0.0518207 -0.0523039 -0.0515976 -0.0498517 -0.0472882 -0.0442308 -0.0410189 -0.0379916 -0.035479 -0.0336956 -0.0328085 -0.0328153 -0.0336221 -0.0350627 -0.036885 -0.0388956 -0.0408759 
0 0.00411831 0.00790574 0.0110281 0.0131786 0.0140981 0.0136117 0.0116426 0.00820523 0.00341204 -0.00251214 -0.00924762 -0.0163946 -0.0235326 -0.0302875 -0.0363124 -0.0413498 -0.045215 -0.0478303 -0.0492692 -0.0496373 -0.0491344 -0.047963 -0.0463462 -0.0445598 -0.0427688 -0.0411386 -0.0397593 -0.0386969 -0.0380272 -0.0377242 -0.0377684 -0.0381326 -0.0387989 -0.0397321 -0.0408841 -0.0421974 -0.0436645 -0.0452716 -0.0469481 -0.0486871 -0.0504566 -0.0522548 -0.0540475 -0.0557922 -0.0574831 -0.0591161 -0.0606521 -0.0620413 -0.063308 -0.0644099 -0.0653255 -0.0660275 -0.0665057 -0.0667505 -0.0667425 -0.0664521 -0.065895 -0.0650929 -0.0639937 -0.06264 -0.0610564 -0.0592449 -0.0572093 -0.0550152 -0.0526712 -0.0502005 -0.0476357 -0.0450187 -0.042371 -0.0397124 -0.0370932 -0.0345271 -0.0320338 -0.0296346 -0.0273667 -0.0252164 -0.0232221 -0.0213775 -0.0196867 -0.0181395 -0.0167632 -0.0155319 -0.0144382 -0.0134605 -0.012621 -0.0118952 -0.0112585 -0.0107065 -0.0102544 -0.00986222 -0.00952939 -0.00926342 -0.00904164 -0.00885213 -0.00871326 -0.00859914 -0.00849963 -0.00843343 -0.0083827 -0.00833044 -0.00829892 -0.0082749 -0.00823895 -0.00821033 -0.00818308 -0.00813254 -0.00807836 -0.008014 -0.00791557 -0.00779402 -0.00765807 -0.00746918 -0.00723562 -0.00696335 -0.00664067 -0.00623989 -0.00577059 -0.00521761 -0.00458632 -0.00384306 -0.00298945 -0.0020109 -0.000915566 0.000323068 0.00169219 0.00321464 0.004869 0.00666148 0.0085802 0.0106228 0.0127626 0.014999 0.0173096 0.0196709 0.0220593 0.0244493 0.0268373 0.0291697 0.0314238 0.0335897 0.0356422 0.0375101 0.0392238 0.0407533 0.0420547 0.0431222 0.0439675 0.0445664 0.0449074 0.0450032 0.044853 0.0444836 0.0438651 0.0430242 0.0419883 0.0407665 0.039337 0.0377384 0.0359941 0.0340867 0.0320301 0.0298048 0.0274414 0.0249208 0.022201 0.0192656 0.0161132 0.012699 0.00897746 0.00491932 0.000493085 -0.00427016 -0.00940927 -0.0148901 -0.0206226 -0.026504 -0.0323477 -0.0379969 -0.0432138 -0.0477336 -0.0513269 -0.0537945 -0.0550288 -0.0549783 -0.0536756 -0.0512655 -0.0480049 -0.0442221 -0.0402823 -0.036536 -0.0332985 -0.0308326 -0.0292761 -0.028669 -0.0289164 -0.0298375 -0.031228 -0.0328483 -0.0345291 
0 0.00372322 0.00709658 0.00977702 0.0114296 0.0117893 0.0106847 0.00804479 0.00390667 -0.00160347 -0.0082545 -0.0157008 -0.0235326 -0.0313164 -0.038644 -0.0451804 -0.0506277 -0.0547977 -0.0576263 -0.0591396 -0.0595061 -0.0588837 -0.0574903 -0.0555946 -0.0534132 -0.0512078 -0.0491007 -0.0472065 -0.045638 -0.0444192 -0.0435918 -0.0431071 -0.0429476 -0.0431029 -0.0435428 -0.0442038 -0.0450557 -0.0460843 -0.0472525 -0.0485589 -0.049928 -0.0513841 -0.0529109 -0.0544681 -0.0560343 -0.0576013 -0.0591585 -0.060667 -0.0621211 -0.0634638 -0.0647284 -0.0658476 -0.0667927 -0.0675657 -0.0681511 -0.0685001 -0.0686086 -0.0684814 -0.0680703 -0.067405 -0.066453 -0.0652483 -0.0637851 -0.0620914 -0.0601516 -0.0580336 -0.0557394 -0.0532927 -0.0507405 -0.0481227 -0.0454427 -0.0427268 -0.0400476 -0.0373973 -0.0348103 -0.0323112 -0.0299433 -0.0276656 -0.0255435 -0.0235821 -0.0217921 -0.0201244 -0.0186327 -0.0172972 -0.0161225 -0.0150642 -0.0141461 -0.0133394 -0.0126549 -0.0120569 -0.0115496 -0.0111137 -0.01076 -0.0104565 -0.0102089 -0.0100062 -0.009847 -0.00971211 -0.00961236 -0.00952944 -0.00946335 -0.00940776 -0.00936341 -0.0093123 -0.00926651 -0.00921055 -0.00914224 -0.00905231 -0.00895148 -0.00881377 -0.00864712 -0.00843348 -0.00818481 -0.00787759 -0.00751733 -0.00706479 -0.00655054 -0.0059527 -0.00526161 -0.00442383 -0.0034939 -0.00244359 -0.00125901 9.74492e-05 0.00156523 0.00318827 0.0049514 0.0068497 0.00884843 0.0109889 0.0132221 0.0155171 0.0178699 0.0202745 0.0226785 0.0250592 0.0274266 0.0297071 0.0318858 0.0339383 0.0358567 0.0375757 0.0391179 0.0404271 0.0415157 0.0423579 0.0429422 0.0432768 0.0433792 0.0432233 0.0428113 0.0422025 0.0413558 0.0403048 0.0390565 0.0376496 0.0360761 0.0343577 0.0324931 0.0305176 0.0284432 0.0262236 0.0239051 0.0214696 0.0189065 0.0161748 0.0132546 0.0101195 0.00674964 0.00307814 -0.000942465 -0.00528774 -0.0100083 -0.0150693 -0.0204666 -0.0261185 -0.0318549 -0.0375513 -0.0429857 -0.0479335 -0.0521328 -0.0553196 -0.0573246 -0.0580271 -0.0573751 -0.0554144 -0.0522918 -0.0482715 -0.0437153 -0.038981 -0.0344368 -0.0304091 -0.0271453 -0.0248296 -0.0234829 -0.0230365 -0.0233312 -0.0241422 -0.0252842 -0.0265614 
0 0.00332797 0.00629898 0.00853293 0.00970554 0.00952086 0.00782272 0.00455048 -0.000248521 -0.00642421 -0.01374 -0.0218323 -0.0302875 -0.038644 -0.0465023 -0.0534892 -0.0593143 -0.0637873 -0.0668037 -0.0684453 -0.0688152 -0.0681188 -0.0665722 -0.064411 -0.0619327 -0.0593355 -0.056813 -0.0544799 -0.0524371 -0.0507539 -0.0494477 -0.0484895 -0.0478638 -0.0475663 -0.0475386 -0.0477785 -0.0482018 -0.0488172 -0.0496113 -0.0505176 -0.0515483 -0.052669 -0.0538823 -0.0551749 -0.0565207 -0.0578989 -0.0593314 -0.0607587 -0.0621657 -0.0635509 -0.0648712 -0.0661214 -0.0672589 -0.0682696 -0.0691224 -0.0698022 -0.0702649 -0.0705105 -0.0705241 -0.0702823 -0.0697659 -0.0689874 -0.0679374 -0.0666009 -0.0650284 -0.0632184 -0.0611809 -0.058955 -0.0565699 -0.0540277 -0.0514003 -0.0487095 -0.045972 -0.0432254 -0.0405075 -0.0378309 -0.0352337 -0.0327475 -0.0303846 -0.0281429 -0.0260417 -0.0241214 -0.022371 -0.0207643 -0.0193136 -0.0180349 -0.0169015 -0.0159033 -0.0150282 -0.0142699 -0.013621 -0.0130696 -0.0125916 -0.0121949 -0.011867 -0.0115914 -0.0113643 -0.0111871 -0.0110359 -0.0109151 -0.0108192 -0.0107345 -0.0106548 -0.0105863 -0.0105061 -0.0104153 -0.0103141 -0.0101895 -0.0100278 -0.00983871 -0.00960649 -0.00932566 -0.00898474 -0.00857273 -0.00808828 -0.00753485 -0.00686986 -0.00608437 -0.0051976 -0.00419914 -0.00305101 -0.00175052 -0.000310404 0.00126214 0.00298106 0.00484773 0.00683436 0.00894196 0.0111593 0.0134464 0.015789 0.0181954 0.0206076 0.023011 0.0253828 0.0276811 0.0298744 0.0319631 0.0338906 0.0356401 0.0371947 0.0385252 0.0396087 0.0404479 0.0410456 0.0413734 0.0414471 0.0412744 0.0408581 0.0401939 0.0393266 0.0382432 0.0369848 0.0355521 0.0339482 0.0322279 0.0303837 0.0284195 0.0263715 0.0242567 0.0220536 0.0197916 0.0174254 0.0149854 0.0124443 0.00973838 0.0068768 0.00380768 0.000507423 -0.00308736 -0.00701173 -0.0112864 -0.0159014 -0.0208736 -0.0261643 -0.0316642 -0.0372531 -0.0427216 -0.0479013 -0.052527 -0.0563307 -0.0590755 -0.0605569 -0.0606848 -0.0593911 -0.0567336 -0.0528613 -0.0480605 -0.0426874 -0.0371207 -0.0317374 -0.0268443 -0.0227377 -0.0195643 -0.017396 -0.0161696 -0.0157209 -0.015893 -0.0164555 -0.017279 
0 0.00297023 0.00556987 0.00739994 0.00813115 0.00745405 0.00522178 0.00138272 -0.00400631 -0.0107668 -0.0186675 -0.0273214 -0.0363124 -0.0451804 -0.0534892 -0.0608869 -0.0670497 -0.071789 -0.0750127 -0.0767607 -0.0771791 -0.0764408 -0.0747789 -0.0724534 -0.0697236 -0.0668427 -0.0639853 -0.0612877 -0.0588726 -0.0567885 -0.0550834 -0.053732 -0.0527198 -0.0520386 -0.0516408 -0.0515032 -0.05157 -0.0518326 -0.0522616 -0.0528359 -0.0535348 -0.0543464 -0.0552665 -0.0562811 -0.0573747 -0.0585405 -0.0597806 -0.0610571 -0.0623874 -0.0637191 -0.0650502 -0.0663581 -0.0675985 -0.0687651 -0.069831 -0.0707595 -0.0715364 -0.0721397 -0.072512 -0.0726785 -0.0725861 -0.0722355 -0.0716186 -0.070733 -0.0695621 -0.0681263 -0.0664287 -0.0645013 -0.0623608 -0.0600285 -0.0575531 -0.0549341 -0.0522249 -0.0494644 -0.046684 -0.0438947 -0.0411611 -0.0384679 -0.0358711 -0.0333914 -0.0310544 -0.0288437 -0.0267955 -0.024906 -0.0232089 -0.0216629 -0.0202699 -0.0190409 -0.0179724 -0.0170157 -0.0161965 -0.0154933 -0.014881 -0.0143632 -0.0139385 -0.0135647 -0.0132599 -0.0130178 -0.0128055 -0.0126271 -0.0124925 -0.0123604 -0.0122375 -0.0121314 -0.0120112 -0.0118684 -0.0117236 -0.0115391 -0.0113139 -0.0110571 -0.0107439 -0.0103518 -0.00991363 -0.00938855 -0.00875885 -0.00802513 -0.00719477 -0.00622954 -0.00513676 -0.00388228 -0.00249722 -0.00096912 0.000705124 0.00254051 0.00449105 0.00658069 0.00876288 0.0110375 0.0133839 0.0157886 0.0182047 0.0206276 0.0230051 0.0253234 0.0275546 0.0296601 0.031623 0.0333986 0.0349664 0.0363141 0.0374245 0.0382669 0.0388759 0.0392 0.0392645 0.0390733 0.0386275 0.0379428 0.0370477 0.0359318 0.0346311 0.0331639 0.0315303 0.029778 0.0279023 0.0259463 0.0239118 0.0218151 0.0196655 0.017479 0.0152497 0.0129744 0.0106452 0.00825443 0.00577831 0.0031656 0.000403991 -0.00256378 -0.00575741 -0.00924257 -0.0130576 -0.0172008 -0.021701 -0.026532 -0.0316627 -0.0369932 -0.0423601 -0.0475917 -0.0524692 -0.056733 -0.0601245 -0.062379 -0.063323 -0.0628454 -0.0608896 -0.057525 -0.0528965 -0.04731 -0.0411222 -0.0347145 -0.0284727 -0.0227042 -0.0177057 -0.0136429 -0.010593 -0.00851892 -0.0072832 -0.00674014 -0.00669715 -0.00702687 
0 0.00266901 0.00495214 0.00643879 0.00679062 0.0056964 0.00301164 -0.00130643 -0.00718706 -0.0144374 -0.0228138 -0.0319239 -0.0413498 -0.0506277 -0.0593143 -0.0670497 -0.0735044 -0.0784891 -0.0819086 -0.083796 -0.0842889 -0.0835598 -0.0818484 -0.079414 -0.0765205 -0.0734253 -0.0703186 -0.0673548 -0.0646577 -0.0622801 -0.060274 -0.0586227 -0.0573159 -0.0563384 -0.0556412 -0.0552122 -0.0549967 -0.0549795 -0.0551275 -0.0554185 -0.0558421 -0.0563794 -0.0570237 -0.0577732 -0.0586233 -0.0595652 -0.0605995 -0.061696 -0.0628805 -0.0641069 -0.065369 -0.0666597 -0.0679437 -0.0692068 -0.0704105 -0.0715285 -0.0725445 -0.0734272 -0.0741248 -0.0746608 -0.0749724 -0.0750455 -0.0748632 -0.0744169 -0.0736937 -0.0726909 -0.0714051 -0.0698621 -0.0680578 -0.0660004 -0.0637597 -0.0613307 -0.0587481 -0.0560545 -0.0532878 -0.0504548 -0.0476275 -0.0448129 -0.0420567 -0.0393635 -0.0367761 -0.0343163 -0.0320066 -0.0298327 -0.0278425 -0.0260175 -0.0243561 -0.0228756 -0.0215641 -0.0203823 -0.0193641 -0.0184857 -0.017706 -0.0170444 -0.0164948 -0.0160074 -0.0156007 -0.0152749 -0.014981 -0.0147314 -0.0145345 -0.0143419 -0.0141577 -0.0139987 -0.0138174 -0.013611 -0.0134025 -0.0131466 -0.012833 -0.0124869 -0.0120726 -0.0115626 -0.0109866 -0.0103081 -0.00950853 -0.00859763 -0.00755912 -0.00635838 -0.0050312 -0.00355242 -0.00192018 -0.000133404 0.00178195 0.00383216 0.00598546 0.00825494 0.0105866 0.0129833 0.0154138 0.0178419 0.0202311 0.0225924 0.0248518 0.0269898 0.0289872 0.0308001 0.0324058 0.0337866 0.0349253 0.0358093 0.0364238 0.0367521 0.0368364 0.0366363 0.0361827 0.0354932 0.0345738 0.0334311 0.0321008 0.0305872 0.0289302 0.0271417 0.0252355 0.0232609 0.0212067 0.0191085 0.0169723 0.014818 0.0126513 0.0104772 0.00828905 0.00608861 0.00385236 0.00156562 -0.000795642 -0.00327855 -0.00589726 -0.00871835 -0.0117646 -0.0150949 -0.0187508 -0.0227382 -0.0270831 -0.0317538 -0.0367029 -0.0418266 -0.0469574 -0.0519098 -0.0564553 -0.0603268 -0.0632691 -0.0650228 -0.0654132 -0.0643286 -0.0617199 -0.0576636 -0.0523105 -0.0459702 -0.0390001 -0.0317837 -0.0247082 -0.0180826 -0.0122045 -0.00724722 -0.00330329 -0.000358747 0.00169518 0.00297694 0.00365246 0.003829 
0 0.0024288 0.00445587 0.00566744 0.00571345 0.00429276 0.00125765 -0.00342783 -0.00967636 -0.0172964 -0.0260194 -0.0354644 -0.045215 -0.0547977 -0.0637873 -0.071789 -0.0784891 -0.0836958 -0.087294 -0.0893404 -0.0899246 -0.0892468 -0.0875468 -0.0850639 -0.0820988 -0.0788689 -0.0756038 -0.0724674 -0.0695724 -0.0669963 -0.0647772 -0.0629191 -0.0614124 -0.0602381 -0.0593289 -0.058699 -0.058278 -0.0580479 -0.0579902 -0.0580534 -0.0582721 -0.0585985 -0.0590258 -0.0595578 -0.0601996 -0.0609307 -0.0617618 -0.0626772 -0.063688 -0.0647938 -0.065945 -0.0671653 -0.0684259 -0.0697121 -0.070973 -0.0722148 -0.0734061 -0.0745 -0.0754707 -0.0763059 -0.0769677 -0.0774224 -0.0776612 -0.0776439 -0.0773854 -0.0768325 -0.0759917 -0.0748817 -0.0734922 -0.0718022 -0.0698867 -0.0677409 -0.0653709 -0.062838 -0.0601793 -0.0574072 -0.0545605 -0.051694 -0.0488321 -0.0459972 -0.0432138 -0.0405476 -0.0379866 -0.0355506 -0.0332759 -0.0311771 -0.0292263 -0.0274741 -0.025892 -0.0244675 -0.023215 -0.0221303 -0.0211541 -0.0203252 -0.0196189 -0.018997 -0.018463 -0.0180299 -0.0176321 -0.0172929 -0.0170071 -0.0167357 -0.0164692 -0.0162356 -0.0159712 -0.0156846 -0.0153849 -0.0150381 -0.014615 -0.0141553 -0.0136043 -0.0129525 -0.012208 -0.0113501 -0.0103391 -0.00921844 -0.00794436 -0.00650322 -0.00491702 -0.00320089 -0.00131554 0.000701827 0.0028341 0.00506513 0.00739867 0.00979479 0.0122152 0.0146544 0.0170949 0.019465 0.0217485 0.0239516 0.0259851 0.0278344 0.0294993 0.0309389 0.0321066 0.0330324 0.0336791 0.0340528 0.0341398 0.0339613 0.0335244 0.0328325 0.0318961 0.0307457 0.0294051 0.0278747 0.0261914 0.0243764 0.0224735 0.0204568 0.0183904 0.0162913 0.0141611 0.012025 0.00989272 0.00777462 0.00567929 0.00359495 0.00150445 -0.00055436 -0.00265275 -0.00478171 -0.00697619 -0.00928343 -0.0117157 -0.014353 -0.0172234 -0.020374 -0.0238401 -0.0276571 -0.0318123 -0.0362986 -0.0410388 -0.0459182 -0.0507983 -0.0554393 -0.0596363 -0.0631015 -0.0655782 -0.0668361 -0.0666742 -0.0650003 -0.0617665 -0.0570569 -0.0510387 -0.0440103 -0.0363284 -0.0283751 -0.0205305 -0.0131035 -0.00639163 -0.000566099 0.00425506 0.00806354 0.0109366 0.0129508 0.0142552 0.014922 
0 0.00225018 0.00408848 0.00509089 0.00491501 0.00325966 -1.99065e-05 -0.00494804 -0.0114484 -0.0192975 -0.0282408 -0.0378916 -0.0478303 -0.0576263 -0.0668037 -0.0750127 -0.0819086 -0.087294 -0.091096 -0.093284 -0.0940122 -0.0934244 -0.0917676 -0.089321 -0.0863128 -0.083029 -0.0796671 -0.0764182 -0.0734122 -0.0707121 -0.0683624 -0.0663861 -0.0647697 -0.0634681 -0.062463 -0.0616946 -0.0611662 -0.0608233 -0.060618 -0.0605633 -0.060631 -0.0608144 -0.0610886 -0.0614609 -0.0619278 -0.0625104 -0.0631646 -0.0639085 -0.0647788 -0.0657253 -0.066759 -0.067874 -0.0690662 -0.0703093 -0.0715917 -0.0728693 -0.0741629 -0.0754172 -0.076576 -0.0776572 -0.0786196 -0.0794097 -0.0800062 -0.08042 -0.080583 -0.0804833 -0.08011 -0.0794707 -0.0785186 -0.0772814 -0.0757712 -0.0739799 -0.0719273 -0.0696642 -0.0672048 -0.0645744 -0.0618311 -0.0589888 -0.0560928 -0.0531797 -0.050301 -0.0474605 -0.0446912 -0.0420216 -0.0395144 -0.0371338 -0.0349031 -0.0328588 -0.0310098 -0.029309 -0.0278035 -0.0264688 -0.0252833 -0.0242453 -0.0233593 -0.0225657 -0.0218889 -0.0213084 -0.0207917 -0.0203288 -0.0199354 -0.0195513 -0.0191889 -0.018842 -0.0184803 -0.0180812 -0.0176707 -0.0171914 -0.0166451 -0.016031 -0.0153206 -0.0144759 -0.0135417 -0.012467 -0.011231 -0.00984391 -0.00832903 -0.00664243 -0.0048087 -0.00282417 -0.000723338 0.00149134 0.00380011 0.00619656 0.00862978 0.0110908 0.0135387 0.0159468 0.018288 0.0205224 0.0226129 0.0245346 0.026257 0.0277387 0.0289847 0.029965 0.0306724 0.0310781 0.0312214 0.0310851 0.0306646 0.0299835 0.0290895 0.0279432 0.0265821 0.0250672 0.0233822 0.0215584 0.0196303 0.0176286 0.0155623 0.0134653 0.01133 0.00922121 0.00712768 0.00503874 0.00299493 0.000999474 -0.000959785 -0.00289618 -0.00479377 -0.0066838 -0.00856105 -0.0104877 -0.0124811 -0.0145539 -0.0167804 -0.019199 -0.0218632 -0.024808 -0.0280756 -0.0316857 -0.0356627 -0.0399434 -0.0444603 -0.0491119 -0.053697 -0.0580451 -0.0618657 -0.0649129 -0.0669421 -0.0676892 -0.0670178 -0.0647816 -0.0609753 -0.0556852 -0.049073 -0.0414485 -0.033143 -0.0245434 -0.0160163 -0.00787477 -0.000396908 0.0062271 0.0118758 0.0165098 0.0201579 0.022887 0.0247798 0.0259098 
