0 0 0 0 0 0 0 0 0 0 0 0 0 0 0 0 0 0 0 0 0 0 0 0 0 0 0 0 0 0 0 0 0 0 0 0 0 0 0 0 0 0 0 0 0 0 0 0 0 0 0 0 0 0 0 0 0 0 0 0 0 0 0 0 0 0 0 0 0 0 0 0 0 0 0 0 0 0 0 0 0 0 0 0 0 0 0 0 0 0 0 0 0 0 0 0 0 0 0 0 0 0 0 0 0 0 0 0 0 0 0 0 0 0 0 0 0 0 0 0 0 0 0 0 0 0 0 0 0 0 0 0 0 0 0 0 0 0 0 0 0 0 0 0 0 0 0 0 0 0 0 0 0 0 0 0 0 0 0 0 0 0 0 0 0 0 0 0 0 0 0 0 0 0 0 0 0 0 0 0 0 0 0 0 0 0 0 0 0 0 0 0 0 0 0 0 0 0 0 0 
0 0.000741003 0.00142354 0.00198073 0.00237483 0.00256251 0.00254889 0.00235167 0.00200364 0.00155122 0.00103042 0.000491459 -3.04103e-05 -0.00050032 -0.000911953 -0.0012591 -0.00155012 -0.00179546 -0.00200168 -0.00221204 -0.00243639 -0.00270692 -0.00302452 -0.00338431 -0.00380675 -0.00427387 -0.004789 -0.00532796 -0.00587952 -0.00644025 -0.00700105 -0.00754078 -0.00804345 -0.00851058 -0.0089209 -0.00928676 -0.0095756 -0.00979049 -0.00995004 -0.0100288 -0.0100402 -0.00997776 -0.00984374 -0.00965614 -0.00940739 -0.00909169 -0.00874562 -0.00836271 -0.00794093 -0.00750403 -0.0070451 -0.00658529 -0.00612607 -0.00566545 -0.00522302 -0.00480614 -0.00440094 -0.0040135 -0.00365846 -0.00332889 -0.0030186 -0.00273586 -0.00248984 -0.00225614 -0.00204131 -0.00185749 -0.00168944 -0.00154025 -0.00141636 -0.00130307 -0.00120106 -0.00111953 -0.00104429 -0.000986621 -0.000941251 -0.000897833 -0.000858782 -0.000831525 -0.000809287 -0.000797759 -0.000781222 -0.000759896 -0.000753925 -0.000754741 -0.000742797 -0.000732493 -0.000732648 -0.000729299 -0.000724403 -0.000720517 -0.000718854 -0.000715704 -0.000714099 -0.000710926 -0.000710753 -0.000707203 -0.000706727 -0.000705585 -0.000704697 -0.000701843 -0.00070395 -0.000701612 -0.00070141 -0.000701278 -0.000702261 -0.000700434 -0.000702744 -0.000702284 -0.000703209 -0.000702922 -0.000706074 -0.000707716 -0.000706519 -0.00070609 -0.000714975 -0.000716565 -0.000710676 -0.000714967 -0.00072396 -0.000725181 -0.000724421 -0.000723871 -0.000725349 -0.000735423 -0.000732695 -0.000723057 -0.00072222 -0.000719489 -0.00070453 -0.000695477 -0.000675381 -0.000644271 -0.000611607 -0.000571773 -0.000521204 -0.000463318 -0.000386424 -0.000296082 -0.000199642 -8.3448e-05 4.99915e-05 0.000198857 0.000364014 0.000559382 0.000777993 0.00100761 0.00126509 0.00155834 0.00186659 0.00220074 0.0025722 0.00295851 0.00337321 0.00380071 0.00423994 0.00470478 0.00516772 0.00562311 0.00608511 0.00653278 0.00695282 0.0073524 0.00770864 0.00803891 0.00832113 0.00853923 0.00870748 0.00880846 0.00883856 0.00878102 0.00863673 0.00840021 0.00807439 0.00764006 0.00709484 0.00645286 0.00570236 0.00486224 0.00392044 0.00289969 0.00182851 0.000725857 -0.000373273 -0.00144653 -0.00245057 -0.00335377 -0.00412588 -0.00476625 -0.00526887 -0.0056412 -0.00589909 -0.00605132 -0.00615366 -0.00622717 -0.00632254 -0.0064662 -0.00666358 -0.00695026 -0.00730809 -0.00776029 
0 0.00142354 0.00272491 0.00379001 0.00451836 0.00484542 0.00477249 0.00433271 0.00360171 0.00266428 0.00159792 0.000503191 -0.000547297 -0.00149565 -0.00230638 -0.00299568 -0.00356039 -0.00401898 -0.00442008 -0.00478692 -0.00520624 -0.00569635 -0.00626176 -0.00694527 -0.00770513 -0.00859392 -0.00956659 -0.0105815 -0.0116551 -0.0127222 -0.0138087 -0.0148542 -0.0158285 -0.0167316 -0.017548 -0.0182575 -0.0188371 -0.0192853 -0.0195882 -0.0197789 -0.0198005 -0.0196888 -0.0194504 -0.0190954 -0.0186251 -0.0180375 -0.0173754 -0.0166244 -0.0158316 -0.0149607 -0.014079 -0.0131927 -0.0122931 -0.0113904 -0.0105284 -0.00968899 -0.00887283 -0.00812383 -0.00739804 -0.00674921 -0.00613102 -0.00555825 -0.0050363 -0.00458541 -0.00414593 -0.00377264 -0.00344618 -0.00314152 -0.00286646 -0.00263824 -0.00245398 -0.00227341 -0.00212631 -0.00200614 -0.00190636 -0.0017949 -0.00174969 -0.00169732 -0.00163431 -0.00158021 -0.00157767 -0.00154357 -0.00152193 -0.00149888 -0.00149207 -0.00147632 -0.0014754 -0.00145681 -0.00145328 -0.00144643 -0.00144472 -0.00143434 -0.00143253 -0.00142665 -0.00142671 -0.00141926 -0.00141798 -0.00141633 -0.00141403 -0.0014093 -0.00141234 -0.00140862 -0.0014073 -0.00140778 -0.00140959 -0.00140591 -0.00140929 -0.00140856 -0.00141334 -0.00141085 -0.00141443 -0.00141517 -0.00142414 -0.00142078 -0.00142909 -0.00142323 -0.00143727 -0.0014463 -0.00144691 -0.00142768 -0.00146122 -0.00146767 -0.00145481 -0.00144423 -0.00146685 -0.00144613 -0.00144095 -0.0014259 -0.00140451 -0.001355 -0.00132036 -0.00127292 -0.00120048 -0.00109866 -0.00099947 -0.000877001 -0.000705336 -0.000544882 -0.000344959 -9.87186e-05 0.000181623 0.000470871 0.000830866 0.00120524 0.00164146 0.00211434 0.00263618 0.00321856 0.00384978 0.00451259 0.005227 0.0060084 0.0068029 0.00764602 0.00850959 0.00941129 0.0102973 0.011187 0.0120598 0.0129129 0.013735 0.0144772 0.0151781 0.0157999 0.016327 0.0167366 0.0170381 0.0172039 0.0172427 0.0171063 0.0167882 0.0163215 0.0156357 0.0147699 0.0136773 0.0123774 0.0109058 0.00922156 0.00737256 0.00536609 0.00325558 0.0011056 -0.00105015 -0.0031422 -0.00509559 -0.00684701 -0.00833975 -0.00955914 -0.0105146 -0.0112018 -0.0116585 -0.0119224 -0.0120625 -0.0121734 -0.0123125 -0.0125487 -0.0129141 -0.013427 -0.0141185 -0.0149814 
0 0.00198073 0.00379001 0.00523733 0.00620101 0.00657206 0.00635704 0.00561138 0.0044369 0.00296703 0.00131917 -0.000361893 -0.00196636 -0.00339508 -0.00461927 -0.00562511 -0.00643204 -0.00707208 -0.00757837 -0.00805924 -0.00856706 -0.00918391 -0.00992558 -0.0107953 -0.0118351 -0.01302 -0.0143477 -0.0157606 -0.0172315 -0.0187408 -0.0202666 -0.0217505 -0.0231474 -0.0244539 -0.0256212 -0.0266638 -0.0275088 -0.028158 -0.0286448 -0.0289222 -0.0290064 -0.0288881 -0.0285762 -0.028107 -0.0274677 -0.0266487 -0.0257294 -0.024701 -0.0235656 -0.0223672 -0.0211057 -0.019827 -0.0185334 -0.0172285 -0.0159585 -0.014741 -0.0135512 -0.0124089 -0.0113424 -0.0103477 -0.00940828 -0.00854397 -0.00777675 -0.0070593 -0.00639799 -0.00582217 -0.0053019 -0.00483632 -0.00443926 -0.00408271 -0.00376689 -0.00350156 -0.00326464 -0.00307557 -0.00292121 -0.00277702 -0.00265638 -0.00256403 -0.00248571 -0.00243517 -0.00238411 -0.00232347 -0.00229651 -0.0022867 -0.00225502 -0.00222703 -0.00222147 -0.00220994 -0.00219648 -0.00218572 -0.00217977 -0.00217143 -0.00216575 -0.00215827 -0.00215647 -0.00214797 -0.00214541 -0.0021431 -0.0021396 -0.00213325 -0.00213691 -0.00213192 -0.00213009 -0.00213037 -0.0021317 -0.00212776 -0.00213214 -0.00213182 -0.00213329 -0.00213334 -0.00213992 -0.00214363 -0.00214204 -0.00214253 -0.00216091 -0.00216384 -0.00215396 -0.00216461 -0.00218207 -0.00218186 -0.00218228 -0.00218009 -0.00217787 -0.0021911 -0.00218065 -0.00214869 -0.00213239 -0.00210843 -0.00205565 -0.002005 -0.00193015 -0.00182585 -0.00170913 -0.00156772 -0.00139924 -0.00120328 -0.000955001 -0.000670875 -0.000359961 9.47535e-06 0.000430232 0.000896362 0.00141946 0.00202136 0.00269133 0.00340316 0.00419204 0.00507171 0.00599998 0.00699176 0.00807125 0.00919377 0.0103743 0.0115836 0.0128172 0.0140996 0.0153676 0.0166112 0.0178531 0.0190507 0.020171 0.0212189 0.0221531 0.0229992 0.0237058 0.0242345 0.0246116 0.0247967 0.0247783 0.0245131 0.024 0.0232319 0.0222031 0.0208768 0.0192433 0.0173337 0.0151337 0.0126778 0.00995311 0.00701781 0.00394988 0.000813465 -0.00229874 -0.00531306 -0.00811035 -0.0105985 -0.0126975 -0.0143968 -0.0156885 -0.0165921 -0.0171546 -0.0174195 -0.0175284 -0.0175671 -0.0176687 -0.0179158 -0.0183427 -0.0190273 -0.0199489 -0.02116 
0 0.00237483 0.00451836 0.00620101 0.00724633 0.00753477 0.00706473 0.00591134 0.00421541 0.00214912 -0.000125271 -0.00241835 -0.00458014 -0.00649517 -0.00809928 -0.00940116 -0.010408 -0.0111615 -0.0117416 -0.0122306 -0.0127605 -0.0133969 -0.0141718 -0.0151375 -0.01628 -0.0176455 -0.0191885 -0.0208488 -0.0226198 -0.0244337 -0.0262908 -0.02811 -0.0298358 -0.0314545 -0.0329358 -0.0342483 -0.0353458 -0.036218 -0.0368575 -0.0372789 -0.037431 -0.0373403 -0.0370217 -0.0364945 -0.0357561 -0.0348092 -0.0337121 -0.0324602 -0.0310968 -0.0296055 -0.0280549 -0.0264694 -0.0248434 -0.023194 -0.0215796 -0.0199939 -0.0184391 -0.0169635 -0.0155449 -0.0142314 -0.0129828 -0.0118182 -0.010753 -0.00979499 -0.00889335 -0.00810129 -0.00739707 -0.00675345 -0.00617729 -0.00568129 -0.00526023 -0.00487475 -0.00454519 -0.00427114 -0.00403765 -0.00381254 -0.0036673 -0.00353525 -0.00340331 -0.00329575 -0.00324429 -0.00317142 -0.00311898 -0.00307448 -0.00304463 -0.00301203 -0.00299826 -0.00297047 -0.00295641 -0.00294214 -0.00293433 -0.00291926 -0.00291179 -0.00290225 -0.00289923 -0.0028881 -0.00288392 -0.00288078 -0.00287583 -0.00286887 -0.00287146 -0.00286627 -0.00286339 -0.00286411 -0.00286567 -0.00286125 -0.00286544 -0.00286597 -0.00287061 -0.00286958 -0.0028754 -0.00287867 -0.00288799 -0.00288763 -0.00289958 -0.0028975 -0.00291112 -0.00292342 -0.00292583 -0.002909 -0.00293915 -0.00294176 -0.00292073 -0.0029042 -0.00290879 -0.00286491 -0.00283053 -0.00278057 -0.00270764 -0.00260085 -0.00249436 -0.00235876 -0.0021815 -0.00195923 -0.00171825 -0.00143102 -0.00107011 -0.000690839 -0.000246845 0.000279801 0.000874407 0.00151519 0.00226021 0.00306827 0.00397473 0.00495356 0.00602144 0.00719049 0.00843462 0.00973658 0.0111191 0.0125814 0.0140704 0.0156067 0.0171642 0.0187532 0.020309 0.0218384 0.0233276 0.0247605 0.0261088 0.027325 0.028431 0.0293915 0.03017 0.0307319 0.0310838 0.0311923 0.0310495 0.0305964 0.029824 0.0287558 0.0273261 0.025551 0.023388 0.0208644 0.0180153 0.0148162 0.0113165 0.00755812 0.00363521 -0.000342735 -0.00428982 -0.00808238 -0.0115811 -0.0146651 -0.0172354 -0.0192661 -0.0207631 -0.0217408 -0.0222642 -0.0224158 -0.0223403 -0.0221986 -0.0221282 -0.0222504 -0.0226389 -0.0233485 -0.0244143 -0.0258559 
0 0.00256251 0.00484542 0.00657206 0.00753477 0.00759433 0.00674669 0.00509035 0.00279551 7.302e-05 -0.00286637 -0.00579868 -0.0085351 -0.0109303 -0.0129139 -0.0144753 -0.0156366 -0.0164529 -0.0170109 -0.0174408 -0.0178741 -0.0184149 -0.0191173 -0.0200226 -0.0211603 -0.0225447 -0.0241504 -0.0259187 -0.0278171 -0.0298031 -0.0318473 -0.0338753 -0.0358251 -0.0376717 -0.0393742 -0.0409051 -0.0422047 -0.0432575 -0.0440694 -0.0446223 -0.0448954 -0.0448903 -0.0446227 -0.0441138 -0.0433594 -0.0423631 -0.0411827 -0.0398273 -0.0383141 -0.0366622 -0.0349088 -0.03309 -0.0312112 -0.0292927 -0.0273836 -0.0255005 -0.0236414 -0.0218374 -0.0201062 -0.0184683 -0.0169095 -0.0154497 -0.0141097 -0.0128716 -0.0117228 -0.0106922 -0.00976535 -0.00892671 -0.00818232 -0.00752386 -0.00694607 -0.00643424 -0.00598829 -0.00561258 -0.00529087 -0.00500092 -0.00476855 -0.0045732 -0.00440201 -0.00426689 -0.00416127 -0.00405714 -0.00398229 -0.00392824 -0.00387532 -0.00382832 -0.00379996 -0.00377163 -0.00374727 -0.00372714 -0.00371212 -0.00369688 -0.00368407 -0.00367306 -0.00366558 -0.00365454 -0.00364749 -0.00364341 -0.00363651 -0.00362998 -0.00362999 -0.00362569 -0.00362187 -0.00362282 -0.00362318 -0.003621 -0.00362432 -0.00362683 -0.00362937 -0.00363235 -0.00363945 -0.0036452 -0.0036496 -0.00365544 -0.00367002 -0.00367392 -0.00367656 -0.00368869 -0.00369756 -0.00369212 -0.003697 -0.00369 -0.00367107 -0.00365509 -0.0036277 -0.00356691 -0.00350509 -0.00342626 -0.00331475 -0.00317567 -0.00301106 -0.00280519 -0.002558 -0.00226357 -0.00192771 -0.00153232 -0.00105918 -0.000530033 6.74371e-05 0.000758438 0.00153457 0.00238764 0.00334435 0.00440305 0.00556325 0.00680564 0.00814934 0.00959862 0.0111236 0.0127165 0.0143916 0.0161244 0.01789 0.0196754 0.0214705 0.0232746 0.0250328 0.0267347 0.0283782 0.0299338 0.0313639 0.0326449 0.0337651 0.0347127 0.0354411 0.0359147 0.0361376 0.0360795 0.0357172 0.0350037 0.0339303 0.0324992 0.0306797 0.0284504 0.0257926 0.0227305 0.0192793 0.0154496 0.0112679 0.00680461 0.00216888 -0.00252032 -0.00713801 -0.0115445 -0.0155721 -0.0190739 -0.0219402 -0.0241358 -0.0256627 -0.0265524 -0.0268793 -0.0267529 -0.0263547 -0.0258688 -0.0254806 -0.0253311 -0.0255177 -0.0261246 -0.0271824 -0.028732 
0 0.00254889 0.00477249 0.00635704 0.00706473 0.00674669 0.00539773 0.00313775 0.000164668 -0.00327287 -0.00691564 -0.0105078 -0.0138231 -0.0166926 -0.0190349 -0.0208256 -0.0220991 -0.0229245 -0.0234025 -0.0236974 -0.0239481 -0.0242881 -0.0247969 -0.0255145 -0.0265029 -0.027758 -0.0292701 -0.0309897 -0.0328636 -0.03487 -0.0369525 -0.0390501 -0.0410982 -0.0430604 -0.0448954 -0.0465698 -0.0480255 -0.0492367 -0.0502102 -0.0509078 -0.0513275 -0.0514528 -0.0512995 -0.0508831 -0.0501991 -0.0492549 -0.048089 -0.0467265 -0.0451646 -0.0434471 -0.0415908 -0.0396358 -0.0375957 -0.0354936 -0.0333652 -0.0312423 -0.0291318 -0.0270505 -0.0250442 -0.0231106 -0.0212617 -0.0195114 -0.0178859 -0.0163623 -0.0149568 -0.0136724 -0.0125059 -0.0114479 -0.0105014 -0.00965677 -0.00890522 -0.00824548 -0.0076621 -0.00716076 -0.00672368 -0.00634868 -0.00602279 -0.00575248 -0.00551889 -0.00533226 -0.00516861 -0.00503251 -0.00492168 -0.00483981 -0.00476108 -0.00469932 -0.00465081 -0.00461366 -0.0045767 -0.00454957 -0.00452599 -0.00450727 -0.00448841 -0.00447489 -0.00446226 -0.00445076 -0.00444071 -0.00443432 -0.00442612 -0.00442004 -0.00441676 -0.00441334 -0.00440956 -0.00441002 -0.00440984 -0.0044102 -0.0044126 -0.00441754 -0.00442007 -0.00442612 -0.00443362 -0.00444293 -0.00444711 -0.00445771 -0.00446926 -0.00447908 -0.00448049 -0.00449047 -0.00449378 -0.00449392 -0.0044823 -0.00446707 -0.00443741 -0.00440534 -0.00434491 -0.00426654 -0.00416748 -0.00404658 -0.00388337 -0.00369251 -0.00345828 -0.00317608 -0.00284112 -0.00245034 -0.00199589 -0.00146803 -0.000860455 -0.00016553 0.000610421 0.00149328 0.00247674 0.00356367 0.00475017 0.00606208 0.00747327 0.00897806 0.0105862 0.0122926 0.014068 0.0159069 0.0178113 0.0197486 0.0217115 0.0236645 0.0256089 0.0275235 0.0293725 0.0311289 0.0327953 0.0343388 0.0357193 0.0369281 0.0379335 0.0387344 0.0392831 0.039551 0.039533 0.0392113 0.0385502 0.0375183 0.0361059 0.0342956 0.0320837 0.0294222 0.0263128 0.0227719 0.018804 0.0144434 0.00970613 0.00468218 -0.000509835 -0.0057398 -0.0108523 -0.0156872 -0.0200562 -0.0237889 -0.0267671 -0.0289442 -0.0303192 -0.0309406 -0.0308935 -0.0303197 -0.0294291 -0.0284336 -0.0275605 -0.0269748 -0.0268014 -0.0271465 -0.028051 -0.0295677 
0 0.00235167 0.00433271 0.00561138 0.00591134 0.00509035 0.00313775 0.000189487 -0.00352756 -0.00772781 -0.0121091 -0.0163817 -0.0202809 -0.023632 -0.0263139 -0.0283186 -0.0296721 -0.0304538 -0.0308157 -0.0308939 -0.0308959 -0.0309431 -0.0311408 -0.0315777 -0.0322715 -0.0332759 -0.0345537 -0.0360717 -0.0377926 -0.0396692 -0.0416553 -0.0436928 -0.0457203 -0.0476831 -0.0495691 -0.0512968 -0.0528516 -0.0541949 -0.0552893 -0.056151 -0.0567249 -0.0570169 -0.0570366 -0.0567759 -0.0562351 -0.0554395 -0.0543821 -0.0530956 -0.0516056 -0.0499034 -0.0480507 -0.0460594 -0.0439484 -0.0417478 -0.0394939 -0.0371967 -0.034892 -0.0326099 -0.0303598 -0.0281731 -0.0260639 -0.0240431 -0.0221187 -0.0203273 -0.0186486 -0.017093 -0.0156751 -0.0143786 -0.0131901 -0.0121349 -0.0111987 -0.0103529 -0.00961242 -0.00896326 -0.00838984 -0.00788872 -0.00747293 -0.00711191 -0.00679457 -0.00651867 -0.00630613 -0.00612829 -0.00596902 -0.00583215 -0.00573363 -0.00565022 -0.00557807 -0.00551704 -0.00547048 -0.00543206 -0.00540013 -0.00537114 -0.0053483 -0.00532966 -0.00531238 -0.00529853 -0.00528643 -0.00527593 -0.00526751 -0.00526136 -0.00525472 -0.0052517 -0.00524909 -0.00524777 -0.00524848 -0.00525069 -0.00525261 -0.00525827 -0.00526526 -0.00527146 -0.00527921 -0.00528832 -0.00530151 -0.00531222 -0.00531702 -0.0053225 -0.00533932 -0.00534174 -0.00532878 -0.00531394 -0.0053066 -0.00527604 -0.00522058 -0.00514512 -0.0050664 -0.00495286 -0.00480264 -0.00462157 -0.00440396 -0.00412486 -0.00380936 -0.003442 -0.00299266 -0.00247255 -0.00188294 -0.00119822 -0.000417382 0.000448582 0.00143297 0.00253087 0.00374041 0.00505803 0.00649916 0.00804192 0.00969048 0.0114434 0.013281 0.0151955 0.0171773 0.0191988 0.0212442 0.0233235 0.025375 0.0274037 0.029393 0.0313005 0.0331134 0.0348095 0.036358 0.0377516 0.0389638 0.0399461 0.0407252 0.0412471 0.041497 0.0414632 0.0411115 0.0404489 0.0394366 0.0380506 0.0362726 0.034102 0.0314981 0.0284561 0.0249571 0.0210018 0.0166333 0.0118364 0.00668564 0.00124968 -0.00434581 -0.00993435 -0.0153683 -0.0204385 -0.0249549 -0.0287259 -0.0316258 -0.0335928 -0.034633 -0.0348018 -0.0342006 -0.0330164 -0.0314572 -0.0297979 -0.0282707 -0.0270819 -0.0264002 -0.0263152 -0.0269323 -0.028272 
0 0.00200364 0.00360171 0.0044369 0.00421541 0.00279551 0.000164668 -0.00352756 -0.00802408 -0.0130179 -0.0181514 -0.0231146 -0.0276135 -0.0314344 -0.0344743 -0.0366727 -0.0380892 -0.0388192 -0.0389986 -0.0388472 -0.0385194 -0.038204 -0.0380335 -0.0380645 -0.0384051 -0.0390324 -0.0399645 -0.041181 -0.0426092 -0.0442526 -0.0460245 -0.0478899 -0.049794 -0.051681 -0.0535067 -0.0552325 -0.0568155 -0.0582167 -0.0594339 -0.0604071 -0.061156 -0.0616406 -0.0618586 -0.0618023 -0.0614733 -0.0608762 -0.0600076 -0.0589101 -0.0575497 -0.0559986 -0.054237 -0.052294 -0.0502078 -0.0480075 -0.0456943 -0.0433252 -0.0409208 -0.0384722 -0.0360604 -0.0336549 -0.0313152 -0.0290521 -0.0268888 -0.0248044 -0.0228638 -0.0210325 -0.0193309 -0.0177707 -0.0163548 -0.0150622 -0.0138794 -0.0128388 -0.0119079 -0.0110807 -0.0103494 -0.00973772 -0.00915987 -0.00867411 -0.00827187 -0.00793816 -0.00761358 -0.00736436 -0.00714976 -0.00698472 -0.00682928 -0.00670957 -0.00660211 -0.00653133 -0.00645816 -0.00640554 -0.00635549 -0.00632256 -0.00628909 -0.00626596 -0.00623879 -0.00622572 -0.00620866 -0.00619503 -0.00618441 -0.00617977 -0.00616788 -0.0061669 -0.0061644 -0.00616251 -0.00616148 -0.00616918 -0.00616911 -0.00617784 -0.00618231 -0.00619485 -0.0062031 -0.00621747 -0.00621919 -0.00623714 -0.00624378 -0.00625649 -0.00624397 -0.00624007 -0.0062298 -0.00622322 -0.00615419 -0.00609658 -0.00603062 -0.00593794 -0.00577883 -0.00562375 -0.00541033 -0.00515773 -0.00485176 -0.00450426 -0.00406713 -0.00356201 -0.00298534 -0.00232988 -0.00156564 -0.000698642 0.000257666 0.00135889 0.0025596 0.0038724 0.00530414 0.00687195 0.00851963 0.0103062 0.0121664 0.0141102 0.016129 0.018195 0.0202946 0.0224258 0.0245551 0.0266447 0.0287144 0.0306937 0.0325983 0.0343805 0.0360396 0.0375326 0.0388551 0.0399768 0.0408686 0.0415435 0.0419493 0.0421027 0.0419743 0.0415544 0.0408233 0.0397812 0.0383848 0.0366344 0.0345126 0.0319741 0.0290512 0.025669 0.0218542 0.0176032 0.012902 0.00782153 0.00237205 -0.0033316 -0.00915589 -0.0149552 -0.0205145 -0.0256396 -0.0301132 -0.0337303 -0.0363689 -0.0379501 -0.0384776 -0.0380288 -0.0367184 -0.0347569 -0.0323956 -0.0299109 -0.027588 -0.0256546 -0.0243013 -0.0236675 -0.0238412 -0.0248852 
0 0.00155122 0.00266428 0.00296703 0.00214912 7.302e-05 -0.00327287 -0.00772781 -0.0130179 -0.0187987 -0.024686 -0.0303304 -0.0354082 -0.0397082 -0.0430765 -0.0454795 -0.0469575 -0.0476153 -0.0476463 -0.0472218 -0.0465724 -0.0458648 -0.0452547 -0.0448639 -0.044742 -0.04494 -0.045448 -0.0462633 -0.047344 -0.0486575 -0.050135 -0.0517456 -0.0534419 -0.0551523 -0.0568693 -0.0585029 -0.060063 -0.061502 -0.0627648 -0.0638579 -0.0647391 -0.0654007 -0.0658305 -0.0660012 -0.0659107 -0.065585 -0.0649707 -0.0641011 -0.0629862 -0.0616271 -0.0600568 -0.0582714 -0.0563094 -0.0541943 -0.051941 -0.0495638 -0.0471175 -0.0446201 -0.0420944 -0.0395534 -0.0370508 -0.034592 -0.0321762 -0.029864 -0.0276645 -0.0255659 -0.0235986 -0.0217703 -0.0200629 -0.0185097 -0.017094 -0.0158129 -0.0146658 -0.0136328 -0.0127072 -0.0119068 -0.0111996 -0.0105827 -0.0100461 -0.00956916 -0.00916827 -0.00884657 -0.00855355 -0.00829561 -0.00809764 -0.00793566 -0.00779075 -0.00767171 -0.00757704 -0.00750121 -0.00743643 -0.00738114 -0.00734051 -0.00730488 -0.00727192 -0.00725112 -0.00723219 -0.00721043 -0.00720097 -0.00719328 -0.00717999 -0.00717687 -0.00717821 -0.00717268 -0.00717544 -0.00718319 -0.00718565 -0.00719357 -0.00720722 -0.00721623 -0.00722583 -0.00723937 -0.00725471 -0.007264 -0.00726078 -0.00726335 -0.00726922 -0.00724635 -0.00720383 -0.00716381 -0.0071019 -0.00701262 -0.00689206 -0.00672852 -0.00653849 -0.00632003 -0.00602703 -0.00567958 -0.00527854 -0.00479611 -0.00423731 -0.00360537 -0.00286006 -0.00201728 -0.00106268 9.81536e-06 0.00118842 0.00248832 0.00392709 0.00547266 0.00713295 0.00891189 0.0107815 0.0127323 0.014754 0.0168535 0.018985 0.0211306 0.0232868 0.0254285 0.0275085 0.0295405 0.0314789 0.033313 0.0350245 0.0365557 0.0379295 0.0391117 0.0400687 0.0408026 0.0413086 0.0415516 0.0415528 0.0412657 0.0407037 0.0398755 0.0387301 0.0372957 0.0355313 0.0334404 0.0309962 0.0281729 0.0249524 0.0213211 0.0172714 0.0127866 0.00789974 0.00261888 -0.00296937 -0.00878576 -0.0146939 -0.0205082 -0.0260382 -0.0310352 -0.0352935 -0.0385977 -0.0408131 -0.0418563 -0.0417305 -0.040522 -0.0383694 -0.0355163 -0.0322156 -0.0287998 -0.0255551 -0.0227511 -0.020622 -0.0192988 -0.0189326 -0.019562 
0 0.00103042 0.00159792 0.00131917 -0.000125271 -0.00286637 -0.00691564 -0.0121091 -0.0181514 -0.024686 -0.0312845 -0.0375762 -0.0432208 -0.0479738 -0.0516877 -0.0542923 -0.0558431 -0.0564579 -0.0563262 -0.0556658 -0.0546828 -0.0535853 -0.0525508 -0.051702 -0.0511309 -0.0508616 -0.050914 -0.0512969 -0.0519672 -0.0529033 -0.0540336 -0.0553329 -0.0567648 -0.0582632 -0.0597922 -0.0612961 -0.0627673 -0.0641658 -0.0654509 -0.066596 -0.0675925 -0.068418 -0.0690439 -0.0694394 -0.0696084 -0.0695543 -0.0692345 -0.0686692 -0.0678437 -0.0667866 -0.0654863 -0.0639367 -0.0621844 -0.0602527 -0.0581336 -0.0558641 -0.0534843 -0.0509979 -0.0484485 -0.045834 -0.0432208 -0.0406246 -0.0380482 -0.0355227 -0.0330958 -0.0307471 -0.0285064 -0.0264015 -0.0244348 -0.0226054 -0.0209032 -0.0193606 -0.0179643 -0.0166922 -0.0155526 -0.0145636 -0.0136524 -0.012854 -0.0121768 -0.0115837 -0.0110448 -0.0106022 -0.010217 -0.00989039 -0.00961247 -0.009382 -0.00918109 -0.00902339 -0.00888817 -0.00878028 -0.00868568 -0.00861174 -0.00855365 -0.00850449 -0.00845766 -0.00843085 -0.00840433 -0.00837712 -0.00836359 -0.00835498 -0.00833774 -0.00833538 -0.00833687 -0.00833169 -0.00833442 -0.00834702 -0.00835009 -0.00836036 -0.00837501 -0.0083891 -0.00839993 -0.0084148 -0.00842229 -0.00843216 -0.00842922 -0.00842434 -0.00840006 -0.00836181 -0.00831125 -0.00824844 -0.00812474 -0.00798888 -0.00783312 -0.00761842 -0.00733832 -0.007036 -0.00664901 -0.0061911 -0.00566856 -0.00506017 -0.00433591 -0.0035188 -0.00259592 -0.00156141 -0.00039346 0.000896347 0.00229387 0.0038361 0.00549522 0.0072447 0.0091001 0.0110667 0.0130905 0.0151858 0.0173168 0.0194836 0.0216512 0.0237879 0.0258948 0.0279563 0.0299138 0.0317576 0.0334824 0.0350455 0.0364376 0.0376184 0.0386088 0.03938 0.0399064 0.0401845 0.0402189 0.0400056 0.0395309 0.0387884 0.0377919 0.036547 0.0350193 0.0332183 0.0311179 0.0287286 0.0260209 0.0229546 0.0195355 0.0157316 0.0115463 0.00695984 0.00197608 -0.00335358 -0.00896747 -0.0147649 -0.0206036 -0.0263072 -0.0316412 -0.0363663 -0.0402589 -0.0431034 -0.0447659 -0.0451474 -0.0442562 -0.0421868 -0.0391025 -0.0352661 -0.0309549 -0.0265168 -0.0222711 -0.018516 -0.0155124 -0.0134292 -0.0124246 -0.0125647 
0 0.000491459 0.000503191 -0.000361893 -0.00241835 -0.00579868 -0.0105078 -0.0163817 -0.0231146 -0.0303304 -0.0375762 -0.044456 -0.0506172 -0.0557923 -0.0598272 -0.0626363 -0.064275 -0.0648739 -0.064626 -0.0637677 -0.0625012 -0.0610544 -0.0596226 -0.0583447 -0.057331 -0.0566059 -0.056207 -0.0561521 -0.05641 -0.0569542 -0.0577188 -0.0586818 -0.0598143 -0.0610602 -0.0623691 -0.0637053 -0.0650551 -0.0663837 -0.0676497 -0.0688147 -0.0698824 -0.0708283 -0.0716184 -0.0722202 -0.0726385 -0.0728645 -0.0728561 -0.0726129 -0.0721185 -0.0714003 -0.0704304 -0.0691995 -0.0677446 -0.0660826 -0.0641957 -0.0621169 -0.0598849 -0.0575087 -0.0550242 -0.0524316 -0.0497941 -0.0471273 -0.0444394 -0.0417635 -0.0391555 -0.0366003 -0.0341235 -0.0317576 -0.0295174 -0.0274044 -0.0254198 -0.0235998 -0.021929 -0.0203893 -0.0189955 -0.0177689 -0.0166447 -0.0156489 -0.0147833 -0.0140194 -0.0133332 -0.0127591 -0.012255 -0.0118189 -0.0114454 -0.0111356 -0.0108662 -0.0106443 -0.0104564 -0.0103056 -0.0101747 -0.0100695 -0.00998693 -0.00991705 -0.00985475 -0.00981489 -0.00977872 -0.00974373 -0.00972516 -0.00971238 -0.0096934 -0.00968939 -0.00969145 -0.0096871 -0.0096917 -0.00970621 -0.00971259 -0.00972525 -0.00974334 -0.00975825 -0.0097692 -0.00978478 -0.00979065 -0.00979086 -0.00977748 -0.00976085 -0.00971939 -0.00965464 -0.00956917 -0.00946602 -0.00930176 -0.00911208 -0.00888433 -0.00858941 -0.00822341 -0.00782092 -0.00731894 -0.00672581 -0.00605061 -0.00527803 -0.00437629 -0.00336695 -0.00224036 -0.000985727 0.000408333 0.00191991 0.00353545 0.00528934 0.0071479 0.00908346 0.0111037 0.013208 0.0153362 0.0174971 0.0196615 0.0218223 0.0239416 0.0259846 0.0279498 0.0298193 0.031538 0.0330913 0.0344904 0.0356899 0.0366759 0.0374239 0.0379542 0.038248 0.0382866 0.0380736 0.0376249 0.0369488 0.0360196 0.0348468 0.0334478 0.0318284 0.0299642 0.0278536 0.0254882 0.0228755 0.0199843 0.0167681 0.0132341 0.00935332 0.00512549 0.000529827 -0.00443874 -0.00971177 -0.0152294 -0.020883 -0.0265297 -0.0319888 -0.0370053 -0.0413378 -0.0447517 -0.0470371 -0.0480506 -0.0476888 -0.0459605 -0.0429665 -0.038896 -0.0340268 -0.0286621 -0.0231617 -0.0178742 -0.0131272 -0.00920569 -0.00631611 -0.00462612 -0.00422945 
0 -3.04103e-05 -0.000547297 -0.00196636 -0.00458014 -0.0085351 -0.0138231 -0.0202809 -0.0276135 -0.0354082 -0.0432208 -0.0506172 -0.0572308 -0.062799 -0.0671208 -0.070139 -0.0718782 -0.0724764 -0.0721626 -0.0711306 -0.0696403 -0.0678981 -0.0661144 -0.0644797 -0.0630606 -0.0619394 -0.0611345 -0.0606709 -0.0605504 -0.0607182 -0.0611323 -0.061769 -0.062607 -0.0635859 -0.0646772 -0.0658186 -0.0670215 -0.0682578 -0.069455 -0.0706212 -0.0717205 -0.0727519 -0.0736751 -0.0744574 -0.0750895 -0.0755798 -0.0758738 -0.0759434 -0.0758152 -0.0754502 -0.0748531 -0.0739949 -0.0728984 -0.0715665 -0.0700056 -0.0682036 -0.0662048 -0.064044 -0.0617019 -0.0592215 -0.0566442 -0.0539945 -0.0512598 -0.0485215 -0.0457846 -0.0430716 -0.0404043 -0.0378226 -0.0353265 -0.0329468 -0.0306957 -0.028583 -0.0266239 -0.0248055 -0.0231446 -0.0216335 -0.0202775 -0.019054 -0.0179731 -0.0169956 -0.0161499 -0.015411 -0.0147667 -0.0141884 -0.0137098 -0.0132956 -0.0129438 -0.0126341 -0.0123866 -0.0121748 -0.0120005 -0.0118496 -0.0117372 -0.0116365 -0.0115572 -0.011495 -0.011448 -0.0114016 -0.0113771 -0.0113554 -0.0113378 -0.0113286 -0.0113317 -0.0113271 -0.0113361 -0.0113479 -0.0113606 -0.0113716 -0.011395 -0.0114056 -0.011417 -0.0114227 -0.0114299 -0.0114108 -0.0113829 -0.0113361 -0.0112793 -0.0111738 -0.0110439 -0.0108737 -0.0106703 -0.010402 -0.010082 -0.00968009 -0.0092232 -0.00867707 -0.00803226 -0.00727932 -0.00643236 -0.00545447 -0.00435614 -0.00313669 -0.00178313 -0.000301383 0.00130841 0.00303107 0.00486268 0.00678624 0.00881487 0.0108895 0.0130186 0.0151844 0.0173654 0.0195047 0.0216233 0.0236932 0.0256589 0.0275077 0.0292348 0.0308093 0.0321853 0.0333762 0.0343462 0.0351115 0.0356267 0.0358892 0.0359264 0.0357304 0.0352753 0.0345838 0.0336863 0.0325622 0.031239 0.0296864 0.0279509 0.0260404 0.0239177 0.02159 0.019055 0.0163126 0.0133273 0.0100725 0.00651188 0.00266626 -0.00150109 -0.00601678 -0.0108519 -0.0159895 -0.0213103 -0.0267324 -0.032111 -0.0372268 -0.0418532 -0.0457077 -0.0485678 -0.0502307 -0.0505309 -0.0493796 -0.0467769 -0.0428344 -0.0377646 -0.0318557 -0.0254323 -0.0188728 -0.012543 -0.00680331 -0.0019662 0.00173951 0.00411625 0.00506083 
0 -0.00050032 -0.00149565 -0.00339508 -0.00649517 -0.0109303 -0.0166926 -0.023632 -0.0314344 -0.0397082 -0.0479738 -0.0557923 -0.062799 -0.0686807 -0.0732817 -0.0764806 -0.0783255 -0.0789682 -0.0785869 -0.0774603 -0.0757766 -0.0737977 -0.071749 -0.069788 -0.0680619 -0.066597 -0.0654539 -0.064658 -0.0642049 -0.0640518 -0.0641669 -0.0645146 -0.0650791 -0.0658364 -0.0666916 -0.0676684 -0.0687164 -0.0698231 -0.0709647 -0.0720791 -0.0731934 -0.0742795 -0.0752986 -0.076218 -0.0770505 -0.0777499 -0.0783145 -0.0787023 -0.0788939 -0.0789086 -0.0786904 -0.078228 -0.0775242 -0.0765951 -0.0753968 -0.0739646 -0.0723022 -0.0704185 -0.0683294 -0.0660561 -0.0636247 -0.0610695 -0.0584193 -0.0556705 -0.0528935 -0.0500979 -0.0473005 -0.0445376 -0.0418658 -0.0392562 -0.0367418 -0.0343618 -0.032122 -0.0300128 -0.0280681 -0.0262921 -0.0246503 -0.0231564 -0.0218324 -0.0206609 -0.0195928 -0.0186494 -0.0178318 -0.0171256 -0.0164958 -0.0159556 -0.0154889 -0.0150982 -0.0147601 -0.0144784 -0.0142357 -0.0140426 -0.0138784 -0.0137466 -0.0136346 -0.0135522 -0.0134808 -0.0134287 -0.0133864 -0.0133605 -0.0133366 -0.0133281 -0.0133224 -0.0133257 -0.0133292 -0.0133449 -0.0133557 -0.0133712 -0.0133827 -0.0133982 -0.0133999 -0.0133984 -0.0133771 -0.0133475 -0.0132965 -0.0132218 -0.0130981 -0.0129552 -0.0127798 -0.0125452 -0.0122297 -0.0118743 -0.011457 -0.0109426 -0.0103216 -0.00961823 -0.00880441 -0.00786081 -0.00680398 -0.00562502 -0.0042953 -0.00282976 -0.0012668 0.000434356 0.00225664 0.00417011 0.00616467 0.0082594 0.0103855 0.0125402 0.0147137 0.0168835 0.0190075 0.021074 0.023055 0.0249196 0.0266534 0.0282097 0.0295973 0.0307917 0.0317676 0.0324913 0.0330093 0.0332781 0.0332885 0.0330691 0.0326138 0.0319396 0.031038 0.0299199 0.0286083 0.0271421 0.0254691 0.0236436 0.0216759 0.0195564 0.0173026 0.0148626 0.012271 0.00951182 0.00655022 0.00334361 -0.000113438 -0.00384547 -0.00786616 -0.0121967 -0.0168598 -0.0217554 -0.0268381 -0.0319708 -0.0370056 -0.0417523 -0.0459124 -0.0492593 -0.0515283 -0.052531 -0.0521108 -0.0501543 -0.0466849 -0.0418107 -0.0357676 -0.0288504 -0.0214116 -0.0138296 -0.00650309 0.000185916 0.00591091 0.0103913 0.0134411 0.0149104 
0 -0.000911953 -0.00230638 -0.00461927 -0.00809928 -0.0129139 -0.0190349 -0.0263139 -0.0344743 -0.0430765 -0.0516877 -0.0598272 -0.0671208 -0.0732817 -0.0780815 -0.0814568 -0.0834073 -0.0840851 -0.0837094 -0.0824898 -0.0806931 -0.07854 -0.0762675 -0.0740829 -0.0720831 -0.0703618 -0.0689558 -0.0678926 -0.0671897 -0.0667911 -0.0666687 -0.0667942 -0.0671467 -0.0676882 -0.0683764 -0.0691814 -0.0700916 -0.0710972 -0.0721427 -0.0732223 -0.074319 -0.0754213 -0.0765012 -0.0775381 -0.0785085 -0.0794099 -0.0802124 -0.0808582 -0.081379 -0.0817193 -0.0818707 -0.081818 -0.0815383 -0.0810201 -0.0802671 -0.0792439 -0.077966 -0.0764678 -0.0747097 -0.0727429 -0.0705723 -0.0682238 -0.0657037 -0.0630747 -0.060341 -0.0575475 -0.0547105 -0.0518692 -0.0490364 -0.0462469 -0.0435478 -0.0409317 -0.0384272 -0.0360543 -0.0338278 -0.0317304 -0.0298272 -0.0280765 -0.0264761 -0.0250143 -0.0237329 -0.0225836 -0.0215709 -0.0206565 -0.0198738 -0.0191906 -0.0186028 -0.0180811 -0.0176487 -0.017273 -0.0169631 -0.0166972 -0.0164796 -0.0162965 -0.0161558 -0.016033 -0.0159408 -0.015869 -0.0158142 -0.0157705 -0.0157483 -0.0157281 -0.0157205 -0.0157212 -0.0157278 -0.0157318 -0.0157476 -0.015755 -0.0157636 -0.0157615 -0.0157535 -0.0157269 -0.0156951 -0.0156217 -0.0155282 -0.0154023 -0.0152493 -0.0150269 -0.014757 -0.0144205 -0.014043 -0.0135582 -0.0129767 -0.0122986 -0.0115402 -0.0106328 -0.00961301 -0.00845773 -0.00716904 -0.0057392 -0.0041971 -0.00251879 -0.000718969 0.00119069 0.00319081 0.00526175 0.00739777 0.009558 0.0117504 0.0139308 0.0160775 0.0181582 0.0201709 0.0220384 0.0237913 0.0253887 0.0267864 0.0279845 0.0289704 0.0297132 0.0302156 0.0304797 0.0304884 0.0302815 0.0298161 0.0291253 0.0282277 0.0271304 0.0258351 0.0243697 0.0227603 0.021011 0.0191371 0.0171335 0.0150378 0.0128489 0.0105534 0.00813541 0.0056062 0.0029421 0.000106399 -0.00293325 -0.00622368 -0.00974971 -0.0135583 -0.0176744 -0.0220713 -0.0267186 -0.0314974 -0.0363024 -0.0409846 -0.0452981 -0.0490042 -0.051815 -0.0534933 -0.0538554 -0.0527142 -0.049999 -0.0457 -0.039952 -0.033005 -0.0251501 -0.0167727 -0.00824953 -2.62223e-06 0.00756403 0.0141055 0.0193121 0.0229795 0.0249384 
0 -0.0012591 -0.00299568 -0.00562511 -0.00940116 -0.0144753 -0.0208256 -0.0283186 -0.0366727 -0.0454795 -0.0542923 -0.0626363 -0.070139 -0.0764806 -0.0814568 -0.0849668 -0.0870187 -0.0877625 -0.0873821 -0.0861314 -0.0842428 -0.0819654 -0.0795466 -0.0771751 -0.0749935 -0.0730773 -0.0714801 -0.0702299 -0.069339 -0.068758 -0.0684733 -0.06844 -0.0686359 -0.0690433 -0.0695845 -0.0702759 -0.0710683 -0.0719603 -0.0729337 -0.0739535 -0.07503 -0.0761406 -0.0772638 -0.0783782 -0.0794757 -0.0805186 -0.0815147 -0.0824104 -0.0832065 -0.0838733 -0.0843789 -0.0847141 -0.0848399 -0.0847577 -0.0844389 -0.0838804 -0.0830641 -0.0819943 -0.0806501 -0.0790725 -0.0772404 -0.0751875 -0.0729485 -0.0705203 -0.0679363 -0.0652378 -0.0624439 -0.0595866 -0.0567175 -0.0538315 -0.050984 -0.0481815 -0.0454623 -0.0428497 -0.0403697 -0.0380098 -0.0358129 -0.0337617 -0.031881 -0.0301765 -0.0286294 -0.0272187 -0.0259743 -0.0248757 -0.0239012 -0.0230418 -0.0222922 -0.0216482 -0.0210928 -0.0206102 -0.0202022 -0.019865 -0.0195711 -0.0193344 -0.0191433 -0.0189817 -0.0188519 -0.0187631 -0.0186809 -0.0186238 -0.0185904 -0.0185642 -0.0185419 -0.018545 -0.0185408 -0.0185393 -0.0185452 -0.0185455 -0.0185295 -0.0185169 -0.0184826 -0.018423 -0.0183425 -0.0182354 -0.0180884 -0.017894 -0.0176439 -0.0173453 -0.0169849 -0.0165266 -0.0159846 -0.0153525 -0.0146144 -0.0137544 -0.0127706 -0.0116385 -0.0103924 -0.00900353 -0.00747666 -0.0058167 -0.00403811 -0.00212965 -0.000146304 0.00193104 0.00407154 0.0062537 0.00846408 0.0106748 0.0128393 0.0149571 0.0169932 0.0189079 0.0207025 0.0223242 0.0237656 0.0249934 0.0260024 0.026772 0.0273091 0.0275896 0.0276338 0.0274215 0.0269758 0.0263084 0.0254107 0.0243312 0.0230634 0.0216368 0.0200609 0.0183554 0.0165382 0.014645 0.0126557 0.0106103 0.00851708 0.00636203 0.00416467 0.00186922 -0.000498845 -0.00297836 -0.00560858 -0.00842277 -0.0114618 -0.0147389 -0.0182874 -0.0221292 -0.0262583 -0.030603 -0.035083 -0.0395542 -0.0438596 -0.0477666 -0.0509968 -0.0532984 -0.0544105 -0.0541539 -0.0523532 -0.0489257 -0.0438821 -0.0373508 -0.0295942 -0.0209119 -0.011698 -0.00234203 0.00672032 0.015067 0.0223348 0.0281865 0.0324033 0.0347925 
0 -0.00155012 -0.00356039 -0.00643204 -0.010408 -0.0156366 -0.0220991 -0.0296721 -0.0380892 -0.0469575 -0.0558431 -0.064275 -0.0718782 -0.0783255 -0.0834073 -0.0870187 -0.0891581 -0.0899658 -0.0896146 -0.0883575 -0.0864268 -0.0840747 -0.0815519 -0.0790456 -0.0767172 -0.074651 -0.072911 -0.0715263 -0.0705043 -0.069808 -0.0694193 -0.069292 -0.0693922 -0.0697053 -0.0701612 -0.0707772 -0.0714996 -0.0723238 -0.0732452 -0.0742263 -0.0752808 -0.07638 -0.0775203 -0.0786902 -0.0798774 -0.0810455 -0.0822023 -0.0833052 -0.0843424 -0.0852862 -0.0861062 -0.0868063 -0.0873301 -0.0876711 -0.0877997 -0.0877066 -0.0873649 -0.0867675 -0.0859005 -0.0847876 -0.0833951 -0.0817356 -0.0798529 -0.0777333 -0.0754098 -0.072917 -0.0702809 -0.0675205 -0.0646804 -0.0617758 -0.0588729 -0.0559684 -0.0530977 -0.0503036 -0.0475999 -0.0449903 -0.0425361 -0.0402266 -0.038059 -0.0360642 -0.0342427 -0.0325823 -0.0310879 -0.0297516 -0.0285598 -0.0275112 -0.0265852 -0.0257841 -0.0250847 -0.024477 -0.023961 -0.0235303 -0.0231486 -0.022842 -0.022593 -0.0223788 -0.0222059 -0.022087 -0.0219749 -0.0218949 -0.0218468 -0.0218054 -0.0217675 -0.0217623 -0.0217448 -0.0217261 -0.0217167 -0.0216983 -0.0216521 -0.0216079 -0.0215351 -0.0214298 -0.0212934 -0.02112 -0.0208903 -0.0206121 -0.0202639 -0.0198424 -0.0193332 -0.0187278 -0.0180241 -0.0172 -0.0162373 -0.0151561 -0.0139427 -0.0125687 -0.0110713 -0.00943689 -0.00765959 -0.00577053 -0.00379123 -0.00170031 0.000451593 0.00266164 0.00489422 0.00713061 0.00934542 0.0115115 0.0135855 0.0155741 0.0174209 0.0190912 0.0205889 0.0218762 0.0229397 0.0237627 0.0243471 0.024679 0.0247625 0.0245833 0.0241846 0.0235463 0.0226968 0.0216507 0.0204157 0.0190304 0.0174933 0.0158365 0.0140862 0.0122618 0.0103715 0.0084573 0.00649697 0.00453068 0.00255054 0.000543413 -0.00147074 -0.00354646 -0.00567332 -0.00789867 -0.0102613 -0.0128014 -0.0155601 -0.0185669 -0.0218477 -0.0254181 -0.0292686 -0.0333215 -0.0374986 -0.0416417 -0.0455848 -0.0490904 -0.0518799 -0.0537021 -0.0542965 -0.0534823 -0.0510845 -0.047029 -0.0413296 -0.0341203 -0.0256675 -0.0162768 -0.00635312 0.00370742 0.0134566 0.0224616 0.0303426 0.0367409 0.0414202 0.0441686 
0 -0.00179546 -0.00401898 -0.00707208 -0.0111615 -0.0164529 -0.0229245 -0.0304538 -0.0388192 -0.0476153 -0.0564579 -0.0648739 -0.0724764 -0.0789682 -0.0840851 -0.0877625 -0.0899658 -0.0908144 -0.0905068 -0.0892342 -0.0872837 -0.0848813 -0.0822767 -0.0796834 -0.077238 -0.0750678 -0.0732273 -0.0717479 -0.070632 -0.0698626 -0.0694057 -0.06923 -0.0692924 -0.0695481 -0.069987 -0.0705635 -0.0712584 -0.0720553 -0.0729381 -0.0739091 -0.0749533 -0.0760507 -0.0772028 -0.0784223 -0.0796608 -0.0809274 -0.082204 -0.0834664 -0.0847193 -0.0858991 -0.0870004 -0.088021 -0.0889097 -0.0896265 -0.0901903 -0.0905506 -0.0906884 -0.0905874 -0.090224 -0.0896097 -0.088713 -0.0875343 -0.086088 -0.0843936 -0.0824334 -0.0802509 -0.0778713 -0.0753308 -0.0726267 -0.0698176 -0.0669561 -0.0640344 -0.0610884 -0.0581922 -0.0553437 -0.05254 -0.0498679 -0.0473223 -0.0449005 -0.042627 -0.0405408 -0.0386122 -0.0368568 -0.035261 -0.0338447 -0.0325754 -0.031454 -0.0304669 -0.0296131 -0.0288557 -0.0282189 -0.0276702 -0.0271953 -0.0267991 -0.0264837 -0.0262007 -0.0259808 -0.0258139 -0.0256701 -0.0255538 -0.0254862 -0.0254164 -0.0253617 -0.025331 -0.0252967 -0.0252459 -0.0252128 -0.025155 -0.0250726 -0.024974 -0.0248495 -0.0246696 -0.0244627 -0.0241948 -0.0238616 -0.0234551 -0.0229817 -0.022399 -0.0217126 -0.0209087 -0.0200025 -0.0189396 -0.017731 -0.0163966 -0.0149274 -0.0132812 -0.0115244 -0.00965218 -0.00764182 -0.00553633 -0.00337493 -0.00113771 0.00114638 0.00342288 0.00568491 0.00791062 0.0100727 0.0121075 0.0140228 0.0157889 0.0173612 0.0187142 0.0198651 0.0207651 0.021417 0.0218166 0.0219542 0.0218613 0.021516 0.0209287 0.0201426 0.0191629 0.0179751 0.0166445 0.015173 0.0135843 0.0119066 0.0101476 0.0083531 0.00653438 0.00469993 0.00286497 0.00105906 -0.000730904 -0.00250287 -0.00426196 -0.00603049 -0.00781573 -0.00966086 -0.0116012 -0.0136738 -0.0159199 -0.0183924 -0.0211175 -0.024129 -0.0274419 -0.0310129 -0.0348128 -0.0387081 -0.0425616 -0.0461905 -0.0493235 -0.0517355 -0.0531228 -0.0532606 -0.0519587 -0.0490319 -0.0444442 -0.0381838 -0.03041 -0.0213801 -0.0114025 -0.000898982 0.00973666 0.0200401 0.0295736 0.0379421 0.0447707 0.0498048 0.0528203 
