0 0 0 0 0 0 0 0 0 0 0 0 0 0 0 0 0 0 0 0 0 0 0 0 0 0 0 0 0 0 0 0 0 0 0 0 0 0 0 0 0 0 0 0 0 0 0 0 0 0 0 0 0 0 0 0 0 0 0 0 0 0 0 0 0 0 0 0 0 0 0 0 0 0 0 0 0 0 0 0 0 0 0 0 0 0 0 0 0 0 0 0 0 0 0 0 0 0 0 0 0 0 0 0 0 0 0 0 0 0 0 0 0 0 0 0 0 0 0 0 0 0 0 0 0 0 0 0 0 0 0 0 0 0 0 0 0 0 0 0 0 0 0 0 0 0 0 0 0 0 0 0 0 0 0 0 0 0 0 0 0 0 0 0 0 0 0 0 0 0 0 0 0 0 0 0 0 0 0 0 0 0 0 0 0 0 0 0 0 0 0 0 0 0 0 0 0 0 0 0 
0 0.00096217 0.00187106 0.00266116 0.00331105 0.00378444 0.00406743 0.00416201 0.00405902 0.00380641 0.00343354 0.00299607 0.00254431 0.00208909 0.00167871 0.00131247 0.00101612 0.000790128 0.000602853 0.000451296 0.000295813 0.000130212 -7.44342e-05 -0.000342212 -0.000685874 -0.00110313 -0.00158811 -0.00214296 -0.00274855 -0.00341518 -0.00409066 -0.00478253 -0.00547788 -0.00614811 -0.00680668 -0.00740201 -0.00795518 -0.00845498 -0.0088825 -0.00923434 -0.00951134 -0.00970937 -0.00983409 -0.00988038 -0.00983599 -0.00974123 -0.00956563 -0.00932566 -0.00902769 -0.00868439 -0.00830205 -0.00788322 -0.00744247 -0.00698448 -0.00652588 -0.00605341 -0.00559126 -0.00514454 -0.00472161 -0.00430133 -0.00391715 -0.00356029 -0.00321413 -0.00290124 -0.00262372 -0.00236444 -0.0021282 -0.00192338 -0.00172841 -0.00156393 -0.00141684 -0.00129212 -0.00118095 -0.00108605 -0.000998447 -0.000933287 -0.000874691 -0.000831552 -0.000793385 -0.00075418 -0.000726014 -0.000716472 -0.000699966 -0.0006784 -0.000669306 -0.000665695 -0.000660107 -0.000650731 -0.000646643 -0.000645091 -0.000643134 -0.000636659 -0.00063826 -0.000635119 -0.000632144 -0.000631761 -0.000632933 -0.000626301 -0.000629474 -0.000628895 -0.000625793 -0.000624996 -0.000629037 -0.000623445 -0.000625536 -0.000626693 -0.00062539 -0.000624182 -0.000629392 -0.000626116 -0.000626217 -0.000628737 -0.000632951 -0.000630877 -0.000629025 -0.000632316 -0.000640892 -0.00063752 -0.000631361 -0.000636162 -0.000640092 -0.000637755 -0.000630365 -0.000621625 -0.000613899 -0.000608603 -0.000585117 -0.000562919 -0.000533105 -0.000493953 -0.000446774 -0.000399771 -0.0003269 -0.000250217 -0.00015556 -4.67988e-05 7.16102e-05 0.000207589 0.000373098 0.000549106 0.000747662 0.000981826 0.00122775 0.00149925 0.00179972 0.00213745 0.00248726 0.00286907 0.00327516 0.00370133 0.00413511 0.00458804 0.00504726 0.00551038 0.00597118 0.00640582 0.00684477 0.0072486 0.00761781 0.00795575 0.0082564 0.00850494 0.00870394 0.00883507 0.00890683 0.00892168 0.00883819 0.00869285 0.00845665 0.00813898 0.00773117 0.00721356 0.00660854 0.00590452 0.00510653 0.0042076 0.00322961 0.00217965 0.00108772 -3.592e-05 -0.00116719 -0.0022516 -0.00327377 -0.00417941 -0.00496667 -0.00561351 -0.0061013 -0.00644915 -0.00665581 -0.00677064 -0.00681883 -0.00683648 -0.00686643 -0.00693483 -0.00708023 -0.0073046 -0.0076007 -0.00794844 -0.00832465 -0.00872658 
0 0.00187106 0.00361216 0.00515721 0.00638737 0.00729621 0.0078263 0.00796421 0.0077529 0.00720323 0.00644913 0.00555916 0.00462263 0.00372304 0.00286924 0.00214557 0.00155402 0.00109409 0.000753497 0.000450421 0.000175294 -0.000127272 -0.000511007 -0.00100053 -0.00164919 -0.0024357 -0.00335119 -0.00440062 -0.00556326 -0.00681961 -0.00813036 -0.00945997 -0.0107951 -0.0121191 -0.0133752 -0.0145505 -0.0156262 -0.0165929 -0.0174392 -0.0181324 -0.0186801 -0.0190851 -0.0193487 -0.0194322 -0.0193819 -0.0191908 -0.0188643 -0.0184264 -0.0178567 -0.0172104 -0.0164875 -0.0156793 -0.0148146 -0.0139496 -0.0130379 -0.0121316 -0.0112379 -0.0103553 -0.00950985 -0.00868813 -0.00791358 -0.00719532 -0.0065332 -0.00589563 -0.0053339 -0.00481017 -0.00433917 -0.00390342 -0.00354073 -0.00320882 -0.00289894 -0.00263258 -0.00242215 -0.002218 -0.00204411 -0.00192565 -0.00179559 -0.00167996 -0.00160741 -0.00156147 -0.00148992 -0.00144546 -0.00140724 -0.0013938 -0.00136499 -0.00135007 -0.00132748 -0.00132806 -0.00131133 -0.00131262 -0.00129661 -0.00129735 -0.00129066 -0.00129372 -0.00127711 -0.00128695 -0.00127901 -0.0012769 -0.00127211 -0.00128103 -0.00126527 -0.00127402 -0.00127109 -0.00127062 -0.00126388 -0.00127708 -0.00126513 -0.00127139 -0.00126867 -0.001276 -0.00126974 -0.00127999 -0.00126974 -0.00128181 -0.00128187 -0.00128999 -0.00127563 -0.00128416 -0.00129135 -0.00130119 -0.00126938 -0.00127038 -0.00127845 -0.00126125 -0.00122185 -0.00120994 -0.00116579 -0.00110509 -0.00105592 -0.000982769 -0.000872699 -0.000749507 -0.000624372 -0.000456919 -0.000266255 -4.5294e-05 0.000193252 0.000503193 0.000824108 0.00118063 0.00159045 0.00205653 0.00255101 0.00311584 0.0037235 0.00437992 0.0050959 0.00583174 0.00663384 0.00747719 0.00833426 0.00920702 0.0101169 0.0110005 0.0118778 0.0127309 0.0135525 0.0143369 0.015043 0.0156818 0.0162417 0.0167144 0.0170597 0.0172991 0.0174219 0.0174088 0.0172501 0.0169263 0.0164486 0.0158088 0.0149801 0.0139555 0.0127577 0.0113686 0.00980262 0.00805105 0.00612313 0.00408678 0.00193895 -0.000261152 -0.00245902 -0.00460223 -0.00657416 -0.00835393 -0.0098831 -0.0111228 -0.012083 -0.0127265 -0.0131284 -0.0133332 -0.0134024 -0.0134347 -0.0134614 -0.0135915 -0.0138576 -0.0142793 -0.014857 -0.0155168 -0.016257 -0.0170325 
0 0.00266116 0.00515721 0.00732139 0.00906853 0.0103069 0.0109927 0.011125 0.0107013 0.00983706 0.00863887 0.00725964 0.00584071 0.00444099 0.00317493 0.00206956 0.00118389 0.000519431 3.74752e-06 -0.000395864 -0.000772593 -0.00116431 -0.00165049 -0.00229874 -0.00315196 -0.00420713 -0.00545331 -0.00689449 -0.00849103 -0.0102536 -0.0120693 -0.0139394 -0.015832 -0.0176825 -0.0194982 -0.02117 -0.0227277 -0.0241434 -0.0253715 -0.0263941 -0.027211 -0.0278149 -0.0282141 -0.0283935 -0.0283367 -0.0281225 -0.0276964 -0.0270916 -0.0263217 -0.0254229 -0.024409 -0.0232853 -0.0220884 -0.0208373 -0.0195623 -0.0182468 -0.016943 -0.015667 -0.0144409 -0.0132253 -0.0120924 -0.0110301 -0.0100072 -0.00906641 -0.00822071 -0.00743355 -0.00671379 -0.00607698 -0.00548609 -0.00497424 -0.00451424 -0.00411913 -0.00377037 -0.00346564 -0.00319075 -0.00297719 -0.00278493 -0.00263344 -0.00250476 -0.00238372 -0.00228768 -0.00223718 -0.00217941 -0.0021176 -0.00208147 -0.00206138 -0.00203958 -0.00201356 -0.00199779 -0.0019906 -0.00198141 -0.00196557 -0.00196598 -0.00195796 -0.00194851 -0.00194761 -0.00194801 -0.0019333 -0.00193847 -0.00193764 -0.00192904 -0.00192794 -0.00193562 -0.00192398 -0.00192733 -0.00193128 -0.0019275 -0.00192586 -0.0019366 -0.0019311 -0.00193109 -0.00193822 -0.001946 -0.00194295 -0.00194012 -0.00194808 -0.00196254 -0.00195509 -0.00194189 -0.00194901 -0.00194802 -0.00193577 -0.00191171 -0.00187887 -0.00184193 -0.00180856 -0.00173056 -0.00164632 -0.00154238 -0.00141066 -0.00124992 -0.00107893 -0.000847414 -0.00059098 -0.000283874 6.63331e-05 0.000452428 0.000897564 0.00141797 0.00197917 0.00260859 0.00333099 0.00409451 0.00493026 0.00584259 0.00684417 0.00788481 0.00899693 0.0101682 0.0113846 0.0126146 0.0138787 0.0151538 0.0164228 0.017671 0.0188509 0.0200164 0.021087 0.0220554 0.0229276 0.0236894 0.0243066 0.0247743 0.0250586 0.0251734 0.0251156 0.0248016 0.0242966 0.0235473 0.0225683 0.0213364 0.0198126 0.0180445 0.0160096 0.0137176 0.0111565 0.00837426 0.00540322 0.00231071 -0.000864025 -0.00404805 -0.00710678 -0.00996967 -0.0125093 -0.0146985 -0.0164784 -0.0178082 -0.018723 -0.0192439 -0.0194925 -0.0195516 -0.0195287 -0.0195387 -0.0196706 -0.0200215 -0.0206054 -0.0214008 -0.0223514 -0.0233991 -0.0245208 
0 0.00331105 0.00638737 0.00906853 0.0111704 0.0126312 0.0133711 0.0133719 0.0126919 0.0114065 0.00972242 0.00780434 0.00582621 0.00392888 0.00218457 0.000707763 -0.000468971 -0.0013452 -0.00196748 -0.00244587 -0.00284251 -0.00324937 -0.00376513 -0.00446193 -0.00541479 -0.00661612 -0.00805486 -0.00973577 -0.0116326 -0.0137149 -0.0159131 -0.0181775 -0.0204797 -0.0227778 -0.0250015 -0.0271005 -0.0290512 -0.0308301 -0.0324029 -0.0337271 -0.0348001 -0.0356251 -0.0361973 -0.0364755 -0.0365007 -0.0362858 -0.0358297 -0.035159 -0.0342665 -0.0332138 -0.0320109 -0.0306515 -0.0291788 -0.027656 -0.0260544 -0.024422 -0.022785 -0.0211557 -0.0195641 -0.0180008 -0.0165074 -0.0150992 -0.0137707 -0.012508 -0.011361 -0.0102947 -0.00932059 -0.00842959 -0.00764949 -0.00694528 -0.00629947 -0.0057359 -0.00526154 -0.00482552 -0.0044475 -0.00415304 -0.0038717 -0.00362619 -0.00344384 -0.00330169 -0.00315353 -0.00304609 -0.00295616 -0.00289581 -0.00283408 -0.00279149 -0.00274853 -0.00272795 -0.00269892 -0.0026888 -0.00266502 -0.00265552 -0.002646 -0.00264234 -0.00262214 -0.00262792 -0.00261914 -0.0026112 -0.00260706 -0.00261329 -0.00259618 -0.00260262 -0.00260182 -0.00259759 -0.00259253 -0.00260537 -0.00259427 -0.00259909 -0.00260077 -0.00260665 -0.00260224 -0.00261333 -0.00260728 -0.00261773 -0.00261918 -0.00262623 -0.00261399 -0.00261738 -0.00261874 -0.0026187 -0.00257698 -0.00255938 -0.00254267 -0.00249112 -0.00241239 -0.00234985 -0.00223996 -0.00210143 -0.00195953 -0.00177411 -0.00153105 -0.00125767 -0.00095245 -0.000580436 -0.000152753 0.000334889 0.00087712 0.00152512 0.00222906 0.00300265 0.00387255 0.00484287 0.00587851 0.0070176 0.00823833 0.00954137 0.0109209 0.0123452 0.0138508 0.0154061 0.0169705 0.0185489 0.0201492 0.0217051 0.0232216 0.0246742 0.026059 0.0273491 0.0284966 0.0295092 0.0303723 0.0310601 0.0315311 0.0317938 0.0318408 0.0316452 0.0311761 0.0304236 0.0293895 0.0280642 0.0264114 0.0244189 0.0221152 0.0194862 0.0165416 0.0132745 0.00971528 0.00594711 0.00200411 -0.00202914 -0.00605041 -0.00993823 -0.0135241 -0.016723 -0.0194456 -0.0216234 -0.0232467 -0.024295 -0.0248695 -0.0250756 -0.0250376 -0.0249179 -0.0248211 -0.0249147 -0.0252819 -0.0259592 -0.0269288 -0.0280898 -0.0294102 -0.0308229 
0 0.00378444 0.00729621 0.0103069 0.0126312 0.014156 0.0148067 0.0145685 0.0134939 0.0117198 0.00945837 0.00693698 0.00436985 0.00191391 -0.000299715 -0.00216897 -0.00363276 -0.00469101 -0.00541641 -0.00590885 -0.00627523 -0.00661817 -0.00705517 -0.00769005 -0.00859869 -0.00979299 -0.0112689 -0.0130277 -0.015044 -0.0172904 -0.0196809 -0.0221734 -0.0247298 -0.0272925 -0.0298093 -0.0322017 -0.0344517 -0.0365276 -0.0383802 -0.0399699 -0.0412867 -0.0423263 -0.043081 -0.0435255 -0.0436688 -0.043547 -0.0431451 -0.0424806 -0.0415676 -0.0404511 -0.0391474 -0.0376629 -0.0360381 -0.0343136 -0.0325005 -0.0306176 -0.0287063 -0.0267941 -0.0249045 -0.0230312 -0.0212254 -0.0194989 -0.0178421 -0.0162762 -0.0148297 -0.0134822 -0.0122381 -0.0111039 -0.0100769 -0.00915496 -0.00832176 -0.00758915 -0.00694749 -0.00637352 -0.0058688 -0.00545017 -0.00507773 -0.00476024 -0.00449774 -0.0042726 -0.00407737 -0.0039317 -0.00380577 -0.00369802 -0.00361202 -0.00354981 -0.00349577 -0.00345101 -0.00341428 -0.00339163 -0.00336717 -0.00334653 -0.00333558 -0.00332367 -0.00330766 -0.00330448 -0.00329807 -0.00328566 -0.00328412 -0.00328347 -0.00327255 -0.00327258 -0.00327498 -0.00326781 -0.00326739 -0.00327336 -0.00326892 -0.00327022 -0.00327695 -0.00327741 -0.00327738 -0.00328599 -0.00328909 -0.0032901 -0.0032897 -0.00329465 -0.00329307 -0.00328293 -0.00326775 -0.00325498 -0.00322108 -0.00318121 -0.00312726 -0.00304731 -0.00294738 -0.00283932 -0.00268197 -0.00249198 -0.00227408 -0.00200852 -0.00168682 -0.00132258 -0.000893612 -0.000394831 0.000180443 0.000829781 0.00155536 0.00238578 0.00331165 0.00432332 0.00544341 0.00667881 0.00799433 0.00940913 0.0109207 0.0125238 0.0141898 0.0159151 0.0177011 0.0195214 0.0213407 0.0231628 0.0249763 0.026741 0.0284379 0.03004 0.0315543 0.0329315 0.0341414 0.035184 0.0360447 0.0366903 0.0370937 0.0372424 0.0371366 0.0367541 0.0360475 0.0350295 0.0336846 0.0320056 0.029961 0.0275299 0.0247391 0.0215804 0.0180555 0.0141642 0.00995144 0.0054872 0.000841605 -0.00390102 -0.00861855 -0.0131473 -0.0173251 -0.0210137 -0.0241222 -0.0265724 -0.0283301 -0.029413 -0.0299091 -0.0299657 -0.0297389 -0.0294065 -0.0291339 -0.0290895 -0.0293925 -0.0300863 -0.031137 -0.0324527 -0.0339658 -0.035618 
0 0.00406743 0.0078263 0.0109927 0.0133711 0.0148067 0.0152256 0.0146172 0.0130418 0.0106832 0.00776821 0.00457817 0.00136378 -0.00168792 -0.00440001 -0.00666895 -0.00841368 -0.00963609 -0.0104237 -0.0108779 -0.0111407 -0.0113338 -0.0115935 -0.01205 -0.012782 -0.0138239 -0.0151796 -0.0168481 -0.0188112 -0.0210365 -0.0234441 -0.0259897 -0.028629 -0.0312985 -0.0339497 -0.0364998 -0.0389243 -0.0411887 -0.043239 -0.0450391 -0.0465694 -0.0478197 -0.0487723 -0.0494141 -0.0497324 -0.0497638 -0.0494962 -0.0489333 -0.0481037 -0.0470314 -0.0457366 -0.0442333 -0.0425587 -0.040738 -0.0388092 -0.0367762 -0.0346834 -0.032565 -0.030438 -0.028314 -0.0262376 -0.0242274 -0.022278 -0.0204256 -0.0186804 -0.0170467 -0.0155224 -0.0141278 -0.0128471 -0.0116897 -0.0106428 -0.00971145 -0.00888142 -0.00814766 -0.00750124 -0.00694122 -0.00645411 -0.00603532 -0.00567973 -0.00537032 -0.00511315 -0.00490247 -0.00472766 -0.00457382 -0.00445605 -0.00436026 -0.00428491 -0.00421621 -0.00416854 -0.00412819 -0.00409781 -0.00406718 -0.00405143 -0.00403135 -0.00401794 -0.00400574 -0.00399954 -0.00398564 -0.00398374 -0.00397694 -0.0039722 -0.00396695 -0.00396965 -0.00396246 -0.00396487 -0.00396476 -0.00396648 -0.00396486 -0.00397326 -0.00397204 -0.00397588 -0.00397856 -0.00398581 -0.00398174 -0.00398108 -0.00397635 -0.00397207 -0.00395046 -0.00392454 -0.00388796 -0.00384048 -0.00377054 -0.00368115 -0.00356392 -0.00342365 -0.00325073 -0.00303311 -0.00277522 -0.0024701 -0.00210822 -0.00168214 -0.00119556 -0.000626035 2.12298e-05 0.000764055 0.00159651 0.00253177 0.00357297 0.00473297 0.00599164 0.00736635 0.00885886 0.0104479 0.0121279 0.0139057 0.0157665 0.0176743 0.0196381 0.0216368 0.0236494 0.0256452 0.02762 0.0295476 0.0314088 0.0331667 0.0348033 0.0363194 0.0376636 0.0388167 0.0397678 0.0405049 0.0409943 0.0412204 0.0411631 0.0408259 0.0401888 0.039207 0.0378936 0.036229 0.034203 0.0317883 0.0289655 0.0257483 0.0221379 0.0181271 0.0137234 0.0089785 0.00395337 -0.00125597 -0.00655756 -0.0118095 -0.0168182 -0.0214169 -0.0254316 -0.0287598 -0.0313187 -0.0330602 -0.03403 -0.0343169 -0.0340972 -0.0335621 -0.0329071 -0.0323491 -0.0320651 -0.0321987 -0.0328011 -0.0338303 -0.0352026 -0.0368224 -0.0386355 
0 0.00416201 0.00796421 0.011125 0.0133719 0.0145685 0.0146172 0.0135015 0.011344 0.00830055 0.0046774 0.0007696 -0.00314676 -0.0068022 -0.0100484 -0.0127107 -0.0147305 -0.0161142 -0.0169199 -0.0173084 -0.0174015 -0.0173714 -0.0173707 -0.0175375 -0.0179728 -0.0187284 -0.0198172 -0.0212388 -0.0229977 -0.0250192 -0.0272885 -0.029717 -0.0322648 -0.0348994 -0.0375119 -0.0400918 -0.0425625 -0.0448967 -0.0470561 -0.0489948 -0.0506838 -0.0521189 -0.0532692 -0.0541052 -0.0546541 -0.0548758 -0.0548086 -0.0544366 -0.0537753 -0.0528462 -0.0516693 -0.050254 -0.0486258 -0.0468359 -0.0448766 -0.0428028 -0.0406299 -0.038392 -0.0361007 -0.0338118 -0.0315212 -0.0292713 -0.0270916 -0.0249755 -0.0229518 -0.0210427 -0.019249 -0.017568 -0.0160411 -0.0146296 -0.0133442 -0.0121813 -0.0111527 -0.0102234 -0.00941058 -0.0086954 -0.00806979 -0.00751134 -0.00704316 -0.00665235 -0.00630816 -0.00600467 -0.00576192 -0.005569 -0.00539962 -0.00525837 -0.00514342 -0.00505839 -0.00498495 -0.00492662 -0.00487603 -0.00484396 -0.00481065 -0.00478914 -0.00476742 -0.00475442 -0.00473777 -0.00473229 -0.00471921 -0.00471522 -0.00470779 -0.00470668 -0.00469931 -0.00470248 -0.00469772 -0.00470109 -0.00470058 -0.0047049 -0.00470275 -0.00471131 -0.004712 -0.00471395 -0.00470927 -0.00471102 -0.00470655 -0.00469274 -0.00466056 -0.00463369 -0.00459977 -0.00453343 -0.00443946 -0.00433759 -0.00421523 -0.0040455 -0.0038378 -0.00359 -0.00330054 -0.00294331 -0.00253981 -0.00206248 -0.0015028 -0.00085235 -0.00013614 0.00069923 0.00163427 0.00267527 0.00383624 0.00512723 0.00651764 0.00803028 0.00966436 0.0113947 0.0132335 0.0151577 0.01716 0.019212 0.0213206 0.0234361 0.0255711 0.0276896 0.0297676 0.0317803 0.0337222 0.0355509 0.0372401 0.038799 0.0401671 0.0413583 0.0423259 0.0430605 0.043554 0.0437891 0.0437307 0.0433942 0.0427638 0.0418047 0.0405373 0.0388977 0.0369219 0.0345719 0.0318161 0.0286639 0.0250892 0.0211094 0.0167117 0.0119144 0.00675232 0.00131765 -0.00431691 -0.0100187 -0.015624 -0.0209589 -0.0257846 -0.0299676 -0.0333474 -0.0358427 -0.0374346 -0.0381301 -0.0380875 -0.0374616 -0.0364872 -0.0354034 -0.0344245 -0.03379 -0.0336263 -0.0340043 -0.034893 -0.0361868 -0.0378095 -0.0396758 
0 0.00405902 0.0077529 0.0107013 0.0126919 0.0134939 0.0130418 0.011344 0.00848266 0.00472693 0.000331895 -0.0043302 -0.00894394 -0.0132543 -0.0170035 -0.0200791 -0.0223714 -0.0238892 -0.0247308 -0.0250052 -0.0249081 -0.0246057 -0.0242708 -0.0240724 -0.0241095 -0.0244601 -0.0251622 -0.0262148 -0.0276105 -0.029317 -0.0312758 -0.0334458 -0.0357709 -0.0381869 -0.0406571 -0.0431143 -0.045516 -0.0478252 -0.0499916 -0.0519837 -0.0537765 -0.0553364 -0.0566377 -0.057691 -0.0584428 -0.0589128 -0.0590912 -0.0589538 -0.0585419 -0.057838 -0.0568561 -0.0556335 -0.054182 -0.0524928 -0.0506411 -0.048612 -0.0464452 -0.0441847 -0.04184 -0.0394501 -0.0370396 -0.0346305 -0.0322379 -0.0299185 -0.0276606 -0.0255034 -0.0234441 -0.021521 -0.0197003 -0.0180186 -0.0164905 -0.0150974 -0.0138152 -0.0126822 -0.0116704 -0.0107487 -0.00996114 -0.00928005 -0.00866918 -0.00812337 -0.00768225 -0.00730152 -0.00698135 -0.00668888 -0.00646344 -0.00627311 -0.00612419 -0.00598422 -0.00588782 -0.0057957 -0.00573777 -0.00567888 -0.00563826 -0.00559715 -0.00558254 -0.00554907 -0.00553677 -0.00552198 -0.00551417 -0.00549559 -0.00550195 -0.00548762 -0.00548701 -0.0054844 -0.00548978 -0.00547816 -0.00549136 -0.00548766 -0.00549358 -0.00548974 -0.00549726 -0.00548818 -0.00549597 -0.00547467 -0.00545767 -0.00542929 -0.00540634 -0.00534005 -0.00526083 -0.00515999 -0.00506214 -0.00489946 -0.00469295 -0.00446269 -0.00419907 -0.00385108 -0.00345943 -0.0030041 -0.00245036 -0.00182319 -0.00111955 -0.000307938 0.000627644 0.00165973 0.00281971 0.00409653 0.00550578 0.00701368 0.00866626 0.0104307 0.0122954 0.0142535 0.0163055 0.0184053 0.0205707 0.0227747 0.0249745 0.0271918 0.0293628 0.0314752 0.0335222 0.0354715 0.0372825 0.0389733 0.040483 0.0418062 0.0429335 0.0438231 0.0444874 0.0449016 0.0450562 0.0449397 0.0445514 0.0438665 0.0428885 0.0416061 0.0399954 0.0380611 0.0357773 0.0331265 0.0300956 0.02666 0.0228074 0.0185439 0.0138556 0.00876767 0.0033334 -0.0023956 -0.00828835 -0.0142262 -0.0200371 -0.0254895 -0.0304098 -0.0345728 -0.0378474 -0.0401498 -0.0414147 -0.0417395 -0.0412159 -0.040066 -0.0385447 -0.0368834 -0.0353899 -0.0342511 -0.0336589 -0.0336764 -0.0342571 -0.0353552 -0.0368271 -0.038635 
0 0.00380641 0.00720323 0.00983706 0.0114065 0.0117198 0.0106832 0.00830055 0.00472693 0.000187298 -0.00497731 -0.0104029 -0.0157525 -0.0206851 -0.0249835 -0.0284549 -0.0310207 -0.0326932 -0.0335323 -0.0337061 -0.0333835 -0.0327781 -0.0320813 -0.0314622 -0.0310414 -0.030921 -0.031145 -0.0317221 -0.0326681 -0.0339098 -0.0354668 -0.0372538 -0.0392229 -0.0413459 -0.0435241 -0.0457689 -0.0479903 -0.0501567 -0.0522397 -0.0542071 -0.0560206 -0.057659 -0.0590859 -0.0602859 -0.0612626 -0.0619489 -0.0623842 -0.0625357 -0.0624175 -0.0620052 -0.0613134 -0.0603589 -0.0591405 -0.0576856 -0.0560008 -0.0541345 -0.0520921 -0.0499026 -0.0475719 -0.0451869 -0.0427166 -0.0402088 -0.0377171 -0.0352398 -0.0327869 -0.0304122 -0.0281249 -0.0259319 -0.0238743 -0.0219295 -0.0201306 -0.0184583 -0.0169338 -0.0155511 -0.014318 -0.0131929 -0.0122081 -0.0113218 -0.0105495 -0.00988789 -0.00931455 -0.00879212 -0.00836111 -0.00800437 -0.00769886 -0.00743163 -0.00721146 -0.00703886 -0.00689715 -0.00677135 -0.00667497 -0.0066058 -0.00653664 -0.00648901 -0.00645613 -0.0064205 -0.00639203 -0.00638484 -0.00636176 -0.00634785 -0.00634703 -0.00633957 -0.00632642 -0.00633555 -0.00633126 -0.00632659 -0.00633348 -0.00633663 -0.00632808 -0.00633572 -0.00633466 -0.00631948 -0.00630475 -0.00628906 -0.00625846 -0.0062047 -0.00613236 -0.00605228 -0.00595268 -0.00579763 -0.00561524 -0.005399 -0.005142 -0.00482441 -0.00444906 -0.00398858 -0.00348052 -0.00287688 -0.00218301 -0.00138686 -0.000487043 0.000547724 0.00167673 0.00294414 0.00433282 0.00584886 0.00750219 0.00926935 0.0111331 0.0131139 0.0151828 0.0173024 0.0195116 0.0217498 0.024006 0.0262476 0.0284837 0.0306606 0.0327705 0.0347825 0.0366897 0.038447 0.0400358 0.0414454 0.0426444 0.0436507 0.0443958 0.044919 0.045195 0.0452072 0.0449536 0.0444396 0.0436502 0.0425982 0.0412645 0.0396258 0.0377251 0.0354817 0.0329284 0.0300212 0.0267407 0.0230983 0.0190363 0.0145762 0.0097045 0.00445 -0.0011514 -0.0070188 -0.0130511 -0.0190838 -0.024929 -0.0303861 -0.0352076 -0.0392233 -0.0422425 -0.0441838 -0.0450265 -0.0448134 -0.0437162 -0.0419223 -0.0397201 -0.037396 -0.0352313 -0.0334838 -0.0323149 -0.0318133 -0.0319617 -0.0326881 -0.0338986 -0.0355128 
0 0.00343354 0.00644913 0.00863887 0.00972242 0.00945837 0.00776821 0.0046774 0.000331895 -0.00497731 -0.0109283 -0.0171161 -0.0231693 -0.0287425 -0.0335525 -0.0374295 -0.040272 -0.0420917 -0.0429639 -0.0430335 -0.0425046 -0.0415982 -0.0405237 -0.0394629 -0.0385523 -0.0379078 -0.0376034 -0.0376547 -0.0380664 -0.0388034 -0.0398588 -0.0411853 -0.042726 -0.0444373 -0.0462675 -0.0482016 -0.0501701 -0.0521328 -0.0540602 -0.0559244 -0.0576984 -0.0593371 -0.060816 -0.0621411 -0.0632751 -0.0641809 -0.064863 -0.0652911 -0.065478 -0.0653848 -0.0650099 -0.0643866 -0.0634975 -0.062332 -0.0609272 -0.0592979 -0.0574561 -0.0554293 -0.0532324 -0.0509267 -0.0485037 -0.0459905 -0.0434364 -0.0408709 -0.0382968 -0.0357609 -0.0332819 -0.0308839 -0.0285691 -0.0263613 -0.0243051 -0.0223755 -0.0205714 -0.0189314 -0.0174405 -0.0160632 -0.0148529 -0.0137793 -0.0128104 -0.0119504 -0.0112176 -0.0105722 -0.0100172 -0.00953056 -0.00912348 -0.00877613 -0.00848566 -0.0082402 -0.00804259 -0.0078678 -0.00773845 -0.00763302 -0.00753819 -0.0074663 -0.00742271 -0.00736856 -0.0073333 -0.00731622 -0.00729077 -0.00726799 -0.00727008 -0.00725601 -0.00724461 -0.00725094 -0.00725 -0.00723844 -0.00724953 -0.0072491 -0.00724006 -0.00723723 -0.00723231 -0.00720703 -0.00718548 -0.00714322 -0.00708461 -0.00700833 -0.00691602 -0.00678136 -0.0066148 -0.00640991 -0.00618031 -0.00587661 -0.00550758 -0.00509141 -0.004608 -0.00401297 -0.00335228 -0.00258948 -0.00169686 -0.000700703 0.000398679 0.00164695 0.00302561 0.00452651 0.00615668 0.00791241 0.00978837 0.0117523 0.0138193 0.01598 0.0181913 0.0204317 0.0227181 0.024993 0.0272482 0.0294574 0.031604 0.0336659 0.0355956 0.0373779 0.0390206 0.040473 0.0417108 0.042751 0.0435578 0.0441327 0.0444466 0.0445114 0.0443406 0.0439143 0.0432267 0.0422981 0.0411262 0.0397053 0.0380224 0.0360724 0.0338728 0.0313842 0.0285973 0.0254838 0.0220372 0.0182405 0.0140512 0.00947095 0.00449719 -0.000837335 -0.00649337 -0.0124029 -0.0184389 -0.024433 -0.0301907 -0.0354857 -0.0401005 -0.0438161 -0.0464541 -0.0479286 -0.0482038 -0.0473704 -0.0455685 -0.0430279 -0.040048 -0.0369261 -0.0339998 -0.031503 -0.0296352 -0.0284877 -0.0280509 -0.0282964 -0.0291056 -0.0304243 
0 0.00299607 0.00555916 0.00725964 0.00780434 0.00693698 0.00457817 0.0007696 -0.0043302 -0.0104029 -0.0171161 -0.0240456 -0.0307895 -0.0369836 -0.0423068 -0.0465832 -0.0497044 -0.0516787 -0.0525856 -0.0525646 -0.0518395 -0.0506447 -0.0492081 -0.0477198 -0.0463303 -0.0451713 -0.0443333 -0.0438457 -0.0437074 -0.0439069 -0.044435 -0.0452642 -0.0463371 -0.0476036 -0.0490345 -0.0506042 -0.0522583 -0.053949 -0.0556541 -0.0573538 -0.0590227 -0.0606091 -0.0620901 -0.063475 -0.0647177 -0.0657878 -0.0666734 -0.0673578 -0.0678378 -0.0680676 -0.0680347 -0.067764 -0.0672332 -0.0664174 -0.065352 -0.0640421 -0.0624954 -0.0607197 -0.0587374 -0.0565963 -0.054298 -0.0518637 -0.049344 -0.046768 -0.044137 -0.041497 -0.0388774 -0.0363098 -0.0337934 -0.0313631 -0.0290563 -0.0268619 -0.0247843 -0.0228738 -0.0211136 -0.0194784 -0.0180095 -0.0166927 -0.0155017 -0.0144427 -0.0135212 -0.012702 -0.0119888 -0.0113685 -0.0108424 -0.0103846 -0.00999563 -0.00966905 -0.0094012 -0.00916462 -0.0089825 -0.00883289 -0.00870324 -0.00860191 -0.00853422 -0.00846132 -0.00841242 -0.00838304 -0.00835026 -0.00832121 -0.0083188 -0.00830156 -0.00828896 -0.00829224 -0.00829072 -0.00827743 -0.00828536 -0.0082802 -0.00826615 -0.00825501 -0.00823851 -0.00819541 -0.00815292 -0.00808843 -0.00799792 -0.00787821 -0.00773752 -0.00755205 -0.00732294 -0.0070413 -0.00671764 -0.00631589 -0.00583904 -0.00529627 -0.00466124 -0.00390451 -0.00306337 -0.00211056 -0.00101146 0.000205025 0.00154041 0.00302477 0.00464239 0.00637031 0.00822219 0.0101907 0.0122612 0.0143951 0.0166039 0.0188713 0.0211516 0.0234283 0.025708 0.0279386 0.0300942 0.0321575 0.0341069 0.0359259 0.0375643 0.039018 0.0402926 0.0413424 0.0421449 0.0427252 0.0430658 0.043159 0.0429975 0.0425905 0.0419631 0.0410936 0.0399797 0.0386483 0.0371089 0.0353505 0.0333605 0.031146 0.0287113 0.0260313 0.0230742 0.0198214 0.0162703 0.0123932 0.00815182 0.0035345 -0.00145045 -0.00677343 -0.012394 -0.0182479 -0.0241945 -0.0300529 -0.0356184 -0.0406543 -0.0449468 -0.0482552 -0.0504022 -0.0512961 -0.0509093 -0.0493484 -0.046752 -0.0433733 -0.0395228 -0.0355217 -0.0317301 -0.028389 -0.0257127 -0.0238041 -0.0226776 -0.0223261 -0.0226433 -0.0235762 
0 0.00254431 0.00462263 0.00584071 0.00582621 0.00436985 0.00136378 -0.00314676 -0.00894394 -0.0157525 -0.0231693 -0.0307895 -0.038191 -0.0449537 -0.0507804 -0.055434 -0.0588328 -0.060978 -0.0619296 -0.0618567 -0.0609661 -0.0595192 -0.0577575 -0.0558768 -0.0540412 -0.0524062 -0.0510654 -0.0500648 -0.0494182 -0.0490934 -0.0491249 -0.0494645 -0.0500639 -0.0508942 -0.0518998 -0.0530904 -0.0544019 -0.055786 -0.0572288 -0.0587209 -0.0602206 -0.0616974 -0.0631278 -0.064495 -0.065802 -0.0669719 -0.0680078 -0.0689029 -0.0696279 -0.0701427 -0.0704415 -0.0705204 -0.0703526 -0.0699352 -0.0692406 -0.0683074 -0.0671216 -0.065676 -0.0639877 -0.0621127 -0.0600275 -0.0577575 -0.0553673 -0.0528585 -0.0502518 -0.0475877 -0.0449092 -0.0422167 -0.0395608 -0.0369503 -0.0344263 -0.0319859 -0.0296666 -0.0274777 -0.0254353 -0.023533 -0.0217919 -0.0201982 -0.0187547 -0.0174712 -0.0163248 -0.0152986 -0.0143954 -0.013621 -0.0129409 -0.0123494 -0.0118358 -0.011415 -0.0110489 -0.0107397 -0.0104817 -0.0102805 -0.0100978 -0.00996283 -0.00985197 -0.00976229 -0.00968624 -0.00964431 -0.00959388 -0.00956429 -0.00954456 -0.00953084 -0.00950961 -0.00951344 -0.00950201 -0.009495 -0.00948843 -0.00948245 -0.00945302 -0.00943512 -0.00939526 -0.00933644 -0.00925468 -0.00916454 -0.00903096 -0.00886307 -0.00865054 -0.00840506 -0.00809868 -0.00772551 -0.00727978 -0.00676421 -0.00615944 -0.0054556 -0.00464042 -0.00370684 -0.00266234 -0.00148061 -0.000165729 0.00128446 0.00286225 0.00458416 0.00641415 0.0083663 0.0104101 0.0125505 0.0147597 0.0170171 0.0192926 0.0215967 0.0238759 0.0260965 0.0282727 0.030359 0.0323105 0.0341146 0.0357797 0.0372391 0.0384927 0.0395267 0.0403413 0.0409092 0.0412263 0.0412958 0.0411349 0.0407389 0.0400783 0.0392145 0.0381398 0.0368503 0.0353523 0.0336699 0.0318121 0.0297809 0.0275527 0.0251321 0.0225501 0.0197402 0.0166988 0.0133937 0.00981034 0.00593986 0.00171544 -0.00286592 -0.00779213 -0.0130346 -0.0185555 -0.0242714 -0.0300524 -0.0356904 -0.0409667 -0.0456688 -0.0495334 -0.0523563 -0.0539296 -0.0541558 -0.0530529 -0.050681 -0.0472399 -0.0429606 -0.038173 -0.0332496 -0.028512 -0.0242697 -0.0207049 -0.0179488 -0.0160622 -0.0150161 -0.0147771 -0.0152505 
0 0.00208909 0.00372304 0.00444099 0.00392888 0.00191391 -0.00168792 -0.0068022 -0.0132543 -0.0206851 -0.0287425 -0.0369836 -0.0449537 -0.0522631 -0.0585255 -0.0635502 -0.0672215 -0.0695293 -0.0705679 -0.0704636 -0.0694603 -0.0678161 -0.0657826 -0.0635674 -0.0613593 -0.0593008 -0.0575245 -0.0560849 -0.0549659 -0.0542139 -0.0537803 -0.0536851 -0.0538697 -0.0542659 -0.0548967 -0.0557012 -0.0566671 -0.0577385 -0.0589016 -0.0601404 -0.0614473 -0.0627624 -0.0640749 -0.0654019 -0.0666781 -0.0679091 -0.0690403 -0.0700806 -0.070996 -0.0717624 -0.0723388 -0.0727403 -0.0729456 -0.0728921 -0.0726121 -0.0720776 -0.0712876 -0.0702239 -0.0689261 -0.0673671 -0.0655936 -0.0635948 -0.0613987 -0.0590501 -0.0565665 -0.0539642 -0.0512881 -0.0485826 -0.0458262 -0.0430906 -0.0404006 -0.0377826 -0.0352219 -0.0327933 -0.0304788 -0.0282974 -0.0262608 -0.024411 -0.0226956 -0.0211253 -0.0197196 -0.0184832 -0.0173705 -0.0163798 -0.0155173 -0.0147718 -0.0141257 -0.0135635 -0.0130852 -0.0126774 -0.0123418 -0.0120536 -0.0118182 -0.0116222 -0.0114717 -0.0113404 -0.0112449 -0.0111653 -0.0111093 -0.0110591 -0.0110325 -0.0110031 -0.0109881 -0.0109721 -0.0109643 -0.0109444 -0.0109331 -0.0109079 -0.0108763 -0.0108242 -0.0107634 -0.0106749 -0.0105643 -0.0104125 -0.0102235 -0.00999719 -0.00972586 -0.00937717 -0.00895422 -0.00848117 -0.00792332 -0.00724751 -0.00645916 -0.00558695 -0.0045777 -0.00343475 -0.00215642 -0.000756268 0.000811205 0.00249091 0.00429252 0.00621358 0.0082682 0.0103818 0.0125809 0.0148434 0.0171297 0.0194135 0.0217073 0.0239605 0.0261303 0.0282227 0.0301847 0.0320119 0.03366 0.0351277 0.036378 0.0374258 0.0382073 0.0387511 0.0390618 0.0391161 0.0389131 0.0384792 0.0378289 0.0369317 0.0358383 0.0345294 0.0330607 0.031415 0.0295937 0.02763 0.025543 0.023309 0.0209215 0.0184076 0.0157264 0.0129032 0.00984922 0.00656653 0.00305147 -0.000765035 -0.00488987 -0.00937191 -0.0141791 -0.01928 -0.0246324 -0.0301592 -0.035695 -0.0410443 -0.0459796 -0.0502521 -0.053655 -0.0559094 -0.0568574 -0.0563908 -0.0544999 -0.0513226 -0.0469886 -0.0417965 -0.036071 -0.0301764 -0.0245016 -0.0192983 -0.0148113 -0.0111692 -0.0084437 -0.00667954 -0.00580634 -0.00578727 
0 0.00167871 0.00286924 0.00317493 0.00218457 -0.000299715 -0.00440001 -0.0100484 -0.0170035 -0.0249835 -0.0335525 -0.0423068 -0.0507804 -0.0585255 -0.0652057 -0.0705559 -0.0744884 -0.0769823 -0.0781114 -0.0780301 -0.0769617 -0.0751797 -0.072942 -0.0704745 -0.067958 -0.0655762 -0.063441 -0.0616256 -0.0601493 -0.0590058 -0.0582158 -0.0577514 -0.0575705 -0.0576339 -0.0579155 -0.058391 -0.0590395 -0.0598087 -0.0606878 -0.0616871 -0.0627587 -0.0638978 -0.0650814 -0.0662857 -0.0675199 -0.0687317 -0.0698986 -0.0710359 -0.0720926 -0.0730423 -0.0738763 -0.0745531 -0.07506 -0.0753797 -0.0754702 -0.0753428 -0.0749773 -0.074342 -0.0734454 -0.0722924 -0.0708807 -0.0692173 -0.0673364 -0.0652446 -0.062958 -0.0605078 -0.0579389 -0.0552551 -0.052514 -0.0497427 -0.0469468 -0.0441671 -0.0414515 -0.0388001 -0.0362453 -0.0338229 -0.0315192 -0.0293524 -0.0273497 -0.0255264 -0.023854 -0.0223315 -0.0209611 -0.0197652 -0.0186978 -0.017753 -0.0169254 -0.01622 -0.0156023 -0.0150807 -0.0146272 -0.0142509 -0.0139353 -0.0136776 -0.0134552 -0.0132881 -0.0131471 -0.0130371 -0.0129508 -0.012891 -0.0128339 -0.0128015 -0.0127713 -0.0127459 -0.01272 -0.0127013 -0.0126619 -0.0126222 -0.0125647 -0.0124914 -0.0123874 -0.01226 -0.0120868 -0.0118894 -0.0116349 -0.0113159 -0.0109303 -0.0104952 -0.00996467 -0.00933242 -0.00858846 -0.00775426 -0.00679981 -0.00570028 -0.00445617 -0.00309352 -0.00158216 6.89469e-05 0.00183744 0.00373974 0.00576427 0.00787277 0.0100559 0.0123083 0.0145903 0.0168968 0.0191946 0.0214559 0.0236438 0.0257464 0.0277287 0.0295619 0.0312287 0.0327136 0.0339667 0.0349892 0.0357887 0.0363224 0.0366062 0.0366494 0.0364341 0.0359796 0.0352884 0.0343624 0.0332499 0.0319386 0.0304337 0.0287892 0.0269985 0.0250703 0.0230279 0.0208736 0.0186395 0.0163117 0.0138736 0.0113373 0.0086937 0.0059043 0.00293364 -0.000243093 -0.00365421 -0.00732314 -0.0113101 -0.0156267 -0.0202542 -0.0251645 -0.0303028 -0.0355788 -0.0408301 -0.0458428 -0.0503741 -0.0542042 -0.0570681 -0.058743 -0.059039 -0.0578457 -0.0552067 -0.0511867 -0.046005 -0.0399141 -0.0332547 -0.0264457 -0.0198036 -0.0136738 -0.00824789 -0.00369391 -0.000142579 0.00240157 0.00389933 0.00444482 
0 0.00131247 0.00214557 0.00206956 0.000707763 -0.00216897 -0.00666895 -0.0127107 -0.0200791 -0.0284549 -0.0374295 -0.0465832 -0.055434 -0.0635502 -0.0705559 -0.0761972 -0.0803686 -0.0830387 -0.084294 -0.0842729 -0.0832007 -0.0813517 -0.0789815 -0.0763256 -0.0735917 -0.0709481 -0.0685387 -0.0664417 -0.064669 -0.0632588 -0.0621794 -0.0614356 -0.0609832 -0.0607652 -0.0607891 -0.0609964 -0.0613869 -0.0619145 -0.0625651 -0.0633326 -0.0641983 -0.0651448 -0.0661614 -0.0672454 -0.0683731 -0.0695421 -0.0707086 -0.0718828 -0.0730136 -0.0741 -0.0751072 -0.0760082 -0.0767963 -0.0774214 -0.0778729 -0.0781233 -0.0781521 -0.0779361 -0.0774925 -0.0767626 -0.0757839 -0.0745377 -0.0730198 -0.0712569 -0.0692736 -0.0670757 -0.0646989 -0.062169 -0.0595032 -0.0567577 -0.0539398 -0.0511115 -0.0482802 -0.0454787 -0.0427275 -0.0400787 -0.0375195 -0.0351096 -0.0328336 -0.0307026 -0.0287306 -0.0269483 -0.0253204 -0.023854 -0.0225354 -0.0213773 -0.0203627 -0.0194654 -0.0186798 -0.0180162 -0.01744 -0.0169421 -0.016535 -0.0161875 -0.0158926 -0.0156629 -0.0154756 -0.0153117 -0.0151982 -0.0151069 -0.0150245 -0.0149681 -0.0149282 -0.0148746 -0.014835 -0.0147944 -0.0147313 -0.0146593 -0.0145764 -0.014451 -0.0143005 -0.0141233 -0.0138864 -0.0135948 -0.0132516 -0.0128408 -0.0123437 -0.011754 -0.011057 -0.0102715 -0.00935498 -0.00830066 -0.0071075 -0.00578889 -0.00431606 -0.00271933 -0.000966532 0.000907414 0.00289969 0.00498606 0.00716727 0.00939944 0.0116987 0.0140086 0.0163142 0.0185906 0.0207984 0.0229194 0.0249358 0.0267979 0.0284839 0.0299904 0.031254 0.0323008 0.0330976 0.0336441 0.0339301 0.0339654 0.0337312 0.0332621 0.0325502 0.0316168 0.0304799 0.0291432 0.0276473 0.0259781 0.0241811 0.0222622 0.0202526 0.0181598 0.0159997 0.0137793 0.0115199 0.00919946 0.0068102 0.00436331 0.0018118 -0.000836058 -0.00365734 -0.00666451 -0.00988451 -0.0133784 -0.017164 -0.0212792 -0.0256976 -0.0303806 -0.0352731 -0.0402694 -0.0451928 -0.0498362 -0.0539477 -0.0572927 -0.0596291 -0.0607049 -0.0603583 -0.0584773 -0.055091 -0.0502999 -0.0442911 -0.0373553 -0.0298298 -0.022125 -0.0145935 -0.00754791 -0.00122233 0.00420702 0.00859278 0.0118704 0.0140112 0.015059 
0 0.00101612 0.00155402 0.00118389 -0.000468971 -0.00363276 -0.00841368 -0.0147305 -0.0223714 -0.0310207 -0.040272 -0.0497044 -0.0588328 -0.0672215 -0.0744884 -0.0803686 -0.084747 -0.0875838 -0.0889629 -0.0890209 -0.0879799 -0.086109 -0.0836651 -0.0808969 -0.07802 -0.0752103 -0.072613 -0.0703141 -0.0683403 -0.0667312 -0.0654552 -0.0645141 -0.0638705 -0.0634717 -0.0633176 -0.0633408 -0.0635442 -0.0638887 -0.0643585 -0.0649471 -0.0656351 -0.0664222 -0.0672964 -0.0682498 -0.0692652 -0.0703518 -0.0714749 -0.0726419 -0.0738073 -0.0749755 -0.0761163 -0.0771851 -0.0781807 -0.0790611 -0.0798159 -0.0804065 -0.0808124 -0.0810079 -0.0809926 -0.0807004 -0.0801639 -0.0793666 -0.0782869 -0.0769388 -0.0753308 -0.073472 -0.0713811 -0.0690849 -0.0666113 -0.0640087 -0.0612621 -0.058448 -0.0555885 -0.0527073 -0.049835 -0.0470315 -0.0442753 -0.0416214 -0.0390896 -0.0367004 -0.034456 -0.0323755 -0.0304592 -0.0287235 -0.0271488 -0.0257388 -0.0244941 -0.0233845 -0.0224126 -0.0215804 -0.0208502 -0.0202131 -0.0196934 -0.019241 -0.0188535 -0.0185477 -0.0182963 -0.0180711 -0.017913 -0.0177813 -0.017661 -0.0175732 -0.0175075 -0.0174202 -0.0173525 -0.0172816 -0.0171795 -0.0170627 -0.0169371 -0.0167535 -0.0165359 -0.0162815 -0.0159583 -0.015567 -0.0151118 -0.0145585 -0.0139078 -0.0131594 -0.0122837 -0.0112789 -0.0101349 -0.00885711 -0.00743475 -0.00586427 -0.00414339 -0.00231136 -0.000336866 0.00173868 0.00390004 0.00613954 0.00844943 0.0107579 0.0130837 0.0153796 0.0176214 0.0197782 0.0218224 0.0237213 0.0254532 0.0269734 0.0282803 0.029369 0.0301829 0.030752 0.0310562 0.031096 0.0308684 0.0304003 0.0296857 0.0287585 0.0276059 0.0262668 0.0247603 0.0230904 0.0213006 0.0193922 0.0174094 0.0153528 0.0132473 0.011105 0.00894582 0.00676225 0.00457595 0.00236592 0.000124193 -0.0021512 -0.00451739 -0.00696788 -0.00957607 -0.0123613 -0.0153586 -0.018625 -0.0221765 -0.0260465 -0.0302167 -0.0346467 -0.03927 -0.043971 -0.0485632 -0.0528375 -0.0565347 -0.0594122 -0.0612271 -0.0617333 -0.0607746 -0.0582437 -0.054172 -0.0486609 -0.0419039 -0.0341968 -0.02588 -0.0173631 -0.00900016 -0.00110934 0.00606154 0.0123145 0.0174756 0.0214495 0.0241807 0.0256907 
0 0.000790128 0.00109409 0.000519431 -0.0013452 -0.00469101 -0.00963609 -0.0161142 -0.0238892 -0.0326932 -0.0420917 -0.0516787 -0.060978 -0.0695293 -0.0769823 -0.0830387 -0.0875838 -0.0905713 -0.092068 -0.0922227 -0.0912435 -0.0893894 -0.0869156 -0.0840902 -0.0811182 -0.0782104 -0.0754919 -0.0730576 -0.0709746 -0.0692352 -0.0678571 -0.0667988 -0.0660364 -0.0655432 -0.0652783 -0.0652 -0.0652929 -0.0655329 -0.0658901 -0.0663709 -0.066925 -0.067589 -0.0683507 -0.0691772 -0.070097 -0.0710905 -0.0721563 -0.0732833 -0.0744443 -0.0756314 -0.0768526 -0.0780392 -0.0791857 -0.0802867 -0.081292 -0.0821776 -0.0829122 -0.0834894 -0.0838687 -0.0840238 -0.0839367 -0.0836046 -0.0829966 -0.0821093 -0.0809393 -0.0795051 -0.0778076 -0.0758376 -0.0736592 -0.0712894 -0.0687235 -0.0660201 -0.0632419 -0.0603632 -0.0574466 -0.0545458 -0.0516692 -0.0488314 -0.0460914 -0.0434663 -0.0409678 -0.0386044 -0.0364097 -0.0343948 -0.03254 -0.0308589 -0.0293609 -0.0280173 -0.0268255 -0.0257977 -0.0248856 -0.0240933 -0.0234301 -0.0228567 -0.0223548 -0.0219589 -0.02162 -0.0213262 -0.0211003 -0.0209182 -0.0207424 -0.0206141 -0.0205004 -0.0203739 -0.0202568 -0.0201441 -0.019985 -0.0198132 -0.0196178 -0.0193629 -0.0190562 -0.0187061 -0.0182648 -0.0177459 -0.0171467 -0.0164283 -0.015587 -0.0146379 -0.0135496 -0.0123048 -0.010917 -0.00939301 -0.00772483 -0.00589745 -0.00395341 -0.00190656 0.000259614 0.00251566 0.00479746 0.00713905 0.0095014 0.0118217 0.0140936 0.0163123 0.0184018 0.0203453 0.0221291 0.0237201 0.0250839 0.0262028 0.0270842 0.0276978 0.0280361 0.0281081 0.0279262 0.0274805 0.0267947 0.0258658 0.0247388 0.0234193 0.0219017 0.0202525 0.0184823 0.0165938 0.0146262 0.0126083 0.0105426 0.00847332 0.00638149 0.0043029 0.00225968 0.000216022 -0.00180338 -0.00381733 -0.0058358 -0.00788513 -0.00999384 -0.0122039 -0.0145391 -0.0170516 -0.0197963 -0.022792 -0.0260976 -0.0297063 -0.0336227 -0.0378035 -0.0421591 -0.0465671 -0.0508372 -0.0547526 -0.05805 -0.0604913 -0.0618053 -0.0617903 -0.0602713 -0.0571503 -0.052477 -0.0463153 -0.0389095 -0.0305248 -0.0215133 -0.0122953 -0.00318565 0.00544706 0.013378 0.020374 0.026225 0.0308409 0.0340947 0.0360184 
0 0.000602853 0.000753497 3.74752e-06 -0.00196748 -0.00541641 -0.0104237 -0.0169199 -0.0247308 -0.0335323 -0.0429639 -0.0525856 -0.0619296 -0.0705679 -0.0781114 -0.084294 -0.0889629 -0.092068 -0.0936713 -0.0939225 -0.0930115 -0.0911965 -0.0887322 -0.0858696 -0.0828737 -0.0799001 -0.0771197 -0.074623 -0.0724555 -0.0706795 -0.0692384 -0.0681324 -0.067331 -0.0667931 -0.0664963 -0.0663813 -0.0664228 -0.0666127 -0.0669337 -0.0673361 -0.0678398 -0.0684286 -0.0691089 -0.069877 -0.0707036 -0.0716255 -0.0726359 -0.0737131 -0.0748362 -0.0760396 -0.0772799 -0.07854 -0.0798066 -0.0810486 -0.0822627 -0.0833964 -0.0844149 -0.0853139 -0.0860813 -0.0866268 -0.0869775 -0.0871141 -0.0869837 -0.0865734 -0.0859024 -0.0849478 -0.0836949 -0.0821679 -0.0803735 -0.0783326 -0.0760514 -0.0735943 -0.0709673 -0.068207 -0.0653474 -0.0624411 -0.0594949 -0.056575 -0.0536958 -0.0508774 -0.0481492 -0.0455596 -0.0431144 -0.0408156 -0.0386737 -0.0367228 -0.034962 -0.0333543 -0.0319201 -0.0306663 -0.0295566 -0.0285766 -0.0277492 -0.0270244 -0.0263998 -0.0258813 -0.025444 -0.0250563 -0.0247529 -0.0244903 -0.0242544 -0.0240554 -0.0238838 -0.0236931 -0.0235174 -0.02333 -0.0231061 -0.0228519 -0.0225709 -0.0222105 -0.0217947 -0.0213166 -0.0207361 -0.0200427 -0.0192581 -0.0183484 -0.0172931 -0.0160924 -0.0147479 -0.0132636 -0.0116243 -0.00983187 -0.00790276 -0.00586323 -0.00370766 -0.00146714 0.000855669 0.00321493 0.00559636 0.00796307 0.0102999 0.0125521 0.0147142 0.0167356 0.0185951 0.020252 0.0216876 0.0228949 0.0238486 0.0245186 0.0249266 0.0250829 0.0249333 0.0245361 0.0239071 0.0230351 0.021927 0.0206445 0.01918 0.0175607 0.0158115 0.0139572 0.012043 0.0100665 0.00805051 0.00602743 0.00403674 0.00204302 8.68479e-05 -0.00181711 -0.00367771 -0.00548909 -0.00727716 -0.00903662 -0.0107785 -0.0125402 -0.0143761 -0.0162849 -0.018335 -0.020566 -0.0230214 -0.0257743 -0.028806 -0.0321667 -0.0358396 -0.0397688 -0.0438794 -0.0480064 -0.051975 -0.0555573 -0.0584927 -0.0605193 -0.0613936 -0.0608932 -0.0588757 -0.0552558 -0.0500393 -0.0433597 -0.0353946 -0.0264572 -0.0168901 -0.00705817 0.00264878 0.0119455 0.0205261 0.0281577 0.0346398 0.0397799 0.0435144 0.0457698 
