0 0 0 0 0 0 0 0 0 0 0 0 0 0 0 0 0 0 0 0 0 0 0 0 0 0 0 0 0 0 0 0 0 0 0 0 0 0 0 0 0 0 0 0 0 0 0 0 0 0 0 0 0 0 0 0 0 0 0 0 0 0 0 0 0 0 0 0 0 0 0 0 0 0 0 0 0 0 0 0 0 0 0 0 0 0 0 0 0 0 0 0 0 0 0 0 0 0 0 0 0 0 0 0 0 0 0 0 0 0 0 0 0 0 0 0 0 0 0 0 0 0 0 0 0 0 0 0 0 0 0 0 0 0 0 0 0 0 0 0 0 0 0 0 0 0 0 0 0 0 0 0 0 0 0 0 0 0 0 0 0 0 0 0 0 0 0 0 0 0 0 0 0 0 0 0 0 0 0 0 0 0 0 0 0 0 0 0 0 0 0 0 0 0 0 0 0 0 0 0 
0 -1.16013e-07 6.72616e-07 -1.10194e-06 1.22489e-06 7.32333e-07 3.25948e-07 4.06491e-06 2.63924e-07 4.347e-06 6.05025e-06 4.94737e-06 1.71593e-05 1.93115e-05 3.40768e-05 5.62674e-05 7.57807e-05 0.000122887 0.000174826 0.000250442 0.000359432 0.00048795 0.000659198 0.000865395 0.00111016 0.00139773 0.00172706 0.00209068 0.00247292 0.00286578 0.00322159 0.00351704 0.00372808 0.00379977 0.00373554 0.00352081 0.00313032 0.0025966 0.00193021 0.00115013 0.000327323 -0.000477453 -0.00122947 -0.00185946 -0.00234043 -0.00268491 -0.00286062 -0.00288241 -0.00276915 -0.00255776 -0.00228445 -0.00198818 -0.00170227 -0.00142492 -0.00116317 -0.000934312 -0.000776872 -0.000639541 -0.000518853 -0.000422951 -0.000350837 -0.000291743 -0.000245853 -0.000204968 -0.000156056 -0.000127185 -9.378e-05 -7.05008e-05 -4.07135e-05 -1.5339e-05 1.76895e-05 2.81934e-05 4.93336e-05 7.79482e-05 9.99564e-05 0.000110936 0.000129554 0.000152537 0.000167226 0.000186241 0.00019551 0.000213765 0.000229811 0.000248692 0.00024805 0.000269487 0.000284653 0.000295795 0.00029373 0.000319106 0.000326826 0.00033208 0.000334635 0.000358232 0.000356822 0.000361674 0.000368333 0.000385264 0.000377437 0.000385401 0.000392615 0.000401172 0.00039066 0.00040298 0.000406763 0.000407437 0.000398255 0.000414151 0.000410571 0.000406476 0.000402293 0.000417628 0.000405362 0.000402532 0.000403039 0.000411993 0.000396638 0.000398808 0.000398033 0.000400667 0.000391964 0.000393403 0.000388355 0.000393094 0.000392806 0.000385222 0.000384741 0.000394467 0.000396263 0.000386382 0.000397169 0.000403269 0.000412204 0.000413968 0.000427405 0.000435732 0.000462981 0.000478781 0.000503858 0.000543766 0.000592525 0.000651493 0.000743388 0.000862276 0.000991595 0.0011752 0.00140054 0.0016598 0.00192675 0.00220516 0.00247162 0.00269164 0.00282145 0.00283754 0.00271327 0.00241384 0.0019763 0.00139298 0.000678181 -0.000103968 -0.000909427 -0.00169651 -0.00239117 -0.00295701 -0.0033904 -0.00365162 -0.00375553 -0.0037232 -0.00355267 -0.00328694 -0.00295501 -0.00258167 -0.00220191 -0.00183812 -0.00150659 -0.00120969 -0.000962983 -0.000754252 -0.000579035 -0.000449167 -0.000336389 -0.000254989 -0.000198573 -0.000149132 -0.000124171 -0.000103438 -8.8e-05 -8.2368e-05 -7.45987e-05 -6.98269e-05 -6.90816e-05 -6.70872e-05 -6.57641e-05 -6.98174e-05 -6.7551e-05 -6.90605e-05 -7.14567e-05 -6.54866e-05 -6.91761e-05 -6.72152e-05 
0 6.72616e-07 1.51201e-06 1.64985e-06 2.819e-06 1.19441e-06 3.53058e-06 2.15645e-06 4.14955e-06 9.45722e-06 6.84223e-06 2.08465e-05 2.40607e-05 3.80074e-05 7.25481e-05 9.47505e-05 0.000168307 0.000246339 0.000353605 0.000529953 0.000711049 0.000986826 0.0013188 0.00171185 0.00222323 0.00279126 0.00345568 0.00418787 0.00495557 0.00571749 0.00643468 0.00702831 0.00742356 0.00760628 0.00746197 0.00702152 0.00625532 0.00517299 0.00384164 0.00230202 0.000687142 -0.000943663 -0.0024204 -0.00368189 -0.00466776 -0.00532852 -0.00566852 -0.00571714 -0.00552052 -0.00507979 -0.00455966 -0.0039695 -0.00337115 -0.00281637 -0.00232695 -0.00189031 -0.00151947 -0.00124827 -0.00102314 -0.000854258 -0.000676355 -0.000556013 -0.000469028 -0.000393211 -0.00029233 -0.000220479 -0.000163926 -0.000105995 -5.66451e-05 1.22612e-05 6.30197e-05 0.000102842 0.000133517 0.000203699 0.000237976 0.00027304 0.000303905 0.000355383 0.000383828 0.000423298 0.00044509 0.000479097 0.000516429 0.000547219 0.000557735 0.000590116 0.000630206 0.00064201 0.000653369 0.000688154 0.000717348 0.000715863 0.000736377 0.000765754 0.000779569 0.000775802 0.000803381 0.00082002 0.00082238 0.00082312 0.000851141 0.000852545 0.000849654 0.000857346 0.000878727 0.000866024 0.000864624 0.000878275 0.000885869 0.000865001 0.000870813 0.000884196 0.000874727 0.000857367 0.000868471 0.000873344 0.000854508 0.000849306 0.000853178 0.000852197 0.000838193 0.000838088 0.000827034 0.000837157 0.000829391 0.000821885 0.000809957 0.000836766 0.00082643 0.000821422 0.000822895 0.000847672 0.000852241 0.000868846 0.000875862 0.000898167 0.000952847 0.000994428 0.00103072 0.00109007 0.00121596 0.00134792 0.00152157 0.00171361 0.002014 0.00240099 0.00284329 0.00332647 0.00387505 0.00443755 0.00494859 0.00540562 0.00565325 0.00566381 0.005388 0.00482559 0.00393613 0.00276465 0.0013582 -0.000224392 -0.00183587 -0.00339429 -0.00475723 -0.00590627 -0.00674344 -0.00726984 -0.00750594 -0.00741473 -0.00708887 -0.0065556 -0.00588603 -0.00514177 -0.00440318 -0.00367765 -0.00301383 -0.00244829 -0.00192099 -0.00151559 -0.00116775 -0.000879316 -0.000685385 -0.000506226 -0.000393893 -0.000309349 -0.000240158 -0.000206495 -0.00017389 -0.000159819 -0.000149557 -0.000145747 -0.000142734 -0.000139391 -0.000140972 -0.000132909 -0.00013553 -0.000132611 -0.000129656 -0.00013735 -0.000130998 -0.000135683 
0 -1.10194e-06 1.64985e-06 -1.00997e-06 2.8524e-06 2.78649e-06 2.49076e-06 9.09112e-06 4.44575e-06 1.24046e-05 1.75276e-05 2.12175e-05 4.6815e-05 6.25573e-05 0.000105135 0.000166169 0.000240811 0.000373095 0.000536998 0.000771164 0.00108719 0.0014822 0.00199057 0.00260536 0.00334452 0.00420484 0.0051895 0.00627462 0.00741431 0.008569 0.00962553 0.0105017 0.0111123 0.0113377 0.0111427 0.0104933 0.0093452 0.00775583 0.00577759 0.00348366 0.00105737 -0.00133445 -0.00355238 -0.00542807 -0.00687909 -0.00789593 -0.00842914 -0.00851065 -0.00819791 -0.0075836 -0.00678891 -0.00591549 -0.00505082 -0.00422123 -0.00344867 -0.00277467 -0.00226507 -0.00184339 -0.00148367 -0.0011936 -0.000960373 -0.000774903 -0.000630119 -0.000498845 -0.000356916 -0.000253932 -0.000154837 -7.30013e-05 1.56792e-05 0.000102762 0.000193752 0.000244415 0.000310008 0.000395441 0.000462815 0.000508909 0.000566762 0.000634498 0.000686743 0.000742781 0.00078099 0.000834191 0.000887467 0.000938278 0.000955782 0.00101086 0.0010599 0.00109166 0.00110441 0.00116355 0.00119493 0.00121198 0.00123124 0.00128366 0.00129385 0.00130731 0.00133185 0.00136806 0.00136248 0.00137945 0.00140223 0.00141891 0.00140523 0.00142825 0.00144152 0.00143977 0.00142632 0.00145396 0.0014502 0.00143649 0.00143082 0.00145539 0.00143219 0.00141897 0.00142072 0.0014317 0.00140003 0.00139571 0.0013934 0.00139219 0.00137106 0.00136625 0.00135395 0.00135861 0.00135232 0.00133281 0.00132756 0.00134603 0.00134465 0.00132478 0.00134129 0.00135921 0.00137667 0.00138601 0.00141346 0.00144344 0.0015107 0.00156397 0.00163431 0.00174481 0.00189501 0.0020826 0.00234959 0.00268937 0.00309945 0.00364984 0.00431628 0.00507006 0.00586678 0.00668547 0.00745704 0.00808946 0.00845416 0.00847217 0.00806947 0.00718255 0.00585957 0.00411182 0.00199557 -0.000332858 -0.002728 -0.00504906 -0.00710534 -0.00879557 -0.0100698 -0.0108559 -0.0111779 -0.0110768 -0.0105832 -0.00979927 -0.00881511 -0.00771218 -0.00659113 -0.00551047 -0.00452165 -0.00364394 -0.00289575 -0.00227075 -0.00174998 -0.00134709 -0.00101881 -0.000771689 -0.000596422 -0.000456636 -0.000372552 -0.000310557 -0.000266528 -0.000244962 -0.000224369 -0.00021282 -0.000207975 -0.000203301 -0.000201217 -0.000205634 -0.00020336 -0.000204908 -0.000207745 -0.000201822 -0.000206701 -0.000201316 
0 1.22489e-06 2.819e-06 2.8524e-06 3.81192e-06 3.93884e-06 5.6495e-06 7.08688e-06 9.51127e-06 1.63473e-05 2.14561e-05 3.67888e-05 5.63483e-05 8.69375e-05 0.000143823 0.000216367 0.000338337 0.000506091 0.000733671 0.00105747 0.00146199 0.00199738 0.00266672 0.0034788 0.00447157 0.00561876 0.00693052 0.00837309 0.00988636 0.0113947 0.0127915 0.0139476 0.0147359 0.0150534 0.0147892 0.0139171 0.0124083 0.0103007 0.00768601 0.0046823 0.00150175 -0.00166315 -0.00457611 -0.00706227 -0.0090055 -0.0103408 -0.0110501 -0.0111767 -0.0107959 -0.00999738 -0.00897007 -0.00782099 -0.00665691 -0.00555203 -0.00454706 -0.00366436 -0.00293721 -0.00236051 -0.00188783 -0.00150547 -0.00116994 -0.000910583 -0.000709899 -0.000530224 -0.000341334 -0.000186093 -5.34819e-05 6.81203e-05 0.000186821 0.000315978 0.00043011 0.000518857 0.000607874 0.000724919 0.000815193 0.000892154 0.000970559 0.00106282 0.00113889 0.00121513 0.00127559 0.00134685 0.00142196 0.00148575 0.00152742 0.00159281 0.00166161 0.00170285 0.00173807 0.00180088 0.00185113 0.00187462 0.00191206 0.00196415 0.00199219 0.00200817 0.00204633 0.00208007 0.00209036 0.0021054 0.00213811 0.00215083 0.00215023 0.00216679 0.0021874 0.0021804 0.00217644 0.00219361 0.00219582 0.00217532 0.00217462 0.00218658 0.00216848 0.0021461 0.00214832 0.00214767 0.0021183 0.00210277 0.00209811 0.00208815 0.00206317 0.002049 0.00203238 0.00203055 0.00201448 0.00199232 0.0019783 0.00199378 0.00198233 0.00196545 0.00196918 0.00199242 0.00200534 0.00202088 0.00204168 0.00208443 0.00216397 0.002239 0.00232344 0.00245757 0.00267121 0.00293415 0.00327597 0.00370403 0.00428179 0.00502377 0.00589682 0.00687051 0.00792738 0.00900299 0.00999871 0.0108171 0.0112704 0.0112536 0.0106822 0.00951388 0.00774011 0.00541197 0.00262236 -0.000468757 -0.00363813 -0.00668675 -0.00939279 -0.0116358 -0.0133044 -0.0143552 -0.0148015 -0.014659 -0.0140213 -0.0129892 -0.0116871 -0.0102384 -0.00876745 -0.00734219 -0.00603357 -0.00488043 -0.00386999 -0.0030384 -0.00234707 -0.00179233 -0.00136987 -0.00103448 -0.000796171 -0.000619824 -0.000493832 -0.000413296 -0.000355003 -0.000321866 -0.000300522 -0.000288365 -0.000281858 -0.000277129 -0.000274794 -0.000271329 -0.000270539 -0.000268936 -0.000266971 -0.000267549 -0.000268256 -0.00027025 
0 7.32333e-07 1.19441e-06 2.78649e-06 3.93884e-06 5.7006e-06 8.27013e-06 9.22422e-06 1.47794e-05 2.07251e-05 2.93818e-05 4.96075e-05 7.32313e-05 0.000117739 0.000186425 0.000281849 0.000435716 0.000643707 0.000935903 0.00133842 0.00185319 0.00252737 0.00336638 0.00438929 0.00562326 0.0070552 0.00868282 0.0104686 0.0123432 0.0142027 0.015923 0.0173443 0.0183078 0.0186911 0.0183659 0.0172839 0.0154299 0.0128369 0.0096157 0.00592986 0.00201615 -0.00187444 -0.00546115 -0.00853559 -0.0109522 -0.01262 -0.0135277 -0.0137123 -0.0132668 -0.0123172 -0.0110641 -0.00965655 -0.00821712 -0.00683875 -0.00557606 -0.00447217 -0.00354689 -0.00280506 -0.0021959 -0.00169425 -0.00126863 -0.000931299 -0.000659974 -0.000416422 -0.000183269 2.43603e-05 0.000199443 0.000364136 0.000521601 0.000687112 0.00083147 0.000959649 0.00108303 0.00122362 0.00134536 0.00145405 0.00156047 0.00167446 0.00178048 0.00187715 0.00196609 0.00205777 0.00215457 0.00223464 0.00230604 0.00238456 0.00246902 0.00252792 0.00258774 0.00265581 0.00272102 0.00276156 0.00281428 0.00286787 0.00291151 0.00293961 0.00298452 0.00301927 0.00304403 0.00306381 0.00309753 0.00311185 0.00312243 0.00313561 0.00315455 0.00314965 0.00315135 0.00315767 0.00315896 0.00313935 0.00313679 0.00313377 0.00311757 0.00309092 0.00308487 0.00307034 0.0030429 0.00301557 0.00300235 0.00298086 0.00295186 0.00292389 0.00290288 0.00288689 0.00286156 0.00283252 0.0028132 0.00281228 0.00279455 0.00277626 0.00277055 0.00278737 0.0027969 0.00281217 0.00283278 0.00288475 0.00296309 0.00305476 0.00316448 0.00333129 0.00358328 0.00391272 0.0043384 0.00488128 0.00560364 0.00651177 0.00758825 0.00879099 0.0100871 0.0113914 0.0125914 0.0135488 0.0140697 0.0140099 0.0132634 0.0117869 0.00956344 0.00666382 0.0032133 -0.000598024 -0.00450898 -0.00826057 -0.0116083 -0.0143828 -0.0164474 -0.0177577 -0.0183146 -0.0181511 -0.0173795 -0.0161199 -0.0145236 -0.0127451 -0.0109251 -0.00916205 -0.0075374 -0.00609966 -0.00484789 -0.0038064 -0.00294814 -0.00225467 -0.00172214 -0.00130582 -0.00100063 -0.00078173 -0.000622888 -0.000519645 -0.000448955 -0.000403676 -0.000376303 -0.000359402 -0.00034896 -0.00034318 -0.000341001 -0.000337109 -0.000337974 -0.000338523 -0.000337915 -0.00033992 -0.00033704 -0.000337181 
0 3.25948e-07 3.53058e-06 2.49076e-06 5.6495e-06 8.27013e-06 7.54924e-06 1.61494e-05 1.79087e-05 2.55321e-05 4.40797e-05 5.65447e-05 9.9267e-05 0.000151734 0.000228469 0.000366914 0.000533781 0.00079845 0.00115972 0.00162516 0.00227511 0.00307301 0.00408502 0.00533071 0.00679244 0.00851532 0.0104537 0.0125736 0.0147918 0.0169989 0.0190183 0.0206846 0.0218305 0.0222497 0.0218757 0.0205948 0.0184015 0.0153549 0.0115632 0.00723634 0.00262085 -0.00193167 -0.00617273 -0.00981272 -0.0126759 -0.0146848 -0.0158013 -0.0160597 -0.0155567 -0.0145036 -0.0130334 -0.0113817 -0.0096873 -0.00804396 -0.00651309 -0.00517294 -0.00406623 -0.00313987 -0.00238005 -0.00173435 -0.00122952 -0.000800388 -0.000445107 -0.000124803 0.000155023 0.000416119 0.000648711 0.000857357 0.00106871 0.00126288 0.00145349 0.00161837 0.00179306 0.00194904 0.00211591 0.00225476 0.00240074 0.00253464 0.00267733 0.00279636 0.00291951 0.00303618 0.00315307 0.00325661 0.00335848 0.00345764 0.00355084 0.00363936 0.0037196 0.00380136 0.00387293 0.00394455 0.00400409 0.0040684 0.00411901 0.00417276 0.00421312 0.00425907 0.0042896 0.00432587 0.00434787 0.00437487 0.00438734 0.00440665 0.0044109 0.0044198 0.0044167 0.00441928 0.00440771 0.00440029 0.00438396 0.00437085 0.00434721 0.00432485 0.00429838 0.00427269 0.00424113 0.00420503 0.00417425 0.00414015 0.00410436 0.00405904 0.00403119 0.00399266 0.00395932 0.00391445 0.00389369 0.0038598 0.0038414 0.00380876 0.00380028 0.00379254 0.00380285 0.00380373 0.00383072 0.0038832 0.00395299 0.00405218 0.00419107 0.00440078 0.00467204 0.00506508 0.0055743 0.00625778 0.00710178 0.00816625 0.00943991 0.0108732 0.0123776 0.0138821 0.0152711 0.0163153 0.0168748 0.0167469 0.0158151 0.0139966 0.0113339 0.00787504 0.0037693 -0.000719326 -0.00534021 -0.00976331 -0.0137347 -0.0170034 -0.019467 -0.0210316 -0.021686 -0.0215315 -0.0206294 -0.0191623 -0.0172957 -0.0152077 -0.0130485 -0.0109663 -0.00904097 -0.00730783 -0.00584047 -0.0045778 -0.0035492 -0.00273455 -0.00206852 -0.00158492 -0.00121082 -0.000938473 -0.000759269 -0.000623362 -0.000541573 -0.000486476 -0.000449788 -0.000429257 -0.000416809 -0.000410334 -0.000406389 -0.000408936 -0.00040457 -0.000405374 -0.000407504 -0.000402412 -0.000407166 -0.000404252 
0 4.06491e-06 2.15645e-06 9.09112e-06 7.08688e-06 9.22422e-06 1.61494e-05 1.33519e-05 2.76605e-05 3.46675e-05 4.99178e-05 8.58201e-05 0.00011647 0.000191483 0.000290336 0.000434372 0.000666266 0.000965228 0.00139711 0.00196888 0.00270515 0.0036588 0.00483633 0.00627967 0.00799682 0.009999 0.0122484 0.0146982 0.0172611 0.0197662 0.0220818 0.0239843 0.0252604 0.0257659 0.0253204 0.0238416 0.0213423 0.0178539 0.0135229 0.00861164 0.00338243 -0.00182824 -0.00665174 -0.010835 -0.0141615 -0.0164835 -0.0177953 -0.0181441 -0.0176485 -0.0164789 -0.0148518 -0.0129759 -0.0110075 -0.00909136 -0.00733825 -0.00578729 -0.00442329 -0.00330321 -0.00239453 -0.00163353 -0.000991776 -0.000461408 -1.42597e-05 0.000375096 0.000720205 0.00105196 0.0013375 0.00160889 0.00186574 0.00211559 0.00233747 0.00256768 0.00277792 0.00297696 0.0031738 0.00336608 0.00354237 0.00371401 0.00388654 0.00403961 0.00419833 0.00434448 0.00448573 0.00461248 0.00475521 0.00486872 0.00498375 0.00509226 0.00520934 0.00529166 0.00538765 0.00547484 0.00556088 0.00561888 0.00569645 0.00575726 0.00581395 0.00585194 0.00590848 0.00594121 0.00597226 0.00599166 0.0060256 0.00603053 0.00603982 0.00604194 0.00605221 0.00603096 0.00602399 0.00600932 0.00599457 0.00595313 0.0059353 0.00590143 0.0058643 0.00581351 0.00578424 0.00573052 0.00568227 0.00562962 0.00558343 0.00552154 0.00547415 0.00541835 0.00536088 0.00531101 0.00526446 0.00521222 0.00516714 0.00513739 0.00509629 0.00507781 0.00506714 0.00506758 0.00507395 0.00512495 0.00519138 0.00530125 0.00545209 0.00567369 0.00600808 0.00646999 0.00705189 0.0078164 0.00883724 0.0100741 0.0115144 0.0131246 0.0148398 0.016529 0.0180388 0.019172 0.0197158 0.0194696 0.0183069 0.0161819 0.0130576 0.00904139 0.00433488 -0.000836485 -0.00612806 -0.0111786 -0.0157182 -0.0194895 -0.022307 -0.0241261 -0.0249241 -0.0247446 -0.0237539 -0.0220948 -0.0199677 -0.0175969 -0.0151367 -0.0127477 -0.0105273 -0.00854265 -0.0068148 -0.0053569 -0.00416332 -0.00318808 -0.00243954 -0.00185709 -0.00141789 -0.0011121 -0.000878932 -0.000729756 -0.0006296 -0.000560553 -0.000526317 -0.000501532 -0.000488628 -0.000480834 -0.000476247 -0.000471235 -0.000471455 -0.000469182 -0.000466057 -0.00047184 -0.000467972 -0.000472949 
0 2.63924e-07 4.14955e-06 4.44575e-06 9.51127e-06 1.47794e-05 1.79087e-05 2.76605e-05 3.4747e-05 4.74229e-05 7.30497e-05 0.000100679 0.000157728 0.00024048 0.000355608 0.000546186 0.000794528 0.00115728 0.00165945 0.0023059 0.00318301 0.00427382 0.00563539 0.00730393 0.00925516 0.0115334 0.0140806 0.0168413 0.0197142 0.0225379 0.0251139 0.0272256 0.0286556 0.0291811 0.0286842 0.0270376 0.0242465 0.0203718 0.0155667 0.0101077 0.00428499 -0.00148248 -0.00687133 -0.0115549 -0.01529 -0.0179501 -0.019496 -0.0199547 -0.0194529 -0.0182318 -0.0164459 -0.0143681 -0.0121775 -0.0100122 -0.00798105 -0.0061746 -0.00461896 -0.00329557 -0.00219376 -0.00125687 -0.000512474 0.000128035 0.00068498 0.00117455 0.00158686 0.00198066 0.00233902 0.00267289 0.00299567 0.00328393 0.0035645 0.00384325 0.0041143 0.00434247 0.00459102 0.00482318 0.00504951 0.00525261 0.0054654 0.00565218 0.00585284 0.00603221 0.0061987 0.00635897 0.00653583 0.00667795 0.00680763 0.00695158 0.00709133 0.00719568 0.00730177 0.0074224 0.00751813 0.00759372 0.00767873 0.00776608 0.00782145 0.00787454 0.0079346 0.00798441 0.00800616 0.00803872 0.00807044 0.00808221 0.00807722 0.00809033 0.00809081 0.00806658 0.00804376 0.00803624 0.00800284 0.00795077 0.00791851 0.00788396 0.00782112 0.00775527 0.00771282 0.00764703 0.00757265 0.00750041 0.00743967 0.00735648 0.00728911 0.0072043 0.00713169 0.00705802 0.00699707 0.00690588 0.00684906 0.00679622 0.00674388 0.00668888 0.00666559 0.00664641 0.00665267 0.00668863 0.00673567 0.00684569 0.00702747 0.00728765 0.00762904 0.00814347 0.00882383 0.00973122 0.010854 0.0122224 0.0138386 0.0156452 0.0175178 0.0193387 0.0209497 0.0220837 0.0225836 0.022211 0.0208128 0.0183127 0.0147443 0.0101959 0.0048865 -0.000882738 -0.00679673 -0.0124516 -0.0175475 -0.0217726 -0.0249649 -0.0270248 -0.0279308 -0.0277895 -0.0267112 -0.0248976 -0.0225595 -0.0199221 -0.0171665 -0.0144864 -0.0119845 -0.00972613 -0.00779011 -0.00612494 -0.00476427 -0.00367039 -0.00278926 -0.00213462 -0.00162928 -0.00126542 -0.00101538 -0.00083338 -0.000719901 -0.000643187 -0.000592706 -0.00056485 -0.000547572 -0.000538502 -0.000535724 -0.000534763 -0.000537116 -0.000539996 -0.000540627 -0.000541823 -0.000539758 -0.000538581 
0 4.347e-06 9.45722e-06 1.24046e-05 1.63473e-05 2.07251e-05 2.55321e-05 3.46675e-05 4.74229e-05 6.55035e-05 9.54985e-05 0.000136277 0.000201956 0.000301465 0.000442897 0.000660856 0.000960739 0.00138276 0.00196123 0.00271208 0.0037027 0.00494323 0.00648235 0.00835817 0.0105606 0.0131159 0.0159642 0.0190355 0.0222129 0.0253125 0.0281337 0.0304375 0.0319875 0.0325628 0.0320068 0.0301978 0.0271385 0.0229018 0.0176638 0.0117272 0.00540752 -0.000879135 -0.00676569 -0.0119162 -0.0160567 -0.0190299 -0.0207865 -0.0213723 -0.020923 -0.0196617 -0.0177727 -0.015516 -0.013094 -0.0106794 -0.00841771 -0.00637611 -0.00457215 -0.00302138 -0.00172983 -0.000639687 0.000256016 0.00102903 0.00170438 0.00228785 0.00279014 0.0032618 0.00369874 0.00410672 0.00449584 0.00484383 0.00518267 0.00552554 0.0058513 0.00613256 0.00642622 0.00671302 0.00698587 0.00723608 0.00748463 0.00771707 0.00795763 0.00817647 0.00837182 0.00856981 0.00878024 0.00895298 0.00910636 0.00928082 0.00944711 0.00957342 0.00969907 0.00984274 0.00995729 0.0100475 0.0101478 0.01025 0.0103166 0.0103782 0.0104483 0.0105046 0.0105306 0.0105664 0.0106017 0.010612 0.0106051 0.0106166 0.0106131 0.0105804 0.0105502 0.0105365 0.0104909 0.0104247 0.0103802 0.0103347 0.0102516 0.0101676 0.0101078 0.0100267 0.00992507 0.00983148 0.00974816 0.00964612 0.00954668 0.0094372 0.00933726 0.00924263 0.00914806 0.00902853 0.00894163 0.00886731 0.00878459 0.00869921 0.00864898 0.00861046 0.00859635 0.00861073 0.00865005 0.00875588 0.00894603 0.00922504 0.00961617 0.0101877 0.0109452 0.0119534 0.0132193 0.0147386 0.0164949 0.0184443 0.020457 0.0223847 0.0240365 0.0251554 0.0255481 0.0249845 0.0233116 0.0204524 0.0164319 0.0113625 0.00549144 -0.000870953 -0.00736401 -0.0135721 -0.0191683 -0.0238303 -0.0273652 -0.0296688 -0.0307186 -0.030605 -0.0294716 -0.0275232 -0.0249914 -0.0221236 -0.0191164 -0.0161722 -0.0134101 -0.0109101 -0.00874251 -0.00688528 -0.00535789 -0.00412446 -0.00314302 -0.0023993 -0.00183168 -0.00142037 -0.00112967 -0.000925532 -0.000793903 -0.000708442 -0.000656751 -0.000627586 -0.000611628 -0.000604257 -0.000601684 -0.000598215 -0.00059729 -0.000596836 -0.000596219 -0.000599808 -0.000601356 -0.00060611 
0 6.05025e-06 6.84223e-06 1.75276e-05 2.14561e-05 2.93818e-05 4.40797e-05 4.99178e-05 7.30497e-05 9.54985e-05 0.000126501 0.000189798 0.000260124 0.000383781 0.000560692 0.000800562 0.00116518 0.00164312 0.00229866 0.00316983 0.00427328 0.00568428 0.00741346 0.00949984 0.0119604 0.0147806 0.0179175 0.021281 0.0247489 0.0281041 0.0311556 0.0336367 0.0352814 0.0359043 0.0352851 0.0333364 0.0300487 0.0255013 0.0198919 0.0135326 0.00678702 3.52302e-05 -0.00628275 -0.0118487 -0.0163679 -0.0196488 -0.0216323 -0.0223655 -0.022001 -0.0207139 -0.0187597 -0.0163557 -0.0137318 -0.0110784 -0.00857546 -0.0062901 -0.00423145 -0.00245227 -0.000941045 0.000320081 0.00139153 0.00230139 0.00310865 0.00379958 0.00440744 0.00496231 0.0054815 0.00597438 0.00642988 0.00685023 0.00724733 0.0076611 0.00803798 0.00838755 0.00872283 0.00907092 0.0093893 0.00969552 0.0099792 0.0102644 0.0105437 0.0108053 0.0110358 0.0112739 0.0115167 0.0117228 0.0119092 0.01211 0.0123048 0.0124559 0.0126088 0.0127676 0.0129074 0.013013 0.0131333 0.0132424 0.0133293 0.0133968 0.0134796 0.013536 0.0135758 0.0136088 0.0136494 0.013654 0.0136534 0.0136541 0.0136487 0.0136055 0.0135728 0.0135417 0.0134876 0.0134066 0.0133492 0.0132831 0.0131845 0.0130805 0.0129982 0.0128974 0.0127701 0.0126525 0.0125405 0.0124197 0.0122821 0.0121495 0.012016 0.0119002 0.0117615 0.0116212 0.0114943 0.0113982 0.0112767 0.0111656 0.0110775 0.0110227 0.0109828 0.0109706 0.0109989 0.0111011 0.0113028 0.0115937 0.0120338 0.0126535 0.0135034 0.0146052 0.016002 0.0176465 0.019528 0.0215951 0.0237143 0.0256988 0.0273236 0.0283821 0.0286173 0.0278317 0.025853 0.0226215 0.0181401 0.01257 0.00618202 -0.000729105 -0.00774363 -0.014468 -0.0205282 -0.0256116 -0.0294709 -0.032012 -0.0332194 -0.0331467 -0.031999 -0.0299543 -0.0272681 -0.0242009 -0.0209679 -0.0177744 -0.0147625 -0.0120423 -0.00964528 -0.00761499 -0.00592962 -0.00455259 -0.0034835 -0.00264167 -0.00201486 -0.00156317 -0.00122827 -0.00101194 -0.000861529 -0.000764773 -0.000712095 -0.000675948 -0.000658814 -0.000650806 -0.000649494 -0.000650554 -0.000655883 -0.000659873 -0.000662237 -0.000668382 -0.000666882 -0.000670227 
0 4.94737e-06 2.08465e-05 2.12175e-05 3.67888e-05 4.96075e-05 5.65447e-05 8.58201e-05 0.000100679 0.000136277 0.000189798 0.00024507 0.000357394 0.000494512 0.000699684 0.00100547 0.0014001 0.00196778 0.00271178 0.00368071 0.00494039 0.00650396 0.00843228 0.0107466 0.0134587 0.0165451 0.01997 0.0236214 0.0273403 0.0309654 0.0342069 0.036836 0.038598 0.0392208 0.0385602 0.0364936 0.0330001 0.0281877 0.0222823 0.015568 0.00844168 0.00133835 -0.00537567 -0.0113042 -0.0161495 -0.019726 -0.021955 -0.0228562 -0.022573 -0.0213312 -0.019324 -0.0168007 -0.0140095 -0.0111614 -0.00839677 -0.0058404 -0.00356102 -0.00154287 0.000206425 0.00168775 0.00291908 0.00398839 0.00493335 0.00576194 0.00647738 0.00712235 0.00773744 0.00831646 0.00885346 0.00934003 0.00981922 0.010287 0.0107373 0.0111435 0.0115428 0.0119355 0.0123182 0.012669 0.0130037 0.0133341 0.0136587 0.0139588 0.0142329 0.0145111 0.0147811 0.0150268 0.0152462 0.0154775 0.01569 0.0158801 0.0160515 0.0162335 0.016386 0.0165243 0.0166498 0.0167777 0.0168721 0.0169627 0.0170404 0.0171118 0.0171526 0.0171981 0.0172258 0.0172413 0.0172343 0.0172366 0.0172129 0.0171764 0.0171285 0.0170883 0.0170143 0.0169332 0.0168507 0.0167681 0.0166502 0.0165337 0.0164205 0.016299 0.0161499 0.0160045 0.0158649 0.0157163 0.0155503 0.0153812 0.0152262 0.0150686 0.0149007 0.0147219 0.0145702 0.0144257 0.0142821 0.0141288 0.0140092 0.0139208 0.0138639 0.0138212 0.0138272 0.0139259 0.014139 0.0144652 0.0149203 0.0155945 0.0165419 0.0177701 0.0192444 0.0209968 0.0230056 0.025169 0.0273353 0.0293205 0.0308964 0.0318044 0.0318472 0.0308027 0.0284938 0.0248452 0.0199257 0.0138855 0.00698094 -0.000401134 -0.00790063 -0.0151016 -0.0215921 -0.0270466 -0.0312375 -0.0340129 -0.0353588 -0.0353938 -0.0342329 -0.0321315 -0.0293433 -0.0260986 -0.0226754 -0.0192653 -0.0160331 -0.0130893 -0.0105074 -0.00829279 -0.00644866 -0.00496505 -0.00376759 -0.00286072 -0.0021737 -0.00166058 -0.00131706 -0.0010625 -0.000903478 -0.000805082 -0.000736047 -0.000711372 -0.000693301 -0.00068905 -0.000694051 -0.000696736 -0.000704946 -0.000711205 -0.000717558 -0.000722894 -0.00072837 -0.000732398 
0 1.71593e-05 2.40607e-05 4.6815e-05 5.63483e-05 7.32313e-05 9.9267e-05 0.00011647 0.000157728 0.000201956 0.000260124 0.000357394 0.000472498 0.00065081 0.00090373 0.0012367 0.00172281 0.00235929 0.00320169 0.00431503 0.0056992 0.00744743 0.00957625 0.0121075 0.0150817 0.0184431 0.0221482 0.0260768 0.0300655 0.0338943 0.0373268 0.0400945 0.0419167 0.042586 0.0418777 0.0397032 0.0360439 0.0310183 0.024852 0.0178645 0.0104784 0.00304835 -0.00396335 -0.0102028 -0.0153658 -0.0192152 -0.0216543 -0.0227372 -0.0226072 -0.0214033 -0.0194087 -0.0168071 -0.0138587 -0.0107983 -0.00783134 -0.00504938 -0.00248584 -0.000202407 0.0017802 0.00344349 0.00489832 0.0061444 0.00724128 0.00818878 0.0090365 0.00978876 0.010501 0.0111707 0.0117814 0.0123599 0.0129061 0.0134471 0.0139494 0.0144389 0.0148828 0.0153409 0.015767 0.0161804 0.0165539 0.0169419 0.0172987 0.0176441 0.0179607 0.0182791 0.0185736 0.0188561 0.0191162 0.0193678 0.0196049 0.0198242 0.0200271 0.0202161 0.0203953 0.0205516 0.0206981 0.0208262 0.0209459 0.021042 0.0211322 0.0211997 0.0212607 0.0213003 0.0213329 0.0213419 0.0213475 0.0213331 0.0213083 0.0212642 0.0212173 0.0211519 0.0210732 0.0209826 0.0208854 0.0207752 0.0206489 0.020517 0.0203744 0.0202305 0.020062 0.0198947 0.0197182 0.0195513 0.0193475 0.0191579 0.0189627 0.0187811 0.0185632 0.0183703 0.0181713 0.0179959 0.0178059 0.0176328 0.0174703 0.0173552 0.0172615 0.0171929 0.0171995 0.0172909 0.0174989 0.017836 0.0183738 0.0191031 0.0201191 0.0214212 0.0230368 0.0249008 0.0269741 0.0291787 0.0313719 0.0333198 0.0347603 0.0355139 0.035288 0.0339169 0.0312458 0.0272113 0.0218388 0.0153414 0.00799419 0.000131897 -0.00779281 -0.0154064 -0.0222812 -0.0280965 -0.0325788 -0.0355987 -0.0371369 -0.0372497 -0.036141 -0.0340128 -0.0311382 -0.0277817 -0.0242051 -0.0206102 -0.0171831 -0.0140557 -0.0112656 -0.0088974 -0.00690967 -0.00528709 -0.00402175 -0.00301928 -0.00227685 -0.00173485 -0.00133707 -0.00108111 -0.000907506 -0.000799971 -0.00074819 -0.000714934 -0.000708726 -0.00071362 -0.000715717 -0.000730745 -0.000737889 -0.000747741 -0.000761758 -0.000767425 -0.000782712 -0.000790497 
0 1.93115e-05 3.80074e-05 6.25573e-05 8.69375e-05 0.000117739 0.000151734 0.000191483 0.00024048 0.000301465 0.000383781 0.000494512 0.00065081 0.000864426 0.00116323 0.00156869 0.00211867 0.00285221 0.00380586 0.00504557 0.00659831 0.00853302 0.0108804 0.0136562 0.016892 0.0205175 0.0244945 0.0286847 0.032902 0.0369543 0.0405492 0.0434346 0.0453356 0.0460058 0.045262 0.0430085 0.0392268 0.0340448 0.0277083 0.0205145 0.0129005 0.0052519 -0.00200872 -0.00849611 -0.0139104 -0.0180126 -0.0207032 -0.0219921 -0.0220021 -0.0208965 -0.0189235 -0.0162787 -0.0132312 -0.0100226 -0.006817 -0.00377126 -0.000971667 0.00155111 0.00378997 0.00570451 0.00736155 0.00878505 0.0100354 0.0111392 0.0121126 0.0129743 0.0137836 0.0145442 0.0152353 0.0158945 0.0165173 0.0171146 0.017682 0.018234 0.018739 0.0192422 0.019723 0.02018 0.0206067 0.0210356 0.021431 0.0218101 0.0221758 0.0225253 0.022845 0.0231602 0.0234597 0.0237308 0.0239877 0.0242379 0.0244657 0.0246672 0.0248639 0.0250443 0.0252028 0.0253402 0.0254737 0.0255844 0.0256772 0.0257516 0.0258209 0.0258653 0.0258938 0.0259072 0.0259146 0.0258945 0.0258614 0.0258192 0.0257657 0.0256844 0.025597 0.0255035 0.0253893 0.0252564 0.0251231 0.0249783 0.0248102 0.0246415 0.0244637 0.024271 0.0240683 0.0238736 0.0236513 0.0234307 0.023212 0.022993 0.0227492 0.0225278 0.0223012 0.0220832 0.021867 0.021666 0.0214709 0.0213275 0.0212131 0.0211254 0.0211154 0.0212164 0.0214427 0.0218149 0.0223832 0.0231831 0.0243035 0.0257106 0.0273906 0.0293293 0.031485 0.0337136 0.0358649 0.037705 0.0389767 0.0394786 0.0389648 0.037254 0.0341895 0.0297257 0.0239248 0.0170058 0.00923566 0.000990918 -0.00732085 -0.0153153 -0.0225443 -0.0286837 -0.0334589 -0.036714 -0.0384291 -0.0386912 -0.0376535 -0.035553 -0.0326566 -0.0292081 -0.0255097 -0.0217587 -0.0181596 -0.0148578 -0.0119093 -0.00938696 -0.00726585 -0.0055384 -0.00416923 -0.00310402 -0.00230895 -0.00172614 -0.00131853 -0.0010417 -0.000865367 -0.000759678 -0.000703963 -0.000680296 -0.000676833 -0.000690821 -0.000706779 -0.000733268 -0.000756011 -0.000777945 -0.000801295 -0.000813098 -0.000831071 -0.000839496 
0 3.40768e-05 7.25481e-05 0.000105135 0.000143823 0.000186425 0.000228469 0.000290336 0.000355608 0.000442897 0.000560692 0.000699684 0.00090373 0.00116323 0.00151658 0.00200273 0.00263182 0.00347684 0.00456085 0.00594313 0.00767689 0.00980291 0.0123719 0.0153953 0.0188942 0.0227993 0.0270525 0.0315069 0.035949 0.0401961 0.0439319 0.0469124 0.0488768 0.0495537 0.0487905 0.0464722 0.0425988 0.0373039 0.030847 0.0235345 0.0157832 0.0079976 0.000559731 -0.00612305 -0.0117558 -0.0160831 -0.0189971 -0.0205004 -0.0206855 -0.0197254 -0.017819 -0.0151784 -0.0120547 -0.00871699 -0.00532728 -0.00205814 0.000988876 0.00377578 0.00625481 0.00840745 0.0102775 0.0119056 0.0133159 0.0145686 0.0156692 0.0166526 0.0175625 0.0184057 0.0191776 0.0199147 0.0206133 0.0212613 0.0218904 0.0224952 0.0230614 0.0236027 0.0241313 0.0246239 0.0251017 0.0255624 0.0259905 0.0263975 0.0268055 0.0271796 0.0275203 0.0278619 0.0281926 0.028481 0.0287528 0.0290278 0.0292746 0.0294891 0.0296975 0.0298978 0.0300652 0.0302136 0.030355 0.0304794 0.0305741 0.0306577 0.0307305 0.0307818 0.0308076 0.0308279 0.0308342 0.030814 0.0307753 0.0307373 0.0306775 0.0305884 0.0304953 0.0304019 0.0302748 0.0301278 0.0299906 0.029838 0.0296518 0.0294646 0.0292829 0.0290724 0.0288504 0.0286318 0.0284016 0.0281561 0.0279192 0.0276676 0.0274099 0.0271628 0.0269164 0.0266592 0.0264242 0.0262016 0.0259862 0.0258121 0.0256795 0.0255887 0.0255806 0.0256922 0.0259305 0.0263549 0.0269883 0.0278739 0.0290685 0.0305744 0.0323458 0.0343643 0.0365537 0.038759 0.0408305 0.0425224 0.0435865 0.0437919 0.0429354 0.0408283 0.037355 0.0324727 0.0262639 0.0189473 0.0107883 0.00219079 -0.00646629 -0.0147769 -0.0223162 -0.0287461 -0.0337997 -0.0373029 -0.039218 -0.0396479 -0.0387103 -0.0366704 -0.0337852 -0.0303004 -0.0265284 -0.022668 -0.0189369 -0.0154819 -0.0123923 -0.00972596 -0.00748361 -0.00566267 -0.00420356 -0.00308505 -0.00224118 -0.0016214 -0.00120111 -0.000908284 -0.000734705 -0.000637982 -0.000593471 -0.000593195 -0.000606988 -0.000638481 -0.000670162 -0.000705112 -0.000737601 -0.000767571 -0.000799877 -0.000824523 -0.000855501 -0.000878445 
0 5.62674e-05 9.47505e-05 0.000166169 0.000216367 0.000281849 0.000366914 0.000434372 0.000546186 0.000660856 0.000800562 0.00100547 0.0012367 0.00156869 0.00200273 0.00255556 0.00330965 0.00426174 0.00548832 0.00704517 0.00895969 0.0113083 0.0141165 0.0174033 0.0211644 0.0253573 0.0298687 0.0345606 0.0392414 0.0436377 0.0475216 0.0505946 0.0525868 0.0532884 0.0525015 0.0501415 0.0462174 0.0408846 0.0343577 0.0269957 0.0191946 0.0113093 0.0037809 -0.00303827 -0.00884217 -0.0133848 -0.0165125 -0.0182461 -0.018654 -0.0178452 -0.0160529 -0.0134654 -0.01033 -0.00687735 -0.00334365 0.000120795 0.00341209 0.00644826 0.00916454 0.0115417 0.013648 0.0154684 0.0170491 0.0184315 0.019669 0.0207657 0.0217694 0.0226828 0.0235259 0.0243348 0.0250883 0.0257889 0.0264551 0.0271119 0.027716 0.0283006 0.0288494 0.0293821 0.0298886 0.0303824 0.0308245 0.0312613 0.0316921 0.0320896 0.0324428 0.0328051 0.0331549 0.0334584 0.0337423 0.0340305 0.0342935 0.0345167 0.0347365 0.0349444 0.0351252 0.035278 0.0354296 0.0355571 0.0356627 0.0357478 0.0358289 0.0358799 0.0359143 0.0359343 0.0359458 0.0359229 0.0358905 0.035851 0.0357923 0.0356991 0.0356093 0.0355138 0.0353826 0.0352309 0.0350929 0.0349388 0.0347419 0.03455 0.0343629 0.034152 0.0339119 0.0336883 0.0334486 0.0332031 0.0329423 0.032685 0.0324134 0.0321646 0.0318963 0.0316291 0.0313772 0.0311534 0.0309309 0.0307446 0.030607 0.030527 0.0305504 0.0306831 0.0309626 0.0314378 0.0321745 0.0331543 0.0344378 0.036028 0.0379043 0.0399826 0.0421654 0.0443288 0.0462775 0.0477699 0.0485517 0.0484447 0.0471965 0.0446685 0.040776 0.0354823 0.0288769 0.0211928 0.0127267 0.00380407 -0.00513106 -0.0137087 -0.0215297 -0.0282274 -0.0335338 -0.037283 -0.0394348 -0.0400305 -0.039266 -0.0373329 -0.0344904 -0.0310362 -0.0272101 -0.0232751 -0.019441 -0.0158653 -0.0126481 -0.00986809 -0.00752511 -0.00559949 -0.00409037 -0.00290346 -0.00202446 -0.00140024 -0.000947639 -0.000680157 -0.000510407 -0.000420354 -0.000409915 -0.000409488 -0.000453198 -0.000506963 -0.000553916 -0.000625131 -0.000674103 -0.000728982 -0.00078367 -0.000817027 -0.000864996 -0.000894143 
0 7.57807e-05 0.000168307 0.000240811 0.000338337 0.000435716 0.000533781 0.000666266 0.000794528 0.000960739 0.00116518 0.0014001 0.00172281 0.00211867 0.00263182 0.00330965 0.00416046 0.00526369 0.00665424 0.00837883 0.0105139 0.0130895 0.0161489 0.0197121 0.0237584 0.0282213 0.0330043 0.0379408 0.0428048 0.047384 0.0513756 0.0545139 0.0565592 0.0572515 0.0564502 0.0540716 0.0501398 0.0447876 0.0382861 0.0309439 0.0231215 0.015253 0.00767681 0.000772598 -0.00514981 -0.00985786 -0.0132319 -0.0152141 -0.0158349 -0.0152572 -0.0136112 -0.0111243 -0.00802381 -0.00456346 -0.000901666 0.00275861 0.00624185 0.00947703 0.0124179 0.0150608 0.0173615 0.019371 0.0211035 0.0226423 0.0239891 0.0251959 0.0262754 0.0272554 0.028161 0.0290157 0.0298206 0.0305494 0.0312559 0.0319261 0.0325769 0.0331689 0.033746 0.0342833 0.0348249 0.0353172 0.0357822 0.0362212 0.0366719 0.0370705 0.0374397 0.0378027 0.0381625 0.0384729 0.0387635 0.039054 0.0393219 0.0395552 0.0397746 0.0399884 0.0401712 0.0403352 0.0404831 0.0406196 0.0407259 0.0408226 0.0408992 0.0409609 0.0409965 0.0410277 0.0410354 0.0410241 0.0409951 0.0409641 0.0409042 0.0408224 0.0407384 0.0406468 0.0405203 0.0403765 0.0402467 0.0400927 0.0399074 0.0397144 0.0395409 0.0393279 0.0391021 0.0388678 0.0386509 0.0383989 0.0381504 0.0378805 0.0376354 0.0373755 0.0371197 0.0368457 0.0366113 0.0363879 0.0361808 0.0360022 0.035885 0.0358443 0.0358942 0.0360885 0.0364393 0.037013 0.0378177 0.0389329 0.0403431 0.0420434 0.0439696 0.0461001 0.0483021 0.0503807 0.0521561 0.0534046 0.0539014 0.053397 0.0517595 0.0488101 0.044475 0.0387691 0.0318173 0.0238129 0.0150485 0.00590682 -0.00328245 -0.0120904 -0.0201334 -0.0270698 -0.0326251 -0.036615 -0.0389923 -0.03983 -0.0392344 -0.0374543 -0.034725 -0.0313058 -0.0274925 -0.0235219 -0.019616 -0.0159491 -0.0126459 -0.0097575 -0.00732613 -0.00534084 -0.00374855 -0.00254047 -0.00163494 -0.000984151 -0.000559908 -0.00027826 -0.000134163 -8.18461e-05 -7.70088e-05 -0.000133805 -0.000200499 -0.00028269 -0.000380134 -0.000459422 -0.000550744 -0.000629141 -0.000696744 -0.000770955 -0.00082291 -0.000880642 
0 0.000122887 0.000246339 0.000373095 0.000506091 0.000643707 0.00079845 0.000965228 0.00115728 0.00138276 0.00164312 0.00196778 0.00235929 0.00285221 0.00347684 0.00426174 0.00526369 0.00651983 0.00808991 0.0100254 0.0123856 0.0152087 0.0185362 0.0223827 0.0267026 0.0314635 0.0365055 0.0416715 0.0467513 0.0514526 0.0555514 0.0587474 0.0608009 0.0615059 0.0607009 0.0583183 0.0543953 0.0490909 0.0426294 0.0353658 0.0276311 0.0198086 0.0122588 0.00532001 -0.000695932 -0.00557984 -0.00915082 -0.0113826 -0.0122889 -0.0119616 -0.0105325 -0.00821813 -0.00521785 -0.0017443 0.00194911 0.00570373 0.00936114 0.0128128 0.0159513 0.0187779 0.0212797 0.0234782 0.025373 0.0270146 0.0284719 0.0297704 0.0309227 0.0319427 0.0328939 0.0337776 0.0346092 0.0353604 0.0360745 0.0367547 0.0374156 0.0380178 0.0385871 0.0391344 0.0396714 0.040166 0.0406245 0.0410693 0.0415054 0.0419076 0.0422725 0.0426333 0.0429795 0.0432963 0.0435809 0.0438659 0.0441273 0.0443663 0.0445792 0.0447901 0.0449723 0.0451408 0.0452849 0.045423 0.0455329 0.0456353 0.0457119 0.0457799 0.0458233 0.0458627 0.0458733 0.0458744 0.0458569 0.0458359 0.0457821 0.0457206 0.0456486 0.0455688 0.0454538 0.0453363 0.0452153 0.0450788 0.0449103 0.0447435 0.044578 0.0443921 0.0441818 0.043971 0.0437698 0.043549 0.0433106 0.043067 0.0428468 0.0426128 0.0423732 0.0421284 0.0419218 0.0417286 0.0415626 0.0414121 0.0413398 0.0413647 0.0415033 0.0417609 0.042207 0.0429034 0.0438702 0.0451176 0.0466329 0.0484486 0.0504993 0.0526775 0.0548192 0.0568013 0.0583908 0.0593732 0.0595333 0.0586538 0.0565697 0.0531728 0.0484355 0.0423585 0.0350861 0.0268038 0.0178224 0.00846373 -0.000894146 -0.00986072 -0.018095 -0.0252312 -0.0310123 -0.0352527 -0.0378902 -0.0389468 -0.0385831 -0.0369838 -0.0343842 -0.0310866 -0.0273102 -0.0233492 -0.0194156 -0.0156814 -0.0123042 -0.00934165 -0.00684157 -0.00479329 -0.00317187 -0.00192407 -0.00100633 -0.000363906 6.3892e-05 0.000306943 0.000426572 0.000442878 0.000391885 0.00030247 0.000180359 5.47959e-05 -7.88558e-05 -0.00020643 -0.000327253 -0.000443024 -0.000546382 -0.000646437 -0.000733715 -0.000816815 
0 0.000174826 0.000353605 0.000536998 0.000733671 0.000935903 0.00115972 0.00139711 0.00165945 0.00196123 0.00229866 0.00271178 0.00320169 0.00380586 0.00456085 0.00548832 0.00665424 0.00808991 0.00986085 0.0120212 0.0146257 0.0177203 0.0213343 0.0254803 0.030096 0.0351371 0.0404326 0.0458116 0.0510686 0.0558967 0.0600855 0.063328 0.0653909 0.0660915 0.065268 0.0628953 0.0590134 0.0537874 0.0474393 0.0402988 0.0326784 0.0249514 0.0174697 0.0105376 0.00447242 -0.000553205 -0.00435662 -0.00687188 -0.00808486 -0.00805128 -0.00689156 -0.00480189 -0.0019832 0.00138752 0.00506949 0.0089034 0.012675 0.0162497 0.019555 0.0225729 0.0252531 0.0275962 0.0296248 0.0313719 0.0329224 0.034286 0.0354812 0.0365318 0.0375057 0.038395 0.0392267 0.0399824 0.040684 0.041353 0.0420018 0.0425931 0.0431417 0.043679 0.0441933 0.0446704 0.0451145 0.0455463 0.0459541 0.0463433 0.0466979 0.0470401 0.0473632 0.047673 0.0479469 0.0482139 0.0484626 0.0486968 0.0489002 0.0491 0.0492782 0.0494438 0.0495841 0.0497193 0.0498318 0.049936 0.0500162 0.0500888 0.050142 0.0501895 0.0502098 0.0502243 0.0502242 0.050216 0.0501783 0.0501412 0.0500908 0.0500275 0.0499379 0.0498542 0.0497544 0.0496419 0.0495088 0.0493787 0.0492357 0.0490863 0.0489144 0.0487408 0.0485716 0.048396 0.0481928 0.0479941 0.0478182 0.0476296 0.0474304 0.0472435 0.0470892 0.0469495 0.0468478 0.0467709 0.0467783 0.0468949 0.0471426 0.0475234 0.0481213 0.0489649 0.0500917 0.0515179 0.0532101 0.0551461 0.057278 0.0594983 0.0616155 0.0634795 0.0648452 0.0655312 0.0653322 0.0640556 0.0615487 0.0577359 0.0525952 0.0461733 0.0386342 0.0301419 0.0210099 0.0115275 0.00205455 -0.00703533 -0.0154033 -0.0227071 -0.0286859 -0.0331539 -0.0360529 -0.0373704 -0.0372655 -0.0358914 -0.0334735 -0.0303103 -0.0266136 -0.0226923 -0.0187577 -0.014999 -0.0115765 -0.00856159 -0.00600959 -0.00391458 -0.00226579 -0.00100244 -8.95282e-05 0.000535031 0.000931995 0.00113186 0.00120786 0.00117223 0.00107118 0.000928437 0.000749492 0.000568715 0.000373834 0.000189891 1.2131e-05 -0.000155955 -0.000303638 -0.00044626 -0.00056535 -0.000679769 
