0 0 0 0 0 0 0 0 0 0 0 0 0 0 0 0 0 0 0 0 0 0 0 0 0 0 0 0 0 0 0 0 0 0 0 0 0 0 0 0 0 0 0 0 0 0 0 0 0 0 0 0 0 0 0 0 0 0 0 0 0 0 0 0 0 0 0 0 0 0 0 0 0 0 0 0 0 0 0 0 0 0 0 0 0 0 0 0 0 0 0 0 0 0 0 0 0 0 0 0 0 0 0 0 0 0 0 0 0 0 0 0 0 0 0 0 0 0 0 0 0 0 0 0 0 0 0 0 0 0 0 0 0 0 0 0 0 0 0 0 0 0 0 0 0 0 0 0 0 0 0 0 0 0 0 0 0 0 0 0 0 0 0 0 0 0 0 0 0 0 0 0 0 0 0 0 0 0 0 0 0 0 0 0 0 0 0 0 0 0 0 0 0 0 0 0 0 0 0 0 
0 4.26065e-06 -2.55188e-06 7.38275e-06 5.56419e-06 8.68742e-06 2.19209e-05 2.37569e-05 4.46138e-05 6.69916e-05 9.43027e-05 0.000149139 0.00020763 0.000295259 0.000413083 0.000549105 0.000733218 0.000948704 0.00120297 0.00150877 0.00184449 0.00221432 0.00260188 0.0029754 0.00331145 0.00358152 0.00374078 0.00377604 0.00366989 0.00339731 0.00298432 0.00242224 0.00174306 0.000989149 0.000206881 -0.00053855 -0.00120432 -0.00172686 -0.00211808 -0.00234538 -0.00241451 -0.00235779 -0.00216746 -0.00189162 -0.00157372 -0.0012528 -0.000924142 -0.00063984 -0.000370346 -0.000122902 6.76868e-05 0.00023034 0.000366544 0.000496797 0.000601214 0.000709639 0.000795911 0.000883162 0.000957937 0.00104323 0.00113255 0.00119657 0.00126563 0.00134277 0.00142558 0.00147946 0.00155336 0.00161667 0.00169092 0.00174938 0.00181135 0.00186855 0.00193984 0.00199433 0.00204234 0.00210451 0.00216211 0.00221086 0.00225457 0.00231295 0.00235452 0.00240427 0.00243982 0.00248735 0.0025227 0.00256831 0.00259023 0.00263226 0.00266292 0.00269459 0.00270821 0.0027478 0.00276612 0.00278361 0.00279606 0.00282747 0.002829 0.00283956 0.00285049 0.00286626 0.00285434 0.00286374 0.00286629 0.00286438 0.00284627 0.00285393 0.00284082 0.00282636 0.00280697 0.00280649 0.0027766 0.00275802 0.00273487 0.00272066 0.0026815 0.00266125 0.00262755 0.00260308 0.00256231 0.00253276 0.00249012 0.00246324 0.00241798 0.00237461 0.00233487 0.00230191 0.00224929 0.00220039 0.00216519 0.00211873 0.00207092 0.00201748 0.0019778 0.00193105 0.00189276 0.00182614 0.00178773 0.00175348 0.00171391 0.001651 0.00161459 0.0015874 0.00155757 0.00152249 0.00148508 0.00147807 0.00147204 0.00148776 0.00151205 0.00156289 0.00162886 0.001763 0.00192952 0.0021127 0.00233777 0.00257026 0.00280382 0.00300895 0.00315641 0.00317876 0.00308506 0.00284118 0.00243937 0.00190156 0.0012276 0.000467242 -0.000346351 -0.00113634 -0.00187006 -0.00249597 -0.00297561 -0.00331563 -0.00349002 -0.00351544 -0.00341202 -0.00319759 -0.00290171 -0.00256706 -0.00220909 -0.00185482 -0.001536 -0.00123563 -0.000984664 -0.000775202 -0.000590563 -0.000458186 -0.000343124 -0.000254674 -0.000198914 -0.000143488 -0.000116214 -9.62051e-05 -7.58956e-05 -7.72608e-05 -6.64688e-05 -6.50934e-05 -6.8582e-05 -5.8305e-05 -6.51273e-05 -6.18462e-05 
0 -2.55188e-06 1.41852e-05 2.47745e-06 1.8982e-05 2.59663e-05 2.98658e-05 6.51284e-05 8.20414e-05 0.000135947 0.000204687 0.000289445 0.000430507 0.000592987 0.000823916 0.00111182 0.0014693 0.00191152 0.00242679 0.00303787 0.00370395 0.00444818 0.00520513 0.00594219 0.00663024 0.00714242 0.00748896 0.00756461 0.00733534 0.00682263 0.00597684 0.00486082 0.00352061 0.00202458 0.00046869 -0.0010034 -0.00232719 -0.00340326 -0.0041558 -0.00462773 -0.00476758 -0.00463001 -0.00426239 -0.00372606 -0.00309593 -0.0024375 -0.00180657 -0.00119833 -0.000652335 -0.000180478 0.000202073 0.000541782 0.000823036 0.00107243 0.00131881 0.0015082 0.00166598 0.00184577 0.00204125 0.00219412 0.00233845 0.00248051 0.00263996 0.00280084 0.00293501 0.00306114 0.00320514 0.00334982 0.00347822 0.00360904 0.00372647 0.00385365 0.00398699 0.00410188 0.00420023 0.00432378 0.00444205 0.0045364 0.00463333 0.00473975 0.00483544 0.00492309 0.00500868 0.00508966 0.00517559 0.00525096 0.00531244 0.00538041 0.00545619 0.00550486 0.00554931 0.00561124 0.00566223 0.00568487 0.00572392 0.00577023 0.00578856 0.00579771 0.00583094 0.00584826 0.00584032 0.00584541 0.00586159 0.00584563 0.00582485 0.00582411 0.00581136 0.00577038 0.00574599 0.00572786 0.00568465 0.0056331 0.00560098 0.00555598 0.00549488 0.00543789 0.00538537 0.00532086 0.00525356 0.00518028 0.00510761 0.00504015 0.004959 0.0048653 0.00478911 0.00471636 0.0046137 0.00451816 0.00443795 0.00434861 0.00424579 0.00415447 0.00405505 0.00396478 0.00387614 0.00377732 0.00367771 0.00359241 0.00350746 0.00342606 0.00334601 0.00325057 0.00319344 0.00315008 0.00309009 0.00303879 0.00304589 0.00306372 0.00311038 0.00321486 0.00337656 0.00361645 0.00392525 0.00431321 0.00474107 0.0052096 0.00567604 0.00608397 0.00633398 0.00638882 0.00619682 0.0056884 0.0049155 0.00382903 0.00247924 0.000957867 -0.000654975 -0.00224729 -0.00369408 -0.00492759 -0.00591414 -0.00656583 -0.00694012 -0.00700483 -0.00678734 -0.00637849 -0.00578143 -0.00510978 -0.00439668 -0.00369832 -0.00305137 -0.00246629 -0.00196912 -0.00153184 -0.00119015 -0.00090095 -0.000676316 -0.000518533 -0.0003785 -0.000302313 -0.000234512 -0.000186812 -0.00017057 -0.000136859 -0.000135197 -0.000126877 -0.000116937 -0.000129717 -0.000117772 -0.000125299 
0 7.38275e-06 2.47745e-06 1.95043e-05 2.30411e-05 3.55996e-05 6.56266e-05 8.73795e-05 0.000142143 0.000213211 0.000307172 0.000461334 0.000651102 0.000914401 0.00126481 0.00168868 0.00223604 0.00289037 0.00366184 0.00457366 0.0055839 0.00668865 0.00783825 0.00895077 0.00995365 0.0107496 0.0112346 0.0113451 0.0110274 0.0102378 0.00900882 0.00735322 0.00535488 0.00313234 0.000830941 -0.00136916 -0.00333077 -0.00489749 -0.0060497 -0.00673235 -0.00694915 -0.00677176 -0.00622111 -0.0054135 -0.00447258 -0.0035023 -0.00253046 -0.00165147 -0.000834125 -9.89601e-05 0.000494207 0.000998319 0.00142623 0.00182037 0.00215916 0.00247913 0.00274966 0.00301818 0.00326636 0.00352255 0.00377876 0.00399011 0.00420993 0.00444518 0.00468078 0.00486634 0.00508317 0.00528562 0.00550026 0.00568713 0.0058735 0.00605555 0.00625997 0.00643013 0.00658459 0.00676601 0.00693864 0.00708832 0.00722891 0.00739274 0.00752802 0.00767019 0.0077878 0.00792123 0.00803675 0.00816134 0.00824416 0.00835825 0.00845552 0.00854347 0.0086013 0.00870199 0.00876498 0.00881599 0.00886256 0.00893797 0.00895762 0.0089861 0.00902045 0.00905524 0.00903848 0.00905587 0.00906427 0.00905412 0.009016 0.009021 0.00898906 0.00894432 0.0088953 0.00887521 0.00880101 0.00873897 0.00867475 0.00861877 0.00851758 0.00844415 0.00835166 0.00826739 0.00815483 0.00805651 0.00793874 0.0078433 0.00771434 0.00758383 0.00746383 0.00735272 0.00720206 0.00705734 0.00693915 0.00680026 0.00665256 0.0064983 0.00636638 0.00622586 0.00609422 0.00591646 0.00578551 0.00566836 0.00553867 0.00537186 0.005251 0.00514994 0.00505219 0.0049494 0.00484599 0.00480244 0.00478624 0.00482092 0.00489219 0.00503738 0.0052533 0.00562999 0.00610924 0.00665967 0.00730818 0.00798912 0.00866368 0.0092478 0.00963775 0.00968807 0.00937593 0.0086224 0.0074157 0.00579131 0.00377812 0.00150498 -0.000907269 -0.00326661 -0.00544394 -0.0073038 -0.0087492 -0.00975858 -0.0102954 -0.0103872 -0.0100889 -0.0094661 -0.00860148 -0.00761058 -0.00655512 -0.00551383 -0.00455762 -0.00367742 -0.00292866 -0.00229711 -0.0017614 -0.00135226 -0.00101492 -0.000757529 -0.000578452 -0.000429413 -0.00034077 -0.000279055 -0.000229683 -0.000218217 -0.000196275 -0.000190184 -0.000193267 -0.000180158 -0.000190533 -0.000183924 
0 5.56419e-06 1.8982e-05 2.30411e-05 4.06812e-05 6.01686e-05 8.71296e-05 0.000137412 0.000199025 0.000300605 0.000440181 0.000633216 0.000903959 0.00125367 0.00171848 0.00230107 0.0030282 0.00391112 0.00495157 0.00616445 0.00751006 0.00897933 0.0104915 0.0119618 0.0132969 0.0143383 0.0150005 0.0151561 0.0147327 0.0137141 0.0120847 0.00991034 0.00729251 0.00437821 0.00135951 -0.00152759 -0.00410615 -0.00620075 -0.00771074 -0.00862524 -0.00892206 -0.00867399 -0.00796134 -0.00691272 -0.00567396 -0.00437133 -0.00309236 -0.00188422 -0.000781718 0.000186943 0.00099445 0.00168907 0.00228209 0.00281205 0.00329664 0.00371193 0.00407539 0.00444285 0.00481244 0.00514934 0.00546791 0.00576823 0.00608329 0.00640249 0.00669639 0.00696655 0.00725366 0.00753963 0.00781355 0.00807532 0.00832369 0.00857916 0.00884077 0.0090755 0.00929055 0.00952874 0.00975846 0.00996102 0.0101579 0.0103651 0.0105561 0.0107373 0.0109061 0.0110734 0.0112376 0.0113899 0.0115184 0.0116565 0.0117929 0.011901 0.0119962 0.0121106 0.0122042 0.0122683 0.0123411 0.0124213 0.0124639 0.0124965 0.0125459 0.0125781 0.012576 0.0125867 0.0126009 0.012581 0.012548 0.0125356 0.0125024 0.0124395 0.0123854 0.0123389 0.0122572 0.0121668 0.0120887 0.0119993 0.0118826 0.0117711 0.0116579 0.0115337 0.0113953 0.0112536 0.0111074 0.0109655 0.010801 0.0106261 0.0104651 0.0103057 0.0101112 0.00992134 0.00974913 0.00956515 0.00936375 0.00916725 0.00897338 0.00878488 0.00859512 0.0083863 0.00819026 0.00801261 0.00783293 0.00764432 0.00746998 0.00730122 0.00716584 0.00704223 0.00691649 0.00682853 0.00681083 0.00684182 0.00693468 0.00712799 0.00743792 0.00790736 0.00851724 0.00925413 0.0100867 0.0109778 0.0118501 0.0125902 0.0130447 0.0130911 0.0126425 0.011611 0.0100099 0.00783183 0.00515479 0.00213505 -0.00105137 -0.00418393 -0.0070556 -0.00951176 -0.0114491 -0.0127806 -0.0135187 -0.0136636 -0.0132774 -0.0124758 -0.0113437 -0.0100366 -0.00865038 -0.00728449 -0.00601307 -0.00486318 -0.00387149 -0.00302443 -0.0023315 -0.00177118 -0.00132977 -0.000999454 -0.000746003 -0.000572082 -0.000446661 -0.000361298 -0.000311182 -0.000272378 -0.000256146 -0.000245149 -0.00023754 -0.000240632 -0.000239682 -0.000245278 
0 8.68742e-06 2.59663e-05 3.55996e-05 6.01686e-05 8.95117e-05 0.000127446 0.000193872 0.000278175 0.00040804 0.000591112 0.000838891 0.00118449 0.00163375 0.00221914 0.00295995 0.00387318 0.00498179 0.00629016 0.00780196 0.00949044 0.0113188 0.0132017 0.0150315 0.0166796 0.0179751 0.0187917 0.0189896 0.0184784 0.0172316 0.0152378 0.0125748 0.00936545 0.00579366 0.00209978 -0.00144673 -0.00460674 -0.00718756 -0.00905722 -0.0101888 -0.0105744 -0.0102793 -0.00941586 -0.00813111 -0.00660315 -0.00498167 -0.0033862 -0.001869 -0.000481915 0.000741954 0.0017858 0.00267461 0.00344222 0.00412137 0.00474038 0.00527953 0.00576604 0.00623372 0.00669718 0.00713313 0.00754457 0.00793905 0.00833489 0.00873417 0.00910826 0.00946624 0.00982188 0.0101825 0.0105269 0.0108598 0.0111757 0.0114982 0.0118172 0.0121146 0.0123948 0.0126845 0.0129675 0.0132256 0.0134766 0.0137265 0.0139682 0.0141915 0.0144064 0.0146117 0.0148165 0.0150003 0.015171 0.0153371 0.0155026 0.0156381 0.0157669 0.0158963 0.0160128 0.0160996 0.0161921 0.0162778 0.0163401 0.0163851 0.0164401 0.0164735 0.0164853 0.0164941 0.0165045 0.0164831 0.0164532 0.0164252 0.0163843 0.0163138 0.0162491 0.0161783 0.0160864 0.015977 0.0158769 0.0157597 0.0156255 0.0154827 0.0153427 0.0151853 0.0150179 0.0148392 0.014662 0.0144764 0.0142756 0.0140628 0.0138597 0.0136502 0.0134167 0.0131826 0.0129583 0.0127268 0.0124762 0.0122294 0.0119842 0.0117461 0.0114952 0.0112393 0.0109901 0.0107602 0.0105229 0.0102835 0.0100549 0.00984536 0.00966205 0.00948903 0.00933035 0.00921571 0.00918235 0.0092123 0.00932623 0.00955519 0.00994267 0.0105124 0.0112595 0.0121605 0.0131701 0.0142438 0.0152813 0.0161458 0.0166552 0.0166658 0.0160516 0.0147323 0.0127008 0.00996829 0.00663945 0.00288838 -0.0010539 -0.00493335 -0.0084952 -0.0115474 -0.0139564 -0.0156243 -0.0165511 -0.0167501 -0.0162995 -0.0153268 -0.0139597 -0.0123614 -0.0106653 -0.00899026 -0.00741786 -0.00600306 -0.00477227 -0.00372555 -0.00286909 -0.00217311 -0.00162958 -0.00121749 -0.000903992 -0.000687592 -0.000531656 -0.000428103 -0.000367659 -0.000323437 -0.000306086 -0.000297014 -0.000292036 -0.000297152 -0.000295625 -0.000300989 
0 2.19209e-05 2.98658e-05 6.56266e-05 8.71296e-05 0.000127446 0.000191805 0.000260792 0.000386334 0.000544769 0.000769952 0.00109127 0.00150439 0.00206606 0.00277983 0.0036797 0.00479211 0.0061301 0.00771126 0.00952302 0.0115582 0.0137329 0.0159841 0.0181676 0.0201063 0.0216687 0.0226253 0.0228706 0.0222956 0.020822 0.0185017 0.0153824 0.011621 0.00743943 0.0031243 -0.00104361 -0.00475443 -0.00778391 -0.0100204 -0.0113544 -0.0118317 -0.0115087 -0.0105077 -0.00900294 -0.00720015 -0.00527801 -0.00334795 -0.0015316 0.000145135 0.00163892 0.00293243 0.00402424 0.00498059 0.0058317 0.00657376 0.00725492 0.00787737 0.00845619 0.0089995 0.00954521 0.010062 0.0105517 0.0110259 0.0115016 0.01197 0.01241 0.01284 0.0132663 0.0136915 0.0140872 0.0144787 0.0148607 0.015239 0.0155956 0.015944 0.0162815 0.0166136 0.0169292 0.0172297 0.017524 0.0178082 0.018078 0.0183306 0.0185799 0.0188133 0.0190349 0.0192391 0.0194395 0.0196209 0.0197925 0.0199464 0.0200953 0.020224 0.0203435 0.0204458 0.0205416 0.0206163 0.020683 0.0207329 0.0207741 0.0207948 0.0208092 0.0208058 0.0207926 0.0207606 0.0207233 0.0206667 0.0206009 0.0205181 0.0204303 0.0203226 0.0202066 0.0200756 0.0199401 0.019784 0.0196207 0.0194461 0.0192658 0.0190649 0.0188588 0.0186459 0.0184234 0.0181844 0.0179407 0.0176939 0.0174351 0.017167 0.0168889 0.0166154 0.0163325 0.0160413 0.0157358 0.0154478 0.015154 0.0148498 0.0145337 0.0142398 0.0139556 0.0136635 0.0133598 0.0130775 0.012838 0.012597 0.0123663 0.012172 0.012047 0.0119772 0.0120095 0.0121456 0.0124117 0.0128639 0.013535 0.014413 0.015448 0.0166285 0.0178555 0.019025 0.0199696 0.020509 0.0204385 0.0196288 0.0180147 0.0155246 0.0122444 0.00827311 0.00380829 -0.000870889 -0.00546344 -0.00970048 -0.0133403 -0.016197 -0.0182219 -0.0193348 -0.0196016 -0.0191187 -0.017987 -0.0164169 -0.0145508 -0.0125659 -0.0105984 -0.00874565 -0.00707412 -0.00561196 -0.00438335 -0.00335416 -0.00253944 -0.00189531 -0.00139546 -0.00104352 -0.000770604 -0.000596423 -0.00048183 -0.000398509 -0.000370229 -0.000338589 -0.000331704 -0.000338505 -0.000330467 -0.000348859 -0.000351133 
0 2.37569e-05 6.51284e-05 8.73795e-05 0.000137412 0.000193872 0.000260792 0.000377482 0.000515659 0.000721272 0.00101036 0.00138308 0.00190057 0.002566 0.00341288 0.00449185 0.00580123 0.00738225 0.00924646 0.0113675 0.0137344 0.0162712 0.0188629 0.021379 0.0236301 0.0254085 0.0265406 0.0268414 0.026189 0.0245475 0.0219029 0.0183668 0.0141097 0.00937981 0.00448616 -0.000232408 -0.00445039 -0.00794532 -0.0104929 -0.0120527 -0.0126279 -0.0122644 -0.0111504 -0.00946519 -0.00740919 -0.00517562 -0.00295568 -0.000795781 0.00118154 0.00292915 0.0044717 0.00579952 0.00696086 0.00797278 0.0088932 0.00969508 0.0104369 0.0111289 0.011816 0.0124505 0.0130355 0.0136293 0.0142098 0.0147691 0.0152928 0.0158292 0.0163288 0.0168397 0.0173142 0.0177874 0.0182397 0.0186932 0.019113 0.0195334 0.019942 0.020326 0.0207035 0.0210677 0.0214215 0.0217471 0.0220803 0.0223785 0.0226811 0.0229538 0.0232283 0.023466 0.0237198 0.0239313 0.0241441 0.02433 0.0245255 0.0246717 0.0248288 0.0249608 0.0250892 0.025175 0.0252788 0.0253488 0.02541 0.0254412 0.0254882 0.025491 0.0254912 0.0254699 0.0254546 0.0253914 0.0253385 0.0252616 0.0251815 0.0250599 0.0249581 0.0248201 0.0246801 0.0245098 0.0243551 0.024157 0.0239686 0.0237517 0.0235392 0.0232945 0.0230624 0.0227958 0.0225334 0.0222561 0.0219726 0.0216673 0.0213681 0.0210572 0.0207264 0.0204037 0.0200662 0.0197293 0.0193751 0.0190348 0.0186705 0.0183371 0.0179724 0.0176165 0.0172707 0.0169544 0.0166112 0.0162869 0.0160035 0.0157473 0.0155298 0.0153483 0.0152742 0.0152918 0.015447 0.0157618 0.0163056 0.0170424 0.0180162 0.0192077 0.0205108 0.0218754 0.0231481 0.0241357 0.0246234 0.0244566 0.0234263 0.0214656 0.0185517 0.0147031 0.0100948 0.00494075 -0.00044209 -0.00573753 -0.0106075 -0.0148014 -0.0181374 -0.0204779 -0.021818 -0.0221803 -0.0216608 -0.0204277 -0.0186634 -0.0165566 -0.0143129 -0.0120782 -0.00995675 -0.00805408 -0.00637758 -0.00495255 -0.00379033 -0.00283468 -0.00210024 -0.0015434 -0.00111742 -0.0008363 -0.000628458 -0.000493566 -0.000424733 -0.000366193 -0.000356493 -0.000350246 -0.000346689 -0.000372267 -0.000372456 -0.000395267 
0 4.46138e-05 8.20414e-05 0.000142143 0.000199025 0.000278175 0.000386334 0.000515659 0.000709415 0.000959553 0.001303 0.00176819 0.00237121 0.00316589 0.00416459 0.00541826 0.00694348 0.00877008 0.0109129 0.0133433 0.0160588 0.0189363 0.0218904 0.0247436 0.0272657 0.0292959 0.0305567 0.0309091 0.0302198 0.0283962 0.0254941 0.0215903 0.0168835 0.0116546 0.00625623 0.00102387 -0.00365869 -0.00752925 -0.010411 -0.0121671 -0.012846 -0.0124959 -0.0112915 -0.00942797 -0.00713741 -0.00463835 -0.00209338 0.00035 0.00261614 0.00465545 0.00647254 0.008028 0.00939881 0.0106022 0.0116535 0.0126204 0.0135192 0.014334 0.0150869 0.0158318 0.01654 0.0172314 0.0178761 0.0185017 0.0191236 0.0197338 0.0203028 0.0208623 0.021411 0.0219357 0.0224566 0.0229515 0.0234222 0.0238875 0.0243523 0.0247718 0.025186 0.0255933 0.0259843 0.0263458 0.026705 0.0270402 0.027368 0.027677 0.0279645 0.0282352 0.0285086 0.0287494 0.0289657 0.0291846 0.0293921 0.0295572 0.029716 0.0298788 0.0300077 0.0301062 0.0302132 0.030306 0.030357 0.0304006 0.0304492 0.0304632 0.0304476 0.0304403 0.0304192 0.0303566 0.0302875 0.0302234 0.030126 0.0299996 0.0298826 0.0297503 0.0295832 0.0294073 0.0292348 0.0290317 0.0288133 0.0285872 0.0283508 0.0280933 0.0278319 0.0275444 0.0272562 0.0269596 0.0266445 0.0263045 0.025983 0.0256396 0.0252765 0.0249103 0.024547 0.024161 0.0237805 0.0233915 0.0229861 0.0225921 0.0222007 0.0218037 0.0214022 0.0210137 0.0206311 0.0202921 0.0199468 0.0196272 0.019374 0.019196 0.0190859 0.0191123 0.0192934 0.0196449 0.0202438 0.0210835 0.0221744 0.023464 0.0249002 0.0263525 0.0276772 0.028665 0.0291052 0.0287753 0.0274882 0.0251815 0.0217746 0.0173819 0.0121575 0.00634041 0.000280968 -0.00566844 -0.0111691 -0.0159189 -0.0196836 -0.0223822 -0.0239207 -0.0243811 -0.0238795 -0.0225468 -0.0206459 -0.0183414 -0.0158657 -0.0133898 -0.011031 -0.00889977 -0.00702231 -0.00543745 -0.0041197 -0.00306563 -0.00224051 -0.00160583 -0.00115167 -0.000816758 -0.00060081 -0.000464187 -0.000377763 -0.000348292 -0.000332611 -0.000340912 -0.000360551 -0.000373913 -0.000401265 -0.000419782 
0 6.69916e-05 0.000135947 0.000213211 0.000300605 0.00040804 0.000544769 0.000721272 0.000959553 0.00127321 0.00169296 0.00224585 0.00296361 0.00388958 0.00504998 0.00649572 0.00824821 0.0103355 0.0127729 0.0155272 0.0185748 0.0218029 0.0250879 0.0282523 0.0310585 0.0333015 0.0347236 0.035143 0.034417 0.0324623 0.0293187 0.02509 0.0199978 0.014347 0.0084999 0.002834 -0.00226892 -0.00652129 -0.00969628 -0.0116668 -0.0124536 -0.012115 -0.0108442 -0.00885431 -0.00636473 -0.00360816 -0.000778154 0.001979 0.00454352 0.00685577 0.00892703 0.0107357 0.0123263 0.013717 0.0149388 0.0160448 0.0170635 0.0179981 0.0188745 0.0197057 0.0204875 0.0212615 0.021997 0.0226912 0.0233688 0.0240418 0.0246762 0.025292 0.0258836 0.0264589 0.0270284 0.0275673 0.0280707 0.0285764 0.0290781 0.0295312 0.0299712 0.0304089 0.0308285 0.0312156 0.0315949 0.0319518 0.0323031 0.0326307 0.0329328 0.0332196 0.0335127 0.0337649 0.033992 0.0342241 0.0344464 0.0346168 0.0347852 0.0349585 0.0350961 0.0351965 0.0353131 0.0354121 0.0354666 0.0355116 0.0355686 0.0355832 0.0355682 0.0355627 0.0355465 0.0354794 0.0354103 0.0353472 0.0352492 0.0351152 0.0349981 0.0348636 0.0346903 0.0345052 0.0343307 0.0341208 0.0338914 0.0336548 0.0334118 0.0331434 0.0328665 0.0325651 0.0322646 0.0319542 0.0316172 0.0312583 0.0309193 0.0305588 0.0301654 0.0297739 0.0293886 0.0289817 0.0285623 0.0281377 0.027707 0.027291 0.0268554 0.0264059 0.0259752 0.025569 0.0251468 0.0247454 0.024368 0.0240347 0.0237654 0.0235621 0.0234467 0.023479 0.0236934 0.0241145 0.0247906 0.0257053 0.0268811 0.0282807 0.029809 0.0313323 0.0326778 0.0336141 0.0339278 0.0334031 0.0318352 0.0291437 0.0252789 0.0203349 0.0145042 0.00805749 0.001356 -0.00521767 -0.0112981 -0.0165654 -0.0207753 -0.0238059 -0.0255866 -0.0261816 -0.0257079 -0.0243355 -0.022312 -0.0198424 -0.0171716 -0.0144814 -0.0119124 -0.00957975 -0.0075213 -0.00577478 -0.00432927 -0.00316731 -0.00226387 -0.00157916 -0.00108306 -0.00073544 -0.000507169 -0.00036809 -0.000293701 -0.000262279 -0.000261564 -0.000279853 -0.00030813 -0.000346051 -0.000383352 -0.000424355 
0 9.43027e-05 0.000204687 0.000307172 0.000440181 0.000591112 0.000769952 0.00101036 0.001303 0.00169296 0.00220228 0.00285499 0.00370488 0.00477666 0.00611685 0.00776883 0.00976028 0.0121178 0.0148529 0.0179385 0.0213189 0.0249027 0.02852 0.0319889 0.0350748 0.0375131 0.0390878 0.0395705 0.0388164 0.0367624 0.0334185 0.0289233 0.023506 0.017497 0.0112642 0.00522688 -0.000238812 -0.00482687 -0.00826581 -0.0104525 -0.0113629 -0.0110745 -0.00977485 -0.00768904 -0.00503551 -0.00205183 0.00102976 0.00407024 0.00691346 0.00950312 0.011832 0.0138953 0.0157012 0.0172708 0.0186619 0.0199107 0.0210584 0.0221006 0.0230763 0.0239813 0.0248448 0.025689 0.0264884 0.0272341 0.0279581 0.0286805 0.0293597 0.0300121 0.0306294 0.0312425 0.0318381 0.0324036 0.0329251 0.0334547 0.0339716 0.034446 0.0348972 0.0353479 0.0357807 0.0361811 0.0365667 0.0369324 0.0372946 0.0376276 0.0379362 0.0382287 0.0385288 0.0387831 0.0390176 0.0392514 0.0394789 0.0396514 0.0398262 0.0399985 0.0401422 0.0402444 0.0403657 0.0404637 0.0405257 0.0405714 0.0406325 0.0406476 0.0406404 0.0406345 0.0406232 0.040558 0.0404958 0.0404319 0.0403402 0.040208 0.0400961 0.0399621 0.0397952 0.0396101 0.0394401 0.0392326 0.0390059 0.0387683 0.0385302 0.0382633 0.0379835 0.0376835 0.0373848 0.0370727 0.0367301 0.0363726 0.0360274 0.0356659 0.0352633 0.0348658 0.0344695 0.0340619 0.0336248 0.0331859 0.0327412 0.0323151 0.0318598 0.0313879 0.0309345 0.0305091 0.0300727 0.0296393 0.0292448 0.0288968 0.0286217 0.0284132 0.0283197 0.0283746 0.0286341 0.0291285 0.0298851 0.0308917 0.0321604 0.0336617 0.0352563 0.0368179 0.038141 0.0389944 0.0391493 0.0383939 0.036516 0.0334103 0.0290783 0.0235908 0.017183 0.0101455 0.00284458 -0.00431815 -0.0109515 -0.0167149 -0.0213611 -0.0247127 -0.0267414 -0.0274845 -0.0270644 -0.0256953 -0.0235902 -0.0210043 -0.0181776 -0.0153065 -0.0125556 -0.0100421 -0.00782496 -0.00593371 -0.00438004 -0.0031239 -0.00215307 -0.00142717 -0.000891244 -0.000538346 -0.000300848 -0.000164615 -0.000113798 -9.23596e-05 -0.000124426 -0.000166634 -0.000213133 -0.00028234 -0.000328126 -0.000389774 
0 0.000149139 0.000289445 0.000461334 0.000633216 0.000838891 0.00109127 0.00138308 0.00176819 0.00224585 0.00285499 0.00364214 0.00462662 0.00586907 0.0074081 0.00928048 0.0115279 0.0141752 0.0172165 0.0206338 0.0243655 0.0282759 0.0322297 0.0359965 0.0393238 0.0419841 0.0436859 0.044239 0.0434907 0.0413425 0.0378494 0.0331396 0.0274594 0.021149 0.0146188 0.00825692 0.00246879 -0.00239054 -0.00611063 -0.00849966 -0.00954705 -0.00935052 -0.00806758 -0.00591706 -0.0031471 -2.04821e-07 0.00333255 0.0066048 0.00970514 0.0125645 0.0151486 0.0174402 0.0194534 0.0212166 0.022739 0.0241264 0.0253927 0.0265434 0.0275637 0.0285357 0.0294761 0.0303674 0.0311936 0.0319686 0.0327381 0.0334743 0.0341837 0.034837 0.0354814 0.0360973 0.0367087 0.0372677 0.0378061 0.03833 0.0388476 0.0393233 0.0397736 0.0402191 0.0406458 0.0410496 0.0414207 0.0417904 0.0421379 0.0424735 0.0427665 0.043067 0.0433445 0.0436066 0.0438274 0.0440665 0.0442719 0.0444591 0.0446188 0.0447952 0.0449245 0.0450444 0.0451484 0.0452549 0.0453106 0.0453729 0.0454176 0.0454497 0.0454404 0.0454493 0.0454267 0.045387 0.0453219 0.0452737 0.045179 0.0450763 0.0449587 0.0448462 0.0446827 0.0445247 0.0443509 0.0441713 0.0439486 0.0437348 0.0435014 0.0432603 0.0429842 0.0427081 0.0424211 0.0421235 0.0417937 0.0414555 0.0411229 0.0407677 0.0403894 0.0399959 0.0396167 0.0392093 0.0387952 0.0383547 0.0379291 0.037487 0.0370506 0.0365898 0.0361357 0.0356894 0.0352685 0.0348578 0.0344505 0.0341078 0.0338495 0.0336892 0.0336151 0.0337331 0.0340684 0.0346518 0.035494 0.0366197 0.0379947 0.0395579 0.04123 0.042793 0.0440542 0.0447867 0.0447601 0.0437198 0.0415063 0.0380003 0.033172 0.027184 0.0202313 0.0126364 0.00478661 -0.00291117 -0.0100628 -0.0162983 -0.0213374 -0.0250403 -0.0273106 -0.0282229 -0.0279152 -0.0265603 -0.0244331 -0.02177 -0.0188184 -0.0158088 -0.0129065 -0.0102355 -0.00788042 -0.00587401 -0.00420794 -0.00288779 -0.00185901 -0.0010881 -0.000554335 -0.000179933 3.6347e-05 0.000147706 0.000195047 0.000163669 0.000121021 4.62223e-05 -4.59943e-05 -0.000119899 -0.000220549 -0.000298462 
0 0.00020763 0.000430507 0.000651102 0.000903959 0.00118449 0.00150439 0.00190057 0.00237121 0.00296361 0.00370488 0.00462662 0.00578461 0.00721294 0.00896613 0.0110805 0.0136053 0.0165476 0.0199164 0.0236844 0.0277412 0.0320105 0.036266 0.0403052 0.0438985 0.046718 0.0485776 0.0492072 0.0484523 0.0462654 0.0426433 0.0377629 0.0318788 0.0253527 0.0185617 0.0119599 0.00590917 0.000759936 -0.00318565 -0.00580679 -0.00702148 -0.00693908 -0.00570781 -0.00357499 -0.000749813 0.00253673 0.00601868 0.00952174 0.0128603 0.0159498 0.0187374 0.021264 0.0234686 0.0253834 0.0270727 0.0285616 0.0298975 0.0311078 0.0322275 0.0332311 0.0341833 0.0350792 0.0359451 0.03674 0.037492 0.0382224 0.0389315 0.0395902 0.0402082 0.0408224 0.0414042 0.0419602 0.0424756 0.0429873 0.04347 0.0439396 0.0443654 0.0447896 0.0451925 0.0455785 0.0459282 0.0462771 0.046606 0.0469146 0.0471988 0.0474764 0.0477363 0.0479751 0.0481972 0.0484074 0.0486033 0.0487766 0.0489389 0.0490862 0.0492201 0.0493318 0.0494372 0.0495235 0.049597 0.0496518 0.0497007 0.0497269 0.0497432 0.0497435 0.0497347 0.0497028 0.0496644 0.0496104 0.0495431 0.0494561 0.0493628 0.0492546 0.0491293 0.0489883 0.0488398 0.0486792 0.0484946 0.0483005 0.0480985 0.0478854 0.0476403 0.0473969 0.0471416 0.0468743 0.0465735 0.0462815 0.0459705 0.0456545 0.0453039 0.0449557 0.0445978 0.0442409 0.0438414 0.0434383 0.04305 0.0426556 0.0422276 0.0417876 0.0413815 0.0409837 0.0405867 0.0401692 0.0398238 0.0395425 0.0393345 0.0392057 0.0392303 0.0394254 0.0398616 0.0405862 0.0415538 0.0427853 0.0442587 0.0459315 0.0476276 0.0491945 0.0503773 0.0509495 0.0506837 0.0493579 0.0467966 0.0428582 0.037604 0.0311106 0.0236514 0.0155613 0.00720848 -0.000977182 -0.00858413 -0.0152443 -0.0206922 -0.0246964 -0.0272513 -0.0283628 -0.0281614 -0.026901 -0.0247622 -0.0220652 -0.0190444 -0.0159207 -0.0129057 -0.0101107 -0.00763923 -0.00552425 -0.00378554 -0.00239343 -0.00132918 -0.000549759 5.58692e-06 0.000349113 0.000554766 0.000640633 0.000634661 0.000588451 0.000487055 0.00037402 0.000252732 0.000114855 -3.40946e-06 -0.000129461 
0 0.000295259 0.000592987 0.000914401 0.00125367 0.00163375 0.00206606 0.002566 0.00316589 0.00388958 0.00477666 0.00586907 0.00721294 0.00885368 0.0108462 0.0132279 0.0160398 0.0193033 0.0230014 0.02711 0.0315229 0.0361135 0.0406889 0.0450043 0.0488144 0.0518226 0.0537915 0.054484 0.0537453 0.0515162 0.047813 0.0428198 0.0367897 0.0300821 0.0231145 0.0162956 0.0100196 0.00465716 0.000465966 -0.00237846 -0.0037953 -0.00389433 -0.00279786 -0.00071681 0.00210268 0.00543775 0.00904379 0.0126823 0.0161942 0.0194878 0.0224884 0.0251929 0.0275607 0.0296209 0.0314125 0.0329927 0.0344108 0.0356769 0.0367887 0.0378047 0.0387822 0.0396768 0.0405062 0.0412775 0.0420162 0.0427178 0.0433921 0.0440061 0.0445983 0.0451728 0.0457128 0.0462216 0.0467105 0.047174 0.0476131 0.0480429 0.048435 0.0488145 0.049178 0.0495264 0.0498399 0.0501566 0.0504451 0.0507201 0.0509759 0.0512283 0.0514465 0.051665 0.051866 0.0520522 0.0522148 0.0523833 0.052526 0.0526542 0.0527712 0.0528876 0.052974 0.0530542 0.0531269 0.0531899 0.0532257 0.0532634 0.0532896 0.0533001 0.0532907 0.0532874 0.0532632 0.0532244 0.0531741 0.0531263 0.0530487 0.0529671 0.0528751 0.0527756 0.0526488 0.0525291 0.0523864 0.0522343 0.052068 0.0519028 0.0517036 0.0515091 0.0513017 0.05108 0.050836 0.0505997 0.0503397 0.0500705 0.0497909 0.0494966 0.0491924 0.0488878 0.0485631 0.0482185 0.0478857 0.047537 0.0471854 0.0468249 0.0464633 0.0461038 0.0457875 0.045468 0.0451753 0.0449583 0.0448396 0.0448278 0.0449632 0.0452959 0.0458763 0.0467388 0.0478581 0.0492547 0.0508661 0.0526119 0.0543573 0.0558903 0.0569663 0.0573798 0.0568814 0.0552407 0.0523178 0.0479801 0.0422724 0.0353463 0.0274435 0.0189054 0.0101258 0.00150923 -0.00651764 -0.0135715 -0.0193687 -0.023694 -0.0265005 -0.0278159 -0.0277825 -0.026613 -0.024538 -0.0218479 -0.0187839 -0.0155987 -0.0124905 -0.00959996 -0.00703947 -0.00484852 -0.00304521 -0.00161523 -0.000524673 0.000268111 0.000804008 0.00113834 0.00130558 0.00134379 0.00129963 0.00118 0.00103118 0.000858027 0.000671008 0.000499152 0.000317879 0.00015799 
0 0.000413083 0.000823916 0.00126481 0.00171848 0.00221914 0.00277983 0.00341288 0.00416459 0.00504998 0.00611685 0.0074081 0.00896613 0.0108462 0.0130984 0.0157674 0.0188895 0.0224851 0.0265325 0.0309907 0.0357503 0.04066 0.0455242 0.0500883 0.0540984 0.0572683 0.0593462 0.0601062 0.0593866 0.0571317 0.0533688 0.0482852 0.042152 0.0353231 0.0282218 0.0212414 0.0147743 0.00919128 0.00475395 0.00166227 -3.10001e-07 -0.00031746 0.000591771 0.00252981 0.00526037 0.00856922 0.0122125 0.0159418 0.019591 0.0230286 0.0261769 0.0290231 0.0315243 0.0337014 0.0355876 0.0372229 0.0386576 0.0399353 0.041056 0.0420653 0.0429985 0.0438418 0.0446318 0.0453681 0.0460495 0.0466856 0.047301 0.0478613 0.0483994 0.0489096 0.0493834 0.0498332 0.0502719 0.0506721 0.051048 0.0514215 0.0517633 0.0520853 0.0523932 0.0526874 0.0529548 0.0532241 0.0534611 0.0536882 0.0539083 0.0541202 0.0542919 0.0544763 0.054651 0.0548013 0.0549297 0.0550797 0.0552016 0.0553025 0.0554028 0.0555126 0.0555838 0.0556517 0.055725 0.0557891 0.0558193 0.0558634 0.0559035 0.0559219 0.0559216 0.0559428 0.0559411 0.0559189 0.0558962 0.0558864 0.0558373 0.0557856 0.0557389 0.0556845 0.0555945 0.0555206 0.0554347 0.0553332 0.0552164 0.0551085 0.054973 0.0548386 0.0546925 0.0545331 0.0543618 0.054197 0.0540045 0.0538028 0.0536057 0.0533904 0.0531615 0.0529327 0.0526918 0.0524335 0.0521906 0.0519252 0.0516532 0.0513871 0.0511295 0.050869 0.0506394 0.0504215 0.0502497 0.050168 0.0501777 0.0503077 0.0506066 0.0511213 0.0518962 0.0529598 0.0542729 0.0558382 0.0575969 0.0594417 0.0612308 0.062734 0.0637018 0.0639245 0.0631669 0.0612159 0.0579408 0.053233 0.0471352 0.03982 0.031531 0.0226197 0.0134816 0.00451533 -0.00385021 -0.0112399 -0.0173547 -0.0219814 -0.0250533 -0.0265939 -0.0267428 -0.0257013 -0.023714 -0.0210615 -0.0179987 -0.0147828 -0.0116185 -0.00866266 -0.00603047 -0.00377912 -0.00192675 -0.000469392 0.000628935 0.00141345 0.00191607 0.00220965 0.0023222 0.00229959 0.00219669 0.00200949 0.00179919 0.00156051 0.0013052 0.00107078 0.000820223 0.000599399 
0 0.000549105 0.00111182 0.00168868 0.00230107 0.00295995 0.0036797 0.00449185 0.00541826 0.00649572 0.00776883 0.00928048 0.0110805 0.0132279 0.0157674 0.0187431 0.0222026 0.0261336 0.0305386 0.035352 0.0404366 0.0456742 0.0508046 0.0555967 0.0597978 0.0630813 0.0652468 0.0660445 0.0653227 0.0630475 0.0592456 0.0541031 0.0478994 0.0409994 0.0337792 0.0266747 0.0200496 0.0142482 0.00958275 0.00621473 0.00425164 0.00364175 0.00428998 0.00599253 0.00855472 0.0117645 0.0153378 0.0190799 0.0227876 0.0263179 0.0295654 0.0325234 0.0351181 0.0373626 0.0393188 0.0409876 0.0424272 0.0436731 0.044781 0.045746 0.046616 0.0473848 0.0481091 0.048775 0.0493716 0.0499288 0.0504531 0.0509426 0.0513937 0.0518287 0.0522086 0.0525892 0.0529464 0.0532764 0.0535681 0.0538719 0.0541444 0.0544004 0.0546375 0.054864 0.0550772 0.0552845 0.0554648 0.0556307 0.0558114 0.0559668 0.0560962 0.0562306 0.0563788 0.0564806 0.0565823 0.0566956 0.0568021 0.0568664 0.0569567 0.057043 0.05711 0.0571565 0.0572362 0.057289 0.0573281 0.0573679 0.057429 0.057448 0.0574722 0.0575059 0.057538 0.0575293 0.0575479 0.0575656 0.0575614 0.0575379 0.0575483 0.0575349 0.0575001 0.0574706 0.0574547 0.0574075 0.057355 0.057309 0.0572526 0.0571873 0.0571134 0.0570334 0.0569468 0.0568685 0.0567553 0.0566485 0.0565414 0.056431 0.0562884 0.0561678 0.0560259 0.0558844 0.0557402 0.0555952 0.0554334 0.0552885 0.0551562 0.0550252 0.0549231 0.0548416 0.0548395 0.0549127 0.0550934 0.0554092 0.0559403 0.0566752 0.0576785 0.0589799 0.0605256 0.062298 0.0642287 0.0662018 0.0680136 0.0694894 0.0703541 0.07039 0.0693845 0.0671446 0.0635348 0.0584763 0.0520595 0.044409 0.0358207 0.0266316 0.0172081 0.00797178 -0.000666632 -0.00833232 -0.014725 -0.0196024 -0.0229261 -0.0246889 -0.0250163 -0.0241458 -0.0222634 -0.0196835 -0.0166602 -0.0134297 -0.0102419 -0.00724196 -0.00456143 -0.00227167 -0.000394801 0.0010757 0.00216524 0.00292308 0.00340018 0.00363359 0.00369071 0.00360021 0.00340279 0.00314606 0.00283403 0.00250914 0.00218117 0.00185036 0.00154704 0.00125217 
0 0.000733218 0.0014693 0.00223604 0.0030282 0.00387318 0.00479211 0.00580123 0.00694348 0.00824821 0.00976028 0.0115279 0.0136053 0.0160398 0.0188895 0.0222026 0.0259914 0.0302926 0.0350495 0.0401952 0.0456302 0.0511287 0.0565177 0.0615146 0.0658325 0.0692397 0.0714371 0.0722463 0.0715196 0.0692025 0.06536 0.0601755 0.05393 0.0469514 0.0396758 0.0324438 0.025658 0.0196733 0.0147324 0.011067 0.00875664 0.00779734 0.00807684 0.00948625 0.011791 0.0147756 0.0182307 0.0218862 0.0255717 0.0291223 0.0324512 0.0354389 0.038089 0.0403937 0.0423623 0.044033 0.0454582 0.0466841 0.0477008 0.0486046 0.0493973 0.0500983 0.0507013 0.051269 0.051781 0.0522441 0.05266 0.0530439 0.0534167 0.0537452 0.0540414 0.0543155 0.0546002 0.054832 0.0550517 0.0552554 0.0554645 0.0556364 0.0558039 0.0559492 0.0561045 0.0562416 0.0563584 0.0564646 0.0565896 0.0566926 0.0567684 0.0568606 0.0569592 0.0570285 0.0570866 0.0571738 0.0572426 0.0572925 0.0573503 0.0574272 0.057471 0.0575192 0.0575797 0.0576403 0.0576718 0.0577281 0.0577853 0.0578289 0.0578614 0.0579255 0.0579707 0.0580022 0.0580448 0.0581064 0.0581342 0.0581631 0.0582144 0.0582583 0.058274 0.0583053 0.0583512 0.0583722 0.0583868 0.0584099 0.0584394 0.058447 0.0584582 0.058458 0.0584775 0.0584764 0.05847 0.0584512 0.0584658 0.0584491 0.0584258 0.0584011 0.0584002 0.0583798 0.0583518 0.058324 0.0583183 0.05833 0.0583188 0.0583347 0.0584002 0.0585294 0.058684 0.0589551 0.0593557 0.0599302 0.060699 0.0617226 0.0630127 0.0645627 0.0663879 0.068409 0.0705369 0.0726108 0.074497 0.0759229 0.0766794 0.0765511 0.0753044 0.0727835 0.0688725 0.0635441 0.0568312 0.0489635 0.0401621 0.030768 0.0211803 0.0117606 0.00293619 -0.00493006 -0.0115186 -0.0166402 -0.020168 -0.0221423 -0.0226872 -0.0219499 -0.0202241 -0.0177289 -0.0147461 -0.0115532 -0.00833954 -0.00531953 -0.00260987 -0.000287941 0.0016075 0.00307847 0.0041552 0.00488087 0.00529553 0.00547393 0.0054431 0.00526398 0.00498612 0.00461663 0.00422263 0.00379811 0.00336576 0.00296066 0.00255069 0.00218058 
0 0.000948704 0.00191152 0.00289037 0.00391112 0.00498179 0.0061301 0.00738225 0.00877008 0.0103355 0.0121178 0.0141752 0.0165476 0.0193033 0.0224851 0.0261336 0.0302926 0.0349358 0.0400498 0.0455377 0.0512566 0.0570349 0.0626189 0.0677625 0.0721867 0.0756257 0.0778329 0.0786181 0.0778448 0.0754679 0.0715843 0.0663422 0.0600479 0.0530431 0.0456783 0.0383601 0.0314325 0.0252184 0.0200077 0.0160011 0.0132864 0.0119057 0.0117823 0.0127727 0.014724 0.0174157 0.0206197 0.0241204 0.027726 0.0312433 0.0345433 0.0375484 0.0402163 0.0425307 0.0445148 0.0461835 0.047548 0.0486854 0.0496681 0.0505041 0.0511808 0.0517529 0.0522671 0.0527374 0.0531377 0.0534774 0.0537809 0.0540726 0.0543369 0.0545607 0.0547524 0.0549377 0.0551186 0.0552687 0.0553934 0.0555122 0.0556356 0.0557359 0.0558187 0.0558929 0.0559788 0.0560474 0.0560998 0.0561475 0.0562135 0.056259 0.0562918 0.0563321 0.0563863 0.0564151 0.056445 0.0564886 0.0565329 0.0565578 0.0565984 0.0566462 0.0566859 0.0567213 0.0567769 0.0568269 0.056872 0.0569267 0.0569941 0.057047 0.0571075 0.0571818 0.057255 0.057315 0.0573965 0.0574831 0.0575585 0.0576314 0.057731 0.0578205 0.0578998 0.0579869 0.0580951 0.0581842 0.05827 0.0583649 0.0584747 0.0585665 0.0586556 0.0587515 0.0588631 0.0589595 0.0590482 0.0591448 0.0592579 0.0593618 0.0594552 0.0595548 0.0596696 0.0597906 0.0599041 0.0600208 0.0601511 0.0603108 0.0604913 0.0606893 0.0609138 0.0612235 0.0616349 0.062143 0.0627804 0.0636241 0.0647037 0.0660342 0.0676386 0.0695172 0.0716287 0.073899 0.0762305 0.0784562 0.080378 0.0817846 0.0824507 0.082132 0.0806674 0.0779077 0.0737441 0.0681853 0.061305 0.0532668 0.0443485 0.0348804 0.0251982 0.015719 0.00680952 -0.00117478 -0.00790617 -0.0131926 -0.0169139 -0.0190798 -0.0197909 -0.0192324 -0.017624 -0.0152286 -0.012321 -0.00913952 -0.00594065 -0.00289575 -0.000154197 0.00218651 0.00409989 0.00556742 0.0066242 0.00730577 0.0076702 0.00776705 0.00765369 0.00738421 0.00698948 0.00652955 0.0060134 0.0054798 0.00495112 0.00442121 0.00393086 0.00345705 
0 0.00120297 0.00242679 0.00366184 0.00495157 0.00629016 0.00771126 0.00924646 0.0109129 0.0127729 0.0148529 0.0172165 0.0199164 0.0230014 0.0265325 0.0305386 0.0350495 0.0400498 0.0454958 0.0512881 0.0572788 0.0632681 0.0690158 0.0742633 0.0787241 0.0821556 0.084304 0.0849994 0.0841318 0.0816622 0.077705 0.072414 0.0660795 0.0590262 0.0515977 0.0441734 0.0370895 0.0306649 0.025166 0.0207875 0.0176307 0.0157603 0.0151221 0.0156347 0.0171525 0.0194507 0.0223382 0.025589 0.0290082 0.0324218 0.0356831 0.0386552 0.0413077 0.0436145 0.0455734 0.0472127 0.0485462 0.0496318 0.0505185 0.0512493 0.0518363 0.0523244 0.0527136 0.0530541 0.0533496 0.0535875 0.0537755 0.0539538 0.0541126 0.0542336 0.054333 0.0544158 0.0545003 0.0545633 0.0546067 0.054634 0.0546804 0.0547039 0.0547133 0.0547169 0.0547375 0.0547371 0.0547334 0.0547274 0.0547332 0.0547268 0.054721 0.0547157 0.0547211 0.0547198 0.0547205 0.0547276 0.0547422 0.0547538 0.0547717 0.0547982 0.0548279 0.0548612 0.0549034 0.0549511 0.0550029 0.0550642 0.0551317 0.0552023 0.0552825 0.0553721 0.0554634 0.0555597 0.0556701 0.0557838 0.0558991 0.0560213 0.0561584 0.0562932 0.0564323 0.0565757 0.0567366 0.0568917 0.057049 0.0572102 0.057396 0.0575665 0.0577375 0.0579202 0.0581268 0.0583098 0.0585007 0.0587047 0.0589261 0.0591359 0.0593506 0.0595723 0.0598229 0.0600771 0.0603174 0.0605818 0.0608892 0.0612128 0.0615403 0.0619221 0.0623668 0.0629073 0.063535 0.0642851 0.0652103 0.066373 0.0677756 0.0694483 0.0713888 0.073582 0.0760149 0.0785737 0.0811127 0.0834629 0.0854351 0.0868019 0.0873746 0.0869142 0.0852537 0.0822795 0.0779136 0.0721912 0.0651993 0.0571145 0.0481891 0.0387382 0.0290896 0.0196355 0.0107299 0.00272409 -0.00406644 -0.00945613 -0.0133028 -0.0156209 -0.0164925 -0.0160744 -0.0145949 -0.0122901 -0.00943328 -0.00627906 -0.00307092 -3.8864e-06 0.00276447 0.00513959 0.00706768 0.00853929 0.00958605 0.0102313 0.0105493 0.010577 0.0103772 0.0100115 0.00950281 0.00892628 0.00828764 0.007631 0.00698539 0.00634074 0.00574592 0.00517235 
