0 0 0 0 0 0 0 0 0 0 0 0 0 0 0 0 0 0 0 0 0 0 0 0 0 0 0 0 0 0 0 0 0 0 0 0 0 0 0 0 0 0 0 0 0 0 0 0 0 0 0 0 0 0 0 0 0 0 0 0 0 0 0 0 0 0 0 0 0 0 0 0 0 0 0 0 0 0 0 0 0 0 0 0 0 0 0 0 0 0 0 0 0 0 0 0 0 0 0 0 0 0 0 0 0 0 0 0 0 0 0 0 0 0 0 0 0 0 0 0 0 0 0 0 0 0 0 0 0 0 0 0 0 0 0 0 0 0 0 0 0 0 0 0 0 0 0 0 0 0 0 0 0 0 0 0 0 0 0 0 0 0 0 0 0 0 0 0 0 0 0 0 0 0 0 0 0 0 0 0 0 0 0 0 0 0 0 0 0 0 0 0 0 0 0 0 0 0 0 0 
0 0.000334705 0.000687257 0.00104276 0.00143793 0.00185639 0.00230812 0.0028043 0.00331642 0.00385937 0.0043966 0.00490916 0.00537461 0.00574775 0.0060175 0.0061484 0.00614116 0.00598559 0.00569795 0.0053009 0.00481445 0.00430975 0.00380434 0.00338065 0.00307094 0.0028863 0.00287511 0.00298806 0.00324489 0.00361847 0.00406661 0.00457449 0.00509127 0.0055883 0.00605331 0.00649162 0.00687472 0.0072332 0.00754084 0.0078011 0.00805048 0.00826325 0.00846331 0.00863554 0.0087922 0.00893002 0.00906516 0.00918474 0.00927533 0.00935565 0.0094279 0.00949712 0.00954113 0.0095845 0.00960015 0.00961208 0.00962846 0.00962521 0.00960402 0.00959061 0.00957183 0.00952484 0.00948764 0.0094491 0.00940801 0.00934638 0.0092845 0.00922944 0.0091806 0.00910852 0.0090358 0.00897634 0.00891296 0.00884294 0.0087715 0.00870453 0.00863915 0.00857658 0.00850149 0.00843946 0.00838177 0.00831765 0.00824941 0.00820163 0.00814504 0.0080858 0.00803613 0.00799549 0.0079433 0.00790141 0.00786656 0.00783141 0.00779492 0.00777099 0.00774678 0.00772458 0.00770759 0.00769805 0.00768704 0.00768275 0.00768351 0.00768779 0.00769297 0.00770767 0.00772377 0.007742 0.00776561 0.00779793 0.00782534 0.00785991 0.00790269 0.00794595 0.00798405 0.00803936 0.0080936 0.00814262 0.00819799 0.0082687 0.00832409 0.00838501 0.0084564 0.00852884 0.00858971 0.00866373 0.00873667 0.0088117 0.00888361 0.00895436 0.00902685 0.00910862 0.0091802 0.00924376 0.00931749 0.00938927 0.00945981 0.00951959 0.00957826 0.00963578 0.00969904 0.00973837 0.00978675 0.00983098 0.00985463 0.00987298 0.00990495 0.00991939 0.0099106 0.00990374 0.00988368 0.00986593 0.00983021 0.0097866 0.00972225 0.00965851 0.00958874 0.00950225 0.00940403 0.00930524 0.00920876 0.00909508 0.00899897 0.00888778 0.00880092 0.00874829 0.00870806 0.00869904 0.00871014 0.00873845 0.00877571 0.00881285 0.00878617 0.00869467 0.00849142 0.00814686 0.00768018 0.00704296 0.00627815 0.00539422 0.0044304 0.00345299 0.00249715 0.00162549 0.000859059 0.000236403 -0.000242159 -0.00056566 -0.000739545 -0.000797374 -0.000738844 -0.000622206 -0.000458604 -0.000276084 -0.000112597 4.77217e-05 0.000166005 0.000256544 0.000318479 0.000331857 0.000326406 0.000272897 
0 0.000687257 0.00138008 0.00212626 0.00290634 0.0037533 0.0046758 0.00565186 0.00670243 0.00778179 0.00885789 0.0098971 0.0108144 0.0115707 0.0121074 0.0123691 0.0123595 0.0120571 0.0114843 0.0106984 0.00973951 0.00871189 0.00772027 0.00685262 0.00621791 0.00586378 0.00579986 0.00604104 0.00653905 0.00725722 0.00815233 0.00913267 0.0101447 0.0111235 0.0120458 0.0128905 0.0136628 0.0143504 0.0149269 0.015452 0.0159038 0.0163212 0.0167125 0.0170411 0.0173239 0.0175928 0.0178363 0.0180391 0.0182419 0.0183792 0.0185111 0.0186333 0.0187135 0.0187616 0.0188031 0.0188397 0.0188395 0.0188252 0.0187752 0.0187411 0.0186803 0.0186237 0.0185332 0.0184256 0.0183279 0.0182437 0.0181223 0.0179818 0.0178756 0.0177477 0.0176184 0.0174771 0.0173551 0.017212 0.0170872 0.016939 0.0168198 0.0166847 0.0165517 0.0164178 0.0163126 0.0161783 0.0160542 0.0159517 0.0158464 0.0157271 0.0156328 0.0155496 0.0154502 0.0153679 0.0152983 0.015231 0.0151586 0.0151135 0.015063 0.0150238 0.0149866 0.0149716 0.0149463 0.0149426 0.0149391 0.0149522 0.0149585 0.0149912 0.0150184 0.0150586 0.0151014 0.0151669 0.0152189 0.015289 0.0153706 0.0154557 0.0155324 0.0156383 0.0157464 0.0158406 0.0159541 0.0160849 0.0162019 0.0163152 0.0164635 0.0165938 0.0167259 0.0168624 0.01702 0.0171498 0.0173008 0.0174385 0.0176024 0.0177396 0.0178771 0.0180156 0.0181903 0.0183133 0.0184254 0.018568 0.0187151 0.0188275 0.0189211 0.0190289 0.0191263 0.0192238 0.0192794 0.0193452 0.0193813 0.0194167 0.019433 0.0194275 0.019397 0.0193753 0.0193184 0.0192124 0.0191299 0.0190151 0.0188882 0.0187378 0.0185601 0.0183626 0.0181895 0.0180052 0.0178083 0.0176384 0.0174791 0.0173801 0.0173268 0.0173233 0.0173595 0.0174396 0.0175423 0.0176023 0.0175823 0.0173889 0.0169777 0.0163203 0.015369 0.0141262 0.0126095 0.0108492 0.00894478 0.00699691 0.00509397 0.00335822 0.00183909 0.000586474 -0.000351044 -0.00100327 -0.00135917 -0.00145845 -0.0013743 -0.00112695 -0.000809835 -0.000462532 -0.000108937 0.00018214 0.000437004 0.000617798 0.000718627 0.000770463 0.000727119 0.000631734 
0 0.00104276 0.00212626 0.00324 0.00444841 0.00573699 0.00712506 0.00862757 0.0101954 0.0118327 0.0134574 0.0150067 0.0164018 0.0175327 0.0183428 0.0187466 0.0187329 0.0182806 0.0174315 0.0162518 0.0148154 0.0132993 0.0117986 0.0105144 0.00955882 0.00898541 0.00888839 0.00918622 0.00989185 0.0109354 0.0122114 0.0136482 0.0151194 0.0165395 0.017868 0.0191034 0.020195 0.0211885 0.0220376 0.0227601 0.0234232 0.0239967 0.0245226 0.0249709 0.0253684 0.0257185 0.0260495 0.0263367 0.0265589 0.026742 0.0269034 0.0270512 0.0271404 0.0272132 0.02723 0.0272347 0.0272371 0.0271964 0.0271143 0.0270441 0.0269587 0.0268199 0.0266889 0.0265526 0.0264132 0.0262356 0.0260489 0.0258727 0.0257128 0.0255073 0.025298 0.0251115 0.0249223 0.0247185 0.0245129 0.0243139 0.0241238 0.0239367 0.0237274 0.0235443 0.0233743 0.0231898 0.0230009 0.0228543 0.0226934 0.0225276 0.0223846 0.0222623 0.0221194 0.0219995 0.0218969 0.0217972 0.021697 0.0216256 0.0215565 0.0214957 0.0214472 0.0214182 0.0213889 0.0213776 0.0213782 0.0213909 0.0214079 0.0214483 0.0214936 0.0215481 0.0216157 0.0217046 0.0217862 0.0218865 0.0220056 0.0221286 0.0222444 0.0223979 0.0225519 0.022697 0.0228589 0.0230533 0.0232196 0.0233974 0.0236014 0.0238067 0.0239916 0.0242029 0.0244179 0.0246331 0.0248448 0.0250554 0.0252743 0.0255056 0.0257176 0.0259168 0.0261402 0.0263528 0.0265588 0.0267501 0.0269411 0.0271231 0.0273091 0.0274551 0.0276146 0.0277623 0.0278642 0.0279559 0.028066 0.0281404 0.0281646 0.0281832 0.0281725 0.0281626 0.0281096 0.0280262 0.0279039 0.0277745 0.0276258 0.0274363 0.027216 0.0269885 0.0267674 0.0265157 0.0262916 0.0260527 0.025873 0.0257816 0.0257418 0.0257836 0.0258843 0.0260347 0.0262058 0.0263489 0.0263209 0.0260744 0.0254958 0.0245111 0.0231316 0.0212734 0.0190202 0.016417 0.0135837 0.0106964 0.00787842 0.00529711 0.00303317 0.00118145 -0.000235222 -0.00119997 -0.00172944 -0.00190098 -0.00175175 -0.00140996 -0.000937081 -0.000412713 7.70525e-05 0.000532828 0.000885075 0.00114744 0.00131466 0.00135637 0.00131714 0.00115825 
0 0.00143793 0.00290634 0.00444841 0.00608181 0.00783608 0.00972519 0.0117386 0.0138663 0.0160567 0.0182349 0.0203144 0.0221684 0.023686 0.0247649 0.025311 0.0252995 0.0247137 0.0235935 0.0220344 0.020144 0.0181113 0.0161276 0.01439 0.0130796 0.0122947 0.0120858 0.0124421 0.01331 0.0146109 0.016237 0.0180504 0.0199199 0.021734 0.0234355 0.0249923 0.0263914 0.0276246 0.0286674 0.0295718 0.0303572 0.0310547 0.0316835 0.0322119 0.0326601 0.0330639 0.0334239 0.033726 0.0339857 0.0341711 0.0343305 0.0344659 0.0345413 0.0345704 0.0345711 0.0345567 0.0345066 0.0344186 0.0342884 0.0341652 0.0340177 0.033851 0.0336539 0.0334387 0.0332299 0.0330194 0.0327734 0.0325154 0.0322843 0.032029 0.0317666 0.0315035 0.0312528 0.0309868 0.0307296 0.0304624 0.0302192 0.0299678 0.0297116 0.0294674 0.0292493 0.0290089 0.0287774 0.0285777 0.0283759 0.0281654 0.0279842 0.0278207 0.0276455 0.0274916 0.0273585 0.0272317 0.0271078 0.0270144 0.0269259 0.0268514 0.0267891 0.0267514 0.0267151 0.0267025 0.0267011 0.0267187 0.0267415 0.0267926 0.0268489 0.0269214 0.0270074 0.0271181 0.027225 0.0273543 0.0275038 0.0276596 0.0278147 0.0280052 0.0282024 0.0283905 0.028603 0.0288407 0.029064 0.0292914 0.0295555 0.029811 0.0300625 0.0303293 0.0306148 0.0308831 0.0311638 0.031442 0.0317402 0.0320232 0.0322992 0.0325799 0.0328902 0.033159 0.0334141 0.0336924 0.0339737 0.0342219 0.0344516 0.0346815 0.0349078 0.0351235 0.0352922 0.0354563 0.0356028 0.0357316 0.0358249 0.0358891 0.0359244 0.035955 0.035936 0.0358609 0.0357816 0.0356725 0.0355362 0.0353588 0.035139 0.0349005 0.0346799 0.0344462 0.0342122 0.0340065 0.0338517 0.0337981 0.0338348 0.0339637 0.0341727 0.0344494 0.0347475 0.0349683 0.0349933 0.03469 0.0339494 0.032698 0.0308789 0.0284712 0.025521 0.0221081 0.0184045 0.0146085 0.0109099 0.00751222 0.00453808 0.00209102 0.00023219 -0.00104578 -0.00175752 -0.00197877 -0.00181393 -0.00136165 -0.00075144 -7.85145e-05 0.000583182 0.00115965 0.00163404 0.00197523 0.00217465 0.00224329 0.00215903 0.00194514 
0 0.00185639 0.0037533 0.00573699 0.00783608 0.0100815 0.012487 0.0150454 0.0177348 0.0204933 0.023232 0.0258346 0.0281561 0.0300558 0.0314035 0.0320962 0.0320856 0.0313629 0.0299769 0.028036 0.0256921 0.0231609 0.0206834 0.0184988 0.016818 0.0157722 0.0154209 0.0157583 0.0167218 0.0182169 0.0201094 0.0222363 0.0244369 0.0265768 0.0285801 0.0304053 0.0320357 0.0334573 0.0346607 0.035683 0.036558 0.0373201 0.0379832 0.0385373 0.0389992 0.0394015 0.0397507 0.0400364 0.0402588 0.0404116 0.0405302 0.0406167 0.0406479 0.0406265 0.040569 0.0404899 0.0403813 0.0402329 0.0400477 0.0398573 0.0396462 0.0394099 0.0391499 0.0388803 0.0386088 0.0383245 0.0380155 0.0377054 0.0374086 0.0370926 0.0367676 0.0364485 0.0361382 0.0358187 0.0355007 0.0351841 0.0348846 0.0345822 0.0342771 0.0339869 0.0337158 0.0334349 0.0331633 0.0329181 0.0326767 0.0324346 0.032217 0.0320172 0.0318168 0.0316348 0.0314744 0.0313244 0.0311841 0.0310688 0.0309665 0.0308791 0.0308084 0.0307596 0.0307219 0.0307054 0.0307054 0.0307239 0.0307562 0.0308123 0.0308811 0.0309669 0.0310712 0.0311964 0.0313286 0.0314819 0.0316563 0.0318397 0.0320317 0.0322525 0.0324837 0.0327148 0.0329688 0.0332445 0.0335153 0.0337943 0.0341021 0.0344105 0.034717 0.0350387 0.035377 0.0357096 0.0360469 0.0363884 0.0367452 0.0370969 0.0374407 0.0377885 0.0381545 0.0385011 0.0388353 0.0391787 0.0395229 0.0398481 0.0401574 0.0404624 0.0407629 0.0410475 0.0412956 0.0415344 0.0417633 0.0419683 0.0421347 0.0422701 0.0423839 0.0424828 0.0425371 0.0425386 0.0425188 0.0424724 0.0423949 0.0422738 0.0421123 0.0419353 0.0417649 0.0415895 0.0414179 0.0412831 0.0412221 0.0412764 0.0414457 0.041724 0.0420986 0.0425449 0.0430034 0.0433564 0.0434578 0.0431491 0.0422957 0.0408016 0.0385985 0.0356698 0.032065 0.0279003 0.0233761 0.0187319 0.0142108 0.0100422 0.00639458 0.00338986 0.00109911 -0.000471898 -0.00135491 -0.00163523 -0.00143779 -0.000893256 -0.000149247 0.000671904 0.00147539 0.00218135 0.00275543 0.0031658 0.00340308 0.00347278 0.00336227 0.0030851 
0 0.00230812 0.0046758 0.00712506 0.00972519 0.012487 0.0154279 0.0185571 0.0218147 0.0251521 0.0284536 0.031572 0.0343583 0.0366291 0.0382382 0.0390726 0.0390601 0.038199 0.0365514 0.0342309 0.0314333 0.0284084 0.0254211 0.0227747 0.0206928 0.0193336 0.0187938 0.0190397 0.0200276 0.0216404 0.0237086 0.0260657 0.0285148 0.0309062 0.0331401 0.035176 0.0369675 0.038516 0.039826 0.0408997 0.0418163 0.0425864 0.0432288 0.0437582 0.0441898 0.0445369 0.0448277 0.0450607 0.0451988 0.0452928 0.0453368 0.0453401 0.0452936 0.0452045 0.0450667 0.0449002 0.0447206 0.0444937 0.044242 0.0439706 0.0436965 0.0433771 0.0430524 0.0427256 0.0423924 0.0420285 0.041662 0.0413062 0.0409426 0.0405711 0.0401887 0.0398255 0.0394567 0.0390947 0.0387202 0.0383696 0.0380158 0.0376753 0.0373283 0.0370056 0.0366844 0.0363772 0.0360732 0.0357918 0.0355171 0.0352556 0.0350079 0.0347788 0.0345616 0.0343588 0.0341769 0.0340089 0.0338596 0.0337255 0.0336149 0.0335167 0.0334427 0.0333828 0.0333477 0.0333259 0.03333 0.0333469 0.03339 0.0334469 0.0335279 0.0336226 0.0337432 0.0338766 0.0340312 0.0342024 0.0343953 0.0345997 0.0348233 0.0350659 0.0353217 0.0355911 0.0358763 0.0361809 0.0364893 0.0368157 0.0371517 0.0375072 0.0378579 0.0382294 0.0386041 0.038998 0.0393806 0.0397822 0.0401819 0.0405991 0.0410048 0.0414178 0.0418266 0.0422495 0.0426651 0.0430686 0.0434734 0.0438784 0.044276 0.0446508 0.0450354 0.0453969 0.0457404 0.0460592 0.0463889 0.046684 0.0469412 0.0471764 0.0473959 0.047586 0.0477388 0.0478613 0.0479294 0.0479907 0.0480167 0.0479962 0.0479421 0.0478826 0.047815 0.0477527 0.0477186 0.047714 0.0478182 0.0480468 0.048408 0.0489005 0.0495037 0.0501766 0.0508417 0.0513768 0.0515843 0.0513114 0.050387 0.048685 0.0461555 0.0427568 0.0385625 0.033721 0.0284481 0.0230316 0.0177581 0.0128804 0.00861143 0.00509809 0.0024058 0.000569777 -0.000466961 -0.000806492 -0.000567487 5.81271e-05 0.00093193 0.00190124 0.00283253 0.00367521 0.00434138 0.00482146 0.00510332 0.00515928 0.00502686 0.00467445 
0 0.0028043 0.00565186 0.00862757 0.0117386 0.0150454 0.0185571 0.0222472 0.0261023 0.0300094 0.0338645 0.0375002 0.0407224 0.0433539 0.045207 0.0461655 0.0461385 0.0451396 0.0432173 0.0405201 0.0372795 0.0337316 0.0302517 0.0271024 0.0245742 0.0228792 0.0220494 0.0221591 0.0230864 0.024714 0.0268845 0.0293659 0.0319731 0.0345374 0.0369435 0.039101 0.0410195 0.042628 0.0439657 0.0450703 0.0459482 0.0466845 0.0472674 0.0477317 0.0480718 0.0483408 0.0485269 0.0486421 0.0487057 0.0486992 0.0486435 0.0485377 0.0484038 0.0481956 0.0479836 0.0477424 0.0474562 0.0471454 0.0468226 0.046471 0.0461038 0.0457486 0.0453526 0.0449479 0.0445346 0.0441432 0.0437311 0.0433075 0.0428763 0.0424736 0.0420618 0.0416397 0.0412292 0.0408266 0.0404291 0.0400349 0.0396522 0.0392686 0.038911 0.0385499 0.0382037 0.0378677 0.0375556 0.037237 0.0369484 0.0366695 0.0364079 0.0361532 0.035931 0.0357133 0.0355185 0.0353391 0.0351856 0.0350406 0.0349238 0.0348219 0.0347442 0.0346807 0.0346448 0.0346238 0.0346277 0.0346476 0.0346949 0.0347559 0.0348425 0.0349461 0.0350753 0.0352153 0.035385 0.0355685 0.0357732 0.0359907 0.03624 0.0364921 0.0367687 0.0370609 0.0373754 0.0376884 0.0380353 0.0383871 0.0387538 0.0391275 0.0395281 0.0399245 0.0403423 0.0407622 0.0411934 0.0416371 0.0420928 0.0425362 0.0429906 0.0434706 0.0439425 0.0444079 0.0448666 0.0453534 0.0458359 0.0463076 0.0467526 0.0472303 0.0476875 0.0481319 0.0485733 0.0490027 0.0493999 0.0497959 0.0501847 0.0505255 0.0508658 0.0511709 0.0514501 0.0516836 0.0519119 0.0521032 0.0522633 0.0523943 0.0524914 0.0525797 0.0526703 0.0527989 0.0529289 0.0531549 0.0534759 0.053929 0.0545586 0.0553201 0.0562095 0.05717 0.058103 0.0588334 0.0592156 0.0589994 0.0580359 0.0562054 0.0533715 0.0495926 0.0448842 0.039439 0.0335223 0.0274151 0.0214744 0.0159685 0.0111523 0.00717815 0.00415013 0.00207739 0.000907459 0.000546939 0.000806071 0.00154188 0.00254231 0.00364768 0.00474525 0.00569405 0.00647696 0.00702936 0.0073338 0.00741487 0.00722807 0.00681827 
0 0.00331642 0.00670243 0.0101954 0.0138663 0.0177348 0.0218147 0.0261023 0.0305279 0.0350087 0.0394021 0.0435177 0.0471633 0.0501206 0.052194 0.0532538 0.0531982 0.0520294 0.0498307 0.0467423 0.0430326 0.0389951 0.0349757 0.0313323 0.0283384 0.0262174 0.0250792 0.024931 0.0257092 0.0272732 0.0294278 0.0319556 0.0346422 0.0372985 0.0397857 0.0420325 0.0439769 0.0456085 0.0469601 0.0480195 0.0488598 0.0495109 0.0499811 0.0503321 0.0505766 0.0507147 0.0507821 0.0507878 0.0507008 0.0505844 0.0504121 0.0501894 0.0499418 0.0496594 0.049339 0.0489831 0.0486183 0.0482326 0.0478413 0.0474151 0.0469936 0.0465432 0.0460971 0.0456647 0.045215 0.0447379 0.0442826 0.0438449 0.0433809 0.0429315 0.0424786 0.042043 0.0416021 0.0411781 0.040745 0.0403448 0.0399301 0.0395361 0.0391565 0.0387899 0.0384139 0.0380781 0.0377512 0.0374231 0.0371179 0.0368423 0.0365673 0.0363056 0.0360788 0.0358599 0.0356571 0.0354751 0.0353213 0.0351728 0.0350551 0.0349516 0.0348758 0.0348099 0.0347773 0.0347547 0.034763 0.0347823 0.0348347 0.0348957 0.0349881 0.0350944 0.0352291 0.0353716 0.0355495 0.0357397 0.0359479 0.0361751 0.0364349 0.0366955 0.0369763 0.0372901 0.0376117 0.037938 0.0382964 0.0386766 0.0390457 0.0394474 0.0398647 0.0402894 0.0407149 0.0411783 0.0416306 0.0421039 0.0425739 0.0430713 0.0435702 0.0440764 0.044562 0.0450951 0.0456335 0.0461434 0.0466557 0.0471979 0.0477386 0.0482638 0.0487949 0.0493101 0.0498391 0.0503502 0.050868 0.0513643 0.0518447 0.0523119 0.0527777 0.0532069 0.0536265 0.0540383 0.0543936 0.0547454 0.0550744 0.0553738 0.0556675 0.0559659 0.0562522 0.0565824 0.056968 0.0574289 0.0580377 0.0587956 0.0597287 0.0608289 0.0620559 0.0633393 0.0645635 0.0655619 0.0661206 0.0660298 0.0650908 0.0631428 0.0601109 0.0559843 0.0508448 0.0449047 0.0384235 0.0317485 0.0252409 0.0192023 0.0139191 0.00956919 0.00624872 0.0039988 0.00274569 0.00237039 0.00271384 0.00355103 0.00470065 0.0059739 0.00720563 0.00831641 0.00919858 0.00983269 0.010202 0.0102728 0.0100881 0.00961219 
0 0.00385937 0.00778179 0.0118327 0.0160567 0.0204933 0.0251521 0.0300094 0.0350087 0.0400334 0.0449326 0.0495033 0.0535238 0.0567677 0.0590235 0.0601465 0.0600305 0.058686 0.0561873 0.0527097 0.0485385 0.0439764 0.0394307 0.0352442 0.031737 0.0291657 0.0276239 0.0271764 0.0277276 0.0291305 0.0311927 0.0336672 0.0363398 0.0390162 0.0415404 0.0438015 0.045759 0.0473648 0.0486622 0.0496677 0.0504119 0.0509565 0.0513109 0.0515401 0.0516472 0.0516574 0.0515804 0.0514368 0.0512419 0.0510098 0.0507216 0.0503815 0.0500295 0.049636 0.0492396 0.0488145 0.0483603 0.0479008 0.0474477 0.0469621 0.0464751 0.0460009 0.0455143 0.0450274 0.0445261 0.0440438 0.043575 0.0430994 0.0426009 0.0421439 0.0416914 0.0412344 0.0407791 0.0403432 0.0399166 0.0395055 0.0390878 0.0386843 0.0383156 0.0379418 0.0375679 0.03723 0.0369136 0.0365803 0.0362814 0.0360087 0.0357407 0.0354783 0.0352592 0.0350442 0.0348462 0.0346673 0.0345192 0.034375 0.0342608 0.034161 0.0340885 0.0340269 0.0339955 0.0339761 0.0339861 0.034008 0.0340599 0.0341228 0.0342157 0.0343225 0.0344561 0.0345987 0.0347772 0.0349658 0.035173 0.0353995 0.0356618 0.0359176 0.0362004 0.0365144 0.0368397 0.0371592 0.0375268 0.0379075 0.0382816 0.0386789 0.0391127 0.0395396 0.0399753 0.0404377 0.0409099 0.0413966 0.041886 0.0423842 0.0429031 0.0434439 0.0439625 0.0445056 0.0450622 0.0456265 0.0461886 0.0467672 0.0473397 0.0479324 0.0485176 0.0491016 0.0497106 0.0503083 0.0508869 0.0514748 0.0520767 0.0526563 0.0532404 0.0537927 0.054345 0.0548942 0.0554281 0.0559433 0.056446 0.0569422 0.0574383 0.0579467 0.0584664 0.0590572 0.0597128 0.060494 0.061421 0.0625114 0.0638081 0.0652798 0.0668897 0.0685457 0.0701056 0.0713748 0.0721577 0.0721969 0.071301 0.0693098 0.0661074 0.0617357 0.0562606 0.0499164 0.0430013 0.0358602 0.0288964 0.0224356 0.0167848 0.0121422 0.00862151 0.00625098 0.00496178 0.00462909 0.00506001 0.00604755 0.00736815 0.00882331 0.0102509 0.0115228 0.0125597 0.0133082 0.0137458 0.0138644 0.0136643 0.0131511 
0 0.0043966 0.00885789 0.0134574 0.0182349 0.023232 0.0284536 0.0338645 0.0394021 0.0449326 0.0502915 0.0552636 0.0596071 0.0630859 0.0654772 0.0666214 0.0664139 0.06486 0.0620446 0.0581646 0.0535206 0.0484461 0.0433646 0.0386363 0.0346013 0.0315307 0.0295405 0.0287094 0.0289491 0.0301092 0.031991 0.0343388 0.0369331 0.039566 0.0420672 0.0443053 0.0462281 0.0477915 0.0490297 0.0499682 0.0506209 0.0510484 0.0512733 0.0513667 0.0513435 0.0512245 0.0510174 0.0507402 0.0504264 0.0500777 0.0496848 0.0492474 0.0488068 0.0483406 0.0478725 0.0473789 0.0468631 0.046362 0.0458703 0.0453555 0.0448303 0.0443266 0.0438237 0.0433297 0.042817 0.04232 0.0418442 0.041369 0.0408776 0.0404154 0.0399671 0.039515 0.0390703 0.0386374 0.0382243 0.0378195 0.0374142 0.0370204 0.0366663 0.0363023 0.0359428 0.0356167 0.0353145 0.034995 0.0347086 0.0344491 0.0341948 0.0339463 0.0337369 0.0335362 0.0333489 0.0331816 0.0330409 0.0329096 0.0328012 0.0327103 0.0326424 0.0325898 0.0325592 0.0325455 0.0325562 0.0325822 0.0326304 0.0326957 0.032785 0.0328907 0.0330172 0.0331591 0.0333298 0.0335128 0.0337119 0.0339339 0.0341851 0.0344335 0.0347081 0.0350136 0.0353285 0.0356398 0.0359991 0.0363702 0.0367373 0.0371249 0.0375536 0.037972 0.0384034 0.0388588 0.0393324 0.0398094 0.0402989 0.0407998 0.0413255 0.0418589 0.042384 0.0429396 0.0435142 0.0440863 0.044658 0.04526 0.0458678 0.0464929 0.047106 0.0477323 0.0483881 0.0490493 0.0496921 0.0503529 0.0510343 0.0517084 0.0523896 0.0530563 0.0537389 0.0544279 0.0551147 0.0557833 0.0564589 0.057151 0.0578656 0.0586025 0.0593692 0.0602237 0.061175 0.0622854 0.0635616 0.0650271 0.0667129 0.0685889 0.0706017 0.0726403 0.0745455 0.076109 0.0771284 0.0773338 0.0765207 0.0745191 0.0712134 0.0666535 0.0609286 0.0542856 0.0470435 0.0395649 0.0322645 0.0254978 0.0195855 0.0147451 0.0111051 0.00868922 0.00743135 0.00719645 0.0077759 0.00895667 0.0104958 0.0121806 0.0138369 0.0153162 0.0165387 0.0174389 0.0179897 0.0181886 0.0180238 0.0175107 
0 0.00490916 0.0098971 0.0150067 0.0203144 0.0258346 0.031572 0.0375002 0.0435177 0.0495033 0.0552636 0.0605702 0.065175 0.0688263 0.0712962 0.0724125 0.072083 0.0702873 0.0671516 0.0628672 0.0577437 0.05218 0.0465444 0.0412768 0.036703 0.0330875 0.0306326 0.0293545 0.0292269 0.0300857 0.0317111 0.0338686 0.0363262 0.0388678 0.0413006 0.0435103 0.045369 0.046887 0.0480704 0.0489246 0.0495048 0.0498244 0.0499409 0.0499105 0.0497877 0.0495452 0.0492277 0.0488554 0.0484351 0.0480059 0.0475369 0.0470351 0.0465154 0.046021 0.0455028 0.0449666 0.0444287 0.0439088 0.0433955 0.042872 0.0423557 0.0418322 0.0413389 0.0408529 0.0403651 0.0398627 0.039402 0.038948 0.0384874 0.0380322 0.0376018 0.0371807 0.0367575 0.0363483 0.0359544 0.0355799 0.0351938 0.0348341 0.0344931 0.0341627 0.0338234 0.0335277 0.0332386 0.0329555 0.0326839 0.0324506 0.0322133 0.0319943 0.0317951 0.0316193 0.0314465 0.0312993 0.0311678 0.031056 0.0309559 0.0308783 0.0308164 0.0307753 0.030747 0.0307403 0.0307512 0.0307814 0.0308251 0.0308916 0.0309746 0.0310773 0.0311927 0.031332 0.0314878 0.0316624 0.0318462 0.032061 0.0322883 0.0325285 0.0327828 0.0330747 0.0333626 0.0336679 0.0339982 0.0343549 0.0346971 0.0350749 0.0354724 0.0358801 0.0362842 0.0367281 0.0371808 0.0376406 0.0381038 0.0385999 0.0391147 0.0396222 0.0401334 0.040684 0.0412625 0.0418124 0.0423804 0.0429824 0.0436125 0.0442238 0.0448561 0.0455044 0.0461825 0.0468664 0.0475599 0.0482638 0.0489874 0.0497446 0.0504903 0.0512431 0.0520203 0.0528358 0.0536321 0.0544463 0.0552801 0.0561415 0.0570595 0.0580137 0.0590247 0.0601361 0.0614123 0.0628435 0.0644868 0.0663446 0.0684183 0.0707172 0.0731394 0.0755654 0.0778122 0.0796815 0.0809177 0.0812995 0.0805853 0.0785831 0.0752454 0.0705499 0.0646677 0.0578374 0.05037 0.042684 0.0351637 0.0282094 0.0221487 0.0172168 0.0135468 0.0111713 0.0100187 0.00993536 0.010734 0.0121501 0.0139631 0.0159408 0.0178716 0.019641 0.021105 0.0222222 0.0229591 0.0232743 0.02321 0.0227312 
0 0.00537461 0.0108144 0.0164018 0.0221684 0.0281561 0.0343583 0.0407224 0.0471633 0.0535238 0.0596071 0.065175 0.069967 0.0737191 0.0762101 0.0772529 0.0767496 0.0747137 0.0712306 0.0665513 0.0609846 0.0549121 0.0487813 0.0429654 0.0378465 0.0337104 0.0307279 0.0289944 0.0284521 0.0289496 0.0302778 0.0322008 0.0344712 0.0368892 0.0392575 0.0413931 0.0432318 0.0447112 0.0458376 0.0466629 0.0471761 0.0474225 0.0474721 0.0473698 0.047148 0.0468462 0.0464493 0.0459896 0.0455332 0.0450504 0.0445396 0.0440044 0.0434694 0.0429341 0.0424152 0.0418937 0.0413543 0.0408351 0.0403358 0.0398381 0.0393217 0.0388496 0.0383886 0.0379146 0.0374353 0.0369993 0.0365767 0.0361404 0.0357058 0.0352938 0.0349103 0.0345145 0.0341258 0.0337477 0.0334038 0.0330491 0.0327091 0.0323765 0.0320759 0.0317686 0.0314791 0.0312015 0.0309492 0.030695 0.0304609 0.0302437 0.0300425 0.0298478 0.0296738 0.0295174 0.0293717 0.0292415 0.0291284 0.0290334 0.0289483 0.0288834 0.0288317 0.0288002 0.028778 0.0287776 0.0287894 0.028822 0.0288635 0.0289277 0.0290049 0.0291008 0.0292067 0.0293362 0.0294793 0.0296367 0.0298089 0.0300038 0.0302113 0.030429 0.0306702 0.0309279 0.0311972 0.0314762 0.031786 0.0321019 0.0324325 0.0327718 0.0331458 0.0335187 0.0339081 0.0343037 0.0347372 0.0351677 0.0356123 0.0360622 0.0365462 0.0370375 0.0375395 0.0380424 0.0385721 0.0391301 0.0396869 0.0402529 0.0408453 0.0414657 0.0420751 0.0427215 0.0433983 0.0440888 0.0447685 0.0454915 0.0462578 0.0470352 0.0478212 0.0486294 0.04947 0.0503415 0.0512583 0.0521707 0.0531209 0.0541446 0.0552212 0.0563609 0.0576034 0.0589763 0.0605263 0.0623064 0.06429 0.066515 0.0689979 0.0716842 0.0745069 0.0773048 0.0798769 0.0820104 0.0834725 0.0840026 0.0833778 0.0814299 0.0780537 0.0733142 0.0673477 0.0604048 0.0528483 0.0450455 0.0374331 0.0304101 0.0243073 0.0193873 0.0157857 0.0135295 0.0125529 0.0127062 0.0137668 0.0155075 0.0176584 0.019983 0.0222915 0.0243879 0.0261889 0.0275976 0.0285683 0.0291113 0.0291803 0.0288187 
0 0.00574775 0.0115707 0.0175327 0.023686 0.0300558 0.0366291 0.0433539 0.0501206 0.0567677 0.0630859 0.0688263 0.0737191 0.0775072 0.079951 0.0808708 0.0801817 0.0778621 0.0740569 0.06899 0.0629836 0.0564777 0.0498461 0.0435421 0.0379174 0.0332434 0.0297733 0.0275428 0.0265576 0.026672 0.0276673 0.0293275 0.031411 0.0336974 0.0359728 0.0380853 0.0398851 0.0413664 0.0425059 0.0433202 0.0438387 0.044067 0.0440896 0.0439399 0.0437038 0.04336 0.0429421 0.0424806 0.0419909 0.0414912 0.0409807 0.0404612 0.0399235 0.0394384 0.038931 0.0384211 0.0379231 0.0374508 0.0369848 0.0365329 0.0360807 0.0356241 0.0352042 0.0347888 0.034391 0.0339711 0.0335766 0.0331969 0.0328385 0.0324549 0.0321002 0.0317569 0.0314195 0.0310884 0.0307739 0.030465 0.0301661 0.029887 0.0296066 0.0293492 0.0290961 0.0288615 0.0286293 0.0284269 0.0282173 0.0280358 0.0278581 0.0277043 0.0275466 0.0274224 0.0272953 0.0271934 0.0270935 0.0270217 0.0269473 0.026902 0.0268569 0.0268379 0.0268204 0.0268297 0.0268387 0.0268764 0.026914 0.0269776 0.0270441 0.0271376 0.0272289 0.0273513 0.0274743 0.0276214 0.0277712 0.027953 0.0281283 0.0283338 0.0285446 0.0287795 0.0290115 0.0292791 0.0295443 0.0298331 0.030129 0.0304493 0.0307701 0.0311178 0.0314694 0.0318401 0.0322277 0.0326193 0.0330229 0.0334565 0.0339037 0.0343311 0.0347967 0.0352848 0.0357914 0.0362776 0.0367949 0.0373347 0.0379154 0.038475 0.0390598 0.0396758 0.040314 0.0409768 0.041665 0.0423695 0.0430999 0.0438917 0.0446746 0.0455051 0.0463792 0.047302 0.0482439 0.0492317 0.0502728 0.0513947 0.0526177 0.0539181 0.0553495 0.0569326 0.0587586 0.060813 0.0631314 0.0657194 0.0685522 0.0716185 0.0747892 0.0779058 0.0807573 0.0831345 0.084765 0.085439 0.0849018 0.0829735 0.0796263 0.0748506 0.0688668 0.061917 0.0543356 0.0465521 0.0389495 0.0319618 0.0259301 0.021112 0.0176638 0.0156145 0.014894 0.015346 0.0167602 0.0188764 0.0214429 0.024202 0.0269348 0.0294712 0.0316693 0.0334523 0.0347653 0.0355804 0.0358982 0.0357115 
0 0.0060175 0.0121074 0.0183428 0.0247649 0.0314035 0.0382382 0.045207 0.052194 0.0590235 0.0654772 0.0712962 0.0762101 0.079951 0.0822901 0.083045 0.0821272 0.0795407 0.075413 0.0699958 0.0636143 0.0566951 0.0496427 0.0428809 0.0367816 0.0316288 0.0276723 0.0249823 0.0235672 0.0232952 0.0239574 0.0253553 0.0272357 0.0293949 0.0316146 0.0337078 0.0355447 0.0370718 0.0382578 0.0391266 0.0396909 0.0399619 0.0400321 0.0399227 0.039703 0.0393895 0.0389917 0.0385529 0.0381023 0.0376427 0.0371732 0.0366999 0.0362132 0.0357608 0.0353075 0.034868 0.0344369 0.0340106 0.033598 0.0332023 0.0328062 0.0324254 0.0320681 0.03169 0.0313335 0.0309917 0.0306584 0.0303221 0.0300035 0.0296798 0.0293823 0.0290869 0.0287924 0.0285133 0.0282484 0.0279815 0.0277333 0.0274996 0.0272586 0.0270423 0.0268402 0.0266387 0.0264436 0.0262807 0.0261111 0.0259557 0.0258139 0.0256901 0.0255627 0.0254607 0.0253613 0.0252802 0.0252035 0.0251459 0.0250902 0.0250587 0.0250266 0.0250129 0.0250073 0.0250208 0.0250319 0.0250686 0.0251096 0.0251657 0.025227 0.0253122 0.0253962 0.0255024 0.0256133 0.0257424 0.0258771 0.0260346 0.026189 0.02637 0.0265591 0.0267587 0.026965 0.0272042 0.0274366 0.0276842 0.0279539 0.0282365 0.028516 0.0288266 0.0291452 0.0294674 0.0298139 0.0301738 0.0305359 0.0309154 0.031316 0.0317189 0.0321476 0.032573 0.0330184 0.033488 0.0339739 0.0344524 0.0349713 0.0354973 0.0360422 0.0366189 0.0372159 0.0378268 0.038467 0.0391393 0.0398483 0.0406039 0.0413655 0.0421787 0.0430368 0.043951 0.0449179 0.0459376 0.0470203 0.0482114 0.0495083 0.0509211 0.0525097 0.0542856 0.0563314 0.05865 0.0612478 0.0641364 0.0672964 0.070672 0.0741478 0.0775347 0.0806073 0.0831555 0.0849082 0.0856564 0.0851612 0.0832628 0.0799233 0.0751738 0.069223 0.0623209 0.0548204 0.0471232 0.0396373 0.032787 0.0269177 0.0223022 0.0190905 0.0173208 0.0169228 0.0177421 0.0195598 0.0221236 0.0251691 0.02843 0.0316859 0.0347321 0.0374315 0.0396804 0.0414098 0.0426004 0.0432216 0.0432878 
0 0.0061484 0.0123691 0.0187466 0.025311 0.0320962 0.0390726 0.0461655 0.0532538 0.0601465 0.0666214 0.0724125 0.0772529 0.0808708 0.083045 0.0835978 0.0824336 0.0795841 0.0751596 0.069432 0.062736 0.0554726 0.0480806 0.0409447 0.0344491 0.0288889 0.0244932 0.0213786 0.0195486 0.0189024 0.019249 0.0204033 0.0221127 0.0241722 0.0263675 0.0284779 0.030398 0.032029 0.0333367 0.034337 0.0350209 0.035411 0.0355816 0.0355682 0.0354191 0.0351897 0.0348721 0.0345106 0.0341327 0.033734 0.0333348 0.0329357 0.0325415 0.0321573 0.0317791 0.031411 0.0310582 0.0307042 0.0303662 0.0300453 0.0297149 0.0294026 0.0290998 0.0287918 0.0284992 0.0282227 0.027931 0.0276529 0.0273936 0.0271305 0.0268757 0.0266272 0.0263876 0.0261618 0.0259409 0.0257135 0.0255192 0.0253283 0.0251289 0.0249491 0.0247969 0.0246276 0.0244716 0.0243411 0.0242129 0.0240826 0.0239755 0.0238771 0.0237826 0.0236996 0.0236271 0.0235647 0.0235124 0.0234657 0.0234294 0.02341 0.0233916 0.0233812 0.0233888 0.0234049 0.0234193 0.0234538 0.0234999 0.0235475 0.023605 0.0236816 0.0237608 0.023849 0.0239508 0.0240624 0.0241837 0.0243154 0.0244544 0.0246096 0.0247783 0.0249442 0.0251298 0.0253369 0.0255405 0.0257485 0.0259947 0.0262382 0.0264801 0.02675 0.027041 0.0273191 0.0276209 0.0279399 0.0282679 0.0286052 0.0289541 0.0293133 0.0297004 0.0300879 0.0304769 0.0309013 0.0313351 0.0317701 0.0322326 0.0327157 0.0332024 0.033722 0.0342603 0.03482 0.0354122 0.0360306 0.0366836 0.0373729 0.038098 0.0388741 0.0397027 0.0405783 0.0415277 0.0425383 0.0436321 0.0448589 0.0462033 0.0477014 0.0493998 0.0513249 0.0535366 0.0560697 0.0589036 0.0620486 0.0654794 0.0690957 0.072795 0.0763635 0.0795799 0.0822233 0.0840391 0.0848086 0.0843136 0.0824202 0.0790755 0.0743658 0.0684767 0.0616748 0.0543229 0.0467891 0.0395048 0.0328713 0.0272419 0.022898 0.0199886 0.0185603 0.0185433 0.0197917 0.022076 0.0251531 0.0287422 0.0325695 0.0364124 0.040033 0.0433016 0.0460873 0.0483097 0.0499551 0.0509611 0.0513584 
0 0.00614116 0.0123595 0.0187329 0.0252995 0.0320856 0.0390601 0.0461385 0.0531982 0.0600305 0.0664139 0.072083 0.0767496 0.0801817 0.0821272 0.0824336 0.0810311 0.0779076 0.0732454 0.0672664 0.0603168 0.0528253 0.0451559 0.0377514 0.0309534 0.0250542 0.020317 0.0168378 0.0146522 0.0136783 0.0137536 0.0146804 0.0162599 0.0182541 0.0204416 0.0226501 0.0246868 0.026488 0.0279908 0.0291692 0.0300385 0.0306204 0.030962 0.0310953 0.0311035 0.0309839 0.0307904 0.0305589 0.030282 0.0299822 0.0296868 0.0293939 0.0290824 0.0288031 0.0285065 0.0282192 0.0279531 0.0276891 0.027414 0.0271557 0.0269182 0.0266655 0.0264151 0.0261676 0.0259583 0.025725 0.0254842 0.0252613 0.0250691 0.0248546 0.0246432 0.0244455 0.0242608 0.0240871 0.0239014 0.0237255 0.0235729 0.0234321 0.0232638 0.0231315 0.023011 0.0228879 0.0227574 0.0226671 0.0225658 0.0224733 0.0223855 0.0223205 0.0222478 0.0221917 0.0221343 0.0220977 0.02206 0.0220305 0.0220053 0.0220029 0.0219913 0.0219902 0.0220037 0.0220274 0.0220408 0.0220782 0.0221234 0.0221695 0.0222185 0.0222928 0.022362 0.0224409 0.0225273 0.0226316 0.022732 0.022849 0.0229661 0.0231076 0.0232449 0.0233932 0.023549 0.0237355 0.0239006 0.0240869 0.0242947 0.0245139 0.0247116 0.0249516 0.0252013 0.0254512 0.0257043 0.0259846 0.0262714 0.0265734 0.026878 0.0271865 0.0275299 0.0278795 0.0282301 0.0285876 0.0289828 0.0293761 0.0297886 0.0302032 0.0306572 0.0311217 0.0315921 0.032094 0.0326408 0.0331971 0.0337738 0.0344154 0.0350759 0.0357947 0.0365675 0.0373966 0.0382857 0.0392785 0.0403647 0.0415684 0.0429413 0.0444849 0.0462589 0.0482985 0.0506602 0.0533422 0.0563747 0.0597297 0.0633423 0.0671572 0.0709933 0.0746651 0.0779484 0.0806028 0.0823891 0.0831081 0.0825559 0.0806057 0.0772671 0.0725802 0.0667788 0.0601283 0.0529442 0.045654 0.0386208 0.0322681 0.0269545 0.0229297 0.0203839 0.0193426 0.0197465 0.0214545 0.0242413 0.0278576 0.0320291 0.036476 0.0409457 0.0452197 0.0491129 0.0525013 0.0552943 0.0574314 0.0588952 0.0596615 
0 0.00598559 0.0120571 0.0182806 0.0247137 0.0313629 0.038199 0.0451396 0.0520294 0.058686 0.06486 0.0702873 0.0747137 0.0778621 0.0795407 0.0795841 0.0779076 0.0745746 0.0696898 0.0635349 0.0564475 0.0487836 0.0409899 0.033409 0.0264093 0.0203019 0.0152881 0.0115343 0.00905976 0.00781039 0.0076497 0.00841574 0.00988423 0.0118477 0.0141013 0.0164052 0.0186466 0.0206725 0.0224158 0.0238521 0.0249685 0.0257911 0.026359 0.026727 0.0268939 0.0269585 0.026926 0.0268283 0.0266935 0.0265268 0.0263441 0.0261556 0.0259835 0.0257693 0.0255702 0.0253844 0.0252127 0.025013 0.0248193 0.0246319 0.0244444 0.0242768 0.0240942 0.0239054 0.0237133 0.0235629 0.0233873 0.023215 0.0230397 0.022894 0.0227355 0.0225812 0.0224327 0.0223027 0.0221648 0.022026 0.0219159 0.0218024 0.021685 0.021575 0.0214974 0.0213964 0.0213111 0.021232 0.0211746 0.0210963 0.0210443 0.0209883 0.0209533 0.0209027 0.0208755 0.0208448 0.0208343 0.0208061 0.020805 0.0208021 0.0208099 0.0208061 0.0208355 0.0208531 0.0208799 0.020908 0.0209628 0.0209972 0.0210526 0.021111 0.0211856 0.0212441 0.0213319 0.0214148 0.0215143 0.0216021 0.0217193 0.0218307 0.0219598 0.0220755 0.0222268 0.0223723 0.022527 0.0226783 0.02287 0.0230454 0.0232292 0.0234302 0.0236546 0.0238613 0.0240857 0.0243376 0.0245906 0.0248393 0.0251009 0.0254047 0.0256988 0.0259882 0.026284 0.0266429 0.026984 0.0273215 0.0276687 0.028066 0.028461 0.0288716 0.0292959 0.0297358 0.0302118 0.0307161 0.0312498 0.0317929 0.032411 0.0330623 0.0337624 0.0345201 0.035377 0.0363147 0.0373662 0.0385658 0.0399132 0.0414962 0.0433306 0.0454641 0.0479204 0.0507486 0.0539181 0.0574168 0.0611916 0.0650935 0.0690071 0.0727002 0.0759533 0.0785342 0.0802232 0.0808086 0.0801367 0.0781197 0.074721 0.0700865 0.0643743 0.0578715 0.0509307 0.0438823 0.0371641 0.0311413 0.0261607 0.0225111 0.0203347 0.0196992 0.0205439 0.0227206 0.0260256 0.0302023 0.0349705 0.0400521 0.0451805 0.0501142 0.0546697 0.058691 0.0620761 0.0647661 0.066708 0.0678949 
0 0.00569795 0.0114843 0.0174315 0.0235935 0.0299769 0.0365514 0.0432173 0.0498307 0.0561873 0.0620446 0.0671516 0.0712306 0.0740569 0.075413 0.0751596 0.0732454 0.0696898 0.0646656 0.0584049 0.051242 0.0435511 0.0357056 0.028082 0.0210086 0.0147833 0.00961501 0.00566663 0.00296817 0.00149791 0.00116556 0.00178532 0.00320774 0.0051836 0.00750607 0.00998697 0.0124368 0.0147353 0.0167865 0.0185293 0.0199476 0.0210812 0.021924 0.022533 0.022943 0.0231977 0.0233613 0.0234491 0.0234707 0.023429 0.0233742 0.0233111 0.0232422 0.0231487 0.0230454 0.022933 0.0228284 0.0227254 0.0225946 0.02247 0.022362 0.0222418 0.0220899 0.0219648 0.021856 0.0217366 0.0215895 0.021459 0.0213533 0.0212471 0.021116 0.0209941 0.0208993 0.0208039 0.020696 0.0205936 0.0205146 0.0204339 0.0203491 0.0202692 0.0202112 0.0201465 0.0200835 0.0200287 0.0199902 0.019942 0.0199025 0.0198706 0.0198492 0.0198198 0.0198028 0.0197914 0.0197868 0.0197766 0.0197813 0.0197894 0.0198007 0.0198107 0.0198376 0.0198626 0.0198907 0.0199239 0.0199713 0.0200119 0.0200612 0.0201182 0.0201839 0.020243 0.0203169 0.0203969 0.0204819 0.0205632 0.0206642 0.020768 0.020874 0.0209819 0.0211133 0.0212413 0.0213718 0.0215125 0.0216753 0.0218301 0.0219907 0.0221667 0.0223629 0.0225521 0.0227437 0.0229556 0.0231905 0.0234192 0.0236446 0.0238939 0.0241642 0.0244397 0.024708 0.0249926 0.0253 0.025624 0.0259345 0.0262725 0.0266338 0.0269955 0.0273584 0.0277694 0.0282037 0.0286435 0.0291003 0.0295963 0.0301493 0.0307445 0.0313881 0.0320803 0.0328645 0.0337592 0.034785 0.0359434 0.0373048 0.038907 0.0407802 0.0429871 0.0455337 0.0484546 0.0517497 0.0553694 0.0592124 0.0631772 0.0670691 0.0707003 0.0738599 0.0762866 0.077805 0.078206 0.0773657 0.0752182 0.0717735 0.0671497 0.0615398 0.0552229 0.0485065 0.0417674 0.0353669 0.0296897 0.0250788 0.0217849 0.0199962 0.0197518 0.0210168 0.0236498 0.0274459 0.0321595 0.0375034 0.0432023 0.048967 0.0545616 0.0597674 0.0644228 0.068416 0.0716514 0.0740989 0.0757117 
0 0.0053009 0.0106984 0.0162518 0.0220344 0.028036 0.0342309 0.0405201 0.0467423 0.0527097 0.0581646 0.0628672 0.0665513 0.06899 0.0699958 0.069432 0.0672664 0.0635349 0.0584049 0.0521114 0.0449704 0.0373336 0.0295543 0.021985 0.0149356 0.00869655 0.00346532 -0.000592735 -0.0034297 -0.0050526 -0.0055174 -0.0049893 -0.00360386 -0.00159591 0.00083412 0.00350233 0.00621058 0.00882405 0.0112125 0.0132989 0.0150629 0.0165305 0.0176983 0.0186137 0.0192891 0.0197778 0.0201544 0.0204227 0.0206147 0.0207345 0.020814 0.0208743 0.0209163 0.0209082 0.0208872 0.0208646 0.0208376 0.0207996 0.0207247 0.0206482 0.020587 0.0205229 0.0204329 0.020347 0.0202546 0.0201766 0.0200941 0.0200003 0.0199107 0.0198373 0.0197512 0.0196669 0.0195979 0.0195248 0.0194522 0.0193861 0.0193275 0.0192687 0.0192177 0.0191615 0.0191207 0.0190816 0.0190427 0.0190036 0.0189841 0.0189553 0.0189321 0.0189152 0.0189074 0.018891 0.0188888 0.0188868 0.0188898 0.0188922 0.0189064 0.0189162 0.0189356 0.0189554 0.0189821 0.0190081 0.0190448 0.0190782 0.0191211 0.0191653 0.0192161 0.0192658 0.019329 0.0193879 0.0194548 0.0195269 0.0196075 0.0196808 0.0197725 0.0198662 0.0199609 0.0200586 0.020178 0.0202877 0.0204059 0.0205353 0.0206754 0.0208096 0.0209611 0.0211165 0.0212831 0.0214537 0.0216317 0.0218211 0.022026 0.0222231 0.0224329 0.0226732 0.0229067 0.0231347 0.0233872 0.023665 0.0239393 0.024219 0.0244965 0.0248115 0.0251466 0.0254755 0.0258031 0.0261699 0.0265556 0.0269625 0.0273835 0.0278275 0.0283303 0.0288699 0.0294478 0.0300923 0.0308386 0.031692 0.0326872 0.0338205 0.0351718 0.0368003 0.0387296 0.0410075 0.0436394 0.0466484 0.0500294 0.0537241 0.0576099 0.06157 0.0654005 0.0689168 0.0719053 0.0741189 0.0753974 0.0755544 0.0745072 0.0722133 0.0687029 0.0641036 0.0586018 0.0524694 0.0460071 0.0395716 0.0335107 0.0281913 0.0239344 0.0209984 0.0195592 0.0196674 0.0213036 0.0243236 0.02855 0.0337306 0.0395862 0.0458446 0.0521944 0.0584037 0.0642233 0.06948 0.0740491 0.0778086 0.0807335 0.0827548 
