0 0 0 0 0 0 0 0 0 0 0 0 0 0 0 0 0 0 0 0 0 0 0 0 0 0 0 0 0 0 0 0 0 0 0 0 0 0 0 0 0 0 0 0 0 0 0 0 0 0 0 0 0 0 0 0 0 0 0 0 0 0 0 0 0 0 0 0 0 0 0 0 0 0 0 0 0 0 0 0 0 0 0 0 0 0 0 0 0 0 0 0 0 0 0 0 0 0 0 0 0 0 0 0 0 0 0 0 0 0 0 0 0 0 0 0 0 0 0 0 0 0 0 0 0 0 0 0 0 0 0 0 0 0 0 0 0 0 0 0 0 0 0 0 0 0 0 0 0 0 0 0 0 0 0 0 0 0 0 0 0 0 0 0 0 0 0 0 0 0 0 0 0 0 0 0 0 0 0 0 0 0 0 0 0 0 0 0 0 0 0 0 0 0 0 0 0 0 0 0 
0 -0.001047 -0.00207675 -0.00309927 -0.0040778 -0.00501896 -0.00589282 -0.00666878 -0.00734015 -0.00786673 -0.00826328 -0.00852572 -0.00866926 -0.00872195 -0.00869304 -0.00862267 -0.00852751 -0.00844535 -0.00838287 -0.00835049 -0.00834428 -0.00834828 -0.0083863 -0.00842452 -0.00848559 -0.00854346 -0.00858333 -0.00863602 -0.00866564 -0.00870363 -0.00872556 -0.00872333 -0.00871549 -0.00869691 -0.00866794 -0.00862701 -0.0085722 -0.00849495 -0.0084315 -0.00834193 -0.0082433 -0.00814095 -0.00802466 -0.00792155 -0.00780496 -0.00768289 -0.00755538 -0.00744082 -0.00731544 -0.00719089 -0.00707044 -0.00695609 -0.00684509 -0.00672912 -0.00661896 -0.00650528 -0.00641526 -0.00631354 -0.00621209 -0.00612425 -0.00604027 -0.0059389 -0.00585568 -0.00578322 -0.00569847 -0.00561876 -0.00553875 -0.00546383 -0.00538825 -0.0053204 -0.00524771 -0.00517977 -0.00510134 -0.00504032 -0.00498315 -0.004917 -0.00484593 -0.00479329 -0.00473968 -0.0046828 -0.00462651 -0.0045758 -0.00453179 -0.0044851 -0.00443702 -0.00439812 -0.00436427 -0.00432056 -0.00428909 -0.00426254 -0.00423025 -0.00420021 -0.00418615 -0.00416042 -0.00413899 -0.00412857 -0.00411783 -0.00409848 -0.00409808 -0.00409438 -0.00408655 -0.00408712 -0.00409799 -0.00409488 -0.00410416 -0.00412034 -0.00413132 -0.00414143 -0.0041693 -0.0041873 -0.00420687 -0.00423735 -0.00426959 -0.00429298 -0.00433098 -0.00437068 -0.00440629 -0.00444512 -0.00449189 -0.00453932 -0.00458748 -0.00463368 -0.00468485 -0.00474793 -0.00480269 -0.00485592 -0.00491465 -0.00498209 -0.00504554 -0.00511429 -0.0051714 -0.00524145 -0.00531404 -0.00538748 -0.00545702 -0.00553279 -0.00559897 -0.00568099 -0.00576574 -0.00583785 -0.00592171 -0.00601105 -0.00609117 -0.00617184 -0.00627489 -0.00636569 -0.00645827 -0.00654577 -0.00664506 -0.00673781 -0.00682947 -0.00691841 -0.00700125 -0.00708522 -0.00715182 -0.00720434 -0.00724662 -0.00729131 -0.00729639 -0.00729206 -0.0072599 -0.00719939 -0.00712491 -0.00700023 -0.00684602 -0.00666204 -0.00644314 -0.00617564 -0.00587161 -0.00550944 -0.00511561 -0.0046832 -0.00418588 -0.00365674 -0.00306089 -0.00242882 -0.00174552 -0.000994272 -0.000186361 0.000695752 0.00163103 0.00263029 0.00367977 0.00477885 0.00589799 0.00700055 0.00805823 0.00901237 0.00985377 0.0105325 0.0110343 0.011357 0.0114888 0.0114905 0.0113899 0.0112637 0.0111853 0.0111983 0.0113828 0.0117506 
0 -0.00207675 -0.00414455 -0.00615681 -0.00812292 -0.0099912 -0.011724 -0.0132868 -0.0146046 -0.0156676 -0.016454 -0.0169706 -0.0172676 -0.0173605 -0.0173066 -0.0171612 -0.0169627 -0.0167858 -0.016649 -0.0165585 -0.016526 -0.0165218 -0.0165599 -0.0166397 -0.0167284 -0.016825 -0.0169028 -0.0169579 -0.0170187 -0.0170592 -0.0170789 -0.017074 -0.017037 -0.0169962 -0.0169352 -0.0168475 -0.0167217 -0.0165873 -0.0164411 -0.0162778 -0.0161075 -0.0158956 -0.0156972 -0.0154943 -0.0152677 -0.0150347 -0.0148101 -0.0145807 -0.0143631 -0.0141402 -0.0138899 -0.0136881 -0.013473 -0.0132548 -0.0130506 -0.0128645 -0.0126694 -0.0124814 -0.0122953 -0.012118 -0.0119647 -0.0117945 -0.0116357 -0.0114685 -0.011328 -0.0111721 -0.0110248 -0.0108843 -0.0107615 -0.0105971 -0.0104559 -0.0103501 -0.010223 -0.0100759 -0.00995238 -0.00984757 -0.00972578 -0.00961472 -0.00949644 -0.00940159 -0.00929445 -0.00920209 -0.0091036 -0.00902519 -0.00892576 -0.00886094 -0.00878278 -0.0087109 -0.00863933 -0.00859873 -0.00852545 -0.00847924 -0.0084396 -0.00840168 -0.00834986 -0.00833958 -0.0083078 -0.0082824 -0.00826987 -0.0082729 -0.00824819 -0.0082596 -0.0082688 -0.00827462 -0.00828176 -0.00832276 -0.00833348 -0.00836468 -0.00840605 -0.00845255 -0.00847946 -0.00854821 -0.00859884 -0.00865746 -0.0087183 -0.00880243 -0.00886075 -0.00895073 -0.00903086 -0.00912164 -0.00920249 -0.00931241 -0.00941069 -0.00951487 -0.00960362 -0.0097312 -0.00986092 -0.00996065 -0.0100624 -0.0102097 -0.0103449 -0.0104518 -0.0105897 -0.010726 -0.0108604 -0.0109887 -0.0111477 -0.0112899 -0.0114323 -0.0115656 -0.0117386 -0.0118943 -0.012051 -0.0122164 -0.0123794 -0.0125487 -0.0127227 -0.0128884 -0.0130582 -0.0132532 -0.013395 -0.0135474 -0.0137017 -0.0138383 -0.013954 -0.0140496 -0.0141142 -0.0141603 -0.0141716 -0.014115 -0.0140379 -0.0139115 -0.013734 -0.013484 -0.0131647 -0.0127818 -0.0123306 -0.0118066 -0.0111779 -0.0104795 -0.00970087 -0.00883272 -0.00787777 -0.0068081 -0.00564396 -0.00439681 -0.00303966 -0.0015729 1.94069e-05 0.00174884 0.00358313 0.0055399 0.00760771 0.0097503 0.0119482 0.014104 0.0161499 0.0180226 0.0196256 0.0209358 0.0218873 0.0224609 0.022702 0.0226357 0.0224028 0.0221128 0.0218932 0.0219038 0.0222075 0.0229174 
0 -0.00309927 -0.00615681 -0.00917641 -0.0120841 -0.0148685 -0.0174542 -0.0197595 -0.0217405 -0.0233102 -0.024484 -0.0252611 -0.0256861 -0.0258274 -0.0257307 -0.0254961 -0.025185 -0.0248958 -0.0246578 -0.0244971 -0.0244065 -0.0243528 -0.0243787 -0.024422 -0.0245142 -0.024602 -0.0246513 -0.024717 -0.0247411 -0.0247755 -0.0247742 -0.0247202 -0.0246482 -0.0245566 -0.0244434 -0.0243026 -0.0241287 -0.0239126 -0.0237206 -0.0234798 -0.0232182 -0.022943 -0.0226465 -0.0223749 -0.022076 -0.0217653 -0.0214467 -0.0211544 -0.0208458 -0.0205372 -0.0202353 -0.0199542 -0.019679 -0.0193941 -0.0191217 -0.0188474 -0.018617 -0.0183655 -0.0181141 -0.0178902 -0.0176765 -0.0174276 -0.017213 -0.0170196 -0.0168073 -0.0166005 -0.0163941 -0.0162004 -0.0160076 -0.0158236 -0.0156348 -0.0154598 -0.0152622 -0.0150952 -0.0149403 -0.0147713 -0.0145905 -0.014446 -0.0143014 -0.0141539 -0.0140058 -0.0138711 -0.0137506 -0.0136274 -0.0135001 -0.0133961 -0.0133011 -0.0131889 -0.0131018 -0.013029 -0.0129425 -0.0128649 -0.0128203 -0.0127547 -0.0126972 -0.0126671 -0.0126353 -0.0125892 -0.0125825 -0.0125727 -0.0125532 -0.0125555 -0.0125788 -0.0125763 -0.0125993 -0.0126408 -0.0126703 -0.0127019 -0.0127703 -0.0128217 -0.012875 -0.0129556 -0.013039 -0.0131071 -0.013205 -0.0133104 -0.0134054 -0.0135112 -0.0136334 -0.0137582 -0.0138833 -0.0140099 -0.0141464 -0.0143054 -0.0144474 -0.0145924 -0.0147491 -0.0149186 -0.0150812 -0.0152601 -0.0154161 -0.0155924 -0.0157786 -0.0159676 -0.0161474 -0.0163372 -0.0165149 -0.0167204 -0.0169288 -0.0171124 -0.0173229 -0.0175399 -0.0177371 -0.0179359 -0.0181754 -0.0183903 -0.0186046 -0.018806 -0.0190274 -0.0192365 -0.0194314 -0.0196164 -0.019787 -0.0199502 -0.0200683 -0.0201481 -0.0201967 -0.0202356 -0.0201836 -0.0200879 -0.0199223 -0.0196831 -0.0193908 -0.0189747 -0.0184728 -0.0178866 -0.0172041 -0.0163959 -0.0154768 -0.014414 -0.0132554 -0.0119844 -0.0105506 -0.00900761 -0.00729679 -0.00547418 -0.00350613 -0.00135597 0.000961466 0.00347881 0.00615255 0.00899986 0.0119914 0.0151083 0.0182737 0.0213799 0.0243315 0.0269834 0.0292752 0.0310898 0.0323764 0.0331226 0.0333272 0.0331328 0.0326567 0.0321101 0.0317034 0.0315935 0.0319831 0.0329474 
0 -0.0040778 -0.00812292 -0.0120841 -0.015931 -0.0195934 -0.0229923 -0.0260403 -0.0286311 -0.030709 -0.0322484 -0.0332634 -0.0338223 -0.033986 -0.0338452 -0.0335084 -0.0330666 -0.0326367 -0.0322715 -0.0319898 -0.0318003 -0.0316709 -0.0316162 -0.0316225 -0.0316576 -0.0316987 -0.0317091 -0.0316962 -0.0316752 -0.0316354 -0.031563 -0.0314483 -0.0312992 -0.0311401 -0.030961 -0.0307485 -0.0304916 -0.0302195 -0.0299443 -0.0296483 -0.0293376 -0.0289901 -0.0286513 -0.0283187 -0.0279611 -0.0275951 -0.0272394 -0.0268918 -0.0265553 -0.026213 -0.025855 -0.0255446 -0.0252312 -0.0249127 -0.0246108 -0.0243284 -0.0240495 -0.0237699 -0.0234919 -0.023232 -0.0229934 -0.0227346 -0.0224889 -0.0222441 -0.0220165 -0.0217782 -0.0215459 -0.0213259 -0.0211187 -0.0208774 -0.0206558 -0.0204699 -0.020262 -0.0200409 -0.0198443 -0.0196623 -0.0194662 -0.019284 -0.0191001 -0.0189348 -0.0187622 -0.0186045 -0.0184496 -0.0183091 -0.0181548 -0.0180352 -0.0179105 -0.0177863 -0.0176736 -0.0175903 -0.0174803 -0.0173958 -0.0173292 -0.0172596 -0.0171845 -0.0171518 -0.0171048 -0.0170609 -0.0170412 -0.0170351 -0.0170075 -0.0170167 -0.017033 -0.0170416 -0.0170615 -0.0171154 -0.017145 -0.0171932 -0.0172632 -0.017334 -0.0173928 -0.0174941 -0.0175854 -0.0176792 -0.0177865 -0.0179156 -0.0180244 -0.0181615 -0.0182994 -0.018445 -0.0185864 -0.0187533 -0.0189158 -0.0190844 -0.0192418 -0.0194338 -0.0196308 -0.0198021 -0.0199772 -0.0201961 -0.0203999 -0.0205822 -0.0207935 -0.0210062 -0.0212123 -0.0214173 -0.0216455 -0.0218652 -0.0220802 -0.0222847 -0.022526 -0.0227553 -0.0229747 -0.023199 -0.0234279 -0.0236538 -0.0238756 -0.0240837 -0.0242972 -0.0245187 -0.0246839 -0.0248433 -0.0249953 -0.0251177 -0.0251969 -0.0252314 -0.0252172 -0.0251644 -0.0250358 -0.0248119 -0.0245266 -0.0241574 -0.0236959 -0.0231082 -0.0224002 -0.0215818 -0.0206433 -0.0195657 -0.0183254 -0.0169435 -0.0154246 -0.0137523 -0.0119122 -0.00988767 -0.00768771 -0.00533163 -0.00278536 -3.28299e-05 0.00294605 0.00616252 0.00958148 0.0132129 0.0170313 0.0209837 0.0249946 0.0289108 0.032593 0.0358991 0.038685 0.0408602 0.0423326 0.0430753 0.0431488 0.0426627 0.0418431 0.0409331 0.040196 0.039901 0.0402318 0.0413635 
0 -0.00501896 -0.0099912 -0.0148685 -0.0195934 -0.0240922 -0.0282657 -0.0319987 -0.0351788 -0.0377243 -0.0396076 -0.0408479 -0.0415132 -0.0416906 -0.0414863 -0.0410289 -0.0404417 -0.0398514 -0.03933 -0.038908 -0.0385863 -0.0383429 -0.0381839 -0.0380881 -0.0380319 -0.0379778 -0.037893 -0.0377887 -0.0376667 -0.0375288 -0.0373555 -0.037135 -0.0368845 -0.0366226 -0.0363459 -0.0360427 -0.0357061 -0.0353544 -0.0350088 -0.0346478 -0.0342707 -0.0338765 -0.0334895 -0.0331185 -0.0327366 -0.0323492 -0.0319716 -0.0316134 -0.0312638 -0.030914 -0.030569 -0.0302574 -0.029953 -0.0296453 -0.0293489 -0.0290687 -0.0288048 -0.0285368 -0.0282694 -0.0280205 -0.0277818 -0.0275262 -0.0272834 -0.0270518 -0.0268219 -0.0265849 -0.0263498 -0.0261259 -0.0259076 -0.0256771 -0.0254543 -0.0252473 -0.0250268 -0.0248102 -0.0246099 -0.0244102 -0.0242022 -0.0240103 -0.0238237 -0.0236428 -0.0234599 -0.0232891 -0.0231284 -0.0229723 -0.0228134 -0.0226776 -0.0225459 -0.0224114 -0.0222931 -0.0221931 -0.0220825 -0.0219877 -0.0219136 -0.0218354 -0.0217615 -0.0217158 -0.0216681 -0.0216211 -0.0215991 -0.0215853 -0.0215644 -0.021568 -0.0215845 -0.0215944 -0.0216201 -0.0216682 -0.0217073 -0.0217579 -0.0218317 -0.0219043 -0.0219765 -0.0220765 -0.0221775 -0.0222771 -0.0223948 -0.0225263 -0.0226495 -0.0227881 -0.0229377 -0.0230919 -0.0232454 -0.0234115 -0.0235839 -0.023764 -0.0239368 -0.0241241 -0.0243193 -0.0245082 -0.0246991 -0.0249094 -0.0251079 -0.0253023 -0.0255136 -0.0257269 -0.0259308 -0.0261336 -0.0263448 -0.0265598 -0.0267686 -0.0269662 -0.0271822 -0.0273921 -0.0275853 -0.027779 -0.0279823 -0.0281728 -0.0283478 -0.028507 -0.0286662 -0.0288149 -0.0289227 -0.0290092 -0.0290769 -0.0291103 -0.0290881 -0.0290099 -0.0288813 -0.0287023 -0.0284329 -0.0280673 -0.0276149 -0.0270664 -0.0264095 -0.0256103 -0.0246763 -0.0236159 -0.022416 -0.0210524 -0.0195112 -0.0177983 -0.0159281 -0.0138845 -0.0116438 -0.00920256 -0.00655897 -0.003729 -0.000684464 0.00260408 0.00615322 0.00997033 0.0140291 0.0183239 0.0228247 0.0274698 0.0321502 0.0366984 0.0409389 0.0446924 0.0478011 0.050135 0.0516005 0.0521726 0.0519168 0.0509976 0.0496723 0.0482519 0.047068 0.0464346 0.0466084 0.0477806 
0 -0.00589282 -0.011724 -0.0174542 -0.0229923 -0.0282657 -0.0331535 -0.0375134 -0.0412349 -0.044206 -0.0464016 -0.0478434 -0.0485953 -0.0487727 -0.0484935 -0.0479056 -0.0471622 -0.0463951 -0.0456955 -0.0451083 -0.0446277 -0.0442458 -0.0439595 -0.0437361 -0.0435636 -0.0433876 -0.0431805 -0.0429565 -0.042699 -0.0424277 -0.0421189 -0.0417618 -0.0413826 -0.0409895 -0.0405874 -0.0401665 -0.0397291 -0.0392784 -0.0388481 -0.0384152 -0.0379712 -0.0375388 -0.0371109 -0.0367094 -0.0363155 -0.0359253 -0.0355486 -0.0352069 -0.0348729 -0.0345448 -0.0342436 -0.0339549 -0.0336889 -0.0334255 -0.0331725 -0.0329295 -0.0327122 -0.0324862 -0.0322623 -0.0320578 -0.0318541 -0.0316419 -0.0314336 -0.031244 -0.0310394 -0.0308379 -0.0306339 -0.0304388 -0.0302335 -0.0300383 -0.0298395 -0.0296411 -0.0294372 -0.0292449 -0.0290576 -0.0288638 -0.028671 -0.0284869 -0.0283139 -0.028134 -0.0279619 -0.0277938 -0.0276416 -0.0274825 -0.0273366 -0.0271949 -0.027068 -0.0269347 -0.0268224 -0.0267116 -0.026612 -0.0265139 -0.0264379 -0.026357 -0.0262924 -0.0262345 -0.0261908 -0.0261446 -0.0261217 -0.0260992 -0.0260889 -0.0260848 -0.0260995 -0.0261097 -0.0261399 -0.0261752 -0.0262221 -0.0262698 -0.0263405 -0.0264071 -0.0264883 -0.0265753 -0.0266777 -0.0267738 -0.0268912 -0.0270099 -0.0271386 -0.0272647 -0.0274106 -0.0275551 -0.0277076 -0.0278573 -0.0280219 -0.0281882 -0.0283583 -0.0285249 -0.0286982 -0.0288773 -0.0290572 -0.0292355 -0.0294085 -0.0295905 -0.0297679 -0.0299497 -0.0301214 -0.0302958 -0.030459 -0.0306348 -0.0307967 -0.0309512 -0.031103 -0.0312575 -0.0313884 -0.0315097 -0.0316396 -0.0317468 -0.0318305 -0.0318975 -0.0319578 -0.0319812 -0.0319819 -0.0319406 -0.0318682 -0.0317591 -0.0315858 -0.0313465 -0.031053 -0.0306947 -0.0302327 -0.0296818 -0.0290205 -0.0282572 -0.0273742 -0.0263388 -0.025159 -0.0238382 -0.0223638 -0.0207081 -0.0188729 -0.0168436 -0.0146437 -0.0122581 -0.00965228 -0.00684069 -0.00380666 -0.000563273 0.00290782 0.00664834 0.0106688 0.0149731 0.0195472 0.024368 0.0293979 0.034568 0.0397319 0.044714 0.0493061 0.0532915 0.0565077 0.0587834 0.0600318 0.0602362 0.059463 0.0579409 0.0559499 0.05387 0.0520976 0.0509815 0.0508598 0.0519324 
0 -0.00666878 -0.0132868 -0.0197595 -0.0260403 -0.0319987 -0.0375134 -0.0424454 -0.0466298 -0.04999 -0.0524596 -0.0540714 -0.0549034 -0.0550635 -0.0547087 -0.0539909 -0.0530904 -0.0521401 -0.0512624 -0.05049 -0.0498406 -0.0493177 -0.048872 -0.0485327 -0.0482144 -0.0479035 -0.0475803 -0.0471946 -0.0468094 -0.0463727 -0.0459024 -0.0454008 -0.0448632 -0.0443184 -0.0437706 -0.04321 -0.042635 -0.0420886 -0.0415323 -0.0410173 -0.0405111 -0.0400126 -0.0395594 -0.0391204 -0.0387124 -0.0383211 -0.0379726 -0.0376379 -0.0373465 -0.0370684 -0.0368049 -0.0365721 -0.0363582 -0.036158 -0.035967 -0.0358125 -0.0356377 -0.0354847 -0.0353369 -0.0351911 -0.0350467 -0.0349228 -0.0347783 -0.034628 -0.0344957 -0.0343496 -0.0342051 -0.0340591 -0.0339181 -0.033751 -0.0335959 -0.033444 -0.0333033 -0.0331303 -0.0329654 -0.0328142 -0.032669 -0.0325041 -0.032349 -0.0322004 -0.0320561 -0.0319132 -0.0317701 -0.0316355 -0.0315081 -0.0313848 -0.0312608 -0.0311546 -0.0310458 -0.0309467 -0.0308541 -0.0307747 -0.0306897 -0.0306263 -0.0305638 -0.030511 -0.0304618 -0.0304334 -0.0303981 -0.0303809 -0.0303694 -0.0303698 -0.0303679 -0.0303899 -0.0304087 -0.0304397 -0.0304768 -0.03053 -0.0305768 -0.0306441 -0.0307133 -0.0307904 -0.0308707 -0.0309684 -0.03106 -0.031163 -0.0312724 -0.0313887 -0.0315049 -0.0316262 -0.0317504 -0.0318861 -0.0320238 -0.032145 -0.03228 -0.0324283 -0.0325737 -0.032694 -0.0328298 -0.0329684 -0.0331143 -0.0332306 -0.0333569 -0.0334787 -0.0335961 -0.0336976 -0.0338169 -0.0339082 -0.0339813 -0.0340638 -0.0341324 -0.0341828 -0.034223 -0.0342531 -0.0342428 -0.0342366 -0.0341937 -0.0341315 -0.0340368 -0.0339196 -0.0337459 -0.0335323 -0.033286 -0.0329751 -0.0326106 -0.0321735 -0.0316702 -0.0310707 -0.0304004 -0.0296 -0.0287041 -0.0277032 -0.0265494 -0.0252682 -0.0238219 -0.0222227 -0.0204604 -0.018525 -0.0163819 -0.0140707 -0.0115618 -0.00884905 -0.00594675 -0.00278972 0.000559285 0.00414403 0.00797274 0.0120569 0.0164488 0.0211178 0.0260725 0.0312726 0.0366773 0.0421843 0.0476462 0.0528573 0.0575741 0.0615923 0.064674 0.0666845 0.0675077 0.0671261 0.0656774 0.0633559 0.0605494 0.0576621 0.0551346 0.0534226 0.0528416 0.0536888 
0 -0.00734015 -0.0146046 -0.0217405 -0.0286311 -0.0351788 -0.0412349 -0.0466298 -0.0512309 -0.0549079 -0.0576187 -0.0593856 -0.0602746 -0.0604255 -0.0599955 -0.0591566 -0.0581083 -0.056994 -0.0559321 -0.0549963 -0.0541821 -0.0535064 -0.0529382 -0.0524416 -0.0519997 -0.0515517 -0.0510837 -0.0505852 -0.0500396 -0.0494587 -0.0488341 -0.0481664 -0.0474723 -0.0467624 -0.0460441 -0.0453265 -0.0446264 -0.0439316 -0.0432696 -0.04264 -0.0420266 -0.0414736 -0.0409501 -0.0404678 -0.0400449 -0.0396563 -0.0393006 -0.0389988 -0.0387191 -0.0384729 -0.038286 -0.038097 -0.0379471 -0.0378214 -0.0377051 -0.037599 -0.0375199 -0.0374469 -0.0373826 -0.0373247 -0.0372567 -0.0371987 -0.037134 -0.0370885 -0.0370174 -0.0369506 -0.0368805 -0.036804 -0.036705 -0.0366419 -0.0365609 -0.036445 -0.0363409 -0.0362563 -0.0361583 -0.0360416 -0.0359335 -0.0358234 -0.0357276 -0.0356095 -0.0355049 -0.0353962 -0.0352976 -0.0351861 -0.0351013 -0.034993 -0.0349037 -0.0348174 -0.03474 -0.034644 -0.0345861 -0.034514 -0.0344473 -0.0343881 -0.0343518 -0.0342906 -0.0342589 -0.0342312 -0.0342053 -0.0341762 -0.0341818 -0.0341677 -0.0341676 -0.0341796 -0.0342027 -0.0342074 -0.0342486 -0.0342822 -0.0343186 -0.0343596 -0.0344276 -0.0344687 -0.0345353 -0.034603 -0.0346771 -0.0347396 -0.0348321 -0.0349014 -0.0349882 -0.0350737 -0.0351679 -0.03524 -0.0353334 -0.0354234 -0.0355218 -0.0355906 -0.0356629 -0.0357598 -0.0358506 -0.0358994 -0.0359579 -0.0360375 -0.0360831 -0.0361275 -0.036166 -0.0361943 -0.0361924 -0.0362015 -0.036191 -0.0361717 -0.0361118 -0.0360493 -0.035962 -0.0358482 -0.0357199 -0.0355579 -0.0353538 -0.0351243 -0.0348571 -0.0345249 -0.0341825 -0.0337704 -0.0332956 -0.0327699 -0.0321669 -0.0314849 -0.0307376 -0.0298923 -0.0289463 -0.0279102 -0.0267378 -0.0254508 -0.0240278 -0.0224556 -0.0207357 -0.0188561 -0.0168077 -0.0145773 -0.0121667 -0.00956021 -0.00676709 -0.0037847 -0.000588989 0.00280811 0.00642153 0.0102658 0.0143402 0.0186919 0.0233272 0.0282438 0.0334457 0.038877 0.0444846 0.050161 0.0557184 0.0609534 0.0656063 0.0694174 0.0721848 0.0737064 0.0738976 0.0727683 0.0704286 0.0671867 0.0634011 0.0595626 0.056182 0.0537035 0.052575 0.0530505 
0 -0.00786673 -0.0156676 -0.0233102 -0.030709 -0.0377243 -0.044206 -0.04999 -0.0549079 -0.0588553 -0.0617636 -0.0636537 -0.0646017 -0.064742 -0.0642526 -0.0633182 -0.0621456 -0.0608803 -0.0596664 -0.0585629 -0.0576009 -0.0567998 -0.0560974 -0.0555044 -0.0549408 -0.0543843 -0.0538221 -0.0531924 -0.0525342 -0.0518052 -0.0510293 -0.050222 -0.0493755 -0.0485076 -0.0476306 -0.0467529 -0.0458889 -0.0450639 -0.0442453 -0.0434916 -0.0427814 -0.0421283 -0.0415376 -0.0409833 -0.0405033 -0.0400771 -0.0397182 -0.039396 -0.039133 -0.0389175 -0.0387467 -0.0385959 -0.0384854 -0.0384128 -0.03836 -0.0383435 -0.0383127 -0.0383151 -0.0383342 -0.0383487 -0.0383599 -0.0384092 -0.0384341 -0.0384492 -0.0384711 -0.0384913 -0.0385132 -0.0385193 -0.0385193 -0.0385136 -0.0385051 -0.0384781 -0.0384751 -0.0384416 -0.0383959 -0.0383562 -0.0383311 -0.0382757 -0.038224 -0.0381662 -0.0381207 -0.0380662 -0.0380017 -0.0379406 -0.0378968 -0.0378316 -0.0377676 -0.037726 -0.0376711 -0.0376074 -0.0375696 -0.0375298 -0.0374705 -0.037439 -0.0374122 -0.0373681 -0.0373379 -0.03733 -0.0372981 -0.0372784 -0.0372797 -0.0372706 -0.0372543 -0.0372711 -0.0372767 -0.0372738 -0.0372944 -0.0373215 -0.0373257 -0.0373538 -0.0373923 -0.0374104 -0.0374381 -0.0374862 -0.0375149 -0.0375413 -0.0375906 -0.0376278 -0.0376575 -0.0376915 -0.0377319 -0.037764 -0.0377965 -0.0378084 -0.0378391 -0.0378622 -0.0378739 -0.0378702 -0.0378771 -0.0378592 -0.0378548 -0.037829 -0.0377849 -0.0377295 -0.037675 -0.0375986 -0.0375145 -0.037398 -0.0372588 -0.037124 -0.0369429 -0.0367389 -0.0365212 -0.0362702 -0.0359557 -0.035632 -0.0352596 -0.0348532 -0.034387 -0.0338663 -0.033296 -0.0326606 -0.0319581 -0.0311779 -0.0303347 -0.0294035 -0.0283862 -0.0272474 -0.0260309 -0.0246925 -0.0232365 -0.0216619 -0.0199317 -0.0180806 -0.0160687 -0.0138941 -0.0115544 -0.00905256 -0.00636876 -0.00352548 -0.000489236 0.00273413 0.00612708 0.00974054 0.0135303 0.0175526 0.0218042 0.0262968 0.0310746 0.0361098 0.0414188 0.0469393 0.0525988 0.0582652 0.0637466 0.0688135 0.073188 0.0766158 0.0788425 0.0797004 0.0790891 0.0770287 0.0736943 0.0693754 0.0645192 0.0596358 0.0552737 0.0519677 0.0501493 0.0501574 
0 -0.00826328 -0.016454 -0.024484 -0.0322484 -0.0396076 -0.0464016 -0.0524596 -0.0576187 -0.0617636 -0.0648258 -0.0668171 -0.0678125 -0.0679499 -0.067417 -0.0664095 -0.065138 -0.0637609 -0.0624171 -0.0611892 -0.0601118 -0.0592054 -0.058419 -0.0577323 -0.0570877 -0.0564522 -0.0558125 -0.0551167 -0.0543714 -0.053549 -0.0526678 -0.0517452 -0.0507743 -0.0497694 -0.0487404 -0.0477128 -0.0467082 -0.0457325 -0.0447731 -0.043869 -0.0430196 -0.0422447 -0.0415366 -0.0408792 -0.040314 -0.0398225 -0.0394019 -0.0390355 -0.0387301 -0.0384959 -0.0383272 -0.0381862 -0.0380916 -0.0380489 -0.0380334 -0.0380487 -0.038073 -0.0381367 -0.0382244 -0.0383077 -0.0383898 -0.0385026 -0.0386105 -0.0387166 -0.0388213 -0.0389262 -0.0390347 -0.0391218 -0.0392018 -0.0392977 -0.039381 -0.0394273 -0.0394919 -0.0395524 -0.0395946 -0.0396252 -0.0396611 -0.0396827 -0.0397029 -0.0397093 -0.0397211 -0.0397263 -0.0397178 -0.0397108 -0.039716 -0.0396957 -0.0396755 -0.0396752 -0.0396576 -0.0396262 -0.0396212 -0.0396087 -0.0395747 -0.039564 -0.0395578 -0.0395276 -0.0395114 -0.0395122 -0.0394881 -0.0394702 -0.039474 -0.0394606 -0.0394399 -0.0394471 -0.0394423 -0.0394228 -0.0394274 -0.0394326 -0.0394133 -0.0394134 -0.0394238 -0.0394071 -0.0393984 -0.0394072 -0.0393945 -0.0393746 -0.0393749 -0.0393593 -0.0393336 -0.0393143 -0.0392926 -0.0392535 -0.0392167 -0.0391724 -0.0391289 -0.0390619 -0.0389879 -0.0389206 -0.0388455 -0.0387275 -0.038621 -0.0385117 -0.0383712 -0.0382136 -0.0380557 -0.0378694 -0.0376598 -0.0374288 -0.0371803 -0.036915 -0.0365946 -0.0362453 -0.0358783 -0.0354693 -0.035 -0.0345 -0.0339464 -0.0333457 -0.0326721 -0.0319343 -0.0311518 -0.0302933 -0.0293444 -0.0283141 -0.0272065 -0.0260068 -0.0247106 -0.02329 -0.0217816 -0.0201586 -0.018404 -0.0165185 -0.0144901 -0.0123397 -0.0100454 -0.0075925 -0.00498137 -0.00222332 0.000693219 0.00375999 0.00700109 0.0104048 0.0139587 0.0176893 0.0215859 0.0256947 0.0300145 0.034563 0.0393642 0.0444089 0.0497007 0.0551718 0.0607326 0.066231 0.0714635 0.0761876 0.0801179 0.0829786 0.0845135 0.0845435 0.0829847 0.0798811 0.0754244 0.069954 0.0639404 0.057942 0.0525546 0.048343 0.0457939 0.0452586 
0 -0.00852572 -0.0169706 -0.0252611 -0.0332634 -0.0408479 -0.0478434 -0.0540714 -0.0593856 -0.0636537 -0.0668171 -0.068877 -0.0699048 -0.0700425 -0.0694808 -0.068426 -0.0670842 -0.0656293 -0.064186 -0.0628665 -0.0617083 -0.0607292 -0.0599061 -0.0591696 -0.0584997 -0.0578417 -0.0571732 -0.0564683 -0.0556787 -0.0548119 -0.0538706 -0.0528747 -0.0518243 -0.0507222 -0.0495761 -0.0484207 -0.04729 -0.0461626 -0.0450658 -0.0440046 -0.0430055 -0.0420929 -0.0412367 -0.0404425 -0.0397411 -0.0391348 -0.0385992 -0.0381453 -0.0377529 -0.0374504 -0.0372302 -0.0370447 -0.0369177 -0.0368586 -0.0368495 -0.0368619 -0.036913 -0.0369985 -0.03712 -0.037247 -0.0373875 -0.0375517 -0.0377271 -0.0379062 -0.0380758 -0.0382609 -0.0384515 -0.0386259 -0.0387812 -0.0389658 -0.0391311 -0.0392678 -0.0394066 -0.0395557 -0.0396767 -0.0397846 -0.0398916 -0.0399932 -0.0400815 -0.0401544 -0.040231 -0.0402983 -0.04035 -0.0403976 -0.040455 -0.0404834 -0.0405137 -0.0405513 -0.0405768 -0.0405815 -0.0406111 -0.0406244 -0.0406242 -0.0406319 -0.0406481 -0.0406339 -0.0406357 -0.0406398 -0.0406294 -0.0406125 -0.0406181 -0.0405986 -0.0405788 -0.0405697 -0.040556 -0.0405194 -0.0405072 -0.0404841 -0.0404458 -0.0404125 -0.0403916 -0.0403382 -0.0402944 -0.0402554 -0.040201 -0.0401316 -0.0400808 -0.0400085 -0.0399252 -0.0398439 -0.0397605 -0.0396527 -0.0395406 -0.0394281 -0.0393072 -0.0391597 -0.0389996 -0.0388531 -0.0386825 -0.0384763 -0.0382707 -0.0380715 -0.037822 -0.0375587 -0.0372911 -0.0370014 -0.036666 -0.0363161 -0.0359455 -0.0355416 -0.0350854 -0.0345981 -0.0340831 -0.0335101 -0.0328844 -0.0322012 -0.0314731 -0.0306832 -0.0298137 -0.0288616 -0.0278654 -0.0267782 -0.0255835 -0.0243103 -0.0229436 -0.0214816 -0.0199033 -0.0182021 -0.0163908 -0.0144818 -0.0124291 -0.0102394 -0.00792875 -0.00548904 -0.00292711 -0.000213105 0.00264229 0.00562437 0.00872406 0.0119623 0.0153432 0.0188546 0.0225036 0.0262723 0.0302052 0.0343182 0.0386171 0.0431299 0.0478499 0.0527983 0.0579569 0.0632569 0.0685882 0.0737814 0.0786189 0.0828484 0.0861833 0.0883244 0.0890313 0.088107 0.0854948 0.0812698 0.0756319 0.0689806 0.0617905 0.0546678 0.048249 0.0431123 0.0398083 0.0386862 
0 -0.00866926 -0.0172676 -0.0256861 -0.0338223 -0.0415132 -0.0485953 -0.0549034 -0.0602746 -0.0646017 -0.0678125 -0.0699048 -0.0709489 -0.0710854 -0.0705012 -0.0694187 -0.0680355 -0.0665198 -0.0650274 -0.0636372 -0.0624369 -0.0614359 -0.0605892 -0.0598766 -0.0592118 -0.0585843 -0.0579616 -0.0572806 -0.0565315 -0.0556762 -0.0547338 -0.0537274 -0.0526508 -0.0514934 -0.0502836 -0.0490448 -0.0477971 -0.046571 -0.0453278 -0.0441195 -0.0429774 -0.0418907 -0.0408733 -0.0399154 -0.0390386 -0.0382631 -0.0375879 -0.0369684 -0.0364487 -0.0360315 -0.0356853 -0.0354131 -0.0352053 -0.0350739 -0.0350079 -0.0350007 -0.0350114 -0.0350852 -0.0352069 -0.0353412 -0.0354957 -0.0356979 -0.0359169 -0.0361213 -0.036352 -0.0365947 -0.0368441 -0.0370787 -0.0373282 -0.0375619 -0.0377916 -0.0380135 -0.0382451 -0.03845 -0.0386369 -0.038824 -0.0390123 -0.03918 -0.0393243 -0.03947 -0.0396103 -0.0397398 -0.0398422 -0.0399533 -0.0400524 -0.0401409 -0.0402109 -0.0402951 -0.0403527 -0.0404089 -0.040458 -0.0405094 -0.0405331 -0.0405717 -0.0405949 -0.0406132 -0.0406196 -0.0406384 -0.0406299 -0.040629 -0.0406201 -0.0406089 -0.0405782 -0.040564 -0.0405271 -0.0404897 -0.0404452 -0.0404053 -0.0403373 -0.0402833 -0.0402149 -0.0401393 -0.040049 -0.0399722 -0.0398653 -0.0397574 -0.0396431 -0.0395278 -0.0393821 -0.0392388 -0.0390866 -0.0389278 -0.0387436 -0.03855 -0.03835 -0.0381418 -0.0379125 -0.0376601 -0.0374004 -0.0371254 -0.0368398 -0.0365208 -0.0361885 -0.0358254 -0.0354519 -0.0350485 -0.0346221 -0.0341425 -0.0336459 -0.0331188 -0.0325368 -0.0319053 -0.0312482 -0.0305332 -0.0297296 -0.0288885 -0.0279895 -0.0270124 -0.025943 -0.0248069 -0.0235787 -0.022269 -0.020852 -0.0193191 -0.0177081 -0.0159873 -0.0141306 -0.0121483 -0.010069 -0.00786028 -0.00553531 -0.00307171 -0.000478891 0.00220114 0.00500919 0.00794433 0.0109946 0.014142 0.0173835 0.0207188 0.0241748 0.0277376 0.0313769 0.0351344 0.0390041 0.0430335 0.0472396 0.0516041 0.0561683 0.0609185 0.0658409 0.0708671 0.0758521 0.0806193 0.0849434 0.0885581 0.0911722 0.0924997 0.0922697 0.0903272 0.0866128 0.081218 0.0744122 0.0665645 0.0582316 0.0500213 0.0425856 0.0365835 0.032521 0.0308297 
0 -0.00872195 -0.0173605 -0.0258274 -0.033986 -0.0416906 -0.0487727 -0.0550635 -0.0604255 -0.064742 -0.0679499 -0.0700425 -0.0710854 -0.0712099 -0.0706161 -0.0695109 -0.0680931 -0.0665542 -0.0650055 -0.0635921 -0.0623709 -0.0613558 -0.060557 -0.0598618 -0.0592717 -0.0587229 -0.0581702 -0.0576079 -0.056934 -0.0561696 -0.0553018 -0.0543433 -0.0532992 -0.0521602 -0.0509322 -0.0496562 -0.0483713 -0.0470436 -0.0457242 -0.044388 -0.0430938 -0.0418567 -0.0406572 -0.0395182 -0.0384518 -0.0374953 -0.0366028 -0.0358121 -0.035095 -0.034488 -0.0339851 -0.0335629 -0.0332137 -0.0329598 -0.0327938 -0.032659 -0.0326169 -0.0326251 -0.0326934 -0.0327967 -0.0329452 -0.033108 -0.0333237 -0.0335625 -0.0338065 -0.0340752 -0.0343536 -0.0346359 -0.0349068 -0.0352114 -0.0355042 -0.0357833 -0.0360332 -0.0363202 -0.0365862 -0.0368321 -0.0370542 -0.0372924 -0.037506 -0.0377116 -0.0378977 -0.0380775 -0.0382443 -0.0384029 -0.0385454 -0.0386767 -0.0388012 -0.0389109 -0.0390142 -0.0391024 -0.0391863 -0.0392543 -0.0393208 -0.0393684 -0.0394164 -0.039447 -0.0394774 -0.0394888 -0.0395028 -0.0394977 -0.0394933 -0.0394706 -0.0394505 -0.0394103 -0.0393712 -0.0393147 -0.0392584 -0.0391825 -0.0391074 -0.0390145 -0.0389189 -0.0388069 -0.0386903 -0.0385577 -0.0384205 -0.0382679 -0.038104 -0.0379291 -0.0377417 -0.0375463 -0.0373333 -0.0371034 -0.0368572 -0.0366234 -0.0363512 -0.0360538 -0.0357467 -0.0354589 -0.0351165 -0.0347538 -0.034371 -0.0339963 -0.0335702 -0.0331251 -0.0326547 -0.0321599 -0.0316072 -0.0310403 -0.0304488 -0.0297873 -0.0290829 -0.0283299 -0.0275291 -0.0266585 -0.0257419 -0.0247247 -0.0236608 -0.022505 -0.0212528 -0.0199094 -0.0184934 -0.0169659 -0.0153094 -0.0135566 -0.0116816 -0.00970571 -0.00758717 -0.00535559 -0.00299585 -0.000544187 0.00204574 0.00476944 0.0075747 0.0104894 0.0134798 0.0165786 0.0197661 0.0230211 0.0263205 0.029705 0.033157 0.0366693 0.0402568 0.0438754 0.0476221 0.0514841 0.0554855 0.0596529 0.0639515 0.0684303 0.0730332 0.0776822 0.0822343 0.0864811 0.0901972 0.0931129 0.0949372 0.0953689 0.0941702 0.0911672 0.0863416 0.0798152 0.0718515 0.062896 0.0534777 0.0442527 0.0359036 0.0290681 0.0243317 0.0220875 
0 -0.00869304 -0.0173066 -0.0257307 -0.0338452 -0.0414863 -0.0484935 -0.0547087 -0.0599955 -0.0642526 -0.067417 -0.0694808 -0.0705012 -0.0706161 -0.0700019 -0.0688804 -0.0674419 -0.0658605 -0.0642883 -0.0628305 -0.0615921 -0.0605875 -0.0598061 -0.0591915 -0.0586845 -0.0582546 -0.0578446 -0.0574161 -0.0568968 -0.0562742 -0.0555392 -0.0547002 -0.0537681 -0.052707 -0.0515511 -0.0503143 -0.0490176 -0.0476815 -0.0462972 -0.0448851 -0.0434958 -0.0421204 -0.0407685 -0.039463 -0.0381939 -0.0370156 -0.0359174 -0.0348888 -0.033961 -0.0331367 -0.0324006 -0.0317661 -0.0312214 -0.0307738 -0.0304323 -0.0301678 -0.0299826 -0.0298673 -0.0298258 -0.0298433 -0.0299151 -0.0300398 -0.0302163 -0.0304046 -0.0306306 -0.0308939 -0.0311669 -0.0314604 -0.0317738 -0.0320744 -0.0323773 -0.0327051 -0.0330235 -0.0333303 -0.033622 -0.0339168 -0.0342076 -0.0344859 -0.0347342 -0.0349887 -0.0352267 -0.0354494 -0.0356585 -0.03586 -0.0360352 -0.036213 -0.0363724 -0.0365122 -0.0366437 -0.0367728 -0.0368723 -0.0369676 -0.0370572 -0.0371272 -0.0371809 -0.0372376 -0.0372733 -0.0372934 -0.0373112 -0.0373182 -0.0373017 -0.0372847 -0.037258 -0.0372105 -0.0371538 -0.0370965 -0.037014 -0.0369218 -0.0368266 -0.0367143 -0.03658 -0.0364501 -0.0363001 -0.0361317 -0.0359556 -0.035772 -0.0355605 -0.0353493 -0.035117 -0.0348664 -0.0346063 -0.0343423 -0.0340408 -0.0337306 -0.033408 -0.0330777 -0.032719 -0.0323328 -0.0319273 -0.0315279 -0.0310893 -0.0306137 -0.0301245 -0.0296053 -0.029049 -0.0284732 -0.0278536 -0.0271781 -0.0264715 -0.0257135 -0.0249047 -0.0240382 -0.0231138 -0.0221154 -0.0210395 -0.0198853 -0.0186672 -0.0173444 -0.0159212 -0.0144036 -0.0127691 -0.0110263 -0.00916558 -0.0071731 -0.00507579 -0.00285915 -0.000489293 0.00198796 0.00458298 0.00728501 0.0100881 0.0130058 0.0160072 0.0190685 0.0222073 0.0254138 0.0286676 0.0319574 0.0352514 0.0385832 0.0419469 0.0453399 0.0487543 0.0521977 0.0557183 0.0593328 0.0630741 0.066929 0.0709153 0.0750344 0.0792423 0.0834554 0.0874958 0.0911636 0.0942122 0.0963735 0.0973582 0.0968774 0.0946869 0.0906478 0.0847545 0.0771457 0.0681375 0.058154 0.047778 0.0376607 0.0284874 0.0209474 0.0155875 0.0128577 
0 -0.00862267 -0.0171612 -0.0254961 -0.0335084 -0.0410289 -0.0479056 -0.0539909 -0.0591566 -0.0633182 -0.0664095 -0.068426 -0.0694187 -0.0695109 -0.0688804 -0.0677325 -0.0662591 -0.0646356 -0.063011 -0.0615106 -0.0602376 -0.0592201 -0.0584598 -0.0578961 -0.0574818 -0.0571772 -0.0569191 -0.0566721 -0.0563518 -0.0559394 -0.0554159 -0.0547721 -0.0540167 -0.0531176 -0.0520979 -0.0509721 -0.0497563 -0.0484645 -0.0470998 -0.0456709 -0.0442199 -0.0427473 -0.0412703 -0.0398159 -0.0383772 -0.0370019 -0.0356782 -0.0344174 -0.033242 -0.0321539 -0.031161 -0.0302806 -0.0294946 -0.028813 -0.0282407 -0.0277542 -0.0273813 -0.0270939 -0.0268905 -0.0267717 -0.0267236 -0.0267262 -0.0268006 -0.0269212 -0.0270915 -0.0273004 -0.0275261 -0.0277888 -0.0280788 -0.0283753 -0.0286877 -0.0290183 -0.0293295 -0.0296558 -0.0299853 -0.030307 -0.030612 -0.0309161 -0.0312051 -0.0314976 -0.0317603 -0.0320099 -0.0322593 -0.032493 -0.0326925 -0.032901 -0.0330928 -0.0332528 -0.0334106 -0.033566 -0.033684 -0.0337955 -0.0339087 -0.0339907 -0.0340558 -0.0341261 -0.0341723 -0.0341938 -0.0342203 -0.0342299 -0.034211 -0.0341916 -0.0341651 -0.0341058 -0.0340413 -0.0339757 -0.0338786 -0.0337672 -0.0336607 -0.0335265 -0.033368 -0.0332178 -0.0330446 -0.0328422 -0.0326421 -0.0324318 -0.0321821 -0.0319341 -0.0316765 -0.0313908 -0.0310854 -0.030779 -0.030445 -0.0301026 -0.0297318 -0.029345 -0.0289449 -0.0285284 -0.0280741 -0.0276136 -0.0271163 -0.0265918 -0.0260509 -0.0254749 -0.0248478 -0.0241939 -0.0234963 -0.0227525 -0.0219666 -0.0211109 -0.0202026 -0.0192303 -0.0181827 -0.0170633 -0.015872 -0.0145748 -0.0131959 -0.0117062 -0.0101078 -0.00840745 -0.00658326 -0.00463554 -0.00256412 -0.000356035 0.00197365 0.00441962 0.00700411 0.00968719 0.0124828 0.0153737 0.0183525 0.0214212 0.0245452 0.0277085 0.0309122 0.0341437 0.0373882 0.040632 0.0438466 0.047062 0.0502621 0.0534506 0.0566272 0.0597965 0.0630201 0.0663123 0.0697085 0.0732068 0.0768104 0.0805219 0.084285 0.0879992 0.0914857 0.0945277 0.096878 0.0982671 0.0984058 0.0970218 0.0938786 0.0888564 0.0819724 0.0733849 0.0634336 0.0525584 0.0413536 0.0304804 0.0206302 0.0124984 0.00663838 0.00350325 
0 -0.00852751 -0.0169627 -0.025185 -0.0330666 -0.0404417 -0.0471622 -0.0530904 -0.0581083 -0.0621456 -0.065138 -0.0670842 -0.0680355 -0.0680931 -0.0674419 -0.0662591 -0.0647357 -0.0630568 -0.0613507 -0.0597823 -0.0584385 -0.0573679 -0.0566004 -0.0560565 -0.0557266 -0.0555442 -0.0554428 -0.0553927 -0.0552913 -0.0551233 -0.0548548 -0.0544655 -0.0539512 -0.0532959 -0.0524943 -0.0515587 -0.0505052 -0.0493215 -0.0480498 -0.0466759 -0.0452345 -0.0437365 -0.0421955 -0.0406384 -0.0390645 -0.0375162 -0.0359776 -0.0345036 -0.0330868 -0.031734 -0.0304675 -0.0293046 -0.0282366 -0.0272777 -0.0264378 -0.0256882 -0.0250823 -0.0245622 -0.024137 -0.0238194 -0.0236055 -0.0234498 -0.023378 -0.0233784 -0.0234375 -0.0235495 -0.0236945 -0.0239025 -0.0241328 -0.024384 -0.0246578 -0.0249706 -0.0252643 -0.0255828 -0.0259038 -0.0262286 -0.0265394 -0.0268531 -0.0271554 -0.0274615 -0.0277386 -0.0280035 -0.0282763 -0.0285237 -0.028741 -0.0289658 -0.0291802 -0.0293498 -0.0295271 -0.0296949 -0.0298297 -0.029948 -0.0300784 -0.0301654 -0.0302426 -0.0303162 -0.0303731 -0.0303931 -0.0304276 -0.0304341 -0.0304187 -0.0303932 -0.0303686 -0.0302987 -0.0302329 -0.0301557 -0.0300529 -0.0299259 -0.0298136 -0.0296605 -0.0294906 -0.0293223 -0.0291369 -0.0289095 -0.0286952 -0.028464 -0.0281953 -0.0279207 -0.0276455 -0.0273348 -0.0270068 -0.0266759 -0.0263163 -0.0259449 -0.0255492 -0.0251382 -0.0247034 -0.024254 -0.0237633 -0.0232715 -0.0227332 -0.0221683 -0.021571 -0.0209472 -0.0202638 -0.0195529 -0.0187865 -0.0179739 -0.0171016 -0.0161552 -0.0151616 -0.0140933 -0.0129292 -0.0116804 -0.0103662 -0.00891961 -0.00738513 -0.00573505 -0.00396866 -0.00207866 -6.18814e-05 0.00209021 0.00436417 0.00675939 0.00929506 0.0119368 0.0147021 0.0175572 0.0205167 0.0235425 0.0266373 0.0297867 0.0329551 0.0361551 0.0393478 0.0425331 0.045692 0.0488065 0.0518561 0.054865 0.0578134 0.0607119 0.0635825 0.0664101 0.0692819 0.0721995 0.0751965 0.0783007 0.0814802 0.084756 0.0880495 0.0912422 0.094163 0.096568 0.0982183 0.0988391 0.0981455 0.0958812 0.0918315 0.0858944 0.078114 0.0686733 0.0579168 0.0463138 0.0344456 0.0229819 0.0126176 0.0040266 -0.00221161 -0.00566739 
0 -0.00844535 -0.0167858 -0.0248958 -0.0326367 -0.0398514 -0.0463951 -0.0521401 -0.056994 -0.0608803 -0.0637609 -0.0656293 -0.0665198 -0.0665542 -0.0658605 -0.0646356 -0.0630568 -0.0612776 -0.0594943 -0.0578069 -0.0563583 -0.05521 -0.0543553 -0.053815 -0.053508 -0.0534098 -0.053457 -0.0535721 -0.0537074 -0.0538021 -0.0538205 -0.0537247 -0.0535136 -0.0531392 -0.0526282 -0.0519616 -0.0511199 -0.0501558 -0.0490341 -0.047796 -0.0464452 -0.0449834 -0.0434407 -0.0418525 -0.0402077 -0.0385241 -0.0368521 -0.035174 -0.0335511 -0.0319625 -0.0304286 -0.0289832 -0.0276432 -0.0263906 -0.0252358 -0.0242207 -0.0233168 -0.0225275 -0.0218404 -0.0212866 -0.0208273 -0.0204809 -0.0202165 -0.0200335 -0.0199428 -0.0199208 -0.0199407 -0.0200284 -0.0201891 -0.0203487 -0.0205467 -0.020791 -0.0210692 -0.0213304 -0.0216138 -0.0219096 -0.0222242 -0.0225121 -0.0228064 -0.0231037 -0.0233881 -0.0236516 -0.0239262 -0.024177 -0.0244016 -0.0246342 -0.0248507 -0.0250323 -0.0252111 -0.0253899 -0.0255261 -0.0256571 -0.0257833 -0.0258842 -0.025958 -0.0260414 -0.0260921 -0.0261249 -0.0261497 -0.0261646 -0.0261413 -0.0261234 -0.0260852 -0.0260231 -0.0259451 -0.02587 -0.0257537 -0.0256306 -0.0255019 -0.0253486 -0.0251652 -0.0249935 -0.024793 -0.0245631 -0.0243339 -0.0240936 -0.0238146 -0.0235328 -0.0232457 -0.0229181 -0.0225829 -0.022245 -0.0218788 -0.0214729 -0.0210747 -0.0206581 -0.0202125 -0.019713 -0.0192206 -0.0187081 -0.0181462 -0.0175254 -0.0169118 -0.0162414 -0.0155065 -0.0147371 -0.0139283 -0.0130368 -0.0120771 -0.0110653 -0.00997043 -0.00879561 -0.00751424 -0.0061491 -0.00467245 -0.00309791 -0.0013863 0.000442306 0.00238532 0.00445875 0.00668351 0.00902678 0.0114758 0.0140736 0.0167682 0.0195821 0.0224847 0.0254604 0.028509 0.0316229 0.034754 0.0379009 0.041064 0.0441863 0.0472978 0.0503409 0.0533145 0.0562176 0.0590235 0.0617409 0.0643689 0.0669224 0.0694022 0.0718667 0.0743228 0.0768315 0.0794267 0.0820928 0.0848728 0.0876988 0.0905206 0.0932088 0.095551 0.09734 0.0983001 0.0981737 0.0966887 0.0935968 0.0887115 0.0819565 0.0733914 0.06322 0.0518097 0.0396195 0.0272539 0.0153646 0.00463611 -0.00424716 -0.0107439 -0.0144039 
0 -0.00838287 -0.016649 -0.0246578 -0.0322715 -0.03933 -0.0456955 -0.0512624 -0.0559321 -0.0596664 -0.0624171 -0.064186 -0.0650274 -0.0650055 -0.0642883 -0.063011 -0.0613507 -0.0594943 -0.0575688 -0.0557641 -0.0541705 -0.052874 -0.0519247 -0.0512923 -0.0509771 -0.0509137 -0.0510433 -0.0513044 -0.0516365 -0.0519752 -0.0522791 -0.0524986 -0.0525854 -0.0525587 -0.052365 -0.052011 -0.051486 -0.0507691 -0.0499055 -0.0488825 -0.0476954 -0.0463588 -0.0449074 -0.0433466 -0.0417113 -0.0399948 -0.0382127 -0.0364311 -0.0346414 -0.0328515 -0.0310933 -0.0294077 -0.0277896 -0.026259 -0.024814 -0.023472 -0.0222701 -0.0211844 -0.0202033 -0.019356 -0.0186521 -0.0180348 -0.0175216 -0.0171357 -0.0168542 -0.0166374 -0.016499 -0.016445 -0.0164463 -0.016499 -0.0166108 -0.0167646 -0.0169284 -0.0171285 -0.0173677 -0.0176229 -0.0178671 -0.018122 -0.0183971 -0.018676 -0.0189294 -0.0191804 -0.0194426 -0.0196864 -0.0199055 -0.0201277 -0.0203401 -0.0205219 -0.0206993 -0.0208686 -0.0210112 -0.021138 -0.021263 -0.0213605 -0.0214414 -0.0215146 -0.0215702 -0.0216005 -0.0216272 -0.0216336 -0.0216191 -0.0215933 -0.0215563 -0.0214906 -0.0214178 -0.0213316 -0.0212212 -0.0210946 -0.0209647 -0.0208055 -0.0206299 -0.0204503 -0.0202491 -0.0200201 -0.0197927 -0.0195489 -0.0192715 -0.018987 -0.0187015 -0.0183852 -0.0180412 -0.0176943 -0.0173348 -0.01695 -0.0165323 -0.0160977 -0.0156468 -0.015173 -0.0146553 -0.0141062 -0.0135221 -0.0129041 -0.0122427 -0.0115349 -0.0107636 -0.00993052 -0.00904974 -0.00810696 -0.00707228 -0.00594808 -0.00476101 -0.00346461 -0.00204862 -0.000538731 0.00106906 0.00282853 0.00472031 0.00672653 0.00886334 0.0111307 0.0135328 0.0160579 0.0186916 0.0214215 0.0242783 0.0272075 0.0301867 0.0332293 0.0363144 0.0394218 0.0425283 0.0456079 0.0486418 0.0516458 0.054554 0.0573678 0.0600829 0.0626721 0.0651588 0.0675144 0.0697514 0.0718921 0.073968 0.0760024 0.0780516 0.0801474 0.0823181 0.084607 0.0869672 0.0893898 0.0917692 0.0939552 0.0957777 0.0969628 0.0972797 0.0964496 0.0942131 0.0903577 0.0847099 0.0772296 0.0679933 0.0572307 0.0453035 0.0326984 0.0199934 0.00783941 -0.00308399 -0.0121399 -0.0187589 -0.0225394 
