0 0 0 0 0 0 0 0 0 0 0 0 0 0 0 0 0 0 0 0 0 0 0 0 0 0 0 0 0 0 0 0 0 0 0 0 0 0 0 0 0 0 0 0 0 0 0 0 0 0 0 0 0 0 0 0 0 0 0 0 0 0 0 0 0 0 0 0 0 0 0 0 0 0 0 0 0 0 0 0 0 0 0 0 0 0 0 0 0 0 0 0 0 0 0 0 0 0 0 0 0 0 0 0 0 0 0 0 0 0 0 0 0 0 0 0 0 0 0 0 0 0 0 0 0 0 0 0 0 0 0 0 0 0 0 0 0 0 0 0 0 0 0 0 0 0 0 0 0 0 0 0 0 0 0 0 0 0 0 0 0 0 0 0 0 0 0 0 0 0 0 0 0 0 0 0 0 0 0 0 0 0 0 0 0 0 0 0 0 0 0 0 0 0 0 0 0 0 0 0 
0 -1.05046e-06 3.57535e-06 6.29644e-07 3.60613e-06 6.29401e-06 4.7229e-06 1.45727e-05 1.82755e-05 2.95685e-05 5.24519e-05 7.01547e-05 0.000114558 0.00016485 0.000231309 0.000338361 0.000451712 0.000616294 0.000814037 0.00103809 0.00132683 0.00163294 0.00198497 0.00236571 0.00273994 0.00310807 0.00341954 0.00364684 0.00375711 0.00373573 0.0035483 0.00321291 0.00272946 0.00209681 0.00138156 0.000589095 -0.000199108 -0.00093579 -0.00156567 -0.00205437 -0.00239648 -0.00256324 -0.00260287 -0.00249542 -0.00228195 -0.00199974 -0.0016906 -0.00136899 -0.00106886 -0.000809598 -0.000550735 -0.000352021 -0.000184974 -4.68996e-05 7.75967e-05 0.000171345 0.000260627 0.000343755 0.000412122 0.000481401 0.00053573 0.000610125 0.000664921 0.000719208 0.000769347 0.000839338 0.000883784 0.000932582 0.000986195 0.00103916 0.00108796 0.00113196 0.00117827 0.00122343 0.00127817 0.00130805 0.00135184 0.00139569 0.00144218 0.00146447 0.00150979 0.00154483 0.00158115 0.00160482 0.00164296 0.00166823 0.00170045 0.00172154 0.00174752 0.00176987 0.00179634 0.00180855 0.00182733 0.00184823 0.00186273 0.00186749 0.00188409 0.00189763 0.00189908 0.00190175 0.00191458 0.00191523 0.00190912 0.00191132 0.00191499 0.00190344 0.00189603 0.00189317 0.00188552 0.00186743 0.00185922 0.00184549 0.00183158 0.00181012 0.00179587 0.00177255 0.00175916 0.0017296 0.00170785 0.00168312 0.00166785 0.00162638 0.00160472 0.00158027 0.00155562 0.00151192 0.00149208 0.00146183 0.00143297 0.00139703 0.0013668 0.00133856 0.00131473 0.00128024 0.00124003 0.00122801 0.00120332 0.00117322 0.00113777 0.00113254 0.00111586 0.00110608 0.00108155 0.00108434 0.00110218 0.00112114 0.00115724 0.00121554 0.00130008 0.00141349 0.00159664 0.00178426 0.00200656 0.0022528 0.00250967 0.00274441 0.0029303 0.00302557 0.00298108 0.00281339 0.00248302 0.00201332 0.00139384 0.000672056 -0.00012148 -0.000935351 -0.00168328 -0.00235916 -0.00289433 -0.00328351 -0.0035226 -0.00360681 -0.00354622 -0.00336951 -0.00310269 -0.00275952 -0.00240973 -0.00203883 -0.00169175 -0.00138989 -0.00110242 -0.000879215 -0.000682421 -0.000518884 -0.00040153 -0.000295957 -0.00022614 -0.000173712 -0.000132856 -0.000111082 -9.20825e-05 -8.09536e-05 -7.40712e-05 -6.79703e-05 -6.48067e-05 -6.29864e-05 -6.22491e-05 -6.27036e-05 -6.42641e-05 -6.34382e-05 
0 3.57535e-06 -3.12397e-06 7.60359e-06 3.03724e-06 8.58936e-06 2.06196e-05 1.94038e-05 4.58454e-05 6.18709e-05 9.55821e-05 0.000158246 0.000220273 0.00033979 0.000480802 0.000668108 0.000928018 0.00122801 0.00162277 0.00208945 0.00263866 0.00327988 0.00398298 0.00474001 0.00549798 0.00622421 0.0068341 0.00728282 0.00751328 0.00744815 0.00710456 0.00643383 0.0054505 0.00422023 0.00276854 0.00120066 -0.000352593 -0.00181039 -0.00306913 -0.00403431 -0.00471655 -0.005087 -0.00513221 -0.00492857 -0.00450773 -0.00393955 -0.00332649 -0.0027096 -0.00211219 -0.00155199 -0.00106077 -0.00065049 -0.000315334 -4.03849e-05 0.000192291 0.000417899 0.000619647 0.00074863 0.000879922 0.00103782 0.00118579 0.0012991 0.0014095 0.0015207 0.00164736 0.00177042 0.00186026 0.00196023 0.00207112 0.00218029 0.00226954 0.00236758 0.00245091 0.00255435 0.00264748 0.00272455 0.00279794 0.00289917 0.00297708 0.00303871 0.00311546 0.00319666 0.00325982 0.00331778 0.00338553 0.0034432 0.00350287 0.00354949 0.00359964 0.0036458 0.00369808 0.00372335 0.00376311 0.00380139 0.00383395 0.00384177 0.00387816 0.00389969 0.0039091 0.00391019 0.00393892 0.00393546 0.0039299 0.00392844 0.00393878 0.00391291 0.00390198 0.0038915 0.00387831 0.00384144 0.00382472 0.00379676 0.00376744 0.00372681 0.00369402 0.0036524 0.00361759 0.00356662 0.00351445 0.00347425 0.00342996 0.0033624 0.0033046 0.00326797 0.00320365 0.0031341 0.0030772 0.00302922 0.00295913 0.00290102 0.00283066 0.00277541 0.00272162 0.00266269 0.00258793 0.00253893 0.00249092 0.00244105 0.00239456 0.00233625 0.00229734 0.00229114 0.00227831 0.00224104 0.00225672 0.00231221 0.00239068 0.00249985 0.00266656 0.00290922 0.0032281 0.0036216 0.00407935 0.00457142 0.00506197 0.00553671 0.00589419 0.00605522 0.00600116 0.00564975 0.00498524 0.00403995 0.00280349 0.00134067 -0.000231047 -0.00183293 -0.00335401 -0.00467089 -0.0057567 -0.0065474 -0.0070124 -0.00718737 -0.00706426 -0.0067052 -0.00616391 -0.00550513 -0.00478982 -0.00406763 -0.00339269 -0.00276006 -0.00221973 -0.00175221 -0.00135441 -0.0010513 -0.000789978 -0.000600846 -0.000457626 -0.000341339 -0.000272238 -0.000212782 -0.000177612 -0.000157562 -0.000141314 -0.000137058 -0.000133212 -0.000131682 -0.000129991 -0.000128896 -0.000127481 -0.000126927 
0 6.29644e-07 7.60359e-06 5.10952e-06 1.16118e-05 1.87256e-05 2.1911e-05 4.36432e-05 6.23217e-05 9.75564e-05 0.000159739 0.000228614 0.000352549 0.000511231 0.000721631 0.00102843 0.00138958 0.00187331 0.00246467 0.00315367 0.00400048 0.00493453 0.00598599 0.00711563 0.00824041 0.00932542 0.0102485 0.0109216 0.0112534 0.011183 0.0106432 0.00965 0.0082124 0.00635978 0.00423155 0.00190418 -0.000420146 -0.00259317 -0.00445879 -0.00591338 -0.00692796 -0.00744951 -0.00755752 -0.0072524 -0.00662937 -0.00579778 -0.00487683 -0.00392642 -0.00302584 -0.00221906 -0.00145734 -0.0008403 -0.000325468 0.000102826 0.000479158 0.000788353 0.00106977 0.00131719 0.00153408 0.00175106 0.00194039 0.00215147 0.00232726 0.00249858 0.00266769 0.00286546 0.0030142 0.00316808 0.00333253 0.00349521 0.00364552 0.00378591 0.00392717 0.00407123 0.00422585 0.00433462 0.00446397 0.00459966 0.00473189 0.00482032 0.00494645 0.00505776 0.00516451 0.00524839 0.00535462 0.00543915 0.00553195 0.00560261 0.00567919 0.00575003 0.00582489 0.00586981 0.00592616 0.00598593 0.00602991 0.00605224 0.00609772 0.0061346 0.0061452 0.00615596 0.00618683 0.00618999 0.00617804 0.0061809 0.00618595 0.00615722 0.00613524 0.00612162 0.00609627 0.00604768 0.00601693 0.00597586 0.00593014 0.00586902 0.00581947 0.00575413 0.00570195 0.00562015 0.00554929 0.00547653 0.00541451 0.00530529 0.0052288 0.00515302 0.00506841 0.0049508 0.00487425 0.00478427 0.00468959 0.00458373 0.00448679 0.00439731 0.00431407 0.00421031 0.00409705 0.00403607 0.00395697 0.00386546 0.00376896 0.00372375 0.00366879 0.00363032 0.00357222 0.00356192 0.00359751 0.00365686 0.00376336 0.00393196 0.00418174 0.00453044 0.00504106 0.00560694 0.00626471 0.00698634 0.00772635 0.00840376 0.00892415 0.00916906 0.00902891 0.00849582 0.00749693 0.00607263 0.00422324 0.00206156 -0.000297233 -0.00270101 -0.00494165 -0.00693708 -0.00854027 -0.00970891 -0.0104232 -0.0106817 -0.0105135 -0.00999538 -0.00920521 -0.00821184 -0.00716347 -0.00607768 -0.0050541 -0.00413971 -0.00330424 -0.00262262 -0.00203715 -0.00155753 -0.00119294 -0.000889761 -0.000675639 -0.000516239 -0.000398439 -0.000326437 -0.000271946 -0.000238385 -0.000217966 -0.000202091 -0.000194152 -0.000189906 -0.000187628 -0.000187454 -0.000188337 -0.0001909 
0 3.60613e-06 3.03724e-06 1.16118e-05 1.49624e-05 2.47258e-05 4.07608e-05 5.76994e-05 9.51696e-05 0.0001413 0.000216364 0.000329093 0.000480728 0.000705362 0.000997937 0.00138974 0.00189642 0.00252588 0.00331217 0.00424892 0.00535771 0.00662375 0.00802449 0.00951974 0.0110203 0.0124464 0.0136582 0.0145435 0.0149882 0.0148844 0.0141956 0.0128872 0.0109827 0.00856432 0.00574586 0.00269786 -0.000349099 -0.00319858 -0.00565922 -0.00758113 -0.00892438 -0.0096492 -0.00977799 -0.00938874 -0.0085777 -0.00748553 -0.00626843 -0.005026 -0.00382569 -0.00271211 -0.0017113 -0.000867294 -0.000167124 0.000417452 0.000920226 0.00137261 0.00177045 0.00208957 0.00238459 0.00269247 0.0029827 0.00324603 0.00348776 0.0037263 0.00397762 0.00422774 0.00443896 0.00465103 0.0048764 0.00509713 0.00529926 0.00549565 0.00568511 0.00588676 0.0060814 0.00624674 0.00641476 0.00660186 0.00676874 0.00690913 0.00706587 0.00722229 0.00736027 0.007486 0.00761873 0.00774089 0.00785962 0.00796202 0.00806241 0.00816075 0.00825592 0.00832422 0.00839938 0.00847604 0.00853553 0.00857282 0.00862968 0.0086748 0.00869556 0.00871204 0.00874635 0.00875118 0.00874196 0.00874165 0.00874298 0.00870998 0.00868133 0.00865789 0.00862177 0.00856258 0.00851554 0.00846083 0.00839568 0.00831818 0.00824449 0.00816256 0.00808065 0.00797967 0.00787787 0.0077842 0.00768437 0.00755537 0.00744022 0.00733939 0.00721429 0.00707312 0.00695272 0.00683508 0.00670004 0.00656368 0.00642649 0.00630146 0.00618029 0.00604459 0.00590013 0.00578789 0.00567851 0.00556119 0.00544517 0.00534186 0.0052601 0.00520926 0.00515333 0.00510836 0.00513065 0.00521675 0.00535895 0.00557751 0.00590599 0.00637713 0.00700915 0.00776923 0.00864293 0.00958576 0.0105353 0.0114079 0.0120571 0.0123361 0.0121493 0.0114062 0.0100627 0.008148 0.00568683 0.0028061 -0.000310925 -0.00347196 -0.00645633 -0.00907842 -0.0112173 -0.0127811 -0.0137276 -0.014081 -0.0138677 -0.0131867 -0.012145 -0.0108609 -0.0094676 -0.00805278 -0.00671152 -0.00548172 -0.00439944 -0.00347679 -0.00269968 -0.00207685 -0.00157469 -0.00118851 -0.000899045 -0.00068047 -0.000530784 -0.00042281 -0.000352525 -0.000308977 -0.000280728 -0.000267069 -0.000258642 -0.000255135 -0.000254663 -0.000254541 -0.000253109 -0.000252589 
0 6.29401e-06 8.58936e-06 1.87256e-05 2.47258e-05 3.68574e-05 5.85896e-05 8.2967e-05 0.000130423 0.000194652 0.000290322 0.000436656 0.000632379 0.000914679 0.00129111 0.00178319 0.00242645 0.00322244 0.0042077 0.00538989 0.00677005 0.00835203 0.0100938 0.0119449 0.0138106 0.01557 0.0170737 0.0181696 0.0187201 0.0185986 0.0177529 0.0161462 0.0138096 0.010845 0.00738571 0.00365599 -8.90958e-05 -0.00359098 -0.00662054 -0.00900433 -0.0106634 -0.011573 -0.011747 -0.0112853 -0.0103028 -0.0089692 -0.00745912 -0.00590873 -0.00440621 -0.00300311 -0.0017509 -0.000670563 0.000231467 0.000991894 0.00164226 0.00222155 0.00272773 0.0031569 0.00355219 0.00393854 0.00431166 0.00465216 0.00497514 0.00528633 0.0056082 0.00591894 0.00620575 0.00648307 0.00676861 0.00704963 0.00731367 0.00756768 0.00781503 0.00807099 0.00831293 0.00853634 0.00875381 0.00898507 0.00919466 0.00938843 0.00958164 0.00977835 0.00995437 0.0101217 0.010284 0.0104428 0.0105895 0.0107244 0.0108508 0.0109761 0.0110902 0.011186 0.0112796 0.011372 0.011446 0.0115041 0.0115679 0.0116214 0.0116531 0.0116793 0.0117104 0.0117201 0.0117146 0.0117117 0.0117039 0.0116718 0.0116354 0.0116006 0.0115517 0.0114856 0.0114198 0.0113499 0.0112655 0.0111712 0.0110729 0.0109718 0.0108599 0.0107369 0.0106074 0.0104852 0.010348 0.0101962 0.0100458 0.00990723 0.00974521 0.00957509 0.0094117 0.00925553 0.00908195 0.00890535 0.0087292 0.00856421 0.00839818 0.00822002 0.00804309 0.00788549 0.00773685 0.00757818 0.00742837 0.0072909 0.00718343 0.00709412 0.00701726 0.00696421 0.0069831 0.00707857 0.00724699 0.00751522 0.00792161 0.0085089 0.00927489 0.0102083 0.0112681 0.0124101 0.0135541 0.014587 0.0153369 0.0156301 0.0153462 0.0143732 0.0126766 0.0102662 0.0072042 0.0036315 -0.000231392 -0.00413645 -0.00783217 -0.0110792 -0.0137323 -0.0156765 -0.0168653 -0.0173174 -0.0170803 -0.0162624 -0.0149942 -0.0134316 -0.0117146 -0.0099779 -0.00832044 -0.00679706 -0.005462 -0.00431188 -0.00335172 -0.00257516 -0.00194903 -0.00147047 -0.00110671 -0.000838045 -0.000651826 -0.000519418 -0.000434231 -0.000379896 -0.000345525 -0.000327555 -0.000317094 -0.000311084 -0.00030894 -0.000310074 -0.000311386 -0.00031471 
0 4.7229e-06 2.06196e-05 2.1911e-05 4.07608e-05 5.85896e-05 7.83163e-05 0.000126301 0.000173477 0.000262551 0.000389554 0.000556833 0.000818973 0.00115303 0.00161482 0.00222693 0.00299037 0.003972 0.0051575 0.00657909 0.00824896 0.0101355 0.0122202 0.0144232 0.0166412 0.018721 0.0205083 0.0218071 0.0224511 0.0223334 0.0213278 0.0194454 0.0167159 0.0132228 0.00917959 0.00481382 0.000415196 -0.00369893 -0.00725972 -0.0100948 -0.0120662 -0.0131447 -0.0133917 -0.0128641 -0.011728 -0.010176 -0.00839122 -0.00653097 -0.00472283 -0.00304341 -0.00151747 -0.000196127 0.000921932 0.0018709 0.00269777 0.00340411 0.00401959 0.00458625 0.00509513 0.00556471 0.00601241 0.00645393 0.00686175 0.00725625 0.00764138 0.00802444 0.00839153 0.00873993 0.00908659 0.00942895 0.00976218 0.010072 0.0103869 0.0106899 0.0109881 0.0112649 0.0115434 0.0118083 0.0120703 0.0123126 0.0125507 0.0127799 0.0130014 0.0132062 0.0134037 0.0135952 0.0137727 0.0139389 0.0140945 0.0142448 0.0143775 0.0145034 0.0146151 0.0147222 0.0148099 0.0148932 0.0149602 0.0150229 0.0150654 0.015105 0.0151273 0.0151451 0.0151429 0.0151387 0.0151173 0.0150905 0.0150452 0.0149984 0.0149351 0.0148648 0.0147791 0.014692 0.0145896 0.0144776 0.0143562 0.0142317 0.0140933 0.0139437 0.013792 0.0136326 0.0134638 0.0132827 0.0131047 0.0129158 0.0127251 0.0125182 0.0123181 0.0121117 0.0119062 0.011681 0.0114685 0.0112581 0.0110456 0.0108199 0.0106053 0.0104057 0.0102089 0.0100058 0.00980544 0.00964706 0.0095047 0.00936738 0.00925147 0.00920591 0.00921693 0.00930461 0.00949806 0.00981833 0.0103011 0.0109855 0.0118941 0.0129767 0.014204 0.0155249 0.0168416 0.0179897 0.018802 0.0190886 0.0186588 0.0174441 0.01538 0.012465 0.00880415 0.00456426 -2.5924e-05 -0.00465634 -0.00902021 -0.0128931 -0.0160405 -0.0183571 -0.0198019 -0.0203542 -0.0201096 -0.0191745 -0.0177057 -0.015878 -0.0138713 -0.011828 -0.00986295 -0.00807659 -0.00647846 -0.0051183 -0.00398275 -0.00304177 -0.00231258 -0.0017315 -0.00129792 -0.000987127 -0.000754303 -0.000606917 -0.000503099 -0.000437134 -0.000401331 -0.000375662 -0.000367897 -0.000364112 -0.000363309 -0.000366991 -0.000369356 -0.000373676 
0 1.45727e-05 1.94038e-05 4.36432e-05 5.76994e-05 8.2967e-05 0.000126301 0.000166714 0.000248934 0.000354378 0.000499945 0.00073126 0.0010229 0.00144197 0.00200226 0.00270671 0.00364186 0.00477762 0.00617169 0.00785648 0.00978565 0.0120064 0.014429 0.0169752 0.0195423 0.0219326 0.0239752 0.0254647 0.0262197 0.0260737 0.0249623 0.0228237 0.0197065 0.0157636 0.011154 0.00620877 0.00122496 -0.00344314 -0.00751563 -0.0107612 -0.0130335 -0.0143296 -0.014615 -0.0140504 -0.0127864 -0.0110283 -0.00898072 -0.0068525 -0.00474725 -0.00273999 -0.00096553 0.000617823 0.00196526 0.00311873 0.00410311 0.00498875 0.00575668 0.00642536 0.0070403 0.00762141 0.00819764 0.00870079 0.00919774 0.00967789 0.0101627 0.0106007 0.0110492 0.0114712 0.0118882 0.0122953 0.0126869 0.013067 0.0134375 0.0138037 0.0141388 0.0144897 0.0148091 0.0151274 0.0154213 0.0157306 0.0159962 0.0162733 0.0165245 0.0167792 0.0170013 0.0172333 0.0174332 0.0176363 0.0178172 0.0179934 0.0181433 0.0182989 0.0184301 0.0185481 0.0186531 0.0187574 0.0188321 0.0188978 0.0189575 0.0190042 0.0190237 0.0190431 0.0190514 0.0190398 0.01901 0.0189839 0.0189352 0.0188722 0.0187976 0.0187225 0.0186182 0.0185141 0.0183925 0.0182681 0.0181181 0.0179772 0.0178047 0.0176407 0.0174539 0.0172721 0.0170568 0.0168651 0.0166406 0.016421 0.016182 0.0159603 0.0157033 0.0154626 0.0152088 0.014954 0.0146915 0.0144347 0.0141711 0.0139089 0.0136604 0.0133869 0.0131454 0.0129081 0.0126854 0.0124425 0.0122598 0.0120954 0.0119777 0.0118811 0.011866 0.0119726 0.0121909 0.012555 0.0131105 0.0139067 0.0148932 0.0161385 0.0175335 0.0190041 0.0204392 0.021679 0.0225039 0.0227142 0.0221593 0.0206568 0.0182043 0.014784 0.0105292 0.00561899 0.000345845 -0.00495834 -0.0100021 -0.0144372 -0.0180903 -0.0207911 -0.0224702 -0.0231502 -0.0229074 -0.0218707 -0.0202213 -0.0181793 -0.0158884 -0.0135765 -0.0113419 -0.00926657 -0.00745837 -0.00587094 -0.00455789 -0.00349342 -0.00262516 -0.00197533 -0.00147055 -0.0010999 -0.000847383 -0.000661206 -0.000548424 -0.000479062 -0.000434564 -0.000419001 -0.000408836 -0.000409086 -0.000415097 -0.000416575 -0.000424716 -0.000428186 
0 1.82755e-05 4.58454e-05 6.23217e-05 9.51696e-05 0.000130423 0.000173477 0.000248934 0.000336025 0.000475213 0.000667096 0.000925899 0.00130023 0.00178371 0.00243887 0.00328469 0.00435071 0.00569051 0.00730328 0.00923292 0.0114626 0.013982 0.0167349 0.0196177 0.0225126 0.0252009 0.0275095 0.0291893 0.0300331 0.0299066 0.028659 0.0262945 0.0228589 0.0184767 0.0133974 0.00792951 0.00240517 -0.00278499 -0.00731348 -0.010962 -0.0135262 -0.0149814 -0.0153664 -0.0147772 -0.0134097 -0.0114772 -0.00919424 -0.00676453 -0.00435764 -0.00208433 -2.0673e-05 0.00182234 0.00341801 0.00479348 0.00599025 0.00701157 0.0079052 0.00873947 0.00949814 0.0101725 0.0108172 0.0114379 0.0120374 0.0126117 0.0131533 0.013675 0.0142063 0.0147094 0.0151873 0.0156584 0.0161184 0.0165606 0.0169983 0.0174094 0.0178031 0.0182046 0.018586 0.0189348 0.0192826 0.0196321 0.0199473 0.0202504 0.0205472 0.0208317 0.0210938 0.0213494 0.0215815 0.0218096 0.0220223 0.0222152 0.0223865 0.0225658 0.0227171 0.0228442 0.0229656 0.0230891 0.02317 0.023241 0.0233138 0.0233696 0.0233848 0.0234085 0.0234235 0.0234083 0.02337 0.0233456 0.0232937 0.0232167 0.0231331 0.0230517 0.0229351 0.0228103 0.022678 0.0225352 0.0223692 0.0222006 0.0220118 0.0218196 0.021616 0.0213949 0.0211579 0.0209332 0.0206867 0.0204163 0.0201531 0.0198927 0.019604 0.0193107 0.0190241 0.0187235 0.0184228 0.01812 0.0178053 0.0174948 0.0172019 0.0168945 0.0165923 0.0163006 0.0160221 0.01577 0.0155414 0.0153138 0.0151484 0.0150686 0.0150521 0.0151366 0.0153772 0.015792 0.0164231 0.0173043 0.0184268 0.0197792 0.0212926 0.0228875 0.0244209 0.0256925 0.026492 0.0266109 0.0258254 0.0240295 0.0211724 0.0172438 0.0124133 0.00688091 0.000940251 -0.00503071 -0.0106779 -0.0156968 -0.0198091 -0.0228671 -0.0248129 -0.0256192 -0.025415 -0.0243201 -0.0225329 -0.0202831 -0.0177628 -0.015187 -0.0126848 -0.0103833 -0.00833087 -0.00656031 -0.00508439 -0.00386382 -0.0029061 -0.00215461 -0.00158983 -0.00118551 -0.000890774 -0.00070184 -0.000574226 -0.000497149 -0.000458291 -0.000435398 -0.000430491 -0.00043215 -0.00043973 -0.000451113 -0.000464283 -0.000477818 
0 2.95685e-05 6.18709e-05 9.75564e-05 0.0001413 0.000194652 0.000262551 0.000354378 0.000475213 0.000645458 0.000878539 0.00119849 0.00163568 0.00221344 0.00297813 0.00395433 0.00518772 0.00671368 0.00855285 0.0107429 0.0132628 0.0161033 0.0191921 0.022411 0.025623 0.0286004 0.0311387 0.0329911 0.0339341 0.033807 0.0324749 0.0299148 0.0261831 0.0214332 0.015924 0.00999658 0.00401531 -0.00161958 -0.00656868 -0.0105721 -0.0134234 -0.0150774 -0.0155482 -0.0149584 -0.0135143 -0.0114317 -0.00893976 -0.00626393 -0.00357188 -0.000997097 0.00134921 0.00346003 0.00531089 0.00691599 0.00831108 0.00952208 0.010585 0.0115516 0.0124294 0.0132294 0.0139903 0.0147004 0.0153865 0.0160519 0.0166799 0.0172734 0.0178746 0.0184504 0.0189959 0.0195258 0.0200415 0.0205447 0.0210369 0.021496 0.0219342 0.022387 0.0228123 0.0232004 0.0235848 0.0239758 0.0243267 0.024662 0.0249885 0.0253056 0.0255972 0.0258777 0.026133 0.0263866 0.0266231 0.0268329 0.0270224 0.0272214 0.0273893 0.027526 0.0276622 0.027799 0.0278885 0.0279642 0.0280483 0.0281094 0.0281262 0.0281517 0.0281727 0.0281544 0.0281129 0.0280872 0.028034 0.0279469 0.0278565 0.0277694 0.0276435 0.0275039 0.0273606 0.0272064 0.0270241 0.0268366 0.026631 0.0264223 0.0261967 0.0259517 0.0256915 0.0254464 0.0251717 0.0248715 0.0245793 0.0242947 0.0239715 0.0236417 0.0233208 0.0229912 0.0226507 0.0223035 0.0219491 0.0216058 0.0212707 0.0209086 0.0205603 0.0202373 0.0199211 0.0196076 0.0193301 0.0190813 0.0188973 0.018783 0.0187472 0.0188421 0.0191119 0.0195789 0.0202833 0.0212469 0.0224565 0.0239236 0.0255589 0.0272431 0.0288209 0.0300831 0.0308023 0.0307682 0.0297611 0.0276366 0.0243505 0.019916 0.0145084 0.00836384 0.00180561 -0.00477941 -0.0110196 -0.0165701 -0.0211484 -0.0245771 -0.0267747 -0.0277352 -0.0275766 -0.026441 -0.0245473 -0.0221356 -0.0194156 -0.0166189 -0.0138896 -0.0113586 -0.00910208 -0.00714492 -0.00550992 -0.00416884 -0.00310447 -0.00228073 -0.00165915 -0.00120857 -0.000890956 -0.00067953 -0.000545948 -0.000469196 -0.00043099 -0.00042234 -0.000427386 -0.000441922 -0.000462011 -0.000477987 -0.000498547 -0.000513591 
0 5.24519e-05 9.55821e-05 0.000159739 0.000216364 0.000290322 0.000389554 0.000499945 0.000667096 0.000878539 0.00116213 0.00155895 0.0020657 0.00275144 0.00363674 0.00475345 0.00617301 0.00789722 0.00997993 0.0124402 0.015253 0.0184117 0.0218238 0.025368 0.0288816 0.0321424 0.0349051 0.0369275 0.037976 0.037849 0.036451 0.0337232 0.0297395 0.0246863 0.0188154 0.012499 0.0061224 9.5152e-05 -0.00523459 -0.0095576 -0.0126754 -0.0145229 -0.015092 -0.0145368 -0.0130495 -0.0108513 -0.00817298 -0.00526301 -0.00230177 0.000557342 0.00317854 0.0055607 0.0076754 0.00952818 0.011126 0.0125207 0.0137503 0.0148595 0.015869 0.0167867 0.0176478 0.018445 0.0192254 0.0199721 0.0206764 0.0213357 0.0220021 0.0226438 0.0232502 0.0238309 0.0243953 0.0249539 0.025489 0.0259916 0.0264681 0.0269621 0.0274204 0.0278463 0.0282578 0.02868 0.0290594 0.0294225 0.0297691 0.0301115 0.0304258 0.0307247 0.0309978 0.0312701 0.0315229 0.0317457 0.0319508 0.032161 0.0323412 0.0324872 0.032635 0.0327772 0.0328768 0.0329575 0.0330486 0.0331117 0.0331359 0.0331616 0.033186 0.0331674 0.0331289 0.0330995 0.0330471 0.0329565 0.0328638 0.032771 0.0326426 0.0324946 0.0323445 0.0321838 0.0319926 0.0317926 0.0315773 0.0313593 0.0311164 0.0308576 0.0305829 0.0303228 0.0300254 0.0297095 0.0293937 0.0290902 0.0287416 0.0283872 0.0280355 0.0276855 0.0273137 0.0269313 0.0265442 0.026172 0.0258027 0.0254014 0.0250138 0.024653 0.0243107 0.023957 0.0236407 0.0233651 0.0231667 0.0230368 0.0230044 0.0231175 0.0234156 0.0239419 0.0247254 0.0257807 0.0270783 0.0286412 0.0303612 0.0320985 0.0336808 0.034891 0.0354867 0.0352442 0.0339693 0.0314806 0.0277523 0.022823 0.0168636 0.0101404 0.00300132 -0.00415967 -0.0109603 -0.0170046 -0.0220257 -0.0258126 -0.0282632 -0.029405 -0.0293243 -0.028193 -0.0262357 -0.0237008 -0.020816 -0.0178259 -0.0148983 -0.0121582 -0.00972156 -0.00759401 -0.00581096 -0.00436145 -0.00319189 -0.00230465 -0.00163257 -0.00114388 -0.000817322 -0.00059107 -0.000463537 -0.00039587 -0.000362034 -0.000368028 -0.000379426 -0.000405296 -0.000439091 -0.000466117 -0.000504046 -0.000533245 
0 7.01547e-05 0.000158246 0.000228614 0.000329093 0.000436656 0.000556833 0.00073126 0.000925899 0.00119849 0.00155895 0.00201195 0.00263865 0.00342641 0.00444171 0.00574102 0.00732516 0.00928503 0.01162 0.0143462 0.0174821 0.0209502 0.0246879 0.0285543 0.0323601 0.0358778 0.0388622 0.0410441 0.042174 0.0420894 0.0406178 0.0377605 0.0335909 0.0282667 0.0221187 0.015486 0.00878598 0.00241878 -0.00321733 -0.00784085 -0.0112218 -0.0132333 -0.013951 -0.0134525 -0.0119549 -0.00968029 -0.00687445 -0.00374414 -0.000533404 0.00256106 0.00547532 0.00811755 0.0104948 0.0125836 0.0144204 0.0159845 0.017365 0.0186309 0.0197811 0.0208081 0.0217318 0.0226371 0.0234957 0.0243187 0.0250639 0.0257981 0.0265079 0.027206 0.0278523 0.0284725 0.0290766 0.0296688 0.0302384 0.030762 0.0312797 0.0317824 0.0322754 0.0327136 0.0331577 0.0335785 0.0339927 0.0343584 0.0347296 0.0350724 0.0354123 0.0357094 0.0360041 0.0362768 0.0365442 0.0367689 0.0369907 0.0371984 0.0373885 0.0375411 0.037697 0.0378361 0.0379463 0.0380331 0.038125 0.0381884 0.0382237 0.0382503 0.038274 0.0382593 0.0382294 0.0381951 0.0381461 0.0380586 0.0379708 0.0378702 0.0377507 0.0375982 0.037453 0.0372839 0.0371024 0.0368886 0.0366839 0.0364525 0.036216 0.0359402 0.0356796 0.0353957 0.0351045 0.034772 0.034462 0.0341317 0.0337886 0.033414 0.0330551 0.0326866 0.0323047 0.0319041 0.0314998 0.0311101 0.0307091 0.0303079 0.0298869 0.0295002 0.0291218 0.0287816 0.0284311 0.0281334 0.0279171 0.0278161 0.027803 0.0279255 0.0282793 0.028879 0.0297495 0.0308783 0.0323004 0.0339225 0.0356996 0.0374708 0.0390214 0.0401226 0.0405529 0.040082 0.0384665 0.035618 0.0314378 0.0260114 0.0195278 0.0122671 0.00458173 -0.00312197 -0.010412 -0.0169524 -0.0223797 -0.0265101 -0.0292455 -0.0305646 -0.0305974 -0.0295069 -0.0275244 -0.0248985 -0.0219048 -0.0187514 -0.0156482 -0.0127555 -0.0101275 -0.00786769 -0.00595709 -0.00438387 -0.00315839 -0.00219158 -0.00148374 -0.000983083 -0.000626484 -0.00041669 -0.000286692 -0.000226938 -0.000223653 -0.00023499 -0.000278135 -0.000325021 -0.000372124 -0.000429984 -0.000473761 -0.000523581 
0 0.000114558 0.000220273 0.000352549 0.000480728 0.000632379 0.000818973 0.0010229 0.00130023 0.00163568 0.0020657 0.00263865 0.00335063 0.00428493 0.00545813 0.00691933 0.00873325 0.0109114 0.0135129 0.0165348 0.0199735 0.0237716 0.0278364 0.0320194 0.0361013 0.0398831 0.0430506 0.0453765 0.0466151 0.0465283 0.0450484 0.0420926 0.0377572 0.0322552 0.0258721 0.0189904 0.0120397 0.00542292 -0.000500196 -0.00536492 -0.00898571 -0.0112223 -0.0120722 -0.0116727 -0.0102066 -0.00790508 -0.00498976 -0.00172657 0.00168175 0.00503747 0.00820103 0.0110969 0.0137228 0.0160534 0.0180679 0.0198417 0.0214055 0.0227869 0.0240241 0.0251635 0.0261983 0.0271582 0.0280667 0.0289314 0.0297489 0.0305156 0.0312538 0.0319733 0.0326595 0.0332972 0.0339206 0.0345292 0.0351073 0.0356503 0.0361773 0.0366876 0.0371776 0.0376378 0.0380764 0.0385038 0.0389141 0.0392937 0.0396548 0.0400071 0.0403388 0.0406432 0.0409335 0.0412117 0.0414679 0.0417017 0.0419222 0.0421276 0.042312 0.0424768 0.0426283 0.0427631 0.0428774 0.0429744 0.0430584 0.0431237 0.0431695 0.0432006 0.0432177 0.0432146 0.0431942 0.0431608 0.043112 0.0430423 0.0429576 0.0428616 0.0427483 0.0426136 0.042467 0.0423113 0.0421347 0.0419368 0.0417331 0.0415196 0.0412807 0.0410251 0.0407681 0.0404968 0.0402023 0.0398947 0.0395837 0.0392611 0.0389215 0.0385616 0.0382016 0.0378418 0.0374623 0.0370566 0.0366645 0.0362782 0.0358742 0.0354524 0.0350463 0.0346639 0.0342925 0.0339155 0.0335701 0.0333113 0.0331204 0.0330085 0.0330291 0.033237 0.0336516 0.034344 0.0353129 0.0365439 0.0380346 0.0397531 0.0415864 0.0433403 0.0448192 0.0457809 0.0459998 0.0452353 0.0433131 0.0400525 0.035418 0.0295235 0.0225289 0.0147646 0.00659531 -0.00158336 -0.00935973 -0.0163131 -0.0221535 -0.0266354 -0.029621 -0.0311686 -0.031324 -0.0303048 -0.0283443 -0.0256819 -0.0226078 -0.0193437 -0.0161122 -0.0130564 -0.0103057 -0.00790385 -0.00587778 -0.00423701 -0.00291798 -0.00192442 -0.00118165 -0.000651936 -0.000314977 -9.38211e-05 9.36809e-06 4.27197e-05 3.09004e-05 -2.58895e-05 -8.96775e-05 -0.000169047 -0.000250721 -0.000324493 -0.000401385 -0.000468311 
0 0.00016485 0.00033979 0.000511231 0.000705362 0.000914679 0.00115303 0.00144197 0.00178371 0.00221344 0.00275144 0.00342641 0.00428493 0.00536235 0.00670669 0.0083756 0.0104033 0.0128439 0.0157283 0.0190503 0.0228146 0.0269352 0.0313139 0.0357976 0.0401529 0.0441626 0.0475314 0.05 0.0513204 0.0512795 0.0497666 0.0467408 0.0423044 0.0366609 0.0301248 0.0230735 0.015929 0.009089 0.00295137 -0.00215095 -0.00599932 -0.00842202 -0.00945835 -0.00920241 -0.00782046 -0.00554461 -0.00259796 0.000790624 0.00436162 0.00789412 0.0112832 0.01441 0.0172659 0.019814 0.0220416 0.0239705 0.0256592 0.0271672 0.0285256 0.0297379 0.0308058 0.0318252 0.0327824 0.0336762 0.0345019 0.0352944 0.0360414 0.0367718 0.0374576 0.0380981 0.0387233 0.0393263 0.0398946 0.0404326 0.0409605 0.0414489 0.0419303 0.0423817 0.0428145 0.0432174 0.0436223 0.0439859 0.0443401 0.0446732 0.0449957 0.0452834 0.0455715 0.0458315 0.0460758 0.0463017 0.0465212 0.0467074 0.0468858 0.0470517 0.0471985 0.0473186 0.0474382 0.0475391 0.0476159 0.0476781 0.0477383 0.047771 0.0477854 0.0477928 0.0477896 0.0477561 0.0477161 0.0476656 0.0475968 0.0475041 0.0474127 0.0472976 0.0471682 0.0470237 0.0468755 0.0466946 0.0465156 0.0463177 0.0461068 0.0458711 0.045646 0.0453871 0.0451221 0.0448416 0.0445596 0.0442485 0.0439429 0.0436109 0.043273 0.0429323 0.0425817 0.0422043 0.0418327 0.0414653 0.0410799 0.0407003 0.0403103 0.0399352 0.0395855 0.0392682 0.0389472 0.0387039 0.0385563 0.0385274 0.0386285 0.0389075 0.0394263 0.0402352 0.0413267 0.042677 0.0442925 0.0460661 0.0479136 0.0496481 0.0510293 0.0518175 0.0517996 0.0507267 0.0484172 0.0447595 0.0396893 0.0333394 0.0259 0.0176848 0.00906802 0.000455911 -0.0077267 -0.0150829 -0.0212773 -0.026077 -0.0293519 -0.0311176 -0.0314505 -0.0305518 -0.0286471 -0.0259909 -0.0228804 -0.0195359 -0.0162025 -0.0130433 -0.0101675 -0.00766639 -0.00554858 -0.00381984 -0.00245926 -0.00141906 -0.000662256 -0.000141951 0.00019594 0.000378728 0.000455566 0.000457956 0.000398062 0.000318076 0.000209281 9.44086e-05 -1.70066e-05 -0.000139555 -0.000242539 -0.00035047 
0 0.000231309 0.000480802 0.000721631 0.000997937 0.00129111 0.00161482 0.00200226 0.00243887 0.00297813 0.00363674 0.00444171 0.00545813 0.00670669 0.00824897 0.0101411 0.0124126 0.0151278 0.0183048 0.0219425 0.0260349 0.030487 0.0351892 0.0399693 0.0445888 0.0488107 0.0523475 0.0549343 0.0563265 0.0563233 0.0548049 0.051745 0.0472435 0.0415126 0.0348737 0.0277064 0.0204339 0.0134432 0.00713374 0.00182682 -0.00224515 -0.00489886 -0.00615473 -0.00608264 -0.00484121 -0.00265131 0.000263393 0.00368001 0.00733879 0.011021 0.0145982 0.0179237 0.020976 0.023705 0.0261034 0.0281947 0.0300214 0.0316196 0.0330377 0.0343062 0.0354261 0.0364733 0.037428 0.0383161 0.0391455 0.0399355 0.0406607 0.0413652 0.0420299 0.0426511 0.0432525 0.0438216 0.044357 0.0448712 0.0453743 0.0458247 0.0462732 0.0466998 0.0471052 0.0474737 0.0478488 0.0481864 0.0485157 0.0488209 0.0491143 0.0493799 0.0496498 0.049885 0.0501038 0.0503172 0.0505229 0.0506869 0.05085 0.0510131 0.0511473 0.0512528 0.0513707 0.0514742 0.051541 0.0516019 0.0516719 0.0517092 0.0517215 0.0517428 0.0517561 0.0517297 0.0517005 0.051676 0.0516263 0.0515476 0.051481 0.051398 0.051291 0.051171 0.0510571 0.0509112 0.0507624 0.0505974 0.0504251 0.0502302 0.0500439 0.0498206 0.0495988 0.0493672 0.0491284 0.0488544 0.0485984 0.0483198 0.0480281 0.04773 0.0474293 0.0471056 0.0467883 0.0464691 0.0461269 0.0458006 0.0454737 0.0451559 0.0448512 0.0445869 0.0443392 0.0441828 0.0441154 0.0441676 0.0443777 0.0447932 0.0454586 0.0464133 0.0476495 0.049132 0.0508644 0.0527213 0.054594 0.0562821 0.0575382 0.0581278 0.0578435 0.0564523 0.053776 0.0497213 0.0442343 0.0374621 0.0296145 0.0210058 0.0120153 0.00303851 -0.00550006 -0.0132096 -0.0197413 -0.0248516 -0.0284059 -0.0304011 -0.0309242 -0.030167 -0.0283584 -0.025755 -0.0226503 -0.019275 -0.0158754 -0.0126354 -0.00966779 -0.00708239 -0.00489574 -0.00310988 -0.0017187 -0.00065737 0.000101175 0.000607337 0.000929078 0.00107758 0.00111732 0.00107372 0.000957096 0.000823318 0.00065338 0.000482611 0.00032106 0.000149669 9.33181e-06 -0.000135354 
0 0.000338361 0.000668108 0.00102843 0.00138974 0.00178319 0.00222693 0.00270671 0.00328469 0.00395433 0.00475345 0.00574102 0.00691933 0.0083756 0.0101411 0.0122633 0.0148185 0.0178177 0.0213073 0.0252804 0.0296998 0.0344809 0.0394947 0.0445542 0.0494113 0.0538433 0.0575266 0.0602212 0.0616929 0.0617002 0.0601918 0.0571084 0.0525627 0.0467981 0.0401067 0.0328766 0.0255141 0.0184225 0.0119476 0.00646078 0.00218112 -0.000735128 -0.0022327 -0.00240619 -0.00137723 0.000643405 0.00347299 0.00683743 0.010511 0.0142877 0.0179754 0.0214538 0.0246591 0.0275538 0.0300732 0.0322971 0.0342282 0.035896 0.0373478 0.0386403 0.0397914 0.0408216 0.0417588 0.0426083 0.043425 0.0441684 0.0448608 0.0455078 0.0461337 0.046709 0.0472665 0.0477812 0.0482632 0.048738 0.0491882 0.0495953 0.0499832 0.0503765 0.0507274 0.0510616 0.0513763 0.0516863 0.0519659 0.0522423 0.0524818 0.052726 0.0529547 0.0531652 0.0533415 0.0535408 0.0537149 0.0538596 0.0539949 0.0541518 0.0542638 0.054359 0.0544647 0.0545696 0.0546243 0.0546877 0.0547594 0.0548059 0.0548175 0.0548566 0.0548818 0.054874 0.0548566 0.0548648 0.0548342 0.054786 0.0547428 0.0547061 0.0546239 0.0545477 0.0544668 0.054379 0.0542604 0.0541519 0.0540205 0.0538931 0.0537441 0.0535867 0.0534132 0.0532559 0.0530649 0.05286 0.0526617 0.0524607 0.052231 0.0519992 0.0517702 0.0515213 0.051282 0.0510287 0.0507725 0.0505136 0.0502832 0.0500431 0.0498349 0.0496468 0.04952 0.04948 0.0495364 0.0497166 0.0500898 0.0506969 0.0515315 0.0526751 0.0540936 0.0557591 0.0576084 0.0595667 0.0614544 0.063073 0.0642034 0.0645894 0.0640256 0.0622918 0.059265 0.0548064 0.0489472 0.0418185 0.0336199 0.0246922 0.0153957 0.00612637 -0.00271459 -0.0106961 -0.0175235 -0.0229163 -0.0267237 -0.028979 -0.0297102 -0.0291298 -0.0274593 -0.0249431 -0.021876 -0.0185073 -0.0150798 -0.0117778 -0.00876484 -0.00610682 -0.00386548 -0.00205358 -0.000618583 0.000433469 0.00118502 0.00167338 0.00193221 0.0020452 0.00201524 0.00190254 0.00173689 0.00152071 0.00130088 0.00106668 0.00083379 0.000618316 0.000403189 0.000210162 
0 0.000451712 0.000928018 0.00138958 0.00189642 0.00242645 0.00299037 0.00364186 0.00435071 0.00518772 0.00617301 0.00732516 0.00873325 0.0104033 0.0124126 0.0148185 0.0176479 0.0209672 0.024783 0.0290932 0.0338486 0.0389627 0.0442731 0.0495908 0.054689 0.0592643 0.0630921 0.0658689 0.0673603 0.0674157 0.0658795 0.0627871 0.058237 0.0524531 0.0457481 0.0385026 0.0310979 0.0239043 0.0173322 0.0116493 0.00713975 0.00396525 0.00215554 0.0016747 0.00241451 0.00420718 0.00681932 0.0100749 0.0136919 0.0174565 0.0211997 0.0247822 0.028095 0.0310792 0.0337409 0.0360449 0.0380325 0.0397409 0.0412407 0.0425239 0.0436416 0.0446451 0.0455448 0.0463488 0.0470838 0.0477773 0.0484025 0.0489881 0.0495263 0.0500476 0.0505307 0.0509783 0.0513861 0.0517974 0.0521817 0.0525235 0.052848 0.0531732 0.0534746 0.0537438 0.054005 0.0542531 0.0544947 0.0547088 0.0549087 0.0551004 0.0552982 0.0554568 0.0556068 0.0557632 0.0559156 0.056023 0.0561431 0.0562686 0.0563711 0.0564437 0.0565452 0.0566327 0.0566916 0.056746 0.056826 0.0568701 0.0568997 0.0569425 0.0569907 0.0569947 0.0570086 0.0570335 0.0570417 0.057017 0.0570184 0.0570122 0.0569831 0.0569397 0.0569182 0.0568751 0.0568193 0.0567544 0.0566976 0.0566264 0.0565468 0.0564491 0.0563593 0.0562694 0.0561562 0.0560278 0.0559138 0.0558005 0.0556547 0.0555101 0.0553694 0.0552347 0.0550776 0.0549228 0.0547668 0.0546415 0.0545049 0.0543743 0.0542833 0.0542555 0.0542683 0.0543549 0.0545843 0.0549705 0.0555501 0.0563488 0.0574378 0.0587957 0.0604284 0.0622939 0.0643177 0.066351 0.0682498 0.0698287 0.0708071 0.0709892 0.0701484 0.0681028 0.0647019 0.0599134 0.0537317 0.0462844 0.0378396 0.0286612 0.0191377 0.00965236 0.00061145 -0.00761588 -0.0146666 -0.0202966 -0.0243832 -0.0268471 -0.0278212 -0.0274357 -0.025909 -0.0235247 -0.0205243 -0.0171911 -0.0137616 -0.0104443 -0.00737953 -0.00469017 -0.00241617 -0.000562917 0.000850682 0.00191187 0.00262963 0.00306386 0.00329522 0.00331983 0.00323301 0.003046 0.00278063 0.00250266 0.00218131 0.00186867 0.00156776 0.00126105 0.000996547 0.000733969 
0 0.000616294 0.00122801 0.00187331 0.00252588 0.00322244 0.003972 0.00477762 0.00569051 0.00671368 0.00789722 0.00928503 0.0109114 0.0128439 0.0151278 0.0178177 0.0209672 0.0246108 0.028763 0.0334161 0.0385067 0.0439298 0.0495326 0.0550942 0.0603768 0.0651076 0.0690111 0.0718298 0.0733414 0.0733712 0.0718257 0.0687237 0.0641647 0.0583856 0.0516958 0.0444399 0.037008 0.0297765 0.023076 0.017228 0.0124856 0.00898015 0.0068181 0.00597516 0.00635084 0.00781217 0.0101658 0.0131763 0.0166272 0.0203275 0.0240578 0.0276707 0.0310353 0.0340897 0.0367922 0.0391656 0.0412231 0.0429567 0.0444108 0.0456648 0.0467812 0.0477297 0.0485451 0.0492609 0.0499346 0.0505434 0.0510886 0.0515698 0.052028 0.0524661 0.0528654 0.0532218 0.0535502 0.0538805 0.0541817 0.0544543 0.0546966 0.054951 0.055179 0.0553902 0.0555726 0.0557679 0.0559431 0.0561068 0.0562433 0.0563949 0.056533 0.0566552 0.056759 0.0568822 0.0569889 0.0570768 0.0571632 0.0572647 0.0573417 0.0574086 0.0574872 0.0575662 0.0576196 0.0576791 0.0577493 0.0578047 0.0578448 0.0579031 0.0579581 0.0579937 0.0580291 0.058083 0.0581172 0.0581404 0.0581721 0.0582139 0.0582275 0.0582434 0.0582647 0.0582904 0.0582873 0.058293 0.0582977 0.0583093 0.0582904 0.05828 0.0582688 0.0582675 0.0582332 0.0582054 0.0581808 0.0581664 0.0581251 0.0580824 0.0580478 0.0580262 0.0579944 0.0579513 0.0579231 0.0579136 0.0579321 0.0579534 0.0580044 0.0581085 0.0583268 0.0586321 0.0590515 0.0596409 0.060477 0.0615667 0.0629148 0.0645374 0.0664183 0.068506 0.0706882 0.072851 0.0747817 0.0762773 0.0771257 0.0771016 0.0759871 0.073643 0.0699495 0.0648406 0.0583954 0.0507335 0.0420871 0.0327702 0.0231236 0.0135136 0.0043404 -0.00402887 -0.0112656 -0.0170993 -0.0213894 -0.0240922 -0.0252756 -0.0250885 -0.0237475 -0.0214951 -0.0185958 -0.0153236 -0.0119131 -0.00858556 -0.00550786 -0.00278695 -0.000492125 0.00135788 0.00278474 0.00381 0.00449106 0.00488611 0.00502832 0.00499625 0.00481375 0.00452507 0.00418292 0.00378073 0.00337732 0.00296694 0.00255983 0.00219022 0.00182267 0.00149724 
0 0.000814037 0.00162277 0.00246467 0.00331217 0.0042077 0.0051575 0.00617169 0.00730328 0.00855285 0.00997993 0.01162 0.0135129 0.0157283 0.0183048 0.0213073 0.024783 0.028763 0.0332619 0.0382551 0.0436699 0.0493927 0.0552464 0.0610109 0.066447 0.0712678 0.0752236 0.0780502 0.079531 0.0795226 0.0779236 0.0747819 0.0702107 0.0644378 0.0577698 0.0505339 0.043091 0.0357992 0.0289872 0.0229519 0.0179497 0.0141132 0.0115559 0.0102736 0.0102044 0.0112533 0.0132282 0.0159339 0.0191538 0.0226794 0.0263028 0.0298813 0.0332419 0.0363142 0.0390642 0.0414595 0.0435149 0.0452457 0.046698 0.0479141 0.048959 0.0498263 0.0505738 0.0512111 0.0517766 0.0522842 0.0527383 0.0531244 0.0534789 0.0538233 0.0541233 0.0543908 0.0546302 0.0548686 0.0550794 0.0552765 0.0554363 0.0556071 0.0557623 0.0559027 0.0560134 0.0561418 0.0562543 0.0563538 0.0564382 0.0565347 0.0566178 0.0566929 0.0567617 0.0568363 0.0569038 0.0569648 0.0570259 0.0570899 0.05715 0.0572052 0.0572665 0.0573265 0.0573846 0.0574423 0.0575072 0.0575667 0.0576283 0.0576931 0.0577611 0.0578233 0.0578911 0.0579629 0.0580329 0.0581 0.0581723 0.0582503 0.058321 0.058391 0.0584655 0.0585498 0.0586165 0.0586867 0.0587645 0.0588517 0.0589099 0.0589832 0.0590628 0.0591469 0.0592036 0.0592811 0.0593565 0.059444 0.0595123 0.0595865 0.0596682 0.0597752 0.0598623 0.0599492 0.060071 0.0602161 0.0603708 0.0605495 0.0607904 0.0610983 0.0615141 0.0620235 0.0626962 0.0635752 0.0646996 0.0660751 0.0677344 0.0696532 0.0718144 0.07416 0.076531 0.0787885 0.08074 0.0821843 0.0829 0.0826857 0.0813219 0.0786954 0.0747192 0.0693711 0.0627405 0.0549437 0.0462158 0.0368445 0.0271618 0.0175281 0.00832539 -0.000105162 -0.0074321 -0.0134042 -0.0178788 -0.0207782 -0.0221769 -0.0221904 -0.0210206 -0.0189152 -0.0161199 -0.0129159 -0.00954423 -0.00622439 -0.00313544 -0.00039729 0.00191773 0.00377464 0.00519372 0.00619641 0.00682866 0.00716074 0.00722204 0.00709485 0.00681313 0.00641624 0.00596658 0.00545607 0.00494383 0.00442781 0.00391559 0.0034447 0.00297981 0.00256352 
