0 0 0 0 0 0 0 0 0 0 0 0 0 0 0 0 0 0 0 0 0 0 0 0 0 0 0 0 0 0 0 0 0 0 0 0 0 0 0 0 0 0 0 0 0 0 0 0 0 0 0 0 0 0 0 0 0 0 0 0 0 0 0 0 0 0 0 0 0 0 0 0 0 0 0 0 0 0 0 0 0 0 0 0 0 0 0 0 0 0 0 0 0 0 0 0 0 0 0 0 0 0 0 0 0 0 0 0 0 0 0 0 0 0 0 0 0 0 0 0 0 0 0 0 0 0 0 0 0 0 0 0 0 0 0 0 0 0 0 0 0 0 0 0 0 0 0 0 0 0 0 0 0 0 0 0 0 0 0 0 0 0 0 0 0 0 0 0 0 0 0 0 0 0 0 0 0 0 0 0 0 0 0 0 0 0 0 0 0 0 0 0 0 0 0 0 0 0 0 0 
0 0.00132464 0.00261113 0.00379455 0.00485437 0.0057448 0.00644029 0.00694299 0.00723096 0.00733442 0.00726705 0.00705696 0.00676372 0.0064189 0.0060899 0.00581623 0.00562524 0.00553632 0.00554112 0.00562922 0.00578037 0.00597702 0.00617303 0.00635733 0.00648403 0.00654154 0.00654845 0.00646859 0.00634884 0.00615884 0.0059086 0.00563226 0.00530803 0.00497181 0.00460603 0.00421694 0.00381111 0.00340933 0.00299678 0.00257922 0.0021607 0.00172707 0.00131862 0.00090578 0.000503281 9.99392e-05 -0.000282365 -0.000653144 -0.00102011 -0.00136861 -0.00171645 -0.0020346 -0.0023382 -0.00263185 -0.00292992 -0.00318853 -0.00344582 -0.00369569 -0.00392146 -0.00414001 -0.00434848 -0.0045479 -0.0047348 -0.0049194 -0.00507291 -0.00523424 -0.00538722 -0.00553844 -0.00566433 -0.00578654 -0.00590827 -0.0060322 -0.00613262 -0.00622894 -0.00633096 -0.00641765 -0.00650084 -0.0065828 -0.00665774 -0.00671836 -0.00679212 -0.00684986 -0.00690427 -0.00695273 -0.00700774 -0.00704507 -0.00708855 -0.00712133 -0.00715916 -0.00718487 -0.00721395 -0.00723364 -0.00726065 -0.00727244 -0.00728951 -0.00730194 -0.00731477 -0.00731471 -0.00732626 -0.00732691 -0.00732585 -0.0073211 -0.00732329 -0.00730898 -0.00730159 -0.0072894 -0.00727686 -0.00725312 -0.00723889 -0.00721225 -0.00718861 -0.00715533 -0.00712753 -0.00708838 -0.00705306 -0.00700349 -0.00696383 -0.00691103 -0.00685597 -0.00679376 -0.00673937 -0.00666326 -0.00659352 -0.0065195 -0.00643374 -0.00633965 -0.00625894 -0.00615958 -0.00604191 -0.0059331 -0.00582498 -0.00570396 -0.00555894 -0.00541902 -0.00527826 -0.00513227 -0.00495333 -0.00478647 -0.00460332 -0.00440836 -0.00420314 -0.00399599 -0.00376356 -0.00352769 -0.00327616 -0.00300018 -0.00273307 -0.00244502 -0.00213649 -0.0018053 -0.00147899 -0.0011262 -0.000764968 -0.000383335 5.97629e-06 0.000406431 0.000823084 0.00124939 0.00169891 0.00212972 0.00257979 0.00303563 0.00349771 0.00396292 0.00442498 0.00488031 0.00534197 0.0058115 0.0062577 0.00672342 0.00717444 0.00764427 0.00813895 0.00862742 0.00914398 0.00965876 0.0101841 0.0107053 0.0111906 0.0116101 0.0119312 0.0121261 0.0121669 0.0120513 0.011751 0.0112915 0.0106889 0.00997646 0.00922345 0.00845181 0.00772501 0.00706584 0.00648836 0.00602241 0.00564604 0.00536656 0.00516195 0.00499991 0.00487484 0.00474702 
0 0.00261113 0.0051129 0.00745986 0.00951666 0.0112631 0.012631 0.0135822 0.0141539 0.0143193 0.0141604 0.013729 0.0131018 0.0124088 0.0117261 0.0111631 0.0107775 0.0105861 0.0105917 0.0107653 0.0110634 0.0114438 0.0118468 0.0121982 0.0124633 0.0125988 0.0126032 0.0124921 0.0122503 0.0118911 0.0114254 0.0108713 0.0102624 0.00961426 0.00891277 0.00816711 0.00740104 0.00660786 0.00581684 0.0050175 0.00418421 0.00337889 0.00258342 0.0017892 0.00101787 0.000240195 -0.000515805 -0.00122197 -0.00191417 -0.00260374 -0.00324317 -0.00386689 -0.00446251 -0.00503192 -0.00558428 -0.00609625 -0.0065793 -0.00704436 -0.00750853 -0.00793175 -0.00832262 -0.00869317 -0.00907526 -0.00940935 -0.00972545 -0.0100505 -0.0103446 -0.0106008 -0.0108645 -0.0111343 -0.0113641 -0.0115795 -0.0117774 -0.0119953 -0.0121864 -0.0123529 -0.0125057 -0.0126863 -0.0128242 -0.0129531 -0.0130836 -0.0132124 -0.0133099 -0.0134166 -0.0135127 -0.0135988 -0.013675 -0.0137495 -0.0138154 -0.013875 -0.0139253 -0.0139717 -0.0140183 -0.0140483 -0.0140771 -0.0141063 -0.0141272 -0.0141324 -0.0141504 -0.0141556 -0.0141503 -0.0141446 -0.0141441 -0.0141206 -0.0141014 -0.0140812 -0.0140513 -0.01401 -0.013975 -0.0139285 -0.0138744 -0.0138161 -0.0137525 -0.0136832 -0.013603 -0.0135165 -0.0134267 -0.0133316 -0.01321 -0.0131018 -0.0129837 -0.0128427 -0.0126856 -0.0125559 -0.0123886 -0.0122075 -0.0120168 -0.0118359 -0.0116283 -0.0114133 -0.0111637 -0.0109279 -0.0106815 -0.0104038 -0.0101102 -0.00981777 -0.00949153 -0.00914609 -0.00881147 -0.0084388 -0.00803514 -0.00760693 -0.00718627 -0.00673147 -0.00624068 -0.00572455 -0.00520282 -0.00463307 -0.00403847 -0.0034278 -0.00277628 -0.0021182 -0.00141763 -0.000668489 8.58516e-05 0.000847256 0.00165819 0.00248026 0.00332555 0.00419188 0.00504859 0.00593876 0.00684244 0.00773438 0.00862419 0.00951434 0.0104105 0.0113156 0.0122171 0.0131043 0.0140048 0.0149322 0.0158845 0.0168737 0.017883 0.0189146 0.0199697 0.0210073 0.0219779 0.0228203 0.0234593 0.0238465 0.0239485 0.0237096 0.0231425 0.0222454 0.0210574 0.0196913 0.0181943 0.0167044 0.0152867 0.013987 0.0128953 0.0119723 0.0112691 0.0107467 0.0103506 0.010084 0.00983756 0.00962412 
0 0.00379455 0.00745986 0.0108412 0.0138449 0.0163568 0.0183019 0.019666 0.0204174 0.0206149 0.0203163 0.0196102 0.0186515 0.0175625 0.0165175 0.0156438 0.0150252 0.0147111 0.0146883 0.0149219 0.0153545 0.0159251 0.0165172 0.0170728 0.0174818 0.0177041 0.0177656 0.0176068 0.0173072 0.0168189 0.0161657 0.0154183 0.0145544 0.0136423 0.0126529 0.0116001 0.0105042 0.0094073 0.0082897 0.00715799 0.00601692 0.00485469 0.00374195 0.00262846 0.0015391 0.000452289 -0.000585655 -0.00158718 -0.00257322 -0.00352002 -0.00445001 -0.00531471 -0.00613926 -0.00693689 -0.00773242 -0.00844327 -0.00913813 -0.00981135 -0.0104349 -0.0110314 -0.0115985 -0.0121424 -0.0126605 -0.0131601 -0.0135962 -0.0140428 -0.0144674 -0.0148783 -0.0152394 -0.0155898 -0.0159317 -0.0162708 -0.016561 -0.0168427 -0.0171275 -0.0173767 -0.0176149 -0.0178512 -0.0180649 -0.0182478 -0.0184517 -0.0186237 -0.0187814 -0.0189264 -0.019079 -0.019196 -0.0193186 -0.0194194 -0.0195257 -0.0196067 -0.0196888 -0.0197521 -0.0198259 -0.0198671 -0.019915 -0.0199536 -0.0199882 -0.0199953 -0.0200232 -0.0200278 -0.0200243 -0.020013 -0.0200126 -0.0199766 -0.0199511 -0.0199158 -0.0198751 -0.0198102 -0.0197614 -0.0196867 -0.0196124 -0.0195186 -0.0194314 -0.01932 -0.0192105 -0.0190728 -0.0189492 -0.0187977 -0.0186353 -0.0184595 -0.0182927 -0.01808 -0.0178732 -0.0176592 -0.0174148 -0.0171498 -0.0169048 -0.0166228 -0.0162993 -0.0159877 -0.0156705 -0.0153253 -0.0149304 -0.014537 -0.0141374 -0.0137221 -0.0132377 -0.0127666 -0.0122641 -0.0117291 -0.0111645 -0.010587 -0.0099598 -0.00931347 -0.00862471 -0.00788243 -0.00714866 -0.00636241 -0.00552368 -0.00463405 -0.00373966 -0.00278839 -0.00180491 -0.000768404 0.000291106 0.00137901 0.00251316 0.00367822 0.00489359 0.00608517 0.00731584 0.00857041 0.00984596 0.0111296 0.0124091 0.0136814 0.0149725 0.0162835 0.0175584 0.0188699 0.0201699 0.0215244 0.0229465 0.0243836 0.0258912 0.0274168 0.0289751 0.030522 0.0319697 0.033229 0.0342028 0.034809 0.0349751 0.0346726 0.0338503 0.0325595 0.0308566 0.028852 0.026715 0.0245477 0.0225065 0.0206675 0.0190861 0.017818 0.0168314 0.0161223 0.0156289 0.0152689 0.014995 0.0147276 
0 0.00485437 0.00951666 0.0138449 0.0176453 0.0208184 0.023259 0.0249125 0.0257994 0.0259343 0.0254309 0.024409 0.0230378 0.0215298 0.0200716 0.0188503 0.0179812 0.0175152 0.0174481 0.0177318 0.0182875 0.0190239 0.0198223 0.0205575 0.021137 0.0214917 0.0216135 0.0215032 0.0211656 0.0206058 0.0198463 0.0189336 0.0179062 0.0168012 0.0156057 0.0143324 0.0130154 0.0116661 0.0103094 0.00893543 0.00752918 0.00614197 0.00478192 0.00343262 0.00210928 0.000791238 -0.000486958 -0.0017004 -0.00288635 -0.00404964 -0.00515699 -0.00621876 -0.00723449 -0.00821345 -0.00916194 -0.0100452 -0.0108852 -0.0116975 -0.0124867 -0.0132256 -0.0139159 -0.0145772 -0.0152331 -0.0158363 -0.016401 -0.0169668 -0.0174962 -0.0179804 -0.0184529 -0.0189212 -0.0193509 -0.0197543 -0.0201283 -0.0205102 -0.0208666 -0.021183 -0.0214821 -0.0217962 -0.022066 -0.0223124 -0.0225602 -0.0227936 -0.0229928 -0.0231896 -0.0233752 -0.0235397 -0.0236907 -0.0238311 -0.0239611 -0.0240758 -0.0241764 -0.0242675 -0.0243553 -0.0244184 -0.0244763 -0.024531 -0.0245709 -0.0245894 -0.0246178 -0.0246284 -0.0246214 -0.0246113 -0.024602 -0.0245631 -0.0245238 -0.0244804 -0.024421 -0.0243438 -0.0242703 -0.024179 -0.0240743 -0.023959 -0.0238358 -0.0236977 -0.0235448 -0.0233773 -0.0232043 -0.0230141 -0.0227954 -0.0225793 -0.0223508 -0.0220855 -0.0218047 -0.0215376 -0.0212273 -0.0208905 -0.0205478 -0.0201973 -0.019809 -0.0194056 -0.0189708 -0.0185312 -0.018065 -0.0175642 -0.0170438 -0.0165094 -0.0159239 -0.0153178 -0.0147062 -0.0140453 -0.0133377 -0.0126004 -0.0118479 -0.0110516 -0.0102001 -0.00930562 -0.00839315 -0.00741843 -0.00639254 -0.00532752 -0.00421699 -0.0030714 -0.00186412 -0.000588072 0.000709869 0.00203519 0.0034253 0.00485298 0.00632292 0.00781583 0.00932266 0.0108766 0.0124598 0.0140415 0.0156267 0.0172187 0.0188341 0.0204729 0.022111 0.0237579 0.0254357 0.0271805 0.0289987 0.0308904 0.0328491 0.0348655 0.0369293 0.0389724 0.0408952 0.0425737 0.0438782 0.0447042 0.0449722 0.0446085 0.0436008 0.0419746 0.0398145 0.0372948 0.0345692 0.031844 0.0292721 0.0269605 0.0250226 0.0234589 0.0222988 0.0214901 0.0209494 0.0206152 0.0203495 0.0201149 
0 0.0057448 0.0112631 0.0163568 0.0208184 0.0245041 0.0272977 0.0291375 0.0300315 0.0300245 0.0292379 0.0278304 0.0260135 0.0240347 0.0221336 0.0205288 0.019365 0.0187102 0.0185628 0.0188653 0.0195267 0.0204289 0.0214269 0.0223744 0.0231476 0.0236687 0.0239169 0.0238874 0.0235909 0.0230334 0.0222415 0.0212684 0.0201572 0.0189442 0.0176307 0.0162289 0.0147732 0.0132892 0.0117914 0.0102732 0.0087305 0.00719557 0.00568879 0.00420206 0.00273645 0.00128741 -0.000117417 -0.00146616 -0.0027826 -0.00406846 -0.00530465 -0.0064842 -0.00761194 -0.00870514 -0.00976414 -0.01076 -0.01171 -0.0126283 -0.0135105 -0.014346 -0.0151378 -0.0159005 -0.0166428 -0.0173389 -0.0179924 -0.0186347 -0.0192506 -0.0198281 -0.0203766 -0.0209079 -0.0214148 -0.0218957 -0.0223433 -0.022781 -0.0231986 -0.0235808 -0.0239438 -0.0243033 -0.0246283 -0.0249277 -0.0252225 -0.0254976 -0.0257435 -0.0259783 -0.026201 -0.0264013 -0.0265853 -0.0267553 -0.0269132 -0.0270532 -0.0271772 -0.0272897 -0.0273937 -0.0274748 -0.0275466 -0.0276115 -0.0276596 -0.0276885 -0.0277181 -0.0277311 -0.0277254 -0.0277134 -0.0276959 -0.0276534 -0.0276041 -0.027548 -0.0274745 -0.0273832 -0.0272887 -0.0271772 -0.0270492 -0.0269081 -0.0267567 -0.0265877 -0.0264017 -0.0261996 -0.0259881 -0.0257554 -0.0254983 -0.0252336 -0.0249541 -0.024641 -0.0243127 -0.0239795 -0.0236106 -0.0232166 -0.022815 -0.0223903 -0.0219283 -0.0214518 -0.020955 -0.0204336 -0.0198764 -0.0192933 -0.0186942 -0.0180686 -0.0173937 -0.0166958 -0.0159794 -0.015219 -0.0144158 -0.0135813 -0.0127165 -0.0118074 -0.0108432 -0.00983529 -0.00880234 -0.00771281 -0.00656113 -0.00536126 -0.00411973 -0.00283188 -0.00148172 -6.77014e-05 0.00138186 0.00287027 0.00442119 0.00602507 0.00767292 0.00934482 0.0110464 0.0127979 0.0145876 0.0163918 0.018206 0.0200374 0.0219034 0.0238007 0.0257126 0.0276534 0.0296475 0.0317346 0.0339278 0.0362217 0.0386134 0.0410896 0.0436263 0.0461473 0.0485282 0.0506191 0.0522662 0.053337 0.0537285 0.0533611 0.0522113 0.0503183 0.0477939 0.044831 0.04164 0.0384509 0.0354559 0.0327978 0.0305865 0.0288543 0.027609 0.0267915 0.0263087 0.0260582 0.025904 0.0257685 
0 0.00644029 0.012631 0.0183019 0.023259 0.0272977 0.0302961 0.0321952 0.0329746 0.032728 0.0315702 0.0297023 0.0273829 0.0248801 0.0224957 0.020469 0.0189748 0.0181009 0.0178464 0.0181472 0.0188995 0.019962 0.021159 0.0223373 0.0233352 0.0240694 0.0245093 0.0246259 0.0244509 0.0239793 0.0232438 0.0223092 0.021212 0.0199942 0.0186703 0.0172531 0.0157676 0.0142611 0.0127266 0.0111679 0.00960276 0.00802464 0.00647876 0.00495654 0.00344526 0.00195885 0.000519071 -0.000881129 -0.00224446 -0.00356459 -0.00485549 -0.00608115 -0.0072586 -0.00840321 -0.00951252 -0.0105616 -0.0115699 -0.0125492 -0.0134804 -0.0143748 -0.0152306 -0.0160596 -0.0168487 -0.0176139 -0.0183332 -0.0190272 -0.0197002 -0.0203492 -0.0209547 -0.0215328 -0.0220992 -0.0226373 -0.0231447 -0.0236233 -0.0240905 -0.0245249 -0.0249422 -0.0253319 -0.0257064 -0.0260492 -0.0263833 -0.0266893 -0.0269792 -0.0272436 -0.0274991 -0.0277283 -0.027943 -0.0281372 -0.0283204 -0.028481 -0.0286278 -0.0287583 -0.0288759 -0.0289737 -0.0290591 -0.029131 -0.029187 -0.0292267 -0.029256 -0.0292702 -0.0292677 -0.0292533 -0.0292266 -0.0291822 -0.0291244 -0.0290545 -0.028969 -0.0288657 -0.0287515 -0.0286207 -0.0284737 -0.0283083 -0.0281325 -0.0279348 -0.0277218 -0.027488 -0.0272439 -0.0269718 -0.0266863 -0.0263774 -0.0260549 -0.0257005 -0.0253371 -0.0249443 -0.0245305 -0.0240882 -0.0236399 -0.0231537 -0.0226375 -0.0221004 -0.0215554 -0.0209692 -0.020343 -0.019702 -0.0190428 -0.018345 -0.0176052 -0.0168496 -0.0160555 -0.0152285 -0.0143615 -0.0134672 -0.0125261 -0.0115514 -0.0105264 -0.00945556 -0.00835209 -0.00720344 -0.00599032 -0.00472143 -0.00342572 -0.00206547 -0.000648827 0.000822188 0.0023421 0.00391053 0.00552905 0.00721416 0.00894856 0.0107026 0.0125128 0.0143672 0.0162661 0.0181993 0.0201498 0.0221315 0.0241635 0.0262414 0.0283516 0.0305261 0.0327754 0.035149 0.0376703 0.0403197 0.0431136 0.0460219 0.0490075 0.0519862 0.0548072 0.0572985 0.0592854 0.0606101 0.0611426 0.060811 0.0595704 0.0574832 0.0546874 0.0513781 0.0478374 0.0442944 0.0409889 0.0380999 0.0357163 0.0339236 0.0326864 0.031952 0.0316182 0.031525 0.031566 0.0316014 
0 0.00694299 0.0135822 0.019666 0.0249125 0.0291375 0.0321952 0.0339909 0.0345602 0.0339534 0.0323383 0.0299505 0.0270523 0.0239935 0.0210784 0.0185914 0.0167382 0.0156118 0.0152229 0.0155078 0.0163408 0.0175503 0.018974 0.0203848 0.021655 0.0226685 0.0233415 0.0237161 0.0237268 0.0234355 0.0228704 0.022055 0.0210887 0.0199705 0.0187436 0.0174182 0.0160339 0.0145917 0.0131343 0.0116519 0.0101392 0.00865181 0.0071571 0.00569353 0.00423423 0.00280677 0.00139571 3.39434e-05 -0.00128511 -0.00259137 -0.00383574 -0.00505244 -0.00622882 -0.00737399 -0.00845635 -0.00952879 -0.01054 -0.0115182 -0.0124834 -0.013402 -0.0142783 -0.0151248 -0.0159553 -0.0167327 -0.0175049 -0.0182361 -0.018946 -0.0196018 -0.0202575 -0.0208909 -0.0214912 -0.0220421 -0.0225909 -0.0231218 -0.0236137 -0.0240836 -0.0245287 -0.0249575 -0.0253574 -0.0257439 -0.026091 -0.0264361 -0.0267476 -0.0270481 -0.027315 -0.0275802 -0.0278078 -0.0280335 -0.0282255 -0.0284129 -0.02857 -0.0287239 -0.0288435 -0.0289636 -0.029054 -0.0291369 -0.0291934 -0.0292495 -0.0292715 -0.0292915 -0.0292875 -0.029276 -0.0292345 -0.0291951 -0.0291244 -0.0290473 -0.0289452 -0.0288397 -0.0287 -0.0285605 -0.0283896 -0.0282132 -0.028006 -0.0277954 -0.0275486 -0.0273018 -0.0270183 -0.0267267 -0.0264042 -0.0260764 -0.0257081 -0.0253336 -0.0249239 -0.0245022 -0.0240549 -0.0235835 -0.0230712 -0.0225553 -0.0220225 -0.0214395 -0.0208288 -0.0202027 -0.0195656 -0.0188763 -0.0181637 -0.0174151 -0.0166599 -0.0158468 -0.0150263 -0.0141654 -0.0132625 -0.012318 -0.011368 -0.0103632 -0.00931105 -0.00824099 -0.0071069 -0.00593815 -0.00472116 -0.00346969 -0.00215092 -0.000808325 0.000609731 0.00207832 0.00359065 0.00515143 0.00676634 0.00844717 0.0101592 0.0119458 0.013756 0.0156323 0.0175605 0.0195218 0.0215232 0.0235785 0.0256937 0.0278652 0.0301309 0.032447 0.0349089 0.0375188 0.0402933 0.0432822 0.0464206 0.0497329 0.0531426 0.0565393 0.059776 0.0626477 0.0649582 0.066532 0.0672312 0.0669454 0.0656771 0.0634593 0.0604614 0.0569286 0.0531118 0.0493388 0.0458278 0.0427885 0.0403627 0.0385709 0.0374413 0.036871 0.0367348 0.0368988 0.0371707 0.0374548 
0 0.00723096 0.0141539 0.0204174 0.0257994 0.0300315 0.0329746 0.0345602 0.0347612 0.0337114 0.0315553 0.0285675 0.0250689 0.0214 0.0179338 0.0149603 0.0127113 0.0113014 0.0107536 0.0109933 0.011893 0.0132701 0.0149061 0.0166131 0.0181902 0.0195255 0.0205435 0.021204 0.0215193 0.0215015 0.0211881 0.0206297 0.0198816 0.0189645 0.0179325 0.0168032 0.0155882 0.0143448 0.0130525 0.011731 0.0104103 0.00906125 0.00771634 0.00639302 0.00506467 0.00376648 0.00249771 0.00123147 -2.24821e-07 -0.00119661 -0.00237994 -0.00352005 -0.0046272 -0.00570884 -0.00675737 -0.00778199 -0.00877655 -0.00974324 -0.0106657 -0.0115623 -0.012446 -0.0133054 -0.0141112 -0.014911 -0.0156847 -0.0164079 -0.0171226 -0.0178302 -0.0184905 -0.019109 -0.0197232 -0.0203168 -0.0208914 -0.0214134 -0.0219205 -0.0224207 -0.0228987 -0.0233229 -0.0237495 -0.0241544 -0.0245288 -0.0248781 -0.0252201 -0.0255294 -0.0258219 -0.0260944 -0.0263473 -0.0265807 -0.0267934 -0.026986 -0.027165 -0.0273235 -0.0274556 -0.0275821 -0.0276873 -0.0277674 -0.0278341 -0.027894 -0.0279187 -0.0279335 -0.027938 -0.0279192 -0.0278741 -0.0278297 -0.0277585 -0.0276647 -0.0275598 -0.027442 -0.0272932 -0.027134 -0.0269583 -0.0267593 -0.0265417 -0.026307 -0.0260515 -0.0257766 -0.0254805 -0.0251603 -0.0248314 -0.0244677 -0.024081 -0.0236841 -0.0232696 -0.0228019 -0.0223322 -0.021846 -0.021331 -0.0207737 -0.0202033 -0.0196071 -0.0190045 -0.0183509 -0.0176624 -0.016968 -0.0162514 -0.0154865 -0.0147074 -0.0139019 -0.013045 -0.0121754 -0.011285 -0.0103595 -0.00938707 -0.00838868 -0.00736096 -0.00630011 -0.0051958 -0.00406836 -0.00289169 -0.00166502 -0.000413543 0.000895707 0.0022484 0.00362928 0.00507727 0.00657996 0.00811737 0.00972687 0.0113816 0.0130752 0.0148432 0.0166564 0.0185255 0.0204679 0.0224534 0.0245103 0.0266448 0.0288582 0.0311764 0.0336201 0.0362211 0.0390157 0.0420382 0.0452818 0.048755 0.0524178 0.0561957 0.0599802 0.0635835 0.0668042 0.0694216 0.0712399 0.0720924 0.0718931 0.0706068 0.0683103 0.0651917 0.0614744 0.0575059 0.0535634 0.0499335 0.0468522 0.0444144 0.0427361 0.0417511 0.0413928 0.0415342 0.0419534 0.0425412 0.0430992 
0 0.00733442 0.0143193 0.0206149 0.0259343 0.0300245 0.032728 0.0339534 0.0337114 0.0321139 0.029349 0.0257167 0.0215536 0.0172543 0.0132022 0.00971787 0.00705765 0.00535084 0.00462521 0.00481842 0.0057792 0.00730463 0.0091851 0.0111767 0.013107 0.01483 0.016229 0.0172964 0.0179775 0.0183223 0.0183659 0.0181315 0.0177022 0.0170857 0.0163446 0.0155013 0.0145781 0.0135856 0.0125452 0.0114706 0.010375 0.0092739 0.00814658 0.00702783 0.0058979 0.00479305 0.00368277 0.00257894 0.00150588 0.000442294 -0.000592294 -0.00162133 -0.0026388 -0.00363265 -0.00457777 -0.00553748 -0.00646192 -0.00736027 -0.00824709 -0.00910963 -0.00995258 -0.0107687 -0.0115557 -0.012321 -0.0130911 -0.0138104 -0.0145115 -0.0151796 -0.0158439 -0.0164832 -0.0170936 -0.0176636 -0.0182392 -0.0187815 -0.0192894 -0.0197914 -0.0202676 -0.0207066 -0.021137 -0.0215567 -0.0219285 -0.0222932 -0.0226391 -0.022965 -0.0232575 -0.023545 -0.023801 -0.0240503 -0.0242631 -0.0244684 -0.0246515 -0.0248214 -0.0249519 -0.0250905 -0.0251972 -0.0252819 -0.025348 -0.0254168 -0.0254363 -0.0254534 -0.025457 -0.0254393 -0.0253848 -0.0253432 -0.0252647 -0.0251662 -0.0250516 -0.0249337 -0.02477 -0.0246061 -0.0244183 -0.0242149 -0.023979 -0.0237402 -0.0234683 -0.0231886 -0.0228725 -0.0225471 -0.0222001 -0.021833 -0.0214271 -0.0210245 -0.0205886 -0.0201198 -0.0196433 -0.0191474 -0.0186022 -0.0180495 -0.0174943 -0.0168842 -0.0162488 -0.0155988 -0.014941 -0.0142405 -0.0135106 -0.0127463 -0.0119923 -0.0111881 -0.0103586 -0.00950938 -0.00863503 -0.00772316 -0.00679913 -0.00584048 -0.00485825 -0.00386219 -0.00280184 -0.00172838 -0.000632621 0.000494438 0.00167339 0.00287725 0.00413263 0.00541592 0.00675195 0.00814102 0.00956428 0.0110481 0.0125732 0.0141775 0.0158323 0.0175465 0.0193212 0.0211666 0.0230847 0.025093 0.0271929 0.0293958 0.0317555 0.0342547 0.0369715 0.0399138 0.0431115 0.0466085 0.0503571 0.0543459 0.0584698 0.0625889 0.066525 0.070047 0.0729232 0.0749452 0.0759368 0.0757958 0.0745176 0.0721693 0.0689577 0.0651424 0.0610469 0.0570138 0.0533223 0.0502224 0.0478539 0.0462853 0.0454942 0.045376 0.0457825 0.0465157 0.0473975 0.0482679 
0 0.00726705 0.0141604 0.0203163 0.0254309 0.0292379 0.0315702 0.0323383 0.0315553 0.029349 0.0259283 0.0216151 0.0167798 0.0118379 0.00719425 0.00319032 9.82441e-05 -0.00193344 -0.00286155 -0.00274666 -0.00174451 -6.87894e-05 0.00204837 0.00435988 0.00667045 0.0088159 0.0106654 0.0121778 0.0133065 0.0140901 0.0145639 0.0147507 0.0147156 0.0144739 0.0140917 0.0136008 0.0130193 0.0123606 0.0116373 0.0108725 0.0100814 0.00926571 0.00840856 0.0075409 0.00665876 0.00578991 0.00490611 0.00400276 0.00311096 0.00222151 0.00134419 0.000459304 -0.000424144 -0.00129145 -0.00213143 -0.00299213 -0.00383794 -0.00465929 -0.00546495 -0.00625566 -0.00704756 -0.00781632 -0.00855336 -0.00927761 -0.0100045 -0.0106849 -0.011353 -0.0120063 -0.0126447 -0.0132512 -0.0138347 -0.014401 -0.0149643 -0.0154862 -0.0159768 -0.0164752 -0.0169465 -0.0173763 -0.0177984 -0.0182152 -0.0185871 -0.0189472 -0.019292 -0.0196176 -0.0199122 -0.0201972 -0.0204573 -0.0207068 -0.0209224 -0.0211272 -0.0213159 -0.0214846 -0.0216188 -0.0217572 -0.0218682 -0.0219504 -0.0220201 -0.0220873 -0.0221086 -0.0221222 -0.0221282 -0.0221062 -0.0220516 -0.0220054 -0.0219272 -0.0218218 -0.0217061 -0.0215826 -0.0214166 -0.0212447 -0.021056 -0.0208456 -0.0206059 -0.0203609 -0.0200879 -0.0198003 -0.0194819 -0.0191539 -0.0188052 -0.0184318 -0.0180266 -0.0176263 -0.0171915 -0.0167197 -0.0162441 -0.0157598 -0.0152241 -0.0146719 -0.0141174 -0.0135285 -0.0129126 -0.0122754 -0.0116244 -0.0109472 -0.0102436 -0.00951054 -0.0087832 -0.00801176 -0.00720966 -0.00639956 -0.00558044 -0.00472235 -0.00384353 -0.00293982 -0.00202657 -0.00109855 -0.000121869 0.000864599 0.00186533 0.00289557 0.00396976 0.00506449 0.00619086 0.00733653 0.00853891 0.00979358 0.0110802 0.0124172 0.0138002 0.0152598 0.0167787 0.0183573 0.0200038 0.0217416 0.0235707 0.0255057 0.0275473 0.0297179 0.0320762 0.0346262 0.0374305 0.0405029 0.0438758 0.0475844 0.0515919 0.0558604 0.0602747 0.0646817 0.0688889 0.072661 0.0757508 0.0779348 0.0790279 0.0789276 0.0776342 0.0752339 0.0719414 0.0680325 0.0638458 0.0597329 0.0559993 0.0529036 0.0505947 0.0491478 0.0485311 0.0486353 0.0492993 0.0503129 0.0514902 0.0526601 
0 0.00705696 0.013729 0.0196102 0.024409 0.0278304 0.0297023 0.0299505 0.0285675 0.0257167 0.0216151 0.0166041 0.0110959 0.00550709 0.000271604 -0.00425378 -0.00778601 -0.0101571 -0.0113049 -0.0112957 -0.0102815 -0.00847736 -0.00615461 -0.00352765 -0.000838349 0.00174138 0.00408492 0.00607508 0.0077123 0.00898992 0.00994565 0.0106187 0.011034 0.0112331 0.0112724 0.0111989 0.0110081 0.0107396 0.0103752 0.00995445 0.00951318 0.00901256 0.0084702 0.00788799 0.00728568 0.00666785 0.00603567 0.00535458 0.00466351 0.00398307 0.00327806 0.00255901 0.00182299 0.00110029 0.000372672 -0.000356444 -0.00110141 -0.00183318 -0.00254355 -0.00325272 -0.00397343 -0.00467745 -0.00533898 -0.00601703 -0.0066851 -0.00732182 -0.00793287 -0.00855711 -0.00915301 -0.00972211 -0.0102681 -0.0108152 -0.0113469 -0.0118381 -0.0123099 -0.0127856 -0.0132398 -0.0136481 -0.014058 -0.0144532 -0.0148221 -0.0151617 -0.0155016 -0.0158119 -0.0161068 -0.0163747 -0.0166373 -0.0168731 -0.0170915 -0.0172848 -0.0174768 -0.0176342 -0.0177744 -0.0179023 -0.0180169 -0.0180921 -0.0181666 -0.0182234 -0.0182515 -0.018258 -0.0182668 -0.0182378 -0.0181902 -0.0181345 -0.0180617 -0.0179507 -0.0178401 -0.0177083 -0.0175509 -0.0173713 -0.01719 -0.0169738 -0.0167428 -0.0164917 -0.0162309 -0.0159369 -0.0156307 -0.0153022 -0.0149666 -0.0145911 -0.0142037 -0.0138056 -0.0133883 -0.0129256 -0.0124651 -0.0119916 -0.0114832 -0.0109474 -0.0104066 -0.00984661 -0.00925893 -0.00864999 -0.00802057 -0.0073866 -0.00671445 -0.00602568 -0.00532951 -0.00461951 -0.00385888 -0.00310336 -0.00234348 -0.00155525 -0.000731405 9.31773e-05 0.000918035 0.00177582 0.00265584 0.00354899 0.00444426 0.00537156 0.00631714 0.00730433 0.00829654 0.00930648 0.0103766 0.01149 0.0126317 0.013814 0.0150612 0.0163655 0.0177585 0.019198 0.0207107 0.0223362 0.0240644 0.0259167 0.0278955 0.0300386 0.0323862 0.0349957 0.0378755 0.0410682 0.0446149 0.0485099 0.052768 0.0572893 0.0619598 0.0666172 0.0710391 0.0750002 0.0782371 0.0805159 0.0816468 0.0815406 0.0801878 0.0777099 0.0743216 0.0702989 0.0660195 0.0618064 0.0580095 0.0548942 0.0526 0.0512403 0.050743 0.0510153 0.051888 0.0531188 0.0545518 0.0559775 
0 0.00676372 0.0131018 0.0186515 0.0230378 0.0260135 0.0273829 0.0270523 0.0250689 0.0215536 0.0167798 0.0110959 0.00492296 -0.00128787 -0.00710579 -0.0121514 -0.0161376 -0.0188633 -0.0202787 -0.0204106 -0.0194272 -0.0175616 -0.0150421 -0.01216 -0.00910382 -0.00608613 -0.00327914 -0.000760164 0.00138981 0.00319552 0.00468247 0.00586707 0.00677688 0.00746303 0.00796371 0.00832932 0.00859522 0.00872115 0.00876099 0.00872878 0.00863172 0.00849425 0.00828169 0.00800409 0.00769584 0.00736217 0.0069646 0.00653123 0.00606482 0.00557265 0.00507025 0.00452279 0.00393989 0.00335327 0.00277535 0.00215866 0.00153229 0.000916824 0.000295938 -0.00033572 -0.000962144 -0.0015741 -0.00218392 -0.00277745 -0.00337946 -0.00396926 -0.00453434 -0.00507261 -0.00562286 -0.00616341 -0.00667141 -0.00715705 -0.00764102 -0.0081129 -0.00855578 -0.00898877 -0.00940204 -0.00980011 -0.0101772 -0.0105489 -0.0108896 -0.0112185 -0.0115292 -0.0118308 -0.0121015 -0.0123625 -0.0126046 -0.0128345 -0.0130351 -0.0132272 -0.013401 -0.0135565 -0.0136872 -0.0138119 -0.0139131 -0.0139932 -0.0140581 -0.0141117 -0.014136 -0.0141469 -0.0141444 -0.0141203 -0.014072 -0.0140169 -0.013939 -0.013839 -0.0137236 -0.0135971 -0.0134411 -0.013272 -0.0130869 -0.0128852 -0.0126551 -0.0124179 -0.0121593 -0.0118837 -0.0115814 -0.0112745 -0.0109416 -0.0105925 -0.0102204 -0.00984218 -0.00943135 -0.00901038 -0.00857445 -0.00811888 -0.00762709 -0.00713735 -0.00664044 -0.00610547 -0.00553625 -0.0049752 -0.00441464 -0.00380643 -0.00317332 -0.00254192 -0.00190709 -0.00123399 -0.000554578 0.000138743 0.000844893 0.00156904 0.00230258 0.00305164 0.00380254 0.00456257 0.00536242 0.00616611 0.00696025 0.0077706 0.00862891 0.00948908 0.0103641 0.0112702 0.0122049 0.0131893 0.0142073 0.0152522 0.0163574 0.0175579 0.0188071 0.0201304 0.0215403 0.0230462 0.0247025 0.0264869 0.0284188 0.030547 0.0329237 0.0355812 0.0385678 0.0418987 0.0455992 0.049718 0.054186 0.0589456 0.0638443 0.0686839 0.0732771 0.077351 0.0806623 0.0829626 0.0840661 0.0838796 0.0824209 0.0798137 0.0762724 0.0721165 0.0676729 0.0633315 0.0594183 0.0561983 0.053879 0.0524905 0.0520405 0.0523912 0.0533526 0.0547488 0.0563237 0.0579529 
0 0.0064189 0.0124088 0.0175625 0.0215298 0.0240347 0.0248801 0.0239935 0.0214 0.0172543 0.0118379 0.00550709 -0.00128787 -0.00809287 -0.0144725 -0.0200296 -0.0244747 -0.0276006 -0.0293115 -0.0296612 -0.0287825 -0.0268977 -0.0242874 -0.0211695 -0.0178093 -0.0144105 -0.0111294 -0.00814167 -0.00545922 -0.00312113 -0.00110602 0.000621505 0.00204882 0.00323539 0.00421816 0.005058 0.00575326 0.00633074 0.00678353 0.00714233 0.00744275 0.00764959 0.00777674 0.0078148 0.00781012 0.00773719 0.00762296 0.00742877 0.00716998 0.0068976 0.00656519 0.00619075 0.00578041 0.00535847 0.00488953 0.00442119 0.00390558 0.00338538 0.00287893 0.00235859 0.00181794 0.0012763 0.000759118 0.00022475 -0.00029188 -0.00080708 -0.00129266 -0.00180909 -0.002295 -0.00275481 -0.00319731 -0.00366458 -0.00409977 -0.00450916 -0.00490793 -0.00530213 -0.00568545 -0.00604081 -0.00638532 -0.00671415 -0.00704119 -0.00733095 -0.00762292 -0.00788889 -0.00815029 -0.00837878 -0.00861348 -0.00881077 -0.00900942 -0.00917711 -0.00934455 -0.00947645 -0.00961279 -0.00971299 -0.00981315 -0.00988188 -0.00994987 -0.00998215 -0.0100175 -0.0100184 -0.0100169 -0.00998402 -0.00995158 -0.00988232 -0.00981506 -0.00971491 -0.00961213 -0.00947635 -0.00934322 -0.00917195 -0.00900311 -0.00880209 -0.00859838 -0.00836044 -0.00812863 -0.00785688 -0.00758529 -0.00728794 -0.00698609 -0.00664555 -0.00631201 -0.00595239 -0.0055802 -0.0051793 -0.00477403 -0.00435561 -0.00392324 -0.003457 -0.00297504 -0.0025071 -0.00200827 -0.00148347 -0.000938816 -0.000406727 0.000161981 0.000729284 0.00132529 0.00191815 0.00255072 0.00317492 0.00379966 0.004441 0.00512281 0.00579223 0.00645649 0.00715953 0.00785284 0.00856733 0.00928417 0.0100234 0.0107715 0.0115603 0.0123303 0.0131288 0.0139783 0.0148595 0.0157792 0.0167253 0.0177438 0.0188209 0.0199913 0.0212195 0.0225448 0.0240024 0.0256031 0.0273575 0.0292815 0.0314331 0.0338478 0.0366159 0.0397184 0.0432079 0.0471163 0.0514176 0.0561208 0.0610792 0.0661499 0.0711462 0.0758229 0.0799495 0.0832577 0.0854945 0.0864894 0.0861544 0.0845073 0.0817064 0.0779617 0.0735855 0.0689421 0.0643814 0.0602722 0.0568807 0.0543945 0.0529022 0.0523564 0.0526541 0.0536093 0.0550053 0.0566507 0.0583662 
0 0.0060899 0.0117261 0.0165175 0.0200716 0.0221336 0.0224957 0.0210784 0.0179338 0.0132022 0.00719425 0.000271604 -0.00710579 -0.0144725 -0.0213916 -0.0274589 -0.0323804 -0.0359196 -0.0379919 -0.0386106 -0.0379114 -0.0361214 -0.0334781 -0.0302487 -0.0266595 -0.0229376 -0.0192741 -0.0158225 -0.0126553 -0.00980718 -0.00727158 -0.00502871 -0.00309586 -0.0014011 7.06496e-05 0.00137612 0.00254396 0.00354412 0.0044199 0.00517932 0.00584163 0.00641264 0.00688375 0.00724276 0.00753448 0.00774172 0.0078622 0.00791289 0.00788219 0.00780925 0.00767518 0.00748256 0.00723306 0.00694917 0.00663199 0.00629096 0.00591078 0.00551631 0.00510889 0.00466889 0.00423657 0.00379995 0.00335468 0.00291043 0.00247295 0.00201658 0.00158924 0.00117242 0.00075455 0.000336396 -6.66242e-05 -0.000453682 -0.000820295 -0.00119379 -0.00156119 -0.00189477 -0.00222312 -0.00254914 -0.0028563 -0.00314475 -0.00343214 -0.00369531 -0.00395207 -0.00419228 -0.00442048 -0.00463094 -0.00483614 -0.00501348 -0.00518894 -0.00534601 -0.00548555 -0.00560785 -0.00573046 -0.00581938 -0.00589997 -0.00597132 -0.00602519 -0.00604993 -0.00608037 -0.00608582 -0.00606996 -0.00604341 -0.00601262 -0.00594513 -0.00587433 -0.00579143 -0.00568775 -0.00556051 -0.00543682 -0.00528352 -0.00511661 -0.00493734 -0.00474716 -0.00452896 -0.0043099 -0.00406725 -0.0038129 -0.00354226 -0.00326062 -0.00295708 -0.00265173 -0.00231779 -0.00197349 -0.00162617 -0.00125943 -0.000861888 -0.000468327 -6.60906e-05 0.000358921 0.000800045 0.00126005 0.00171964 0.00218422 0.00267767 0.0031948 0.00369793 0.0042269 0.00476333 0.00530696 0.0058663 0.00644516 0.00701727 0.00761078 0.00820529 0.00880557 0.00942858 0.0100629 0.0107079 0.0113528 0.0120131 0.0126991 0.0134102 0.0141217 0.0148764 0.0156533 0.0164705 0.0173292 0.0182163 0.0191779 0.0202226 0.021338 0.0225339 0.0238393 0.0252633 0.0268694 0.028637 0.0306035 0.0328312 0.0353527 0.038245 0.0415116 0.045186 0.0492872 0.0538153 0.0587133 0.0638608 0.0690794 0.0741551 0.0788685 0.0829511 0.0861615 0.0882444 0.0890367 0.0884656 0.0865617 0.0834906 0.0794656 0.0748157 0.0698751 0.065026 0.0606244 0.0569379 0.0541924 0.0524368 0.0516711 0.0517735 0.0525541 0.0538395 0.055393 0.0570887 
0 0.00581623 0.0111631 0.0156438 0.0188503 0.0205288 0.020469 0.0185914 0.0149603 0.00971787 0.00319032 -0.00425378 -0.0121514 -0.0200296 -0.0274589 -0.0340265 -0.0394345 -0.0434363 -0.0459279 -0.0469075 -0.0464877 -0.0448851 -0.0423215 -0.0390655 -0.035346 -0.0313974 -0.0274304 -0.0236033 -0.020016 -0.0167121 -0.0137034 -0.0109818 -0.00856537 -0.00639736 -0.00446202 -0.00271375 -0.00111444 0.000307426 0.00159862 0.00275689 0.00379281 0.00471808 0.00551904 0.00619694 0.00678129 0.00726312 0.00764395 0.00794143 0.00813568 0.00826252 0.00831332 0.0082972 0.00822824 0.00810302 0.00792923 0.00771985 0.00746792 0.00718961 0.00689541 0.00656873 0.00624135 0.00589687 0.005531 0.00517315 0.00482363 0.0044571 0.00409839 0.00374154 0.00338919 0.00305157 0.00271149 0.00237542 0.00206211 0.00174648 0.0014324 0.00114836 0.00086469 0.000578682 0.000316809 6.96202e-05 -0.000180231 -0.000412277 -0.000633064 -0.000841192 -0.00103791 -0.00122618 -0.00140207 -0.00155421 -0.00170827 -0.00184924 -0.00196313 -0.00207121 -0.00218092 -0.00225486 -0.00231881 -0.00238723 -0.00242953 -0.00244453 -0.00247147 -0.00247745 -0.00245196 -0.00242823 -0.00240103 -0.00233404 -0.00226371 -0.00219418 -0.0020943 -0.00197425 -0.00186336 -0.0017263 -0.00156655 -0.0014066 -0.00123546 -0.00103606 -0.000833687 -0.00061886 -0.000387884 -0.00014388 0.000112564 0.000383048 0.00065684 0.000955404 0.00126581 0.00157482 0.00190405 0.00225501 0.00259848 0.00296139 0.00334705 0.00372731 0.00411903 0.00453396 0.00495324 0.00538394 0.00582443 0.0062651 0.00673447 0.0072125 0.00768694 0.00817906 0.00868716 0.00919232 0.00972256 0.0102593 0.0108056 0.0113675 0.0119372 0.012523 0.0131307 0.0137513 0.0143976 0.0150671 0.0157455 0.0164708 0.0172236 0.0180214 0.0188686 0.0197561 0.020711 0.0217531 0.0228695 0.0240855 0.0254265 0.0268993 0.0285667 0.0304124 0.0324831 0.0348363 0.0375139 0.0405825 0.0440536 0.0479498 0.0522757 0.0570197 0.0620989 0.0673867 0.0726862 0.0777783 0.0824375 0.086395 0.0894163 0.091252 0.0917553 0.0908611 0.0886198 0.0851996 0.080819 0.0758127 0.070502 0.0652753 0.0604837 0.0563989 0.0532578 0.051109 0.0499686 0.049719 0.0501811 0.0511975 0.0525362 0.0540873 
0 0.00562524 0.0107775 0.0150252 0.0179812 0.019365 0.0189748 0.0167382 0.0127113 0.00705765 9.82441e-05 -0.00778601 -0.0161376 -0.0244747 -0.0323804 -0.0394345 -0.0453274 -0.0498303 -0.0527821 -0.0542028 -0.0541642 -0.0528492 -0.0505076 -0.0473397 -0.0436221 -0.039574 -0.0353993 -0.0313049 -0.0273739 -0.023692 -0.0202848 -0.0171554 -0.0143101 -0.0117235 -0.0093641 -0.00719253 -0.00520842 -0.00337657 -0.00170375 -0.000177382 0.00122066 0.0024808 0.00360955 0.00460929 0.00549371 0.00623518 0.00688546 0.00742268 0.00784922 0.00819863 0.00844692 0.00861887 0.00873143 0.00877736 0.00874075 0.00868654 0.0085776 0.00842615 0.00824231 0.00803297 0.00780869 0.00756075 0.00729703 0.00701994 0.00675074 0.00646275 0.00618499 0.00588536 0.00560537 0.0053319 0.00505217 0.00476429 0.00451052 0.00424923 0.0039831 0.0037432 0.00350595 0.00326697 0.00304215 0.00283724 0.00262344 0.00242991 0.00223791 0.00206907 0.00189789 0.00174066 0.0015881 0.00146809 0.00132998 0.00121482 0.00111833 0.00103251 0.000932136 0.000879103 0.000824206 0.000769063 0.000731856 0.000730625 0.000703461 0.000704893 0.00073038 0.000758469 0.00077824 0.000848251 0.000910314 0.000975627 0.00106324 0.00118011 0.00127287 0.00140009 0.0015424 0.00169038 0.00183523 0.00202079 0.00219794 0.0023915 0.00259155 0.00281574 0.00303715 0.00327918 0.00351981 0.0037884 0.00405526 0.00432948 0.00462333 0.004933 0.00522667 0.00554533 0.00589417 0.00622147 0.00655752 0.0069213 0.00729926 0.00766077 0.00804535 0.00843428 0.00884989 0.00925356 0.00967388 0.0101088 0.0105583 0.0110095 0.0114827 0.0119626 0.0124589 0.0129896 0.0135076 0.0140603 0.0146439 0.0152441 0.0158583 0.0165253 0.0172092 0.0179373 0.0187162 0.0195262 0.0204034 0.02134 0.0223539 0.0234448 0.0246441 0.0259436 0.0273748 0.0289706 0.0307432 0.0327346 0.0349737 0.0375133 0.040397 0.0436886 0.0473861 0.0515158 0.05608 0.0610108 0.0662601 0.0716415 0.0769624 0.0820135 0.08652 0.0902654 0.0929908 0.0944756 0.0945968 0.0932893 0.0906311 0.086787 0.0819831 0.0765379 0.0707871 0.0650922 0.0598145 0.0552368 0.0515712 0.0489196 0.0472659 0.046526 0.0465445 0.0471399 0.0481514 0.0494336 
0 0.00553632 0.0105861 0.0147111 0.0175152 0.0187102 0.0181009 0.0156118 0.0113014 0.00535084 -0.00193344 -0.0101571 -0.0188633 -0.0276006 -0.0359196 -0.0434363 -0.0498303 -0.0548346 -0.0583313 -0.060256 -0.0606925 -0.0598073 -0.0577683 -0.0548482 -0.0512508 -0.0472198 -0.0429942 -0.0387255 -0.0345753 -0.0306169 -0.0268984 -0.0234419 -0.0202585 -0.0173104 -0.0145884 -0.0120779 -0.00972111 -0.00755374 -0.00552329 -0.0036382 -0.00191603 -0.000326463 0.00112541 0.00244063 0.0036106 0.00465652 0.00555032 0.00634814 0.00703268 0.00759214 0.0080545 0.0084339 0.00873613 0.0089395 0.00909112 0.00916837 0.0092111 0.00920469 0.00914556 0.00903559 0.00892917 0.0087989 0.00861263 0.00843337 0.00824908 0.00804389 0.00780895 0.00760733 0.00739583 0.00717488 0.00692788 0.00672098 0.00652256 0.00630422 0.00607502 0.00588609 0.00570137 0.00549848 0.00531153 0.00513974 0.00497623 0.00480482 0.00465367 0.00450719 0.00437784 0.00423414 0.00412186 0.0040124 0.00391013 0.00380304 0.00373892 0.00365636 0.00358687 0.00353355 0.00350361 0.00344742 0.00343235 0.00342348 0.00341651 0.00340954 0.00344831 0.00346442 0.00349768 0.00355007 0.00362046 0.00366792 0.00376014 0.00385308 0.00394957 0.00404967 0.00419048 0.00430939 0.00444942 0.00460148 0.00477251 0.00492796 0.00511524 0.00530522 0.00550946 0.00570582 0.00592759 0.00616079 0.00639831 0.00662502 0.00688315 0.00716171 0.00742136 0.00768546 0.00797541 0.00828479 0.00857618 0.00888135 0.00919118 0.00953244 0.00985454 0.0101947 0.0105499 0.010919 0.0112655 0.0116567 0.0120736 0.0124768 0.0128912 0.0133422 0.0138221 0.014301 0.0148203 0.0153553 0.0159334 0.0165346 0.0171754 0.017842 0.0185736 0.0193592 0.0201706 0.0210576 0.0220113 0.0230449 0.0241587 0.0253785 0.026686 0.0281384 0.0297358 0.031482 0.0334491 0.03563 0.038088 0.0408637 0.043998 0.0475271 0.0514864 0.0558648 0.0606371 0.06577 0.0711114 0.0765362 0.081816 0.0867071 0.0909996 0.0944136 0.0967458 0.0977959 0.097433 0.0956412 0.0924882 0.088146 0.0828521 0.0769087 0.0706418 0.0644208 0.0585806 0.0534139 0.0491476 0.0458645 0.0435976 0.042255 0.0416995 0.0417967 0.0423614 0.0433036 
0 0.00554112 0.0105917 0.0146883 0.0174481 0.0185628 0.0178464 0.0152229 0.0107536 0.00462521 -0.00286155 -0.0113049 -0.0202787 -0.0293115 -0.0379919 -0.0459279 -0.0527821 -0.0583313 -0.0623756 -0.0648922 -0.0659063 -0.0655255 -0.0639612 -0.061382 -0.0580505 -0.0541897 -0.0500145 -0.0457279 -0.041468 -0.037342 -0.0334179 -0.0297388 -0.0262807 -0.0230714 -0.0200646 -0.017253 -0.0146388 -0.0121551 -0.0098268 -0.00763612 -0.00559675 -0.00370434 -0.0019571 -0.000335312 0.0011377 0.0024474 0.00364062 0.00470021 0.00564045 0.0064424 0.00712946 0.00771015 0.00821976 0.00863503 0.00894227 0.00919353 0.00939069 0.00952103 0.00958438 0.00963001 0.00962987 0.00959398 0.00951687 0.00942097 0.00931231 0.00919903 0.00905748 0.00888948 0.00873142 0.00858108 0.00841997 0.00823938 0.00807544 0.00791128 0.00775068 0.00758828 0.00743813 0.00727941 0.00713456 0.00699659 0.00686533 0.00672775 0.00660606 0.00649432 0.00638583 0.0062749 0.00618287 0.00610017 0.00601402 0.00593679 0.00587973 0.00582151 0.00576416 0.00572912 0.00570035 0.00566799 0.00565282 0.0056541 0.00564862 0.005656 0.00568303 0.00570936 0.00573811 0.00579137 0.00584772 0.0059028 0.00597733 0.00606539 0.00614756 0.00624353 0.0063588 0.00647208 0.00658941 0.0067265 0.0068723 0.00701393 0.0071703 0.00733998 0.00751487 0.00768831 0.00788049 0.00807744 0.00827991 0.00848695 0.00871485 0.00893185 0.00915728 0.00940279 0.00966513 0.00989954 0.0101463 0.0104267 0.0107201 0.0109852 0.0112604 0.01157 0.011888 0.0122044 0.0125323 0.0128836 0.0132428 0.0136317 0.0140278 0.0144595 0.0149226 0.015411 0.0159057 0.0164603 0.0170713 0.0177082 0.0183819 0.0191114 0.019912 0.0207627 0.0216915 0.0226763 0.0237614 0.0249456 0.0262158 0.0275839 0.0290862 0.0307335 0.0325304 0.0345225 0.0366906 0.0391206 0.0418347 0.0448631 0.0482667 0.0520576 0.0562652 0.0608775 0.0658566 0.0711013 0.0765129 0.081889 0.0870277 0.0917055 0.0956451 0.0986574 0.100494 0.101002 0.100091 0.0977266 0.0940211 0.0891244 0.0832872 0.0767937 0.0699722 0.0631691 0.0567159 0.0509145 0.0459644 0.042003 0.0390369 0.037014 0.0358298 0.0353294 0.0354077 0.0359388 
