0 0 0 0 0 0 0 0 0 0 0 0 0 0 0 0 0 0 0 0 0 0 0 0 0 0 0 0 0 0 0 0 0 0 0 0 0 0 0 0 0 0 0 0 0 0 0 0 0 0 0 0 0 0 0 0 0 0 0 0 0 0 0 0 0 0 0 0 0 0 0 0 0 0 0 0 0 0 0 0 0 0 0 0 0 0 0 0 0 0 0 0 0 0 0 0 0 0 0 0 0 0 0 0 0 0 0 0 0 0 0 0 0 0 0 0 0 0 0 0 0 0 0 0 0 0 0 0 0 0 0 0 0 0 0 0 0 0 0 0 0 0 0 0 0 0 0 0 0 0 0 0 0 0 0 0 0 0 0 0 0 0 0 0 0 0 0 0 0 0 0 0 0 0 0 0 0 0 0 0 0 0 0 0 0 0 0 0 0 0 0 0 0 0 0 0 0 0 0 0 
0 6.67771e-06 2.23704e-05 2.60132e-05 5.12437e-05 7.36496e-05 0.000106699 0.000160922 0.000218084 0.000308385 0.00041487 0.000553739 0.000729318 0.000938058 0.00119641 0.00148795 0.00182994 0.00219614 0.00258538 0.00297953 0.00333253 0.00364692 0.00385638 0.00395355 0.00391917 0.00371858 0.00338013 0.00289256 0.00228323 0.00159223 0.000866259 0.000149802 -0.000485064 -0.00100182 -0.00139008 -0.00159926 -0.00167131 -0.00159571 -0.00138144 -0.00108677 -0.000729574 -0.000352274 1.48729e-05 0.000359107 0.000692617 0.000988075 0.00124615 0.0014697 0.00166226 0.00184188 0.00200976 0.00217825 0.00232015 0.00245235 0.00259541 0.00273533 0.0028608 0.002994 0.00312592 0.00324031 0.00336559 0.00349115 0.00360794 0.00372066 0.0038356 0.00394677 0.00405745 0.0041609 0.00426309 0.004371 0.00446566 0.00455594 0.00465509 0.00474988 0.00482813 0.00491374 0.0050009 0.00507836 0.00515118 0.00522474 0.00529526 0.00536408 0.00542666 0.00548236 0.00554475 0.0056022 0.0056467 0.00569241 0.00574693 0.00578403 0.0058153 0.00585575 0.00589295 0.00591049 0.00593625 0.00596537 0.00598018 0.00598647 0.00600645 0.00601586 0.00601228 0.00601331 0.00602047 0.00600755 0.0059938 0.00598847 0.00597525 0.00594516 0.00592687 0.00590771 0.00587289 0.00583486 0.00580901 0.0057696 0.00572106 0.00567824 0.00563608 0.00558082 0.00552563 0.00547062 0.00541207 0.00535065 0.00528311 0.00521325 0.00514837 0.00507747 0.00499273 0.00491874 0.00484632 0.00475867 0.00466813 0.00459028 0.00450412 0.00440964 0.00431466 0.0042244 0.00413934 0.00404055 0.00393249 0.00384079 0.00375878 0.00365351 0.00355253 0.00345902 0.00336348 0.00327589 0.0031953 0.00310381 0.00301297 0.00294797 0.00289558 0.00285605 0.00282209 0.00282224 0.00285515 0.00292607 0.00304532 0.00318835 0.00335261 0.00353855 0.00372044 0.00384757 0.00391853 0.0038695 0.00368375 0.00337135 0.00289102 0.00227702 0.00154689 0.000736024 -9.96885e-05 -0.000897072 -0.00162321 -0.00223409 -0.00269416 -0.00301952 -0.00317329 -0.00318831 -0.00307827 -0.00285671 -0.0025787 -0.00225209 -0.00192322 -0.00160071 -0.00130571 -0.0010452 -0.000814423 -0.000632394 -0.000470127 -0.000352776 -0.000259389 -0.000183466 -0.000144725 -0.000100655 -8.46479e-05 -7.22673e-05 -5.59479e-05 -6.31192e-05 -5.17281e-05 -5.73846e-05 
0 2.23704e-05 4.12576e-05 7.28989e-05 0.000110632 0.000155136 0.000228974 0.000319119 0.00044601 0.000623516 0.000839044 0.00112883 0.00148211 0.00190464 0.00242268 0.00300966 0.0036808 0.00442527 0.00519625 0.0059783 0.0067084 0.00730775 0.00774614 0.00793853 0.00784721 0.00748141 0.00678917 0.00583371 0.00464099 0.00326065 0.00182224 0.000399525 -0.000870034 -0.00191422 -0.00265852 -0.00309651 -0.00323259 -0.00306451 -0.00267438 -0.00207709 -0.00136781 -0.000614292 0.000121582 0.000838609 0.00148958 0.00206692 0.0026081 0.00303685 0.0034383 0.00381177 0.00415458 0.00445453 0.00475104 0.00502756 0.00529816 0.00559244 0.00584569 0.00609567 0.00632538 0.00660011 0.00685662 0.00708618 0.00728965 0.00754044 0.0077844 0.00799102 0.00820053 0.0084066 0.00862808 0.00882654 0.00902143 0.00918961 0.0094006 0.00957367 0.00974139 0.00989814 0.0100799 0.0102239 0.0103751 0.0105131 0.0106561 0.0107882 0.010912 0.0110225 0.011142 0.0112569 0.0113408 0.0114361 0.0115342 0.0116149 0.0116692 0.0117558 0.0118179 0.0118641 0.011904 0.0119697 0.0119886 0.0120135 0.0120397 0.0120689 0.0120526 0.0120658 0.0120668 0.0120542 0.0120176 0.0120166 0.01198 0.0119338 0.0118877 0.0118585 0.0117832 0.0117183 0.0116588 0.0115888 0.0114899 0.0114104 0.011324 0.0112189 0.0111106 0.0110016 0.0108899 0.010765 0.0106386 0.0104941 0.0103751 0.0102258 0.010072 0.00991004 0.00977941 0.00959996 0.00943483 0.00925672 0.00909542 0.00891637 0.00874062 0.00853409 0.00835371 0.00818977 0.00799062 0.0077842 0.00758717 0.0074215 0.00722675 0.00703498 0.00682935 0.00667434 0.00649269 0.00631746 0.00616674 0.00602686 0.00590547 0.00582291 0.00577709 0.00575268 0.00584593 0.00598675 0.00620115 0.00648062 0.00681219 0.00717331 0.00752487 0.0078045 0.00790407 0.00780684 0.0074346 0.00678609 0.00583957 0.00461877 0.0031615 0.00153716 -0.000113352 -0.00173402 -0.00317649 -0.00438654 -0.00533417 -0.00595254 -0.00627989 -0.00631729 -0.00609076 -0.00567426 -0.00511572 -0.00446873 -0.00381286 -0.00316971 -0.00257261 -0.00206049 -0.00160471 -0.0012353 -0.000939088 -0.000690281 -0.000515104 -0.000372737 -0.000268358 -0.000206161 -0.000150985 -0.000126719 -0.000114403 -0.00010089 -0.000109744 -0.000110388 
0 2.60132e-05 7.28989e-05 0.000104599 0.000174737 0.000251623 0.000359974 0.000519014 0.000707909 0.000979088 0.00131096 0.00173851 0.00227175 0.0029115 0.003689 0.00457584 0.00559851 0.00670462 0.00787155 0.00904587 0.010116 0.0110427 0.0116817 0.0119788 0.0118763 0.0113064 0.0103062 0.00887797 0.0070927 0.00505982 0.00292263 0.000820102 -0.00105632 -0.00259028 -0.00372452 -0.00436203 -0.00457017 -0.00434309 -0.0037276 -0.00285081 -0.0017933 -0.000670491 0.000433926 0.00148093 0.00247554 0.003366 0.00415211 0.00482888 0.00542219 0.00597076 0.00648063 0.00697285 0.00740691 0.00781378 0.00823442 0.00865095 0.00903231 0.00941992 0.00980016 0.0101563 0.0105253 0.0108853 0.0112249 0.0115618 0.0118999 0.0122218 0.0125398 0.0128423 0.0131441 0.0134484 0.013725 0.0139883 0.0142714 0.0145386 0.0147719 0.0150144 0.0152607 0.0154833 0.0156936 0.0159016 0.0161026 0.0162977 0.0164751 0.0166377 0.0168106 0.0169722 0.0171017 0.0172345 0.0173798 0.0174896 0.0175816 0.0176934 0.0177924 0.0178521 0.0179222 0.0180005 0.018043 0.0180695 0.0181172 0.0181447 0.0181393 0.0181445 0.0181556 0.0181271 0.0180905 0.0180723 0.0180315 0.0179575 0.0179014 0.0178448 0.0177497 0.017649 0.0175678 0.0174596 0.0173265 0.0172055 0.0170822 0.0169308 0.0167745 0.0166189 0.0164534 0.0162782 0.0160884 0.0158924 0.015705 0.0155003 0.0152677 0.015052 0.0148412 0.0145941 0.0143407 0.0141069 0.0138602 0.0135923 0.0133222 0.0130552 0.0128001 0.0125206 0.012219 0.0119427 0.0116859 0.0113932 0.0111013 0.0108211 0.0105396 0.0102823 0.0100335 0.00976763 0.00951178 0.00931321 0.00915075 0.0090291 0.00893976 0.00893636 0.00903923 0.00925202 0.0095904 0.0100078 0.010492 0.0110252 0.0115371 0.011903 0.0120681 0.0118944 0.0113212 0.0103497 0.00890726 0.00706294 0.00487641 0.00245792 -2.83833e-05 -0.00241622 -0.00458115 -0.00640416 -0.0077977 -0.00876391 -0.00924628 -0.00930793 -0.0089939 -0.00836439 -0.00754801 -0.00659757 -0.00562793 -0.0046803 -0.00380797 -0.00303803 -0.00236339 -0.00181764 -0.00135296 -0.00100084 -0.000727846 -0.000514542 -0.000386079 -0.000273243 -0.000218764 -0.000183038 -0.000151571 -0.000160527 -0.000144661 -0.000158365 
0 5.12437e-05 0.000110632 0.000174737 0.00026318 0.00037435 0.000528495 0.000734623 0.00100467 0.00136942 0.00182702 0.00241287 0.00313576 0.00400334 0.00504482 0.00624002 0.00759561 0.0090812 0.0106333 0.0121901 0.0136341 0.0148462 0.0157127 0.0161133 0.0159719 0.0152527 0.0139347 0.0120738 0.00974767 0.00708317 0.00427982 0.00152714 -0.000945855 -0.00297749 -0.00445066 -0.00531326 -0.00558158 -0.00527631 -0.00449468 -0.00333684 -0.00194391 -0.000455804 0.00101941 0.00243898 0.00375431 0.00493868 0.0060033 0.00690755 0.0077182 0.0084647 0.00915162 0.00977958 0.0103665 0.0109203 0.0114692 0.0120234 0.0125344 0.0130293 0.0135075 0.014007 0.0144955 0.0149496 0.0153754 0.0158298 0.0162787 0.0166905 0.0170919 0.0174858 0.0178865 0.0182683 0.0186278 0.0189655 0.0193311 0.0196649 0.0199748 0.020278 0.020593 0.0208743 0.0211471 0.0214073 0.0216648 0.0219093 0.0221351 0.0223443 0.0225594 0.0227618 0.0229287 0.0230998 0.0232736 0.0234178 0.0235359 0.0236758 0.0237927 0.0238796 0.0239634 0.0240602 0.0241123 0.0241562 0.0242058 0.0242438 0.0242391 0.0242505 0.0242536 0.0242278 0.0241818 0.0241584 0.0241019 0.0240216 0.0239451 0.0238733 0.0237557 0.023637 0.023526 0.0233937 0.0232301 0.0230783 0.0229191 0.0227328 0.022537 0.0223393 0.0221326 0.0219085 0.0216728 0.0214236 0.0211872 0.0209218 0.0206379 0.0203545 0.0200868 0.0197739 0.0194586 0.0191425 0.0188302 0.0184966 0.0181546 0.0177943 0.0174543 0.0171155 0.0167409 0.0163636 0.0160032 0.0156534 0.0152818 0.0149096 0.0145366 0.0142048 0.0138642 0.0135248 0.0132143 0.0129436 0.0127178 0.0125536 0.012454 0.012443 0.0125953 0.0128783 0.0133015 0.0138442 0.0144787 0.0151624 0.0158094 0.0162853 0.0164453 0.0161842 0.0154006 0.0140653 0.0121465 0.00968967 0.00678235 0.00357393 0.000284704 -0.00290025 -0.0057708 -0.00818874 -0.0100654 -0.0113359 -0.0120055 -0.0121086 -0.011707 -0.0109134 -0.00984427 -0.00860874 -0.00733506 -0.00608958 -0.00493877 -0.00392649 -0.00304655 -0.00232316 -0.00173313 -0.00126438 -0.000912441 -0.000643668 -0.00045621 -0.00032832 -0.000244304 -0.000198368 -0.000174922 -0.000170114 -0.000176882 -0.000192828 
0 7.36496e-05 0.000155136 0.000251623 0.00037435 0.000532546 0.000739959 0.00101309 0.00137162 0.00183753 0.0024295 0.00317407 0.00409078 0.00519517 0.00650588 0.00801879 0.00972195 0.0115833 0.0135276 0.0154651 0.0172666 0.0187779 0.0198631 0.0203773 0.0202238 0.0193554 0.017752 0.0154764 0.0126296 0.00937593 0.00594551 0.00258611 -0.000443779 -0.00293909 -0.00475406 -0.00583043 -0.00616459 -0.00580028 -0.00484262 -0.00342098 -0.00170813 0.000131443 0.0019692 0.00373879 0.00538498 0.00687886 0.00821 0.00936106 0.010384 0.0113172 0.0121784 0.0129687 0.0137031 0.0143957 0.0150735 0.015744 0.0163797 0.0169901 0.0175824 0.0181805 0.0187644 0.0193186 0.0198482 0.0203857 0.0209139 0.0214131 0.021895 0.0223664 0.0228363 0.0232868 0.0237135 0.0241224 0.0245407 0.0249342 0.025303 0.0256618 0.0260215 0.0263561 0.0266744 0.0269797 0.0272783 0.0275625 0.0278255 0.028074 0.02832 0.028551 0.0287527 0.0289518 0.0291461 0.029315 0.0294615 0.0296152 0.0297486 0.0298562 0.0299561 0.0300573 0.030125 0.0301805 0.0302339 0.030273 0.0302801 0.03029 0.0302893 0.0302635 0.0302198 0.0301831 0.0301201 0.0300355 0.0299479 0.0298566 0.0297308 0.0295976 0.029464 0.0293112 0.0291316 0.0289538 0.0287667 0.0285565 0.0283317 0.0281027 0.0278629 0.0276047 0.0273316 0.027049 0.0267665 0.0264595 0.0261346 0.0258077 0.025483 0.0251254 0.0247584 0.0243892 0.0240175 0.0236248 0.0232201 0.0228059 0.0223991 0.0219841 0.0215436 0.0211013 0.02067 0.0202412 0.0197931 0.019343 0.0189024 0.0184907 0.0180766 0.0176654 0.017285 0.0169545 0.0166853 0.0164856 0.0163702 0.0163724 0.0165538 0.0169083 0.0174301 0.0180967 0.0188697 0.0196882 0.020443 0.0209817 0.0211295 0.0207535 0.0197403 0.0180327 0.015616 0.0125356 0.00891031 0.00492977 0.000846183 -0.00309969 -0.00666625 -0.00967841 -0.0120232 -0.013623 -0.0144826 -0.0146386 -0.0141754 -0.0132273 -0.0119323 -0.0104392 -0.00888474 -0.00736734 -0.0059626 -0.00471708 -0.00364343 -0.00274974 -0.00202677 -0.00145413 -0.00102113 -0.00070162 -0.000475213 -0.000328339 -0.000235569 -0.000186865 -0.000169178 -0.000168115 -0.00018388 -0.000206508 
0 0.000106699 0.000228974 0.000359974 0.000528495 0.000739959 0.0010061 0.0013633 0.00181752 0.00239856 0.00313981 0.0040547 0.00517829 0.00653241 0.00812106 0.00995695 0.012019 0.0142507 0.0165916 0.0189106 0.021055 0.0228777 0.0241712 0.0248048 0.0246619 0.0236491 0.0218003 0.0191427 0.0158136 0.0120229 0.00801139 0.00408797 0.00053628 -0.00238985 -0.00454569 -0.00582147 -0.0062269 -0.00582642 -0.00469894 -0.00304351 -0.00103127 0.00114544 0.00334367 0.00544823 0.00742865 0.00923564 0.0108197 0.0122334 0.0134695 0.0145875 0.0156125 0.0165708 0.0174388 0.0182606 0.0190661 0.0198338 0.0205791 0.0212901 0.0219982 0.0226643 0.0233267 0.0239669 0.0245957 0.0251887 0.0257752 0.02635 0.0268964 0.0274294 0.0279427 0.0284508 0.0289233 0.0293947 0.0298376 0.0302812 0.0306877 0.0310929 0.0314732 0.0318512 0.0321959 0.0325361 0.0328581 0.0331689 0.0334559 0.0337326 0.0339967 0.0342419 0.0344724 0.0346865 0.0348925 0.0350742 0.0352478 0.0354007 0.0355479 0.0356674 0.0357841 0.0358766 0.0359638 0.0360235 0.036083 0.0361147 0.0361422 0.0361443 0.0361451 0.0361164 0.0360858 0.0360309 0.0359715 0.0358846 0.0357967 0.0356848 0.0355652 0.0354227 0.0352768 0.0351092 0.0349296 0.0347335 0.0345296 0.034308 0.0340681 0.033821 0.0335593 0.0332844 0.0329856 0.0326898 0.0323697 0.032043 0.0316886 0.0313427 0.0309677 0.0305902 0.0301823 0.029786 0.0293666 0.0289342 0.0284787 0.0280368 0.0275827 0.0270989 0.0266106 0.0261254 0.0256475 0.0251384 0.0246371 0.024127 0.0236391 0.0231466 0.0226817 0.0222151 0.0217708 0.0213975 0.0210972 0.0208713 0.0207431 0.0207866 0.0209914 0.0214204 0.0220436 0.0228235 0.0237197 0.0246559 0.0254952 0.0260521 0.0261718 0.0256446 0.0243757 0.0222873 0.0193588 0.0156587 0.0113292 0.00660017 0.00173414 -0.00294182 -0.00719536 -0.0107994 -0.0135968 -0.0155467 -0.0166001 -0.0168273 -0.016336 -0.0152531 -0.0137672 -0.0120443 -0.0102319 -0.00846371 -0.00682508 -0.00535803 -0.00410526 -0.00305873 -0.00220628 -0.00155046 -0.0010421 -0.000677098 -0.000430195 -0.000256815 -0.000168683 -0.00012024 -0.000104315 -0.000126695 -0.000146108 -0.000190147 
0 0.000160922 0.000319119 0.000519014 0.000734623 0.00101309 0.0013633 0.00180008 0.00237154 0.00308018 0.00398292 0.00508988 0.0064391 0.00805361 0.00993531 0.0121096 0.0145166 0.0171425 0.0198671 0.0225562 0.0250731 0.0271642 0.0286939 0.0294512 0.0292999 0.0282041 0.0261104 0.0231204 0.0193722 0.0150862 0.0105496 0.00611478 0.00207796 -0.00127538 -0.00371929 -0.00521989 -0.00569872 -0.00525266 -0.00402085 -0.00214716 0.000133586 0.00262581 0.00515757 0.00762375 0.00990944 0.0120008 0.0138667 0.0155114 0.0169703 0.0182804 0.0194762 0.0205427 0.0215511 0.0225016 0.0233993 0.0242637 0.0251062 0.0258889 0.0266453 0.0274134 0.0281421 0.0288318 0.0294947 0.0301562 0.030796 0.031409 0.0319846 0.0325584 0.0331156 0.0336405 0.0341492 0.0346445 0.0351151 0.0355673 0.0360106 0.0364241 0.0368253 0.0372112 0.0375791 0.0379259 0.0382643 0.0385776 0.0388791 0.0391674 0.0394352 0.039683 0.0399272 0.0401499 0.0403492 0.0405422 0.0407244 0.0408787 0.04102 0.0411577 0.041272 0.0413647 0.0414527 0.0415285 0.0415767 0.0416148 0.041647 0.041657 0.0416454 0.0416313 0.0416022 0.0415474 0.0414826 0.0414132 0.0413187 0.0412055 0.0410899 0.0409576 0.0408004 0.0406356 0.0404631 0.0402648 0.0400546 0.0398354 0.0395986 0.0393429 0.0390818 0.0387982 0.0385032 0.0381959 0.037873 0.0375294 0.0371838 0.0368142 0.0364304 0.0360405 0.0356325 0.0351996 0.0347667 0.0343263 0.0338566 0.0333748 0.032883 0.0323975 0.0318918 0.0313592 0.030818 0.0303087 0.0297725 0.0292175 0.0286833 0.0281575 0.0276333 0.0271375 0.0266871 0.0262683 0.0259387 0.0257039 0.0256084 0.0256719 0.0259523 0.0264582 0.0271592 0.0280548 0.0290691 0.0300985 0.0309882 0.0315708 0.0315851 0.0308943 0.0293529 0.0268438 0.0234213 0.0191101 0.0140933 0.00863202 0.00303332 -0.00238222 -0.00729012 -0.0114593 -0.0147424 -0.0170025 -0.0182879 -0.0186119 -0.0181004 -0.0169438 -0.0152852 -0.0133651 -0.0113264 -0.00932721 -0.00746982 -0.00580862 -0.00439295 -0.0032015 -0.00225791 -0.00150911 -0.000948445 -0.000553436 -0.000265416 -0.000106918 -5.057e-06 3.13678e-05 1.56333e-05 -1.5175e-06 -6.77558e-05 -0.000123378 
0 0.000218084 0.00044601 0.000707909 0.00100467 0.00137162 0.00181752 0.00237154 0.00307203 0.003932 0.00501123 0.00632147 0.00790265 0.00979512 0.0119839 0.0144986 0.0172901 0.0202898 0.0234132 0.0264805 0.0293207 0.0317235 0.0334561 0.0343464 0.0342395 0.0330395 0.0307628 0.0274662 0.0233253 0.0186034 0.0136037 0.00870489 0.00423847 0.000520404 -0.00224766 -0.00394006 -0.00452016 -0.00408293 -0.00273192 -0.000687713 0.00182458 0.00459495 0.00744006 0.0101949 0.0127951 0.0151808 0.0172858 0.0191801 0.0208386 0.022309 0.0236402 0.0248627 0.0259771 0.0270208 0.0280064 0.0289261 0.0298263 0.0306793 0.0315181 0.0322915 0.0330366 0.033772 0.0344999 0.0351603 0.0357976 0.0364336 0.0370369 0.0376219 0.0381677 0.0387005 0.0392132 0.039724 0.0401741 0.0406318 0.0410692 0.0414905 0.0418725 0.0422614 0.0426181 0.0429673 0.0432924 0.0435998 0.043894 0.044182 0.0444374 0.0446748 0.044921 0.045136 0.045325 0.0455113 0.0456997 0.0458387 0.0459783 0.0461135 0.0462322 0.0463091 0.0464065 0.0464796 0.0465304 0.0465598 0.0466086 0.0466127 0.0466065 0.0465939 0.046582 0.0465198 0.0464682 0.0464073 0.0463253 0.0462093 0.0461147 0.0459924 0.0458432 0.0456864 0.0455358 0.0453466 0.0451444 0.044943 0.0447214 0.0444796 0.0442263 0.0439637 0.0436789 0.0433941 0.0430714 0.0427503 0.0424157 0.0420706 0.0416799 0.0413114 0.0409129 0.0405044 0.0400682 0.0396283 0.0391646 0.0387133 0.0382258 0.0377059 0.0372025 0.0366942 0.036164 0.0356059 0.0350613 0.0345057 0.0339706 0.0334118 0.0328847 0.0323755 0.0318955 0.0314865 0.031173 0.0309577 0.0308908 0.031035 0.0313657 0.0319649 0.0327927 0.033801 0.034923 0.0360336 0.0369525 0.0374843 0.0374183 0.0365248 0.0346811 0.0317744 0.0278199 0.0229036 0.0172217 0.0110642 0.00475014 -0.00133246 -0.00688087 -0.0116154 -0.0153364 -0.0179651 -0.019466 -0.0199034 -0.0194239 -0.0181882 -0.0164161 -0.0143325 -0.0121031 -0.00991611 -0.00787198 -0.00603505 -0.00447037 -0.00315622 -0.00210481 -0.0012952 -0.000683176 -0.000260428 2.1193e-05 0.00018796 0.000260847 0.000275299 0.000243125 0.0001807 0.000103782 1.25732e-05 
0 0.000308385 0.000623516 0.000979088 0.00136942 0.00183753 0.00239856 0.00308018 0.003932 0.00496756 0.0062458 0.0077885 0.00963543 0.01182 0.0143368 0.0172056 0.0203667 0.0237597 0.027266 0.0307027 0.0338874 0.0365658 0.0385201 0.0395419 0.0394638 0.0382085 0.0357627 0.0322141 0.0277511 0.0226481 0.0172397 0.0119274 0.00706154 0.00297931 -7.22927e-05 -0.00197998 -0.00267688 -0.00226023 -0.000868138 0.0012972 0.00399313 0.00700161 0.0101184 0.0131719 0.0160428 0.0186745 0.0210221 0.0231252 0.0249766 0.0266093 0.028067 0.0293696 0.0305709 0.0316906 0.0327257 0.0336877 0.0346197 0.0354907 0.0363311 0.0371319 0.0378881 0.0386181 0.0393258 0.0399899 0.0406242 0.0412433 0.0418254 0.042395 0.0429266 0.0434328 0.0439284 0.0444137 0.0448439 0.04527 0.0456906 0.0460831 0.0464436 0.0468006 0.0471387 0.0474615 0.0477641 0.0480421 0.048318 0.0485841 0.0488159 0.0490303 0.0492608 0.0494577 0.0496246 0.0497973 0.0499724 0.0500974 0.050221 0.0503515 0.050459 0.0505287 0.0506188 0.0506937 0.050737 0.0507688 0.0508187 0.0508292 0.0508224 0.0508222 0.0508176 0.0507664 0.050724 0.0506834 0.0506135 0.0505143 0.0504396 0.0503415 0.0502094 0.0500764 0.0499544 0.0497904 0.0496125 0.0494401 0.0492529 0.049037 0.0488156 0.0485836 0.0483379 0.0480799 0.0477942 0.0475042 0.0472123 0.0468934 0.0465412 0.0462074 0.0458509 0.0454653 0.0450653 0.0446683 0.0442421 0.043808 0.0433464 0.0428775 0.0424089 0.0419148 0.0413945 0.0408806 0.0403655 0.0398321 0.039309 0.03877 0.038255 0.0377804 0.037347 0.036961 0.0366777 0.0365183 0.036537 0.0367695 0.0372183 0.0379263 0.0388635 0.0399934 0.0412206 0.042398 0.0433305 0.0438162 0.043606 0.0424963 0.0403367 0.0370102 0.0325595 0.0270691 0.0207598 0.0139435 0.00696769 0.000227825 -0.00592149 -0.0111877 -0.0153609 -0.0183223 -0.0200694 -0.020651 -0.0202211 -0.0189717 -0.017113 -0.0148994 -0.0125145 -0.0101545 -0.00794397 -0.00595918 -0.00426566 -0.00285198 -0.00173022 -0.000866049 -0.000228847 0.000205418 0.000489343 0.000636164 0.000691826 0.000675329 0.000603609 0.000507672 0.000381373 0.000249832 
0 0.00041487 0.000839044 0.00131096 0.00182702 0.0024295 0.00313981 0.00398292 0.00501123 0.0062458 0.0077425 0.00953627 0.0116648 0.0141576 0.0170218 0.0202596 0.0238068 0.0275992 0.0314877 0.0352881 0.0388015 0.0417475 0.0439163 0.0450718 0.0450373 0.0437436 0.0411549 0.037387 0.0326391 0.0272025 0.0214429 0.0157687 0.0105536 0.00613742 0.00280206 0.000666045 -0.00018664 0.000163388 0.00154997 0.00378286 0.00660229 0.00978655 0.0131113 0.0164043 0.0195096 0.0223598 0.0249261 0.0272077 0.02922 0.0309771 0.0325324 0.0339039 0.0351672 0.0363261 0.0373739 0.038342 0.0392659 0.0401391 0.0409574 0.0417354 0.042454 0.0431558 0.0438264 0.0444568 0.0450434 0.0456126 0.0461566 0.0466795 0.047164 0.0476154 0.0480707 0.0485022 0.0488919 0.049262 0.0496415 0.0499846 0.0503059 0.0506102 0.0509111 0.0511905 0.0514534 0.0516892 0.0519306 0.0521595 0.0523558 0.052539 0.0527368 0.0529064 0.0530445 0.0531948 0.0533427 0.0534521 0.0535535 0.0536709 0.0537602 0.0538251 0.0539004 0.053973 0.0540087 0.0540452 0.0540893 0.0541092 0.0541053 0.0541186 0.0541192 0.0540886 0.0540587 0.0540405 0.0539878 0.0539181 0.0538653 0.0537989 0.0536956 0.053598 0.053509 0.0533848 0.0532448 0.0531132 0.052972 0.0527993 0.0526244 0.05244 0.0522505 0.0520364 0.0518084 0.0515705 0.0513408 0.0510707 0.0507834 0.0505025 0.0502162 0.0498862 0.0495479 0.0492097 0.0488574 0.0484829 0.0480795 0.0476752 0.0472695 0.0468431 0.0463787 0.0459263 0.045463 0.0449968 0.044526 0.0440503 0.0435868 0.0431747 0.0428133 0.0424995 0.042299 0.0422415 0.0423838 0.0427362 0.0433339 0.0441822 0.0452673 0.0465407 0.0478785 0.0491149 0.0500437 0.0504615 0.0500982 0.0487673 0.0462866 0.0425504 0.0376108 0.031569 0.0246727 0.0172462 0.00966756 0.00232817 -0.0043776 -0.0101448 -0.0147528 -0.0180485 -0.0200472 -0.0207897 -0.020434 -0.0191983 -0.0172932 -0.0149893 -0.0124928 -0.0100013 -0.00765787 -0.00555378 -0.00374891 -0.0022504 -0.00106807 -0.000159717 0.000491147 0.000923922 0.00119088 0.0013006 0.00131794 0.00125246 0.00112865 0.000986754 0.000806866 0.000629419 
0 0.000553739 0.00112883 0.00173851 0.00241287 0.00317407 0.0040547 0.00508988 0.00632147 0.0077885 0.00953627 0.011615 0.0140435 0.0168741 0.0201029 0.023709 0.027668 0.0318381 0.0361119 0.0402767 0.0440785 0.0473106 0.049662 0.0509427 0.0509739 0.0496281 0.0469396 0.0429855 0.0379926 0.0322726 0.0262142 0.0202081 0.0146694 0.00995299 0.00629932 0.0039376 0.00288475 0.00309535 0.00442796 0.00664578 0.00951642 0.0128029 0.0162909 0.0197407 0.0230439 0.0260782 0.0288038 0.0312413 0.0333806 0.0352317 0.0368316 0.0382674 0.0395382 0.040692 0.0417294 0.0426683 0.0435356 0.0443682 0.0451574 0.0458543 0.0465054 0.0471421 0.0477678 0.0483165 0.0488273 0.0493218 0.0498106 0.0502576 0.0506636 0.0510508 0.051435 0.0518002 0.0521186 0.0524295 0.0527328 0.0530237 0.0532761 0.0535255 0.0537609 0.0539926 0.0541919 0.0543835 0.0545692 0.0547519 0.0549003 0.0550468 0.0551964 0.0553293 0.055436 0.0555522 0.0556652 0.0557519 0.0558324 0.0559219 0.055995 0.0560486 0.0561113 0.0561691 0.0562063 0.05624 0.0562823 0.0563046 0.0563159 0.0563345 0.0563475 0.056337 0.0563308 0.0563289 0.0563054 0.05627 0.0562463 0.0562129 0.0561529 0.0560987 0.0560473 0.0559756 0.0558844 0.0558066 0.0557159 0.0556088 0.0554853 0.0553716 0.0552409 0.0550992 0.0549327 0.0547777 0.0546099 0.0544239 0.0542104 0.0540101 0.0537992 0.0535645 0.0533064 0.0530447 0.0527856 0.0525069 0.0521994 0.0518659 0.0515568 0.0512328 0.0508771 0.0504873 0.0501277 0.0497694 0.0493907 0.0490039 0.0486542 0.0483502 0.0480847 0.0479131 0.0478409 0.0479348 0.0482357 0.0487815 0.0495493 0.0505781 0.051854 0.0532727 0.0547318 0.05603 0.0569589 0.0572769 0.0567805 0.0552081 0.0524028 0.0482993 0.0428849 0.0363505 0.028929 0.0209588 0.012832 0.00497058 -0.00224888 -0.00848511 -0.0134735 -0.0171235 -0.0193552 -0.0202752 -0.0200399 -0.0188267 -0.0169311 -0.0145662 -0.011986 -0.00939899 -0.00694239 -0.00474223 -0.00284725 -0.00128857 -5.67942e-05 0.000863902 0.00151541 0.00193573 0.00215654 0.00223926 0.00219386 0.00207123 0.00189726 0.00167285 0.00144672 0.00119695 
0 0.000729318 0.00148211 0.00227175 0.00313576 0.00409078 0.00517829 0.0064391 0.00790265 0.00963543 0.0116648 0.0140435 0.0168195 0.0199966 0.02361 0.0276154 0.0319524 0.0365331 0.0411637 0.045663 0.0497783 0.053227 0.0557753 0.0571667 0.0572257 0.0558656 0.0530677 0.0489572 0.0437626 0.037803 0.0314679 0.0251789 0.0193365 0.01429 0.0103581 0.00770453 0.00640856 0.00644063 0.00761202 0.00973374 0.0125751 0.0158862 0.0194317 0.0230208 0.0264383 0.0295855 0.0324526 0.0349834 0.0372093 0.0391302 0.0407751 0.0421834 0.043443 0.0445651 0.0455461 0.0464254 0.0472262 0.0479766 0.0486426 0.0492765 0.0498565 0.0503953 0.0508854 0.0513622 0.0517946 0.0521915 0.0525737 0.0529267 0.0532566 0.0535535 0.0538507 0.0541151 0.0543719 0.0545908 0.0548208 0.0550236 0.0552176 0.0553814 0.0555585 0.0557123 0.0558548 0.0559816 0.0561133 0.0562293 0.0563326 0.0564312 0.0565265 0.0566147 0.0566877 0.0567655 0.0568334 0.0568999 0.0569516 0.0570143 0.0570607 0.0571114 0.0571498 0.0571991 0.0572288 0.0572698 0.0572979 0.0573334 0.0573523 0.0573856 0.0574019 0.0574246 0.0574363 0.0574585 0.0574616 0.0574721 0.0574752 0.0574809 0.0574705 0.0574656 0.0574563 0.0574409 0.0574144 0.0573885 0.057364 0.0573215 0.0572743 0.0572237 0.0571788 0.0571019 0.0570317 0.056952 0.056877 0.0567653 0.0566662 0.0565506 0.0564406 0.0562936 0.0561499 0.0560022 0.0558525 0.055661 0.0554652 0.0552881 0.055087 0.054859 0.0546156 0.0543919 0.0541502 0.0539164 0.0536621 0.0534247 0.0532065 0.0530586 0.0529781 0.0529569 0.0530614 0.0533631 0.0538936 0.0546454 0.0556711 0.0569171 0.0583795 0.0599928 0.0615807 0.0629454 0.0638759 0.0641276 0.0634515 0.0616644 0.0585633 0.0540868 0.0482873 0.0413098 0.0334322 0.0249982 0.0164095 0.00807709 0.000423231 -0.00621317 -0.0115818 -0.0155136 -0.0180033 -0.0191125 -0.018985 -0.0178645 -0.0159758 -0.0135879 -0.0109626 -0.00828786 -0.00575596 -0.00347908 -0.00151562 8.5707e-05 0.00134194 0.00227303 0.00290597 0.00329542 0.00347771 0.00349293 0.00339129 0.00319522 0.00293882 0.00265147 0.0023356 0.0020177 
0 0.000938058 0.00190464 0.0029115 0.00400334 0.00519517 0.00653241 0.00805361 0.00979512 0.01182 0.0141576 0.0168741 0.0199966 0.0235537 0.0275589 0.0319567 0.0367106 0.0416634 0.0466559 0.0514781 0.0558387 0.0595146 0.0622018 0.06368 0.0637795 0.062371 0.0594846 0.0552269 0.0498386 0.0436559 0.0370869 0.0305251 0.0243994 0.019062 0.0147898 0.011832 0.0102277 0.00997834 0.0109306 0.0128744 0.0155914 0.018829 0.022367 0.0259592 0.0294412 0.0326725 0.0356103 0.0382078 0.0404804 0.0424165 0.044041 0.0454546 0.0466628 0.0477094 0.0486107 0.0493978 0.0500808 0.0507324 0.0513144 0.0518137 0.0522637 0.052686 0.0530916 0.0534447 0.0537524 0.0540328 0.0543249 0.0545665 0.0547859 0.0549866 0.0551818 0.0553506 0.0555133 0.0556492 0.0557793 0.0559061 0.0560125 0.056106 0.0561992 0.0562855 0.056351 0.0564245 0.056484 0.0565394 0.0565871 0.0566421 0.0566745 0.0567186 0.0567555 0.0567926 0.0568152 0.0568571 0.0568836 0.0569131 0.056938 0.0569781 0.0569996 0.0570319 0.0570621 0.0571014 0.0571243 0.0571643 0.0571996 0.0572394 0.0572678 0.0573166 0.0573537 0.0573945 0.057431 0.0574844 0.0575182 0.0575626 0.0576049 0.0576528 0.0576838 0.0577323 0.0577684 0.0578057 0.0578389 0.0578791 0.0578995 0.0579314 0.0579598 0.0579759 0.0579874 0.0580082 0.0580162 0.0580127 0.0580141 0.0580025 0.0579963 0.0579776 0.0579463 0.0579021 0.0578853 0.0578368 0.0577744 0.057702 0.057646 0.0575801 0.0574985 0.0573897 0.0573042 0.0572419 0.0571529 0.057086 0.0570581 0.0570892 0.0571881 0.0574106 0.0577532 0.0583064 0.0590949 0.0601265 0.0614118 0.062929 0.0646533 0.0664611 0.0682002 0.0696404 0.0705732 0.0707402 0.0699409 0.0679406 0.0645671 0.0597926 0.0536242 0.0462836 0.038035 0.0292249 0.020266 0.0115753 0.00355565 -0.00342666 -0.00909487 -0.0133196 -0.0160205 -0.0173066 -0.017318 -0.0162616 -0.014429 -0.0120403 -0.00938647 -0.00667291 -0.00407386 -0.00173855 0.000279247 0.00191932 0.00319613 0.00412174 0.00473221 0.00508062 0.00519758 0.00514897 0.00496106 0.00468028 0.00434204 0.00395766 0.00356571 0.00316009 
0 0.00119641 0.00242268 0.003689 0.00504482 0.00650588 0.00812106 0.00993531 0.0119839 0.0143368 0.0170218 0.0201029 0.02361 0.0275589 0.0319651 0.0367638 0.0419007 0.0472175 0.0525355 0.0576397 0.062232 0.0660787 0.0688794 0.0704089 0.0705026 0.0690354 0.0660472 0.0616498 0.0560923 0.0497155 0.0429174 0.0361003 0.0296812 0.0240193 0.0194046 0.016088 0.0141259 0.0135311 0.014163 0.0158239 0.0183211 0.0213965 0.0248338 0.0283843 0.0318543 0.0350968 0.0380548 0.0406714 0.0429509 0.0448885 0.0464882 0.0478416 0.0489657 0.0499162 0.0507176 0.0513953 0.0519633 0.0524743 0.0529112 0.0532877 0.0536327 0.0539212 0.0541801 0.0544106 0.0546138 0.0547824 0.0549476 0.0550722 0.0551904 0.055297 0.0553809 0.0554468 0.0555189 0.055569 0.0556039 0.055644 0.0556688 0.0556873 0.055703 0.0557123 0.0557092 0.0557228 0.0557162 0.0557055 0.0557037 0.0557092 0.0556855 0.0556816 0.0556854 0.0556796 0.0556623 0.0556756 0.0556792 0.0556762 0.0556816 0.055708 0.0557154 0.0557316 0.0557616 0.0557978 0.0558187 0.0558622 0.0559123 0.0559586 0.0560016 0.0560731 0.0561358 0.0561952 0.0562664 0.0563579 0.0564257 0.0565063 0.0566027 0.0566988 0.0567754 0.0568817 0.0569852 0.0570804 0.0571765 0.0572926 0.0573898 0.0574956 0.0576031 0.0577079 0.0578103 0.0579234 0.0580203 0.0581207 0.0582325 0.0583283 0.0584219 0.0585232 0.0586204 0.0587052 0.0588054 0.0588829 0.0589686 0.059057 0.0591408 0.0592088 0.059294 0.0593686 0.0594584 0.0595642 0.0596628 0.0597953 0.0599842 0.0602449 0.0605898 0.0610667 0.0616839 0.0625381 0.0636392 0.0649937 0.0665996 0.0684173 0.0703999 0.0724285 0.0743261 0.075856 0.076807 0.0769093 0.0759736 0.0737806 0.070176 0.0651418 0.0587086 0.0510948 0.0425725 0.0334931 0.0242599 0.0152993 0.00701136 -0.000230169 -0.00614361 -0.0105913 -0.0134903 -0.0149438 -0.0150843 -0.0141217 -0.0123373 -0.0099598 -0.0072844 -0.00452352 -0.00187124 0.000521031 0.00258338 0.00425009 0.00553608 0.00644774 0.00702713 0.00732754 0.0073823 0.00726025 0.00698881 0.0066175 0.00618318 0.00570047 0.00520934 0.00470657 
0 0.00148795 0.00300966 0.00457584 0.00624002 0.00801879 0.00995695 0.0121096 0.0144986 0.0172056 0.0202596 0.023709 0.0276154 0.0319567 0.0367638 0.041969 0.0474622 0.0531347 0.0587425 0.0640765 0.0688641 0.0728084 0.075678 0.0772127 0.0772537 0.0757099 0.0725936 0.0680455 0.0623113 0.0557456 0.0487182 0.0416631 0.0349626 0.0289625 0.0240002 0.0202654 0.0178835 0.0168653 0.017089 0.0183851 0.0205696 0.0233945 0.026619 0.0300467 0.0334253 0.0366283 0.0395716 0.0421728 0.0444231 0.0463217 0.0478906 0.0491647 0.0502118 0.0510549 0.0517401 0.0522863 0.0527362 0.0531123 0.0534 0.0536493 0.0538623 0.0540243 0.054138 0.0542536 0.0543347 0.0543931 0.0544305 0.0544485 0.0544636 0.0544717 0.054452 0.0544188 0.054406 0.0543681 0.0543223 0.0542718 0.0542283 0.0541707 0.0541224 0.0540526 0.0539962 0.0539468 0.0538877 0.0538129 0.0537715 0.0537264 0.0536603 0.0536099 0.0535852 0.0535406 0.053493 0.053477 0.0534612 0.0534322 0.0534212 0.0534328 0.05343 0.0534348 0.0534621 0.0534955 0.0535174 0.0535645 0.0536248 0.053679 0.0537371 0.0538263 0.0539109 0.0539894 0.0540921 0.0542132 0.054315 0.0544276 0.0545727 0.0547078 0.0548321 0.0549848 0.0551531 0.0552964 0.0554564 0.0556336 0.0558099 0.0559756 0.0561636 0.0563443 0.0565396 0.0567295 0.0569214 0.0571144 0.0573328 0.0575287 0.057729 0.057944 0.058162 0.0583744 0.0585946 0.0588112 0.059033 0.0592791 0.0595026 0.0597323 0.0599818 0.0602455 0.0605021 0.0607925 0.0611053 0.0614596 0.0618745 0.0623729 0.0629956 0.0637506 0.0646969 0.0658822 0.0673262 0.0690195 0.0709802 0.0731304 0.0753948 0.0776719 0.0797257 0.0813497 0.0823145 0.0823741 0.0813152 0.0789701 0.0751861 0.0699349 0.0633208 0.0555085 0.0468122 0.0375753 0.0281845 0.0190633 0.0106122 0.00320258 -0.00289775 -0.00749505 -0.0105586 -0.0121412 -0.0123739 -0.0115049 -0.00974704 -0.00739022 -0.00470138 -0.0018919 0.000802334 0.00325894 0.00537166 0.00707759 0.00838607 0.00929673 0.00985321 0.010106 0.0101012 0.00989422 0.00953647 0.00906748 0.00852686 0.00794964 0.00734903 0.00675095 
0 0.00182994 0.0036808 0.00559851 0.00759561 0.00972195 0.012019 0.0145166 0.0172901 0.0203667 0.0238068 0.027668 0.0319524 0.0367106 0.0419007 0.0474622 0.0533177 0.059264 0.0651289 0.0706502 0.0755402 0.0795613 0.0824162 0.0838989 0.0838516 0.0821758 0.0789106 0.0742015 0.0682922 0.0615214 0.0542959 0.0469792 0.0399836 0.0336642 0.0282886 0.024126 0.0212731 0.0197501 0.0194917 0.0203475 0.0221215 0.0246013 0.0275714 0.0307623 0.0340041 0.0371259 0.0399973 0.0425531 0.0447652 0.0466138 0.0481102 0.0493387 0.050289 0.0510189 0.0515878 0.0520257 0.0523386 0.0525725 0.0527546 0.0528678 0.0529441 0.0529773 0.0530009 0.0529863 0.0529546 0.0529058 0.0528518 0.0527689 0.052687 0.0526088 0.0525023 0.0523927 0.0522899 0.0521902 0.0520644 0.0519519 0.0518319 0.0517287 0.0516081 0.0514899 0.051373 0.0512842 0.0511676 0.0510557 0.0509671 0.0508888 0.050783 0.0507022 0.0506443 0.050575 0.0505024 0.0504624 0.0504283 0.050383 0.0503591 0.0503551 0.0503477 0.0503443 0.0503697 0.0503977 0.0504268 0.0504745 0.0505429 0.0506036 0.0506787 0.0507784 0.0508812 0.0509794 0.0511072 0.0512508 0.0513809 0.0515268 0.051704 0.0518774 0.0520385 0.0522384 0.0524479 0.0526466 0.052849 0.0530908 0.0533196 0.0535541 0.0537933 0.0540591 0.0543162 0.0545869 0.0548484 0.0551415 0.0554349 0.0557252 0.0560173 0.0563448 0.0566655 0.0569776 0.0573154 0.0576689 0.0580258 0.0583748 0.0587537 0.0591471 0.0595606 0.0599661 0.0604166 0.0608975 0.0614128 0.0619917 0.0626561 0.0634088 0.0642965 0.0653899 0.0666735 0.0682077 0.0700152 0.0720947 0.0744017 0.0769001 0.0794773 0.0819606 0.084186 0.0859019 0.0868766 0.0868856 0.0857407 0.0832468 0.0793171 0.073948 0.0671964 0.0593093 0.0505483 0.0412532 0.0318274 0.0226598 0.0141478 0.00666155 0.000484009 -0.00422781 -0.00738033 -0.00905169 -0.00937959 -0.00854061 -0.00682538 -0.00446031 -0.00172314 0.00112737 0.00391462 0.0064442 0.00862583 0.0103996 0.0117349 0.0126644 0.0132123 0.0134317 0.0133794 0.0131069 0.0126678 0.0121099 0.0114737 0.0107904 0.0100912 0.00938792 
0 0.00219614 0.00442527 0.00670462 0.0090812 0.0115833 0.0142507 0.0171425 0.0202898 0.0237597 0.0275992 0.0318381 0.0365331 0.0416634 0.0472175 0.0531347 0.059264 0.0654756 0.0715171 0.0771432 0.0821077 0.0860938 0.0888898 0.0902606 0.0900495 0.0882098 0.0847612 0.0798649 0.0737715 0.0668219 0.059366 0.051818 0.0445313 0.0378447 0.0320879 0.0274432 0.0240791 0.0220137 0.0212048 0.0215261 0.0228222 0.0248947 0.0274921 0.0304349 0.0334721 0.0364504 0.0392298 0.0417262 0.0438707 0.045673 0.0471545 0.0482923 0.0491682 0.0498082 0.0502815 0.0506059 0.050838 0.0509528 0.0509876 0.0509989 0.0509926 0.050939 0.0508191 0.0507123 0.050605 0.0504917 0.0503247 0.0501678 0.0500161 0.049875 0.0496976 0.0495213 0.0493589 0.0492029 0.0490316 0.0488534 0.0486952 0.0485395 0.0483843 0.0482125 0.0480718 0.047932 0.0477942 0.0476421 0.0475328 0.0474145 0.0472993 0.0471855 0.0471114 0.0470179 0.0469404 0.046874 0.0468329 0.0467756 0.0467479 0.0467274 0.0467224 0.0467138 0.0467387 0.046761 0.0468006 0.0468474 0.0469217 0.046987 0.0470795 0.0471815 0.0473004 0.0474122 0.0475631 0.0477135 0.0478741 0.0480388 0.0482453 0.0484351 0.0486405 0.0488606 0.0491122 0.049339 0.0495931 0.0498621 0.0501505 0.0504198 0.0507176 0.0510287 0.0513554 0.0516704 0.0520025 0.0523589 0.0527271 0.0530899 0.0534561 0.0538609 0.0542759 0.0546989 0.0551066 0.0555592 0.0560353 0.0565347 0.0570071 0.0575194 0.0580782 0.058676 0.0592734 0.0599123 0.0606383 0.0614335 0.0623285 0.0633458 0.0645425 0.065917 0.0675599 0.0694605 0.0716385 0.0740913 0.0767786 0.0796061 0.0824474 0.0851689 0.0875242 0.0893231 0.0903083 0.090273 0.0890185 0.0864189 0.0823942 0.0769293 0.0701717 0.0622747 0.053547 0.0443194 0.0349531 0.0258493 0.0173931 0.00993405 0.00374282 -0.000972216 -0.0041832 -0.0058951 -0.00624355 -0.00544777 -0.00369835 -0.00130463 0.0014942 0.00445279 0.00732748 0.00998048 0.012268 0.0141295 0.0155485 0.016522 0.0170979 0.0173195 0.0172429 0.0169296 0.0164312 0.0158003 0.015081 0.0143099 0.0135157 0.0127192 
0 0.00258538 0.00519625 0.00787155 0.0106333 0.0135276 0.0165916 0.0198671 0.0234132 0.027266 0.0314877 0.0361119 0.0411637 0.0466559 0.0525355 0.0587425 0.0651289 0.0715171 0.0776852 0.08336 0.0882949 0.0921959 0.0948444 0.0960333 0.0956156 0.0935662 0.089902 0.0848076 0.0785221 0.0713667 0.0637144 0.055923 0.0483569 0.041345 0.0351746 0.0300508 0.0261435 0.0234817 0.022069 0.021825 0.0225784 0.0241744 0.0263691 0.0289629 0.0317547 0.0345723 0.0372468 0.0396724 0.0417735 0.0435298 0.0449699 0.0460848 0.0469259 0.0475061 0.0479033 0.0481604 0.0483015 0.0483335 0.0483097 0.048243 0.0481289 0.0479969 0.047832 0.0476593 0.047476 0.0472926 0.0470805 0.0468788 0.046673 0.0464745 0.0462627 0.0460489 0.0458419 0.04565 0.0454478 0.0452364 0.045048 0.0448663 0.0446808 0.0444903 0.0443264 0.0441623 0.0440053 0.0438446 0.0437113 0.0435775 0.0434551 0.0433321 0.0432383 0.0431418 0.0430602 0.0429839 0.0429335 0.0428797 0.0428468 0.0428208 0.0428158 0.0428118 0.0428321 0.0428559 0.0429008 0.042952 0.0430248 0.0430991 0.0431998 0.043306 0.0434294 0.043558 0.0437164 0.0438738 0.0440493 0.0442348 0.0444478 0.0446547 0.0448841 0.0451245 0.0453887 0.0456465 0.0459268 0.0462197 0.0465356 0.0468419 0.0471691 0.0475185 0.0478824 0.048236 0.0486152 0.0490215 0.0494301 0.0498441 0.050279 0.0507421 0.0512115 0.0516969 0.0521919 0.0527344 0.0532852 0.0538498 0.054439 0.0550853 0.0557484 0.0564515 0.0571967 0.0580018 0.0589022 0.059902 0.0610103 0.0622607 0.0637277 0.06543 0.0674146 0.0696581 0.0721931 0.0750034 0.0780309 0.0811773 0.0842893 0.0871811 0.0896509 0.0914954 0.0924556 0.0923669 0.09103 0.0883345 0.0842432 0.0787609 0.0720206 0.0642151 0.0556186 0.0465461 0.037367 0.0284303 0.0201253 0.0127839 0.00667342 0.00200541 -0.00117637 -0.00286832 -0.00320507 -0.00237041 -0.000579027 0.00189096 0.00480067 0.00787977 0.0109153 0.0137259 0.0161727 0.0181904 0.0197325 0.0208152 0.0214662 0.0217341 0.0216819 0.021364 0.0208447 0.0201749 0.0194031 0.0185706 0.0177074 0.0168377 
0 0.00297953 0.0059783 0.00904587 0.0121901 0.0154651 0.0189106 0.0225562 0.0264805 0.0307027 0.0352881 0.0402767 0.045663 0.0514781 0.0576397 0.0640765 0.0706502 0.0771432 0.08336 0.089009 0.0938415 0.0975943 0.100033 0.100983 0.100307 0.0980008 0.0940973 0.0887891 0.0823196 0.0749772 0.0671437 0.0591265 0.0512893 0.0439544 0.037376 0.0317846 0.0273314 0.0240729 0.0220335 0.0211744 0.0213438 0.0224153 0.0241723 0.0264002 0.0289308 0.0315563 0.0341108 0.0364641 0.0385325 0.0402872 0.0417314 0.0428514 0.0436754 0.0442393 0.0446055 0.0448448 0.0449514 0.0449373 0.0448616 0.0447486 0.0446047 0.0444398 0.0442351 0.0440129 0.0438109 0.043601 0.0433658 0.0431343 0.0429083 0.0426863 0.0424637 0.0422319 0.0420037 0.041799 0.0415841 0.0413624 0.0411602 0.0409694 0.0407685 0.0405804 0.0404045 0.040231 0.0400672 0.0399145 0.0397659 0.0396298 0.0395092 0.03939 0.0392835 0.039194 0.0391142 0.0390381 0.0389829 0.0389388 0.0389047 0.03888 0.038876 0.0388798 0.0388976 0.0389257 0.0389737 0.0390302 0.0391006 0.0391828 0.0392864 0.0393956 0.0395192 0.0396599 0.0398182 0.039979 0.0401607 0.0403603 0.0405688 0.0407865 0.0410283 0.0412801 0.0415421 0.0418222 0.0421148 0.0424195 0.0427443 0.0430777 0.0434172 0.043788 0.0441703 0.044549 0.0449514 0.0453878 0.0458207 0.0462645 0.0467354 0.0472302 0.0477432 0.0482689 0.0488054 0.0493903 0.0500124 0.0506341 0.051286 0.0519979 0.052753 0.0535575 0.0544156 0.0553381 0.0563767 0.0575517 0.0588546 0.0603378 0.0620531 0.0640407 0.0663284 0.0689038 0.0717748 0.07492 0.0782534 0.0816557 0.0849728 0.0879861 0.0905282 0.0923759 0.0932868 0.093106 0.0916623 0.0888734 0.0847363 0.0792889 0.0726383 0.0650036 0.0566177 0.047789 0.0388808 0.0302061 0.0221514 0.0150186 0.00907748 0.00452422 0.00142901 -0.000198482 -0.000481302 0.000436904 0.00231757 0.00491957 0.00799398 0.0112559 0.0145107 0.0175383 0.0202078 0.0224396 0.0241716 0.0254283 0.0262213 0.0266053 0.0266411 0.0263836 0.0259007 0.0252451 0.0244709 0.0236188 0.0227277 0.0218188 
