0 0 0 0 0 0 0 0 0 0 0 0 0 0 0 0 0 0 0 0 0 0 0 0 0 0 0 0 0 0 0 0 0 0 0 0 0 0 0 0 0 0 0 0 0 0 0 0 0 0 0 0 0 0 0 0 0 0 0 0 0 0 0 0 0 0 0 0 0 0 0 0 0 0 0 0 0 0 0 0 0 0 0 0 0 0 0 0 0 0 0 0 0 0 0 0 0 0 0 0 0 0 0 0 0 0 0 0 0 0 0 0 0 0 0 0 0 0 0 0 0 0 0 0 0 0 0 0 0 0 0 0 0 0 0 0 0 0 0 0 0 0 0 0 0 0 0 0 0 0 0 0 0 0 0 0 0 0 0 0 0 0 0 0 0 0 0 0 0 0 0 0 0 0 0 0 0 0 0 0 0 0 0 0 0 0 0 0 0 0 0 0 0 0 0 0 0 0 0 0 
0 8.2788e-05 0.000172019 0.000275127 0.000389213 0.000531942 0.000698439 0.000897787 0.00114145 0.00141738 0.00174597 0.00211304 0.00251269 0.00294801 0.00337838 0.00379871 0.00417399 0.00446143 0.00465548 0.00471186 0.00462439 0.00440092 0.00402434 0.00353617 0.0029588 0.00232583 0.0017126 0.00115241 0.000703778 0.000398496 0.000243331 0.000244047 0.00038579 0.000661126 0.00102769 0.00147033 0.00193724 0.00239354 0.00283987 0.00325155 0.00363484 0.00398604 0.00430503 0.00457638 0.00484481 0.00509273 0.00531592 0.00554447 0.00574561 0.00594651 0.0061485 0.00634622 0.00651281 0.00668848 0.00686115 0.00702932 0.00719131 0.00733427 0.00747974 0.00761288 0.00775899 0.00788787 0.00800603 0.0081063 0.00823409 0.00834307 0.00843348 0.008525 0.00862182 0.00870846 0.00878357 0.008862 0.00893051 0.00900762 0.00906146 0.00912425 0.00918167 0.00924217 0.00927664 0.00933388 0.00937813 0.00941821 0.00944832 0.00949567 0.00952345 0.00955361 0.00958081 0.00961179 0.00963166 0.00965511 0.00967379 0.00969364 0.00970962 0.0097226 0.00973496 0.0097485 0.00975674 0.0097613 0.00977086 0.00977582 0.00977574 0.00977699 0.0097806 0.00977594 0.00977129 0.00976854 0.0097622 0.0097522 0.00974215 0.00973178 0.00971746 0.00970338 0.0096822 0.00966682 0.00964543 0.00962132 0.00958987 0.00957325 0.00953653 0.00950178 0.00946634 0.00943977 0.00938392 0.00934616 0.00930104 0.00925529 0.00919016 0.00914251 0.00908067 0.00902209 0.00894513 0.0088724 0.00880646 0.00873167 0.00863149 0.00853762 0.00846584 0.00836486 0.00825409 0.00813706 0.00803903 0.00792318 0.00780367 0.00766672 0.00754218 0.00740611 0.00727082 0.0071357 0.00698016 0.00683486 0.00669261 0.00654276 0.00638016 0.00624694 0.00610154 0.00596951 0.00585117 0.00573612 0.00565643 0.00561461 0.00560879 0.00562551 0.00568277 0.00575393 0.00584361 0.00592407 0.00595165 0.005899 0.00573099 0.00543689 0.00499013 0.0044086 0.00368711 0.00285506 0.00197345 0.0010677 0.000213742 -0.000549812 -0.00120192 -0.00169837 -0.00204615 -0.00224296 -0.0022869 -0.00221825 -0.00205146 -0.00181777 -0.00156038 -0.00128685 -0.00102869 -0.000797335 -0.000589221 -0.000421332 -0.000282942 -0.000173526 -9.78059e-05 -4.16181e-05 -9.06677e-06 3.01626e-06 5.96497e-06 -8.72352e-06 
0 0.000172019 0.000349731 0.000561171 0.000795385 0.00108775 0.00143117 0.00184106 0.00233159 0.00289291 0.00355154 0.00427881 0.00509006 0.0059469 0.00681464 0.00766613 0.00839938 0.00900332 0.00937748 0.00949037 0.00933992 0.0088661 0.00814632 0.00717398 0.00601944 0.00478765 0.00355053 0.00243865 0.00154201 0.000926051 0.000606302 0.000621013 0.00090019 0.00143758 0.00219259 0.00303732 0.00397291 0.00488654 0.0057602 0.0065955 0.00736409 0.00805601 0.00867027 0.00922824 0.00972692 0.0102248 0.0106858 0.0111164 0.01151 0.0119005 0.0122909 0.0126534 0.0130201 0.0133531 0.0136731 0.013996 0.0143151 0.0145834 0.0148675 0.0151555 0.0154021 0.0156328 0.0158658 0.0161021 0.0163139 0.0165041 0.0166774 0.0168763 0.0170497 0.0171995 0.017344 0.017494 0.0176295 0.0177592 0.0178701 0.0179774 0.0180972 0.0181947 0.0182733 0.0183654 0.0184608 0.0185224 0.0185908 0.0186659 0.0187285 0.0187747 0.0188336 0.0188827 0.0189268 0.0189639 0.0190035 0.0190359 0.0190691 0.0190901 0.0191154 0.0191386 0.0191554 0.0191631 0.0191816 0.0191903 0.0191912 0.0191932 0.0192008 0.0191919 0.0191849 0.0191788 0.0191696 0.0191493 0.0191343 0.0191123 0.0190908 0.0190601 0.0190282 0.0189934 0.0189622 0.0189097 0.0188627 0.0188212 0.0187659 0.0186903 0.018638 0.0185759 0.0184888 0.0184044 0.0183329 0.0182378 0.018134 0.0180322 0.0179196 0.0178071 0.0176828 0.0175431 0.0173979 0.0172618 0.0170992 0.0169352 0.0167524 0.016568 0.0163809 0.0161821 0.0159544 0.0157421 0.0155165 0.0152546 0.0150152 0.0147738 0.0145045 0.0142114 0.0139399 0.0136578 0.0133857 0.0130946 0.0127977 0.0125062 0.0122344 0.0119996 0.0117569 0.0115555 0.0114046 0.0113206 0.0112982 0.0113615 0.0114618 0.0116147 0.0118139 0.0119431 0.0120064 0.0118879 0.0115421 0.0109525 0.0100723 0.0089016 0.00746548 0.00582051 0.004031 0.00225038 0.000534523 -0.000997441 -0.00227196 -0.00328904 -0.00397069 -0.00436994 -0.00447858 -0.00433905 -0.00402307 -0.00356275 -0.00304914 -0.00250461 -0.00199293 -0.00152489 -0.00111653 -0.000789312 -0.000509236 -0.000312946 -0.000157362 -5.14331e-05 1.14016e-06 4.22195e-05 2.96515e-05 8.8152e-06 
0 0.000275127 0.000561171 0.000890224 0.00125926 0.00170644 0.00223127 0.00285313 0.00360028 0.00445356 0.00545111 0.0065658 0.00778084 0.00908617 0.0103899 0.0116541 0.0127783 0.0136567 0.0142385 0.0144222 0.0141835 0.013523 0.0124316 0.0109962 0.00929545 0.00744542 0.00563016 0.00398029 0.0026502 0.00173446 0.00126543 0.001256 0.00166604 0.00246174 0.00354115 0.00482682 0.00619695 0.007548 0.00885793 0.0100787 0.0112078 0.0122371 0.0131623 0.0139667 0.0147324 0.0154447 0.0160946 0.0167309 0.0173047 0.0178676 0.0184274 0.0189665 0.0194441 0.0199223 0.02039 0.0208469 0.0212828 0.0216717 0.0220596 0.0224254 0.0228008 0.0231394 0.023451 0.0237306 0.0240494 0.0243287 0.0245675 0.0248084 0.0250526 0.0252715 0.0254662 0.0256631 0.0258413 0.0260279 0.0261699 0.0263231 0.0264701 0.0266134 0.0267086 0.0268421 0.0269545 0.02705 0.0271294 0.0272373 0.0273098 0.0273808 0.0274483 0.0275197 0.0275709 0.027625 0.0276709 0.0277176 0.0277567 0.0277874 0.0278176 0.0278499 0.0278701 0.0278824 0.0279051 0.0279182 0.0279195 0.0279241 0.0279333 0.0279248 0.0279155 0.0279107 0.027898 0.0278763 0.0278551 0.0278325 0.0278017 0.0277686 0.0277236 0.0276871 0.0276396 0.0275823 0.0275142 0.02747 0.0273884 0.0273044 0.0272242 0.0271541 0.0270291 0.0269323 0.0268268 0.0267115 0.0265604 0.0264368 0.0262884 0.0261392 0.025955 0.0257739 0.0256028 0.025412 0.0251696 0.0249366 0.0247369 0.0244825 0.0242027 0.02391 0.0236422 0.0233439 0.0230287 0.0226751 0.022341 0.0219873 0.0216245 0.0212519 0.0208449 0.0204526 0.0200652 0.019657 0.0192265 0.0188472 0.0184585 0.0181029 0.0177789 0.0174813 0.0172758 0.017176 0.0171763 0.0172579 0.0174372 0.0176678 0.0179397 0.0181662 0.0182398 0.0180663 0.0175531 0.0166579 0.0153229 0.0135727 0.0114185 0.00894573 0.00630745 0.00362199 0.00107372 -0.00120966 -0.00314885 -0.00464685 -0.00569444 -0.00629437 -0.00645416 -0.0062681 -0.00579579 -0.00512751 -0.00437529 -0.00358203 -0.00282972 -0.00214972 -0.00154917 -0.00105967 -0.000659758 -0.000352527 -0.000134442 1.73444e-05 0.000102551 0.000134196 0.000124834 7.46176e-05 
0 0.000389213 0.000795385 0.00125926 0.00178223 0.00240315 0.00313334 0.00399426 0.00500919 0.00617614 0.00751981 0.00901527 0.0106553 0.0123902 0.0141426 0.0158364 0.0173286 0.0185257 0.0192975 0.0195565 0.0192689 0.0183913 0.0169842 0.0151031 0.0128697 0.0104614 0.00806499 0.0058948 0.00413446 0.00291005 0.00227261 0.00225231 0.00277882 0.00380291 0.00522368 0.00687748 0.00866773 0.0104451 0.0121543 0.0137665 0.0152507 0.0165897 0.0177788 0.018839 0.0198038 0.0207198 0.0215673 0.0223584 0.0230836 0.0237869 0.0244784 0.0251315 0.025755 0.0263395 0.0269018 0.0274544 0.027985 0.0284558 0.0289256 0.0293865 0.0298094 0.0301989 0.0305731 0.0309388 0.0312879 0.0315999 0.0318819 0.0321787 0.0324534 0.0326961 0.0329211 0.0331468 0.033356 0.0335548 0.0337235 0.0338893 0.0340614 0.0342096 0.034329 0.0344648 0.0345965 0.0346945 0.0347913 0.0348976 0.0349854 0.0350567 0.0351349 0.0352056 0.035267 0.0353204 0.0353732 0.0354204 0.0354649 0.0354962 0.0355308 0.0355638 0.0355875 0.0356014 0.0356267 0.0356411 0.0356455 0.0356515 0.035663 0.0356562 0.0356498 0.0356456 0.0356366 0.0356148 0.0355972 0.0355739 0.0355474 0.0355111 0.0354718 0.0354309 0.0353876 0.0353241 0.0352627 0.0352079 0.0351316 0.0350372 0.0349608 0.0348757 0.0347558 0.0346414 0.0345345 0.034403 0.0342512 0.0341044 0.0339438 0.0337762 0.0335855 0.0333805 0.0331718 0.0329588 0.0327069 0.0324496 0.0321834 0.0318976 0.0315932 0.0312706 0.0309293 0.0305842 0.0302135 0.0298016 0.0294047 0.028997 0.0285555 0.0280845 0.0276158 0.0271429 0.0266738 0.0261787 0.0256694 0.0251809 0.0247185 0.0243012 0.0239046 0.0235707 0.0233373 0.0232318 0.0232521 0.0234039 0.0236526 0.0239842 0.0243598 0.0246375 0.0247298 0.0244789 0.023782 0.0225807 0.0208111 0.0184761 0.0156206 0.0123548 0.00884102 0.00530324 0.00192064 -0.00111401 -0.00367033 -0.00568147 -0.00707662 -0.00788936 -0.00813888 -0.00791169 -0.00731965 -0.00646348 -0.00548207 -0.00445276 -0.00347071 -0.00257803 -0.00180211 -0.00116733 -0.000651058 -0.000269341 1.0373e-05 0.000193239 0.000288143 0.000328249 0.00029645 0.000226445 
0 0.000531942 0.00108775 0.00170644 0.00240315 0.0032153 0.004168 0.00528183 0.00658328 0.00808156 0.00978889 0.0116909 0.0137629 0.0159461 0.0181507 0.0202659 0.0221401 0.0236385 0.0246152 0.0249638 0.0246273 0.0235739 0.0218562 0.0195561 0.016824 0.0138722 0.0109346 0.00826959 0.00609587 0.00456829 0.00376173 0.00369472 0.00431165 0.00553314 0.00723699 0.009246 0.0114133 0.0135832 0.0156696 0.0176318 0.0194342 0.02106 0.022501 0.0237828 0.0249413 0.0260181 0.0270126 0.0279293 0.0287778 0.0295873 0.0303731 0.0311127 0.0318092 0.0324616 0.0330907 0.0337016 0.0342772 0.0348002 0.0353029 0.0357944 0.036252 0.0366752 0.0370678 0.0374488 0.0378126 0.0381446 0.0384435 0.0387407 0.0390216 0.039274 0.0395061 0.0397293 0.0399419 0.0401371 0.0403095 0.0404729 0.0406394 0.0407816 0.0409044 0.0410308 0.0411545 0.0412503 0.0413434 0.0414383 0.0415217 0.0415891 0.0416594 0.0417235 0.0417803 0.0418287 0.0418759 0.0419192 0.0419584 0.0419882 0.0420194 0.0420496 0.0420716 0.0420878 0.04211 0.0421259 0.042133 0.0421423 0.0421538 0.0421539 0.0421521 0.0421529 0.0421494 0.0421367 0.0421254 0.0421113 0.042093 0.0420663 0.042038 0.0420074 0.0419724 0.0419223 0.0418743 0.041826 0.0417623 0.0416835 0.0416165 0.0415374 0.0414355 0.0413307 0.0412317 0.041109 0.0409705 0.040829 0.0406806 0.0405151 0.04033 0.0401332 0.0399326 0.0397153 0.0394646 0.0392077 0.0389433 0.0386563 0.0383388 0.0380065 0.0376598 0.0373031 0.0369118 0.0364876 0.0360611 0.035625 0.0351575 0.0346585 0.0341512 0.0336375 0.0331206 0.0325789 0.0320285 0.0314941 0.0309934 0.0305327 0.0301097 0.0297639 0.0295394 0.0294685 0.02955 0.0297817 0.0301307 0.0305729 0.0310409 0.0313947 0.0314966 0.0311746 0.0303012 0.028788 0.0265775 0.0236664 0.0201192 0.0160733 0.0117302 0.00734939 0.00316334 -0.000603461 -0.00378808 -0.0062931 -0.00805229 -0.00908156 -0.00942396 -0.00917883 -0.00847844 -0.0074617 -0.00627776 -0.00504143 -0.00385468 -0.00277503 -0.00184151 -0.0010711 -0.000455836 1.92531e-06 0.000330058 0.000536831 0.000639587 0.000664495 0.000608375 0.000497601 
0 0.000698439 0.00143117 0.00223127 0.00313334 0.004168 0.00537115 0.00676259 0.00837641 0.0102262 0.0123139 0.0146413 0.0171502 0.0197944 0.0224552 0.0249892 0.0272579 0.0290493 0.0302425 0.0306924 0.0303105 0.0291145 0.0271005 0.024414 0.0212219 0.0177508 0.0143078 0.0111651 0.00858431 0.00674646 0.00575828 0.00561169 0.00628764 0.00767011 0.00959564 0.0119216 0.0144096 0.0169269 0.0193581 0.0216306 0.023714 0.025589 0.0272509 0.0287065 0.0300319 0.0312257 0.0323207 0.0333255 0.0342537 0.0351223 0.0359515 0.0367431 0.0374566 0.0381395 0.0387928 0.0394146 0.0399861 0.0405278 0.041027 0.041497 0.0419555 0.0423747 0.0427544 0.0431042 0.0434553 0.0437728 0.0440607 0.0443204 0.0445809 0.0448166 0.0450277 0.0452226 0.0454113 0.0455824 0.045733 0.0458777 0.0460102 0.0461331 0.0462373 0.0463416 0.0464326 0.0465184 0.0465881 0.0466619 0.0467224 0.04678 0.0468264 0.0468772 0.046916 0.0469543 0.0469854 0.0470197 0.0470445 0.0470704 0.0470916 0.0471151 0.0471313 0.0471495 0.0471646 0.0471812 0.0471914 0.047205 0.0472153 0.0472261 0.0472312 0.0472405 0.0472447 0.0472489 0.0472472 0.0472503 0.047245 0.0472393 0.0472274 0.0472199 0.0471992 0.0471792 0.047152 0.0471267 0.0470843 0.0470439 0.0469942 0.0469424 0.0468721 0.0468022 0.0467226 0.0466353 0.0465276 0.0464174 0.0463022 0.0461669 0.0460102 0.0458487 0.045688 0.0454939 0.0452763 0.0450465 0.0448259 0.0445662 0.0442732 0.0439635 0.043661 0.0433212 0.0429485 0.0425596 0.0421482 0.0417197 0.0412695 0.040797 0.0402855 0.0397832 0.039264 0.0387257 0.0381758 0.0376522 0.0371565 0.0366945 0.0363059 0.035993 0.0358257 0.03583 0.0360152 0.0363509 0.0368388 0.0374138 0.0379776 0.0384235 0.038524 0.0381313 0.0370836 0.0352622 0.0326183 0.0291525 0.0249381 0.0201375 0.0150129 0.00981211 0.00486009 0.000389636 -0.00341659 -0.00639397 -0.00852589 -0.00977933 -0.0102284 -0.00999562 -0.00920992 -0.00806323 -0.00670353 -0.00528429 -0.00391261 -0.00266634 -0.00159142 -0.000699712 -5.78722e-06 0.000518224 0.000873849 0.00108971 0.00119129 0.00118169 0.00110061 0.000937997 
0 0.000897787 0.00184106 0.00285313 0.00399426 0.00528183 0.00676259 0.00847182 0.0104197 0.0126525 0.0151453 0.017899 0.020877 0.0239691 0.0270942 0.0300631 0.0326941 0.0348156 0.0362065 0.0367591 0.0363729 0.0350094 0.0327545 0.029703 0.0260706 0.0221395 0.0182015 0.0146013 0.0116165 0.00945723 0.00824274 0.00800368 0.00868451 0.0101588 0.0122834 0.0148194 0.0175807 0.0203947 0.0231038 0.0256514 0.0279814 0.030056 0.0318752 0.0334951 0.0349051 0.0361825 0.0373527 0.0383842 0.0393414 0.0402252 0.0410488 0.0418102 0.0425432 0.0432031 0.0438209 0.0444023 0.0449416 0.0454441 0.0459025 0.0463521 0.0467405 0.0470987 0.0474352 0.0477759 0.048048 0.0483037 0.0485484 0.048778 0.0489789 0.0491589 0.0493265 0.0494773 0.0496251 0.0497362 0.0498569 0.049953 0.0500481 0.0501172 0.0502038 0.0502537 0.0503149 0.0503597 0.0504104 0.0504351 0.0504765 0.0504996 0.0505266 0.0505429 0.050566 0.0505773 0.0505951 0.0506057 0.0506176 0.0506294 0.0506421 0.0506499 0.0506623 0.0506771 0.0506864 0.050699 0.0507163 0.050731 0.0507436 0.0507635 0.0507822 0.0507976 0.0508178 0.0508382 0.0508569 0.0508746 0.0508968 0.0509105 0.0509316 0.050944 0.0509593 0.0509657 0.0509834 0.050977 0.0509846 0.0509783 0.050976 0.0509489 0.0509445 0.0509076 0.050878 0.0508312 0.0507928 0.050719 0.0506568 0.0505728 0.050488 0.0503815 0.0502566 0.0501233 0.0499919 0.0498323 0.0496271 0.0494405 0.0492316 0.0490008 0.0487273 0.0484575 0.0481498 0.0478295 0.0474784 0.0471195 0.0467211 0.0462848 0.0458571 0.0454044 0.0449334 0.0444491 0.04397 0.0434739 0.0430463 0.0426627 0.0423367 0.0421383 0.042079 0.0422 0.0425199 0.0430306 0.0436711 0.0444126 0.0451179 0.0456237 0.0457526 0.0452844 0.0440612 0.0419521 0.0389015 0.034899 0.0300564 0.0245616 0.0186671 0.0127279 0.00703699 0.00188747 -0.00247842 -0.00594987 -0.00842483 -0.00991231 -0.0105007 -0.0102828 -0.00945618 -0.00820127 -0.00669029 -0.00511462 -0.00357926 -0.00218323 -0.000988107 8.93912e-07 0.000766534 0.00132577 0.00170487 0.00191693 0.00199356 0.00195805 0.00182167 0.00160614 
0 0.00114145 0.00233159 0.00360028 0.00500919 0.00658328 0.00837641 0.0104197 0.012742 0.0153718 0.0182943 0.0215156 0.0249526 0.0285305 0.0321111 0.0354923 0.0385133 0.0409098 0.0425212 0.0431829 0.0427674 0.0413013 0.0387869 0.0354013 0.0313694 0.0269737 0.0225853 0.0185433 0.0151582 0.0126629 0.0112107 0.0107985 0.0114248 0.0129339 0.0151323 0.0178508 0.0207997 0.0238333 0.0267767 0.0295264 0.0320295 0.03426 0.0362214 0.0379234 0.0394241 0.0407248 0.0418861 0.0429137 0.0438597 0.0447087 0.0454813 0.046205 0.0468432 0.0474421 0.0480007 0.0485096 0.0489582 0.0494001 0.0497761 0.050115 0.0504424 0.0507426 0.0510025 0.0512252 0.0514345 0.0516327 0.0518171 0.051946 0.0520794 0.0522025 0.0523102 0.0523906 0.0524699 0.052526 0.0525891 0.0526366 0.0526609 0.0526874 0.0527215 0.0527298 0.052728 0.0527438 0.0527442 0.0527345 0.0527274 0.0527269 0.0527108 0.052703 0.0526886 0.0526817 0.0526696 0.0526628 0.052648 0.0526515 0.0526447 0.0526414 0.0526418 0.0526572 0.0526546 0.0526677 0.0526866 0.0527078 0.0527184 0.0527537 0.0527819 0.0528118 0.052843 0.0528906 0.0529245 0.05297 0.0530132 0.053064 0.0531089 0.0531618 0.0532043 0.0532614 0.0533108 0.0533533 0.053398 0.053456 0.0534889 0.0535203 0.0535669 0.0535996 0.0536141 0.053636 0.0536568 0.0536563 0.0536613 0.0536448 0.0536239 0.0535989 0.0535695 0.0535006 0.0534393 0.0533604 0.0532778 0.0531686 0.053034 0.0528856 0.0527399 0.0525561 0.0523436 0.0521362 0.0518776 0.0516034 0.0513188 0.0510168 0.0506678 0.0503204 0.0499435 0.0495639 0.0491919 0.04883 0.0485081 0.0482265 0.0480533 0.0479936 0.0481072 0.0484154 0.0489387 0.0496374 0.0504969 0.0514235 0.0522619 0.052895 0.0530405 0.0525272 0.0511571 0.0487701 0.0453278 0.0408345 0.0354059 0.0292566 0.0226999 0.0160458 0.00969109 0.00392133 -0.00101459 -0.00491277 -0.00774593 -0.00946069 -0.0101678 -0.0100037 -0.00913456 -0.00780303 -0.00617811 -0.0044695 -0.00280353 -0.00128528 1.63388e-05 0.00109014 0.00190766 0.00250777 0.00288927 0.00308881 0.00314049 0.00304563 0.00285912 0.00256596 
0 0.00141738 0.00289291 0.00445356 0.00617614 0.00808156 0.0102262 0.0126525 0.0153718 0.0184318 0.0218071 0.0254878 0.029408 0.0334491 0.0374832 0.0412864 0.0446578 0.0473559 0.0491601 0.0499175 0.0494979 0.0478943 0.0451609 0.0414571 0.03704 0.0322261 0.0273912 0.0229066 0.0191051 0.016244 0.0144863 0.0138735 0.0143723 0.0158308 0.0180576 0.0208292 0.0238918 0.0270694 0.0301674 0.0330697 0.0357088 0.0380357 0.0400632 0.0418218 0.0433251 0.0446162 0.045748 0.0467221 0.047598 0.0483689 0.0490436 0.049657 0.0502166 0.0507196 0.0511657 0.0515543 0.0518992 0.0522316 0.0525113 0.0527577 0.0529656 0.0531469 0.0533162 0.0534674 0.0535673 0.0536581 0.053753 0.0538123 0.0538549 0.0538885 0.0539157 0.0539268 0.0539299 0.0539097 0.053908 0.0538896 0.0538493 0.0538118 0.0537949 0.053743 0.0536895 0.0536529 0.053612 0.0535517 0.0535054 0.0534627 0.0534149 0.0533682 0.0533249 0.0532868 0.0532533 0.053218 0.0531846 0.0531696 0.0531502 0.0531288 0.0531232 0.053131 0.0531237 0.0531315 0.0531565 0.0531784 0.0531949 0.0532383 0.0532825 0.0533218 0.053372 0.0534391 0.0534982 0.0535638 0.0536391 0.0537189 0.0538 0.0538841 0.0539704 0.054067 0.054164 0.0542479 0.0543489 0.0544577 0.0545478 0.0546327 0.0547488 0.0548426 0.0549226 0.0550147 0.0551168 0.0551877 0.0552653 0.0553374 0.0554121 0.0554722 0.0555161 0.055552 0.0556084 0.0556327 0.0556234 0.0556278 0.0556289 0.0556036 0.0555529 0.0554879 0.0554078 0.0553302 0.0552097 0.0550692 0.0549116 0.0547369 0.0545467 0.0543401 0.0541076 0.0538829 0.0536704 0.0534581 0.0533051 0.0532155 0.0532346 0.0534044 0.0537452 0.0542833 0.0550504 0.0560119 0.0571186 0.0582735 0.0592998 0.0600324 0.0602281 0.0596704 0.0581601 0.05554 0.051753 0.046819 0.0408737 0.0341536 0.0269789 0.0197165 0.0127558 0.0064239 0.00100738 -0.00331254 -0.00645395 -0.00839467 -0.00924453 -0.00913004 -0.00825996 -0.00686323 -0.00513976 -0.00331514 -0.00152423 0.000104869 0.00150122 0.0026431 0.00350371 0.00411762 0.00449268 0.00466484 0.00467082 0.0045242 0.0042676 0.00390086 
0 0.00174597 0.00355154 0.00545111 0.00751981 0.00978889 0.0123139 0.0151453 0.0182943 0.0218071 0.0256583 0.0298178 0.0342254 0.0387351 0.0432062 0.0474091 0.051107 0.0540714 0.0560495 0.0568845 0.0564503 0.0547135 0.0517614 0.0477487 0.0429586 0.0377359 0.0324666 0.0275469 0.0233215 0.0200701 0.0179625 0.017074 0.017358 0.0186714 0.0208233 0.0235614 0.0266543 0.0298906 0.0330696 0.0360524 0.0387571 0.0411338 0.0431917 0.0449654 0.046445 0.0476859 0.0487339 0.0496176 0.0503904 0.0510514 0.0516043 0.0520784 0.0525064 0.0528749 0.0531895 0.0534425 0.053661 0.0538596 0.054014 0.0541347 0.0542216 0.054293 0.054351 0.0543893 0.0543798 0.0543765 0.0543743 0.0543425 0.0542881 0.0542372 0.0541843 0.0541183 0.0540388 0.0539472 0.0538771 0.0537914 0.0536861 0.053587 0.0535123 0.0534052 0.0532998 0.0532102 0.053125 0.0530199 0.0529318 0.052848 0.0527679 0.0526849 0.0526114 0.0525443 0.0524879 0.0524265 0.0523751 0.0523414 0.0523087 0.0522726 0.0522597 0.0522587 0.0522486 0.0522525 0.0522807 0.0523043 0.0523283 0.0523784 0.0524367 0.0524877 0.0525558 0.0526412 0.0527249 0.0528117 0.0529168 0.0530264 0.0531413 0.0532579 0.0533869 0.0535231 0.053664 0.053794 0.0539484 0.0541072 0.0542537 0.0543973 0.0545763 0.0547349 0.0548826 0.0550443 0.0552228 0.0553748 0.0555288 0.055686 0.0558507 0.0560067 0.0561433 0.0562811 0.0564375 0.0565767 0.0566811 0.0568033 0.0569248 0.0570297 0.0571093 0.0571854 0.0572542 0.0573203 0.0573523 0.057366 0.0573766 0.0573744 0.0573635 0.0573235 0.0572713 0.0572382 0.0572309 0.0572308 0.0572898 0.0574319 0.0576953 0.0581385 0.058763 0.0595976 0.060662 0.0619277 0.0633194 0.0647244 0.0659604 0.0668242 0.0670949 0.0665234 0.0649062 0.0620848 0.0579957 0.0526797 0.0462895 0.039085 0.0313915 0.0236113 0.0161315 0.00931393 0.00347071 -0.0012181 -0.00463201 -0.00677306 -0.00774115 -0.00767257 -0.00679975 -0.00534641 -0.00354366 -0.00161713 0.000279158 0.00200557 0.00348789 0.00469072 0.00559481 0.00622272 0.00659271 0.00673748 0.00669297 0.00648648 0.00614808 0.00569455 
0 0.00211304 0.00427881 0.0065658 0.00901527 0.0116909 0.0146413 0.017899 0.0215156 0.0254878 0.0298178 0.0344687 0.0393354 0.0443136 0.0491929 0.0537574 0.0577728 0.0609459 0.0630814 0.063967 0.0634787 0.0616184 0.0584254 0.0541131 0.0489653 0.0433336 0.0376383 0.0322757 0.0276045 0.0239176 0.0214231 0.0201761 0.0201716 0.0212639 0.0232234 0.0258533 0.0288761 0.0320813 0.0352736 0.0382773 0.0409865 0.0433683 0.0454253 0.0471467 0.0485881 0.0497452 0.0506751 0.051448 0.0520928 0.0526099 0.0530135 0.053352 0.0536111 0.0538372 0.054008 0.0541189 0.0541876 0.0542545 0.0542861 0.0542602 0.054229 0.0541911 0.0541423 0.0540435 0.0539443 0.0538446 0.0537484 0.0536131 0.0534753 0.0533423 0.0532112 0.0530675 0.0529087 0.0527583 0.0526144 0.052471 0.0523002 0.052155 0.0520123 0.0518683 0.0517067 0.0515788 0.0514415 0.0513102 0.051174 0.0510636 0.0509458 0.0508408 0.0507332 0.050649 0.0505647 0.050489 0.0504175 0.0503717 0.0503226 0.0502817 0.0502574 0.0502513 0.0502378 0.0502435 0.050268 0.0502976 0.0503272 0.0503854 0.0504502 0.0505184 0.0505975 0.0507017 0.050802 0.0509148 0.051038 0.0511808 0.0513178 0.0514718 0.0516296 0.0518101 0.051979 0.0521635 0.0523542 0.0525669 0.0527554 0.0529669 0.053188 0.0534169 0.0536225 0.0538575 0.0540948 0.054332 0.0545593 0.0548 0.0550448 0.0552904 0.0555314 0.0557655 0.0560155 0.0562577 0.0565024 0.0567286 0.0569692 0.057202 0.0574353 0.0576393 0.0578605 0.0580854 0.0582782 0.0584519 0.0586411 0.0588391 0.0589997 0.0591625 0.0593192 0.0595035 0.0597194 0.059981 0.0602851 0.0606948 0.0612757 0.0620235 0.0629849 0.0641658 0.065573 0.0671712 0.0688962 0.0705761 0.0720289 0.0730631 0.0734015 0.0728398 0.0711466 0.0681566 0.0638257 0.0582032 0.0514545 0.0438541 0.0357619 0.0275502 0.0196616 0.0124612 0.0062525 0.00128833 -0.00236276 -0.00466813 -0.00572053 -0.00570666 -0.00481246 -0.00330742 -0.00142726 0.000611855 0.00261198 0.00444683 0.00602224 0.00729051 0.00824042 0.00888446 0.00924519 0.00936148 0.00926917 0.00899763 0.00858554 0.00804415 
0 0.00251269 0.00509006 0.00778084 0.0106553 0.0137629 0.0171502 0.020877 0.0249526 0.029408 0.0342254 0.0393354 0.0446779 0.0500635 0.0553225 0.0602258 0.0644704 0.0678512 0.0700742 0.0709656 0.0704248 0.0683758 0.0649598 0.0603398 0.0548256 0.0488092 0.0426845 0.0368691 0.0317346 0.0275908 0.0246261 0.0229871 0.0226043 0.0233669 0.0250868 0.027476 0.0303528 0.0334511 0.0365756 0.0395372 0.042226 0.0445732 0.0465689 0.0482546 0.0495938 0.0506576 0.0514771 0.0521234 0.0526107 0.0529848 0.0532388 0.0533915 0.0535269 0.0536024 0.0536187 0.0535744 0.0535255 0.053438 0.0533479 0.0532266 0.0530694 0.0529012 0.052741 0.0525823 0.05238 0.0521774 0.0519778 0.051797 0.051576 0.0513652 0.0511571 0.05096 0.0507394 0.0505322 0.0503299 0.0501299 0.0499238 0.0497249 0.0495398 0.0493503 0.0491659 0.0489859 0.0488265 0.0486569 0.0485032 0.0483529 0.0482243 0.0480855 0.0479704 0.0478572 0.0477659 0.0476671 0.0475961 0.0475263 0.0474777 0.0474253 0.0474031 0.0473802 0.0473781 0.0473768 0.0474057 0.0474308 0.0474786 0.0475306 0.0476098 0.047683 0.0477827 0.0478866 0.0480138 0.0481348 0.0482853 0.0484378 0.0486095 0.0487761 0.0489741 0.0491704 0.0493808 0.0495912 0.0498305 0.0500642 0.0503083 0.0505593 0.0508306 0.0510981 0.0513695 0.0516552 0.0519535 0.0522512 0.052539 0.0528578 0.0531826 0.0535021 0.053801 0.0541478 0.0544963 0.0548366 0.0551475 0.0555019 0.0558732 0.0562318 0.0565605 0.0569123 0.057287 0.0576445 0.0580103 0.0583569 0.0587121 0.0590733 0.0594633 0.0598158 0.0601956 0.060618 0.0610799 0.061593 0.0621867 0.0629219 0.0638138 0.0649373 0.0662582 0.0678112 0.069592 0.0715719 0.0736289 0.0756058 0.0773148 0.078481 0.0789353 0.0783863 0.0766322 0.0735358 0.0690158 0.0631595 0.0561468 0.048264 0.0398526 0.0313571 0.0231536 0.0156631 0.00922154 0.00401328 0.000220552 -0.00220437 -0.00332835 -0.00330562 -0.00239851 -0.000810463 0.00117088 0.00332297 0.00545806 0.00740869 0.00909358 0.010447 0.0114584 0.0121346 0.0125052 0.0126065 0.0124747 0.0121549 0.0116679 0.0110474 
0 0.00294801 0.0059469 0.00908617 0.0123902 0.0159461 0.0197944 0.0239691 0.0285305 0.0334491 0.0387351 0.0443136 0.0500635 0.0558538 0.0614393 0.0666023 0.0710595 0.0745387 0.0768169 0.0776728 0.0770097 0.0747902 0.0711105 0.0661823 0.0603127 0.0538999 0.0473489 0.0410888 0.0354832 0.030846 0.0274112 0.0252811 0.024454 0.0248186 0.0261647 0.0282718 0.0309159 0.0338333 0.0368323 0.0397069 0.0423061 0.0445968 0.0465453 0.0481439 0.0494213 0.0503836 0.0510722 0.0515865 0.0519427 0.0521674 0.0522811 0.0523061 0.0522728 0.0521993 0.0520855 0.0519305 0.0517494 0.0515518 0.0513506 0.0511044 0.0508577 0.0506273 0.0503826 0.050104 0.0498407 0.0495865 0.049328 0.0490641 0.0487899 0.0485321 0.048282 0.0480277 0.0477628 0.0475239 0.0472779 0.047041 0.0468043 0.0465803 0.0463527 0.046147 0.0459354 0.0457354 0.0455455 0.0453682 0.0451889 0.0450293 0.0448783 0.044734 0.0446027 0.0444856 0.0443754 0.0442784 0.0441983 0.0441236 0.0440648 0.044021 0.043989 0.0439645 0.0439634 0.04397 0.0439889 0.0440225 0.0440757 0.0441324 0.0442085 0.0442994 0.0444019 0.0445142 0.0446479 0.0447892 0.0449426 0.045114 0.045296 0.0454864 0.0456947 0.0459171 0.0461404 0.0463853 0.046641 0.0469043 0.0471737 0.0474674 0.0477576 0.0480668 0.0483796 0.0487055 0.0490357 0.0493909 0.0497334 0.050094 0.0504674 0.0508526 0.0512369 0.0516357 0.0520352 0.0524571 0.0528945 0.0533177 0.0537569 0.0542202 0.0546856 0.0551478 0.0556428 0.0561356 0.0566317 0.0571321 0.0576631 0.0582151 0.0587658 0.0593216 0.0599201 0.0605696 0.0612857 0.0620903 0.0629723 0.0640161 0.0652746 0.0667509 0.0684685 0.0704336 0.0726053 0.0749588 0.0773672 0.0796325 0.0815683 0.0829242 0.0834646 0.0829573 0.0811801 0.0779851 0.073342 0.0673244 0.0601368 0.0520717 0.0434853 0.0347925 0.0264058 0.0187421 0.0121229 0.00680433 0.00290985 0.000436725 -0.000678538 -0.000639841 0.000352272 0.00203593 0.00413959 0.00644904 0.00872672 0.0108373 0.012663 0.0141338 0.015248 0.0159893 0.0164026 0.0165187 0.0163748 0.0160238 0.0154845 0.0147967 
0 0.00337838 0.00681464 0.0103899 0.0141426 0.0181507 0.0224552 0.0270942 0.0321111 0.0374832 0.0432062 0.0491929 0.0553225 0.0614393 0.0672967 0.0726663 0.0772545 0.0807992 0.0830629 0.0838313 0.0830162 0.0805755 0.0766259 0.071386 0.0651655 0.0583742 0.0514114 0.0447002 0.0386145 0.0334699 0.0295103 0.0268678 0.0255421 0.0254401 0.0263708 0.0281081 0.0304458 0.0331232 0.035941 0.0386867 0.0412003 0.0434193 0.0452934 0.0468207 0.048013 0.0488875 0.0494897 0.0499007 0.0501313 0.0502321 0.0502224 0.0501207 0.0499822 0.0498027 0.0495768 0.0493194 0.0490485 0.0487563 0.0484773 0.0481735 0.0478585 0.0475468 0.0472357 0.0469259 0.0466234 0.046309 0.0459946 0.0457068 0.0454063 0.0451118 0.0448236 0.0445428 0.0442603 0.0440015 0.0437271 0.043468 0.0432244 0.0429837 0.0427367 0.0425191 0.0423038 0.0420895 0.0418914 0.0417067 0.0415257 0.0413586 0.0412039 0.0410547 0.040927 0.0408049 0.0406918 0.0405963 0.0405213 0.0404396 0.040383 0.0403452 0.0403135 0.0402837 0.0402917 0.0403012 0.0403167 0.0403523 0.0404159 0.0404693 0.0405459 0.0406443 0.0407527 0.040861 0.0410026 0.041151 0.041308 0.0414809 0.0416746 0.041871 0.0420875 0.0423156 0.0425529 0.0428091 0.0430776 0.0433492 0.0436407 0.043953 0.0442571 0.0445829 0.0449277 0.0452775 0.0456287 0.0460113 0.046389 0.0467876 0.0471976 0.0476143 0.0480364 0.0484967 0.0489516 0.0494161 0.0499 0.0503994 0.0509191 0.0514545 0.0519893 0.0525437 0.0531377 0.0537324 0.0543522 0.054983 0.0556366 0.0563259 0.0570494 0.0577872 0.0585866 0.0594531 0.0603974 0.0614593 0.0626441 0.0640211 0.0656324 0.0674896 0.0695962 0.0719572 0.0745258 0.0772569 0.0800016 0.0825541 0.0847115 0.0862114 0.0868385 0.0863568 0.0845586 0.0813166 0.0765996 0.0704974 0.0632266 0.0550781 0.0464137 0.037653 0.029197 0.0214733 0.0148073 0.00945046 0.00554683 0.0030871 0.00201291 0.00213298 0.00323396 0.00506417 0.00734425 0.00984773 0.0123361 0.0146515 0.0166714 0.0183162 0.0195728 0.0204312 0.0209286 0.0211015 0.0209902 0.0206454 0.0200947 0.0193737 
0 0.00379871 0.00766613 0.0116541 0.0158364 0.0202659 0.0249892 0.0300631 0.0354923 0.0412864 0.0474091 0.0537574 0.0602258 0.0666023 0.0726663 0.0781709 0.0828081 0.0863503 0.0885275 0.089158 0.0881559 0.0854709 0.0812493 0.075699 0.0691404 0.061984 0.0546297 0.0474881 0.0409392 0.0353015 0.0308045 0.0276232 0.0257491 0.0251169 0.025576 0.0268893 0.0288775 0.0312772 0.0338796 0.0364642 0.0388779 0.0410257 0.0428417 0.0443345 0.0454732 0.0462961 0.04684 0.0471756 0.0473189 0.0473395 0.0472553 0.0470667 0.0468507 0.0465834 0.0462857 0.0459687 0.0456527 0.0453022 0.0449643 0.0446242 0.0442807 0.0439426 0.0435944 0.0432666 0.0429419 0.0426174 0.0422837 0.041987 0.0416743 0.0413758 0.0410778 0.0407896 0.0405075 0.0402454 0.0399676 0.0397021 0.0394674 0.0392225 0.0389783 0.0387567 0.0385536 0.0383364 0.0381454 0.0379588 0.0377914 0.0376237 0.0374765 0.0373283 0.0372147 0.0370918 0.0369854 0.0368948 0.036831 0.0367465 0.0366978 0.0366663 0.0366394 0.0366071 0.0366249 0.0366367 0.0366522 0.036688 0.0367602 0.0368093 0.0368863 0.0369867 0.0370991 0.0371994 0.037345 0.0374932 0.037651 0.0378161 0.038017 0.0382096 0.0384277 0.0386497 0.0388964 0.0391482 0.0394212 0.0396884 0.0399925 0.040303 0.0406139 0.04094 0.0413011 0.0416533 0.0420134 0.042406 0.0428013 0.0432086 0.0436311 0.0440705 0.044512 0.0449925 0.0454646 0.0459637 0.046478 0.0470184 0.0475652 0.0481443 0.0487327 0.0493571 0.0500085 0.050664 0.0513678 0.0520986 0.052859 0.0536555 0.0545156 0.0553943 0.0563625 0.0574204 0.0585805 0.059882 0.0613487 0.0630336 0.0649656 0.0671892 0.0696711 0.0724171 0.0753639 0.0784381 0.0814749 0.0842742 0.086622 0.0882411 0.0889479 0.0884832 0.0866679 0.0833995 0.0786431 0.0725199 0.0652463 0.0571148 0.048479 0.0397623 0.0313452 0.0236586 0.0170447 0.0117303 0.0079009 0.00553197 0.00456388 0.00483622 0.00609902 0.00813152 0.0106407 0.0133832 0.0161399 0.018714 0.0209917 0.0228816 0.0243509 0.0254032 0.0260561 0.0263536 0.0263383 0.0260538 0.0255412 0.0248291 
0 0.00417399 0.00839938 0.0127783 0.0173286 0.0221401 0.0272579 0.0326941 0.0385133 0.0446578 0.051107 0.0577728 0.0644704 0.0710595 0.0772545 0.0828081 0.0874639 0.0909089 0.0929629 0.0934154 0.0921695 0.0892461 0.0847352 0.0788894 0.0720239 0.0645343 0.0568144 0.049283 0.0422964 0.0361633 0.0311712 0.0274206 0.0249962 0.02383 0.0237614 0.0246418 0.0262399 0.028333 0.0306942 0.0331306 0.0354339 0.0375289 0.039335 0.0407879 0.0419321 0.0427468 0.0432841 0.0435876 0.0437182 0.0436913 0.0435657 0.0433732 0.0431067 0.0428045 0.0424782 0.0421606 0.0418059 0.041459 0.0411078 0.0407539 0.0404079 0.0400836 0.0397448 0.0393946 0.0390856 0.0387737 0.0384632 0.0381452 0.0378568 0.0375675 0.0372892 0.0369956 0.0367351 0.0364824 0.0362193 0.0359634 0.0357409 0.0355146 0.035279 0.0350748 0.0348794 0.0346883 0.0344984 0.0343355 0.0341737 0.0340323 0.0338827 0.0337618 0.0336499 0.0335507 0.0334414 0.0333767 0.03331 0.0332464 0.0331936 0.0331835 0.0331499 0.0331352 0.0331461 0.0331744 0.0331794 0.0332294 0.033291 0.033352 0.0334143 0.0335262 0.0336239 0.0337317 0.0338595 0.0340177 0.0341558 0.0343253 0.0345079 0.0347083 0.0349023 0.0351283 0.0353584 0.0356128 0.0358629 0.0361348 0.0364245 0.0367324 0.0370285 0.0373555 0.0377096 0.0380553 0.0384082 0.0387966 0.0392025 0.0395941 0.0400137 0.0404517 0.0409214 0.0413776 0.0418518 0.0423556 0.0429079 0.0434359 0.0439857 0.0445844 0.0452124 0.0458512 0.0465203 0.0472302 0.0479622 0.048754 0.0495788 0.0504581 0.0513773 0.0523901 0.0534857 0.0546814 0.0560231 0.0575355 0.0592467 0.0611997 0.063458 0.0659824 0.0688197 0.0719151 0.0751891 0.0785589 0.081848 0.0848423 0.0873097 0.0890327 0.0897409 0.0892733 0.0874393 0.0841309 0.0793889 0.0732918 0.0660819 0.0580467 0.0495423 0.0409503 0.0326895 0.0251515 0.0186618 0.0135149 0.00980736 0.00759893 0.0068125 0.00725427 0.008762 0.0110349 0.0138296 0.016899 0.0199734 0.0229026 0.0255136 0.0277228 0.0295002 0.0308137 0.0317099 0.0322114 0.0323634 0.0322227 0.0318116 0.0311767 
0 0.00446143 0.00900332 0.0136567 0.0185257 0.0236385 0.0290493 0.0348156 0.0409098 0.0473559 0.0540714 0.0609459 0.0678512 0.0745387 0.0807992 0.0863503 0.0909089 0.0942425 0.0961022 0.0963362 0.0948508 0.0916588 0.0868855 0.0807719 0.0736386 0.0658565 0.0578456 0.0499588 0.0425837 0.0360299 0.0305242 0.0262678 0.0232903 0.021568 0.0210022 0.0214172 0.0226168 0.0243993 0.0265293 0.0287924 0.0310438 0.0331136 0.0349208 0.036426 0.0375973 0.0384601 0.0390571 0.0394124 0.0395529 0.0395556 0.0394503 0.0392598 0.0390193 0.0387399 0.0384277 0.0381103 0.037799 0.0374625 0.0371241 0.0368147 0.0365134 0.0361865 0.0358593 0.0355711 0.035295 0.0349986 0.0346952 0.0344229 0.0341657 0.0339033 0.0336318 0.0333741 0.033141 0.032911 0.0326689 0.0324385 0.0322391 0.0320355 0.0318285 0.031638 0.0314711 0.0312995 0.0311357 0.0309842 0.0308536 0.0307232 0.0305992 0.0304895 0.0304027 0.0303102 0.0302262 0.0301667 0.0301191 0.0300617 0.030028 0.0300164 0.0299997 0.0299871 0.0300081 0.0300321 0.030051 0.0300945 0.0301607 0.0302159 0.030285 0.0303829 0.030484 0.0305806 0.0307075 0.030849 0.0309882 0.0311381 0.0313176 0.0314998 0.0316881 0.0318913 0.0321191 0.0323501 0.0325894 0.0328426 0.0331247 0.0334073 0.0336939 0.0340028 0.0343409 0.0346731 0.0350124 0.0353791 0.0357674 0.0361588 0.0365583 0.0369773 0.0374197 0.0378839 0.038351 0.0388316 0.0393425 0.0398886 0.0404435 0.0410134 0.0416242 0.0422755 0.0429429 0.043643 0.0444096 0.0452155 0.0460538 0.046958 0.0479519 0.0490278 0.0502097 0.0515247 0.0529886 0.0546636 0.0565932 0.0587943 0.0612879 0.0641127 0.0672322 0.0706041 0.0741662 0.0777571 0.0812174 0.0843389 0.0868749 0.088591 0.0892903 0.0887607 0.0868676 0.0835574 0.0788132 0.0727947 0.065704 0.0578264 0.0495239 0.0411574 0.0331291 0.0258175 0.0195662 0.0146143 0.0111283 0.0091339 0.00855717 0.00927448 0.0110387 0.0136347 0.0167848 0.0202139 0.0237151 0.0270469 0.0300823 0.0327126 0.0348676 0.0365628 0.0377847 0.038585 0.0390068 0.0390783 0.0388629 0.0383703 
0 0.00465548 0.00937748 0.0142385 0.0192975 0.0246152 0.0302425 0.0362065 0.0425212 0.0491601 0.0560495 0.0630814 0.0700742 0.0768169 0.0830629 0.0885275 0.0929629 0.0961022 0.0977409 0.0977339 0.0959874 0.0925559 0.0875495 0.0812127 0.0738707 0.0658714 0.0576161 0.0494675 0.041779 0.034854 0.0289407 0.0241965 0.0207063 0.0184641 0.0173881 0.0173601 0.0181824 0.0196658 0.0215712 0.0237112 0.0258998 0.0279804 0.029863 0.0314477 0.0327309 0.0337143 0.0344188 0.0348586 0.0351008 0.0351735 0.0351381 0.0350384 0.0348453 0.0346043 0.0343441 0.0340962 0.0338297 0.033558 0.0332645 0.0329891 0.0327284 0.0324727 0.0322099 0.0319361 0.0316874 0.0314501 0.0312112 0.0309521 0.0307289 0.030504 0.0302812 0.0300511 0.0298506 0.0296465 0.0294473 0.029248 0.0290721 0.0289013 0.0287276 0.0285641 0.02842 0.0282834 0.0281396 0.0280182 0.0279068 0.0278047 0.0276968 0.0276171 0.0275391 0.0274726 0.0274031 0.027364 0.0273194 0.0272886 0.02726 0.0272595 0.0272469 0.027255 0.0272684 0.0273019 0.0273238 0.0273751 0.0274273 0.0274936 0.0275562 0.0276509 0.0277387 0.0278423 0.0279502 0.0280861 0.0282113 0.0283574 0.0285125 0.0286894 0.0288562 0.0290482 0.0292536 0.0294717 0.0296845 0.0299268 0.0301837 0.0304431 0.0307099 0.0310031 0.0313116 0.0316177 0.0319416 0.0322848 0.0326527 0.0330077 0.0333851 0.0337903 0.0342242 0.0346299 0.0350689 0.0355466 0.0360522 0.0365421 0.0370569 0.0376152 0.0382202 0.0388405 0.0394726 0.0401611 0.040898 0.0417012 0.0425497 0.0434604 0.0444462 0.0455698 0.0468022 0.0481813 0.0497606 0.0515684 0.0536532 0.0560386 0.0587486 0.0617831 0.0651486 0.0687489 0.0724967 0.0762307 0.0797742 0.0829248 0.0854388 0.0871082 0.0877033 0.0870732 0.0850963 0.0817283 0.077012 0.0710805 0.0641436 0.0564864 0.0484445 0.0403596 0.032637 0.0256199 0.0196475 0.014982 0.011751 0.0100277 0.00973361 0.0107361 0.0128414 0.0157929 0.0193448 0.0232245 0.0271862 0.0310242 0.0345632 0.0376925 0.0403475 0.0424974 0.0441592 0.0453563 0.0461277 0.0465224 0.0465676 0.0463034 
0 0.00471186 0.00949037 0.0144222 0.0195565 0.0249638 0.0306924 0.0367591 0.0431829 0.0499175 0.0568845 0.063967 0.0709656 0.0776728 0.0838313 0.089158 0.0934154 0.0963362 0.0977339 0.0974784 0.0954886 0.0918374 0.0866397 0.0801451 0.0726704 0.0645435 0.0561497 0.0478294 0.0399206 0.0327172 0.0264608 0.0213132 0.0173777 0.0146702 0.0131419 0.0127007 0.0131624 0.0143625 0.0160657 0.0180992 0.0202764 0.0224145 0.0244062 0.0261245 0.0275599 0.028709 0.0295885 0.0301948 0.030585 0.0307833 0.0308583 0.0308652 0.0307711 0.0306341 0.0304603 0.0302847 0.0300902 0.0298901 0.029665 0.0294664 0.029273 0.0290576 0.0288461 0.0286352 0.0284473 0.0282499 0.0280488 0.0278334 0.0276644 0.0274774 0.0272885 0.0271011 0.0269393 0.0267689 0.0266092 0.0264483 0.0262989 0.0261655 0.0260271 0.0258949 0.0257771 0.0256746 0.0255571 0.0254666 0.0253776 0.0253006 0.0252177 0.0251646 0.0250989 0.0250553 0.0250089 0.0249834 0.0249472 0.0249401 0.0249231 0.0249259 0.0249247 0.0249493 0.0249599 0.0249961 0.0250291 0.0250818 0.0251242 0.0251965 0.02526 0.0253433 0.0254229 0.0255293 0.025623 0.0257446 0.0258624 0.0259999 0.0261326 0.0262972 0.0264487 0.0266233 0.0268058 0.027007 0.027196 0.0274207 0.0276509 0.0278858 0.0281294 0.0284017 0.0286768 0.0289606 0.0292608 0.0295713 0.0299103 0.0302474 0.0305945 0.03096 0.0313681 0.0317539 0.0321683 0.0326007 0.0330665 0.0335353 0.0340327 0.0345438 0.0351048 0.0356896 0.036288 0.0369478 0.0376565 0.0384202 0.0392302 0.0401236 0.0411053 0.0422442 0.043497 0.0449119 0.0465513 0.048455 0.0506723 0.0532127 0.0560867 0.0592877 0.0628189 0.0665631 0.0704257 0.0742194 0.077762 0.0808554 0.0832545 0.0847705 0.0851888 0.0843879 0.0822796 0.0788446 0.0741402 0.0683042 0.0615384 0.05412 0.0463746 0.0386223 0.031255 0.024592 0.0189565 0.0146106 0.0116788 0.0102515 0.0102625 0.0115899 0.0140607 0.0174176 0.0214232 0.0258055 0.0303036 0.0347118 0.0388344 0.0425481 0.0457816 0.0484833 0.0506712 0.0523562 0.0535712 0.054368 0.0547605 0.054796 
