0 0 0 0 0 0 0 0 0 0 0 0 0 0 0 0 0 0 0 0 0 0 0 0 0 0 0 0 0 0 0 0 0 0 0 0 0 0 0 0 0 0 0 0 0 0 0 0 0 0 0 0 0 0 0 0 0 0 0 0 0 0 0 0 0 0 0 0 0 0 0 0 0 0 0 0 0 0 0 0 0 0 0 0 0 0 0 0 0 0 0 0 0 0 0 0 0 0 0 0 0 0 0 0 0 0 0 0 0 0 0 0 0 0 0 0 0 0 0 0 0 0 0 0 0 0 0 0 0 0 0 0 0 0 0 0 0 0 0 0 0 0 0 0 0 0 0 0 0 0 0 0 0 0 0 0 0 0 0 0 0 0 0 0 0 0 0 0 0 0 0 0 0 0 0 0 0 0 0 0 0 0 0 0 0 0 0 0 0 0 0 0 0 0 0 0 0 0 0 0 
0 2.80245e-06 -3.35148e-06 1.85118e-06 8.87177e-07 5.59742e-07 9.09512e-06 8.23977e-06 1.74168e-05 2.75827e-05 3.65744e-05 6.08842e-05 8.76064e-05 0.000130735 0.000193469 0.000276177 0.000385489 0.000528082 0.000703 0.000911201 0.00117221 0.00145811 0.00179494 0.00216649 0.00253601 0.00292826 0.00326189 0.00353491 0.00371862 0.00375467 0.00366366 0.00340753 0.00299802 0.00243922 0.00176331 0.00099424 0.000190373 -0.000575993 -0.00127911 -0.00184267 -0.00226965 -0.00253472 -0.00265401 -0.00262154 -0.00245796 -0.00222109 -0.00191049 -0.00160197 -0.0013035 -0.00102248 -0.000751797 -0.000535201 -0.000351011 -0.000195009 -8.69751e-05 2.31107e-05 0.000121184 0.000210015 0.000263689 0.000325152 0.000387544 0.000462226 0.00050993 0.00054894 0.000607611 0.000664759 0.000713417 0.000751909 0.000802825 0.000844287 0.000900895 0.000935064 0.000974764 0.00101689 0.00106901 0.00109635 0.00113433 0.00117499 0.00121354 0.00124383 0.00127719 0.00130947 0.00134183 0.00137428 0.00139495 0.00142404 0.00145401 0.00147852 0.00148959 0.0015209 0.00154207 0.0015554 0.00156523 0.00159494 0.00160168 0.00160913 0.00162046 0.00164081 0.00163449 0.00164207 0.00165105 0.00165732 0.00164399 0.00165356 0.00165384 0.00164677 0.00163315 0.00164129 0.00162834 0.00161384 0.001603 0.00160255 0.00157847 0.00156338 0.00155136 0.00153824 0.00151215 0.00149575 0.00147651 0.00145648 0.00143421 0.00140779 0.00138527 0.00136602 0.00134205 0.00130493 0.00128912 0.0012662 0.00123892 0.00120319 0.00118848 0.00115937 0.00114185 0.00110986 0.00108416 0.00106476 0.0010585 0.0010306 0.00100227 0.000995501 0.000994037 0.000995815 0.000976794 0.000981458 0.00100911 0.0010602 0.0010959 0.00117542 0.00128389 0.00142609 0.00162043 0.00184393 0.00208318 0.00233012 0.00259393 0.00280183 0.00295078 0.00298225 0.00288063 0.00262608 0.00221719 0.00167447 0.000986627 0.000227575 -0.000579014 -0.00136689 -0.00208444 -0.00268395 -0.00315041 -0.00346269 -0.00360286 -0.00362121 -0.0034822 -0.00324984 -0.00294945 -0.00258429 -0.00222722 -0.00186546 -0.001532 -0.00124003 -0.000983971 -0.000770452 -0.000596698 -0.000458603 -0.000343997 -0.000265597 -0.000198287 -0.000151331 -0.000124585 -9.45533e-05 -8.69547e-05 -7.63822e-05 -6.75749e-05 -7.16257e-05 -6.30432e-05 -6.52924e-05 -6.65302e-05 -6.06887e-05 -6.79466e-05 -6.33817e-05 
0 -3.35148e-06 1.12171e-05 -2.15697e-06 1.08687e-05 1.01652e-05 5.97057e-06 2.3691e-05 2.25613e-05 4.6868e-05 7.73596e-05 0.000116662 0.000187617 0.000274565 0.00039864 0.000563261 0.000779638 0.00105277 0.00140201 0.00182849 0.00233271 0.0029342 0.00359932 0.00433028 0.00509682 0.00583954 0.00652281 0.00707297 0.0074215 0.00751896 0.00732918 0.00681285 0.00598874 0.00488575 0.00352017 0.00200734 0.000431815 -0.00112118 -0.00249296 -0.00363089 -0.00449256 -0.00501512 -0.00523407 -0.00517774 -0.00486323 -0.00437087 -0.00379639 -0.00316977 -0.00255549 -0.00198675 -0.00146815 -0.00102584 -0.000653733 -0.000367158 -0.000110982 0.000121124 0.000306914 0.000443849 0.00059355 0.000739208 0.000855449 0.000979816 0.00108753 0.00119429 0.00129912 0.00141495 0.00150366 0.00160479 0.00169268 0.00178936 0.00188779 0.00197255 0.00204401 0.00213615 0.00223235 0.0022943 0.00236961 0.00244899 0.00252921 0.00258611 0.00265963 0.00271596 0.00279051 0.00284389 0.00289884 0.0029443 0.00301634 0.00305187 0.00309073 0.00313717 0.00319312 0.00320725 0.00324259 0.00328464 0.00331361 0.00331627 0.00335214 0.00337662 0.00338077 0.00338232 0.00341213 0.00341056 0.00340075 0.00340402 0.00341716 0.00339045 0.00337882 0.00337758 0.00336658 0.0033249 0.00331696 0.00329914 0.00326737 0.00322333 0.00321161 0.00317142 0.00313339 0.00308779 0.00306003 0.00300988 0.00297326 0.00291431 0.00287434 0.00283081 0.00278309 0.00271297 0.0026756 0.00263342 0.0025694 0.00251029 0.00246825 0.00242138 0.00236305 0.00231521 0.00225959 0.00222952 0.00218196 0.00213392 0.00209749 0.00208663 0.00204726 0.0020309 0.00203939 0.00204924 0.00208221 0.00215408 0.00226385 0.00240804 0.0026294 0.00292507 0.00330442 0.00372553 0.004208 0.004733 0.00522527 0.00565077 0.00593398 0.0059789 0.00576024 0.00527102 0.00445076 0.00334467 0.00199956 0.000450535 -0.00115581 -0.00271523 -0.00414544 -0.00534009 -0.0062592 -0.00688196 -0.00719008 -0.00719679 -0.00694629 -0.00647977 -0.00585632 -0.00516011 -0.00442906 -0.00372029 -0.00307013 -0.00248271 -0.00197631 -0.00154905 -0.00119588 -0.00090717 -0.000691019 -0.000517218 -0.000390628 -0.000310874 -0.000234501 -0.000204087 -0.000172675 -0.000146123 -0.000151798 -0.000126431 -0.000134246 -0.000133285 -0.000118911 -0.000137794 -0.000120386 -0.000129567 
0 1.85118e-06 -2.15697e-06 4.62844e-06 6.38187e-06 8.42697e-06 2.37423e-05 3.10114e-05 5.20855e-05 8.31375e-05 0.000119127 0.000187421 0.000277446 0.000409482 0.00059857 0.000849897 0.00117941 0.00160528 0.00213098 0.00276413 0.00353664 0.00440877 0.00541256 0.00651278 0.00763253 0.00877408 0.00977678 0.0105889 0.0111212 0.0112473 0.010969 0.0102133 0.00899934 0.00735086 0.00534735 0.00308512 0.000722381 -0.00155376 -0.00361932 -0.00530426 -0.00657434 -0.0073702 -0.00772244 -0.00763618 -0.00717047 -0.00646214 -0.00556591 -0.00464066 -0.00373746 -0.00288526 -0.00208504 -0.00141764 -0.0008535 -0.000384786 -2.44058e-05 0.00031519 0.000613621 0.000873625 0.00106722 0.0012646 0.00145945 0.00167161 0.0018315 0.00197234 0.00214562 0.00231879 0.00247056 0.00260393 0.00275378 0.00289229 0.00305317 0.00317224 0.00329556 0.00342863 0.00357629 0.00367585 0.00379192 0.00391434 0.00403178 0.00413005 0.00423276 0.00433144 0.00443232 0.00452723 0.0046002 0.00468577 0.00477622 0.00484813 0.00489677 0.00497994 0.00504632 0.00508916 0.0051293 0.00520236 0.00523304 0.0052575 0.00529412 0.00534145 0.00533903 0.00535716 0.00538234 0.00539447 0.0053712 0.00538678 0.00538777 0.00536631 0.00533597 0.00534234 0.00531028 0.00526742 0.00523655 0.00521995 0.00515918 0.00510928 0.00507049 0.00502356 0.00495235 0.00489535 0.00483697 0.00477214 0.00470253 0.00462294 0.00455276 0.00448687 0.00440911 0.00430684 0.004245 0.00417185 0.00408403 0.00398365 0.00392185 0.00383824 0.00376798 0.0036757 0.00359494 0.00353243 0.00348811 0.00340672 0.00332909 0.00329733 0.00327548 0.00326156 0.00322334 0.00323457 0.00330359 0.00343121 0.00355926 0.00378712 0.00410924 0.00453829 0.0051027 0.00575242 0.00645824 0.00719469 0.0079408 0.00854479 0.00895015 0.00901576 0.00868426 0.0079103 0.00667915 0.00503612 0.00299792 0.000724165 -0.00167056 -0.0040077 -0.00613735 -0.00792574 -0.00931159 -0.0102421 -0.0106854 -0.0107268 -0.0103402 -0.00965726 -0.0087599 -0.00770149 -0.00663162 -0.0055668 -0.00458086 -0.00370844 -0.00294725 -0.00230923 -0.00178751 -0.00136863 -0.00103304 -0.000788091 -0.000592496 -0.000455689 -0.000365264 -0.000289861 -0.000256561 -0.000226115 -0.000207324 -0.000205808 -0.000192319 -0.000194251 -0.00019493 -0.000187969 -0.00019383 -0.000191842 
0 8.87177e-07 1.08687e-05 6.38187e-06 1.52087e-05 1.97838e-05 2.66092e-05 4.65208e-05 6.5919e-05 0.000108917 0.00016873 0.000258018 0.000391265 0.000573068 0.000826144 0.00116205 0.00160233 0.00216265 0.00286444 0.00371922 0.00473758 0.00592255 0.00725409 0.00870578 0.0102116 0.0116916 0.0130298 0.0141063 0.0147967 0.0149851 0.0146111 0.0136136 0.0120076 0.00984225 0.00719513 0.00423456 0.001146 -0.00186311 -0.00456614 -0.00680537 -0.00849045 -0.00954934 -0.0100059 -0.00990418 -0.00931117 -0.00837079 -0.0072232 -0.00599155 -0.00477408 -0.00362593 -0.00257607 -0.00166962 -0.000906554 -0.000283396 0.000242632 0.00071285 0.00111102 0.00144007 0.00174057 0.00202853 0.00229472 0.00255818 0.00279101 0.00301062 0.00323976 0.00347121 0.00367748 0.00387827 0.00407492 0.00427478 0.00447838 0.00465638 0.0048235 0.00500895 0.00519625 0.0053466 0.00550297 0.00566697 0.00582512 0.00596225 0.00610282 0.00623491 0.00637398 0.00649645 0.0066062 0.00671639 0.00683943 0.00693153 0.00701341 0.00711146 0.00720517 0.00726245 0.00732861 0.00740819 0.00746158 0.00749355 0.0075475 0.00759508 0.00761003 0.00762723 0.0076618 0.00766905 0.00765639 0.00766217 0.00766629 0.0076348 0.00760692 0.00759578 0.00756203 0.00750297 0.007466 0.00742682 0.00735923 0.00728618 0.00723412 0.00716207 0.00707628 0.00699124 0.00691426 0.00682198 0.00672825 0.00662093 0.00652525 0.00642974 0.00632049 0.00619341 0.00609636 0.00599543 0.00587043 0.00574577 0.00564457 0.0055367 0.00542155 0.00530572 0.00519436 0.00510528 0.00501275 0.00490812 0.00481914 0.00476312 0.0047033 0.00466266 0.0046435 0.00465561 0.00472441 0.00486292 0.00506055 0.00535404 0.00578246 0.00635899 0.0070874 0.0079254 0.00885618 0.00983953 0.0107822 0.0115651 0.012058 0.0121061 0.0116344 0.0105958 0.00894839 0.00674074 0.00405163 0.00101673 -0.00214954 -0.00523245 -0.00804642 -0.0104146 -0.0122454 -0.0134814 -0.014099 -0.0141402 -0.0136591 -0.0127627 -0.0115672 -0.0101995 -0.00877527 -0.00738181 -0.00608983 -0.00493125 -0.00392692 -0.00307798 -0.00237875 -0.00181368 -0.00137341 -0.00103574 -0.000782779 -0.000607224 -0.000475287 -0.000393459 -0.000337419 -0.000296882 -0.000282943 -0.000262628 -0.000260181 -0.000256872 -0.000250361 -0.000259819 -0.000250484 -0.000256169 
0 5.59742e-07 1.01652e-05 8.42697e-06 1.97838e-05 3.05281e-05 4.10373e-05 6.80407e-05 9.78225e-05 0.000150811 0.000229681 0.000341918 0.000510352 0.000742649 0.00106346 0.00149177 0.00205046 0.00275968 0.00364251 0.00471707 0.00598811 0.00746796 0.00912641 0.010927 0.012801 0.0146268 0.0162844 0.0176122 0.018459 0.0187001 0.0182363 0.0170188 0.0150487 0.0123893 0.00914392 0.00551001 0.00171925 -0.00197482 -0.00529817 -0.0080667 -0.0101472 -0.0114755 -0.0120565 -0.0119467 -0.0112404 -0.0100894 -0.00867968 -0.00715247 -0.00563472 -0.00419207 -0.0028755 -0.0017198 -0.000743656 6.1231e-05 0.000746836 0.00134472 0.00186414 0.00230115 0.00269643 0.00306264 0.00341451 0.00375041 0.0040588 0.00434937 0.00464225 0.00493727 0.00520975 0.00547235 0.00572607 0.00598779 0.00624145 0.00647823 0.00670048 0.00693719 0.00716716 0.00737468 0.00757621 0.00778396 0.00798384 0.0081672 0.00834531 0.00851836 0.00869208 0.00884917 0.00899513 0.00913813 0.00928587 0.00940762 0.00952174 0.00963946 0.00975275 0.00983624 0.00992419 0.0100127 0.0100844 0.0101348 0.0101979 0.010249 0.0102797 0.0103033 0.010337 0.0103457 0.010342 0.0103412 0.0103388 0.0103066 0.0102763 0.0102484 0.010206 0.0101406 0.0100881 0.0100278 0.00994884 0.00985943 0.00978257 0.00968914 0.00958347 0.00947339 0.0093686 0.00925129 0.00912642 0.00899319 0.00886595 0.00873689 0.00859231 0.00844044 0.00830259 0.00816549 0.00800624 0.00785011 0.00770562 0.00756563 0.00741187 0.00726017 0.00711428 0.00699018 0.00686125 0.00672669 0.00660721 0.00651808 0.00644182 0.00637824 0.00634438 0.00635149 0.00643326 0.00659194 0.00684002 0.0071997 0.00772503 0.00843528 0.00932265 0.0103512 0.0114848 0.0126705 0.0137909 0.0147159 0.015267 0.0152832 0.0146537 0.013318 0.0112464 0.00848269 0.00514317 0.00138812 -0.00252363 -0.00633812 -0.00981727 -0.0127589 -0.0150348 -0.0165724 -0.0173582 -0.017419 -0.0168502 -0.0157633 -0.0143038 -0.0126342 -0.0108784 -0.00916164 -0.0075611 -0.00612364 -0.00487736 -0.00382362 -0.00295563 -0.00225489 -0.00170893 -0.00128638 -0.000973713 -0.000750465 -0.000586547 -0.000484435 -0.000411552 -0.000365949 -0.000345036 -0.0003233 -0.000321981 -0.000316431 -0.000311028 -0.000319665 -0.000312578 -0.000318464 
0 9.09512e-06 5.97057e-06 2.37423e-05 2.66092e-05 4.10373e-05 6.57691e-05 8.83513e-05 0.000141002 0.000204324 0.000302231 0.000449002 0.000651189 0.000940161 0.00133223 0.00185693 0.00253342 0.00339967 0.00446635 0.0057577 0.00729874 0.00905961 0.0110501 0.013201 0.015416 0.0175962 0.0195508 0.0211178 0.0221257 0.0224098 0.0218654 0.0204428 0.0181338 0.0150001 0.0112101 0.00694289 0.00248844 -0.00182717 -0.00575198 -0.00902083 -0.0114798 -0.0130747 -0.0137923 -0.0136796 -0.0128749 -0.0115506 -0.00987742 -0.00807152 -0.00625948 -0.00452404 -0.0029262 -0.00152089 -0.000324525 0.000694574 0.00154344 0.00227771 0.0029272 0.00350476 0.00399076 0.00444202 0.00489035 0.00531349 0.00570212 0.00606438 0.0064346 0.00679407 0.00714511 0.00746457 0.00779114 0.00811033 0.00842426 0.00871635 0.00900639 0.00929045 0.00956798 0.00983436 0.0100857 0.0103384 0.0105796 0.0108143 0.0110283 0.0112492 0.0114514 0.0116508 0.0118288 0.0120135 0.0121759 0.0123379 0.0124786 0.0126237 0.0127464 0.0128685 0.0129702 0.0130742 0.0131561 0.0132369 0.013299 0.0133607 0.0134009 0.0134407 0.0134621 0.0134813 0.0134802 0.0134801 0.0134602 0.0134382 0.0133974 0.0133585 0.0132982 0.0132379 0.013159 0.0130838 0.0129857 0.0128896 0.0127761 0.0126681 0.0125358 0.0124071 0.012265 0.0121274 0.0119657 0.0118097 0.0116456 0.0114815 0.0113002 0.0111223 0.010942 0.0107599 0.0105717 0.0103758 0.0101891 0.0100035 0.0098196 0.00961972 0.00943969 0.00926495 0.00910651 0.00893517 0.00877471 0.00864088 0.00855161 0.00846711 0.00839486 0.0083988 0.0084924 0.00867422 0.00895115 0.00938906 0.0100069 0.0108369 0.011872 0.0130839 0.0144007 0.0157485 0.0170335 0.0180525 0.0186243 0.0185795 0.01777 0.016108 0.0136057 0.0102973 0.00629886 0.00186204 -0.00277362 -0.00729908 -0.0114148 -0.0149138 -0.017629 -0.0194677 -0.0204158 -0.0205262 -0.0198735 -0.0186184 -0.0169305 -0.0149625 -0.01291 -0.0108833 -0.00898385 -0.00728561 -0.00580104 -0.0045482 -0.00351423 -0.00268333 -0.00202451 -0.00152592 -0.00115223 -0.000875189 -0.00069587 -0.000558792 -0.000479281 -0.000433546 -0.000391088 -0.000387885 -0.00037194 -0.000369665 -0.000378403 -0.000365827 -0.000381581 -0.000377469 
0 8.23977e-06 2.3691e-05 3.10114e-05 4.65208e-05 6.80407e-05 8.83513e-05 0.000132308 0.000187094 0.000268139 0.00039884 0.000574019 0.000828924 0.0011816 0.00165003 0.00227223 0.00307888 0.00408861 0.00534587 0.00687275 0.00865699 0.0107404 0.0130474 0.0155293 0.0181144 0.0205891 0.0228489 0.024651 0.0257937 0.0261454 0.0255269 0.0239085 0.0212748 0.0177243 0.0134009 0.0085716 0.00353772 -0.00138867 -0.00583939 -0.00959302 -0.0124309 -0.0142846 -0.0151158 -0.0150277 -0.0141544 -0.0126465 -0.0107831 -0.00870085 -0.00658085 -0.00454089 -0.00268749 -0.0010132 0.00042165 0.00163202 0.00269785 0.00359971 0.00438328 0.00505131 0.00568519 0.00625885 0.00680048 0.00728277 0.00776887 0.00824056 0.00867806 0.00910744 0.00952412 0.00993477 0.0103186 0.0107138 0.0110701 0.0114411 0.0117868 0.0121314 0.0124479 0.0127809 0.0130813 0.0133796 0.0136653 0.0139451 0.0142059 0.0144634 0.0147068 0.0149335 0.0151616 0.0153694 0.0155649 0.0157478 0.0159358 0.016087 0.0162398 0.0163797 0.0165163 0.0166146 0.0167275 0.0168179 0.0168995 0.0169514 0.0170214 0.017057 0.0170865 0.0170959 0.0171179 0.017098 0.0170811 0.0170491 0.0170185 0.0169477 0.0168904 0.0168147 0.0167305 0.0166189 0.0165229 0.0164006 0.0162698 0.0161275 0.0159876 0.0158238 0.0156586 0.0154866 0.0153008 0.0151125 0.0149166 0.0147131 0.0144955 0.0142937 0.0140638 0.0138432 0.0136105 0.0133911 0.0131452 0.0129265 0.0126817 0.0124561 0.0122313 0.0120152 0.0117833 0.0115842 0.0114064 0.011226 0.0110741 0.0109482 0.0108984 0.0108876 0.010963 0.0111372 0.0114905 0.0119826 0.0126945 0.0136517 0.0148105 0.0161624 0.0176502 0.0191729 0.0205418 0.0216357 0.022182 0.0220211 0.0209958 0.0190169 0.0160677 0.0121933 0.00759076 0.0024503 -0.0028717 -0.00805992 -0.0127966 -0.0168285 -0.0199632 -0.0221043 -0.0232498 -0.0233872 -0.0227012 -0.0212973 -0.019375 -0.0171775 -0.0148229 -0.0125196 -0.0103562 -0.00839391 -0.00669089 -0.00524206 -0.00404073 -0.00307429 -0.00231947 -0.00173059 -0.00130578 -0.000993552 -0.000770134 -0.000634624 -0.000530262 -0.000476481 -0.00044834 -0.000421666 -0.000424121 -0.000419974 -0.000419685 -0.000431492 -0.000428393 -0.000436682 
0 1.74168e-05 2.25613e-05 5.20855e-05 6.5919e-05 9.78225e-05 0.000141002 0.000187094 0.000270229 0.000371922 0.000526908 0.000742645 0.00104116 0.00145786 0.00201117 0.00274774 0.00368645 0.00487437 0.00633064 0.00808089 0.0101464 0.0125031 0.015136 0.0179588 0.0208584 0.0236722 0.0261997 0.0282171 0.0295093 0.0298996 0.0292215 0.0274389 0.0245327 0.020588 0.0158235 0.0104676 0.00487958 -0.000559662 -0.00552585 -0.00971166 -0.0128948 -0.0150015 -0.0159941 -0.0159362 -0.0150048 -0.0133757 -0.0112819 -0.00894898 -0.00655466 -0.00423277 -0.00207795 -0.000139674 0.00154676 0.00300812 0.00425961 0.00531861 0.00626095 0.00710802 0.00784649 0.00851589 0.0091616 0.0097596 0.0103346 0.0108827 0.0114044 0.0119111 0.0124117 0.0128843 0.0133495 0.0138025 0.0142278 0.0146545 0.0150747 0.0154655 0.015838 0.0162243 0.0165821 0.0169242 0.0172546 0.0175811 0.0178844 0.0181866 0.0184596 0.0187272 0.0189893 0.0192361 0.0194474 0.0196698 0.0198824 0.0200616 0.0202235 0.0204007 0.0205488 0.0206657 0.020786 0.0209061 0.0209856 0.0210517 0.0211265 0.0211798 0.0211971 0.0212192 0.0212394 0.0212239 0.0211894 0.0211684 0.0211249 0.0210477 0.0209714 0.0209011 0.0207911 0.020667 0.0205511 0.020423 0.0202575 0.0200994 0.0199349 0.0197526 0.0195509 0.0193553 0.0191385 0.0189229 0.0186912 0.0184493 0.0182003 0.0179636 0.0176949 0.0174235 0.0171636 0.0168971 0.01661 0.016337 0.016064 0.0157837 0.0155145 0.015245 0.0149848 0.0147399 0.0145023 0.0142788 0.0141123 0.0139642 0.0138544 0.0138375 0.013928 0.0141289 0.0144993 0.0150674 0.0158623 0.0169136 0.018205 0.0197047 0.0213206 0.0229294 0.0243856 0.0254772 0.025963 0.0256678 0.0243954 0.0220455 0.0186399 0.0142332 0.00900423 0.00324713 -0.00273138 -0.00856846 -0.0138885 -0.0184436 -0.0219987 -0.0244393 -0.0257566 -0.025983 -0.0252561 -0.023745 -0.021663 -0.0192188 -0.0166258 -0.0140494 -0.0116158 -0.0094212 -0.00749549 -0.00586672 -0.00451577 -0.00342968 -0.00257267 -0.00191514 -0.00143116 -0.00107057 -0.000834093 -0.000665429 -0.000561423 -0.000507571 -0.000463296 -0.000462459 -0.000450749 -0.000453334 -0.000469892 -0.000462702 -0.000486644 -0.000487973 
0 2.75827e-05 4.6868e-05 8.31375e-05 0.000108917 0.000150811 0.000204324 0.000268139 0.000371922 0.000503559 0.00069641 0.000962496 0.00132376 0.00181943 0.00246757 0.0033172 0.00439886 0.00575151 0.00741279 0.00940449 0.01174 0.0144076 0.0173613 0.0205137 0.0237395 0.0268474 0.0296368 0.0318631 0.0332916 0.0337346 0.0330142 0.0310758 0.0279146 0.0236336 0.0184563 0.0126587 0.00661094 0.000700972 -0.00470846 -0.00929689 -0.0128208 -0.0151697 -0.0162995 -0.016297 -0.0153362 -0.013602 -0.0113474 -0.00878556 -0.00611051 -0.00349801 -0.00106696 0.00114087 0.00308534 0.00478482 0.0062645 0.00752325 0.0086214 0.00960005 0.0104863 0.0112965 0.0120458 0.0127288 0.0134013 0.0140545 0.0146608 0.0152395 0.0158109 0.016365 0.0169018 0.0174172 0.0178989 0.0183898 0.01887 0.0193128 0.0197327 0.0201691 0.0205774 0.020962 0.0213325 0.0216976 0.0220439 0.0223802 0.0226857 0.0229834 0.0232821 0.0235541 0.023791 0.0240379 0.0242796 0.0244753 0.0246576 0.0248542 0.0250223 0.0251488 0.0252853 0.0254182 0.0255087 0.0255795 0.0256661 0.0257238 0.0257446 0.0257678 0.0257938 0.0257741 0.0257379 0.025714 0.0256687 0.0255795 0.0254979 0.0254194 0.0252994 0.0251574 0.0250328 0.0248896 0.0247065 0.024526 0.0243481 0.0241436 0.0239183 0.0236959 0.0234592 0.023216 0.0229545 0.0226803 0.0224044 0.0221368 0.0218313 0.0215211 0.0212266 0.0209275 0.0205972 0.0202781 0.0199613 0.0196471 0.0193346 0.0190128 0.0186964 0.0184165 0.0181494 0.0178772 0.0176494 0.0174711 0.0173618 0.0173335 0.0174059 0.0176168 0.0180391 0.0186772 0.0195602 0.0207112 0.0221038 0.0237105 0.0254408 0.0271363 0.0286125 0.0296646 0.0300374 0.0295417 0.0279901 0.0252733 0.0214006 0.0164528 0.010637 0.00425388 -0.00234481 -0.00877545 -0.0146551 -0.0196962 -0.0236529 -0.0264003 -0.0279157 -0.0282327 -0.0275062 -0.0259112 -0.0236779 -0.0210473 -0.0182315 -0.0154247 -0.0127657 -0.0103485 -0.00822606 -0.00642056 -0.00491896 -0.00371214 -0.00276036 -0.00203184 -0.00149776 -0.00110567 -0.000844422 -0.000666963 -0.000557615 -0.000500782 -0.000463271 -0.000462766 -0.000462386 -0.000472733 -0.000493291 -0.000499409 -0.000523036 -0.000532384 
0 3.65744e-05 7.73596e-05 0.000119127 0.00016873 0.000229681 0.000302231 0.00039884 0.000526908 0.00069641 0.000931434 0.00125137 0.00168141 0.00226124 0.00301824 0.00399506 0.00524106 0.00677689 0.00865747 0.0109025 0.0135055 0.0164832 0.0197493 0.0232218 0.0267684 0.0301583 0.0332003 0.0356225 0.0371779 0.0376706 0.0369218 0.0348582 0.0314862 0.0269318 0.0214003 0.0152255 0.00878138 0.00245746 -0.00333511 -0.00828112 -0.0121171 -0.0147034 -0.0159875 -0.0160694 -0.0151069 -0.0132922 -0.0108996 -0.00812997 -0.00520506 -0.00231728 0.000390132 0.00287697 0.00509578 0.00704183 0.00874824 0.0102087 0.011483 0.0126089 0.0136435 0.0145796 0.0154323 0.0162134 0.0169809 0.0177248 0.018409 0.0190624 0.0196987 0.0203288 0.0209266 0.0215012 0.0220364 0.0225854 0.0231142 0.0236072 0.0240716 0.0245486 0.0250012 0.0254244 0.0258306 0.0262267 0.0266122 0.0269742 0.0273111 0.0276329 0.0279621 0.028252 0.0285169 0.0287798 0.0290445 0.0292542 0.0294586 0.0296639 0.0298503 0.0299867 0.0301382 0.0302749 0.0303798 0.0304553 0.0305505 0.0306087 0.0306398 0.0306617 0.0306913 0.030669 0.0306382 0.0306068 0.0305619 0.0304662 0.0303842 0.030293 0.030171 0.0300166 0.0298859 0.0297269 0.0295375 0.0293373 0.0291497 0.0289266 0.0286867 0.0284399 0.0281906 0.0279231 0.0276383 0.0273391 0.0270425 0.0267453 0.0264111 0.0260727 0.0257455 0.0254177 0.025052 0.0246973 0.0243411 0.0239979 0.0236421 0.023283 0.0229239 0.0226076 0.0223047 0.0219996 0.0217313 0.0215272 0.0214125 0.0213734 0.0214501 0.0216881 0.0221643 0.0228655 0.023833 0.0250773 0.0265674 0.0282656 0.030069 0.0318026 0.0332447 0.0342097 0.0344278 0.0336926 0.0318247 0.0287151 0.0243656 0.0188878 0.0125232 0.00555521 -0.0016161 -0.00860037 -0.0150149 -0.02052 -0.0248688 -0.0279201 -0.0296427 -0.0300712 -0.0293815 -0.0277467 -0.0254056 -0.0226333 -0.0196237 -0.0166118 -0.0137449 -0.0111179 -0.0088165 -0.00684818 -0.00521439 -0.00389969 -0.00286562 -0.0020738 -0.00149261 -0.00107654 -0.000789483 -0.000610528 -0.000499251 -0.000444071 -0.000425884 -0.000422542 -0.000441833 -0.000462201 -0.00048492 -0.00051624 -0.000536901 -0.000563791 
0 6.08842e-05 0.000116662 0.000187421 0.000258018 0.000341918 0.000449002 0.000574019 0.000742645 0.000962496 0.00125137 0.0016408 0.00215533 0.00282794 0.00370627 0.00483119 0.0062346 0.00798303 0.0100903 0.0125844 0.0154974 0.0187593 0.0223534 0.0261542 0.0299788 0.0336707 0.0369342 0.0395366 0.0412259 0.0417613 0.0409938 0.0388314 0.0352983 0.0304957 0.0247039 0.0182152 0.0114307 0.00479348 -0.00134499 -0.00659955 -0.0107169 -0.0135214 -0.0149934 -0.015168 -0.0142264 -0.0124025 -0.00987962 -0.00694286 -0.00380276 -0.000674464 0.00232582 0.00507007 0.00755419 0.00977637 0.0116994 0.0133598 0.0148067 0.0161252 0.0172817 0.0183337 0.0192845 0.0201882 0.0210342 0.0218441 0.0226085 0.0233286 0.024031 0.0247058 0.0253696 0.0259781 0.0265771 0.0271521 0.0277304 0.0282512 0.0287637 0.029257 0.0297488 0.0301968 0.0306306 0.031048 0.0314583 0.0318407 0.0321947 0.032542 0.0328784 0.0331906 0.0334668 0.0337512 0.0340128 0.0342498 0.0344568 0.0346781 0.0348599 0.0350243 0.0351685 0.0353197 0.0354213 0.0355203 0.035601 0.0356755 0.0357028 0.0357412 0.0357535 0.03575 0.035712 0.03569 0.035629 0.0355526 0.035457 0.0353706 0.0352366 0.0350962 0.0349463 0.034791 0.0345921 0.0343946 0.0341893 0.0339673 0.0337155 0.0334604 0.0332019 0.032923 0.0326254 0.0323117 0.0320099 0.0316837 0.0313437 0.0309806 0.0306453 0.0302807 0.0299096 0.0295158 0.0291532 0.0287727 0.0283909 0.0279963 0.0276306 0.0272785 0.0269296 0.0266092 0.0263294 0.0261195 0.0259676 0.0259485 0.0260505 0.0263399 0.0268457 0.0276425 0.0286982 0.0300167 0.0316084 0.0333869 0.0352279 0.0369383 0.0383419 0.0391463 0.0391657 0.0381619 0.0359409 0.0324118 0.0275907 0.0216142 0.0146948 0.00721253 -0.000500703 -0.00800875 -0.0149025 -0.0208532 -0.0255807 -0.0289356 -0.0308634 -0.0314548 -0.0308111 -0.0291762 -0.0267916 -0.0238804 -0.0207462 -0.0175559 -0.0144995 -0.0117116 -0.00923434 -0.00712475 -0.00537382 -0.00395718 -0.002846 -0.0020055 -0.00138066 -0.000942344 -0.000655821 -0.000463203 -0.000368259 -0.00032433 -0.000311477 -0.000341311 -0.000364886 -0.000407412 -0.000455274 -0.00048622 -0.000537478 -0.000569795 
0 8.76064e-05 0.000187617 0.000277446 0.000391265 0.000510352 0.000651189 0.000828924 0.00104116 0.00132376 0.00168141 0.00215533 0.00276614 0.00355901 0.00457838 0.00585064 0.0074545 0.00939985 0.0117499 0.0145292 0.0177144 0.0213166 0.0252235 0.0293306 0.0334687 0.0374008 0.0408897 0.0436657 0.0454678 0.0460579 0.0452954 0.0430534 0.0393766 0.0344173 0.0283815 0.0216689 0.0146482 0.00772828 0.00133241 -0.00419432 -0.00857634 -0.0116111 -0.0132378 -0.0135511 -0.0126788 -0.0108479 -0.00828732 -0.00522687 -0.00189678 0.00147582 0.00470322 0.00771267 0.0104589 0.0129111 0.01507 0.0169619 0.0185871 0.020014 0.0213234 0.0225106 0.0235632 0.0245258 0.0254472 0.0263326 0.0271612 0.0279262 0.0286643 0.0293941 0.0300869 0.0307335 0.0313574 0.0319671 0.0325545 0.0331103 0.0336376 0.0341487 0.0346502 0.0351196 0.0355617 0.0359916 0.0364114 0.0367986 0.0371662 0.0375201 0.0378603 0.0381724 0.0384682 0.0387475 0.0390125 0.0392524 0.0394765 0.0396841 0.0398759 0.0400441 0.0401982 0.0403354 0.0404544 0.0405532 0.0406389 0.0407049 0.0407533 0.0407853 0.0408022 0.0407978 0.0407794 0.0407453 0.0406937 0.0406218 0.0405395 0.0404396 0.040322 0.0401858 0.0400411 0.0398783 0.0396982 0.0394996 0.0392963 0.0390755 0.0388341 0.0385771 0.0383218 0.0380455 0.0377461 0.0374393 0.0371344 0.0368071 0.0364616 0.0361094 0.0357565 0.0353953 0.0350165 0.0346216 0.0342366 0.0338627 0.0334694 0.0330611 0.0326725 0.0323154 0.0319776 0.0316408 0.031333 0.0311257 0.0310342 0.0310234 0.031145 0.0314929 0.0320964 0.0329727 0.034129 0.0355534 0.0372072 0.0390382 0.0409028 0.0425941 0.0438657 0.0444996 0.0442702 0.0429337 0.0403493 0.0364079 0.0311175 0.0246404 0.0172446 0.00923759 0.00104453 -0.00691538 -0.0142751 -0.02062 -0.0257108 -0.0293741 -0.0315401 -0.0322852 -0.0317508 -0.0301482 -0.0277271 -0.0247744 -0.0215143 -0.0182014 -0.0150095 -0.0120529 -0.00944948 -0.00720163 -0.00534141 -0.00384159 -0.00266424 -0.00178121 -0.00112928 -0.000685235 -0.000386825 -0.000217133 -0.000131129 -0.000101291 -0.000130262 -0.000162501 -0.000229161 -0.000295123 -0.000352847 -0.000431917 -0.000479274 -0.00054324 
0 0.000130735 0.000274565 0.000409482 0.000573068 0.000742649 0.000940161 0.0011816 0.00145786 0.00181943 0.00226124 0.00282794 0.00355901 0.00447649 0.00565079 0.00710898 0.0089108 0.0111045 0.0137143 0.016774 0.0202759 0.024177 0.0284041 0.0328205 0.0372314 0.0414267 0.0451212 0.0480542 0.0499661 0.050608 0.0498424 0.0475582 0.0438012 0.0387107 0.0325381 0.0256512 0.0184317 0.0113163 0.00470092 -0.00105186 -0.00565559 -0.00890106 -0.0107448 -0.0112171 -0.010453 -0.00868822 -0.00609914 -0.00295633 0.000495462 0.00403738 0.00749829 0.010742 0.0137338 0.0164322 0.0187963 0.0208667 0.0226626 0.0242651 0.0256851 0.0269466 0.0280737 0.0291328 0.0301062 0.0310172 0.0318814 0.0326853 0.0334542 0.034195 0.0349026 0.0355594 0.0362084 0.0368148 0.0374056 0.037965 0.0385046 0.0390061 0.0395084 0.039975 0.0404179 0.0408438 0.0412571 0.0416367 0.0420041 0.0423569 0.0426808 0.0429904 0.0432869 0.0435612 0.0438082 0.0440551 0.0442756 0.0444756 0.0446567 0.0448373 0.044982 0.0451157 0.0452334 0.0453442 0.0454181 0.0454898 0.0455434 0.0455845 0.0455926 0.0456043 0.045593 0.0455653 0.0455129 0.0454653 0.0453875 0.0452945 0.0451875 0.045077 0.0449335 0.0447833 0.0446224 0.0444437 0.0442442 0.0440423 0.0438209 0.0435787 0.0433364 0.0430762 0.0427955 0.0425054 0.0422186 0.0418973 0.0415758 0.0412414 0.0409036 0.0405442 0.0401916 0.03981 0.0394431 0.0390703 0.0386872 0.0382989 0.0379397 0.0375804 0.0372356 0.0369373 0.0366764 0.0364951 0.0364131 0.0364682 0.0366812 0.0371247 0.0378097 0.0387992 0.0400663 0.0415856 0.0433384 0.0452197 0.0470601 0.0486632 0.0498045 0.0502115 0.0497049 0.0480376 0.0450502 0.0406739 0.0349357 0.0280066 0.0201536 0.0117217 0.00309391 -0.00529371 -0.0130511 -0.0197821 -0.0252152 -0.0291701 -0.031576 -0.0325193 -0.0321143 -0.0305972 -0.028215 -0.0252257 -0.02191 -0.0184932 -0.0151731 -0.0121031 -0.0093714 -0.00702146 -0.00507888 -0.00350493 -0.00228214 -0.00136698 -0.000697461 -0.000253832 3.47134e-05 0.000186552 0.000241114 0.000239871 0.000179171 0.000106658 1.11228e-05 -8.98582e-05 -0.000183264 -0.000287205 -0.000371848 -0.00046146 
0 0.000193469 0.00039864 0.00059857 0.000826144 0.00106346 0.00133223 0.00165003 0.00201117 0.00246757 0.00301824 0.00370627 0.00457838 0.00565079 0.00700023 0.0086595 0.0106786 0.0131221 0.0160047 0.0193616 0.0231863 0.0274119 0.0319656 0.0366863 0.0413679 0.0457963 0.0496756 0.0527516 0.0547605 0.0554588 0.054704 0.0523925 0.0485769 0.0434012 0.0371371 0.0301465 0.0228133 0.0155652 0.00878733 0.00284389 -0.00197262 -0.00543716 -0.00749581 -0.00815995 -0.00755781 -0.00591074 -0.00338122 -0.000234729 0.00329221 0.00696816 0.0106038 0.0140444 0.0172422 0.0201438 0.0227078 0.0249682 0.0269165 0.0286347 0.0301508 0.0315001 0.0326951 0.0337962 0.0347935 0.0357241 0.0366069 0.0374173 0.0381866 0.0389195 0.0396172 0.0402649 0.0409069 0.0414932 0.0420614 0.0426056 0.0431305 0.0436093 0.0440865 0.0445331 0.0449572 0.0453644 0.0457505 0.0461084 0.0464603 0.0467966 0.0470915 0.0473851 0.0476704 0.047927 0.0481496 0.0483895 0.0485999 0.0487834 0.0489506 0.0491308 0.0492655 0.0493894 0.0495046 0.0496185 0.0496854 0.049758 0.0498181 0.0498644 0.0498721 0.0498966 0.0498975 0.0498777 0.0498348 0.0498105 0.049747 0.0496669 0.0495811 0.0495002 0.0493716 0.049243 0.0491132 0.0489655 0.0487845 0.0486137 0.0484277 0.0482177 0.0480012 0.0477764 0.0475325 0.0472795 0.0470245 0.0467369 0.0464562 0.0461633 0.0458587 0.0455328 0.0452243 0.0448824 0.0445512 0.0442151 0.0438736 0.0435219 0.0432031 0.0428868 0.0425884 0.0423353 0.0421258 0.042013 0.0420141 0.0421581 0.0424696 0.0430359 0.0438568 0.0449873 0.0463906 0.0480256 0.0498589 0.0517761 0.053597 0.0551085 0.0560827 0.0562425 0.0554222 0.0533937 0.0500118 0.0452243 0.039066 0.0317193 0.0234558 0.0146339 0.00563181 -0.00311645 -0.0112189 -0.018289 -0.0240409 -0.0282892 -0.0309511 -0.0321055 -0.0318618 -0.0304553 -0.0281397 -0.0251667 -0.021834 -0.0183647 -0.014966 -0.011809 -0.00897966 -0.0065436 -0.00452646 -0.00289559 -0.00163831 -0.000703462 -3.49599e-05 0.000395281 0.000659254 0.000780309 0.000796453 0.000750859 0.000645797 0.000520506 0.00037724 0.000227544 8.62086e-05 -5.47397e-05 -0.000180026 -0.000300392 
0 0.000276177 0.000563261 0.000849897 0.00116205 0.00149177 0.00185693 0.00227223 0.00274774 0.0033172 0.00399506 0.00483119 0.00585064 0.00710898 0.0086595 0.0105343 0.012819 0.015523 0.0187052 0.0223863 0.0265138 0.0310816 0.0359416 0.0409464 0.0459045 0.050537 0.0545966 0.0578009 0.0598893 0.0606306 0.059892 0.0575719 0.0537206 0.0485295 0.0422085 0.0351679 0.0277762 0.0204236 0.0135308 0.0074307 0.00242627 -0.0012789 -0.00356453 -0.00448214 -0.0041102 -0.00262044 -0.000224259 0.0028607 0.00638395 0.0101351 0.0138666 0.0174752 0.0208497 0.0239112 0.0266379 0.0290508 0.031144 0.0329425 0.0345413 0.0359364 0.0371789 0.0382826 0.0392903 0.0402105 0.0410751 0.041867 0.0426098 0.0433175 0.043968 0.0445951 0.0451929 0.0457537 0.0462663 0.0467854 0.0472638 0.0477166 0.0481404 0.0485564 0.0489411 0.0493187 0.0496597 0.049984 0.0503068 0.0506098 0.0508708 0.0511315 0.0513979 0.0516204 0.0518216 0.0520328 0.0522332 0.0523861 0.0525449 0.0527026 0.0528359 0.0529369 0.0530563 0.053155 0.0532295 0.0532899 0.0533654 0.0534046 0.0534301 0.0534546 0.0534801 0.0534621 0.0534479 0.0534355 0.0534037 0.0533359 0.0532887 0.0532312 0.0531389 0.0530348 0.052951 0.0528378 0.0526955 0.0525627 0.0524265 0.0522627 0.052085 0.0519124 0.0517186 0.051524 0.0513074 0.0510845 0.0508526 0.0506299 0.0503658 0.0501102 0.0498539 0.0495908 0.0493054 0.0490384 0.0487631 0.0484892 0.0482314 0.0479857 0.0477772 0.0476039 0.0474948 0.0474784 0.0476149 0.0478758 0.048348 0.0490794 0.0500849 0.0513668 0.052931 0.0547212 0.0566376 0.0585921 0.060374 0.0617784 0.0625406 0.0624616 0.0613155 0.0589121 0.0551499 0.0499634 0.0434227 0.0357098 0.0271264 0.0179706 0.00867573 -0.000364088 -0.00877404 -0.0161266 -0.0221698 -0.0266922 -0.0296144 -0.0309863 -0.0309489 -0.0296955 -0.0274776 -0.0245876 -0.0212517 -0.0177661 -0.0143246 -0.0110842 -0.00820013 -0.00569432 -0.00362148 -0.00196356 -0.000681762 0.000254918 0.000908883 0.00131562 0.00154079 0.00160951 0.00157482 0.00146798 0.00129889 0.00112075 0.000911554 0.000707459 0.00051445 0.000310737 0.000142633 -3.08837e-05 
0 0.000385489 0.000779638 0.00117941 0.00160233 0.00205046 0.00253342 0.00307888 0.00368645 0.00439886 0.00524106 0.0062346 0.0074545 0.0089108 0.0106786 0.012819 0.0153459 0.0183624 0.0218562 0.0258461 0.0303368 0.0352075 0.0403869 0.0456808 0.050864 0.0557042 0.0599104 0.0632152 0.0653603 0.0661467 0.0653933 0.0630753 0.0592311 0.0540041 0.0477117 0.0406531 0.0332305 0.0258402 0.0188563 0.0126169 0.00742761 0.00350321 0.000912461 -0.000285096 -0.000198697 0.00102818 0.00322599 0.00617282 0.0096115 0.0133189 0.0171237 0.0208184 0.0243079 0.0275051 0.0303692 0.0328746 0.0350642 0.0369771 0.0386139 0.0400186 0.0412565 0.0423834 0.0433649 0.0442419 0.0450481 0.0458098 0.0465083 0.0471494 0.0477404 0.04831 0.0488586 0.0493514 0.0498115 0.0502596 0.0506938 0.0510833 0.0514549 0.051805 0.0521499 0.0524686 0.0527609 0.0530327 0.0533149 0.053569 0.0537888 0.0540085 0.054236 0.0544245 0.0545914 0.0547724 0.0549416 0.0550752 0.0552066 0.0553471 0.0554602 0.0555548 0.0556561 0.0557518 0.0558185 0.0558846 0.0559537 0.056004 0.0560347 0.0560763 0.0561085 0.0561155 0.0561194 0.0561346 0.0561242 0.0560935 0.0560768 0.0560571 0.0560021 0.0559432 0.055903 0.0558383 0.0557471 0.0556641 0.0555887 0.0554813 0.0553649 0.0552484 0.0551335 0.0549979 0.054854 0.0546965 0.0545535 0.0543963 0.0542192 0.0540336 0.053869 0.0536929 0.0535014 0.0533087 0.0531269 0.0529673 0.0528124 0.0526629 0.0525448 0.0525199 0.0525599 0.0526841 0.0529399 0.0534078 0.0540966 0.0550248 0.0562306 0.0577275 0.0594816 0.0614167 0.0634702 0.0654523 0.0671854 0.0684597 0.0690455 0.0686913 0.0672217 0.0644834 0.060333 0.0547945 0.0479303 0.0399291 0.031063 0.0216898 0.0121618 0.00288068 -0.00572544 -0.0133409 -0.0196244 -0.0243925 -0.0275726 -0.0291817 -0.02935 -0.0282771 -0.0262101 -0.0233895 -0.0201288 -0.0166458 -0.013176 -0.00992544 -0.00696907 -0.00443656 -0.00232862 -0.000636612 0.000635001 0.00156948 0.00219082 0.00255786 0.00272858 0.00273781 0.00263432 0.00244915 0.00221399 0.00194445 0.00166768 0.0013877 0.00111336 0.000860842 0.000614698 0.000394463 
0 0.000528082 0.00105277 0.00160528 0.00216265 0.00275968 0.00339967 0.00408861 0.00487437 0.00575151 0.00677689 0.00798303 0.00939985 0.0111045 0.0131221 0.015523 0.0183624 0.0216698 0.0254932 0.0298248 0.0346337 0.0398467 0.0453225 0.0508775 0.0562887 0.0612879 0.065608 0.0689838 0.0711634 0.0719489 0.0711995 0.0688706 0.0650112 0.0598097 0.053524 0.0464858 0.0390862 0.0316723 0.0246195 0.0182646 0.0128821 0.0086792 0.0058005 0.00425117 0.00397701 0.00489041 0.00678525 0.00947896 0.0127497 0.0163763 0.0201326 0.0238603 0.0274093 0.0306709 0.0336157 0.0362247 0.0385037 0.0404286 0.0420801 0.0435057 0.0447508 0.0458148 0.0467473 0.0475731 0.0483193 0.0490076 0.0496286 0.0501953 0.0507073 0.0512069 0.051666 0.0520941 0.052471 0.0528488 0.053202 0.0535341 0.0538233 0.0541115 0.0543881 0.0546474 0.0548722 0.0550914 0.0553131 0.0555121 0.0556852 0.0558552 0.0560337 0.0561797 0.0563151 0.0564502 0.0565887 0.0566928 0.0568035 0.0569087 0.0570109 0.0570868 0.0571791 0.0572551 0.0573284 0.0573867 0.0574604 0.0575088 0.0575615 0.0576067 0.0576585 0.0576823 0.0577208 0.0577518 0.0577776 0.0577819 0.0578083 0.0578198 0.057818 0.0578082 0.0578183 0.0578061 0.0577791 0.0577563 0.057743 0.0577093 0.0576594 0.0576198 0.0575814 0.0575319 0.0574587 0.0574007 0.0573414 0.0572802 0.0571892 0.0571171 0.0570439 0.0569792 0.0568891 0.0568168 0.0567557 0.0567142 0.0566753 0.056674 0.0567236 0.0568285 0.0570307 0.0573569 0.0578448 0.0585112 0.0594337 0.0606205 0.0620939 0.0638228 0.0657971 0.0679266 0.0700762 0.0721017 0.0738097 0.0749674 0.0753368 0.0747391 0.0729517 0.069865 0.0654094 0.0595681 0.0524397 0.0442225 0.0351791 0.0256362 0.015982 0.00657248 -0.00219449 -0.00996785 -0.0164572 -0.0214531 -0.0248648 -0.026704 -0.0270951 -0.0262118 -0.0242966 -0.0216132 -0.0184199 -0.014983 -0.0115326 -0.00824756 -0.0052795 -0.00271181 -0.000575731 0.00110848 0.00238684 0.00328897 0.00386453 0.00418595 0.00427959 0.00421646 0.00403031 0.00375097 0.00342778 0.00306327 0.00269311 0.00232538 0.00196499 0.00163136 0.00131233 0.00102317 
0 0.000703 0.00140201 0.00213098 0.00286444 0.00364251 0.00446635 0.00534587 0.00633064 0.00741279 0.00865747 0.0100903 0.0117499 0.0137143 0.0160047 0.0187052 0.0218562 0.0254932 0.0296591 0.0343276 0.039471 0.0449895 0.0507371 0.0565276 0.0621193 0.0672514 0.0716558 0.0750624 0.0772356 0.077993 0.0771975 0.074842 0.0709794 0.065792 0.0595496 0.0525463 0.0451623 0.0377355 0.0306223 0.0241472 0.0185738 0.0140995 0.0108616 0.00890364 0.00820416 0.00870809 0.0102299 0.0126088 0.0156131 0.01903 0.0226749 0.0263584 0.0299072 0.0332036 0.0361921 0.038823 0.0411395 0.0431116 0.0447713 0.0461612 0.0473543 0.0483786 0.0492595 0.0500036 0.0506493 0.0512583 0.0517955 0.0522684 0.0526863 0.0530952 0.0534617 0.0538058 0.0540986 0.0543846 0.0546573 0.0549116 0.0551223 0.0553326 0.05554 0.0557232 0.0558846 0.0560409 0.0561973 0.0563322 0.0564597 0.0565742 0.0566965 0.0567984 0.0568993 0.0569867 0.0570868 0.0571645 0.0572484 0.0573203 0.0574041 0.0574669 0.0575427 0.0576043 0.0576772 0.0577343 0.0578054 0.057859 0.0579277 0.0579833 0.058049 0.058098 0.0581666 0.0582194 0.0582787 0.0583267 0.0583936 0.058441 0.0584948 0.0585412 0.0586017 0.0586451 0.0586916 0.0587322 0.058786 0.0588276 0.0588598 0.0588957 0.0589461 0.0589828 0.0590001 0.0590392 0.059083 0.059118 0.0591353 0.0591766 0.0592166 0.0592744 0.059309 0.0593583 0.0594343 0.0595528 0.0596599 0.0598056 0.0600264 0.0603418 0.0607606 0.061296 0.0620082 0.0629594 0.0641883 0.0656573 0.0674098 0.0694103 0.0716266 0.0739586 0.0762541 0.0783167 0.0799706 0.0810026 0.0811836 0.0803424 0.0782726 0.0748895 0.0701429 0.0640594 0.0567513 0.0484123 0.0392885 0.0297002 0.0200031 0.0105419 0.00171549 -0.00616022 -0.012783 -0.0179469 -0.0215657 -0.0236245 -0.024235 -0.0235599 -0.0218179 -0.0192655 -0.0161677 -0.0127782 -0.00934801 -0.00606376 -0.00307783 -0.000497425 0.00165056 0.00333273 0.00459379 0.00546608 0.00598949 0.00624612 0.00625826 0.00610222 0.00581649 0.005431 0.00500296 0.00453186 0.00405871 0.00359011 0.00313044 0.00270331 0.00229233 0.00191915 
