0 0 0 0 0 0 0 0 0 0 0 0 0 0 0 0 0 0 0 0 0 0 0 0 0 0 0 0 0 0 0 0 0 0 0 0 0 0 0 0 0 0 0 0 0 0 0 0 0 0 0 0 0 0 0 0 0 0 0 0 0 0 0 0 0 0 0 0 0 0 0 0 0 0 0 0 0 0 0 0 0 0 0 0 0 0 0 0 0 0 0 0 0 0 0 0 0 0 0 0 0 0 0 0 0 0 0 0 0 0 0 0 0 0 0 0 0 0 0 0 0 0 0 0 0 0 0 0 0 0 0 0 0 0 0 0 0 0 0 0 0 0 0 0 0 0 0 0 0 0 0 0 0 0 0 0 0 0 0 0 0 0 0 0 0 0 0 0 0 0 0 0 0 0 0 0 0 0 0 0 0 0 0 0 0 0 0 0 0 0 0 0 0 0 0 0 0 0 0 0 
0 7.21774e-06 3.41371e-06 2.21847e-05 2.04447e-05 3.45252e-05 5.59499e-05 6.91095e-05 0.000116661 0.000159264 0.000229293 0.000328312 0.000437477 0.000597314 0.000778547 0.00100177 0.00127295 0.00157483 0.00192463 0.00229786 0.00268498 0.00306028 0.00339553 0.00365764 0.00381304 0.0038477 0.00372755 0.00346023 0.00304479 0.00248268 0.00181909 0.00108238 0.000322326 -0.000388437 -0.00100727 -0.00150253 -0.00183538 -0.00201633 -0.00205654 -0.00194108 -0.00171892 -0.00142067 -0.00106381 -0.000714335 -0.000379732 -5.75335e-05 0.000232635 0.000486807 0.000710561 0.000898592 0.00105604 0.00120793 0.00134718 0.00147677 0.00158677 0.00170373 0.00182192 0.00192198 0.00202528 0.00213659 0.00224019 0.00233098 0.0024376 0.00253122 0.00262731 0.00272175 0.00281598 0.00290227 0.00299253 0.00307812 0.00316417 0.00325066 0.00332227 0.00340287 0.0034845 0.00355897 0.00361819 0.00369756 0.00376407 0.00382689 0.0038826 0.00394956 0.00400174 0.00405874 0.00410465 0.00415578 0.00420185 0.00424704 0.00427894 0.00432119 0.00435884 0.00438547 0.00440923 0.00444396 0.00446489 0.0044764 0.0044968 0.00451712 0.00451929 0.00452384 0.0045371 0.00453714 0.00452654 0.00452742 0.00452507 0.0045069 0.00449046 0.00448309 0.00446058 0.00443266 0.0044103 0.00438804 0.00434997 0.00431785 0.00428245 0.00424658 0.00420055 0.0041596 0.00410884 0.00406799 0.00401218 0.00395712 0.00390038 0.00385426 0.00378307 0.00372125 0.00366291 0.00360181 0.00352475 0.00346071 0.00339349 0.00332243 0.00324894 0.00317275 0.00310475 0.00303367 0.00295348 0.00287198 0.00281449 0.00273766 0.00265756 0.00258599 0.0025231 0.00245334 0.00239326 0.00233287 0.00227041 0.00222282 0.0021904 0.00217809 0.00216343 0.00217214 0.00222305 0.00231084 0.00243282 0.00259842 0.00278031 0.00297558 0.00319534 0.00337687 0.0034956 0.00352707 0.00341961 0.00317207 0.00278363 0.00224097 0.00156908 0.000807724 -1.10308e-05 -0.00082205 -0.00156789 -0.00222089 -0.00273501 -0.00309902 -0.00331055 -0.00336725 -0.00329002 -0.00309927 -0.00283038 -0.0025036 -0.00216243 -0.00182258 -0.0014958 -0.00121635 -0.000957698 -0.000748505 -0.000579689 -0.000430877 -0.0003335 -0.000243904 -0.000182463 -0.000144338 -0.000102282 -9.02338e-05 -7.13113e-05 -6.16455e-05 -6.44752e-05 -5.42118e-05 -6.19214e-05 -5.94235e-05 
0 3.41371e-06 2.05011e-05 2.35332e-05 4.37267e-05 7.46486e-05 0.000102344 0.000167223 0.000235749 0.00033481 0.000483575 0.000650365 0.000898532 0.00119677 0.00156171 0.00203006 0.00255159 0.00317724 0.00387186 0.00461023 0.00539051 0.006136 0.00680492 0.00733336 0.00765658 0.00770896 0.00748853 0.00694569 0.00609898 0.00501058 0.00366618 0.00222006 0.000727046 -0.000698931 -0.00192304 -0.00290914 -0.00357904 -0.00394874 -0.00399529 -0.00378624 -0.00334084 -0.00273368 -0.0020586 -0.00135333 -0.000675306 -2.30802e-05 0.000544128 0.00107795 0.00150698 0.00186628 0.00221378 0.00252443 0.00280338 0.00305387 0.00329641 0.00349913 0.00374986 0.00398022 0.00418917 0.00437267 0.00457804 0.00480321 0.0050073 0.00518071 0.00535452 0.00557304 0.00575123 0.00592627 0.00608905 0.00627401 0.00643968 0.00661263 0.00675188 0.0069124 0.00707583 0.00721842 0.00734446 0.00749113 0.00763299 0.00774698 0.00787049 0.00798858 0.00810664 0.00820543 0.00831113 0.00839843 0.00850337 0.00857922 0.00865715 0.00872756 0.0088135 0.00885585 0.00891522 0.0089714 0.00902353 0.00903836 0.00908754 0.00911694 0.00913232 0.00913304 0.00916622 0.00915769 0.00914775 0.00913906 0.00914252 0.00909865 0.00907652 0.00904956 0.00901633 0.00895106 0.00891755 0.00886026 0.0087988 0.00872178 0.00866473 0.00857968 0.00850284 0.00840726 0.00832158 0.0082256 0.00812858 0.00800793 0.00790709 0.00780383 0.00767382 0.00754415 0.00743171 0.00731022 0.00716104 0.00703203 0.00689054 0.00676449 0.0066164 0.00646797 0.00630622 0.00619114 0.00604117 0.00587892 0.00571837 0.00558976 0.00546005 0.00530777 0.0051472 0.00501177 0.00491616 0.00477473 0.00466264 0.00456256 0.00448937 0.00443502 0.00444117 0.00446206 0.00454536 0.00472894 0.00496372 0.00528247 0.00564457 0.00606687 0.00647136 0.00683781 0.00707138 0.00710155 0.00689262 0.00639997 0.00561975 0.00452344 0.00319937 0.00164736 1.47716e-05 -0.00158789 -0.00310185 -0.00437608 -0.005407 -0.00614036 -0.00655836 -0.00667981 -0.00653541 -0.00615602 -0.00561205 -0.00498089 -0.00428042 -0.00361714 -0.00298165 -0.00240355 -0.00192532 -0.00148897 -0.00115047 -0.000870886 -0.000640073 -0.000484247 -0.000350224 -0.000266094 -0.000209933 -0.000164888 -0.000148369 -0.000130647 -0.000122049 -0.000122065 -0.000115903 -0.000118269 
0 2.21847e-05 2.35332e-05 6.25819e-05 7.5946e-05 0.00011854 0.000180066 0.000242575 0.000372783 0.000517043 0.000732238 0.00102249 0.00137116 0.00184251 0.00239793 0.00307828 0.00388813 0.00480754 0.00585303 0.00697151 0.00813026 0.00925022 0.0102509 0.0110357 0.0115081 0.0116116 0.0112702 0.0104828 0.00925346 0.00760838 0.00564836 0.00348304 0.00125552 -0.000843913 -0.00267165 -0.00413254 -0.00512841 -0.00566989 -0.00577744 -0.00544937 -0.00479396 -0.00390386 -0.00286161 -0.00181072 -0.000796478 0.000172149 0.00104915 0.00182652 0.00250219 0.00307482 0.00357208 0.00403545 0.00446099 0.00485238 0.00519963 0.0055481 0.00590272 0.00622124 0.00653498 0.00685696 0.00716711 0.00745952 0.0077689 0.00805041 0.00833384 0.00862121 0.00889898 0.00915941 0.00942223 0.0096793 0.00993401 0.0101846 0.0104037 0.0106385 0.0108762 0.0110922 0.0112793 0.0114998 0.0116986 0.011881 0.0120517 0.012237 0.0123976 0.012558 0.0126988 0.012843 0.0129804 0.013107 0.013209 0.013326 0.0134349 0.0135142 0.0135892 0.013681 0.0137446 0.0137836 0.0138409 0.0138931 0.0139076 0.0139224 0.0139545 0.0139549 0.0139328 0.0139298 0.0139198 0.0138724 0.0138283 0.0137981 0.0137372 0.013659 0.0135936 0.0135228 0.0134206 0.0133231 0.0132229 0.013114 0.0129862 0.0128613 0.0127217 0.0125925 0.0124364 0.0122743 0.0121137 0.0119656 0.0117702 0.0115866 0.0114137 0.01123 0.0110138 0.0108193 0.01062 0.0104127 0.010196 0.00997339 0.00976325 0.00955394 0.00932173 0.00908554 0.00888927 0.00866857 0.00843941 0.00822222 0.00801849 0.00781303 0.0076311 0.00744428 0.00726088 0.00711464 0.00701173 0.00695687 0.0069243 0.00695484 0.00709786 0.00735416 0.00771412 0.00818857 0.00872326 0.0093053 0.00992143 0.0104382 0.0107636 0.010814 0.0104712 0.00971208 0.00852561 0.00689171 0.00488276 0.00259808 0.000161311 -0.002251 -0.00448196 -0.00642211 -0.00796214 -0.00905841 -0.00969811 -0.00988343 -0.00967095 -0.00912082 -0.00833172 -0.00738132 -0.00637191 -0.00537103 -0.00441572 -0.00357668 -0.00282497 -0.00220008 -0.00169335 -0.00126517 -0.000958809 -0.000703743 -0.000521222 -0.000400935 -0.00029401 -0.000247659 -0.000202029 -0.000178156 -0.000177483 -0.000160239 -0.000174939 -0.000173351 
0 2.04447e-05 4.37267e-05 7.5946e-05 0.000117118 0.000177753 0.000256317 0.000372557 0.000531045 0.000741893 0.00103602 0.00140891 0.00189937 0.00251681 0.00326972 0.00419415 0.00526913 0.0065134 0.00790415 0.00939212 0.0109338 0.0124213 0.0137491 0.0147959 0.0154369 0.0155695 0.0151388 0.0141006 0.0124748 0.0103327 0.00775019 0.0049203 0.00201443 -0.000747051 -0.00315099 -0.0050718 -0.0063975 -0.00712002 -0.00724083 -0.00682638 -0.00596466 -0.00478518 -0.00343526 -0.00203561 -0.000670814 0.000627159 0.00179854 0.00285611 0.0037544 0.0045209 0.00521655 0.00584968 0.00642436 0.00694617 0.00742979 0.0078825 0.00836086 0.00881311 0.00923654 0.00963771 0.0100485 0.0104694 0.010873 0.0112391 0.0116039 0.0119979 0.0123614 0.0127073 0.0130423 0.0133875 0.0137197 0.0140448 0.0143358 0.0146415 0.0149487 0.0152278 0.0154839 0.0157588 0.0160223 0.0162564 0.0164876 0.0167164 0.0169348 0.0171346 0.0173269 0.0175063 0.0176903 0.0178466 0.0179909 0.0181334 0.0182768 0.0183785 0.0184842 0.0185912 0.0186792 0.018732 0.0188073 0.0188655 0.018895 0.0189128 0.0189511 0.0189492 0.0189319 0.0189198 0.0189069 0.0188479 0.0187976 0.018747 0.0186758 0.0185745 0.0184928 0.018392 0.0182713 0.0181385 0.0180143 0.0178661 0.0177101 0.01754 0.0173696 0.0171906 0.0169969 0.0167835 0.0165817 0.0163763 0.0161354 0.0158939 0.0156672 0.0154261 0.0151531 0.0148943 0.01463 0.0143679 0.0140841 0.0137936 0.0135026 0.0132398 0.0129448 0.0126343 0.0123394 0.0120644 0.0117839 0.0114873 0.011191 0.0109214 0.0106873 0.0104288 0.010193 0.00999252 0.00984331 0.00974776 0.00972654 0.00977483 0.00995074 0.0102879 0.0107554 0.0113637 0.0120673 0.0128467 0.0136178 0.0142763 0.014675 0.0146866 0.0142104 0.0131817 0.0115789 0.00939247 0.00672329 0.00366918 0.000439929 -0.00274944 -0.00572093 -0.00827783 -0.010328 -0.0117954 -0.0126518 -0.0129198 -0.0126589 -0.011949 -0.0109154 -0.00968237 -0.00834909 -0.00703991 -0.0057974 -0.00467894 -0.0037119 -0.00287894 -0.00220436 -0.00165352 -0.00122222 -0.000899962 -0.00065469 -0.000488451 -0.000372109 -0.000297676 -0.000254987 -0.000229646 -0.000220162 -0.000216259 -0.000219472 -0.000223494 
0 3.45252e-05 7.46486e-05 0.00011854 0.000177753 0.000256081 0.000363035 0.000516779 0.000720775 0.00100129 0.00137715 0.00186087 0.00248885 0.00327027 0.00422958 0.00538934 0.00674485 0.00830635 0.0100443 0.0119083 0.0138261 0.0156783 0.0173289 0.018629 0.0194314 0.0196107 0.0190945 0.0178355 0.0158539 0.0132301 0.0100771 0.00660792 0.00305256 -0.000328284 -0.00328391 -0.00564178 -0.00728468 -0.00818129 -0.00834175 -0.00784225 -0.00678952 -0.00533871 -0.00366909 -0.00192475 -0.000214445 0.00140648 0.00288759 0.00421667 0.00536401 0.00635186 0.00723496 0.00803347 0.00876228 0.00942528 0.0100412 0.0106243 0.0112098 0.0117725 0.0123047 0.012817 0.0133285 0.013843 0.0143353 0.0148014 0.0152599 0.0157315 0.0161792 0.0166079 0.0170233 0.017441 0.0178476 0.0182377 0.018604 0.0189721 0.0193387 0.0196771 0.0199983 0.0203217 0.0206373 0.0209243 0.0212045 0.0214758 0.0217387 0.0219795 0.0222105 0.022428 0.0226431 0.0228323 0.0230088 0.0231787 0.023342 0.023473 0.0236 0.0237224 0.0238251 0.0239008 0.0239828 0.0240493 0.0240897 0.024118 0.0241512 0.0241546 0.0241401 0.0241243 0.0241002 0.0240423 0.023982 0.023917 0.0238319 0.023722 0.0236178 0.0234973 0.0233572 0.0232025 0.0230494 0.0228755 0.0226896 0.0224882 0.0222855 0.0220684 0.0218371 0.0215874 0.0213441 0.0210883 0.0208084 0.0205203 0.0202413 0.0199453 0.0196266 0.0193086 0.0189897 0.018665 0.0183215 0.0179714 0.0176219 0.0172842 0.0169229 0.0165528 0.0161908 0.0158443 0.0154897 0.0151263 0.0147673 0.0144351 0.0141259 0.0138094 0.0135163 0.0132677 0.0130829 0.0129628 0.0129285 0.0129937 0.0132141 0.0136216 0.0142 0.0149357 0.0157908 0.0167245 0.0176367 0.0184007 0.0188419 0.0188016 0.0181599 0.0168359 0.0147986 0.0120615 0.00872662 0.00493852 0.000938156 -0.00301979 -0.00670231 -0.00988735 -0.0124443 -0.014282 -0.0153669 -0.0157259 -0.0154297 -0.0145856 -0.0133377 -0.0118381 -0.0102169 -0.00860717 -0.00708443 -0.00570537 -0.00450938 -0.00348808 -0.00265173 -0.00198056 -0.00145202 -0.00105779 -0.000763962 -0.000557791 -0.000420925 -0.000330013 -0.000278944 -0.000251967 -0.000241164 -0.000243831 -0.00025172 -0.000265135 
0 5.59499e-05 0.000102344 0.000180066 0.000256317 0.000363035 0.000517331 0.000698994 0.000971102 0.00132301 0.00178143 0.00239862 0.00315599 0.0041198 0.0052959 0.00668991 0.00834662 0.010222 0.0123115 0.0145544 0.0168406 0.0190533 0.0210235 0.0225741 0.0235337 0.0237773 0.0231776 0.0217211 0.0194203 0.0163344 0.0126708 0.00860548 0.00444681 0.000498784 -0.00297855 -0.00575147 -0.00770065 -0.00876068 -0.0089801 -0.00839551 -0.00717126 -0.00547941 -0.0034953 -0.00142104 0.000631421 0.00257269 0.00437802 0.00596789 0.00737784 0.00860593 0.00967499 0.0106473 0.0115351 0.0123473 0.0130844 0.0138154 0.0145013 0.0151661 0.0158005 0.0164323 0.017041 0.0176278 0.0182065 0.0187685 0.0193213 0.0198457 0.0203764 0.0208749 0.0213699 0.0218414 0.0223157 0.0227576 0.0231944 0.0236132 0.0240256 0.0244167 0.0247923 0.0251576 0.0255091 0.0258476 0.0261615 0.0264739 0.0267644 0.0270467 0.0273015 0.0275585 0.0277877 0.0280121 0.0282087 0.0284073 0.0285757 0.0287409 0.0288786 0.0290171 0.0291245 0.0292296 0.0293082 0.0293854 0.0294316 0.0294769 0.0294957 0.0295111 0.0294967 0.0294831 0.0294414 0.0293959 0.0293224 0.0292505 0.0291488 0.0290443 0.0289133 0.0287844 0.0286244 0.0284626 0.0282771 0.0280927 0.0278767 0.0276601 0.0274242 0.0271846 0.0269171 0.0266485 0.0263655 0.0260722 0.0257604 0.0254406 0.025115 0.0247733 0.0244217 0.0240533 0.0236942 0.0233098 0.0229209 0.0225168 0.0221312 0.0217142 0.0212975 0.0208744 0.0204683 0.020046 0.0196178 0.019199 0.0187916 0.0183969 0.0180034 0.0176488 0.017296 0.0170032 0.0167817 0.0166506 0.0165921 0.0166832 0.0169585 0.0174231 0.0181087 0.0189632 0.0199598 0.0210147 0.0220558 0.0228828 0.0233268 0.0232114 0.0223695 0.0207297 0.018244 0.014958 0.0109499 0.00645479 0.00169999 -0.00301466 -0.00737368 -0.0111878 -0.0142403 -0.0164464 -0.0177735 -0.0182371 -0.017925 -0.0169735 -0.0155419 -0.0137924 -0.0119203 -0.0100259 -0.00823871 -0.0066297 -0.00520159 -0.00401588 -0.00302542 -0.00223058 -0.00162664 -0.00114993 -0.000818126 -0.000580665 -0.000415543 -0.000327854 -0.000266108 -0.000244917 -0.00024577 -0.000247172 -0.000271731 -0.000289757 
0 6.91095e-05 0.000167223 0.000242575 0.000372557 0.000516779 0.000698994 0.000967193 0.00128308 0.00173169 0.00229918 0.00301942 0.00395553 0.00508682 0.00648795 0.00815293 0.0100908 0.0123098 0.01475 0.0173622 0.0200189 0.0225854 0.0248635 0.0266638 0.0278014 0.0280871 0.027449 0.025806 0.0231909 0.0197262 0.0155622 0.0109763 0.00628552 0.00180416 -0.00214978 -0.00531121 -0.0075593 -0.00880152 -0.0090424 -0.00841878 -0.00703876 -0.00511054 -0.00287166 -0.000476844 0.00191681 0.0041892 0.00628945 0.00818104 0.00983407 0.0112829 0.0125744 0.0137316 0.0147737 0.0157194 0.0166095 0.0174372 0.018233 0.0190206 0.0197616 0.020453 0.0211443 0.0218398 0.0224892 0.0231181 0.0237271 0.0243321 0.0249176 0.0254798 0.0260168 0.0265518 0.0270671 0.0275556 0.0280394 0.0285006 0.0289443 0.0293723 0.0297945 0.030181 0.0305666 0.0309308 0.0312828 0.0316088 0.0319332 0.0322274 0.0325168 0.0327841 0.0330377 0.0332695 0.0334989 0.0336988 0.0338844 0.0340599 0.0342214 0.0343525 0.0344781 0.0345925 0.0346811 0.03475 0.034817 0.0348623 0.034882 0.0348938 0.0348972 0.0348708 0.0348299 0.0347835 0.0347178 0.034625 0.0345293 0.0344181 0.034285 0.0341343 0.0339817 0.0338016 0.033611 0.0334044 0.0331887 0.0329473 0.0327063 0.0324374 0.0321626 0.031871 0.031573 0.0312446 0.0309225 0.0305776 0.03022 0.0298501 0.0294772 0.0290765 0.0286743 0.0282677 0.0278406 0.0274029 0.0269579 0.0265141 0.0260624 0.0255964 0.0251076 0.0246538 0.0241999 0.0237179 0.0232382 0.0227972 0.0223653 0.0219462 0.0215668 0.021233 0.0209737 0.0208088 0.0207811 0.0209057 0.0212148 0.0217596 0.0225322 0.023492 0.0246155 0.0258102 0.0269097 0.0277784 0.0281948 0.0279351 0.0268861 0.024911 0.0219652 0.018115 0.0134705 0.00825021 0.00277118 -0.00264913 -0.00770258 -0.012088 -0.0156402 -0.0182251 -0.0197899 -0.0203872 -0.0200866 -0.0190525 -0.017458 -0.0155112 -0.0133889 -0.0112534 -0.00923797 -0.00738696 -0.00578884 -0.00442024 -0.00328793 -0.00240147 -0.00168393 -0.00116922 -0.000788934 -0.000518861 -0.00036702 -0.000253206 -0.000214151 -0.000200889 -0.000198669 -0.000235486 -0.000250428 -0.000291258 
0 0.000116661 0.000235749 0.000372783 0.000531045 0.000720775 0.000971102 0.00128308 0.00169693 0.00223598 0.00291548 0.00380114 0.00489111 0.00623698 0.00787573 0.0097964 0.0120512 0.0145949 0.0173936 0.0203825 0.0234047 0.0263153 0.0289024 0.030942 0.0322327 0.0326042 0.0319129 0.0301299 0.027273 0.0234341 0.0188636 0.0137944 0.00860664 0.0036585 -0.000729847 -0.00425832 -0.00678085 -0.00818551 -0.00851832 -0.00784662 -0.00634709 -0.00423443 -0.00172061 0.000972985 0.0036781 0.00625685 0.00867374 0.0108226 0.0127511 0.0144561 0.0159355 0.017257 0.0184525 0.0195439 0.0205464 0.0215139 0.022392 0.023244 0.0240611 0.0248679 0.0256362 0.0263587 0.0270614 0.027767 0.0284487 0.0290706 0.0297017 0.0303048 0.0308977 0.0314534 0.0320008 0.0325127 0.0330373 0.033519 0.0339779 0.0344299 0.0348756 0.0352797 0.0356716 0.0360601 0.0364196 0.036765 0.0370891 0.0374032 0.0376944 0.0379812 0.0382268 0.0384773 0.0387078 0.0389209 0.0390963 0.039293 0.0394515 0.0395895 0.0397097 0.0398448 0.0399235 0.0399995 0.0400669 0.0401269 0.0401325 0.0401574 0.0401613 0.0401423 0.0400892 0.0400613 0.03999 0.0399014 0.0397988 0.0397058 0.0395595 0.0394159 0.0392582 0.0390911 0.0388848 0.038688 0.0384635 0.0382311 0.0379758 0.0377115 0.0374259 0.0371412 0.0368275 0.036493 0.0361653 0.0358188 0.0354433 0.035057 0.0346812 0.0342659 0.0338519 0.0334116 0.0329731 0.0325189 0.03207 0.0315691 0.0310874 0.0306095 0.0301194 0.029604 0.0290915 0.0285943 0.0281064 0.0276224 0.0271254 0.0266934 0.0262793 0.0259295 0.0256647 0.0255133 0.0254765 0.0256457 0.0260324 0.026641 0.0275196 0.0285897 0.0298173 0.0310795 0.0322486 0.033104 0.0334458 0.0330495 0.0317329 0.0293931 0.0259772 0.0215724 0.0162856 0.0104119 0.00423814 -0.00188004 -0.00755918 -0.0125468 -0.0165792 -0.0195321 -0.021363 -0.0220956 -0.0218335 -0.0207563 -0.0190483 -0.0169238 -0.0146138 -0.0122503 -0.0100112 -0.00797 -0.00616627 -0.00466055 -0.00340373 -0.00241138 -0.00164945 -0.00106841 -0.000667447 -0.000387138 -0.000212186 -0.000120197 -7.63325e-05 -7.81232e-05 -0.000103852 -0.000143782 -0.000197106 -0.000252833 
0 0.000159264 0.00033481 0.000517043 0.000741893 0.00100129 0.00132301 0.00173169 0.00223598 0.00289043 0.00370785 0.00474003 0.00602102 0.00757899 0.00946683 0.0116808 0.0142498 0.0171439 0.0203074 0.0236634 0.0270471 0.0302957 0.0331772 0.0354574 0.0369193 0.03736 0.0366531 0.0347399 0.0316508 0.0275141 0.0225664 0.0170979 0.0114949 0.00612996 0.00135212 -0.00251733 -0.00531019 -0.00689841 -0.00729942 -0.0066253 -0.00503851 -0.00277122 -5.60823e-05 0.0028959 0.00589628 0.00878073 0.0114773 0.0139054 0.0160751 0.0180007 0.0196892 0.0211891 0.0225257 0.0237381 0.0248594 0.0259077 0.0268695 0.0278018 0.028689 0.0295318 0.0303444 0.0311209 0.0318649 0.0325953 0.0332963 0.03395 0.0345984 0.0352206 0.0358217 0.0363944 0.0369435 0.0374667 0.0379957 0.0384837 0.0389385 0.0393943 0.0398423 0.0402452 0.0406332 0.041019 0.0413801 0.0417203 0.0420412 0.0423484 0.0426424 0.0429214 0.043164 0.0434077 0.0436425 0.0438454 0.0440199 0.0442125 0.0443748 0.0445024 0.0446266 0.0447597 0.0448411 0.04491 0.0449865 0.0450447 0.0450539 0.0450776 0.0450937 0.0450722 0.0450267 0.0450032 0.0449443 0.0448542 0.0447646 0.0446788 0.0445442 0.0444023 0.0442616 0.0441021 0.0439075 0.0437162 0.0435095 0.0432852 0.0430416 0.0427852 0.0425158 0.0422415 0.0419372 0.0416122 0.0412979 0.0409639 0.0405927 0.0402181 0.0398519 0.0394476 0.0390316 0.0386052 0.0381718 0.0377213 0.0372625 0.0367739 0.0362972 0.0358106 0.0352992 0.034785 0.03428 0.0337646 0.033253 0.0327532 0.0322536 0.0318052 0.0313971 0.0310441 0.0307759 0.0306394 0.0306612 0.030898 0.0313546 0.032056 0.0330242 0.0342012 0.0355342 0.0368812 0.0380662 0.0388847 0.039117 0.0385217 0.0369339 0.0342193 0.030334 0.0253739 0.0194789 0.0129469 0.00611293 -0.000647555 -0.00694833 -0.0124759 -0.0169806 -0.0203085 -0.0224034 -0.0233052 -0.0231121 -0.0220181 -0.0202254 -0.01797 -0.0154867 -0.0129454 -0.0105241 -0.00830387 -0.00635423 -0.00470665 -0.00334158 -0.00226675 -0.00143266 -0.000819877 -0.000392069 -0.000105471 5.41591e-05 0.00013644 0.000149278 0.000120817 7.10859e-05 -2.82193e-06 -7.42554e-05 -0.000156677 
0 0.000229293 0.000483575 0.000732238 0.00103602 0.00137715 0.00178143 0.00229918 0.00291548 0.00370785 0.00468978 0.00589438 0.00739228 0.0091862 0.0113382 0.0138592 0.0167484 0.0199978 0.0235294 0.0272513 0.0309961 0.0345738 0.0377405 0.0402503 0.0418767 0.0423928 0.0416886 0.0396804 0.0364059 0.0320252 0.0267543 0.0209433 0.0149745 0.00924163 0.0041203 -6.50563e-05 -0.00311155 -0.00489638 -0.00540028 -0.00476552 -0.00313929 -0.000760813 0.00212024 0.00529532 0.00854676 0.0117038 0.0146493 0.0173394 0.0197434 0.0218814 0.0237592 0.0254068 0.0268644 0.0281785 0.0294017 0.030511 0.0315307 0.0324959 0.0334237 0.034296 0.0351309 0.0359187 0.0366683 0.0374076 0.0381086 0.0387681 0.0393989 0.0400195 0.0406088 0.0411758 0.0417009 0.0422162 0.0427248 0.0431991 0.0436328 0.0440702 0.0444983 0.0448837 0.0452517 0.0456134 0.0459604 0.0462782 0.0465819 0.046866 0.0471494 0.0474039 0.0476356 0.0478583 0.0480847 0.0482668 0.0484364 0.0486106 0.0487692 0.0488822 0.049006 0.0491254 0.04921 0.0492703 0.0493513 0.0494027 0.049422 0.0494424 0.0494693 0.0494487 0.0494192 0.0493979 0.0493574 0.0492745 0.0492059 0.0491289 0.0490195 0.048889 0.0487747 0.0486313 0.0484651 0.0482894 0.048115 0.0479118 0.0476967 0.0474632 0.0472284 0.0469779 0.0467024 0.0464077 0.0461242 0.0458196 0.0454763 0.0451339 0.0447949 0.044428 0.0440315 0.0436378 0.0432317 0.0428181 0.0423724 0.0419149 0.0414601 0.0410044 0.0405107 0.0400141 0.0395263 0.0390322 0.0385429 0.0380546 0.0375778 0.0371379 0.0367679 0.03645 0.036226 0.0361373 0.0362416 0.0365666 0.037124 0.0379471 0.0390229 0.040316 0.0417366 0.0431425 0.0443173 0.0450738 0.0451683 0.044353 0.042468 0.0393586 0.0350064 0.0295047 0.0230421 0.0159025 0.00846041 0.00110531 -0.00578153 -0.0118251 -0.0167887 -0.0204858 -0.0228518 -0.0239378 -0.0238444 -0.0227733 -0.0209411 -0.0186025 -0.0159843 -0.0132998 -0.0107187 -0.00833805 -0.00625961 -0.00448511 -0.00303341 -0.00189545 -0.00101093 -0.000386196 5.24358e-05 0.00033121 0.000468544 0.000533965 0.00051204 0.000451718 0.000368311 0.000250377 0.000145061 2.16432e-05 
0 0.000328312 0.000650365 0.00102249 0.00140891 0.00186087 0.00239862 0.00301942 0.00380114 0.00474003 0.00589438 0.00731808 0.00902682 0.0110943 0.0135314 0.0163663 0.0196071 0.0232124 0.0271191 0.0312048 0.0353067 0.0391934 0.0426423 0.0453745 0.0471416 0.0477641 0.047047 0.0449707 0.0415618 0.0369523 0.0314398 0.0253392 0.0190591 0.013016 0.00759354 0.00310293 -0.000194116 -0.00217279 -0.00284654 -0.00227218 -0.000668718 0.00174402 0.00474277 0.00808005 0.0115267 0.0149041 0.0180898 0.0209826 0.0236037 0.0259393 0.0279755 0.029744 0.0313075 0.0327101 0.0339753 0.0351436 0.0361921 0.0371552 0.0380728 0.0389692 0.039796 0.0405468 0.0412735 0.0419939 0.042678 0.0432937 0.0438901 0.0444719 0.0450386 0.0455555 0.0460455 0.0465203 0.0469912 0.0474225 0.0478216 0.0482173 0.0486024 0.0489567 0.0492833 0.0496095 0.0499171 0.0502076 0.050469 0.0507294 0.0509741 0.0512052 0.0514036 0.0516089 0.0517988 0.0519678 0.0521129 0.0522718 0.0524041 0.0525155 0.0526195 0.05273 0.052803 0.052869 0.052935 0.0529903 0.0530108 0.053041 0.0530621 0.0530605 0.0530395 0.0530334 0.0530006 0.0529488 0.052892 0.0528409 0.0527522 0.0526588 0.0525619 0.052458 0.0523194 0.0521849 0.0520391 0.0518837 0.0516992 0.0515149 0.0513197 0.0511162 0.0508809 0.0506417 0.0504019 0.0501455 0.0498566 0.0495635 0.0492758 0.0489633 0.0486267 0.0482739 0.04793 0.0475705 0.0471892 0.0467722 0.0463701 0.0459723 0.0455522 0.0450902 0.0446368 0.0442155 0.0437873 0.0433382 0.0429044 0.0425411 0.0422235 0.0419806 0.0418425 0.0418545 0.0420586 0.042513 0.043223 0.0441709 0.0453881 0.0468093 0.0483221 0.049761 0.0509387 0.0515998 0.0515235 0.050496 0.0482792 0.0447838 0.0399833 0.0339713 0.0269666 0.0192858 0.0112819 0.00336865 -0.00402355 -0.0105752 -0.0159579 -0.0200066 -0.0226663 -0.0239378 -0.0239781 -0.0229633 -0.0211312 -0.0187389 -0.0160367 -0.0132386 -0.0105242 -0.00803695 -0.00582742 -0.00396975 -0.002449 -0.00124275 -0.000353905 0.000303347 0.000728535 0.000977623 0.00110646 0.00110561 0.00105483 0.000944287 0.000795912 0.00065318 0.000477822 0.000320633 
0 0.000437477 0.000898532 0.00137116 0.00189937 0.00248885 0.00315599 0.00395553 0.00489111 0.00602102 0.00739228 0.00902682 0.0110055 0.0133455 0.0160864 0.0192706 0.0228598 0.0268411 0.0311266 0.0355703 0.0400098 0.0442084 0.0479055 0.0508463 0.0527738 0.0534559 0.0527726 0.0506335 0.0470903 0.0423331 0.0365918 0.0302657 0.0237383 0.0174252 0.011721 0.00695541 0.00339621 0.00116595 0.000333173 0.000755907 0.00227534 0.00467301 0.0076908 0.0111087 0.0146982 0.0182585 0.0215989 0.0247028 0.0274833 0.029953 0.032132 0.0340164 0.035649 0.0370906 0.0384031 0.0395489 0.0405987 0.0415536 0.0424624 0.0432861 0.0440564 0.0447861 0.0454747 0.0461213 0.0467255 0.047311 0.0478405 0.0483669 0.0488527 0.0493227 0.049744 0.050171 0.0505626 0.0509429 0.0512857 0.0516236 0.0519451 0.052249 0.0525264 0.0527925 0.0530568 0.0532913 0.0535155 0.0537229 0.0539342 0.0541105 0.0542893 0.0544458 0.0546093 0.0547373 0.0548749 0.0549875 0.0551081 0.0551945 0.0552952 0.055369 0.05545 0.0555007 0.055568 0.0556046 0.0556496 0.0556691 0.0557029 0.0557034 0.0557161 0.0557047 0.0557035 0.0556693 0.0556507 0.0556063 0.0555687 0.0555001 0.0554477 0.055369 0.055292 0.055188 0.0550994 0.0549845 0.0548628 0.0547243 0.0545953 0.0544408 0.054272 0.0540997 0.0539218 0.0537283 0.0535119 0.0532994 0.0530697 0.0528395 0.052569 0.0523121 0.0520373 0.0517591 0.0514353 0.0511364 0.0508182 0.0504856 0.050128 0.0497806 0.0494326 0.0490731 0.0487185 0.0483636 0.0480508 0.0477607 0.0475671 0.0474357 0.0474145 0.0475606 0.047956 0.0485761 0.0494442 0.0505899 0.0519493 0.053514 0.0551354 0.0566343 0.0577662 0.0583388 0.0580892 0.0567965 0.0542886 0.0504128 0.0451881 0.0387083 0.0312293 0.0230394 0.0145482 0.00616679 -0.0017162 -0.00867889 -0.0144657 -0.0188632 -0.021786 -0.0232836 -0.0234704 -0.0225385 -0.0207423 -0.0183416 -0.0155768 -0.0127134 -0.00990861 -0.00731381 -0.00503864 -0.00308714 -0.00151415 -0.000284021 0.000643398 0.00127244 0.00168742 0.00190572 0.00196824 0.00193716 0.00180922 0.00163944 0.00144174 0.00121509 0.00100203 0.000778146 
0 0.000597314 0.00119677 0.00184251 0.00251681 0.00327027 0.0041198 0.00508682 0.00623698 0.00757899 0.0091862 0.0110943 0.0133455 0.0160029 0.0190756 0.0226076 0.0265659 0.0309186 0.0355749 0.0403718 0.0451466 0.049623 0.0535658 0.0566916 0.0587309 0.0594998 0.0588128 0.0566348 0.0530114 0.0481055 0.0422057 0.0356811 0.0289277 0.0223733 0.0164211 0.011376 0.00755039 0.00506747 0.00396868 0.00419502 0.00554703 0.00783271 0.0108136 0.0142509 0.017894 0.0215432 0.0250163 0.0282367 0.0311562 0.0337528 0.0360249 0.0379577 0.0396344 0.0411 0.0423913 0.04353 0.0445442 0.0454277 0.0462528 0.0470395 0.047745 0.048381 0.0489755 0.0495487 0.0500855 0.0505805 0.0510217 0.0514624 0.0518783 0.052257 0.0526063 0.0529504 0.0532647 0.0535644 0.0538451 0.0541036 0.0543519 0.0545899 0.0548042 0.0550041 0.0552044 0.0553811 0.0555475 0.0557067 0.0558577 0.0559877 0.0561229 0.0562413 0.0563507 0.0564524 0.0565574 0.0566379 0.0567214 0.0568005 0.0568738 0.0569279 0.0569941 0.0570489 0.0570952 0.0571327 0.0571821 0.0572114 0.0572378 0.0572625 0.0572909 0.0572964 0.0573089 0.0573174 0.0573202 0.0573067 0.0573052 0.0572888 0.0572663 0.057238 0.0572128 0.0571661 0.0571244 0.0570747 0.0570139 0.0569432 0.0568796 0.0567947 0.0567009 0.0566088 0.0565069 0.0563885 0.0562668 0.0561364 0.0559941 0.0558538 0.0556879 0.0555118 0.055341 0.0551674 0.0549547 0.0547433 0.0545285 0.0543195 0.0540905 0.0538371 0.0535824 0.0533694 0.0531492 0.0529122 0.0527205 0.052586 0.05253 0.0525714 0.052745 0.0530846 0.0536717 0.0545083 0.055614 0.056966 0.0585345 0.0602605 0.0619829 0.0635159 0.0646349 0.0651027 0.064673 0.0631572 0.0603259 0.0560985 0.0504909 0.0436015 0.0357123 0.0271228 0.0182199 0.00942549 0.00115968 -0.0062037 -0.0123338 -0.0170377 -0.0202375 -0.0219353 -0.0222958 -0.0214809 -0.0197532 -0.0173776 -0.0145979 -0.0116839 -0.00880603 -0.00614452 -0.00378659 -0.00178892 -0.000180148 0.00107599 0.00198058 0.00260291 0.00297381 0.00313699 0.00315719 0.0030426 0.00285713 0.00261235 0.0023288 0.00204384 0.00174032 0.00145322 
0 0.000778547 0.00156171 0.00239793 0.00326972 0.00422958 0.0052959 0.00648795 0.00787573 0.00946683 0.0113382 0.0135314 0.0160864 0.0190756 0.0225005 0.026401 0.0307437 0.0354762 0.040502 0.0456398 0.0507159 0.0554506 0.0595979 0.06288 0.0650207 0.0658389 0.0651493 0.0629198 0.0592069 0.0541791 0.0481409 0.0414554 0.0345236 0.0277609 0.021563 0.0162451 0.012118 0.00932848 0.00792992 0.00787984 0.00898555 0.0110729 0.0139067 0.0172513 0.0208719 0.0245453 0.0280823 0.0313825 0.034379 0.0370362 0.0393655 0.0413456 0.0430397 0.044494 0.0457392 0.0468171 0.0477627 0.0485831 0.0493225 0.049997 0.0505888 0.0511375 0.0516426 0.0520984 0.0525196 0.0529151 0.0532659 0.0536018 0.0539121 0.0541898 0.0544552 0.0547061 0.054923 0.0551332 0.0553378 0.0555116 0.055675 0.0558372 0.0559806 0.0561096 0.0562379 0.0563487 0.0564552 0.0565589 0.0566465 0.0567242 0.056815 0.056888 0.0569449 0.0570135 0.0570864 0.0571299 0.0571791 0.0572434 0.0572923 0.0573231 0.0573769 0.0574294 0.0574601 0.0574946 0.0575505 0.0575859 0.0576114 0.0576555 0.0577032 0.057724 0.0577561 0.0578029 0.0578332 0.0578497 0.0578897 0.0579236 0.0579385 0.0579596 0.0579927 0.0580051 0.0580162 0.0580334 0.0580427 0.0580434 0.05805 0.0580427 0.058033 0.0580278 0.0580086 0.0579778 0.057959 0.0579279 0.0578797 0.0578399 0.0577925 0.0577298 0.0576701 0.0576042 0.0575201 0.0574466 0.0573616 0.0572644 0.0571707 0.0570772 0.0569741 0.0568951 0.0568168 0.0567505 0.0567384 0.0567882 0.0569178 0.0571646 0.0575579 0.0581469 0.0589988 0.0600994 0.0614647 0.0630664 0.0648599 0.0667674 0.0686251 0.0702145 0.071313 0.0716801 0.071077 0.0693297 0.0662245 0.061693 0.0557561 0.0485333 0.0403041 0.0313843 0.0221594 0.0130483 0.0044738 -0.00319568 -0.00961814 -0.0145986 -0.0180437 -0.019953 -0.0204829 -0.0197924 -0.0181492 -0.0158136 -0.0130435 -0.0101092 -0.00719318 -0.00448641 -0.00207889 -4.41239e-05 0.00159117 0.00285652 0.00374989 0.0043446 0.00466793 0.00476922 0.0047144 0.0045159 0.00424185 0.00390607 0.00353321 0.00316106 0.00277505 0.00240938 
0 0.00100177 0.00203006 0.00307828 0.00419415 0.00538934 0.00668991 0.00815293 0.0097964 0.0116808 0.0138592 0.0163663 0.0192706 0.0226076 0.026401 0.0306762 0.0353981 0.0404985 0.0458739 0.0513361 0.0566765 0.0616501 0.0659574 0.0693504 0.0715656 0.0723772 0.0716767 0.069384 0.0655788 0.0604559 0.0542846 0.0474521 0.0403476 0.0333847 0.0269336 0.0213484 0.0169007 0.0137518 0.0120046 0.0115789 0.0123535 0.0141558 0.016759 0.0199245 0.0234347 0.0270513 0.0305624 0.0338953 0.0369207 0.0396059 0.0419484 0.0439416 0.0456145 0.047024 0.0482183 0.0492103 0.0500631 0.0507827 0.0514233 0.0519657 0.0524412 0.0528795 0.0532719 0.0536012 0.0539005 0.0541911 0.0544333 0.0546607 0.0548522 0.0550342 0.0551996 0.0553565 0.0554671 0.0555898 0.0557055 0.0557967 0.0558701 0.0559518 0.0560211 0.0560776 0.0561316 0.0561711 0.0562199 0.0562607 0.0562889 0.0563082 0.0563573 0.056377 0.0563903 0.0564163 0.0564609 0.0564626 0.0564859 0.0565235 0.0565558 0.0565594 0.0566061 0.0566455 0.0566719 0.0566971 0.0567629 0.0567973 0.0568336 0.0568873 0.0569592 0.0569915 0.0570523 0.0571261 0.0571927 0.0572356 0.057323 0.0573986 0.0574617 0.0575267 0.0576239 0.0576916 0.0577637 0.0578434 0.0579301 0.058001 0.0580814 0.0581547 0.0582337 0.0583163 0.0583828 0.0584494 0.0585303 0.0586072 0.0586563 0.0587292 0.0587948 0.0588596 0.0589127 0.0589741 0.059018 0.0590892 0.0591428 0.0591844 0.0592382 0.0593099 0.0593764 0.0594494 0.0595544 0.0596851 0.0598797 0.0601282 0.0604979 0.060998 0.0616632 0.0625456 0.0636993 0.0651037 0.0667655 0.0686757 0.0707174 0.0728244 0.0748155 0.0764651 0.0775396 0.0778223 0.0770709 0.0750936 0.0717566 0.0669534 0.0607478 0.0532807 0.0448133 0.0356686 0.0262309 0.0169113 0.00810186 0.000223722 -0.00643269 -0.0116389 -0.0152764 -0.0173917 -0.0180754 -0.0175217 -0.0159819 -0.0137033 -0.0109603 -0.00801499 -0.00507109 -0.0023128 0.000129973 0.00220558 0.00386025 0.00511139 0.00599821 0.00653495 0.00680597 0.00684299 0.00668981 0.00642224 0.00603976 0.00560673 0.00514556 0.00465405 0.00418903 0.00372062 
0 0.00127295 0.00255159 0.00388813 0.00526913 0.00674485 0.00834662 0.0100908 0.0120512 0.0142498 0.0167484 0.0196071 0.0228598 0.0265659 0.0307437 0.0353981 0.0404952 0.0459588 0.0516535 0.0574009 0.062984 0.0681161 0.0725544 0.0760076 0.0782177 0.079021 0.0782365 0.0758593 0.0719635 0.066714 0.060433 0.0534638 0.0461978 0.0390307 0.0323505 0.0264615 0.0216622 0.0181421 0.0159422 0.015091 0.0154488 0.0168602 0.0191332 0.0220435 0.0253418 0.0288028 0.0322639 0.0355344 0.0385495 0.0412361 0.0435674 0.0455278 0.047177 0.0485444 0.049638 0.0505548 0.051307 0.0519213 0.0524101 0.0528478 0.0532076 0.0535127 0.0537643 0.0539791 0.0541705 0.0543264 0.0544636 0.0545697 0.0546664 0.054729 0.0548086 0.0548533 0.0548833 0.054902 0.0549403 0.0549431 0.0549403 0.054937 0.0549376 0.054927 0.054907 0.054886 0.0548721 0.0548628 0.0548257 0.0548058 0.0547975 0.0547848 0.0547449 0.0547475 0.0547444 0.0547309 0.0547131 0.0547413 0.0547394 0.0547428 0.0547608 0.0548052 0.054812 0.0548507 0.054901 0.0549554 0.0549863 0.0550666 0.0551374 0.0552046 0.0552736 0.0553874 0.0554687 0.0555599 0.0556696 0.0557997 0.0558933 0.0560176 0.0561546 0.0562901 0.0564078 0.0565571 0.0567061 0.0568523 0.0569963 0.0571512 0.0573148 0.0574762 0.0576323 0.0577894 0.0579757 0.0581403 0.0583053 0.0584761 0.0586733 0.0588389 0.0590235 0.0592074 0.0594081 0.0595933 0.0597918 0.0599988 0.0602217 0.0604414 0.0606715 0.060952 0.061245 0.0615846 0.0619904 0.0625034 0.0631084 0.0638965 0.0648826 0.066091 0.0675598 0.0693108 0.0713223 0.0735193 0.0758588 0.0781709 0.0802923 0.0820044 0.0830833 0.0832724 0.0823781 0.0802338 0.0766645 0.0716711 0.0652774 0.0576431 0.0490373 0.0397793 0.0302291 0.0207934 0.0118882 0.00385705 -0.0029351 -0.00829235 -0.0121118 -0.0143657 -0.015201 -0.0147714 -0.0133131 -0.0110969 -0.00837967 -0.00542156 -0.00245267 0.000339418 0.00283613 0.00493269 0.00661267 0.00787562 0.00872694 0.0092473 0.00945159 0.00941096 0.00919042 0.00880101 0.00833247 0.00778856 0.00720397 0.00662958 0.00603625 0.00547958 
0 0.00157483 0.00317724 0.00480754 0.0065134 0.00830635 0.010222 0.0123098 0.0145949 0.0171439 0.0199978 0.0232124 0.0268411 0.0309186 0.0354762 0.0404985 0.0459588 0.0517466 0.057736 0.0637328 0.0694757 0.0747463 0.0792249 0.0826717 0.0848551 0.0855452 0.0846706 0.0821672 0.0781326 0.07277 0.0663577 0.0592504 0.0518301 0.0444788 0.0375313 0.0313545 0.0261759 0.0222046 0.0195477 0.0181793 0.0180462 0.0189936 0.0208537 0.0233869 0.026402 0.0296597 0.0329613 0.0361602 0.0391157 0.0417511 0.0440303 0.0459887 0.0475929 0.048893 0.049923 0.0507311 0.0513674 0.0518865 0.052293 0.0525719 0.0527928 0.0529843 0.0531483 0.0532331 0.0532879 0.0533355 0.0533838 0.053388 0.0533657 0.0533424 0.0533265 0.0532909 0.0532267 0.0531705 0.05312 0.0530621 0.0529792 0.0529096 0.0528421 0.0527772 0.052691 0.0526178 0.0525515 0.0524909 0.0524088 0.0523465 0.0522966 0.0522436 0.0521776 0.0521423 0.052112 0.0520728 0.0520402 0.0520375 0.0520265 0.0520157 0.0520268 0.0520531 0.0520674 0.0520997 0.0521528 0.0522053 0.0522562 0.0523372 0.052424 0.052506 0.0526031 0.0527277 0.0528411 0.0529607 0.0531046 0.0532619 0.0534022 0.0535648 0.0537459 0.0539292 0.0541008 0.0543017 0.0545101 0.0547209 0.0549228 0.0551519 0.055387 0.055626 0.0558525 0.0561059 0.0563708 0.0566355 0.0568875 0.0571635 0.0574601 0.0577558 0.0580408 0.0583363 0.05867 0.0590105 0.0593432 0.059669 0.0600498 0.0604609 0.060883 0.0613011 0.0617955 0.0623726 0.063024 0.0637704 0.0646679 0.0657525 0.0670532 0.0686317 0.0704654 0.0725723 0.074919 0.077461 0.0800605 0.0825886 0.0848573 0.0866287 0.0876869 0.0878002 0.0867846 0.0844547 0.0807503 0.0756046 0.0690932 0.0614005 0.0527457 0.0434729 0.0339317 0.0245086 0.0155803 0.00754189 0.000675938 -0.00477601 -0.00868048 -0.0110757 -0.0120016 -0.0116685 -0.0102893 -0.00810286 -0.00540705 -0.00242964 0.000576694 0.00342762 0.00597625 0.00813217 0.00985276 0.0111251 0.011991 0.0124698 0.0126348 0.012535 0.0122154 0.0117542 0.0111678 0.0105178 0.00983499 0.00912803 0.00844647 0.00777482 
0 0.00192463 0.00387186 0.00585303 0.00790415 0.0100443 0.0123115 0.01475 0.0173936 0.0203074 0.0235294 0.0271191 0.0311266 0.0355749 0.040502 0.0458739 0.0516535 0.057736 0.0639583 0.0701372 0.0760032 0.0813192 0.0857928 0.0891663 0.0912284 0.0917726 0.0907289 0.088063 0.0838795 0.0783807 0.0718345 0.064591 0.0570046 0.0494445 0.0422527 0.0357577 0.0301938 0.0257724 0.0225843 0.0206494 0.0199552 0.0203582 0.0217273 0.0238466 0.0264946 0.0294621 0.0325649 0.0356167 0.0384832 0.041072 0.0433086 0.0452167 0.0467787 0.0480292 0.0489917 0.0497268 0.0502837 0.0506995 0.0509787 0.0511624 0.0513012 0.0513778 0.0514144 0.0514063 0.051377 0.0513279 0.05128 0.0511936 0.0510956 0.0509965 0.0509003 0.0507879 0.0506644 0.0505387 0.0504221 0.0503069 0.0501701 0.0500416 0.0499248 0.049811 0.0496776 0.0495638 0.0494554 0.0493529 0.0492391 0.0491474 0.0490582 0.0489791 0.0488939 0.0488326 0.0487734 0.0487251 0.0486774 0.0486543 0.0486307 0.048621 0.0486184 0.0486364 0.048653 0.04869 0.0487348 0.0487946 0.0488576 0.0489451 0.0490348 0.0491394 0.0492528 0.0493888 0.0495218 0.0496743 0.0498368 0.050018 0.0501943 0.0503935 0.0506018 0.0508265 0.0510434 0.0512856 0.0515392 0.051803 0.0520565 0.0523418 0.0526387 0.0529354 0.0532297 0.0535567 0.0538916 0.0542267 0.0545691 0.0549303 0.0553115 0.0556972 0.0560875 0.0564943 0.0569391 0.0573787 0.0578371 0.0583219 0.0588423 0.0593777 0.0599616 0.06058 0.06127 0.0620511 0.0629295 0.0639355 0.0651162 0.0665217 0.0681758 0.0701043 0.0722882 0.0747666 0.077477 0.0803366 0.0832146 0.0859349 0.088304 0.0901243 0.0911666 0.0911997 0.0900709 0.087605 0.0837608 0.0785283 0.0719821 0.0643049 0.0557247 0.0465511 0.0371231 0.0278144 0.0189842 0.0110101 0.00417615 -0.00127915 -0.00522921 -0.00767969 -0.00867712 -0.00841188 -0.00707134 -0.00490714 -0.00219238 0.000834852 0.00391005 0.0068518 0.00949172 0.0117301 0.0135216 0.0148428 0.0157302 0.0162144 0.0163555 0.0162117 0.0158371 0.0152926 0.0146226 0.0138741 0.0130828 0.0122777 0.0114823 0.0107111 
0 0.00229786 0.00461023 0.00697151 0.00939212 0.0119083 0.0145544 0.0173622 0.0203825 0.0236634 0.0272513 0.0312048 0.0355703 0.0403718 0.0456398 0.0513361 0.0574009 0.0637328 0.0701372 0.0764298 0.0823498 0.0876268 0.092014 0.0952405 0.0971098 0.0974545 0.0961875 0.0933186 0.0889491 0.0832884 0.0766002 0.0692204 0.0614867 0.0537321 0.0463068 0.0394878 0.0335233 0.0286243 0.0248767 0.0223506 0.0210463 0.0208557 0.0216603 0.0232841 0.0255019 0.0281337 0.0310009 0.03388 0.0366384 0.0391471 0.0413406 0.0432219 0.0447736 0.0460002 0.0469201 0.0475958 0.0480861 0.0484471 0.0486525 0.0487571 0.0488008 0.048796 0.0487586 0.0486834 0.0485699 0.0484441 0.0483345 0.0481852 0.0480295 0.0478698 0.0477182 0.0475515 0.0473908 0.0472127 0.0470517 0.046895 0.0467261 0.0465568 0.0464084 0.0462586 0.0460984 0.04596 0.0458228 0.0456912 0.0455624 0.045454 0.0453362 0.0452427 0.0451503 0.0450727 0.0449927 0.0449446 0.0448891 0.0448527 0.0448215 0.0448184 0.0448058 0.0448197 0.0448396 0.0448835 0.0449199 0.0449878 0.0450601 0.0451528 0.0452418 0.0453659 0.0454896 0.045632 0.0457775 0.0459566 0.0461284 0.0463241 0.0465273 0.0467536 0.0469758 0.0472289 0.0474813 0.0477507 0.048033 0.0483349 0.0486288 0.0489508 0.0492925 0.04963 0.0499771 0.0503554 0.0507449 0.05113 0.0515426 0.0519655 0.0524174 0.0528747 0.0533442 0.0538297 0.0543731 0.0549111 0.0554638 0.0560582 0.0567028 0.0573797 0.0581041 0.0588776 0.0597343 0.0607257 0.0618298 0.0630863 0.0645356 0.0662411 0.0682305 0.0705123 0.0730581 0.0758837 0.0789277 0.082068 0.0851892 0.0880769 0.0905352 0.0923785 0.0933751 0.0933136 0.0920623 0.0894884 0.0855517 0.0802972 0.0737868 0.0662007 0.0577763 0.0487896 0.0395801 0.03049 0.0218686 0.014054 0.0073361 0.0019473 -0.00199181 -0.00443697 -0.00545641 -0.00520097 -0.00385051 -0.00166636 0.00110829 0.00421508 0.00739621 0.0104614 0.013235 0.0156033 0.0175142 0.0189412 0.019898 0.0204378 0.0205973 0.0204449 0.0200514 0.0194491 0.0187242 0.017901 0.0170201 0.0161387 0.0152417 0.0143858 
