0 0 0 0 0 0 0 0 0 0 0 0 0 0 0 0 0 0 0 0 0 0 0 0 0 0 0 0 0 0 0 0 0 0 0 0 0 0 0 0 0 0 0 0 0 0 0 0 0 0 0 0 0 0 0 0 0 0 0 0 0 0 0 0 0 0 0 0 0 0 0 0 0 0 0 0 0 0 0 0 0 0 0 0 0 0 0 0 0 0 0 0 0 0 0 0 0 0 0 0 0 0 0 0 0 0 0 0 0 0 0 0 0 0 0 0 0 0 0 0 0 0 0 0 0 0 0 0 0 0 0 0 0 0 0 0 0 0 0 0 0 0 0 0 0 0 0 0 0 0 0 0 0 0 0 0 0 0 0 0 0 0 0 0 0 0 0 0 0 0 0 0 0 0 0 0 0 0 0 0 0 0 0 0 0 0 0 0 0 0 0 0 0 0 0 0 0 0 0 0 
0 0.000502422 0.0010153 0.00154117 0.00209042 0.00266432 0.00325942 0.00387608 0.004491 0.00509101 0.00564822 0.00612346 0.00650605 0.00675159 0.00685898 0.0068259 0.0066366 0.00634218 0.00593587 0.00547411 0.00501402 0.00457524 0.00425019 0.00403827 0.00397042 0.00405909 0.00426806 0.00460421 0.00502874 0.00551102 0.00601189 0.00650897 0.00696212 0.00738293 0.00776674 0.00808947 0.00838285 0.00861019 0.00880754 0.00897691 0.00912403 0.00924712 0.00933896 0.0094217 0.00947354 0.0095259 0.00954985 0.0095548 0.0095449 0.00953814 0.0095072 0.00945472 0.00940323 0.00932219 0.00925512 0.0091749 0.00907766 0.00896308 0.0088674 0.00875184 0.00862935 0.00851063 0.00838898 0.00826376 0.00812207 0.00799706 0.00787344 0.00774701 0.00759803 0.00747689 0.00735061 0.00722637 0.00709265 0.00696979 0.00684759 0.00673597 0.00661299 0.00649388 0.00639166 0.0062849 0.00617399 0.00607414 0.00598685 0.0058858 0.00579952 0.00571701 0.00564167 0.00555995 0.00549741 0.00542939 0.0053747 0.00531581 0.00527299 0.00522622 0.00519499 0.00515703 0.00513788 0.00511519 0.00510524 0.00509172 0.00509822 0.00509703 0.00511085 0.00512382 0.00515261 0.00517415 0.00521382 0.00524951 0.00530059 0.00534668 0.00540774 0.00546572 0.00554046 0.00560572 0.00568658 0.00577008 0.00586044 0.00594243 0.0060475 0.00614938 0.00624787 0.00635438 0.00647594 0.00658758 0.00670086 0.00682733 0.00695131 0.00708188 0.00720783 0.00733836 0.00746902 0.00761748 0.00774451 0.00788221 0.00801682 0.00816328 0.00829789 0.00843797 0.00856875 0.0087073 0.0088351 0.00896133 0.00910116 0.00921467 0.00931872 0.00942794 0.00954537 0.00962814 0.00971909 0.00978838 0.00985377 0.00991338 0.0099577 0.00998616 0.0100047 0.010025 0.0100143 0.00999906 0.00996501 0.00993666 0.00989481 0.00985387 0.00980278 0.00974625 0.00972602 0.00970645 0.00972023 0.00974923 0.00979065 0.0098481 0.00990412 0.00992304 0.00987802 0.0097453 0.00947389 0.00908594 0.00853415 0.00783142 0.00700626 0.00605452 0.00506603 0.00406376 0.00310853 0.00225384 0.00150806 0.000913504 0.000464561 0.000164268 3.34966e-06 -4.43454e-05 -1.71668e-06 9.75643e-05 0.000228108 0.000360564 0.000481086 0.000572944 0.000627477 0.000644822 0.000614555 0.000545143 
0 0.0010153 0.00204192 0.00310853 0.00420849 0.00536463 0.0065665 0.00779352 0.00903894 0.0102319 0.0113451 0.012309 0.0130544 0.0135672 0.0137755 0.0137021 0.0133476 0.0127264 0.0119322 0.0110015 0.0100605 0.00920911 0.00852892 0.00811147 0.00796981 0.0081172 0.00852466 0.00916715 0.00998495 0.0109207 0.0119116 0.0128637 0.013769 0.0145887 0.0153112 0.0159614 0.016501 0.0169449 0.0173336 0.0176561 0.0179303 0.0181682 0.0183308 0.0184563 0.0185773 0.0186495 0.0186939 0.018704 0.0186659 0.018622 0.0185596 0.0184599 0.0183308 0.0181987 0.0180477 0.0178693 0.017667 0.0174693 0.0172663 0.0170392 0.0168121 0.0165578 0.0163087 0.016079 0.015839 0.0155556 0.0153015 0.015062 0.0148086 0.0145463 0.0142915 0.0140488 0.0138062 0.0135597 0.0133152 0.013098 0.0128602 0.0126335 0.0124239 0.0122232 0.0120001 0.0118155 0.0116323 0.0114485 0.0112681 0.0111194 0.0109596 0.0108145 0.0106788 0.0105596 0.0104403 0.0103387 0.0102425 0.0101642 0.010091 0.0100297 0.00998038 0.00994805 0.00991718 0.00990285 0.00990352 0.00991311 0.0099286 0.00996553 0.0100096 0.0100639 0.0101289 0.0102109 0.0102977 0.0104003 0.0105065 0.0106327 0.0107645 0.0109057 0.0110504 0.0112254 0.0113889 0.0115632 0.0117546 0.0119632 0.0121474 0.0123666 0.0125932 0.0128146 0.0130334 0.01329 0.0135304 0.0137709 0.0140202 0.01429 0.014557 0.0148084 0.0150602 0.0153492 0.0156391 0.0158791 0.0161405 0.0164282 0.0167043 0.0169535 0.0172145 0.0174637 0.0177157 0.0179545 0.0181814 0.0183999 0.0186047 0.018799 0.0189653 0.0191146 0.0192668 0.019402 0.0194794 0.0195506 0.0196084 0.0196355 0.0196598 0.0196408 0.0195862 0.0195412 0.0194796 0.0193954 0.0193207 0.0192471 0.0192017 0.0192136 0.0192456 0.0193165 0.0194287 0.0195558 0.0196873 0.0197515 0.0196846 0.0194194 0.0189147 0.0181287 0.0170393 0.0156639 0.0139999 0.0121452 0.0101732 0.00818397 0.00630695 0.00458826 0.00312202 0.00193621 0.00104124 0.000455092 0.000131852 4.19203e-05 0.000127688 0.000324159 0.000578841 0.000843316 0.00107659 0.00125776 0.00137161 0.0014 0.00134936 0.00120564 
0 0.00154117 0.00310853 0.00471772 0.00639286 0.00813865 0.00994756 0.0118096 0.0136686 0.0154736 0.0171446 0.018578 0.0197172 0.0204613 0.0207846 0.0206793 0.0201261 0.0192284 0.0180165 0.0166295 0.0152278 0.0139112 0.0128911 0.0122162 0.011958 0.0121431 0.0126991 0.0136146 0.0147932 0.0161424 0.0175538 0.0189462 0.0202298 0.0214081 0.0224674 0.0233682 0.0241551 0.0247736 0.0252956 0.0257333 0.0261042 0.0264056 0.0266224 0.0268011 0.026914 0.0270082 0.0270372 0.0270139 0.0269493 0.0268828 0.0267637 0.0265919 0.0264083 0.0261698 0.0259486 0.0256965 0.0254044 0.0250799 0.0247853 0.0244521 0.0241027 0.0237542 0.0234027 0.0230466 0.0226579 0.0222922 0.0219367 0.0215774 0.0211764 0.0208226 0.0204655 0.0201146 0.0197474 0.0193991 0.0190574 0.0187396 0.0183999 0.0180709 0.0177784 0.0174811 0.0171753 0.0168981 0.0166468 0.0163742 0.0161305 0.0159024 0.0156888 0.0154697 0.0152886 0.0151054 0.0149489 0.0147916 0.0146668 0.0145434 0.0144508 0.0143527 0.0142937 0.0142362 0.0142039 0.0141733 0.0141844 0.0141878 0.0142215 0.014263 0.0143369 0.0144038 0.014508 0.0146135 0.0147495 0.0148835 0.0150486 0.015216 0.0154161 0.0156057 0.0158272 0.0160616 0.0163089 0.0165474 0.0168328 0.017118 0.017396 0.0176972 0.0180298 0.0183456 0.0186662 0.0190192 0.0193692 0.0197305 0.0200875 0.0204584 0.0208325 0.0212347 0.0216015 0.0219934 0.0223833 0.0227856 0.023171 0.0235711 0.0239541 0.0243441 0.0247172 0.0250881 0.0254809 0.0258224 0.0261424 0.0264711 0.0268098 0.0270828 0.0273584 0.0275912 0.0278139 0.0280193 0.0281816 0.0283075 0.0284106 0.0285056 0.0285382 0.0285469 0.0285128 0.0284862 0.028434 0.0283762 0.0283024 0.0282285 0.0282352 0.0282727 0.0283891 0.0285552 0.0287629 0.0290076 0.0292395 0.0293618 0.0292887 0.0289386 0.0281976 0.0270766 0.0254845 0.023446 0.0210243 0.0182595 0.0153572 0.0124234 0.00962682 0.00710777 0.00492448 0.0031725 0.00185458 0.000974687 0.000501555 0.000364389 0.00049048 0.000785598 0.00116918 0.00156344 0.00191811 0.00218944 0.00235298 0.00240097 0.00231433 0.00209869 
0 0.00209042 0.00420849 0.00639286 0.00865192 0.0110064 0.013445 0.0159346 0.0184317 0.0208362 0.0230599 0.0249791 0.026478 0.0274821 0.0279073 0.0277556 0.027036 0.02581 0.024203 0.0223448 0.020446 0.0186952 0.0172807 0.0163421 0.0159396 0.0160946 0.0167553 0.0178704 0.0193312 0.0210196 0.0228064 0.0245497 0.0261863 0.0276676 0.028974 0.0301091 0.0310534 0.0318127 0.0324432 0.0329584 0.0333792 0.0337164 0.033941 0.0340987 0.0342163 0.0342743 0.0342731 0.0342086 0.0340835 0.0339381 0.0337554 0.0335165 0.0332389 0.0329382 0.0326208 0.0322657 0.0318727 0.0314736 0.031074 0.0306457 0.030204 0.0297411 0.0292819 0.0288385 0.0283755 0.0278845 0.0274192 0.0269675 0.0264973 0.0260298 0.0255718 0.0251273 0.0246828 0.0242396 0.0238076 0.0234031 0.0229832 0.0225763 0.0221999 0.0218306 0.0214491 0.0211071 0.020781 0.0204528 0.0201408 0.0198622 0.0195869 0.0193261 0.0190885 0.0188705 0.0186662 0.0184811 0.0183154 0.0181723 0.0180468 0.0179364 0.0178526 0.0177908 0.017742 0.017715 0.0177175 0.0177328 0.0177662 0.0178275 0.0179093 0.0180043 0.0181239 0.018266 0.0184253 0.0186031 0.0187996 0.0190194 0.0192572 0.0195064 0.0197747 0.0200742 0.0203748 0.0206873 0.0210325 0.021394 0.0217426 0.0221274 0.0225339 0.0229338 0.02334 0.0237862 0.0242269 0.0246692 0.0251249 0.0256038 0.0260845 0.0265583 0.0270315 0.0275429 0.0280551 0.0285312 0.0290212 0.0295402 0.0300462 0.0305311 0.0310178 0.0314994 0.031985 0.0324468 0.0328881 0.0333245 0.0337495 0.0341433 0.0345066 0.0348434 0.0351754 0.0354782 0.0357156 0.0359245 0.0361118 0.0362655 0.0363881 0.0364557 0.0364769 0.036501 0.036504 0.0364874 0.0364752 0.0364817 0.0365559 0.0367161 0.0369444 0.0372453 0.0376136 0.0380132 0.0383946 0.0386331 0.0386059 0.0381906 0.0372871 0.0358347 0.0337813 0.0311463 0.0279728 0.0243989 0.020603 0.0167762 0.0131362 0.00982578 0.00698419 0.00468821 0.00296626 0.00182732 0.00121035 0.00104174 0.00121315 0.0016053 0.00211101 0.00263336 0.00309955 0.00345895 0.0036784 0.00373658 0.00362847 0.00334181 
0 0.00266432 0.00536463 0.00813865 0.0110064 0.0139831 0.017058 0.0201905 0.0233162 0.0263257 0.0290959 0.0314827 0.0333468 0.0345832 0.0351086 0.0349059 0.0339982 0.0324624 0.0304419 0.0281139 0.0257171 0.0234921 0.0216631 0.0204014 0.0197917 0.0198571 0.0205507 0.021795 0.0234684 0.02542 0.0274912 0.0295254 0.0314303 0.033151 0.0346625 0.0359578 0.0370222 0.0378687 0.0385433 0.0390808 0.0395044 0.0398209 0.0400228 0.0401417 0.0402039 0.0402018 0.0401328 0.0399929 0.0397982 0.0395742 0.0393072 0.0389837 0.0386167 0.0382254 0.037817 0.0373773 0.0368979 0.0364057 0.0359106 0.0353963 0.0348648 0.0343208 0.0337798 0.0332421 0.0326895 0.0321272 0.0315856 0.0310477 0.0304981 0.0299555 0.0294288 0.0289104 0.0283931 0.0278813 0.0273876 0.0269133 0.0264339 0.0259682 0.0255314 0.0251039 0.0246755 0.0242786 0.0239016 0.0235297 0.0231756 0.0228514 0.0225389 0.0222431 0.0219708 0.0217214 0.0214896 0.021279 0.0210906 0.0209275 0.0207843 0.0206613 0.0205652 0.0204944 0.0204405 0.0204121 0.0204125 0.020432 0.0204721 0.0205418 0.0206344 0.0207458 0.0208821 0.0210448 0.0212274 0.0214313 0.0216574 0.021909 0.0221798 0.0224675 0.0227779 0.0231162 0.023463 0.0238266 0.0242208 0.0246313 0.0250416 0.0254823 0.0259466 0.0264112 0.026886 0.0273923 0.027906 0.0284231 0.0289528 0.0295017 0.0300614 0.0306205 0.0311823 0.0317669 0.0323593 0.0329359 0.0335214 0.0341236 0.0347204 0.0353037 0.0358871 0.036473 0.0370582 0.0376196 0.0381608 0.0387024 0.0392344 0.0397368 0.0402061 0.0406518 0.0410851 0.0414897 0.0418402 0.0421551 0.0424464 0.0427044 0.0429222 0.0430859 0.0432128 0.0433339 0.0434428 0.0435373 0.0436367 0.0437726 0.0439902 0.0443119 0.0447273 0.0452338 0.0458158 0.0464325 0.0470055 0.0473953 0.0474513 0.0470237 0.0459943 0.0442787 0.041825 0.0386461 0.0348106 0.0304806 0.025872 0.0212289 0.0167991 0.0127765 0.00932115 0.00652943 0.00444457 0.00306424 0.00232651 0.00213453 0.00235819 0.00285545 0.00349085 0.0041477 0.0047343 0.00518849 0.00546739 0.00554328 0.00540781 0.00504957 
0 0.00325942 0.0065665 0.00994756 0.013445 0.017058 0.0207747 0.024556 0.0283003 0.0319067 0.0352081 0.03804 0.040258 0.0417023 0.0423151 0.0420492 0.0409321 0.0390834 0.0366297 0.0338211 0.0309149 0.0281856 0.0259165 0.0242814 0.0234045 0.0233113 0.0239552 0.0252413 0.0270364 0.0291618 0.031425 0.0336792 0.0357756 0.0376689 0.039328 0.0407133 0.0418487 0.0427326 0.0434053 0.0439223 0.0443071 0.0445561 0.0446967 0.0447474 0.0447122 0.0446281 0.0444652 0.0442283 0.0439462 0.0436283 0.0432612 0.042845 0.0423959 0.0419081 0.0414109 0.040889 0.0403359 0.0397572 0.0391846 0.0386002 0.0379901 0.037385 0.0367832 0.0361728 0.035547 0.0349435 0.0343432 0.0337431 0.033135 0.0325476 0.0319723 0.0314034 0.0308351 0.030282 0.0297494 0.0292244 0.0287103 0.0282083 0.0277328 0.0272642 0.0268149 0.0263787 0.0259718 0.0255717 0.0251978 0.0248394 0.0245099 0.0241905 0.0239017 0.0236295 0.0233863 0.0231575 0.0229606 0.0227819 0.0226324 0.0225005 0.022401 0.0223207 0.0222694 0.0222382 0.0222395 0.0222594 0.0223089 0.0223796 0.0224819 0.0226015 0.0227518 0.0229227 0.0231239 0.0233403 0.0235889 0.0238558 0.0241507 0.0244591 0.0248011 0.0251569 0.025538 0.0259324 0.0263597 0.0267955 0.027254 0.0277267 0.0282278 0.0287353 0.0292611 0.0298012 0.0303638 0.0309352 0.0315167 0.0321118 0.0327215 0.0333469 0.0339735 0.0346091 0.0352516 0.0359148 0.0365694 0.0372314 0.0378977 0.0385683 0.0392253 0.039895 0.0405672 0.0412148 0.0418484 0.0424863 0.0431222 0.0437203 0.0443026 0.0448634 0.0454049 0.0459199 0.0464033 0.0468403 0.047253 0.0476496 0.047986 0.0482867 0.0485607 0.0488179 0.049073 0.0493321 0.0495972 0.04992 0.0503516 0.0508864 0.051555 0.0523283 0.0531794 0.0540725 0.0548877 0.0554786 0.0556665 0.0552821 0.0541737 0.0522562 0.0494642 0.0458069 0.0413998 0.0363942 0.0310701 0.0257042 0.0205643 0.0159152 0.0119098 0.00868418 0.00628925 0.00470641 0.00388412 0.00369288 0.00398814 0.00460506 0.00538225 0.00618347 0.00690012 0.00745614 0.007801 0.00790747 0.00775398 0.00733778 
0 0.00387608 0.00779352 0.0118096 0.0159346 0.0201905 0.024556 0.0289601 0.0333281 0.0374949 0.0412992 0.0445637 0.0470769 0.0487294 0.0493918 0.0490321 0.0477164 0.0455009 0.0426265 0.0393162 0.0358642 0.0326376 0.0298652 0.0278221 0.0266207 0.0262837 0.026802 0.0280402 0.0298573 0.0320585 0.0344464 0.0368136 0.0390559 0.04106 0.0427821 0.0442355 0.0453668 0.0462495 0.0468922 0.0473533 0.0476532 0.0478169 0.0478629 0.0477905 0.0476722 0.0474619 0.0471953 0.0468631 0.0464818 0.0460411 0.0455816 0.0450862 0.0445331 0.0439922 0.0434045 0.0427979 0.0421724 0.0415586 0.0409098 0.0402724 0.0396234 0.0389623 0.0383058 0.0376573 0.0370274 0.0363677 0.0357208 0.035087 0.0344878 0.0338542 0.0332489 0.0326508 0.0320781 0.0315012 0.0309475 0.0303963 0.0298736 0.0293637 0.0288611 0.0283824 0.0279235 0.0274811 0.0270492 0.0266542 0.0262634 0.0259041 0.0255568 0.0252454 0.0249383 0.0246732 0.0244135 0.0241945 0.0239836 0.0238134 0.0236495 0.0235317 0.0234186 0.0233476 0.0232876 0.0232707 0.0232578 0.0232923 0.0233353 0.0234185 0.0235106 0.023649 0.0237913 0.0239776 0.0241727 0.0244084 0.0246515 0.0249377 0.0252275 0.0255591 0.0259002 0.0262738 0.0266567 0.02708 0.0275058 0.0279605 0.0284358 0.0289328 0.0294374 0.0299691 0.0305203 0.0310812 0.0316661 0.032252 0.0328663 0.0334956 0.034143 0.0347671 0.0354406 0.0361214 0.0368153 0.0374861 0.038191 0.0389043 0.0396312 0.0403401 0.0410636 0.0417971 0.0425099 0.0432444 0.0439711 0.0446883 0.0453834 0.0461012 0.0467676 0.0474432 0.0481075 0.0487394 0.0493396 0.0499171 0.0504757 0.0509949 0.0515096 0.0519649 0.0524113 0.0528409 0.0532843 0.0537326 0.0542243 0.0548052 0.0554746 0.0563143 0.057272 0.0583621 0.0595526 0.0607589 0.0618673 0.0627091 0.0630772 0.0627687 0.061658 0.0595748 0.0565143 0.0524784 0.0475561 0.0420121 0.0360633 0.0300751 0.0243514 0.0191396 0.0146901 0.0111004 0.00845304 0.00673879 0.00586555 0.00571879 0.00611595 0.00687362 0.00781573 0.00878244 0.00965075 0.0103319 0.0107667 0.0109185 0.0107705 0.0103102 
0 0.004491 0.00903894 0.0136686 0.0184317 0.0233162 0.0283003 0.0333281 0.0382602 0.0429689 0.047239 0.0508688 0.053675 0.0554589 0.0561506 0.0556818 0.0541029 0.0515552 0.048215 0.0444006 0.0404179 0.036628 0.0333515 0.0308294 0.0292291 0.028589 0.0288939 0.030002 0.031767 0.0339673 0.0363696 0.0388128 0.0411014 0.0431605 0.0449349 0.0463751 0.0475052 0.0483484 0.0489191 0.0492886 0.0494914 0.0495285 0.0494706 0.0493065 0.0490452 0.0487287 0.0483423 0.0478998 0.0474265 0.0469101 0.0463532 0.0457723 0.0451654 0.0445369 0.0438899 0.0432419 0.0425885 0.0419092 0.0412281 0.0405574 0.0398735 0.0392072 0.0385478 0.0378641 0.0371906 0.0365568 0.0359163 0.0352692 0.034638 0.0340235 0.0334271 0.0328319 0.0322447 0.0316819 0.0311371 0.0305869 0.0300713 0.0295709 0.0290747 0.028598 0.0281592 0.0277164 0.0272964 0.0269056 0.0265343 0.0261714 0.0258421 0.0255313 0.0252424 0.0249746 0.0247318 0.0245114 0.0243183 0.0241426 0.0239937 0.0238747 0.0237745 0.0236954 0.0236509 0.0236288 0.0236234 0.0236508 0.0237069 0.0237784 0.0238777 0.0240083 0.0241583 0.0243303 0.0245331 0.024757 0.0250056 0.0252769 0.0255721 0.025891 0.0262373 0.0265935 0.026982 0.0273955 0.0278213 0.0282618 0.0287455 0.029231 0.0297317 0.0302645 0.0308181 0.031365 0.0319496 0.0325546 0.033164 0.033781 0.0344244 0.0350903 0.0357692 0.0364344 0.0371186 0.0378518 0.0385771 0.0392875 0.0400267 0.0407842 0.0415362 0.0423072 0.0430782 0.0438452 0.0446203 0.0454006 0.0461812 0.0469572 0.0477267 0.0484939 0.0492395 0.0499762 0.0507165 0.0514273 0.0521177 0.0528042 0.0534498 0.0540866 0.0547318 0.0553576 0.056017 0.0567142 0.0574595 0.0583147 0.059309 0.0604507 0.0617751 0.063242 0.0647955 0.0663735 0.0677984 0.0689111 0.0694868 0.0693128 0.0682175 0.066062 0.0628027 0.0584488 0.053157 0.0471334 0.0406993 0.0342114 0.027987 0.0223634 0.0175403 0.0136861 0.0108731 0.00907116 0.00821969 0.00815325 0.00869593 0.00964152 0.0107849 0.0119583 0.0130176 0.0138613 0.0144191 0.0146525 0.014533 0.0140566 
0 0.00509101 0.0102319 0.0154736 0.0208362 0.0263257 0.0319067 0.0374949 0.0429689 0.0481489 0.0528268 0.0567847 0.0597972 0.0616978 0.0623642 0.0617461 0.0599098 0.0569705 0.0531774 0.0488387 0.0442973 0.0399609 0.0361368 0.0331192 0.0310808 0.0300708 0.0300884 0.0309881 0.0326037 0.034713 0.0370825 0.039509 0.0418238 0.0438987 0.0456617 0.0470895 0.0481713 0.0489615 0.0494699 0.049755 0.0498459 0.0497769 0.0496024 0.0493132 0.0489533 0.0485202 0.0480354 0.0475122 0.0469562 0.0463444 0.0457191 0.0450865 0.0444276 0.0437755 0.0430881 0.0423986 0.041721 0.0410497 0.0403563 0.0396815 0.0390082 0.0383423 0.0376795 0.0370162 0.036386 0.0357559 0.035117 0.0344916 0.0339097 0.0333116 0.0327288 0.0321523 0.0316036 0.0310677 0.0305426 0.0300124 0.0295275 0.0290572 0.0285787 0.0281277 0.0277139 0.0272991 0.026895 0.0265329 0.0261803 0.0258434 0.0255281 0.0252436 0.0249687 0.0247239 0.0244906 0.0242927 0.0241091 0.0239501 0.0238066 0.0237058 0.0236077 0.0235392 0.0234968 0.0234853 0.0234742 0.0235085 0.0235608 0.023634 0.0237225 0.0238558 0.0239939 0.0241614 0.0243498 0.0245704 0.0248003 0.0250634 0.0253396 0.0256504 0.0259739 0.0263177 0.0266851 0.0270872 0.0274863 0.0279112 0.0283761 0.0288456 0.0293179 0.0298327 0.0303709 0.0308995 0.031459 0.0320377 0.0326354 0.0332415 0.0338663 0.0344923 0.0351623 0.0358282 0.0365051 0.0371996 0.0379166 0.0386301 0.0393712 0.0401215 0.0408825 0.041656 0.0424243 0.043227 0.0440446 0.0448533 0.0456557 0.0464935 0.047319 0.0481626 0.0489991 0.0498248 0.0506616 0.0514946 0.0523155 0.05313 0.0539515 0.0547645 0.0555985 0.0564307 0.0573096 0.0582512 0.0592871 0.0604626 0.0617823 0.0632948 0.0649904 0.0668507 0.068813 0.0707685 0.072548 0.0739659 0.0747804 0.0747631 0.0737392 0.0715373 0.0681398 0.0635672 0.0579684 0.0516144 0.0448016 0.0379302 0.0313533 0.0253967 0.0203289 0.0163017 0.0134029 0.0116159 0.0108433 0.0109327 0.0116775 0.0128567 0.0142572 0.0156795 0.0169764 0.0180298 0.0187592 0.0191237 0.0190857 0.0186419 
0 0.00564822 0.0113451 0.0171446 0.0230599 0.0290959 0.0352081 0.0412992 0.047239 0.0528268 0.0578438 0.0620554 0.0652229 0.0671742 0.0677726 0.0669745 0.0648467 0.0615196 0.057266 0.0524089 0.0473216 0.0424223 0.0380419 0.0344933 0.0319682 0.0305416 0.0302138 0.0308472 0.0322601 0.0342223 0.0364962 0.0388657 0.0411566 0.0432205 0.0449692 0.0463731 0.04742 0.0481597 0.0486053 0.048806 0.0487991 0.0486347 0.0483675 0.0479933 0.0475456 0.0470231 0.0464598 0.0458751 0.0452682 0.0446169 0.0439544 0.0432935 0.042619 0.0419536 0.0412621 0.0405808 0.0399191 0.0392626 0.0385865 0.0379295 0.0372894 0.036663 0.0360364 0.0354022 0.0348051 0.03422 0.0336304 0.0330443 0.0324957 0.0319443 0.0314081 0.0308746 0.0303651 0.0298741 0.0293895 0.0289037 0.0284582 0.0280298 0.0275899 0.0271793 0.0268021 0.0264269 0.0260575 0.0257299 0.0254114 0.0251083 0.0248217 0.0245664 0.0243206 0.0241008 0.0238907 0.0237156 0.023553 0.0234104 0.0232837 0.0231968 0.0231108 0.0230504 0.0230168 0.0230098 0.0230017 0.0230356 0.023088 0.0231561 0.0232386 0.0233636 0.0234925 0.0236458 0.0238202 0.0240252 0.0242362 0.0244777 0.0247336 0.0250211 0.0253172 0.0256351 0.0259753 0.0263473 0.0267143 0.0271098 0.0275403 0.0279769 0.028414 0.0288959 0.0293961 0.0298893 0.0304109 0.0309587 0.0315168 0.0320807 0.0326696 0.0332705 0.033901 0.0345224 0.0351647 0.0358356 0.0365252 0.0372025 0.0379098 0.0386383 0.0393849 0.0401399 0.0408961 0.041688 0.0425024 0.0433157 0.044132 0.0449914 0.0458523 0.0467312 0.0476094 0.0484962 0.0494117 0.0503407 0.051265 0.0521909 0.0531442 0.054116 0.0551283 0.0561643 0.0572679 0.0584655 0.0597935 0.0612875 0.0629538 0.0648394 0.0669331 0.0692092 0.0715862 0.0739287 0.0760581 0.0777726 0.0788272 0.0789833 0.0780507 0.0758586 0.0723838 0.0676671 0.0618685 0.0552781 0.0482119 0.0410816 0.0342692 0.028114 0.0229078 0.0188149 0.015926 0.0142279 0.0136126 0.0139215 0.0149325 0.016412 0.0181336 0.0198797 0.021487 0.0228219 0.0237925 0.0243482 0.0244481 0.0240856 
0 0.00612346 0.012309 0.018578 0.0249791 0.0314827 0.03804 0.0445637 0.0508688 0.0567847 0.0620554 0.0664292 0.069698 0.0716247 0.0721158 0.0711121 0.0686578 0.0649565 0.060233 0.0548705 0.0492627 0.0437996 0.0388856 0.0348005 0.0317728 0.0299052 0.0291887 0.029503 0.0306633 0.032435 0.0345632 0.036865 0.0391053 0.0411525 0.0429029 0.0442794 0.0453221 0.0460355 0.0464528 0.0466043 0.0465483 0.0463181 0.0459867 0.0455747 0.0450576 0.0444978 0.0438956 0.0432844 0.0426537 0.0420066 0.0413344 0.0406736 0.0400368 0.0393791 0.0387209 0.0380745 0.0374631 0.0368357 0.0362221 0.0356122 0.0350218 0.0344527 0.0338891 0.0333154 0.0327575 0.0322428 0.0317152 0.0311918 0.0306777 0.0302008 0.0297171 0.0292439 0.0287778 0.0283482 0.0279125 0.027485 0.0270847 0.0267047 0.0263188 0.0259535 0.0256215 0.0252889 0.0249706 0.0246745 0.0244039 0.0241328 0.0238898 0.0236589 0.0234564 0.023256 0.0230839 0.0229244 0.0227949 0.0226629 0.0225659 0.0224829 0.0224213 0.0223623 0.0223465 0.0223336 0.0223411 0.0223641 0.0224237 0.0224777 0.0225639 0.0226669 0.0227949 0.022923 0.02309 0.0232655 0.023465 0.023671 0.0239121 0.0241614 0.0244344 0.0247133 0.0250289 0.0253539 0.0256917 0.0260461 0.0264373 0.0268274 0.0272283 0.0276656 0.028118 0.0285678 0.0290383 0.0295487 0.0300541 0.0305685 0.0310983 0.0316737 0.0322417 0.0328111 0.0333954 0.0340375 0.0346671 0.0352933 0.035949 0.0366423 0.0373394 0.0380437 0.038776 0.0395234 0.0403074 0.0410947 0.0419041 0.0427301 0.0436076 0.0444894 0.045375 0.0462941 0.0472551 0.0482366 0.0492246 0.0502491 0.0512896 0.0524037 0.0535647 0.0547745 0.0560786 0.057519 0.0591243 0.0609217 0.0629458 0.06518 0.067673 0.070353 0.0731204 0.0758452 0.0783083 0.0803094 0.0815979 0.0819335 0.0810909 0.0789443 0.0754337 0.0706289 0.0647348 0.057992 0.0507979 0.0435312 0.0365896 0.0303697 0.0251212 0.0210706 0.018293 0.0167626 0.0163986 0.0169997 0.0183549 0.0202127 0.0223202 0.0244648 0.026451 0.0281398 0.0294295 0.0302513 0.0305689 0.0303617 
0 0.00650605 0.0130544 0.0197172 0.026478 0.0333468 0.040258 0.0470769 0.053675 0.0597972 0.0652229 0.069698 0.0729498 0.0748253 0.0751477 0.073897 0.0711433 0.0670309 0.0618864 0.0560418 0.0499252 0.0439586 0.0385119 0.0339163 0.0303952 0.0280773 0.0269502 0.0269348 0.0278085 0.0293562 0.0313557 0.0335407 0.0357623 0.0378085 0.0395587 0.0409763 0.0420342 0.0427663 0.0432065 0.043373 0.0432966 0.0430777 0.0427304 0.0422943 0.0417953 0.0412237 0.0406327 0.0400426 0.0394421 0.0388058 0.0381789 0.0375668 0.0369675 0.0363786 0.0357843 0.0351922 0.0346258 0.0340935 0.0335418 0.032999 0.0324895 0.031989 0.0314731 0.0309814 0.0305219 0.0300553 0.0295819 0.0291254 0.0287037 0.0282804 0.0278528 0.0274352 0.0270504 0.0266719 0.0262931 0.0259251 0.0255835 0.0252542 0.0249264 0.0246151 0.0243255 0.024049 0.0237761 0.0235267 0.0232928 0.0230725 0.0228602 0.0226733 0.0224974 0.0223371 0.0221875 0.0220632 0.0219477 0.0218487 0.0217636 0.0217024 0.0216472 0.0216116 0.0215925 0.0215925 0.0215989 0.0216297 0.0216748 0.0217354 0.0218066 0.0219041 0.0220111 0.0221344 0.0222723 0.0224349 0.0226037 0.0227917 0.0229966 0.0232232 0.023454 0.0237077 0.02398 0.0242682 0.0245614 0.0248814 0.0252195 0.025567 0.0259238 0.0263066 0.0267083 0.0271156 0.0275335 0.0279726 0.0284362 0.0289037 0.0293809 0.0298712 0.0303901 0.0309197 0.0314569 0.0320002 0.032575 0.0331637 0.0337565 0.034377 0.035023 0.035667 0.0363233 0.0370389 0.0377713 0.0385034 0.0392549 0.0400584 0.0408905 0.0417465 0.0426295 0.0435349 0.0444909 0.0454915 0.0465179 0.0475666 0.0487014 0.0498983 0.0511618 0.052525 0.0539933 0.0556385 0.0575028 0.0595928 0.0619151 0.0645172 0.067357 0.0704046 0.0735545 0.0765962 0.0793731 0.081625 0.0831143 0.0836003 0.0828571 0.0807481 0.0772384 0.0724207 0.066468 0.0597051 0.0524647 0.0451664 0.0382403 0.0320256 0.0268743 0.0229544 0.0203695 0.0191188 0.0190577 0.0200399 0.0218073 0.0241068 0.0266911 0.0293019 0.0317566 0.0338847 0.0355716 0.036747 0.0373534 0.0373753 
0 0.00675159 0.0135672 0.0204613 0.0274821 0.0345832 0.0417023 0.0487294 0.0554589 0.0616978 0.0671742 0.0716247 0.0748253 0.0765434 0.0766709 0.0751609 0.0720652 0.0676051 0.0620425 0.0557692 0.0492159 0.0427703 0.0368584 0.0317818 0.0277886 0.0250354 0.0235175 0.0231571 0.0237614 0.0251029 0.0269428 0.0290681 0.0312549 0.0333259 0.0351487 0.0366315 0.0377847 0.0386018 0.0391182 0.0393402 0.0393358 0.0391582 0.038858 0.0384943 0.0380262 0.0375125 0.0369749 0.0364345 0.0358866 0.0353473 0.0347874 0.0342401 0.0337329 0.0332013 0.03269 0.032193 0.0317252 0.0312484 0.0307886 0.0303247 0.0298886 0.029467 0.0290501 0.0286342 0.0282095 0.0278262 0.0274506 0.0270724 0.0266786 0.0263343 0.0259808 0.0256424 0.0253016 0.0249856 0.0246688 0.0243755 0.0240805 0.023803 0.0235392 0.0232825 0.0230396 0.0228109 0.0225952 0.0223825 0.0221982 0.0220131 0.0218488 0.0216895 0.0215566 0.021418 0.0213112 0.0212018 0.0211184 0.0210341 0.0209808 0.0209196 0.0208912 0.0208603 0.0208563 0.0208487 0.0208754 0.0208941 0.0209429 0.0209915 0.0210687 0.0211395 0.0212453 0.021346 0.0214741 0.0216032 0.021762 0.0219139 0.0220996 0.0222857 0.022493 0.0227048 0.0229469 0.0231848 0.0234468 0.0237219 0.0240107 0.0243076 0.0246271 0.0249583 0.0252966 0.0256561 0.0260222 0.0264171 0.0268093 0.0272139 0.0276312 0.028098 0.0285342 0.0289844 0.0294597 0.0299771 0.0304746 0.0309854 0.0315112 0.0320746 0.0326495 0.0332267 0.0338377 0.0344605 0.0351156 0.0357909 0.0365003 0.0372209 0.0380122 0.0388068 0.0396251 0.0405051 0.0414384 0.0424146 0.0434318 0.0445031 0.0456361 0.0468934 0.048233 0.049696 0.0513106 0.0531335 0.0552045 0.0575337 0.0601514 0.0630403 0.0662173 0.0695954 0.0730432 0.0763785 0.0793855 0.0818286 0.0834713 0.0840692 0.0833903 0.0813351 0.077843 0.0730319 0.0671181 0.0603676 0.0531915 0.045969 0.039126 0.0330673 0.0280742 0.0243856 0.0220881 0.0211567 0.0215024 0.0229118 0.0251607 0.0279848 0.0310956 0.0342672 0.037258 0.0399026 0.0420758 0.0436677 0.0446482 0.0449634 
0 0.00685898 0.0137755 0.0207846 0.0279073 0.0351086 0.0423151 0.0493918 0.0561506 0.0623642 0.0677726 0.0721158 0.0751477 0.0766709 0.0765504 0.074754 0.0713508 0.0665405 0.0606233 0.0539769 0.0470372 0.040204 0.0338887 0.0284059 0.0240097 0.0208685 0.0189833 0.0183087 0.0186447 0.019785 0.0215126 0.0235788 0.0257933 0.0279399 0.0298691 0.0314958 0.032795 0.0337616 0.0344303 0.0348031 0.0349259 0.0348777 0.0346797 0.0344034 0.0340397 0.0336231 0.033187 0.0327432 0.032293 0.031835 0.0313743 0.0309273 0.0305116 0.0300844 0.0296786 0.0292685 0.0288732 0.0284999 0.0281321 0.0277605 0.0274104 0.027062 0.0267061 0.0263816 0.0260538 0.025732 0.025409 0.0251005 0.0247967 0.024515 0.0242158 0.0239361 0.0236716 0.0234089 0.023151 0.0229157 0.0226774 0.022448 0.0222437 0.0220367 0.0218379 0.0216569 0.0214893 0.0213183 0.0211719 0.0210274 0.0208992 0.0207766 0.0206706 0.0205645 0.0204859 0.0204025 0.020335 0.0202788 0.0202411 0.0201931 0.0201757 0.0201641 0.0201594 0.0201587 0.0201909 0.0202127 0.0202502 0.0203025 0.0203719 0.0204314 0.0205222 0.0206172 0.0207226 0.0208333 0.0209712 0.0211033 0.0212579 0.0214183 0.0215947 0.0217769 0.0219818 0.0221825 0.0224084 0.022645 0.0228877 0.0231407 0.0234207 0.0236977 0.0239887 0.0243041 0.0246184 0.0249442 0.0252951 0.0256551 0.0260107 0.0263958 0.0267844 0.0271962 0.0276111 0.0280345 0.0284686 0.0289385 0.0293992 0.0298844 0.0303864 0.0308913 0.0314232 0.0319903 0.0325701 0.0331642 0.0337936 0.0344443 0.0351549 0.0358854 0.0366532 0.0374674 0.0383384 0.0392627 0.0402484 0.041296 0.0424413 0.0437089 0.0450782 0.0466113 0.0483192 0.0502773 0.052526 0.0550663 0.0579145 0.06107 0.0645024 0.0681364 0.0718325 0.0753694 0.0785578 0.0811318 0.0828628 0.0835168 0.0828669 0.0808258 0.0773547 0.0725844 0.0667287 0.0600822 0.0530264 0.0459556 0.0393 0.0334449 0.0287137 0.0253224 0.023372 0.0228472 0.0236361 0.0255461 0.0283293 0.0317192 0.0354249 0.0391933 0.042783 0.0460046 0.048718 0.0508065 0.0522189 0.0529008 
0 0.0068259 0.0137021 0.0206793 0.0277556 0.0349059 0.0420492 0.0490321 0.0556818 0.0617461 0.0669745 0.0711121 0.073897 0.0751609 0.074754 0.0726569 0.0689572 0.063836 0.057624 0.0506829 0.043443 0.0363122 0.0296767 0.0238668 0.0191362 0.0156651 0.0134715 0.0125279 0.0126469 0.0136315 0.0152822 0.0173296 0.0196035 0.0218684 0.0239637 0.0258031 0.027322 0.0285148 0.0293949 0.0299752 0.0302879 0.0304226 0.0303938 0.0302663 0.0300566 0.0297763 0.0294732 0.0291469 0.0288214 0.028485 0.0281519 0.0278215 0.0275004 0.0271762 0.0268723 0.0265711 0.0262643 0.025983 0.0256927 0.0254065 0.0251335 0.0248628 0.0245852 0.0243323 0.0240694 0.0238067 0.0235623 0.0233203 0.0230803 0.0228461 0.0226164 0.0223995 0.0221965 0.0219771 0.0217801 0.0216022 0.0214155 0.0212297 0.0210779 0.0209204 0.0207628 0.0206249 0.0204986 0.0203704 0.0202558 0.0201492 0.0200524 0.0199659 0.0198807 0.0198069 0.0197512 0.0196934 0.0196379 0.0196093 0.0195828 0.0195497 0.0195397 0.0195473 0.0195401 0.0195485 0.0195825 0.01961 0.0196359 0.0196936 0.0197538 0.0198067 0.0198815 0.0199742 0.0200575 0.0201542 0.0202712 0.0203892 0.0205126 0.0206528 0.0208008 0.0209577 0.0211254 0.0212972 0.0214887 0.0216898 0.021889 0.022105 0.022348 0.022577 0.0228195 0.0230915 0.0233668 0.0236342 0.0239338 0.0242412 0.0245558 0.0248802 0.0252145 0.025564 0.0259319 0.0262951 0.0266742 0.0270817 0.0274802 0.0278982 0.0283396 0.0287891 0.0292486 0.0297427 0.0302392 0.0307675 0.0313257 0.0319076 0.0325257 0.0331748 0.0338674 0.0346076 0.0354093 0.0362665 0.037199 0.0381949 0.0393132 0.0405576 0.0419405 0.0435197 0.0453054 0.0473701 0.0497521 0.0524609 0.0554966 0.0588724 0.0625144 0.0663475 0.0702156 0.0738773 0.0771546 0.0797711 0.0815119 0.0821518 0.0814871 0.0794325 0.0759764 0.0712569 0.0654846 0.0589812 0.0520979 0.0452436 0.0388429 0.0332624 0.028853 0.0258114 0.0242517 0.0241639 0.0254219 0.0278533 0.0311953 0.0351804 0.0395164 0.0439244 0.0481585 0.052004 0.0553026 0.0579294 0.0598115 0.0608956 
0 0.0066366 0.0133476 0.0201261 0.027036 0.0339982 0.0409321 0.0477164 0.0541029 0.0599098 0.0648467 0.0686578 0.0711433 0.0720652 0.0713508 0.0689572 0.0649604 0.059598 0.0531401 0.0459873 0.038546 0.0312073 0.0243609 0.0183256 0.0133567 0.00962775 0.0072053 0.00602264 0.00597004 0.00684608 0.00843119 0.0105334 0.0128949 0.0153288 0.0176581 0.0197549 0.0215599 0.0230456 0.0242088 0.025051 0.0256458 0.0260029 0.0261906 0.0262643 0.0262239 0.0261234 0.0259839 0.0258071 0.0256028 0.0254173 0.025205 0.0249916 0.0247871 0.0245679 0.0243614 0.0241595 0.0239552 0.0237344 0.0235369 0.0233364 0.0231343 0.0229168 0.022725 0.0225408 0.0223287 0.0221256 0.0219484 0.021772 0.0215731 0.0213956 0.0212198 0.0210663 0.0208986 0.0207319 0.0205795 0.0204556 0.0203048 0.0201641 0.02005 0.0199374 0.0198148 0.0197109 0.0196203 0.0195269 0.0194424 0.0193614 0.0192978 0.0192341 0.0191743 0.0191194 0.0190909 0.0190453 0.0190109 0.018994 0.0189868 0.0189577 0.0189641 0.0189751 0.018979 0.018985 0.0190295 0.0190516 0.0190811 0.0191311 0.0191941 0.0192332 0.0193053 0.0193848 0.0194616 0.0195376 0.0196463 0.0197447 0.0198512 0.019967 0.0200998 0.0202297 0.0203713 0.0205173 0.0206834 0.0208525 0.0210179 0.021205 0.021412 0.0216093 0.0218079 0.0220459 0.022279 0.0225151 0.0227606 0.0230291 0.0232959 0.0235869 0.0238645 0.0241644 0.0244827 0.0248075 0.0251258 0.0254732 0.0258323 0.0261896 0.0265641 0.0269552 0.0273726 0.0277792 0.028212 0.028677 0.0291679 0.0296622 0.030209 0.0307828 0.0313899 0.0320677 0.0327841 0.0335642 0.0344296 0.035392 0.0364521 0.0376764 0.0390614 0.040649 0.0425047 0.0446499 0.0471392 0.0499834 0.0531889 0.0567122 0.060519 0.0644825 0.0684253 0.0721649 0.0754373 0.078031 0.0797161 0.0802708 0.0795382 0.0774356 0.0739762 0.0692995 0.0636468 0.0572935 0.050632 0.0440373 0.0379096 0.0326684 0.028584 0.0259217 0.0247761 0.0251146 0.0268749 0.0298143 0.0337185 0.0383044 0.0432467 0.0483049 0.0531706 0.0576435 0.0615484 0.0647199 0.0671102 0.0686213 
0 0.00634218 0.0127264 0.0192284 0.02581 0.0324624 0.0390834 0.0455009 0.0515552 0.0569705 0.0615196 0.0649565 0.0670309 0.0676051 0.0665405 0.063836 0.059598 0.0540072 0.0473933 0.0401086 0.0325466 0.0251081 0.0181452 0.0119755 0.00685897 0.00296493 0.000353648 -0.000979836 -0.00117024 -0.000377044 0.00122042 0.00336773 0.00587765 0.0085222 0.0111111 0.0135303 0.0156767 0.0175016 0.0189969 0.0201858 0.0210715 0.0217312 0.0221847 0.0224668 0.0226548 0.0227549 0.0227946 0.0227822 0.0227473 0.0226748 0.0226061 0.0225243 0.0224102 0.0223017 0.0222 0.0220869 0.0219382 0.0218131 0.0216788 0.0215507 0.0214112 0.0212633 0.0211054 0.0209719 0.0208466 0.0206923 0.0205416 0.0204025 0.0202873 0.0201435 0.0200098 0.0198838 0.0197788 0.0196455 0.0195378 0.0194377 0.0193368 0.0192276 0.0191473 0.0190657 0.0189784 0.018902 0.0188377 0.0187777 0.018712 0.0186603 0.0186142 0.0185793 0.0185292 0.0185036 0.0184808 0.018461 0.0184305 0.0184368 0.0184276 0.0184222 0.018424 0.0184524 0.0184506 0.0184741 0.018506 0.0185427 0.018561 0.0186202 0.0186671 0.0187161 0.0187693 0.0188525 0.0189105 0.0189873 0.0190728 0.0191703 0.019252 0.01936 0.01947 0.019588 0.0197012 0.019834 0.0199744 0.0201176 0.0202604 0.0204236 0.0205999 0.020762 0.020944 0.0211452 0.0213488 0.0215344 0.0217655 0.0220013 0.0222338 0.0224511 0.0227201 0.0229974 0.0232671 0.0235173 0.0238163 0.0241365 0.024441 0.024747 0.0250769 0.0254258 0.0257751 0.0261536 0.0265242 0.0269261 0.0273506 0.0278005 0.0282555 0.0287673 0.0293268 0.0299107 0.0305539 0.0312667 0.0320697 0.0329702 0.0340136 0.0351865 0.0365634 0.0381867 0.0400781 0.0423051 0.0448924 0.0478544 0.0511811 0.0548503 0.058751 0.0627849 0.0667718 0.0704761 0.073703 0.0761942 0.0777428 0.0781664 0.0773142 0.0751289 0.0716555 0.0670309 0.0614809 0.0553252 0.0488866 0.042567 0.0367655 0.031832 0.0281195 0.025817 0.0250471 0.0258199 0.0279949 0.0314261 0.0358418 0.0409622 0.0465094 0.0521494 0.0576403 0.0627211 0.0671912 0.0709247 0.0737812 0.0757239 
0 0.00593587 0.0119322 0.0180165 0.024203 0.0304419 0.0366297 0.0426265 0.048215 0.0531774 0.057266 0.060233 0.0618864 0.0620425 0.0606233 0.057624 0.0531401 0.0473933 0.0406674 0.0333235 0.0257342 0.0182764 0.0112823 0.00506995 -0.000121178 -0.00412987 -0.00684346 -0.00831401 -0.00858758 -0.00782555 -0.00622675 -0.00396657 -0.00130895 0.00156597 0.00446315 0.00723415 0.00976486 0.0119904 0.0138718 0.0154164 0.0166751 0.0176457 0.018399 0.0189565 0.0193814 0.0197019 0.0199391 0.020103 0.0202027 0.020297 0.0203608 0.0203941 0.0203845 0.0203688 0.0203345 0.0203076 0.0202575 0.0201732 0.0200996 0.020028 0.0199379 0.0198268 0.0197467 0.0196549 0.0195486 0.0194261 0.0193399 0.019255 0.0191515 0.0190349 0.0189482 0.0188737 0.018782 0.0186864 0.0186062 0.0185451 0.0184677 0.0183941 0.0183294 0.0182834 0.0182192 0.0181677 0.0181217 0.0180889 0.0180403 0.0180095 0.0179811 0.0179611 0.0179292 0.0179181 0.0179066 0.0178979 0.0178851 0.0178942 0.0178954 0.0178997 0.0179104 0.0179353 0.0179468 0.0179718 0.0180043 0.0180393 0.0180674 0.0181171 0.0181639 0.0182116 0.0182634 0.0183339 0.0183923 0.0184609 0.0185367 0.0186241 0.0186986 0.0187925 0.0188905 0.0189959 0.0190909 0.0192124 0.0193337 0.0194588 0.0195791 0.0197305 0.019877 0.0200256 0.020176 0.0203558 0.0205346 0.0207124 0.0208927 0.0210998 0.0213184 0.0215278 0.0217433 0.0219761 0.0222301 0.0224756 0.0227328 0.0229953 0.0232841 0.0235569 0.0238516 0.0241701 0.0244966 0.0247996 0.025137 0.0255122 0.0258925 0.0262868 0.0266933 0.0271449 0.0276362 0.0281842 0.0287616 0.0294198 0.0301701 0.0310371 0.0320287 0.0331897 0.0345818 0.036224 0.0381918 0.0404877 0.0431609 0.0462287 0.049677 0.0534366 0.0574227 0.0614852 0.0654288 0.069081 0.0721655 0.0745016 0.0758743 0.0761058 0.0751138 0.0728299 0.0693293 0.0647511 0.0593284 0.0533515 0.0471655 0.0411336 0.0356314 0.0310358 0.0276315 0.0256624 0.0252277 0.0263309 0.0288884 0.0327006 0.0375492 0.0431406 0.0491745 0.0553532 0.061376 0.066997 0.0719972 0.0762104 0.0795212 0.0818477 
0 0.00547411 0.0110015 0.0166295 0.0223448 0.0281139 0.0338211 0.0393162 0.0444006 0.0488387 0.0524089 0.0548705 0.0560418 0.0557692 0.0539769 0.0506829 0.0459873 0.0401086 0.0333235 0.0259756 0.0184159 0.0109992 0.00404606 -0.00214983 -0.00735101 -0.0114067 -0.0142023 -0.0157613 -0.0161137 -0.0153855 -0.0137565 -0.0113946 -0.00856025 -0.00542976 -0.00220949 0.00093597 0.00388334 0.0065273 0.00883114 0.0107953 0.0124454 0.0137842 0.0148654 0.0157003 0.0163784 0.0169353 0.017376 0.0177301 0.0179929 0.0182154 0.0183999 0.0185434 0.0186299 0.0187056 0.0187563 0.0187916 0.0187919 0.0187608 0.018745 0.0187225 0.0186785 0.01861 0.0185503 0.0184858 0.0184377 0.01836 0.0182808 0.0182149 0.0181557 0.0180801 0.0180145 0.017954 0.0178907 0.0178346 0.0177764 0.0177283 0.0176794 0.0176339 0.0175857 0.0175588 0.0175178 0.0174839 0.0174555 0.0174388 0.0174062 0.0173923 0.0173769 0.0173665 0.0173516 0.0173526 0.0173456 0.0173487 0.0173506 0.0173611 0.0173672 0.0173857 0.0173997 0.017422 0.0174442 0.0174752 0.0175017 0.0175397 0.017576 0.0176194 0.0176618 0.0177156 0.0177641 0.0178243 0.0178837 0.0179507 0.0180152 0.0180962 0.0181684 0.0182513 0.0183391 0.0184367 0.0185217 0.0186313 0.01874 0.0188505 0.0189617 0.0190984 0.0192222 0.0193578 0.0195016 0.0196572 0.0198086 0.0199736 0.0201453 0.0203332 0.0205183 0.0206996 0.0209132 0.0211405 0.0213522 0.0215618 0.0218124 0.0220643 0.0223252 0.0225724 0.0228392 0.0231286 0.0234337 0.0237215 0.024035 0.0243708 0.0247171 0.0250821 0.0254567 0.0258828 0.0263496 0.0268501 0.0273844 0.0280137 0.0287367 0.0295957 0.0305875 0.0317489 0.0331648 0.0348607 0.0368965 0.0392882 0.0420691 0.0452448 0.0488022 0.0526407 0.0566631 0.0607108 0.0645888 0.0681239 0.0710498 0.0731894 0.0743407 0.0743638 0.0731968 0.0708061 0.0672797 0.0627558 0.0574652 0.0516837 0.0457415 0.0399846 0.0347748 0.0304614 0.027333 0.0256247 0.0254375 0.0267984 0.0296124 0.0337094 0.0388685 0.0447956 0.05121 0.0577847 0.0642338 0.0702882 0.0757099 0.0803369 0.0840136 0.0866709 
