0 0 0 0 0 0 0 0 0 0 0 0 0 0 0 0 0 0 0 0 0 0 0 0 0 0 0 0 0 0 0 0 0 0 0 0 0 0 0 0 0 0 0 0 0 0 0 0 0 0 0 0 0 0 0 0 0 0 0 0 0 0 0 0 0 0 0 0 0 0 0 0 0 0 0 0 0 0 0 0 0 0 0 0 0 0 0 0 0 0 0 0 0 0 0 0 0 0 0 0 0 0 0 0 0 0 0 0 0 0 0 0 0 0 0 0 0 0 0 0 0 0 0 0 0 0 0 0 0 0 0 0 0 0 0 0 0 0 0 0 0 0 0 0 0 0 0 0 0 0 0 0 0 0 0 0 0 0 0 0 0 0 0 0 0 0 0 0 0 0 0 0 0 0 0 0 0 0 0 0 0 0 0 0 0 0 0 0 0 0 0 0 0 0 0 0 0 0 0 0 
0 0.00132336 0.00261039 0.00381518 0.00490253 0.00584116 0.0065968 0.0071646 0.00752702 0.00769735 0.0076941 0.00753142 0.00726978 0.00693168 0.00658728 0.00628467 0.00604528 0.00592282 0.00588589 0.00595106 0.00609687 0.00628483 0.00651652 0.00672977 0.00691127 0.00703632 0.00709246 0.00708528 0.00702099 0.00689137 0.00669903 0.00646872 0.00618044 0.00588538 0.00555672 0.00519615 0.00483249 0.00443973 0.00405445 0.00365669 0.0032484 0.00282964 0.00242391 0.00202044 0.00161879 0.00122495 0.000825354 0.000448685 7.59865e-05 -0.000281246 -0.000642571 -0.000974158 -0.0012922 -0.00161246 -0.00191621 -0.00220658 -0.00248206 -0.00274413 -0.00298899 -0.00324667 -0.00347072 -0.00368651 -0.003901 -0.00410408 -0.00428239 -0.00446537 -0.00464812 -0.00481188 -0.00495772 -0.0050987 -0.00525662 -0.00539044 -0.00550559 -0.00562191 -0.00575079 -0.00585079 -0.00595028 -0.00604625 -0.00614073 -0.00622094 -0.00630265 -0.00637488 -0.00644788 -0.00650958 -0.00656839 -0.00662683 -0.0066789 -0.00671969 -0.00676584 -0.00680877 -0.0068364 -0.00686786 -0.00690161 -0.00692126 -0.00693627 -0.00696186 -0.00697306 -0.00697716 -0.00698851 -0.00699665 -0.00698758 -0.00698816 -0.00698733 -0.00697269 -0.00695664 -0.00694978 -0.00692622 -0.00689872 -0.00687827 -0.00685012 -0.00680898 -0.00677524 -0.0067378 -0.00668693 -0.00663747 -0.00658717 -0.00652764 -0.00646157 -0.0063973 -0.00632386 -0.00624812 -0.00615963 -0.00607539 -0.0059856 -0.00588511 -0.00576698 -0.00566933 -0.00555657 -0.00542434 -0.00528382 -0.00515916 -0.00501667 -0.0048614 -0.00469207 -0.00452815 -0.00435711 -0.00416343 -0.00396829 -0.00377086 -0.00355026 -0.00331031 -0.00308931 -0.00284054 -0.00257748 -0.00229971 -0.00201661 -0.00171613 -0.00141214 -0.00108508 -0.000744025 -0.000400778 -3.58858e-05 0.000340813 0.000736725 0.00112137 0.00152983 0.00194718 0.0023758 0.00281057 0.00324403 0.00367763 0.00412134 0.00457203 0.00499859 0.00544383 0.00587064 0.00630417 0.00674147 0.00715389 0.00757583 0.00799781 0.00843414 0.00888323 0.00934711 0.00980985 0.0102902 0.0107674 0.0112162 0.0116295 0.0119377 0.0121458 0.0122098 0.0121096 0.0118522 0.0114083 0.0108213 0.0101072 0.00931855 0.00851028 0.00771842 0.00699355 0.00634946 0.00581295 0.0053812 0.00505237 0.00481343 0.00463373 0.0044985 0.00437012 0.00423745 
0 0.00261039 0.00513127 0.00751186 0.00963962 0.0114851 0.012973 0.0140663 0.0147818 0.0150852 0.0150543 0.0147177 0.0141497 0.0134776 0.0127584 0.0121361 0.0116647 0.0113783 0.0113183 0.0114252 0.0116976 0.0120854 0.012518 0.0129587 0.0133229 0.0135753 0.0137046 0.0137006 0.0135754 0.0133285 0.0129658 0.012501 0.0119739 0.0113942 0.0107595 0.0100869 0.00935771 0.00861069 0.00786276 0.00709197 0.00630567 0.00551829 0.00472383 0.00394307 0.00318204 0.00238959 0.00163792 0.000914374 0.000197157 -0.000493554 -0.00117562 -0.00183743 -0.00245809 -0.00304804 -0.00364667 -0.00419432 -0.00472163 -0.00522883 -0.00573035 -0.0061942 -0.00662142 -0.007045 -0.0074564 -0.00784477 -0.00820592 -0.00856201 -0.00887488 -0.0092046 -0.00951192 -0.00979811 -0.010059 -0.0103283 -0.010567 -0.0108095 -0.0110328 -0.0112332 -0.0114309 -0.0116276 -0.0118034 -0.0119609 -0.0121224 -0.0122654 -0.0124094 -0.0125266 -0.0126475 -0.0127566 -0.0128653 -0.012939 -0.0130374 -0.0131124 -0.0131775 -0.0132297 -0.0133049 -0.0133341 -0.0133754 -0.0134132 -0.0134466 -0.013445 -0.0134774 -0.0134814 -0.0134766 -0.0134658 -0.0134741 -0.0134352 -0.0134152 -0.0133888 -0.013354 -0.01329 -0.0132588 -0.0131929 -0.0131228 -0.0130463 -0.0129807 -0.0128734 -0.0127828 -0.0126764 -0.0125664 -0.0124325 -0.0123069 -0.0121595 -0.0120149 -0.0118459 -0.0116717 -0.0114918 -0.0112993 -0.0110897 -0.0108757 -0.0106441 -0.0103909 -0.0101576 -0.00988743 -0.00958991 -0.00928772 -0.00900154 -0.00866564 -0.00832357 -0.00795185 -0.00757867 -0.00718619 -0.00677698 -0.00633337 -0.00587396 -0.00539728 -0.00489686 -0.00437093 -0.00381248 -0.00326277 -0.00265487 -0.00201361 -0.00136711 -0.000706701 6.53873e-08 0.000717717 0.00147307 0.00224983 0.00301746 0.00383576 0.00466471 0.00549203 0.00632786 0.00717924 0.00803631 0.00890608 0.00976024 0.0105935 0.011439 0.01228 0.0131189 0.0139469 0.0147721 0.0156088 0.016475 0.0173696 0.0182744 0.0192118 0.0201598 0.0211077 0.0220306 0.022832 0.0234774 0.0238931 0.0240176 0.0238507 0.0233273 0.0224764 0.021329 0.0199274 0.0184018 0.0168143 0.0152756 0.0138626 0.0126065 0.0115686 0.010735 0.0101081 0.0096603 0.00933373 0.00909085 0.00886563 0.00862696 
0 0.00381518 0.00751186 0.010972 0.0140847 0.0167557 0.0188939 0.0204688 0.0214468 0.0218538 0.0217473 0.0211846 0.0203171 0.0192466 0.0181525 0.0171832 0.0164209 0.0159844 0.015832 0.0159776 0.0163694 0.0169126 0.0175731 0.0182097 0.0187583 0.0191523 0.0193577 0.0193806 0.0192349 0.0189062 0.0184034 0.0177783 0.0170122 0.0162028 0.0153075 0.0143325 0.0133291 0.012265 0.0112085 0.0101229 0.00901165 0.00787914 0.00677132 0.00567513 0.00458734 0.00351171 0.00243712 0.00141403 0.000407602 -0.000562461 -0.00153198 -0.00243647 -0.0033012 -0.00415975 -0.00498398 -0.00576881 -0.00651442 -0.00722583 -0.00790056 -0.0085859 -0.00919894 -0.00978975 -0.0103716 -0.0109239 -0.0114218 -0.0119217 -0.012413 -0.012867 -0.0132786 -0.0136745 -0.0140959 -0.0144701 -0.0148002 -0.0151295 -0.0154761 -0.0157634 -0.0160442 -0.0163153 -0.0165777 -0.0168078 -0.0170366 -0.0172435 -0.0174482 -0.0176247 -0.0177931 -0.0179573 -0.0181053 -0.0182252 -0.0183556 -0.0184743 -0.0185596 -0.0186483 -0.0187415 -0.0187997 -0.018848 -0.0189135 -0.0189487 -0.0189637 -0.0189941 -0.0190125 -0.0189949 -0.0189923 -0.018987 -0.0189473 -0.0189048 -0.0188765 -0.018813 -0.0187359 -0.0186736 -0.0185901 -0.0184783 -0.0183774 -0.0182683 -0.0181255 -0.0179841 -0.0178374 -0.0176691 -0.0174821 -0.0172967 -0.0170889 -0.0168721 -0.0166261 -0.0163842 -0.0161272 -0.0158438 -0.0155237 -0.0152371 -0.0149157 -0.0145503 -0.0141699 -0.0138108 -0.0134098 -0.0129789 -0.0125218 -0.0120642 -0.011586 -0.0110583 -0.0105234 -0.00997578 -0.00937648 -0.00873236 -0.00811477 -0.00743897 -0.00672449 -0.00597197 -0.00519913 -0.00438961 -0.00355659 -0.00266749 -0.00174523 -0.000809898 0.00018031 0.00120436 0.002274 0.00333374 0.00444224 0.00558352 0.00675557 0.00794287 0.00913258 0.0103314 0.0115557 0.012797 0.0139957 0.0152244 0.016427 0.0176456 0.0188728 0.0200572 0.0212636 0.0224853 0.0237542 0.0250695 0.0264299 0.0278104 0.0292369 0.0306616 0.032018 0.033252 0.0342081 0.0348563 0.0350888 0.0348524 0.0341406 0.0329079 0.0312496 0.0292319 0.0270038 0.0247166 0.0224896 0.0204552 0.0186684 0.0171955 0.0160361 0.0151795 0.0145831 0.0141666 0.0138692 0.0135922 0.0132946 
0 0.00490253 0.00963962 0.0140847 0.0180581 0.0214582 0.0241678 0.0261196 0.0273115 0.0277337 0.0274866 0.0266579 0.0254024 0.023924 0.022395 0.02104 0.0199869 0.019325 0.0190897 0.0192281 0.0197001 0.0204088 0.021246 0.0220979 0.0228371 0.0233848 0.0237035 0.0237851 0.0236387 0.0232656 0.0226783 0.0219102 0.0210094 0.0200148 0.0189244 0.0177527 0.0165052 0.0152146 0.0139169 0.012589 0.0112342 0.00987159 0.00851125 0.00717287 0.00585448 0.00452063 0.00322712 0.00198231 0.000761331 -0.000423893 -0.00158964 -0.0027111 -0.00377337 -0.00479863 -0.005809 -0.00675921 -0.00766684 -0.00853996 -0.00939131 -0.010201 -0.0109516 -0.0116829 -0.0123972 -0.0130746 -0.0137086 -0.0143259 -0.014903 -0.0154744 -0.0160116 -0.0165186 -0.0170052 -0.0174775 -0.0179097 -0.0183377 -0.0187468 -0.0191162 -0.0194738 -0.019824 -0.0201476 -0.0204427 -0.0207315 -0.0209984 -0.0212564 -0.0214812 -0.0216991 -0.0219048 -0.0220961 -0.0222501 -0.0224188 -0.0225634 -0.0226829 -0.0227914 -0.0229116 -0.022984 -0.0230557 -0.0231275 -0.0231803 -0.0231981 -0.0232398 -0.0232538 -0.0232442 -0.0232319 -0.0232269 -0.0231735 -0.023127 -0.0230774 -0.0230043 -0.0229025 -0.0228232 -0.0227088 -0.0225755 -0.0224379 -0.0222994 -0.0221159 -0.0219373 -0.0217437 -0.0215324 -0.0212934 -0.0210537 -0.0207886 -0.020513 -0.0202068 -0.0198897 -0.0195594 -0.0192039 -0.0188207 -0.0184332 -0.0180168 -0.0175662 -0.0171201 -0.0166423 -0.0161224 -0.0155859 -0.0150484 -0.0144651 -0.013857 -0.0132078 -0.0125462 -0.0118601 -0.0111345 -0.0103604 -0.00956836 -0.00874062 -0.00786946 -0.00695538 -0.00600219 -0.00503167 -0.00399388 -0.00289905 -0.00178165 -0.0006361 0.000572351 0.00181903 0.00311863 0.00444477 0.00578947 0.00719694 0.00863527 0.010083 0.011548 0.0130377 0.0145522 0.0160865 0.0176016 0.0191091 0.0206285 0.0221585 0.0236952 0.0252233 0.0267659 0.0283489 0.0299993 0.0317184 0.0334924 0.0353278 0.0372096 0.0390991 0.0409263 0.0425551 0.0438699 0.044755 0.045099 0.0448569 0.04396 0.0424261 0.0403267 0.0377683 0.0349563 0.032053 0.029248 0.0266881 0.0244577 0.0226418 0.0212366 0.0202323 0.0195656 0.0191377 0.0188587 0.0186084 0.0183225 
0 0.00584116 0.0114851 0.0167557 0.0214582 0.025448 0.0285967 0.0308221 0.0321073 0.0324692 0.0320042 0.0308404 0.0291674 0.0272188 0.025231 0.0234505 0.0220507 0.0211446 0.0207658 0.0208746 0.0214056 0.0222454 0.0232641 0.0243138 0.0252497 0.0259727 0.026431 0.0266136 0.0265264 0.0261707 0.0255633 0.0247431 0.0237594 0.0226597 0.0214522 0.0201479 0.018766 0.0173359 0.0158883 0.0144127 0.012907 0.0113892 0.00988176 0.00839846 0.00693245 0.00546792 0.00403444 0.00264801 0.00129653 -2.12574e-05 -0.00131105 -0.00254875 -0.00373016 -0.00487844 -0.00599886 -0.0070653 -0.00808194 -0.00905812 -0.0100064 -0.0109195 -0.0117773 -0.012604 -0.0134095 -0.0141768 -0.0149 -0.0156024 -0.0162779 -0.0169275 -0.0175369 -0.0181208 -0.018693 -0.0192366 -0.0197381 -0.0202284 -0.0207046 -0.0211419 -0.0215577 -0.0219606 -0.0223398 -0.0226905 -0.0230255 -0.0233406 -0.0236394 -0.0239092 -0.0241646 -0.0244073 -0.0246287 -0.0248209 -0.025013 -0.0251848 -0.0253288 -0.0254626 -0.0255937 -0.0256894 -0.0257743 -0.0258568 -0.0259161 -0.025949 -0.0259881 -0.026006 -0.0259977 -0.0259853 -0.0259676 -0.0259147 -0.0258562 -0.0257932 -0.0257039 -0.0255924 -0.0254858 -0.0253528 -0.0251958 -0.0250329 -0.0248592 -0.0246509 -0.0244347 -0.0242052 -0.0239526 -0.0236751 -0.0233882 -0.0230788 -0.0227489 -0.0223923 -0.0220225 -0.0216337 -0.0212135 -0.0207674 -0.020316 -0.0198334 -0.0193111 -0.0187789 -0.0182285 -0.0176388 -0.0170188 -0.0163825 -0.0157163 -0.0150187 -0.0142811 -0.0135233 -0.0127377 -0.011905 -0.0110294 -0.0101358 -0.00920225 -0.00821736 -0.0071862 -0.00611798 -0.00501854 -0.00386171 -0.00264592 -0.00139485 -0.000108276 0.00123848 0.00263716 0.00408356 0.00555871 0.00707019 0.00864165 0.010255 0.0118892 0.0135434 0.0152272 0.016946 0.0186862 0.0204203 0.0221597 0.023917 0.0256979 0.0274946 0.029296 0.0311291 0.0330269 0.0350177 0.0371078 0.0392866 0.0415505 0.0438837 0.0462327 0.0485028 0.0505461 0.05221 0.0533559 0.0538572 0.0536359 0.0526327 0.0508581 0.0483985 0.0454018 0.0420914 0.0386876 0.0354096 0.0324342 0.0298797 0.0278281 0.0262899 0.0252409 0.0246001 0.024252 0.0240728 0.0239264 0.023724 
0 0.0065968 0.012973 0.0188939 0.0241678 0.0285967 0.0320426 0.0344183 0.0356792 0.0358845 0.0351145 0.0335407 0.0313954 0.0289222 0.0264387 0.0241955 0.0224099 0.0212294 0.0206671 0.0207184 0.0212828 0.0222311 0.023425 0.0246708 0.0258204 0.0267502 0.0273906 0.0277251 0.0277552 0.0274817 0.0269256 0.0261394 0.0251568 0.0240451 0.022816 0.0214722 0.0200595 0.0185878 0.0170895 0.0155686 0.0140193 0.0124504 0.0109014 0.00937092 0.00784691 0.00635174 0.00486867 0.00343196 0.00203826 0.000672364 -0.000664091 -0.00194271 -0.0031736 -0.00437856 -0.00553537 -0.00665625 -0.00772524 -0.00875639 -0.0097475 -0.0107164 -0.0116348 -0.0125138 -0.0133718 -0.014196 -0.0149766 -0.0157271 -0.0164713 -0.0171687 -0.0178301 -0.0184659 -0.0190992 -0.0196865 -0.0202433 -0.0207764 -0.021301 -0.0217873 -0.0222475 -0.0226878 -0.0231094 -0.0235028 -0.0238718 -0.0242251 -0.0245531 -0.0248607 -0.0251442 -0.0254165 -0.0256588 -0.0258873 -0.0260933 -0.0262884 -0.0264518 -0.0266095 -0.0267429 -0.0268633 -0.0269573 -0.0270486 -0.0271099 -0.027162 -0.0271927 -0.0272158 -0.0272082 -0.0271981 -0.0271633 -0.0271168 -0.0270454 -0.0269712 -0.026866 -0.0267521 -0.0266163 -0.0264706 -0.0262937 -0.0261116 -0.0259037 -0.0256806 -0.0254311 -0.0251732 -0.0248857 -0.0245807 -0.0242534 -0.0239108 -0.0235375 -0.0231427 -0.0227316 -0.022297 -0.0218301 -0.0213368 -0.0208353 -0.0203017 -0.0197343 -0.0191345 -0.0185322 -0.0178921 -0.017217 -0.0165068 -0.0157905 -0.0150297 -0.014234 -0.0134122 -0.0125662 -0.0116678 -0.010733 -0.00978122 -0.00878363 -0.00773735 -0.0066458 -0.00552643 -0.00435273 -0.00314199 -0.00187282 -0.000557368 0.000795538 0.00219836 0.00366682 0.00517794 0.0067148 0.00831405 0.00995544 0.0116482 0.0133751 0.0151251 0.0169105 0.0187437 0.0206009 0.0224642 0.024357 0.0262667 0.0282212 0.0302096 0.032222 0.0342977 0.0364661 0.0387582 0.0411834 0.0437412 0.0464088 0.0491766 0.0519725 0.0546698 0.0571282 0.0591405 0.0605602 0.0612452 0.0610751 0.0600218 0.0580736 0.0553419 0.0520139 0.0483171 0.0445366 0.0409067 0.0376353 0.0348744 0.0326966 0.0311312 0.0301348 0.029612 0.0294318 0.0294368 0.0294793 0.0294427 
0 0.0071646 0.0140663 0.0204688 0.0261196 0.0308221 0.0344183 0.0367876 0.0379276 0.0378546 0.0366942 0.0346527 0.031949 0.0289346 0.0258992 0.0231577 0.0209766 0.019457 0.0187108 0.0186649 0.019234 0.0202989 0.0216385 0.0231035 0.024488 0.0256585 0.0265385 0.0270909 0.0272991 0.0271858 0.0267758 0.0260875 0.0252302 0.0241882 0.0230301 0.0217726 0.0204049 0.0190058 0.0175565 0.0160882 0.0145912 0.0130956 0.0115888 0.010103 0.00863485 0.0071647 0.00573903 0.00433774 0.00298052 0.0016375 0.000349582 -0.000922853 -0.00214738 -0.00331915 -0.0044715 -0.00558111 -0.00664746 -0.00768166 -0.00870428 -0.00965333 -0.0105902 -0.0114921 -0.0123657 -0.0132029 -0.0140256 -0.0148047 -0.0155468 -0.0162729 -0.0169818 -0.017663 -0.0182862 -0.0189053 -0.0195055 -0.0200808 -0.0206051 -0.021129 -0.0216173 -0.0220909 -0.0225285 -0.0229519 -0.0233435 -0.0237244 -0.0240703 -0.0244019 -0.02471 -0.0249962 -0.0252591 -0.0255085 -0.0257311 -0.0259324 -0.0261223 -0.0262872 -0.0264302 -0.0265593 -0.0266729 -0.0267563 -0.0268314 -0.0268877 -0.0269223 -0.0269355 -0.0269433 -0.0269213 -0.0268835 -0.0268312 -0.0267628 -0.0266649 -0.0265602 -0.0264344 -0.0262852 -0.0261181 -0.0259389 -0.0257313 -0.0255053 -0.0252649 -0.0249979 -0.0247108 -0.0244049 -0.024078 -0.0237211 -0.0233529 -0.0229528 -0.022538 -0.0220882 -0.0216217 -0.0211264 -0.0206247 -0.020066 -0.0194939 -0.0189039 -0.0182993 -0.0176345 -0.0169531 -0.0162499 -0.0155329 -0.0147675 -0.0139664 -0.0131503 -0.0122988 -0.0114132 -0.0105006 -0.00956329 -0.00855729 -0.00754753 -0.00649132 -0.00539547 -0.0042581 -0.00309679 -0.00186542 -0.00059679 0.000702978 0.00205862 0.00345159 0.00490562 0.00639599 0.00795108 0.00952745 0.0111705 0.0128576 0.0145768 0.0163394 0.0181494 0.0200045 0.0218875 0.023823 0.025755 0.0277606 0.0298114 0.0319068 0.0340923 0.0363467 0.0387411 0.0412932 0.0440177 0.0469068 0.0499671 0.053134 0.0563463 0.0594752 0.0623005 0.0646796 0.0663683 0.0672366 0.0671745 0.0660881 0.0640497 0.0611298 0.0575585 0.0536057 0.0495482 0.0456902 0.0422374 0.0393707 0.0371783 0.035678 0.0348273 0.0345091 0.0345742 0.0348397 0.0351419 0.0353419 
0 0.00752702 0.0147818 0.0214468 0.0273115 0.0321073 0.0356792 0.0379276 0.0387845 0.0383493 0.0367116 0.034114 0.030846 0.0272136 0.0236227 0.0203608 0.017722 0.0158819 0.014883 0.0147362 0.0153084 0.016454 0.0179774 0.0196556 0.021304 0.0227626 0.0239348 0.0247659 0.0252485 0.0253825 0.0251969 0.0247452 0.0240619 0.0232043 0.0222142 0.0211019 0.0199149 0.0186709 0.0173691 0.0160478 0.0147019 0.0133301 0.0119747 0.0106203 0.00926392 0.0079503 0.00663451 0.00533586 0.00407826 0.00283473 0.00162669 0.00045846 -0.000689799 -0.00181665 -0.00289592 -0.00396003 -0.00498863 -0.00598757 -0.00694561 -0.00788702 -0.00881523 -0.00969867 -0.0105518 -0.0113842 -0.0121888 -0.0129592 -0.0137342 -0.0144533 -0.0151435 -0.0158175 -0.0164798 -0.0170998 -0.0177027 -0.0182672 -0.0188176 -0.0193531 -0.0198522 -0.0203225 -0.0207781 -0.021214 -0.0216173 -0.0220063 -0.0223603 -0.0227083 -0.0230262 -0.0233218 -0.0235895 -0.0238606 -0.0240823 -0.0242953 -0.0244921 -0.0246725 -0.024807 -0.0249552 -0.0250685 -0.0251583 -0.025228 -0.0253025 -0.0253235 -0.0253438 -0.0253481 -0.0253322 -0.025276 -0.0252353 -0.0251544 -0.025053 -0.024935 -0.0248159 -0.0246431 -0.024474 -0.0242833 -0.0240693 -0.02382 -0.0235797 -0.0232954 -0.0229952 -0.0226724 -0.0223378 -0.0219646 -0.0215827 -0.0211655 -0.0207344 -0.02028 -0.0197968 -0.0192845 -0.0187569 -0.0182025 -0.0176231 -0.0170203 -0.016369 -0.0157162 -0.0150465 -0.0143316 -0.0135692 -0.0128155 -0.0120199 -0.0112009 -0.0103491 -0.00946676 -0.00854724 -0.00761345 -0.00664774 -0.00564714 -0.0046109 -0.00354059 -0.00244586 -0.00129602 -0.000130339 0.0010705 0.00232755 0.00362579 0.00495192 0.00634211 0.00775926 0.00921488 0.0107419 0.0122963 0.0139057 0.0155734 0.0172732 0.0190236 0.0208311 0.0226741 0.0245749 0.0265329 0.0285434 0.0306336 0.0328037 0.0350696 0.0374694 0.0400341 0.0427978 0.0457812 0.0489857 0.0523847 0.0559319 0.0595338 0.063023 0.0662299 0.068916 0.0708772 0.0719547 0.0719821 0.0709434 0.0688402 0.0658045 0.0620878 0.0579411 0.0537277 0.049726 0.0461907 0.0433237 0.0411929 0.0398499 0.0392134 0.0391635 0.0395356 0.0401109 0.0407273 0.0412146 
0 0.00769735 0.0150852 0.0218538 0.0277337 0.0324692 0.0358845 0.0378546 0.0383493 0.0374329 0.0352445 0.032045 0.0281272 0.0238797 0.0196839 0.0158844 0.0128007 0.0105877 0.00935856 0.00908079 0.00963681 0.0108808 0.012566 0.0144913 0.0164383 0.0182321 0.0197613 0.0209509 0.0217663 0.0222264 0.0223602 0.0221974 0.0218192 0.0212265 0.0204937 0.0196477 0.0186979 0.017697 0.0166231 0.0155233 0.0143979 0.0132633 0.0121108 0.0109493 0.00978878 0.00864032 0.00750829 0.00637755 0.00527357 0.00417163 0.00311478 0.00205553 0.00100931 2.81976e-06 -0.000979855 -0.00194841 -0.00289656 -0.00382864 -0.00474333 -0.00560512 -0.00647729 -0.00731914 -0.00813078 -0.00892109 -0.00970891 -0.0104559 -0.0111751 -0.0118699 -0.0125642 -0.0132377 -0.0138497 -0.014454 -0.0150607 -0.0156318 -0.016153 -0.0166829 -0.0171803 -0.0176557 -0.0181003 -0.0185354 -0.0189391 -0.01933 -0.0196818 -0.0200319 -0.0203545 -0.020647 -0.0209199 -0.0211939 -0.0214194 -0.0216283 -0.0218364 -0.0220139 -0.0221519 -0.0222991 -0.022422 -0.0225029 -0.0225801 -0.0226524 -0.0226767 -0.0226884 -0.0227021 -0.0226771 -0.0226219 -0.0225757 -0.0224992 -0.022384 -0.0222697 -0.0221437 -0.0219682 -0.021788 -0.0216014 -0.0213756 -0.0211224 -0.0208762 -0.0205902 -0.0202787 -0.0199547 -0.0196164 -0.0192356 -0.0188484 -0.018432 -0.0180024 -0.017535 -0.0170501 -0.0165449 -0.0160323 -0.0154565 -0.0148743 -0.0142902 -0.0136706 -0.0129973 -0.0123248 -0.011633 -0.0109105 -0.0101575 -0.00937478 -0.00858444 -0.00775655 -0.006899 -0.00602902 -0.00514658 -0.00419595 -0.00324471 -0.00227077 -0.00127012 -0.000237303 0.000826536 0.00192866 0.00304558 0.00419852 0.00540264 0.0066212 0.00789014 0.00918998 0.0105522 0.0119503 0.0133897 0.0148729 0.0164113 0.0180053 0.0196557 0.0213609 0.0231134 0.0249541 0.0268404 0.0288222 0.0308927 0.0330683 0.0354056 0.0379001 0.0406082 0.0435545 0.0467605 0.0502306 0.0539481 0.0578278 0.0617745 0.0656164 0.0691312 0.0721193 0.0743151 0.0755586 0.0757014 0.074681 0.0725648 0.0694654 0.0656529 0.0614203 0.0571092 0.0530533 0.0495091 0.04669 0.0446885 0.0435335 0.043152 0.0434034 0.0441044 0.0450283 0.0459852 0.0468008 
0 0.0076941 0.0150543 0.0217473 0.0274866 0.0320042 0.0351145 0.0366942 0.0367116 0.0352445 0.0324475 0.0285981 0.024027 0.019138 0.0143393 0.00999743 0.00644155 0.00385813 0.00236541 0.00194623 0.00248229 0.00380905 0.00567329 0.00785317 0.0101212 0.0122888 0.0142246 0.0158311 0.0170654 0.0179349 0.0184687 0.0186984 0.0186834 0.0184386 0.0180337 0.0175087 0.0168816 0.0161899 0.0154139 0.0145975 0.013751 0.0128845 0.0119942 0.0110793 0.0101587 0.00924625 0.00833504 0.00740589 0.00648442 0.00556351 0.00467451 0.00377919 0.00287675 0.00199753 0.00113412 0.000277565 -0.000573749 -0.00141089 -0.00222862 -0.00301611 -0.00382204 -0.00460232 -0.00534842 -0.00607947 -0.00680826 -0.00751317 -0.00819468 -0.00884935 -0.009495 -0.0101297 -0.0107181 -0.0112974 -0.0118712 -0.0124111 -0.0129139 -0.0134242 -0.0139043 -0.0143577 -0.0147876 -0.0152083 -0.0156035 -0.0159785 -0.0163217 -0.0166625 -0.0169799 -0.0172618 -0.0175314 -0.0177988 -0.0180212 -0.0182241 -0.0184312 -0.018604 -0.0187408 -0.0188844 -0.019007 -0.0190846 -0.0191614 -0.019231 -0.0192551 -0.0192641 -0.0192778 -0.0192502 -0.019195 -0.0191464 -0.01907 -0.0189522 -0.0188386 -0.0187105 -0.0185357 -0.0183536 -0.0181694 -0.0179422 -0.017691 -0.0174451 -0.0171644 -0.016852 -0.0165336 -0.0161996 -0.0158271 -0.0154421 -0.0150361 -0.0146146 -0.0141611 -0.0136863 -0.0131939 -0.0126921 -0.0121413 -0.0115812 -0.0110115 -0.010407 -0.00976664 -0.00913164 -0.00846614 -0.0077664 -0.0070476 -0.00631434 -0.0055674 -0.00478526 -0.00397167 -0.00315278 -0.00232765 -0.00144996 -0.000564598 0.000335725 0.00125599 0.00220739 0.00318167 0.00417551 0.00517585 0.00621709 0.00730224 0.0083983 0.00952766 0.0106846 0.0118987 0.0131518 0.0144406 0.0157735 0.0171719 0.0186281 0.0201422 0.0217118 0.0233442 0.0250809 0.0268934 0.0288137 0.0308438 0.033013 0.0353752 0.0379438 0.0407625 0.0438618 0.047268 0.0509833 0.0549807 0.0591603 0.063406 0.0675346 0.0713213 0.0745463 0.0769435 0.0783316 0.0785593 0.0775732 0.0754407 0.0723003 0.0684259 0.0641284 0.0597673 0.0556862 0.0521671 0.04943 0.0475758 0.0466314 0.0465125 0.0470677 0.0480967 0.0493604 0.050655 0.0517976 
0 0.00753142 0.0147177 0.0211846 0.0266579 0.0308404 0.0335407 0.0346527 0.034114 0.032045 0.0285981 0.0240668 0.0188409 0.0132958 0.00790163 0.00302372 -0.00101267 -0.00395816 -0.00573521 -0.00630947 -0.00580923 -0.00442609 -0.00238575 4.42471e-05 0.00264676 0.00521546 0.00759579 0.0096627 0.0113723 0.0127079 0.0136961 0.0143937 0.0147988 0.01498 0.0149735 0.0148247 0.0145837 0.0142445 0.0138166 0.0133278 0.012811 0.0122482 0.0116633 0.0110293 0.0103663 0.00971845 0.00904351 0.00834432 0.00762815 0.00691639 0.00619853 0.00548219 0.00473946 0.00399649 0.00327668 0.00254944 0.00181143 0.00107354 0.000372733 -0.000335745 -0.00104783 -0.00174729 -0.00241503 -0.00308358 -0.00373905 -0.00438024 -0.00500896 -0.00561016 -0.00620304 -0.00678133 -0.00733995 -0.00787263 -0.00840654 -0.00890351 -0.00938664 -0.00985522 -0.0103115 -0.0107322 -0.0111433 -0.0115354 -0.0119146 -0.0122638 -0.0125939 -0.0129155 -0.0132181 -0.0134861 -0.0137448 -0.0139979 -0.0142111 -0.0144077 -0.0146019 -0.0147692 -0.0149007 -0.0150385 -0.0151513 -0.0152312 -0.0153005 -0.0153667 -0.0153875 -0.0153996 -0.0154041 -0.0153801 -0.015324 -0.0152758 -0.0151954 -0.0150858 -0.0149695 -0.0148438 -0.0146728 -0.0144971 -0.0143125 -0.0140939 -0.0138499 -0.0136089 -0.0133375 -0.0130357 -0.0127275 -0.0124033 -0.0120487 -0.011674 -0.011289 -0.0108795 -0.0104508 -0.00999495 -0.00953219 -0.00904138 -0.00852991 -0.00799854 -0.00746213 -0.00687913 -0.00628888 -0.00569107 -0.00506875 -0.0044065 -0.00374352 -0.00306574 -0.00236661 -0.00164529 -0.000899143 -0.000149374 0.000614778 0.0013995 0.0022167 0.00302726 0.00385276 0.0047013 0.00558534 0.00645924 0.00734303 0.00827105 0.00922011 0.0101856 0.0111694 0.0121885 0.0132457 0.0143624 0.0154892 0.0166646 0.0179159 0.0192227 0.0205944 0.0220251 0.0235371 0.0251495 0.0268858 0.0287201 0.0306979 0.0328589 0.0352316 0.0378777 0.0407999 0.0440442 0.0476368 0.0515806 0.0558247 0.0602743 0.0647805 0.0691413 0.0731597 0.0765536 0.0790983 0.080579 0.0808337 0.0798586 0.0776802 0.0744946 0.0705667 0.0662066 0.061814 0.0577096 0.0542135 0.0515477 0.0498116 0.0490461 0.0491462 0.0499608 0.0512767 0.0528408 0.0544457 0.0558955 
0 0.00726978 0.0141497 0.0203171 0.0254024 0.0291674 0.0313954 0.031949 0.030846 0.0281272 0.024027 0.0188409 0.0129363 0.00678708 0.000790396 -0.00461721 -0.00910854 -0.0124613 -0.0145124 -0.0152832 -0.0148591 -0.0134356 -0.0112673 -0.0086008 -0.00567683 -0.00270822 0.000120988 0.00269002 0.00489469 0.00674266 0.00825062 0.0094278 0.0103373 0.0109763 0.0114097 0.0117035 0.0118683 0.0119242 0.0118829 0.0117562 0.0115771 0.0113736 0.011094 0.0107613 0.0103995 0.00999923 0.00958439 0.00912857 0.00863065 0.00811764 0.00760741 0.00705191 0.00646801 0.0058891 0.00530233 0.00470715 0.00409456 0.00347748 0.00285606 0.00225955 0.00165007 0.00103497 0.000440791 -0.000136155 -0.000728757 -0.00131272 -0.00184955 -0.00238656 -0.00293582 -0.00347123 -0.0039517 -0.00443527 -0.00492156 -0.00539231 -0.00581798 -0.00624346 -0.00666032 -0.0070579 -0.00742639 -0.0077881 -0.00813626 -0.00846016 -0.00876662 -0.00906172 -0.009341 -0.00959095 -0.00983522 -0.010061 -0.0102668 -0.0104479 -0.010629 -0.0107782 -0.0109127 -0.0110299 -0.0111385 -0.0112106 -0.011281 -0.0113282 -0.0113584 -0.0113623 -0.0113664 -0.011335 -0.0112929 -0.0112322 -0.0111599 -0.0110525 -0.0109455 -0.0108124 -0.010661 -0.010487 -0.010311 -0.0100996 -0.00987648 -0.0096377 -0.00938424 -0.00909917 -0.00880881 -0.00850009 -0.00816757 -0.00781431 -0.00745502 -0.00707559 -0.00666391 -0.0062422 -0.00581507 -0.00536702 -0.00487475 -0.00438328 -0.00388939 -0.00337448 -0.0028077 -0.00224623 -0.00168437 -0.00110039 -0.000471917 0.000148209 0.000775931 0.00143806 0.00211502 0.00278056 0.00346493 0.00419211 0.00491271 0.00563305 0.00636499 0.00712514 0.00789012 0.00867257 0.0094538 0.0102507 0.0110866 0.0119285 0.0127734 0.0136595 0.014601 0.0155548 0.0165516 0.0175876 0.0186817 0.0198658 0.0211044 0.022404 0.0238039 0.0253246 0.0269606 0.0287459 0.0306827 0.0328281 0.0352554 0.0379632 0.0410058 0.0444029 0.0481768 0.0523369 0.0568178 0.0614996 0.0662188 0.0707835 0.0749414 0.0784658 0.081083 0.0825763 0.0828355 0.0817864 0.0795476 0.076282 0.0722549 0.0678345 0.063351 0.0592021 0.0556851 0.0530228 0.0513642 0.0506913 0.050944 0.0519412 0.053454 0.0552563 0.0570907 0.058795 
0 0.00693168 0.0134776 0.0192466 0.023924 0.0272188 0.0289222 0.0289346 0.0272136 0.0238797 0.019138 0.0132958 0.00678708 2.05685e-05 -0.00652513 -0.0124449 -0.0174209 -0.0211546 -0.0235461 -0.0245432 -0.0242384 -0.0228493 -0.0205866 -0.0177376 -0.0145356 -0.0111991 -0.00793041 -0.00488929 -0.0021563 0.000221063 0.0022533 0.00398475 0.00538447 0.00653043 0.00744056 0.00817576 0.00879271 0.00926779 0.00963369 0.00988886 0.0100881 0.0102076 0.0102672 0.0102496 0.0101682 0.0100608 0.00989797 0.00967712 0.00939187 0.0090983 0.00874925 0.00838848 0.00798209 0.00753658 0.00708993 0.00662442 0.00612691 0.005619 0.00513801 0.00461626 0.00410063 0.00357434 0.00307119 0.00256093 0.00206583 0.00156498 0.00107201 0.000588214 0.000128243 -0.000315795 -0.000777115 -0.00121151 -0.00162981 -0.00202471 -0.00242921 -0.00280226 -0.00317892 -0.00351825 -0.00385993 -0.00417932 -0.00449701 -0.00477806 -0.00506375 -0.0053236 -0.00557494 -0.00580311 -0.00602574 -0.00622251 -0.00641208 -0.0065815 -0.00673581 -0.00687328 -0.0069985 -0.00710279 -0.00719197 -0.00726821 -0.00732459 -0.00736419 -0.00738949 -0.00739924 -0.00738732 -0.00736337 -0.00732261 -0.00726329 -0.00718644 -0.00709742 -0.00698841 -0.00686156 -0.0067222 -0.00656395 -0.0063889 -0.00619741 -0.00599302 -0.00576508 -0.00553033 -0.00527054 -0.00500016 -0.00470929 -0.00441357 -0.00408207 -0.00375319 -0.00339777 -0.0030372 -0.0026453 -0.00225428 -0.00182619 -0.00141147 -0.000965784 -0.000501135 -9.79962e-06 0.000462117 0.000963297 0.00148715 0.0020334 0.00257901 0.0031267 0.00370172 0.0042881 0.00489281 0.00549672 0.00612038 0.00672914 0.00738407 0.00802606 0.00867501 0.00934324 0.0100333 0.0106977 0.011381 0.0120991 0.0128186 0.0135669 0.0143075 0.015086 0.0158938 0.0167534 0.0176246 0.0185506 0.0195488 0.0206123 0.0217461 0.0229465 0.0242638 0.0256981 0.0273056 0.0290445 0.0309776 0.033164 0.0356282 0.0384508 0.0416216 0.0451832 0.04916 0.0535366 0.0582298 0.0631232 0.0680167 0.0727043 0.0769745 0.0805262 0.0831532 0.0846091 0.0847642 0.0836259 0.0812383 0.0778395 0.0736842 0.0691107 0.0645168 0.0602403 0.0566279 0.053906 0.0521994 0.0515385 0.0518177 0.0528766 0.0544866 0.0563939 0.0583762 0.0602387 
0 0.00658728 0.0127584 0.0181525 0.022395 0.025231 0.0264387 0.0258992 0.0236227 0.0196839 0.0143393 0.00790163 0.000790396 -0.00652513 -0.013616 -0.0200397 -0.0254726 -0.0296344 -0.0323726 -0.0336564 -0.0335482 -0.0322561 -0.0299927 -0.0270345 -0.0236178 -0.0199691 -0.0163174 -0.0128144 -0.00959817 -0.00670423 -0.00413827 -0.00189507 3.96738e-05 0.00169322 0.0030968 0.00431371 0.00537836 0.00627833 0.00705993 0.00770831 0.00827049 0.00876012 0.00914292 0.00943905 0.00965457 0.00979886 0.00988162 0.00990042 0.00983877 0.00974118 0.00958691 0.00938141 0.00913042 0.008841 0.00853451 0.00819696 0.00782993 0.00744156 0.00704067 0.00662405 0.0062197 0.00579081 0.00536283 0.0049414 0.00451153 0.00408326 0.00368362 0.0032775 0.00286536 0.00247244 0.00209001 0.001725 0.00136169 0.00100149 0.000657063 0.000340634 1.53316e-05 -0.000291625 -0.00058642 -0.000866585 -0.00113842 -0.00138949 -0.0016431 -0.00186929 -0.00208392 -0.00229292 -0.00248849 -0.00265432 -0.00282508 -0.00297881 -0.00310705 -0.00322679 -0.00334459 -0.00342939 -0.00350383 -0.00357535 -0.00362376 -0.0036482 -0.00367494 -0.00368189 -0.00366275 -0.00363819 -0.00360615 -0.00354194 -0.00346921 -0.00339182 -0.00328898 -0.00316461 -0.00304395 -0.0028987 -0.00273081 -0.00255895 -0.00237751 -0.00216247 -0.00194695 -0.00171899 -0.00146933 -0.00120262 -0.000935643 -0.000640354 -0.000340638 -2.29678e-05 0.000310435 0.000656873 0.00100244 0.0013829 0.00176996 0.00216643 0.00257095 0.00299328 0.00343234 0.00389343 0.00434292 0.00480649 0.00530295 0.00579857 0.00630164 0.00682484 0.00734923 0.00787313 0.00842809 0.00898341 0.00955102 0.0101152 0.0106877 0.0112751 0.011879 0.0124814 0.0131002 0.0137269 0.014371 0.0150373 0.0157024 0.0164131 0.01716 0.0179316 0.0187365 0.0195928 0.020505 0.0215123 0.0225845 0.0237357 0.0250173 0.0264249 0.0280057 0.0297596 0.0317276 0.0339766 0.0365606 0.0395099 0.0428553 0.0466117 0.0507914 0.0553838 0.0602775 0.065346 0.0703725 0.0751495 0.0794369 0.0829643 0.0855034 0.0868191 0.0868186 0.0854762 0.0828997 0.0793014 0.0749401 0.0701841 0.0653799 0.0609144 0.0571128 0.0542049 0.0523499 0.0515422 0.0517147 0.0526908 0.0542401 0.0561351 0.0581247 0.0600447 
0 0.00628467 0.0121361 0.0171832 0.02104 0.0234505 0.0241955 0.0231577 0.0203608 0.0158844 0.00999743 0.00302372 -0.00461721 -0.0124449 -0.0200397 -0.0269531 -0.0328548 -0.037467 -0.0406102 -0.0422466 -0.0424166 -0.0413119 -0.0391397 -0.0361631 -0.0326267 -0.0287569 -0.0247971 -0.0209088 -0.0172482 -0.0138721 -0.0108014 -0.00805472 -0.00561532 -0.00347159 -0.00158915 8.85914e-05 0.00159336 0.00292396 0.00411806 0.00516388 0.00609235 0.00692439 0.00762896 0.00823717 0.00874701 0.00916072 0.00949409 0.00973955 0.00989479 0.00999035 0.0100161 0.00998337 0.00990295 0.00976328 0.00958655 0.00937051 0.00912232 0.00885748 0.00856569 0.00824823 0.00793279 0.00759607 0.00725057 0.00691374 0.00657028 0.00622448 0.0058857 0.00553924 0.00520939 0.00489512 0.00456545 0.00424701 0.00395225 0.0036553 0.00336186 0.00308798 0.00281626 0.00255802 0.00230739 0.00206479 0.00183817 0.00162316 0.00140306 0.00121209 0.00103318 0.00084766 0.000680849 0.000545422 0.000396098 0.000260543 0.000157889 5.63958e-05 -4.95616e-05 -0.000116821 -0.00017577 -0.000240487 -0.000279363 -0.000292099 -0.000316391 -0.000320774 -0.000295486 -0.000271331 -0.000244277 -0.000179185 -0.000110444 -4.3962e-05 5.25069e-05 0.000170292 0.000274604 0.000405383 0.0005633 0.000714971 0.000874032 0.00107234 0.00126673 0.001464 0.00169055 0.00193081 0.0021644 0.0024251 0.00269765 0.00297544 0.00326616 0.00357228 0.00388583 0.00421734 0.00454758 0.00489358 0.0052648 0.0056326 0.00600083 0.00640085 0.00680603 0.00721203 0.0076391 0.00806857 0.0085065 0.00896402 0.00942354 0.00989169 0.0103782 0.0108587 0.011354 0.0118653 0.0123815 0.0129098 0.0134478 0.013989 0.0145557 0.0151326 0.0157294 0.0163522 0.0169825 0.0176478 0.018353 0.0190856 0.019867 0.0207065 0.0216002 0.022589 0.0236482 0.0248027 0.0260968 0.0275373 0.0291645 0.0309946 0.0330639 0.0354374 0.0381738 0.0412966 0.0448458 0.0488215 0.0532277 0.0580308 0.0631053 0.0683074 0.0734078 0.0781976 0.0824262 0.0858389 0.0882062 0.0893086 0.089067 0.0874598 0.0846166 0.0807451 0.07611 0.0710783 0.0659886 0.0612338 0.0571365 0.0539345 0.0517913 0.0507059 0.0506173 0.0513533 0.0526918 0.0544124 0.0562738 0.0581182 
0 0.00604528 0.0116647 0.0164209 0.0199869 0.0220507 0.0224099 0.0209766 0.017722 0.0128007 0.00644155 -0.00101267 -0.00910854 -0.0174209 -0.0254726 -0.0328548 -0.0392325 -0.0442998 -0.0479009 -0.0499502 -0.0504882 -0.0496785 -0.0477111 -0.0448313 -0.0412882 -0.0373098 -0.0331311 -0.0289636 -0.0249311 -0.0211478 -0.0176502 -0.0144391 -0.0115544 -0.00894461 -0.00660218 -0.00448769 -0.00256209 -0.000820224 0.000762736 0.00218806 0.00348981 0.00464436 0.00568149 0.00659754 0.00738561 0.00806713 0.00864198 0.00911526 0.00949313 0.00980256 0.00999818 0.0101438 0.0102307 0.0102427 0.0102078 0.0101297 0.010009 0.00985655 0.00968427 0.00946064 0.00924473 0.00900795 0.0087577 0.00848589 0.00822531 0.00796663 0.00769444 0.00740817 0.00714842 0.00690529 0.00662366 0.00636217 0.00612332 0.00588797 0.00563254 0.00540792 0.00518257 0.0049755 0.00475663 0.00455717 0.00436943 0.00419269 0.00400176 0.00384704 0.00369909 0.00354102 0.00340137 0.0032928 0.00316715 0.00305099 0.00297143 0.0028865 0.00279822 0.00274341 0.00270101 0.00264372 0.00261728 0.00260943 0.00259403 0.00259 0.00262159 0.00264241 0.00267135 0.00273068 0.00279774 0.00285367 0.00294563 0.00305088 0.00314472 0.0032597 0.00340568 0.00353751 0.00367794 0.00385657 0.00402936 0.00420007 0.00440122 0.00461807 0.00481788 0.00504717 0.00528876 0.00553778 0.00578229 0.0060537 0.00632915 0.00662565 0.00690089 0.00720557 0.0075309 0.0078572 0.00816231 0.00851295 0.00887086 0.00922006 0.00957689 0.0099559 0.0103465 0.0107299 0.0111257 0.0115404 0.0119741 0.0123835 0.0128322 0.0132899 0.0137539 0.0142302 0.0147302 0.0152321 0.0157692 0.0163277 0.0168851 0.0174948 0.0181259 0.0187924 0.0194938 0.0202505 0.0210462 0.0219119 0.0228508 0.0238651 0.0249851 0.0262125 0.0275842 0.0291126 0.030852 0.0328039 0.0350337 0.0375998 0.0405258 0.0438861 0.0476671 0.0518828 0.0565255 0.0615176 0.0667448 0.0720349 0.0771567 0.0818846 0.0859841 0.0891822 0.0912811 0.0920813 0.0914904 0.0895519 0.0863521 0.0821361 0.0771699 0.0717743 0.0663418 0.0612012 0.0567057 0.0531018 0.0505199 0.0490236 0.0485118 0.0488486 0.0498323 0.0512197 0.0528312 0.0544764 
0 0.00592282 0.0113783 0.0159844 0.019325 0.0211446 0.0212294 0.019457 0.0158819 0.0105877 0.00385813 -0.00395816 -0.0124613 -0.0211546 -0.0296344 -0.037467 -0.0442998 -0.049872 -0.0539585 -0.0564971 -0.0575 -0.0570853 -0.0554407 -0.0527891 -0.0493607 -0.045396 -0.0411445 -0.0367797 -0.0325032 -0.0284 -0.0245334 -0.0209713 -0.0176769 -0.0146772 -0.0119353 -0.00941948 -0.00711491 -0.00500232 -0.00304987 -0.00125259 0.000373242 0.00187828 0.0032192 0.00443675 0.00552921 0.00647256 0.00729438 0.00801038 0.00862877 0.00912607 0.00954435 0.00985798 0.0101111 0.0102969 0.0104121 0.0104605 0.010478 0.0104667 0.0103778 0.010274 0.010158 0.0100257 0.00984658 0.00967544 0.0094808 0.00928865 0.00909182 0.00888863 0.00867898 0.00847084 0.00826734 0.00806402 0.00787518 0.00766697 0.00747735 0.00728903 0.00711996 0.00693554 0.0067682 0.00659784 0.00645925 0.00630204 0.0061549 0.00602319 0.00591153 0.005775 0.00566736 0.00557634 0.00547865 0.00538172 0.00532055 0.00525256 0.00518294 0.00514035 0.00510823 0.00506605 0.00504614 0.00504517 0.00503519 0.00503893 0.00506711 0.00509169 0.00511957 0.00517632 0.00523538 0.00528995 0.00537209 0.00546613 0.00555057 0.00565347 0.00578336 0.00589777 0.00602483 0.0061785 0.00633532 0.00647837 0.00666009 0.00684368 0.00702775 0.00721487 0.00743483 0.00764143 0.00786799 0.00809096 0.00833676 0.00857623 0.00883896 0.00909577 0.00936981 0.00963353 0.00992617 0.0102282 0.0105211 0.0108134 0.0111349 0.0114681 0.011792 0.0121363 0.0124734 0.0128393 0.0132169 0.0136094 0.013989 0.014416 0.0148546 0.0152988 0.0157621 0.0162699 0.0168013 0.0173361 0.017921 0.0185313 0.0191949 0.019897 0.0206483 0.0214386 0.0223184 0.0232635 0.0242737 0.0254022 0.026623 0.0279846 0.0294971 0.0311866 0.0330804 0.0352415 0.0376899 0.0404792 0.043678 0.0472731 0.0513256 0.0557983 0.0606537 0.0658269 0.0711591 0.0764742 0.081544 0.0861347 0.089991 0.0928999 0.0946276 0.0950246 0.0940371 0.0916564 0.0880589 0.0834248 0.0780343 0.0722382 0.0663441 0.0607556 0.0557686 0.0516352 0.0485369 0.0464736 0.0454267 0.0452365 0.0457104 0.0466707 0.047886 0.0492402 
0 0.00588589 0.0113183 0.015832 0.0190897 0.0207658 0.0206671 0.0187108 0.014883 0.00935856 0.00236541 -0.00573521 -0.0145124 -0.0235461 -0.0323726 -0.0406102 -0.0479009 -0.0539585 -0.0585858 -0.0616746 -0.0632265 -0.0633165 -0.0621224 -0.0598153 -0.0566451 -0.0528425 -0.0486229 -0.0442348 -0.0398033 -0.0354925 -0.0313835 -0.0275139 -0.0239279 -0.0206002 -0.0175206 -0.0146753 -0.0120491 -0.00959356 -0.00731928 -0.00519263 -0.00322323 -0.0014349 0.000223284 0.00173908 0.0031168 0.00434446 0.00543711 0.00639551 0.0072491 0.00798501 0.00858983 0.00911048 0.00955742 0.00991992 0.0101823 0.0103894 0.0105386 0.0106468 0.0107067 0.0107143 0.0106873 0.010648 0.0105761 0.0104646 0.0103628 0.0102561 0.0101126 0.0099439 0.00981035 0.00968033 0.00951753 0.00934036 0.00919848 0.00906218 0.00890593 0.00874842 0.00861423 0.00848348 0.0083433 0.00821257 0.00809723 0.00798003 0.00786036 0.00776096 0.00766631 0.00756645 0.00747809 0.00740861 0.00733113 0.00726073 0.00720844 0.00716017 0.00710821 0.00707699 0.00705212 0.00702702 0.00701346 0.00701572 0.00701408 0.00702465 0.00704896 0.0070761 0.00710677 0.00715779 0.00720966 0.00726538 0.00733723 0.0074196 0.00749638 0.00759146 0.00769923 0.00780448 0.00791578 0.00805042 0.00818224 0.0083154 0.00846708 0.00862971 0.00878386 0.00895249 0.00913947 0.0093237 0.00950289 0.00970518 0.00992567 0.0101316 0.0103324 0.0105641 0.0108188 0.0110479 0.0112716 0.0115277 0.0118098 0.012066 0.0123244 0.0126116 0.0129134 0.0131969 0.0135088 0.01385 0.014186 0.0145225 0.0148971 0.0153056 0.0157255 0.0161677 0.0166273 0.0171336 0.0176785 0.0182586 0.0188613 0.019531 0.0202587 0.0210228 0.0218456 0.022748 0.0237366 0.0248076 0.0259792 0.0272317 0.0286326 0.0301815 0.0318842 0.033788 0.0359142 0.0383121 0.0410272 0.0440997 0.047549 0.0514407 0.0557483 0.0604639 0.0655345 0.0708219 0.0762138 0.0814817 0.0864146 0.0907716 0.0943087 0.0968136 0.0980881 0.0980097 0.0965111 0.0936576 0.0895634 0.0844532 0.0786034 0.0723048 0.0659352 0.0598073 0.0542573 0.0495415 0.0457946 0.043107 0.0414027 0.0405788 0.0404719 0.040873 0.0416419 0.0426146 
