0 0 0 0 0 0 0 0 0 0 0 0 0 0 0 0 0 0 0 0 0 0 0 0 0 0 0 0 0 0 0 0 0 0 0 0 0 0 0 0 0 0 0 0 0 0 0 0 0 0 0 0 0 0 0 0 0 0 0 0 0 0 0 0 0 0 0 0 0 0 0 0 0 0 0 0 0 0 0 0 0 0 0 0 0 0 0 0 0 0 0 0 0 0 0 0 0 0 0 0 0 0 0 0 0 0 0 0 0 0 0 0 0 0 0 0 0 0 0 0 0 0 0 0 0 0 0 0 0 0 0 0 0 0 0 0 0 0 0 0 0 0 0 0 0 0 0 0 0 0 0 0 0 0 0 0 0 0 0 0 0 0 0 0 0 0 0 0 0 0 0 0 0 0 0 0 0 0 0 0 0 0 0 0 0 0 0 0 0 0 0 0 0 0 0 0 0 0 0 0 
0 -0.00230629 -0.00454426 -0.00664145 -0.00854609 -0.010198 -0.0115766 -0.0126753 -0.0135055 -0.0141125 -0.0145203 -0.0147773 -0.0149205 -0.0149761 -0.014995 -0.014985 -0.0149638 -0.0149379 -0.0148812 -0.0148171 -0.0147268 -0.0146082 -0.0144712 -0.0142766 -0.0140563 -0.0138 -0.013511 -0.0132084 -0.0128619 -0.0124977 -0.012116 -0.0117248 -0.0113254 -0.0109172 -0.0105017 -0.0100922 -0.00969765 -0.00929455 -0.00890603 -0.00851908 -0.00815441 -0.00780469 -0.0074661 -0.00714083 -0.00683438 -0.00655876 -0.0062776 -0.00602697 -0.00578894 -0.00557421 -0.00537815 -0.00519275 -0.00501473 -0.00486387 -0.00472367 -0.00457394 -0.00446138 -0.00434723 -0.00424081 -0.0041332 -0.00404022 -0.00394429 -0.00386433 -0.00377953 -0.00370002 -0.00362531 -0.00354744 -0.00347733 -0.00340576 -0.00334954 -0.00328373 -0.00321796 -0.00314996 -0.00311138 -0.00305148 -0.00299643 -0.00294356 -0.00290262 -0.00285157 -0.00281633 -0.0027692 -0.00272884 -0.00269563 -0.00266488 -0.00262565 -0.00259742 -0.00257218 -0.0025439 -0.00251966 -0.00249775 -0.00247905 -0.00245894 -0.00244403 -0.00242796 -0.00241864 -0.00240384 -0.00239769 -0.00238959 -0.00238571 -0.00237823 -0.00238168 -0.00237794 -0.00238102 -0.00238335 -0.0023917 -0.0023945 -0.00240666 -0.00241558 -0.0024298 -0.00244186 -0.00245967 -0.00247793 -0.00249871 -0.00251738 -0.00254407 -0.00257312 -0.00259583 -0.00262699 -0.00266157 -0.00269611 -0.00273004 -0.00277411 -0.00280405 -0.0028543 -0.00290557 -0.00294968 -0.00298293 -0.00305141 -0.00310668 -0.00316068 -0.00320921 -0.00327817 -0.00333906 -0.00340547 -0.00346978 -0.00354585 -0.00361219 -0.00367979 -0.00376472 -0.00384312 -0.00392632 -0.00400737 -0.00409413 -0.00417929 -0.0042868 -0.00437202 -0.00447739 -0.0045897 -0.00469473 -0.00480027 -0.00492202 -0.00504654 -0.00516714 -0.00529563 -0.0054113 -0.00554333 -0.00566109 -0.00577527 -0.00587866 -0.00598514 -0.0060764 -0.00614139 -0.00619672 -0.00622364 -0.00623927 -0.00622078 -0.00616752 -0.00608078 -0.0059675 -0.00580574 -0.00559862 -0.00534492 -0.0050327 -0.00469366 -0.00428616 -0.00382681 -0.00331566 -0.00273893 -0.00212787 -0.00144989 -0.000713394 7.65047e-05 0.000927927 0.00181685 0.00275011 0.00372097 0.00470477 0.00568449 0.00661872 0.00747529 0.00823544 0.00887363 0.00939008 0.00978817 0.0100864 0.0103296 0.0105634 0.0108456 0.0112256 0.0117323 
0 -0.00454426 -0.0089513 -0.0130847 -0.0168266 -0.0200725 -0.0227748 -0.0249154 -0.0265387 -0.0277042 -0.0284902 -0.028981 -0.0292348 -0.0293483 -0.0293604 -0.0293379 -0.0292984 -0.0292234 -0.029138 -0.0289976 -0.0288354 -0.0286303 -0.0283568 -0.0280229 -0.0275983 -0.0271178 -0.0265794 -0.0259885 -0.0253313 -0.0246322 -0.0238976 -0.0231418 -0.0223853 -0.0215761 -0.0207804 -0.0199813 -0.0191889 -0.0184267 -0.0176508 -0.0169063 -0.0162035 -0.0155187 -0.0148513 -0.0142246 -0.0136184 -0.0130703 -0.0125531 -0.0120451 -0.011596 -0.0111778 -0.010783 -0.0104107 -0.0100785 -0.0097765 -0.00949817 -0.00923078 -0.00898128 -0.00875439 -0.00854651 -0.00834546 -0.00814802 -0.00798817 -0.00781916 -0.00763397 -0.00748384 -0.00735419 -0.00719894 -0.00705796 -0.00693485 -0.00679844 -0.0066687 -0.00655755 -0.00645375 -0.0063358 -0.00621393 -0.00611923 -0.00604357 -0.00593622 -0.00583233 -0.00576367 -0.00568902 -0.00559954 -0.00553122 -0.00546899 -0.005399 -0.00534109 -0.00528848 -0.00523431 -0.00518544 -0.00514463 -0.00510352 -0.00506799 -0.00503357 -0.00500721 -0.00498246 -0.00495962 -0.00494066 -0.00493122 -0.00491655 -0.00490909 -0.00490823 -0.00490827 -0.00490735 -0.00491883 -0.00492849 -0.00494105 -0.00495859 -0.00498215 -0.00500501 -0.00503438 -0.00506513 -0.00510372 -0.00514242 -0.00518405 -0.00523467 -0.00528737 -0.00533445 -0.00540094 -0.00547262 -0.00552423 -0.00559311 -0.00568951 -0.00576629 -0.00583134 -0.0059261 -0.00602882 -0.00612638 -0.00621966 -0.00631947 -0.0064336 -0.00655213 -0.00666306 -0.00679198 -0.00691693 -0.00702926 -0.00717457 -0.00732912 -0.0074584 -0.00759928 -0.00776576 -0.00791641 -0.00807399 -0.00824858 -0.00843419 -0.00860852 -0.00878511 -0.00898322 -0.00918843 -0.00939682 -0.00960959 -0.00982711 -0.0100518 -0.0102892 -0.0104962 -0.0107268 -0.0109683 -0.0111786 -0.0113837 -0.0115708 -0.0117389 -0.0118938 -0.0120095 -0.0120703 -0.0121263 -0.0121182 -0.0120515 -0.0119251 -0.0117123 -0.0114563 -0.0111105 -0.0106733 -0.0101384 -0.00951732 -0.00880156 -0.00798582 -0.00706053 -0.0060143 -0.004891 -0.00365632 -0.00233058 -0.000891303 0.000667929 0.00231077 0.00405466 0.0058659 0.00774746 0.00965847 0.0115447 0.0133415 0.0149795 0.0164208 0.0176168 0.0185772 0.0192927 0.0198219 0.0202423 0.0206402 0.0211531 0.0218459 0.0228116 
0 -0.00664145 -0.0130847 -0.0191152 -0.0245744 -0.0292993 -0.033222 -0.0363268 -0.0386531 -0.0403212 -0.0414185 -0.0420801 -0.0424172 -0.0425212 -0.0425212 -0.0424593 -0.0423818 -0.042299 -0.0421634 -0.0420081 -0.0417989 -0.0415245 -0.0411902 -0.0407198 -0.0401626 -0.0395071 -0.0387608 -0.0379562 -0.0370387 -0.0360581 -0.0350236 -0.0339557 -0.0328595 -0.0317302 -0.0305814 -0.0294422 -0.0283323 -0.0272127 -0.026119 -0.0250398 -0.0240164 -0.0230333 -0.0220832 -0.0211724 -0.0203139 -0.0195321 -0.0187561 -0.0180471 -0.0173828 -0.0167779 -0.0162211 -0.0156956 -0.0151982 -0.0147654 -0.0143625 -0.013951 -0.0136168 -0.0132926 -0.0129891 -0.0126887 -0.0124204 -0.0121582 -0.0119266 -0.0116873 -0.0114658 -0.0112576 -0.0110422 -0.0108439 -0.0106484 -0.0104809 -0.0102977 -0.0101159 -0.00993436 -0.00980625 -0.00964003 -0.00948597 -0.00934074 -0.00921383 -0.00907149 -0.00896372 -0.00883462 -0.00871681 -0.00861762 -0.00852517 -0.00841724 -0.00833236 -0.00825589 -0.00817535 -0.00810378 -0.00803936 -0.00798275 -0.00792572 -0.00787923 -0.00783429 -0.00780307 -0.00776333 -0.00774156 -0.00771989 -0.00770557 -0.00768774 -0.0076926 -0.00768584 -0.0076922 -0.00770164 -0.00772274 -0.00773541 -0.00776762 -0.00779688 -0.00783617 -0.00787451 -0.00792541 -0.00797946 -0.00803912 -0.00809766 -0.00817368 -0.00825532 -0.00832609 -0.0084168 -0.00851634 -0.00861407 -0.00871472 -0.0088385 -0.00893587 -0.0090704 -0.00921279 -0.00934202 -0.00945278 -0.00963004 -0.00978592 -0.00993903 -0.010085 -0.0102691 -0.0104421 -0.0106242 -0.010803 -0.0110078 -0.0111968 -0.0113855 -0.0116093 -0.011827 -0.0120507 -0.0122714 -0.0125062 -0.0127425 -0.0130164 -0.0132505 -0.0135243 -0.0138124 -0.0140836 -0.0143546 -0.0146553 -0.01496 -0.0152547 -0.0155538 -0.0158288 -0.0161297 -0.0163935 -0.0166384 -0.0168539 -0.0170618 -0.0172259 -0.0173192 -0.0173681 -0.0173464 -0.0172739 -0.0171054 -0.0168363 -0.0164685 -0.0160172 -0.0154354 -0.0147239 -0.01388 -0.0128886 -0.0118041 -0.010551 -0.00915509 -0.00761815 -0.00592493 -0.00412867 -0.0021719 -6.41987e-05 0.00218322 0.00457751 0.00707124 0.00966933 0.0123524 0.0150557 0.0177211 0.0202369 0.0225133 0.0244908 0.0261057 0.0273585 0.0282622 0.0288836 0.0293496 0.0298029 0.0304136 0.0313221 0.0326327 
0 -0.00854609 -0.0168266 -0.0245744 -0.0315657 -0.0376087 -0.0426044 -0.0465305 -0.04946 -0.0515181 -0.0528534 -0.0536292 -0.0539825 -0.0540734 -0.0540138 -0.0539062 -0.0537945 -0.0536681 -0.0535324 -0.053351 -0.0531357 -0.0528581 -0.0524813 -0.0519834 -0.0513431 -0.0505875 -0.0497206 -0.0487503 -0.0476544 -0.0464666 -0.0452049 -0.0438932 -0.0425517 -0.0411384 -0.0397169 -0.038291 -0.0368785 -0.035492 -0.0341048 -0.0327594 -0.0314785 -0.030241 -0.0290409 -0.0279024 -0.0268183 -0.0258228 -0.0248773 -0.0239731 -0.0231503 -0.0223887 -0.0216756 -0.0210025 -0.0203893 -0.0198339 -0.0193186 -0.0188232 -0.0183707 -0.0179537 -0.0175673 -0.0171962 -0.0168435 -0.0165345 -0.0162277 -0.0159104 -0.0156321 -0.0153816 -0.0151102 -0.014856 -0.0146213 -0.0143847 -0.0141518 -0.0139378 -0.0137353 -0.0135307 -0.0133164 -0.0131318 -0.0129706 -0.0127848 -0.0126016 -0.0124585 -0.0123108 -0.0121528 -0.0120203 -0.0118968 -0.0117676 -0.0116542 -0.0115517 -0.0114489 -0.0113556 -0.0112727 -0.0111957 -0.0111247 -0.01106 -0.0110055 -0.0109587 -0.010913 -0.0108785 -0.0108548 -0.0108306 -0.0108142 -0.0108124 -0.0108105 -0.0108135 -0.0108309 -0.0108524 -0.010876 -0.010912 -0.0109551 -0.0110023 -0.011057 -0.01112 -0.0111915 -0.0112676 -0.0113488 -0.0114448 -0.0115444 -0.0116421 -0.0117624 -0.0118916 -0.0120041 -0.012138 -0.0123017 -0.0124451 -0.0125864 -0.0127611 -0.0129417 -0.013115 -0.0132992 -0.0134894 -0.0136914 -0.0138983 -0.0141097 -0.0143347 -0.0145575 -0.0147721 -0.0150244 -0.0152812 -0.0155164 -0.0157699 -0.0160479 -0.0163122 -0.0165831 -0.0168738 -0.0171754 -0.0174711 -0.01776 -0.0180748 -0.0183985 -0.0187168 -0.0190316 -0.0193541 -0.0196778 -0.0199996 -0.0202862 -0.0205806 -0.0208782 -0.0211274 -0.0213471 -0.0215273 -0.0216712 -0.0217682 -0.0217855 -0.0217143 -0.0215907 -0.0213635 -0.02102 -0.0205537 -0.0199461 -0.0192349 -0.018367 -0.0173353 -0.0161351 -0.0147776 -0.0132672 -0.0115825 -0.00971673 -0.00766724 -0.00547349 -0.00312046 -0.000611212 0.00207573 0.00494001 0.00794602 0.0110905 0.0143376 0.0176718 0.0210197 0.0242828 0.0273376 0.0300627 0.032378 0.034212 0.0355668 0.0364588 0.0369939 0.0373303 0.0376614 0.0382238 0.0391811 0.0406947 
0 -0.010198 -0.0200725 -0.0292993 -0.0376087 -0.0447712 -0.0506647 -0.0552715 -0.0586698 -0.0610193 -0.0624982 -0.0633061 -0.0636265 -0.0636382 -0.0634994 -0.0633199 -0.0631589 -0.0630191 -0.0628828 -0.0627316 -0.0625493 -0.0623062 -0.0619631 -0.0614764 -0.060837 -0.0600567 -0.059143 -0.0581009 -0.0569118 -0.0556011 -0.0541969 -0.0527238 -0.0511944 -0.0495974 -0.047969 -0.0463357 -0.0447154 -0.0431066 -0.0415082 -0.0399487 -0.0384544 -0.0370168 -0.0356298 -0.0343058 -0.0330565 -0.0318955 -0.0307896 -0.0297457 -0.0287824 -0.027894 -0.0270671 -0.0262889 -0.0255687 -0.024916 -0.0243075 -0.0237262 -0.0232003 -0.0227157 -0.0222599 -0.0218231 -0.0214143 -0.02104 -0.0206826 -0.0203282 -0.0200012 -0.0196947 -0.0193838 -0.0190874 -0.0188087 -0.0185409 -0.018273 -0.018012 -0.0177652 -0.0175349 -0.0172956 -0.0170706 -0.0168635 -0.0166542 -0.0164487 -0.0162695 -0.0160876 -0.0159071 -0.0157481 -0.015598 -0.0154452 -0.015308 -0.0151832 -0.0150615 -0.0149488 -0.0148472 -0.0147546 -0.0146683 -0.0145906 -0.0145234 -0.014466 -0.0144114 -0.0143697 -0.0143383 -0.0143108 -0.0142911 -0.014287 -0.0142849 -0.0142906 -0.0143093 -0.0143357 -0.0143652 -0.0144086 -0.01446 -0.0145178 -0.0145835 -0.0146605 -0.0147459 -0.0148374 -0.0149364 -0.0150503 -0.01517 -0.0152905 -0.0154296 -0.0155794 -0.0157251 -0.015885 -0.0160643 -0.0162347 -0.0164179 -0.0166218 -0.0168226 -0.0170214 -0.0172471 -0.0174765 -0.0177052 -0.0179387 -0.0181882 -0.0184452 -0.0187024 -0.0189605 -0.0192409 -0.0195196 -0.019791 -0.0200821 -0.0203852 -0.0206811 -0.0209769 -0.0212843 -0.0216003 -0.0219168 -0.0222196 -0.0225389 -0.0228628 -0.0231687 -0.0234644 -0.023765 -0.0240592 -0.0243339 -0.0245764 -0.0248017 -0.025014 -0.0251748 -0.0252854 -0.0253465 -0.0253592 -0.0253007 -0.0251425 -0.0248846 -0.0245372 -0.0240767 -0.0234774 -0.022728 -0.0218281 -0.0207902 -0.0195783 -0.0181799 -0.0165934 -0.0148309 -0.0129037 -0.0107861 -0.00847463 -0.00597564 -0.00331072 -0.000487926 0.00250784 0.00568922 0.00904829 0.0125621 0.0162039 0.0199477 0.0237586 0.0275511 0.0312097 0.0345839 0.0375365 0.0399642 0.0417942 0.0430226 0.0436891 0.0439249 0.0439272 0.0439468 0.0442623 0.0450959 0.0466333 
0 -0.0115766 -0.0227748 -0.033222 -0.0426044 -0.0506647 -0.0572621 -0.0623836 -0.0661116 -0.0686361 -0.0701654 -0.0709305 -0.0711626 -0.0710541 -0.0708071 -0.0705357 -0.0703123 -0.0701581 -0.0700306 -0.0699333 -0.0698187 -0.0696554 -0.0694038 -0.0689961 -0.0684358 -0.0677122 -0.0668357 -0.065807 -0.064615 -0.0632755 -0.0618229 -0.060282 -0.0586534 -0.0569621 -0.0552094 -0.0534453 -0.051689 -0.0499263 -0.0481882 -0.0464823 -0.0448371 -0.0432557 -0.0417338 -0.0402721 -0.0389015 -0.0376155 -0.0363918 -0.0352503 -0.0341813 -0.0331958 -0.0322788 -0.0314207 -0.0306201 -0.0298938 -0.0292161 -0.0285721 -0.0279878 -0.0274471 -0.0269376 -0.0264533 -0.0260082 -0.0255837 -0.0251866 -0.0248055 -0.0244426 -0.0240964 -0.0237641 -0.0234407 -0.0231287 -0.0228379 -0.0225483 -0.0222624 -0.0219874 -0.0217359 -0.02148 -0.0212319 -0.0209936 -0.0207702 -0.0205491 -0.0203422 -0.0201384 -0.0199456 -0.0197645 -0.0195938 -0.0194263 -0.0192716 -0.0191289 -0.018993 -0.018866 -0.0187497 -0.0186448 -0.0185463 -0.0184592 -0.0183813 -0.018315 -0.0182539 -0.0182067 -0.0181675 -0.0181383 -0.0181162 -0.018109 -0.0181065 -0.0181155 -0.0181336 -0.0181638 -0.0181987 -0.0182474 -0.0183043 -0.0183711 -0.018445 -0.0185324 -0.0186277 -0.0187312 -0.018844 -0.0189698 -0.0191029 -0.0192425 -0.019395 -0.0195558 -0.0197255 -0.0199043 -0.020093 -0.0202823 -0.0204919 -0.0207098 -0.0209271 -0.0211453 -0.0213924 -0.0216408 -0.0218865 -0.0221374 -0.0224105 -0.0226807 -0.0229528 -0.0232358 -0.0235269 -0.023813 -0.0241029 -0.0244053 -0.0247045 -0.0250064 -0.0253015 -0.0255996 -0.0258969 -0.0261946 -0.0264698 -0.0267481 -0.0270236 -0.0272711 -0.0274978 -0.0277167 -0.0279154 -0.0280715 -0.028199 -0.0282811 -0.0283297 -0.0283216 -0.0282386 -0.0280899 -0.0278761 -0.0275668 -0.0271419 -0.0266124 -0.0259555 -0.0251806 -0.0242485 -0.0231454 -0.0218908 -0.0204697 -0.0188716 -0.0170784 -0.0150932 -0.0129244 -0.0105905 -0.00806345 -0.00534485 -0.00245189 0.000615401 0.0038226 0.00720473 0.0107622 0.014482 0.0183572 0.0223366 0.026406 0.0305059 0.0345408 0.0383784 0.0418458 0.0447937 0.0470972 0.0486884 0.0495568 0.0497721 0.0494917 0.0489549 0.0484676 0.0483439 0.0488709 0.0502522 
0 -0.0126753 -0.0249154 -0.0363268 -0.0465305 -0.0552715 -0.0623836 -0.0678454 -0.0717755 -0.0743482 -0.0758361 -0.0764862 -0.0765539 -0.0762991 -0.0758916 -0.0755082 -0.0752141 -0.0750154 -0.0749287 -0.0748811 -0.0748668 -0.074833 -0.0746979 -0.0744538 -0.0740289 -0.073441 -0.0726917 -0.0717532 -0.0706524 -0.0693812 -0.0679745 -0.0664542 -0.0648376 -0.0631221 -0.0613489 -0.0595393 -0.057704 -0.055885 -0.0540588 -0.0522761 -0.0505425 -0.0488673 -0.0472475 -0.0457034 -0.0442401 -0.0428494 -0.0415649 -0.0403318 -0.0391956 -0.0381386 -0.0371475 -0.0362215 -0.0353791 -0.0345899 -0.0338564 -0.0331941 -0.0325494 -0.0319694 -0.0314251 -0.0309214 -0.0304376 -0.0300062 -0.0295788 -0.0291743 -0.0287951 -0.0284416 -0.028098 -0.0277608 -0.0274521 -0.0271347 -0.0268357 -0.0265522 -0.0262934 -0.026002 -0.025742 -0.0254925 -0.0252625 -0.0250147 -0.0247901 -0.0245663 -0.0243684 -0.0241635 -0.0239705 -0.0237861 -0.0236195 -0.0234528 -0.023299 -0.0231561 -0.0230213 -0.0228984 -0.022783 -0.0226804 -0.0225848 -0.0225042 -0.0224266 -0.0223679 -0.0223116 -0.0222716 -0.0222364 -0.0222191 -0.0222019 -0.0222054 -0.0222113 -0.0222332 -0.0222594 -0.0223038 -0.0223493 -0.0224129 -0.0224813 -0.0225634 -0.0226523 -0.0227542 -0.0228626 -0.0229853 -0.0231152 -0.0232499 -0.0234024 -0.0235621 -0.0237297 -0.023898 -0.0240881 -0.024281 -0.024493 -0.0246863 -0.0249037 -0.0251347 -0.0253833 -0.0255985 -0.0258477 -0.0261022 -0.0263689 -0.0266211 -0.0268969 -0.0271621 -0.0274348 -0.0277119 -0.0279997 -0.0282772 -0.028542 -0.0288257 -0.0290896 -0.0293507 -0.0296057 -0.0298613 -0.0300685 -0.0302885 -0.0304763 -0.0306417 -0.0307871 -0.0308975 -0.0309645 -0.0309995 -0.0309898 -0.0309058 -0.030794 -0.0306016 -0.030341 -0.0299901 -0.0295542 -0.029017 -0.0283762 -0.0276159 -0.0267125 -0.0256988 -0.0245242 -0.023195 -0.0216972 -0.0200307 -0.0181971 -0.0161929 -0.0139976 -0.0116152 -0.00907733 -0.00635036 -0.00347249 -0.000413513 0.0028154 0.00616635 0.00967896 0.0133202 0.0171176 0.0210723 0.0251327 0.0292995 0.0335105 0.037703 0.0417819 0.0455719 0.0489113 0.0516251 0.0535752 0.0547028 0.0549968 0.0545516 0.053561 0.0523026 0.0511305 0.0504073 0.0504583 0.0515272 
0 -0.0135055 -0.0265387 -0.0386531 -0.04946 -0.0586698 -0.0661116 -0.0717755 -0.07576 -0.0782928 -0.0796399 -0.0800875 -0.0799484 -0.0794567 -0.0788687 -0.0783248 -0.0779162 -0.0776938 -0.0776018 -0.0776465 -0.0777449 -0.0778477 -0.0779029 -0.0778302 -0.0776194 -0.0772335 -0.0766734 -0.0759226 -0.0749969 -0.0738808 -0.0726134 -0.0712116 -0.0696643 -0.0680475 -0.06632 -0.0645489 -0.0627489 -0.0609087 -0.0590879 -0.0572758 -0.0554931 -0.0537649 -0.0521029 -0.050491 -0.0489767 -0.0475234 -0.046149 -0.044873 -0.0436635 -0.0425446 -0.0415043 -0.0405478 -0.0396478 -0.0388209 -0.0380524 -0.037345 -0.0366931 -0.0360966 -0.0355325 -0.0350083 -0.0345351 -0.0340672 -0.0336438 -0.0332647 -0.0328899 -0.0325178 -0.032192 -0.0318689 -0.031556 -0.0312679 -0.0309901 -0.0307065 -0.0304296 -0.0301781 -0.0299452 -0.0296975 -0.029441 -0.0292261 -0.0290197 -0.028797 -0.0285856 -0.0284 -0.0282088 -0.0280286 -0.027859 -0.027697 -0.0275421 -0.0274018 -0.0272657 -0.0271427 -0.0270265 -0.026922 -0.0268286 -0.0267438 -0.0266658 -0.0266059 -0.0265513 -0.0265041 -0.0264732 -0.026453 -0.0264349 -0.0264351 -0.0264461 -0.0264613 -0.0264893 -0.0265329 -0.026579 -0.0266384 -0.0267093 -0.0267889 -0.026877 -0.026978 -0.0270845 -0.0272049 -0.0273302 -0.0274677 -0.0276155 -0.0277664 -0.0279216 -0.0281066 -0.028285 -0.0284537 -0.0286483 -0.0288681 -0.0290675 -0.0292679 -0.0294848 -0.0297176 -0.0299515 -0.0301756 -0.0304049 -0.0306497 -0.0308872 -0.0311249 -0.0313825 -0.0316101 -0.0318325 -0.0320722 -0.0323029 -0.0325032 -0.0327132 -0.0328967 -0.0330553 -0.0331967 -0.0333208 -0.0334144 -0.0334671 -0.033487 -0.0334559 -0.0333822 -0.0332566 -0.0330786 -0.0328186 -0.0325104 -0.0321038 -0.0316056 -0.0310326 -0.0303399 -0.0295476 -0.0286428 -0.0276032 -0.0264265 -0.0251277 -0.0236552 -0.0220559 -0.0202953 -0.0183597 -0.0162902 -0.0140324 -0.0116258 -0.00904843 -0.00630905 -0.00342015 -0.000389699 0.00278418 0.00609904 0.00953205 0.0131023 0.0167656 0.0205611 0.0244739 0.0284911 0.0326164 0.0367783 0.0409617 0.0450625 0.0489688 0.052518 0.0555108 0.0577839 0.0591812 0.059648 0.0591833 0.0579138 0.0560567 0.0539356 0.0519539 0.0504976 0.0499587 0.0505879 
0 -0.0141125 -0.0277042 -0.0403212 -0.0515181 -0.0610193 -0.0686361 -0.0743482 -0.0782928 -0.0806671 -0.081796 -0.0819816 -0.0815502 -0.0808058 -0.0799637 -0.0792254 -0.0786765 -0.0783558 -0.0782712 -0.0783567 -0.0785707 -0.0788391 -0.079077 -0.0792514 -0.0792878 -0.0791645 -0.0788662 -0.0783601 -0.077678 -0.0768023 -0.0757533 -0.0745441 -0.0731865 -0.0717123 -0.070132 -0.0684705 -0.0667375 -0.0649744 -0.0631938 -0.0614169 -0.059648 -0.0579115 -0.0562181 -0.0545855 -0.05302 -0.051504 -0.0500982 -0.0487618 -0.0475082 -0.0463363 -0.0452373 -0.0442256 -0.0433021 -0.0424321 -0.0416319 -0.0409236 -0.0402392 -0.0396194 -0.0390472 -0.0385336 -0.0380549 -0.0376138 -0.0371956 -0.0368209 -0.0364633 -0.0361285 -0.0358277 -0.0355329 -0.0352594 -0.034982 -0.0347278 -0.034493 -0.0342719 -0.0340189 -0.0338062 -0.0335961 -0.0333894 -0.0331836 -0.0329962 -0.0327911 -0.0326167 -0.0324457 -0.0322691 -0.0320998 -0.0319532 -0.0318028 -0.0316587 -0.0315272 -0.0314029 -0.031289 -0.031178 -0.0310806 -0.030993 -0.0309136 -0.0308357 -0.0307833 -0.0307282 -0.0306829 -0.0306515 -0.0306357 -0.0306112 -0.030614 -0.030622 -0.0306354 -0.0306568 -0.0307013 -0.0307391 -0.0307936 -0.0308582 -0.0309323 -0.0310093 -0.0311012 -0.0311991 -0.0313087 -0.0314201 -0.0315388 -0.0316771 -0.0318128 -0.0319505 -0.0321027 -0.0322651 -0.0324175 -0.0325983 -0.0327626 -0.0329291 -0.0331169 -0.0333226 -0.0334813 -0.0336684 -0.0338652 -0.0340641 -0.0342414 -0.0344302 -0.0346076 -0.0347904 -0.0349526 -0.0351175 -0.0352756 -0.0353976 -0.0355086 -0.0356036 -0.0356778 -0.0357176 -0.0357283 -0.0356782 -0.0356188 -0.0354882 -0.0353005 -0.0350725 -0.0347782 -0.0343932 -0.0339367 -0.0333945 -0.0327579 -0.032037 -0.0311831 -0.0302337 -0.0291594 -0.0279568 -0.0266135 -0.0251358 -0.0235261 -0.0217707 -0.0198705 -0.0178153 -0.0156181 -0.0132727 -0.0107869 -0.00814571 -0.00537824 -0.00247348 0.000560166 0.003704 0.00698204 0.0103489 0.0138198 0.0173833 0.0210164 0.0247429 0.0285388 0.0324123 0.0363683 0.0403665 0.0443921 0.0483739 0.0522093 0.0557845 0.0588987 0.0613787 0.0630342 0.0637142 0.0633718 0.0620113 0.0597981 0.0569765 0.053909 0.0510373 0.048784 0.0475744 0.0476902 
0 -0.0145203 -0.0284902 -0.0414185 -0.0528534 -0.0624982 -0.0701654 -0.0758361 -0.0796399 -0.081796 -0.0826348 -0.0824913 -0.0817222 -0.0806426 -0.0795055 -0.07851 -0.0777623 -0.0773229 -0.0771877 -0.0773094 -0.0776189 -0.0780324 -0.0784715 -0.0788794 -0.0791913 -0.079362 -0.0793612 -0.0791608 -0.0787827 -0.0782062 -0.0774423 -0.0764961 -0.0753758 -0.0741331 -0.0727604 -0.071283 -0.0697108 -0.0680717 -0.0664003 -0.0647007 -0.0629781 -0.0612642 -0.059584 -0.0579447 -0.056358 -0.0548061 -0.0533416 -0.0519569 -0.0506445 -0.049412 -0.0482613 -0.0472097 -0.0462363 -0.0453234 -0.0444871 -0.0437452 -0.0430526 -0.0424257 -0.0418496 -0.0413364 -0.0408715 -0.0404325 -0.0400385 -0.0397021 -0.0393789 -0.0390672 -0.0388015 -0.0385493 -0.0383147 -0.0380888 -0.0378846 -0.0376874 -0.0374944 -0.0373003 -0.0371427 -0.0369713 -0.0367881 -0.0366308 -0.0364887 -0.0363215 -0.0361705 -0.0360357 -0.0358917 -0.0357527 -0.035628 -0.0355043 -0.0353823 -0.0352718 -0.0351658 -0.0350698 -0.0349727 -0.0348891 -0.0348146 -0.0347443 -0.034675 -0.0346302 -0.0345814 -0.0345383 -0.0345114 -0.0344963 -0.0344715 -0.0344718 -0.0344788 -0.0344858 -0.0345015 -0.034539 -0.0345681 -0.0346104 -0.0346641 -0.0347246 -0.034785 -0.0348607 -0.0349395 -0.0350273 -0.0351155 -0.0352141 -0.035322 -0.0354263 -0.0355337 -0.0356626 -0.0357838 -0.0358911 -0.0360299 -0.0361695 -0.0362872 -0.0364142 -0.0365611 -0.036684 -0.0368142 -0.0369428 -0.0370672 -0.0371767 -0.0372866 -0.037388 -0.0374872 -0.0375449 -0.0375953 -0.0376446 -0.0376547 -0.0376278 -0.0375861 -0.0375055 -0.0373721 -0.037197 -0.036969 -0.0367035 -0.0363522 -0.0359245 -0.0354331 -0.0348635 -0.0341871 -0.0334169 -0.0325421 -0.0315643 -0.030461 -0.029211 -0.0278521 -0.0263581 -0.0247255 -0.0229421 -0.0210156 -0.0189572 -0.0167625 -0.0144136 -0.011933 -0.0093318 -0.00660869 -0.00377573 -0.00080858 0.00225167 0.00540579 0.00864683 0.0119639 0.0153656 0.0188176 0.022319 0.0258644 0.0294537 0.0330904 0.0367681 0.0404796 0.0442262 0.047986 0.0517213 0.0553645 0.0587947 0.0618807 0.0644294 0.0662536 0.0671668 0.0670214 0.065771 0.0634426 0.0602251 0.0563973 0.0523559 0.0485729 0.045504 0.0436013 0.0431722 
0 -0.0147773 -0.028981 -0.0420801 -0.0536292 -0.0633061 -0.0709305 -0.0764862 -0.0800875 -0.0819816 -0.0824913 -0.0819831 -0.0808408 -0.0793843 -0.077908 -0.0766007 -0.075594 -0.0749725 -0.0747196 -0.0748191 -0.0751735 -0.0756952 -0.0763157 -0.0769462 -0.0775377 -0.0780143 -0.0783305 -0.0784646 -0.0784219 -0.0781873 -0.0777581 -0.0771332 -0.0763128 -0.0753609 -0.0742536 -0.0730132 -0.0716554 -0.070192 -0.0686827 -0.0671125 -0.0654893 -0.0638412 -0.0622062 -0.0605831 -0.058989 -0.0574197 -0.0559071 -0.0544827 -0.0531118 -0.0518111 -0.0505905 -0.0494756 -0.0484339 -0.0474665 -0.0465849 -0.0457923 -0.0450743 -0.0444159 -0.0438237 -0.0433018 -0.0428489 -0.0424138 -0.0420389 -0.0417239 -0.0414316 -0.041154 -0.0409297 -0.0407282 -0.0405338 -0.0403594 -0.0402078 -0.0400716 -0.0399262 -0.0397968 -0.0396882 -0.0395761 -0.0394444 -0.0393468 -0.0392496 -0.0391374 -0.0390289 -0.0389428 -0.0388409 -0.0387436 -0.0386528 -0.0385676 -0.038478 -0.0383965 -0.0383188 -0.0382479 -0.0381741 -0.0381098 -0.0380549 -0.0379982 -0.0379449 -0.0379085 -0.037871 -0.0378326 -0.0378126 -0.0377966 -0.0377756 -0.0377707 -0.0377758 -0.0377744 -0.037784 -0.0378077 -0.0378267 -0.0378512 -0.037889 -0.0379283 -0.037967 -0.0380172 -0.0380705 -0.0381268 -0.038182 -0.0382486 -0.0383169 -0.0383815 -0.0384444 -0.0385298 -0.0385991 -0.0386608 -0.0387371 -0.0388228 -0.0388775 -0.0389446 -0.0390151 -0.0390748 -0.0391198 -0.0391704 -0.0392077 -0.0392319 -0.0392359 -0.0392343 -0.0392199 -0.03916 -0.039082 -0.0389933 -0.038858 -0.0386629 -0.0384558 -0.0381955 -0.0378703 -0.0374794 -0.0370399 -0.0365262 -0.0359216 -0.0352259 -0.0344453 -0.0335699 -0.0325681 -0.0314462 -0.0302008 -0.0288495 -0.0273375 -0.0256791 -0.023895 -0.0219701 -0.0198981 -0.0176745 -0.0153122 -0.01283 -0.0102347 -0.00748764 -0.00464175 -0.00169953 0.00133102 0.0044356 0.00763879 0.0108924 0.0141874 0.0175186 0.0208914 0.0242919 0.0277072 0.0311167 0.0345185 0.0379399 0.0413561 0.044786 0.0482081 0.0516195 0.0550235 0.0583542 0.0615503 0.0644735 0.0669706 0.0688633 0.0699487 0.0700481 0.0690201 0.0668203 0.0635061 0.0592829 0.0544651 0.049478 0.044814 0.0409597 0.0383825 0.0374152 
0 -0.0149205 -0.0292348 -0.0424172 -0.0539825 -0.0636265 -0.0711626 -0.0765539 -0.0799484 -0.0815502 -0.0817222 -0.0808408 -0.0792823 -0.0774426 -0.075565 -0.0739003 -0.0725873 -0.071692 -0.0712799 -0.0712654 -0.0716002 -0.0721801 -0.072906 -0.0737335 -0.0745596 -0.0753215 -0.0759533 -0.0764272 -0.076731 -0.0768699 -0.0768063 -0.076531 -0.0760812 -0.0754418 -0.0746676 -0.0737222 -0.0726164 -0.0714054 -0.0700921 -0.0686983 -0.0672192 -0.0656832 -0.0641111 -0.0625513 -0.0609659 -0.0593845 -0.0578559 -0.0563694 -0.0549424 -0.0535665 -0.0522671 -0.0510519 -0.0499409 -0.0488856 -0.0479249 -0.0470748 -0.0462952 -0.045582 -0.0449547 -0.0444157 -0.0439259 -0.043505 -0.0431311 -0.0428162 -0.0425386 -0.0423071 -0.0421033 -0.0419406 -0.0418012 -0.04167 -0.0415613 -0.0414852 -0.0414187 -0.0413368 -0.0412776 -0.0412284 -0.0411838 -0.0411303 -0.0410875 -0.0410345 -0.0409957 -0.040951 -0.0409057 -0.0408525 -0.0408138 -0.0407676 -0.0407224 -0.0406736 -0.0406352 -0.0405924 -0.0405505 -0.0405104 -0.040479 -0.0404416 -0.0404087 -0.0403835 -0.0403584 -0.040331 -0.0403155 -0.0403011 -0.040284 -0.0402753 -0.0402736 -0.0402662 -0.0402657 -0.0402726 -0.0402778 -0.0402823 -0.040298 -0.0403112 -0.0403244 -0.0403398 -0.0403634 -0.0403797 -0.0403988 -0.0404168 -0.040443 -0.0404574 -0.040477 -0.04049 -0.0405063 -0.0405149 -0.0405323 -0.0405231 -0.0405152 -0.0405157 -0.0405125 -0.0404653 -0.0404234 -0.0403878 -0.0403283 -0.0402321 -0.0401299 -0.0400111 -0.0398493 -0.0396619 -0.0394461 -0.0391921 -0.0388752 -0.0385216 -0.0381068 -0.037645 -0.0371058 -0.036486 -0.0357851 -0.035016 -0.034131 -0.0331287 -0.0320455 -0.0308341 -0.0294806 -0.0279876 -0.0263763 -0.0246113 -0.0227088 -0.0206394 -0.0184302 -0.0161024 -0.0136163 -0.0109868 -0.00824045 -0.0053996 -0.0024413 0.000603007 0.00375038 0.00694568 0.0101721 0.0134662 0.016781 0.0201163 0.0234357 0.0267376 0.0300302 0.0333125 0.0365475 0.03973 0.0428774 0.0459784 0.0490817 0.0521406 0.0551683 0.0581742 0.0611129 0.0639837 0.0666514 0.0689985 0.0708624 0.0720343 0.0723544 0.0716135 0.0696951 0.0665627 0.0622887 0.0571115 0.0513655 0.0455041 0.0400339 0.0354649 0.0322719 0.0308105 
0 -0.0149761 -0.0293483 -0.0425212 -0.0540734 -0.0636382 -0.0710541 -0.0762991 -0.0794567 -0.0808058 -0.0806426 -0.0793843 -0.0774426 -0.075161 -0.0728836 -0.0708048 -0.0691099 -0.0679102 -0.0672168 -0.0670369 -0.0672622 -0.0678042 -0.0685906 -0.06952 -0.0705342 -0.071535 -0.0724463 -0.0732419 -0.0738999 -0.0744021 -0.0747219 -0.0748389 -0.074751 -0.0745003 -0.0740731 -0.0734625 -0.0726859 -0.0717462 -0.07069 -0.0695142 -0.0682154 -0.0668186 -0.065376 -0.0638791 -0.062345 -0.0607956 -0.0592268 -0.05771 -0.0562159 -0.0547545 -0.0533647 -0.0520652 -0.0508261 -0.049674 -0.0486147 -0.0476404 -0.0467826 -0.0459976 -0.0453027 -0.0446914 -0.044172 -0.0436965 -0.043304 -0.0429853 -0.0427187 -0.0424784 -0.0422939 -0.0421616 -0.0420408 -0.0419628 -0.0419143 -0.041878 -0.0418318 -0.0418378 -0.0418475 -0.0418579 -0.0418485 -0.0418726 -0.0418936 -0.041915 -0.0419142 -0.0419333 -0.0419453 -0.0419544 -0.0419541 -0.0419613 -0.041959 -0.041957 -0.0419539 -0.0419471 -0.0419388 -0.0419302 -0.0419218 -0.0419083 -0.0418994 -0.0418857 -0.0418759 -0.0418609 -0.0418518 -0.0418367 -0.0418276 -0.0418122 -0.0418036 -0.041789 -0.0417788 -0.0417643 -0.0417548 -0.0417381 -0.0417258 -0.041711 -0.0416944 -0.0416753 -0.0416575 -0.0416341 -0.0416069 -0.0415856 -0.0415506 -0.0415113 -0.0414721 -0.0414397 -0.0413782 -0.0413172 -0.0412509 -0.0411973 -0.0411054 -0.0410037 -0.0408914 -0.0407954 -0.0406493 -0.0404901 -0.0403106 -0.0401151 -0.0398751 -0.0396258 -0.0393319 -0.038982 -0.0385926 -0.0381684 -0.0376865 -0.0371208 -0.0365105 -0.0358192 -0.0350365 -0.0341581 -0.0332173 -0.0321459 -0.0309641 -0.0296601 -0.0282249 -0.0266666 -0.0249644 -0.0231029 -0.0211054 -0.0189786 -0.0166644 -0.014218 -0.0116357 -0.00892788 -0.00609558 -0.00313656 -7.63967e-05 0.00305535 0.00625623 0.00954251 0.0128585 0.0161927 0.0195251 0.022853 0.0261782 0.0294627 0.0326782 0.0358274 0.0389229 0.0419412 0.0448842 0.047726 0.0504835 0.0532048 0.0558669 0.0584945 0.0610705 0.0635811 0.0660484 0.0683819 0.0704993 0.0722502 0.0734378 0.0739087 0.0734416 0.0718823 0.0691093 0.0650806 0.0599306 0.0538762 0.0473064 0.0406813 0.0345085 0.0293337 0.0256094 0.0237259 
0 -0.014995 -0.0293604 -0.0425212 -0.0540138 -0.0634994 -0.0708071 -0.0758916 -0.0788687 -0.0799637 -0.0795055 -0.077908 -0.075565 -0.0728836 -0.0701612 -0.0676502 -0.0655434 -0.0639388 -0.0629253 -0.0624614 -0.0624893 -0.0629203 -0.063657 -0.0646348 -0.0657579 -0.0669339 -0.0680782 -0.0691562 -0.0701209 -0.0709789 -0.0716692 -0.0721664 -0.0724961 -0.0726173 -0.0725826 -0.0723378 -0.0718934 -0.0712848 -0.0705107 -0.0695938 -0.0685268 -0.0673311 -0.0660252 -0.0646522 -0.0631844 -0.0616721 -0.0601282 -0.0585805 -0.0570422 -0.0555111 -0.0540308 -0.052596 -0.0512477 -0.0499661 -0.0487766 -0.0476833 -0.0466944 -0.0457778 -0.0449753 -0.0442758 -0.0436527 -0.0431334 -0.0426845 -0.0423023 -0.0419912 -0.0417579 -0.0415597 -0.0414289 -0.0413278 -0.0412645 -0.0412266 -0.0412309 -0.0412584 -0.0412972 -0.0413293 -0.041392 -0.0414769 -0.0415433 -0.0416079 -0.0416843 -0.041762 -0.0418273 -0.0418967 -0.0419516 -0.0420127 -0.0420625 -0.0421108 -0.0421473 -0.0421898 -0.0422136 -0.0422461 -0.0422654 -0.0422839 -0.0422936 -0.0423118 -0.0423084 -0.042315 -0.042314 -0.0423105 -0.0422953 -0.0422943 -0.0422728 -0.0422558 -0.0422344 -0.0422142 -0.0421764 -0.0421526 -0.0421126 -0.0420733 -0.0420261 -0.0419827 -0.0419205 -0.0418683 -0.0417996 -0.0417299 -0.0416496 -0.0415711 -0.0414759 -0.0413817 -0.0412648 -0.0411509 -0.0410341 -0.0408935 -0.0407259 -0.0405699 -0.0404024 -0.0401989 -0.0399731 -0.039728 -0.0394721 -0.0391796 -0.0388488 -0.0384787 -0.0380824 -0.0376181 -0.0371285 -0.0365789 -0.0359579 -0.035264 -0.0345128 -0.0336638 -0.0327437 -0.0317242 -0.0305836 -0.0293427 -0.0279788 -0.0264854 -0.024853 -0.0230988 -0.0211857 -0.0191274 -0.0169043 -0.0145553 -0.0120534 -0.00941141 -0.00663623 -0.00372868 -0.000729954 0.0023882 0.00559737 0.00886969 0.012176 0.0155324 0.0188968 0.0222802 0.0256297 0.0289189 0.0321869 0.0353662 0.0384717 0.0414568 0.0443241 0.0470975 0.0497596 0.0523018 0.0547192 0.0570387 0.0592796 0.061481 0.063614 0.0656971 0.0677236 0.0696667 0.0714918 0.0730463 0.0741969 0.0747456 0.074505 0.0733006 0.0709526 0.0673725 0.0625368 0.0565859 0.0497786 0.0425043 0.0352433 0.0285082 0.0228405 0.0187025 0.016481 
0 -0.014985 -0.0293379 -0.0424593 -0.0539062 -0.0633199 -0.0705357 -0.0755082 -0.0783248 -0.0792254 -0.07851 -0.0766007 -0.0739003 -0.0708048 -0.0676502 -0.064682 -0.0621202 -0.0600884 -0.0586761 -0.0578764 -0.0576286 -0.0578568 -0.058468 -0.0593907 -0.0605323 -0.061799 -0.0631031 -0.0643981 -0.0656353 -0.066796 -0.0678267 -0.0686923 -0.0693982 -0.0699122 -0.0702617 -0.0704022 -0.0703386 -0.0700862 -0.0696356 -0.069013 -0.0682062 -0.0672369 -0.0661293 -0.0649026 -0.0635571 -0.0621328 -0.0606262 -0.0590788 -0.0575109 -0.055924 -0.0543695 -0.0528386 -0.0513599 -0.0499456 -0.0486069 -0.0473485 -0.0462019 -0.0451459 -0.0442013 -0.0433572 -0.0426039 -0.0419649 -0.0414155 -0.0409533 -0.0405793 -0.0402819 -0.0400365 -0.0398685 -0.039744 -0.0396806 -0.0396556 -0.0396536 -0.0396812 -0.0397545 -0.0398299 -0.0399237 -0.0400351 -0.0401431 -0.0402606 -0.0403909 -0.0405089 -0.0406195 -0.0407402 -0.0408486 -0.0409528 -0.0410462 -0.0411365 -0.0412187 -0.0412965 -0.0413542 -0.041421 -0.0414725 -0.0415121 -0.0415484 -0.0415887 -0.0415993 -0.0416185 -0.0416337 -0.0416331 -0.0416207 -0.0416243 -0.0415999 -0.0415719 -0.0415467 -0.0415136 -0.0414566 -0.041415 -0.0413566 -0.0412862 -0.041212 -0.0411392 -0.0410413 -0.0409469 -0.0408408 -0.0407275 -0.0406009 -0.0404673 -0.0403194 -0.040172 -0.0400007 -0.039817 -0.0396281 -0.0394192 -0.0391918 -0.0389557 -0.038685 -0.0383878 -0.0380905 -0.0377478 -0.0373626 -0.0369489 -0.0365005 -0.0359976 -0.035458 -0.0348447 -0.0341806 -0.0334467 -0.0326377 -0.031752 -0.0307866 -0.0297067 -0.0285316 -0.0272445 -0.0258332 -0.0243083 -0.0226368 -0.020828 -0.0188748 -0.0167729 -0.0145204 -0.0121352 -0.00958962 -0.00692275 -0.00411715 -0.00118104 0.00185662 0.00499838 0.0082125 0.0114969 0.0148374 0.0182086 0.0215791 0.0249576 0.0282999 0.0316044 0.0348312 0.0379573 0.0410036 0.0439249 0.0467254 0.0493692 0.0518623 0.0542196 0.0564338 0.0585045 0.0604371 0.0622624 0.0640149 0.0657242 0.0673776 0.0689889 0.0705381 0.0720078 0.0733292 0.0743574 0.0749407 0.0748675 0.073972 0.0720622 0.068989 0.0646754 0.0591117 0.0524753 0.045026 0.0371814 0.0294221 0.0222567 0.016233 0.0117937 0.00933369 
0 -0.0149638 -0.0292984 -0.0423818 -0.0537945 -0.0631589 -0.0703123 -0.0752141 -0.0779162 -0.0786765 -0.0777623 -0.075594 -0.0725873 -0.0691099 -0.0655434 -0.0621202 -0.0590851 -0.056596 -0.054727 -0.0535252 -0.0529245 -0.0528692 -0.0532789 -0.0540656 -0.0551482 -0.0564241 -0.0578096 -0.0592409 -0.060676 -0.0620677 -0.0633778 -0.0645703 -0.065616 -0.066507 -0.067222 -0.0677407 -0.0680608 -0.0681747 -0.0680776 -0.0677851 -0.0672904 -0.0665988 -0.0657414 -0.0647037 -0.063524 -0.0622312 -0.0608125 -0.0593197 -0.0577646 -0.0561622 -0.0545495 -0.0529343 -0.0513294 -0.0497874 -0.0483009 -0.0468721 -0.0455407 -0.0443024 -0.0431733 -0.0421414 -0.0412241 -0.0404244 -0.0397301 -0.0391246 -0.0386305 -0.0382251 -0.0379016 -0.0376578 -0.0374704 -0.0373567 -0.0372972 -0.0372712 -0.0372886 -0.0373613 -0.0374326 -0.0375373 -0.0376691 -0.0378076 -0.0379455 -0.0381089 -0.0382604 -0.0384137 -0.0385665 -0.0387173 -0.038857 -0.0389908 -0.0391139 -0.0392368 -0.039343 -0.0394331 -0.0395282 -0.0396091 -0.0396666 -0.0397277 -0.0397857 -0.039811 -0.0398402 -0.0398698 -0.0398715 -0.0398634 -0.0398684 -0.0398427 -0.0398049 -0.0397759 -0.0397299 -0.0396578 -0.0395981 -0.0395241 -0.0394255 -0.0393277 -0.0392261 -0.0390987 -0.0389654 -0.0388277 -0.0386709 -0.0385039 -0.0383236 -0.0381327 -0.0379263 -0.0377042 -0.0374642 -0.0372188 -0.0369344 -0.0366395 -0.0363309 -0.0359845 -0.0355946 -0.035206 -0.0347616 -0.0342676 -0.0337426 -0.0331743 -0.0325317 -0.031838 -0.0310782 -0.0302493 -0.0293391 -0.0283311 -0.0272405 -0.0260463 -0.0247362 -0.0233073 -0.0217593 -0.0200709 -0.018251 -0.0162699 -0.0141563 -0.0119052 -0.00948752 -0.00693333 -0.0042519 -0.00142853 0.00150989 0.00454992 0.00769818 0.010907 0.0141881 0.017523 0.0208733 0.0242391 0.0275894 0.0309001 0.03416 0.0373462 0.0404345 0.0434103 0.0462543 0.0489545 0.0515051 0.0538867 0.056091 0.0581245 0.0599988 0.0617178 0.0632916 0.0647338 0.0660697 0.0673538 0.0685894 0.0697969 0.0709742 0.0720891 0.0731377 0.0739989 0.0745534 0.0746201 0.0739778 0.072483 0.0699234 0.0661923 0.0612215 0.0550253 0.0478143 0.0398485 0.031568 0.0234457 0.0159827 0.00972192 0.00508604 0.00246848 
0 -0.0149379 -0.0292234 -0.042299 -0.0536681 -0.0630191 -0.0701581 -0.0750154 -0.0776938 -0.0783558 -0.0773229 -0.0749725 -0.071692 -0.0679102 -0.0639388 -0.0600884 -0.056596 -0.0536151 -0.0512871 -0.0496222 -0.0486153 -0.0482143 -0.0483336 -0.0489064 -0.0498379 -0.0510315 -0.0524084 -0.0539062 -0.0554445 -0.0570069 -0.0585238 -0.0599613 -0.0613173 -0.0625135 -0.0635745 -0.0644576 -0.0651462 -0.065645 -0.0659188 -0.0659744 -0.0658186 -0.0654589 -0.0648716 -0.0641003 -0.0631378 -0.062019 -0.0607606 -0.0593603 -0.057861 -0.0562896 -0.0546719 -0.0529875 -0.0513123 -0.0496494 -0.0480149 -0.0464284 -0.0449076 -0.0434675 -0.0421347 -0.0409022 -0.0397539 -0.0387613 -0.0378738 -0.0370815 -0.0364014 -0.0358583 -0.0353906 -0.0350126 -0.0347258 -0.0345259 -0.0343769 -0.0342816 -0.0342702 -0.0342946 -0.0343315 -0.034411 -0.0345539 -0.0346812 -0.0348233 -0.034987 -0.035172 -0.0353363 -0.0355133 -0.0356821 -0.0358591 -0.0360114 -0.0361664 -0.0363117 -0.036448 -0.0365583 -0.0366806 -0.0367792 -0.0368582 -0.0369349 -0.0370092 -0.0370456 -0.0370863 -0.0371226 -0.0371304 -0.0371245 -0.0371301 -0.0371019 -0.0370598 -0.0370227 -0.0369682 -0.0368826 -0.0368092 -0.0367171 -0.036601 -0.0364784 -0.0363564 -0.0361986 -0.03604 -0.0358691 -0.0356842 -0.0354714 -0.0352624 -0.0350294 -0.0347828 -0.0344996 -0.0342236 -0.0339228 -0.0335856 -0.0332081 -0.0328435 -0.0324275 -0.0319619 -0.0314632 -0.0309379 -0.030346 -0.0297035 -0.0290083 -0.0282465 -0.0274058 -0.0264819 -0.0255006 -0.0244067 -0.0231973 -0.0218909 -0.0204904 -0.018921 -0.0172385 -0.0154286 -0.0134661 -0.0113466 -0.0090909 -0.00669065 -0.00414782 -0.00147158 0.0013519 0.00427128 0.0073007 0.0104243 0.0136391 0.016888 0.0201838 0.0235124 0.0268329 0.0301439 0.0334034 0.0366045 0.0397288 0.0427601 0.0456475 0.0484159 0.0510248 0.0534598 0.0557408 0.0578127 0.0597163 0.061432 0.0629612 0.064332 0.0655451 0.0666194 0.0675848 0.0684721 0.0693074 0.0701418 0.0709536 0.0717577 0.0725305 0.0731953 0.0736862 0.0738144 0.0734148 0.0722872 0.0702279 0.0671088 0.0627857 0.0572346 0.0505187 0.0428158 0.034463 0.0258562 0.0174836 0.00985111 0.00344297 -0.00128121 -0.00398811 
0 -0.0148812 -0.029138 -0.0421634 -0.0535324 -0.0628828 -0.0700306 -0.0749287 -0.0776018 -0.0782712 -0.0771877 -0.0747196 -0.0712799 -0.0672168 -0.0629253 -0.0586761 -0.054727 -0.0512871 -0.0484486 -0.0463079 -0.0448459 -0.0440317 -0.0438114 -0.044095 -0.0447983 -0.0458351 -0.0471277 -0.0485886 -0.0501795 -0.0518071 -0.0534549 -0.0550882 -0.0566417 -0.0581227 -0.0594573 -0.0606567 -0.061701 -0.0625563 -0.0631972 -0.0636205 -0.0638289 -0.0638059 -0.0635743 -0.0630858 -0.062406 -0.0615392 -0.0604778 -0.0592409 -0.0578615 -0.0563704 -0.0547775 -0.0531179 -0.051376 -0.0496394 -0.0478967 -0.0461569 -0.0444502 -0.0428343 -0.041289 -0.0398134 -0.0384536 -0.0372046 -0.0360796 -0.0350634 -0.034186 -0.0334114 -0.0327663 -0.0322119 -0.031766 -0.0314203 -0.0311734 -0.0309728 -0.030842 -0.0307912 -0.0307907 -0.0308257 -0.0308935 -0.0309996 -0.0311272 -0.0312873 -0.0314442 -0.0316169 -0.0317894 -0.0319812 -0.0321539 -0.0323284 -0.0324889 -0.0326617 -0.0328015 -0.0329396 -0.033066 -0.0331881 -0.0332735 -0.0333704 -0.0334443 -0.0335011 -0.033541 -0.0335876 -0.0335935 -0.0335988 -0.033593 -0.0335718 -0.0335207 -0.0334826 -0.0334123 -0.0333287 -0.0332335 -0.0331361 -0.0329984 -0.0328677 -0.0327172 -0.0325519 -0.032359 -0.0321744 -0.0319566 -0.0317291 -0.0314748 -0.0312188 -0.0309292 -0.0306293 -0.0302934 -0.0299405 -0.029552 -0.029152 -0.0287013 -0.0281982 -0.0276643 -0.0271102 -0.0264792 -0.0257685 -0.0250239 -0.0242136 -0.0233154 -0.0223246 -0.0212654 -0.020085 -0.0188036 -0.0174002 -0.0158909 -0.0142333 -0.0124424 -0.0104924 -0.00841148 -0.00619406 -0.00381453 -0.00128676 0.00136053 0.00412727 0.00704973 0.010049 0.0131367 0.0162955 0.0195271 0.0227907 0.026075 0.0293407 0.0325879 0.035812 0.0389355 0.0419794 0.0449157 0.0477369 0.0504045 0.0529142 0.055237 0.0573889 0.059365 0.0611187 0.0627008 0.0640763 0.0652788 0.0663152 0.0671803 0.0679135 0.0685342 0.0690751 0.0695642 0.0700483 0.0705262 0.0710384 0.0715541 0.0720299 0.0724258 0.0725758 0.0723609 0.0715646 0.06998 0.0674566 0.0638041 0.0589698 0.0529211 0.0457455 0.0376806 0.029019 0.020206 0.0116963 0.00397386 -0.0024658 -0.00722739 -0.0099587 
