0 0 0 0 0 0 0 0 0 0 0 0 0 0 0 0 0 0 0 0 0 0 0 0 0 0 0 0 0 0 0 0 0 0 0 0 0 0 0 0 0 0 0 0 0 0 0 0 0 0 0 0 0 0 0 0 0 0 0 0 0 0 0 0 0 0 0 0 0 0 0 0 0 0 0 0 0 0 0 0 0 0 0 0 0 0 0 0 0 0 0 0 0 0 0 0 0 0 0 0 0 0 0 0 0 0 0 0 0 0 0 0 0 0 0 0 0 0 0 0 0 0 0 0 0 0 0 0 0 0 0 0 0 0 0 0 0 0 0 0 0 0 0 0 0 0 0 0 0 0 0 0 0 0 0 0 0 0 0 0 0 0 0 0 0 0 0 0 0 0 0 0 0 0 0 0 0 0 0 0 0 0 0 0 0 0 0 0 0 0 0 0 0 0 0 0 0 0 0 0 
0 1.39103e-05 2.20027e-05 4.28677e-05 6.3483e-05 9.30564e-05 0.000140968 0.000192373 0.000273831 0.000372291 0.000494563 0.000661026 0.000847277 0.00108777 0.00136625 0.00168069 0.00204806 0.00242645 0.00282627 0.00320967 0.00354492 0.00381186 0.0039689 0.00399965 0.00388164 0.00362184 0.00320163 0.00266107 0.00201614 0.00129455 0.000589714 -9.0394e-05 -0.000660459 -0.00108899 -0.00138088 -0.00150478 -0.00148319 -0.00132946 -0.00106499 -0.000712878 -0.000339586 4.72982e-05 0.000419468 0.000757715 0.00108061 0.00136466 0.00161787 0.00182905 0.00202933 0.00221354 0.00238072 0.00254229 0.00269734 0.0028419 0.00298606 0.003141 0.00326562 0.00339602 0.00354154 0.00367947 0.00379699 0.00391848 0.00404614 0.00417424 0.00429468 0.00439855 0.00451399 0.00463126 0.00474021 0.00483949 0.00494313 0.00504012 0.0051422 0.00523637 0.00531916 0.00540691 0.0055003 0.00557716 0.00564798 0.00572964 0.00580335 0.00586728 0.00593119 0.00599697 0.00605425 0.00611021 0.00615962 0.00620958 0.00625708 0.00629852 0.00633186 0.00637243 0.00640608 0.0064289 0.00645285 0.00648248 0.00649597 0.00650569 0.00652255 0.00653371 0.00652906 0.006532 0.00653569 0.00652564 0.00651051 0.00650523 0.00648907 0.00646362 0.00644143 0.00642082 0.00638641 0.00635221 0.00631783 0.00627986 0.00623463 0.00618926 0.0061384 0.00609008 0.00603433 0.00597145 0.00591093 0.00585451 0.00578122 0.00570593 0.00564118 0.00556764 0.00548207 0.00540183 0.00532327 0.00523451 0.00514887 0.00505561 0.00496187 0.00486922 0.00477726 0.00467388 0.00457549 0.0044714 0.00437235 0.00427545 0.00416509 0.00405621 0.0039611 0.00385901 0.00374395 0.00365401 0.00355741 0.0034556 0.0033584 0.00327932 0.00320674 0.00314602 0.00309944 0.00306789 0.00307261 0.00311513 0.00320881 0.00331577 0.00346157 0.00363195 0.00380047 0.00396049 0.00406217 0.00406424 0.0039458 0.00370015 0.00328634 0.00274611 0.00206902 0.00127998 0.000459163 -0.000380762 -0.00115659 -0.00183514 -0.0023878 -0.00278973 -0.00303547 -0.00312766 -0.00308817 -0.00292086 -0.00268241 -0.00238024 -0.00205291 -0.00173645 -0.00142091 -0.00115015 -0.000905887 -0.000698191 -0.000534434 -0.000393643 -0.000292391 -0.000211239 -0.000153116 -0.000113922 -8.46781e-05 -6.95749e-05 -5.80039e-05 -5.47564e-05 -5.42359e-05 -5.49559e-05 
0 2.20027e-05 6.28115e-05 8.50994e-05 0.000143378 0.000202196 0.000280243 0.000407608 0.00054558 0.000754942 0.00101338 0.00132661 0.00173845 0.00220361 0.00276538 0.00341377 0.00411306 0.00489195 0.00567603 0.00643274 0.00712475 0.00764526 0.00797306 0.00804055 0.00780601 0.00728354 0.00645991 0.00537926 0.00409499 0.0026933 0.00126404 -6.77845e-05 -0.00120352 -0.00208675 -0.00264764 -0.00290506 -0.00285917 -0.00254573 -0.00200658 -0.00133132 -0.000579328 0.000202009 0.000922259 0.0016356 0.00228064 0.00284298 0.00334111 0.00377703 0.00416055 0.00453323 0.00490111 0.00519705 0.00549921 0.00578561 0.00608607 0.00637268 0.00665091 0.00691289 0.00716734 0.00743478 0.00770095 0.00796292 0.00817305 0.00842646 0.00867454 0.00890748 0.00910848 0.00934099 0.009555 0.00976526 0.00996008 0.0101499 0.0103514 0.0105353 0.0107032 0.0108671 0.0110565 0.011198 0.0113487 0.0114942 0.0116501 0.0117628 0.0119003 0.0120144 0.0121391 0.0122352 0.0123436 0.012429 0.012532 0.012602 0.0126776 0.0127463 0.01282 0.0128571 0.0129117 0.0129604 0.0129945 0.0130076 0.013046 0.0130607 0.0130598 0.0130589 0.0130715 0.0130464 0.0130249 0.0130064 0.0129827 0.0129267 0.0128919 0.0128425 0.0127861 0.0127101 0.0126539 0.0125693 0.0124935 0.0123934 0.012308 0.0122008 0.0121055 0.0119715 0.0118671 0.0117432 0.0116133 0.011457 0.0113403 0.011188 0.0110269 0.0108647 0.0107173 0.0105453 0.0103662 0.0101843 0.0100058 0.00984069 0.00962919 0.00942293 0.00923714 0.00906872 0.00883502 0.0086234 0.00841938 0.00823837 0.00802787 0.00780838 0.00759858 0.00740631 0.00721914 0.00702851 0.00685511 0.00665668 0.00652492 0.00641403 0.006319 0.00626375 0.00628523 0.00636012 0.00651806 0.00676286 0.0070329 0.00737609 0.00772014 0.00802048 0.00820106 0.00820165 0.00796247 0.00744568 0.00665387 0.00555297 0.00419728 0.00263903 0.000974509 -0.000688524 -0.00223464 -0.00358773 -0.00469329 -0.00548582 -0.00599529 -0.00619022 -0.00610358 -0.00580787 -0.00530986 -0.00471766 -0.00407668 -0.00341588 -0.00281757 -0.00226201 -0.00177835 -0.00138507 -0.00103978 -0.000779456 -0.000572058 -0.00040577 -0.000301696 -0.000211808 -0.000161774 -0.000131753 -0.000105528 -0.000106039 -9.88746e-05 -0.000107035 
0 4.28677e-05 8.50994e-05 0.000147927 0.000220859 0.00031879 0.000461313 0.000633578 0.000876858 0.00118358 0.0015666 0.00206417 0.00264839 0.00337099 0.00421498 0.00517378 0.00626417 0.00741218 0.00860379 0.00974966 0.0107612 0.0115576 0.0120383 0.0121399 0.0118047 0.0110385 0.00981473 0.00822133 0.0063225 0.00421895 0.00212814 0.000139319 -0.00154489 -0.00282624 -0.00368143 -0.00405722 -0.00399548 -0.00353876 -0.00275431 -0.00172623 -0.000608301 0.000545915 0.00165726 0.00268974 0.00365715 0.00451461 0.00527568 0.0059252 0.00652539 0.00708126 0.00759324 0.00807252 0.00853155 0.00896583 0.00939817 0.00984191 0.0102271 0.0106153 0.0110266 0.011426 0.0117855 0.0121445 0.0125053 0.012873 0.013223 0.0135363 0.0138621 0.0141943 0.0145079 0.0147988 0.015091 0.0153697 0.0156575 0.015924 0.0161649 0.0164123 0.016671 0.0168903 0.0170969 0.0173198 0.017528 0.01771 0.0178915 0.0180715 0.0182357 0.0183905 0.0185317 0.0186698 0.018803 0.0189177 0.0190158 0.019125 0.0192186 0.0192855 0.0193542 0.0194308 0.0194726 0.0195029 0.0195469 0.0195755 0.0195698 0.0195765 0.0195834 0.0195583 0.0195212 0.0195011 0.0194576 0.0193904 0.0193293 0.019268 0.0191771 0.0190815 0.0189865 0.0188794 0.0187564 0.018628 0.0184904 0.0183515 0.0181973 0.0180238 0.0178567 0.0176912 0.0174918 0.0172834 0.0170975 0.0168885 0.0166534 0.0164252 0.0162019 0.0159542 0.0157065 0.0154433 0.01518 0.0149175 0.0146462 0.0143528 0.014071 0.0137815 0.0134881 0.0131974 0.012886 0.0125815 0.0122937 0.0119905 0.011668 0.0113933 0.0111097 0.0108172 0.0105378 0.0102937 0.0100812 0.00990461 0.00976789 0.00968306 0.00970172 0.00982873 0.0100886 0.0104166 0.0108398 0.0113317 0.0118231 0.0122662 0.0125328 0.0125125 0.0121346 0.0113638 0.0101263 0.00848697 0.00645369 0.0041091 0.00164409 -0.000849086 -0.00316528 -0.00519372 -0.00684728 -0.00805527 -0.00880498 -0.0091006 -0.00899521 -0.00853095 -0.00782968 -0.00695162 -0.00599761 -0.00505499 -0.00414015 -0.00333338 -0.00261634 -0.0020103 -0.00152055 -0.00111563 -0.000813834 -0.00057844 -0.00041125 -0.000295982 -0.000216623 -0.000173416 -0.00014638 -0.000139056 -0.000138106 -0.000149226 
0 6.3483e-05 0.000143378 0.000220859 0.000335456 0.000475328 0.000659993 0.000914222 0.00123169 0.00165689 0.00218916 0.00284939 0.00366593 0.00462953 0.00576558 0.0070633 0.00849629 0.0100416 0.0116181 0.0131382 0.014498 0.0155553 0.0162097 0.0163586 0.0159315 0.0149231 0.0133339 0.0112402 0.00874997 0.00602045 0.00325667 0.000664147 -0.00155405 -0.00326521 -0.00438251 -0.00488861 -0.00480858 -0.0042031 -0.0031635 -0.0018317 -0.000346335 0.00118661 0.00265638 0.00405989 0.00535086 0.00649542 0.00750527 0.00838838 0.00918081 0.00992631 0.0106284 0.0112524 0.0118503 0.0124249 0.0130026 0.0135667 0.014098 0.0146094 0.0151184 0.015629 0.016125 0.0166043 0.0170463 0.0175128 0.0179704 0.0183967 0.0187997 0.0192191 0.0196201 0.0200036 0.020369 0.0207248 0.0210864 0.0214242 0.0217352 0.0220447 0.0223671 0.0226434 0.0229123 0.0231822 0.0234475 0.0236739 0.0239069 0.024124 0.0243365 0.0245239 0.024707 0.0248739 0.0250437 0.0251823 0.025313 0.0254413 0.025561 0.0256444 0.0257348 0.0258213 0.0258803 0.0259186 0.0259731 0.0260036 0.0260066 0.0260108 0.026019 0.0259881 0.0259499 0.025917 0.0258675 0.025785 0.0257131 0.0256299 0.0255255 0.0254036 0.0252897 0.025152 0.0250062 0.0248413 0.0246781 0.0244979 0.0243115 0.024094 0.0238915 0.0236744 0.0234343 0.023174 0.0229402 0.0226742 0.0223852 0.0220966 0.0218158 0.0215074 0.021185 0.0208552 0.0205276 0.0202012 0.0198352 0.0194625 0.0191101 0.0187606 0.0183612 0.0179692 0.0175841 0.0172139 0.0168251 0.01642 0.0160189 0.0156475 0.0152825 0.0149142 0.0145608 0.014218 0.0139456 0.0137231 0.013547 0.0134514 0.0134854 0.0136499 0.0139689 0.0144214 0.0149668 0.0156062 0.0162478 0.0167923 0.0171009 0.0170425 0.0165131 0.0154476 0.0138107 0.0116036 0.00889164 0.00579315 0.00249999 -0.000791461 -0.00386358 -0.00655761 -0.00875499 -0.0103658 -0.0113843 -0.0118027 -0.0116786 -0.0111088 -0.0101854 -0.00904701 -0.00780608 -0.00655 -0.00537033 -0.00429841 -0.00336081 -0.00257789 -0.0019232 -0.00140785 -0.00100755 -0.000700496 -0.000490132 -0.000335122 -0.00024128 -0.000186128 -0.000154701 -0.000155096 -0.00015525 -0.000176173 
0 9.30564e-05 0.000202196 0.00031879 0.000475328 0.000670193 0.000919469 0.00125321 0.0016733 0.00221897 0.00290329 0.0037454 0.00477912 0.00600177 0.00743523 0.00907077 0.0108748 0.0128115 0.0147835 0.0166827 0.0183742 0.0196969 0.0205193 0.020719 0.0202181 0.0189918 0.0170601 0.0145021 0.0114571 0.00812417 0.00474087 0.001573 -0.00114856 -0.0032516 -0.00463119 -0.00526503 -0.00517716 -0.00444261 -0.00317485 -0.00154031 0.000297656 0.00219286 0.00403208 0.00577924 0.00738701 0.00882746 0.0100972 0.0112146 0.0122148 0.013142 0.0140048 0.0147905 0.0155326 0.0162463 0.0169507 0.0176314 0.0182797 0.0189046 0.0195242 0.0201365 0.0207273 0.0212939 0.0218373 0.0223888 0.022924 0.0234285 0.0239122 0.024401 0.0248721 0.0253211 0.0257493 0.0261691 0.0265851 0.0269771 0.0273439 0.027706 0.0280681 0.0283957 0.028709 0.0290186 0.0293187 0.0295888 0.0298529 0.0301042 0.0303455 0.0305645 0.0307727 0.0309677 0.0311564 0.0313195 0.0314709 0.0316165 0.0317486 0.0318527 0.0319547 0.0320491 0.0321188 0.0321704 0.0322257 0.0322606 0.032271 0.0322772 0.0322795 0.0322517 0.0322123 0.0321715 0.0321137 0.0320295 0.0319449 0.0318495 0.0317332 0.0316 0.0314659 0.0313133 0.0311463 0.0309627 0.0307751 0.0305719 0.030355 0.0301161 0.0298805 0.0296301 0.0293567 0.0290678 0.0287886 0.0284851 0.0281582 0.0278268 0.027496 0.0271438 0.0267725 0.0263923 0.0260103 0.0256231 0.0252052 0.024777 0.0243565 0.0239345 0.0234797 0.02302 0.0225638 0.0221145 0.0216517 0.0211744 0.0207027 0.0202503 0.019807 0.0193627 0.0189348 0.0185348 0.0182028 0.0179312 0.0177238 0.0176199 0.0176669 0.0178845 0.018279 0.0188336 0.0195063 0.0202717 0.0210362 0.0216674 0.0220029 0.0218822 0.0211792 0.0198076 0.0177342 0.0149613 0.0115741 0.00772661 0.00363571 -0.000442425 -0.00426164 -0.00761611 -0.0103553 -0.0123797 -0.0136621 -0.0142101 -0.0140884 -0.0134144 -0.012309 -0.0109341 -0.00942765 -0.00790097 -0.00645984 -0.00514703 -0.00400138 -0.00303759 -0.00223927 -0.00160988 -0.00112117 -0.000755762 -0.000499925 -0.000321526 -0.000215215 -0.000154075 -0.000127046 -0.000131722 -0.000145149 -0.000177171 
0 0.000140968 0.000280243 0.000461313 0.000659993 0.000919469 0.00125358 0.00166487 0.00221403 0.00288773 0.00373433 0.00478628 0.00603482 0.00754042 0.00927985 0.0112505 0.0134441 0.0157593 0.0181304 0.02041 0.0224226 0.02402 0.0250121 0.0252728 0.024715 0.0232971 0.0210477 0.0180665 0.0145151 0.0106144 0.00667273 0.00296087 -0.000237275 -0.00270523 -0.00435098 -0.00511014 -0.00502283 -0.00417394 -0.00270705 -0.000783352 0.00138166 0.00361813 0.00583378 0.00790745 0.00983047 0.0115649 0.0130945 0.0144371 0.0156512 0.0167561 0.0177581 0.018707 0.0195802 0.0204211 0.0212299 0.0220231 0.0227643 0.0234836 0.024202 0.0248989 0.0255597 0.0261875 0.0268285 0.0274377 0.0280294 0.0285846 0.0291417 0.0296726 0.0301948 0.0306839 0.0311604 0.0316241 0.0320715 0.032499 0.032903 0.0333028 0.0336785 0.0340465 0.0343826 0.0347209 0.0350314 0.0353382 0.0356115 0.03589 0.0361387 0.0363838 0.036599 0.0368175 0.0370065 0.0371913 0.0373502 0.0375087 0.0376398 0.0377653 0.0378685 0.0379679 0.0380415 0.0381093 0.038157 0.0381979 0.0382143 0.0382263 0.0382177 0.0382007 0.0381607 0.0381179 0.0380518 0.0379785 0.0378823 0.0377853 0.0376611 0.0375326 0.0373805 0.0372296 0.037047 0.0368641 0.036657 0.0364514 0.0362109 0.0359743 0.0357128 0.0354506 0.0351555 0.0348634 0.0345479 0.034229 0.0338825 0.0335306 0.0331647 0.0327876 0.0323919 0.0319815 0.0315665 0.0311286 0.0306906 0.0302282 0.0297612 0.0292715 0.0287963 0.0282908 0.0277805 0.027262 0.026753 0.0262264 0.0256931 0.0251825 0.0246769 0.0241751 0.023681 0.0232562 0.0228687 0.0225598 0.0223431 0.0222471 0.0223144 0.0225938 0.0230742 0.0237138 0.0245217 0.0253973 0.0262585 0.0269513 0.0272835 0.0270679 0.0261648 0.0244791 0.0219433 0.0186128 0.0145578 0.00996857 0.00511198 0.000262998 -0.00428319 -0.00828364 -0.0115565 -0.0140017 -0.0155526 -0.0162474 -0.0161609 -0.0153965 -0.0141516 -0.0125645 -0.0108123 -0.00905288 -0.00735514 -0.0058281 -0.00449127 -0.00335134 -0.00243496 -0.00169325 -0.00112976 -0.000719035 -0.000418277 -0.000231437 -0.000114105 -5.60878e-05 -4.52235e-05 -5.39984e-05 -9.25471e-05 -0.000138132 
0 0.000192373 0.000407608 0.000633578 0.000914222 0.00125321 0.00166487 0.00220515 0.00286094 0.00369408 0.00473195 0.0059761 0.00750151 0.00927764 0.0113389 0.0136798 0.0162255 0.0189516 0.0217047 0.0243482 0.0267038 0.0285575 0.029734 0.0300708 0.0294725 0.0278769 0.0253588 0.021985 0.0179665 0.0135891 0.00910188 0.00491485 0.0012754 -0.00157266 -0.0034548 -0.00435588 -0.00428293 -0.00334027 -0.00168073 0.000466978 0.0029388 0.00550895 0.00804619 0.0104735 0.0127 0.0147119 0.0164803 0.0180635 0.0194574 0.0207285 0.0218999 0.0229645 0.0239473 0.0248925 0.0258049 0.0266552 0.027503 0.0283004 0.0290584 0.0297989 0.0305391 0.0312357 0.0318964 0.0325373 0.0331668 0.0337842 0.0343532 0.0349081 0.0354495 0.0359754 0.0364638 0.0369489 0.0374037 0.0378455 0.0382703 0.0386767 0.0390563 0.0394316 0.0397874 0.0401182 0.0404394 0.0407458 0.0410328 0.0413026 0.0415632 0.0418001 0.0420298 0.0422398 0.0424352 0.0426137 0.0427879 0.0429333 0.0430706 0.0431963 0.0433088 0.0433936 0.0434803 0.0435487 0.0435983 0.0436312 0.043666 0.043672 0.0436655 0.0436497 0.0436258 0.0435716 0.0435158 0.0434462 0.0433605 0.0432535 0.043147 0.0430168 0.0428746 0.042718 0.0425523 0.0423639 0.0421708 0.0419572 0.0417302 0.0414921 0.041241 0.0409664 0.0406858 0.0403942 0.040077 0.0397515 0.0394131 0.0390578 0.0386851 0.0383093 0.0378982 0.0374866 0.0370649 0.0366264 0.0361523 0.0356835 0.0352048 0.0347178 0.0341957 0.0336559 0.0331373 0.0326105 0.0320517 0.031483 0.0309408 0.030375 0.0298372 0.0293116 0.0287996 0.0283182 0.0279201 0.0276062 0.0273917 0.0273352 0.0274532 0.0277949 0.0283403 0.0291138 0.0300234 0.0310102 0.0319625 0.0326718 0.0329612 0.0326286 0.0315072 0.0294655 0.0265046 0.0225903 0.0178783 0.012592 0.00696331 0.00139086 -0.00385709 -0.0084874 -0.0122859 -0.0151389 -0.0169858 -0.0178487 -0.0178039 -0.0170186 -0.0156308 -0.0138753 -0.0119221 -0.00991728 -0.00802904 -0.00628519 -0.00477561 -0.00350273 -0.00244915 -0.00163532 -0.000999198 -0.000543169 -0.000230308 -2.32474e-05 8.38958e-05 0.000130744 0.000127337 8.99045e-05 3.25806e-05 -4.10622e-05 
0 0.000273831 0.00054558 0.000876858 0.00123169 0.0016733 0.00221403 0.00286094 0.0036896 0.00468618 0.00591683 0.00740987 0.00917202 0.0112632 0.0136558 0.0163497 0.0193076 0.0224172 0.0255724 0.0285899 0.0312563 0.033376 0.0347255 0.0351407 0.0345167 0.0327927 0.0300197 0.0263144 0.021891 0.0170405 0.0121101 0.00746397 0.00341975 0.000253722 -0.00188581 -0.00293082 -0.00289895 -0.00190354 -0.000123061 0.00225124 0.00497728 0.00783462 0.0107045 0.0134136 0.0159198 0.0181996 0.0202167 0.0220027 0.0235965 0.0250121 0.0262794 0.0274705 0.0285592 0.0295899 0.0305524 0.0314691 0.0323459 0.0331851 0.034 0.0347776 0.035511 0.0362066 0.036919 0.0375717 0.0381934 0.0387945 0.0393889 0.0399388 0.0404764 0.0409833 0.0414759 0.0419547 0.0423951 0.0428232 0.0432428 0.0436417 0.0439967 0.0443687 0.0447096 0.0450328 0.0453291 0.0456355 0.0459011 0.0461682 0.0464045 0.0466404 0.0468517 0.0470608 0.0472323 0.0474134 0.0475743 0.0477161 0.0478356 0.0479701 0.0480698 0.0481516 0.0482318 0.048311 0.0483473 0.0483853 0.0484226 0.0484374 0.0484217 0.0484226 0.0484029 0.0483575 0.0483017 0.0482566 0.0481723 0.0480806 0.0479821 0.0478783 0.0477376 0.0476054 0.0474492 0.0472889 0.0471016 0.0469157 0.0466984 0.0464931 0.0462497 0.0460006 0.0457368 0.0454774 0.0451667 0.044866 0.0445544 0.0442213 0.043859 0.0435029 0.0431267 0.0427317 0.0423212 0.0418838 0.0414581 0.0410108 0.0405287 0.0400231 0.0395525 0.0390394 0.0385077 0.0379585 0.0374178 0.0368683 0.0363147 0.0357519 0.0351976 0.0346606 0.0341416 0.0336991 0.033296 0.0329886 0.0328185 0.0328119 0.0329977 0.0334395 0.0341041 0.0349687 0.0360134 0.0370918 0.0380948 0.0388263 0.0390598 0.0385819 0.0372166 0.0348312 0.0313826 0.0269225 0.0215772 0.0155943 0.00927701 0.00298812 -0.00293294 -0.00817023 -0.0124892 -0.0157568 -0.0178873 -0.0189261 -0.0189648 -0.0181452 -0.0166919 -0.0147957 -0.0126645 -0.0104973 -0.00839875 -0.00649187 -0.0048277 -0.00340745 -0.00227211 -0.00136608 -0.000685209 -0.000206866 0.00013159 0.000317663 0.000420796 0.000444916 0.000404644 0.00034903 0.000245237 0.000142725 
0 0.000372291 0.000754942 0.00118358 0.00165689 0.00221897 0.00288773 0.00369408 0.00468618 0.00588371 0.00734146 0.0090837 0.0111461 0.013553 0.0162976 0.0193718 0.0227103 0.0262197 0.0297572 0.0331311 0.0361217 0.0384986 0.0400326 0.0405428 0.0399087 0.0380668 0.0350853 0.0310808 0.0262986 0.0210635 0.0157155 0.0106698 0.00624889 0.00274525 0.000354661 -0.000855291 -0.000893267 0.000121076 0.00199889 0.00451486 0.00744625 0.0105566 0.01369 0.016685 0.0194535 0.0219645 0.0241875 0.0261659 0.0279088 0.0294494 0.0308295 0.0320912 0.0332374 0.034312 0.0353095 0.0362384 0.0371445 0.0379976 0.0387963 0.039555 0.0402934 0.0409947 0.0416734 0.0422938 0.0428933 0.0434872 0.0440466 0.044563 0.0450639 0.0455475 0.0460079 0.0464528 0.0468538 0.047249 0.0476402 0.0480023 0.048322 0.0486584 0.0489736 0.0492593 0.0495266 0.0497978 0.0500415 0.0502744 0.0504868 0.0506914 0.0508864 0.051066 0.0512184 0.0513763 0.0515265 0.0516439 0.0517521 0.0518729 0.051966 0.0520309 0.0521104 0.0521835 0.0522179 0.05225 0.0522965 0.0523105 0.052301 0.0523079 0.0523048 0.0522639 0.0522256 0.0521959 0.0521339 0.0520542 0.0519845 0.0519021 0.0517899 0.0516782 0.0515593 0.0514252 0.0512735 0.0511151 0.0509409 0.0507678 0.0505651 0.0503486 0.0501324 0.0499119 0.0496432 0.0493809 0.0491179 0.0488297 0.0485102 0.0481985 0.047865 0.0475198 0.0471557 0.0467672 0.0463721 0.0459733 0.0455433 0.0450902 0.0446408 0.0441646 0.0436842 0.043183 0.0426674 0.042148 0.0416365 0.0410979 0.0405782 0.0400851 0.0396119 0.0391932 0.038842 0.0385988 0.0385078 0.0386061 0.038904 0.0394542 0.0402372 0.0412472 0.0424125 0.0435955 0.0446519 0.0453614 0.0455054 0.0448624 0.0432398 0.0404953 0.0366042 0.0315979 0.0256477 0.0190227 0.0120322 0.00508917 -0.00145865 -0.0072697 -0.0120827 -0.0157506 -0.0181883 -0.0194285 -0.0195712 -0.0187822 -0.0172725 -0.0152769 -0.01301 -0.0106764 -0.00842752 -0.00636531 -0.00456873 -0.00304755 -0.00182012 -0.00086234 -0.000145441 0.000352113 0.000682854 0.000858626 0.000930359 0.000918735 0.000841732 0.000737574 0.000594927 0.000446159 
0 0.000494563 0.00101338 0.0015666 0.00218916 0.00290329 0.00373433 0.00473195 0.00591683 0.00734146 0.00904776 0.0110613 0.0134386 0.0161769 0.01929 0.0227572 0.026492 0.0304091 0.03433 0.0380551 0.0413551 0.043973 0.0456807 0.0462826 0.0456489 0.0437175 0.0405589 0.0363007 0.031206 0.0256274 0.0199131 0.0145053 0.00974133 0.00592167 0.00327373 0.00187059 0.00171373 0.00268107 0.0045867 0.00718526 0.0102592 0.0135663 0.0169069 0.0201304 0.0231124 0.0258209 0.0282287 0.0303725 0.0322415 0.0338719 0.0353214 0.0366216 0.0378069 0.0388936 0.0398887 0.0407931 0.0416756 0.0425043 0.0432698 0.0439838 0.0446693 0.0453284 0.0459502 0.0465235 0.0470613 0.0476004 0.0480986 0.0485645 0.0490008 0.049428 0.0498324 0.0502197 0.0505641 0.050903 0.0512427 0.051548 0.0518207 0.0520995 0.0523717 0.0526057 0.0528314 0.0530501 0.0532601 0.0534458 0.0536234 0.0537857 0.0539532 0.0540932 0.0542202 0.0543458 0.0544748 0.0545641 0.0546564 0.0547548 0.054836 0.0548852 0.0549578 0.0550198 0.0550535 0.0550811 0.055131 0.0551462 0.0551472 0.0551601 0.0551726 0.0551442 0.0551272 0.0551143 0.0550805 0.0550224 0.0549855 0.0549308 0.0548576 0.0547752 0.0547021 0.0546046 0.0545002 0.0543807 0.0542636 0.0541329 0.0539863 0.0538194 0.0536661 0.0534957 0.0532918 0.0530867 0.0528905 0.0526646 0.0524114 0.0521656 0.0519051 0.0516306 0.0513304 0.0510209 0.0506998 0.050378 0.0500145 0.0496423 0.0492646 0.0488749 0.0484638 0.0480334 0.047589 0.0471513 0.0467178 0.0462465 0.0457947 0.0453744 0.044994 0.0446555 0.0444026 0.0442615 0.044289 0.044526 0.04498 0.0456847 0.0466269 0.0478016 0.0490962 0.0503848 0.0514865 0.0521749 0.052228 0.0514137 0.0495286 0.0464263 0.0420975 0.0365743 0.0300645 0.0228483 0.0152498 0.00770344 0.000573023 -0.0057766 -0.0110634 -0.0151157 -0.0178537 -0.0192991 -0.0195607 -0.0188273 -0.0173002 -0.0152456 -0.0128864 -0.0104272 -0.00805814 -0.0058695 -0.00395988 -0.00235572 -0.00105392 -5.77467e-05 0.000678387 0.00117887 0.00148561 0.00163817 0.0016663 0.00160697 0.00148263 0.0013164 0.00112304 0.000914177 
0 0.000661026 0.00132661 0.00206417 0.00284939 0.0037454 0.00478628 0.0059761 0.00740987 0.0090837 0.0110613 0.013402 0.0160905 0.0192015 0.0226986 0.0265489 0.0307062 0.0350048 0.039305 0.0433743 0.0469596 0.0498142 0.0516875 0.0523778 0.0517436 0.0497519 0.0464216 0.0419527 0.0365981 0.0306919 0.0246831 0.0189257 0.0138311 0.00970983 0.00677047 0.00514166 0.00481474 0.00567801 0.00751812 0.0101463 0.0132753 0.0166952 0.0202014 0.0235805 0.0267315 0.0295916 0.032156 0.0343995 0.0363749 0.038067 0.0395303 0.0408441 0.0420294 0.0430897 0.0440275 0.0449039 0.0457061 0.0464684 0.0471724 0.0478251 0.0484145 0.0489854 0.049541 0.0500388 0.0504932 0.0509293 0.0513641 0.0517477 0.0521069 0.0524413 0.0527811 0.0530836 0.0533604 0.0536214 0.0538894 0.0541245 0.0543342 0.0545443 0.0547486 0.0549293 0.0550904 0.0552555 0.0554066 0.0555483 0.0556677 0.0557932 0.0559076 0.0560146 0.0560974 0.0561967 0.0562814 0.0563538 0.0564138 0.0564943 0.0565472 0.0565942 0.0566431 0.0567006 0.0567242 0.0567596 0.0567966 0.0568255 0.0568305 0.0568598 0.0568751 0.056878 0.056874 0.05689 0.056877 0.0568622 0.0568475 0.0568389 0.0568001 0.0567695 0.0567336 0.0566964 0.0566352 0.0565793 0.0565161 0.0564512 0.0563611 0.0562704 0.0561822 0.056082 0.0559547 0.055828 0.0557107 0.0555645 0.0553996 0.0552304 0.0550736 0.0548831 0.0546742 0.0544489 0.0542487 0.0540176 0.05375 0.053466 0.0532119 0.0529369 0.0526147 0.0522818 0.0519591 0.0516428 0.0512967 0.050957 0.0506113 0.0503074 0.0500524 0.0498683 0.0497445 0.0497568 0.0499728 0.0503884 0.0510466 0.0519495 0.0531028 0.0544419 0.0559099 0.0573087 0.0584455 0.0591233 0.0590728 0.0580804 0.0559336 0.0525087 0.0477465 0.0417729 0.0347602 0.0269972 0.0188891 0.0107888 0.0031459 -0.00368176 -0.00940709 -0.0138216 -0.0168479 -0.0185082 -0.0189209 -0.0182497 -0.01676 -0.0146696 -0.0122393 -0.00971048 -0.00721714 -0.00494659 -0.00294561 -0.00126014 6.89422e-05 0.00110933 0.00184156 0.00232442 0.00261109 0.00270553 0.00268862 0.00256548 0.00236992 0.00214553 0.00187572 0.00160391 
0 0.000847277 0.00173845 0.00264839 0.00366593 0.00477912 0.00603482 0.00750151 0.00917202 0.0111461 0.0134386 0.0160905 0.0191657 0.0226397 0.0265394 0.0308075 0.0353489 0.0400493 0.0447016 0.0490861 0.0529465 0.0560115 0.0580301 0.0587999 0.0581728 0.0560949 0.0526409 0.0479684 0.042369 0.0362172 0.0298986 0.0238419 0.018431 0.0139738 0.0107289 0.00882893 0.00826386 0.00893933 0.010671 0.0131957 0.0163076 0.0197712 0.023328 0.0268245 0.0300952 0.0330565 0.0357054 0.0380434 0.040051 0.0417679 0.0432536 0.0445309 0.0456625 0.0466541 0.0475328 0.0483055 0.0490311 0.0497054 0.050295 0.0508195 0.0513276 0.0518215 0.0522407 0.0526262 0.052984 0.0533402 0.053655 0.0539432 0.054197 0.054454 0.0546919 0.0549021 0.0550918 0.0552734 0.0554513 0.0556036 0.0557463 0.0558711 0.0560066 0.0561133 0.0562177 0.0563054 0.0564076 0.0564791 0.0565562 0.0566194 0.0566943 0.0567427 0.0568011 0.056848 0.0569033 0.0569379 0.0569843 0.0570216 0.0570637 0.0570911 0.057132 0.0571631 0.057197 0.0572228 0.0572613 0.0572866 0.0573173 0.0573437 0.057379 0.0573989 0.0574295 0.0574538 0.0574843 0.0574983 0.0575275 0.0575456 0.0575686 0.0575737 0.0575984 0.0576055 0.0576156 0.0576089 0.057624 0.0576137 0.0576056 0.0575849 0.0575807 0.0575493 0.0575193 0.0574777 0.0574443 0.0573938 0.0573327 0.0572629 0.0571954 0.0571201 0.0570213 0.0569231 0.0568087 0.056697 0.0565674 0.056431 0.0562612 0.0561113 0.0559478 0.0557612 0.0555594 0.0553764 0.0551901 0.0549854 0.054805 0.0546698 0.0545927 0.0545581 0.0546441 0.0548782 0.0553082 0.0559777 0.0568874 0.0580223 0.0594039 0.0609867 0.0626126 0.0641464 0.0653505 0.0659856 0.0658446 0.0646839 0.0622932 0.0585563 0.053447 0.04705 0.039603 0.031404 0.0228204 0.0142848 0.00620062 -0.00104902 -0.00714636 -0.011893 -0.015197 -0.0170701 -0.0176284 -0.0170681 -0.0156059 -0.0135176 -0.0110604 -0.00844474 -0.0059013 -0.00354029 -0.00146638 0.000251641 0.00164251 0.00267154 0.00340185 0.00386922 0.00408752 0.00415089 0.00405098 0.00385385 0.0035956 0.00326745 0.00293953 0.0025779 
0 0.00108777 0.00220361 0.00337099 0.00462953 0.00600177 0.00754042 0.00927764 0.0112632 0.013553 0.0161769 0.0192015 0.0226397 0.0265161 0.0308228 0.0354895 0.0404444 0.0455162 0.0505116 0.0551945 0.0592874 0.0625251 0.0646581 0.0654718 0.0648237 0.062685 0.059086 0.0542442 0.0484356 0.0420165 0.0354441 0.02908 0.0233514 0.0185744 0.01499 0.0127613 0.0118898 0.0122943 0.0137816 0.0161522 0.0191474 0.0225507 0.0261094 0.0296215 0.0329316 0.035946 0.0386647 0.0410252 0.0430649 0.0447773 0.0462087 0.0474309 0.0485025 0.0494073 0.0501724 0.0508534 0.0514365 0.0519799 0.0524612 0.0528872 0.0532493 0.0535932 0.053903 0.054191 0.0544312 0.0546411 0.0548542 0.0550389 0.0551939 0.0553322 0.0554743 0.0555801 0.0556887 0.0557741 0.0558581 0.0559252 0.0559948 0.0560373 0.0560908 0.0561319 0.0561649 0.0561901 0.0562229 0.0562405 0.0562571 0.056277 0.0562896 0.0562998 0.0563144 0.0563278 0.0563324 0.0563502 0.0563638 0.0563758 0.0563883 0.056416 0.05643 0.0564519 0.0564791 0.0565136 0.0565348 0.0565744 0.056614 0.0566547 0.0566913 0.0567476 0.0567945 0.0568448 0.0568997 0.0569638 0.0570165 0.0570804 0.0571465 0.0572094 0.057273 0.0573449 0.0574095 0.0574723 0.0575467 0.0576104 0.057672 0.057737 0.0578071 0.0578565 0.0579202 0.0579731 0.0580302 0.058074 0.0581239 0.0581545 0.0582084 0.0582377 0.0582543 0.0582748 0.0583141 0.0583199 0.0583105 0.0583082 0.0583121 0.0583161 0.058279 0.0582415 0.0582206 0.0582168 0.0581832 0.058176 0.0581731 0.0582252 0.0583615 0.0585751 0.0588892 0.0593755 0.0600879 0.0610284 0.0622395 0.0636736 0.0653405 0.0671503 0.068984 0.0706489 0.0719102 0.0725541 0.0723283 0.0710142 0.0684044 0.0644012 0.0589615 0.0522401 0.0444456 0.0358798 0.0269619 0.0180524 0.00961521 0.00202852 -0.00439572 -0.0094189 -0.0129572 -0.0150223 -0.0157274 -0.0152587 -0.0138677 -0.0117928 -0.0093174 -0.00667332 -0.00405313 -0.00164042 0.000492905 0.00226503 0.00366576 0.00471206 0.00541714 0.00584416 0.00602018 0.00600458 0.00583808 0.00555648 0.00520369 0.00479536 0.00436543 0.00391745 
0 0.00136625 0.00276538 0.00421498 0.00576558 0.00743523 0.00927985 0.0113389 0.0136558 0.0162976 0.01929 0.0226986 0.0265394 0.0308228 0.0355405 0.0406096 0.0459428 0.0513606 0.0566576 0.0615919 0.0658796 0.069257 0.071467 0.0722986 0.0716105 0.0693722 0.0656336 0.0606117 0.0545964 0.0479496 0.0411176 0.0344638 0.0284095 0.0232739 0.0193087 0.0166992 0.015452 0.0155082 0.0166877 0.0187875 0.0215726 0.0248223 0.0282843 0.0317527 0.0350587 0.0380769 0.0407961 0.04315 0.0451646 0.0468469 0.0482321 0.0493807 0.0503421 0.0511287 0.0517759 0.0523338 0.0527896 0.0531985 0.0535337 0.053814 0.0540594 0.0542823 0.0544545 0.0546059 0.0547339 0.0548324 0.0549282 0.0549946 0.0550444 0.0550847 0.0551215 0.055126 0.0551451 0.0551441 0.0551318 0.0551169 0.0551099 0.0550759 0.0550489 0.0550228 0.054989 0.0549526 0.0549203 0.0548809 0.0548461 0.0548185 0.0547767 0.0547449 0.054725 0.0546992 0.0546635 0.0546581 0.0546482 0.0546294 0.054622 0.0546417 0.0546387 0.0546452 0.0546733 0.0547081 0.054722 0.0547673 0.0548224 0.0548696 0.0549155 0.0549978 0.0550679 0.0551357 0.0552211 0.055325 0.0554081 0.0555076 0.055622 0.0557341 0.0558408 0.0559681 0.0560928 0.0562173 0.0563516 0.0564851 0.0566191 0.0567634 0.0569064 0.0570388 0.0571933 0.0573395 0.057481 0.0576267 0.0577858 0.0579202 0.058075 0.0582241 0.0583695 0.0585112 0.0586659 0.0588032 0.0589521 0.0590965 0.0592299 0.0593787 0.0595231 0.0596613 0.0598075 0.0599744 0.0601301 0.0603281 0.0605488 0.0608323 0.0612004 0.0616668 0.062265 0.0630643 0.0640968 0.065372 0.0669152 0.0686708 0.0706438 0.0727268 0.0747773 0.0765918 0.0779293 0.0785606 0.0782574 0.0768044 0.0740072 0.0697859 0.0641039 0.0571261 0.0490721 0.0402525 0.0310805 0.0219265 0.0132439 0.00541288 -0.00124478 -0.00649274 -0.0102305 -0.0124671 -0.0133085 -0.0129369 -0.0116029 -0.00954705 -0.00705848 -0.00437378 -0.00170119 0.000773275 0.00296112 0.00477233 0.00620071 0.00724893 0.00793765 0.00832813 0.00844539 0.00836014 0.00810769 0.00773385 0.0072857 0.00677722 0.00625238 0.00570815 
0 0.00168069 0.00341377 0.00517378 0.0070633 0.00907077 0.0112505 0.0136798 0.0163497 0.0193718 0.0227572 0.0265489 0.0308075 0.0354895 0.0406096 0.0460741 0.0517556 0.0574981 0.0630582 0.0681949 0.0726216 0.0760764 0.0782984 0.0790918 0.0783296 0.0759553 0.0720795 0.0668734 0.0606485 0.053791 0.0466846 0.0397507 0.0333667 0.0278594 0.0234905 0.0204473 0.018752 0.0183593 0.0191452 0.0208708 0.0233646 0.026379 0.0296564 0.0330049 0.0362346 0.0392159 0.0418931 0.0442352 0.0462012 0.0478327 0.0491549 0.0502168 0.0510669 0.0517348 0.0522718 0.0526817 0.0530057 0.0532676 0.0534715 0.0536098 0.0537321 0.0538192 0.0538579 0.0538903 0.0539056 0.0538965 0.053867 0.0538348 0.0537836 0.0537386 0.053666 0.0535884 0.0535209 0.0534472 0.0533459 0.0532601 0.0531828 0.0530849 0.0529889 0.0528999 0.052813 0.0527209 0.0526362 0.0525427 0.0524714 0.052396 0.0523159 0.0522417 0.0521996 0.0521333 0.0520737 0.0520397 0.0520177 0.0519673 0.0519519 0.0519548 0.0519475 0.0519352 0.0519705 0.0519971 0.052016 0.052058 0.0521324 0.0521787 0.0522428 0.0523369 0.052435 0.0525117 0.0526308 0.0527591 0.0528778 0.0530002 0.0531629 0.0533102 0.053462 0.0536288 0.0538134 0.0539856 0.0541758 0.0543662 0.0545696 0.0547781 0.054987 0.0551944 0.0554283 0.0556591 0.0558751 0.056115 0.0563671 0.0566084 0.0568487 0.0571117 0.0573686 0.0576397 0.0579009 0.058169 0.0584541 0.0587494 0.0590224 0.0593193 0.0596355 0.0599422 0.0602674 0.0606156 0.0609859 0.0613814 0.0618382 0.0623628 0.0629935 0.0637401 0.0646593 0.0657919 0.067156 0.0688009 0.0707009 0.0728185 0.0751136 0.0774865 0.0797421 0.0817068 0.0831323 0.083759 0.0834073 0.0818356 0.0788864 0.0744834 0.0686348 0.061479 0.0532681 0.0443187 0.0349894 0.0257131 0.0168799 0.00889294 0.00209087 -0.00331326 -0.00718634 -0.00954413 -0.0104821 -0.0101914 -0.00889351 -0.00685595 -0.00435373 -0.00161266 0.00110479 0.00366207 0.00591671 0.00777361 0.00925383 0.0103006 0.0109871 0.01135 0.011407 0.0112713 0.010932 0.0104727 0.00993588 0.00931488 0.00869693 0.00804333 
0 0.00204806 0.00411306 0.00626417 0.00849629 0.0108748 0.0134441 0.0162255 0.0193076 0.0227103 0.026492 0.0307062 0.0353489 0.0404444 0.0459428 0.0517556 0.0577607 0.0637635 0.0695317 0.0748094 0.0793189 0.0827782 0.084969 0.0856706 0.0847679 0.0822578 0.0781837 0.0727945 0.0663728 0.0592721 0.0519276 0.0446986 0.0379718 0.0320807 0.0272831 0.023747 0.0215552 0.0206644 0.0209396 0.0222483 0.0243525 0.0270358 0.0300739 0.0332345 0.036328 0.03923 0.0418607 0.0441264 0.0460538 0.0476337 0.0488796 0.0498548 0.0506106 0.051168 0.0515709 0.0518811 0.0520716 0.0521899 0.0522632 0.0523122 0.0523055 0.0522527 0.0521893 0.0521291 0.0520463 0.051921 0.0518049 0.0516817 0.0515607 0.0514197 0.0512739 0.0511189 0.0509901 0.0508432 0.0506807 0.0505309 0.0503972 0.0502494 0.0500962 0.0499592 0.0498241 0.0496973 0.04956 0.0494364 0.0493238 0.049224 0.0491015 0.0490108 0.0489336 0.0488537 0.0487628 0.0487213 0.0486727 0.0486192 0.0485819 0.0485854 0.0485613 0.0485545 0.0485767 0.0486124 0.0486238 0.0486795 0.0487493 0.0488141 0.048879 0.0489955 0.0490982 0.0492025 0.0493306 0.0494917 0.0496244 0.049783 0.0499651 0.0501566 0.050331 0.0505432 0.0507617 0.0509866 0.0512095 0.0514573 0.0517101 0.0519761 0.0522355 0.0525102 0.0528079 0.0531048 0.0533945 0.0537051 0.0540406 0.0543616 0.0546975 0.0550407 0.0554015 0.0557657 0.0561514 0.056524 0.0569206 0.0573364 0.0577681 0.0581984 0.0586415 0.0591194 0.0596241 0.0601465 0.0606941 0.0613236 0.0620015 0.0627678 0.0636682 0.0647292 0.0659647 0.0674437 0.0691924 0.0711948 0.0734765 0.0759713 0.0785992 0.081234 0.083722 0.0858217 0.0873056 0.0879609 0.0875345 0.0858624 0.0827977 0.078268 0.0723068 0.0650795 0.0568087 0.0478104 0.0384792 0.0291628 0.020307 0.0122879 0.00541196 -4.91455e-05 -0.00400342 -0.00643637 -0.00743667 -0.00718628 -0.00591173 -0.00386105 -0.00130817 0.00148457 0.00430839 0.00694816 0.00929164 0.0112519 0.0127679 0.0138804 0.0145775 0.0149205 0.0149749 0.0147591 0.0143719 0.0138329 0.0131896 0.0125046 0.0117642 0.0110282 
0 0.00242645 0.00489195 0.00741218 0.0100416 0.0128115 0.0157593 0.0189516 0.0224172 0.0262197 0.0304091 0.0350048 0.0400493 0.0455162 0.0513606 0.0574981 0.0637635 0.069974 0.0758857 0.0812301 0.08574 0.0891538 0.091225 0.0917812 0.0907132 0.0879848 0.0837315 0.0781285 0.0714886 0.0641898 0.0565789 0.0490748 0.0420131 0.0357231 0.0304646 0.0264232 0.0236798 0.0222128 0.0219645 0.0227427 0.0243946 0.026691 0.029403 0.0323199 0.0352578 0.0380583 0.0405839 0.042814 0.0446716 0.0461974 0.0474105 0.0483336 0.0489871 0.0494464 0.0497722 0.0499602 0.0500666 0.0500835 0.0500532 0.0499678 0.0498843 0.0497629 0.0496082 0.0494362 0.0492765 0.049109 0.0489086 0.0487146 0.0485235 0.0483436 0.0481283 0.0479316 0.0477378 0.0475576 0.0473451 0.0471576 0.046975 0.0468006 0.0466085 0.0464361 0.0462735 0.0461174 0.0459542 0.0458026 0.0456742 0.0455442 0.0454128 0.0452972 0.0452107 0.0451079 0.0450194 0.0449528 0.0449046 0.0448368 0.0448054 0.0447869 0.0447746 0.0447576 0.044787 0.0448093 0.0448408 0.0448867 0.0449686 0.0450301 0.0451185 0.0452269 0.0453509 0.0454601 0.0456119 0.0457726 0.0459363 0.0461039 0.0463129 0.0465176 0.0467268 0.0469543 0.0472086 0.0474593 0.047716 0.0479956 0.0482912 0.0485921 0.0488895 0.0492178 0.0495573 0.0499054 0.0502409 0.0506209 0.0510059 0.0514003 0.0517808 0.0522118 0.0526526 0.0531005 0.0535348 0.0540184 0.0545348 0.0550491 0.0555587 0.0561065 0.056715 0.057327 0.0579651 0.0586349 0.0593866 0.0601922 0.0611079 0.0621208 0.0632704 0.0646126 0.0661983 0.0680348 0.0701318 0.0725348 0.0751721 0.0780225 0.0809692 0.0838778 0.0865443 0.0887721 0.0903196 0.0909419 0.0904712 0.0887042 0.0855466 0.0809411 0.0749521 0.0677117 0.0594759 0.0505599 0.0412866 0.0320856 0.0233068 0.0153401 0.00851795 0.00305173 -0.000908476 -0.0033541 -0.00437155 -0.00412233 -0.00281583 -0.000723479 0.00190643 0.00481423 0.00774533 0.0105351 0.013009 0.0150856 0.0167283 0.0179054 0.0186715 0.0190497 0.0190952 0.0188835 0.018446 0.017858 0.0171608 0.0163837 0.0155804 0.0147524 
0 0.00282627 0.00567603 0.00860379 0.0116181 0.0147835 0.0181304 0.0217047 0.0255724 0.0297572 0.03433 0.039305 0.0447016 0.0505116 0.0566576 0.0630582 0.0695317 0.0758857 0.0818719 0.0872154 0.0916634 0.094937 0.0968336 0.0971756 0.0958706 0.0929262 0.088445 0.0826387 0.0758002 0.0682809 0.0604345 0.0526559 0.0452646 0.0385892 0.0328879 0.0283118 0.024996 0.0229232 0.0220567 0.0222814 0.0234238 0.0252778 0.0276304 0.0302663 0.0329896 0.03566 0.0381117 0.0402856 0.0421194 0.0436234 0.0448071 0.0456844 0.0463055 0.0467187 0.0469793 0.0471091 0.0471439 0.0470705 0.0469715 0.0468537 0.0466968 0.0464892 0.0462774 0.0460747 0.0458689 0.0456433 0.0453925 0.0451685 0.0449505 0.044726 0.0444794 0.0442568 0.0440363 0.0438263 0.0435981 0.0433831 0.0431801 0.0429889 0.0427819 0.0425892 0.0424156 0.0422447 0.04207 0.0419108 0.0417709 0.0416297 0.0414965 0.0413766 0.0412769 0.0411741 0.0410876 0.0410135 0.0409581 0.0408995 0.0408655 0.0408406 0.0408312 0.0408239 0.0408455 0.0408691 0.0409097 0.0409596 0.0410349 0.0411075 0.0412041 0.041312 0.0414377 0.0415637 0.0417187 0.0418817 0.042058 0.0422407 0.0424522 0.0426693 0.0428962 0.0431356 0.0434024 0.0436728 0.0439474 0.044245 0.0445654 0.0448856 0.0452088 0.045566 0.0459343 0.0463077 0.0466849 0.0470953 0.0475151 0.0479544 0.0483863 0.0488513 0.0493401 0.0498506 0.0503543 0.0508936 0.0514598 0.0520575 0.0526752 0.0533084 0.0539848 0.0547173 0.0554903 0.056293 0.057193 0.0581774 0.059276 0.0605028 0.0619145 0.0635452 0.0654387 0.0675999 0.0700504 0.0727984 0.0757942 0.0789875 0.0822141 0.0853339 0.0881539 0.0904614 0.0920264 0.0926395 0.0920906 0.0902361 0.0870078 0.0823534 0.0763827 0.0692209 0.0611096 0.0523546 0.0432755 0.0342549 0.0256584 0.0178519 0.0111443 0.00578146 0.00188189 -0.000514934 -0.00148723 -0.00119288 0.000181041 0.00236419 0.00511934 0.00817126 0.0112838 0.0142603 0.0169228 0.0191928 0.0209901 0.0223192 0.0231994 0.0236599 0.02378 0.0235922 0.0231776 0.0225837 0.0218541 0.021052 0.0201863 0.0193065 
0 0.00320967 0.00643274 0.00974966 0.0131382 0.0166827 0.02041 0.0243482 0.0285899 0.0331311 0.0380551 0.0433743 0.0490861 0.0551945 0.0615919 0.0681949 0.0748094 0.0812301 0.0872154 0.0924801 0.0967919 0.0998682 0.101534 0.101622 0.100045 0.0968519 0.0921248 0.0861052 0.0790721 0.0713526 0.063302 0.0552743 0.047584 0.0405368 0.0343929 0.0292924 0.0253977 0.022717 0.0212267 0.0208691 0.0214594 0.0228328 0.0247849 0.0271143 0.0296292 0.0321656 0.0345446 0.0366716 0.0384974 0.0400064 0.0412198 0.0421143 0.0427377 0.0431401 0.0433765 0.0434941 0.0435115 0.0434208 0.0432821 0.0431325 0.0429445 0.0427323 0.0425037 0.0422685 0.0420396 0.0418081 0.0415523 0.0413096 0.0410803 0.0408399 0.0405975 0.0403649 0.0401347 0.0399129 0.0396923 0.0394672 0.0392599 0.0390649 0.0388601 0.0386647 0.0384915 0.0383176 0.0381457 0.0379937 0.0378496 0.0377094 0.0375853 0.0374722 0.037364 0.0372726 0.0371946 0.0371212 0.0370619 0.0370212 0.036987 0.0369615 0.036956 0.0369638 0.0369767 0.037005 0.0370531 0.0371091 0.0371737 0.0372587 0.0373588 0.0374646 0.0375857 0.0377273 0.0378774 0.0380377 0.0382184 0.0384123 0.0386145 0.0388362 0.0390718 0.0393152 0.0395791 0.0398599 0.0401424 0.0404448 0.0407733 0.0411013 0.041438 0.0418075 0.0421879 0.0425682 0.0429724 0.0433977 0.0438343 0.0442875 0.0447518 0.0452387 0.0457594 0.0462874 0.0468221 0.0474065 0.0480214 0.0486504 0.049308 0.0500069 0.0507542 0.0515682 0.0524128 0.0533118 0.0543282 0.055466 0.0567272 0.0581449 0.0597675 0.0616466 0.0638305 0.0662998 0.0690769 0.072137 0.0754407 0.0789071 0.0823686 0.0856535 0.088576 0.0909147 0.0924431 0.0929883 0.0923299 0.090382 0.0870904 0.0824301 0.0765213 0.0694909 0.061571 0.0530502 0.0442535 0.0355133 0.0272016 0.0196482 0.0131426 0.00794838 0.00416658 0.00187093 0.000989259 0.00138248 0.00287263 0.00519888 0.00813346 0.0113836 0.0147325 0.0179543 0.0208725 0.0234044 0.0254364 0.0269959 0.0280689 0.0286909 0.0289518 0.0288574 0.0285243 0.0279819 0.0272802 0.026504 0.0256346 0.0247514 
