0 0 0 0 0 0 0 0 0 0 0 0 0 0 0 0 0 0 0 0 0 0 0 0 0 0 0 0 0 0 0 0 0 0 0 0 0 0 0 0 0 0 0 0 0 0 0 0 0 0 0 0 0 0 0 0 0 0 0 0 0 0 0 0 0 0 0 0 0 0 0 0 0 0 0 0 0 0 0 0 0 0 0 0 0 0 0 0 0 0 0 0 0 0 0 0 0 0 0 0 0 0 0 0 0 0 0 0 0 0 0 0 0 0 0 0 0 0 0 0 0 0 0 0 0 0 0 0 0 0 0 0 0 0 0 0 0 0 0 0 0 0 0 0 0 0 0 0 0 0 0 0 0 0 0 0 0 0 0 0 0 0 0 0 0 0 0 0 0 0 0 0 0 0 0 0 0 0 0 0 0 0 0 0 0 0 0 0 0 0 0 0 0 0 0 0 0 0 0 0 
0 2.20811e-06 -1.83565e-06 6.70468e-06 4.40248e-07 2.46897e-06 3.65177e-06 -1.36433e-06 5.8734e-06 4.31863e-06 1.36588e-05 2.22061e-05 3.54557e-05 5.88635e-05 8.24063e-05 0.000131043 0.000182304 0.000265018 0.00037356 0.000500539 0.000682701 0.000881863 0.00113269 0.00142915 0.00175159 0.00212392 0.0025074 0.00288842 0.00324025 0.0035298 0.00371057 0.00377589 0.00369664 0.00344366 0.00305848 0.00250342 0.0018211 0.00105773 0.00023815 -0.000557034 -0.00127544 -0.00187392 -0.00233733 -0.00263448 -0.00278216 -0.00278244 -0.00264791 -0.00241606 -0.00212948 -0.00183914 -0.00153815 -0.00126093 -0.00101251 -0.00078707 -0.00060387 -0.000479549 -0.000372038 -0.000258984 -0.000175658 -0.000114156 -6.74226e-05 -1.54404e-05 4.10284e-05 8.90652e-05 0.000118871 0.000155206 0.000198111 0.000233808 0.000269645 0.000298665 0.000325837 0.000361172 0.000398398 0.000417397 0.000441999 0.000476404 0.000503973 0.000523398 0.000547819 0.000572758 0.000596339 0.000619459 0.000635302 0.000654784 0.00068028 0.000698145 0.00070585 0.000727731 0.000749901 0.000757611 0.000765124 0.000788574 0.000800515 0.000802165 0.000813655 0.000832231 0.000833178 0.000834896 0.000848278 0.000857009 0.000850878 0.000855973 0.000866345 0.000863962 0.000856153 0.000864451 0.000866652 0.000855743 0.000851143 0.000858643 0.000849869 0.000836804 0.000836297 0.000836711 0.000820627 0.000811175 0.000809021 0.000800895 0.000786488 0.000777879 0.000768536 0.000760027 0.000750249 0.000734097 0.000723323 0.000720652 0.00070844 0.000687878 0.00068389 0.000679713 0.000666971 0.00065517 0.000650291 0.000642673 0.000643153 0.000641002 0.000632867 0.000635268 0.000645761 0.000660045 0.000675326 0.000693531 0.000722011 0.000792496 0.000870453 0.000952694 0.00107764 0.00125554 0.00146332 0.00170048 0.00196731 0.00223254 0.00249437 0.00271327 0.00286148 0.00288471 0.00276581 0.00250298 0.00207705 0.00150612 0.000817578 4.69388e-05 -0.000771506 -0.00154324 -0.00225048 -0.00284515 -0.00327488 -0.0035685 -0.00369488 -0.00367194 -0.0035252 -0.00327728 -0.00295005 -0.00258986 -0.0022214 -0.00185051 -0.00152925 -0.00122937 -0.000975826 -0.000771387 -0.000589123 -0.000456644 -0.000342304 -0.000258843 -0.000196321 -0.000148886 -0.000122438 -9.63526e-05 -9.11435e-05 -7.85777e-05 -7.44704e-05 -7.62056e-05 -6.36859e-05 -7.16972e-05 -6.33286e-05 -6.19293e-05 -6.94012e-05 -5.86962e-05 -6.9431e-05 -6.50626e-05 
0 -1.83565e-06 -6.27263e-07 -1.17826e-06 -3.41331e-06 4.33967e-06 3.98159e-06 8.36229e-06 1.82546e-05 1.62762e-05 3.18428e-05 4.53238e-05 6.44866e-05 0.000113224 0.00016539 0.000252888 0.000379034 0.000530363 0.000747603 0.00102006 0.00134998 0.00177855 0.00227458 0.00285486 0.00353233 0.00424646 0.00501441 0.00577253 0.00645755 0.00703405 0.00740689 0.00754122 0.00737229 0.00689946 0.00610002 0.00499603 0.00366155 0.00212172 0.000514086 -0.00106342 -0.0025016 -0.00371958 -0.00462563 -0.0052285 -0.00553441 -0.00550316 -0.00526064 -0.00481643 -0.00425246 -0.0036456 -0.00306112 -0.00249444 -0.00198094 -0.0015614 -0.00119801 -0.000919343 -0.000666208 -0.000487536 -0.000324853 -0.000184716 -6.17007e-05 2.27744e-05 0.000122431 0.000229399 0.000296226 0.000373915 0.000442022 0.000528528 0.00058994 0.000662491 0.000703319 0.000786824 0.000849183 0.000900751 0.000943057 0.00101714 0.00106936 0.00111295 0.00116274 0.00121136 0.00126397 0.00130527 0.00134651 0.00137838 0.00143885 0.00146494 0.00149539 0.00152669 0.00158297 0.00158795 0.00161872 0.00165005 0.00168822 0.0016808 0.00171758 0.00173886 0.00175672 0.00174812 0.00178679 0.00178973 0.00179391 0.00178992 0.00182203 0.00180436 0.0018044 0.00180462 0.00182138 0.0017876 0.00179198 0.00178973 0.00178608 0.00174776 0.0017575 0.00174298 0.0017242 0.00169289 0.00169669 0.00166952 0.00164912 0.00162285 0.00160884 0.00158618 0.00156684 0.00153444 0.00151021 0.00150595 0.0014742 0.00144229 0.00142213 0.0014251 0.00138642 0.00137317 0.00134877 0.00135388 0.00134113 0.00133579 0.00130963 0.00133692 0.00136206 0.00136387 0.00138396 0.0014425 0.00153365 0.0016253 0.0017684 0.00194796 0.00222837 0.00255169 0.00296664 0.00344248 0.00395069 0.00448376 0.0050177 0.00545724 0.00570533 0.00576773 0.00551981 0.00498523 0.00415225 0.00302072 0.00163374 8.46759e-05 -0.00151839 -0.00308695 -0.00447328 -0.005644 -0.00652555 -0.00710277 -0.00736568 -0.00733052 -0.0070457 -0.00652912 -0.00589572 -0.00516931 -0.00441919 -0.00371676 -0.00304648 -0.00246129 -0.00196099 -0.00152619 -0.00118005 -0.000905206 -0.00068008 -0.000522604 -0.000401888 -0.000306523 -0.000253751 -0.000202991 -0.000171797 -0.000159169 -0.000137654 -0.000137438 -0.000135782 -0.000129434 -0.000138282 -0.000133854 -0.000132237 -0.000137914 -0.000129024 -0.000131416 
0 6.70468e-06 -1.17826e-06 1.08739e-05 2.72512e-06 6.47797e-06 8.8066e-06 3.49524e-06 1.77076e-05 2.00863e-05 4.36771e-05 6.97868e-05 0.000110232 0.000177703 0.000257644 0.000396061 0.000563788 0.000808379 0.00113235 0.00152789 0.00205662 0.00267055 0.00342033 0.004301 0.00528039 0.00637727 0.00751901 0.00864954 0.00968702 0.010539 0.0110836 0.0112738 0.0110325 0.0103013 0.00913919 0.00750312 0.00549403 0.00322836 0.000820362 -0.00152857 -0.00366098 -0.0054478 -0.00682187 -0.00772079 -0.00816828 -0.00817271 -0.00779398 -0.0071257 -0.00628802 -0.00541141 -0.00451968 -0.00368375 -0.00292801 -0.00225888 -0.00170704 -0.00130027 -0.000953711 -0.000628797 -0.000371284 -0.000169462 -8.71837e-06 0.000150415 0.000317039 0.00046666 0.00057369 0.000689811 0.000815496 0.000932416 0.00104264 0.00113878 0.00122764 0.00133704 0.00144527 0.00151744 0.0015976 0.00169845 0.00178512 0.00185318 0.0019297 0.00200639 0.00208241 0.00215231 0.0022088 0.00226995 0.0023458 0.00240027 0.00243725 0.00249849 0.0025631 0.00259291 0.00262547 0.00268518 0.00272458 0.00273797 0.00277397 0.00281932 0.00283194 0.0028411 0.00287625 0.00289725 0.00289104 0.00290255 0.00292712 0.00292126 0.00290731 0.00292087 0.00292479 0.0028974 0.00288583 0.00289372 0.00287173 0.00283583 0.00282886 0.0028192 0.0027788 0.00274653 0.00273342 0.00270414 0.00266332 0.00263057 0.00260078 0.00256901 0.00253436 0.00248633 0.00245116 0.0024311 0.00239037 0.00233423 0.00231054 0.00229075 0.00224972 0.00221213 0.00218794 0.00216676 0.00215645 0.00214222 0.00211727 0.00212351 0.0021482 0.00217863 0.00221615 0.00227632 0.00237492 0.00255944 0.00278202 0.00304372 0.00342501 0.00393972 0.00455485 0.00525726 0.00603298 0.00681573 0.00757753 0.00820743 0.00860684 0.00865532 0.00828309 0.00747522 0.00619932 0.00449542 0.00243791 0.000140355 -0.00227102 -0.00457585 -0.00666829 -0.00842363 -0.00972172 -0.0105893 -0.0109752 -0.0109202 -0.0104914 -0.00975554 -0.00879816 -0.00773003 -0.00663083 -0.0055473 -0.00457508 -0.00368931 -0.00293361 -0.0023091 -0.00177532 -0.00136815 -0.00103121 -0.00078095 -0.000594059 -0.000454073 -0.000368364 -0.000296744 -0.000267404 -0.000236588 -0.000221103 -0.000219132 -0.00019813 -0.000207103 -0.000194655 -0.000191981 -0.000201251 -0.000185825 -0.000202237 -0.000196145 
0 4.40248e-07 -3.41331e-06 2.72512e-06 1.88241e-06 7.42447e-06 1.20714e-05 1.59886e-05 3.01758e-05 3.81123e-05 6.32116e-05 9.73075e-05 0.000147279 0.000236291 0.000352883 0.000530204 0.000773882 0.00109472 0.00152614 0.00207006 0.00275246 0.00359189 0.00458944 0.00575465 0.00707681 0.00851443 0.0100241 0.0115144 0.0128743 0.0139914 0.0147231 0.0149744 0.0146498 0.0137087 0.0121502 0.00999931 0.00736704 0.00437624 0.00122575 -0.00186183 -0.00468028 -0.00706003 -0.00887242 -0.0100787 -0.0106812 -0.010685 -0.0102109 -0.00935656 -0.00826601 -0.00708598 -0.00590956 -0.00478638 -0.00376625 -0.00288765 -0.00215048 -0.00156425 -0.00106626 -0.000656003 -0.000309873 -1.8579e-05 0.000227342 0.000438155 0.000653563 0.000859954 0.00102361 0.00118619 0.00134804 0.00151491 0.00166366 0.00180406 0.00192682 0.00207877 0.00221801 0.00233201 0.00244316 0.00257848 0.00269659 0.00279879 0.00290394 0.00300976 0.00311614 0.00321084 0.0032961 0.00338033 0.00348229 0.00355555 0.00362016 0.00369665 0.00378337 0.00382815 0.0038836 0.00395151 0.00401013 0.00403394 0.00408615 0.00413473 0.00416342 0.004177 0.00422195 0.00424262 0.00424827 0.0042575 0.0042867 0.00427739 0.00426996 0.00427472 0.00427962 0.00424535 0.00423398 0.00422806 0.00420446 0.00415719 0.00414411 0.00411839 0.00407291 0.00402433 0.00400072 0.00395518 0.00390311 0.00385194 0.00380918 0.00376054 0.00370799 0.00364452 0.0035924 0.00355552 0.00349429 0.00342627 0.00338074 0.00334973 0.00328849 0.00323807 0.00319461 0.00317136 0.00314367 0.00311476 0.00308063 0.00309427 0.00312117 0.00313917 0.00318096 0.0032751 0.00342566 0.00363166 0.00391288 0.00428139 0.004803 0.00546394 0.00627158 0.00719574 0.00819636 0.00922725 0.0102207 0.0110287 0.0115026 0.0115447 0.0110282 0.00993114 0.00823931 0.00597816 0.00324232 0.00019415 -0.00297135 -0.00603317 -0.00878459 -0.0110914 -0.0128339 -0.0139782 -0.0145052 -0.0144504 -0.0138925 -0.0129178 -0.0116686 -0.0102569 -0.00879822 -0.00739018 -0.0060836 -0.00491873 -0.00391669 -0.00306716 -0.00237065 -0.00181729 -0.00137519 -0.00104744 -0.000800297 -0.000617879 -0.000497989 -0.000405471 -0.000349922 -0.000313429 -0.000286496 -0.000277663 -0.000267864 -0.00026585 -0.000265719 -0.000264483 -0.000266139 -0.000264241 -0.000264574 -0.000261881 
0 2.46897e-06 4.33967e-06 6.47797e-06 7.42447e-06 9.31443e-06 1.43047e-05 2.15486e-05 3.39227e-05 5.21633e-05 8.23607e-05 0.000130204 0.000199517 0.000308512 0.000463658 0.000682501 0.000991826 0.00139817 0.00193726 0.00262728 0.00347992 0.00453299 0.00577972 0.00723041 0.00887679 0.0106622 0.0125332 0.0143762 0.0160567 0.0174263 0.0183288 0.0186306 0.0182272 0.0170731 0.0151477 0.0125095 0.0092711 0.00559616 0.00173018 -0.00206587 -0.00553466 -0.00847038 -0.0107193 -0.0122294 -0.0129884 -0.0130252 -0.0124598 -0.0114255 -0.0100976 -0.00863968 -0.00717921 -0.0057785 -0.0044979 -0.00338446 -0.00245061 -0.00168932 -0.0010512 -0.000518724 -6.47803e-05 0.000314259 0.000636778 0.000922466 0.00120259 0.00146509 0.00169156 0.0019066 0.00212044 0.00233653 0.00253395 0.00271857 0.00289249 0.00308281 0.00326111 0.00341985 0.00357306 0.00373974 0.00389514 0.00403568 0.00417311 0.0043114 0.00444834 0.00457237 0.00468758 0.00480187 0.00492347 0.00502344 0.00511562 0.00521304 0.0053131 0.00538475 0.00545959 0.00553946 0.00561044 0.00565755 0.00571809 0.00577403 0.00581459 0.00584327 0.0058871 0.00591386 0.00592819 0.00594211 0.00596424 0.00596076 0.00595535 0.00595475 0.00595052 0.00592051 0.00590147 0.00588334 0.00585133 0.00580274 0.00577238 0.00573288 0.00567823 0.00561886 0.005574 0.00551512 0.00544776 0.00537899 0.00531733 0.00525037 0.0051761 0.00509592 0.00502494 0.00496112 0.00488033 0.00479611 0.004727 0.00466922 0.00459284 0.00452048 0.0044573 0.00441382 0.00436839 0.00432165 0.0042801 0.00427675 0.00429449 0.00431591 0.00436423 0.00446926 0.0046495 0.00490197 0.00525027 0.00571778 0.00635662 0.00717266 0.00816753 0.00930361 0.0105272 0.0117822 0.0129654 0.0139184 0.014462 0.0144628 0.0137875 0.0123872 0.0102574 0.00743682 0.00404494 0.000273874 -0.00362833 -0.0074104 -0.010815 -0.0136649 -0.0158337 -0.0172501 -0.0179123 -0.017859 -0.0171819 -0.0159984 -0.0144703 -0.0127383 -0.0109417 -0.00920393 -0.00758194 -0.00614002 -0.00489328 -0.00383562 -0.00297269 -0.00227518 -0.00172712 -0.00131081 -0.000998195 -0.000771982 -0.00061474 -0.000506555 -0.000434536 -0.00039175 -0.000362441 -0.000346117 -0.000339174 -0.000330891 -0.000330062 -0.000327985 -0.000325168 -0.000328283 -0.000326095 -0.000328428 
0 3.65177e-06 3.98159e-06 8.8066e-06 1.20714e-05 1.43047e-05 2.36799e-05 3.08749e-05 4.31245e-05 7.17242e-05 0.000107216 0.000166907 0.000261904 0.000389332 0.000584651 0.000857576 0.00122213 0.00172892 0.00237788 0.00320489 0.00425152 0.00550222 0.00700501 0.00874937 0.0106971 0.0128377 0.0150522 0.0172307 0.0192214 0.0208314 0.021892 0.0222413 0.0217744 0.0203999 0.0181432 0.0150458 0.0112251 0.00692518 0.00238187 -0.00208181 -0.00616825 -0.00962509 -0.0123146 -0.0141216 -0.0150327 -0.0151368 -0.0144901 -0.013297 -0.0117489 -0.0100395 -0.00828511 -0.00661176 -0.00507865 -0.00371114 -0.0025661 -0.00161741 -0.000843789 -0.000154971 0.000415547 0.000890668 0.00128923 0.00167164 0.00202546 0.00234381 0.00264227 0.00291456 0.00319573 0.00345556 0.00371492 0.00394141 0.00418443 0.00440628 0.0046353 0.00483844 0.00504622 0.00524187 0.00544156 0.0056238 0.00579863 0.00597424 0.00614169 0.00630205 0.00644758 0.00660112 0.00673596 0.00687362 0.00699048 0.00711844 0.00722271 0.00733506 0.0074229 0.00752357 0.00759811 0.00768262 0.0077419 0.00781403 0.00785867 0.00791477 0.00794578 0.00798831 0.00800365 0.00803203 0.0080345 0.00804774 0.00803547 0.00803682 0.00801126 0.0079971 0.00795921 0.00793452 0.00788347 0.00784401 0.0077831 0.00773475 0.00766224 0.00759888 0.00752002 0.00745133 0.00736164 0.00727702 0.00718804 0.00710131 0.00700106 0.00690115 0.00680868 0.00670801 0.00660909 0.00650079 0.00640986 0.00630847 0.00622299 0.00611701 0.00603896 0.00595633 0.00589483 0.00582305 0.00577918 0.00574186 0.00573949 0.0057715 0.00582696 0.00593357 0.00612294 0.00644072 0.00685162 0.00741452 0.00815403 0.0091352 0.0102994 0.0116249 0.0130633 0.0145138 0.0158483 0.0169039 0.0175025 0.0174121 0.0165607 0.0148489 0.0122672 0.00889235 0.00486698 0.000403288 -0.00422112 -0.00867291 -0.0127175 -0.0160966 -0.0186684 -0.0203652 -0.0211648 -0.0211241 -0.0203411 -0.0189807 -0.0171825 -0.0151543 -0.0130479 -0.0109738 -0.00906669 -0.00734697 -0.00585401 -0.00460581 -0.00356395 -0.00272975 -0.00207776 -0.00156952 -0.00119495 -0.00092662 -0.000730813 -0.000604872 -0.000522321 -0.000462631 -0.00043604 -0.000412985 -0.000397849 -0.000399118 -0.000388213 -0.000390363 -0.000393936 -0.000386376 -0.000395885 -0.000392821 
0 -1.36433e-06 8.36229e-06 3.49524e-06 1.59886e-05 2.15486e-05 3.08749e-05 4.94127e-05 6.56419e-05 0.000103425 0.000143628 0.00021983 0.000326241 0.000483604 0.000725775 0.00103886 0.00149807 0.00208538 0.00285071 0.0038446 0.00504027 0.00653149 0.008282 0.0103006 0.0125893 0.0150422 0.0175952 0.0200954 0.0223648 0.0241973 0.0254213 0.0258218 0.0252759 0.023739 0.021135 0.0176084 0.0132788 0.00837497 0.00323003 -0.00184389 -0.00650856 -0.0104965 -0.0135805 -0.0156911 -0.0167809 -0.0169181 -0.0162377 -0.014928 -0.0131932 -0.0112084 -0.00919716 -0.00723717 -0.00542613 -0.00383615 -0.00247915 -0.00130419 -0.000325214 0.000471639 0.00116196 0.00175676 0.00228636 0.00274525 0.00316555 0.00355875 0.00394322 0.00428722 0.00461885 0.0049476 0.00525705 0.0055547 0.00584723 0.00612709 0.00639154 0.00666307 0.00691404 0.0071564 0.00739397 0.0076284 0.00784271 0.00805939 0.00826298 0.00845719 0.00864642 0.00883062 0.00899428 0.00915761 0.00931916 0.00946146 0.00959119 0.00972639 0.00985017 0.00995174 0.0100531 0.0101543 0.0102359 0.0103027 0.0103747 0.0104362 0.0104777 0.0105136 0.0105526 0.0105726 0.0105781 0.0105849 0.0105877 0.0105676 0.0105425 0.0105207 0.0104848 0.01043 0.0103799 0.0103271 0.0102537 0.0101745 0.0101004 0.0100143 0.0099133 0.00981779 0.0097151 0.00960306 0.00948826 0.00937469 0.0092462 0.00912576 0.00900037 0.00886899 0.00873472 0.00861366 0.00847813 0.0083504 0.00822779 0.00810378 0.007984 0.00788525 0.00778379 0.00768383 0.00761846 0.00757219 0.00755081 0.00754943 0.00760482 0.00773713 0.00797342 0.00828538 0.00875394 0.00942868 0.0103029 0.0113963 0.0127225 0.0142308 0.015829 0.0174583 0.0189257 0.0200509 0.020609 0.0204318 0.0193643 0.0173145 0.0143042 0.0103842 0.00572906 0.000589184 -0.00468818 -0.00981872 -0.014442 -0.0183165 -0.0213126 -0.0232692 -0.0242255 -0.0242177 -0.0233542 -0.0218114 -0.0197933 -0.017482 -0.0150668 -0.0127234 -0.0105022 -0.0085324 -0.00681025 -0.00533817 -0.00415009 -0.00316711 -0.00241276 -0.00183007 -0.00139081 -0.00108091 -0.000849313 -0.000702813 -0.000592699 -0.000531709 -0.000492922 -0.000464522 -0.000465275 -0.000448774 -0.000456521 -0.000457251 -0.000449569 -0.00046499 -0.000451159 -0.000458431 
0 5.8734e-06 1.82546e-05 1.77076e-05 3.01758e-05 3.39227e-05 4.31245e-05 6.56419e-05 8.42983e-05 0.000132908 0.000190501 0.000282519 0.000426047 0.000611427 0.00089587 0.00127607 0.00179138 0.0024895 0.00337664 0.00451303 0.00591836 0.00761051 0.00961957 0.0119292 0.0145083 0.0172997 0.0201766 0.0229859 0.0255318 0.0275827 0.0289326 0.0293723 0.0287731 0.0270382 0.0241647 0.02025 0.0154319 0.0100076 0.00429661 -0.00134119 -0.00653066 -0.0109674 -0.0144578 -0.0168525 -0.0181155 -0.018353 -0.0176429 -0.0162185 -0.0143079 -0.012117 -0.00983309 -0.00761081 -0.00554355 -0.00368248 -0.00207788 -0.000700521 0.000439141 0.00142942 0.00227276 0.00298575 0.00360801 0.00418828 0.00470658 0.00517694 0.00563988 0.00606264 0.00647733 0.00686457 0.00724389 0.00760103 0.00797136 0.00829552 0.00862022 0.00894465 0.00925953 0.00954131 0.00982977 0.0101101 0.0103733 0.0106315 0.0108717 0.0111059 0.0113346 0.0115583 0.0117433 0.0119456 0.0121377 0.012311 0.012453 0.0126268 0.0127687 0.0128924 0.0130028 0.0131374 0.0132236 0.013307 0.0133855 0.0134706 0.0135054 0.0135552 0.0135957 0.0136273 0.0136185 0.0136374 0.0136334 0.013613 0.0135698 0.0135569 0.0135031 0.0134389 0.0133702 0.013319 0.0132169 0.013123 0.0130299 0.0129334 0.0127985 0.0126842 0.0125587 0.0124245 0.0122776 0.0121356 0.0119806 0.0118311 0.011676 0.0115016 0.0113429 0.0111879 0.0110212 0.0108412 0.0106969 0.0105349 0.0103849 0.0102329 0.0101032 0.00997669 0.00988854 0.00979271 0.00973808 0.00974795 0.00980242 0.00991817 0.0101505 0.0105358 0.0110726 0.0118247 0.0127911 0.0140317 0.0155038 0.0171654 0.0189354 0.0206837 0.0222174 0.0233594 0.0238902 0.0235532 0.022247 0.01985 0.0163648 0.011906 0.00666228 0.00089625 -0.00503189 -0.010761 -0.0159677 -0.0203375 -0.0237015 -0.0259371 -0.0270362 -0.0270646 -0.026145 -0.0244761 -0.0222484 -0.0196963 -0.0170187 -0.0143733 -0.0119 -0.00967225 -0.00772126 -0.00607705 -0.00471206 -0.00360307 -0.00274179 -0.00206388 -0.00156463 -0.00120574 -0.000942169 -0.000778875 -0.00066322 -0.000592311 -0.000555749 -0.000526304 -0.000517275 -0.000509673 -0.00050585 -0.000507816 -0.000507721 -0.000512114 -0.000515872 -0.000521249 
0 4.31863e-06 1.62762e-05 2.00863e-05 3.81123e-05 5.21633e-05 7.17242e-05 0.000103425 0.000132908 0.000189124 0.000261534 0.000371552 0.000536812 0.00076263 0.00109634 0.00154369 0.00215007 0.00295205 0.00397254 0.00526986 0.00686097 0.00878176 0.0110484 0.013643 0.0165342 0.0196369 0.0228202 0.0259156 0.0287072 0.0309549 0.0324374 0.032926 0.0322742 0.0303882 0.0272509 0.0229816 0.0177493 0.0118572 0.00565995 -0.000467091 -0.00613583 -0.0110192 -0.0148775 -0.017555 -0.0190067 -0.0193245 -0.0186259 -0.0171406 -0.0150909 -0.0126865 -0.0101542 -0.00765961 -0.00532174 -0.00321385 -0.00136414 0.000257768 0.00162307 0.00277784 0.00376487 0.00462259 0.00538924 0.00607814 0.00668531 0.00724601 0.0078013 0.00831259 0.00879898 0.00925734 0.00970298 0.0101368 0.0105697 0.010956 0.0113343 0.0117228 0.0120931 0.0124289 0.0127634 0.0130953 0.0134081 0.0137114 0.0139912 0.0142661 0.014539 0.0147976 0.015016 0.0152505 0.0154802 0.0156779 0.0158478 0.0160464 0.0162174 0.0163561 0.0164895 0.0166409 0.0167468 0.016838 0.0169341 0.0170269 0.0170725 0.0171241 0.0171756 0.0172054 0.0171998 0.0172151 0.0172141 0.0171829 0.0171369 0.0171147 0.0170549 0.0169721 0.0168953 0.0168285 0.016711 0.0165929 0.016486 0.0163675 0.0162085 0.0160659 0.0159198 0.0157583 0.0155796 0.0154059 0.0152225 0.015043 0.0148497 0.0146402 0.0144456 0.0142602 0.0140511 0.0138329 0.013647 0.0134546 0.0132629 0.0130735 0.0129005 0.0127405 0.012621 0.0125012 0.0124147 0.0123937 0.0124455 0.0125795 0.0128328 0.0132331 0.0138287 0.0146775 0.0157605 0.0171084 0.0187044 0.0204957 0.0223809 0.0242219 0.0257976 0.0269047 0.0273171 0.026799 0.0252144 0.0224508 0.0185179 0.0135332 0.00771048 0.00134672 -0.00517546 -0.0114831 -0.0172113 -0.0220417 -0.0257834 -0.0282923 -0.0295613 -0.0296556 -0.0287061 -0.026924 -0.0245285 -0.0217591 -0.0188388 -0.0159462 -0.013218 -0.0107539 -0.00858812 -0.00674988 -0.00522884 -0.00399204 -0.00302916 -0.00228036 -0.00172426 -0.00132323 -0.00103174 -0.000842512 -0.000711401 -0.000632007 -0.00058763 -0.000559689 -0.000554189 -0.000550499 -0.000555636 -0.000562583 -0.000566094 -0.000574132 -0.000575563 -0.000580516 
0 1.36588e-05 3.18428e-05 4.36771e-05 6.32116e-05 8.23607e-05 0.000107216 0.000143628 0.000190501 0.000261534 0.000358227 0.000499765 0.000694098 0.000972307 0.00135999 0.00187497 0.00258114 0.00348739 0.00465163 0.0061232 0.00790465 0.0100669 0.0125906 0.0154662 0.0186679 0.0220709 0.0255563 0.0289284 0.0319542 0.034383 0.0359806 0.0365098 0.0358021 0.0337895 0.0304251 0.0258517 0.0202692 0.0139692 0.00735125 0.000800307 -0.0052807 -0.0105606 -0.0147475 -0.0176983 -0.0193554 -0.0197715 -0.019115 -0.0175887 -0.0154286 -0.0128413 -0.0100927 -0.00734233 -0.00473429 -0.00236726 -0.000257025 0.00160302 0.00320523 0.00454421 0.00570439 0.00671501 0.00763004 0.00843462 0.00915126 0.00981532 0.0104601 0.0110677 0.0116309 0.0121711 0.0126825 0.0131996 0.0136899 0.014149 0.0145806 0.0150336 0.0154556 0.0158518 0.0162302 0.0166123 0.0169743 0.0173205 0.0176413 0.0179548 0.0182707 0.0185584 0.018817 0.0190774 0.0193432 0.0195616 0.0197674 0.01998 0.0201818 0.0203343 0.0204957 0.0206525 0.0207843 0.0208813 0.0209971 0.0210887 0.0211544 0.0212035 0.0212671 0.0212901 0.0212979 0.0213022 0.0213066 0.0212633 0.021223 0.021182 0.0211219 0.0210215 0.0209415 0.0208503 0.0207272 0.0205847 0.0204659 0.0203207 0.0201476 0.0199742 0.0198095 0.0196203 0.0194145 0.0192086 0.0189995 0.0187893 0.0185568 0.0183179 0.0180852 0.0178679 0.0176133 0.017364 0.0171285 0.0169079 0.0166663 0.0164401 0.0162202 0.0160311 0.0158658 0.0157159 0.0156007 0.0155535 0.0155994 0.0157376 0.0160127 0.0164378 0.0171062 0.0180361 0.0192263 0.02067 0.0223831 0.0242873 0.0262535 0.028137 0.0296989 0.030725 0.0309701 0.0302402 0.0283375 0.0251793 0.0207901 0.0152881 0.00891788 0.001999 -0.00507065 -0.0119248 -0.018141 -0.0234123 -0.027517 -0.0302874 -0.0317315 -0.0319062 -0.0309595 -0.0291009 -0.026582 -0.0236337 -0.0204986 -0.0173898 -0.0144229 -0.0117434 -0.00938399 -0.00736225 -0.00570072 -0.00433996 -0.00327314 -0.00245302 -0.00183422 -0.00139024 -0.00107575 -0.000866408 -0.000728521 -0.000651343 -0.000605212 -0.000583272 -0.000582939 -0.000577532 -0.000589864 -0.000597559 -0.000602698 -0.000621186 -0.000622813 -0.000636752 
0 2.22061e-05 4.53238e-05 6.97868e-05 9.73075e-05 0.000130204 0.000166907 0.00021983 0.000282519 0.000371552 0.000499765 0.000662663 0.000912495 0.00124103 0.00168673 0.00230642 0.00309016 0.0041367 0.00545582 0.00708465 0.00910729 0.0114861 0.0142808 0.0174566 0.0209359 0.0246513 0.0284188 0.0320465 0.0352879 0.0378965 0.0395854 0.0401537 0.0394269 0.03727 0.0337469 0.028919 0.0230309 0.0164146 0.00944307 0.00253504 -0.00390802 -0.00950509 -0.0140218 -0.0172247 -0.0190747 -0.0196365 -0.0190438 -0.0175029 -0.0152514 -0.012548 -0.00957514 -0.00659254 -0.00373742 -0.00109587 0.00129919 0.00339953 0.00521177 0.00678708 0.00813506 0.00931357 0.0103499 0.0112992 0.0121366 0.0129077 0.0136328 0.0143358 0.0149899 0.0155991 0.0161893 0.0167693 0.0173324 0.0178465 0.01835 0.0188433 0.0193304 0.0197721 0.0202053 0.0206233 0.0210392 0.0214197 0.0217837 0.0221339 0.0224845 0.0228028 0.0230973 0.0233883 0.0236734 0.0239244 0.024155 0.0243894 0.0246036 0.0247877 0.0249602 0.025133 0.025274 0.0253962 0.0255112 0.0256162 0.0256871 0.025752 0.0258064 0.0258408 0.025848 0.0258578 0.0258479 0.0258138 0.0257652 0.0257194 0.0256439 0.0255477 0.0254501 0.0253465 0.0252091 0.0250603 0.0249167 0.0247553 0.0245666 0.0243719 0.0241835 0.0239719 0.0237442 0.023506 0.0232786 0.0230317 0.0227735 0.0224979 0.0222446 0.0219781 0.0217003 0.0214062 0.0211412 0.0208768 0.020606 0.0203261 0.0200744 0.019859 0.0196532 0.0194623 0.0193166 0.019276 0.0193103 0.0194482 0.0197239 0.0202291 0.0209619 0.0219573 0.0232369 0.0247969 0.0265971 0.0285692 0.0306076 0.0324669 0.0339598 0.0348473 0.0349053 0.0338842 0.0316424 0.0280873 0.0232183 0.0172286 0.0103465 0.0029195 -0.00467791 -0.0119996 -0.0186871 -0.0243815 -0.0288038 -0.0318667 -0.033488 -0.0337669 -0.0328593 -0.0309732 -0.0283538 -0.0252723 -0.0219735 -0.018643 -0.0155009 -0.0126074 -0.0100586 -0.00789663 -0.00606802 -0.00461068 -0.00344757 -0.00254873 -0.00189107 -0.00140171 -0.00107101 -0.000847736 -0.000707308 -0.000626479 -0.000585175 -0.000572234 -0.000569663 -0.000586439 -0.000597555 -0.000615919 -0.000638257 -0.00064749 -0.000671508 -0.000682411 
0 3.54557e-05 6.44866e-05 0.000110232 0.000147279 0.000199517 0.000261904 0.000326241 0.000426047 0.000536812 0.000694098 0.000912495 0.00119245 0.00159508 0.00211919 0.00282072 0.00374686 0.00491456 0.00640353 0.0082363 0.0104549 0.013101 0.0161623 0.019623 0.0234145 0.027414 0.0314527 0.0353194 0.0387615 0.0415075 0.0433069 0.043919 0.0431527 0.0409332 0.037246 0.0322134 0.0261076 0.0192299 0.0119874 0.00481054 -0.00191965 -0.00783625 -0.0126085 -0.0160643 -0.0181292 -0.0188167 -0.0183214 -0.0168246 -0.0145424 -0.0117077 -0.00857763 -0.00536912 -0.00225724 0.000634949 0.00327661 0.00564365 0.00773963 0.00950883 0.0110322 0.0123866 0.0136063 0.0146712 0.0156196 0.0164961 0.0173204 0.0181136 0.018837 0.0195243 0.0201799 0.0208335 0.0214381 0.0220251 0.0225748 0.0231222 0.0236452 0.024146 0.0246121 0.0250744 0.0255238 0.0259409 0.0263389 0.0267236 0.0270995 0.0274408 0.0277741 0.0280828 0.0283883 0.0286583 0.0289241 0.0291604 0.0293969 0.0295957 0.0297934 0.02996 0.0301261 0.0302548 0.0303853 0.0304821 0.0305778 0.0306391 0.0307022 0.0307291 0.0307572 0.0307531 0.0307483 0.0307079 0.0306722 0.0306039 0.0305332 0.0304302 0.0303332 0.0302036 0.0300718 0.0299109 0.0297553 0.0295719 0.029383 0.0291686 0.0289611 0.0287331 0.0284893 0.0282311 0.0279809 0.027715 0.0274251 0.0271382 0.0268504 0.0265594 0.026246 0.0259414 0.0256285 0.0253403 0.0250332 0.0247341 0.0244414 0.0241942 0.0239565 0.0237583 0.0235996 0.0235173 0.0235615 0.0237411 0.024061 0.0245741 0.0253862 0.026484 0.0278677 0.0294972 0.0313734 0.0334019 0.0354285 0.0372518 0.0386393 0.0393337 0.0391085 0.037794 0.0351721 0.0311893 0.0258922 0.0194175 0.0120455 0.00414685 -0.00390353 -0.011686 -0.0187722 -0.0248453 -0.0296205 -0.0329386 -0.0347765 -0.0351929 -0.0343468 -0.032463 -0.0297998 -0.0266191 -0.0231796 -0.0197095 -0.016374 -0.0133104 -0.0106025 -0.00826604 -0.00632999 -0.00475946 -0.00351113 -0.00256892 -0.0018543 -0.00134297 -0.000995064 -0.000755425 -0.000618961 -0.000540954 -0.000507006 -0.000508978 -0.000521938 -0.000549211 -0.000580704 -0.000610522 -0.000641262 -0.000669163 -0.000693265 -0.000716131 
0 5.88635e-05 0.000113224 0.000177703 0.000236291 0.000308512 0.000389332 0.000483604 0.000611427 0.00076263 0.000972307 0.00124103 0.00159508 0.00207239 0.0026855 0.00350367 0.00454343 0.0058692 0.00753771 0.00956811 0.0120374 0.0149361 0.0182784 0.0220377 0.0261132 0.0304004 0.0347047 0.0388005 0.0424306 0.0453234 0.047198 0.0478401 0.0470611 0.0447601 0.0409794 0.0358106 0.0295367 0.0224798 0.0150376 0.00764503 0.000688409 -0.00544268 -0.0104583 -0.0141422 -0.0164138 -0.0172887 -0.0169247 -0.0154817 -0.0131889 -0.0103086 -0.00704308 -0.00365813 -0.000330629 0.00282367 0.00574347 0.00834957 0.0106606 0.0126707 0.0144129 0.0159459 0.0172888 0.0184896 0.0195688 0.0205537 0.0214516 0.0223221 0.0231225 0.0238758 0.0245956 0.0252941 0.0259485 0.0265829 0.0271855 0.0277587 0.0283217 0.0288551 0.0293589 0.0298439 0.0303228 0.0307592 0.031188 0.0315946 0.0319847 0.0323424 0.032703 0.0330263 0.0333363 0.0336268 0.0339114 0.0341543 0.0343946 0.0346154 0.0348202 0.034991 0.0351632 0.0353099 0.0354384 0.0355412 0.0356436 0.0357162 0.0357725 0.0358083 0.0358413 0.035841 0.0358285 0.0357997 0.0357643 0.0356924 0.0356172 0.0355259 0.0354218 0.0352844 0.0351537 0.0349984 0.034829 0.0346382 0.0344529 0.0342328 0.0340118 0.033776 0.033531 0.0332592 0.0330009 0.0327181 0.0324212 0.0321204 0.0318235 0.0315038 0.0311825 0.030861 0.0305321 0.0302161 0.0298935 0.0295688 0.0292629 0.0290028 0.0287375 0.0285183 0.028363 0.0283066 0.0283536 0.0285471 0.0289105 0.0295261 0.0304209 0.0315873 0.0330576 0.0347882 0.0367275 0.0387783 0.0407895 0.0424989 0.0437149 0.0441822 0.0436725 0.0419961 0.0389783 0.034565 0.0288058 0.0218893 0.0140824 0.00576009 -0.0027111 -0.0108859 -0.0183648 -0.0247978 -0.0298732 -0.0334676 -0.0355123 -0.0360846 -0.0353501 -0.0335194 -0.03085 -0.0276209 -0.0240876 -0.0204798 -0.0170136 -0.0137953 -0.0109449 -0.00849205 -0.00643084 -0.00477392 -0.00344816 -0.00244076 -0.00169424 -0.00115506 -0.000800292 -0.000566281 -0.000439688 -0.000379605 -0.000364904 -0.000386086 -0.00041655 -0.000463402 -0.000509493 -0.000556677 -0.00060583 -0.000647065 -0.000691486 -0.00072833 
0 8.24063e-05 0.00016539 0.000257644 0.000352883 0.000463658 0.000584651 0.000725775 0.00089587 0.00109634 0.00135999 0.00168673 0.00211919 0.0026855 0.00340804 0.00435823 0.00554543 0.00704986 0.00891519 0.0111648 0.0138848 0.0170493 0.0206812 0.0247407 0.0291092 0.0336769 0.0382281 0.042532 0.0463265 0.0493426 0.0512975 0.0519783 0.0512028 0.0488592 0.0450101 0.0397503 0.033371 0.0262073 0.0186457 0.0111183 0.00399573 -0.00232205 -0.00755059 -0.0114525 -0.0139319 -0.0150026 -0.0147968 -0.0134718 -0.0112303 -0.00833685 -0.00498015 -0.00144709 0.0020745 0.00545378 0.00860839 0.0114652 0.0140154 0.0162485 0.0181764 0.0198834 0.0213713 0.0226976 0.0238799 0.0249534 0.025928 0.0268582 0.0277149 0.0285155 0.0292869 0.0300136 0.0307016 0.0313661 0.0320053 0.0325939 0.0331788 0.0337308 0.0342586 0.0347577 0.0352476 0.0356951 0.0361413 0.0365612 0.0369514 0.0373197 0.0376936 0.0380255 0.0383303 0.0386347 0.0389262 0.0391734 0.0394096 0.0396458 0.0398507 0.0400253 0.0401967 0.0403571 0.0404814 0.0405906 0.0406946 0.0407779 0.0408288 0.0408748 0.0409101 0.0409173 0.0409007 0.0408859 0.0408513 0.0407841 0.0407085 0.0406335 0.0405264 0.0403924 0.0402667 0.0401256 0.0399495 0.0397634 0.0395867 0.0393746 0.0391474 0.0389166 0.0386795 0.0384106 0.0381501 0.037867 0.0375766 0.0372771 0.0369804 0.0366515 0.0363378 0.0360162 0.0356863 0.0353573 0.0350421 0.0347166 0.0344112 0.0341441 0.0338878 0.0336838 0.0335466 0.0335121 0.033598 0.0338597 0.034294 0.0349955 0.0359833 0.0372626 0.0388329 0.0406483 0.0426284 0.0446717 0.0466203 0.0481968 0.0492095 0.0493937 0.0485439 0.0464743 0.0430482 0.0382128 0.0320299 0.0247005 0.0164926 0.00779139 -0.00104192 -0.0095555 -0.0173691 -0.0241213 -0.0294979 -0.0333714 -0.0356511 -0.0364147 -0.0358193 -0.0340785 -0.0314466 -0.0282116 -0.0246315 -0.0209359 -0.017364 -0.0140195 -0.0110409 -0.00847512 -0.00630982 -0.00457624 -0.00319549 -0.00214751 -0.00138219 -0.000833091 -0.000478053 -0.000253483 -0.000139362 -9.90029e-05 -0.000108974 -0.000157566 -0.00021934 -0.000298419 -0.000374533 -0.000450913 -0.000525796 -0.000588018 -0.00065274 -0.000705524 
0 0.000131043 0.000252888 0.000396061 0.000530204 0.000682501 0.000857576 0.00103886 0.00127607 0.00154369 0.00187497 0.00230642 0.00282072 0.00350367 0.00435823 0.00542929 0.00680659 0.00848483 0.0105622 0.0130728 0.0160342 0.0195023 0.0234293 0.0277813 0.0324524 0.0372861 0.0420771 0.0465794 0.0505391 0.0536463 0.0556808 0.0563896 0.0555949 0.053256 0.0493561 0.0440654 0.03765 0.0304411 0.0228211 0.0152201 0.00801008 0.0015359 -0.00384149 -0.00795309 -0.0106617 -0.0119564 -0.0119465 -0.0107853 -0.00866202 -0.00578709 -0.00243126 0.00119397 0.00486825 0.00844978 0.011801 0.01488 0.0176609 0.0200894 0.0222084 0.0240684 0.0257074 0.027127 0.028408 0.029552 0.0305987 0.0315616 0.0324538 0.0332911 0.0340881 0.0348323 0.0355236 0.0362102 0.0368518 0.0374556 0.0380269 0.0385918 0.0391135 0.0396229 0.0400937 0.0405473 0.0409862 0.0414095 0.0417826 0.0421518 0.0425203 0.0428495 0.0431427 0.0434446 0.0437339 0.0439748 0.0442059 0.0444382 0.0446441 0.0448119 0.0449847 0.0451414 0.0452702 0.0453751 0.0454857 0.0455669 0.045626 0.0456722 0.045718 0.0457258 0.0457214 0.0457122 0.0456901 0.0456278 0.0455677 0.0455039 0.0454094 0.0452858 0.0451776 0.0450537 0.0448882 0.044719 0.0445598 0.0443711 0.0441508 0.0439434 0.0437226 0.0434825 0.0432248 0.0429705 0.0426941 0.0424265 0.0421322 0.0418319 0.0415303 0.0412419 0.0409201 0.0406096 0.0403111 0.0400186 0.0397347 0.0394772 0.0392558 0.0390912 0.0390118 0.0390106 0.0391737 0.0395195 0.0400741 0.0408713 0.0419893 0.0433976 0.0450709 0.0469675 0.0489965 0.051032 0.0528612 0.0542898 0.0550563 0.0549331 0.0537133 0.0512541 0.0474027 0.0421376 0.0355755 0.0278566 0.0193093 0.0102832 0.00115368 -0.00767092 -0.0157694 -0.0228009 -0.0284811 -0.0325936 -0.0351288 -0.0361058 -0.0356779 -0.0340747 -0.0315302 -0.0283297 -0.0247336 -0.0210078 -0.0173392 -0.0139173 -0.0108495 -0.0081733 -0.00595673 -0.00413957 -0.00271384 -0.00164581 -0.000845098 -0.000309474 3.99428e-05 0.000243563 0.000318868 0.000327706 0.000274275 0.000186515 8.47011e-05 -3.06834e-05 -0.000144636 -0.000255607 -0.000361266 -0.00046014 -0.000549747 -0.000633081 
0 0.000182304 0.000379034 0.000563788 0.000773882 0.000991826 0.00122213 0.00149807 0.00179138 0.00215007 0.00258114 0.00309016 0.00374686 0.00454343 0.00554543 0.00680659 0.00834531 0.0102551 0.012563 0.015322 0.0185831 0.0223356 0.0265733 0.0312312 0.0361901 0.0412803 0.0463031 0.0509898 0.0550716 0.0582973 0.0603698 0.0611001 0.0603296 0.0579627 0.0540705 0.0487939 0.0423835 0.0351857 0.0275852 0.0199516 0.0126814 0.00614192 0.000598238 -0.00370366 -0.00663793 -0.00819986 -0.00844736 -0.00748962 -0.00552108 -0.00277857 0.000542978 0.00419029 0.00795049 0.0116715 0.0152249 0.01849 0.0214204 0.024044 0.026355 0.0283624 0.030081 0.0315998 0.0329572 0.034166 0.0352376 0.0362152 0.0371245 0.0379733 0.0387733 0.0395012 0.040193 0.0408587 0.0414997 0.0420802 0.0426404 0.0431754 0.0436948 0.044177 0.0446306 0.0450597 0.0454878 0.0458865 0.0462422 0.0465926 0.0469426 0.0472564 0.0475318 0.0478196 0.0480896 0.0483248 0.0485374 0.0487623 0.0489529 0.0491223 0.0492786 0.0494364 0.0495555 0.0496684 0.0497676 0.0498583 0.0499144 0.0499748 0.0500157 0.0500412 0.0500414 0.0500516 0.0500324 0.0499954 0.0499473 0.0499067 0.0498248 0.0497317 0.049642 0.0495451 0.0494031 0.0492644 0.0491323 0.0489748 0.0487859 0.0486059 0.0484255 0.048217 0.0479954 0.0477685 0.0475449 0.0473047 0.0470537 0.0467845 0.0465366 0.0462784 0.0460099 0.0457327 0.0454828 0.0452366 0.0450108 0.0448062 0.044639 0.044541 0.0445439 0.0446633 0.0449126 0.0453642 0.0460666 0.0470563 0.0483065 0.049839 0.0516461 0.0536484 0.0557127 0.0577053 0.059438 0.0606531 0.0611495 0.0607078 0.0591203 0.0562311 0.0519744 0.0463286 0.0393791 0.0313603 0.0225324 0.0132366 0.00386744 -0.00518214 -0.0135351 -0.0208137 -0.0267289 -0.0311255 -0.0338969 -0.0351073 -0.0349023 -0.0334571 -0.0310432 -0.0279225 -0.0243601 -0.020616 -0.0169199 -0.0134317 -0.0102839 -0.00756009 -0.00525706 -0.00340349 -0.00195058 -0.000846724 -7.2709e-05 0.000463693 0.000784528 0.000940458 0.000990634 0.000938961 0.000839516 0.00070289 0.000540245 0.000379144 0.000211096 5.17663e-05 -9.71101e-05 -0.000239533 -0.000366227 -0.000484772 
0 0.000265018 0.000530363 0.000808379 0.00109472 0.00139817 0.00172892 0.00208538 0.0024895 0.00295205 0.00348739 0.0041367 0.00491456 0.0058692 0.00704986 0.00848483 0.0102551 0.0123925 0.0149566 0.0180099 0.0215495 0.0256184 0.0301696 0.0351249 0.0403764 0.0457219 0.0509498 0.0557985 0.0600014 0.0632803 0.0654035 0.0661513 0.0653745 0.0630343 0.0591495 0.0539081 0.04755 0.0404179 0.032867 0.0252694 0.0180049 0.011376 0.00571345 0.00121594 -0.0019764 -0.00382343 -0.00434976 -0.00368465 -0.00197738 0.000602862 0.00378751 0.00739018 0.011184 0.0149909 0.0186353 0.0220494 0.0251615 0.0279348 0.0303677 0.0324774 0.0343209 0.0359034 0.0372988 0.0385257 0.0396301 0.0405969 0.0414928 0.0423231 0.043099 0.043802 0.0444582 0.0450911 0.0456915 0.04625 0.0467594 0.047264 0.0477418 0.0481969 0.0486009 0.0490065 0.0493905 0.0497603 0.0500793 0.0504052 0.0507136 0.0510049 0.0512541 0.0515144 0.0517545 0.0519745 0.0521672 0.052368 0.0525437 0.0527031 0.0528465 0.0529894 0.0531068 0.0532152 0.053311 0.0533982 0.053464 0.0535273 0.0535747 0.0536095 0.0536294 0.0536505 0.0536476 0.0536342 0.0536127 0.0535916 0.0535371 0.0534812 0.0534205 0.0533552 0.0532512 0.0531584 0.0530576 0.0529487 0.0528019 0.0526734 0.0525331 0.0523872 0.0522047 0.0520402 0.0518684 0.0516939 0.0514858 0.0512912 0.0511015 0.0509119 0.0507025 0.0504975 0.0503198 0.0501582 0.0500081 0.0498718 0.0498191 0.0498373 0.0499524 0.0501752 0.0505988 0.0512318 0.0521179 0.0532631 0.0547086 0.0564393 0.0583856 0.0604784 0.0625837 0.0645383 0.0661202 0.0671587 0.0673754 0.0665794 0.0646047 0.0613255 0.0566765 0.0506783 0.0434448 0.0351477 0.0261036 0.0166193 0.00708371 -0.00213707 -0.0106591 -0.0181341 -0.0242963 -0.0289218 -0.0319602 -0.0334218 -0.0334338 -0.0321942 -0.0299422 -0.0269354 -0.0234468 -0.0197416 -0.0160214 -0.0125093 -0.00931314 -0.00652335 -0.00419908 -0.0023015 -0.000837764 0.000253357 0.00102872 0.00152242 0.00180915 0.00192158 0.00190437 0.00180095 0.00162991 0.00142308 0.00119762 0.000962118 0.00073347 0.000512254 0.000303014 0.00011183 -6.78217e-05 -0.000229024 
0 0.00037356 0.000747603 0.00113235 0.00152614 0.00193726 0.00237788 0.00285071 0.00337664 0.00397254 0.00465163 0.00545582 0.00640353 0.00753771 0.00891519 0.0105622 0.012563 0.0149566 0.0177953 0.0211465 0.0250003 0.0293934 0.034264 0.0395197 0.0450469 0.0506222 0.0560416 0.0610328 0.0653261 0.0686593 0.0707922 0.0715279 0.070738 0.0683959 0.0645402 0.0593684 0.0530979 0.0460608 0.0386012 0.0310548 0.0238103 0.0171487 0.0113752 0.00668404 0.00321507 0.00103023 0.000141797 0.000467713 0.00186614 0.00417761 0.00714272 0.0106047 0.0143355 0.0181539 0.0218795 0.0253836 0.0285801 0.0314629 0.0340308 0.0362361 0.038137 0.0397558 0.0411818 0.0424262 0.0435183 0.0444522 0.0453147 0.0461108 0.0468341 0.0474898 0.048093 0.0486689 0.0492117 0.0497217 0.0501708 0.0506199 0.0510444 0.0514453 0.0517963 0.0521552 0.0524855 0.0528035 0.0530844 0.0533659 0.0536245 0.053877 0.0540978 0.0543154 0.0545192 0.0547134 0.0548829 0.0550499 0.055206 0.0553491 0.0554769 0.0556003 0.0557128 0.055814 0.0559055 0.0559885 0.0560628 0.0561294 0.056185 0.056231 0.0562727 0.0563072 0.056326 0.0563402 0.0563515 0.0563531 0.0563361 0.0563232 0.0563018 0.0562715 0.0562224 0.0561817 0.0561265 0.0560705 0.0559896 0.0559186 0.0558371 0.0557601 0.0556456 0.0555503 0.0554535 0.0553546 0.0552197 0.0551125 0.0550051 0.0548994 0.0547803 0.0546733 0.054585 0.054531 0.0544954 0.0544743 0.0545421 0.0547036 0.0549853 0.0553898 0.0559931 0.0568179 0.0579474 0.05934 0.0609952 0.0629066 0.0650248 0.067238 0.069392 0.0713042 0.0727458 0.0735625 0.0734954 0.072378 0.0700423 0.066388 0.0613841 0.0550832 0.0476025 0.0391288 0.029957 0.0203607 0.0107337 0.00141133 -0.0072324 -0.0148514 -0.0211924 -0.0260355 -0.0293128 -0.0310278 -0.0312923 -0.0302736 -0.028213 -0.025349 -0.0219561 -0.0183093 -0.014609 -0.0110959 -0.00788113 -0.00506656 -0.00271673 -0.000801103 0.000666964 0.00175067 0.00249842 0.00295061 0.00318116 0.00322445 0.00313197 0.00294661 0.00269257 0.00240196 0.00209366 0.00177711 0.00146969 0.00117314 0.000891886 0.000634055 0.000391799 0.000173948 
