0 0 0 0 0 0 0 0 0 0 0 0 0 0 0 0 0 0 0 0 0 0 0 0 0 0 0 0 0 0 0 0 0 0 0 0 0 0 0 0 0 0 0 0 0 0 0 0 0 0 0 0 0 0 0 0 0 0 0 0 0 0 0 0 0 0 0 0 0 0 0 0 0 0 0 0 0 0 0 0 0 0 0 0 0 0 0 0 0 0 0 0 0 0 0 0 0 0 0 0 0 0 0 0 0 0 0 0 0 0 0 0 0 0 0 0 0 0 0 0 0 0 0 0 0 0 0 0 0 0 0 0 0 0 0 0 0 0 0 0 0 0 0 0 0 0 0 0 0 0 0 0 0 0 0 0 0 0 0 0 0 0 0 0 0 0 0 0 0 0 0 0 0 0 0 0 0 0 0 0 0 0 0 0 0 0 0 0 0 0 0 0 0 0 0 0 0 0 0 0 
0 0.000251398 0.000503624 0.000788275 0.00108014 0.001414 0.00178228 0.00218161 0.00263349 0.00310511 0.00360882 0.00411324 0.00459379 0.0050293 0.00537469 0.00561809 0.00572224 0.00569165 0.00551332 0.00520017 0.00478229 0.00426772 0.00373168 0.00319888 0.00273472 0.00239397 0.00218127 0.00213447 0.0022337 0.00246743 0.00282049 0.00326473 0.00375349 0.00426641 0.00477006 0.00523214 0.00568434 0.00608459 0.00644464 0.00677207 0.0070482 0.00730755 0.00755486 0.00778057 0.00798077 0.00817049 0.00833791 0.00850238 0.00866001 0.00879664 0.00891993 0.00903374 0.00914664 0.00923415 0.00931129 0.00938876 0.0094556 0.00950749 0.00955518 0.00958493 0.009607 0.00964552 0.00966405 0.00965808 0.00965707 0.00966725 0.00966467 0.00964775 0.00962558 0.00961363 0.0096014 0.0095691 0.00953946 0.00952055 0.00949193 0.00945326 0.00942683 0.00939715 0.00936129 0.00932718 0.00929649 0.00926372 0.00923173 0.00919722 0.00916661 0.00914105 0.00910862 0.00907739 0.0090571 0.00903417 0.00900298 0.00898638 0.00897301 0.00895003 0.00893238 0.00893006 0.00891665 0.00890333 0.00890454 0.00890682 0.00889743 0.00890354 0.00891589 0.00891897 0.00892472 0.0089477 0.00896158 0.00897287 0.00899772 0.00902579 0.00904233 0.00906956 0.00910417 0.00913178 0.0091594 0.00919693 0.00923221 0.00926527 0.00930179 0.00933903 0.00937893 0.00941612 0.00945047 0.00949089 0.00953484 0.00956308 0.00959734 0.00964315 0.00967714 0.00969705 0.00973059 0.0097684 0.00979468 0.00980761 0.00982028 0.00984936 0.00986955 0.00986142 0.0098548 0.00986694 0.00985729 0.00983493 0.00981424 0.0097844 0.00974476 0.00970078 0.00964704 0.00958291 0.00951777 0.00943711 0.00934529 0.00924102 0.00914598 0.00904145 0.00891463 0.0087876 0.00865496 0.00852296 0.00840051 0.00828018 0.00815162 0.00806066 0.00798728 0.00793796 0.00793205 0.00793471 0.0079694 0.00801713 0.00804752 0.00803063 0.00793853 0.00773078 0.00739726 0.00693071 0.00630261 0.00555143 0.00467623 0.00372971 0.00277081 0.00183582 0.000991999 0.000256364 -0.000333421 -0.000776328 -0.00106409 -0.00120585 -0.00123059 -0.00114227 -0.000999655 -0.000805563 -0.000599123 -0.000408024 -0.000218442 -7.74496e-05 4.58794e-05 0.000133151 0.000176945 0.000208911 0.000190642 0.000157861 
0 0.000503624 0.001032 0.00158501 0.00219309 0.0028683 0.00360591 0.00443294 0.00532873 0.00628578 0.00729604 0.00829644 0.00926378 0.0101293 0.010822 0.0113117 0.0115305 0.0114657 0.0111233 0.0105001 0.00965521 0.00865453 0.00756306 0.00651703 0.00560178 0.00489577 0.00449529 0.00437011 0.00455338 0.00501464 0.0056914 0.00656947 0.00754024 0.00855427 0.00953599 0.0104692 0.0113313 0.0121186 0.0128432 0.0134608 0.0140232 0.0145259 0.0149934 0.0154146 0.0158106 0.0161553 0.0164779 0.0168164 0.0170864 0.0173458 0.017573 0.0177855 0.0179823 0.0181776 0.0183138 0.01843 0.0185606 0.018656 0.018741 0.0187912 0.0188558 0.0188841 0.0189041 0.0189057 0.0189299 0.0189104 0.0188802 0.0188579 0.0188274 0.0187914 0.0187408 0.0186873 0.0186244 0.0185902 0.0185129 0.0184477 0.0183812 0.0183317 0.0182456 0.0181871 0.0181136 0.018057 0.0179828 0.0179211 0.0178527 0.0178056 0.0177366 0.0176781 0.0176336 0.0175886 0.0175276 0.0174932 0.0174661 0.0174202 0.0173879 0.0173784 0.0173555 0.0173272 0.0173317 0.0173316 0.017319 0.0173268 0.0173534 0.0173574 0.0173733 0.0174139 0.0174446 0.0174667 0.0175168 0.0175707 0.017606 0.0176609 0.0177274 0.0177859 0.0178389 0.0179177 0.0179834 0.0180574 0.0181231 0.0182072 0.0182784 0.018366 0.018425 0.018517 0.0185941 0.0186727 0.018731 0.0188258 0.0188864 0.0189577 0.0190222 0.0190841 0.0191303 0.0191935 0.0192399 0.0192649 0.0192993 0.0193144 0.019336 0.019331 0.0193278 0.0192898 0.0192582 0.0192011 0.0191645 0.0190755 0.0189562 0.018855 0.0187401 0.0185945 0.0184285 0.0182593 0.0180482 0.0178657 0.017639 0.0173982 0.017161 0.0169275 0.0166908 0.0164506 0.0162389 0.0160469 0.0159334 0.0158638 0.0158496 0.0158758 0.0159512 0.0160468 0.0161083 0.0161019 0.0159043 0.0155133 0.0148592 0.0139065 0.0126845 0.0111667 0.0094301 0.00755936 0.00563944 0.003791 0.00210652 0.000636963 -0.000546085 -0.00142815 -0.00201689 -0.00229738 -0.00234257 -0.00218332 -0.00187599 -0.00150838 -0.00109585 -0.000706661 -0.000362026 -5.97124e-05 0.000162234 0.000330638 0.000435877 0.000468432 0.000458578 0.000379431 
0 0.000788275 0.00158501 0.00245778 0.00337752 0.00440603 0.00553793 0.00677272 0.00814129 0.00958396 0.0111055 0.0126273 0.0140794 0.0153861 0.0164332 0.0171673 0.0174961 0.0174139 0.0168974 0.0159783 0.014736 0.0132256 0.0116262 0.0100492 0.00866703 0.00762717 0.00697981 0.00679768 0.00705118 0.00770434 0.00870287 0.00996951 0.0113772 0.0128502 0.0142951 0.0156373 0.0169186 0.0180635 0.0190889 0.0200013 0.020782 0.0214976 0.0221659 0.0227724 0.0233105 0.0238058 0.0242478 0.0246767 0.0250735 0.0254202 0.0257279 0.0260087 0.0262795 0.0264956 0.0266761 0.0268475 0.0269986 0.0271123 0.0272088 0.0272634 0.0273039 0.0273655 0.0273853 0.0273554 0.0273335 0.0273255 0.0272906 0.0272283 0.0271528 0.0270958 0.027034 0.0269345 0.0268378 0.0267644 0.026667 0.0265524 0.0264599 0.0263644 0.0262534 0.026148 0.0260489 0.025949 0.0258489 0.0257455 0.0256517 0.0255698 0.0254743 0.0253829 0.0253169 0.0252458 0.0251603 0.0251061 0.025062 0.0249981 0.0249494 0.0249327 0.0248972 0.024862 0.0248616 0.0248633 0.0248456 0.0248599 0.024892 0.0249047 0.0249276 0.0249864 0.0250307 0.0250695 0.0251408 0.0252193 0.025277 0.0253574 0.0254569 0.0255424 0.0256295 0.0257393 0.0258464 0.0259494 0.0260602 0.026176 0.0262962 0.0264128 0.0265229 0.0266489 0.0267792 0.0268812 0.0269924 0.0271297 0.0272399 0.0273255 0.0274353 0.0275532 0.0276445 0.0277131 0.0277795 0.0278723 0.0279455 0.0279639 0.0279839 0.0280328 0.0280398 0.0280146 0.0279891 0.027942 0.0278765 0.0277893 0.0276753 0.0275414 0.0274002 0.0272186 0.0270068 0.0267683 0.0265365 0.0262855 0.0259824 0.0256695 0.0253454 0.0250258 0.0247229 0.024426 0.0241279 0.0239139 0.0237647 0.023689 0.0237187 0.0237906 0.0239402 0.024117 0.0242386 0.0242179 0.0239586 0.0233645 0.0223893 0.0210023 0.0191568 0.0169243 0.0143396 0.011545 0.00870212 0.00594016 0.00343173 0.00124846 -0.00051286 -0.00183415 -0.0027021 -0.00313852 -0.00321952 -0.0029837 -0.00256448 -0.00200955 -0.00141265 -0.000848357 -0.00031345 0.000107308 0.000454804 0.000699913 0.000832516 0.000901936 0.000849526 0.000735198 
0 0.00108014 0.00219309 0.00337752 0.00465494 0.00605897 0.00759877 0.00929131 0.0111304 0.0130841 0.0151238 0.0171572 0.0191015 0.020842 0.0222465 0.0232296 0.0236879 0.023585 0.0229197 0.0217132 0.0200633 0.0180898 0.0159581 0.0138815 0.0120512 0.0106368 0.0097671 0.0094667 0.00974749 0.0105599 0.0118149 0.0134282 0.0152404 0.0171319 0.0189799 0.0207238 0.0223397 0.0238018 0.0251139 0.0262497 0.0272453 0.0281326 0.0289405 0.0296646 0.0303181 0.0308935 0.0314203 0.0319346 0.0323751 0.0327684 0.0331113 0.0334229 0.0337103 0.0339656 0.0341528 0.0343095 0.0344616 0.0345732 0.0346569 0.034697 0.0347356 0.0347488 0.0347339 0.0346899 0.0346585 0.0345964 0.0345124 0.0344224 0.0343234 0.0342229 0.0341069 0.0339743 0.033839 0.0337278 0.0335798 0.0334317 0.0332925 0.0331636 0.0330068 0.0328678 0.032725 0.0325943 0.0324533 0.0323194 0.0321895 0.0320786 0.0319508 0.031834 0.0317394 0.0316443 0.0315373 0.0314622 0.0313991 0.0313197 0.0312587 0.0312276 0.0311851 0.0311429 0.0311386 0.031136 0.0311224 0.0311376 0.0311756 0.0311957 0.0312315 0.0313 0.031361 0.0314178 0.0315087 0.0316082 0.0316916 0.0317987 0.0319249 0.032043 0.0321607 0.0323065 0.032447 0.0325913 0.0327361 0.0328978 0.0330548 0.0332198 0.0333682 0.0335442 0.0337134 0.0338729 0.0340241 0.0342069 0.0343606 0.0345108 0.0346639 0.0348159 0.0349492 0.0350849 0.0352069 0.0353178 0.0354253 0.0355029 0.0355802 0.0356445 0.0356903 0.0356961 0.0356985 0.0356783 0.0356561 0.0355793 0.0354631 0.0353493 0.0352169 0.0350395 0.0348258 0.0345908 0.0343236 0.0340588 0.0337398 0.0333954 0.0330498 0.0327091 0.0323722 0.032041 0.031745 0.0315179 0.0314046 0.0313884 0.031477 0.0316449 0.0318915 0.032162 0.0323576 0.0323718 0.0320444 0.0312943 0.0300281 0.0281902 0.0257839 0.0228291 0.0194347 0.0157689 0.0120184 0.00839354 0.00507868 0.00219487 -0.000142226 -0.00189526 -0.00305865 -0.00364823 -0.00376071 -0.00347575 -0.00291773 -0.00220883 -0.00143371 -0.000689869 -1.97474e-05 0.000542701 0.000975641 0.00128384 0.00146356 0.00152131 0.00146409 0.001294 
0 0.001414 0.0028683 0.00440603 0.00605897 0.00786235 0.00983755 0.0119951 0.0143288 0.0168065 0.0193749 0.0219376 0.0243787 0.026558 0.0283245 0.0295546 0.0301405 0.0300273 0.029212 0.0277326 0.0256966 0.023259 0.0206234 0.0180412 0.0157512 0.0139624 0.0128236 0.0123863 0.0126554 0.0135725 0.0150373 0.0169267 0.0190691 0.0213083 0.0235061 0.0255822 0.0274971 0.0292246 0.030754 0.0320742 0.0332168 0.0342228 0.0351256 0.0359287 0.0366378 0.0372569 0.0378152 0.0383373 0.0387937 0.0391898 0.0395288 0.039829 0.040096 0.0403187 0.0404815 0.0406117 0.040725 0.0408004 0.0408384 0.0408378 0.0408282 0.0408013 0.0407427 0.0406523 0.040562 0.0404581 0.0403338 0.0401932 0.0400431 0.0398951 0.039735 0.0395575 0.0393782 0.0392133 0.0390273 0.0388364 0.0386541 0.038478 0.0382875 0.0381049 0.0379263 0.0377556 0.0375816 0.0374121 0.0372526 0.0371056 0.0369525 0.0368092 0.0366869 0.0365661 0.0364438 0.036346 0.0362622 0.0361717 0.0360996 0.0360518 0.0360026 0.0359588 0.035946 0.0359397 0.0359326 0.0359496 0.0359878 0.0360197 0.0360682 0.0361432 0.0362197 0.036298 0.0364051 0.0365223 0.0366349 0.0367662 0.0369172 0.0370656 0.0372189 0.0373932 0.0375715 0.0377514 0.0379375 0.0381368 0.0383381 0.0385418 0.0387421 0.0389601 0.0391758 0.0393826 0.0395905 0.0398174 0.0400254 0.0402258 0.0404327 0.0406419 0.0408326 0.0410152 0.041193 0.0413691 0.0415322 0.0416663 0.0417959 0.0419206 0.0420244 0.042093 0.0421487 0.0421868 0.0422102 0.04219 0.0421346 0.0420686 0.0419798 0.0418462 0.0416717 0.0414724 0.0412493 0.0410092 0.0407202 0.0403998 0.0400749 0.0397586 0.0394518 0.0391588 0.0389109 0.0387494 0.0387137 0.0388027 0.0390135 0.0393274 0.0397231 0.0401335 0.0404394 0.0404976 0.0401386 0.0392423 0.0377055 0.0354636 0.0325118 0.0288897 0.024728 0.0202271 0.0156228 0.0111681 0.00708364 0.00353536 0.000648383 -0.00152011 -0.00296186 -0.00371209 -0.00386736 -0.00354318 -0.00288137 -0.00202607 -0.00109418 -0.000188897 0.000623672 0.00130438 0.00182946 0.00219514 0.00240288 0.00245721 0.00236637 0.00213499 
0 0.00178228 0.00360591 0.00553793 0.00759877 0.00983755 0.0122815 0.0149246 0.0177782 0.0207926 0.0238968 0.0269935 0.0299278 0.0325425 0.0346687 0.0361442 0.0368571 0.0367418 0.0357783 0.0340349 0.0316265 0.0287268 0.0256062 0.0225181 0.0197603 0.017586 0.0161316 0.0155144 0.01571 0.0166594 0.0182642 0.0203505 0.0227459 0.0252578 0.0277415 0.0300767 0.0322339 0.0341654 0.0358472 0.0373071 0.0385389 0.0396103 0.0405502 0.0413763 0.0420778 0.0426943 0.0432358 0.0437051 0.0441359 0.0444826 0.0447735 0.0450189 0.0452331 0.0453788 0.0454873 0.045564 0.045602 0.0456147 0.0455849 0.0455298 0.0454407 0.0453593 0.0452398 0.0450934 0.0449239 0.0447712 0.0445959 0.0443936 0.0441854 0.0439822 0.0437744 0.0435438 0.0433209 0.0430924 0.0428722 0.0426324 0.0424101 0.0421796 0.041962 0.0417311 0.041522 0.041307 0.0411054 0.0408996 0.0407149 0.0405293 0.0403565 0.0401886 0.0400394 0.039894 0.0397613 0.0396418 0.0395367 0.0394397 0.0393578 0.0392928 0.0392378 0.0391968 0.0391726 0.0391635 0.0391639 0.0391837 0.0392179 0.0392645 0.0393246 0.0394037 0.0394935 0.0395953 0.0397145 0.0398464 0.0399887 0.0401422 0.0403143 0.0404908 0.0406807 0.0408781 0.0410941 0.0413061 0.0415355 0.0417667 0.0420155 0.0422524 0.0425104 0.0427648 0.0430325 0.0432832 0.0435554 0.043822 0.0440944 0.0443454 0.044612 0.0448819 0.045142 0.0453771 0.0456176 0.0458734 0.0461006 0.0463061 0.0465 0.0467098 0.0468805 0.0470344 0.0471649 0.0472924 0.0473791 0.047448 0.0474898 0.047498 0.0474898 0.0474432 0.0473548 0.0472284 0.047106 0.0469308 0.0467251 0.0464917 0.046246 0.0460111 0.0457957 0.0456076 0.0454641 0.0454446 0.0455457 0.0458008 0.0461982 0.0467092 0.047302 0.0478917 0.0483445 0.0484715 0.0481224 0.0471093 0.0453359 0.0427376 0.0392738 0.035044 0.0301732 0.0248975 0.0195093 0.0142801 0.00947729 0.00530605 0.00189897 -0.000666428 -0.00237152 -0.00328127 -0.00348251 -0.00312123 -0.00237316 -0.00137634 -0.000301811 0.000748994 0.00170134 0.00247918 0.0030906 0.00350311 0.00372271 0.0037761 0.00363749 0.00334536 
0 0.00218161 0.00443294 0.00677272 0.00929131 0.0119951 0.0149246 0.0180984 0.0214787 0.0250492 0.0286976 0.0323183 0.0357424 0.0387808 0.0412529 0.0429642 0.043808 0.0436725 0.0425763 0.0405693 0.0377757 0.0344518 0.0308178 0.0272405 0.0240157 0.0213991 0.0196248 0.0187456 0.0187972 0.0197109 0.0213555 0.0235535 0.0261209 0.0288262 0.0315007 0.0340559 0.0363581 0.0384306 0.0402283 0.0417429 0.043036 0.0441205 0.0450386 0.0458164 0.0464821 0.0470251 0.0475026 0.0479079 0.0482367 0.0484985 0.0487018 0.0488612 0.0489633 0.0490433 0.0490646 0.0490366 0.0489867 0.0489188 0.0488016 0.0486701 0.0485277 0.0483366 0.0481352 0.0479358 0.0477246 0.047479 0.0472268 0.0469734 0.0467273 0.0464577 0.0461777 0.0459093 0.0456408 0.0453609 0.0450854 0.0448169 0.044542 0.0442776 0.0440156 0.0437579 0.0435057 0.0432652 0.0430249 0.0428008 0.0425826 0.0423722 0.042175 0.0419944 0.0418148 0.0416533 0.0415106 0.0413747 0.041249 0.0411496 0.0410604 0.0409789 0.0409211 0.0408831 0.0408499 0.0408361 0.0408474 0.0408672 0.0408985 0.0409571 0.0410298 0.0411093 0.0412114 0.0413349 0.0414626 0.0416073 0.0417743 0.0419506 0.0421344 0.0423418 0.0425579 0.0427827 0.0430216 0.0432749 0.0435304 0.0438029 0.0440804 0.0443661 0.0446598 0.0449622 0.0452627 0.0455798 0.0458956 0.0462058 0.0465279 0.0468609 0.0471798 0.0474912 0.0478146 0.0481406 0.0484626 0.0487556 0.0490518 0.0493601 0.0496558 0.0499141 0.0501815 0.0504317 0.0506545 0.0508774 0.0510836 0.0512486 0.0513857 0.0515204 0.0516183 0.0516921 0.0517273 0.0517404 0.0517134 0.0516671 0.051601 0.0514953 0.0513964 0.0513067 0.0512322 0.0511939 0.0512545 0.0514079 0.0517318 0.0522278 0.0528506 0.0536297 0.0544639 0.0552703 0.0559007 0.0561554 0.0558253 0.0547539 0.0527924 0.0498535 0.045971 0.041169 0.03567 0.0297148 0.023602 0.0176907 0.0122301 0.0074879 0.00360556 0.000679865 -0.00127549 -0.00232295 -0.00256049 -0.00217765 -0.00132256 -0.000213003 0.00100229 0.0022019 0.00325602 0.0041573 0.00482781 0.00528314 0.00553314 0.00554562 0.00538739 0.00501357 
0 0.00263349 0.00532873 0.00814129 0.0111304 0.0143288 0.0177782 0.0214787 0.0254122 0.029534 0.0337263 0.0378722 0.0417735 0.0452201 0.0480207 0.0499514 0.0508894 0.0507413 0.049482 0.0472101 0.0440585 0.0402715 0.0361696 0.0320742 0.0283487 0.0252948 0.0231071 0.0219356 0.0217757 0.0225626 0.0241722 0.0263878 0.0290139 0.0318144 0.0346207 0.0372788 0.0397054 0.0418564 0.0436843 0.045234 0.0465075 0.0475537 0.0484145 0.0491262 0.0496857 0.0501477 0.0505171 0.0507765 0.0510041 0.0511507 0.0512428 0.0512857 0.0512812 0.0512146 0.0511347 0.0510244 0.0508663 0.0506932 0.0504823 0.0502689 0.0500149 0.0497655 0.0495006 0.0492238 0.0489065 0.0486176 0.0483232 0.0480055 0.0476868 0.0473659 0.047051 0.046735 0.0464232 0.0460862 0.045788 0.0454782 0.0451746 0.0448626 0.0445847 0.044289 0.0440196 0.0437413 0.0434868 0.0432362 0.0430045 0.0427635 0.042559 0.0423613 0.0421656 0.041987 0.0418429 0.0416916 0.0415532 0.0414518 0.041359 0.0412652 0.0412057 0.0411721 0.0411311 0.0411156 0.0411345 0.0411563 0.0411838 0.0412535 0.0413351 0.0414151 0.0415264 0.0416664 0.0418017 0.0419533 0.0421433 0.0423327 0.0425304 0.0427547 0.0430004 0.0432365 0.0435035 0.0437775 0.0440689 0.0443585 0.044675 0.0449826 0.0453253 0.0456519 0.0459966 0.0463439 0.0467183 0.0470648 0.0474414 0.0478104 0.0481874 0.0485686 0.048957 0.0493212 0.049702 0.0501001 0.0504706 0.0508434 0.0512056 0.0515775 0.051929 0.0522874 0.0526155 0.0529475 0.0532398 0.0535408 0.0538328 0.0540812 0.0543108 0.0545259 0.0547094 0.054863 0.0550236 0.0551219 0.0552193 0.0553003 0.055371 0.0554648 0.0555999 0.0557936 0.0560788 0.0565104 0.0570894 0.0578651 0.0588062 0.0598886 0.0610284 0.0621051 0.0629529 0.0633415 0.0630915 0.0619739 0.0598608 0.0566764 0.0523936 0.0471358 0.0410859 0.0345212 0.0278046 0.0212731 0.0152491 0.0100143 0.00572098 0.00248814 0.000330122 -0.000836089 -0.00110507 -0.000678778 0.000251085 0.0014948 0.00284567 0.00417934 0.00537835 0.00636913 0.00713061 0.00763381 0.00788696 0.00790287 0.00768009 0.0072408 
0 0.00310511 0.00628578 0.00958396 0.0130841 0.0168065 0.0207926 0.0250492 0.029534 0.0342059 0.0389305 0.043569 0.0479128 0.051736 0.0548249 0.0569471 0.0579693 0.0577732 0.0563571 0.0538061 0.0502728 0.0460506 0.0414448 0.0368443 0.0326159 0.0290678 0.0264542 0.0249011 0.0244431 0.0250189 0.0264852 0.0286248 0.0312322 0.034053 0.0368972 0.0396206 0.0420773 0.0442477 0.0460831 0.0476037 0.0488447 0.0498241 0.0505838 0.0511667 0.0516092 0.0519352 0.052173 0.0523071 0.0523816 0.0523892 0.0523493 0.0522647 0.0521223 0.0519563 0.0517669 0.0515376 0.0512734 0.0510036 0.0507042 0.050412 0.0500946 0.0497445 0.0493987 0.0490691 0.0487178 0.0483512 0.0479863 0.0476261 0.0472803 0.0469095 0.0465402 0.046194 0.0458518 0.0454836 0.0451466 0.0448179 0.0444839 0.0441534 0.0438468 0.0435401 0.0432465 0.0429562 0.0426809 0.0424258 0.0421755 0.041926 0.0417102 0.0415105 0.0413001 0.0411184 0.0409702 0.0408152 0.0406683 0.0405693 0.040474 0.0403762 0.0403162 0.0402864 0.0402422 0.0402271 0.0402506 0.0402744 0.0403007 0.0403772 0.0404636 0.0405453 0.040661 0.0408121 0.0409498 0.0411086 0.0413083 0.0415103 0.041711 0.0419518 0.0422091 0.0424609 0.0427363 0.0430352 0.0433393 0.0436521 0.0439833 0.0443235 0.044684 0.0450405 0.0454085 0.0457999 0.0461999 0.0465778 0.0469924 0.0474215 0.0478366 0.0482467 0.0486892 0.0491323 0.0495761 0.0500049 0.0504421 0.0509075 0.0513614 0.0517896 0.052231 0.0526849 0.0531151 0.0535526 0.0539713 0.0543856 0.0547941 0.0551875 0.0555557 0.0559271 0.0562794 0.0566105 0.0569231 0.0572095 0.0575094 0.0578006 0.0581014 0.0584253 0.0587987 0.0592536 0.0598421 0.0605727 0.0614872 0.0626092 0.0638938 0.0653341 0.0668021 0.0681701 0.0692597 0.0698347 0.0696782 0.0685757 0.0663645 0.0629602 0.0583821 0.0527238 0.0462271 0.0391803 0.0319491 0.0249243 0.0184275 0.0127755 0.00814422 0.00465781 0.00233611 0.00109812 0.000831092 0.00131916 0.00236741 0.00374497 0.00525287 0.00674183 0.00806995 0.0091861 0.0100272 0.0105869 0.0108724 0.0108732 0.0106277 0.0101225 
0 0.00360882 0.00729604 0.0111055 0.0151238 0.0193749 0.0238968 0.0286976 0.0337263 0.0389305 0.0441656 0.0492676 0.0540213 0.0581811 0.0615147 0.0637869 0.0648457 0.0645733 0.0629707 0.0601261 0.0562141 0.0515461 0.0464463 0.0413288 0.0365754 0.032511 0.0294191 0.0274351 0.026617 0.0269047 0.0281439 0.0301189 0.0326054 0.0353571 0.0381673 0.0408812 0.0433329 0.045481 0.0472822 0.0487451 0.0499155 0.050801 0.051449 0.0519019 0.0522123 0.0524001 0.0524885 0.0524763 0.0523975 0.0522728 0.0521051 0.0518956 0.0516236 0.0513384 0.0510409 0.050717 0.0503647 0.0500008 0.0496237 0.0492533 0.0488718 0.04846 0.0480651 0.0476793 0.0472812 0.0468707 0.0464736 0.0460839 0.0457029 0.0453032 0.0449113 0.0445494 0.0441834 0.043801 0.0434447 0.043109 0.042761 0.0424232 0.0421028 0.041796 0.0414929 0.0411993 0.040918 0.0406646 0.0404087 0.04016 0.0399428 0.0397445 0.0395333 0.0393539 0.0392063 0.0390534 0.0389085 0.0388111 0.0387181 0.0386227 0.0385652 0.0385364 0.0384956 0.0384819 0.0385075 0.0385324 0.038562 0.038639 0.0387273 0.0388106 0.0389285 0.0390807 0.0392206 0.0393816 0.0395831 0.0397889 0.0399915 0.0402366 0.0404976 0.0407562 0.0410333 0.0413425 0.0416526 0.0419749 0.0423115 0.0426694 0.0430376 0.04341 0.0437898 0.0442035 0.0446185 0.0450224 0.0454542 0.0459116 0.046356 0.0468012 0.0472744 0.0477552 0.0482409 0.0487188 0.0492127 0.0497288 0.0502435 0.0507365 0.0512592 0.0517954 0.0523189 0.05284 0.0533629 0.0538947 0.0544316 0.0549567 0.055459 0.055977 0.0564916 0.0570014 0.0574906 0.0579755 0.0584794 0.0589938 0.0595301 0.0601048 0.0607546 0.0615143 0.0624349 0.0635099 0.0647892 0.066285 0.0679627 0.0697918 0.0716278 0.07332 0.0746703 0.0754456 0.0754054 0.0743396 0.0720708 0.0685139 0.0637055 0.0577463 0.0509004 0.0434739 0.0358465 0.0284316 0.0215761 0.0156102 0.0107354 0.00707981 0.00466112 0.00340386 0.00317423 0.0037558 0.0049409 0.00647856 0.00816773 0.00983669 0.0113342 0.0126021 0.0135627 0.014211 0.0145494 0.0145654 0.0143043 0.0137496 
0 0.00411324 0.00829644 0.0126273 0.0171572 0.0219376 0.0269935 0.0323183 0.0378722 0.043569 0.0492676 0.0547805 0.0598889 0.0643243 0.067848 0.0702258 0.0712692 0.0709025 0.0690806 0.065927 0.0616437 0.056507 0.0509365 0.0452944 0.0400034 0.0354232 0.0317997 0.029345 0.028099 0.0280172 0.0289502 0.0306864 0.0329741 0.035588 0.03832 0.0409508 0.0433743 0.0454667 0.0472039 0.0486128 0.0496971 0.0504863 0.051017 0.0513483 0.0515079 0.0515727 0.0515215 0.0513637 0.0511548 0.0509045 0.0506198 0.0502922 0.0499343 0.0495363 0.0491545 0.0487619 0.0483397 0.0478999 0.0474759 0.0470602 0.0466169 0.0461788 0.0457538 0.0453386 0.0448998 0.0444801 0.0440678 0.0436664 0.0432597 0.0428565 0.0424644 0.0420931 0.0417205 0.041339 0.0409857 0.0406446 0.0403064 0.0399659 0.0396543 0.0393487 0.0390576 0.0387634 0.0384975 0.0382445 0.0380018 0.0377586 0.037554 0.0373566 0.0371622 0.0369875 0.0368477 0.0367009 0.0365705 0.0364726 0.0363878 0.0363005 0.036249 0.0362182 0.0361875 0.0361765 0.0362015 0.0362267 0.0362637 0.036335 0.0364226 0.036507 0.0366253 0.0367675 0.0369106 0.0370674 0.0372646 0.0374624 0.037669 0.0379029 0.0381631 0.038415 0.0386933 0.0389916 0.0393068 0.0396196 0.0399602 0.0403127 0.0406855 0.041053 0.041444 0.0418527 0.0422746 0.0426896 0.0431318 0.0435893 0.0440482 0.0445192 0.0450062 0.0455025 0.0460039 0.0465273 0.0470504 0.0475953 0.0481422 0.0487019 0.0492643 0.0498583 0.0504563 0.0510468 0.0516416 0.052272 0.0529198 0.0535371 0.0541691 0.0548173 0.0554815 0.0561415 0.0568129 0.0574769 0.0581796 0.0589318 0.0597025 0.0605406 0.0614803 0.0625678 0.0638208 0.0652847 0.0669463 0.068835 0.0709417 0.0731552 0.0753708 0.0773905 0.0790066 0.0799833 0.0800876 0.0790742 0.0767816 0.0731413 0.0681486 0.0619961 0.0549 0.0472028 0.0393188 0.03162 0.0245292 0.0183526 0.0133228 0.00958029 0.00713383 0.00591818 0.00577894 0.00651155 0.0078714 0.00962577 0.0115396 0.0134258 0.0151508 0.0165947 0.0177263 0.0185039 0.0189234 0.0190143 0.018759 0.0182008 
0 0.00459379 0.00926378 0.0140794 0.0191015 0.0243787 0.0299278 0.0357424 0.0417735 0.0479128 0.0540213 0.0598889 0.0652754 0.0699305 0.0735736 0.0759914 0.0769951 0.0764664 0.0744266 0.0709506 0.0662701 0.0607149 0.0546426 0.048505 0.0426926 0.0375602 0.0334222 0.0304452 0.0287235 0.028219 0.0287806 0.0301989 0.0322406 0.0346676 0.0372447 0.0398005 0.0421364 0.0441624 0.0458562 0.0471904 0.0482106 0.0489264 0.0493604 0.049565 0.0496336 0.0495673 0.0493988 0.0491573 0.0488262 0.0484755 0.0481023 0.0476971 0.0472464 0.0468124 0.0463721 0.0459176 0.0454544 0.0449858 0.0445343 0.0440857 0.0436543 0.0431875 0.042739 0.0423155 0.0419177 0.0414794 0.0410535 0.0406601 0.0402797 0.0398846 0.039492 0.0391317 0.0387722 0.0384202 0.038064 0.0377447 0.0374162 0.0371061 0.0367947 0.0365196 0.0362323 0.0359692 0.0357102 0.0354819 0.0352454 0.0350344 0.0348337 0.0346558 0.034476 0.0343233 0.0341839 0.0340583 0.0339416 0.0338513 0.0337714 0.0337032 0.0336548 0.0336255 0.0336047 0.0336017 0.0336202 0.0336495 0.0336922 0.0337582 0.0338378 0.0339283 0.0340388 0.0341706 0.0343081 0.0344657 0.034642 0.0348355 0.0350324 0.035259 0.0354956 0.0357499 0.0360068 0.0362998 0.0365926 0.0369058 0.0372214 0.0375771 0.0379219 0.0382897 0.038664 0.0390761 0.0394709 0.0398874 0.0403184 0.0407835 0.0412328 0.0416867 0.0421737 0.0426951 0.0432028 0.0436941 0.0442404 0.044812 0.045384 0.045937 0.0465416 0.0471604 0.0477969 0.0484307 0.0490986 0.0497782 0.0504763 0.0511967 0.051915 0.052667 0.0534533 0.0542555 0.0550402 0.0558879 0.0567788 0.0577239 0.0587417 0.0598312 0.0610478 0.0624507 0.0640677 0.0658863 0.0679588 0.0702574 0.0727578 0.0753811 0.077951 0.0802852 0.082161 0.0833438 0.083572 0.0826373 0.0803521 0.0766399 0.0715718 0.0652747 0.0580373 0.0502021 0.0421448 0.0343141 0.0270883 0.0208066 0.0157326 0.0119814 0.00959045 0.00848877 0.00850512 0.00943938 0.0110429 0.0130534 0.0152512 0.0174235 0.0194129 0.021125 0.022473 0.0234429 0.0240251 0.0242138 0.0240475 0.0235172 
0 0.0050293 0.0101293 0.0153861 0.020842 0.026558 0.0325425 0.0387808 0.0452201 0.051736 0.0581811 0.0643243 0.0699305 0.0747203 0.0784282 0.0808336 0.0817202 0.0810266 0.0787183 0.0749183 0.0698777 0.0638796 0.0573745 0.050746 0.0444163 0.0387729 0.0340841 0.0305895 0.0283717 0.0274054 0.0275526 0.0286235 0.0303556 0.0325453 0.0349661 0.0373797 0.0396608 0.0416332 0.0432782 0.0445835 0.0455534 0.0462147 0.0465906 0.0467495 0.0467311 0.0466061 0.0463621 0.0460349 0.0456427 0.0452417 0.044819 0.0443633 0.0439026 0.043412 0.0429438 0.0424888 0.0420289 0.0415466 0.0411043 0.0406581 0.0402113 0.039783 0.0393683 0.0389577 0.0385415 0.0381436 0.0377612 0.0373963 0.0370083 0.0366471 0.0362969 0.035959 0.0356164 0.0352945 0.0349716 0.0346711 0.0343765 0.0340865 0.0338098 0.0335525 0.0332984 0.0330542 0.0328319 0.0326133 0.0324104 0.0322206 0.0320462 0.0318758 0.0317324 0.0315922 0.0314689 0.031357 0.0312687 0.0311784 0.0311143 0.0310602 0.0310235 0.0309897 0.0309865 0.0309863 0.0310039 0.0310312 0.0310858 0.0311386 0.0312154 0.031304 0.0314124 0.0315217 0.0316612 0.0318066 0.0319687 0.032141 0.0323391 0.0325379 0.0327604 0.0329948 0.0332436 0.0335026 0.0337867 0.0340735 0.0343759 0.0347005 0.0350336 0.0353749 0.0357363 0.0361138 0.0364949 0.0369016 0.0373084 0.0377336 0.0381745 0.038638 0.0390915 0.0395747 0.0400661 0.0405866 0.0411122 0.0416502 0.0422032 0.0427891 0.0433844 0.0440044 0.0446572 0.0452968 0.0459751 0.0466996 0.0474516 0.0481951 0.0489834 0.0497954 0.0506582 0.051552 0.052471 0.0534403 0.0544726 0.0556005 0.0568006 0.0581265 0.0596144 0.0613253 0.0632572 0.0654501 0.0678876 0.0705644 0.0734756 0.0764525 0.0793709 0.081996 0.0840963 0.0854471 0.0857976 0.0849169 0.0826491 0.0789354 0.0738041 0.0674756 0.0601764 0.0522806 0.0441969 0.0363124 0.0290833 0.0228135 0.0177832 0.0141319 0.0118713 0.0109509 0.0111882 0.0123876 0.0142839 0.0166271 0.0191715 0.0216943 0.0240459 0.0260798 0.0277421 0.0289824 0.0297843 0.0301728 0.0301331 0.0297054 
0 0.00537469 0.010822 0.0164332 0.0222465 0.0283245 0.0346687 0.0412529 0.0480207 0.0548249 0.0615147 0.067848 0.0735736 0.0784282 0.0821237 0.0844508 0.0852026 0.0842977 0.0817337 0.0776179 0.0722166 0.0658352 0.0589045 0.0518366 0.0450399 0.0389019 0.0337065 0.0296942 0.0269663 0.0255161 0.0252268 0.0259106 0.0273353 0.0292849 0.0315256 0.0338316 0.036039 0.0379782 0.0396204 0.0409301 0.0419062 0.0425786 0.0429485 0.0430854 0.043052 0.0428925 0.0426265 0.0422936 0.041888 0.0414664 0.041032 0.0405721 0.0401165 0.0396557 0.0392068 0.0387626 0.0383201 0.0378755 0.0374644 0.0370506 0.0366506 0.0362563 0.0358593 0.0354851 0.0351312 0.0347687 0.0344073 0.0340723 0.0337335 0.0334149 0.0330959 0.0327816 0.0324786 0.0322009 0.031909 0.0316366 0.0313772 0.0311255 0.0308806 0.0306542 0.0304285 0.0302218 0.0300293 0.0298358 0.0296603 0.0295069 0.0293517 0.0292034 0.029089 0.0289737 0.0288611 0.0287735 0.0287065 0.0286271 0.0285731 0.0285403 0.02851 0.0284805 0.0284878 0.0284965 0.0285085 0.0285399 0.0285981 0.0286447 0.0287121 0.0288032 0.028901 0.0289952 0.0291262 0.0292648 0.0294027 0.0295601 0.0297464 0.0299246 0.0301189 0.03034 0.0305666 0.0307979 0.0310556 0.0313237 0.0315979 0.0318953 0.0321986 0.0325163 0.0328532 0.0332011 0.0335483 0.0339304 0.0343159 0.0347132 0.0351223 0.03555 0.0359835 0.0364527 0.0369142 0.0373864 0.0378926 0.0384196 0.038949 0.0395027 0.0400762 0.0406713 0.0413057 0.0419461 0.0426225 0.0433305 0.0440688 0.0448333 0.0456463 0.0464898 0.0473945 0.0483366 0.0493142 0.0503785 0.0515275 0.0527855 0.0541614 0.0556825 0.0573948 0.0593702 0.0616012 0.064118 0.0669102 0.0699441 0.0731901 0.0764893 0.0796802 0.0825356 0.0848213 0.0863022 0.0867375 0.0859031 0.0836516 0.0799334 0.0748079 0.068486 0.061217 0.0533744 0.0453456 0.0375423 0.0303973 0.0242321 0.01934 0.0158523 0.0138046 0.0131347 0.013664 0.015199 0.0174645 0.0202084 0.0231756 0.026131 0.0289107 0.0313619 0.0334118 0.0350075 0.0361263 0.0367812 0.0369671 0.0367103 
0 0.00561809 0.0113117 0.0171673 0.0232296 0.0295546 0.0361442 0.0429642 0.0499514 0.0569471 0.0637869 0.0702258 0.0759914 0.0808336 0.0844508 0.0866389 0.0872148 0.0860691 0.083243 0.0788321 0.0731044 0.066398 0.0591002 0.0516556 0.044451 0.0378674 0.0322141 0.0277195 0.0245134 0.0225973 0.021881 0.022177 0.023287 0.0249907 0.0270495 0.0292658 0.0314278 0.0333857 0.0350752 0.036441 0.0374779 0.0382115 0.0386473 0.0388379 0.0388636 0.0387332 0.0384988 0.0381976 0.0378267 0.0374394 0.03704 0.0366257 0.0362063 0.0357956 0.0353841 0.0349878 0.0345984 0.0342188 0.0338534 0.0334793 0.033133 0.0327977 0.0324594 0.0321256 0.0318183 0.0315015 0.0311999 0.0309059 0.0306104 0.0303339 0.0300658 0.029791 0.0295293 0.0292945 0.0290447 0.0288112 0.0285881 0.0283793 0.0281709 0.0279806 0.0277853 0.027621 0.0274581 0.0272951 0.0271475 0.0270318 0.0268967 0.0267753 0.0266861 0.0265982 0.0264982 0.0264354 0.026386 0.0263226 0.026278 0.0262646 0.0262406 0.0262197 0.0262334 0.0262512 0.0262596 0.026296 0.0263533 0.0263975 0.0264557 0.0265475 0.026633 0.0267167 0.0268355 0.0269666 0.0270811 0.0272252 0.0273943 0.0275542 0.027719 0.0279253 0.0281261 0.0283311 0.0285576 0.0288063 0.0290471 0.0293144 0.0295857 0.0298774 0.030178 0.0304919 0.0308076 0.0311594 0.031507 0.0318637 0.032246 0.0326413 0.0330354 0.0334571 0.0338928 0.0343318 0.0348037 0.0352806 0.0357735 0.0362933 0.0368405 0.0373944 0.0379853 0.0385961 0.0392441 0.039926 0.040636 0.0413928 0.0421871 0.0430252 0.0439282 0.0448915 0.0459032 0.0470212 0.0482363 0.0495705 0.0510722 0.0527474 0.0546555 0.0568516 0.0593387 0.0621241 0.0652114 0.0685469 0.0720669 0.0756339 0.0790355 0.0820602 0.0844631 0.0860094 0.0864718 0.0856449 0.0833966 0.0796816 0.0745976 0.0683251 0.0611477 0.0534266 0.0455295 0.0378998 0.0309288 0.0249672 0.0203028 0.017061 0.0153006 0.0149432 0.0158251 0.0177483 0.0204419 0.0236477 0.0271065 0.0305757 0.0338668 0.0368301 0.0393604 0.041404 0.042932 0.0439343 0.044427 0.044411 
0 0.00572224 0.0115305 0.0174961 0.0236879 0.0301405 0.0368571 0.043808 0.0508894 0.0579693 0.0648457 0.0712692 0.0769951 0.0817202 0.0852026 0.0872148 0.0875639 0.0862025 0.0831086 0.0784406 0.0724558 0.0654587 0.0578952 0.0501422 0.0426085 0.0356758 0.0296256 0.0247139 0.0210746 0.0187274 0.0175948 0.0175457 0.0183558 0.0198359 0.0217688 0.0238958 0.026067 0.028088 0.0298687 0.0313612 0.0325326 0.0333877 0.0339495 0.0342788 0.0343886 0.0343611 0.0342172 0.033988 0.0337064 0.0333995 0.0330653 0.0327132 0.0323929 0.0320448 0.0317039 0.0313785 0.0310657 0.0307498 0.0304542 0.0301535 0.02985 0.0295823 0.029312 0.0290412 0.0287572 0.0285076 0.028266 0.0280223 0.0277567 0.0275337 0.0273191 0.0270875 0.0268649 0.026669 0.0264737 0.0262727 0.0260933 0.0259172 0.0257601 0.0255928 0.0254434 0.0253059 0.0251867 0.0250429 0.0249373 0.0248419 0.0247427 0.0246379 0.024582 0.0245094 0.0244371 0.0243865 0.0243612 0.0243082 0.0242824 0.0242758 0.0242672 0.0242507 0.0242746 0.024293 0.0243088 0.0243424 0.0244023 0.0244398 0.0244986 0.0245794 0.0246611 0.0247302 0.0248436 0.0249549 0.0250606 0.0251812 0.0253405 0.025472 0.0256231 0.0257981 0.0259862 0.0261532 0.0263622 0.0265757 0.0267981 0.0270193 0.0272723 0.0275271 0.0277995 0.0280661 0.0283603 0.0286769 0.0289881 0.0292976 0.0296484 0.0300217 0.0303696 0.0307393 0.0311371 0.0315654 0.0319764 0.0324035 0.0328558 0.0333534 0.0338361 0.0343446 0.034893 0.0354591 0.0360545 0.0366918 0.0373619 0.0380591 0.0388337 0.0396374 0.0405045 0.0414452 0.0424747 0.043592 0.0448363 0.0462389 0.0478066 0.0496102 0.0516723 0.0540406 0.0567256 0.0597531 0.0630699 0.0666396 0.0703832 0.0741025 0.0776433 0.0807482 0.0831804 0.084725 0.085155 0.0842819 0.0820024 0.0782968 0.0732391 0.06707 0.0600293 0.0524785 0.0448165 0.0374085 0.0307014 0.0250152 0.0206237 0.0177026 0.0162666 0.0162762 0.0175679 0.0199301 0.0231154 0.0268472 0.0308618 0.0349114 0.0387914 0.0423317 0.0454265 0.0479979 0.0500078 0.0514522 0.0523166 0.052622 
0 0.00569165 0.0114657 0.0174139 0.023585 0.0300273 0.0367418 0.0436725 0.0507413 0.0577732 0.0645733 0.0709025 0.0764664 0.0810266 0.0842977 0.0860691 0.0862025 0.0845777 0.0812724 0.0763947 0.0701918 0.0630356 0.055263 0.0473176 0.0395699 0.0323675 0.0260346 0.0207905 0.0167871 0.0140629 0.012583 0.0121932 0.0127584 0.0140566 0.0158575 0.0179795 0.0201718 0.0223051 0.0242465 0.0259213 0.0272817 0.0283388 0.0291043 0.0295944 0.0298954 0.0299984 0.0299859 0.0298927 0.0297426 0.029531 0.029296 0.0290556 0.0288009 0.0285729 0.0283236 0.0280725 0.0278214 0.0276086 0.0273737 0.0271356 0.026919 0.0267122 0.026488 0.0262597 0.0260685 0.0258677 0.0256678 0.0254523 0.0252689 0.0250879 0.0249157 0.0247196 0.024552 0.0243971 0.024245 0.0240829 0.0239375 0.0238087 0.0236825 0.023555 0.0234319 0.0233389 0.0232378 0.0231372 0.0230483 0.0229898 0.0229051 0.0228391 0.0227891 0.0227501 0.0226883 0.0226654 0.022641 0.0226183 0.0225941 0.0226058 0.0225969 0.0226028 0.0226183 0.0226506 0.0226624 0.0227077 0.0227522 0.0228013 0.0228478 0.0229307 0.0229935 0.02307 0.0231595 0.0232682 0.0233518 0.0234711 0.0235977 0.0237258 0.0238468 0.0240114 0.0241653 0.0243229 0.0244928 0.0246924 0.0248797 0.0250787 0.0252931 0.0255267 0.0257619 0.0259997 0.0262584 0.0265329 0.0268179 0.0270975 0.0274069 0.0277179 0.0280542 0.0283898 0.028747 0.0291002 0.0294925 0.0298857 0.030296 0.0307234 0.031175 0.0316321 0.0321146 0.0326523 0.033197 0.0337615 0.03436 0.0350388 0.0357403 0.0365036 0.0373247 0.038222 0.0392172 0.0403357 0.0415879 0.0429951 0.0446422 0.046517 0.0486938 0.0511959 0.0540481 0.0572381 0.0607462 0.0644917 0.0683399 0.0721742 0.0757377 0.078837 0.0812303 0.0826814 0.0830059 0.0820384 0.0796891 0.0759519 0.0709597 0.0648746 0.058012 0.0506926 0.0432683 0.0361815 0.029766 0.0244053 0.0203627 0.0177754 0.0167298 0.0171354 0.0188642 0.0217106 0.0254118 0.0297111 0.0343265 0.0390061 0.043528 0.0477142 0.0514323 0.0545984 0.0571636 0.0591005 0.0604106 0.0610873 
0 0.00551332 0.0111233 0.0168974 0.0229197 0.029212 0.0357783 0.0425763 0.049482 0.0563571 0.0629707 0.0690806 0.0744266 0.0787183 0.0817337 0.083243 0.0831086 0.0812724 0.0777562 0.0727245 0.0664098 0.0591531 0.051315 0.0432833 0.0354308 0.0280886 0.0215732 0.0160928 0.0118207 0.00880578 0.0070166 0.00637567 0.00671411 0.00785484 0.00958971 0.011697 0.0139762 0.0162724 0.0184184 0.0203289 0.0219489 0.0232408 0.0242557 0.0250043 0.0255116 0.0258225 0.0259883 0.0260442 0.0260389 0.025975 0.0258607 0.0257335 0.0256033 0.0254657 0.0252989 0.025136 0.0249868 0.0248444 0.0246853 0.0245198 0.0243475 0.0241981 0.0240633 0.0239002 0.0237227 0.0235724 0.0234432 0.02329 0.0231323 0.0229879 0.0228656 0.022728 0.0225916 0.0224676 0.022361 0.0222393 0.0221274 0.0220306 0.0219408 0.0218414 0.0217562 0.0216852 0.0216142 0.0215405 0.0214819 0.0214355 0.0213829 0.0213366 0.0213046 0.0212782 0.0212453 0.021229 0.0212187 0.0212098 0.0212025 0.021213 0.0212189 0.0212325 0.0212528 0.0212827 0.0213076 0.021349 0.0213921 0.0214397 0.0214912 0.0215593 0.021621 0.0216927 0.0217751 0.0218646 0.0219488 0.0220518 0.022163 0.0222737 0.0223891 0.0225251 0.0226642 0.0228018 0.0229539 0.0231234 0.0232938 0.0234628 0.0236565 0.0238621 0.0240649 0.0242708 0.0245117 0.0247546 0.024993 0.0252399 0.0255271 0.0258169 0.026097 0.0263798 0.0267147 0.0270636 0.0273895 0.0277205 0.0281033 0.028505 0.0289007 0.029312 0.0297484 0.0302203 0.0307141 0.0312339 0.0317833 0.0323875 0.0330371 0.0337384 0.0344942 0.0353527 0.0363263 0.0374068 0.0386374 0.0400623 0.0417248 0.0436774 0.0459535 0.0485517 0.0515257 0.0548484 0.0584705 0.0623174 0.0662381 0.0700658 0.0735998 0.0766065 0.0788531 0.0801465 0.0802876 0.0791656 0.0767108 0.0729382 0.0679763 0.0620097 0.0553293 0.0482449 0.0411298 0.0343575 0.0282994 0.0233028 0.0196118 0.0174134 0.0167441 0.0175639 0.0197434 0.0230666 0.0273082 0.0321815 0.0374173 0.0427527 0.0479442 0.0528078 0.0571884 0.0609885 0.0641456 0.0666238 0.0684116 0.069502 
0 0.00520017 0.0105001 0.0159783 0.0217132 0.0277326 0.0340349 0.0405693 0.0472101 0.0538061 0.0601261 0.065927 0.0709506 0.0749183 0.0776179 0.0788321 0.0784406 0.0763947 0.0727245 0.0676041 0.0612532 0.0540037 0.0461959 0.0381942 0.0303614 0.0230005 0.0164217 0.0108216 0.00636752 0.00313351 0.00110741 0.000249147 0.000418837 0.00145214 0.00314929 0.00529249 0.00768262 0.0101601 0.0125485 0.0147402 0.0166601 0.0182581 0.0195743 0.0206017 0.0213646 0.0219076 0.0222782 0.0225323 0.0227098 0.0227961 0.0228159 0.0228108 0.0227879 0.0227657 0.0227099 0.0226292 0.0225521 0.0224819 0.0223908 0.0222963 0.0221937 0.0220964 0.0219991 0.0218804 0.0217682 0.0216739 0.02157 0.0214475 0.0213449 0.0212446 0.0211514 0.0210482 0.0209487 0.0208588 0.0207863 0.0206945 0.0206126 0.0205469 0.0204829 0.0204113 0.0203562 0.0203057 0.0202552 0.0202121 0.0201735 0.0201396 0.020111 0.020088 0.0200641 0.0200528 0.0200416 0.0200351 0.0200306 0.0200389 0.0200423 0.0200549 0.0200695 0.0200945 0.0201146 0.0201465 0.0201793 0.0202217 0.0202594 0.0203109 0.0203633 0.0204227 0.0204802 0.0205539 0.0206253 0.0207031 0.0207857 0.0208806 0.0209723 0.0210753 0.0211837 0.0212991 0.0214205 0.0215497 0.0216824 0.0218291 0.0219842 0.0221344 0.0223033 0.0224885 0.0226703 0.0228524 0.0230667 0.0232812 0.0235006 0.0237279 0.023974 0.0242263 0.0244971 0.0247605 0.0250464 0.0253509 0.0256561 0.0259686 0.0263139 0.0266647 0.0270189 0.0273943 0.0277916 0.0282269 0.0286713 0.0291228 0.0296169 0.0301761 0.0307704 0.0314176 0.0321174 0.0329152 0.0338455 0.0349013 0.0361175 0.0375523 0.0392468 0.0412498 0.043595 0.0462781 0.0493496 0.0527725 0.0564805 0.0603714 0.0642787 0.0680343 0.0714426 0.0742762 0.0763163 0.0773769 0.0772825 0.0759595 0.0733577 0.0695243 0.0645928 0.0587439 0.0522676 0.0454513 0.0386558 0.0322343 0.0265391 0.0219085 0.01858 0.0167445 0.0164496 0.017664 0.0202693 0.024061 0.028813 0.034246 0.0400845 0.0460561 0.0519123 0.0574445 0.0624901 0.0669313 0.0706891 0.0737237 0.076003 0.0775236 
