0 0 0 0 0 0 0 0 0 0 0 0 0 0 0 0 0 0 0 0 0 0 0 0 0 0 0 0 0 0 0 0 0 0 0 0 0 0 0 0 0 0 0 0 0 0 0 0 0 0 0 0 0 0 0 0 0 0 0 0 0 0 0 0 0 0 0 0 0 0 0 0 0 0 0 0 0 0 0 0 0 0 0 0 0 0 0 0 0 0 0 0 0 0 0 0 0 0 0 0 0 0 0 0 0 0 0 0 0 0 0 0 0 0 0 0 0 0 0 0 0 0 0 0 0 0 0 0 0 0 0 0 0 0 0 0 0 0 0 0 0 0 0 0 0 0 0 0 0 0 0 0 0 0 0 0 0 0 0 0 0 0 0 0 0 0 0 0 0 0 0 0 0 0 0 0 0 0 0 0 0 0 0 0 0 0 0 0 0 0 0 0 0 0 0 0 0 0 0 0 
0 2.3723e-05 5.97731e-05 8.94835e-05 0.000136595 0.000195042 0.000263297 0.000364794 0.000482048 0.000635517 0.000828325 0.00105164 0.00132738 0.00163867 0.00199032 0.00237671 0.00277784 0.00317827 0.00355089 0.00386549 0.00408323 0.00419524 0.00415577 0.00397311 0.00364986 0.00316746 0.00259777 0.00193115 0.00123747 0.000583047 -1.4122e-05 -0.000472386 -0.000792043 -0.000954247 -0.000963893 -0.000824997 -0.000570756 -0.000224945 0.000182318 0.000586321 0.000997579 0.00137781 0.0017411 0.00206884 0.00236472 0.00262355 0.00284149 0.00306632 0.00326706 0.00346045 0.00364078 0.00381954 0.00397802 0.0041533 0.00432365 0.00446929 0.00463142 0.00478917 0.00494051 0.00507421 0.0052247 0.00536613 0.00551022 0.00563078 0.00575852 0.0058922 0.00601564 0.00613014 0.0062424 0.00635545 0.00646022 0.00657327 0.00666231 0.0067584 0.00685371 0.00694925 0.00702128 0.00710866 0.00718689 0.0072632 0.00732875 0.00739898 0.0074611 0.007526 0.00757905 0.00763025 0.00768527 0.00773415 0.00777032 0.00781176 0.00785707 0.00788366 0.00791028 0.00794427 0.00797043 0.00797969 0.00800281 0.00802158 0.00802665 0.00802841 0.00804399 0.00804074 0.00803197 0.00802991 0.00802834 0.0080052 0.00799069 0.00797909 0.00795493 0.00792141 0.0079008 0.00787122 0.00782935 0.00779163 0.00775573 0.00770894 0.00765721 0.00760978 0.00755435 0.00749958 0.00743441 0.00737131 0.0073044 0.00724075 0.00715478 0.00708308 0.00700566 0.00692342 0.00682639 0.00674657 0.00664862 0.00655335 0.00645428 0.0063527 0.00624197 0.00613662 0.00602846 0.005912 0.00579758 0.00567115 0.00556021 0.00543496 0.00531154 0.00518554 0.00506864 0.00492614 0.00480661 0.00469608 0.00456774 0.00444247 0.00432385 0.00422021 0.00412097 0.0040494 0.0039704 0.00392451 0.00391057 0.00394251 0.00400776 0.00409991 0.0042321 0.00436245 0.00450698 0.00461032 0.00464209 0.00457068 0.0043788 0.00403759 0.00354988 0.00293242 0.0021696 0.00135221 0.000490255 -0.000348923 -0.00109744 -0.0017558 -0.00226173 -0.00262199 -0.00282898 -0.00288423 -0.0028091 -0.00262989 -0.00237633 -0.00207505 -0.00177019 -0.00146132 -0.00118333 -0.00093833 -0.000718274 -0.000548986 -0.000400117 -0.000287427 -0.000206237 -0.0001365 -9.91005e-05 -6.84021e-05 -4.96879e-05 -4.73707e-05 -3.94254e-05 -4.76243e-05 
0 5.97731e-05 0.00010704 0.000195492 0.000274707 0.000396938 0.000557024 0.000741222 0.00100373 0.00130578 0.00168549 0.00214834 0.00267975 0.00331083 0.00401469 0.00478494 0.00559755 0.0064047 0.00715172 0.00778178 0.00822735 0.00843011 0.00836811 0.00800173 0.00734498 0.00642314 0.00526398 0.00395547 0.00258544 0.00125806 9.10633e-05 -0.000827997 -0.00146092 -0.00177695 -0.00178089 -0.00152395 -0.0010147 -0.000321908 0.000454706 0.00129286 0.00210695 0.00286461 0.003594 0.00424625 0.00481739 0.00533579 0.00580281 0.00622517 0.00664683 0.00702795 0.00737171 0.00771696 0.00806275 0.00841186 0.0087275 0.00903698 0.00933717 0.00964245 0.00994524 0.0102482 0.0105069 0.0107617 0.0110558 0.0113225 0.0115587 0.0117899 0.0120434 0.0122729 0.0124986 0.0126944 0.0129116 0.013121 0.0133084 0.0134788 0.0136736 0.0138485 0.0139992 0.0141593 0.0143156 0.0144599 0.0145893 0.0147243 0.0148433 0.0149712 0.0150698 0.0151749 0.0152737 0.0153755 0.015438 0.0155273 0.0156033 0.0156664 0.0157076 0.0157832 0.0158218 0.0158535 0.0158851 0.0159326 0.0159313 0.0159481 0.0159639 0.0159708 0.015943 0.0159507 0.0159345 0.015904 0.0158643 0.0158524 0.0157952 0.0157432 0.0156918 0.0156447 0.015556 0.0154919 0.0154143 0.0153315 0.0152266 0.0151392 0.0150299 0.0149251 0.0148 0.0146772 0.0145521 0.014422 0.0142644 0.014118 0.0139809 0.0138086 0.0136306 0.0134646 0.0132999 0.0130999 0.0129046 0.0126992 0.0125202 0.0123105 0.012073 0.011841 0.0116529 0.0114241 0.0111651 0.0109238 0.0106929 0.0104607 0.0102094 0.0099585 0.0097041 0.00946699 0.00922626 0.00899914 0.00875615 0.00853798 0.00836242 0.00818635 0.00804533 0.00796891 0.00794837 0.00799903 0.00814173 0.00831948 0.00856046 0.00885618 0.00912407 0.00933243 0.00939598 0.00923789 0.0088352 0.00815542 0.00717904 0.00592537 0.0044369 0.0027777 0.00106119 -0.00060199 -0.00212689 -0.0034189 -0.00443601 -0.00515525 -0.00556035 -0.00567463 -0.00553502 -0.00518393 -0.00468406 -0.00410803 -0.00348588 -0.00288794 -0.00233505 -0.00182779 -0.00141801 -0.00105509 -0.000771295 -0.000559529 -0.000373716 -0.000268804 -0.000174657 -0.000117481 -9.99557e-05 -6.76567e-05 -8.30738e-05 -8.41929e-05 
0 8.94835e-05 0.000195492 0.000306299 0.000454281 0.000640613 0.000868036 0.00117533 0.00154956 0.0020213 0.00260669 0.00329671 0.00412519 0.00507206 0.00613527 0.00729747 0.00850819 0.00971196 0.0108313 0.0117748 0.012439 0.012772 0.0126755 0.0121468 0.0111914 0.00979664 0.008106 0.00615665 0.00412244 0.00218184 0.000436833 -0.000926184 -0.00187118 -0.00235272 -0.0023807 -0.0019808 -0.00123038 -0.000209829 0.000980529 0.00219749 0.00341712 0.00456042 0.00564409 0.00662508 0.00750517 0.00827985 0.00895075 0.00960663 0.010209 0.0107778 0.0113073 0.0118244 0.012304 0.0128073 0.0132915 0.013727 0.0141838 0.0146327 0.0150657 0.0154627 0.0158756 0.016273 0.016676 0.0170295 0.0173847 0.0177478 0.0180942 0.0184173 0.01873 0.0190366 0.0193316 0.0196348 0.0198891 0.0201494 0.0204113 0.0206664 0.0208743 0.0211059 0.0213208 0.0215268 0.0217091 0.0218966 0.0220675 0.0222408 0.0223863 0.0225269 0.0226726 0.0228042 0.0229053 0.023018 0.0231338 0.0232114 0.023284 0.0233732 0.0234405 0.0234747 0.0235316 0.0235813 0.023597 0.0236078 0.0236411 0.0236375 0.0236168 0.0236117 0.0236018 0.0235492 0.0235088 0.023476 0.0234119 0.0233294 0.0232688 0.0231907 0.023082 0.022982 0.0228827 0.02276 0.0226228 0.022494 0.0223472 0.0221975 0.022025 0.0218546 0.0216759 0.0214972 0.0212744 0.0210753 0.0208667 0.0206396 0.0203838 0.020157 0.0198985 0.0196342 0.0193606 0.0190796 0.0187849 0.0184914 0.0181845 0.0178624 0.0175481 0.0172059 0.0168795 0.0165306 0.0161857 0.0158349 0.0154912 0.0151041 0.0147565 0.0144281 0.0140685 0.0137146 0.0133744 0.0130713 0.0127943 0.0125737 0.0123614 0.0122372 0.0122087 0.0123028 0.0125006 0.0127793 0.0131557 0.0135509 0.0139548 0.0142408 0.0143111 0.0140722 0.0134671 0.0124305 0.0109593 0.00908973 0.00682956 0.00437334 0.00180753 -0.000687666 -0.00293983 -0.00489512 -0.00641986 -0.00750491 -0.00813363 -0.00831771 -0.00811659 -0.00760523 -0.00687141 -0.00600335 -0.00510363 -0.0042073 -0.00338945 -0.00266318 -0.00202907 -0.00152045 -0.00109307 -0.000767007 -0.000524559 -0.000337291 -0.000223401 -0.000142568 -9.75159e-05 -8.81732e-05 -8.53336e-05 -0.000105915 
0 0.000136595 0.000274707 0.000454281 0.000656798 0.000920322 0.00125392 0.00166605 0.00219556 0.00283655 0.00362361 0.00456581 0.00566786 0.00694351 0.00837031 0.00992444 0.0115492 0.0131624 0.014657 0.0159159 0.0168142 0.0172479 0.0171447 0.0164582 0.0151987 0.0134038 0.0111682 0.00862771 0.00596837 0.00340192 0.00112685 -0.000675324 -0.00191874 -0.00255254 -0.00258347 -0.00207602 -0.00109216 0.00024674 0.00178817 0.00341897 0.00502928 0.00655171 0.0079876 0.00928883 0.0104427 0.0114721 0.0123908 0.01324 0.0140456 0.0147881 0.0154724 0.0161359 0.0167866 0.0174348 0.0180439 0.018621 0.0191908 0.0197575 0.0203129 0.0208473 0.0213432 0.0218291 0.0223371 0.0228086 0.0232454 0.023676 0.0241116 0.0245221 0.0249137 0.0252788 0.0256509 0.026015 0.0263417 0.026653 0.0269782 0.0272818 0.0275504 0.0278244 0.0280905 0.0283388 0.0285663 0.0287912 0.0290017 0.0292102 0.0293883 0.0295625 0.0297347 0.0298957 0.0300199 0.0301596 0.0302907 0.0303935 0.0304796 0.030588 0.0306634 0.0307172 0.0307775 0.0308403 0.0308581 0.0308807 0.0309089 0.0309134 0.030888 0.0308858 0.030865 0.0308148 0.0307615 0.0307236 0.0306442 0.0305556 0.0304744 0.0303843 0.0302551 0.0301382 0.0300136 0.0298703 0.0297058 0.0295497 0.0293745 0.0291914 0.0289868 0.0287793 0.0285667 0.0283412 0.028083 0.0278345 0.0275866 0.027302 0.0270005 0.0267134 0.0264143 0.0260815 0.0257411 0.0253946 0.0250559 0.0246888 0.0242892 0.0238919 0.0235218 0.0231117 0.0226728 0.0222389 0.021814 0.0213832 0.0209339 0.0204684 0.0200126 0.0195754 0.0191312 0.0186929 0.0182565 0.0178597 0.0175176 0.0172111 0.0169608 0.0168199 0.0167996 0.0169238 0.017194 0.0175652 0.0180443 0.0185866 0.0190925 0.0194517 0.019521 0.0191696 0.0183284 0.0169325 0.0149624 0.0124523 0.00947662 0.00619489 0.00279626 -0.000504308 -0.00351962 -0.0060995 -0.00813786 -0.00958696 -0.0104278 -0.0106939 -0.0104537 -0.00980311 -0.00885855 -0.00774544 -0.00656221 -0.00540307 -0.00433052 -0.0033679 -0.00255524 -0.00187216 -0.00132514 -0.000907176 -0.000580453 -0.000361853 -0.000205033 -0.000110821 -6.94628e-05 -4.52498e-05 -6.76056e-05 -9.39724e-05 
0 0.000195042 0.000396938 0.000640613 0.000920322 0.00127056 0.00171079 0.00225212 0.00293411 0.00376385 0.00477139 0.00597478 0.0073777 0.00899123 0.0107912 0.0127422 0.0147758 0.01679 0.0186567 0.0202294 0.0213617 0.0219207 0.0218181 0.0209985 0.0194662 0.0172804 0.0145466 0.0114454 0.0081974 0.00505671 0.00227358 4.90657e-05 -0.00148879 -0.00228477 -0.00234168 -0.00172671 -0.000529116 0.00110562 0.00299967 0.00500747 0.00699498 0.00889217 0.0106686 0.0122869 0.013727 0.0150028 0.0161431 0.0171867 0.018167 0.0190715 0.019911 0.0207098 0.0214892 0.0222518 0.0229768 0.0236678 0.0243408 0.0250059 0.0256495 0.0262674 0.0268506 0.0274254 0.0279972 0.0285366 0.0290429 0.0295404 0.0300321 0.0304976 0.0309391 0.0313585 0.0317773 0.0321794 0.0325507 0.0329037 0.0332617 0.0335967 0.0339043 0.0342046 0.0344988 0.0347728 0.0350281 0.035273 0.0355082 0.0357323 0.0359328 0.0361243 0.0363119 0.0364837 0.036629 0.036778 0.0369177 0.0370328 0.0371337 0.037243 0.0373274 0.0373925 0.0374577 0.0375191 0.037548 0.0375747 0.0376009 0.0376069 0.03759 0.0375826 0.0375594 0.0375122 0.0374592 0.0374107 0.037332 0.0372414 0.0371523 0.0370518 0.0369225 0.036794 0.0366591 0.036505 0.0363328 0.0361596 0.0359735 0.0357721 0.0355537 0.0353277 0.0350961 0.0348451 0.0345716 0.0342967 0.034019 0.0337088 0.0333834 0.0330589 0.0327244 0.0323598 0.0319827 0.0315966 0.0312085 0.030796 0.0303564 0.0299128 0.0294751 0.0290111 0.0285194 0.0280275 0.0275354 0.0270363 0.0265146 0.0259828 0.025458 0.0249466 0.0244301 0.0239126 0.0234092 0.0229493 0.0225511 0.0222001 0.0219251 0.02177 0.021769 0.0219411 0.0222824 0.0227593 0.02335 0.0240035 0.0246003 0.0250044 0.0250456 0.0245747 0.0234903 0.0217214 0.0192467 0.0161025 0.0124023 0.00832494 0.0041133 2.08782e-05 -0.00372615 -0.00693624 -0.00948834 -0.0113106 -0.0123861 -0.0127518 -0.0124904 -0.0117218 -0.010588 -0.00924126 -0.00780566 -0.00639745 -0.0050888 -0.00392059 -0.00292864 -0.00209959 -0.00143946 -0.000931063 -0.000546449 -0.000284935 -0.000105052 -4.2482e-06 3.69914e-05 4.77751e-05 1.3098e-05 -3.47624e-05 
0 0.000263297 0.000557024 0.000868036 0.00125392 0.00171079 0.00226867 0.00296911 0.00381054 0.00485009 0.0060954 0.00756666 0.00929054 0.0112485 0.0134321 0.0157887 0.0182354 0.0206517 0.0228923 0.0247802 0.0261424 0.0268425 0.0267447 0.0258131 0.0240426 0.0214853 0.0183062 0.0146817 0.010885 0.00721862 0.00395096 0.00132669 -0.000496505 -0.00145529 -0.00155721 -0.000846137 0.000532867 0.00242483 0.00465452 0.00700047 0.00935033 0.0116083 0.013706 0.0156219 0.0173404 0.0188514 0.0201931 0.0214304 0.0225569 0.0236025 0.0245778 0.0254954 0.0263712 0.0272212 0.0280428 0.02881 0.0295615 0.0302952 0.0310008 0.0316573 0.0323083 0.0329434 0.0335437 0.0341136 0.0346648 0.0352052 0.0357156 0.0362081 0.0366685 0.0371244 0.0375542 0.0379715 0.0383578 0.0387368 0.0390954 0.0394429 0.039765 0.0400742 0.0403722 0.040654 0.0409178 0.0411657 0.0414087 0.0416294 0.0418404 0.0420331 0.0422238 0.0423893 0.0425509 0.0426927 0.0428337 0.0429484 0.0430633 0.0431577 0.0432506 0.0433182 0.0433889 0.0434373 0.0434834 0.0435074 0.0435347 0.0435368 0.0435386 0.0435204 0.0435028 0.0434595 0.0434186 0.0433569 0.0432932 0.0432053 0.0431207 0.0430137 0.0429025 0.0427699 0.0426391 0.0424853 0.0423243 0.0421461 0.0419661 0.0417633 0.0415496 0.0413249 0.0410908 0.0408373 0.0405687 0.0402936 0.0400004 0.0396954 0.0393682 0.0390369 0.0386824 0.0383205 0.037933 0.0375422 0.0371225 0.0366955 0.0362531 0.0357966 0.0353128 0.0348228 0.0343244 0.0337986 0.0332685 0.0327288 0.0321768 0.0315982 0.0310382 0.030482 0.0299179 0.0293475 0.0288105 0.0283176 0.0278733 0.0275154 0.0272377 0.0270925 0.0271338 0.0273755 0.027792 0.0283837 0.0290971 0.0298409 0.0305266 0.0309536 0.030942 0.0303355 0.028992 0.026835 0.0238512 0.0200867 0.0156639 0.0108242 0.00582061 0.000951199 -0.00349833 -0.00733855 -0.010395 -0.0125913 -0.0139142 -0.0143942 -0.0141354 -0.0132783 -0.0119894 -0.0104339 -0.00878336 -0.00714559 -0.0056208 -0.00427422 -0.00310486 -0.00215583 -0.0013912 -0.000798934 -0.000381812 -7.38771e-05 0.000107028 0.000206953 0.000249355 0.000221392 0.000180937 9.54197e-05 
0 0.000364794 0.000741222 0.00117533 0.00166605 0.00225212 0.00296911 0.00382285 0.00487419 0.00613471 0.00763027 0.009404 0.0114439 0.0137667 0.0163432 0.0191083 0.0219742 0.0248021 0.0274111 0.0296128 0.0312228 0.0320398 0.0319825 0.0309522 0.0289506 0.0261 0.0224827 0.0183985 0.0141102 0.00993106 0.00622923 0.00321796 0.00111293 -1.60114e-05 -0.000158378 0.000592368 0.00212403 0.00424454 0.0067254 0.00941068 0.0120859 0.014673 0.0170737 0.0192701 0.0212191 0.0229464 0.0245065 0.0258795 0.0271524 0.02831 0.0293776 0.030367 0.0313427 0.0322494 0.0331064 0.0339426 0.0347199 0.0354784 0.0362073 0.0369219 0.037568 0.0382013 0.038806 0.0394123 0.0399624 0.0404804 0.0409929 0.0414877 0.04195 0.0423844 0.0428146 0.0432069 0.0436021 0.0439599 0.0443105 0.0446326 0.0449604 0.0452455 0.0455346 0.0457973 0.0460547 0.0462869 0.0465184 0.046722 0.0469235 0.0471102 0.0472805 0.0474373 0.0475923 0.0477285 0.0478464 0.0479668 0.0480724 0.0481601 0.0482388 0.0483209 0.0483756 0.0484244 0.0484682 0.0485057 0.0485156 0.0485321 0.048537 0.0485275 0.0485015 0.0484838 0.0484436 0.0483909 0.0483336 0.0482726 0.0481864 0.0480962 0.0480022 0.0478893 0.0477642 0.0476333 0.047492 0.0473293 0.0471678 0.0469827 0.0467938 0.0465855 0.0463752 0.0461315 0.0458997 0.0456352 0.0453681 0.0450738 0.0447832 0.0444561 0.044139 0.0437861 0.0434161 0.0430385 0.04266 0.0422414 0.041795 0.0413561 0.0409007 0.0404329 0.0399098 0.0393992 0.0388765 0.0383449 0.0377718 0.037219 0.0366356 0.0360494 0.0354909 0.034924 0.0343755 0.0338693 0.0334429 0.0330686 0.0328424 0.0327561 0.0328671 0.0331877 0.0337158 0.0344269 0.0352451 0.0361235 0.0368586 0.037301 0.0372284 0.0364541 0.034832 0.0322897 0.0288002 0.0244092 0.0193262 0.0137213 0.00796411 0.00236525 -0.00280011 -0.00722225 -0.0107848 -0.0133582 -0.0149232 -0.0155433 -0.0153157 -0.0144011 -0.0129904 -0.0112772 -0.00942119 -0.0075969 -0.00588029 -0.00435195 -0.00305885 -0.00197461 -0.00113387 -0.000487741 -1.4724e-05 0.000286227 0.000482637 0.0005681 0.000575594 0.000540084 0.000445303 0.000331859 
0 0.000482048 0.00100373 0.00154956 0.00219556 0.00293411 0.00381054 0.00487419 0.00612813 0.00764238 0.00942265 0.0115049 0.0139061 0.0166067 0.019589 0.0227716 0.0260541 0.0292734 0.0322485 0.0347609 0.0365967 0.03758 0.0375505 0.0364525 0.0342771 0.0311133 0.0271442 0.0226253 0.0178814 0.0132699 0.00914309 0.00576692 0.00337497 0.00205402 0.00180631 0.00259033 0.0042176 0.00650314 0.00923618 0.0121656 0.0151301 0.0180099 0.0206798 0.0231181 0.0253072 0.0272258 0.0289273 0.0304449 0.0317991 0.0330364 0.0341802 0.0352341 0.0362172 0.0371342 0.0380177 0.0388552 0.0396444 0.0404013 0.0411122 0.0417745 0.0424323 0.0430668 0.043632 0.0441791 0.044714 0.0452239 0.0456947 0.0461437 0.0465663 0.046988 0.0473716 0.0477266 0.0480798 0.0484189 0.0487191 0.0490111 0.0493011 0.0495595 0.0498064 0.05004 0.0502638 0.0504689 0.0506683 0.0508393 0.0510183 0.0511797 0.0513231 0.051451 0.0515965 0.0517052 0.0518044 0.0519068 0.052009 0.0520692 0.0521442 0.0522169 0.0522696 0.0522995 0.052355 0.0523858 0.0523981 0.0524108 0.0524364 0.0524213 0.0524089 0.0524021 0.0523843 0.0523322 0.0523031 0.0522608 0.0521971 0.0521211 0.052065 0.051974 0.0518759 0.0517745 0.0516717 0.0515381 0.0514099 0.0512637 0.0511123 0.0509456 0.0507675 0.0505709 0.0503808 0.0501644 0.0499239 0.04969 0.049445 0.0491644 0.0488721 0.0485846 0.0482701 0.0479394 0.0475774 0.0472123 0.046847 0.0464531 0.0460056 0.045574 0.045139 0.0446656 0.0441707 0.0436662 0.0431445 0.042616 0.0420837 0.0415387 0.0409958 0.040454 0.0399528 0.0394972 0.0390993 0.0388104 0.0386521 0.0386458 0.0388662 0.0393128 0.0399667 0.0408281 0.0417939 0.0427458 0.0435522 0.0439828 0.0438229 0.0428933 0.0409973 0.0380627 0.0340754 0.0291024 0.0233412 0.0170554 0.0105833 0.00427712 -0.00151935 -0.00654307 -0.0105872 -0.0135386 -0.0153792 -0.0161479 -0.0159772 -0.0150344 -0.0135326 -0.0116755 -0.00967003 -0.00767123 -0.00579245 -0.0041334 -0.00269867 -0.00153596 -0.000618643 8.05258e-05 0.000554475 0.000884387 0.00105036 0.00111114 0.00110002 0.000997644 0.000882438 0.000709114 
0 0.000635517 0.00130578 0.0020213 0.00283655 0.00376385 0.00485009 0.00613471 0.00764238 0.00943062 0.0115152 0.0139348 0.0166985 0.0197919 0.023189 0.0267972 0.0305006 0.0341267 0.0374613 0.0402788 0.0423492 0.0434646 0.0434848 0.0423232 0.0399809 0.0365734 0.0322685 0.0273728 0.0222234 0.0171923 0.0126719 0.00894307 0.00625824 0.00472786 0.00436664 0.00510415 0.00676989 0.00915772 0.0120349 0.0151762 0.0183772 0.0214949 0.0243919 0.0270336 0.0293894 0.0314656 0.0333095 0.0349165 0.0363394 0.0376171 0.0387775 0.0398362 0.0408275 0.0417279 0.0425759 0.0433869 0.0441322 0.0448344 0.0454959 0.0461272 0.0467206 0.0472774 0.0477816 0.0482866 0.0487604 0.0491926 0.0495985 0.0499896 0.0503576 0.0507111 0.0510333 0.0513239 0.0516273 0.0519063 0.0521503 0.0523826 0.0526254 0.0528313 0.053028 0.0532102 0.0533899 0.0535523 0.0537064 0.0538351 0.0539768 0.0541049 0.0542077 0.0543053 0.0544218 0.0545047 0.0545717 0.0546574 0.0547376 0.0547803 0.0548356 0.0549034 0.0549406 0.0549647 0.0550143 0.0550488 0.0550545 0.0550758 0.0551069 0.055103 0.0550965 0.055112 0.055108 0.0550763 0.0550678 0.0550579 0.0550157 0.0549719 0.0549496 0.0548975 0.054831 0.0547732 0.0547146 0.0546257 0.0545412 0.0544464 0.054349 0.0542338 0.0541102 0.0539703 0.0538447 0.0536863 0.05351 0.0533375 0.0531651 0.0529498 0.0527332 0.0525116 0.0522693 0.052014 0.0517417 0.0514483 0.0511473 0.0508358 0.0504853 0.0501355 0.0497629 0.0493724 0.0489614 0.0485379 0.0480927 0.0476533 0.0471848 0.0467011 0.0462433 0.0457938 0.0453731 0.0449975 0.0446936 0.0444981 0.0444747 0.0446222 0.0449931 0.0455962 0.0464204 0.0474444 0.0485592 0.0496412 0.0505029 0.0509292 0.0506876 0.0495738 0.0474004 0.0440883 0.0396254 0.0340979 0.0277342 0.0207935 0.0136606 0.00670784 0.000288967 -0.00527353 -0.00978028 -0.0130958 -0.015192 -0.0161309 -0.0160404 -0.0151051 -0.0135535 -0.0116028 -0.00946942 -0.00733556 -0.00532047 -0.00353242 -0.00200203 -0.000754477 0.000214289 0.000937227 0.00142511 0.00173417 0.00188025 0.0019032 0.00183918 0.00169392 0.00151167 0.00128264 
0 0.000828325 0.00168549 0.00260669 0.00362361 0.00477139 0.0060954 0.00763027 0.00942265 0.0115152 0.0139371 0.0167224 0.0198762 0.023385 0.0272063 0.031242 0.0353569 0.0393705 0.043048 0.0461542 0.0484491 0.0497015 0.0497765 0.0485669 0.0460804 0.0424472 0.037842 0.0326032 0.0270845 0.0216737 0.0167775 0.0126984 0.00969862 0.0079136 0.00737802 0.00800673 0.0096421 0.0120617 0.0150157 0.0182898 0.0216536 0.0249447 0.028019 0.0308213 0.0333143 0.0355094 0.0374409 0.0390954 0.0405418 0.0418199 0.0429669 0.0439959 0.0449354 0.0457714 0.0465466 0.0472912 0.0479652 0.0485839 0.0491508 0.0496983 0.0502084 0.0506791 0.0510954 0.0515062 0.0518937 0.0522429 0.0525656 0.0528653 0.0531545 0.0534254 0.0536696 0.0538796 0.0541082 0.0543116 0.0544858 0.0546454 0.0548192 0.0549622 0.0550942 0.0552137 0.0553344 0.055444 0.0555399 0.0556199 0.0557114 0.0557964 0.0558524 0.055914 0.0559893 0.0560416 0.0560743 0.056135 0.0561859 0.0562115 0.0562442 0.0562991 0.0563208 0.0563405 0.0563794 0.0564147 0.0564187 0.0564477 0.0564811 0.0564924 0.0564969 0.0565324 0.0565448 0.0565417 0.056556 0.0565796 0.0565677 0.056564 0.0565774 0.0565724 0.0565477 0.0565412 0.0565328 0.0565018 0.0564698 0.0564391 0.056405 0.0563547 0.0562977 0.056233 0.0561805 0.056096 0.0560006 0.0559097 0.055823 0.0556909 0.0555636 0.0554334 0.0552915 0.0551238 0.0549482 0.0547589 0.0545663 0.054354 0.0541077 0.0538637 0.0536058 0.053334 0.0530301 0.0527145 0.0523848 0.0520698 0.0517192 0.0513531 0.0510127 0.0506929 0.0504049 0.0501678 0.0500177 0.0499834 0.0501407 0.0504848 0.051054 0.0518621 0.052902 0.0541252 0.0554119 0.056623 0.0575394 0.0579578 0.0576358 0.0563507 0.0539208 0.0502548 0.0453505 0.0393168 0.0324023 0.0248821 0.0171626 0.0096335 0.00265967 -0.00340178 -0.00834366 -0.0120127 -0.0143707 -0.0154898 -0.0154966 -0.0145917 -0.0130122 -0.0109946 -0.00876337 -0.00652007 -0.00439814 -0.00250493 -0.000898463 0.000412285 0.00141837 0.00215145 0.00263989 0.00291506 0.00302547 0.00299691 0.00286653 0.00266557 0.00240639 0.00211198 
0 0.00105164 0.00214834 0.00329671 0.00456581 0.00597478 0.00756666 0.009404 0.0115049 0.0139348 0.0167224 0.0198881 0.0234545 0.0273901 0.0316409 0.036105 0.0406328 0.0450128 0.0490242 0.0524017 0.0548832 0.0562781 0.0563762 0.05512 0.052515 0.0486474 0.0437944 0.0382322 0.0323651 0.0266091 0.0213369 0.0169049 0.0135693 0.0114975 0.0107103 0.0111748 0.0126864 0.0150337 0.0179993 0.021301 0.0247562 0.0281522 0.0313459 0.0342391 0.0368342 0.0391073 0.0410644 0.0427569 0.0441795 0.0454193 0.0465116 0.047491 0.0483239 0.0490673 0.0497517 0.0503762 0.0509495 0.0514573 0.0519178 0.052324 0.0527378 0.0531006 0.053414 0.0536885 0.0539753 0.054233 0.0544484 0.0546394 0.0548278 0.0550146 0.0551554 0.0552861 0.0554117 0.0555426 0.0556267 0.0557177 0.055799 0.0558832 0.0559347 0.0559933 0.0560421 0.0560969 0.056127 0.0561576 0.0561928 0.0562271 0.056239 0.0562585 0.0562905 0.0563046 0.0563117 0.0563346 0.0563602 0.0563626 0.0563812 0.0564078 0.0564252 0.0564328 0.0564676 0.0564912 0.0565085 0.0565338 0.0565766 0.0565957 0.0566249 0.056667 0.0567063 0.0567283 0.0567742 0.0568209 0.0568526 0.0568864 0.0569397 0.0569799 0.0570081 0.0570519 0.0570967 0.0571299 0.0571544 0.0571949 0.0572246 0.0572519 0.0572605 0.0572888 0.0573043 0.0573141 0.0572975 0.0573113 0.0573063 0.0572856 0.0572432 0.0572282 0.0571982 0.0571432 0.0570647 0.0570017 0.0569493 0.056851 0.0567257 0.0566059 0.0565122 0.0563645 0.0561995 0.0560214 0.0558586 0.0556738 0.0554866 0.0552873 0.0550914 0.0549454 0.0548417 0.0547952 0.0548255 0.0550337 0.0554089 0.0560019 0.0568299 0.0578924 0.0591805 0.0606364 0.0621352 0.0634674 0.0644778 0.0648917 0.0644908 0.063057 0.0603866 0.0563974 0.0511004 0.0446371 0.0372233 0.0292258 0.0209946 0.0129524 0.00552091 -0.00100503 -0.00632214 -0.0103069 -0.012921 -0.0142045 -0.0143229 -0.0134691 -0.0118867 -0.0098259 -0.00753251 -0.00519475 -0.00298644 -0.00101564 0.000672692 0.00201573 0.00305305 0.00379028 0.00424727 0.00450225 0.00454936 0.004461 0.00426886 0.00397526 0.00365081 0.00326667 
0 0.00132738 0.00267975 0.00412519 0.00566786 0.0073777 0.00929054 0.0114439 0.0139061 0.0166985 0.0198762 0.0234545 0.0274421 0.0318098 0.0364899 0.0413779 0.0462873 0.0510331 0.0553387 0.0589513 0.0616213 0.0630868 0.063221 0.0618999 0.0591463 0.0551019 0.049978 0.0441291 0.0379429 0.0318322 0.0261929 0.0213974 0.0176931 0.0152731 0.0142083 0.0143877 0.0156986 0.0178968 0.0207345 0.0240069 0.0274652 0.0308905 0.0341328 0.0370895 0.039703 0.0420069 0.0439892 0.0456495 0.0470389 0.0482116 0.049214 0.0500708 0.0508136 0.0514423 0.0519852 0.0524829 0.0529249 0.0532868 0.0536082 0.0539238 0.0541892 0.0544009 0.0545917 0.0547758 0.0549357 0.0550613 0.0551629 0.0552571 0.0553486 0.0554138 0.055462 0.0554996 0.0555389 0.0555657 0.0555792 0.0555798 0.0555868 0.0555891 0.0555763 0.0555588 0.0555478 0.055534 0.055507 0.0554844 0.0554647 0.055445 0.0554155 0.0553962 0.0553774 0.0553607 0.055338 0.0553302 0.0553194 0.0553128 0.0553061 0.0553144 0.0553161 0.0553275 0.0553423 0.0553674 0.0553867 0.0554219 0.0554575 0.0554998 0.0555418 0.0556004 0.0556536 0.0557149 0.05578 0.0558568 0.0559254 0.0560052 0.0560889 0.0561783 0.0562597 0.0563532 0.0564501 0.0565462 0.0566351 0.0567368 0.056841 0.0569356 0.057028 0.0571316 0.0572339 0.0573229 0.0574148 0.0575087 0.0576028 0.0576857 0.057767 0.057844 0.0579241 0.0579924 0.0580581 0.0581165 0.0581654 0.0582132 0.0582596 0.0582859 0.0583022 0.0583284 0.0583313 0.0583185 0.0583207 0.0583252 0.0583021 0.0582803 0.0583024 0.0583667 0.0584755 0.0586511 0.058945 0.0593954 0.0600671 0.0609741 0.0620921 0.0634547 0.0650385 0.0667502 0.0684588 0.0699823 0.0710604 0.0714939 0.0710432 0.0694488 0.0665793 0.0623148 0.056687 0.0498564 0.0420666 0.0336507 0.0250131 0.0165737 0.00872326 0.00185445 -0.00379854 -0.00806029 -0.010877 -0.0123378 -0.012555 -0.0117624 -0.0101935 -0.0081081 -0.00575616 -0.00334725 -0.00106362 0.000991754 0.0027221 0.00412092 0.00517075 0.00589177 0.00634602 0.00653072 0.00653605 0.0063769 0.00608729 0.0057369 0.00529628 0.00483463 
0 0.00163867 0.00331083 0.00507206 0.00694351 0.00899123 0.0112485 0.0137667 0.0166067 0.0197919 0.023385 0.0273901 0.0318098 0.03662 0.0417222 0.047009 0.0522884 0.0573342 0.0619034 0.0657103 0.0684969 0.0700432 0.0701553 0.0687598 0.0658728 0.0616064 0.0562472 0.050107 0.0436022 0.0371605 0.0311544 0.0259704 0.0218674 0.0190543 0.0175944 0.0174426 0.0184507 0.020394 0.0230562 0.0261821 0.0295506 0.0329303 0.0361641 0.0391082 0.0417419 0.0440428 0.0459757 0.0476001 0.0489132 0.0499913 0.0508919 0.0516474 0.0522332 0.0527191 0.0531272 0.0534702 0.0537731 0.0540025 0.0541879 0.0543297 0.054468 0.0545714 0.0546498 0.0546744 0.0547125 0.0547438 0.0547408 0.0547174 0.0546973 0.0546704 0.054623 0.054579 0.0545127 0.0544609 0.0543919 0.0543241 0.0542417 0.0541817 0.0540946 0.0540204 0.0539413 0.0538707 0.053785 0.0537199 0.0536443 0.0535754 0.0535102 0.0534539 0.0533901 0.0533413 0.0532992 0.0532555 0.0532188 0.053197 0.0531774 0.0531581 0.0531568 0.0531621 0.0531693 0.0531843 0.0532182 0.053251 0.0532906 0.0533439 0.0534091 0.0534711 0.0535469 0.0536363 0.0537271 0.0538222 0.0539329 0.0540501 0.0541647 0.0542959 0.0544306 0.0545695 0.0547113 0.0548705 0.0550162 0.0551811 0.055345 0.0555155 0.0556746 0.0558643 0.0560333 0.056213 0.0563892 0.0565841 0.0567599 0.0569504 0.0571257 0.0573207 0.0575178 0.0576964 0.0578653 0.0580654 0.0582703 0.0584356 0.0586077 0.0587849 0.0589877 0.0591618 0.0593257 0.0594842 0.0596783 0.0598579 0.0600509 0.0602539 0.060473 0.0607686 0.0611357 0.0615853 0.0621617 0.0629459 0.063925 0.0651623 0.0666341 0.0683348 0.0702427 0.0722469 0.0741964 0.0758682 0.0770559 0.0775066 0.0770044 0.075311 0.0722657 0.0677768 0.0618885 0.054779 0.0466827 0.0379855 0.0290477 0.0203026 0.0121776 0.00500811 -0.000895605 -0.0053772 -0.00838866 -0.00997306 -0.010286 -0.00954219 -0.00797557 -0.00586774 -0.00346501 -0.000982648 0.00137529 0.00350216 0.0052991 0.00673295 0.00780904 0.00852899 0.00895055 0.00910182 0.00903703 0.0088052 0.00843888 0.00798673 0.00746448 0.00690206 
0 0.00199032 0.00401469 0.00613527 0.00837031 0.0107912 0.0134321 0.0163432 0.019589 0.023189 0.0272063 0.0316409 0.0364899 0.0417222 0.0472272 0.0528861 0.0584927 0.0638153 0.0685958 0.0725456 0.0754092 0.076957 0.0770118 0.0754992 0.0724415 0.0679697 0.0623644 0.0559487 0.0491381 0.042354 0.0359719 0.0303849 0.0258541 0.0226021 0.020711 0.0201321 0.0207482 0.0223436 0.0247094 0.0276099 0.0308143 0.0340812 0.0372406 0.0401374 0.0427237 0.0449819 0.046871 0.0484373 0.0496773 0.0506587 0.0514369 0.0520502 0.0525088 0.0528652 0.0531291 0.0533192 0.0534713 0.0535514 0.0536059 0.0536312 0.0536293 0.0535893 0.0535481 0.053476 0.0534016 0.0533142 0.0532034 0.0530957 0.0529847 0.0528591 0.0527263 0.0526091 0.0524639 0.0523323 0.0521983 0.052065 0.0519186 0.0517945 0.0516538 0.0515264 0.0513982 0.0512723 0.051146 0.051042 0.0509244 0.0508118 0.0507219 0.0506341 0.0505353 0.0504606 0.0504038 0.0503324 0.0502745 0.0502426 0.0502115 0.0501731 0.0501673 0.0501708 0.05017 0.0501806 0.0502234 0.0502577 0.0502984 0.0503637 0.0504449 0.0505126 0.0506051 0.0507191 0.0508293 0.0509405 0.0510854 0.0512334 0.0513734 0.0515376 0.0517191 0.0518927 0.0520741 0.0522818 0.052482 0.0526921 0.052912 0.0531415 0.0533663 0.0536166 0.0538531 0.0541061 0.0543649 0.0546322 0.054887 0.0551746 0.0554488 0.0557288 0.0560203 0.0563203 0.0566117 0.0569199 0.0572295 0.0575371 0.0578669 0.0581846 0.0585138 0.0588487 0.0591915 0.0595301 0.059907 0.0602743 0.0606629 0.0610847 0.0615507 0.0620963 0.0627285 0.0634647 0.0643558 0.0654734 0.0668144 0.0684285 0.0702724 0.0723378 0.0745829 0.076883 0.0790768 0.0809367 0.0822304 0.082716 0.0821789 0.0803844 0.077202 0.0725457 0.0664739 0.0591765 0.0508921 0.0420019 0.0328742 0.023938 0.0156199 0.00827275 0.00219949 -0.00242859 -0.00556004 -0.00724187 -0.00761767 -0.00690635 -0.00533815 -0.00319431 -0.000727875 0.00183627 0.00428681 0.00650514 0.00837728 0.00987032 0.0109804 0.0117103 0.0121223 0.0122395 0.012127 0.0118303 0.0113854 0.0108483 0.0102292 0.00956906 
0 0.00237671 0.00478494 0.00729747 0.00992444 0.0127422 0.0157887 0.0191083 0.0227716 0.0267972 0.031242 0.036105 0.0413779 0.047009 0.0528861 0.0588745 0.0647466 0.0702872 0.0752053 0.0792289 0.0821174 0.0836057 0.0835717 0.0819102 0.0786527 0.07397 0.0680995 0.0614099 0.0542968 0.0471723 0.0404182 0.0344154 0.0294314 0.025685 0.0233046 0.0222197 0.0223706 0.0235512 0.0255416 0.0281448 0.0311018 0.0341891 0.0372133 0.0400392 0.0425578 0.0447552 0.0465913 0.048074 0.049239 0.0501266 0.0508031 0.0512786 0.05162 0.0518424 0.0519674 0.0520266 0.0520471 0.052006 0.0519311 0.0518504 0.0517231 0.0515841 0.051439 0.0512836 0.0511054 0.0509289 0.0507405 0.0505622 0.0503737 0.0501671 0.0499776 0.0497958 0.0495956 0.0493929 0.0492163 0.0490262 0.0488399 0.0486559 0.0484821 0.0483098 0.0481496 0.047976 0.0478253 0.0476886 0.047543 0.0473972 0.0472905 0.0471793 0.0470568 0.0469643 0.0468952 0.0468079 0.0467339 0.0466966 0.0466554 0.0466094 0.0465967 0.0466022 0.0465943 0.0466072 0.0466511 0.0466915 0.0467315 0.0468089 0.046897 0.0469746 0.0470768 0.0472104 0.0473326 0.0474598 0.0476274 0.0477989 0.0479587 0.0481477 0.0483646 0.0485641 0.0487777 0.0490194 0.0492668 0.0495069 0.0497745 0.0500461 0.0503307 0.0506192 0.0509174 0.051222 0.0515548 0.0518732 0.0522 0.052554 0.052917 0.0532675 0.0536391 0.0540282 0.0544211 0.0548281 0.0552307 0.0556565 0.0561027 0.0565519 0.0569975 0.057487 0.0579763 0.058477 0.0590136 0.0595739 0.0601591 0.0607943 0.0615022 0.062287 0.063196 0.064239 0.0654794 0.0669372 0.068659 0.0706536 0.0728815 0.0753328 0.0779256 0.0805253 0.0829458 0.0849841 0.08636 0.0868811 0.0863191 0.0844447 0.0811676 0.0763952 0.070212 0.0628066 0.0544448 0.0454707 0.0362802 0.0272833 0.0188761 0.0114625 0.00529568 0.000585847 -0.00260406 -0.00434346 -0.00473557 -0.00401828 -0.00241723 -0.000205381 0.00235345 0.00502446 0.00759533 0.00993438 0.0119113 0.0135023 0.0146769 0.015448 0.0158814 0.0159803 0.015843 0.0154958 0.0149834 0.0143832 0.0136762 0.012936 
0 0.00277784 0.00559755 0.00850819 0.0115492 0.0147758 0.0182354 0.0219742 0.0260541 0.0305006 0.0353569 0.0406328 0.0462873 0.0522884 0.0584927 0.0647466 0.070855 0.0765224 0.0815271 0.0855656 0.0883754 0.0897794 0.0895685 0.0877172 0.0842537 0.0793171 0.0732064 0.0662442 0.0588339 0.0513768 0.0442637 0.0378276 0.0323824 0.0281402 0.0251907 0.0235813 0.0231859 0.023863 0.0254289 0.0276519 0.0302998 0.0331545 0.0360212 0.0387119 0.0411726 0.043304 0.0450712 0.0465052 0.0476123 0.0484264 0.0490064 0.0494065 0.049626 0.049745 0.0497732 0.049724 0.0496207 0.0494923 0.0493406 0.0491404 0.0489268 0.0487178 0.0485127 0.0482637 0.0480207 0.0477845 0.0475516 0.0473105 0.047066 0.0468169 0.046585 0.0463641 0.0461192 0.0458857 0.0456672 0.0454571 0.0452331 0.0450252 0.0448188 0.0446349 0.0444426 0.0442536 0.0440801 0.0439334 0.0437654 0.0436103 0.0434879 0.0433689 0.0432342 0.0431345 0.0430567 0.0429649 0.0428855 0.0428427 0.0427996 0.0427516 0.0427379 0.0427408 0.0427361 0.0427492 0.0427955 0.0428371 0.042884 0.0429642 0.0430579 0.0431416 0.0432531 0.0433935 0.0435248 0.0436639 0.0438426 0.0440278 0.0442 0.0444071 0.0446387 0.0448611 0.0450885 0.0453579 0.0456262 0.0458969 0.0461815 0.0464943 0.0468046 0.047131 0.0474571 0.0478122 0.0481765 0.0485457 0.0489157 0.0493224 0.0497324 0.050147 0.050582 0.0510299 0.0514894 0.0519716 0.0524731 0.0529694 0.0535023 0.0540552 0.0546302 0.0552109 0.0558308 0.056481 0.0571592 0.0578685 0.0586442 0.0594902 0.0603926 0.0614268 0.062602 0.0639478 0.0655085 0.0673371 0.069418 0.0717836 0.0744176 0.077227 0.0801516 0.0830317 0.0856729 0.0878396 0.0893198 0.0898567 0.0892482 0.0873374 0.0839654 0.0791352 0.0729146 0.0654888 0.0571346 0.0481983 0.0390449 0.0300793 0.0217273 0.0143109 0.0081683 0.00346629 0.000261593 -0.00144176 -0.00182515 -0.00105345 0.000626649 0.00293115 0.00562862 0.00844783 0.0111859 0.0136857 0.0158255 0.0175484 0.0188385 0.0197056 0.0201856 0.0203376 0.0202012 0.0198444 0.0193168 0.0186513 0.0179066 0.017089 
0 0.00317827 0.0064047 0.00971196 0.0131624 0.01679 0.0206517 0.0248021 0.0292734 0.0341267 0.0393705 0.0450128 0.0510331 0.0573342 0.0638153 0.0702872 0.0765224 0.0822872 0.087284 0.091259 0.0939647 0.0951741 0.0947726 0.0926875 0.0889706 0.0838052 0.0774356 0.0702179 0.0625322 0.0547617 0.0472837 0.0404452 0.0345343 0.02976 0.0262708 0.0240609 0.0230862 0.0232276 0.0242883 0.0260865 0.0283916 0.0309772 0.0336345 0.0362243 0.0385844 0.04065 0.042398 0.0437905 0.0448717 0.0456601 0.0461941 0.0464997 0.0466774 0.0467376 0.0466948 0.0465753 0.0464029 0.0462024 0.0459783 0.0457589 0.045492 0.0452157 0.0449431 0.0446992 0.0444221 0.0441352 0.0438612 0.0436107 0.0433475 0.0430671 0.0428136 0.0425689 0.0423234 0.0420609 0.0418336 0.0416028 0.0413826 0.0411469 0.0409448 0.0407429 0.0405529 0.0403481 0.0401809 0.0400185 0.0398565 0.0396951 0.0395731 0.0394479 0.0393213 0.0392174 0.0391381 0.0390505 0.0389748 0.0389291 0.0388873 0.0388477 0.0388319 0.0388358 0.0388352 0.0388551 0.0388965 0.0389438 0.0389954 0.0390783 0.0391691 0.039262 0.0393768 0.0395165 0.0396521 0.0397996 0.0399806 0.0401663 0.0403513 0.0405611 0.0408006 0.0410274 0.0412719 0.0415406 0.04183 0.0421039 0.0424098 0.0427284 0.0430693 0.0433949 0.0437541 0.0441246 0.0445207 0.0448964 0.0453064 0.0457395 0.0461907 0.0466233 0.0470871 0.0475927 0.0481112 0.0486188 0.0491425 0.0497339 0.0503414 0.0509508 0.0515667 0.0522578 0.0529773 0.0537322 0.0545159 0.0553633 0.0562742 0.0572829 0.0584092 0.0596449 0.0610582 0.0626878 0.0645709 0.06671 0.0691666 0.0718981 0.0748748 0.0780394 0.0812533 0.0843663 0.0871821 0.0894765 0.090989 0.0915297 0.0908791 0.0888863 0.0854755 0.0806182 0.0744156 0.0670527 0.0588035 0.0499829 0.0409775 0.032167 0.0239339 0.0166608 0.0106078 0.00598191 0.00286676 0.00121086 0.000917717 0.00178751 0.00357948 0.00605037 0.00891896 0.0119433 0.0149081 0.0176259 0.0199884 0.0219173 0.0233842 0.0244082 0.0250146 0.0252572 0.025195 0.0248796 0.0243702 0.0237146 0.0229485 0.0221065 
0 0.00355089 0.00715172 0.0108313 0.014657 0.0186567 0.0228923 0.0274111 0.0322485 0.0374613 0.043048 0.0490242 0.0553387 0.0619034 0.0685958 0.0752053 0.0815271 0.087284 0.092214 0.0960601 0.0985674 0.0995673 0.0989133 0.0965733 0.0926118 0.0871943 0.0805884 0.0731325 0.0651907 0.0571352 0.0493446 0.0421168 0.0357661 0.0304882 0.0264128 0.0236157 0.0220347 0.0216043 0.022156 0.0235019 0.0254218 0.0277085 0.0301623 0.0326123 0.0349201 0.0369594 0.0386948 0.040087 0.0411838 0.0419808 0.0425132 0.0428343 0.042986 0.0430161 0.0429531 0.042815 0.0426063 0.0424016 0.0421667 0.0419022 0.0416147 0.0413465 0.041083 0.0408102 0.0405173 0.0402325 0.0399786 0.0397133 0.039442 0.0391675 0.0389212 0.0386725 0.0384308 0.0381727 0.0379438 0.0377225 0.0375037 0.0372744 0.0370753 0.0368835 0.0366922 0.0365036 0.0363382 0.0361824 0.0360269 0.0358831 0.035757 0.035643 0.0355278 0.0354332 0.0353509 0.03528 0.0352113 0.0351685 0.0351296 0.0351053 0.0350887 0.0350952 0.0351011 0.0351294 0.0351648 0.0352179 0.0352746 0.0353577 0.035442 0.0355441 0.0356572 0.0357922 0.0359254 0.0360818 0.036252 0.036436 0.0366226 0.0368353 0.0370612 0.037295 0.0375381 0.0378058 0.038089 0.0383728 0.0386722 0.0389965 0.0393375 0.0396692 0.0400287 0.0404098 0.0408059 0.0411935 0.0416155 0.0420492 0.0425092 0.0429677 0.0434496 0.0439494 0.044487 0.0450283 0.0455922 0.0461863 0.046811 0.0474699 0.0481523 0.0488732 0.0496424 0.0504729 0.0513264 0.0522705 0.0533099 0.0544545 0.0557124 0.057139 0.0587696 0.0606567 0.0628248 0.0652703 0.0680309 0.0710747 0.074383 0.0778343 0.0812955 0.0845896 0.0875163 0.089849 0.0913682 0.0918616 0.0911326 0.0890875 0.0856185 0.0807684 0.0746319 0.0673836 0.0593119 0.0507105 0.0419421 0.0333749 0.0253823 0.0183021 0.0124333 0.00795629 0.00496472 0.00345023 0.00327998 0.0043045 0.00627376 0.00894417 0.0120544 0.0153367 0.018588 0.0215994 0.0242568 0.0264685 0.0281967 0.0294593 0.0302662 0.030688 0.0307663 0.0305663 0.0301519 0.0295567 0.028844 0.0280257 
0 0.00386549 0.00778178 0.0117748 0.0159159 0.0202294 0.0247802 0.0296128 0.0347609 0.0402788 0.0461542 0.0524017 0.0589513 0.0657103 0.0725456 0.0792289 0.0855656 0.091259 0.0960601 0.0997213 0.101986 0.102721 0.101779 0.0991585 0.0949426 0.0892909 0.0824839 0.0748326 0.0666873 0.0583976 0.0503298 0.0427646 0.0360119 0.0302676 0.0256518 0.0222805 0.020098 0.0190856 0.0191028 0.0199752 0.021513 0.0235019 0.0257586 0.0280881 0.0303461 0.0323812 0.0341527 0.0356084 0.0367788 0.0376534 0.0382347 0.0386031 0.0387895 0.0388619 0.0388333 0.0387183 0.0385199 0.0383242 0.0381093 0.0378701 0.0376152 0.0373468 0.0370936 0.0368467 0.0365897 0.0363166 0.0360765 0.0358266 0.0355827 0.0353341 0.0350978 0.0348642 0.0346455 0.0344124 0.034193 0.0339939 0.0337896 0.0335848 0.0334005 0.0332275 0.0330478 0.0328885 0.0327347 0.0325922 0.0324551 0.0323367 0.0322151 0.032117 0.0320229 0.0319416 0.0318636 0.0318115 0.031757 0.0317187 0.0316883 0.0316789 0.0316669 0.0316754 0.0316913 0.0317256 0.0317591 0.0318149 0.0318779 0.0319574 0.0320372 0.0321432 0.032254 0.0323788 0.0325091 0.0326673 0.0328238 0.0329984 0.033184 0.0333907 0.0335965 0.0338283 0.0340651 0.0343201 0.0345865 0.0348714 0.0351561 0.0354716 0.035799 0.0361271 0.0364743 0.0368531 0.0372313 0.0376149 0.0380342 0.0384645 0.0389096 0.0393633 0.0398447 0.0403472 0.0408846 0.0414093 0.0419752 0.0425853 0.0432254 0.0438754 0.0445697 0.0453089 0.0461161 0.0469834 0.047878 0.0488725 0.0499862 0.0512335 0.0526153 0.0541962 0.0559941 0.058091 0.0604902 0.0631962 0.0662274 0.0695419 0.073103 0.0767665 0.0803909 0.0837821 0.0867567 0.0890712 0.0905327 0.090924 0.0900754 0.0879364 0.0844138 0.0795902 0.0735541 0.0664789 0.058636 0.0503111 0.0418445 0.0335897 0.0259102 0.0191081 0.0134959 0.00923565 0.00643189 0.0051002 0.0051051 0.00632774 0.00851785 0.0114447 0.0148512 0.0184589 0.0220653 0.0254435 0.028474 0.0310499 0.0331275 0.0347194 0.0358253 0.0365228 0.036841 0.0368508 0.0366161 0.0361636 0.0355704 0.0348387 
