0 0 0 0 0 0 0 0 0 0 0 0 0 0 0 0 0 0 0 0 0 0 0 0 0 0 0 0 0 0 0 0 0 0 0 0 0 0 0 0 0 0 0 0 0 0 0 0 0 0 0 0 0 0 0 0 0 0 0 0 0 0 0 0 0 0 0 0 0 0 0 0 0 0 0 0 0 0 0 0 0 0 0 0 0 0 0 0 0 0 0 0 0 0 0 0 0 0 0 0 0 0 0 0 0 0 0 0 0 0 0 0 0 0 0 0 0 0 0 0 0 0 0 0 0 0 0 0 0 0 0 0 0 0 0 0 0 0 0 0 0 0 0 0 0 0 0 0 0 0 0 0 0 0 0 0 0 0 0 0 0 0 0 0 0 0 0 0 0 0 0 0 0 0 0 0 0 0 0 0 0 0 0 0 0 0 0 0 0 0 0 0 0 0 0 0 0 0 0 0 
0 0.000337991 0.000637232 0.000832576 0.000929967 0.000882656 0.000708939 0.000431639 5.88621e-05 -0.00032943 -0.000719327 -0.0010505 -0.00129306 -0.00145811 -0.00151748 -0.0015132 -0.00144682 -0.00134057 -0.00123695 -0.00114555 -0.00110636 -0.00112163 -0.00119144 -0.00131263 -0.00148087 -0.001695 -0.00194769 -0.00223287 -0.00252621 -0.00283356 -0.0031505 -0.00347027 -0.00379712 -0.00410915 -0.0044083 -0.0047075 -0.00499665 -0.00527152 -0.00553296 -0.00576648 -0.00598762 -0.00620363 -0.00638384 -0.00655001 -0.00670447 -0.00683446 -0.00696045 -0.00705868 -0.00713223 -0.00720575 -0.00726964 -0.00730893 -0.00734297 -0.00736911 -0.00738209 -0.00738963 -0.00738284 -0.00737865 -0.00736991 -0.00735984 -0.00733399 -0.00730553 -0.00728513 -0.00726472 -0.00722732 -0.00719775 -0.0071773 -0.00713195 -0.0070937 -0.00707062 -0.00704257 -0.00699177 -0.00695465 -0.00692229 -0.00689463 -0.00684756 -0.00680602 -0.00677454 -0.00674295 -0.00669575 -0.00666297 -0.00663225 -0.00659161 -0.00655731 -0.00653062 -0.00649541 -0.00646132 -0.00643972 -0.00640995 -0.0063822 -0.00636006 -0.00634175 -0.00631617 -0.00630223 -0.00628582 -0.00627301 -0.00625877 -0.00625443 -0.00624353 -0.00624128 -0.00623761 -0.00624022 -0.0062382 -0.00624744 -0.00625161 -0.00626127 -0.0062713 -0.00628904 -0.00629856 -0.00631897 -0.00634004 -0.0063597 -0.00637906 -0.00641105 -0.0064338 -0.00645786 -0.00649265 -0.00652316 -0.00654688 -0.00658459 -0.00662362 -0.00664591 -0.00668024 -0.00672257 -0.00675931 -0.00678278 -0.00681729 -0.00685577 -0.00689944 -0.00691937 -0.00694787 -0.00698777 -0.00702298 -0.00704153 -0.00707838 -0.00710719 -0.00712352 -0.00714904 -0.00718115 -0.00720177 -0.00720974 -0.00722408 -0.00723792 -0.00724545 -0.00723929 -0.00723915 -0.00722278 -0.00719812 -0.00716523 -0.00711524 -0.00706252 -0.00700069 -0.00690498 -0.0067939 -0.00668004 -0.00653161 -0.00636738 -0.00617908 -0.00596041 -0.00572935 -0.00546317 -0.00515832 -0.004833 -0.00448291 -0.00410131 -0.00369109 -0.00324336 -0.00276674 -0.00227219 -0.00174272 -0.00118243 -0.000592961 2.41494e-05 0.000664178 0.00133741 0.00205249 0.0028147 0.00361237 0.00445597 0.00533378 0.00624454 0.00718619 0.0081071 0.00899992 0.00980947 0.0105057 0.0110775 0.0114696 0.0116977 0.0117371 0.0116065 0.0113535 0.0109936 0.0106038 0.0102078 0.00985164 0.00958181 0.00940784 0.00938152 0.00950383 
0 0.000637232 0.00117217 0.00154774 0.00168105 0.00155529 0.00118186 0.0005726 -0.000171323 -0.000989614 -0.00177874 -0.0024395 -0.00295698 -0.00326332 -0.0034027 -0.00339037 -0.00324017 -0.00304242 -0.00280117 -0.00261012 -0.0025067 -0.00249721 -0.00261125 -0.00281527 -0.00311488 -0.00350755 -0.00398059 -0.00449415 -0.00505387 -0.00561344 -0.00619391 -0.00681186 -0.00739867 -0.0080069 -0.00857237 -0.00912906 -0.00968632 -0.0101998 -0.0106874 -0.011133 -0.0115672 -0.0119617 -0.0123367 -0.0126474 -0.012933 -0.0131987 -0.0134282 -0.0136232 -0.0137816 -0.0139412 -0.014049 -0.0141543 -0.014212 -0.0142618 -0.0143156 -0.0143481 -0.0143408 -0.0143437 -0.0143483 -0.0143087 -0.0142927 -0.0142621 -0.0142344 -0.0141835 -0.014139 -0.0140798 -0.0140437 -0.0139882 -0.0139309 -0.0138648 -0.0137988 -0.0137471 -0.0136863 -0.0136143 -0.0135403 -0.0134838 -0.0134083 -0.0133526 -0.0132749 -0.0132054 -0.01314 -0.0130906 -0.0130042 -0.0129498 -0.0128945 -0.0128358 -0.0127668 -0.0127305 -0.0126724 -0.0126238 -0.0125803 -0.0125471 -0.0124995 -0.0124732 -0.0124429 -0.0124182 -0.012393 -0.0123828 -0.0123645 -0.0123582 -0.0123531 -0.0123557 -0.0123541 -0.012369 -0.0123782 -0.0123949 -0.0124143 -0.0124461 -0.0124642 -0.0125025 -0.0125397 -0.0125778 -0.0126114 -0.012674 -0.0127114 -0.0127596 -0.0128171 -0.0128836 -0.0129198 -0.012991 -0.0130504 -0.0131124 -0.0131685 -0.0132408 -0.0132853 -0.0133598 -0.0134265 -0.0134818 -0.0135264 -0.0135934 -0.0136591 -0.0137135 -0.0137519 -0.0137956 -0.0138609 -0.0138969 -0.0139395 -0.0139722 -0.014006 -0.0140233 -0.0140607 -0.014059 -0.0140787 -0.0140807 -0.0140503 -0.0140183 -0.0139966 -0.0139423 -0.0138523 -0.0137646 -0.0136357 -0.0134982 -0.0133071 -0.0131011 -0.0128539 -0.012582 -0.0122514 -0.011861 -0.0114481 -0.0109824 -0.0104654 -0.00987864 -0.00925261 -0.00855345 -0.00782709 -0.00701445 -0.00613507 -0.00523181 -0.00424928 -0.00324073 -0.00215245 -0.000999815 0.00019628 0.00144907 0.00277035 0.00416759 0.00565403 0.00723296 0.00886981 0.0106121 0.0124082 0.0142514 0.0160971 0.0178339 0.0194445 0.0208165 0.0219182 0.0227067 0.0231224 0.0231993 0.0229347 0.0224103 0.0217113 0.0209163 0.0201332 0.0194248 0.0188708 0.0185368 0.0184682 0.0187157 
0 0.000832576 0.00154774 0.00197922 0.00210318 0.00182523 0.0011803 0.000230851 -0.00096522 -0.00221714 -0.00344266 -0.00448515 -0.00526182 -0.00577242 -0.00597372 -0.00595227 -0.0057305 -0.00538119 -0.00500622 -0.00466173 -0.00444492 -0.00437315 -0.00445534 -0.00467923 -0.00503801 -0.00552724 -0.00612676 -0.00681462 -0.00753723 -0.00829636 -0.00908519 -0.00989181 -0.0107115 -0.0115058 -0.0122695 -0.0130311 -0.0137753 -0.014484 -0.0151589 -0.0157717 -0.0163561 -0.0169225 -0.0174139 -0.0178641 -0.0182831 -0.0186526 -0.0190026 -0.0192903 -0.0195213 -0.0197479 -0.019947 -0.0200946 -0.0202207 -0.0203275 -0.0204091 -0.0204709 -0.0204984 -0.0205287 -0.0205495 -0.0205577 -0.0205356 -0.0205038 -0.0204855 -0.0204615 -0.0204025 -0.0203549 -0.0203236 -0.0202421 -0.0201691 -0.0201236 -0.0200664 -0.0199672 -0.0198877 -0.0198177 -0.0197543 -0.0196553 -0.0195622 -0.0194912 -0.0194159 -0.0193116 -0.0192346 -0.0191629 -0.0190679 -0.018988 -0.0189231 -0.0188409 -0.0187603 -0.0187063 -0.0186361 -0.0185695 -0.0185156 -0.0184695 -0.0184101 -0.0183736 -0.0183344 -0.0183019 -0.0182688 -0.0182547 -0.0182304 -0.0182226 -0.0182143 -0.018218 -0.0182155 -0.0182343 -0.0182456 -0.0182674 -0.0182924 -0.0183318 -0.018357 -0.018404 -0.0184537 -0.0184998 -0.018547 -0.0186201 -0.018674 -0.018731 -0.0188103 -0.0188815 -0.0189369 -0.0190224 -0.0191086 -0.0191627 -0.0192386 -0.019332 -0.0194087 -0.0194635 -0.0195379 -0.0196187 -0.0197028 -0.0197457 -0.0198028 -0.0198789 -0.0199397 -0.0199703 -0.020034 -0.0200772 -0.0200933 -0.0201247 -0.0201656 -0.0201786 -0.0201665 -0.0201588 -0.0201504 -0.0201232 -0.0200629 -0.0200078 -0.0199224 -0.0198102 -0.0196717 -0.0194969 -0.0193074 -0.01909 -0.0187938 -0.0184581 -0.0181026 -0.0176708 -0.0171872 -0.0166389 -0.0160191 -0.0153565 -0.0146046 -0.0137549 -0.0128459 -0.0118662 -0.0108074 -0.00966274 -0.00841986 -0.00710116 -0.00572116 -0.00425098 -0.00269 -0.00104258 0.000685168 0.00248644 0.0043898 0.00641628 0.0085809 0.0108635 0.0132763 0.015804 0.0184318 0.0211404 0.0238081 0.0263765 0.028712 0.0307176 0.0323409 0.0334572 0.0340736 0.034148 0.0337294 0.0329402 0.0318581 0.0306729 0.0294806 0.0284113 0.0275893 0.0270711 0.0269823 0.0273449 
0 0.000929967 0.00168105 0.00210318 0.00208448 0.00157285 0.00058638 -0.000814175 -0.0024801 -0.00424824 -0.00593825 -0.00737201 -0.00846818 -0.00915396 -0.00945495 -0.00942046 -0.00909935 -0.00861519 -0.00804397 -0.00751641 -0.00712421 -0.00690054 -0.00687716 -0.00702793 -0.00735115 -0.007843 -0.00847935 -0.00921023 -0.010013 -0.0108441 -0.0117171 -0.0126391 -0.0135507 -0.0144719 -0.0153525 -0.0162247 -0.0170929 -0.0179148 -0.0186956 -0.0194213 -0.0201251 -0.0207874 -0.0214047 -0.0219481 -0.0224519 -0.0229223 -0.0233494 -0.0237206 -0.024041 -0.0243524 -0.0246097 -0.0248404 -0.0250189 -0.0251803 -0.0253361 -0.0254613 -0.0255382 -0.025618 -0.0256925 -0.0257225 -0.0257562 -0.025774 -0.025792 -0.0257829 -0.0257632 -0.0257332 -0.0257209 -0.0256781 -0.0256289 -0.0255754 -0.0255164 -0.0254576 -0.0253921 -0.0253169 -0.0252387 -0.0251639 -0.0250753 -0.0250057 -0.0249146 -0.0248215 -0.0247397 -0.0246699 -0.0245639 -0.0244862 -0.024413 -0.0243312 -0.0242422 -0.0241851 -0.0241088 -0.0240396 -0.0239792 -0.0239289 -0.023866 -0.0238246 -0.0237821 -0.0237458 -0.0237108 -0.0236921 -0.0236676 -0.0236565 -0.0236482 -0.0236494 -0.0236486 -0.0236654 -0.0236783 -0.0237003 -0.0237273 -0.0237669 -0.023795 -0.0238443 -0.0238947 -0.0239444 -0.0239934 -0.0240705 -0.0241238 -0.0241859 -0.0242626 -0.0243426 -0.0243946 -0.0244809 -0.0245591 -0.0246291 -0.0246985 -0.0247834 -0.0248416 -0.0249166 -0.0249887 -0.0250491 -0.0250981 -0.0251558 -0.0252134 -0.0252606 -0.0252855 -0.0253065 -0.0253487 -0.0253592 -0.0253603 -0.0253527 -0.0253433 -0.0253093 -0.025277 -0.0252111 -0.0251557 -0.0250724 -0.0249459 -0.0248134 -0.0246771 -0.0244963 -0.0242682 -0.0240222 -0.02373 -0.0234074 -0.0230078 -0.0225685 -0.0220771 -0.0215269 -0.02089 -0.0201654 -0.0193832 -0.0185238 -0.0175712 -0.0165077 -0.0153656 -0.0141215 -0.0128006 -0.0113523 -0.00979026 -0.00815544 -0.00641112 -0.00458356 -0.00262705 -0.000552795 0.00161834 0.00389991 0.00631698 0.00889187 0.0116449 0.0145725 0.017652 0.0209113 0.0242985 0.0277758 0.0312363 0.0345249 0.0375364 0.0401092 0.0421546 0.0435749 0.0443004 0.0443463 0.0437509 0.0426535 0.0412116 0.0396026 0.0380081 0.0365781 0.0354603 0.0347757 0.0346325 0.0351074 
0 0.000882656 0.00155529 0.00182523 0.00157285 0.000726782 -0.000692306 -0.00259014 -0.00480564 -0.00712186 -0.00932289 -0.011202 -0.0126312 -0.0135453 -0.013949 -0.0139047 -0.0134881 -0.0128242 -0.0120381 -0.0112692 -0.0106339 -0.0101884 -0.00996056 -0.00993862 -0.0101184 -0.0104933 -0.011037 -0.011705 -0.0124546 -0.013257 -0.0141125 -0.0150166 -0.0159341 -0.0168508 -0.0177448 -0.018636 -0.0195253 -0.020383 -0.0212021 -0.021973 -0.0227193 -0.0234352 -0.0241003 -0.024708 -0.0252779 -0.0258156 -0.0263143 -0.0267573 -0.0271509 -0.0275283 -0.0278693 -0.0281721 -0.0284349 -0.0286763 -0.0289022 -0.0290956 -0.0292521 -0.0294021 -0.0295431 -0.0296518 -0.029742 -0.0298169 -0.02989 -0.0299433 -0.0299741 -0.0299993 -0.0300268 -0.0300245 -0.0300132 -0.030007 -0.0299892 -0.0299541 -0.0299137 -0.0298747 -0.029831 -0.0297739 -0.029709 -0.0296576 -0.0295932 -0.0295176 -0.0294524 -0.0293915 -0.0293097 -0.0292406 -0.0291785 -0.0291063 -0.0290327 -0.0289771 -0.0289126 -0.0288492 -0.0287955 -0.0287468 -0.0286932 -0.0286517 -0.0286135 -0.0285784 -0.0285474 -0.0285261 -0.0285051 -0.028492 -0.0284841 -0.0284819 -0.0284823 -0.0284933 -0.028505 -0.0285223 -0.0285466 -0.0285772 -0.0286042 -0.028644 -0.0286876 -0.0287281 -0.0287727 -0.0288325 -0.0288797 -0.0289299 -0.0289932 -0.0290528 -0.0290982 -0.0291635 -0.0292246 -0.0292707 -0.0293216 -0.0293832 -0.0294247 -0.0294621 -0.0295026 -0.0295406 -0.0295653 -0.0295792 -0.0295926 -0.0296042 -0.0295942 -0.0295724 -0.0295587 -0.0295215 -0.0294635 -0.0294025 -0.0293367 -0.0292435 -0.0291314 -0.0290004 -0.0288662 -0.0287032 -0.0285029 -0.0282877 -0.028054 -0.0277769 -0.0274558 -0.0271033 -0.0267145 -0.0262799 -0.0257686 -0.0252044 -0.0245882 -0.0239013 -0.0231268 -0.0222643 -0.021326 -0.0203063 -0.0191788 -0.0179333 -0.0165935 -0.0151523 -0.0136097 -0.0119356 -0.0101343 -0.00823028 -0.00621466 -0.00408178 -0.00180744 0.000604115 0.00314128 0.0058135 0.00865431 0.011694 0.0149529 0.0184267 0.0221054 0.025991 0.0300431 0.0341978 0.0383212 0.0422505 0.0458243 0.0488745 0.0512745 0.0529031 0.0536946 0.0536458 0.0528263 0.051394 0.0495412 0.0474952 0.0454659 0.043652 0.0422325 0.0413548 0.0411584 0.0417297 
0 0.000708939 0.00118186 0.0011803 0.00058638 -0.000692306 -0.00262699 -0.00508658 -0.00790883 -0.0108146 -0.0135622 -0.0159203 -0.0177072 -0.0188772 -0.0194007 -0.0193564 -0.0188483 -0.0179914 -0.0169698 -0.0159186 -0.0149815 -0.0142416 -0.0137213 -0.0134328 -0.013368 -0.0135178 -0.0138528 -0.0143398 -0.0149128 -0.0155663 -0.0162846 -0.0170478 -0.0178605 -0.0186625 -0.019471 -0.0202851 -0.0210987 -0.0219037 -0.022678 -0.023423 -0.0241445 -0.0248579 -0.0255173 -0.0261457 -0.026741 -0.0273068 -0.0278473 -0.0283414 -0.0287987 -0.0292305 -0.0296514 -0.0300194 -0.0303683 -0.0306954 -0.0309999 -0.0312762 -0.0315297 -0.031764 -0.0319808 -0.0321876 -0.0323541 -0.0325123 -0.0326591 -0.0327944 -0.0328938 -0.0329963 -0.0330854 -0.0331508 -0.0331997 -0.0332554 -0.0332986 -0.0333121 -0.0333233 -0.0333359 -0.0333435 -0.0333236 -0.0333083 -0.0332892 -0.0332691 -0.0332285 -0.0331989 -0.0331601 -0.0331213 -0.033074 -0.0330372 -0.0329882 -0.0329449 -0.0329 -0.0328599 -0.0328132 -0.0327759 -0.0327367 -0.0327015 -0.0326664 -0.0326387 -0.03261 -0.0325875 -0.0325669 -0.0325516 -0.0325382 -0.0325309 -0.032525 -0.0325252 -0.0325278 -0.032535 -0.0325436 -0.0325597 -0.0325747 -0.0325946 -0.0326162 -0.0326438 -0.0326658 -0.0326966 -0.0327252 -0.0327559 -0.0327812 -0.0328176 -0.0328411 -0.0328681 -0.0328925 -0.0329217 -0.0329293 -0.0329455 -0.0329582 -0.032968 -0.0329521 -0.0329435 -0.0329321 -0.0329114 -0.0328636 -0.032817 -0.0327682 -0.0326988 -0.0326118 -0.0325201 -0.0324177 -0.0322806 -0.0321427 -0.0319925 -0.0318203 -0.0316083 -0.0313987 -0.0311627 -0.0308984 -0.0306038 -0.0302886 -0.02994 -0.0295557 -0.0291331 -0.0286598 -0.0281638 -0.0276064 -0.0269843 -0.0262978 -0.0255656 -0.0247487 -0.0238495 -0.0228661 -0.0217894 -0.0206353 -0.0193646 -0.017979 -0.0164831 -0.0148926 -0.0131727 -0.0113278 -0.00934945 -0.00723909 -0.00502622 -0.0026605 -0.000148755 0.00251769 0.00534037 0.00832304 0.0115049 0.0149234 0.018598 0.0225221 0.0267079 0.0311188 0.0357337 0.0404581 0.0451274 0.0495852 0.0536019 0.0570146 0.0596581 0.0613864 0.062152 0.0619254 0.0608158 0.0589965 0.056687 0.0541689 0.0516723 0.0494452 0.0476974 0.0465978 0.0463194 0.046955 
0 0.000431639 0.0005726 0.000230851 -0.000814175 -0.00259014 -0.00508658 -0.00818294 -0.0116187 -0.0151656 -0.0184806 -0.0213275 -0.023526 -0.0249476 -0.0256334 -0.0256068 -0.0250045 -0.023983 -0.0226986 -0.0213549 -0.0200803 -0.0189851 -0.0181127 -0.0174824 -0.0170874 -0.0169217 -0.0169613 -0.0171446 -0.0174577 -0.0178453 -0.018309 -0.0188486 -0.0194183 -0.0200243 -0.0206473 -0.0212806 -0.0219358 -0.0225975 -0.0232377 -0.023883 -0.0245249 -0.0251452 -0.025772 -0.0263602 -0.0269269 -0.0274958 -0.0280317 -0.0285475 -0.0290539 -0.0295364 -0.0299954 -0.0304458 -0.0308605 -0.0312604 -0.0316549 -0.0320243 -0.0323692 -0.0326951 -0.0330102 -0.0332902 -0.0335632 -0.0338255 -0.0340616 -0.0342679 -0.0344743 -0.0346554 -0.0348142 -0.0349789 -0.0351194 -0.0352285 -0.0353286 -0.0354404 -0.0355262 -0.0355947 -0.0356431 -0.0357048 -0.035752 -0.0357836 -0.0358008 -0.035829 -0.0358401 -0.0358464 -0.0358494 -0.0358485 -0.0358397 -0.0358343 -0.0358235 -0.0358066 -0.0357942 -0.0357786 -0.0357613 -0.0357427 -0.0357294 -0.0357095 -0.0356957 -0.0356789 -0.0356675 -0.0356514 -0.0356434 -0.0356307 -0.0356249 -0.0356148 -0.0356131 -0.0356058 -0.0356053 -0.035602 -0.0356042 -0.0356004 -0.0356048 -0.0356045 -0.0356048 -0.0356045 -0.0356074 -0.0356021 -0.0355989 -0.0355954 -0.0355837 -0.0355727 -0.0355591 -0.0355351 -0.035504 -0.0354831 -0.0354416 -0.0353888 -0.0353298 -0.0352796 -0.0352067 -0.0351176 -0.0350079 -0.0349163 -0.0348046 -0.0346609 -0.0345021 -0.0343501 -0.0341668 -0.0339671 -0.0337604 -0.0335216 -0.0332596 -0.0329852 -0.0326952 -0.032369 -0.0320262 -0.0316522 -0.031247 -0.0308075 -0.0303544 -0.029857 -0.029308 -0.0287337 -0.0281061 -0.0274219 -0.026693 -0.0259024 -0.0250381 -0.024122 -0.023107 -0.022001 -0.02083 -0.0195488 -0.0181695 -0.0166833 -0.0150751 -0.0133586 -0.0115252 -0.00954643 -0.00743673 -0.00520393 -0.00282361 -0.000309885 0.00237628 0.00523716 0.00826467 0.0114943 0.0149459 0.0186639 0.0226664 0.0269681 0.0315491 0.036403 0.0414724 0.0466332 0.0517518 0.0565778 0.0609218 0.064565 0.067302 0.0690353 0.0696355 0.0691469 0.067666 0.0653711 0.062566 0.0594968 0.0564897 0.0538019 0.0516635 0.0503178 0.0498965 0.0505608 
0 5.88621e-05 -0.000171323 -0.00096522 -0.0024801 -0.00480564 -0.00790883 -0.0116187 -0.0157206 -0.0198783 -0.0237788 -0.0271514 -0.0297463 -0.0314943 -0.0323463 -0.0323718 -0.0317222 -0.0305246 -0.0290199 -0.0273741 -0.025753 -0.0242925 -0.0230298 -0.022012 -0.021239 -0.0206928 -0.0203481 -0.0201823 -0.0201264 -0.0201885 -0.0203331 -0.0205287 -0.0208097 -0.0210992 -0.0214452 -0.0218212 -0.0222201 -0.0226575 -0.0231043 -0.0235759 -0.0240461 -0.0245446 -0.025031 -0.0255402 -0.026051 -0.026562 -0.0270748 -0.0275862 -0.0280977 -0.0285839 -0.0290991 -0.0295771 -0.0300689 -0.0305478 -0.0309997 -0.0314359 -0.0318811 -0.0322946 -0.0326857 -0.0330899 -0.033443 -0.0337901 -0.0341107 -0.0344323 -0.0347204 -0.0350057 -0.0352506 -0.0354912 -0.0357059 -0.0359218 -0.0361218 -0.0362837 -0.0364364 -0.0365913 -0.0367344 -0.036844 -0.0369602 -0.0370469 -0.0371465 -0.0372253 -0.0372958 -0.0373419 -0.0374171 -0.0374545 -0.0374944 -0.0375267 -0.0375685 -0.0375779 -0.0376075 -0.0376209 -0.0376368 -0.0376391 -0.0376554 -0.0376524 -0.0376588 -0.0376548 -0.0376582 -0.0376488 -0.037649 -0.0376378 -0.0376341 -0.0376198 -0.0376144 -0.0375963 -0.0375868 -0.0375674 -0.0375542 -0.0375267 -0.0375133 -0.037482 -0.0374561 -0.0374216 -0.0373964 -0.0373417 -0.0373083 -0.0372587 -0.037204 -0.0371304 -0.0370827 -0.0369959 -0.0369151 -0.0368187 -0.0367246 -0.0366051 -0.0364995 -0.0363488 -0.0361989 -0.0360501 -0.0358886 -0.035685 -0.0354756 -0.035262 -0.0350324 -0.0347817 -0.0344936 -0.034209 -0.0338883 -0.0335596 -0.0332038 -0.0328333 -0.0324072 -0.0319929 -0.0315277 -0.0310387 -0.0305359 -0.0299916 -0.0293964 -0.0287785 -0.0281301 -0.027418 -0.0266909 -0.0258889 -0.025048 -0.0241364 -0.023173 -0.0221311 -0.0210237 -0.0198432 -0.018562 -0.0172003 -0.0157273 -0.0141571 -0.0124629 -0.0106768 -0.00874311 -0.00669356 -0.00450909 -0.00215976 0.000303902 0.00295434 0.00576243 0.00875088 0.0119455 0.0153526 0.0190128 0.0229698 0.0272383 0.0318257 0.0367474 0.0419292 0.0473444 0.0528417 0.058233 0.0633285 0.0678335 0.0715628 0.0742877 0.0758516 0.0762043 0.075322 0.0733612 0.0705264 0.0671031 0.0634365 0.0598296 0.0566052 0.0540343 0.0523465 0.0517487 0.0523664 
0 -0.00032943 -0.000989614 -0.00221714 -0.00424824 -0.00712186 -0.0108146 -0.0151656 -0.0198783 -0.0246631 -0.0291345 -0.0330087 -0.0360465 -0.0381028 -0.0391777 -0.0392988 -0.0386301 -0.0373383 -0.0356348 -0.0337339 -0.0317936 -0.0299673 -0.028318 -0.0269075 -0.0257345 -0.0247878 -0.0240469 -0.0234617 -0.0230206 -0.0226828 -0.0224312 -0.0222541 -0.0221395 -0.022081 -0.0220878 -0.0221333 -0.0222197 -0.0223617 -0.0225301 -0.0227615 -0.0230229 -0.0233084 -0.0236465 -0.0240108 -0.0243981 -0.0248151 -0.0252439 -0.025702 -0.0261961 -0.0266804 -0.0271786 -0.0276882 -0.0282023 -0.0287162 -0.0292238 -0.0297329 -0.0302439 -0.0307319 -0.0312032 -0.031666 -0.0321176 -0.0325666 -0.0329768 -0.0333662 -0.0337585 -0.0341221 -0.0344478 -0.0347895 -0.0351061 -0.0353791 -0.0356408 -0.0359074 -0.0361538 -0.0363702 -0.0365613 -0.0367611 -0.0369541 -0.0371045 -0.037251 -0.0374058 -0.037531 -0.0376375 -0.0377599 -0.0378562 -0.0379364 -0.0380224 -0.0381027 -0.0381557 -0.0382179 -0.0382719 -0.0383147 -0.0383484 -0.0383875 -0.0384103 -0.0384332 -0.0384474 -0.0384621 -0.038465 -0.0384697 -0.0384637 -0.0384594 -0.0384441 -0.0384304 -0.0384054 -0.0383822 -0.0383492 -0.0383146 -0.0382685 -0.0382281 -0.0381714 -0.0381103 -0.0380472 -0.0379809 -0.0378896 -0.037809 -0.03772 -0.0376083 -0.0374929 -0.0373869 -0.0372428 -0.0370934 -0.0369566 -0.0367913 -0.0365936 -0.0364096 -0.0362177 -0.0359933 -0.0357479 -0.0354921 -0.0352373 -0.0349563 -0.0346364 -0.0343106 -0.033981 -0.0336019 -0.0332156 -0.0328213 -0.0323824 -0.0319095 -0.0314348 -0.0309325 -0.0304007 -0.0298292 -0.0292319 -0.0286131 -0.027952 -0.0272566 -0.0265332 -0.025767 -0.0249598 -0.0241026 -0.0231878 -0.0222513 -0.0212499 -0.0201771 -0.0190517 -0.0178526 -0.0165756 -0.0152276 -0.0137742 -0.0122367 -0.0106112 -0.00885599 -0.0069949 -0.00500079 -0.00287893 -0.000627805 0.00177299 0.00432988 0.00704743 0.00994447 0.0130378 0.0163439 0.019903 0.0237275 0.0278664 0.0323343 0.0371516 0.0423087 0.0477516 0.0534107 0.0591154 0.0646956 0.0698871 0.0744358 0.0781012 0.0806364 0.0819233 0.081853 0.080475 0.0779288 0.074433 0.0703382 0.0659595 0.061686 0.0578477 0.0547389 0.0526535 0.0517664 0.0522611 
0 -0.000719327 -0.00177874 -0.00344266 -0.00593825 -0.00932289 -0.0135622 -0.0184806 -0.0237788 -0.0291345 -0.0341571 -0.038536 -0.0420136 -0.0444313 -0.0457608 -0.0460347 -0.0454129 -0.0440744 -0.0422435 -0.0401398 -0.0379336 -0.0357892 -0.0337911 -0.0320092 -0.0304564 -0.0291152 -0.0279678 -0.0269775 -0.0261288 -0.0253938 -0.0247428 -0.0241575 -0.023637 -0.0231783 -0.022795 -0.0224654 -0.0221874 -0.0219814 -0.0218367 -0.0217731 -0.0217595 -0.0217947 -0.021903 -0.0220762 -0.0223053 -0.0225806 -0.0228933 -0.023262 -0.0236797 -0.0241073 -0.0245682 -0.0250575 -0.0255749 -0.0261025 -0.0266213 -0.0271519 -0.027703 -0.0282382 -0.028761 -0.0292873 -0.029802 -0.0303071 -0.0307815 -0.0312473 -0.0317153 -0.0321545 -0.0325536 -0.0329589 -0.0333463 -0.0337046 -0.0340464 -0.0343738 -0.0346835 -0.034975 -0.0352436 -0.0355074 -0.0357591 -0.0359726 -0.0361867 -0.0364015 -0.0365813 -0.0367419 -0.0369194 -0.0370674 -0.0371945 -0.0373252 -0.0374491 -0.0375432 -0.0376412 -0.03773 -0.0378048 -0.0378672 -0.0379305 -0.0379773 -0.0380191 -0.0380495 -0.0380767 -0.0380913 -0.0381013 -0.0380994 -0.0380957 -0.0380784 -0.038057 -0.0380244 -0.0379887 -0.0379401 -0.0378862 -0.0378201 -0.0377536 -0.037669 -0.0375774 -0.0374814 -0.0373764 -0.0372459 -0.0371237 -0.0369895 -0.0368281 -0.0366615 -0.0365039 -0.0363058 -0.0360966 -0.0358951 -0.0356694 -0.0354128 -0.0351628 -0.0348926 -0.0345951 -0.0342885 -0.0339678 -0.0336252 -0.0332581 -0.0328695 -0.0324747 -0.0320606 -0.0315962 -0.0311246 -0.030644 -0.0301248 -0.029572 -0.0290077 -0.0284116 -0.0277877 -0.0271222 -0.0264347 -0.0257311 -0.0249766 -0.0241743 -0.0233504 -0.0224914 -0.0215855 -0.0206322 -0.019625 -0.0185904 -0.0174936 -0.0163252 -0.0151048 -0.0138283 -0.0124818 -0.0110556 -0.00953054 -0.00792492 -0.00623538 -0.00442543 -0.00250486 -0.000454903 0.00171452 0.00401555 0.00647639 0.00909963 0.0118923 0.0148633 0.0180337 0.0214366 0.0251063 0.0290611 0.0333424 0.0379653 0.0429523 0.0482862 0.0538979 0.0596959 0.0654985 0.0711146 0.0762795 0.0807183 0.0841747 0.0863993 0.087256 0.0866588 0.08466 0.081416 0.0771712 0.0722834 0.0671115 0.0620643 0.0575119 0.0537854 0.0511919 0.0499419 0.0502164 
0 -0.0010505 -0.0024395 -0.00448515 -0.00737201 -0.011202 -0.0159203 -0.0213275 -0.0271514 -0.0330087 -0.038536 -0.0433944 -0.0472999 -0.0501039 -0.0517228 -0.0522118 -0.051713 -0.0504073 -0.0485381 -0.0463104 -0.0439155 -0.0415197 -0.0392339 -0.0371332 -0.0352503 -0.0335624 -0.0320453 -0.0306903 -0.0294546 -0.0283415 -0.0273053 -0.0263159 -0.0254018 -0.0245433 -0.023768 -0.0230553 -0.0223961 -0.0218128 -0.0213227 -0.0209254 -0.0205967 -0.0203531 -0.0201862 -0.0201252 -0.020144 -0.02022 -0.0203638 -0.0205913 -0.0208844 -0.0212095 -0.0215904 -0.0220024 -0.022471 -0.0229626 -0.0234558 -0.0239734 -0.0245283 -0.025074 -0.0256059 -0.0261613 -0.0267088 -0.02725 -0.0277656 -0.0282844 -0.028792 -0.029284 -0.0297442 -0.0302022 -0.0306423 -0.0310622 -0.0314646 -0.0318448 -0.032215 -0.0325637 -0.0328948 -0.0332089 -0.033517 -0.0337856 -0.0340575 -0.0343164 -0.0345504 -0.0347592 -0.034983 -0.0351737 -0.0353472 -0.0355146 -0.0356775 -0.0358087 -0.0359394 -0.0360575 -0.0361626 -0.0362508 -0.0363353 -0.0364039 -0.0364631 -0.0365081 -0.0365465 -0.0365718 -0.0365864 -0.0365885 -0.0365846 -0.0365659 -0.0365372 -0.0364978 -0.0364503 -0.0363873 -0.0363157 -0.0362317 -0.0361409 -0.0360305 -0.0359128 -0.0357851 -0.0356455 -0.0354807 -0.0353212 -0.0351428 -0.0349424 -0.0347294 -0.034523 -0.0342755 -0.0340211 -0.0337595 -0.0334807 -0.0331686 -0.0328653 -0.0325305 -0.0321742 -0.031805 -0.0314291 -0.0310174 -0.0305854 -0.0301384 -0.0296793 -0.0291913 -0.0286658 -0.0281345 -0.0275794 -0.0269945 -0.0263735 -0.0257396 -0.0250708 -0.0243828 -0.0236408 -0.0228779 -0.0220999 -0.0212713 -0.0203875 -0.0194867 -0.0185574 -0.0175618 -0.0165274 -0.0154409 -0.0143232 -0.0131462 -0.0119031 -0.0105938 -0.00924099 -0.00782401 -0.00630826 -0.00471501 -0.00303735 -0.00127779 0.00059503 0.00258701 0.00471075 0.0069419 0.00930454 0.0118361 0.0145179 0.017385 0.0204203 0.0236569 0.0271477 0.0309056 0.0349656 0.0393508 0.0440821 0.049177 0.054619 0.0603157 0.0661568 0.0719567 0.0774847 0.0825011 0.0866902 0.089794 0.0915728 0.0918554 0.0906117 0.087873 0.0838268 0.0787464 0.0729728 0.0669338 0.0610292 0.0556777 0.0512509 0.0480497 0.0463459 0.0462973 
0 -0.00129306 -0.00295698 -0.00526182 -0.00846818 -0.0126312 -0.0177072 -0.023526 -0.0297463 -0.0360465 -0.0420136 -0.0472999 -0.0516466 -0.0548203 -0.0567818 -0.0575418 -0.0572253 -0.056054 -0.0542212 -0.0519663 -0.0494764 -0.0469147 -0.044422 -0.0420884 -0.0399392 -0.0379728 -0.0361706 -0.0344893 -0.032956 -0.0315111 -0.0301335 -0.0288157 -0.0275208 -0.0263118 -0.0251653 -0.0240787 -0.0230493 -0.0220983 -0.0212429 -0.0204934 -0.0198454 -0.019262 -0.0188138 -0.018468 -0.0182234 -0.0180661 -0.0179924 -0.0180162 -0.0181339 -0.0183212 -0.0185382 -0.0188508 -0.0192073 -0.0196032 -0.0200272 -0.0204978 -0.020991 -0.0215039 -0.0220256 -0.0225402 -0.0230913 -0.0236366 -0.0241709 -0.0246836 -0.025227 -0.0257338 -0.0262251 -0.0267144 -0.027209 -0.0276535 -0.0280788 -0.028517 -0.0289413 -0.0293261 -0.0296826 -0.0300566 -0.0304037 -0.0307261 -0.0310221 -0.031331 -0.0316001 -0.0318629 -0.0321038 -0.0323438 -0.0325459 -0.0327542 -0.0329355 -0.0331101 -0.0332578 -0.0334087 -0.0335305 -0.0336481 -0.0337433 -0.0338363 -0.0339038 -0.033967 -0.0340095 -0.0340478 -0.0340622 -0.0340722 -0.0340629 -0.0340472 -0.0340085 -0.0339669 -0.0339044 -0.0338347 -0.0337424 -0.0336488 -0.0335307 -0.033406 -0.0332586 -0.0331118 -0.0329336 -0.0327526 -0.0325497 -0.0323432 -0.0321004 -0.0318659 -0.031602 -0.0313249 -0.0310204 -0.0307305 -0.030396 -0.0300437 -0.0296774 -0.0293212 -0.028916 -0.0284858 -0.0280494 -0.0276148 -0.0271378 -0.026627 -0.0261194 -0.0255882 -0.0250231 -0.0244321 -0.0238492 -0.0232059 -0.0225364 -0.0218502 -0.02116 -0.0204002 -0.0196186 -0.0188113 -0.017969 -0.0170838 -0.0161587 -0.0151982 -0.0141952 -0.0131598 -0.0120374 -0.0108921 -0.00970581 -0.00846002 -0.00713109 -0.00575584 -0.0043185 -0.00280703 -0.00122345 0.000473306 0.00222917 0.00407597 0.00603394 0.00812478 0.0103237 0.0126445 0.015093 0.0176827 0.0204662 0.0233887 0.0264971 0.0298107 0.0333608 0.037205 0.0413407 0.045796 0.0505961 0.0557538 0.061224 0.0669372 0.0727232 0.0783968 0.083742 0.0884504 0.0922735 0.0948921 0.0960753 0.0956981 0.0936712 0.0901149 0.085186 0.0791711 0.0724703 0.0654668 0.0586495 0.0524348 0.0472166 0.0433646 0.0411084 0.0406713 
0 -0.00145811 -0.00326332 -0.00577242 -0.00915396 -0.0135453 -0.0188772 -0.0249476 -0.0314943 -0.0381028 -0.0444313 -0.0501039 -0.0548203 -0.0583982 -0.0607054 -0.0617852 -0.061735 -0.0607551 -0.0590639 -0.0568713 -0.0543828 -0.0517566 -0.0491642 -0.0466757 -0.0443633 -0.0422086 -0.0401814 -0.0383024 -0.0365165 -0.0348398 -0.0332175 -0.0316131 -0.0300489 -0.0285279 -0.0270596 -0.0256467 -0.024284 -0.0229774 -0.021795 -0.0206986 -0.0196979 -0.0188064 -0.0180091 -0.0173571 -0.016823 -0.016383 -0.0160491 -0.0158384 -0.0157161 -0.0156828 -0.015729 -0.0158513 -0.0160602 -0.0163242 -0.0166279 -0.0169704 -0.0173761 -0.0178073 -0.0182517 -0.0187307 -0.0192328 -0.0197231 -0.020224 -0.0207448 -0.0212561 -0.0217681 -0.0222735 -0.0227593 -0.0232382 -0.023724 -0.0241914 -0.0246326 -0.0250559 -0.0254757 -0.0258885 -0.0262733 -0.0266338 -0.026987 -0.0273301 -0.0276496 -0.0279518 -0.0282372 -0.0285097 -0.028767 -0.0290052 -0.0292252 -0.0294352 -0.0296273 -0.0298008 -0.0299617 -0.0301079 -0.0302358 -0.0303497 -0.0304499 -0.0305326 -0.030601 -0.0306546 -0.0306931 -0.0307159 -0.0307244 -0.0307171 -0.0306961 -0.0306583 -0.0306061 -0.0305396 -0.0304572 -0.0303579 -0.0302466 -0.0301183 -0.0299721 -0.029814 -0.0296403 -0.0294461 -0.0292389 -0.0290193 -0.0287778 -0.0285204 -0.0282488 -0.0279608 -0.0276557 -0.0273327 -0.0269868 -0.0266317 -0.0262638 -0.0258692 -0.0254487 -0.025019 -0.0245818 -0.0241225 -0.0236251 -0.0231092 -0.0225997 -0.0220642 -0.0214897 -0.0208997 -0.0202938 -0.0196562 -0.0190066 -0.0183265 -0.0176086 -0.0168697 -0.0160995 -0.015286 -0.0144472 -0.0135852 -0.0126632 -0.0116904 -0.0106849 -0.00965023 -0.00854554 -0.00739092 -0.00619039 -0.00492779 -0.00360805 -0.00221238 -0.000742669 0.000777362 0.00236532 0.00407452 0.00585507 0.00772852 0.00969668 0.0117581 0.0139596 0.0162698 0.0186839 0.021227 0.0239271 0.026775 0.0297961 0.0329695 0.0363367 0.0399642 0.043848 0.0480445 0.0525403 0.0573677 0.0625318 0.0679787 0.0736109 0.0792482 0.084705 0.0897153 0.0940318 0.0973396 0.0993518 0.0998555 0.0986704 0.0958138 0.0913383 0.085457 0.0784858 0.0707696 0.0628035 0.0550187 0.0478989 0.041882 0.0372962 0.0344762 0.0335803 
0 -0.00151748 -0.0034027 -0.00597372 -0.00945495 -0.013949 -0.0194007 -0.0256334 -0.0323463 -0.0391777 -0.0457608 -0.0517228 -0.0567818 -0.0607054 -0.0633755 -0.0648019 -0.0650628 -0.0643636 -0.0628919 -0.0608583 -0.0584706 -0.055882 -0.0532745 -0.0507464 -0.0483529 -0.0461071 -0.0439822 -0.041969 -0.0400626 -0.038229 -0.0364356 -0.0346606 -0.0328855 -0.0311526 -0.0294473 -0.0277772 -0.0261393 -0.0245474 -0.0230477 -0.0216285 -0.0203154 -0.0190873 -0.0179799 -0.0170018 -0.0161385 -0.0153865 -0.0147548 -0.0142435 -0.0138511 -0.0135784 -0.0133719 -0.0132841 -0.013276 -0.0133383 -0.0134764 -0.0136822 -0.0139358 -0.0142426 -0.0145853 -0.0149467 -0.015363 -0.0157909 -0.0162453 -0.0166978 -0.0171686 -0.0176382 -0.0181193 -0.0185906 -0.0190755 -0.0195346 -0.0199756 -0.020431 -0.0208763 -0.0212931 -0.0216927 -0.0220918 -0.0224667 -0.0228419 -0.02318 -0.0235105 -0.0238268 -0.0241376 -0.0244062 -0.0246821 -0.0249311 -0.0251689 -0.0253808 -0.0255928 -0.025771 -0.025947 -0.0260966 -0.026239 -0.0263561 -0.0264669 -0.0265501 -0.0266297 -0.0266826 -0.0267258 -0.0267481 -0.0267621 -0.0267477 -0.0267295 -0.0266871 -0.026633 -0.0265567 -0.0264743 -0.0263629 -0.026247 -0.0261053 -0.0259548 -0.0257801 -0.0255991 -0.0253869 -0.0251757 -0.024933 -0.0246807 -0.0244074 -0.0241311 -0.0238118 -0.0234976 -0.0231599 -0.0228086 -0.0224268 -0.0220427 -0.021627 -0.0212164 -0.0207728 -0.0202995 -0.0198192 -0.0193406 -0.0188217 -0.018279 -0.0177281 -0.0171503 -0.016562 -0.0159436 -0.0153084 -0.0146349 -0.013941 -0.0132156 -0.0124846 -0.0116896 -0.0108693 -0.0100147 -0.009113 -0.00817055 -0.00718998 -0.006152 -0.00506686 -0.00393157 -0.00270789 -0.00145311 -0.000129639 0.00126442 0.0027419 0.00429461 0.00592759 0.00764128 0.00945714 0.0113733 0.0133679 0.0154678 0.0176683 0.0200049 0.0224392 0.0249806 0.0276377 0.0304218 0.0333657 0.0364428 0.039678 0.0431052 0.0467644 0.0506913 0.0549041 0.0593988 0.0642081 0.0693168 0.0746614 0.0801408 0.0855412 0.0906724 0.0952726 0.0990576 0.101755 0.103054 0.102752 0.100714 0.0969241 0.0915009 0.0846417 0.0766687 0.0679735 0.0590112 0.0502822 0.0422683 0.0354227 0.0301339 0.026699 0.0253347 
0 -0.0015132 -0.00339037 -0.00595227 -0.00942046 -0.0139047 -0.0193564 -0.0256068 -0.0323718 -0.0392988 -0.0460347 -0.0522118 -0.0575418 -0.0617852 -0.0648019 -0.0665855 -0.0671962 -0.0668165 -0.0656247 -0.0638227 -0.0616141 -0.0591555 -0.0566342 -0.0541518 -0.0517772 -0.0495307 -0.0473898 -0.0453561 -0.0434134 -0.0415339 -0.0396834 -0.0378316 -0.035962 -0.0341024 -0.0322396 -0.0303894 -0.0285531 -0.0267406 -0.025 -0.0233137 -0.0217143 -0.0201918 -0.0187689 -0.0174672 -0.0162798 -0.0152116 -0.0142685 -0.0134469 -0.0127419 -0.012169 -0.0116875 -0.0113351 -0.0110781 -0.0109108 -0.0108371 -0.0108336 -0.0108965 -0.0110321 -0.0112269 -0.011461 -0.0117513 -0.0120553 -0.0124093 -0.0127843 -0.0131763 -0.013585 -0.0140154 -0.0144314 -0.0148607 -0.0152967 -0.0157258 -0.0161529 -0.0165586 -0.0169641 -0.0173694 -0.0177563 -0.0181109 -0.0184839 -0.0188259 -0.0191499 -0.0194646 -0.0197756 -0.0200442 -0.0203194 -0.0205736 -0.0208104 -0.0210245 -0.0212373 -0.0214207 -0.0215964 -0.0217486 -0.0218915 -0.0220139 -0.0221226 -0.022208 -0.0222891 -0.022344 -0.0223829 -0.0224092 -0.0224219 -0.0224055 -0.0223847 -0.022345 -0.0222846 -0.0222067 -0.022122 -0.0220089 -0.0218855 -0.0217431 -0.0215876 -0.0214094 -0.0212213 -0.0210074 -0.0207904 -0.0205439 -0.0202849 -0.0200106 -0.019727 -0.0194044 -0.0190905 -0.0187503 -0.0183861 -0.0180086 -0.0176366 -0.0172136 -0.016788 -0.0163547 -0.0159025 -0.0154211 -0.0149319 -0.014418 -0.0138973 -0.0133544 -0.0127802 -0.0121993 -0.0115872 -0.0109499 -0.0102946 -0.00961746 -0.0088883 -0.0081461 -0.00735266 -0.00653347 -0.00567416 -0.00476355 -0.00380085 -0.00279465 -0.00172092 -0.000593964 0.000588756 0.00185887 0.00318222 0.00459639 0.00608999 0.00767144 0.00933891 0.0110978 0.0129458 0.0149071 0.016969 0.0191226 0.0213838 0.0237343 0.0262081 0.0287685 0.0314257 0.0341897 0.0370656 0.0400778 0.0432122 0.0464859 0.0499368 0.0536061 0.0575233 0.0617147 0.0661684 0.070908 0.0759051 0.0810788 0.086312 0.0913811 0.0960846 0.100157 0.103321 0.105303 0.10581 0.104651 0.101703 0.0969724 0.0905861 0.0827559 0.0738113 0.0641492 0.054241 0.0445984 0.035726 0.028098 0.0221185 0.0181025 0.016272 
0 -0.00144682 -0.00324017 -0.0057305 -0.00909935 -0.0134881 -0.0188483 -0.0250045 -0.0317222 -0.0386301 -0.0454129 -0.051713 -0.0572253 -0.061735 -0.0650628 -0.0671962 -0.0681754 -0.0681444 -0.0672803 -0.0657645 -0.0637934 -0.0615281 -0.0591619 -0.0567891 -0.0545097 -0.0523422 -0.0502659 -0.0483118 -0.0464154 -0.0445834 -0.0427695 -0.0409298 -0.0390767 -0.0371939 -0.0352859 -0.0333608 -0.0314277 -0.0294793 -0.0275744 -0.0256895 -0.0238552 -0.0221033 -0.0204062 -0.0188159 -0.0173194 -0.0159339 -0.0146652 -0.0135212 -0.0124902 -0.0115898 -0.0108187 -0.0101559 -0.0096074 -0.00916293 -0.00884051 -0.00859351 -0.00844081 -0.00836794 -0.00836564 -0.00843459 -0.00855941 -0.00872147 -0.00894433 -0.00921637 -0.00948471 -0.00979958 -0.0101472 -0.0105 -0.0108502 -0.0112286 -0.01161 -0.0119908 -0.0123526 -0.0127256 -0.0131075 -0.0134573 -0.0137913 -0.0141423 -0.0144748 -0.0147704 -0.0150778 -0.0153704 -0.0156363 -0.0158901 -0.0161436 -0.0163653 -0.0165791 -0.0167759 -0.0169624 -0.0171256 -0.017278 -0.0174103 -0.017537 -0.0176342 -0.0177216 -0.0177963 -0.017854 -0.0178833 -0.0179147 -0.0179216 -0.017907 -0.0178802 -0.0178471 -0.0177792 -0.0177055 -0.0176175 -0.0175104 -0.0173796 -0.017246 -0.0170868 -0.0169153 -0.0167225 -0.0165212 -0.016299 -0.0160628 -0.0158026 -0.0155439 -0.0152556 -0.0149476 -0.0146371 -0.0143162 -0.0139503 -0.0135906 -0.0132293 -0.0128285 -0.0124079 -0.0119962 -0.0115628 -0.0110998 -0.010627 -0.0101397 -0.00964442 -0.00910977 -0.00855885 -0.0080023 -0.00741881 -0.00678034 -0.0061469 -0.00548012 -0.00476221 -0.00401389 -0.0032371 -0.00240863 -0.00153101 -0.000604305 0.000382167 0.00141521 0.00252841 0.00370519 0.00496737 0.00629732 0.00771742 0.00923647 0.0108433 0.0125445 0.0143558 0.0162699 0.0182778 0.0204135 0.0226246 0.0249503 0.0273752 0.029881 0.0324952 0.0351871 0.0379565 0.0408116 0.043763 0.0468003 0.0499643 0.0532384 0.0566725 0.0603184 0.0641714 0.068289 0.0726395 0.0772362 0.0820429 0.0869634 0.0918601 0.0965146 0.10071 0.104168 0.106642 0.107834 0.107493 0.105444 0.101559 0.0959045 0.0885763 0.0798225 0.0699776 0.059415 0.0486544 0.0381765 0.0285219 0.0201868 0.0135602 0.00901268 0.00673702 
0 -0.00134057 -0.00304242 -0.00538119 -0.00861519 -0.0128242 -0.0179914 -0.023983 -0.0305246 -0.0373383 -0.0440744 -0.0504073 -0.056054 -0.0607551 -0.0643636 -0.0668165 -0.0681444 -0.0684641 -0.0679369 -0.0667217 -0.0650148 -0.0629906 -0.0608007 -0.0586084 -0.0564586 -0.054418 -0.0524948 -0.0506526 -0.0489142 -0.0472064 -0.0455138 -0.0438101 -0.0420584 -0.040263 -0.0384131 -0.0365153 -0.0345694 -0.0326105 -0.030615 -0.0286206 -0.0266524 -0.0247038 -0.0228169 -0.0209804 -0.0192134 -0.0175407 -0.015985 -0.0145091 -0.0131549 -0.0119331 -0.0108214 -0.00984831 -0.00897945 -0.00822709 -0.00760538 -0.00710635 -0.00667655 -0.00635906 -0.0061447 -0.00600066 -0.00592125 -0.0059158 -0.0059874 -0.00609193 -0.00624052 -0.00642905 -0.00666311 -0.00691187 -0.00719668 -0.00748245 -0.00778412 -0.00810244 -0.0084274 -0.00874615 -0.00906979 -0.00938339 -0.00969134 -0.0100115 -0.0103042 -0.0105805 -0.01086 -0.0111378 -0.0113764 -0.0116168 -0.0118454 -0.0120623 -0.012252 -0.0124415 -0.0126097 -0.0127702 -0.0129027 -0.0130341 -0.0131458 -0.0132421 -0.0133156 -0.0133926 -0.0134381 -0.01347 -0.0134917 -0.0135034 -0.0134798 -0.013459 -0.0134196 -0.0133593 -0.0132795 -0.0132018 -0.0130911 -0.0129703 -0.012835 -0.0126905 -0.0125161 -0.0123386 -0.0121406 -0.011935 -0.0116994 -0.0114609 -0.0112077 -0.0109408 -0.0106411 -0.0103511 -0.0100411 -0.0097081 -0.00936159 -0.00901447 -0.00863649 -0.00825645 -0.00786632 -0.00744206 -0.00700812 -0.00657785 -0.00612336 -0.00563033 -0.00513236 -0.00461336 -0.00408065 -0.00350583 -0.00290759 -0.00227358 -0.00161743 -0.000914047 -0.000170097 0.000623587 0.00145287 0.00234486 0.00331897 0.00432832 0.00540582 0.00658036 0.0078443 0.00917184 0.010615 0.0121479 0.0137916 0.0155516 0.0174039 0.0193729 0.0214647 0.0236652 0.0259503 0.0283545 0.0308406 0.0334209 0.0360861 0.03881 0.0416055 0.0444626 0.0473796 0.0503497 0.0534069 0.0565307 0.0597698 0.0631519 0.0666867 0.0704478 0.0744103 0.078597 0.0829926 0.0875263 0.092118 0.0965947 0.100749 0.104346 0.107131 0.108831 0.109199 0.107989 0.105031 0.100271 0.0937121 0.0855303 0.0759418 0.0652677 0.0539447 0.0424063 0.0312178 0.02089 0.0119153 0.00476041 -0.000282315 -0.00293453 
0 -0.00123695 -0.00280117 -0.00500622 -0.00804397 -0.0120381 -0.0169698 -0.0226986 -0.0290199 -0.0356348 -0.0422435 -0.0485381 -0.0542212 -0.0590639 -0.0628919 -0.0656247 -0.0672803 -0.0679369 -0.0677263 -0.0668159 -0.0653713 -0.0635793 -0.0616082 -0.0595768 -0.0575996 -0.0557175 -0.0539497 -0.0523109 -0.0507484 -0.0492456 -0.0477644 -0.0462613 -0.0447249 -0.0431173 -0.0414246 -0.0396535 -0.0378216 -0.0359163 -0.0339595 -0.031953 -0.02991 -0.0278868 -0.0258559 -0.0238398 -0.0218665 -0.0199608 -0.0181289 -0.0163839 -0.014717 -0.0131514 -0.0117355 -0.0104184 -0.00921928 -0.00815158 -0.00722561 -0.00640328 -0.00569904 -0.00510625 -0.00462663 -0.00426179 -0.00396737 -0.00374814 -0.00361205 -0.00356744 -0.00354754 -0.00359426 -0.0036995 -0.00384117 -0.00398205 -0.00418083 -0.00442259 -0.00466039 -0.00488472 -0.00514283 -0.00543232 -0.00569321 -0.00594657 -0.00621109 -0.00648489 -0.00672379 -0.00697174 -0.00720578 -0.00743556 -0.00763896 -0.00785245 -0.00803758 -0.00821946 -0.00837773 -0.00854135 -0.00867455 -0.00880356 -0.00891209 -0.00902184 -0.00909784 -0.00917325 -0.00923132 -0.00927972 -0.00929874 -0.00932403 -0.0093228 -0.00930868 -0.0092774 -0.00924628 -0.00918032 -0.00911278 -0.00902833 -0.00893387 -0.00880994 -0.00869161 -0.0085467 -0.0083932 -0.00821594 -0.00804322 -0.00783885 -0.00763085 -0.00740144 -0.00717477 -0.00691151 -0.00665255 -0.00637806 -0.00609311 -0.00577072 -0.00546942 -0.00515202 -0.00480281 -0.00442747 -0.00407867 -0.00371173 -0.00330019 -0.00287016 -0.00245157 -0.00201559 -0.00152719 -0.00103082 -0.000516403 3.56935e-05 0.000641233 0.00124176 0.00189469 0.00261118 0.00338333 0.00417549 0.00504003 0.00597772 0.00698271 0.0080655 0.00922673 0.0104863 0.0118461 0.01331 0.0148529 0.0165427 0.0183559 0.020272 0.0222993 0.0244513 0.0267173 0.0290921 0.0315646 0.0341088 0.0367622 0.0394815 0.0422504 0.0450666 0.0479231 0.0508194 0.0537516 0.0567141 0.0597046 0.0627687 0.0659074 0.0691587 0.0725629 0.076128 0.0798965 0.0838539 0.0879643 0.092172 0.0963505 0.100335 0.103924 0.106869 0.10892 0.109832 0.109347 0.107271 0.103454 0.0978325 0.0904773 0.0815114 0.0711902 0.0598381 0.0478394 0.0356995 0.0239126 0.0130307 0.00356702 -0.00406171 -0.00947173 -0.0124515 
