0 0 0 0 0 0 0 0 0 0 0 0 0 0 0 0 0 0 0 0 0 0 0 0 0 0 0 0 0 0 0 0 0 0 0 0 0 0 0 0 0 0 0 0 0 0 0 0 0 0 0 0 0 0 0 0 0 0 0 0 0 0 0 0 0 0 0 0 0 0 0 0 0 0 0 0 0 0 0 0 0 0 0 0 0 0 0 0 0 0 0 0 0 0 0 0 0 0 0 0 0 0 0 0 0 0 0 0 0 0 0 0 0 0 0 0 0 0 0 0 0 0 0 0 0 0 0 0 0 0 0 0 0 0 0 0 0 0 0 0 0 0 0 0 0 0 0 0 0 0 0 0 0 0 0 0 0 0 0 0 0 0 0 0 0 0 0 0 0 0 0 0 0 0 0 0 0 0 0 0 0 0 0 0 0 0 0 0 0 0 0 0 0 0 0 0 0 0 0 0 
0 0.000568423 0.0010791 0.00149226 0.00176673 0.00188749 0.00185459 0.00167813 0.00139326 0.00104196 0.000669568 0.000330871 5.66888e-05 -0.000133742 -0.00022861 -0.0002506 -0.000202477 -0.000109053 -3.16764e-06 0.000103125 0.000162985 0.000171411 0.000124059 1.21753e-05 -0.000142498 -0.000352967 -0.000612166 -0.000904961 -0.00122574 -0.00155703 -0.00189841 -0.0022517 -0.0026137 -0.00296911 -0.00331699 -0.0036619 -0.00399434 -0.00432796 -0.00463924 -0.00492252 -0.00520204 -0.00546071 -0.00570327 -0.00592919 -0.0061272 -0.00630819 -0.00648625 -0.00662801 -0.00675122 -0.00687327 -0.006971 -0.00706368 -0.00713494 -0.0071898 -0.00723839 -0.00728664 -0.00731221 -0.00733397 -0.0073565 -0.00736876 -0.00736776 -0.00736052 -0.00737054 -0.00736312 -0.00734947 -0.00733537 -0.00732549 -0.00729952 -0.00728966 -0.00727209 -0.00724618 -0.00721873 -0.00719712 -0.00717631 -0.00715234 -0.00711954 -0.00708661 -0.0070714 -0.00704032 -0.00700663 -0.00697756 -0.00695842 -0.00692208 -0.00689813 -0.00686909 -0.00684746 -0.0068169 -0.00679719 -0.00677029 -0.00675447 -0.00672768 -0.00671321 -0.006695 -0.00668186 -0.0066617 -0.00665816 -0.0066439 -0.00663558 -0.00662903 -0.00663085 -0.00661998 -0.00662513 -0.00662695 -0.00663072 -0.00663159 -0.00664752 -0.00665103 -0.00666413 -0.00667597 -0.00669514 -0.00670483 -0.00672811 -0.00674352 -0.00676843 -0.00678439 -0.00681103 -0.00683281 -0.00686157 -0.00687637 -0.00690933 -0.00693645 -0.00695937 -0.00697792 -0.00701283 -0.00703558 -0.00706001 -0.00708161 -0.00710105 -0.00712655 -0.00715363 -0.00716738 -0.00717836 -0.00720215 -0.00721411 -0.00723179 -0.00724033 -0.00724534 -0.0072447 -0.00725725 -0.00725388 -0.00724697 -0.0072328 -0.00722156 -0.00719721 -0.00715901 -0.0071294 -0.00708768 -0.00702197 -0.00694613 -0.00686997 -0.00676685 -0.00666128 -0.00652815 -0.00637299 -0.00621326 -0.00602275 -0.00580105 -0.00556638 -0.00531121 -0.00502463 -0.00471685 -0.00436852 -0.0039998 -0.00361319 -0.00319124 -0.00274197 -0.00226612 -0.00177005 -0.00125058 -0.000705997 -0.000129355 0.000472048 0.00108643 0.00173147 0.00240389 0.00311417 0.00387022 0.00465221 0.00547596 0.00633313 0.00721094 0.00810156 0.00895831 0.00975315 0.0104547 0.011025 0.0114479 0.0117004 0.0117679 0.0116676 0.0114148 0.0110502 0.0106274 0.0101753 0.00975025 0.00937665 0.0090798 0.00889924 0.00883228 0.00891133 
0 0.0010791 0.00205671 0.0028236 0.00333231 0.00352951 0.00342197 0.00304188 0.00244076 0.00171777 0.000956899 0.00026476 -0.000297533 -0.000681345 -0.000883549 -0.000925957 -0.000819083 -0.000636877 -0.000390041 -0.000169892 -2.41427e-05 3.65993e-05 -5.46915e-05 -0.000223337 -0.00051448 -0.000906064 -0.00136697 -0.00193034 -0.00251241 -0.00313181 -0.00377552 -0.0044397 -0.00511872 -0.00580215 -0.00645572 -0.0070948 -0.00774375 -0.00834616 -0.00895117 -0.00949827 -0.0100218 -0.0105325 -0.010996 -0.0114207 -0.0117958 -0.0121615 -0.0124822 -0.0127841 -0.0130315 -0.0132551 -0.0134563 -0.0136359 -0.0137723 -0.013888 -0.0140199 -0.0140959 -0.0141646 -0.0142142 -0.0142586 -0.0142888 -0.0143264 -0.0143227 -0.0143277 -0.0143369 -0.0143166 -0.0143004 -0.0142936 -0.0142816 -0.0142339 -0.0141997 -0.0141742 -0.014161 -0.014096 -0.0140485 -0.0140181 -0.0139814 -0.0139142 -0.0138762 -0.0138276 -0.0137723 -0.0137238 -0.0136792 -0.0136218 -0.0135727 -0.0135293 -0.0134794 -0.0134342 -0.0133879 -0.0133503 -0.0133096 -0.0132723 -0.013234 -0.0132124 -0.0131762 -0.0131513 -0.0131324 -0.0131182 -0.0130909 -0.0130906 -0.0130817 -0.0130737 -0.013071 -0.0130859 -0.0130808 -0.0130943 -0.0131111 -0.0131294 -0.0131412 -0.0131745 -0.0131975 -0.0132269 -0.013257 -0.013296 -0.0133301 -0.0133705 -0.0134074 -0.013454 -0.0134972 -0.013536 -0.0135862 -0.0136321 -0.0136677 -0.0137162 -0.0137769 -0.0137963 -0.0138333 -0.0138917 -0.0139393 -0.0139442 -0.0139809 -0.0140199 -0.0140598 -0.0140617 -0.0140796 -0.0141028 -0.0141148 -0.0141032 -0.0141199 -0.0141186 -0.0140799 -0.0140621 -0.0140365 -0.0139981 -0.0139382 -0.0138724 -0.013771 -0.0136871 -0.0135584 -0.0134091 -0.0132432 -0.0130571 -0.012826 -0.01255 -0.0122643 -0.0119343 -0.011571 -0.0111443 -0.0106853 -0.0101681 -0.00962765 -0.00901077 -0.00833609 -0.00764301 -0.0068738 -0.00607213 -0.00519653 -0.00426756 -0.0033033 -0.00230371 -0.00123727 -0.000128043 0.00102985 0.00224734 0.00348138 0.00481908 0.00621175 0.00768458 0.00924442 0.0108459 0.0125424 0.0142731 0.0160215 0.0177194 0.0192868 0.0206707 0.0217972 0.0226312 0.0231161 0.0232532 0.0230412 0.0225361 0.0218228 0.020968 0.0200909 0.0192409 0.0184996 0.0179282 0.0175505 0.0174412 0.0175968 
0 0.00149226 0.0028236 0.00386512 0.00450963 0.00470859 0.0044626 0.00381105 0.00285071 0.0017103 0.000526204 -0.000548483 -0.00141528 -0.00201626 -0.00232327 -0.00238593 -0.00222619 -0.00191524 -0.00153979 -0.00115845 -0.000885896 -0.000751123 -0.000777058 -0.000972189 -0.00130157 -0.00178446 -0.00240108 -0.00312228 -0.00391677 -0.00474933 -0.00561451 -0.00651297 -0.00743758 -0.00835134 -0.00924686 -0.0101336 -0.0109988 -0.0118586 -0.0126715 -0.0134194 -0.0141506 -0.0148397 -0.0154863 -0.0160897 -0.0166277 -0.0171278 -0.0176108 -0.018017 -0.0183743 -0.0187193 -0.0190152 -0.0192908 -0.0195152 -0.0197012 -0.0198745 -0.0200354 -0.0201491 -0.0202489 -0.0203463 -0.0204209 -0.0204651 -0.0204905 -0.0205459 -0.0205686 -0.0205694 -0.020568 -0.0205725 -0.0205453 -0.0205385 -0.0205179 -0.0204812 -0.0204396 -0.0203999 -0.0203633 -0.0203223 -0.0202598 -0.0201932 -0.0201616 -0.0200998 -0.0200285 -0.0199677 -0.0199238 -0.0198478 -0.0197925 -0.0197303 -0.0196794 -0.0196135 -0.0195653 -0.0195074 -0.0194677 -0.0194091 -0.0193723 -0.0193329 -0.0192989 -0.0192552 -0.0192427 -0.0192121 -0.0191896 -0.0191763 -0.0191765 -0.0191542 -0.0191621 -0.0191681 -0.0191736 -0.0191779 -0.0192104 -0.0192211 -0.0192473 -0.0192765 -0.0193165 -0.0193407 -0.0193894 -0.0194267 -0.0194783 -0.0195159 -0.0195717 -0.0196207 -0.0196793 -0.0197137 -0.0197811 -0.0198376 -0.0198819 -0.0199214 -0.0199905 -0.0200315 -0.0200742 -0.0201153 -0.0201489 -0.0201862 -0.020228 -0.0202443 -0.0202525 -0.0202763 -0.0202799 -0.020291 -0.0202804 -0.0202553 -0.0202234 -0.0202094 -0.0201576 -0.0200961 -0.0200201 -0.019942 -0.0198322 -0.0196925 -0.0195607 -0.0194033 -0.0191889 -0.0189469 -0.0186957 -0.0183883 -0.0180585 -0.0176636 -0.0172179 -0.0167489 -0.0162056 -0.0155837 -0.0149215 -0.0142021 -0.0134083 -0.0125467 -0.0115874 -0.0105723 -0.00949987 -0.00833876 -0.00709833 -0.00578394 -0.00441038 -0.0029725 -0.00145689 0.000144957 0.00182004 0.00354809 0.00535902 0.00726486 0.00928375 0.011434 0.01368 0.0160449 0.0185155 0.0210542 0.023624 0.0261049 0.0284067 0.0304334 0.0320827 0.0332963 0.0340089 0.0341891 0.033873 0.0331188 0.0320427 0.0307888 0.029465 0.0282132 0.02712 0.0262642 0.0257394 0.0255709 0.0258303 
0 0.00176673 0.00333231 0.00450963 0.00518277 0.00527535 0.00479133 0.00379436 0.00240171 0.000789389 -0.00086093 -0.00235664 -0.00356517 -0.00439866 -0.00484027 -0.00492551 -0.00469638 -0.00426 -0.00369011 -0.00312062 -0.00265845 -0.0023542 -0.00227788 -0.00237942 -0.00268188 -0.00317056 -0.00381178 -0.00461005 -0.0054803 -0.00641358 -0.00739606 -0.0084224 -0.00948072 -0.0105452 -0.0115804 -0.0126004 -0.0136235 -0.0146078 -0.0155725 -0.0164678 -0.0173305 -0.0181665 -0.0189456 -0.0196667 -0.0203203 -0.020948 -0.0215271 -0.0220591 -0.0225233 -0.0229524 -0.0233454 -0.0237047 -0.0240053 -0.0242726 -0.0245439 -0.0247596 -0.0249465 -0.0251079 -0.0252595 -0.0253901 -0.02551 -0.025587 -0.0256713 -0.0257465 -0.0257859 -0.0258232 -0.0258659 -0.0258925 -0.0258863 -0.0258832 -0.0258842 -0.025889 -0.0258457 -0.0258133 -0.0257941 -0.0257608 -0.025699 -0.0256652 -0.0256158 -0.0255556 -0.0255022 -0.0254539 -0.0253876 -0.0253297 -0.0252757 -0.0252179 -0.0251598 -0.0251033 -0.0250535 -0.025004 -0.0249527 -0.024906 -0.0248735 -0.0248292 -0.0247928 -0.0247696 -0.0247461 -0.0247137 -0.0247074 -0.0246974 -0.0246831 -0.0246811 -0.0246946 -0.0246909 -0.0247032 -0.0247259 -0.0247451 -0.0247619 -0.024799 -0.0248299 -0.0248619 -0.0249005 -0.024945 -0.0249867 -0.0250306 -0.0250758 -0.0251269 -0.025175 -0.0252151 -0.0252696 -0.0253168 -0.0253509 -0.0253948 -0.0254508 -0.0254644 -0.0254906 -0.0255346 -0.0255617 -0.0255496 -0.0255625 -0.0255719 -0.0255721 -0.025539 -0.0255117 -0.0254859 -0.0254394 -0.0253655 -0.0253088 -0.0252336 -0.0251123 -0.0249983 -0.0248723 -0.0247272 -0.0245476 -0.0243463 -0.0241128 -0.0238777 -0.0235822 -0.0232508 -0.0228944 -0.0224961 -0.022036 -0.0215086 -0.0209455 -0.0203249 -0.0196371 -0.0188551 -0.0180124 -0.0170896 -0.0161022 -0.0150065 -0.0138133 -0.0125631 -0.011212 -0.00977827 -0.00823025 -0.00658848 -0.00487509 -0.00308508 -0.00118604 0.000808882 0.00290006 0.00508976 0.00736174 0.00979515 0.012368 0.0151044 0.0180011 0.0210272 0.0242138 0.0274906 0.0307979 0.0340079 0.0369787 0.0395912 0.0417157 0.0432659 0.044156 0.0443653 0.0439163 0.0429066 0.0414882 0.0398208 0.0380916 0.0364392 0.0350035 0.0338989 0.0332055 0.0330152 0.0333684 
0 0.00188749 0.00352951 0.00470859 0.00527535 0.00514614 0.00432386 0.00288977 0.000993153 -0.00115469 -0.0033241 -0.00528674 -0.00687039 -0.00797208 -0.00856196 -0.00867848 -0.00838576 -0.00779447 -0.00702366 -0.00621511 -0.0055038 -0.00497024 -0.00467015 -0.00459383 -0.00474173 -0.0051086 -0.00566963 -0.00640168 -0.00724045 -0.00815543 -0.00913223 -0.0101645 -0.011239 -0.0123229 -0.0133928 -0.0144553 -0.015518 -0.0165621 -0.0175744 -0.01853 -0.019454 -0.0203508 -0.0212008 -0.0219968 -0.0227323 -0.0234342 -0.0240971 -0.0247036 -0.0252517 -0.0257663 -0.0262476 -0.0266916 -0.0270827 -0.0274362 -0.0277786 -0.0280842 -0.0283534 -0.0285975 -0.0288282 -0.029036 -0.0292157 -0.0293677 -0.0295219 -0.0296589 -0.0297621 -0.0298564 -0.0299469 -0.0300193 -0.0300733 -0.03012 -0.0301584 -0.030189 -0.0301964 -0.0302058 -0.0302152 -0.0302046 -0.0301806 -0.0301723 -0.0301497 -0.0301122 -0.0300806 -0.0300514 -0.0300078 -0.0299659 -0.0299266 -0.0298849 -0.0298401 -0.0297964 -0.0297565 -0.0297174 -0.0296745 -0.0296374 -0.029608 -0.0295721 -0.0295401 -0.0295202 -0.0294977 -0.0294719 -0.0294625 -0.0294536 -0.0294394 -0.0294371 -0.0294438 -0.0294414 -0.0294478 -0.029465 -0.0294775 -0.0294904 -0.029516 -0.0295397 -0.0295612 -0.0295893 -0.0296206 -0.0296494 -0.0296777 -0.0297087 -0.0297418 -0.0297697 -0.0297913 -0.0298229 -0.0298482 -0.0298584 -0.0298729 -0.0298945 -0.0298906 -0.0298841 -0.0298829 -0.029868 -0.0298343 -0.0298051 -0.0297636 -0.029708 -0.029636 -0.0295595 -0.029476 -0.0293689 -0.0292365 -0.0291062 -0.0289628 -0.0287824 -0.0285878 -0.0283796 -0.0281493 -0.0278837 -0.0275903 -0.0272759 -0.0269386 -0.0265431 -0.0261075 -0.0256425 -0.0251318 -0.0245608 -0.0239218 -0.0232306 -0.022483 -0.0216549 -0.0207332 -0.0197418 -0.0186716 -0.0175172 -0.0162524 -0.0148804 -0.0134275 -0.0118777 -0.0102214 -0.00844549 -0.00656366 -0.00459139 -0.00252248 -0.000330441 0.00198381 0.00441568 0.00696176 0.00963367 0.0124828 0.0155203 0.0187627 0.0222014 0.0258265 0.0296353 0.0335671 0.0375313 0.0413756 0.0449359 0.0480547 0.0505838 0.0524074 0.0534317 0.0536254 0.0530244 0.051745 0.0499666 0.0478952 0.0457441 0.0437 0.0419271 0.0405653 0.0397283 0.0395093 0.0399727 
0 0.00185459 0.00342197 0.0044626 0.00479133 0.00432386 0.003063 0.00110591 -0.00136441 -0.00410598 -0.00684289 -0.00931557 -0.0113127 -0.0127177 -0.0134829 -0.0136474 -0.0132978 -0.0125405 -0.0115484 -0.0104608 -0.00944327 -0.00861131 -0.00799699 -0.00765073 -0.00753862 -0.00766955 -0.00803194 -0.00856503 -0.00924369 -0.0100098 -0.0108534 -0.0117665 -0.0127345 -0.0137181 -0.0147092 -0.0157058 -0.0166975 -0.0177036 -0.0186689 -0.0196052 -0.0205182 -0.021405 -0.0222621 -0.0230732 -0.0238416 -0.02457 -0.0252823 -0.0259327 -0.0265435 -0.0271239 -0.0276738 -0.0281876 -0.028663 -0.029106 -0.0295184 -0.0299207 -0.0302748 -0.0306079 -0.0309247 -0.0312232 -0.0314784 -0.0317226 -0.031958 -0.0321661 -0.0323519 -0.032522 -0.0326817 -0.0328145 -0.0329448 -0.0330555 -0.0331545 -0.0332297 -0.0333073 -0.0333708 -0.0334255 -0.0334586 -0.0334923 -0.0335214 -0.0335404 -0.0335451 -0.0335501 -0.0335538 -0.0335464 -0.0335359 -0.0335229 -0.0335109 -0.0334896 -0.0334719 -0.0334503 -0.0334324 -0.0334061 -0.0333887 -0.0333664 -0.0333485 -0.0333254 -0.033314 -0.0332945 -0.0332821 -0.0332684 -0.0332633 -0.0332495 -0.033248 -0.033243 -0.0332432 -0.033239 -0.033247 -0.0332466 -0.0332531 -0.0332572 -0.0332683 -0.0332704 -0.0332805 -0.0332863 -0.0332945 -0.0332944 -0.0333006 -0.0333012 -0.0332979 -0.0332876 -0.0332809 -0.0332671 -0.033242 -0.0332128 -0.0331798 -0.0331407 -0.0330864 -0.0330257 -0.0329503 -0.0328758 -0.0327819 -0.0326763 -0.032549 -0.032422 -0.032272 -0.0321118 -0.0319271 -0.0317269 -0.0315049 -0.0312739 -0.0310175 -0.030727 -0.0304244 -0.0300989 -0.0297384 -0.0293388 -0.028934 -0.028481 -0.0279848 -0.0274458 -0.0268742 -0.0262496 -0.0255716 -0.0248294 -0.0240206 -0.023165 -0.0222181 -0.0211869 -0.0200743 -0.0188898 -0.0176004 -0.0162119 -0.0147138 -0.0131117 -0.0114263 -0.00960911 -0.00767507 -0.00562536 -0.0034695 -0.00119861 0.00119982 0.0037451 0.0064288 0.00924046 0.0122328 0.0154102 0.0188291 0.0224926 0.0263831 0.0305218 0.0348576 0.0393476 0.0438681 0.0482444 0.0522958 0.0558256 0.0586692 0.0606819 0.0617676 0.0618828 0.0610836 0.0595008 0.0573382 0.0548495 0.0522626 0.0498203 0.0477058 0.0460798 0.0450946 0.0448342 0.0453958 
0 0.00167813 0.00304188 0.00381105 0.00379436 0.00288977 0.00110591 -0.00143974 -0.00454006 -0.00791952 -0.0112605 -0.0142753 -0.0167267 -0.0184585 -0.0194387 -0.0196753 -0.0192753 -0.0183796 -0.017137 -0.0157656 -0.014406 -0.0132011 -0.0122347 -0.0115099 -0.0110628 -0.0108665 -0.0109039 -0.0111464 -0.0115347 -0.0120365 -0.0126331 -0.0133128 -0.0140481 -0.0148336 -0.0156332 -0.0164455 -0.0172922 -0.0181301 -0.0189734 -0.0198113 -0.0206244 -0.0214405 -0.0222392 -0.022998 -0.0237397 -0.0244678 -0.025156 -0.0258384 -0.0264851 -0.0270928 -0.0276955 -0.0282625 -0.0287999 -0.0293197 -0.0298261 -0.0302913 -0.0307406 -0.0311633 -0.0315625 -0.0319415 -0.0323069 -0.032648 -0.0329496 -0.0332503 -0.0335258 -0.0337792 -0.0340163 -0.0342528 -0.0344384 -0.0346177 -0.0347975 -0.0349647 -0.0350965 -0.0352167 -0.035334 -0.0354457 -0.0355387 -0.0356079 -0.0356844 -0.0357493 -0.0358047 -0.0358434 -0.0358902 -0.0359167 -0.0359495 -0.0359656 -0.0359879 -0.0359952 -0.0360116 -0.0360098 -0.0360209 -0.0360168 -0.0360201 -0.0360127 -0.0360171 -0.0360038 -0.0360043 -0.0359952 -0.035992 -0.0359777 -0.0359792 -0.0359643 -0.0359592 -0.0359473 -0.0359439 -0.0359249 -0.0359215 -0.0359041 -0.0358939 -0.0358731 -0.035863 -0.0358346 -0.0358185 -0.0357866 -0.0357617 -0.0357217 -0.0356875 -0.0356352 -0.0355939 -0.0355301 -0.0354631 -0.0353883 -0.0353172 -0.0352181 -0.0351112 -0.0349965 -0.0348812 -0.0347482 -0.0345824 -0.0344109 -0.0342443 -0.0340565 -0.0338247 -0.0335995 -0.0333511 -0.0330816 -0.0327905 -0.0324941 -0.0321525 -0.0317924 -0.031413 -0.0310154 -0.0305816 -0.0301187 -0.0296315 -0.0290976 -0.0285406 -0.027949 -0.0273103 -0.0266248 -0.025911 -0.0251175 -0.0242732 -0.0233855 -0.0224163 -0.0213837 -0.0202718 -0.0190663 -0.0177825 -0.0164148 -0.0149264 -0.013348 -0.0116697 -0.00987258 -0.00797131 -0.00593361 -0.00377419 -0.00150271 0.00089716 0.00344074 0.00613517 0.00898679 0.0120143 0.0152248 0.01868 0.0223995 0.0263893 0.0306755 0.0352155 0.0399992 0.044946 0.0499057 0.0547134 0.0591359 0.0629667 0.0660164 0.0681165 0.0691637 0.0691274 0.0680571 0.0661167 0.0635378 0.0605798 0.0575416 0.0546598 0.0521705 0.0502683 0.0490873 0.0487804 0.0494051 
0 0.00139326 0.00244076 0.00285071 0.00240171 0.000993153 -0.00136441 -0.00454006 -0.00829961 -0.0123352 -0.0163034 -0.0198854 -0.0228058 -0.024912 -0.0261232 -0.0264677 -0.0260611 -0.0250224 -0.0235856 -0.0219159 -0.0202094 -0.0186366 -0.0172335 -0.0161151 -0.015246 -0.0146388 -0.0142975 -0.0141363 -0.0141656 -0.0143156 -0.01457 -0.0149148 -0.0153334 -0.0157968 -0.0163148 -0.0168725 -0.017446 -0.0180755 -0.0186918 -0.0193398 -0.0199914 -0.0206457 -0.0213125 -0.0219751 -0.0226489 -0.0232973 -0.0239606 -0.0245961 -0.0252347 -0.0258624 -0.0264848 -0.0270824 -0.0276807 -0.0282635 -0.0287987 -0.029355 -0.0298762 -0.0303847 -0.030871 -0.0313429 -0.0317668 -0.0322028 -0.0326078 -0.0329853 -0.0333545 -0.0336973 -0.0340138 -0.0343049 -0.0346053 -0.0348782 -0.0351245 -0.0353282 -0.0355666 -0.0357735 -0.0359511 -0.0361086 -0.0362832 -0.0364189 -0.0365545 -0.036675 -0.0367844 -0.0368805 -0.0369774 -0.037056 -0.0371276 -0.0371943 -0.0372505 -0.0373053 -0.0373468 -0.0373852 -0.0374195 -0.0374527 -0.0374655 -0.0374924 -0.0375071 -0.0375151 -0.0375173 -0.0375334 -0.0375217 -0.0375196 -0.0375158 -0.0375079 -0.0374818 -0.0374767 -0.0374518 -0.0374242 -0.0373946 -0.0373705 -0.0373226 -0.0372853 -0.0372389 -0.0371869 -0.0371252 -0.0370652 -0.0369914 -0.036916 -0.0368296 -0.0367335 -0.0366347 -0.03652 -0.0363994 -0.0362697 -0.0361243 -0.0359546 -0.035809 -0.0356254 -0.035413 -0.0351939 -0.034998 -0.0347447 -0.0344768 -0.0341869 -0.0339077 -0.0335898 -0.033249 -0.0328865 -0.0325157 -0.0320984 -0.0316698 -0.0312395 -0.0307496 -0.0302422 -0.0297081 -0.0291478 -0.0285464 -0.0279422 -0.0272652 -0.0265709 -0.0258347 -0.0250524 -0.0242266 -0.0233584 -0.0224409 -0.0214495 -0.0204123 -0.0192906 -0.0181129 -0.016846 -0.0155151 -0.0140741 -0.0125491 -0.0109257 -0.00917462 -0.00734522 -0.00537392 -0.00329252 -0.00108559 0.00125558 0.00374035 0.00636676 0.00917141 0.0121513 0.0153086 0.0187212 0.0223592 0.0263168 0.0305859 0.0351563 0.0400575 0.0451838 0.0504878 0.0557931 0.0608942 0.0655752 0.0695793 0.0727097 0.0747814 0.0756885 0.075395 0.0739781 0.0716058 0.0685298 0.065062 0.0614928 0.0581293 0.0552164 0.0529673 0.051572 0.0511457 0.0518003 
0 0.00104196 0.00171777 0.0017103 0.000789389 -0.00115469 -0.00410598 -0.00791952 -0.0123352 -0.0170273 -0.0216187 -0.0257674 -0.0291859 -0.0316766 -0.0331718 -0.0336679 -0.0332848 -0.0321792 -0.0305508 -0.0286334 -0.0266016 -0.0246394 -0.0228438 -0.0212851 -0.0199958 -0.0189608 -0.0181735 -0.0175831 -0.0171738 -0.0169023 -0.0167476 -0.0166938 -0.0167083 -0.016803 -0.0169576 -0.0171625 -0.0174209 -0.0177172 -0.0180552 -0.0184527 -0.0188703 -0.0193193 -0.0198022 -0.0202963 -0.0208323 -0.0213802 -0.0219318 -0.0225163 -0.0231166 -0.0237099 -0.0243145 -0.0249113 -0.0255188 -0.026134 -0.0267279 -0.0273148 -0.0278965 -0.0284665 -0.0290133 -0.0295443 -0.0300699 -0.0305886 -0.0310537 -0.0315099 -0.0319637 -0.0323871 -0.032786 -0.0331772 -0.0335339 -0.0338728 -0.0342025 -0.0345094 -0.0348047 -0.0350685 -0.0353128 -0.0355605 -0.0357968 -0.035984 -0.0361785 -0.0363687 -0.0365353 -0.0366788 -0.0368296 -0.0369583 -0.0370806 -0.0371855 -0.0372883 -0.0373793 -0.0374615 -0.0375262 -0.0375998 -0.0376546 -0.0376959 -0.03774 -0.0377824 -0.037796 -0.0378183 -0.0378404 -0.0378399 -0.0378327 -0.03784 -0.0378214 -0.0377935 -0.0377755 -0.0377465 -0.0376933 -0.0376538 -0.037604 -0.0375357 -0.0374642 -0.0373967 -0.0373042 -0.0372103 -0.037108 -0.036999 -0.0368721 -0.0367407 -0.0365945 -0.0364501 -0.0362741 -0.0360907 -0.0359074 -0.0357094 -0.035471 -0.0352423 -0.034997 -0.0347283 -0.0344445 -0.0341444 -0.0338133 -0.0334833 -0.0331307 -0.0327443 -0.0323435 -0.0319158 -0.0314696 -0.0310135 -0.0305215 -0.0299871 -0.0294508 -0.0288838 -0.0282869 -0.0276586 -0.0270084 -0.0263273 -0.0256038 -0.0248413 -0.0240689 -0.0232517 -0.0223815 -0.0214794 -0.0205213 -0.0195249 -0.0184807 -0.0173631 -0.0161944 -0.0149727 -0.0136556 -0.0122693 -0.0107958 -0.00923099 -0.00758603 -0.00582578 -0.00395215 -0.00196873 0.000141319 0.00238162 0.00475748 0.00729007 0.00997164 0.0128329 0.0158886 0.0191678 0.0227055 0.0265236 0.0306714 0.0351505 0.039984 0.0451357 0.0505417 0.0561032 0.0616304 0.066927 0.0717284 0.0757827 0.0788631 0.0807743 0.0814124 0.0807528 0.0788806 0.0759868 0.0723446 0.0682742 0.0641214 0.0601957 0.0567852 0.0541338 0.0524243 0.0518246 0.0524211 
0 0.000669568 0.000956899 0.000526204 -0.00086093 -0.0033241 -0.00684289 -0.0112605 -0.0163034 -0.0216187 -0.026815 -0.0315253 -0.035442 -0.038352 -0.0401593 -0.0408604 -0.0405672 -0.0394455 -0.0377126 -0.0356 -0.0333016 -0.0310061 -0.0288274 -0.0268605 -0.0251448 -0.0236747 -0.0224439 -0.0214058 -0.0205509 -0.0198436 -0.0192541 -0.0187624 -0.0183418 -0.0180049 -0.0177494 -0.017563 -0.0174394 -0.0173736 -0.0173704 -0.0174485 -0.0175757 -0.0177527 -0.0179887 -0.0182778 -0.0186352 -0.0190242 -0.0194409 -0.019907 -0.0204154 -0.0209461 -0.0214993 -0.0220634 -0.0226595 -0.0232692 -0.0238605 -0.0244626 -0.0250748 -0.0256844 -0.0262767 -0.026852 -0.0274217 -0.0279938 -0.028525 -0.0290427 -0.0295604 -0.0300494 -0.0305069 -0.0309532 -0.0313869 -0.0318024 -0.0321868 -0.032544 -0.0329096 -0.0332474 -0.0335496 -0.033849 -0.0341447 -0.0343965 -0.0346459 -0.0348884 -0.0351068 -0.0353037 -0.0355018 -0.0356795 -0.0358447 -0.0359925 -0.0361346 -0.0362658 -0.0363802 -0.0364784 -0.0365815 -0.0366645 -0.0367274 -0.0367951 -0.0368548 -0.0368843 -0.0369178 -0.0369517 -0.0369555 -0.0369527 -0.03696 -0.03694 -0.0369041 -0.0368795 -0.0368377 -0.0367702 -0.0367116 -0.0366437 -0.0365494 -0.0364522 -0.0363552 -0.0362322 -0.0361004 -0.0359628 -0.0358129 -0.0356442 -0.0354665 -0.0352749 -0.0350773 -0.0348519 -0.0346173 -0.0343773 -0.0341143 -0.0338207 -0.0335398 -0.0332308 -0.0328849 -0.0325365 -0.0321864 -0.0317904 -0.0313765 -0.0309507 -0.0305065 -0.0300361 -0.0295345 -0.0290165 -0.0284847 -0.0279111 -0.0273086 -0.0267066 -0.0260637 -0.0253827 -0.0246759 -0.0239508 -0.0231975 -0.0224043 -0.0215653 -0.0207147 -0.019825 -0.0188803 -0.0179038 -0.0168892 -0.0158363 -0.0147282 -0.0135526 -0.0123305 -0.0110653 -0.00971775 -0.00829902 -0.00679794 -0.00521803 -0.00355494 -0.00177402 0.000117993 0.00211891 0.00423856 0.0064908 0.00889485 0.0114643 0.0141921 0.0171092 0.020236 0.0236083 0.0272625 0.0312136 0.0355114 0.0401648 0.0451882 0.0505444 0.0561444 0.0618687 0.0675197 0.0728784 0.0776771 0.0816447 0.0845396 0.0861652 0.0864142 0.0852758 0.0828478 0.0793362 0.0750318 0.070274 0.0654349 0.0608558 0.0568538 0.0536992 0.051598 0.0507284 0.0511887 
0 0.000330871 0.00026476 -0.000548483 -0.00235664 -0.00528674 -0.00931557 -0.0142753 -0.0198854 -0.0257674 -0.0315253 -0.0367734 -0.0411815 -0.0445336 -0.0466902 -0.0476552 -0.0475259 -0.0464601 -0.0447092 -0.042475 -0.0399851 -0.0374297 -0.034926 -0.0326148 -0.0305195 -0.0286567 -0.0270173 -0.0255525 -0.0242673 -0.0231306 -0.0221109 -0.0211801 -0.0203288 -0.0195503 -0.01887 -0.0182725 -0.01773 -0.017275 -0.0168938 -0.0166166 -0.0164224 -0.0162929 -0.0162403 -0.0162791 -0.0164076 -0.0165846 -0.0168306 -0.0171329 -0.0175071 -0.0179299 -0.0183802 -0.0188607 -0.0193967 -0.0199612 -0.0205126 -0.0210982 -0.0216954 -0.0223023 -0.0228998 -0.0234948 -0.024083 -0.0246809 -0.0252516 -0.0257988 -0.0263529 -0.0268888 -0.0273969 -0.0278768 -0.0283643 -0.0288292 -0.0292624 -0.0296638 -0.0300839 -0.030471 -0.0308231 -0.031167 -0.0315115 -0.031816 -0.0321079 -0.0323941 -0.0326573 -0.0329009 -0.0331342 -0.0333558 -0.0335554 -0.0337427 -0.0339147 -0.0340825 -0.0342214 -0.0343533 -0.0344762 -0.0345867 -0.0346668 -0.0347571 -0.0348264 -0.0348759 -0.0349151 -0.03496 -0.0349659 -0.0349718 -0.0349721 -0.0349552 -0.034911 -0.0348816 -0.0348244 -0.0347507 -0.0346703 -0.0345885 -0.0344701 -0.0343543 -0.034226 -0.0340811 -0.0339139 -0.0337486 -0.03356 -0.0333581 -0.0331383 -0.0329121 -0.0326656 -0.032399 -0.0321203 -0.0318348 -0.0315179 -0.0311779 -0.0308479 -0.0304876 -0.0300885 -0.0296835 -0.0292857 -0.0288355 -0.0283639 -0.0278817 -0.0273942 -0.0268587 -0.0263021 -0.0257336 -0.025151 -0.0245142 -0.023862 -0.0232056 -0.022505 -0.0217695 -0.0210115 -0.0202343 -0.0194195 -0.0185769 -0.0176801 -0.0167759 -0.0158376 -0.0148433 -0.0138043 -0.0127449 -0.011645 -0.0104786 -0.00926575 -0.00799831 -0.00669183 -0.00531078 -0.0038522 -0.00231027 -0.000709314 0.000980916 0.00279285 0.00470415 0.00674027 0.0088824 0.0111621 0.0136076 0.0162172 0.0189906 0.0219586 0.0251512 0.0286032 0.0323669 0.0364313 0.0408555 0.0456531 0.050811 0.0563131 0.0620237 0.067816 0.0734873 0.0787868 0.0834607 0.0872096 0.0897862 0.0909956 0.0907305 0.0889967 0.0859058 0.0816772 0.0766167 0.0710891 0.0654757 0.060159 0.0554764 0.0517192 0.049131 0.0478824 0.0481039 
0 5.66888e-05 -0.000297533 -0.00141528 -0.00356517 -0.00687039 -0.0113127 -0.0167267 -0.0228058 -0.0291859 -0.035442 -0.0411815 -0.04608 -0.0498623 -0.0524177 -0.0537006 -0.0537946 -0.0529003 -0.0511946 -0.0489536 -0.0463685 -0.0436205 -0.0409086 -0.0383005 -0.0359072 -0.033723 -0.0317206 -0.0299053 -0.0282394 -0.0267219 -0.0253165 -0.0239957 -0.0227278 -0.0215537 -0.0204609 -0.0194451 -0.0185193 -0.0176419 -0.0168851 -0.0162352 -0.0156851 -0.015222 -0.0148592 -0.0146032 -0.0144517 -0.0144026 -0.014401 -0.0145132 -0.0147072 -0.0149644 -0.0152659 -0.0156303 -0.0160457 -0.0165067 -0.0170067 -0.017504 -0.018053 -0.0186163 -0.0191825 -0.019736 -0.0203336 -0.0209176 -0.0214787 -0.0220354 -0.0225988 -0.0231457 -0.0236688 -0.0241949 -0.0246894 -0.0251724 -0.0256321 -0.0261002 -0.0265286 -0.0269419 -0.0273279 -0.0277263 -0.0280899 -0.0284318 -0.0287529 -0.0290784 -0.029374 -0.0296491 -0.0299111 -0.0301637 -0.0303952 -0.0306058 -0.0308093 -0.030995 -0.0311642 -0.0313129 -0.0314605 -0.0315803 -0.0316894 -0.0317829 -0.0318711 -0.031926 -0.0319832 -0.0320198 -0.0320436 -0.0320435 -0.0320488 -0.032021 -0.0319866 -0.0319363 -0.0318796 -0.03179 -0.031704 -0.0315955 -0.0314732 -0.0313297 -0.0311862 -0.0310132 -0.0308293 -0.0306306 -0.0304215 -0.0301851 -0.0299374 -0.0296793 -0.0294018 -0.0291001 -0.028783 -0.028463 -0.0281133 -0.0277451 -0.0273538 -0.0269625 -0.0265395 -0.0261065 -0.0256337 -0.025161 -0.0246624 -0.0241552 -0.0236043 -0.0230463 -0.0224571 -0.0218571 -0.0212342 -0.0205831 -0.019894 -0.0191882 -0.0184768 -0.0177083 -0.0169176 -0.0161076 -0.0152761 -0.0143704 -0.0134611 -0.0125218 -0.0115429 -0.0105127 -0.00944229 -0.00833442 -0.00718838 -0.00599721 -0.00472046 -0.00342438 -0.00206831 -0.000640577 0.000874912 0.00245408 0.00411112 0.0058524 0.00769662 0.00968429 0.0117535 0.0139534 0.0162915 0.0187887 0.0214597 0.0242995 0.027327 0.0305891 0.0341422 0.0379787 0.0421638 0.0466832 0.0515716 0.0568451 0.0623958 0.0681562 0.0739219 0.0794912 0.0846341 0.0890394 0.092446 0.0945769 0.0952408 0.0943513 0.0919178 0.0880707 0.083041 0.0771458 0.0707594 0.0642977 0.0581526 0.0527006 0.0482617 0.0450841 0.0433808 0.0432694 
0 -0.000133742 -0.000681345 -0.00201626 -0.00439866 -0.00797208 -0.0127177 -0.0184585 -0.024912 -0.0316766 -0.038352 -0.0445336 -0.0498623 -0.0540996 -0.0570521 -0.0587018 -0.0591106 -0.0584312 -0.0569105 -0.0547395 -0.0521622 -0.0493593 -0.046496 -0.043724 -0.0411047 -0.0386749 -0.0364139 -0.034316 -0.0323581 -0.0305443 -0.02883 -0.0271711 -0.0255828 -0.0240364 -0.0225841 -0.0212122 -0.0198923 -0.0186617 -0.0175263 -0.0164993 -0.0155918 -0.0147806 -0.0140672 -0.0135049 -0.0130549 -0.0127052 -0.012464 -0.012311 -0.0122683 -0.0123205 -0.0124358 -0.0126208 -0.0128907 -0.013211 -0.0135633 -0.0139619 -0.0144094 -0.0148858 -0.0153785 -0.015891 -0.0164074 -0.0169374 -0.0174833 -0.0180168 -0.0185492 -0.0190902 -0.0196079 -0.0201025 -0.0206173 -0.0211228 -0.0215898 -0.0220355 -0.0224882 -0.0229323 -0.0233458 -0.023733 -0.0241162 -0.0244912 -0.0248367 -0.0251671 -0.0254838 -0.0257841 -0.0260642 -0.0263352 -0.0265809 -0.026815 -0.0270322 -0.0272354 -0.0274154 -0.0275879 -0.0277379 -0.0278756 -0.0279943 -0.0281014 -0.0281863 -0.0282622 -0.0283166 -0.0283588 -0.0283821 -0.0283941 -0.0283838 -0.0283642 -0.028324 -0.028271 -0.0281985 -0.0281155 -0.0280095 -0.0278939 -0.0277578 -0.027608 -0.0274385 -0.0272596 -0.0270549 -0.0268403 -0.0266074 -0.0263585 -0.0260879 -0.0258093 -0.0255037 -0.025186 -0.0248555 -0.0245024 -0.0241206 -0.0237385 -0.0233433 -0.0229144 -0.0224577 -0.0219997 -0.0215396 -0.021041 -0.0205035 -0.019968 -0.0194331 -0.0188502 -0.0182461 -0.0176383 -0.0169973 -0.0163221 -0.0156442 -0.0149427 -0.0142001 -0.0134263 -0.012627 -0.0118051 -0.0109504 -0.0100578 -0.00912129 -0.00815219 -0.00715348 -0.00609733 -0.00499147 -0.00386471 -0.00268733 -0.00142972 -0.000128047 0.00123492 0.0026548 0.00413311 0.00571528 0.00737235 0.00909435 0.0109212 0.0128652 0.0149133 0.0170861 0.0193587 0.0217708 0.0243628 0.0271056 0.0300301 0.0331402 0.0364868 0.0401148 0.0440496 0.0483042 0.0528989 0.0578633 0.063158 0.0687379 0.0744392 0.0800854 0.0854671 0.0903032 0.0943424 0.0972681 0.0988313 0.0988481 0.0972228 0.0940022 0.0893168 0.0834138 0.0766166 0.06932 0.0619435 0.0549189 0.04864 0.0434459 0.0396296 0.0373874 0.036879 
0 -0.00022861 -0.000883549 -0.00232327 -0.00484027 -0.00856196 -0.0134829 -0.0194387 -0.0261232 -0.0331718 -0.0401593 -0.0466902 -0.0524177 -0.0570521 -0.0604278 -0.0624733 -0.0632372 -0.0628861 -0.0616014 -0.0596209 -0.0571538 -0.0543786 -0.0515086 -0.0486539 -0.0459299 -0.043367 -0.040938 -0.0386652 -0.0365098 -0.0344797 -0.0325395 -0.0306483 -0.0287974 -0.0269938 -0.0252505 -0.0235641 -0.0219369 -0.0203618 -0.0188907 -0.0175202 -0.0162679 -0.0151151 -0.0140738 -0.0131701 -0.0123798 -0.0117272 -0.0111724 -0.0107445 -0.010438 -0.0102322 -0.010105 -0.0100793 -0.0101303 -0.0102557 -0.0104647 -0.0107017 -0.011007 -0.0113514 -0.0117279 -0.0121287 -0.0125791 -0.0130316 -0.0135023 -0.0139769 -0.0144599 -0.0149547 -0.0154429 -0.0159369 -0.0164142 -0.0168791 -0.017337 -0.0178146 -0.0182436 -0.0186654 -0.0190777 -0.0194872 -0.0198636 -0.020239 -0.0205826 -0.0209238 -0.0212462 -0.0215517 -0.0218355 -0.0221127 -0.0223657 -0.0226064 -0.0228324 -0.0230347 -0.0232268 -0.0234047 -0.0235593 -0.0236964 -0.023831 -0.023933 -0.0240228 -0.0241024 -0.0241643 -0.0241953 -0.0242306 -0.0242394 -0.0242273 -0.0242019 -0.0241714 -0.0241032 -0.0240315 -0.023945 -0.0238365 -0.023705 -0.0235739 -0.0234124 -0.0232348 -0.0230464 -0.0228403 -0.0226102 -0.0223717 -0.0221127 -0.0218332 -0.0215457 -0.0212335 -0.0209049 -0.0205603 -0.020204 -0.0198215 -0.019433 -0.0190063 -0.0185827 -0.0181444 -0.0176811 -0.0171757 -0.0166908 -0.0161763 -0.0156438 -0.015081 -0.0145083 -0.0139121 -0.0133083 -0.0126733 -0.0120182 -0.0113361 -0.0106202 -0.00990058 -0.009138 -0.00834447 -0.00752243 -0.00666928 -0.00575019 -0.00482508 -0.00384847 -0.00282771 -0.00175794 -0.000627997 0.000548015 0.00177356 0.00306635 0.00443473 0.00584986 0.00735163 0.00892529 0.0106055 0.0123618 0.0142001 0.0161401 0.0181866 0.020364 0.0226394 0.0250328 0.0275612 0.0302467 0.0330847 0.0360934 0.0392789 0.0427025 0.0464125 0.0504064 0.0547356 0.0593744 0.0643549 0.0696505 0.0751484 0.0807277 0.0861606 0.0912307 0.0956817 0.0992152 0.101556 0.102443 0.101698 0.0992625 0.0951725 0.0895913 0.0827704 0.0750363 0.0668028 0.0584953 0.0505683 0.0434389 0.0374671 0.0329674 0.0301537 0.0291964 
0 -0.0002506 -0.000925957 -0.00238593 -0.00492551 -0.00867848 -0.0136474 -0.0196753 -0.0264677 -0.0336679 -0.0408604 -0.0476552 -0.0537006 -0.0587018 -0.0624733 -0.0649272 -0.0660931 -0.0661124 -0.0651581 -0.0634493 -0.0611903 -0.0585613 -0.0557723 -0.0529481 -0.0502103 -0.047603 -0.0451128 -0.0427659 -0.0405233 -0.0383924 -0.0363342 -0.0343054 -0.0323021 -0.0303168 -0.0283688 -0.0264574 -0.0245854 -0.0227546 -0.0210032 -0.019328 -0.0177556 -0.016278 -0.0149061 -0.013673 -0.0125511 -0.0115709 -0.0107025 -0.00995965 -0.00934361 -0.00884544 -0.00845372 -0.00817747 -0.00799106 -0.00788667 -0.00787967 -0.00792298 -0.00804998 -0.00822924 -0.00846085 -0.00873552 -0.00904987 -0.00938036 -0.00975829 -0.0101562 -0.0105589 -0.010984 -0.011407 -0.0118429 -0.0122788 -0.0127145 -0.0131391 -0.0135733 -0.013972 -0.0143828 -0.0147862 -0.0151663 -0.0155222 -0.0158921 -0.0162328 -0.0165576 -0.0168703 -0.0171704 -0.0174534 -0.0177217 -0.0179698 -0.018209 -0.0184341 -0.0186288 -0.0188221 -0.0190004 -0.0191499 -0.0192847 -0.0194239 -0.0195212 -0.0196074 -0.019691 -0.019752 -0.0197766 -0.0198151 -0.0198249 -0.0198063 -0.0197809 -0.0197541 -0.0196795 -0.0196054 -0.0195225 -0.0194107 -0.0192734 -0.0191462 -0.0189832 -0.0188004 -0.0186126 -0.0184095 -0.0181735 -0.0179356 -0.0176798 -0.0174015 -0.0171095 -0.0168016 -0.016479 -0.0161402 -0.015779 -0.0154018 -0.0150277 -0.0146142 -0.0141881 -0.0137557 -0.0133091 -0.0128278 -0.0123551 -0.0118458 -0.0113255 -0.01079 -0.0102427 -0.00966523 -0.00907683 -0.00845188 -0.00781959 -0.00716849 -0.00647395 -0.00576045 -0.00501336 -0.00422988 -0.00341256 -0.00256606 -0.00165718 -0.000724406 0.000275987 0.00132402 0.00242301 0.00358478 0.00480704 0.00609384 0.00746233 0.00891093 0.0104264 0.0120389 0.0137246 0.0155233 0.0174084 0.0193883 0.0214777 0.0236714 0.0259831 0.028393 0.0309106 0.0335533 0.0363441 0.0392739 0.0423707 0.0456366 0.0491288 0.0528928 0.0569272 0.0612784 0.0659207 0.0708721 0.0760894 0.0814501 0.0868094 0.0919343 0.096597 0.100538 0.103469 0.105117 0.105236 0.103665 0.100359 0.0953713 0.0888729 0.081124 0.0724545 0.063286 0.0540549 0.0452335 0.0372603 0.0305169 0.0253382 0.021952 0.0205398 
0 -0.000202477 -0.000819083 -0.00222619 -0.00469638 -0.00838576 -0.0132978 -0.0192753 -0.0260611 -0.0332848 -0.0405672 -0.0475259 -0.0537946 -0.0591106 -0.0632372 -0.0660931 -0.0676861 -0.0681021 -0.0675421 -0.0661619 -0.0641819 -0.0617901 -0.0591609 -0.0564715 -0.0538141 -0.051258 -0.0488084 -0.0464791 -0.0442438 -0.0421032 -0.0400223 -0.0379502 -0.0359089 -0.033845 -0.0317981 -0.0297637 -0.0277242 -0.0257262 -0.023763 -0.0218542 -0.0200226 -0.0182775 -0.016612 -0.0150703 -0.0136287 -0.0123053 -0.0111257 -0.010055 -0.00911789 -0.008302 -0.00761485 -0.00703947 -0.00657558 -0.00621159 -0.00594973 -0.00578038 -0.00568868 -0.0056644 -0.00570425 -0.00582996 -0.00598161 -0.00617541 -0.00642888 -0.0067143 -0.0070062 -0.00733767 -0.00768779 -0.00804433 -0.00841404 -0.00878222 -0.00916401 -0.00954154 -0.00990557 -0.01027 -0.0106464 -0.0109858 -0.0113212 -0.0116599 -0.0119835 -0.01228 -0.0125757 -0.0128568 -0.013127 -0.0133756 -0.0136093 -0.0138392 -0.0140508 -0.0142336 -0.0144163 -0.0145903 -0.0147254 -0.0148567 -0.0149875 -0.015082 -0.0151566 -0.0152432 -0.0152947 -0.0153194 -0.0153512 -0.0153658 -0.0153375 -0.0153177 -0.0152867 -0.0152161 -0.0151366 -0.0150633 -0.0149473 -0.0148159 -0.0146898 -0.0145359 -0.0143511 -0.0141736 -0.0139765 -0.0137478 -0.0135148 -0.0132723 -0.0130042 -0.0127201 -0.0124264 -0.0121166 -0.0117951 -0.0114459 -0.0110912 -0.0107284 -0.0103426 -0.00993291 -0.00953095 -0.00909856 -0.00865174 -0.00819765 -0.00772601 -0.00722785 -0.00672742 -0.00619951 -0.0056555 -0.0050961 -0.00449956 -0.00388984 -0.00326169 -0.00258881 -0.00187939 -0.00116188 -0.000389055 0.000427135 0.00128872 0.00218808 0.00314608 0.00416825 0.00524631 0.00639038 0.00760875 0.00890499 0.0102784 0.0117513 0.0132895 0.0149399 0.0166898 0.0185262 0.0204799 0.0225296 0.0246752 0.02693 0.0292905 0.0317366 0.0343033 0.0369508 0.0397098 0.042601 0.0455995 0.0487572 0.0520718 0.0555985 0.0593723 0.0634162 0.067737 0.0723346 0.0771992 0.0822508 0.0874001 0.0924375 0.0971608 0.101328 0.104658 0.106907 0.10778 0.10707 0.10463 0.100419 0.0945273 0.0871184 0.0784669 0.0689074 0.0588569 0.0487649 0.0391102 0.0303468 0.0228753 0.0170471 0.0131045 0.0112418 
0 -0.000109053 -0.000636877 -0.00191524 -0.00426 -0.00779447 -0.0125405 -0.0183796 -0.0250224 -0.0321792 -0.0394455 -0.0464601 -0.0529003 -0.0584312 -0.0628861 -0.0661124 -0.0681021 -0.0689607 -0.0687841 -0.0677894 -0.0661375 -0.0640169 -0.0616352 -0.0591224 -0.0566176 -0.0541839 -0.0518471 -0.049617 -0.0474915 -0.0454323 -0.0434218 -0.0414352 -0.0394236 -0.0374145 -0.0353673 -0.0332949 -0.0312196 -0.029129 -0.0270517 -0.0249923 -0.0229731 -0.0210021 -0.0191203 -0.0173011 -0.0155665 -0.0139553 -0.0124467 -0.0110648 -0.00980092 -0.00865671 -0.00763923 -0.00677055 -0.00599099 -0.0053263 -0.00480077 -0.00436817 -0.00402671 -0.00377207 -0.0036085 -0.00351597 -0.00350279 -0.00353012 -0.00362104 -0.00376209 -0.0039414 -0.00414112 -0.00437878 -0.00466102 -0.0049402 -0.00521397 -0.00552013 -0.00586063 -0.0061609 -0.00646395 -0.00678374 -0.00710387 -0.00739445 -0.00769345 -0.00797917 -0.008258 -0.00851946 -0.00877729 -0.00902119 -0.0092497 -0.00946183 -0.00967436 -0.00986677 -0.0100329 -0.0102026 -0.0103603 -0.0104852 -0.0106031 -0.0107255 -0.0108081 -0.0108791 -0.0109536 -0.0110034 -0.0110205 -0.0110517 -0.0110584 -0.0110346 -0.0110091 -0.0109816 -0.0109094 -0.0108368 -0.0107615 -0.0106547 -0.0105257 -0.0104085 -0.01026 -0.0100871 -0.00991629 -0.00973273 -0.00951597 -0.00929601 -0.00906912 -0.00881564 -0.00855018 -0.00827651 -0.00798905 -0.00767776 -0.0073616 -0.00703606 -0.0066974 -0.00632017 -0.00595699 -0.00559247 -0.00519102 -0.00475163 -0.00434758 -0.00392365 -0.003456 -0.00296889 -0.00249344 -0.00198657 -0.00144231 -0.000883145 -0.000309045 0.000307252 0.000973732 0.00164794 0.00236883 0.00313797 0.00396139 0.00483218 0.00576657 0.00674336 0.00781075 0.00896015 0.0101618 0.0114631 0.0128684 0.0143647 0.0159477 0.0176499 0.0194451 0.0213645 0.0233897 0.0255054 0.0277343 0.0300675 0.0324954 0.0350052 0.037617 0.0402947 0.0430691 0.0459303 0.0488694 0.0519324 0.0551088 0.0584399 0.061962 0.065704 0.0696857 0.0739302 0.0784105 0.0830977 0.087933 0.0927461 0.0973934 0.101621 0.105182 0.107849 0.109312 0.109369 0.107794 0.104464 0.099388 0.0926163 0.0843635 0.0748807 0.0645032 0.0536606 0.0427857 0.0323802 0.0229031 0.0147726 0.00835719 0.00391201 0.00164024 
0 -3.16764e-06 -0.000390041 -0.00153979 -0.00369011 -0.00702366 -0.0115484 -0.017137 -0.0235856 -0.0305508 -0.0377126 -0.0447092 -0.0511946 -0.0569105 -0.0616014 -0.0651581 -0.0675421 -0.0687841 -0.0690299 -0.0684021 -0.0670914 -0.0652903 -0.0631579 -0.0608801 -0.0585633 -0.0562926 -0.0541221 -0.0520597 -0.0500965 -0.0482099 -0.0463658 -0.0445262 -0.0426896 -0.0408046 -0.0388694 -0.0368876 -0.0348489 -0.0327916 -0.0306985 -0.0285783 -0.0264506 -0.0243569 -0.0222897 -0.0202716 -0.018314 -0.0164187 -0.0146469 -0.0129615 -0.0113707 -0.00989525 -0.00856681 -0.00735419 -0.00626707 -0.00529874 -0.00444534 -0.00373555 -0.00312273 -0.00260952 -0.00219882 -0.00191137 -0.00166806 -0.00149733 -0.00141342 -0.00140499 -0.00142547 -0.00149329 -0.00161471 -0.00175886 -0.00193611 -0.00213947 -0.00237629 -0.0025974 -0.00283831 -0.00309204 -0.00337109 -0.00361352 -0.00386338 -0.00411644 -0.00437991 -0.00460877 -0.00483772 -0.00506193 -0.00528462 -0.00547938 -0.0056689 -0.00585587 -0.00602589 -0.00617505 -0.00632305 -0.00646276 -0.0065723 -0.00668052 -0.00678076 -0.00685944 -0.00691787 -0.00698469 -0.00702112 -0.00704361 -0.00705974 -0.00706786 -0.00704055 -0.00701997 -0.00698218 -0.00692336 -0.0068488 -0.00677959 -0.00667554 -0.00656292 -0.00644522 -0.00631184 -0.00615062 -0.00599392 -0.00582149 -0.00562463 -0.00542029 -0.0052129 -0.00498379 -0.0047333 -0.00448602 -0.00422557 -0.0039485 -0.0036454 -0.00335312 -0.00304409 -0.0027235 -0.00237066 -0.00202915 -0.00166676 -0.00130341 -0.000904028 -0.000500618 -7.30123e-05 0.000356155 0.00081662 0.00129419 0.00181045 0.00235606 0.00291538 0.00350742 0.0041548 0.00485811 0.00557378 0.00636065 0.00721313 0.00812469 0.00907677 0.0101387 0.0112829 0.0125076 0.013823 0.0152342 0.0167645 0.0184124 0.0201679 0.0220175 0.0240169 0.0261177 0.0283211 0.0306266 0.0330332 0.035542 0.0381368 0.0407996 0.0435149 0.0463162 0.0491666 0.0520804 0.0550619 0.0581154 0.0612828 0.0645808 0.0680375 0.0716839 0.0755535 0.0796351 0.0839319 0.088381 0.0928802 0.0973144 0.101458 0.105108 0.108018 0.109917 0.110591 0.109785 0.10734 0.103164 0.0972329 0.0896718 0.0806434 0.070421 0.0593497 0.0478127 0.0362895 0.0252447 0.01516 0.00647665 -0.000453534 -0.00532469 -0.00795599 
