0 0 0 0 0 0 0 0 0 0 0 0 0 0 0 0 0 0 0 0 0 0 0 0 0 0 0 0 0 0 0 0 0 0 0 0 0 0 0 0 0 0 0 0 0 0 0 0 0 0 0 0 0 0 0 0 0 0 0 0 0 0 0 0 0 0 0 0 0 0 0 0 0 0 0 0 0 0 0 0 0 0 0 0 0 0 0 0 0 0 0 0 0 0 0 0 0 0 0 0 0 0 0 0 0 0 0 0 0 0 0 0 0 0 0 0 0 0 0 0 0 0 0 0 0 0 0 0 0 0 0 0 0 0 0 0 0 0 0 0 0 0 0 0 0 0 0 0 0 0 0 0 0 0 0 0 0 0 0 0 0 0 0 0 0 0 0 0 0 0 0 0 0 0 0 0 0 0 0 0 0 0 0 0 0 0 0 0 0 0 0 0 0 0 0 0 0 0 0 0 
0 -0.00216158 -0.0042573 -0.00621284 -0.00799713 -0.00957308 -0.010926 -0.0120639 -0.0129808 -0.0137191 -0.0142965 -0.0147444 -0.0150988 -0.0153573 -0.0155648 -0.0157205 -0.0158446 -0.0159477 -0.016004 -0.0160329 -0.0160145 -0.0159619 -0.0158702 -0.0157249 -0.015525 -0.0152692 -0.0149674 -0.0146104 -0.0142126 -0.0137497 -0.0132566 -0.0127338 -0.0121721 -0.0116025 -0.0109932 -0.0103905 -0.00979131 -0.00918871 -0.00860061 -0.00802955 -0.00748256 -0.00696513 -0.00647162 -0.00599262 -0.00556629 -0.00515995 -0.00478389 -0.00443819 -0.00411981 -0.0038337 -0.00356527 -0.00331968 -0.00309464 -0.00290475 -0.00272384 -0.0025593 -0.00241386 -0.0022916 -0.00216667 -0.00206059 -0.0019789 -0.00189541 -0.00182304 -0.00175923 -0.00169964 -0.0016471 -0.00160946 -0.00156327 -0.00153134 -0.00149859 -0.00146314 -0.00143439 -0.00141856 -0.00139565 -0.00137105 -0.00134748 -0.00133185 -0.00132237 -0.00130423 -0.00128543 -0.00127289 -0.00126399 -0.00125227 -0.00124267 -0.00122679 -0.00122163 -0.00121667 -0.00120478 -0.00119401 -0.00119622 -0.00118502 -0.00117699 -0.00117716 -0.00117311 -0.00116169 -0.00116597 -0.00116239 -0.00115471 -0.00115561 -0.001159 -0.00114927 -0.00115273 -0.00115621 -0.00115168 -0.00115102 -0.00116045 -0.00115531 -0.00115714 -0.00116544 -0.00116695 -0.00116447 -0.00117745 -0.00118055 -0.00118187 -0.00118936 -0.0011999 -0.00120379 -0.00121451 -0.00121931 -0.00122866 -0.00124414 -0.0012571 -0.00126103 -0.00127302 -0.00129304 -0.00131345 -0.00132338 -0.00133228 -0.00135937 -0.00138209 -0.0013964 -0.00141883 -0.00144646 -0.00145786 -0.00148523 -0.00151251 -0.0015352 -0.00155446 -0.00157545 -0.00158888 -0.00161228 -0.0016267 -0.00163215 -0.00164221 -0.00164349 -0.0016349 -0.00161822 -0.0016105 -0.00158541 -0.00154901 -0.00150423 -0.00146004 -0.0013946 -0.00132631 -0.00124774 -0.00115861 -0.00107305 -0.00095649 -0.000837895 -0.000717129 -0.000584672 -0.000436411 -0.000287323 -0.000121011 4.3452e-05 0.000220255 0.0004244 0.000613584 0.000821159 0.00102444 0.00123569 0.00145323 0.00165572 0.00185205 0.00203716 0.00221408 0.00236154 0.00248415 0.00256084 0.00260713 0.00261627 0.0025697 0.00248442 0.00233842 0.00216669 0.00197184 0.00176591 0.00158058 0.00142564 0.00135204 0.00137679 0.00151921 0.00177845 0.00213191 0.00256043 0.00302232 0.00348036 0.00388347 0.00418432 0.00434675 
0 -0.0042573 -0.00836116 -0.0122232 -0.0157125 -0.0188134 -0.0214742 -0.0236877 -0.0255047 -0.0269279 -0.0280602 -0.0289354 -0.0296008 -0.0301252 -0.0305052 -0.0308191 -0.0310733 -0.0312647 -0.0314139 -0.0314683 -0.0314589 -0.0313803 -0.0312068 -0.0309546 -0.0305791 -0.0301037 -0.0295417 -0.0288773 -0.0281193 -0.0272583 -0.0263144 -0.0253101 -0.0242553 -0.0231366 -0.0219891 -0.0208276 -0.019666 -0.0185175 -0.0173657 -0.0162485 -0.0151754 -0.0141563 -0.0131641 -0.0122404 -0.0113752 -0.0105629 -0.00981873 -0.00909765 -0.00845516 -0.00787391 -0.00732936 -0.00682257 -0.00638934 -0.00597434 -0.00560206 -0.00526903 -0.00495825 -0.004707 -0.00446637 -0.00424542 -0.00404928 -0.00389425 -0.00372604 -0.00359553 -0.00348191 -0.00338717 -0.003274 -0.00318417 -0.00312336 -0.00305192 -0.00298139 -0.00293612 -0.00288891 -0.00281389 -0.00278785 -0.00275961 -0.00271873 -0.0026617 -0.00264553 -0.00261875 -0.00259699 -0.00255087 -0.00253957 -0.00251857 -0.00249723 -0.0024692 -0.00246696 -0.00243719 -0.00242524 -0.00241723 -0.00240294 -0.00238021 -0.00238638 -0.00237093 -0.00235568 -0.00235637 -0.00235502 -0.00233514 -0.00234152 -0.0023419 -0.0023296 -0.00233047 -0.00234193 -0.00232862 -0.00233326 -0.00234495 -0.00234259 -0.00233987 -0.0023618 -0.00235939 -0.00236486 -0.00238002 -0.00239306 -0.00239064 -0.00242052 -0.00242889 -0.00243882 -0.00245341 -0.00249125 -0.0024979 -0.00251689 -0.00253284 -0.00258304 -0.00260221 -0.00261983 -0.00264589 -0.00270353 -0.0027239 -0.00276379 -0.00280807 -0.00284378 -0.00287846 -0.00293887 -0.00298984 -0.00302346 -0.00306895 -0.00311798 -0.00317084 -0.00319598 -0.00325136 -0.00328762 -0.0033041 -0.00331424 -0.00334864 -0.00334047 -0.00333469 -0.00331569 -0.00327345 -0.00323205 -0.00315785 -0.00306918 -0.00297921 -0.0028726 -0.00271297 -0.00256278 -0.00238411 -0.00218873 -0.0019688 -0.00172529 -0.00147689 -0.00120476 -0.00090794 -0.000575092 -0.000248598 0.000100142 0.000470696 0.000858773 0.00126057 0.00166131 0.00206925 0.00249445 0.00292105 0.00331707 0.00370531 0.00405786 0.00438976 0.00468487 0.00489461 0.00505684 0.00513622 0.00513982 0.00506596 0.00486751 0.00459469 0.00424472 0.00384795 0.0034571 0.00307225 0.00278616 0.00264421 0.0026999 0.00300568 0.00352035 0.00424416 0.00510352 0.00602991 0.00695601 0.00775821 0.00837059 0.00869442 
0 -0.00621284 -0.0122232 -0.0178369 -0.0229429 -0.0274448 -0.0312994 -0.0345198 -0.0371133 -0.039179 -0.0407881 -0.0420297 -0.0429989 -0.0437194 -0.0442905 -0.0447356 -0.0451025 -0.0454132 -0.04562 -0.0457475 -0.0457627 -0.0456866 -0.0455047 -0.0451857 -0.0447171 -0.0440996 -0.0433534 -0.0424595 -0.0414426 -0.0402566 -0.0389719 -0.0375972 -0.0361178 -0.0345893 -0.0329613 -0.0313267 -0.0296862 -0.0280298 -0.0263906 -0.0247836 -0.0232284 -0.0217373 -0.0202983 -0.0189024 -0.0176242 -0.0164057 -0.0152662 -0.0142031 -0.0132211 -0.0123267 -0.0114877 -0.0107149 -0.0100086 -0.00939014 -0.00881031 -0.00828063 -0.00780572 -0.00739641 -0.00699537 -0.00664413 -0.00635541 -0.00607947 -0.00583189 -0.0056136 -0.0054155 -0.00524045 -0.00509812 -0.00494954 -0.00483751 -0.00472624 -0.00461429 -0.0045225 -0.00445853 -0.00438033 -0.00430638 -0.00423619 -0.00418156 -0.00413855 -0.00408504 -0.00403031 -0.00398814 -0.00395191 -0.0039159 -0.00388322 -0.00383825 -0.0038152 -0.0037961 -0.00376089 -0.00373044 -0.00372686 -0.00369667 -0.00367263 -0.00366825 -0.00365404 -0.00362575 -0.00363074 -0.00362047 -0.00360091 -0.00360127 -0.00360664 -0.00358526 -0.00359185 -0.0035999 -0.00359036 -0.00359062 -0.0036122 -0.003604 -0.00361022 -0.00363215 -0.0036389 -0.00363905 -0.00367159 -0.00368481 -0.00369337 -0.00371863 -0.00374863 -0.00376537 -0.00379698 -0.00382126 -0.00385145 -0.003895 -0.00393462 -0.00396121 -0.00400104 -0.00405739 -0.00411587 -0.00415806 -0.00419539 -0.00427102 -0.00433982 -0.00439193 -0.00445965 -0.00454155 -0.00459186 -0.00467051 -0.00475124 -0.00482395 -0.00488828 -0.00495166 -0.00500405 -0.00507149 -0.00511549 -0.0051387 -0.00517061 -0.00517549 -0.00515501 -0.0051135 -0.00508066 -0.00500664 -0.00489884 -0.00476521 -0.0046244 -0.00443177 -0.00421538 -0.00397057 -0.00369333 -0.00340682 -0.0030455 -0.00266576 -0.00227084 -0.0018405 -0.00136604 -0.000876713 -0.000351529 0.000177057 0.000736404 0.00135069 0.00193692 0.00255221 0.00315652 0.00377369 0.00439526 0.00497334 0.0055258 0.00604055 0.00652157 0.00692274 0.00724006 0.00743735 0.00753894 0.00753006 0.00737325 0.00709195 0.00665626 0.00614026 0.00556429 0.00497098 0.00443703 0.00401498 0.00383058 0.00394377 0.00440653 0.00521109 0.00630009 0.00760549 0.00901062 0.010398 0.0116205 0.0125406 0.0130412 
0 -0.00799713 -0.0157125 -0.0229429 -0.0294796 -0.0352452 -0.0401682 -0.0442434 -0.0475386 -0.0501133 -0.0521188 -0.0536519 -0.0548152 -0.0557104 -0.0563875 -0.0569468 -0.0574217 -0.0578206 -0.0581451 -0.0583499 -0.0584499 -0.0584412 -0.0582942 -0.0580013 -0.0575169 -0.0568565 -0.0560373 -0.0550417 -0.0538729 -0.0525175 -0.0510087 -0.0493772 -0.0476313 -0.0457709 -0.0438238 -0.0418307 -0.0398124 -0.0377783 -0.0357276 -0.0337015 -0.0317254 -0.0298116 -0.0279379 -0.0261462 -0.0244495 -0.0228373 -0.021323 -0.0198746 -0.0185437 -0.0173216 -0.0161752 -0.0151092 -0.0141557 -0.0132707 -0.0124602 -0.0117221 -0.0110474 -0.010464 -0.00991761 -0.00941899 -0.00897884 -0.00859668 -0.00822862 -0.00791465 -0.00763944 -0.00739873 -0.0071587 -0.00695018 -0.00678697 -0.0066238 -0.00646741 -0.00634621 -0.006233 -0.00609842 -0.0060112 -0.00593106 -0.0058427 -0.00574504 -0.00568349 -0.0056195 -0.0055605 -0.00548393 -0.00543968 -0.00539151 -0.00533963 -0.00528995 -0.00526398 -0.00521269 -0.00517893 -0.00515683 -0.00512349 -0.00508616 -0.00507957 -0.00505326 -0.00502481 -0.00501926 -0.00500951 -0.00498262 -0.00498429 -0.00498293 -0.0049656 -0.00496714 -0.00497938 -0.00496707 -0.00497379 -0.00499271 -0.00499352 -0.00499859 -0.00502991 -0.00503797 -0.00505197 -0.0050838 -0.00511009 -0.00512379 -0.0051703 -0.00520119 -0.00522987 -0.00527032 -0.00533037 -0.00536494 -0.00541259 -0.00546376 -0.00554152 -0.00559581 -0.00565209 -0.00572192 -0.00581535 -0.00587836 -0.00596599 -0.00605887 -0.00613942 -0.00622573 -0.00633934 -0.00643745 -0.00652314 -0.00662122 -0.00672106 -0.00681759 -0.00688939 -0.00698167 -0.00705558 -0.00709852 -0.00712811 -0.00717264 -0.00716777 -0.00714537 -0.00709751 -0.00701958 -0.00691888 -0.00676621 -0.00658111 -0.00637922 -0.0061309 -0.00581098 -0.00547216 -0.00508537 -0.0046576 -0.00417149 -0.00363977 -0.00308368 -0.00248137 -0.00182687 -0.00112502 -0.000412106 0.000326192 0.00109733 0.00189698 0.0027002 0.00349893 0.00429604 0.00510378 0.00589826 0.00663875 0.00734007 0.00798041 0.00856627 0.00906436 0.0094245 0.00966468 0.00976096 0.00971001 0.00949667 0.00908265 0.008513 0.00781789 0.00705021 0.00629011 0.00558634 0.00507345 0.00486107 0.00504799 0.00570793 0.00679955 0.00828589 0.0100436 0.0119348 0.0138034 0.0154383 0.0166855 0.0173698 
0 -0.00957308 -0.0188134 -0.0274448 -0.0352452 -0.0420891 -0.0479066 -0.0526973 -0.0565242 -0.0594978 -0.0617711 -0.0634852 -0.0647737 -0.0657432 -0.0664921 -0.0671105 -0.0676537 -0.068141 -0.0685543 -0.0688726 -0.0690879 -0.0691974 -0.0691757 -0.0689912 -0.0686089 -0.0680298 -0.0672641 -0.0662982 -0.0651292 -0.0637412 -0.0621722 -0.0604481 -0.0585723 -0.0565599 -0.0544195 -0.0522049 -0.0499388 -0.0476253 -0.0452808 -0.0429392 -0.0406298 -0.0383645 -0.0361364 -0.0339689 -0.0318997 -0.029918 -0.0280307 -0.0262342 -0.0245555 -0.0229946 -0.0215267 -0.0201581 -0.0189052 -0.0177584 -0.016699 -0.0157255 -0.0148403 -0.0140504 -0.0133156 -0.0126498 -0.0120637 -0.0115355 -0.0110485 -0.0106153 -0.0102302 -0.00988755 -0.00957491 -0.0092919 -0.00905271 -0.00882665 -0.00861437 -0.00843524 -0.00827874 -0.00811843 -0.00798032 -0.00785446 -0.00773745 -0.00762695 -0.00752888 -0.00743402 -0.00734718 -0.00726196 -0.00719159 -0.00712268 -0.00704994 -0.00699042 -0.00694254 -0.00688205 -0.00683174 -0.00679782 -0.00675236 -0.00671 -0.00668741 -0.00665655 -0.00662195 -0.00660915 -0.00659148 -0.00656645 -0.00656039 -0.0065569 -0.0065404 -0.00654219 -0.00655016 -0.00654523 -0.0065524 -0.00657323 -0.00657915 -0.00659371 -0.00662499 -0.00664473 -0.00666616 -0.006708 -0.00674283 -0.00677325 -0.00682378 -0.00687422 -0.00691975 -0.00697692 -0.00704184 -0.00710323 -0.00717525 -0.00725077 -0.00733172 -0.00741301 -0.00750519 -0.00760556 -0.00770713 -0.00780076 -0.00791932 -0.00804055 -0.00815115 -0.00827001 -0.0084035 -0.00852139 -0.00864182 -0.00876827 -0.00888986 -0.00899918 -0.00909399 -0.00918876 -0.00927427 -0.00932904 -0.00936212 -0.00939057 -0.00937766 -0.00932923 -0.00925018 -0.00914494 -0.00899402 -0.00878578 -0.00853244 -0.00824402 -0.00789218 -0.00747337 -0.00700834 -0.00648949 -0.00591597 -0.00526406 -0.00455925 -0.00381633 -0.00302033 -0.0021655 -0.00126881 -0.000347312 0.000593846 0.00156791 0.00257204 0.00356567 0.00455187 0.00552451 0.00649256 0.007435 0.00831362 0.00913149 0.00987888 0.0105487 0.0111011 0.0114996 0.0117337 0.0117993 0.0116835 0.0113619 0.0108229 0.0100897 0.00922098 0.00827907 0.00734695 0.00651811 0.00592568 0.0057175 0.00601014 0.00687318 0.0082841 0.0101697 0.0123933 0.0147817 0.0171285 0.0191932 0.0207648 0.0216496 
0 -0.010926 -0.0214742 -0.0312994 -0.0401682 -0.0479066 -0.0544451 -0.0597884 -0.0639975 -0.0672297 -0.0696394 -0.0714123 -0.0727125 -0.0736584 -0.0743954 -0.0750061 -0.0755684 -0.0761116 -0.0766042 -0.0770465 -0.0774079 -0.0776829 -0.0778491 -0.0778533 -0.0776725 -0.0772901 -0.0767069 -0.0759123 -0.0748924 -0.0736331 -0.0721656 -0.0705105 -0.0686684 -0.0666644 -0.064496 -0.0622185 -0.0598551 -0.0574059 -0.0549 -0.0523618 -0.0498249 -0.0473007 -0.0448025 -0.0423372 -0.0399551 -0.0376517 -0.0354252 -0.0333016 -0.0312849 -0.0293881 -0.0275984 -0.0259233 -0.0243614 -0.0229316 -0.0216005 -0.0203699 -0.0192533 -0.0182358 -0.0172989 -0.0164463 -0.015688 -0.0149912 -0.0143657 -0.0137972 -0.0132908 -0.0128306 -0.0124226 -0.0120481 -0.0117177 -0.0114184 -0.0111426 -0.0108955 -0.0106767 -0.0104769 -0.0102849 -0.0101144 -0.00995734 -0.00981863 -0.00967956 -0.00955618 -0.00943667 -0.00933372 -0.00923118 -0.00914006 -0.00904607 -0.00897086 -0.00889539 -0.00882505 -0.0087571 -0.00870566 -0.00864714 -0.0085986 -0.00855652 -0.00851927 -0.00847954 -0.0084556 -0.00842933 -0.00840699 -0.0083918 -0.0083841 -0.00837131 -0.00837202 -0.00837501 -0.0083795 -0.00838855 -0.00840959 -0.00842423 -0.00844969 -0.00848083 -0.00851511 -0.00854821 -0.00859878 -0.00864498 -0.00869776 -0.00875508 -0.00882508 -0.00889023 -0.00896943 -0.00904668 -0.00913655 -0.00922935 -0.00933482 -0.00943242 -0.00954513 -0.00966643 -0.00979799 -0.00991906 -0.0100532 -0.0101996 -0.010347 -0.0104886 -0.0106411 -0.0107961 -0.0109388 -0.0110866 -0.0112303 -0.0113669 -0.0114844 -0.0115966 -0.0116864 -0.0117675 -0.0118149 -0.0118361 -0.0118307 -0.0117945 -0.0117047 -0.0115747 -0.0114128 -0.0111842 -0.0108951 -0.0105489 -0.0101479 -0.00966733 -0.00912099 -0.00849805 -0.00781581 -0.00706461 -0.00622609 -0.00532998 -0.00438245 -0.00337841 -0.00231207 -0.00121027 -7.47328e-05 0.00107203 0.00224457 0.00343822 0.00460932 0.00576523 0.00689502 0.0080013 0.00906372 0.0100523 0.0109533 0.0117695 0.0124804 0.0130444 0.0134412 0.0136347 0.013637 0.0134271 0.0129746 0.0122933 0.0113888 0.0103428 0.00923031 0.0081381 0.0072038 0.00656003 0.00638508 0.00681121 0.00789955 0.009646 0.0119431 0.0146391 0.0175251 0.0203474 0.0228402 0.0247365 0.0258297 
0 -0.0120639 -0.0236877 -0.0345198 -0.0442434 -0.0526973 -0.0597884 -0.0655064 -0.0699726 -0.0733058 -0.0757308 -0.0774468 -0.0786247 -0.0794685 -0.0800795 -0.0806104 -0.0811296 -0.0816551 -0.0822133 -0.0827452 -0.0832617 -0.0837286 -0.0841101 -0.0843713 -0.0844658 -0.0843761 -0.0840878 -0.0835953 -0.0828514 -0.0818861 -0.0806722 -0.0792416 -0.0776184 -0.075764 -0.073755 -0.071575 -0.0692655 -0.0668476 -0.0643216 -0.0617253 -0.0590914 -0.0564315 -0.0537542 -0.0511137 -0.0484888 -0.045935 -0.0434423 -0.0410228 -0.0387067 -0.0364984 -0.0344017 -0.0324142 -0.030567 -0.0288233 -0.0272096 -0.0257133 -0.0243375 -0.0230685 -0.0219215 -0.0208621 -0.0198895 -0.019024 -0.0182251 -0.0175034 -0.0168603 -0.016282 -0.0157354 -0.0152627 -0.0148314 -0.0144424 -0.0140887 -0.0137782 -0.0134822 -0.0132112 -0.0129743 -0.0127675 -0.0125624 -0.0123615 -0.0121953 -0.0120445 -0.0118958 -0.0117494 -0.0116251 -0.0115049 -0.0113993 -0.0112901 -0.0111951 -0.0111058 -0.0110292 -0.0109465 -0.0108831 -0.0108192 -0.0107642 -0.0107113 -0.0106739 -0.0106299 -0.0106015 -0.010575 -0.0105567 -0.0105374 -0.0105358 -0.0105285 -0.0105329 -0.010541 -0.0105594 -0.0105735 -0.010606 -0.0106355 -0.0106743 -0.0107169 -0.0107736 -0.010823 -0.0108898 -0.0109589 -0.0110389 -0.0111168 -0.0112082 -0.0113016 -0.0114161 -0.0115236 -0.0116333 -0.0117589 -0.0119077 -0.0120441 -0.0121799 -0.0123331 -0.0125033 -0.0126714 -0.0128318 -0.0130066 -0.0131816 -0.0133536 -0.0135253 -0.0137083 -0.0138555 -0.0140053 -0.0141493 -0.0142747 -0.0143705 -0.014465 -0.0145136 -0.014528 -0.0145189 -0.0144673 -0.0143691 -0.0142194 -0.0140207 -0.0137457 -0.0134207 -0.0130132 -0.0125376 -0.0119831 -0.0113556 -0.0106249 -0.0098209 -0.00894528 -0.00796967 -0.00693761 -0.00582359 -0.004654 -0.00342983 -0.00215459 -0.000827638 0.000501605 0.00185561 0.00322299 0.00456746 0.00591917 0.00720902 0.00847392 0.00969382 0.0108374 0.0118997 0.01285 0.0136884 0.0143902 0.0149336 0.0152647 0.0153945 0.0152882 0.0149403 0.0143491 0.0134797 0.0124128 0.0111805 0.00989531 0.00867681 0.00763985 0.00699052 0.00687404 0.00745417 0.00879951 0.0108764 0.0135984 0.0167604 0.0201322 0.0234259 0.0263241 0.0285454 0.0298432 
0 -0.0129808 -0.0255047 -0.0371133 -0.0475386 -0.0565242 -0.0639975 -0.0699726 -0.0745169 -0.0778544 -0.0801584 -0.0816909 -0.0826717 -0.0832697 -0.0836972 -0.084046 -0.0844296 -0.0848936 -0.0854162 -0.0860174 -0.0866473 -0.0872853 -0.0879046 -0.0884357 -0.0888574 -0.0891276 -0.0892148 -0.0891065 -0.088772 -0.0881991 -0.0873912 -0.0863473 -0.0850653 -0.083567 -0.0818476 -0.0799322 -0.0778454 -0.0755929 -0.0732092 -0.0707133 -0.0681244 -0.0654596 -0.0627627 -0.0600201 -0.0572821 -0.0545689 -0.0518728 -0.0492585 -0.0467026 -0.0442244 -0.0418529 -0.0395939 -0.0374294 -0.0354143 -0.0335166 -0.0317402 -0.0301052 -0.0285725 -0.0271672 -0.0258806 -0.0247108 -0.0236253 -0.022657 -0.0217633 -0.020953 -0.0202074 -0.0195602 -0.0189672 -0.0184131 -0.0179251 -0.0174884 -0.0170768 -0.0167115 -0.0164074 -0.0160922 -0.015807 -0.0155569 -0.0153486 -0.0151259 -0.0149253 -0.0147347 -0.0145872 -0.0144207 -0.0142725 -0.0141356 -0.014019 -0.0138884 -0.0137914 -0.0136878 -0.0135925 -0.013509 -0.0134428 -0.0133604 -0.0133054 -0.0132566 -0.0132055 -0.0131623 -0.013143 -0.0131101 -0.0130912 -0.0130883 -0.0130849 -0.0130797 -0.0131028 -0.0131187 -0.0131387 -0.0131758 -0.0132233 -0.0132578 -0.0133213 -0.0133852 -0.0134522 -0.0135277 -0.0136252 -0.0137034 -0.0138129 -0.0139274 -0.0140456 -0.0141541 -0.0143043 -0.0144488 -0.0146042 -0.0147401 -0.0149147 -0.0150994 -0.0152841 -0.0154437 -0.015645 -0.0158383 -0.0160271 -0.0162224 -0.0164182 -0.016587 -0.0167566 -0.0169312 -0.0170783 -0.017206 -0.0173031 -0.0173921 -0.0174252 -0.0174382 -0.0174151 -0.0173427 -0.0171963 -0.0170192 -0.0167594 -0.0164333 -0.0160491 -0.0155635 -0.0150019 -0.0143538 -0.013602 -0.0127555 -0.0118393 -0.0108057 -0.00970144 -0.00850917 -0.00723012 -0.00589182 -0.00448723 -0.00303495 -0.00154375 -3.26168e-05 0.00150461 0.00303606 0.00456405 0.00607519 0.00754282 0.00896405 0.0103238 0.0116058 0.0127986 0.0138873 0.0148393 0.0156616 0.0163166 0.0167734 0.0170264 0.0170214 0.0167743 0.0162651 0.0154691 0.014435 0.0131644 0.0117589 0.0103255 0.00896687 0.00788854 0.00723265 0.0072093 0.00797055 0.00956 0.0119945 0.015111 0.0187309 0.022573 0.0262977 0.0295983 0.0321109 0.0336145 
0 -0.0137191 -0.0269279 -0.039179 -0.0501133 -0.0594978 -0.0672297 -0.0733058 -0.0778544 -0.0810519 -0.0831449 -0.0843974 -0.08504 -0.0853294 -0.0854337 -0.0855188 -0.0856877 -0.0859791 -0.086434 -0.0870189 -0.0877231 -0.0885017 -0.0893116 -0.0901077 -0.0908506 -0.0914935 -0.0919947 -0.0923389 -0.0924658 -0.0924024 -0.0920898 -0.0915321 -0.0907461 -0.0896923 -0.0884355 -0.0869329 -0.0852152 -0.0833067 -0.0812144 -0.0789596 -0.0765623 -0.0740402 -0.0714252 -0.0687576 -0.0660107 -0.0632526 -0.0604794 -0.0577303 -0.0550112 -0.0523412 -0.0497582 -0.0472612 -0.0448712 -0.0425743 -0.0404071 -0.0383685 -0.0364637 -0.0346652 -0.0330291 -0.0315085 -0.0300898 -0.0288009 -0.0276235 -0.0265477 -0.0255736 -0.0246866 -0.0238695 -0.0231483 -0.0224739 -0.0218787 -0.0213452 -0.0208583 -0.0203994 -0.0200002 -0.0196338 -0.0193124 -0.0190054 -0.0187182 -0.0184639 -0.0182367 -0.0180184 -0.0178179 -0.0176274 -0.0174512 -0.0173042 -0.0171499 -0.0170016 -0.0168829 -0.0167722 -0.0166464 -0.0165576 -0.016473 -0.0163821 -0.0163093 -0.0162615 -0.0161916 -0.0161479 -0.0161202 -0.0160871 -0.016057 -0.0160632 -0.0160518 -0.0160514 -0.0160742 -0.0161007 -0.0161155 -0.0161695 -0.0162185 -0.0162651 -0.0163346 -0.0164217 -0.0164877 -0.0165844 -0.0166961 -0.0168004 -0.0169129 -0.0170513 -0.0171854 -0.0173345 -0.0174929 -0.0176478 -0.0178213 -0.0180135 -0.0182008 -0.0183819 -0.018579 -0.0187862 -0.0190038 -0.019191 -0.019387 -0.0195887 -0.0197777 -0.0199411 -0.0201197 -0.0202519 -0.0203632 -0.020455 -0.0205177 -0.0205408 -0.0205268 -0.0204456 -0.0203205 -0.0201469 -0.0198827 -0.0195633 -0.0191637 -0.0186781 -0.0180825 -0.0174082 -0.0166344 -0.0157659 -0.0147808 -0.013709 -0.0125355 -0.0112604 -0.00990527 -0.00844961 -0.006952 -0.00537928 -0.00374944 -0.00208291 -0.000395872 0.00131574 0.00301567 0.00471284 0.00638081 0.00798176 0.00956059 0.0110444 0.0124605 0.0137737 0.0149599 0.0160316 0.0169405 0.0176859 0.0182353 0.0185765 0.0186781 0.0185334 0.0181097 0.0174061 0.0164294 0.0151805 0.0137374 0.0121503 0.0105593 0.00910703 0.00796493 0.00734995 0.00742661 0.00836435 0.0102217 0.0129719 0.0164833 0.0205215 0.0247902 0.0289277 0.0325723 0.0353708 0.0370576 
0 -0.0142965 -0.0280602 -0.0407881 -0.0521188 -0.0617711 -0.0696394 -0.0757308 -0.0801584 -0.0831449 -0.0849276 -0.0858037 -0.0860448 -0.0859122 -0.0856299 -0.0853542 -0.0852101 -0.0852563 -0.0855289 -0.0860275 -0.0867232 -0.0875725 -0.0885301 -0.0895479 -0.0905863 -0.0915909 -0.0925038 -0.0932962 -0.0939248 -0.0943853 -0.0946324 -0.094643 -0.0944164 -0.0939372 -0.0932271 -0.0922533 -0.0910302 -0.0895786 -0.0879134 -0.0860501 -0.0839887 -0.0817522 -0.0793833 -0.0768929 -0.0742837 -0.0716035 -0.0688645 -0.0661164 -0.063351 -0.060584 -0.0578711 -0.0552175 -0.0526281 -0.050127 -0.0477366 -0.045465 -0.0433163 -0.0412692 -0.0393751 -0.0376166 -0.0359756 -0.034462 -0.0330815 -0.0318134 -0.0306488 -0.0295825 -0.0286287 -0.0277705 -0.026964 -0.0262485 -0.0256112 -0.0250188 -0.0244813 -0.0240198 -0.0235799 -0.0231776 -0.0228188 -0.0225032 -0.0222044 -0.0219248 -0.0216698 -0.0214523 -0.0212332 -0.0210284 -0.020856 -0.0206869 -0.0205177 -0.0203847 -0.0202546 -0.0201169 -0.0200133 -0.0199203 -0.0198143 -0.0197351 -0.019677 -0.0196019 -0.0195489 -0.0195201 -0.0194799 -0.0194496 -0.0194524 -0.0194433 -0.0194404 -0.0194692 -0.019496 -0.0195171 -0.0195747 -0.019634 -0.0196843 -0.0197656 -0.0198602 -0.0199401 -0.0200465 -0.0201728 -0.0202846 -0.0204172 -0.0205736 -0.02072 -0.0208724 -0.021056 -0.0212371 -0.0214189 -0.0216059 -0.0218114 -0.022019 -0.0222207 -0.0224155 -0.0226303 -0.0228206 -0.0230038 -0.0231921 -0.0233568 -0.0234796 -0.0236068 -0.0237056 -0.0237604 -0.0237771 -0.0237546 -0.0236852 -0.02355 -0.0233504 -0.0230982 -0.0227662 -0.0223234 -0.0218115 -0.0212032 -0.0204908 -0.0196681 -0.0187403 -0.0177108 -0.0165726 -0.0153062 -0.0139532 -0.0125172 -0.0109755 -0.00935647 -0.0076588 -0.00591543 -0.00411997 -0.00227563 -0.00041357 0.00144045 0.00329207 0.00512534 0.00692966 0.0086778 0.0103463 0.011954 0.0134627 0.0148685 0.0161406 0.0172721 0.0182664 0.0190874 0.019722 0.020139 0.0203278 0.0202725 0.0199476 0.0193322 0.0184249 0.017233 0.0157935 0.0141591 0.0124095 0.0106848 0.00913524 0.00797203 0.00739046 0.00758071 0.00869571 0.010786 0.0138412 0.0176933 0.0221091 0.0267571 0.0312446 0.035201 0.0382362 0.040089 
0 -0.0147444 -0.0289354 -0.0420297 -0.0536519 -0.0634852 -0.0714123 -0.0774468 -0.0816909 -0.0843974 -0.0858037 -0.0862323 -0.0859948 -0.0853606 -0.0846046 -0.0838839 -0.0833419 -0.0830604 -0.083072 -0.0834051 -0.0840149 -0.084859 -0.0858882 -0.0870547 -0.0883209 -0.0896264 -0.0909053 -0.0921121 -0.0932203 -0.094195 -0.0950013 -0.0955939 -0.0959549 -0.0960934 -0.095991 -0.0956289 -0.0949977 -0.0941125 -0.0929894 -0.0916317 -0.0900291 -0.0882048 -0.0862102 -0.0840361 -0.0817044 -0.079237 -0.0766639 -0.0740315 -0.0713307 -0.0685819 -0.0658438 -0.0631339 -0.0604404 -0.0578077 -0.0552507 -0.0527946 -0.0504408 -0.048186 -0.0460687 -0.044089 -0.042229 -0.0404909 -0.0389022 -0.0374396 -0.0360914 -0.0348478 -0.0337373 -0.0327232 -0.0317826 -0.0309436 -0.0301993 -0.0295035 -0.0288737 -0.0283267 -0.0278189 -0.0273538 -0.0269377 -0.0265718 -0.0262276 -0.0259116 -0.0256258 -0.0253799 -0.0251321 -0.0249087 -0.0247154 -0.0245315 -0.0243456 -0.0241998 -0.024055 -0.023911 -0.0237934 -0.0236925 -0.0235782 -0.0234938 -0.0234246 -0.0233487 -0.0232886 -0.0232562 -0.0232119 -0.0231833 -0.0231798 -0.0231737 -0.0231706 -0.0232011 -0.0232274 -0.0232565 -0.0233136 -0.0233792 -0.0234348 -0.023524 -0.0236211 -0.0237127 -0.0238247 -0.023961 -0.02408 -0.0242225 -0.0243849 -0.0245448 -0.0247028 -0.024892 -0.025078 -0.0252662 -0.0254548 -0.0256593 -0.0258582 -0.0260488 -0.0262329 -0.0264272 -0.0265911 -0.0267347 -0.0268792 -0.0269924 -0.027059 -0.0271072 -0.0271247 -0.0270755 -0.026978 -0.02683 -0.0266229 -0.02632 -0.025942 -0.0254913 -0.0249382 -0.024264 -0.0235026 -0.022632 -0.0216355 -0.0205232 -0.019291 -0.0179633 -0.0165213 -0.0149577 -0.0133089 -0.0115927 -0.0097779 -0.00789436 -0.00596504 -0.00400127 -0.0020156 2.51025e-06 0.00201414 0.0039931 0.00593849 0.00785152 0.00970259 0.0114635 0.0131289 0.0146947 0.0161597 0.0174908 0.0186671 0.0196922 0.0205608 0.0212492 0.0217307 0.021982 0.0219928 0.0217623 0.0212492 0.0204416 0.0193358 0.0179406 0.0163206 0.014508 0.0126097 0.0107632 0.00913321 0.00795841 0.00741765 0.00771983 0.00899834 0.011299 0.0146146 0.0187561 0.0234849 0.0284418 0.0332138 0.037417 0.040643 0.0426279 
0 -0.0150988 -0.0296008 -0.0429989 -0.0548152 -0.0647737 -0.0727125 -0.0786247 -0.0826717 -0.08504 -0.0860448 -0.0859948 -0.0852151 -0.0840514 -0.0827397 -0.0815132 -0.0805015 -0.0797942 -0.0794752 -0.0795383 -0.0799755 -0.0807283 -0.081739 -0.0829734 -0.0843868 -0.08591 -0.0874767 -0.0890371 -0.0905419 -0.091989 -0.0933003 -0.0944359 -0.0953875 -0.096118 -0.0966481 -0.0969212 -0.0969203 -0.0966665 -0.0961611 -0.0953914 -0.094355 -0.093066 -0.0915431 -0.0898306 -0.0878896 -0.0857642 -0.0834991 -0.0811028 -0.0785925 -0.0759914 -0.0733422 -0.0706635 -0.0679879 -0.0652973 -0.0626592 -0.0600938 -0.0575922 -0.0551695 -0.0528763 -0.0507032 -0.0486301 -0.0467015 -0.0449033 -0.0432435 -0.0417049 -0.0403007 -0.0390057 -0.037838 -0.0367644 -0.0357958 -0.0349245 -0.0341388 -0.0334183 -0.032768 -0.0321951 -0.0316782 -0.0312087 -0.0307747 -0.0303985 -0.0300523 -0.0297463 -0.0294567 -0.0291988 -0.0289581 -0.0287567 -0.0285499 -0.028367 -0.0282029 -0.0280586 -0.0279053 -0.027787 -0.027672 -0.027566 -0.0274701 -0.0273998 -0.0273195 -0.0272637 -0.0272184 -0.0271813 -0.027148 -0.027144 -0.0271334 -0.0271394 -0.0271596 -0.0271919 -0.0272207 -0.0272813 -0.0273396 -0.0274083 -0.0274904 -0.0275934 -0.0276832 -0.0278024 -0.0279291 -0.0280636 -0.028196 -0.0283573 -0.0285111 -0.0286829 -0.0288507 -0.0290259 -0.0291972 -0.0293905 -0.0295629 -0.0297242 -0.0298804 -0.0300454 -0.0301788 -0.0302797 -0.0303672 -0.0304324 -0.0304502 -0.0304235 -0.0303683 -0.0302399 -0.0300518 -0.0297946 -0.0294722 -0.0290526 -0.0285477 -0.0279256 -0.0272129 -0.0263879 -0.0254302 -0.0243535 -0.0231734 -0.0218599 -0.0204017 -0.0188564 -0.0171996 -0.0154338 -0.0135654 -0.0116299 -0.00962195 -0.00756208 -0.00544313 -0.00329599 -0.00116763 0.00097949 0.00311757 0.00521678 0.00725346 0.00923188 0.0111348 0.0129607 0.0146657 0.0162359 0.0177123 0.0190477 0.0202434 0.0212736 0.0221328 0.0228415 0.0233635 0.0236687 0.02374 0.023575 0.0231523 0.0224631 0.0214611 0.0201543 0.0185848 0.0167718 0.0148146 0.01278 0.010823 0.00915413 0.00796014 0.00748734 0.00788995 0.00930592 0.0118018 0.0153074 0.0196912 0.0246516 0.0298309 0.0348203 0.039176 0.0425442 0.0446072 
0 -0.0153573 -0.0301252 -0.0437194 -0.0557104 -0.0657432 -0.0736584 -0.0794685 -0.0832697 -0.0853294 -0.0859122 -0.0853606 -0.0840514 -0.0822902 -0.0804153 -0.0786194 -0.0770672 -0.0758896 -0.0751323 -0.0748567 -0.075023 -0.0755835 -0.0764876 -0.0776929 -0.0791486 -0.0807978 -0.0825585 -0.0843582 -0.0861998 -0.0879982 -0.0897452 -0.0913668 -0.0928168 -0.0941324 -0.0952353 -0.0961283 -0.0967653 -0.0971487 -0.0972856 -0.0971648 -0.0967553 -0.0960686 -0.095146 -0.0939517 -0.0925311 -0.0908637 -0.089006 -0.086976 -0.0847847 -0.0824403 -0.0799907 -0.0774792 -0.0748787 -0.0722614 -0.0696347 -0.0670359 -0.0644628 -0.0619586 -0.0595135 -0.0571847 -0.0549664 -0.0528465 -0.0508699 -0.0490273 -0.0473029 -0.0456987 -0.0442622 -0.0429297 -0.0417153 -0.0406076 -0.0396238 -0.0387116 -0.0379044 -0.0371881 -0.0365422 -0.0359351 -0.0354108 -0.0349603 -0.0345409 -0.0341509 -0.0338116 -0.0335203 -0.0332442 -0.0329968 -0.0327692 -0.0325736 -0.0323851 -0.0322227 -0.0320641 -0.0319307 -0.0317995 -0.0316925 -0.031583 -0.0314982 -0.0314128 -0.0313497 -0.0312846 -0.031244 -0.0312003 -0.0311802 -0.0311587 -0.0311596 -0.0311585 -0.0311818 -0.0312014 -0.0312444 -0.0312864 -0.0313505 -0.0314113 -0.0314959 -0.0315777 -0.0316812 -0.0317831 -0.0319033 -0.0320192 -0.0321577 -0.0322958 -0.0324387 -0.0325726 -0.0327311 -0.0328892 -0.0330259 -0.033149 -0.0332902 -0.0334213 -0.03351 -0.0335816 -0.0336361 -0.0336653 -0.0336411 -0.0335924 -0.0334815 -0.033313 -0.0330724 -0.0327954 -0.0324087 -0.0319317 -0.0313668 -0.0307035 -0.0298995 -0.029001 -0.0279864 -0.0268201 -0.0255301 -0.0241104 -0.0225732 -0.0209019 -0.0191267 -0.0172252 -0.0152519 -0.0131725 -0.0110128 -0.0088005 -0.00656219 -0.00428156 -0.00197295 0.000305248 0.00257827 0.00479847 0.00698707 0.00909989 0.0111145 0.0130261 0.0148574 0.0165651 0.018128 0.019571 0.0208528 0.0220306 0.0230327 0.0238624 0.0245447 0.0250519 0.0253928 0.0255136 0.0254013 0.0250492 0.024456 0.023572 0.0223919 0.0209073 0.0191472 0.017198 0.015083 0.0129457 0.0109157 0.00919359 0.00803552 0.0076049 0.00811318 0.00965691 0.0122808 0.0159567 0.0204829 0.0256025 0.0309223 0.0360147 0.0404715 0.0438868 0.0459891 
0 -0.0155648 -0.0305052 -0.0442905 -0.0563875 -0.0664921 -0.0743954 -0.0800795 -0.0836972 -0.0854337 -0.0856299 -0.0846046 -0.0827397 -0.0804153 -0.0779219 -0.0755326 -0.0734043 -0.0716784 -0.0704466 -0.0697434 -0.0695623 -0.0698471 -0.0705473 -0.0716175 -0.0730182 -0.0746729 -0.0765125 -0.078471 -0.0805073 -0.0825896 -0.0846548 -0.0866492 -0.0885408 -0.090314 -0.0919377 -0.0933866 -0.0946116 -0.0956117 -0.0963879 -0.0968955 -0.0971358 -0.097099 -0.0967849 -0.0962203 -0.0953789 -0.0942638 -0.0929266 -0.0913516 -0.0895646 -0.0875977 -0.0854618 -0.0832002 -0.0808351 -0.0783667 -0.0758463 -0.0733056 -0.0707477 -0.0682162 -0.0657293 -0.0633098 -0.0609588 -0.0587077 -0.0565696 -0.0545543 -0.0526657 -0.0509207 -0.0492922 -0.0477921 -0.0464385 -0.0451988 -0.0440765 -0.0430752 -0.0421667 -0.0413334 -0.0406124 -0.0399715 -0.0393967 -0.0388672 -0.0384078 -0.0380082 -0.0376584 -0.0373236 -0.0370403 -0.0367919 -0.0365669 -0.0363601 -0.0361854 -0.0360165 -0.0358719 -0.0357436 -0.0356226 -0.0355114 -0.0354234 -0.0353361 -0.035258 -0.0351978 -0.0351446 -0.0350939 -0.0350627 -0.0350392 -0.0350183 -0.035013 -0.0350206 -0.0350277 -0.0350497 -0.0350857 -0.035123 -0.0351688 -0.0352342 -0.0352981 -0.0353707 -0.0354566 -0.0355482 -0.0356399 -0.0357507 -0.0358521 -0.0359576 -0.0360741 -0.036193 -0.0362843 -0.0363827 -0.0364761 -0.0365636 -0.0366132 -0.036638 -0.036645 -0.0366407 -0.0365689 -0.0364553 -0.0363006 -0.0360834 -0.0357957 -0.0354515 -0.0350115 -0.0344715 -0.0338391 -0.0330974 -0.0322435 -0.0312616 -0.0301491 -0.028896 -0.0275106 -0.0259899 -0.0243413 -0.0225528 -0.0206582 -0.0186401 -0.0165036 -0.0142966 -0.012016 -0.00965948 -0.00726815 -0.00484479 -0.00240541 1.65735e-05 0.00243517 0.0047993 0.00708488 0.00931082 0.0114488 0.0134755 0.0153872 0.017165 0.0188245 0.0203486 0.021712 0.0229295 0.024011 0.0249561 0.0257451 0.0263729 0.0268397 0.0271566 0.0272973 0.027227 0.0269319 0.0264047 0.0256322 0.0245857 0.0232377 0.0215862 0.0196886 0.0175834 0.0153629 0.0131299 0.0110332 0.00931179 0.00815443 0.0077999 0.00838798 0.0100199 0.0127609 0.0165081 0.0211332 0.0263126 0.0316729 0.0368071 0.041251 0.0446777 0.0467594 
0 -0.0157205 -0.0308191 -0.0447356 -0.0569468 -0.0671105 -0.0750061 -0.0806104 -0.084046 -0.0855188 -0.0853542 -0.0838839 -0.0815132 -0.0786194 -0.0755326 -0.0725345 -0.0698039 -0.0675075 -0.0657373 -0.0645506 -0.0639475 -0.0638755 -0.0642922 -0.0651492 -0.0663945 -0.0679643 -0.0697795 -0.0717695 -0.0739072 -0.0761288 -0.078401 -0.0806626 -0.0828672 -0.0850155 -0.0870449 -0.0889468 -0.0906712 -0.0922044 -0.0935422 -0.0946488 -0.0955118 -0.0961137 -0.0964493 -0.0965091 -0.0962944 -0.0957884 -0.0950287 -0.093999 -0.092728 -0.091228 -0.0895051 -0.087607 -0.0855375 -0.083336 -0.08103 -0.0786432 -0.0761919 -0.0737307 -0.0712444 -0.0687909 -0.0663917 -0.0640534 -0.0618042 -0.0596544 -0.0576125 -0.0557 -0.0539228 -0.0522687 -0.0507686 -0.0493811 -0.0481226 -0.0469887 -0.0459788 -0.0450663 -0.0442617 -0.0435274 -0.0428899 -0.0423306 -0.0418337 -0.0413926 -0.0410099 -0.0406663 -0.0403788 -0.0401264 -0.0398873 -0.0396913 -0.0395276 -0.0393661 -0.0392249 -0.0391183 -0.0390036 -0.0389053 -0.0388292 -0.0387559 -0.0386796 -0.0386354 -0.0385856 -0.03854 -0.0385109 -0.038495 -0.038466 -0.0384643 -0.0384674 -0.038469 -0.0384798 -0.0385144 -0.038533 -0.0385685 -0.0386191 -0.0386659 -0.0387111 -0.0387852 -0.0388457 -0.0389034 -0.0389805 -0.0390551 -0.0391105 -0.0391754 -0.0392329 -0.0392714 -0.0393068 -0.0393132 -0.0392909 -0.0392524 -0.0391866 -0.0390625 -0.0389012 -0.0386792 -0.0384135 -0.0380747 -0.0376549 -0.0371437 -0.0365549 -0.0358427 -0.0350359 -0.0341059 -0.0330387 -0.0318372 -0.0305004 -0.0290159 -0.027403 -0.0256464 -0.0237416 -0.0217259 -0.0195746 -0.0173239 -0.0149808 -0.0125582 -0.0100664 -0.00753665 -0.00496106 -0.00238724 0.000179068 0.00271636 0.00519689 0.00762625 0.00995883 0.0121951 0.0143174 0.0163154 0.0181695 0.0198794 0.0214315 0.0228517 0.0241197 0.0252292 0.0262043 0.0270266 0.0277305 0.0282788 0.028678 0.0289401 0.0290518 0.0290071 0.0287649 0.0283064 0.0276245 0.0266997 0.0254976 0.0240046 0.0222135 0.0201819 0.0179668 0.0156442 0.0133435 0.0112109 0.00948067 0.00835641 0.00804509 0.00869726 0.0103915 0.013177 0.016962 0.0215899 0.026757 0.0320823 0.0371577 0.0415447 0.0449036 0.046936 
0 -0.0158446 -0.0310733 -0.0451025 -0.0574217 -0.0676537 -0.0755684 -0.0811296 -0.0844296 -0.0856877 -0.0852101 -0.0833419 -0.0805015 -0.0770672 -0.0734043 -0.0698039 -0.0664729 -0.0635974 -0.0612764 -0.0595827 -0.0585195 -0.0580425 -0.0581118 -0.058676 -0.0596763 -0.061057 -0.0627409 -0.0646573 -0.0667815 -0.0690317 -0.0713874 -0.0737881 -0.0761807 -0.0785705 -0.0808829 -0.0831216 -0.0852394 -0.0872121 -0.0890238 -0.0906426 -0.0920542 -0.0932343 -0.0941751 -0.0948458 -0.0952609 -0.0953889 -0.095244 -0.0948057 -0.0941011 -0.0931394 -0.0919163 -0.0904761 -0.0888109 -0.0869732 -0.084969 -0.082823 -0.0805663 -0.0782588 -0.0758751 -0.0734718 -0.0710833 -0.0687112 -0.0663961 -0.0641481 -0.0619978 -0.0599545 -0.0580293 -0.0562116 -0.0545564 -0.0530186 -0.0516176 -0.0503487 -0.0492117 -0.0481814 -0.0472738 -0.0464631 -0.0457555 -0.045129 -0.0445724 -0.0441012 -0.0436893 -0.0433211 -0.0430136 -0.0427584 -0.0425127 -0.0423228 -0.0421635 -0.042012 -0.0418796 -0.0417924 -0.0416882 -0.0416054 -0.0415433 -0.0414861 -0.0414181 -0.0413882 -0.0413456 -0.0413076 -0.0412821 -0.0412714 -0.0412392 -0.0412379 -0.0412352 -0.0412302 -0.0412297 -0.0412555 -0.0412552 -0.041275 -0.0413049 -0.0413291 -0.0413426 -0.0413905 -0.0414132 -0.0414327 -0.0414629 -0.0414881 -0.0414801 -0.0414882 -0.0414716 -0.0414227 -0.041361 -0.041278 -0.0411417 -0.0409723 -0.040762 -0.0404911 -0.0401636 -0.0397599 -0.0392894 -0.0387242 -0.0380598 -0.0372914 -0.0364268 -0.0354046 -0.0342676 -0.0329915 -0.0315702 -0.0299966 -0.0282867 -0.0264183 -0.0244224 -0.0222817 -0.0200115 -0.0176531 -0.0151777 -0.012616 -0.00999125 -0.00732546 -0.00461375 -0.00190933 0.000794394 0.0034503 0.00606192 0.0086014 0.0110414 0.0133764 0.0155731 0.0176438 0.0195553 0.0213147 0.0229115 0.0243533 0.0256251 0.0267539 0.0277234 0.028543 0.0292415 0.0297895 0.0302383 0.0305486 0.0307312 0.0307963 0.0307158 0.030493 0.0300883 0.0294813 0.0286609 0.0276055 0.0262768 0.0246698 0.022775 0.0206419 0.0183418 0.0159429 0.0135917 0.0114375 0.00970602 0.00861198 0.00833315 0.00902403 0.0107458 0.0135267 0.0172863 0.0218442 0.026918 0.0321291 0.0370739 0.0413447 0.0445932 0.0465514 
0 -0.0159477 -0.0312647 -0.0454132 -0.0578206 -0.068141 -0.0761116 -0.0816551 -0.0848936 -0.0859791 -0.0852563 -0.0830604 -0.0797942 -0.0758896 -0.0716784 -0.0675075 -0.0635974 -0.0601401 -0.0572733 -0.0550531 -0.0535037 -0.0525898 -0.0522753 -0.0524915 -0.0531989 -0.0543132 -0.0557757 -0.0575381 -0.0595164 -0.0616973 -0.0640053 -0.0664106 -0.0688838 -0.0713689 -0.0738466 -0.0762884 -0.0786684 -0.0809518 -0.0831303 -0.0851456 -0.0870155 -0.0887064 -0.0901634 -0.0914098 -0.0923996 -0.0931368 -0.0936053 -0.0937817 -0.0936705 -0.0933032 -0.0926444 -0.0917065 -0.0905372 -0.0891283 -0.0875143 -0.0856998 -0.083735 -0.0816406 -0.0794479 -0.0771682 -0.0748477 -0.0725217 -0.0702014 -0.0679008 -0.0656663 -0.0635369 -0.061467 -0.0595118 -0.0577029 -0.0560181 -0.0544409 -0.0530329 -0.0517545 -0.0505907 -0.0495516 -0.0486504 -0.0478539 -0.0471376 -0.0465144 -0.0459979 -0.0455469 -0.0451345 -0.0448076 -0.0445344 -0.044287 -0.0440836 -0.0439332 -0.0437815 -0.0436678 -0.0435821 -0.0435015 -0.0434244 -0.0433859 -0.0433338 -0.0432897 -0.0432606 -0.0432382 -0.0431993 -0.0431883 -0.04317 -0.0431493 -0.0431351 -0.0431356 -0.0431133 -0.0431116 -0.0431115 -0.0431036 -0.0430929 -0.043106 -0.0430918 -0.0430828 -0.0430814 -0.0430678 -0.0430308 -0.0430147 -0.0429654 -0.042889 -0.0428123 -0.0427169 -0.0425566 -0.0423781 -0.0421744 -0.0419109 -0.04158 -0.0411957 -0.0407538 -0.0402255 -0.0395988 -0.0388832 -0.0380741 -0.0371169 -0.0360497 -0.0348606 -0.0335119 -0.031998 -0.0303691 -0.0285726 -0.0266137 -0.0245154 -0.0222926 -0.0199266 -0.0174336 -0.0148541 -0.0121877 -0.00944228 -0.00664113 -0.00382484 -0.000987326 0.00182312 0.0046166 0.00734489 0.00997438 0.0125202 0.0149527 0.017229 0.019356 0.0213347 0.023128 0.0247686 0.0262135 0.0274885 0.0286118 0.0295599 0.0303564 0.0310104 0.0315355 0.0319342 0.0322309 0.032405 0.0324868 0.0324684 0.0323308 0.0320927 0.0317063 0.0311701 0.0304495 0.0295196 0.0283564 0.0269325 0.0252306 0.023252 0.0210525 0.0186692 0.0162308 0.0138427 0.0116784 0.00997245 0.00888437 0.00864454 0.00934226 0.0110532 0.013805 0.0174657 0.0219126 0.0268197 0.031845 0.0366117 0.0406891 0.0438 0.0456455 
0 -0.016004 -0.0314139 -0.04562 -0.0581451 -0.0685543 -0.0766042 -0.0822133 -0.0854162 -0.086434 -0.0855289 -0.083072 -0.0794752 -0.0751323 -0.0704466 -0.0657373 -0.0612764 -0.0572733 -0.0538662 -0.0511262 -0.0490857 -0.0477197 -0.0469837 -0.0468373 -0.0471831 -0.0479875 -0.0491728 -0.0506753 -0.0524668 -0.0544505 -0.0566196 -0.05893 -0.0613375 -0.0638211 -0.0663298 -0.0688483 -0.071366 -0.0738484 -0.0762444 -0.0785627 -0.0807644 -0.0828346 -0.0847463 -0.0864438 -0.0879475 -0.0892341 -0.0902649 -0.0910182 -0.0915151 -0.0917284 -0.0916543 -0.0912909 -0.0906337 -0.089733 -0.0885808 -0.0871762 -0.0855642 -0.0837987 -0.0818497 -0.0797675 -0.0776093 -0.0753853 -0.0731144 -0.0708322 -0.068573 -0.0663511 -0.0642004 -0.0621287 -0.0601722 -0.0583249 -0.0566045 -0.0550102 -0.0535673 -0.052267 -0.0510949 -0.0500376 -0.0491151 -0.0483157 -0.0476136 -0.0470071 -0.0464802 -0.0460347 -0.0456683 -0.0453613 -0.0450841 -0.0448754 -0.04471 -0.044565 -0.0444445 -0.0443698 -0.0442937 -0.0442373 -0.0441985 -0.0441684 -0.0441313 -0.0441184 -0.044097 -0.0440774 -0.0440614 -0.0440524 -0.0440268 -0.0440167 -0.0440001 -0.0439795 -0.043957 -0.0439449 -0.0439108 -0.043886 -0.0438582 -0.0438184 -0.0437653 -0.0437255 -0.0436527 -0.0435642 -0.0434698 -0.0433572 -0.0431958 -0.0430183 -0.0428027 -0.0425451 -0.0422413 -0.0418788 -0.0414399 -0.0409521 -0.0403935 -0.0397226 -0.0389484 -0.0380849 -0.0371111 -0.0359882 -0.0347308 -0.0333342 -0.0317876 -0.0300703 -0.0282159 -0.0262013 -0.0240299 -0.0217086 -0.0192587 -0.0166879 -0.0140169 -0.0112391 -0.00838411 -0.00550124 -0.00256751 0.000385737 0.00330482 0.00617265 0.00900987 0.0117515 0.0143772 0.0168758 0.0192284 0.0214268 0.0234451 0.0252708 0.0269145 0.028396 0.0296643 0.0307524 0.031677 0.0324357 0.0330495 0.0335117 0.0338442 0.034075 0.0342115 0.0342351 0.0341884 0.034058 0.0338513 0.0335743 0.033174 0.0326737 0.0320289 0.0312114 0.0302002 0.0289468 0.027441 0.0256664 0.0236297 0.0213639 0.018944 0.0164579 0.0140588 0.0119139 0.0102116 0.00917572 0.00893821 0.00964316 0.0113349 0.0139889 0.0175485 0.0217926 0.0264854 0.0312727 0.0357699 0.039647 0.0425477 0.0442755 
