0 0 0 0 0 0 0 0 0 0 0 0 0 0 0 0 0 0 0 0 0 0 0 0 0 0 0 0 0 0 0 0 0 0 0 0 0 0 0 0 0 0 0 0 0 0 0 0 0 0 0 0 0 0 0 0 0 0 0 0 0 0 0 0 0 0 0 0 0 0 0 0 0 0 0 0 0 0 0 0 0 0 0 0 0 0 0 0 0 0 0 0 0 0 0 0 0 0 0 0 0 0 0 0 0 0 0 0 0 0 0 0 0 0 0 0 0 0 0 0 0 0 0 0 0 0 0 0 0 0 0 0 0 0 0 0 0 0 0 0 0 0 0 0 0 0 0 0 0 0 0 0 0 0 0 0 0 0 0 0 0 0 0 0 0 0 0 0 0 0 0 0 0 0 0 0 0 0 0 0 0 0 0 0 0 0 0 0 0 0 0 0 0 0 0 0 0 0 0 0 
0 4.53469e-05 8.46913e-05 0.000144259 0.000209206 0.000291272 0.000404001 0.0005303 0.000697998 0.000897988 0.00112971 0.001417 0.00173315 0.00209693 0.0024966 0.00290439 0.00332289 0.00370328 0.0040228 0.00425527 0.00436305 0.00433381 0.00416252 0.00384013 0.00338259 0.00282428 0.00217282 0.0015089 0.000869633 0.000301969 -0.00011927 -0.000410758 -0.00053281 -0.000505282 -0.000342326 -5.81305e-05 0.000310166 0.000736795 0.00116502 0.00159968 0.00199971 0.00237572 0.00272103 0.00302815 0.00329804 0.00354338 0.00378873 0.00399694 0.0042143 0.0044051 0.00458515 0.00477588 0.00497049 0.0051427 0.0053041 0.00547788 0.00563341 0.00580527 0.00595777 0.0061091 0.00624409 0.00639096 0.00653389 0.00667003 0.0067871 0.00690834 0.00704281 0.00714986 0.00725783 0.00736409 0.00747553 0.00756225 0.00766299 0.0077478 0.00784119 0.00791812 0.00799741 0.00806936 0.00815055 0.00821039 0.00827162 0.00833979 0.00839921 0.00844474 0.00849803 0.00855438 0.00859118 0.00863231 0.00867423 0.00871296 0.00873691 0.00877299 0.00879785 0.00882328 0.00883873 0.00886384 0.00887326 0.00888915 0.00889441 0.00890664 0.00890374 0.00891003 0.0089041 0.00890325 0.00888949 0.00888625 0.00886793 0.00885335 0.00883174 0.00881723 0.00878382 0.00875856 0.00873101 0.00869851 0.00865268 0.00862125 0.00858167 0.00852828 0.00847923 0.00843593 0.00837838 0.00831229 0.00825966 0.00819398 0.0081261 0.00804938 0.00798199 0.00790023 0.00782504 0.00772645 0.00764735 0.00755914 0.00746136 0.00734529 0.00725795 0.00715749 0.00703888 0.00691515 0.00680135 0.00669506 0.00656666 0.006432 0.00629573 0.0061789 0.00603688 0.00591015 0.00576624 0.00562083 0.00548638 0.00536129 0.00521865 0.00507997 0.00496573 0.00484 0.00474312 0.00465036 0.00458729 0.00455137 0.00456168 0.0046011 0.00466602 0.00477134 0.00488679 0.0050111 0.00509413 0.00511636 0.00502146 0.00481297 0.00446661 0.00396104 0.00333792 0.00257235 0.00173187 0.000861572 1.9751e-06 -0.000776966 -0.00144731 -0.00198339 -0.00236583 -0.00258917 -0.00267567 -0.00261916 -0.00246286 -0.00223529 -0.00194755 -0.00166017 -0.0013646 -0.00109139 -0.000857998 -0.000643554 -0.000479449 -0.000342721 -0.000233677 -0.000162364 -0.000101156 -6.63706e-05 -4.58669e-05 -2.93306e-05 -3.34342e-05 -3.64878e-05 
0 8.46913e-05 0.000197842 0.000293404 0.000446452 0.000611404 0.000817934 0.00109901 0.00141062 0.00182476 0.00230278 0.00286334 0.00352613 0.00424442 0.0050459 0.00587112 0.0066932 0.00745921 0.00809851 0.00856385 0.00878096 0.00873808 0.008386 0.00774955 0.00685036 0.00571368 0.00445283 0.0031244 0.00185514 0.000757278 -0.000108048 -0.000677968 -0.00092866 -0.000885061 -0.000564719 1.38758e-05 0.000740269 0.00157996 0.00245581 0.00328337 0.00409433 0.00485146 0.00553428 0.00615835 0.00670742 0.00718788 0.00765107 0.00809703 0.0085061 0.00889548 0.00926674 0.00963242 0.00998823 0.0103342 0.0106727 0.0109885 0.0113134 0.0116385 0.0119233 0.0121968 0.0125041 0.0127919 0.0130374 0.0132869 0.0135398 0.0137938 0.0140237 0.0142316 0.0144396 0.0146659 0.01486 0.0150373 0.0152197 0.0153989 0.0155659 0.0157218 0.0158666 0.0160117 0.0161618 0.016279 0.0163964 0.0165241 0.0166404 0.0167239 0.0168309 0.0169297 0.0170092 0.0170783 0.0171672 0.0172299 0.0172877 0.0173436 0.0174028 0.0174388 0.0174812 0.0175152 0.0175467 0.0175637 0.0175871 0.0175967 0.0176054 0.0176039 0.0176063 0.0175916 0.0175797 0.0175601 0.0175389 0.0174993 0.0174714 0.0174312 0.0173811 0.0173224 0.0172806 0.0172093 0.0171333 0.0170647 0.0169966 0.0168906 0.0168023 0.0167159 0.0166089 0.0164842 0.01638 0.0162593 0.0161257 0.015987 0.0158447 0.015699 0.015548 0.0153763 0.0151991 0.0150364 0.0148515 0.014655 0.0144524 0.0142474 0.0140388 0.0138307 0.0135871 0.013349 0.0131285 0.0128807 0.0126172 0.0123722 0.0121212 0.0118449 0.0115741 0.0113125 0.0110574 0.0107877 0.0105129 0.0102538 0.0100041 0.00978906 0.00959826 0.00941009 0.00927289 0.00921956 0.00922331 0.00930742 0.00946706 0.00964996 0.00989198 0.0101299 0.0102843 0.0103199 0.0101464 0.00971973 0.00902219 0.00803306 0.00674791 0.00523755 0.0035538 0.00180171 0.00011051 -0.00145697 -0.00279265 -0.00386354 -0.00463382 -0.00509337 -0.00526058 -0.00515641 -0.00485362 -0.00437932 -0.003833 -0.00324695 -0.00266292 -0.00214696 -0.00165876 -0.00126488 -0.000930908 -0.000648625 -0.000456882 -0.00028208 -0.000179411 -0.000108742 -5.3299e-05 -5.32694e-05 -3.83127e-05 -6.2214e-05 
0 0.000144259 0.000293404 0.00047916 0.000694395 0.000959246 0.00130211 0.00170758 0.00221762 0.00283301 0.00355204 0.00441665 0.00538928 0.00648781 0.0076898 0.00892672 0.0101745 0.0113208 0.0122833 0.0129825 0.0133187 0.0132489 0.01275 0.01181 0.0104721 0.00881998 0.00692118 0.00496373 0.00308221 0.00142387 0.000160414 -0.000695669 -0.00106935 -0.000997748 -0.000519734 0.000314373 0.00139964 0.00265078 0.00393048 0.00520736 0.00640532 0.00752566 0.00855074 0.00946704 0.0102739 0.0110035 0.0117096 0.0123372 0.0129574 0.0135175 0.0140469 0.0145893 0.0151325 0.0156283 0.0160962 0.0165753 0.0170249 0.0174956 0.0179218 0.0183367 0.0187262 0.0191285 0.0195143 0.0198821 0.0202134 0.0205496 0.0209002 0.0211963 0.0214888 0.0217798 0.0220701 0.0223128 0.0225746 0.0228087 0.0230514 0.0232612 0.0234688 0.0236643 0.0238724 0.0240358 0.0241988 0.0243749 0.0245307 0.0246548 0.0247943 0.0249362 0.0250391 0.0251451 0.0252547 0.0253524 0.0254224 0.0255102 0.0255787 0.0256421 0.0256882 0.0257468 0.025778 0.0258153 0.0258344 0.0258607 0.025861 0.0258724 0.0258625 0.0258565 0.0258286 0.0258144 0.0257733 0.0257337 0.0256832 0.0256398 0.0255617 0.0254943 0.0254244 0.0253384 0.0252277 0.0251414 0.025039 0.0249043 0.0247783 0.0246617 0.0245137 0.0243461 0.0242031 0.0240345 0.0238548 0.023658 0.0234746 0.0232649 0.0230593 0.0228102 0.0225906 0.022356 0.0220954 0.0218002 0.021551 0.0212771 0.0209648 0.0206402 0.0203272 0.0200246 0.0196825 0.0193194 0.0189502 0.0186147 0.0182357 0.0178711 0.0174755 0.0170786 0.0167033 0.0163398 0.0159442 0.0155604 0.0152252 0.0148865 0.0146088 0.0143548 0.0141789 0.0140938 0.0141281 0.0142553 0.0144665 0.0147723 0.0151174 0.0154675 0.0156986 0.0157348 0.0154431 0.0147968 0.0137394 0.0122291 0.0103375 0.00805933 0.00554941 0.00294875 0.000396287 -0.00193323 -0.00393854 -0.00554506 -0.0066987 -0.00738787 -0.00765572 -0.00751502 -0.00707161 -0.00640552 -0.00558326 -0.00473404 -0.00387592 -0.00308361 -0.00239028 -0.00177778 -0.00129155 -0.000893767 -0.000585575 -0.000369821 -0.00020526 -0.000106855 -5.16988e-05 -2.23307e-05 -3.2185e-05 -5.54415e-05 
0 0.000209206 0.000446452 0.000694395 0.00100997 0.00138205 0.00184028 0.00241422 0.00309644 0.00393838 0.00492619 0.006083 0.00741304 0.00888511 0.0104923 0.0121552 0.0138083 0.0153399 0.0166275 0.0175625 0.0180232 0.0179548 0.0173016 0.0160784 0.0143341 0.0121507 0.00968816 0.00711706 0.00465151 0.00249632 0.000809024 -0.00031569 -0.000825744 -0.000748392 -0.000129348 0.000966661 0.00238653 0.00401895 0.00571963 0.00737822 0.00897005 0.0104557 0.0118088 0.0130259 0.0141009 0.0150582 0.0159585 0.0168011 0.0175885 0.0183225 0.0190177 0.0197026 0.0203689 0.0210048 0.0216141 0.0222013 0.0227818 0.0233567 0.0238807 0.0243826 0.0248981 0.0253954 0.0258491 0.0262866 0.026715 0.0271404 0.0275434 0.0279056 0.0282623 0.0286277 0.0289635 0.029267 0.0295713 0.0298654 0.0301463 0.0304047 0.0306474 0.0308877 0.0311269 0.0313273 0.0315216 0.0317266 0.0319107 0.0320609 0.0322263 0.032386 0.0325154 0.0326361 0.0327672 0.0328757 0.0329681 0.0330615 0.0331488 0.0332167 0.0332799 0.0333384 0.0333851 0.033421 0.0334526 0.0334744 0.0334862 0.0334912 0.0334894 0.0334752 0.0334543 0.0334287 0.0333912 0.0333401 0.0332906 0.0332315 0.0331525 0.0330697 0.032993 0.0328889 0.0327708 0.0326639 0.0325468 0.0323925 0.0322481 0.0321075 0.0319364 0.0317455 0.0315707 0.0313776 0.031163 0.0309377 0.0307098 0.0304708 0.0302194 0.0299387 0.0296579 0.0293801 0.0290727 0.0287405 0.0284122 0.0280727 0.0277147 0.0273427 0.0269468 0.0265522 0.0261546 0.0257225 0.0252747 0.024844 0.0243944 0.0239212 0.02344 0.0229661 0.0225009 0.0220263 0.021536 0.0210646 0.0206255 0.0202284 0.0198781 0.0195631 0.0193426 0.0192573 0.0193054 0.0194907 0.0198009 0.0201928 0.0206551 0.0210968 0.0213813 0.0214015 0.0210105 0.0201291 0.0187034 0.0167013 0.0141489 0.0111353 0.00780164 0.00434377 0.000978272 -0.00212115 -0.00478573 -0.00692507 -0.00847383 -0.00941426 -0.00978139 -0.00962436 -0.0090605 -0.00818543 -0.0071359 -0.00601675 -0.0049046 -0.00388671 -0.00296763 -0.00219271 -0.00155203 -0.00103162 -0.000646951 -0.00034841 -0.000152518 -2.7386e-05 4.61373e-05 5.55822e-05 4.72871e-05 -5.25352e-06 
0 0.000291272 0.000611404 0.000959246 0.00138205 0.0018839 0.00248979 0.00323597 0.00412615 0.00520102 0.00646621 0.00793451 0.0096149 0.0114767 0.0134933 0.0155856 0.0176546 0.0195725 0.0211877 0.0223604 0.0229562 0.0228917 0.0221132 0.0206302 0.0185036 0.0158404 0.0128287 0.00968278 0.00666137 0.00401363 0.00192951 0.000539359 -0.00010783 -2.79023e-05 0.000718777 0.00203696 0.00376963 0.00575908 0.00784585 0.009897 0.0118613 0.0136897 0.0153553 0.0168474 0.0181674 0.0193496 0.0204404 0.0214581 0.0223983 0.0232735 0.0241004 0.024908 0.0256908 0.0264344 0.0271409 0.0278189 0.0284888 0.0291395 0.0297479 0.0303227 0.0308953 0.0314482 0.0319678 0.0324595 0.0329336 0.0333991 0.0338419 0.0342503 0.0346419 0.035034 0.0353987 0.0357372 0.036063 0.0363818 0.0366824 0.0369629 0.0372243 0.0374835 0.0377322 0.0379521 0.0381614 0.0383745 0.0385678 0.0387352 0.0389067 0.0390711 0.0392121 0.0393418 0.0394749 0.0395897 0.0396908 0.0397868 0.0398775 0.0399509 0.0400189 0.0400783 0.0401297 0.0401685 0.0402029 0.0402259 0.040242 0.040248 0.0402481 0.0402354 0.040218 0.0401914 0.0401556 0.0401069 0.0400577 0.039996 0.0399202 0.0398381 0.0397563 0.0396518 0.0395364 0.0394239 0.0393 0.0391486 0.0389991 0.0388488 0.038673 0.0384806 0.0382925 0.0380917 0.0378671 0.0376326 0.0373911 0.0371401 0.0368677 0.0365764 0.0362788 0.0359778 0.0356447 0.0352931 0.0349392 0.0345736 0.0341806 0.0337691 0.0333444 0.0329142 0.0324688 0.0319879 0.031496 0.0310082 0.0305079 0.0299773 0.0294346 0.0288935 0.0283609 0.02782 0.0272678 0.0267318 0.0262292 0.0257777 0.0253764 0.0250396 0.024813 0.0247436 0.0248358 0.025089 0.0254873 0.0259898 0.026561 0.0270882 0.0274217 0.0274058 0.0268876 0.0257584 0.0239522 0.0214432 0.0182582 0.0145133 0.0103793 0.00609513 0.00191832 -0.00192803 -0.00524686 -0.00791558 -0.00985667 -0.0110529 -0.011537 -0.0113863 -0.0107257 -0.00968599 -0.00842588 -0.00706908 -0.00572505 -0.00447996 -0.00336453 -0.00242094 -0.00164126 -0.00102069 -0.000556126 -0.000210485 1.4499e-05 0.00015256 0.000221431 0.000223673 0.000194191 0.000119795 
0 0.000404001 0.000817934 0.00130211 0.00184028 0.00248979 0.0032715 0.00419704 0.0053273 0.00664982 0.0082097 0.0100166 0.012053 0.0143235 0.0167555 0.019278 0.0217669 0.024068 0.0260119 0.0274251 0.028168 0.0281143 0.0272361 0.0255165 0.0230318 0.0199388 0.016406 0.0127345 0.00919817 0.00607495 0.00361799 0.00195629 0.00115949 0.00122212 0.00207211 0.00357221 0.00558503 0.00789736 0.0103234 0.0127525 0.0150568 0.0172045 0.0191658 0.020912 0.0224541 0.0238412 0.0251041 0.0262555 0.02733 0.0283156 0.0292409 0.0301341 0.0310012 0.031813 0.032575 0.0333204 0.0340335 0.0347195 0.0353742 0.0359981 0.0365794 0.0371512 0.0377056 0.0382206 0.0387032 0.0391713 0.0396284 0.0400505 0.0404507 0.0408315 0.0412051 0.041547 0.0418735 0.0421847 0.0424854 0.0427604 0.0430233 0.0432754 0.0435127 0.0437328 0.0439398 0.0441405 0.0443238 0.0444963 0.044655 0.0448107 0.044947 0.0450778 0.045195 0.0453097 0.0454053 0.0454997 0.0455796 0.0456572 0.0457179 0.0457788 0.0458243 0.0458687 0.0458976 0.0459264 0.04594 0.0459536 0.0459513 0.0459486 0.0459319 0.0459145 0.04588 0.0458462 0.0457984 0.0457475 0.0456798 0.0456138 0.0455317 0.045444 0.0453418 0.0452397 0.0451194 0.0449917 0.0448519 0.044708 0.0445463 0.0443734 0.0441917 0.0440011 0.0437927 0.0435681 0.043341 0.0430974 0.0428342 0.0425524 0.0422733 0.041971 0.0416459 0.041298 0.040956 0.0405954 0.0401996 0.0397773 0.0393635 0.0389381 0.038469 0.0379813 0.0374859 0.0369816 0.0364539 0.0359159 0.0353494 0.034777 0.0342128 0.0336473 0.0330677 0.0324984 0.0319804 0.0314993 0.0310842 0.0307617 0.0305647 0.030531 0.0306989 0.0310426 0.0315359 0.0321737 0.032846 0.0334511 0.0338233 0.0337579 0.0330978 0.0317183 0.02953 0.0265057 0.0227116 0.0182418 0.0133342 0.00825836 0.00328599 -0.0012777 -0.00524049 -0.00843385 -0.0107695 -0.0122308 -0.0128514 -0.0127288 -0.0119931 -0.0108255 -0.00937237 -0.00781123 -0.00626278 -0.00480393 -0.00352817 -0.00242317 -0.00152586 -0.000825864 -0.000281447 8.52833e-05 0.000340389 0.000481926 0.000528177 0.000527528 0.000450971 0.000348949 
0 0.0005303 0.00109901 0.00170758 0.00241422 0.00323597 0.00419704 0.00535876 0.00671783 0.00832525 0.0102096 0.0123538 0.0147921 0.0174693 0.0203281 0.0232918 0.0261897 0.0288741 0.0311467 0.032803 0.0336913 0.0336834 0.0327035 0.0307788 0.0279831 0.0244594 0.0204872 0.0163151 0.0122963 0.00875604 0.00590891 0.00398207 0.00301596 0.00302544 0.00393009 0.00559163 0.00782386 0.0104 0.0131542 0.0158753 0.0184999 0.0209416 0.023158 0.0251351 0.0268889 0.0284413 0.0298161 0.0311055 0.0322501 0.0333202 0.0343231 0.0352591 0.0361357 0.0369827 0.0377869 0.0385295 0.0392671 0.0399429 0.0405933 0.0411944 0.0417994 0.0423593 0.042878 0.0433604 0.0438475 0.0443076 0.0447142 0.0451184 0.0454954 0.0458631 0.0461919 0.0465221 0.04681 0.0471091 0.0473684 0.0476267 0.0478592 0.0480922 0.0482909 0.0484961 0.0486811 0.0488505 0.0490102 0.0491674 0.0493053 0.0494293 0.0495579 0.0496664 0.0497691 0.0498596 0.0499543 0.050024 0.050101 0.0501594 0.0502234 0.0502647 0.0503168 0.0503461 0.050385 0.0504011 0.0504285 0.0504329 0.0504474 0.0504396 0.0504433 0.0504228 0.0504116 0.0503817 0.0503581 0.0503106 0.0502745 0.0502194 0.0501611 0.0500894 0.0500239 0.0499347 0.0498409 0.0497452 0.0496359 0.0495115 0.0493828 0.0492502 0.049089 0.0489345 0.0487575 0.0485767 0.0483684 0.0481702 0.0479336 0.0477077 0.0474416 0.0471771 0.0468924 0.0466078 0.0462683 0.0459326 0.0455941 0.0452277 0.0448285 0.0444081 0.0439939 0.0435456 0.0430825 0.0425828 0.0420985 0.0415582 0.0410227 0.0404857 0.0399328 0.0393586 0.0388022 0.0382604 0.0377355 0.0373054 0.0369163 0.0366402 0.0365046 0.0365642 0.0368191 0.0372866 0.0379338 0.0386833 0.0394846 0.0401596 0.0405501 0.0404299 0.0396371 0.0379946 0.0354235 0.0319193 0.0274901 0.022351 0.0166995 0.0108495 0.00515144 -0.0001228 -0.00470144 -0.00840545 -0.0111422 -0.0128801 -0.0136464 -0.0135774 -0.012802 -0.0115118 -0.00992442 -0.00817221 -0.00644509 -0.00482843 -0.00337736 -0.0021657 -0.00115653 -0.000373895 0.000200513 0.000617772 0.000863459 0.000996368 0.00103276 0.000976441 0.000879121 0.000720039 
0 0.000697998 0.00141062 0.00221762 0.00309644 0.00412615 0.0053273 0.00671783 0.00837385 0.0102803 0.0124986 0.0150242 0.0178463 0.0209554 0.0242496 0.0276485 0.0309698 0.034036 0.03663 0.0385286 0.0395743 0.0395935 0.0385565 0.0364459 0.0333546 0.0294877 0.0250668 0.020452 0.0159855 0.0120056 0.00880943 0.006595 0.00544164 0.0053695 0.00629341 0.00802734 0.0104254 0.013216 0.0161993 0.0192201 0.0221031 0.0247858 0.0272205 0.0293815 0.0312852 0.0329802 0.0344718 0.0358071 0.0370123 0.038109 0.0391242 0.0400628 0.0409545 0.0417815 0.0425497 0.0432826 0.0439723 0.0446057 0.0452286 0.045814 0.0463319 0.0468298 0.0473204 0.0477741 0.0481893 0.0485735 0.0489396 0.049303 0.0496295 0.0499198 0.0502076 0.0504857 0.0507323 0.0509668 0.0511839 0.0513884 0.0515868 0.0517652 0.0519192 0.0520838 0.0522349 0.0523566 0.0524777 0.0526073 0.0527072 0.0527969 0.0528949 0.0529826 0.0530498 0.0531217 0.0531905 0.0532467 0.0532971 0.0533485 0.0533919 0.0534303 0.0534652 0.0534966 0.0535237 0.0535474 0.0535664 0.053583 0.0535953 0.0536044 0.0536099 0.0536106 0.0536074 0.0536041 0.0535916 0.0535732 0.0535576 0.0535362 0.0534972 0.0534643 0.053432 0.0533778 0.0533155 0.0532688 0.0532003 0.0531118 0.0530328 0.0529512 0.0528386 0.0527261 0.052611 0.0524793 0.0523359 0.0521834 0.0520099 0.0518385 0.0516538 0.0514389 0.0512135 0.0509866 0.0507374 0.0504729 0.0501806 0.0498675 0.0495606 0.0492308 0.0488525 0.0484713 0.0480822 0.047654 0.0472169 0.046767 0.0462889 0.0457927 0.0452967 0.0447954 0.0443048 0.0438208 0.0433802 0.0429943 0.0426905 0.04253 0.0425227 0.0427054 0.0431154 0.0437363 0.0445245 0.0454576 0.0463753 0.0471356 0.0475561 0.0473715 0.0464193 0.0445225 0.0415794 0.037581 0.0326049 0.026805 0.0204665 0.0139181 0.00749717 0.0015796 -0.00359353 -0.00779228 -0.0109081 -0.0129205 -0.0138561 -0.0138602 -0.0130736 -0.0117268 -0.010009 -0.00812157 -0.00624144 -0.00445579 -0.00289071 -0.00154644 -0.00045936 0.000370031 0.000997409 0.00139639 0.00164793 0.00175421 0.0017382 0.001663 0.00149234 0.00129059 
0 0.000897988 0.00182476 0.00283301 0.00393838 0.00520102 0.00664982 0.00832525 0.0102803 0.0125272 0.015114 0.0180345 0.0212856 0.0248319 0.0285715 0.0324053 0.0361363 0.0395685 0.0424757 0.0446125 0.0458034 0.0458798 0.0447751 0.0425006 0.0391514 0.0349362 0.0301393 0.0251079 0.0202252 0.0158536 0.0122883 0.00976654 0.00838386 0.00816746 0.00903111 0.0107975 0.0132756 0.0162008 0.0193693 0.0225782 0.02567 0.0285514 0.0311582 0.0334695 0.0355061 0.0372863 0.0388244 0.0401948 0.0414005 0.0424943 0.0434959 0.0443916 0.0452096 0.0459779 0.046696 0.0473592 0.0479773 0.0485286 0.049063 0.0495611 0.0500207 0.0504422 0.0508327 0.0511944 0.0515465 0.0518612 0.0521362 0.0524184 0.0526742 0.0528981 0.0531062 0.0533154 0.0534929 0.0536649 0.0538106 0.0539556 0.0540936 0.0542131 0.0543052 0.054419 0.0545188 0.0545864 0.0546584 0.0547448 0.0548018 0.0548462 0.0549083 0.0549595 0.0549944 0.0550319 0.0550761 0.0551047 0.055135 0.0551628 0.0551931 0.055215 0.0552413 0.0552606 0.055287 0.0553054 0.0553274 0.0553444 0.0553681 0.0553832 0.0554038 0.0554174 0.055437 0.0554517 0.0554659 0.0554726 0.0554913 0.0554995 0.0554975 0.0555028 0.0555154 0.055501 0.0554862 0.0554914 0.0554752 0.0554372 0.0554167 0.0553989 0.055344 0.0552947 0.0552482 0.0551895 0.0551094 0.0550324 0.0549379 0.0548498 0.0547322 0.0545995 0.0544697 0.0543393 0.0541587 0.0539756 0.0537976 0.0535958 0.0533676 0.0531169 0.0528562 0.05259 0.0523039 0.0519704 0.051638 0.0512852 0.0509238 0.0505485 0.050152 0.0497457 0.0493689 0.0490065 0.0486769 0.0484299 0.0482669 0.0482556 0.0484179 0.0487836 0.0493784 0.0502035 0.0512047 0.0523096 0.0533767 0.0542242 0.0546608 0.0544303 0.0533428 0.0512048 0.0479153 0.0434728 0.0379519 0.0315641 0.0245928 0.0173914 0.0103439 0.00381394 -0.00190368 -0.00656822 -0.0100629 -0.0123472 -0.0134593 -0.0135503 -0.0127758 -0.0113759 -0.00957249 -0.0075668 -0.00556059 -0.0036621 -0.00198014 -0.00055552 0.000598809 0.00147562 0.00211292 0.00252263 0.00274872 0.00282081 0.00276461 0.00261941 0.00239306 0.00211398 
0 0.00112971 0.00230278 0.00355204 0.00492619 0.00646621 0.0082097 0.0102096 0.0124986 0.015114 0.0180891 0.0214234 0.0251119 0.0291001 0.0332905 0.0375549 0.0416919 0.0454816 0.0486848 0.0510472 0.0523693 0.0524938 0.0513287 0.0489024 0.0453181 0.0407871 0.0356362 0.0302112 0.0249248 0.0201578 0.0162179 0.0133656 0.0117169 0.0113041 0.0120369 0.0137477 0.0162153 0.0191906 0.0224612 0.0257963 0.0290359 0.0320516 0.0347713 0.0371762 0.0392897 0.0411181 0.0426759 0.0440334 0.0451988 0.0462402 0.0471749 0.0479951 0.0487218 0.0493946 0.0500157 0.0505732 0.0510813 0.0515271 0.051957 0.0523474 0.0526992 0.0530078 0.053293 0.0535584 0.0538086 0.0540172 0.0541934 0.0543838 0.0545483 0.0546812 0.0547967 0.0549222 0.0550208 0.0551113 0.0551766 0.0552494 0.0553171 0.0553656 0.0553921 0.0554423 0.0554823 0.055492 0.0555097 0.0555424 0.0555531 0.0555505 0.0555691 0.0555797 0.0555804 0.0555814 0.0555952 0.0555963 0.0556033 0.0556069 0.0556205 0.055627 0.0556417 0.0556501 0.0556729 0.055688 0.0557109 0.0557305 0.0557637 0.0557876 0.0558218 0.0558518 0.0558936 0.0559287 0.0559702 0.056007 0.0560594 0.0561003 0.0561401 0.0561876 0.056245 0.0562776 0.0563174 0.0563756 0.0564176 0.0564401 0.0564844 0.0565335 0.0565498 0.0565713 0.0566021 0.0566262 0.0566265 0.0566324 0.0566296 0.0566364 0.0566116 0.0565765 0.0565472 0.0565248 0.0564552 0.05638 0.0563129 0.056233 0.0561269 0.0559979 0.0558662 0.0557272 0.0555712 0.0553732 0.0551788 0.0549661 0.0547481 0.0545123 0.0542564 0.0540032 0.0537872 0.0535933 0.0534271 0.0533559 0.0533904 0.0535954 0.0539924 0.0546008 0.0554359 0.0565027 0.0577474 0.0590596 0.0602997 0.0612565 0.0617231 0.0614526 0.0602309 0.0578659 0.0542568 0.049412 0.0434153 0.0365102 0.0289854 0.0212122 0.0136063 0.00653127 0.000327388 -0.00475937 -0.00859667 -0.0111345 -0.012425 -0.0126138 -0.0118794 -0.0104587 -0.00859733 -0.00650363 -0.00438865 -0.00239057 -0.000605754 0.000893251 0.00210215 0.00301291 0.00364657 0.00404596 0.00423067 0.00425161 0.0041405 0.00391906 0.00362804 0.00326848 
0 0.001417 0.00286334 0.00441665 0.006083 0.00793451 0.0100166 0.0123538 0.0150242 0.0180345 0.0214234 0.025205 0.0293344 0.0337759 0.0384136 0.0430915 0.0476134 0.0517385 0.0552053 0.0577683 0.0592113 0.0593516 0.0581362 0.055554 0.0517317 0.046927 0.0414184 0.0356343 0.0299647 0.0247892 0.0204736 0.0172485 0.0152774 0.0145926 0.015123 0.0166725 0.0190452 0.0219889 0.0252476 0.0286489 0.0319539 0.0350402 0.0378263 0.0402881 0.0424234 0.0442597 0.0458167 0.0470984 0.0482087 0.0491616 0.0499898 0.0506924 0.0513115 0.05185 0.0523314 0.052776 0.0531384 0.053456 0.0537495 0.0540355 0.054242 0.0544227 0.0545923 0.0547589 0.0548815 0.0549685 0.0550527 0.0551361 0.055204 0.0552283 0.055262 0.0552854 0.0553117 0.0553021 0.0552984 0.0552848 0.055286 0.0552528 0.0552224 0.0551983 0.0551784 0.0551302 0.0550935 0.055068 0.0550306 0.0549863 0.0549539 0.054928 0.0548892 0.054861 0.0548347 0.0548173 0.0547918 0.0547811 0.0547673 0.0547688 0.0547613 0.0547707 0.0547778 0.0548008 0.054814 0.0548475 0.0548779 0.0549225 0.0549595 0.0550166 0.0550697 0.0551358 0.0551948 0.055272 0.0553482 0.0554304 0.0555065 0.0556027 0.0556974 0.0557848 0.0558784 0.0559891 0.0560896 0.0561774 0.0562889 0.0563991 0.0564981 0.0565873 0.0567034 0.056802 0.0569012 0.0569826 0.0570862 0.0571751 0.0572664 0.0573296 0.0574112 0.0574853 0.0575538 0.0576008 0.0576442 0.0576912 0.0577298 0.0577499 0.0577411 0.0577584 0.0577525 0.0577224 0.0576681 0.0576438 0.0575933 0.0575215 0.057449 0.0573942 0.0573691 0.0573759 0.0574478 0.05758 0.0578746 0.0583507 0.0590289 0.0599212 0.0610572 0.06241 0.0639179 0.0654912 0.0669034 0.0679879 0.0685034 0.0682039 0.0668689 0.0643148 0.0604332 0.0552263 0.0488475 0.0414856 0.0334993 0.0252622 0.017165 0.00964734 0.0030201 -0.00243934 -0.00657278 -0.00934528 -0.0108039 -0.0110855 -0.010394 -0.00897199 -0.00705105 -0.00489472 -0.00268752 -0.00059031 0.0012599 0.00283984 0.00408415 0.00501108 0.0056582 0.00601745 0.00617557 0.0061397 0.00595034 0.00566966 0.00527698 0.00483599 
0 0.00173315 0.00352613 0.00538928 0.00741304 0.0096149 0.012053 0.0147921 0.0178463 0.0212856 0.0251119 0.0293344 0.0339282 0.0388145 0.0438871 0.0489596 0.0538398 0.0582533 0.0619555 0.0646848 0.0661941 0.0663616 0.0650467 0.0623081 0.0582717 0.0531523 0.0473419 0.0411893 0.035134 0.0295748 0.0248432 0.0212135 0.0188653 0.0178385 0.0180536 0.0193851 0.0215522 0.0243564 0.0275555 0.0308932 0.0342024 0.0373016 0.0401029 0.0425662 0.0447133 0.0465143 0.0480026 0.0492262 0.0502282 0.0510726 0.0517791 0.052361 0.052807 0.0532026 0.0535539 0.0538396 0.0540619 0.0542462 0.0543911 0.0545084 0.0546191 0.0546821 0.0547132 0.0547324 0.0547566 0.0547496 0.05472 0.0546817 0.0546497 0.0545993 0.0545293 0.0544641 0.054399 0.0543198 0.0542297 0.0541512 0.0540669 0.0539761 0.0538798 0.0537954 0.053707 0.053616 0.0535238 0.0534446 0.0533627 0.0532805 0.0532038 0.0531383 0.0530713 0.0530086 0.0529555 0.0529103 0.0528673 0.0528321 0.0528071 0.0527891 0.052777 0.0527736 0.0527808 0.0527953 0.052817 0.0528478 0.0528899 0.0529389 0.0529944 0.0530608 0.0531379 0.0532196 0.0533078 0.0534094 0.053518 0.0536287 0.0537477 0.053881 0.0540143 0.0541505 0.0542968 0.0544544 0.0546063 0.0547643 0.0549302 0.0551052 0.0552711 0.0554426 0.0556224 0.0558096 0.0559807 0.0561586 0.0563513 0.056541 0.0567099 0.0568892 0.0570885 0.0572757 0.0574404 0.0576049 0.0578026 0.0579898 0.0581431 0.058285 0.0584658 0.0586341 0.0587809 0.0589165 0.059049 0.0591839 0.0593335 0.0594772 0.0595945 0.0597499 0.0599513 0.0602086 0.0605166 0.0609468 0.0615311 0.0623074 0.0633158 0.064548 0.0660125 0.0676936 0.0695305 0.0713355 0.0729701 0.074188 0.0747487 0.0744541 0.0730313 0.0703149 0.0662072 0.0607272 0.0540012 0.0463099 0.0379569 0.0293359 0.0208974 0.012995 0.0060441 0.000288223 -0.00410663 -0.00706164 -0.00866505 -0.00902663 -0.00837324 -0.00693593 -0.00498079 -0.00275187 -0.000457453 0.00171095 0.00366414 0.00529225 0.00658876 0.00755049 0.00817272 0.00853689 0.00863531 0.00854153 0.00829858 0.00790834 0.00745311 0.0069049 
0 0.00209693 0.00424442 0.00648781 0.00888511 0.0114767 0.0143235 0.0174693 0.0209554 0.0248319 0.0291001 0.0337759 0.0388145 0.0441294 0.0496097 0.0550472 0.060239 0.0649158 0.0687953 0.0716388 0.073193 0.0733066 0.0718968 0.0689769 0.0647001 0.0593168 0.0531694 0.0466691 0.040231 0.0342507 0.0290942 0.0250291 0.0222512 0.0208136 0.0206639 0.0216426 0.0235255 0.026107 0.0291191 0.032358 0.0355971 0.0386447 0.0414099 0.0438467 0.0459343 0.0476867 0.049126 0.0502407 0.0511424 0.0518567 0.0524125 0.0528446 0.0531704 0.0534136 0.0535989 0.0537399 0.0538099 0.0538552 0.0538663 0.0538746 0.0538308 0.0537546 0.0536815 0.053616 0.0535099 0.0533813 0.0532665 0.0531394 0.053015 0.0528666 0.0527218 0.0525729 0.0524409 0.052277 0.0521306 0.0519807 0.0518364 0.0516814 0.0515435 0.0513952 0.0512574 0.0511244 0.0509921 0.0508629 0.0507464 0.0506338 0.0505198 0.0504242 0.0503303 0.050246 0.0501655 0.0501045 0.0500396 0.0499955 0.0499523 0.0499278 0.0499029 0.0499019 0.0498971 0.0499159 0.0499354 0.0499756 0.0500146 0.0500795 0.0501409 0.0502242 0.0503104 0.0504161 0.0505194 0.0506482 0.0507763 0.050918 0.0510671 0.0512346 0.0513974 0.051577 0.0517679 0.0519617 0.0521618 0.0523753 0.0525945 0.0528143 0.0530523 0.0532828 0.0535288 0.053779 0.0540385 0.0542824 0.0545596 0.0548265 0.0551028 0.0553722 0.0556586 0.055939 0.056244 0.0565285 0.0568115 0.0571187 0.0574307 0.0577279 0.0580241 0.0583415 0.0586483 0.0589633 0.0592642 0.0595991 0.0599293 0.0602554 0.060601 0.0610001 0.0614406 0.0619534 0.0625579 0.0632649 0.0641851 0.065323 0.0666921 0.0682977 0.0701377 0.0721643 0.0743132 0.0764155 0.0782544 0.0796248 0.0802639 0.0799573 0.0784646 0.0756203 0.0713356 0.0656373 0.0586939 0.0507451 0.04214 0.0332712 0.0245541 0.0164119 0.00921894 0.00324514 -0.0013161 -0.00441821 -0.00612069 -0.00653969 -0.00591176 -0.00445973 -0.00244802 -0.000145776 0.00224731 0.0045248 0.00656475 0.00828695 0.00963878 0.0106314 0.0112761 0.0116096 0.0116838 0.0115364 0.0112169 0.010767 0.0102108 0.00957934 
0 0.0024966 0.0050459 0.0076898 0.0104923 0.0134933 0.0167555 0.0203281 0.0242496 0.0285715 0.0332905 0.0384136 0.0438871 0.0496097 0.0554582 0.061214 0.0666624 0.0715264 0.0755283 0.0784251 0.0799632 0.0800014 0.078447 0.0753279 0.0708064 0.0651316 0.05867 0.0518236 0.0450076 0.0386219 0.0330216 0.0284846 0.0252231 0.0233034 0.0226912 0.0232553 0.0247689 0.0270394 0.0298052 0.032845 0.035942 0.0388944 0.041596 0.0439807 0.0460182 0.0477018 0.0490527 0.0500764 0.0508706 0.0514632 0.0518885 0.0521849 0.0523554 0.0524514 0.0524987 0.0524989 0.0524402 0.052363 0.0522393 0.052112 0.0519715 0.0518059 0.051627 0.0514438 0.0512496 0.0510543 0.0508631 0.0506435 0.0504424 0.0502379 0.0500313 0.0498172 0.0496208 0.0494065 0.0492122 0.0490142 0.0488134 0.0486204 0.048446 0.0482556 0.0480746 0.0479162 0.0477518 0.0475887 0.0474442 0.0473116 0.0471718 0.0470538 0.0469412 0.0468415 0.0467452 0.0466694 0.0465926 0.0465409 0.0464892 0.046455 0.0464275 0.0464254 0.0464163 0.0464333 0.0464588 0.0465012 0.046542 0.0466147 0.046687 0.046777 0.0468738 0.0469947 0.0471134 0.0472574 0.0474034 0.0475673 0.0477399 0.0479307 0.0481174 0.0483307 0.0485532 0.0487761 0.0490107 0.0492716 0.0495264 0.0497852 0.0500725 0.0503592 0.0506485 0.0509526 0.0512712 0.051582 0.0519213 0.0522523 0.052595 0.0529506 0.0533236 0.0536794 0.0540638 0.0544504 0.0548503 0.0552614 0.055672 0.0560857 0.0565289 0.0569835 0.0574294 0.0578989 0.0583652 0.0588664 0.05939 0.0599276 0.0604843 0.0611097 0.0617955 0.0625795 0.0634832 0.0645253 0.0657901 0.0672867 0.0690345 0.0710304 0.0732587 0.0756572 0.0781396 0.0805096 0.0825597 0.0840685 0.0847769 0.0844846 0.0829487 0.0800146 0.0756089 0.0697681 0.0626703 0.0545773 0.045828 0.036819 0.027967 0.0196801 0.0123503 0.00624842 0.00157541 -0.00160664 -0.00335918 -0.00379365 -0.00314478 -0.00164066 0.000450674 0.00285862 0.00536989 0.00777072 0.0099325 0.0117596 0.0132005 0.0142586 0.014942 0.0152935 0.015358 0.0151815 0.0148151 0.0142993 0.0136692 0.0129513 
0 0.00290439 0.00587112 0.00892672 0.0121552 0.0155856 0.019278 0.0232918 0.0276485 0.0324053 0.0375549 0.0430915 0.0489596 0.0550472 0.061214 0.0672346 0.0728851 0.0778732 0.0819387 0.0848238 0.0862799 0.0861946 0.084448 0.0811077 0.076336 0.0703658 0.0636029 0.0564104 0.0492151 0.0424197 0.0363633 0.0313421 0.0275702 0.0251334 0.023996 0.0240763 0.0251415 0.0270177 0.029475 0.0322541 0.0351647 0.0379819 0.0405888 0.0428901 0.0448659 0.046485 0.047758 0.0487217 0.0494183 0.0499028 0.0502067 0.050394 0.0504452 0.0504305 0.0503623 0.0502331 0.0500704 0.0498947 0.049686 0.0494499 0.0492277 0.0489801 0.0487339 0.0484713 0.0482127 0.0479582 0.0477082 0.0474352 0.047178 0.0469341 0.0466784 0.0464298 0.0461824 0.0459426 0.0457102 0.0454877 0.0452447 0.0450351 0.0448329 0.0446223 0.0444118 0.0442415 0.0440582 0.0438784 0.0437168 0.0435739 0.0434241 0.0432925 0.043172 0.0430639 0.0429652 0.0428775 0.0428002 0.0427431 0.0426932 0.0426489 0.0426278 0.0426221 0.0426166 0.0426277 0.0426647 0.0427036 0.0427506 0.0428233 0.042909 0.0429968 0.0431042 0.0432307 0.0433633 0.0435097 0.0436706 0.0438457 0.0440337 0.0442345 0.0444391 0.0446721 0.0449124 0.045154 0.0454105 0.0457024 0.045977 0.0462656 0.0465807 0.0469104 0.047223 0.0475706 0.0479249 0.0482889 0.0486612 0.0490497 0.0494397 0.0498579 0.0502821 0.0507066 0.0511582 0.0516207 0.0520975 0.0525856 0.0530922 0.0536044 0.0541601 0.0547077 0.0552767 0.0558794 0.0565023 0.057139 0.0578231 0.0585431 0.059297 0.0601434 0.0610688 0.062117 0.0633001 0.0646806 0.0662875 0.0681574 0.0702993 0.0726927 0.0753052 0.0780637 0.0808676 0.0834873 0.0857494 0.0873856 0.0881558 0.0878699 0.0862879 0.0832836 0.0787987 0.0728906 0.0657225 0.057592 0.0488057 0.039762 0.0308947 0.0225688 0.0152136 0.00908759 0.00438756 0.00120238 -0.000543402 -0.000951286 -0.000245007 0.00134381 0.00354533 0.00609901 0.00877073 0.0113411 0.0136815 0.0156601 0.0172426 0.0184135 0.0191703 0.0195848 0.0196685 0.0194966 0.0191206 0.0185614 0.0178951 0.0171137 
0 0.00332289 0.0066932 0.0101745 0.0138083 0.0176546 0.0217669 0.0261897 0.0309698 0.0361363 0.0416919 0.0476134 0.0538398 0.060239 0.0666624 0.0728851 0.0786447 0.0837039 0.0877466 0.0905461 0.0918914 0.0915971 0.0896549 0.0860669 0.0810154 0.07479 0.0677074 0.0601998 0.0526507 0.0454511 0.0389476 0.0334416 0.0291324 0.0261268 0.0244492 0.0239579 0.0245383 0.0259782 0.0280454 0.0305374 0.0332133 0.0358714 0.0383647 0.0406151 0.0425161 0.0440906 0.0453298 0.0462342 0.0468802 0.0472952 0.0475223 0.0476021 0.0476011 0.0474992 0.0473352 0.0471281 0.0468995 0.0466478 0.0463725 0.0461016 0.0458046 0.0455077 0.0452183 0.04494 0.0446274 0.0443366 0.0440585 0.0437744 0.043485 0.0432102 0.0429444 0.042677 0.0424136 0.0421504 0.0419171 0.0416715 0.041426 0.0411966 0.040997 0.0407692 0.0405606 0.0403745 0.0401977 0.040007 0.0398467 0.0396963 0.0395535 0.039415 0.0392962 0.0391879 0.0390935 0.0390028 0.0389283 0.0388744 0.0388261 0.0387824 0.0387644 0.0387627 0.0387573 0.0387712 0.0388112 0.0388537 0.0389005 0.038977 0.0390665 0.0391561 0.0392648 0.0393961 0.0395337 0.0396797 0.0398467 0.0400269 0.0402216 0.0404215 0.0406399 0.0408761 0.0411274 0.041371 0.0416482 0.0419421 0.0422366 0.0425295 0.0428713 0.0432081 0.0435467 0.0439017 0.0442927 0.0446729 0.0450684 0.0454775 0.045915 0.0463606 0.0468044 0.047269 0.0477755 0.0482909 0.0487881 0.049334 0.0499122 0.0505068 0.0511004 0.0517386 0.0524007 0.0531007 0.0538282 0.0545973 0.0554051 0.0562622 0.0572158 0.0582452 0.0593839 0.0606693 0.0621492 0.0638219 0.0657731 0.0680074 0.0705059 0.0732844 0.0762647 0.0793599 0.0824304 0.0853006 0.0877051 0.0894413 0.0902685 0.0899511 0.0883443 0.0852911 0.0807678 0.0748416 0.067702 0.0595995 0.0508833 0.0419348 0.0331249 0.0249077 0.0176075 0.0115389 0.00691221 0.00376388 0.00210184 0.00177454 0.00258893 0.00431997 0.00668753 0.00943582 0.0123184 0.0151213 0.0176748 0.0198799 0.0216572 0.0229948 0.0239153 0.024428 0.0246137 0.0245029 0.0241497 0.0236258 0.0229329 0.0221382 
0 0.00370328 0.00745921 0.0113208 0.0153399 0.0195725 0.024068 0.0288741 0.034036 0.0395685 0.0454816 0.0517385 0.0582533 0.0649158 0.0715264 0.0778732 0.0837039 0.0887268 0.0926987 0.0953546 0.0964972 0.0960016 0.0937952 0.0899559 0.0846493 0.0781406 0.0707928 0.0629849 0.0551056 0.0475383 0.0406207 0.0346298 0.0297947 0.0262292 0.0239423 0.0228965 0.0229396 0.0238928 0.0255709 0.0277218 0.0301348 0.0326258 0.035022 0.0371971 0.0390925 0.0406488 0.0418589 0.0427782 0.0434106 0.043801 0.0440014 0.0440648 0.044005 0.0438672 0.0436736 0.0434248 0.0431634 0.0428934 0.0426015 0.0422699 0.0419688 0.0416844 0.0413876 0.0410584 0.0407507 0.0404748 0.0401946 0.0398952 0.039598 0.0393362 0.0390724 0.0388082 0.0385318 0.0382879 0.0380496 0.0378158 0.0375655 0.0373523 0.0371463 0.0369378 0.0367278 0.0365524 0.0363789 0.0362049 0.0360445 0.035905 0.0357717 0.0356417 0.0355288 0.03543 0.0353448 0.0352585 0.0351945 0.0351442 0.0351051 0.035064 0.0350554 0.0350526 0.0350573 0.0350699 0.0351164 0.0351565 0.0352109 0.0352822 0.0353768 0.035463 0.035574 0.0357005 0.035841 0.0359812 0.0361475 0.0363268 0.0365177 0.0367134 0.0369316 0.0371683 0.0374096 0.0376581 0.0379316 0.0382275 0.0385136 0.0388188 0.03915 0.0394992 0.039833 0.0401986 0.0405819 0.0409858 0.0413786 0.0417989 0.0422351 0.0427033 0.0431666 0.0436439 0.0441446 0.0446846 0.0452388 0.0457937 0.0463791 0.0470093 0.0476754 0.0483398 0.0490535 0.0498165 0.0506223 0.0514557 0.0523697 0.0533617 0.054432 0.0556145 0.0569394 0.0584391 0.0601546 0.0621399 0.0643819 0.0669251 0.0697779 0.0728895 0.0761936 0.0795864 0.082892 0.0859123 0.0884454 0.0902257 0.0910456 0.0907118 0.0890424 0.0859512 0.0814204 0.0755258 0.0684571 0.0604853 0.0519232 0.0431422 0.0345378 0.0264812 0.0193515 0.0134383 0.00892603 0.00592255 0.00438334 0.00419648 0.0051837 0.00709432 0.00968411 0.0126826 0.015835 0.0189292 0.0217845 0.0242748 0.0263339 0.0279284 0.029065 0.029787 0.0301272 0.0301516 0.029914 0.0294524 0.0288298 0.0280585 
0 0.0040228 0.00809851 0.0122833 0.0166275 0.0211877 0.0260119 0.0311467 0.03663 0.0424757 0.0486848 0.0552053 0.0619555 0.0687953 0.0755283 0.0819387 0.0877466 0.0926987 0.0965241 0.098981 0.099902 0.0991313 0.0966683 0.0925686 0.0870045 0.0802725 0.0726792 0.0646195 0.0564597 0.0485612 0.0412594 0.0348375 0.0295022 0.0253858 0.0225365 0.0208968 0.0203976 0.0208579 0.0221044 0.0239191 0.0260795 0.0284056 0.0307022 0.0328535 0.0347373 0.0363195 0.0375869 0.0385598 0.0392393 0.0396682 0.0398911 0.0399515 0.039936 0.0398199 0.0396262 0.0393805 0.0391304 0.0388605 0.0385894 0.0382976 0.0379953 0.0377085 0.0374254 0.0371481 0.0368558 0.0365785 0.0363062 0.0360504 0.0357712 0.0355157 0.0352691 0.0350262 0.0347713 0.0345419 0.0343209 0.0340992 0.033879 0.0336745 0.0334869 0.0332952 0.0331118 0.0329407 0.0327923 0.0326333 0.0324924 0.032362 0.0322521 0.0321317 0.0320374 0.0319489 0.0318791 0.0318023 0.0317546 0.031709 0.0316813 0.0316502 0.0316494 0.0316474 0.0316629 0.0316795 0.031726 0.0317673 0.0318285 0.0318947 0.0319879 0.0320735 0.0321834 0.0323004 0.0324403 0.0325723 0.0327339 0.0329028 0.0330896 0.0332709 0.0334874 0.0337088 0.0339421 0.0341782 0.0344504 0.0347232 0.0350064 0.0353016 0.0356256 0.0359545 0.0362903 0.0366431 0.0370217 0.0374122 0.0377968 0.0382139 0.0386564 0.0391072 0.0395489 0.040042 0.0405552 0.0410839 0.0416077 0.0421785 0.0427895 0.0434329 0.044074 0.0447568 0.0455026 0.0462931 0.0471371 0.0480211 0.0489758 0.0500312 0.0512254 0.0525217 0.0539892 0.0556615 0.0575872 0.0598002 0.0623159 0.0651487 0.0682845 0.0716895 0.0752511 0.0788585 0.0823163 0.0854522 0.0880214 0.0897947 0.09057 0.0901383 0.0883953 0.0852539 0.080725 0.0749019 0.0679708 0.0601752 0.0518434 0.0433214 0.03497 0.0271944 0.0203046 0.0146178 0.0103205 0.00749165 0.00614474 0.00614526 0.00733953 0.00949441 0.0123535 0.0156631 0.019156 0.0226142 0.0258443 0.0287123 0.0311344 0.0330722 0.03453 0.0355348 0.0361345 0.0363818 0.0363322 0.0360363 0.0355376 0.0348686 
0 0.00425527 0.00856385 0.0129825 0.0175625 0.0223604 0.0274251 0.032803 0.0385286 0.0446125 0.0510472 0.0577683 0.0646848 0.0716388 0.0784251 0.0848238 0.0905461 0.0953546 0.098981 0.101196 0.101856 0.10081 0.098088 0.0937469 0.0879622 0.0810388 0.0732558 0.0650069 0.0566346 0.0484816 0.0408729 0.0340729 0.0282881 0.0236559 0.0202555 0.0180552 0.0170291 0.0170114 0.0178435 0.0193231 0.0212268 0.0234005 0.0256286 0.0277893 0.0297294 0.0313901 0.0327523 0.0338257 0.034612 0.0351388 0.0354568 0.0355887 0.0356374 0.035571 0.0354286 0.0352396 0.0350383 0.0348174 0.034584 0.0343276 0.0340655 0.0338413 0.0335951 0.0333461 0.0330884 0.0328573 0.0326241 0.0324002 0.0321492 0.0319253 0.0317175 0.0314992 0.0312764 0.0310746 0.0308819 0.0306831 0.0305008 0.0303154 0.0301516 0.0299874 0.0298351 0.0296791 0.0295566 0.0294219 0.0293035 0.0291913 0.0291026 0.0290008 0.0289267 0.0288542 0.0287969 0.0287387 0.0287062 0.0286685 0.0286505 0.0286369 0.02864 0.0286416 0.0286672 0.0286925 0.0287332 0.0287793 0.0288458 0.0289087 0.0289941 0.0290838 0.0291887 0.0292956 0.0294292 0.0295575 0.0297068 0.0298644 0.0300416 0.0302107 0.0304152 0.0306206 0.0308391 0.0310618 0.0313216 0.0315696 0.0318407 0.0321217 0.0324274 0.0327311 0.0330595 0.0333897 0.03375 0.0341228 0.034495 0.0348847 0.0353122 0.0357477 0.0361754 0.0366443 0.0371305 0.0376475 0.0381663 0.0387151 0.0392902 0.0399255 0.0405593 0.0412373 0.0419706 0.0427557 0.0435964 0.0445012 0.0454895 0.0465912 0.0478449 0.0492125 0.05079 0.0526037 0.0547104 0.0571224 0.0598529 0.0629017 0.0662641 0.0698886 0.0736389 0.0773886 0.0809132 0.0840587 0.0865757 0.0882571 0.0889134 0.088352 0.0865002 0.0832944 0.0787703 0.0730267 0.0662591 0.0586894 0.050644 0.0424457 0.0344262 0.0269857 0.0203998 0.0149911 0.0109473 0.00834992 0.00723616 0.00747563 0.00893187 0.0113796 0.014566 0.0182416 0.0221354 0.0260241 0.0297039 0.0330318 0.0359092 0.038289 0.0401672 0.0415607 0.0425189 0.0430876 0.0433228 0.0432775 0.0429893 0.0424963 
