0 0 0 0 0 0 0 0 0 0 0 0 0 0 0 0 0 0 0 0 0 0 0 0 0 0 0 0 0 0 0 0 0 0 0 0 0 0 0 0 0 0 0 0 0 0 0 0 0 0 0 0 0 0 0 0 0 0 0 0 0 0 0 0 0 0 0 0 0 0 0 0 0 0 0 0 0 0 0 0 0 0 0 0 0 0 0 0 0 0 0 0 0 0 0 0 0 0 0 0 0 0 0 0 0 0 0 0 0 0 0 0 0 0 0 0 0 0 0 0 0 0 0 0 0 0 0 0 0 0 0 0 0 0 0 0 0 0 0 0 0 0 0 0 0 0 0 0 0 0 0 0 0 0 0 0 0 0 0 0 0 0 0 0 0 0 0 0 0 0 0 0 0 0 0 0 0 0 0 0 0 0 0 0 0 0 0 0 0 0 0 0 0 0 0 0 0 0 0 0 
0 -0.00265371 -0.00520825 -0.00756317 -0.00967241 -0.0114824 -0.0129903 -0.0142011 -0.0151286 -0.015819 -0.0163082 -0.016656 -0.0169046 -0.0170884 -0.0172231 -0.017319 -0.0173824 -0.0174132 -0.0174192 -0.017375 -0.0172849 -0.0171354 -0.0169283 -0.0166783 -0.0163627 -0.0159947 -0.0155669 -0.015091 -0.0145798 -0.014029 -0.0134404 -0.0128244 -0.0121988 -0.011561 -0.0109304 -0.0102911 -0.00966218 -0.00906433 -0.00847351 -0.0079112 -0.00737217 -0.00686033 -0.0063944 -0.00595549 -0.00553698 -0.00516369 -0.00482053 -0.00449871 -0.00421249 -0.00394533 -0.00371183 -0.00350636 -0.00330782 -0.00313068 -0.0029794 -0.0028408 -0.00271016 -0.00260059 -0.00250685 -0.0024164 -0.00232865 -0.00225831 -0.00219459 -0.00213337 -0.00208467 -0.00203192 -0.00198354 -0.00194298 -0.00190143 -0.00186204 -0.00183795 -0.00180009 -0.00176003 -0.00173467 -0.00171335 -0.00168546 -0.00165794 -0.00163154 -0.00161137 -0.00159654 -0.00157332 -0.00155297 -0.00153635 -0.00152383 -0.00150831 -0.00149459 -0.00147796 -0.00147264 -0.00146041 -0.00144767 -0.00144001 -0.00143738 -0.0014221 -0.00141955 -0.00141682 -0.00140861 -0.00140164 -0.00140695 -0.0013978 -0.00139508 -0.00139845 -0.00139795 -0.001391 -0.00140023 -0.00139979 -0.00139836 -0.00140378 -0.00141218 -0.00140843 -0.00141836 -0.00142646 -0.001431 -0.00143609 -0.0014506 -0.0014573 -0.0014692 -0.00147864 -0.00149195 -0.00150727 -0.00152499 -0.00153585 -0.00155232 -0.0015725 -0.00159825 -0.00161842 -0.00162999 -0.00165583 -0.00169392 -0.00171581 -0.0017332 -0.00177066 -0.00180006 -0.00182775 -0.00186503 -0.00190214 -0.00193036 -0.00196608 -0.00200228 -0.00204358 -0.00208403 -0.00211909 -0.00215555 -0.00219438 -0.00223445 -0.00226871 -0.0023046 -0.00234587 -0.00237777 -0.0023968 -0.00243098 -0.00246193 -0.00247945 -0.00250496 -0.00252198 -0.00253873 -0.00255634 -0.00255867 -0.00256438 -0.00257921 -0.00257492 -0.00256342 -0.00255002 -0.00251955 -0.0024886 -0.00243201 -0.00235775 -0.00227753 -0.00217519 -0.00204984 -0.00189652 -0.00172349 -0.001529 -0.00131945 -0.00107833 -0.000817865 -0.000549311 -0.000265454 1.78353e-05 0.000316592 0.000613576 0.000899249 0.00117228 0.00143011 0.00168163 0.00192572 0.00216632 0.00240052 0.00265317 0.00292721 0.00324326 0.00360761 0.00400563 0.00445809 0.00493378 0.00544132 0.0059586 0.00645084 0.0069244 0.00733494 0.00769948 
0 -0.00520825 -0.0102097 -0.0148386 -0.0189604 -0.0225034 -0.0254488 -0.0277983 -0.0296049 -0.0309357 -0.0318804 -0.0325517 -0.0330319 -0.0333876 -0.0336583 -0.0338494 -0.0339811 -0.0340633 -0.034074 -0.0340214 -0.0338613 -0.0335913 -0.0332387 -0.0327596 -0.0321997 -0.0315091 -0.0306983 -0.0298194 -0.0288307 -0.0277946 -0.0266734 -0.0254942 -0.0242977 -0.0230776 -0.0218479 -0.0206098 -0.0193928 -0.0182012 -0.0170726 -0.015959 -0.0149041 -0.0139127 -0.0129792 -0.0121093 -0.0112816 -0.0105361 -0.0098421 -0.0092293 -0.00863736 -0.00810847 -0.00764198 -0.00720688 -0.0068062 -0.00645752 -0.00614978 -0.00585742 -0.00561372 -0.0053586 -0.00516194 -0.00498086 -0.00480717 -0.00464854 -0.00453152 -0.00439488 -0.00426603 -0.00417093 -0.00408092 -0.00399256 -0.00389411 -0.00382894 -0.00374928 -0.00367658 -0.00361204 -0.00357694 -0.00349008 -0.00343137 -0.00339487 -0.00336012 -0.00329139 -0.00325256 -0.00321624 -0.0031857 -0.00314259 -0.00310903 -0.00308268 -0.00305554 -0.00302391 -0.00300443 -0.00298508 -0.00295481 -0.00294465 -0.00293005 -0.00290789 -0.00289395 -0.00289536 -0.00287089 -0.00286566 -0.00286551 -0.00285719 -0.00284299 -0.00285752 -0.00284772 -0.0028443 -0.00285246 -0.00286103 -0.00285083 -0.00286963 -0.00287816 -0.00288128 -0.00289329 -0.00291554 -0.00291977 -0.00293959 -0.00296352 -0.00297824 -0.00299783 -0.00302885 -0.00305877 -0.00307823 -0.00310687 -0.00314605 -0.00319758 -0.00321368 -0.0032505 -0.00330728 -0.00336684 -0.00339099 -0.00345374 -0.00350435 -0.00356618 -0.00362166 -0.00369886 -0.00375248 -0.00381801 -0.00388442 -0.00397602 -0.00404598 -0.00410884 -0.00420136 -0.00427739 -0.00434319 -0.00442785 -0.00452752 -0.00458131 -0.00466327 -0.00472676 -0.00480055 -0.0048633 -0.00492203 -0.00497084 -0.00502955 -0.00506819 -0.00508512 -0.00512503 -0.00514903 -0.0051727 -0.00516487 -0.00517494 -0.00516114 -0.00514207 -0.00510059 -0.00503451 -0.00497792 -0.00488239 -0.00475278 -0.00458679 -0.00440138 -0.00416737 -0.00390844 -0.00358072 -0.00321959 -0.00284218 -0.00239216 -0.00192679 -0.0013961 -0.000848991 -0.000301445 0.000279756 0.000853937 0.00143614 0.00199535 0.00251836 0.00302153 0.00350971 0.00398199 0.00444819 0.00490921 0.00538798 0.00592797 0.00653221 0.00722947 0.00800964 0.00886243 0.00979514 0.010765 0.0117549 0.012717 0.0136023 0.0144053 0.0150931 
0 -0.00756317 -0.0148386 -0.0215452 -0.0275284 -0.0326528 -0.0368994 -0.0402847 -0.0428623 -0.0447568 -0.0460875 -0.0470216 -0.0476856 -0.0481809 -0.0485566 -0.0488421 -0.0490559 -0.0491985 -0.0492794 -0.0492433 -0.0490845 -0.0487731 -0.0483128 -0.0477251 -0.0469694 -0.0460603 -0.0449859 -0.0437767 -0.0424546 -0.0410195 -0.0394706 -0.0378341 -0.0361556 -0.0344333 -0.032708 -0.0309528 -0.0292132 -0.0275351 -0.0258804 -0.0242852 -0.0227481 -0.0212837 -0.0199274 -0.0186453 -0.0174225 -0.0163124 -0.0152863 -0.0143279 -0.0134565 -0.0126478 -0.0119303 -0.0112856 -0.0106746 -0.0101244 -0.00964369 -0.00920255 -0.00879291 -0.00843341 -0.00812237 -0.00782821 -0.00754603 -0.00730783 -0.00709418 -0.00688987 -0.00671409 -0.00654153 -0.00638187 -0.00624118 -0.006101 -0.00597419 -0.00587709 -0.00575682 -0.00563619 -0.00554935 -0.00546692 -0.00537671 -0.00529196 -0.00521013 -0.00513878 -0.00508179 -0.00501198 -0.00494776 -0.00489118 -0.00484437 -0.00479554 -0.00474876 -0.0046985 -0.00467189 -0.00463393 -0.00459314 -0.00456736 -0.00455034 -0.00450995 -0.00449519 -0.0044841 -0.00445883 -0.00444049 -0.00444643 -0.00442525 -0.00441563 -0.00442341 -0.00442048 -0.00440774 -0.00442771 -0.00443099 -0.00442971 -0.00444743 -0.00446952 -0.00446928 -0.00449651 -0.00452393 -0.00454145 -0.0045643 -0.00460622 -0.00463382 -0.00467111 -0.0047084 -0.00475289 -0.00480173 -0.00485617 -0.00490144 -0.00495875 -0.00502188 -0.00509805 -0.00516755 -0.00522181 -0.00530194 -0.00541084 -0.00548891 -0.00556045 -0.00567145 -0.005772 -0.00586697 -0.00598308 -0.00609993 -0.00620387 -0.0063184 -0.00643495 -0.00656423 -0.00668949 -0.00679973 -0.00691484 -0.00703475 -0.00714823 -0.00725039 -0.00735262 -0.00746227 -0.00754715 -0.00760409 -0.0076842 -0.00775599 -0.00779305 -0.00783573 -0.00785913 -0.00787373 -0.00787854 -0.00784131 -0.00780413 -0.00777116 -0.00768982 -0.00757837 -0.00744957 -0.00727918 -0.00709102 -0.00683633 -0.00653251 -0.00620546 -0.00582012 -0.00537592 -0.00485834 -0.00429061 -0.00367378 -0.00301201 -0.00228029 -0.00149941 -0.000699803 0.000126501 0.000953618 0.00180658 0.00264912 0.00345559 0.00421896 0.00493732 0.00563194 0.00630096 0.00695504 0.00759391 0.00827415 0.00901868 0.00987367 0.0108582 0.0119454 0.0131686 0.0144683 0.0158457 0.0172447 0.018582 0.0198454 0.0209449 0.0219097 
0 -0.00967241 -0.0189604 -0.0275284 -0.0351394 -0.0416474 -0.0470121 -0.051254 -0.0544652 -0.0567915 -0.0584074 -0.0595242 -0.0603108 -0.0608956 -0.0613565 -0.0617187 -0.0620123 -0.062247 -0.062399 -0.0624503 -0.0623452 -0.0620672 -0.061634 -0.0610117 -0.0602207 -0.0592157 -0.0580024 -0.0566339 -0.0550892 -0.0534163 -0.0515886 -0.0496393 -0.0476229 -0.0455445 -0.0434245 -0.0412668 -0.0391153 -0.0369961 -0.0349377 -0.0329114 -0.0309579 -0.0290956 -0.0273313 -0.0256602 -0.0240675 -0.0225997 -0.0212322 -0.0199814 -0.0187992 -0.0177177 -0.016745 -0.015846 -0.0150122 -0.0142665 -0.0135994 -0.0129801 -0.0124279 -0.0119 -0.0114522 -0.0110411 -0.0106533 -0.010304 -0.0100095 -0.0097122 -0.00943616 -0.00920214 -0.0089876 -0.0087836 -0.00857778 -0.00841081 -0.00824451 -0.00808244 -0.00793542 -0.0078239 -0.0076716 -0.00754328 -0.00744287 -0.00734708 -0.00722546 -0.00713306 -0.0070465 -0.0069678 -0.00688106 -0.00680651 -0.00674165 -0.00667729 -0.00661085 -0.00656242 -0.00651315 -0.00645549 -0.00642135 -0.00638684 -0.00634185 -0.00631229 -0.00629849 -0.00626061 -0.0062427 -0.00623698 -0.00621904 -0.00620076 -0.00621297 -0.00620351 -0.00619852 -0.00621346 -0.00622621 -0.00622336 -0.00625181 -0.00627451 -0.00628844 -0.00631848 -0.00635968 -0.00638427 -0.00642554 -0.00647702 -0.00651875 -0.00656835 -0.0066319 -0.00669652 -0.00675401 -0.00682409 -0.00690607 -0.00699986 -0.00706641 -0.00715692 -0.00726835 -0.00737842 -0.00746614 -0.00759498 -0.00771158 -0.00783681 -0.00796993 -0.00812081 -0.00825064 -0.00839615 -0.00854874 -0.00871992 -0.00887332 -0.00902238 -0.00919922 -0.00935876 -0.00950362 -0.00966594 -0.00983779 -0.00996352 -0.0101027 -0.0102244 -0.0103492 -0.0104519 -0.0105357 -0.0106092 -0.0106797 -0.0107117 -0.010713 -0.0107192 -0.0106972 -0.0106518 -0.0105535 -0.0104502 -0.0103104 -0.0101319 -0.00990317 -0.00963038 -0.00933737 -0.0089842 -0.00856198 -0.00807656 -0.00754933 -0.00695133 -0.0062942 -0.00554289 -0.00473654 -0.00389202 -0.00296411 -0.0019908 -0.000943617 0.000123383 0.00119098 0.00228086 0.00336151 0.00442903 0.00544366 0.00638661 0.00727665 0.00812542 0.00893725 0.00972539 0.0104992 0.0113084 0.0122118 0.0132407 0.0144292 0.0157656 0.017245 0.0188515 0.0205358 0.0222447 0.0238964 0.02542 0.0267708 0.0279262 
0 -0.0114824 -0.0225034 -0.0326528 -0.0416474 -0.0493059 -0.0555752 -0.0604909 -0.0641634 -0.0667761 -0.0685495 -0.0697342 -0.0705444 -0.0711414 -0.0716203 -0.0720275 -0.0723929 -0.0727226 -0.0729995 -0.0731786 -0.0732115 -0.0730682 -0.0727467 -0.0722352 -0.0715174 -0.0705687 -0.069387 -0.0680051 -0.0664305 -0.0646788 -0.0627428 -0.0606522 -0.0584564 -0.0561712 -0.0538194 -0.0514054 -0.0489726 -0.0465604 -0.0441761 -0.0418239 -0.0395283 -0.037317 -0.0352083 -0.0331923 -0.0312631 -0.0294591 -0.0277714 -0.0261956 -0.0247201 -0.0233544 -0.0221119 -0.0209672 -0.0199022 -0.0189319 -0.0180573 -0.0172534 -0.0165175 -0.0158434 -0.0152469 -0.0146971 -0.0141822 -0.0137218 -0.0133128 -0.0129274 -0.0125733 -0.0122538 -0.0119597 -0.011687 -0.0114262 -0.011197 -0.0109859 -0.0107742 -0.0105756 -0.0104082 -0.010236 -0.0100726 -0.00992595 -0.00978559 -0.00964608 -0.00952422 -0.00940629 -0.00929344 -0.00918547 -0.00908858 -0.00899971 -0.00891134 -0.00882696 -0.00875935 -0.00869159 -0.00862107 -0.00856939 -0.00852167 -0.00846643 -0.00842729 -0.00839923 -0.00835895 -0.00833245 -0.00832025 -0.00829815 -0.00828147 -0.00828572 -0.00828001 -0.00827631 -0.0082927 -0.00830655 -0.00831451 -0.00834443 -0.00837544 -0.00839943 -0.00844018 -0.00848993 -0.00853091 -0.00858412 -0.00865014 -0.0087121 -0.00877999 -0.00885923 -0.0089434 -0.00903052 -0.00912535 -0.00922688 -0.00933756 -0.00944741 -0.00957223 -0.00970487 -0.00983365 -0.00997069 -0.0101348 -0.0102872 -0.0104412 -0.0106158 -0.0107979 -0.0109722 -0.0111608 -0.0113551 -0.0115516 -0.0117428 -0.0119369 -0.0121444 -0.0123411 -0.0125206 -0.0127056 -0.0128907 -0.0130495 -0.0131992 -0.0133379 -0.013468 -0.0135661 -0.0136351 -0.0136947 -0.013736 -0.0137315 -0.0136949 -0.013634 -0.0135377 -0.0133967 -0.0131952 -0.012964 -0.0126917 -0.0123553 -0.0119525 -0.0114953 -0.0109875 -0.0104162 -0.00976137 -0.00903613 -0.00826003 -0.00741266 -0.00649032 -0.00547952 -0.00440899 -0.00329095 -0.00210974 -0.000869784 0.000422308 0.00172678 0.00302831 0.0043255 0.00560963 0.00685507 0.00802594 0.00910563 0.0101046 0.0110418 0.011925 0.0127685 0.0135933 0.0144591 0.0154278 0.0165498 0.017855 0.0193378 0.0209968 0.0227993 0.0247025 0.0266297 0.0284873 0.0302037 0.0317096 0.0329917 
0 -0.0129903 -0.0254488 -0.0368994 -0.0470121 -0.0555752 -0.0625237 -0.0679077 -0.0718568 -0.0745926 -0.0763812 -0.0775092 -0.0782355 -0.0787527 -0.0791765 -0.079576 -0.0799809 -0.0803943 -0.0808047 -0.0811445 -0.0813729 -0.0814469 -0.0813406 -0.0810599 -0.0805505 -0.0798064 -0.0788161 -0.0775865 -0.0761529 -0.0744965 -0.0726336 -0.0705845 -0.0683878 -0.0660694 -0.0636482 -0.0611353 -0.0585674 -0.0559953 -0.0534102 -0.0508471 -0.0483132 -0.0458419 -0.043459 -0.0411541 -0.0389378 -0.0368326 -0.0348537 -0.0329756 -0.031221 -0.0295774 -0.0280602 -0.0266593 -0.0253545 -0.0241528 -0.0230592 -0.0220593 -0.0211259 -0.0202882 -0.0195232 -0.0188233 -0.0181749 -0.0175946 -0.0170609 -0.0165745 -0.0161295 -0.0157188 -0.015345 -0.0149989 -0.0146793 -0.0143802 -0.0141155 -0.0138542 -0.0136118 -0.0133855 -0.0131838 -0.0129806 -0.0127935 -0.0126128 -0.0124503 -0.0122925 -0.0121449 -0.0120012 -0.0118703 -0.0117477 -0.0116329 -0.0115219 -0.0114196 -0.0113298 -0.0112418 -0.0111602 -0.0110885 -0.0110259 -0.0109613 -0.0109117 -0.0108665 -0.0108257 -0.0107899 -0.010769 -0.0107435 -0.0107298 -0.0107232 -0.0107226 -0.0107216 -0.0107381 -0.0107529 -0.0107747 -0.0108046 -0.0108443 -0.0108809 -0.0109326 -0.0109896 -0.0110505 -0.0111169 -0.0111966 -0.0112789 -0.0113677 -0.0114649 -0.0115694 -0.0116828 -0.0118027 -0.0119303 -0.0120604 -0.0122072 -0.0123613 -0.0125213 -0.0126765 -0.0128583 -0.013046 -0.0132349 -0.013422 -0.0136359 -0.0138443 -0.0140578 -0.0142776 -0.0145075 -0.0147275 -0.014951 -0.0151777 -0.0154001 -0.0156178 -0.0158204 -0.0160178 -0.0162017 -0.0163755 -0.0165134 -0.0166449 -0.016753 -0.016824 -0.0168548 -0.0168684 -0.0168408 -0.0167585 -0.0166366 -0.0164602 -0.0162403 -0.0159512 -0.015595 -0.0151763 -0.0147063 -0.0141487 -0.0135116 -0.0128113 -0.0120343 -0.0111918 -0.0102561 -0.00924663 -0.00817588 -0.00704065 -0.00582146 -0.00453105 -0.00318415 -0.00178629 -0.00035334 0.00114391 0.00266302 0.00418182 0.00568604 0.00715019 0.00858485 0.0099453 0.0112031 0.0123455 0.0133763 0.01432 0.0151911 0.0160054 0.016798 0.017636 0.0185823 0.0197066 0.0210335 0.0225674 0.0243089 0.0262099 0.0282344 0.030286 0.0322613 0.0340867 0.0356748 0.0370161 
0 -0.0142011 -0.0277983 -0.0402847 -0.051254 -0.0604909 -0.0679077 -0.0735595 -0.0776123 -0.0803105 -0.0819719 -0.0829144 -0.0834418 -0.0837692 -0.0840548 -0.0843713 -0.0847601 -0.0852368 -0.0857496 -0.0862757 -0.086725 -0.0870643 -0.0872703 -0.087287 -0.0871165 -0.086696 -0.086027 -0.0851176 -0.0839624 -0.0825738 -0.0809525 -0.0791164 -0.0770917 -0.0749208 -0.0725877 -0.0701442 -0.0676101 -0.0650023 -0.0623814 -0.0597224 -0.0570706 -0.0544578 -0.0518838 -0.0493701 -0.0469404 -0.0445913 -0.0423518 -0.0402339 -0.0382065 -0.0363111 -0.0345356 -0.0328707 -0.0313252 -0.0298994 -0.0285799 -0.0273636 -0.0262509 -0.0252176 -0.0242755 -0.0234196 -0.0226377 -0.0219132 -0.0212652 -0.0206663 -0.0201047 -0.0196074 -0.0191563 -0.0187283 -0.0183356 -0.0179831 -0.0176387 -0.0173279 -0.0170482 -0.0167833 -0.0165168 -0.0162742 -0.0160574 -0.0158552 -0.0156463 -0.0154507 -0.0152793 -0.0151154 -0.0149535 -0.014802 -0.0146641 -0.0145331 -0.0144139 -0.0142962 -0.0141924 -0.0140967 -0.0140094 -0.0139248 -0.0138581 -0.0137909 -0.0137348 -0.0136865 -0.0136492 -0.0136105 -0.0135904 -0.0135718 -0.0135617 -0.013558 -0.0135689 -0.0135765 -0.0136004 -0.0136293 -0.0136661 -0.013707 -0.0137649 -0.0138208 -0.0138894 -0.0139659 -0.0140525 -0.0141416 -0.014244 -0.0143505 -0.0144722 -0.0146001 -0.014729 -0.0148688 -0.0150311 -0.0151959 -0.0153552 -0.0155292 -0.0157244 -0.0159313 -0.0161258 -0.0163296 -0.0165554 -0.0167902 -0.0170135 -0.0172578 -0.0174998 -0.017734 -0.0179799 -0.0182363 -0.018471 -0.0187024 -0.018935 -0.0191465 -0.019347 -0.0195385 -0.0197114 -0.0198452 -0.0199604 -0.0200441 -0.0200887 -0.0200952 -0.0200616 -0.0199671 -0.0198231 -0.0196221 -0.019335 -0.0190013 -0.0185917 -0.0180915 -0.0175169 -0.0168599 -0.0161088 -0.0152817 -0.0143589 -0.0133447 -0.012275 -0.0111014 -0.00985341 -0.00853229 -0.0071376 -0.0056901 -0.00417289 -0.00259547 -0.000974251 0.000671699 0.00236048 0.00406196 0.00577683 0.00747152 0.00910545 0.0106976 0.0121977 0.0136015 0.0148715 0.0159877 0.0169744 0.017838 0.0186114 0.0193123 0.0199948 0.0207162 0.0215667 0.0226044 0.0238636 0.0253732 0.027094 0.0290209 0.0310693 0.033153 0.0351784 0.0370167 0.0386372 0.0399693 
0 -0.0151286 -0.0296049 -0.0428623 -0.0544652 -0.0641634 -0.0718568 -0.0776123 -0.0816149 -0.0841419 -0.0855523 -0.0861918 -0.0864001 -0.0864389 -0.0864711 -0.0866227 -0.0869273 -0.0873896 -0.0879973 -0.0886606 -0.0893429 -0.0899764 -0.0904946 -0.0909005 -0.0911007 -0.091099 -0.0908678 -0.0903686 -0.0896484 -0.0886528 -0.0874182 -0.0859492 -0.0842551 -0.0823703 -0.0803071 -0.0780904 -0.075736 -0.0732895 -0.0707378 -0.0681431 -0.0655024 -0.0628478 -0.0602075 -0.0575927 -0.0550321 -0.0525208 -0.050107 -0.047753 -0.0455267 -0.0434019 -0.0413837 -0.0394955 -0.0377277 -0.0360644 -0.0345201 -0.0331032 -0.0317679 -0.0305772 -0.0294575 -0.0284321 -0.0274943 -0.0266442 -0.0258438 -0.0251356 -0.0244908 -0.0238854 -0.0233291 -0.02282 -0.0223703 -0.0219316 -0.0215452 -0.0211829 -0.0208429 -0.020501 -0.0202345 -0.0199615 -0.0196914 -0.0194312 -0.0192208 -0.019002 -0.018797 -0.0185924 -0.0184176 -0.0182486 -0.018084 -0.0179295 -0.0177943 -0.0176587 -0.0175341 -0.0174305 -0.0173207 -0.0172254 -0.0171471 -0.0170733 -0.0169961 -0.0169522 -0.0169016 -0.0168584 -0.0168308 -0.0168199 -0.016794 -0.0168001 -0.0168094 -0.016821 -0.0168412 -0.0168886 -0.0169207 -0.0169733 -0.0170399 -0.0171099 -0.0171819 -0.0172803 -0.0173749 -0.0174778 -0.0176018 -0.0177287 -0.0178577 -0.018002 -0.0181674 -0.01833 -0.0184997 -0.0186697 -0.0188844 -0.0190891 -0.0192883 -0.0194922 -0.0197469 -0.019973 -0.0202166 -0.0204565 -0.0207146 -0.0209555 -0.0212223 -0.0214766 -0.0217305 -0.0219588 -0.0221967 -0.0224326 -0.0226313 -0.0228267 -0.0230024 -0.0231398 -0.0232368 -0.0233383 -0.0233638 -0.0233675 -0.0233108 -0.0231942 -0.0230139 -0.0227774 -0.0224523 -0.022055 -0.0215835 -0.0209966 -0.0203345 -0.0195597 -0.0187017 -0.0177307 -0.0166782 -0.0155162 -0.0142604 -0.0129229 -0.0114822 -0.0099762 -0.00838922 -0.00674043 -0.00503013 -0.00328202 -0.00146926 0.000363938 0.00222559 0.00411274 0.0059727 0.00785488 0.00968514 0.0114667 0.0131848 0.0147866 0.0162941 0.0176513 0.0188423 0.0198676 0.0207167 0.0214251 0.0220215 0.0225327 0.0230296 0.0235776 0.024255 0.025146 0.0262756 0.0276731 0.0293254 0.0311827 0.0331892 0.0352354 0.0372146 0.0390295 0.0405955 0.0418785 
0 -0.015819 -0.0309357 -0.0447568 -0.0567915 -0.0667761 -0.0745926 -0.0803105 -0.0841419 -0.0863889 -0.0874434 -0.0876845 -0.087487 -0.0871298 -0.0868304 -0.0867149 -0.0868381 -0.0872212 -0.08781 -0.0885723 -0.0894236 -0.0903073 -0.091165 -0.091926 -0.0925601 -0.0930113 -0.0932603 -0.0932732 -0.093044 -0.0925545 -0.0918219 -0.0908445 -0.0896143 -0.088175 -0.0865012 -0.0846551 -0.0826352 -0.0804466 -0.0781475 -0.0757361 -0.0732478 -0.0707032 -0.068107 -0.0654941 -0.0629096 -0.0603286 -0.0577997 -0.0553373 -0.0529454 -0.0506531 -0.0484416 -0.0463373 -0.0443579 -0.042499 -0.0407466 -0.0391181 -0.0376086 -0.0362135 -0.0349079 -0.0337181 -0.0326417 -0.0316381 -0.0307195 -0.0298841 -0.0291115 -0.0284117 -0.0277781 -0.0271859 -0.0266581 -0.026164 -0.0256964 -0.0252851 -0.0249155 -0.0245502 -0.0242143 -0.0239036 -0.0236169 -0.023353 -0.0230976 -0.0228487 -0.0226269 -0.0224173 -0.0222178 -0.0220274 -0.0218443 -0.0216811 -0.0215329 -0.0213774 -0.0212407 -0.0211283 -0.0210068 -0.0208958 -0.0208153 -0.0207285 -0.0206441 -0.0205933 -0.0205417 -0.0204854 -0.0204616 -0.0204457 -0.0204186 -0.0204212 -0.0204392 -0.0204441 -0.0204714 -0.0205225 -0.0205604 -0.0206136 -0.0206952 -0.020768 -0.0208473 -0.0209572 -0.0210663 -0.0211749 -0.0213086 -0.0214502 -0.0215963 -0.0217563 -0.0219221 -0.0220978 -0.022294 -0.0224913 -0.0226928 -0.0229029 -0.0231298 -0.0233731 -0.023609 -0.0238308 -0.0240884 -0.024353 -0.0245933 -0.0248406 -0.0250968 -0.025325 -0.0255568 -0.025783 -0.0259865 -0.0261691 -0.0263232 -0.0264474 -0.0265564 -0.02662 -0.0266321 -0.0266038 -0.0265177 -0.0263695 -0.0261444 -0.0258585 -0.0254968 -0.0250304 -0.0244624 -0.0238139 -0.0230435 -0.0221728 -0.0211918 -0.0200901 -0.0188985 -0.0175812 -0.0161496 -0.0146323 -0.0130222 -0.0113163 -0.0095464 -0.00768721 -0.00578284 -0.00382976 -0.00181676 0.000208037 0.00226266 0.00431146 0.00635854 0.00838979 0.0103902 0.0123411 0.0142249 0.0160281 0.0177132 0.0192757 0.0206697 0.0218929 0.0229223 0.0237518 0.0243998 0.0248757 0.0252327 0.0255035 0.0257686 0.0260907 0.0265606 0.0272506 0.0281988 0.0294463 0.0309517 0.0327006 0.0345944 0.0365363 0.0384308 0.0401409 0.0416292 0.0428108 
0 -0.0163082 -0.0318804 -0.0460875 -0.0584074 -0.0685495 -0.0763812 -0.0819719 -0.0855523 -0.0874434 -0.0880703 -0.0878367 -0.0871396 -0.0863008 -0.0855568 -0.0850753 -0.0849203 -0.0851122 -0.0856153 -0.0863748 -0.087329 -0.0884036 -0.0895207 -0.0906169 -0.0916323 -0.0925299 -0.0932746 -0.0938137 -0.0941362 -0.0942103 -0.0940497 -0.0936465 -0.0929797 -0.0920728 -0.090922 -0.0895669 -0.0880037 -0.0862356 -0.084293 -0.0822027 -0.0799874 -0.0776594 -0.0752331 -0.0727489 -0.0702426 -0.0676994 -0.0651593 -0.0626335 -0.0601632 -0.0577588 -0.0554085 -0.0531536 -0.0510118 -0.0489691 -0.0470289 -0.0452128 -0.0435164 -0.0419548 -0.0404842 -0.0391289 -0.0378971 -0.0367558 -0.035698 -0.0347468 -0.0338808 -0.0330821 -0.032347 -0.0316762 -0.0310842 -0.0305253 -0.0300117 -0.029557 -0.0291347 -0.0287222 -0.028373 -0.0280469 -0.0277267 -0.0274283 -0.0271667 -0.0269132 -0.0266735 -0.0264427 -0.0262368 -0.0260408 -0.0258468 -0.0256727 -0.025517 -0.0253539 -0.0252097 -0.0250914 -0.0249614 -0.0248447 -0.024759 -0.0246675 -0.0245761 -0.0245235 -0.0244673 -0.024408 -0.0243813 -0.0243655 -0.0243348 -0.0243385 -0.0243562 -0.024362 -0.0243893 -0.0244447 -0.0244832 -0.0245396 -0.0246249 -0.0247025 -0.0247847 -0.0249006 -0.0250134 -0.0251271 -0.0252693 -0.0254166 -0.0255621 -0.0257276 -0.025909 -0.0260888 -0.0262769 -0.0264745 -0.0266954 -0.02691 -0.0271211 -0.0273505 -0.0275959 -0.0278154 -0.0280535 -0.0282933 -0.0285128 -0.0287258 -0.0289523 -0.0291479 -0.0293229 -0.0294758 -0.0296132 -0.0297218 -0.0297803 -0.0298065 -0.0297988 -0.0297189 -0.0295724 -0.029387 -0.0291166 -0.0287648 -0.0283162 -0.02778 -0.0271485 -0.0263989 -0.0255265 -0.0245605 -0.0234697 -0.0222435 -0.0208991 -0.0194334 -0.0178708 -0.0161827 -0.0143866 -0.0125059 -0.0105453 -0.0085008 -0.00638689 -0.00421753 -0.00202387 0.000194541 0.0024428 0.00468227 0.00691444 0.00910412 0.0112614 0.0133738 0.0154062 0.017352 0.0191823 0.0208956 0.0224691 0.0238724 0.0250845 0.0260917 0.0268846 0.0274696 0.0278483 0.0280466 0.0281152 0.0281028 0.0280985 0.0281652 0.0283924 0.0288522 0.0295897 0.0306437 0.0319778 0.0335634 0.0353052 0.0371023 0.0388566 0.040444 0.0418089 0.0428736 
0 -0.016656 -0.0325517 -0.0470216 -0.0595242 -0.0697342 -0.0775092 -0.0829144 -0.0861918 -0.0876845 -0.0878367 -0.0870776 -0.08582 -0.0844269 -0.0831558 -0.0822102 -0.081672 -0.0815599 -0.0818616 -0.0825061 -0.0834551 -0.0846229 -0.0859155 -0.0872752 -0.0886145 -0.0899115 -0.0911147 -0.0921588 -0.0930243 -0.0936718 -0.09411 -0.0943219 -0.0942777 -0.0939719 -0.09342 -0.0926358 -0.0916152 -0.0903626 -0.0888823 -0.0872259 -0.0853995 -0.0834068 -0.081265 -0.0790161 -0.0766901 -0.0742867 -0.071837 -0.0693519 -0.0668944 -0.0644557 -0.0620368 -0.0596841 -0.057424 -0.0552449 -0.0531575 -0.0511842 -0.0493225 -0.0475966 -0.0459629 -0.0444511 -0.0430713 -0.0418001 -0.0406121 -0.0395398 -0.0385699 -0.0376763 -0.0368557 -0.0361163 -0.0354605 -0.0348395 -0.0342789 -0.0337845 -0.0333312 -0.0328913 -0.0325182 -0.032172 -0.0318413 -0.0315328 -0.0312652 -0.0310062 -0.0307617 -0.0305301 -0.0303258 -0.0301285 -0.0299338 -0.0297614 -0.0296053 -0.0294439 -0.0292995 -0.0291804 -0.0290505 -0.0289355 -0.0288464 -0.0287557 -0.0286644 -0.0286101 -0.0285516 -0.0284948 -0.0284646 -0.028448 -0.0284176 -0.0284208 -0.0284348 -0.0284431 -0.0284685 -0.028522 -0.0285601 -0.0286173 -0.0286983 -0.0287763 -0.0288571 -0.0289706 -0.0290807 -0.0291925 -0.0293297 -0.0294752 -0.029616 -0.0297735 -0.0299485 -0.0301218 -0.0303002 -0.0304855 -0.0306912 -0.0308874 -0.0310823 -0.0312874 -0.0315034 -0.0316876 -0.0318853 -0.0320794 -0.0322519 -0.0323995 -0.0325523 -0.0326703 -0.0327551 -0.0328072 -0.0328368 -0.0328177 -0.0327296 -0.0326032 -0.0324249 -0.0321573 -0.0318025 -0.0313921 -0.0308704 -0.0302465 -0.0295102 -0.0286689 -0.0277123 -0.0266218 -0.0253917 -0.0240523 -0.0225926 -0.0209811 -0.019255 -0.0174172 -0.0154805 -0.0134246 -0.0112742 -0.00905033 -0.00677033 -0.00443309 -0.00203517 0.000375875 0.00278796 0.00519648 0.00759971 0.00996897 0.0122846 0.0145196 0.0166852 0.0187753 0.0207416 0.0225881 0.0242795 0.0258224 0.0272058 0.0283761 0.0293352 0.0300595 0.0305571 0.0308435 0.0309099 0.0307969 0.0305503 0.0302372 0.0299456 0.0297429 0.0297122 0.0299233 0.0304294 0.0312633 0.0324017 0.0337947 0.0353567 0.0369837 0.0385728 0.0400213 0.0412475 0.0421884 
0 -0.0169046 -0.0330319 -0.0476856 -0.0603108 -0.0705444 -0.0782355 -0.0834418 -0.0864001 -0.087487 -0.0871396 -0.08582 -0.0839649 -0.0819445 -0.0800844 -0.0785806 -0.0775574 -0.0770548 -0.0770265 -0.0774679 -0.0782927 -0.079435 -0.0808158 -0.0823106 -0.0838975 -0.0855009 -0.0870773 -0.0885765 -0.0899227 -0.0911114 -0.0921238 -0.0929381 -0.0935122 -0.0938421 -0.0939109 -0.0937486 -0.0933434 -0.0926554 -0.091741 -0.090591 -0.0892402 -0.0876837 -0.0859255 -0.0840076 -0.0819703 -0.0798104 -0.0775319 -0.0752091 -0.0728337 -0.0704497 -0.0680516 -0.0656725 -0.0633495 -0.0610992 -0.058908 -0.0567995 -0.0548256 -0.0529407 -0.0511651 -0.0495095 -0.0479958 -0.046576 -0.0452794 -0.0440883 -0.0430032 -0.0420175 -0.0411217 -0.0403094 -0.0395771 -0.0389195 -0.0383037 -0.0377675 -0.0372831 -0.0368471 -0.0364305 -0.0360706 -0.0357378 -0.0354454 -0.0351595 -0.0349056 -0.0346655 -0.0344543 -0.0342501 -0.0340611 -0.0338774 -0.0337191 -0.0335679 -0.0334176 -0.0332835 -0.0331671 -0.0330492 -0.03294 -0.0328545 -0.0327662 -0.0326871 -0.0326266 -0.0325747 -0.0325197 -0.0324921 -0.0324678 -0.0324478 -0.0324426 -0.032456 -0.0324614 -0.0324887 -0.0325283 -0.0325697 -0.0326191 -0.0326926 -0.0327617 -0.0328394 -0.0329373 -0.0330401 -0.0331428 -0.0332614 -0.0333927 -0.0335226 -0.0336651 -0.0338086 -0.033963 -0.0341202 -0.0342906 -0.0344423 -0.0346039 -0.0347674 -0.034943 -0.0350774 -0.0352129 -0.0353459 -0.0354718 -0.0355446 -0.0356142 -0.0356534 -0.0356504 -0.0356034 -0.0355261 -0.0353904 -0.0351863 -0.0349219 -0.0345777 -0.0341683 -0.0336555 -0.0330444 -0.0323211 -0.0315098 -0.0305484 -0.0294628 -0.0282658 -0.0269379 -0.0254517 -0.0238374 -0.0221107 -0.0202422 -0.0182626 -0.0161496 -0.0139518 -0.0116666 -0.00928622 -0.00681869 -0.00432062 -0.00178848 0.000786496 0.00336241 0.00594692 0.00847739 0.010972 0.0134305 0.0158163 0.0181018 0.0202803 0.0223536 0.0243062 0.0261321 0.0277697 0.0292478 0.0305523 0.0316551 0.0325577 0.0331972 0.0336062 0.0337863 0.0337373 0.0334887 0.0330459 0.0324789 0.0318644 0.031279 0.0308027 0.0305108 0.0304663 0.0307328 0.0313392 0.0322587 0.0334496 0.0348098 0.036249 0.0376706 0.0389625 0.0400614 0.0408794 
0 -0.0170884 -0.0333876 -0.0481809 -0.0608956 -0.0711414 -0.0787527 -0.0837692 -0.0864389 -0.0871298 -0.0863008 -0.0844269 -0.0819445 -0.0792874 -0.076763 -0.0746411 -0.073058 -0.072041 -0.0716217 -0.0717208 -0.0723238 -0.0733405 -0.0746579 -0.0762157 -0.0779077 -0.0797149 -0.0815705 -0.083404 -0.0851585 -0.0868056 -0.0883186 -0.0896729 -0.090836 -0.0917438 -0.0924478 -0.0929041 -0.0931129 -0.093067 -0.0927296 -0.0921634 -0.0913546 -0.0902984 -0.0890081 -0.0875277 -0.0858575 -0.0840344 -0.082055 -0.0799433 -0.0777697 -0.0755189 -0.0732187 -0.0708983 -0.0686028 -0.066317 -0.0640767 -0.0619006 -0.0598075 -0.0578177 -0.0559279 -0.0541415 -0.052474 -0.0509425 -0.0495019 -0.0481921 -0.047013 -0.0459299 -0.0449261 -0.0440421 -0.0432458 -0.0425188 -0.0418743 -0.0413039 -0.0407787 -0.0402991 -0.039894 -0.0395361 -0.0391962 -0.0388779 -0.0386188 -0.038384 -0.0381581 -0.0379461 -0.0377677 -0.0375976 -0.0374406 -0.0372919 -0.0371584 -0.0370309 -0.0369168 -0.0368074 -0.0367085 -0.0366162 -0.0365354 -0.0364595 -0.0363937 -0.0363355 -0.0362871 -0.0362449 -0.0362136 -0.0361893 -0.0361743 -0.0361673 -0.0361703 -0.0361795 -0.0361993 -0.0362264 -0.0362625 -0.0363048 -0.0363581 -0.0364168 -0.0364847 -0.0365577 -0.0366406 -0.0367265 -0.0368248 -0.0369244 -0.0370265 -0.0371328 -0.0372588 -0.0373719 -0.037476 -0.03759 -0.0377219 -0.0378252 -0.037911 -0.0379959 -0.0380843 -0.0381398 -0.0381653 -0.0381699 -0.0381471 -0.0380767 -0.0379744 -0.0378339 -0.0376106 -0.0373289 -0.0369975 -0.0365836 -0.0360637 -0.0354771 -0.0347774 -0.0339547 -0.0330161 -0.0319715 -0.0307858 -0.029459 -0.0279962 -0.026392 -0.0246575 -0.0227785 -0.0207698 -0.0186406 -0.0164173 -0.0140523 -0.0116001 -0.00908513 -0.00649455 -0.00384873 -0.00116112 0.00154452 0.00424512 0.00693122 0.00962545 0.0122381 0.0147863 0.0172588 0.0196346 0.0219265 0.0240704 0.02608 0.0279576 0.0296991 0.0312649 0.032651 0.0338375 0.0348356 0.0356473 0.0362042 0.0365329 0.0366009 0.0364437 0.0360803 0.0354923 0.0347431 0.0338631 0.032956 0.0320984 0.0313585 0.0308143 0.0305243 0.0305565 0.0309276 0.0316349 0.0326037 0.0337598 0.0350075 0.036243 0.0373957 0.0383524 0.0390629 
0 -0.0172231 -0.0336583 -0.0485566 -0.0613565 -0.0716203 -0.0791765 -0.0840548 -0.0864711 -0.0868304 -0.0855568 -0.0831558 -0.0800844 -0.076763 -0.0735831 -0.0707916 -0.0685771 -0.0669988 -0.0660549 -0.0657447 -0.0660011 -0.0667633 -0.0679361 -0.0694033 -0.0711161 -0.0730039 -0.0750082 -0.0770715 -0.079106 -0.0810979 -0.083012 -0.0848159 -0.0864675 -0.0879237 -0.0891806 -0.0902212 -0.0910349 -0.0915792 -0.0918646 -0.0918941 -0.0916674 -0.0911783 -0.0904276 -0.0894328 -0.0882213 -0.0868123 -0.0851891 -0.0834276 -0.0815193 -0.0794938 -0.0773806 -0.0751887 -0.0729621 -0.0707345 -0.0685058 -0.0662977 -0.0641671 -0.0620773 -0.0600812 -0.0581815 -0.0563984 -0.0547238 -0.0531745 -0.0517359 -0.0504166 -0.0492161 -0.0481337 -0.0471632 -0.0462737 -0.0454943 -0.0447861 -0.0441583 -0.0436075 -0.0431404 -0.042689 -0.0423042 -0.0419726 -0.041692 -0.0414239 -0.0411917 -0.0409828 -0.0408148 -0.0406502 -0.0404997 -0.0403701 -0.0402542 -0.0401401 -0.0400429 -0.0399524 -0.0398607 -0.039788 -0.0397176 -0.0396479 -0.039588 -0.0395434 -0.0394876 -0.0394498 -0.0394187 -0.0393902 -0.0393621 -0.0393576 -0.0393432 -0.0393396 -0.0393462 -0.0393604 -0.0393672 -0.0393975 -0.0394256 -0.0394558 -0.0394953 -0.0395457 -0.0395883 -0.0396451 -0.0397057 -0.0397604 -0.0398263 -0.0398981 -0.0399603 -0.0400171 -0.0400874 -0.040148 -0.0402044 -0.0402306 -0.0402605 -0.0402847 -0.0402898 -0.0402346 -0.0401821 -0.0400934 -0.0399678 -0.0397866 -0.0395696 -0.0392755 -0.0389306 -0.0385109 -0.0380208 -0.0374337 -0.0367408 -0.0359501 -0.0350431 -0.0340167 -0.0328622 -0.0315741 -0.0301259 -0.0285632 -0.0268323 -0.0249655 -0.0229747 -0.0208455 -0.0185716 -0.0161946 -0.0137064 -0.0111233 -0.00846986 -0.00573116 -0.00296686 -0.00016325 0.00266434 0.00549753 0.00829576 0.0110526 0.0137587 0.0163978 0.0189479 0.0213794 0.0237017 0.0259041 0.027977 0.029879 0.0316281 0.0332223 0.0346569 0.0359271 0.0369847 0.0378575 0.0385369 0.0390016 0.0392428 0.0392204 0.0389574 0.0384802 0.0377845 0.0369051 0.0358554 0.0346996 0.033537 0.0324257 0.0314589 0.0306827 0.030166 0.0299776 0.0301243 0.0306132 0.0313657 0.0323088 0.0333573 0.0344137 0.0354092 0.036238 0.0368385 
0 -0.017319 -0.0338494 -0.0488421 -0.0617187 -0.0720275 -0.079576 -0.0843713 -0.0866227 -0.0867149 -0.0850753 -0.0822102 -0.0785806 -0.0746411 -0.0707916 -0.0673215 -0.0644435 -0.062233 -0.0607288 -0.0599141 -0.0597472 -0.0601649 -0.0610615 -0.0623449 -0.0639396 -0.065785 -0.0678189 -0.0699769 -0.0721779 -0.0743991 -0.076592 -0.078725 -0.0807633 -0.082644 -0.0843832 -0.0859326 -0.0872833 -0.0884051 -0.0892688 -0.089887 -0.0902403 -0.0903233 -0.0901367 -0.0896922 -0.0889894 -0.0880594 -0.086884 -0.0855093 -0.0839481 -0.0822183 -0.0803637 -0.078386 -0.0763285 -0.0742064 -0.0720481 -0.0698758 -0.0677285 -0.0656028 -0.063554 -0.061569 -0.0596634 -0.0578702 -0.056184 -0.0546165 -0.0531763 -0.0518546 -0.0506448 -0.0495655 -0.0485776 -0.0477148 -0.0469498 -0.046267 -0.0456574 -0.0451398 -0.0446784 -0.0442902 -0.0439464 -0.0436449 -0.0433906 -0.0431786 -0.0429903 -0.0428323 -0.0426913 -0.042569 -0.0424772 -0.0423829 -0.0422958 -0.0422327 -0.0421746 -0.0421023 -0.04206 -0.0420156 -0.0419633 -0.0419231 -0.0419006 -0.0418535 -0.0418272 -0.0418098 -0.0417843 -0.0417566 -0.0417584 -0.0417396 -0.0417272 -0.0417305 -0.0417346 -0.0417221 -0.0417407 -0.0417507 -0.0417538 -0.0417699 -0.0417979 -0.0418012 -0.041824 -0.0418521 -0.0418664 -0.0418785 -0.0419031 -0.0419108 -0.0419163 -0.0419155 -0.0418947 -0.0418685 -0.0418293 -0.041761 -0.041663 -0.0415419 -0.0413832 -0.0412004 -0.0409501 -0.0406488 -0.0402988 -0.0398884 -0.0393867 -0.038825 -0.0381541 -0.0373865 -0.0365155 -0.0355278 -0.034412 -0.0331699 -0.0317718 -0.0302349 -0.0285611 -0.0267262 -0.0247601 -0.0226416 -0.0203876 -0.018003 -0.0155028 -0.0128885 -0.0101963 -0.00741218 -0.00457307 -0.00168271 0.00124527 0.0041647 0.00708455 0.00997065 0.0128106 0.0155814 0.0182692 0.0208562 0.0233472 0.0256947 0.0279027 0.0299691 0.0318773 0.0336462 0.0352283 0.0366518 0.0379136 0.0390083 0.0399291 0.0406481 0.0411755 0.0415123 0.0416446 0.0415474 0.0412127 0.0406394 0.0398643 0.0388896 0.0377347 0.0364363 0.0350433 0.0336584 0.0323386 0.0311683 0.0301944 0.0294765 0.0290829 0.029017 0.0292889 0.0298194 0.0305453 0.0313889 0.0322597 0.0331008 0.0337996 0.0342993 
0 -0.0173824 -0.0339811 -0.0490559 -0.0620123 -0.0723929 -0.0799809 -0.0847601 -0.0869273 -0.0868381 -0.0849203 -0.081672 -0.0775574 -0.073058 -0.0685771 -0.0644435 -0.0608928 -0.0580223 -0.0559089 -0.0545286 -0.053865 -0.0538551 -0.0543897 -0.0554 -0.0567831 -0.0584856 -0.060437 -0.062567 -0.0648097 -0.0671289 -0.0694748 -0.071812 -0.0741144 -0.0763091 -0.0784148 -0.0803653 -0.0821489 -0.0837545 -0.0851269 -0.0862852 -0.08719 -0.0878375 -0.0882201 -0.0883364 -0.0881694 -0.0877499 -0.087074 -0.0861539 -0.0850136 -0.0836526 -0.0821247 -0.0804242 -0.0785948 -0.0766495 -0.0746319 -0.0725649 -0.0704597 -0.0683422 -0.0662627 -0.0642233 -0.0622278 -0.0603366 -0.0585294 -0.0568308 -0.0552445 -0.0537808 -0.0524425 -0.0512407 -0.0501365 -0.0491615 -0.0483053 -0.0475373 -0.046869 -0.046298 -0.0457976 -0.0453649 -0.0450041 -0.0446938 -0.0444413 -0.0442206 -0.0440442 -0.0439028 -0.0437837 -0.0436797 -0.0436174 -0.0435489 -0.0434911 -0.0434599 -0.0434316 -0.0433851 -0.0433725 -0.0433562 -0.0433238 -0.0433067 -0.043304 -0.0432721 -0.0432569 -0.0432536 -0.0432317 -0.0432085 -0.0432116 -0.0431912 -0.0431696 -0.0431682 -0.0431584 -0.0431298 -0.0431304 -0.043121 -0.0430949 -0.0430842 -0.0430822 -0.0430479 -0.0430309 -0.043017 -0.0429823 -0.0429406 -0.0429123 -0.042851 -0.042784 -0.0427085 -0.0426109 -0.0424806 -0.0423372 -0.0421564 -0.0419448 -0.0416819 -0.0413773 -0.0410273 -0.0406073 -0.0401157 -0.0395699 -0.0389299 -0.0381816 -0.0373579 -0.0364164 -0.0353511 -0.0341592 -0.0328345 -0.0313598 -0.0297525 -0.0279746 -0.0260613 -0.0240003 -0.0217804 -0.0194208 -0.0169407 -0.0143392 -0.0116235 -0.00881841 -0.00593304 -0.00299644 3.03152e-06 0.00300744 0.00602376 0.00901857 0.0119727 0.0148803 0.0177045 0.0204303 0.0230489 0.02554 0.027879 0.0300914 0.0321223 0.034006 0.0357272 0.0372715 0.0386692 0.0398798 0.0409323 0.0418233 0.0425541 0.0431136 0.0434991 0.0436977 0.0437151 0.0435422 0.0431396 0.0425269 0.0416826 0.0406497 0.0394386 0.0380568 0.036558 0.0349795 0.0334188 0.0319305 0.0305873 0.0294387 0.0285372 0.0279469 0.0276738 0.0277273 0.028035 0.0285429 0.0291805 0.0298669 0.0305517 0.0311223 0.0315239 
0 -0.0174132 -0.0340633 -0.0491985 -0.062247 -0.0727226 -0.0803943 -0.0852368 -0.0873896 -0.0872212 -0.0851122 -0.0815599 -0.0770548 -0.072041 -0.0669988 -0.062233 -0.0580223 -0.0545202 -0.0517649 -0.0498215 -0.0486219 -0.0481262 -0.0482549 -0.0488941 -0.0499925 -0.051453 -0.053215 -0.0552138 -0.057388 -0.0596853 -0.0620668 -0.0644884 -0.0669056 -0.0693095 -0.0716364 -0.0738739 -0.0759925 -0.0779571 -0.079763 -0.0813681 -0.0827505 -0.0839018 -0.0848231 -0.0854659 -0.0858482 -0.0859571 -0.0857892 -0.0853808 -0.084692 -0.083759 -0.0826208 -0.0812799 -0.0797356 -0.0780533 -0.0762383 -0.0743227 -0.0723356 -0.0702818 -0.0682233 -0.0661709 -0.0641387 -0.062144 -0.0602452 -0.0584257 -0.0566962 -0.0550748 -0.0536034 -0.0522431 -0.0509877 -0.049885 -0.0489069 -0.0480186 -0.0472478 -0.0466085 -0.04603 -0.0455332 -0.0451228 -0.044798 -0.0445089 -0.044271 -0.0440847 -0.043958 -0.0438348 -0.043747 -0.0436964 -0.0436566 -0.0436157 -0.0436139 -0.0436064 -0.0435921 -0.0436005 -0.0436124 -0.0436004 -0.0436074 -0.0436198 -0.0436078 -0.0436032 -0.0436116 -0.0435953 -0.0435788 -0.0435792 -0.0435586 -0.0435298 -0.0435205 -0.0434955 -0.0434544 -0.0434323 -0.0434027 -0.0433479 -0.0433106 -0.0432697 -0.0432027 -0.0431399 -0.0430842 -0.04299 -0.0428966 -0.042803 -0.0426789 -0.0425191 -0.0423657 -0.0421767 -0.0419486 -0.0416716 -0.0413764 -0.0410318 -0.0406242 -0.040141 -0.0396233 -0.0390146 -0.0383111 -0.0375305 -0.0366552 -0.035641 -0.0345184 -0.0332845 -0.0318953 -0.0303543 -0.0286709 -0.0268512 -0.0248504 -0.0227015 -0.0204182 -0.0179929 -0.0154068 -0.0127221 -0.00992505 -0.00702849 -0.00406097 -0.00102124 0.00204604 0.00512432 0.00821525 0.0112893 0.0142858 0.0172368 0.0200983 0.0228482 0.0254767 0.027954 0.0302853 0.032458 0.0344597 0.0362731 0.0379297 0.0394058 0.0407115 0.0418567 0.0428286 0.043654 0.0443254 0.0448465 0.0452169 0.0454426 0.0455004 0.0454022 0.0451365 0.0446757 0.0440416 0.0431844 0.0421405 0.0409199 0.0395159 0.0379913 0.036332 0.0346239 0.032932 0.0312985 0.0298183 0.0285058 0.0274358 0.0266534 0.0261679 0.0259952 0.0260692 0.0263503 0.0267766 0.0272814 0.0278108 0.0282662 0.0285819 
0 -0.0174192 -0.034074 -0.0492794 -0.062399 -0.0729995 -0.0808047 -0.0857496 -0.0879973 -0.08781 -0.0856153 -0.0818616 -0.0770265 -0.0716217 -0.0660549 -0.0607288 -0.0559089 -0.0517649 -0.0484248 -0.0458863 -0.0441551 -0.0431655 -0.0428291 -0.0430839 -0.043825 -0.0449806 -0.0464785 -0.0482522 -0.0502495 -0.0524297 -0.0547255 -0.0571018 -0.0595414 -0.0619871 -0.0644383 -0.0668314 -0.0691412 -0.0713766 -0.0734824 -0.0754384 -0.0772136 -0.0787936 -0.0801653 -0.0813174 -0.0821945 -0.0828114 -0.0831837 -0.0832672 -0.083079 -0.0826178 -0.0819139 -0.0809731 -0.0798116 -0.0784261 -0.0768796 -0.0751981 -0.0733634 -0.0714365 -0.0694621 -0.0674484 -0.0653914 -0.063369 -0.0613776 -0.0594492 -0.0575948 -0.0558394 -0.0541878 -0.0526586 -0.0512472 -0.049965 -0.0488302 -0.0478103 -0.0469065 -0.0461108 -0.0454465 -0.0448734 -0.0443898 -0.0439707 -0.0436447 -0.0433739 -0.0431697 -0.0430004 -0.0428748 -0.042784 -0.0427418 -0.042699 -0.0426778 -0.0426852 -0.0427003 -0.0427045 -0.0427331 -0.0427613 -0.0427752 -0.0427977 -0.0428243 -0.0428302 -0.0428383 -0.042852 -0.0428448 -0.0428342 -0.0428304 -0.042809 -0.0427771 -0.0427552 -0.0427172 -0.0426646 -0.0426213 -0.042566 -0.0424904 -0.0424207 -0.042346 -0.0422399 -0.0421363 -0.0420269 -0.0418897 -0.0417273 -0.0415642 -0.0413635 -0.0411399 -0.0408781 -0.0405815 -0.0402352 -0.0398666 -0.0394223 -0.0389124 -0.0383346 -0.0377137 -0.0369867 -0.0361561 -0.0352266 -0.0342104 -0.0330508 -0.0317604 -0.0303433 -0.0287716 -0.0270387 -0.0251571 -0.0231279 -0.0209327 -0.0185925 -0.0160862 -0.013462 -0.0107169 -0.0078533 -0.00487935 -0.00185792 0.00123241 0.00438394 0.00753524 0.0106675 0.0137765 0.0168444 0.0198229 0.0227108 0.025462 0.0280943 0.0305784 0.0328724 0.0349918 0.0369436 0.0387078 0.0402741 0.0416618 0.0428556 0.0438995 0.0447712 0.0454699 0.0460382 0.0464634 0.0467637 0.0469343 0.0469717 0.0468822 0.0466719 0.0463151 0.0458097 0.0451511 0.044308 0.0433063 0.0421174 0.0407585 0.0392576 0.0376076 0.0358732 0.0340747 0.0322775 0.0305511 0.0289253 0.0274767 0.0262362 0.0252534 0.024562 0.0241442 0.0239872 0.0240368 0.0242496 0.0245778 0.0249484 0.0252925 0.0255246 
