0 0 0 0 0 0 0 0 0 0 0 0 0 0 0 0 0 0 0 0 0 0 0 0 0 0 0 0 0 0 0 0 0 0 0 0 0 0 0 0 0 0 0 0 0 0 0 0 0 0 0 0 0 0 0 0 0 0 0 0 0 0 0 0 0 0 0 0 0 0 0 0 0 0 0 0 0 0 0 0 0 0 0 0 0 0 0 0 0 0 0 0 0 0 0 0 0 0 0 0 0 0 0 0 0 0 0 0 0 0 0 0 0 0 0 0 0 0 0 0 0 0 0 0 0 0 0 0 0 0 0 0 0 0 0 0 0 0 0 0 0 0 0 0 0 0 0 0 0 0 0 0 0 0 0 0 0 0 0 0 0 0 0 0 0 0 0 0 0 0 0 0 0 0 0 0 0 0 0 0 0 0 0 0 0 0 0 0 0 0 0 0 0 0 0 0 0 0 0 0 
0 0.000250271 0.000438561 0.000537928 0.000478219 0.000268571 -0.000102188 -0.000606809 -0.00118191 -0.00181012 -0.00242614 -0.00301901 -0.00356481 -0.00403097 -0.00443003 -0.00474818 -0.00501754 -0.0052623 -0.00548993 -0.0057259 -0.00597469 -0.0062517 -0.00656836 -0.00691134 -0.00727254 -0.00764868 -0.00803077 -0.00841719 -0.0087912 -0.00913281 -0.00944716 -0.00972638 -0.00996081 -0.0101449 -0.0102665 -0.0103349 -0.0103503 -0.0103005 -0.0101825 -0.0100112 -0.00978551 -0.00950665 -0.00918611 -0.0088138 -0.00842531 -0.00801111 -0.00756315 -0.00711285 -0.00665899 -0.00620323 -0.00575754 -0.00532322 -0.00490137 -0.00451416 -0.0041281 -0.00376863 -0.00344586 -0.00314192 -0.00285847 -0.0026062 -0.00237994 -0.00216563 -0.00197721 -0.00181017 -0.00167051 -0.00153552 -0.00142729 -0.00132634 -0.00123987 -0.00116743 -0.00111126 -0.00105701 -0.00101786 -0.000979357 -0.000943011 -0.000925389 -0.000909041 -0.000890753 -0.000872329 -0.00086204 -0.000852246 -0.000854678 -0.000838412 -0.000829772 -0.00082903 -0.000831383 -0.000815675 -0.000818008 -0.000814069 -0.000812022 -0.000805329 -0.000809066 -0.000800392 -0.000802508 -0.000798376 -0.000799239 -0.00079329 -0.000797376 -0.000791582 -0.000793857 -0.000790456 -0.000793286 -0.000788048 -0.000793133 -0.00078902 -0.000791633 -0.000789516 -0.00079426 -0.000788722 -0.000796225 -0.000793591 -0.000794418 -0.000795059 -0.000805724 -0.000796135 -0.000800513 -0.000806678 -0.000812818 -0.000807615 -0.00081413 -0.000812805 -0.000824926 -0.000829544 -0.00082505 -0.000824287 -0.000839087 -0.000839096 -0.000836227 -0.000838596 -0.000833327 -0.000827991 -0.000820743 -0.000812149 -0.000791679 -0.00076831 -0.00073197 -0.000700743 -0.000652726 -0.000600279 -0.000529376 -0.000451941 -0.000361738 -0.000254162 -0.000130937 -4.71461e-06 0.000151493 0.000337822 0.000524567 0.000746752 0.000993679 0.00126111 0.00155441 0.00187625 0.00222125 0.00260388 0.00299741 0.00340633 0.00384681 0.00429051 0.00474122 0.00519304 0.00564519 0.00608819 0.00650993 0.00689882 0.00725715 0.00758116 0.00784653 0.0080534 0.00819759 0.00827161 0.00827013 0.00817546 0.00798431 0.00770495 0.0073257 0.00683951 0.00624941 0.00555055 0.00476364 0.00389176 0.00293409 0.00192885 0.000888471 -0.00013794 -0.00111628 -0.00203539 -0.00283949 -0.00352823 -0.00406836 -0.00445673 -0.00472469 -0.00486254 -0.00492655 -0.00493005 -0.00492229 -0.00497129 -0.00509978 -0.00537516 -0.00579334 
0 0.000438561 0.000780733 0.000901594 0.000757981 0.000289451 -0.000489477 -0.00150421 -0.00269866 -0.00394703 -0.00519942 -0.00639361 -0.0074677 -0.00841535 -0.00918221 -0.00980822 -0.0103226 -0.0107663 -0.0111931 -0.0116116 -0.0120652 -0.0125749 -0.0131622 -0.0138019 -0.0144934 -0.0152006 -0.0159303 -0.0166799 -0.0173771 -0.0180582 -0.0186543 -0.0191985 -0.0196743 -0.0200179 -0.0202755 -0.0204067 -0.0204361 -0.0203449 -0.0201288 -0.0197952 -0.0193819 -0.0188577 -0.0182314 -0.0175433 -0.0167742 -0.0159789 -0.0151196 -0.014245 -0.0133626 -0.0124886 -0.011606 -0.0107392 -0.00992316 -0.00912896 -0.00837584 -0.007667 -0.00702013 -0.00639678 -0.00584013 -0.00530999 -0.00484641 -0.00443409 -0.00404513 -0.00369982 -0.00341201 -0.00313659 -0.00288687 -0.00270729 -0.00253149 -0.00237424 -0.00223939 -0.00214338 -0.0020429 -0.00196975 -0.0019115 -0.00187111 -0.00180266 -0.00176941 -0.00176329 -0.00173846 -0.00169446 -0.0016902 -0.00168423 -0.00166441 -0.0016557 -0.0016474 -0.00163444 -0.00163172 -0.00162921 -0.00161328 -0.00161249 -0.00160968 -0.00160331 -0.00159548 -0.00159845 -0.00158949 -0.00158908 -0.00158519 -0.00158538 -0.00157867 -0.00158294 -0.00157721 -0.00157869 -0.00157695 -0.00157984 -0.00157396 -0.00158159 -0.00157989 -0.00157903 -0.00158127 -0.00158985 -0.00158428 -0.0015904 -0.00159495 -0.00159458 -0.00160462 -0.00161395 -0.00160171 -0.00161043 -0.00164111 -0.00163247 -0.00162226 -0.00164165 -0.00166291 -0.00165421 -0.00166133 -0.00166261 -0.00166911 -0.0016577 -0.00166446 -0.0016545 -0.00162826 -0.00158734 -0.00157569 -0.00152006 -0.00144941 -0.00138542 -0.00129089 -0.00115875 -0.00103124 -0.000884567 -0.000689368 -0.000480933 -0.000227536 4.43708e-05 0.000368694 0.000722694 0.00112489 0.0015564 0.0020569 0.00260849 0.00320008 0.00383707 0.00453372 0.00528337 0.00604345 0.00687057 0.0077116 0.0085893 0.00946758 0.0103326 0.011199 0.0120474 0.012838 0.0135741 0.0142622 0.0148477 0.0153633 0.0157263 0.0159755 0.0161009 0.0160479 0.0158435 0.0154369 0.0148608 0.0140935 0.0131184 0.0119291 0.0105432 0.00897595 0.00723918 0.00536663 0.00336981 0.00134952 -0.000653554 -0.00256239 -0.00431237 -0.0058769 -0.00716467 -0.00817844 -0.00889479 -0.00933892 -0.00957027 -0.00961212 -0.00956154 -0.00949252 -0.00951372 -0.00973903 -0.0102182 -0.0110113 
0 0.000537928 0.000901594 0.00099259 0.000645553 -0.000143046 -0.00138415 -0.00299327 -0.00480761 -0.00674025 -0.00862856 -0.0104171 -0.0120325 -0.0133988 -0.0145271 -0.015403 -0.0161073 -0.0167104 -0.0172535 -0.0178004 -0.0183818 -0.0190426 -0.0198142 -0.0206716 -0.0215934 -0.0225684 -0.0235768 -0.0246092 -0.0256173 -0.0265564 -0.0274238 -0.0282028 -0.0288674 -0.0293914 -0.029755 -0.0299695 -0.0300383 -0.0299335 -0.0296462 -0.0292103 -0.0286285 -0.0279011 -0.0270495 -0.0260635 -0.0250118 -0.0238839 -0.0226615 -0.0214127 -0.0201439 -0.0188609 -0.0175886 -0.0163362 -0.0151166 -0.013969 -0.0128356 -0.011768 -0.0107914 -0.0098695 -0.00900872 -0.00822833 -0.00752322 -0.00686427 -0.00627221 -0.00574577 -0.00529386 -0.00486781 -0.00450917 -0.00418745 -0.00390549 -0.00366441 -0.00346822 -0.00329071 -0.00314964 -0.00301988 -0.00290444 -0.00283273 -0.00276619 -0.00270386 -0.00264907 -0.00260914 -0.00257288 -0.0025662 -0.00252564 -0.00249757 -0.00248941 -0.00248716 -0.00245121 -0.00245001 -0.00243914 -0.00242957 -0.00241408 -0.00241751 -0.00239848 -0.00239879 -0.00238969 -0.00238827 -0.00237583 -0.00238118 -0.00236969 -0.00237203 -0.00236555 -0.00236939 -0.00235996 -0.00236872 -0.00236173 -0.0023661 -0.00236388 -0.00237282 -0.00236389 -0.00237912 -0.00237674 -0.00237886 -0.00238371 -0.00240589 -0.00239002 -0.00240174 -0.0024187 -0.00243107 -0.00242532 -0.00244397 -0.00244475 -0.00246925 -0.00248361 -0.00247874 -0.00247804 -0.00250791 -0.00250825 -0.00250015 -0.00249861 -0.00248231 -0.00246089 -0.00243042 -0.00239147 -0.00232863 -0.00224824 -0.0021358 -0.0020269 -0.0018755 -0.00169898 -0.0014789 -0.00123221 -0.000942101 -0.000601734 -0.000213661 0.000199618 0.000694393 0.00126764 0.00186438 0.00254848 0.00330602 0.00412313 0.00500772 0.00596323 0.00698285 0.00808673 0.00921639 0.0103844 0.0116144 0.0128497 0.0140882 0.015316 0.0165295 0.017706 0.0188095 0.019817 0.0207317 0.0215357 0.0221806 0.0226523 0.0229453 0.0230403 0.0229151 0.0225311 0.0218766 0.0209686 0.0197813 0.0182975 0.016521 0.0144534 0.0121415 0.00960198 0.00684822 0.00397051 0.00103029 -0.00184859 -0.0045667 -0.00707194 -0.00923485 -0.011026 -0.0123733 -0.0132705 -0.0137914 -0.0139453 -0.0138677 -0.013628 -0.0133701 -0.0132789 -0.0134559 -0.0140664 -0.0151217 
0 0.000478219 0.000757981 0.000645553 1.64148e-05 -0.00120468 -0.00299116 -0.0052166 -0.00773063 -0.010335 -0.0128899 -0.0152793 -0.0173967 -0.0191935 -0.0206164 -0.0217079 -0.0225414 -0.0232048 -0.0237891 -0.0243479 -0.0249528 -0.025659 -0.0265056 -0.0274689 -0.0285381 -0.0296734 -0.0308727 -0.0321201 -0.033328 -0.0345007 -0.0355688 -0.0365478 -0.0374063 -0.0380702 -0.038566 -0.0388623 -0.0389767 -0.0388834 -0.0385744 -0.038067 -0.037399 -0.0365435 -0.0355107 -0.034341 -0.0330392 -0.0316525 -0.0301502 -0.0285939 -0.0270021 -0.0253954 -0.0237669 -0.0221484 -0.0205849 -0.019062 -0.0175898 -0.0161892 -0.0148852 -0.0136393 -0.012491 -0.0114146 -0.0104462 -0.00956591 -0.0087502 -0.00801916 -0.00738445 -0.00679445 -0.00626744 -0.0058384 -0.00544539 -0.00509628 -0.00479567 -0.00455383 -0.0043317 -0.00414998 -0.00400019 -0.00388524 -0.00375445 -0.0036659 -0.00361413 -0.00355245 -0.00347832 -0.00345039 -0.00342024 -0.00338171 -0.00335928 -0.00333972 -0.00331203 -0.0033009 -0.00328979 -0.00326683 -0.00325739 -0.00325029 -0.00323693 -0.00322537 -0.00322267 -0.00321127 -0.00320593 -0.00320048 -0.00319686 -0.0031896 -0.00319074 -0.00318526 -0.00318478 -0.00318418 -0.00318567 -0.00318198 -0.00318951 -0.00319041 -0.0031901 -0.00319712 -0.00320701 -0.0032051 -0.00321515 -0.0032268 -0.00322846 -0.00324449 -0.00326059 -0.00325617 -0.00327009 -0.00330755 -0.00330412 -0.00330287 -0.00332927 -0.00335129 -0.00334388 -0.0033545 -0.00335272 -0.00334826 -0.00332649 -0.00331379 -0.00327644 -0.00321388 -0.00313079 -0.00305994 -0.00293387 -0.00277602 -0.00261103 -0.00239371 -0.00211839 -0.00182147 -0.00148097 -0.00106302 -0.000595182 -5.18313e-05 0.000543418 0.00123236 0.00199517 0.00283437 0.00374693 0.00476775 0.00587267 0.00704728 0.00829694 0.00963091 0.0110385 0.0124668 0.0139627 0.0154829 0.0170267 0.0185517 0.0200396 0.021499 0.022899 0.024188 0.0253593 0.0264147 0.0272973 0.0280114 0.0284754 0.0287173 0.0287186 0.0284165 0.0278153 0.026866 0.0255979 0.0239846 0.0220011 0.0196444 0.0169403 0.0139251 0.0106292 0.0071036 0.0034112 -0.00030296 -0.00392709 -0.00732615 -0.0103895 -0.0130271 -0.0151206 -0.0166386 -0.0175635 -0.0179532 -0.0179002 -0.0175008 -0.0169168 -0.0163221 -0.0159296 -0.0159424 -0.0165007 -0.0176912 
0 0.000268571 0.000289451 -0.000143046 -0.00120468 -0.00295438 -0.00536188 -0.00828577 -0.0115143 -0.0148369 -0.018054 -0.021026 -0.0236331 -0.0257928 -0.0274758 -0.0287128 -0.0296033 -0.0302604 -0.0307877 -0.0312731 -0.0317988 -0.0324386 -0.0332389 -0.0341914 -0.0352745 -0.0364656 -0.0377493 -0.0391004 -0.0404508 -0.0417586 -0.0429855 -0.0441158 -0.0451122 -0.0459205 -0.0465308 -0.0469334 -0.0471298 -0.0470932 -0.0468114 -0.0463085 -0.0456014 -0.0446841 -0.0435662 -0.0422698 -0.0408302 -0.0392639 -0.0375612 -0.0357746 -0.033931 -0.0320448 -0.0301316 -0.0282163 -0.0263344 -0.0244975 -0.0226981 -0.0209703 -0.019342 -0.0177936 -0.0163394 -0.014987 -0.0137471 -0.0126031 -0.0115511 -0.010606 -0.00976748 -0.00899999 -0.00831829 -0.00772539 -0.00719594 -0.0067309 -0.00633146 -0.00598915 -0.00569098 -0.00543176 -0.0052128 -0.00503995 -0.00488164 -0.00475084 -0.00464852 -0.00455676 -0.00447559 -0.00442586 -0.00436998 -0.00431769 -0.00428655 -0.00426002 -0.00422241 -0.00420208 -0.00418375 -0.00416111 -0.00414358 -0.00413281 -0.00411529 -0.00410361 -0.00409433 -0.00408412 -0.00407415 -0.00406913 -0.00406161 -0.00405665 -0.00405317 -0.00405039 -0.00404721 -0.00404881 -0.00404787 -0.00404862 -0.00405282 -0.00405726 -0.0040583 -0.00406877 -0.00407579 -0.00407994 -0.00409278 -0.00410933 -0.00411135 -0.00412768 -0.00414969 -0.00415987 -0.00417135 -0.00419742 -0.00420693 -0.00422241 -0.0042432 -0.00424974 -0.00424748 -0.00425869 -0.00425179 -0.00423005 -0.00419807 -0.00415567 -0.00409211 -0.00400431 -0.00389316 -0.00376048 -0.00358135 -0.00336149 -0.00311786 -0.00281778 -0.00245538 -0.00204071 -0.00156669 -0.00101275 -0.000381123 0.000330028 0.00111404 0.00200679 0.00299935 0.00407046 0.00523939 0.00651541 0.00787742 0.00931754 0.0108352 0.0124319 0.0140954 0.0157808 0.0175004 0.0192442 0.0209803 0.0226794 0.0243265 0.0259153 0.0274163 0.0287814 0.0299934 0.0310472 0.0319073 0.0325407 0.0329046 0.0330001 0.0328053 0.0322765 0.0313836 0.0301041 0.0284484 0.0263948 0.0239214 0.0210276 0.0177401 0.0141053 0.0101632 0.00596763 0.0016204 -0.00273585 -0.00694255 -0.0108444 -0.0143142 -0.0172148 -0.0194417 -0.0209306 -0.0216787 -0.0217626 -0.0212787 -0.0203828 -0.0192538 -0.0181275 -0.0172708 -0.0169154 -0.0172649 -0.0184117 
0 -0.000102188 -0.000489477 -0.00138415 -0.00299116 -0.00536188 -0.00845676 -0.0121189 -0.0160882 -0.0201345 -0.0240118 -0.0275508 -0.0306189 -0.0331078 -0.0350052 -0.0363376 -0.0372228 -0.0377978 -0.038183 -0.0385004 -0.0388468 -0.039315 -0.0399584 -0.0407869 -0.0417745 -0.0429113 -0.0441733 -0.0455248 -0.0469202 -0.0482835 -0.0496007 -0.0508298 -0.0519288 -0.052861 -0.0535834 -0.0541026 -0.054401 -0.0544571 -0.054256 -0.0538201 -0.05315 -0.0522529 -0.0511348 -0.0498043 -0.0483125 -0.0466544 -0.0448468 -0.0429223 -0.0409158 -0.0388362 -0.0367107 -0.0345626 -0.0324183 -0.0303094 -0.0282259 -0.0262065 -0.0242723 -0.0224286 -0.0206697 -0.0190305 -0.0175063 -0.0160896 -0.0147868 -0.0136042 -0.0125344 -0.0115625 -0.010698 -0.0099239 -0.0092407 -0.00863459 -0.00810881 -0.00764537 -0.00724978 -0.00690057 -0.00660362 -0.00635277 -0.006142 -0.00595861 -0.00580597 -0.00567654 -0.00557096 -0.00548646 -0.00540758 -0.00534124 -0.00529188 -0.00525049 -0.00520536 -0.00517422 -0.00514611 -0.00512093 -0.0050956 -0.00507932 -0.00505846 -0.00504463 -0.00502911 -0.00501889 -0.00500531 -0.00499912 -0.00498873 -0.00498486 -0.00497784 -0.00497669 -0.00497215 -0.0049747 -0.00497261 -0.00497721 -0.00497955 -0.0049866 -0.0049903 -0.00500304 -0.00501011 -0.005021 -0.00503494 -0.00505387 -0.00506354 -0.00508214 -0.00510386 -0.00512389 -0.00514059 -0.00516081 -0.00517776 -0.00519707 -0.0052123 -0.00521306 -0.00521251 -0.0052089 -0.00518905 -0.00514692 -0.00509747 -0.0050216 -0.00492202 -0.0047905 -0.00463346 -0.00443045 -0.00418683 -0.00389096 -0.00354828 -0.0031413 -0.00266617 -0.00211543 -0.0014903 -0.000779429 3.47302e-05 0.000935258 0.00193195 0.00304027 0.00426179 0.0055656 0.00697986 0.00849393 0.0100935 0.0117676 0.0135095 0.0153128 0.0171594 0.0190225 0.0208821 0.0227505 0.0245761 0.0263386 0.0280225 0.029611 0.0310762 0.0323805 0.0335007 0.034423 0.0351328 0.0355688 0.035723 0.0355722 0.0350955 0.034268 0.033037 0.0314031 0.0293564 0.0268821 0.02396 0.0205913 0.0168028 0.012646 0.00817203 0.00344308 -0.00140783 -0.00623623 -0.0108455 -0.0150634 -0.0187399 -0.0217048 -0.02386 -0.0251176 -0.0254905 -0.0250655 -0.0239557 -0.0223652 -0.0205012 -0.0186569 -0.0171487 -0.0162477 -0.0162061 -0.0171388 
0 -0.000606809 -0.00150421 -0.00299327 -0.0052166 -0.00828577 -0.0121189 -0.0165248 -0.0212637 -0.0260101 -0.0305432 -0.0346307 -0.0381163 -0.0409183 -0.042977 -0.0443714 -0.0452063 -0.0456359 -0.0458237 -0.0458959 -0.0459858 -0.0461969 -0.0465917 -0.0471914 -0.0479943 -0.0489699 -0.0501117 -0.0513786 -0.0527072 -0.0540663 -0.055391 -0.0566596 -0.0578302 -0.0588419 -0.0596797 -0.0603176 -0.060736 -0.0609192 -0.0608571 -0.0605373 -0.0599866 -0.0591921 -0.0581468 -0.0568982 -0.0554315 -0.0537822 -0.0519708 -0.0500039 -0.0479217 -0.0457508 -0.04349 -0.0411792 -0.0388598 -0.036519 -0.0342133 -0.0319486 -0.0297418 -0.0276123 -0.0255799 -0.0236432 -0.021825 -0.0201381 -0.0185632 -0.0171159 -0.0157919 -0.0145937 -0.0134952 -0.0125304 -0.0116646 -0.0108871 -0.010196 -0.00960403 -0.00907069 -0.00861271 -0.00822663 -0.00788371 -0.0075793 -0.00732961 -0.00713103 -0.00695136 -0.00679408 -0.00665953 -0.00656606 -0.00647595 -0.00639798 -0.00632753 -0.00628327 -0.00623157 -0.00619527 -0.00615539 -0.00613055 -0.00609865 -0.00608144 -0.00605454 -0.00604181 -0.00602117 -0.00601297 -0.00599557 -0.00599167 -0.00597876 -0.00597824 -0.00596882 -0.00597278 -0.00596703 -0.00597377 -0.00597261 -0.00598404 -0.00598543 -0.00600082 -0.00600648 -0.00602582 -0.00603806 -0.00605915 -0.00606931 -0.00610062 -0.00612257 -0.00614417 -0.006158 -0.00619264 -0.00621789 -0.006236 -0.00623704 -0.00625221 -0.00626383 -0.00625057 -0.00621545 -0.00618014 -0.00612187 -0.00602926 -0.00592483 -0.00577868 -0.00558727 -0.00535536 -0.0050922 -0.00475598 -0.00436723 -0.00390771 -0.00337614 -0.00274973 -0.00205317 -0.0012597 -0.000357124 0.000645595 0.00175342 0.00297903 0.00430944 0.00573631 0.0072828 0.00890566 0.0106272 0.0124316 0.014286 0.0161875 0.0181347 0.0200812 0.0220225 0.023949 0.0258163 0.0276309 0.0293422 0.0309337 0.0323987 0.0337014 0.0348114 0.0357162 0.0363968 0.036821 0.036976 0.0368152 0.0363371 0.0355263 0.0343352 0.0327544 0.030756 0.0283329 0.0254766 0.022164 0.0183961 0.0142112 0.009648 0.00476911 -0.000326606 -0.00553064 -0.0106372 -0.0154629 -0.0198116 -0.0234744 -0.0263238 -0.0281883 -0.0290219 -0.0288355 -0.0276932 -0.0257952 -0.0233136 -0.0205527 -0.0178345 -0.015499 -0.0139184 -0.0133127 -0.0138896 
0 -0.00118191 -0.00269866 -0.00480761 -0.00773063 -0.0115143 -0.0160882 -0.0212637 -0.0267225 -0.0321846 -0.0373358 -0.0419397 -0.0458373 -0.0488902 -0.051105 -0.0525197 -0.0532693 -0.0535323 -0.0534692 -0.0532594 -0.0530417 -0.0529343 -0.0530087 -0.0533164 -0.0538362 -0.0545868 -0.0555287 -0.0566142 -0.0578398 -0.0590908 -0.0603846 -0.0616399 -0.0628121 -0.0638983 -0.064813 -0.0655733 -0.0661306 -0.0664721 -0.0665766 -0.0664505 -0.0660609 -0.0654343 -0.0645713 -0.0634567 -0.0621428 -0.0605971 -0.058874 -0.0569635 -0.0549095 -0.0527108 -0.0504182 -0.0480491 -0.0456048 -0.0431423 -0.040663 -0.0381976 -0.0357601 -0.033405 -0.031097 -0.0289098 -0.026812 -0.0248205 -0.0229658 -0.0212455 -0.0196399 -0.0181818 -0.0168627 -0.0156354 -0.0145465 -0.0135726 -0.0127143 -0.0119327 -0.0112623 -0.0106618 -0.0101384 -0.00967128 -0.00930592 -0.00896779 -0.00865942 -0.00840871 -0.00822285 -0.00803807 -0.00788119 -0.00775655 -0.00765133 -0.0075628 -0.00748815 -0.00741892 -0.00736152 -0.00732116 -0.00727539 -0.00723972 -0.00720781 -0.00718438 -0.00715585 -0.00713997 -0.00711875 -0.00710797 -0.00709191 -0.00708712 -0.00707585 -0.00707588 -0.00707007 -0.00707474 -0.00707385 -0.00708467 -0.00708773 -0.00710168 -0.00711497 -0.00713308 -0.00714533 -0.00717206 -0.00719519 -0.00722067 -0.00724778 -0.00727222 -0.00730159 -0.00734293 -0.00736499 -0.00736708 -0.0074024 -0.00742781 -0.0074179 -0.0073907 -0.00738079 -0.00733268 -0.00726815 -0.00716489 -0.00704642 -0.00686932 -0.00666616 -0.00641685 -0.00612301 -0.0057324 -0.00530277 -0.00479719 -0.00419454 -0.00351501 -0.00274936 -0.00185837 -0.000861061 0.000226163 0.00145088 0.00276407 0.00420225 0.00574016 0.00738999 0.0091166 0.0109427 0.0128197 0.014751 0.0167252 0.0187179 0.0207133 0.0226808 0.0246273 0.0264799 0.0282728 0.0299404 0.0314812 0.0328798 0.0341003 0.035127 0.0359464 0.0365306 0.0368534 0.0369357 0.0366967 0.0361831 0.0353368 0.0341409 0.0326067 0.0306565 0.0283239 0.0255633 0.0223713 0.0187426 0.0146755 0.0101971 0.00535922 0.000229895 -0.00509842 -0.0104553 -0.0156844 -0.0205373 -0.0248115 -0.0283047 -0.030808 -0.0322243 -0.0324454 -0.0315115 -0.0295251 -0.0266465 -0.0231624 -0.0193621 -0.0156375 -0.0123902 -0.00997769 -0.00872741 -0.00882079 
0 -0.00181012 -0.00394703 -0.00674025 -0.010335 -0.0148369 -0.0201345 -0.0260101 -0.0321846 -0.0382837 -0.0440274 -0.0491215 -0.053379 -0.0566949 -0.059026 -0.0604603 -0.0611153 -0.0611798 -0.060853 -0.0603243 -0.0597635 -0.0593021 -0.0590244 -0.0589836 -0.059204 -0.0596686 -0.0603638 -0.0612422 -0.06227 -0.0634064 -0.0645999 -0.0658029 -0.0669729 -0.0680778 -0.0690726 -0.0699352 -0.0706183 -0.0711162 -0.0714223 -0.0714951 -0.0713418 -0.0709516 -0.070314 -0.0694525 -0.0683392 -0.0669903 -0.0654534 -0.0637019 -0.0617659 -0.0596733 -0.0574294 -0.0550725 -0.0526197 -0.0500795 -0.0475191 -0.0449389 -0.0423433 -0.0397833 -0.0372739 -0.0348304 -0.0324653 -0.0302152 -0.0280852 -0.0260709 -0.0241762 -0.0224387 -0.0208258 -0.0193549 -0.0180263 -0.0168176 -0.0157267 -0.0147582 -0.0138899 -0.0131314 -0.0124716 -0.0118705 -0.011353 -0.0109078 -0.0105258 -0.0101978 -0.00991538 -0.00965266 -0.00945896 -0.00929347 -0.0091367 -0.00900099 -0.00891027 -0.00881397 -0.00873694 -0.008671 -0.00861869 -0.00856437 -0.00852911 -0.00848917 -0.00846111 -0.00843169 -0.0084136 -0.00839143 -0.0083801 -0.00836512 -0.00836124 -0.00835286 -0.00835511 -0.00835332 -0.00836221 -0.00836775 -0.00838267 -0.00839364 -0.00841791 -0.00843318 -0.00846203 -0.0084913 -0.00852061 -0.00854255 -0.00859339 -0.00862513 -0.00864857 -0.00867968 -0.00872169 -0.00873594 -0.00875373 -0.00874677 -0.00873278 -0.00871594 -0.00867063 -0.00857247 -0.00847006 -0.00833405 -0.00814676 -0.00792083 -0.00763927 -0.00729058 -0.00688072 -0.00639932 -0.00583577 -0.0051906 -0.00442859 -0.00357156 -0.00260864 -0.00153575 -0.000342345 0.00096354 0.00238354 0.00391268 0.00556436 0.00729096 0.00909201 0.010991 0.0129332 0.014912 0.0169285 0.0189415 0.0209392 0.0229019 0.0247853 0.0266095 0.0283298 0.0299075 0.0313516 0.0326267 0.0337109 0.0345943 0.035248 0.0356786 0.0358702 0.0357966 0.0354564 0.0348355 0.0339252 0.0327011 0.0311534 0.0292604 0.0270121 0.0243887 0.0213614 0.0179281 0.0140756 0.00981172 0.0051613 0.000168246 -0.00508881 -0.0104806 -0.0158641 -0.0210252 -0.0257401 -0.0297835 -0.0329002 -0.0349346 -0.0357155 -0.0351921 -0.0333959 -0.0304118 -0.0264918 -0.0218792 -0.0169718 -0.0121809 -0.00792226 -0.0046518 -0.00265295 -0.00220653 
0 -0.00242614 -0.00519942 -0.00862856 -0.0128899 -0.018054 -0.0240118 -0.0305432 -0.0373358 -0.0440274 -0.0502901 -0.0558163 -0.0604034 -0.0639256 -0.0663655 -0.0677991 -0.0683558 -0.0682356 -0.0676488 -0.0668136 -0.0659184 -0.0651006 -0.0644579 -0.0640644 -0.063946 -0.064115 -0.0645405 -0.0651778 -0.0660169 -0.0669922 -0.0680791 -0.0692062 -0.0703306 -0.0714451 -0.0724876 -0.0734403 -0.074252 -0.0749152 -0.0754178 -0.0757264 -0.0758139 -0.0756854 -0.0753374 -0.0747588 -0.0739399 -0.0728708 -0.0715969 -0.0700894 -0.068369 -0.066448 -0.0643607 -0.0621295 -0.0597475 -0.0572524 -0.0546869 -0.0520574 -0.0493743 -0.0466995 -0.0440318 -0.0414132 -0.0388342 -0.0363319 -0.0339408 -0.031656 -0.0294767 -0.0274546 -0.0255708 -0.0238055 -0.0221947 -0.0207294 -0.019405 -0.0181986 -0.0171231 -0.0161658 -0.0153135 -0.0145439 -0.0139007 -0.0133239 -0.0127999 -0.0123589 -0.0119987 -0.0116587 -0.0113775 -0.011144 -0.0109364 -0.0107599 -0.0106223 -0.0104913 -0.0103829 -0.0102979 -0.0102214 -0.0101525 -0.0100986 -0.0100519 -0.0100105 -0.00997626 -0.00994763 -0.00992561 -0.00990586 -0.00989219 -0.00988358 -0.00987894 -0.00987689 -0.00988189 -0.00988985 -0.0099023 -0.00991753 -0.00993903 -0.00996627 -0.00999216 -0.0100232 -0.0100637 -0.0101011 -0.010136 -0.0101844 -0.01022 -0.0102544 -0.0102982 -0.0103243 -0.0103212 -0.0103428 -0.0103389 -0.0102915 -0.01023 -0.0101607 -0.0100302 -0.00987452 -0.00967306 -0.00941727 -0.00909295 -0.00871659 -0.0082681 -0.00773735 -0.00709624 -0.0063786 -0.00556082 -0.00461079 -0.00356208 -0.00240679 -0.00111308 0.000301808 0.00181108 0.00343653 0.005152 0.00697208 0.00885126 0.01079 0.0127858 0.0148081 0.0168149 0.0188152 0.0207864 0.0226987 0.0245274 0.026243 0.0278601 0.0293163 0.0306021 0.0317042 0.0326168 0.0333212 0.0337936 0.0340267 0.0340353 0.0338006 0.0333002 0.0325525 0.0315335 0.0302679 0.028711 0.0268496 0.024689 0.0221941 0.0193636 0.0161535 0.01256 0.00858744 0.00423801 -0.000467557 -0.0054822 -0.0107217 -0.0160488 -0.0212955 -0.0262618 -0.0306983 -0.0343655 -0.037006 -0.0384266 -0.0384887 -0.0371247 -0.0343758 -0.0303555 -0.0253115 -0.0195578 -0.0135073 -0.00762005 -0.00235612 0.00182623 0.00457616 0.0056118 
0 -0.00301901 -0.00639361 -0.0104171 -0.0152793 -0.021026 -0.0275508 -0.0346307 -0.0419397 -0.0491215 -0.0558163 -0.0617043 -0.0665639 -0.0702621 -0.0727918 -0.0742222 -0.0746905 -0.0743989 -0.0735718 -0.0724501 -0.071239 -0.070087 -0.0691031 -0.0683753 -0.0679413 -0.0678245 -0.0679883 -0.0683917 -0.0690314 -0.0698457 -0.070813 -0.0718563 -0.0729327 -0.0740403 -0.0751185 -0.0761414 -0.0770602 -0.0778692 -0.0785575 -0.0790943 -0.0794385 -0.0795941 -0.0795601 -0.0793059 -0.0788214 -0.0780896 -0.0771474 -0.0759692 -0.0745576 -0.072917 -0.0710828 -0.0690682 -0.0668577 -0.0644994 -0.0620265 -0.0594499 -0.0567752 -0.0540598 -0.0513106 -0.0485702 -0.0458347 -0.0431439 -0.0405395 -0.0380119 -0.0355702 -0.0332651 -0.0310988 -0.0290475 -0.0271527 -0.0254078 -0.023812 -0.0223422 -0.0210245 -0.0198447 -0.0187839 -0.0178216 -0.0169964 -0.0162597 -0.0155956 -0.0150287 -0.0145461 -0.0141038 -0.01373 -0.0134204 -0.0131414 -0.0129042 -0.0127102 -0.01254 -0.0123916 -0.0122749 -0.0121697 -0.0120818 -0.0120061 -0.0119466 -0.011891 -0.0118483 -0.0118094 -0.0117841 -0.0117572 -0.0117423 -0.0117306 -0.0117277 -0.0117238 -0.0117336 -0.0117429 -0.0117613 -0.0117802 -0.0118107 -0.0118412 -0.0118778 -0.011916 -0.0119647 -0.0120055 -0.0120517 -0.0121031 -0.0121427 -0.0121732 -0.0122146 -0.0122334 -0.0122234 -0.0122197 -0.0121893 -0.0121122 -0.0120161 -0.0118964 -0.0117059 -0.011476 -0.0111954 -0.0108492 -0.0104153 -0.00991353 -0.00932196 -0.00863273 -0.00782119 -0.00692429 -0.00590699 -0.00474916 -0.00348216 -0.00211274 -0.000605979 0.00101246 0.00271392 0.0045167 0.00639639 0.00835049 0.0103329 0.0123437 0.0143714 0.0163941 0.018359 0.0202747 0.0221219 0.0238623 0.0254657 0.0269197 0.0282335 0.0293498 0.0302666 0.0309685 0.0314653 0.0317379 0.0317644 0.0315539 0.0311303 0.0304793 0.0295825 0.0284632 0.0271059 0.0255389 0.0237147 0.0216195 0.0192682 0.0166257 0.0136868 0.0104031 0.00676652 0.00278737 -0.00153316 -0.00618072 -0.0111064 -0.0162162 -0.0213645 -0.0263667 -0.0310255 -0.0350811 -0.0382769 -0.0403538 -0.041097 -0.0403826 -0.0381433 -0.0344232 -0.0293577 -0.0232004 -0.0163183 -0.00915029 -0.00219414 0.00405307 0.00912378 0.012618 0.0142424 
0 -0.00356481 -0.0074677 -0.0120325 -0.0173967 -0.0236331 -0.0306189 -0.0381163 -0.0458373 -0.053379 -0.0604034 -0.0665639 -0.071615 -0.0754519 -0.0780345 -0.0794579 -0.0798526 -0.0794148 -0.0783906 -0.0770281 -0.0755442 -0.0741018 -0.0728217 -0.0717838 -0.0710759 -0.0706872 -0.0706089 -0.0708095 -0.0712436 -0.0719242 -0.0727627 -0.0737188 -0.0747524 -0.0758311 -0.0769412 -0.0780224 -0.0790406 -0.0799834 -0.0808577 -0.0815978 -0.0822011 -0.0826412 -0.0829118 -0.0830146 -0.0828822 -0.082534 -0.0819741 -0.081189 -0.0801464 -0.0788814 -0.0773856 -0.0756769 -0.0737587 -0.0716296 -0.0693534 -0.0669283 -0.0643653 -0.0616903 -0.0589709 -0.0561845 -0.0533698 -0.0505671 -0.0478055 -0.0450793 -0.0424253 -0.0398781 -0.0374315 -0.0351154 -0.0329331 -0.030901 -0.0290074 -0.0272752 -0.0256781 -0.0242449 -0.0229447 -0.0217769 -0.0207256 -0.019802 -0.0189793 -0.0182641 -0.0176258 -0.0170625 -0.0165843 -0.0161761 -0.0158088 -0.0154928 -0.0152358 -0.0150094 -0.0148151 -0.0146503 -0.0145167 -0.0143964 -0.0143007 -0.0142158 -0.0141507 -0.0140889 -0.0140463 -0.0140068 -0.0139809 -0.0139557 -0.0139484 -0.0139386 -0.0139422 -0.0139479 -0.0139672 -0.0139835 -0.0140149 -0.0140466 -0.0140878 -0.0141263 -0.014179 -0.0142287 -0.0142766 -0.0143224 -0.0143785 -0.0144173 -0.0144409 -0.0144613 -0.0144688 -0.0144502 -0.0144041 -0.014327 -0.0142126 -0.0140738 -0.0138694 -0.0136043 -0.0132825 -0.0129028 -0.0124197 -0.0118621 -0.0112014 -0.0104383 -0.00955222 -0.00856169 -0.00744247 -0.00620522 -0.00483398 -0.0033458 -0.00175203 -5.02478e-05 0.00175292 0.00363767 0.00556823 0.00757337 0.00960794 0.0116391 0.0136499 0.0156603 0.0175935 0.0194417 0.0211961 0.0228254 0.0243122 0.0256171 0.0267384 0.0276725 0.0284075 0.0288878 0.0291649 0.0292242 0.029052 0.0286543 0.0280293 0.027213 0.0261975 0.0249749 0.0235408 0.0219435 0.0201495 0.0181515 0.0159358 0.0134788 0.0108078 0.00785388 0.00459775 0.00102561 -0.00286471 -0.00705647 -0.0115465 -0.0162875 -0.0211754 -0.0260473 -0.0307356 -0.0350039 -0.038619 -0.0412987 -0.0427603 -0.0428245 -0.0413151 -0.0382145 -0.0335545 -0.0274683 -0.0202712 -0.0123105 -0.00410295 0.00384356 0.0110198 0.0168996 0.0211067 0.023281 
0 -0.00403097 -0.00841535 -0.0133988 -0.0191935 -0.0257928 -0.0331078 -0.0409183 -0.0488902 -0.0566949 -0.0639256 -0.0702621 -0.0754519 -0.0793569 -0.0819788 -0.0833789 -0.0837063 -0.0831512 -0.0819653 -0.0804004 -0.0786949 -0.0770095 -0.0754691 -0.0741917 -0.0732219 -0.0726155 -0.0723271 -0.0723284 -0.0726182 -0.073143 -0.0738812 -0.0747577 -0.0757324 -0.0767976 -0.0779222 -0.0790508 -0.0801628 -0.0812405 -0.0822617 -0.0832242 -0.0840537 -0.0847645 -0.0853587 -0.085784 -0.0860348 -0.0860894 -0.0859381 -0.0855772 -0.0849803 -0.0841241 -0.0830543 -0.0817495 -0.0801903 -0.0784164 -0.076435 -0.0742567 -0.0718998 -0.0694006 -0.0667744 -0.0640614 -0.0612685 -0.0584232 -0.0555714 -0.0527347 -0.0499208 -0.0471703 -0.0445216 -0.041948 -0.0394882 -0.0371787 -0.0350171 -0.0329822 -0.0311187 -0.0294099 -0.0278377 -0.0264143 -0.0251582 -0.0240248 -0.0229923 -0.0220844 -0.0213023 -0.0206094 -0.0199853 -0.01945 -0.0189899 -0.0185939 -0.0182451 -0.0179517 -0.0176964 -0.0174877 -0.0173044 -0.0171538 -0.0170218 -0.0169201 -0.0168278 -0.0167579 -0.0166956 -0.0166535 -0.0166139 -0.0165922 -0.0165734 -0.0165707 -0.016568 -0.0165823 -0.0165977 -0.0166259 -0.0166538 -0.016698 -0.0167387 -0.0167891 -0.0168367 -0.016892 -0.0169401 -0.016992 -0.0170246 -0.0170508 -0.0170706 -0.0170758 -0.0170338 -0.0169697 -0.0168924 -0.0167728 -0.0165806 -0.0163391 -0.0160585 -0.0156989 -0.015248 -0.0147173 -0.0140951 -0.0133452 -0.0125002 -0.0115454 -0.0104501 -0.00921483 -0.00787985 -0.00640996 -0.00481332 -0.00311942 -0.00133227 0.000562037 0.002526 0.00452612 0.00656952 0.00862787 0.0106764 0.0126918 0.0146576 0.0165406 0.0183347 0.0199842 0.0214795 0.0228352 0.0239938 0.0249377 0.0256842 0.0262167 0.0265114 0.026586 0.0264238 0.0260641 0.0255048 0.0247157 0.0237513 0.0226185 0.0213178 0.0198494 0.0182245 0.0164567 0.01456 0.0124954 0.0102421 0.0078225 0.00519082 0.0023364 -0.000796023 -0.0042257 -0.00792925 -0.0119237 -0.016187 -0.0206783 -0.0252829 -0.0298434 -0.0341586 -0.0380205 -0.0411658 -0.0433004 -0.0441722 -0.0435345 -0.0412865 -0.0373607 -0.0318055 -0.0248078 -0.0166217 -0.00771644 0.0014339 0.0102723 0.0182385 0.0248687 0.0296687 0.0323415 
0 -0.00443003 -0.00918221 -0.0145271 -0.0206164 -0.0274758 -0.0350052 -0.042977 -0.051105 -0.059026 -0.0663655 -0.0727918 -0.0780345 -0.0819788 -0.0846002 -0.0859716 -0.0862386 -0.0855805 -0.0842546 -0.0825251 -0.080619 -0.0787268 -0.076981 -0.0754796 -0.0743263 -0.0735201 -0.0730593 -0.0729207 -0.0730516 -0.073478 -0.0741088 -0.0749143 -0.0758589 -0.0768995 -0.0780423 -0.0792161 -0.0804053 -0.0815871 -0.0827648 -0.0838912 -0.084955 -0.0859308 -0.0868062 -0.0875737 -0.0881767 -0.0886249 -0.0888891 -0.0889772 -0.088827 -0.0884629 -0.0878582 -0.0870007 -0.0859037 -0.0845455 -0.0829562 -0.081144 -0.0791183 -0.0768709 -0.0744841 -0.0719199 -0.0692395 -0.066473 -0.063642 -0.0607607 -0.0578775 -0.0550052 -0.0521698 -0.0494189 -0.0467497 -0.0441961 -0.041748 -0.0394582 -0.0373036 -0.0353153 -0.0334796 -0.031819 -0.030273 -0.028896 -0.0276732 -0.0265835 -0.0255878 -0.0247229 -0.0239626 -0.0233024 -0.0227169 -0.0222062 -0.0217682 -0.0213971 -0.0210739 -0.020796 -0.0205663 -0.0203688 -0.0202072 -0.0200684 -0.0199575 -0.0198634 -0.0197936 -0.0197307 -0.0196915 -0.0196575 -0.0196404 -0.0196292 -0.0196353 -0.0196411 -0.0196652 -0.0196904 -0.0197274 -0.0197662 -0.0198132 -0.0198582 -0.0199119 -0.019956 -0.0199935 -0.0200284 -0.0200529 -0.0200565 -0.0200325 -0.0199859 -0.0199147 -0.0198135 -0.0196358 -0.0194172 -0.0191552 -0.0188285 -0.0183902 -0.0178873 -0.0172786 -0.016577 -0.0157469 -0.014812 -0.0137313 -0.0125301 -0.0111884 -0.00974386 -0.00815866 -0.00645844 -0.00465767 -0.00275713 -0.000782308 0.00123986 0.00330728 0.00540636 0.0074743 0.00954935 0.0115563 0.0134816 0.0153017 0.017015 0.0185618 0.0199527 0.0211544 0.0221554 0.0229489 0.0235017 0.023843 0.023955 0.0238606 0.0235238 0.022997 0.0222783 0.0213727 0.0202939 0.0190616 0.0177037 0.0162242 0.0146293 0.0129044 0.0111109 0.00919695 0.00716928 0.00500843 0.00268321 0.000219941 -0.00246779 -0.00539965 -0.00859912 -0.0120786 -0.0158221 -0.019829 -0.0240494 -0.028355 -0.0325827 -0.0365369 -0.0399753 -0.0426584 -0.0442737 -0.0445515 -0.0432852 -0.0403244 -0.0356512 -0.0293018 -0.0214598 -0.012446 -0.00269281 0.00724973 0.016828 0.0254842 0.0326942 0.038013 0.0410755 
0 -0.00474818 -0.00980822 -0.015403 -0.0217079 -0.0287128 -0.0363376 -0.0443714 -0.0525197 -0.0604603 -0.0677991 -0.0742222 -0.0794579 -0.0833789 -0.0859716 -0.0872925 -0.0874903 -0.0867393 -0.0852996 -0.0834233 -0.0813549 -0.0792849 -0.0773509 -0.0756786 -0.0743403 -0.073377 -0.072772 -0.072504 -0.0725426 -0.0728711 -0.0734334 -0.0741875 -0.0750974 -0.076126 -0.0772776 -0.0784831 -0.0797441 -0.0810315 -0.0823238 -0.0836188 -0.0848672 -0.0860688 -0.0872107 -0.0882657 -0.089212 -0.0900412 -0.0907072 -0.0912195 -0.0915341 -0.0916358 -0.0915279 -0.0911739 -0.0905802 -0.0897298 -0.0886193 -0.0872496 -0.0856389 -0.0837846 -0.0817236 -0.0794534 -0.0770163 -0.074426 -0.0717024 -0.0688993 -0.0660381 -0.0631366 -0.0602378 -0.0573645 -0.054525 -0.0517789 -0.0491234 -0.0465892 -0.0441881 -0.0419265 -0.039809 -0.0378719 -0.0360853 -0.0344628 -0.032991 -0.0316595 -0.0304743 -0.029438 -0.0285006 -0.0276709 -0.0269567 -0.026333 -0.0257839 -0.0253122 -0.0249073 -0.0245618 -0.0242689 -0.0240185 -0.0238134 -0.0236403 -0.0234969 -0.023383 -0.023293 -0.0232156 -0.0231654 -0.0231273 -0.0230999 -0.0230883 -0.0230922 -0.0230967 -0.023118 -0.0231462 -0.0231778 -0.0232149 -0.0232583 -0.0232955 -0.0233327 -0.0233631 -0.0233851 -0.0233917 -0.0233714 -0.023333 -0.0232745 -0.0231665 -0.0230073 -0.0228161 -0.0225617 -0.0222388 -0.0218369 -0.0213432 -0.0207556 -0.0200823 -0.0192707 -0.0183386 -0.0172822 -0.0160915 -0.0147641 -0.0133196 -0.0117263 -0.0100198 -0.00820057 -0.00628086 -0.00428628 -0.00222903 -0.000112599 0.00202295 0.00416123 0.00628118 0.0083425 0.0103405 0.0122301 0.0140051 0.0156343 0.0170919 0.0183571 0.0194259 0.0202636 0.0208949 0.0212954 0.0214611 0.02142 0.0211502 0.0206774 0.0200084 0.0191583 0.0181525 0.0170106 0.0157233 0.0143431 0.0128672 0.0113118 0.0096917 0.00799302 0.00625713 0.0044513 0.00256645 0.00057588 -0.00153708 -0.00379532 -0.00624819 -0.00893856 -0.011893 -0.0151116 -0.018604 -0.0223442 -0.0262881 -0.0302987 -0.0342096 -0.037812 -0.0408634 -0.0431089 -0.0442345 -0.0439859 -0.0421282 -0.0385481 -0.0332087 -0.0261607 -0.0176206 -0.00789 0.00253582 0.0131235 0.0232944 0.032468 0.0401503 0.0458422 0.0492091 
0 -0.00501754 -0.0103226 -0.0161073 -0.0225414 -0.0296033 -0.0372228 -0.0452063 -0.0532693 -0.0611153 -0.0683558 -0.0746905 -0.0798526 -0.0837063 -0.0862386 -0.0874903 -0.0876108 -0.0867688 -0.0852163 -0.0832041 -0.0809777 -0.0787416 -0.0766415 -0.0748153 -0.0733275 -0.0722281 -0.0715045 -0.0711343 -0.0710934 -0.071346 -0.0718518 -0.0725679 -0.0734599 -0.0744873 -0.0756437 -0.0768748 -0.0781813 -0.079539 -0.0809183 -0.0823348 -0.0837417 -0.0851415 -0.0865128 -0.0878243 -0.0890716 -0.0902343 -0.0912708 -0.0921834 -0.0929426 -0.0935202 -0.0939089 -0.0940639 -0.0939955 -0.0936829 -0.0931035 -0.0922608 -0.0911584 -0.0897886 -0.0881609 -0.0862826 -0.0841932 -0.081907 -0.0794272 -0.0768136 -0.0740857 -0.0712554 -0.0683741 -0.0654758 -0.0625757 -0.0597133 -0.0568992 -0.0541737 -0.0515606 -0.0490598 -0.0467026 -0.0445104 -0.0424539 -0.0405644 -0.038857 -0.0372955 -0.0358824 -0.0346326 -0.0335116 -0.0325158 -0.0316477 -0.0308831 -0.0302114 -0.0296333 -0.0291347 -0.0287069 -0.0283402 -0.0280296 -0.0277746 -0.0275585 -0.0273769 -0.0272377 -0.0271241 -0.0270278 -0.0269642 -0.0269183 -0.0268792 -0.0268636 -0.026863 -0.0268619 -0.0268766 -0.0269023 -0.0269233 -0.0269488 -0.0269783 -0.0269981 -0.0270094 -0.0270092 -0.0269917 -0.0269534 -0.026882 -0.0267783 -0.0266377 -0.0264407 -0.0261906 -0.0258843 -0.0254851 -0.0250048 -0.0244468 -0.0237669 -0.0229643 -0.022058 -0.0210061 -0.0198147 -0.0185007 -0.0170412 -0.0154375 -0.013716 -0.0118725 -0.00993045 -0.00789362 -0.00577728 -0.00361727 -0.00142315 0.000791792 0.00297281 0.00511328 0.00719552 0.00917981 0.0110437 0.0127563 0.0143056 0.0156695 0.016817 0.0177516 0.0184748 0.0189513 0.0192077 0.0192325 0.0190367 0.0186435 0.0180463 0.0172729 0.0163496 0.0152742 0.0140768 0.0127843 0.0113931 0.00995655 0.00846455 0.00694209 0.00540167 0.00383115 0.00224758 0.000625925 -0.00104869 -0.00280618 -0.00466692 -0.00667396 -0.00886427 -0.011291 -0.0139824 -0.0169468 -0.0201958 -0.0236928 -0.0273864 -0.0311314 -0.03476 -0.0380478 -0.0407511 -0.0426015 -0.0432889 -0.04257 -0.0402033 -0.0360902 -0.0301904 -0.0225683 -0.013458 -0.00316806 0.00778094 0.0188532 0.0294579 0.0390078 0.0470136 0.0529645 0.0565322 
0 -0.0052623 -0.0107663 -0.0167104 -0.0232048 -0.0302604 -0.0377978 -0.0456359 -0.0535323 -0.0611798 -0.0682356 -0.0743989 -0.0794148 -0.0831512 -0.0855805 -0.0867393 -0.0867688 -0.0858385 -0.0841752 -0.0820479 -0.0796722 -0.0772786 -0.0750288 -0.0730355 -0.0714131 -0.0701649 -0.0693208 -0.0688634 -0.0687372 -0.0689397 -0.0693941 -0.0700804 -0.070962 -0.0719875 -0.0731411 -0.0743949 -0.0757369 -0.0771418 -0.078603 -0.0800905 -0.0816215 -0.0831697 -0.0847069 -0.0862321 -0.0877271 -0.0891769 -0.090541 -0.0918165 -0.0929611 -0.0939893 -0.0948406 -0.0954896 -0.0959556 -0.0961911 -0.0961672 -0.0958869 -0.0953485 -0.0945193 -0.0934302 -0.0920453 -0.0904154 -0.0885439 -0.0864298 -0.084111 -0.0816393 -0.0790109 -0.0762542 -0.0734338 -0.0705644 -0.0676733 -0.0647756 -0.06195 -0.0591809 -0.0564895 -0.0539183 -0.0515085 -0.0492007 -0.0470603 -0.0451054 -0.0433076 -0.0416514 -0.0401792 -0.0388577 -0.0376763 -0.0366308 -0.0357118 -0.0349063 -0.0342045 -0.0335981 -0.0330751 -0.0326277 -0.0322442 -0.0319323 -0.0316619 -0.0314397 -0.0312642 -0.0311254 -0.031002 -0.0309243 -0.0308614 -0.0308123 -0.0307834 -0.0307776 -0.0307621 -0.0307678 -0.0307779 -0.0307841 -0.0307842 -0.03079 -0.0307735 -0.0307458 -0.0306972 -0.0306222 -0.0305111 -0.0303646 -0.0301733 -0.0299219 -0.0296011 -0.0292189 -0.0287618 -0.0281791 -0.0275042 -0.0267346 -0.0258242 -0.0247572 -0.0235908 -0.0222646 -0.0207858 -0.0191727 -0.0174436 -0.0155605 -0.0135737 -0.0114914 -0.00933732 -0.00709575 -0.00482437 -0.00255373 -0.000272459 0.00198189 0.00415008 0.00623229 0.00822009 0.0100383 0.011703 0.0131709 0.0144417 0.015495 0.0163162 0.0168927 0.0172616 0.0173903 0.0172813 0.0169804 0.0164781 0.0157973 0.0149411 0.0139541 0.0128405 0.0116356 0.0103422 0.00899124 0.00761888 0.0062205 0.0048163 0.00341949 0.00204201 0.000668678 -0.000688744 -0.00207556 -0.00349227 -0.00497074 -0.00657629 -0.00831154 -0.0102594 -0.0124425 -0.0148906 -0.0176453 -0.0206754 -0.0239687 -0.0274444 -0.0309601 -0.0343467 -0.0373677 -0.0397701 -0.041281 -0.041598 -0.0404681 -0.037685 -0.0331198 -0.0267648 -0.0186944 -0.00913414 0.00154721 0.0128744 0.0242655 0.0351425 0.0449386 0.0531177 0.0592331 0.0629074 
