0 0 0 0 0 0 0 0 0 0 0 0 0 0 0 0 0 0 0 0 0 0 0 0 0 0 0 0 0 0 0 0 0 0 0 0 0 0 0 0 0 0 0 0 0 0 0 0 0 0 0 0 0 0 0 0 0 0 0 0 0 0 0 0 0 0 0 0 0 0 0 0 0 0 0 0 0 0 0 0 0 0 0 0 0 0 0 0 0 0 0 0 0 0 0 0 0 0 0 0 0 0 0 0 0 0 0 0 0 0 0 0 0 0 0 0 0 0 0 0 0 0 0 0 0 0 0 0 0 0 0 0 0 0 0 0 0 0 0 0 0 0 0 0 0 0 0 0 0 0 0 0 0 0 0 0 0 0 0 0 0 0 0 0 0 0 0 0 0 0 0 0 0 0 0 0 0 0 0 0 0 0 0 0 0 0 0 0 0 0 0 0 0 0 0 0 0 0 0 0 
0 3.64735e-06 -4.68492e-06 6.13425e-06 -8.15381e-07 -4.41876e-07 6.63237e-06 -3.40535e-06 8.03323e-06 6.2808e-06 7.4251e-06 2.25451e-05 2.20728e-05 4.48002e-05 6.67585e-05 9.84283e-05 0.000155084 0.00021889 0.000315337 0.000432198 0.000584897 0.000769295 0.000994584 0.00126863 0.00157122 0.00193235 0.00230542 0.00268972 0.00307099 0.00338314 0.00363218 0.00376785 0.00376005 0.00360745 0.00329571 0.00281474 0.0021977 0.00147352 0.000661562 -0.000144148 -0.000910881 -0.0015905 -0.00212837 -0.00251942 -0.00275217 -0.00282905 -0.00275606 -0.00257582 -0.00232304 -0.00203156 -0.00172922 -0.00144405 -0.00117727 -0.000928736 -0.000741846 -0.000597299 -0.000463702 -0.000352036 -0.000271196 -0.000202803 -0.000144822 -9.62877e-05 -4.48593e-05 -3.30683e-06 3.52228e-05 7.19228e-05 0.000103064 0.000136558 0.000176362 0.000203655 0.000223597 0.000258999 0.000290681 0.000313426 0.000335102 0.000362916 0.000386451 0.000413619 0.000431685 0.000448985 0.000474858 0.000500375 0.000509774 0.00052585 0.000553592 0.000568736 0.000575585 0.000594217 0.000615999 0.000622271 0.000632217 0.000648781 0.000661891 0.000665046 0.000676892 0.000687354 0.000694285 0.000696772 0.00070721 0.000711321 0.000714261 0.000716073 0.000723583 0.000721768 0.000721661 0.000723567 0.000726776 0.00071876 0.000718036 0.000720578 0.000716217 0.000704196 0.000706384 0.000706334 0.000692747 0.00068313 0.000687087 0.000679702 0.000662542 0.000658881 0.000657308 0.000645923 0.000633185 0.000628511 0.000620125 0.000615546 0.000604519 0.000592691 0.000588874 0.000591074 0.000576343 0.000567008 0.000571535 0.000571817 0.000565847 0.000565926 0.000571791 0.000581406 0.000594979 0.000603544 0.000630403 0.000671669 0.00071262 0.000774499 0.000873162 0.000988944 0.00113233 0.00133118 0.00155985 0.00181229 0.00208388 0.00236004 0.00260633 0.00278471 0.00286992 0.00282672 0.00263187 0.00227962 0.00178654 0.00113878 0.000392776 -0.000397785 -0.0012072 -0.00194921 -0.0025901 -0.00310759 -0.00347081 -0.00366606 -0.0037206 -0.00362726 -0.0034099 -0.00312656 -0.00276937 -0.00240071 -0.00203582 -0.00168264 -0.00137312 -0.00109493 -0.000864724 -0.00066815 -0.000516099 -0.000392689 -0.000293912 -0.000230645 -0.00016848 -0.000137143 -0.000111534 -8.84935e-05 -8.81513e-05 -7.35218e-05 -7.39083e-05 -7.35575e-05 -6.48752e-05 -7.07374e-05 -6.37147e-05 -6.38993e-05 -6.70654e-05 -6.21552e-05 -6.89489e-05 -6.56306e-05 
0 -4.68492e-06 7.06132e-06 -5.17084e-06 2.26129e-06 6.23493e-06 -3.06325e-06 1.24491e-05 6.42848e-06 9.99594e-06 2.87309e-05 2.68625e-05 5.97639e-05 9.19233e-05 0.000130255 0.000216806 0.000301454 0.000439912 0.000629273 0.000853435 0.00116955 0.00154447 0.0019998 0.00254754 0.00316856 0.00386109 0.00461221 0.00538176 0.00610995 0.0067696 0.0072497 0.00751432 0.00751408 0.00718995 0.0065655 0.00561703 0.00440539 0.00294805 0.0013645 -0.000249339 -0.00180313 -0.00313111 -0.0042138 -0.00499076 -0.00545378 -0.00559756 -0.00549498 -0.00513971 -0.00461295 -0.00404782 -0.00343757 -0.00286759 -0.00233424 -0.00187335 -0.00145731 -0.00114112 -0.000894899 -0.000697075 -0.000514065 -0.000340405 -0.000245444 -0.000151207 -5.49124e-05 5.74773e-05 0.00012059 0.000198602 0.000253614 0.000332944 0.000407238 0.000462113 0.000506117 0.000571921 0.000641886 0.000679549 0.000734564 0.000777615 0.000838856 0.000878999 0.000930325 0.000952744 0.00101759 0.00105484 0.00108894 0.00111107 0.001175 0.00119718 0.00122216 0.00125194 0.00130032 0.00131044 0.0013357 0.00136475 0.00139342 0.00140044 0.00142479 0.00144491 0.0014594 0.0014661 0.00148519 0.00149447 0.0015 0.00150489 0.00151755 0.0015153 0.001515 0.00151797 0.00152338 0.00150775 0.00150734 0.00150799 0.0015021 0.00147558 0.00148268 0.00147438 0.00145569 0.00142848 0.00144227 0.00141658 0.00139531 0.00137394 0.00138173 0.00134577 0.00133438 0.00130954 0.00130645 0.00128294 0.00127328 0.00123932 0.00123913 0.00123494 0.00121349 0.00119232 0.00119396 0.00119997 0.00118914 0.00119585 0.00118139 0.00121335 0.00124553 0.00127948 0.00128821 0.00137074 0.00148061 0.00162087 0.00177662 0.0019895 0.00231286 0.0027029 0.00315517 0.00364892 0.00420132 0.00471373 0.00521853 0.00559298 0.00574323 0.00564342 0.00525259 0.0045526 0.00354338 0.00229307 0.000797269 -0.000794593 -0.00239487 -0.00388602 -0.00516945 -0.00619447 -0.00689922 -0.00731918 -0.00740963 -0.00723225 -0.00682836 -0.00623204 -0.00553659 -0.0047927 -0.00405251 -0.00335462 -0.00274228 -0.00218767 -0.00172877 -0.0013538 -0.00102392 -0.000793212 -0.000594759 -0.000445705 -0.000357337 -0.000267594 -0.000225464 -0.000193244 -0.000158489 -0.000156264 -0.000138557 -0.000133027 -0.00013938 -0.000128579 -0.000137718 -0.000136867 -0.000130821 -0.00013907 -0.000129466 -0.00013264 
0 6.13425e-06 -5.17084e-06 9.42084e-06 8.2267e-07 1.97221e-06 1.21247e-05 4.91574e-07 1.85408e-05 2.02316e-05 2.97688e-05 6.08335e-05 7.84326e-05 0.000137101 0.00020632 0.000310367 0.000469594 0.000670709 0.000955428 0.00130914 0.00176862 0.00232695 0.00300634 0.00382256 0.00474068 0.0058011 0.0069174 0.00806145 0.00917493 0.0101174 0.0108453 0.011242 0.0112254 0.0107653 0.00983529 0.0084204 0.0065975 0.00444884 0.00206943 -0.000321668 -0.00259733 -0.00460302 -0.00621075 -0.00737857 -0.00807722 -0.0083155 -0.00812687 -0.00760732 -0.00686198 -0.00600318 -0.00510534 -0.00424776 -0.0034463 -0.00271608 -0.00213202 -0.00167051 -0.00127138 -0.000937261 -0.000675005 -0.000452739 -0.000274778 -0.000119966 3.59454e-05 0.000174001 0.00029511 0.000409353 0.000510786 0.00061934 0.000736989 0.000825545 0.000900181 0.00100284 0.00110123 0.00117624 0.00125045 0.00133221 0.00141122 0.00149077 0.00155387 0.00161152 0.00169042 0.00176319 0.00180506 0.00185744 0.00193467 0.00198398 0.00201628 0.00207063 0.0021309 0.00215957 0.00219321 0.00224011 0.00227836 0.00229733 0.00233003 0.0023612 0.00238263 0.00239639 0.00242182 0.00243652 0.00244578 0.0024541 0.00246955 0.00246851 0.00246788 0.00247216 0.00247535 0.00245805 0.00245283 0.00245418 0.00243931 0.00241017 0.00240799 0.00240032 0.00236487 0.00233663 0.00233626 0.00231078 0.00226649 0.0022467 0.00223502 0.002199 0.00216222 0.00213872 0.00211383 0.00208995 0.00205669 0.00201932 0.00200332 0.00199514 0.00195646 0.00192609 0.00192711 0.00192237 0.00190523 0.00190035 0.00190792 0.00193252 0.00196786 0.00199941 0.00206451 0.00217743 0.00231111 0.00250265 0.00277769 0.00312132 0.00356409 0.0041475 0.00482223 0.00556795 0.00636762 0.00716392 0.00787677 0.00839139 0.00861601 0.0084588 0.00786063 0.00679989 0.00530699 0.00339033 0.00117386 -0.00118587 -0.00357453 -0.00578142 -0.00769091 -0.00922307 -0.0103001 -0.0108978 -0.0110559 -0.0107885 -0.0101651 -0.00931293 -0.00826937 -0.00717303 -0.00608352 -0.00504045 -0.00411412 -0.00328858 -0.00259716 -0.00201608 -0.00155175 -0.00118364 -0.000891417 -0.000687232 -0.0005169 -0.000411322 -0.000334761 -0.000274877 -0.000255944 -0.000225239 -0.000218668 -0.00021404 -0.000199957 -0.000205992 -0.000195514 -0.000195536 -0.000199447 -0.000191516 -0.000199852 -0.000198518 
0 -8.15381e-07 2.26129e-06 8.2267e-07 3.93422e-06 6.95457e-06 6.99911e-06 1.44001e-05 1.94882e-05 2.84187e-05 4.96313e-05 7.32431e-05 0.000119414 0.000188695 0.000283148 0.000433693 0.0006318 0.000908016 0.00128291 0.00175626 0.00237266 0.00312724 0.00403918 0.00512362 0.00636002 0.00774387 0.00922659 0.0107399 0.0121879 0.0134545 0.0144043 0.0149216 0.0149067 0.0142885 0.0130536 0.0112002 0.00880892 0.00597283 0.002868 -0.000290238 -0.00330206 -0.00593773 -0.00807164 -0.00962096 -0.0105526 -0.0108772 -0.0106698 -0.0100031 -0.00901924 -0.00789157 -0.00670393 -0.00555952 -0.00449242 -0.00354066 -0.00272679 -0.0020747 -0.00154593 -0.00110992 -0.000734232 -0.000408802 -0.000168359 4.31154e-05 0.000252518 0.000457775 0.000623015 0.000780492 0.000921143 0.00107741 0.00123158 0.00135745 0.00146992 0.00160468 0.00173942 0.00184534 0.0019543 0.00206115 0.00217616 0.00227861 0.00237415 0.00245459 0.00256375 0.00265513 0.00272719 0.00279878 0.00289927 0.00296662 0.00302371 0.00309295 0.00317139 0.00321701 0.00326791 0.00332654 0.00337869 0.00341126 0.00345427 0.00349457 0.00352523 0.00354805 0.00357823 0.00359886 0.00361268 0.00362512 0.00364067 0.00364181 0.00364168 0.00364452 0.00364424 0.00362536 0.00361681 0.00361074 0.00359081 0.00355575 0.00354638 0.00352642 0.00348598 0.00344587 0.00343589 0.00339556 0.00334553 0.00330778 0.00328745 0.00323466 0.00318933 0.00314626 0.00311448 0.00307143 0.00302819 0.00297489 0.00294922 0.00292471 0.00287786 0.00283524 0.0028219 0.00281283 0.00279033 0.00277946 0.00277224 0.00280499 0.00285078 0.00289781 0.00295736 0.00309804 0.00329669 0.00355834 0.00389346 0.00434102 0.00495229 0.00571626 0.00660216 0.00757986 0.00862673 0.00964575 0.0105722 0.0112411 0.0115015 0.0112601 0.0104451 0.00902564 0.00702219 0.00450423 0.00157225 -0.00156173 -0.00470373 -0.00762894 -0.010159 -0.0121778 -0.0135972 -0.0144099 -0.014616 -0.0142773 -0.013482 -0.0123409 -0.0109798 -0.00952607 -0.00807593 -0.0067047 -0.00547455 -0.00438516 -0.00346602 -0.00270181 -0.00207164 -0.00158504 -0.00119787 -0.000910007 -0.000703971 -0.000548691 -0.000449117 -0.000378774 -0.000330085 -0.000304432 -0.000283787 -0.00027357 -0.000270825 -0.000265461 -0.000267266 -0.000266826 -0.000265866 -0.000269261 -0.000264283 -0.000264406 
0 -4.41876e-07 6.23493e-06 1.97221e-06 6.95457e-06 9.54414e-06 8.96381e-06 2.06831e-05 2.47238e-05 4.00579e-05 6.62786e-05 9.68038e-05 0.000158778 0.000242907 0.000368498 0.000557284 0.000810717 0.00116452 0.0016329 0.00223531 0.00300228 0.00394755 0.00508805 0.0064348 0.00798263 0.00969883 0.0115413 0.0134153 0.0151978 0.0167587 0.0179235 0.0185572 0.0185384 0.017779 0.0162533 0.0139753 0.0110273 0.00753919 0.00373163 -0.000152724 -0.00384911 -0.00710206 -0.00974829 -0.0116772 -0.0128477 -0.0132721 -0.0130341 -0.0122373 -0.0110511 -0.00966333 -0.00819968 -0.00676854 -0.0054297 -0.00423676 -0.0032121 -0.00237421 -0.00169059 -0.00112164 -0.00063585 -0.000225947 9.9496e-05 0.000386151 0.000657791 0.000917767 0.00114184 0.00134885 0.00154325 0.00174543 0.00194075 0.00211227 0.00227287 0.00244375 0.00261496 0.00276376 0.00290872 0.00305103 0.00319951 0.00333481 0.00346113 0.00357819 0.0037108 0.00382903 0.00393174 0.00403305 0.00414846 0.00424264 0.00432569 0.00441466 0.00450584 0.00457651 0.00464443 0.0047164 0.00478077 0.0048323 0.00488427 0.00493449 0.00497453 0.00500891 0.00504217 0.00506947 0.0050882 0.00510543 0.00511886 0.00512352 0.0051234 0.00512419 0.00511736 0.00509997 0.00508508 0.00507015 0.00504195 0.00500591 0.00498143 0.00494903 0.00490074 0.00485334 0.00482093 0.0047695 0.0047089 0.00465557 0.00461272 0.00454906 0.00448581 0.00442526 0.00437468 0.00431369 0.00425028 0.00418406 0.0041379 0.00409021 0.00403031 0.00397411 0.00394088 0.00391503 0.00388248 0.00385825 0.00384776 0.00387229 0.00391327 0.00396862 0.00405125 0.00421231 0.00445134 0.00477365 0.00519514 0.00576181 0.00651696 0.00745077 0.00854027 0.00974498 0.0110182 0.0122568 0.0133529 0.0141275 0.0144044 0.0140625 0.0130153 0.0112278 0.00871829 0.00558324 0.00195952 -0.00191618 -0.00578415 -0.00939398 -0.0125239 -0.0150212 -0.0167879 -0.0178024 -0.0180672 -0.017661 -0.0166953 -0.0152964 -0.0136345 -0.0118467 -0.0100583 -0.0083676 -0.00683352 -0.00548391 -0.00433432 -0.00338016 -0.00259739 -0.00198424 -0.00150521 -0.00114079 -0.000882052 -0.000687425 -0.000558764 -0.000473537 -0.000411121 -0.000381309 -0.000356622 -0.000343332 -0.000340352 -0.000331616 -0.000333529 -0.000330345 -0.000326669 -0.000331556 -0.000327612 -0.000331123 
0 6.63237e-06 -3.06325e-06 1.21247e-05 6.99911e-06 8.96381e-06 2.40625e-05 1.75949e-05 3.92349e-05 5.70861e-05 7.83412e-05 0.000138046 0.000197775 0.000307618 0.000471356 0.000685405 0.0010118 0.00143739 0.00200157 0.00274223 0.00365958 0.00479825 0.00617094 0.00778264 0.00962744 0.0116838 0.0138674 0.016083 0.0182038 0.0200228 0.0214013 0.0221466 0.0221128 0.0212267 0.0194259 0.0167465 0.0132663 0.00918345 0.00470153 0.000138016 -0.00418938 -0.00804727 -0.0111815 -0.0134834 -0.0148945 -0.015444 -0.0151757 -0.0142745 -0.0129226 -0.0112794 -0.00955459 -0.00784089 -0.00623679 -0.00477684 -0.00354896 -0.00251863 -0.0016588 -0.000931419 -0.000330732 0.000157887 0.0005952 0.000966663 0.00131394 0.0016193 0.00192153 0.0021802 0.00244291 0.00268825 0.00293194 0.00315567 0.00337136 0.00358419 0.00379044 0.00399415 0.00417313 0.00436421 0.00453976 0.00472089 0.00487309 0.00504258 0.00518968 0.00534676 0.00547682 0.00562039 0.00574264 0.00587413 0.00598157 0.00609768 0.00619702 0.00630049 0.00638463 0.00647358 0.00654891 0.00662362 0.00668432 0.00674596 0.0067957 0.00684302 0.00687944 0.00691371 0.00693763 0.00695951 0.00697029 0.00697851 0.00697757 0.00697562 0.0069601 0.00694541 0.00692071 0.00689657 0.00685608 0.00682236 0.00677482 0.00673156 0.00666941 0.00661962 0.00655179 0.00649456 0.00641446 0.00635099 0.00626984 0.00620326 0.00610981 0.00603754 0.00595303 0.00587953 0.00578387 0.00570931 0.00563092 0.00555796 0.00547863 0.00540694 0.00535004 0.00529683 0.00525254 0.00520333 0.00519938 0.00520002 0.00523104 0.0052794 0.00540509 0.00557738 0.00584268 0.00621658 0.00673943 0.00742936 0.00830276 0.00940556 0.0106859 0.0121047 0.0135684 0.0150178 0.0162384 0.0170734 0.0173463 0.0168778 0.0155767 0.0134078 0.0104096 0.00664796 0.00236621 -0.00221512 -0.00678903 -0.011049 -0.0147568 -0.017719 -0.0198362 -0.0210355 -0.0213809 -0.0209204 -0.0197886 -0.018173 -0.0162174 -0.014116 -0.0120096 -0.0100061 -0.00817587 -0.00657506 -0.00520053 -0.00404962 -0.00313118 -0.00237994 -0.00180952 -0.00138187 -0.00104821 -0.000832925 -0.000668753 -0.00055874 -0.000502435 -0.000447211 -0.00042882 -0.00041499 -0.000396464 -0.000402481 -0.000392344 -0.000393196 -0.000398651 -0.000389335 -0.00039941 -0.000395673 
0 -3.40535e-06 1.24491e-05 4.91574e-07 1.44001e-05 2.06831e-05 1.75949e-05 4.35234e-05 4.59714e-05 7.48898e-05 0.000116719 0.000162079 0.000263885 0.000386276 0.000579915 0.000855368 0.0012241 0.00173762 0.00240125 0.00326979 0.00435001 0.00569322 0.00730083 0.00917507 0.0113399 0.0136918 0.0162186 0.0187698 0.0211688 0.0232805 0.0248391 0.0256829 0.025654 0.0246286 0.0225647 0.0195165 0.0155676 0.0109049 0.00584205 0.000642748 -0.00430889 -0.00870401 -0.0123155 -0.0149776 -0.0166323 -0.0172889 -0.0170647 -0.0160847 -0.0145573 -0.0127006 -0.0107177 -0.00872658 -0.0068504 -0.00517543 -0.00368508 -0.00242105 -0.00138911 -0.000531819 0.000215959 0.000843456 0.00137535 0.00183607 0.00225447 0.00265415 0.00301596 0.00334571 0.00366656 0.00398061 0.00426791 0.00455307 0.00482801 0.00508611 0.00533947 0.00558992 0.00582316 0.00605073 0.00627601 0.00648496 0.00669047 0.00689345 0.00708054 0.00725726 0.00744028 0.00760847 0.00775984 0.00791297 0.00806431 0.00819509 0.0083186 0.00844415 0.00855752 0.00865624 0.00875215 0.00884369 0.00892099 0.00899027 0.00905459 0.00911113 0.00915546 0.00919393 0.00922557 0.00924886 0.00926075 0.00926838 0.00926929 0.00925951 0.00924026 0.00922044 0.00919127 0.00914859 0.00910401 0.0090593 0.00899876 0.00892902 0.00886611 0.00879441 0.00870645 0.00862093 0.00853975 0.00844134 0.00834013 0.00824433 0.00814148 0.00803105 0.00792852 0.00781972 0.00770708 0.00760385 0.00749852 0.00738966 0.00729242 0.00720017 0.0071032 0.00702947 0.00696425 0.00690123 0.00685817 0.00685375 0.00687544 0.00693474 0.0070396 0.00723013 0.00755558 0.00799264 0.00856688 0.0093564 0.0103975 0.0116416 0.0130962 0.0146982 0.0163473 0.017924 0.0192589 0.0201437 0.0203462 0.0197188 0.0181445 0.0155909 0.012075 0.00775854 0.00282462 -0.00244703 -0.00767071 -0.0125697 -0.016831 -0.0202358 -0.0226715 -0.0240964 -0.0245043 -0.024014 -0.0227735 -0.0209182 -0.0187192 -0.0163158 -0.0138939 -0.0116055 -0.00949398 -0.00764723 -0.00605468 -0.00472949 -0.00364287 -0.00277976 -0.00211475 -0.00159711 -0.00123757 -0.000961518 -0.000777032 -0.00065978 -0.000562908 -0.000524388 -0.000485871 -0.000467198 -0.000469218 -0.000453202 -0.000462305 -0.000461395 -0.00045717 -0.000467401 -0.000457817 -0.000461562 
0 8.03323e-06 6.42848e-06 1.85408e-05 1.94882e-05 2.47238e-05 3.92349e-05 4.59714e-05 7.13373e-05 0.000103395 0.000145524 0.000224984 0.000327484 0.0004836 0.000718235 0.00103052 0.00147995 0.0020769 0.00285096 0.00386137 0.00510575 0.00663992 0.00848024 0.0106211 0.0130691 0.0157587 0.0186055 0.0214719 0.0241795 0.0265107 0.0282526 0.0291917 0.0291497 0.0280147 0.0257244 0.0223272 0.0179237 0.0127649 0.00712965 0.00137025 -0.00411073 -0.00902941 -0.0130843 -0.0160987 -0.0180005 -0.0188058 -0.0185842 -0.0175493 -0.0159112 -0.0138547 -0.0116342 -0.00937827 -0.00723414 -0.00527743 -0.00357238 -0.00210264 -0.000857256 0.000203338 0.00108566 0.00181129 0.00247591 0.00305561 0.00357046 0.00402942 0.0044795 0.0048854 0.00529091 0.00565937 0.00600871 0.00635917 0.00670284 0.00701529 0.00731648 0.00762732 0.00790997 0.00819498 0.0084569 0.00871703 0.00896155 0.00922057 0.00943198 0.00965268 0.00987056 0.0100841 0.0102521 0.0104447 0.0106247 0.0107874 0.0109257 0.0110839 0.0112173 0.0113378 0.0114474 0.0115616 0.0116512 0.0117351 0.0118091 0.0118783 0.0119286 0.011975 0.0120101 0.0120378 0.0120489 0.0120587 0.0120559 0.0120432 0.0120158 0.0119943 0.0119525 0.0119001 0.0118415 0.0117922 0.0117072 0.0116238 0.0115427 0.0114611 0.0113369 0.0112381 0.0111328 0.0110169 0.0108735 0.0107637 0.0106283 0.0104956 0.0103509 0.0102191 0.0100708 0.00994433 0.0097979 0.0096526 0.00952589 0.00940654 0.00927645 0.0091584 0.00906713 0.00897557 0.00892691 0.00888259 0.00887626 0.0089277 0.00907551 0.00927341 0.00960102 0.0100898 0.0107781 0.0116882 0.0128253 0.0142145 0.0158287 0.0175996 0.0193916 0.0211013 0.0224715 0.0233191 0.0234409 0.0226244 0.0207523 0.0177945 0.0137887 0.00887164 0.00333076 -0.00256385 -0.00842168 -0.0138951 -0.0186801 -0.0225235 -0.0252917 -0.0269057 -0.0274124 -0.0269002 -0.0255361 -0.0235258 -0.021087 -0.0184262 -0.0157359 -0.0131601 -0.0107826 -0.00869377 -0.00688628 -0.00537447 -0.00415322 -0.00316065 -0.00240271 -0.00182382 -0.00138729 -0.00108872 -0.000870753 -0.000727468 -0.000643534 -0.000580567 -0.000552027 -0.000534952 -0.000519256 -0.000522538 -0.000513425 -0.000513366 -0.000519218 -0.000513049 -0.00052538 -0.000525433 
0 6.2808e-06 9.99594e-06 2.02316e-05 2.84187e-05 4.00579e-05 5.70861e-05 7.48898e-05 0.000103395 0.000143954 0.000201466 0.000292585 0.000422194 0.000610673 0.000884977 0.00125731 0.00177403 0.00246039 0.0033504 0.00449946 0.00592061 0.00766566 0.00974754 0.0121616 0.0149051 0.017897 0.0210521 0.0242153 0.0271873 0.0297503 0.0316565 0.0326807 0.0326349 0.0313885 0.0288856 0.0251825 0.0203986 0.0147906 0.00867624 0.00241603 -0.00357063 -0.00895243 -0.0134189 -0.0167677 -0.0189123 -0.0198625 -0.0197146 -0.0186611 -0.0169152 -0.014691 -0.0122449 -0.00973556 -0.00733168 -0.00512782 -0.00315817 -0.00143639 2.44114e-05 0.00126066 0.00230911 0.00319506 0.00398983 0.00468258 0.00529612 0.0058548 0.0063874 0.00687999 0.00736066 0.00780287 0.00821598 0.00863598 0.00904567 0.00941893 0.00977555 0.0101407 0.0104832 0.0108193 0.0111304 0.0114331 0.0117313 0.0120324 0.0122863 0.0125415 0.0128058 0.0130527 0.0132562 0.0134772 0.0136949 0.0138829 0.0140499 0.0142304 0.014392 0.0145309 0.014662 0.0147916 0.0149005 0.0149962 0.015084 0.0151613 0.0152229 0.0152743 0.0153154 0.0153438 0.0153589 0.0153662 0.0153621 0.0153426 0.0153125 0.0152812 0.0152312 0.0151642 0.0150974 0.015031 0.0149308 0.0148258 0.0147321 0.0146258 0.01448 0.0143538 0.0142316 0.0140843 0.0139134 0.0137717 0.0136147 0.0134463 0.0132687 0.0131018 0.0129265 0.0127636 0.0125794 0.0123974 0.0122388 0.0120865 0.0119149 0.011762 0.0116387 0.0115208 0.0114327 0.0113662 0.0113441 0.0113881 0.0115238 0.0117398 0.0121089 0.0126514 0.0134054 0.0144123 0.0156798 0.0171971 0.0189459 0.020846 0.0227483 0.0245137 0.0258987 0.0266898 0.0266632 0.0256158 0.0234205 0.0200486 0.0155512 0.0100974 0.00396935 -0.0025231 -0.00896703 -0.0149973 -0.0202752 -0.0245284 -0.0276077 -0.0294371 -0.0300479 -0.0295492 -0.0281138 -0.0259512 -0.0233116 -0.0204104 -0.0174605 -0.0146275 -0.0120056 -0.00968844 -0.00768231 -0.00599852 -0.00462735 -0.00352162 -0.00266895 -0.00201913 -0.00153711 -0.00119724 -0.000956389 -0.00079577 -0.000694124 -0.000627953 -0.000592668 -0.000573769 -0.000563319 -0.000567347 -0.000568629 -0.000574262 -0.000581913 -0.000581105 -0.000587748 -0.000586711 
0 7.4251e-06 2.87309e-05 2.97688e-05 4.96313e-05 6.62786e-05 7.83412e-05 0.000116719 0.000145524 0.000201466 0.000283541 0.000384092 0.000552337 0.000775058 0.00109238 0.00153761 0.00212689 0.002917 0.0039356 0.00523001 0.00683381 0.00878957 0.0111096 0.0137931 0.0168333 0.0201234 0.0235853 0.0270383 0.0302536 0.0330328 0.0350809 0.0361802 0.0361353 0.0347944 0.0321099 0.0281351 0.0230218 0.017013 0.0104881 0.00380279 -0.00262347 -0.00840587 -0.013251 -0.0169191 -0.0193102 -0.0204079 -0.0203519 -0.0193018 -0.0174799 -0.015131 -0.0124822 -0.00973729 -0.00706783 -0.00461652 -0.00238249 -0.000412811 0.00128427 0.00272152 0.00394848 0.00500367 0.00593162 0.0067593 0.00748235 0.00815122 0.00876481 0.00935907 0.00991741 0.0104425 0.0109254 0.0114188 0.0118969 0.0123372 0.0127567 0.0131738 0.0135833 0.0139682 0.0143362 0.0146797 0.0150374 0.0153727 0.0156796 0.0159665 0.0162784 0.0165528 0.0168021 0.0170458 0.017301 0.0175127 0.0177143 0.017911 0.0181019 0.0182592 0.0184135 0.0185548 0.0186846 0.0187919 0.0188936 0.0189775 0.0190517 0.0191075 0.0191545 0.0191833 0.0192037 0.0192078 0.0192025 0.0191764 0.0191459 0.019102 0.0190454 0.018965 0.018892 0.0188029 0.0186932 0.0185666 0.0184604 0.0183236 0.0181659 0.0180075 0.0178686 0.0176856 0.0174965 0.0173137 0.0171383 0.0169288 0.0167227 0.0165135 0.0163144 0.0161061 0.0158853 0.015664 0.015469 0.0152778 0.0150631 0.0148719 0.0147062 0.0145666 0.0144319 0.0143396 0.0142916 0.0143369 0.0144608 0.0146984 0.0150968 0.0156955 0.0165286 0.0176329 0.0190196 0.020642 0.0225074 0.0245077 0.0264947 0.0282611 0.029605 0.0302806 0.0300532 0.0287432 0.0262024 0.022405 0.0174096 0.0114402 0.00475058 -0.00229058 -0.00926694 -0.0158127 -0.021549 -0.0261985 -0.0295805 -0.0316329 -0.0323546 -0.0318884 -0.0304145 -0.0281333 -0.0253409 -0.0222408 -0.0190657 -0.0160012 -0.0131516 -0.0106143 -0.00841681 -0.0065715 -0.00505209 -0.00384419 -0.00289962 -0.0021753 -0.00165498 -0.00126607 -0.00100653 -0.000836763 -0.000715796 -0.000661439 -0.000621535 -0.000605208 -0.000608104 -0.000600093 -0.000612072 -0.000616641 -0.000619463 -0.000635268 -0.000635667 -0.0006472 
0 2.25451e-05 2.68625e-05 6.08335e-05 7.32431e-05 9.68038e-05 0.000138046 0.000162079 0.000224984 0.000292585 0.000384092 0.0005336 0.000717418 0.000994144 0.00137031 0.00187689 0.00256512 0.00346074 0.00461715 0.00606918 0.00787351 0.0100385 0.0126093 0.015578 0.0188811 0.0224967 0.0262352 0.0299489 0.0334257 0.0363661 0.0385595 0.0397304 0.0396772 0.0382591 0.0354327 0.0312294 0.0258249 0.0195214 0.0126255 0.00559327 -0.00118456 -0.00733104 -0.0125095 -0.0164738 -0.0190975 -0.0203926 -0.0204177 -0.0194049 -0.0175604 -0.0151087 -0.0122823 -0.00932714 -0.00642188 -0.00367541 -0.00119881 0.00101456 0.00295972 0.00464711 0.00605737 0.00727174 0.00835761 0.00933233 0.0101872 0.010944 0.0116646 0.0123508 0.0130041 0.0135955 0.0141657 0.0147224 0.0152721 0.0157778 0.0162599 0.016732 0.0171987 0.0176407 0.0180521 0.0184526 0.0188492 0.0192319 0.0195753 0.0199136 0.0202478 0.0205661 0.0208459 0.0211279 0.0213987 0.0216504 0.0218725 0.0220966 0.0223014 0.0224896 0.0226553 0.0228171 0.0229572 0.0230849 0.0231915 0.0232898 0.0233681 0.0234358 0.0234817 0.0235183 0.0235365 0.0235453 0.0235314 0.0235082 0.0234689 0.0234221 0.0233494 0.0232695 0.0231784 0.0230791 0.0229491 0.0228193 0.0226829 0.0225326 0.0223514 0.0221808 0.0220034 0.0218068 0.0215866 0.0213808 0.0211682 0.0209384 0.0206921 0.0204546 0.0202217 0.0199767 0.0197183 0.0194623 0.0192306 0.0189938 0.0187534 0.0185118 0.0183116 0.0181343 0.0179842 0.0178463 0.0177766 0.0178097 0.0179583 0.0182121 0.0186184 0.0192785 0.020214 0.0214183 0.0228712 0.0246139 0.026567 0.0286324 0.0306448 0.0323924 0.0336231 0.0341134 0.0336688 0.032044 0.0291333 0.0248981 0.0194398 0.0129449 0.00575057 -0.00178048 -0.00927404 -0.0162713 -0.02244 -0.0274687 -0.0311565 -0.0334142 -0.0342898 -0.0338841 -0.0323808 -0.0300629 -0.0271238 -0.0238679 -0.0205133 -0.0172222 -0.0141789 -0.0114376 -0.0090622 -0.00705887 -0.00541658 -0.00409675 -0.00306693 -0.00229288 -0.0017038 -0.00130298 -0.00101683 -0.000825959 -0.000726375 -0.00064541 -0.000622272 -0.000613378 -0.000604035 -0.000628521 -0.000629441 -0.000646281 -0.000667417 -0.000667494 -0.000692966 -0.000698139 
0 2.20728e-05 5.97639e-05 7.84326e-05 0.000119414 0.000158778 0.000197775 0.000263885 0.000327484 0.000422194 0.000552337 0.000717418 0.000960463 0.00128548 0.00172435 0.00232491 0.00310627 0.00412336 0.00542794 0.00704993 0.0090508 0.011459 0.0142835 0.0175288 0.0211402 0.0250243 0.0290477 0.0330171 0.0366912 0.0398229 0.0421343 0.0433667 0.0433186 0.04184 0.0388767 0.0344972 0.028894 0.022321 0.0151796 0.00786743 0.000772907 -0.00566163 -0.0111257 -0.0153634 -0.0182204 -0.0196775 -0.0198682 -0.0189293 -0.0170703 -0.0145543 -0.0115906 -0.00844352 -0.00530365 -0.00233647 0.000422742 0.00292069 0.00512022 0.00700097 0.00862578 0.0100596 0.0112988 0.0124043 0.0133794 0.0142716 0.0150825 0.0158681 0.0165888 0.0172729 0.0179156 0.018541 0.0191455 0.0197198 0.0202618 0.0207813 0.0213052 0.021788 0.0222537 0.0226924 0.0231385 0.0235424 0.0239415 0.0243066 0.0246776 0.0250132 0.0253434 0.025639 0.0259399 0.0262089 0.026468 0.0266989 0.0269302 0.0271313 0.027321 0.0274882 0.0276488 0.0277827 0.0279053 0.0280067 0.0280978 0.0281663 0.0282225 0.0282569 0.0282824 0.0282865 0.028277 0.0282463 0.028211 0.0281508 0.0280786 0.0279871 0.0278951 0.0277719 0.0276433 0.027496 0.0273504 0.02717 0.0269927 0.0267929 0.0265999 0.0263733 0.0261513 0.0259056 0.0256773 0.0254154 0.0251525 0.0248781 0.024625 0.0243407 0.0240541 0.0237728 0.0235043 0.0232303 0.0229528 0.0226915 0.0224501 0.0222492 0.0220484 0.021906 0.0218324 0.0218619 0.0219817 0.0222783 0.0227584 0.023472 0.024462 0.0257529 0.0273326 0.0291493 0.0311665 0.0332582 0.0352568 0.0368977 0.037996 0.0382839 0.0375259 0.0355617 0.0322579 0.0275825 0.0216566 0.0147183 0.00703488 -0.000967274 -0.00889346 -0.0163376 -0.022894 -0.0282667 -0.0322464 -0.0347449 -0.0357733 -0.035467 -0.0340084 -0.0316369 -0.0286298 -0.0252443 -0.0217213 -0.0182697 -0.0150404 -0.0121224 -0.00958877 -0.00744222 -0.00566883 -0.00426023 -0.003152 -0.00231248 -0.00170521 -0.00126025 -0.000964935 -0.000776021 -0.00065102 -0.000600086 -0.0005703 -0.00056671 -0.000591594 -0.000600955 -0.000636095 -0.00066104 -0.000677323 -0.000712459 -0.000718293 -0.000741721 
0 4.48002e-05 9.19233e-05 0.000137101 0.000188695 0.000242907 0.000307618 0.000386276 0.0004836 0.000610673 0.000775058 0.000994144 0.00128548 0.00167709 0.00219703 0.00288846 0.00378654 0.0049431 0.00640989 0.0082193 0.0104404 0.0130793 0.0161668 0.0196957 0.0235833 0.0277707 0.0320636 0.0362737 0.0401647 0.043439 0.0458566 0.0471448 0.0470981 0.0455755 0.0425314 0.0380192 0.0322454 0.0255003 0.0181499 0.0106353 0.00333306 -0.00333302 -0.00904241 -0.013524 -0.0166068 -0.0182766 -0.0186038 -0.0177588 -0.0159505 -0.0134158 -0.0103552 -0.00705892 -0.00371528 -0.000481967 0.00251787 0.00525238 0.00770318 0.00984936 0.0116887 0.0132961 0.014695 0.0159577 0.0170721 0.0180633 0.0189755 0.0198481 0.0206527 0.0214044 0.0221252 0.0228041 0.0234657 0.0240945 0.0246911 0.0252546 0.025821 0.0263429 0.0268468 0.0273297 0.0278007 0.0282335 0.0286648 0.029067 0.0294488 0.0298122 0.0301678 0.0304889 0.0307964 0.0310919 0.0313662 0.0316154 0.0318535 0.032075 0.0322724 0.0324551 0.0326203 0.0327676 0.0328946 0.0330085 0.0330997 0.0331775 0.0332358 0.0332782 0.0333003 0.0333112 0.0332994 0.0332734 0.0332323 0.0331749 0.0330958 0.0330086 0.0329058 0.0327798 0.0326434 0.0324989 0.0323337 0.0321479 0.0319639 0.0317595 0.0315399 0.031309 0.0310768 0.0308162 0.0305622 0.0302917 0.0300106 0.0297167 0.0294409 0.0291336 0.0288274 0.0285242 0.0282295 0.0279228 0.0276316 0.0273389 0.0270716 0.0268482 0.026642 0.0264735 0.0263926 0.0264361 0.0265944 0.0269221 0.027436 0.0282334 0.029335 0.0307209 0.0323627 0.0342633 0.0363251 0.0384142 0.040356 0.041872 0.0427504 0.0427569 0.0416857 0.0393424 0.0356291 0.030515 0.0241419 0.0167455 0.00863826 0.000233537 -0.00809859 -0.0159136 -0.0228347 -0.0285449 -0.0328135 -0.0355398 -0.0367523 -0.0365638 -0.0351643 -0.0328263 -0.0297766 -0.0263189 -0.0226877 -0.0190821 -0.0157027 -0.0126256 -0.0099439 -0.00767145 -0.00579276 -0.00429379 -0.00311857 -0.00223049 -0.00157904 -0.00112191 -0.000815342 -0.000625712 -0.000520046 -0.000474407 -0.000469698 -0.000484199 -0.000517297 -0.00055059 -0.000589247 -0.000628169 -0.00066221 -0.00070223 -0.000732798 -0.000767439 
0 6.67585e-05 0.000130255 0.00020632 0.000283148 0.000368498 0.000471356 0.000579915 0.000718235 0.000884977 0.00109238 0.00137031 0.00172435 0.00219703 0.00281367 0.00361413 0.00464533 0.00595365 0.00759516 0.00960777 0.0120602 0.0149554 0.0183233 0.0221456 0.0263212 0.0307908 0.0353361 0.0397649 0.0438438 0.0472559 0.0497746 0.0511166 0.0510779 0.0495242 0.0464163 0.0418233 0.0359506 0.0291081 0.02164 0.0139911 0.00653468 -0.000314127 -0.00621866 -0.0109128 -0.0142073 -0.0160952 -0.0166103 -0.0159134 -0.0141916 -0.0116683 -0.00855874 -0.00514768 -0.00164386 0.00180725 0.00504836 0.0080445 0.0107374 0.0131096 0.0151664 0.0169739 0.0185436 0.0199362 0.0211745 0.0222709 0.0232843 0.0242238 0.0250932 0.025904 0.0266888 0.0274099 0.0281092 0.0287782 0.029414 0.0300132 0.0306023 0.0311516 0.0316805 0.0321968 0.032678 0.0331311 0.0335813 0.0340105 0.0343946 0.0347763 0.0351457 0.0354854 0.035794 0.0361055 0.0363881 0.0366505 0.036891 0.0371239 0.0373264 0.0375202 0.0376871 0.0378417 0.0379738 0.0380967 0.0381876 0.0382715 0.0383348 0.0383836 0.0384041 0.0384215 0.0384129 0.0383916 0.0383484 0.038297 0.0382185 0.0381367 0.0380295 0.037908 0.0377711 0.0376329 0.0374577 0.0372764 0.0370924 0.0368918 0.0366568 0.0364323 0.0361985 0.0359369 0.0356666 0.0354009 0.0351149 0.0348173 0.0345268 0.0342154 0.0339042 0.0335966 0.033288 0.0329659 0.0326742 0.0323768 0.0321024 0.0318615 0.0316627 0.0315051 0.0314495 0.0315059 0.0317024 0.0320944 0.0326981 0.0335807 0.0347677 0.0362512 0.0379828 0.0399567 0.0420319 0.0440789 0.045905 0.0472509 0.0478845 0.0475826 0.0461465 0.0433915 0.0392553 0.0337149 0.026934 0.0191352 0.0106503 0.00187683 -0.00681093 -0.0149606 -0.0222063 -0.0282175 -0.0327676 -0.0357391 -0.0371648 -0.0371389 -0.0358474 -0.033571 -0.0305207 -0.0270223 -0.0233128 -0.019599 -0.0160989 -0.0128946 -0.010088 -0.00770152 -0.00572913 -0.00415061 -0.00292111 -0.00199906 -0.00132211 -0.000861625 -0.000554837 -0.000372015 -0.000283762 -0.00024753 -0.000266042 -0.000304724 -0.000360161 -0.000429471 -0.000492387 -0.000559493 -0.000619964 -0.000671543 -0.000721757 -0.000763757 
0 9.84283e-05 0.000216806 0.000310367 0.000433693 0.000557284 0.000685405 0.000855368 0.00103052 0.00125731 0.00153761 0.00187689 0.00232491 0.00288846 0.00361413 0.0045451 0.00572629 0.00720517 0.00904141 0.0112852 0.0139663 0.0171437 0.0207914 0.0248929 0.029388 0.0341104 0.0389214 0.0435735 0.0478048 0.0513596 0.0539508 0.0553349 0.0553033 0.0537455 0.0505939 0.0459637 0.0400612 0.033149 0.0256513 0.0179335 0.0103917 0.00342717 -0.00262219 -0.0075051 -0.0110266 -0.0131151 -0.013863 -0.0133448 -0.0117543 -0.00929955 -0.00621591 -0.00274142 0.000901521 0.00450768 0.00796996 0.0111933 0.0141218 0.0166921 0.0189698 0.0209675 0.0226959 0.0242083 0.0255542 0.0267615 0.0278475 0.0288497 0.0297568 0.0306283 0.0314438 0.0322054 0.0329167 0.0336153 0.034269 0.0348931 0.0354867 0.0360461 0.03659 0.037116 0.0376022 0.0380534 0.0385171 0.0389456 0.0393368 0.0397097 0.0400916 0.0404253 0.0407421 0.0410421 0.0413365 0.0415915 0.0418404 0.0420619 0.0422765 0.0424636 0.042639 0.0427841 0.0429297 0.0430475 0.0431474 0.0432249 0.043304 0.0433486 0.0433799 0.0433944 0.0434039 0.0433792 0.0433495 0.0432979 0.0432398 0.0431553 0.0430643 0.0429444 0.0428297 0.0426897 0.0425321 0.042354 0.0421927 0.0419923 0.0417733 0.0415541 0.0413422 0.0410842 0.0408239 0.0405677 0.0402998 0.0400106 0.0397218 0.0394254 0.039124 0.0388321 0.0385199 0.0382146 0.0379239 0.0376547 0.037383 0.0371605 0.0369718 0.0368624 0.0368502 0.0369554 0.0372093 0.0376904 0.0384209 0.0394037 0.0406999 0.0422887 0.0441366 0.0461449 0.0482303 0.0502182 0.0519003 0.0530258 0.0533801 0.0527423 0.0508904 0.0477353 0.0431698 0.0372197 0.0300443 0.0218974 0.013076 0.00398174 -0.00497595 -0.0134347 -0.0209576 -0.027247 -0.0320705 -0.0352969 -0.0369371 -0.0370977 -0.03597 -0.0337697 -0.0307993 -0.0273034 -0.0235471 -0.0197872 -0.0161741 -0.0128756 -0.00996799 -0.00748355 -0.00543548 -0.00379578 -0.00252233 -0.0015648 -0.00088733 -0.000411414 -0.000119798 3.40304e-05 0.00011071 9.02375e-05 4.71663e-05 -2.66006e-05 -0.000132261 -0.00021026 -0.000319784 -0.000409748 -0.00048679 -0.000586689 -0.000644368 -0.00072288 
0 0.000155084 0.000301454 0.000469594 0.0006318 0.000810717 0.0010118 0.0012241 0.00147995 0.00177403 0.00212689 0.00256512 0.00310627 0.00378654 0.00464533 0.00572629 0.00707189 0.00875051 0.0108006 0.013279 0.016242 0.0196844 0.0236363 0.0280452 0.0328098 0.0378247 0.0428675 0.0477139 0.0521135 0.0557708 0.0584265 0.0598481 0.0598314 0.0582531 0.0551161 0.0504856 0.044572 0.0377016 0.0301997 0.0224741 0.0149208 0.0078914 0.00171604 -0.00332242 -0.00705051 -0.00941178 -0.0103855 -0.0100919 -0.00869867 -0.00638514 -0.00336918 9.61267e-05 0.00379177 0.00755754 0.0111903 0.0145879 0.0176974 0.0205064 0.0229779 0.0251227 0.02699 0.0286272 0.0300757 0.0313459 0.0324978 0.0335301 0.0344806 0.0353616 0.0362017 0.0369674 0.0376882 0.0383772 0.0390376 0.039661 0.0402418 0.0407951 0.0413301 0.0418536 0.0423195 0.0427697 0.0432113 0.0436406 0.0440106 0.044382 0.0447385 0.0450775 0.0453724 0.0456708 0.0459442 0.0462059 0.0464344 0.0466571 0.046857 0.047051 0.0472109 0.0473618 0.0474982 0.0476251 0.0477159 0.0478038 0.0478793 0.0479378 0.0479651 0.0479957 0.0480074 0.048002 0.0479719 0.0479441 0.0478929 0.047832 0.0477441 0.0476569 0.0475509 0.0474385 0.0472894 0.0471497 0.0469977 0.0468303 0.0466251 0.0464441 0.0462465 0.0460261 0.0457815 0.0455609 0.04532 0.0450639 0.0447946 0.0445331 0.0442705 0.0440015 0.0437223 0.043448 0.0432047 0.0429606 0.0427369 0.0425492 0.0424342 0.0423758 0.042432 0.0426279 0.0430105 0.0435965 0.0444406 0.0455901 0.0470352 0.0487404 0.0506624 0.0527478 0.0548193 0.0567149 0.0582287 0.059123 0.0591498 0.0581312 0.0559032 0.0523114 0.0473338 0.0410133 0.0334939 0.0250244 0.0159501 0.00661234 -0.00260368 -0.0112718 -0.0190498 -0.0255986 -0.0306681 -0.0341517 -0.0360383 -0.0364128 -0.035463 -0.0334264 -0.0305371 -0.0270947 -0.0233555 -0.0195403 -0.0158829 -0.0125058 -0.00951292 -0.00696542 -0.00485168 -0.00316386 -0.00186115 -0.000892399 -0.00020622 0.00024171 0.000511859 0.000642096 0.000658667 0.000619102 0.00051818 0.000391602 0.000261753 0.000105923 -2.66068e-05 -0.000163903 -0.000298321 -0.000403173 -0.000523338 -0.000615229 
0 0.00021889 0.000439912 0.000670709 0.000908016 0.00116452 0.00143739 0.00173762 0.0020769 0.00246039 0.002917 0.00346074 0.00412336 0.0049431 0.00595365 0.00720517 0.00875051 0.0106368 0.0129254 0.0156714 0.0188982 0.0226546 0.026911 0.0316166 0.0366968 0.0419554 0.0472301 0.0522625 0.0567803 0.0605392 0.0632479 0.0646936 0.0646808 0.0631134 0.0599716 0.0553705 0.0495216 0.0427031 0.0352846 0.0276098 0.0200714 0.0130041 0.00675561 0.00156933 -0.0023817 -0.00498023 -0.00626071 -0.00626335 -0.00511862 -0.0029945 -0.000140383 0.00325623 0.00695712 0.0107565 0.0145144 0.0180818 0.0213696 0.0243104 0.026943 0.0292512 0.0312608 0.0329717 0.0344779 0.0358206 0.0370118 0.0380603 0.0390053 0.039895 0.0407184 0.0414839 0.0421736 0.0428441 0.0434787 0.0440869 0.0446311 0.0451616 0.0456696 0.0461633 0.0466035 0.0470272 0.0474404 0.047838 0.0481933 0.0485315 0.0488657 0.0491779 0.0494617 0.0497268 0.0499891 0.0502272 0.0504475 0.050645 0.0508425 0.0510162 0.0511755 0.0513108 0.0514509 0.0515645 0.0516647 0.0517449 0.0518311 0.0518865 0.0519318 0.0519617 0.0519944 0.0519952 0.0519894 0.0519703 0.0519508 0.0519018 0.0518456 0.051779 0.0517111 0.0516153 0.051508 0.0513991 0.0512858 0.0511453 0.0509903 0.0508447 0.0506884 0.0505101 0.0503137 0.0501353 0.0499438 0.0497403 0.0495115 0.0493087 0.0490992 0.0488892 0.0486544 0.0484504 0.0482597 0.0480968 0.0479374 0.047821 0.0477834 0.0478525 0.0480247 0.0483237 0.0488402 0.0496068 0.0506557 0.0519527 0.0535411 0.0553964 0.0574636 0.0595833 0.0616355 0.0634307 0.0647416 0.0653751 0.0650952 0.0637058 0.0610433 0.0570569 0.0516885 0.0450326 0.0372349 0.0285336 0.0192463 0.00971433 0.000341516 -0.00852007 -0.0164791 -0.0232355 -0.0285492 -0.0322892 -0.0344282 -0.0350491 -0.0343241 -0.032443 -0.0297049 -0.026343 -0.0226368 -0.0188479 -0.0151471 -0.0117309 -0.00868674 -0.00607433 -0.00392198 -0.00220342 -0.000885258 8.0129e-05 0.000747285 0.00117347 0.00139961 0.0014836 0.00145542 0.00134782 0.00119576 0.00100538 0.000805727 0.000600264 0.000397611 0.000208194 2.77563e-05 -0.000135429 -0.000286178 -0.000421404 
0 0.000315337 0.000629273 0.000955428 0.00128291 0.0016329 0.00200157 0.00240125 0.00285096 0.0033504 0.0039356 0.00461715 0.00542794 0.00640989 0.00759516 0.00904141 0.0108006 0.0129254 0.0154747 0.0185019 0.0220295 0.0260942 0.0306619 0.0356697 0.0410342 0.0465472 0.0520397 0.0572417 0.0618753 0.0657054 0.0684338 0.069879 0.0698572 0.0682847 0.0651726 0.0606231 0.0548511 0.0481302 0.0408108 0.0332212 0.0257502 0.018698 0.0123875 0.0070641 0.00288102 -1.13497e-05 -0.00161652 -0.00194709 -0.00112093 0.000711203 0.0033292 0.00655892 0.0101792 0.0139795 0.0177983 0.0214348 0.0248279 0.0279174 0.0306917 0.0331053 0.0352028 0.0369934 0.0385555 0.0399334 0.0411277 0.0421748 0.0431089 0.0439741 0.0447596 0.0454956 0.0461453 0.0467696 0.0473625 0.0479263 0.0484239 0.048911 0.049375 0.0498162 0.050219 0.0506018 0.0509682 0.0513197 0.0516458 0.0519422 0.0522366 0.0525139 0.0527706 0.0529995 0.0532348 0.0534451 0.0536427 0.0538171 0.0539977 0.0541501 0.054298 0.0544235 0.0545539 0.0546573 0.0547604 0.0548404 0.0549261 0.0549865 0.0550467 0.0550845 0.0551305 0.0551503 0.0551682 0.0551681 0.0551773 0.0551564 0.0551332 0.0551004 0.0550721 0.0550105 0.0549507 0.0548878 0.0548195 0.0547234 0.0546308 0.0545365 0.0544321 0.0543133 0.0541855 0.0540634 0.0539382 0.0538035 0.0536436 0.0535129 0.0533813 0.0532432 0.0530875 0.0529758 0.0528693 0.0527958 0.0527389 0.0527402 0.0528212 0.0530242 0.0533419 0.0538236 0.0545359 0.0554915 0.0567416 0.0582677 0.0600638 0.0620732 0.0642579 0.0664365 0.0684743 0.0701622 0.071282 0.07164 0.0710218 0.0692571 0.0662128 0.0618532 0.0561403 0.0492039 0.0411738 0.0322996 0.0228899 0.0132573 0.00378634 -0.00518327 -0.0132843 -0.020221 -0.0257384 -0.0297177 -0.0321042 -0.0329737 -0.0324903 -0.0308187 -0.0282552 -0.0250186 -0.0213896 -0.017633 -0.0139321 -0.0104944 -0.00741881 -0.00477694 -0.00259746 -0.000864003 0.000457295 0.00141046 0.00205205 0.0024394 0.00261018 0.00263082 0.00252678 0.00234086 0.00210933 0.00183849 0.00156634 0.00128736 0.00101806 0.000763942 0.000518561 0.000296979 8.52215e-05 -0.000103247 
