0 0 0 0 0 0 0 0 0 0 0 0 0 0 0 0 0 0 0 0 0 0 0 0 0 0 0 0 0 0 0 0 0 0 0 0 0 0 0 0 0 0 0 0 0 0 0 0 0 0 0 0 0 0 0 0 0 0 0 0 0 0 0 0 0 0 0 0 0 0 0 0 0 0 0 0 0 0 0 0 0 0 0 0 0 0 0 0 0 0 0 0 0 0 0 0 0 0 0 0 0 0 0 0 0 0 0 0 0 0 0 0 0 0 0 0 0 0 0 0 0 0 0 0 0 0 0 0 0 0 0 0 0 0 0 0 0 0 0 0 0 0 0 0 0 0 0 0 0 0 0 0 0 0 0 0 0 0 0 0 0 0 0 0 0 0 0 0 0 0 0 0 0 0 0 0 0 0 0 0 0 0 0 0 0 0 0 0 0 0 0 0 0 0 0 0 0 0 0 0 
0 -0.00186629 -0.00368358 -0.00541185 -0.00700183 -0.0084185 -0.00963329 -0.0106249 -0.011404 -0.011977 -0.012375 -0.0126301 -0.0127581 -0.0128075 -0.0127897 -0.0127437 -0.0126979 -0.0126389 -0.0125983 -0.0125412 -0.0124809 -0.0124263 -0.0123457 -0.0122686 -0.0121538 -0.0120151 -0.0118636 -0.0116852 -0.0114968 -0.0112828 -0.0110489 -0.0108039 -0.0105608 -0.0102967 -0.0100315 -0.00975253 -0.00946825 -0.00920261 -0.00891749 -0.00864399 -0.00836844 -0.00810827 -0.0078519 -0.00759915 -0.00735231 -0.00711377 -0.00690285 -0.006686 -0.00648479 -0.00629365 -0.00612291 -0.00594648 -0.00579098 -0.00564105 -0.00550254 -0.00538563 -0.00525387 -0.00513558 -0.00503121 -0.0049324 -0.00482015 -0.00473924 -0.00464833 -0.004558 -0.00446714 -0.00438945 -0.00431344 -0.00423587 -0.00416001 -0.00408685 -0.00401594 -0.0039418 -0.00388945 -0.00382124 -0.00375402 -0.00369062 -0.00364651 -0.00358626 -0.00353458 -0.00347653 -0.00343762 -0.0033921 -0.00334656 -0.00330007 -0.00327271 -0.0032308 -0.00319426 -0.0031675 -0.00314036 -0.00310533 -0.00308723 -0.00306707 -0.00304068 -0.00302518 -0.00301516 -0.00299584 -0.0029845 -0.00298232 -0.00297124 -0.00296446 -0.00296851 -0.00296702 -0.00296402 -0.00297476 -0.00298189 -0.00298444 -0.00300003 -0.00301661 -0.00302557 -0.00304481 -0.00307161 -0.0030863 -0.00311163 -0.00314437 -0.00317122 -0.00319555 -0.00323983 -0.00327342 -0.00330951 -0.00334721 -0.00339777 -0.00344022 -0.0034919 -0.00353079 -0.00359028 -0.00364742 -0.00370663 -0.00375481 -0.00382152 -0.00388204 -0.00395443 -0.00401931 -0.00408566 -0.00415505 -0.00423031 -0.00430867 -0.00438783 -0.00446531 -0.00454091 -0.00463725 -0.00471381 -0.0048066 -0.00490712 -0.00500615 -0.00509065 -0.00520433 -0.0053131 -0.00542417 -0.00554163 -0.0056577 -0.0057838 -0.00590375 -0.00602778 -0.00614341 -0.00627682 -0.00639253 -0.00650073 -0.00659717 -0.00669287 -0.00677054 -0.00682734 -0.00687255 -0.00688352 -0.00689278 -0.00685354 -0.0067815 -0.00668096 -0.00654097 -0.00636613 -0.00614344 -0.0058684 -0.00554634 -0.00518728 -0.00475824 -0.00428561 -0.00374488 -0.00314789 -0.00251188 -0.00179504 -0.00102853 -0.00018384 0.000725086 0.00168236 0.0027063 0.00376621 0.00486057 0.00595233 0.0070009 0.00797525 0.0088355 0.00956021 0.0101282 0.0105355 0.0107934 0.0109397 0.0110291 0.0111277 0.0113049 0.0116107 0.012089 
0 -0.00368358 -0.00727972 -0.0106834 -0.0138273 -0.0166169 -0.0190052 -0.0209648 -0.0224809 -0.0236132 -0.0243836 -0.024868 -0.0251239 -0.0251873 -0.0251562 -0.0250496 -0.0249389 -0.0248405 -0.0247309 -0.0246385 -0.0245195 -0.0243999 -0.0242659 -0.02409 -0.0238749 -0.023602 -0.0232966 -0.0229574 -0.0225911 -0.022174 -0.0217221 -0.0212529 -0.0207571 -0.0202618 -0.0197308 -0.0191856 -0.0186573 -0.0181207 -0.0175857 -0.017051 -0.0165088 -0.0159978 -0.0155099 -0.0150084 -0.0145403 -0.0140977 -0.0136642 -0.0132643 -0.0128641 -0.0124897 -0.0121638 -0.0118438 -0.011531 -0.0112499 -0.0109901 -0.0107347 -0.0104961 -0.0102749 -0.0100765 -0.00987488 -0.00968043 -0.00949284 -0.00931615 -0.00915962 -0.00899321 -0.00882659 -0.00868174 -0.0085357 -0.00836798 -0.00824485 -0.00812375 -0.00797646 -0.00783217 -0.00772513 -0.00761288 -0.00749343 -0.00737113 -0.00726938 -0.00717622 -0.00707249 -0.00697691 -0.00689423 -0.00680685 -0.00672282 -0.00666113 -0.00658177 -0.00651153 -0.00645946 -0.00640622 -0.00633762 -0.00630367 -0.00626134 -0.00621445 -0.00617978 -0.00616366 -0.00612242 -0.00610541 -0.0060946 -0.0060793 -0.00606094 -0.00607328 -0.00606498 -0.00606569 -0.00607995 -0.00609896 -0.0061 -0.00613438 -0.00616165 -0.00618397 -0.00621759 -0.0062719 -0.00629999 -0.00634958 -0.00641054 -0.00646476 -0.00651691 -0.00659612 -0.00665993 -0.00673021 -0.00681912 -0.00690458 -0.00697889 -0.00707477 -0.00718549 -0.00728605 -0.00737681 -0.00748009 -0.00761963 -0.00773864 -0.00783843 -0.00796536 -0.00811693 -0.00823401 -0.00837283 -0.00852713 -0.00866693 -0.00880126 -0.00896459 -0.00913135 -0.00929334 -0.00945289 -0.00962345 -0.00980786 -0.00998784 -0.0101814 -0.0103777 -0.0105841 -0.0107971 -0.0110009 -0.0112138 -0.0114599 -0.0116855 -0.0118983 -0.0121335 -0.0123487 -0.0125586 -0.012757 -0.0129234 -0.0130913 -0.0132339 -0.0133172 -0.0133685 -0.0133853 -0.0133467 -0.0132609 -0.0130958 -0.0128622 -0.0125756 -0.0121961 -0.011728 -0.0111602 -0.0105054 -0.00976222 -0.00891988 -0.00796396 -0.00688897 -0.00572367 -0.00443718 -0.00304639 -0.00152247 0.000140922 0.00190535 0.00379831 0.00577855 0.00784946 0.00997895 0.0120874 0.0141249 0.0159957 0.0176442 0.019019 0.0200777 0.0208174 0.0212633 0.0214876 0.0216042 0.0217479 0.0220447 0.0226107 0.0235141 
0 -0.00541185 -0.0106834 -0.0156878 -0.0202877 -0.0243776 -0.0278738 -0.0307222 -0.0329421 -0.0345646 -0.0356727 -0.0363588 -0.0366863 -0.0367752 -0.0366851 -0.036515 -0.036343 -0.0361578 -0.0360131 -0.0358476 -0.0356764 -0.0355157 -0.0353038 -0.035081 -0.0347692 -0.0343869 -0.0339601 -0.0334661 -0.0329336 -0.032333 -0.0316769 -0.0309898 -0.0302975 -0.0295619 -0.0288132 -0.0280348 -0.02725 -0.0265002 -0.0257184 -0.0249579 -0.0241985 -0.0234787 -0.0227748 -0.022081 -0.021408 -0.0207628 -0.0201784 -0.0195952 -0.0190458 -0.0185278 -0.0180609 -0.0175905 -0.017164 -0.0167588 -0.0163845 -0.0160548 -0.0157033 -0.0153823 -0.0150956 -0.0148215 -0.0145266 -0.0142928 -0.014047 -0.0138051 -0.0135619 -0.0133463 -0.0131399 -0.0129302 -0.0127218 -0.0125262 -0.0123357 -0.012137 -0.0119802 -0.0118008 -0.0116217 -0.01145 -0.0113154 -0.0111562 -0.0110126 -0.0108574 -0.0107409 -0.010616 -0.0104896 -0.0103646 -0.0102794 -0.0101663 -0.0100652 -0.00998731 -0.0099092 -0.0098162 -0.00976072 -0.00970226 -0.00963246 -0.00958665 -0.00955484 -0.00950407 -0.00947266 -0.00946108 -0.00943354 -0.00941541 -0.00942291 -0.00941906 -0.00941494 -0.00944011 -0.00946036 -0.00947148 -0.00951279 -0.00955672 -0.00958685 -0.0096398 -0.00971074 -0.00975724 -0.00982766 -0.00991574 -0.00999229 -0.0100659 -0.010182 -0.0102777 -0.0103786 -0.0104881 -0.0106224 -0.010741 -0.0108793 -0.010999 -0.0111562 -0.011309 -0.0114672 -0.0116115 -0.0117877 -0.0119518 -0.012142 -0.0123226 -0.0125009 -0.0126887 -0.0128922 -0.0131003 -0.0133085 -0.0135185 -0.0137283 -0.0139748 -0.0141859 -0.0144298 -0.0146914 -0.0149473 -0.0151782 -0.0154636 -0.0157419 -0.0160224 -0.016311 -0.0165968 -0.0169027 -0.0171905 -0.0174775 -0.0177495 -0.0180464 -0.0183019 -0.018531 -0.0187257 -0.0189082 -0.0190415 -0.0191118 -0.0191379 -0.0190811 -0.0189921 -0.0187838 -0.0184777 -0.0180844 -0.0175858 -0.0169819 -0.0162451 -0.0153657 -0.0143581 -0.013238 -0.0119437 -0.0105168 -0.00891493 -0.00716598 -0.00529662 -0.00323163 -0.00101862 0.00139283 0.00397056 0.006684 0.00955684 0.012526 0.0155673 0.0185803 0.0214528 0.0240875 0.0263774 0.0282563 0.0296696 0.0306077 0.0311131 0.0312977 0.0313267 0.0313981 0.0317133 0.0324277 0.0336601 
0 -0.00700183 -0.0138273 -0.0202877 -0.0262321 -0.0315014 -0.0359938 -0.0396551 -0.0424779 -0.0445426 -0.0459257 -0.0467542 -0.0471406 -0.0471878 -0.0470394 -0.0467784 -0.0465118 -0.0462711 -0.0460484 -0.0458493 -0.0456362 -0.045426 -0.0451879 -0.0448932 -0.0445171 -0.0440445 -0.0435045 -0.042895 -0.0422268 -0.0414719 -0.0406496 -0.0397887 -0.0388922 -0.0379772 -0.0370181 -0.0360359 -0.0350684 -0.0341068 -0.0331437 -0.0321872 -0.0312351 -0.0303299 -0.0294618 -0.0285951 -0.0277735 -0.0269963 -0.0262564 -0.0255566 -0.0248758 -0.0242401 -0.02367 -0.0231187 -0.0225896 -0.0221038 -0.0216539 -0.0212255 -0.0208122 -0.0204303 -0.0200833 -0.0197403 -0.0194033 -0.0190886 -0.0187889 -0.0185092 -0.0182245 -0.0179472 -0.0176951 -0.0174404 -0.0171715 -0.0169455 -0.0167259 -0.016481 -0.0162483 -0.0160466 -0.015844 -0.0156366 -0.0154349 -0.0152504 -0.0150774 -0.0148959 -0.0147308 -0.0145787 -0.0144223 -0.0142746 -0.014155 -0.0140183 -0.0138926 -0.013793 -0.0136925 -0.0135803 -0.0135067 -0.0134306 -0.0133483 -0.0132868 -0.0132449 -0.0131825 -0.0131455 -0.0131233 -0.0130945 -0.0130701 -0.0130781 -0.0130711 -0.0130726 -0.0130969 -0.0131248 -0.0131406 -0.0131921 -0.0132429 -0.013287 -0.0133512 -0.0134373 -0.0135005 -0.0135878 -0.0136942 -0.0137922 -0.0138925 -0.0140259 -0.0141467 -0.0142739 -0.014424 -0.0145767 -0.0147194 -0.0148868 -0.015068 -0.0152463 -0.0154171 -0.0156044 -0.0158224 -0.0160283 -0.016216 -0.0164362 -0.0166763 -0.0168882 -0.0171205 -0.0173731 -0.0176124 -0.0178489 -0.0181125 -0.0183832 -0.0186541 -0.0189167 -0.0191957 -0.0194925 -0.0197832 -0.0200775 -0.0203859 -0.0207001 -0.0210142 -0.0213159 -0.0216249 -0.0219594 -0.0222655 -0.0225488 -0.0228393 -0.0231084 -0.0233495 -0.0235564 -0.0237125 -0.0238495 -0.0239287 -0.0239144 -0.0238299 -0.0236685 -0.0234162 -0.0230554 -0.0225591 -0.0219397 -0.0212063 -0.0203175 -0.0192668 -0.018042 -0.0166608 -0.0151256 -0.0134099 -0.0115055 -0.00940261 -0.00713378 -0.00467979 -0.00203446 0.000823891 0.0039071 0.00717317 0.0106295 0.0142371 0.0179726 0.0217716 0.0255044 0.0290499 0.0322523 0.0349962 0.0371857 0.038754 0.0396981 0.0400788 0.0400466 0.0398238 0.0396726 0.0398509 0.0405798 0.0420045 
0 -0.0084185 -0.0166169 -0.0243776 -0.0315014 -0.0378098 -0.0431735 -0.0475255 -0.0508704 -0.0532838 -0.0548796 -0.0558004 -0.0561858 -0.0561809 -0.0559341 -0.0555734 -0.0552086 -0.0548812 -0.0546005 -0.0543497 -0.0541079 -0.0538741 -0.0536127 -0.0532958 -0.0528822 -0.0523602 -0.0517504 -0.0510539 -0.050276 -0.0494009 -0.0484424 -0.0474327 -0.0463878 -0.0453078 -0.0441881 -0.043042 -0.0419023 -0.040779 -0.0396569 -0.0385469 -0.0374577 -0.0364179 -0.0354176 -0.034438 -0.0335003 -0.0326155 -0.0317867 -0.0309972 -0.0302416 -0.029538 -0.0288937 -0.0282758 -0.0276914 -0.0271495 -0.0266502 -0.0261826 -0.025726 -0.0252997 -0.0249107 -0.0245338 -0.0241629 -0.0238225 -0.0234959 -0.0231779 -0.0228615 -0.0225619 -0.0222815 -0.0219995 -0.0217139 -0.0214518 -0.021196 -0.0209325 -0.0206868 -0.0204511 -0.0202139 -0.0199815 -0.0197651 -0.0195548 -0.0193502 -0.0191451 -0.018961 -0.018785 -0.0186062 -0.0184382 -0.0182946 -0.0181419 -0.0179986 -0.0178785 -0.0177602 -0.0176385 -0.0175456 -0.0174564 -0.0173645 -0.0172928 -0.0172363 -0.0171715 -0.0171256 -0.0170962 -0.0170635 -0.0170402 -0.0170405 -0.0170366 -0.0170399 -0.0170654 -0.0170943 -0.0171211 -0.0171742 -0.0172326 -0.0172878 -0.0173629 -0.0174545 -0.0175355 -0.0176357 -0.0177542 -0.0178678 -0.0179873 -0.0181347 -0.0182771 -0.0184229 -0.0185874 -0.0187631 -0.0189343 -0.0191195 -0.0193129 -0.0195168 -0.0197211 -0.0199333 -0.0201576 -0.0203859 -0.0206099 -0.020855 -0.0211067 -0.0213456 -0.0215972 -0.0218662 -0.0221321 -0.0223953 -0.0226695 -0.0229512 -0.0232386 -0.0235157 -0.0238081 -0.024114 -0.0244088 -0.0246958 -0.0250003 -0.0253056 -0.0256023 -0.0258871 -0.0261689 -0.0264549 -0.0267122 -0.0269417 -0.0271592 -0.0273577 -0.0275114 -0.0276127 -0.0276587 -0.0276628 -0.027594 -0.0274263 -0.0271685 -0.0268143 -0.0263561 -0.0257586 -0.0250084 -0.024116 -0.0230797 -0.0218748 -0.0204825 -0.0188951 -0.017129 -0.0151851 -0.0130365 -0.0106791 -0.00810638 -0.00534333 -0.00238702 0.000786509 0.00418861 0.0078302 0.0116815 0.0157248 0.0199343 0.0242627 0.028628 0.0328873 0.036878 0.0404303 0.0433972 0.0456662 0.0471671 0.047898 0.047946 0.0474996 0.046836 0.046278 0.0461439 0.046707 0.0481535 
0 -0.00963329 -0.0190052 -0.0278738 -0.0359938 -0.0431735 -0.0492605 -0.0541756 -0.0579374 -0.0606124 -0.0623507 -0.0633079 -0.0636477 -0.0635595 -0.0631906 -0.0627151 -0.0622419 -0.0618219 -0.0614867 -0.061193 -0.0609403 -0.0607033 -0.0604411 -0.0601284 -0.0597076 -0.0591734 -0.0585332 -0.057792 -0.0569477 -0.0559986 -0.0549509 -0.0538344 -0.0526805 -0.0514708 -0.0502288 -0.0489595 -0.0476861 -0.0464393 -0.0451947 -0.0439671 -0.0427754 -0.0416333 -0.0405342 -0.0394817 -0.0384695 -0.0375168 -0.0366358 -0.0357899 -0.0349956 -0.0342583 -0.0335749 -0.0329289 -0.0323266 -0.031762 -0.0312408 -0.03076 -0.0302913 -0.0298547 -0.029452 -0.0290693 -0.0286894 -0.0283432 -0.0280116 -0.0276824 -0.0273616 -0.0270607 -0.0267678 -0.0264749 -0.0261944 -0.0259179 -0.0256478 -0.0253806 -0.0251322 -0.0248794 -0.0246315 -0.0243898 -0.0241677 -0.0239434 -0.0237246 -0.0235119 -0.0233178 -0.0231265 -0.0229388 -0.0227626 -0.0226013 -0.0224423 -0.022291 -0.0221564 -0.0220266 -0.0219044 -0.0217955 -0.0216983 -0.0216028 -0.0215248 -0.0214549 -0.0213932 -0.0213401 -0.0213043 -0.0212695 -0.0212495 -0.0212397 -0.02124 -0.0212451 -0.0212694 -0.0212967 -0.0213349 -0.0213846 -0.0214468 -0.0215105 -0.0215921 -0.0216818 -0.0217774 -0.0218837 -0.0220056 -0.0221288 -0.0222612 -0.0224099 -0.0225644 -0.0227223 -0.0228908 -0.0230742 -0.0232603 -0.0234536 -0.0236499 -0.0238626 -0.024079 -0.0243026 -0.0245231 -0.0247587 -0.0249969 -0.0252449 -0.0254891 -0.0257413 -0.0259935 -0.0262544 -0.0265191 -0.0267827 -0.0270438 -0.0273121 -0.0275857 -0.0278439 -0.0281115 -0.0283833 -0.0286441 -0.0288856 -0.0291408 -0.0293851 -0.0296086 -0.0298181 -0.030014 -0.0301902 -0.030337 -0.0304493 -0.0305213 -0.0305727 -0.0305615 -0.0304821 -0.0303452 -0.0301408 -0.0298478 -0.0294522 -0.028946 -0.0283235 -0.0275888 -0.0266902 -0.025632 -0.024418 -0.0230336 -0.0214755 -0.0197124 -0.0177462 -0.0155894 -0.0132442 -0.0106857 -0.00791447 -0.00492773 -0.00173616 0.00164361 0.00525526 0.00909504 0.0131722 0.0174725 0.0219497 0.0265939 0.0313297 0.0360588 0.0406287 0.0448372 0.0485053 0.0514557 0.0535626 0.054756 0.0550408 0.0545333 0.053461 0.0521541 0.0509953 0.0503643 0.0505816 0.0518771 
0 -0.0106249 -0.0209648 -0.0307222 -0.0396551 -0.0475255 -0.0541756 -0.0595332 -0.0635846 -0.0664469 -0.0682517 -0.0691828 -0.0694543 -0.0692292 -0.0687372 -0.068127 -0.0675241 -0.0670305 -0.0666129 -0.0663046 -0.066053 -0.0658209 -0.0656055 -0.0653065 -0.0649259 -0.0644223 -0.063791 -0.063057 -0.0621979 -0.0612209 -0.0601378 -0.0589752 -0.057736 -0.0564637 -0.0551284 -0.0537726 -0.0524254 -0.0510683 -0.049749 -0.0484357 -0.0471682 -0.0459458 -0.0447878 -0.0436732 -0.0426196 -0.041642 -0.040706 -0.0398476 -0.0390311 -0.0382786 -0.037578 -0.0369455 -0.0363324 -0.0357772 -0.0352677 -0.0347708 -0.0343269 -0.0339087 -0.033517 -0.0331384 -0.0327996 -0.0324453 -0.0321292 -0.0318241 -0.031532 -0.0312358 -0.0309572 -0.0306839 -0.0304095 -0.0301518 -0.0299028 -0.0296554 -0.0293864 -0.0291569 -0.0289296 -0.0287043 -0.0284617 -0.0282546 -0.0280414 -0.027847 -0.0276385 -0.0274526 -0.027269 -0.0271033 -0.0269275 -0.0267761 -0.0266269 -0.0264878 -0.0263545 -0.0262392 -0.026123 -0.0260215 -0.0259319 -0.0258487 -0.0257735 -0.0257144 -0.0256622 -0.0256165 -0.025587 -0.0255661 -0.0255517 -0.0255504 -0.0255622 -0.0255777 -0.0256062 -0.0256484 -0.0256953 -0.0257525 -0.0258239 -0.0259027 -0.0259863 -0.0260889 -0.0261935 -0.0263083 -0.0264326 -0.0265731 -0.0267055 -0.0268602 -0.0270167 -0.0271907 -0.0273549 -0.0275372 -0.0277176 -0.0279311 -0.0281197 -0.0283172 -0.0285235 -0.0287614 -0.0289691 -0.0291878 -0.0294095 -0.0296478 -0.0298742 -0.0301065 -0.0303432 -0.0305697 -0.0307934 -0.0310246 -0.031264 -0.0314665 -0.0316884 -0.0318888 -0.0320827 -0.0322613 -0.0324448 -0.0325833 -0.0327213 -0.0328312 -0.0328998 -0.0329559 -0.0329755 -0.0329542 -0.0328741 -0.0327645 -0.0325754 -0.0323385 -0.0320181 -0.031621 -0.031139 -0.0305589 -0.0298603 -0.029029 -0.0280943 -0.0269924 -0.0257563 -0.0243429 -0.0227544 -0.021006 -0.0190597 -0.0169155 -0.0145733 -0.0120417 -0.00930957 -0.00639834 -0.003258 7.39148e-05 0.00359387 0.00733106 0.0112487 0.015418 0.0197997 0.0243809 0.0291546 0.0340378 0.0389972 0.043887 0.048535 0.0527451 0.0562844 0.058983 0.0606929 0.0613421 0.0609614 0.0596888 0.057798 0.0556671 0.0537336 0.0524325 0.0521365 0.0531122 
0 -0.011404 -0.0224809 -0.0329421 -0.0424779 -0.0508704 -0.0579374 -0.0635846 -0.067846 -0.0707849 -0.0725936 -0.0734568 -0.0735874 -0.0732351 -0.0725711 -0.0718213 -0.071099 -0.0704841 -0.0700249 -0.0696727 -0.069435 -0.0692462 -0.0690671 -0.0688491 -0.0685369 -0.0681137 -0.0675549 -0.0668746 -0.0660461 -0.0651023 -0.0640351 -0.0628633 -0.0616307 -0.0603096 -0.0589535 -0.0575627 -0.0561452 -0.0547428 -0.0533542 -0.0519858 -0.0506752 -0.0494077 -0.0481848 -0.0470472 -0.0459513 -0.0449272 -0.0439838 -0.0430921 -0.0422777 -0.0415279 -0.0408208 -0.0401732 -0.0395867 -0.0390387 -0.0385382 -0.0380825 -0.0376612 -0.0372633 -0.0368918 -0.0365551 -0.036234 -0.0359387 -0.0356619 -0.0353785 -0.0351148 -0.0348757 -0.0346269 -0.0343888 -0.0341774 -0.0339413 -0.0337053 -0.0334998 -0.033303 -0.033086 -0.03287 -0.0326686 -0.032486 -0.0322926 -0.0320936 -0.0319151 -0.0317426 -0.0315661 -0.0314035 -0.0312479 -0.031086 -0.0309482 -0.0308153 -0.0306775 -0.0305542 -0.0304532 -0.0303383 -0.030241 -0.0301606 -0.0300818 -0.0300031 -0.0299544 -0.0299013 -0.0298552 -0.0298263 -0.0298111 -0.0297873 -0.0297901 -0.0298003 -0.0298121 -0.0298337 -0.0298804 -0.0299162 -0.0299679 -0.0300374 -0.0301093 -0.0301783 -0.0302784 -0.0303753 -0.0304728 -0.0305884 -0.0307155 -0.0308335 -0.0309736 -0.0311176 -0.0312548 -0.03141 -0.0315814 -0.0317372 -0.0318923 -0.03207 -0.0322582 -0.0324371 -0.0325968 -0.0327794 -0.0329834 -0.0331654 -0.0333323 -0.0335272 -0.0337062 -0.0338724 -0.0340566 -0.0342324 -0.0343796 -0.034526 -0.0346677 -0.0347937 -0.0349065 -0.0349965 -0.0350642 -0.035102 -0.035117 -0.0351033 -0.0350459 -0.0349602 -0.0348258 -0.0346241 -0.0343809 -0.0340825 -0.0336989 -0.0332622 -0.0327367 -0.0321079 -0.031404 -0.030576 -0.0296367 -0.0285878 -0.0273968 -0.0260666 -0.0245983 -0.0229537 -0.0211508 -0.0191835 -0.0170262 -0.0147104 -0.0121963 -0.00950243 -0.00662984 -0.0035729 -0.000338618 0.00308405 0.00667846 0.0104598 0.0144038 0.018549 0.0228925 0.0274289 0.0321675 0.037035 0.042015 0.0469938 0.0518348 0.0563642 0.0603299 0.0635316 0.0657498 0.0668448 0.0667551 0.0655137 0.0633067 0.0604393 0.057339 0.0544933 0.0523881 0.0514412 0.0519605 
0 -0.011977 -0.0236132 -0.0345646 -0.0445426 -0.0532838 -0.0606124 -0.0664469 -0.0707849 -0.0737422 -0.0754795 -0.0762117 -0.0761923 -0.0756429 -0.0748139 -0.0738948 -0.073022 -0.0723133 -0.0717681 -0.0714086 -0.0711919 -0.0710481 -0.0709569 -0.0708175 -0.0706169 -0.0703117 -0.0698652 -0.0692938 -0.0685682 -0.0677111 -0.066728 -0.0656268 -0.0644176 -0.0631348 -0.061783 -0.0603953 -0.058984 -0.0575471 -0.0561368 -0.0547361 -0.0533834 -0.0520604 -0.0507983 -0.0496076 -0.0484822 -0.0474367 -0.0464407 -0.0455306 -0.0446937 -0.0439245 -0.0432057 -0.0425765 -0.0419899 -0.0414628 -0.0409825 -0.0405264 -0.0401421 -0.0397883 -0.0394541 -0.0391486 -0.0388912 -0.0386206 -0.0383852 -0.0381641 -0.0379706 -0.0377734 -0.0375763 -0.037396 -0.0372293 -0.0370561 -0.0368908 -0.0367405 -0.0365607 -0.0364043 -0.0362555 -0.0361097 -0.0359418 -0.0357945 -0.0356425 -0.0355155 -0.0353606 -0.0352174 -0.0350891 -0.0349706 -0.0348242 -0.0347152 -0.0346065 -0.0344885 -0.0343823 -0.0343026 -0.0342005 -0.0341152 -0.0340511 -0.0339805 -0.0339095 -0.0338692 -0.033824 -0.0337772 -0.0337551 -0.0337401 -0.0337156 -0.0337153 -0.0337267 -0.033729 -0.0337464 -0.0337866 -0.0338126 -0.0338507 -0.0339121 -0.0339682 -0.0340192 -0.0341058 -0.0341821 -0.0342552 -0.0343503 -0.0344592 -0.0345389 -0.0346508 -0.0347685 -0.0348823 -0.0349858 -0.0351166 -0.0352341 -0.0353712 -0.0354863 -0.0356106 -0.0357375 -0.035878 -0.0359925 -0.036122 -0.0362342 -0.03635 -0.0364714 -0.0365811 -0.0366708 -0.0367557 -0.0368357 -0.0369001 -0.0369564 -0.0369701 -0.0369914 -0.036968 -0.0369099 -0.0368313 -0.0367371 -0.0365651 -0.0363638 -0.0361128 -0.0358018 -0.035443 -0.0350036 -0.0345046 -0.0339276 -0.0332668 -0.0324945 -0.031645 -0.0306846 -0.0296214 -0.028426 -0.0271059 -0.0256614 -0.0240642 -0.0223363 -0.0204361 -0.0184001 -0.0162059 -0.0138443 -0.0113214 -0.00863175 -0.005778 -0.00277126 0.000393348 0.00372122 0.00717832 0.0108032 0.0145594 0.0184669 0.022542 0.0267564 0.0311617 0.0357207 0.0404343 0.0452728 0.0501461 0.0549757 0.0595868 0.0637826 0.0673343 0.0699877 0.0715432 0.0718461 0.0708397 0.0685982 0.0653204 0.0613663 0.0572015 0.0533553 0.0503662 0.0486855 0.048662 
0 -0.012375 -0.0243836 -0.0356727 -0.0459257 -0.0548796 -0.0623507 -0.0682517 -0.0725936 -0.0754795 -0.0770892 -0.0776489 -0.077421 -0.0766667 -0.0756317 -0.0745281 -0.0734994 -0.0726579 -0.0720373 -0.0716442 -0.0714466 -0.0713681 -0.0713646 -0.0713523 -0.0712984 -0.0711573 -0.0708802 -0.0704657 -0.0698858 -0.0691699 -0.0683179 -0.0673304 -0.0662241 -0.0650148 -0.0637331 -0.0623973 -0.0610099 -0.0595855 -0.0581667 -0.0567569 -0.0553853 -0.054033 -0.052723 -0.0514888 -0.0503126 -0.049208 -0.0481636 -0.0472044 -0.0463342 -0.0455343 -0.044786 -0.0441229 -0.0435288 -0.0429959 -0.042516 -0.0420799 -0.0417163 -0.0413832 -0.0410745 -0.0408086 -0.0405911 -0.0403841 -0.040203 -0.0400334 -0.0398942 -0.0397678 -0.0396358 -0.0395269 -0.0394365 -0.0393269 -0.039217 -0.0391374 -0.0390453 -0.038949 -0.0388495 -0.0387616 -0.0386696 -0.0385758 -0.0384733 -0.0383919 -0.0382932 -0.0381939 -0.038111 -0.0380276 -0.0379222 -0.037847 -0.0377738 -0.037682 -0.0376054 -0.0375498 -0.0374719 -0.0374047 -0.0373602 -0.0373042 -0.0372474 -0.0372171 -0.0371818 -0.0371409 -0.0371239 -0.0371105 -0.0370869 -0.0370839 -0.0370917 -0.0370866 -0.0370966 -0.037125 -0.0371386 -0.0371605 -0.0372061 -0.0372403 -0.0372701 -0.0373309 -0.0373827 -0.0374232 -0.0374878 -0.0375596 -0.0376062 -0.0376761 -0.0377519 -0.0378129 -0.0378759 -0.0379594 -0.0380202 -0.0380837 -0.0381497 -0.0382228 -0.0382791 -0.0383282 -0.0383754 -0.038439 -0.0384696 -0.0384897 -0.0385207 -0.0385327 -0.0385158 -0.0385034 -0.0384756 -0.0384118 -0.0383276 -0.0382149 -0.038091 -0.0379197 -0.0376994 -0.0374457 -0.0371577 -0.0367918 -0.0363779 -0.0359053 -0.035368 -0.0347504 -0.0340339 -0.0332455 -0.0323717 -0.0313869 -0.0302854 -0.0290829 -0.0277564 -0.0263118 -0.0247139 -0.0229862 -0.0211368 -0.0191373 -0.0169949 -0.0146952 -0.0122602 -0.00968931 -0.0069714 -0.00410357 -0.00110722 0.00201991 0.00526489 0.00863763 0.0121419 0.015745 0.0194658 0.0232828 0.02722 0.0312835 0.0354641 0.0397852 0.0442277 0.0487935 0.0534358 0.0580721 0.0625853 0.0667975 0.0705023 0.0734545 0.0754075 0.0761453 0.0755197 0.0734903 0.070153 0.0657462 0.0606603 0.0553988 0.0505281 0.0466214 0.0441696 0.0435505 
0 -0.0126301 -0.024868 -0.0363588 -0.0467542 -0.0558004 -0.0633079 -0.0691828 -0.0734568 -0.0762117 -0.0776489 -0.0780006 -0.0775315 -0.0765478 -0.0752792 -0.073966 -0.0727601 -0.071761 -0.071051 -0.0706099 -0.0704239 -0.0704128 -0.0704982 -0.0706267 -0.0707339 -0.0707802 -0.0707074 -0.0704917 -0.0701108 -0.0695905 -0.068926 -0.0681054 -0.067155 -0.066066 -0.064901 -0.0636623 -0.0623428 -0.0609758 -0.0595792 -0.0581839 -0.0568002 -0.0554229 -0.0540631 -0.0527791 -0.051547 -0.05037 -0.0492619 -0.048224 -0.047287 -0.0464211 -0.0456199 -0.0448982 -0.0442738 -0.0437087 -0.043198 -0.0427546 -0.0423835 -0.0420596 -0.0417669 -0.0415316 -0.041334 -0.0411744 -0.0410329 -0.0409172 -0.0408333 -0.0407733 -0.0407019 -0.0406558 -0.0406376 -0.0406023 -0.0405655 -0.0405508 -0.04054 -0.0405093 -0.0404833 -0.0404613 -0.040445 -0.0404069 -0.0403738 -0.0403475 -0.0403135 -0.0402642 -0.0402368 -0.0401977 -0.0401463 -0.0401092 -0.040078 -0.0400237 -0.0399842 -0.0399557 -0.0399105 -0.0398688 -0.0398455 -0.0398103 -0.0397731 -0.0397545 -0.0397309 -0.0397014 -0.0396885 -0.0396774 -0.0396565 -0.0396508 -0.039651 -0.0396404 -0.03964 -0.039652 -0.0396508 -0.0396546 -0.039676 -0.0396845 -0.0396902 -0.039716 -0.0397352 -0.0397395 -0.039766 -0.0397893 -0.0397962 -0.0398133 -0.0398411 -0.0398417 -0.0398511 -0.0398685 -0.0398738 -0.0398599 -0.0398607 -0.0398568 -0.0398403 -0.0398002 -0.0397724 -0.0397413 -0.0396782 -0.0395977 -0.039532 -0.0394353 -0.0392994 -0.0391658 -0.0390106 -0.0388126 -0.0385786 -0.038326 -0.0380301 -0.0376875 -0.0372836 -0.0368426 -0.0363436 -0.0357706 -0.0351193 -0.0343984 -0.0336079 -0.0327098 -0.0317045 -0.0306104 -0.0294207 -0.028087 -0.0266371 -0.0250609 -0.0233605 -0.021531 -0.019538 -0.0174128 -0.0151668 -0.0127809 -0.0102426 -0.00757996 -0.0047887 -0.00189525 0.0011169 0.00426204 0.00749246 0.0108164 0.0142168 0.017707 0.021282 0.0249228 0.0286198 0.032379 0.0362276 0.0401554 0.0441861 0.0482993 0.0525038 0.0567985 0.0611134 0.0653849 0.0694492 0.0731336 0.0762242 0.0784575 0.0796034 0.079429 0.077799 0.0746909 0.0702198 0.0646683 0.0584525 0.0521102 0.04624 0.0414393 0.0382349 0.0370241 
0 -0.0127581 -0.0251239 -0.0366863 -0.0471406 -0.0561858 -0.0636477 -0.0694543 -0.0735874 -0.0761923 -0.077421 -0.0775315 -0.0768266 -0.0755657 -0.0740644 -0.0725112 -0.0710871 -0.0699263 -0.0690655 -0.0685636 -0.0683573 -0.0683814 -0.0685632 -0.0688164 -0.0690991 -0.069348 -0.0695018 -0.0695096 -0.0693745 -0.0690781 -0.0686427 -0.0680523 -0.0672799 -0.0663916 -0.0653782 -0.0642764 -0.0630864 -0.0618 -0.0604697 -0.0591204 -0.0577496 -0.0563556 -0.0549822 -0.0536294 -0.0523397 -0.0510934 -0.0498815 -0.0487582 -0.0477206 -0.0467526 -0.0458532 -0.0450555 -0.044335 -0.0437042 -0.0431375 -0.0426348 -0.0422228 -0.0418801 -0.0415765 -0.0413253 -0.0411518 -0.0409981 -0.0408759 -0.0408002 -0.0407685 -0.0407382 -0.0407284 -0.0407451 -0.0407732 -0.0408059 -0.040853 -0.0409081 -0.0409461 -0.0409942 -0.0410508 -0.041108 -0.0411401 -0.0411768 -0.0412165 -0.0412602 -0.0412765 -0.0412953 -0.0413198 -0.0413397 -0.0413389 -0.0413503 -0.0413583 -0.0413547 -0.0413511 -0.0413547 -0.041345 -0.0413354 -0.0413326 -0.0413223 -0.0413084 -0.0413017 -0.041292 -0.041276 -0.0412681 -0.0412579 -0.0412428 -0.0412323 -0.0412243 -0.0412077 -0.0411966 -0.0411882 -0.0411716 -0.0411563 -0.0411474 -0.0411292 -0.0411076 -0.0410957 -0.0410733 -0.0410439 -0.0410219 -0.0409988 -0.0409543 -0.0409182 -0.0408835 -0.040838 -0.0407737 -0.0407187 -0.0406557 -0.0405884 -0.0404977 -0.0404049 -0.0403044 -0.040202 -0.0400722 -0.0399308 -0.0397725 -0.0396025 -0.0394124 -0.0391998 -0.0389553 -0.0386765 -0.0383808 -0.0380479 -0.0376658 -0.0372344 -0.0367793 -0.0362467 -0.0356477 -0.0350038 -0.0342992 -0.0334869 -0.032594 -0.0316276 -0.0305529 -0.0293739 -0.0280736 -0.0266631 -0.0251333 -0.0234728 -0.0216485 -0.0197104 -0.0176495 -0.0154276 -0.0130675 -0.0105706 -0.00795568 -0.00521805 -0.00235483 0.000638628 0.00370059 0.00684801 0.0100924 0.0134017 0.01679 0.0202006 0.0236482 0.0271462 0.0306787 0.0342306 0.0377952 0.0413824 0.0450109 0.0487133 0.0524549 0.0562647 0.0601304 0.0640308 0.0679483 0.0717332 0.0752672 0.0783395 0.0807166 0.0821788 0.0824384 0.0813118 0.0786548 0.0744582 0.0688904 0.0622334 0.0549557 0.0476072 0.0408051 0.0351804 0.0312671 0.0294951 
0 -0.0128075 -0.0251873 -0.0367752 -0.0471878 -0.0561809 -0.0635595 -0.0692292 -0.0732351 -0.0756429 -0.0766667 -0.0765478 -0.0755657 -0.0740627 -0.0722784 -0.070472 -0.0688182 -0.0674207 -0.0664074 -0.065769 -0.0654982 -0.0655295 -0.0657485 -0.0661207 -0.066558 -0.0670029 -0.0673901 -0.0676491 -0.0677647 -0.0677411 -0.0675685 -0.0672256 -0.0667236 -0.0660481 -0.0652584 -0.0643505 -0.0633102 -0.0621704 -0.0609388 -0.0596647 -0.0583386 -0.0569797 -0.0555804 -0.0542046 -0.0528516 -0.0515045 -0.0502128 -0.0489677 -0.0478061 -0.0467138 -0.045696 -0.0447404 -0.0439106 -0.0431544 -0.0424708 -0.0418958 -0.0413972 -0.0409741 -0.0406133 -0.0403339 -0.0401025 -0.0399547 -0.0398323 -0.0397585 -0.039717 -0.0397259 -0.0397487 -0.0397989 -0.0398811 -0.0399679 -0.0400515 -0.0401528 -0.0402932 -0.0404005 -0.0405058 -0.0406131 -0.0407453 -0.0408439 -0.0409491 -0.0410341 -0.0411355 -0.0412132 -0.0412958 -0.0413561 -0.041427 -0.0414781 -0.0415345 -0.0415736 -0.0416164 -0.0416466 -0.0416796 -0.0416994 -0.041721 -0.0417348 -0.0417474 -0.0417522 -0.0417573 -0.0417561 -0.0417529 -0.0417445 -0.0417349 -0.0417202 -0.0417027 -0.0416805 -0.0416578 -0.0416273 -0.0415957 -0.0415588 -0.0415203 -0.0414711 -0.0414249 -0.0413669 -0.04131 -0.0412395 -0.041172 -0.0410868 -0.0410096 -0.0409109 -0.0408147 -0.0406953 -0.0405895 -0.0404605 -0.0403275 -0.0401574 -0.0400149 -0.0398523 -0.0396634 -0.0394356 -0.0392377 -0.0390095 -0.0387475 -0.0384579 -0.0381613 -0.0378246 -0.0374498 -0.0370579 -0.0366207 -0.0361283 -0.0355754 -0.035005 -0.034352 -0.0336437 -0.0328558 -0.0319992 -0.0310477 -0.0300241 -0.0288805 -0.0276453 -0.0263163 -0.0248333 -0.0232283 -0.0215026 -0.0196511 -0.0176365 -0.0154964 -0.0132006 -0.0107855 -0.00822661 -0.00551812 -0.0026988 0.000221878 0.00323996 0.0063792 0.00958412 0.0128625 0.0161743 0.0195312 0.0229396 0.0263452 0.0297428 0.0331283 0.0365113 0.0398838 0.0432421 0.0465507 0.0498553 0.0531769 0.0565131 0.0599039 0.0633013 0.0667406 0.070206 0.0736136 0.0768871 0.0798166 0.0822181 0.0838683 0.0844944 0.0838825 0.0817972 0.0781324 0.0729149 0.0662972 0.0586408 0.0503958 0.0421462 0.0345331 0.0281696 0.0236444 0.0213679 
0 -0.0127897 -0.0251562 -0.0366851 -0.0470394 -0.0559341 -0.0631906 -0.0687372 -0.0725711 -0.0748139 -0.0756317 -0.0752792 -0.0740644 -0.0722784 -0.0702329 -0.0681444 -0.0662092 -0.0645703 -0.0633173 -0.0625111 -0.0621162 -0.0620818 -0.0623077 -0.0627357 -0.0632888 -0.0638995 -0.0645 -0.0649966 -0.0653996 -0.0656572 -0.065783 -0.0657514 -0.0655208 -0.0651416 -0.064601 -0.0639245 -0.0631084 -0.0621507 -0.0610748 -0.0599234 -0.0586765 -0.0573554 -0.0559913 -0.0545829 -0.053191 -0.051784 -0.0503888 -0.0490305 -0.0477249 -0.0464746 -0.0452936 -0.0441974 -0.0431914 -0.0422802 -0.0414498 -0.0407216 -0.0400787 -0.0395473 -0.0390926 -0.0387147 -0.0384224 -0.0381961 -0.0380177 -0.037918 -0.0378734 -0.037854 -0.0378865 -0.0379458 -0.0380296 -0.038145 -0.0382906 -0.0384325 -0.0385845 -0.0387407 -0.0389226 -0.0390982 -0.0392569 -0.0394146 -0.0395872 -0.0397391 -0.0398838 -0.0400246 -0.0401526 -0.0402738 -0.0403937 -0.040493 -0.0405844 -0.0406786 -0.0407554 -0.0408201 -0.0408862 -0.0409425 -0.0409825 -0.0410247 -0.0410582 -0.0410794 -0.0410955 -0.0411111 -0.0411105 -0.0411066 -0.0410992 -0.0410828 -0.0410543 -0.0410286 -0.040991 -0.0409431 -0.0408925 -0.0408381 -0.0407652 -0.0406922 -0.040615 -0.0405204 -0.0404181 -0.0403178 -0.0401988 -0.0400681 -0.0399367 -0.0397886 -0.0396305 -0.0394686 -0.0392846 -0.039083 -0.0388916 -0.0386768 -0.0384333 -0.0381761 -0.0379186 -0.0376382 -0.0373328 -0.0369864 -0.036635 -0.0362578 -0.0358406 -0.0353872 -0.0349033 -0.0343549 -0.0337761 -0.033153 -0.0324561 -0.0317002 -0.0308796 -0.0299722 -0.0289844 -0.0279244 -0.0267572 -0.025488 -0.0240942 -0.0225978 -0.0209704 -0.0192117 -0.0173176 -0.0152867 -0.013112 -0.0107931 -0.00832045 -0.00571642 -0.00300708 -0.000144072 0.00282122 0.00589438 0.00905321 0.0122794 0.0155831 0.018937 0.022298 0.0256673 0.0290491 0.0324069 0.0357531 0.0390201 0.0422344 0.0454023 0.0485005 0.0515451 0.0545042 0.057429 0.0603396 0.0632651 0.0662035 0.0691525 0.0721219 0.0750797 0.0779815 0.0806742 0.0829951 0.0847219 0.0856165 0.0854493 0.0839588 0.0809656 0.0763578 0.0701792 0.0626356 0.0540779 0.0450038 0.0359944 0.0276936 0.0207375 0.0156983 0.0130132 
0 -0.0127437 -0.0250496 -0.036515 -0.0467784 -0.0555734 -0.0627151 -0.068127 -0.0718213 -0.0738948 -0.0745281 -0.073966 -0.0725112 -0.070472 -0.0681444 -0.0657649 -0.0635327 -0.0615987 -0.0600762 -0.0590286 -0.0584423 -0.0582767 -0.0584373 -0.0588687 -0.0594919 -0.0602285 -0.0610093 -0.0617348 -0.0623948 -0.0629409 -0.0633661 -0.0636468 -0.0637435 -0.0636817 -0.063448 -0.0630548 -0.0624955 -0.0617703 -0.0608976 -0.0599075 -0.0587927 -0.0575775 -0.056275 -0.0548932 -0.05348 -0.0520156 -0.0505447 -0.0490811 -0.0476379 -0.0462388 -0.0448922 -0.0436043 -0.0424033 -0.0412911 -0.0402698 -0.0393661 -0.0385455 -0.0378349 -0.0372241 -0.0367061 -0.0362813 -0.0359514 -0.0356926 -0.0355135 -0.0353894 -0.0353215 -0.0353263 -0.0353645 -0.0354375 -0.0355513 -0.0356896 -0.035841 -0.0360311 -0.0362218 -0.0364213 -0.0366223 -0.0368311 -0.0370426 -0.037254 -0.0374377 -0.0376348 -0.0378299 -0.0379974 -0.0381568 -0.0383263 -0.038465 -0.0385925 -0.0387259 -0.0388381 -0.0389304 -0.0390288 -0.0391127 -0.0391741 -0.0392374 -0.0392918 -0.0393257 -0.0393544 -0.0393808 -0.0393861 -0.0393844 -0.0393797 -0.0393596 -0.0393249 -0.0392921 -0.0392434 -0.0391784 -0.039113 -0.0390387 -0.0389403 -0.0388419 -0.0387389 -0.0386087 -0.0384735 -0.0383395 -0.0381772 -0.0380012 -0.037835 -0.037638 -0.0374208 -0.0372089 -0.0369826 -0.0367213 -0.0364598 -0.0361778 -0.0358805 -0.0355629 -0.0352213 -0.0348488 -0.0344686 -0.0340462 -0.0335998 -0.0331174 -0.0325873 -0.0320173 -0.0314189 -0.0307524 -0.030031 -0.029252 -0.0283976 -0.0274803 -0.0264803 -0.0253912 -0.024211 -0.0229264 -0.0215212 -0.0200198 -0.0183815 -0.0166218 -0.0147271 -0.0126839 -0.0105025 -0.00818406 -0.00571952 -0.00312375 -0.000393629 0.0024689 0.00542891 0.00851465 0.0116824 0.0149237 0.0182211 0.021554 0.0249223 0.0283003 0.0316546 0.0349759 0.0382579 0.0414709 0.044615 0.0476406 0.0505718 0.0534093 0.0561438 0.0587903 0.061327 0.0638103 0.0662629 0.0687166 0.0711824 0.0736529 0.0761385 0.0786041 0.0809803 0.0831182 0.084829 0.0858884 0.0860616 0.0851049 0.0827884 0.0789339 0.0734566 0.0664321 0.0580743 0.0487725 0.0390206 0.0294088 0.0205838 0.0131651 0.00774174 0.00473746 
0 -0.0126979 -0.0249389 -0.036343 -0.0465118 -0.0552086 -0.0622419 -0.0675241 -0.071099 -0.073022 -0.0734994 -0.0727601 -0.0710871 -0.0688182 -0.0662092 -0.0635327 -0.0609871 -0.0587248 -0.0568975 -0.0555546 -0.0547196 -0.054357 -0.054383 -0.0547476 -0.0553679 -0.0561642 -0.057063 -0.0579789 -0.0588649 -0.0596891 -0.0604117 -0.0610035 -0.0614439 -0.0617097 -0.0618088 -0.0617303 -0.0614693 -0.0610304 -0.0604167 -0.059641 -0.0587037 -0.0576395 -0.0564375 -0.055134 -0.0537463 -0.0522755 -0.0507729 -0.0492334 -0.0476747 -0.0461346 -0.0446349 -0.0431646 -0.0417743 -0.0404484 -0.039211 -0.0380871 -0.0370455 -0.036116 -0.0353073 -0.0346083 -0.0339952 -0.0334981 -0.0330935 -0.0327895 -0.0325469 -0.0323897 -0.0323113 -0.032277 -0.0322902 -0.0323677 -0.0324791 -0.0326078 -0.0327817 -0.0329671 -0.0331767 -0.0333874 -0.0336132 -0.0338429 -0.0340818 -0.03429 -0.0345229 -0.0347474 -0.0349471 -0.0351364 -0.0353447 -0.0355117 -0.0356701 -0.0358321 -0.0359753 -0.0360902 -0.0362144 -0.0363194 -0.0364017 -0.0364805 -0.0365518 -0.0365974 -0.0366372 -0.0366702 -0.036682 -0.0366822 -0.0366785 -0.036655 -0.0366169 -0.0365757 -0.0365178 -0.0364396 -0.0363613 -0.0362678 -0.0361508 -0.0360302 -0.0359048 -0.0357444 -0.0355834 -0.0354185 -0.0352241 -0.035009 -0.0348107 -0.0345732 -0.0343165 -0.0340588 -0.0337906 -0.033478 -0.0331724 -0.0328369 -0.032482 -0.0321002 -0.0317025 -0.031264 -0.0308099 -0.0303051 -0.0297735 -0.0292039 -0.028579 -0.0279039 -0.0271867 -0.0264 -0.0255409 -0.0246253 -0.0236238 -0.022545 -0.0213545 -0.0200791 -0.0187016 -0.0172006 -0.0155654 -0.0138292 -0.0119404 -0.0099095 -0.00775235 -0.00544107 -0.00300261 -0.000425009 0.00229202 0.00513085 0.00807013 0.0111305 0.0142677 0.0174817 0.0207582 0.024068 0.0274073 0.0307446 0.0340715 0.0373533 0.0405818 0.0437308 0.0467874 0.0497467 0.0525775 0.0552721 0.0578319 0.0602559 0.0625533 0.0647346 0.0668005 0.0688059 0.0707838 0.0727568 0.0747602 0.0767679 0.0787905 0.0807917 0.0826607 0.0842753 0.0854034 0.0858299 0.0853278 0.0836294 0.0805544 0.0759128 0.0696589 0.0618988 0.0528484 0.0429417 0.0326578 0.0225975 0.0134037 0.00567034 -2.20012e-06 -0.00321492 
0 -0.0126389 -0.0248405 -0.0361578 -0.0462711 -0.0548812 -0.0618219 -0.0670305 -0.0704841 -0.0723133 -0.0726579 -0.071761 -0.0699263 -0.0674207 -0.0645703 -0.0615987 -0.0587248 -0.0561408 -0.0539567 -0.0522881 -0.0511467 -0.0505155 -0.0503468 -0.0505742 -0.0511213 -0.0519129 -0.0528701 -0.0538984 -0.0549751 -0.0560112 -0.0569889 -0.0578807 -0.0586215 -0.0592404 -0.0596757 -0.05993 -0.0600071 -0.0598887 -0.0595762 -0.0590751 -0.0583839 -0.0575142 -0.056509 -0.0553269 -0.0540239 -0.0526149 -0.0511167 -0.0495552 -0.0479356 -0.0462949 -0.0446527 -0.0430482 -0.0414514 -0.0399175 -0.0384674 -0.0371038 -0.0358134 -0.034643 -0.0335953 -0.0326465 -0.0318261 -0.0311036 -0.0305027 -0.0300126 -0.0296214 -0.0292981 -0.0290938 -0.028952 -0.0288617 -0.028841 -0.0288936 -0.0289763 -0.0290791 -0.0292284 -0.0294189 -0.0296237 -0.0298163 -0.0300498 -0.0302865 -0.0305165 -0.0307435 -0.0309902 -0.0311989 -0.0314187 -0.031633 -0.0318296 -0.0319996 -0.0321881 -0.0323429 -0.0324837 -0.0326159 -0.0327424 -0.0328348 -0.0329296 -0.0330058 -0.0330665 -0.0331093 -0.0331496 -0.0331628 -0.0331691 -0.0331601 -0.0331383 -0.0330947 -0.03305 -0.0329801 -0.0328986 -0.0328047 -0.0327012 -0.0325662 -0.0324357 -0.0322847 -0.0321126 -0.0319243 -0.031743 -0.0315177 -0.031289 -0.0310507 -0.0307932 -0.0305011 -0.0302261 -0.0299071 -0.0295647 -0.0292167 -0.0288617 -0.0284407 -0.0280077 -0.0275626 -0.0270867 -0.0265455 -0.0259703 -0.0253752 -0.0247235 -0.0239964 -0.0232263 -0.0224128 -0.0214898 -0.0205063 -0.0194531 -0.0183062 -0.0170387 -0.0156877 -0.0142117 -0.0126269 -0.0109077 -0.00904853 -0.00706116 -0.00493882 -0.00266757 -0.000241823 0.00229048 0.00496294 0.00776402 0.0106854 0.0136866 0.0167893 0.0199592 0.0231871 0.0264674 0.0297401 0.0330318 0.0363073 0.0395376 0.0427009 0.0457935 0.0487714 0.0516442 0.054386 0.0569594 0.0594043 0.0616645 0.0637721 0.0657301 0.0675343 0.0692256 0.0708138 0.0723442 0.0738549 0.0753893 0.0769457 0.0785472 0.0801611 0.0817291 0.0831726 0.0842873 0.084898 0.0847489 0.0835973 0.0812403 0.0774407 0.0720988 0.0651702 0.05677 0.047189 0.0368043 0.0261531 0.0158044 0.00637096 -0.00152237 -0.00735294 -0.0106799 
0 -0.0125983 -0.0247309 -0.0360131 -0.0460484 -0.0546005 -0.0614867 -0.0666129 -0.0700249 -0.0717681 -0.0720373 -0.071051 -0.0690655 -0.0664074 -0.0633173 -0.0600762 -0.0568975 -0.0539567 -0.0514259 -0.0493834 -0.0478886 -0.0469381 -0.0465027 -0.0465182 -0.0469268 -0.0476352 -0.0485647 -0.0496659 -0.0508305 -0.0520448 -0.0532252 -0.0543402 -0.0553887 -0.0562987 -0.057073 -0.0576691 -0.0580852 -0.0583135 -0.0583496 -0.0581583 -0.057759 -0.0571792 -0.0563909 -0.0554346 -0.0542848 -0.0529894 -0.0515785 -0.0500612 -0.048433 -0.0467496 -0.0450443 -0.0432994 -0.0415645 -0.0398403 -0.0381784 -0.0365844 -0.0350675 -0.0336194 -0.0323013 -0.0311029 -0.0299978 -0.0290223 -0.0281889 -0.0274703 -0.0268331 -0.0263304 -0.025935 -0.025629 -0.0253946 -0.0252586 -0.0251726 -0.0251463 -0.0251833 -0.0252763 -0.0253869 -0.0255212 -0.0256971 -0.0259058 -0.0261136 -0.0263123 -0.0265433 -0.0267788 -0.0269967 -0.0272051 -0.0274311 -0.0276295 -0.0278192 -0.0280011 -0.0281759 -0.0283201 -0.0284674 -0.0285926 -0.0287047 -0.0287965 -0.0288854 -0.0289457 -0.0290004 -0.0290338 -0.029058 -0.0290586 -0.0290544 -0.0290239 -0.0289871 -0.028929 -0.0288608 -0.028768 -0.0286735 -0.0285513 -0.0284186 -0.028269 -0.0281115 -0.0279208 -0.0277319 -0.0275221 -0.0272908 -0.0270397 -0.0267953 -0.0265098 -0.026204 -0.0258932 -0.0255717 -0.0252029 -0.0248154 -0.0244115 -0.0239848 -0.0235183 -0.0230086 -0.0224658 -0.0218881 -0.0212665 -0.0205822 -0.0198489 -0.0190408 -0.0181771 -0.0172418 -0.0162313 -0.0151036 -0.0138966 -0.0125929 -0.0111715 -0.00961352 -0.00795576 -0.0061656 -0.00420704 -0.00212218 8.66118e-05 0.00243773 0.0049468 0.00756822 0.0103244 0.0131774 0.0161448 0.0192049 0.0223223 0.0254826 0.028699 0.0319455 0.0351614 0.0383702 0.041522 0.0446249 0.0476423 0.0505424 0.0533157 0.0559645 0.0584581 0.0607684 0.062919 0.0648653 0.0666595 0.0682777 0.0697241 0.0710477 0.0722447 0.0733759 0.0744667 0.0755604 0.0766894 0.0778833 0.0791259 0.0803926 0.0816176 0.0826519 0.0833597 0.0834862 0.082811 0.0811033 0.0781113 0.0737015 0.0677283 0.0602173 0.051318 0.0412901 0.0305873 0.0196852 0.00917162 -0.000350119 -0.00831964 -0.0141794 -0.0175549 
