0 0 0 0 0 0 0 0 0 0 0 0 0 0 0 0 0 0 0 0 0 0 0 0 0 0 0 0 0 0 0 0 0 0 0 0 0 0 0 0 0 0 0 0 0 0 0 0 0 0 0 0 0 0 0 0 0 0 0 0 0 0 0 0 0 0 0 0 0 0 0 0 0 0 0 0 0 0 0 0 0 0 0 0 0 0 0 0 0 0 0 0 0 0 0 0 0 0 0 0 0 0 0 0 0 0 0 0 0 0 0 0 0 0 0 0 0 0 0 0 0 0 0 0 0 0 0 0 0 0 0 0 0 0 0 0 0 0 0 0 0 0 0 0 0 0 0 0 0 0 0 0 0 0 0 0 0 0 0 0 0 0 0 0 0 0 0 0 0 0 0 0 0 0 0 0 0 0 0 0 0 0 0 0 0 0 0 0 0 0 0 0 0 0 0 0 0 0 0 0 
0 0.000146095 0.000309802 0.000469579 0.000672419 0.000891128 0.0011443 0.00144897 0.00177395 0.00216041 0.00257401 0.0030159 0.00348754 0.0039351 0.00436628 0.00472718 0.00499051 0.00514441 0.00514905 0.00501617 0.00473915 0.00433343 0.00382734 0.00325674 0.00267091 0.00212017 0.00166499 0.0013308 0.00114973 0.00112763 0.00124572 0.00150611 0.00187638 0.002319 0.00280945 0.00330278 0.00377188 0.00422497 0.00464615 0.00502511 0.00537937 0.00568415 0.00595408 0.0062233 0.00646534 0.00669424 0.00691411 0.00711362 0.00730623 0.00750008 0.00767654 0.00783564 0.00799952 0.00815525 0.00830321 0.00842858 0.00855343 0.00867362 0.0087864 0.00889632 0.00898866 0.00906438 0.0091472 0.00924204 0.00930031 0.00935418 0.00941275 0.00947479 0.00951726 0.00955663 0.00959081 0.00963265 0.00966299 0.00968114 0.00970914 0.00973524 0.00974846 0.00975865 0.00978331 0.00978989 0.0097983 0.00980545 0.00981896 0.00981769 0.00982624 0.00982529 0.00983379 0.00983204 0.00983493 0.00983171 0.00984112 0.00983467 0.00983517 0.0098371 0.00984253 0.00983254 0.00983932 0.00984245 0.00984124 0.00983667 0.00984924 0.00984646 0.00984587 0.00985014 0.00986021 0.00985331 0.00986073 0.00986644 0.00987094 0.00986729 0.00987927 0.00987928 0.00988396 0.00988293 0.00989115 0.00988877 0.00989439 0.00988766 0.00989336 0.00989095 0.00988717 0.00987638 0.00988215 0.00986936 0.00985385 0.00984605 0.00983942 0.00981318 0.00979058 0.00977534 0.00975168 0.00971951 0.00967487 0.00964418 0.0096137 0.00956376 0.00949038 0.00944609 0.00939439 0.00932112 0.00923649 0.0091592 0.00907451 0.00898286 0.0088828 0.00877313 0.0086622 0.00854032 0.00842109 0.00828434 0.00814688 0.00801618 0.00787268 0.00771259 0.00756564 0.00742113 0.00727492 0.00714914 0.00701447 0.00689581 0.00681861 0.0067662 0.00674703 0.00676277 0.00679702 0.00685105 0.00691353 0.00693952 0.00690421 0.00677804 0.00652503 0.00614158 0.00561184 0.00493584 0.00413601 0.00324569 0.00231488 0.00139532 0.00054611 -0.00020827 -0.00082592 -0.00129322 -0.00161779 -0.00177589 -0.00181253 -0.00173181 -0.00156074 -0.00135436 -0.00110561 -0.000870717 -0.000650293 -0.000447962 -0.000294076 -0.000156077 -6.05923e-05 6.95286e-06 5.67487e-05 6.89659e-05 7.32188e-05 4.84764e-05 
0 0.000309802 0.000623859 0.000982734 0.00137379 0.00181931 0.00234436 0.00292659 0.0036094 0.00437054 0.00520033 0.00611447 0.00703263 0.00795777 0.00881354 0.0095234 0.0100736 0.0103573 0.0103828 0.0101239 0.00956692 0.00877337 0.00776422 0.00662623 0.00545799 0.0043693 0.00344572 0.00279767 0.00243779 0.002376 0.00263722 0.00312063 0.00385286 0.00473218 0.0056826 0.00667009 0.00760567 0.00850045 0.00932091 0.0100864 0.0107534 0.0113596 0.0119115 0.0124197 0.0129105 0.0133546 0.0137708 0.0141404 0.0145404 0.0149014 0.0152413 0.0155656 0.0158546 0.0161387 0.0164246 0.0166875 0.0168967 0.0171373 0.0173418 0.0175314 0.0176986 0.0178746 0.0180303 0.0181625 0.0182751 0.018396 0.0185205 0.0185977 0.0186818 0.0187553 0.0188356 0.018891 0.0189506 0.0189792 0.0190378 0.0190771 0.0191005 0.0191178 0.0191592 0.0191726 0.0191803 0.0191973 0.0192117 0.0192164 0.0192192 0.0192259 0.0192276 0.0192341 0.0192247 0.0192297 0.0192317 0.0192314 0.0192177 0.0192328 0.0192282 0.0192226 0.0192209 0.0192389 0.0192236 0.0192285 0.0192381 0.0192467 0.0192337 0.0192552 0.0192615 0.0192639 0.0192659 0.0192911 0.0192884 0.0192974 0.0193084 0.0193242 0.0193228 0.0193362 0.0193424 0.0193528 0.0193551 0.0193564 0.0193611 0.019368 0.019358 0.0193462 0.0193556 0.0193392 0.0193155 0.0192978 0.01929 0.0192457 0.0192205 0.0191748 0.0191343 0.019079 0.0190312 0.0189471 0.0188783 0.018794 0.0187047 0.0186011 0.0184812 0.0183574 0.0182219 0.0180758 0.017912 0.0177622 0.0175475 0.0173472 0.0171541 0.0169459 0.0166928 0.0164468 0.0161867 0.01592 0.0156665 0.015372 0.0150864 0.0147945 0.014536 0.0142653 0.0140221 0.0138166 0.0136598 0.0135748 0.0135455 0.0135784 0.0136443 0.0137852 0.0138961 0.0139639 0.0139095 0.0136294 0.0131428 0.0123623 0.011299 0.0099579 0.00836393 0.00658676 0.00473675 0.0029067 0.00119287 -0.000291268 -0.00154222 -0.00247372 -0.00310076 -0.00344606 -0.00349326 -0.00334992 -0.00302553 -0.00259996 -0.00214231 -0.00166181 -0.00123136 -0.000842045 -0.000513515 -0.000258479 -5.58446e-05 7.8397e-05 0.00016123 0.000198397 0.000186287 0.000138878 
0 0.000469579 0.000982734 0.00150878 0.00213208 0.00282027 0.00361049 0.0045343 0.0055478 0.00671559 0.00797694 0.00932518 0.0107372 0.0121018 0.0133925 0.0144792 0.0152835 0.0157446 0.0157803 0.0153979 0.0145876 0.0133994 0.0119082 0.0102256 0.0084957 0.00686906 0.00551083 0.00451523 0.00396236 0.0038707 0.00420607 0.00494432 0.00600999 0.00729594 0.00871349 0.0101515 0.0115271 0.0128435 0.0140636 0.0151666 0.0161746 0.0170509 0.0178303 0.018578 0.0192606 0.0198957 0.0204939 0.0210392 0.0215667 0.0220829 0.0225548 0.0229848 0.0234083 0.0238138 0.0241972 0.0245284 0.0248429 0.0251492 0.0254338 0.025703 0.0259319 0.0261266 0.02633 0.0265448 0.0266895 0.026821 0.0269603 0.0270958 0.0271951 0.0272827 0.0273616 0.0274489 0.0275127 0.0275496 0.0276066 0.0276574 0.0276793 0.027696 0.0277393 0.0277484 0.0277559 0.0277644 0.0277819 0.027774 0.0277795 0.0277717 0.0277785 0.0277696 0.0277641 0.0277532 0.0277631 0.0277458 0.0277381 0.0277403 0.0277445 0.0277228 0.0277318 0.0277395 0.0277335 0.0277269 0.0277519 0.0277511 0.0277503 0.0277662 0.0277899 0.0277842 0.0278038 0.0278268 0.0278422 0.0278466 0.0278791 0.0278935 0.0279112 0.0279238 0.027951 0.0279618 0.0279827 0.0279852 0.028008 0.0280181 0.0280206 0.0280135 0.0280357 0.0280224 0.0280003 0.0279947 0.02799 0.0279445 0.0279056 0.0278782 0.027834 0.0277686 0.0276819 0.027614 0.027546 0.0274354 0.0272824 0.0271754 0.0270523 0.026883 0.0266888 0.026502 0.0262983 0.0260779 0.0258276 0.0255571 0.0252823 0.0249827 0.0246718 0.0243274 0.0239762 0.0236331 0.0232626 0.022854 0.0224658 0.0220847 0.0217103 0.021372 0.0210313 0.0207388 0.0205499 0.0204414 0.0204269 0.0205051 0.0206409 0.0208328 0.0210269 0.0211178 0.0210185 0.0206358 0.0198858 0.0187364 0.0171532 0.0151416 0.0127637 0.0101185 0.00735556 0.00462597 0.00209126 -0.000150019 -0.00199906 -0.00340318 -0.00437023 -0.00486908 -0.00498711 -0.00476877 -0.00429091 -0.00368549 -0.00297961 -0.00229234 -0.00165037 -0.00107147 -0.00061289 -0.00022425 5.2932e-05 0.000245089 0.000371195 0.000404042 0.000397195 0.000314502 
0 0.000672419 0.00137379 0.00213208 0.00297647 0.0039286 0.00501911 0.00625317 0.00765249 0.00921706 0.0109213 0.0127529 0.0146278 0.0164778 0.018195 0.0196426 0.0207338 0.0213406 0.0214125 0.0209214 0.0198617 0.0183105 0.0163516 0.0141365 0.0118564 0.00971654 0.00790573 0.00659126 0.00584333 0.0056873 0.00611887 0.00704155 0.00840683 0.0100686 0.0118895 0.0137583 0.015556 0.0172605 0.0188309 0.0202647 0.0215351 0.022661 0.0236709 0.0246006 0.0254664 0.0262559 0.0269821 0.0276417 0.0283005 0.0289161 0.0294847 0.0300111 0.0304955 0.0309612 0.0314108 0.0318142 0.0321623 0.0325172 0.0328353 0.0331247 0.0333771 0.0336188 0.0338437 0.0340425 0.0342011 0.0343574 0.0345142 0.0346303 0.0347326 0.0348214 0.0349106 0.0349816 0.0350406 0.0350701 0.0351238 0.0351613 0.0351736 0.0351805 0.0352097 0.0352102 0.035202 0.0352013 0.0352009 0.0351872 0.0351729 0.0351595 0.0351474 0.0351342 0.0351101 0.0350972 0.0350889 0.0350711 0.0350482 0.0350509 0.0350409 0.0350237 0.0350208 0.0350331 0.0350191 0.0350208 0.035038 0.0350479 0.0350442 0.0350721 0.0350938 0.0351048 0.0351248 0.0351649 0.0351838 0.0352084 0.0352451 0.0352817 0.0353063 0.0353416 0.0353778 0.0354126 0.0354428 0.03547 0.0355049 0.0355373 0.0355535 0.0355685 0.0356042 0.0356115 0.0356074 0.035614 0.0356252 0.0355979 0.03558 0.0355525 0.0355206 0.0354688 0.0354113 0.0353316 0.0352577 0.0351576 0.035037 0.0349124 0.0347683 0.0346005 0.0344109 0.03421 0.0339884 0.0337578 0.0334649 0.0331687 0.0328732 0.03255 0.0321784 0.0317914 0.0313879 0.0309778 0.0305599 0.0300954 0.029635 0.0291792 0.0287538 0.0283391 0.0279595 0.0276486 0.0274424 0.0273579 0.0273861 0.0275247 0.0277422 0.0280424 0.0283102 0.0284542 0.0283382 0.027817 0.0268353 0.0253013 0.0231986 0.0205425 0.0173992 0.0139063 0.0102601 0.00665539 0.0032888 0.000331479 -0.00213138 -0.00400058 -0.00527445 -0.00596918 -0.00612523 -0.00586414 -0.0052679 -0.00447374 -0.00358743 -0.00268682 -0.00185555 -0.00111576 -0.000500819 -1.35684e-05 0.000351779 0.000597373 0.000739731 0.000784212 0.000745331 0.00062552 
0 0.000891128 0.00181931 0.00282027 0.0039286 0.00517363 0.00658284 0.00817443 0.00996615 0.0119543 0.0141186 0.0164233 0.0187843 0.0211062 0.0232547 0.0250785 0.0264468 0.0272247 0.027337 0.0267462 0.0254599 0.0235567 0.0211543 0.0184356 0.0156308 0.0129889 0.0107432 0.00908562 0.00811813 0.00787635 0.00834418 0.00943323 0.0110504 0.0130372 0.0152247 0.0174669 0.0196383 0.0216884 0.0235781 0.025291 0.026807 0.0281387 0.0293215 0.0303949 0.0313824 0.0322795 0.0330956 0.0338413 0.0345573 0.0352274 0.035842 0.0364058 0.036926 0.0374216 0.0378848 0.038297 0.0386599 0.0390123 0.039335 0.0396217 0.0398679 0.040092 0.0403042 0.040491 0.0406398 0.0407712 0.0409003 0.0410023 0.0410847 0.0411489 0.0412102 0.0412591 0.0412912 0.0413028 0.0413246 0.0413365 0.0413259 0.0413123 0.0413086 0.0412891 0.0412583 0.041234 0.0412085 0.0411763 0.0411398 0.0411074 0.0410757 0.0410442 0.0410051 0.0409769 0.040952 0.0409225 0.0408917 0.04088 0.0408617 0.040841 0.0408324 0.0408359 0.0408248 0.0408265 0.0408413 0.0408537 0.0408599 0.0408893 0.0409178 0.0409412 0.0409729 0.0410208 0.0410568 0.0410982 0.0411496 0.0412042 0.0412504 0.0413061 0.041364 0.0414229 0.0414762 0.041532 0.0415917 0.0416503 0.0416957 0.0417447 0.0418025 0.0418429 0.0418721 0.0419111 0.0419477 0.0419581 0.0419686 0.0419774 0.0419771 0.0419553 0.0419253 0.0418857 0.0418429 0.0417689 0.0416759 0.0415796 0.0414694 0.0413267 0.0411588 0.0409772 0.04078 0.0405608 0.0402935 0.0400099 0.0397166 0.0393961 0.0390314 0.0386437 0.0382387 0.0378226 0.0373847 0.03691 0.0364324 0.0359676 0.0355312 0.035114 0.0347398 0.0344477 0.0342811 0.0342589 0.0343758 0.0346196 0.0349624 0.0353737 0.0357412 0.0359375 0.0358007 0.0351743 0.0339601 0.0320678 0.0294681 0.0261829 0.0223024 0.0179965 0.0134981 0.00905257 0.00489674 0.00123101 -0.00181799 -0.00415226 -0.00575011 -0.00663455 -0.00686622 -0.00656988 -0.00587008 -0.00491687 -0.00384598 -0.00276106 -0.00175122 -0.000861875 -0.00012174 0.000459716 0.000887563 0.00117133 0.00132495 0.00136123 0.00129416 0.00112933 
0 0.0011443 0.00234436 0.00361049 0.00501911 0.00658284 0.00833206 0.0103191 0.0125167 0.014956 0.0176019 0.0203846 0.0232534 0.0260426 0.0286253 0.0308303 0.032466 0.0334275 0.0335833 0.0329035 0.0314111 0.0291714 0.026348 0.0231485 0.0198389 0.0167039 0.0140334 0.0120163 0.0108059 0.0104501 0.0108949 0.0121048 0.013906 0.0161472 0.0186416 0.0211924 0.0236837 0.0260262 0.028188 0.030118 0.0318382 0.0333274 0.0346325 0.0358107 0.0368638 0.0378166 0.0386695 0.0394584 0.0401694 0.0408495 0.0414622 0.0420076 0.0425199 0.042997 0.043427 0.0437989 0.0441493 0.0444496 0.0447364 0.0449838 0.0451969 0.0453667 0.0455318 0.0456827 0.0457936 0.0458759 0.0459472 0.046022 0.0460572 0.0460817 0.0460911 0.0461065 0.0460909 0.0460751 0.0460459 0.0460206 0.0459753 0.0459309 0.0458815 0.0458314 0.0457719 0.0457124 0.0456562 0.0455944 0.0455336 0.0454717 0.0454186 0.0453578 0.0453061 0.0452524 0.045211 0.0451616 0.0451272 0.0450905 0.0450673 0.0450373 0.0450267 0.0450121 0.0450114 0.0450072 0.0450232 0.0450325 0.0450576 0.0450815 0.0451227 0.0451564 0.0452078 0.0452574 0.0453204 0.045377 0.0454509 0.0455211 0.0456006 0.0456756 0.0457649 0.0458489 0.0459369 0.0460241 0.0461192 0.0462082 0.0462951 0.0463865 0.0464753 0.0465596 0.0466347 0.046719 0.0467908 0.0468582 0.0469068 0.0469718 0.0470173 0.0470498 0.0470577 0.0470863 0.0470933 0.0470734 0.0470272 0.0469917 0.0469436 0.0468533 0.0467402 0.0466166 0.0464829 0.0463011 0.0461102 0.0458801 0.0456324 0.0453558 0.0450565 0.0447097 0.0443515 0.043986 0.0435746 0.0431481 0.0427098 0.0422943 0.04189 0.0415368 0.0412239 0.0410082 0.0409454 0.0410345 0.0412897 0.0416839 0.042198 0.0427444 0.0432472 0.0435131 0.0433671 0.0426627 0.0412226 0.0389963 0.0359252 0.0320407 0.0274654 0.0223951 0.0170907 0.0118476 0.00694706 0.00259353 -0.00101168 -0.00379811 -0.00572026 -0.00678457 -0.0071138 -0.00679312 -0.00600996 -0.0049311 -0.00368891 -0.0024512 -0.00128017 -0.000254168 0.000588335 0.00126041 0.00173598 0.00204812 0.00220774 0.00221776 0.00211537 0.00188935 
0 0.00144897 0.00292659 0.0045343 0.00625317 0.00817443 0.0103191 0.01269 0.0153538 0.0182468 0.0213842 0.0246896 0.0280346 0.0313242 0.0343311 0.0368957 0.0388239 0.0399382 0.0401542 0.0393963 0.0377 0.0351502 0.0319248 0.0282595 0.024457 0.0208528 0.0177261 0.0153552 0.0138695 0.0133298 0.013735 0.0149612 0.016879 0.0193033 0.0220068 0.0248041 0.0275566 0.0301309 0.0324887 0.0346094 0.0364417 0.0380454 0.0394451 0.0406541 0.0417377 0.042694 0.0435272 0.0442811 0.0449751 0.0455949 0.0461567 0.0466619 0.0471024 0.0475 0.0478591 0.0481847 0.04845 0.048686 0.0488962 0.0490591 0.0491946 0.0493271 0.0494239 0.0494688 0.0495195 0.049557 0.0495745 0.0495596 0.0495397 0.0495092 0.0494774 0.0494175 0.0493528 0.0492901 0.0492138 0.0491292 0.0490454 0.0489591 0.0488585 0.048771 0.0486726 0.0485781 0.0484781 0.0483907 0.0482907 0.0482079 0.0481156 0.0480365 0.0479549 0.0478887 0.0478115 0.0477575 0.0477012 0.0476544 0.0476074 0.0475857 0.0475543 0.047538 0.0475301 0.0475378 0.0475362 0.0475605 0.0475878 0.0476238 0.0476603 0.0477234 0.0477782 0.0478474 0.047922 0.0480132 0.0480943 0.0481983 0.0482986 0.0484113 0.04852 0.0486465 0.0487616 0.048895 0.0490205 0.049154 0.0492833 0.0494251 0.0495507 0.0496879 0.0498228 0.0499498 0.0500725 0.0502044 0.0503238 0.0504284 0.0505374 0.0506394 0.05074 0.0508131 0.0508751 0.050939 0.051008 0.0510248 0.0510323 0.0510413 0.0510284 0.0509854 0.0509329 0.0508527 0.0507349 0.0506058 0.0504579 0.0502835 0.0500596 0.0498185 0.0495566 0.0492639 0.0489599 0.0486388 0.0482919 0.047965 0.0476788 0.0474139 0.0472415 0.0471876 0.047266 0.0475405 0.0479854 0.0485766 0.0492955 0.0500462 0.0506877 0.0510601 0.0509456 0.0501462 0.0485372 0.0459876 0.0424774 0.038053 0.0328316 0.0270577 0.0210148 0.0150367 0.00942356 0.00445273 0.000302721 -0.00290828 -0.0051174 -0.00639543 -0.00679074 -0.00647974 -0.00564224 -0.00443153 -0.0030796 -0.00168043 -0.000373369 0.000762341 0.0017248 0.00244631 0.00297703 0.00330551 0.00344243 0.00344101 0.00326936 0.00298325 
0 0.00177395 0.0036094 0.0055478 0.00765249 0.00996615 0.0125167 0.0153538 0.0184672 0.021863 0.0255106 0.0293047 0.0331691 0.0369107 0.040343 0.0432749 0.0454553 0.0467511 0.0470093 0.0461718 0.0442856 0.0414268 0.0378104 0.0337038 0.0294293 0.0253413 0.0217844 0.0189994 0.0171889 0.0164294 0.0166731 0.0178787 0.0198251 0.0223371 0.0251869 0.0281414 0.0310637 0.0338041 0.0363181 0.0385348 0.0404763 0.0421349 0.0435462 0.044759 0.0457981 0.0467016 0.0474804 0.0481868 0.0487682 0.0493011 0.0497657 0.0501602 0.0505187 0.0508285 0.0510756 0.0512775 0.0514702 0.0515926 0.0517083 0.0517854 0.0518428 0.0518556 0.0518546 0.0518436 0.0518233 0.051763 0.0516792 0.0516184 0.0515275 0.0514297 0.0513113 0.0512004 0.0510703 0.0509615 0.0508128 0.0506768 0.050544 0.0504139 0.0502574 0.0501259 0.0499906 0.0498524 0.0497163 0.0495882 0.0494625 0.0493425 0.0492265 0.0491109 0.0490181 0.0489193 0.0488268 0.0487475 0.0486897 0.0486126 0.0485637 0.0485279 0.0484976 0.0484592 0.0484649 0.0484626 0.0484663 0.0484837 0.0485336 0.048561 0.0486146 0.0486845 0.0487642 0.0488322 0.0489386 0.0490435 0.0491529 0.0492701 0.0494111 0.0495433 0.0496893 0.0498422 0.050002 0.0501683 0.0503375 0.0505084 0.0506898 0.0508805 0.0510499 0.0512415 0.0514349 0.0516249 0.0517976 0.0520005 0.0521758 0.0523663 0.0525424 0.0527179 0.0528737 0.0530578 0.0532098 0.0533505 0.0534842 0.0536149 0.0537385 0.0538367 0.0539197 0.0539862 0.0540499 0.0540654 0.0541009 0.0540896 0.0540459 0.0539847 0.0539181 0.0538049 0.0536804 0.0535375 0.053348 0.053175 0.0529855 0.0528243 0.052685 0.052618 0.0526284 0.0527707 0.053085 0.0535846 0.0542848 0.0551403 0.0561204 0.0570766 0.0579123 0.0583955 0.0583145 0.0574959 0.0557147 0.0529061 0.0490121 0.0440859 0.0382957 0.0318916 0.0251855 0.0185491 0.012318 0.00676147 0.00213759 -0.0014685 -0.00397711 -0.00541782 -0.00592609 -0.00561115 -0.00471396 -0.00341987 -0.00191824 -0.000403321 0.00103509 0.00228809 0.00331742 0.00411446 0.00466466 0.00499809 0.00512754 0.00507227 0.00485871 0.0044927 
0 0.00216041 0.00437054 0.00671559 0.00921706 0.0119543 0.014956 0.0182468 0.021863 0.0257608 0.029922 0.0342424 0.0385912 0.0428022 0.0466377 0.0498957 0.0523286 0.0537587 0.0540517 0.0531321 0.0510472 0.0478916 0.0438963 0.0393482 0.0346002 0.0300405 0.0260099 0.02281 0.0206351 0.0195773 0.0196264 0.0206873 0.0225696 0.0250738 0.0279568 0.0309906 0.0340181 0.0368589 0.0394465 0.0417285 0.043685 0.045356 0.0467612 0.0479252 0.0488968 0.0497109 0.0503855 0.0509698 0.0514462 0.0518453 0.0521838 0.052461 0.0526861 0.0528509 0.0529698 0.0530662 0.0531329 0.053145 0.0531377 0.0530952 0.053044 0.0529843 0.0528861 0.0527565 0.0526429 0.0525182 0.0523646 0.0522058 0.0520391 0.0518771 0.0517038 0.0515149 0.0513275 0.051161 0.050963 0.0507663 0.0505897 0.0504113 0.0502108 0.0500342 0.0498622 0.0496869 0.0495135 0.0493526 0.0491963 0.0490508 0.0489032 0.0487658 0.0486502 0.0485343 0.0484164 0.0483274 0.0482531 0.0481649 0.0481003 0.0480649 0.0480215 0.0479806 0.0479815 0.047985 0.0479806 0.0480069 0.0480599 0.0480966 0.0481516 0.0482409 0.0483283 0.048412 0.0485318 0.0486625 0.0487853 0.0489279 0.0490928 0.0492556 0.0494248 0.0496122 0.0498054 0.0500084 0.0502129 0.0504252 0.0506522 0.0508859 0.0511023 0.0513447 0.0515979 0.0518344 0.0520674 0.0523357 0.0525856 0.052826 0.0530741 0.0533346 0.0535855 0.0538288 0.0540557 0.054304 0.0545576 0.0547709 0.0549766 0.0551997 0.0554116 0.0555989 0.0557793 0.0559339 0.0560924 0.0562318 0.0563447 0.0564392 0.0565214 0.0565779 0.0566194 0.0566348 0.0566396 0.0566584 0.0566629 0.0566935 0.056768 0.0569158 0.0571843 0.0576068 0.0581926 0.0589903 0.0599885 0.0611482 0.0624229 0.063655 0.0646995 0.0653392 0.0653394 0.0644893 0.0625991 0.0595532 0.0553245 0.0499836 0.0436991 0.0367575 0.0294852 0.0222771 0.0154918 0.00944386 0.00438749 0.000446245 -0.00229886 -0.00390452 -0.00447295 -0.00417018 -0.00322653 -0.00183552 -0.000235176 0.00141319 0.00296786 0.00432349 0.00545021 0.00629759 0.00688946 0.00722963 0.00733334 0.00724422 0.0069566 0.00651114 
0 0.00257401 0.00520033 0.00797694 0.0109213 0.0141186 0.0176019 0.0213842 0.0255106 0.029922 0.0345927 0.0394189 0.0442354 0.0488786 0.0530894 0.0566438 0.0592983 0.0608423 0.0611467 0.0601285 0.057832 0.0543759 0.0500005 0.0450202 0.0398066 0.0347682 0.0302543 0.0265951 0.0239979 0.0225728 0.0223367 0.0231721 0.0249049 0.0273106 0.0301415 0.03317 0.0362128 0.039088 0.041696 0.043991 0.0459362 0.0475788 0.048929 0.0500063 0.0508699 0.0515593 0.0521129 0.0525574 0.0528944 0.053135 0.0533204 0.0534562 0.0535436 0.0535708 0.0535498 0.0535155 0.0534511 0.0533508 0.0532236 0.0530759 0.0529181 0.0527565 0.0525585 0.0523433 0.0521473 0.0519385 0.0517059 0.0514691 0.0512414 0.0510125 0.0507766 0.0505228 0.050288 0.0500658 0.0498214 0.0495739 0.049357 0.0491363 0.0489004 0.0486839 0.0484802 0.048275 0.0480719 0.0478828 0.0477031 0.0475362 0.047365 0.0472108 0.0470773 0.0469473 0.0468133 0.0467155 0.0466279 0.0465336 0.046459 0.0464208 0.04637 0.0463295 0.0463255 0.0463322 0.0463261 0.0463582 0.046412 0.0464577 0.0465164 0.046617 0.0467116 0.0468095 0.046939 0.0470878 0.0472243 0.0473861 0.0475696 0.0477568 0.0479462 0.0481602 0.0483825 0.0486145 0.048849 0.0490972 0.0493627 0.0496319 0.0498919 0.0501774 0.0504808 0.0507642 0.0510528 0.051372 0.0516891 0.0519892 0.052305 0.0526312 0.0529626 0.0532824 0.053597 0.0539289 0.0542736 0.0545871 0.0548983 0.0552326 0.0555576 0.0558649 0.0561652 0.0564653 0.0567655 0.0570559 0.0573157 0.0575706 0.0578248 0.0580708 0.0582996 0.058502 0.0587127 0.0589431 0.0591837 0.0594529 0.0597872 0.0602086 0.0607775 0.0615165 0.0624313 0.0635738 0.064923 0.06644 0.0680414 0.0695696 0.0708418 0.0716487 0.0717477 0.0709048 0.0689412 0.0657155 0.0612187 0.0555336 0.0488473 0.0414652 0.0337345 0.0260645 0.0188314 0.0123824 0.00697137 0.002755 -0.000190256 -0.00192445 -0.00253848 -0.00223022 -0.00122138 0.000272088 0.00199312 0.0037809 0.00546283 0.00693385 0.00815391 0.0090628 0.00969252 0.0100408 0.0101284 0.0100032 0.00965713 0.00913657 
0 0.0030159 0.00611447 0.00932518 0.0127529 0.0164233 0.0203846 0.0246896 0.0293047 0.0342424 0.0394189 0.0447151 0.0499944 0.0550159 0.0595642 0.063374 0.0661888 0.0678161 0.0680897 0.0669483 0.0644257 0.0606645 0.0559037 0.0504955 0.0448214 0.039283 0.0342922 0.030132 0.027071 0.0252358 0.0246163 0.0251552 0.0266382 0.0288448 0.0315387 0.0344833 0.0374642 0.0403148 0.0429054 0.0451474 0.0470668 0.0486469 0.0499128 0.0509012 0.0516403 0.0521885 0.0526028 0.0529084 0.0530772 0.0531703 0.0532015 0.0531834 0.053128 0.0530233 0.0528678 0.0526919 0.0525226 0.0523057 0.0520644 0.0518174 0.0515796 0.0513119 0.0510253 0.0507483 0.0504798 0.0501958 0.0498925 0.049608 0.0493238 0.0490454 0.0487497 0.0484624 0.0481835 0.047922 0.047638 0.0473636 0.0471097 0.0468614 0.0466017 0.0463573 0.046131 0.0459053 0.0456854 0.0454738 0.0452841 0.045097 0.0449184 0.0447485 0.0446092 0.0444635 0.0443314 0.0442189 0.04413 0.0440278 0.0439576 0.0439056 0.0438616 0.043817 0.0438164 0.0438153 0.0438224 0.043849 0.043909 0.043955 0.0440276 0.0441229 0.0442316 0.0443337 0.0444764 0.0446265 0.0447836 0.0449504 0.0451517 0.0453491 0.0455605 0.0457856 0.0460337 0.0462813 0.0465409 0.0468132 0.0471068 0.0474003 0.047695 0.048014 0.0483468 0.048674 0.0490034 0.0493638 0.0497208 0.0500827 0.0504471 0.0508312 0.0512114 0.0516076 0.0519974 0.0523997 0.0528068 0.0532206 0.053632 0.0540493 0.0544802 0.0549046 0.0553218 0.0557395 0.0561923 0.0566203 0.0570268 0.0574415 0.0578795 0.058303 0.0587187 0.0591356 0.0595511 0.0600144 0.0605093 0.0610423 0.0616451 0.0623892 0.0632859 0.0643691 0.0656722 0.0671803 0.0689166 0.0708197 0.0727726 0.0746074 0.0761414 0.0771285 0.0773353 0.0765443 0.0745154 0.0711687 0.0664692 0.0605113 0.0535319 0.0458116 0.0377362 0.0297142 0.0221467 0.0153842 0.00971644 0.00530368 0.00221181 0.000425191 -0.000212965 0.000142626 0.00124651 0.00284125 0.00472489 0.00664897 0.00848228 0.0101017 0.0114185 0.0124385 0.0131184 0.0134978 0.0136023 0.0134348 0.0130593 0.0124616 
0 0.00348754 0.00703263 0.0107372 0.0146278 0.0187843 0.0232534 0.0280346 0.0331691 0.0385912 0.0442354 0.0499944 0.0556542 0.0610344 0.0658588 0.0698544 0.0727983 0.0744392 0.0746474 0.0733544 0.0705843 0.0665044 0.0613718 0.05553 0.0493913 0.0433796 0.0378606 0.0332071 0.029645 0.0273199 0.0262939 0.0264276 0.0275846 0.0295176 0.031987 0.0347703 0.037644 0.04042 0.0429297 0.0451353 0.0469687 0.0484769 0.0496704 0.0505496 0.0511715 0.0515932 0.0518705 0.0520024 0.0520573 0.0519929 0.0518799 0.0517414 0.0515523 0.0513065 0.051038 0.0507776 0.0504828 0.05019 0.0498559 0.0495271 0.0491932 0.0488864 0.0485493 0.0481941 0.0478538 0.0475401 0.0472187 0.0468662 0.046546 0.0462309 0.0459255 0.0455951 0.0453 0.0449981 0.0447137 0.0444127 0.044144 0.0438718 0.0436119 0.0433486 0.0431122 0.0428784 0.0426504 0.0424344 0.0422359 0.0420469 0.0418607 0.0416976 0.0415437 0.0414052 0.0412686 0.0411631 0.0410588 0.0409747 0.0408953 0.0408489 0.0407968 0.0407723 0.0407547 0.0407652 0.0407696 0.0408093 0.0408521 0.0409183 0.040985 0.0410879 0.041188 0.0413118 0.0414431 0.0416041 0.0417611 0.0419432 0.0421369 0.042351 0.0425648 0.0428023 0.0430552 0.0433168 0.0435859 0.0438746 0.044182 0.0444846 0.0448075 0.0451419 0.0454975 0.0458378 0.0462088 0.0465853 0.0469874 0.0473614 0.0477698 0.0481947 0.0486404 0.0490473 0.0494867 0.0499619 0.0504456 0.0509015 0.051368 0.0518834 0.0524003 0.0529144 0.0534186 0.0539671 0.054503 0.0550669 0.0556229 0.0561857 0.0567601 0.0573671 0.0579621 0.0585546 0.0592142 0.0598977 0.0606411 0.0614386 0.062348 0.063396 0.0646587 0.0661278 0.0678043 0.0697302 0.0718599 0.0741548 0.0764656 0.0786315 0.0804063 0.0815887 0.0819271 0.081158 0.079133 0.0756862 0.0708425 0.0647189 0.0575222 0.049584 0.0412815 0.0330236 0.0252282 0.0182792 0.0124353 0.0079152 0.00477087 0.00295501 0.00238103 0.00280598 0.00403097 0.00579827 0.00783483 0.00996954 0.011985 0.0137735 0.0152673 0.0163942 0.0171875 0.0176336 0.0177615 0.0176226 0.0172094 0.0165777 
0 0.0039351 0.00795777 0.0121018 0.0164778 0.0211062 0.0260426 0.0313242 0.0369107 0.0428022 0.0488786 0.0550159 0.0610344 0.0666786 0.0717157 0.0758484 0.0788412 0.0804632 0.0805613 0.0790818 0.0760447 0.0716463 0.0661262 0.0598726 0.0532927 0.0467869 0.0407877 0.0355969 0.0315052 0.0286753 0.0271403 0.0268387 0.0276009 0.0291918 0.0313842 0.0339576 0.0366513 0.0393101 0.0417433 0.0438575 0.0456512 0.0470884 0.0481949 0.0489876 0.0495056 0.0498075 0.0499714 0.0500017 0.0499171 0.0497416 0.0495101 0.0492547 0.0489618 0.0486476 0.0482972 0.0479333 0.0475768 0.0472167 0.0468267 0.0464565 0.0460963 0.045712 0.0453318 0.0449732 0.0446205 0.0442604 0.0439008 0.0435489 0.0432232 0.0428903 0.042554 0.0422322 0.0419275 0.0416183 0.0413224 0.0410309 0.040749 0.0404801 0.0402202 0.0399609 0.0397215 0.0394932 0.0392684 0.0390582 0.0388642 0.0386757 0.0385009 0.0383435 0.0381927 0.0380564 0.0379376 0.0378288 0.0377297 0.0376533 0.0375864 0.0375298 0.0374914 0.0374719 0.0374565 0.0374602 0.0374825 0.0375159 0.0375581 0.0376251 0.037703 0.037791 0.0378967 0.0380223 0.0381534 0.0383026 0.0384698 0.0386474 0.0388372 0.0390484 0.0392681 0.0394999 0.0397529 0.0400155 0.0402859 0.0405781 0.0408844 0.0411927 0.0415214 0.0418645 0.0422158 0.0425793 0.0429585 0.0433405 0.0437469 0.0441629 0.0445828 0.0450143 0.0454704 0.0459322 0.0464118 0.0468935 0.0473897 0.0479145 0.0484519 0.0489881 0.0495554 0.0501363 0.0507154 0.0513351 0.0519805 0.0526247 0.0532722 0.0539564 0.054671 0.0554172 0.0561672 0.0569489 0.0577771 0.0586751 0.0596629 0.0607295 0.0619262 0.063314 0.064919 0.0667488 0.0688436 0.0711597 0.0737022 0.0763922 0.0790469 0.0815057 0.0835251 0.0848746 0.0853196 0.0846258 0.0825806 0.0791001 0.074175 0.0679324 0.0606369 0.0525729 0.0441604 0.0357942 0.0278978 0.0208587 0.014956 0.0104083 0.00726527 0.00551964 0.00502813 0.00560016 0.00700829 0.00896561 0.0112558 0.0136162 0.0158788 0.0179106 0.0195951 0.0209282 0.0218613 0.0224275 0.0226573 0.0225545 0.0221875 0.0215453 
0 0.00436628 0.00881354 0.0133925 0.018195 0.0232547 0.0286253 0.0343311 0.040343 0.0466377 0.0530894 0.0595642 0.0658588 0.0717157 0.0768925 0.0810876 0.0840678 0.0856037 0.0855445 0.0838486 0.0805382 0.0758154 0.0699387 0.0632848 0.0562765 0.049315 0.042821 0.0371229 0.0325036 0.0291417 0.0270924 0.0262954 0.0266033 0.0277979 0.0296594 0.0319691 0.034475 0.036997 0.0393322 0.0413847 0.0431196 0.0445054 0.0455694 0.0463133 0.0467729 0.0470126 0.047091 0.0470244 0.0468661 0.0466171 0.0463143 0.0459944 0.0456319 0.0452479 0.0448529 0.0444565 0.0440605 0.0436713 0.0432589 0.0428632 0.0424768 0.0420953 0.0417247 0.0413509 0.0409764 0.0406271 0.0402892 0.0399368 0.0396061 0.0392778 0.0389596 0.0386517 0.0383518 0.0380441 0.037768 0.0374926 0.0372177 0.0369573 0.036716 0.0364705 0.0362426 0.036026 0.0358163 0.0356228 0.0354399 0.0352616 0.0351037 0.0349625 0.0348164 0.0346935 0.0345919 0.0344906 0.0343949 0.0343362 0.0342777 0.0342218 0.0341913 0.0341854 0.0341666 0.0341724 0.0342039 0.0342389 0.0342729 0.0343465 0.0344258 0.0345053 0.0346065 0.0347371 0.0348582 0.0349978 0.0351642 0.035338 0.035513 0.0357189 0.0359349 0.0361563 0.0363977 0.0366546 0.0369187 0.0372017 0.0374975 0.0377979 0.0381254 0.0384603 0.0387997 0.0391586 0.0395417 0.0399168 0.0403169 0.0407277 0.0411511 0.0415904 0.0420498 0.0424993 0.0429841 0.0434919 0.0440032 0.0445272 0.0450757 0.0456432 0.0462411 0.0468554 0.0474742 0.0481378 0.048822 0.0495327 0.0502706 0.0510382 0.0518353 0.0526859 0.0535565 0.0544796 0.0554844 0.0565638 0.0577514 0.0590555 0.060521 0.0622087 0.0641547 0.0663499 0.0688194 0.0715252 0.0744418 0.0774829 0.0804598 0.0831912 0.0854238 0.0869277 0.0874664 0.0868079 0.0847691 0.0812635 0.0763033 0.0700342 0.0627094 0.0546314 0.0462109 0.037838 0.0299478 0.0229263 0.0170614 0.0125822 0.00953891 0.00792253 0.00759895 0.00836718 0.0100045 0.0122255 0.0147954 0.0174621 0.0200324 0.0223657 0.0243445 0.0259349 0.0271037 0.027866 0.0282501 0.0282748 0.0279865 0.0273972 
0 0.00472718 0.0095234 0.0144792 0.0196426 0.0250785 0.0308303 0.0368957 0.0432749 0.0498957 0.0566438 0.063374 0.0698544 0.0758484 0.0810876 0.0852803 0.0881925 0.0895979 0.0893528 0.0874177 0.0838317 0.0787882 0.0725778 0.0655573 0.0581568 0.0507867 0.0438285 0.0376504 0.0325128 0.0286113 0.026035 0.0247212 0.0245584 0.0253392 0.0268547 0.0288777 0.0311781 0.0335515 0.0357938 0.0378154 0.0395271 0.0409086 0.0419659 0.042698 0.0431424 0.0433682 0.0434216 0.0433191 0.043139 0.0428578 0.0425271 0.042179 0.0418008 0.0414073 0.0410127 0.0406161 0.0402082 0.0398241 0.0394306 0.0390588 0.0386763 0.0383071 0.0379557 0.0376085 0.0372548 0.0369222 0.0366033 0.0362739 0.0359694 0.0356569 0.0353624 0.0350766 0.0348012 0.0345091 0.0342598 0.034007 0.0337549 0.0335122 0.0332965 0.0330748 0.0328682 0.0326702 0.0324838 0.0323151 0.0321489 0.031989 0.0318531 0.0317335 0.0315981 0.0314947 0.0314112 0.031324 0.0312357 0.0311965 0.031147 0.0310987 0.0310753 0.0310833 0.0310632 0.0310745 0.0311106 0.031149 0.0311757 0.0312544 0.0313306 0.0314042 0.031497 0.0316289 0.031737 0.0318666 0.0320248 0.0321918 0.0323476 0.032543 0.0327483 0.0329551 0.0331768 0.033422 0.0336725 0.0339371 0.0342152 0.0345014 0.0348157 0.0351305 0.0354547 0.0357992 0.0361712 0.0365243 0.0369134 0.0373135 0.0377259 0.0381428 0.0385947 0.0390387 0.0395147 0.0400053 0.0405054 0.0410283 0.0415782 0.0421441 0.0427282 0.0433461 0.0439796 0.0446636 0.0453553 0.0460892 0.0468616 0.047671 0.0485194 0.0494372 0.0503935 0.05141 0.0525388 0.0537537 0.0551117 0.0566278 0.0583411 0.0602958 0.0625406 0.0650644 0.0678692 0.0709385 0.0741933 0.0775412 0.0807857 0.0837258 0.0861102 0.0877152 0.0883106 0.0876628 0.0856333 0.0821163 0.077157 0.0709168 0.0636282 0.0556289 0.0472984 0.0390318 0.0312586 0.0243579 0.0186245 0.0142877 0.0114148 0.00998401 0.0098897 0.0109138 0.0128415 0.0154009 0.0183178 0.021372 0.0243283 0.0270393 0.0293993 0.0313225 0.0328132 0.0338553 0.0344727 0.0347125 0.0345757 0.0341148 
0 0.00499051 0.0100736 0.0152835 0.0207338 0.0264468 0.032466 0.0388239 0.0454553 0.0523286 0.0592983 0.0661888 0.0727983 0.0788412 0.0840678 0.0881925 0.0909689 0.0921976 0.0917388 0.0895517 0.085695 0.0803764 0.073856 0.0665309 0.0588016 0.0510523 0.0437183 0.0370911 0.0314818 0.0270929 0.0239839 0.022171 0.0215266 0.0218814 0.023036 0.0247866 0.0268743 0.0291121 0.0313111 0.0333021 0.0350553 0.0364811 0.037582 0.038371 0.0388795 0.0391454 0.0392228 0.0391685 0.0389858 0.0387427 0.0384413 0.0381072 0.0377395 0.0373879 0.0370292 0.0366473 0.0362877 0.0359278 0.0355785 0.0352376 0.034916 0.0345645 0.0342468 0.0339469 0.0336474 0.0333366 0.0330392 0.032766 0.0324951 0.0322171 0.03194 0.0317062 0.0314527 0.0312031 0.0309686 0.0307626 0.0305316 0.0303262 0.0301289 0.0299482 0.0297625 0.0295932 0.0294318 0.0292931 0.0291484 0.0290105 0.0289017 0.0288 0.0286875 0.0285984 0.0285398 0.0284612 0.0283951 0.0283618 0.0283331 0.0282859 0.0282811 0.0282871 0.0282828 0.0282884 0.0283376 0.0283674 0.0284037 0.028471 0.0285537 0.0286128 0.0287085 0.0288247 0.0289318 0.0290424 0.0291965 0.0293454 0.0294908 0.0296656 0.0298604 0.0300474 0.0302482 0.0304766 0.0307081 0.0309516 0.0312016 0.0314774 0.0317611 0.0320575 0.0323488 0.0326871 0.0330222 0.0333592 0.0337087 0.0341082 0.0344881 0.0348779 0.0352893 0.0357382 0.036189 0.0366365 0.0371076 0.037625 0.0381609 0.0386787 0.0392495 0.0398491 0.0404766 0.0411253 0.0418266 0.0425424 0.0433145 0.0441411 0.0450095 0.0459386 0.0469398 0.048039 0.0492202 0.0505506 0.0520348 0.0537126 0.0556209 0.0578163 0.0603044 0.0631016 0.0662197 0.0695628 0.0731036 0.0766871 0.0801217 0.0832023 0.0856856 0.0873283 0.0879171 0.0872654 0.0851892 0.0816786 0.0767475 0.0705584 0.0633929 0.0555268 0.0473669 0.0392957 0.0317188 0.0250219 0.0195083 0.0153892 0.0127514 0.0115928 0.0117697 0.0131224 0.0154029 0.018336 0.0216931 0.0251766 0.0286039 0.0317924 0.0345948 0.036982 0.0388706 0.040289 0.0412543 0.0417615 0.0418881 0.041613 
0 0.00514441 0.0103573 0.0157446 0.0213406 0.0272247 0.0334275 0.0399382 0.0467511 0.0537587 0.0608423 0.0678161 0.0744392 0.0804632 0.0856037 0.0895979 0.0921976 0.0932204 0.092524 0.0900892 0.0860003 0.0804184 0.0736802 0.0661051 0.0581075 0.0501014 0.0424182 0.0354477 0.0294342 0.024587 0.0210221 0.0187263 0.0176237 0.0175725 0.0183957 0.0198588 0.0217822 0.023911 0.0260672 0.0281204 0.0299304 0.0314596 0.0326735 0.0335861 0.034204 0.0345954 0.0347688 0.0347721 0.0346829 0.0345107 0.0342824 0.0340083 0.0337193 0.0334024 0.0331067 0.0328092 0.0324973 0.0321918 0.0319114 0.031632 0.03133 0.031057 0.0308045 0.0305491 0.030267 0.0300148 0.02978 0.0295483 0.0293009 0.0290617 0.0288434 0.0286395 0.0284247 0.0282055 0.0280175 0.0278381 0.0276539 0.0274696 0.0273135 0.0271607 0.0270135 0.0268644 0.0267411 0.0266252 0.0265105 0.026396 0.0263143 0.0262316 0.0261446 0.0260755 0.0260323 0.0259734 0.0259246 0.0259034 0.0258847 0.0258551 0.0258555 0.0258686 0.0258711 0.0258861 0.0259307 0.0259656 0.0260027 0.0260681 0.0261422 0.0262028 0.0262898 0.0263959 0.0264938 0.0265966 0.0267344 0.0268693 0.0270025 0.0271573 0.0273359 0.0275027 0.027685 0.0278869 0.0281046 0.0283157 0.0285466 0.028793 0.0290591 0.0293174 0.0295933 0.0298919 0.0302076 0.0305147 0.0308417 0.0311918 0.031554 0.0319245 0.032305 0.032703 0.0331203 0.033563 0.0340026 0.0344667 0.0349549 0.0354731 0.0359941 0.0365575 0.0371563 0.0377749 0.0384148 0.0391196 0.039885 0.0406732 0.0415243 0.042445 0.0434596 0.0445711 0.0458214 0.0471985 0.0487656 0.0505745 0.052641 0.055012 0.0577113 0.0607482 0.064073 0.0676702 0.0713987 0.0751294 0.0786873 0.0818181 0.084308 0.085919 0.086444 0.0856952 0.0835841 0.0800368 0.0751375 0.0690608 0.0620147 0.0543665 0.0464325 0.0386166 0.0313242 0.0248982 0.0196701 0.0158329 0.0134926 0.0126318 0.0131525 0.0148652 0.0175436 0.0209397 0.024759 0.0287783 0.0327422 0.0364699 0.0398435 0.042736 0.045144 0.0470295 0.0484023 0.0493119 0.0497402 0.049749 
0 0.00514905 0.0103828 0.0157803 0.0214125 0.027337 0.0335833 0.0401542 0.0470093 0.0540517 0.0611467 0.0680897 0.0746474 0.0805613 0.0855445 0.0893528 0.0917388 0.092524 0.0916036 0.0889424 0.0846455 0.0788906 0.0719755 0.0642536 0.0560982 0.0479024 0.0400172 0.0327772 0.026448 0.0212375 0.0172586 0.0145378 0.0130291 0.0126124 0.0131239 0.0143642 0.0161191 0.0181659 0.0203412 0.0224618 0.0244107 0.0261094 0.0274886 0.0285728 0.0293782 0.029925 0.030249 0.0304107 0.0304323 0.0303788 0.0302605 0.0300744 0.0298671 0.0296594 0.0294566 0.0292272 0.0289907 0.028754 0.0285458 0.0283352 0.028122 0.0278919 0.0276708 0.0274796 0.027286 0.0270704 0.0268573 0.0266802 0.0264916 0.0263008 0.0261096 0.0259467 0.0257748 0.0256079 0.0254428 0.0253044 0.025157 0.0250133 0.0248824 0.0247698 0.0246497 0.024535 0.0244397 0.0243516 0.0242621 0.0241787 0.0241173 0.0240538 0.0239952 0.0239446 0.0239146 0.0238744 0.0238486 0.0238313 0.0238267 0.0238123 0.0238225 0.0238333 0.0238521 0.0238705 0.0239141 0.0239479 0.0239958 0.0240505 0.0241209 0.0241807 0.0242649 0.0243527 0.0244481 0.0245426 0.0246642 0.0247826 0.0249084 0.0250437 0.025201 0.0253533 0.0255148 0.0256945 0.0258887 0.0260789 0.0262808 0.0265095 0.0267406 0.0269734 0.0272225 0.0275011 0.0277712 0.0280529 0.0283503 0.0286818 0.0290014 0.0293277 0.029675 0.0300707 0.0304477 0.0308199 0.0312287 0.0316852 0.0321378 0.032589 0.0330714 0.0335942 0.0341558 0.0347261 0.0353333 0.0359795 0.036689 0.0374493 0.0382704 0.0391549 0.0401577 0.0412747 0.0425106 0.043931 0.0455662 0.0474629 0.0496578 0.0521735 0.0550158 0.0582218 0.061733 0.0654774 0.0693395 0.0731412 0.076704 0.0797998 0.0822039 0.0836913 0.0840759 0.0832012 0.0809798 0.0773945 0.0725234 0.0665344 0.059671 0.0522478 0.0445944 0.0371006 0.0301292 0.0240379 0.0191369 0.0156184 0.0136086 0.0130921 0.0139763 0.0160979 0.0192216 0.0231029 0.0274679 0.0320515 0.0366214 0.0409731 0.0449543 0.048469 0.0514507 0.0538835 0.0557699 0.0571172 0.0579587 0.0583 
0 0.00501617 0.0101239 0.0153979 0.0209214 0.0267462 0.0329035 0.0393963 0.0461718 0.0531321 0.0601285 0.0669483 0.0733544 0.0790818 0.0838486 0.0874177 0.0895517 0.0900892 0.0889424 0.0860869 0.0816409 0.0757832 0.0688027 0.0610373 0.0528352 0.0445762 0.0365905 0.0292022 0.022672 0.0171956 0.0129013 0.00982932 0.00796202 0.00721819 0.0074525 0.00848712 0.0101197 0.0121282 0.014351 0.0165918 0.0187114 0.0206144 0.022219 0.0235418 0.0245872 0.0253602 0.0258855 0.0262191 0.0263969 0.0264979 0.0265201 0.0264614 0.0263693 0.026252 0.0261381 0.0260089 0.0258633 0.0257062 0.0255751 0.0254241 0.0252685 0.0251128 0.0249633 0.0248232 0.0246677 0.0245037 0.0243554 0.0242296 0.024072 0.0239264 0.0237864 0.0236632 0.023529 0.0234048 0.0232744 0.0231717 0.0230631 0.0229523 0.0228529 0.0227716 0.0226813 0.0225968 0.0225307 0.0224624 0.0224004 0.0223454 0.0223016 0.0222535 0.0222239 0.0221897 0.0221687 0.0221474 0.0221428 0.0221284 0.0221345 0.0221375 0.0221541 0.0221634 0.0221961 0.0222207 0.0222597 0.0222953 0.0223527 0.022399 0.0224633 0.0225268 0.0226072 0.0226785 0.0227721 0.0228625 0.022967 0.0230706 0.0231932 0.0233105 0.0234474 0.0235869 0.0237342 0.0238889 0.0240644 0.0242346 0.0244136 0.0246184 0.0248249 0.025031 0.0252559 0.0255046 0.0257444 0.0260038 0.0262677 0.0265578 0.0268527 0.0271597 0.0274621 0.0278104 0.0281579 0.0285107 0.028882 0.0292828 0.0296885 0.0301136 0.0305602 0.0310339 0.0315474 0.0320608 0.0326151 0.0332254 0.0338939 0.0345976 0.0353673 0.0362072 0.0371807 0.0382894 0.039527 0.0409605 0.0426302 0.0445896 0.0468746 0.0495002 0.0524653 0.0557968 0.0594192 0.0632462 0.0671447 0.0709261 0.0744192 0.0773942 0.0796309 0.0809198 0.081087 0.0800136 0.077646 0.073988 0.0691369 0.0632529 0.056573 0.0494007 0.0420479 0.0348916 0.0282766 0.0225467 0.018003 0.0148367 0.0131795 0.0130273 0.0142963 0.0168374 0.0204237 0.0248131 0.0297403 0.0349284 0.0401407 0.0451603 0.0498121 0.0539952 0.0576179 0.060658 0.0631096 0.064964 0.0662611 0.066991 
