0 0 0 0 0 0 0 0 0 0 0 0 0 0 0 0 0 0 0 0 0 0 0 0 0 0 0 0 0 0 0 0 0 0 0 0 0 0 0 0 0 0 0 0 0 0 0 0 0 0 0 0 0 0 0 0 0 0 0 0 0 0 0 0 0 0 0 0 0 0 0 0 0 0 0 0 0 0 0 0 0 0 0 0 0 0 0 0 0 0 0 0 0 0 0 0 0 0 0 0 0 0 0 0 0 0 0 0 0 0 0 0 0 0 0 0 0 0 0 0 0 0 0 0 0 0 0 0 0 0 0 0 0 0 0 0 0 0 0 0 0 0 0 0 0 0 0 0 0 0 0 0 0 0 0 0 0 0 0 0 0 0 0 0 0 0 0 0 0 0 0 0 0 0 0 0 0 0 0 0 0 0 0 0 0 0 0 0 0 0 0 0 0 0 0 0 0 0 0 0 
0 0.000929548 0.00186157 0.00278409 0.00369702 0.00458307 0.00542017 0.00618903 0.00685692 0.00739847 0.0077978 0.00803489 0.00811242 0.00804049 0.00782707 0.00751603 0.00713677 0.00673867 0.00638546 0.00610329 0.00594131 0.0059064 0.00598917 0.00619463 0.0064871 0.00685053 0.00725567 0.00765693 0.00803183 0.00835774 0.00862762 0.00884197 0.00900332 0.00910481 0.00914956 0.00916019 0.00912866 0.00907325 0.00899181 0.00886553 0.00872811 0.00857578 0.00840337 0.00821848 0.00801404 0.00778348 0.00755972 0.00732709 0.00706845 0.00681861 0.00655689 0.00629418 0.006027 0.00575427 0.00547586 0.00521293 0.00495266 0.00468049 0.00440995 0.00414791 0.00390353 0.00364213 0.00339579 0.00315748 0.00291917 0.00267536 0.00245951 0.00224264 0.00202275 0.0018099 0.00160556 0.0014158 0.00122574 0.00103532 0.000850212 0.000691782 0.000520034 0.000357856 0.000202429 6.38935e-05 -8.38894e-05 -0.000213838 -0.000345731 -0.000460212 -0.000577667 -0.000684323 -0.000787443 -0.00087301 -0.000966868 -0.00104652 -0.00111506 -0.00117979 -0.00124703 -0.00129148 -0.00133431 -0.00137844 -0.00140854 -0.00142387 -0.00144726 -0.00145873 -0.00145355 -0.00144964 -0.00144526 -0.00141871 -0.00139062 -0.00136387 -0.00132239 -0.00126696 -0.00121987 -0.00115833 -0.00108497 -0.00100849 -0.000933091 -0.000836109 -0.000741175 -0.000637213 -0.000530453 -0.000407304 -0.000287046 -0.00015186 -2.2351e-05 0.000129267 0.000279921 0.000436887 0.000592342 0.000774768 0.000948145 0.00113064 0.00131784 0.00151547 0.00171758 0.00193286 0.00214162 0.00235613 0.00259188 0.00282371 0.0030627 0.00330665 0.00355742 0.00380321 0.00407398 0.00434225 0.00461201 0.00487384 0.00515384 0.00544304 0.00572084 0.00599966 0.00628795 0.00657168 0.00684536 0.00712979 0.00739444 0.00766896 0.00794034 0.00818493 0.0084228 0.00866185 0.00888668 0.00910022 0.00930245 0.00947704 0.00965408 0.00981989 0.0099679 0.0101106 0.0102481 0.010394 0.010551 0.0107191 0.0108898 0.0110706 0.0112597 0.0114325 0.0115766 0.0116467 0.0116105 0.0114551 0.0111437 0.010677 0.010051 0.00926782 0.00837264 0.00740011 0.00640383 0.00544324 0.00455173 0.00376774 0.00311766 0.0026016 0.00223165 0.00199271 0.00185659 0.00181174 0.00180721 0.0018237 0.00183586 0.00180663 0.0017455 0.00162352 
0 0.00186157 0.00371341 0.00556609 0.0073815 0.00915017 0.0108236 0.0123479 0.0136802 0.0147531 0.0155408 0.0160065 0.0161557 0.0159975 0.0155685 0.0149376 0.0141582 0.0133656 0.0126237 0.0120474 0.0117098 0.0115955 0.0117694 0.0121412 0.0127081 0.0134281 0.0141886 0.014983 0.015701 0.0163277 0.0168563 0.0172755 0.0175795 0.0177783 0.0178659 0.0178516 0.0178067 0.0176749 0.0175087 0.0172817 0.0169976 0.0166991 0.0163588 0.0159909 0.0155691 0.0151482 0.0146995 0.0142421 0.0137561 0.0132466 0.0127295 0.0122233 0.0117196 0.0111701 0.0106571 0.0101338 0.00960948 0.0090885 0.00858683 0.00807598 0.0075913 0.00710554 0.00660446 0.00614478 0.00570034 0.00525927 0.0047982 0.00437259 0.00396763 0.00358171 0.00316309 0.00278379 0.00242855 0.00207127 0.00171226 0.00139097 0.00107059 0.000753565 0.000462269 0.000180108 -9.21781e-05 -0.000354885 -0.000596673 -0.000831685 -0.00104569 -0.00126402 -0.00145056 -0.00162895 -0.0017978 -0.00196254 -0.00208501 -0.00222031 -0.00233907 -0.00243532 -0.00250939 -0.00260203 -0.00265185 -0.00269079 -0.00272679 -0.00275624 -0.00273966 -0.00273952 -0.00272187 -0.00267959 -0.00261745 -0.00257283 -0.00248418 -0.00238713 -0.00228546 -0.00217614 -0.00202491 -0.0018875 -0.00172951 -0.0015546 -0.00135897 -0.00116991 -0.000950123 -0.000725496 -0.000480917 -0.000232242 3.41432e-05 0.000314245 0.000611451 0.000904976 0.00122423 0.00156941 0.00189693 0.00224044 0.00262404 0.00301707 0.00337941 0.0037814 0.00420661 0.0046525 0.0050695 0.00550895 0.00597732 0.00647092 0.0069328 0.00742682 0.00794232 0.00844489 0.00896512 0.00950018 0.0100405 0.01058 0.011138 0.0116615 0.0122224 0.0127842 0.0133379 0.0138655 0.0143971 0.0149303 0.0154416 0.0159442 0.0164148 0.0168838 0.0173237 0.0177574 0.0181276 0.0184937 0.0188519 0.0191721 0.0194987 0.0197791 0.0200619 0.0203641 0.0206924 0.0210318 0.0214085 0.0217895 0.0221757 0.0225659 0.0228417 0.0230103 0.0229573 0.0226464 0.0220678 0.021145 0.0199244 0.018393 0.0166256 0.0147138 0.0127524 0.0108576 0.00910182 0.00756939 0.00628278 0.00528388 0.00456075 0.00408772 0.00384444 0.00374274 0.00375279 0.00379446 0.00381192 0.00378707 0.00365268 0.00342557 
0 0.00278409 0.00556609 0.00832527 0.0110456 0.0136813 0.0161689 0.0184416 0.0204124 0.0220026 0.0231611 0.023838 0.0240338 0.0237773 0.0231045 0.022129 0.0209498 0.0197144 0.0185923 0.0176866 0.0171227 0.0169278 0.0170939 0.0176092 0.0183936 0.01939 0.0205029 0.0216217 0.0226643 0.0235715 0.0243228 0.0249125 0.0253466 0.0256121 0.0257188 0.0257158 0.0256062 0.0254203 0.0251604 0.0247939 0.0243825 0.0239334 0.0234335 0.0228965 0.0223069 0.0216636 0.021025 0.0203647 0.0196509 0.018943 0.0182146 0.0174855 0.0167472 0.0159911 0.0152315 0.0145016 0.0137781 0.0130354 0.0122975 0.0115802 0.0109006 0.0101943 0.00951377 0.00885954 0.00821051 0.00755574 0.00695123 0.00635596 0.00576266 0.00518575 0.00462489 0.0041008 0.00358492 0.00306872 0.00256828 0.00212443 0.0016632 0.00122058 0.000800064 0.000414489 1.99677e-05 -0.00033985 -0.000693575 -0.00101133 -0.00132642 -0.00162007 -0.00189618 -0.00213604 -0.00238513 -0.0026037 -0.00279055 -0.00296896 -0.00314495 -0.00327143 -0.00338747 -0.00350448 -0.0035851 -0.00363251 -0.00369037 -0.00372081 -0.0037098 -0.00369903 -0.00368089 -0.00361374 -0.00353676 -0.00346054 -0.00334652 -0.00320111 -0.00306624 -0.00289978 -0.00270037 -0.00249356 -0.00228141 -0.00202314 -0.00175997 -0.00147907 -0.00118283 -0.000852083 -0.000518555 -0.000155589 0.00020704 0.000614335 0.00102764 0.00145375 0.00188827 0.00237756 0.00285384 0.00335006 0.00386768 0.00440905 0.00495882 0.00553997 0.00611939 0.00671582 0.00734974 0.00798484 0.00864144 0.0093148 0.00999739 0.0106818 0.0114185 0.012154 0.0128932 0.0136261 0.0143963 0.0151865 0.0159594 0.0167316 0.017528 0.0183189 0.0190911 0.0198755 0.0206287 0.0213989 0.0221589 0.022864 0.0235498 0.0242347 0.0248883 0.0255147 0.0261033 0.0266378 0.0271716 0.0276789 0.0281507 0.0286066 0.0290585 0.0295399 0.0300606 0.030616 0.0311959 0.0318053 0.032435 0.0330265 0.0335167 0.0337969 0.0337663 0.0333726 0.0325311 0.031223 0.029444 0.0272111 0.0246405 0.0218451 0.0189812 0.0162124 0.0136497 0.0114026 0.00954016 0.00808075 0.00704145 0.00638317 0.00603443 0.00593556 0.00596607 0.00605097 0.00611381 0.00606995 0.00590894 0.00557238 
0 0.00369702 0.0073815 0.0110456 0.0146428 0.0181256 0.0214099 0.0243956 0.0269812 0.0290573 0.0305535 0.0314126 0.0316335 0.0312428 0.0303119 0.0289671 0.027345 0.0256607 0.02409 0.0228202 0.0219894 0.0216258 0.021774 0.0223514 0.023303 0.0245404 0.0259078 0.027314 0.0286141 0.0297474 0.0306901 0.0314274 0.0319535 0.032273 0.0323909 0.0323408 0.0321899 0.0319174 0.0315594 0.031096 0.0305507 0.0299638 0.0293176 0.0286206 0.0278529 0.0270609 0.0262443 0.0254071 0.0245271 0.0236217 0.0227053 0.0218 0.0208925 0.0199453 0.0190249 0.0181106 0.0171998 0.0162899 0.0153997 0.0145175 0.0136683 0.012816 0.0119635 0.011158 0.0103752 0.00959826 0.00882194 0.00808325 0.00737303 0.00668555 0.00598323 0.00532711 0.00470172 0.00408007 0.00346908 0.0029074 0.00235182 0.00180893 0.00129963 0.000813988 0.000342216 -0.000108032 -0.000531266 -0.000931773 -0.00130852 -0.00167596 -0.00200487 -0.0023106 -0.00260447 -0.00287846 -0.00310334 -0.00332837 -0.00353246 -0.00369713 -0.00383471 -0.00397865 -0.00407223 -0.00413987 -0.00420102 -0.00424108 -0.0042271 -0.00421735 -0.00418501 -0.00411165 -0.00401302 -0.00391984 -0.00377506 -0.00360652 -0.00343024 -0.00323143 -0.00298315 -0.00273551 -0.00246374 -0.00215784 -0.00182602 -0.00148824 -0.00111457 -0.000718994 -0.00029989 0.000136056 0.000595821 0.00108472 0.00159536 0.00211381 0.00266465 0.0032544 0.00383507 0.00444037 0.00509316 0.00576405 0.00641917 0.00712024 0.00785254 0.00860896 0.00935664 0.0101308 0.0109439 0.0117864 0.0126127 0.0134713 0.014367 0.0152609 0.0161726 0.0171023 0.0180526 0.0190132 0.0199835 0.0209329 0.0219224 0.0229182 0.023901 0.0248642 0.0258253 0.0267922 0.0277385 0.028657 0.0295409 0.0304187 0.0312636 0.0320827 0.0328338 0.0335599 0.0342751 0.0349546 0.0356227 0.0362524 0.0368928 0.0375784 0.0383221 0.0391134 0.0399642 0.040848 0.04175 0.0426233 0.0433238 0.0437717 0.0438094 0.0433512 0.0423354 0.0406831 0.0384218 0.0355736 0.0322688 0.0286788 0.0249968 0.0214318 0.0181414 0.0152673 0.0128846 0.0110445 0.0097421 0.00893103 0.00854035 0.00844658 0.00854328 0.00870198 0.00881643 0.00881596 0.00862699 0.0082268 
0 0.00458307 0.00915017 0.0136813 0.0181256 0.0224164 0.0264529 0.0301118 0.0332654 0.0357859 0.0375791 0.0385826 0.0387868 0.0382308 0.0370036 0.035255 0.0331712 0.030993 0.0289555 0.0272761 0.0261167 0.0255423 0.0255751 0.0261527 0.0271929 0.0285813 0.0301564 0.0317765 0.0332914 0.0346143 0.0357072 0.0365527 0.0371472 0.0374916 0.037602 0.0375206 0.0373007 0.0369512 0.0364894 0.0359128 0.0352488 0.0345328 0.033759 0.0329278 0.0320303 0.0310958 0.0301412 0.0291637 0.02815 0.0271133 0.026071 0.0250332 0.0239905 0.0229251 0.0218756 0.0208438 0.0198203 0.0187969 0.0177856 0.0167967 0.0158364 0.0148807 0.0139345 0.0130265 0.0121389 0.0112634 0.0104058 0.00958065 0.00877888 0.00799579 0.00722286 0.00648927 0.00578303 0.00508365 0.00440673 0.00377172 0.00315144 0.00254528 0.00197313 0.00142809 0.00090212 0.00039823 -7.62285e-05 -0.000523848 -0.000947582 -0.00135393 -0.00172418 -0.0020676 -0.00239489 -0.00269592 -0.00295541 -0.00320285 -0.00342777 -0.00361315 -0.00377233 -0.00392279 -0.00403124 -0.00410914 -0.00417467 -0.00421282 -0.00420663 -0.00419003 -0.00415028 -0.00406971 -0.00396404 -0.00384897 -0.00369114 -0.00350399 -0.00330359 -0.00307543 -0.00280512 -0.00252246 -0.00221588 -0.00187348 -0.00150394 -0.00111977 -0.000702637 -0.000257436 0.000212541 0.000702467 0.0012201 0.00176876 0.0023412 0.00292681 0.00354589 0.00420069 0.00486312 0.00554667 0.00627104 0.00701825 0.00777263 0.00856057 0.00937704 0.0102175 0.0110704 0.0119493 0.0128612 0.0137987 0.0147374 0.0157065 0.016713 0.0177314 0.0187594 0.0198067 0.0208815 0.0219751 0.0230736 0.024169 0.0252933 0.0264268 0.0275529 0.0286679 0.029785 0.0309084 0.0320169 0.033093 0.0341428 0.035185 0.0362042 0.0371925 0.0381257 0.0390294 0.03992 0.0407888 0.0416408 0.0424762 0.0433352 0.0442563 0.0452559 0.0463274 0.0474716 0.0486687 0.0498906 0.051063 0.0520435 0.0526963 0.0528575 0.0524102 0.0512639 0.0493514 0.0466797 0.0433021 0.0393685 0.0350854 0.0306941 0.0264376 0.0225191 0.019103 0.0162911 0.0141399 0.0126459 0.0117543 0.0113688 0.01135 0.0115545 0.0118332 0.0120551 0.0121212 0.0119547 0.0115151 
0 0.00542017 0.0108236 0.0161689 0.0214099 0.0264529 0.0311817 0.0354547 0.0391152 0.0420224 0.0440583 0.0451571 0.045299 0.0445399 0.0429806 0.0407955 0.0382237 0.0355141 0.032977 0.0308413 0.0292954 0.0284565 0.0282999 0.0288148 0.0298735 0.0313363 0.0330562 0.0348196 0.0364965 0.0379659 0.0391739 0.0401002 0.0407442 0.0410975 0.0411886 0.0410775 0.0407782 0.0403589 0.0398023 0.0391257 0.038368 0.0375424 0.0366647 0.0357244 0.0347384 0.0336961 0.0326503 0.0315784 0.0304747 0.0293591 0.0282418 0.0271254 0.0260004 0.024886 0.02376 0.0226684 0.0215894 0.0205132 0.0194414 0.0184085 0.0173952 0.0163865 0.0154078 0.0144515 0.0135171 0.012591 0.0117079 0.0108416 0.00999793 0.00916417 0.00837114 0.00759997 0.00685162 0.00611762 0.00541551 0.00474302 0.00409079 0.00346001 0.00285526 0.00228469 0.00173089 0.00120622 0.000704387 0.000238577 -0.000212183 -0.000628874 -0.00102342 -0.00138219 -0.00172654 -0.00203274 -0.0023172 -0.00256881 -0.00280305 -0.00299644 -0.00317181 -0.00331478 -0.00343494 -0.00351711 -0.00358424 -0.00361425 -0.00362064 -0.0035944 -0.00355018 -0.00346525 -0.00336172 -0.00322584 -0.00306706 -0.00286993 -0.00265799 -0.00240891 -0.00213671 -0.00183045 -0.00150817 -0.00114551 -0.000762982 -0.000348347 8.5101e-05 0.000558493 0.00104986 0.00157126 0.00211448 0.00269503 0.0032941 0.00391944 0.00457016 0.00525236 0.00595872 0.00668639 0.00744062 0.00821888 0.00903197 0.0098608 0.0107167 0.0115899 0.0125039 0.0134316 0.0143896 0.0153648 0.0163712 0.0173896 0.0184455 0.0195293 0.0206175 0.0217234 0.022865 0.0240337 0.0251925 0.0263815 0.0275815 0.0287981 0.0300118 0.0312337 0.0324509 0.0336796 0.0349082 0.0360991 0.0372841 0.0384577 0.0396226 0.040748 0.0418513 0.0429162 0.0439752 0.0450387 0.0460761 0.0471364 0.0482333 0.0494133 0.0506957 0.0520855 0.0535595 0.0551143 0.0567015 0.0582036 0.0595102 0.0604026 0.0607334 0.0603557 0.0591352 0.057042 0.0540439 0.0502354 0.0457843 0.0409231 0.0359422 0.0311127 0.0266816 0.0228317 0.0196975 0.017329 0.0157315 0.0148405 0.0145266 0.0146527 0.0150213 0.0154747 0.0158627 0.0160456 0.0159633 0.0155371 
0 0.00618903 0.0123479 0.0184416 0.0243956 0.0301118 0.0354547 0.0402584 0.0443507 0.0475718 0.0497838 0.0509158 0.0509531 0.0499382 0.0480198 0.045374 0.0422731 0.0390333 0.0359432 0.0333215 0.0313544 0.0301637 0.0297932 0.0301582 0.0311726 0.0326649 0.0344389 0.0363096 0.0380951 0.0396726 0.0409742 0.0419746 0.042646 0.0430144 0.0431015 0.0429353 0.0426012 0.042104 0.0414691 0.040739 0.0399043 0.0390023 0.0380566 0.0370471 0.0359877 0.03492 0.0338148 0.0326953 0.031574 0.0304182 0.0292722 0.0281373 0.0270066 0.0258725 0.0247621 0.0236571 0.0225619 0.02149 0.0204423 0.019412 0.0183878 0.0174042 0.0164216 0.015465 0.0145438 0.0136524 0.0127459 0.0118777 0.0110485 0.0102385 0.00943923 0.0086594 0.0079156 0.00719754 0.00650169 0.00581318 0.00517164 0.0045444 0.00394733 0.00336536 0.00282471 0.00229362 0.0018049 0.00132804 0.000888398 0.000468148 8.44985e-05 -0.000287306 -0.000615546 -0.000925589 -0.00120696 -0.00146346 -0.00168088 -0.00188584 -0.00205583 -0.00219547 -0.00230902 -0.00240332 -0.00245616 -0.00248739 -0.00249475 -0.00247105 -0.00241205 -0.00233863 -0.00223036 -0.00209134 -0.0019268 -0.00174231 -0.00151527 -0.00127027 -0.00099615 -0.000695104 -0.000357144 -7.31855e-06 0.000384259 0.000794913 0.0012398 0.00170189 0.00220502 0.002719 0.00327767 0.00384802 0.00445182 0.00507613 0.00574436 0.00641547 0.00712131 0.00785094 0.00861824 0.009402 0.0102008 0.0110228 0.0118948 0.0127887 0.0136736 0.014602 0.0155653 0.0165495 0.0175437 0.0185818 0.0196268 0.0207007 0.0217978 0.0229306 0.0240755 0.0252366 0.0264268 0.0276272 0.0288487 0.0300986 0.0313604 0.0326057 0.033887 0.0351677 0.0364418 0.0377308 0.0390036 0.0402674 0.0415368 0.0427831 0.0439992 0.0452269 0.0464443 0.0476712 0.0489253 0.0501969 0.0515457 0.053004 0.0545899 0.0563132 0.0581636 0.060105 0.0620726 0.063964 0.0655885 0.0667707 0.0673124 0.0670281 0.0658231 0.0635977 0.0603674 0.0562345 0.051368 0.0460604 0.0406136 0.0353382 0.0305187 0.0263622 0.0230096 0.0205395 0.0189349 0.018123 0.0179805 0.0183072 0.0189282 0.0196316 0.0202396 0.020634 0.0206788 0.0203412 
0 0.00685692 0.0136802 0.0204124 0.0269812 0.0332654 0.0391152 0.0443507 0.0487794 0.052224 0.0545382 0.0556432 0.0555088 0.0542122 0.0518879 0.048755 0.0451306 0.0413134 0.0376914 0.0345503 0.0321164 0.030571 0.0298856 0.0300712 0.030976 0.0324149 0.0342276 0.0361446 0.0380217 0.0397001 0.0410874 0.042146 0.0428682 0.0432525 0.0433411 0.0431934 0.0428116 0.0422919 0.0416139 0.0408304 0.0399676 0.0390303 0.0380543 0.0370227 0.0359792 0.0348855 0.0337893 0.0326776 0.031564 0.0304504 0.0293505 0.0282439 0.0271329 0.0260698 0.0249846 0.0239351 0.0229049 0.0218896 0.0208746 0.0199015 0.0189309 0.0179866 0.01708 0.0161723 0.0152826 0.0144083 0.0135859 0.0127704 0.0119667 0.0111653 0.0104332 0.00969909 0.00897898 0.00828508 0.00763017 0.00697673 0.00635978 0.00576644 0.00519038 0.00464325 0.00412012 0.0036236 0.00314916 0.00270342 0.00227339 0.00188897 0.00151158 0.00116449 0.0008462 0.000565615 0.000280881 4.97563e-05 -0.000160285 -0.000349198 -0.000523045 -0.000637145 -0.000755053 -0.000840046 -0.000892581 -0.00090801 -0.000930074 -0.000894161 -0.000838998 -0.000763085 -0.000669945 -0.00051778 -0.000370517 -0.000188032 2.63938e-05 0.000275681 0.000522286 0.000824868 0.00114428 0.001488 0.00185154 0.00226198 0.00267819 0.00313123 0.00360632 0.00411129 0.00463793 0.00519411 0.00577035 0.00638041 0.00701086 0.0076538 0.00834783 0.00905692 0.00977146 0.0105126 0.0113187 0.012112 0.0129263 0.0137593 0.0146494 0.015546 0.0164591 0.0173812 0.0183592 0.0193433 0.0203458 0.0213935 0.022445 0.023517 0.0246214 0.0257581 0.0268932 0.0280876 0.0292711 0.0304801 0.0317122 0.0329698 0.0342388 0.0355229 0.0368246 0.0381187 0.0394371 0.0407488 0.0420836 0.0434011 0.0447438 0.0460784 0.0474252 0.0488225 0.0502369 0.0517445 0.0533479 0.0550882 0.0569902 0.0590687 0.0612847 0.0636259 0.0660015 0.0682534 0.0702569 0.0717283 0.0725051 0.0723848 0.0712013 0.0689338 0.0655402 0.0611683 0.0560187 0.0503765 0.0446001 0.0390125 0.0339299 0.0295823 0.0261368 0.023662 0.0221564 0.0215339 0.0216333 0.0222735 0.0232148 0.0242483 0.0251769 0.0258277 0.0261028 0.0259099 
0 0.00739847 0.0147531 0.0220026 0.0290573 0.0357859 0.0420224 0.0475718 0.052224 0.055795 0.058123 0.059121 0.0587717 0.0571373 0.0543923 0.0507649 0.0465892 0.0422236 0.0380332 0.0343684 0.0314644 0.0295009 0.0285159 0.0284671 0.0292328 0.0306092 0.0323961 0.0343496 0.0362906 0.0380565 0.0395381 0.0406909 0.0414768 0.0419241 0.0420645 0.0419321 0.0415813 0.0410581 0.0403869 0.0396294 0.0387854 0.0378647 0.0369094 0.0359049 0.0348888 0.0338655 0.0328173 0.0317641 0.0307257 0.0296809 0.0286481 0.0276218 0.0266055 0.0256238 0.0246473 0.0236789 0.0227231 0.0217964 0.0208962 0.0200093 0.0191167 0.018266 0.0174339 0.0166006 0.0157987 0.0150234 0.0142505 0.0134935 0.012764 0.0120523 0.011372 0.0106866 0.0100234 0.00940146 0.00880031 0.00818936 0.0076229 0.00708231 0.00655634 0.00604632 0.00556891 0.00511097 0.00468175 0.00426414 0.0038745 0.00352019 0.00317881 0.00285114 0.00256929 0.00230865 0.00204915 0.00183341 0.00165214 0.00147074 0.00131604 0.00121276 0.0011107 0.00102484 0.00098786 0.000972767 0.000954963 0.000986521 0.00104945 0.0011127 0.00120467 0.00134737 0.00148993 0.00165109 0.00186127 0.00209014 0.00232133 0.00259865 0.00290641 0.00321742 0.00355985 0.0039399 0.00433358 0.00474617 0.00519361 0.00566133 0.00615718 0.00666705 0.0072034 0.00777291 0.00836691 0.00895799 0.00959549 0.0102597 0.0109337 0.011625 0.0123537 0.0130887 0.0138583 0.0146461 0.0154456 0.0162722 0.017122 0.0179831 0.0188816 0.0198009 0.020716 0.0216683 0.0226525 0.0236616 0.0246816 0.0257215 0.0267915 0.0279 0.0290132 0.03016 0.0313369 0.032529 0.0337531 0.0349891 0.0362433 0.0375391 0.0388528 0.0401686 0.0415172 0.0428713 0.044259 0.0456848 0.0471369 0.0486525 0.0502473 0.0519458 0.0537877 0.0558015 0.058008 0.0604328 0.0630379 0.0657806 0.0685503 0.0711937 0.073526 0.0753037 0.0763202 0.076352 0.0752621 0.0729754 0.069502 0.0649878 0.0596426 0.0537961 0.0478059 0.0420344 0.0368189 0.0324104 0.0289872 0.0266289 0.0253233 0.0249751 0.0254202 0.0264344 0.027785 0.0292266 0.0305389 0.0315529 0.0321194 0.0321654 
0 0.0077978 0.0155408 0.0231611 0.0305535 0.0375791 0.0440583 0.0497838 0.0545382 0.058123 0.0603727 0.0611912 0.0605638 0.0585603 0.055366 0.0512372 0.0465234 0.0416122 0.0368839 0.0327043 0.0293326 0.0269559 0.0256392 0.0253393 0.0259365 0.0272223 0.0289794 0.0309678 0.0329876 0.0348683 0.0364773 0.0377524 0.0386529 0.0392063 0.0394493 0.0394099 0.0391404 0.0386798 0.0380722 0.0373764 0.0365999 0.0357529 0.0348688 0.0339518 0.0330298 0.0321044 0.031152 0.0302002 0.02927 0.028349 0.0274398 0.026528 0.0256286 0.0247639 0.0239106 0.0230607 0.0222268 0.0214164 0.0206282 0.0198452 0.0190595 0.0183148 0.0175901 0.0168579 0.0161394 0.0154505 0.014776 0.0141146 0.0134589 0.0128232 0.0122233 0.011622 0.0110294 0.0104759 0.00994275 0.00940326 0.00889895 0.00842018 0.00795438 0.0075017 0.00707773 0.00667391 0.00629457 0.00592245 0.00557861 0.00526706 0.00496493 0.00467313 0.00442738 0.00419744 0.0039677 0.00377754 0.00362154 0.00345995 0.00332518 0.00323652 0.00314922 0.00307269 0.00304516 0.00303403 0.00302061 0.00305089 0.00311278 0.00316958 0.00325532 0.00338638 0.00351744 0.00366157 0.00385503 0.00406232 0.00427093 0.00452095 0.00480214 0.00508116 0.00538953 0.00573365 0.00609019 0.00645977 0.00686375 0.0072871 0.00773281 0.0081916 0.00867717 0.00919119 0.00972234 0.0102569 0.0108361 0.0114358 0.0120344 0.0126591 0.0133252 0.0139919 0.0146719 0.0153794 0.0161095 0.0168604 0.0176171 0.0183878 0.0191966 0.0200246 0.0208476 0.0217031 0.0225879 0.0234894 0.024403 0.0253376 0.0263102 0.0273155 0.0283238 0.0293575 0.0304339 0.0315386 0.0326762 0.0338301 0.0350092 0.0362413 0.0375023 0.0387816 0.0401018 0.0414587 0.0428704 0.0443398 0.0458582 0.0474637 0.0491923 0.0510684 0.0531312 0.0553997 0.0578986 0.0606472 0.063609 0.0667229 0.0698595 0.0728567 0.0755079 0.077572 0.0788182 0.0790161 0.078022 0.0757582 0.0722573 0.0676714 0.0622353 0.0562894 0.0502072 0.044373 0.0391389 0.0347804 0.0314842 0.0293381 0.0283245 0.0283388 0.0292076 0.0306849 0.0325217 0.0344496 0.0362266 0.0376662 0.0385996 0.0389449 
0 0.00803489 0.0160065 0.023838 0.0314126 0.0385826 0.0451571 0.0509158 0.0556432 0.059121 0.0611912 0.0617543 0.0607842 0.0583846 0.0547224 0.0500946 0.0448692 0.0394236 0.0341969 0.0295229 0.0257002 0.0229401 0.0212889 0.020756 0.0211887 0.0223832 0.0241245 0.0261532 0.0282717 0.0302965 0.0320799 0.0335249 0.0346129 0.0353367 0.0357411 0.0358739 0.0357362 0.0354119 0.0349375 0.0343628 0.0337183 0.0330041 0.0322376 0.0314484 0.0306726 0.0298713 0.0290655 0.0282549 0.0274563 0.0266833 0.0259192 0.0251447 0.02438 0.0236657 0.022942 0.0222258 0.0215238 0.0208447 0.0201743 0.0195144 0.0188541 0.0182105 0.0176002 0.0169819 0.0163666 0.0157623 0.0152003 0.0146349 0.0140678 0.0135136 0.0130061 0.012492 0.0119796 0.0114991 0.0110415 0.0105839 0.0101432 0.00973348 0.00933097 0.00894655 0.00857471 0.008235 0.00790269 0.00758852 0.00728803 0.00702691 0.00676107 0.00651823 0.00630178 0.00611032 0.00591001 0.00575336 0.00561457 0.00548378 0.00536612 0.0052951 0.00521865 0.00516159 0.00513533 0.00513243 0.00512217 0.00515561 0.00520701 0.00526565 0.00534018 0.0054602 0.00557372 0.00570886 0.00587445 0.00606323 0.00624455 0.00647055 0.00671271 0.00696643 0.00723196 0.00754125 0.00785038 0.0081815 0.00853084 0.008912 0.00929639 0.00970434 0.0101307 0.0105881 0.011046 0.0115208 0.0120332 0.0125625 0.0130829 0.0136292 0.0142246 0.0148136 0.0154032 0.0160165 0.0166768 0.0173307 0.017988 0.0186629 0.0193841 0.0200979 0.0208187 0.0215703 0.0223439 0.0231283 0.0239276 0.0247495 0.0255929 0.0264852 0.0273728 0.0282817 0.0292367 0.0302394 0.0312537 0.0322961 0.033385 0.034514 0.0357002 0.0369116 0.0381658 0.0394809 0.0408846 0.04235 0.0439013 0.0455765 0.0473935 0.0494258 0.0516717 0.0541599 0.0569243 0.0599681 0.0632548 0.0667071 0.0701781 0.0734746 0.0764119 0.0787117 0.08015 0.0805042 0.0795889 0.0773785 0.0738865 0.0692857 0.0638438 0.0578815 0.0518108 0.0460175 0.0408689 0.036662 0.0335889 0.0317411 0.0310996 0.0315492 0.0328946 0.0348947 0.0372633 0.0397275 0.0420305 0.0439454 0.0453186 0.0460243 
0 0.00811242 0.0161557 0.0240338 0.0316335 0.0387868 0.045299 0.0509531 0.0555088 0.0587717 0.0605638 0.0607842 0.0594384 0.0565891 0.0524662 0.0473573 0.0416243 0.0357205 0.0300078 0.0248949 0.0206762 0.0175296 0.0156085 0.0148383 0.0151248 0.0162653 0.0179922 0.020104 0.022357 0.0245685 0.0265733 0.0282724 0.0295951 0.0305719 0.0312273 0.0315654 0.0316665 0.0315269 0.0312439 0.030862 0.0303983 0.0298584 0.0292635 0.028654 0.0280217 0.0274151 0.0267687 0.026121 0.0254928 0.024881 0.0242592 0.023641 0.023046 0.0224492 0.0218925 0.0213096 0.0207309 0.0201695 0.0196476 0.0190986 0.0185526 0.0180328 0.0175181 0.0170021 0.0164921 0.0160193 0.0155275 0.0150474 0.0145739 0.0141439 0.0136972 0.0132636 0.0128354 0.0124466 0.0120565 0.011674 0.0113034 0.0109618 0.0106306 0.0103022 0.00999664 0.0097079 0.00943753 0.00916644 0.00892765 0.00869689 0.00848698 0.0082772 0.00810659 0.00793389 0.00778507 0.007643 0.00753694 0.00742145 0.00734009 0.00726612 0.00721852 0.00716659 0.00715627 0.00714355 0.00715634 0.00717542 0.00723054 0.00727646 0.00735801 0.00744647 0.00756071 0.00767179 0.00782488 0.00797559 0.00815111 0.00833365 0.00855265 0.00876417 0.00900634 0.00925974 0.00953981 0.00981622 0.0101249 0.0104476 0.0107878 0.0111314 0.0115029 0.0118947 0.0122945 0.0127069 0.0131352 0.0135928 0.014054 0.0145352 0.0150141 0.0155316 0.0160522 0.0165968 0.0171315 0.0177019 0.0182723 0.018866 0.0194684 0.0200939 0.0207112 0.0213377 0.0220146 0.0226972 0.0233751 0.024062 0.024811 0.0255513 0.0263235 0.0271137 0.0279428 0.0288056 0.0297041 0.0306213 0.0315771 0.032621 0.0336904 0.0348125 0.03598 0.0372372 0.03858 0.0400356 0.0415956 0.0432884 0.0452065 0.0473365 0.0497427 0.0524289 0.0554176 0.0587197 0.0622972 0.0660331 0.0697706 0.0733376 0.0764666 0.0789686 0.0805547 0.0810017 0.080187 0.0779999 0.074551 0.0699872 0.0645756 0.0586911 0.0526997 0.0470313 0.0420556 0.0380709 0.0352885 0.0337958 0.0335708 0.0344928 0.0363603 0.0389054 0.0418469 0.0448809 0.0477324 0.0501738 0.0520059 0.0531169 
0 0.00804049 0.0159975 0.0237773 0.0312428 0.0382308 0.0445399 0.0499382 0.0542122 0.0571373 0.0585603 0.0583846 0.0565891 0.0533 0.0487007 0.0431237 0.0369526 0.0305928 0.0244888 0.0189825 0.014403 0.0109609 0.0087605 0.00780743 0.00796896 0.00905731 0.010822 0.0130431 0.0154749 0.0179275 0.020224 0.0222102 0.0238664 0.0251523 0.0261083 0.0267706 0.0271377 0.0272739 0.0272458 0.0270881 0.0268441 0.0265324 0.0261391 0.0257347 0.025323 0.0248836 0.0244329 0.0239664 0.0235035 0.023062 0.0226205 0.0221587 0.0217016 0.0212597 0.0208232 0.0203759 0.0199382 0.0195126 0.0190779 0.0186438 0.0182196 0.0177928 0.0173849 0.0169863 0.0165646 0.0161504 0.0157745 0.0154013 0.0150132 0.0146355 0.0142788 0.0139403 0.0135977 0.0132602 0.0129424 0.0126427 0.0123395 0.0120559 0.0117844 0.0115222 0.0112707 0.0110397 0.0108114 0.0106 0.0104026 0.0102166 0.0100407 0.00988397 0.00973469 0.00959951 0.00948048 0.00937257 0.00927496 0.00919597 0.009129 0.00907106 0.00903064 0.00900526 0.00898869 0.00898625 0.00900238 0.0090277 0.00906502 0.0091205 0.00918916 0.00926668 0.00936178 0.00947246 0.0095918 0.00972688 0.00987834 0.0100404 0.0102152 0.0104092 0.0106109 0.0108285 0.0110621 0.0113078 0.0115627 0.0118415 0.0121251 0.0124233 0.0127412 0.0130715 0.013401 0.0137609 0.0141368 0.0145144 0.0148955 0.0153052 0.0157375 0.0161735 0.0165956 0.0170459 0.0175376 0.018019 0.0184887 0.0189914 0.0195123 0.0200298 0.0205645 0.0211116 0.0216662 0.0222328 0.0228095 0.0234025 0.0240219 0.0246595 0.025306 0.0259609 0.0266637 0.027414 0.0281783 0.028972 0.0298247 0.0307208 0.0316849 0.0327066 0.0337769 0.0349628 0.0362596 0.0376633 0.03921 0.0409354 0.0428857 0.0451337 0.0476722 0.050523 0.053724 0.0572401 0.0610498 0.065016 0.0689711 0.0727138 0.0760144 0.0786321 0.0803066 0.0808333 0.0800375 0.0779002 0.0744834 0.0699694 0.0646569 0.0588696 0.0530312 0.0475379 0.0427748 0.0390625 0.0365983 0.0354847 0.0356915 0.0370952 0.0394785 0.042578 0.0460823 0.0496842 0.0530966 0.0560523 0.0583697 0.0598922 
0 0.00782707 0.0155685 0.0231045 0.0303119 0.0370036 0.0429806 0.0480198 0.0518879 0.0543923 0.055366 0.0547224 0.0524662 0.0487007 0.0436523 0.0376426 0.0310564 0.0243281 0.0178595 0.012026 0.00714866 0.00343075 0.00102284 -9.33209e-05 -2.32436e-05 0.00105339 0.00287211 0.0052287 0.00787046 0.0105937 0.0132142 0.0155725 0.0176058 0.0192837 0.020622 0.0216343 0.0223514 0.0228072 0.0230823 0.0232149 0.0232447 0.0231839 0.0230346 0.0228594 0.0226454 0.0224216 0.0221725 0.0218973 0.0216185 0.0213416 0.0210414 0.0207348 0.0204348 0.020117 0.0198188 0.0194947 0.0191627 0.0188372 0.0185212 0.0181918 0.0178694 0.0175393 0.0172099 0.0168921 0.0165688 0.0162647 0.0159513 0.0156363 0.0153332 0.0150589 0.0147601 0.0144807 0.0142091 0.0139477 0.0136896 0.0134502 0.013205 0.0129793 0.0127641 0.0125521 0.0123544 0.0121672 0.0119848 0.0118171 0.0116662 0.0115075 0.0113741 0.0112525 0.0111336 0.0110189 0.0109393 0.0108488 0.0107711 0.0107118 0.0106703 0.0106141 0.0105925 0.0105783 0.0105687 0.0105633 0.0105947 0.0106135 0.0106476 0.0106995 0.0107694 0.010825 0.0109161 0.0110144 0.0111167 0.0112254 0.0113692 0.0115011 0.0116491 0.0118159 0.0119952 0.0121695 0.0123737 0.0125826 0.0127991 0.0130319 0.0132775 0.0135266 0.013795 0.0140751 0.0143582 0.0146634 0.0149689 0.0152909 0.0156301 0.0159778 0.0163122 0.0166891 0.017069 0.0174534 0.0178397 0.0182467 0.0186547 0.0190886 0.0195177 0.0199543 0.0204022 0.0208519 0.0213273 0.0218123 0.0222917 0.0227796 0.0233046 0.0238216 0.0243716 0.0249349 0.0255234 0.0261486 0.0267993 0.0274757 0.0282119 0.029013 0.0298639 0.0307867 0.0317671 0.0328698 0.0340955 0.0354632 0.0369991 0.0387381 0.0407507 0.0430723 0.0457279 0.0487325 0.0521065 0.0558213 0.059834 0.0639853 0.0681008 0.0719757 0.0753554 0.0780345 0.079738 0.0802689 0.0794913 0.0773571 0.0739762 0.0695275 0.0643019 0.0586549 0.0529773 0.0476853 0.0431632 0.0397221 0.0375838 0.036834 0.0374465 0.0392967 0.042153 0.0457547 0.0497776 0.0539048 0.057838 0.0612922 0.0640713 0.0660042 
0 0.00751603 0.0149376 0.022129 0.0289671 0.035255 0.0407955 0.045374 0.048755 0.0507649 0.0512372 0.0500946 0.0473573 0.0431237 0.0376426 0.0312333 0.0242823 0.0172307 0.0104599 0.00435545 -0.000772344 -0.00471735 -0.00731344 -0.00857753 -0.00859246 -0.00752875 -0.00563967 -0.00312706 -0.000246824 0.00278551 0.00576979 0.00853801 0.0109993 0.013116 0.014887 0.0163145 0.0174347 0.0182679 0.0188912 0.019341 0.0196634 0.019879 0.0199992 0.0200782 0.0200941 0.0200868 0.0200382 0.0199536 0.0198527 0.0197395 0.0195962 0.0194395 0.0192739 0.0190687 0.018879 0.0186646 0.0184447 0.0182164 0.0179815 0.0177327 0.0174949 0.0172478 0.016995 0.0167551 0.0165001 0.0162613 0.0160138 0.0157753 0.0155413 0.0153227 0.0150775 0.0148664 0.0146617 0.0144507 0.0142426 0.0140598 0.0138728 0.013693 0.0135237 0.0133579 0.0132104 0.0130603 0.012917 0.0127896 0.012678 0.0125458 0.0124476 0.0123583 0.0122646 0.0121712 0.0121219 0.0120501 0.0119883 0.0119482 0.0119251 0.0118758 0.011867 0.0118643 0.0118593 0.0118556 0.0118951 0.0119122 0.0119423 0.0119931 0.01206 0.0121021 0.0121864 0.0122756 0.0123615 0.0124513 0.0125842 0.0126932 0.0128164 0.0129613 0.0131191 0.013258 0.0134344 0.0136141 0.0137964 0.0139867 0.0141992 0.01441 0.014636 0.0148661 0.0151069 0.0153699 0.0156269 0.0158902 0.0161778 0.0164792 0.016761 0.0170782 0.0173961 0.0177234 0.0180527 0.0184043 0.0187481 0.0191149 0.0194722 0.0198472 0.0202374 0.0206209 0.0210144 0.0214198 0.0218293 0.022246 0.0226938 0.0231227 0.0235851 0.0240587 0.0245531 0.0250805 0.0256404 0.0262253 0.0268618 0.0275613 0.0283105 0.0291481 0.0300593 0.0311011 0.0322755 0.0336122 0.0351426 0.0369059 0.0389799 0.0413902 0.0441711 0.047329 0.0508693 0.0547555 0.0589258 0.0632142 0.0674367 0.0713858 0.0747992 0.0774794 0.0791592 0.079649 0.0788404 0.0766876 0.0733232 0.0689331 0.063802 0.0582939 0.0527808 0.0476824 0.0433797 0.0401783 0.0383117 0.0378623 0.038809 0.0410271 0.0442811 0.0483075 0.0527749 0.057356 0.0617395 0.0656282 0.0688092 0.0711031 
0 0.00713677 0.0141582 0.0209498 0.027345 0.0331712 0.0382237 0.0422731 0.0451306 0.0465892 0.0465234 0.0448692 0.0416243 0.0369526 0.0310564 0.0242823 0.0170296 0.00967656 0.00266705 -0.00367559 -0.0090316 -0.0131594 -0.0159481 -0.0173427 -0.0174435 -0.0164068 -0.0144507 -0.0117946 -0.00868656 -0.00534835 -0.00197981 0.00120808 0.00415247 0.0067499 0.00898857 0.0108931 0.0124382 0.0136978 0.0147103 0.0155175 0.0161607 0.016687 0.0170903 0.0174172 0.0176869 0.0178766 0.0180387 0.0181483 0.0182191 0.0182464 0.0182514 0.0182264 0.0181699 0.0180937 0.0179876 0.0178692 0.0177373 0.0176027 0.0174223 0.0172573 0.0170973 0.0169114 0.0167161 0.0165415 0.0163597 0.0161622 0.0159787 0.0157941 0.0156265 0.0154404 0.0152591 0.0150941 0.0149474 0.0147717 0.0146154 0.0144746 0.0143371 0.0141944 0.0140621 0.0139389 0.0138279 0.0137134 0.0135969 0.0135105 0.0134213 0.0133229 0.0132432 0.0131895 0.0131075 0.0130449 0.0130057 0.0129626 0.0129048 0.0128907 0.0128695 0.0128419 0.0128307 0.0128477 0.0128366 0.0128485 0.0128792 0.0129084 0.0129257 0.012986 0.0130369 0.0130839 0.0131495 0.0132413 0.0133039 0.0133919 0.0135009 0.013604 0.0136975 0.0138343 0.0139631 0.0140859 0.0142288 0.0143931 0.0145415 0.0147041 0.0148829 0.0150671 0.0152565 0.0154491 0.0156554 0.0158765 0.0161014 0.0163174 0.0165661 0.0168147 0.0170695 0.0173283 0.0176054 0.0178767 0.0181735 0.0184614 0.0187611 0.019077 0.0193881 0.019699 0.0200383 0.0203816 0.0207031 0.0210549 0.0214136 0.021782 0.0221439 0.0225307 0.0229269 0.02334 0.0237732 0.0242308 0.0247148 0.0252363 0.025819 0.0264287 0.0271278 0.027901 0.0287633 0.0297615 0.0309097 0.0322322 0.0337836 0.0356117 0.0377431 0.0402717 0.0431747 0.0464822 0.0501971 0.0542412 0.0585535 0.0629546 0.0672521 0.0712173 0.074629 0.0772423 0.078844 0.0792627 0.0783632 0.0761866 0.0728077 0.0684495 0.0634097 0.0579978 0.0526345 0.0476912 0.0435565 0.040551 0.0388763 0.0386465 0.0398263 0.0422919 0.0458219 0.0501392 0.0549212 0.0598342 0.0645563 0.0687836 0.0722869 0.0748771 
0 0.00673867 0.0133656 0.0197144 0.0256607 0.030993 0.0355141 0.0390333 0.0413134 0.0422236 0.0416122 0.0394236 0.0357205 0.0305928 0.0243281 0.0172307 0.00967656 0.00210343 -0.00514931 -0.0116938 -0.0172457 -0.0215853 -0.0245453 -0.0261096 -0.0263285 -0.0253468 -0.0233585 -0.0205962 -0.0172731 -0.0136426 -0.00992382 -0.00627313 -0.00287065 0.000239908 0.00299387 0.00536765 0.00740098 0.00910657 0.010532 0.0117195 0.0127206 0.0135453 0.0142583 0.0148592 0.0153466 0.0157713 0.0161264 0.016422 0.0166583 0.0168421 0.0169573 0.017058 0.0171258 0.017133 0.0171186 0.0170889 0.0170341 0.0169451 0.0168528 0.0167433 0.016636 0.016513 0.0163748 0.0162274 0.016099 0.0159808 0.0158311 0.0156749 0.0155488 0.0154376 0.0152916 0.0151591 0.0150444 0.0149322 0.0148081 0.0147015 0.0145984 0.0144987 0.0143961 0.0143068 0.0142271 0.0141402 0.0140556 0.0139929 0.0139312 0.0138539 0.0138018 0.0137611 0.0137068 0.0136567 0.013638 0.0136039 0.01357 0.0135578 0.0135541 0.0135316 0.0135355 0.013548 0.0135528 0.0135618 0.0135994 0.013622 0.01365 0.0136979 0.0137518 0.0137894 0.0138564 0.0139297 0.0139932 0.0140649 0.0141663 0.0142499 0.0143377 0.0144502 0.0145672 0.0146681 0.0147942 0.0149327 0.0150622 0.0151976 0.0153538 0.0155116 0.0156654 0.0158338 0.0160158 0.0162022 0.0163754 0.0165744 0.0167959 0.0170074 0.0171962 0.0174335 0.0176909 0.0179261 0.0181481 0.0184119 0.0186923 0.0189584 0.0192224 0.0195075 0.0198057 0.0200928 0.020399 0.0207078 0.0210273 0.0213536 0.0216896 0.0220199 0.02239 0.0227827 0.0231658 0.0235801 0.0240336 0.0245262 0.0250572 0.0256571 0.0263057 0.0270546 0.0279177 0.0288982 0.0300512 0.0314116 0.0330213 0.0349236 0.037191 0.0398278 0.0428945 0.0463872 0.0502573 0.0544803 0.0589091 0.0633932 0.0677283 0.071683 0.0750246 0.0775417 0.0790214 0.0792976 0.0783134 0.0760419 0.0726386 0.0682988 0.0632876 0.0579822 0.0527037 0.0478737 0.0438528 0.0409323 0.0393651 0.039218 0.0404955 0.0430713 0.0467194 0.0511851 0.0561306 0.0612296 0.0661511 0.0705834 0.0742869 0.0770659 
0 0.00638546 0.0126237 0.0185923 0.02409 0.0289555 0.032977 0.0359432 0.0376914 0.0380332 0.0368839 0.0341969 0.0300078 0.0244888 0.0178595 0.0104599 0.00266705 -0.00514931 -0.0125929 -0.0193417 -0.0251035 -0.0296373 -0.0328209 -0.0345843 -0.0349734 -0.034113 -0.0321601 -0.0293356 -0.0258654 -0.0219884 -0.017927 -0.013883 -0.00999946 -0.00639203 -0.00313818 -0.000246406 0.00227027 0.00444918 0.00631629 0.00790408 0.00924796 0.010412 0.0114252 0.01229 0.0130471 0.0136746 0.014224 0.0147038 0.0150983 0.0154083 0.0156731 0.0158914 0.0160489 0.0161655 0.016218 0.0162597 0.0162838 0.0162824 0.0162254 0.0161694 0.0161151 0.016041 0.0159466 0.0158587 0.0157796 0.0156668 0.0155637 0.0154728 0.0153962 0.0152836 0.0151845 0.0150958 0.0150283 0.0149329 0.0148431 0.0147659 0.0147048 0.0146269 0.0145503 0.0144906 0.0144357 0.0143739 0.0143121 0.014273 0.0142249 0.0141788 0.014137 0.0141158 0.0140745 0.0140506 0.0140301 0.0140196 0.0139932 0.0139963 0.0139893 0.0139914 0.0139904 0.0140136 0.0140172 0.0140424 0.0140658 0.0141011 0.0141239 0.0141763 0.0142148 0.0142654 0.0143162 0.0143881 0.0144394 0.0145154 0.0145917 0.0146753 0.0147484 0.014852 0.0149457 0.0150436 0.0151462 0.0152709 0.0153816 0.0154989 0.0156306 0.0157734 0.0159062 0.0160428 0.0162025 0.0163647 0.0165256 0.0166826 0.0168664 0.0170507 0.0172474 0.0174286 0.0176352 0.0178449 0.0180711 0.0182868 0.018527 0.0187621 0.0190017 0.0192553 0.0195337 0.019808 0.0200611 0.0203446 0.0206548 0.0209714 0.0212688 0.0216054 0.0219501 0.0223195 0.022707 0.0231149 0.0235618 0.0240647 0.0246033 0.0251792 0.0258551 0.02662 0.027514 0.0285452 0.0297505 0.0311818 0.0328979 0.0349414 0.0373484 0.0401779 0.043433 0.0471223 0.0511967 0.0555699 0.0601142 0.0646632 0.069004 0.0729059 0.0761556 0.0785157 0.079824 0.0799391 0.0787879 0.0764248 0.07295 0.0685829 0.0636032 0.0583146 0.0530984 0.0483106 0.0443056 0.0414055 0.0398012 0.0396216 0.0408493 0.043361 0.0469762 0.0513996 0.0563396 0.0614535 0.0664009 0.0708944 0.0746502 0.0774996 
0 0.00610329 0.0120474 0.0176866 0.0228202 0.0272761 0.0308413 0.0333215 0.0345503 0.0343684 0.0327043 0.0295229 0.0248949 0.0189825 0.012026 0.00435545 -0.00367559 -0.0116938 -0.0193417 -0.0262954 -0.0322747 -0.0370513 -0.0404885 -0.0425098 -0.0431382 -0.0424693 -0.0406299 -0.0378423 -0.0343035 -0.0302648 -0.0259522 -0.0215447 -0.0172416 -0.013154 -0.00939814 -0.00601617 -0.0030081 -0.000357984 0.00195205 0.0039522 0.0056789 0.00717721 0.00850636 0.00964764 0.0106415 0.011491 0.0122402 0.012907 0.0134656 0.0139265 0.0143058 0.014635 0.0149051 0.0151215 0.0152626 0.0153902 0.0154791 0.0155237 0.0155412 0.0155454 0.0155407 0.0155169 0.0154686 0.0154024 0.0153679 0.0153154 0.0152517 0.0151745 0.0151189 0.0150604 0.0150045 0.0149306 0.0148753 0.0148238 0.0147639 0.0147079 0.0146631 0.014613 0.0145592 0.0145238 0.0144805 0.0144415 0.014402 0.0143767 0.0143406 0.0143188 0.0142894 0.0142755 0.0142531 0.0142445 0.0142275 0.0142284 0.0142188 0.0142239 0.0142226 0.0142373 0.0142418 0.0142627 0.0142766 0.0143061 0.0143263 0.0143628 0.0143931 0.0144384 0.0144739 0.0145279 0.0145749 0.0146352 0.0146881 0.0147604 0.0148225 0.0149 0.0149716 0.0150598 0.0151401 0.0152357 0.0153235 0.0154307 0.0155313 0.01564 0.0157503 0.0158779 0.0159924 0.0161201 0.0162614 0.0163969 0.0165299 0.0166874 0.0168529 0.0169996 0.0171608 0.0173365 0.0175335 0.0177103 0.01789 0.0180868 0.0183206 0.0185261 0.0187422 0.0189748 0.0192229 0.0194721 0.0197328 0.0200032 0.0202967 0.0206022 0.0208948 0.021231 0.0215946 0.0219852 0.0223801 0.0228068 0.0232789 0.0238195 0.0243969 0.0250318 0.0257593 0.0265882 0.0275642 0.0286766 0.0299917 0.0315639 0.0334471 0.0356788 0.0383009 0.0413396 0.0448273 0.048752 0.0530306 0.0575858 0.0622388 0.0668344 0.0711561 0.0749663 0.0780653 0.08023 0.0813188 0.0812179 0.079886 0.0773704 0.0737952 0.069365 0.0643481 0.0590513 0.0538172 0.049006 0.0449457 0.0419466 0.0402085 0.0398489 0.0408736 0.0431642 0.0465541 0.0507647 0.0555088 0.0604555 0.0652648 0.0696493 0.0733218 0.0761104 
