0 0 0 0 0 0 0 0 0 0 0 0 0 0 0 0 0 0 0 0 0 0 0 0 0 0 0 0 0 0 0 0 0 0 0 0 0 0 0 0 0 0 0 0 0 0 0 0 0 0 0 0 0 0 0 0 0 0 0 0 0 0 0 0 0 0 0 0 0 0 0 0 0 0 0 0 0 0 0 0 0 0 0 0 0 0 0 0 0 0 0 0 0 0 0 0 0 0 0 0 0 0 0 0 0 0 0 0 0 0 0 0 0 0 0 0 0 0 0 0 0 0 0 0 0 0 0 0 0 0 0 0 0 0 0 0 0 0 0 0 0 0 0 0 0 0 0 0 0 0 0 0 0 0 0 0 0 0 0 0 0 0 0 0 0 0 0 0 0 0 0 0 0 0 0 0 0 0 0 0 0 0 0 0 0 0 0 0 0 0 0 0 0 0 0 0 0 0 0 0 
0 0.00097603 0.00190182 0.00272005 0.00341667 0.00395269 0.0043167 0.00449407 0.00447628 0.00429886 0.00398855 0.00360172 0.00317241 0.00273496 0.00232207 0.00195698 0.00166385 0.00143066 0.00125884 0.00111467 0.000994934 0.000872566 0.000707194 0.000496971 0.000194836 -0.000168315 -0.00061258 -0.00114246 -0.00173118 -0.00239214 -0.00307655 -0.00379028 -0.00452082 -0.0052454 -0.00594507 -0.00661449 -0.00723815 -0.0078146 -0.00833333 -0.00876163 -0.00913788 -0.00942606 -0.00963643 -0.00976516 -0.00981097 -0.00979082 -0.0096924 -0.00952159 -0.00928257 -0.00900137 -0.00865533 -0.00827174 -0.00785558 -0.00742252 -0.00696292 -0.00649576 -0.00603038 -0.0055647 -0.00512008 -0.00468071 -0.00427106 -0.0038864 -0.00352095 -0.00317012 -0.00287122 -0.00258342 -0.00231969 -0.00209305 -0.00188719 -0.00169003 -0.00152404 -0.00138551 -0.00125721 -0.00114603 -0.00105069 -0.000974524 -0.00089674 -0.000844151 -0.000806777 -0.000766534 -0.000718915 -0.000706764 -0.000691813 -0.000670715 -0.000653656 -0.0006512 -0.00063897 -0.000637165 -0.000630739 -0.000625598 -0.000621852 -0.000624554 -0.000617135 -0.000616859 -0.000616008 -0.000615046 -0.000611314 -0.000613695 -0.000610311 -0.000610319 -0.000609624 -0.00060998 -0.000606913 -0.00061007 -0.000607605 -0.000607288 -0.000607999 -0.000610605 -0.000605639 -0.0006097 -0.000609633 -0.000610694 -0.000610909 -0.000613272 -0.00060669 -0.000618066 -0.000619731 -0.000609931 -0.00060635 -0.000622795 -0.00061323 -0.000602899 -0.000596677 -0.00059313 -0.000574947 -0.000560599 -0.000534517 -0.000503449 -0.000458781 -0.000416688 -0.000364938 -0.000289564 -0.000206079 -0.000117993 -3.94143e-06 0.000126837 0.00025454 0.000423166 0.000610641 0.000813918 0.00103787 0.00129985 0.00157361 0.00188112 0.00221361 0.0025795 0.00296758 0.00337371 0.00380267 0.00424568 0.00470682 0.00515948 0.00562423 0.00608297 0.00652581 0.00693772 0.00734002 0.00770159 0.00802613 0.00831092 0.00853563 0.00872792 0.00884331 0.00889408 0.00888129 0.00879813 0.00863336 0.00838982 0.00805602 0.00764137 0.00714241 0.00652838 0.00583798 0.0050443 0.00417166 0.00321668 0.00217559 0.00109528 -2.54977e-05 -0.00114499 -0.00224816 -0.00329384 -0.00424135 -0.00506336 -0.00573918 -0.00627113 -0.00664445 -0.00688125 -0.00698914 -0.00701395 -0.00699932 -0.00697373 -0.00699162 -0.00706018 -0.00721523 -0.00745404 -0.00775397 -0.00810758 -0.00846814 -0.00884128 
0 0.00190182 0.0036892 0.00529113 0.00662514 0.00765901 0.00834978 0.00866093 0.00860807 0.00822152 0.00758664 0.00679804 0.00592257 0.00503894 0.00420303 0.00346374 0.00287162 0.00240709 0.00205653 0.00178944 0.00155342 0.00132838 0.0010319 0.000619 7.34225e-05 -0.000630861 -0.00147092 -0.00246597 -0.00360629 -0.00484443 -0.00616279 -0.00752934 -0.00892964 -0.0103332 -0.011694 -0.0129883 -0.0142077 -0.015337 -0.0163297 -0.0171946 -0.0179176 -0.0184969 -0.0189334 -0.0191889 -0.0193017 -0.0192777 -0.0190952 -0.0187719 -0.0183438 -0.0177926 -0.0171562 -0.0164267 -0.0156158 -0.0147848 -0.0138956 -0.0129813 -0.0120796 -0.0111915 -0.0102953 -0.00944464 -0.00862631 -0.00785407 -0.00712508 -0.00645212 -0.00583771 -0.0052602 -0.00473779 -0.00426317 -0.00384491 -0.00346677 -0.00314006 -0.00283107 -0.00258137 -0.00234911 -0.00215443 -0.00199596 -0.00186677 -0.00172927 -0.00163447 -0.00155947 -0.00149853 -0.00144671 -0.00139758 -0.00135687 -0.00134514 -0.0013283 -0.00129511 -0.00128792 -0.00128462 -0.00127253 -0.00126119 -0.0012642 -0.00125237 -0.00125235 -0.00124809 -0.00124707 -0.00123883 -0.00124481 -0.00123622 -0.00123817 -0.0012346 -0.00123757 -0.00122956 -0.00123689 -0.00123118 -0.00123325 -0.00123204 -0.00123606 -0.00122858 -0.00123992 -0.00123779 -0.0012319 -0.00123689 -0.00125105 -0.00124002 -0.00123775 -0.00124541 -0.00124714 -0.00124883 -0.00123984 -0.00122234 -0.00122182 -0.0012235 -0.00118001 -0.00114834 -0.00111574 -0.00106482 -0.000990683 -0.000924288 -0.000814359 -0.000692561 -0.000544152 -0.000389011 -0.000192525 3.39571e-05 0.000297224 0.000586104 0.000924365 0.00129574 0.00170914 0.00217599 0.00268526 0.00326612 0.00388022 0.00453929 0.00526327 0.00603703 0.00682124 0.00767672 0.00855415 0.00943554 0.010333 0.0112196 0.0120996 0.0129518 0.013753 0.0145088 0.0152196 0.0158285 0.0163541 0.0167885 0.0171177 0.0173302 0.0174067 0.0173578 0.0171725 0.0168366 0.016324 0.015655 0.0148259 0.0138129 0.0126243 0.0112446 0.00969969 0.00799745 0.00611687 0.00410195 0.00197917 -0.00020416 -0.00238868 -0.00454429 -0.0065814 -0.00842543 -0.0100287 -0.0113424 -0.0123692 -0.0131019 -0.0135422 -0.0137545 -0.01379 -0.0137419 -0.013697 -0.013701 -0.0138421 -0.0141329 -0.0145891 -0.0151926 -0.015864 -0.0165912 -0.0173141 
0 0.00272005 0.00529113 0.00756055 0.00946396 0.0109062 0.0118437 0.0122362 0.012073 0.0114412 0.0104342 0.00920375 0.00785731 0.00649892 0.00522249 0.00410169 0.00320024 0.00249693 0.00198498 0.0015846 0.00126934 0.000966132 0.00056829 4.67845e-05 -0.000701234 -0.00162671 -0.00276833 -0.00414 -0.00568913 -0.00742844 -0.00925654 -0.0111737 -0.0131494 -0.0151271 -0.0170539 -0.0189079 -0.0206524 -0.0222745 -0.0237393 -0.0249789 -0.0260607 -0.0269149 -0.0275556 -0.0279696 -0.0281615 -0.0281651 -0.0279547 -0.0275443 -0.0269495 -0.0262218 -0.0253241 -0.024309 -0.0231945 -0.0220207 -0.0207666 -0.0194766 -0.0181785 -0.0168726 -0.0156007 -0.0143432 -0.0131509 -0.0120191 -0.010938 -0.00990431 -0.00899309 -0.00812469 -0.00732597 -0.00662302 -0.00598518 -0.00538575 -0.0048688 -0.00442516 -0.00402357 -0.00367012 -0.00336515 -0.00311422 -0.00287363 -0.0026916 -0.00255432 -0.00242097 -0.00228133 -0.00221893 -0.00215807 -0.00209039 -0.00203751 -0.00201611 -0.00197736 -0.00196385 -0.0019437 -0.00192636 -0.00191316 -0.00191498 -0.0018965 -0.00189323 -0.00188901 -0.00188545 -0.00187599 -0.00187975 -0.0018715 -0.00187096 -0.00186847 -0.001869 -0.00186219 -0.0018687 -0.00186333 -0.00186329 -0.00186493 -0.00187063 -0.00186094 -0.00187073 -0.00187124 -0.00187346 -0.00187507 -0.00188144 -0.00186815 -0.00189011 -0.00189277 -0.00187123 -0.00186181 -0.00188831 -0.00185982 -0.00182893 -0.00180422 -0.00177523 -0.00171425 -0.00165632 -0.00156693 -0.00145747 -0.00131638 -0.00116773 -0.000987863 -0.000748728 -0.000481886 -0.000187852 0.000174792 0.000588296 0.00101563 0.00154631 0.00213615 0.00277833 0.0034848 0.00428723 0.00513603 0.00606721 0.00706433 0.0081434 0.00927714 0.0104494 0.0116749 0.0129297 0.0142132 0.0154742 0.0167481 0.0179961 0.0191917 0.0203013 0.0213639 0.0223172 0.0231561 0.0238741 0.0244322 0.0248765 0.0251167 0.0251718 0.0250453 0.0247209 0.0241722 0.0233989 0.022383 0.0211421 0.0196636 0.0178892 0.0158919 0.0136276 0.0111442 0.00843426 0.0055017 0.00245031 -0.00070214 -0.00385481 -0.00695456 -0.00988893 -0.0125437 -0.0148404 -0.016721 -0.0181825 -0.0191972 -0.0198123 -0.0200688 -0.0200864 -0.01999 -0.0198762 -0.0198796 -0.0200477 -0.0204626 -0.0211219 -0.0219707 -0.0229674 -0.0240035 -0.025067 
0 0.00341667 0.00662514 0.00946396 0.0117983 0.0135431 0.0146219 0.014981 0.0146371 0.01367 0.0122318 0.0105028 0.00863057 0.0067597 0.00501118 0.00348342 0.00225932 0.00132446 0.000648421 0.000168871 -0.00019783 -0.000518852 -0.000927867 -0.00151051 -0.00232176 -0.00338996 -0.00470765 -0.0062997 -0.00814549 -0.0101931 -0.0123929 -0.0147055 -0.0171018 -0.0195249 -0.0219062 -0.0242001 -0.0263837 -0.028425 -0.0302588 -0.0318702 -0.0332514 -0.034385 -0.0352634 -0.0358471 -0.0361709 -0.0362506 -0.0360589 -0.0356173 -0.0349682 -0.0341108 -0.0330753 -0.0318677 -0.030514 -0.0290812 -0.0275399 -0.0259324 -0.0243114 -0.0226838 -0.021043 -0.0194409 -0.0178872 -0.0163981 -0.0149731 -0.0136332 -0.0123962 -0.0112309 -0.0101591 -0.00918536 -0.00830904 -0.0075125 -0.00680908 -0.00616914 -0.00561904 -0.00512263 -0.00469571 -0.00433791 -0.00402848 -0.00374181 -0.00352046 -0.00333512 -0.00317668 -0.00305276 -0.00294168 -0.00284651 -0.00279133 -0.00274306 -0.00268195 -0.00265305 -0.00263281 -0.00260655 -0.0025848 -0.00257956 -0.00256056 -0.0025543 -0.00254638 -0.00254097 -0.00252991 -0.00253274 -0.00252262 -0.0025221 -0.00251778 -0.00251886 -0.00251081 -0.00251723 -0.00251173 -0.00251321 -0.00251345 -0.00251768 -0.00251116 -0.00252363 -0.00252286 -0.00251798 -0.00252511 -0.002539 -0.0025257 -0.0025251 -0.00253064 -0.00252308 -0.00251447 -0.00249784 -0.00245994 -0.00243271 -0.00240178 -0.00231922 -0.00223212 -0.00213699 -0.00200675 -0.00183871 -0.00165654 -0.00141755 -0.00114075 -0.000811315 -0.000447425 -1.67119e-05 0.00048432 0.00105612 0.00168573 0.00241083 0.00321248 0.00409313 0.00506751 0.00613262 0.0072996 0.00853549 0.00984622 0.0112506 0.0127195 0.0142131 0.015783 0.0173775 0.018968 0.0205532 0.0221109 0.0236327 0.0250848 0.0264343 0.0276915 0.0288361 0.0298072 0.0306138 0.0312428 0.0316811 0.0318972 0.0318713 0.0316143 0.0311115 0.0303348 0.0292599 0.0279009 0.0262587 0.024304 0.02203 0.0194383 0.0165506 0.0133834 0.00991915 0.00621134 0.00232279 -0.00166901 -0.00566438 -0.00958607 -0.0132841 -0.0166217 -0.0194978 -0.0218358 -0.0236239 -0.0248506 -0.0255416 -0.0257949 -0.0257328 -0.0255213 -0.0253169 -0.0252385 -0.0254159 -0.0259022 -0.0267123 -0.0277981 -0.0290476 -0.0303965 -0.0317626 
0 0.00395269 0.00765901 0.0109062 0.0135431 0.0154483 0.0165344 0.0167482 0.016104 0.0147136 0.0127566 0.0104521 0.00799437 0.00556003 0.00330338 0.00135167 -0.00020717 -0.0013746 -0.00218724 -0.00272984 -0.00308735 -0.003367 -0.00371337 -0.00422783 -0.00500067 -0.00604807 -0.00739215 -0.00905396 -0.0110061 -0.0132144 -0.0156069 -0.0181491 -0.0208038 -0.0235053 -0.0261822 -0.0287881 -0.0312859 -0.0336397 -0.0357907 -0.0376936 -0.0393571 -0.0407455 -0.0418443 -0.0426308 -0.0431195 -0.043328 -0.0432364 -0.0428566 -0.0422181 -0.0413475 -0.0402475 -0.038945 -0.0374738 -0.0358783 -0.0341505 -0.0323301 -0.0304605 -0.0285564 -0.0266396 -0.0247335 -0.022873 -0.0210706 -0.0193271 -0.0176618 -0.0161152 -0.0146544 -0.0132967 -0.0120603 -0.0109323 -0.00989588 -0.0089716 -0.0081502 -0.00742092 -0.00677001 -0.00620225 -0.00571587 -0.00528334 -0.00491434 -0.00461436 -0.00434998 -0.00411423 -0.00394179 -0.00379467 -0.00366271 -0.00356256 -0.00348852 -0.00341529 -0.00336836 -0.00332908 -0.00329307 -0.00326555 -0.00325167 -0.00322928 -0.00321708 -0.00320694 -0.0031984 -0.00318751 -0.00318546 -0.00317693 -0.00317379 -0.00316984 -0.00316837 -0.00316303 -0.00316607 -0.00316227 -0.00316257 -0.0031643 -0.00316754 -0.00316323 -0.00317149 -0.00317298 -0.00317272 -0.00317606 -0.00318064 -0.00317019 -0.00317481 -0.00316971 -0.0031452 -0.00312379 -0.00310754 -0.0030538 -0.00299122 -0.00292166 -0.00282114 -0.00269203 -0.00254535 -0.00235552 -0.00212227 -0.00185091 -0.00153432 -0.00116085 -0.000714791 -0.000211433 0.000363386 0.00103097 0.00178257 0.00260638 0.00355046 0.00459472 0.0057306 0.00696934 0.00832006 0.00976265 0.0112929 0.0129057 0.0146061 0.016363 0.0181493 0.0199808 0.0218271 0.0236623 0.0254619 0.0272252 0.0289248 0.0305241 0.0319941 0.0333449 0.0345391 0.0355415 0.0363437 0.0369287 0.0372963 0.0373954 0.0372195 0.0367749 0.0360466 0.0350061 0.0336385 0.031943 0.0299241 0.0275563 0.0248127 0.0217183 0.0182754 0.0145071 0.0104115 0.00602805 0.00144836 -0.00324737 -0.00794373 -0.012531 -0.0168456 -0.0207217 -0.0240333 -0.0266971 -0.0286873 -0.0299943 -0.0306658 -0.0308064 -0.0305821 -0.0301875 -0.0298063 -0.0296072 -0.0297187 -0.0302262 -0.0311384 -0.0323869 -0.0338628 -0.0354554 -0.0370917 
0 0.0043167 0.00834978 0.0118437 0.0146219 0.0165344 0.017483 0.017417 0.0163571 0.0144422 0.0118808 0.00892665 0.00582087 0.00277411 -2.50716e-05 -0.00242294 -0.00432621 -0.00571958 -0.0066488 -0.00721038 -0.00750309 -0.00766865 -0.00786021 -0.00820476 -0.0088112 -0.00970598 -0.0109294 -0.012498 -0.014389 -0.0165738 -0.0189789 -0.0215692 -0.0243013 -0.027108 -0.0299192 -0.0326843 -0.0353595 -0.0379019 -0.0402615 -0.042382 -0.0442678 -0.0458823 -0.0471982 -0.048204 -0.0488946 -0.0492811 -0.0493526 -0.0491138 -0.0485827 -0.0477956 -0.0467434 -0.0454574 -0.0439743 -0.042318 -0.0405068 -0.0385717 -0.0365508 -0.0344639 -0.0323449 -0.0302046 -0.0280904 -0.026016 -0.0239926 -0.0220406 -0.0201969 -0.0184477 -0.0168034 -0.0152902 -0.0138968 -0.0126157 -0.0114558 -0.0104235 -0.00949106 -0.00866326 -0.00793452 -0.00730173 -0.00673619 -0.00625639 -0.0058487 -0.00549478 -0.00518413 -0.0049403 -0.00473375 -0.0045556 -0.0044106 -0.00429928 -0.00420319 -0.00412879 -0.00406938 -0.00402006 -0.00398242 -0.00395438 -0.00392901 -0.00390904 -0.00389547 -0.00388209 -0.00387177 -0.00386361 -0.00385709 -0.00385058 -0.00384735 -0.00384277 -0.00384068 -0.00383937 -0.00383841 -0.00383721 -0.00383988 -0.00384061 -0.00384112 -0.00384429 -0.00384603 -0.00384626 -0.00384763 -0.00384406 -0.00383348 -0.00382848 -0.00381136 -0.00377668 -0.00373668 -0.00369422 -0.00361751 -0.00352158 -0.00340637 -0.0032643 -0.00307767 -0.00286266 -0.00259926 -0.0022857 -0.00191128 -0.00148683 -0.000985599 -0.0004034 0.000258312 0.00100392 0.00186069 0.00281636 0.00386777 0.00504458 0.00633651 0.00773118 0.00923415 0.0108567 0.0125649 0.014362 0.0162355 0.0181787 0.0201618 0.0221717 0.024192 0.0262088 0.0281925 0.0301092 0.0319632 0.0337207 0.0353473 0.036821 0.0381417 0.039269 0.0401843 0.0408659 0.0413034 0.0414957 0.0413965 0.0410046 0.0403204 0.0393307 0.0380081 0.0363426 0.0343255 0.0319583 0.02922 0.0260781 0.022559 0.0186597 0.0143983 0.00978797 0.00486375 -0.000272294 -0.00552529 -0.0107707 -0.0158647 -0.0206314 -0.0248844 -0.0284755 -0.0313161 -0.0333663 -0.034624 -0.035155 -0.0350772 -0.0345916 -0.0339196 -0.0332747 -0.0328651 -0.0328291 -0.0332714 -0.0341981 -0.035529 -0.037153 -0.0389278 -0.0407774 
0 0.00449407 0.00866093 0.0122362 0.014981 0.0167482 0.017417 0.0169366 0.0153593 0.012825 0.00958792 0.0059249 0.00212107 -0.00157391 -0.00493798 -0.00779918 -0.0100521 -0.0116634 -0.012702 -0.013239 -0.0134306 -0.0134195 -0.0133689 -0.0134646 -0.0137696 -0.0143977 -0.0153582 -0.0166726 -0.0183581 -0.020335 -0.0225907 -0.0250559 -0.0276883 -0.0304301 -0.0332159 -0.0359787 -0.0386913 -0.041298 -0.0437352 -0.0460008 -0.0480203 -0.0498106 -0.0513217 -0.0525311 -0.0534429 -0.0540436 -0.054328 -0.0542932 -0.0539702 -0.0533395 -0.05245 -0.0512899 -0.0498968 -0.0482937 -0.0465116 -0.0445622 -0.0424923 -0.0403357 -0.0380849 -0.0358082 -0.0335112 -0.0312249 -0.0289706 -0.0267945 -0.0246717 -0.0226562 -0.0207461 -0.0189486 -0.0172784 -0.0157502 -0.0143449 -0.0130603 -0.0119119 -0.0108792 -0.00996328 -0.00915016 -0.00845173 -0.00782151 -0.00727582 -0.00681193 -0.00643305 -0.00608382 -0.00579449 -0.00555539 -0.0053687 -0.00519976 -0.00506758 -0.00495466 -0.00487487 -0.00480329 -0.0047491 -0.00470139 -0.00467165 -0.0046413 -0.00462126 -0.00460174 -0.00459037 -0.00457662 -0.00456996 -0.00456084 -0.00455709 -0.00455073 -0.00455013 -0.00454558 -0.00454684 -0.00454541 -0.00454781 -0.0045449 -0.00455083 -0.00455011 -0.00455109 -0.00454408 -0.00454451 -0.00453484 -0.00452354 -0.00448793 -0.00445786 -0.00441702 -0.00435775 -0.00425348 -0.00415074 -0.00402061 -0.00385545 -0.00363347 -0.00338683 -0.00308445 -0.00273056 -0.00230719 -0.00182733 -0.00125488 -0.000595783 0.000143666 0.000982776 0.00193973 0.00300381 0.00417965 0.00549426 0.00690777 0.00844709 0.0100999 0.0118649 0.0137175 0.0156803 0.017696 0.0197753 0.0219003 0.024045 0.0261873 0.028318 0.0304135 0.0324263 0.0343673 0.0361841 0.0378763 0.0394057 0.040762 0.0419117 0.0428614 0.0435635 0.044007 0.0442116 0.0441203 0.0437592 0.0430913 0.0421213 0.0408423 0.0392327 0.0372673 0.0349579 0.032284 0.0292148 0.0257665 0.0218894 0.0176397 0.0129976 0.00798067 0.00266592 -0.00289525 -0.008549 -0.0141826 -0.0196219 -0.0246691 -0.0291342 -0.032848 -0.0357132 -0.0376772 -0.0387593 -0.0390172 -0.0386171 -0.0377624 -0.0367056 -0.0357091 -0.0349719 -0.034698 -0.034965 -0.0357911 -0.0371073 -0.038754 -0.0406263 -0.0425924 
0 0.00447628 0.00860807 0.012073 0.0146371 0.016104 0.0163571 0.0153593 0.0131626 0.00994798 0.00597903 0.00156618 -0.00296442 -0.00732593 -0.0112719 -0.0145964 -0.017201 -0.0190374 -0.0201561 -0.020676 -0.02072 -0.0204951 -0.0201648 -0.0199012 -0.0198499 -0.0200738 -0.0206533 -0.0215987 -0.0229062 -0.0245575 -0.0264993 -0.0286881 -0.0310715 -0.0335928 -0.0361889 -0.0388207 -0.0414268 -0.0439616 -0.0464001 -0.0486746 -0.0507741 -0.0526645 -0.0543024 -0.055698 -0.0568146 -0.0576339 -0.0581709 -0.0584033 -0.0583189 -0.0579561 -0.0572864 -0.0563446 -0.0551601 -0.0537146 -0.0520638 -0.050225 -0.0482081 -0.0460488 -0.0438003 -0.0414585 -0.0390726 -0.0366625 -0.034257 -0.0318719 -0.029541 -0.0272944 -0.0251317 -0.0230837 -0.0211519 -0.0193426 -0.0176626 -0.0161453 -0.0147418 -0.0134838 -0.0123543 -0.0113402 -0.0104318 -0.00966109 -0.00897543 -0.00837326 -0.0078457 -0.00740193 -0.00703336 -0.00671869 -0.00643506 -0.0062087 -0.00603692 -0.00588195 -0.00575332 -0.00565517 -0.00557938 -0.00551137 -0.00546532 -0.00542189 -0.00539295 -0.00536592 -0.00535039 -0.00532996 -0.0053225 -0.00530955 -0.00530567 -0.00529633 -0.00529763 -0.00529046 -0.00529282 -0.00528978 -0.00529307 -0.00529032 -0.00529497 -0.00528693 -0.00528653 -0.00528451 -0.00526934 -0.0052387 -0.0052191 -0.00518416 -0.00511917 -0.00503649 -0.00493697 -0.00482049 -0.00466655 -0.00445895 -0.00420936 -0.00394413 -0.00360102 -0.00319178 -0.00272097 -0.002176 -0.00152613 -0.000812292 1.55287e-05 0.000955978 0.00201844 0.00318992 0.00449231 0.00591234 0.00746018 0.00912917 0.01092 0.0128147 0.0147993 0.0168773 0.0190039 0.0211937 0.0234232 0.025654 0.0278718 0.0300773 0.0321988 0.0342512 0.0362109 0.0380268 0.0397094 0.0412165 0.0425226 0.0436292 0.0445083 0.045137 0.0455341 0.0456626 0.0455228 0.0451174 0.0444176 0.0434347 0.0421551 0.0405677 0.0386645 0.036433 0.0338534 0.0309119 0.0275961 0.0238722 0.0197529 0.0152273 0.0103018 0.00502313 -0.000582104 -0.0063997 -0.0123142 -0.0181808 -0.0237942 -0.0289683 -0.0334843 -0.0371678 -0.0399132 -0.0416575 -0.0424215 -0.0423022 -0.0414537 -0.0401268 -0.038591 -0.0371139 -0.0359659 -0.0353113 -0.0352828 -0.0358835 -0.0370219 -0.0385908 -0.0404086 -0.0423921 
0 0.00429886 0.00822152 0.0114412 0.01367 0.0147136 0.0144422 0.012825 0.00994798 0.0059964 0.00126349 -0.0039176 -0.00918803 -0.0142271 -0.0187498 -0.0225494 -0.0255044 -0.027556 -0.0287727 -0.0292346 -0.0291341 -0.0286613 -0.0279958 -0.0273622 -0.0268544 -0.026634 -0.0267445 -0.0272067 -0.0280571 -0.0292319 -0.0307439 -0.0325248 -0.0345239 -0.0366972 -0.038998 -0.0413636 -0.0437578 -0.0461227 -0.0484168 -0.0506427 -0.0527078 -0.0546314 -0.05636 -0.0578852 -0.059181 -0.0602122 -0.0609866 -0.0614836 -0.0617091 -0.0616251 -0.0612714 -0.06063 -0.0597158 -0.058518 -0.0570971 -0.0554454 -0.0535883 -0.051567 -0.0493788 -0.0470867 -0.0446897 -0.0422236 -0.0397302 -0.0372542 -0.034753 -0.0323217 -0.0299556 -0.0276622 -0.0254718 -0.0234236 -0.0214921 -0.0196866 -0.0180255 -0.0165148 -0.0151452 -0.0138982 -0.0128104 -0.0118269 -0.0109424 -0.0101821 -0.00955155 -0.00895873 -0.00845754 -0.00804087 -0.00769254 -0.00737988 -0.00713702 -0.00691772 -0.00675126 -0.00661137 -0.00650162 -0.00640064 -0.00633761 -0.00627566 -0.00623342 -0.00619357 -0.0061717 -0.00614449 -0.00613302 -0.00611579 -0.00611079 -0.00609925 -0.00609964 -0.00609073 -0.00609449 -0.00608988 -0.00609168 -0.00608426 -0.00609115 -0.00607791 -0.00607028 -0.0060507 -0.00603073 -0.00598916 -0.0059501 -0.00586318 -0.00577567 -0.00567448 -0.00553071 -0.00531679 -0.00511116 -0.00484975 -0.00452039 -0.00412701 -0.00368346 -0.0031437 -0.00253506 -0.0018318 -0.00102669 -9.89271e-05 0.000944697 0.00209179 0.0033758 0.00479791 0.00633577 0.00799707 0.00981415 0.0117011 0.0136999 0.0157975 0.0179709 0.0201841 0.022461 0.0247386 0.0270189 0.0292642 0.0314592 0.0335958 0.0356237 0.0375341 0.0392908 0.0408984 0.042298 0.0434995 0.0444799 0.0452449 0.0457453 0.0460058 0.0460116 0.0457475 0.045241 0.0444398 0.0433987 0.0420845 0.0404881 0.0386071 0.036433 0.0339422 0.0311326 0.0279689 0.0244324 0.0205416 0.016227 0.0115374 0.00644322 0.000987346 -0.00475194 -0.0107263 -0.0167582 -0.0227126 -0.0283679 -0.0335091 -0.0379342 -0.0414476 -0.0439357 -0.0453311 -0.0456688 -0.0450448 -0.0436545 -0.0417427 -0.0396052 -0.0375525 -0.0358405 -0.0346952 -0.0342195 -0.0344359 -0.035275 -0.0365901 -0.0382527 -0.0401242 
0 0.00398855 0.00758664 0.0104342 0.0122318 0.0127566 0.0118808 0.00958792 0.00597903 0.00126349 -0.00425117 -0.0102091 -0.0162232 -0.0219325 -0.0270348 -0.031297 -0.0345974 -0.0368722 -0.0381675 -0.038597 -0.0383357 -0.0376121 -0.0366154 -0.0355562 -0.0345873 -0.0338498 -0.033434 -0.0333629 -0.0336628 -0.034312 -0.0353097 -0.0366033 -0.0381379 -0.0398762 -0.0417742 -0.043796 -0.0458812 -0.047983 -0.0500838 -0.0521511 -0.0541298 -0.0560048 -0.0577377 -0.059333 -0.0607511 -0.0619481 -0.0629438 -0.0637064 -0.0642117 -0.0644476 -0.0644099 -0.064105 -0.0635317 -0.0626615 -0.0615461 -0.0601871 -0.058577 -0.0567537 -0.0547484 -0.0525866 -0.0502804 -0.047861 -0.0453724 -0.0428347 -0.040251 -0.0376951 -0.0351719 -0.0326955 -0.0302939 -0.0279937 -0.0258023 -0.0237449 -0.0218161 -0.0200418 -0.0184126 -0.0169105 -0.0155666 -0.0143743 -0.0132958 -0.0123431 -0.0115153 -0.0107744 -0.0101463 -0.00961024 -0.00913313 -0.0087253 -0.00840341 -0.00811678 -0.00787783 -0.0076855 -0.00753112 -0.00739679 -0.00729884 -0.00721393 -0.00715082 -0.00709743 -0.0070616 -0.00702755 -0.00700735 -0.00698656 -0.00697703 -0.00696437 -0.0069609 -0.00695273 -0.00695281 -0.00694722 -0.00694569 -0.00693767 -0.00693397 -0.00691311 -0.00689568 -0.00686821 -0.00682042 -0.00675103 -0.00668483 -0.00657654 -0.00643456 -0.00626945 -0.0060641 -0.00580445 -0.00551192 -0.00514042 -0.00469622 -0.00420356 -0.00362156 -0.00292578 -0.00214515 -0.00125617 -0.000237746 0.000892962 0.00215346 0.00354588 0.00507973 0.00674118 0.0085166 0.0104071 0.0124251 0.0145168 0.0166936 0.0189427 0.0212302 0.02353 0.0258341 0.0281214 0.0303699 0.0325302 0.0345996 0.0365684 0.0383677 0.040004 0.0414666 0.042727 0.0437651 0.0445698 0.0451334 0.0454693 0.0455343 0.0453475 0.0449296 0.0442599 0.0433463 0.0421791 0.0407787 0.0391421 0.0372486 0.0350915 0.0326791 0.0299871 0.0269959 0.0236704 0.0200014 0.0159806 0.0115704 0.00677626 0.0015905 -0.00392875 -0.00973047 -0.015728 -0.0217724 -0.0276954 -0.03326 -0.0382562 -0.0424618 -0.0456853 -0.0477958 -0.0487246 -0.0485123 -0.0472788 -0.0452265 -0.0426238 -0.0397819 -0.0370244 -0.0346495 -0.0328718 -0.0318211 -0.031519 -0.0318961 -0.0328399 -0.0341944 -0.035844 
0 0.00360172 0.00679804 0.00920375 0.0105028 0.0104521 0.00892665 0.0059249 0.00156618 -0.0039176 -0.0102091 -0.0169312 -0.0236733 -0.030041 -0.0357081 -0.0404283 -0.0440677 -0.0465621 -0.0479424 -0.0483349 -0.0479219 -0.0469476 -0.0456202 -0.0441468 -0.0427129 -0.041465 -0.0405159 -0.0398967 -0.0396298 -0.0397197 -0.040165 -0.0409283 -0.041953 -0.0432085 -0.0446598 -0.0462773 -0.0479962 -0.0497726 -0.0516002 -0.0534429 -0.0552609 -0.0570225 -0.0587056 -0.0603094 -0.0617891 -0.0631001 -0.0642559 -0.065233 -0.0659942 -0.066527 -0.0668138 -0.0668614 -0.0666466 -0.0661405 -0.0653809 -0.0643699 -0.0630894 -0.0615624 -0.0598218 -0.0578792 -0.0557477 -0.053455 -0.0510542 -0.0485552 -0.0459702 -0.0433588 -0.0407406 -0.0381287 -0.0355593 -0.033064 -0.0306545 -0.0283507 -0.0261592 -0.0241175 -0.0222177 -0.0204539 -0.0188513 -0.0174067 -0.0160861 -0.0149174 -0.0138906 -0.0129687 -0.012165 -0.0114774 -0.0108693 -0.0103464 -0.00991288 -0.00953522 -0.00921574 -0.00895619 -0.0087409 -0.00855848 -0.0084162 -0.00829968 -0.00820794 -0.0081332 -0.00807823 -0.00803338 -0.008001 -0.00797385 -0.00795789 -0.00794245 -0.0079333 -0.0079246 -0.0079203 -0.00791151 -0.00790334 -0.00789077 -0.00787539 -0.00784398 -0.00780712 -0.00775808 -0.0076837 -0.00758563 -0.00747207 -0.00731445 -0.00711839 -0.00689227 -0.00660413 -0.00625287 -0.00585619 -0.0053764 -0.0048012 -0.0041573 -0.00340539 -0.00252996 -0.00155181 -0.000454593 0.000790915 0.00216257 0.00366546 0.00529911 0.00706903 0.00895769 0.0109485 0.0130427 0.0152335 0.0174721 0.0197559 0.0220813 0.0244055 0.0267038 0.0289585 0.0311537 0.0332528 0.0352148 0.0370411 0.0387212 0.0401923 0.0414566 0.0425183 0.0433448 0.0439283 0.0442619 0.0443577 0.0442237 0.0438295 0.0431917 0.0423417 0.0412651 0.0399594 0.038437 0.0367117 0.0347899 0.0326427 0.0302646 0.0276651 0.0248221 0.0217042 0.0182757 0.0145333 0.0104572 0.00601885 0.00119965 -0.00399409 -0.00950254 -0.0152773 -0.0212187 -0.0271839 -0.0329765 -0.0383533 -0.0430948 -0.0469755 -0.0498012 -0.0514283 -0.0517914 -0.0509345 -0.0489975 -0.0461928 -0.0428056 -0.0391623 -0.0356009 -0.0324455 -0.0299163 -0.0281582 -0.0272016 -0.0269902 -0.0274329 -0.0283745 -0.0297044 
0 0.00317241 0.00592257 0.00785731 0.00863057 0.00799437 0.00582087 0.00212107 -0.00296442 -0.00918803 -0.0162232 -0.0236733 -0.0311056 -0.0381055 -0.0443078 -0.0494743 -0.0534436 -0.056152 -0.0576392 -0.0580011 -0.0574711 -0.056271 -0.0546327 -0.0527875 -0.050899 -0.0491754 -0.0477115 -0.0465603 -0.0457602 -0.0453059 -0.0452207 -0.0454657 -0.0459862 -0.0467505 -0.0477481 -0.0489264 -0.0502498 -0.0516714 -0.053168 -0.0547509 -0.0563412 -0.0579284 -0.0594993 -0.0610365 -0.0625061 -0.0638737 -0.0651272 -0.0662552 -0.0672354 -0.0680059 -0.0685927 -0.0689721 -0.069109 -0.0689853 -0.0686189 -0.0679911 -0.0670935 -0.0659393 -0.0645253 -0.0628937 -0.0610287 -0.0589583 -0.0567252 -0.0543624 -0.0518507 -0.0492645 -0.0466331 -0.0439573 -0.0412748 -0.038638 -0.0360552 -0.0335277 -0.0311085 -0.0288126 -0.0266427 -0.0245998 -0.0227361 -0.0210117 -0.0194278 -0.0180064 -0.0167575 -0.0156152 -0.0146084 -0.0137347 -0.0129763 -0.0123049 -0.0117361 -0.0112435 -0.0108291 -0.0104784 -0.0101865 -0.00993954 -0.00974199 -0.00957976 -0.00944972 -0.00934405 -0.00926364 -0.00920076 -0.00915194 -0.00911412 -0.0090885 -0.0090674 -0.00905089 -0.00903811 -0.00902759 -0.00901259 -0.00899531 -0.0089715 -0.00894061 -0.00889257 -0.00883197 -0.00874728 -0.00863963 -0.0085026 -0.0083343 -0.00810656 -0.00784626 -0.00753976 -0.00715806 -0.0066866 -0.00616933 -0.00555392 -0.00482698 -0.00399201 -0.00305841 -0.00197769 -0.00077583 0.000557675 0.00202765 0.00365128 0.00539175 0.00725071 0.00923738 0.0113307 0.0134923 0.0157331 0.0180456 0.0203572 0.0226801 0.0250022 0.027279 0.0294656 0.0315816 0.033571 0.035413 0.0370799 0.0385633 0.0398465 0.0409017 0.041714 0.0422894 0.0426399 0.0427164 0.0425517 0.0421618 0.0415445 0.0406847 0.0396164 0.0383498 0.0368934 0.0352504 0.0334056 0.0314186 0.029261 0.0269152 0.024384 0.0216634 0.0187363 0.015566 0.0121101 0.00835556 0.00430268 -0.000116447 -0.0048947 -0.0100319 -0.0154794 -0.0211464 -0.0269724 -0.0327739 -0.0383506 -0.0434604 -0.0478537 -0.0513269 -0.0536663 -0.0547254 -0.0544425 -0.0528674 -0.0501511 -0.0465265 -0.0422828 -0.037764 -0.0333344 -0.0293105 -0.0259511 -0.0233862 -0.0216667 -0.0207678 -0.0205883 -0.0210251 -0.0219393 
0 0.00273496 0.00503894 0.00649892 0.0067597 0.00556003 0.00277411 -0.00157391 -0.00732593 -0.0142271 -0.0219325 -0.030041 -0.0381055 -0.0456725 -0.0523876 -0.0579632 -0.0622523 -0.0651913 -0.0667761 -0.0671692 -0.0665406 -0.0651637 -0.0632832 -0.0610864 -0.0588356 -0.0566679 -0.0547457 -0.0531307 -0.0518301 -0.0509033 -0.0503311 -0.0501006 -0.0501578 -0.0504745 -0.0510204 -0.0517905 -0.0527116 -0.0537563 -0.0549363 -0.0561942 -0.0575403 -0.0589063 -0.0603031 -0.0617187 -0.0631215 -0.0644695 -0.065764 -0.0669964 -0.068101 -0.0690898 -0.0699091 -0.0705734 -0.0710391 -0.071287 -0.0712932 -0.071078 -0.0705929 -0.0698248 -0.0688237 -0.0675542 -0.0660337 -0.0642753 -0.0623188 -0.0601418 -0.0578168 -0.0553428 -0.0527697 -0.0501127 -0.0474121 -0.0446788 -0.041962 -0.0392899 -0.0366742 -0.0341503 -0.0317318 -0.0294393 -0.027269 -0.0252736 -0.0234293 -0.0217436 -0.020192 -0.0188205 -0.0175936 -0.0165144 -0.0155386 -0.0147025 -0.0139734 -0.0133533 -0.0128009 -0.0123454 -0.0119535 -0.0116332 -0.011355 -0.0111376 -0.0109515 -0.01081 -0.0106894 -0.0106034 -0.010528 -0.0104782 -0.010433 -0.0104059 -0.0103753 -0.0103581 -0.0103321 -0.010311 -0.0102756 -0.0102419 -0.0101799 -0.0101103 -0.0100136 -0.00989969 -0.00973189 -0.00954043 -0.00929992 -0.00902001 -0.00865561 -0.00823382 -0.00773184 -0.00716714 -0.00647623 -0.00568031 -0.00476925 -0.00375919 -0.00259023 -0.00129032 0.000148623 0.00172034 0.00344207 0.0052765 0.00722935 0.00930558 0.011472 0.0137067 0.0159942 0.0183269 0.0206529 0.022986 0.025263 0.027484 0.0296037 0.0316067 0.0334415 0.0351376 0.0366293 0.0378952 0.0389513 0.0397712 0.0403319 0.0406368 0.0407179 0.0405337 0.0401224 0.0394603 0.0385927 0.0375171 0.0362379 0.0347653 0.0331446 0.0313767 0.0294331 0.0273747 0.0251732 0.0228609 0.0204018 0.0177842 0.0150213 0.0120862 0.00892412 0.00550336 0.00181625 -0.00218936 -0.0065066 -0.0112065 -0.0162393 -0.0215445 -0.0270822 -0.0327014 -0.0382853 -0.0435786 -0.0483336 -0.052326 -0.0553081 -0.0570989 -0.0575312 -0.056548 -0.0542111 -0.0506831 -0.0462016 -0.0410741 -0.0356518 -0.0303031 -0.0253772 -0.0211121 -0.017674 -0.0151187 -0.0134341 -0.012574 -0.0124141 -0.0128592 
0 0.00232207 0.00420303 0.00522249 0.00501118 0.00330338 -2.50716e-05 -0.00493798 -0.0112719 -0.0187498 -0.0270348 -0.0357081 -0.0443078 -0.0523876 -0.0595378 -0.0655025 -0.0700943 -0.0732466 -0.0749853 -0.0754086 -0.0747574 -0.0732569 -0.0711728 -0.0687351 -0.0661546 -0.0636474 -0.0613404 -0.059322 -0.0576218 -0.0562797 -0.0552939 -0.0546559 -0.0543153 -0.0542314 -0.0544124 -0.0547944 -0.0553619 -0.056074 -0.0569087 -0.0578786 -0.058939 -0.0600642 -0.0612673 -0.0625196 -0.063795 -0.065089 -0.0663538 -0.0676035 -0.0688081 -0.0699154 -0.0709348 -0.0718354 -0.0725723 -0.0731358 -0.0735046 -0.0736543 -0.0735768 -0.0732485 -0.0726589 -0.0718071 -0.0706881 -0.069304 -0.067673 -0.0658217 -0.0637506 -0.0614802 -0.0590613 -0.0565031 -0.0538341 -0.0511151 -0.0483604 -0.0455748 -0.042822 -0.0401207 -0.0374863 -0.034957 -0.0325558 -0.0302727 -0.0281311 -0.0261551 -0.0243564 -0.0227118 -0.0212098 -0.019872 -0.0186999 -0.0176576 -0.016733 -0.0159349 -0.0152465 -0.0146546 -0.0141461 -0.0137163 -0.0133547 -0.0130574 -0.0128077 -0.0126076 -0.0124444 -0.0123163 -0.0122135 -0.0121362 -0.0120714 -0.0120244 -0.0119815 -0.0119447 -0.0119064 -0.0118653 -0.0118097 -0.0117458 -0.0116602 -0.0115518 -0.01141 -0.0112328 -0.0110178 -0.0107586 -0.010427 -0.0100302 -0.00957729 -0.00903926 -0.00838891 -0.00763258 -0.00677691 -0.00580443 -0.00468806 -0.00342056 -0.0020291 -0.000497957 0.00118162 0.00298628 0.00491254 0.00697457 0.00911969 0.0113344 0.0136235 0.0159516 0.0182869 0.0206264 0.0229277 0.0251519 0.0272841 0.0293036 0.031174 0.0328651 0.0343692 0.0356563 0.0366987 0.0375052 0.0380623 0.0383633 0.0384193 0.0382147 0.037765 0.0370988 0.0361882 0.0350702 0.0337825 0.0323027 0.0306661 0.0288856 0.0269757 0.0249635 0.0228414 0.0206145 0.0183247 0.0159417 0.0134494 0.0108498 0.00811079 0.00523047 0.00214294 -0.00118343 -0.00476978 -0.00864316 -0.012844 -0.0173961 -0.0222675 -0.0274153 -0.0327345 -0.0381361 -0.0434307 -0.0483822 -0.0527492 -0.0562642 -0.0587279 -0.0599204 -0.0596959 -0.0580005 -0.0548908 -0.0505459 -0.0452105 -0.0391979 -0.0328671 -0.026605 -0.0207455 -0.0155627 -0.0112103 -0.00777081 -0.005273 -0.00366358 -0.00288529 -0.00281825 
0 0.00195698 0.00346374 0.00410169 0.00348342 0.00135167 -0.00242294 -0.00779918 -0.0145964 -0.0225494 -0.031297 -0.0404283 -0.0494743 -0.0579632 -0.0655025 -0.0717929 -0.07666 -0.0800308 -0.0819075 -0.082427 -0.0817815 -0.0802242 -0.0780229 -0.0753906 -0.0725908 -0.0698038 -0.0671934 -0.064863 -0.0628361 -0.0611784 -0.0598727 -0.0589137 -0.0582614 -0.0578756 -0.0577402 -0.0578243 -0.0580905 -0.058513 -0.0590827 -0.0597717 -0.0605825 -0.0614717 -0.0624564 -0.0635133 -0.0646353 -0.0658117 -0.0670122 -0.068245 -0.0694586 -0.0706497 -0.0717844 -0.0728439 -0.0737975 -0.0746379 -0.0753078 -0.0758099 -0.0761103 -0.0761724 -0.0760134 -0.0755889 -0.0749057 -0.0739577 -0.0727398 -0.0712398 -0.0695148 -0.0675396 -0.065363 -0.0630033 -0.0604906 -0.0578429 -0.0551036 -0.0523102 -0.0494986 -0.046681 -0.043893 -0.0411819 -0.0385332 -0.0360058 -0.0336231 -0.0313754 -0.0292548 -0.0273305 -0.0255671 -0.0239706 -0.0225249 -0.0212476 -0.0201085 -0.0191234 -0.0182474 -0.0174972 -0.0168443 -0.016296 -0.0158208 -0.0154301 -0.0150931 -0.0148282 -0.0146018 -0.0144237 -0.0142767 -0.0141678 -0.0140667 -0.0139966 -0.0139276 -0.0138673 -0.0137996 -0.0137357 -0.0136451 -0.0135476 -0.0134134 -0.0132579 -0.0130572 -0.0128189 -0.0125128 -0.0121607 -0.0117275 -0.0112281 -0.0106198 -0.00991159 -0.00909694 -0.00818194 -0.00709648 -0.00588431 -0.00454279 -0.00305677 -0.00141318 0.000349863 0.0022599 0.00428526 0.0064066 0.00861351 0.0108907 0.0132212 0.0155706 0.0179105 0.0202184 0.0224728 0.0246158 0.0266682 0.0285625 0.0302787 0.0317962 0.0331008 0.0341513 0.0349765 0.0355336 0.0358314 0.0358775 0.0356541 0.0351886 0.0344839 0.0335603 0.0324249 0.031105 0.0295968 0.0279482 0.0261494 0.0242404 0.0222298 0.020142 0.0179983 0.015781 0.0135251 0.0112158 0.00885669 0.00642537 0.00390683 0.00128034 -0.00147405 -0.00442238 -0.00759178 -0.011012 -0.0147317 -0.0187536 -0.0231318 -0.0278101 -0.0327379 -0.0378347 -0.0429521 -0.0479336 -0.0525165 -0.0564519 -0.0594942 -0.0614072 -0.0619999 -0.061118 -0.0587113 -0.0548526 -0.0497102 -0.0435461 -0.0366789 -0.0294715 -0.0223184 -0.0155556 -0.00945972 -0.00420142 0.000119729 0.003449 0.0058036 0.00722424 0.00780327 
0 0.00166385 0.00287162 0.00320024 0.00225932 -0.00020717 -0.00432621 -0.0100521 -0.017201 -0.0255044 -0.0345974 -0.0440677 -0.0534436 -0.0622523 -0.0700943 -0.07666 -0.0817654 -0.0853306 -0.0873597 -0.0879827 -0.0873857 -0.0858179 -0.0835492 -0.080807 -0.0778594 -0.0748922 -0.0720753 -0.069523 -0.0672706 -0.0653838 -0.0638424 -0.0626469 -0.0617666 -0.0611612 -0.0608104 -0.0606745 -0.0607249 -0.0609353 -0.0612881 -0.0617566 -0.0623497 -0.0630363 -0.0638309 -0.0647081 -0.065667 -0.0667109 -0.0678045 -0.0689595 -0.0701378 -0.0713443 -0.0725444 -0.0737101 -0.0748161 -0.0758565 -0.0767729 -0.0775583 -0.0781914 -0.0786313 -0.0788762 -0.0788701 -0.0786245 -0.0781216 -0.0773428 -0.0762785 -0.0749694 -0.0733739 -0.0715285 -0.069454 -0.0671766 -0.064721 -0.0621142 -0.0593949 -0.0565991 -0.053744 -0.0508711 -0.0480429 -0.0452353 -0.0425018 -0.0398774 -0.0373734 -0.0349915 -0.0327908 -0.0307332 -0.0288457 -0.0271331 -0.0256004 -0.0242131 -0.0229947 -0.0219148 -0.0209801 -0.020159 -0.0194574 -0.0188533 -0.0183455 -0.0179068 -0.0175535 -0.0172523 -0.0170048 -0.0168037 -0.0166449 -0.0164992 -0.0163883 -0.016285 -0.0161845 -0.0160802 -0.0159756 -0.0158391 -0.0156886 -0.0155011 -0.0152766 -0.0149963 -0.0146694 -0.0142687 -0.0137993 -0.013227 -0.0125741 -0.0118068 -0.0109163 -0.00988994 -0.00874547 -0.00743241 -0.00599133 -0.00440565 -0.00266502 -0.000782539 0.00119479 0.00330586 0.00550835 0.00777928 0.0101078 0.0124686 0.0148243 0.017153 0.0194262 0.0216206 0.0237032 0.0256164 0.0273785 0.0289319 0.0302564 0.0313466 0.0321987 0.0327669 0.0330829 0.0331217 0.0329057 0.0324388 0.0317192 0.0307834 0.0296347 0.0282863 0.0267601 0.0250915 0.0232816 0.0213756 0.0193669 0.0173037 0.0151846 0.0130255 0.0108509 0.00865068 0.00644959 0.00422773 0.00198265 -0.000305646 -0.0026588 -0.00511347 -0.00768857 -0.010447 -0.0134152 -0.0166299 -0.0201433 -0.0239544 -0.0281105 -0.0325593 -0.0372487 -0.0420887 -0.0469176 -0.0515645 -0.055767 -0.0592716 -0.0618296 -0.0632047 -0.0632076 -0.0616938 -0.058618 -0.0540569 -0.0481789 -0.0412488 -0.033591 -0.0255696 -0.0175798 -0.00995708 -0.00298455 0.00315156 0.00832819 0.0124613 0.015538 0.0175709 0.0186314 
0 0.00143066 0.00240709 0.00249693 0.00132446 -0.0013746 -0.00571958 -0.0116634 -0.0190374 -0.027556 -0.0368722 -0.0465621 -0.056152 -0.0651913 -0.0732466 -0.0800308 -0.0853306 -0.0890574 -0.091244 -0.0919699 -0.0914578 -0.0899207 -0.0876275 -0.0848469 -0.081805 -0.0787349 -0.0757848 -0.0730841 -0.0706971 -0.0686686 -0.0669876 -0.0656512 -0.0646373 -0.0638938 -0.0634184 -0.0631321 -0.0630422 -0.0631197 -0.0633188 -0.0636475 -0.0640769 -0.0646118 -0.0652499 -0.0659716 -0.0667723 -0.0676882 -0.0686693 -0.0697214 -0.0708445 -0.0720103 -0.0732238 -0.0744349 -0.075638 -0.0768184 -0.0779421 -0.0789578 -0.0798681 -0.080642 -0.0812392 -0.0816286 -0.08181 -0.0817613 -0.0814293 -0.0808381 -0.0799739 -0.0788218 -0.0773889 -0.0756989 -0.0737485 -0.0715804 -0.0691996 -0.0666476 -0.0639701 -0.0611764 -0.0583074 -0.0554203 -0.0525243 -0.0496472 -0.0468469 -0.0441225 -0.0415106 -0.0390382 -0.0367101 -0.0345333 -0.0325466 -0.0307268 -0.0290781 -0.0275987 -0.0262932 -0.0251368 -0.0241246 -0.0232401 -0.0224879 -0.0218344 -0.0212772 -0.020811 -0.0204206 -0.0200822 -0.0198128 -0.0195827 -0.0193805 -0.0192085 -0.0190577 -0.0188968 -0.0187433 -0.0185771 -0.0183826 -0.0181554 -0.0178986 -0.0175812 -0.0172062 -0.0167585 -0.0162366 -0.0156149 -0.0148864 -0.0140397 -0.013077 -0.0119642 -0.0107143 -0.00931482 -0.00776305 -0.00606928 -0.00424344 -0.00226291 -0.000179603 0.00199415 0.0042725 0.00660948 0.00896396 0.0113454 0.0137128 0.016016 0.0182495 0.0203681 0.0223481 0.0241508 0.0257525 0.0271334 0.0282836 0.0291573 0.0297728 0.0301233 0.0301998 0.030001 0.029547 0.0288612 0.0279251 0.0267675 0.0254274 0.0239137 0.0222256 0.0204275 0.018514 0.0165238 0.0144738 0.0123664 0.0102589 0.00814415 0.00602261 0.00392045 0.00184683 -0.000224839 -0.00227382 -0.00434288 -0.00643015 -0.00855526 -0.0107854 -0.0131243 -0.0156381 -0.0183571 -0.0213336 -0.0246027 -0.028192 -0.0321027 -0.0363073 -0.0407567 -0.0453171 -0.0498633 -0.0541657 -0.0579918 -0.0610856 -0.0631699 -0.0640416 -0.0634853 -0.0613856 -0.0577003 -0.0524976 -0.04596 -0.0383439 -0.0299831 -0.0212414 -0.0125068 -0.00411054 0.00365752 0.010601 0.0165709 0.0214535 0.025212 0.0278192 0.0293281 
0 0.00125884 0.00205653 0.00198498 0.000648421 -0.00218724 -0.0066488 -0.012702 -0.0201561 -0.0287727 -0.0381675 -0.0479424 -0.0576392 -0.0667761 -0.0749853 -0.0819075 -0.0873597 -0.091244 -0.093547 -0.0944159 -0.0939852 -0.0925099 -0.0902464 -0.087444 -0.0843863 -0.0812556 -0.0782356 -0.0754558 -0.0729927 -0.0708869 -0.0691416 -0.0677307 -0.066647 -0.0658643 -0.0653089 -0.0649758 -0.0648122 -0.0648121 -0.0649529 -0.0651834 -0.0655243 -0.0659693 -0.0665072 -0.0671152 -0.0678212 -0.0686118 -0.0694992 -0.070464 -0.0714902 -0.0726159 -0.0738005 -0.0750146 -0.0762609 -0.0775412 -0.0787831 -0.0799897 -0.0811253 -0.0821622 -0.0830803 -0.0838266 -0.084393 -0.0847673 -0.0849032 -0.0847603 -0.0843804 -0.0837133 -0.0827467 -0.0814936 -0.0799834 -0.0781827 -0.0761211 -0.0738546 -0.0714006 -0.068757 -0.0659935 -0.0631603 -0.0602375 -0.0572961 -0.0543962 -0.0515337 -0.0487092 -0.0460131 -0.0434476 -0.0410201 -0.0387356 -0.0366371 -0.0347113 -0.0329703 -0.031395 -0.0300019 -0.0287618 -0.0276818 -0.0267392 -0.0259256 -0.0252159 -0.0246248 -0.0241111 -0.0236727 -0.0233026 -0.0229906 -0.0227022 -0.0224583 -0.022228 -0.0219989 -0.0217634 -0.0215241 -0.0212411 -0.0209278 -0.0205619 -0.0201361 -0.0196297 -0.0190482 -0.018352 -0.0175495 -0.016624 -0.0155758 -0.0143591 -0.0129976 -0.0115012 -0.00986366 -0.0080395 -0.00609637 -0.00404689 -0.00187354 0.000407129 0.00273019 0.00511441 0.00753029 0.00991832 0.0122605 0.0145502 0.0167377 0.0187656 0.0206377 0.0223218 0.0237719 0.0249623 0.0259326 0.0266154 0.0270065 0.0271354 0.0270039 0.0265827 0.0259202 0.0250249 0.0239042 0.0225884 0.0210766 0.0194245 0.0176483 0.0157566 0.0137713 0.0117618 0.0097051 0.00762392 0.0055573 0.00351439 0.00150638 -0.000472435 -0.00240724 -0.00429747 -0.00613302 -0.00797093 -0.0097909 -0.0116111 -0.0134848 -0.0154302 -0.0175131 -0.0197566 -0.0222081 -0.0249285 -0.02796 -0.0313039 -0.0349791 -0.0389475 -0.043139 -0.0474605 -0.0516997 -0.0556841 -0.0591495 -0.0618291 -0.0634925 -0.0638659 -0.0628063 -0.0601777 -0.055948 -0.0502092 -0.0431046 -0.0349226 -0.0259759 -0.016629 -0.00726075 0.00180907 0.0102845 0.0179524 0.0246375 0.0302034 0.0345714 0.0376976 0.0395923 
