0 0 0 0 0 0 0 0 0 0 0 0 0 0 0 0 0 0 0 0 0 0 0 0 0 0 0 0 0 0 0 0 0 0 0 0 0 0 0 0 0 0 0 0 0 0 0 0 0 0 0 0 0 0 0 0 0 0 0 0 0 0 0 0 0 0 0 0 0 0 0 0 0 0 0 0 0 0 0 0 0 0 0 0 0 0 0 0 0 0 0 0 0 0 0 0 0 0 0 0 0 0 0 0 0 0 0 0 0 0 0 0 0 0 0 0 0 0 0 0 0 0 0 0 0 0 0 0 0 0 0 0 0 0 0 0 0 0 0 0 0 0 0 0 0 0 0 0 0 0 0 0 0 0 0 0 0 0 0 0 0 0 0 0 0 0 0 0 0 0 0 0 0 0 0 0 0 0 0 0 0 0 0 0 0 0 0 0 0 0 0 0 0 0 0 0 0 0 0 0 
0 0.000176481 0.000367035 0.000561986 0.000792767 0.00104596 0.00133541 0.00167006 0.00203721 0.00245228 0.00289701 0.00336594 0.00384074 0.00429538 0.00470222 0.00502828 0.00525082 0.00533682 0.00528841 0.00509026 0.00475464 0.0043108 0.0037714 0.00320201 0.00264226 0.00214665 0.00176947 0.00153 0.00144427 0.00151072 0.00171966 0.00204256 0.00247067 0.00295287 0.00344953 0.00395176 0.00441261 0.00484793 0.00525908 0.00561879 0.00594645 0.00624404 0.00650636 0.006759 0.00700069 0.00721004 0.00741267 0.00761252 0.00779712 0.00797715 0.00813865 0.00828586 0.00842962 0.0085749 0.00870864 0.00881665 0.0089196 0.00902643 0.00912197 0.00919895 0.00928272 0.00934876 0.00940349 0.00946312 0.00951661 0.00955576 0.00959241 0.00962613 0.00965037 0.00968016 0.00969711 0.00971282 0.00972366 0.00973626 0.0097415 0.00975158 0.00974685 0.00974805 0.00975334 0.00975012 0.00973772 0.00973983 0.00973845 0.00972416 0.0097179 0.00971643 0.0097072 0.00969467 0.009693 0.00968468 0.00967725 0.00966913 0.0096673 0.00965881 0.00965691 0.0096505 0.00965116 0.00964678 0.00964853 0.00964548 0.00965091 0.00965003 0.00965599 0.00965773 0.00966659 0.00967021 0.00968033 0.00968496 0.00969795 0.00970622 0.00971621 0.00972508 0.0097427 0.00974965 0.009759 0.00977583 0.00978975 0.00979262 0.00980696 0.00982478 0.00982719 0.00983385 0.00984796 0.00985522 0.00985321 0.00986233 0.00986227 0.00986228 0.00985721 0.00985487 0.00984445 0.00983428 0.00981192 0.00980075 0.00978221 0.00974389 0.00970648 0.0096806 0.0096387 0.00958237 0.00952845 0.00946117 0.00939589 0.00932746 0.00924545 0.00914474 0.00904605 0.00894954 0.0088439 0.00871893 0.00859119 0.00846787 0.0083274 0.00818899 0.00804662 0.00789384 0.00775661 0.00762367 0.00748065 0.00735794 0.0072621 0.00718562 0.0071548 0.00714682 0.00715544 0.00720182 0.00725155 0.00729208 0.00729146 0.00720567 0.00701123 0.00668941 0.00622552 0.00561089 0.00486831 0.00400766 0.00308212 0.00214555 0.00123774 0.000420943 -0.000283485 -0.000846718 -0.00125664 -0.00151282 -0.00162512 -0.00161162 -0.00149624 -0.00132083 -0.00109695 -0.000870824 -0.000650629 -0.000444954 -0.000283634 -0.000136378 -3.46169e-05 3.87273e-05 9.34206e-05 0.000102779 0.000107395 7.74809e-05 
0 0.000367035 0.000744402 0.00116068 0.00161839 0.00213203 0.00272232 0.00338264 0.00413023 0.00496027 0.00585431 0.00680242 0.00775792 0.0086713 0.00949061 0.0101459 0.010579 0.0107642 0.0106536 0.0102607 0.00961138 0.00870671 0.0076658 0.00652553 0.00540352 0.00443909 0.00365646 0.0031886 0.00301461 0.00313482 0.00355289 0.00419224 0.00502546 0.00596738 0.00696056 0.00792178 0.00885621 0.00972222 0.0105166 0.0112486 0.0118772 0.0124522 0.0129662 0.0134746 0.0139267 0.0143531 0.0147483 0.0150999 0.0154673 0.0158079 0.0161174 0.0163948 0.0166907 0.0169312 0.0171733 0.0173947 0.017587 0.0177829 0.0179627 0.0181122 0.0182271 0.0183716 0.0184938 0.0186041 0.0186565 0.0187406 0.0188299 0.018891 0.0189124 0.0189598 0.0190071 0.0190282 0.0190458 0.0190524 0.0190744 0.0190779 0.0190764 0.0190608 0.0190793 0.0190576 0.0190426 0.0190307 0.0190336 0.0189954 0.0189876 0.0189738 0.0189592 0.0189285 0.0189252 0.0189044 0.01889 0.0188715 0.0188658 0.0188489 0.0188426 0.0188309 0.0188291 0.0188226 0.0188227 0.0188196 0.018827 0.0188287 0.0188376 0.0188445 0.01886 0.0188703 0.0188893 0.0189015 0.0189274 0.0189451 0.0189679 0.0189861 0.0190242 0.0190376 0.019064 0.0190932 0.0191296 0.0191325 0.0191726 0.0191999 0.01922 0.0192255 0.0192697 0.0192767 0.0192886 0.0192943 0.0193163 0.0193154 0.0193146 0.0192944 0.0192956 0.0192945 0.0192513 0.0192066 0.0191814 0.0191548 0.019076 0.019005 0.0189226 0.0188621 0.0187482 0.0186285 0.018508 0.0183843 0.0182132 0.0180522 0.0178886 0.0176852 0.0174917 0.0172593 0.0170221 0.0167812 0.0165541 0.0162724 0.0159953 0.0157161 0.0154441 0.0151924 0.0149357 0.0147136 0.0145092 0.0143933 0.0143206 0.0143093 0.0143603 0.0144501 0.0145662 0.0146553 0.014655 0.0144705 0.0141018 0.0134474 0.0125232 0.0113232 0.00981469 0.00812178 0.00626757 0.00438495 0.00259082 0.000944759 -0.000452159 -0.00157127 -0.00238976 -0.00290088 -0.00312322 -0.00310638 -0.00288645 -0.0025332 -0.00211152 -0.00165091 -0.0012201 -0.000823682 -0.000481577 -0.000215806 5.83271e-07 0.000144365 0.000231993 0.000276529 0.000257525 0.000204685 
0 0.000561986 0.00116068 0.00178762 0.00250197 0.00329311 0.00419082 0.00521302 0.00634369 0.00760454 0.0089572 0.010379 0.011813 0.0131853 0.014412 0.0153974 0.0160684 0.0163428 0.0162058 0.0156313 0.0146511 0.0133369 0.0117574 0.0100721 0.00841521 0.00694852 0.00581173 0.00508559 0.00480837 0.00497702 0.00556588 0.00649597 0.00772219 0.00911302 0.010558 0.0120034 0.0133514 0.0146156 0.0157918 0.0168333 0.0177651 0.0186026 0.0193454 0.0200487 0.0207077 0.0212888 0.0218385 0.0223661 0.0228627 0.0233358 0.0237602 0.0241459 0.0245203 0.0248849 0.0252201 0.0254984 0.0257551 0.0260163 0.0262491 0.0264387 0.026628 0.0267873 0.0269204 0.0270539 0.0271651 0.0272527 0.027335 0.0274023 0.0274465 0.0275007 0.027533 0.0275549 0.0275666 0.0275779 0.0275799 0.0275844 0.027561 0.027546 0.0275436 0.0275188 0.0274779 0.0274644 0.0274463 0.0273999 0.0273711 0.0273522 0.0273186 0.0272785 0.0272605 0.0272316 0.0272039 0.0271769 0.0271622 0.027138 0.0271253 0.0271071 0.0271026 0.0270922 0.027092 0.0270868 0.0270979 0.0271002 0.0271144 0.0271252 0.0271492 0.0271661 0.0271949 0.0272173 0.0272552 0.0272863 0.0273207 0.0273561 0.0274081 0.0274403 0.0274783 0.0275324 0.0275808 0.0276067 0.0276582 0.0277153 0.0277425 0.0277759 0.0278287 0.0278637 0.0278815 0.0279177 0.0279416 0.0279594 0.0279677 0.0279766 0.027975 0.0279695 0.0279368 0.02792 0.027893 0.027827 0.027753 0.027697 0.0276107 0.0274971 0.0273745 0.0272249 0.0270763 0.0269182 0.0267206 0.0264867 0.0262525 0.0260139 0.0257519 0.0254448 0.0251261 0.0248111 0.0244649 0.0241074 0.0237389 0.0233522 0.0229965 0.0226524 0.0222967 0.0219904 0.0217533 0.0215887 0.0215353 0.0215553 0.0216345 0.0218012 0.02198 0.0221198 0.022125 0.0218756 0.0213049 0.0203466 0.018966 0.0171458 0.0149314 0.0123829 0.00963661 0.00685084 0.00416063 0.00172538 -0.000371706 -0.00205238 -0.00328169 -0.00405716 -0.00440583 -0.00438559 -0.00406705 -0.0035595 -0.00292249 -0.00226193 -0.00162209 -0.00103245 -0.000552107 -0.00013922 0.000158204 0.000366786 0.000504882 0.000537157 0.000528614 0.000429432 
0 0.000792767 0.00161839 0.00250197 0.00347898 0.00456815 0.00579769 0.00717843 0.00871773 0.0104168 0.0122416 0.0141561 0.0160829 0.0179217 0.0195657 0.0208869 0.0217776 0.0221621 0.0219803 0.0212335 0.0199607 0.0182205 0.0161663 0.0139423 0.0117533 0.00982378 0.00829065 0.00731344 0.00691889 0.00710517 0.00784661 0.00904072 0.0106024 0.0123852 0.0142588 0.0161041 0.0178666 0.0195058 0.0210071 0.0223574 0.0235374 0.0245884 0.0255274 0.026413 0.0272155 0.027946 0.0286165 0.0292305 0.0298307 0.0303904 0.030893 0.0313467 0.0317945 0.0321912 0.0325632 0.0328915 0.0331827 0.0334682 0.0337246 0.0339339 0.0341085 0.0342899 0.0344469 0.0345809 0.0346597 0.0347501 0.0348432 0.0349033 0.0349223 0.0349582 0.0349891 0.0349942 0.0349877 0.0349724 0.0349655 0.0349436 0.034906 0.0348628 0.0348455 0.0347934 0.0347387 0.034697 0.0346627 0.0345931 0.034548 0.0345054 0.0344572 0.0343982 0.034364 0.0343191 0.0342785 0.0342382 0.034211 0.0341782 0.0341556 0.0341315 0.0341198 0.0341077 0.0341029 0.0340992 0.0341093 0.0341167 0.0341329 0.034152 0.0341822 0.0342099 0.034248 0.0342849 0.0343358 0.0343823 0.0344343 0.0344881 0.0345593 0.0346111 0.0346743 0.0347475 0.0348221 0.0348703 0.0349515 0.0350278 0.0350877 0.0351416 0.0352278 0.0352838 0.0353339 0.0353868 0.0354483 0.0354892 0.0355224 0.0355436 0.0355775 0.035603 0.0355862 0.0355697 0.0355666 0.0355453 0.0354771 0.0354124 0.0353343 0.0352551 0.0351275 0.0349808 0.0348302 0.0346653 0.0344473 0.0342172 0.0339781 0.0337034 0.0334141 0.0330751 0.03272 0.0323607 0.0319928 0.0315725 0.0311414 0.0307056 0.0302878 0.0298936 0.0295045 0.0291686 0.0289014 0.0287587 0.0287254 0.0288003 0.0289754 0.0292287 0.0295078 0.0297187 0.0297353 0.0294103 0.0286711 0.0274019 0.0255797 0.0231917 0.0202509 0.0169009 0.0132719 0.00958191 0.00603929 0.0028062 3.57026e-05 -0.00218929 -0.00382434 -0.00485995 -0.00533574 -0.00533124 -0.00493716 -0.00428126 -0.00347353 -0.00260998 -0.0017811 -0.0010255 -0.000384963 0.000129762 0.000521514 0.000787584 0.000942117 0.000991943 0.000947886 0.000813244 
0 0.00104596 0.00213203 0.00329311 0.00456815 0.00598513 0.00757093 0.00934425 0.0113123 0.0134686 0.0157795 0.01819 0.0206093 0.0229163 0.0249746 0.0266346 0.0277626 0.0282599 0.0280594 0.0271559 0.0255934 0.0234607 0.0209265 0.0181863 0.015487 0.0130844 0.0111737 0.00991899 0.00937669 0.00954731 0.0103879 0.0117947 0.0136455 0.0157744 0.0180178 0.0202358 0.0223487 0.0243096 0.0260962 0.0276927 0.0290886 0.0303161 0.0314078 0.0324084 0.0333126 0.0341263 0.0348654 0.0355452 0.0361921 0.0367876 0.037319 0.0377971 0.0382521 0.0386671 0.0390424 0.0393671 0.039652 0.0399231 0.040163 0.0403592 0.0405206 0.0406719 0.0408002 0.0409034 0.0409684 0.041028 0.0410821 0.0411081 0.041107 0.041108 0.0411031 0.0410762 0.0410383 0.0409931 0.0409517 0.0408969 0.040829 0.0407596 0.0407039 0.0406265 0.0405447 0.0404745 0.0404071 0.0403203 0.0402463 0.0401795 0.0401078 0.0400332 0.0399732 0.0399132 0.0398547 0.0398015 0.0397573 0.0397161 0.0396809 0.039651 0.0396303 0.0396158 0.0396062 0.0396041 0.0396123 0.0396251 0.0396439 0.0396719 0.0397081 0.0397487 0.0397962 0.0398506 0.039914 0.0399798 0.0400498 0.040128 0.0402155 0.040296 0.0403844 0.0404842 0.0405823 0.0406689 0.0407755 0.0408828 0.0409769 0.0410703 0.0411829 0.0412787 0.0413669 0.0414577 0.0415537 0.0416343 0.0417074 0.0417727 0.0418428 0.0419004 0.041933 0.0419623 0.041994 0.0420032 0.0419829 0.0419599 0.0419244 0.0418724 0.041782 0.0416733 0.041557 0.0414215 0.0412375 0.0410295 0.0408075 0.0405604 0.0402848 0.0399638 0.0396192 0.0392637 0.0388911 0.0384761 0.0380432 0.0376084 0.0371916 0.0367954 0.0364188 0.0361021 0.0358807 0.0357986 0.0358516 0.0360326 0.0363276 0.0367067 0.0371032 0.0374009 0.0374458 0.037074 0.036168 0.0346143 0.0323661 0.0294127 0.0257959 0.021664 0.0172028 0.0126623 0.00829308 0.0043046 0.000873804 -0.00188918 -0.00392656 -0.00522972 -0.00584508 -0.00586537 -0.00541108 -0.00462823 -0.00365705 -0.00261802 -0.00161287 -0.000703172 7.03826e-05 0.000688283 0.00115078 0.0014631 0.0016347 0.00167723 0.00160228 0.00141607 
0 0.00133541 0.00272232 0.00419082 0.00579769 0.00757093 0.00953905 0.0117348 0.0141527 0.0167873 0.0196019 0.0225201 0.0254388 0.028219 0.0306903 0.0326864 0.0340557 0.034661 0.0344529 0.0334034 0.0315595 0.0290646 0.0260611 0.0228285 0.0196365 0.0167533 0.0144651 0.0129018 0.0121749 0.0122863 0.0131677 0.0147227 0.0167929 0.0191969 0.0217323 0.0242701 0.0266695 0.0288979 0.0309232 0.0327047 0.0342691 0.0356223 0.0368183 0.0378751 0.0388373 0.0396776 0.0404294 0.0411305 0.0417618 0.0423419 0.0428541 0.043316 0.0437199 0.0441134 0.0444463 0.0447233 0.0449691 0.0451898 0.0453763 0.0455196 0.0456497 0.045738 0.0458113 0.0458535 0.0458935 0.0458962 0.0458884 0.0458627 0.0458302 0.0457793 0.0457188 0.0456507 0.0455671 0.0454855 0.0453915 0.0452988 0.0451881 0.0450906 0.0449797 0.0448766 0.0447578 0.0446569 0.0445446 0.0444423 0.0443311 0.044238 0.0441366 0.0440468 0.0439553 0.0438791 0.0437995 0.0437328 0.043669 0.0436182 0.043569 0.0435329 0.0435023 0.0434838 0.0434702 0.0434691 0.0434751 0.043493 0.0435161 0.0435522 0.0435952 0.0436496 0.0437078 0.0437806 0.0438574 0.043945 0.0440344 0.0441404 0.0442441 0.0443594 0.0444741 0.0446057 0.0447275 0.0448634 0.0449949 0.0451413 0.0452724 0.0454189 0.0455564 0.0457054 0.0458364 0.0459805 0.0461136 0.0462489 0.0463694 0.0464981 0.0466141 0.0467159 0.0468146 0.0469108 0.0469943 0.0470466 0.0471026 0.0471431 0.0471758 0.0471668 0.0471545 0.0471126 0.0470603 0.046982 0.0468786 0.0467299 0.0465633 0.0463943 0.0461705 0.045916 0.0456325 0.0453386 0.0450024 0.0446568 0.0442771 0.0438946 0.0435394 0.043199 0.0428969 0.0426597 0.0425537 0.0425772 0.0427762 0.0431164 0.0435745 0.0441293 0.0446753 0.0450861 0.0451796 0.0447871 0.0437284 0.0419214 0.039278 0.0357864 0.0315487 0.0266732 0.0214339 0.0160968 0.0109383 0.00624035 0.00217758 -0.00110034 -0.00352322 -0.00508899 -0.0058486 -0.0059035 -0.00540647 -0.00452057 -0.00340157 -0.00221276 -0.00104718 3.78044e-06 0.000888949 0.00160708 0.00212359 0.00246947 0.00265231 0.00266842 0.00256121 0.00231047 
0 0.00167006 0.00338264 0.00521302 0.00717843 0.00934425 0.0117348 0.0143691 0.0172667 0.0203962 0.023727 0.027163 0.0305897 0.0338368 0.0367216 0.0390538 0.0406407 0.0413739 0.0411396 0.0399485 0.0378574 0.0349779 0.031559 0.0278367 0.024148 0.020814 0.0180957 0.016208 0.0152507 0.0152362 0.0160967 0.0177314 0.0199296 0.0225157 0.0252867 0.0280306 0.0306784 0.0331164 0.0353004 0.0372368 0.0389009 0.0403212 0.0415645 0.0426487 0.0435865 0.0444256 0.0451486 0.0457846 0.0463655 0.0468791 0.0473278 0.0477198 0.0480695 0.0483604 0.048604 0.0488183 0.0489942 0.0491249 0.0492336 0.0493123 0.0493383 0.0493644 0.0493822 0.0493562 0.0492979 0.0492437 0.0491813 0.0490977 0.0489938 0.0488772 0.0487698 0.0486463 0.0485103 0.0483696 0.0482343 0.0480828 0.0479399 0.0477899 0.0476376 0.0474876 0.0473463 0.047194 0.0470498 0.0469152 0.0467787 0.0466451 0.0465234 0.0464076 0.0462926 0.0461919 0.0460962 0.0460109 0.0459317 0.045867 0.0458062 0.0457626 0.0457229 0.0456992 0.0456824 0.0456825 0.0456857 0.0457085 0.0457368 0.0457804 0.0458304 0.0458982 0.0459691 0.0460576 0.0461513 0.0462576 0.0463716 0.0464993 0.0466278 0.0467705 0.0469223 0.0470758 0.0472355 0.0474092 0.0475828 0.0477549 0.0479426 0.0481282 0.0483136 0.0485031 0.048698 0.0488805 0.0490776 0.0492672 0.0494487 0.0496258 0.0498143 0.0499889 0.0501533 0.0503014 0.0504556 0.050615 0.0507399 0.0508383 0.0509495 0.0510546 0.0511155 0.05117 0.0512088 0.0512169 0.0512022 0.0511752 0.0511197 0.0510285 0.0509111 0.050765 0.0505905 0.0503916 0.0501834 0.0499302 0.0496537 0.0493974 0.0491424 0.0489236 0.0487696 0.0486874 0.0487293 0.0489535 0.0493324 0.0498823 0.0505862 0.0513406 0.0520868 0.0526421 0.0528086 0.0524058 0.051246 0.0492012 0.0462006 0.0422479 0.0374043 0.0318806 0.0259176 0.0198336 0.0139744 0.00859553 0.00395969 0.000204414 -0.00258562 -0.00439593 -0.00529651 -0.00539745 -0.00487299 -0.00389144 -0.00266022 -0.00132136 -1.6043e-05 0.00115324 0.00216199 0.00294014 0.00352152 0.00389138 0.0040557 0.00406826 0.00388928 0.00357978 
0 0.00203721 0.00413023 0.00634369 0.00871773 0.0113123 0.0141527 0.0172667 0.020664 0.0243098 0.0281662 0.0321206 0.0360368 0.0397457 0.0430216 0.0456686 0.0474897 0.0483168 0.0480838 0.0467542 0.0443916 0.0411778 0.0373034 0.0331137 0.0289451 0.0251183 0.0219891 0.0197223 0.0184758 0.0182717 0.019027 0.0206378 0.0228912 0.025584 0.0284781 0.0314032 0.0341906 0.0367615 0.0390645 0.0410647 0.0427897 0.0442433 0.0454872 0.0465154 0.047411 0.0481642 0.0488028 0.0493772 0.0498501 0.0502546 0.0505989 0.0508934 0.0511081 0.0513163 0.0514592 0.0515594 0.0516319 0.0516606 0.0516622 0.0516415 0.0516125 0.0515325 0.0514389 0.0513177 0.0512282 0.0510903 0.0509258 0.0507622 0.0506182 0.0504389 0.0502511 0.0500675 0.0498773 0.0496949 0.0494917 0.0492956 0.0491021 0.0489213 0.0487068 0.0485295 0.0483455 0.048164 0.0479717 0.0478211 0.0476463 0.0474893 0.0473357 0.0472059 0.0470616 0.0469457 0.0468286 0.0467323 0.0466356 0.0465609 0.0464878 0.0464396 0.0463911 0.0463626 0.046344 0.046345 0.0463459 0.0463729 0.0464071 0.0464571 0.0465129 0.046594 0.0466757 0.0467795 0.046886 0.0470143 0.0471451 0.0472986 0.0474436 0.0476207 0.0477954 0.0479823 0.0481656 0.0483888 0.0485859 0.0488019 0.0490261 0.0492698 0.0494807 0.0497297 0.049973 0.0502196 0.0504539 0.0507085 0.0509544 0.0512118 0.0514498 0.0516792 0.0519375 0.0521853 0.0524046 0.0526119 0.0528523 0.0530624 0.0532691 0.0534371 0.0536221 0.0537873 0.0539357 0.0540575 0.0541812 0.054261 0.0543164 0.0543798 0.0543888 0.0543887 0.0543593 0.0543041 0.0542107 0.0541332 0.054024 0.0539245 0.0538515 0.0538036 0.05384 0.0539699 0.0542636 0.0547154 0.055371 0.0561976 0.0571582 0.0581846 0.0591462 0.0598737 0.0601501 0.059782 0.0585316 0.0563049 0.0529909 0.0485952 0.0432602 0.0371305 0.0305459 0.023827 0.0173151 0.0113601 0.00619069 0.00199703 -0.00112024 -0.00316513 -0.00419427 -0.00433447 -0.00378238 -0.00272228 -0.00136826 9.24116e-05 0.00153267 0.00282622 0.00392195 0.00478645 0.00540405 0.00579245 0.00595774 0.00592154 0.00570149 0.00530864 
0 0.00245228 0.00496027 0.00760454 0.0104168 0.0134686 0.0167873 0.0203962 0.0243098 0.0284828 0.0328667 0.0373373 0.0417457 0.0458924 0.0495459 0.052487 0.054493 0.0554111 0.0551359 0.0536545 0.0510421 0.0474649 0.0431838 0.0385254 0.0338651 0.0295631 0.0259603 0.0232829 0.0216909 0.0212201 0.0217938 0.0233002 0.0254992 0.0281866 0.0311295 0.0341103 0.0369931 0.039644 0.0419962 0.0440334 0.0457592 0.0471889 0.0483831 0.0493484 0.0501395 0.0507987 0.0513272 0.0517623 0.0521 0.0523675 0.052582 0.0527467 0.0528468 0.0529019 0.0529077 0.0528964 0.0528625 0.0527725 0.0526649 0.0525434 0.0523969 0.0522315 0.0520611 0.0518603 0.0516641 0.0514529 0.0512253 0.0510011 0.0507784 0.0505337 0.0502914 0.0500542 0.0498111 0.0495738 0.0493252 0.0490796 0.0488519 0.0486243 0.0483737 0.0481557 0.047948 0.0477262 0.0475084 0.0473266 0.0471334 0.046945 0.0467747 0.0466216 0.0464641 0.0463266 0.0461987 0.046087 0.0459828 0.0458939 0.0458159 0.0457604 0.0457085 0.045673 0.0456564 0.0456558 0.045658 0.0456858 0.0457282 0.0457807 0.0458447 0.0459337 0.0460291 0.0461406 0.0462636 0.0464052 0.0465567 0.0467238 0.0468936 0.0470902 0.0472942 0.0474998 0.0477177 0.0479682 0.0482021 0.0484437 0.0487141 0.0489924 0.049248 0.0495346 0.0498323 0.0501213 0.0504124 0.0507211 0.0510244 0.0513347 0.0516435 0.051951 0.0522711 0.0525812 0.0528826 0.0531993 0.0535166 0.0538034 0.0541025 0.0543963 0.0546853 0.0549665 0.0552299 0.0554685 0.0557227 0.0559611 0.0561702 0.0563618 0.0565314 0.0566965 0.0568412 0.0569595 0.0570616 0.0571634 0.0572506 0.0573636 0.057495 0.0576825 0.0579769 0.0583829 0.0589518 0.0597101 0.060666 0.0618138 0.0631116 0.0644337 0.0656638 0.0665945 0.0670019 0.0666819 0.065396 0.0630169 0.0594495 0.0547108 0.0489261 0.0423094 0.0351802 0.0278991 0.0208507 0.0143759 0.00876494 0.00420498 0.000806676 -0.00142206 -0.00255594 -0.00272626 -0.00214115 -0.000999486 0.000463335 0.00205832 0.00362717 0.0050404 0.00624571 0.00717761 0.0078486 0.00825548 0.00840666 0.00834683 0.00806197 0.00759686 
0 0.00289701 0.00585431 0.0089572 0.0122416 0.0157795 0.0196019 0.023727 0.0281662 0.0328667 0.0377665 0.0427334 0.047599 0.0521485 0.0561402 0.0593376 0.0615054 0.0624856 0.0621575 0.0605116 0.0576337 0.0536932 0.0489909 0.0438622 0.0387071 0.0339142 0.02982 0.0266921 0.0246933 0.0238789 0.024185 0.0254855 0.0275459 0.0301437 0.0330493 0.0360231 0.0389205 0.0415827 0.043931 0.0459528 0.0476429 0.0490265 0.0501389 0.051003 0.0516632 0.0521869 0.0525819 0.0528727 0.0530653 0.0531789 0.0532468 0.0532641 0.0532316 0.0531464 0.0530277 0.0528953 0.0527408 0.0525356 0.0523169 0.0521008 0.0518626 0.0516093 0.0513393 0.0510636 0.0507959 0.0505203 0.050218 0.0499294 0.0496505 0.0493581 0.0490615 0.0487716 0.0484892 0.0482105 0.0479238 0.0476387 0.0473826 0.0471198 0.0468449 0.0465955 0.0463678 0.04612 0.0458855 0.0456793 0.0454746 0.0452671 0.0450849 0.0449159 0.0447521 0.0446005 0.044466 0.0443455 0.0442378 0.0441402 0.0440606 0.0440007 0.0439482 0.0439089 0.0438946 0.0438932 0.0438978 0.0439263 0.0439747 0.0440293 0.0440995 0.0441934 0.0442988 0.044415 0.0445494 0.0447005 0.0448659 0.0450414 0.0452301 0.0454398 0.0456626 0.0458833 0.0461273 0.0463947 0.0466559 0.04692 0.0472231 0.0475263 0.0478182 0.0481346 0.0484753 0.0488007 0.0491335 0.0494854 0.0498453 0.0502042 0.0505628 0.050931 0.0513191 0.0516996 0.0520649 0.0524566 0.0528566 0.0532418 0.0536246 0.0540165 0.0544071 0.0548042 0.0551836 0.0555511 0.0559347 0.0563127 0.0566681 0.0570084 0.0573509 0.057691 0.0580187 0.0583172 0.0586183 0.0589292 0.0592517 0.0596052 0.0599845 0.0604423 0.0610256 0.0617549 0.0626578 0.0637722 0.0650887 0.0666049 0.0682617 0.0699129 0.0714269 0.0725807 0.0731493 0.0729042 0.0716144 0.0691242 0.0653527 0.0603316 0.0541891 0.0471819 0.0396249 0.0319047 0.0244257 0.0175399 0.0115693 0.00671306 0.00309293 0.000722241 -0.000477938 -0.000650778 -8.66423e-06 0.00123092 0.00281994 0.0045618 0.00627281 0.007821 0.0091434 0.0101642 0.0108995 0.0113383 0.0114928 0.0114106 0.0110754 0.0105389 
0 0.00336594 0.00680242 0.010379 0.0141561 0.01819 0.0225201 0.027163 0.0321206 0.0373373 0.0427334 0.0481731 0.0534524 0.0583693 0.0626489 0.066045 0.0683406 0.0693198 0.0689152 0.0670816 0.0639103 0.0596289 0.0544894 0.048904 0.0432609 0.0379509 0.0333563 0.0297323 0.0272735 0.0260495 0.0260149 0.0270123 0.0288498 0.0312726 0.0340363 0.0369532 0.0397882 0.0424151 0.044735 0.0467009 0.0483315 0.0496485 0.0506664 0.0514045 0.0519491 0.0523187 0.052568 0.0527169 0.0527527 0.0527115 0.052634 0.0525206 0.0523385 0.0521333 0.0518967 0.0516468 0.0513805 0.0510877 0.0507702 0.0504562 0.0501584 0.0498295 0.0494795 0.0491355 0.0488295 0.0484956 0.0481398 0.047799 0.0474884 0.0471619 0.0468235 0.0464991 0.0461912 0.045889 0.0455709 0.0452699 0.044987 0.0447104 0.0444166 0.0441563 0.043906 0.043656 0.0434065 0.0431919 0.0429757 0.0427686 0.0425739 0.042403 0.0422342 0.0420816 0.0419413 0.041822 0.0417112 0.0416141 0.0415336 0.0414744 0.0414218 0.0413848 0.0413706 0.0413707 0.041378 0.0414084 0.0414582 0.0415169 0.0415895 0.0416869 0.0417959 0.0419172 0.0420547 0.0422141 0.0423828 0.0425661 0.0427619 0.0429833 0.0432089 0.0434463 0.0436999 0.043981 0.0442515 0.0445409 0.0448532 0.0451793 0.0454894 0.0458327 0.0461916 0.0465528 0.0469072 0.0472906 0.0476876 0.0480887 0.0484799 0.0488877 0.0493286 0.0497654 0.0501854 0.0506184 0.0510951 0.0515596 0.0520125 0.0524703 0.0529682 0.053457 0.0539314 0.0544162 0.0549247 0.0554249 0.0559131 0.0564135 0.0569055 0.0574187 0.057928 0.0584218 0.0589139 0.0594553 0.0600224 0.0606145 0.0612776 0.0620277 0.0629291 0.0640095 0.0652901 0.06677 0.0684882 0.0704037 0.0724257 0.0744473 0.0762496 0.0776409 0.0783856 0.078233 0.0769588 0.0744065 0.0704922 0.0652507 0.0588641 0.0515487 0.0436796 0.0356414 0.0278241 0.0206543 0.0144127 0.00935138 0.00559383 0.00313809 0.0019289 0.00179297 0.00252666 0.00388981 0.00563704 0.00754671 0.00943191 0.011152 0.0126089 0.0137627 0.0145803 0.0150766 0.0152702 0.015171 0.0148236 0.0142269 
0 0.00384074 0.00775792 0.011813 0.0160829 0.0206093 0.0254388 0.0305897 0.0360368 0.0417457 0.047599 0.0534524 0.0591138 0.0643223 0.0688411 0.0723905 0.0747292 0.0756988 0.0751523 0.0731047 0.0696541 0.0649828 0.0594502 0.0534 0.0472611 0.0414606 0.0363253 0.0321878 0.029229 0.0275378 0.0270845 0.0277268 0.0292497 0.0314115 0.0339985 0.0367489 0.0394982 0.042056 0.0443029 0.0462152 0.0477766 0.0490094 0.0499221 0.0505758 0.0509735 0.0512252 0.0513513 0.0513402 0.0512421 0.0510719 0.0508653 0.050619 0.0503579 0.0500199 0.049679 0.0493449 0.0490024 0.0486292 0.0482473 0.0478819 0.047498 0.0471259 0.0467455 0.0463852 0.0459973 0.0456358 0.0452706 0.0449197 0.0445604 0.0442158 0.0438703 0.0435344 0.0432137 0.0428886 0.0425744 0.0422623 0.041979 0.0416822 0.0414068 0.0411286 0.0408856 0.0406263 0.0403944 0.0401619 0.0399623 0.039749 0.0395673 0.0393874 0.039235 0.0390765 0.0389495 0.038826 0.0387266 0.0386277 0.0385584 0.0384944 0.0384521 0.0384152 0.0384067 0.0384033 0.0384208 0.0384474 0.038501 0.0385578 0.0386378 0.0387276 0.0388435 0.0389596 0.0391033 0.039255 0.039432 0.0396057 0.0398135 0.0400242 0.0402592 0.0404892 0.0407595 0.0410242 0.0413136 0.0415994 0.0419257 0.0422406 0.042581 0.0429196 0.0432935 0.0436576 0.0440426 0.044434 0.0448483 0.0452575 0.0456839 0.0461337 0.0465801 0.0470334 0.0475024 0.0480077 0.0484929 0.0489977 0.0495044 0.0500524 0.0505932 0.0511562 0.0517112 0.0522818 0.0528759 0.0534998 0.0541157 0.0547093 0.0553584 0.0560173 0.0566871 0.0573567 0.0580664 0.0587943 0.0595949 0.060452 0.0613714 0.0624413 0.063679 0.0651241 0.0667741 0.0686695 0.0707792 0.0731 0.0755289 0.0778846 0.0799974 0.0816224 0.0825338 0.0824789 0.0812502 0.0786557 0.0746497 0.0692858 0.0627011 0.0552159 0.047135 0.0388777 0.0308809 0.023504 0.0171203 0.0119519 0.0081222 0.00567227 0.0045007 0.00445522 0.00532891 0.00685923 0.00880412 0.0109311 0.0130312 0.0149641 0.0166189 0.0179337 0.0188953 0.0194943 0.019754 0.0197024 0.0193536 0.0187398 
0 0.00429538 0.0086713 0.0131853 0.0179217 0.0229163 0.028219 0.0338368 0.0397457 0.0458924 0.0521485 0.0583693 0.0643223 0.0697743 0.0744503 0.0780744 0.0804349 0.0813092 0.0806186 0.0783385 0.0745678 0.0695535 0.0635915 0.0570998 0.0504911 0.0441799 0.0385345 0.0338677 0.0303809 0.02818 0.0272644 0.0274625 0.0286261 0.0304855 0.03281 0.0354024 0.0380004 0.0404559 0.0426331 0.0444738 0.0459723 0.0471516 0.0479952 0.0485463 0.048865 0.0489939 0.049008 0.0489015 0.0487067 0.0484318 0.0481264 0.0477971 0.0474297 0.0470391 0.0466489 0.0462522 0.0458395 0.0454372 0.0450114 0.0446042 0.0442202 0.0438252 0.043405 0.0430159 0.0426495 0.0422812 0.0419016 0.0415262 0.0411831 0.0408463 0.0404979 0.0401561 0.0398446 0.0395272 0.0392184 0.0389195 0.0386334 0.0383513 0.0380876 0.037824 0.0375772 0.037343 0.0371179 0.0368997 0.0367038 0.0365141 0.0363353 0.0361731 0.0360253 0.0358851 0.0357629 0.0356543 0.0355567 0.035475 0.0354086 0.0353529 0.0353134 0.0352903 0.0352775 0.0352805 0.0353008 0.0353326 0.035378 0.0354422 0.0355184 0.0356075 0.0357152 0.035836 0.0359685 0.0361198 0.0362858 0.0364604 0.0366556 0.0368656 0.0370844 0.0373187 0.037575 0.0378351 0.0381115 0.0384056 0.0387127 0.0390259 0.0393614 0.0397027 0.0400637 0.0404346 0.0408133 0.0412027 0.0416266 0.0420438 0.0424638 0.04291 0.0433853 0.0438577 0.0443329 0.0448234 0.0453526 0.0459002 0.0464281 0.0469814 0.0475768 0.0481813 0.0487836 0.0494297 0.0500853 0.0507624 0.0514557 0.0521718 0.0529163 0.053698 0.0544974 0.0553117 0.056174 0.0571038 0.0581238 0.0592017 0.0604036 0.061758 0.0633158 0.0651208 0.0671651 0.0694474 0.071976 0.074697 0.0774742 0.0801824 0.0825575 0.0844024 0.0854814 0.0855182 0.0843284 0.0817249 0.0776648 0.0722122 0.0655559 0.0579637 0.0498013 0.0414666 0.0333692 0.0259423 0.0194955 0.0143106 0.0105118 0.00811702 0.00706672 0.00717059 0.00823625 0.00999294 0.0121925 0.0145883 0.0169656 0.0191763 0.0210806 0.0226387 0.0237973 0.0245638 0.0249636 0.0249942 0.0247174 0.0241229 
0 0.00470222 0.00949061 0.014412 0.0195657 0.0249746 0.0306903 0.0367216 0.0430216 0.0495459 0.0561402 0.0626489 0.0688411 0.0744503 0.0792214 0.0828638 0.0851596 0.0859102 0.0850156 0.0824793 0.0784046 0.0730367 0.0666992 0.0597939 0.0527411 0.0459567 0.0398045 0.0346095 0.0305904 0.0278649 0.0264453 0.0261866 0.0269333 0.0284375 0.0304792 0.0328465 0.0352927 0.0376522 0.0397675 0.0415687 0.0430377 0.0441739 0.0449759 0.0454934 0.0457601 0.0458388 0.0457932 0.0456107 0.0453476 0.0450203 0.0446586 0.0442816 0.0438848 0.0434545 0.043028 0.0426079 0.0421854 0.0417777 0.0413559 0.0409469 0.040548 0.0401558 0.0397696 0.0394053 0.0390248 0.0386603 0.038317 0.0379717 0.0376309 0.0373039 0.0369807 0.0366674 0.0363703 0.0360638 0.0357802 0.0355068 0.0352344 0.0349684 0.0347336 0.0344874 0.034256 0.0340434 0.0338428 0.0336383 0.0334618 0.0332911 0.0331322 0.0329843 0.0328531 0.032728 0.0326239 0.0325253 0.0324396 0.0323719 0.0323174 0.0322651 0.0322365 0.0322229 0.0322123 0.0322164 0.0322457 0.032277 0.0323187 0.032384 0.0324616 0.0325414 0.0326449 0.0327623 0.0328878 0.0330269 0.0331866 0.0333513 0.033536 0.0337314 0.0339397 0.0341621 0.0344061 0.0346468 0.0349138 0.0351964 0.0354851 0.0357803 0.0361117 0.036437 0.0367761 0.0371367 0.0375127 0.0378856 0.0382875 0.0386945 0.0391176 0.0395592 0.0400047 0.0404612 0.0409523 0.0414525 0.0419537 0.0424872 0.0430311 0.0436035 0.0441998 0.044811 0.045433 0.0461001 0.0467868 0.0475127 0.0482592 0.0490221 0.0498359 0.0506964 0.0515892 0.0525283 0.0535317 0.0546031 0.0557928 0.0570786 0.0585137 0.0601497 0.062017 0.0641496 0.0665473 0.0692007 0.0720997 0.0751855 0.078307 0.0813057 0.0839259 0.0859522 0.0871494 0.0872609 0.0861033 0.0835033 0.0794322 0.0739642 0.0672885 0.0596935 0.0515337 0.0432088 0.0351428 0.0277479 0.0213618 0.0162612 0.0125691 0.0103252 0.00945018 0.00977118 0.0110904 0.0131278 0.0156471 0.0183799 0.0211065 0.0236678 0.0259059 0.0277768 0.0292162 0.0302277 0.0308354 0.031035 0.0308884 0.0303851 
0 0.00502828 0.0101459 0.0153974 0.0208869 0.0266346 0.0326864 0.0390538 0.0456686 0.052487 0.0593376 0.066045 0.0723905 0.0780744 0.0828638 0.0864631 0.0886393 0.0892364 0.0881191 0.0853225 0.0809568 0.0752499 0.068567 0.0612802 0.0538242 0.0466118 0.0399966 0.0343115 0.02978 0.0265367 0.0245966 0.0238656 0.0241763 0.0253145 0.0270731 0.0292086 0.0315064 0.0337686 0.0358364 0.0376268 0.0391084 0.0402578 0.0410752 0.0416139 0.0418771 0.0419565 0.0418978 0.0417058 0.0414392 0.041114 0.0407445 0.0403526 0.0399628 0.0395439 0.0391396 0.038733 0.038328 0.0379347 0.0375439 0.0371686 0.0367947 0.0364298 0.036074 0.0357433 0.0353869 0.0350589 0.0347469 0.0344333 0.0341154 0.0338216 0.0335316 0.0332507 0.0329773 0.0326984 0.0324506 0.0322076 0.0319598 0.0317199 0.0315211 0.0313003 0.0310951 0.0309075 0.0307393 0.0305566 0.0304054 0.0302565 0.0301256 0.0299957 0.0298854 0.0297786 0.0296974 0.0296105 0.0295407 0.0294884 0.0294484 0.029401 0.0293853 0.0293808 0.0293745 0.0293799 0.029418 0.0294483 0.0294875 0.0295515 0.02963 0.0296994 0.0297972 0.0299085 0.0300257 0.0301485 0.0303001 0.0304511 0.0306214 0.0307966 0.030993 0.031196 0.0314217 0.0316383 0.031891 0.0321513 0.0324175 0.032687 0.0330037 0.0333052 0.0336186 0.0339555 0.034315 0.034665 0.0350415 0.0354277 0.0358298 0.0362526 0.0366746 0.0371136 0.0375823 0.0380655 0.0385416 0.0390639 0.0395955 0.0401507 0.040721 0.0413249 0.0419514 0.042614 0.0432948 0.0440178 0.0447812 0.0455656 0.0464186 0.0473122 0.0482522 0.0492595 0.0503556 0.0515347 0.0528575 0.0543189 0.055946 0.0578193 0.0599495 0.0623752 0.0650941 0.0680916 0.0713226 0.0747174 0.0781233 0.0813402 0.084149 0.0863031 0.0875744 0.0877271 0.0865734 0.0839681 0.0798941 0.0744471 0.0678082 0.0602938 0.0522324 0.0440212 0.036096 0.0288287 0.0225989 0.0176617 0.0141506 0.0121283 0.0114899 0.0120945 0.0137293 0.0161146 0.0190178 0.0221567 0.0253085 0.0282976 0.030961 0.0332333 0.0350501 0.0364016 0.0373033 0.0377606 0.0378149 0.0374736 
0 0.00525082 0.010579 0.0160684 0.0217776 0.0277626 0.0340557 0.0406407 0.0474897 0.054493 0.0615054 0.0683406 0.0747292 0.0804349 0.0851596 0.0886393 0.0906715 0.0910434 0.089706 0.0866504 0.0819985 0.0760285 0.0690358 0.0614443 0.0536601 0.0460726 0.0390613 0.0329374 0.0279345 0.0241979 0.0217772 0.0205626 0.0204523 0.0212352 0.0226838 0.0246228 0.026775 0.0289686 0.0310397 0.0328728 0.03441 0.0356352 0.0365406 0.0371345 0.0374956 0.0376308 0.0376107 0.03747 0.0372497 0.0369613 0.0366321 0.0362931 0.0359173 0.0355611 0.0352075 0.0348461 0.0344742 0.0341439 0.0338074 0.0334675 0.0331516 0.0328368 0.0325314 0.0322252 0.0319379 0.0316475 0.0313788 0.0310935 0.0308317 0.030571 0.0303218 0.0300761 0.0298387 0.0295994 0.0293841 0.0291813 0.0289588 0.028762 0.0285856 0.0284098 0.0282221 0.0280756 0.0279254 0.0277856 0.0276453 0.0275347 0.0274186 0.0273235 0.0272206 0.0271475 0.0270758 0.0270149 0.0269505 0.0269242 0.0268875 0.0268585 0.0268448 0.0268577 0.0268483 0.0268655 0.0269003 0.0269397 0.0269689 0.0270396 0.0271077 0.0271787 0.0272598 0.0273738 0.0274717 0.0275903 0.0277194 0.0278694 0.0280102 0.0281785 0.0283475 0.028544 0.0287326 0.0289418 0.0291611 0.0294092 0.0296369 0.0298953 0.0301747 0.0304598 0.030737 0.0310554 0.031381 0.031705 0.0320513 0.0324153 0.0327874 0.0331664 0.0335731 0.0339853 0.0344227 0.0348526 0.0353219 0.0358074 0.0363097 0.036819 0.0373732 0.0379368 0.0385334 0.0391775 0.0398309 0.0405207 0.0412644 0.0420662 0.0428901 0.0437916 0.044752 0.0457949 0.0469322 0.0481964 0.0496038 0.0511771 0.052989 0.0550395 0.0573934 0.0600661 0.0630539 0.0663178 0.0698288 0.0734643 0.0770594 0.0804522 0.0833521 0.0855656 0.0868527 0.0869804 0.0857967 0.0831769 0.0791114 0.0737035 0.0671707 0.0597705 0.0518807 0.0438711 0.0361362 0.0291128 0.0231026 0.0184048 0.0151654 0.0134035 0.0130813 0.0140174 0.0160169 0.0188237 0.022165 0.0257878 0.0294441 0.0329403 0.0361169 0.0388785 0.0411591 0.0429408 0.0442284 0.0450272 0.0453745 0.0452741 
0 0.00533682 0.0107642 0.0163428 0.0221621 0.0282599 0.034661 0.0413739 0.0483168 0.0554111 0.0624856 0.0693198 0.0756988 0.0813092 0.0859102 0.0892364 0.0910434 0.0912171 0.0896271 0.0863281 0.0814596 0.0752396 0.0680403 0.0602165 0.0521811 0.0443227 0.0369978 0.0305095 0.0251103 0.0209521 0.018062 0.01644 0.0159175 0.0163552 0.0175589 0.019279 0.0213334 0.0234947 0.0256047 0.0275262 0.0291988 0.0305469 0.0315834 0.0323428 0.0328218 0.0330963 0.0331858 0.0331426 0.0329986 0.0328143 0.0325678 0.032286 0.0320112 0.031724 0.0314341 0.0311354 0.0308547 0.0305685 0.0303122 0.0300476 0.02977 0.0294974 0.029269 0.0290423 0.0287755 0.0285235 0.0283071 0.0281018 0.0278612 0.0276368 0.0274308 0.0272461 0.0270363 0.0268374 0.0266599 0.026498 0.0263152 0.0261505 0.0260097 0.0258669 0.0257199 0.0255936 0.025483 0.0253671 0.0252614 0.0251666 0.0250884 0.025006 0.0249345 0.0248731 0.0248307 0.0247764 0.0247396 0.0247168 0.0247023 0.0246761 0.0246815 0.0246908 0.024699 0.0247118 0.0247571 0.0247887 0.0248289 0.0248862 0.0249601 0.0250176 0.0251009 0.0251957 0.0252951 0.0253911 0.0255168 0.0256437 0.0257778 0.0259166 0.02608 0.026246 0.0264192 0.0265995 0.0268061 0.0270165 0.0272253 0.0274548 0.0277101 0.0279613 0.0282102 0.0284973 0.0287973 0.0290943 0.0293899 0.0297285 0.0300796 0.0304342 0.0307729 0.0311592 0.0315755 0.0319909 0.0323855 0.0328282 0.0333134 0.0337979 0.0342852 0.0348099 0.0353823 0.0359603 0.0365816 0.0372396 0.0379488 0.038693 0.0395083 0.0403705 0.0413157 0.0423736 0.0435304 0.044816 0.046271 0.0479526 0.049863 0.0520843 0.0546122 0.057471 0.0606684 0.0641562 0.0678572 0.0716518 0.0753896 0.0788191 0.0817601 0.0839424 0.0851485 0.0852095 0.0839355 0.0812681 0.0772036 0.0718568 0.0654253 0.0582121 0.0505327 0.0427698 0.0353371 0.0285771 0.0228844 0.0184846 0.0155409 0.0141265 0.0141343 0.0154624 0.017881 0.0211407 0.0249942 0.0291489 0.0333775 0.037458 0.041223 0.0445612 0.0473944 0.0496943 0.0514516 0.0526778 0.0533878 0.0535998 
0 0.00528841 0.0106536 0.0162058 0.0219803 0.0280594 0.0344529 0.0411396 0.0480838 0.0551359 0.0621575 0.0689152 0.0751523 0.0806186 0.0850156 0.0881191 0.089706 0.0896271 0.0878253 0.0843218 0.0792707 0.0729083 0.0655659 0.0576116 0.0494342 0.041407 0.033874 0.0271403 0.021436 0.0169219 0.0136617 0.011642 0.0107684 0.010912 0.0118744 0.0134483 0.0154274 0.0175844 0.0197731 0.0218395 0.0236737 0.0252273 0.0264775 0.0274245 0.0281141 0.0285629 0.0287984 0.0289074 0.0289124 0.0288477 0.0287201 0.0285457 0.0283464 0.0281618 0.0279778 0.0277715 0.027554 0.0273465 0.027162 0.0269584 0.0267584 0.0265646 0.0263776 0.0261766 0.0259916 0.0258074 0.0256286 0.0254488 0.0252678 0.0250956 0.0249363 0.0247804 0.0246129 0.0244634 0.024323 0.0241938 0.0240507 0.0239265 0.023811 0.0237089 0.0235921 0.0234977 0.0234108 0.0233324 0.0232454 0.0231818 0.0231223 0.0230677 0.023012 0.0229772 0.0229439 0.0229135 0.0228889 0.0228817 0.0228725 0.0228673 0.0228746 0.0228921 0.0229057 0.02293 0.0229674 0.0230067 0.0230465 0.0231035 0.0231664 0.0232296 0.0233008 0.0233896 0.0234769 0.0235697 0.0236746 0.0237949 0.0239091 0.0240367 0.0241774 0.0243309 0.0244752 0.0246431 0.0248219 0.0250098 0.0251909 0.025403 0.0256202 0.0258477 0.0260729 0.0263276 0.0265879 0.02686 0.0271328 0.0274337 0.0277413 0.0280552 0.0283864 0.0287401 0.0290945 0.029457 0.0298529 0.0302605 0.0306858 0.0311175 0.0315725 0.0320531 0.032582 0.0331211 0.0336799 0.0342732 0.034936 0.0356567 0.0364113 0.0372296 0.0381448 0.0391696 0.0403159 0.0416268 0.0431097 0.0448433 0.0468606 0.0491775 0.0518363 0.0548548 0.0582075 0.0618514 0.0656861 0.0695552 0.0733111 0.0767273 0.079586 0.0816588 0.0827292 0.0826268 0.0812221 0.0784635 0.0743731 0.0690789 0.0627827 0.0557632 0.0483431 0.0408862 0.0337652 0.0273551 0.0219941 0.0179306 0.0153446 0.014269 0.0146688 0.0164057 0.0192665 0.0230353 0.0274159 0.0321609 0.0370087 0.0417227 0.0461474 0.0501201 0.0535782 0.0564663 0.0587602 0.0604825 0.0616174 0.0622009 
0 0.00509026 0.0102607 0.0156313 0.0212335 0.0271559 0.0334034 0.0399485 0.0467542 0.0536545 0.0605116 0.0670816 0.0731047 0.0783385 0.0824793 0.0853225 0.0866504 0.0863281 0.0843218 0.0806521 0.0754906 0.0690657 0.0616956 0.0537346 0.0455383 0.037469 0.0298493 0.0229715 0.0170674 0.0122947 0.00873618 0.00640534 0.00523273 0.00511767 0.00588093 0.00732346 0.00925523 0.0114539 0.0137656 0.0160212 0.0180808 0.0198762 0.0213746 0.022575 0.023516 0.024198 0.0246446 0.0249363 0.0250973 0.0251823 0.0251952 0.0251458 0.0250696 0.0249932 0.0248941 0.0247764 0.0246501 0.0245229 0.0244199 0.0242889 0.0241419 0.0240013 0.0238833 0.0237518 0.0236156 0.0234636 0.0233332 0.0232179 0.0230817 0.0229413 0.0228226 0.0227115 0.0225848 0.0224749 0.0223639 0.0222678 0.022166 0.0220747 0.021982 0.0219131 0.0218289 0.0217587 0.0216963 0.0216446 0.0215812 0.0215404 0.0215003 0.021464 0.0214305 0.0214122 0.0213898 0.0213768 0.02137 0.0213678 0.0213683 0.0213795 0.0213923 0.0214096 0.0214355 0.0214663 0.0214988 0.0215406 0.0215885 0.0216385 0.0216957 0.0217621 0.0218291 0.0219047 0.0219886 0.0220765 0.0221674 0.0222756 0.0223814 0.0224946 0.0226195 0.0227575 0.0228848 0.0230368 0.0231957 0.0233596 0.0235222 0.0237169 0.0239043 0.0241056 0.0243111 0.0245401 0.02477 0.0250153 0.0252542 0.0255281 0.0258147 0.0260914 0.0263756 0.026702 0.0270365 0.0273628 0.0277075 0.0280699 0.0284681 0.0288681 0.0292736 0.0297045 0.0301851 0.0306689 0.0311851 0.0317375 0.0323405 0.0329996 0.0337003 0.0344678 0.0353492 0.0363527 0.0374773 0.0387773 0.040273 0.0420503 0.0441434 0.0465554 0.0493184 0.0524425 0.0558977 0.0596314 0.0635195 0.0673946 0.0710998 0.0744054 0.0771045 0.0789758 0.0798191 0.0794975 0.0779097 0.0750316 0.0709081 0.0656625 0.0594994 0.0526885 0.0455363 0.0384021 0.0316314 0.0255878 0.0205937 0.0168898 0.0146663 0.0139536 0.0147372 0.0168898 0.0202048 0.0244806 0.0294161 0.0347651 0.0402565 0.0456391 0.050746 0.0553953 0.0595121 0.0630276 0.0659066 0.0681642 0.0697762 0.0707733 
