0 0 0 0 0 0 0 0 0 0 0 0 0 0 0 0 0 0 0 0 0 0 0 0 0 0 0 0 0 0 0 0 0 0 0 0 0 0 0 0 0 0 0 0 0 0 0 0 0 0 0 0 0 0 0 0 0 0 0 0 0 0 0 0 0 0 0 0 0 0 0 0 0 0 0 0 0 0 0 0 0 0 0 0 0 0 0 0 0 0 0 0 0 0 0 0 0 0 0 0 0 0 0 0 0 0 0 0 0 0 0 0 0 0 0 0 0 0 0 0 0 0 0 0 0 0 0 0 0 0 0 0 0 0 0 0 0 0 0 0 0 0 0 0 0 0 0 0 0 0 0 0 0 0 0 0 0 0 0 0 0 0 0 0 0 0 0 0 0 0 0 0 0 0 0 0 0 0 0 0 0 0 0 0 0 0 0 0 0 0 0 0 0 0 0 0 0 0 0 0 
0 -3.86984e-06 5.7012e-06 -8.29219e-06 2.24976e-06 1.55979e-06 -3.59059e-06 1.06276e-05 -1.74404e-07 7.48969e-06 1.02694e-05 4.64822e-06 2.02352e-05 2.20243e-05 4.05871e-05 6.71791e-05 9.7707e-05 0.000151058 0.000215088 0.000306687 0.000421538 0.000573772 0.000760412 0.000984416 0.00126005 0.00156346 0.00191315 0.00229127 0.00267148 0.0030506 0.00338293 0.00363175 0.00377771 0.00378615 0.00362947 0.00332585 0.00286242 0.00224317 0.00152624 0.000723611 -0.000107668 -0.000882668 -0.00157244 -0.0021324 -0.00253081 -0.00277436 -0.00287128 -0.00282059 -0.00264699 -0.00239627 -0.00210465 -0.00180758 -0.00151696 -0.00126014 -0.00102336 -0.000810447 -0.000658389 -0.000548907 -0.000445051 -0.000346387 -0.000282553 -0.000230077 -0.000192026 -0.000145527 -9.86957e-05 -6.53124e-05 -4.39064e-05 -1.25501e-05 2.24059e-05 4.65512e-05 7.43895e-05 9.1221e-05 0.000116502 0.00014319 0.00016969 0.00017583 0.000202094 0.000226603 0.000244778 0.000253526 0.000277567 0.000294311 0.00031051 0.000323442 0.000337648 0.000352551 0.000369568 0.000378998 0.00038589 0.000404811 0.000416907 0.000420184 0.00042734 0.000447772 0.000449921 0.00045148 0.000462101 0.000477421 0.000470761 0.000475848 0.000487228 0.000493015 0.000483149 0.000493258 0.000500173 0.000496906 0.000489984 0.000501684 0.000500695 0.000493401 0.000491904 0.000498755 0.000492307 0.00048653 0.000486573 0.000485348 0.000481524 0.000476393 0.000472204 0.000468487 0.000471924 0.000460389 0.000454534 0.000455786 0.000460495 0.000443541 0.000444372 0.000446629 0.000448836 0.000440957 0.000444764 0.000442628 0.000452477 0.000460231 0.000460197 0.000466063 0.000485176 0.000507157 0.000526428 0.000554312 0.000582237 0.000647649 0.000732446 0.000818968 0.000925108 0.00109409 0.00130338 0.00153623 0.00179419 0.00206562 0.002343 0.00258811 0.00277533 0.00285906 0.00279858 0.00258882 0.00223708 0.00172526 0.00107491 0.000336852 -0.000474615 -0.00128319 -0.00201793 -0.00266263 -0.00316599 -0.00350885 -0.00370491 -0.00374669 -0.00364264 -0.00343046 -0.00313049 -0.00276794 -0.00239571 -0.00202156 -0.0016709 -0.00136277 -0.00108775 -0.000858439 -0.00066488 -0.000511488 -0.000385782 -0.000291925 -0.000226323 -0.000168223 -0.000142236 -0.000112815 -9.38439e-05 -9.09016e-05 -7.02302e-05 -7.45099e-05 -6.84884e-05 -6.17289e-05 -7.31935e-05 -6.21411e-05 -7.04649e-05 -7.13235e-05 -6.36448e-05 -7.39149e-05 -6.35888e-05 -6.76264e-05 
0 5.7012e-06 -2.50645e-06 7.85715e-06 5.56408e-06 -1.56047e-06 8.49066e-06 -3.53525e-06 1.57926e-06 1.06372e-05 3.60749e-06 2.8408e-05 3.46012e-05 5.28272e-05 9.56479e-05 0.000126249 0.000203949 0.000300341 0.000428676 0.0006187 0.00085094 0.00114844 0.00152224 0.00197472 0.00250058 0.00313535 0.00382727 0.00457634 0.0053697 0.00609246 0.00675943 0.00725488 0.00752658 0.00754819 0.00724885 0.00664362 0.00570258 0.00449554 0.00303664 0.00144041 -0.000180532 -0.00173571 -0.00310097 -0.00421607 -0.00501402 -0.00553236 -0.00569483 -0.00558685 -0.0052664 -0.00476408 -0.0041928 -0.00360739 -0.00303957 -0.00247792 -0.0020239 -0.00163138 -0.00132547 -0.00106328 -0.000850971 -0.000689661 -0.000550804 -0.00043636 -0.000337757 -0.000268689 -0.000163987 -0.000101135 -3.97253e-05 1.30701e-05 8.78408e-05 0.000137676 0.000195238 0.000234506 0.000280361 0.000342288 0.00038536 0.000413856 0.000452708 0.000514882 0.000538055 0.000572707 0.000604962 0.000652874 0.000672504 0.00071154 0.000728451 0.000769249 0.000792845 0.000821194 0.000828751 0.000871677 0.000889804 0.000903022 0.000913977 0.000955329 0.000958491 0.000965329 0.000983987 0.00101362 0.00100244 0.00101342 0.00103362 0.00104538 0.00102812 0.00104734 0.00105856 0.00105484 0.0010407 0.00106382 0.00105867 0.00104969 0.00104166 0.00105903 0.0010405 0.00103713 0.00102762 0.00103462 0.00101608 0.00101737 0.000996539 0.00100239 0.000992906 0.000985449 0.000959672 0.000974711 0.000967629 0.00094902 0.000937142 0.000950118 0.000944954 0.000933697 0.000935093 0.000932876 0.00095381 0.0009562 0.0009602 0.000966479 0.00102242 0.00103956 0.0010756 0.00112801 0.00122292 0.00132701 0.00146637 0.00165035 0.00190379 0.00223595 0.00261006 0.00309431 0.00361316 0.00416082 0.00470063 0.00520971 0.00554842 0.00569503 0.00559932 0.00517766 0.00446599 0.00343648 0.00215069 0.000639452 -0.000953855 -0.00254867 -0.00403184 -0.00530081 -0.00631088 -0.00700531 -0.00740352 -0.00745931 -0.00726879 -0.00683679 -0.00622064 -0.00553713 -0.00477646 -0.0040409 -0.00335198 -0.00272111 -0.00217508 -0.00171836 -0.00133413 -0.00102173 -0.000791677 -0.000587553 -0.000453373 -0.000350382 -0.000260463 -0.000227045 -0.000180391 -0.000163284 -0.000160598 -0.000140649 -0.000149522 -0.000140969 -0.000134844 -0.000140376 -0.000128779 -0.000132365 -0.000133542 -0.000127974 -0.000136131 -0.000134126 
0 -8.29219e-06 7.85715e-06 -1.06872e-05 4.24307e-06 3.71437e-06 -1.89236e-06 1.88679e-05 5.06822e-06 1.91542e-05 2.52292e-05 2.49251e-05 5.67681e-05 7.5165e-05 0.000129208 0.000203409 0.000304212 0.000458831 0.000656382 0.000932367 0.00128145 0.00173585 0.00229647 0.00297159 0.00378592 0.00470508 0.00574565 0.00686812 0.00801013 0.00912278 0.0101034 0.0108419 0.011264 0.0112851 0.0108311 0.00992431 0.00854497 0.00672498 0.00458917 0.00221861 -0.000221108 -0.00252418 -0.00456719 -0.00623054 -0.00743092 -0.00817235 -0.00846185 -0.00832356 -0.0078331 -0.0071015 -0.00624705 -0.0053647 -0.00450178 -0.00371436 -0.0030051 -0.00238305 -0.00191099 -0.00155102 -0.00123122 -0.00094803 -0.000739815 -0.00057251 -0.000440025 -0.000302134 -0.000160979 -5.4122e-05 2.69358e-05 0.000122591 0.000226503 0.000309755 0.000393562 0.000456752 0.000533518 0.000618037 0.000693373 0.000733287 0.000806231 0.000882418 0.000938352 0.000979794 0.00104472 0.00110147 0.00115127 0.0011963 0.00123979 0.00128845 0.00133749 0.001371 0.00139839 0.00145035 0.00148708 0.00150422 0.00153015 0.00158065 0.00159486 0.00160486 0.00163519 0.00167145 0.00166515 0.00167891 0.00170785 0.00172152 0.00170569 0.00172668 0.00174353 0.0017361 0.0017229 0.00174491 0.00174265 0.00172474 0.00171915 0.00173018 0.00171351 0.00169693 0.00169152 0.00168596 0.00167093 0.00165505 0.00163888 0.00162826 0.00162496 0.001597 0.00157564 0.00157515 0.00157422 0.00153634 0.00152754 0.00153044 0.00152771 0.0015081 0.00150821 0.0015048 0.00152385 0.00153799 0.00153873 0.00155511 0.00160646 0.00166084 0.00171603 0.00179456 0.00189701 0.00207756 0.00231417 0.00258062 0.0029235 0.00341812 0.00402608 0.00472079 0.00548628 0.00628999 0.00709497 0.00781016 0.00833239 0.00854913 0.0083574 0.00772171 0.00664898 0.00511568 0.00318292 0.000970097 -0.001425 -0.00381195 -0.00600244 -0.00790774 -0.00940429 -0.0104361 -0.0110194 -0.011141 -0.0108453 -0.0102161 -0.00932705 -0.00826963 -0.00716015 -0.00605342 -0.00501444 -0.00408823 -0.00326918 -0.00258137 -0.00200399 -0.00154044 -0.00117013 -0.000884752 -0.000680783 -0.000516185 -0.000419588 -0.000339677 -0.00028381 -0.000262584 -0.000222047 -0.000219948 -0.000208222 -0.000195481 -0.000210799 -0.000194777 -0.000206216 -0.000207363 -0.000197257 -0.000212499 -0.000196055 -0.000202016 
0 2.24976e-06 5.56408e-06 4.24307e-06 5.82481e-06 3.61201e-06 6.13155e-06 6.75236e-06 7.88157e-06 1.9372e-05 2.53006e-05 4.72579e-05 7.54125e-05 0.000113732 0.000185067 0.00027501 0.00041776 0.000618391 0.000886959 0.00125741 0.0017301 0.0023313 0.00307928 0.00398242 0.00505055 0.00629049 0.00766982 0.0091555 0.0106845 0.0121367 0.0134244 0.014396 0.0149389 0.0149623 0.0143773 0.0131756 0.0113465 0.00896344 0.00612934 0.00301185 -0.000175257 -0.00321486 -0.00590761 -0.00810672 -0.00971204 -0.0107192 -0.0110976 -0.0109247 -0.0103063 -0.00935796 -0.0082435 -0.00708173 -0.00594121 -0.00486381 -0.00392355 -0.00311922 -0.0024761 -0.0019512 -0.00151295 -0.00115368 -0.000861635 -0.000621817 -0.000420705 -0.000241479 -5.08632e-05 9.90981e-05 0.000228775 0.000356947 0.000497609 0.000618091 0.000733588 0.000830282 0.000935019 0.00105222 0.00114982 0.00122453 0.00131612 0.00142191 0.00149672 0.00156831 0.00164696 0.00173098 0.0017963 0.00186485 0.00192194 0.0019927 0.00205391 0.00210618 0.00214706 0.00221383 0.00226126 0.00229335 0.00233019 0.00238923 0.00241378 0.0024341 0.00247132 0.00251226 0.00251514 0.00253379 0.00256576 0.00258217 0.00257241 0.00259326 0.00261021 0.00260428 0.00259206 0.00261076 0.00260629 0.00258823 0.00257768 0.00258513 0.00256315 0.00254415 0.00252922 0.00252178 0.00249621 0.00247691 0.00244923 0.00243726 0.00241807 0.00238858 0.00235433 0.00235067 0.00233355 0.00229543 0.00227221 0.00227159 0.00225819 0.00223405 0.00222389 0.00221968 0.00223568 0.00224087 0.00224291 0.00226263 0.00232768 0.00238063 0.00244894 0.00255268 0.00271279 0.00293081 0.00321928 0.00358786 0.00407799 0.00472403 0.00550213 0.00642702 0.00744041 0.0085012 0.00954597 0.0104767 0.0111224 0.0113701 0.0111097 0.0102534 0.00880552 0.00676074 0.0042006 0.00124858 -0.00189855 -0.00503421 -0.00794002 -0.0104464 -0.0124306 -0.0138114 -0.0145845 -0.0147383 -0.0143605 -0.0135278 -0.0123525 -0.0109828 -0.00951161 -0.0080564 -0.0066879 -0.00544768 -0.00436362 -0.00344715 -0.00268165 -0.00206316 -0.00157885 -0.00119266 -0.000912576 -0.000700203 -0.000546755 -0.000450016 -0.000374583 -0.00033562 -0.000309009 -0.000290483 -0.000285946 -0.000276138 -0.000274111 -0.000271105 -0.000267608 -0.000267217 -0.000265076 -0.000266404 -0.000266182 -0.000268917 
0 1.55979e-06 -1.56047e-06 3.71437e-06 3.61201e-06 6.20668e-06 1.17536e-05 9.76492e-06 1.86594e-05 2.61997e-05 3.6151e-05 6.29103e-05 9.36715e-05 0.000149363 0.000235337 0.000355746 0.000538388 0.000790358 0.00113434 0.00159563 0.0021926 0.0029468 0.00388378 0.00501657 0.00634891 0.00789191 0.00960357 0.0114411 0.0133266 0.0151209 0.0167018 0.0179003 0.0185672 0.018587 0.0178691 0.0163798 0.0141284 0.0111997 0.00771486 0.00388701 -2.93637e-05 -0.00377569 -0.00709985 -0.00982122 -0.0118261 -0.0130834 -0.0135813 -0.0134001 -0.0126632 -0.0115183 -0.0101531 -0.00871283 -0.00729633 -0.00595782 -0.00477062 -0.00375706 -0.00292833 -0.00225188 -0.00169043 -0.00122672 -0.000841692 -0.000530028 -0.000263006 -2.26941e-05 0.00021431 0.000415029 0.000592349 0.000763203 0.000939588 0.00110348 0.00125171 0.00138852 0.00152727 0.00167499 0.0018016 0.00191569 0.00203389 0.00216359 0.00226912 0.00237071 0.0024719 0.00257906 0.00267059 0.0027598 0.00284104 0.00293005 0.00301017 0.00308027 0.00314443 0.00322033 0.0032836 0.00333262 0.00338592 0.00344698 0.00348809 0.00352089 0.00356554 0.00360627 0.00362571 0.00364846 0.00368117 0.00369825 0.00370139 0.00371691 0.00373215 0.00372755 0.00372066 0.00372727 0.00372183 0.00370236 0.00368841 0.00368231 0.00365919 0.00363237 0.00360913 0.00359018 0.00355804 0.00352616 0.00349089 0.00346666 0.00343287 0.00339362 0.00335166 0.00333123 0.00329792 0.00325545 0.00321867 0.00320322 0.00317796 0.00314778 0.00312344 0.0031152 0.00311941 0.00311896 0.0031195 0.00314147 0.00320195 0.00326666 0.00335103 0.00347397 0.00367038 0.00393933 0.0042969 0.00475999 0.00537434 0.00616808 0.00713715 0.00827262 0.00951429 0.0108091 0.012071 0.0131766 0.013935 0.014195 0.0138261 0.0127346 0.0109046 0.00835606 0.00518144 0.00153084 -0.00235209 -0.00621669 -0.00980687 -0.0129003 -0.0153523 -0.0170702 -0.0180279 -0.0182369 -0.0177854 -0.0167714 -0.0153371 -0.013652 -0.0118399 -0.0100423 -0.00834761 -0.0068079 -0.00546277 -0.0043171 -0.00336316 -0.00258829 -0.0019781 -0.0014995 -0.00114311 -0.000883081 -0.000690843 -0.000567185 -0.000477734 -0.000419634 -0.000388825 -0.000361057 -0.000351264 -0.000344039 -0.000335872 -0.00033854 -0.000334701 -0.000335214 -0.000337809 -0.000334124 -0.000336888 -0.0003348 
0 -3.59059e-06 8.49066e-06 -1.89236e-06 6.13155e-06 1.17536e-05 3.88816e-06 2.28925e-05 2.33025e-05 3.20043e-05 5.90181e-05 7.24562e-05 0.000124499 0.00019193 0.000288235 0.00045312 0.000666413 0.000976695 0.00140018 0.00195261 0.00267435 0.00358863 0.00471351 0.00607025 0.00768279 0.00950839 0.0115547 0.0137426 0.0159501 0.0180905 0.0199394 0.0213473 0.0221367 0.0221485 0.021299 0.019534 0.0168944 0.0134296 0.00934912 0.00485691 0.000242 -0.00416002 -0.00808891 -0.0113163 -0.0137216 -0.0152106 -0.015857 -0.0156893 -0.0148456 -0.0135375 -0.0119415 -0.0102337 -0.00853303 -0.00696146 -0.005516 -0.00427787 -0.00324736 -0.0024222 -0.00172716 -0.00113243 -0.000651456 -0.000256762 7.67382e-05 0.000402703 0.000680492 0.000946321 0.00117094 0.0014001 0.00161219 0.00182668 0.00201227 0.00219572 0.00237732 0.00255222 0.00271942 0.00287216 0.00303014 0.0031752 0.00332671 0.00345263 0.00359051 0.00371242 0.00384352 0.00394698 0.00406574 0.00416583 0.00427403 0.00435847 0.00445617 0.00453484 0.00462028 0.004686 0.00476126 0.00481924 0.00488216 0.00492834 0.00498151 0.00501883 0.00505973 0.00508609 0.00511821 0.00513461 0.00515493 0.00516161 0.00517413 0.00517001 0.00517178 0.00515943 0.00515465 0.00513107 0.00511654 0.0050873 0.00506805 0.0050265 0.004999 0.00495675 0.00492515 0.00486928 0.00483344 0.00478248 0.0047411 0.00467919 0.004638 0.00458406 0.00453975 0.00448246 0.00443686 0.00439223 0.00435519 0.00431335 0.00427227 0.00425403 0.0042355 0.0042309 0.00422229 0.00424844 0.00428155 0.00436695 0.00446207 0.00460778 0.00481699 0.00514575 0.0055801 0.00613419 0.00685898 0.00779776 0.00897054 0.0102865 0.0117437 0.0132512 0.014711 0.015939 0.0167895 0.0170362 0.0165171 0.0151817 0.0129626 0.00991389 0.00612618 0.00182235 -0.0027793 -0.00734407 -0.0115747 -0.0152445 -0.0181457 -0.0201923 -0.0213292 -0.0216145 -0.0210874 -0.0199117 -0.0182516 -0.0162487 -0.0141322 -0.0120031 -0.00998722 -0.00816627 -0.00656013 -0.00518777 -0.00404769 -0.00312245 -0.00237556 -0.00181518 -0.0013797 -0.00105948 -0.000846979 -0.000675452 -0.000578409 -0.000509317 -0.00045392 -0.000440429 -0.000413715 -0.000407684 -0.000410771 -0.000397321 -0.00040717 -0.000403166 -0.000398432 -0.00040805 -0.000397944 -0.000402415 
0 1.06276e-05 -3.53525e-06 1.88679e-05 6.75236e-06 9.76492e-06 2.28925e-05 1.04564e-05 3.46863e-05 3.95624e-05 6.22643e-05 0.000109483 0.000152822 0.000248575 0.000368808 0.0005519 0.000817526 0.00117945 0.00168302 0.00233564 0.0031942 0.00425827 0.00557687 0.00717028 0.00902158 0.0111682 0.0135286 0.0160437 0.0186089 0.0210331 0.0231454 0.0247482 0.025631 0.0256355 0.024677 0.0226571 0.019626 0.0157031 0.0110288 0.00592107 0.000696107 -0.00432968 -0.00882115 -0.0125318 -0.0153188 -0.0170946 -0.0178558 -0.0177092 -0.0168114 -0.0153603 -0.0135592 -0.0116079 -0.009656 -0.00778391 -0.00610251 -0.00466777 -0.00343685 -0.00239306 -0.00154501 -0.000851497 -0.000258099 0.000241695 0.000681819 0.00106481 0.00140911 0.00173428 0.00203928 0.00231434 0.00258033 0.00284255 0.00307922 0.00331577 0.00354111 0.00375563 0.00395787 0.00416921 0.00435454 0.00453831 0.00471845 0.00489478 0.00505167 0.00521358 0.00536432 0.00550754 0.00564665 0.00577931 0.00589896 0.0060184 0.00613584 0.00623332 0.00632911 0.00642625 0.00651349 0.00657947 0.00665624 0.00672563 0.00677998 0.00682161 0.00687785 0.00691479 0.00693967 0.00696179 0.00699279 0.006997 0.00699857 0.00700231 0.00700362 0.00698018 0.00696422 0.00694706 0.00691818 0.00687683 0.00684463 0.00680348 0.00675186 0.00670138 0.00664852 0.00658785 0.00652607 0.00646656 0.00639275 0.00632757 0.00626098 0.00619012 0.00611147 0.00605233 0.00597927 0.00591178 0.0058492 0.00579378 0.00573141 0.00569374 0.00565725 0.00562363 0.00561261 0.00562628 0.00565848 0.00571975 0.00582457 0.00599008 0.00625645 0.0066064 0.00707979 0.00774712 0.00862408 0.0096961 0.0110003 0.0125221 0.0141761 0.0158763 0.0174875 0.0188319 0.0196946 0.0198752 0.0192247 0.0176125 0.0149943 0.0114403 0.00707337 0.0020956 -0.00315592 -0.00836595 -0.0132353 -0.0174287 -0.0207765 -0.0231519 -0.0244776 -0.0248115 -0.0242482 -0.0229218 -0.0210307 -0.01879 -0.0163555 -0.0139269 -0.0116189 -0.0094989 -0.00764991 -0.00605511 -0.00473243 -0.00365347 -0.00279485 -0.00212962 -0.0016155 -0.00125126 -0.000970851 -0.000790186 -0.000669378 -0.000576651 -0.000545339 -0.000501893 -0.000488811 -0.00048591 -0.000463095 -0.00047706 -0.000462448 -0.000462079 -0.000472493 -0.0004558 -0.00047407 -0.000467536 
0 -1.74404e-07 1.57926e-06 5.06822e-06 7.88157e-06 1.86594e-05 2.33025e-05 3.46863e-05 4.88788e-05 6.04939e-05 9.57466e-05 0.000130435 0.000196224 0.000303777 0.000445194 0.000676391 0.00098604 0.00141444 0.0020032 0.00275878 0.00374289 0.00497839 0.00649058 0.00831132 0.0104456 0.0128639 0.0155407 0.0183775 0.0212314 0.0239611 0.0263137 0.0280965 0.0290835 0.0290835 0.0279965 0.0257396 0.0223774 0.0179968 0.0128304 0.00716848 0.00134922 -0.0042402 -0.00925923 -0.0134321 -0.0165901 -0.0186005 -0.0195386 -0.0194558 -0.0185092 -0.0169442 -0.014959 -0.0127681 -0.0105512 -0.00845671 -0.00651682 -0.00482373 -0.00336205 -0.00215159 -0.0011438 -0.000285348 0.000433178 0.00103602 0.00156275 0.00204827 0.00245662 0.00285809 0.00322432 0.00357263 0.00389036 0.00421014 0.00449889 0.00479464 0.00507318 0.00532562 0.00557969 0.0058386 0.0060742 0.00628524 0.00651663 0.00672701 0.00693038 0.00711577 0.00730951 0.00747781 0.00766007 0.00781065 0.0079624 0.00810471 0.00825772 0.0083651 0.00848601 0.00860478 0.00871499 0.00878477 0.00888339 0.00896884 0.0090328 0.00907585 0.00915063 0.00919327 0.00921799 0.00924108 0.00928462 0.00928211 0.0092791 0.00928212 0.00928711 0.00924594 0.00922537 0.00920171 0.00916722 0.00910108 0.00906489 0.00900716 0.00894441 0.00886515 0.00880512 0.00871829 0.00864511 0.00855177 0.008464 0.00837008 0.00829162 0.00818073 0.00808274 0.00799865 0.00790742 0.00780108 0.00771494 0.00763901 0.00755265 0.00748828 0.00741963 0.0073746 0.0073454 0.0073461 0.00734414 0.00741847 0.00753252 0.00770902 0.00797766 0.00839035 0.00894985 0.009697 0.0106688 0.0118825 0.0133718 0.0150418 0.0168614 0.0187131 0.0204414 0.0218277 0.0226989 0.0227908 0.0219217 0.0200175 0.0169974 0.0129503 0.0080148 0.00244849 -0.00344819 -0.00928536 -0.0147198 -0.0194367 -0.0231944 -0.0258725 -0.0273894 -0.027818 -0.0272212 -0.0257852 -0.0237185 -0.0212112 -0.0185175 -0.0157961 -0.0131958 -0.0108226 -0.00872387 -0.00691387 -0.00540853 -0.00417561 -0.00318485 -0.00243315 -0.00184606 -0.00142369 -0.00112505 -0.000901255 -0.000767323 -0.000665587 -0.000602426 -0.00057125 -0.000541981 -0.000535841 -0.000530758 -0.000528092 -0.000533221 -0.000532915 -0.000535011 -0.000536564 -0.000534717 -0.000534003 
0 7.48969e-06 1.06372e-05 1.91542e-05 1.9372e-05 2.61997e-05 3.20043e-05 3.95624e-05 6.04939e-05 8.11787e-05 0.000122676 0.000177059 0.000259395 0.000388178 0.000561155 0.000824735 0.00118543 0.0016812 0.00235594 0.00322609 0.00435056 0.0057525 0.00746478 0.00951761 0.0119095 0.0146228 0.0176062 0.0207535 0.0239129 0.0269034 0.0294762 0.0314142 0.032479 0.0324724 0.0312816 0.028817 0.0251393 0.0203673 0.0147367 0.0085797 0.00225975 -0.00382882 -0.00932342 -0.0139251 -0.0174371 -0.0197224 -0.0208168 -0.0208027 -0.019853 -0.0182096 -0.0160761 -0.0136824 -0.0112244 -0.00885963 -0.00667532 -0.00475241 -0.00306505 -0.00162411 -0.000426603 0.000578276 0.00142848 0.00216476 0.00281394 0.00338974 0.00388218 0.00436223 0.00481515 0.00523429 0.00561984 0.0059965 0.0063525 0.00671005 0.00704581 0.00734667 0.0076536 0.00796676 0.00824979 0.00850452 0.00877688 0.00903442 0.00927665 0.00950076 0.00972565 0.0099346 0.0101481 0.0103308 0.010506 0.0106829 0.0108594 0.0109912 0.0111298 0.0112767 0.0114017 0.0114888 0.0116004 0.0117062 0.0117761 0.0118307 0.0119134 0.0119672 0.0119901 0.0120202 0.0120651 0.0120644 0.0120533 0.012059 0.0120573 0.0120098 0.0119762 0.0119502 0.0119007 0.0118218 0.0117682 0.0117023 0.0116173 0.0115201 0.011438 0.011337 0.0112367 0.0111202 0.0110059 0.0108924 0.0107846 0.0106445 0.0105165 0.010408 0.0102881 0.0101467 0.0100287 0.00992415 0.00981261 0.00971176 0.00961269 0.00953577 0.00948843 0.00946584 0.00944558 0.00949513 0.00961031 0.00980787 0.0101066 0.010546 0.0111585 0.0120103 0.0131094 0.0144491 0.0160593 0.0178826 0.0198502 0.0218249 0.023626 0.0250225 0.02582 0.0257692 0.0246868 0.0224618 0.0190308 0.0144883 0.00900275 0.00285097 -0.00362569 -0.0100325 -0.0160095 -0.0212062 -0.0253707 -0.0283531 -0.0300663 -0.030576 -0.0299716 -0.0284425 -0.0262149 -0.0235092 -0.0205701 -0.01759 -0.0147267 -0.0120943 -0.00976232 -0.00774735 -0.00606634 -0.00468945 -0.00358407 -0.00273302 -0.00207241 -0.00159056 -0.00124339 -0.000994631 -0.000838033 -0.000728206 -0.000665268 -0.00062903 -0.000605635 -0.000598836 -0.000590786 -0.000590337 -0.000589267 -0.000588511 -0.000591975 -0.000592351 -0.000597603 -0.000599928 
0 1.02694e-05 3.60749e-06 2.52292e-05 2.53006e-05 3.6151e-05 5.90181e-05 6.22643e-05 9.57466e-05 0.000122676 0.00016264 0.000241233 0.000333389 0.000486822 0.000701984 0.00100313 0.00142961 0.00200211 0.0027685 0.00375945 0.00503026 0.00660244 0.00852333 0.0108181 0.0134631 0.0164731 0.0197459 0.0231799 0.0266308 0.0298547 0.0326397 0.0347234 0.035861 0.0358486 0.0345588 0.0319123 0.0279507 0.0228516 0.0168208 0.0102364 0.00348117 -0.00305511 -0.00897696 -0.0139717 -0.0178038 -0.020368 -0.0216293 -0.021716 -0.0207992 -0.0190992 -0.0168409 -0.0142617 -0.0115901 -0.00896246 -0.00653591 -0.00435654 -0.00243321 -0.000756176 0.000643564 0.00181544 0.00282145 0.00369726 0.00447792 0.00514735 0.00574677 0.00630501 0.00685141 0.00734277 0.00780782 0.00824324 0.00867355 0.00909431 0.00948995 0.00984991 0.0102108 0.0105811 0.0109124 0.0112238 0.0115325 0.0118451 0.0121245 0.0123975 0.0126498 0.0129088 0.013148 0.0133722 0.0135698 0.0137867 0.0139805 0.0141473 0.0143022 0.0144779 0.014615 0.0147294 0.0148496 0.0149748 0.0150522 0.015125 0.0152084 0.0152745 0.0152986 0.0153378 0.0153759 0.0153819 0.0153639 0.0153707 0.0153556 0.0153093 0.0152591 0.0152285 0.0151592 0.0150751 0.0149954 0.014922 0.0148097 0.0146996 0.0145855 0.0144743 0.0143376 0.014202 0.0140535 0.0139226 0.013773 0.0136096 0.0134452 0.0133091 0.0131519 0.0129791 0.0128233 0.0126852 0.0125456 0.0124017 0.0122738 0.0121612 0.0120936 0.0120339 0.0120052 0.0120274 0.012147 0.012353 0.0126844 0.0131569 0.0138336 0.0147801 0.0159886 0.0174522 0.0191705 0.0211328 0.0232034 0.0252528 0.0270686 0.0284345 0.0291064 0.0288653 0.0275304 0.0249457 0.0211004 0.0160754 0.0100779 0.00337609 -0.00363241 -0.0105691 -0.0170521 -0.0226867 -0.0272352 -0.0305051 -0.0324254 -0.0330335 -0.0324603 -0.0308761 -0.0285175 -0.0256544 -0.02249 -0.0192799 -0.0161797 -0.013304 -0.0107556 -0.00854333 -0.00668766 -0.00516422 -0.00394798 -0.00299494 -0.00226968 -0.00174001 -0.00134496 -0.00108525 -0.000902207 -0.000779831 -0.000720214 -0.000664654 -0.000649563 -0.000641891 -0.000628657 -0.00064534 -0.000639105 -0.000646409 -0.000658424 -0.000649552 -0.000665616 -0.000662049 
0 4.64822e-06 2.8408e-05 2.49251e-05 4.72579e-05 6.29103e-05 7.24562e-05 0.000109483 0.000130435 0.000177059 0.000241233 0.000320542 0.000451206 0.000624818 0.000881235 0.00123741 0.00172834 0.00238675 0.00325354 0.00438194 0.00578995 0.00755936 0.00969047 0.0122129 0.0151528 0.0184204 0.0219919 0.025717 0.0294068 0.0328738 0.0358397 0.0380472 0.0392499 0.0392431 0.0378496 0.0350467 0.0308707 0.0254572 0.0191246 0.0121871 0.00505306 -0.00185305 -0.0081401 -0.0134881 -0.0176357 -0.0204303 -0.0219011 -0.0221172 -0.0212525 -0.0195296 -0.0171916 -0.0144549 -0.0115598 -0.00872874 -0.00605205 -0.00359608 -0.00140619 0.00047914 0.00209696 0.00347684 0.0046559 0.00568004 0.00658259 0.00738414 0.00808928 0.00874727 0.00936966 0.00995963 0.0104968 0.0110077 0.0115067 0.0119965 0.0124529 0.0128768 0.0132982 0.0137147 0.0141076 0.0144667 0.0148264 0.0151762 0.0155115 0.015816 0.0161157 0.0164052 0.0166866 0.0169354 0.0171762 0.0174129 0.0176377 0.0178279 0.0180153 0.0182006 0.018363 0.0184972 0.0186358 0.0187648 0.0188636 0.0189475 0.0190369 0.0191042 0.0191443 0.0191826 0.0192188 0.0192239 0.0192135 0.0192071 0.0191871 0.0191353 0.0190822 0.0190292 0.0189549 0.0188554 0.0187636 0.0186634 0.0185436 0.0184049 0.0182752 0.0181343 0.0179811 0.0178082 0.0176447 0.0174769 0.0173002 0.0171007 0.0169146 0.0167351 0.0165467 0.0163396 0.0161467 0.0159728 0.0157981 0.0156165 0.0154445 0.0153133 0.015206 0.0151172 0.0150552 0.0150785 0.0151934 0.0154074 0.0157442 0.0162749 0.0170412 0.018054 0.0193492 0.020935 0.0227847 0.0248187 0.0269679 0.0290492 0.0308337 0.0320953 0.0326119 0.0321435 0.0304804 0.0275378 0.0232682 0.0177731 0.011276 0.00409337 -0.00342591 -0.0108568 -0.0177688 -0.0238419 -0.0287391 -0.0322856 -0.0344211 -0.0351594 -0.0346249 -0.0330237 -0.0305931 -0.027568 -0.0242519 -0.0208314 -0.0175052 -0.0144366 -0.0116641 -0.00927449 -0.00725554 -0.00559169 -0.00426399 -0.00322324 -0.00243464 -0.00184316 -0.00142992 -0.00113002 -0.000933336 -0.00081461 -0.000725573 -0.000697452 -0.0006717 -0.000663136 -0.000678648 -0.000669046 -0.000689732 -0.000696219 -0.000695619 -0.000718988 -0.000710457 -0.000724204 
0 2.02352e-05 3.46012e-05 5.67681e-05 7.54125e-05 9.36715e-05 0.000124499 0.000152822 0.000196224 0.000259395 0.000333389 0.000451206 0.000606236 0.000820236 0.00113163 0.00153937 0.00210388 0.00285891 0.00383455 0.00510088 0.00668739 0.00863641 0.0109951 0.0137715 0.0169557 0.0205266 0.0243734 0.0283647 0.0323236 0.0359843 0.0391162 0.0414323 0.0426856 0.0426634 0.0412122 0.0382865 0.0339055 0.0282867 0.0216776 0.0144537 0.00704473 -0.000157553 -0.0067563 -0.0124026 -0.0168216 -0.0199032 -0.0215524 -0.0219038 -0.0211359 -0.0194337 -0.0170411 -0.0141933 -0.0111371 -0.00804802 -0.00513075 -0.00243361 -1.11934e-05 0.0021571 0.00402067 0.00558626 0.00693974 0.00813849 0.00920176 0.010112 0.0109434 0.0116923 0.0124219 0.0130888 0.0137158 0.0142927 0.0148741 0.0154226 0.0159422 0.0164342 0.0169105 0.0173781 0.0178194 0.0182417 0.0186342 0.0190371 0.0194051 0.0197615 0.0200869 0.0204258 0.0207234 0.0210185 0.021282 0.0215546 0.0217874 0.0220213 0.0222231 0.0224302 0.022601 0.0227721 0.0229127 0.0230557 0.0231643 0.0232733 0.0233534 0.023433 0.0234801 0.0235292 0.023549 0.0235671 0.0235549 0.0235468 0.0235074 0.0234682 0.0233993 0.0233376 0.0232431 0.0231508 0.0230289 0.0229201 0.0227759 0.022634 0.0224674 0.0223189 0.0221307 0.0219461 0.0217473 0.0215635 0.0213429 0.0211285 0.0209081 0.0206959 0.0204684 0.0202377 0.0200082 0.0197915 0.0195886 0.0193654 0.0191666 0.0189898 0.018859 0.0187339 0.0186719 0.018656 0.0187696 0.0190092 0.0193945 0.019945 0.0207642 0.0218916 0.0232991 0.024976 0.026881 0.029013 0.0311981 0.0332615 0.0349628 0.0360855 0.036356 0.0356002 0.0336321 0.030281 0.0255846 0.0196339 0.0126706 0.00500985 -0.00293703 -0.0107969 -0.0181391 -0.0245756 -0.0298258 -0.0336546 -0.0360011 -0.0368723 -0.036422 -0.0348314 -0.0323471 -0.0292568 -0.025786 -0.0222036 -0.0187003 -0.0154176 -0.0124704 -0.00990888 -0.00773518 -0.00595109 -0.00452225 -0.00338856 -0.00253886 -0.00190023 -0.00143739 -0.00113346 -0.000917382 -0.000792027 -0.000724075 -0.000679653 -0.00067526 -0.000674217 -0.000679861 -0.000699891 -0.000706997 -0.000724167 -0.000741324 -0.000748123 -0.000768267 -0.000777077 
0 2.20243e-05 5.28272e-05 7.5165e-05 0.000113732 0.000149363 0.00019193 0.000248575 0.000303777 0.000388178 0.000486822 0.000624818 0.000820236 0.00107729 0.00144595 0.00192912 0.00258665 0.00344959 0.00455319 0.00597447 0.0077266 0.00988624 0.012475 0.0155007 0.0189734 0.0228127 0.026936 0.031187 0.035361 0.0392186 0.0425016 0.0449192 0.0462244 0.0462066 0.0446868 0.0416569 0.0371437 0.0313455 0.0245649 0.0171426 0.00951017 0.00206977 -0.00477386 -0.0106751 -0.0153458 -0.0186454 -0.0205154 -0.0210492 -0.0204015 -0.0187434 -0.0163386 -0.0134 -0.010188 -0.00692831 -0.00378087 -0.000807037 0.00189105 0.00428439 0.00637895 0.00817605 0.00973991 0.0111028 0.0122996 0.0133493 0.014307 0.0151614 0.0159704 0.0167287 0.0174319 0.0180891 0.0187344 0.0193439 0.0199194 0.0204792 0.0210073 0.0215171 0.0220088 0.0224813 0.0229166 0.0233545 0.0237641 0.024154 0.0245206 0.0248862 0.0252131 0.0255348 0.0258368 0.026123 0.0263781 0.0266373 0.0268674 0.0270773 0.0272698 0.0274618 0.027617 0.0277583 0.0278893 0.0280093 0.0280926 0.0281711 0.0282379 0.0282853 0.0283018 0.0283208 0.0283212 0.0282989 0.0282553 0.0282166 0.0281489 0.0280647 0.027968 0.0278703 0.0277382 0.0276046 0.0274574 0.0272997 0.0271167 0.026944 0.0267439 0.0265362 0.0263202 0.026108 0.0258633 0.0256272 0.0253854 0.0251378 0.0248793 0.024629 0.024368 0.0241184 0.0238808 0.0236318 0.0234005 0.0232059 0.0230391 0.0228889 0.0228145 0.0228109 0.022927 0.0231742 0.0235927 0.0242221 0.0251361 0.026325 0.0278108 0.0295934 0.0315943 0.0337494 0.0359247 0.0379183 0.039479 0.0404005 0.0404121 0.0393281 0.0369632 0.0332076 0.0280834 0.0217022 0.0143144 0.00624626 -0.00211291 -0.0103673 -0.0180644 -0.0248555 -0.0304091 -0.0345032 -0.0370805 -0.0381261 -0.0377883 -0.0362587 -0.0337781 -0.0306217 -0.0270656 -0.0233477 -0.019687 -0.0162524 -0.0131295 -0.0104145 -0.00809832 -0.0061875 -0.00466149 -0.00345298 -0.00255022 -0.00187387 -0.00139429 -0.00106995 -0.000849596 -0.000725722 -0.000649972 -0.000621998 -0.000620236 -0.000629751 -0.000658289 -0.000681288 -0.000712025 -0.000739695 -0.000761198 -0.000787152 -0.000802182 -0.000821051 
0 4.05871e-05 9.56479e-05 0.000129208 0.000185067 0.000235337 0.000288235 0.000368808 0.000445194 0.000561155 0.000701984 0.000881235 0.00113163 0.00144595 0.00188077 0.00244809 0.00320109 0.00418077 0.0054263 0.00701647 0.00896043 0.0113433 0.0141751 0.0174586 0.0212135 0.025326 0.0297247 0.0342321 0.038619 0.0426582 0.0460636 0.0485603 0.0498983 0.0498776 0.0483209 0.045221 0.0406238 0.0347086 0.0278122 0.0202613 0.0124926 0.00490328 -0.00211576 -0.00821445 -0.0131167 -0.0166397 -0.0187348 -0.0194562 -0.0189569 -0.0173961 -0.0150277 -0.01206 -0.00873436 -0.00530932 -0.00193929 0.00126401 0.00421267 0.00685691 0.0092039 0.0112268 0.0129888 0.0145309 0.0158775 0.0170699 0.0181423 0.0191061 0.019996 0.0208397 0.0216112 0.0223447 0.0230464 0.0237078 0.0243325 0.0249485 0.0255219 0.0260645 0.0265973 0.0271072 0.0275816 0.0280425 0.0284848 0.0288983 0.0293016 0.0296819 0.0300326 0.0303725 0.030707 0.0309988 0.031273 0.0315489 0.0318028 0.0320117 0.0322227 0.0324284 0.0325969 0.0327352 0.0328852 0.0330121 0.0331004 0.0331773 0.0332615 0.033307 0.0333245 0.033344 0.0333571 0.0333241 0.0332815 0.0332436 0.0331816 0.0330801 0.032987 0.0328865 0.0327525 0.0325991 0.0324562 0.0322889 0.0320995 0.0319064 0.0317061 0.0314835 0.0312595 0.0310245 0.0307709 0.0305201 0.0302666 0.0299923 0.0297161 0.0294536 0.0291729 0.0288977 0.0286348 0.0283743 0.028119 0.0279087 0.0277168 0.0275645 0.027483 0.0274907 0.0276178 0.0279072 0.0283767 0.0290734 0.0300721 0.0313569 0.032942 0.0347987 0.0368584 0.039019 0.0411612 0.0430431 0.0444231 0.0450835 0.0447777 0.0433293 0.0405621 0.0363978 0.0308448 0.024051 0.0162613 0.00782571 -0.00088626 -0.00947467 -0.017492 -0.0246057 -0.0304526 -0.0348194 -0.0376239 -0.0388579 -0.038656 -0.037219 -0.0347889 -0.0316216 -0.0280234 -0.0242104 -0.0204251 -0.0168555 -0.0135855 -0.010738 -0.008303 -0.00629066 -0.00467909 -0.00340556 -0.00244827 -0.00173242 -0.00123467 -0.000893293 -0.000677624 -0.00056538 -0.000500501 -0.000499899 -0.000513504 -0.000542413 -0.000592591 -0.000623435 -0.000674218 -0.000713566 -0.000745422 -0.000791954 -0.000814052 -0.000849384 
0 6.71791e-05 0.000126249 0.000203409 0.00027501 0.000355746 0.00045312 0.0005519 0.000676391 0.000824735 0.00100313 0.00123741 0.00153937 0.00192912 0.00244809 0.00312373 0.00398762 0.00511121 0.0065204 0.00827711 0.0104512 0.0130474 0.0161379 0.0197104 0.0237204 0.0281362 0.03279 0.0375275 0.0421282 0.0463201 0.0498412 0.0524129 0.0537943 0.0537538 0.0521902 0.0490446 0.0443833 0.0384428 0.0314821 0.0238803 0.016045 0.00837247 0.0012232 -0.00502304 -0.0100989 -0.0138564 -0.0161675 -0.0171077 -0.016792 -0.0153807 -0.013072 -0.010117 -0.00675158 -0.00318464 0.000373638 0.00379368 0.00696022 0.00986443 0.0124433 0.0146894 0.0166468 0.0183678 0.0198649 0.021179 0.0223676 0.0234241 0.0244001 0.0252966 0.0261392 0.0269255 0.0276814 0.0283726 0.0290422 0.029694 0.0303043 0.0308712 0.0314283 0.0319675 0.0324667 0.0329489 0.0334017 0.0338418 0.03426 0.0346585 0.0350125 0.0353764 0.0357184 0.0360252 0.0362996 0.0365966 0.0368529 0.0370738 0.0372847 0.0375083 0.0376753 0.0378242 0.0379746 0.0381159 0.0382 0.0382878 0.0383724 0.0384286 0.0384407 0.0384726 0.0384843 0.0384591 0.038411 0.0383866 0.0383202 0.0382246 0.0381261 0.0380391 0.0378973 0.0377482 0.0376001 0.037445 0.037245 0.0370534 0.0368486 0.0366348 0.0363994 0.0361615 0.0359044 0.0356561 0.0353945 0.0351107 0.034831 0.0345643 0.0342836 0.0339898 0.0337237 0.0334576 0.0332117 0.0329829 0.0327963 0.0326516 0.0326009 0.0326276 0.0327916 0.0331411 0.0336951 0.0344827 0.0355675 0.0369747 0.0386535 0.0405833 0.0426759 0.0448474 0.0468952 0.0486126 0.0497729 0.050136 0.0494702 0.0476138 0.0444421 0.0398333 0.0338779 0.0267095 0.0185696 0.00980488 0.000798862 -0.00806706 -0.0163862 -0.0237474 -0.0298735 -0.034505 -0.0375379 -0.0389938 -0.0389741 -0.0376725 -0.0353232 -0.0322156 -0.0285883 -0.0247329 -0.0208761 -0.0171761 -0.0138146 -0.0108374 -0.00829213 -0.00619623 -0.00449777 -0.00317493 -0.00217646 -0.00144383 -0.0009325 -0.000602126 -0.000395965 -0.00029097 -0.000263111 -0.000265265 -0.000314449 -0.00037406 -0.00043318 -0.000516218 -0.000573915 -0.00064127 -0.000707806 -0.000748393 -0.000810806 -0.000848282 
0 9.7707e-05 0.000203949 0.000304212 0.00041776 0.000538388 0.000666413 0.000817526 0.00098604 0.00118543 0.00142961 0.00172834 0.00210388 0.00258665 0.00320109 0.00398762 0.00499836 0.00626654 0.00786014 0.00982816 0.0122083 0.0150737 0.0184261 0.0222716 0.0265928 0.0312703 0.036191 0.0411637 0.0459399 0.0502785 0.0539007 0.0565317 0.0579286 0.0579088 0.0563187 0.0531504 0.0485053 0.042547 0.0356101 0.028035 0.0201953 0.0124876 0.0052938 -0.00106278 -0.00631414 -0.010239 -0.0128027 -0.013998 -0.0139061 -0.0126713 -0.0105059 -0.00761769 -0.00423026 -0.000615709 0.0030765 0.00668803 0.0101007 0.0131932 0.0159765 0.0184505 0.020622 0.0224987 0.0241175 0.0255641 0.026849 0.0280032 0.0290243 0.0299809 0.03086 0.031702 0.032473 0.0331955 0.0338811 0.034556 0.0351821 0.0357612 0.0363269 0.0368713 0.0373909 0.0378675 0.0383312 0.0387675 0.0392041 0.0395883 0.039958 0.0403112 0.0406686 0.0409612 0.0412521 0.0415345 0.0418058 0.0420153 0.0422407 0.0424499 0.0426334 0.042773 0.0429367 0.0430666 0.0431691 0.043249 0.0433475 0.0433959 0.0434285 0.043453 0.0434813 0.0434514 0.0434258 0.0433941 0.0433488 0.0432498 0.0431748 0.0430821 0.0429658 0.0428119 0.0426883 0.0425318 0.0423578 0.0421593 0.0419814 0.0417716 0.0415557 0.041315 0.0410843 0.0408435 0.040594 0.0403186 0.040054 0.0398016 0.0395308 0.0392549 0.0389881 0.0387516 0.0385166 0.0383186 0.0381388 0.0380383 0.0380195 0.0381261 0.0383503 0.0387658 0.0394185 0.040355 0.0415716 0.0430568 0.0448409 0.0468616 0.0490103 0.051116 0.0530573 0.0545871 0.0554776 0.0555066 0.0544756 0.0521982 0.0485621 0.0435662 0.0372209 0.0297055 0.0212729 0.0122458 0.00297491 -0.00612146 -0.0146534 -0.0222755 -0.0286271 -0.0335098 -0.0368021 -0.0384882 -0.0386763 -0.0375514 -0.0353382 -0.0322957 -0.0287228 -0.0248526 -0.0209389 -0.0171887 -0.0137188 -0.0106537 -0.00802935 -0.00584389 -0.00409531 -0.00273147 -0.00170177 -0.00096134 -0.000453398 -0.000125169 5.36294e-05 0.000129784 0.000136059 8.01394e-05 5.17191e-06 -9.22481e-05 -0.000203194 -0.000299022 -0.000408636 -0.000502092 -0.000585189 -0.00067604 -0.000739179 -0.000810606 
0 0.000151058 0.000300341 0.000458831 0.000618391 0.000790358 0.000976695 0.00117945 0.00141444 0.0016812 0.00200211 0.00238675 0.00285891 0.00344959 0.00418077 0.00511121 0.00626654 0.00771484 0.00950802 0.0116844 0.014333 0.0174529 0.0210918 0.0252441 0.0298337 0.0348052 0.0399769 0.045163 0.0501266 0.0545938 0.0582927 0.0609652 0.0623801 0.0623376 0.0607632 0.0576054 0.0529815 0.0470918 0.0402098 0.0327038 0.0249232 0.0172661 0.0100576 0.00363961 -0.00173474 -0.00588115 -0.00869215 -0.0101489 -0.0103139 -0.00933897 -0.0073544 -0.00461242 -0.00131181 0.00233787 0.00613263 0.00986557 0.0134167 0.016721 0.0197119 0.0223808 0.0247043 0.0267375 0.0284951 0.0300424 0.0314015 0.0326214 0.0336984 0.0346755 0.035587 0.0364405 0.0372273 0.0379481 0.0386427 0.0393055 0.0399374 0.0405088 0.0410652 0.041598 0.0421155 0.0425792 0.0430291 0.0434595 0.0438819 0.0442563 0.0446147 0.0449616 0.045299 0.0455912 0.0458708 0.0461453 0.0464007 0.0466172 0.0468291 0.0470339 0.0472097 0.0473598 0.0475098 0.047643 0.0477456 0.0478374 0.0479256 0.0479869 0.0480255 0.0480629 0.0480873 0.0480798 0.0480637 0.0480465 0.0480064 0.0479371 0.0478722 0.0477984 0.0476981 0.0475748 0.0474632 0.0473338 0.0471823 0.0470104 0.0468536 0.0466766 0.0464841 0.0462682 0.0460725 0.0458609 0.0456379 0.0453912 0.045168 0.0449398 0.044709 0.0444607 0.0442361 0.0440361 0.0438544 0.043685 0.0435661 0.0435383 0.0435948 0.0437726 0.0441037 0.0446588 0.0454464 0.0465162 0.0478661 0.0495267 0.0514295 0.0535078 0.055667 0.0577509 0.0595516 0.0608578 0.0614712 0.0611317 0.0596913 0.0569909 0.0529529 0.047546 0.0408566 0.0330454 0.0243575 0.0151226 0.00567687 -0.0035846 -0.0123152 -0.020116 -0.0266988 -0.0318265 -0.0353515 -0.0372921 -0.037714 -0.0367947 -0.0347533 -0.0318538 -0.028343 -0.0245106 -0.0205917 -0.0167786 -0.0132708 -0.0101283 -0.00743946 -0.0052107 -0.00340506 -0.00201748 -0.000969559 -0.000226984 0.000268191 0.0005693 0.000713118 0.000749464 0.000700377 0.000603728 0.000472157 0.000323879 0.00017371 1.87113e-05 -0.00012437 -0.00026226 -0.000391237 -0.000505238 -0.000614862 -0.00071033 
0 0.000215088 0.000428676 0.000656382 0.000886959 0.00113434 0.00140018 0.00168302 0.0020032 0.00235594 0.0027685 0.00325354 0.00383455 0.00455319 0.0054263 0.0065204 0.00786014 0.00950802 0.0115272 0.0139454 0.0168571 0.0202572 0.0241892 0.0286468 0.0335313 0.0387852 0.0442016 0.0495884 0.0547085 0.0592776 0.0630458 0.0657496 0.0671723 0.0671275 0.06555 0.0624082 0.0578359 0.0520364 0.0452666 0.0378931 0.0302176 0.0226308 0.015451 0.0089907 0.0035093 -0.000821575 -0.00389126 -0.00566384 -0.00614813 -0.00547344 -0.00374502 -0.00120296 0.00195665 0.0055372 0.00932934 0.0131512 0.0168403 0.0202846 0.0234114 0.0262483 0.0287361 0.0308972 0.0327542 0.0343766 0.0358023 0.0370687 0.0381707 0.0391495 0.0400694 0.0409148 0.0416892 0.0423949 0.0430718 0.0437056 0.0443179 0.0448693 0.0453954 0.045902 0.0463952 0.0468334 0.0472558 0.0476654 0.048056 0.0484089 0.0487479 0.0490726 0.0493783 0.04966 0.0499232 0.050175 0.0504086 0.0506239 0.0508195 0.0510076 0.0511752 0.051329 0.051465 0.0515932 0.0516999 0.0517984 0.0518788 0.0519492 0.0520013 0.0520484 0.0520746 0.0520908 0.0520938 0.0520902 0.0520649 0.0520313 0.0519875 0.0519345 0.0518634 0.0517814 0.0516929 0.0515968 0.0514842 0.0513535 0.0512287 0.051097 0.0509448 0.050773 0.0506241 0.0504607 0.0502802 0.0500873 0.0499202 0.0497402 0.0495661 0.0493784 0.0492145 0.0490774 0.0489754 0.0488775 0.0488433 0.0489131 0.0490897 0.0493976 0.0498707 0.0505723 0.0515443 0.0528221 0.0543459 0.0561483 0.058182 0.0603674 0.062552 0.0645703 0.0662055 0.0672749 0.067583 0.0668849 0.065047 0.0619177 0.0574645 0.0516962 0.0447171 0.0366716 0.0278131 0.0184335 0.00886162 -0.000506983 -0.0093569 -0.0172957 -0.0240539 -0.0293979 -0.0331768 -0.0353813 -0.036066 -0.0353858 -0.0335436 -0.0308088 -0.0274107 -0.0236525 -0.0197637 -0.0159429 -0.0124045 -0.00921013 -0.00647149 -0.00419695 -0.00236228 -0.000963056 8.20331e-05 0.000802198 0.00126756 0.00152665 0.00162234 0.00160638 0.00149784 0.00134095 0.00114415 0.000930823 0.000716489 0.000498316 0.000297122 0.000103807 -7.59226e-05 -0.00023631 -0.000389036 -0.000523334 
