0 0 0 0 0 0 0 0 0 0 0 0 0 0 0 0 0 0 0 0 0 0 0 0 0 0 0 0 0 0 0 0 0 0 0 0 0 0 0 0 0 0 0 0 0 0 0 0 0 0 0 0 0 0 0 0 0 0 0 0 0 0 0 0 0 0 0 0 0 0 0 0 0 0 0 0 0 0 0 0 0 0 0 0 0 0 0 0 0 0 0 0 0 0 0 0 0 0 0 0 0 0 0 0 0 0 0 0 0 0 0 0 0 0 0 0 0 0 0 0 0 0 0 0 0 0 0 0 0 0 0 0 0 0 0 0 0 0 0 0 0 0 0 0 0 0 0 0 0 0 0 0 0 0 0 0 0 0 0 0 0 0 0 0 0 0 0 0 0 0 0 0 0 0 0 0 0 0 0 0 0 0 0 0 0 0 0 0 0 0 0 0 0 0 0 0 0 0 0 0 
0 0.000921672 0.00177812 0.00252594 0.00310262 0.00350042 0.00369391 0.00369061 0.00351307 0.0031815 0.00275789 0.0022786 0.00179884 0.00134064 0.000924341 0.000565589 0.000266423 3.77309e-05 -0.000157252 -0.000326107 -0.00050992 -0.000718827 -0.00096238 -0.00127939 -0.00165434 -0.00211224 -0.00262485 -0.00318482 -0.00379772 -0.00443775 -0.00509612 -0.00574937 -0.00638849 -0.00700364 -0.00759294 -0.00811561 -0.00858783 -0.00899804 -0.00933129 -0.00960427 -0.00977941 -0.00989096 -0.00993228 -0.00989079 -0.00977591 -0.00959851 -0.00935602 -0.00905901 -0.00871179 -0.00831805 -0.00791048 -0.00746745 -0.00700746 -0.00654144 -0.00608191 -0.00561984 -0.00516984 -0.00474687 -0.00434046 -0.00395234 -0.00358989 -0.00325553 -0.00294186 -0.00266449 -0.0024024 -0.00217154 -0.00196525 -0.00177033 -0.00159823 -0.00146242 -0.00133155 -0.00121421 -0.00112382 -0.00103937 -0.000963621 -0.00090846 -0.000868059 -0.00082441 -0.000784894 -0.000757862 -0.000747241 -0.000727569 -0.00070868 -0.000698454 -0.000692922 -0.000684365 -0.000682114 -0.000672267 -0.000667691 -0.000670092 -0.000665873 -0.00065679 -0.000661734 -0.00065929 -0.000652133 -0.000654722 -0.000655886 -0.000647431 -0.000650988 -0.00065265 -0.000645959 -0.000647227 -0.000652007 -0.000644675 -0.000646436 -0.000651406 -0.000646391 -0.00064512 -0.000653495 -0.000649319 -0.000647732 -0.000652832 -0.000654379 -0.00065355 -0.0006586 -0.000654226 -0.000657527 -0.000666692 -0.000666269 -0.000656528 -0.000662687 -0.000670065 -0.000668145 -0.000654875 -0.000651971 -0.000650241 -0.000634928 -0.000615298 -0.000602523 -0.000567927 -0.000523441 -0.000491002 -0.000439412 -0.000367069 -0.000292436 -0.000205947 -9.44191e-05 2.13983e-05 0.000157657 0.000310536 0.000490137 0.000689962 0.00091217 0.00115396 0.00142615 0.00172468 0.00204529 0.0023939 0.00277355 0.00317751 0.0035842 0.00402592 0.00447686 0.00493213 0.00539387 0.00585482 0.00630647 0.00674689 0.00715351 0.00753383 0.00789636 0.0081957 0.00846057 0.00866845 0.0088202 0.00891201 0.00892099 0.00885832 0.00872073 0.00849676 0.00817193 0.00775898 0.0072395 0.00663114 0.00591356 0.00508772 0.00418162 0.0031854 0.00213389 0.00102392 -0.000105666 -0.00121856 -0.00228372 -0.00326464 -0.00414649 -0.00489007 -0.00549328 -0.0059388 -0.00625372 -0.00645864 -0.0065719 -0.00664275 -0.00668299 -0.00675918 -0.00688927 -0.00709061 -0.00737426 -0.00770139 -0.00808951 -0.00851139 
0 0.00177812 0.00343709 0.0048616 0.00597048 0.00671345 0.00705668 0.00701984 0.00662675 0.00594308 0.00507119 0.00409299 0.00311686 0.00218959 0.00134678 0.000633153 4.23157e-05 -0.000408728 -0.000765249 -0.00109296 -0.00141653 -0.00179811 -0.00225609 -0.00281981 -0.00354113 -0.0043825 -0.0053497 -0.00642262 -0.00757192 -0.00881579 -0.0100775 -0.0113425 -0.0125877 -0.0137862 -0.0149248 -0.0159555 -0.0168751 -0.0176719 -0.0183543 -0.0188748 -0.0192475 -0.0194766 -0.0195567 -0.0194945 -0.0192791 -0.0189406 -0.0184889 -0.017939 -0.0172594 -0.0165306 -0.0157314 -0.0148703 -0.0139887 -0.0130833 -0.0121846 -0.0112943 -0.0104136 -0.00955359 -0.008766 -0.00798101 -0.00726051 -0.00660054 -0.00598619 -0.00540219 -0.00488375 -0.00441774 -0.00399028 -0.00361032 -0.00327751 -0.00298651 -0.002702 -0.00248459 -0.00229125 -0.00212337 -0.0019729 -0.00186723 -0.00174513 -0.00166768 -0.00160783 -0.0015608 -0.00149654 -0.00146146 -0.00143932 -0.00142899 -0.00139352 -0.00137665 -0.00137683 -0.00136591 -0.00134798 -0.001351 -0.00134405 -0.00133052 -0.00133712 -0.00133157 -0.00131935 -0.00132375 -0.00132638 -0.00130976 -0.00131735 -0.00131884 -0.00130814 -0.00130877 -0.00131885 -0.00130434 -0.00130784 -0.00131557 -0.00130842 -0.0013063 -0.00131844 -0.00130999 -0.00131027 -0.00132471 -0.00131803 -0.00131211 -0.00132709 -0.00133671 -0.00132462 -0.00132691 -0.00133217 -0.00134783 -0.00133697 -0.0013289 -0.00132337 -0.00133144 -0.00130526 -0.00129539 -0.00125865 -0.00122214 -0.00117247 -0.00112672 -0.00103738 -0.000949298 -0.000830546 -0.00069735 -0.000535624 -0.000355885 -0.000147367 0.000109456 0.000397092 0.000707206 0.00106282 0.00148485 0.00190855 0.00241163 0.00296873 0.0035669 0.0042048 0.00490944 0.0056452 0.00643655 0.0072572 0.00810347 0.00899942 0.00988287 0.0107694 0.0116497 0.012526 0.01335 0.0141375 0.0148697 0.0155387 0.016125 0.0166025 0.0169862 0.0172612 0.0174136 0.0174073 0.0172743 0.0169783 0.0165169 0.0158751 0.0150222 0.0140074 0.0127875 0.0113661 0.00975663 0.0079566 0.00601885 0.00394913 0.00177253 -0.000434387 -0.00261872 -0.00469864 -0.00661169 -0.00832621 -0.00976807 -0.0109208 -0.0117802 -0.0123637 -0.0127417 -0.0129451 -0.0130449 -0.0131183 -0.0132305 -0.0134678 -0.0138464 -0.0143638 -0.0150063 -0.0157341 -0.0165571 
0 0.00252594 0.0048616 0.00687371 0.00840109 0.00939786 0.00980641 0.00964634 0.00898 0.00788335 0.00652175 0.00501666 0.00352076 0.00210896 0.000843536 -0.000229093 -0.00109784 -0.00174336 -0.00225384 -0.00267154 -0.00309878 -0.00358037 -0.00415358 -0.00491175 -0.00584318 -0.00699468 -0.0083119 -0.00977468 -0.0113879 -0.0130989 -0.0148719 -0.0166504 -0.0184068 -0.0201122 -0.0217517 -0.0232313 -0.0245729 -0.0257494 -0.0267271 -0.0275257 -0.0280726 -0.0284339 -0.0285972 -0.0285386 -0.0282748 -0.0278348 -0.0272187 -0.0264481 -0.0255316 -0.0244898 -0.0233865 -0.0221833 -0.0209229 -0.0196307 -0.0183398 -0.0170349 -0.0157486 -0.0145182 -0.0133318 -0.0121877 -0.0111106 -0.0101095 -0.00916932 -0.00831999 -0.00752633 -0.00681868 -0.00618039 -0.00558719 -0.00506128 -0.00462709 -0.00421839 -0.00385724 -0.00356391 -0.00329668 -0.00305921 -0.00287657 -0.00273078 -0.0025908 -0.00246755 -0.00237666 -0.00232244 -0.0022579 -0.00220089 -0.00216484 -0.00213847 -0.00211093 -0.00209995 -0.00207306 -0.0020577 -0.00205939 -0.0020477 -0.00202565 -0.00203452 -0.00202736 -0.00201071 -0.00201501 -0.00201679 -0.00199719 -0.0020045 -0.00200713 -0.00199233 -0.00199426 -0.00200463 -0.00198807 -0.00199192 -0.0020023 -0.0019917 -0.00198888 -0.00200726 -0.00199796 -0.00199518 -0.00200737 -0.00201048 -0.00200793 -0.00201999 -0.00201269 -0.00201797 -0.00203535 -0.00203363 -0.00201316 -0.00202099 -0.00202922 -0.00201643 -0.00198014 -0.0019581 -0.00193531 -0.00187878 -0.00180872 -0.00174411 -0.00163023 -0.0014854 -0.00135633 -0.00117721 -0.000945288 -0.00069458 -0.000407426 -5.46319e-05 0.000325929 0.00076429 0.0012533 0.00181708 0.00244439 0.00313117 0.00388069 0.00471233 0.00561294 0.00657215 0.00760506 0.00870991 0.00987144 0.0110435 0.0122856 0.0135476 0.0148094 0.0160727 0.0173227 0.0185398 0.0197092 0.0207879 0.0217874 0.0227192 0.0234896 0.0241465 0.0246469 0.0249873 0.0251519 0.025089 0.0248223 0.0243401 0.0236153 0.0226159 0.0213622 0.0198264 0.0180363 0.015951 0.0135766 0.0109721 0.00813262 0.00513341 0.00198388 -0.00121355 -0.0043574 -0.00735454 -0.0101052 -0.0125566 -0.014609 -0.0162438 -0.0174291 -0.0182284 -0.0187072 -0.018927 -0.0190132 -0.0190296 -0.0191395 -0.0194128 -0.0198987 -0.0206158 -0.0214856 -0.0225305 -0.0236941 
0 0.00310262 0.00597048 0.00840109 0.0102219 0.0113392 0.0116998 0.01133 0.0102982 0.00872927 0.00681768 0.00473782 0.00268159 0.0007606 -0.00094865 -0.00237161 -0.00349987 -0.00432167 -0.00491683 -0.00539342 -0.00583044 -0.00632804 -0.0069415 -0.00774359 -0.0088002 -0.0100936 -0.0116157 -0.0133385 -0.0152336 -0.0172943 -0.0194309 -0.0215984 -0.0237572 -0.025867 -0.0278918 -0.0297565 -0.031445 -0.0329364 -0.0342213 -0.0352486 -0.0360111 -0.0365248 -0.0367829 -0.0367827 -0.0365216 -0.0360352 -0.0353423 -0.0344588 -0.0333638 -0.0321409 -0.030791 -0.0293183 -0.0277734 -0.0261709 -0.0245497 -0.0229155 -0.0212803 -0.0196745 -0.0181466 -0.0166419 -0.0152246 -0.0139029 -0.0126617 -0.0114934 -0.0104281 -0.00946305 -0.00858047 -0.00778196 -0.00707492 -0.00645232 -0.00586968 -0.00538408 -0.00496232 -0.00458994 -0.00426131 -0.00400177 -0.0037537 -0.00356169 -0.00340597 -0.00328 -0.00315506 -0.00306297 -0.00299625 -0.00295077 -0.00288795 -0.00284688 -0.00283027 -0.00280291 -0.00277332 -0.00276879 -0.00275344 -0.00273174 -0.0027353 -0.00272548 -0.00270736 -0.0027103 -0.00271053 -0.00268975 -0.00269621 -0.00269729 -0.00268278 -0.00268339 -0.00269371 -0.00267689 -0.00268021 -0.00269001 -0.00268104 -0.00267919 -0.00269443 -0.0026859 -0.00268649 -0.00270378 -0.00269871 -0.0026936 -0.00271193 -0.00272011 -0.00270815 -0.00271198 -0.0027157 -0.00272079 -0.00270383 -0.00268583 -0.00266326 -0.00264221 -0.00258784 -0.00253792 -0.00244916 -0.00234717 -0.00222599 -0.002084 -0.00188243 -0.00166761 -0.00139981 -0.00108648 -0.000724318 -0.000316114 0.000158337 0.000711674 0.00133092 0.00201054 0.00277942 0.00365046 0.00456624 0.00559617 0.00672267 0.0079226 0.00919168 0.010553 0.011973 0.0134604 0.0149801 0.016536 0.0181342 0.0197061 0.0212589 0.0227828 0.0242659 0.0256565 0.0269532 0.0281405 0.0292053 0.030104 0.0308143 0.0313407 0.0316637 0.0317554 0.0315708 0.0311366 0.0304185 0.0293992 0.0280526 0.0263563 0.0243491 0.0219972 0.0192916 0.0162497 0.0128908 0.00927678 0.00544069 0.0014324 -0.00262284 -0.00661132 -0.0103914 -0.0138484 -0.0169016 -0.0194353 -0.0214103 -0.0228165 -0.0237055 -0.0241841 -0.0243373 -0.0242994 -0.0242089 -0.0242146 -0.0244517 -0.0249726 -0.0257774 -0.0268279 -0.028083 -0.0295299 
0 0.00350042 0.00671345 0.00939786 0.0113392 0.0124267 0.0126026 0.0118927 0.0103954 0.00826661 0.00573867 0.00303753 0.000385706 -0.00206834 -0.00422072 -0.00599405 -0.00736125 -0.00832402 -0.00897694 -0.00943285 -0.00981543 -0.0102296 -0.0107585 -0.0115037 -0.012518 -0.0138218 -0.0153905 -0.0171979 -0.0192284 -0.0214451 -0.0237792 -0.0261687 -0.0285696 -0.0309411 -0.0332385 -0.035379 -0.037342 -0.0391006 -0.0406243 -0.0418846 -0.042846 -0.0435339 -0.043942 -0.0440545 -0.0438757 -0.0434349 -0.0427471 -0.0418252 -0.0406749 -0.0393437 -0.0378653 -0.0362355 -0.0344929 -0.0326685 -0.0307988 -0.0288887 -0.0269657 -0.0250706 -0.0232217 -0.0214089 -0.0196712 -0.0180269 -0.016471 -0.0150157 -0.0136644 -0.0124301 -0.0112986 -0.0102616 -0.00933343 -0.0085175 -0.00777176 -0.0071181 -0.00655298 -0.00605088 -0.00560965 -0.0052445 -0.00492844 -0.00465514 -0.00442248 -0.0042344 -0.00408089 -0.00394784 -0.00383949 -0.00375717 -0.00368395 -0.00362617 -0.00358904 -0.0035462 -0.00351272 -0.00349817 -0.00347687 -0.00345122 -0.00344821 -0.00343582 -0.00341778 -0.00341593 -0.00341277 -0.00339496 -0.00339717 -0.0033964 -0.00338382 -0.00338349 -0.00338992 -0.00337734 -0.00337976 -0.00338741 -0.0033807 -0.00338014 -0.00339413 -0.00338917 -0.00338978 -0.00340286 -0.00340533 -0.00340402 -0.00341577 -0.00341619 -0.00341426 -0.00341989 -0.00341425 -0.00339631 -0.00338069 -0.00335955 -0.00331868 -0.00325859 -0.00318602 -0.00310145 -0.00297754 -0.00282788 -0.0026557 -0.002435 -0.00216204 -0.0018662 -0.00150615 -0.00107631 -0.000588962 -3.59928e-05 0.000605101 0.0013266 0.0021347 0.00303005 0.00403432 0.00514361 0.00633525 0.00763137 0.00903417 0.0105223 0.0120854 0.0137343 0.0154513 0.0172186 0.0190034 0.0208224 0.0226512 0.0244482 0.0262061 0.0279133 0.0295468 0.0310695 0.0324571 0.033706 0.0348038 0.0356922 0.0363693 0.0368197 0.0370274 0.036962 0.0365831 0.0359034 0.034905 0.0335598 0.0318385 0.0297384 0.0272642 0.0244096 0.0211518 0.017504 0.0135097 0.00921222 0.00467255 -4.82073e-05 -0.00481459 -0.00947672 -0.013879 -0.0178809 -0.021373 -0.0242337 -0.026409 -0.0278883 -0.028744 -0.0290888 -0.0290443 -0.0287746 -0.0284432 -0.0282473 -0.0283304 -0.0287703 -0.0295746 -0.0306887 -0.0320862 -0.0337313 
0 0.00369391 0.00705668 0.00980641 0.0116998 0.0126026 0.0124546 0.0112845 0.00921923 0.00644858 0.00323672 -0.00013883 -0.00342875 -0.00644315 -0.00905118 -0.0111694 -0.0127545 -0.0138272 -0.0144875 -0.0148629 -0.0151097 -0.0153461 -0.0156857 -0.016246 -0.0170821 -0.0182387 -0.0196897 -0.0214144 -0.0234038 -0.025604 -0.0279641 -0.0304114 -0.0328984 -0.0353831 -0.0378104 -0.0401074 -0.0422405 -0.0441837 -0.0458935 -0.0473504 -0.0485089 -0.0493841 -0.04997 -0.0502439 -0.050213 -0.0498956 -0.0493062 -0.0484488 -0.0473479 -0.0460202 -0.0445135 -0.042829 -0.0409932 -0.0390493 -0.0370252 -0.0349327 -0.0328019 -0.0306779 -0.0285642 -0.0264891 -0.0244692 -0.0225329 -0.0206821 -0.0189375 -0.0172969 -0.015781 -0.0143844 -0.0130979 -0.0119342 -0.0108926 -0.0099538 -0.00911158 -0.00838018 -0.0077293 -0.00715879 -0.00666472 -0.00624893 -0.00588028 -0.00556766 -0.00530499 -0.0050936 -0.00490647 -0.0047549 -0.00463089 -0.00453187 -0.00444827 -0.00438564 -0.00432813 -0.00428507 -0.00425428 -0.00422504 -0.00419772 -0.0041836 -0.00416785 -0.00415051 -0.00414275 -0.00413458 -0.00412233 -0.00411813 -0.00411502 -0.00410591 -0.00410446 -0.00410489 -0.00409929 -0.00409953 -0.004104 -0.00410139 -0.00410296 -0.00411128 -0.00411221 -0.00411484 -0.00412271 -0.00412784 -0.00412968 -0.00413618 -0.004133 -0.00413081 -0.00412709 -0.00411434 -0.0040821 -0.00405274 -0.00400907 -0.00394402 -0.00384902 -0.00374594 -0.00360959 -0.00343596 -0.00322414 -0.00298316 -0.0026772 -0.00231989 -0.00191294 -0.00143537 -0.000872084 -0.000238524 0.000480374 0.00130427 0.00222283 0.00324494 0.00437369 0.00562177 0.00697409 0.00843657 0.00999597 0.0116639 0.0134167 0.0152412 0.017132 0.0190847 0.0210638 0.0230471 0.0250448 0.0270162 0.0289396 0.0307918 0.0325636 0.0342247 0.0357511 0.0371071 0.0382934 0.0392917 0.0400498 0.0405693 0.0408292 0.0408186 0.040506 0.0398657 0.0388918 0.0375793 0.0358935 0.0338047 0.03132 0.0284222 0.0251194 0.0213859 0.0172315 0.0127099 0.00785751 0.00274944 -0.00253316 -0.00784937 -0.0130199 -0.0178723 -0.0222456 -0.0259986 -0.0290112 -0.0312145 -0.032605 -0.0332706 -0.0333322 -0.0329501 -0.0323127 -0.0316166 -0.0310928 -0.0308985 -0.031133 -0.0318097 -0.0328727 -0.034298 -0.0360402 
0 0.00369061 0.00701984 0.00964634 0.01133 0.0118927 0.0112845 0.00954541 0.00681631 0.00333339 -0.000617957 -0.00471064 -0.00867102 -0.0122626 -0.0153395 -0.0177933 -0.0195809 -0.0207447 -0.0213622 -0.0216206 -0.021653 -0.0216297 -0.021695 -0.0219394 -0.0224926 -0.0233492 -0.0245363 -0.0260357 -0.0278095 -0.0298441 -0.0320618 -0.0344082 -0.0368305 -0.0392848 -0.0416954 -0.0440351 -0.0462284 -0.0482569 -0.0501015 -0.0516847 -0.0530284 -0.0540855 -0.054856 -0.0553312 -0.0555003 -0.0553671 -0.0549555 -0.0542612 -0.0532872 -0.0520852 -0.0506426 -0.0490046 -0.0471866 -0.0452255 -0.0431373 -0.0409643 -0.0387184 -0.0364263 -0.0341362 -0.0318502 -0.0296001 -0.027414 -0.0253116 -0.0232778 -0.0213699 -0.0195743 -0.0178972 -0.0163541 -0.0149489 -0.0136529 -0.0124853 -0.0114475 -0.0105161 -0.00969251 -0.00896992 -0.00833781 -0.00777356 -0.00729691 -0.00689548 -0.00655167 -0.00623822 -0.00598937 -0.0057881 -0.00561967 -0.00546763 -0.00535272 -0.00525731 -0.00518593 -0.00512043 -0.00506955 -0.00502847 -0.00500075 -0.00496969 -0.00494949 -0.00493217 -0.00491767 -0.00490316 -0.00489681 -0.00488561 -0.00487926 -0.00487471 -0.00487136 -0.00486564 -0.00486787 -0.00486544 -0.00486598 -0.00486873 -0.00487396 -0.00487268 -0.00488033 -0.00488551 -0.00489187 -0.00489145 -0.00489424 -0.00489364 -0.00489799 -0.00487891 -0.00485437 -0.00483014 -0.00480174 -0.00473214 -0.00464816 -0.00454909 -0.00443194 -0.00426553 -0.00406559 -0.00382644 -0.00354104 -0.00319404 -0.00280111 -0.00233614 -0.00178163 -0.00115679 -0.00044573 0.000370029 0.00128651 0.00230199 0.0034546 0.00470973 0.0060815 0.00757112 0.00917974 0.0108797 0.0126934 0.0145962 0.0165671 0.0185999 0.0206791 0.0227844 0.0248918 0.0270006 0.0290583 0.0310785 0.0330107 0.0348343 0.0365411 0.038108 0.0394918 0.0406931 0.0416908 0.042445 0.0429734 0.0432103 0.0431839 0.0428709 0.0422364 0.0412808 0.0399839 0.038333 0.0363049 0.0338812 0.0310301 0.027782 0.0240904 0.0199657 0.0154225 0.0104724 0.00521119 -0.000329244 -0.00601719 -0.0117081 -0.0172188 -0.0223387 -0.0269038 -0.0307386 -0.0337282 -0.0357873 -0.0369358 -0.0372515 -0.0368836 -0.0360245 -0.0348699 -0.0336857 -0.0326838 -0.0320742 -0.0319623 -0.0323553 -0.0332479 -0.0345612 -0.0362927 
0 0.00351307 0.00662675 0.00898 0.0102982 0.0103954 0.00921923 0.00681631 0.00335554 -0.00089545 -0.00562293 -0.0104577 -0.0151004 -0.019287 -0.0228229 -0.0256178 -0.0276004 -0.0288293 -0.0294113 -0.0294925 -0.029287 -0.0289427 -0.0286384 -0.0285161 -0.0286462 -0.0291166 -0.0299183 -0.0310495 -0.0325037 -0.0342134 -0.0361561 -0.038262 -0.0404794 -0.0427624 -0.0450525 -0.047302 -0.0494623 -0.0515039 -0.0533677 -0.0550516 -0.0565085 -0.0577199 -0.0586809 -0.0593609 -0.0597582 -0.0598686 -0.0596852 -0.0592019 -0.0584692 -0.0574442 -0.0561832 -0.0547017 -0.0529951 -0.0511144 -0.0490729 -0.0468929 -0.0446167 -0.0422808 -0.0398665 -0.0374612 -0.0350466 -0.0326574 -0.0303203 -0.028075 -0.0259097 -0.0238489 -0.021912 -0.0200984 -0.0184122 -0.0168635 -0.0154756 -0.0141884 -0.01304 -0.0120135 -0.011106 -0.0102885 -0.00960596 -0.00898482 -0.00844277 -0.00797302 -0.00759845 -0.00726469 -0.00697635 -0.00672473 -0.0065435 -0.00638381 -0.00624032 -0.00612957 -0.00605 -0.00597142 -0.00591479 -0.00587396 -0.00582877 -0.00579999 -0.00578203 -0.00575671 -0.00573659 -0.00573404 -0.00571631 -0.00570583 -0.00570578 -0.0057001 -0.00568882 -0.00569765 -0.00569485 -0.00569058 -0.00569827 -0.00570396 -0.00570067 -0.00571228 -0.00571688 -0.00571034 -0.00572085 -0.0057244 -0.00570582 -0.0056855 -0.00567774 -0.00564185 -0.00558698 -0.00550301 -0.00542412 -0.00531343 -0.00516343 -0.00495904 -0.00474821 -0.00446857 -0.00414752 -0.0037606 -0.00331176 -0.00276571 -0.00216532 -0.00146305 -0.000667705 0.000242487 0.00125823 0.00239659 0.00365775 0.00502666 0.00652 0.00814247 0.00987894 0.0117007 0.0136525 0.0156575 0.017734 0.0198719 0.0220455 0.024223 0.0264161 0.0285633 0.0306623 0.0327027 0.0346238 0.0364473 0.0381264 0.0396436 0.0409732 0.0421106 0.0430146 0.0436919 0.0441207 0.0442813 0.0441806 0.0437899 0.0431086 0.042117 0.0408133 0.0391661 0.0371834 0.0348311 0.0320854 0.0289541 0.0253868 0.0214037 0.0169857 0.0121329 0.00690875 0.00134008 -0.0044716 -0.0104024 -0.0163101 -0.0219691 -0.0271891 -0.031767 -0.0355124 -0.0383145 -0.0400809 -0.0408308 -0.0406644 -0.0397254 -0.038243 -0.0364531 -0.0346216 -0.0330204 -0.0318433 -0.0312263 -0.0312067 -0.0317542 -0.0328431 -0.034426 
0 0.0031815 0.00594308 0.00788335 0.00872927 0.00826661 0.00644858 0.00333339 -0.00089545 -0.00593429 -0.0114438 -0.0170293 -0.0223648 -0.0271412 -0.0311577 -0.0342837 -0.0364642 -0.0377707 -0.0382831 -0.0382101 -0.0377236 -0.0370339 -0.0363442 -0.0357645 -0.0354483 -0.0354256 -0.0357527 -0.036436 -0.0374383 -0.0387418 -0.0402974 -0.0420591 -0.0439731 -0.0459915 -0.048036 -0.0501129 -0.0521354 -0.054081 -0.0559268 -0.0576064 -0.059148 -0.0604726 -0.0615756 -0.0624458 -0.0630698 -0.0634218 -0.0635072 -0.0633137 -0.0628486 -0.0621185 -0.0610996 -0.0598474 -0.0583556 -0.0566591 -0.0547508 -0.0526897 -0.0504884 -0.048155 -0.0457336 -0.0432665 -0.0407617 -0.0382489 -0.0357677 -0.033309 -0.0309362 -0.0286345 -0.0264368 -0.0243707 -0.0224352 -0.0206021 -0.0189343 -0.017406 -0.0160073 -0.0147526 -0.0136365 -0.0126291 -0.0117299 -0.0109491 -0.0102795 -0.00969029 -0.00915795 -0.00872074 -0.00835234 -0.00803336 -0.00776204 -0.00754163 -0.00734452 -0.00720439 -0.00708104 -0.00696888 -0.00688669 -0.00683604 -0.00676684 -0.00672741 -0.0067014 -0.00666838 -0.00663918 -0.00663835 -0.00661315 -0.00660015 -0.0066011 -0.0065946 -0.00657846 -0.00659307 -0.00658725 -0.00658204 -0.00659284 -0.00660195 -0.00658843 -0.00660523 -0.00661058 -0.00660243 -0.00659651 -0.00659518 -0.00656737 -0.00654864 -0.00650153 -0.00642941 -0.00635336 -0.00626529 -0.00611385 -0.00593258 -0.0057276 -0.00548369 -0.00517061 -0.00479328 -0.00436475 -0.00385936 -0.00325906 -0.00258642 -0.00182174 -0.000911889 8.72045e-05 0.00119518 0.00243939 0.00381277 0.00529113 0.00691852 0.00865039 0.010498 0.0124375 0.0144631 0.0165696 0.0187402 0.0209412 0.0231638 0.0253962 0.0275928 0.0297472 0.0318267 0.033842 0.0357161 0.0374592 0.0390469 0.0404487 0.0416506 0.042638 0.0433945 0.0439219 0.0442009 0.044195 0.0439602 0.0434303 0.0426354 0.0415602 0.0401857 0.038536 0.0365642 0.0342652 0.0316222 0.0286213 0.0252261 0.0214426 0.0172278 0.012606 0.00758351 0.00216835 -0.00354279 -0.00950038 -0.015531 -0.0214856 -0.0271549 -0.0323033 -0.0367354 -0.040234 -0.0426896 -0.0440116 -0.0442317 -0.0434417 -0.0418121 -0.0395927 -0.0370338 -0.0344581 -0.0321136 -0.0302431 -0.0289875 -0.028389 -0.028476 -0.0291794 -0.0304978 
0 0.00275789 0.00507119 0.00652175 0.00681768 0.00573867 0.00323672 -0.000617957 -0.00562293 -0.0114438 -0.0177239 -0.0240436 -0.0300463 -0.0354077 -0.0398833 -0.0433482 -0.0457362 -0.0471215 -0.0476072 -0.0473713 -0.0466326 -0.0455989 -0.044496 -0.0434712 -0.0426506 -0.0421201 -0.0419296 -0.0421012 -0.042612 -0.0434269 -0.0445217 -0.0458577 -0.0473837 -0.0490468 -0.0507927 -0.0526083 -0.0544347 -0.0562338 -0.0579641 -0.0596032 -0.0611448 -0.0625279 -0.0637419 -0.0647711 -0.0655996 -0.0662015 -0.0665516 -0.0666433 -0.0664991 -0.0660774 -0.0653798 -0.0644392 -0.0632389 -0.0618024 -0.0601268 -0.0582507 -0.0562077 -0.0540032 -0.0516504 -0.0492199 -0.0467063 -0.0441326 -0.0415447 -0.0389715 -0.0364347 -0.0339377 -0.0315217 -0.0292115 -0.0270034 -0.0249093 -0.0229837 -0.0211798 -0.0195117 -0.0179988 -0.0166345 -0.0153939 -0.0143013 -0.0133244 -0.0124599 -0.011697 -0.0110418 -0.0104801 -0.00998409 -0.00954871 -0.00920233 -0.00890716 -0.00863811 -0.00843246 -0.00826634 -0.00811155 -0.0079969 -0.00791506 -0.00782415 -0.00776533 -0.00772819 -0.00768058 -0.007644 -0.00763666 -0.00760748 -0.00758891 -0.0075905 -0.00758059 -0.00756428 -0.00757881 -0.00757503 -0.00756711 -0.00758044 -0.00758804 -0.00757624 -0.00758989 -0.00759099 -0.00757199 -0.00756705 -0.00755408 -0.00750177 -0.00745268 -0.00739635 -0.0072957 -0.00716743 -0.00701396 -0.00682324 -0.00658689 -0.00629863 -0.00594692 -0.00554012 -0.00505053 -0.00449372 -0.00384246 -0.00308028 -0.00221367 -0.00125488 -0.000149729 0.00106903 0.00240952 0.00388856 0.0055015 0.00722035 0.00905359 0.0109931 0.0130363 0.0151476 0.0173117 0.019545 0.0217853 0.0240159 0.0262416 0.0284328 0.0305439 0.0325725 0.0344781 0.0362623 0.0378762 0.0392969 0.040541 0.0415728 0.0423669 0.0429216 0.043238 0.0433069 0.0431215 0.0426668 0.0419792 0.0410382 0.0398376 0.0383745 0.0366476 0.0346669 0.0323929 0.0298191 0.0269327 0.0237197 0.0201549 0.0162056 0.0118595 0.0071286 0.00201151 -0.00345931 -0.00922458 -0.0151868 -0.0211791 -0.0270472 -0.0325624 -0.0375027 -0.0416391 -0.0447557 -0.0467385 -0.0475003 -0.0470751 -0.0455586 -0.0431321 -0.0400653 -0.0366431 -0.0331979 -0.0300081 -0.0273186 -0.0252945 -0.0240106 -0.0234992 -0.0237269 -0.0246749 
0 0.0022786 0.00409299 0.00501666 0.00473782 0.00303753 -0.00013883 -0.00471064 -0.0104577 -0.0170293 -0.0240436 -0.0310672 -0.0377136 -0.0436407 -0.0485737 -0.0523736 -0.0549784 -0.0564566 -0.0569274 -0.0565585 -0.0555876 -0.0542383 -0.0527493 -0.0512925 -0.0499886 -0.0489507 -0.0482389 -0.0478891 -0.0478869 -0.048197 -0.0488087 -0.0496914 -0.0507985 -0.0520708 -0.0534684 -0.0549731 -0.0565434 -0.0581342 -0.0597019 -0.0612415 -0.0627323 -0.0641234 -0.0653915 -0.0665265 -0.0675136 -0.0683237 -0.0689216 -0.0693011 -0.0694764 -0.0693906 -0.0690417 -0.0684464 -0.0675945 -0.06649 -0.0651279 -0.0635354 -0.0617409 -0.0597418 -0.0575497 -0.0552358 -0.0527982 -0.0502563 -0.0476487 -0.0450154 -0.0423702 -0.0397289 -0.0371363 -0.034624 -0.0321848 -0.0298394 -0.0276409 -0.0255617 -0.0236185 -0.021833 -0.0202029 -0.0187042 -0.0173621 -0.0161581 -0.0150907 -0.0141365 -0.0133023 -0.0125785 -0.0119446 -0.0113868 -0.0109275 -0.010529 -0.0101765 -0.00989684 -0.00966675 -0.00945622 -0.009296 -0.00917422 -0.00905475 -0.00896888 -0.00891075 -0.00884749 -0.00880017 -0.00878047 -0.00874649 -0.00872269 -0.00872025 -0.00870776 -0.00869266 -0.00870365 -0.00870084 -0.00869331 -0.00870592 -0.0087102 -0.00869783 -0.00870528 -0.00870089 -0.00867106 -0.00865022 -0.00861745 -0.0085464 -0.00846548 -0.00836834 -0.0082215 -0.00804552 -0.00783243 -0.00756577 -0.00723887 -0.00685764 -0.00640079 -0.00586815 -0.00523566 -0.00451899 -0.0036922 -0.00274441 -0.00167937 -0.000502368 0.000829138 0.00228207 0.00385198 0.00555567 0.00738454 0.00931117 0.0113316 0.0134426 0.0156231 0.0178379 0.0200714 0.0223389 0.0245734 0.0267552 0.0288861 0.0309326 0.0328488 0.03463 0.0362517 0.0377049 0.0389525 0.0399677 0.0407777 0.0413523 0.0416691 0.0417365 0.0415703 0.0411626 0.0405054 0.0396005 0.0384755 0.0371314 0.0355496 0.0337357 0.0317005 0.0294463 0.0269367 0.0241572 0.0211012 0.0177525 0.0140866 0.0100565 0.00566144 0.000910175 -0.00419998 -0.00963428 -0.0153449 -0.0212087 -0.0270605 -0.0327312 -0.0379894 -0.0426072 -0.0463343 -0.0489576 -0.0503537 -0.0504502 -0.0492791 -0.0469417 -0.0436335 -0.0396395 -0.0352779 -0.0308902 -0.0267766 -0.0231877 -0.0203092 -0.0182481 -0.0170516 -0.0167151 -0.0172148 
0 0.00179884 0.00311686 0.00352076 0.00268159 0.000385706 -0.00342875 -0.00867102 -0.0151004 -0.0223648 -0.0300463 -0.0377136 -0.0449571 -0.0514027 -0.0567776 -0.0608963 -0.0637236 -0.0653185 -0.0657875 -0.0653366 -0.0641639 -0.0625443 -0.0607215 -0.0588608 -0.0571354 -0.0556254 -0.0544361 -0.053608 -0.0531159 -0.0529534 -0.0530974 -0.0535334 -0.0542191 -0.055102 -0.0561306 -0.0573158 -0.0586026 -0.0599442 -0.0613265 -0.0627059 -0.0641015 -0.0654489 -0.0667179 -0.0679102 -0.0690116 -0.0699748 -0.0707777 -0.0714162 -0.0718623 -0.0721117 -0.072108 -0.071873 -0.0714022 -0.0706756 -0.0696734 -0.0684367 -0.0669697 -0.06525 -0.0633255 -0.0612137 -0.0589393 -0.0565126 -0.0539818 -0.0513553 -0.0486885 -0.0459787 -0.0432686 -0.0405999 -0.0379826 -0.0354225 -0.0329694 -0.0306425 -0.0284255 -0.0263573 -0.0244434 -0.0226839 -0.0210561 -0.0195991 -0.0182936 -0.0171267 -0.01607 -0.0151598 -0.0143568 -0.0136575 -0.0130471 -0.0125278 -0.0120712 -0.0117008 -0.0113801 -0.0111044 -0.0108812 -0.0107074 -0.010547 -0.0104266 -0.010335 -0.0102532 -0.0101886 -0.0101507 -0.010109 -0.0100799 -0.0100677 -0.0100531 -0.010039 -0.0100443 -0.0100403 -0.0100355 -0.0100421 -0.0100433 -0.0100274 -0.0100244 -0.0100067 -0.00996921 -0.00991959 -0.0098586 -0.00975892 -0.00964574 -0.00948716 -0.00928491 -0.00904256 -0.00876414 -0.00839312 -0.00796095 -0.00746196 -0.00688435 -0.00618235 -0.00538966 -0.00448833 -0.00346201 -0.00229249 -0.0010187 0.000395895 0.00196214 0.00364203 0.00542966 0.00734781 0.00936835 0.0114537 0.0136251 0.0158436 0.0180945 0.0203407 0.0225808 0.0247782 0.0269214 0.0289545 0.0308786 0.032676 0.0342987 0.0357254 0.0369635 0.0379994 0.0387758 0.0393257 0.0396355 0.0397054 0.0395204 0.039091 0.0384326 0.0375622 0.036457 0.0351252 0.033625 0.0319191 0.030026 0.0279362 0.0256622 0.0232142 0.0205497 0.0176471 0.0145079 0.0111186 0.00742567 0.00341585 -0.000949747 -0.00564272 -0.0106554 -0.0159921 -0.0215528 -0.0272413 -0.0328689 -0.0382456 -0.0431667 -0.0473633 -0.0505969 -0.0526471 -0.0533807 -0.052747 -0.0507709 -0.047559 -0.0433235 -0.03836 -0.0330109 -0.0276392 -0.0225447 -0.0180043 -0.0142172 -0.0113159 -0.00938911 -0.00843112 -0.00844333 
0 0.00134064 0.00218959 0.00210896 0.0007606 -0.00206834 -0.00644315 -0.0122626 -0.019287 -0.0271412 -0.0354077 -0.0436407 -0.0514027 -0.0583302 -0.0640878 -0.0685212 -0.0715694 -0.0732754 -0.0738003 -0.0732731 -0.0719716 -0.0701379 -0.0680202 -0.0658543 -0.0637405 -0.0618494 -0.0602518 -0.0589994 -0.0581024 -0.057522 -0.0572591 -0.057301 -0.0576082 -0.058115 -0.0588219 -0.059672 -0.0606758 -0.0617731 -0.0629141 -0.0641354 -0.0653776 -0.0666354 -0.0678652 -0.0690666 -0.0702149 -0.0712951 -0.0722503 -0.0730779 -0.0737859 -0.0743026 -0.0746349 -0.0747564 -0.0746678 -0.0743232 -0.0737391 -0.072887 -0.0717948 -0.070457 -0.0688584 -0.0670441 -0.0650274 -0.0628113 -0.060417 -0.0579253 -0.0553057 -0.0526089 -0.0498671 -0.0471164 -0.0443511 -0.0416417 -0.0390002 -0.0364366 -0.0339711 -0.0316376 -0.0294399 -0.027382 -0.0254966 -0.0237641 -0.0221764 -0.0207348 -0.0194744 -0.0183428 -0.0173318 -0.0164339 -0.0156763 -0.0150057 -0.0144265 -0.0139217 -0.0135073 -0.0131438 -0.0128482 -0.0125933 -0.0123905 -0.0122172 -0.0120877 -0.0119721 -0.0118902 -0.0118208 -0.0117736 -0.0117302 -0.0117096 -0.0116854 -0.0116767 -0.0116668 -0.0116668 -0.0116568 -0.0116582 -0.0116446 -0.0116339 -0.0116055 -0.0115703 -0.0115062 -0.0114396 -0.0113326 -0.0111925 -0.0110093 -0.010809 -0.0105384 -0.0102028 -0.0097979 -0.00934632 -0.00879244 -0.00813833 -0.00737594 -0.00651705 -0.00552806 -0.00441393 -0.00316583 -0.00177927 -0.000253603 0.00139593 0.00316241 0.00506253 0.00705601 0.00914316 0.011306 0.0135296 0.015755 0.0180219 0.0202717 0.0224735 0.0246093 0.0266772 0.0286036 0.0303849 0.0320179 0.0334571 0.0346913 0.0356943 0.0364756 0.0370046 0.0372983 0.0373182 0.0371189 0.0366851 0.0360007 0.0350936 0.0339898 0.0326868 0.031182 0.0295169 0.0276754 0.0257175 0.0235874 0.0213055 0.0189027 0.0163438 0.013622 0.0107006 0.00757598 0.00422462 0.000618899 -0.00331618 -0.00755579 -0.0121143 -0.0169881 -0.0221245 -0.0275022 -0.0329311 -0.0382677 -0.0433053 -0.047803 -0.0515376 -0.0542134 -0.0556434 -0.0556825 -0.0542821 -0.0514785 -0.0473779 -0.0422059 -0.0362693 -0.0299403 -0.0235719 -0.0175003 -0.0119923 -0.00727488 -0.00352299 -0.000821719 0.000771606 0.00127987 
0 0.000924341 0.00134678 0.000843536 -0.00094865 -0.00422072 -0.00905118 -0.0153395 -0.0228229 -0.0311577 -0.0398833 -0.0485737 -0.0567776 -0.0640878 -0.0702086 -0.0749138 -0.0781762 -0.0800277 -0.0805947 -0.0800739 -0.0786719 -0.0766907 -0.0743738 -0.0719377 -0.0695538 -0.0673408 -0.0654169 -0.0638329 -0.062594 -0.0616855 -0.0611011 -0.0608223 -0.0608148 -0.0610317 -0.0614307 -0.0620098 -0.062741 -0.0635798 -0.0645197 -0.0655384 -0.0666273 -0.0677705 -0.0689191 -0.0700782 -0.0712421 -0.0723602 -0.0734239 -0.074421 -0.0753064 -0.0760847 -0.0767018 -0.0771388 -0.0774064 -0.0774548 -0.0772675 -0.0768507 -0.0761816 -0.0752392 -0.0740498 -0.0725992 -0.0709144 -0.0690007 -0.0668834 -0.0645733 -0.0621056 -0.0595117 -0.0568151 -0.0540532 -0.0512617 -0.0484549 -0.045649 -0.0429155 -0.0402468 -0.0376716 -0.0352164 -0.0329011 -0.0307023 -0.0286771 -0.0268205 -0.0251292 -0.0235747 -0.0221813 -0.0209482 -0.0198663 -0.0188907 -0.0180385 -0.0173078 -0.0166743 -0.0161222 -0.0156569 -0.0152594 -0.0149242 -0.014651 -0.0144202 -0.0142301 -0.0140819 -0.0139641 -0.0138646 -0.0137962 -0.0137424 -0.0136999 -0.0136712 -0.0136557 -0.0136357 -0.0136251 -0.0136161 -0.0135992 -0.0135749 -0.0135461 -0.0134964 -0.0134312 -0.0133453 -0.013219 -0.0130631 -0.0128781 -0.0126364 -0.0123231 -0.0119624 -0.0115355 -0.0110263 -0.0104028 -0.00968394 -0.00886705 -0.00793768 -0.00684896 -0.00564367 -0.00430067 -0.00281573 -0.00119521 0.000534837 0.00241266 0.00439667 0.00646941 0.00861587 0.0108284 0.0130751 0.0153371 0.0175969 0.019821 0.0219755 0.0240352 0.0259895 0.0277881 0.0294343 0.0308831 0.0321158 0.0331313 0.0339056 0.0344145 0.0346981 0.0347294 0.0344946 0.034034 0.0333323 0.0324117 0.0312842 0.0299543 0.0284595 0.0268159 0.0250071 0.0230709 0.0210283 0.0188769 0.0166255 0.0142694 0.011822 0.00927786 0.00659746 0.00375397 0.0007357 -0.00248425 -0.00595693 -0.00971699 -0.0137844 -0.0181537 -0.0228036 -0.0277305 -0.0328331 -0.0379767 -0.0429818 -0.0476185 -0.0516867 -0.0548981 -0.057003 -0.0577942 -0.0571236 -0.0549717 -0.0513493 -0.0463896 -0.0403191 -0.0334528 -0.0261806 -0.0188617 -0.0118355 -0.00538796 0.000238751 0.00484461 0.00830205 0.0105474 0.0115715 
0 0.000565589 0.000633153 -0.000229093 -0.00237161 -0.00599405 -0.0111694 -0.0177933 -0.0256178 -0.0342837 -0.0433482 -0.0523736 -0.0608963 -0.0685212 -0.0749138 -0.0798666 -0.0833264 -0.0853151 -0.0859829 -0.0854823 -0.0840608 -0.0819952 -0.0795296 -0.0769211 -0.0743138 -0.0718736 -0.0697063 -0.0678656 -0.0663804 -0.0652268 -0.064398 -0.0638789 -0.0636322 -0.063609 -0.0637975 -0.064149 -0.06467 -0.0653138 -0.0660558 -0.0669103 -0.0678336 -0.068843 -0.069897 -0.0709996 -0.0721309 -0.0732718 -0.074396 -0.0754878 -0.0765257 -0.0774849 -0.0783479 -0.0790746 -0.0796663 -0.080061 -0.0802728 -0.080257 -0.0800041 -0.0795123 -0.0787633 -0.077741 -0.0764645 -0.0749269 -0.0731345 -0.0711363 -0.0689141 -0.0665242 -0.0639771 -0.0613012 -0.0585257 -0.0557134 -0.0528557 -0.0500101 -0.0471891 -0.0444265 -0.0417439 -0.0391722 -0.036732 -0.0344356 -0.0322734 -0.0302749 -0.028466 -0.0268073 -0.0253089 -0.0239695 -0.02278 -0.0217273 -0.0208197 -0.0200038 -0.0193065 -0.0187143 -0.0182046 -0.0177558 -0.0174037 -0.0170939 -0.0168392 -0.0166357 -0.0164784 -0.0163335 -0.0162422 -0.0161629 -0.0161003 -0.0160534 -0.016031 -0.0159896 -0.0159708 -0.0159459 -0.0159099 -0.0158598 -0.0158161 -0.0157236 -0.0156177 -0.0154865 -0.0153144 -0.0150827 -0.0148197 -0.0144801 -0.0140821 -0.0136063 -0.0130286 -0.0123454 -0.0115824 -0.0106848 -0.00964574 -0.00847916 -0.00717983 -0.00574106 -0.00415917 -0.00244265 -0.000599174 0.00135911 0.00342634 0.00555238 0.00776503 0.0100232 0.0122985 0.0145647 0.0168143 0.018979 0.0210768 0.023054 0.024887 0.0265568 0.0280284 0.0292786 0.030306 0.0310909 0.0316192 0.0319073 0.0319224 0.0317005 0.0312196 0.030511 0.0295771 0.0284414 0.0271171 0.0256185 0.0239616 0.0221763 0.0202776 0.0182684 0.016197 0.0140431 0.0118527 0.00959472 0.00727497 0.00490852 0.00245735 -8.92914e-05 -0.0027707 -0.0056093 -0.00863646 -0.0118959 -0.0154465 -0.0192811 -0.0234202 -0.0278382 -0.0324941 -0.0373213 -0.0421339 -0.0467749 -0.0510052 -0.0545968 -0.0572951 -0.0588209 -0.0589891 -0.0576507 -0.0547774 -0.0503971 -0.0446361 -0.0377344 -0.0300121 -0.0218646 -0.013657 -0.00573793 0.00159729 0.00808505 0.0134964 0.0176806 0.0205393 0.0220528 
0 0.000266423 4.23157e-05 -0.00109784 -0.00349987 -0.00736125 -0.0127545 -0.0195809 -0.0276004 -0.0364642 -0.0457362 -0.0549784 -0.0637236 -0.0715694 -0.0781762 -0.0833264 -0.0869578 -0.0890832 -0.0898449 -0.0893978 -0.0879877 -0.0858876 -0.0833416 -0.0806152 -0.0778649 -0.075266 -0.0729265 -0.0709042 -0.0692419 -0.0679197 -0.0669333 -0.0662572 -0.0658552 -0.0656847 -0.0657272 -0.0659308 -0.0662966 -0.0667909 -0.0673931 -0.0681148 -0.0689085 -0.0698023 -0.0707615 -0.0717878 -0.0728661 -0.073984 -0.075135 -0.0762945 -0.0774384 -0.078545 -0.079602 -0.0805611 -0.0814216 -0.0821308 -0.0827011 -0.0830805 -0.0832407 -0.0831843 -0.0828837 -0.082316 -0.0814862 -0.0803932 -0.0790246 -0.0774063 -0.0755173 -0.0734213 -0.0711184 -0.0686307 -0.0659987 -0.0632678 -0.0604279 -0.0575486 -0.0546587 -0.0517797 -0.0489421 -0.0461723 -0.0435004 -0.040946 -0.0385239 -0.0362556 -0.034158 -0.0322017 -0.0304332 -0.0288419 -0.0274001 -0.0261082 -0.0249927 -0.0239872 -0.0231153 -0.0223695 -0.0217209 -0.0211504 -0.0206948 -0.0202933 -0.0199557 -0.0196872 -0.0194726 -0.0192782 -0.019147 -0.0190362 -0.0189422 -0.0188725 -0.018828 -0.0187629 -0.0187206 -0.0186736 -0.0186056 -0.0185213 -0.0184386 -0.0182987 -0.0181376 -0.017943 -0.0176896 -0.0173704 -0.0170157 -0.0165566 -0.0160132 -0.015389 -0.014655 -0.0137821 -0.0128045 -0.0116816 -0.0104175 -0.00901538 -0.00747213 -0.00578269 -0.00396262 -0.0020231 1.46012e-05 0.0021504 0.00437235 0.0066222 0.0089131 0.0112098 0.0134693 0.0156699 0.0178127 0.0198216 0.0216999 0.0234005 0.0249113 0.0262082 0.0272688 0.0280811 0.0286525 0.0289526 0.0289849 0.0287775 0.0283095 0.0276171 0.0266889 0.0255656 0.0242486 0.0227582 0.021114 0.0193494 0.0174729 0.0155162 0.0134948 0.011418 0.0093268 0.00719194 0.0050594 0.00290384 0.000727121 -0.00147116 -0.0037292 -0.00606265 -0.00851043 -0.0111088 -0.0138955 -0.0169081 -0.0202054 -0.0237807 -0.0276608 -0.0318156 -0.0361938 -0.0407209 -0.0452084 -0.0494922 -0.053325 -0.0564691 -0.0586674 -0.05965 -0.0592324 -0.0572693 -0.0537333 -0.0486548 -0.0421697 -0.0345219 -0.0260362 -0.0171085 -0.00810599 0.000615339 0.00875019 0.0160158 0.0221597 0.0270035 0.0304214 0.0323726 
0 3.77309e-05 -0.000408728 -0.00174336 -0.00432167 -0.00832402 -0.0138272 -0.0207447 -0.0288293 -0.0377707 -0.0471215 -0.0564566 -0.0653185 -0.0732754 -0.0800277 -0.0853151 -0.0890832 -0.0913398 -0.0921811 -0.0918165 -0.0904366 -0.0883349 -0.0857573 -0.0829434 -0.0801117 -0.0774057 -0.0749573 -0.0728244 -0.0710497 -0.0696272 -0.0685515 -0.0677826 -0.067285 -0.0670443 -0.0669993 -0.0671413 -0.0674257 -0.0678343 -0.0683703 -0.068998 -0.0697067 -0.0705089 -0.0713937 -0.0723492 -0.0733838 -0.0744599 -0.0756081 -0.0768007 -0.0779893 -0.0791991 -0.0803955 -0.0815451 -0.0826261 -0.0836152 -0.0844857 -0.0852216 -0.0857677 -0.086123 -0.0862763 -0.0861784 -0.0858191 -0.0851968 -0.0843135 -0.0831332 -0.0816773 -0.0799749 -0.0780234 -0.0758186 -0.0734387 -0.07089 -0.0681796 -0.0653744 -0.0625066 -0.0595875 -0.056662 -0.0537726 -0.0509317 -0.0481735 -0.0455152 -0.043003 -0.0406262 -0.0383944 -0.0363428 -0.0344837 -0.0327625 -0.0312227 -0.0298659 -0.0286499 -0.0275692 -0.0266503 -0.0258354 -0.0251295 -0.0245403 -0.0240348 -0.0235948 -0.0232489 -0.0229558 -0.022706 -0.0225151 -0.0223641 -0.0222238 -0.0221234 -0.0220376 -0.0219447 -0.0218605 -0.0217803 -0.0216632 -0.0215372 -0.0213902 -0.0211911 -0.0209499 -0.0206774 -0.0203148 -0.0198863 -0.0193963 -0.0187988 -0.0180768 -0.0172708 -0.0163289 -0.0152422 -0.0140182 -0.0126564 -0.0111384 -0.00948598 -0.00768757 -0.00576878 -0.00373091 -0.00159115 0.000621277 0.00289403 0.00521609 0.00753192 0.0098271 0.0120968 0.0142722 0.0163348 0.0182704 0.020044 0.0216065 0.0229605 0.0240883 0.0249675 0.0255668 0.0259197 0.0260172 0.0258323 0.025405 0.0247428 0.0238491 0.0227455 0.0214484 0.019977 0.0183807 0.0166363 0.0147907 0.012889 0.0109156 0.00890915 0.00688648 0.00486471 0.00285961 0.000873225 -0.00110519 -0.00305192 -0.00499485 -0.00696012 -0.00895407 -0.0110259 -0.0131926 -0.0155102 -0.0180186 -0.0207626 -0.0237758 -0.027087 -0.0307069 -0.0345961 -0.038722 -0.0429473 -0.0471361 -0.0510813 -0.0545322 -0.0572682 -0.0589893 -0.0594808 -0.0585334 -0.0560119 -0.0518986 -0.046207 -0.0391003 -0.030811 -0.0216695 -0.0120686 -0.00237502 0.00704664 0.0158791 0.0238219 0.0306041 0.0360162 0.0399141 0.0422279 
