0 0 0 0 0 0 0 0 0 0 0 0 0 0 0 0 0 0 0 0 0 0 0 0 0 0 0 0 0 0 0 0 0 0 0 0 0 0 0 0 0 0 0 0 0 0 0 0 0 0 0 0 0 0 0 0 0 0 0 0 0 0 0 0 0 0 0 0 0 0 0 0 0 0 0 0 0 0 0 0 0 0 0 0 0 0 0 0 0 0 0 0 0 0 0 0 0 0 0 0 0 0 0 0 0 0 0 0 0 0 0 0 0 0 0 0 0 0 0 0 0 0 0 0 0 0 0 0 0 0 0 0 0 0 0 0 0 0 0 0 0 0 0 0 0 0 0 0 0 0 0 0 0 0 0 0 0 0 0 0 0 0 0 0 0 0 0 0 0 0 0 0 0 0 0 0 0 0 0 0 0 0 0 0 0 0 0 0 0 0 0 0 0 0 0 0 0 0 0 0 
0 -0.000219808 -0.000475082 -0.000818532 -0.0012455 -0.00177647 -0.00239531 -0.00307074 -0.00378841 -0.00448917 -0.00515497 -0.00576116 -0.00628608 -0.00674448 -0.00711628 -0.00741899 -0.00767272 -0.00788888 -0.0081076 -0.00832438 -0.00854619 -0.00878331 -0.00902803 -0.00929151 -0.00955918 -0.00981216 -0.010053 -0.010275 -0.0104688 -0.0106346 -0.0107471 -0.0108173 -0.0108504 -0.0108273 -0.0107583 -0.010627 -0.0104512 -0.0102303 -0.00996187 -0.0096452 -0.00929241 -0.00892028 -0.00850912 -0.00808402 -0.0076357 -0.00718561 -0.00673774 -0.00628594 -0.00583985 -0.00542072 -0.005014 -0.00461096 -0.00424643 -0.00388996 -0.00356814 -0.00326555 -0.00298426 -0.00272955 -0.00250371 -0.00228188 -0.00208815 -0.00192832 -0.00177326 -0.00164016 -0.00152218 -0.00142733 -0.00132857 -0.00125584 -0.00119676 -0.00114907 -0.00109075 -0.00106042 -0.00102868 -0.000998005 -0.00098039 -0.000971235 -0.00094654 -0.000928249 -0.000927255 -0.000921967 -0.000911114 -0.000895328 -0.000897369 -0.000894764 -0.000887858 -0.000876412 -0.000883389 -0.000872598 -0.00087103 -0.000868528 -0.000868495 -0.000856451 -0.00086579 -0.000857481 -0.000854866 -0.000853413 -0.000858662 -0.000845126 -0.00085353 -0.000850427 -0.000848126 -0.000844598 -0.000854453 -0.000842292 -0.000848089 -0.00084897 -0.000849333 -0.000842919 -0.000855233 -0.000847009 -0.000850959 -0.000853476 -0.000856556 -0.000848878 -0.000863358 -0.000861967 -0.000860553 -0.00086014 -0.000873685 -0.000875122 -0.000874894 -0.000872108 -0.000885984 -0.000894073 -0.000890775 -0.000894666 -0.000901963 -0.000904418 -0.000908263 -0.000919112 -0.000910445 -0.000911063 -0.000908669 -0.000910357 -0.000895002 -0.000886813 -0.000866859 -0.000843887 -0.000803613 -0.000777143 -0.000732074 -0.000664814 -0.00059982 -0.000521886 -0.000420187 -0.000308463 -0.000189555 -3.7496e-05 0.000121261 0.000318355 0.000527883 0.000757408 0.00101813 0.00130779 0.00161117 0.00194294 0.00230867 0.00268844 0.00309181 0.0034998 0.00392852 0.00436132 0.00479387 0.00521163 0.00562205 0.00601885 0.00637295 0.00669614 0.0069666 0.00719326 0.00736524 0.00746007 0.00748568 0.00743835 0.00730626 0.00708673 0.00676639 0.0063438 0.0058372 0.00522585 0.00452229 0.00373201 0.00286186 0.00195821 0.00102208 9.21411e-05 -0.00079494 -0.00161574 -0.00231019 -0.00287586 -0.00329419 -0.0035587 -0.00369476 -0.00369614 -0.0036184 -0.00350782 -0.00342295 -0.00344692 -0.00360626 -0.00395351 
0 -0.000475082 -0.0010477 -0.00174688 -0.00265321 -0.00373152 -0.00498073 -0.00636137 -0.00777714 -0.00919724 -0.0105136 -0.0117091 -0.0127574 -0.0136321 -0.0143645 -0.0149353 -0.0154094 -0.015821 -0.0162196 -0.0166286 -0.0170458 -0.0174918 -0.017953 -0.0184611 -0.0189577 -0.0194497 -0.0199126 -0.0203284 -0.0207304 -0.0210346 -0.0212731 -0.0214189 -0.0214717 -0.0214478 -0.0213042 -0.0210561 -0.0207236 -0.0203051 -0.0197827 -0.0191909 -0.0184999 -0.0177718 -0.0169912 -0.0161401 -0.0152865 -0.0144104 -0.0135336 -0.0126493 -0.0117796 -0.010931 -0.0101272 -0.00934068 -0.00859532 -0.00790967 -0.00726163 -0.0066482 -0.00607595 -0.00557717 -0.00510134 -0.00467356 -0.00429542 -0.00395333 -0.00363669 -0.00336811 -0.00312282 -0.00291941 -0.00274982 -0.00257956 -0.00244432 -0.00233811 -0.00223652 -0.00215139 -0.00210127 -0.00203723 -0.00198047 -0.00193939 -0.00192074 -0.00189508 -0.00186305 -0.00183481 -0.00183008 -0.00181613 -0.00179976 -0.00178708 -0.00177392 -0.00176662 -0.00176609 -0.00174875 -0.00173737 -0.0017438 -0.0017326 -0.00171855 -0.00172433 -0.0017197 -0.00170402 -0.00171098 -0.00170922 -0.00169541 -0.00169939 -0.00170423 -0.0016893 -0.00169352 -0.00170027 -0.00168944 -0.00168954 -0.00170162 -0.00169147 -0.00169116 -0.00170472 -0.00170024 -0.00169517 -0.00171022 -0.00171274 -0.00170939 -0.00171872 -0.00172239 -0.00172821 -0.00174174 -0.00174266 -0.00173906 -0.00176086 -0.00177748 -0.00177874 -0.00177408 -0.00179435 -0.00181683 -0.00182196 -0.0018158 -0.00183948 -0.00184165 -0.00183554 -0.00184819 -0.00185223 -0.00181975 -0.00180439 -0.00178508 -0.00174335 -0.00169632 -0.00162958 -0.00154734 -0.00144554 -0.00132332 -0.00117474 -0.00102058 -0.000817714 -0.000583571 -0.00031474 -2.5939e-05 0.000319192 0.000710123 0.00112286 0.00159365 0.00212327 0.00269767 0.00331094 0.00397886 0.00467336 0.00543845 0.00620891 0.0070023 0.00784217 0.00867268 0.00950172 0.0103049 0.01108 0.0118178 0.0125033 0.0130857 0.0136062 0.0140256 0.0143234 0.0145027 0.0145081 0.0143921 0.0141044 0.0136411 0.0129896 0.0121432 0.0111246 0.00991215 0.00852378 0.0069486 0.0052535 0.00346291 0.00163489 -0.000168148 -0.00190863 -0.00346451 -0.0048084 -0.00586659 -0.00662574 -0.00710697 -0.00728471 -0.00723993 -0.00701011 -0.00671651 -0.00650122 -0.00646006 -0.00673753 -0.0073653 
0 -0.000818532 -0.00174688 -0.00290798 -0.00431474 -0.00600141 -0.00792487 -0.0100016 -0.0121638 -0.0142669 -0.0162373 -0.0180071 -0.0195245 -0.0208099 -0.0218346 -0.0226387 -0.023285 -0.0238228 -0.0243508 -0.0248795 -0.0254273 -0.0260217 -0.0266516 -0.0273395 -0.0280479 -0.0287322 -0.0293895 -0.0300013 -0.0305484 -0.0310136 -0.0313466 -0.0315623 -0.0316691 -0.0316318 -0.0314579 -0.0311206 -0.0306569 -0.0300675 -0.0293459 -0.0284939 -0.0275372 -0.0265164 -0.0253945 -0.0242158 -0.0229761 -0.0217167 -0.0204506 -0.0191666 -0.0178896 -0.0166674 -0.0154755 -0.0142977 -0.0132048 -0.0121488 -0.0111759 -0.0102591 -0.0094046 -0.00862795 -0.00792586 -0.00725356 -0.00665794 -0.00614788 -0.00566659 -0.00524474 -0.00486965 -0.00455571 -0.00424998 -0.00400332 -0.0038 -0.00362968 -0.00344765 -0.00332823 -0.0032187 -0.00311499 -0.00304278 -0.00299396 -0.00292168 -0.00286351 -0.00284112 -0.00281542 -0.00278179 -0.00273905 -0.00273192 -0.00271899 -0.00269641 -0.00266792 -0.0026753 -0.00264808 -0.00263849 -0.00263129 -0.00262519 -0.00259753 -0.00261262 -0.00259401 -0.00258367 -0.00258042 -0.00258774 -0.00255901 -0.00257371 -0.0025681 -0.00256027 -0.00255434 -0.00257333 -0.00254932 -0.00256019 -0.00256496 -0.00256452 -0.00255406 -0.00258045 -0.00256664 -0.00257489 -0.00258489 -0.00259304 -0.00258152 -0.00261365 -0.00261569 -0.00261621 -0.00262251 -0.00265372 -0.00266085 -0.002667 -0.00267037 -0.00270304 -0.00272373 -0.00272536 -0.00274118 -0.00276052 -0.00276886 -0.00278324 -0.00280571 -0.00278738 -0.00278651 -0.00277788 -0.00276653 -0.00272108 -0.00268355 -0.00261511 -0.00253103 -0.00240697 -0.00229825 -0.00214193 -0.0019295 -0.00170788 -0.00144877 -0.00112481 -0.000764085 -0.000371249 0.000101546 0.000612937 0.00121807 0.00186552 0.00257238 0.00336292 0.00422621 0.00513063 0.00610493 0.00715446 0.00824247 0.00937327 0.0105118 0.0116881 0.0128625 0.0140192 0.0151286 0.0162022 0.0172233 0.0181312 0.0189358 0.0196015 0.0201365 0.0205122 0.0206798 0.0206457 0.0204061 0.0199297 0.0192048 0.0182007 0.0169175 0.0153917 0.0135854 0.0115254 0.00922885 0.0067335 0.0041465 0.00150014 -0.00110324 -0.00356107 -0.00578406 -0.00763019 -0.00906766 -0.0100544 -0.010582 -0.0107064 -0.0104467 -0.00994711 -0.00935841 -0.00886322 -0.00868366 -0.00893443 -0.00975285 
0 -0.0012455 -0.00265321 -0.00431474 -0.0063241 -0.00865795 -0.0112825 -0.0141086 -0.0169862 -0.0198017 -0.0223982 -0.0247092 -0.0266851 -0.0283012 -0.0295847 -0.0305483 -0.0312915 -0.0318971 -0.0324638 -0.0330398 -0.0336431 -0.0343058 -0.0350238 -0.0358279 -0.0366519 -0.0374797 -0.0382793 -0.0390255 -0.0397333 -0.0403123 -0.0407669 -0.0410717 -0.0412244 -0.0412266 -0.0410349 -0.0406561 -0.0401191 -0.0394255 -0.0385562 -0.037542 -0.0363703 -0.0351075 -0.0337368 -0.032252 -0.0307193 -0.0291389 -0.0275344 -0.0259002 -0.0242702 -0.0226678 -0.0211137 -0.0195866 -0.018126 -0.0167485 -0.0154446 -0.014207 -0.0130479 -0.0120039 -0.0110268 -0.0101299 -0.00932494 -0.00860035 -0.00793266 -0.00734588 -0.0068181 -0.00636514 -0.00596639 -0.00559838 -0.00529103 -0.00503321 -0.00479473 -0.00459793 -0.00444903 -0.00429918 -0.00417157 -0.00407234 -0.00399919 -0.00392794 -0.00386216 -0.00380446 -0.00377107 -0.00373122 -0.00369865 -0.00366968 -0.00363957 -0.00361707 -0.00360825 -0.00357775 -0.00355678 -0.00355475 -0.0035362 -0.00351211 -0.00351463 -0.00350232 -0.00348105 -0.00348351 -0.00347957 -0.00345886 -0.00346264 -0.00346465 -0.00344753 -0.00344987 -0.00345897 -0.00344484 -0.00344718 -0.00346078 -0.00345238 -0.00345258 -0.00347252 -0.003469 -0.00346888 -0.00348969 -0.00349813 -0.00349769 -0.00351796 -0.00352919 -0.00354142 -0.00356256 -0.00357718 -0.00358384 -0.00361495 -0.00364123 -0.00365684 -0.00366514 -0.00369478 -0.00372739 -0.00374238 -0.00374327 -0.00377066 -0.00377612 -0.00376328 -0.00376545 -0.0037525 -0.00369644 -0.00364177 -0.00357684 -0.00347507 -0.00335051 -0.00318749 -0.0029976 -0.00276269 -0.00247868 -0.0021498 -0.00178696 -0.00134043 -0.000831016 -0.000259091 0.000374454 0.00109812 0.00190831 0.00277439 0.00373163 0.00478598 0.00591812 0.00710961 0.00837744 0.00969731 0.0110916 0.0124954 0.0139151 0.0153721 0.0168034 0.0182012 0.0195343 0.0208009 0.0219833 0.0230461 0.0239395 0.0246898 0.0252581 0.0256099 0.025726 0.0255549 0.0251378 0.0244187 0.023381 0.0220036 0.0202829 0.0182492 0.0158806 0.0132001 0.0102199 0.00703239 0.00371645 0.000370084 -0.00288941 -0.00595356 -0.00864387 -0.0108583 -0.0124939 -0.0135195 -0.0139545 -0.0138096 -0.0131992 -0.012251 -0.0111929 -0.0102911 -0.0097761 -0.00988165 -0.0107253 
0 -0.00177647 -0.00373152 -0.00600141 -0.00865795 -0.0117007 -0.0150684 -0.0186425 -0.0222643 -0.0257597 -0.0289713 -0.0317965 -0.0341742 -0.0360908 -0.0375592 -0.0386263 -0.039397 -0.0399828 -0.0405039 -0.0410259 -0.0415846 -0.0422183 -0.0429385 -0.0437613 -0.0446434 -0.0455425 -0.0464331 -0.0472902 -0.0480964 -0.0487944 -0.0493495 -0.0497494 -0.0499893 -0.0500502 -0.0499039 -0.0495439 -0.0489937 -0.0482578 -0.0473259 -0.0462082 -0.0449231 -0.0435114 -0.0419618 -0.0402864 -0.0385202 -0.0366884 -0.0348103 -0.0328868 -0.0309496 -0.0290374 -0.0271531 -0.0252926 -0.0234992 -0.0217804 -0.0201476 -0.0185958 -0.0171365 -0.0157928 -0.014545 -0.0133825 -0.012329 -0.0113836 -0.0105171 -0.00973956 -0.00904515 -0.00843597 -0.00788599 -0.00740048 -0.00698853 -0.00663099 -0.00630219 -0.00603195 -0.00580601 -0.00560035 -0.00543086 -0.00529438 -0.00516981 -0.00506102 -0.00497818 -0.00490791 -0.00484481 -0.00478229 -0.00474049 -0.00470426 -0.00466298 -0.00462745 -0.00460953 -0.00457607 -0.00455101 -0.0045376 -0.00451663 -0.00449025 -0.00448677 -0.00446961 -0.00445001 -0.00444533 -0.00443996 -0.00441941 -0.00442091 -0.00441822 -0.00440573 -0.00440455 -0.00441243 -0.00440033 -0.00440442 -0.00441411 -0.00441174 -0.00441256 -0.00443158 -0.00443171 -0.00443859 -0.00445738 -0.00446887 -0.00447418 -0.0045013 -0.00451733 -0.00452975 -0.00455284 -0.00458284 -0.00460139 -0.00462497 -0.00465094 -0.00468279 -0.00470703 -0.00472971 -0.00475671 -0.0047759 -0.0047845 -0.00480123 -0.00480469 -0.00477995 -0.00475744 -0.00472138 -0.00465438 -0.00456392 -0.00445643 -0.0043089 -0.00412319 -0.00389405 -0.00363576 -0.00331704 -0.0029289 -0.00249042 -0.00199152 -0.0014015 -0.000736284 2.07081e-06 0.000830804 0.001755 0.00278266 0.00388575 0.00507838 0.00637388 0.00775192 0.00918936 0.0106979 0.0122684 0.0138846 0.0155113 0.0171356 0.0187663 0.0203621 0.0218954 0.0233422 0.0246993 0.0259441 0.0270298 0.0279282 0.0286338 0.0291264 0.0293695 0.0293234 0.028967 0.0283054 0.0273012 0.0259288 0.0241624 0.0220074 0.019488 0.0165936 0.013346 0.00978082 0.00598754 0.00208055 -0.00182944 -0.0056011 -0.00907927 -0.0120848 -0.0144609 -0.016109 -0.0169861 -0.0171025 -0.016513 -0.0153308 -0.0137522 -0.0120493 -0.0105421 -0.00954707 -0.00931949 -0.0100407 
0 -0.00239531 -0.00498073 -0.00792487 -0.0112825 -0.0150684 -0.0191969 -0.0235225 -0.0278736 -0.0320277 -0.0358228 -0.0391235 -0.0418587 -0.0440206 -0.0456153 -0.0467226 -0.0474521 -0.0479459 -0.0483402 -0.0487226 -0.0491504 -0.0496657 -0.0502998 -0.0510525 -0.0519065 -0.0528042 -0.0537234 -0.0546429 -0.0555155 -0.0563134 -0.0569704 -0.05748 -0.0578307 -0.0579877 -0.057936 -0.0576583 -0.0571694 -0.0564727 -0.0555654 -0.0544382 -0.0531305 -0.0516562 -0.050017 -0.0482371 -0.0463276 -0.0443316 -0.0422594 -0.0401224 -0.0379463 -0.0357766 -0.0336108 -0.0314638 -0.0293723 -0.0273429 -0.025397 -0.023534 -0.021771 -0.0201179 -0.0185833 -0.0171451 -0.0158269 -0.0146316 -0.0135376 -0.0125423 -0.0116549 -0.0108656 -0.0101488 -0.00952064 -0.0089728 -0.00849061 -0.00805787 -0.00769529 -0.00737775 -0.00710033 -0.00686506 -0.00667189 -0.00649516 -0.0063447 -0.00622512 -0.00612515 -0.00603091 -0.00594845 -0.00588722 -0.00583276 -0.00577875 -0.00573211 -0.00569906 -0.00566061 -0.00562925 -0.00560315 -0.00557836 -0.00555093 -0.00553678 -0.00551587 -0.00549812 -0.0054852 -0.00547607 -0.00545905 -0.00545529 -0.00544812 -0.00544107 -0.00543696 -0.00544072 -0.00543451 -0.00543912 -0.00544444 -0.0054489 -0.00545316 -0.0054687 -0.00547534 -0.00548896 -0.00550661 -0.0055238 -0.00553787 -0.0055663 -0.00559018 -0.00561117 -0.00563794 -0.00567457 -0.00570527 -0.00573245 -0.00576441 -0.00580217 -0.00583459 -0.00585789 -0.00588439 -0.00590311 -0.00591259 -0.00591213 -0.0059043 -0.00586784 -0.00581867 -0.00574877 -0.00565267 -0.00551517 -0.00535294 -0.00514863 -0.00489087 -0.00458168 -0.00422836 -0.00380271 -0.00329562 -0.00272815 -0.00207565 -0.0013273 -0.000485899 0.000440694 0.00147519 0.00260732 0.00384622 0.00517391 0.00658732 0.0080986 0.00968712 0.0113289 0.0130215 0.0147692 0.0165278 0.0182881 0.0200255 0.0217325 0.0233884 0.0249495 0.0263989 0.0277289 0.0289156 0.0299098 0.0307016 0.0312604 0.03158 0.0316238 0.0313398 0.0307313 0.0297712 0.0284443 0.026717 0.0245658 0.0220023 0.0190401 0.0156856 0.0119565 0.00791192 0.00363964 -0.000718845 -0.00503422 -0.00914396 -0.0128509 -0.0159734 -0.0183137 -0.0197731 -0.0203003 -0.0199011 -0.018669 -0.0167284 -0.0143392 -0.0118197 -0.00954148 -0.00789577 -0.00716999 -0.00760258 
0 -0.00307074 -0.00636137 -0.0100016 -0.0141086 -0.0186425 -0.0235225 -0.0285957 -0.0336225 -0.038412 -0.0427373 -0.0464616 -0.0495161 -0.051854 -0.0535329 -0.0546198 -0.0552497 -0.0555966 -0.0557929 -0.0559665 -0.0561923 -0.0565166 -0.0569873 -0.0576085 -0.0583514 -0.0591947 -0.0600901 -0.0610123 -0.0619378 -0.0627902 -0.0635519 -0.0641792 -0.0646455 -0.0649437 -0.0650229 -0.0648871 -0.0645305 -0.0639548 -0.0631457 -0.0621189 -0.0608754 -0.0594309 -0.0578172 -0.0560108 -0.0540702 -0.0520043 -0.0498273 -0.0475638 -0.045244 -0.0428755 -0.0404997 -0.0381368 -0.0357791 -0.0334965 -0.0312641 -0.0291076 -0.0270464 -0.0251005 -0.0232523 -0.0215384 -0.0199463 -0.0184668 -0.0171178 -0.0158844 -0.0147714 -0.0137608 -0.0128738 -0.0120625 -0.0113456 -0.010709 -0.0101647 -0.00966654 -0.00924873 -0.00888235 -0.00855545 -0.00826981 -0.00804688 -0.00784986 -0.00766527 -0.00751135 -0.00738843 -0.00728989 -0.00718843 -0.00710489 -0.00703392 -0.00698248 -0.00691945 -0.00687696 -0.00683029 -0.00679796 -0.00675835 -0.00673643 -0.00670003 -0.00668389 -0.00665807 -0.00664455 -0.00662091 -0.00661761 -0.00659775 -0.00659526 -0.00658456 -0.00658719 -0.00657647 -0.00658738 -0.00658343 -0.00659393 -0.0065968 -0.0066155 -0.00661961 -0.00664382 -0.00665529 -0.00668093 -0.00670174 -0.00673608 -0.00675319 -0.00679104 -0.00682783 -0.00686973 -0.00689631 -0.00693668 -0.00698363 -0.00703349 -0.00705923 -0.0070864 -0.00712975 -0.00715735 -0.00716416 -0.00716311 -0.00715682 -0.00711344 -0.00706607 -0.00698729 -0.00687986 -0.00671839 -0.00653952 -0.00630488 -0.0060241 -0.00567833 -0.00528134 -0.00479463 -0.00423838 -0.00360628 -0.00287223 -0.00205181 -0.00113037 -9.71339e-05 0.00104416 0.00226755 0.00362253 0.00505615 0.00658124 0.00819725 0.00988651 0.011632 0.0134267 0.0152461 0.0170738 0.0189129 0.0207031 0.0224581 0.0241484 0.0257486 0.0272297 0.0285745 0.0297621 0.0307698 0.0315807 0.0321425 0.0324723 0.03253 0.0322841 0.0317204 0.0307966 0.0295169 0.0278563 0.0257782 0.0232773 0.0203557 0.0170162 0.0132894 0.00918864 0.00477771 0.000181998 -0.00448628 -0.00903714 -0.0132975 -0.0170648 -0.0200907 -0.0222217 -0.0232993 -0.0232832 -0.0222086 -0.0201376 -0.0172937 -0.0139311 -0.010442 -0.00727149 -0.00481466 -0.00347466 -0.00347415 
0 -0.00378841 -0.00777714 -0.0121638 -0.0169862 -0.0222643 -0.0278736 -0.0336225 -0.0393079 -0.0446464 -0.0494554 -0.0535533 -0.0568503 -0.0593389 -0.0610344 -0.0620644 -0.0625576 -0.0627043 -0.0626623 -0.0625745 -0.0625404 -0.0626217 -0.0628847 -0.0633041 -0.0639138 -0.0646432 -0.065475 -0.0663894 -0.0672952 -0.0682122 -0.0690412 -0.0697758 -0.0703886 -0.0708256 -0.0710867 -0.0711415 -0.0709729 -0.0705761 -0.0699623 -0.0690918 -0.068025 -0.066723 -0.0652116 -0.0635253 -0.0616375 -0.0596041 -0.0574251 -0.0551378 -0.052749 -0.0503046 -0.0477967 -0.0452722 -0.0427461 -0.040232 -0.0377614 -0.0353577 -0.0330412 -0.030792 -0.0286737 -0.0266569 -0.0247613 -0.0230011 -0.0213828 -0.019876 -0.0185154 -0.0172681 -0.0161283 -0.0151253 -0.0142237 -0.013412 -0.0126944 -0.0120664 -0.0114945 -0.0110103 -0.0105889 -0.0102281 -0.00989078 -0.00960707 -0.00937553 -0.00918404 -0.00899241 -0.00883876 -0.00871013 -0.00860155 -0.00850455 -0.00841841 -0.0083362 -0.0082804 -0.00822582 -0.00816506 -0.00812308 -0.00809027 -0.00804628 -0.00801505 -0.00799598 -0.00796422 -0.00794281 -0.00793382 -0.00791549 -0.0078998 -0.00790256 -0.0078944 -0.00788807 -0.00789794 -0.00790358 -0.00790372 -0.00792403 -0.00794063 -0.00795004 -0.00797799 -0.00800944 -0.00802944 -0.00806173 -0.00810508 -0.00814084 -0.00818569 -0.00822722 -0.00827053 -0.00832739 -0.00838801 -0.008418 -0.00846249 -0.00851707 -0.00856665 -0.00858096 -0.0085944 -0.0086015 -0.0086016 -0.00855443 -0.00850184 -0.00841546 -0.00828116 -0.00811421 -0.00792628 -0.00766012 -0.00733776 -0.00696416 -0.00650305 -0.00597535 -0.0053661 -0.0046616 -0.00385163 -0.00295402 -0.00192755 -0.000812132 0.000415007 0.00174351 0.00318824 0.00471968 0.00634064 0.00805205 0.00981383 0.0116304 0.0134813 0.0153546 0.0172171 0.0190864 0.020886 0.0226445 0.0243208 0.025875 0.0273289 0.0286221 0.0297552 0.0307068 0.0314542 0.0319627 0.0322475 0.0322468 0.0319773 0.031414 0.0305032 0.0292827 0.0276739 0.0257006 0.0233222 0.0205194 0.0173119 0.0136857 0.00968303 0.00532205 0.0006956 -0.00410322 -0.0089039 -0.0135333 -0.0177879 -0.0214105 -0.0242047 -0.0259275 -0.0264701 -0.0257681 -0.0238349 -0.0208287 -0.0169269 -0.0124964 -0.00795226 -0.00376684 -0.000449782 0.00163042 0.00214323 
0 -0.00448917 -0.00919724 -0.0142669 -0.0198017 -0.0257597 -0.0320277 -0.038412 -0.0446464 -0.0504917 -0.055703 -0.0601078 -0.0636143 -0.0661798 -0.0678697 -0.0687976 -0.0691198 -0.0690438 -0.0687325 -0.068355 -0.0680393 -0.0678519 -0.0678644 -0.0680742 -0.0684839 -0.0690815 -0.0698189 -0.0706684 -0.0715786 -0.0725062 -0.0734182 -0.0742654 -0.0750055 -0.0756142 -0.0760628 -0.0763359 -0.0764044 -0.0762574 -0.0758836 -0.0752862 -0.0744587 -0.0733792 -0.0720929 -0.0705853 -0.068881 -0.0669926 -0.0649214 -0.0627112 -0.0603787 -0.0579159 -0.0553736 -0.0527928 -0.0501521 -0.0475166 -0.0448759 -0.0422691 -0.0397215 -0.0372347 -0.0348317 -0.0325552 -0.030386 -0.0283225 -0.026405 -0.0246184 -0.0229747 -0.0214499 -0.0200833 -0.0188349 -0.0176932 -0.0166648 -0.0157773 -0.0149593 -0.0142391 -0.0136148 -0.0130508 -0.0125479 -0.0121325 -0.0117721 -0.0114395 -0.011151 -0.0109098 -0.0107208 -0.0105312 -0.0103669 -0.0102383 -0.0101338 -0.0100141 -0.00993792 -0.00985985 -0.00978649 -0.00972494 -0.00968786 -0.00962124 -0.00958895 -0.00955827 -0.00952373 -0.0094879 -0.00948663 -0.0094545 -0.00944256 -0.00944018 -0.00943827 -0.00942174 -0.00944557 -0.00944594 -0.00945368 -0.00947419 -0.00950584 -0.00951164 -0.00955633 -0.00958945 -0.00962272 -0.00966586 -0.0097283 -0.00975768 -0.00981938 -0.00988723 -0.00994509 -0.00998795 -0.0100565 -0.0101191 -0.0101773 -0.0102086 -0.0102415 -0.0102772 -0.0102856 -0.0102677 -0.0102368 -0.0101689 -0.0100606 -0.00994439 -0.00976329 -0.00952756 -0.00923648 -0.00889441 -0.008464 -0.00797008 -0.00738404 -0.0067147 -0.00591917 -0.0050337 -0.0040561 -0.00294961 -0.00173 -0.000418133 0.00101382 0.00255498 0.0041685 0.0058814 0.00764024 0.0094691 0.0113464 0.0132327 0.0151226 0.0170144 0.0188559 0.020638 0.0223482 0.0239557 0.0254618 0.0268158 0.0280171 0.0290456 0.0298865 0.0305149 0.0309168 0.0310932 0.0310196 0.030688 0.0300772 0.0291702 0.0279625 0.0264274 0.0245392 0.0222965 0.0196647 0.0166477 0.0132372 0.00942376 0.00525694 0.000761255 -0.00397132 -0.00881567 -0.0136284 -0.0181843 -0.022265 -0.0256213 -0.0279935 -0.0291967 -0.0290656 -0.0275486 -0.0246948 -0.0206273 -0.0156379 -0.0100768 -0.00442648 0.000774513 0.00503273 0.00786067 0.00895696 
0 -0.00515497 -0.0105136 -0.0162373 -0.0223982 -0.0289713 -0.0358228 -0.0427373 -0.0494554 -0.055703 -0.0612461 -0.0658943 -0.0695393 -0.0721531 -0.0737932 -0.0745981 -0.0747355 -0.0744162 -0.0738217 -0.0731401 -0.0725177 -0.0720454 -0.0717985 -0.0717715 -0.0719941 -0.07244 -0.0730763 -0.0738693 -0.0747433 -0.0756918 -0.0766581 -0.0776038 -0.0784847 -0.0792586 -0.0799164 -0.0804309 -0.0807606 -0.0808875 -0.0808133 -0.0805193 -0.080014 -0.0792534 -0.0782684 -0.0770679 -0.0756367 -0.0739915 -0.0721339 -0.0701104 -0.0679234 -0.0655803 -0.0631062 -0.0605489 -0.0579037 -0.0552029 -0.0524652 -0.0497363 -0.0470358 -0.0443476 -0.0417308 -0.0392021 -0.0367605 -0.0344217 -0.032223 -0.0301474 -0.0282164 -0.0264062 -0.0247467 -0.0232401 -0.0218559 -0.0205968 -0.0194818 -0.0184677 -0.0175504 -0.0167547 -0.0160474 -0.0154187 -0.0148577 -0.0143726 -0.0139513 -0.0135871 -0.0132571 -0.0129864 -0.01274 -0.0125296 -0.0123562 -0.0122031 -0.0120502 -0.0119466 -0.0118472 -0.0117452 -0.0116688 -0.0116139 -0.0115367 -0.0114884 -0.0114531 -0.0114053 -0.011367 -0.0113572 -0.0113249 -0.0113053 -0.0113072 -0.0113002 -0.0112885 -0.0113111 -0.0113191 -0.0113264 -0.0113584 -0.0113925 -0.0114085 -0.0114603 -0.0115097 -0.0115474 -0.0116027 -0.0116773 -0.0117264 -0.0117955 -0.0118688 -0.0119347 -0.0120004 -0.012078 -0.0121261 -0.0121765 -0.0122219 -0.0122563 -0.0122566 -0.0122359 -0.0121961 -0.0121355 -0.0120144 -0.0118593 -0.0116683 -0.0113997 -0.0110714 -0.0106942 -0.010226 -0.00965714 -0.00901113 -0.00825802 -0.00740792 -0.00643452 -0.00535522 -0.0041677 -0.00285883 -0.00142487 8.4408e-05 0.00169489 0.00340014 0.00517559 0.00700771 0.00887494 0.0107866 0.0127008 0.0145895 0.0164459 0.0182685 0.0200062 0.0216536 0.0231743 0.0245745 0.0258284 0.0268883 0.0277755 0.0284678 0.0289609 0.029231 0.0292683 0.029077 0.0286599 0.0279806 0.0270421 0.0258369 0.0243507 0.0225835 0.0204771 0.0180439 0.0152561 0.0121057 0.00858921 0.0046893 0.000458515 -0.00406254 -0.00877483 -0.0135591 -0.0182468 -0.0226119 -0.0264089 -0.0293666 -0.0312403 -0.0318118 -0.0309342 -0.0285472 -0.0246999 -0.0195679 -0.0134504 -0.00676708 -3.03698e-05 0.00619208 0.0113435 0.0149336 0.0166021 
0 -0.00576116 -0.0117091 -0.0180071 -0.0247092 -0.0317965 -0.0391235 -0.0464616 -0.0535533 -0.0601078 -0.0658943 -0.0707115 -0.0744389 -0.0770559 -0.0786179 -0.0792802 -0.079223 -0.0786575 -0.0777843 -0.0768031 -0.0758808 -0.0751283 -0.0746191 -0.0743572 -0.07438 -0.0746666 -0.0751925 -0.0759172 -0.0767611 -0.0777261 -0.0787515 -0.0797978 -0.0808153 -0.0817549 -0.0826185 -0.0833736 -0.0839768 -0.0844021 -0.0846542 -0.0847086 -0.0845646 -0.0841758 -0.0835564 -0.0827289 -0.0816597 -0.080358 -0.0788221 -0.0770914 -0.0751599 -0.0730352 -0.0707374 -0.0683122 -0.0657695 -0.0631154 -0.0603845 -0.0576168 -0.0548345 -0.0520225 -0.0492517 -0.0465354 -0.0438785 -0.0412989 -0.0388321 -0.0364811 -0.0342623 -0.0321697 -0.0302234 -0.0284388 -0.0267779 -0.0252598 -0.0238953 -0.0226596 -0.0215304 -0.0205361 -0.0196451 -0.0188526 -0.0181441 -0.017528 -0.0169852 -0.0165063 -0.0160822 -0.0157274 -0.0154082 -0.0151275 -0.0148977 -0.0146929 -0.014503 -0.0143574 -0.0142288 -0.0140985 -0.0140029 -0.0139237 -0.0138358 -0.0137698 -0.0137254 -0.0136661 -0.0136245 -0.0136028 -0.0135713 -0.013546 -0.0135481 -0.0135378 -0.0135327 -0.013552 -0.0135677 -0.013578 -0.0136187 -0.0136561 -0.0136864 -0.0137424 -0.013805 -0.0138526 -0.0139227 -0.0140026 -0.0140665 -0.0141438 -0.0142298 -0.0142982 -0.0143666 -0.0144433 -0.0144942 -0.0145327 -0.0145613 -0.0145731 -0.0145461 -0.0144933 -0.0144096 -0.0142893 -0.0140975 -0.013869 -0.013586 -0.0132155 -0.0127619 -0.0122478 -0.0116219 -0.0108889 -0.0100612 -0.00912004 -0.00805973 -0.00687452 -0.00557994 -0.00417938 -0.00266702 -0.00103786 0.000654596 0.00243023 0.00427798 0.0061754 0.00808328 0.0100022 0.0119285 0.0138202 0.0156481 0.017406 0.0190876 0.0206447 0.022069 0.0233268 0.0244427 0.0253788 0.0261 0.0266287 0.0269552 0.0270769 0.0269749 0.0266502 0.0261142 0.0253839 0.0244131 0.0232115 0.0217774 0.0200954 0.0181672 0.015928 0.0133889 0.0105326 0.0073453 0.00381681 -6.82126e-05 -0.00426289 -0.00870976 -0.0133067 -0.0179355 -0.022408 -0.0264929 -0.0299208 -0.0324073 -0.0337146 -0.0336097 -0.0319532 -0.0286824 -0.023855 -0.0176855 -0.0104936 -0.00274933 0.00500645 0.0121808 0.0181737 0.0224815 0.0247026 
0 -0.00628608 -0.0127574 -0.0195245 -0.0266851 -0.0341742 -0.0418587 -0.0495161 -0.0568503 -0.0636143 -0.0695393 -0.0744389 -0.0781928 -0.0807592 -0.0822237 -0.0827297 -0.0824773 -0.0816753 -0.0805393 -0.0792712 -0.0780675 -0.0770488 -0.0762802 -0.0758104 -0.0756269 -0.0757694 -0.0761888 -0.0768278 -0.077659 -0.0786125 -0.0796942 -0.0808307 -0.0819647 -0.0830716 -0.0841295 -0.0851158 -0.0859872 -0.0867181 -0.0872853 -0.0877171 -0.0879473 -0.0879638 -0.0877735 -0.0873599 -0.0867288 -0.0858469 -0.0847224 -0.0833735 -0.0818179 -0.0800113 -0.0780108 -0.0758401 -0.0734956 -0.0710062 -0.0683893 -0.0656852 -0.06291 -0.0600882 -0.057228 -0.0544029 -0.0515999 -0.0488345 -0.0461443 -0.0435668 -0.0410839 -0.0387137 -0.0365019 -0.0344284 -0.0324848 -0.0306918 -0.0290722 -0.0275718 -0.0262166 -0.0250003 -0.023908 -0.0229111 -0.0220452 -0.0212783 -0.0205915 -0.0199713 -0.0194462 -0.0189925 -0.0185816 -0.018217 -0.017919 -0.0176568 -0.0174173 -0.0172225 -0.017053 -0.0168984 -0.0167711 -0.0166674 -0.016562 -0.0164831 -0.0164178 -0.0163554 -0.0163021 -0.0162731 -0.0162356 -0.0162135 -0.0162048 -0.0162002 -0.0161955 -0.0162172 -0.0162331 -0.0162567 -0.0162959 -0.0163433 -0.0163844 -0.0164494 -0.016515 -0.0165796 -0.0166584 -0.016745 -0.0168148 -0.0168967 -0.0169894 -0.0170601 -0.0171161 -0.0171755 -0.0172278 -0.0172439 -0.0172344 -0.0172007 -0.0171453 -0.0170315 -0.0168784 -0.0166702 -0.0164004 -0.01605 -0.015646 -0.0151391 -0.0145318 -0.013827 -0.0130257 -0.0120895 -0.0110395 -0.00988511 -0.00859913 -0.00718218 -0.0056681 -0.00406734 -0.0023411 -0.000546889 0.00130601 0.00321172 0.00516602 0.00711909 0.00906903 0.0109815 0.0128556 0.0146708 0.0163648 0.0179544 0.0194259 0.0207441 0.0218706 0.0228359 0.0236084 0.0241897 0.0245575 0.0247039 0.0246728 0.0244381 0.0239939 0.0233472 0.0225321 0.0215301 0.020347 0.0189555 0.0173613 0.0155895 0.01357 0.0113044 0.008755 0.00591843 0.00279493 -0.000662903 -0.00444378 -0.00851688 -0.0128068 -0.0172174 -0.0216106 -0.0258108 -0.0295565 -0.0325651 -0.0345649 -0.0352746 -0.034511 -0.0320933 -0.0279723 -0.0222384 -0.0150843 -0.00692166 0.00179316 0.0104705 0.0184774 0.025236 0.0301619 0.0328825 
0 -0.00674448 -0.0136321 -0.0208099 -0.0283012 -0.0360908 -0.0440206 -0.051854 -0.0593389 -0.0661798 -0.0721531 -0.0770559 -0.0807592 -0.0832449 -0.0845779 -0.0849217 -0.0844797 -0.0834578 -0.0820756 -0.0805585 -0.0790884 -0.0778224 -0.0768283 -0.0761342 -0.0757874 -0.07577 -0.0760779 -0.0766525 -0.0774245 -0.0783882 -0.0794923 -0.080694 -0.0819398 -0.0831847 -0.0844197 -0.085625 -0.0867477 -0.0877552 -0.0886601 -0.0894257 -0.0900473 -0.0904879 -0.090721 -0.0907793 -0.0906152 -0.0902049 -0.0895608 -0.0886875 -0.0875657 -0.0862135 -0.0846148 -0.082796 -0.0807911 -0.0785676 -0.0761769 -0.073656 -0.0710166 -0.0682591 -0.065449 -0.0625922 -0.0597144 -0.0568484 -0.0540222 -0.0512556 -0.0485643 -0.0459753 -0.0434856 -0.0411435 -0.0389391 -0.0368809 -0.0349621 -0.033215 -0.0315962 -0.0301287 -0.0288133 -0.0276358 -0.0265548 -0.0255941 -0.0247554 -0.0240153 -0.0233504 -0.0227589 -0.0222516 -0.0218103 -0.0214265 -0.0210806 -0.0207913 -0.020539 -0.0203275 -0.0201321 -0.0199767 -0.0198355 -0.0197222 -0.0196155 -0.0195379 -0.0194602 -0.0194077 -0.0193563 -0.0193262 -0.0192944 -0.0192868 -0.0192748 -0.0192846 -0.0192935 -0.019322 -0.0193473 -0.019396 -0.019439 -0.0195003 -0.0195616 -0.0196402 -0.0197086 -0.019792 -0.0198725 -0.0199617 -0.0200338 -0.0201045 -0.0201649 -0.0202253 -0.0202566 -0.0202543 -0.0202298 -0.0201941 -0.0201106 -0.0199547 -0.0197624 -0.0195231 -0.0192057 -0.0187964 -0.0183244 -0.0177382 -0.0170472 -0.0162503 -0.0153537 -0.0143092 -0.0131472 -0.0118611 -0.0104585 -0.00893205 -0.00730512 -0.00557658 -0.00375799 -0.00187285 8.21952e-05 0.00206057 0.00404926 0.00604635 0.00803441 0.00994296 0.011803 0.0135813 0.0152292 0.0167432 0.0181058 0.0193052 0.0203286 0.02115 0.0217582 0.0221945 0.0224124 0.0224139 0.0222279 0.0218568 0.0213155 0.0205918 0.0196966 0.0186569 0.017487 0.0161511 0.0146571 0.0130144 0.0112029 0.00921705 0.00699227 0.00451962 0.00180057 -0.00120434 -0.00450599 -0.00812056 -0.0120103 -0.0160876 -0.0202576 -0.024387 -0.0282689 -0.0316554 -0.0342445 -0.0357377 -0.0358982 -0.0344834 -0.0313627 -0.0264761 -0.0198975 -0.01191 -0.00287362 0.00666132 0.0161077 0.0248419 0.0322009 0.0376738 0.0407971 
0 -0.00711628 -0.0143645 -0.0218346 -0.0295847 -0.0375592 -0.0456153 -0.0535329 -0.0610344 -0.0678697 -0.0737932 -0.0786179 -0.0822237 -0.0845779 -0.0857632 -0.0859367 -0.0853038 -0.0840704 -0.0824718 -0.0807139 -0.0790153 -0.0775236 -0.0763027 -0.0754324 -0.0748927 -0.0747368 -0.0749278 -0.0753977 -0.0761394 -0.0770647 -0.0781885 -0.0794385 -0.0807558 -0.0821208 -0.0835038 -0.0848859 -0.0862316 -0.0875131 -0.0887005 -0.0898206 -0.0907971 -0.0916358 -0.0923112 -0.09281 -0.093132 -0.0932278 -0.0931087 -0.0927471 -0.092161 -0.0913004 -0.0901959 -0.0888479 -0.0872642 -0.0854431 -0.0834133 -0.0811871 -0.0787757 -0.0762366 -0.0735491 -0.0707889 -0.0679617 -0.0650879 -0.0621876 -0.0593287 -0.0564869 -0.0537181 -0.0510466 -0.0484701 -0.0460074 -0.0436818 -0.0415098 -0.0394814 -0.0376174 -0.0358985 -0.0343369 -0.0328992 -0.0316321 -0.0304947 -0.0294693 -0.0285365 -0.0277415 -0.0270298 -0.0264065 -0.0258475 -0.0253685 -0.0249498 -0.0245974 -0.0242746 -0.0240056 -0.0237782 -0.0235813 -0.0234064 -0.0232698 -0.0231467 -0.0230428 -0.0229616 -0.022895 -0.0228351 -0.0227977 -0.0227703 -0.0227488 -0.0227433 -0.0227522 -0.0227621 -0.0227881 -0.0228262 -0.0228677 -0.0229178 -0.0229855 -0.023047 -0.0231175 -0.023197 -0.0232772 -0.0233429 -0.0234177 -0.023478 -0.0235362 -0.0235664 -0.023574 -0.0235543 -0.023533 -0.0234423 -0.0233046 -0.0231212 -0.0229007 -0.0225875 -0.0222055 -0.0217249 -0.0211643 -0.0204873 -0.019709 -0.0188085 -0.0177756 -0.0166057 -0.0153266 -0.0139149 -0.0123697 -0.0107332 -0.00896792 -0.00710887 -0.00518088 -0.00320232 -0.00115497 0.000889398 0.00295437 0.00499393 0.00699735 0.00892948 0.0107683 0.0124946 0.0140912 0.0155463 0.0168127 0.0179082 0.0188048 0.0195077 0.0199755 0.0202607 0.0203408 0.0202252 0.0199279 0.0194335 0.0188033 0.0180162 0.0170816 0.0160162 0.014855 0.0135784 0.0122055 0.0107007 0.00907417 0.00734479 0.00542647 0.00333648 0.00100828 -0.00155236 -0.00436043 -0.00747786 -0.0108797 -0.0145515 -0.0183982 -0.022318 -0.0261668 -0.0297398 -0.0327641 -0.0349359 -0.0359684 -0.0355883 -0.0336005 -0.0298384 -0.0242651 -0.016987 -0.00826131 0.00146689 0.0116757 0.0217401 0.0310099 0.0388637 0.0447197 0.0481619 
0 -0.00741899 -0.0149353 -0.0226387 -0.0305483 -0.0386263 -0.0467226 -0.0546198 -0.0620644 -0.0687976 -0.0745981 -0.0792802 -0.0827297 -0.0849217 -0.0859367 -0.0859283 -0.0851027 -0.0836679 -0.0818501 -0.0798762 -0.0779469 -0.076232 -0.0748069 -0.073739 -0.073046 -0.0727432 -0.0728166 -0.0732008 -0.0738696 -0.0747613 -0.0758638 -0.0771224 -0.0784866 -0.0799365 -0.0814319 -0.0829666 -0.0844966 -0.0859948 -0.0874509 -0.0888495 -0.0901588 -0.0913738 -0.0924541 -0.0933974 -0.094187 -0.0947736 -0.0951754 -0.0953522 -0.0952996 -0.0950092 -0.0944607 -0.0936471 -0.0925822 -0.0912465 -0.0896669 -0.0878569 -0.0858181 -0.0835938 -0.0811835 -0.0786221 -0.0759365 -0.0731629 -0.0703236 -0.0674554 -0.0645669 -0.0617126 -0.0588923 -0.0561372 -0.0534945 -0.0509609 -0.048538 -0.0462663 -0.0441449 -0.0421662 -0.0403627 -0.0387112 -0.0372065 -0.035839 -0.0346208 -0.0335382 -0.0325774 -0.0316997 -0.0309455 -0.0302888 -0.0297018 -0.0291848 -0.0287562 -0.0283654 -0.0280365 -0.027762 -0.0275203 -0.0273067 -0.027148 -0.0269998 -0.026874 -0.0267807 -0.0267056 -0.0266311 -0.0265916 -0.02656 -0.026533 -0.0265255 -0.0265381 -0.0265413 -0.0265691 -0.0266098 -0.0266482 -0.0266935 -0.0267637 -0.0268174 -0.0268794 -0.0269497 -0.0270095 -0.0270541 -0.0271131 -0.0271349 -0.0271345 -0.0271258 -0.0270912 -0.0269933 -0.0268668 -0.0266896 -0.0264617 -0.0261569 -0.0257707 -0.0252981 -0.0247442 -0.0240696 -0.0232902 -0.0223872 -0.0213411 -0.0201731 -0.0188835 -0.0174479 -0.0158849 -0.0142064 -0.0124024 -0.01051 -0.00852868 -0.00648535 -0.00438661 -0.00225387 -0.000110151 0.0020073 0.00410004 0.0061147 0.00804771 0.00987871 0.0115669 0.0131124 0.0144872 0.0156665 0.0166524 0.0174372 0.0180049 0.0183832 0.0185379 0.0185027 0.0182847 0.0178802 0.0173168 0.0166051 0.0157705 0.0148273 0.0137782 0.0126358 0.0114315 0.0101492 0.00880125 0.0073644 0.00584588 0.00423716 0.00248548 0.000571027 -0.00156043 -0.0039108 -0.00652157 -0.00942501 -0.0126185 -0.0160739 -0.0196945 -0.0233775 -0.0269647 -0.0302423 -0.032933 -0.0347276 -0.0353294 -0.0344836 -0.0319745 -0.0276597 -0.0215091 -0.0136303 -0.00433075 0.00595899 0.01667 0.0271764 0.0368364 0.0449968 0.0511188 0.0547528 
0 -0.00767272 -0.0154094 -0.023285 -0.0312915 -0.039397 -0.0474521 -0.0552497 -0.0625576 -0.0691198 -0.0747355 -0.079223 -0.0824773 -0.0844797 -0.0853038 -0.0851027 -0.0840743 -0.0824313 -0.0803966 -0.0782039 -0.0760511 -0.0741122 -0.0724793 -0.0712161 -0.0703572 -0.0699019 -0.0698437 -0.0701271 -0.0707179 -0.0715657 -0.0726374 -0.0738893 -0.0752739 -0.0767719 -0.0783393 -0.0799701 -0.081632 -0.0832999 -0.0849688 -0.0866025 -0.0881882 -0.0897169 -0.0911484 -0.0924781 -0.0936861 -0.0947377 -0.095638 -0.0963397 -0.0968243 -0.0970975 -0.0971221 -0.0968868 -0.0963966 -0.0956313 -0.0946051 -0.0933072 -0.0917408 -0.0899459 -0.0879247 -0.0856933 -0.0832885 -0.0807369 -0.0780614 -0.0752905 -0.0724529 -0.0696078 -0.0667493 -0.0639063 -0.0611336 -0.0584374 -0.0558212 -0.0533424 -0.0509995 -0.0487889 -0.0467342 -0.0448393 -0.043108 -0.0415303 -0.0400982 -0.0388178 -0.0376786 -0.0366463 -0.0357504 -0.034964 -0.0342555 -0.0336412 -0.033129 -0.0326588 -0.03226 -0.031933 -0.0316436 -0.0313884 -0.0311988 -0.0310244 -0.030876 -0.0307677 -0.0306806 -0.0305944 -0.030549 -0.0305124 -0.0304796 -0.0304689 -0.0304797 -0.0304776 -0.030502 -0.0305389 -0.0305688 -0.0306053 -0.0306657 -0.0307009 -0.0307413 -0.030791 -0.0308176 -0.0308185 -0.0308316 -0.0308028 -0.0307359 -0.0306495 -0.0305215 -0.0303251 -0.0300904 -0.0297837 -0.0293926 -0.0289201 -0.028356 -0.0276824 -0.0268923 -0.025969 -0.0249251 -0.0237487 -0.0224171 -0.0209614 -0.0193735 -0.0176393 -0.0157934 -0.0138561 -0.0118086 -0.00968762 -0.00750835 -0.00529547 -0.00306414 -0.000836318 0.00134912 0.00347241 0.00553191 0.00747377 0.00927867 0.0109402 0.0124194 0.0137175 0.0148149 0.0156959 0.0163808 0.0168505 0.0170982 0.0171586 0.017019 0.016702 0.0162282 0.0155991 0.0148476 0.013988 0.0130291 0.0120027 0.0109127 0.00977553 0.00861014 0.00740637 0.00617136 0.00488225 0.00353592 0.00210471 0.000551919 -0.00115914 -0.00307631 -0.00521617 -0.00762747 -0.0103315 -0.0133334 -0.0165964 -0.020028 -0.0235119 -0.0268782 -0.0298994 -0.0322944 -0.0337546 -0.0339754 -0.0327153 -0.0297537 -0.0249686 -0.0183441 -0.00999931 -0.000270928 0.0104102 0.021453 0.0322324 0.042114 0.0504413 0.0566996 0.060434 
0 -0.00788888 -0.015821 -0.0238228 -0.0318971 -0.0399828 -0.0479459 -0.0555966 -0.0627043 -0.0690438 -0.0744162 -0.0786575 -0.0816753 -0.0834578 -0.0840704 -0.0836679 -0.0824313 -0.0805702 -0.0783252 -0.0758991 -0.0735236 -0.071352 -0.0694896 -0.0680388 -0.0669899 -0.0663859 -0.066189 -0.0663496 -0.0668609 -0.067633 -0.0686531 -0.069869 -0.0712406 -0.0727499 -0.0743584 -0.0760355 -0.0777739 -0.079561 -0.081356 -0.0831708 -0.0849569 -0.0867297 -0.088462 -0.0901138 -0.0916805 -0.0931401 -0.0944821 -0.0956488 -0.0966529 -0.0974543 -0.0980495 -0.0984052 -0.0984986 -0.0983334 -0.0979101 -0.0971931 -0.0961801 -0.0949314 -0.0933943 -0.0916082 -0.0895963 -0.0873875 -0.0849903 -0.0824526 -0.0797843 -0.0770439 -0.0742498 -0.0714135 -0.0685982 -0.0658172 -0.0630931 -0.0604446 -0.0579207 -0.0555109 -0.0532443 -0.0511096 -0.0491592 -0.0473589 -0.0457107 -0.0442178 -0.0428938 -0.0416889 -0.0406333 -0.0396997 -0.0388653 -0.0381419 -0.0375285 -0.036972 -0.0364963 -0.0361085 -0.0357618 -0.0354636 -0.0352315 -0.0350309 -0.0348539 -0.0347292 -0.0346221 -0.0345295 -0.0344693 -0.0344294 -0.0343863 -0.0343742 -0.0343729 -0.034369 -0.0343804 -0.0344095 -0.0344208 -0.0344442 -0.0344775 -0.0344875 -0.0344889 -0.0344992 -0.0344742 -0.0344178 -0.0343562 -0.0342477 -0.0340914 -0.0338995 -0.0336456 -0.0333093 -0.0329288 -0.0324471 -0.0318563 -0.0311654 -0.03038 -0.0294398 -0.028372 -0.0271627 -0.0258272 -0.0243228 -0.0226848 -0.0209203 -0.019028 -0.016996 -0.0148883 -0.0126953 -0.0104176 -0.00810769 -0.0057728 -0.00344128 -0.00113343 0.00112128 0.00330462 0.00535558 0.00730947 0.00910094 0.0107063 0.0121263 0.0133595 0.0143682 0.0151529 0.0157324 0.0160936 0.0162563 0.0162074 0.015988 0.0155973 0.0150696 0.0143899 0.0136034 0.0127412 0.0117899 0.0107983 0.00976427 0.00871591 0.0076633 0.00660748 0.00553555 0.00446943 0.00336901 0.00221746 0.00100307 -0.000353292 -0.00184539 -0.0035546 -0.00551236 -0.0077385 -0.01029 -0.0131314 -0.0162417 -0.0195282 -0.0228508 -0.0260379 -0.028844 -0.0309858 -0.0321597 -0.0320682 -0.0304553 -0.0271313 -0.0219672 -0.0149713 -0.00629619 0.00374219 0.0146579 0.0258893 0.0367979 0.0467411 0.0551185 0.0613797 0.0651306 
