0 0 0 0 0 0 0 0 0 0 0 0 0 0 0 0 0 0 0 0 0 0 0 0 0 0 0 0 0 0 0 0 0 0 0 0 0 0 0 0 0 0 0 0 0 0 0 0 0 0 0 0 0 0 0 0 0 0 0 0 0 0 0 0 0 0 0 0 0 0 0 0 0 0 0 0 0 0 0 0 0 0 0 0 0 0 0 0 0 0 0 0 0 0 0 0 0 0 0 0 0 0 0 0 0 0 0 0 0 0 0 0 0 0 0 0 0 0 0 0 0 0 0 0 0 0 0 0 0 0 0 0 0 0 0 0 0 0 0 0 0 0 0 0 0 0 0 0 0 0 0 0 0 0 0 0 0 0 0 0 0 0 0 0 0 0 0 0 0 0 0 0 0 0 0 0 0 0 0 0 0 0 0 0 0 0 0 0 0 0 0 0 0 0 0 0 0 0 0 0 
0 6.40524e-05 0.000143814 0.00021848 0.00032146 0.000440767 0.000580088 0.000764463 0.000970211 0.00122405 0.00152263 0.00185199 0.00223641 0.00264174 0.00306586 0.00349659 0.00388241 0.00421925 0.00446008 0.00457561 0.00456356 0.00439525 0.00408409 0.00364416 0.00309253 0.00247082 0.00183292 0.00122041 0.000695153 0.000301437 4.36011e-05 -4.46727e-05 1.15395e-05 0.000206352 0.000522671 0.000919148 0.00136634 0.0018154 0.00226519 0.00267675 0.00307258 0.00344119 0.0037589 0.00405135 0.00431235 0.00455638 0.00478785 0.0050237 0.00522015 0.00542262 0.00562562 0.00580953 0.00599655 0.00617289 0.0063475 0.00651141 0.00668601 0.00683114 0.0069795 0.00712322 0.00727876 0.00741307 0.00752414 0.00764977 0.00778302 0.00790016 0.00799024 0.0081014 0.00820001 0.00830405 0.00838392 0.00846934 0.00854913 0.00863931 0.0087008 0.00876894 0.00884084 0.00890541 0.00895675 0.00901404 0.00907105 0.00911638 0.00916428 0.00920393 0.00924955 0.00928464 0.00932158 0.0093468 0.00938804 0.00940868 0.0094336 0.00945416 0.00948595 0.00948996 0.0095115 0.00952672 0.00954182 0.00953753 0.00955887 0.0095602 0.00956158 0.00955735 0.00957115 0.00955536 0.00955256 0.0095465 0.00954423 0.00951818 0.009515 0.00949776 0.00948027 0.00945192 0.00944082 0.00940893 0.00938352 0.00935007 0.00932335 0.00928421 0.00924898 0.00920328 0.00916503 0.00912069 0.00906494 0.00901213 0.0089641 0.00890517 0.00883099 0.00877478 0.00870555 0.00863528 0.00854912 0.00847294 0.00838528 0.00831168 0.00820455 0.00810253 0.00800691 0.00791391 0.00779323 0.00767279 0.0075596 0.00744091 0.00731596 0.0071736 0.00705224 0.00691219 0.00676794 0.00662034 0.00648737 0.00633417 0.00619302 0.00604612 0.00588594 0.0057559 0.00563013 0.00551035 0.005396 0.00531487 0.00525098 0.00523917 0.00526086 0.00530614 0.00538703 0.00548029 0.00558144 0.0056413 0.00564684 0.00554399 0.00531937 0.0049652 0.00445131 0.00380426 0.00303195 0.00217122 0.00127904 0.000409726 -0.000397798 -0.0010901 -0.00164794 -0.0020657 -0.00231287 -0.002425 -0.00239953 -0.00225728 -0.0020531 -0.00178512 -0.001507 -0.00123661 -0.000972579 -0.000753742 -0.000557063 -0.000394691 -0.000274109 -0.000168254 -0.000101936 -5.33022e-05 -1.94397e-05 -1.43593e-05 -7.74159e-06 -2.06382e-05 
0 0.000143814 0.000280108 0.000465429 0.00065551 0.000901579 0.00120492 0.0015486 0.00199267 0.00249131 0.00308437 0.00377047 0.00451566 0.00534907 0.00619832 0.00704849 0.00783787 0.00849517 0.00897809 0.00921244 0.00918807 0.00885721 0.00825489 0.00738337 0.0062863 0.00507295 0.00377665 0.00257151 0.00152704 0.000718492 0.000236096 4.20614e-05 0.000154979 0.000546229 0.0011621 0.00193925 0.00283415 0.0037367 0.00461681 0.00547387 0.0062408 0.00696498 0.00760881 0.00817547 0.00869676 0.00919185 0.0096589 0.0100867 0.0104944 0.0108769 0.0112637 0.0116439 0.0120172 0.012343 0.0126648 0.0130094 0.0133258 0.0136235 0.0139192 0.0141978 0.0144563 0.014732 0.0149819 0.0152125 0.0154393 0.0156596 0.0158687 0.0160672 0.0162516 0.0164331 0.0166091 0.0167596 0.0169175 0.0170734 0.0172026 0.0173243 0.0174632 0.0175797 0.0176792 0.0177862 0.0178905 0.0179791 0.0180632 0.0181438 0.018221 0.0182953 0.0183542 0.0184123 0.018477 0.0185276 0.018562 0.0186129 0.0186582 0.01868 0.0187066 0.018748 0.0187627 0.0187695 0.0187947 0.0188111 0.0188009 0.0188072 0.0188184 0.018804 0.0187857 0.018788 0.0187704 0.018737 0.0187177 0.018699 0.0186547 0.0186153 0.0185826 0.0185357 0.0184784 0.0184267 0.0183685 0.0183041 0.0182325 0.0181537 0.0180788 0.0179977 0.0178959 0.0177967 0.0177086 0.0175913 0.0174649 0.0173533 0.0172298 0.0170774 0.0169362 0.0167932 0.0166337 0.0164565 0.016275 0.0161033 0.0159222 0.0157018 0.0154774 0.0152831 0.0150592 0.0148163 0.0145694 0.0143141 0.014053 0.0138107 0.0135386 0.013243 0.0129624 0.0126894 0.0124164 0.0121221 0.0118433 0.0115724 0.0113202 0.0110872 0.0108865 0.0107124 0.0106147 0.0105987 0.0106165 0.0107267 0.0108771 0.0110639 0.011267 0.0113984 0.0113845 0.0111829 0.0107335 0.0099938 0.00899821 0.00769104 0.00615523 0.00445573 0.00266174 0.000930577 -0.000684319 -0.00207306 -0.00319613 -0.00401769 -0.00452833 -0.00474975 -0.00469233 -0.00444115 -0.00401307 -0.00350226 -0.00295589 -0.00239633 -0.00190261 -0.00144092 -0.00105924 -0.000751084 -0.000489514 -0.000313694 -0.000168999 -7.70987e-05 -2.86935e-05 8.36342e-06 -2.98714e-06 -1.95683e-05 
0 0.00021848 0.000465429 0.000722657 0.00104417 0.00142188 0.0018691 0.00242853 0.00307549 0.0038513 0.00475745 0.00577267 0.00692602 0.00815838 0.00944035 0.0107264 0.011898 0.0129034 0.0136306 0.0139928 0.0139642 0.0134847 0.0125795 0.0112885 0.00967064 0.00784776 0.00596343 0.00416366 0.0026132 0.0014358 0.000678883 0.00039963 0.000558392 0.00112655 0.00204434 0.00320633 0.00451721 0.00585014 0.00717195 0.00840523 0.00957008 0.0106491 0.0115944 0.0124483 0.0132155 0.0139282 0.0146014 0.0152596 0.0158352 0.0164055 0.0169708 0.0174978 0.0180186 0.0185071 0.0189853 0.0194461 0.0199124 0.02032 0.0207239 0.0211152 0.0215202 0.0218843 0.022197 0.0225277 0.0228704 0.0231782 0.0234327 0.0237153 0.0239757 0.0242396 0.0244572 0.0246749 0.0248853 0.0251086 0.0252755 0.025449 0.0256312 0.0257946 0.0259294 0.0260736 0.0262155 0.0263338 0.0264518 0.0265547 0.0266656 0.0267573 0.0268456 0.0269149 0.0270103 0.0270677 0.0271262 0.0271822 0.0272531 0.0272725 0.0273204 0.0273617 0.0273945 0.0273938 0.0274381 0.0274476 0.027449 0.0274456 0.0274715 0.0274427 0.0274326 0.0274226 0.0274124 0.0273591 0.0273453 0.0273091 0.027264 0.027202 0.0271689 0.0270981 0.0270326 0.0269555 0.0268869 0.0267948 0.0267049 0.0265969 0.0264999 0.0263892 0.0262533 0.0261223 0.0259998 0.02585 0.0256708 0.025523 0.0253509 0.0251661 0.0249541 0.0247568 0.0245376 0.0243318 0.0240658 0.0238067 0.0235576 0.0233002 0.0229897 0.0226812 0.0223798 0.0220609 0.0217239 0.0213546 0.0210161 0.0206463 0.0202581 0.0198585 0.0194831 0.019076 0.0186844 0.018277 0.0178513 0.0174836 0.0171349 0.0168056 0.0165039 0.0162809 0.0161294 0.0161099 0.0161847 0.0163403 0.0165851 0.0168693 0.0171596 0.0173353 0.0173253 0.0170063 0.0163223 0.0152381 0.0137037 0.0117601 0.00945477 0.0068949 0.00423639 0.00164232 -0.000762692 -0.00283623 -0.0045132 -0.00576 -0.00652403 -0.00686949 -0.00681213 -0.00642334 -0.00582427 -0.00505931 -0.00424982 -0.00345348 -0.0026954 -0.0020447 -0.00147627 -0.00100914 -0.000651726 -0.000361317 -0.000168029 -3.53438e-05 4.7522e-05 6.63652e-05 6.75667e-05 2.05813e-05 
0 0.00032146 0.00065551 0.00104417 0.0014832 0.0020115 0.00264553 0.00339391 0.00429652 0.00534398 0.00656358 0.0079514 0.00948532 0.0111514 0.0128707 0.0145781 0.0161561 0.0174876 0.0184599 0.0189576 0.0189298 0.0183167 0.0171486 0.0154615 0.0133452 0.0109682 0.00847816 0.00612089 0.00407888 0.00250615 0.00152029 0.00112881 0.00132658 0.00206295 0.00324661 0.00475487 0.00646958 0.00822915 0.00995662 0.0116067 0.0131259 0.0145289 0.0157766 0.0168838 0.0178857 0.0188179 0.0196913 0.020502 0.0212517 0.0219637 0.0226657 0.0233438 0.0239984 0.0245952 0.0251742 0.0257588 0.026315 0.0268306 0.027329 0.0278054 0.0282633 0.0287125 0.0291202 0.0295106 0.0298938 0.0302558 0.0305886 0.0309121 0.0312164 0.031512 0.0317849 0.0320328 0.0322826 0.0325269 0.0327327 0.0329291 0.0331385 0.0333218 0.0334813 0.0336436 0.0338026 0.0339403 0.0340702 0.0341908 0.0343101 0.0344189 0.0345116 0.0345982 0.0346944 0.0347675 0.0348264 0.0348969 0.0349642 0.0349993 0.0350433 0.0350967 0.0351248 0.0351382 0.0351749 0.0351959 0.035192 0.0351996 0.0352161 0.035199 0.0351812 0.0351793 0.0351599 0.0351166 0.035092 0.0350624 0.0350077 0.0349512 0.0349061 0.0348394 0.0347621 0.0346853 0.034605 0.0345102 0.0344072 0.0342936 0.0341837 0.0340602 0.0339132 0.0337667 0.033628 0.0334551 0.0332655 0.0330906 0.032899 0.0326752 0.0324492 0.0322223 0.0319735 0.0317058 0.031417 0.0311328 0.0308375 0.0305032 0.0301461 0.0298067 0.0294438 0.0290533 0.0286433 0.0282159 0.0277891 0.027362 0.0268974 0.0264056 0.0259283 0.0254494 0.0249686 0.0244649 0.0239689 0.0235013 0.0230669 0.022666 0.0223174 0.0220457 0.0218972 0.0218943 0.0219971 0.0222326 0.0225599 0.0229451 0.0233252 0.0235583 0.0235144 0.0230793 0.0221564 0.0206826 0.0186562 0.0160635 0.0130094 0.00963093 0.00610314 0.0026649 -0.000524437 -0.00328648 -0.00552504 -0.00717901 -0.00822161 -0.00869176 -0.00863399 -0.00816313 -0.00737651 -0.00640308 -0.00535341 -0.00430196 -0.00333416 -0.00246635 -0.00173302 -0.00113612 -0.000659724 -0.000311772 -5.8172e-05 0.000103416 0.000187808 0.000220015 0.000195187 0.000134171 
0 0.000440767 0.000901579 0.00142188 0.0020115 0.00270802 0.00353604 0.0045109 0.00566979 0.00701617 0.00856956 0.0103305 0.0122721 0.0143662 0.0165296 0.0186663 0.0206454 0.0223164 0.0235406 0.0241855 0.0241693 0.0234411 0.0220169 0.0199552 0.0173722 0.0144573 0.011419 0.00852717 0.00601602 0.00407386 0.00283471 0.00232716 0.00254373 0.00342035 0.00484709 0.00667924 0.00875435 0.0109043 0.0130161 0.0150306 0.0168964 0.0186048 0.0201292 0.0214766 0.0226881 0.0238002 0.024837 0.025794 0.0266804 0.0275141 0.0283218 0.029099 0.0298376 0.0305256 0.0311851 0.0318367 0.0324529 0.0330285 0.0335739 0.0341015 0.0346081 0.0350891 0.0355287 0.0359503 0.0363647 0.0367505 0.037105 0.037442 0.037769 0.038078 0.0383631 0.0386228 0.0388835 0.0391309 0.0393483 0.0395519 0.0397609 0.0399484 0.0401144 0.040277 0.0404345 0.0405757 0.0407042 0.0408259 0.0409427 0.0410507 0.0411417 0.0412305 0.0413195 0.0413936 0.041453 0.0415218 0.0415824 0.0416239 0.0416658 0.0417158 0.0417439 0.0417647 0.0417954 0.0418182 0.0418196 0.0418308 0.0418427 0.0418351 0.0418217 0.041821 0.0418038 0.0417729 0.0417487 0.0417237 0.0416767 0.0416293 0.0415848 0.0415277 0.0414566 0.0413867 0.041311 0.041224 0.0411251 0.0410205 0.0409137 0.0407932 0.0406536 0.0405127 0.0403721 0.0402033 0.0400198 0.0398405 0.0396497 0.0394279 0.0391985 0.038963 0.038715 0.0384406 0.0381457 0.0378451 0.0375378 0.0371958 0.0368275 0.0364585 0.0360735 0.035663 0.0352252 0.034771 0.0343083 0.0338369 0.0333291 0.0328005 0.0322736 0.0317459 0.0312059 0.0306467 0.0300964 0.029577 0.0290994 0.028661 0.0282866 0.0280078 0.0278773 0.0279119 0.0280921 0.0284183 0.0288522 0.0293469 0.0298069 0.0300827 0.0300095 0.0294487 0.0282828 0.0264368 0.0238955 0.0206688 0.0168733 0.0126816 0.00832101 0.00405604 0.000107693 -0.0033258 -0.00611685 -0.00818552 -0.00951039 -0.0101217 -0.010091 -0.00954406 -0.00860887 -0.00744167 -0.00617241 -0.00490508 -0.00373049 -0.00268251 -0.00179657 -0.00107533 -0.00050706 -9.09055e-05 0.000203296 0.000386755 0.000476275 0.000494562 0.000445726 0.000348159 
0 0.000580088 0.00120492 0.0018691 0.00264553 0.00353604 0.00457481 0.00581321 0.007239 0.00891118 0.0108206 0.0129618 0.0153365 0.0178607 0.0204758 0.0230481 0.0254217 0.0274372 0.0289133 0.0297125 0.0297203 0.0289 0.0272411 0.0248369 0.0218263 0.0183978 0.0148576 0.0114516 0.00848714 0.00619213 0.00468028 0.00404739 0.00425416 0.00523224 0.00685978 0.00897224 0.0113588 0.0138576 0.0163294 0.0186628 0.0208518 0.0228313 0.024595 0.0261574 0.027549 0.0288067 0.0299632 0.0310377 0.0320091 0.0329284 0.0338028 0.0346333 0.0354089 0.0361501 0.0368521 0.0375146 0.038159 0.0387525 0.0393055 0.0398381 0.0403641 0.0408347 0.0412675 0.0416877 0.0420999 0.0424767 0.0428138 0.0431404 0.0434567 0.0437535 0.0440145 0.0442682 0.0445078 0.0447363 0.0449377 0.0451311 0.0453124 0.0454851 0.0456374 0.0457816 0.0459189 0.0460453 0.0461582 0.0462639 0.046366 0.0464552 0.0465375 0.0466128 0.0466865 0.0467469 0.0468054 0.0468573 0.0469079 0.0469461 0.0469866 0.0470198 0.0470511 0.0470727 0.0470989 0.0471152 0.0471304 0.0471391 0.0471511 0.047151 0.0471525 0.0471483 0.0471438 0.0471277 0.0471148 0.0470943 0.0470705 0.0470368 0.0470057 0.0469646 0.0469174 0.0468624 0.0468074 0.0467403 0.0466637 0.0465828 0.0464965 0.0463969 0.0462848 0.0461707 0.0460448 0.0459071 0.0457508 0.0455927 0.0454212 0.0452377 0.0450264 0.0448123 0.0445873 0.0443472 0.044074 0.043788 0.0434972 0.0431904 0.0428471 0.0424768 0.0421129 0.0417219 0.0412959 0.0408482 0.0404034 0.0399202 0.039414 0.0388949 0.0383647 0.0378231 0.0372701 0.0367102 0.0361418 0.0356213 0.035141 0.0347096 0.0343493 0.034119 0.0340411 0.0341448 0.0344427 0.0348736 0.0354386 0.036054 0.0365964 0.0369078 0.0368077 0.0361113 0.0346963 0.0324917 0.0294298 0.0255969 0.0210859 0.0161076 0.0109563 0.00588953 0.00120756 -0.00288128 -0.00621434 -0.00870097 -0.0103097 -0.0110769 -0.0110993 -0.0104916 -0.00944834 -0.00810975 -0.00664638 -0.00519756 -0.00382333 -0.00262514 -0.00159928 -0.000764256 -0.0001308 0.000352325 0.000663674 0.000853096 0.000940946 0.000922872 0.000852898 0.000707243 
0 0.000764463 0.0015486 0.00242853 0.00339391 0.0045109 0.00581321 0.00730559 0.00906148 0.0110664 0.0133457 0.0159131 0.018703 0.0216911 0.0247599 0.0277586 0.0305427 0.0328871 0.0346171 0.0355745 0.0356189 0.0347129 0.0328612 0.0301402 0.0267259 0.0228531 0.0188052 0.0149326 0.0115336 0.00885646 0.00709647 0.0062926 0.00645447 0.00749368 0.00926286 0.0115789 0.0142313 0.017032 0.0197899 0.0224451 0.0248881 0.0270914 0.0290687 0.0307957 0.032327 0.033705 0.0349536 0.0360589 0.037101 0.0380454 0.0389289 0.0397818 0.0405663 0.0412947 0.0419741 0.0426365 0.0432377 0.0438203 0.0443522 0.0448605 0.0453132 0.0457534 0.0461832 0.0465623 0.0469042 0.0472334 0.0475633 0.0478386 0.0481113 0.0483475 0.048589 0.0487976 0.0490017 0.0491699 0.0493509 0.049503 0.0496444 0.0497746 0.0499006 0.0500079 0.0501081 0.0502055 0.0502845 0.0503675 0.0504331 0.0505007 0.0505531 0.0506168 0.0506516 0.0507039 0.0507396 0.0507821 0.0508004 0.0508464 0.0508643 0.0508926 0.0509074 0.0509444 0.0509469 0.0509724 0.0509846 0.0510081 0.0510037 0.0510304 0.0510329 0.0510446 0.0510402 0.0510607 0.0510486 0.0510539 0.0510459 0.051049 0.0510251 0.0510225 0.0509985 0.0509803 0.0509474 0.0509217 0.0508759 0.0508369 0.0507834 0.0507216 0.0506581 0.0505846 0.0504972 0.0503994 0.0503079 0.0501836 0.0500626 0.0499159 0.0497756 0.0496072 0.0494375 0.0492188 0.0490238 0.0488078 0.048561 0.0482764 0.0480033 0.0477127 0.0473874 0.0470403 0.046664 0.0462863 0.0458657 0.0454487 0.0449944 0.0445149 0.0440091 0.0435257 0.0430079 0.0424806 0.0419843 0.0414863 0.0410464 0.0406757 0.0404018 0.0402478 0.0402951 0.0405172 0.0409331 0.0415332 0.0422386 0.0429917 0.0436332 0.0439933 0.0438449 0.0430254 0.0413719 0.0387835 0.0352622 0.0308262 0.0256406 0.0199415 0.0140175 0.00820456 0.00281788 -0.00190445 -0.00576555 -0.00865112 -0.0105582 -0.0114894 -0.0115708 -0.0109601 -0.00980668 -0.0083468 -0.00672411 -0.00508819 -0.00357744 -0.00221455 -0.00107803 -0.000164731 0.000551472 0.00104472 0.00138551 0.00156811 0.0016183 0.00158997 0.0014528 0.00126506 
0 0.000970211 0.00199267 0.00307549 0.00429652 0.00566979 0.007239 0.00906148 0.0111349 0.0135192 0.0162049 0.0191859 0.0224436 0.0258785 0.0294043 0.0328426 0.0360124 0.0386973 0.0406823 0.0417986 0.0418861 0.0409174 0.0388647 0.0358537 0.0320736 0.0277511 0.0232776 0.0189443 0.015123 0.012098 0.0100225 0.00902986 0.00909236 0.0101247 0.0119739 0.0144448 0.0172768 0.0202964 0.023308 0.0261684 0.0288433 0.0312359 0.0333667 0.0352307 0.0368635 0.0382951 0.0395661 0.0407145 0.0417471 0.0426927 0.0435541 0.0443553 0.0450755 0.0457752 0.0464194 0.0469967 0.0475435 0.0480521 0.0485099 0.0489438 0.0493596 0.0497132 0.0500495 0.0503595 0.0506535 0.0509169 0.0511549 0.0513675 0.0515792 0.0517611 0.0519221 0.0520827 0.052218 0.0523345 0.0524536 0.0525619 0.0526382 0.052723 0.0527996 0.0528623 0.0529128 0.0529671 0.0530068 0.0530502 0.0530792 0.053105 0.0531333 0.0531621 0.0531686 0.0531886 0.0532139 0.0532226 0.0532254 0.0532529 0.0532661 0.0532663 0.0532837 0.0533107 0.053312 0.0533239 0.0533538 0.0533701 0.0533743 0.0534053 0.0534323 0.0534416 0.053462 0.0534999 0.0535143 0.0535302 0.0535619 0.0535885 0.053597 0.0536223 0.0536443 0.0536577 0.0536668 0.0536824 0.053685 0.0536927 0.053686 0.0536768 0.0536675 0.053654 0.053614 0.0535871 0.0535523 0.0534934 0.0534301 0.0533737 0.0532867 0.053186 0.0530905 0.0529767 0.052845 0.0526878 0.0525258 0.0523592 0.0521724 0.0519325 0.0517039 0.0514577 0.0511801 0.0508844 0.0505715 0.0502143 0.0498507 0.0494838 0.049077 0.0486633 0.0482294 0.0478036 0.0473798 0.0469966 0.0466613 0.046403 0.0462489 0.0462535 0.0464449 0.0468335 0.0474627 0.0482389 0.0491423 0.050053 0.0507958 0.051199 0.0510366 0.0500928 0.0482108 0.0453005 0.0412934 0.0363166 0.0304954 0.024101 0.0174948 0.0109782 0.00494292 -0.000364492 -0.00472473 -0.00800983 -0.010197 -0.011309 -0.0114802 -0.0108529 -0.00965452 -0.00807624 -0.00631863 -0.00456039 -0.0028918 -0.00143023 -0.000188651 0.000808613 0.00155227 0.00209286 0.00242145 0.00258811 0.00261831 0.00252021 0.00234336 0.00207723 
0 0.00122405 0.00249131 0.0038513 0.00534398 0.00701617 0.00891118 0.0110664 0.0135192 0.0162958 0.0194041 0.0228385 0.0265506 0.030458 0.0344386 0.0383037 0.0418582 0.0448606 0.0470847 0.0483478 0.0484836 0.0474463 0.0452332 0.0419553 0.0378276 0.0331164 0.0281979 0.0234329 0.01919 0.0157743 0.0133881 0.0121499 0.0120552 0.0130133 0.0148583 0.0173745 0.0203199 0.0234904 0.0266699 0.0297227 0.0325478 0.0350676 0.0373052 0.0392499 0.0409344 0.0423972 0.0436626 0.044764 0.0457577 0.0466405 0.0474266 0.0481503 0.0487949 0.0493962 0.0499389 0.0504239 0.0508643 0.0512806 0.0516526 0.0519891 0.052277 0.0525381 0.052805 0.0530263 0.053203 0.0533702 0.0535396 0.0536724 0.0537912 0.0538803 0.0539734 0.0540608 0.0541204 0.0541552 0.0542125 0.0542541 0.0542656 0.054283 0.0543047 0.05431 0.0543056 0.0543055 0.0542979 0.0542964 0.0542786 0.0542623 0.0542539 0.0542489 0.0542166 0.0542092 0.054208 0.0541917 0.0541675 0.0541822 0.0541766 0.0541622 0.0541675 0.0541927 0.0541827 0.0541942 0.0542257 0.054248 0.054252 0.0542981 0.0543366 0.0543603 0.0543956 0.0544612 0.0544951 0.0545371 0.054599 0.0546621 0.0547002 0.0547654 0.0548303 0.0548879 0.0549402 0.0550071 0.0550644 0.0551256 0.0551753 0.0552268 0.0552863 0.0553355 0.0553628 0.0554066 0.0554562 0.0554695 0.0554826 0.0555056 0.0555185 0.0555067 0.0554937 0.0554624 0.0554442 0.0554021 0.0553289 0.0552486 0.055181 0.0550753 0.054949 0.0548104 0.0546538 0.0544862 0.0542867 0.0540669 0.0538378 0.0535916 0.0533091 0.0530315 0.0527364 0.0524532 0.0521923 0.0519468 0.0517606 0.0516785 0.0517233 0.0519347 0.0523518 0.0529663 0.0538123 0.0548318 0.0559485 0.0570422 0.0579215 0.0583873 0.0582044 0.0571554 0.0550647 0.0518293 0.0474218 0.0419412 0.0355601 0.0285697 0.0213255 0.01419 0.00755521 0.0017054 -0.00311415 -0.00676704 -0.00922606 -0.0105151 -0.0107759 -0.0101773 -0.00893404 -0.00727959 -0.00541536 -0.00352669 -0.0017498 -0.000172374 0.00115054 0.00220201 0.00298986 0.0035244 0.00384504 0.00397781 0.00395311 0.00381007 0.00355704 0.00322455 
0 0.00152263 0.00308437 0.00475745 0.00656358 0.00856956 0.0108206 0.0133457 0.0162049 0.0194041 0.0229599 0.0268608 0.0310397 0.0354175 0.0398427 0.0441226 0.0480418 0.0513447 0.0537947 0.055189 0.0553647 0.0542526 0.0518722 0.0483335 0.043869 0.0387859 0.0334503 0.02827 0.0236104 0.019792 0.0170524 0.0155096 0.0151861 0.0159873 0.0177435 0.0202221 0.0231882 0.0264154 0.0296803 0.0328399 0.0357539 0.0383583 0.0406555 0.0426399 0.0443336 0.0457732 0.0469886 0.0480192 0.0489373 0.0497272 0.0504065 0.0510026 0.0515271 0.052006 0.0524288 0.0527906 0.0530973 0.053384 0.0536351 0.0538556 0.0540214 0.0541682 0.0543166 0.0544298 0.0545015 0.0545662 0.0546335 0.0546711 0.0546954 0.0546943 0.0547036 0.054706 0.0546853 0.0546425 0.054627 0.0545967 0.0545425 0.0544915 0.0544523 0.0543996 0.0543391 0.0542823 0.0542269 0.0541776 0.0541138 0.0540548 0.054009 0.0539663 0.0539006 0.0538626 0.0538335 0.0537918 0.0537461 0.0537409 0.0537188 0.0536913 0.0536856 0.0537023 0.0536881 0.0536977 0.0537291 0.0537553 0.0537665 0.0538215 0.053872 0.0539115 0.0539648 0.0540509 0.0541094 0.054178 0.0542696 0.0543658 0.0544398 0.0545421 0.0546504 0.0547525 0.054851 0.054968 0.0550822 0.055197 0.055306 0.0554214 0.0555482 0.0556628 0.0557647 0.055883 0.0560117 0.0561062 0.0562062 0.056317 0.056424 0.0565062 0.0565941 0.0566714 0.0567591 0.0568249 0.0568696 0.0569167 0.0569732 0.0569969 0.0569962 0.0569999 0.0569943 0.0569764 0.0569181 0.0568513 0.0567835 0.0567046 0.0565936 0.0564796 0.0563584 0.0562551 0.0561901 0.0561423 0.0561676 0.0563113 0.0566037 0.0570736 0.0577597 0.0586591 0.0597837 0.0610911 0.0624615 0.0637625 0.0647915 0.0653351 0.0651547 0.0640258 0.061762 0.0582461 0.0534811 0.0475556 0.0406839 0.0331736 0.0253829 0.0177182 0.0105653 0.00424722 -0.000978545 -0.00496344 -0.00766871 -0.00912727 -0.00947661 -0.00890908 -0.00763637 -0.00591758 -0.00396464 -0.0019688 -9.65781e-05 0.00157648 0.00296909 0.00406707 0.00488747 0.00542092 0.00572943 0.00582643 0.00574558 0.00554028 0.00520258 0.00478365 
0 0.00185199 0.00377047 0.00577267 0.0079514 0.0103305 0.0129618 0.0159131 0.0191859 0.0228385 0.0268608 0.0312223 0.0358853 0.0407151 0.0455706 0.0502462 0.0544938 0.0580656 0.0607097 0.0622057 0.0623946 0.0612087 0.0586463 0.0548591 0.0500783 0.0446131 0.0388919 0.0332818 0.0281909 0.0239612 0.0208103 0.0189153 0.0182889 0.0188451 0.0204107 0.0227675 0.0256524 0.0288444 0.0321398 0.0353126 0.0382688 0.0409068 0.0432067 0.045189 0.0468632 0.0482418 0.0493643 0.050316 0.0511009 0.0517716 0.052323 0.0527693 0.0531411 0.0534813 0.0537703 0.0539726 0.0541493 0.0542925 0.0544129 0.0544885 0.0545492 0.054572 0.0545856 0.0545837 0.0545609 0.0545221 0.0544681 0.0544182 0.0543438 0.0542646 0.0541728 0.0540993 0.0539912 0.0538867 0.0537838 0.0536907 0.0535682 0.0534578 0.0533519 0.0532473 0.053132 0.0530218 0.0529219 0.0528233 0.0527212 0.0526193 0.052542 0.0524561 0.0523711 0.0522959 0.0522466 0.0521747 0.0521222 0.0520844 0.0520576 0.0520122 0.052006 0.0520003 0.0519975 0.0519959 0.0520343 0.0520535 0.0520871 0.052136 0.0522063 0.0522536 0.0523348 0.0524247 0.0525183 0.0526046 0.0527299 0.0528466 0.0529662 0.0530947 0.0532479 0.0533875 0.0535359 0.0536955 0.0538657 0.0540308 0.0541972 0.0543772 0.0545629 0.0547453 0.0549172 0.0551172 0.0553095 0.0554952 0.0556735 0.0558851 0.0560714 0.0562554 0.0564362 0.0566426 0.0568251 0.0569956 0.0571657 0.0573562 0.0575322 0.0576772 0.0578303 0.0579799 0.0581315 0.0582604 0.0583828 0.0584707 0.0585824 0.0586942 0.0587802 0.0588459 0.0589368 0.0590635 0.0592064 0.0594158 0.059695 0.0601095 0.0606975 0.0614939 0.0624885 0.0637188 0.0651822 0.0667861 0.0684524 0.0699822 0.0711759 0.0718144 0.0716595 0.0704647 0.0680527 0.06432 0.0592363 0.0529632 0.0456936 0.0377501 0.0295348 0.0214252 0.0138479 0.00714422 0.00157557 -0.00269019 -0.00559832 -0.00720411 -0.00763628 -0.00708228 -0.00580177 -0.00401395 -0.00197441 0.000106776 0.0020984 0.00384733 0.0053206 0.00647833 0.00730431 0.00785882 0.0081301 0.00818465 0.00805979 0.00776252 0.0073655 0.00684866 
0 0.00223641 0.00451566 0.00692602 0.00948532 0.0122721 0.0153365 0.018703 0.0224436 0.0265506 0.0310397 0.0358853 0.0409962 0.0462738 0.0515312 0.0565594 0.0611019 0.0648991 0.0676872 0.0692444 0.069425 0.0681142 0.0653841 0.0613358 0.0562249 0.0504286 0.0442806 0.0382642 0.0327368 0.0280396 0.0244699 0.0221514 0.0211485 0.0213754 0.0226685 0.0247785 0.0275068 0.0305867 0.0337961 0.036964 0.0398822 0.0425021 0.0447747 0.0467214 0.0483297 0.0496394 0.050678 0.0514835 0.0521503 0.0526716 0.0530702 0.0533591 0.0536046 0.0537725 0.0538945 0.0539706 0.0539908 0.053996 0.0539912 0.0539528 0.05385 0.0537641 0.0536801 0.0535826 0.0534298 0.0532839 0.0531545 0.05302 0.0528505 0.0526781 0.052526 0.0523663 0.0521973 0.0520169 0.0518575 0.0516917 0.0515279 0.0513511 0.0511993 0.0510406 0.0508866 0.0507274 0.0505921 0.0504504 0.0503159 0.0501846 0.0500729 0.049958 0.0498522 0.0497567 0.049676 0.049595 0.0495267 0.049473 0.0494277 0.0493875 0.0493643 0.0493535 0.0493478 0.0493553 0.0493793 0.0494103 0.0494501 0.0495077 0.0495762 0.0496498 0.0497392 0.049843 0.0499535 0.050071 0.0502084 0.0503524 0.0505035 0.0506627 0.0508431 0.0510219 0.0512102 0.0514063 0.0516241 0.0518309 0.0520516 0.0522799 0.0525267 0.0527564 0.0530043 0.0532571 0.0535264 0.0537793 0.0540424 0.0543129 0.0546037 0.054878 0.055144 0.0554295 0.0557331 0.0560286 0.0562969 0.0565858 0.0568909 0.0572036 0.0574703 0.0577595 0.0580641 0.0583616 0.0586286 0.0589206 0.0592159 0.0594967 0.0597883 0.0600734 0.0603915 0.0607474 0.0611694 0.0616238 0.0621946 0.0629268 0.0638565 0.0649994 0.0663659 0.0679691 0.0697629 0.071734 0.0736888 0.0754662 0.076853 0.0775964 0.0774689 0.0762399 0.073719 0.0697858 0.0644991 0.0579308 0.0503643 0.0421216 0.0335512 0.0251341 0.0172265 0.0102234 0.00440351 -7.76588e-05 -0.0031427 -0.00485345 -0.00533475 -0.00480079 -0.00347178 -0.00162501 0.000506933 0.00271371 0.00479251 0.00666283 0.00821289 0.00942329 0.0103073 0.0108478 0.011123 0.0111427 0.0109517 0.0106119 0.0101143 0.00951965 
0 0.00264174 0.00534907 0.00815838 0.0111514 0.0143662 0.0178607 0.0216911 0.0258785 0.030458 0.0354175 0.0407151 0.0462738 0.0519551 0.0575738 0.0629084 0.0676905 0.0716529 0.0745415 0.0761158 0.0762303 0.0747947 0.0718404 0.0675258 0.0620989 0.0559277 0.0494087 0.0429678 0.0369967 0.0318449 0.0277915 0.0250021 0.0235526 0.023368 0.0242869 0.0261029 0.0285682 0.0314442 0.0345244 0.0375681 0.0404199 0.0429947 0.0452132 0.0471004 0.0486493 0.0498557 0.0507767 0.0514844 0.0520058 0.0523916 0.0526503 0.0527845 0.0528598 0.0528883 0.0528804 0.0528103 0.0527036 0.0525757 0.0524384 0.0522692 0.052096 0.0519099 0.0516941 0.0514886 0.051282 0.0510641 0.0508328 0.050617 0.0503839 0.0501654 0.0499377 0.0497146 0.0494891 0.0492753 0.0490518 0.0488425 0.0486353 0.0484252 0.0482266 0.0480367 0.047847 0.0476609 0.0474952 0.0473232 0.0471671 0.0470167 0.0468808 0.0467414 0.0466305 0.0465146 0.0464167 0.0463246 0.0462573 0.0461805 0.046133 0.0460905 0.0460659 0.0460385 0.0460458 0.0460501 0.046073 0.046102 0.0461613 0.0462118 0.0462888 0.0463737 0.0464799 0.0465803 0.0467141 0.0468479 0.0469993 0.0471546 0.0473382 0.0475144 0.0477153 0.0479221 0.0481429 0.0483652 0.0486142 0.0488587 0.0491155 0.0493876 0.0496682 0.0499476 0.0502455 0.0505539 0.0508586 0.0511813 0.0515084 0.0518473 0.0521859 0.0525374 0.0528893 0.0532735 0.0536377 0.0540057 0.054398 0.0548139 0.0552065 0.0556091 0.0560235 0.05645 0.0568945 0.0573317 0.0577668 0.0582069 0.0586781 0.0591639 0.0596587 0.0601443 0.0606898 0.0612961 0.0619598 0.0627242 0.0636122 0.0646694 0.0659571 0.06748 0.0692223 0.0712225 0.0734167 0.0757244 0.078003 0.0800283 0.0815871 0.0824502 0.0823705 0.0811218 0.0785242 0.0744715 0.0689995 0.0622474 0.0544752 0.046011 0.037248 0.0286102 0.0205006 0.0133111 0.0073142 0.00269992 -0.000461563 -0.00222936 -0.00272441 -0.00215627 -0.000773656 0.00117213 0.003421 0.00574549 0.00797494 0.00995626 0.0116213 0.01293 0.0138596 0.0144603 0.014735 0.0147435 0.0145337 0.0141194 0.0135742 0.0128877 
0 0.00306586 0.00619832 0.00944035 0.0128707 0.0165296 0.0204758 0.0247599 0.0294043 0.0344386 0.0398427 0.0455706 0.0515312 0.0575738 0.0635038 0.0690844 0.0740435 0.0781118 0.0810276 0.082561 0.0825674 0.0809568 0.0777802 0.0731907 0.0674477 0.0609304 0.0540211 0.0471608 0.0407379 0.0351007 0.0305505 0.0272557 0.0253048 0.0246428 0.0251191 0.0265371 0.0286731 0.031286 0.0341626 0.0370658 0.0398107 0.0423003 0.0444465 0.0462635 0.0477349 0.048865 0.0497012 0.0502929 0.0506883 0.05094 0.0510631 0.0510741 0.0510356 0.050929 0.0507851 0.0506042 0.0503911 0.0501642 0.049936 0.0496775 0.0494057 0.0491411 0.0488641 0.0485986 0.0483171 0.0480317 0.0477541 0.0474921 0.047207 0.0469407 0.0466744 0.0464074 0.0461503 0.0459035 0.0456457 0.0454022 0.0451742 0.0449379 0.044715 0.0445004 0.0442934 0.0440913 0.0439087 0.0437168 0.0435511 0.0433934 0.0432408 0.0430903 0.0429787 0.0428556 0.0427435 0.0426527 0.0425855 0.0424996 0.0424474 0.042413 0.0423831 0.0423512 0.0423639 0.0423739 0.0423894 0.042424 0.0424919 0.0425427 0.0426184 0.0427178 0.0428289 0.0429296 0.0430735 0.0432233 0.0433766 0.0435409 0.0437433 0.0439323 0.0441408 0.044367 0.0446097 0.0448467 0.045115 0.0453839 0.0456677 0.0459637 0.046272 0.0465809 0.0469173 0.0472568 0.0475985 0.0479635 0.0483359 0.0487123 0.0491078 0.0495169 0.0499163 0.050351 0.0507926 0.0512401 0.0516953 0.0521754 0.0526584 0.0531709 0.0536807 0.0542033 0.0547564 0.0553175 0.0558886 0.0564879 0.0571091 0.0577445 0.0584212 0.0591155 0.0598823 0.0607283 0.0616558 0.0626981 0.0639024 0.0653088 0.0669692 0.068884 0.0710313 0.0734273 0.0759949 0.0786528 0.0812294 0.0834981 0.0852374 0.0862056 0.0861638 0.0849012 0.0822439 0.0781048 0.0725404 0.0656841 0.0578144 0.0492567 0.0403931 0.0316621 0.0234571 0.0161783 0.010112 0.00544528 0.00225822 0.000495302 3.20273e-05 0.000665427 0.00214792 0.00422195 0.00662712 0.00912464 0.0115326 0.0136911 0.0155131 0.0169553 0.0179907 0.0186627 0.0189845 0.0190126 0.0187998 0.0183682 0.0177849 0.0170491 
0 0.00349659 0.00704849 0.0107264 0.0145781 0.0186663 0.0230481 0.0277586 0.0328426 0.0383037 0.0441226 0.0502462 0.0565594 0.0629084 0.0690844 0.0748421 0.0799067 0.084014 0.086893 0.0883306 0.0881852 0.0863587 0.0829378 0.0780572 0.071995 0.0651468 0.0578628 0.05061 0.0437546 0.0376384 0.032581 0.0287492 0.0262514 0.0250539 0.0250362 0.0259975 0.0277488 0.030043 0.0326506 0.0353689 0.0379761 0.0403745 0.0424605 0.0442248 0.0456319 0.0467005 0.0474771 0.0479828 0.0483009 0.0484565 0.0484812 0.0483938 0.0482629 0.0480568 0.0478186 0.0475682 0.0472774 0.0469774 0.0466711 0.046363 0.0460388 0.0457312 0.0454029 0.0450943 0.0447791 0.0444683 0.0441651 0.043865 0.0435619 0.0432767 0.0429985 0.0427017 0.0424375 0.0421756 0.0419116 0.0416479 0.0414171 0.041172 0.0409453 0.0407186 0.0405102 0.0403074 0.0401203 0.0399233 0.0397585 0.0396056 0.0394457 0.0392981 0.0391889 0.0390709 0.0389513 0.0388708 0.0388034 0.0387216 0.0386653 0.0386439 0.0386088 0.0385826 0.0385945 0.0386149 0.0386222 0.0386665 0.0387336 0.0387902 0.0388594 0.0389714 0.0390784 0.0391829 0.0393257 0.0394871 0.0396339 0.0398044 0.040011 0.0402079 0.0404126 0.0406491 0.0408998 0.0411421 0.0414146 0.041696 0.041993 0.0422946 0.0426165 0.0429396 0.0432978 0.0436446 0.0440085 0.0443929 0.0447977 0.0451847 0.0456098 0.0460498 0.046492 0.0469485 0.0474278 0.0479212 0.0484294 0.0489582 0.049493 0.0500707 0.0506467 0.0512544 0.0518877 0.0525448 0.0532102 0.0539323 0.054675 0.0554465 0.0562818 0.0571554 0.0581089 0.0591595 0.0603394 0.0616492 0.0631665 0.0649082 0.0669193 0.0692033 0.0717454 0.0745292 0.0774586 0.0804545 0.0832945 0.0857765 0.0876669 0.0887186 0.0887112 0.0874428 0.0847517 0.0805619 0.0749613 0.0680659 0.060182 0.0516336 0.0427764 0.034074 0.0258889 0.0186268 0.0125878 0.0079487 0.00480759 0.00311402 0.00274397 0.00349653 0.00513489 0.00738621 0.00999594 0.0127197 0.0153459 0.0177374 0.01977 0.0214022 0.0226188 0.0234216 0.0238643 0.0239752 0.0238072 0.0234139 0.0228187 0.0220675 
0 0.00388241 0.00783787 0.011898 0.0161561 0.0206454 0.0254217 0.0305427 0.0360124 0.0418582 0.0480418 0.0544938 0.0611019 0.0676905 0.0740435 0.0799067 0.085015 0.0890771 0.0918657 0.093154 0.0927921 0.0907557 0.0870527 0.0818958 0.0755505 0.0683571 0.0607569 0.053115 0.0458407 0.0392777 0.0337092 0.029342 0.0262844 0.0245303 0.0239569 0.0244489 0.0257582 0.0276909 0.0300324 0.0325189 0.0349943 0.0373018 0.0393426 0.0410567 0.0424531 0.0434943 0.0442338 0.0447311 0.0449923 0.0450956 0.0450662 0.0449485 0.0447403 0.0444959 0.0442156 0.0439115 0.0435951 0.0432704 0.0429328 0.0425776 0.042268 0.0419447 0.0416002 0.0412569 0.0409604 0.0406524 0.040337 0.0400206 0.0397266 0.039454 0.0391642 0.038872 0.0386033 0.0383599 0.0380884 0.0378376 0.0375984 0.0373771 0.0371444 0.0369321 0.0367217 0.0365407 0.03635 0.0361683 0.0360076 0.0358702 0.0357126 0.0355782 0.0354756 0.0353683 0.0352553 0.0351834 0.0351238 0.0350487 0.0349999 0.0349824 0.0349552 0.0349317 0.0349497 0.0349705 0.034984 0.0350275 0.0350979 0.0351527 0.0352249 0.0353339 0.035441 0.0355428 0.0356843 0.0358431 0.035986 0.0361543 0.0363561 0.0365533 0.0367486 0.0369867 0.037231 0.0374765 0.0377346 0.0380264 0.0383147 0.0386222 0.0389304 0.0392716 0.0396196 0.0399785 0.0403319 0.0407341 0.0411389 0.0415436 0.0419592 0.0424136 0.0428781 0.0433508 0.0438306 0.0443331 0.0448861 0.0454357 0.0459906 0.0465782 0.0472248 0.0478644 0.0485376 0.0492458 0.049999 0.0507779 0.0516037 0.0524914 0.0534277 0.0544454 0.0555576 0.0567969 0.0581639 0.059746 0.0615371 0.0635812 0.0659304 0.0685636 0.0714658 0.074597 0.0778722 0.0811194 0.0842012 0.0868489 0.0888338 0.0899477 0.0899385 0.0886424 0.0859156 0.0817205 0.0761042 0.0692675 0.061453 0.0529865 0.044275 0.0356711 0.0276222 0.0204833 0.0145441 0.0100324 0.00700213 0.00544007 0.00522018 0.00614869 0.00798278 0.0104712 0.0133437 0.0163453 0.0192872 0.0219672 0.0242991 0.0262095 0.0276551 0.0286911 0.0293016 0.0295641 0.0295287 0.0292085 0.0286988 0.0279798 
0 0.00421925 0.00849517 0.0129034 0.0174876 0.0223164 0.0274372 0.0328871 0.0386973 0.0448606 0.0513447 0.0580656 0.0648991 0.0716529 0.0781118 0.084014 0.0890771 0.0930565 0.0956792 0.0967663 0.0961835 0.0938694 0.089922 0.0844907 0.0778683 0.070414 0.0624994 0.0545329 0.0468884 0.0399009 0.0338584 0.0289838 0.0253668 0.0230402 0.0219357 0.0218911 0.0227633 0.0243272 0.0263518 0.0286395 0.0309807 0.0332092 0.0352273 0.0369567 0.038348 0.039431 0.0402185 0.0407245 0.0410076 0.0411112 0.0410766 0.0409537 0.0407723 0.0405164 0.040215 0.0399174 0.0396122 0.0392886 0.0389593 0.0386408 0.0383156 0.0379971 0.037688 0.0373846 0.0370788 0.0367804 0.0364951 0.0362072 0.0359288 0.0356603 0.0353976 0.0351256 0.0348789 0.0346405 0.034401 0.0341593 0.0339438 0.0337355 0.0335293 0.0333246 0.0331408 0.0329729 0.0328022 0.0326357 0.0324951 0.0323697 0.0322311 0.0321135 0.0320211 0.0319297 0.0318319 0.0317718 0.0317179 0.0316614 0.0316183 0.0316086 0.0315864 0.0315777 0.0315919 0.0316199 0.0316362 0.0316859 0.0317474 0.0318096 0.0318788 0.0319853 0.0320838 0.0321898 0.0323206 0.0324725 0.0326092 0.0327729 0.032961 0.0331507 0.0333388 0.0335631 0.033799 0.0340327 0.0342812 0.0345578 0.034843 0.0351295 0.0354345 0.0357614 0.0361029 0.0364405 0.0368015 0.0371852 0.03758 0.03797 0.0383958 0.0388401 0.0392879 0.0397421 0.0402391 0.0407567 0.0412756 0.0418104 0.0423892 0.0430026 0.0436275 0.0442823 0.0449701 0.0457007 0.0464828 0.0473195 0.0481846 0.049109 0.0501362 0.0512624 0.0524907 0.0538636 0.0554232 0.0571905 0.0592258 0.0615565 0.0641817 0.0671227 0.0703473 0.0737695 0.0772942 0.0807784 0.0839992 0.0867518 0.0888002 0.0898907 0.0898517 0.0885024 0.0857319 0.0815313 0.0759682 0.0692148 0.0615389 0.0532609 0.0447289 0.0363582 0.0285191 0.0215797 0.0158539 0.0115138 0.00867465 0.00730176 0.00728129 0.00844133 0.0105367 0.013316 0.0165115 0.019874 0.0231729 0.0262426 0.0289454 0.0312058 0.0330082 0.0343308 0.0352319 0.0357373 0.0358931 0.0357711 0.0353764 0.034775 
0 0.00446008 0.00897809 0.0136306 0.0184599 0.0235406 0.0289133 0.0346171 0.0406823 0.0470847 0.0537947 0.0607097 0.0676872 0.0745415 0.0810276 0.086893 0.0918657 0.0956792 0.0981077 0.0989609 0.0981154 0.0955588 0.0913471 0.0856779 0.0788338 0.0711373 0.0629978 0.0547647 0.0468152 0.0394809 0.0330219 0.02767 0.0235314 0.0206595 0.0190059 0.0184744 0.0188998 0.0200881 0.0218254 0.023893 0.0261118 0.0283005 0.0303463 0.0321189 0.0335961 0.0347604 0.0356215 0.0362283 0.0365889 0.036755 0.0367819 0.036722 0.0365584 0.0363501 0.0360995 0.0358378 0.0355768 0.0352959 0.0349945 0.0346968 0.0344374 0.0341706 0.0338901 0.0335897 0.03334 0.0330985 0.0328398 0.0325639 0.0323258 0.0320987 0.0318631 0.0316221 0.0313961 0.0311937 0.0309825 0.0307729 0.0305733 0.0304031 0.0302165 0.0300436 0.0298798 0.0297417 0.0295875 0.0294549 0.0293295 0.0292254 0.0291086 0.0290171 0.0289323 0.0288624 0.0287858 0.0287374 0.0286914 0.0286558 0.028624 0.028617 0.0286064 0.0286107 0.0286248 0.0286544 0.0286814 0.0287314 0.0287867 0.0288524 0.0289237 0.0290195 0.0291117 0.0292199 0.0293391 0.0294775 0.029609 0.0297666 0.0299326 0.0301139 0.0302902 0.0304997 0.0307128 0.03094 0.0311646 0.0314284 0.0316912 0.0319645 0.0322426 0.0325626 0.0328758 0.0331978 0.0335348 0.0339068 0.034279 0.0346557 0.0350476 0.0354744 0.0359234 0.0363568 0.0368098 0.0373051 0.037838 0.0383536 0.0388975 0.0394757 0.0401119 0.0407561 0.0414279 0.0421502 0.042938 0.043762 0.044646 0.0456197 0.0466747 0.0478597 0.0491662 0.0506384 0.0523242 0.0542849 0.0565143 0.0590579 0.061923 0.0651041 0.0685792 0.0722352 0.0759599 0.0795633 0.082865 0.0856322 0.0876405 0.088671 0.0885387 0.0871008 0.0842744 0.0800719 0.0745551 0.0679356 0.0604419 0.0523922 0.0441494 0.0360554 0.0285149 0.0218592 0.0163832 0.0122996 0.00969374 0.00856199 0.0088027 0.0102369 0.0126454 0.0157746 0.0193508 0.0231321 0.0268752 0.0303987 0.033567 0.0362801 0.0385154 0.0402523 0.0415257 0.0423731 0.042833 0.0429671 0.0427982 0.0423746 
0 0.00457561 0.00921244 0.0139928 0.0189576 0.0241855 0.0297125 0.0355745 0.0417986 0.0483478 0.055189 0.0622057 0.0692444 0.0761158 0.082561 0.0883306 0.093154 0.0967663 0.0989609 0.0995575 0.098451 0.0956511 0.0912185 0.0853642 0.0783612 0.070513 0.0622196 0.0538006 0.0456267 0.0380177 0.0312207 0.0254737 0.0208795 0.0175163 0.0153623 0.014353 0.0143529 0.0151863 0.0166524 0.0185394 0.020671 0.0228461 0.0249447 0.0268086 0.0284079 0.0297209 0.0307356 0.0314938 0.0319823 0.0322611 0.0323895 0.0324327 0.0323678 0.0322485 0.0320662 0.0318657 0.0316774 0.0314632 0.0312366 0.0310038 0.0307899 0.0305636 0.0303522 0.0301143 0.0299055 0.0296965 0.0294809 0.0292612 0.0290641 0.0288651 0.0286632 0.0284722 0.0282766 0.0281058 0.0279287 0.0277571 0.0275855 0.0274492 0.0272904 0.0271512 0.0270171 0.0269035 0.0267755 0.0266767 0.0265729 0.0264862 0.0264002 0.0263327 0.0262603 0.0262095 0.0261607 0.0261213 0.026087 0.0260709 0.0260544 0.0260478 0.0260518 0.0260674 0.026084 0.0261131 0.0261532 0.0262012 0.0262522 0.0263191 0.0263946 0.0264763 0.0265644 0.0266716 0.0267808 0.0269007 0.0270301 0.0271769 0.0273216 0.0274884 0.0276575 0.0278444 0.0280351 0.0282499 0.0284551 0.028694 0.0289356 0.0291906 0.0294439 0.0297426 0.0300271 0.0303299 0.0306459 0.0309909 0.0313277 0.0316922 0.0320637 0.0324576 0.0328694 0.0332843 0.0337221 0.0341906 0.0346766 0.0351568 0.0356914 0.0362448 0.0368406 0.0374447 0.0380884 0.0387835 0.0395599 0.0403634 0.0412257 0.042189 0.0432558 0.044477 0.0458359 0.04738 0.0491598 0.0512488 0.0536309 0.0563576 0.0594139 0.0627883 0.066445 0.0702442 0.0740667 0.077709 0.0809953 0.0836939 0.0855884 0.086466 0.0861693 0.0845848 0.0816631 0.077447 0.0719963 0.0655298 0.0582569 0.0504818 0.0425594 0.0348034 0.0276095 0.0212903 0.0161278 0.0123395 0.0100118 0.0091567 0.00968834 0.0114349 0.0141935 0.0177181 0.0217336 0.0260005 0.0302626 0.0343264 0.0380452 0.0413006 0.0440621 0.0462998 0.0480404 0.0493208 0.0501746 0.0506608 0.0508018 0.0506412 
