0 0 0 0 0 0 0 0 0 0 0 0 0 0 0 0 0 0 0 0 0 0 0 0 0 0 0 0 0 0 0 0 0 0 0 0 0 0 0 0 0 0 0 0 0 0 0 0 0 0 0 0 0 0 0 0 0 0 0 0 0 0 0 0 0 0 0 0 0 0 0 0 0 0 0 0 0 0 0 0 0 0 0 0 0 0 0 0 0 0 0 0 0 0 0 0 0 0 0 0 0 0 0 0 0 0 0 0 0 0 0 0 0 0 0 0 0 0 0 0 0 0 0 0 0 0 0 0 0 0 0 0 0 0 0 0 0 0 0 0 0 0 0 0 0 0 0 0 0 0 0 0 0 0 0 0 0 0 0 0 0 0 0 0 0 0 0 0 0 0 0 0 0 0 0 0 0 0 0 0 0 0 0 0 0 0 0 0 0 0 0 0 0 0 0 0 0 0 0 0 
0 0.000707909 0.00141152 0.00213903 0.00286479 0.00360313 0.00434368 0.00505309 0.00573471 0.00633692 0.00684117 0.00723126 0.00746485 0.00756054 0.00750177 0.00729924 0.00699425 0.00659324 0.00616347 0.00574991 0.00539402 0.00515684 0.00504538 0.0050728 0.0052357 0.00551068 0.00587741 0.00631539 0.00677687 0.00723407 0.00766779 0.00804377 0.00838475 0.00866929 0.00889931 0.00907921 0.00920746 0.00930714 0.00937397 0.00942706 0.00943372 0.00942143 0.00939119 0.00933705 0.00927703 0.0091914 0.00908533 0.00896671 0.00885232 0.00869779 0.00854592 0.0083841 0.0082108 0.00804295 0.00785782 0.00765968 0.0074604 0.0072803 0.00707605 0.00687775 0.00667166 0.00648035 0.00627563 0.00607419 0.00588576 0.00569697 0.00549573 0.00530095 0.0051303 0.00494455 0.00476727 0.00458355 0.00442003 0.00425406 0.00409824 0.00392557 0.00378239 0.0036371 0.00349263 0.00334764 0.00322539 0.00309566 0.00297266 0.00285791 0.00275067 0.00264661 0.00254836 0.00245794 0.00237372 0.00229852 0.00222128 0.00216059 0.00210332 0.0020517 0.00200195 0.00197412 0.00193844 0.00191415 0.00189851 0.00189601 0.00188351 0.00189435 0.00190758 0.00192649 0.00194653 0.00198952 0.002025 0.00207175 0.00212604 0.00219206 0.0022539 0.00233137 0.00241253 0.00250151 0.00259421 0.00269446 0.00280259 0.00291735 0.00303382 0.0031551 0.0032953 0.00342652 0.00356473 0.00371249 0.00387506 0.00402026 0.00418729 0.00435043 0.00452814 0.00470069 0.00488526 0.00505653 0.0052547 0.00544821 0.00564135 0.00583539 0.00603876 0.00624189 0.00644733 0.00666116 0.00686611 0.00707584 0.00727298 0.00749834 0.00770874 0.00790732 0.00810189 0.00831225 0.00850018 0.00868798 0.00887354 0.00903638 0.00920904 0.00936011 0.00949632 0.00962019 0.00975047 0.00985308 0.00994478 0.0100179 0.0100747 0.0101351 0.0101801 0.010221 0.0102459 0.0102888 0.0103359 0.0103992 0.0104835 0.0105677 0.0106757 0.0107832 0.0108688 0.010906 0.0108579 0.0106902 0.0103964 0.00995073 0.00934344 0.00859889 0.00770974 0.00674015 0.00573319 0.00472827 0.00380301 0.00296497 0.00225859 0.00170288 0.00128123 0.00101622 0.000869041 0.000821062 0.000854709 0.000915312 0.000999868 0.00107067 0.00110893 0.00111971 0.00107031 0.000976906 
0 0.00141152 0.00285019 0.00428046 0.00575699 0.00723143 0.00869756 0.0101436 0.0114771 0.0126964 0.0137049 0.0144628 0.0149534 0.0151173 0.0150032 0.0146009 0.0139698 0.013183 0.0123118 0.0114799 0.010764 0.0102712 0.0100221 0.0100572 0.010353 0.0108656 0.0115966 0.0124265 0.0133395 0.0142403 0.0150593 0.0158149 0.0164569 0.0170059 0.0174587 0.0178023 0.0180427 0.0182342 0.0183525 0.0184167 0.0184444 0.01839 0.0183263 0.0182312 0.018093 0.0179136 0.0177008 0.0174649 0.0172156 0.0169501 0.0166396 0.016314 0.0159793 0.0156443 0.0152713 0.014899 0.0145364 0.0141502 0.0137588 0.0133697 0.0129738 0.0125895 0.0122234 0.0118192 0.011422 0.0110598 0.010703 0.010327 0.00995546 0.00960445 0.00927236 0.00893188 0.0085864 0.00827451 0.00796768 0.00765131 0.00735652 0.0070838 0.00679753 0.00652818 0.00628231 0.0060374 0.00579636 0.00557783 0.00536887 0.00516853 0.00497987 0.00480342 0.00464403 0.00449462 0.00435116 0.00422819 0.00412372 0.00401764 0.00392968 0.00386717 0.003807 0.00375241 0.00373043 0.00371638 0.00370238 0.00371414 0.00374794 0.00377644 0.00382417 0.00389802 0.00397487 0.00405821 0.00416967 0.00429054 0.00441635 0.00456077 0.00472155 0.00489033 0.00507161 0.00526465 0.00547279 0.00569556 0.00591905 0.00615894 0.00642091 0.00668125 0.00694413 0.00724254 0.00753946 0.00782788 0.00814602 0.00848773 0.00880835 0.00913631 0.00949342 0.00986711 0.0102305 0.0105798 0.0109594 0.0113728 0.0117634 0.0121326 0.0125451 0.0129579 0.0133593 0.0137685 0.0141828 0.0145845 0.0149941 0.0153929 0.0157824 0.0161825 0.0165673 0.0169322 0.0172667 0.0176138 0.0179496 0.0182537 0.0185284 0.0187907 0.0190235 0.0192438 0.019443 0.0195816 0.019735 0.0198612 0.019962 0.0200551 0.0201299 0.0202156 0.0203444 0.0204999 0.020668 0.0208866 0.0210971 0.0213294 0.0215252 0.0216014 0.0215344 0.0212222 0.0206556 0.0197846 0.018603 0.017119 0.0153738 0.0134612 0.0114532 0.00949561 0.00764385 0.0059966 0.00461081 0.00348566 0.00268134 0.00213786 0.00185277 0.00177811 0.00182571 0.00197885 0.00213857 0.00228221 0.00237705 0.00237348 0.00229644 0.00210152 
0 0.00213903 0.00428046 0.0064684 0.00866656 0.0108896 0.0131071 0.0152448 0.017272 0.0190733 0.020577 0.0217236 0.0224223 0.022686 0.0224948 0.0218779 0.0209345 0.0197224 0.0184068 0.0171323 0.0160289 0.015253 0.014848 0.014848 0.0152418 0.0159692 0.0169736 0.0181776 0.0194641 0.0207421 0.0219435 0.0229997 0.0239343 0.0247133 0.0253366 0.02581 0.026141 0.0263822 0.0265333 0.0266296 0.0266181 0.026542 0.026419 0.0262395 0.026031 0.0257607 0.0254373 0.0250832 0.0247272 0.0242925 0.0238467 0.0233776 0.0228863 0.0224007 0.0218759 0.0213239 0.0207726 0.0202514 0.0196884 0.0191321 0.0185637 0.0180246 0.0174656 0.0169067 0.0163751 0.015851 0.0153058 0.0147714 0.014283 0.0137768 0.0132879 0.0127893 0.0123286 0.0118752 0.0114402 0.0109783 0.0105748 0.0101765 0.00977914 0.00938776 0.00904372 0.00869168 0.00835483 0.00804004 0.00774485 0.00746081 0.00719233 0.00694385 0.00671467 0.00650607 0.00629948 0.00612996 0.00597488 0.00583221 0.00570177 0.0056183 0.00552637 0.00545872 0.00541828 0.00540558 0.00538042 0.0054047 0.00544306 0.00549326 0.00555443 0.00566469 0.00576749 0.00589414 0.00604509 0.00622212 0.006397 0.0066064 0.00683104 0.00707387 0.00732951 0.00760534 0.00790214 0.00821606 0.00853733 0.008875 0.00925273 0.00961819 0.00999963 0.0104093 0.0108473 0.0112571 0.0117121 0.0121708 0.0126533 0.0131314 0.0136369 0.0141278 0.0146655 0.0151967 0.0157334 0.0162808 0.0168429 0.0174032 0.0179774 0.0185692 0.0191439 0.0197267 0.0202936 0.0209091 0.0214998 0.0220647 0.022623 0.0232101 0.023756 0.0242942 0.0248208 0.0253088 0.0258085 0.0262606 0.026674 0.0270616 0.0274508 0.0277845 0.0280853 0.0283372 0.0285575 0.0287782 0.0289662 0.0291413 0.0292904 0.0294798 0.0296997 0.0299685 0.030291 0.030636 0.0310307 0.0314268 0.0317566 0.0319347 0.031861 0.0314379 0.0306295 0.0293706 0.0276397 0.025483 0.0229197 0.0201072 0.0171776 0.0142695 0.0115673 0.00913719 0.00708776 0.00546835 0.00426323 0.00349652 0.00308665 0.00297041 0.00307864 0.00328517 0.00354492 0.00376792 0.00389949 0.00392892 0.00379707 0.0035253 
0 0.00286479 0.00575699 0.00866656 0.0116231 0.0145893 0.0175319 0.020395 0.0230647 0.0254609 0.0274507 0.0289439 0.0298753 0.0301899 0.0299169 0.0290812 0.0277872 0.0261641 0.0243807 0.0226462 0.0211362 0.0200327 0.019409 0.0193192 0.0197376 0.0205955 0.0218413 0.0233228 0.0249412 0.0265508 0.02804 0.0293797 0.0305286 0.031489 0.0322559 0.0328235 0.0332086 0.0334764 0.0336248 0.0336774 0.0336381 0.03349 0.0332978 0.0330503 0.0327427 0.0323657 0.0319315 0.0314623 0.0309718 0.0304398 0.0298573 0.0292485 0.0286247 0.0279972 0.0273256 0.0266438 0.0259704 0.025286 0.0245859 0.0238859 0.0231835 0.0225005 0.021828 0.021126 0.0204397 0.019788 0.0191414 0.0184842 0.0178439 0.0172236 0.0166273 0.0160262 0.0154351 0.0148799 0.0143369 0.0137871 0.0132733 0.0127862 0.0122933 0.0118226 0.0113874 0.0109603 0.0105444 0.0101593 0.00979403 0.00944662 0.00911723 0.00881142 0.00853164 0.00827208 0.00802458 0.00781176 0.00762451 0.00744646 0.00729412 0.00718217 0.0070774 0.00699108 0.00694611 0.00692229 0.00690315 0.00692517 0.00697677 0.00703467 0.00711858 0.00724426 0.00737832 0.00753084 0.00772023 0.00793232 0.00815425 0.00840778 0.00868667 0.00898396 0.00930012 0.00964046 0.0100048 0.0103916 0.0107875 0.01121 0.0116645 0.0121225 0.0125927 0.0131062 0.0136297 0.0141475 0.0147053 0.015291 0.0158689 0.0164574 0.0170836 0.0177267 0.0183733 0.019013 0.0196866 0.0203942 0.02109 0.0217713 0.0224952 0.0232293 0.0239536 0.0246849 0.0254215 0.0261623 0.0269036 0.0276287 0.0283467 0.0290813 0.0297922 0.0304774 0.031133 0.0317887 0.0324331 0.0330339 0.0335902 0.0341221 0.0346261 0.0350974 0.0355283 0.0358911 0.0362488 0.0365817 0.0368839 0.0371715 0.037446 0.0377574 0.038138 0.0385823 0.0390791 0.0396437 0.0402325 0.040834 0.0413501 0.0416488 0.0416311 0.0411524 0.0401555 0.0385643 0.0363579 0.0335658 0.0302653 0.0266256 0.0228195 0.0190722 0.0155511 0.0124112 0.00976477 0.00765451 0.00612634 0.00513352 0.00462717 0.00451392 0.00466465 0.00498288 0.00533793 0.00565131 0.00585611 0.00589108 0.0057441 0.00538361 
0 0.00360313 0.00723143 0.0108896 0.0145893 0.0182991 0.02197 0.0255245 0.02884 0.0317957 0.0342474 0.0360769 0.0371996 0.0375623 0.037181 0.0361046 0.03445 0.0323822 0.0301108 0.0278835 0.0259288 0.0244505 0.0235632 0.0233185 0.0236962 0.0246221 0.0260069 0.0276995 0.0295539 0.0314103 0.0331411 0.0346879 0.0360114 0.0371037 0.0379572 0.0385726 0.0389785 0.0392295 0.0393493 0.0393532 0.0392439 0.0390235 0.0387374 0.0383911 0.0379812 0.0375012 0.0369587 0.0363801 0.0357722 0.0351201 0.0344216 0.0336987 0.0329638 0.0322193 0.0314405 0.0306441 0.0298553 0.029066 0.0282666 0.027461 0.0266596 0.0258743 0.0250956 0.0243059 0.0235348 0.0227875 0.0220425 0.0213009 0.0205812 0.0198817 0.0191961 0.0185161 0.0178542 0.0172247 0.0166054 0.0159906 0.0154086 0.014854 0.0143022 0.013773 0.0132769 0.0127966 0.0123313 0.0118951 0.0114834 0.0110927 0.0107229 0.0103791 0.010064 0.0097708 0.00949677 0.00925618 0.00904375 0.00884658 0.00867874 0.00854763 0.00843283 0.00834004 0.00828716 0.00825803 0.00824387 0.00826702 0.00832231 0.00839125 0.00848937 0.00862557 0.00877937 0.00895449 0.00916637 0.00940373 0.00965829 0.00994325 0.0102577 0.0105936 0.0109515 0.0113365 0.0117486 0.0121832 0.0126339 0.0131137 0.0136233 0.0141433 0.0146805 0.0152568 0.0158486 0.0164449 0.0170724 0.0177298 0.0183923 0.0190691 0.0197726 0.020497 0.0212335 0.0219765 0.0227423 0.0235344 0.0243278 0.0251218 0.0259466 0.0267849 0.0276194 0.0284565 0.0293067 0.0301694 0.0310312 0.0318756 0.0327196 0.0335753 0.0344165 0.0352349 0.0360313 0.036822 0.0375989 0.0383375 0.0390327 0.0397051 0.0403535 0.0409668 0.0415315 0.0420399 0.0425312 0.0430058 0.0434598 0.0438996 0.0443443 0.0448381 0.0454153 0.0460779 0.0468184 0.0476366 0.0484989 0.0493618 0.0501102 0.0505949 0.0506708 0.0501895 0.0490571 0.0471938 0.0445754 0.0412352 0.0372803 0.0329016 0.0283247 0.0238066 0.0195651 0.0157872 0.0126055 0.0100897 0.00827364 0.00711868 0.00655326 0.00646122 0.00669783 0.00712701 0.0076068 0.00802925 0.0083114 0.00839033 0.00823353 0.00781533 
0 0.00434368 0.00869756 0.0131071 0.0175319 0.02197 0.0263527 0.0305636 0.0345026 0.0379791 0.0408576 0.0429949 0.0442683 0.0446554 0.0441348 0.0427914 0.0407582 0.038221 0.0354431 0.0326955 0.0302596 0.0283556 0.0271439 0.0266691 0.0269258 0.027842 0.0292742 0.0311024 0.0331093 0.0351355 0.0370493 0.0387357 0.0401851 0.0413607 0.0422569 0.0428853 0.0432839 0.0434856 0.0435452 0.0434784 0.0432684 0.0429689 0.0425781 0.0421237 0.0416101 0.0410277 0.0403825 0.0397023 0.0389978 0.038238 0.0374528 0.0366418 0.0358196 0.0349832 0.0341346 0.0332622 0.0323894 0.0315373 0.0306706 0.0297991 0.0289386 0.0280978 0.0272463 0.0264118 0.0255966 0.0247934 0.0239899 0.0232053 0.0224483 0.0217034 0.020968 0.0202463 0.0195565 0.0188813 0.0182235 0.0175776 0.0169644 0.0163687 0.0157937 0.0152345 0.0147077 0.0141999 0.0137143 0.0132512 0.012818 0.0124062 0.0120182 0.0116575 0.0113245 0.0110157 0.0107316 0.0104787 0.0102512 0.0100498 0.00987545 0.00973366 0.00961434 0.00952464 0.00946381 0.00943317 0.00942473 0.00945005 0.00950242 0.00958239 0.00968794 0.00982763 0.00999093 0.0101821 0.0104018 0.0106521 0.0109248 0.0112262 0.0115568 0.0119132 0.0122929 0.0127005 0.0131375 0.0135948 0.0140769 0.0145854 0.0151226 0.0156744 0.0162532 0.0168551 0.017485 0.0181265 0.0187939 0.01948 0.0201948 0.0209222 0.0216693 0.0224315 0.0232209 0.0240281 0.0248467 0.0256798 0.0265332 0.0274044 0.0282807 0.0291831 0.0300902 0.0309993 0.0319172 0.0328675 0.0338068 0.034736 0.0356752 0.0366223 0.0375596 0.0384812 0.0393991 0.0402952 0.0411896 0.0420531 0.0428809 0.0436836 0.0444779 0.0452314 0.0459366 0.0466168 0.0472573 0.0479023 0.0485375 0.0491648 0.0498194 0.0505467 0.0513666 0.052298 0.0533437 0.0544598 0.0556539 0.0568221 0.0578438 0.0585657 0.0587816 0.0583566 0.0571512 0.0550864 0.0521312 0.0483339 0.0438201 0.0388055 0.0335719 0.0283819 0.0235293 0.0192062 0.0155722 0.0127358 0.0106904 0.00943795 0.00886274 0.00883154 0.00920147 0.00976991 0.0104148 0.0109828 0.0113708 0.0115305 0.0113832 0.0109337 
0 0.00505309 0.0101436 0.0152448 0.020395 0.0255245 0.0305636 0.0354211 0.0399021 0.0438717 0.0471304 0.0495085 0.0509214 0.0512688 0.0505861 0.0489527 0.0465006 0.0434897 0.0401778 0.0368872 0.0339393 0.0315683 0.029962 0.0291976 0.0292542 0.0300619 0.0314903 0.033342 0.0354399 0.0375774 0.0395839 0.0413877 0.0428995 0.0441176 0.0450321 0.0456504 0.0460111 0.0461585 0.0461425 0.0459594 0.0456738 0.0452651 0.0447736 0.0442318 0.0436104 0.0429294 0.0422029 0.0414425 0.0406342 0.0398336 0.0389769 0.038103 0.0372309 0.0363374 0.0354371 0.0345397 0.0336526 0.032741 0.0318543 0.0309586 0.0300873 0.029211 0.0283668 0.0275196 0.0266719 0.0258516 0.0250664 0.0242828 0.0234885 0.0227427 0.0220067 0.0212981 0.0205853 0.0199095 0.0192406 0.018616 0.0179831 0.0173881 0.016809 0.0162619 0.0157207 0.0152189 0.0147319 0.0142722 0.0138361 0.0134262 0.0130403 0.0126816 0.0123495 0.0120384 0.0117644 0.0115073 0.0112823 0.0110818 0.0109178 0.0107648 0.0106559 0.0105667 0.0105097 0.0104705 0.0104784 0.010496 0.0105513 0.0106306 0.0107474 0.0108749 0.0110475 0.0112389 0.0114617 0.011706 0.0119891 0.0122878 0.0126203 0.012978 0.013362 0.0137721 0.0142093 0.0146706 0.0151561 0.015675 0.0162028 0.016768 0.0173521 0.0179658 0.0185827 0.0192466 0.0199149 0.0206235 0.0213288 0.0220665 0.0228209 0.0236238 0.0244042 0.0252095 0.0260509 0.026919 0.0277825 0.0286606 0.0295691 0.0304855 0.0314244 0.0323645 0.0333395 0.0342935 0.0352748 0.0362645 0.0372635 0.0382539 0.0392677 0.0402589 0.0412352 0.0422419 0.0432174 0.0441856 0.0451325 0.0460643 0.0469635 0.0478646 0.048723 0.0495549 0.0503907 0.0512079 0.0520411 0.0528859 0.0537897 0.0547719 0.055891 0.0571422 0.0585126 0.0600093 0.0615486 0.063066 0.0644119 0.0653878 0.0658063 0.0654848 0.0642647 0.0620663 0.0588611 0.0546847 0.0497252 0.044194 0.0384022 0.0326915 0.0273169 0.0225661 0.0185941 0.0154953 0.013338 0.0120352 0.011518 0.0116266 0.0121511 0.0129431 0.01378 0.014536 0.0150969 0.0153483 0.0152825 0.0148281 
0 0.00573471 0.0114771 0.017272 0.0230647 0.02884 0.0345026 0.0399021 0.0449056 0.0492782 0.0528502 0.0554397 0.0569013 0.0571988 0.056309 0.0543489 0.0514789 0.0479556 0.0440991 0.0402455 0.0367532 0.0338746 0.0318448 0.0307224 0.0305213 0.0311733 0.0324808 0.0343171 0.0364101 0.0385782 0.0406655 0.0425106 0.0440805 0.0453205 0.0462235 0.0468121 0.0471391 0.0472132 0.0471193 0.0468702 0.0464727 0.0459977 0.0454126 0.0447687 0.0440671 0.0433235 0.0425364 0.0417194 0.0408755 0.0400006 0.0391207 0.0382303 0.0373402 0.0364275 0.0355406 0.0346376 0.0337304 0.0328499 0.0319781 0.0311043 0.0302518 0.0294063 0.0285521 0.0277471 0.0269536 0.0261592 0.0253678 0.0246123 0.0238781 0.0231593 0.0224336 0.0217417 0.0210818 0.0204221 0.0197798 0.0191734 0.0185775 0.0179934 0.0174498 0.0169182 0.0164038 0.015917 0.0154595 0.0150145 0.014601 0.0142059 0.0138416 0.0135001 0.0131818 0.0128851 0.0126289 0.0123847 0.0121654 0.0119826 0.0118274 0.0116801 0.0115765 0.0115023 0.0114413 0.0114072 0.0114195 0.0114408 0.0114864 0.0115726 0.0116853 0.0118065 0.0119717 0.0121644 0.0123736 0.0126089 0.0128852 0.0131739 0.0134915 0.0138371 0.0142106 0.0146034 0.0150281 0.015469 0.015945 0.0164407 0.0169555 0.0174974 0.0180732 0.0186511 0.0192614 0.0199071 0.0205557 0.0212176 0.0219272 0.0226547 0.0233778 0.0241264 0.0249056 0.0257193 0.0265272 0.0273406 0.0281903 0.0290825 0.0299551 0.0308563 0.0317812 0.0327104 0.0336588 0.0346392 0.0356185 0.0366079 0.0376223 0.0386293 0.0396594 0.0406936 0.0417445 0.0427803 0.0438204 0.0448598 0.0458954 0.0469227 0.0479509 0.0489656 0.0499517 0.0509599 0.0519378 0.0529474 0.0539917 0.0550702 0.0562402 0.0575244 0.0589468 0.0605353 0.0622954 0.0641591 0.0661188 0.0680134 0.0696958 0.0709846 0.0716124 0.0714343 0.0702484 0.0679739 0.0645856 0.0601433 0.0548335 0.0489019 0.0427017 0.036554 0.0308144 0.0257392 0.0215242 0.0183098 0.0160894 0.0148571 0.0144692 0.0147585 0.0155437 0.0165746 0.0176885 0.0186942 0.0194577 0.0199046 0.0199401 0.0195569 
0 0.00633692 0.0126964 0.0190733 0.0254609 0.0317957 0.0379791 0.0438717 0.0492782 0.0539949 0.0578074 0.0605204 0.0620039 0.0621777 0.0610537 0.0587452 0.0554285 0.0514005 0.0469949 0.0425781 0.0385306 0.0351306 0.0326183 0.0310983 0.0305757 0.0309859 0.0321519 0.0338832 0.0359434 0.0381158 0.0402183 0.0421095 0.0437025 0.0449536 0.0458571 0.0464367 0.04673 0.0467665 0.0466072 0.0462686 0.0458137 0.0452664 0.0446251 0.0439333 0.0431793 0.0423895 0.0415799 0.040742 0.0398722 0.039016 0.038146 0.0372704 0.0363981 0.0355085 0.0346453 0.0337969 0.0329501 0.0320973 0.031269 0.0304501 0.0296563 0.0288556 0.0280763 0.027326 0.026569 0.0258229 0.0251131 0.0244199 0.0237185 0.0230463 0.0223834 0.0217572 0.0211355 0.0205207 0.0199259 0.0193809 0.0188223 0.0182826 0.0177803 0.0172997 0.0168196 0.0163746 0.015953 0.0155491 0.0151671 0.0148057 0.0144732 0.0141638 0.0138703 0.0135995 0.0133707 0.0131467 0.0129456 0.0127825 0.0126457 0.0125067 0.0124174 0.0123539 0.012299 0.0122663 0.0122873 0.0123061 0.0123487 0.0124318 0.012542 0.0126494 0.0128062 0.0129884 0.0131819 0.0133977 0.0136588 0.013927 0.0142192 0.0145418 0.0148902 0.0152555 0.0156468 0.0160601 0.0165027 0.0169666 0.0174383 0.0179498 0.0184877 0.0190291 0.0195872 0.0201988 0.0208074 0.0214333 0.0220836 0.022763 0.0234483 0.0241682 0.0248852 0.025633 0.0264041 0.0271868 0.027984 0.0288137 0.0296459 0.0304929 0.031377 0.0322731 0.0331906 0.0341056 0.035048 0.0360231 0.0370165 0.0380006 0.0390217 0.0400498 0.0410915 0.0421566 0.043216 0.0442953 0.0453918 0.0464847 0.0475735 0.0486839 0.0497921 0.0509305 0.0520839 0.0532623 0.0545039 0.0558202 0.0572592 0.0588412 0.0606013 0.0625547 0.0646948 0.0669791 0.0693298 0.0716083 0.0736464 0.0752275 0.0761105 0.0760987 0.0749897 0.0726979 0.0691987 0.0645657 0.0590138 0.0528032 0.0463009 0.0398778 0.0338759 0.0286074 0.0242771 0.0210147 0.0188637 0.017761 0.0175889 0.0181604 0.0192464 0.0206317 0.0220797 0.02341 0.0244752 0.0251502 0.0253841 0.0251155 
0 0.00684117 0.0137049 0.020577 0.0274507 0.0342474 0.0408576 0.0471304 0.0528502 0.0578074 0.0617702 0.0645363 0.065968 0.0659774 0.0645855 0.0619069 0.0581426 0.0536063 0.0486555 0.0436827 0.0390787 0.0351528 0.0321536 0.0302114 0.0293426 0.0294782 0.0304466 0.0320354 0.0340128 0.0361521 0.0382623 0.0401895 0.0418212 0.0431042 0.0440264 0.0446169 0.0449098 0.0449387 0.0447558 0.0443908 0.0439119 0.0433403 0.0426811 0.0419654 0.0411999 0.0404149 0.0396236 0.0388086 0.0379644 0.0371362 0.036309 0.0354907 0.0346751 0.0338509 0.0330554 0.032278 0.0315014 0.0307252 0.0299783 0.0292468 0.0285335 0.0278077 0.0271038 0.026436 0.0257687 0.0250992 0.0244547 0.0238333 0.0232159 0.0226152 0.0220173 0.0214557 0.0209041 0.0203544 0.0198225 0.0193357 0.0188384 0.0183561 0.0179091 0.0174825 0.0170556 0.0166587 0.0162856 0.0159293 0.0155899 0.0152692 0.0149772 0.0147055 0.0144448 0.0142072 0.0140082 0.0138113 0.0136338 0.0134941 0.0133756 0.0132537 0.0131777 0.0131265 0.0130789 0.0130527 0.013076 0.0130961 0.0131348 0.0132138 0.0133155 0.0134127 0.013555 0.0137228 0.0138968 0.0140912 0.0143286 0.014572 0.0148336 0.0151254 0.0154419 0.015771 0.0161229 0.0164981 0.0168991 0.017317 0.0177442 0.0182087 0.0186955 0.0191848 0.0196936 0.0202502 0.0208005 0.0213656 0.0219629 0.0225857 0.0232034 0.0238504 0.0245124 0.0252025 0.0259003 0.0266042 0.027335 0.0281004 0.0288642 0.0296359 0.0304453 0.0312714 0.0321186 0.032969 0.0338496 0.0347643 0.0356961 0.0366256 0.037597 0.0385961 0.0396143 0.0406546 0.0416973 0.0427755 0.0438888 0.0450147 0.0461484 0.0473154 0.048508 0.0497462 0.0510243 0.0523509 0.0537739 0.0553154 0.0570148 0.0588899 0.0609709 0.0632777 0.0657994 0.0684893 0.0712407 0.0739017 0.0762859 0.0781625 0.0792898 0.0794465 0.0784344 0.0761584 0.0726053 0.0678667 0.062166 0.0557885 0.0491077 0.0425206 0.0363873 0.0310409 0.0267075 0.02352 0.0215293 0.0206611 0.0207916 0.0217196 0.0231954 0.0249931 0.0268539 0.0285835 0.0300181 0.0310159 0.0315183 0.0314514 
0 0.00723126 0.0144628 0.0217236 0.0289439 0.0360769 0.0429949 0.0495085 0.0554397 0.0605204 0.0645363 0.0672814 0.0685816 0.0683871 0.0666923 0.063628 0.0594253 0.0543938 0.0489251 0.0434256 0.0382895 0.0338477 0.0303716 0.027991 0.0267582 0.026606 0.0273415 0.0287865 0.0306662 0.0327663 0.0349007 0.0368664 0.0385667 0.0399167 0.0409026 0.0415504 0.0419033 0.0419724 0.0418114 0.0414827 0.0410108 0.0404731 0.0398493 0.0391579 0.038432 0.0376994 0.0369603 0.036203 0.0354436 0.0346702 0.0339328 0.0332049 0.0324725 0.0317369 0.0310421 0.030362 0.0296723 0.0290056 0.028348 0.0277172 0.0270922 0.0264753 0.0258508 0.0252721 0.0247025 0.0241268 0.0235539 0.0230129 0.0224938 0.0219663 0.0214474 0.0209537 0.020489 0.020006 0.0195527 0.019121 0.0187043 0.0182814 0.0179015 0.0175282 0.0171703 0.0168224 0.0165073 0.0162006 0.0159126 0.0156365 0.0153903 0.0151585 0.0149363 0.0147369 0.0145668 0.0144029 0.0142517 0.0141377 0.0140352 0.0139391 0.0138729 0.0138359 0.0137951 0.0137816 0.0137993 0.0138256 0.0138592 0.0139344 0.0140212 0.0141144 0.0142364 0.014388 0.0145398 0.0147141 0.0149202 0.0151373 0.015366 0.0156222 0.0159021 0.0161898 0.0164997 0.0168287 0.0171852 0.0175454 0.0179293 0.0183341 0.018767 0.0191896 0.0196511 0.0201349 0.0206285 0.0211157 0.0216567 0.0222084 0.02276 0.0233164 0.0239185 0.0245399 0.025153 0.0257712 0.0264309 0.0271215 0.0277905 0.0284856 0.0292086 0.0299566 0.0307036 0.0314835 0.0322745 0.0331042 0.0339564 0.0348144 0.0357008 0.0366339 0.0376039 0.0385684 0.0395739 0.0406166 0.0417049 0.042817 0.0439618 0.0451372 0.0463749 0.0476913 0.0490472 0.0505023 0.0520753 0.0538104 0.0557439 0.057895 0.0602757 0.0629173 0.0658106 0.0688626 0.0719929 0.0749964 0.0776837 0.0798374 0.0811784 0.0814993 0.0805926 0.0783553 0.0747918 0.0700158 0.0642461 0.0578004 0.051061 0.0444154 0.0382807 0.0329668 0.028731 0.0257323 0.0239757 0.0234374 0.023946 0.0252961 0.0272579 0.0295308 0.0318973 0.0341099 0.0359816 0.0373972 0.0382229 0.0384333 
0 0.00746485 0.0149534 0.0224223 0.0298753 0.0371996 0.0442683 0.0509214 0.0569013 0.0620039 0.065968 0.0685816 0.0697071 0.0692399 0.0672218 0.0637714 0.0591331 0.0536406 0.0476935 0.0417087 0.0360811 0.0311789 0.0272329 0.0244529 0.022866 0.022403 0.0229465 0.0242119 0.0260172 0.0281056 0.0302573 0.0323215 0.0341208 0.0355887 0.036699 0.0374808 0.037936 0.0381288 0.0380642 0.0378006 0.0374354 0.0369606 0.0364264 0.0358229 0.0351876 0.0345332 0.0338944 0.0332404 0.0325622 0.0319174 0.0312833 0.0306638 0.0300356 0.029427 0.0288193 0.0282568 0.0277007 0.0271251 0.0265701 0.0260466 0.0255279 0.0249931 0.0244978 0.0240053 0.0235145 0.0230178 0.022563 0.0221128 0.0216591 0.0212049 0.0207837 0.0203798 0.0199717 0.0195707 0.0191894 0.0188358 0.0184778 0.0181343 0.0178051 0.0175052 0.0172003 0.0169177 0.0166475 0.0164031 0.0161565 0.0159358 0.0157273 0.0155404 0.0153548 0.0151974 0.015052 0.0149224 0.0148008 0.0147086 0.0146235 0.0145532 0.0144999 0.0144701 0.0144433 0.0144388 0.0144526 0.0144808 0.0145169 0.0145816 0.0146563 0.0147447 0.014849 0.0149793 0.0151126 0.0152673 0.015439 0.0156314 0.0158261 0.0160497 0.0162857 0.0165403 0.0167987 0.0170908 0.0173903 0.0177068 0.0180296 0.0183888 0.0187511 0.0191292 0.0195163 0.0199366 0.0203636 0.0208034 0.0212514 0.0217249 0.0222176 0.0227171 0.0232257 0.023747 0.024299 0.0248534 0.0254247 0.0260026 0.0266105 0.0272083 0.0278417 0.0285029 0.0291704 0.0298261 0.0305315 0.0312797 0.0320247 0.0327952 0.0335923 0.0344357 0.0353001 0.0362096 0.0371299 0.0381108 0.0391482 0.0402152 0.0413155 0.04248 0.0437368 0.0450589 0.0464975 0.048022 0.0497095 0.0516136 0.0537424 0.056128 0.0587886 0.0617351 0.0649338 0.0683437 0.0717696 0.0750739 0.078033 0.0803831 0.0819272 0.0823684 0.0815507 0.0793654 0.0758152 0.0710462 0.0652827 0.0588555 0.0521386 0.0455638 0.0395064 0.0343361 0.0303056 0.0275504 0.0261491 0.02599 0.0269534 0.0288137 0.031285 0.0341343 0.0370448 0.0398021 0.0422048 0.0440667 0.0453226 0.0458619 
0 0.00756054 0.0151173 0.022686 0.0301899 0.0375623 0.0446554 0.0512688 0.0571988 0.0621777 0.0659774 0.0683871 0.0692399 0.0684722 0.0661021 0.062265 0.057222 0.0513082 0.0449293 0.03852 0.0324673 0.0271389 0.0228099 0.0196528 0.0177502 0.0170357 0.0173593 0.0185075 0.0202396 0.0223279 0.0245632 0.026746 0.0287126 0.0303701 0.0316756 0.0326378 0.0332938 0.0336537 0.0337506 0.0336666 0.0334297 0.0331022 0.0327047 0.0322191 0.0317072 0.0311958 0.0306763 0.0301501 0.0296236 0.029078 0.028569 0.0280774 0.0275756 0.027087 0.0266151 0.026158 0.0256928 0.0252436 0.0248034 0.0243845 0.0239566 0.023541 0.0231168 0.0227108 0.0223336 0.0219469 0.0215442 0.0211645 0.0208187 0.020456 0.020105 0.0197566 0.0194364 0.019115 0.0188098 0.0185011 0.0182243 0.017944 0.0176807 0.0174273 0.0171919 0.0169567 0.016745 0.0165426 0.0163487 0.0161707 0.0160068 0.0158523 0.01571 0.0155867 0.0154669 0.0153674 0.0152773 0.0152027 0.0151336 0.0150901 0.0150474 0.0150242 0.0150102 0.0150172 0.0150232 0.0150561 0.0150943 0.0151496 0.0152107 0.0152979 0.0153851 0.0154934 0.0156118 0.0157475 0.0158882 0.016053 0.0162238 0.016409 0.0166107 0.0168259 0.0170488 0.0172914 0.0175499 0.017811 0.0180967 0.0183932 0.0187011 0.0190169 0.0193652 0.0197085 0.0200713 0.0204387 0.0208406 0.0212447 0.0216557 0.0220617 0.0225228 0.0229888 0.0234374 0.0238976 0.0244024 0.0249129 0.02542 0.025945 0.0264818 0.027045 0.0276102 0.0282033 0.0288093 0.0294419 0.0300896 0.0307633 0.0314547 0.0322063 0.0329933 0.0337798 0.0346209 0.0355168 0.0364654 0.0374707 0.0385291 0.039641 0.0408701 0.0421993 0.0436334 0.0452258 0.0470041 0.0490303 0.0513328 0.0539187 0.0568047 0.0600065 0.0634886 0.0671581 0.070862 0.0743981 0.0775433 0.0800675 0.0817138 0.0822434 0.0814841 0.079328 0.0758149 0.0710873 0.065379 0.0590346 0.0524309 0.0459825 0.0401118 0.0351591 0.0313989 0.0289957 0.0279676 0.0282731 0.0297346 0.0321226 0.0351904 0.0386104 0.042135 0.0454856 0.0484354 0.050843 0.052538 0.0534805 
0 0.00750177 0.0150032 0.0224948 0.0299169 0.037181 0.0441348 0.0505861 0.056309 0.0610537 0.0645855 0.0666923 0.0672218 0.0661021 0.0633643 0.0591523 0.0537315 0.0474453 0.0407089 0.0339455 0.0275444 0.0218809 0.017211 0.0137485 0.011569 0.0106189 0.010789 0.0118324 0.0135477 0.0156935 0.0180397 0.0204023 0.0225849 0.0244873 0.0260574 0.0272934 0.0282034 0.0288183 0.0291484 0.0292682 0.0292372 0.0290891 0.0288724 0.0285675 0.028231 0.0278702 0.0275011 0.0271246 0.0267364 0.0263502 0.0259833 0.0256194 0.025241 0.0248839 0.0245148 0.0241734 0.023836 0.0234882 0.0231413 0.0228134 0.0224776 0.0221507 0.0218376 0.0215113 0.0211981 0.0208821 0.0205849 0.0202923 0.0200026 0.0197017 0.0194386 0.0191699 0.0189046 0.0186518 0.0184122 0.018169 0.0179488 0.0177343 0.0175199 0.0173253 0.0171391 0.0169595 0.0167902 0.0166357 0.016481 0.0163511 0.0162193 0.0160999 0.015993 0.0159047 0.015804 0.0157343 0.0156717 0.0156133 0.0155582 0.0155393 0.0155066 0.0154881 0.0154873 0.0155036 0.015504 0.0155396 0.0155818 0.0156274 0.0156772 0.0157634 0.0158359 0.0159241 0.016029 0.0161502 0.0162601 0.0164031 0.0165497 0.0167053 0.0168689 0.0170567 0.0172399 0.0174459 0.0176583 0.0178813 0.0181173 0.0183699 0.0186223 0.0188949 0.0191812 0.019467 0.0197776 0.020098 0.020418 0.020752 0.0211197 0.0214733 0.0218444 0.0222233 0.0226235 0.0230307 0.0234531 0.0238664 0.0243101 0.0247593 0.0252196 0.0257048 0.0261886 0.0266768 0.0271979 0.0277465 0.0282953 0.0288815 0.0294754 0.0301145 0.0307872 0.0314896 0.0322327 0.0330375 0.0338948 0.0348078 0.0357857 0.0368411 0.0380314 0.0393307 0.0407811 0.0423993 0.0442393 0.0463681 0.0488018 0.0515594 0.0546521 0.0580741 0.0617738 0.0656644 0.0695447 0.0732383 0.0765074 0.079106 0.0808173 0.0813731 0.0806302 0.0784941 0.0750055 0.0703353 0.0647197 0.0585049 0.0520686 0.0458277 0.0401913 0.0355193 0.0320836 0.0300468 0.0294468 0.0302157 0.0321943 0.0351424 0.0387929 0.0428344 0.046976 0.0509404 0.0544832 0.0574264 0.0596143 0.0609696 
0 0.00729924 0.0146009 0.0218779 0.0290812 0.0361046 0.0427914 0.0489527 0.0543489 0.0587452 0.0619069 0.063628 0.0637714 0.062265 0.0591523 0.0545829 0.0488241 0.0422245 0.0351965 0.0281543 0.0214859 0.0155634 0.0106388 0.0069417 0.00454937 0.00342057 0.00346787 0.00444317 0.00616659 0.0083965 0.0108961 0.0134839 0.0159426 0.0181596 0.0200608 0.0216298 0.0228592 0.0237839 0.024415 0.0248125 0.0250448 0.0251284 0.0251259 0.0250249 0.0248824 0.0247028 0.0245051 0.024298 0.0240644 0.0238298 0.0235921 0.0233546 0.0231058 0.0228788 0.0226231 0.0223783 0.0221379 0.0218853 0.0216408 0.0213983 0.0211485 0.020899 0.0206654 0.0204101 0.0201774 0.0199392 0.0197086 0.0194759 0.0192507 0.0190265 0.0188254 0.018611 0.018397 0.0182143 0.0180281 0.0178356 0.0176612 0.0175056 0.0173356 0.017187 0.0170411 0.0169095 0.0167779 0.0166602 0.0165407 0.0164498 0.0163467 0.0162547 0.0161799 0.0161181 0.0160366 0.0159895 0.0159517 0.0159052 0.0158651 0.015863 0.015842 0.015826 0.0158382 0.0158592 0.0158591 0.0158945 0.0159418 0.0159779 0.0160219 0.0161037 0.0161673 0.0162373 0.0163332 0.0164399 0.0165278 0.01665 0.0167794 0.0169088 0.0170425 0.0172063 0.01736 0.017532 0.0177077 0.0179008 0.0180971 0.0183096 0.0185156 0.0187545 0.018994 0.0192309 0.0194867 0.0197694 0.0200367 0.0203158 0.0206218 0.0209258 0.0212415 0.0215636 0.0218993 0.0222418 0.0226012 0.0229498 0.023335 0.0237144 0.0240996 0.0245018 0.0249212 0.0253385 0.0257846 0.0262413 0.0266996 0.0272009 0.0277121 0.0282605 0.0288352 0.0294486 0.0300926 0.0308032 0.0315669 0.0323995 0.0333063 0.0343024 0.0354366 0.0366929 0.038136 0.0397736 0.0416721 0.0438871 0.0464357 0.0493348 0.0525929 0.0561903 0.0600601 0.0641121 0.0681191 0.0719083 0.075232 0.0778405 0.0795378 0.0800601 0.0792862 0.0771406 0.0736735 0.0690671 0.0635644 0.0575055 0.051266 0.0452628 0.0398932 0.0355267 0.0324335 0.0307759 0.0306043 0.0318328 0.034312 0.0377957 0.042002 0.0466312 0.0513634 0.0559198 0.0600419 0.0635213 0.0662074 0.0679907 
0 0.00699425 0.0139698 0.0209345 0.0277872 0.03445 0.0407582 0.0465006 0.0514789 0.0554285 0.0581426 0.0594253 0.0591331 0.057222 0.0537315 0.0488241 0.0427656 0.0359165 0.028659 0.0214179 0.0145699 0.00844582 0.0033574 -0.000531913 -0.00309331 -0.00434397 -0.00441339 -0.00344733 -0.00168746 0.000657453 0.00335928 0.00619683 0.00897259 0.0115504 0.0138437 0.0157899 0.0174196 0.0186994 0.0196771 0.0204153 0.0209279 0.0212913 0.0215347 0.0216759 0.0217446 0.0217803 0.0217555 0.0217118 0.0216597 0.0215677 0.021471 0.0213559 0.0212353 0.0211008 0.0209656 0.0208075 0.0206438 0.0204841 0.0203235 0.0201449 0.0199539 0.0197953 0.0196142 0.0194215 0.0192422 0.0190826 0.0188961 0.0187179 0.0185465 0.0183878 0.0182317 0.0180613 0.0179024 0.0177684 0.0176321 0.017475 0.0173515 0.0172324 0.0171135 0.0169906 0.016891 0.0167887 0.0167009 0.0166019 0.0165241 0.0164548 0.0163854 0.0163088 0.0162678 0.0162199 0.0161634 0.0161285 0.0161146 0.0160753 0.0160533 0.0160583 0.0160513 0.0160371 0.0160608 0.016082 0.0160878 0.0161197 0.0161719 0.0161998 0.0162437 0.0163159 0.0163771 0.0164306 0.0165224 0.0166113 0.0166897 0.0167879 0.0169097 0.0170109 0.0171291 0.0172628 0.0174037 0.0175365 0.0176928 0.0178499 0.0180255 0.0181921 0.018374 0.0185694 0.0187811 0.0189725 0.0191921 0.0194272 0.0196615 0.0198973 0.0201527 0.0204116 0.0206834 0.0209662 0.0212398 0.0215407 0.0218475 0.0221537 0.0224664 0.0228117 0.0231392 0.023478 0.0238339 0.0242102 0.0245843 0.0249622 0.025371 0.0257952 0.0262351 0.0266977 0.0272002 0.0277154 0.0282968 0.0289205 0.02959 0.0303484 0.0311867 0.0321244 0.0332026 0.0344466 0.0358645 0.037543 0.0394956 0.0417791 0.0444448 0.0474731 0.0508821 0.0546296 0.0586442 0.0627813 0.0668717 0.0706808 0.073979 0.0765581 0.0781565 0.0786114 0.0777677 0.075577 0.0721298 0.0675774 0.0621957 0.0563067 0.0502837 0.0445252 0.0394402 0.0353722 0.0325971 0.0312961 0.0314819 0.0331241 0.0360358 0.0399801 0.0447032 0.049842 0.055128 0.06023 0.064872 0.0688701 0.0719957 0.074186 
0 0.00659324 0.013183 0.0197224 0.0261641 0.0323822 0.038221 0.0434897 0.0479556 0.0514005 0.0536063 0.0543938 0.0536406 0.0513082 0.0474453 0.0422245 0.0359165 0.0288512 0.0214422 0.0140579 0.00708047 0.0008531 -0.00438244 -0.00838594 -0.0110783 -0.0124548 -0.0125813 -0.0116484 -0.00982933 -0.0073478 -0.00444217 -0.00132706 0.00180173 0.00477208 0.0074879 0.00989349 0.0119303 0.013637 0.0150196 0.016109 0.0169744 0.0176377 0.0181475 0.0185498 0.0188695 0.0190959 0.019271 0.0194037 0.0194927 0.019567 0.0196023 0.0195985 0.0195796 0.0195625 0.0194991 0.0194192 0.0193455 0.0192565 0.0191522 0.0190334 0.0189103 0.0187843 0.0186771 0.0185453 0.018401 0.0182616 0.0181517 0.0180302 0.0178862 0.0177557 0.0176507 0.0175362 0.0174062 0.0173054 0.0172037 0.0170991 0.0169965 0.0169173 0.0168252 0.0167428 0.0166613 0.0165992 0.0165287 0.0164627 0.0164028 0.0163635 0.0163077 0.016259 0.0162304 0.0162035 0.0161608 0.0161437 0.0161375 0.0161149 0.0161021 0.0161149 0.016115 0.0161112 0.0161363 0.0161609 0.0161715 0.0162046 0.0162526 0.0162825 0.0163235 0.0163899 0.0164443 0.0164955 0.0165742 0.0166561 0.0167221 0.0168113 0.0169137 0.0170073 0.0171021 0.0172245 0.0173409 0.0174603 0.0175859 0.0177325 0.0178716 0.0180205 0.018173 0.0183508 0.0185144 0.018687 0.0188797 0.0190901 0.0192712 0.0194738 0.0197126 0.0199488 0.0201588 0.0203896 0.0206622 0.0209296 0.0211787 0.0214353 0.0217338 0.0220235 0.022314 0.022614 0.0229293 0.023244 0.02358 0.0239184 0.0242638 0.0246468 0.0250367 0.0254318 0.0258598 0.0263454 0.0268529 0.0274107 0.0280293 0.0287146 0.029504 0.0304135 0.0314576 0.0326746 0.0341287 0.0358293 0.0378492 0.0402333 0.0429901 0.0461592 0.0497083 0.0535827 0.0576971 0.0619079 0.0660076 0.069798 0.0730412 0.0754973 0.0769917 0.0773113 0.0763627 0.074128 0.0706629 0.066178 0.0609113 0.0551882 0.0493774 0.0438569 0.0390207 0.0352187 0.0327207 0.0316898 0.0321879 0.0341337 0.0373839 0.0417056 0.0467984 0.0523776 0.0580882 0.0636359 0.0687413 0.0731406 0.0766861 0.0792154 
0 0.00616347 0.0123118 0.0184068 0.0243807 0.0301108 0.0354431 0.0401778 0.0440991 0.0469949 0.0486555 0.0489251 0.0476935 0.0449293 0.0407089 0.0351965 0.028659 0.0214422 0.0139028 0.00643089 -0.000619733 -0.00694758 -0.0122536 -0.0163732 -0.0191786 -0.0206437 -0.0208685 -0.0199445 -0.0180856 -0.0154878 -0.0123716 -0.00897725 -0.00549385 -0.00210126 0.00107893 0.00393874 0.00645634 0.00860112 0.0104116 0.0119227 0.0131505 0.0141512 0.0149563 0.0156324 0.0161782 0.0166408 0.0170044 0.0173031 0.0175701 0.0177757 0.0179235 0.0180263 0.0181186 0.0181711 0.018215 0.0182013 0.0181683 0.018139 0.0181042 0.0180343 0.0179517 0.017887 0.0178002 0.0177042 0.0176034 0.0175362 0.0174381 0.017333 0.0172312 0.0171655 0.0170788 0.0169832 0.0168924 0.0168279 0.0167599 0.0166771 0.0166056 0.0165485 0.0164958 0.0164258 0.0163768 0.0163298 0.0162905 0.016235 0.0162066 0.0161719 0.0161444 0.016106 0.0160979 0.0160737 0.0160588 0.0160432 0.0160504 0.0160349 0.0160405 0.0160468 0.016062 0.0160628 0.0160934 0.0161121 0.0161384 0.0161647 0.0162133 0.0162408 0.0162896 0.0163393 0.0163982 0.0164427 0.0165185 0.0165826 0.0166549 0.0167249 0.0168221 0.0168985 0.0169921 0.017088 0.0172023 0.017296 0.0174137 0.0175353 0.017667 0.0177826 0.0179247 0.0180745 0.0182257 0.0183696 0.0185336 0.0187135 0.0188917 0.0190696 0.0192519 0.0194641 0.0196721 0.0198869 0.0200965 0.0203373 0.020568 0.0208163 0.0210648 0.0213377 0.0215923 0.0218529 0.022145 0.0224571 0.022749 0.0230377 0.0233731 0.0237115 0.0240766 0.0244452 0.0248453 0.0252767 0.0257658 0.0262806 0.0268569 0.027531 0.0283002 0.0291974 0.0302305 0.0314717 0.0329468 0.0347328 0.0368472 0.0393305 0.0422256 0.0455245 0.0492097 0.0532046 0.0574083 0.0616437 0.0657489 0.0694733 0.0726007 0.0749311 0.0762362 0.0764109 0.0753369 0.0730179 0.0695576 0.0651127 0.059956 0.0543905 0.0487644 0.0434558 0.0388353 0.0352379 0.0329394 0.0321009 0.0327781 0.0349229 0.0383739 0.0429179 0.0482701 0.0541162 0.0601366 0.0660027 0.0714261 0.0761546 0.0799866 0.0827862 
0 0.00574991 0.0114799 0.0171323 0.0226462 0.0278835 0.0326955 0.0368872 0.0402455 0.0425781 0.0436827 0.0434256 0.0417087 0.03852 0.0339455 0.0281543 0.0214179 0.0140579 0.00643089 -0.00110706 -0.00821552 -0.0145991 -0.0199903 -0.0242099 -0.0271396 -0.0287347 -0.0290617 -0.0281922 -0.0263152 -0.0236172 -0.0203176 -0.0166677 -0.0128391 -0.00904192 -0.00540585 -0.00205211 0.000946492 0.00357459 0.00584553 0.00777854 0.00939621 0.0107474 0.0118608 0.0128271 0.0136379 0.0143184 0.0148806 0.0153444 0.0157584 0.0161054 0.0163834 0.0165921 0.0167717 0.0169048 0.0170122 0.0170618 0.0170966 0.0171284 0.0171267 0.0170973 0.0170548 0.0170193 0.0169774 0.016932 0.0168484 0.0167897 0.0167367 0.0166805 0.0166064 0.0165484 0.016489 0.0164378 0.0163808 0.0163252 0.0162819 0.0162337 0.0161862 0.0161461 0.0161161 0.0160683 0.01604 0.0160111 0.0159862 0.015952 0.01594 0.0159155 0.0159029 0.0158848 0.0158813 0.0158675 0.0158698 0.0158631 0.0158703 0.0158712 0.0158854 0.0158909 0.015912 0.0159265 0.0159526 0.0159726 0.016008 0.0160355 0.0160754 0.0161108 0.0161603 0.0162013 0.0162573 0.0163076 0.0163713 0.0164281 0.0165009 0.0165646 0.016646 0.0167205 0.0168066 0.016888 0.0169909 0.0170781 0.0171807 0.0172879 0.0174048 0.0175073 0.0176376 0.0177656 0.0178926 0.0180272 0.0181821 0.0183288 0.0184781 0.0186432 0.0188209 0.0190068 0.0191744 0.019363 0.0195786 0.019802 0.0199937 0.0202192 0.0204559 0.020708 0.0209522 0.0212045 0.0214675 0.0217563 0.0220372 0.0223234 0.0226477 0.0229784 0.0233275 0.0236768 0.0240681 0.0245066 0.0249947 0.0255023 0.0260819 0.0267497 0.0275339 0.0284628 0.0295339 0.0308344 0.0323992 0.0342855 0.0365236 0.0391535 0.0421958 0.0456667 0.0495081 0.0536248 0.0579053 0.062153 0.0662152 0.0698455 0.0728341 0.0749843 0.0761016 0.0760911 0.0748705 0.0724652 0.0689731 0.0645704 0.0595059 0.0540766 0.0486151 0.0434764 0.0390175 0.0355537 0.0333607 0.0325937 0.0333271 0.035516 0.0390153 0.0436281 0.0490629 0.0550292 0.0611884 0.0672157 0.0728188 0.0777169 0.0817223 0.0846685 
