0 0 0 0 0 0 0 0 0 0 0 0 0 0 0 0 0 0 0 0 0 0 0 0 0 0 0 0 0 0 0 0 0 0 0 0 0 0 0 0 0 0 0 0 0 0 0 0 0 0 0 0 0 0 0 0 0 0 0 0 0 0 0 0 0 0 0 0 0 0 0 0 0 0 0 0 0 0 0 0 0 0 0 0 0 0 0 0 0 0 0 0 0 0 0 0 0 0 0 0 0 0 0 0 0 0 0 0 0 0 0 0 0 0 0 0 0 0 0 0 0 0 0 0 0 0 0 0 0 0 0 0 0 0 0 0 0 0 0 0 0 0 0 0 0 0 0 0 0 0 0 0 0 0 0 0 0 0 0 0 0 0 0 0 0 0 0 0 0 0 0 0 0 0 0 0 0 0 0 0 0 0 0 0 0 0 0 0 0 0 0 0 0 0 0 0 0 0 0 0 
0 -0.00273443 -0.005364 -0.00780146 -0.00997049 -0.011827 -0.0133559 -0.0145617 -0.015474 -0.0161336 -0.0165836 -0.0168848 -0.0170829 -0.0172169 -0.0173181 -0.0173792 -0.017414 -0.0174152 -0.0173789 -0.0173162 -0.0171969 -0.0170284 -0.0168025 -0.0165177 -0.0161936 -0.0158118 -0.0153791 -0.0148994 -0.0143799 -0.0138367 -0.0132688 -0.0126777 -0.0120718 -0.0114698 -0.0108694 -0.0102744 -0.00968958 -0.00911167 -0.00856889 -0.00804936 -0.00754442 -0.00707451 -0.00663068 -0.00621745 -0.00583653 -0.00547368 -0.00514004 -0.0048536 -0.00457766 -0.00432527 -0.00410501 -0.00389684 -0.00371546 -0.00354695 -0.00339403 -0.00326233 -0.00314825 -0.00302761 -0.00292485 -0.00283678 -0.00275489 -0.00267413 -0.00260417 -0.00254754 -0.00247738 -0.00241596 -0.00236867 -0.00232438 -0.00226751 -0.00222949 -0.00218241 -0.00213897 -0.00210248 -0.00207341 -0.00203328 -0.00199599 -0.00196244 -0.00194121 -0.00191571 -0.00187731 -0.00185336 -0.00183881 -0.00181415 -0.00178522 -0.00177494 -0.00175425 -0.00173625 -0.0017211 -0.00171151 -0.00169128 -0.00168541 -0.00167262 -0.00166459 -0.00165259 -0.00165111 -0.00163932 -0.00163797 -0.0016307 -0.00163103 -0.00162399 -0.00162787 -0.00162291 -0.00162696 -0.00162544 -0.00163215 -0.00162994 -0.00164007 -0.00164228 -0.00165035 -0.00165524 -0.00167002 -0.00167247 -0.00168805 -0.00170077 -0.00171229 -0.00172257 -0.00174993 -0.00176092 -0.00177373 -0.00179929 -0.00182745 -0.00184305 -0.00186563 -0.00189291 -0.00192355 -0.00195733 -0.00198048 -0.00201059 -0.0020486 -0.00208803 -0.00212098 -0.00216555 -0.00219737 -0.00224154 -0.00229015 -0.00233922 -0.00238002 -0.00243402 -0.00248433 -0.0025352 -0.00258907 -0.00265292 -0.00271431 -0.00276158 -0.00282571 -0.00289291 -0.00295208 -0.00301361 -0.00308661 -0.00314656 -0.00321576 -0.00327855 -0.00334009 -0.00341958 -0.00348749 -0.00354826 -0.00361825 -0.0036861 -0.00374329 -0.00380087 -0.00384562 -0.00389079 -0.00392825 -0.003938 -0.00393451 -0.00391499 -0.00387539 -0.00380778 -0.00370959 -0.00358208 -0.00342779 -0.00324346 -0.00301135 -0.00274596 -0.0024477 -0.00211629 -0.00176268 -0.00136689 -0.000948938 -0.000515491 -6.23886e-05 0.00039746 0.000881709 0.00138179 0.00188982 0.00241156 0.00294131 0.00348584 0.00404729 0.00460907 0.00516686 0.00571284 0.00623707 0.00675285 0.00724576 0.00771981 0.00817869 0.00861454 0.00905869 0.00950967 
0 -0.005364 -0.0105297 -0.0153031 -0.0195567 -0.023187 -0.0261692 -0.0285189 -0.0302856 -0.0315573 -0.0324206 -0.0329924 -0.0333611 -0.0336191 -0.0338013 -0.033925 -0.0340031 -0.0340064 -0.0339757 -0.0338619 -0.0336668 -0.0333778 -0.0329481 -0.0324494 -0.031827 -0.0311165 -0.0303122 -0.0293903 -0.0284243 -0.0273869 -0.0263039 -0.0251735 -0.0240098 -0.0228334 -0.0216799 -0.0205219 -0.0193731 -0.0182744 -0.0171907 -0.0161831 -0.015192 -0.0142507 -0.0133794 -0.012567 -0.0118105 -0.011096 -0.0104549 -0.00985534 -0.00932167 -0.00881259 -0.00836229 -0.0079603 -0.00760653 -0.00726096 -0.0069521 -0.00669758 -0.00643637 -0.00621513 -0.00601483 -0.00583634 -0.00565994 -0.00551058 -0.00534633 -0.00522602 -0.00511015 -0.00498379 -0.00487212 -0.00477579 -0.00467195 -0.0045699 -0.00449659 -0.00441586 -0.00433096 -0.00423264 -0.00418155 -0.00412115 -0.00404592 -0.00396901 -0.00393161 -0.00386734 -0.00381705 -0.00376933 -0.0037225 -0.00367166 -0.00364696 -0.00360244 -0.00356265 -0.00353651 -0.00351147 -0.00347571 -0.00345577 -0.00343637 -0.0034129 -0.00339584 -0.00338342 -0.00336842 -0.00335655 -0.00335033 -0.00334179 -0.00333699 -0.00333507 -0.00333462 -0.00333388 -0.00333985 -0.0033445 -0.00334993 -0.00336182 -0.00337461 -0.00338393 -0.00340225 -0.00342577 -0.00343793 -0.00346256 -0.00349465 -0.00351945 -0.00354264 -0.00358771 -0.00361547 -0.00365644 -0.00370423 -0.00374532 -0.00377538 -0.00385383 -0.00390725 -0.00394723 -0.00399924 -0.00409054 -0.0041522 -0.00421596 -0.00428024 -0.0043739 -0.00444888 -0.00452727 -0.00462549 -0.00472089 -0.00479322 -0.00489339 -0.00501495 -0.00510416 -0.00521435 -0.00531987 -0.00543279 -0.00554154 -0.00566583 -0.00577189 -0.00590877 -0.00602324 -0.00613147 -0.00625515 -0.00638669 -0.00651251 -0.00662274 -0.00675876 -0.00687943 -0.00700365 -0.00711094 -0.00723377 -0.00734538 -0.00746262 -0.00754418 -0.00760942 -0.00768799 -0.00770864 -0.00771951 -0.00768127 -0.00761424 -0.00751455 -0.00735471 -0.00712283 -0.00684653 -0.00651391 -0.00610673 -0.00565079 -0.00508919 -0.00449706 -0.00384064 -0.00311452 -0.00234977 -0.00150478 -0.00065183 0.000235097 0.00114748 0.00208488 0.0030615 0.00404875 0.00505901 0.00608278 0.00714028 0.00821441 0.00929669 0.0103644 0.0113925 0.0123985 0.0133567 0.014289 0.0151816 0.0160293 0.0168669 0.0176881 0.0185479 
0 -0.00780146 -0.0153031 -0.0222416 -0.0284033 -0.0336572 -0.0379585 -0.0413268 -0.0438458 -0.0456391 -0.0468404 -0.0476216 -0.0481231 -0.0484607 -0.0487191 -0.0488952 -0.0490169 -0.0490676 -0.04904 -0.0489444 -0.0487159 -0.0483565 -0.0478419 -0.0471759 -0.0463878 -0.0454448 -0.0443561 -0.0431266 -0.0417839 -0.0403576 -0.0388515 -0.0372697 -0.035633 -0.033988 -0.0323376 -0.030689 -0.0290553 -0.0274419 -0.0259036 -0.0244276 -0.0229923 -0.0216408 -0.0203655 -0.0191722 -0.0180638 -0.017011 -0.0160413 -0.0151847 -0.0143735 -0.013625 -0.0129591 -0.0123404 -0.0117901 -0.0112786 -0.0108138 -0.0104091 -0.0100464 -0.00968561 -0.00936889 -0.00909166 -0.00883415 -0.00858608 -0.00836353 -0.00817599 -0.0079677 -0.00777599 -0.00761889 -0.00747168 -0.00730284 -0.00717003 -0.0070281 -0.00689351 -0.00677348 -0.00666799 -0.0065501 -0.00643651 -0.00632964 -0.00624964 -0.00616718 -0.00605783 -0.00597847 -0.00592073 -0.00584388 -0.00576059 -0.00571594 -0.0056524 -0.00559401 -0.00554545 -0.00550749 -0.005451 -0.00542286 -0.00538494 -0.00535525 -0.00532134 -0.00530745 -0.00527711 -0.0052661 -0.00524721 -0.00524245 -0.005227 -0.00523161 -0.00522293 -0.00523099 -0.0052317 -0.00524741 -0.0052497 -0.00527526 -0.00528865 -0.00531268 -0.00533462 -0.00537506 -0.00539406 -0.00543914 -0.00548217 -0.00552177 -0.00556227 -0.00563721 -0.00568122 -0.0057306 -0.00580854 -0.00589018 -0.00594804 -0.00602633 -0.00611379 -0.00620589 -0.00630665 -0.00639436 -0.00649272 -0.00660771 -0.00672743 -0.00684058 -0.00697226 -0.00708281 -0.00722019 -0.00736804 -0.00751177 -0.00764532 -0.00780629 -0.00795671 -0.00810838 -0.00826773 -0.00844558 -0.00861569 -0.00876002 -0.00893328 -0.00911534 -0.00927675 -0.00943999 -0.00962391 -0.00978373 -0.00995341 -0.0101058 -0.0102558 -0.0104335 -0.0105823 -0.010708 -0.0108465 -0.0109718 -0.0110683 -0.0111484 -0.0111933 -0.0112291 -0.01123 -0.01116 -0.0110429 -0.0108767 -0.0106507 -0.0103453 -0.00995116 -0.00947872 -0.00893101 -0.00829796 -0.00754881 -0.0067053 -0.00578183 -0.00477663 -0.00370884 -0.00254553 -0.00132421 -6.94192e-05 0.00122496 0.0025357 0.00389724 0.00529259 0.00670361 0.00813901 0.00958919 0.0110707 0.0125814 0.0140856 0.0155636 0.0169936 0.0183588 0.0196802 0.0209371 0.0221359 0.0232878 0.0243941 0.0255213 0.0266852 
0 -0.00997049 -0.0195567 -0.0284033 -0.0362487 -0.0429138 -0.0483414 -0.0525644 -0.0556889 -0.0578794 -0.0593208 -0.0602299 -0.0607922 -0.0611726 -0.0614563 -0.061677 -0.0618515 -0.0619527 -0.0620052 -0.0619597 -0.0617878 -0.0614604 -0.0609266 -0.060241 -0.0593655 -0.0583162 -0.057086 -0.0556593 -0.0541082 -0.0524265 -0.050636 -0.0487399 -0.0467623 -0.0447429 -0.0427213 -0.0406809 -0.0386408 -0.0366472 -0.0346944 -0.0328314 -0.0310092 -0.0292673 -0.0276304 -0.0260948 -0.0246538 -0.0232912 -0.0220421 -0.0208873 -0.0198283 -0.0188339 -0.0179361 -0.0171228 -0.0163912 -0.0156975 -0.0150687 -0.0145227 -0.0140003 -0.0135288 -0.0131031 -0.0127205 -0.0123568 -0.0120267 -0.0117027 -0.0114337 -0.0111736 -0.0109138 -0.0106809 -0.0104693 -0.0102522 -0.0100485 -0.00987412 -0.00969968 -0.00952498 -0.00934572 -0.00921065 -0.00907235 -0.00892274 -0.00878107 -0.0086759 -0.00854612 -0.00843611 -0.00833612 -0.00823421 -0.00813153 -0.00806133 -0.00797341 -0.00789149 -0.00782707 -0.00776782 -0.00769845 -0.0076495 -0.00760279 -0.00755594 -0.00751622 -0.00748621 -0.0074542 -0.00742988 -0.00741148 -0.00739612 -0.00738465 -0.00738064 -0.00737856 -0.0073815 -0.00739094 -0.00740389 -0.00741838 -0.0074442 -0.00747091 -0.00749901 -0.00753755 -0.00758504 -0.00762185 -0.00767677 -0.00774053 -0.00779839 -0.00785875 -0.00794652 -0.00801655 -0.00810066 -0.00819964 -0.00829448 -0.00837947 -0.00851333 -0.00862963 -0.00873475 -0.0088578 -0.00901657 -0.00915274 -0.00929423 -0.00944263 -0.00961755 -0.00978141 -0.00994736 -0.0101381 -0.0103288 -0.0104991 -0.0106946 -0.0109156 -0.0111066 -0.0113122 -0.0115168 -0.0117306 -0.011937 -0.0121479 -0.0123492 -0.012575 -0.0127713 -0.0129563 -0.0131566 -0.0133547 -0.013539 -0.013699 -0.0138717 -0.0140277 -0.0141656 -0.0142697 -0.0143758 -0.0144569 -0.0145145 -0.0145149 -0.0144738 -0.0144183 -0.0142813 -0.0140882 -0.0138138 -0.013476 -0.0130661 -0.0125501 -0.0119164 -0.0111941 -0.0103762 -0.00944417 -0.00840825 -0.00723288 -0.00598826 -0.00465207 -0.00322271 -0.00172001 -0.000126503 0.00148507 0.0031293 0.00479824 0.00649892 0.0082391 0.00998778 0.0117531 0.0135303 0.0153383 0.0171607 0.0189707 0.0207314 0.022411 0.0240154 0.0255331 0.0269795 0.0283493 0.0296493 0.0309255 0.0322142 0.0335843 
0 -0.011827 -0.023187 -0.0336572 -0.0429138 -0.0507467 -0.0570825 -0.0619643 -0.065525 -0.0679669 -0.0695241 -0.0704577 -0.0710044 -0.071355 -0.0716281 -0.0718648 -0.072082 -0.0722648 -0.072408 -0.0724794 -0.0724253 -0.0722075 -0.071788 -0.0711802 -0.0703759 -0.0693633 -0.0681339 -0.0666861 -0.0650647 -0.0632867 -0.0613653 -0.0593076 -0.0571398 -0.054909 -0.0526414 -0.0503404 -0.0480235 -0.0457264 -0.0434786 -0.0412997 -0.0391716 -0.037125 -0.0351817 -0.0333436 -0.0316077 -0.0299614 -0.0284324 -0.0270246 -0.025714 -0.0244905 -0.0233713 -0.0223473 -0.0214119 -0.0205411 -0.0197461 -0.0190377 -0.0183809 -0.0177697 -0.0172145 -0.0167144 -0.0162503 -0.0158177 -0.0154164 -0.0150606 -0.0147156 -0.0143855 -0.0140922 -0.0138196 -0.0135476 -0.0132953 -0.0130617 -0.0128366 -0.0126222 -0.0124168 -0.0122288 -0.0120432 -0.0118611 -0.0116985 -0.0115501 -0.0113874 -0.0112448 -0.0111204 -0.0109904 -0.0108629 -0.0107613 -0.0106546 -0.010552 -0.0104651 -0.0103849 -0.0103015 -0.0102346 -0.0101725 -0.0101137 -0.0100619 -0.0100207 -0.0099805 -0.00994918 -0.00992361 -0.0099047 -0.00989002 -0.00988429 -0.00988169 -0.00988708 -0.00989814 -0.0099156 -0.00993644 -0.00996882 -0.0100035 -0.0100433 -0.0100927 -0.0101508 -0.0102054 -0.0102759 -0.0103544 -0.0104304 -0.0105154 -0.0106216 -0.0107165 -0.0108201 -0.0109459 -0.0110724 -0.0111914 -0.0113372 -0.0114871 -0.0116366 -0.0117984 -0.0119731 -0.0121462 -0.0123306 -0.0125247 -0.0127303 -0.012936 -0.0131417 -0.0133685 -0.0136034 -0.0138276 -0.0140615 -0.014313 -0.0145517 -0.0147921 -0.0150387 -0.0152922 -0.0155341 -0.0157644 -0.0159973 -0.0162373 -0.0164514 -0.0166534 -0.0168579 -0.0170469 -0.0172139 -0.017353 -0.0174829 -0.0175986 -0.0176746 -0.0177058 -0.0177169 -0.0176888 -0.0176101 -0.0174668 -0.0172661 -0.0170211 -0.0166948 -0.0162769 -0.0157684 -0.0151784 -0.0144963 -0.013698 -0.0127746 -0.0117472 -0.0106161 -0.00936794 -0.00799405 -0.00649459 -0.00490933 -0.00323869 -0.0014867 0.000345623 0.00224108 0.00415501 0.00608307 0.00802036 0.00998161 0.0119616 0.0139411 0.0159197 0.0178987 0.0198918 0.0218856 0.0238461 0.0257334 0.0275177 0.0291943 0.0307666 0.0322418 0.0336277 0.0349431 0.0362324 0.037564 0.0390055 
0 -0.0133559 -0.0261692 -0.0379585 -0.0483414 -0.0570825 -0.064094 -0.0694279 -0.0732438 -0.0757796 -0.077319 -0.0781633 -0.0785981 -0.0788389 -0.0790373 -0.0792472 -0.0794855 -0.0797529 -0.0800108 -0.0802427 -0.080371 -0.0803446 -0.0801403 -0.0797223 -0.0791126 -0.0782714 -0.077189 -0.0758795 -0.0743516 -0.0726456 -0.0707606 -0.0687087 -0.0665156 -0.0642304 -0.0618678 -0.0594512 -0.0569978 -0.0545276 -0.0521014 -0.0497062 -0.0473615 -0.0450851 -0.0428983 -0.040813 -0.0388271 -0.0369394 -0.0351604 -0.0335169 -0.0319669 -0.0305248 -0.0291909 -0.0279636 -0.0268292 -0.0257827 -0.0248197 -0.0239399 -0.023142 -0.02239 -0.0217068 -0.0210853 -0.0205154 -0.0199746 -0.0194903 -0.0190435 -0.018619 -0.0182229 -0.0178642 -0.0175269 -0.0172006 -0.0169026 -0.0166162 -0.0163463 -0.0160877 -0.015853 -0.0156179 -0.0153956 -0.0151819 -0.0149925 -0.014801 -0.0146157 -0.0144426 -0.0142895 -0.0141325 -0.013985 -0.0138518 -0.0137266 -0.0136046 -0.0134953 -0.0133947 -0.0132985 -0.0132134 -0.0131359 -0.0130659 -0.0130022 -0.0129498 -0.0129015 -0.0128635 -0.0128307 -0.0128083 -0.0127903 -0.0127831 -0.0127798 -0.0127877 -0.0128001 -0.0128223 -0.0128494 -0.012888 -0.0129303 -0.0129821 -0.013042 -0.0131101 -0.0131826 -0.0132678 -0.0133602 -0.0134554 -0.0135636 -0.0136836 -0.0138057 -0.0139318 -0.0140787 -0.0142299 -0.014386 -0.014547 -0.0147269 -0.0149106 -0.0151069 -0.0153011 -0.0155125 -0.0157295 -0.01596 -0.0161905 -0.0164346 -0.0166774 -0.0169335 -0.0171971 -0.017462 -0.0177254 -0.0179976 -0.0182735 -0.0185343 -0.0188032 -0.019072 -0.0193295 -0.0195621 -0.0198054 -0.02003 -0.0202316 -0.0204137 -0.0205823 -0.020723 -0.0208316 -0.0209056 -0.0209412 -0.0209552 -0.0209046 -0.0207993 -0.0206452 -0.0204379 -0.0201496 -0.0197861 -0.0193455 -0.0188241 -0.0182229 -0.0174998 -0.0166823 -0.0157683 -0.0147478 -0.0136068 -0.0123424 -0.0109646 -0.00948361 -0.0078955 -0.00617395 -0.00435804 -0.00244966 -0.000474525 0.00155935 0.00366804 0.00579928 0.00794157 0.0100681 0.012179 0.0142934 0.0163953 0.0184808 0.0205412 0.0225853 0.0246188 0.0266324 0.0285861 0.0304394 0.0321673 0.0337545 0.0352217 0.0365678 0.0378167 0.0390044 0.0401762 0.0414307 0.0428321 
0 -0.0145617 -0.0285189 -0.0413268 -0.0525644 -0.0619643 -0.0694279 -0.0750148 -0.0789105 -0.0813836 -0.0827715 -0.0834106 -0.0836231 -0.0836735 -0.0837091 -0.0838361 -0.0840604 -0.0843762 -0.0847715 -0.0851652 -0.0855237 -0.0857599 -0.0858285 -0.0857237 -0.0853972 -0.0848523 -0.0840586 -0.0830136 -0.0817433 -0.0802575 -0.0785653 -0.0766794 -0.0746285 -0.0724316 -0.0701397 -0.0677532 -0.0652926 -0.062812 -0.0603075 -0.0578211 -0.0553643 -0.0529393 -0.0505907 -0.0483301 -0.0461452 -0.0440635 -0.0420945 -0.0402174 -0.03847 -0.0368236 -0.0352814 -0.0338667 -0.0325495 -0.0313228 -0.0301947 -0.0291601 -0.0281934 -0.0273184 -0.0265115 -0.0257693 -0.0250817 -0.0244547 -0.0238696 -0.0233283 -0.0228452 -0.0223871 -0.0219536 -0.0215541 -0.0211905 -0.0208286 -0.0205099 -0.0202068 -0.0199087 -0.0196158 -0.0193626 -0.0191185 -0.0188783 -0.0186379 -0.0184226 -0.0182262 -0.0180288 -0.017835 -0.0176598 -0.0174995 -0.0173376 -0.0171926 -0.0170527 -0.0169267 -0.0168045 -0.0166999 -0.0165936 -0.0165071 -0.0164214 -0.0163526 -0.0162834 -0.0162341 -0.0161828 -0.0161508 -0.0161174 -0.0161036 -0.0160877 -0.0160913 -0.0160936 -0.0161149 -0.0161342 -0.0161739 -0.0162116 -0.0162673 -0.0163239 -0.0163989 -0.0164717 -0.0165645 -0.0166575 -0.0167659 -0.0168801 -0.0170084 -0.0171336 -0.0172811 -0.0174393 -0.0175981 -0.0177601 -0.0179443 -0.0181435 -0.0183411 -0.0185391 -0.0187501 -0.0189935 -0.0192277 -0.0194601 -0.0197067 -0.0199763 -0.0202297 -0.0205061 -0.0207847 -0.021059 -0.0213285 -0.0216189 -0.0219008 -0.0221751 -0.0224459 -0.022709 -0.0229574 -0.0231915 -0.023423 -0.0236189 -0.0237986 -0.0239501 -0.0240619 -0.0241382 -0.0241939 -0.0241841 -0.0241255 -0.0240267 -0.0238463 -0.023607 -0.0232944 -0.022898 -0.0224277 -0.0218694 -0.0211966 -0.0204383 -0.0195823 -0.0186079 -0.0175362 -0.0163439 -0.0150497 -0.0136526 -0.0121315 -0.0104956 -0.0087569 -0.00692154 -0.00498331 -0.0029561 -0.000832383 0.00134845 0.00357107 0.00584721 0.00813477 0.010438 0.0127107 0.0149315 0.0171208 0.0192603 0.0213673 0.0234284 0.0254369 0.0274091 0.0293434 0.0312245 0.0330233 0.0346937 0.036207 0.0375695 0.0387765 0.0398624 0.0408477 0.0417732 0.04273 0.0437861 0.0450536 
0 -0.015474 -0.0302856 -0.0438458 -0.0556889 -0.065525 -0.0732438 -0.0789105 -0.0827277 -0.0850075 -0.0861165 -0.086436 -0.0863348 -0.0860798 -0.0858855 -0.0858449 -0.0859869 -0.0863322 -0.0867989 -0.0873727 -0.0879536 -0.0884642 -0.0888885 -0.0891212 -0.0891915 -0.0890317 -0.0886195 -0.0879797 -0.0870681 -0.0859345 -0.0845685 -0.0829871 -0.0812112 -0.0792753 -0.0771781 -0.074967 -0.0726582 -0.070254 -0.0678312 -0.0653539 -0.0628921 -0.0604413 -0.0580231 -0.0556559 -0.0533515 -0.0511353 -0.0489916 -0.0469702 -0.0450345 -0.0432207 -0.0415082 -0.0399084 -0.038399 -0.0370184 -0.0357361 -0.0345312 -0.0334496 -0.0324298 -0.0314928 -0.0306305 -0.0298502 -0.0291128 -0.0284667 -0.027844 -0.0272702 -0.0267495 -0.0262707 -0.0258193 -0.0254037 -0.0250215 -0.0246461 -0.024298 -0.0239741 -0.0236947 -0.0233865 -0.0231009 -0.0228436 -0.022614 -0.0223579 -0.0221388 -0.0219184 -0.0217186 -0.0215239 -0.0213472 -0.0211601 -0.0210062 -0.0208548 -0.02071 -0.0205735 -0.0204584 -0.020342 -0.0202403 -0.0201489 -0.0200676 -0.0199943 -0.0199334 -0.0198814 -0.0198396 -0.0198077 -0.0197857 -0.0197744 -0.019772 -0.0197803 -0.0197983 -0.019826 -0.0198648 -0.0199118 -0.0199695 -0.0200386 -0.0201167 -0.0201997 -0.0203039 -0.0204099 -0.0205242 -0.0206507 -0.0207972 -0.0209347 -0.0210982 -0.0212596 -0.0214367 -0.0216251 -0.0218349 -0.0220117 -0.0222326 -0.0224711 -0.0227086 -0.0229203 -0.0231784 -0.0234374 -0.0237067 -0.0239604 -0.0242362 -0.0245105 -0.0247789 -0.0250547 -0.0253434 -0.0256072 -0.0258514 -0.02612 -0.02635 -0.0265793 -0.0267868 -0.026972 -0.0271108 -0.0272477 -0.0273195 -0.0273674 -0.0273735 -0.0273136 -0.0271945 -0.0270091 -0.0267612 -0.0264184 -0.0260142 -0.0255019 -0.0249058 -0.0241956 -0.0233908 -0.0224622 -0.0214344 -0.0202994 -0.0190304 -0.0176797 -0.0161859 -0.0145972 -0.0129017 -0.0110976 -0.00919741 -0.00720785 -0.00512202 -0.0029611 -0.000734658 0.00158643 0.00392878 0.00633422 0.00874466 0.0111466 0.0135596 0.0159027 0.0182078 0.0204238 0.0225574 0.0246273 0.0266095 0.0285272 0.0303657 0.0321385 0.0338439 0.035469 0.0369798 0.038341 0.0395311 0.0405354 0.0413842 0.0420907 0.0427031 0.0432863 0.0439139 0.0447089 0.045752 
0 -0.0161336 -0.0315573 -0.0456391 -0.0578794 -0.0679669 -0.0757796 -0.0813836 -0.0850075 -0.086979 -0.0877152 -0.0876274 -0.0871064 -0.0864747 -0.0859367 -0.0856458 -0.0856335 -0.0859075 -0.0864279 -0.0871086 -0.0878973 -0.0886898 -0.0894347 -0.0900659 -0.0905306 -0.0908049 -0.0908503 -0.0906673 -0.090229 -0.0895487 -0.0886209 -0.087462 -0.0860956 -0.0845138 -0.0827588 -0.0808449 -0.0787953 -0.0766431 -0.0743889 -0.0720574 -0.0696984 -0.0673031 -0.0649048 -0.0625298 -0.0601763 -0.0578968 -0.0556779 -0.0535152 -0.051456 -0.0494972 -0.0476302 -0.0458796 -0.0442277 -0.0426907 -0.0412623 -0.0399195 -0.0386796 -0.0375485 -0.036506 -0.0355379 -0.0346462 -0.0338355 -0.0330911 -0.0323869 -0.0317663 -0.0311994 -0.0306531 -0.0301502 -0.0297037 -0.0292735 -0.028882 -0.0285192 -0.0281692 -0.0278386 -0.0275312 -0.0272489 -0.026983 -0.0267099 -0.0264499 -0.0262361 -0.0260123 -0.0257834 -0.0255845 -0.0254055 -0.0252108 -0.0250437 -0.0248862 -0.0247342 -0.0245896 -0.0244689 -0.0243437 -0.0242373 -0.0241378 -0.0240542 -0.0239728 -0.0239104 -0.0238513 -0.0238108 -0.0237719 -0.0237516 -0.023736 -0.0237369 -0.0237406 -0.0237637 -0.0237895 -0.0238334 -0.0238794 -0.0239437 -0.0240136 -0.0240981 -0.0241839 -0.0242949 -0.0244031 -0.0245241 -0.0246612 -0.0248096 -0.0249459 -0.0251198 -0.0253022 -0.0254714 -0.0256536 -0.0258724 -0.0260797 -0.0262921 -0.0265162 -0.026747 -0.026993 -0.0272459 -0.0274881 -0.02774 -0.0280006 -0.0282545 -0.0285234 -0.0287749 -0.0290094 -0.0292506 -0.0294873 -0.0296896 -0.0298887 -0.0300639 -0.0302056 -0.0303097 -0.0303883 -0.0304377 -0.030428 -0.0303541 -0.0302392 -0.0300519 -0.0297805 -0.0294454 -0.0290143 -0.0284961 -0.0278776 -0.0271311 -0.0262868 -0.0253398 -0.0242519 -0.0230563 -0.0217383 -0.0202948 -0.0187409 -0.0170554 -0.0152598 -0.0133716 -0.0113776 -0.00928884 -0.00711713 -0.00486054 -0.00254561 -0.0001618 0.00227227 0.00474521 0.00724431 0.00975055 0.0122629 0.0147454 0.0171996 0.0195849 0.0218914 0.0241051 0.0261957 0.0281835 0.030048 0.0318104 0.0334754 0.0350414 0.0365238 0.0379077 0.0391815 0.0403154 0.0412766 0.0420439 0.042618 0.0430088 0.0432621 0.0434308 0.043589 0.0438512 0.0443131 0.0450921 
0 -0.0165836 -0.0324206 -0.0468404 -0.0593208 -0.0695241 -0.077319 -0.0827715 -0.0861165 -0.0877152 -0.0880059 -0.0874377 -0.0864303 -0.0853237 -0.0843679 -0.0837256 -0.0834589 -0.0835839 -0.0840426 -0.0847664 -0.0856797 -0.0866875 -0.087733 -0.088718 -0.0895938 -0.090313 -0.0908365 -0.0911597 -0.0912339 -0.091064 -0.0906457 -0.089992 -0.0891179 -0.088014 -0.0866951 -0.0851901 -0.0835197 -0.0816972 -0.0797381 -0.0776537 -0.0755031 -0.0732841 -0.0710132 -0.0687119 -0.0664004 -0.064125 -0.0618716 -0.0596577 -0.0575143 -0.0554585 -0.0534814 -0.0515952 -0.0497978 -0.0481277 -0.0465659 -0.0450879 -0.04373 -0.0424774 -0.0413173 -0.0402419 -0.0392594 -0.038365 -0.0375556 -0.0367866 -0.0360959 -0.0354753 -0.0348936 -0.0343576 -0.0338803 -0.0334346 -0.0330154 -0.0326281 -0.0322756 -0.0319586 -0.031637 -0.0313386 -0.0310757 -0.0308201 -0.0305595 -0.0303401 -0.0301173 -0.0298979 -0.0297029 -0.0295234 -0.0293289 -0.0291641 -0.0290098 -0.0288572 -0.0287125 -0.0285905 -0.0284676 -0.0283587 -0.0282591 -0.0281735 -0.0280934 -0.0280271 -0.027969 -0.0279262 -0.0278877 -0.0278639 -0.0278504 -0.0278483 -0.0278524 -0.0278735 -0.0279009 -0.0279412 -0.0279886 -0.0280513 -0.0281214 -0.0282025 -0.0282894 -0.0283982 -0.0285054 -0.0286221 -0.0287567 -0.0289031 -0.0290381 -0.0292042 -0.0293753 -0.0295422 -0.0297255 -0.0299321 -0.0301125 -0.0303169 -0.0305435 -0.0307585 -0.0309625 -0.031194 -0.0314227 -0.0316473 -0.0318635 -0.0320807 -0.0322966 -0.032489 -0.0326701 -0.0328532 -0.0330024 -0.0331066 -0.0332087 -0.0332724 -0.0332928 -0.0332635 -0.0331895 -0.0330601 -0.0328649 -0.0325816 -0.0322444 -0.031823 -0.0312861 -0.0306526 -0.0299128 -0.0290645 -0.0280862 -0.026976 -0.0257456 -0.0243975 -0.022895 -0.0212667 -0.0195136 -0.017648 -0.0156697 -0.013563 -0.0113679 -0.00908674 -0.00672448 -0.00428443 -0.00178201 0.000761383 0.00332567 0.00592443 0.00853733 0.0111473 0.0137427 0.0162931 0.0188151 0.021268 0.0236382 0.0259026 0.0280357 0.0300483 0.0319137 0.0336393 0.0352216 0.0366695 0.0380036 0.0392249 0.0403386 0.0413325 0.0421883 0.0428822 0.0433872 0.0436845 0.0437764 0.0436779 0.0434392 0.0431298 0.0428413 0.042696 0.0428053 0.0432829 
0 -0.0168848 -0.0329924 -0.0476216 -0.0602299 -0.0704577 -0.0781633 -0.0834106 -0.086436 -0.0876274 -0.0874377 -0.0863457 -0.0847969 -0.0831467 -0.0816893 -0.0805995 -0.0799748 -0.0798427 -0.080134 -0.0807996 -0.0817412 -0.082877 -0.0841407 -0.0854098 -0.0866389 -0.0877593 -0.0887375 -0.089559 -0.0901615 -0.090535 -0.0906715 -0.0905786 -0.0902562 -0.0896977 -0.0888912 -0.0878773 -0.0866761 -0.085279 -0.0837118 -0.0819709 -0.0801163 -0.0781566 -0.0760964 -0.0739544 -0.0717699 -0.0695781 -0.0673641 -0.0651606 -0.0629828 -0.0608717 -0.0588227 -0.05684 -0.054936 -0.0531539 -0.0514712 -0.0498666 -0.0483902 -0.0470215 -0.0457571 -0.0445823 -0.04351 -0.042529 -0.0416451 -0.0408164 -0.0400702 -0.0394061 -0.0387901 -0.0382225 -0.0377153 -0.0372623 -0.0368339 -0.0364419 -0.0360872 -0.0357763 -0.03546 -0.0351757 -0.0349241 -0.0346832 -0.0344366 -0.0342315 -0.0340265 -0.0338247 -0.0336422 -0.0334753 -0.0332991 -0.0331445 -0.0330021 -0.0328599 -0.0327271 -0.0326102 -0.0324986 -0.032394 -0.0323019 -0.0322189 -0.0321463 -0.0320795 -0.0320269 -0.0319833 -0.0319485 -0.0319215 -0.0319111 -0.0319046 -0.0319093 -0.0319251 -0.0319525 -0.0319846 -0.0320302 -0.032085 -0.0321503 -0.0322208 -0.032303 -0.0323984 -0.0324967 -0.0326017 -0.0327238 -0.0328516 -0.0329755 -0.0331239 -0.0332739 -0.0334194 -0.0335814 -0.033763 -0.0339166 -0.0340901 -0.0342807 -0.0344615 -0.0346224 -0.0348112 -0.0349889 -0.0351538 -0.0353017 -0.0354583 -0.035594 -0.0356972 -0.035781 -0.0358588 -0.0358867 -0.0358652 -0.0358279 -0.0357335 -0.0355788 -0.0353594 -0.0350835 -0.0347286 -0.0342943 -0.0337458 -0.0331208 -0.0323936 -0.0315311 -0.0305463 -0.0294491 -0.0282238 -0.0268415 -0.0253258 -0.0236749 -0.0219023 -0.0199789 -0.0179252 -0.0157544 -0.013488 -0.0111118 -0.00862175 -0.00607306 -0.0034575 -0.000797737 0.00191369 0.00465839 0.00739811 0.0101221 0.0128396 0.0155311 0.0181695 0.0207448 0.0232213 0.0256287 0.0279306 0.0300989 0.0321305 0.0339882 0.0357028 0.0372539 0.0386352 0.0398612 0.0409303 0.0418776 0.0427068 0.043412 0.0439804 0.044387 0.0446137 0.0446384 0.0444448 0.0440328 0.0434283 0.0426848 0.0418912 0.0411591 0.0406133 0.0403829 0.0405692 
0 -0.0170829 -0.0333611 -0.0481231 -0.0607922 -0.0710044 -0.0785981 -0.0836231 -0.0863348 -0.0871064 -0.0864303 -0.0847969 -0.0826587 -0.0804301 -0.0783863 -0.0767702 -0.0756954 -0.0751764 -0.075211 -0.0756811 -0.0765427 -0.0777056 -0.0790598 -0.0805444 -0.0820281 -0.0834835 -0.0848663 -0.0861267 -0.0872315 -0.0881295 -0.0888152 -0.0892891 -0.089553 -0.0895559 -0.0893244 -0.0888542 -0.0881657 -0.0872833 -0.0861586 -0.0848491 -0.0833726 -0.0817499 -0.0799786 -0.0780884 -0.0761004 -0.074057 -0.0719738 -0.0698229 -0.0676895 -0.0655753 -0.0634955 -0.0614524 -0.0594874 -0.0576021 -0.0558133 -0.0541163 -0.052506 -0.0510328 -0.0496629 -0.0483898 -0.0472095 -0.0461641 -0.0451881 -0.0442969 -0.0435029 -0.0427986 -0.0421395 -0.0415477 -0.0410299 -0.0405535 -0.040128 -0.0397446 -0.0394052 -0.0390771 -0.0387939 -0.0385371 -0.0383113 -0.0380715 -0.0378672 -0.0376848 -0.0375152 -0.0373298 -0.0371782 -0.0370325 -0.0368915 -0.0367516 -0.0366324 -0.0365111 -0.0363999 -0.036296 -0.0362019 -0.0361112 -0.0360305 -0.0359588 -0.0358942 -0.0358362 -0.0357878 -0.0357501 -0.0357164 -0.0356931 -0.0356797 -0.0356742 -0.0356738 -0.0356866 -0.0357063 -0.0357324 -0.0357674 -0.0358128 -0.0358641 -0.035921 -0.0359898 -0.0360642 -0.0361435 -0.0362287 -0.036331 -0.0364255 -0.0365274 -0.0366414 -0.0367688 -0.0368732 -0.0369964 -0.0371262 -0.0372625 -0.0373757 -0.0375031 -0.0376198 -0.0377473 -0.0378494 -0.0379474 -0.0380235 -0.0380943 -0.0381359 -0.038164 -0.0381515 -0.0380983 -0.0380199 -0.037898 -0.0377155 -0.037472 -0.0371911 -0.0368107 -0.0363517 -0.0358161 -0.0352043 -0.0344516 -0.0336006 -0.0326403 -0.0315481 -0.0303171 -0.0289492 -0.0274501 -0.0258085 -0.024026 -0.0220717 -0.0200164 -0.0178277 -0.0154998 -0.0130518 -0.0105134 -0.00788626 -0.00517363 -0.00239176 0.000453766 0.00329133 0.00616388 0.00904726 0.0119123 0.0147408 0.0175045 0.0202141 0.0228575 0.0254104 0.0278265 0.0301355 0.0323085 0.0343486 0.0362378 0.0379198 0.0394439 0.0407804 0.0419488 0.0429507 0.0437608 0.0444315 0.0449623 0.0453734 0.0456576 0.0457792 0.0457254 0.0454745 0.0450131 0.0443297 0.0434285 0.042332 0.0411126 0.0398669 0.0387186 0.0378134 0.0372654 0.0371896 
0 -0.0172169 -0.0336191 -0.0484607 -0.0611726 -0.071355 -0.0788389 -0.0836735 -0.0860798 -0.0864747 -0.0853237 -0.0831467 -0.0804301 -0.0775608 -0.0749083 -0.0726878 -0.0710654 -0.0700962 -0.0697241 -0.0699208 -0.0705753 -0.0716303 -0.0729931 -0.0745411 -0.0762005 -0.0778898 -0.0795767 -0.0812091 -0.0827376 -0.084098 -0.085291 -0.0863049 -0.0871086 -0.0877044 -0.0880306 -0.0881297 -0.088008 -0.087637 -0.0870352 -0.0862005 -0.0851602 -0.0839455 -0.0825461 -0.0809587 -0.0792562 -0.0774364 -0.0755158 -0.0735303 -0.0714855 -0.069433 -0.0673843 -0.0653358 -0.0633187 -0.0613821 -0.0595117 -0.057714 -0.0560201 -0.0544321 -0.0529425 -0.0515574 -0.0502926 -0.0491318 -0.0480845 -0.047133 -0.0462619 -0.0454862 -0.0448051 -0.0441848 -0.0436322 -0.0431584 -0.0427206 -0.0423236 -0.0419896 -0.041708 -0.0414343 -0.0411838 -0.0409719 -0.0407961 -0.0406225 -0.0404581 -0.0403139 -0.0401873 -0.0400648 -0.0399491 -0.0398404 -0.0397384 -0.0396463 -0.0395561 -0.0394702 -0.0393906 -0.0393202 -0.039249 -0.0391874 -0.0391297 -0.0390801 -0.0390321 -0.0389953 -0.0389602 -0.0389351 -0.038912 -0.0389001 -0.0388901 -0.0388898 -0.038892 -0.0389056 -0.0389194 -0.038943 -0.0389711 -0.0390065 -0.0390417 -0.0390891 -0.0391384 -0.039191 -0.0392474 -0.0393109 -0.039375 -0.0394453 -0.0395143 -0.0395796 -0.0396553 -0.0397361 -0.0398016 -0.0398535 -0.0399213 -0.0399904 -0.0400327 -0.0400432 -0.0400647 -0.0400774 -0.0400471 -0.0399822 -0.039909 -0.0397844 -0.039611 -0.039412 -0.0391596 -0.0388263 -0.0384309 -0.0379754 -0.0374323 -0.0368008 -0.0360683 -0.035231 -0.0342753 -0.033199 -0.0319861 -0.0306453 -0.0291765 -0.027543 -0.0257558 -0.0238456 -0.0217937 -0.0195801 -0.0172531 -0.0147992 -0.0122309 -0.00956014 -0.00677375 -0.00392696 -0.00103577 0.00191889 0.0049135 0.00790079 0.0108868 0.0138354 0.0167568 0.0196332 0.0223983 0.0250757 0.0276485 0.0301152 0.0324482 0.0346226 0.0366348 0.0384969 0.0402014 0.0417039 0.0430194 0.044124 0.0450579 0.0458253 0.0463996 0.0468168 0.0470626 0.0471857 0.0471866 0.0470395 0.0467332 0.0462241 0.0455117 0.0445826 0.0434308 0.0420624 0.0405115 0.0388518 0.0371972 0.03569 0.0344642 0.0336589 0.0333604 
0 -0.0173181 -0.0338013 -0.0487191 -0.0614563 -0.0716281 -0.0790373 -0.0837091 -0.0858855 -0.0859367 -0.0843679 -0.0816893 -0.0783863 -0.0749083 -0.0715946 -0.0687382 -0.0665148 -0.0649805 -0.0641526 -0.0639431 -0.0642994 -0.0651509 -0.066374 -0.0679006 -0.0695934 -0.0714017 -0.0732857 -0.0751696 -0.0770232 -0.0787674 -0.0803862 -0.0818644 -0.0831755 -0.0842772 -0.0851564 -0.0858045 -0.0862242 -0.086417 -0.08634 -0.0860267 -0.0854709 -0.0847034 -0.0837097 -0.0825132 -0.0811454 -0.0796156 -0.077967 -0.0761756 -0.0743023 -0.072368 -0.0703947 -0.068389 -0.0664074 -0.0644374 -0.0625128 -0.0606582 -0.0588537 -0.0571637 -0.0555721 -0.0540829 -0.0526932 -0.0514367 -0.0502647 -0.0492181 -0.0482754 -0.0474388 -0.0466847 -0.0460132 -0.0454266 -0.0449099 -0.0444617 -0.0440755 -0.0437438 -0.0434258 -0.0431812 -0.0429738 -0.0427912 -0.0426125 -0.0424829 -0.0423575 -0.0422635 -0.0421632 -0.0420805 -0.0420018 -0.0419454 -0.0418734 -0.041818 -0.0417617 -0.0417136 -0.0416612 -0.0416194 -0.0415728 -0.0415361 -0.0414974 -0.0414634 -0.0414326 -0.0414067 -0.0413791 -0.0413607 -0.0413435 -0.0413279 -0.0413178 -0.0413132 -0.0413063 -0.041308 -0.0413112 -0.0413169 -0.0413247 -0.0413393 -0.0413498 -0.0413701 -0.0413847 -0.0414059 -0.0414266 -0.0414531 -0.041464 -0.0414926 -0.0415107 -0.0415328 -0.041538 -0.0415493 -0.0415446 -0.041558 -0.041527 -0.041485 -0.0414369 -0.0413889 -0.0412797 -0.0411567 -0.0409965 -0.0408077 -0.040571 -0.0402901 -0.039947 -0.0395404 -0.0390665 -0.0385234 -0.037903 -0.0371685 -0.0363568 -0.0354159 -0.0343595 -0.0331859 -0.0318938 -0.0304292 -0.0288447 -0.0271039 -0.0252109 -0.0231795 -0.0209962 -0.0186829 -0.0162362 -0.0136606 -0.010955 -0.00817578 -0.00529593 -0.00234828 0.000668908 0.00371427 0.00677934 0.00986305 0.0129298 0.0159735 0.0189354 0.0218375 0.0246617 0.0273828 0.029975 0.0324332 0.0347509 0.0369318 0.0389496 0.0407664 0.0424242 0.0438912 0.0451916 0.0462975 0.0471773 0.0478825 0.048395 0.0487479 0.0489328 0.048937 0.0488046 0.0485391 0.048151 0.0476201 0.0468988 0.0459759 0.0448319 0.0434639 0.0418806 0.0400791 0.0381137 0.036062 0.0340506 0.0322349 0.0307497 0.0297327 0.0292624 
0 -0.0173792 -0.033925 -0.0488952 -0.061677 -0.0718648 -0.0792472 -0.0838361 -0.0858449 -0.0856458 -0.0837256 -0.0805995 -0.0767702 -0.0726878 -0.0687382 -0.0652238 -0.062354 -0.0602199 -0.0588356 -0.0581536 -0.0581089 -0.0586399 -0.0596341 -0.0610062 -0.0626358 -0.0644549 -0.0664172 -0.0684424 -0.0704995 -0.0725018 -0.0744367 -0.0762791 -0.0779883 -0.0795462 -0.0809039 -0.0820597 -0.083001 -0.0837092 -0.0841636 -0.0843748 -0.0843274 -0.0840484 -0.0835247 -0.0827577 -0.08179 -0.0806078 -0.0792605 -0.0777502 -0.076107 -0.0743576 -0.072524 -0.0706196 -0.0686855 -0.0667331 -0.0647904 -0.0628944 -0.0610325 -0.0592511 -0.0575407 -0.0559288 -0.0544245 -0.0530331 -0.0517461 -0.0505933 -0.049535 -0.0485812 -0.0477496 -0.0470112 -0.046364 -0.0458007 -0.0453117 -0.0448886 -0.0445409 -0.0442357 -0.0439963 -0.0437827 -0.0436035 -0.0434691 -0.0433744 -0.0432682 -0.0431984 -0.0431501 -0.0431069 -0.0430654 -0.0430449 -0.0430181 -0.0429995 -0.0429824 -0.0429673 -0.0429512 -0.0429373 -0.0429208 -0.0429095 -0.0428937 -0.0428761 -0.0428657 -0.0428517 -0.0428327 -0.0428222 -0.0428115 -0.0427921 -0.0427816 -0.0427727 -0.0427557 -0.0427434 -0.0427355 -0.0427201 -0.0427065 -0.0426965 -0.0426806 -0.0426663 -0.0426499 -0.0426319 -0.0426115 -0.0425886 -0.0425583 -0.042535 -0.0424908 -0.0424427 -0.0423981 -0.0423412 -0.0422462 -0.0421627 -0.0420573 -0.0419245 -0.0417628 -0.0415799 -0.0413476 -0.0410986 -0.0407938 -0.0404379 -0.0400249 -0.0395501 -0.0390055 -0.0383983 -0.0376884 -0.0368834 -0.0359896 -0.0349695 -0.0338398 -0.0325844 -0.0311909 -0.0296493 -0.0279699 -0.0261275 -0.024156 -0.0220233 -0.0197482 -0.0173335 -0.0147771 -0.0121022 -0.0093175 -0.00642875 -0.00345838 -0.00042699 0.00267223 0.00579176 0.00894647 0.0120833 0.0151918 0.0182691 0.0212798 0.0242131 0.0270418 0.0297569 0.0323504 0.0348068 0.0370882 0.039216 0.0411705 0.0429654 0.0445842 0.0459981 0.047242 0.0482933 0.0491722 0.0498504 0.0503208 0.0506123 0.050732 0.0507046 0.0505176 0.0501763 0.0496962 0.0490936 0.0483646 0.047479 0.0463949 0.0450889 0.0435552 0.0417924 0.0398168 0.0376347 0.035306 0.0329184 0.0306067 0.0285339 0.0268341 0.0256443 0.0250331 
0 -0.017414 -0.0340031 -0.0490169 -0.0618515 -0.072082 -0.0794855 -0.0840604 -0.0859869 -0.0856335 -0.0834589 -0.0799748 -0.0756954 -0.0710654 -0.0665148 -0.062354 -0.0588238 -0.0560563 -0.0540635 -0.0528466 -0.052329 -0.0524544 -0.0531272 -0.054238 -0.055695 -0.0574091 -0.0593302 -0.0613812 -0.0635239 -0.0656781 -0.067822 -0.0699236 -0.0719264 -0.0738354 -0.0755785 -0.0771605 -0.0785588 -0.0797351 -0.0806927 -0.0814077 -0.0818642 -0.082071 -0.0820271 -0.0817205 -0.0811926 -0.0804172 -0.0794304 -0.0782585 -0.0768972 -0.0753854 -0.0737406 -0.0719981 -0.0701761 -0.0682972 -0.0663815 -0.064472 -0.0625744 -0.0607173 -0.0589138 -0.0571908 -0.0555697 -0.0540259 -0.0525944 -0.0512981 -0.0501083 -0.0490221 -0.0480741 -0.0472269 -0.0464795 -0.0458347 -0.0452828 -0.0448163 -0.0444193 -0.0440822 -0.0438216 -0.0436105 -0.043426 -0.0433022 -0.0432147 -0.0431345 -0.0430871 -0.0430747 -0.0430574 -0.0430534 -0.0430671 -0.0430832 -0.0430972 -0.0431178 -0.0431371 -0.0431584 -0.0431721 -0.0431861 -0.0432022 -0.0432099 -0.0432106 -0.0432205 -0.0432201 -0.04321 -0.0432085 -0.0432032 -0.043182 -0.0431696 -0.0431566 -0.0431284 -0.0431023 -0.0430811 -0.0430445 -0.043007 -0.0429718 -0.042928 -0.0428765 -0.0428258 -0.0427676 -0.042705 -0.0426297 -0.0425512 -0.0424694 -0.0423687 -0.0422493 -0.0421358 -0.0419948 -0.0418228 -0.0416447 -0.0414405 -0.0411863 -0.0409145 -0.0406052 -0.0402368 -0.0398254 -0.0393601 -0.0388277 -0.03823 -0.0375503 -0.036784 -0.0359357 -0.0349649 -0.0338902 -0.0327088 -0.0313838 -0.0299113 -0.0283154 -0.0265639 -0.0246575 -0.0226001 -0.0203952 -0.018047 -0.0155427 -0.0129124 -0.0101635 -0.007302 -0.00434008 -0.00130045 0.001816 0.00496249 0.0081488 0.0113484 0.0145156 0.0176665 0.0207565 0.0237731 0.0267055 0.0295269 0.0322133 0.0347735 0.037168 0.0394073 0.0414869 0.04337 0.0450937 0.0466274 0.0479901 0.0491699 0.0501565 0.0509659 0.051596 0.0520576 0.0523259 0.0524203 0.0523364 0.052109 0.051747 0.0512379 0.0506056 0.0498349 0.048953 0.047938 0.0467533 0.0453625 0.0437279 0.0418541 0.0397403 0.0374098 0.0348826 0.0322266 0.0295421 0.0269728 0.0246867 0.0228175 0.021497 0.0207844 
0 -0.0174152 -0.0340064 -0.0490676 -0.0619527 -0.0722648 -0.0797529 -0.0843762 -0.0863322 -0.0859075 -0.0835839 -0.0798427 -0.0751764 -0.0700962 -0.0649805 -0.0602199 -0.0560563 -0.0526274 -0.05003 -0.0482182 -0.0471821 -0.0468464 -0.0471076 -0.0478948 -0.0490854 -0.0506083 -0.052394 -0.0543682 -0.056476 -0.0586737 -0.0609042 -0.0631363 -0.0653421 -0.0674653 -0.0695108 -0.0714221 -0.073174 -0.0747566 -0.0761353 -0.0773052 -0.0782358 -0.0789204 -0.0793417 -0.0795296 -0.0794499 -0.0791052 -0.0785339 -0.077725 -0.0767099 -0.0754941 -0.0740987 -0.0725564 -0.0709163 -0.0691438 -0.0673028 -0.0654392 -0.0635384 -0.061638 -0.059766 -0.0579498 -0.0561938 -0.0545258 -0.0529366 -0.0514777 -0.0501281 -0.0488952 -0.0477784 -0.0467945 -0.045927 -0.0451565 -0.0444963 -0.0439531 -0.043489 -0.0430745 -0.0427696 -0.0425301 -0.0423286 -0.0421713 -0.0420824 -0.0420068 -0.0419738 -0.0419623 -0.0419708 -0.0419869 -0.0420312 -0.0420705 -0.0421185 -0.0421642 -0.0422191 -0.042267 -0.0423102 -0.0423483 -0.0423925 -0.0424192 -0.0424403 -0.042466 -0.0424803 -0.0424785 -0.0424858 -0.0424838 -0.0424635 -0.0424476 -0.0424306 -0.0423915 -0.0423537 -0.0423167 -0.0422627 -0.0421998 -0.0421422 -0.0420683 -0.0419858 -0.0418964 -0.0418034 -0.0416932 -0.0415762 -0.0414419 -0.0413046 -0.0411386 -0.0409646 -0.0407666 -0.0405421 -0.0402818 -0.0400232 -0.0396989 -0.0393244 -0.0389283 -0.0384989 -0.0379669 -0.037388 -0.0367569 -0.0360398 -0.0352207 -0.0343233 -0.0333296 -0.0322074 -0.0309613 -0.0295998 -0.0281079 -0.0264415 -0.0246451 -0.0226941 -0.0205892 -0.0183261 -0.0159193 -0.0133612 -0.0106902 -0.00787735 -0.00494365 -0.00194635 0.00114368 0.00430617 0.00750599 0.0107153 0.0139411 0.0171361 0.0203033 0.0233993 0.0264007 0.0293126 0.0321029 0.0347516 0.0372388 0.0395794 0.0417362 0.043727 0.0455331 0.0471453 0.0485921 0.0498478 0.0509275 0.051836 0.0525696 0.0531308 0.0535358 0.0537687 0.0538454 0.0537687 0.0535155 0.0531396 0.0526213 0.0519873 0.0512509 0.0503752 0.0494069 0.0483034 0.0470528 0.0456288 0.043952 0.0420346 0.0398459 0.0374088 0.0347624 0.0319205 0.0289854 0.0260491 0.0232686 0.0208137 0.0188088 0.0173866 0.0165941 
0 -0.0173789 -0.0339757 -0.04904 -0.0620052 -0.072408 -0.0800108 -0.0847715 -0.0867989 -0.0864279 -0.0840426 -0.080134 -0.075211 -0.0697241 -0.0641526 -0.0588356 -0.0540635 -0.05003 -0.0467923 -0.0444089 -0.0428242 -0.0419811 -0.0418091 -0.0421915 -0.0430587 -0.0443148 -0.045879 -0.0476828 -0.0496753 -0.0517975 -0.054017 -0.0562862 -0.0585472 -0.0608125 -0.063019 -0.0651511 -0.0671741 -0.0690408 -0.0707666 -0.0723153 -0.0736541 -0.0747591 -0.0756446 -0.0762754 -0.0766626 -0.0767765 -0.0766148 -0.0762338 -0.0756021 -0.0747313 -0.0736428 -0.0723861 -0.0709453 -0.0693646 -0.067658 -0.0658664 -0.0640276 -0.0621337 -0.0602163 -0.0583195 -0.0564829 -0.0546624 -0.0529353 -0.0513142 -0.0497912 -0.0483526 -0.0470664 -0.045908 -0.0448628 -0.0439399 -0.0431414 -0.0424531 -0.0418565 -0.041378 -0.0409854 -0.0406603 -0.040383 -0.0402107 -0.0400813 -0.0399834 -0.0399138 -0.0399132 -0.039918 -0.0399459 -0.039984 -0.040052 -0.0401116 -0.0401833 -0.0402517 -0.0403291 -0.0403884 -0.0404539 -0.0405124 -0.0405619 -0.0405967 -0.040639 -0.0406616 -0.040673 -0.0406829 -0.0406861 -0.0406655 -0.0406488 -0.0406229 -0.0405796 -0.0405273 -0.0404779 -0.0404043 -0.0403251 -0.0402391 -0.0401437 -0.0400254 -0.0399104 -0.0397751 -0.0396275 -0.0394562 -0.0392883 -0.0390863 -0.0388615 -0.0386071 -0.0383557 -0.0380445 -0.037695 -0.0373083 -0.0369033 -0.0364187 -0.0358845 -0.0352802 -0.0346223 -0.0338787 -0.0330561 -0.0321306 -0.0311039 -0.0299613 -0.0287088 -0.027333 -0.0257925 -0.0241176 -0.0223012 -0.0203274 -0.0181738 -0.0159055 -0.0134724 -0.0108788 -0.00814768 -0.00532329 -0.00236992 0.000685949 0.00380835 0.00699349 0.0102109 0.0134599 0.0167006 0.0199087 0.0230459 0.0261477 0.0291445 0.0320114 0.0347533 0.0373445 0.0397776 0.0420274 0.0440889 0.045958 0.0476662 0.0491644 0.0504747 0.0516102 0.0525608 0.0533603 0.0539832 0.0544465 0.0547639 0.0549412 0.0549712 0.054868 0.0546252 0.0542458 0.0537591 0.0531375 0.0524254 0.0516148 0.0506969 0.049696 0.0485615 0.0473054 0.04588 0.0442295 0.0423361 0.0401423 0.0376724 0.0349407 0.0319777 0.0288609 0.0256551 0.0225017 0.0195484 0.01695 0.0148592 0.0133592 0.0125229 
