0 0 0 0 0 0 0 0 0 0 0 0 0 0 0 0 0 0 0 0 0 0 0 0 0 0 0 0 0 0 0 0 0 0 0 0 0 0 0 0 0 0 0 0 0 0 0 0 0 0 0 0 0 0 0 0 0 0 0 0 0 0 0 0 0 0 0 0 0 0 0 0 0 0 0 0 0 0 0 0 0 0 0 0 0 0 0 0 0 0 0 0 0 0 0 0 0 0 0 0 0 0 0 0 0 0 0 0 0 0 0 0 0 0 0 0 0 0 0 0 0 0 0 0 0 0 0 0 0 0 0 0 0 0 0 0 0 0 0 0 0 0 0 0 0 0 0 0 0 0 0 0 0 0 0 0 0 0 0 0 0 0 0 0 0 0 0 0 0 0 0 0 0 0 0 0 0 0 0 0 0 0 0 0 0 0 0 0 0 0 0 0 0 0 0 0 0 0 0 0 
0 1.90885e-05 4.57369e-05 7.23933e-05 0.000107638 0.000156431 0.000212822 0.000297286 0.000399395 0.000531152 0.000704093 0.00090042 0.00115279 0.00143689 0.00176108 0.00213502 0.00251471 0.00292436 0.00331053 0.00364954 0.00392859 0.00408334 0.0041207 0.00400914 0.00374401 0.00333819 0.00280639 0.00217111 0.00147984 0.000791774 0.000133273 -0.000402075 -0.000815032 -0.0010768 -0.00116269 -0.00112106 -0.000930541 -0.000639198 -0.000274187 0.000120921 0.000525633 0.000914124 0.0012749 0.001621 0.00191804 0.00218366 0.00240974 0.00263072 0.00282887 0.00302234 0.0032077 0.00336042 0.00352336 0.00369296 0.00385736 0.00400074 0.00415958 0.0042992 0.00444364 0.00459316 0.00473432 0.0048658 0.00499422 0.00512998 0.00525855 0.00538425 0.00549313 0.00562072 0.00573467 0.00584065 0.00594417 0.00605841 0.00615206 0.00624606 0.00634194 0.00643309 0.0065182 0.00659882 0.00667758 0.00675507 0.00683149 0.00689076 0.00695956 0.00702648 0.00708353 0.00712857 0.0071918 0.00723917 0.00727846 0.0073181 0.00736744 0.00739315 0.00742345 0.00745486 0.00748341 0.00749429 0.00751804 0.00753388 0.00754297 0.007545 0.00755844 0.00755478 0.00754971 0.00754444 0.00754211 0.00751946 0.00750607 0.00749052 0.00746788 0.00743178 0.00741278 0.00737969 0.00733811 0.00729625 0.00726593 0.00721117 0.00715953 0.00711139 0.00706076 0.00699218 0.00693384 0.0068703 0.0068024 0.00672822 0.00665302 0.00657603 0.00649898 0.00641157 0.00631769 0.00623904 0.00614515 0.00604109 0.00593998 0.00585428 0.00574298 0.0056319 0.00551786 0.00542042 0.00531108 0.00518702 0.00506127 0.00495676 0.00484542 0.00471811 0.00460424 0.00447625 0.00436059 0.00425352 0.00414913 0.00402242 0.00392097 0.00383002 0.00374934 0.00368544 0.00363513 0.00362067 0.00363122 0.00369694 0.0037849 0.00390705 0.00405443 0.00421351 0.00434594 0.00442634 0.00442426 0.00428405 0.0040369 0.00362596 0.00307055 0.00239262 0.00159484 0.000751652 -9.49064e-05 -0.000888832 -0.00158983 -0.0021528 -0.00258233 -0.00285091 -0.0029622 -0.00295148 -0.00279996 -0.00257691 -0.00228998 -0.00196844 -0.00166159 -0.0013547 -0.00108981 -0.000855648 -0.000655312 -0.000497268 -0.000363058 -0.000264662 -0.00018576 -0.000130607 -9.25667e-05 -6.59603e-05 -5.49649e-05 -4.617e-05 -4.76783e-05 -5.03154e-05 
0 4.57369e-05 8.27817e-05 0.000152989 0.000215264 0.000318256 0.000450931 0.000606021 0.000835408 0.00109293 0.00143082 0.00184559 0.0023201 0.0029092 0.00355826 0.00429002 0.00508584 0.00587793 0.00666325 0.00734917 0.00788151 0.00821713 0.00828245 0.00806666 0.00755342 0.00674655 0.00568506 0.00442502 0.00304989 0.00166043 0.000382745 -0.000698795 -0.00151366 -0.00200883 -0.0022116 -0.00211376 -0.00174152 -0.00116719 -0.000438825 0.00036983 0.00116779 0.0019344 0.00267531 0.00332853 0.00393706 0.00447957 0.00493429 0.00536543 0.00577114 0.00614575 0.00649036 0.00683669 0.00715741 0.00748782 0.00780303 0.00810434 0.00839464 0.00868478 0.0090004 0.0092762 0.00952708 0.00978819 0.0100868 0.0103321 0.0105693 0.0108034 0.0110495 0.0112865 0.0115038 0.0117029 0.0119148 0.0121352 0.0123129 0.012498 0.0126785 0.0128637 0.0130185 0.013185 0.013326 0.0134886 0.0136226 0.013752 0.0138716 0.0140132 0.0141113 0.0142125 0.0143212 0.0144241 0.0144909 0.0145777 0.0146621 0.0147221 0.0147732 0.0148405 0.0148884 0.0149178 0.0149568 0.0149928 0.0150055 0.0150159 0.015035 0.0150341 0.0150198 0.015015 0.0150036 0.0149678 0.0149354 0.0149114 0.0148605 0.0148006 0.0147538 0.014699 0.0146102 0.0145403 0.0144687 0.0143762 0.0142648 0.0141838 0.0140726 0.013955 0.0138283 0.0137186 0.0135757 0.0134448 0.0132879 0.0131482 0.0129928 0.0128331 0.0126456 0.012488 0.012313 0.0121202 0.0119235 0.0117289 0.0115324 0.0113317 0.0111171 0.0108774 0.0106799 0.0104637 0.0102283 0.00998149 0.009767 0.00953342 0.00929672 0.00905486 0.00883145 0.00861196 0.00837024 0.00815729 0.00795399 0.00777056 0.00761337 0.00748975 0.00737303 0.00734681 0.00740274 0.00750908 0.00770388 0.00794384 0.0082228 0.00853016 0.00880466 0.00895428 0.00893598 0.00867841 0.00813903 0.00732377 0.00621064 0.00483686 0.00326391 0.0015816 -0.000106237 -0.00169193 -0.00308152 -0.00422975 -0.0050753 -0.00561112 -0.00585644 -0.00580392 -0.00553395 -0.00508758 -0.00451221 -0.00390754 -0.00327625 -0.00268371 -0.00215627 -0.00167418 -0.00128777 -0.000958251 -0.000695255 -0.000504613 -0.000347058 -0.000247916 -0.00017496 -0.000125901 -0.000104845 -8.69872e-05 -8.91212e-05 -9.34599e-05 
0 7.23933e-05 0.000152989 0.000245359 0.000361507 0.000515804 0.000704433 0.00096291 0.00128647 0.00169454 0.00221609 0.00282785 0.00358228 0.0044497 0.0054348 0.00654988 0.00771115 0.00892809 0.0100901 0.011114 0.0119381 0.0124219 0.0125388 0.012222 0.0114546 0.0102645 0.00869985 0.00683524 0.00480409 0.00276925 0.000848922 -0.000743611 -0.00196022 -0.0027269 -0.0030025 -0.00286962 -0.00231707 -0.00145822 -0.000379482 0.000800293 0.0020035 0.00316498 0.00425397 0.0052758 0.00617574 0.00697514 0.00766492 0.00831942 0.00891672 0.00948726 0.0100256 0.0104981 0.0109777 0.0114679 0.0119425 0.012373 0.0128206 0.0132349 0.0136584 0.01408 0.0144783 0.0148584 0.0152359 0.0156148 0.0159758 0.0163266 0.0166488 0.0169981 0.0173171 0.0176149 0.0179091 0.0182194 0.0184848 0.0187471 0.0190102 0.0192635 0.0194985 0.0197229 0.0199389 0.0201539 0.020359 0.0205301 0.0207151 0.0208978 0.0210529 0.0211853 0.0213487 0.0214811 0.0215906 0.021702 0.0218275 0.0219059 0.0219879 0.0220727 0.0221468 0.0221854 0.0222449 0.0222885 0.022314 0.0223252 0.0223545 0.0223494 0.0223371 0.0223241 0.0223122 0.0222595 0.022221 0.0221781 0.0221156 0.0220268 0.0219674 0.0218799 0.0217695 0.02166 0.0215681 0.0214276 0.0212868 0.0211556 0.0210132 0.0208347 0.0206706 0.0204991 0.020312 0.0201114 0.0199044 0.0196949 0.0194796 0.0192418 0.0189879 0.018762 0.0185046 0.0182225 0.0179437 0.01769 0.017389 0.0170824 0.0167684 0.016478 0.0161702 0.0158305 0.0154828 0.0151696 0.0148494 0.014497 0.0141616 0.0138031 0.013471 0.0131561 0.0128405 0.0124931 0.0121963 0.0119313 0.0116993 0.011514 0.0113729 0.0113326 0.0113834 0.0115685 0.0118368 0.0121967 0.0126234 0.0130749 0.0134523 0.0136651 0.0136222 0.0131975 0.0124141 0.011172 0.00950027 0.00745526 0.00508387 0.00256711 4.42298e-05 -0.00232523 -0.00441506 -0.0061137 -0.00739771 -0.00821274 -0.00857118 -0.00854065 -0.00812702 -0.00747648 -0.00664168 -0.00571546 -0.00480448 -0.00391522 -0.0031313 -0.00244047 -0.00185548 -0.00138488 -0.000997502 -0.000708254 -0.000483638 -0.00032689 -0.000220422 -0.000150981 -0.000119266 -0.000101353 -0.000109622 -0.000123324 
0 0.000107638 0.000215264 0.000361507 0.000524712 0.000743405 0.00102273 0.00137101 0.00182971 0.00238482 0.00308201 0.00392509 0.00492005 0.00609763 0.00742367 0.00890236 0.0104823 0.0120881 0.0136442 0.0150169 0.016097 0.0167662 0.016927 0.0165258 0.0155369 0.0139823 0.0119277 0.0094868 0.00682347 0.00413784 0.00164426 -0.000463713 -0.00205841 -0.00305382 -0.00344594 -0.00326277 -0.00254886 -0.001424 -5.11307e-06 0.00156764 0.00315545 0.00469311 0.00615203 0.00748401 0.00869202 0.0097643 0.010695 0.0115535 0.0123518 0.0130941 0.0137845 0.0144382 0.0150681 0.0156979 0.0163034 0.0168769 0.0174356 0.0179849 0.0185468 0.0190729 0.0195614 0.0200503 0.020559 0.0210275 0.0214713 0.0219038 0.0223353 0.0227624 0.0231581 0.0235268 0.0239023 0.0242809 0.0246136 0.0249395 0.0252621 0.0255783 0.0258657 0.0261469 0.026409 0.0266789 0.0269226 0.027145 0.0273645 0.0275918 0.0277772 0.0279524 0.0281394 0.0283082 0.028441 0.0285838 0.0287253 0.0288324 0.0289291 0.0290348 0.0291192 0.0291776 0.0292429 0.0292992 0.0293289 0.0293503 0.0293771 0.0293779 0.0293622 0.0293502 0.0293281 0.0292753 0.0292239 0.0291738 0.0290942 0.0289982 0.0289153 0.0288146 0.0286794 0.028554 0.0284292 0.0282702 0.0280948 0.0279387 0.0277566 0.0275515 0.0273426 0.0271386 0.0269053 0.026666 0.026408 0.0261551 0.0258872 0.0255998 0.0252895 0.025001 0.0246901 0.0243501 0.0240049 0.0236655 0.0233096 0.0229396 0.0225516 0.0221535 0.0217748 0.0213708 0.0209418 0.0205153 0.0201063 0.0196748 0.0192366 0.0187922 0.0183683 0.0179529 0.0175233 0.0171074 0.0167247 0.0163819 0.0160874 0.0158483 0.0156667 0.0156224 0.0157226 0.0159554 0.0163252 0.0167976 0.0173445 0.0179198 0.0184048 0.0186578 0.0185625 0.0179942 0.0168951 0.0152287 0.0129924 0.0102515 0.00712085 0.00378257 0.00044004 -0.00270316 -0.00547422 -0.00775244 -0.0094571 -0.0105525 -0.011059 -0.011014 -0.0105117 -0.00966686 -0.00858285 -0.00740028 -0.00619462 -0.00504711 -0.00401528 -0.00310036 -0.0023405 -0.00171187 -0.00121153 -0.000836205 -0.000548413 -0.00035539 -0.000222975 -0.000143155 -0.00010776 -9.1144e-05 -0.000105234 -0.000126829 
0 0.000156431 0.000318256 0.000515804 0.000743405 0.00103277 0.00140225 0.00186168 0.00245044 0.00317395 0.00406511 0.0051437 0.00641337 0.00789914 0.00957791 0.011432 0.0134125 0.0154223 0.0173623 0.0190814 0.0204325 0.0212799 0.0214994 0.0210253 0.0198277 0.0179344 0.015428 0.0124499 0.00920028 0.00591824 0.00286832 0.000274275 -0.00169085 -0.0029289 -0.00342486 -0.00320336 -0.00234169 -0.000965433 0.000769723 0.00269883 0.0046656 0.00658038 0.00839489 0.0100593 0.0115645 0.0128944 0.0140651 0.0151289 0.0161163 0.0170314 0.0178775 0.0186731 0.0194366 0.0201916 0.0209184 0.0216112 0.0222756 0.0229297 0.0235812 0.0242034 0.0247899 0.0253648 0.0259422 0.0264899 0.0270126 0.0275149 0.0280113 0.0284956 0.0289532 0.0293828 0.0298114 0.0302324 0.03062 0.0309911 0.0313559 0.0317099 0.0320391 0.0323539 0.0326539 0.0329519 0.0332257 0.0334793 0.0337266 0.0339723 0.0341847 0.0343855 0.0345874 0.0347732 0.0349292 0.0350868 0.0352371 0.035362 0.0354727 0.0355853 0.0356779 0.0357505 0.0358198 0.0358803 0.0359172 0.0359455 0.0359696 0.0359743 0.0359619 0.0359484 0.0359209 0.0358712 0.0358159 0.0357572 0.0356728 0.0355754 0.0354792 0.0353673 0.0352273 0.0350899 0.0349462 0.0347761 0.0345893 0.0344103 0.0342098 0.0339877 0.0337574 0.0335264 0.0332716 0.0330032 0.0327204 0.0324356 0.0321345 0.0318116 0.0314736 0.0311407 0.0307883 0.0304076 0.0300218 0.0296336 0.0292285 0.0288012 0.0283627 0.0279166 0.0274724 0.0270014 0.0265114 0.0260239 0.0255436 0.0250441 0.0245281 0.0240122 0.0235123 0.0230227 0.0225217 0.0220334 0.0215777 0.021174 0.0208296 0.0205522 0.0203633 0.0203221 0.0204552 0.0207519 0.0212115 0.0217971 0.0224695 0.0231537 0.0237137 0.0239849 0.0238135 0.0230705 0.021665 0.0195621 0.0167613 0.0133389 0.00944774 0.00530133 0.00115417 -0.00274906 -0.00619551 -0.00903705 -0.0111713 -0.0125592 -0.013219 -0.0131995 -0.0126188 -0.0116042 -0.0103003 -0.00886175 -0.00739309 -0.00599792 -0.00473327 -0.00362472 -0.00269709 -0.00193437 -0.00133266 -0.000874885 -0.000535408 -0.000303703 -0.000150258 -6.34618e-05 -2.70164e-05 -2.27332e-05 -4.98854e-05 -9.264e-05 
0 0.000212822 0.000450931 0.000704433 0.00102273 0.00140225 0.00187198 0.00247043 0.0031939 0.00410614 0.00520847 0.00652413 0.00809571 0.00989014 0.0119338 0.0141797 0.0165506 0.0189799 0.0212961 0.0233569 0.0249894 0.0260096 0.0263051 0.0257754 0.0243918 0.0221901 0.0192702 0.0157931 0.0119982 0.00817325 0.00459224 0.0015503 -0.000767769 -0.00225419 -0.00284774 -0.00260962 -0.00162141 -1.82116e-05 0.00200908 0.00426199 0.00659387 0.00887372 0.0110167 0.0130151 0.0148005 0.0163788 0.0177847 0.0190481 0.0202025 0.0212738 0.0222696 0.0231787 0.0240629 0.0249196 0.0257464 0.0265252 0.0272829 0.0280178 0.028722 0.0294153 0.0300799 0.0307173 0.0313204 0.0319286 0.0325023 0.033053 0.0335767 0.0340956 0.0345876 0.0350572 0.0355091 0.035946 0.0363674 0.0367593 0.0371454 0.03751 0.0378649 0.0381879 0.0385127 0.0388114 0.0391034 0.0393663 0.0396312 0.0398701 0.0401027 0.0403104 0.0405177 0.0407014 0.040877 0.0410331 0.0411852 0.0413159 0.0414378 0.0415447 0.0416426 0.0417225 0.0417941 0.0418514 0.041897 0.0419285 0.0419509 0.0419575 0.0419539 0.0419374 0.0419099 0.0418662 0.0418154 0.0417491 0.0416717 0.0415783 0.0414803 0.0413616 0.0412351 0.0410914 0.0409446 0.0407722 0.0405965 0.0404007 0.0402036 0.0399766 0.0397494 0.0395012 0.039251 0.0389678 0.0386871 0.0383864 0.0380774 0.0377388 0.0374006 0.0370467 0.0366755 0.0362809 0.0358784 0.0354746 0.0350417 0.0345853 0.0341182 0.0336663 0.0331744 0.0326624 0.0321392 0.0316288 0.0310943 0.0305489 0.0299911 0.0294279 0.0288739 0.0283291 0.0277925 0.0272431 0.0267442 0.026304 0.025928 0.0256298 0.0254626 0.0254448 0.0256152 0.0260027 0.0265498 0.0272504 0.0280452 0.028822 0.0294307 0.0297003 0.0294337 0.0284834 0.0267693 0.0242097 0.0208406 0.0167528 0.0121113 0.00718459 0.00225733 -0.00238477 -0.00649797 -0.00988894 -0.0124594 -0.0141494 -0.0149665 -0.0150083 -0.0143633 -0.013212 -0.0117269 -0.0100493 -0.00835844 -0.00673219 -0.00525272 -0.00397402 -0.00288221 -0.00200378 -0.00130952 -0.000777632 -0.000401705 -0.000138318 2.13935e-05 0.000103969 0.000132794 0.000114363 7.07722e-05 1.71789e-06 
0 0.000297286 0.000606021 0.00096291 0.00137101 0.00186168 0.00247043 0.00319942 0.0041124 0.00521758 0.00653967 0.00813921 0.00998518 0.0121308 0.0145456 0.0171687 0.0199774 0.0227907 0.0254985 0.0279077 0.0297916 0.0310155 0.0313836 0.0308175 0.0292829 0.026808 0.0235048 0.0195808 0.0152911 0.0109398 0.00690638 0.00342176 0.000768064 -0.000934048 -0.00167174 -0.00142294 -0.000341258 0.00144711 0.00372294 0.00629406 0.00894747 0.0115552 0.0140378 0.0163046 0.0183675 0.0201922 0.0218204 0.0232518 0.0245714 0.0257656 0.0268532 0.027899 0.0288721 0.0297966 0.0306773 0.0315368 0.0323261 0.0331199 0.0338812 0.0345984 0.0352755 0.0359393 0.0365953 0.0372073 0.0377861 0.0383373 0.0388997 0.0394083 0.0399037 0.0403733 0.0408355 0.0412606 0.0416839 0.0420748 0.0424526 0.0428151 0.0431583 0.0434835 0.0437957 0.0440922 0.0443643 0.0446383 0.0448834 0.0451178 0.0453362 0.045555 0.0457354 0.0459211 0.0460882 0.0462475 0.0463763 0.0465172 0.0466294 0.0467356 0.0468209 0.0469134 0.0469728 0.0470334 0.0470756 0.047118 0.0471292 0.0471476 0.0471445 0.0471371 0.0471036 0.0470804 0.0470285 0.0469724 0.0468974 0.0468291 0.0467246 0.0466239 0.0465069 0.0463852 0.0462305 0.0460881 0.0459202 0.0457419 0.0455448 0.0453511 0.045126 0.0448975 0.0446545 0.0443964 0.0441224 0.0438397 0.0435388 0.0432208 0.0428983 0.0425433 0.0421902 0.0418166 0.0414265 0.0410007 0.0405965 0.0401574 0.0397009 0.0392123 0.0387329 0.0382407 0.0377235 0.0371745 0.0366307 0.0360913 0.0355065 0.0349429 0.0343703 0.0337948 0.0332138 0.032685 0.0321655 0.031711 0.0313398 0.0310542 0.0309158 0.0309527 0.031221 0.031678 0.0323526 0.0331693 0.0340662 0.0349241 0.0355778 0.0358158 0.0354258 0.0342832 0.032201 0.0291985 0.0252671 0.0205066 0.0151672 0.00948494 0.00380844 -0.00154643 -0.00629793 -0.0102516 -0.0132399 -0.0152351 -0.0162498 -0.0163335 -0.0156875 -0.0144249 -0.0127768 -0.0109337 -0.00901523 -0.0072034 -0.00553333 -0.00407812 -0.00286342 -0.0018632 -0.00109591 -0.000513808 -0.000102107 0.000166138 0.000326614 0.000395161 0.000401501 0.000358482 0.000284009 0.000183155 
0 0.000399395 0.000835408 0.00128647 0.00182971 0.00245044 0.0031939 0.0041124 0.0051967 0.00653272 0.00811459 0.00998469 0.0121796 0.0146627 0.0174642 0.0205011 0.0236959 0.0269327 0.0300089 0.0327499 0.0349197 0.0363196 0.0367837 0.0361957 0.0345235 0.0318025 0.0281751 0.0238462 0.0191147 0.0143293 0.00983354 0.00596248 0.00297394 0.00100997 0.000150796 0.000361185 0.00150362 0.00343466 0.0059167 0.00871659 0.0116665 0.0145826 0.0173422 0.0199079 0.0222071 0.0242393 0.0260566 0.0276572 0.0290922 0.0303971 0.0315884 0.0326797 0.0337051 0.0346691 0.0355892 0.0364608 0.0372892 0.0380854 0.0388184 0.0395385 0.0402459 0.0409051 0.0415036 0.0421074 0.0426856 0.0432336 0.0437477 0.0442316 0.044706 0.0451678 0.0455921 0.0459838 0.0463853 0.0467534 0.0471037 0.0474308 0.0477527 0.048047 0.0483423 0.0485985 0.0488528 0.0490987 0.0493284 0.0495219 0.0497318 0.0499244 0.0500875 0.0502422 0.050407 0.0505399 0.0506558 0.0507785 0.0508889 0.0509728 0.051055 0.0511379 0.0511962 0.051244 0.0512927 0.0513304 0.0513452 0.0513621 0.051373 0.0513643 0.0513435 0.0513289 0.0512959 0.0512425 0.051193 0.0511391 0.0510563 0.0509661 0.0508869 0.050779 0.0506517 0.0505306 0.0504055 0.0502395 0.0500802 0.0499144 0.0497311 0.049521 0.0493212 0.0490925 0.0488622 0.0486075 0.0483427 0.0480604 0.0477842 0.0474648 0.047137 0.0468046 0.0464566 0.0460836 0.0456956 0.045284 0.0448675 0.044452 0.043982 0.0434998 0.0430221 0.0425323 0.0420045 0.0414778 0.0409315 0.040382 0.0398264 0.039274 0.038738 0.0382075 0.0377148 0.0372936 0.0369554 0.0367293 0.0366828 0.0368053 0.0371498 0.0377441 0.038532 0.0394832 0.0405092 0.0414368 0.042101 0.0422923 0.0417709 0.0403822 0.0379881 0.034526 0.0300443 0.0246677 0.0186246 0.0122347 0.00584629 -0.000188058 -0.00555856 -0.0100314 -0.0134524 -0.0157636 -0.0169658 -0.0171693 -0.0165109 -0.0151825 -0.0134207 -0.011394 -0.00932148 -0.00732412 -0.00549114 -0.00391303 -0.00256833 -0.00149509 -0.000661771 -3.44234e-05 0.000386234 0.000668666 0.000811396 0.000857237 0.000836817 0.000747171 0.000635646 0.000484975 
0 0.000531152 0.00109293 0.00169454 0.00238482 0.00317395 0.00410614 0.00521758 0.00653272 0.0081107 0.00996706 0.0121499 0.0146716 0.0175319 0.0207269 0.0241726 0.0277942 0.0314282 0.0348831 0.0379533 0.040381 0.041971 0.042529 0.0419354 0.0401567 0.0372292 0.0333016 0.028615 0.0234832 0.0182766 0.0133873 0.00913931 0.00583069 0.00362531 0.00259282 0.00272613 0.0038756 0.00588285 0.00850504 0.0115105 0.0146896 0.0178516 0.0208642 0.0236444 0.0261511 0.0283779 0.0303591 0.0320831 0.0336144 0.0349774 0.0362063 0.0373506 0.0384012 0.0393622 0.0402644 0.0411263 0.0419287 0.0427031 0.0434153 0.0440907 0.0447411 0.0453566 0.0459306 0.0464794 0.046996 0.0474879 0.0479641 0.0483906 0.0488083 0.0492155 0.0495911 0.0499281 0.0502759 0.0505959 0.0508948 0.0511733 0.0514429 0.0516971 0.0519436 0.0521567 0.0523636 0.0525776 0.052762 0.0529192 0.0530907 0.0532571 0.0533807 0.0535086 0.0536445 0.0537558 0.053842 0.0539481 0.054038 0.0541072 0.0541718 0.0542473 0.0542937 0.0543365 0.0543795 0.0544185 0.0544311 0.0544545 0.0544701 0.0544718 0.0544596 0.0544633 0.0544435 0.0544105 0.054381 0.0543558 0.0542934 0.0542353 0.0541865 0.0541152 0.0540159 0.0539394 0.0538523 0.0537298 0.0536078 0.0534968 0.053357 0.0531976 0.0530451 0.0528772 0.0526971 0.0524991 0.052291 0.0520743 0.0518556 0.0515934 0.0513337 0.0510734 0.0507875 0.0504651 0.050156 0.0498263 0.0494749 0.0491008 0.0487083 0.0483135 0.0479061 0.0474614 0.0469956 0.0465402 0.0460596 0.0455804 0.045082 0.0445758 0.0440911 0.0436475 0.0432274 0.0428762 0.0426234 0.0424969 0.0425634 0.0428262 0.0433264 0.0440649 0.0450177 0.0461158 0.047254 0.0482572 0.0489388 0.0490705 0.0484097 0.0467895 0.0440412 0.0401396 0.0351287 0.0291524 0.0224818 0.0154332 0.00838667 0.00172082 -0.00423255 -0.00921646 -0.0130462 -0.0156665 -0.017081 -0.0173898 -0.016773 -0.0154125 -0.0135647 -0.0114319 -0.00921363 -0.00707665 -0.00510776 -0.00339889 -0.00196181 -0.000808677 7.22179e-05 0.000718715 0.00114576 0.00140569 0.00151996 0.00152562 0.00145599 0.00132162 0.00115609 0.000956167 
0 0.000704093 0.00143082 0.00221609 0.00308201 0.00406511 0.00520847 0.00653967 0.00811459 0.00996706 0.0121322 0.014656 0.0175363 0.0207947 0.0243938 0.0282557 0.0322946 0.036318 0.0401405 0.0435255 0.0462072 0.0479795 0.0486305 0.0480379 0.0461634 0.0430537 0.0388653 0.0338661 0.0283858 0.0228068 0.0175484 0.0129379 0.00929718 0.00681944 0.00557876 0.00558238 0.00667958 0.00869257 0.0113769 0.0145039 0.0178421 0.0211937 0.0244118 0.0273735 0.0300486 0.032423 0.0345211 0.0363372 0.037929 0.0393235 0.04056 0.0417005 0.0427224 0.0436442 0.0444953 0.0453074 0.0460524 0.0467538 0.0473935 0.0479947 0.0485759 0.0491147 0.0496125 0.0500726 0.0505172 0.0509354 0.0513338 0.051678 0.0520217 0.0523568 0.0526594 0.0529247 0.0531968 0.0534536 0.053684 0.0538976 0.0540984 0.0542983 0.0544798 0.054638 0.0547858 0.054951 0.0550797 0.0551924 0.0553136 0.0554391 0.0555199 0.0556115 0.055708 0.0557894 0.0558448 0.0559234 0.0559878 0.0560383 0.0560837 0.0561431 0.0561783 0.0562137 0.0562496 0.0562857 0.0563008 0.0563282 0.0563495 0.0563624 0.0563652 0.0563849 0.0563837 0.0563763 0.0563726 0.0563762 0.0563455 0.0563261 0.0563127 0.0562845 0.0562282 0.0562016 0.0561607 0.0560948 0.0560237 0.0559749 0.0558927 0.055799 0.0557059 0.0556137 0.0554993 0.0553739 0.0552377 0.0551046 0.0549603 0.0547797 0.0546008 0.0544282 0.0542326 0.0539964 0.053774 0.0535387 0.0532896 0.0530048 0.052711 0.0524122 0.0521082 0.0517632 0.0514026 0.051045 0.0506685 0.0502926 0.0498967 0.0494982 0.0491208 0.0487966 0.0484921 0.0482624 0.0481479 0.0481847 0.0484201 0.0488661 0.0495531 0.0504722 0.0516183 0.0528906 0.0541618 0.0552457 0.0559368 0.0559992 0.0551961 0.053346 0.0502716 0.0459629 0.0404646 0.0339433 0.0266961 0.0190486 0.0114064 0.00416574 -0.00231989 -0.0077747 -0.0119965 -0.014921 -0.0165585 -0.016999 -0.0164455 -0.0150839 -0.0131764 -0.0109604 -0.00862595 -0.00637233 -0.0042969 -0.00248577 -0.000980481 0.000226931 0.00113659 0.00178669 0.00220874 0.00243843 0.00251706 0.00247473 0.00234476 0.00215161 0.00191508 0.00164821 
0 0.00090042 0.00184559 0.00282785 0.00392509 0.0051437 0.00652413 0.00813921 0.00998469 0.0121499 0.014656 0.0175194 0.0208073 0.0244594 0.0284754 0.032777 0.0372045 0.0416326 0.045799 0.0494726 0.0524055 0.05433 0.0550705 0.0544803 0.0525187 0.0492383 0.0448261 0.0395354 0.0337309 0.027831 0.0221966 0.0172537 0.0132758 0.0104825 0.00900646 0.00880492 0.00977417 0.0117075 0.0143839 0.0175308 0.0209595 0.0244354 0.0277676 0.0308757 0.0336626 0.0361398 0.0383073 0.0401945 0.0417902 0.0431779 0.0444065 0.0454834 0.046447 0.0472961 0.0480719 0.0487723 0.0494481 0.0500439 0.050572 0.0510671 0.0515604 0.0520026 0.0523751 0.0527361 0.0530843 0.0534185 0.0536931 0.0539532 0.0541982 0.0544498 0.0546516 0.0548382 0.0550167 0.0551961 0.0553462 0.0554792 0.0556071 0.0557326 0.0558471 0.0559327 0.0560263 0.0561174 0.0561973 0.0562488 0.0563253 0.0563866 0.0564373 0.0564748 0.0565376 0.0565723 0.0566095 0.0566429 0.0566896 0.0567095 0.0567454 0.0567739 0.056808 0.0568256 0.0568628 0.0568848 0.0569139 0.0569351 0.0569712 0.0569869 0.0570175 0.0570418 0.0570721 0.0570834 0.0571186 0.0571391 0.0571587 0.0571698 0.0572056 0.0572114 0.057221 0.057233 0.0572554 0.057242 0.0572441 0.0572471 0.0572443 0.0572159 0.0572014 0.0571832 0.0571544 0.0571087 0.0570608 0.0570199 0.0569626 0.0568883 0.0568 0.0567305 0.0566349 0.0565289 0.0563955 0.0562765 0.0561421 0.0559989 0.0558116 0.0556304 0.0554566 0.0552569 0.0550213 0.0547824 0.0545662 0.0543153 0.0540596 0.0538068 0.0535987 0.0534074 0.053283 0.0532325 0.0532974 0.0535523 0.0540138 0.0546964 0.0556037 0.0567794 0.0581339 0.059609 0.0610384 0.0622065 0.0629127 0.0629164 0.0619858 0.0598957 0.0565449 0.0518455 0.0459064 0.0389237 0.0311532 0.0230002 0.0148407 0.00709471 0.000135397 -0.00573357 -0.010324 -0.0135341 -0.0153733 -0.0159784 -0.0154822 -0.0141548 -0.0122305 -0.00993706 -0.0075457 -0.0051843 -0.00302255 -0.0011431 0.000440678 0.00167332 0.0026075 0.00325529 0.0036436 0.00384139 0.00385809 0.00375245 0.00355565 0.00328172 0.00297526 0.00262953 
0 0.00115279 0.0023201 0.00358228 0.00492005 0.00641337 0.00809571 0.00998518 0.0121796 0.0146716 0.0175363 0.0208073 0.0244696 0.0285605 0.0329943 0.0377053 0.0425565 0.0473355 0.0518382 0.0557825 0.0589152 0.0609829 0.0617867 0.0611857 0.0591336 0.0557108 0.0510664 0.0455218 0.039426 0.0331814 0.0272329 0.0219261 0.0175958 0.0144826 0.012688 0.0122173 0.0129742 0.0147381 0.0172891 0.0204099 0.0238222 0.02733 0.030743 0.0338966 0.0367524 0.0392957 0.0415068 0.0433945 0.0449917 0.0463312 0.0474797 0.0484952 0.0493737 0.0501172 0.0507634 0.0513627 0.0518977 0.0523684 0.0527969 0.053174 0.053508 0.0538206 0.0541122 0.0543506 0.0545692 0.0547731 0.0549601 0.0551142 0.0552537 0.0553845 0.0555015 0.0555959 0.0556771 0.0557632 0.0558291 0.0558815 0.0559256 0.0559785 0.0560085 0.0560356 0.0560555 0.056084 0.0560936 0.056105 0.0561117 0.0561264 0.0561261 0.0561306 0.0561347 0.0561431 0.056142 0.056149 0.0561567 0.0561657 0.0561731 0.0561881 0.0562029 0.0562207 0.0562414 0.0562664 0.0562925 0.0563247 0.0563582 0.0563948 0.0564356 0.0564823 0.056526 0.0565763 0.0566309 0.0566879 0.0567399 0.0568036 0.0568662 0.0569292 0.0569873 0.0570595 0.0571235 0.0571886 0.0572474 0.0573212 0.0573822 0.0574423 0.0574959 0.0575661 0.0576174 0.0576636 0.0577108 0.0577685 0.0578022 0.05783 0.057865 0.0579009 0.0579163 0.0579139 0.0579249 0.057941 0.0579314 0.0578858 0.0578655 0.057851 0.0578079 0.057736 0.0576695 0.0576008 0.0575349 0.0574679 0.0573818 0.0573022 0.0572686 0.0573048 0.0573886 0.0575529 0.0578704 0.0583802 0.0591057 0.0600798 0.0612933 0.0627204 0.0643514 0.0660479 0.0676257 0.0689113 0.0696462 0.0695969 0.0685462 0.0662691 0.0626266 0.0576138 0.0513045 0.0439061 0.0357454 0.0271562 0.0185744 0.0104155 0.00305328 -0.00317849 -0.00807964 -0.0115426 -0.0135909 -0.0143181 -0.0139251 -0.0126367 -0.0106965 -0.00839299 -0.00591545 -0.0034912 -0.00125767 0.000710432 0.00231904 0.00360051 0.00453558 0.00515768 0.00553057 0.00565712 0.00562149 0.00544209 0.00515382 0.00481185 0.00440388 0.00397839 
0 0.00143689 0.0029092 0.0044497 0.00609763 0.00789914 0.00989014 0.0121308 0.0146627 0.0175319 0.0207947 0.0244594 0.0285605 0.0330696 0.0379277 0.0430581 0.0482715 0.0533999 0.0581887 0.0623586 0.0656705 0.0678373 0.0686743 0.0680414 0.065886 0.0622936 0.0574515 0.0516529 0.0452784 0.0387461 0.0324451 0.0267904 0.0220809 0.0185745 0.0164211 0.0156076 0.0160624 0.0175659 0.0199206 0.0228711 0.0261923 0.0296632 0.0330566 0.0362403 0.0391189 0.0416683 0.0438641 0.0457482 0.0472904 0.0485719 0.0496561 0.0505465 0.0512952 0.0519161 0.052442 0.0528886 0.0533024 0.0536253 0.053899 0.0541344 0.0543591 0.0545503 0.0546843 0.0547939 0.0549068 0.0550098 0.0550574 0.0551091 0.055142 0.0551772 0.0551864 0.0551931 0.0551758 0.0551768 0.0551562 0.0551267 0.0550959 0.0550688 0.0550266 0.0549859 0.0549489 0.0548997 0.054859 0.0548154 0.0547731 0.0547237 0.054694 0.054649 0.0546156 0.0545803 0.0545614 0.0545265 0.0545142 0.0544959 0.0544932 0.0544803 0.0544922 0.0544946 0.0545157 0.054529 0.0545666 0.0545943 0.0546414 0.0546825 0.0547477 0.0548003 0.0548736 0.0549439 0.0550333 0.0551083 0.0552091 0.0553046 0.0554107 0.0555102 0.0556342 0.0557446 0.0558666 0.0559901 0.0561221 0.0562458 0.0563845 0.056518 0.0566497 0.0567934 0.0569341 0.0570675 0.0572045 0.0573574 0.0574877 0.0576296 0.0577612 0.0579046 0.058039 0.0581817 0.0582901 0.058427 0.0585642 0.0586882 0.0587909 0.0589071 0.0590287 0.059143 0.0592432 0.0593334 0.0594615 0.0595682 0.0596853 0.0598302 0.0600297 0.060268 0.0606076 0.0610463 0.0616427 0.0624735 0.0635227 0.0648165 0.066341 0.0680971 0.0700012 0.0719481 0.073721 0.0751097 0.0758789 0.07579 0.0746345 0.0721786 0.0683361 0.0630512 0.0564467 0.0487515 0.0402533 0.0313513 0.0224489 0.0139681 0.00630421 -0.000209735 -0.00537342 -0.00905235 -0.0112704 -0.0121415 -0.0118167 -0.010574 -0.00863779 -0.00628446 -0.00376962 -0.00126628 0.00103513 0.00305177 0.0047208 0.00601346 0.00695796 0.00756806 0.00789402 0.00798141 0.00787111 0.0076145 0.00724635 0.0068007 0.00630634 0.00577845 
0 0.00176108 0.00355826 0.0054348 0.00742367 0.00957791 0.0119338 0.0145456 0.0174642 0.0207269 0.0243938 0.0284754 0.0329943 0.0379277 0.0431975 0.0487149 0.0542855 0.0597185 0.0647551 0.069108 0.0725348 0.0747518 0.0755778 0.0748751 0.0725958 0.068836 0.0637792 0.0577354 0.0510846 0.0442417 0.0376096 0.0315889 0.0264885 0.0225735 0.0199974 0.0187646 0.0188254 0.0199737 0.0220257 0.0247444 0.0278837 0.0312268 0.0345376 0.0376664 0.0405139 0.0430431 0.0452137 0.0470514 0.0485355 0.0497317 0.0507097 0.0514854 0.0521174 0.0526069 0.0529885 0.0532901 0.0535483 0.0537305 0.0538817 0.0539866 0.0540523 0.0541054 0.0541309 0.0541318 0.0541153 0.0540898 0.0540349 0.053995 0.0539254 0.0538495 0.0537702 0.0536943 0.0535931 0.0535053 0.0534079 0.0533059 0.0532095 0.0531084 0.053 0.0529041 0.0528126 0.0527001 0.0526097 0.0525253 0.052434 0.0523374 0.0522739 0.0521957 0.0521232 0.0520588 0.0520157 0.051956 0.0519188 0.0518853 0.0518662 0.0518404 0.0518407 0.0518384 0.0518529 0.051866 0.0519036 0.0519367 0.0519884 0.0520416 0.0521179 0.0521857 0.0522761 0.0523712 0.0524811 0.0525822 0.0527156 0.052846 0.0529817 0.0531222 0.0532938 0.0534456 0.0536108 0.0537929 0.0539827 0.0541563 0.0543578 0.0545628 0.0547625 0.0549718 0.0551919 0.0554073 0.0556315 0.0558658 0.056086 0.0563279 0.0565704 0.0568108 0.0570476 0.0573089 0.0575518 0.0578151 0.0580695 0.0583235 0.0585861 0.0588662 0.0591287 0.059397 0.0596749 0.0599523 0.0602649 0.0605741 0.0608974 0.0612581 0.0616936 0.0621935 0.0628128 0.0635487 0.0644665 0.0656285 0.0670293 0.0686913 0.0705854 0.0726826 0.0748938 0.0770918 0.0790487 0.0805632 0.0813822 0.0812718 0.0800301 0.0774325 0.0734036 0.0679152 0.0610973 0.0531872 0.0444861 0.0353751 0.026265 0.0175736 0.00969718 0.00298324 -0.00236241 -0.00619779 -0.00854345 -0.00950935 -0.0092518 -0.00804111 -0.00610478 -0.00372344 -0.00114866 0.00142551 0.00380684 0.00590065 0.00762774 0.0089633 0.00992268 0.0105229 0.0108181 0.0108511 0.0106741 0.0103375 0.00988085 0.00934416 0.00875312 0.00812947 
0 0.00213502 0.00429002 0.00654988 0.00890236 0.011432 0.0141797 0.0171687 0.0205011 0.0241726 0.0282557 0.032777 0.0377053 0.0430581 0.0487149 0.0545735 0.0604624 0.0661337 0.0713584 0.0758371 0.0793156 0.0815325 0.0822973 0.0814811 0.0790418 0.075098 0.0698126 0.0635316 0.0566202 0.0494666 0.0425163 0.0361074 0.030588 0.0262242 0.0231648 0.0214539 0.0210442 0.0217644 0.0234172 0.025819 0.0286867 0.0318235 0.0350048 0.0380351 0.0408242 0.0432963 0.0454205 0.0471815 0.0486114 0.0497312 0.0506025 0.0512637 0.0517623 0.0521217 0.0523629 0.0525455 0.0526487 0.052696 0.0527158 0.0527052 0.0526417 0.0525729 0.0524939 0.0523877 0.052272 0.052137 0.0520027 0.0518689 0.0517229 0.0515534 0.0514077 0.0512547 0.0510921 0.0509287 0.0507707 0.0506107 0.0504609 0.0503013 0.0501381 0.0500022 0.0498616 0.0497063 0.0495697 0.0494589 0.0493232 0.0491989 0.0490985 0.0490037 0.0488947 0.0488156 0.0487441 0.0486764 0.0486124 0.0485743 0.0485352 0.0485101 0.048493 0.0484947 0.0484981 0.0485203 0.048549 0.0485948 0.0486442 0.0487148 0.0487905 0.0488802 0.0489771 0.0490984 0.0492161 0.0493489 0.0494985 0.0496637 0.0498164 0.0499995 0.0501984 0.0503924 0.0505866 0.0508224 0.0510514 0.0512738 0.0515202 0.0517882 0.0520408 0.0523063 0.0525902 0.0528751 0.0531701 0.0534701 0.0537738 0.0540921 0.0544276 0.0547467 0.0550865 0.0554384 0.055797 0.0561591 0.0565354 0.0569078 0.0573087 0.0577199 0.0581195 0.0585458 0.0589944 0.0594492 0.0599212 0.060438 0.0609744 0.0615719 0.0622436 0.0630177 0.0639165 0.064972 0.0662478 0.0677648 0.069544 0.0715827 0.0738601 0.0762954 0.0788304 0.0812799 0.0834202 0.0850583 0.085915 0.0857841 0.0844627 0.0817673 0.077599 0.0719898 0.0650481 0.0570109 0.0482209 0.0390035 0.0298039 0.0210203 0.0130403 0.00621993 0.000771298 -0.00316378 -0.005599 -0.00661536 -0.00640429 -0.00518948 -0.00321941 -0.000792277 0.00188204 0.00454171 0.00702479 0.00922107 0.0110128 0.0124199 0.0134099 0.0140204 0.0143165 0.0143085 0.0140912 0.0136898 0.0131507 0.0125371 0.0118443 0.011128 
0 0.00251471 0.00508584 0.00771115 0.0104823 0.0134125 0.0165506 0.0199774 0.0236959 0.0277942 0.0322946 0.0372045 0.0425565 0.0482715 0.0542855 0.0604624 0.0665934 0.0724659 0.0778067 0.0823403 0.085803 0.0879555 0.0885924 0.0876161 0.0849977 0.0808185 0.0753278 0.0687903 0.0616059 0.0541811 0.0468762 0.0401027 0.0341609 0.029316 0.0257433 0.0235056 0.0225499 0.0227578 0.0239705 0.0259429 0.0284892 0.0313616 0.0343299 0.0372322 0.0399337 0.0423328 0.0443855 0.0461074 0.0474609 0.0485168 0.0493163 0.0498753 0.0502528 0.0505058 0.0506526 0.0506967 0.0506924 0.0506319 0.0505389 0.0504087 0.0502684 0.0501083 0.0499215 0.0497311 0.0495439 0.0493426 0.049121 0.0489246 0.0487141 0.0484965 0.0482796 0.0480804 0.0478677 0.0476596 0.0474495 0.0472539 0.0470651 0.0468647 0.0466687 0.0464994 0.0463321 0.0461432 0.0459856 0.0458446 0.0456952 0.0455424 0.0454295 0.0453117 0.0451973 0.0450943 0.0450188 0.044935 0.0448704 0.0448145 0.0447789 0.0447429 0.0447293 0.0447199 0.0447324 0.0447481 0.0447848 0.0448257 0.0448897 0.0449576 0.0450464 0.0451378 0.0452546 0.0453767 0.0455145 0.0456558 0.0458299 0.0460015 0.0461828 0.046381 0.0466093 0.0468191 0.0470491 0.0473075 0.0475735 0.047823 0.0481096 0.048414 0.0487107 0.0490138 0.0493453 0.0496858 0.0500261 0.0503791 0.0507437 0.051135 0.0515197 0.0519112 0.0523265 0.0527743 0.0531981 0.0536419 0.05412 0.0546181 0.0551082 0.0556166 0.0561588 0.0567246 0.0573085 0.05791 0.0585611 0.0592369 0.0599811 0.060805 0.0617139 0.0627299 0.063927 0.0653172 0.0669238 0.0688185 0.0709771 0.0733971 0.076045 0.0788516 0.0816701 0.0843557 0.0866877 0.0884056 0.0893106 0.0891614 0.0877694 0.0849842 0.0807428 0.0750496 0.0680596 0.0600207 0.051206 0.0420267 0.0328445 0.0240674 0.0161072 0.00926544 0.00380132 -0.00015966 -0.00261123 -0.00364471 -0.00341638 -0.00216864 -0.000149404 0.00238722 0.00515128 0.00795409 0.0105811 0.0128938 0.014839 0.0163288 0.0174057 0.0180795 0.0183773 0.0183951 0.0181404 0.0177003 0.0171221 0.0164207 0.0156758 0.01487 
0 0.00292436 0.00587793 0.00892809 0.0120881 0.0154223 0.0189799 0.0227907 0.0269327 0.0314282 0.036318 0.0416326 0.0473355 0.0533999 0.0597185 0.0661337 0.0724659 0.0784546 0.0838453 0.0883668 0.0917426 0.0937539 0.0942196 0.09303 0.0901836 0.0857908 0.0800485 0.0732807 0.0658462 0.0581179 0.050511 0.0433576 0.036991 0.031672 0.0275637 0.0247482 0.0232081 0.0228601 0.0235297 0.0250659 0.0272186 0.0297634 0.0325064 0.0352356 0.0378187 0.0401485 0.042169 0.0438204 0.045157 0.0461728 0.0468973 0.0473967 0.0477127 0.0478891 0.0479422 0.0479246 0.0478113 0.04767 0.047512 0.0473383 0.0471018 0.0468533 0.0466332 0.0464108 0.0461605 0.0458833 0.045643 0.0454057 0.0451671 0.044895 0.0446563 0.0444213 0.0441956 0.0439463 0.043717 0.0434992 0.0432919 0.0430689 0.042857 0.0426726 0.0424853 0.0422926 0.0421144 0.0419675 0.0418033 0.0416542 0.0415183 0.041407 0.0412793 0.041182 0.0410882 0.041018 0.0409388 0.0408924 0.0408435 0.0408227 0.0407951 0.0407991 0.0408011 0.0408326 0.040857 0.040914 0.0409696 0.0410543 0.0411321 0.0412432 0.0413538 0.0414927 0.0416233 0.041789 0.0419572 0.0421472 0.0423297 0.0425535 0.0427777 0.0430126 0.0432517 0.0435331 0.0438064 0.044086 0.0443869 0.0447166 0.0450385 0.0453666 0.045725 0.0460979 0.0464771 0.0468524 0.0472629 0.0476864 0.04813 0.0485565 0.0490213 0.0495045 0.0500217 0.0505213 0.0510456 0.0516028 0.0522067 0.0528082 0.0534169 0.0540803 0.0547891 0.0555299 0.056292 0.057143 0.0580552 0.0590634 0.0601838 0.0614718 0.0629317 0.0646272 0.0665904 0.0688135 0.0713427 0.0741429 0.0771571 0.08027 0.0833744 0.0862521 0.0887098 0.0905219 0.0914318 0.0912519 0.0897933 0.0869423 0.0826336 0.076937 0.0699772 0.0619915 0.0533024 0.044229 0.0351776 0.026533 0.0186669 0.0119149 0.00651818 0.00260043 0.000189996 -0.000790081 -0.000519534 0.000813736 0.00294114 0.0055967 0.00854392 0.0115139 0.0143352 0.016854 0.018957 0.0206289 0.0218334 0.0226082 0.0230061 0.0230541 0.0228432 0.0224084 0.0218044 0.0210966 0.0202906 0.0194437 
0 0.00331053 0.00666325 0.0100901 0.0136442 0.0173623 0.0212961 0.0254985 0.0300089 0.0348831 0.0401405 0.045799 0.0518382 0.0581887 0.0647551 0.0713584 0.0778067 0.0838453 0.089209 0.0936392 0.0968601 0.0986831 0.0989142 0.0974778 0.0943886 0.0897357 0.0837726 0.0767716 0.0690989 0.0611286 0.0532172 0.0457195 0.0389441 0.0331419 0.0284886 0.0250965 0.0229445 0.0220029 0.0221287 0.0231464 0.0248728 0.0270651 0.0295422 0.0320992 0.0345835 0.036849 0.0388229 0.0404659 0.0417927 0.0428149 0.0435431 0.0440284 0.044292 0.0444323 0.0444638 0.044399 0.0442529 0.044077 0.0438664 0.0436386 0.0434005 0.0431364 0.0428765 0.0426132 0.0423544 0.0420799 0.0418196 0.0415545 0.0413059 0.0410407 0.0407843 0.0405408 0.0403074 0.0400576 0.0398195 0.0396026 0.0393845 0.0391647 0.0389529 0.0387644 0.0385733 0.03839 0.0382103 0.0380592 0.0379027 0.037759 0.0376217 0.0375124 0.037395 0.0372978 0.037208 0.0371419 0.0370703 0.0370236 0.0369822 0.0369627 0.0369419 0.0369462 0.0369547 0.0369859 0.0370169 0.0370727 0.037134 0.0372178 0.0373002 0.03741 0.0375263 0.037662 0.0377968 0.0379641 0.0381348 0.0383213 0.0385122 0.0387379 0.0389604 0.0391995 0.0394492 0.0397298 0.0400049 0.0402986 0.0406052 0.0409391 0.0412711 0.0416153 0.0419795 0.0423699 0.0427573 0.0431521 0.0435835 0.0440285 0.0444749 0.0449341 0.0454366 0.0459454 0.0464717 0.0470047 0.0475893 0.0481991 0.0488252 0.0494595 0.0501588 0.0509007 0.0516777 0.0524995 0.0533691 0.0543274 0.0553967 0.0565833 0.0578804 0.0593727 0.0610845 0.0630743 0.0653431 0.0679051 0.0707648 0.0738898 0.077214 0.0806117 0.0839298 0.0869601 0.0895184 0.0913383 0.0922262 0.0919823 0.0904402 0.0875321 0.0832095 0.0775404 0.0706707 0.0628339 0.0543123 0.0454655 0.0366387 0.0282128 0.0205617 0.0139708 0.00871697 0.00491007 0.00259557 0.00171322 0.00209531 0.00356044 0.00584313 0.00869577 0.0118513 0.0150657 0.0181415 0.0209081 0.0232719 0.0251674 0.0265864 0.027549 0.0280918 0.0282761 0.0281547 0.0277913 0.0272406 0.0265494 0.0257613 0.0249032 
0 0.00364954 0.00734917 0.011114 0.0150169 0.0190814 0.0233569 0.0279077 0.0327499 0.0379533 0.0435255 0.0494726 0.0557825 0.0623586 0.069108 0.0758371 0.0823403 0.0883668 0.0936392 0.0979152 0.100923 0.102492 0.102444 0.100726 0.0973759 0.092475 0.0863006 0.0790948 0.0712133 0.0630257 0.0548488 0.0470503 0.0399086 0.0336695 0.0285059 0.0245386 0.021776 0.0202208 0.0197769 0.0202724 0.0215605 0.0233872 0.0255871 0.0279588 0.0303321 0.0325626 0.0345372 0.0362179 0.0375881 0.0386595 0.0394265 0.0399509 0.0402486 0.0404123 0.040464 0.0403953 0.040253 0.0400765 0.0398805 0.0396604 0.0394235 0.0391488 0.0389012 0.0386594 0.0384036 0.0381338 0.0378789 0.0376299 0.0373901 0.0371409 0.0368848 0.0366576 0.036433 0.0361975 0.0359684 0.0357657 0.0355527 0.0353506 0.035155 0.0349718 0.034792 0.0346288 0.0344622 0.0343146 0.034178 0.0340477 0.0339217 0.0338195 0.0337215 0.0336307 0.0335547 0.0334943 0.0334375 0.0333954 0.0333669 0.033348 0.03334 0.0333466 0.0333629 0.0333921 0.0334342 0.0334867 0.0335522 0.0336328 0.0337216 0.0338239 0.0339431 0.0340719 0.0342089 0.0343683 0.0345381 0.0347144 0.034908 0.0351241 0.0353399 0.0355725 0.0358251 0.0360912 0.0363602 0.0366549 0.0369576 0.0372792 0.0376108 0.0379569 0.038313 0.0387039 0.0390898 0.0394861 0.0399144 0.0403684 0.0408122 0.0412803 0.0417798 0.0423004 0.0428404 0.0433877 0.0439682 0.044597 0.0452556 0.045915 0.0466377 0.047407 0.0482325 0.0491119 0.0500589 0.0510921 0.052265 0.0535689 0.0550216 0.0567024 0.0586324 0.0608657 0.0633933 0.0662355 0.0693789 0.0727964 0.0763755 0.0799873 0.0834447 0.0865492 0.0891297 0.090914 0.0917349 0.0913901 0.0897471 0.0867613 0.0824261 0.0768129 0.0700795 0.0624531 0.0541803 0.0456312 0.0371052 0.0289782 0.0216097 0.0152623 0.0102237 0.00659698 0.0044446 0.00371135 0.00425294 0.00589273 0.00837518 0.0114695 0.0148906 0.0184114 0.0218121 0.0249104 0.0276139 0.0298238 0.0315437 0.0327785 0.033558 0.0339583 0.0340137 0.0338032 0.0333803 0.0327843 0.0320768 0.0312711 
