0 0 0 0 0 0 0 0 0 0 0 0 0 0 0 0 0 0 0 0 0 0 0 0 0 0 0 0 0 0 0 0 0 0 0 0 0 0 0 0 0 0 0 0 0 0 0 0 0 0 0 0 0 0 0 0 0 0 0 0 0 0 0 0 0 0 0 0 0 0 0 0 0 0 0 0 0 0 0 0 0 0 0 0 0 0 0 0 0 0 0 0 0 0 0 0 0 0 0 0 0 0 0 0 0 0 0 0 0 0 0 0 0 0 0 0 0 0 0 0 0 0 0 0 0 0 0 0 0 0 0 0 0 0 0 0 0 0 0 0 0 0 0 0 0 0 0 0 0 0 0 0 0 0 0 0 0 0 0 0 0 0 0 0 0 0 0 0 0 0 0 0 0 0 0 0 0 0 0 0 0 0 0 0 0 0 0 0 0 0 0 0 0 0 0 0 0 0 0 0 
0 0.00120818 0.00240417 0.00354401 0.004634 0.00561755 0.00647972 0.00719796 0.0077329 0.00810064 0.00827654 0.00828615 0.00814728 0.00788469 0.00755307 0.00718713 0.00685379 0.00658307 0.00641802 0.00636373 0.00641455 0.00657327 0.00679454 0.00708284 0.00738574 0.00767248 0.00792795 0.00811075 0.00823973 0.00830609 0.00830969 0.00825411 0.0081475 0.00798802 0.0078031 0.00759435 0.00734003 0.00707747 0.00678051 0.00647483 0.00617097 0.00583898 0.00549602 0.00514824 0.00479551 0.0044398 0.00408813 0.00372203 0.00336735 0.00302181 0.00267161 0.00232151 0.00197988 0.00165836 0.00133666 0.00102198 0.000714009 0.000412971 0.000125355 -0.000145766 -0.000422221 -0.000686886 -0.000927738 -0.00117877 -0.00142433 -0.00164129 -0.0018497 -0.0020707 -0.00228132 -0.0024718 -0.00264796 -0.00283135 -0.0030161 -0.0031757 -0.00332458 -0.00348328 -0.00363259 -0.00376165 -0.00389472 -0.00402278 -0.00413816 -0.0042477 -0.00435614 -0.00445388 -0.00454664 -0.00463184 -0.00471333 -0.00478942 -0.00485622 -0.00491669 -0.00497819 -0.00502863 -0.00506928 -0.00511302 -0.00515009 -0.00517261 -0.00519677 -0.00522042 -0.00522751 -0.0052318 -0.00523975 -0.00523413 -0.00521885 -0.00520934 -0.00519078 -0.00515867 -0.00512919 -0.00509667 -0.00504956 -0.00499993 -0.00495046 -0.00488899 -0.00482128 -0.00475124 -0.00467476 -0.00458993 -0.00450028 -0.00440333 -0.0043045 -0.00419403 -0.00407586 -0.00395878 -0.00383469 -0.00368932 -0.00354969 -0.00341242 -0.00325259 -0.00307912 -0.00291518 -0.00274689 -0.0025606 -0.00235938 -0.00215639 -0.0019614 -0.00174614 -0.00151036 -0.0012804 -0.00104723 -0.000785648 -0.000527461 -0.000269819 1.18492e-05 0.000307039 0.000603658 0.000904452 0.00121761 0.0015417 0.00188091 0.00222224 0.00257126 0.00292311 0.00329219 0.00366261 0.00402419 0.00440475 0.0047884 0.00516559 0.00554029 0.00591136 0.00627105 0.0066476 0.00700502 0.00734386 0.0076883 0.00801067 0.0083362 0.00864993 0.00894889 0.00924815 0.00955922 0.00987438 0.0101999 0.0105354 0.010864 0.0112107 0.0115351 0.0118249 0.0120472 0.0121563 0.012145 0.0119747 0.0116462 0.0111433 0.0104851 0.00969561 0.00881492 0.00790869 0.00700349 0.00617069 0.00542042 0.00478205 0.004279 0.00388145 0.00361599 0.00343076 0.00331101 0.0032363 0.00314637 0.00305437 0.00291058 
0 0.00240417 0.00476143 0.00704497 0.0091875 0.0111356 0.0128437 0.0142387 0.0153026 0.0160071 0.0163425 0.0163532 0.0160531 0.0155208 0.014841 0.0140927 0.0134052 0.0128505 0.0124905 0.0123675 0.0124555 0.0127377 0.0131872 0.0137247 0.0143176 0.0148896 0.0153631 0.0157519 0.0159981 0.016134 0.0161599 0.0160443 0.0158361 0.0155256 0.0151611 0.0147383 0.0142693 0.0137402 0.0131684 0.0125878 0.011966 0.0113327 0.0106638 0.00998921 0.00930849 0.00864281 0.00794274 0.00723528 0.00656181 0.00586985 0.00521312 0.0045479 0.00389024 0.00324997 0.00264762 0.00202049 0.00142514 0.000870254 0.000313698 -0.00022763 -0.000765854 -0.00125889 -0.00174684 -0.00220767 -0.00267377 -0.00310352 -0.00354102 -0.00393371 -0.00431881 -0.00470083 -0.00506811 -0.00540843 -0.00574108 -0.00606009 -0.00635588 -0.00666509 -0.00693468 -0.00719537 -0.00744535 -0.00770308 -0.00791182 -0.00813474 -0.00833242 -0.00853331 -0.00870018 -0.00887552 -0.00902217 -0.00917907 -0.00929841 -0.00942451 -0.00953402 -0.00963946 -0.00971111 -0.009802 -0.00986644 -0.00991712 -0.00995762 -0.010008 -0.0100169 -0.0100309 -0.0100398 -0.0100344 -0.0100003 -0.00998646 -0.00994452 -0.00988931 -0.00982562 -0.00976866 -0.00967117 -0.00958283 -0.00947854 -0.00936861 -0.00922869 -0.00910267 -0.008945 -0.00879218 -0.00860726 -0.00843104 -0.00822892 -0.00802981 -0.00778891 -0.00756974 -0.00732031 -0.00706063 -0.00677912 -0.00650751 -0.00619335 -0.00588766 -0.00556885 -0.00521696 -0.0048513 -0.00449515 -0.00411949 -0.00370318 -0.00328536 -0.00284565 -0.00241685 -0.00194308 -0.00146018 -0.000946625 -0.000436888 0.000103816 0.000644547 0.00123316 0.00182549 0.00241785 0.00306158 0.00371158 0.00435845 0.00502073 0.00572934 0.00642216 0.00715059 0.00785831 0.00857487 0.00931401 0.0100511 0.0107778 0.0114924 0.0122235 0.0129293 0.013634 0.0143016 0.0149585 0.0156073 0.016252 0.016873 0.0174655 0.018074 0.0186682 0.0193104 0.0199614 0.020618 0.0213123 0.0219913 0.0226593 0.0232529 0.0236929 0.0239361 0.0239232 0.0236043 0.0229736 0.0220024 0.0207109 0.019175 0.0174459 0.015657 0.0138973 0.0122412 0.0107866 0.00954235 0.00855238 0.0078158 0.00728869 0.00695961 0.00674684 0.00659652 0.00646303 0.00626968 0.00600968 
0 0.00354401 0.00704497 0.0103943 0.0135677 0.0164367 0.0189383 0.0209999 0.022533 0.0235495 0.0240079 0.0239672 0.0234814 0.0226363 0.021577 0.0204234 0.0193563 0.01848 0.0179082 0.0176692 0.0177501 0.0181435 0.0187486 0.019539 0.0203906 0.0212087 0.0219315 0.0224716 0.0228474 0.0230472 0.0230707 0.0229212 0.0226242 0.0221842 0.021664 0.0210718 0.0203717 0.0196291 0.0188067 0.0179592 0.0171026 0.0161872 0.0152398 0.0142788 0.0133097 0.0123366 0.0113652 0.0103681 0.00939901 0.00844897 0.00749867 0.00654924 0.00562086 0.00473958 0.00386816 0.00301034 0.00217326 0.00136184 0.000580932 -0.000163054 -0.000910852 -0.00162459 -0.0022886 -0.00296292 -0.0036227 -0.0042203 -0.004796 -0.00538568 -0.00595175 -0.00647529 -0.00696356 -0.00745943 -0.00795254 -0.00839315 -0.00880561 -0.00923478 -0.00963722 -0.00999709 -0.0103583 -0.0107078 -0.0110238 -0.0113258 -0.0116191 -0.0118895 -0.0121421 -0.0123769 -0.0125989 -0.0128076 -0.0129905 -0.0131583 -0.0133237 -0.0134626 -0.0135764 -0.0136943 -0.0137938 -0.0138593 -0.0139246 -0.0139857 -0.0140079 -0.014021 -0.0140384 -0.0140236 -0.0139847 -0.0139549 -0.0139024 -0.0138177 -0.0137348 -0.0136428 -0.0135154 -0.0133796 -0.0132403 -0.0130729 -0.0128866 -0.0126939 -0.0124825 -0.0122506 -0.0120027 -0.0117388 -0.0114638 -0.0111628 -0.0108394 -0.0105165 -0.0101717 -0.00978266 -0.00939775 -0.00901436 -0.00857804 -0.00811408 -0.00766269 -0.00719506 -0.0066848 -0.00614542 -0.00559702 -0.00505269 -0.00446373 -0.00383125 -0.00320538 -0.00256201 -0.00185928 -0.00115379 -0.000444513 0.000319531 0.00111573 0.00192647 0.00274951 0.00360195 0.00448869 0.00541147 0.00634103 0.00729173 0.0082617 0.00926668 0.0102815 0.0112823 0.0123232 0.0133776 0.0144232 0.0154611 0.0164915 0.017507 0.0185497 0.0195554 0.0205191 0.021488 0.0224172 0.0233511 0.0242589 0.0251373 0.0260248 0.0269445 0.0278938 0.0288788 0.0298962 0.0309194 0.0319794 0.0329899 0.0338974 0.0346031 0.0349918 0.0350179 0.0345874 0.0336876 0.0322847 0.0304241 0.0281848 0.0256832 0.0230966 0.0205317 0.0181609 0.0160468 0.014263 0.0128636 0.0117983 0.0110939 0.0106392 0.0103717 0.0102161 0.0100365 0.00982174 0.0094651 
0 0.004634 0.0091875 0.0135677 0.0176791 0.0214035 0.0246378 0.0272711 0.029233 0.0304885 0.0310225 0.030897 0.0301767 0.0289926 0.0275164 0.0259205 0.0244275 0.0231962 0.0223499 0.021956 0.0219927 0.022426 0.0231818 0.0241498 0.0252262 0.026277 0.0271857 0.0279098 0.0284004 0.0286737 0.0287291 0.0285491 0.0281789 0.0276344 0.0269784 0.0262217 0.0253688 0.0244255 0.0234078 0.0223605 0.0212688 0.0201393 0.0189654 0.0177773 0.0165855 0.0154043 0.0141943 0.0129738 0.0117903 0.0106097 0.00946 0.00831115 0.00717983 0.0060859 0.00503215 0.00397172 0.00294966 0.00197836 0.00102654 9.93125e-05 -0.000815408 -0.00167548 -0.00250566 -0.00331154 -0.00410727 -0.00485315 -0.00558699 -0.00628187 -0.00695585 -0.00760921 -0.00823425 -0.00883277 -0.00941566 -0.00996549 -0.0104853 -0.0110108 -0.0114922 -0.0119455 -0.0123861 -0.012821 -0.013204 -0.0135831 -0.0139365 -0.0142779 -0.0145825 -0.0148788 -0.0151464 -0.0154089 -0.0156298 -0.0158437 -0.0160401 -0.0162167 -0.0163556 -0.016503 -0.0166199 -0.0167083 -0.0167846 -0.0168596 -0.0168866 -0.0169073 -0.0169209 -0.0169066 -0.0168583 -0.0168209 -0.0167508 -0.0166531 -0.0165449 -0.0164318 -0.0162723 -0.016109 -0.0159287 -0.0157275 -0.0154922 -0.0152581 -0.0149904 -0.0147102 -0.0143963 -0.014077 -0.0137291 -0.0133658 -0.0129606 -0.0125628 -0.0121302 -0.0116682 -0.0111849 -0.0106999 -0.0101632 -0.00961628 -0.00905531 -0.00845519 -0.00782558 -0.00718957 -0.00652797 -0.00582474 -0.00509813 -0.00433945 -0.0035804 -0.00277349 -0.00193006 -0.00105404 -0.000170415 0.000758051 0.00171138 0.0027141 0.00373248 0.00477051 0.00586956 0.00699302 0.0081225 0.00928087 0.0104917 0.0117134 0.0129677 0.0142106 0.0154767 0.0167748 0.0180741 0.0193633 0.020645 0.0219389 0.023223 0.0244919 0.0257177 0.026932 0.0281356 0.0293368 0.0305131 0.0316643 0.0328395 0.0340398 0.0353118 0.0366311 0.0379914 0.0394057 0.0408303 0.0422192 0.0434682 0.0444399 0.0450242 0.0451169 0.0446269 0.043521 0.0417653 0.039407 0.0365644 0.0333784 0.0300696 0.026815 0.0237843 0.0211188 0.0188834 0.017137 0.0158676 0.0150269 0.0145412 0.0142904 0.0141589 0.0140308 0.0138049 0.0134172 
0 0.00561755 0.0111356 0.0164367 0.0214035 0.0258917 0.0297659 0.0329028 0.0352077 0.0366358 0.03718 0.0369004 0.0358951 0.0343203 0.0323835 0.0303116 0.0283573 0.0267262 0.0255693 0.024963 0.0248997 0.0253331 0.0261709 0.0272905 0.0285519 0.0297984 0.0308983 0.0317748 0.0323866 0.0327352 0.0328197 0.0326387 0.0322264 0.0316172 0.0308683 0.0300013 0.0290199 0.0279389 0.0267791 0.0255789 0.0243406 0.0230574 0.0217309 0.0203865 0.0190408 0.0177001 0.0163451 0.0149852 0.0136541 0.0123416 0.0110497 0.00976566 0.00850701 0.00729258 0.00611274 0.00494326 0.00380607 0.00271398 0.0016547 0.000624704 -0.000385529 -0.00134978 -0.00227675 -0.00318385 -0.00406948 -0.00490613 -0.00571695 -0.00650596 -0.00727069 -0.00800128 -0.00869748 -0.0093763 -0.0100369 -0.0106582 -0.0112481 -0.0118335 -0.0123841 -0.0129006 -0.0134002 -0.0138844 -0.0143287 -0.0147547 -0.0151586 -0.0155414 -0.0158932 -0.0162253 -0.0165344 -0.0168258 -0.0170835 -0.017324 -0.0175479 -0.0177447 -0.0179112 -0.0180713 -0.0182052 -0.0183075 -0.0183966 -0.0184728 -0.018511 -0.0185332 -0.0185452 -0.0185266 -0.0184793 -0.0184277 -0.0183488 -0.0182388 -0.0181164 -0.0179789 -0.0178044 -0.0176142 -0.0174083 -0.0171752 -0.016913 -0.0166388 -0.0163379 -0.0160132 -0.0156609 -0.0152924 -0.0148983 -0.0144782 -0.014027 -0.0135672 -0.0130748 -0.0125484 -0.0120047 -0.0114483 -0.0108444 -0.0102177 -0.00957893 -0.0089091 -0.00820026 -0.00746984 -0.00671824 -0.00593692 -0.00511933 -0.00426751 -0.00340304 -0.00250025 -0.00155422 -0.000580541 0.000411261 0.00144962 0.00252639 0.00364062 0.00477559 0.00594211 0.00716289 0.00841915 0.00969184 0.0109949 0.0123435 0.0137204 0.0151219 0.0165291 0.0179668 0.0194362 0.0209122 0.0223817 0.0238498 0.0253304 0.0268152 0.0282838 0.0297205 0.0311472 0.0325694 0.033993 0.0354034 0.036807 0.038246 0.0397439 0.0413282 0.0429892 0.0447185 0.046513 0.0483358 0.0501131 0.0517213 0.0530023 0.0538104 0.0540186 0.0535218 0.0522648 0.0502244 0.047458 0.0441017 0.0403465 0.0364382 0.0326036 0.0290498 0.0259357 0.0233592 0.0213759 0.0199757 0.0191033 0.0186549 0.0184951 0.0184761 0.0184524 0.0183076 0.0179526 
0 0.00647972 0.0128437 0.0189383 0.0246378 0.0297659 0.0341629 0.0376998 0.0402476 0.0417643 0.0422455 0.0417476 0.0404063 0.0383963 0.0359603 0.0333779 0.0309259 0.0288528 0.027343 0.0264744 0.0262615 0.0266505 0.0275185 0.0287511 0.0301585 0.03157 0.0328529 0.033876 0.0346245 0.0350686 0.035206 0.035059 0.0346418 0.034011 0.0332139 0.03229 0.0312324 0.0300807 0.0288464 0.0275566 0.0262443 0.0248762 0.0234766 0.0220584 0.020645 0.0192234 0.0178107 0.0163954 0.0149935 0.0136359 0.0122814 0.010947 0.00964074 0.00838246 0.00714083 0.0059374 0.00475779 0.00361104 0.0025091 0.00143522 0.00038883 -0.00062875 -0.00159361 -0.00255072 -0.00347444 -0.00436243 -0.00520358 -0.00604487 -0.00685545 -0.00762498 -0.00835835 -0.00908272 -0.00978387 -0.0104424 -0.0110761 -0.0116883 -0.0122817 -0.0128324 -0.0133685 -0.0138734 -0.0143608 -0.0148084 -0.0152457 -0.015647 -0.016032 -0.0163805 -0.0167188 -0.0170207 -0.0173063 -0.0175594 -0.0178009 -0.0180061 -0.0181958 -0.0183574 -0.0185029 -0.018614 -0.0187128 -0.0187832 -0.0188334 -0.0188549 -0.0188642 -0.0188406 -0.0187993 -0.0187326 -0.0186492 -0.0185318 -0.0184018 -0.0182427 -0.0180645 -0.0178543 -0.017633 -0.0173767 -0.0171034 -0.0167983 -0.0164809 -0.0161243 -0.0157537 -0.0153501 -0.0149322 -0.0144721 -0.0140008 -0.013497 -0.0129728 -0.0124062 -0.0118306 -0.0112253 -0.0105901 -0.00991495 -0.00922847 -0.00852032 -0.00777079 -0.00698504 -0.00618113 -0.005363 -0.00449247 -0.0035952 -0.00267089 -0.00172639 -0.000723959 0.000293341 0.0013414 0.00242735 0.00356666 0.0047237 0.00591158 0.00714566 0.00841293 0.00972571 0.0110645 0.0124368 0.0138384 0.0152973 0.0167622 0.0182522 0.0197797 0.0213333 0.0229031 0.0244772 0.0260621 0.0276524 0.0292725 0.0308704 0.0324578 0.0340462 0.0356378 0.0372443 0.0388569 0.0404908 0.0421713 0.0439576 0.0458406 0.0478407 0.0499486 0.0521274 0.0543659 0.0565422 0.0585227 0.0601366 0.0611945 0.0615586 0.0611071 0.0597636 0.0575189 0.0544426 0.0506799 0.0464756 0.0420924 0.0377986 0.0338494 0.0304043 0.0276053 0.025502 0.0240742 0.0232789 0.0229626 0.0229849 0.0231694 0.0233259 0.0233441 0.0230931 
0 0.00719796 0.0142387 0.0209999 0.0272711 0.0329028 0.0376998 0.0414947 0.044188 0.045687 0.0460213 0.0452438 0.043506 0.0410218 0.038055 0.0349329 0.0319508 0.0294158 0.0275026 0.0263401 0.0259432 0.0262257 0.0271173 0.0284036 0.0299342 0.0315093 0.0329381 0.0341484 0.0350404 0.0356093 0.0358515 0.0357745 0.035403 0.0348098 0.0340245 0.033085 0.0320482 0.0308743 0.0296444 0.0283588 0.0270176 0.0256566 0.0242612 0.0228512 0.0214447 0.0200511 0.0186382 0.0172491 0.0158735 0.0145191 0.013194 0.0118931 0.0106169 0.00936006 0.00815208 0.00695727 0.00579565 0.00467894 0.0035931 0.00251321 0.00148003 0.000482118 -0.000502127 -0.00144052 -0.00235047 -0.00324856 -0.00412354 -0.00494564 -0.0057449 -0.0065266 -0.00729516 -0.00801803 -0.00870619 -0.00938197 -0.0100394 -0.0106555 -0.0112457 -0.0118186 -0.0123592 -0.0128762 -0.013367 -0.0138317 -0.0142688 -0.0146863 -0.0150712 -0.0154367 -0.0157742 -0.0160874 -0.0163749 -0.0166433 -0.0168782 -0.0170953 -0.0172889 -0.0174556 -0.0175953 -0.0177212 -0.0178154 -0.0178854 -0.0179366 -0.0179656 -0.0179615 -0.017943 -0.0179006 -0.0178298 -0.0177352 -0.0176255 -0.0174826 -0.017318 -0.0171326 -0.0169229 -0.0166821 -0.0164259 -0.0161398 -0.0158296 -0.0154942 -0.0151368 -0.0147473 -0.0143397 -0.0139011 -0.0134389 -0.0129501 -0.0124341 -0.0118889 -0.0113285 -0.0107316 -0.010099 -0.0094537 -0.00878798 -0.00808048 -0.00733605 -0.00657822 -0.0058012 -0.00499381 -0.00413136 -0.00325529 -0.00236506 -0.00143681 -0.000465277 0.000517835 0.00154695 0.00261134 0.00368795 0.00480515 0.00596678 0.00715809 0.00837612 0.00964736 0.0109395 0.0122657 0.0136259 0.0150382 0.0164744 0.0179422 0.019447 0.0209642 0.0225274 0.0241171 0.0257194 0.0273371 0.0289962 0.0306466 0.0323187 0.0340012 0.0356733 0.0374005 0.0391406 0.0409159 0.0427467 0.0446593 0.0466877 0.0488726 0.0512026 0.0536649 0.0562643 0.0588906 0.0614807 0.0638438 0.0657813 0.0671258 0.0676661 0.0673044 0.0659362 0.0635644 0.060265 0.0562132 0.0516756 0.0469362 0.0423298 0.0380912 0.0344581 0.0315582 0.0294375 0.0281215 0.0274777 0.0274065 0.0277035 0.0281555 0.0286084 0.0288431 0.0287909 
0 0.0077329 0.0153026 0.022533 0.029233 0.0352077 0.0402476 0.044188 0.0468904 0.0482811 0.0483786 0.0472413 0.0450536 0.0420496 0.0385209 0.0348393 0.0313229 0.0282915 0.0259771 0.0244827 0.0238611 0.0240391 0.0248819 0.0262371 0.0278718 0.0295886 0.0312195 0.0325993 0.0336842 0.0344178 0.0347939 0.0348501 0.0345971 0.0341054 0.0334051 0.0325523 0.0315608 0.0304705 0.0293113 0.0280817 0.026831 0.0255402 0.024229 0.0229044 0.0215833 0.0202449 0.0189379 0.017646 0.0163472 0.0150992 0.0138456 0.012622 0.0114307 0.0102705 0.00911705 0.0080191 0.00693363 0.00586027 0.00482868 0.00382215 0.00285574 0.00189088 0.000964408 5.1408e-05 -0.000823095 -0.00168548 -0.00249409 -0.00331285 -0.00410434 -0.00485423 -0.00557595 -0.00628816 -0.00697167 -0.00762857 -0.00826612 -0.00885649 -0.00944756 -0.0100063 -0.0105393 -0.0110311 -0.0115281 -0.0119748 -0.0124136 -0.0128104 -0.0132012 -0.0135516 -0.0138941 -0.0141881 -0.0144849 -0.0147412 -0.0149773 -0.0151823 -0.0153872 -0.0155383 -0.015681 -0.015803 -0.0159017 -0.0159565 -0.0160183 -0.0160411 -0.0160361 -0.0160107 -0.0159799 -0.0158955 -0.0158054 -0.0156936 -0.0155562 -0.0153781 -0.015206 -0.0149888 -0.0147528 -0.0144887 -0.0142175 -0.0138953 -0.0135713 -0.0132065 -0.0128326 -0.0124161 -0.0119906 -0.0115206 -0.0110533 -0.0105324 -0.00999874 -0.00943462 -0.00885799 -0.00823351 -0.00760443 -0.00693005 -0.00623385 -0.00552942 -0.00479013 -0.0040014 -0.00320047 -0.00239668 -0.0015414 -0.000668157 0.000248831 0.00117179 0.00213309 0.00310666 0.00412643 0.00516495 0.00625295 0.00734384 0.00847166 0.00964791 0.0108336 0.0120646 0.0133399 0.0146424 0.0159597 0.0173435 0.01873 0.0201723 0.0216526 0.0231528 0.0246893 0.0262543 0.0278471 0.0294629 0.0311243 0.0327945 0.0345041 0.0362377 0.0380135 0.0398393 0.0417324 0.0437229 0.0458237 0.0481052 0.0505516 0.0531967 0.0560288 0.0589858 0.0620268 0.0649991 0.0677271 0.0700155 0.0716259 0.0723764 0.0721283 0.0707726 0.0683336 0.064896 0.0606472 0.0558956 0.0509389 0.0461277 0.0417585 0.0380414 0.0351554 0.033147 0.0320027 0.0316396 0.0318766 0.0325249 0.0333539 0.0341373 0.034707 0.0349126 
0 0.00810064 0.0160071 0.0235495 0.0304885 0.0366358 0.0417643 0.045687 0.0482811 0.0494478 0.0492183 0.0476639 0.0449792 0.0414259 0.037325 0.0330697 0.0290024 0.0254804 0.02273 0.0209026 0.0200495 0.0200846 0.0209067 0.022292 0.0240352 0.0259193 0.0277362 0.0293582 0.0306748 0.0316365 0.0322325 0.0324863 0.0324168 0.0320999 0.0315552 0.0308348 0.0300028 0.0290489 0.0280406 0.0269617 0.0258327 0.024686 0.0235235 0.0223518 0.0211763 0.0200003 0.0188284 0.0176838 0.0165341 0.0154079 0.0142956 0.013218 0.0121622 0.0111052 0.0100756 0.00907632 0.00809854 0.00714022 0.00620536 0.00527229 0.00438733 0.00351031 0.0026409 0.00181182 0.00101378 0.000206699 -0.000577036 -0.00132114 -0.00203905 -0.00274356 -0.00344895 -0.00410953 -0.00473115 -0.00535188 -0.00596559 -0.00652058 -0.00706631 -0.00760021 -0.00810213 -0.008571 -0.00903402 -0.0094644 -0.00987381 -0.0102559 -0.0106194 -0.0109613 -0.0112786 -0.0115627 -0.0118405 -0.0120925 -0.0123065 -0.0125087 -0.0127009 -0.0128473 -0.0129747 -0.0131005 -0.0131871 -0.0132397 -0.0132952 -0.0133226 -0.0133061 -0.0132863 -0.0132532 -0.0131722 -0.0130765 -0.0129772 -0.0128361 -0.0126655 -0.0124953 -0.0122926 -0.0120537 -0.011806 -0.0115399 -0.0112342 -0.0109135 -0.0105721 -0.0102053 -0.00981059 -0.00939585 -0.00895524 -0.00850016 -0.00800307 -0.00749034 -0.00696641 -0.00640711 -0.00580141 -0.00520884 -0.00458819 -0.0039186 -0.0032257 -0.0025339 -0.00181028 -0.00105682 -0.00026648 0.000533828 0.00134277 0.0021984 0.00307782 0.00396048 0.00487998 0.00584184 0.00679646 0.00778453 0.00880017 0.00985109 0.0109279 0.0120261 0.0131413 0.0143037 0.0154961 0.016716 0.0179718 0.0192544 0.0205913 0.0219444 0.023334 0.0247668 0.0262421 0.0277534 0.0293097 0.0308873 0.0325138 0.0342018 0.0359213 0.0377287 0.0395997 0.0415771 0.0436936 0.0459627 0.0484329 0.0511283 0.0540594 0.0572123 0.0605461 0.0639419 0.0672829 0.0703548 0.0729411 0.0748238 0.0757681 0.0756494 0.0743509 0.0718989 0.0683968 0.0640502 0.0591781 0.054103 0.0492081 0.0447896 0.0411098 0.0383349 0.0365181 0.0356641 0.0356329 0.0362709 0.037341 0.038586 0.0397925 0.0407225 0.041257 
0 0.00827654 0.0163425 0.0240079 0.0310225 0.03718 0.0422455 0.0460213 0.0483786 0.0492183 0.0485729 0.0465319 0.0432993 0.0391668 0.0344798 0.0296505 0.0250489 0.0210381 0.0178701 0.0157077 0.0146146 0.0145163 0.0152973 0.0167323 0.0185976 0.0206676 0.0227235 0.024619 0.0262233 0.0274717 0.0283468 0.0288702 0.0290717 0.0290084 0.028705 0.028209 0.0275871 0.0268493 0.0260497 0.0251779 0.024252 0.0233097 0.0223506 0.021381 0.0203943 0.0194006 0.0184183 0.0174613 0.0164973 0.0155408 0.0145931 0.0136719 0.012773 0.011866 0.0109787 0.0101185 0.00927265 0.00843055 0.00760223 0.00678765 0.00601173 0.00523539 0.00445529 0.00371158 0.00299356 0.00227586 0.00157365 0.000897557 0.000240717 -0.000396805 -0.00103134 -0.00163182 -0.0022022 -0.00277274 -0.00332954 -0.00383611 -0.00433559 -0.00482975 -0.00528866 -0.0057191 -0.00614261 -0.006543 -0.00691849 -0.00727034 -0.00760416 -0.00792328 -0.00821344 -0.00847597 -0.00873275 -0.00896719 -0.00916168 -0.00934994 -0.00952758 -0.00966203 -0.00977751 -0.00989535 -0.00997313 -0.0100197 -0.0100698 -0.0100947 -0.0100749 -0.0100552 -0.0100225 -0.0099441 -0.00985086 -0.00975803 -0.00962257 -0.00946015 -0.00929878 -0.00910897 -0.00888058 -0.00864805 -0.00839793 -0.00811088 -0.00780633 -0.00748913 -0.00714469 -0.00677471 -0.00638424 -0.00597628 -0.00554989 -0.00508723 -0.00460676 -0.00412089 -0.00360094 -0.0030424 -0.00248892 -0.00191121 -0.00129244 -0.000660231 -2.18201e-05 0.000653625 0.00135008 0.00206654 0.00279319 0.0035405 0.00432658 0.00512893 0.0059247 0.00675412 0.00762234 0.00849127 0.00937848 0.0102866 0.011225 0.0121843 0.0131562 0.0141468 0.0151867 0.0162469 0.0173249 0.0184315 0.0195745 0.0207719 0.0219924 0.0232423 0.0245381 0.0258871 0.0272776 0.0287189 0.0301955 0.0317418 0.0333676 0.0350513 0.0368318 0.038708 0.0407306 0.0429355 0.0453433 0.047989 0.050903 0.0540943 0.0575458 0.0612002 0.0649261 0.0685868 0.0719615 0.074825 0.0769401 0.0780687 0.0780672 0.0768298 0.0743905 0.0708672 0.066488 0.0615773 0.0564815 0.051593 0.0472281 0.0436665 0.0410784 0.0395254 0.0390004 0.039357 0.0404239 0.0419471 0.0436536 0.0453056 0.0466533 0.0475574 
0 0.00828615 0.0163532 0.0239672 0.030897 0.0369004 0.0417476 0.0452438 0.0472413 0.0476639 0.0465319 0.0439553 0.0401463 0.0354247 0.0301539 0.0247581 0.0196409 0.0151466 0.0115798 0.00908966 0.00775874 0.00754555 0.0082783 0.00978313 0.0117848 0.0140574 0.0164007 0.0186076 0.0205672 0.022175 0.0234044 0.0242738 0.024822 0.025078 0.0250807 0.0248865 0.0245264 0.024079 0.023543 0.022925 0.0222568 0.0215537 0.0208381 0.0201083 0.0193581 0.0185746 0.0178199 0.0170688 0.0163043 0.015543 0.0147794 0.0140343 0.0133016 0.0125653 0.0118138 0.0111027 0.0103981 0.00968442 0.00897112 0.00828489 0.00761743 0.00694025 0.00627354 0.00562407 0.004996 0.00436686 0.00376245 0.00316011 0.0025822 0.00201762 0.00146714 0.000930886 0.000422105 -8.33579e-05 -0.000572703 -0.00102655 -0.00147351 -0.0019108 -0.0023232 -0.00270537 -0.00308597 -0.00344247 -0.00378283 -0.00409267 -0.00439726 -0.00467993 -0.00494388 -0.00517579 -0.00541115 -0.00561635 -0.0057963 -0.00596107 -0.00612326 -0.00624014 -0.00634818 -0.00644724 -0.0065201 -0.00655799 -0.00660363 -0.00661902 -0.0066044 -0.00657932 -0.00654905 -0.00647244 -0.00638906 -0.00629555 -0.00617405 -0.00601992 -0.00587259 -0.00569247 -0.00548685 -0.00526658 -0.00504053 -0.00477281 -0.00449616 -0.00420078 -0.00389065 -0.00354641 -0.0031935 -0.00281842 -0.00243125 -0.00200778 -0.00157546 -0.00112812 -0.000656445 -0.000155756 0.000346018 0.000873922 0.00143358 0.00199478 0.00257237 0.00318263 0.00381491 0.00444343 0.00509849 0.00577054 0.00647343 0.00717726 0.00789528 0.00862731 0.00939096 0.0101643 0.0109435 0.0117344 0.0125568 0.0134047 0.0142356 0.0150988 0.0160005 0.0169213 0.0178441 0.0188066 0.019797 0.020834 0.0219091 0.0229951 0.0241389 0.0253452 0.0266051 0.027902 0.0292688 0.0307048 0.0322383 0.0338743 0.0355995 0.0374718 0.0395236 0.0417974 0.044317 0.0471191 0.0502178 0.0536401 0.0573658 0.061289 0.0653154 0.0692387 0.0728608 0.0759557 0.0782437 0.0795271 0.079618 0.078439 0.0760302 0.0725177 0.0681514 0.0632541 0.0581971 0.0533642 0.0491109 0.0457067 0.0433428 0.0420908 0.0419078 0.0426813 0.044183 0.0461653 0.048347 0.0504359 0.0522198 0.0534994 
0 0.00814728 0.0160531 0.0234814 0.0301767 0.0358951 0.0404063 0.043506 0.0450536 0.0449792 0.0432993 0.0401463 0.0357493 0.0304302 0.024597 0.0186581 0.0130371 0.00810835 0.00413769 0.00134642 -0.000205595 -0.000560139 0.00016582 0.0017167 0.00387366 0.0063861 0.00901473 0.0115977 0.0139491 0.0159725 0.0176272 0.0189145 0.0198654 0.0205174 0.020898 0.0210393 0.0210369 0.0209037 0.0206798 0.0203777 0.0199846 0.0195608 0.0191197 0.0186524 0.018142 0.0176259 0.017085 0.0165514 0.0160137 0.015433 0.0148633 0.0143061 0.0137465 0.0131527 0.0125746 0.0119891 0.0114168 0.0108446 0.0102625 0.00968263 0.0091176 0.00856496 0.00798703 0.00744395 0.00691553 0.00638865 0.00583551 0.00533508 0.00485408 0.00436786 0.00386849 0.00341174 0.00298101 0.00254365 0.00211328 0.00170908 0.00133261 0.000948509 0.000591081 0.000245688 -7.2303e-05 -0.000395889 -0.000683188 -0.000966387 -0.00122195 -0.00148061 -0.00169943 -0.00191766 -0.00211057 -0.00229969 -0.00244983 -0.00260477 -0.00273167 -0.00284678 -0.00293288 -0.00302325 -0.00307682 -0.00312191 -0.00314662 -0.0031644 -0.00314469 -0.0031269 -0.00308313 -0.00302497 -0.00293941 -0.00285695 -0.00273707 -0.00260971 -0.00246029 -0.00230595 -0.00211199 -0.00192133 -0.00170255 -0.00147495 -0.0012127 -0.000957256 -0.000666184 -0.000367601 -3.95206e-05 0.000282571 0.000645265 0.00101596 0.00140612 0.00179489 0.00222849 0.00267323 0.00312129 0.00357624 0.00407506 0.00459497 0.00510012 0.00561918 0.00617545 0.00676221 0.00732205 0.00790948 0.00852024 0.00915114 0.00976074 0.0104141 0.0110811 0.0117457 0.0124048 0.0131011 0.0138161 0.0145262 0.0152541 0.0159809 0.0167416 0.0175243 0.0183243 0.0191187 0.0199774 0.0208672 0.0217698 0.0227167 0.0237093 0.0247692 0.0258894 0.0270664 0.0282883 0.0296268 0.0310703 0.0326225 0.0343164 0.0361647 0.038238 0.0405738 0.0431995 0.0461293 0.049414 0.0530473 0.0569974 0.0611899 0.0654377 0.0695891 0.0734129 0.0766554 0.0790925 0.0804629 0.080613 0.0794759 0.0770768 0.0735839 0.0692442 0.0643801 0.0593837 0.054641 0.0505055 0.0472823 0.0451431 0.0441688 0.0443296 0.0454647 0.0473809 0.0497889 0.0523922 0.0549208 0.0570944 0.0587528 
0 0.00788469 0.0155208 0.0226363 0.0289926 0.0343203 0.0383963 0.0410218 0.0420496 0.0414259 0.0391668 0.0354247 0.0304302 0.0245397 0.0181529 0.0116988 0.00562317 0.000256147 -0.00406348 -0.00716076 -0.00894546 -0.00941258 -0.00875447 -0.00713229 -0.00483028 -0.0020941 0.00087151 0.00382246 0.00660796 0.00909006 0.0112107 0.0129618 0.0143897 0.0154832 0.0162928 0.0168628 0.0172172 0.017468 0.0175849 0.0176063 0.0175458 0.0174262 0.0172741 0.0170814 0.0168442 0.016551 0.0162622 0.015949 0.015618 0.0152463 0.0148646 0.0144656 0.0140561 0.0136418 0.0131901 0.0127543 0.0123145 0.0118535 0.0113696 0.0109245 0.010465 0.0100027 0.00954219 0.00908187 0.00862723 0.00818709 0.0077595 0.00732376 0.00689781 0.0064774 0.00609256 0.00569914 0.00531381 0.00493779 0.00459144 0.00424207 0.00391355 0.0035884 0.00328223 0.00299035 0.00271355 0.00244035 0.00218928 0.00195319 0.0017247 0.00151352 0.00131779 0.00113463 0.00096394 0.000813922 0.000670603 0.000547712 0.000437186 0.000343559 0.000258844 0.000199045 0.00014523 0.000110996 8.95482e-05 8.90804e-05 9.34399e-05 0.000123154 0.000162795 0.000220147 0.000287759 0.000380134 0.000477806 0.000596712 0.000728567 0.000878386 0.00103716 0.0012197 0.00141023 0.00161808 0.00184294 0.00208212 0.00233061 0.00260206 0.00288779 0.0031799 0.00349398 0.00382214 0.00416452 0.00451936 0.00489371 0.00526795 0.00567578 0.00609284 0.00651892 0.00694416 0.00740725 0.00787922 0.00836643 0.00883988 0.00934073 0.00986573 0.0103985 0.0109273 0.0114727 0.0120235 0.0125835 0.0131763 0.0137484 0.0143319 0.0149341 0.0155505 0.0161461 0.0167806 0.0174282 0.0180869 0.018748 0.019427 0.0201478 0.0208968 0.0216894 0.0224908 0.0233534 0.0242797 0.0252741 0.0263132 0.0274475 0.0286834 0.0300376 0.0315501 0.0331789 0.0350277 0.0371278 0.039525 0.0422591 0.0453408 0.048792 0.0526273 0.0568037 0.0611864 0.0656575 0.0699695 0.073933 0.0773022 0.0797909 0.0812184 0.0813716 0.0802234 0.0778198 0.0743162 0.0699945 0.0651628 0.0602233 0.0555534 0.0515316 0.048446 0.0464901 0.0457511 0.0461657 0.0476176 0.0498564 0.0526129 0.0555887 0.0584609 0.0610006 0.0629813 
0 0.00755307 0.014841 0.021577 0.0275164 0.0323835 0.0359603 0.038055 0.0385209 0.037325 0.0344798 0.0301539 0.024597 0.0181529 0.0112594 0.0043276 -0.00219586 -0.00795538 -0.0126455 -0.01604 -0.0180587 -0.0186914 -0.0180891 -0.0164529 -0.0140294 -0.0110773 -0.00781798 -0.00448306 -0.00125725 0.00170885 0.00433705 0.00660595 0.00852832 0.0101114 0.0113879 0.0123912 0.0131809 0.0138249 0.0143191 0.0147052 0.014978 0.0151698 0.01532 0.0154081 0.0154367 0.0154199 0.0153574 0.0152566 0.0151308 0.0149411 0.0147365 0.014512 0.0142551 0.0139723 0.0136624 0.0133362 0.0130046 0.0126635 0.0123029 0.011945 0.0115662 0.0112001 0.0108275 0.0104563 0.0100931 0.00973305 0.00935475 0.00900289 0.00866886 0.00832249 0.00798535 0.00765774 0.00734403 0.0070409 0.00674776 0.00644632 0.00617798 0.005913 0.00565609 0.00540559 0.00517891 0.00494894 0.00474384 0.00453934 0.00435053 0.00417439 0.00401444 0.00385088 0.00371707 0.00359113 0.00346882 0.00336315 0.00328324 0.00319647 0.00312757 0.00308361 0.00304369 0.00300656 0.00300198 0.00300468 0.0030081 0.0030357 0.00308483 0.0031278 0.0031917 0.00327959 0.00336966 0.00346594 0.00359482 0.00372598 0.00386428 0.00402415 0.00420244 0.00437616 0.00457697 0.00478752 0.0050095 0.0052405 0.00549417 0.00574613 0.00602667 0.00630869 0.00660299 0.00691028 0.00724355 0.0075678 0.00791574 0.00826973 0.00864177 0.00902885 0.00942192 0.0098083 0.0102309 0.0106679 0.0110935 0.0115369 0.0119913 0.0124518 0.0129223 0.0134097 0.0138906 0.0143864 0.014873 0.0153838 0.0159056 0.0164254 0.0169464 0.0174812 0.0180212 0.0185854 0.0191609 0.0197358 0.0203606 0.0210015 0.0216668 0.022372 0.0231292 0.0239501 0.0248488 0.0257987 0.0268375 0.0280025 0.0292972 0.0307622 0.0323956 0.0342623 0.0364181 0.038906 0.0417575 0.0449897 0.048624 0.0526583 0.0570326 0.0616179 0.0662444 0.0706874 0.0747402 0.0781417 0.0806497 0.0820481 0.0821614 0.0809702 0.0785138 0.074983 0.0706414 0.0658081 0.0608857 0.0562449 0.052273 0.0492639 0.0474117 0.0468079 0.0473944 0.0490377 0.0514998 0.0544957 0.0577195 0.0608573 0.0636496 0.0658856 
0 0.00718713 0.0140927 0.0204234 0.0259205 0.0303116 0.0333779 0.0349329 0.0348393 0.0330697 0.0296505 0.0247581 0.0186581 0.0116988 0.0043276 -0.00304653 -0.0099854 -0.0161228 -0.0211658 -0.0248726 -0.0271543 -0.0279933 -0.0275119 -0.0259132 -0.0234226 -0.0203022 -0.0167811 -0.0130955 -0.00945314 -0.00601363 -0.00288003 -8.54186e-05 0.00236024 0.00446083 0.00624009 0.00772029 0.00896355 0.0100207 0.0109057 0.0116612 0.0122885 0.0128135 0.0132688 0.013638 0.0139266 0.0141568 0.0143165 0.0144256 0.0144941 0.0144906 0.0144534 0.0143717 0.0142475 0.0140976 0.0139205 0.0137107 0.0134846 0.0132361 0.0129719 0.0127064 0.0124157 0.0121349 0.0118463 0.0115467 0.011247 0.0109628 0.0106679 0.0103863 0.0101003 0.009815 0.00955412 0.0092927 0.009024 0.00877574 0.00854395 0.008297 0.00807443 0.00785839 0.00764972 0.00744344 0.00725729 0.00706901 0.00690405 0.00673244 0.00657742 0.00643729 0.00630668 0.00616637 0.0060632 0.00596305 0.00585825 0.00577275 0.00571678 0.00564159 0.0055852 0.00555805 0.00552837 0.00549398 0.00550054 0.00550894 0.00551033 0.00553886 0.00559183 0.00562627 0.00568383 0.00576896 0.00584889 0.00592865 0.00604957 0.00616655 0.00628312 0.0064246 0.00658701 0.00673354 0.00690802 0.0070954 0.00728882 0.00748533 0.00770853 0.00792796 0.00816915 0.0084107 0.0086684 0.0089366 0.00921836 0.00949235 0.0098014 0.0101131 0.0104195 0.0107461 0.0110957 0.0114367 0.0117905 0.0121596 0.0125273 0.0129173 0.0133077 0.0137029 0.0141082 0.0145247 0.0149346 0.0153687 0.0157974 0.0162347 0.0166789 0.0171224 0.0175809 0.0180532 0.0185258 0.019015 0.0195207 0.0200268 0.0205798 0.0211539 0.0217533 0.0224001 0.02309 0.0238409 0.0246712 0.0255696 0.0265682 0.0277037 0.028981 0.0304404 0.0321011 0.0340189 0.0362612 0.0388681 0.0418728 0.0452886 0.0491235 0.0533627 0.0579253 0.0626797 0.0674332 0.0719642 0.0760556 0.0794438 0.0819023 0.0832108 0.0832203 0.0819172 0.0793564 0.0757415 0.0713319 0.0664522 0.0614941 0.0568281 0.0528362 0.049816 0.047964 0.0473715 0.0479909 0.0496805 0.0522128 0.0552993 0.0586307 0.0619004 0.0648324 0.067223 
0 0.00685379 0.0134052 0.0193563 0.0244275 0.0283573 0.0309259 0.0319508 0.0313229 0.0290024 0.0250489 0.0196409 0.0130371 0.00562317 -0.00219586 -0.0099854 -0.0173131 -0.0238444 -0.0292367 -0.0332925 -0.0358839 -0.0369703 -0.0366967 -0.0351961 -0.0327202 -0.0295139 -0.0257926 -0.0218247 -0.0178091 -0.0139256 -0.0102979 -0.00699394 -0.00401978 -0.00141182 0.000862067 0.00284041 0.00452999 0.00602468 0.00731414 0.00844101 0.00942904 0.0102886 0.0110403 0.0116872 0.0122538 0.0127159 0.013111 0.0134203 0.0136611 0.0138373 0.0139645 0.0140229 0.0140246 0.0140128 0.0139374 0.0138379 0.0137076 0.0135533 0.0133746 0.0131998 0.0129851 0.0127653 0.0125618 0.0123362 0.0121012 0.0118675 0.011658 0.0114334 0.0112032 0.0109711 0.0107845 0.0105726 0.0103528 0.0101561 0.009982 0.00978421 0.00960001 0.0094328 0.00926726 0.00910601 0.00894856 0.00880713 0.00867142 0.00853848 0.00840598 0.00830707 0.00819392 0.00808688 0.00800052 0.0079325 0.00783698 0.00777949 0.0077331 0.00768042 0.00762786 0.00762208 0.00759343 0.00757379 0.00757914 0.00760039 0.00759469 0.00763224 0.00767699 0.00771542 0.00775946 0.00784789 0.00791047 0.00798719 0.00808884 0.00820175 0.00829175 0.00842526 0.00856169 0.00869505 0.00883597 0.00901094 0.00916981 0.00934327 0.00952961 0.00972964 0.00992729 0.0101363 0.0103555 0.0105936 0.0108272 0.0110566 0.0113244 0.0115965 0.0118534 0.0121195 0.0124296 0.0127217 0.0130201 0.0133218 0.013656 0.0139847 0.014314 0.0146474 0.0150172 0.01537 0.0157188 0.016103 0.0164838 0.0168646 0.0172553 0.0176629 0.018063 0.0184995 0.0189254 0.0193695 0.0198368 0.0203274 0.0208355 0.0213695 0.0219519 0.0225621 0.0232369 0.0239679 0.0247794 0.0256685 0.0266833 0.0278233 0.029127 0.0306485 0.0323792 0.0344214 0.0368022 0.0395702 0.0427677 0.046396 0.0504482 0.0548997 0.0596535 0.0645413 0.0694014 0.073963 0.0780238 0.081342 0.083657 0.0848182 0.0846588 0.0831826 0.0804795 0.076721 0.0721962 0.0672109 0.0621443 0.0573746 0.0532671 0.0501245 0.0481496 0.0474333 0.0479316 0.049517 0.0519521 0.0549637 0.0582466 0.0614827 0.0644199 0.0668333 
0 0.00658307 0.0128505 0.01848 0.0231962 0.0267262 0.0288528 0.0294158 0.0282915 0.0254804 0.0210381 0.0151466 0.00810835 0.000256147 -0.00795538 -0.0161228 -0.0238444 -0.0307253 -0.0365155 -0.040938 -0.0438783 -0.0453218 -0.0453019 -0.0440234 -0.0416578 -0.0384477 -0.0346431 -0.0304697 -0.0261627 -0.0219062 -0.0178458 -0.0140498 -0.010604 -0.00749148 -0.00472289 -0.00228903 -0.000114681 0.00178855 0.0034817 0.00498917 0.00633347 0.00751866 0.00857716 0.00950506 0.0103111 0.0110444 0.0116451 0.0121547 0.0125794 0.0129319 0.0132058 0.0134186 0.0135621 0.0136482 0.0137141 0.0137127 0.013672 0.0136047 0.0135433 0.0134272 0.0132877 0.0131478 0.0130071 0.0128461 0.012682 0.0125206 0.0123402 0.0121782 0.0120101 0.0118503 0.0116805 0.0115235 0.0113553 0.0112166 0.0110673 0.0109171 0.0107706 0.0106471 0.010517 0.0103883 0.010265 0.0101566 0.0100552 0.00994383 0.00984701 0.0097669 0.00968575 0.00959393 0.00953814 0.00947865 0.00941407 0.0093622 0.00933994 0.00929122 0.00926341 0.00925347 0.00924593 0.00922409 0.00924466 0.00925666 0.00926818 0.00929379 0.00934701 0.00937321 0.00942603 0.00949413 0.00956186 0.00962013 0.00972072 0.00980991 0.00989919 0.0100059 0.0101353 0.0102422 0.0103711 0.0105163 0.0106624 0.0108036 0.0109679 0.011139 0.0113117 0.0114893 0.0116762 0.0118792 0.0120787 0.012288 0.0125027 0.0127313 0.0129518 0.0132047 0.0134456 0.0136893 0.0139418 0.0142294 0.014496 0.0147729 0.0150558 0.0153543 0.015664 0.015981 0.0162945 0.0166101 0.0169626 0.017312 0.0176658 0.0180234 0.0184278 0.0188182 0.0192222 0.0196573 0.0201205 0.020603 0.0211152 0.0216594 0.0222318 0.0228891 0.0235779 0.0243376 0.0251846 0.0261326 0.0271976 0.0284183 0.0298192 0.0314282 0.0333319 0.0355275 0.038104 0.0410949 0.0445164 0.0483935 0.0526926 0.057359 0.0622761 0.0672999 0.0721887 0.0767481 0.0807245 0.0838712 0.0860137 0.0869212 0.0865337 0.0848308 0.0818944 0.0779539 0.0732343 0.0680794 0.0628417 0.0578827 0.0535742 0.050202 0.0479773 0.0469911 0.0472161 0.0485187 0.0506891 0.0534525 0.0565087 0.0595673 0.0623506 0.0646658 
0 0.00641802 0.0124905 0.0179082 0.0223499 0.0255693 0.027343 0.0275026 0.0259771 0.02273 0.0178701 0.0115798 0.00413769 -0.00406348 -0.0126455 -0.0211658 -0.0292367 -0.0365155 -0.0426781 -0.0475201 -0.050881 -0.0527222 -0.0530959 -0.0521214 -0.0499863 -0.0469037 -0.0431156 -0.038854 -0.034365 -0.0298281 -0.0254059 -0.0212218 -0.0173244 -0.0137727 -0.0105562 -0.00765162 -0.00505664 -0.00273709 -0.000653841 0.00121214 0.00290537 0.00443773 0.00578816 0.00699747 0.00808065 0.00903354 0.00987191 0.0105905 0.0111992 0.0117361 0.0121895 0.0125383 0.0128105 0.0130398 0.013217 0.0133352 0.0134026 0.0134302 0.0134321 0.0134117 0.0133604 0.0132826 0.0132128 0.0131246 0.0130023 0.0128806 0.012792 0.0126828 0.0125394 0.0124077 0.0123099 0.0122007 0.0120649 0.0119447 0.0118452 0.0117404 0.0116219 0.0115227 0.011429 0.0113346 0.0112359 0.0111582 0.0110775 0.0109977 0.0109216 0.0108662 0.0107996 0.0107394 0.0106918 0.010654 0.0106035 0.0105732 0.0105508 0.0105262 0.0105039 0.0105045 0.010498 0.010496 0.0105089 0.0105297 0.010542 0.0105748 0.0106141 0.0106512 0.0106951 0.01076 0.0108156 0.0108794 0.0109584 0.0110437 0.0111196 0.0112189 0.0113231 0.0114262 0.0115324 0.0116625 0.0117848 0.0119122 0.0120501 0.0122043 0.0123453 0.0124986 0.0126678 0.0128447 0.013003 0.0131802 0.0133826 0.0135822 0.0137585 0.0139556 0.0141883 0.0144137 0.0146143 0.0148328 0.0150903 0.0153358 0.0155714 0.015831 0.0161117 0.0163754 0.0166536 0.0169626 0.0172842 0.0175986 0.017926 0.0182811 0.0186627 0.0190662 0.0194786 0.0199096 0.0203886 0.0209082 0.0214416 0.0220241 0.0226738 0.023373 0.0241379 0.0249761 0.0258986 0.0269583 0.0281571 0.029505 0.0310577 0.0328552 0.0349427 0.0373841 0.0402083 0.0434555 0.0471668 0.0513135 0.0558702 0.0607487 0.0658174 0.0709099 0.0758109 0.0802889 0.0841024 0.0870389 0.0888818 0.0894958 0.0887943 0.0867808 0.0835834 0.0793671 0.0744137 0.0690226 0.0635315 0.0583174 0.0537028 0.049997 0.0473998 0.0460055 0.045807 0.0466758 0.0484175 0.0507727 0.0534541 0.0561768 0.0586825 0.0607749 
