0 0 0 0 0 0 0 0 0 0 0 0 0 0 0 0 0 0 0 0 0 0 0 0 0 0 0 0 0 0 0 0 0 0 0 0 0 0 0 0 0 0 0 0 0 0 0 0 0 0 0 0 0 0 0 0 0 0 0 0 0 0 0 0 0 0 0 0 0 0 0 0 0 0 0 0 0 0 0 0 0 0 0 0 0 0 0 0 0 0 0 0 0 0 0 0 0 0 0 0 0 0 0 0 0 0 0 0 0 0 0 0 0 0 0 0 0 0 0 0 0 0 0 0 0 0 0 0 0 0 0 0 0 0 0 0 0 0 0 0 0 0 0 0 0 0 0 0 0 0 0 0 0 0 0 0 0 0 0 0 0 0 0 0 0 0 0 0 0 0 0 0 0 0 0 0 0 0 0 0 0 0 0 0 0 0 0 0 0 0 0 0 0 0 0 0 0 0 0 0 
0 3.95264e-06 1.88548e-05 1.97738e-05 4.03344e-05 5.88629e-05 8.16178e-05 0.000129525 0.000173082 0.000250211 0.000345599 0.000460966 0.000625517 0.000807881 0.00104233 0.00131626 0.0016231 0.00197983 0.00235209 0.00274391 0.00312132 0.00345923 0.00372413 0.00388242 0.00391737 0.00379192 0.00352857 0.00310576 0.00254854 0.00190021 0.00116761 0.000435376 -0.000255118 -0.000860173 -0.0013241 -0.00163395 -0.00179502 -0.00179556 -0.00165567 -0.00142092 -0.0010917 -0.00073182 -0.000372491 -1.20834e-05 0.000321194 0.000624832 0.000894756 0.00112697 0.0013204 0.00149929 0.00167271 0.00183207 0.00196822 0.00209623 0.00223081 0.00235649 0.00248893 0.00261858 0.0027243 0.00283375 0.00296562 0.0030876 0.00318717 0.00329241 0.00340388 0.00351924 0.00362051 0.00371143 0.00381288 0.00392034 0.00400962 0.0040934 0.00418948 0.00427772 0.00436022 0.00443862 0.00451859 0.00459521 0.00467274 0.00473499 0.00480314 0.00487434 0.00493508 0.00498387 0.00504714 0.00510409 0.00514593 0.00519026 0.00524252 0.00527978 0.00531069 0.00534932 0.00538292 0.00540491 0.00542838 0.00545442 0.00546932 0.00548083 0.00549443 0.00550407 0.00550365 0.00550595 0.00550669 0.00549902 0.00548671 0.00547965 0.00546457 0.00544052 0.00542059 0.00540145 0.00536792 0.00533271 0.005307 0.00526945 0.00522088 0.00518085 0.00514344 0.00508588 0.0050318 0.00498399 0.00492892 0.00486118 0.00480252 0.00473872 0.00467366 0.00460155 0.00452771 0.00445418 0.00438726 0.00430276 0.00421521 0.00414191 0.00406608 0.0039742 0.00388107 0.00379754 0.00371851 0.00363454 0.00352813 0.00343421 0.00336406 0.00328049 0.00317625 0.00308775 0.00301059 0.00293016 0.00285599 0.00277965 0.0027092 0.00265251 0.00261621 0.00259517 0.00258649 0.00261183 0.00268111 0.00278274 0.0029154 0.00309221 0.00327582 0.00346819 0.00364772 0.00374795 0.00376164 0.00365754 0.00340681 0.00301141 0.00247666 0.00179509 0.00102151 0.000202133 -0.000627452 -0.00138054 -0.00204353 -0.00257493 -0.00295331 -0.0031848 -0.00325975 -0.00320285 -0.00302404 -0.00276866 -0.00245242 -0.00211451 -0.00178672 -0.00146392 -0.00118943 -0.000940205 -0.000729111 -0.000564166 -0.000416757 -0.000314082 -0.000229834 -0.000166439 -0.000129728 -9.56167e-05 -8.09466e-05 -6.95211e-05 -6.03914e-05 -6.05043e-05 -5.50542e-05 -5.83991e-05 
0 1.88548e-05 2.60807e-05 5.84249e-05 8.07586e-05 0.00011916 0.000183963 0.000250241 0.000367587 0.000511706 0.000695206 0.000955563 0.0012523 0.00163963 0.00210723 0.00263771 0.00328359 0.00397777 0.00473534 0.00552807 0.0062673 0.00694853 0.00746917 0.00777941 0.00784504 0.0076132 0.00707962 0.00625462 0.00516357 0.00384617 0.00242047 0.000947837 -0.000430532 -0.00160764 -0.00254222 -0.00315455 -0.00347404 -0.00348022 -0.00323046 -0.00274071 -0.00209204 -0.00138355 -0.000632399 6.58091e-05 0.000727364 0.00133688 0.00189249 0.00234607 0.00276102 0.00312991 0.00344263 0.00377166 0.00405411 0.00432078 0.00457455 0.00485229 0.00509008 0.00532902 0.0055635 0.00580997 0.00604997 0.00625394 0.00648146 0.0067031 0.0069266 0.00712192 0.00734078 0.00752355 0.00773316 0.00792852 0.00811306 0.00828125 0.00847164 0.008646 0.00880618 0.00896842 0.00911932 0.00928006 0.00942184 0.0095583 0.00968081 0.00983292 0.00993983 0.0100516 0.0101616 0.010286 0.0103575 0.0104576 0.0105466 0.0106321 0.0106835 0.0107686 0.0108242 0.0108781 0.0109155 0.0109739 0.0109957 0.011027 0.0110453 0.0110714 0.0110644 0.0110762 0.0110694 0.0110626 0.0110315 0.0110248 0.0109866 0.0109497 0.0109009 0.0108719 0.0107969 0.0107397 0.010676 0.010614 0.0105081 0.0104414 0.0103528 0.0102546 0.0101352 0.0100526 0.00993076 0.00981112 0.00968292 0.00956693 0.00942811 0.00929402 0.00914418 0.00900088 0.00886152 0.00869646 0.00853503 0.00837933 0.00822392 0.00803519 0.00788326 0.00770464 0.0075324 0.00734742 0.00718698 0.00700111 0.00683038 0.00664829 0.00647645 0.00631066 0.00613388 0.00598809 0.00582871 0.00567168 0.0055289 0.00545352 0.00535458 0.00530081 0.00529246 0.00533434 0.00546915 0.00568293 0.00595886 0.00627014 0.00665393 0.00702242 0.00736358 0.00757889 0.0076025 0.00738084 0.0068716 0.00608923 0.00498649 0.00365106 0.00210903 0.000458646 -0.0011691 -0.00269628 -0.00402308 -0.00508603 -0.00584862 -0.0063161 -0.00645696 -0.00634379 -0.0060031 -0.00547328 -0.00487329 -0.00419563 -0.00353357 -0.00292044 -0.00234101 -0.00186362 -0.00144476 -0.00109868 -0.00083648 -0.000612779 -0.00045561 -0.000337334 -0.000244088 -0.000192663 -0.000148284 -0.00012514 -0.000117657 -0.000106799 -0.000112787 -0.00011358 
0 1.97738e-05 5.84249e-05 8.04894e-05 0.000136386 0.000198882 0.000280688 0.000415843 0.000568246 0.000798455 0.00109028 0.00145544 0.00194034 0.00250769 0.00321273 0.00403636 0.00497355 0.00603657 0.00716277 0.0083352 0.00946256 0.010473 0.0112635 0.0117413 0.0118477 0.011497 0.0107185 0.00948324 0.00785181 0.00593066 0.00378999 0.00162903 -0.000407947 -0.00218218 -0.00355847 -0.00448092 -0.0049545 -0.00496398 -0.00456403 -0.00385829 -0.00289325 -0.00182377 -0.000735474 0.000337949 0.00134109 0.00225969 0.003078 0.00378336 0.00438583 0.00493432 0.00544983 0.00593073 0.0063514 0.00674523 0.00714427 0.00752969 0.00791791 0.00829396 0.00862581 0.00896342 0.00933822 0.00968736 0.00999761 0.0103126 0.0106386 0.0109659 0.0112669 0.0115421 0.0118375 0.0121406 0.0124055 0.0126565 0.0129285 0.0131851 0.0134243 0.0136543 0.0138824 0.0141062 0.0143235 0.014511 0.0147047 0.0149066 0.0150793 0.0152294 0.0154027 0.0155644 0.015689 0.015819 0.0159598 0.0160704 0.0161628 0.0162698 0.0163628 0.0164311 0.016498 0.0165684 0.0166132 0.0166491 0.0166853 0.0167115 0.0167147 0.0167208 0.0167202 0.0167008 0.0166691 0.0166455 0.0166019 0.0165392 0.0164809 0.0164225 0.0163308 0.0162356 0.0161547 0.0160493 0.0159164 0.0158018 0.0156866 0.0155314 0.0153766 0.0152373 0.0150766 0.0148909 0.0147171 0.0145368 0.0143463 0.0141419 0.0139298 0.0137202 0.0135174 0.0132789 0.0130328 0.0128136 0.0125864 0.0123237 0.0120617 0.0118151 0.0115751 0.0113202 0.0110296 0.0107585 0.0105314 0.0102772 0.00998832 0.00972696 0.00948898 0.00925205 0.0090255 0.00879733 0.00858947 0.00842774 0.00831097 0.00824125 0.00822102 0.00829696 0.00849491 0.00879694 0.00919244 0.00969304 0.0102332 0.0107847 0.0112797 0.0115605 0.011572 0.011227 0.0104565 0.00925593 0.00763065 0.00559899 0.00328889 0.000838604 -0.0016192 -0.00387808 -0.00585779 -0.00744896 -0.00859232 -0.00929174 -0.0095306 -0.00937384 -0.00886621 -0.00811582 -0.00719882 -0.00620931 -0.00523677 -0.0042991 -0.00347525 -0.00274424 -0.00212378 -0.00162604 -0.00120509 -0.000894084 -0.000649745 -0.000468684 -0.000352918 -0.000262092 -0.000215033 -0.000183477 -0.000163413 -0.00016328 -0.000157935 -0.000164077 
0 4.03344e-05 8.07586e-05 0.000136386 0.000202267 0.000292982 0.000420728 0.000586716 0.000818876 0.00112461 0.00151855 0.00203232 0.00266452 0.00344562 0.0043888 0.00548549 0.00675974 0.00816877 0.00968283 0.0112465 0.0127408 0.0140827 0.0151291 0.0157649 0.0159069 0.0154717 0.014447 0.0128428 0.0107175 0.00817853 0.00539277 0.00254804 -0.000129419 -0.00244375 -0.00426048 -0.00548082 -0.00610408 -0.00612812 -0.00562702 -0.00468273 -0.00342109 -0.0020083 -0.0005404 0.000877449 0.00221299 0.00344388 0.00455012 0.00549704 0.00633201 0.00707783 0.00774909 0.00839206 0.00896867 0.00950666 0.0100295 0.0105564 0.0110526 0.0115329 0.0119939 0.012463 0.0129321 0.013364 0.0137922 0.0142174 0.0146419 0.0150452 0.015445 0.0158134 0.0162 0.016577 0.0169268 0.0172581 0.0176053 0.0179353 0.018244 0.0185443 0.0188344 0.0191258 0.0193971 0.0196483 0.0198917 0.0201504 0.0203668 0.0205718 0.0207821 0.0209907 0.0211507 0.0213231 0.0214907 0.021639 0.021757 0.0218937 0.0220058 0.0221013 0.0221831 0.0222722 0.0223282 0.0223797 0.0224205 0.0224558 0.0224609 0.0224715 0.0224653 0.0224462 0.022406 0.0223761 0.0223173 0.0222465 0.0221681 0.0220939 0.0219779 0.0218655 0.0217519 0.0216234 0.0214564 0.021314 0.021156 0.0209708 0.0207702 0.0205931 0.0203821 0.0201561 0.0199266 0.0197 0.0194513 0.0191939 0.0189224 0.0186539 0.0183841 0.0180828 0.0177775 0.0174834 0.0171818 0.0168459 0.0165277 0.0161993 0.0158714 0.0155299 0.0151901 0.0148414 0.0145123 0.0141694 0.013821 0.0134852 0.0131568 0.0128508 0.0125417 0.0122386 0.0119698 0.0117755 0.0116055 0.0115021 0.0114837 0.0115811 0.0118384 0.0122427 0.0127683 0.0133939 0.014104 0.0148066 0.0154186 0.0157778 0.0157612 0.0152652 0.0142153 0.0126001 0.0104053 0.00771788 0.00465329 0.00139447 -0.00184241 -0.00485929 -0.00749133 -0.0096108 -0.0111468 -0.0120845 -0.0124145 -0.0122206 -0.0115762 -0.0105903 -0.00940948 -0.00811576 -0.00683172 -0.00561994 -0.0045151 -0.00356319 -0.00274986 -0.00208204 -0.00155175 -0.00113167 -0.000819142 -0.000589376 -0.000424398 -0.000318722 -0.000248279 -0.000209522 -0.000192528 -0.000185129 -0.000194503 -0.000205496 
0 5.88629e-05 0.00011916 0.000198882 0.000292982 0.000419508 0.000590547 0.000812251 0.00111653 0.00151084 0.00202082 0.00267563 0.00348248 0.00447651 0.00566561 0.00705422 0.00865136 0.0104172 0.0123124 0.0142561 0.0161254 0.0177944 0.0191036 0.0199096 0.0200974 0.0195829 0.0183336 0.0163739 0.0137759 0.0106721 0.00726796 0.00379232 0.000514142 -0.00232878 -0.00456434 -0.00607874 -0.00684723 -0.00688516 -0.00627149 -0.00511344 -0.00357197 -0.00182374 -4.55372e-06 0.00176989 0.00344813 0.00499373 0.0063785 0.00758021 0.00863576 0.00957883 0.0104361 0.0112362 0.0119629 0.0126388 0.0132915 0.0139403 0.0145618 0.0151559 0.0157273 0.0162985 0.0168674 0.017407 0.0179298 0.0184421 0.0189531 0.019447 0.0199247 0.020377 0.0208347 0.0212829 0.0217042 0.0221069 0.0225119 0.0229045 0.0232737 0.0236296 0.0239744 0.0243158 0.0246351 0.0249351 0.0252259 0.0255192 0.0257795 0.0260254 0.0262698 0.0265056 0.026706 0.0269054 0.0270979 0.0272705 0.027419 0.0275703 0.027703 0.0278164 0.0279167 0.0280127 0.0280847 0.0281447 0.0281937 0.0282305 0.0282451 0.0282538 0.0282478 0.0282251 0.0281861 0.0281439 0.0280795 0.0279996 0.0279116 0.0278164 0.0276913 0.0275613 0.027426 0.0272726 0.0270915 0.0269186 0.0267313 0.0265193 0.0262928 0.0260753 0.0258322 0.0255715 0.025303 0.025034 0.0247443 0.0244409 0.0241249 0.0238095 0.0234838 0.023133 0.0227748 0.022423 0.0220599 0.0216689 0.021281 0.0208914 0.0204993 0.0200888 0.0196731 0.0192569 0.0188545 0.0184404 0.0180172 0.0176016 0.0172021 0.016823 0.0164451 0.016078 0.0157515 0.0154975 0.0152962 0.0151745 0.0151602 0.0152908 0.0156038 0.0160944 0.0167387 0.017505 0.0183591 0.0191992 0.0199004 0.0202918 0.0202147 0.0195459 0.0182017 0.0161524 0.0134002 0.0100429 0.00623038 0.00218581 -0.00182729 -0.0055728 -0.00884067 -0.0114817 -0.0134088 -0.0145905 -0.0150373 -0.0148271 -0.0140643 -0.0128814 -0.0114428 -0.00987269 -0.00830048 -0.00681653 -0.00546482 -0.00429269 -0.0032967 -0.00247518 -0.00182333 -0.00130994 -0.000927532 -0.000650136 -0.000454379 -0.000330792 -0.000252401 -0.000213629 -0.000200687 -0.00019886 -0.000213134 -0.000230188 
0 8.16178e-05 0.000183963 0.000280688 0.000420728 0.000590547 0.000804147 0.00110762 0.00147975 0.00197959 0.0026219 0.00341393 0.00442271 0.00562902 0.00707385 0.00877353 0.0106864 0.0128255 0.0151001 0.0174176 0.0196644 0.0216498 0.023219 0.0241974 0.0244413 0.0238574 0.0224162 0.0201289 0.0170904 0.0134803 0.00949016 0.00543924 0.00160663 -0.00174058 -0.00436587 -0.00616706 -0.00708187 -0.00714718 -0.00642525 -0.00508475 -0.00328108 -0.00120528 0.000940002 0.0030745 0.00509275 0.00695273 0.00861164 0.0100868 0.0113621 0.0125013 0.0135576 0.0145045 0.01538 0.01619 0.016978 0.017724 0.0184673 0.0191706 0.0198418 0.0204951 0.0211515 0.0217976 0.0223918 0.0229792 0.0235579 0.0241388 0.0246695 0.0251978 0.0257059 0.0262152 0.02669 0.0271525 0.027599 0.0280388 0.0284566 0.0288518 0.0292424 0.0296138 0.0299735 0.0303052 0.0306386 0.0309443 0.0312459 0.0315161 0.0317904 0.0320339 0.0322755 0.0324856 0.0327 0.0328823 0.0330628 0.0332144 0.0333673 0.0334886 0.0336087 0.0337012 0.0337917 0.0338531 0.0339132 0.033945 0.0339744 0.0339765 0.0339762 0.033947 0.0339174 0.0338599 0.0337993 0.0337104 0.0336233 0.0335055 0.0333861 0.0332394 0.0330953 0.0329178 0.0327419 0.0325388 0.0323382 0.032104 0.0318721 0.031615 0.031359 0.0310708 0.0307824 0.0304765 0.0301649 0.0298258 0.0294821 0.0291316 0.0287646 0.0283815 0.0279821 0.0275888 0.0271762 0.0267548 0.0263001 0.0258692 0.0254259 0.0249711 0.0244791 0.0240142 0.023555 0.0230851 0.0225918 0.0221098 0.0216608 0.0212063 0.0207728 0.0203538 0.019986 0.019664 0.0194517 0.019319 0.0193092 0.0194842 0.0198552 0.0204269 0.0211778 0.0220885 0.0230525 0.0240089 0.0247715 0.0251557 0.0249911 0.0241256 0.0224672 0.019961 0.0166614 0.0126293 0.00808701 0.00328787 -0.00149337 -0.00594059 -0.00983658 -0.0129983 -0.0153182 -0.0167506 -0.0173336 -0.0171266 -0.0162642 -0.0149252 -0.0132444 -0.0114307 -0.00959947 -0.00784872 -0.00628348 -0.00489394 -0.00372727 -0.00277308 -0.00199479 -0.00141012 -0.000961627 -0.000639901 -0.000430553 -0.000283912 -0.000208998 -0.000171277 -0.000159212 -0.000177711 -0.00019568 -0.000231153 
0 0.000129525 0.000250241 0.000415843 0.000586716 0.000812251 0.00110762 0.00146235 0.00195305 0.00255735 0.00333125 0.00431332 0.0054937 0.00695146 0.00866346 0.0106567 0.0129315 0.015422 0.0180883 0.0207908 0.0233933 0.0256987 0.0275206 0.0286666 0.0289665 0.028352 0.0267235 0.0241583 0.0207421 0.0166341 0.0121517 0.00755502 0.00320609 -0.000580409 -0.00358664 -0.00565889 -0.00672069 -0.00681962 -0.00604779 -0.00451876 -0.00248722 -0.000125245 0.00236971 0.00482775 0.00717147 0.00933701 0.0112908 0.0130105 0.0145379 0.0158876 0.0170953 0.0181935 0.0192189 0.020167 0.0210538 0.0219249 0.0227427 0.0235186 0.0242915 0.0250502 0.0257552 0.0264401 0.0271191 0.0277788 0.0284137 0.0290159 0.0296065 0.0301881 0.0307435 0.0312692 0.0317908 0.0322913 0.0327673 0.0332315 0.0336773 0.0341022 0.0345142 0.0349088 0.0352795 0.0356444 0.0359884 0.0363099 0.0366201 0.036922 0.0371931 0.0374526 0.037704 0.0379349 0.0381414 0.0383433 0.0385286 0.0386914 0.03884 0.0389796 0.0390979 0.0391987 0.0392883 0.0393629 0.0394176 0.0394582 0.0394867 0.0394973 0.0394898 0.039471 0.039438 0.0393848 0.0393169 0.0392403 0.0391433 0.0390277 0.0389036 0.0387671 0.038604 0.0384324 0.0382522 0.0380503 0.0378273 0.0376042 0.0373604 0.0370961 0.0368224 0.03654 0.0362321 0.0359167 0.0355876 0.0352404 0.0348827 0.0345133 0.0341209 0.0337223 0.0333181 0.0328854 0.032442 0.0319964 0.0315404 0.0310638 0.0305734 0.0300745 0.0295885 0.0290856 0.0285506 0.0280319 0.027527 0.0270066 0.0264887 0.0260012 0.0255114 0.0250536 0.0246555 0.0243276 0.0240792 0.0239417 0.0239691 0.0241823 0.0246209 0.0252876 0.0261563 0.0271543 0.0282446 0.029275 0.030055 0.0304264 0.0301377 0.0290425 0.0270444 0.0240873 0.0201999 0.0155391 0.0102882 0.00473774 -0.000746466 -0.00590584 -0.0104125 -0.0140838 -0.0168053 -0.0184991 -0.0192222 -0.019043 -0.0181253 -0.016632 -0.0147775 -0.012737 -0.0106612 -0.00870394 -0.00689901 -0.00533739 -0.00401377 -0.00291522 -0.00206418 -0.00138679 -0.000896202 -0.000548114 -0.000302447 -0.000168503 -8.47996e-05 -5.79676e-05 -6.95382e-05 -9.09513e-05 -0.000142142 -0.000191789 
0 0.000173082 0.000367587 0.000568246 0.000818876 0.00111653 0.00147975 0.00195305 0.00253421 0.00327857 0.00421495 0.00535966 0.00677842 0.00847198 0.0104695 0.0127962 0.0154004 0.018274 0.0213167 0.0243888 0.0273555 0.0299741 0.0320516 0.0333779 0.0337602 0.0331006 0.0313378 0.0285075 0.0247326 0.0202287 0.015268 0.010212 0.00540992 0.00119037 -0.00216466 -0.00450116 -0.00572086 -0.00587063 -0.00502377 -0.00337828 -0.00114421 0.00148335 0.00425205 0.00703897 0.00970731 0.0121703 0.0143816 0.0163677 0.0181011 0.019639 0.0210394 0.0222746 0.0234192 0.0244748 0.0254719 0.026403 0.0273133 0.0281752 0.0290049 0.0297888 0.030549 0.031312 0.0320191 0.0326995 0.0333577 0.0340108 0.0346144 0.0352226 0.0357824 0.0363308 0.0368629 0.0373807 0.0378578 0.0383288 0.0387822 0.039211 0.039631 0.0400182 0.0403952 0.040759 0.0411122 0.0414159 0.0417377 0.0420346 0.0423099 0.0425523 0.042819 0.0430386 0.043248 0.043439 0.0436371 0.0437861 0.043941 0.0440734 0.0442008 0.0442905 0.0443897 0.0444583 0.0445213 0.0445552 0.0445956 0.0446007 0.0446034 0.0445817 0.0445624 0.0445034 0.0444499 0.0443733 0.0442902 0.0441687 0.0440654 0.0439284 0.0437777 0.0436038 0.0434492 0.0432416 0.043032 0.0428126 0.0425916 0.0423184 0.0420618 0.0417849 0.0414917 0.0411732 0.0408576 0.0405145 0.0401656 0.0398001 0.0394093 0.0390187 0.038611 0.0381841 0.0377381 0.0373014 0.0368166 0.0363459 0.0358592 0.0353586 0.0348253 0.0343149 0.0337845 0.0332511 0.0327059 0.0321578 0.0316333 0.0311056 0.030606 0.0301394 0.0297279 0.0293619 0.0291421 0.0290406 0.0291069 0.0293976 0.0299106 0.0306611 0.0316358 0.0327732 0.0339406 0.0350348 0.0358169 0.0360975 0.0356586 0.0343154 0.0319617 0.0285319 0.0241019 0.0187863 0.0128496 0.00660671 0.000406312 -0.00539186 -0.0104878 -0.0146612 -0.0177682 -0.0197402 -0.0206352 -0.0205155 -0.0195624 -0.0179819 -0.015954 -0.0137327 -0.011461 -0.00928299 -0.00731447 -0.00557071 -0.00410514 -0.00290594 -0.00194259 -0.00121991 -0.000681197 -0.000306063 -7.25326e-05 7.31184e-05 0.000127558 0.000133049 0.000107291 4.49359e-05 -1.4732e-05 -9.4776e-05 
0 0.000250211 0.000511706 0.000798455 0.00112461 0.00151084 0.00197959 0.00255735 0.00327857 0.00417275 0.00528179 0.00663954 0.00828334 0.0102482 0.012547 0.0151992 0.0181719 0.0214204 0.0248496 0.0283021 0.0316134 0.0345368 0.0368576 0.0383497 0.0388119 0.0381441 0.0362624 0.0332251 0.0291592 0.0242839 0.0189297 0.0134513 0.00823733 0.00364583 -3.85186e-05 -0.00263048 -0.00402036 -0.00424745 -0.00340327 -0.00166262 0.000728305 0.00356829 0.00660964 0.00967691 0.012627 0.0153613 0.0178376 0.020056 0.0220161 0.0237423 0.0252753 0.0266294 0.0278846 0.0290395 0.0301058 0.0311027 0.0320428 0.0329354 0.0338093 0.0346384 0.0354048 0.0361588 0.036886 0.0375879 0.0382494 0.0388801 0.0394868 0.0400953 0.0406527 0.0411781 0.0417031 0.0422106 0.0426776 0.0431281 0.0435664 0.0439831 0.0443872 0.0447557 0.045113 0.0454674 0.0457999 0.0460871 0.0463892 0.0466786 0.046931 0.0471615 0.0474108 0.0476236 0.0478123 0.0479968 0.0481802 0.0483246 0.048464 0.0485947 0.0487112 0.0488008 0.0488907 0.0489623 0.0490195 0.049059 0.0490961 0.0491094 0.0491122 0.0491023 0.0490852 0.04904 0.0489925 0.0489338 0.0488573 0.0487552 0.0486641 0.0485495 0.0484087 0.0482603 0.048123 0.0479398 0.0477439 0.0475554 0.0473547 0.047106 0.0468684 0.0466243 0.0463537 0.0460587 0.045767 0.0454551 0.0451329 0.0447874 0.044422 0.0440604 0.0436863 0.0432721 0.0428469 0.0424374 0.0419945 0.0415309 0.0410508 0.0405714 0.0400842 0.0395854 0.0390449 0.0385207 0.0380074 0.0374783 0.0369472 0.0364286 0.0359322 0.0354833 0.0350977 0.0347705 0.0345735 0.034523 0.0346698 0.0350451 0.0356631 0.0365293 0.0376212 0.0388527 0.0401063 0.0412274 0.0419812 0.0421754 0.0415578 0.0399426 0.0372154 0.0333202 0.0283328 0.0224192 0.0158387 0.0089302 0.00208272 -0.00435087 -0.0100174 -0.0146786 -0.018178 -0.0204327 -0.0215028 -0.0214685 -0.02052 -0.0188697 -0.0167356 -0.0143599 -0.0119169 -0.00957209 -0.00742734 -0.00554348 -0.00395454 -0.00265506 -0.00163283 -0.000857207 -0.000296571 8.43021e-05 0.000319903 0.000444969 0.000484037 0.000462393 0.000400572 0.000308208 0.000203485 8.63897e-05 
0 0.000345599 0.000695206 0.00109028 0.00151855 0.00202082 0.0026219 0.00333125 0.00421495 0.00528179 0.00658577 0.0081777 0.0100694 0.0123259 0.0149461 0.0179383 0.0212882 0.0249132 0.028724 0.0325502 0.0361967 0.0394231 0.041986 0.0436487 0.0442016 0.0435333 0.0415543 0.0383348 0.0340164 0.0288258 0.0231361 0.0172964 0.0117215 0.00678774 0.00278596 -6.12847e-05 -0.00164105 -0.00196807 -0.00116021 0.000621412 0.00311282 0.00609976 0.00935441 0.0126573 0.0158599 0.0188359 0.0215457 0.0239633 0.026114 0.0280036 0.0296559 0.0311164 0.0324451 0.0336634 0.034766 0.0357979 0.0367494 0.0376553 0.0385283 0.039351 0.0401059 0.0408376 0.0415528 0.0422274 0.0428623 0.0434535 0.04404 0.0446083 0.0451345 0.045617 0.0461086 0.0465767 0.0470095 0.0474173 0.0478163 0.0482002 0.0485639 0.0488965 0.0492145 0.0495395 0.0498309 0.0500914 0.0503545 0.0506193 0.0508361 0.0510457 0.0512593 0.0514553 0.0516147 0.0517832 0.051939 0.0520743 0.0521911 0.0523128 0.0524117 0.0524993 0.0525746 0.0526462 0.0526955 0.0527408 0.0527721 0.0527952 0.0527996 0.0528038 0.0527897 0.0527647 0.0527274 0.0526909 0.0526266 0.0525551 0.0524806 0.0523969 0.0522778 0.0521677 0.0520531 0.0519102 0.0517434 0.0515983 0.0514286 0.0512269 0.0510232 0.0508281 0.0505982 0.0503502 0.0501 0.0498415 0.0495661 0.0492665 0.0489532 0.0486412 0.0483208 0.047954 0.0475844 0.0472184 0.0468376 0.0464178 0.045991 0.045556 0.0451259 0.0446671 0.0441752 0.0436954 0.0432281 0.0427431 0.0422449 0.0417755 0.0413256 0.0409329 0.0405958 0.0403406 0.0402112 0.040264 0.0405324 0.0410274 0.0417754 0.0427739 0.0440004 0.0453421 0.0466843 0.0478176 0.0485237 0.0485953 0.047774 0.0458759 0.0427723 0.0384258 0.0329042 0.0264205 0.0192342 0.0117085 0.00426126 -0.00275319 -0.00894737 -0.014069 -0.0179464 -0.0204942 -0.0217592 -0.0218424 -0.0209356 -0.0192524 -0.0170509 -0.0145566 -0.0119792 -0.00950024 -0.0072101 -0.00521133 -0.00351831 -0.00213407 -0.00106343 -0.000246737 0.000325452 0.000700845 0.000922875 0.00100848 0.00101132 0.000943774 0.000831044 0.000699361 0.00054489 0.000389023 
0 0.000460966 0.000955563 0.00145544 0.00203232 0.00267563 0.00341393 0.00431332 0.00535966 0.00663954 0.0081777 0.0100029 0.0121963 0.0147478 0.0177081 0.0210717 0.0247884 0.0288114 0.0329984 0.0371877 0.0411607 0.0446751 0.0474607 0.0492834 0.0499387 0.0492568 0.047227 0.0438519 0.0393095 0.0338838 0.0278789 0.0217402 0.015851 0.0105922 0.00629153 0.0031846 0.00138372 0.000896513 0.00163562 0.00336475 0.00589767 0.00897761 0.0123611 0.0158502 0.0192541 0.0224348 0.0253224 0.0279357 0.0302313 0.0322446 0.034003 0.0355376 0.0369012 0.038142 0.039272 0.0402725 0.0412117 0.042102 0.0429407 0.0436979 0.0444176 0.0451127 0.0457694 0.0463812 0.0469532 0.047503 0.048024 0.04853 0.048989 0.0494264 0.049847 0.0502593 0.0506316 0.0509841 0.0513223 0.0516535 0.0519601 0.0522383 0.0525092 0.0527772 0.0530226 0.053236 0.0534575 0.0536682 0.0538545 0.0540203 0.0541986 0.0543531 0.054492 0.0546209 0.0547539 0.0548605 0.0549633 0.0550558 0.0551456 0.0552151 0.0552852 0.0553409 0.0553938 0.0554313 0.0554687 0.0554894 0.0555095 0.0555165 0.0555206 0.0555069 0.0554969 0.0554727 0.0554404 0.0553933 0.0553547 0.0552938 0.0552222 0.0551451 0.0550736 0.0549686 0.0548596 0.0547528 0.0546376 0.0544881 0.0543439 0.0541987 0.0540336 0.0538452 0.0536573 0.053466 0.0532541 0.0530235 0.0527817 0.0525453 0.0522834 0.0520027 0.051709 0.0514218 0.0511023 0.0507715 0.0504288 0.0500797 0.0497087 0.0493299 0.048941 0.0485362 0.0481361 0.0477345 0.0473344 0.0469269 0.0465797 0.0462858 0.046046 0.0458903 0.0458985 0.0460982 0.0465113 0.0471848 0.0480939 0.0492543 0.0506256 0.0521106 0.0535124 0.0546591 0.05532 0.0552358 0.0542163 0.0520315 0.0485585 0.0437718 0.0377754 0.0307508 0.0230223 0.0149629 0.00694447 -0.000571136 -0.007262 -0.0128234 -0.0170522 -0.0198996 -0.0213696 -0.0215914 -0.0207492 -0.0190855 -0.0168367 -0.0142702 -0.0116018 -0.0089929 -0.00661401 -0.00450126 -0.00272548 -0.00129561 -0.000163435 0.000647557 0.00122304 0.00158414 0.00175634 0.00181971 0.00176017 0.00164045 0.00148023 0.00127287 0.00107407 0.000852431 
0 0.000625517 0.0012523 0.00194034 0.00266452 0.00348248 0.00442271 0.0054937 0.00677842 0.00828334 0.0100694 0.0121963 0.0146738 0.0175712 0.020889 0.0246149 0.0287352 0.0331381 0.037703 0.0422511 0.0465336 0.0503102 0.0533096 0.0552727 0.0559994 0.0553438 0.0532386 0.0497494 0.0450414 0.0393755 0.03314 0.0267214 0.0205399 0.0149937 0.0104001 0.00700966 0.00495911 0.00427487 0.00482426 0.00646484 0.00894939 0.0120246 0.0154949 0.0190888 0.0226159 0.0259393 0.0289929 0.0317178 0.034152 0.0362705 0.0380681 0.0396376 0.0410179 0.0422586 0.0433459 0.0443295 0.0451997 0.0460135 0.0467788 0.0474988 0.0481391 0.0487163 0.0492989 0.0498463 0.0503439 0.050782 0.0512322 0.0516471 0.052042 0.0523856 0.0527302 0.0530564 0.0533645 0.0536352 0.0539011 0.0541621 0.0543947 0.0546122 0.0548153 0.0550218 0.0551963 0.0553702 0.0555217 0.0556845 0.0558134 0.0559488 0.0560614 0.0561875 0.0562795 0.056384 0.0564666 0.0565605 0.0566249 0.0567046 0.0567617 0.0568296 0.0568731 0.0569309 0.0569662 0.057014 0.057039 0.0570766 0.0570936 0.057124 0.0571293 0.0571487 0.0571487 0.05716 0.057144 0.0571466 0.057127 0.0571156 0.0570779 0.0570614 0.0570173 0.0569801 0.0569194 0.0568773 0.0568062 0.0567394 0.0566512 0.0565778 0.0564796 0.056374 0.0562559 0.056148 0.0560186 0.0558665 0.0557186 0.0555675 0.0554052 0.0552066 0.0550157 0.0548164 0.0546273 0.0543793 0.0541286 0.0538871 0.0536633 0.0533765 0.0530745 0.0527914 0.0525259 0.0522459 0.0519432 0.0516789 0.0514504 0.0512948 0.0512074 0.0512396 0.0513957 0.0517839 0.0524201 0.053286 0.0544147 0.0557843 0.05733 0.0589296 0.0604356 0.0615807 0.0621767 0.0619782 0.0607353 0.0582713 0.0544503 0.0492661 0.0428167 0.0353482 0.0271472 0.0186005 0.0101323 0.00213694 -0.00498472 -0.0109317 -0.0155092 -0.0186277 -0.0203068 -0.0206849 -0.0199403 -0.0183087 -0.016073 -0.0134566 -0.0107143 -0.00804074 -0.00555045 -0.00337688 -0.00153959 -5.16672e-05 0.00107395 0.00190988 0.00245814 0.00277621 0.00292581 0.00290634 0.00280108 0.00261177 0.00236472 0.00211026 0.00181647 0.00153696 
0 0.000807881 0.00163963 0.00250769 0.00344562 0.00447651 0.00562902 0.00695146 0.00847198 0.0102482 0.0123259 0.0147478 0.0175712 0.0208153 0.0245075 0.0286293 0.0331345 0.0379265 0.0428544 0.0477328 0.0523021 0.056326 0.059506 0.0615974 0.0624006 0.0617272 0.0595768 0.0559652 0.0510874 0.0452504 0.0387843 0.0321365 0.0256992 0.0198622 0.014964 0.0112732 0.00892413 0.00796656 0.00830598 0.00974219 0.0120939 0.0150885 0.018521 0.0221411 0.0257407 0.0291599 0.0322925 0.0351189 0.0376116 0.0397742 0.0416159 0.0432059 0.0445534 0.0457408 0.0467811 0.0476724 0.0484742 0.0492141 0.0498783 0.0504622 0.0510117 0.0515108 0.0519876 0.0524079 0.0527927 0.0531545 0.0535008 0.053805 0.054092 0.054359 0.0545997 0.0548347 0.0550473 0.0552382 0.0554162 0.0555957 0.0557424 0.0558887 0.0560217 0.0561473 0.0562547 0.0563692 0.0564594 0.0565504 0.0566345 0.0567156 0.0567781 0.0568504 0.0569122 0.0569687 0.0570192 0.0570755 0.05712 0.0571653 0.0572081 0.0572513 0.0572884 0.0573281 0.057364 0.0574014 0.0574351 0.0574699 0.0575026 0.0575376 0.0575664 0.0575989 0.05763 0.0576593 0.057683 0.0577154 0.0577387 0.0577598 0.0577805 0.0578067 0.057815 0.0578312 0.0578433 0.0578525 0.0578485 0.0578569 0.0578462 0.0578391 0.057825 0.0578086 0.0577737 0.0577549 0.0577155 0.0576678 0.0576187 0.0575703 0.0574985 0.0574297 0.0573545 0.0572621 0.0571704 0.0570678 0.0569571 0.0568351 0.0567114 0.056567 0.0564393 0.056289 0.0561436 0.0560095 0.0558829 0.0557677 0.0557264 0.0557514 0.0558435 0.0560767 0.0564796 0.0571182 0.0579984 0.0591346 0.0605038 0.0621052 0.0638553 0.0656295 0.0672182 0.0683852 0.0689289 0.0685739 0.0671391 0.0644146 0.0602808 0.0547464 0.0479307 0.0400594 0.0314677 0.0225432 0.0136714 0.00532248 -0.00216374 -0.00845082 -0.0133171 -0.0167058 -0.0185933 -0.0191329 -0.0185 -0.0169362 -0.014715 -0.0120884 -0.00930913 -0.00656751 -0.00403039 -0.00178629 9.84744e-05 0.00160709 0.00276014 0.00357196 0.00409893 0.00437465 0.0044498 0.00437235 0.00417531 0.00390275 0.00357834 0.00322722 0.00286595 0.00250412 
0 0.00104233 0.00210723 0.00321273 0.0043888 0.00566561 0.00707385 0.00866346 0.0104695 0.012547 0.0149461 0.0177081 0.020889 0.0245075 0.028586 0.0331021 0.0379964 0.0431655 0.0484419 0.0536283 0.0584576 0.0626803 0.0660042 0.068179 0.0690114 0.0683209 0.0661045 0.0623911 0.0573747 0.0513688 0.0447051 0.0378333 0.0311421 0.025023 0.0198202 0.0157958 0.0131065 0.011806 0.011819 0.0129723 0.0150939 0.0179187 0.0212412 0.0248051 0.0283824 0.0318224 0.0349962 0.037868 0.0404022 0.0425859 0.0444215 0.0459793 0.0472817 0.0483993 0.0493573 0.0501527 0.0508454 0.0514556 0.0519967 0.0524754 0.052907 0.0532697 0.0536159 0.0539277 0.0541999 0.0544469 0.0546719 0.0548659 0.0550507 0.0552196 0.0553537 0.0554881 0.0556076 0.0557099 0.0558007 0.0558898 0.055952 0.0560236 0.0560844 0.0561271 0.0561658 0.0562194 0.0562459 0.0562676 0.056301 0.0563302 0.0563402 0.0563616 0.0563859 0.0564006 0.0564147 0.0564364 0.0564551 0.0564733 0.0564955 0.0565182 0.056544 0.0565723 0.0566017 0.0566339 0.0566722 0.0567099 0.0567512 0.0567971 0.0568452 0.0568954 0.056951 0.057006 0.0570643 0.0571302 0.057192 0.0572534 0.0573264 0.0573993 0.0574586 0.057533 0.0576133 0.057679 0.0577419 0.0578273 0.0578952 0.0579572 0.0580283 0.0581024 0.0581566 0.058226 0.0582848 0.058339 0.0583957 0.0584545 0.0584912 0.0585401 0.0585851 0.0586196 0.0586565 0.0586852 0.0587033 0.0587332 0.0587645 0.0587669 0.0587853 0.0588041 0.0588356 0.0588786 0.0589371 0.0590153 0.0591786 0.0594216 0.0597632 0.0602586 0.0609327 0.0618517 0.0630306 0.0644679 0.0661351 0.0680112 0.0699796 0.0719164 0.0736014 0.074795 0.075291 0.0748225 0.0732026 0.0702412 0.0658377 0.060009 0.0529001 0.044737 0.0358592 0.0266488 0.0174902 0.00885025 0.00107674 -0.00548214 -0.0106024 -0.0142107 -0.0162883 -0.0169822 -0.0164652 -0.0149818 -0.0127987 -0.0101758 -0.00736872 -0.00457985 -0.00198855 0.000305888 0.00222776 0.00375685 0.00490538 0.00569423 0.00617965 0.00639843 0.00640856 0.00625368 0.00597494 0.00561359 0.0051942 0.00474821 0.0042874 0.00383069 
0 0.00131626 0.00263771 0.00403636 0.00548549 0.00705422 0.00877353 0.0106567 0.0127962 0.0151992 0.0179383 0.0210717 0.0246149 0.0286293 0.0331021 0.0380079 0.0432871 0.0488082 0.0544033 0.0598556 0.0649067 0.0692775 0.0727087 0.0749308 0.0757434 0.0750192 0.0726925 0.0688612 0.0637067 0.0575212 0.0506891 0.0436025 0.0366685 0.0302647 0.02474 0.0203426 0.0172639 0.0155694 0.0151701 0.0159719 0.0177605 0.0203121 0.0234241 0.0268395 0.030324 0.0337173 0.0368918 0.0397424 0.0422745 0.044443 0.0462569 0.0477686 0.0490135 0.0500418 0.05088 0.0515789 0.0521556 0.0526404 0.0530354 0.0533939 0.0536928 0.0539298 0.0541448 0.0543307 0.054483 0.0546099 0.0547237 0.0547975 0.0548793 0.0549384 0.0549794 0.0550048 0.055034 0.0550427 0.0550534 0.0550483 0.0550312 0.0550275 0.0550171 0.0549829 0.0549537 0.0549486 0.0549124 0.0548754 0.0548527 0.0548379 0.0547956 0.0547756 0.0547556 0.0547405 0.0547149 0.0547104 0.0546977 0.0547004 0.0546958 0.0547066 0.0547151 0.0547416 0.054757 0.0547921 0.0548278 0.0548763 0.0549171 0.0549814 0.0550406 0.0551143 0.0551841 0.0552722 0.0553554 0.055458 0.0555491 0.0556576 0.0557703 0.0558928 0.0559968 0.0561323 0.0562683 0.0563948 0.0565194 0.0566798 0.05682 0.0569533 0.0571056 0.0572674 0.0574113 0.0575632 0.0577245 0.0578785 0.0580433 0.0581991 0.0583583 0.0585221 0.0586944 0.0588446 0.0590203 0.059187 0.0593501 0.0595215 0.0597066 0.0598731 0.0600544 0.060258 0.0604629 0.0606941 0.0609513 0.0612699 0.0616544 0.062141 0.0627546 0.0635478 0.0645351 0.0657825 0.0673093 0.0690674 0.0710672 0.073235 0.0754511 0.0775628 0.079367 0.0805924 0.081034 0.0804712 0.0786725 0.0755166 0.0708992 0.0648507 0.0575231 0.0491638 0.0400953 0.0306923 0.0213766 0.0125391 0.00458851 -0.00215391 -0.00747663 -0.0112507 -0.0134989 -0.014329 -0.0139193 -0.0125093 -0.010368 -0.00775141 -0.00492007 -0.00210304 0.000550151 0.00288167 0.00484139 0.00640583 0.00754356 0.00833402 0.00877669 0.0089345 0.00888467 0.00862408 0.00825902 0.00779243 0.00725948 0.00672645 0.00615237 0.00560808 
0 0.0016231 0.00328359 0.00497355 0.00675974 0.00865136 0.0106864 0.0129315 0.0154004 0.0181719 0.0212882 0.0247884 0.0287352 0.0331345 0.0379964 0.0432871 0.0489201 0.0547647 0.0606406 0.066313 0.0715171 0.0759977 0.0794541 0.0816636 0.0824282 0.0815885 0.0791599 0.0751854 0.0698708 0.0635382 0.0565144 0.0492207 0.0420461 0.0353533 0.029475 0.0246966 0.0211776 0.0189967 0.01815 0.0184803 0.0198541 0.022061 0.0248661 0.028042 0.0313725 0.034666 0.0377568 0.0405921 0.0430766 0.0451977 0.04698 0.048448 0.0496128 0.0505358 0.0512834 0.0518493 0.0523101 0.0526722 0.0529483 0.0531424 0.0533136 0.0534517 0.0535418 0.0535876 0.0536163 0.0536575 0.0536544 0.053626 0.0535906 0.0535731 0.0535161 0.0534569 0.0533868 0.0533283 0.0532577 0.0531763 0.0530857 0.0530168 0.0529431 0.0528423 0.0527594 0.0526918 0.052613 0.0525167 0.0524555 0.0523875 0.0523192 0.0522471 0.0522041 0.0521475 0.0521073 0.0520615 0.0520404 0.0520126 0.052004 0.0519865 0.0519994 0.0520062 0.0520287 0.0520485 0.0521005 0.0521404 0.0521998 0.0522614 0.0523494 0.0524249 0.0525253 0.0526244 0.052748 0.0528628 0.0529982 0.0531316 0.0532945 0.0534421 0.0536047 0.0537782 0.0539738 0.054143 0.0543362 0.0545496 0.0547607 0.054955 0.0551814 0.0554196 0.0556435 0.0558732 0.056117 0.0563755 0.0566259 0.0568813 0.0571336 0.0574261 0.0577041 0.0579755 0.0582509 0.0585727 0.0588832 0.0591867 0.0594935 0.0598402 0.0602124 0.0605713 0.0609522 0.0613845 0.0618769 0.0624086 0.0630555 0.0638088 0.0647125 0.0658201 0.0671724 0.0687719 0.0706396 0.0727818 0.0751135 0.0775826 0.0800538 0.0823527 0.0842421 0.085514 0.0859235 0.0852408 0.0833228 0.0799961 0.0752131 0.0690244 0.0615771 0.0531117 0.04397 0.0345103 0.0251109 0.016219 0.00817248 0.00131575 -0.00410825 -0.00801956 -0.0103822 -0.0113144 -0.0109953 -0.00964373 -0.00752522 -0.0049101 -0.00205 0.000830896 0.00353158 0.00594101 0.00795506 0.0095397 0.0107166 0.0114755 0.0118966 0.0120155 0.0118752 0.0115655 0.0110919 0.0105293 0.0099112 0.00924191 0.00858775 0.00792347 
0 0.00197983 0.00397777 0.00603657 0.00816877 0.0104172 0.0128255 0.015422 0.018274 0.0214204 0.0249132 0.0288114 0.0331381 0.0379265 0.0431655 0.0488082 0.0547647 0.0608922 0.0669896 0.0728218 0.0781357 0.0826287 0.0860685 0.0881972 0.0888207 0.0878631 0.0852515 0.0811218 0.0756583 0.0691385 0.0619496 0.054443 0.047019 0.0400287 0.0338111 0.0286059 0.0246177 0.0219299 0.0205154 0.0203333 0.0212078 0.0229762 0.0254066 0.0282873 0.0313753 0.0344921 0.0375011 0.0402437 0.0426836 0.0447678 0.0465053 0.0478953 0.0490099 0.0498554 0.0504856 0.0509721 0.0513211 0.0515523 0.0516884 0.0518039 0.051861 0.0518726 0.0518319 0.0517935 0.0517372 0.0516647 0.051564 0.0514503 0.0513433 0.0512306 0.0511096 0.0509642 0.0508351 0.0507029 0.0505787 0.0504246 0.0502884 0.0501575 0.050036 0.0498855 0.0497592 0.0496427 0.0495267 0.0493963 0.0492924 0.0491949 0.0490961 0.0489995 0.0489221 0.0488521 0.0487846 0.0487261 0.0486811 0.0486497 0.0486197 0.048602 0.048599 0.0486105 0.0486208 0.04865 0.0486938 0.0487479 0.0488036 0.0488828 0.0489727 0.0490707 0.0491756 0.0493023 0.0494384 0.0495813 0.0497335 0.0499051 0.0500888 0.050272 0.0504684 0.0506852 0.0509127 0.0511292 0.0513714 0.05163 0.0518936 0.0521437 0.0524309 0.0527236 0.0530225 0.0533101 0.0536348 0.0539611 0.0542996 0.0546277 0.0549871 0.0553537 0.0557324 0.0561127 0.0565131 0.0569271 0.0573517 0.0578023 0.0582601 0.0587423 0.0592393 0.0597912 0.0603586 0.0609802 0.0616669 0.0624564 0.063332 0.0643601 0.0655938 0.067035 0.068728 0.0706918 0.0729468 0.0754354 0.0781389 0.0809095 0.0836136 0.0860694 0.0880621 0.0893584 0.0897208 0.0889759 0.086913 0.0834632 0.0785747 0.0723069 0.0648248 0.0563738 0.0472613 0.0378343 0.0285072 0.0196227 0.0116004 0.00473929 -0.000745316 -0.00468964 -0.00713073 -0.00812769 -0.00785388 -0.00653867 -0.00442172 -0.00177452 0.0011442 0.00409576 0.00689794 0.00938676 0.0114862 0.0131456 0.0143499 0.0151481 0.0155564 0.0156464 0.0154753 0.0150824 0.0145457 0.0138915 0.013167 0.0124156 0.0116422 0.0108852 
0 0.00235209 0.00473534 0.00716277 0.00968283 0.0123124 0.0151001 0.0180883 0.0213167 0.0248496 0.028724 0.0329984 0.037703 0.0428544 0.0484419 0.0544033 0.0606406 0.0669896 0.0732518 0.0791777 0.0845078 0.0889658 0.0922987 0.0942835 0.0947339 0.093572 0.090765 0.0864384 0.0807883 0.0740948 0.0667297 0.059021 0.0513644 0.0440884 0.0375016 0.0318756 0.0273833 0.0241333 0.0221486 0.0213806 0.021696 0.0229609 0.0249391 0.0274364 0.0302497 0.0331644 0.0360315 0.0386895 0.0410554 0.0430824 0.044788 0.0461603 0.0472291 0.0480065 0.0485624 0.0489651 0.0492285 0.0493883 0.0494446 0.0494358 0.0493914 0.0493426 0.0492322 0.0490928 0.048949 0.0488117 0.0486535 0.0484742 0.048292 0.0481228 0.0479545 0.0477565 0.0475709 0.0473966 0.0472252 0.0470313 0.0468575 0.0466868 0.0465262 0.0463511 0.0461929 0.0460412 0.0459023 0.0457521 0.0456206 0.0455004 0.0453881 0.0452727 0.0451786 0.0450953 0.0450177 0.0449468 0.0448952 0.0448538 0.0448195 0.0447976 0.0447923 0.0447983 0.0448126 0.0448417 0.0448867 0.0449432 0.0450083 0.0450901 0.0451884 0.0452956 0.0454126 0.0455487 0.045701 0.0458567 0.0460271 0.0462182 0.0464215 0.0466238 0.0468499 0.0470923 0.0473427 0.0475928 0.0478729 0.0481607 0.0484593 0.0487569 0.0490841 0.0494195 0.0497682 0.0501076 0.0504832 0.0508742 0.0512683 0.0516555 0.0520872 0.0525362 0.0529859 0.0534391 0.0539234 0.0544474 0.0549834 0.0555156 0.0560708 0.0567031 0.0573555 0.0580288 0.058742 0.0595461 0.0604389 0.0614491 0.0625707 0.0638633 0.0653847 0.0671598 0.06922 0.0715512 0.0741614 0.0770138 0.0800398 0.0830854 0.0860199 0.088621 0.0906792 0.0919853 0.0922936 0.0914435 0.0892849 0.0857397 0.0807919 0.074528 0.0670845 0.0587236 0.0497405 0.040465 0.031294 0.0225623 0.0146566 0.00786981 0.0024315 -0.00151379 -0.00396254 -0.00497214 -0.00470874 -0.00337628 -0.00122512 0.00148592 0.00449605 0.00756468 0.0104925 0.0131173 0.015348 0.0171162 0.0184239 0.0192833 0.019734 0.0198424 0.0196474 0.0192318 0.0186348 0.0179145 0.0171234 0.0162784 0.015434 0.0145864 
0 0.00274391 0.00552807 0.0083352 0.0112465 0.0142561 0.0174176 0.0207908 0.0243888 0.0283021 0.0325502 0.0371877 0.0422511 0.0477328 0.0536283 0.0598556 0.066313 0.0728218 0.0791777 0.0851296 0.0904032 0.0947518 0.0979046 0.0996691 0.0998831 0.098464 0.0954323 0.0908946 0.0850597 0.0782002 0.0706591 0.0627569 0.0548653 0.0473124 0.0403719 0.034331 0.0293357 0.0255053 0.0229092 0.0215039 0.0212207 0.0219336 0.0234284 0.0255116 0.0279982 0.0306705 0.0333705 0.0359393 0.0382479 0.0402555 0.0419407 0.0433017 0.044353 0.0451089 0.0456391 0.0460023 0.0462146 0.0463069 0.0463122 0.0462466 0.0461562 0.0460434 0.0458738 0.0456881 0.0455096 0.0453246 0.0451205 0.0449111 0.0446925 0.044494 0.0442921 0.0440706 0.0438558 0.0436627 0.0434596 0.0432514 0.0430591 0.0428677 0.0426836 0.0425036 0.0423292 0.0421582 0.0420095 0.0418541 0.0417096 0.0415781 0.0414627 0.0413401 0.0412417 0.0411514 0.0410722 0.0409978 0.040948 0.0408989 0.0408679 0.0408469 0.040843 0.0408431 0.0408673 0.0408967 0.0409426 0.0409995 0.041077 0.0411567 0.0412601 0.0413731 0.0415009 0.0416373 0.0418004 0.0419636 0.0421457 0.0423441 0.0425598 0.0427727 0.0430169 0.0432716 0.0435344 0.043806 0.0441088 0.0444111 0.0447291 0.0450607 0.0454091 0.0457686 0.0461474 0.0465261 0.0469266 0.0473573 0.0477868 0.0482216 0.048693 0.0491887 0.0496845 0.0502057 0.0507469 0.0513244 0.0519321 0.0525522 0.0531969 0.0539131 0.0546682 0.0554561 0.0563183 0.0572716 0.0583351 0.0595326 0.0608805 0.0624313 0.0642457 0.0663356 0.0687194 0.0713916 0.0743352 0.0775282 0.0808483 0.0841332 0.0872311 0.0899218 0.092004 0.093284 0.093528 0.0925687 0.0903156 0.0866877 0.0817193 0.0755121 0.0681908 0.0600172 0.0512591 0.0422368 0.0333099 0.0248209 0.0171158 0.0104878 0.00517512 0.00129824 -0.00109461 -0.00207034 -0.00177132 -0.000381787 0.00184757 0.00467229 0.00782305 0.0110676 0.0141799 0.0170013 0.0194213 0.0213535 0.0228187 0.0237922 0.0243414 0.0245244 0.0243657 0.0239846 0.0233822 0.0226453 0.021827 0.0209228 0.020031 0.0191134 
