0 0 0 0 0 0 0 0 0 0 0 0 0 0 0 0 0 0 0 0 0 0 0 0 0 0 0 0 0 0 0 0 0 0 0 0 0 0 0 0 0 0 0 0 0 0 0 0 0 0 0 0 0 0 0 0 0 0 0 0 0 0 0 0 0 0 0 0 0 0 0 0 0 0 0 0 0 0 0 0 0 0 0 0 0 0 0 0 0 0 0 0 0 0 0 0 0 0 0 0 0 0 0 0 0 0 0 0 0 0 0 0 0 0 0 0 0 0 0 0 0 0 0 0 0 0 0 0 0 0 0 0 0 0 0 0 0 0 0 0 0 0 0 0 0 0 0 0 0 0 0 0 0 0 0 0 0 0 0 0 0 0 0 0 0 0 0 0 0 0 0 0 0 0 0 0 0 0 0 0 0 0 0 0 0 0 0 0 0 0 0 0 0 0 0 0 0 0 0 0 
0 3.45211e-05 6.90977e-05 0.000115055 0.000168765 0.000237818 0.00032969 0.000439149 0.000583664 0.000758402 0.000967392 0.00122723 0.0015171 0.00185891 0.00223676 0.00262997 0.00305127 0.00343727 0.00378923 0.00406993 0.00422666 0.00427918 0.00416918 0.0039158 0.00352724 0.00299696 0.00238203 0.00170773 0.00103254 0.000411627 -9.69638e-05 -0.000478851 -0.000698899 -0.000760667 -0.00069124 -0.000468588 -0.000156376 0.000236667 0.000660525 0.00108359 0.00148972 0.00186451 0.00222636 0.00253586 0.00282413 0.00307539 0.00330492 0.00351904 0.0037316 0.00392205 0.00409601 0.00429306 0.00446355 0.00463872 0.00480381 0.00496657 0.00512075 0.00529357 0.00544902 0.00558442 0.0057272 0.0058745 0.00602918 0.00614862 0.00627039 0.00639895 0.00653893 0.00664214 0.00675377 0.00686405 0.00697614 0.00707574 0.00717027 0.00726105 0.00735708 0.00744703 0.00751737 0.00760171 0.00768118 0.00775201 0.00781013 0.00788676 0.00794361 0.00800234 0.00805204 0.00811147 0.00815299 0.00820276 0.00823785 0.00828232 0.00831432 0.00834894 0.0083707 0.00840541 0.00842346 0.00844209 0.00845637 0.00847822 0.00847901 0.00848808 0.00849382 0.00849765 0.00848566 0.00848822 0.00847862 0.00846649 0.00844676 0.00843808 0.00841099 0.00838936 0.00835913 0.00833524 0.00829594 0.00826463 0.00821851 0.00818387 0.00813401 0.00808608 0.00802841 0.00798587 0.00791829 0.007855 0.00779303 0.00773283 0.00764882 0.00757667 0.00750353 0.00742201 0.00733386 0.00724242 0.00715343 0.00706296 0.00696694 0.00684727 0.00675137 0.00664996 0.00654101 0.00640835 0.00629551 0.00617959 0.00606676 0.00592708 0.00579449 0.00567765 0.00554466 0.00540833 0.00527759 0.00515289 0.00500981 0.00489273 0.00475759 0.00463589 0.00452964 0.00443339 0.00434008 0.00426631 0.0042332 0.00422491 0.0042689 0.0043327 0.00443337 0.00454776 0.00468525 0.00480435 0.00486207 0.00485133 0.00470277 0.00443266 0.0040166 0.00345101 0.00275514 0.00195995 0.00110128 0.000237614 -0.000565513 -0.00129752 -0.00188285 -0.00233258 -0.00263343 -0.00276093 -0.00277142 -0.00264532 -0.0024336 -0.00217025 -0.00186416 -0.00156699 -0.0012772 -0.00101503 -0.000789292 -0.000595089 -0.000438986 -0.000314236 -0.000219887 -0.000149429 -0.000101424 -6.90092e-05 -4.86552e-05 -4.03931e-05 -3.62643e-05 -4.28835e-05 
0 6.90977e-05 0.00015189 0.000236885 0.000355269 0.000495528 0.000673467 0.000910422 0.00118798 0.00154935 0.00197695 0.00248115 0.00308759 0.00375292 0.00451177 0.00531652 0.00613062 0.00693665 0.00763063 0.00818745 0.00852937 0.00860365 0.00840143 0.00789332 0.0071081 0.00606985 0.00484952 0.00351475 0.00217891 0.000957979 -7.84874e-05 -0.000821308 -0.0012643 -0.00140531 -0.00123066 -0.000810539 -0.000184931 0.000596584 0.00142698 0.0022594 0.00308221 0.00384001 0.0045427 0.00519404 0.00574331 0.00623712 0.00670681 0.00714038 0.00755798 0.00794638 0.00830458 0.00864988 0.00900805 0.00936175 0.00969046 0.00999787 0.0103162 0.0106337 0.0109191 0.0112193 0.0115074 0.011774 0.0120366 0.0123092 0.0125533 0.012797 0.013037 0.0132587 0.0134797 0.013692 0.0138987 0.0140928 0.0142833 0.0144532 0.0146432 0.0148069 0.0149565 0.0151067 0.0152713 0.015395 0.0155222 0.0156543 0.0157777 0.0158779 0.0159864 0.0160876 0.0161796 0.016264 0.0163417 0.0164174 0.0164874 0.0165458 0.0165954 0.0166544 0.0166953 0.016726 0.0167585 0.0167947 0.0168019 0.016815 0.0168299 0.016833 0.0168158 0.0168155 0.0168021 0.0167745 0.0167429 0.0167197 0.0166753 0.016627 0.0165774 0.0165231 0.0164578 0.0163876 0.0163111 0.0162328 0.0161495 0.0160455 0.0159488 0.0158518 0.0157371 0.0156031 0.0154963 0.0153658 0.0152188 0.0150708 0.0149378 0.0147692 0.0146059 0.0144351 0.0142648 0.0140777 0.0138846 0.0136846 0.0134969 0.0132842 0.013047 0.0128387 0.0126257 0.0123842 0.0121338 0.0118982 0.0116464 0.011408 0.0111574 0.0108896 0.0106198 0.0103687 0.0101316 0.00987671 0.009611 0.00936994 0.00915895 0.00895432 0.00879407 0.00866095 0.00856744 0.0085738 0.00864456 0.00877099 0.00897854 0.00922549 0.00948201 0.00972093 0.00984089 0.00977799 0.00950598 0.00895225 0.0081159 0.00699804 0.00559855 0.00400202 0.00228581 0.000564368 -0.00105991 -0.00249261 -0.00367465 -0.00457495 -0.00515203 -0.00544503 -0.00544714 -0.00520991 -0.00480678 -0.00426257 -0.00367708 -0.00307662 -0.00250091 -0.00199225 -0.0015378 -0.00116153 -0.000852993 -0.000604777 -0.000416441 -0.00027643 -0.000176894 -0.000112975 -7.81963e-05 -6.03128e-05 -6.31047e-05 -7.46461e-05 
0 0.000115055 0.000236885 0.000385827 0.000562379 0.000784704 0.00107033 0.00141864 0.00186207 0.0024014 0.00304737 0.00383037 0.004722 0.00575105 0.00688909 0.0080858 0.00933608 0.0105105 0.011565 0.0124028 0.012898 0.0130482 0.0127445 0.0120065 0.0108586 0.00931326 0.00750252 0.00552431 0.00354142 0.00171741 0.000206303 -0.000916989 -0.00157559 -0.00177116 -0.00155268 -0.000913945 1.23198e-05 0.00116714 0.00241765 0.00367457 0.00488716 0.00601483 0.0070819 0.00802036 0.00887069 0.00962068 0.0103058 0.0109434 0.0115614 0.0121236 0.0126432 0.0131923 0.0136966 0.0141999 0.0146754 0.0151373 0.0155851 0.0160601 0.0164957 0.016892 0.0172938 0.0177001 0.018114 0.0184627 0.0188042 0.0191574 0.0195255 0.0198239 0.0201295 0.0204304 0.020731 0.0210045 0.0212629 0.0215104 0.0217681 0.0220069 0.0222063 0.0224278 0.0226416 0.02283 0.0229949 0.0231895 0.0233481 0.0235019 0.0236399 0.0237907 0.0239089 0.0240354 0.0241348 0.0242475 0.0243371 0.0244249 0.024489 0.0245744 0.024627 0.024675 0.0247164 0.0247682 0.0247776 0.0247994 0.0248161 0.0248237 0.0247997 0.0248014 0.0247797 0.0247471 0.0247005 0.0246721 0.0246074 0.0245474 0.0244729 0.0244057 0.0243085 0.0242208 0.0241072 0.0240093 0.0238827 0.0237531 0.023608 0.023485 0.0233141 0.0231448 0.0229815 0.0228141 0.0226 0.0224038 0.0222077 0.0219881 0.0217529 0.0215101 0.0212703 0.0210218 0.0207567 0.0204494 0.0201827 0.0199011 0.0195951 0.0192507 0.0189387 0.0186163 0.0182904 0.017918 0.0175544 0.0172181 0.0168502 0.0164697 0.0160977 0.0157388 0.015353 0.0150052 0.0146278 0.0142815 0.0139762 0.013698 0.0134427 0.0132444 0.0131473 0.0131423 0.0132682 0.0134678 0.0137661 0.0141143 0.0145045 0.0148382 0.0149964 0.0149211 0.0144696 0.0136371 0.0123745 0.0106761 0.00858983 0.00620865 0.00364908 0.00107791 -0.0013321 -0.00350094 -0.00526562 -0.00661609 -0.00751514 -0.00793175 -0.00796748 -0.00762251 -0.00701752 -0.00624502 -0.00536383 -0.0044881 -0.00364216 -0.00287625 -0.00221281 -0.00164792 -0.00119155 -0.000829838 -0.000555538 -0.000355056 -0.000217866 -0.000128891 -7.82901e-05 -6.07591e-05 -6.19035e-05 -8.33604e-05 
0 0.000168765 0.000355269 0.000562379 0.000819388 0.00113239 0.00152249 0.00201427 0.00261242 0.00335281 0.00423671 0.00528146 0.00650087 0.00787125 0.00939526 0.0110119 0.0126596 0.0142513 0.0156544 0.0167678 0.0174583 0.0176446 0.0172676 0.0163046 0.0147918 0.0127825 0.0104115 0.00782555 0.00523227 0.00284752 0.000841845 -0.000628864 -0.00150729 -0.00178364 -0.00147527 -0.000659039 0.000559512 0.00206869 0.00370476 0.00535693 0.00696952 0.00847596 0.00987386 0.0111404 0.012249 0.0132369 0.0141473 0.0149939 0.0157948 0.0165358 0.0172235 0.017896 0.0185594 0.0192093 0.0198215 0.0204014 0.020981 0.0215582 0.0220962 0.022621 0.0231325 0.0236234 0.0241058 0.0245683 0.0250022 0.0254335 0.0258574 0.0262447 0.0266231 0.0269919 0.0273493 0.0276858 0.028005 0.0283067 0.0286181 0.0289014 0.029156 0.0294153 0.0296772 0.029899 0.0301106 0.0303306 0.0305316 0.0307092 0.030884 0.0310536 0.031206 0.0313482 0.0314763 0.0316024 0.0317166 0.0318148 0.0319003 0.031993 0.0320625 0.0321166 0.0321713 0.0322251 0.0322456 0.0322678 0.0322908 0.0322959 0.0322773 0.0322725 0.0322523 0.0322115 0.0321642 0.0321229 0.0320557 0.0319797 0.0318993 0.0318127 0.0317074 0.0315954 0.031472 0.0313462 0.031205 0.0310445 0.0308833 0.0307227 0.0305316 0.0303246 0.0301345 0.0299232 0.0296804 0.0294397 0.029205 0.028936 0.0286567 0.0283701 0.0280786 0.0277688 0.027441 0.0270974 0.0267655 0.0264074 0.026018 0.0256349 0.0252537 0.0248438 0.0244183 0.0239848 0.0235435 0.0231131 0.0226617 0.0221845 0.0217088 0.0212521 0.0207997 0.0203392 0.0198658 0.0194264 0.0190343 0.0186759 0.0183735 0.0181394 0.0180074 0.0180278 0.0181868 0.0184618 0.0188642 0.0193397 0.0198361 0.0202586 0.020453 0.0202994 0.0196982 0.0185645 0.0168677 0.0146086 0.0118255 0.00865511 0.00525907 0.00185132 -0.00136285 -0.00421926 -0.00657942 -0.00837977 -0.0095689 -0.0101677 -0.0102179 -0.00979605 -0.00902768 -0.0080115 -0.00688203 -0.00573033 -0.00462755 -0.00363492 -0.00276418 -0.00203539 -0.00144157 -0.000971886 -0.000617049 -0.000358392 -0.00018234 -7.2994e-05 -1.58519e-05 1.5276e-06 -1.52359e-05 -5.4524e-05 
0 0.000237818 0.000495528 0.000784704 0.00113239 0.00155334 0.00206985 0.00271046 0.00348918 0.00443793 0.00557069 0.00690147 0.00844543 0.0101823 0.0120973 0.0141302 0.0161925 0.0181794 0.0199366 0.0213267 0.0222059 0.0224583 0.0220208 0.0208622 0.0190186 0.0165715 0.0136686 0.0105088 0.00733598 0.00441136 0.00195115 0.000133831 -0.000960676 -0.00131545 -0.000954864 2.84063e-05 0.00151747 0.00335658 0.00536889 0.00741216 0.00939919 0.0112677 0.0129918 0.0145542 0.0159307 0.0171569 0.0182714 0.0193029 0.0202659 0.0211573 0.0219914 0.0227946 0.0235824 0.0243407 0.02506 0.0257438 0.0264217 0.0270869 0.0277151 0.0283152 0.0288968 0.0294657 0.0300158 0.0305373 0.0310271 0.0315145 0.031987 0.0324274 0.0328455 0.0332556 0.0336517 0.0340257 0.0343764 0.0347132 0.0350494 0.0353594 0.0356444 0.0359261 0.036205 0.0364508 0.0366849 0.036917 0.0371356 0.0373301 0.0375194 0.0376988 0.0378661 0.038017 0.0381579 0.0382909 0.0384144 0.0385191 0.0386157 0.0387095 0.0387869 0.0388471 0.0389074 0.0389596 0.0389896 0.0390135 0.0390376 0.0390429 0.0390321 0.0390231 0.0390042 0.0389642 0.0389191 0.0388714 0.0388065 0.0387273 0.0386452 0.0385527 0.038446 0.0383266 0.0382009 0.0380657 0.0379173 0.0377498 0.0375818 0.0374049 0.0372054 0.0369898 0.0367821 0.0365535 0.0362995 0.0360408 0.0357826 0.0354971 0.0351939 0.0348826 0.034565 0.0342295 0.0338686 0.0334951 0.0331227 0.0327321 0.0323065 0.0318762 0.0314423 0.0309919 0.030517 0.0300267 0.0295284 0.0290327 0.028519 0.0279804 0.0274408 0.0269103 0.0263854 0.0258491 0.0253136 0.0248097 0.0243566 0.0239486 0.0236039 0.0233495 0.0232249 0.0232769 0.0234925 0.0238575 0.0243565 0.0249443 0.0255433 0.0260323 0.0262426 0.0260144 0.0252294 0.0237854 0.0216447 0.0188106 0.0153465 0.0114073 0.0071998 0.00297845 -0.00101396 -0.00456232 -0.00751201 -0.00976463 -0.0112682 -0.0120434 -0.0121372 -0.0116576 -0.0107404 -0.00952276 -0.00815864 -0.00676031 -0.00542287 -0.00421076 -0.00315162 -0.00226424 -0.00154355 -0.000979182 -0.000555606 -0.00025304 -5.15906e-05 6.62313e-05 0.000119863 0.000127066 9.45695e-05 3.50803e-05 
0 0.00032969 0.000673467 0.00107033 0.00152249 0.00206985 0.00273663 0.00353722 0.00452351 0.00569508 0.00709154 0.00873371 0.010604 0.0127285 0.0150412 0.0174886 0.0199824 0.0223518 0.0244711 0.0261424 0.0272048 0.0275448 0.0270536 0.0257222 0.0235796 0.0207275 0.0173351 0.0136474 0.00993877 0.00650131 0.00362074 0.00145677 0.00014515 -0.000289724 9.01591e-05 0.00122381 0.00294768 0.00507743 0.00743303 0.00984424 0.0121789 0.0143899 0.0164324 0.0182577 0.0198947 0.0213432 0.0226413 0.0238364 0.0249425 0.0259578 0.0269049 0.0278231 0.0286955 0.0295304 0.030325 0.0310885 0.0318201 0.032539 0.0332311 0.0338667 0.0344832 0.0350958 0.0356883 0.0362243 0.0367436 0.0372526 0.0377485 0.0382048 0.0386362 0.0390586 0.0394671 0.0398501 0.0402057 0.0405568 0.0408881 0.0412053 0.0414955 0.0417831 0.0420499 0.0423076 0.04254 0.0427711 0.0429829 0.0431852 0.0433674 0.0435474 0.0437098 0.0438619 0.0439997 0.0441323 0.0442499 0.0443567 0.0444535 0.0445423 0.0446185 0.0446839 0.044742 0.0447899 0.0448266 0.0448535 0.044874 0.0448824 0.0448808 0.0448709 0.0448531 0.0448227 0.044783 0.0447362 0.0446784 0.044609 0.0445298 0.0444449 0.0443444 0.0442347 0.0441141 0.0439885 0.0438418 0.0436902 0.0435252 0.0433543 0.0431591 0.0429621 0.0427482 0.0425285 0.0422822 0.0420324 0.0417671 0.0414945 0.0411923 0.0408816 0.0405621 0.0402299 0.0398701 0.0394902 0.0391073 0.0387134 0.0382958 0.037839 0.0373872 0.0369307 0.0364478 0.0359247 0.035409 0.0348866 0.0343391 0.0337744 0.0332078 0.0326409 0.032063 0.0314957 0.0309288 0.0303892 0.029902 0.0294805 0.0291189 0.0288721 0.0287947 0.0288864 0.0291815 0.0296521 0.0302568 0.0309566 0.0316593 0.0321968 0.0323991 0.0320928 0.0310959 0.0293389 0.0267528 0.0233406 0.0192124 0.0145223 0.00952648 0.00451307 -0.000228757 -0.00446257 -0.00798638 -0.0106864 -0.0125214 -0.0134721 -0.0136418 -0.0131282 -0.0120851 -0.0107074 -0.0091265 -0.00751303 -0.0059653 -0.00454975 -0.00332704 -0.00229462 -0.0014637 -0.000819256 -0.000338604 -3.93163e-06 0.000213299 0.000333043 0.000376794 0.000361567 0.000303968 0.000210501 
0 0.000439149 0.000910422 0.00141864 0.00201427 0.00271046 0.00353722 0.00454508 0.00573585 0.00716637 0.00885479 0.0108012 0.0130506 0.0155464 0.0182715 0.0211591 0.0240468 0.026839 0.0293015 0.0312488 0.0325291 0.0329312 0.0324207 0.0309344 0.0285107 0.0253 0.0214651 0.0172926 0.013093 0.00919821 0.00588361 0.00340514 0.00186497 0.00130636 0.00171973 0.00294277 0.00486213 0.00724177 0.00988894 0.012611 0.0152795 0.0178123 0.0201181 0.0222237 0.0240676 0.0257048 0.0271726 0.0285113 0.0297174 0.0308366 0.0318831 0.0328305 0.0337718 0.034654 0.0354923 0.0362787 0.0370506 0.0377644 0.0384545 0.0391253 0.0397586 0.0403581 0.0409081 0.0414703 0.0419941 0.0424892 0.0429377 0.0434031 0.043823 0.0442303 0.0446084 0.044975 0.0453193 0.0456521 0.0459597 0.0462488 0.0465381 0.0467942 0.0470443 0.0472759 0.0475069 0.0477005 0.0479065 0.0480818 0.0482601 0.0484094 0.0485686 0.0486944 0.0488323 0.0489401 0.0490534 0.0491431 0.0492428 0.0493091 0.0493868 0.0494449 0.0495038 0.0495361 0.0495848 0.049607 0.0496291 0.0496345 0.0496511 0.0496354 0.0496286 0.0496051 0.0495845 0.0495351 0.0495011 0.04944 0.0493835 0.0493032 0.0492335 0.0491316 0.049043 0.0489242 0.0488115 0.0486734 0.048545 0.0483788 0.0482254 0.0480479 0.0478646 0.0476559 0.0474563 0.0472269 0.0469877 0.0467372 0.0464706 0.0461936 0.045898 0.0455845 0.0452466 0.0449273 0.0445584 0.0441747 0.0437686 0.0433802 0.0429447 0.042494 0.0420101 0.0415373 0.0410417 0.0405145 0.0399866 0.0394315 0.0388629 0.0382914 0.0377488 0.0371559 0.0365992 0.0360667 0.0355807 0.0351672 0.0348552 0.0346653 0.0346321 0.0348274 0.0352065 0.0358008 0.0365392 0.037372 0.0381566 0.0387411 0.0389326 0.0384932 0.0373143 0.0352237 0.0321896 0.0282314 0.0234428 0.0180288 0.0122783 0.00650976 0.00102916 -0.00383726 -0.00793554 -0.0110826 -0.0132221 -0.0144051 -0.0146425 -0.0141309 -0.0130136 -0.0114737 -0.00973781 -0.00792307 -0.00618749 -0.00461052 -0.00322796 -0.00208255 -0.00115601 -0.000440683 8.017e-05 0.000439695 0.000658951 0.000767019 0.000788483 0.000741585 0.000645124 0.000508924 
0 0.000583664 0.00118798 0.00186207 0.00261242 0.00348918 0.00452351 0.00573585 0.00718972 0.00888869 0.0108813 0.0131871 0.01579 0.0187074 0.0218524 0.0251575 0.0284881 0.0316485 0.0344663 0.0366952 0.0381552 0.0386733 0.0381417 0.0365326 0.0338779 0.0303345 0.0260915 0.0214783 0.0168239 0.0124776 0.00879403 0.00597422 0.00419906 0.00351733 0.00386867 0.00515925 0.00721082 0.00978249 0.0126767 0.0156873 0.0186233 0.0214218 0.023986 0.0262828 0.0283382 0.0301481 0.0317423 0.0331683 0.0344502 0.0356159 0.0366982 0.0377045 0.0386467 0.0395182 0.0403464 0.0411423 0.0418824 0.0425832 0.0432635 0.0438843 0.0444689 0.0450475 0.0455868 0.046083 0.0465598 0.0470107 0.0474367 0.0478467 0.0482201 0.0485785 0.0489201 0.0492383 0.0495382 0.0498317 0.0500881 0.0503391 0.0505874 0.0508086 0.0510047 0.0512109 0.0513994 0.051563 0.0517232 0.0518784 0.0520164 0.0521444 0.0522653 0.0523743 0.0524821 0.0525738 0.0526562 0.0527377 0.0528166 0.0528698 0.0529293 0.0529885 0.0530316 0.0530589 0.0531043 0.0531323 0.0531446 0.0531593 0.0531824 0.053176 0.0531708 0.0531704 0.0531599 0.0531283 0.0531087 0.0530794 0.0530368 0.0529876 0.0529399 0.0528769 0.0528101 0.0527325 0.0526461 0.0525577 0.0524574 0.0523372 0.0522193 0.0520994 0.0519468 0.051791 0.0516386 0.0514634 0.0512644 0.0510746 0.0508615 0.0506303 0.0503904 0.05014 0.0498659 0.0495808 0.0492702 0.0489569 0.0486315 0.0482623 0.0478769 0.0475024 0.047095 0.0466536 0.0462087 0.0457379 0.0452496 0.0447591 0.044251 0.0437222 0.0431894 0.0426631 0.042163 0.0416833 0.0412549 0.0409106 0.0406626 0.0405646 0.0406711 0.040973 0.0415041 0.0422529 0.0431292 0.0440867 0.0449738 0.0455919 0.04575 0.0452231 0.0438063 0.0413994 0.0379288 0.0334155 0.0280211 0.0219305 0.0154763 0.00899943 0.00284494 -0.00266223 -0.00729652 -0.0108801 -0.0133639 -0.0147363 -0.0151009 -0.0146059 -0.0134253 -0.0118021 -0.00990789 -0.00794584 -0.00605266 -0.00431424 -0.0028129 -0.00155247 -0.000550626 0.000211279 0.000762066 0.00112203 0.00132856 0.00140932 0.00139409 0.00130459 0.00116272 0.000976584 
0 0.000758402 0.00154935 0.0024014 0.00335281 0.00443793 0.00569508 0.00716637 0.00888869 0.0108987 0.0132295 0.0158952 0.0189042 0.0222298 0.0258082 0.0295503 0.0332901 0.03685 0.0400037 0.0425069 0.0441655 0.0447725 0.0442345 0.0425091 0.0396377 0.0357967 0.0312001 0.0261879 0.021123 0.0163755 0.0122985 0.00915262 0.00711368 0.00625068 0.00652791 0.00781141 0.00992468 0.0126173 0.0156763 0.0188826 0.0220513 0.0250742 0.0278345 0.0303193 0.0325185 0.0344462 0.036138 0.0376308 0.0389436 0.040133 0.0412213 0.0421943 0.0431054 0.043943 0.0447313 0.0454742 0.0461612 0.0467846 0.0473868 0.0479588 0.0484908 0.0489829 0.0494238 0.049864 0.0502862 0.0506611 0.050995 0.0513403 0.0516547 0.0519467 0.0522113 0.0524625 0.0527059 0.0529374 0.0531289 0.0533174 0.0535161 0.053678 0.0538199 0.0539714 0.0541165 0.054227 0.0543433 0.0544515 0.0545535 0.0546379 0.0547234 0.0547954 0.0548763 0.054934 0.0549899 0.0550471 0.0551077 0.0551366 0.0551819 0.0552292 0.0552616 0.0552769 0.0553219 0.0553476 0.0553587 0.0553763 0.0554108 0.0554104 0.055417 0.0554334 0.0554439 0.0554282 0.0554351 0.0554331 0.055421 0.0553992 0.0553911 0.055364 0.0553387 0.0552991 0.0552632 0.0552199 0.0551714 0.0550979 0.0550414 0.0549761 0.0548825 0.0547827 0.0547021 0.054591 0.054456 0.0543319 0.0541982 0.0540448 0.0538738 0.0536933 0.0535036 0.0533174 0.0530826 0.0528371 0.0525968 0.0523449 0.0520482 0.0517434 0.0514201 0.0510921 0.0507436 0.0503564 0.0499632 0.0495637 0.0491421 0.0487053 0.048278 0.0478372 0.047433 0.0470542 0.0467234 0.0464918 0.0463895 0.0464456 0.0467013 0.0471785 0.0478801 0.0488118 0.049878 0.0509917 0.0519796 0.0526415 0.0527683 0.0521173 0.0505042 0.0477845 0.0438997 0.0388902 0.0329111 0.0261934 0.0190858 0.0119521 0.00516517 -0.000916115 -0.00605914 -0.0100602 -0.0128551 -0.0144586 -0.0149449 -0.0144977 -0.013302 -0.0115941 -0.00959872 -0.00750421 -0.00547735 -0.00362373 -0.00201123 -0.000673656 0.000387691 0.00118636 0.00174579 0.00210468 0.00228859 0.00233445 0.0022741 0.00212581 0.00192192 0.00166637 
0 0.000967392 0.00197695 0.00304737 0.00423671 0.00557069 0.00709154 0.00885479 0.0108813 0.0132295 0.0159237 0.0189755 0.022405 0.0261564 0.0301767 0.0343526 0.0384987 0.0424386 0.0459101 0.0486732 0.0505139 0.0512141 0.0506784 0.048854 0.0457946 0.0416793 0.036755 0.03137 0.025915 0.0207828 0.0163243 0.0128415 0.0105113 0.00941966 0.00954859 0.0107491 0.0128437 0.0155814 0.0187352 0.0220725 0.0254034 0.0285809 0.0314831 0.0340993 0.0364043 0.0384184 0.0401645 0.0416723 0.0429714 0.0441328 0.0451831 0.0461028 0.0469426 0.0476965 0.0483988 0.0490525 0.0496519 0.0501821 0.0506813 0.0511562 0.0515914 0.0519848 0.0523281 0.0526746 0.0529978 0.0532787 0.0535205 0.0537745 0.0540017 0.054206 0.0543836 0.0545519 0.0547189 0.0548686 0.0549853 0.0550991 0.0552288 0.0553209 0.055399 0.0554836 0.0555709 0.0556238 0.0556845 0.0557385 0.0557943 0.0558312 0.0558718 0.0559039 0.0559483 0.0559704 0.0559945 0.0560246 0.0560592 0.0560664 0.0560924 0.056125 0.0561439 0.0561513 0.0561891 0.0562135 0.0562243 0.0562468 0.0562875 0.0562991 0.0563182 0.0563526 0.0563832 0.0563917 0.0564242 0.0564541 0.0564752 0.0564888 0.0565211 0.0565385 0.0565577 0.056566 0.0565857 0.0565965 0.0566052 0.0565933 0.0566041 0.0566029 0.0565813 0.0565535 0.0565508 0.0565175 0.0564662 0.0564232 0.0563807 0.0563167 0.056238 0.056154 0.0560651 0.0559767 0.0558465 0.0557114 0.0555791 0.0554394 0.0552539 0.0550652 0.0548659 0.054664 0.0544299 0.0541631 0.0539002 0.053635 0.0533461 0.053035 0.052737 0.0524356 0.0521817 0.0519593 0.0517873 0.0517212 0.0518085 0.0520734 0.0525434 0.0532511 0.0541808 0.0553333 0.0566107 0.0578924 0.058993 0.0597077 0.0598115 0.0590516 0.0572474 0.0542311 0.0499602 0.0444954 0.0379953 0.0307296 0.023049 0.0153384 0.00798996 0.00138229 -0.00422641 -0.00862096 -0.0117161 -0.0135415 -0.0141623 -0.0137785 -0.0125924 -0.0108352 -0.00876657 -0.0065707 -0.00443422 -0.00248032 -0.000773477 0.000630644 0.00173955 0.0025612 0.00311587 0.00345207 0.0035938 0.00358622 0.00346439 0.00324948 0.00297632 0.00264936 
0 0.00122723 0.00248115 0.00383037 0.00528146 0.00690147 0.00873371 0.0108012 0.0131871 0.0158952 0.0189755 0.0224572 0.0262963 0.0305032 0.0349633 0.0395514 0.0441188 0.0483954 0.0521755 0.0551823 0.0571652 0.0579601 0.0574046 0.0554792 0.0522449 0.0478737 0.0426432 0.0369198 0.0311013 0.0255801 0.0207614 0.0169017 0.0142421 0.0128815 0.0127685 0.0138176 0.0157995 0.0184872 0.0216366 0.0250332 0.0284397 0.0317011 0.034714 0.0373861 0.0397625 0.0418212 0.0435806 0.0450596 0.0463285 0.047422 0.0483779 0.0492331 0.0499537 0.0505935 0.0511737 0.0517227 0.0521823 0.0525978 0.0529808 0.0533264 0.053633 0.053906 0.0541579 0.0543701 0.0545788 0.0547465 0.0549055 0.0550358 0.0551689 0.0552704 0.0553619 0.0554345 0.0555139 0.0555754 0.0556118 0.0556513 0.0556937 0.0557219 0.0557244 0.0557479 0.0557589 0.0557663 0.055755 0.0557649 0.0557578 0.0557588 0.0557401 0.0557437 0.0557354 0.0557333 0.055715 0.055726 0.0557212 0.0557195 0.055716 0.0557388 0.0557366 0.0557474 0.0557662 0.0557959 0.0558022 0.0558374 0.0558724 0.0559072 0.0559328 0.0559912 0.0560327 0.0560792 0.0561269 0.0561977 0.056244 0.056307 0.0563673 0.0564432 0.0564969 0.0565687 0.0566324 0.0567126 0.0567677 0.0568366 0.0569035 0.0569799 0.0570257 0.057088 0.0571543 0.0572106 0.0572468 0.057297 0.0573494 0.0573788 0.0574043 0.0574274 0.0574601 0.0574591 0.057457 0.0574476 0.0574532 0.0574127 0.0573702 0.0573224 0.0572752 0.0572012 0.057115 0.0570119 0.0568925 0.0567936 0.0566726 0.0565333 0.0563796 0.0562861 0.0562139 0.0561842 0.056226 0.0563847 0.0567059 0.0572299 0.0579863 0.0589449 0.060164 0.0615751 0.0630905 0.0645655 0.0658048 0.0665804 0.0666619 0.0658306 0.0638304 0.0605661 0.055962 0.0500876 0.0431531 0.0354133 0.0272424 0.0190384 0.0112181 0.0041414 -0.00186163 -0.00660181 -0.00998757 -0.011994 -0.0127721 -0.0124553 -0.0112813 -0.0095193 -0.00737185 -0.00510701 -0.00288193 -0.000829267 0.000937947 0.00240715 0.00354433 0.00437088 0.00492328 0.00522145 0.00532246 0.00525655 0.00506074 0.00477408 0.0044117 0.00399985 
0 0.0015171 0.00308759 0.004722 0.00650087 0.00844543 0.010604 0.0130506 0.01579 0.0189042 0.022405 0.0262963 0.0306047 0.0352349 0.0401334 0.0451454 0.0500639 0.0546909 0.0587285 0.0619368 0.0640606 0.0648948 0.0643139 0.0622759 0.0588601 0.0542356 0.0487298 0.0426722 0.036499 0.0306271 0.0253903 0.0211617 0.0181241 0.0164037 0.0160116 0.0168014 0.0185799 0.0211239 0.0241853 0.0275177 0.030944 0.0342306 0.0372622 0.0399887 0.0423686 0.0444217 0.0461566 0.0476013 0.0487856 0.0497963 0.0506558 0.051367 0.0519575 0.0524714 0.0529228 0.0533092 0.0536502 0.0539167 0.0541404 0.0543626 0.0545638 0.0546935 0.0547896 0.0548978 0.0549978 0.0550571 0.0550797 0.05511 0.0551438 0.0551533 0.0551335 0.0551201 0.0551093 0.0550829 0.0550411 0.0550003 0.0549636 0.0549176 0.0548622 0.0548076 0.0547613 0.0547055 0.054646 0.0545917 0.0545446 0.0544892 0.054437 0.054392 0.0543521 0.0543079 0.0542714 0.054243 0.0542182 0.0541933 0.0541795 0.0541733 0.0541692 0.0541701 0.0541839 0.0542022 0.0542232 0.0542545 0.0542966 0.0543398 0.0543898 0.0544515 0.0545197 0.0545882 0.0546674 0.054756 0.0548474 0.0549393 0.0550446 0.0551553 0.0552649 0.0553765 0.0555035 0.055629 0.055751 0.0558787 0.0560193 0.0561524 0.0562826 0.0564192 0.0565645 0.0567032 0.0568336 0.0569685 0.0571158 0.0572571 0.0573767 0.0575032 0.0576459 0.057784 0.057893 0.0579982 0.0581213 0.0582553 0.0583522 0.058423 0.0585229 0.0586324 0.0587049 0.0587572 0.0588309 0.058896 0.0589561 0.0590145 0.0590866 0.0591849 0.0593356 0.0595484 0.059833 0.0602631 0.0608872 0.0617252 0.062772 0.0640737 0.0655941 0.0672975 0.0690991 0.0707846 0.0721666 0.0730225 0.0731065 0.0721774 0.0700567 0.0665611 0.0616725 0.0554928 0.0481745 0.0400673 0.0315054 0.022906 0.0147017 0.00726489 0.000925203 -0.00410762 -0.00771306 -0.00992213 -0.0108073 -0.0105657 -0.00943017 -0.00762592 -0.00545393 -0.00310534 -0.000797613 0.00131757 0.00317418 0.00468079 0.00585387 0.0066931 0.00722053 0.00749513 0.00753806 0.00740719 0.00713886 0.00676144 0.00631411 0.00580629 
0 0.00185891 0.00375292 0.00575105 0.00787125 0.0101823 0.0127285 0.0155464 0.0187074 0.0222298 0.0261564 0.0305032 0.0352349 0.0403164 0.0456311 0.0510196 0.0562977 0.0611944 0.0654594 0.0688261 0.0710224 0.0718799 0.0712399 0.0690752 0.0654753 0.0606107 0.0548097 0.0484359 0.041911 0.0356501 0.0300333 0.0253811 0.0219295 0.0198141 0.0190274 0.0194763 0.0209592 0.0232649 0.0261407 0.0293669 0.0327062 0.0359387 0.0389604 0.0416511 0.0440174 0.0460511 0.0477374 0.0490958 0.0501997 0.0510883 0.0518082 0.0524125 0.0528602 0.05322 0.053511 0.0537572 0.053938 0.054077 0.0541755 0.054248 0.0542888 0.0542982 0.0543119 0.0542841 0.0542446 0.0541912 0.0541402 0.054056 0.0539855 0.0538916 0.053796 0.0536969 0.0535976 0.0534847 0.0533764 0.053267 0.0531486 0.0530429 0.0529262 0.0528148 0.0527016 0.0526041 0.0524869 0.0523934 0.0522924 0.0522045 0.0521078 0.0520376 0.0519514 0.0518886 0.0518224 0.0517741 0.0517162 0.051689 0.0516524 0.0516333 0.0516155 0.0516235 0.0516183 0.0516392 0.0516629 0.0517038 0.0517369 0.0518023 0.0518618 0.051938 0.0520149 0.0521194 0.0522107 0.0523282 0.0524446 0.0525795 0.052706 0.0528635 0.0530075 0.0531718 0.0533358 0.0535193 0.0536863 0.0538829 0.0540729 0.0542716 0.0544685 0.054685 0.0548903 0.0551084 0.0553289 0.0555492 0.0557783 0.0560073 0.0562363 0.0564702 0.0567191 0.0569387 0.0571831 0.0574314 0.0576801 0.0579044 0.0581535 0.0583943 0.0586497 0.0588915 0.0591247 0.059364 0.0596093 0.0598719 0.0601348 0.0603959 0.0606622 0.0610185 0.0614175 0.0618923 0.0624769 0.0632113 0.0641498 0.0653362 0.0667585 0.0684049 0.0702922 0.072317 0.0743881 0.0763014 0.0778434 0.0787841 0.0788799 0.0779083 0.0756469 0.0719793 0.0668709 0.0604284 0.0528602 0.04448 0.0356426 0.0267688 0.0182869 0.0105702 0.00398579 -0.00126813 -0.00506508 -0.00739512 -0.00839133 -0.00820076 -0.00707316 -0.00526903 -0.00302899 -0.000616539 0.00177584 0.00399321 0.00591192 0.00749433 0.00870435 0.00955136 0.0100813 0.0103099 0.0103084 0.0101115 0.00975868 0.00930816 0.00876171 0.00816627 
0 0.00223676 0.00451177 0.00688909 0.00939526 0.0120973 0.0150412 0.0182715 0.0218524 0.0258082 0.0301767 0.0349633 0.0401334 0.0456311 0.0513338 0.057072 0.0626413 0.0677743 0.0722082 0.0756736 0.0779036 0.0787227 0.0779798 0.0756549 0.0718443 0.0667293 0.0606515 0.0539681 0.047104 0.040473 0.0344402 0.029349 0.0254371 0.0228546 0.0216218 0.0216479 0.0227471 0.0247206 0.0273215 0.0303281 0.0335165 0.0366481 0.039602 0.0422489 0.0445645 0.0465369 0.0481538 0.0494414 0.0504538 0.0512351 0.0518282 0.0522828 0.0525835 0.0528082 0.0529603 0.0530533 0.0530958 0.0530924 0.0530496 0.0529984 0.05293 0.0528172 0.0527057 0.0525711 0.0524383 0.0522938 0.0521413 0.0519676 0.0518157 0.0516467 0.0514733 0.0513061 0.0511332 0.050956 0.0507917 0.0506259 0.0504444 0.0502886 0.0501282 0.0499678 0.049808 0.0496699 0.0495174 0.0493864 0.0492507 0.0491291 0.0490097 0.048911 0.0487975 0.0487129 0.0486349 0.0485618 0.0484876 0.0484522 0.0484074 0.0483693 0.0483509 0.0483578 0.0483459 0.0483609 0.0483966 0.0484371 0.0484709 0.0485462 0.0486226 0.0487009 0.0487928 0.0489182 0.049028 0.0491574 0.0493034 0.0494643 0.0496153 0.0497993 0.0499817 0.0501788 0.0503791 0.0506004 0.0508135 0.0510563 0.0512924 0.0515387 0.0517947 0.0520706 0.0523296 0.0526121 0.052904 0.0531936 0.0534927 0.0538068 0.054115 0.0544323 0.0547742 0.0551006 0.0554416 0.0557885 0.0561495 0.0565106 0.0568888 0.0572478 0.0576398 0.0580403 0.0584368 0.0588428 0.0592661 0.0597006 0.0601577 0.060642 0.0611462 0.0617365 0.0623888 0.0631431 0.0640341 0.0651082 0.0664066 0.0679629 0.0697575 0.0717859 0.0740364 0.0763992 0.0787686 0.0809134 0.0826154 0.0836434 0.0837548 0.0827361 0.0803892 0.0765924 0.0713323 0.0647272 0.0569825 0.0484324 0.0394262 0.0303844 0.0217388 0.013862 0.00712296 0.00173123 -0.00218238 -0.00460607 -0.00565831 -0.00549431 -0.00435674 -0.00250566 -0.000196615 0.00231095 0.00480798 0.00712965 0.00914599 0.0108052 0.0120743 0.0129574 0.0134996 0.0137212 0.0136903 0.0134461 0.0130297 0.0125002 0.0118656 0.0111737 
0 0.00262997 0.00531652 0.0080858 0.0110119 0.0141302 0.0174886 0.0211591 0.0251575 0.0295503 0.0343526 0.0395514 0.0451454 0.0510196 0.057072 0.0631173 0.0689115 0.0742259 0.0787567 0.0822503 0.0844566 0.0851796 0.0842985 0.0817894 0.0777547 0.0723818 0.0660245 0.0590256 0.0518151 0.0448172 0.0383577 0.0328235 0.0284276 0.0253303 0.0235914 0.023113 0.0237526 0.0253165 0.027583 0.030302 0.0332771 0.0362533 0.039081 0.0416592 0.0439062 0.0458177 0.0473636 0.0485857 0.0495001 0.0501772 0.0506627 0.0509849 0.0511717 0.0512701 0.0512974 0.0512456 0.0511796 0.0510655 0.0509161 0.0507516 0.0505791 0.0503785 0.0501771 0.0499669 0.0497421 0.049528 0.0492994 0.0490734 0.0488458 0.0486205 0.0483884 0.0481777 0.0479464 0.0477216 0.0475167 0.04731 0.0470875 0.04689 0.0467036 0.0465058 0.0463197 0.046145 0.0459783 0.0458156 0.0456637 0.0455123 0.0453885 0.0452632 0.0451404 0.0450355 0.0449593 0.0448632 0.0447876 0.0447409 0.0446994 0.0446435 0.0446329 0.0446331 0.0446251 0.0446307 0.0446815 0.044716 0.044758 0.0448332 0.0449281 0.0450014 0.0451104 0.0452426 0.0453725 0.045502 0.0456755 0.045847 0.0460223 0.0462151 0.0464335 0.0466457 0.0468777 0.0471181 0.047374 0.0476407 0.047916 0.0481932 0.048499 0.0488119 0.0491151 0.0494445 0.0497938 0.0501363 0.0504837 0.0508654 0.0512401 0.0516288 0.0520271 0.0524424 0.0528634 0.0533048 0.053742 0.0542087 0.0546884 0.055167 0.0556738 0.0561996 0.0567285 0.057278 0.0578716 0.0584647 0.0591035 0.0597814 0.0605147 0.0613245 0.0622437 0.063289 0.0644917 0.0659096 0.0675708 0.0695091 0.0716905 0.0741304 0.0767434 0.079442 0.0820904 0.0844463 0.0862989 0.08741 0.0875446 0.0864795 0.0840704 0.0801704 0.0748115 0.0681262 0.0602999 0.0516985 0.0426446 0.0335564 0.0248591 0.0169315 0.0101284 0.00468196 0.00073093 -0.00173392 -0.00278242 -0.00260695 -0.00143162 0.000505159 0.00290136 0.00554096 0.00817841 0.0106377 0.0128083 0.014584 0.0159592 0.0169211 0.0174989 0.0177471 0.0177028 0.0174313 0.016978 0.0163859 0.0156957 0.014929 
0 0.00305127 0.00613062 0.00933608 0.0126596 0.0161925 0.0199824 0.0240468 0.0284881 0.0332901 0.0384987 0.0441188 0.0500639 0.0562977 0.0626413 0.0689115 0.0748961 0.0802956 0.0848648 0.0883229 0.0904292 0.0910049 0.0899364 0.0872061 0.0829203 0.0773074 0.0706526 0.063371 0.0558405 0.0484536 0.0416141 0.0356016 0.0307048 0.0270787 0.0247716 0.02374 0.0238613 0.0249536 0.0267946 0.029199 0.0318855 0.0346648 0.0373698 0.039844 0.0420284 0.0438835 0.0453853 0.0465348 0.0474119 0.0480109 0.0483976 0.0486338 0.0487355 0.048734 0.0486533 0.0485262 0.0483449 0.0481529 0.0479373 0.0477009 0.0474268 0.0471693 0.0469321 0.0466617 0.0463708 0.046101 0.0458548 0.0455836 0.045314 0.0450417 0.0447984 0.0445509 0.0442937 0.0440361 0.0438159 0.0435855 0.0433442 0.0431241 0.0429219 0.042714 0.0425082 0.0423221 0.0421428 0.041977 0.041806 0.0416543 0.0415191 0.0413946 0.0412573 0.0411584 0.0410711 0.0409801 0.0408941 0.0408558 0.040805 0.0407574 0.0407389 0.040749 0.0407335 0.0407495 0.0407941 0.04084 0.0408763 0.0409638 0.0410545 0.0411407 0.0412456 0.041393 0.0415209 0.0416647 0.0418375 0.0420282 0.0422034 0.0424129 0.0426378 0.0428718 0.0431066 0.0433691 0.0436406 0.0439285 0.0442158 0.0445204 0.0448502 0.0451862 0.0455155 0.0458715 0.0462588 0.0466321 0.0470156 0.0474228 0.047857 0.0482871 0.0487312 0.0491787 0.0496747 0.050182 0.0506817 0.0511928 0.0517613 0.0523474 0.052929 0.0535378 0.0541837 0.0548708 0.0555678 0.0563167 0.0571111 0.0579637 0.0588858 0.0599285 0.0610822 0.0623899 0.0639185 0.0656619 0.0676775 0.0699833 0.0725643 0.0753608 0.0783409 0.081355 0.084235 0.0867974 0.0887706 0.0899401 0.0900769 0.0889893 0.0865015 0.0825589 0.0771679 0.0704452 0.0626624 0.0540799 0.0450842 0.0360676 0.0274202 0.0195502 0.0127872 0.00737536 0.00344462 0.0010289 1.29617e-05 0.000257868 0.00153604 0.00356899 0.00614019 0.00893929 0.011764 0.0144348 0.0167699 0.0187405 0.0202616 0.0213462 0.0220431 0.0223486 0.0223658 0.0221174 0.021657 0.0210609 0.0203221 0.0195124 
0 0.00343727 0.00693665 0.0105105 0.0142513 0.0181794 0.0223518 0.026839 0.0316485 0.03685 0.0424386 0.0483954 0.0546909 0.0611944 0.0677743 0.0742259 0.0802956 0.0857358 0.0902606 0.0936109 0.0955661 0.0959412 0.0946388 0.091666 0.0871265 0.0812437 0.0743416 0.0667734 0.058937 0.0512257 0.0439764 0.0375282 0.0321317 0.0279463 0.0250631 0.0234512 0.0230054 0.023578 0.0249834 0.0269791 0.0293693 0.0319361 0.0344743 0.0368745 0.0390074 0.040813 0.0422806 0.0434356 0.0442764 0.0448555 0.0452166 0.045381 0.045427 0.0453818 0.0452624 0.0450599 0.0448427 0.0446012 0.0443335 0.0440488 0.0437693 0.0434873 0.0431876 0.0428982 0.0426046 0.0423269 0.0420372 0.0417631 0.0414769 0.0412085 0.0409428 0.0406909 0.0404228 0.0401684 0.0399353 0.0397026 0.0394624 0.0392347 0.0390338 0.0388244 0.038624 0.0384282 0.0382626 0.0380893 0.0379297 0.0377717 0.0376518 0.0375176 0.0373989 0.0372922 0.0372188 0.0371219 0.0370551 0.0370051 0.0369703 0.036919 0.0369144 0.0369125 0.0369161 0.036925 0.0369793 0.0370165 0.037071 0.0371455 0.037247 0.0373267 0.0374452 0.0375775 0.0377204 0.0378552 0.0380385 0.038218 0.0384091 0.0386062 0.038845 0.0390719 0.0393188 0.0395739 0.0398635 0.0401452 0.0404443 0.0407542 0.0410971 0.0414342 0.0417804 0.0421509 0.0425444 0.0429356 0.0433352 0.0437702 0.0442118 0.0446649 0.0451277 0.0456326 0.0461366 0.0466609 0.0472014 0.047791 0.0483843 0.0490009 0.0496476 0.0503346 0.0510541 0.0518141 0.0526192 0.0534525 0.054369 0.0553766 0.0564836 0.0576815 0.0590526 0.0606191 0.0624133 0.0644826 0.0668382 0.0694802 0.0724022 0.0755667 0.0788421 0.0821284 0.0852303 0.0879196 0.0899807 0.0911744 0.091285 0.0901388 0.087614 0.0836298 0.0782427 0.071584 0.0638716 0.0554264 0.0465841 0.0377254 0.0292514 0.0215346 0.0149007 0.00960578 0.00578153 0.00344917 0.00255055 0.00291083 0.0043229 0.00654711 0.0092942 0.0123323 0.0154087 0.0183174 0.0209378 0.0231357 0.0248909 0.0261909 0.0270378 0.0275119 0.0276279 0.0274652 0.0270815 0.0264997 0.0258009 0.0249799 
0 0.00378923 0.00763063 0.011565 0.0156544 0.0199366 0.0244711 0.0293015 0.0344663 0.0400037 0.0459101 0.0521755 0.0587285 0.0654594 0.0722082 0.0787567 0.0848648 0.0902606 0.0946771 0.0978614 0.0996018 0.0997282 0.0981721 0.0949383 0.0901434 0.0840327 0.0768774 0.0690683 0.0609636 0.0529302 0.0453438 0.0384774 0.0326098 0.0278979 0.0244307 0.0222164 0.0211913 0.0212274 0.0221516 0.0237654 0.0258277 0.0281592 0.0305485 0.0328618 0.0349621 0.0367719 0.0382712 0.0394404 0.0403206 0.0409185 0.0412811 0.0414564 0.0415233 0.0414685 0.0413291 0.0411293 0.0408881 0.0406494 0.0403982 0.0401162 0.0398032 0.0395252 0.0392549 0.0389836 0.0386765 0.0383895 0.0381299 0.0378733 0.0375888 0.0373179 0.0370747 0.0368279 0.036577 0.0363271 0.0361048 0.0358809 0.0356615 0.0354374 0.0352482 0.0350536 0.0348659 0.0346804 0.0345282 0.0343672 0.0342185 0.034078 0.0339639 0.033843 0.0337379 0.0336449 0.0335715 0.0334941 0.033436 0.033392 0.0333597 0.0333288 0.0333216 0.0333242 0.0333342 0.0333551 0.0333986 0.0334447 0.0335028 0.033578 0.0336688 0.0337602 0.0338727 0.0339996 0.0341374 0.0342787 0.0344478 0.0346245 0.0348121 0.0350063 0.0352326 0.0354593 0.0356983 0.035948 0.0362328 0.0365082 0.0368008 0.0371099 0.0374499 0.037776 0.038126 0.0384929 0.0388874 0.0392746 0.0396778 0.0401029 0.0405637 0.04102 0.0414753 0.0419732 0.0425087 0.0430504 0.043586 0.0441678 0.0447916 0.0454577 0.0461134 0.0468129 0.0475746 0.0483945 0.0492416 0.0501611 0.0511595 0.0522559 0.0534865 0.0548472 0.0563971 0.0581757 0.0602287 0.0625556 0.0652008 0.0681483 0.0713907 0.0748437 0.0783828 0.0818696 0.0850922 0.0878687 0.0899501 0.091118 0.0911684 0.0899488 0.0873454 0.0833427 0.0779916 0.0714185 0.0638829 0.055632 0.0470302 0.0384324 0.030201 0.0227274 0.0163068 0.0112001 0.00754545 0.00537595 0.00462906 0.0051613 0.00676713 0.00920421 0.0122159 0.0155322 0.0189239 0.0221699 0.0251174 0.0276562 0.0297202 0.031308 0.0324212 0.0331151 0.0334342 0.0334372 0.0331886 0.0327258 0.032108 0.0313527 
0 0.00406993 0.00818745 0.0124028 0.0167678 0.0213267 0.0261424 0.0312488 0.0366952 0.0425069 0.0486732 0.0551823 0.0619368 0.0688261 0.0756736 0.0822503 0.0883229 0.0936109 0.0978614 0.100829 0.102314 0.102167 0.100332 0.096833 0.0917941 0.0854719 0.0781183 0.0701204 0.0618121 0.0535318 0.0456569 0.0384255 0.0321273 0.0269176 0.0228968 0.020111 0.0185148 0.0180182 0.0184587 0.0196639 0.0214004 0.0235073 0.0257686 0.0280308 0.0301401 0.031982 0.033549 0.0347979 0.0357747 0.036465 0.0369014 0.0371326 0.0372428 0.0372359 0.0371404 0.0369879 0.0367725 0.0365631 0.0363327 0.036084 0.0358167 0.0355738 0.0353176 0.0350692 0.0348087 0.0345528 0.0343198 0.0340797 0.0338295 0.0335892 0.0333738 0.0331404 0.0329226 0.0326997 0.0324966 0.0322942 0.0321042 0.0319016 0.0317312 0.031562 0.0313944 0.0312336 0.0310986 0.0309581 0.0308282 0.0307143 0.030608 0.0305074 0.0304224 0.0303472 0.0302759 0.0302234 0.030178 0.030141 0.0301138 0.0301065 0.0300982 0.030105 0.0301239 0.0301573 0.0301896 0.0302439 0.0303071 0.0303805 0.0304592 0.0305614 0.0306668 0.0307841 0.0309144 0.0310611 0.0312108 0.0313796 0.0315606 0.0317489 0.0319534 0.0321752 0.0324012 0.0326392 0.0329066 0.0331722 0.0334488 0.0337481 0.0340699 0.0343805 0.0347225 0.0350756 0.0354491 0.035824 0.0362254 0.0366293 0.0370733 0.0375159 0.0379719 0.0384563 0.038974 0.0394915 0.0400358 0.0406193 0.0412259 0.041874 0.0425336 0.0432461 0.0440202 0.0448557 0.0457125 0.0466682 0.0477188 0.0488969 0.0502185 0.0516891 0.0533714 0.055325 0.0575884 0.060147 0.0630416 0.0662286 0.069713 0.0733802 0.0771001 0.0807105 0.0839928 0.0867679 0.0887906 0.0898602 0.0897854 0.0884554 0.0857684 0.0817516 0.0764573 0.0700096 0.0626769 0.0546752 0.0463726 0.0380987 0.0301941 0.0230339 0.0168959 0.0120378 0.0086016 0.00664006 0.00609484 0.00684681 0.00869624 0.0114074 0.0147373 0.0183983 0.0221697 0.0258163 0.0291706 0.0321246 0.0345886 0.0365621 0.0380393 0.0390637 0.0396864 0.0399555 0.0399372 0.0396727 0.0392148 0.0385893 
