0 0 0 0 0 0 0 0 0 0 0 0 0 0 0 0 0 0 0 0 0 0 0 0 0 0 0 0 0 0 0 0 0 0 0 0 0 0 0 0 0 0 0 0 0 0 0 0 0 0 0 0 0 0 0 0 0 0 0 0 0 0 0 0 0 0 0 0 0 0 0 0 0 0 0 0 0 0 0 0 0 0 0 0 0 0 0 0 0 0 0 0 0 0 0 0 0 0 0 0 0 0 0 0 0 0 0 0 0 0 0 0 0 0 0 0 0 0 0 0 0 0 0 0 0 0 0 0 0 0 0 0 0 0 0 0 0 0 0 0 0 0 0 0 0 0 0 0 0 0 0 0 0 0 0 0 0 0 0 0 0 0 0 0 0 0 0 0 0 0 0 0 0 0 0 0 0 0 0 0 0 0 0 0 0 0 0 0 0 0 0 0 0 0 0 0 0 0 0 0 
0 0.00108127 0.00214779 0.0032051 0.00421305 0.00517052 0.00604198 0.00679633 0.00742194 0.00788223 0.00818019 0.00830765 0.00827425 0.00810142 0.00781628 0.00746113 0.00708176 0.00673742 0.00646195 0.00630053 0.00625787 0.00632985 0.00651655 0.0067783 0.00710743 0.00746343 0.00780864 0.00812291 0.00838109 0.00858137 0.00872492 0.00881319 0.00883218 0.00880311 0.00872571 0.00860946 0.00848152 0.00831098 0.0081146 0.00790421 0.00766653 0.00742232 0.00716434 0.00687769 0.00658941 0.00630428 0.00600034 0.0056929 0.00537767 0.0050545 0.00474651 0.00443583 0.00411814 0.003803 0.00349959 0.00319812 0.00289278 0.00259991 0.00232129 0.00204249 0.0017618 0.00149806 0.00123372 0.00098633 0.000749767 0.000505327 0.000264297 4.99829e-05 -0.000160468 -0.000375892 -0.000578748 -0.000775244 -0.000959572 -0.00114205 -0.00131654 -0.00148632 -0.001643 -0.00180334 -0.00194516 -0.00208529 -0.00222321 -0.00235244 -0.00246306 -0.00258384 -0.00269403 -0.00278818 -0.00288078 -0.00297594 -0.0030515 -0.00312216 -0.00319498 -0.00325548 -0.00330485 -0.0033552 -0.00339883 -0.00342874 -0.00345776 -0.00348165 -0.00349479 -0.00350094 -0.00350694 -0.00350059 -0.00348735 -0.00347179 -0.0034494 -0.00341391 -0.00337873 -0.00333811 -0.00328344 -0.00322512 -0.00316744 -0.0030946 -0.00301207 -0.00293578 -0.00284582 -0.00274208 -0.00264047 -0.00253751 -0.00241142 -0.00228865 -0.00216197 -0.00202355 -0.00187356 -0.0017303 -0.0015683 -0.00140192 -0.0012291 -0.00105686 -0.000868917 -0.000670637 -0.000465923 -0.000273456 -6.0272e-05 0.000178346 0.000406385 0.000629424 0.000875358 0.00113425 0.00139032 0.00166 0.00193033 0.0022111 0.00250007 0.00279692 0.00309709 0.0034075 0.0037255 0.00404318 0.00435768 0.00468589 0.00502933 0.00535507 0.00568284 0.00601517 0.00633888 0.00666883 0.0069911 0.00729433 0.00760344 0.00790864 0.00818748 0.00846249 0.0087224 0.00897053 0.0092247 0.00945536 0.00967529 0.00989449 0.0101157 0.010349 0.0105923 0.0108417 0.0110945 0.0113577 0.011601 0.0118089 0.011946 0.0119723 0.0118782 0.0116305 0.0112236 0.010652 0.0099248 0.00907104 0.00813692 0.00717425 0.00622982 0.00536128 0.0045829 0.00393513 0.00342138 0.00303291 0.00278313 0.00261825 0.00253804 0.00249868 0.00245931 0.00242256 0.00233131 0.00220174 
0 0.00214779 0.00428333 0.00636895 0.00838588 0.0102871 0.012013 0.0135233 0.0147519 0.015666 0.0162472 0.0164816 0.0163999 0.0160363 0.0154479 0.0147239 0.0139595 0.0132474 0.0126975 0.0123506 0.0122379 0.0123774 0.0126973 0.0132152 0.0138455 0.0145223 0.015222 0.0158145 0.0163288 0.0167209 0.0169874 0.0171581 0.0171975 0.0171361 0.0169842 0.0167786 0.0164994 0.0161797 0.0157893 0.015354 0.0149099 0.0144254 0.0139231 0.0133682 0.0128133 0.0122273 0.0116507 0.0110554 0.0104312 0.00983247 0.00923021 0.00861857 0.00799554 0.00740738 0.00680045 0.00623842 0.00566271 0.00507899 0.00452776 0.00400235 0.00347254 0.00294684 0.00246219 0.00197006 0.00149684 0.00101915 0.000600508 0.000172155 -0.000260801 -0.000681573 -0.00104281 -0.00142043 -0.00179723 -0.00215061 -0.0024804 -0.00279727 -0.00311552 -0.00341752 -0.003699 -0.00395648 -0.00423519 -0.00447316 -0.00469967 -0.0049187 -0.00514279 -0.00531393 -0.0055038 -0.00567473 -0.00583168 -0.00595835 -0.00610704 -0.00621458 -0.00631901 -0.00640723 -0.00649843 -0.00654944 -0.00661207 -0.00665064 -0.00668286 -0.00668851 -0.00670559 -0.00668709 -0.00666846 -0.00663133 -0.00659453 -0.00651989 -0.00645904 -0.0063723 -0.00627573 -0.00615501 -0.00605162 -0.00590205 -0.005754 -0.00559507 -0.00543204 -0.00522167 -0.00503761 -0.00482585 -0.00459467 -0.00434452 -0.00411397 -0.00383715 -0.00355475 -0.00326173 -0.00296618 -0.00264568 -0.00230837 -0.00195387 -0.00160603 -0.00124633 -0.000837637 -0.000435694 -2.85102e-05 0.000389188 0.000847825 0.0012972 0.00177748 0.00225249 0.00276781 0.00326983 0.00379037 0.00434621 0.00492148 0.00546997 0.0060425 0.00665797 0.00725428 0.00788178 0.00849924 0.00913347 0.00976948 0.0104238 0.0110471 0.0116918 0.012345 0.0129786 0.0136009 0.0141951 0.0148038 0.0153812 0.0159624 0.0164941 0.0170045 0.0175119 0.0179924 0.0184546 0.0188957 0.0193381 0.0197801 0.020273 0.0207526 0.0212613 0.021792 0.0223012 0.0228273 0.0232487 0.0235389 0.0236309 0.0234479 0.0229846 0.0221905 0.0210668 0.0196398 0.0179651 0.0161253 0.0142381 0.0123911 0.0106747 0.00916751 0.00788814 0.00688667 0.00614576 0.00564244 0.00535398 0.00519588 0.005129 0.00508277 0.0049939 0.00484728 0.00459051 
0 0.0032051 0.00636895 0.00948736 0.0124722 0.0152907 0.0178498 0.0200637 0.0218781 0.023208 0.0240443 0.0243702 0.0242163 0.0236424 0.0227342 0.0216162 0.0204264 0.01933 0.018442 0.0178776 0.017665 0.0177987 0.0182608 0.0189656 0.0198645 0.0208498 0.0218212 0.0227005 0.0234307 0.0239953 0.0243936 0.0246323 0.0246817 0.0245875 0.0243596 0.0240278 0.0236433 0.0231566 0.0225954 0.0219874 0.0213209 0.020628 0.0198983 0.0191026 0.0182976 0.0174935 0.0166549 0.0158034 0.0149309 0.0140505 0.0131983 0.0123422 0.0114729 0.0106142 0.00978006 0.00895857 0.00813128 0.00732821 0.00656304 0.0058047 0.00504625 0.00432165 0.00360912 0.00293181 0.00227997 0.00161757 0.000974439 0.000384114 -0.00019623 -0.000778168 -0.00132647 -0.00185898 -0.00236674 -0.00286211 -0.00333642 -0.00379436 -0.00422714 -0.00465804 -0.00504852 -0.00542798 -0.0058037 -0.0061521 -0.00646116 -0.00678363 -0.00708352 -0.00734221 -0.00759621 -0.00784868 -0.00805883 -0.00825191 -0.00844706 -0.00861106 -0.00874906 -0.00888315 -0.00900038 -0.0090843 -0.00916245 -0.00922497 -0.00926199 -0.00927969 -0.00929282 -0.00927602 -0.00924145 -0.00919687 -0.00913432 -0.00904024 -0.00894313 -0.0088291 -0.00868309 -0.00852421 -0.00836333 -0.00816491 -0.00794446 -0.00773024 -0.00748546 -0.00720497 -0.00692801 -0.00664047 -0.00630341 -0.00596506 -0.0056194 -0.00524053 -0.00483562 -0.00443671 -0.00400078 -0.00354656 -0.00307586 -0.00259854 -0.0020898 -0.001554 -0.000998346 -0.000459596 0.000121716 0.000757165 0.0013822 0.00200133 0.00267102 0.0033707 0.00407568 0.00480633 0.00554679 0.00631634 0.00710992 0.00791632 0.00873803 0.00958982 0.0104581 0.0113303 0.012201 0.0131041 0.0140384 0.0149455 0.0158516 0.0167713 0.01768 0.0185977 0.019496 0.0203564 0.0212278 0.0220865 0.0228939 0.0236805 0.024434 0.0251646 0.0259013 0.02659 0.0272562 0.0279259 0.0286112 0.0293405 0.0301009 0.0308899 0.0316999 0.032531 0.0333184 0.0339957 0.0344658 0.0346213 0.034411 0.0337555 0.0326282 0.0310159 0.0289498 0.0265163 0.0238454 0.021092 0.018396 0.0159102 0.013703 0.0118671 0.0104256 0.00936139 0.00868165 0.0082715 0.00809121 0.00802923 0.00797839 0.00790466 0.00768936 0.00734652 
0 0.00421305 0.00838588 0.0124722 0.0164009 0.020091 0.023434 0.0263288 0.0286732 0.0303866 0.0314348 0.0318027 0.0315347 0.0307085 0.0294385 0.0278934 0.0262597 0.024731 0.0234938 0.0226585 0.022285 0.0223846 0.0228852 0.0237458 0.0248495 0.0260714 0.0273113 0.0284121 0.0293446 0.0300618 0.0305565 0.030849 0.0309123 0.030783 0.0304894 0.0300796 0.0295605 0.0289463 0.0282266 0.0274347 0.0266044 0.0257253 0.0248043 0.0238146 0.0228108 0.0217814 0.0207476 0.0196915 0.0186059 0.01754 0.016484 0.0154198 0.0143466 0.0133063 0.0122705 0.0112768 0.0102768 0.00928161 0.00833036 0.00741119 0.00649595 0.00559878 0.00474524 0.00390605 0.00309094 0.00228066 0.00153061 0.000795898 6.26814e-05 -0.000651383 -0.00130167 -0.00195005 -0.00258844 -0.00319798 -0.00377346 -0.00432603 -0.00486872 -0.00539042 -0.00587587 -0.00633374 -0.00679946 -0.00721927 -0.00761081 -0.00799429 -0.0083668 -0.00868139 -0.0089996 -0.00929739 -0.00956409 -0.00979677 -0.0100374 -0.0102332 -0.01041 -0.0105673 -0.0107134 -0.0108147 -0.0109133 -0.0109838 -0.0110339 -0.0110528 -0.0110693 -0.0110456 -0.0110081 -0.0109476 -0.010873 -0.0107564 -0.0106398 -0.0104926 -0.0103205 -0.0101213 -0.00992459 -0.00967674 -0.00941538 -0.00914137 -0.0088461 -0.00849934 -0.00816476 -0.00779976 -0.00739696 -0.00697301 -0.00655443 -0.00608396 -0.0055921 -0.00508823 -0.00456638 -0.00400984 -0.00342713 -0.00282418 -0.00221195 -0.0015721 -0.000881568 -0.000191976 0.000517052 0.00125926 0.00203881 0.00281908 0.00364182 0.00448158 0.0053589 0.00624016 0.00714926 0.00810542 0.00908894 0.0100609 0.0110645 0.0121193 0.0131749 0.0142579 0.0153414 0.0164527 0.0175822 0.0187208 0.0198391 0.020982 0.0221355 0.0232754 0.0243963 0.0254862 0.0265873 0.0276637 0.0287207 0.0297254 0.0306992 0.0316626 0.0326047 0.033518 0.0344108 0.0353156 0.0362504 0.0372599 0.0382986 0.0393913 0.0405271 0.0416644 0.0427834 0.0437375 0.0444258 0.0447218 0.0445098 0.043732 0.0423238 0.0402784 0.0376469 0.0345377 0.0311188 0.0275969 0.0241557 0.020973 0.018178 0.0158475 0.0140394 0.0127378 0.0119063 0.0114633 0.0112905 0.0112745 0.01129 0.0112339 0.0110274 0.0106188 
0 0.00517052 0.0102871 0.0152907 0.020091 0.0245864 0.0286497 0.0321491 0.0349647 0.0369999 0.0382061 0.0385737 0.038151 0.0370351 0.0353723 0.0333638 0.031241 0.029245 0.0275937 0.0264363 0.0258487 0.025838 0.0263436 0.0272867 0.0285404 0.0299563 0.0313901 0.0326913 0.0337888 0.0346382 0.0352282 0.0355653 0.0356379 0.0354775 0.0351237 0.0346255 0.0340072 0.0332747 0.0324323 0.0315095 0.0305349 0.0295116 0.0284383 0.027305 0.0261498 0.0249808 0.0237998 0.022597 0.0213726 0.0201609 0.0189657 0.0177715 0.0165742 0.0153992 0.0142446 0.0131193 0.0119995 0.0108966 0.00983622 0.00880292 0.00778081 0.00678151 0.00582166 0.00489016 0.00398226 0.00308502 0.00223068 0.00140849 0.000599533 -0.000189384 -0.000934836 -0.00166051 -0.00236823 -0.00304781 -0.00369746 -0.00432039 -0.00492643 -0.00550798 -0.00605449 -0.00657527 -0.00708887 -0.00756315 -0.00800593 -0.00843667 -0.00884673 -0.00921108 -0.00956373 -0.0098969 -0.0101955 -0.0104646 -0.0107249 -0.0109498 -0.0111477 -0.011326 -0.0114832 -0.0116048 -0.0117101 -0.0117905 -0.0118439 -0.0118703 -0.0118808 -0.0118586 -0.0118136 -0.0117469 -0.0116564 -0.0115325 -0.0113946 -0.0112294 -0.0110339 -0.0108148 -0.0105824 -0.0103095 -0.0100142 -0.00970404 -0.00936492 -0.00898515 -0.00859985 -0.00818741 -0.00773597 -0.00726271 -0.00678026 -0.00625554 -0.00570407 -0.00513609 -0.0045438 -0.00391697 -0.00326596 -0.00259286 -0.0018976 -0.00116855 -0.000407111 0.000363733 0.0011645 0.00200681 0.00287294 0.00374845 0.0046646 0.00561306 0.00659174 0.0075854 0.008608 0.00967198 0.0107666 0.0118688 0.0130029 0.01418 0.015374 0.0165855 0.0178101 0.0190679 0.020351 0.0216391 0.0229199 0.0242207 0.0255345 0.0268457 0.0281395 0.0294136 0.030693 0.0319578 0.0331954 0.0343916 0.0355625 0.0367257 0.037879 0.0390101 0.0401316 0.0412774 0.0424783 0.0437651 0.0451187 0.046544 0.0480278 0.0495309 0.0509891 0.0522604 0.0532014 0.0536616 0.0535117 0.052662 0.0510475 0.0486586 0.0455561 0.0418762 0.0378228 0.0336393 0.0295589 0.0257929 0.0224992 0.019782 0.0176974 0.0162371 0.0153491 0.0149293 0.0148425 0.0149366 0.0150643 0.0151008 0.0149417 0.0145281 
0 0.00604198 0.012013 0.0178498 0.023434 0.0286497 0.0333491 0.0373678 0.0405785 0.0428621 0.0441591 0.0444671 0.0438359 0.0423835 0.0402901 0.0377852 0.035141 0.0326488 0.0305408 0.0290152 0.0281596 0.0279716 0.0284257 0.0293828 0.030727 0.0322868 0.0338621 0.0353362 0.0365725 0.0375383 0.0382172 0.0385953 0.0386848 0.0385103 0.0381212 0.0375549 0.0368697 0.036044 0.0351135 0.0341038 0.0330244 0.0319079 0.0307345 0.0295175 0.0282654 0.027021 0.0257505 0.0244677 0.0231825 0.0218934 0.02063 0.0193745 0.0181268 0.0168834 0.0156892 0.0145003 0.0133301 0.0121888 0.0110822 0.00999619 0.00893099 0.00789845 0.00688467 0.0059154 0.0049645 0.0040407 0.00312854 0.00226742 0.00142634 0.000608834 -0.000191862 -0.000952116 -0.00168914 -0.00240346 -0.00309043 -0.00375098 -0.00438378 -0.00499564 -0.00557146 -0.00613061 -0.00665794 -0.0071647 -0.00763251 -0.00808947 -0.00850933 -0.00890891 -0.00927284 -0.0096251 -0.00993642 -0.010231 -0.0104923 -0.0107369 -0.0109426 -0.0111343 -0.0112909 -0.0114289 -0.0115323 -0.01162 -0.0116713 -0.0117059 -0.0117066 -0.0116891 -0.0116368 -0.0115689 -0.0114646 -0.0113427 -0.0111876 -0.0110151 -0.0108042 -0.0105797 -0.0103197 -0.0100398 -0.00972366 -0.00939569 -0.00902671 -0.00863965 -0.00821927 -0.00778349 -0.00730511 -0.0068123 -0.00628592 -0.00573857 -0.00515402 -0.00455504 -0.00392131 -0.00325977 -0.00257181 -0.00186656 -0.00112586 -0.000346666 0.000444313 0.00125712 0.00210482 0.00300089 0.00389991 0.00482771 0.00578564 0.00679183 0.00780634 0.00885773 0.0099354 0.0110467 0.0121851 0.0133556 0.0145508 0.0157739 0.0170422 0.0183114 0.0196092 0.020939 0.0223044 0.0236626 0.0250434 0.0264365 0.0278425 0.0292638 0.0306685 0.0320702 0.0334705 0.0348796 0.0362492 0.0376061 0.0389442 0.0402749 0.041619 0.04295 0.0442948 0.0456834 0.0471623 0.048734 0.0504242 0.0522033 0.0540553 0.0559571 0.0577739 0.0593967 0.0606279 0.0612921 0.0612606 0.0603951 0.0586441 0.0559937 0.0525148 0.0483726 0.0438051 0.0390836 0.0344892 0.0302661 0.0265892 0.023602 0.0213468 0.0198246 0.0189768 0.0186592 0.0187408 0.019023 0.019333 0.0195383 0.0194906 0.0191403 
0 0.00679633 0.0135233 0.0200637 0.0263288 0.0321491 0.0373678 0.0418144 0.0453172 0.0477687 0.0490823 0.0492636 0.0483682 0.0465378 0.0439732 0.0409423 0.0377631 0.0347307 0.032155 0.030214 0.0290337 0.0286432 0.0289556 0.0298965 0.0312748 0.0329134 0.0346255 0.036222 0.0375964 0.038679 0.0394417 0.0398721 0.0400049 0.0398378 0.0394413 0.0388712 0.0381233 0.037268 0.0362933 0.0352248 0.0341157 0.0329534 0.03174 0.0305024 0.0292352 0.027945 0.0266705 0.0253777 0.0240841 0.022813 0.0215472 0.0202898 0.0190482 0.0178337 0.0166353 0.0154676 0.0143253 0.0131947 0.0120851 0.01102 0.00997893 0.0089469 0.0079615 0.00699299 0.00603502 0.00511645 0.00424325 0.00337258 0.00251917 0.00170166 0.000920012 0.000161673 -0.000587149 -0.00130418 -0.00198659 -0.00264339 -0.00328738 -0.00389207 -0.00447836 -0.00503415 -0.00556474 -0.00606589 -0.00655143 -0.00699605 -0.00742105 -0.00782161 -0.00819468 -0.00853361 -0.00885721 -0.00914917 -0.0094125 -0.00965154 -0.0098678 -0.0100515 -0.0102115 -0.0103474 -0.0104549 -0.0105348 -0.0105917 -0.0106217 -0.0106232 -0.0106003 -0.0105528 -0.0104761 -0.0103734 -0.0102474 -0.0100933 -0.00990947 -0.00970502 -0.00947213 -0.00920929 -0.00892162 -0.00861333 -0.00826752 -0.0079004 -0.00750872 -0.00708859 -0.00663369 -0.00616511 -0.00565955 -0.00513042 -0.00457397 -0.00399252 -0.00337309 -0.00274461 -0.00208092 -0.00138364 -0.000658523 7.81178e-05 0.000844975 0.00164791 0.00248831 0.00333737 0.00419905 0.00511507 0.00606218 0.00701828 0.00800377 0.00903147 0.0100671 0.0111423 0.0122586 0.0133952 0.0145482 0.015738 0.0169654 0.0182148 0.0194948 0.0208037 0.0221358 0.0234863 0.0248753 0.026272 0.0276872 0.0291434 0.0305919 0.0320443 0.0335145 0.0349844 0.0364582 0.0379456 0.0394038 0.040865 0.042351 0.0438289 0.0453492 0.0469052 0.0485321 0.0502819 0.0521631 0.0541809 0.0563287 0.0585826 0.0608638 0.0630893 0.0650662 0.0666079 0.067531 0.0676342 0.0668209 0.0649923 0.0621553 0.0584016 0.0539083 0.0489479 0.0438217 0.0388499 0.0342876 0.0303704 0.0272199 0.0249093 0.0234447 0.0227135 0.022618 0.0229392 0.0234914 0.0240861 0.0245107 0.0246802 0.0244565 
0 0.00742194 0.0147519 0.0218781 0.0286732 0.0349647 0.0405785 0.0453172 0.0490074 0.0515216 0.0527682 0.0527574 0.0515522 0.0493005 0.0462478 0.0426738 0.0389261 0.0353605 0.0322616 0.0298865 0.0283583 0.0276921 0.0278738 0.028729 0.0301129 0.0318216 0.0336058 0.0353425 0.0368432 0.0380523 0.0389338 0.0394531 0.0396506 0.0395406 0.0391842 0.0386136 0.0378972 0.0370367 0.0360799 0.0350462 0.0339397 0.0327961 0.0316053 0.0304066 0.0291696 0.0279523 0.0267132 0.0254725 0.024256 0.0230281 0.0218207 0.0206391 0.0194825 0.0183184 0.017209 0.0160863 0.0150017 0.0139553 0.0129237 0.0119045 0.0109152 0.00995677 0.00900396 0.0080927 0.00719604 0.00634284 0.00546794 0.0046393 0.00384999 0.00308741 0.00230475 0.00157438 0.000874347 0.000194829 -0.000469014 -0.00111183 -0.00171816 -0.00229784 -0.00286022 -0.00340987 -0.00390203 -0.00439407 -0.00485753 -0.0052936 -0.00568653 -0.00609016 -0.00643776 -0.00677038 -0.00707337 -0.00736858 -0.007607 -0.00784751 -0.00804821 -0.00823299 -0.00837518 -0.00851693 -0.00861013 -0.00869347 -0.00873903 -0.008776 -0.00876538 -0.00875076 -0.00869526 -0.00862655 -0.00851561 -0.00840309 -0.00824112 -0.00806873 -0.00786153 -0.00764468 -0.00737315 -0.00710573 -0.00679724 -0.00646661 -0.00609683 -0.00573391 -0.00530927 -0.00487378 -0.00441459 -0.00393643 -0.00340191 -0.00287344 -0.00230977 -0.00171637 -0.00109036 -0.000449028 0.000217212 0.000905374 0.00163518 0.0023968 0.00314628 0.00394054 0.00477097 0.00563206 0.00648735 0.00739155 0.00830471 0.00926642 0.0102309 0.0112404 0.0122705 0.0133158 0.0143852 0.0155114 0.0166548 0.0178039 0.019014 0.0202219 0.0214752 0.0227582 0.0240739 0.0253968 0.0267706 0.0281487 0.0295506 0.0309895 0.0324343 0.0339124 0.0353904 0.0368999 0.0384007 0.0399308 0.0414778 0.0430496 0.0446711 0.0463406 0.0480883 0.049941 0.0519538 0.0541142 0.0564806 0.0589996 0.0616384 0.0643479 0.066938 0.0692872 0.0711485 0.0723091 0.0726062 0.0718625 0.0700221 0.0670853 0.063144 0.0584155 0.0531851 0.0477783 0.042552 0.0377929 0.0337397 0.0305626 0.0283111 0.0269932 0.0265104 0.0266992 0.0273689 0.0282794 0.0292153 0.0299804 0.0304118 0.030411 
0 0.00788223 0.015666 0.023208 0.0303866 0.0369999 0.0428621 0.0477687 0.0515216 0.053994 0.0550855 0.0548058 0.0532249 0.0505177 0.0469414 0.042813 0.0385125 0.0343949 0.0308034 0.0279788 0.0260755 0.0251419 0.0251194 0.0258868 0.0272464 0.0289871 0.0308776 0.0327361 0.0343953 0.0357638 0.0367887 0.0374361 0.0377606 0.0377611 0.0375062 0.0370389 0.0363794 0.0355986 0.0347129 0.0337451 0.0327241 0.0316588 0.0305552 0.029455 0.0283272 0.0271873 0.0260561 0.0249255 0.0238217 0.0227236 0.0216301 0.0205529 0.0195042 0.0184714 0.0174593 0.0164561 0.0154902 0.0145443 0.0135941 0.0126763 0.0117881 0.0109148 0.0100599 0.00921846 0.00838398 0.00759993 0.00682787 0.00605779 0.00531431 0.0046028 0.00390117 0.00322783 0.0025708 0.00193602 0.00132797 0.00073527 0.000168935 -0.000365466 -0.000892622 -0.00139852 -0.00185565 -0.0023079 -0.00274853 -0.0031438 -0.00351169 -0.00388393 -0.00421347 -0.00451181 -0.00480065 -0.00506997 -0.00529507 -0.00551107 -0.00570447 -0.00586868 -0.00600466 -0.00613008 -0.00622108 -0.00629084 -0.00633711 -0.00636416 -0.0063573 -0.00633615 -0.00628768 -0.00621498 -0.00611474 -0.00600222 -0.00585326 -0.00568308 -0.00549463 -0.00528293 -0.00503057 -0.00477347 -0.00449086 -0.00416919 -0.00382738 -0.00348333 -0.00308852 -0.0026692 -0.00224726 -0.00179314 -0.00129391 -0.000794697 -0.000270041 0.000295058 0.00087447 0.00147051 0.00210279 0.00275806 0.00343071 0.00412448 0.00484098 0.00560188 0.00637086 0.00714033 0.00795208 0.00880968 0.00965856 0.0105319 0.0114323 0.0123565 0.0133081 0.0142823 0.0152668 0.0162908 0.0173373 0.0183979 0.0194951 0.0206217 0.0217833 0.0229603 0.0241587 0.0253983 0.0266801 0.0279753 0.0293114 0.0306657 0.0320504 0.0334801 0.0349194 0.0363931 0.0379066 0.0394498 0.0410332 0.0426724 0.0443586 0.0461528 0.0480624 0.0501174 0.0523706 0.054816 0.0574925 0.0603659 0.0633892 0.0664658 0.0694448 0.0721366 0.0743098 0.0757414 0.0762135 0.0755841 0.0737624 0.0707718 0.0667285 0.0618546 0.0564658 0.0509056 0.0455535 0.0407145 0.0366616 0.0335575 0.0314749 0.0304132 0.0302446 0.0308265 0.0319092 0.0332539 0.0346259 0.0357771 0.036571 0.036853 
0 0.00818019 0.0162472 0.0240443 0.0314348 0.0382061 0.0441591 0.0490823 0.0527682 0.0550855 0.0559311 0.0553123 0.0533141 0.0501212 0.0460143 0.0413327 0.0364763 0.0318228 0.0277299 0.0244613 0.0221869 0.0209725 0.0207626 0.0214318 0.0227711 0.0245545 0.0265494 0.0285564 0.0304049 0.0319775 0.0332057 0.0340529 0.0345603 0.0347412 0.0346498 0.0343313 0.0338118 0.0331685 0.0324259 0.0316046 0.030724 0.029791 0.0288302 0.0278741 0.0269024 0.0259162 0.0249346 0.0239567 0.0230047 0.0220546 0.0211037 0.0201764 0.019276 0.01839 0.0175091 0.0166336 0.0157925 0.0149776 0.0141549 0.013349 0.0125684 0.0118021 0.0110493 0.0103043 0.00957612 0.00888292 0.00819002 0.00749894 0.00684821 0.00621973 0.00558843 0.00497889 0.00439696 0.00383568 0.0032885 0.00275239 0.00224704 0.00177211 0.001296 0.000841087 0.000431622 2.7282e-05 -0.000371863 -0.000725094 -0.00105608 -0.00138984 -0.00168852 -0.00195387 -0.00221485 -0.00245582 -0.00265963 -0.00285078 -0.00302588 -0.00317152 -0.0032942 -0.00340338 -0.00348577 -0.00354545 -0.00358615 -0.00360616 -0.00359976 -0.00357621 -0.00353041 -0.00346011 -0.00336863 -0.00326122 -0.00312416 -0.00296556 -0.00279343 -0.00259532 -0.00236482 -0.00212744 -0.00186914 -0.00157112 -0.00126032 -0.000944056 -0.000583003 -0.000197305 0.00018477 0.000601115 0.00105841 0.0015142 0.00198724 0.00250441 0.00303668 0.00357747 0.00414559 0.00474178 0.00536027 0.00599023 0.00663323 0.00731708 0.00802102 0.00872082 0.00945165 0.0102192 0.0109865 0.0117698 0.0125824 0.0134166 0.0142686 0.0151292 0.0160067 0.0169286 0.0178664 0.018809 0.0197798 0.0207847 0.0218205 0.0228755 0.0239484 0.0250663 0.0262262 0.0274005 0.0286114 0.0298548 0.0311464 0.0324871 0.0338494 0.0352486 0.0367082 0.0382234 0.0398041 0.0414624 0.0432022 0.0450861 0.0471277 0.0493587 0.0518185 0.0545182 0.0574869 0.0606922 0.0640695 0.0674974 0.0708149 0.0738148 0.0762639 0.0779246 0.0785709 0.0780528 0.076282 0.0732931 0.0692147 0.0642874 0.0588369 0.0532286 0.0478555 0.0430461 0.0390905 0.0361589 0.0343346 0.0336056 0.0338354 0.0348652 0.0364274 0.0382653 0.0401212 0.0417304 0.0429344 0.0435672 
0 0.00830765 0.0164816 0.0243702 0.0318027 0.0385737 0.0444671 0.0492636 0.0527574 0.0548058 0.0553123 0.0542807 0.0518184 0.0481076 0.0434643 0.0382424 0.032846 0.0276982 0.0231254 0.0194425 0.0168204 0.0153221 0.0149439 0.0155079 0.0168368 0.0186864 0.0208031 0.0230038 0.0250852 0.026916 0.0284081 0.0295277 0.0302841 0.0307261 0.0308816 0.0307764 0.030485 0.0300332 0.0294899 0.0288735 0.0281794 0.0274336 0.0266668 0.0258981 0.0251088 0.0243199 0.0235069 0.0227118 0.0219448 0.0211669 0.0203836 0.0196223 0.0188863 0.018148 0.0174268 0.016694 0.0159886 0.0153076 0.0146237 0.0139323 0.0132672 0.0126282 0.0119781 0.0113349 0.0107145 0.0101266 0.00951566 0.00892077 0.0083612 0.00782273 0.00726708 0.00673587 0.00623463 0.00575065 0.00526978 0.00479997 0.00436561 0.00394933 0.00353573 0.00313607 0.00278217 0.00242595 0.00208303 0.00176877 0.00148406 0.00119068 0.000933503 0.000696428 0.000475089 0.000261462 8.62836e-05 -8.26289e-05 -0.000229655 -0.000360457 -0.000462947 -0.000558456 -0.000625695 -0.000679634 -0.000708695 -0.000725834 -0.000715282 -0.000694226 -0.000646333 -0.000584631 -0.00049824 -0.000401668 -0.000273523 -0.000134861 2.52537e-05 0.000201752 0.000411046 0.000620373 0.000858674 0.00112044 0.00140153 0.00168247 0.00200974 0.00234814 0.00269455 0.0030618 0.00347286 0.00387705 0.00430015 0.00475455 0.00523423 0.00571536 0.00621623 0.00674297 0.00729556 0.00785848 0.00842322 0.0090252 0.00964879 0.0102787 0.0109128 0.0115893 0.0122706 0.0129622 0.0136638 0.0144058 0.0151539 0.0158961 0.0166622 0.0174714 0.0182854 0.0190932 0.019943 0.0208113 0.0217107 0.0226249 0.0235602 0.0245277 0.0255528 0.0265952 0.0276549 0.0287759 0.0299439 0.0311646 0.0324208 0.0337308 0.0351022 0.0365713 0.0381222 0.039756 0.0415304 0.0434631 0.045609 0.0479909 0.0506309 0.0535539 0.0567855 0.0602822 0.0639607 0.0677044 0.071299 0.0745691 0.0772555 0.079101 0.0799098 0.0794807 0.0777693 0.0748067 0.070732 0.065817 0.0603787 0.054809 0.0495014 0.0448118 0.0410301 0.0383467 0.0368417 0.0364912 0.0371742 0.0386804 0.040763 0.0431288 0.0454928 0.047607 0.0492454 0.0502734 
0 0.00827425 0.0163999 0.0242163 0.0315347 0.038151 0.0438359 0.0483682 0.0515522 0.0532249 0.0533141 0.0518184 0.0488424 0.0446151 0.0394275 0.0336812 0.0277932 0.0221545 0.0171674 0.0130916 0.010139 0.00841385 0.00784602 0.00834914 0.00968197 0.0116031 0.0138997 0.0163131 0.0186812 0.0208302 0.0226513 0.0241021 0.0251978 0.0259619 0.0264233 0.0266349 0.0266002 0.0264248 0.0261369 0.025756 0.0253078 0.0247941 0.0242528 0.0236989 0.0231481 0.0225411 0.0219425 0.0213498 0.0207601 0.0201797 0.0195818 0.0189829 0.0183971 0.0178414 0.017245 0.0166715 0.0161116 0.0155582 0.0149859 0.0144276 0.013886 0.0133464 0.012822 0.0122826 0.0117604 0.0112452 0.0107688 0.0102675 0.00978273 0.00930888 0.00886942 0.00841907 0.00798721 0.00756911 0.00716786 0.00677628 0.00640139 0.00604611 0.00569182 0.00536442 0.00504895 0.00475549 0.00445732 0.00419881 0.00394213 0.00370951 0.003477 0.00328533 0.00308712 0.00292001 0.00275584 0.00262663 0.00249186 0.00239287 0.00229455 0.00222879 0.00216155 0.00212918 0.00209637 0.00209716 0.00209728 0.00213084 0.00216526 0.0022336 0.00229957 0.00240059 0.00250335 0.00263788 0.00276958 0.00294067 0.00311026 0.00330914 0.00350984 0.00375091 0.00398384 0.00424881 0.00452172 0.0048272 0.00512457 0.00545893 0.00580149 0.006166 0.00653445 0.00693659 0.00734442 0.00776446 0.00820826 0.00867589 0.00914616 0.00961561 0.0101334 0.0106641 0.0111949 0.0117141 0.012293 0.0128766 0.0134679 0.0140479 0.0146708 0.0152962 0.0159381 0.0165872 0.0172468 0.0179229 0.0186151 0.0193203 0.0200176 0.0207764 0.0215405 0.0223094 0.0230927 0.0239382 0.0248042 0.0257055 0.0266406 0.0276019 0.0286455 0.0297351 0.0308742 0.0320649 0.0333637 0.0347484 0.0362448 0.0378643 0.0396209 0.0416066 0.0438344 0.0463401 0.0491403 0.0522711 0.0557215 0.0594741 0.0634258 0.0673997 0.0712524 0.0747158 0.0775751 0.0795813 0.0804734 0.0801311 0.0784613 0.0755242 0.0714973 0.066622 0.0612541 0.0557813 0.0505952 0.0460755 0.0425194 0.040115 0.0389585 0.0390113 0.0401399 0.0421432 0.0447332 0.0476237 0.0505119 0.0531122 0.0552176 0.056647 
0 0.00810142 0.0160363 0.0236424 0.0307085 0.0370351 0.0423835 0.0465378 0.0493005 0.0505177 0.0501212 0.0481076 0.0446151 0.0398497 0.0341524 0.0279167 0.0215484 0.0154982 0.0100974 0.00567716 0.00243968 0.000469771 -0.0002188 0.000209097 0.0015673 0.00360302 0.00607139 0.00874842 0.0114355 0.0139475 0.0161565 0.0180255 0.0195049 0.0206698 0.0215112 0.0220531 0.0223798 0.0225077 0.022525 0.0224467 0.0222712 0.0220165 0.0217339 0.0214196 0.0210878 0.0207359 0.0203427 0.0199584 0.0195663 0.019164 0.0187338 0.0183124 0.017898 0.0174731 0.0170369 0.0165923 0.0161472 0.0157122 0.0152895 0.0148337 0.0143921 0.0139665 0.01353 0.0130896 0.0126828 0.0122731 0.0118491 0.0114371 0.0110519 0.0106808 0.0102949 0.00991457 0.00956457 0.00923243 0.00888753 0.00856026 0.00825199 0.00795535 0.00766469 0.00739099 0.00712554 0.00687893 0.00664202 0.00641646 0.00620548 0.00601173 0.00582443 0.0056541 0.00549932 0.00535558 0.005224 0.00511084 0.00500878 0.00491996 0.00484664 0.00478792 0.00474145 0.00471041 0.00469333 0.00469098 0.00470215 0.00472771 0.00476832 0.00482365 0.00489095 0.00497505 0.00507406 0.00518473 0.00531025 0.0054543 0.00560769 0.0057757 0.00596208 0.00616108 0.00636941 0.00659926 0.00684111 0.00709437 0.00736251 0.00764886 0.0079451 0.00825911 0.00857931 0.00891868 0.00927908 0.00964778 0.0100129 0.010411 0.0108296 0.011249 0.0116684 0.0121115 0.0125774 0.013055 0.0135242 0.0140085 0.0145222 0.0150297 0.015548 0.0160941 0.0166388 0.0171659 0.017734 0.0183175 0.0189026 0.0194849 0.0200861 0.0207051 0.0213447 0.0219977 0.0226649 0.0233669 0.0241019 0.0248706 0.0256469 0.0264977 0.0274091 0.0283713 0.0293954 0.0304839 0.0316674 0.0329839 0.0344289 0.0359991 0.0377866 0.0397932 0.0420975 0.0447223 0.0476606 0.0509733 0.0546355 0.05861 0.0627764 0.0669725 0.0709815 0.0745995 0.0775732 0.0796434 0.0806136 0.0802879 0.0786511 0.0757471 0.0717518 0.066953 0.061667 0.0563142 0.0512769 0.0469438 0.0436153 0.0414936 0.0406697 0.0410941 0.0426527 0.0450961 0.0481663 0.051544 0.0549051 0.0579886 0.0605164 0.0623466 
0 0.00781628 0.0154479 0.0227342 0.0294385 0.0353723 0.0402901 0.0439732 0.0462478 0.0469414 0.0460143 0.0434643 0.0394275 0.0341524 0.0279542 0.0212588 0.0144758 0.00802958 0.0022922 -0.00244355 -0.00594928 -0.00812021 -0.00896482 -0.0085967 -0.00722209 -0.00508389 -0.00241312 0.000539419 0.0035735 0.00648669 0.0091301 0.0114438 0.0133857 0.0149952 0.0162688 0.0172378 0.0179474 0.0184444 0.0188005 0.0190326 0.0191592 0.0192025 0.0191932 0.0191369 0.019059 0.018921 0.0187503 0.0185743 0.0183676 0.0181544 0.0179095 0.0176396 0.0173611 0.0170813 0.0167679 0.0164606 0.0161423 0.0158114 0.0154768 0.0151293 0.0147912 0.0144534 0.0141139 0.0137665 0.0134304 0.0130812 0.0127651 0.0124452 0.012115 0.0117923 0.0114985 0.0111991 0.0109083 0.0106238 0.0103462 0.0100911 0.00983688 0.00958556 0.00935204 0.00913807 0.00891117 0.00871291 0.00852304 0.00834003 0.00816041 0.00801291 0.00785604 0.00771897 0.00759077 0.00748159 0.00736872 0.00728298 0.00719761 0.00713242 0.00707001 0.0070294 0.0069902 0.00697415 0.00695839 0.00696516 0.00697556 0.00700604 0.00703888 0.00709552 0.00715235 0.00723216 0.00731498 0.00741766 0.00752396 0.00765497 0.00778172 0.00793427 0.00809316 0.00826671 0.00844125 0.0086495 0.00884987 0.00906768 0.0093012 0.00955136 0.00979204 0.0100681 0.0103496 0.0106352 0.0109331 0.0112538 0.0115774 0.0119173 0.0122604 0.0126103 0.0129948 0.0133793 0.0137578 0.0141518 0.0145752 0.0149908 0.0154262 0.0158533 0.0162971 0.0167512 0.0172163 0.0176797 0.0181606 0.0186358 0.0191237 0.0196253 0.0201226 0.0206532 0.0211886 0.0217232 0.0222778 0.0228746 0.0234868 0.0241449 0.0248218 0.0255447 0.0263423 0.0271909 0.0281099 0.0291112 0.0302268 0.0314744 0.032872 0.0344271 0.0362109 0.0382672 0.0406511 0.0433894 0.0464816 0.049969 0.0538159 0.0579814 0.0623301 0.0666753 0.0708225 0.0745302 0.0775613 0.0796705 0.0806324 0.0803047 0.0786548 0.0757472 0.071788 0.0670382 0.0618432 0.0566047 0.0517036 0.0475445 0.0444126 0.0425268 0.041978 0.042711 0.0446143 0.0474312 0.0508951 0.0546819 0.0584555 0.0619394 0.0648501 0.0670279 
0 0.00746113 0.0147239 0.0216162 0.0278934 0.0333638 0.0377852 0.0409423 0.0426738 0.042813 0.0413327 0.0382424 0.0336812 0.0279167 0.0212588 0.0141423 0.00697814 0.000174 -0.00588434 -0.0109159 -0.0146789 -0.0170555 -0.0180527 -0.0177589 -0.0163822 -0.0141526 -0.011301 -0.00808293 -0.0047047 -0.00138252 0.00172323 0.00452422 0.00696757 0.009064 0.0108069 0.0122285 0.0133639 0.0142679 0.0150006 0.0155849 0.0160418 0.0163961 0.0166713 0.0168771 0.0170477 0.017146 0.017204 0.0172297 0.0172013 0.0171511 0.017064 0.016944 0.0168017 0.0166455 0.016447 0.0162485 0.0160237 0.0157861 0.0155492 0.0152974 0.0150403 0.0147731 0.0145065 0.0142423 0.0139893 0.0137077 0.0134523 0.0131977 0.0129411 0.0126867 0.0124519 0.0122086 0.011979 0.0117533 0.0115314 0.011331 0.0111252 0.0109211 0.0107393 0.010573 0.0103831 0.0102265 0.0100799 0.00993271 0.00978405 0.00967226 0.00954676 0.00943685 0.00933409 0.00925133 0.00916059 0.00909458 0.00902682 0.00897985 0.00893141 0.00890186 0.00887345 0.00886776 0.00885647 0.00886717 0.00888189 0.00891297 0.00894207 0.00899682 0.00904921 0.00912043 0.00919304 0.00928642 0.00937911 0.00949394 0.00960304 0.00973865 0.00987557 0.0100243 0.0101742 0.0103588 0.0105267 0.0107115 0.0109153 0.0111321 0.0113305 0.0115686 0.0118115 0.0120523 0.0123052 0.0125817 0.0128521 0.0131388 0.0134376 0.0137374 0.0140578 0.0143778 0.014707 0.015052 0.0154103 0.01575 0.0161229 0.0164959 0.0168791 0.0172621 0.0176539 0.0180479 0.0184614 0.0188684 0.0192854 0.019719 0.0201391 0.0205865 0.0210417 0.0215053 0.0219879 0.0225023 0.0230223 0.0235877 0.0241827 0.0248205 0.0255351 0.0263015 0.0271444 0.0280768 0.029132 0.0303317 0.0317051 0.0332722 0.0350923 0.0372195 0.039699 0.042563 0.0458141 0.0494792 0.053515 0.0578596 0.062368 0.0668341 0.0710639 0.0748062 0.0778304 0.0799073 0.0808122 0.0804323 0.0787361 0.075804 0.0718514 0.0671322 0.0620011 0.0568435 0.052042 0.0480017 0.0450062 0.0432793 0.0429116 0.043851 0.0459816 0.049051 0.0527858 0.0568607 0.0609361 0.0647202 0.0679286 0.0703832 
0 0.00708176 0.0139595 0.0204264 0.0262597 0.031241 0.035141 0.0377631 0.0389261 0.0385125 0.0364763 0.032846 0.0277932 0.0215484 0.0144758 0.00697814 -0.000543832 -0.00765113 -0.0140231 -0.0193282 -0.0233447 -0.0259662 -0.0271348 -0.0269781 -0.0256491 -0.0233678 -0.0203821 -0.0169222 -0.0132211 -0.00950152 -0.00594139 -0.00263293 0.000318138 0.00293289 0.00518756 0.00708057 0.00869436 0.0100239 0.0111494 0.0121002 0.012898 0.0135692 0.0141451 0.0146282 0.0150253 0.0153713 0.0156356 0.0158515 0.0160037 0.0161143 0.0161731 0.0161949 0.0161822 0.0161144 0.0160391 0.0159394 0.0158056 0.0156415 0.0154945 0.0153134 0.0151255 0.0149334 0.0147275 0.0145279 0.0143317 0.0141247 0.0139101 0.0137199 0.0135184 0.0133294 0.0131301 0.0129483 0.0127692 0.012596 0.012416 0.0122651 0.012105 0.0119419 0.011805 0.0116745 0.0115278 0.0114002 0.0112968 0.0111746 0.0110648 0.0109718 0.0108858 0.010791 0.0107209 0.01065 0.0105923 0.0105322 0.0104912 0.01045 0.0104259 0.0103947 0.0103876 0.0103803 0.0103844 0.0103876 0.0104175 0.0104383 0.0104751 0.0105172 0.0105772 0.0106292 0.010704 0.0107785 0.0108701 0.0109582 0.0110646 0.0111736 0.0113007 0.0114177 0.011558 0.0117081 0.0118586 0.0120078 0.012192 0.0123691 0.0125415 0.0127416 0.0129532 0.0131506 0.0133669 0.0136087 0.0138334 0.0140719 0.0143266 0.0145972 0.0148548 0.0151276 0.0154087 0.015721 0.0160087 0.0163059 0.0166279 0.0169585 0.0172753 0.0176126 0.0179548 0.0182934 0.0186588 0.0190102 0.0193709 0.0197447 0.0201366 0.0205123 0.0209154 0.0213321 0.021766 0.0222158 0.0226914 0.0232067 0.0237444 0.0243513 0.0249999 0.0257205 0.0265287 0.027441 0.0284725 0.0296754 0.031064 0.0326645 0.034574 0.0367894 0.0394018 0.0424262 0.0458554 0.0497127 0.0539364 0.0584406 0.0630716 0.0676373 0.0718929 0.0756363 0.0786099 0.0805866 0.0814046 0.0809055 0.0791219 0.0761306 0.0721296 0.0674161 0.0622983 0.0571764 0.0524248 0.0484236 0.0454806 0.043804 0.0434924 0.0445051 0.0467195 0.0498925 0.0537521 0.0579683 0.0622017 0.0661559 0.0695347 0.0721598 
0 0.00673742 0.0132474 0.01933 0.024731 0.029245 0.0326488 0.0347307 0.0353605 0.0343949 0.0318228 0.0276982 0.0221545 0.0154982 0.00802958 0.000174 -0.00765113 -0.0150901 -0.0217334 -0.027331 -0.0316362 -0.0344992 -0.035924 -0.0359409 -0.0347271 -0.0324764 -0.0294126 -0.025777 -0.0218143 -0.0177409 -0.0137398 -0.00997343 -0.00648585 -0.00336644 -0.000610321 0.00180412 0.0038726 0.00566561 0.00720317 0.00852886 0.00967205 0.0106861 0.0115534 0.0123046 0.0129661 0.0135149 0.0140026 0.0144045 0.0147238 0.0149762 0.0151969 0.0153428 0.0154312 0.0154849 0.0154942 0.0154881 0.0154447 0.0153699 0.0152618 0.0151684 0.0150505 0.0149086 0.0147624 0.0146371 0.0144865 0.01431 0.0141699 0.0140409 0.0138867 0.0137151 0.0135838 0.013456 0.013323 0.0131691 0.0130457 0.0129352 0.0128162 0.0126821 0.0125834 0.0124868 0.0123753 0.0122764 0.0121983 0.0121106 0.012023 0.0119564 0.0118899 0.0118249 0.0117656 0.0117211 0.0116749 0.0116376 0.0116016 0.0115833 0.0115616 0.0115483 0.0115409 0.0115502 0.0115497 0.0115658 0.0115892 0.0116203 0.0116463 0.0116956 0.0117437 0.0117986 0.011857 0.011934 0.0120068 0.0120904 0.012178 0.0122817 0.0123829 0.0124909 0.0126095 0.0127424 0.0128655 0.013 0.013157 0.013308 0.0134529 0.0136249 0.0138122 0.0139761 0.0141554 0.0143573 0.0145693 0.0147621 0.0149699 0.0151914 0.0154402 0.0156651 0.0158945 0.0161476 0.0164225 0.0166742 0.0169404 0.017231 0.0175161 0.0177955 0.0180945 0.0184241 0.0187289 0.0190374 0.0193649 0.0197204 0.0200616 0.0204261 0.0207959 0.0211815 0.0216032 0.0220358 0.0224885 0.0229849 0.0235395 0.0241126 0.0247646 0.0254836 0.0262948 0.0272306 0.0282999 0.0295354 0.0309829 0.0327011 0.0347047 0.0370922 0.0398719 0.0430791 0.0467386 0.0507957 0.0552151 0.0598763 0.0646193 0.0692297 0.0735 0.0771715 0.0800295 0.0818751 0.0825014 0.0818675 0.0799341 0.0768277 0.0727674 0.067981 0.0628461 0.0576946 0.0529134 0.048883 0.0458795 0.0441419 0.0437505 0.044683 0.046817 0.0499226 0.0537285 0.0579117 0.0621414 0.0661034 0.0695224 0.0721936 
0 0.00646195 0.0126975 0.018442 0.0234938 0.0275937 0.0305408 0.032155 0.0322616 0.0308034 0.0277299 0.0231254 0.0171674 0.0100974 0.0022922 -0.00588434 -0.0140231 -0.0217334 -0.0286916 -0.0345848 -0.0391981 -0.0423872 -0.0440979 -0.0443857 -0.0433719 -0.0412332 -0.0381895 -0.0344754 -0.0303258 -0.0259747 -0.0216143 -0.0173948 -0.0134413 -0.00982159 -0.00656159 -0.00367501 -0.00112116 0.00112257 0.00307383 0.0047888 0.00629989 0.00763068 0.00880927 0.00983793 0.0107217 0.0115205 0.0122181 0.0128051 0.0133001 0.0137058 0.014048 0.0143346 0.0145542 0.0146977 0.0148193 0.0149011 0.0149318 0.0149208 0.0149073 0.0148796 0.0148165 0.014735 0.0146416 0.0145564 0.014465 0.01437 0.0142473 0.0141428 0.0140443 0.0139476 0.0138339 0.0137346 0.0136366 0.0135399 0.013446 0.0133593 0.01327 0.0131781 0.0131056 0.0130304 0.0129534 0.0128765 0.0128236 0.0127573 0.012699 0.0126425 0.0126048 0.0125523 0.0125163 0.0124792 0.0124578 0.0124242 0.0124099 0.0123934 0.0123902 0.0123769 0.0123861 0.0123906 0.0124056 0.0124161 0.0124496 0.0124726 0.012509 0.0125458 0.0126006 0.012643 0.0127047 0.0127659 0.0128407 0.0129049 0.0129925 0.0130766 0.0131713 0.0132585 0.0133724 0.0134782 0.0135915 0.0137052 0.0138437 0.0139683 0.0141032 0.0142464 0.0144018 0.0145476 0.0147097 0.0148806 0.0150473 0.0152176 0.01541 0.0156112 0.0157882 0.015982 0.0162051 0.0164381 0.0166382 0.0168597 0.017102 0.0173618 0.0176078 0.0178636 0.0181265 0.0184101 0.0187023 0.0189957 0.0193015 0.0196294 0.0199748 0.0203064 0.0206739 0.0210819 0.0215076 0.0219402 0.0224158 0.0229285 0.0234999 0.0241337 0.0248091 0.0255762 0.0264561 0.0274547 0.0286017 0.0299435 0.0315149 0.0333839 0.0355904 0.0381672 0.0411716 0.0446216 0.0485144 0.0528137 0.057433 0.0622404 0.0670689 0.0717051 0.0759144 0.0794741 0.0821608 0.0837806 0.0842033 0.0833418 0.081223 0.0779683 0.0737599 0.0688893 0.0636531 0.0584103 0.0535388 0.0493641 0.0462141 0.0442791 0.0436648 0.044368 0.0462455 0.0491154 0.0526893 0.056663 0.0607189 0.0645278 0.0678369 0.0704232 
0 0.00630053 0.0123506 0.0178776 0.0226585 0.0264363 0.0290152 0.030214 0.0298865 0.0279788 0.0244613 0.0194425 0.0130916 0.00567716 -0.00244355 -0.0109159 -0.0193282 -0.027331 -0.0345848 -0.0407988 -0.0457642 -0.0493159 -0.0514099 -0.0520574 -0.0513515 -0.0494468 -0.046536 -0.0428459 -0.0386227 -0.0340891 -0.0294468 -0.0248805 -0.0205043 -0.0164436 -0.0127247 -0.00936133 -0.00635227 -0.00366218 -0.00129994 0.000791631 0.00265067 0.00431954 0.00580579 0.00711725 0.00826447 0.00928818 0.0101986 0.0109805 0.0116583 0.0122243 0.0127335 0.0131587 0.0134919 0.0137532 0.0139752 0.0141524 0.0142853 0.0143662 0.0144024 0.014443 0.0144463 0.0144257 0.0143916 0.0143639 0.0143053 0.0142401 0.0141715 0.0141233 0.0140584 0.0139695 0.0138968 0.0138442 0.0137779 0.0136946 0.013634 0.0135725 0.0135158 0.0134473 0.0133947 0.0133392 0.0132945 0.0132355 0.013198 0.0131546 0.0131171 0.0130751 0.0130534 0.013019 0.0129957 0.0129738 0.0129622 0.0129425 0.012938 0.0129316 0.0129329 0.012933 0.0129448 0.0129542 0.0129733 0.0129916 0.01302 0.0130483 0.0130848 0.0131208 0.0131693 0.0132147 0.0132686 0.0133255 0.0133931 0.0134529 0.0135295 0.0136066 0.0136887 0.0137677 0.0138695 0.0139593 0.0140594 0.0141636 0.0142829 0.0143863 0.0145109 0.0146351 0.0147716 0.0148961 0.0150366 0.015183 0.0153456 0.0154855 0.0156393 0.0158175 0.0159974 0.0161604 0.0163392 0.0165369 0.0167328 0.016937 0.0171411 0.0173694 0.0175916 0.0178215 0.0180709 0.0183549 0.0186129 0.0188876 0.0191914 0.0195223 0.0198691 0.020223 0.0205994 0.02102 0.0214783 0.0219461 0.0224714 0.0230438 0.0236879 0.024381 0.0251373 0.0259978 0.026989 0.0281229 0.0294187 0.0309196 0.032676 0.0347675 0.037204 0.0400511 0.0433298 0.0470579 0.051236 0.0557755 0.060589 0.0655233 0.0704003 0.0750112 0.0791259 0.0825084 0.0849632 0.086313 0.0864421 0.0853159 0.0829477 0.079481 0.0750951 0.0700589 0.0646802 0.0592783 0.0542267 0.0498359 0.0464148 0.0441672 0.0431937 0.043509 0.0449839 0.0474471 0.0506285 0.054232 0.0579508 0.0614622 0.064518 0.0668986 
