0 0 0 0 0 0 0 0 0 0 0 0 0 0 0 0 0 0 0 0 0 0 0 0 0 0 0 0 0 0 0 0 0 0 0 0 0 0 0 0 0 0 0 0 0 0 0 0 0 0 0 0 0 0 0 0 0 0 0 0 0 0 0 0 0 0 0 0 0 0 0 0 0 0 0 0 0 0 0 0 0 0 0 0 0 0 0 0 0 0 0 0 0 0 0 0 0 0 0 0 0 0 0 0 0 0 0 0 0 0 0 0 0 0 0 0 0 0 0 0 0 0 0 0 0 0 0 0 0 0 0 0 0 0 0 0 0 0 0 0 0 0 0 0 0 0 0 0 0 0 0 0 0 0 0 0 0 0 0 0 0 0 0 0 0 0 0 0 0 0 0 0 0 0 0 0 0 0 0 0 0 0 0 0 0 0 0 0 0 0 0 0 0 0 0 0 0 0 0 0 
0 0.000389027 0.000783051 0.00119768 0.00163726 0.00210444 0.00261028 0.00313952 0.003697 0.00426144 0.00480692 0.00532332 0.00575508 0.00609855 0.00631586 0.00638594 0.00632856 0.00611094 0.00578308 0.00535451 0.00485751 0.00436813 0.00390662 0.00354796 0.00331818 0.00323103 0.00329422 0.00349737 0.00381714 0.0042338 0.00472703 0.00522861 0.00574631 0.00622522 0.00666241 0.00707817 0.00742999 0.00774964 0.00802031 0.00825868 0.00847069 0.00866836 0.00883549 0.00897267 0.00910267 0.00921098 0.00931859 0.0094 0.00946966 0.00951116 0.00955531 0.00959196 0.00959869 0.00960422 0.00960124 0.00958499 0.00955154 0.00952436 0.00947083 0.00942845 0.00937997 0.00931018 0.00923115 0.00916675 0.00910311 0.00901913 0.00892817 0.00884115 0.00877398 0.00868168 0.00858565 0.00849906 0.00842297 0.00832562 0.00823949 0.00815497 0.00807206 0.00798546 0.00790403 0.0078237 0.00774912 0.00767108 0.00759401 0.00753049 0.00746285 0.00739248 0.00733328 0.00728421 0.0072209 0.00717112 0.00713138 0.00708929 0.00704209 0.00701836 0.00698943 0.0069599 0.00693946 0.00693407 0.00691483 0.00690939 0.00691347 0.00691886 0.00691804 0.00694056 0.00695945 0.00697745 0.00700378 0.00704648 0.00707459 0.00711442 0.00716587 0.0072172 0.00726059 0.00732573 0.00738962 0.00744895 0.00751562 0.00759459 0.00766546 0.00774026 0.0078231 0.00790648 0.00799135 0.00807478 0.00816457 0.00825865 0.00835174 0.0084312 0.00853397 0.00863544 0.00872399 0.00880383 0.0089107 0.00900892 0.00909887 0.00917406 0.00926503 0.00936293 0.00944266 0.00950788 0.00958585 0.00966221 0.00971236 0.00977576 0.00982519 0.00986741 0.00989718 0.00992435 0.00993043 0.00994492 0.00994755 0.00992579 0.0098948 0.00985502 0.00981983 0.00975787 0.00969515 0.00961234 0.00952772 0.00944368 0.00935689 0.00926221 0.00918045 0.00912578 0.00907463 0.00907044 0.00906728 0.00908889 0.00913801 0.00917222 0.00918911 0.00913712 0.00898836 0.00871686 0.00831622 0.00775629 0.00705822 0.00622877 0.00528731 0.0043138 0.00332154 0.0023925 0.00155807 0.000837403 0.000277121 -0.000144784 -0.00040705 -0.000533976 -0.000548834 -0.000470681 -0.00034346 -0.000181916 -2.189e-05 0.000128312 0.000252668 0.000343165 0.000403853 0.000420927 0.000406017 0.000349218 
0 0.000783051 0.00159493 0.00242181 0.00331845 0.0042568 0.0052623 0.00633916 0.00743847 0.00858072 0.00967916 0.0106999 0.0115941 0.0122625 0.0127081 0.0128598 0.0127179 0.012314 0.0116386 0.0107866 0.00981387 0.00881124 0.00790856 0.00717583 0.00670009 0.00651941 0.00662787 0.00701661 0.00764784 0.00847238 0.00941986 0.0104275 0.0114182 0.0123488 0.0132236 0.0140077 0.014714 0.0153348 0.0158519 0.016303 0.0167149 0.017074 0.0173902 0.017678 0.0178969 0.0181154 0.0183091 0.0184447 0.0185634 0.0186578 0.0187307 0.0187809 0.0188081 0.0187796 0.0187607 0.0187304 0.0186799 0.0185917 0.01849 0.0183989 0.0182789 0.0181477 0.0180141 0.0178822 0.017707 0.017559 0.0174 0.0172389 0.0170645 0.016894 0.0167147 0.0165552 0.0163861 0.016199 0.0160335 0.0158702 0.0157064 0.0155325 0.0153794 0.0152168 0.0150779 0.014916 0.0147765 0.0146405 0.0145197 0.0143715 0.0142677 0.0141579 0.0140485 0.0139389 0.0138724 0.0137781 0.0136999 0.0136398 0.0135951 0.013527 0.0134988 0.0134749 0.0134506 0.0134288 0.0134471 0.0134462 0.0134579 0.0134889 0.0135372 0.013562 0.0136255 0.0136951 0.0137638 0.0138299 0.0139416 0.0140294 0.0141287 0.0142422 0.0143791 0.0144841 0.0146264 0.0147682 0.014919 0.0150558 0.0152255 0.0153801 0.0155549 0.0157156 0.0158912 0.0160689 0.0162565 0.0164262 0.0166135 0.0168026 0.0169796 0.0171732 0.01736 0.0175343 0.0177081 0.0179082 0.018072 0.0182446 0.0184007 0.0185595 0.0187072 0.0188632 0.0189868 0.019093 0.0191919 0.0192954 0.0193869 0.0194218 0.0194639 0.0194927 0.0194953 0.0194719 0.0194423 0.0193705 0.0193032 0.019215 0.0190711 0.0189369 0.0187938 0.0186432 0.0184887 0.0183313 0.0181764 0.0180745 0.0180213 0.0180055 0.018044 0.0181129 0.0182123 0.0183073 0.0183421 0.0182436 0.0179558 0.0174347 0.0166278 0.0155388 0.0141496 0.0124871 0.0106445 0.00867974 0.00672683 0.00488605 0.00321216 0.0018089 0.000675719 -0.000157067 -0.000678214 -0.000949768 -0.000973448 -0.000831101 -0.000579148 -0.000255607 6.18026e-05 0.000365016 0.000614086 0.00079476 0.000911529 0.000944694 0.000908514 0.000792369 
0 0.00119768 0.00242181 0.00369846 0.00504863 0.00648208 0.00801952 0.00963432 0.0113197 0.0130258 0.0146773 0.0162236 0.0175354 0.0185639 0.0192212 0.0194471 0.0192676 0.0186378 0.0176554 0.0163779 0.0149061 0.0134279 0.0120483 0.0109489 0.0102226 0.00991673 0.0100473 0.0105883 0.0114776 0.0126516 0.0140347 0.0154697 0.0169266 0.0182862 0.0195315 0.0206866 0.0216797 0.0225598 0.0233003 0.0239421 0.0245069 0.0250174 0.025448 0.0258015 0.0261166 0.0263841 0.0266349 0.0268201 0.0269683 0.0270543 0.0271343 0.027191 0.0271824 0.0271553 0.0271098 0.0270348 0.0269206 0.0268047 0.0266391 0.0264919 0.0263267 0.0261177 0.0258896 0.025687 0.0254802 0.0252381 0.0249794 0.0247287 0.0245121 0.0242504 0.0239798 0.0237303 0.0234989 0.023228 0.0229797 0.0227371 0.0224986 0.0222531 0.0220205 0.0217922 0.0215787 0.0213571 0.0211428 0.0209569 0.0207668 0.0205706 0.0204039 0.0202576 0.0200877 0.0199455 0.0198308 0.0197109 0.019587 0.0195114 0.0194321 0.0193515 0.0192965 0.0192727 0.0192274 0.0192107 0.0192205 0.0192334 0.0192405 0.0192959 0.0193507 0.0194039 0.0194813 0.0195925 0.0196803 0.0197923 0.0199352 0.0200775 0.0202097 0.0203869 0.020568 0.0207387 0.0209304 0.0211481 0.0213541 0.0215671 0.0218021 0.0220392 0.0222818 0.0225224 0.0227792 0.0230456 0.0233112 0.0235527 0.0238401 0.0241263 0.0243865 0.0246351 0.0249333 0.0252144 0.0254775 0.025719 0.0259857 0.0262643 0.0265059 0.0267206 0.0269563 0.0271884 0.0273674 0.0275625 0.027731 0.0278844 0.0280091 0.0281147 0.0281811 0.0282574 0.0283027 0.0282924 0.0282577 0.0281981 0.0281409 0.0280278 0.0278953 0.0277233 0.0275454 0.0273664 0.0271808 0.0269842 0.0268202 0.026727 0.02667 0.0267182 0.026796 0.0269374 0.0271384 0.0273051 0.0273972 0.0272851 0.0268827 0.0261167 0.0249503 0.0233253 0.0212766 0.0188357 0.0160824 0.0132039 0.0102941 0.0075538 0.0050861 0.00296889 0.00130044 5.74913e-05 -0.000726266 -0.00111113 -0.00115982 -0.000942139 -0.00056916 -0.000100785 0.000371029 0.000810458 0.00117451 0.00144072 0.0016093 0.00165649 0.00160228 0.00142641 
0 0.00163726 0.00331845 0.00504863 0.00688845 0.00883125 0.0108973 0.0130826 0.0153339 0.017626 0.0198435 0.0218975 0.0236723 0.0250329 0.0259164 0.0262323 0.0259735 0.0251624 0.0238441 0.0221483 0.0202088 0.0182191 0.0163866 0.0148891 0.0138736 0.0134131 0.013519 0.0141616 0.0152724 0.0167563 0.0184883 0.0203288 0.022157 0.023879 0.0254706 0.0269046 0.0281665 0.0292585 0.0301675 0.0309407 0.0316207 0.0322082 0.032709 0.0331328 0.0334703 0.0337731 0.0340328 0.034213 0.0343459 0.0344322 0.0344872 0.0345064 0.0344728 0.034381 0.0342804 0.0341594 0.034004 0.0338064 0.0335814 0.0333637 0.0331175 0.0328432 0.0325615 0.0322824 0.0319707 0.0316638 0.0313466 0.0310296 0.0307105 0.0303802 0.0300432 0.0297291 0.0294121 0.0290732 0.0287557 0.0284478 0.0281406 0.0278278 0.0275334 0.0272421 0.0269716 0.0266874 0.0264235 0.0261783 0.0259432 0.0256935 0.0254877 0.0252906 0.0250894 0.0249035 0.0247608 0.0246034 0.0244607 0.0243523 0.024259 0.0241554 0.024093 0.0240501 0.0240062 0.0239794 0.0239947 0.0240043 0.024027 0.0240846 0.0241599 0.024225 0.0243305 0.0244572 0.0245812 0.0247178 0.0249009 0.0250734 0.0252549 0.0254676 0.0257018 0.0259164 0.0261663 0.0264322 0.0267024 0.0269702 0.0272706 0.0275691 0.0278821 0.0281905 0.0285165 0.0288525 0.0291941 0.0295215 0.0298744 0.0302323 0.030575 0.0309282 0.0312904 0.0316395 0.031984 0.0323415 0.0326819 0.0330262 0.0333488 0.0336626 0.0339766 0.0342906 0.0345622 0.0348153 0.0350576 0.0352957 0.0355072 0.0356629 0.0358048 0.0359344 0.0360259 0.0360729 0.0360933 0.0360718 0.0360416 0.0359688 0.0358357 0.0356901 0.0355358 0.0353737 0.0352076 0.0350396 0.0349016 0.0348503 0.0348846 0.03501 0.035218 0.0354929 0.0358158 0.0361109 0.0362744 0.036171 0.035684 0.0347201 0.0332046 0.0311068 0.0284284 0.0252262 0.0216443 0.0178503 0.0140547 0.0104629 0.007215 0.00445795 0.00224895 0.000622575 -0.000413233 -0.000935725 -0.000999879 -0.000730008 -0.000241129 0.000371603 0.000992052 0.00157264 0.00205086 0.0024019 0.00261718 0.00267482 0.00259068 0.00234786 
0 0.00210444 0.0042568 0.00648208 0.00883125 0.0113135 0.0139396 0.016703 0.0195504 0.0224239 0.0252063 0.0277725 0.0299824 0.0316858 0.0327825 0.0331837 0.0328658 0.031856 0.030221 0.028105 0.0256864 0.0231968 0.0208869 0.0189774 0.0176452 0.0169821 0.0170083 0.0176879 0.018939 0.0206469 0.02266 0.0248146 0.0269606 0.0289901 0.0308538 0.0325223 0.0339797 0.0352208 0.0362514 0.0371129 0.0378505 0.0384759 0.0389934 0.0394113 0.0397403 0.0400193 0.0402444 0.0403945 0.0404799 0.0405128 0.0405094 0.0404669 0.0403695 0.0402207 0.040052 0.0398572 0.0396274 0.0393592 0.0390684 0.0387753 0.0384594 0.0381119 0.0377538 0.0373999 0.0370301 0.0366496 0.0362568 0.0358699 0.035487 0.0350918 0.0346891 0.0343056 0.0339246 0.0335315 0.0331501 0.0327819 0.0324174 0.0320531 0.0317021 0.0313623 0.0310373 0.0307101 0.0304001 0.0301112 0.0298312 0.0295508 0.0293037 0.0290713 0.0288407 0.0286297 0.0284524 0.0282754 0.0281137 0.0279841 0.0278712 0.0277614 0.0276852 0.0276318 0.027585 0.0275594 0.0275684 0.0275837 0.0276152 0.0276793 0.027762 0.0278482 0.027968 0.0281113 0.0282593 0.0284258 0.0286287 0.0288344 0.0290513 0.0292986 0.0295651 0.0298277 0.0301173 0.0304277 0.0307443 0.0310665 0.0314143 0.0317705 0.0321358 0.0325056 0.0328924 0.0332913 0.0336916 0.03409 0.0345106 0.0349379 0.0353513 0.0357729 0.03621 0.0366421 0.0370625 0.0374868 0.0379115 0.0383386 0.038745 0.0391391 0.0395358 0.0399275 0.0402881 0.0406299 0.040962 0.0412814 0.0415722 0.0418189 0.0420477 0.0422623 0.0424401 0.0425692 0.0426624 0.0427246 0.0427676 0.0427685 0.0427144 0.0426372 0.0425504 0.0424596 0.042367 0.0422837 0.0422491 0.0423098 0.0424792 0.0427563 0.0431329 0.0435912 0.0440959 0.0445577 0.0448432 0.0447945 0.0442637 0.0431359 0.0413229 0.0387854 0.035532 0.0316398 0.0272762 0.0226524 0.0180218 0.0136256 0.00965554 0.00627414 0.00356683 0.0015787 0.000303869 -0.000328955 -0.000410263 -7.97768e-05 0.000523318 0.00126851 0.00203409 0.00274271 0.00332751 0.00375705 0.00401313 0.00408122 0.00396711 0.00366103 
0 0.00261028 0.0052623 0.00801952 0.0108973 0.0139396 0.0171472 0.0204949 0.0239533 0.0274058 0.0307507 0.0338289 0.036456 0.0385013 0.0397969 0.0402718 0.0398957 0.038671 0.0367233 0.0341836 0.0312792 0.0282904 0.0254807 0.0231335 0.0214416 0.0205181 0.0203987 0.0210439 0.0223559 0.024201 0.0264151 0.0287886 0.0311755 0.0334388 0.0354983 0.0373441 0.0389307 0.0402626 0.0413607 0.0422578 0.0429929 0.0436065 0.044093 0.0444531 0.0447424 0.0449493 0.0450968 0.04518 0.0451878 0.0451355 0.04505 0.0449243 0.0447331 0.0445156 0.0442615 0.0439813 0.0436634 0.0433264 0.0429611 0.0425844 0.0422007 0.0417855 0.0413541 0.0409244 0.0405089 0.0400574 0.0396018 0.0391518 0.0387199 0.0382663 0.0378145 0.0373709 0.0369413 0.0365068 0.0360753 0.0356602 0.0352516 0.0348514 0.0344554 0.0340832 0.0337126 0.0333604 0.0330139 0.0326959 0.0323781 0.0320856 0.0318019 0.0315475 0.0312947 0.0310731 0.0308624 0.0306789 0.0305025 0.0303608 0.0302284 0.0301237 0.0300327 0.0299742 0.0299241 0.029906 0.0299028 0.0299281 0.0299647 0.0300358 0.0301176 0.0302279 0.0303524 0.0305091 0.0306722 0.0308674 0.0310752 0.0313106 0.0315516 0.0318269 0.032109 0.0324159 0.0327293 0.0330748 0.0334219 0.0337913 0.0341687 0.0345724 0.0349744 0.035394 0.0358261 0.0362749 0.0367205 0.0371758 0.0376507 0.0381322 0.0386095 0.0390824 0.0395842 0.0400864 0.0405787 0.041054 0.0415618 0.0420623 0.0425471 0.0430161 0.0435004 0.0439693 0.0444169 0.0448566 0.0452842 0.0456942 0.0460736 0.0464386 0.0467649 0.0470834 0.047372 0.0476122 0.0478089 0.0479936 0.0481463 0.0482506 0.0483294 0.0483638 0.0483961 0.048434 0.0484735 0.0485346 0.0486704 0.0489092 0.0492707 0.0497752 0.0503804 0.0510849 0.0518308 0.0525007 0.0529526 0.052999 0.0524683 0.0512206 0.0491668 0.0462414 0.042477 0.0379711 0.0328933 0.0275292 0.0221378 0.0170098 0.0123921 0.00843524 0.00528454 0.00296954 0.00147855 0.000756785 0.00066072 0.00105764 0.00177517 0.00265103 0.00356492 0.00440186 0.00509798 0.00560937 0.00590786 0.0059873 0.00584003 0.00546752 
0 0.00313952 0.00633916 0.00963432 0.0130826 0.016703 0.0204949 0.0244568 0.0284973 0.0325384 0.0364352 0.0399874 0.0430478 0.045385 0.0468745 0.0474175 0.0469356 0.0455215 0.0432261 0.0402598 0.0368835 0.033358 0.0300536 0.0272282 0.0251237 0.0238836 0.0235453 0.0240677 0.025361 0.0272633 0.0295602 0.0320954 0.034616 0.0370298 0.0392418 0.0411705 0.042847 0.0442178 0.0453291 0.0462045 0.0469058 0.047441 0.0478481 0.0481468 0.0483276 0.0484475 0.048483 0.0484582 0.048352 0.048221 0.0480283 0.0477878 0.0475221 0.0471959 0.0468454 0.0464805 0.0461005 0.0456623 0.0452382 0.0447834 0.0443162 0.0438442 0.0433766 0.0428876 0.0423822 0.0418903 0.0414059 0.0409235 0.0404094 0.0399263 0.0394469 0.0389743 0.0384886 0.038033 0.0375703 0.0371283 0.036688 0.0362628 0.0358457 0.0354484 0.0350557 0.0346816 0.0343265 0.0339776 0.0336505 0.0333429 0.033051 0.032768 0.0325216 0.032282 0.0320639 0.031865 0.0316993 0.0315345 0.0314055 0.0312944 0.0312094 0.0311322 0.0310978 0.0310722 0.0310735 0.0310921 0.0311489 0.031208 0.0313024 0.031416 0.031557 0.031704 0.0318929 0.0320921 0.0323133 0.0325519 0.0328252 0.0331002 0.0334034 0.0337268 0.0340679 0.0344189 0.0347982 0.0351887 0.0355913 0.0360159 0.036451 0.0369017 0.0373617 0.0378386 0.0383195 0.0388305 0.0393257 0.0398385 0.040365 0.0409153 0.0414359 0.0419764 0.0425243 0.0430939 0.0436438 0.0441866 0.0447416 0.0453043 0.0458528 0.0463934 0.0469466 0.0474533 0.0479743 0.0484887 0.0489857 0.0494402 0.0499016 0.0503254 0.0507246 0.0511075 0.0514488 0.0517703 0.0520517 0.0523192 0.0525278 0.0527379 0.0529407 0.0531486 0.0533762 0.0536502 0.0540042 0.0544722 0.0551186 0.0558779 0.0568006 0.0578122 0.0588309 0.059773 0.0604194 0.0606003 0.0601158 0.0588079 0.0565512 0.053322 0.0491145 0.0440604 0.0383933 0.0323487 0.0263127 0.0205494 0.0153421 0.0109182 0.00735942 0.00477564 0.00311557 0.00231079 0.00223933 0.00270464 0.00354903 0.00457467 0.00563774 0.00662026 0.00743386 0.00803364 0.00838413 0.00847886 0.00830612 0.00787208 
0 0.003697 0.00743847 0.0113197 0.0153339 0.0195504 0.0239533 0.0284973 0.0331499 0.0377436 0.0421597 0.0461827 0.0495923 0.0522243 0.0538611 0.0544297 0.0538685 0.0522028 0.0495828 0.0461784 0.0422942 0.0382555 0.0344081 0.031085 0.028532 0.0269125 0.026279 0.0266059 0.0277743 0.0296187 0.0319381 0.034499 0.03711 0.0396159 0.041888 0.0438835 0.0455697 0.0469289 0.0480164 0.0488513 0.0494632 0.0499161 0.0502139 0.0503726 0.0504553 0.0504376 0.0503442 0.0502079 0.0499964 0.049733 0.0494299 0.049086 0.0487055 0.0483141 0.0478835 0.0474269 0.0469464 0.0464639 0.0459755 0.0454571 0.0449458 0.0444273 0.0438921 0.0433549 0.0428508 0.0423164 0.0417839 0.0412591 0.0407468 0.0402378 0.0397364 0.0392266 0.0387357 0.0382687 0.0377915 0.0373291 0.0368793 0.0364489 0.0360213 0.0356184 0.0352104 0.0348415 0.0344775 0.0341268 0.0337872 0.033494 0.0331874 0.032908 0.032657 0.0324297 0.0321943 0.0320087 0.0318389 0.0316805 0.0315402 0.0314471 0.0313518 0.0312814 0.0312431 0.0312314 0.0312187 0.0312504 0.031304 0.0313706 0.0314543 0.0315863 0.031718 0.0318718 0.0320577 0.0322734 0.0324802 0.0327335 0.0330071 0.0332924 0.033586 0.0339318 0.0342706 0.0346315 0.0350125 0.0354238 0.0358278 0.0362677 0.0367104 0.0371784 0.0376558 0.038149 0.0386435 0.03917 0.039699 0.0402359 0.040789 0.0413421 0.0419118 0.0425018 0.043087 0.0436565 0.044268 0.0448741 0.0454804 0.0460866 0.0467 0.0472989 0.0479151 0.0485284 0.0491338 0.0497225 0.0502991 0.0508879 0.0514514 0.0519994 0.0525384 0.0530507 0.0535287 0.0540125 0.0544581 0.0548809 0.0553059 0.0556968 0.0560929 0.0565191 0.0569725 0.0575003 0.0581441 0.0589127 0.0598536 0.0609646 0.0622156 0.063574 0.0649384 0.0661632 0.0670646 0.0674212 0.0670219 0.0656904 0.063306 0.0598144 0.055253 0.0497692 0.0435769 0.0370111 0.0304095 0.0241062 0.0184323 0.0135754 0.00971914 0.00691712 0.00513529 0.00432338 0.0042877 0.00487111 0.00586152 0.00704713 0.00828991 0.00942238 0.0103766 0.011083 0.0115 0.0116337 0.0114508 0.0109748 
0 0.00426144 0.00858072 0.0130258 0.017626 0.0224239 0.0274058 0.0325384 0.0377436 0.0428761 0.0477758 0.0522095 0.0559674 0.0588222 0.0605838 0.0611511 0.0604462 0.0585397 0.055551 0.0517036 0.0473242 0.0427421 0.038357 0.0345013 0.0314495 0.0293932 0.0284004 0.0284454 0.0294214 0.03114 0.0333722 0.0359101 0.0385086 0.0410261 0.0433242 0.0453136 0.0469892 0.0483164 0.0493481 0.0501009 0.0506187 0.050943 0.051114 0.0511658 0.0511154 0.0509736 0.050747 0.0504772 0.0501443 0.0497896 0.0493822 0.0489327 0.048475 0.0479917 0.04748 0.0469584 0.0464329 0.0458882 0.0453576 0.0447924 0.0442319 0.0436887 0.0431506 0.0425925 0.0420377 0.0414939 0.0409728 0.0404508 0.0399049 0.0393951 0.0389035 0.0384031 0.0379009 0.0374392 0.0369704 0.0365165 0.03607 0.0356464 0.0352316 0.0348342 0.034436 0.0340753 0.0337274 0.033378 0.0330538 0.0327691 0.0324765 0.0321977 0.031966 0.0317428 0.031519 0.0313362 0.0311837 0.0310238 0.0308955 0.0308048 0.0307206 0.0306461 0.0306199 0.0306058 0.0305991 0.0306265 0.0306891 0.030747 0.0308352 0.030962 0.0310968 0.0312385 0.0314297 0.0316361 0.0318411 0.0320834 0.0323618 0.0326325 0.0329241 0.0332619 0.0336011 0.0339468 0.0343285 0.0347333 0.0351334 0.0355633 0.0360084 0.0364739 0.0369444 0.0374327 0.0379332 0.0384694 0.0389859 0.0395197 0.0400886 0.0406712 0.0412275 0.0418148 0.0424254 0.0430447 0.0436613 0.0442757 0.0449175 0.0455767 0.0462264 0.0468714 0.047551 0.0482113 0.0488829 0.0495552 0.0502281 0.0509012 0.0515772 0.052225 0.0528743 0.0535325 0.0541678 0.0548006 0.0554025 0.0560066 0.0566083 0.0572184 0.0578411 0.0585023 0.0592219 0.0600421 0.0609932 0.062093 0.0634 0.0648775 0.0665329 0.0682829 0.0700027 0.071556 0.072716 0.0732701 0.072992 0.0716857 0.0692162 0.065547 0.060707 0.054869 0.048287 0.0412793 0.0342506 0.0275355 0.0214832 0.0163368 0.0122472 0.00931027 0.00747953 0.00668194 0.00674631 0.00746945 0.00864243 0.0100371 0.0114844 0.0128217 0.0139512 0.0148018 0.0153269 0.0155199 0.015359 0.0148581 
0 0.00480692 0.00967916 0.0146773 0.0198435 0.0252063 0.0307507 0.0364352 0.0421597 0.0477758 0.0530988 0.0578884 0.0619189 0.0649454 0.06678 0.0673019 0.0664385 0.0642634 0.0609034 0.0566094 0.0517235 0.0466028 0.0416661 0.0372629 0.033689 0.0311534 0.0297419 0.029438 0.0301341 0.0316374 0.0337119 0.036144 0.0386853 0.0411732 0.0434551 0.0454194 0.0470524 0.0483278 0.0492938 0.0499691 0.050391 0.0506 0.0506448 0.0505731 0.0503959 0.0501314 0.0497871 0.0494056 0.0489783 0.0485293 0.0480325 0.0475017 0.0469808 0.0464462 0.0458923 0.0453225 0.0447564 0.0441882 0.0436393 0.0430635 0.0424914 0.0419419 0.0413973 0.0408452 0.0402971 0.039767 0.0392508 0.0387377 0.0382088 0.0377199 0.0372434 0.036758 0.0362758 0.0358339 0.0353897 0.0349531 0.0345279 0.0341252 0.0337372 0.0333564 0.0329827 0.0326424 0.0323191 0.0319871 0.0316872 0.03142 0.0311499 0.0308876 0.0306761 0.030468 0.0302633 0.0300929 0.0299559 0.0298078 0.0296925 0.0296092 0.0295356 0.0294675 0.0294474 0.0294356 0.0294338 0.0294609 0.0295233 0.0295783 0.0296653 0.0297846 0.0299144 0.0300477 0.0302316 0.0304251 0.0306213 0.0308494 0.0311163 0.0313704 0.0316497 0.0319692 0.0322957 0.032621 0.0329883 0.0333748 0.0337611 0.0341681 0.0346002 0.0350484 0.0355039 0.0359727 0.0364607 0.03698 0.0374864 0.0380078 0.0385616 0.0391325 0.0396843 0.0402687 0.0408715 0.0414862 0.0420996 0.0427261 0.0433781 0.0440488 0.0447077 0.0453744 0.0460837 0.0467893 0.0475015 0.0482154 0.0489463 0.0496904 0.05045 0.0511881 0.0519383 0.0527085 0.0534748 0.0542428 0.055 0.0557796 0.056575 0.0573976 0.0582434 0.0591485 0.0601456 0.0612788 0.062569 0.0640326 0.0657167 0.0675907 0.069654 0.071805 0.0739036 0.0757916 0.0772338 0.0780053 0.077868 0.0766163 0.0741093 0.0703174 0.0652851 0.0591987 0.0523333 0.0450184 0.037675 0.0306641 0.0243471 0.0189984 0.0147779 0.0117866 0.00998535 0.00928133 0.00950358 0.010431 0.0118387 0.0134901 0.0151921 0.0167767 0.018129 0.0191705 0.0198512 0.0201548 0.0200645 0.019587 
0 0.00532332 0.0106999 0.0162236 0.0218975 0.0277725 0.0338289 0.0399874 0.0461827 0.0522095 0.0578884 0.0629816 0.0672002 0.0703554 0.0722037 0.0726265 0.071589 0.0691033 0.065375 0.0606365 0.0552428 0.0496076 0.0441152 0.0391628 0.0350514 0.0320058 0.0301293 0.0294333 0.0297911 0.0310144 0.0328911 0.0351424 0.0375889 0.0400087 0.0422346 0.0441765 0.0457581 0.0469911 0.0478987 0.0485163 0.0488449 0.048967 0.0489151 0.0487323 0.0484736 0.0481073 0.0476745 0.0472043 0.0467221 0.0461963 0.0456509 0.0450833 0.0445109 0.0439584 0.0433898 0.0428077 0.0422193 0.0416745 0.0411195 0.0405566 0.040002 0.0394774 0.0389457 0.0384159 0.0379087 0.037406 0.0369168 0.0364237 0.0359497 0.0354853 0.0350437 0.0345851 0.0341518 0.033734 0.0333319 0.032924 0.0325375 0.032167 0.031815 0.0314647 0.031126 0.0308188 0.0305219 0.0302266 0.0299527 0.029715 0.0294683 0.0292415 0.0290435 0.028865 0.0286787 0.0285344 0.0284039 0.0282844 0.0281762 0.02811 0.0280397 0.0279928 0.0279673 0.0279678 0.0279638 0.0279999 0.0280485 0.0281121 0.0281871 0.0283039 0.0284162 0.0285514 0.0287114 0.0288961 0.0290726 0.0292908 0.029527 0.02977 0.0300235 0.0303219 0.0306196 0.0309272 0.0312626 0.031624 0.0319841 0.0323621 0.0327664 0.0331841 0.0336136 0.0340508 0.0345165 0.0349928 0.0354821 0.0359752 0.0365042 0.0370284 0.0375724 0.0381304 0.0387117 0.039288 0.0398911 0.040506 0.0411391 0.0417922 0.0424488 0.0431175 0.0438118 0.0445464 0.0452662 0.0459982 0.0467553 0.0475582 0.0483501 0.0491523 0.0499806 0.050827 0.0516989 0.0525778 0.0534678 0.05438 0.0553635 0.0563664 0.057426 0.0585761 0.0598438 0.0612855 0.0629156 0.0647526 0.0668055 0.0691064 0.0715715 0.0741253 0.0766111 0.0788103 0.0805364 0.0815191 0.0815273 0.0803486 0.0778478 0.073979 0.0688302 0.0625916 0.055529 0.0480419 0.0404931 0.0333102 0.0268637 0.0214063 0.0171755 0.0142131 0.0125161 0.0119883 0.0124167 0.0136171 0.0153174 0.0172836 0.019316 0.0212114 0.0228632 0.0241671 0.0250677 0.0255498 0.0255827 0.0251824 
0 0.00575508 0.0115941 0.0175354 0.0236723 0.0299824 0.036456 0.0430478 0.0495923 0.0559674 0.0619189 0.0672002 0.071576 0.0747555 0.0765772 0.0768737 0.0755976 0.0728293 0.0687076 0.0635401 0.0576766 0.0515282 0.0455173 0.0400269 0.0353796 0.0318091 0.0294606 0.0283177 0.028306 0.0292244 0.0308259 0.0329071 0.035207 0.0375357 0.0397262 0.0416276 0.0431882 0.0444104 0.0452933 0.0458647 0.046171 0.0462202 0.046106 0.0458872 0.0455542 0.045143 0.044666 0.0441467 0.0436186 0.0430904 0.0425257 0.0419454 0.0413881 0.0408318 0.04027 0.0397085 0.0391703 0.0386358 0.0381166 0.0375975 0.0370745 0.0365791 0.0361152 0.0356419 0.0351446 0.0346896 0.0342618 0.0338307 0.0333792 0.0329609 0.0325642 0.0321712 0.0317697 0.0313932 0.0310363 0.0306802 0.0303321 0.0300033 0.0296935 0.0293818 0.0290908 0.0288143 0.0285571 0.0282975 0.0280673 0.0278472 0.027645 0.0274446 0.0272783 0.027115 0.026971 0.0268366 0.0267319 0.0266263 0.0265469 0.0264785 0.0264324 0.0263899 0.0263778 0.0263711 0.026386 0.0264114 0.0264635 0.026517 0.0265989 0.0266909 0.0268035 0.0269216 0.0270726 0.0272262 0.027401 0.0275879 0.027804 0.0280174 0.0282586 0.0285132 0.0287898 0.0290654 0.0293732 0.0296922 0.0300265 0.0303652 0.0307369 0.0311187 0.0315056 0.0319063 0.0323398 0.0327823 0.0332177 0.0336761 0.0341676 0.0346742 0.0351584 0.0356665 0.0362167 0.036789 0.0373294 0.0378962 0.0385083 0.0391356 0.039754 0.0404017 0.0410828 0.0417738 0.0424857 0.0432193 0.0439858 0.0447749 0.045595 0.0464177 0.0472686 0.0481795 0.0491201 0.0500647 0.0510452 0.0520861 0.0531777 0.054359 0.0556122 0.0569652 0.0585003 0.0602301 0.0621745 0.064364 0.066803 0.0694761 0.0723529 0.0752859 0.0781029 0.0806218 0.0825805 0.083761 0.0839104 0.0828073 0.0803283 0.0764388 0.0712326 0.064909 0.057781 0.0501938 0.0425797 0.0353475 0.0288541 0.0234393 0.0192588 0.0164282 0.0149283 0.0146202 0.0153631 0.0168845 0.0189538 0.0213218 0.023735 0.0260393 0.028056 0.0296997 0.0309106 0.0316315 0.0318767 0.0316164 
0 0.00609855 0.0122625 0.0185639 0.0250329 0.0316858 0.0385013 0.045385 0.0522243 0.0588222 0.0649454 0.0703554 0.0747555 0.0779246 0.0796421 0.0797581 0.0782611 0.0751696 0.0706974 0.0651268 0.0588121 0.0522087 0.0457054 0.0397118 0.0345605 0.0304911 0.0276541 0.0260803 0.0256657 0.0262359 0.0275815 0.0294331 0.0316101 0.0338654 0.0360137 0.0379268 0.0394957 0.040738 0.0416397 0.0422458 0.0425511 0.042619 0.0425077 0.0422599 0.0419279 0.0415066 0.0410304 0.0405169 0.0400227 0.0394864 0.0389476 0.0384089 0.0378696 0.0373649 0.0368642 0.0363523 0.0358395 0.035379 0.034905 0.0344512 0.033997 0.0335653 0.0331309 0.0327074 0.032303 0.0319121 0.0315155 0.0311159 0.0307572 0.030391 0.0300381 0.0296815 0.0293519 0.0290181 0.0287155 0.0283981 0.0281058 0.0278222 0.0275571 0.0272878 0.0270461 0.0268093 0.0265854 0.0263762 0.0261797 0.0259926 0.0258217 0.0256674 0.0255159 0.0253875 0.0252686 0.0251649 0.0250666 0.0249961 0.024926 0.0248766 0.0248343 0.0248174 0.0247984 0.0248054 0.0248184 0.0248537 0.0248885 0.0249526 0.0250201 0.0251073 0.0251994 0.0253203 0.0254407 0.0255821 0.0257352 0.0259083 0.0260838 0.0262841 0.0264951 0.0267184 0.0269574 0.0272125 0.0274778 0.0277589 0.0280609 0.0283621 0.0286901 0.0290288 0.0293841 0.0297394 0.0301298 0.0305126 0.0309285 0.0313456 0.0317798 0.0322128 0.0326916 0.0331633 0.033649 0.0341437 0.0346638 0.0352036 0.0357561 0.036322 0.0368999 0.0375085 0.0381295 0.0388088 0.0394745 0.0401611 0.040891 0.041675 0.0424604 0.0432882 0.0441523 0.0450504 0.0460139 0.0469977 0.0480396 0.049147 0.0503587 0.0516433 0.053043 0.0545875 0.0563351 0.0583279 0.0605701 0.0630863 0.0658496 0.0688932 0.0721025 0.0753654 0.0784985 0.0812543 0.0834346 0.0847696 0.085021 0.0839842 0.0815351 0.0776425 0.0724381 0.0661177 0.0589819 0.0514318 0.0438327 0.0366486 0.0302434 0.0249203 0.020922 0.0182977 0.0170616 0.0170877 0.0181779 0.0201181 0.0226233 0.0254475 0.0283475 0.0311113 0.0335909 0.0356609 0.0372501 0.0383176 0.0388349 0.0388009 
0 0.00631586 0.0127081 0.0192212 0.0259164 0.0327825 0.0397969 0.0468745 0.0538611 0.0605838 0.06678 0.0722037 0.0765772 0.0796421 0.0812109 0.0811218 0.0793578 0.0759683 0.0711513 0.065216 0.058518 0.0515102 0.044585 0.0381497 0.0325404 0.0280029 0.0247195 0.022713 0.0219186 0.0221663 0.0232383 0.0249029 0.0269459 0.0291334 0.0312782 0.0332274 0.0348658 0.0361998 0.0371902 0.0378707 0.0382607 0.0383876 0.038338 0.0381553 0.0378723 0.0375057 0.0370836 0.0366171 0.0361625 0.0356924 0.0352187 0.0347496 0.0342789 0.033832 0.0333867 0.0329498 0.0325286 0.0321298 0.0317206 0.0313371 0.0309491 0.0305754 0.0302263 0.0298748 0.0295157 0.0291771 0.0288539 0.0285288 0.0282205 0.0279012 0.0276035 0.027319 0.0270403 0.0267548 0.0265006 0.0262425 0.0259998 0.0257659 0.0255409 0.0253222 0.0251294 0.0249316 0.0247437 0.0245818 0.0244239 0.0242643 0.0241313 0.0240135 0.0238872 0.023783 0.0236979 0.0236142 0.0235345 0.0234848 0.0234357 0.0233939 0.0233673 0.0233613 0.0233495 0.0233578 0.0233802 0.0234127 0.0234451 0.0235058 0.0235712 0.0236429 0.0237277 0.0238377 0.023941 0.0240604 0.024202 0.024351 0.0244977 0.0246758 0.0248646 0.0250501 0.0252573 0.0254872 0.0257144 0.0259538 0.026221 0.0264875 0.0267699 0.0270672 0.0273756 0.0276919 0.0280383 0.0283752 0.0287329 0.0291077 0.0294991 0.0298896 0.0303039 0.0307165 0.0311624 0.0316224 0.0320774 0.0325494 0.0330559 0.0335698 0.0340977 0.0346567 0.0352205 0.0358236 0.0364444 0.037095 0.0377799 0.0385066 0.0392486 0.0400382 0.0408682 0.0417567 0.0427089 0.0436904 0.0447452 0.0458863 0.0471372 0.0485084 0.0500267 0.0517117 0.0536472 0.0558481 0.0583317 0.0611253 0.0641917 0.0675364 0.0710507 0.0745854 0.0779438 0.0808953 0.0832067 0.0846417 0.0849583 0.0839548 0.0815293 0.0776541 0.0724762 0.0661997 0.0591403 0.0516824 0.0442107 0.0371773 0.0309428 0.0258389 0.0220795 0.0197478 0.018849 0.0192457 0.0207686 0.0231685 0.0261784 0.0295402 0.032984 0.0363078 0.0393229 0.0419029 0.0439638 0.0454407 0.0463185 0.0465729 
0 0.00638594 0.0128598 0.0194471 0.0262323 0.0331837 0.0402718 0.0474175 0.0544297 0.0611511 0.0673019 0.0726265 0.0768737 0.0797581 0.0811218 0.0807998 0.0787647 0.0751023 0.0699857 0.063744 0.0567338 0.0493932 0.0421266 0.0353274 0.0293381 0.0244047 0.0207289 0.0183326 0.0171813 0.0171238 0.017941 0.0194445 0.0213881 0.0235553 0.0257467 0.0277848 0.0295549 0.0310326 0.0321795 0.0330062 0.0335539 0.0338201 0.0338971 0.0338271 0.0336347 0.0333679 0.033043 0.0326814 0.0323098 0.0319321 0.0315432 0.0311637 0.0307863 0.0304262 0.0300721 0.0297207 0.0293896 0.029056 0.0287288 0.0284262 0.0281234 0.0278115 0.0275229 0.027237 0.0269519 0.0266814 0.0264061 0.0261391 0.0258901 0.0256366 0.0253836 0.0251562 0.024927 0.0247006 0.0244887 0.0242838 0.024088 0.023904 0.0237172 0.0235465 0.0233986 0.0232383 0.0230866 0.0229667 0.022846 0.0227137 0.0226165 0.0225298 0.0224315 0.0223485 0.0222944 0.0222287 0.0221707 0.022136 0.0221084 0.022074 0.0220637 0.0220637 0.022063 0.0220711 0.0221024 0.0221303 0.0221653 0.0222191 0.0222836 0.022341 0.0224217 0.0225168 0.0226078 0.0227064 0.0228373 0.0229613 0.0230858 0.0232402 0.0234081 0.0235592 0.0237383 0.0239412 0.0241343 0.0243354 0.0245696 0.0248031 0.0250403 0.0253001 0.0255688 0.0258468 0.02614 0.0264392 0.0267531 0.0270877 0.0274175 0.0277659 0.0281376 0.0285088 0.0288895 0.0292969 0.0297057 0.030132 0.030582 0.0310302 0.0315012 0.0320018 0.0325134 0.0330449 0.0336097 0.0341929 0.034813 0.0354681 0.0361587 0.0368964 0.0376716 0.0385102 0.0394103 0.0403677 0.0414109 0.0425649 0.0438273 0.0452459 0.0468367 0.0486278 0.0507108 0.0530853 0.0557782 0.0587986 0.0621134 0.0656861 0.0694243 0.0731494 0.0766564 0.0797292 0.0821018 0.0835684 0.0838851 0.0828697 0.0804386 0.076583 0.0714565 0.0652694 0.0583481 0.0510479 0.0437773 0.0369628 0.0309685 0.0261497 0.0226912 0.0207145 0.0202096 0.0210367 0.0230474 0.0259624 0.0295321 0.0334828 0.0375271 0.0414664 0.0450787 0.048234 0.0508334 0.0527916 0.054098 0.0547093 
0 0.00632856 0.0127179 0.0192676 0.0259735 0.0328658 0.0398957 0.0469356 0.0538685 0.0604462 0.0664385 0.071589 0.0755976 0.0782611 0.0793578 0.0787647 0.0764731 0.0725376 0.0671802 0.0606977 0.0534583 0.0458858 0.0383814 0.0313173 0.0250402 0.0198107 0.0157941 0.0130923 0.0116324 0.0113033 0.0119369 0.013288 0.0151788 0.0173609 0.0196267 0.0218096 0.0237782 0.0254641 0.026831 0.027893 0.028632 0.0291181 0.0293877 0.0294757 0.0294454 0.0293242 0.029134 0.0288989 0.0286594 0.0283757 0.0281056 0.027844 0.0275636 0.0272923 0.0270363 0.0267833 0.0265249 0.0262858 0.0260307 0.0257985 0.0255692 0.0253432 0.025103 0.0248725 0.0246678 0.024462 0.0242334 0.0240129 0.0238378 0.0236377 0.0234354 0.0232467 0.023083 0.0229031 0.0227376 0.0225718 0.0224307 0.0222859 0.0221395 0.022009 0.0219018 0.0217772 0.0216585 0.0215754 0.021484 0.0213846 0.0213108 0.0212562 0.0211781 0.0211226 0.0210832 0.0210443 0.0209974 0.0209837 0.0209636 0.0209492 0.0209412 0.0209557 0.0209555 0.0209759 0.0210016 0.0210374 0.0210658 0.0211236 0.0211752 0.0212342 0.0213008 0.0213914 0.0214636 0.0215567 0.0216658 0.0217774 0.021878 0.0220182 0.0221586 0.0222891 0.0224395 0.0226195 0.0227811 0.022951 0.0231548 0.0233576 0.0235576 0.0237757 0.0240173 0.0242547 0.0245043 0.0247545 0.0250431 0.0253305 0.0256123 0.0259023 0.0262475 0.026575 0.0268964 0.0272414 0.0276221 0.028002 0.028379 0.0287777 0.0292039 0.029647 0.0300849 0.0305699 0.031065 0.0315862 0.0321409 0.0327318 0.0333428 0.0340197 0.034744 0.0355013 0.0363478 0.0372629 0.0382704 0.0393907 0.0406608 0.042083 0.0437208 0.0456115 0.0477847 0.0503007 0.0531563 0.0563542 0.0598563 0.0636198 0.0674983 0.0713378 0.0749293 0.0780065 0.0803803 0.081791 0.0820369 0.0809725 0.0784972 0.0746508 0.0695778 0.0635033 0.0567372 0.0496569 0.042632 0.0360946 0.030424 0.0259184 0.0228368 0.0212444 0.0211527 0.0224608 0.0249493 0.0284228 0.0325747 0.0371321 0.0418399 0.0464131 0.0506833 0.0544633 0.0576345 0.0601431 0.0619035 0.062924 
0 0.00611094 0.012314 0.0186378 0.0251624 0.031856 0.038671 0.0455215 0.0522028 0.0585397 0.0642634 0.0691033 0.0728293 0.0751696 0.0759683 0.0751023 0.0725376 0.0683901 0.0628355 0.0561887 0.0488195 0.0411152 0.0334741 0.0262656 0.0198085 0.0143618 0.0101278 0.00715809 0.00546086 0.00493116 0.00538375 0.00666651 0.00852649 0.0107588 0.0131565 0.0155275 0.0177384 0.0197007 0.0213623 0.0226816 0.0237164 0.0244544 0.024958 0.0252799 0.0254384 0.0254955 0.0254796 0.0254133 0.0252811 0.0251522 0.0250044 0.0248544 0.0246991 0.0245276 0.0243495 0.0241835 0.024043 0.0238597 0.0236853 0.0235198 0.0233651 0.0231797 0.0230179 0.022861 0.0226961 0.0225249 0.0223605 0.0222185 0.0220662 0.0219136 0.021753 0.0216303 0.0214938 0.0213659 0.0212256 0.0211169 0.021005 0.0209026 0.0207835 0.0206968 0.0206156 0.0205262 0.0204375 0.0203803 0.0203178 0.0202444 0.0201961 0.020157 0.02011 0.0200665 0.0200495 0.0200206 0.02 0.0199865 0.0199881 0.0199765 0.019987 0.0199951 0.0200142 0.0200285 0.0200655 0.0200912 0.0201335 0.0201763 0.0202336 0.0202797 0.0203513 0.0204202 0.0204941 0.0205701 0.0206725 0.0207609 0.0208574 0.0209736 0.0210978 0.0212075 0.0213404 0.0214939 0.0216334 0.0217805 0.0219516 0.0221341 0.0223008 0.0224937 0.0226928 0.0229112 0.0231177 0.0233495 0.0235795 0.0238385 0.0240864 0.02436 0.0246289 0.0249184 0.0252159 0.0255331 0.0258467 0.026174 0.0265221 0.0268701 0.0272495 0.0276382 0.0280367 0.0284295 0.0288878 0.0293606 0.0298463 0.0303503 0.0309129 0.0315135 0.0321575 0.0328724 0.0336349 0.0344969 0.0354607 0.0365524 0.0377808 0.0392275 0.0408991 0.042842 0.0451201 0.04773 0.050716 0.0540555 0.0577088 0.0615744 0.0655469 0.0694207 0.0729837 0.0760295 0.0782864 0.0795793 0.0797026 0.078516 0.0759787 0.0721239 0.0671016 0.0611521 0.0545835 0.0477311 0.041008 0.0347868 0.0294438 0.0253176 0.0225886 0.0214053 0.0217451 0.0234948 0.0265079 0.0305035 0.0352419 0.0404277 0.0457588 0.0510123 0.0559255 0.0603426 0.0641307 0.0671729 0.0694471 0.0708854 
0 0.00578308 0.0116386 0.0176554 0.0238441 0.030221 0.0367233 0.0432261 0.0495828 0.055551 0.0609034 0.065375 0.0687076 0.0706974 0.0711513 0.0699857 0.0671802 0.0628355 0.0571545 0.0504262 0.0430152 0.0352763 0.0276154 0.020357 0.0138251 0.00828678 0.00388865 0.00076433 -0.00111922 -0.00182282 -0.00147155 -0.000260692 0.0016193 0.00394549 0.00650372 0.00910332 0.0116132 0.0138836 0.0158727 0.0175407 0.018881 0.0199498 0.0207466 0.0213189 0.0217054 0.0219734 0.0221466 0.0222567 0.0223034 0.0223001 0.0222816 0.0222525 0.0222082 0.0221268 0.022059 0.021986 0.0218993 0.0217936 0.0216875 0.0215807 0.0214878 0.0213831 0.0212439 0.0211204 0.0210227 0.0209225 0.020786 0.0206624 0.0205602 0.0204671 0.0203457 0.0202362 0.0201452 0.0200574 0.0199545 0.0198678 0.019794 0.0197159 0.0196357 0.0195709 0.0195159 0.0194521 0.0193953 0.0193519 0.0193137 0.0192659 0.0192343 0.0192091 0.0191847 0.0191578 0.0191492 0.0191372 0.0191301 0.0191257 0.0191339 0.0191366 0.0191505 0.0191649 0.0191883 0.0192103 0.019244 0.0192743 0.0193166 0.0193595 0.0194099 0.0194586 0.0195237 0.019585 0.0196525 0.0197256 0.0198128 0.0198908 0.0199814 0.0200822 0.0201884 0.0202878 0.0204077 0.020535 0.0206613 0.0207902 0.0209411 0.0210959 0.0212465 0.0214098 0.0215953 0.0217806 0.021956 0.0221593 0.0223841 0.0226017 0.0228053 0.0230474 0.0233124 0.0235731 0.0238091 0.0240816 0.0243892 0.024695 0.0249756 0.0252904 0.0256328 0.0259757 0.0263281 0.0266984 0.0270909 0.0275017 0.0279375 0.028385 0.0288883 0.0294337 0.0300225 0.0306461 0.0313528 0.0321667 0.03309 0.0341464 0.0353663 0.0368019 0.038497 0.0405158 0.0428514 0.0455688 0.0486665 0.0521098 0.055861 0.059794 0.0637723 0.0676147 0.0711097 0.07401 0.0761217 0.0772175 0.0771475 0.0758205 0.0731733 0.0693068 0.0643425 0.0585297 0.0521656 0.0455787 0.0391573 0.0332657 0.0282823 0.0244988 0.0221497 0.0213407 0.0220712 0.0242625 0.0277154 0.032222 0.0374962 0.0432483 0.0492034 0.0550657 0.0606194 0.0656549 0.070021 0.0736247 0.0763741 0.0782447 
0 0.00535451 0.0107866 0.0163779 0.0221483 0.028105 0.0341836 0.0402598 0.0461784 0.0517036 0.0566094 0.0606365 0.0635401 0.0651268 0.065216 0.063744 0.0606977 0.0561887 0.0504262 0.0436775 0.0363019 0.0286278 0.0210347 0.0138359 0.00732468 0.00176664 -0.00269831 -0.00593138 -0.00793723 -0.00875465 -0.00848011 -0.00729372 -0.00537479 -0.00294545 -0.000209383 0.00264577 0.00547142 0.00810542 0.0104748 0.0125159 0.0142219 0.0156406 0.0167572 0.0176304 0.0182877 0.0187897 0.0191814 0.0194769 0.0196769 0.019822 0.01994 0.0200296 0.0200983 0.0201069 0.0201063 0.0201056 0.020096 0.0200592 0.0200083 0.0199479 0.019896 0.0198322 0.0197473 0.0196812 0.0196092 0.0195244 0.0194371 0.0193674 0.0192897 0.0192172 0.0191308 0.0190586 0.0189987 0.0189345 0.0188573 0.0188026 0.0187536 0.0186966 0.0186451 0.0186029 0.0185631 0.0185248 0.0184919 0.0184592 0.0184382 0.0184141 0.0183942 0.0183785 0.0183729 0.0183591 0.018357 0.0183569 0.0183621 0.0183634 0.0183784 0.01839 0.0184093 0.0184269 0.0184557 0.0184813 0.0185162 0.0185481 0.0185926 0.0186339 0.0186825 0.0187316 0.0187939 0.0188486 0.0189141 0.0189843 0.0190608 0.0191316 0.0192202 0.0193087 0.0194004 0.0194959 0.0196054 0.0197125 0.0198286 0.0199483 0.0200776 0.0202155 0.0203556 0.0204971 0.0206592 0.0208301 0.0209897 0.0211683 0.0213633 0.02156 0.0217574 0.021976 0.0221927 0.0224288 0.0226665 0.0229155 0.0231765 0.0234493 0.0237114 0.0240066 0.0243208 0.0246296 0.0249428 0.0252733 0.025638 0.0260256 0.0264166 0.0268136 0.0272732 0.0277666 0.0283084 0.0288947 0.0295537 0.0303228 0.0312144 0.0322385 0.0334495 0.0349078 0.0366451 0.0387269 0.0411381 0.0439352 0.0471226 0.0506585 0.0544783 0.0584403 0.0623901 0.0661434 0.0694949 0.0722069 0.0740968 0.0749557 0.0746685 0.0731626 0.0704084 0.0665166 0.0616076 0.0559381 0.0497859 0.0434737 0.0373705 0.0318163 0.0271789 0.0237343 0.0217137 0.0212315 0.0222934 0.0248316 0.0286637 0.0335821 0.0393108 0.0455601 0.0520415 0.0584616 0.0645779 0.0701715 0.0750774 0.0791771 0.0823818 0.0846435 
