0 0 0 0 0 0 0 0 0 0 0 0 0 0 0 0 0 0 0 0 0 0 0 0 0 0 0 0 0 0 0 0 0 0 0 0 0 0 0 0 0 0 0 0 0 0 0 0 0 0 0 0 0 0 0 0 0 0 0 0 0 0 0 0 0 0 0 0 0 0 0 0 0 0 0 0 0 0 0 0 0 0 0 0 0 0 0 0 0 0 0 0 0 0 0 0 0 0 0 0 0 0 0 0 0 0 0 0 0 0 0 0 0 0 0 0 0 0 0 0 0 0 0 0 0 0 0 0 0 0 0 0 0 0 0 0 0 0 0 0 0 0 0 0 0 0 0 0 0 0 0 0 0 0 0 0 0 0 0 0 0 0 0 0 0 0 0 0 0 0 0 0 0 0 0 0 0 0 0 0 0 0 0 0 0 0 0 0 0 0 0 0 0 0 0 0 0 0 0 0 
0 2.00554e-06 3.79753e-07 7.45096e-06 4.718e-06 9.12031e-06 1.50772e-05 1.64202e-05 3.40351e-05 4.81169e-05 7.52567e-05 0.000120608 0.000168727 0.000249211 0.000347 0.000466477 0.000633768 0.000820998 0.00105777 0.00134304 0.00165204 0.00201741 0.00239285 0.00277039 0.00313906 0.00343713 0.00366226 0.003769 0.00373619 0.00355214 0.00321125 0.00271909 0.00208815 0.00137028 0.000584776 -0.000188914 -0.000903847 -0.00151594 -0.00198767 -0.00230732 -0.00246297 -0.00248542 -0.00234857 -0.00212407 -0.00183608 -0.00150824 -0.00119462 -0.000894129 -0.000609216 -0.000347476 -0.000150961 3.01964e-05 0.000168915 0.000293375 0.000412478 0.000517562 0.000603331 0.000668515 0.000752903 0.000837611 0.00092156 0.00096664 0.00103898 0.0011143 0.00118631 0.00124118 0.00130274 0.00136463 0.00143038 0.00149457 0.00153825 0.00160012 0.00165889 0.00171717 0.00175584 0.00181707 0.00186173 0.00191672 0.00195532 0.0020035 0.00204257 0.00209508 0.00212493 0.00216191 0.00220299 0.00224264 0.00226315 0.002297 0.00233396 0.00235579 0.00237427 0.00240423 0.00242878 0.00243795 0.00245722 0.00247711 0.00248783 0.00249093 0.00250765 0.00251353 0.00251339 0.00251376 0.00252275 0.00251418 0.00250723 0.00250544 0.00250147 0.00248126 0.00247157 0.00246487 0.00244424 0.00241946 0.00240767 0.00239048 0.00235594 0.00233391 0.00231345 0.00228499 0.00224536 0.00222402 0.00218888 0.00215856 0.00211627 0.00208664 0.00204462 0.00201808 0.00196628 0.00193003 0.00189212 0.00185996 0.00180493 0.00176835 0.00172912 0.00169085 0.00165153 0.00160404 0.00156229 0.00153159 0.00150799 0.00145273 0.00141995 0.00139282 0.00138461 0.00135415 0.00133161 0.00132428 0.00134676 0.00137044 0.00140955 0.00149203 0.00158633 0.00173874 0.00192806 0.00214593 0.00237188 0.00262687 0.00285114 0.00302311 0.003122 0.00308536 0.00291972 0.00259528 0.00212788 0.00150819 0.000784648 -5.05104e-06 -0.00081668 -0.00157499 -0.00225192 -0.00280214 -0.00321132 -0.0034557 -0.00355642 -0.00350727 -0.00333002 -0.00307817 -0.00274295 -0.00239351 -0.00204086 -0.00169068 -0.00138939 -0.00111048 -0.000873031 -0.000683188 -0.000517757 -0.000394125 -0.000299272 -0.000221909 -0.000172802 -0.000133778 -0.000105455 -9.1447e-05 -7.6737e-05 -7.07674e-05 -6.76486e-05 -6.31085e-05 -6.41247e-05 -6.25065e-05 -6.14013e-05 -6.29698e-05 
0 3.79753e-07 2.9795e-06 4.52836e-06 7.65019e-06 1.83287e-05 2.58316e-05 4.79684e-05 7.1199e-05 0.000106749 0.000166274 0.000232475 0.000348879 0.00049058 0.000684012 0.000949612 0.00125789 0.0016659 0.00213806 0.00269101 0.00333751 0.00403371 0.00479002 0.00554992 0.00626956 0.00687919 0.00732756 0.00753695 0.00746345 0.00711101 0.00641275 0.00544629 0.00421628 0.00276417 0.0012345 -0.000316935 -0.00175425 -0.00296651 -0.00390389 -0.00454481 -0.00485487 -0.00487836 -0.00465236 -0.00419445 -0.00361711 -0.00297425 -0.0023314 -0.00171616 -0.00115516 -0.000661576 -0.000226269 0.000129139 0.000416843 0.000676973 0.00091903 0.00110156 0.00127676 0.00145869 0.00161282 0.0017587 0.00190978 0.00205052 0.00218443 0.00232463 0.00245447 0.00258595 0.00271032 0.00282794 0.0029593 0.00308455 0.00318663 0.00329798 0.00342685 0.00353086 0.00362735 0.00373359 0.00383946 0.0039355 0.00402858 0.00411315 0.00420437 0.00429828 0.00436929 0.00443789 0.0045249 0.0045999 0.00464706 0.00471348 0.00478579 0.00483251 0.00486934 0.00493085 0.00497549 0.00500128 0.00503416 0.00507842 0.00509446 0.00510919 0.00513376 0.00515248 0.00514652 0.00515459 0.00516322 0.00515437 0.0051347 0.00513587 0.00512081 0.00508797 0.00506311 0.00505125 0.00500764 0.00496165 0.00493432 0.00489835 0.00483259 0.00478468 0.00474527 0.00468256 0.00461132 0.00455724 0.00449638 0.00442291 0.0043507 0.00427632 0.00420639 0.00413416 0.00404671 0.00395983 0.00389648 0.00381416 0.00371521 0.00363619 0.00356743 0.00347912 0.00338965 0.0033099 0.00323755 0.00316989 0.00308166 0.00300318 0.00295622 0.00290336 0.00283264 0.00279342 0.00276994 0.00275219 0.00277916 0.00283058 0.00290785 0.00304307 0.00327001 0.00356874 0.00393109 0.00434548 0.00481289 0.00529757 0.00574297 0.00611005 0.0062711 0.00619495 0.00585596 0.00520821 0.00426024 0.0030519 0.00160445 9.66097e-06 -0.00158249 -0.00312614 -0.00447047 -0.00555966 -0.00638097 -0.00687057 -0.00706809 -0.00697903 -0.00664843 -0.00612316 -0.00548156 -0.00477302 -0.00404917 -0.00338 -0.00274793 -0.0022103 -0.00174827 -0.00135364 -0.00104886 -0.000789173 -0.000598079 -0.000448846 -0.000338874 -0.000264418 -0.00020797 -0.000178842 -0.000150643 -0.000142902 -0.000132628 -0.00012568 -0.00013077 -0.000121137 -0.00012832 -0.000124369 
0 7.45096e-06 4.52836e-06 1.84104e-05 1.7837e-05 3.03217e-05 4.79857e-05 6.27207e-05 0.000109626 0.000159768 0.000244371 0.000373076 0.000530499 0.000765583 0.00106191 0.00143545 0.00192729 0.0025069 0.00321946 0.00406587 0.00500944 0.0060848 0.00720942 0.0083403 0.00942376 0.010323 0.0109875 0.0113059 0.011212 0.0106714 0.0096628 0.00821184 0.00636169 0.00423411 0.00193225 -0.000354698 -0.00247107 -0.00428043 -0.0056825 -0.00663269 -0.00710641 -0.00716298 -0.00678729 -0.00612402 -0.00526799 -0.00430271 -0.00335265 -0.00244141 -0.00158485 -0.000809309 -0.00018428 0.000362773 0.000802024 0.00119256 0.00155549 0.00187195 0.00214114 0.00236984 0.00262156 0.00287411 0.00311829 0.00329312 0.00350787 0.00373196 0.00394639 0.00412911 0.00431769 0.00450709 0.00470579 0.00489619 0.00504691 0.00522751 0.0054078 0.00557855 0.0057147 0.00588598 0.00603237 0.0061899 0.00631848 0.00645769 0.00658517 0.00673113 0.00683376 0.00694511 0.00706729 0.00718104 0.00725616 0.00735501 0.00745926 0.0075306 0.00759249 0.00767649 0.00774641 0.00778497 0.00783929 0.00789534 0.00792833 0.0079467 0.00798692 0.00800658 0.00800897 0.0080134 0.00802946 0.00801153 0.0079919 0.00798329 0.0079652 0.0079152 0.0078824 0.00785513 0.00779629 0.00772835 0.00768456 0.00762764 0.00753437 0.00746327 0.00739665 0.00730876 0.00719948 0.00712197 0.00702167 0.00692194 0.00680264 0.00670239 0.00658412 0.00648568 0.0063437 0.0062257 0.0061115 0.00599963 0.00584669 0.00572641 0.00560723 0.00548471 0.00535742 0.00521906 0.00509467 0.00499202 0.00489449 0.00474756 0.00464495 0.00456013 0.00450344 0.00441838 0.00435436 0.00433093 0.00437738 0.0044471 0.00456644 0.00479245 0.00509126 0.00553392 0.00608402 0.00671516 0.00738876 0.00811348 0.00876073 0.00925376 0.00950315 0.00937356 0.00884812 0.00786507 0.00644647 0.0046022 0.00244104 8.37155e-05 -0.00231979 -0.00458681 -0.00659958 -0.00824147 -0.00946098 -0.0102038 -0.0105062 -0.0103742 -0.00987199 -0.00911831 -0.00814934 -0.00711119 -0.00605993 -0.0050369 -0.00412667 -0.00330585 -0.00260362 -0.00202977 -0.00154704 -0.00117387 -0.000887612 -0.000661558 -0.000508802 -0.000393109 -0.000311574 -0.000265843 -0.00022595 -0.000208887 -0.00019761 -0.000187963 -0.000188498 -0.000184757 -0.000187704 -0.000186466 
0 4.718e-06 7.65019e-06 1.7837e-05 2.71888e-05 4.4993e-05 6.81138e-05 0.000104918 0.000159539 0.000235932 0.000352652 0.000510086 0.000736132 0.00103861 0.00143721 0.00195733 0.00260166 0.00340153 0.00435541 0.00547292 0.0067496 0.00815597 0.00965157 0.0111563 0.0125776 0.0137811 0.0146588 0.0150798 0.0149559 0.0142519 0.0129182 0.011018 0.00860576 0.00579896 0.00279601 -0.000215926 -0.00301019 -0.00539369 -0.00724457 -0.00850357 -0.00913871 -0.00920197 -0.00874836 -0.00787724 -0.00674571 -0.00547732 -0.00419849 -0.00296787 -0.00182809 -0.000810389 6.61205e-05 0.000804058 0.00141685 0.00195796 0.00244911 0.00286263 0.00323576 0.00358826 0.00392265 0.00424583 0.00455963 0.00484348 0.00512905 0.00542093 0.00569931 0.00596563 0.00622273 0.00647726 0.0067411 0.00699369 0.00721535 0.00745006 0.00769537 0.0079175 0.0081206 0.00833566 0.00854491 0.00874552 0.00893181 0.00911072 0.0092924 0.00947424 0.00962561 0.00977307 0.00993628 0.010082 0.0101961 0.0103246 0.0104579 0.0105582 0.0106469 0.0107535 0.010843 0.0109049 0.0109737 0.0110456 0.0110897 0.0111232 0.011167 0.0111958 0.0112008 0.0112105 0.0112212 0.0112051 0.0111795 0.0111656 0.0111354 0.0110789 0.0110315 0.0109886 0.010913 0.0108283 0.0107623 0.0106808 0.0105669 0.0104665 0.0103736 0.0102525 0.0101176 0.00999957 0.00987204 0.00972871 0.00957908 0.0094319 0.00928338 0.00913191 0.00895736 0.00878939 0.00863825 0.00847161 0.00828018 0.00811147 0.00795196 0.00777764 0.00759667 0.00742301 0.00726111 0.00710945 0.00694391 0.00677615 0.00664505 0.00652394 0.00640323 0.00630136 0.00622908 0.00619454 0.00623309 0.00632265 0.0064805 0.00675667 0.00717986 0.00775492 0.00846215 0.00927461 0.0101657 0.0110864 0.0119218 0.0125598 0.0128339 0.0126357 0.0119042 0.0105807 0.00867516 0.00623935 0.00336984 0.000237138 -0.00292998 -0.00595027 -0.00861341 -0.0107884 -0.0124087 -0.013406 -0.0138128 -0.0136579 -0.0130239 -0.0120227 -0.0107719 -0.00939682 -0.00799802 -0.00666633 -0.0054426 -0.00436961 -0.00344908 -0.0026789 -0.00205653 -0.00155435 -0.00117098 -0.000876708 -0.000663456 -0.000512701 -0.000406362 -0.000342017 -0.000294644 -0.000272234 -0.000256365 -0.000248318 -0.000248395 -0.000241609 -0.000248742 -0.000246989 
0 9.12031e-06 1.83287e-05 3.03217e-05 4.4993e-05 6.61528e-05 9.76988e-05 0.000146857 0.000216215 0.000320007 0.000470718 0.000677324 0.00096935 0.00135507 0.00186223 0.00251738 0.00332803 0.00433168 0.00552881 0.00692747 0.00852724 0.0102811 0.012143 0.0140134 0.0157677 0.0172626 0.0183441 0.018871 0.0187309 0.017866 0.0162395 0.0139025 0.0109423 0.00750276 0.00382107 0.000132361 -0.00329349 -0.00622735 -0.0085163 -0.0100751 -0.0108789 -0.0109623 -0.0104162 -0.00935547 -0.007963 -0.00640119 -0.00480599 -0.00326447 -0.001828 -0.000543285 0.000575368 0.0015143 0.00231082 0.00300908 0.00363591 0.00418001 0.00466388 0.00511723 0.0055479 0.00597034 0.00636801 0.00674266 0.00710637 0.00747892 0.00783672 0.00817962 0.00850779 0.00883608 0.00916826 0.00948377 0.00977814 0.0100732 0.0103773 0.0106575 0.0109248 0.0111885 0.0114542 0.0117032 0.0119417 0.0121666 0.0123963 0.0126148 0.0128131 0.0130015 0.0131985 0.0133764 0.0135318 0.0136896 0.0138467 0.0139776 0.0140961 0.0142203 0.014329 0.014416 0.0145003 0.0145826 0.0146414 0.0146897 0.0147368 0.0147713 0.0147842 0.0147964 0.0148014 0.0147868 0.0147597 0.0147359 0.0146947 0.0146342 0.0145734 0.0145105 0.0144219 0.0143235 0.0142322 0.0141256 0.0139955 0.0138676 0.0137431 0.0135939 0.013434 0.0132774 0.0131179 0.0129378 0.0127537 0.0125653 0.0123804 0.0121807 0.0119701 0.0117577 0.0115597 0.0113433 0.0111133 0.0108919 0.0106826 0.0104618 0.0102314 0.0100069 0.00979543 0.00959519 0.00938049 0.00917108 0.00898523 0.00882496 0.00866812 0.0085339 0.00843007 0.0083832 0.00841463 0.00852195 0.00872307 0.00905945 0.00957864 0.0102764 0.0111416 0.0121346 0.0132209 0.0143184 0.0153083 0.0160378 0.0163216 0.0160328 0.0150737 0.0133944 0.0109947 0.00794917 0.00438223 0.000505325 -0.0034165 -0.0071498 -0.0104504 -0.0131586 -0.0151716 -0.0164311 -0.0169493 -0.0167782 -0.0160196 -0.0147996 -0.0132795 -0.0115965 -0.00988217 -0.00824472 -0.00673411 -0.00540562 -0.00426376 -0.00330649 -0.00253209 -0.00191096 -0.00143288 -0.00107208 -0.000807509 -0.000621161 -0.000493291 -0.000410191 -0.000356626 -0.000327461 -0.000308257 -0.000301947 -0.000301605 -0.000298389 -0.00030481 -0.000305663 
0 1.50772e-05 2.58316e-05 4.79857e-05 6.81138e-05 9.76988e-05 0.000146974 0.000201948 0.000298104 0.00042923 0.000611384 0.000883693 0.00123117 0.00171453 0.00233919 0.00312261 0.00412627 0.00532515 0.00677355 0.00846598 0.010371 0.0124841 0.0147 0.016924 0.0190089 0.020782 0.0220614 0.0226938 0.0225491 0.0215246 0.0196412 0.0168938 0.0134149 0.00940653 0.00507731 0.00076419 -0.00325011 -0.0067092 -0.00942047 -0.0112665 -0.0122389 -0.0123654 -0.0117228 -0.010503 -0.00886782 -0.00701823 -0.00511203 -0.0032636 -0.00152616 4.71901e-05 0.00140054 0.0025651 0.00356202 0.00442922 0.00519281 0.00588967 0.00649846 0.00704467 0.00758509 0.00811405 0.00860801 0.00906147 0.00951679 0.00997069 0.0104164 0.0108291 0.0112344 0.0116406 0.0120394 0.0124196 0.0127856 0.0131486 0.0135023 0.0138487 0.0141733 0.0144945 0.0148067 0.0151116 0.015394 0.0156737 0.0159425 0.0162014 0.0164421 0.0166768 0.0169002 0.0171117 0.0173083 0.0174952 0.0176721 0.0178343 0.017984 0.018122 0.01825 0.0183613 0.0184628 0.0185506 0.0186276 0.0186883 0.0187406 0.0187766 0.0188025 0.0188134 0.0188151 0.0187996 0.0187759 0.0187378 0.0186885 0.0186241 0.0185524 0.0184663 0.0183681 0.0182581 0.0181402 0.0180091 0.0178652 0.0177129 0.0175519 0.0173805 0.0171939 0.0170037 0.0168052 0.0165978 0.016373 0.0161515 0.0159211 0.0156823 0.0154289 0.0151809 0.0149251 0.014666 0.0143952 0.0141237 0.013856 0.0135906 0.0133161 0.0130344 0.0127689 0.0125128 0.0122639 0.012 0.0117539 0.0115451 0.0113683 0.0111865 0.0110446 0.0109888 0.0110114 0.0111276 0.0113682 0.0117782 0.0123698 0.0131861 0.0141972 0.0153576 0.0166051 0.0178588 0.0189699 0.0197376 0.0200112 0.0195949 0.0183831 0.0163303 0.0134387 0.00977694 0.00553171 0.0009442 -0.00372691 -0.00813422 -0.0120612 -0.0152969 -0.0176927 -0.0192205 -0.0198626 -0.0196924 -0.0188242 -0.0174243 -0.0156462 -0.0136821 -0.0116802 -0.009734 -0.0079675 -0.00638412 -0.0050267 -0.00390196 -0.00296733 -0.00224136 -0.00167025 -0.00124098 -0.000932899 -0.000707937 -0.000561405 -0.000461368 -0.0004033 -0.000369158 -0.000351175 -0.000345982 -0.000343773 -0.000350525 -0.000352946 -0.000360971 
0 1.64202e-05 4.79684e-05 6.27207e-05 0.000104918 0.000146857 0.000201948 0.000296713 0.000403635 0.000577632 0.000809572 0.00111818 0.00156161 0.00212259 0.00286683 0.00382058 0.00498264 0.00642557 0.00812598 0.0100945 0.0123428 0.0147743 0.0173474 0.0199222 0.022314 0.0243655 0.025843 0.0265772 0.0264188 0.0252788 0.0231277 0.0200198 0.0160948 0.0115316 0.00665035 0.00175247 -0.002821 -0.00676658 -0.00986837 -0.0120046 -0.0131425 -0.0132896 -0.012623 -0.0112468 -0.00938705 -0.00727664 -0.00505791 -0.00288245 -0.000851651 0.000974914 0.00261885 0.00401047 0.00522647 0.00628164 0.00720669 0.00802293 0.00876173 0.00946825 0.0101119 0.0107194 0.0112888 0.0118823 0.0124196 0.0129463 0.0134569 0.013967 0.0144501 0.0149268 0.0153872 0.0158298 0.0162789 0.0166937 0.0171085 0.0175019 0.0179014 0.0182593 0.0186342 0.0189724 0.0193158 0.0196312 0.0199516 0.0202335 0.0205277 0.0207957 0.0210513 0.0212869 0.0215281 0.0217385 0.0219345 0.0221255 0.0223037 0.0224563 0.0225984 0.0227369 0.0228494 0.0229477 0.0230352 0.0231144 0.0231643 0.0232094 0.02324 0.0232576 0.0232489 0.0232405 0.0232133 0.0231687 0.0231068 0.0230447 0.022959 0.022855 0.0227467 0.0226281 0.0224856 0.0223302 0.0221787 0.0219993 0.0218105 0.0216105 0.0214116 0.0211776 0.0209559 0.0207081 0.0204637 0.0201928 0.0199376 0.0196428 0.0193686 0.0190701 0.0187759 0.0184574 0.0181588 0.0178366 0.017522 0.0172003 0.0168702 0.0165551 0.0162445 0.0159267 0.0155948 0.0153188 0.0150341 0.0147709 0.0145099 0.0143144 0.0141617 0.0140812 0.0140809 0.0142124 0.0144933 0.0149416 0.0156522 0.0165685 0.0176947 0.01899 0.0203965 0.0217522 0.0229454 0.0237507 0.023931 0.0233605 0.0218711 0.0194265 0.0160258 0.0117878 0.0068754 0.00157628 -0.00377479 -0.0088736 -0.0133945 -0.0171289 -0.0199195 -0.0217104 -0.0224877 -0.0223446 -0.0214106 -0.0198305 -0.0178513 -0.0156196 -0.013328 -0.0111342 -0.00908531 -0.00728459 -0.00573501 -0.00442269 -0.0033716 -0.0025224 -0.00186371 -0.00138059 -0.00101305 -0.000765724 -0.000599451 -0.000484689 -0.000427539 -0.000389241 -0.000375792 -0.000375158 -0.000375577 -0.000388626 -0.000395217 -0.000408734 
0 3.40351e-05 7.1199e-05 0.000109626 0.000159539 0.000216215 0.000298104 0.000403635 0.000553604 0.000763725 0.00104265 0.00143928 0.00195226 0.00263404 0.0035131 0.00460664 0.0059793 0.00762504 0.00958645 0.0118612 0.0144156 0.0172094 0.0201287 0.0230373 0.0257409 0.0280463 0.029707 0.0305473 0.0304027 0.0291388 0.0267868 0.0233411 0.0189823 0.0139585 0.00854381 0.00313799 -0.00191836 -0.00630887 -0.00978882 -0.012194 -0.013502 -0.0137232 -0.0129859 -0.0114939 -0.00944173 -0.00707996 -0.00457675 -0.00211024 0.000227866 0.00236567 0.00425304 0.00589582 0.00733437 0.00858179 0.00966518 0.0106621 0.0115435 0.0123431 0.0131039 0.0138347 0.0145177 0.0151775 0.0158086 0.0164216 0.017026 0.0175971 0.0181568 0.0187062 0.0192306 0.0197331 0.0202445 0.0207227 0.0211791 0.021632 0.0220757 0.0224897 0.0228967 0.0232849 0.0236599 0.024027 0.024371 0.0246901 0.0250139 0.0253235 0.0255941 0.0258601 0.0261297 0.0263662 0.0265742 0.0267914 0.0269916 0.027157 0.0273125 0.02747 0.0275956 0.0276994 0.0278003 0.027889 0.0279442 0.0279912 0.0280317 0.0280489 0.0280396 0.0280314 0.028007 0.0279535 0.0278869 0.0278235 0.0277294 0.0276111 0.0274958 0.0273717 0.0272077 0.0270383 0.0268751 0.0266826 0.0264622 0.0262514 0.0260301 0.0257768 0.0255183 0.0252576 0.0249786 0.0246871 0.0243889 0.0240721 0.0237594 0.0234349 0.0230891 0.0227405 0.0224056 0.0220398 0.0216715 0.0213123 0.0209492 0.0205714 0.0202056 0.01984 0.0194883 0.0191417 0.0187913 0.0184823 0.0182142 0.0179655 0.0177669 0.0176766 0.0176721 0.0178169 0.0181425 0.0186707 0.0194301 0.0204496 0.0217028 0.0231315 0.0246449 0.0260907 0.0273127 0.0280613 0.0281569 0.0273843 0.0255904 0.0227345 0.0188249 0.013978 0.00842679 0.00247611 -0.00356087 -0.00926959 -0.0143743 -0.0186109 -0.0217776 -0.0238456 -0.0247739 -0.0246689 -0.0236753 -0.0219809 -0.0198043 -0.0173594 -0.0148392 -0.0123795 -0.0101163 -0.00808395 -0.00633645 -0.004876 -0.00367267 -0.0027332 -0.00199492 -0.00144945 -0.00105344 -0.000772752 -0.000594451 -0.000474739 -0.000414122 -0.000379116 -0.000372561 -0.000379642 -0.000387243 -0.000411493 -0.000422341 -0.000444844 
0 4.81169e-05 0.000106749 0.000159768 0.000235932 0.000320007 0.00042923 0.000577632 0.000763725 0.00102554 0.00136915 0.00183264 0.00244536 0.00323732 0.00425802 0.00553192 0.00710424 0.00899869 0.011232 0.0138052 0.0166872 0.0198118 0.0230691 0.0263028 0.0293027 0.0318554 0.0337054 0.0346477 0.0345088 0.0331622 0.0306097 0.0268868 0.0221759 0.0167349 0.0108829 0.00502115 -0.000482238 -0.00528009 -0.00909934 -0.0117713 -0.0132421 -0.0135321 -0.0127938 -0.011211 -0.00899649 -0.00640828 -0.00363003 -0.000858211 0.00176937 0.00418167 0.00634845 0.00825408 0.00993065 0.011385 0.0126444 0.0137797 0.0148054 0.0157542 0.0166306 0.01744 0.0182087 0.0189758 0.0196967 0.0203759 0.0210396 0.0216863 0.0223176 0.022926 0.0234982 0.0240556 0.0246235 0.0251506 0.025648 0.0261418 0.0266302 0.0270837 0.0275252 0.0279437 0.0283548 0.0287537 0.0291247 0.0294667 0.0298204 0.0301544 0.0304445 0.0307292 0.0310227 0.0312761 0.0314984 0.0317313 0.0319485 0.0321248 0.0322911 0.0324608 0.0325966 0.0327074 0.0328163 0.0329124 0.0329725 0.0330238 0.0330689 0.0330884 0.0330801 0.0330736 0.0330496 0.0329933 0.0329252 0.0328604 0.0327616 0.0326361 0.0325173 0.0323872 0.0322129 0.0320329 0.031864 0.0316592 0.0314235 0.0311992 0.0309682 0.0306959 0.030418 0.0301396 0.0298456 0.0295298 0.0292072 0.0288669 0.0285336 0.0281817 0.0278042 0.0274245 0.0270634 0.0266694 0.0262621 0.025862 0.0254637 0.0250605 0.0246553 0.0242371 0.0238358 0.0234678 0.0230908 0.0227276 0.0224057 0.0221403 0.0219394 0.0218322 0.0218237 0.0219869 0.0223559 0.0229489 0.0238025 0.0249138 0.0262578 0.0277856 0.0293839 0.0308736 0.0320861 0.0327665 0.032698 0.0316838 0.0295594 0.0262743 0.0218593 0.0164474 0.0102814 0.00369058 -0.0029712 -0.00929389 -0.0149483 -0.0196526 -0.0232046 -0.0255426 -0.0266442 -0.0266152 -0.025608 -0.0238217 -0.0214977 -0.0188585 -0.016117 -0.013441 -0.0109557 -0.00873145 -0.0068149 -0.00520332 -0.00388907 -0.00284958 -0.00204049 -0.00144542 -0.00101009 -0.000713789 -0.00052307 -0.000403616 -0.000351253 -0.000322655 -0.000328387 -0.000346611 -0.000366245 -0.000403687 -0.000426894 -0.000462096 
0 7.52567e-05 0.000166274 0.000244371 0.000352652 0.000470718 0.000611384 0.000809572 0.00104265 0.00136915 0.00179609 0.0023421 0.00307634 0.0039966 0.00517116 0.00663882 0.00841316 0.0105629 0.0130732 0.0159501 0.0191707 0.0226301 0.026228 0.0297789 0.0330635 0.0358472 0.0378762 0.0389215 0.0387975 0.0373974 0.0346746 0.0307176 0.0257042 0.0198999 0.0136817 0.00743235 0.00155262 -0.00359973 -0.00772812 -0.0106586 -0.0123019 -0.012679 -0.0119614 -0.0103112 -0.00797361 -0.00519444 -0.00218153 0.000867085 0.00377936 0.00646692 0.00891097 0.0110713 0.0129808 0.0146396 0.0160883 0.0173721 0.0185385 0.0196162 0.020598 0.0214994 0.0223544 0.0232058 0.0239969 0.0247433 0.0254601 0.0261687 0.0268522 0.0275069 0.0281191 0.0287193 0.0293234 0.0298851 0.0304147 0.030933 0.0314503 0.0319295 0.0323932 0.0328278 0.0332632 0.0336775 0.0340652 0.0344204 0.0347906 0.0351343 0.035439 0.0357328 0.0360363 0.0362984 0.0365317 0.0367697 0.0369943 0.0371788 0.0373517 0.0375247 0.0376669 0.0377841 0.0378963 0.0379954 0.0380611 0.0381166 0.0381631 0.0381857 0.0381822 0.0381776 0.0381541 0.0381009 0.0380362 0.0379706 0.0378725 0.0377494 0.0376316 0.0374987 0.0373259 0.0371451 0.0369749 0.0367666 0.0365311 0.0363009 0.0360689 0.035791 0.0355082 0.0352215 0.0349265 0.0345989 0.034267 0.0339178 0.0335772 0.0332084 0.0328188 0.0324249 0.0320468 0.0316367 0.0312082 0.030786 0.0303648 0.0299417 0.0295046 0.0290621 0.0286293 0.0282363 0.0278315 0.0274396 0.0270887 0.0268153 0.026611 0.0264945 0.026506 0.0267079 0.027138 0.0278009 0.0287459 0.0299442 0.0313836 0.0330005 0.0346576 0.0361545 0.0373036 0.037869 0.0375959 0.0363106 0.0338316 0.030103 0.0251746 0.0192067 0.0124543 0.00526114 -0.001973 -0.00887094 -0.0150422 -0.0201972 -0.0241342 -0.0267446 -0.0280351 -0.0281008 -0.02711 -0.0252685 -0.0228427 -0.0200563 -0.0171357 -0.0142829 -0.0115981 -0.0092024 -0.00712731 -0.00537232 -0.00395922 -0.00282659 -0.00196084 -0.00132604 -0.000861567 -0.000560778 -0.000364363 -0.000252444 -0.000212135 -0.000199835 -0.000225057 -0.000262294 -0.00030361 -0.00035692 -0.00039966 -0.000448719 
0 0.000120608 0.000232475 0.000373076 0.000510086 0.000677324 0.000883693 0.00111818 0.00143928 0.00183264 0.0023421 0.00301507 0.00385193 0.00493851 0.00628806 0.00794248 0.00997388 0.0123674 0.0151741 0.0183776 0.0219125 0.0257242 0.0296474 0.033501 0.0370627 0.0400696 0.0422623 0.0434107 0.0433251 0.041863 0.0390323 0.0348827 0.02961 0.0235404 0.0170031 0.010437 0.00424344 -0.00121521 -0.00563945 -0.00880274 -0.010623 -0.0111425 -0.0104464 -0.00878746 -0.0063735 -0.00343708 -0.000219371 0.00305804 0.00623522 0.00921204 0.0118935 0.0143164 0.0164533 0.0183173 0.0199294 0.0213789 0.0226853 0.0238515 0.0249259 0.0259179 0.0268635 0.0277424 0.0285971 0.029392 0.0301613 0.0308914 0.0316121 0.0322925 0.0329338 0.0335576 0.0341695 0.0347573 0.0352958 0.0358329 0.0363463 0.036851 0.0373062 0.0377598 0.0381878 0.0386169 0.0389942 0.0393675 0.0397252 0.0400763 0.0403778 0.0406804 0.0409712 0.04124 0.0414739 0.0417106 0.0419296 0.04212 0.0422933 0.0424613 0.0426061 0.0427265 0.0428393 0.042935 0.0430087 0.0430653 0.0431138 0.0431372 0.0431442 0.0431398 0.0431202 0.0430738 0.0430187 0.0429538 0.0428623 0.0427521 0.0426384 0.0425105 0.0423469 0.0421814 0.0420084 0.0418147 0.0415855 0.04137 0.0411331 0.0408781 0.0405914 0.0403227 0.0400239 0.0397165 0.0393745 0.0390493 0.0387006 0.0383433 0.037949 0.0375717 0.0371847 0.036778 0.0363461 0.035924 0.0355103 0.03507 0.0346225 0.0341754 0.0337636 0.0333326 0.0329189 0.0325248 0.032197 0.0319101 0.0317151 0.0316309 0.031685 0.0319409 0.0324449 0.03322 0.0342313 0.0355346 0.037072 0.0387572 0.0404316 0.0419174 0.0429661 0.0433481 0.0428672 0.0412599 0.0384034 0.034233 0.0288072 0.022297 0.0150035 0.0072679 -0.000526259 -0.00792648 -0.0145938 -0.0201875 -0.0244808 -0.0273827 -0.0288786 -0.029068 -0.0281259 -0.0262883 -0.0237841 -0.0208958 -0.0178465 -0.0148148 -0.0119909 -0.00943033 -0.00720973 -0.00535831 -0.00382934 -0.00263976 -0.00172704 -0.00104763 -0.000585551 -0.000269803 -8.63723e-05 2.52626e-06 3.37361e-05 9.01863e-06 -3.6176e-05 -9.99188e-05 -0.000174867 -0.000245336 -0.000321583 -0.000390273 
0 0.000168727 0.000348879 0.000530499 0.000736132 0.00096935 0.00123117 0.00156161 0.00195226 0.00244536 0.00307634 0.00385193 0.0048568 0.00609626 0.00763208 0.00953023 0.0117874 0.0144821 0.0175949 0.0211125 0.0250007 0.0291335 0.0333785 0.0375287 0.0413504 0.0445623 0.0469277 0.0481744 0.0481083 0.0466446 0.0436929 0.0394085 0.0339642 0.0276563 0.0209027 0.0140779 0.00761488 0.00188237 -0.00278484 -0.00619345 -0.00820401 -0.00884949 -0.00827353 -0.00664073 -0.00419933 -0.00116208 0.00220178 0.0057016 0.00910459 0.0122928 0.015237 0.0178946 0.0202475 0.0223006 0.0240997 0.0256498 0.027065 0.0283554 0.0295132 0.0305431 0.0315162 0.0324598 0.0333482 0.0341661 0.0349276 0.0356908 0.0364176 0.0371031 0.0377403 0.038371 0.0389735 0.0395563 0.0400954 0.0406164 0.0411251 0.041614 0.042066 0.0424994 0.0429266 0.0433275 0.0437044 0.0440607 0.0444106 0.0447339 0.045041 0.0453242 0.045603 0.0458551 0.0460934 0.046309 0.0465204 0.0467038 0.0468765 0.0470284 0.0471732 0.0472912 0.0474019 0.0474906 0.0475705 0.0476272 0.0476768 0.047702 0.0477208 0.0477181 0.0477057 0.0476695 0.0476304 0.0475676 0.0474934 0.0473991 0.0473025 0.0471788 0.0470455 0.0468947 0.0467398 0.0465575 0.0463666 0.046159 0.0459479 0.0457105 0.0454599 0.045199 0.0449352 0.044643 0.0443336 0.0440258 0.0437078 0.0433655 0.0430048 0.0426485 0.0422784 0.0419026 0.0414953 0.0410888 0.040684 0.0402894 0.0398555 0.039422 0.0390054 0.0386232 0.038242 0.0378565 0.0375252 0.0372989 0.0371705 0.0371178 0.037249 0.0375921 0.0381961 0.0390711 0.0402324 0.0416294 0.0432435 0.0449883 0.0466727 0.0481019 0.0490232 0.0492313 0.0484525 0.0465202 0.0432752 0.0386569 0.0327575 0.0257633 0.0179633 0.00970959 0.00145103 -0.00645377 -0.0135574 -0.0195424 -0.0242091 -0.0273816 -0.0291072 -0.0294567 -0.0286071 -0.0267936 -0.0242774 -0.0213144 -0.0181535 -0.0150219 -0.0120423 -0.00937204 -0.00704019 -0.0050721 -0.00349198 -0.00222467 -0.0012809 -0.00059225 -0.000110858 0.000180165 0.000350988 0.000411871 0.000404066 0.000350456 0.000262635 0.00016286 5.21381e-05 -5.64346e-05 -0.000164723 -0.000265675 
0 0.000249211 0.00049058 0.000765583 0.00103861 0.00135507 0.00171453 0.00212259 0.00263404 0.00323732 0.0039966 0.00493851 0.00609626 0.00754055 0.00929334 0.011422 0.0139596 0.0169336 0.0203641 0.0242195 0.0284428 0.0329199 0.0374847 0.041921 0.0459848 0.0493964 0.0518974 0.0532377 0.05322 0.0517324 0.0487329 0.0443413 0.038749 0.0322869 0.0253498 0.0183307 0.0116678 0.00572132 0.00080893 -0.00282186 -0.00504983 -0.00589655 -0.0054423 -0.00389678 -0.0014898 0.00158005 0.00503361 0.0086558 0.0122464 0.0156589 0.0188049 0.0216652 0.0242025 0.0264242 0.0283609 0.030051 0.031566 0.032899 0.0340924 0.0351844 0.0362017 0.0371274 0.0380098 0.0388332 0.0396032 0.0403427 0.0410454 0.0417062 0.0423346 0.0429401 0.0435049 0.0440609 0.0445763 0.0450691 0.0455399 0.0460023 0.0464188 0.0468308 0.0472209 0.047591 0.0479359 0.0482765 0.0485862 0.0488823 0.0491675 0.0494326 0.0496743 0.0499098 0.0501317 0.050327 0.0505134 0.0506887 0.0508474 0.050984 0.0511175 0.0512323 0.051334 0.051417 0.0514967 0.0515552 0.0516035 0.0516341 0.0516616 0.0516665 0.0516616 0.0516429 0.0516188 0.0515695 0.0515137 0.0514483 0.0513688 0.0512673 0.0511645 0.051049 0.0509115 0.0507655 0.0506129 0.0504415 0.0502538 0.0500659 0.0498531 0.0496325 0.0494025 0.0491616 0.0488911 0.0486334 0.0483527 0.0480566 0.0477458 0.0474427 0.0471097 0.0467767 0.0464257 0.046071 0.0457147 0.0453493 0.0449633 0.0445943 0.0442421 0.0438736 0.0435337 0.0432288 0.0429797 0.042802 0.042738 0.042791 0.0430379 0.0435109 0.0442533 0.0452766 0.0465536 0.0480822 0.0498118 0.0516085 0.0532835 0.0546419 0.0554045 0.0553767 0.0543326 0.0520499 0.0484101 0.0433701 0.0370116 0.0295554 0.0213103 0.0126224 0.00392658 -0.00438183 -0.0118931 -0.0182606 -0.0232533 -0.0267211 -0.0286742 -0.0291952 -0.0284678 -0.0267284 -0.0242322 -0.0212533 -0.0180428 -0.0148156 -0.0117486 -0.00896813 -0.00653429 -0.0044993 -0.00284217 -0.0015455 -0.000581006 0.000120889 0.000574508 0.000855141 0.00098921 0.0010048 0.000962206 0.000847014 0.000714683 0.000563076 0.000396652 0.000251126 9.13956e-05 -4.42039e-05 
0 0.000347 0.000684012 0.00106191 0.00143721 0.00186223 0.00233919 0.00286683 0.0035131 0.00425802 0.00517116 0.00628806 0.00763208 0.00929334 0.0112856 0.0136774 0.016513 0.0198015 0.0235692 0.0277678 0.0323292 0.0371331 0.041995 0.0466992 0.0509869 0.0545816 0.0572158 0.0586395 0.0586608 0.0571623 0.054124 0.0496627 0.0439855 0.0374239 0.0303653 0.023204 0.0163659 0.0102216 0.00508689 0.00122554 -0.00123824 -0.00231218 -0.00206095 -0.00068262 0.00162121 0.00464871 0.00812746 0.0118293 0.015542 0.0191018 0.0224159 0.0254505 0.0281471 0.0305159 0.0325686 0.0343423 0.035915 0.037297 0.0385176 0.0396104 0.0406099 0.0415156 0.0423774 0.0431659 0.0438952 0.0445916 0.0452495 0.0458613 0.0464473 0.0470038 0.0475142 0.0480192 0.0484902 0.0489342 0.0493532 0.0497644 0.0501349 0.0505052 0.0508469 0.0511664 0.0514713 0.0517768 0.0520393 0.0522923 0.0525468 0.0527793 0.0529797 0.0531848 0.0533824 0.053549 0.0537062 0.0538624 0.0540025 0.0541196 0.0542373 0.0543424 0.0544339 0.0545097 0.0545858 0.0546441 0.054693 0.0547294 0.0547647 0.0547795 0.054787 0.0547871 0.0547813 0.0547516 0.0547212 0.054687 0.0546334 0.0545619 0.0544989 0.054423 0.0543176 0.054215 0.0541137 0.0539863 0.0538396 0.0537079 0.0535522 0.0533811 0.0532035 0.0530254 0.0528169 0.0526183 0.0523976 0.0521669 0.051927 0.0516903 0.0514217 0.0511605 0.0508877 0.050601 0.0503172 0.0500324 0.0497275 0.0494302 0.0491582 0.0488806 0.0486352 0.0484198 0.0482663 0.0482065 0.0482743 0.0484702 0.0488697 0.0495107 0.0504242 0.0516317 0.0530857 0.0547614 0.0565917 0.0584345 0.0600941 0.0613655 0.0619718 0.0617051 0.0603595 0.0577228 0.0537012 0.048268 0.0415139 0.0336693 0.0250396 0.0159804 0.00691617 -0.00174556 -0.00960156 -0.0162988 -0.0215964 -0.0253477 -0.0275443 -0.028272 -0.0277017 -0.0260701 -0.023631 -0.0206613 -0.0174263 -0.0141417 -0.0110091 -0.0081544 -0.00565161 -0.00356272 -0.00185942 -0.000542682 0.000430184 0.00112425 0.00154861 0.00179287 0.00187574 0.00183507 0.00173341 0.00155505 0.00136206 0.00114852 0.000921306 0.000716722 0.000498889 0.000308876 
0 0.000466477 0.000949612 0.00143545 0.00195733 0.00251738 0.00312261 0.00382058 0.00460664 0.00553192 0.00663882 0.00794248 0.00953023 0.011422 0.0136774 0.0163662 0.0194939 0.0231206 0.0272264 0.0317677 0.0366792 0.041804 0.0469592 0.0519154 0.0564085 0.0601474 0.0628938 0.0643792 0.0644164 0.0629298 0.0598519 0.0553467 0.0496214 0.0429813 0.0358453 0.0285853 0.0216155 0.015296 0.00996685 0.00585028 0.00310783 0.0017708 0.00173972 0.00289092 0.00501508 0.00791204 0.0113107 0.015014 0.0187782 0.02242 0.0258674 0.0290174 0.0318284 0.0342942 0.0364538 0.0382867 0.039887 0.0412834 0.0425007 0.0435743 0.044528 0.0454002 0.0461948 0.0469287 0.0475892 0.0482301 0.0488066 0.0493503 0.0498667 0.0503559 0.0507933 0.0512209 0.0516299 0.0520032 0.0523602 0.0526911 0.0530099 0.0533116 0.0536 0.0538449 0.0541069 0.0543506 0.054567 0.0547575 0.0549762 0.0551571 0.0553191 0.0554766 0.0556454 0.0557733 0.0559015 0.0560257 0.0561453 0.0562382 0.056338 0.056426 0.0565077 0.0565744 0.0566448 0.0567005 0.0567526 0.056794 0.0568372 0.0568631 0.0568884 0.0569064 0.0569229 0.0569169 0.05692 0.0569152 0.0568986 0.0568621 0.0568491 0.056812 0.0567582 0.056701 0.0566658 0.0565848 0.0565037 0.0564277 0.0563524 0.0562352 0.0561352 0.0560241 0.0559065 0.0557718 0.0556373 0.0554864 0.0553432 0.0551862 0.0550061 0.0548388 0.0546672 0.0544795 0.0542807 0.0541065 0.0539091 0.0537268 0.0535467 0.0533986 0.0532731 0.053194 0.0531759 0.0532783 0.0535106 0.0538853 0.0545005 0.0553599 0.056493 0.0579013 0.0595781 0.0614197 0.0633727 0.0652822 0.0669277 0.0680961 0.0685355 0.0680422 0.0663818 0.0634262 0.0590504 0.053253 0.0461585 0.0379882 0.0290473 0.0196961 0.0103636 0.00140831 -0.0067207 -0.013696 -0.0192812 -0.0232822 -0.0257206 -0.0266576 -0.0262582 -0.0247597 -0.0224198 -0.0195001 -0.0162738 -0.0129833 -0.00979555 -0.00689608 -0.00434749 -0.00220035 -0.000488434 0.00084915 0.00181171 0.00246705 0.00287057 0.00304705 0.00307425 0.00297046 0.00277797 0.00253576 0.00225091 0.00195734 0.00166215 0.0013717 0.00110074 0.000843686 
0 0.000633768 0.00125789 0.00192729 0.00260166 0.00332803 0.00412627 0.00498264 0.0059793 0.00710424 0.00841316 0.00997388 0.0117874 0.0139596 0.016513 0.0194939 0.0229742 0.0269301 0.0313852 0.0362828 0.0415173 0.0469508 0.0523768 0.0575558 0.0622102 0.0660899 0.0688936 0.0704154 0.0704777 0.0689424 0.0658666 0.0613219 0.0555537 0.0488918 0.0416932 0.0343578 0.0272718 0.0208101 0.0152469 0.0108827 0.00783206 0.00613833 0.00578704 0.00662017 0.00847679 0.0111425 0.0144073 0.0179911 0.0217255 0.0254182 0.0289135 0.0321322 0.0350165 0.0375625 0.0397468 0.0416467 0.0432595 0.0446247 0.0457865 0.0468323 0.047747 0.0485249 0.0492275 0.0498749 0.0504811 0.0510117 0.0514996 0.051944 0.0523904 0.0527819 0.0531381 0.0534704 0.0538014 0.0540985 0.0543713 0.0546231 0.0548648 0.0551043 0.0553097 0.0554959 0.0556826 0.0558757 0.0560195 0.0561653 0.056315 0.0564593 0.0565615 0.0566842 0.0567976 0.0569022 0.0569833 0.0570842 0.0571656 0.0572469 0.0573139 0.0573927 0.057453 0.0575203 0.0575735 0.0576352 0.057682 0.057738 0.0577789 0.0578273 0.0578626 0.0579099 0.0579385 0.0579729 0.0579995 0.0580385 0.0580488 0.0580704 0.0580918 0.0581144 0.0581025 0.0581175 0.0581285 0.058124 0.0580971 0.0581042 0.0580925 0.0580634 0.058029 0.0580125 0.057979 0.0579355 0.0578857 0.0578371 0.0577967 0.0577366 0.0576667 0.0575968 0.057551 0.0574781 0.0574082 0.0573278 0.057279 0.0572383 0.0572097 0.0571748 0.0572068 0.057322 0.057498 0.0577722 0.0582018 0.0588477 0.0596993 0.0608244 0.0622191 0.063891 0.0657742 0.0678343 0.0699357 0.0718905 0.0735301 0.0746016 0.0748777 0.0741335 0.0722197 0.0689376 0.064246 0.0581648 0.0507877 0.0423775 0.0332216 0.0236847 0.014137 0.0050151 -0.00332957 -0.0105365 -0.0163224 -0.0205841 -0.0232372 -0.0243839 -0.0241804 -0.0228333 -0.0206055 -0.017765 -0.0145784 -0.0112732 -0.00808745 -0.00513899 -0.00255604 -0.000403567 0.00134974 0.00266072 0.0036099 0.00423709 0.00456429 0.0046961 0.00463234 0.00444179 0.00417259 0.00382086 0.00345669 0.00306846 0.00267693 0.00231305 0.00194752 0.00161876 
0 0.000820998 0.0016659 0.0025069 0.00340153 0.00433168 0.00532515 0.00642557 0.00762504 0.00899869 0.0105629 0.0123674 0.0144821 0.0169336 0.0198015 0.0231206 0.0269301 0.031249 0.0360556 0.0412958 0.0468486 0.0525668 0.0582232 0.0635831 0.0683779 0.0723202 0.0751727 0.0766914 0.0767122 0.0751539 0.0720226 0.0674433 0.0616613 0.0549748 0.0477392 0.0403545 0.03316 0.0265238 0.0207633 0.0160979 0.0126992 0.0106346 0.00985866 0.0102878 0.0117875 0.0141415 0.0171432 0.0205669 0.0241885 0.0278146 0.0313088 0.0345536 0.0374707 0.040043 0.0422757 0.0441696 0.0457471 0.0470896 0.0482297 0.04919 0.0499979 0.0507037 0.0513182 0.0518645 0.0523524 0.0527866 0.0531711 0.0535207 0.0538535 0.054151 0.0544135 0.0546477 0.054884 0.0550955 0.0552824 0.0554423 0.0556105 0.0557651 0.0558987 0.056008 0.0561312 0.0562462 0.0563377 0.0564171 0.0565114 0.0565951 0.0566589 0.0567245 0.056797 0.0568596 0.056911 0.0569697 0.0570271 0.0570813 0.0571295 0.0571844 0.0572361 0.0572906 0.0573393 0.0573946 0.0574479 0.0575063 0.0575582 0.0576167 0.0576752 0.0577387 0.0577941 0.057856 0.0579218 0.0579887 0.0580449 0.0581105 0.0581839 0.0582481 0.0583034 0.0583733 0.0584496 0.0585055 0.0585613 0.0586323 0.0587051 0.0587533 0.0588092 0.058875 0.0589439 0.0589882 0.0590401 0.0591002 0.0591683 0.0592122 0.0592616 0.0593223 0.0593933 0.0594482 0.0595074 0.0595868 0.0596832 0.0597816 0.0599 0.0600738 0.0602942 0.0605787 0.0609649 0.0614961 0.0621856 0.0630913 0.0642455 0.0656658 0.067355 0.069313 0.0714827 0.0737489 0.0759806 0.0780166 0.0796415 0.0806198 0.0807477 0.0797941 0.0775922 0.0740479 0.0690994 0.0627752 0.0552323 0.0466719 0.037389 0.0277546 0.0181197 0.00888609 0.000434914 -0.00690822 -0.0128822 -0.0173202 -0.0201884 -0.0215414 -0.0215145 -0.0203328 -0.0182255 -0.0154698 -0.0123294 -0.00905058 -0.00584969 -0.00288653 -0.000286173 0.00190274 0.00364016 0.00495551 0.00587868 0.00644222 0.00673193 0.00676538 0.00662048 0.00634201 0.00594852 0.00551422 0.00502758 0.00453423 0.00405263 0.003568 0.00312841 0.00270149 
0 0.00105777 0.00213806 0.00321946 0.00435541 0.00552881 0.00677355 0.00812598 0.00958645 0.011232 0.0130732 0.0151741 0.0175949 0.0203641 0.0235692 0.0272264 0.0313852 0.0360556 0.041198 0.0467638 0.052609 0.0585774 0.0644396 0.0699384 0.0748119 0.0787805 0.0816013 0.0830623 0.0830119 0.0813735 0.0781858 0.0735616 0.0677455 0.0610356 0.0537645 0.0463218 0.0390323 0.0322489 0.0262586 0.0212836 0.0174958 0.0149743 0.0137222 0.0136865 0.0147415 0.0166878 0.0193485 0.0224823 0.0259021 0.0294247 0.0328574 0.0360652 0.0389708 0.0415384 0.0437636 0.0456694 0.0472323 0.048515 0.0495708 0.0504628 0.0512076 0.0518129 0.0523002 0.052737 0.053135 0.0534562 0.0537268 0.053966 0.0541957 0.054391 0.054558 0.0546876 0.054829 0.0549527 0.0550496 0.0551229 0.0552107 0.0552835 0.055339 0.0553832 0.0554318 0.0554765 0.0555091 0.0555347 0.0555624 0.0555959 0.0556143 0.0556341 0.055657 0.0556872 0.0557024 0.055729 0.0557555 0.0557899 0.0558142 0.0558539 0.0558901 0.0559376 0.0559781 0.0560337 0.0560859 0.0561525 0.056211 0.0562847 0.0563583 0.0564444 0.0565205 0.056615 0.056711 0.0568129 0.0569069 0.057023 0.0571375 0.0572515 0.057365 0.057498 0.0576264 0.0577527 0.0578831 0.0580257 0.0581702 0.0583076 0.0584475 0.0586007 0.0587651 0.0589072 0.059058 0.0592281 0.0594084 0.0595626 0.0597347 0.0599181 0.0601222 0.060318 0.0605162 0.0607279 0.0609941 0.0612738 0.0615587 0.0618976 0.0623263 0.0628554 0.0634873 0.0642581 0.0652208 0.0664533 0.0679363 0.069689 0.0717074 0.0739663 0.0764014 0.0789095 0.0813048 0.0834058 0.085021 0.0859061 0.0858766 0.0847249 0.0823041 0.0785296 0.0733792 0.0668986 0.0592472 0.050633 0.0413398 0.0317188 0.0220973 0.0128717 0.00438959 -0.00302319 -0.00909676 -0.0136781 -0.0167045 -0.0182234 -0.0183675 -0.0173354 -0.0153524 -0.0126932 -0.00960424 -0.00634508 -0.00314022 -0.000150047 0.00247464 0.00468657 0.00643481 0.00773627 0.00863496 0.00915111 0.00937571 0.0093341 0.00909433 0.00871333 0.00820858 0.00765316 0.00704778 0.00643347 0.00583466 0.00524238 0.00469796 0.00417704 
