0 0 0 0 0 0 0 0 0 0 0 0 0 0 0 0 0 0 0 0 0 0 0 0 0 0 0 0 0 0 0 0 0 0 0 0 0 0 0 0 0 0 0 0 0 0 0 0 0 0 0 0 0 0 0 0 0 0 0 0 0 0 0 0 0 0 0 0 0 0 0 0 0 0 0 0 0 0 0 0 0 0 0 0 0 0 0 0 0 0 0 0 0 0 0 0 0 0 0 0 0 0 0 0 0 0 0 0 0 0 0 0 0 0 0 0 0 0 0 0 0 0 0 0 0 0 0 0 0 0 0 0 0 0 0 0 0 0 0 0 0 0 0 0 0 0 0 0 0 0 0 0 0 0 0 0 0 0 0 0 0 0 0 0 0 0 0 0 0 0 0 0 0 0 0 0 0 0 0 0 0 0 0 0 0 0 0 0 0 0 0 0 0 0 0 0 0 0 0 0 
0 -1.79742e-05 -2.8459e-05 -3.60905e-05 -4.20427e-05 -5.57286e-05 -6.01123e-05 -5.88167e-05 -5.36717e-05 -4.19557e-05 -3.01042e-05 1.22719e-06 3.75252e-05 8.44097e-05 0.000142962 0.000202208 0.000274831 0.000343297 0.000429037 0.000536403 0.000653288 0.000793263 0.000947322 0.00114201 0.00137256 0.00161546 0.0018737 0.00211728 0.00233273 0.00248677 0.00254816 0.00251068 0.00234293 0.00204179 0.0016232 0.00111991 0.000563671 -6.90383e-06 -0.000550042 -0.00102582 -0.00140799 -0.00168905 -0.00183842 -0.00186399 -0.0017792 -0.00159764 -0.00133314 -0.00101789 -0.000667873 -0.000301762 7.07764e-05 0.000450446 0.000808444 0.00117447 0.00153355 0.00187697 0.00221881 0.00256331 0.00289121 0.00322591 0.00355987 0.00388809 0.00421886 0.00453332 0.00484045 0.00512142 0.00537047 0.00557614 0.00573543 0.00581359 0.00582268 0.00573845 0.00556083 0.00528049 0.00491069 0.00443916 0.00387077 0.00321555 0.00248506 0.0016776 0.000821731 -6.33042e-05 -0.00098145 -0.00189445 -0.00277684 -0.00361347 -0.00437897 -0.00503851 -0.00559804 -0.00602641 -0.00631964 -0.00645922 -0.00644821 -0.00628912 -0.00599857 -0.00554284 -0.00495642 -0.00425437 -0.00344699 -0.00254064 -0.0015796 -0.000561118 0.00046164 0.00146813 0.00244361 0.00337264 0.00420145 0.004938 0.00555871 0.00606346 0.00643284 0.00665837 0.00672929 0.00667071 0.00645608 0.00610138 0.00562319 0.00502237 0.00430768 0.00352603 0.00267973 0.00178416 0.000873086 -4.04357e-05 -0.000944303 -0.00181586 -0.00263197 -0.00339733 -0.00409391 -0.00471118 -0.00523905 -0.00569083 -0.00603317 -0.00628953 -0.00646081 -0.0065492 -0.00655963 -0.00651959 -0.00641564 -0.00627666 -0.00610499 -0.00591208 -0.005718 -0.00551594 -0.00532529 -0.0051578 -0.00500658 -0.00488054 -0.00480627 -0.00475565 -0.0047497 -0.00478163 -0.00484079 -0.00490907 -0.00497019 -0.00500372 -0.00498059 -0.004876 -0.00467163 -0.00436927 -0.00394967 -0.00343107 -0.0028388 -0.00219803 -0.00153596 -0.000900711 -0.000331698 0.000137666 0.000482925 0.000700106 0.000773993 0.000745747 0.00063926 0.000472294 0.000282814 8.20525e-05 -9.12217e-05 -0.000232783 -0.000343963 -0.000405447 -0.000438924 -0.000446644 -0.000441582 -0.000427115 -0.000389842 -0.000356318 -0.000329906 -0.000314291 -0.000305277 -0.000293054 -0.000294929 -0.000307478 -0.000328168 -0.000352487 -0.000374584 -0.000401621 -0.00042872 -0.000451458 -0.000469091 -0.000477213 
0 -2.8459e-05 -4.1072e-05 -5.00966e-05 -6.02285e-05 -8.57982e-05 -9.77971e-05 -0.000100698 -9.33349e-05 -8.11749e-05 -5.86996e-05 -6.39872e-06 5.99766e-05 0.000156164 0.000261155 0.000393578 0.000532761 0.000679149 0.000864263 0.00107028 0.00133019 0.00159942 0.001923 0.00231889 0.00276675 0.00326948 0.00376116 0.00424845 0.00466482 0.0049541 0.00507528 0.00498968 0.00465458 0.00406194 0.00323505 0.00223221 0.00114305 -9.25671e-06 -0.00108003 -0.00203334 -0.00280835 -0.00335215 -0.00366457 -0.00370557 -0.00353201 -0.00316605 -0.00263508 -0.00198496 -0.00128882 -0.000532921 0.000227682 0.000982556 0.0017214 0.00243866 0.0031496 0.00383006 0.0045079 0.00517731 0.00585039 0.00649927 0.00715877 0.00780722 0.00843658 0.00903915 0.00963279 0.0101571 0.010611 0.0109987 0.0112541 0.0113779 0.0113707 0.0111892 0.0108165 0.0102802 0.00952939 0.00859268 0.00747777 0.00620039 0.00475818 0.00319871 0.00152839 -0.000211132 -0.00199069 -0.00373764 -0.00544491 -0.00706457 -0.00853384 -0.00982197 -0.0109171 -0.0117363 -0.0122875 -0.0125864 -0.0125832 -0.0122622 -0.0116675 -0.0107928 -0.00965932 -0.00829258 -0.00670149 -0.00494243 -0.00307889 -0.00112172 0.000872212 0.00283947 0.00474339 0.00652215 0.00813835 0.00959712 0.0108245 0.0117792 0.0124903 0.0129394 0.0130812 0.0129506 0.0125385 0.0118472 0.0109059 0.0097538 0.00839644 0.00688278 0.00523507 0.00351468 0.00173973 -3.49274e-05 -0.00178238 -0.00347066 -0.00508728 -0.00656886 -0.00793472 -0.00914134 -0.0101728 -0.0110418 -0.0117455 -0.0122552 -0.0126167 -0.0128244 -0.0128715 -0.0128095 -0.0126469 -0.0123971 -0.0120788 -0.0117399 -0.0113604 -0.010979 -0.0106152 -0.0102939 -0.0100001 -0.00978785 -0.00963996 -0.00956764 -0.009571 -0.00963078 -0.00975859 -0.00989012 -0.0100045 -0.0100696 -0.0100234 -0.00979551 -0.00940282 -0.0087763 -0.00794205 -0.00690988 -0.00571691 -0.00445301 -0.00313047 -0.00186771 -0.000734777 0.000204628 0.000910724 0.00134427 0.00152237 0.00147498 0.00127164 0.000961191 0.00056635 0.000185292 -0.000176655 -0.000463074 -0.000681578 -0.000823704 -0.000881489 -0.00091124 -0.000901883 -0.000874759 -0.000809854 -0.000741921 -0.000692115 -0.000659313 -0.000636535 -0.000608086 -0.000608552 -0.000622759 -0.000663674 -0.000703381 -0.000745215 -0.000801038 -0.000847408 -0.000902521 -0.000931226 -0.000953241 
0 -3.60905e-05 -5.00966e-05 -6.24642e-05 -7.68772e-05 -0.000112487 -0.000128459 -0.000128614 -0.000119148 -9.48017e-05 -6.79939e-05 6.13185e-06 9.93652e-05 0.000225649 0.00038891 0.000568522 0.000788988 0.00101391 0.00129081 0.00162783 0.00200096 0.00243362 0.00291516 0.00350602 0.00419234 0.00491825 0.00567151 0.0063802 0.00699477 0.00742448 0.00758772 0.00745383 0.00694722 0.00605585 0.00482387 0.00334179 0.00170416 1.87644e-05 -0.001588 -0.00300313 -0.00414607 -0.00497848 -0.00542623 -0.00549602 -0.00522759 -0.00466079 -0.00384111 -0.00285853 -0.00177115 -0.000633221 0.000518975 0.00167414 0.00276802 0.00385871 0.00491956 0.00593074 0.00692842 0.00792426 0.00888052 0.00984158 0.0107936 0.0117197 0.012628 0.0134756 0.014276 0.0149819 0.0155794 0.0160472 0.0163716 0.0164838 0.0164067 0.016086 0.0155161 0.0146774 0.013589 0.0122266 0.0106005 0.00873736 0.00666782 0.00440177 0.00201088 -0.00045116 -0.00297951 -0.00548087 -0.00789399 -0.0101782 -0.0122674 -0.0140822 -0.0156241 -0.0168131 -0.0176303 -0.0180307 -0.018007 -0.0175621 -0.0167338 -0.0154572 -0.0138119 -0.0118454 -0.00958971 -0.00707602 -0.00441015 -0.00159963 0.00123222 0.00402627 0.00674096 0.00932381 0.0116478 0.0137154 0.0154607 0.0168666 0.0178902 0.0185077 0.0186955 0.018512 0.01791 0.0169283 0.0156125 0.0139725 0.0120333 0.00990053 0.00758599 0.00513157 0.0026176 8.43822e-05 -0.00242968 -0.00486246 -0.00715511 -0.00930305 -0.0112647 -0.0130104 -0.0145186 -0.0158171 -0.01684 -0.0176334 -0.0182061 -0.0185603 -0.0187056 -0.0187011 -0.0185213 -0.0182252 -0.0178252 -0.0173548 -0.0168603 -0.0163401 -0.0158461 -0.0154123 -0.0150284 -0.0147245 -0.0145547 -0.0144621 -0.0144862 -0.0146085 -0.0147982 -0.0150029 -0.0151741 -0.0152546 -0.0151629 -0.0148269 -0.0142027 -0.0132807 -0.0120235 -0.0104766 -0.00871093 -0.00680335 -0.00483475 -0.00293998 -0.00123522 0.000182955 0.00124452 0.00192514 0.00219726 0.00215664 0.00187521 0.00140933 0.000856231 0.000268136 -0.000257942 -0.000695634 -0.00104023 -0.00124736 -0.00136366 -0.00140476 -0.00140236 -0.0013653 -0.00126653 -0.00116953 -0.00108821 -0.00103348 -0.000993725 -0.000950015 -0.000943965 -0.000968767 -0.0010198 -0.0010808 -0.00114024 -0.00121221 -0.00128511 -0.00134975 -0.00139689 -0.0014227 
0 -4.20427e-05 -6.02285e-05 -7.68772e-05 -9.91203e-05 -0.000140522 -0.000161597 -0.000160223 -0.000139347 -0.000107442 -5.76996e-05 3.846e-05 0.000165009 0.000340024 0.000544665 0.000796309 0.00107565 0.00137972 0.00175165 0.00217877 0.00269104 0.00324813 0.00390342 0.00469384 0.00559309 0.00657914 0.00756049 0.00850696 0.00931173 0.00986607 0.0100835 0.00989263 0.00921811 0.00804492 0.00642164 0.00445972 0.00231216 7.20656e-05 -0.00203627 -0.00390494 -0.00541938 -0.00648839 -0.00707981 -0.00715008 -0.00677612 -0.00600908 -0.00491201 -0.00357875 -0.00212818 -0.000581589 0.000978875 0.00252051 0.00401316 0.0054567 0.00686085 0.00819834 0.00950754 0.0107873 0.0120454 0.0132575 0.014456 0.0156113 0.0167071 0.0177234 0.0186743 0.0194817 0.0201363 0.0206379 0.020911 0.020944 0.0207405 0.0202448 0.0194329 0.0183288 0.0168796 0.0151104 0.0130346 0.0106817 0.00806228 0.00524204 0.00225665 -0.000825756 -0.00395563 -0.00702379 -0.00999969 -0.0128141 -0.0153751 -0.0176243 -0.0195341 -0.0209879 -0.0219756 -0.0224956 -0.0224823 -0.0219132 -0.0208412 -0.0192603 -0.0172172 -0.0147624 -0.0119284 -0.00880273 -0.00548881 -0.00201841 0.00151193 0.00500406 0.00839104 0.0115771 0.0144828 0.0170897 0.0192875 0.0210125 0.0222802 0.023061 0.0233038 0.0230598 0.0223217 0.0211075 0.0194697 0.0174618 0.0151032 0.012473 0.0096089 0.00659378 0.00347559 0.000335535 -0.00277705 -0.00580105 -0.00869774 -0.0113873 -0.013873 -0.0160961 -0.0180345 -0.0197046 -0.0210923 -0.0221739 -0.023001 -0.0235653 -0.0238613 -0.023955 -0.0238543 -0.0235845 -0.0231775 -0.0226977 -0.0221411 -0.0215623 -0.0210037 -0.0205085 -0.0200702 -0.0197585 -0.0195704 -0.0195088 -0.0195762 -0.0197468 -0.0200129 -0.0202802 -0.0204978 -0.0205959 -0.0204647 -0.019992 -0.0191676 -0.0179067 -0.0162289 -0.0141663 -0.0117991 -0.00926869 -0.00664633 -0.00412897 -0.00186183 3.04815e-05 0.00146277 0.00237254 0.00277555 0.00274061 0.00238425 0.0017983 0.00105748 0.000308061 -0.000397391 -0.000975353 -0.00141964 -0.0017103 -0.00185198 -0.00191925 -0.00191601 -0.00186769 -0.00175503 -0.00163207 -0.00153501 -0.00146562 -0.00141177 -0.00135643 -0.00134435 -0.0013645 -0.00142434 -0.00148893 -0.00155831 -0.00164381 -0.0017218 -0.00180501 -0.00185318 -0.00188656 
0 -5.57286e-05 -8.57982e-05 -0.000112487 -0.000140522 -0.000184139 -0.000202586 -0.000187101 -0.000148677 -8.89015e-05 -1.23533e-05 0.000116471 0.000282458 0.000494766 0.000754157 0.00105201 0.00139683 0.00177198 0.00222121 0.0027557 0.00337068 0.00407451 0.00488871 0.00586881 0.00699655 0.00821181 0.00944929 0.0106218 0.0116226 0.0123148 0.0125792 0.0123329 0.0114873 0.0100228 0.00800818 0.00558305 0.002913 0.000169351 -0.00243491 -0.00472622 -0.00657088 -0.00787789 -0.0085716 -0.00863973 -0.0081463 -0.00716087 -0.00576816 -0.00409393 -0.00224918 -0.000311646 0.00165022 0.00359265 0.00546043 0.00727564 0.00902362 0.0106811 0.0122793 0.0138264 0.0153026 0.0167252 0.0180949 0.019392 0.0206059 0.0217058 0.02269 0.0235057 0.0241318 0.0245516 0.0247269 0.0246125 0.0242134 0.0234846 0.0224118 0.0209921 0.0192249 0.0171062 0.0146511 0.0118935 0.00886747 0.00561232 0.00220139 -0.00129736 -0.00484286 -0.00833172 -0.0116927 -0.0148618 -0.01775 -0.0202772 -0.0224105 -0.0240572 -0.0251789 -0.0257354 -0.0256913 -0.0250438 -0.0238246 -0.0220063 -0.0196579 -0.0168474 -0.0136249 -0.0100616 -0.00627002 -0.0023016 0.00171843 0.00569515 0.00955926 0.0132172 0.0165452 0.0195048 0.0220101 0.0240091 0.0254675 0.0263515 0.0266378 0.0263736 0.0255438 0.0241844 0.0223531 0.0200834 0.0174174 0.0144544 0.0112348 0.00782223 0.00430042 0.000734772 -0.0028173 -0.00628144 -0.00959467 -0.0127189 -0.0156164 -0.0182428 -0.0205736 -0.0226176 -0.0243317 -0.02573 -0.0268335 -0.0276391 -0.0281561 -0.0284367 -0.02848 -0.028329 -0.0280157 -0.0275885 -0.0270867 -0.0265396 -0.0260061 -0.0255299 -0.0251175 -0.0248196 -0.0246746 -0.0246581 -0.0247892 -0.0250487 -0.0253943 -0.025745 -0.026022 -0.0261319 -0.025949 -0.0253577 -0.0242986 -0.0227242 -0.0206173 -0.0180346 -0.0150854 -0.0119059 -0.00863747 -0.00548793 -0.00264838 -0.000274857 0.00152184 0.00268205 0.00320443 0.00319541 0.00278032 0.00206892 0.0011906 0.000269009 -0.000581141 -0.00129329 -0.00184381 -0.00219801 -0.00239297 -0.0024748 -0.00248002 -0.00242269 -0.00229273 -0.00215347 -0.00203672 -0.00195409 -0.00188805 -0.00182653 -0.00180731 -0.0018287 -0.0018867 -0.00195503 -0.00202799 -0.00211222 -0.00219482 -0.0022711 -0.0023191 -0.00234366 
0 -6.01123e-05 -9.77971e-05 -0.000128459 -0.000161597 -0.000202586 -0.000217228 -0.000190399 -0.000134658 -5.33466e-05 5.44491e-05 0.000213138 0.000419984 0.000675986 0.000984084 0.00133668 0.00173878 0.00218741 0.0027169 0.00334797 0.00407812 0.00492203 0.00590694 0.00707994 0.00842576 0.00987596 0.0113511 0.0127435 0.0139249 0.0147387 0.0150447 0.0147351 0.0137188 0.0119764 0.00958844 0.00671661 0.00355564 0.000322924 -0.00274459 -0.00543478 -0.00758935 -0.00909582 -0.00987329 -0.0099147 -0.00928355 -0.00806942 -0.00637909 -0.00435351 -0.00212069 0.000219179 0.00258834 0.00492409 0.00717509 0.00934304 0.0114118 0.0133649 0.0152192 0.0169826 0.0186394 0.0201989 0.0216597 0.0230086 0.0242309 0.0253078 0.0262279 0.0269504 0.02745 0.0277064 0.0276844 0.0273488 0.0266961 0.025696 0.0243363 0.0226164 0.0205423 0.018118 0.0153674 0.0123248 0.00902624 0.00551329 0.0018535 -0.00188953 -0.00565699 -0.00935691 -0.0129141 -0.0162587 -0.0193012 -0.0219631 -0.0241904 -0.0259025 -0.0270558 -0.0276147 -0.0275431 -0.0268328 -0.0255055 -0.0235621 -0.0210569 -0.0180517 -0.0146046 -0.0107986 -0.00673978 -0.00250209 0.00179967 0.00605979 0.0101893 0.0140886 0.0176515 0.0208173 0.0235017 0.0256466 0.0272186 0.0281861 0.02853 0.0282757 0.0274248 0.0260097 0.024087 0.0216998 0.0188994 0.0157693 0.0123673 0.00875934 0.00502793 0.00123971 -0.002546 -0.00626303 -0.00984932 -0.0132638 -0.0164628 -0.0194025 -0.0220562 -0.0244183 -0.0264547 -0.0281684 -0.0295701 -0.0306579 -0.0314428 -0.0319641 -0.0322358 -0.0322916 -0.0321693 -0.0319119 -0.0315588 -0.031145 -0.0307288 -0.0303528 -0.0300418 -0.0298424 -0.0297923 -0.0298828 -0.0301224 -0.0304949 -0.0309476 -0.0313956 -0.0317429 -0.0318752 -0.0316489 -0.0309367 -0.0296554 -0.0277549 -0.025222 -0.0221231 -0.0185873 -0.0147718 -0.0108622 -0.00708959 -0.00368165 -0.00082278 0.00135344 0.00277664 0.00345313 0.00349459 0.00304426 0.00223945 0.00123293 0.0001684 -0.000821524 -0.00165979 -0.00230614 -0.00273408 -0.00297787 -0.00308631 -0.00310324 -0.00304146 -0.00290882 -0.00275959 -0.0026327 -0.00253952 -0.00246183 -0.00239451 -0.00236239 -0.00237275 -0.00241727 -0.00247391 -0.00253785 -0.00261022 -0.00268357 -0.00274845 -0.00278893 -0.00280437 
0 -5.88167e-05 -0.000100698 -0.000128614 -0.000160223 -0.000187101 -0.000190399 -0.000152151 -7.88891e-05 1.84875e-05 0.000157014 0.00033866 0.00057978 0.000876886 0.00122293 0.00163232 0.00208589 0.00261277 0.00323172 0.00395961 0.00482256 0.00580948 0.00697874 0.0083491 0.00990381 0.0115891 0.013283 0.0148839 0.0162269 0.0171425 0.0174782 0.0170939 0.0159045 0.0138963 0.0111576 0.0078652 0.00425539 0.000564908 -0.00292271 -0.00597933 -0.00841995 -0.0100948 -0.010943 -0.0109409 -0.0101585 -0.0087026 -0.00670551 -0.00431327 -0.00169143 0.00105781 0.00383086 0.00654217 0.00916507 0.0116533 0.0140052 0.0162091 0.0182657 0.0201734 0.0219466 0.023558 0.0250254 0.026338 0.0274699 0.0284224 0.0291762 0.0296995 0.0299704 0.0299798 0.0296762 0.0290608 0.0281102 0.026815 0.0251592 0.0231688 0.0208279 0.0181682 0.0152177 0.0120096 0.00857031 0.00496557 0.0012354 -0.00256495 -0.00635554 -0.0100626 -0.0136231 -0.0169546 -0.0199678 -0.0226041 -0.0247872 -0.0264501 -0.0275442 -0.0280567 -0.0279445 -0.0271968 -0.0258204 -0.0238596 -0.0213346 -0.0183018 -0.014818 -0.0109822 -0.00687512 -0.00260344 0.00174689 0.00605749 0.0102285 0.0141479 0.0177514 0.0209522 0.0236766 0.0258542 0.0274711 0.0284915 0.0288967 0.0286842 0.027886 0.0265163 0.0246208 0.0222618 0.0194949 0.0163734 0.0129766 0.00937806 0.00563108 0.00181272 -0.00201906 -0.00581117 -0.00951777 -0.0130707 -0.0164483 -0.0195984 -0.0224948 -0.0251074 -0.0274356 -0.0294417 -0.0311453 -0.0325423 -0.0336395 -0.0344573 -0.0350335 -0.0353739 -0.0355243 -0.0355322 -0.0354128 -0.0352291 -0.0350242 -0.0348394 -0.0347156 -0.0347057 -0.0348182 -0.0350901 -0.0355004 -0.0360321 -0.0366365 -0.0372103 -0.0376472 -0.0378139 -0.0375526 -0.0367202 -0.0352315 -0.0330071 -0.0300657 -0.0264698 -0.0223593 -0.0179293 -0.0133891 -0.00900314 -0.00502707 -0.00167418 0.000902117 0.00261054 0.0034817 0.00360824 0.00315598 0.00229549 0.00117897 -4.99637e-08 -0.00112409 -0.00208417 -0.00282472 -0.00334142 -0.00363905 -0.00378951 -0.00382347 -0.00376152 -0.00363401 -0.00347498 -0.00333821 -0.00322951 -0.00313586 -0.00305971 -0.00301037 -0.00300083 -0.00302483 -0.00306073 -0.00310769 -0.00316086 -0.00321259 -0.00325841 -0.00327904 -0.00327802 
0 -5.36717e-05 -9.33349e-05 -0.000119148 -0.000139347 -0.000148677 -0.000134658 -7.88891e-05 8.74411e-06 0.000136901 0.000299838 0.000511345 0.000787189 0.00111121 0.00150844 0.00195008 0.00246607 0.00306604 0.00376406 0.00461192 0.005582 0.00674042 0.00808701 0.00965201 0.0114313 0.013321 0.0152482 0.0170341 0.0185265 0.0195383 0.0198866 0.0194258 0.0180711 0.0158077 0.0127447 0.00907907 0.00503879 0.000960279 -0.00292192 -0.00630462 -0.00898598 -0.0108263 -0.0117105 -0.0116635 -0.0107255 -0.00902338 -0.00671055 -0.00397199 -0.000942938 0.00219168 0.0053469 0.00842551 0.0113645 0.014142 0.0167244 0.0191137 0.0212951 0.0232876 0.0250623 0.026658 0.0280425 0.0292224 0.0301876 0.0309336 0.0314163 0.0316572 0.0316252 0.0312881 0.0306668 0.0297264 0.0284514 0.0268537 0.0249416 0.0226932 0.0201715 0.0173685 0.0143191 0.0110498 0.00762251 0.00405088 0.000411919 -0.00325141 -0.00687355 -0.0104196 -0.0137834 -0.016906 -0.0197256 -0.022169 -0.0241552 -0.0256754 -0.0266626 -0.0270613 -0.0268777 -0.0261292 -0.0247957 -0.0228972 -0.0204673 -0.0175628 -0.0142541 -0.0105992 -0.00666948 -0.00258264 0.00156053 0.00566844 0.00964718 0.0134109 0.0168641 0.0199113 0.0225285 0.0246715 0.0262655 0.027283 0.0277442 0.0276199 0.0269294 0.0257041 0.0239815 0.0217862 0.0191999 0.0162739 0.0130811 0.00965605 0.00608855 0.00241263 -0.00130861 -0.00502671 -0.00867132 -0.012243 -0.0156598 -0.0189052 -0.0219496 -0.0247564 -0.0272913 -0.029574 -0.0315655 -0.0332726 -0.0347189 -0.0358883 -0.0368077 -0.0375011 -0.0380009 -0.0383209 -0.038537 -0.0386602 -0.0387558 -0.0388568 -0.0390239 -0.0392703 -0.0396559 -0.0401745 -0.0408254 -0.0415938 -0.0423849 -0.0431309 -0.0436873 -0.0439034 -0.0436166 -0.042696 -0.0409895 -0.0384833 -0.0351455 -0.0310707 -0.0264259 -0.0213826 -0.0162423 -0.0112521 -0.00671091 -0.00286082 0.000120375 0.00215107 0.00323151 0.00348724 0.00307136 0.00216879 0.000997725 -0.000301702 -0.00152787 -0.0026045 -0.00344806 -0.00403455 -0.00441272 -0.00459324 -0.00465322 -0.00459657 -0.00446927 -0.00431225 -0.00415812 -0.00403365 -0.00392202 -0.00383419 -0.00376531 -0.00373382 -0.00372568 -0.00373567 -0.00375439 -0.00377348 -0.00379967 -0.00380748 -0.00380715 -0.00377948 
0 -4.19557e-05 -8.11749e-05 -9.48017e-05 -0.000107442 -8.89015e-05 -5.33466e-05 1.84875e-05 0.000136901 0.000284262 0.000490747 0.000730907 0.00104198 0.0014141 0.00183942 0.00234257 0.00289941 0.0035718 0.00435717 0.00528355 0.00639133 0.00768282 0.0092208 0.0109867 0.0129654 0.0150918 0.0172199 0.0192017 0.0208345 0.0219269 0.0222918 0.0217581 0.0202437 0.0177577 0.0144047 0.0103859 0.00598853 0.00152368 -0.00268897 -0.00636509 -0.00927133 -0.0112176 -0.0121366 -0.0120199 -0.0109211 -0.00898419 -0.006388 -0.00330309 6.84779e-05 0.00357799 0.0070856 0.0104708 0.0137068 0.0167011 0.0194432 0.0219453 0.0241798 0.0261467 0.0278815 0.0293507 0.030569 0.0315391 0.0322403 0.0326896 0.0328574 0.0327493 0.0323523 0.0316605 0.0306563 0.0293706 0.0277797 0.0259107 0.0237615 0.021364 0.0187115 0.0158441 0.0128014 0.0096074 0.0062898 0.00291944 -0.000486581 -0.00388969 -0.00719414 -0.010371 -0.0133719 -0.0161238 -0.018575 -0.0206929 -0.0223907 -0.0236498 -0.0244234 -0.0247105 -0.0244923 -0.0237511 -0.0224702 -0.0207392 -0.0185487 -0.0159266 -0.0129335 -0.00965718 -0.00613914 -0.00249979 0.00122132 0.00492454 0.00850046 0.0118622 0.0149954 0.0177888 0.0201943 0.0221545 0.0236524 0.024663 0.0251784 0.0251539 0.0246439 0.0236491 0.022185 0.0203148 0.0180878 0.0155026 0.0126482 0.00958224 0.00632645 0.00294993 -0.000494835 -0.0039823 -0.00747304 -0.0109013 -0.0142476 -0.017474 -0.0205554 -0.0234442 -0.0261606 -0.028651 -0.0309063 -0.0329248 -0.0347036 -0.0362221 -0.037528 -0.0386063 -0.0394943 -0.0402248 -0.0408125 -0.0413281 -0.0418016 -0.0422687 -0.0428022 -0.0434279 -0.0441444 -0.0450129 -0.0459839 -0.0470282 -0.0480848 -0.0490386 -0.0497564 -0.0500677 -0.0497992 -0.0487998 -0.0469394 -0.0441438 -0.040447 -0.0359252 -0.0307438 -0.0251431 -0.0194084 -0.0138442 -0.00875711 -0.00441608 -0.00101871 0.0013325 0.00266728 0.00306982 0.00271581 0.00182591 0.00059026 -0.00076755 -0.00209989 -0.00327009 -0.00418614 -0.0048615 -0.00528228 -0.00551458 -0.00559106 -0.00554309 -0.00543709 -0.00527737 -0.00512325 -0.00497865 -0.00484808 -0.00474409 -0.00464799 -0.00458347 -0.00453649 -0.0045064 -0.00448602 -0.00446443 -0.00444699 -0.00441973 -0.00438391 -0.00433004 
0 -3.01042e-05 -5.86996e-05 -6.79939e-05 -5.76996e-05 -1.23533e-05 5.44491e-05 0.000157014 0.000299838 0.000490747 0.000730808 0.00101277 0.00136067 0.00176157 0.00223763 0.00277098 0.00338917 0.00412732 0.0049871 0.00602321 0.00723344 0.00869098 0.0104041 0.0123638 0.0145596 0.0168861 0.0192362 0.0213969 0.0231704 0.024352 0.0247298 0.0241279 0.0224708 0.0197664 0.0161424 0.0118165 0.00706871 0.00229531 -0.0022225 -0.0061428 -0.0092164 -0.0112653 -0.0121819 -0.0119948 -0.0107428 -0.00858116 -0.00570716 -0.00233269 0.00137143 0.00518301 0.00897274 0.0126173 0.0160515 0.0192063 0.0220462 0.0245841 0.026786 0.0286706 0.0302315 0.031505 0.0324682 0.0331386 0.0335193 0.0336226 0.0333997 0.0329059 0.0321264 0.0310389 0.0296917 0.0280865 0.0262082 0.0241006 0.0217899 0.0192657 0.0165901 0.0137685 0.0108366 0.00780616 0.00473982 0.00165746 -0.00138849 -0.0043655 -0.00720275 -0.00991112 -0.0124057 -0.0146441 -0.0166109 -0.0182726 -0.0195569 -0.0205054 -0.0210612 -0.0211792 -0.0208822 -0.0201917 -0.0190713 -0.0175667 -0.0156852 -0.0134695 -0.0109863 -0.00827074 -0.00534565 -0.00232449 0.000744786 0.00380906 0.00679459 0.00964151 0.0122967 0.0146583 0.0167325 0.0184833 0.0198349 0.0207723 0.0213279 0.0214423 0.0211508 0.0204664 0.0193877 0.0179259 0.0161475 0.0140462 0.0116861 0.00908384 0.00629164 0.00333301 0.000268665 -0.00287619 -0.00604588 -0.00923988 -0.0123907 -0.0154972 -0.0185316 -0.0214436 -0.0242215 -0.0268655 -0.0293169 -0.0315826 -0.0336743 -0.035537 -0.0372037 -0.0386797 -0.0399828 -0.0411194 -0.0421588 -0.043114 -0.0440346 -0.044947 -0.0459263 -0.0469695 -0.0481164 -0.0493845 -0.0507467 -0.0521676 -0.0535442 -0.0547918 -0.0557348 -0.0561916 -0.0559867 -0.0549736 -0.0529742 -0.0499674 -0.045946 -0.0410146 -0.0353611 -0.0292102 -0.0229275 -0.0168039 -0.0111841 -0.00636446 -0.00255848 0.000136292 0.00172403 0.00231087 0.00205807 0.00119638 -3.07031e-05 -0.00144732 -0.00283538 -0.00408328 -0.00508009 -0.00581411 -0.00631229 -0.00657819 -0.00668454 -0.00665401 -0.0065566 -0.00641019 -0.00624023 -0.00607698 -0.00592258 -0.00579347 -0.00566886 -0.0055656 -0.00547376 -0.0053994 -0.00533168 -0.00525928 -0.00519432 -0.00511672 -0.00504202 -0.00495112 
0 1.22719e-06 -6.39872e-06 6.13185e-06 3.846e-05 0.000116471 0.000213138 0.00033866 0.000511345 0.000730907 0.00101277 0.00132967 0.00171018 0.00215436 0.00266759 0.00325697 0.0039302 0.00474055 0.0056899 0.00681985 0.00816447 0.00977499 0.011679 0.0138427 0.016241 0.0187817 0.0213251 0.0236578 0.0255558 0.0268069 0.0271915 0.0265281 0.0247377 0.0218512 0.0179965 0.0133969 0.0083691 0.00330463 -0.00146265 -0.00559503 -0.00881801 -0.010931 -0.0118441 -0.0115795 -0.0101854 -0.00783123 -0.00473425 -0.00110742 0.00284146 0.00690184 0.0109076 0.0147272 0.0182962 0.0215218 0.0243691 0.0268577 0.0289525 0.030662 0.032009 0.0330044 0.0336472 0.0339576 0.0339507 0.0336474 0.0330273 0.0321363 0.0309779 0.0295422 0.0278675 0.0259805 0.0238796 0.0216082 0.0191953 0.0166541 0.0140164 0.0113089 0.00857385 0.0058226 0.0030967 0.000436715 -0.00213979 -0.00460486 -0.00688617 -0.00899222 -0.0108837 -0.0125248 -0.0139203 -0.0150609 -0.0158962 -0.016459 -0.0167245 -0.0166815 -0.0163487 -0.015718 -0.014768 -0.013569 -0.01212 -0.0104307 -0.00855621 -0.00653403 -0.00437522 -0.00215448 0.000120527 0.00241291 0.00464952 0.00679751 0.00884826 0.0107132 0.0123737 0.0138017 0.014955 0.0158271 0.0164235 0.0166883 0.016654 0.0163191 0.0156626 0.0147059 0.0134747 0.0119356 0.0101422 0.00811861 0.00587713 0.00345312 0.000891088 -0.00180185 -0.00458698 -0.00743581 -0.0103126 -0.0132074 -0.0160915 -0.0189229 -0.0217027 -0.0244035 -0.0269762 -0.0294247 -0.0317431 -0.0338871 -0.0358861 -0.0377374 -0.0394491 -0.0410318 -0.0425228 -0.0439549 -0.0453555 -0.046755 -0.0482274 -0.0497702 -0.0514002 -0.0531513 -0.0549787 -0.0568275 -0.0586099 -0.0602083 -0.0614465 -0.0621233 -0.062054 -0.0610771 -0.0590196 -0.0558372 -0.0515537 -0.0462729 -0.0401865 -0.0335668 -0.0267761 -0.0201479 -0.0140338 -0.00875314 -0.00453805 -0.00149266 0.000385089 0.00118238 0.00106549 0.000282264 -0.000926959 -0.00235031 -0.00378585 -0.00508805 -0.00614319 -0.00694732 -0.00749731 -0.00781363 -0.00794459 -0.00793576 -0.00786078 -0.00772179 -0.00754967 -0.00736253 -0.00718259 -0.00702262 -0.0068583 -0.00670763 -0.00655994 -0.00642839 -0.00630168 -0.00617059 -0.00604831 -0.00592008 -0.00580003 -0.00567226 
0 3.75252e-05 5.99766e-05 9.93652e-05 0.000165009 0.000282458 0.000419984 0.00057978 0.000787189 0.00104198 0.00136067 0.00171018 0.00211738 0.00259624 0.00314326 0.003782 0.00451447 0.00539938 0.00644788 0.00768985 0.00918487 0.010969 0.0130745 0.0154507 0.0180539 0.020801 0.0235279 0.0260196 0.0280304 0.0293403 0.0297241 0.0289988 0.027087 0.0240363 0.0199821 0.0151532 0.00989395 0.00459237 -0.000378091 -0.00468394 -0.00803169 -0.0102074 -0.0111312 -0.0108149 -0.00932132 -0.00682224 -0.00355363 0.000262796 0.00439106 0.00861992 0.0127553 0.0166628 0.0202709 0.0234796 0.0262555 0.0286114 0.0305216 0.0319852 0.0330434 0.0337021 0.0339798 0.0338991 0.0334905 0.0327763 0.03176 0.0304863 0.0289772 0.0272392 0.0253076 0.0232201 0.0209789 0.0186262 0.0161925 0.0137094 0.0111971 0.00869738 0.0062435 0.00385152 0.00155121 -0.000608992 -0.00262807 -0.00448192 -0.00612639 -0.00757418 -0.00881277 -0.00981542 -0.0106037 -0.0111846 -0.0115407 -0.0117088 -0.0116842 -0.0114663 -0.0110846 -0.0105424 -0.00982862 -0.008995 -0.00803795 -0.0069628 -0.00580689 -0.00458341 -0.00328443 -0.00195649 -0.000591072 0.000803978 0.00218972 0.00355258 0.00489374 0.00615497 0.00733028 0.00840168 0.0093312 0.0101106 0.010735 0.0111582 0.0113946 0.0114303 0.0112255 0.010792 0.0101323 0.00921031 0.00805236 0.00667422 0.00505978 0.00324038 0.0012445 -0.000922311 -0.00323961 -0.00566949 -0.00819841 -0.010808 -0.013469 -0.0161395 -0.0188235 -0.0214837 -0.0240849 -0.0266287 -0.0291011 -0.0314647 -0.0337354 -0.0359105 -0.0379875 -0.0399816 -0.0419132 -0.0438213 -0.0457154 -0.0476307 -0.0496257 -0.0517036 -0.0538677 -0.0561535 -0.0585078 -0.0608563 -0.0631115 -0.0651292 -0.0667247 -0.0676816 -0.0678109 -0.0669344 -0.0648903 -0.0616159 -0.0571542 -0.0516087 -0.0451749 -0.0381601 -0.0309274 -0.0238458 -0.0172765 -0.011561 -0.0069449 -0.00354349 -0.00136073 -0.000326908 -0.000274074 -0.000946435 -0.00210426 -0.00351019 -0.00497188 -0.00631578 -0.00742981 -0.00830336 -0.00891223 -0.0092799 -0.00943558 -0.00944549 -0.00937972 -0.00923898 -0.00905225 -0.00883397 -0.008621 -0.00842238 -0.00821674 -0.00801608 -0.00781479 -0.00762526 -0.00743779 -0.00724617 -0.00706048 -0.00687511 -0.00669822 -0.00652271 
0 8.44097e-05 0.000156164 0.000225649 0.000340024 0.000494766 0.000675986 0.000876886 0.00111121 0.0014141 0.00176157 0.00215436 0.00259624 0.00310289 0.00370129 0.00437714 0.00518352 0.00614251 0.00728704 0.00866436 0.0103024 0.0122857 0.0145937 0.0171892 0.0200139 0.022956 0.0258721 0.0285094 0.0306245 0.0319849 0.0323623 0.031576 0.0295671 0.0263755 0.022157 0.0171533 0.0116913 0.0062075 0.00105252 -0.00340716 -0.00686763 -0.00912917 -0.0100863 -0.00976235 -0.00823236 -0.0056645 -0.00229835 0.00160549 0.0058399 0.0101415 0.0143214 0.0182457 0.0218001 0.0249129 0.0275404 0.0296829 0.0313326 0.0325086 0.033217 0.0335203 0.0334175 0.0329427 0.0321471 0.0310578 0.0296806 0.0280834 0.0262933 0.0243113 0.0222064 0.0199977 0.0177012 0.0153549 0.0130088 0.0106581 0.00836499 0.00615302 0.00405406 0.00208235 0.000292009 -0.00131826 -0.00272723 -0.00391981 -0.0048862 -0.00566006 -0.0062211 -0.0065788 -0.00677233 -0.00680917 -0.00669194 -0.00647912 -0.00618797 -0.00581096 -0.00539453 -0.00496991 -0.00454004 -0.00411228 -0.00369575 -0.00329087 -0.0029152 -0.00254179 -0.00215624 -0.00176488 -0.00136394 -0.000926591 -0.00045269 7.45615e-05 0.000642589 0.00123979 0.00188459 0.00257194 0.00324715 0.00390751 0.00455034 0.00512435 0.00560938 0.00599631 0.00624468 0.00632362 0.00623617 0.00595018 0.00545423 0.0047343 0.00379707 0.00262378 0.00123739 -0.000358813 -0.00214219 -0.00411416 -0.006223 -0.0084737 -0.0108323 -0.0132679 -0.0157584 -0.0183059 -0.0208521 -0.0234006 -0.025948 -0.0284505 -0.0309096 -0.03334 -0.0357249 -0.0380615 -0.0404052 -0.0427461 -0.0451165 -0.0475487 -0.0500814 -0.0527111 -0.0554621 -0.0583151 -0.0612381 -0.0641421 -0.0669022 -0.0693948 -0.0713962 -0.0726904 -0.0730817 -0.0723817 -0.0704149 -0.0671444 -0.0625829 -0.0568569 -0.0501783 -0.0428427 -0.0352621 -0.027795 -0.0208327 -0.01473 -0.00973944 -0.00598843 -0.00350519 -0.00221868 -0.00197421 -0.00252564 -0.0035982 -0.00498614 -0.006447 -0.00782119 -0.0089938 -0.0099141 -0.010592 -0.0109931 -0.011176 -0.0112025 -0.0111301 -0.0109901 -0.0107743 -0.0105272 -0.0102751 -0.0100283 -0.00977767 -0.00951498 -0.00925413 -0.00899737 -0.00874245 -0.00848784 -0.0082382 -0.00799647 -0.00776417 -0.00754178 
0 0.000142962 0.000261155 0.00038891 0.000544665 0.000754157 0.000984084 0.00122293 0.00150844 0.00183942 0.00223763 0.00266759 0.00314326 0.00370129 0.00432908 0.00508181 0.0059515 0.00699901 0.00826485 0.00976016 0.0115869 0.013749 0.0162758 0.0190997 0.0221305 0.0252911 0.0283744 0.0311605 0.0333764 0.0347793 0.0351471 0.0343162 0.0322102 0.0289088 0.0245533 0.0193834 0.0137792 0.00810159 0.00279533 -0.00181586 -0.00541202 -0.00776659 -0.00880807 -0.00853054 -0.00702848 -0.00447286 -0.00111837 0.00280785 0.00701932 0.0113135 0.0154537 0.0192943 0.0227325 0.0256754 0.0280825 0.029957 0.0313098 0.0321312 0.0325038 0.0324248 0.0319523 0.0311192 0.0299797 0.0285528 0.0269099 0.0250617 0.0230615 0.0209493 0.0187418 0.0164912 0.0142321 0.011991 0.00979348 0.00769991 0.00569784 0.00384683 0.00216922 0.000703534 -0.000558813 -0.00156134 -0.00233461 -0.00286956 -0.00318298 -0.00326336 -0.00317615 -0.00292576 -0.00255083 -0.00207904 -0.00156452 -0.00100836 -0.00046578 1.3401e-05 0.000387334 0.000664668 0.000812485 0.000804316 0.000636641 0.000350569 -3.93919e-05 -0.000516044 -0.00106224 -0.00163016 -0.00218017 -0.00268294 -0.00313246 -0.00348294 -0.00369189 -0.00373926 -0.00364871 -0.00340648 -0.00300968 -0.00247331 -0.00185983 -0.0011796 -0.000472771 0.000226422 0.000867601 0.00145424 0.00191736 0.00223182 0.00236475 0.00231897 0.00202921 0.0015189 0.000765712 -0.000227379 -0.00147211 -0.00290651 -0.00455746 -0.00638581 -0.00836766 -0.0104869 -0.0127418 -0.0150788 -0.0174973 -0.0199827 -0.0224974 -0.0250502 -0.0276182 -0.0302064 -0.032805 -0.0354378 -0.0380908 -0.0408269 -0.0436273 -0.046542 -0.0495912 -0.0527855 -0.056103 -0.0595515 -0.0630625 -0.0665261 -0.0698503 -0.0728352 -0.0752941 -0.076983 -0.0776983 -0.0772292 -0.0754403 -0.0722325 -0.0676726 -0.061866 -0.0550163 -0.0474889 -0.0396285 -0.0318746 -0.0245992 -0.0181683 -0.0128537 -0.00879097 -0.00601429 -0.00448614 -0.00404275 -0.00444061 -0.00544 -0.00676171 -0.00822733 -0.00961553 -0.0108254 -0.0118174 -0.0125297 -0.0129922 -0.0131945 -0.0132355 -0.0131694 -0.0130021 -0.0127686 -0.0124722 -0.0121716 -0.0118683 -0.0115518 -0.0112274 -0.010893 -0.0105665 -0.0102418 -0.00992267 -0.00961488 -0.00931802 -0.00903491 -0.00876775 
0 0.000202208 0.000393578 0.000568522 0.000796309 0.00105201 0.00133668 0.00163232 0.00195008 0.00234257 0.00277098 0.00325697 0.003782 0.00437714 0.00508181 0.00588724 0.00686064 0.00801019 0.00939865 0.0110672 0.0130617 0.0154465 0.0181836 0.021231 0.0244858 0.0278325 0.0310878 0.0340015 0.0363056 0.0377447 0.038105 0.0372157 0.0350417 0.0316259 0.0271395 0.0218396 0.0160646 0.0102393 0.00475769 -1.12223e-05 -0.00374861 -0.00625177 -0.00742186 -0.00725196 -0.00586174 -0.00340567 -0.000128047 0.00369259 0.0078257 0.0119975 0.0160009 0.0196894 0.0229197 0.0256308 0.0277876 0.0293617 0.0303869 0.0308865 0.030888 0.0304646 0.0296541 0.0285055 0.0270823 0.025421 0.0235646 0.0215612 0.0194547 0.0172775 0.0150799 0.0128964 0.0107557 0.00869197 0.00675357 0.00494972 0.00333015 0.00192805 0.000744063 -0.000196141 -0.000863054 -0.00127855 -0.00142999 -0.00131432 -0.000982535 -0.000462554 0.000222687 0.0010259 0.00189958 0.00280781 0.00369124 0.00449896 0.00517211 0.00569083 0.00601647 0.00609142 0.00588307 0.00543223 0.00473418 0.00379163 0.00263642 0.00133293 -7.75149e-05 -0.00153636 -0.00301618 -0.00444728 -0.00575458 -0.00689326 -0.00785824 -0.00858427 -0.00903433 -0.00920565 -0.0091245 -0.0088002 -0.00825673 -0.00752147 -0.00665806 -0.00569885 -0.0046884 -0.00369324 -0.00274875 -0.00187468 -0.00114548 -0.000599214 -0.00024576 -0.000134727 -0.000277083 -0.000660557 -0.00130115 -0.00220206 -0.00333345 -0.00469634 -0.00626819 -0.00802651 -0.00994773 -0.0120261 -0.0142335 -0.0165532 -0.0189751 -0.0214816 -0.0240527 -0.0267065 -0.0294334 -0.0322379 -0.0351609 -0.0381962 -0.0413677 -0.0447129 -0.0482229 -0.0519158 -0.0557908 -0.0597931 -0.0638812 -0.0679403 -0.0718125 -0.0753426 -0.0782828 -0.0804037 -0.0814912 -0.0813217 -0.0797552 -0.0767198 -0.0722369 -0.0664396 -0.0595528 -0.0519004 -0.0438957 -0.0359386 -0.0284432 -0.0217753 -0.0161964 -0.011871 -0.00884313 -0.00707923 -0.00643168 -0.00668293 -0.00756328 -0.00883929 -0.010274 -0.0116778 -0.0129436 -0.0139769 -0.0147676 -0.0152653 -0.0155095 -0.0155715 -0.0154896 -0.0153183 -0.0150372 -0.0147035 -0.0143431 -0.0139681 -0.0135911 -0.013185 -0.0127835 -0.0123778 -0.011981 -0.0116008 -0.0112293 -0.010884 -0.0105469 -0.0102372 
0 0.000274831 0.000532761 0.000788988 0.00107565 0.00139683 0.00173878 0.00208589 0.00246607 0.00289941 0.00338917 0.0039302 0.00451447 0.00518352 0.0059515 0.00686064 0.00793926 0.00921947 0.0107647 0.0125997 0.0148099 0.0174048 0.0203708 0.0236493 0.0271141 0.0306556 0.0340544 0.0370746 0.0394419 0.04089 0.0412128 0.0402665 0.0380009 0.034487 0.0298801 0.0244389 0.0185295 0.0125218 0.00686401 0.00190709 -0.00202529 -0.00471785 -0.00608091 -0.0060957 -0.00488614 -0.00261481 0.000471254 0.00412221 0.0080524 0.0120295 0.015828 0.0192878 0.022271 0.0247152 0.0265803 0.0278488 0.0285665 0.028743 0.0284567 0.0277357 0.026652 0.0252631 0.0236288 0.0217829 0.019824 0.0177556 0.0156335 0.0135153 0.0114129 0.00937078 0.00744175 0.00565178 0.0040286 0.00262314 0.00143868 0.000516313 -0.000146444 -0.000507583 -0.000594558 -0.000402029 4.88558e-05 0.0007453 0.00162317 0.00270323 0.00390154 0.00516467 0.00644828 0.00769933 0.00881536 0.009794 0.0105522 0.0110214 0.0111705 0.0109999 0.0104671 0.00958614 0.00834592 0.00679132 0.00497573 0.00294256 0.000725665 -0.00156041 -0.00385065 -0.00607863 -0.00817748 -0.0100687 -0.0117017 -0.0130052 -0.0139917 -0.0146312 -0.0148925 -0.01479 -0.0143886 -0.013675 -0.0127269 -0.0115948 -0.0103232 -0.00896091 -0.00760942 -0.00628114 -0.00505666 -0.00396365 -0.00305092 -0.00233811 -0.00187817 -0.00166601 -0.00173789 -0.0020668 -0.00267561 -0.0035384 -0.004645 -0.00599105 -0.00755503 -0.00929743 -0.0112285 -0.0133161 -0.0155299 -0.0179042 -0.0203995 -0.0230289 -0.0257974 -0.0287187 -0.0317864 -0.0350483 -0.0384967 -0.0421781 -0.0460801 -0.0502224 -0.054582 -0.0591099 -0.0637389 -0.0683439 -0.0727773 -0.076825 -0.0802672 -0.0828474 -0.0843358 -0.0845022 -0.0832257 -0.0804037 -0.0760845 -0.070393 -0.0635525 -0.0559218 -0.0478647 -0.0398324 -0.0322225 -0.0253962 -0.0196323 -0.0150979 -0.0118557 -0.00988968 -0.00905701 -0.00915981 -0.0099513 -0.0111596 -0.012584 -0.0140033 -0.015313 -0.0164173 -0.017255 -0.0178185 -0.0181009 -0.018186 -0.0181118 -0.0179147 -0.0176135 -0.0172303 -0.0168135 -0.0163729 -0.0159196 -0.0154478 -0.0149663 -0.0144872 -0.0140174 -0.0135679 -0.0131389 -0.0127324 -0.0123454 -0.0119866 
0 0.000343297 0.000679149 0.00101391 0.00137972 0.00177198 0.00218741 0.00261277 0.00306604 0.0035718 0.00412732 0.00474055 0.00539938 0.00614251 0.00699901 0.00801019 0.00921947 0.0106482 0.0123643 0.0144053 0.0168418 0.0196789 0.0228836 0.0263943 0.0300723 0.0337865 0.0373093 0.0404062 0.0428034 0.0442299 0.0444891 0.0434466 0.0410727 0.037428 0.0326767 0.027087 0.021013 0.014827 0.00896657 0.0037951 -0.000368723 -0.0033157 -0.00494765 -0.00523194 -0.00429977 -0.00230569 0.000514725 0.00390324 0.0075777 0.0112896 0.014824 0.0180134 0.0207148 0.0228742 0.0244635 0.0254527 0.0258962 0.0258166 0.0252841 0.0243393 0.0230633 0.0215228 0.0197728 0.0178594 0.0158745 0.0138313 0.0117834 0.0097985 0.00788998 0.00610087 0.00447111 0.00303096 0.00180341 0.00083073 0.00013009 -0.000265167 -0.000379176 -0.000178059 0.000307741 0.00105569 0.00205395 0.00328289 0.00465865 0.00618294 0.00778222 0.00938942 0.010961 0.0124314 0.013692 0.0147152 0.015423 0.0157635 0.015721 0.0152654 0.0143616 0.0130549 0.0113499 0.0092636 0.0068557 0.00418884 0.00132175 -0.00163829 -0.00462147 -0.00753858 -0.0102829 -0.0127901 -0.0150201 -0.0168833 -0.0183552 -0.0194165 -0.0200391 -0.0202312 -0.0200274 -0.0194148 -0.0184723 -0.0172593 -0.0158214 -0.0142348 -0.0125878 -0.0108922 -0.0092478 -0.0077008 -0.00628666 -0.00504989 -0.00404662 -0.00326844 -0.00276963 -0.00255001 -0.00262627 -0.00298225 -0.00361597 -0.00451249 -0.00565316 -0.00701006 -0.00859956 -0.0103857 -0.0123504 -0.0145213 -0.0168637 -0.0193863 -0.022107 -0.0250376 -0.0281785 -0.0315682 -0.03521 -0.0391422 -0.0433434 -0.0478438 -0.052616 -0.057594 -0.0627064 -0.0678227 -0.0727617 -0.0773056 -0.0812171 -0.0842379 -0.0861268 -0.0866506 -0.0856967 -0.0831596 -0.0790761 -0.0735772 -0.0668932 -0.0593669 -0.0513721 -0.0433552 -0.0357242 -0.0288323 -0.0229564 -0.0182852 -0.0148885 -0.0127622 -0.0117785 -0.0117628 -0.0124749 -0.0136466 -0.0150703 -0.0165316 -0.017914 -0.0190973 -0.0200156 -0.0206449 -0.0209833 -0.0210977 -0.0210235 -0.020812 -0.0204786 -0.0200545 -0.0195802 -0.0190743 -0.018558 -0.0180213 -0.0174764 -0.0169292 -0.0163927 -0.0158788 -0.0153852 -0.0149178 -0.0144712 -0.0140585 
