0 0 0 0 0 0 0 0 0 0 0 0 0 0 0 0 0 0 0 0 0 0 0 0 0 0 0 0 0 0 0 0 0 0 0 0 0 0 0 0 0 0 0 0 0 0 0 0 0 0 0 0 0 0 0 0 0 0 0 0 0 0 0 0 0 0 0 0 0 0 0 0 0 0 0 0 0 0 0 0 0 0 0 0 0 0 0 0 0 0 0 0 0 0 0 0 0 0 0 0 0 0 0 0 0 0 0 0 0 0 0 0 0 0 0 0 0 0 0 0 0 0 0 0 0 0 0 0 0 0 0 0 0 0 0 0 0 0 0 0 0 0 0 0 0 0 0 0 0 0 0 0 0 0 0 0 0 0 0 0 0 0 0 0 0 0 0 0 0 0 0 0 0 0 0 0 0 0 0 0 0 0 0 0 0 0 0 0 0 0 0 0 0 0 0 0 0 0 0 0 
0 0.000127337 0.000254606 0.000382172 0.000503453 0.000615522 0.000726439 0.000840907 0.000971484 0.00111122 0.00126792 0.00144894 0.00166224 0.00191545 0.00217422 0.00243036 0.00265162 0.00282725 0.00293757 0.00293777 0.00283116 0.00259805 0.00226645 0.00185163 0.00138151 0.000914369 0.000485291 0.000136381 -0.000114463 -0.000235308 -0.000217446 -5.01843e-05 0.000236157 0.000632321 0.00112646 0.00166757 0.00225064 0.00282549 0.00339328 0.00393373 0.00441171 0.00483505 0.00519456 0.00547413 0.00567225 0.0057872 0.00580996 0.00575531 0.00559157 0.00534253 0.00501117 0.00457964 0.00406445 0.00347223 0.00280265 0.00205707 0.00125352 0.000397406 -0.000492219 -0.00140953 -0.0023261 -0.00323117 -0.00410742 -0.00494462 -0.00572082 -0.00641856 -0.00704217 -0.00757216 -0.00799545 -0.00833026 -0.00857295 -0.00869808 -0.00873801 -0.00868902 -0.00853936 -0.00831465 -0.00803302 -0.00767693 -0.00726812 -0.00682551 -0.00635333 -0.0058604 -0.0053695 -0.00488836 -0.00441074 -0.00394844 -0.00352698 -0.00313869 -0.00276854 -0.0024334 -0.00213539 -0.00186754 -0.00163039 -0.00141732 -0.0012243 -0.00106476 -0.000922129 -0.000789462 -0.000678895 -0.000581912 -0.000484264 -0.000401648 -0.000321599 -0.000232529 -0.000144957 -5.6105e-05 4.98879e-05 0.000165084 0.00029718 0.000447273 0.000608529 0.000796738 0.0010241 0.00126734 0.00153147 0.00183956 0.00218755 0.00256175 0.00296614 0.00340749 0.00387432 0.00435742 0.00486291 0.0053798 0.0058758 0.00636449 0.00683982 0.00727061 0.00765777 0.00800778 0.0082791 0.00848079 0.00861804 0.00866838 0.00862458 0.0084987 0.0082741 0.00794625 0.0075255 0.0070171 0.00642004 0.00573894 0.00499777 0.00419248 0.00334317 0.00246205 0.0015674 0.000671221 -0.000215381 -0.00108914 -0.00191977 -0.00272076 -0.00348971 -0.00419403 -0.0048591 -0.00547452 -0.00604001 -0.00655842 -0.00703198 -0.00746451 -0.00786936 -0.00822307 -0.00854633 -0.00884402 -0.00908771 -0.00929102 -0.00942308 -0.00948622 -0.00944953 -0.00928993 -0.00900397 -0.0085886 -0.00804399 -0.00737679 -0.00662648 -0.00581505 -0.00499538 -0.00418826 -0.00344748 -0.00281977 -0.00231655 -0.00195976 -0.00172538 -0.00161562 -0.00160141 -0.00165115 -0.00173968 -0.00183936 -0.00193866 -0.00201039 -0.00204673 -0.00204162 -0.00201511 -0.00197242 -0.00191426 -0.00184181 -0.00175292 -0.00167443 -0.00160297 -0.00154102 
0 0.000254606 0.000516385 0.000767338 0.00101616 0.00123704 0.00145786 0.00169085 0.00194169 0.00223151 0.00253905 0.00290773 0.00334556 0.00384436 0.00438572 0.00488951 0.00534583 0.00570476 0.00591075 0.00593272 0.00569745 0.00524363 0.00458154 0.00374382 0.00282934 0.00188661 0.00104729 0.000355903 -0.000143145 -0.000376179 -0.000338497 -1.02165e-05 0.000563845 0.00135124 0.0023141 0.00339666 0.00451483 0.00564154 0.00673889 0.00776161 0.00869271 0.00948899 0.010174 0.0107041 0.0110733 0.011267 0.0113087 0.0111678 0.0108365 0.0103507 0.00967671 0.00883989 0.00782228 0.00665233 0.0053347 0.0038906 0.00230718 0.000665996 -0.00105416 -0.00283645 -0.00460289 -0.00635751 -0.0080677 -0.00968809 -0.011183 -0.012565 -0.0137733 -0.0148273 -0.0156801 -0.016357 -0.0168231 -0.0171016 -0.017189 -0.0171077 -0.0168443 -0.0164355 -0.0158765 -0.0151926 -0.0144229 -0.0135687 -0.0126575 -0.0117126 -0.0107534 -0.00978643 -0.00886689 -0.0079772 -0.00713721 -0.00632923 -0.00560489 -0.00494743 -0.00435228 -0.00378635 -0.0033151 -0.0028853 -0.00250424 -0.00216266 -0.0018787 -0.00160168 -0.00138313 -0.00117144 -0.000979614 -0.000795701 -0.000634386 -0.000443458 -0.000275432 -7.62964e-05 0.00014254 0.000383416 0.00062956 0.000950074 0.00129486 0.00168378 0.00210835 0.00261103 0.00316965 0.00379828 0.00446499 0.0052173 0.0060298 0.00690133 0.00781752 0.00877765 0.00974993 0.0107369 0.0117169 0.0126711 0.0135798 0.014406 0.015159 0.0158029 0.01633 0.0167168 0.0169667 0.0170289 0.0169387 0.0166477 0.0161908 0.0155427 0.0147091 0.0136973 0.0125384 0.0111989 0.00974627 0.00820357 0.00654859 0.00485122 0.00312327 0.00138366 -0.000354625 -0.00203791 -0.0036784 -0.00523506 -0.00672919 -0.00812115 -0.00941745 -0.0106304 -0.0117518 -0.0127779 -0.0137081 -0.0145876 -0.0153762 -0.0161046 -0.0167681 -0.0173742 -0.0179083 -0.0183356 -0.0186386 -0.0187971 -0.0187515 -0.0184556 -0.0179196 -0.0171021 -0.0160441 -0.0147388 -0.0132463 -0.0116657 -0.0100222 -0.00843344 -0.00696306 -0.0057022 -0.00471875 -0.00399082 -0.00353662 -0.0033163 -0.00328294 -0.00338901 -0.00355342 -0.00375199 -0.00394022 -0.00407432 -0.00414056 -0.00412493 -0.00406732 -0.00398148 -0.00386516 -0.00372169 -0.00355358 -0.00339722 -0.00326416 -0.00314617 
0 0.000382172 0.000767338 0.00114868 0.00151196 0.00185106 0.00218741 0.00253827 0.00293402 0.00336542 0.00384975 0.00441106 0.00507045 0.00583942 0.00663525 0.00741618 0.00809997 0.0086421 0.00897811 0.00899514 0.0086794 0.00799603 0.00701197 0.00578179 0.00439882 0.00301845 0.00175821 0.000732556 2.18417e-06 -0.000347133 -0.000289725 0.000194861 0.00102927 0.00217513 0.00358604 0.00513145 0.00676937 0.00837911 0.00994596 0.0114142 0.0127043 0.0138241 0.0147582 0.0154692 0.0159509 0.0162 0.0162004 0.0159762 0.0154617 0.0147085 0.0137205 0.0124664 0.01098 0.00928422 0.00738569 0.00529269 0.00304858 0.000678957 -0.0017756 -0.00429723 -0.00681536 -0.00930571 -0.0117262 -0.0140475 -0.0162153 -0.0181894 -0.0199658 -0.0214989 -0.022751 -0.0237559 -0.0244991 -0.0249278 -0.0251071 -0.0250329 -0.024684 -0.0241186 -0.0233798 -0.0224387 -0.0213475 -0.020149 -0.0188608 -0.0175056 -0.0161368 -0.0147754 -0.0134182 -0.012092 -0.0108568 -0.00969974 -0.00859927 -0.00759125 -0.00668215 -0.00585677 -0.0051235 -0.00446217 -0.00386427 -0.00335568 -0.00290187 -0.00248118 -0.0021215 -0.00179838 -0.00148156 -0.00120037 -0.000928336 -0.000634701 -0.00034459 -4.48674e-05 0.000299039 0.000672935 0.00109276 0.00157052 0.00208995 0.00268702 0.00338673 0.00414576 0.00497203 0.00591389 0.00695622 0.00807278 0.00926637 0.0105467 0.0118839 0.0132579 0.0146731 0.0161031 0.0174772 0.0188187 0.0201071 0.0212722 0.0223111 0.0232277 0.0239301 0.024431 0.0247367 0.0247936 0.0245893 0.0241454 0.0234331 0.0224446 0.0212078 0.019739 0.0180447 0.0161351 0.0140702 0.0118477 0.00950765 0.00708458 0.00462203 0.00214664 -0.000314 -0.00274131 -0.00507171 -0.0073242 -0.0094902 -0.0114961 -0.0133913 -0.0151566 -0.0167918 -0.018303 -0.0197006 -0.0210019 -0.0222313 -0.0233464 -0.0243892 -0.0253663 -0.0262101 -0.0269311 -0.0274518 -0.0277576 -0.0277606 -0.0273934 -0.0266411 -0.0254903 -0.0239472 -0.0220361 -0.0198617 -0.0175059 -0.0151052 -0.0127447 -0.0105734 -0.00872389 -0.00724615 -0.00618811 -0.00550024 -0.00517207 -0.00512196 -0.00525923 -0.00550451 -0.00578269 -0.00605283 -0.00624447 -0.00633351 -0.00630951 -0.00622263 -0.00609207 -0.00592045 -0.00571035 -0.00546408 -0.00524151 -0.00504235 -0.00487306 
0 0.000503453 0.00101616 0.00151196 0.00199955 0.00245236 0.00290732 0.00339157 0.00392223 0.00452546 0.00518742 0.00596484 0.00687602 0.0079076 0.00900546 0.0100502 0.010987 0.0117255 0.0121642 0.0122163 0.0117852 0.0109023 0.00960835 0.0079825 0.00618646 0.00435999 0.00271126 0.00135537 0.000384716 -8.67467e-05 -2.98957e-05 0.000570398 0.00163959 0.00310782 0.00489456 0.00688108 0.00893273 0.0109685 0.0129228 0.014721 0.016315 0.017659 0.0187682 0.0195934 0.0201221 0.0203416 0.0202753 0.0198941 0.0191804 0.0181804 0.016867 0.0152594 0.0133537 0.0111888 0.00878221 0.00616244 0.00333744 0.000403294 -0.00264494 -0.0057791 -0.0089005 -0.0119968 -0.015023 -0.0179165 -0.0206218 -0.0231326 -0.0253804 -0.0273589 -0.0290074 -0.0303454 -0.0313287 -0.0319652 -0.0322645 -0.032248 -0.0319034 -0.0312829 -0.030397 -0.0292756 -0.0279753 -0.0265158 -0.0249341 -0.0232668 -0.0215501 -0.0198055 -0.0180943 -0.0164156 -0.0148047 -0.0132511 -0.0118101 -0.010482 -0.00926225 -0.00812053 -0.00712454 -0.00622041 -0.00540825 -0.00468381 -0.00405278 -0.00345999 -0.00295521 -0.00248083 -0.00203702 -0.00161681 -0.00122333 -0.000797588 -0.000389477 5.88532e-05 0.000549329 0.00108211 0.0016519 0.0023331 0.00307751 0.00390949 0.00483232 0.0058797 0.00703073 0.00830212 0.00965809 0.0111341 0.0127027 0.0143551 0.0160655 0.0178213 0.0195863 0.0213501 0.0230736 0.0247325 0.0262946 0.0277021 0.0289536 0.0300066 0.0308267 0.0313856 0.0316809 0.03165 0.0313212 0.0306575 0.0296895 0.0283974 0.0267981 0.0249129 0.0227773 0.0203712 0.0177799 0.0150336 0.012122 0.00912819 0.00608061 0.0030061 -6.76983e-05 -0.00307616 -0.00601013 -0.00882933 -0.0115445 -0.0141001 -0.0165072 -0.0187797 -0.0209081 -0.022891 -0.0247392 -0.0265036 -0.0281535 -0.0297103 -0.0311778 -0.0325568 -0.033805 -0.0348648 -0.0356827 -0.0362028 -0.036316 -0.0359364 -0.0350507 -0.0336137 -0.0316661 -0.0292279 -0.0264128 -0.023381 -0.0202363 -0.0171666 -0.0143262 -0.011884 -0.00995448 -0.00853764 -0.00763935 -0.0071987 -0.00712224 -0.00730665 -0.00761725 -0.00798654 -0.00833391 -0.00858238 -0.00869966 -0.00867155 -0.00855928 -0.00838812 -0.00816173 -0.00788279 -0.00756525 -0.00726799 -0.00700529 -0.00677488 
0 0.000615522 0.00123704 0.00185106 0.00245236 0.00303188 0.00361902 0.00424808 0.00494895 0.00573227 0.00661103 0.00762476 0.00879845 0.0101211 0.0115025 0.0128377 0.0140217 0.0149557 0.0155236 0.0155918 0.0150903 0.0140112 0.0124262 0.0104415 0.00822544 0.00598929 0.00394452 0.0022572 0.0010457 0.000428264 0.000453837 0.00112978 0.00236923 0.00408792 0.0061857 0.00850249 0.0109107 0.0132774 0.0155334 0.0175958 0.0193852 0.0208779 0.0220651 0.0229109 0.023403 0.0235415 0.0233302 0.0227717 0.0218347 0.0205616 0.0189565 0.0170139 0.0147569 0.0122205 0.00942478 0.0063887 0.00315274 -0.000228048 -0.00372136 -0.00729424 -0.0108671 -0.0144072 -0.017868 -0.0212002 -0.0243431 -0.0272578 -0.0299083 -0.0322505 -0.0342363 -0.0358754 -0.037139 -0.0379937 -0.038472 -0.0385779 -0.0383028 -0.0376966 -0.0367971 -0.0356088 -0.0341847 -0.0325674 -0.030792 -0.0288931 -0.0269234 -0.0249134 -0.0228895 -0.0208806 -0.0189419 -0.017076 -0.015296 -0.0136307 -0.0120896 -0.0106643 -0.00937845 -0.00820733 -0.00714476 -0.00620186 -0.0053558 -0.00457567 -0.00388196 -0.00324176 -0.00263164 -0.00205949 -0.00150427 -0.000928861 -0.000352236 0.000253408 0.000916107 0.00163448 0.00242179 0.00330928 0.00428317 0.00537174 0.00659139 0.00792634 0.00937391 0.0109613 0.0126651 0.0144709 0.0163658 0.0183419 0.0203657 0.0224153 0.024471 0.0265012 0.0284481 0.0303051 0.0320372 0.0335811 0.0349204 0.0360316 0.0368457 0.0373541 0.0375522 0.037393 0.0368748 0.0360037 0.0347757 0.0331887 0.0312719 0.0290515 0.0265489 0.0237765 0.0207998 0.0176388 0.0143212 0.0109008 0.00742471 0.00392194 0.000425666 -0.00302182 -0.00637807 -0.00963638 -0.0127857 -0.0157712 -0.018617 -0.0213234 -0.0238892 -0.0263178 -0.0286275 -0.0308473 -0.0329796 -0.0350082 -0.0369519 -0.0388015 -0.0404883 -0.0419639 -0.0431399 -0.0439434 -0.0442468 -0.0439455 -0.0429983 -0.0413752 -0.0390932 -0.0362017 -0.0328401 -0.0291716 -0.0253762 -0.021642 -0.0181864 -0.01521 -0.0128314 -0.0110965 -0.00997928 -0.00942793 -0.00932686 -0.00953882 -0.00992555 -0.0103787 -0.0108097 -0.0111255 -0.0112795 -0.0112657 -0.0111397 -0.0109344 -0.0106585 -0.0103134 -0.00992178 -0.00954881 -0.00921083 -0.00891014 
0 0.000726439 0.00145786 0.00218741 0.00290732 0.00361902 0.00435052 0.00514221 0.00602593 0.00701496 0.00813282 0.00941172 0.0108766 0.0125047 0.0141933 0.015825 0.0172674 0.0184003 0.0190871 0.019178 0.0185996 0.0173376 0.0154743 0.0131437 0.0105349 0.00789948 0.00546908 0.0034455 0.00197677 0.00118541 0.0011385 0.00183019 0.00317713 0.00507262 0.00738983 0.00995209 0.0126075 0.015207 0.0176585 0.019873 0.021765 0.02331 0.0244867 0.025273 0.0256543 0.0256396 0.0252346 0.0244502 0.0232759 0.0217426 0.0198718 0.0176581 0.0151307 0.0123196 0.00925052 0.00594098 0.00243925 -0.00121558 -0.00498263 -0.00882483 -0.0126806 -0.0165028 -0.0202474 -0.023863 -0.0272948 -0.0304949 -0.0334356 -0.0360612 -0.038336 -0.040245 -0.0417664 -0.042865 -0.043563 -0.0438573 -0.0437471 -0.043263 -0.0424414 -0.0412955 -0.03987 -0.0382115 -0.0363539 -0.0343348 -0.0322032 -0.0300011 -0.0277542 -0.0255026 -0.0232878 -0.0211324 -0.0190518 -0.0170821 -0.0152301 -0.0135056 -0.011918 -0.0104649 -0.00913435 -0.00793589 -0.00684377 -0.00584396 -0.00493098 -0.00408664 -0.00328084 -0.00251699 -0.00176652 -0.00100805 -0.000232658 0.000575125 0.00144742 0.00238517 0.00341295 0.00454655 0.0057915 0.00715857 0.00866773 0.0103022 0.0120633 0.0139547 0.0159625 0.0180604 0.0202395 0.0224799 0.0247486 0.0270151 0.0292591 0.0314421 0.0335153 0.0354596 0.0372341 0.0387866 0.0400907 0.0411252 0.0418326 0.042204 0.0422266 0.0418753 0.0411388 0.0400379 0.0385657 0.0367318 0.0345613 0.032084 0.0293154 0.0262869 0.0230476 0.0196246 0.0160547 0.0123791 0.00864759 0.00488755 0.00113454 -0.00257716 -0.00620365 -0.00974615 -0.0131845 -0.0164877 -0.01967 -0.0227364 -0.0256884 -0.0285292 -0.03128 -0.0339571 -0.03657 -0.0390975 -0.0415511 -0.0439075 -0.0460937 -0.04804 -0.0496441 -0.0508013 -0.0513695 -0.0512298 -0.0503129 -0.0485933 -0.0460763 -0.0428342 -0.0390188 -0.0348142 -0.0304434 -0.0261251 -0.0221183 -0.0186511 -0.0158654 -0.0138278 -0.0125125 -0.0118578 -0.0117348 -0.0119822 -0.0124462 -0.0129923 -0.0135111 -0.0139014 -0.0141034 -0.0141161 -0.0139875 -0.0137547 -0.0134345 -0.0130306 -0.0125743 -0.0121284 -0.0117175 -0.0113442 
0 0.000840907 0.00169085 0.00253827 0.00339157 0.00424808 0.00514221 0.00611881 0.00719778 0.00842166 0.00979736 0.0113679 0.0131497 0.0150896 0.0171086 0.0190359 0.0207477 0.0220841 0.0228778 0.0230046 0.0223381 0.0209052 0.0187695 0.0160912 0.0131061 0.0100616 0.00724368 0.00486684 0.00311419 0.00211547 0.00194851 0.00258923 0.00397196 0.00596088 0.00839279 0.0111108 0.0138945 0.0166274 0.0191695 0.0214223 0.023328 0.0248263 0.0259084 0.0265609 0.0267721 0.0265493 0.0259296 0.0248936 0.0234864 0.0217209 0.0196134 0.0171967 0.0144797 0.0114938 0.00826737 0.00483017 0.00119874 -0.00256171 -0.00643725 -0.0103823 -0.014346 -0.0182801 -0.0221523 -0.0258961 -0.029467 -0.0328381 -0.0359469 -0.0387648 -0.0412606 -0.0433984 -0.0451432 -0.0465049 -0.0474492 -0.0479834 -0.0481154 -0.0478556 -0.0472068 -0.0462182 -0.0449165 -0.0433324 -0.0415052 -0.0394843 -0.0372997 -0.034991 -0.0326159 -0.0302098 -0.0277892 -0.0253885 -0.023062 -0.0208235 -0.0186838 -0.0166571 -0.0147696 -0.0130183 -0.0114033 -0.00991067 -0.00854413 -0.00728388 -0.00611792 -0.0050222 -0.00398806 -0.00298471 -0.00200157 -0.00101345 -4.68168e-06 0.00105611 0.00217789 0.00338132 0.00467657 0.00609564 0.00764181 0.0093109 0.0111019 0.0130396 0.015107 0.0172773 0.0195374 0.0218855 0.0242912 0.0267198 0.0291492 0.0315487 0.0338748 0.0360922 0.0381831 0.0400891 0.0417729 0.0432069 0.0443624 0.0451915 0.0456988 0.045849 0.0456286 0.0450332 0.0440707 0.0427283 0.041037 0.0390037 0.0366414 0.0339842 0.031058 0.0278872 0.0245117 0.0209816 0.0173045 0.0135409 0.00972116 0.00587356 0.00202522 -0.00177565 -0.005531 -0.0092095 -0.0128015 -0.016315 -0.0197252 -0.0230653 -0.0263323 -0.0295291 -0.0326751 -0.0357954 -0.0388657 -0.0419062 -0.0448877 -0.047771 -0.0505068 -0.0529634 -0.0550566 -0.0566307 -0.0575344 -0.0576349 -0.05684 -0.0551072 -0.0524539 -0.0489617 -0.044782 -0.0401517 -0.0352865 -0.0304838 -0.0260102 -0.0221164 -0.0189937 -0.0166863 -0.0152142 -0.0144756 -0.0143404 -0.0146379 -0.0151793 -0.0158284 -0.0164378 -0.0169086 -0.0171704 -0.0172216 -0.0171046 -0.0168563 -0.016502 -0.0160532 -0.0155512 -0.0150464 -0.014578 -0.0141423 
0 0.000971484 0.00194169 0.00293402 0.00392223 0.00494895 0.00602593 0.00719778 0.00851342 0.00997786 0.0116533 0.0135371 0.0156467 0.0179347 0.0202635 0.0225159 0.0244861 0.0260166 0.0269347 0.0270579 0.0263297 0.0247042 0.0222907 0.019274 0.0158771 0.0124292 0.00918739 0.00642601 0.0043544 0.00309796 0.00274606 0.00327484 0.00460298 0.00658998 0.00905824 0.0117975 0.0146377 0.0173888 0.0199213 0.02214 0.0239516 0.0253373 0.0262555 0.0267143 0.0267117 0.0262811 0.0254154 0.0241645 0.0225488 0.0205733 0.0183027 0.01573 0.0129028 0.00984227 0.00657346 0.00310726 -0.00048931 -0.00424041 -0.00807712 -0.0119577 -0.0158769 -0.0197685 -0.0235955 -0.0273276 -0.0309276 -0.0343228 -0.0375149 -0.0404296 -0.0430627 -0.0453626 -0.047335 -0.0489255 -0.0501387 -0.0509513 -0.0513709 -0.051384 -0.0510304 -0.0503066 -0.0492225 -0.0478303 -0.0461554 -0.0442308 -0.042105 -0.0398306 -0.0374087 -0.0349069 -0.0323607 -0.0298305 -0.027301 -0.0248196 -0.0224153 -0.0201404 -0.0179484 -0.0158906 -0.0139595 -0.012168 -0.0104823 -0.00893198 -0.00745591 -0.00607776 -0.00475451 -0.003479 -0.00220391 -0.000946077 0.000365244 0.00170762 0.00312539 0.00463273 0.00626539 0.00797733 0.00982702 0.0118051 0.0139225 0.0161311 0.0184482 0.0208543 0.0233559 0.0258804 0.0284269 0.0309669 0.0334649 0.0358773 0.0381919 0.0403481 0.0423044 0.0440433 0.0455252 0.0467278 0.0476111 0.0481753 0.0483806 0.0482381 0.0477305 0.0468844 0.045663 0.0441222 0.0422347 0.0400361 0.0375512 0.0348074 0.0318087 0.0286263 0.0252575 0.0217295 0.0181138 0.0143996 0.0106395 0.00685864 0.00308043 -0.000694267 -0.00441726 -0.00811902 -0.0117598 -0.0153543 -0.0189099 -0.0224229 -0.0259155 -0.029398 -0.0328926 -0.0363881 -0.039918 -0.0434402 -0.0469485 -0.0503872 -0.0536654 -0.0566849 -0.0592956 -0.0613325 -0.0626306 -0.0630375 -0.0624253 -0.0607707 -0.0580564 -0.0543998 -0.0499724 -0.044984 -0.0397557 -0.0345516 -0.0297061 -0.0254902 -0.0220734 -0.0195839 -0.0179814 -0.017197 -0.0170825 -0.0174326 -0.0180856 -0.0188407 -0.019561 -0.0201312 -0.0204683 -0.0205855 -0.0204971 -0.0202552 -0.0198863 -0.0194135 -0.0188884 -0.0183482 -0.0178394 -0.0173584 
0 0.00111122 0.00223151 0.00336542 0.00452546 0.00573227 0.00701496 0.00842166 0.00997786 0.0117367 0.0137191 0.0159493 0.0184212 0.0210445 0.0237282 0.0262756 0.0285135 0.0302323 0.0312235 0.0313587 0.0305048 0.0286844 0.0259738 0.0225784 0.0187821 0.0148818 0.0111997 0.0080122 0.00556085 0.00398344 0.00337634 0.00369511 0.0048903 0.00679096 0.0091813 0.0118914 0.014662 0.0173629 0.0198077 0.0218922 0.0235713 0.024781 0.0255026 0.0257524 0.0255373 0.024876 0.0238153 0.0223495 0.0205692 0.0184645 0.0160725 0.0134399 0.0105843 0.00752462 0.00428973 0.000920377 -0.00257702 -0.00616699 -0.00983467 -0.0135363 -0.0172716 -0.0209855 -0.0246657 -0.0282538 -0.0317313 -0.0350741 -0.0382255 -0.0411628 -0.0438803 -0.0463072 -0.0484174 -0.0502375 -0.0516964 -0.0527924 -0.0535377 -0.0539046 -0.0538648 -0.0534721 -0.0527188 -0.0516224 -0.050201 -0.0485064 -0.0465468 -0.0443636 -0.0420181 -0.0395605 -0.0369762 -0.0343294 -0.0316812 -0.0290442 -0.0264359 -0.0238965 -0.0214309 -0.019077 -0.0168432 -0.0147061 -0.0126862 -0.0107954 -0.00898589 -0.007259 -0.00561084 -0.00398853 -0.00238117 -0.000786909 0.000854108 0.00255573 0.00431557 0.00616727 0.00812273 0.0101807 0.0123676 0.0146491 0.0170124 0.019489 0.0220585 0.0246514 0.0272761 0.0299177 0.0325383 0.0350882 0.0375545 0.0398884 0.0420485 0.0439974 0.0457434 0.047209 0.0483734 0.0492437 0.0497918 0.0499794 0.049864 0.0494066 0.048593 0.0474657 0.0460274 0.0442708 0.0422396 0.0399547 0.0374155 0.0346603 0.0317066 0.0285988 0.0253358 0.0219726 0.0185167 0.0149994 0.0114273 0.00782788 0.00421361 0.000607266 -0.00300834 -0.00660604 -0.0101758 -0.0137746 -0.0173572 -0.020967 -0.0246119 -0.0283072 -0.0320699 -0.0359108 -0.0398134 -0.043802 -0.0478121 -0.0517713 -0.055625 -0.0591872 -0.0623404 -0.064859 -0.0665715 -0.0673176 -0.0669486 -0.0654166 -0.0627313 -0.0590057 -0.0544043 -0.0491983 -0.0436704 -0.0381856 -0.0330583 -0.0285764 -0.0249712 -0.0223221 -0.0206645 -0.0198726 -0.0198062 -0.0202676 -0.0210438 -0.0219555 -0.0228146 -0.0235166 -0.0239777 -0.0241914 -0.0241749 -0.0239695 -0.0236161 -0.0231494 -0.0226258 -0.0220734 -0.0215419 -0.0210305 
0 0.00126792 0.00253905 0.00384975 0.00518742 0.00661103 0.00813282 0.00979736 0.0116533 0.0137191 0.0160592 0.0186559 0.0214902 0.0244744 0.0274677 0.0303152 0.0327792 0.0346465 0.0357032 0.0357823 0.0348048 0.0327435 0.0297091 0.0259239 0.0216722 0.0173027 0.0131272 0.00946389 0.00657755 0.00461487 0.00366651 0.00370656 0.00466502 0.00637692 0.0086188 0.0111762 0.0138368 0.0164108 0.0187208 0.0206607 0.0221641 0.0231909 0.0237105 0.0237466 0.023325 0.0224855 0.0212384 0.0196363 0.0177418 0.0155478 0.0131162 0.0104732 0.00765755 0.0046883 0.00158432 -0.00162606 -0.00490286 -0.00827459 -0.0116899 -0.0151101 -0.0185623 -0.0219987 -0.0253985 -0.0287464 -0.0320313 -0.035204 -0.0382486 -0.0411242 -0.0438333 -0.0463089 -0.0485532 -0.0505413 -0.0522308 -0.0535996 -0.0546536 -0.0553532 -0.0557021 -0.0557004 -0.0553255 -0.0545987 -0.0535289 -0.0521421 -0.0504618 -0.0485237 -0.046344 -0.0439808 -0.0414538 -0.0388369 -0.0361356 -0.0333754 -0.030605 -0.0278857 -0.0251754 -0.0225368 -0.0199859 -0.0175206 -0.0151409 -0.0128843 -0.0106857 -0.00857507 -0.00653316 -0.00452294 -0.00251471 -0.000528472 0.00151586 0.00359957 0.00574097 0.00797232 0.0103068 0.0126904 0.0151818 0.0177592 0.0204014 0.0230827 0.0258065 0.0285281 0.0312532 0.0339181 0.0364992 0.0389632 0.0412824 0.0434114 0.0453312 0.0469933 0.0483845 0.0494791 0.0502607 0.0507406 0.050891 0.0507106 0.0502192 0.0494201 0.0483053 0.0469296 0.045276 0.0433774 0.0412401 0.0389027 0.0363813 0.0336979 0.0308645 0.0279395 0.0248928 0.0217526 0.0185699 0.0153194 0.0120216 0.00870232 0.00536199 0.00199138 -0.00139749 -0.00481757 -0.00824777 -0.0117396 -0.0152858 -0.0188946 -0.022604 -0.026438 -0.0304107 -0.0345162 -0.0387729 -0.0431605 -0.0476252 -0.052082 -0.0564366 -0.0605338 -0.0641902 -0.0671802 -0.0693175 -0.0704187 -0.0703185 -0.0689652 -0.066358 -0.0626266 -0.0579499 -0.0525832 -0.0468825 -0.0411954 -0.0358801 -0.0312394 -0.0274894 -0.024777 -0.0230938 -0.0223447 -0.0223764 -0.02297 -0.0239335 -0.0250314 -0.0260875 -0.0269777 -0.0276133 -0.0279923 -0.0280962 -0.0279807 -0.0276863 -0.0272628 -0.0267753 -0.0262373 -0.0257064 -0.0251831 
0 0.00144894 0.00290773 0.00441106 0.00596484 0.00762476 0.00941172 0.0113679 0.0135371 0.0159493 0.0186559 0.021634 0.024839 0.0281644 0.0314671 0.0345703 0.0372277 0.0391973 0.0402513 0.0402327 0.0390579 0.0367144 0.0333164 0.0291 0.0243769 0.0195003 0.0148043 0.0106254 0.00724721 0.00483368 0.00347467 0.00314965 0.00379548 0.00524126 0.00725111 0.00960689 0.0120828 0.0144874 0.0166294 0.0183956 0.0197295 0.0205848 0.0209325 0.0207993 0.0202205 0.0192343 0.0178648 0.0161648 0.0142108 0.0120048 0.00959728 0.00702765 0.00433015 0.00151631 -0.00139514 -0.00436726 -0.00737794 -0.0104454 -0.0135344 -0.0166168 -0.0197218 -0.022817 -0.0258893 -0.0289234 -0.0319221 -0.0348587 -0.0377109 -0.0404592 -0.0431054 -0.045581 -0.0478774 -0.0499885 -0.0518599 -0.0534697 -0.0548193 -0.0558627 -0.0565768 -0.0569685 -0.0570146 -0.0567142 -0.0560611 -0.0550748 -0.0537568 -0.0521303 -0.0502274 -0.048092 -0.0457207 -0.0431821 -0.0405103 -0.037727 -0.0348712 -0.0319958 -0.0290848 -0.0262004 -0.0233623 -0.0205617 -0.0178176 -0.0151663 -0.0125563 -0.0100116 -0.00752663 -0.00506176 -0.00260247 -0.000164403 0.00232142 0.00484426 0.00740283 0.010026 0.0127217 0.0154509 0.0182487 0.0210815 0.0239251 0.026778 0.0296249 0.0324003 0.0351076 0.037706 0.0401602 0.0424329 0.0445046 0.0463305 0.0478925 0.0491665 0.0501554 0.0508262 0.0511759 0.0512271 0.0509637 0.0503885 0.0495465 0.0484331 0.047045 0.045442 0.0436245 0.0416127 0.0394348 0.0371244 0.0346852 0.0321369 0.0294935 0.0267957 0.0240154 0.0211775 0.0183124 0.015397 0.0124319 0.00943994 0.00641793 0.00335105 0.000237107 -0.00292745 -0.00614293 -0.00946951 -0.0129007 -0.0164543 -0.0201702 -0.0240776 -0.0281861 -0.0324927 -0.0370102 -0.0417258 -0.0465674 -0.0514403 -0.0562446 -0.0608023 -0.0649124 -0.0683303 -0.0708565 -0.0722972 -0.0724732 -0.0713183 -0.0688419 -0.0651696 -0.0604847 -0.0550582 -0.0492569 -0.0434622 -0.0380385 -0.0333007 -0.0294883 -0.0267539 -0.0251083 -0.0244498 -0.0246226 -0.0254105 -0.0265992 -0.0279447 -0.0292511 -0.0303872 -0.0312655 -0.0318659 -0.032161 -0.0321951 -0.0320195 -0.0316973 -0.0312919 -0.0308171 -0.0303232 -0.029825 
0 0.00166224 0.00334556 0.00507045 0.00687602 0.00879845 0.0108766 0.0131497 0.0156467 0.0184212 0.0214902 0.024839 0.028394 0.0320247 0.0355995 0.0389017 0.0416973 0.0437107 0.0447011 0.0445349 0.0431063 0.0404379 0.0366363 0.0319482 0.026718 0.0212903 0.0160345 0.0112969 0.00737882 0.00446401 0.00264147 0.00189399 0.00216611 0.00328346 0.00500093 0.00711107 0.00936384 0.0115809 0.0135558 0.015163 0.016357 0.017076 0.0172983 0.0170481 0.0163727 0.0153001 0.0138819 0.0121525 0.0102023 0.00804823 0.0057193 0.0032799 0.000755498 -0.00184366 -0.00450358 -0.00717826 -0.00988113 -0.0126007 -0.0153297 -0.018045 -0.0207661 -0.0234806 -0.0261863 -0.0288695 -0.031539 -0.0341962 -0.0367988 -0.0393569 -0.0418651 -0.0442771 -0.046564 -0.048745 -0.0507451 -0.0525466 -0.0541401 -0.0554928 -0.0565536 -0.057334 -0.0578047 -0.0579428 -0.0577354 -0.0571981 -0.0563156 -0.0550853 -0.0535448 -0.0517167 -0.0495995 -0.0472397 -0.0446886 -0.0419539 -0.0390838 -0.0361151 -0.0330656 -0.0299733 -0.0268753 -0.0237567 -0.0206593 -0.0175978 -0.014556 -0.0115402 -0.00857042 -0.00560162 -0.00264523 0.000299559 0.00326253 0.00625263 0.00924684 0.0122769 0.0153267 0.0183831 0.0214507 0.0245064 0.0275083 0.0304692 0.0333527 0.0361027 0.0387075 0.041148 0.0433714 0.0453495 0.0470766 0.0485206 0.0496594 0.05049 0.0510279 0.0512387 0.0511427 0.0507653 0.0501047 0.0491555 0.0479898 0.0465918 0.0449793 0.0432027 0.0412879 0.0392234 0.0370648 0.0348304 0.0325198 0.0301502 0.0277423 0.0253052 0.0228206 0.0203123 0.0177782 0.0152204 0.0126154 0.00998433 0.00731555 0.00459448 0.00178972 -0.00108034 -0.00404579 -0.00716579 -0.0104292 -0.0138738 -0.0175341 -0.0214481 -0.0256214 -0.0300619 -0.0347626 -0.0397275 -0.0448596 -0.0500589 -0.0552263 -0.0601548 -0.0646416 -0.0684228 -0.0712871 -0.0730293 -0.0734622 -0.0724988 -0.0701652 -0.066577 -0.0619208 -0.0564964 -0.0506595 -0.0448374 -0.039386 -0.0346279 -0.0308326 -0.0281356 -0.0265847 -0.0260641 -0.0264195 -0.0274484 -0.0289016 -0.0305428 -0.0321504 -0.0335905 -0.0347775 -0.0356629 -0.0362219 -0.0364771 -0.0364937 -0.036345 -0.0360876 -0.0357434 -0.0353477 -0.0349334 
0 0.00191545 0.00384436 0.00583942 0.0079076 0.0101211 0.0125047 0.0150896 0.0179347 0.0210445 0.0244744 0.0281644 0.0320247 0.0359392 0.0397076 0.0431687 0.0460245 0.048005 0.0488835 0.0484779 0.0467581 0.0437003 0.0394509 0.0342661 0.0284782 0.0224772 0.0166243 0.0112939 0.00679961 0.00334956 0.00101444 -0.000175931 -0.000318502 0.000435543 0.00185973 0.00368466 0.00573551 0.00775863 0.0095819 0.0110744 0.0121586 0.012796 0.0129587 0.0126605 0.0119527 0.0108899 0.00947374 0.00780864 0.0059296 0.00388059 0.00170392 -0.000558789 -0.00287185 -0.00521701 -0.00758377 -0.00995871 -0.0123057 -0.0146744 -0.0170282 -0.0193624 -0.0216929 -0.0240354 -0.026354 -0.0286814 -0.031023 -0.0333566 -0.0356899 -0.0380197 -0.0403343 -0.042609 -0.0448505 -0.0470113 -0.0490796 -0.0510148 -0.0527999 -0.0543851 -0.0557701 -0.0569039 -0.0577655 -0.0583268 -0.0585816 -0.0584956 -0.0580741 -0.0573092 -0.0561953 -0.0547294 -0.0529458 -0.0508769 -0.0485267 -0.0459149 -0.0431009 -0.0401266 -0.0369938 -0.0337444 -0.0304135 -0.0270194 -0.0235765 -0.0201127 -0.0166213 -0.0131268 -0.00963364 -0.00614158 -0.00264961 0.000826147 0.00430239 0.00776018 0.0111991 0.0146267 0.0180312 0.0213729 0.0246615 0.027888 0.0310111 0.0339905 0.0368115 0.0394543 0.0418814 0.0440548 0.0459517 0.0475684 0.0488752 0.0498713 0.0505523 0.0509243 0.0509715 0.0507313 0.0502055 0.0494202 0.0483791 0.0471283 0.0456696 0.0440497 0.0422843 0.0404106 0.0384427 0.036413 0.0343228 0.0322029 0.0300703 0.0279082 0.0257454 0.0235863 0.0214135 0.0192178 0.0170428 0.0148316 0.0125939 0.0103299 0.0080239 0.00563762 0.00317194 0.000599181 -0.00210745 -0.00497578 -0.00806034 -0.0113471 -0.0149064 -0.0187713 -0.022949 -0.0274368 -0.0322634 -0.0373782 -0.0427148 -0.0481703 -0.0535869 -0.0588193 -0.063581 -0.0676445 -0.0707756 -0.0727466 -0.0733832 -0.0725839 -0.0703728 -0.0668686 -0.0622746 -0.0568685 -0.0510696 -0.045262 -0.0398442 -0.0351422 -0.0313974 -0.0288153 -0.0273832 -0.0270453 -0.0276295 -0.0289196 -0.0306974 -0.0326637 -0.0346307 -0.0364354 -0.0379877 -0.0392395 -0.0401301 -0.0406954 -0.0409883 -0.0410927 -0.0410672 -0.0409227 -0.0407006 -0.0404342 
0 0.00217422 0.00438572 0.00663525 0.00900546 0.0115025 0.0141933 0.0171086 0.0202635 0.0237282 0.0274677 0.0314671 0.0355995 0.0397076 0.0436452 0.0471579 0.0500084 0.0518841 0.0525469 0.0518695 0.049763 0.046281 0.0415444 0.035817 0.0294648 0.0228561 0.0163938 0.0104583 0.00537236 0.00135863 -0.00148323 -0.00315108 -0.00370182 -0.00330323 -0.00219055 -0.000587505 0.00125679 0.00313845 0.00485939 0.0062725 0.00731553 0.00793316 0.00809643 0.00782962 0.00717976 0.00616791 0.00486827 0.00331183 0.00157053 -0.000296964 -0.00228466 -0.00432271 -0.00638294 -0.00846366 -0.0105422 -0.0125835 -0.0146209 -0.0166204 -0.0186032 -0.0205757 -0.0225345 -0.0244991 -0.0264751 -0.0284561 -0.0304492 -0.0324808 -0.0345208 -0.0365945 -0.0386908 -0.0408074 -0.0429016 -0.0449989 -0.0470547 -0.049045 -0.0509457 -0.0527388 -0.0543498 -0.055773 -0.0569892 -0.057946 -0.0586176 -0.0589933 -0.0590364 -0.0587168 -0.0580576 -0.0570444 -0.055667 -0.0539129 -0.0518398 -0.0494623 -0.0468017 -0.0438608 -0.0407128 -0.0373694 -0.0338688 -0.0302158 -0.0264604 -0.0226019 -0.0186857 -0.0147033 -0.0106945 -0.00665851 -0.00263596 0.00138185 0.00535565 0.00930019 0.0131744 0.0169745 0.0206739 0.0242922 0.0277695 0.031086 0.0342124 0.0371581 0.0398631 0.0422929 0.0444216 0.0462676 0.0477875 0.0489697 0.049827 0.0503572 0.0505478 0.0504393 0.0500533 0.0493737 0.0484448 0.0472936 0.0459434 0.0444135 0.0427687 0.041002 0.0391509 0.0372375 0.0353039 0.0333295 0.0313667 0.0294142 0.0274655 0.0255293 0.0236263 0.0217296 0.0198521 0.0179978 0.0161326 0.0142761 0.012387 0.0104603 0.00848912 0.00644242 0.00427834 0.0020139 -0.000418412 -0.00305357 -0.00590546 -0.00902844 -0.0124489 -0.016213 -0.0203366 -0.0248288 -0.029687 -0.0348994 -0.0403651 -0.045976 -0.0515962 -0.0570064 -0.061971 -0.0662222 -0.0695196 -0.0716467 -0.072414 -0.0717223 -0.0696051 -0.0661693 -0.0616193 -0.0562752 -0.0505083 -0.0447653 -0.0394152 -0.0347832 -0.0311615 -0.0286843 -0.0274238 -0.027284 -0.0281073 -0.0297131 -0.0318135 -0.0341734 -0.0365416 -0.0387703 -0.0407743 -0.0424473 -0.0437711 -0.0447225 -0.045381 -0.0458285 -0.0460988 -0.0462397 -0.0462483 -0.0461969 
0 0.00243036 0.00488951 0.00741618 0.0100502 0.0128377 0.015825 0.0190359 0.0225159 0.0262756 0.0303152 0.0345703 0.0389017 0.0431687 0.0471579 0.0506643 0.0533991 0.0550701 0.0554633 0.0544106 0.0518924 0.0479307 0.04268 0.0364116 0.0294734 0.0222689 0.015205 0.0086745 0.00301162 -0.0015387 -0.00489239 -0.00699401 -0.00794706 -0.00789133 -0.00703507 -0.00565701 -0.0039412 -0.0021594 -0.000480526 0.000941935 0.00200911 0.00267541 0.00291877 0.00274694 0.00220471 0.00134493 0.000191187 -0.00116456 -0.0027076 -0.00436284 -0.00610941 -0.00789736 -0.00970276 -0.0115006 -0.0132705 -0.0150197 -0.0167247 -0.0184062 -0.0200581 -0.0216959 -0.0233067 -0.024939 -0.0265595 -0.028216 -0.029907 -0.031627 -0.0333914 -0.0352093 -0.0370537 -0.0389501 -0.0409012 -0.0428614 -0.0448477 -0.0468245 -0.0487654 -0.0506359 -0.0524347 -0.0540942 -0.0555907 -0.0568697 -0.0579286 -0.0586985 -0.0591757 -0.0593317 -0.0591356 -0.0585372 -0.057585 -0.0562525 -0.0545288 -0.0524201 -0.0499635 -0.0471684 -0.0440808 -0.0406979 -0.0370603 -0.0332144 -0.0291823 -0.0249711 -0.0206427 -0.0162108 -0.0117031 -0.00716451 -0.00262318 0.00191122 0.00637511 0.0107544 0.0150353 0.019186 0.0231673 0.0269698 0.030549 0.0339094 0.0370092 0.0397996 0.0422635 0.0444305 0.046237 0.0476821 0.0487662 0.0495071 0.0498867 0.0499506 0.0496933 0.0491497 0.0483145 0.0472567 0.0459908 0.0445467 0.0429516 0.0412635 0.0394671 0.0376248 0.0357669 0.0338879 0.0320185 0.0301769 0.0283526 0.0265613 0.0248267 0.0231165 0.0214657 0.0198411 0.0182529 0.0166763 0.0151229 0.0135561 0.011981 0.010367 0.00870062 0.00694593 0.00508353 0.00308805 0.000906666 -0.00146532 -0.00410742 -0.00702386 -0.0102812 -0.0139168 -0.0179529 -0.0223968 -0.0272646 -0.0324961 -0.0380227 -0.0437318 -0.0494304 -0.0549601 -0.0600136 -0.0643642 -0.0677523 -0.0699404 -0.0707714 -0.0701305 -0.0680525 -0.0646491 -0.0601376 -0.0548248 -0.049124 -0.0434357 -0.0381657 -0.0336379 -0.0301127 -0.0277834 -0.0266666 -0.0267321 -0.0278136 -0.0297154 -0.0321899 -0.0349475 -0.0377755 -0.0404907 -0.0429934 -0.0451825 -0.0469943 -0.0484265 -0.0495294 -0.0503861 -0.0510367 -0.0515092 -0.0518232 -0.0520349 
0 0.00265162 0.00534583 0.00809997 0.010987 0.0140217 0.0172674 0.0207477 0.0244861 0.0285135 0.0327792 0.0372277 0.0416973 0.0460245 0.0500084 0.0533991 0.0559371 0.0573244 0.0573537 0.0558832 0.0528838 0.0484176 0.0426424 0.0358354 0.028348 0.0205877 0.0129736 0.00590756 -0.000276665 -0.00532957 -0.0091348 -0.0116509 -0.0129565 -0.0131961 -0.0125707 -0.0113382 -0.00971935 -0.00797299 -0.00627591 -0.00479092 -0.00362813 -0.00283425 -0.00244217 -0.00243506 -0.00278524 -0.00345492 -0.00438471 -0.00551646 -0.00682315 -0.00822254 -0.00969968 -0.0112099 -0.0127291 -0.0142476 -0.0157322 -0.0171896 -0.0186179 -0.0199991 -0.0213471 -0.0226884 -0.0240032 -0.025329 -0.0266612 -0.0280241 -0.0294151 -0.0308476 -0.0323411 -0.0339012 -0.0355113 -0.0372011 -0.0389525 -0.0407468 -0.0426059 -0.044502 -0.0464145 -0.0483243 -0.050198 -0.0519918 -0.0536891 -0.0552314 -0.0565978 -0.0577263 -0.0585846 -0.0591398 -0.0593668 -0.0592217 -0.0587097 -0.0577713 -0.0564132 -0.0546557 -0.0524827 -0.0498735 -0.0468981 -0.0435516 -0.0398572 -0.0358656 -0.0316071 -0.0270959 -0.0224181 -0.0175866 -0.0126381 -0.00764173 -0.00264121 0.00235062 0.00724788 0.0120319 0.0166681 0.0210952 0.0252816 0.0292332 0.032864 0.0361604 0.0391208 0.0417178 0.043918 0.0457413 0.0471542 0.048186 0.0488447 0.0491369 0.0490715 0.0486929 0.0480052 0.0470646 0.04589 0.0445211 0.0429913 0.0413344 0.0395849 0.037794 0.0359616 0.0341227 0.0323066 0.0305026 0.0287416 0.0270374 0.0253875 0.0237939 0.0222646 0.0207846 0.0193682 0.0179812 0.016647 0.0153409 0.0140378 0.0127365 0.011423 0.0100575 0.00864338 0.00714602 0.00553713 0.0037953 0.0018568 -0.000290528 -0.00271242 -0.0054521 -0.0085482 -0.0120422 -0.0159711 -0.0203382 -0.0251521 -0.0303577 -0.0358812 -0.0416025 -0.0473285 -0.0528655 -0.0579349 -0.0622912 -0.0656699 -0.0678477 -0.0686629 -0.0680187 -0.0659399 -0.0625395 -0.0580404 -0.0527615 -0.0470985 -0.041464 -0.0362595 -0.0318087 -0.028389 -0.0261657 -0.0251963 -0.0254457 -0.0267641 -0.028973 -0.0317952 -0.0349765 -0.0382747 -0.0415049 -0.044557 -0.0472933 -0.0496653 -0.0516324 -0.0532479 -0.0545823 -0.0556606 -0.0565318 -0.0571933 -0.0577191 
0 0.00282725 0.00570476 0.0086421 0.0117255 0.0149557 0.0184003 0.0220841 0.0260166 0.0302323 0.0346465 0.0391973 0.0437107 0.048005 0.0518841 0.0550701 0.0573244 0.0583567 0.0579707 0.0560491 0.0525578 0.0475921 0.041315 0.0340079 0.0260203 0.0177613 0.00966359 0.00213119 -0.00449927 -0.00997893 -0.0141641 -0.017021 -0.0186154 -0.0190918 -0.0186431 -0.0175062 -0.0159285 -0.0141553 -0.0123736 -0.0107505 -0.00941433 -0.00842287 -0.00781225 -0.00756803 -0.00767251 -0.0080968 -0.00875959 -0.00962551 -0.0106615 -0.0117923 -0.0129951 -0.0142312 -0.015478 -0.0167222 -0.0179294 -0.0191112 -0.02028 -0.0213991 -0.0224934 -0.0235825 -0.0246464 -0.0257062 -0.0267769 -0.0278791 -0.0290106 -0.030187 -0.0314319 -0.0327465 -0.0341158 -0.0355845 -0.0371338 -0.0387524 -0.0404559 -0.0422284 -0.0440446 -0.0459041 -0.0477777 -0.049635 -0.0514422 -0.0531503 -0.0547328 -0.0561302 -0.0573026 -0.0582176 -0.0588208 -0.0590633 -0.0589521 -0.0584205 -0.057448 -0.0560403 -0.0541679 -0.0518049 -0.0490096 -0.0457581 -0.0420698 -0.0380067 -0.0336018 -0.0288715 -0.0239181 -0.0187659 -0.0134642 -0.00809621 -0.00271529 0.0026543 0.00790362 0.0130038 0.0179136 0.0225525 0.0268713 0.0308714 0.0344698 0.0376571 0.0404327 0.042765 0.0446442 0.0461133 0.0471444 0.0477639 0.048002 0.0478715 0.0473992 0.0466388 0.0456047 0.0443435 0.0428961 0.0413031 0.0396084 0.0378367 0.0360274 0.0342124 0.0323962 0.0306081 0.028883 0.0271973 0.0255793 0.0240379 0.022565 0.0211586 0.0198287 0.0185651 0.0173631 0.0161932 0.015073 0.0139817 0.0128799 0.0117908 0.010693 0.00954358 0.00834412 0.00706643 0.00567195 0.00413604 0.00240134 0.000448808 -0.00177962 -0.00435267 -0.00729293 -0.0106491 -0.0144652 -0.0187463 -0.0234847 -0.0286277 -0.0340997 -0.0397723 -0.0454538 -0.0509272 -0.0559407 -0.0602325 -0.0635372 -0.0656376 -0.0663757 -0.0656681 -0.0635313 -0.0600863 -0.0555622 -0.0502897 -0.0446467 -0.0390509 -0.0338979 -0.0295114 -0.0261741 -0.0240329 -0.0231777 -0.0235747 -0.0250932 -0.0275654 -0.0307052 -0.0342822 -0.0380378 -0.0417822 -0.0453848 -0.0486867 -0.0516381 -0.0541746 -0.05634 -0.0581884 -0.0597384 -0.0610458 -0.0621017 -0.06298 
0 0.00293757 0.00591075 0.00897811 0.0121642 0.0155236 0.0190871 0.0228778 0.0269347 0.0312235 0.0357032 0.0402513 0.0447011 0.0488835 0.0525469 0.0554633 0.0573537 0.0579707 0.0571433 0.0547389 0.0507711 0.0453226 0.0385877 0.0308473 0.0224373 0.0137705 0.00528776 -0.00261562 -0.00960128 -0.015408 -0.0199039 -0.0230075 -0.0248179 -0.0254583 -0.0250982 -0.0240026 -0.0223857 -0.0205268 -0.0186043 -0.0167848 -0.0152168 -0.0139764 -0.0130813 -0.0125434 -0.012359 -0.0124747 -0.0128569 -0.0134263 -0.0141771 -0.0150394 -0.0159661 -0.0169295 -0.0179259 -0.0189155 -0.019869 -0.020825 -0.0217489 -0.022645 -0.0235158 -0.0243847 -0.0252321 -0.0260893 -0.0269386 -0.0278259 -0.0287439 -0.0296868 -0.0307056 -0.0317998 -0.0329495 -0.0341924 -0.03555 -0.036968 -0.0384905 -0.040106 -0.041799 -0.0435375 -0.0453479 -0.047177 -0.0489959 -0.0507656 -0.0524812 -0.0540462 -0.0554348 -0.0566215 -0.0575344 -0.0581019 -0.0583357 -0.0581703 -0.057553 -0.0564768 -0.0549072 -0.0528195 -0.0502349 -0.0471336 -0.0435243 -0.0394798 -0.0350169 -0.0301745 -0.0250457 -0.0196844 -0.0141356 -0.00850883 -0.00285387 0.00277458 0.00827217 0.013575 0.0186464 0.0233894 0.027755 0.0317145 0.0352078 0.0382288 0.0407809 0.0428222 0.0443742 0.0454962 0.0461571 0.0463862 0.0462465 0.0457628 0.0449421 0.0438718 0.0425764 0.0410971 0.0394652 0.0377622 0.0359878 0.0341789 0.0323721 0.0306106 0.0288538 0.0271715 0.0255718 0.0240272 0.0225598 0.021203 0.0199077 0.0186832 0.0175511 0.0164694 0.0154442 0.014456 0.013515 0.0125885 0.0116755 0.0107506 0.00983108 0.00886018 0.00782896 0.00672442 0.00551252 0.00413643 0.00256428 0.000780126 -0.00131371 -0.00373981 -0.00655524 -0.00979156 -0.0134953 -0.0176813 -0.0223352 -0.0273888 -0.0327855 -0.0383868 -0.0439684 -0.0493501 -0.0542414 -0.0584099 -0.0615832 -0.0635352 -0.0641484 -0.0633254 -0.0610903 -0.0575696 -0.0530007 -0.0477062 -0.0420742 -0.0364886 -0.0313607 -0.0270177 -0.0237065 -0.0216194 -0.0208118 -0.0213025 -0.0229664 -0.0256171 -0.0290291 -0.0329254 -0.0370959 -0.041318 -0.0454298 -0.0492983 -0.0528093 -0.0559322 -0.0586581 -0.0610263 -0.0630726 -0.0648125 -0.0662845 -0.0675164 
