0 0 0 0 0 0 0 0 0 0 0 0 0 0 0 0 0 0 0 0 0 0 0 0 0 0 0 0 0 0 0 0 0 0 0 0 0 0 0 0 0 0 0 0 0 0 0 0 0 0 0 0 0 0 0 0 0 0 0 0 0 0 0 0 0 0 0 0 0 0 0 0 0 0 0 0 0 0 0 0 0 0 0 0 0 0 0 0 0 0 0 0 0 0 0 0 0 0 0 0 0 0 0 0 0 0 0 0 0 0 0 0 0 0 0 0 0 0 0 0 0 0 0 0 0 0 0 0 0 0 0 0 0 0 0 0 0 0 0 0 0 0 0 0 0 0 0 0 0 0 0 0 0 0 0 0 0 0 0 0 0 0 0 0 0 0 0 0 0 0 0 0 0 0 0 0 0 0 0 0 0 0 0 0 0 0 0 0 0 0 0 0 0 0 0 0 0 0 0 0 
0 1.51255e-05 2.00413e-05 3.10031e-05 4.04848e-05 5.83284e-05 6.21225e-05 5.98673e-05 6.58738e-05 6.94637e-05 8.16981e-05 8.22905e-05 9.18443e-05 0.000103785 0.000111427 0.000128333 0.000137216 0.000157817 0.000171044 0.000187978 0.000206275 0.000207581 0.000205799 0.000196082 0.000194563 0.00018244 0.000161726 0.000141621 0.000130236 0.000123544 0.000120114 0.000132998 0.000150826 0.000188929 0.000238629 0.000314515 0.000405267 0.000504583 0.000638962 0.000802485 0.000998143 0.00122481 0.00147141 0.00171966 0.0019511 0.00213643 0.00226739 0.00229525 0.00220649 0.00200641 0.00167359 0.00124441 0.000748227 0.000216479 -0.000306408 -0.00078225 -0.00117794 -0.00146066 -0.00162592 -0.00165224 -0.00154767 -0.00133472 -0.00101264 -0.000606419 -0.000138395 0.000387059 0.000961434 0.00156378 0.00219709 0.00285701 0.0035267 0.00419908 0.00487797 0.00553416 0.00616062 0.00676147 0.00730749 0.00779614 0.00823526 0.00859392 0.00886436 0.00904961 0.00911384 0.00905641 0.00888734 0.00859586 0.0081933 0.007709 0.00714549 0.00652446 0.00587769 0.0052206 0.00455239 0.00389103 0.00325528 0.0026519 0.00208058 0.00155882 0.00109238 0.000670471 0.000275075 -9.97388e-05 -0.000468535 -0.000856561 -0.00128644 -0.0017557 -0.00226768 -0.00283031 -0.00344025 -0.00407447 -0.00473042 -0.00541149 -0.00609872 -0.00676534 -0.00740984 -0.00800264 -0.00851494 -0.00894394 -0.00926938 -0.0094663 -0.00955305 -0.00952448 -0.00938105 -0.00915455 -0.00885217 -0.00847841 -0.00806445 -0.00761718 -0.00714545 -0.00668066 -0.00623407 -0.00581714 -0.00544919 -0.00514339 -0.00489094 -0.00469857 -0.00456203 -0.00445323 -0.00435246 -0.00424788 -0.00409057 -0.00386683 -0.00356979 -0.00317447 -0.00269814 -0.00215511 -0.00156387 -0.000958754 -0.000369015 0.000169754 0.000618417 0.000972319 0.00119275 0.00128982 0.00128852 0.00119236 0.00104138 0.000863685 0.000678096 0.000500613 0.000348029 0.000228025 0.000148178 8.74662e-05 5.50604e-05 3.59521e-05 1.52643e-05 4.49464e-06 -3.66437e-06 -9.03971e-06 -2.93913e-05 -5.38446e-05 -8.35051e-05 -0.000112744 -0.000147204 -0.000178405 -0.0002069 -0.000245316 -0.000269923 -0.00029259 -0.000301973 -0.000318811 -0.000334816 -0.000332198 -0.000331126 -0.000323418 -0.000326269 -0.000320821 -0.000310819 -0.000306527 -0.000299289 -0.000298151 -0.000291255 -0.000288747 -0.000288113 -0.000286965 -0.000290362 -0.000291024 -0.000294048 -0.000293348 
0 2.00413e-05 3.29884e-05 3.53677e-05 6.29192e-05 8.70345e-05 0.000100702 0.000108205 0.000116748 0.000148227 0.000164478 0.00018282 0.000204611 0.000224826 0.000257861 0.000272562 0.000304098 0.000327775 0.000345128 0.000377184 0.000386958 0.000398896 0.000377778 0.000363202 0.000362924 0.000336862 0.000311205 0.00027603 0.000264029 0.000261006 0.000260831 0.00028397 0.000328199 0.000386257 0.000490867 0.000633325 0.000805917 0.00102279 0.00127843 0.00162655 0.00201724 0.00247144 0.00296736 0.00345551 0.00390618 0.0042748 0.00452 0.00456592 0.00439565 0.00397351 0.00332738 0.00246572 0.00148243 0.000436834 -0.000596588 -0.00154206 -0.00231536 -0.00288826 -0.00322483 -0.00327123 -0.00308285 -0.00264161 -0.0019886 -0.00116249 -0.000209668 0.000867267 0.00200411 0.00322403 0.00448105 0.00578367 0.00711248 0.00844235 0.00976223 0.011058 0.0122917 0.0134619 0.0145524 0.0155169 0.0163652 0.0170527 0.01757 0.017888 0.0180075 0.0178924 0.017562 0.016992 0.0162345 0.0152834 0.0142025 0.0130131 0.011758 0.0104359 0.00913312 0.00784283 0.00659434 0.0053921 0.00429226 0.0032608 0.00231371 0.00143102 0.000632038 -0.000153821 -0.000939592 -0.00176598 -0.00262304 -0.003574 -0.00460545 -0.00572374 -0.00690039 -0.00817508 -0.00948888 -0.0108336 -0.012167 -0.0134888 -0.0147317 -0.0158843 -0.0168813 -0.0177151 -0.0183235 -0.0187247 -0.0189012 -0.0188601 -0.0186058 -0.0181897 -0.0175909 -0.01687 -0.0160615 -0.0151743 -0.0142592 -0.0133566 -0.0124763 -0.0116641 -0.0109557 -0.0103421 -0.00986551 -0.00948698 -0.00921365 -0.00899086 -0.008786 -0.00854133 -0.00822811 -0.00776199 -0.0071612 -0.00638181 -0.00543099 -0.00434896 -0.00317867 -0.00196439 -0.00077939 0.000288085 0.00121059 0.00190858 0.00236524 0.00257044 0.00257206 0.00238947 0.0020978 0.00173519 0.00136855 0.00101045 0.000690151 0.000464631 0.000286042 0.000181486 0.000118999 8.30298e-05 5.54856e-05 2.84852e-05 1.11039e-05 -7.29557e-06 -5.97196e-05 -0.000120871 -0.000182086 -0.00025859 -0.000316165 -0.000386867 -0.000439085 -0.000501441 -0.000559745 -0.000578758 -0.00060713 -0.000624263 -0.000649301 -0.000650503 -0.000632906 -0.000634727 -0.000630641 -0.000629684 -0.000616456 -0.000606257 -0.000607562 -0.000600882 -0.000599538 -0.000594643 -0.000592809 -0.000593371 -0.000589686 -0.000592015 -0.000588198 -0.000585748 
0 3.10031e-05 3.53677e-05 5.16636e-05 7.16983e-05 0.000115636 0.000134996 0.000146245 0.000180759 0.000214025 0.000261739 0.000281598 0.000319236 0.000362227 0.000394584 0.00043956 0.000461719 0.000500159 0.000517479 0.000542066 0.000569342 0.000563279 0.000550992 0.000528002 0.00052765 0.000503295 0.000460076 0.000418926 0.000402732 0.000399738 0.000404495 0.000446668 0.000502189 0.000606345 0.000747688 0.000961293 0.00122526 0.00153065 0.00193881 0.00244369 0.00304397 0.00373161 0.00447136 0.00520557 0.00587869 0.00641068 0.00676689 0.00682393 0.00654292 0.00593075 0.00494866 0.00368619 0.00223189 0.000678948 -0.000851898 -0.00224897 -0.0034142 -0.00425683 -0.0047488 -0.00482895 -0.00451563 -0.00385729 -0.00286453 -0.00160702 -0.000153273 0.00146841 0.00321885 0.0050394 0.00692271 0.00885501 0.0107976 0.0127337 0.0146749 0.0165563 0.0183571 0.0200781 0.0216445 0.0230331 0.0242514 0.0252219 0.0259261 0.0263729 0.0264956 0.0262985 0.0258128 0.0250164 0.0239341 0.0226217 0.0210848 0.0193699 0.0175539 0.015683 0.0137772 0.0118899 0.0100736 0.00834454 0.00669953 0.00516405 0.00374048 0.00239733 0.00109765 -0.000168003 -0.00142004 -0.00270603 -0.00407055 -0.00551422 -0.00705164 -0.00871149 -0.0104922 -0.0123489 -0.0142668 -0.0162393 -0.018207 -0.0200991 -0.0218969 -0.0235323 -0.0249413 -0.0261212 -0.0270257 -0.0276039 -0.0278892 -0.0278645 -0.0275246 -0.0269386 -0.0261191 -0.0250874 -0.0239236 -0.022657 -0.021325 -0.0200138 -0.0187572 -0.0175916 -0.0165649 -0.0157041 -0.0149906 -0.0144326 -0.0140138 -0.0136621 -0.0133238 -0.0129581 -0.0124472 -0.0117448 -0.0108304 -0.00964269 -0.00821939 -0.00660042 -0.00484064 -0.00303094 -0.00126153 0.000362404 0.0017335 0.00281555 0.00351068 0.00383674 0.00385635 0.00359102 0.00315077 0.00261824 0.0020573 0.00151768 0.00105144 0.000688468 0.000443046 0.000269334 0.000178478 0.000127485 7.50482e-05 4.15121e-05 9.2428e-06 -2.41966e-05 -0.000100632 -0.000191116 -0.000292322 -0.000391251 -0.000494462 -0.000586521 -0.000667595 -0.000766637 -0.00083022 -0.000878461 -0.000894856 -0.000926425 -0.000957452 -0.000948085 -0.000942919 -0.000930448 -0.000943863 -0.000939874 -0.000924414 -0.00092077 -0.000912205 -0.00091567 -0.000905598 -0.00090222 -0.000899411 -0.000892921 -0.000894138 -0.000887888 -0.000886308 -0.000879001 
0 4.04848e-05 6.29192e-05 7.16983e-05 0.00011242 0.000155742 0.000186413 0.000210261 0.000242238 0.000301095 0.00034043 0.000375256 0.000417298 0.000463842 0.000524882 0.00056544 0.000617296 0.000657141 0.000683834 0.000725691 0.000743317 0.000754745 0.000726261 0.000703572 0.00069997 0.000661332 0.000615108 0.000562655 0.000546671 0.000551066 0.000565556 0.000618009 0.000705867 0.000828593 0.00102827 0.0013042 0.0016468 0.0020741 0.00259891 0.00328399 0.00407346 0.00497887 0.00595706 0.00692249 0.00780542 0.00851969 0.00898089 0.00905739 0.00870212 0.00786923 0.00659057 0.00491339 0.00299195 0.000952675 -0.00105855 -0.00289435 -0.00440314 -0.00550906 -0.00614189 -0.00621915 -0.00580301 -0.00489117 -0.0035464 -0.00184828 0.000114451 0.00230591 0.00462401 0.00706137 0.00954932 0.0120821 0.0146241 0.0171404 0.0196181 0.0220289 0.0243222 0.0264873 0.0284814 0.0302342 0.0317407 0.0329297 0.0337825 0.0342713 0.0343953 0.0341271 0.0334997 0.0324908 0.0311621 0.0295146 0.0276188 0.0255085 0.0232486 0.0208609 0.0184624 0.0160725 0.0137418 0.0114832 0.00935588 0.00731646 0.00536987 0.00348786 0.00168839 -0.000104442 -0.00190086 -0.0037401 -0.00561452 -0.00759734 -0.00968424 -0.0118933 -0.0141995 -0.016639 -0.0191356 -0.02166 -0.0241397 -0.0265462 -0.0287902 -0.0308413 -0.0326166 -0.0341043 -0.0352286 -0.0359979 -0.03639 -0.0364007 -0.0360292 -0.0353392 -0.0343164 -0.0330443 -0.031593 -0.029998 -0.0283438 -0.0267071 -0.0251192 -0.0236481 -0.0223494 -0.0212218 -0.0203094 -0.0195687 -0.0189955 -0.0185052 -0.0180334 -0.0174881 -0.0167925 -0.0158237 -0.0145808 -0.0129976 -0.0110879 -0.00892049 -0.00657538 -0.00414949 -0.00178133 0.000373047 0.00222658 0.00365199 0.00459542 0.0050466 0.00508125 0.0047517 0.00418853 0.00348505 0.00275306 0.00203918 0.00140623 0.000934679 0.00057796 0.000354331 0.00022161 0.000142793 8.1929e-05 2.78439e-05 -1.2539e-05 -5.91213e-05 -0.000157251 -0.00027324 -0.0003937 -0.000529864 -0.000645293 -0.000770696 -0.000875106 -0.000992541 -0.00109491 -0.00114216 -0.00118929 -0.00122612 -0.00126873 -0.00127446 -0.00125555 -0.00125875 -0.00125929 -0.00125802 -0.00123876 -0.0012234 -0.00122266 -0.00121475 -0.00121169 -0.00120444 -0.00119895 -0.00119549 -0.00118916 -0.0011901 -0.00118252 -0.00117637 
0 5.83284e-05 8.70345e-05 0.000115636 0.000155742 0.000213572 0.000250019 0.000276211 0.000322088 0.000374747 0.00042845 0.000460628 0.000508515 0.000569344 0.000630331 0.000695154 0.000746485 0.000802565 0.000841787 0.000886961 0.000925582 0.000931922 0.000915502 0.000889914 0.000879223 0.000838611 0.00077659 0.000718154 0.000696388 0.000700719 0.000724821 0.00079686 0.000905257 0.00107854 0.00132598 0.00167437 0.0021081 0.00263002 0.00329687 0.00412802 0.00511077 0.00623081 0.00743575 0.00863398 0.00973159 0.0106117 0.0111795 0.011275 0.0108235 0.00980546 0.00821327 0.00615428 0.00378319 0.00126578 -0.00121051 -0.00345885 -0.00531341 -0.00664458 -0.00738014 -0.00744517 -0.00686753 -0.0056986 -0.00399035 -0.00184473 0.000632328 0.00337229 0.00629339 0.0093192 0.0124043 0.0155163 0.0186052 0.0216382 0.024613 0.027469 0.0301722 0.0327079 0.0350042 0.0370136 0.0387265 0.0400643 0.0410015 0.0415352 0.0416244 0.041272 0.0405151 0.0393466 0.0378029 0.0359302 0.0337564 0.0313299 0.028728 0.0260031 0.0232048 0.0203883 0.0176109 0.0148936 0.0122483 0.00968724 0.00721055 0.00478972 0.00240125 2.72533e-05 -0.00234571 -0.00475558 -0.00723324 -0.0097914 -0.0124404 -0.0152032 -0.0180704 -0.0210098 -0.023987 -0.0269749 -0.0299022 -0.0326988 -0.0353177 -0.0376931 -0.0397571 -0.0414942 -0.0428469 -0.043773 -0.044279 -0.0443444 -0.0439647 -0.0432047 -0.0420816 -0.0406486 -0.0389987 -0.0371873 -0.0352842 -0.033392 -0.0315604 -0.0298479 -0.0283139 -0.0269865 -0.0258663 -0.024952 -0.0242176 -0.0235768 -0.0229482 -0.0222433 -0.0213226 -0.0200893 -0.0184987 -0.0164834 -0.0140768 -0.0113489 -0.00839941 -0.00536506 -0.00240671 0.000303334 0.00261255 0.00441737 0.00561074 0.00620192 0.00627123 0.00588782 0.00520499 0.00435426 0.00344868 0.00256866 0.0017952 0.00118523 0.00074357 0.000437397 0.000253289 0.000137408 4.20699e-05 -2.6081e-05 -8.01953e-05 -0.000135617 -0.000237696 -0.000361822 -0.000499408 -0.000643557 -0.000788738 -0.000929777 -0.00106342 -0.00121182 -0.00132807 -0.00140978 -0.00146372 -0.00152502 -0.00158101 -0.00159192 -0.001589 -0.00158302 -0.00159125 -0.00158226 -0.0015582 -0.00154189 -0.00152823 -0.00152225 -0.00150899 -0.00150022 -0.00149266 -0.00148414 -0.00148317 -0.00148181 -0.00148153 -0.00147746 
0 6.21225e-05 0.000100702 0.000134996 0.000186413 0.000250019 0.000297849 0.000336074 0.000389784 0.000455846 0.000517167 0.000564975 0.000622412 0.0006927 0.000765718 0.00083484 0.000895537 0.000952498 0.000998219 0.00104525 0.00108085 0.0010869 0.00106612 0.0010396 0.00102228 0.000981791 0.000922762 0.000872301 0.000859085 0.000878055 0.000922722 0.00101361 0.0011531 0.00136156 0.00166257 0.00207439 0.00259125 0.00322453 0.0040219 0.00501255 0.00618298 0.00751001 0.00893327 0.0103489 0.0116415 0.0126821 0.0133374 0.0134445 0.012907 0.0116903 0.00981019 0.00737964 0.00458145 0.00161978 -0.00128661 -0.00391705 -0.00607314 -0.00760913 -0.00842499 -0.00844926 -0.00770561 -0.00624812 -0.00415359 -0.00154225 0.00146247 0.00476276 0.00825578 0.0118578 0.015505 0.0191518 0.0227458 0.0262459 0.0296309 0.0328514 0.0358675 0.0386553 0.041158 0.0433277 0.045142 0.0465446 0.0475094 0.0480277 0.0480783 0.0476614 0.0468013 0.0455051 0.0438114 0.041764 0.0394067 0.0367891 0.0339696 0.030994 0.0279162 0.0247786 0.0216209 0.0184688 0.0153473 0.0122649 0.00922473 0.00621954 0.00324084 0.000262208 -0.00273516 -0.00577368 -0.00886988 -0.012039 -0.015281 -0.018595 -0.0219645 -0.0253671 -0.0287642 -0.0321188 -0.0353743 -0.0384767 -0.0413731 -0.0440036 -0.046305 -0.0482422 -0.0497614 -0.0508301 -0.0514408 -0.0515777 -0.0512445 -0.0504874 -0.0493309 -0.0478365 -0.0460898 -0.044155 -0.0421141 -0.0400617 -0.0380585 -0.0361718 -0.0344634 -0.0329644 -0.0316873 -0.0306236 -0.0297389 -0.0289472 -0.0281522 -0.0272439 -0.0260822 -0.0245516 -0.0225899 -0.0201401 -0.0172259 -0.0139324 -0.0103801 -0.00672804 -0.00317097 8.92185e-05 0.00287844 0.00505673 0.00652199 0.00727558 0.007397 0.00698808 0.0062107 0.00522234 0.00415728 0.00311565 0.00219229 0.00145445 0.000907213 0.000528324 0.000288286 0.000131298 1.12504e-05 -7.95635e-05 -0.000149135 -0.000222495 -0.000336233 -0.000475726 -0.000630355 -0.000793443 -0.00095651 -0.0011163 -0.00127183 -0.00143359 -0.00156766 -0.00166135 -0.00173252 -0.00180609 -0.00187108 -0.00189601 -0.00189722 -0.00189701 -0.00190177 -0.00189337 -0.00187167 -0.00185388 -0.0018427 -0.0018341 -0.00182225 -0.00181112 -0.00180191 -0.00179437 -0.00179098 -0.00178987 -0.00178561 -0.00177922 
0 5.98673e-05 0.000108205 0.000146245 0.000210261 0.000276211 0.000336074 0.000389917 0.000451833 0.000536622 0.000608159 0.000679955 0.000751129 0.000830449 0.000916483 0.00098362 0.00105164 0.00110143 0.00114702 0.00118951 0.00121234 0.00121727 0.00119129 0.0011688 0.00114907 0.00111524 0.00107 0.00103638 0.00103874 0.00107831 0.00115026 0.00126294 0.00143777 0.0016794 0.00203291 0.00250208 0.00309619 0.00384269 0.00476876 0.00592269 0.00728264 0.00881806 0.0104575 0.0120834 0.0135586 0.0147443 0.015466 0.0155683 0.0149394 0.0135242 0.0113756 0.00860097 0.00541178 0.00204509 -0.00125206 -0.00422854 -0.00665224 -0.00836397 -0.00923166 -0.00918892 -0.00825861 -0.00649039 -0.00399458 -0.00090631 0.00263157 0.00649184 0.0105413 0.0146954 0.0188633 0.022988 0.0270187 0.0309105 0.0346201 0.0381168 0.041352 0.0442878 0.0468918 0.0491182 0.050937 0.0523237 0.0532571 0.0537168 0.0537099 0.0532303 0.0522919 0.0509149 0.0491411 0.0469972 0.0445428 0.0418231 0.0388808 0.0357465 0.0324784 0.0290972 0.0256273 0.0220931 0.0185348 0.0149534 0.0113612 0.00776497 0.00417611 0.000565151 -0.00307994 -0.00676812 -0.0104932 -0.014274 -0.0180946 -0.0219337 -0.0257621 -0.0295726 -0.0333194 -0.0369664 -0.0404726 -0.0438049 -0.0468973 -0.0497063 -0.0521762 -0.0542587 -0.0559039 -0.0570981 -0.0578123 -0.0580428 -0.0578036 -0.05712 -0.0560189 -0.0545678 -0.0528296 -0.0508732 -0.0487923 -0.0466685 -0.0445775 -0.0425966 -0.0407872 -0.0391769 -0.0377939 -0.0366128 -0.0355931 -0.0346507 -0.0336784 -0.0325413 -0.0311134 -0.0292569 -0.0268975 -0.0239949 -0.0205615 -0.016697 -0.012542 -0.00827295 -0.00411472 -0.000298549 0.00298811 0.00555748 0.0073226 0.0082672 0.00846559 0.00805423 0.00720005 0.00608372 0.00486627 0.00366753 0.00259464 0.00173012 0.00107131 0.000618679 0.000317102 0.000114448 -3.11061e-05 -0.000148305 -0.000236889 -0.000332982 -0.000459721 -0.000615239 -0.000784849 -0.000965878 -0.00114072 -0.00131593 -0.00148797 -0.00165419 -0.00180222 -0.00190102 -0.00198897 -0.00206851 -0.00213837 -0.00217943 -0.00218643 -0.00219944 -0.00220359 -0.00220292 -0.0021897 -0.00217324 -0.00216772 -0.00215549 -0.00214668 -0.00213162 -0.00211812 -0.00210984 -0.00210135 -0.0021003 -0.0020914 -0.00208383 
0 6.58738e-05 0.000116748 0.000180759 0.000242238 0.000322088 0.000389784 0.000451833 0.000532576 0.000609984 0.000704591 0.000782801 0.000865316 0.000957864 0.00103615 0.00112341 0.00118122 0.00123812 0.00128686 0.00131735 0.00134823 0.00133858 0.00132728 0.00130826 0.00128652 0.00126757 0.00123164 0.00121877 0.00123684 0.00129408 0.0013943 0.00153848 0.00173803 0.00203283 0.00242716 0.00295738 0.0036362 0.00447845 0.00555232 0.00685039 0.00840089 0.0101399 0.0119833 0.013811 0.0154671 0.016779 0.0175662 0.0176635 0.0169312 0.0153497 0.0129334 0.00985203 0.00630651 0.00256779 -0.00108069 -0.00435231 -0.00701677 -0.00885465 -0.00973205 -0.00960392 -0.00844243 -0.0063568 -0.00345258 0.0001115 0.00417297 0.008556 0.013154 0.0178051 0.0224481 0.0269947 0.0313851 0.035576 0.0395325 0.0431968 0.0465459 0.0495413 0.0521368 0.0543241 0.0560741 0.0573767 0.0582112 0.0585939 0.0584969 0.0579469 0.0569505 0.0555474 0.0537372 0.0515916 0.0491145 0.0463554 0.0433463 0.040146 0.0367304 0.0331542 0.0294339 0.0256029 0.0216403 0.0176066 0.0135088 0.0093626 0.00513715 0.000885553 -0.00340018 -0.00771051 -0.0120702 -0.0164204 -0.0207611 -0.0250658 -0.0293301 -0.0334763 -0.0375133 -0.041403 -0.0451198 -0.0485975 -0.0518314 -0.0547453 -0.0573158 -0.0594902 -0.0612529 -0.0625454 -0.0633784 -0.0637357 -0.0636314 -0.0630762 -0.0621273 -0.0608024 -0.0591692 -0.0573079 -0.0552807 -0.053182 -0.051105 -0.0491128 -0.0472653 -0.045625 -0.044166 -0.0429076 -0.0417753 -0.0406901 -0.0395299 -0.0381711 -0.0364387 -0.034244 -0.0314639 -0.0280759 -0.0241133 -0.0196645 -0.0148916 -0.0100066 -0.00524695 -0.000853798 0.0029167 0.0059093 0.00798318 0.00914068 0.00944634 0.00905405 0.00814367 0.00692642 0.00556432 0.00421825 0.00301184 0.00199827 0.00124205 0.000689613 0.000319689 6.71974e-05 -0.000119464 -0.000254156 -0.000366885 -0.000481657 -0.000612616 -0.000774175 -0.000954936 -0.00113175 -0.00132269 -0.00149617 -0.00168211 -0.00185908 -0.00200485 -0.00213596 -0.00222732 -0.00232704 -0.00240394 -0.00245318 -0.00248839 -0.00249844 -0.00251946 -0.00251982 -0.00251266 -0.00250398 -0.00248641 -0.00248079 -0.00246329 -0.00245033 -0.00243641 -0.0024219 -0.00241884 -0.00240793 -0.00240324 -0.00239272 
0 6.94637e-05 0.000148227 0.000214025 0.000301095 0.000374747 0.000455846 0.000536622 0.000609984 0.000706748 0.000788008 0.000885375 0.000969431 0.00105408 0.00114971 0.0012219 0.00130223 0.00135343 0.00140952 0.00145128 0.00146822 0.00147741 0.00146414 0.00145793 0.00143785 0.00142315 0.00140727 0.00141388 0.00144679 0.00152802 0.00166029 0.00182787 0.00207928 0.00240376 0.00286525 0.00345475 0.00420974 0.00517984 0.0063702 0.00783193 0.00955164 0.0114757 0.0135106 0.0155233 0.0173356 0.0187839 0.0196259 0.0197197 0.0189216 0.0171569 0.0145225 0.0111431 0.00726825 0.00319723 -0.000757437 -0.00429182 -0.00712058 -0.0090473 -0.00989468 -0.00962015 -0.0082306 -0.0057983 -0.00248376 0.00153878 0.00609006 0.0109829 0.0160418 0.0211595 0.0262137 0.0311127 0.0358001 0.0402275 0.0443112 0.0480537 0.0514125 0.0543431 0.0568574 0.05894 0.0605452 0.0617087 0.062419 0.0626574 0.0624678 0.0618584 0.0608217 0.0594007 0.0576212 0.0554874 0.0530443 0.0503185 0.0473088 0.0440277 0.0405271 0.0368159 0.0328898 0.0287788 0.0245224 0.0201034 0.0155304 0.0108412 0.00607754 0.00123734 -0.00366748 -0.00859025 -0.0134791 -0.0183423 -0.0231553 -0.027868 -0.0324563 -0.036923 -0.0412205 -0.0453019 -0.0491513 -0.0527536 -0.0560539 -0.0590357 -0.0616778 -0.0639209 -0.0657498 -0.0671671 -0.0681269 -0.0686358 -0.0687207 -0.0683583 -0.0675949 -0.066484 -0.0650524 -0.0633707 -0.0615306 -0.0595732 -0.0575991 -0.0556841 -0.0538845 -0.0522379 -0.0507832 -0.0494774 -0.0482653 -0.0470635 -0.0457397 -0.0441306 -0.0421174 -0.0395527 -0.0363322 -0.032456 -0.0279297 -0.0228778 -0.0174778 -0.0119548 -0.00657876 -0.00162944 0.00266144 0.00605069 0.00846137 0.00985382 0.0102876 0.00995701 0.00903019 0.0077319 0.0062603 0.00478352 0.00343073 0.00229739 0.00139978 0.000760214 0.000300501 -2.06006e-05 -0.000236484 -0.000409236 -0.000535896 -0.00066795 -0.000799904 -0.000959713 -0.00113347 -0.00131372 -0.00149076 -0.00167225 -0.00186301 -0.00203562 -0.00220801 -0.00234263 -0.00247436 -0.00257987 -0.00266612 -0.00274138 -0.00277651 -0.00281458 -0.00282583 -0.00283861 -0.00283801 -0.00282157 -0.00281479 -0.00279406 -0.00278596 -0.0027685 -0.00275338 -0.00274529 -0.00273095 -0.00272704 -0.00271425 -0.00270793 
0 8.16981e-05 0.000164478 0.000261739 0.00034043 0.00042845 0.000517167 0.000608159 0.000704591 0.000788008 0.00089106 0.000987042 0.00107897 0.00117149 0.00125167 0.0013427 0.00140709 0.00146536 0.0015214 0.00155271 0.00158179 0.00158215 0.00159103 0.00159414 0.00158037 0.00158584 0.00159103 0.00162364 0.00168 0.00178077 0.00194393 0.00215407 0.00243674 0.00283071 0.00334318 0.00400627 0.00485542 0.00592372 0.00726023 0.00885587 0.0107449 0.0128494 0.0150629 0.0172478 0.0192205 0.0207693 0.0216661 0.02175 0.0208578 0.0189586 0.0161002 0.0124735 0.00831629 0.00395337 -0.000265824 -0.0039975 -0.00697135 -0.00892213 -0.00968807 -0.00924988 -0.00757603 -0.00480419 -0.00109414 0.00336331 0.00837027 0.0137004 0.0192141 0.0247216 0.0301313 0.0353191 0.0402144 0.0447661 0.0489176 0.0526358 0.0559164 0.0587274 0.0610667 0.0629583 0.0643785 0.0653619 0.0659012 0.066019 0.0657141 0.0650232 0.0639478 0.0625399 0.0607786 0.0587111 0.0563146 0.0536122 0.0506049 0.0473353 0.043764 0.0399369 0.0358562 0.0315534 0.0269935 0.0222346 0.017292 0.012189 0.00690865 0.00155484 -0.00384283 -0.00923979 -0.0146265 -0.0199193 -0.0251094 -0.0301581 -0.0350655 -0.0397535 -0.0442349 -0.0484708 -0.0524479 -0.0561119 -0.059476 -0.0624904 -0.0651692 -0.0674716 -0.0694089 -0.0709336 -0.0720473 -0.0727393 -0.0730264 -0.0728924 -0.0724051 -0.071568 -0.0704176 -0.0690306 -0.0674495 -0.0657334 -0.0639796 -0.06224 -0.0605645 -0.0590252 -0.0576005 -0.0563049 -0.0550526 -0.0537623 -0.0522915 -0.050485 -0.0481691 -0.0452479 -0.0415764 -0.0371688 -0.0320731 -0.0263965 -0.0203503 -0.0141935 -0.00820235 -0.0026636 0.00212466 0.00596911 0.00872909 0.0103883 0.0109992 0.0107529 0.00984041 0.00849893 0.00693204 0.00534436 0.0038777 0.0025988 0.00159543 0.000831769 0.000277685 -0.000116186 -0.000394065 -0.000590701 -0.000748094 -0.000891249 -0.00101883 -0.00117187 -0.0013415 -0.0015068 -0.00168942 -0.00186333 -0.00205843 -0.00223607 -0.0023994 -0.00256688 -0.00270006 -0.00282448 -0.00291774 -0.00299828 -0.00306699 -0.00310129 -0.00313519 -0.00315043 -0.00315657 -0.00315178 -0.00313188 -0.00312429 -0.0031053 -0.00309154 -0.00307752 -0.00306125 -0.00305499 -0.00303772 -0.0030345 -0.003028 
0 8.22905e-05 0.00018282 0.000281598 0.000375256 0.000460628 0.000564975 0.000679955 0.000782801 0.000885375 0.000987042 0.00110238 0.00120253 0.00129119 0.00137983 0.00145757 0.00152832 0.00157581 0.00162502 0.00165494 0.00166819 0.00167538 0.00168441 0.00169795 0.00169688 0.00172309 0.00176851 0.00184527 0.00193905 0.00208083 0.00228671 0.00253442 0.00287041 0.00330289 0.00387794 0.00460304 0.00553224 0.00672281 0.00818405 0.00993803 0.0119902 0.0142676 0.0166524 0.0189968 0.0210975 0.0227456 0.0236763 0.0237396 0.022779 0.0207319 0.0176979 0.013849 0.00945615 0.00486564 0.000455655 -0.003421 -0.00645252 -0.00839144 -0.00905457 -0.00842132 -0.00649181 -0.00338414 0.000708364 0.00557426 0.0109987 0.0167469 0.0226209 0.0284644 0.0341414 0.039524 0.0445424 0.0491471 0.0532536 0.0568757 0.0600031 0.0626123 0.0647394 0.066411 0.0675975 0.068363 0.0687151 0.0686608 0.0682425 0.0674871 0.0663794 0.0649582 0.0632209 0.06117 0.0588096 0.0561515 0.0531742 0.0498809 0.0462837 0.0423899 0.0381807 0.0336875 0.028927 0.0239018 0.0186334 0.0131758 0.00757026 0.00186287 -0.0039183 -0.00970369 -0.015427 -0.0210562 -0.0265606 -0.031876 -0.0369851 -0.0418675 -0.0464945 -0.0508292 -0.0548702 -0.0585999 -0.0620032 -0.065071 -0.0678097 -0.0701791 -0.0721969 -0.0738589 -0.0751387 -0.0760416 -0.0765883 -0.0767397 -0.076553 -0.0760519 -0.0752495 -0.0742105 -0.0729936 -0.0716134 -0.0701641 -0.0686957 -0.0672485 -0.0658733 -0.0645892 -0.0633614 -0.0621228 -0.060783 -0.0591898 -0.057169 -0.0545793 -0.0512869 -0.0471691 -0.042252 -0.0365735 -0.0302741 -0.0235778 -0.0167658 -0.0101393 -0.0040163 0.00131416 0.00560537 0.00875351 0.0107111 0.0115293 0.0114167 0.0105563 0.00919565 0.00756526 0.00588111 0.00429334 0.00290095 0.00176616 0.000904112 0.000253647 -0.000215763 -0.000536827 -0.000778446 -0.000962653 -0.00113065 -0.00126957 -0.00142502 -0.0015919 -0.00175619 -0.00192633 -0.00209984 -0.002285 -0.0024467 -0.00261184 -0.00277352 -0.00292684 -0.00305056 -0.00315043 -0.00325012 -0.00332601 -0.00338448 -0.00341822 -0.00344887 -0.00346736 -0.00346613 -0.00346067 -0.00344931 -0.00344047 -0.00342548 -0.00341212 -0.00340054 -0.0033842 -0.00336888 -0.0033577 -0.00335296 
0 9.18443e-05 0.000204611 0.000319236 0.000417298 0.000508515 0.000622412 0.000751129 0.000865316 0.000969431 0.00107897 0.00120253 0.00131123 0.00140128 0.00148662 0.001564 0.00162994 0.00167474 0.00171769 0.00174413 0.00175643 0.00176881 0.00179092 0.00181916 0.0018381 0.00189043 0.0019761 0.00209204 0.00222428 0.00240106 0.00264572 0.00294029 0.00332224 0.003811 0.00444311 0.0052377 0.00625482 0.0075567 0.00915354 0.0110599 0.0132772 0.0157302 0.0182867 0.0207852 0.0230143 0.0247382 0.0256957 0.0257271 0.0246855 0.0225185 0.0193308 0.0153126 0.010748 0.00599606 0.00145754 -0.00249657 -0.00554791 -0.00743015 -0.00796659 -0.00713552 -0.00494785 -0.0015316 0.00290391 0.00813606 0.0139289 0.0200303 0.0262217 0.0323234 0.0381838 0.0436682 0.0487051 0.0532523 0.0572466 0.0607044 0.0636304 0.0660112 0.0678863 0.0692924 0.0702258 0.0707519 0.0708961 0.070675 0.0701263 0.0692728 0.0681085 0.0666579 0.0649126 0.0628684 0.0605178 0.0578632 0.0548923 0.0515998 0.0479778 0.0440242 0.0397268 0.0351054 0.0301719 0.0249533 0.0194939 0.0138319 0.00800018 0.00206733 -0.00392318 -0.00992249 -0.0158716 -0.0217187 -0.0274185 -0.0329118 -0.0381705 -0.0431633 -0.0478698 -0.0522741 -0.056374 -0.0601543 -0.063608 -0.0667308 -0.0695316 -0.0719918 -0.0741292 -0.0759416 -0.0774148 -0.0785592 -0.0793863 -0.0798677 -0.0800454 -0.0799302 -0.0795284 -0.0788995 -0.0780892 -0.077117 -0.0760646 -0.074969 -0.0738561 -0.0727631 -0.0716932 -0.0706067 -0.0694342 -0.0680798 -0.066392 -0.0641932 -0.0613385 -0.0576933 -0.0531418 -0.0477104 -0.0414597 -0.0345368 -0.0271893 -0.019721 -0.0124501 -0.00571553 0.000170384 0.00495655 0.00852252 0.0108136 0.0118828 0.0119295 0.0111535 0.00980382 0.0081329 0.00637381 0.00468664 0.00318003 0.00192956 0.000953284 0.000202132 -0.000347195 -0.00072887 -0.00101043 -0.00122952 -0.0014159 -0.00156274 -0.00171477 -0.00187142 -0.00202412 -0.00218181 -0.00234668 -0.00251782 -0.00266549 -0.00281843 -0.00298073 -0.00313755 -0.00326513 -0.00337351 -0.00348689 -0.00358499 -0.00365856 -0.003707 -0.00374935 -0.00378087 -0.00379353 -0.00379448 -0.00378876 -0.00377696 -0.00375936 -0.00374412 -0.00373004 -0.00371304 -0.00369387 -0.00368555 -0.00368407 
0 0.000103785 0.000224826 0.000362227 0.000463842 0.000569344 0.0006927 0.000830449 0.000957864 0.00105408 0.00117149 0.00129119 0.00140128 0.00149034 0.00156325 0.00164569 0.00170417 0.00175516 0.00179805 0.0018266 0.00185253 0.00187524 0.00192023 0.00196598 0.00200906 0.00208787 0.00221041 0.00236156 0.00253305 0.0027449 0.00302697 0.00337449 0.00379952 0.00435279 0.0050417 0.00591482 0.00703246 0.00844859 0.0101929 0.0122511 0.0146297 0.0172459 0.0199583 0.0225917 0.0249358 0.026721 0.0277083 0.0277174 0.0266094 0.0243587 0.0210507 0.0169114 0.012229 0.00737735 0.00277171 -0.00119627 -0.00421873 -0.00600548 -0.00639914 -0.00537376 -0.00294223 0.000749898 0.00548982 0.0110396 0.0171416 0.0235167 0.0299444 0.0362059 0.0421547 0.047653 0.0526307 0.0570446 0.0608681 0.0641014 0.0667731 0.06889 0.0704878 0.0716121 0.072288 0.0725672 0.0724869 0.0720849 0.0713821 0.0704037 0.0691497 0.0676323 0.0658319 0.0637587 0.0613885 0.0587163 0.0557247 0.0524142 0.0487509 0.0447421 0.0403829 0.0356968 0.0306777 0.025375 0.0198343 0.0140967 0.00818062 0.00217233 -0.00388766 -0.00995364 -0.0159823 -0.0218971 -0.0276605 -0.0332183 -0.0385451 -0.0435868 -0.0483389 -0.0527856 -0.0569256 -0.0607415 -0.0642532 -0.0674464 -0.0703328 -0.072909 -0.075195 -0.0771812 -0.0788808 -0.0802993 -0.0814354 -0.0822772 -0.0828518 -0.0831544 -0.0831988 -0.083038 -0.0826936 -0.0822027 -0.0816223 -0.080979 -0.080285 -0.0795707 -0.0788015 -0.0779461 -0.0769139 -0.0756028 -0.0738607 -0.0715205 -0.0684223 -0.0644498 -0.0594902 -0.0535624 -0.0467565 -0.0392167 -0.0312177 -0.0230864 -0.0151625 -0.0078011 -0.00135179 0.0039552 0.00796068 0.0106195 0.0119866 0.0122381 0.0115956 0.0103028 0.00862689 0.00681693 0.00504705 0.00342722 0.00206659 0.000965552 0.000112051 -0.00051844 -0.0009667 -0.00128392 -0.00153911 -0.00173884 -0.00189295 -0.00203755 -0.00217877 -0.00231176 -0.00245414 -0.00260359 -0.00275767 -0.00289498 -0.00303302 -0.00320215 -0.00335629 -0.0034913 -0.00360743 -0.0037271 -0.0038474 -0.00392578 -0.0039914 -0.00403881 -0.00407955 -0.00410924 -0.00411635 -0.00412663 -0.00411419 -0.00410198 -0.00409052 -0.00407494 -0.00406152 -0.00403299 -0.00402535 -0.00401958 
0 0.000111427 0.000257861 0.000394584 0.000524882 0.000630331 0.000765718 0.000916483 0.00103615 0.00114971 0.00125167 0.00137983 0.00148662 0.00156325 0.00164208 0.00170428 0.00177456 0.00182023 0.00186205 0.00190404 0.00193333 0.00198796 0.00205264 0.00212547 0.00220176 0.00230846 0.00246717 0.00265726 0.00286149 0.00311451 0.00343677 0.00382794 0.00432238 0.00492561 0.00569766 0.00665912 0.00788149 0.00943739 0.0113152 0.0135364 0.016066 0.0188305 0.0216832 0.0244419 0.0268684 0.0287171 0.0297218 0.0297089 0.0285697 0.0262475 0.0228818 0.0186707 0.0139283 0.00903864 0.00442822 0.000473912 -0.00246384 -0.00414023 -0.00438423 -0.00314757 -0.000498686 0.00344519 0.00844913 0.0142509 0.0205746 0.0271524 0.0336951 0.0400349 0.0459807 0.0514133 0.0562657 0.0605094 0.0640982 0.0670768 0.0694601 0.0712686 0.0725665 0.0734027 0.0738041 0.0738335 0.0735405 0.0729283 0.07205 0.070918 0.0695316 0.067887 0.0660072 0.0638486 0.0614191 0.0586988 0.0556689 0.0522857 0.0485849 0.0445404 0.0401542 0.0354392 0.0304575 0.0251906 0.0196771 0.0139637 0.00813347 0.00218952 -0.00381632 -0.00982635 -0.0157517 -0.0215942 -0.0272963 -0.0328086 -0.0380817 -0.0431266 -0.0478812 -0.052338 -0.0564916 -0.0603577 -0.0639103 -0.0671912 -0.0701902 -0.0729116 -0.075365 -0.0775772 -0.0795216 -0.0812258 -0.0826935 -0.0839112 -0.084891 -0.0856547 -0.0861954 -0.0865416 -0.0867398 -0.086789 -0.0867404 -0.0866201 -0.0864306 -0.0861556 -0.0857994 -0.085255 -0.0844548 -0.083274 -0.0815534 -0.0791176 -0.0758424 -0.071565 -0.0662257 -0.0598375 -0.0524794 -0.0443487 -0.0357135 -0.0269231 -0.0183473 -0.0103678 -0.00331658 0.0025155 0.00700949 0.01008 0.011788 0.0123082 0.011846 0.0106578 0.00902447 0.00719609 0.00535787 0.00365998 0.00217289 0.000964158 -1.99988e-06 -0.000725615 -0.00123174 -0.00160643 -0.00188373 -0.00210035 -0.00226092 -0.00239371 -0.00251695 -0.00263543 -0.00275419 -0.00289608 -0.00303046 -0.00315118 -0.00328991 -0.00343929 -0.00360437 -0.00372904 -0.00384695 -0.00397774 -0.00409157 -0.00419641 -0.00425967 -0.00432449 -0.00437754 -0.00441188 -0.00444591 -0.00445075 -0.00445469 -0.00444088 -0.00443127 -0.00442697 -0.00440111 -0.0043844 -0.00436554 -0.00436397 
0 0.000128333 0.000272562 0.00043956 0.00056544 0.000695154 0.00083484 0.00098362 0.00112341 0.0012219 0.0013427 0.00145757 0.001564 0.00164569 0.00170428 0.00178106 0.00183599 0.0018903 0.00192993 0.00196819 0.00201991 0.00208657 0.00218147 0.00228013 0.00239278 0.00253689 0.0027419 0.00296809 0.00322763 0.00352212 0.00388533 0.00434443 0.00488082 0.00557246 0.00640895 0.00747174 0.00881935 0.0104932 0.0125309 0.0149006 0.0175823 0.0204927 0.0234804 0.0263421 0.0288633 0.0307393 0.0317694 0.031745 0.0305647 0.0282342 0.024837 0.0206205 0.0158871 0.0110251 0.00645078 0.00257988 -0.000275321 -0.00181357 -0.00190126 -0.000485791 0.00237452 0.00652492 0.0117232 0.0177044 0.0241698 0.0308176 0.0374144 0.0437218 0.0495858 0.0548907 0.0595675 0.0635635 0.066911 0.0695892 0.0716532 0.0731512 0.0741319 0.0746449 0.0747788 0.0745511 0.0740136 0.0732031 0.0721281 0.0707954 0.0692365 0.0674476 0.0654179 0.0631484 0.0606164 0.0577907 0.0546656 0.0512457 0.0474965 0.0434298 0.0390785 0.0344464 0.0295217 0.0243694 0.0190322 0.0135159 0.00782874 0.00206131 -0.00371927 -0.00949258 -0.0152433 -0.0208874 -0.0263907 -0.0317426 -0.0369098 -0.0418386 -0.0465289 -0.0509668 -0.055131 -0.059016 -0.0626419 -0.0660079 -0.0691241 -0.0720192 -0.0746864 -0.0771178 -0.0793345 -0.0813439 -0.0831307 -0.0847385 -0.086159 -0.0873946 -0.0884612 -0.0893805 -0.0901383 -0.0907928 -0.0913398 -0.091801 -0.0921726 -0.0924452 -0.0925473 -0.0924261 -0.0919512 -0.0909876 -0.0893739 -0.086938 -0.0835193 -0.0790048 -0.0733293 -0.066497 -0.0586471 -0.0499454 -0.0407054 -0.031282 -0.0220664 -0.0134454 -0.00580514 0.000617483 0.00561886 0.00914738 0.0112609 0.0120808 0.0118579 0.0108225 0.00926888 0.00745953 0.00559731 0.00382034 0.00225861 0.000926672 -0.00013462 -0.000940843 -0.00153318 -0.00194203 -0.00226779 -0.0024946 -0.0026671 -0.0027972 -0.00290442 -0.00300768 -0.0031154 -0.00323693 -0.00335056 -0.00345863 -0.00356866 -0.00371827 -0.00385688 -0.00398459 -0.0041001 -0.00422032 -0.00435613 -0.00445147 -0.00454257 -0.00460791 -0.00466883 -0.0047237 -0.00475184 -0.00478117 -0.00477713 -0.00477635 -0.00477472 -0.00476569 -0.00475636 -0.00472701 -0.00472123 -0.0047162 
0 0.000137216 0.000304098 0.000461719 0.000617296 0.000746485 0.000895537 0.00105164 0.00118122 0.00130223 0.00140709 0.00152832 0.00162994 0.00170417 0.00177456 0.00183599 0.00190626 0.00196005 0.00200401 0.0020567 0.00211702 0.00221204 0.00232498 0.00244772 0.00259685 0.00278006 0.00302423 0.00330505 0.00361118 0.00396597 0.00438329 0.00489353 0.00551102 0.00625712 0.007184 0.00834466 0.00980835 0.0116288 0.013811 0.0163498 0.0191909 0.0222456 0.0253618 0.0283365 0.0309141 0.0328404 0.0338838 0.0338549 0.0326839 0.0303518 0.0269889 0.0228142 0.0181397 0.0133612 0.00889335 0.00511912 0.00241102 0.00100741 0.00105817 0.00263621 0.00563533 0.00991761 0.0152385 0.0213024 0.027804 0.0344612 0.0409847 0.0471925 0.0528993 0.0580072 0.0624471 0.0661846 0.069219 0.0715808 0.0733101 0.0744707 0.0751324 0.0753533 0.0751957 0.0746949 0.0739082 0.0728432 0.0715416 0.0700142 0.0682682 0.0662849 0.0640897 0.0616405 0.0589526 0.0560065 0.0527974 0.0492987 0.0455458 0.0415196 0.0372396 0.0327066 0.0279818 0.0230466 0.0179144 0.012637 0.00730183 0.00187382 -0.00360636 -0.00908196 -0.0144881 -0.0198312 -0.0250652 -0.0301702 -0.0350984 -0.0398686 -0.0444332 -0.0487834 -0.0529088 -0.0568261 -0.0605037 -0.0639817 -0.0672407 -0.0702955 -0.0731498 -0.0758296 -0.0783177 -0.0806393 -0.08279 -0.0847907 -0.0866386 -0.0883635 -0.0899707 -0.0914599 -0.0928486 -0.0941402 -0.0953301 -0.0964339 -0.097441 -0.0983001 -0.0989797 -0.0993477 -0.0992888 -0.0986378 -0.0972114 -0.0948358 -0.0913733 -0.0866758 -0.0807315 -0.0735439 -0.0652303 -0.0560242 -0.0462113 -0.0361715 -0.0263268 -0.0170817 -0.00880851 -0.00180735 0.00375487 0.00778428 0.010335 0.01153 0.0115828 0.0107525 0.00932596 0.00756906 0.00570257 0.00389789 0.00225185 0.000842977 -0.000308719 -0.00119939 -0.00185126 -0.00233064 -0.00268461 -0.00294306 -0.00313321 -0.00325872 -0.00335591 -0.00344276 -0.00352825 -0.00362969 -0.0037132 -0.00379422 -0.00389068 -0.00400549 -0.0041405 -0.00425297 -0.00436428 -0.00448773 -0.00460813 -0.00472912 -0.0048164 -0.00489819 -0.00496911 -0.00502273 -0.00507633 -0.00509554 -0.00511362 -0.00511601 -0.00511978 -0.00512619 -0.0051042 -0.00509438 -0.00507702 -0.00507795 
0 0.000157817 0.000327775 0.000500159 0.000657141 0.000802565 0.000952498 0.00110143 0.00123812 0.00135343 0.00146536 0.00157581 0.00167474 0.00175516 0.00182023 0.0018903 0.00196005 0.00202841 0.00208665 0.00215331 0.00224212 0.00236286 0.00250408 0.00265814 0.00284668 0.00307043 0.00335633 0.00367007 0.00402662 0.004425 0.00488733 0.00546345 0.00614233 0.00698137 0.00799796 0.0092794 0.0108869 0.0128516 0.0152015 0.0179073 0.0209085 0.0241092 0.0273548 0.0304265 0.0330817 0.0350388 0.0361113 0.0360987 0.034941 0.0326617 0.0293666 0.0252877 0.0207316 0.0160889 0.0117527 0.0081265 0.0055513 0.00428916 0.00446655 0.00615364 0.00924399 0.0135797 0.018909 0.0249491 0.031389 0.037934 0.0443371 0.0503736 0.0558687 0.0607289 0.0648819 0.0682808 0.0709882 0.0730049 0.0743953 0.075238 0.0755888 0.07549 0.0750417 0.0742549 0.0731887 0.0718734 0.0703328 0.0685626 0.0665921 0.0644068 0.0620076 0.0593767 0.0565276 0.0534383 0.0501252 0.0466031 0.0428647 0.0389069 0.0347681 0.0304252 0.0258922 0.0212211 0.0164374 0.0115436 0.00656595 0.00153056 -0.00350451 -0.00853338 -0.0135584 -0.0185265 -0.0233954 -0.0281755 -0.0328258 -0.037334 -0.0417047 -0.0459309 -0.0499917 -0.0538953 -0.0576202 -0.0611726 -0.064546 -0.0677665 -0.0708205 -0.073724 -0.0764872 -0.079124 -0.0816205 -0.0840299 -0.0863258 -0.0885319 -0.0906712 -0.092744 -0.0947419 -0.09671 -0.0985977 -0.100409 -0.102119 -0.103659 -0.104951 -0.105892 -0.10632 -0.106061 -0.104925 -0.102725 -0.0992995 -0.0945265 -0.088393 -0.0809039 -0.0722164 -0.0625522 -0.0522278 -0.0416226 -0.0311791 -0.0213108 -0.0124181 -0.00478934 0.00135358 0.00592929 0.00897821 0.0105828 0.0109792 0.010407 0.00915821 0.0075032 0.00567797 0.00385648 0.00216557 0.000669269 -0.000561966 -0.00153018 -0.00226212 -0.00278573 -0.00318187 -0.00345467 -0.00365479 -0.00377596 -0.0038537 -0.0039249 -0.00399169 -0.00406667 -0.00412397 -0.00418242 -0.00424887 -0.00434103 -0.00444538 -0.00455 -0.00465262 -0.00476198 -0.00488441 -0.00500027 -0.00510539 -0.00519211 -0.00527313 -0.0053429 -0.00539832 -0.00543466 -0.00545482 -0.00547081 -0.00548179 -0.00548592 -0.00547438 -0.00546005 -0.00544999 -0.00544664 
