0 0 0 0 0 0 0 0 0 0 0 0 0 0 0 0 0 0 0 0 0 0 0 0 0 0 0 0 0 0 0 0 0 0 0 0 0 0 0 0 0 0 0 0 0 0 0 0 0 0 0 0 0 0 0 0 0 0 0 0 0 0 0 0 0 0 0 0 0 0 0 0 0 0 0 0 0 0 0 0 0 0 0 0 0 0 0 0 0 0 0 0 0 0 0 0 0 0 0 0 0 0 0 0 0 0 0 0 0 0 0 0 0 0 0 0 0 0 0 0 0 0 0 0 0 0 0 0 0 0 0 0 0 0 0 0 0 0 0 0 0 0 0 0 0 0 0 0 0 0 0 0 0 0 0 0 0 0 0 0 0 0 0 0 0 0 0 0 0 0 0 0 0 0 0 0 0 0 0 0 0 0 0 0 0 0 0 0 0 0 0 0 0 0 0 0 0 0 0 0 
0 7.91246e-06 2.06288e-05 3.54862e-05 4.79149e-05 5.77991e-05 7.48411e-05 9.4596e-05 0.000115266 0.00013031 0.000145829 0.000159016 0.000166824 0.000173281 0.000170002 0.000166106 0.000147533 0.000131896 0.000119205 0.000101625 8.73427e-05 6.90698e-05 7.74109e-05 9.35842e-05 0.000116513 0.000149828 0.000196163 0.000265805 0.000344909 0.0004444 0.000562164 0.00070232 0.000859154 0.00105577 0.00127936 0.00151922 0.00176534 0.0019912 0.00219756 0.00232915 0.0023801 0.00232787 0.0021429 0.00183275 0.00141216 0.000905316 0.00035092 -0.000217644 -0.000756884 -0.00122426 -0.00161919 -0.00189179 -0.00204652 -0.00209286 -0.00202765 -0.00187329 -0.00165832 -0.0014006 -0.00112057 -0.000837288 -0.000559256 -0.000296568 -3.99354e-05 0.000198859 0.00042935 0.000652782 0.000874666 0.00109207 0.00131886 0.00156329 0.00182535 0.00211577 0.00245252 0.00282584 0.00324645 0.00373733 0.00427838 0.00487918 0.00555091 0.00626753 0.00702273 0.00782743 0.00864469 0.00946442 0.010275 0.0110389 0.0117242 0.0123169 0.0127815 0.0130936 0.0132257 0.013159 0.0128775 0.0123719 0.011639 0.0106864 0.0095077 0.0081224 0.00656608 0.00486207 0.00303566 0.00114657 -0.00075981 -0.00264868 -0.00447339 -0.00618253 -0.0077474 -0.00914039 -0.0103432 -0.0113364 -0.0121132 -0.0126711 -0.0130101 -0.0131368 -0.0130834 -0.0128526 -0.0124623 -0.0119557 -0.0113535 -0.0106685 -0.00995488 -0.00921914 -0.00846866 -0.0077404 -0.00704131 -0.00636597 -0.0057476 -0.00518153 -0.00466059 -0.00420106 -0.00380091 -0.00345118 -0.0031588 -0.00292747 -0.00274389 -0.00261137 -0.00253325 -0.00250568 -0.00252041 -0.0025939 -0.00270696 -0.00285751 -0.00303473 -0.00322049 -0.00339512 -0.00353384 -0.00361047 -0.00361341 -0.00350908 -0.00329093 -0.00297707 -0.00254517 -0.00203702 -0.00147838 -0.000893939 -0.000324624 0.000189335 0.000619165 0.000933813 0.00113343 0.00120792 0.00117133 0.00107134 0.000906522 0.000718907 0.000524424 0.000346487 0.000194316 7.36862e-05 -4.44023e-06 -5.11352e-05 -7.88368e-05 -9.89837e-05 -9.66486e-05 -9.39328e-05 -8.59588e-05 -8.52566e-05 -9.15954e-05 -0.000103259 -0.000132746 -0.000154361 -0.000180041 -0.000207966 -0.000244779 -0.000279744 -0.000302689 -0.000325727 -0.000351291 -0.000377488 -0.000388547 -0.000393004 -0.000392717 -0.000397264 -0.000397649 -0.000392734 -0.000391778 -0.000387299 -0.000389012 -0.000382186 -0.000376245 
0 2.06288e-05 5.43443e-05 8.64635e-05 0.000117609 0.000135925 0.000167816 0.000203494 0.000232522 0.000261187 0.000277134 0.000301109 0.000311519 0.000315654 0.000320212 0.000301613 0.000283734 0.000254852 0.000235913 0.000221581 0.000182688 0.000171473 0.000176783 0.000213839 0.000265657 0.000315963 0.000421194 0.00054034 0.000697058 0.000887729 0.00111073 0.00138863 0.00170249 0.00209359 0.00255056 0.00303857 0.00352741 0.00399883 0.00438931 0.0046588 0.00474801 0.00462463 0.00426173 0.00362968 0.00279845 0.00179648 0.000698485 -0.000430733 -0.00148644 -0.00243318 -0.00320454 -0.00375165 -0.00407024 -0.00415144 -0.00403406 -0.00373085 -0.00330189 -0.00278888 -0.00223645 -0.00164239 -0.00109202 -0.000545 -2.23101e-05 0.000451171 0.000906509 0.00135796 0.0017868 0.00222974 0.0027028 0.00318882 0.00373384 0.00432847 0.0050068 0.00576159 0.00663178 0.00759833 0.00868585 0.00987573 0.011195 0.0125959 0.0141073 0.0156762 0.0172757 0.0188709 0.0204333 0.0218778 0.0232028 0.0243303 0.0251901 0.0257501 0.025979 0.0258058 0.0252277 0.0242207 0.022756 0.0208475 0.0185335 0.015829 0.0127735 0.00943625 0.00589767 0.00222747 -0.0014981 -0.00517648 -0.00871248 -0.0120559 -0.0151354 -0.0178715 -0.0202328 -0.0222011 -0.0237299 -0.024842 -0.0255475 -0.0258417 -0.0257514 -0.0253431 -0.0246263 -0.0236752 -0.0225268 -0.0212354 -0.0198374 -0.0184017 -0.0169389 -0.0155204 -0.0141356 -0.0128322 -0.0116033 -0.0104777 -0.00944435 -0.00853354 -0.00771563 -0.00702536 -0.00642611 -0.00593834 -0.00556412 -0.00528493 -0.00511559 -0.00506655 -0.005102 -0.0052336 -0.00547333 -0.00575056 -0.00609458 -0.00645537 -0.00679399 -0.00705595 -0.00722166 -0.00721137 -0.00700861 -0.00658244 -0.00594417 -0.00510033 -0.00408673 -0.00297551 -0.00181432 -0.000681595 0.000360288 0.00120812 0.00185923 0.00225769 0.00240482 0.00234594 0.0021265 0.00180278 0.00141854 0.00102543 0.000670049 0.000371043 0.000128067 -1.17423e-05 -0.000105241 -0.000155045 -0.000179883 -0.000191198 -0.000167022 -0.000168108 -0.000163507 -0.000173939 -0.000212193 -0.000255997 -0.000315427 -0.000361437 -0.000422166 -0.000502051 -0.000566451 -0.000619001 -0.000658875 -0.00070718 -0.000754795 -0.000773561 -0.000780649 -0.000782045 -0.000788299 -0.00079091 -0.000781585 -0.000776631 -0.000773465 -0.000771373 -0.000764799 -0.000755241 
0 3.54862e-05 8.64635e-05 0.000140309 0.000183954 0.000217119 0.000262633 0.000311404 0.00035768 0.00038816 0.000416918 0.000440493 0.000450827 0.000457472 0.000444627 0.000431287 0.000391641 0.000363096 0.00034734 0.00032322 0.000302758 0.00027638 0.000309473 0.000363983 0.000433093 0.000524678 0.000652883 0.000838122 0.00105578 0.00133151 0.00166623 0.00207509 0.00254845 0.00314132 0.00382165 0.00455222 0.00529514 0.00597781 0.00657932 0.00696201 0.00709304 0.00691128 0.00634634 0.00541348 0.00416302 0.00266716 0.00103479 -0.000633469 -0.00221442 -0.00359579 -0.00475487 -0.00557001 -0.00604275 -0.00619091 -0.00601523 -0.00556976 -0.0049321 -0.00415765 -0.00330551 -0.00243048 -0.00157015 -0.000750802 3.96934e-05 0.00077165 0.00147113 0.00214684 0.00281735 0.00348757 0.00419684 0.00496694 0.00580484 0.00673273 0.00779067 0.00895481 0.0102498 0.011723 0.0133343 0.0151033 0.0170547 0.019126 0.0212978 0.0235787 0.0258747 0.0281476 0.0303561 0.0324033 0.034211 0.0357364 0.0368923 0.037618 0.0378432 0.0375148 0.0365903 0.0350437 0.0328651 0.030078 0.0266821 0.022735 0.0183302 0.0135409 0.00844199 0.00317765 -0.00213951 -0.00741335 -0.012524 -0.0173412 -0.0217808 -0.0257581 -0.0292155 -0.0320976 -0.0343797 -0.0360562 -0.0371319 -0.0376266 -0.0376169 -0.0371188 -0.0361766 -0.0348911 -0.0333153 -0.0314884 -0.0295392 -0.0274993 -0.0254005 -0.0233408 -0.0213463 -0.019418 -0.017632 -0.0159821 -0.014453 -0.0130832 -0.0118674 -0.0107934 -0.0098787 -0.00913852 -0.00854919 -0.00812038 -0.00786025 -0.00776037 -0.0077954 -0.00799606 -0.00831631 -0.00873797 -0.00923271 -0.00975076 -0.010235 -0.010617 -0.0108276 -0.0108199 -0.010509 -0.0098704 -0.00893869 -0.00766969 -0.00616538 -0.00450314 -0.00276149 -0.00105845 0.000487235 0.00178086 0.00273881 0.00334516 0.00357769 0.00348056 0.00317515 0.00268189 0.00211305 0.00152585 0.000989409 0.000535712 0.000183673 -3.76827e-05 -0.000163291 -0.000230164 -0.000271246 -0.000262148 -0.000251551 -0.000237818 -0.000245362 -0.000274193 -0.000321957 -0.00041029 -0.000483282 -0.000563853 -0.00065231 -0.000762272 -0.000862782 -0.000928955 -0.000988843 -0.0010526 -0.00111683 -0.00114579 -0.00115928 -0.00116419 -0.00117919 -0.0011825 -0.00117026 -0.00116486 -0.00115516 -0.00115905 -0.00114559 -0.00113794 
0 4.79149e-05 0.000117609 0.000183954 0.000246098 0.000289298 0.000348027 0.00041173 0.00046377 0.000509896 0.000538589 0.000574173 0.000589987 0.000594191 0.000592994 0.000563199 0.00053058 0.000490088 0.000466925 0.000448387 0.000403559 0.000392749 0.000419813 0.000495947 0.000596956 0.000709792 0.000901517 0.00113662 0.0014361 0.00180406 0.00224515 0.00278958 0.00342512 0.0042064 0.00511418 0.00608619 0.00706126 0.00798412 0.00875111 0.00926403 0.00942231 0.0091571 0.00841244 0.00716154 0.00550688 0.00352899 0.00136534 -0.000848036 -0.00293003 -0.00478454 -0.00630113 -0.00738369 -0.00801435 -0.0081884 -0.00795781 -0.00736531 -0.00651173 -0.00548091 -0.00435243 -0.00315608 -0.00200781 -0.000880384 0.000199788 0.0011978 0.00215419 0.00309461 0.00400941 0.00494999 0.00595079 0.0070063 0.00817215 0.00945062 0.0108859 0.0124691 0.0142461 0.0162031 0.0183547 0.0206819 0.0232084 0.0258634 0.0286612 0.0315286 0.0344 0.0372123 0.039906 0.0423544 0.0445247 0.0463081 0.0475961 0.0483285 0.0484475 0.0478558 0.0465342 0.0444501 0.0415736 0.037932 0.0335852 0.0285807 0.0229999 0.0169555 0.0105743 0.00397989 -0.00270002 -0.00931169 -0.0157067 -0.0217819 -0.0274153 -0.0324795 -0.0369057 -0.0406441 -0.0436273 -0.0458733 -0.0473928 -0.048188 -0.0483086 -0.0478413 -0.0468159 -0.0453412 -0.0434809 -0.0413147 -0.0389213 -0.0364004 -0.0337908 -0.0312046 -0.0286553 -0.0262083 -0.023883 -0.0217189 -0.0197106 -0.0179023 -0.0162695 -0.0148501 -0.0136149 -0.0125933 -0.0117886 -0.0111847 -0.0108024 -0.0106488 -0.0106776 -0.0109014 -0.0113172 -0.0118339 -0.0124646 -0.0131306 -0.0137533 -0.0142384 -0.0145229 -0.0144844 -0.0140662 -0.0132183 -0.0119529 -0.0102808 -0.00827784 -0.00607065 -0.0037643 -0.00150779 0.000559327 0.00226907 0.00357129 0.0043852 0.00470748 0.00461409 0.00420287 0.003573 0.00282149 0.00204765 0.00133887 0.000737069 0.000260384 -3.51251e-05 -0.00022183 -0.000324708 -0.000378163 -0.000396985 -0.00037253 -0.00037515 -0.000379381 -0.000408006 -0.00047719 -0.000562667 -0.000664336 -0.000754259 -0.00086821 -0.00101225 -0.0011348 -0.0012315 -0.00130624 -0.00139009 -0.00147074 -0.00151064 -0.00153277 -0.00154635 -0.00156623 -0.00157392 -0.00156062 -0.00154913 -0.00154146 -0.00154108 -0.00153158 -0.00152317 
0 5.77991e-05 0.000135925 0.000217119 0.000289298 0.000348741 0.000420183 0.000498249 0.00056891 0.000622793 0.000668047 0.000708349 0.00073153 0.000742281 0.00073177 0.000705804 0.000657372 0.000613481 0.000585047 0.000553856 0.000520989 0.000503988 0.000552616 0.00064713 0.000770783 0.000929693 0.00115625 0.00146092 0.00183506 0.00229773 0.00285784 0.00353655 0.00433537 0.00530648 0.00642064 0.00761584 0.00882195 0.00994406 0.0108964 0.0115177 0.011711 0.0113803 0.0104416 0.00889738 0.00683503 0.00437557 0.00168697 -0.0010536 -0.00364821 -0.00593478 -0.00781596 -0.0091546 -0.009926 -0.0101443 -0.00984312 -0.00909865 -0.00802753 -0.00673119 -0.00530196 -0.00381758 -0.00235169 -0.000928573 0.000447163 0.00174762 0.00300287 0.00423128 0.00545194 0.00668964 0.00799079 0.00938162 0.0108908 0.0125462 0.0143915 0.0164158 0.0186463 0.0211082 0.0237704 0.0266292 0.0296864 0.0328675 0.0361382 0.0394645 0.0427468 0.0459202 0.0489143 0.051611 0.0539187 0.055756 0.0570138 0.0576143 0.0574761 0.056531 0.0547391 0.0520796 0.0485477 0.0441807 0.0390128 0.0331201 0.0266112 0.0195983 0.0121985 0.00457469 -0.00312863 -0.0107679 -0.0181897 -0.0252434 -0.0318079 -0.0377631 -0.0430242 -0.0475142 -0.0511814 -0.0540079 -0.0559936 -0.0571542 -0.0575596 -0.0572535 -0.0562952 -0.0547957 -0.0528313 -0.0504727 -0.0478472 -0.0450218 -0.0420542 -0.0390566 -0.0360766 -0.0331545 -0.0303687 -0.0277443 -0.0252885 -0.02305 -0.0210322 -0.0192423 -0.0176931 -0.0164048 -0.0153651 -0.0145803 -0.0140619 -0.013807 -0.0137884 -0.0140248 -0.0144774 -0.0150975 -0.0158449 -0.0166403 -0.0173841 -0.0179652 -0.0182776 -0.0182139 -0.0176696 -0.0165983 -0.0150187 -0.0129242 -0.0104343 -0.00768364 -0.00481397 -0.00200673 0.000551276 0.00269437 0.00430938 0.00533958 0.00577026 0.0056775 0.00520587 0.00444424 0.00353592 0.00259048 0.00171087 0.000954844 0.000359184 -3.91992e-05 -0.000287492 -0.000434764 -0.000520555 -0.000542727 -0.000538565 -0.000533583 -0.000544952 -0.000581676 -0.000650916 -0.000756583 -0.00085919 -0.000967411 -0.00109652 -0.00125576 -0.00140345 -0.00151459 -0.00161107 -0.00171127 -0.00180698 -0.00186352 -0.00189735 -0.00192193 -0.00195059 -0.00196197 -0.00195188 -0.00193981 -0.00192811 -0.00192935 -0.00191795 -0.00191124 
0 7.48411e-05 0.000167816 0.000262633 0.000348027 0.000420183 0.000501387 0.000589379 0.00066613 0.000725815 0.000773317 0.000815291 0.000842891 0.000855963 0.000850046 0.000824045 0.000779919 0.000737484 0.000709089 0.000682034 0.000655799 0.000655562 0.000718792 0.000835631 0.000987686 0.00118312 0.00145402 0.00181422 0.00226217 0.00281407 0.00348432 0.00429288 0.00525564 0.00640907 0.00773062 0.00914812 0.0105749 0.0119043 0.013015 0.0137413 0.0139528 0.013537 0.0124084 0.010569 0.00811467 0.00519498 0.00200155 -0.00124882 -0.00432867 -0.00704927 -0.00927009 -0.0108564 -0.0117641 -0.0120067 -0.0116329 -0.0107352 -0.00944208 -0.00787907 -0.00615192 -0.00435304 -0.00256279 -0.000812927 0.000883539 0.00250656 0.00408107 0.00563184 0.00717916 0.00875585 0.0104047 0.0121554 0.0140403 0.0160946 0.0183537 0.020823 0.0235212 0.026456 0.029597 0.0329251 0.0364163 0.0400023 0.0436345 0.047257 0.0507759 0.0541174 0.0572 0.059914 0.0621669 0.0638643 0.0648971 0.0651865 0.0646608 0.0632599 0.0609538 0.057732 0.0535999 0.0485993 0.0427843 0.0362327 0.0290475 0.0213461 0.0132583 0.00493722 -0.00346697 -0.0118001 -0.0199083 -0.0276495 -0.0348955 -0.0415241 -0.0474423 -0.0525693 -0.056844 -0.0602392 -0.0627435 -0.0643617 -0.065144 -0.065142 -0.0644203 -0.063078 -0.0611979 -0.0588591 -0.0561719 -0.0532148 -0.0500603 -0.0468075 -0.0435192 -0.0402519 -0.037082 -0.034054 -0.0312001 -0.0285685 -0.0261792 -0.0240455 -0.0221827 -0.0206085 -0.0193227 -0.0183312 -0.0176492 -0.0172758 -0.0171924 -0.0174049 -0.0178793 -0.0185605 -0.0193947 -0.0202926 -0.0211328 -0.0217862 -0.0221218 -0.0220077 -0.0213296 -0.0200331 -0.0181222 -0.0156211 -0.0126501 -0.00936903 -0.00595321 -0.00260993 0.000440889 0.00300711 0.0049542 0.00620795 0.00675846 0.00669315 0.00615895 0.00528514 0.00422517 0.00311582 0.0020738 0.0011704 0.000456175 -4.04874e-05 -0.000360079 -0.000557983 -0.000673804 -0.000718783 -0.00072587 -0.000726573 -0.000740195 -0.000779397 -0.000855065 -0.000962738 -0.00107464 -0.00119248 -0.00133527 -0.00150705 -0.00166935 -0.00179991 -0.00191371 -0.00203033 -0.00213801 -0.00220966 -0.00225516 -0.00228996 -0.00232474 -0.00234074 -0.00233728 -0.00232788 -0.00231846 -0.00231796 -0.00230836 -0.00230175 
0 9.4596e-05 0.000203494 0.000311404 0.00041173 0.000498249 0.000589379 0.00068445 0.000761674 0.000825026 0.000867626 0.000905836 0.00093202 0.000940701 0.000940137 0.000911156 0.000880276 0.000846867 0.000828231 0.000822244 0.000813398 0.00085016 0.000933758 0.0010782 0.00126224 0.00148911 0.00180257 0.00220488 0.0027181 0.00334993 0.00412228 0.00505721 0.00618484 0.00751906 0.00904686 0.0106842 0.0123238 0.0138568 0.0151073 0.0159284 0.0161434 0.0156276 0.0143062 0.0121712 0.00933604 0.00597376 0.00230017 -0.00143182 -0.00496351 -0.0080961 -0.0106301 -0.0124516 -0.0134928 -0.0137575 -0.0133163 -0.0122679 -0.0107499 -0.00890982 -0.00687216 -0.00473374 -0.002598 -0.000491134 0.00155444 0.00353006 0.00545295 0.00735718 0.00925615 0.011201 0.0132296 0.015369 0.0176648 0.0201472 0.0228353 0.0257467 0.028892 0.0322445 0.0357938 0.0394972 0.0433069 0.0471607 0.0510068 0.0547523 0.0583262 0.0616413 0.064607 0.0671187 0.0691008 0.070447 0.0710668 0.0708889 0.0698631 0.0679334 0.0650901 0.0613348 0.0566837 0.0511764 0.0448908 0.0379004 0.0302985 0.0222033 0.0137526 0.00507362 -0.00368894 -0.0123806 -0.020855 -0.0289914 -0.0366551 -0.0437285 -0.0501173 -0.0557454 -0.0605362 -0.0644593 -0.0674931 -0.069633 -0.070896 -0.0713438 -0.0710264 -0.0700204 -0.0684072 -0.0662808 -0.0637128 -0.0608049 -0.0576366 -0.0542909 -0.0508396 -0.0473696 -0.0439332 -0.0406026 -0.0374305 -0.0344608 -0.0317276 -0.029268 -0.0270931 -0.0252268 -0.0236895 -0.022481 -0.0216215 -0.0211143 -0.0209491 -0.0211111 -0.0215853 -0.0222944 -0.0231828 -0.0241455 -0.0250449 -0.0257335 -0.0260667 -0.025878 -0.0250578 -0.0235373 -0.0212958 -0.0184015 -0.014958 -0.0111548 -0.00720037 -0.00332826 0.000215479 0.00320126 0.00548895 0.00697315 0.00765654 0.00763922 0.0070527 0.00608393 0.00488199 0.0036167 0.0024171 0.00137046 0.000538872 -5.35581e-05 -0.000446233 -0.00069349 -0.000834911 -0.000908725 -0.00092553 -0.000940951 -0.000960551 -0.00100675 -0.00109562 -0.00120147 -0.00132701 -0.00145077 -0.00160286 -0.00177809 -0.00194299 -0.00208754 -0.00221166 -0.00233987 -0.0024552 -0.00254139 -0.00259962 -0.0026462 -0.00268789 -0.00271227 -0.00271938 -0.00271608 -0.0027137 -0.00271005 -0.00270348 -0.00269498 
0 0.000115266 0.000232522 0.00035768 0.00046377 0.00056891 0.00066613 0.000761674 0.000848425 0.000906781 0.000959423 0.000988805 0.00101503 0.00102844 0.00101726 0.00100568 0.000973399 0.000960766 0.000958317 0.00096103 0.000997116 0.00105088 0.00117391 0.00134253 0.00155413 0.00183432 0.00217494 0.00263526 0.00320792 0.00391913 0.00479781 0.00585903 0.00714861 0.00867007 0.0103921 0.012238 0.0140916 0.0157908 0.0171872 0.0180701 0.0182768 0.0176599 0.0161266 0.0137107 0.0105022 0.00671005 0.00257873 -0.00160162 -0.00557724 -0.0090728 -0.0119128 -0.0139483 -0.0151013 -0.0153953 -0.0148745 -0.013669 -0.0119243 -0.00979434 -0.00741266 -0.00493577 -0.00240455 8.05905e-05 0.00250557 0.00487413 0.00718637 0.00946303 0.0117614 0.0140998 0.0165228 0.0190923 0.0218142 0.0247353 0.0278587 0.0311966 0.0347177 0.0384327 0.0422799 0.0462348 0.0502251 0.0542088 0.0580738 0.0617778 0.0652185 0.0683095 0.0709524 0.0730833 0.0745737 0.0753741 0.0754248 0.0746649 0.0730396 0.0705529 0.0671794 0.0629343 0.0578588 0.0520064 0.0454214 0.0381956 0.0304341 0.0222395 0.0137151 0.0049981 -0.00378552 -0.01252 -0.0210814 -0.0293246 -0.0371438 -0.0444425 -0.0511198 -0.0570841 -0.062295 -0.0666832 -0.0702178 -0.0729012 -0.074751 -0.0757553 -0.0759828 -0.0754753 -0.0743062 -0.0725407 -0.0702886 -0.0676015 -0.0645867 -0.0613088 -0.057874 -0.0543293 -0.050781 -0.0472736 -0.043879 -0.0406402 -0.0376309 -0.0348599 -0.0323974 -0.0302611 -0.0284656 -0.0270477 -0.0260128 -0.0253554 -0.0250917 -0.0252025 -0.025629 -0.0263581 -0.0272631 -0.0282519 -0.0291758 -0.0298735 -0.0301572 -0.0298889 -0.0289064 -0.0271475 -0.0245929 -0.0212914 -0.0173913 -0.0130718 -0.00858348 -0.00418678 -0.000167054 0.00325777 0.00587388 0.00760941 0.00845292 0.00849128 0.00789865 0.0068429 0.00552569 0.0041189 0.00276606 0.00157765 0.000632103 -7.41859e-05 -0.000542371 -0.000847599 -0.00103467 -0.00112518 -0.00118341 -0.00120113 -0.00123791 -0.00129748 -0.00137873 -0.00149724 -0.00160948 -0.00174416 -0.00189474 -0.0020571 -0.00222662 -0.00236804 -0.00250634 -0.00263835 -0.00275839 -0.00286141 -0.00293174 -0.00299199 -0.00304099 -0.00307555 -0.00309636 -0.00310346 -0.00310782 -0.00310648 -0.00310088 -0.0030926 
0 0.00013031 0.000261187 0.00038816 0.000509896 0.000622793 0.000725815 0.000825026 0.000906781 0.000979949 0.00102715 0.00106402 0.00109429 0.00110459 0.0011141 0.00109691 0.00109557 0.00109555 0.00110496 0.0011381 0.00117947 0.00127989 0.00141172 0.0016077 0.00186144 0.00217692 0.00258304 0.00309109 0.00374108 0.00454193 0.0055266 0.00671763 0.008174 0.00986358 0.0117779 0.0138206 0.0158513 0.0177316 0.0192187 0.0201673 0.0203459 0.0196044 0.0178803 0.0151776 0.0116185 0.0074245 0.00285908 -0.00176009 -0.00613075 -0.010006 -0.0131096 -0.0153416 -0.0165979 -0.0168766 -0.0162631 -0.0148863 -0.0128919 -0.010458 -0.00774238 -0.00486976 -0.0019503 0.000959072 0.00380239 0.00658945 0.00931345 0.0120199 0.014726 0.0174986 0.0203651 0.0233571 0.0265125 0.0298561 0.0333613 0.0370569 0.0409158 0.0448702 0.0489146 0.0529859 0.0569974 0.0609138 0.0646643 0.0681248 0.0712446 0.0739217 0.0760593 0.0775876 0.0784594 0.0785926 0.0779541 0.0765087 0.0742613 0.0711933 0.0673263 0.0626811 0.0572975 0.0512088 0.0445143 0.037281 0.0295888 0.0215281 0.0132191 0.00473494 -0.00381164 -0.0123106 -0.0206544 -0.0287667 -0.0365228 -0.0438315 -0.0506015 -0.0567692 -0.0622565 -0.0670302 -0.0710487 -0.0742896 -0.0767122 -0.0783537 -0.0792257 -0.0793398 -0.0787491 -0.0775375 -0.0757249 -0.0734256 -0.0707365 -0.0677052 -0.0644256 -0.0610002 -0.0574569 -0.0538908 -0.0503907 -0.0469881 -0.0437628 -0.0407776 -0.0380689 -0.035676 -0.03366 -0.032028 -0.0308119 -0.0300147 -0.0296494 -0.0296684 -0.0300633 -0.030755 -0.0316587 -0.0326504 -0.0335714 -0.034244 -0.0344787 -0.0340806 -0.0329217 -0.0309144 -0.0280063 -0.0243216 -0.0199552 -0.0151353 -0.0101333 -0.00523151 -0.000726364 0.00310889 0.00608963 0.00808408 0.00910454 0.00925459 0.0086551 0.00756587 0.00614873 0.00461949 0.00313211 0.00180741 0.000734558 -8.39306e-05 -0.000658087 -0.00104069 -0.00127444 -0.00142534 -0.00149735 -0.00154766 -0.00158625 -0.00164261 -0.0017294 -0.00181536 -0.00193428 -0.00205406 -0.00220123 -0.00235593 -0.00250977 -0.00266469 -0.00280163 -0.00293994 -0.00306143 -0.00317341 -0.00326042 -0.00333049 -0.00338629 -0.00343091 -0.00346507 -0.00348263 -0.0034986 -0.003499 -0.00350161 -0.0034953 
0 0.000145829 0.000277134 0.000416918 0.000538589 0.000668047 0.000773317 0.000867626 0.000959423 0.00102715 0.0010922 0.00112636 0.00116107 0.00118374 0.00118761 0.00119864 0.00120331 0.00123356 0.00126768 0.00131541 0.00140803 0.00152785 0.00170194 0.00192285 0.00220846 0.00258176 0.00302415 0.00359495 0.00431178 0.00520126 0.00629894 0.00762615 0.00923745 0.011105 0.0131865 0.0154011 0.0176065 0.0196075 0.021203 0.0221789 0.0223278 0.0214798 0.0195547 0.0165938 0.0127033 0.00812296 0.00315215 -0.00186206 -0.00662502 -0.0108081 -0.0141719 -0.0165699 -0.0178962 -0.0181646 -0.0174361 -0.0158614 -0.0136055 -0.0108435 -0.0077469 -0.00449854 -0.00114719 0.0021835 0.00545761 0.00869529 0.0118799 0.015029 0.018203 0.0214224 0.0247165 0.0281412 0.0316973 0.0354095 0.0392484 0.0432241 0.0472738 0.0513743 0.0554717 0.0595166 0.0634109 0.0671269 0.070537 0.0735818 0.0761882 0.0782691 0.0797382 0.0805745 0.0806829 0.0800496 0.0786793 0.0765542 0.0736664 0.0700623 0.0657525 0.0607739 0.055188 0.0490519 0.0424119 0.0353406 0.0279203 0.0202242 0.0123231 0.00430019 -0.00376716 -0.0118117 -0.0197517 -0.0274909 -0.0349586 -0.0420898 -0.0487996 -0.0550137 -0.0606936 -0.0657598 -0.0701672 -0.0739023 -0.0769316 -0.0792082 -0.0807605 -0.0815675 -0.0816635 -0.0810934 -0.0799123 -0.0781624 -0.0759502 -0.0733105 -0.0703559 -0.0671498 -0.0637776 -0.0603007 -0.0568148 -0.0533609 -0.0500413 -0.0468985 -0.0440227 -0.0414523 -0.0392362 -0.0374286 -0.0360423 -0.035086 -0.0345982 -0.0345372 -0.0348521 -0.0355281 -0.0364078 -0.0373767 -0.0382704 -0.0388892 -0.0390139 -0.0384789 -0.0371098 -0.0348253 -0.0315883 -0.0274877 -0.022676 -0.0173607 -0.0118512 -0.00645644 -0.00149572 0.00276618 0.00608266 0.0083577 0.00958619 0.00984929 0.00931278 0.00819576 0.00671953 0.0050884 0.00347175 0.00201793 0.000819772 -0.00012857 -0.000805519 -0.00126975 -0.00156918 -0.00175035 -0.00187001 -0.00192519 -0.00197888 -0.00204315 -0.00211042 -0.00219927 -0.00229184 -0.00241359 -0.00254671 -0.00267647 -0.00282643 -0.00296808 -0.00311432 -0.00324635 -0.00336618 -0.00348859 -0.00358409 -0.00367068 -0.00373176 -0.00378698 -0.00383363 -0.00386093 -0.00388686 -0.00389319 -0.00390351 -0.0039023 
0 0.000159016 0.000301109 0.000440493 0.000574173 0.000708349 0.000815291 0.000905836 0.000988805 0.00106402 0.00112636 0.00116626 0.00120411 0.00123223 0.00125944 0.0012842 0.00132613 0.00138515 0.00144908 0.00153772 0.00166051 0.0018305 0.00203187 0.00228488 0.00261256 0.00302596 0.00352463 0.00414437 0.00492933 0.00590548 0.00710807 0.00856467 0.0103318 0.0123598 0.0146128 0.0169967 0.0193531 0.0214895 0.0231506 0.0241478 0.0242413 0.0232597 0.0211421 0.0179226 0.0137256 0.00880166 0.00346758 -0.00191149 -0.00700294 -0.0114861 -0.0150623 -0.0175969 -0.0189739 -0.0191893 -0.0183245 -0.0165382 -0.0139971 -0.0108937 -0.00742118 -0.00374467 4.05524e-05 0.00383229 0.00757148 0.0112741 0.0149212 0.0185432 0.0221699 0.0258438 0.0295753 0.0333894 0.037296 0.0413022 0.0453621 0.0494936 0.0536418 0.0577396 0.0617577 0.0656241 0.0692332 0.0725529 0.0754897 0.0779454 0.0798802 0.0812198 0.0819019 0.0819138 0.0812308 0.0798296 0.0777267 0.0749251 0.0714621 0.0673746 0.0627107 0.0575178 0.0518585 0.0457751 0.0393408 0.0326052 0.0256248 0.0184436 0.0111268 0.00371753 -0.00371863 -0.0111324 -0.0184666 -0.0256822 -0.0327106 -0.0395047 -0.0459984 -0.0521408 -0.0578692 -0.0631295 -0.0678617 -0.0720255 -0.0755565 -0.0784398 -0.0806631 -0.0821898 -0.0830297 -0.0832157 -0.0827384 -0.0816608 -0.0800623 -0.077963 -0.0754599 -0.0726416 -0.0695524 -0.0662865 -0.0629485 -0.0595754 -0.0562707 -0.0531046 -0.0501455 -0.0474499 -0.0450999 -0.0431384 -0.0416072 -0.0405269 -0.0399343 -0.0397803 -0.0400398 -0.0406573 -0.041501 -0.0424296 -0.0432704 -0.0438107 -0.0438218 -0.0431098 -0.0415168 -0.0389448 -0.0353491 -0.0308561 -0.0255939 -0.019803 -0.0138054 -0.00792929 -0.00250424 0.00217122 0.00585809 0.00842684 0.00987932 0.0102982 0.00982255 0.00871872 0.00719433 0.00548012 0.00376 0.00219083 0.000873363 -0.000191471 -0.000981933 -0.00153492 -0.00189895 -0.0021399 -0.0022863 -0.00237031 -0.0024302 -0.00249286 -0.00255654 -0.00261895 -0.00270646 -0.00281114 -0.00292845 -0.0030383 -0.00316416 -0.0033046 -0.00344217 -0.00356974 -0.00368561 -0.00380896 -0.00391709 -0.00401298 -0.0040857 -0.00415165 -0.00420982 -0.00424803 -0.00428106 -0.00429407 -0.00430961 -0.00431156 
0 0.000166824 0.000311519 0.000450827 0.000589987 0.00073153 0.000842891 0.00093202 0.00101503 0.00109429 0.00116107 0.00120411 0.00124549 0.00128462 0.00132762 0.0013745 0.00144407 0.00153413 0.0016338 0.00176493 0.00193781 0.00215986 0.00240674 0.0026999 0.00307117 0.00352987 0.00407789 0.0047472 0.00559526 0.00665505 0.00796272 0.00955276 0.0114686 0.0136602 0.0160743 0.0186138 0.0211099 0.0233505 0.0250685 0.0260611 0.0260861 0.0249691 0.022656 0.0191878 0.0147038 0.00946034 0.00380112 -0.00189399 -0.0072696 -0.0119863 -0.0157345 -0.0183637 -0.0197599 -0.01991 -0.018899 -0.016886 -0.0140493 -0.0105857 -0.00670836 -0.0025899 0.0016568 0.00592578 0.010149 0.014336 0.0184663 0.0225577 0.0266338 0.0307259 0.0348369 0.0389795 0.043161 0.0473697 0.0515602 0.0557318 0.0598297 0.0637821 0.0675604 0.0710846 0.0742568 0.0770318 0.0793264 0.0810555 0.0821998 0.0827069 0.0825448 0.0817167 0.0802203 0.0780562 0.0752657 0.0718706 0.0679179 0.0634574 0.0585506 0.0532537 0.0476359 0.0417437 0.0356335 0.0293389 0.0229031 0.0163544 0.00973223 0.00305949 -0.00362859 -0.0103085 -0.0169433 -0.0235131 -0.0299808 -0.0363204 -0.0424835 -0.048429 -0.054096 -0.059425 -0.0643538 -0.068839 -0.0728089 -0.0762318 -0.0790754 -0.0812943 -0.0828766 -0.0838341 -0.0841357 -0.0838174 -0.0829265 -0.0814784 -0.0795526 -0.0772384 -0.0745786 -0.0716694 -0.0686073 -0.0654408 -0.0622677 -0.0591745 -0.0562328 -0.0535139 -0.0511072 -0.0490689 -0.0474477 -0.0462802 -0.0456065 -0.0453851 -0.0455915 -0.0461619 -0.0469608 -0.047831 -0.0485966 -0.0490302 -0.0488988 -0.0479998 -0.0461734 -0.0433096 -0.039371 -0.0344788 -0.0287738 -0.0225081 -0.016021 -0.00966514 -0.00378042 0.0013133 0.00536885 0.00824819 0.00994879 0.0105436 0.0101745 0.00910796 0.00756819 0.00579346 0.00398403 0.00231274 0.000879966 -0.000297999 -0.00119723 -0.00183811 -0.00227141 -0.0025666 -0.00275155 -0.0028645 -0.00294201 -0.00301238 -0.00307148 -0.00312139 -0.00319482 -0.00328352 -0.003375 -0.00345347 -0.00355024 -0.00367194 -0.00379709 -0.00391058 -0.00401856 -0.00414072 -0.00425585 -0.00436164 -0.00444484 -0.00452225 -0.00459084 -0.00463912 -0.0046794 -0.00469944 -0.00471958 -0.00472391 
0 0.000173281 0.000315654 0.000457472 0.000594191 0.000742281 0.000855963 0.000940701 0.00102844 0.00110459 0.00118374 0.00123223 0.00128462 0.00134862 0.0014079 0.00149473 0.00158782 0.00171294 0.00185081 0.00201458 0.00224282 0.00249948 0.00279483 0.00312662 0.0035406 0.00405724 0.00465964 0.00539729 0.0063192 0.00747256 0.00889292 0.0106226 0.0126794 0.0150335 0.0175964 0.0202742 0.0228963 0.025205 0.026966 0.0279208 0.0278571 0.0265984 0.0240874 0.0203879 0.0156459 0.0101215 0.00418258 -0.00177606 -0.00739603 -0.0122872 -0.0161711 -0.0188505 -0.0202232 -0.0202785 -0.0190953 -0.0168345 -0.0136922 -0.00986308 -0.00556432 -0.000998826 0.00373505 0.00849753 0.0132228 0.0178987 0.0225086 0.0270371 0.0315287 0.0359803 0.0403944 0.0447825 0.0491353 0.0534274 0.0576291 0.0617152 0.0656184 0.0692907 0.0726702 0.0756866 0.0782583 0.0803474 0.081867 0.0827864 0.0830781 0.0827203 0.0817 0.0800569 0.0777819 0.0749186 0.0715185 0.0676302 0.0632929 0.0585919 0.0535783 0.0483115 0.042848 0.037251 0.0315451 0.0257671 0.0199434 0.0140956 0.00822352 0.00234777 -0.0035348 -0.00942205 -0.0153086 -0.0211735 -0.0270216 -0.0328296 -0.0385661 -0.0441909 -0.0496769 -0.0549485 -0.0599552 -0.0646443 -0.0689574 -0.0728198 -0.0762074 -0.0790577 -0.0813417 -0.0830319 -0.084117 -0.0845791 -0.0844517 -0.083742 -0.0825097 -0.0808059 -0.0787021 -0.0762667 -0.0735918 -0.070748 -0.0678271 -0.0649126 -0.0620978 -0.0594604 -0.0570825 -0.0550566 -0.0534207 -0.0522305 -0.0515233 -0.0512764 -0.0514405 -0.0519799 -0.0527303 -0.0535408 -0.054228 -0.0545515 -0.054268 -0.053182 -0.0511125 -0.0479482 -0.0436769 -0.0383804 -0.0322493 -0.0255222 -0.0185594 -0.0117329 -0.0053961 0.000127139 0.00455945 0.00777797 0.00975997 0.0105583 0.0103476 0.00934801 0.00783308 0.00602716 0.00414991 0.00239202 0.000847918 -0.000446037 -0.0014582 -0.00219793 -0.00271684 -0.00306727 -0.00330689 -0.00344456 -0.00354359 -0.00361892 -0.00365985 -0.00370239 -0.00374606 -0.00382083 -0.0038819 -0.00392688 -0.00399915 -0.00409044 -0.00420374 -0.00429525 -0.00438881 -0.00450144 -0.00461095 -0.00472016 -0.00480648 -0.00489195 -0.00496861 -0.00502721 -0.00507711 -0.00510704 -0.00513305 -0.00514116 
0 0.000170002 0.000320212 0.000444627 0.000592994 0.00073177 0.000850046 0.000940137 0.00101726 0.0011141 0.00118761 0.00125944 0.00132762 0.0014079 0.00151454 0.00162074 0.00176595 0.00191973 0.00209629 0.00231506 0.00257072 0.00288441 0.00320792 0.00358226 0.00404573 0.00460566 0.00528142 0.00608688 0.00709404 0.00835229 0.0098965 0.0117655 0.0139772 0.016471 0.0191787 0.0219773 0.0246784 0.0270537 0.0288059 0.0297191 0.0295549 0.0281497 0.025468 0.0215622 0.0165959 0.0108463 0.00467995 -0.00150491 -0.00729068 -0.0123353 -0.0162956 -0.018989 -0.0203143 -0.0202383 -0.0188594 -0.0163426 -0.0128707 -0.00866527 -0.00396141 0.00108038 0.00627583 0.0115307 0.0167505 0.0218957 0.0269395 0.0318852 0.0367122 0.0414485 0.0460853 0.0506017 0.0550058 0.0592658 0.0633382 0.0671885 0.0707785 0.0740084 0.0768482 0.0792222 0.0810705 0.0823417 0.0830354 0.0830862 0.0825094 0.0813025 0.0794822 0.077056 0.0741028 0.0706473 0.06675 0.0624725 0.0579051 0.0530874 0.048095 0.0429809 0.0377957 0.0325579 0.0273224 0.0221108 0.0169395 0.0118 0.00669822 0.00161033 -0.0034669 -0.00855587 -0.0136715 -0.0188385 -0.024034 -0.0292558 -0.0344897 -0.0397225 -0.044898 -0.0500005 -0.0549741 -0.0597545 -0.0642625 -0.0684744 -0.072298 -0.0756812 -0.0785768 -0.0809576 -0.0827539 -0.0839918 -0.0846468 -0.0847219 -0.0842364 -0.0832544 -0.0817842 -0.0799251 -0.0777524 -0.0753384 -0.0727703 -0.0701641 -0.0675815 -0.0651228 -0.0628966 -0.060959 -0.0593913 -0.058252 -0.0575662 -0.0573219 -0.0575085 -0.0580181 -0.0587537 -0.0595238 -0.0601327 -0.060347 -0.0599196 -0.0586241 -0.0563123 -0.0528532 -0.0482315 -0.0425674 -0.036008 -0.0288486 -0.0214356 -0.0141548 -0.00737375 -0.00144039 0.00339398 0.00696371 0.0092503 0.0103111 0.0102757 0.0094099 0.00794449 0.00613864 0.00422321 0.00238206 0.000732164 -0.000674018 -0.00180578 -0.00264738 -0.0032444 -0.003667 -0.0039346 -0.00411434 -0.00422294 -0.004292 -0.00433218 -0.00433788 -0.00437699 -0.00441887 -0.00445518 -0.00448076 -0.00451135 -0.00458983 -0.00466754 -0.00474294 -0.00481716 -0.00490434 -0.00501065 -0.00510221 -0.00519258 -0.00527504 -0.00535319 -0.005424 -0.0054766 -0.00552285 -0.00554977 -0.00556357 
0 0.000166106 0.000301613 0.000431287 0.000563199 0.000705804 0.000824045 0.000911156 0.00100568 0.00109691 0.00119864 0.0012842 0.0013745 0.00149473 0.00162074 0.00178625 0.00195584 0.00215523 0.00238165 0.0026347 0.00295532 0.00329437 0.00367165 0.00408928 0.00459424 0.00521508 0.00594696 0.00683072 0.00792468 0.00928803 0.0109589 0.0129832 0.0153274 0.0179781 0.0208072 0.0237043 0.026487 0.0288679 0.0306263 0.0314634 0.0311954 0.0296631 0.0268208 0.022742 0.0176024 0.0116681 0.0053294 -0.00100339 -0.00693304 -0.0120394 -0.0160519 -0.0187212 -0.0199595 -0.0197427 -0.0181619 -0.0153629 -0.0115666 -0.00698583 -0.00184878 0.00362353 0.00928641 0.0149936 0.02066 0.0262217 0.0316637 0.0369248 0.0420369 0.0469612 0.0516968 0.0562387 0.0605747 0.064653 0.0684724 0.0719585 0.0750529 0.0777206 0.0798899 0.0815095 0.0825564 0.0829978 0.0828 0.0819928 0.0805715 0.0785648 0.075999 0.0729379 0.0693998 0.0654685 0.0612161 0.0567283 0.0520399 0.04725 0.0423949 0.0375259 0.0326708 0.0278942 0.0231849 0.0185658 0.0140254 0.00958615 0.00521101 0.000889571 -0.00343681 -0.00778132 -0.0121782 -0.0166192 -0.0211561 -0.0257755 -0.0304766 -0.0352351 -0.040061 -0.0448866 -0.0496937 -0.0544303 -0.0590501 -0.0634495 -0.0675859 -0.0713852 -0.0747929 -0.0777441 -0.080229 -0.0821807 -0.0835807 -0.0844309 -0.0847256 -0.0844704 -0.0837295 -0.0825348 -0.0809444 -0.0790682 -0.0769689 -0.0747522 -0.0725194 -0.0703639 -0.0683592 -0.066626 -0.065201 -0.0641745 -0.0635714 -0.0634087 -0.0636337 -0.0641956 -0.0649362 -0.0656892 -0.0662459 -0.0663553 -0.0657766 -0.0642955 -0.0617374 -0.0579851 -0.0530596 -0.0470105 -0.0400728 -0.0324978 -0.0246568 -0.0169487 -0.00974706 -0.00339502 0.00182381 0.00577147 0.00839524 0.00972437 0.00994067 0.00921389 0.00785118 0.00607604 0.0041366 0.00224291 0.000494102 -0.00101559 -0.0022525 -0.00319297 -0.00387491 -0.00434339 -0.00466619 -0.00486171 -0.0049918 -0.00506167 -0.00507485 -0.00508013 -0.00507486 -0.00510237 -0.00510492 -0.00509793 -0.00511217 -0.00514442 -0.00520662 -0.00525009 -0.00530473 -0.00537545 -0.00545861 -0.00554806 -0.00562603 -0.00570746 -0.00578311 -0.00585287 -0.00591231 -0.00595611 -0.00598284 -0.00598961 
0 0.000147533 0.000283734 0.000391641 0.00053058 0.000657372 0.000779919 0.000880276 0.000973399 0.00109557 0.00120331 0.00132613 0.00144407 0.00158782 0.00176595 0.00195584 0.0021818 0.0024163 0.00268791 0.0029996 0.00335206 0.00374625 0.00416081 0.00463225 0.00519327 0.00586655 0.006674 0.00764145 0.00883019 0.010307 0.0121115 0.0142722 0.0167661 0.0195378 0.0224921 0.0254833 0.0283113 0.0307219 0.0324425 0.033211 0.0328293 0.0311594 0.0281743 0.0239498 0.0186629 0.0126113 0.0061627 -0.000274187 -0.00625174 -0.0114019 -0.0154007 -0.0180117 -0.0191426 -0.0187574 -0.0169534 -0.0138899 -0.00976285 -0.00482104 0.000699195 0.00660983 0.0126896 0.0188183 0.0248894 0.030806 0.0365349 0.0420461 0.0473099 0.052318 0.0570615 0.0615093 0.0656439 0.0694258 0.0728315 0.0757941 0.0782927 0.080268 0.0816756 0.0824866 0.0826939 0.0822619 0.0812344 0.0796112 0.077412 0.0746877 0.0714924 0.0678644 0.0639037 0.0596732 0.0552289 0.050644 0.0459966 0.041334 0.0367063 0.0321644 0.0277379 0.0234277 0.0192521 0.0152295 0.0113364 0.00754553 0.0038308 0.000162786 -0.00347798 -0.00712338 -0.0108308 -0.0146264 -0.0185193 -0.0225304 -0.0266766 -0.0309536 -0.0353438 -0.0398388 -0.0444059 -0.0489849 -0.0535285 -0.0580004 -0.0623106 -0.0664015 -0.0702077 -0.0736551 -0.0766852 -0.0792748 -0.0813606 -0.0829367 -0.083976 -0.0844811 -0.0844654 -0.0839787 -0.0830603 -0.0818004 -0.0802621 -0.0785522 -0.0767513 -0.0749669 -0.073299 -0.0718314 -0.0706509 -0.0698343 -0.069397 -0.0693672 -0.0697185 -0.0703401 -0.0711374 -0.0719117 -0.072435 -0.0724786 -0.0717864 -0.070129 -0.0673568 -0.0633471 -0.0581154 -0.0517502 -0.0444419 -0.0364971 -0.0282635 -0.0201431 -0.0125338 -0.00578007 -0.000153698 0.00417308 0.00714311 0.00879039 0.00925101 0.00873149 0.00749016 0.00578718 0.00387464 0.00194453 0.000133265 -0.00146441 -0.00280102 -0.00383999 -0.0046041 -0.0051426 -0.0054999 -0.0057358 -0.00587574 -0.00593641 -0.00594578 -0.00591369 -0.00589432 -0.00587722 -0.00584753 -0.00581684 -0.00578437 -0.00579626 -0.00581176 -0.00583533 -0.00586781 -0.00590888 -0.00598579 -0.0060518 -0.0061309 -0.00620004 -0.00626653 -0.00633666 -0.0063816 -0.00642606 -0.00643269 -0.00642735 
0 0.000131896 0.000254852 0.000363096 0.000490088 0.000613481 0.000737484 0.000846867 0.000960766 0.00109555 0.00123356 0.00138515 0.00153413 0.00171294 0.00191973 0.00215523 0.0024163 0.00269195 0.00301 0.00336697 0.00377442 0.00421298 0.00468684 0.00522231 0.00584424 0.00658469 0.00746783 0.00852752 0.00982281 0.0114185 0.0133606 0.0156727 0.0183006 0.0212051 0.0242652 0.0273314 0.0301984 0.0325953 0.0342793 0.0349623 0.0344698 0.0326829 0.0295776 0.0252355 0.0198494 0.0137142 0.00720411 0.000732849 -0.00525628 -0.0103678 -0.0143087 -0.0168224 -0.0178159 -0.0172611 -0.0152545 -0.0119338 -0.00751248 -0.00224035 0.00365027 0.00993702 0.0163971 0.0228832 0.0292786 0.0354683 0.0414155 0.0470587 0.0523868 0.0573587 0.0619673 0.0661917 0.0700033 0.0733523 0.0762396 0.0785824 0.0803618 0.0815663 0.0821563 0.0821272 0.0815054 0.0802684 0.078445 0.0760803 0.0732011 0.0698766 0.0661757 0.0621683 0.0579215 0.0535169 0.0490195 0.0445013 0.0399998 0.0355804 0.0312684 0.0271047 0.0231096 0.0193069 0.0156792 0.0122235 0.00889124 0.00568456 0.00257098 -0.000487158 -0.00353786 -0.00659035 -0.00969574 -0.0128693 -0.0161658 -0.0196093 -0.0232198 -0.0269931 -0.0309435 -0.0350355 -0.0392615 -0.0435864 -0.0479799 -0.0523786 -0.0567292 -0.0609715 -0.0650373 -0.0688418 -0.0723405 -0.0754575 -0.0781281 -0.0803484 -0.0820749 -0.0832883 -0.0840185 -0.0842684 -0.0840515 -0.0834657 -0.082548 -0.0813973 -0.0801154 -0.0788034 -0.0775454 -0.0764561 -0.0756011 -0.0750684 -0.0748758 -0.0750605 -0.0755807 -0.0763427 -0.0772299 -0.0780565 -0.0785858 -0.0785857 -0.0778124 -0.0760322 -0.073088 -0.068868 -0.0633945 -0.0567307 -0.0491063 -0.0408159 -0.0322174 -0.0237224 -0.0157345 -0.00859811 -0.00258933 0.00212107 0.00545447 0.00743292 0.00819843 0.00790842 0.00684265 0.00525049 0.00338765 0.00145854 -0.000400432 -0.00206374 -0.00348115 -0.00460912 -0.00545189 -0.00604802 -0.00645541 -0.00672065 -0.00687972 -0.00694028 -0.00693628 -0.00689424 -0.00683978 -0.00679007 -0.00672259 -0.0066559 -0.00658967 -0.00655333 -0.00653492 -0.00652328 -0.006527 -0.00653966 -0.00658487 -0.00663285 -0.00668937 -0.00674161 -0.00679106 -0.0068454 -0.00688187 -0.00691192 -0.00690944 -0.00689122 
