0 0 0 0 0 0 0 0 0 0 0 0 0 0 0 0 0 0 0 0 0 0 0 0 0 0 0 0 0 0 0 0 0 0 0 0 0 0 0 0 0 0 0 0 0 0 0 0 0 0 0 0 0 0 0 0 0 0 0 0 0 0 0 0 0 0 0 0 0 0 0 0 0 0 0 0 0 0 0 0 0 0 0 0 0 0 0 0 0 0 0 0 0 0 0 0 0 0 0 0 0 0 0 0 0 0 0 0 0 0 0 0 0 0 0 0 0 0 0 0 0 0 0 0 0 0 0 0 0 0 0 0 0 0 0 0 0 0 0 0 0 0 0 0 0 0 0 0 0 0 0 0 0 0 0 0 0 0 0 0 0 0 0 0 0 0 0 0 0 0 0 0 0 0 0 0 0 0 0 0 0 0 0 0 0 0 0 0 0 0 0 0 0 0 0 0 0 0 0 0 
0 9.74811e-06 3.21168e-05 5.15718e-05 6.70937e-05 7.23424e-05 7.77115e-05 9.07182e-05 9.16039e-05 8.97694e-05 7.93083e-05 7.39503e-05 7.41435e-05 6.3858e-05 6.43098e-05 5.89974e-05 6.56293e-05 7.85598e-05 9.79712e-05 0.000141695 0.000181513 0.000238639 0.0003075 0.000399213 0.000512571 0.00063169 0.000777572 0.000955036 0.0011637 0.00139585 0.00164789 0.00189596 0.00213123 0.0023086 0.00242687 0.0024599 0.00236485 0.00215871 0.00181835 0.00138564 0.00086816 0.000307358 -0.000247217 -0.00077166 -0.0012361 -0.00160444 -0.00185814 -0.00200273 -0.00201967 -0.00193578 -0.00175068 -0.00150851 -0.00121551 -0.000898409 -0.000576211 -0.000264989 3.59004e-05 0.000324872 0.000583145 0.000838045 0.00108134 0.00131612 0.00154877 0.00180345 0.00205089 0.0023248 0.00261087 0.00290716 0.00321522 0.00353641 0.00385961 0.00419506 0.00453064 0.00486107 0.00518662 0.005484 0.00575753 0.0059882 0.00616948 0.00628428 0.00633184 0.00629156 0.00618172 0.00598504 0.00572813 0.00540621 0.00503003 0.00460527 0.00416568 0.00369377 0.00322517 0.00276457 0.00231718 0.00188631 0.00151484 0.00118598 0.00090852 0.000682693 0.00052322 0.000406416 0.000331308 0.000275685 0.000242605 0.000194903 0.000122502 1.68274e-05 -0.000116919 -0.000319678 -0.000575068 -0.000881882 -0.00123601 -0.00164667 -0.0020846 -0.00256652 -0.00306719 -0.00358259 -0.00408971 -0.00458867 -0.00505431 -0.00549159 -0.00586333 -0.0061791 -0.00642073 -0.00658546 -0.00667389 -0.00670261 -0.00665435 -0.00655555 -0.00640803 -0.00621533 -0.0059962 -0.00575336 -0.00549385 -0.00522567 -0.00495203 -0.00467467 -0.00441755 -0.00416187 -0.00394178 -0.00375101 -0.0035974 -0.00347974 -0.00342003 -0.00339403 -0.0034163 -0.00348421 -0.00358759 -0.00371007 -0.00384779 -0.00398309 -0.0040766 -0.00413003 -0.00410139 -0.00398804 -0.00376208 -0.00343131 -0.00300156 -0.00248583 -0.00189937 -0.00129632 -0.000696501 -0.000132135 0.000336723 0.000708179 0.000939406 0.00105678 0.00105434 0.000953678 0.000800242 0.000607622 0.000400551 0.000202013 3.61737e-05 -9.02828e-05 -0.000171859 -0.00022694 -0.000241116 -0.000243382 -0.000236697 -0.000214236 -0.000192888 -0.000161658 -0.000156089 -0.000156348 -0.000160365 -0.000173866 -0.000192476 -0.00023159 -0.000266168 -0.000300855 -0.000332542 -0.000362095 -0.000393057 -0.000416558 -0.000439444 -0.000456025 -0.000467114 -0.000473197 -0.000474356 -0.000474865 
0 3.21168e-05 6.90254e-05 0.000125708 0.000143681 0.000164524 0.000172987 0.000187719 0.000200491 0.000173767 0.000162537 0.000136765 0.000127468 0.000114466 9.32105e-05 0.000103614 0.000107315 0.000146155 0.0002024 0.00028434 0.000391529 0.000497033 0.000645579 0.000828485 0.00104493 0.00128719 0.0015694 0.00192013 0.00233455 0.0027951 0.00329009 0.00379461 0.00424714 0.00461217 0.00484456 0.00489966 0.00472818 0.00429568 0.00362966 0.00275748 0.00171684 0.000597811 -0.000515719 -0.00156914 -0.00248455 -0.00321293 -0.00371387 -0.00396871 -0.00401009 -0.00381944 -0.00345229 -0.00297536 -0.00239038 -0.00175863 -0.00112414 -0.000489643 0.000118239 0.000688917 0.00123298 0.00173564 0.0022358 0.00271889 0.0031945 0.0036937 0.00420312 0.0047217 0.00527746 0.00586212 0.00645931 0.00709031 0.00773991 0.00839096 0.00903184 0.00968338 0.0102923 0.010859 0.0113811 0.0118146 0.012123 0.0123428 0.0124146 0.0123328 0.0121261 0.0117708 0.0112538 0.0106377 0.00992 0.00911006 0.00825121 0.00735799 0.00644061 0.00553665 0.00467527 0.00387189 0.00313458 0.00247291 0.00192513 0.00148798 0.00113562 0.000868829 0.000690618 0.000547373 0.000415195 0.000285305 0.000126752 -0.000105368 -0.000421026 -0.000824572 -0.00131364 -0.00190858 -0.00261347 -0.00339633 -0.00425216 -0.00518413 -0.0061435 -0.00711499 -0.0081147 -0.00907239 -0.00996125 -0.0107899 -0.011513 -0.0120975 -0.0125819 -0.0129187 -0.013106 -0.0131686 -0.0131125 -0.0129266 -0.012663 -0.0123186 -0.0119032 -0.01143 -0.0109359 -0.0104055 -0.00986319 -0.00934471 -0.00883854 -0.00835196 -0.00793118 -0.00756045 -0.0072458 -0.00703248 -0.00689323 -0.00684651 -0.00688965 -0.00701097 -0.00720871 -0.00745207 -0.00771222 -0.0079836 -0.00818414 -0.00827904 -0.00824833 -0.00801298 -0.00756483 -0.00690381 -0.00603694 -0.00499695 -0.00383207 -0.00261628 -0.00142111 -0.000306162 0.000646554 0.00136597 0.00184464 0.00207481 0.00207023 0.00188411 0.00157657 0.00120341 0.000800566 0.000412558 8.81538e-05 -0.000150497 -0.000323955 -0.000420354 -0.00046289 -0.00047529 -0.000460495 -0.000445081 -0.000393247 -0.000357526 -0.000346312 -0.000345258 -0.000365535 -0.00037021 -0.000415422 -0.000472586 -0.000534368 -0.000601858 -0.0006499 -0.00071822 -0.000768611 -0.000820404 -0.000866122 -0.000894929 -0.000926395 -0.000933604 -0.00094798 -0.00095135 
0 5.15718e-05 0.000125708 0.000193648 0.000242214 0.000259469 0.00027072 0.000293642 0.00028601 0.000262903 0.000220537 0.000189423 0.000174442 0.000142273 0.000137927 0.000135233 0.000168274 0.000229171 0.000315391 0.000460874 0.000604598 0.000785422 0.00100018 0.00127306 0.00160194 0.00195438 0.00237919 0.00289623 0.00350501 0.00418633 0.00492593 0.00566281 0.00635733 0.00689518 0.00725076 0.00734584 0.00706919 0.0064419 0.00542342 0.00411454 0.00255758 0.000876117 -0.000787717 -0.00235003 -0.00371861 -0.00479476 -0.00552525 -0.00591886 -0.00594579 -0.00566871 -0.00510896 -0.00437934 -0.00350733 -0.00256504 -0.00160433 -0.000664103 0.000252846 0.00114033 0.00195748 0.00275779 0.00352626 0.00426362 0.00498413 0.00574177 0.00647685 0.00726259 0.00807812 0.00892169 0.0097969 0.0107089 0.01163 0.012573 0.0135049 0.014409 0.0152732 0.0160462 0.0167361 0.0173006 0.0177267 0.017986 0.0180726 0.017944 0.0176393 0.0171175 0.0164296 0.0155701 0.0145602 0.0134158 0.0122166 0.0109352 0.00965293 0.00838992 0.00716347 0.00598374 0.00494061 0.00399996 0.00318009 0.00247865 0.001923 0.00146439 0.00110116 0.000784206 0.000518222 0.000226495 -0.000113335 -0.000523145 -0.000996337 -0.00162091 -0.00236625 -0.00323532 -0.00422366 -0.00534879 -0.00655004 -0.00785995 -0.0092171 -0.0106049 -0.0119716 -0.0133055 -0.0145489 -0.015711 -0.0167111 -0.0175662 -0.018244 -0.0187342 -0.0190364 -0.019184 -0.0191369 -0.0189435 -0.0186094 -0.0181405 -0.0175779 -0.016934 -0.0162336 -0.015499 -0.0147469 -0.0139916 -0.0132853 -0.012593 -0.0119918 -0.011468 -0.0110376 -0.0107064 -0.0105195 -0.0104312 -0.0104765 -0.010652 -0.0109346 -0.0112846 -0.0116826 -0.0120778 -0.0123637 -0.0125206 -0.0124425 -0.0120989 -0.011421 -0.0104236 -0.00912491 -0.00756656 -0.00580681 -0.00398977 -0.0021907 -0.000509776 0.000895647 0.00199454 0.00269121 0.00304033 0.00304146 0.00276215 0.00232351 0.0017763 0.0011891 0.000626424 0.000152461 -0.000211688 -0.000458117 -0.000624109 -0.000686444 -0.000711736 -0.00070973 -0.000669956 -0.000624782 -0.000561919 -0.00055757 -0.000567531 -0.00058332 -0.000613128 -0.000655979 -0.000743261 -0.0008235 -0.000905885 -0.00098389 -0.00106164 -0.00114244 -0.00120812 -0.00127158 -0.00132179 -0.00136041 -0.00138902 -0.0014109 -0.00142815 
0 6.70937e-05 0.000143681 0.000242214 0.000286443 0.000318763 0.00033558 0.000358994 0.000371805 0.000332047 0.000301882 0.000260281 0.000240831 0.000218281 0.000195569 0.000216948 0.000249752 0.000337536 0.000462246 0.000635031 0.000843632 0.00106638 0.00135656 0.00171476 0.00213998 0.00261905 0.00318367 0.0038747 0.00468951 0.00559929 0.00657543 0.0075641 0.00846154 0.00918222 0.00963998 0.00974186 0.00938862 0.00853037 0.00719763 0.00545735 0.00339526 0.00117644 -0.00103041 -0.00310519 -0.00490476 -0.00632623 -0.00729415 -0.00778331 -0.00782965 -0.00743742 -0.00669633 -0.00572353 -0.0045549 -0.00328839 -0.00200285 -0.000719385 0.000524585 0.00171168 0.00284265 0.00391179 0.00495751 0.00596452 0.0069477 0.0079494 0.00895088 0.00996308 0.0110192 0.0121121 0.0132266 0.0143822 0.0155577 0.0167244 0.0178583 0.0189693 0.0199909 0.0209075 0.0217173 0.0223633 0.0228066 0.0230854 0.0231386 0.0229546 0.0225706 0.0219534 0.021093 0.0200556 0.0188435 0.0174731 0.0160073 0.0144687 0.0128884 0.0113206 0.00980702 0.00837233 0.00703651 0.00580593 0.00472079 0.00377648 0.002945 0.00222057 0.0016048 0.00103843 0.000497721 -3.36399e-05 -0.00059369 -0.00123437 -0.00197051 -0.00282123 -0.00378852 -0.00489987 -0.0061636 -0.00754765 -0.00903807 -0.0106356 -0.0122737 -0.0139266 -0.0155972 -0.0172001 -0.0186946 -0.0200884 -0.0213188 -0.0223528 -0.0232259 -0.0238815 -0.0243117 -0.0245456 -0.0245758 -0.0243944 -0.0240564 -0.0235602 -0.0229222 -0.0221695 -0.0213503 -0.0204626 -0.0195447 -0.0186478 -0.0177716 -0.0169286 -0.0161837 -0.0155251 -0.0149664 -0.0145645 -0.0143042 -0.0142019 -0.0142649 -0.0144812 -0.0148409 -0.0152928 -0.0157904 -0.0162927 -0.0166669 -0.0168388 -0.0167415 -0.0162555 -0.0153453 -0.0140103 -0.0122696 -0.0101875 -0.00785965 -0.00543413 -0.00304609 -0.00082558 0.00106792 0.00251509 0.00347761 0.00395273 0.0039715 0.00363204 0.00305364 0.00234076 0.00156883 0.000825689 0.000195148 -0.000284345 -0.000630712 -0.000841111 -0.000943396 -0.000983824 -0.000975493 -0.000947788 -0.000872561 -0.000814413 -0.000799756 -0.000805767 -0.000835304 -0.0008504 -0.000915523 -0.00100606 -0.00110674 -0.00121637 -0.00130869 -0.00142481 -0.00152117 -0.00161456 -0.00169607 -0.00175556 -0.00181301 -0.00184127 -0.00187776 -0.00189657 
0 7.23424e-05 0.000164524 0.000259469 0.000318763 0.000348195 0.000372724 0.000406348 0.000416611 0.00039535 0.000360419 0.000333145 0.000323209 0.000305867 0.000306754 0.000329237 0.000387969 0.00049141 0.000637738 0.000847033 0.001083 0.00136381 0.00171402 0.00215512 0.00268554 0.00328566 0.00400072 0.00486706 0.00588297 0.00701891 0.00823576 0.00945163 0.0105689 0.0114502 0.0120073 0.0121206 0.0116582 0.0105953 0.00893089 0.00677272 0.004229 0.00148944 -0.00123685 -0.00379153 -0.00601793 -0.00777362 -0.00896971 -0.00958956 -0.00962942 -0.00914491 -0.00821306 -0.00697245 -0.00549747 -0.00389569 -0.00225528 -0.00063138 0.000950325 0.00247138 0.00390375 0.00527922 0.00660382 0.00787582 0.00911593 0.0103703 0.0116056 0.0128665 0.0141536 0.0154606 0.0167829 0.0181247 0.0194607 0.0207816 0.0220564 0.0232678 0.0243814 0.0253563 0.02619 0.0268397 0.0272862 0.0275223 0.0275289 0.027282 0.0268144 0.0260989 0.0251636 0.0240242 0.0226936 0.0211913 0.0195847 0.0178751 0.0161262 0.0143754 0.0126509 0.0109741 0.00940707 0.00793616 0.00657637 0.00532403 0.00418663 0.00313587 0.00216979 0.00125146 0.000378486 -0.000494865 -0.00139037 -0.00233245 -0.00332987 -0.0044443 -0.00566682 -0.00700883 -0.00847381 -0.0100622 -0.0117349 -0.0135035 -0.0153107 -0.0171306 -0.0189283 -0.02067 -0.0223097 -0.0238478 -0.0252178 -0.0264135 -0.0274188 -0.0282064 -0.0287683 -0.0291248 -0.0292469 -0.0291567 -0.0288725 -0.0284008 -0.0277733 -0.0270136 -0.0261553 -0.0252192 -0.0242344 -0.0232351 -0.0222605 -0.0213091 -0.0204543 -0.0197005 -0.0190698 -0.018595 -0.0183074 -0.0181904 -0.0182701 -0.0185415 -0.0189754 -0.0195183 -0.0201214 -0.0207047 -0.0211296 -0.0213148 -0.0211392 -0.0205112 -0.0193565 -0.0176788 -0.0155079 -0.0129147 -0.0100149 -0.00699728 -0.00401615 -0.00124295 0.00111627 0.00294941 0.0041643 0.0047847 0.00484165 0.00444471 0.00375281 0.0028778 0.00192758 0.00100995 0.000222087 -0.000390875 -0.000825825 -0.00110583 -0.00123979 -0.00129376 -0.00129171 -0.00124187 -0.00116343 -0.00108384 -0.0010629 -0.00107098 -0.00109379 -0.00112778 -0.00119367 -0.001304 -0.00142245 -0.00154633 -0.00166718 -0.00179339 -0.00191434 -0.00202078 -0.00211434 -0.00218918 -0.00224913 -0.00229208 -0.00233124 -0.00235776 
0 7.77115e-05 0.000172987 0.00027072 0.00033558 0.000372724 0.000405767 0.000443321 0.000461976 0.000448681 0.000421342 0.000403324 0.000400524 0.000399449 0.000414263 0.000455434 0.000535753 0.000663148 0.000841945 0.00108158 0.00136188 0.00169628 0.00211306 0.0026351 0.00326146 0.00398487 0.0048467 0.00588538 0.00710158 0.00846103 0.00990866 0.0113505 0.0126627 0.0136984 0.014336 0.0144383 0.0138715 0.0125908 0.0106135 0.00804815 0.00503989 0.00180336 -0.00142428 -0.00444441 -0.00707054 -0.00914059 -0.0105497 -0.0112673 -0.0112982 -0.0107014 -0.00957681 -0.00806569 -0.00627588 -0.0043255 -0.00232068 -0.000329424 0.00160831 0.0034656 0.00522032 0.00689421 0.00849815 0.0100378 0.0115352 0.0130232 0.0144895 0.0159581 0.0174354 0.0189139 0.0203867 0.0218495 0.0232833 0.0246676 0.0259806 0.0272042 0.0283091 0.0292633 0.0300584 0.0306575 0.0310432 0.0312112 0.0311481 0.0308419 0.0303151 0.029555 0.0285787 0.0274066 0.0260526 0.0245343 0.0228952 0.0211473 0.0193322 0.0174863 0.0156378 0.0138092 0.0120357 0.0103193 0.00867364 0.00710036 0.00559838 0.0041562 0.00277239 0.0014286 0.000121758 -0.001168 -0.00245816 -0.00376772 -0.00510903 -0.0065143 -0.00798631 -0.00953726 -0.011173 -0.0128872 -0.0146578 -0.0164825 -0.0183239 -0.020163 -0.0219779 -0.0237368 -0.0254069 -0.0269803 -0.0284104 -0.0296832 -0.0307828 -0.0316811 -0.0323631 -0.0328373 -0.033084 -0.0331154 -0.032947 -0.0325871 -0.0320536 -0.0313716 -0.030567 -0.0296619 -0.0286862 -0.0276779 -0.0266692 -0.0256811 -0.0247728 -0.023967 -0.0232932 -0.0227908 -0.0224904 -0.0223898 -0.0225066 -0.0228346 -0.0233408 -0.0239678 -0.0246545 -0.0253024 -0.0257712 -0.0259459 -0.0256962 -0.0249089 -0.0235063 -0.0214836 -0.0188775 -0.0157745 -0.0123174 -0.00871112 -0.00514872 -0.00183857 0.000997576 0.00320935 0.00470417 0.00548645 0.00560427 0.00518301 0.00439249 0.00337595 0.0022628 0.00118225 0.000244649 -0.000493522 -0.00102395 -0.00136654 -0.00154609 -0.00162345 -0.00163253 -0.00158624 -0.00150535 -0.00142692 -0.00139774 -0.00140251 -0.00142232 -0.00145663 -0.00152559 -0.00163636 -0.00176366 -0.00189629 -0.0020301 -0.00216804 -0.00230085 -0.00242233 -0.00252857 -0.00261629 -0.00268601 -0.0027373 -0.00278119 -0.0028097 
0 9.07182e-05 0.000187719 0.000293642 0.000358994 0.000406348 0.000443321 0.000476279 0.000503324 0.000488144 0.000472672 0.000460244 0.000464165 0.000488116 0.000516405 0.000590894 0.000696029 0.000857408 0.00107968 0.00135085 0.00168852 0.00207761 0.00256663 0.00316855 0.00388446 0.00473014 0.00573229 0.00693458 0.00834024 0.00991128 0.011575 0.013235 0.0147267 0.0159146 0.0166264 0.016709 0.0160428 0.0145395 0.0122598 0.0092939 0.00583419 0.00212074 -0.00158765 -0.00505084 -0.00804718 -0.0104047 -0.0120052 -0.0127908 -0.0127993 -0.0120692 -0.0107412 -0.00895034 -0.00683819 -0.00453418 -0.00216391 0.000203348 0.00250633 0.00470557 0.00680298 0.00878163 0.010671 0.0124754 0.0142178 0.0159082 0.017577 0.0192036 0.0208172 0.0224067 0.023958 0.0254645 0.0269186 0.0282835 0.0295494 0.0307071 0.0317169 0.0325736 0.0332603 0.0337566 0.034039 0.0341259 0.033989 0.0336394 0.0330806 0.0323277 0.0313648 0.0302342 0.0289386 0.0274969 0.0259168 0.0242383 0.0224566 0.0206058 0.0187053 0.0167847 0.0148334 0.012881 0.0109386 0.00902082 0.00711015 0.00522951 0.00337646 0.00155431 -0.000251309 -0.00201887 -0.00376458 -0.00549602 -0.00723201 -0.00895385 -0.010684 -0.0124284 -0.0141966 -0.0159638 -0.0177496 -0.0195317 -0.0213022 -0.0230437 -0.0247672 -0.0264264 -0.028019 -0.0295241 -0.030928 -0.0321908 -0.0333214 -0.0342816 -0.035058 -0.0356416 -0.0360367 -0.0362201 -0.0362156 -0.0360281 -0.0356547 -0.0351225 -0.0344545 -0.0336618 -0.032777 -0.0318484 -0.0308825 -0.02994 -0.0290535 -0.0282649 -0.0276048 -0.0271304 -0.0268459 -0.0267905 -0.0269609 -0.0273521 -0.0279357 -0.0286509 -0.0294168 -0.0301242 -0.0306327 -0.0307809 -0.0304525 -0.0294911 -0.0278354 -0.0254632 -0.0224182 -0.0188041 -0.0147954 -0.0105997 -0.00646085 -0.00262275 0.000693509 0.00327752 0.00506488 0.00601901 0.00621682 0.00580051 0.00493571 0.00380675 0.00255779 0.00133653 0.000263375 -0.00059151 -0.0012227 -0.00162941 -0.00186938 -0.0019822 -0.00201038 -0.001986 -0.00190775 -0.00184634 -0.00181 -0.00180977 -0.0018296 -0.00185493 -0.0019267 -0.00202398 -0.00214973 -0.00228134 -0.00241175 -0.00255411 -0.00268464 -0.0028153 -0.0029299 -0.00302665 -0.00310985 -0.00316881 -0.00322213 -0.00325418 
0 9.16039e-05 0.000200491 0.00028601 0.000371805 0.000416611 0.000461976 0.000503324 0.000518909 0.000532478 0.000515138 0.000526985 0.000547665 0.000586701 0.000660544 0.00074736 0.000899711 0.00109166 0.00134982 0.00166985 0.00204079 0.00250025 0.00304983 0.00372752 0.00453745 0.00549965 0.00664712 0.00801435 0.00960165 0.0113756 0.0132547 0.0151026 0.0167836 0.0180982 0.0188794 0.0189489 0.0181584 0.0164615 0.013872 0.0105248 0.00663768 0.00246784 -0.00169627 -0.00556353 -0.00891201 -0.0115262 -0.0132829 -0.0141403 -0.0140822 -0.0132225 -0.0116759 -0.00959057 -0.00715256 -0.0044986 -0.00174772 0.000983105 0.0036497 0.00621002 0.00862968 0.0109321 0.013099 0.0151515 0.0171102 0.0189834 0.0207804 0.0225279 0.0242118 0.0258305 0.0273887 0.028866 0.0302444 0.0315221 0.0326853 0.0336921 0.0345585 0.0352614 0.03578 0.0361253 0.0363099 0.0362905 0.0361008 0.0357383 0.0351889 0.0344688 0.0336106 0.0325862 0.031414 0.03011 0.0286785 0.0271169 0.0254481 0.0236701 0.0217765 0.0197701 0.0176838 0.0155252 0.0132869 0.0109877 0.00866466 0.00632198 0.00396456 0.00162122 -0.00069191 -0.00298444 -0.00524028 -0.00743034 -0.00955168 -0.0116196 -0.0136229 -0.0155468 -0.0173935 -0.0191858 -0.0209143 -0.0225837 -0.0242124 -0.0257981 -0.0273105 -0.028784 -0.0302079 -0.0315548 -0.0328243 -0.0340208 -0.0350897 -0.0360484 -0.0368842 -0.0375701 -0.0380924 -0.0384626 -0.0386449 -0.0386517 -0.0384928 -0.0381728 -0.0376961 -0.0370992 -0.0363984 -0.0356115 -0.0347954 -0.0339805 -0.0331991 -0.0325088 -0.0319491 -0.0315372 -0.0313397 -0.0313551 -0.0316025 -0.0320887 -0.0327621 -0.0335726 -0.0344343 -0.0351975 -0.0357295 -0.035865 -0.0354189 -0.0342909 -0.0323692 -0.0296379 -0.026158 -0.0220359 -0.0174706 -0.0127003 -0.00798704 -0.00361466 0.000157904 0.00314662 0.00521603 0.00636831 0.00667493 0.00627794 0.00537956 0.00415543 0.00279465 0.00145122 0.000252534 -0.000725507 -0.00144776 -0.00194262 -0.00224182 -0.00239721 -0.00246244 -0.00243997 -0.00239442 -0.00233136 -0.00229565 -0.00229393 -0.00229322 -0.00233163 -0.00237856 -0.00247037 -0.00258354 -0.00269794 -0.00283313 -0.00295356 -0.00309199 -0.00321858 -0.0033379 -0.00344944 -0.00352975 -0.0036076 -0.00365436 -0.00369008 
0 8.97694e-05 0.000173767 0.000262903 0.000332047 0.00039535 0.000448681 0.000488144 0.000532478 0.000553966 0.00058455 0.000618455 0.000663583 0.000747599 0.000835344 0.000972454 0.00114349 0.00137174 0.00167182 0.00201039 0.00243748 0.00293672 0.0035521 0.0043013 0.00519548 0.00628565 0.00758418 0.00912052 0.0109017 0.0128819 0.0149595 0.0170114 0.0188343 0.0202767 0.0211006 0.0211209 0.0202278 0.018308 0.0154476 0.011743 0.0074581 0.00287523 -0.00170195 -0.00595573 -0.00960772 -0.0124544 -0.0143585 -0.015232 -0.0151279 -0.0141053 -0.0123389 -0.00996679 -0.00719659 -0.00417746 -0.00106231 0.0020565 0.00508951 0.00797624 0.0107319 0.0133066 0.0157221 0.0179946 0.0201382 0.022127 0.0240357 0.0258108 0.0274904 0.0290732 0.0305544 0.0319203 0.0331798 0.0342941 0.0352705 0.0360983 0.0367609 0.0372796 0.0376321 0.0378363 0.0378828 0.0377942 0.0375619 0.0372156 0.036724 0.0361287 0.0353831 0.0345178 0.0335287 0.0324271 0.0311649 0.0297913 0.0282497 0.0265478 0.0246798 0.0226675 0.0204501 0.0180759 0.0155537 0.0129251 0.0101755 0.00736775 0.00450962 0.00164827 -0.00122079 -0.00402668 -0.00676872 -0.00941887 -0.0119778 -0.0143639 -0.0166061 -0.0186933 -0.0206356 -0.0224089 -0.0240751 -0.0256019 -0.0270362 -0.0283818 -0.0296756 -0.0308913 -0.0320661 -0.0331696 -0.0342457 -0.0352585 -0.0362277 -0.0371349 -0.0379703 -0.0386974 -0.0393396 -0.0398468 -0.0402187 -0.0404553 -0.0405266 -0.0404484 -0.040227 -0.0398724 -0.03941 -0.03888 -0.0382737 -0.0376814 -0.0370907 -0.0365706 -0.0361613 -0.0359147 -0.0358362 -0.0360011 -0.0363869 -0.0369937 -0.0377948 -0.0387235 -0.0396734 -0.0405019 -0.0410706 -0.0411589 -0.0406297 -0.0393045 -0.0371209 -0.0340371 -0.0301166 -0.0254973 -0.0203999 -0.0150567 -0.00978662 -0.00489954 -0.000635003 0.00273759 0.00514497 0.00651635 0.0069588 0.00663142 0.00570411 0.0044158 0.00295401 0.00149482 0.000174882 -0.000916067 -0.00174932 -0.00231604 -0.00269348 -0.00289612 -0.00298146 -0.00299469 -0.00294581 -0.00290812 -0.00285819 -0.00283999 -0.00284111 -0.00285206 -0.00290239 -0.00296302 -0.00306308 -0.00317181 -0.00328512 -0.00341061 -0.00353083 -0.00366103 -0.0037795 -0.003885 -0.00397645 -0.00404319 -0.00409345 -0.00411721 
0 7.93083e-05 0.000162537 0.000220537 0.000301882 0.000360419 0.000421342 0.000472672 0.000515138 0.00058455 0.00063752 0.000716044 0.000799897 0.000914659 0.00106289 0.00122413 0.00144528 0.00170514 0.00203347 0.00241232 0.00286197 0.00341852 0.0040871 0.00490628 0.00589606 0.00711178 0.00856567 0.0102789 0.0122438 0.0144197 0.0166991 0.0189122 0.0208942 0.0224241 0.0232803 0.0232582 0.022223 0.020116 0.0169753 0.0129443 0.00830319 0.00334992 -0.00159374 -0.00616424 -0.0100927 -0.0131328 -0.0151456 -0.0160597 -0.0158696 -0.0147041 -0.012707 -0.0100344 -0.00692495 -0.00355046 -5.14343e-05 0.00342462 0.00680396 0.0100222 0.0130557 0.0158922 0.0185118 0.0209409 0.0231933 0.0252558 0.0271671 0.0289354 0.0305519 0.0320234 0.0333619 0.0345549 0.035594 0.0364953 0.0372617 0.0378587 0.0383197 0.0386528 0.0388283 0.0388941 0.0388745 0.0387309 0.038505 0.0382118 0.0378087 0.0373274 0.0367773 0.0361131 0.0353316 0.0344326 0.0333771 0.0321573 0.0307568 0.0291515 0.0273127 0.0252317 0.0229145 0.0203785 0.0176125 0.0146453 0.0115213 0.00827828 0.00494293 0.00157729 -0.00178132 -0.00509777 -0.00832479 -0.0114002 -0.0143029 -0.0170093 -0.0195014 -0.0217497 -0.0237556 -0.0255424 -0.0271268 -0.0285147 -0.0297625 -0.0308832 -0.0318755 -0.0328025 -0.0336901 -0.0345151 -0.0353296 -0.036143 -0.036917 -0.0376913 -0.0384643 -0.0391856 -0.0398654 -0.04049 -0.0410067 -0.0414227 -0.0417327 -0.0419169 -0.0419714 -0.041918 -0.0417599 -0.0415015 -0.0411897 -0.040866 -0.0405347 -0.0402684 -0.0401117 -0.0400784 -0.0402298 -0.0405951 -0.0411746 -0.0419763 -0.0429457 -0.0440298 -0.0451086 -0.0460131 -0.0466059 -0.0466767 -0.0460234 -0.0445328 -0.0420914 -0.0386669 -0.0343399 -0.0292436 -0.023621 -0.0177303 -0.011906 -0.00649 -0.00176095 0.00204564 0.00477719 0.00640697 0.00702456 0.00677996 0.00588031 0.00454353 0.00300938 0.00145339 2.13368e-05 -0.00118635 -0.00211575 -0.00277873 -0.00322281 -0.00347393 -0.00359503 -0.00361034 -0.00359244 -0.0035492 -0.00349912 -0.0034753 -0.00345722 -0.00348051 -0.0035029 -0.00355396 -0.00363017 -0.00371261 -0.00381906 -0.00391049 -0.00402627 -0.00413484 -0.00423954 -0.00434176 -0.00441597 -0.00449096 -0.0045256 -0.00454571 
0 7.39503e-05 0.000136765 0.000189423 0.000260281 0.000333145 0.000403324 0.000460244 0.000526985 0.000618455 0.000716044 0.000825665 0.000943976 0.00110118 0.00128415 0.00149589 0.00175238 0.00205648 0.00242828 0.0028451 0.00334806 0.00395836 0.00469425 0.00558767 0.00666974 0.0080093 0.00961613 0.0114956 0.0136436 0.0160074 0.018465 0.0208436 0.0229407 0.0245489 0.0254114 0.0253205 0.02416 0.0218568 0.0184748 0.0141557 0.00919858 0.00392237 -0.00133349 -0.00619176 -0.0103401 -0.0135364 -0.0156301 -0.0165282 -0.016255 -0.0149227 -0.0126987 -0.00974762 -0.00631621 -0.00259302 0.00125449 0.00508501 0.0087883 0.0122854 0.0155665 0.0185881 0.021344 0.023866 0.0261634 0.0282148 0.0300832 0.0317494 0.0332259 0.034526 0.035662 0.0366278 0.037433 0.0380832 0.0385968 0.0389664 0.0392208 0.0393875 0.0394462 0.0394364 0.0393676 0.0392307 0.0390479 0.0388403 0.0385665 0.0382564 0.0378793 0.0374125 0.0368424 0.0361517 0.0352736 0.0342093 0.0329071 0.0313457 0.0295077 0.027396 0.0249738 0.0222664 0.0192801 0.0160531 0.0126006 0.00898114 0.00523232 0.0014282 -0.00238429 -0.00612349 -0.0097471 -0.0131973 -0.0164414 -0.0194128 -0.0221116 -0.0245167 -0.0266258 -0.0284357 -0.0299836 -0.0312597 -0.0323268 -0.0332148 -0.0339594 -0.0345997 -0.0351859 -0.0357122 -0.0362466 -0.0367927 -0.0373509 -0.0379446 -0.0385736 -0.0391998 -0.0398504 -0.0404968 -0.0411077 -0.0416823 -0.0421924 -0.0426185 -0.0429499 -0.0431911 -0.0433442 -0.0434178 -0.0434271 -0.0434318 -0.0434204 -0.043464 -0.0436129 -0.0438901 -0.0443303 -0.0449896 -0.0458459 -0.0468933 -0.0480924 -0.0493713 -0.0506013 -0.051618 -0.0522716 -0.0523311 -0.0516081 -0.0499555 -0.0472804 -0.0435404 -0.0388173 -0.0332726 -0.0271555 -0.0207392 -0.0143911 -0.00847153 -0.00326405 0.00095973 0.0040583 0.00597303 0.00680058 0.00669497 0.00584654 0.00450993 0.0029307 0.00130306 -0.000217804 -0.00152195 -0.00254744 -0.00329432 -0.00381753 -0.0041287 -0.00428779 -0.00434245 -0.00434444 -0.00432222 -0.00426835 -0.00422904 -0.00420434 -0.00420395 -0.00421195 -0.00422912 -0.00427431 -0.00433217 -0.00440581 -0.00448138 -0.00457045 -0.00466292 -0.00474849 -0.00482886 -0.0048956 -0.00495199 -0.00497816 -0.00498067 
0 7.41435e-05 0.000127468 0.000174442 0.000240831 0.000323209 0.000400524 0.000464165 0.000547665 0.000663583 0.000799897 0.000943976 0.00110028 0.00129907 0.00152879 0.00179228 0.00209265 0.00244371 0.00285839 0.00332242 0.00388008 0.00455283 0.00536259 0.00633715 0.00752038 0.00898492 0.0107412 0.0127828 0.0150998 0.0176337 0.020253 0.0227743 0.0249793 0.0266511 0.0275188 0.0273688 0.0260886 0.0236122 0.0200085 0.0154331 0.0101962 0.00463725 -0.000885478 -0.00598027 -0.0103094 -0.0136248 -0.015768 -0.0166396 -0.01627 -0.014773 -0.0123253 -0.00910846 -0.00537607 -0.00134038 0.00281668 0.00694437 0.0109152 0.0146432 0.0181124 0.0212691 0.0241062 0.0266517 0.0289161 0.0308871 0.0326285 0.034132 0.035414 0.0364921 0.0373836 0.0380929 0.0386374 0.0390389 0.0393222 0.0394939 0.0395841 0.0396263 0.0396069 0.0395672 0.0395137 0.0394387 0.0393506 0.0392631 0.0391353 0.0389887 0.0387897 0.0385084 0.0381132 0.0375759 0.0368279 0.0358588 0.0346167 0.0330751 0.0312101 0.0290245 0.0264952 0.0236443 0.0204766 0.0170252 0.0133117 0.00939939 0.00533772 0.00120273 -0.00294704 -0.00702277 -0.0109662 -0.0147098 -0.0182148 -0.0214224 -0.0243217 -0.0268823 -0.0290962 -0.0309581 -0.0324989 -0.033716 -0.0346665 -0.0353812 -0.0359078 -0.0362968 -0.0366098 -0.0368572 -0.0371089 -0.0373738 -0.0376672 -0.0380186 -0.0384414 -0.0389096 -0.0394551 -0.040052 -0.0406762 -0.041324 -0.0419706 -0.0425876 -0.0431601 -0.0436797 -0.0441389 -0.0445402 -0.0448963 -0.045258 -0.0456179 -0.0460378 -0.0465631 -0.0472149 -0.048019 -0.0490319 -0.0502285 -0.0515943 -0.0530898 -0.0546313 -0.0560758 -0.0572573 -0.058009 -0.058095 -0.0573238 -0.0555418 -0.0526589 -0.0486326 -0.043548 -0.0375836 -0.0309963 -0.024082 -0.017231 -0.0108215 -0.00515426 -0.00051192 0.00295228 0.00517297 0.00624173 0.00630884 0.00556229 0.00426884 0.00268532 0.00101756 -0.000572108 -0.00196159 -0.00307991 -0.00391855 -0.00452283 -0.00490027 -0.00510401 -0.00519643 -0.00522421 -0.00521566 -0.00516006 -0.00510441 -0.00506659 -0.0050452 -0.00503044 -0.00501624 -0.00502546 -0.00505011 -0.00508676 -0.00513226 -0.00518801 -0.00524977 -0.00530445 -0.00535519 -0.00540291 -0.00543958 -0.00545109 -0.00543642 
0 6.3858e-05 0.000114466 0.000142273 0.000218281 0.000305867 0.000399449 0.000488116 0.000586701 0.000747599 0.000914659 0.00110118 0.00129907 0.0015314 0.00182129 0.00212254 0.00247389 0.0028669 0.00331799 0.00383983 0.00444552 0.00519003 0.00607449 0.00713542 0.00843001 0.0100247 0.0119341 0.0141475 0.016633 0.0193317 0.0221101 0.0247491 0.0270589 0.0287675 0.029629 0.0294244 0.0280201 0.0254008 0.0215996 0.016812 0.0113417 0.00554657 -0.000200863 -0.00548222 -0.00996303 -0.0133671 -0.0155278 -0.0163712 -0.0158902 -0.0142442 -0.0115918 -0.00814313 -0.00415202 0.000138486 0.00455707 0.00891223 0.0130809 0.0169792 0.0205503 0.0237744 0.0266242 0.0291269 0.0312917 0.0331375 0.0346792 0.0359722 0.0370086 0.0378234 0.0384486 0.038908 0.0392036 0.0393942 0.0394991 0.0395212 0.0395132 0.0394962 0.0394617 0.039442 0.0394624 0.0394803 0.0395235 0.039582 0.039623 0.0396232 0.0395866 0.0394402 0.0391589 0.0386991 0.0380243 0.0370723 0.0358329 0.0342646 0.0323518 0.0300656 0.0274324 0.0244478 0.0211317 0.0174994 0.0136141 0.00950986 0.00525694 0.000915403 -0.00342778 -0.00772146 -0.0118779 -0.0158353 -0.0195288 -0.022939 -0.0260084 -0.0287139 -0.0310344 -0.0329911 -0.0345628 -0.0357841 -0.0366897 -0.0373216 -0.0376988 -0.0379175 -0.0380081 -0.038011 -0.0379843 -0.0379788 -0.0379855 -0.0380697 -0.0382457 -0.0385045 -0.0388661 -0.0393433 -0.0398952 -0.0405223 -0.0412223 -0.0419452 -0.0426806 -0.0434246 -0.0441593 -0.0448634 -0.0455845 -0.0463128 -0.0470725 -0.0479031 -0.0488484 -0.0499107 -0.0511482 -0.0525674 -0.0541692 -0.0559281 -0.057782 -0.0596518 -0.0613778 -0.0627848 -0.0636858 -0.0638614 -0.0630758 -0.061218 -0.058161 -0.0538855 -0.0484854 -0.0421417 -0.0351259 -0.027762 -0.0204457 -0.0135686 -0.00746875 -0.00239571 0.00143414 0.00399183 0.00533642 0.00560337 0.00500717 0.0037865 0.00223212 0.000549084 -0.00109125 -0.00255439 -0.00375562 -0.00469171 -0.00537165 -0.00581772 -0.00607483 -0.00619603 -0.0062621 -0.00625319 -0.00619882 -0.00612503 -0.00605607 -0.00601853 -0.00595993 -0.00591791 -0.00588363 -0.00586417 -0.00586909 -0.00586837 -0.0058972 -0.00591728 -0.00593535 -0.00595604 -0.00596697 -0.00598489 -0.00596358 -0.00592649 
0 6.43098e-05 9.32105e-05 0.000137927 0.000195569 0.000306754 0.000414263 0.000516405 0.000660544 0.000835344 0.00106289 0.00128415 0.00152879 0.00182129 0.00214625 0.00251607 0.00290056 0.00334044 0.00383417 0.00439662 0.00506725 0.00586914 0.00683379 0.00798773 0.00940162 0.0111334 0.013213 0.0155957 0.0182627 0.0211294 0.0240427 0.0268188 0.0291906 0.0309405 0.0317802 0.0315014 0.0300004 0.0272301 0.0232714 0.0183121 0.0126557 0.0066748 0.000771751 -0.0046684 -0.00924514 -0.0127168 -0.0148987 -0.0156893 -0.0151423 -0.0133623 -0.0105455 -0.00691858 -0.00273153 0.00177022 0.00635816 0.0108843 0.0151787 0.0191515 0.0227667 0.0259696 0.0287563 0.0311524 0.0331677 0.0348119 0.0361454 0.0371754 0.0379443 0.0384942 0.0388635 0.039077 0.0391907 0.0392204 0.0391984 0.0391624 0.0391265 0.0391097 0.0391359 0.039206 0.039311 0.039469 0.0396575 0.039859 0.0400505 0.0402064 0.0402598 0.0401868 0.0399485 0.039502 0.0387919 0.0378083 0.0365025 0.0348472 0.0328329 0.0304704 0.0277264 0.0246173 0.0211783 0.0174572 0.0134753 0.00929552 0.00497194 0.000568996 -0.00385614 -0.00821516 -0.0124613 -0.0165385 -0.020381 -0.0239085 -0.0271064 -0.029945 -0.0323995 -0.0344507 -0.0361246 -0.037417 -0.0383557 -0.0389772 -0.0393368 -0.0394534 -0.0393909 -0.0392071 -0.0389563 -0.0386754 -0.0384326 -0.0382475 -0.0381442 -0.038154 -0.038293 -0.0385553 -0.0389541 -0.0394812 -0.0401123 -0.0408464 -0.0416602 -0.0425403 -0.0434755 -0.0444637 -0.0454873 -0.0465782 -0.0477315 -0.0489757 -0.0503492 -0.0518765 -0.0535629 -0.0554531 -0.0575219 -0.0597182 -0.06201 -0.0642655 -0.0663303 -0.068029 -0.0691469 -0.0694453 -0.0687374 -0.0668373 -0.0636755 -0.0592223 -0.0535578 -0.0469087 -0.0395245 -0.0317609 -0.024028 -0.0167236 -0.0101881 -0.00472171 -0.000493186 0.00240708 0.00404507 0.00455964 0.0041209 0.00302445 0.0015171 -0.000157525 -0.00182513 -0.00334681 -0.00462721 -0.0056441 -0.00640095 -0.00690958 -0.00720304 -0.00737018 -0.00743993 -0.00744838 -0.0073844 -0.00728574 -0.00720628 -0.00711856 -0.00704636 -0.0069563 -0.00688161 -0.0068257 -0.00676641 -0.00673889 -0.00670352 -0.00668375 -0.00665547 -0.00662301 -0.00661328 -0.00657987 -0.00654127 -0.00646971 
0 5.89974e-05 0.000103614 0.000135233 0.000216948 0.000329237 0.000455434 0.000590894 0.00074736 0.000972454 0.00122413 0.00149589 0.00179228 0.00212254 0.00251607 0.00292729 0.00337527 0.00386333 0.00439867 0.00502648 0.0057501 0.00662609 0.00767341 0.00892882 0.0104749 0.0123593 0.0146011 0.0171731 0.0200101 0.0230337 0.0260927 0.0289573 0.0314147 0.0331684 0.0339811 0.033645 0.0320288 0.0291479 0.0250485 0.019956 0.0141639 0.0080549 0.00202991 -0.00349013 -0.00814885 -0.0116636 -0.0138454 -0.0146358 -0.0140314 -0.0121834 -0.00926448 -0.00552205 -0.001203 0.00340974 0.00812143 0.0127162 0.0170511 0.021045 0.024605 0.0277266 0.0303922 0.0326123 0.0344073 0.0358382 0.0368958 0.0376791 0.0381988 0.0385101 0.0386617 0.0387075 0.0386673 0.0386107 0.0385561 0.0385227 0.0385389 0.0386067 0.0387355 0.0389204 0.0391827 0.0394837 0.0398197 0.040152 0.0404601 0.0406678 0.040782 0.0407219 0.0404509 0.0399187 0.0391294 0.0380096 0.0365797 0.0348044 0.0326814 0.0301688 0.0273238 0.0241454 0.0206708 0.0169014 0.0129252 0.00876608 0.00449857 0.000151679 -0.00420166 -0.00854387 -0.0127746 -0.0168509 -0.0207027 -0.0243216 -0.0276165 -0.0305646 -0.0331304 -0.0353362 -0.0371317 -0.0385654 -0.0396284 -0.0403466 -0.0407248 -0.040851 -0.0407329 -0.0404477 -0.0400342 -0.0395697 -0.039078 -0.0386344 -0.0382666 -0.03801 -0.0378704 -0.0378864 -0.0380491 -0.0383646 -0.0388581 -0.0394996 -0.0402879 -0.0412178 -0.0422697 -0.0434167 -0.0447014 -0.0460735 -0.0475818 -0.0492277 -0.0510339 -0.0530099 -0.0551984 -0.0575685 -0.0601354 -0.0628391 -0.065595 -0.0682974 -0.0707607 -0.0727982 -0.0741791 -0.0746883 -0.0740878 -0.0722524 -0.0690554 -0.0645012 -0.0586784 -0.0517883 -0.0441145 -0.0360253 -0.0279303 -0.0202381 -0.0133296 -0.00746107 -0.00287547 0.000385327 0.0023393 0.00310026 0.00288324 0.0019194 0.000502965 -0.00113559 -0.00281214 -0.00436908 -0.00571158 -0.00680719 -0.00762231 -0.0081862 -0.00852369 -0.00870541 -0.00880358 -0.00880017 -0.00873963 -0.00862904 -0.00851266 -0.00841102 -0.00828587 -0.00816942 -0.00804456 -0.00793041 -0.00783182 -0.00773212 -0.00765592 -0.0075693 -0.00748566 -0.00741182 -0.00734132 -0.00728168 -0.00719091 -0.00709114 
0 6.56293e-05 0.000107315 0.000168274 0.000249752 0.000387969 0.000535753 0.000696029 0.000899711 0.00114349 0.00144528 0.00175238 0.00209265 0.00247389 0.00290056 0.00337527 0.00386842 0.00441256 0.00500764 0.00570033 0.00650873 0.00747011 0.00862039 0.0099996 0.0116944 0.0137336 0.016155 0.0188983 0.0219129 0.0250914 0.0282642 0.0312378 0.0337318 0.0354956 0.0362673 0.0358568 0.0341597 0.031171 0.0269747 0.0217941 0.0159107 0.00970868 0.00361638 -0.00198645 -0.00669383 -0.0102548 -0.0124649 -0.0132498 -0.0126538 -0.0107847 -0.00783717 -0.00406998 0.000273992 0.00492966 0.00964786 0.0142511 0.0185601 0.0224857 0.0259425 0.0289102 0.0313855 0.0333893 0.0349497 0.0361233 0.0369492 0.037486 0.0377877 0.0379198 0.0379355 0.0378739 0.0378055 0.0377434 0.0377124 0.0377573 0.0378809 0.0380701 0.0383691 0.0387319 0.0391397 0.0395928 0.0400529 0.0404659 0.0408257 0.0410631 0.0411272 0.0409828 0.0406037 0.0399456 0.0389889 0.0377115 0.0361029 0.0341422 0.0318513 0.0292442 0.0263218 0.0230967 0.0196167 0.015918 0.0120416 0.00801462 0.00387918 -0.000316601 -0.0045218 -0.00869432 -0.0127908 -0.0167813 -0.0205986 -0.0241846 -0.0275102 -0.0305505 -0.0332566 -0.0356087 -0.0375907 -0.0391998 -0.0404248 -0.041294 -0.0418291 -0.042042 -0.0419641 -0.041676 -0.0411995 -0.0406025 -0.0399608 -0.0393047 -0.0386695 -0.0381386 -0.0377096 -0.0374233 -0.0373183 -0.0373932 -0.0376499 -0.0381183 -0.0387778 -0.0396333 -0.0406824 -0.0419194 -0.0433353 -0.0449276 -0.0467163 -0.048698 -0.0508935 -0.0533218 -0.0559836 -0.0588631 -0.0619506 -0.0651594 -0.0684246 -0.0715899 -0.0744876 -0.0769175 -0.0786289 -0.0793937 -0.0790086 -0.0772844 -0.0741409 -0.069576 -0.0636622 -0.0566384 -0.0487638 -0.0404392 -0.0320716 -0.0240719 -0.0168268 -0.0106269 -0.00567671 -0.00207357 0.000197596 0.0012476 0.00124873 0.000473159 -0.000836089 -0.00241045 -0.00406343 -0.00564091 -0.00703093 -0.00818985 -0.00906723 -0.0096868 -0.0100644 -0.0102833 -0.0103808 -0.0103827 -0.010307 -0.0101697 -0.0100285 -0.009869 -0.0097149 -0.00954327 -0.00936927 -0.00920785 -0.0090424 -0.00890367 -0.00875657 -0.00861742 -0.00847567 -0.00833719 -0.00822364 -0.00809474 -0.00796432 -0.00781481 
0 7.85598e-05 0.000146155 0.000229171 0.000337536 0.00049141 0.000663148 0.000857408 0.00109166 0.00137174 0.00170514 0.00205648 0.00244371 0.0028669 0.00334044 0.00386333 0.00441256 0.00501385 0.00567104 0.00643928 0.00733689 0.00839946 0.00967225 0.0111989 0.013065 0.0152885 0.0178927 0.0208268 0.0240126 0.0273353 0.0306202 0.0336654 0.0362001 0.0379533 0.0386853 0.0382182 0.0364478 0.0333803 0.0291089 0.0238591 0.0179086 0.0116392 0.00548063 -0.000176824 -0.0049503 -0.0085742 -0.0108412 -0.0116909 -0.011158 -0.00934703 -0.00645281 -0.00273596 0.00155796 0.00615535 0.0108116 0.0153225 0.0195211 0.0233202 0.0266154 0.0293983 0.0316745 0.0334503 0.0347704 0.035716 0.0363216 0.0366746 0.0368374 0.0368756 0.0368407 0.0367769 0.0367417 0.0367554 0.0368365 0.0370223 0.0373054 0.0376666 0.0381362 0.038664 0.0392299 0.0398128 0.0403581 0.0408047 0.0411395 0.0412913 0.0412408 0.0409528 0.0403955 0.0395329 0.0383658 0.0368679 0.0350514 0.0329119 0.0304738 0.0277428 0.0247591 0.021556 0.0181642 0.0145862 0.0108734 0.00704699 0.00314367 -0.000805473 -0.00476768 -0.00872219 -0.0126046 -0.0163964 -0.0200659 -0.0235847 -0.0269027 -0.0299893 -0.0327953 -0.0353011 -0.0374656 -0.0392861 -0.0407349 -0.0418175 -0.0425427 -0.0429359 -0.0430079 -0.0428218 -0.042387 -0.0417639 -0.0410188 -0.0401994 -0.0393564 -0.038578 -0.0378704 -0.037289 -0.0368801 -0.0366518 -0.0366299 -0.0368457 -0.0372917 -0.0379806 -0.0389187 -0.0401086 -0.0415609 -0.0432622 -0.0452477 -0.0475038 -0.0500308 -0.0528495 -0.0559534 -0.0593 -0.0628865 -0.0666183 -0.0703952 -0.074063 -0.0774336 -0.0802894 -0.0823702 -0.0834482 -0.0833137 -0.0817824 -0.0787643 -0.0742695 -0.0683723 -0.0612964 -0.0533242 -0.0448581 -0.0363042 -0.0280793 -0.0205812 -0.0140976 -0.00884191 -0.00491606 -0.00233107 -0.000996096 -0.000736348 -0.00131463 -0.0024852 -0.00398009 -0.00560515 -0.00719411 -0.00863456 -0.00985519 -0.0107912 -0.0114632 -0.0118818 -0.01212 -0.0122182 -0.0122041 -0.0121084 -0.0119411 -0.0117544 -0.0115498 -0.0113433 -0.0111241 -0.0108936 -0.0106703 -0.0104489 -0.0102436 -0.0100357 -0.00982772 -0.00962163 -0.00942382 -0.00924309 -0.00905949 -0.00887235 -0.00868051 
0 9.79712e-05 0.0002024 0.000315391 0.000462246 0.000637738 0.000841945 0.00107968 0.00134982 0.00167182 0.00203347 0.00242828 0.00285839 0.00331799 0.00383417 0.00439867 0.00500764 0.00567104 0.0064006 0.00725739 0.00826187 0.00944877 0.0108661 0.0125649 0.0146213 0.0170478 0.0198475 0.0229828 0.0263481 0.0298172 0.0332118 0.0363151 0.0388746 0.040598 0.0412733 0.0407377 0.0388911 0.0357525 0.0314213 0.0261229 0.0201267 0.0138068 0.0075837 0.00186193 -0.00300429 -0.00672944 -0.00910394 -0.0100773 -0.00967234 -0.00799662 -0.00523932 -0.00166268 0.0024889 0.0069392 0.0114534 0.0158022 0.019832 0.023451 0.0265443 0.0291154 0.031181 0.0327487 0.0338736 0.034655 0.0351206 0.0353728 0.0354757 0.0355035 0.0355032 0.0355268 0.0356148 0.0357842 0.0360402 0.0364125 0.0368875 0.0374422 0.0380918 0.0387744 0.039459 0.0401075 0.040667 0.0410754 0.0413214 0.0413309 0.041096 0.040583 0.0397814 0.0386646 0.0372507 0.0355145 0.0334834 0.031161 0.0285976 0.0257998 0.0228139 0.0196657 0.0163909 0.012987 0.00950901 0.00594971 0.00233414 -0.00131306 -0.00495919 -0.00861068 -0.0122141 -0.0157697 -0.0192471 -0.0226285 -0.0258682 -0.0289522 -0.0318222 -0.0344562 -0.036793 -0.0388254 -0.0405142 -0.0418605 -0.0428489 -0.0434976 -0.0437944 -0.0437902 -0.0434849 -0.0429366 -0.0421936 -0.0413062 -0.0403275 -0.0393514 -0.0383987 -0.0375413 -0.0368336 -0.0362895 -0.0359499 -0.0358511 -0.0360061 -0.0364395 -0.0371777 -0.0382278 -0.0396153 -0.0413197 -0.0433893 -0.0458052 -0.0485647 -0.0516877 -0.0551646 -0.0589286 -0.0629738 -0.067198 -0.0714656 -0.0756271 -0.0794748 -0.0827742 -0.0852547 -0.086688 -0.0868499 -0.085567 -0.0827391 -0.07839 -0.0726004 -0.0655755 -0.0576211 -0.0491282 -0.0404981 -0.0321461 -0.024477 -0.0177726 -0.0122603 -0.00804673 -0.00517164 -0.00356477 -0.00304927 -0.00342955 -0.00445254 -0.00585966 -0.00744586 -0.0090379 -0.0105207 -0.0117961 -0.0127905 -0.0135168 -0.0139845 -0.0142457 -0.0143479 -0.0143164 -0.0141959 -0.0139923 -0.0137474 -0.013488 -0.0132136 -0.0129343 -0.012635 -0.012338 -0.0120539 -0.0117721 -0.0114994 -0.0112186 -0.0109467 -0.0106888 -0.0104367 -0.0101991 -0.00995578 -0.00972553 
