0 0 0 0 0 0 0 0 0 0 0 0 0 0 0 0 0 0 0 0 0 0 0 0 0 0 0 0 0 0 0 0 0 0 0 0 0 0 0 0 0 0 0 0 0 0 0 0 0 0 0 0 0 0 0 0 0 0 0 0 0 0 0 0 0 0 0 0 0 0 0 0 0 0 0 0 0 0 0 0 0 0 0 0 0 0 0 0 0 0 0 0 0 0 0 0 0 0 0 0 0 0 0 0 0 0 0 0 0 0 0 0 0 0 0 0 0 0 0 0 0 0 0 0 0 0 0 0 0 0 0 0 0 0 0 0 0 0 0 0 0 0 0 0 0 0 0 0 0 0 0 0 0 0 0 0 0 0 0 0 0 0 0 0 0 0 0 0 0 0 0 0 0 0 0 0 0 0 0 0 0 0 0 0 0 0 0 0 0 0 0 0 0 0 0 0 0 0 0 0 
0 -2.44727e-05 -4.91383e-05 -8.30994e-05 -9.38064e-05 -9.66131e-05 -8.51415e-05 -6.7337e-05 -4.5024e-05 7.31037e-06 6.87083e-05 0.000143222 0.000214651 0.000293589 0.000395114 0.000508246 0.000637868 0.000775831 0.000942835 0.0011346 0.0013558 0.00159574 0.00185019 0.00210745 0.00232477 0.00250256 0.00259668 0.00260581 0.0024923 0.00223932 0.0018806 0.00141116 0.000883138 0.000319646 -0.000227595 -0.000716336 -0.00112712 -0.00143628 -0.00161165 -0.00165902 -0.00158665 -0.00139091 -0.00111029 -0.000738425 -0.000330488 0.000111557 0.000577768 0.00103645 0.00148785 0.00193176 0.00236418 0.00277584 0.00318023 0.00356543 0.00394499 0.00429714 0.00463681 0.00495326 0.00524022 0.0054835 0.00568368 0.00582821 0.00589015 0.00588166 0.00579131 0.00560321 0.00532034 0.00495895 0.00448251 0.00392101 0.00327529 0.00254296 0.00173636 0.000881398 -3.26146e-05 -0.000976755 -0.00193239 -0.00288149 -0.00380363 -0.00467339 -0.0054733 -0.006197 -0.00682494 -0.00733757 -0.00773726 -0.00802803 -0.00818628 -0.00823758 -0.0081854 -0.00801087 -0.00772454 -0.00736598 -0.0069147 -0.00638288 -0.00578565 -0.00513735 -0.00444571 -0.00373083 -0.00297689 -0.00221247 -0.00144488 -0.000667644 0.000122516 0.000902471 0.00168615 0.00245537 0.00321534 0.00396452 0.00468177 0.00534215 0.00597597 0.00655598 0.00705754 0.00748335 0.00783491 0.00808509 0.00824431 0.00830085 0.00824453 0.0080713 0.00778471 0.00738564 0.00687767 0.00626329 0.00555734 0.00477083 0.00391377 0.00302128 0.00209426 0.00115425 0.000222721 -0.00069007 -0.00158128 -0.00240874 -0.00319052 -0.00390722 -0.00454669 -0.00510672 -0.00559652 -0.00599066 -0.00629994 -0.00653156 -0.00668386 -0.00676135 -0.00678235 -0.00676237 -0.00669203 -0.00660677 -0.00650327 -0.00640113 -0.0063019 -0.00622052 -0.00616102 -0.00613164 -0.00611206 -0.00612178 -0.00614588 -0.00614847 -0.00614499 -0.00608997 -0.00597637 -0.00577309 -0.00547005 -0.00506741 -0.00456349 -0.00396011 -0.00329946 -0.00260602 -0.00190242 -0.00124824 -0.000660876 -0.000201742 0.000136024 0.000339786 0.000406843 0.00037436 0.000258338 0.000102475 -8.78431e-05 -0.000279876 -0.000452893 -0.000584588 -0.00067774 -0.000739812 -0.00076414 -0.000768515 -0.00074256 -0.000712125 -0.000667231 -0.000614246 -0.000570676 -0.000524964 -0.000496146 -0.000457055 -0.000422522 -0.000401409 -0.000385224 -0.000383897 -0.000366421 -0.000354651 
0 -4.91383e-05 -0.00011557 -0.000165797 -0.00020403 -0.00019863 -0.000173607 -0.000142963 -7.82266e-05 1.50178e-05 0.000153097 0.000301666 0.000445016 0.000613629 0.000806365 0.00103649 0.00128797 0.00155898 0.00188912 0.00227057 0.00270832 0.0031955 0.00370382 0.00421718 0.00466397 0.00500119 0.00520321 0.0052041 0.00497137 0.00447556 0.00373719 0.0028207 0.00175602 0.000637365 -0.00044565 -0.00142417 -0.00223438 -0.00283771 -0.00317934 -0.00325748 -0.00308497 -0.00269764 -0.00210559 -0.00137336 -0.000559629 0.000327167 0.00123695 0.00215348 0.00305171 0.00393052 0.0047855 0.00561331 0.00638715 0.00715794 0.00789068 0.00856756 0.00922942 0.00982838 0.0103561 0.0108065 0.0111645 0.0113975 0.0115143 0.0114662 0.0112753 0.010897 0.0103342 0.00959296 0.00867051 0.00756036 0.00629038 0.00486682 0.00329172 0.00160371 -0.000170682 -0.00199327 -0.00385612 -0.00568127 -0.00746411 -0.00916547 -0.010739 -0.0121281 -0.0133652 -0.0143777 -0.0151753 -0.0157521 -0.0161038 -0.0161996 -0.0160924 -0.0157624 -0.0152481 -0.0145357 -0.0136419 -0.0126002 -0.0114622 -0.0101833 -0.00881701 -0.00739415 -0.0059222 -0.00440113 -0.00287095 -0.00130396 0.0002545 0.00180441 0.0033607 0.00491359 0.00640098 0.00785945 0.00926289 0.0105963 0.0118249 0.0129383 0.0139066 0.0147611 0.0154277 0.0159092 0.0162036 0.0162968 0.0161456 0.0158119 0.0152414 0.0144408 0.0134291 0.0122401 0.0108518 0.00932945 0.00768479 0.00594824 0.00413696 0.00231679 0.000502896 -0.00128758 -0.00300351 -0.00462825 -0.00616256 -0.00756739 -0.00881443 -0.0099323 -0.0108701 -0.0116545 -0.0122739 -0.0127419 -0.0130654 -0.0132602 -0.0133211 -0.013313 -0.013215 -0.0130559 -0.0128944 -0.0127122 -0.0125368 -0.0123939 -0.0122953 -0.0122296 -0.0122164 -0.0122369 -0.0122926 -0.0123298 -0.0123214 -0.0122382 -0.0120179 -0.0116157 -0.0110119 -0.0102107 -0.0091882 -0.00799309 -0.00666556 -0.00527348 -0.00388496 -0.00255634 -0.00140141 -0.000470964 0.000208739 0.000611075 0.000762327 0.000693914 0.000471903 0.00016556 -0.000207917 -0.000584725 -0.000914965 -0.00117702 -0.00134999 -0.00146876 -0.00152378 -0.00152074 -0.00149277 -0.00142674 -0.00135261 -0.00126181 -0.00116766 -0.00110235 -0.0010279 -0.000963291 -0.000892419 -0.000836233 -0.000816946 -0.000785047 -0.00075887 -0.000716602 
0 -8.30994e-05 -0.000165797 -0.000259374 -0.000293715 -0.000293037 -0.000251354 -0.00018813 -0.000102944 5.68814e-05 0.000250818 0.000476879 0.000699068 0.00094319 0.00124254 0.00157731 0.00195336 0.00235892 0.00284614 0.0034122 0.00406849 0.00478858 0.00555369 0.0063228 0.00698283 0.00750981 0.00779404 0.00780859 0.00745951 0.00670457 0.00562208 0.0042268 0.00265077 0.000981199 -0.000635414 -0.0020765 -0.00327271 -0.00415422 -0.00463821 -0.00473419 -0.00446855 -0.00385019 -0.00297382 -0.00185344 -0.000624524 0.00069371 0.00206655 0.00342071 0.00474881 0.00604953 0.0073129 0.00851492 0.00967798 0.0107797 0.0118382 0.0128037 0.0137079 0.0145231 0.0152352 0.0158151 0.0162647 0.0165559 0.0166333 0.0165165 0.0161823 0.0155891 0.0147397 0.0136658 0.0122901 0.0106737 0.00882594 0.00674885 0.00447489 0.00207052 -0.000474566 -0.00309158 -0.00573441 -0.00835221 -0.0108991 -0.0133147 -0.0155518 -0.0175873 -0.0193761 -0.020861 -0.0220392 -0.0229115 -0.023422 -0.0236174 -0.0235093 -0.0230583 -0.0222926 -0.0212984 -0.0200403 -0.0185506 -0.0168684 -0.0150231 -0.0130391 -0.010964 -0.00876968 -0.00652138 -0.00424514 -0.00193318 0.000408541 0.00272273 0.00503147 0.00729 0.00949852 0.0116522 0.0137018 0.0155923 0.0173805 0.0190041 0.0204046 0.0215854 0.0225368 0.0231977 0.0235871 0.0236778 0.023445 0.0228907 0.0220237 0.0208516 0.0193912 0.0176573 0.015682 0.0134988 0.011134 0.00866458 0.00609818 0.0034913 0.000895207 -0.00165983 -0.00415278 -0.00648666 -0.00869164 -0.0107173 -0.0125314 -0.0141323 -0.0155341 -0.0166879 -0.0176186 -0.0183455 -0.0188669 -0.0191961 -0.0193716 -0.0194316 -0.019356 -0.0192214 -0.0190315 -0.0188285 -0.0186234 -0.0184579 -0.0183481 -0.0183127 -0.0183159 -0.018395 -0.0185125 -0.0185788 -0.0186072 -0.0184854 -0.0181726 -0.0175837 -0.0166869 -0.0154795 -0.0139587 -0.0121469 -0.0101557 -0.0080671 -0.0059617 -0.00399539 -0.00224469 -0.000860536 0.000156492 0.000775173 0.000998192 0.000919898 0.000600445 0.000155037 -0.000385333 -0.000931493 -0.00141882 -0.0017916 -0.00205237 -0.00222335 -0.00229594 -0.00230983 -0.00225337 -0.0021789 -0.00206984 -0.00193958 -0.00182645 -0.001713 -0.00163045 -0.00152347 -0.00142071 -0.00134476 -0.00128245 -0.00124646 -0.00117352 -0.0011067 
0 -9.38064e-05 -0.00020403 -0.000293715 -0.000345378 -0.000328184 -0.000271505 -0.000195193 -6.78807e-05 0.000120778 0.000379714 0.000666152 0.000955628 0.00128601 0.00167032 0.00211741 0.0026113 0.00315361 0.00380278 0.0045622 0.00543573 0.00640696 0.0074266 0.0084439 0.00933385 0.0100101 0.0103987 0.0103946 0.00992341 0.00893871 0.00748791 0.00567143 0.00358579 0.001396 -0.000722051 -0.00262179 -0.00418546 -0.00532386 -0.0059471 -0.00604671 -0.00565262 -0.00482525 -0.00361682 -0.00213319 -0.000489842 0.00127227 0.00307677 0.00487468 0.00662928 0.00833132 0.00997141 0.0115348 0.0129944 0.0143968 0.0157031 0.016883 0.0179788 0.0189375 0.0197406 0.0203788 0.0208354 0.0210727 0.0210859 0.0208297 0.0203166 0.0194902 0.0183502 0.0169057 0.0151418 0.0130635 0.0107081 0.00809027 0.0052296 0.00218792 -0.000990532 -0.00424489 -0.00754427 -0.0107899 -0.0139571 -0.016988 -0.0198111 -0.0223539 -0.0246273 -0.0265352 -0.0280713 -0.0292188 -0.0299517 -0.0302406 -0.0301378 -0.0296211 -0.0287384 -0.0274955 -0.0259097 -0.0240325 -0.021931 -0.0195704 -0.0170157 -0.0143168 -0.0114863 -0.0085457 -0.00555239 -0.00249331 0.000568089 0.00360745 0.00663107 0.00960655 0.0124589 0.0152168 0.0178404 0.0202958 0.0225484 0.0245688 0.0263109 0.0277964 0.0289395 0.0297238 0.0301489 0.0301919 0.0298099 0.0290716 0.0279321 0.0264053 0.024529 0.0223483 0.0198568 0.0171348 0.0142098 0.0111292 0.00792607 0.00468724 0.00144984 -0.00175096 -0.00484346 -0.00778396 -0.0105657 -0.0131308 -0.0154377 -0.0175111 -0.0193019 -0.0208271 -0.0220835 -0.0230899 -0.0238568 -0.0244018 -0.0247341 -0.0249276 -0.0249637 -0.0248907 -0.0247811 -0.0246296 -0.0244759 -0.0243661 -0.0243217 -0.0243397 -0.0244348 -0.0245925 -0.024793 -0.0249471 -0.0250012 -0.0248797 -0.024475 -0.0236996 -0.0225124 -0.0209088 -0.0188731 -0.0164786 -0.0138253 -0.0110408 -0.00825849 -0.00561713 -0.00330197 -0.00143093 -5.66092e-05 0.000780976 0.00111947 0.00103196 0.000637872 6.09458e-05 -0.000639959 -0.00135199 -0.00198276 -0.00247911 -0.0028188 -0.00304289 -0.0031489 -0.0031561 -0.00310453 -0.00299631 -0.00286075 -0.00269705 -0.00253108 -0.00239796 -0.00226176 -0.00212874 -0.00198969 -0.00187469 -0.00180464 -0.00172609 -0.00164441 -0.00154668 
0 -9.66131e-05 -0.00019863 -0.000293037 -0.000328184 -0.000303257 -0.000231577 -0.000131168 1.31058e-05 0.000240616 0.00053551 0.000873223 0.00122689 0.00162655 0.00210415 0.00265487 0.00327325 0.00396317 0.00477955 0.005735 0.00683334 0.00804282 0.00931581 0.0105733 0.0116717 0.0125174 0.012985 0.0129805 0.0123939 0.0111759 0.00939987 0.00715287 0.00459758 0.00191264 -0.000684692 -0.00300447 -0.00491016 -0.00628594 -0.00702782 -0.00712654 -0.00661982 -0.00555957 -0.00404992 -0.00218421 -0.000116805 0.00208162 0.00433526 0.00655922 0.00871554 0.0107899 0.0127661 0.0146181 0.0163485 0.0179572 0.0194371 0.0207523 0.0219263 0.0229298 0.0237428 0.0243435 0.0247243 0.0248548 0.0246963 0.0242461 0.0234914 0.0223913 0.0209469 0.0191781 0.0170411 0.0145729 0.0117996 0.0087371 0.00542209 0.00192347 -0.00173218 -0.00547659 -0.00925303 -0.0129872 -0.0166274 -0.0201061 -0.0233572 -0.0263328 -0.0289893 -0.03125 -0.0330925 -0.0344981 -0.0354149 -0.0358529 -0.0358258 -0.0353043 -0.0343191 -0.0329289 -0.0311289 -0.0289591 -0.0264694 -0.0236827 -0.0206435 -0.0174043 -0.0139691 -0.0103992 -0.00674462 -0.00301929 0.000735371 0.00445786 0.00813886 0.011727 0.0151873 0.0185061 0.02163 0.024508 0.0271512 0.0295035 0.0315071 0.0331575 0.0344188 0.0352458 0.0356464 0.0355988 0.0350812 0.0341197 0.032721 0.0309028 0.0286997 0.0261454 0.0232694 0.020126 0.0167571 0.0132303 0.00957811 0.00587194 0.00216697 -0.00149442 -0.00506084 -0.00845361 -0.0116728 -0.0146643 -0.0173892 -0.019848 -0.0220308 -0.0239091 -0.0254965 -0.02681 -0.0278528 -0.0286415 -0.0292105 -0.0296063 -0.029826 -0.0299345 -0.0299713 -0.0299703 -0.0299611 -0.0299946 -0.0300958 -0.0302739 -0.0305145 -0.030825 -0.0311564 -0.0314074 -0.0315291 -0.0314007 -0.0309193 -0.0299745 -0.028513 -0.026522 -0.0240041 -0.0210244 -0.0177266 -0.0142588 -0.01078 -0.00749673 -0.00459037 -0.00223894 -0.000500451 0.000584879 0.00104231 0.000983198 0.000533302 -0.000157084 -0.000998735 -0.00186329 -0.00263932 -0.00325125 -0.00368478 -0.00396465 -0.00409679 -0.00411538 -0.00404124 -0.00391159 -0.00373352 -0.00352418 -0.0033214 -0.00313587 -0.00297001 -0.00279309 -0.00262065 -0.00248206 -0.00237729 -0.00228654 -0.00217318 -0.00205889 
0 -8.51415e-05 -0.000173607 -0.000251354 -0.000271505 -0.000231577 -0.000143929 -2.20185e-05 0.000148303 0.000404885 0.000736188 0.00111819 0.00153184 0.0020017 0.00256313 0.00321504 0.00395501 0.0047955 0.00578278 0.00694007 0.00826337 0.00971697 0.0112394 0.0127281 0.0140341 0.0150299 0.0155769 0.0155567 0.0148525 0.0134187 0.011325 0.00868595 0.00568891 0.00254889 -0.000486995 -0.00319649 -0.0054124 -0.00699361 -0.00783468 -0.00791405 -0.00727412 -0.00598377 -0.00416053 -0.00192982 0.000549174 0.00317003 0.00584145 0.00846677 0.0109941 0.0133957 0.0156497 0.0177288 0.0196348 0.0213658 0.0229173 0.0242681 0.0254267 0.0263776 0.0270971 0.0275684 0.0277804 0.02771 0.0273234 0.0266203 0.025584 0.0241904 0.0224401 0.0203495 0.0178991 0.0151181 0.0120329 0.00866322 0.00504543 0.00123653 -0.00272228 -0.00677263 -0.0108508 -0.0148918 -0.0188355 -0.0226179 -0.0261664 -0.0294312 -0.0323568 -0.034882 -0.0369691 -0.0385922 -0.0397005 -0.0402913 -0.040362 -0.0398993 -0.0389171 -0.0374541 -0.0355145 -0.03314 -0.0303727 -0.0272448 -0.0237984 -0.0200904 -0.0161469 -0.0120286 -0.00778749 -0.00346385 0.000891641 0.00521584 0.0094791 0.0136215 0.0175988 0.0213781 0.0249123 0.0281482 0.0310724 0.0336332 0.0357892 0.0375227 0.0388067 0.0396042 0.0399212 0.039744 0.0390704 0.0379184 0.0363068 0.0342525 0.0317965 0.0289743 0.0258276 0.0224049 0.0187584 0.0149446 0.0110105 0.00702016 0.00303028 -0.000915193 -0.00476565 -0.00846015 -0.0119829 -0.015288 -0.0183394 -0.0211246 -0.023635 -0.025842 -0.0277553 -0.029385 -0.0307362 -0.0318207 -0.0326764 -0.0333374 -0.0338215 -0.0341843 -0.0344691 -0.034714 -0.0349505 -0.0352257 -0.0355639 -0.0359732 -0.0364401 -0.0369609 -0.0374746 -0.0378832 -0.0381052 -0.0380133 -0.0374824 -0.0363935 -0.034683 -0.0323292 -0.0293482 -0.0258181 -0.021899 -0.0177674 -0.0136198 -0.00969345 -0.00620831 -0.00336005 -0.00124003 0.000109984 0.000721183 0.000712883 0.000237456 -0.000543739 -0.00150331 -0.00249903 -0.0034018 -0.00412296 -0.00464349 -0.00497712 -0.00514023 -0.00516633 -0.00508256 -0.00492834 -0.00471521 -0.00446806 -0.004224 -0.00399649 -0.003788 -0.00357175 -0.00336242 -0.00318825 -0.00305049 -0.00293 -0.00279284 -0.00265866 
0 -6.7337e-05 -0.000142963 -0.00018813 -0.000195193 -0.000131168 -2.20185e-05 0.000124791 0.000336707 0.000620813 0.000995225 0.00142033 0.00189317 0.00243639 0.00307368 0.0038241 0.00468122 0.00567119 0.00682821 0.00818588 0.00972778 0.0114247 0.0131899 0.0149024 0.0164188 0.0175549 0.0181903 0.0181501 0.0173341 0.0157047 0.0133029 0.0103064 0.00689223 0.00333408 -0.000100444 -0.00316583 -0.00565479 -0.00740554 -0.00832099 -0.00836278 -0.00757269 -0.00605927 -0.0039195 -0.00134735 0.0015193 0.00453393 0.00757409 0.0105524 0.0133936 0.0160566 0.0185145 0.0207525 0.0227431 0.0245166 0.0260421 0.0273272 0.0283701 0.0291639 0.0296849 0.0299358 0.0298951 0.0295407 0.0288762 0.0278705 0.0265269 0.0248361 0.0228018 0.0204185 0.0177255 0.0147116 0.0114166 0.00786799 0.00409593 0.00013137 -0.00395636 -0.00813136 -0.0123388 -0.0165075 -0.0205817 -0.0245063 -0.0282096 -0.0316208 -0.0347029 -0.0373957 -0.0396524 -0.0414319 -0.0427161 -0.043455 -0.0436447 -0.0432827 -0.042379 -0.0409133 -0.0389213 -0.0364322 -0.0334915 -0.0301138 -0.0263599 -0.0222767 -0.017933 -0.0133656 -0.00864419 -0.00382072 0.00102473 0.00584952 0.0105888 0.0151938 0.0195832 0.0237202 0.0275566 0.0310566 0.0341474 0.0368089 0.0390148 0.0407478 0.0419646 0.042674 0.042866 0.0425432 0.0417089 0.0404003 0.038622 0.0364 0.0337795 0.0308061 0.0275092 0.0239499 0.0201868 0.0162504 0.0122081 0.00811694 0.00401908 -4.56129e-05 -0.0040087 -0.00786087 -0.0115495 -0.0150455 -0.0183162 -0.0213521 -0.0241131 -0.026609 -0.0288222 -0.0307575 -0.0324274 -0.0338423 -0.0350259 -0.0360134 -0.0368405 -0.0375295 -0.0381551 -0.038729 -0.0392999 -0.0399037 -0.0405674 -0.0412846 -0.0420674 -0.0428701 -0.0436343 -0.0442739 -0.044646 -0.0446495 -0.044114 -0.0429245 -0.0410047 -0.0383251 -0.0349078 -0.0308639 -0.026347 -0.0215727 -0.0167868 -0.0122259 -0.0081848 -0.00483819 -0.00233249 -0.000709626 8.40716e-05 0.000150177 -0.000316691 -0.00115736 -0.00220242 -0.00329815 -0.00429971 -0.00511551 -0.00570915 -0.00609022 -0.00628569 -0.00631482 -0.00623419 -0.00605522 -0.00581914 -0.00554779 -0.00526607 -0.00501353 -0.00475659 -0.00451013 -0.00426498 -0.00404614 -0.00387375 -0.00369941 -0.00353438 -0.0033645 
0 -4.5024e-05 -7.82266e-05 -0.000102944 -6.78807e-05 1.31058e-05 0.000148303 0.000336707 0.000577817 0.000910076 0.00131236 0.00178183 0.00231512 0.00292031 0.00363887 0.00447814 0.005453 0.00659472 0.00792459 0.00947802 0.0112478 0.0131758 0.0151868 0.017125 0.0188327 0.0201355 0.0208357 0.0207968 0.0198804 0.0180568 0.0153991 0.012049 0.00826701 0.00432441 0.000521224 -0.00285953 -0.00558929 -0.00749 -0.00845197 -0.00844571 -0.00752221 -0.00576833 -0.00336319 -0.000463599 0.00275009 0.00609594 0.00945945 0.0127166 0.0157917 0.0186416 0.0212269 0.0235205 0.0255457 0.0272556 0.0286765 0.029814 0.030639 0.0311799 0.0314275 0.0313678 0.0310025 0.0303326 0.0293226 0.0280052 0.0263498 0.0243765 0.0220881 0.0195 0.0166113 0.013459 0.0100584 0.00643357 0.0026266 -0.00132561 -0.00539567 -0.00954632 -0.0136999 -0.0178403 -0.0218896 -0.025784 -0.0294724 -0.0329276 -0.0360428 -0.0388029 -0.0411468 -0.0430354 -0.0444192 -0.0453045 -0.0456332 -0.0453995 -0.0445682 -0.0431773 -0.0412257 -0.0387214 -0.0356678 -0.0321583 -0.0282159 -0.0238925 -0.0192437 -0.0143576 -0.00928179 -0.00410953 0.00112079 0.00632113 0.0114118 0.0163187 0.0210196 0.0254106 0.0294364 0.0330412 0.0362135 0.0388989 0.0410772 0.0427031 0.0438181 0.0443954 0.044442 0.0439703 0.0430198 0.0415594 0.0396669 0.037367 0.0346876 0.0316599 0.0283627 0.0248062 0.0210592 0.017174 0.0131975 0.00915644 0.0051077 0.00109147 -0.002872 -0.00673042 -0.0104522 -0.0140186 -0.0174081 -0.0205734 -0.0235373 -0.0262482 -0.0287155 -0.0309401 -0.0329207 -0.0346674 -0.0362257 -0.0375838 -0.0387976 -0.039906 -0.0409156 -0.0419009 -0.0428817 -0.0438891 -0.0449529 -0.0460811 -0.0472431 -0.0484219 -0.0495203 -0.0504426 -0.0510597 -0.0512007 -0.0507264 -0.0494936 -0.0474121 -0.0444481 -0.04065 -0.0361168 -0.0310466 -0.0256713 -0.0202583 -0.0151233 -0.0105219 -0.00670432 -0.00381586 -0.00189509 -0.000916432 -0.00073027 -0.00116576 -0.00203338 -0.00313127 -0.00429978 -0.0053818 -0.00626987 -0.00693285 -0.00735484 -0.00757089 -0.00761991 -0.00752248 -0.00733843 -0.00707598 -0.006779 -0.00648379 -0.00618167 -0.00590233 -0.00560752 -0.00532612 -0.00507282 -0.00483324 -0.00462831 -0.00440732 -0.00421001 
0 7.31037e-06 1.50178e-05 5.68814e-05 0.000120778 0.000240616 0.000404885 0.000620813 0.000910076 0.0012606 0.00169604 0.00219639 0.00277791 0.00345225 0.00423963 0.00517285 0.00626895 0.00756712 0.00907894 0.010846 0.0128388 0.0150221 0.0172748 0.0194342 0.0213519 0.0227807 0.0235729 0.0235101 0.0224981 0.0205201 0.017603 0.0139729 0.00984942 0.00557044 0.00144679 -0.00222566 -0.00517718 -0.00720532 -0.00822203 -0.00817585 -0.00711272 -0.00518145 -0.00251155 0.000642939 0.00413947 0.00776356 0.0113576 0.0148218 0.0180615 0.021012 0.0236332 0.0259247 0.0278514 0.0294378 0.0306614 0.0315628 0.0321162 0.0323481 0.0322453 0.0318362 0.0311057 0.0300551 0.0287246 0.0270864 0.0251468 0.0229356 0.0204567 0.0176847 0.0147089 0.011497 0.00808445 0.00450305 0.000783805 -0.00307643 -0.00699799 -0.0109702 -0.0149455 -0.0188911 -0.0227509 -0.0264905 -0.0300598 -0.0333876 -0.036427 -0.0391559 -0.0415073 -0.0434213 -0.0449021 -0.0458688 -0.0462841 -0.0461644 -0.0454894 -0.0441859 -0.0422996 -0.0398374 -0.0368241 -0.0332821 -0.029265 -0.0248125 -0.0200384 -0.0149721 -0.00969011 -0.00428511 0.00114533 0.00656275 0.011855 0.0169662 0.0217966 0.0262777 0.0303657 0.0340314 0.0371599 0.0397611 0.0418418 0.0433704 0.0443315 0.0447732 0.0446761 0.0440714 0.0430004 0.0414854 0.0395514 0.037237 0.0345842 0.0316384 0.0284428 0.0250349 0.0214729 0.0177592 0.0139679 0.0101216 0.00625213 0.00239181 -0.00140318 -0.00516645 -0.00881192 -0.0123405 -0.0157357 -0.0189689 -0.0220054 -0.0248764 -0.027547 -0.0300128 -0.0322918 -0.0343815 -0.0362965 -0.0380429 -0.0396831 -0.0412077 -0.0426836 -0.0441239 -0.0455817 -0.047069 -0.0486121 -0.0502013 -0.0518438 -0.0534566 -0.0549595 -0.0562676 -0.0571675 -0.0575407 -0.0571808 -0.0559613 -0.0537803 -0.0505959 -0.0464633 -0.0415242 -0.0359538 -0.0300283 -0.024069 -0.0183615 -0.013261 -0.0089647 -0.005687 -0.0034727 -0.0022586 -0.00194749 -0.00231454 -0.00318569 -0.00432049 -0.00554102 -0.00668697 -0.00764655 -0.00836454 -0.00882641 -0.00907136 -0.00911919 -0.00902965 -0.00881517 -0.00853182 -0.00820978 -0.00786606 -0.00753691 -0.00719269 -0.00686552 -0.00654347 -0.00623755 -0.00596575 -0.00569642 -0.00545797 -0.0052277 
0 6.87083e-05 0.000153097 0.000250818 0.000379714 0.00053551 0.000736188 0.000995225 0.00131236 0.00169604 0.00214468 0.00267336 0.00330167 0.00403563 0.00490163 0.00593186 0.00715964 0.00862844 0.0103406 0.0123227 0.0145613 0.0169845 0.0194823 0.0218636 0.0239585 0.0255417 0.0263907 0.0263302 0.0252377 0.0231045 0.0199903 0.0160845 0.0116747 0.0070961 0.00268342 -0.00124152 -0.0043858 -0.00654584 -0.00761331 -0.00755493 -0.00642159 -0.00433705 -0.00150653 0.00185777 0.00556885 0.00938949 0.0131588 0.0167492 0.0200583 0.0230266 0.0256015 0.0277754 0.0295621 0.0309226 0.0318868 0.0324914 0.0327027 0.0325666 0.0321 0.0313113 0.0302124 0.0288231 0.0271538 0.0252276 0.0230359 0.0206253 0.0180021 0.0151645 0.0121485 0.00896686 0.00563165 0.0021698 -0.00138174 -0.00500676 -0.00867979 -0.0123812 -0.0160527 -0.0197014 -0.023268 -0.0267054 -0.029998 -0.0331194 -0.035977 -0.0385715 -0.0408362 -0.0427111 -0.0441703 -0.0451846 -0.0456803 -0.0456519 -0.0450473 -0.0438604 -0.0421069 -0.0397655 -0.0368232 -0.0333657 -0.0294163 -0.0250078 -0.0202247 -0.0151444 -0.00982898 -0.00439313 0.00110173 0.00656796 0.0118847 0.0169822 0.0218189 0.0262745 0.0302935 0.0338419 0.0368764 0.0393711 0.0413222 0.0426866 0.0435168 0.0438274 0.0436156 0.0429245 0.0418128 0.0402588 0.0383495 0.0361298 0.0336136 0.0308377 0.0278717 0.0247102 0.0214082 0.0179976 0.0145125 0.0109573 0.00737122 0.00378553 0.000212328 -0.00333117 -0.00679439 -0.0101847 -0.0134968 -0.016683 -0.0197587 -0.0227048 -0.0255087 -0.0281664 -0.0306784 -0.0330526 -0.0353099 -0.0374289 -0.0394763 -0.0414617 -0.0433885 -0.0453265 -0.0472991 -0.049312 -0.0513937 -0.0535364 -0.0557075 -0.057839 -0.0598191 -0.0615423 -0.0628173 -0.0634549 -0.0632875 -0.0621592 -0.0599536 -0.0566329 -0.0522626 -0.0469805 -0.0409935 -0.0345941 -0.0281227 -0.0219327 -0.0163399 -0.0116141 -0.00796219 -0.00543305 -0.00399539 -0.00351145 -0.00379718 -0.0046421 -0.00578813 -0.0070488 -0.00824945 -0.00927073 -0.0100467 -0.0105465 -0.0108083 -0.0108673 -0.0107553 -0.0105218 -0.0102022 -0.00984186 -0.0094655 -0.0090715 -0.00868871 -0.00830979 -0.00795176 -0.00761303 -0.0072809 -0.00698353 -0.00670015 -0.00645033 
0 0.000143222 0.000301666 0.000476879 0.000666152 0.000873223 0.00111819 0.00142033 0.00178183 0.00219639 0.00267336 0.00323764 0.00391866 0.00472495 0.00567523 0.00681005 0.00817864 0.00982315 0.0117433 0.0139561 0.0164363 0.0191144 0.0218508 0.0244477 0.0267234 0.0284284 0.0293424 0.0292653 0.0280946 0.0258308 0.0225288 0.0184015 0.0137397 0.0089033 0.00424085 8.64857e-05 -0.0032459 -0.00553604 -0.00668277 -0.00664758 -0.00547985 -0.00332624 -0.000388958 0.00308906 0.00691684 0.0108459 0.0146889 0.0183162 0.0216203 0.0245228 0.0269703 0.0289655 0.0305064 0.0315833 0.032223 0.0324765 0.0323277 0.0318209 0.0309791 0.0298317 0.0283879 0.0266736 0.0247316 0.0225686 0.0201891 0.0176454 0.0149446 0.0120766 0.00910469 0.00602542 0.00284967 -0.000397324 -0.00368851 -0.00702516 -0.0103696 -0.0137064 -0.0169989 -0.0202531 -0.0234257 -0.0264911 -0.0294389 -0.0322284 -0.0348008 -0.0371612 -0.0392452 -0.0409886 -0.0423778 -0.0433492 -0.0438367 -0.043847 -0.0433362 -0.0422522 -0.0406172 -0.0384227 -0.0356652 -0.0323885 -0.028616 -0.02438 -0.0197763 -0.0148564 -0.009689 -0.00439079 0.000950893 0.00626496 0.0114295 0.016372 0.0210209 0.0252848 0.029125 0.0325099 0.0353615 0.03768 0.0394782 0.0407191 0.0414292 0.0416475 0.0413694 0.0406465 0.0395454 0.0380695 0.0362789 0.0342222 0.0319199 0.0294089 0.0267414 0.0239183 0.0209761 0.0179274 0.0148092 0.0116235 0.00839748 0.00515654 0.00191318 -0.00134571 -0.00456172 -0.00774779 -0.0109043 -0.0139896 -0.0170029 -0.0199561 -0.0228229 -0.0255955 -0.0282843 -0.0308889 -0.0334162 -0.0358597 -0.0382805 -0.0406782 -0.0430717 -0.045507 -0.0480132 -0.050583 -0.0532319 -0.0559479 -0.0586946 -0.0613762 -0.0638811 -0.0660907 -0.0677822 -0.0687677 -0.0688559 -0.0678896 -0.0657438 -0.0623758 -0.0578593 -0.0523447 -0.0460399 -0.0392619 -0.0323814 -0.0257599 -0.0197488 -0.0146213 -0.0106124 -0.00778595 -0.00610248 -0.0054476 -0.00562684 -0.00642352 -0.00756306 -0.00883858 -0.0100767 -0.0111466 -0.0119666 -0.0125018 -0.0127844 -0.0128484 -0.012731 -0.0124734 -0.0121276 -0.0117362 -0.0113159 -0.0108732 -0.0104304 -0.0100061 -0.00960602 -0.00922049 -0.00884342 -0.00849549 -0.00818275 -0.00790436 
0 0.000214651 0.000445016 0.000699068 0.000955628 0.00122689 0.00153184 0.00189317 0.00231512 0.00277791 0.00330167 0.00391866 0.00466745 0.0055596 0.00660679 0.00785895 0.00937818 0.011206 0.0133413 0.0157866 0.0185068 0.0214305 0.0243951 0.0271997 0.0296467 0.0314712 0.0324507 0.0323671 0.0311324 0.0287509 0.0252808 0.0209497 0.0160539 0.010974 0.00607218 0.00169536 -0.0018288 -0.00426937 -0.00552735 -0.00556597 -0.00443217 -0.00228861 0.00066581 0.0041696 0.00802043 0.0119658 0.0157931 0.0193679 0.0225776 0.0253337 0.0275844 0.0293425 0.0305952 0.0313574 0.0316519 0.0315373 0.0310215 0.0301478 0.0289541 0.0274839 0.0257494 0.0237759 0.0216231 0.0192855 0.0167852 0.0141715 0.0114604 0.00863811 0.00577275 0.00285444 -0.000105069 -0.0030822 -0.00605382 -0.00902935 -0.0119803 -0.0148957 -0.0177598 -0.0205706 -0.0232982 -0.0259241 -0.0284514 -0.0308382 -0.0330531 -0.0350881 -0.0368925 -0.0384024 -0.0396168 -0.0404631 -0.0408873 -0.0408764 -0.0404005 -0.0394016 -0.0379048 -0.0358905 -0.0333618 -0.0303415 -0.0268617 -0.0229412 -0.0186686 -0.0140851 -0.00926856 -0.00431621 0.000674944 0.00563804 0.010452 0.0150573 0.0193738 0.0233288 0.0268768 0.0299989 0.0326193 0.0347486 0.0363856 0.0375099 0.0381354 0.0383174 0.03805 0.037388 0.0363846 0.0350662 0.0334753 0.0316677 0.0296577 0.0274792 0.0251645 0.0227255 0.0201845 0.0175527 0.0148572 0.012095 0.00927989 0.00642921 0.0035546 0.000633164 -0.00228138 -0.00520709 -0.008146 -0.0110703 -0.0139629 -0.0168525 -0.0197029 -0.022508 -0.0252855 -0.0280389 -0.0307652 -0.0334759 -0.036218 -0.0389856 -0.0418073 -0.0447093 -0.0477258 -0.0508416 -0.0540616 -0.057366 -0.0607099 -0.0639719 -0.0670388 -0.0697706 -0.0719267 -0.0733145 -0.073724 -0.0729941 -0.0709894 -0.0676649 -0.0630956 -0.0574413 -0.0509157 -0.0438563 -0.0366598 -0.0296968 -0.0233457 -0.0178872 -0.0135722 -0.0104798 -0.00856754 -0.00774062 -0.00780258 -0.00852931 -0.00964017 -0.0109113 -0.01217 -0.0132773 -0.0141354 -0.014706 -0.0150121 -0.0150839 -0.014965 -0.0146898 -0.0143243 -0.0139076 -0.0134493 -0.0129656 -0.0124709 -0.0120069 -0.0115669 -0.0111334 -0.0107069 -0.0102994 -0.00994392 -0.00962124 
0 0.000293589 0.000613629 0.00094319 0.00128601 0.00162655 0.0020017 0.00243639 0.00292031 0.00345225 0.00403563 0.00472495 0.0055596 0.00655084 0.00771277 0.00910157 0.0107851 0.0128103 0.0151765 0.0178554 0.0208316 0.0239879 0.0271797 0.0301889 0.0327804 0.0347311 0.0357451 0.0356595 0.0343604 0.0318518 0.0282389 0.0237016 0.0185899 0.0132684 0.00811849 0.0035032 -0.000237092 -0.00288078 -0.00429589 -0.00446695 -0.00345132 -0.00137733 0.00148843 0.00493759 0.00871357 0.0125708 0.0162949 0.0197336 0.0227673 0.0253176 0.0273322 0.0288017 0.029766 0.030195 0.0301587 0.0297017 0.0288531 0.0276501 0.0261679 0.0244225 0.0224543 0.0203068 0.0180004 0.0155725 0.013034 0.0104258 0.00776035 0.00506829 0.00234721 -0.00035571 -0.00305019 -0.00571636 -0.00834534 -0.0109123 -0.0134436 -0.0159129 -0.0183096 -0.0206446 -0.0229054 -0.0250585 -0.0271126 -0.0290599 -0.0308509 -0.0324796 -0.0339145 -0.0351156 -0.036041 -0.0366747 -0.0369618 -0.0368779 -0.0363706 -0.0354445 -0.0340849 -0.0322792 -0.0300035 -0.0273152 -0.0242186 -0.0207474 -0.016939 -0.0128721 -0.00859557 -0.00420671 0.00024324 0.00465332 0.00894114 0.0130298 0.0168886 0.0204226 0.0235936 0.026364 0.0287276 0.0306496 0.0321287 0.0331511 0.0337654 0.033974 0.0338011 0.0332925 0.0324944 0.0314094 0.0301051 0.0286214 0.0269588 0.0251522 0.0232415 0.0212221 0.0191037 0.0169289 0.0146785 0.0123575 0.00997685 0.00755192 0.00504981 0.00250918 -7.91014e-05 -0.00271119 -0.00539082 -0.00808548 -0.010816 -0.0135606 -0.016323 -0.0190987 -0.0218875 -0.0247142 -0.0275736 -0.0304776 -0.0334596 -0.0365474 -0.0397176 -0.0430442 -0.0465212 -0.0501428 -0.0539052 -0.0577869 -0.0617073 -0.0655622 -0.0692111 -0.0724745 -0.0751498 -0.0769658 -0.077754 -0.0773158 -0.0755125 -0.0723095 -0.0677773 -0.0620709 -0.0554342 -0.0482074 -0.0407889 -0.0336053 -0.0269848 -0.0212834 -0.0167195 -0.0133895 -0.0112909 -0.0102899 -0.0102476 -0.0108976 -0.0119712 -0.0132385 -0.0145115 -0.0156559 -0.0165587 -0.0171747 -0.0175142 -0.0176123 -0.0174918 -0.0172177 -0.0168364 -0.0163955 -0.0159105 -0.0153706 -0.0148367 -0.0143182 -0.0138334 -0.013356 -0.0128647 -0.0124172 -0.0120058 -0.0116464 
0 0.000395114 0.000806365 0.00124254 0.00167032 0.00210415 0.00256313 0.00307368 0.00363887 0.00423963 0.00490163 0.00567523 0.00660679 0.00771277 0.00901286 0.0105576 0.0124355 0.0146789 0.017287 0.0202329 0.0234492 0.0268584 0.0302596 0.0334508 0.036192 0.0382058 0.0392605 0.0391309 0.0377477 0.0351163 0.0313265 0.0266026 0.0212614 0.015689 0.0102765 0.00539942 0.00138744 -0.00149506 -0.00314771 -0.00352871 -0.00268958 -0.000809399 0.00191213 0.00520168 0.00881396 0.01251 0.0160518 0.0192832 0.0221031 0.0244006 0.0261454 0.0273479 0.0279913 0.0281318 0.0277962 0.0270384 0.0259182 0.0244722 0.0227496 0.0208164 0.018694 0.0164184 0.0140551 0.0116046 0.0090985 0.00656897 0.00403586 0.00149428 -0.00100326 -0.00345555 -0.00585697 -0.00818667 -0.010433 -0.0126172 -0.0147157 -0.0167198 -0.0186539 -0.020501 -0.0222556 -0.0239282 -0.0255093 -0.0269534 -0.0282722 -0.0294428 -0.0304411 -0.0312348 -0.031827 -0.0321599 -0.0322131 -0.0319728 -0.0314401 -0.0305506 -0.0292993 -0.02769 -0.0257443 -0.0234373 -0.0207997 -0.0178612 -0.0146809 -0.011279 -0.00771691 -0.00404744 -0.000353768 0.00332637 0.00692733 0.0103931 0.0136359 0.0166364 0.0193604 0.0217729 0.023813 0.0255033 0.0268441 0.0278381 0.0284699 0.0287871 0.0287957 0.0285217 0.0279918 0.027256 0.0263058 0.0251815 0.0239184 0.0225349 0.0210385 0.0194666 0.0178107 0.01607 0.0142661 0.0123916 0.0104406 0.0084206 0.00633327 0.00415492 0.00191381 -0.000395277 -0.00277471 -0.00521835 -0.00770268 -0.0102661 -0.0128863 -0.0155565 -0.018308 -0.0211389 -0.0240442 -0.0270657 -0.0302184 -0.0335093 -0.0369856 -0.0406412 -0.0445118 -0.0485882 -0.0528391 -0.0572466 -0.0617293 -0.066144 -0.0703587 -0.0741754 -0.077339 -0.0796318 -0.0808098 -0.0806998 -0.079162 -0.0761426 -0.0717274 -0.0660707 -0.0594194 -0.0521279 -0.0446153 -0.037278 -0.0305125 -0.0246289 -0.0198778 -0.0163787 -0.0140994 -0.0129811 -0.012834 -0.0134256 -0.0144828 -0.0157515 -0.0170648 -0.0182599 -0.0192272 -0.0199116 -0.020309 -0.0204409 -0.0203447 -0.0200644 -0.0196748 -0.0192133 -0.018683 -0.018113 -0.0175183 -0.0169629 -0.0164322 -0.0158993 -0.0153754 -0.0148638 -0.0144254 -0.0140202 
0 0.000508246 0.00103649 0.00157731 0.00211741 0.00265487 0.00321504 0.0038241 0.00447814 0.00517285 0.00593186 0.00681005 0.00785895 0.00910157 0.0105576 0.0122953 0.0143832 0.016868 0.0197433 0.0229452 0.0264317 0.0300577 0.0336597 0.037012 0.0398368 0.0419095 0.0429259 0.0427352 0.0412376 0.0384364 0.0344731 0.0295234 0.0239437 0.0181013 0.0123991 0.00722507 0.00292155 -0.000275683 -0.00221498 -0.00287953 -0.00233308 -0.00070472 0.00174335 0.00480306 0.00818015 0.0116433 0.0149596 0.0179616 0.0205226 0.0225619 0.0240493 0.0249637 0.0253557 0.0252291 0.0246539 0.0236679 0.0223445 0.0207085 0.0188553 0.0168013 0.0146037 0.0123162 0.00994605 0.00754246 0.00513585 0.00273952 0.000371015 -0.00191847 -0.00417192 -0.00633244 -0.008413 -0.0103959 -0.0122879 -0.014052 -0.0157278 -0.0172934 -0.0187663 -0.0201311 -0.0214071 -0.0225711 -0.0236189 -0.0245596 -0.0253817 -0.0260463 -0.0265574 -0.0269134 -0.027069 -0.0270476 -0.0268436 -0.0264196 -0.0257467 -0.024862 -0.0237348 -0.0223604 -0.0207179 -0.0188437 -0.0167474 -0.0144645 -0.0119854 -0.00937889 -0.00666885 -0.00389244 -0.00106056 0.00174935 0.00451901 0.00719598 0.00976692 0.0121673 0.014362 0.016316 0.018063 0.0195525 0.0207694 0.0217322 0.0224653 0.0229416 0.0231962 0.0232361 0.0230576 0.0226837 0.0221459 0.0214597 0.0206343 0.0196951 0.0186498 0.017519 0.0162917 0.0150082 0.0136311 0.012174 0.0106305 0.00901091 0.00727995 0.0054954 0.00360568 0.0016321 -0.000426927 -0.00257444 -0.00482543 -0.00714988 -0.00957882 -0.0121086 -0.0147367 -0.017502 -0.0203938 -0.0234504 -0.0266781 -0.0301223 -0.0337753 -0.0376962 -0.0418727 -0.0463174 -0.0509978 -0.055876 -0.0608458 -0.0657815 -0.0705161 -0.0748159 -0.0784761 -0.0811972 -0.0827878 -0.0830323 -0.0817912 -0.0790279 -0.0748022 -0.0692703 -0.0627045 -0.0554518 -0.0479233 -0.0405645 -0.0337145 -0.0277544 -0.0228899 -0.0192562 -0.016878 -0.0156453 -0.0154427 -0.0159964 -0.0170548 -0.0183704 -0.0197398 -0.0210209 -0.0220806 -0.0228589 -0.0233379 -0.0235316 -0.023469 -0.0232125 -0.022822 -0.022346 -0.0217962 -0.0211848 -0.0205648 -0.0199645 -0.0193947 -0.0188255 -0.0182502 -0.0177109 -0.0172236 -0.016785 
0 0.000637868 0.00128797 0.00195336 0.0026113 0.00327325 0.00395501 0.00468122 0.005453 0.00626895 0.00715964 0.00817864 0.00937818 0.0107851 0.0124355 0.0143832 0.0167088 0.0194421 0.0225736 0.0260434 0.0297597 0.0335995 0.0373607 0.040824 0.0437074 0.0457496 0.0466969 0.0463731 0.0447075 0.0417076 0.0375141 0.0323265 0.0264819 0.0203462 0.01433 0.00883311 0.00417607 0.000629142 -0.00167745 -0.00269996 -0.00249928 -0.00123038 0.000896745 0.00364199 0.00671744 0.00989853 0.0129519 0.0156958 0.0180203 0.0198177 0.0210752 0.0217749 0.0219332 0.0216091 0.0208524 0.0197048 0.0182554 0.0165413 0.0146224 0.0125479 0.0103607 0.00811206 0.00582576 0.00354334 0.00129538 -0.000907864 -0.00304791 -0.00509599 -0.00705941 -0.00890917 -0.0106528 -0.0122753 -0.0137827 -0.0151779 -0.0164515 -0.0175915 -0.0186264 -0.019525 -0.0203002 -0.0209723 -0.0215136 -0.0219148 -0.0221983 -0.0223369 -0.0223369 -0.0222148 -0.0219492 -0.0215449 -0.0210118 -0.0203458 -0.0195639 -0.0186644 -0.0176145 -0.0164445 -0.0151726 -0.013781 -0.0122757 -0.0106921 -0.00902892 -0.00730483 -0.00553066 -0.00371584 -0.00187727 -3.44997e-05 0.00182286 0.00365285 0.00542208 0.00713443 0.00877628 0.010299 0.0117007 0.012971 0.014104 0.015105 0.0159521 0.0166322 0.0171697 0.0175456 0.0177538 0.0178291 0.0177471 0.0175082 0.0171559 0.0166867 0.0160928 0.0154145 0.01463 0.0137426 0.012764 0.0116986 0.0105365 0.00928729 0.00793701 0.00649833 0.00494726 0.00330071 0.00155621 -0.000300176 -0.00226754 -0.00434385 -0.00655327 -0.00888819 -0.0113667 -0.0140023 -0.0168036 -0.0198196 -0.0230527 -0.0265439 -0.0303321 -0.034422 -0.0388271 -0.0435624 -0.0485698 -0.0538183 -0.0591934 -0.0645558 -0.0697323 -0.0744758 -0.0785505 -0.0816928 -0.0836559 -0.0842443 -0.0833243 -0.0808391 -0.0768611 -0.071532 -0.0651342 -0.0580125 -0.0505787 -0.0432639 -0.0364441 -0.03047 -0.025563 -0.0218761 -0.0194259 -0.0181551 -0.0179148 -0.0184681 -0.0195647 -0.0209426 -0.0224108 -0.0237989 -0.0249875 -0.0258985 -0.0264979 -0.0267906 -0.0268083 -0.0266081 -0.0262545 -0.0257939 -0.0252375 -0.0246214 -0.0239763 -0.0233527 -0.0227486 -0.0221408 -0.0215415 -0.0209626 -0.0204501 -0.0199748 
0 0.000775831 0.00155898 0.00235892 0.00315361 0.00396317 0.0047955 0.00567119 0.00659472 0.00756712 0.00862844 0.00982315 0.011206 0.0128103 0.0146789 0.016868 0.0194421 0.0224281 0.0258096 0.0295182 0.033442 0.0374395 0.0413069 0.0448176 0.047684 0.0496407 0.0504484 0.0499445 0.0480638 0.0448164 0.0403518 0.0348781 0.028722 0.0222494 0.0158738 0.0100047 0.00495873 0.00100375 -0.00171732 -0.00315547 -0.0033709 -0.0025122 -0.00077069 0.00161782 0.00436744 0.00725114 0.0100424 0.0125516 0.0146551 0.0162523 0.0173323 0.0178707 0.0178855 0.0174443 0.0165912 0.0153693 0.0138676 0.0121347 0.0102322 0.00820636 0.00610797 0.00398727 0.00185065 -0.000257564 -0.00229978 -0.00427779 -0.00616644 -0.0079317 -0.00959231 -0.0111281 -0.0125392 -0.0138159 -0.0149642 -0.015981 -0.0168574 -0.0175932 -0.0182094 -0.0186659 -0.0189749 -0.0191507 -0.019164 -0.0190309 -0.0187843 -0.0183925 -0.0178783 -0.0172736 -0.0165612 -0.0157712 -0.0149348 -0.0140368 -0.0131003 -0.012162 -0.0112138 -0.0102778 -0.00936757 -0.0084753 -0.00761049 -0.00678464 -0.00596915 -0.00516912 -0.00438058 -0.00358088 -0.00276197 -0.00193023 -0.00105567 -0.000141168 0.00081034 0.00180853 0.00284169 0.00389027 0.00497131 0.00605169 0.00710061 0.00812856 0.00910818 0.0100082 0.0108465 0.0115885 0.0122033 0.0127216 0.0131166 0.0133684 0.0135056 0.0135125 0.0133701 0.0131195 0.0127488 0.0122601 0.0116652 0.0109692 0.0101637 0.0092556 0.00824228 0.00713818 0.00591117 0.00457672 0.00313744 0.00156583 -0.000131503 -0.00194155 -0.00389993 -0.00600599 -0.00827439 -0.0107322 -0.0134001 -0.0163218 -0.0195035 -0.0229882 -0.0268213 -0.0310031 -0.035549 -0.0404792 -0.0457331 -0.051262 -0.0569505 -0.0626542 -0.0681809 -0.073276 -0.0777017 -0.0811923 -0.0834886 -0.0843943 -0.0837774 -0.0815806 -0.0778634 -0.0727704 -0.0665907 -0.0596624 -0.0523932 -0.0452115 -0.0384995 -0.0325982 -0.0277257 -0.0240434 -0.0215869 -0.0203097 -0.0200714 -0.0206536 -0.0218159 -0.0233009 -0.0249028 -0.0264485 -0.0278132 -0.0289066 -0.0296801 -0.0301221 -0.0302699 -0.0301748 -0.0298998 -0.0294922 -0.0289688 -0.0283785 -0.0277458 -0.0271217 -0.0265049 -0.0258805 -0.025267 -0.0246675 -0.0241286 -0.0236216 
0 0.000942835 0.00188912 0.00284614 0.00380278 0.00477955 0.00578278 0.00682821 0.00792459 0.00907894 0.0103406 0.0117433 0.0133413 0.0151765 0.017287 0.0197433 0.0225736 0.0258096 0.0294286 0.0333389 0.0374371 0.04153 0.0454397 0.0489227 0.0516828 0.0534791 0.0540558 0.053298 0.0511306 0.0475713 0.0427862 0.0369801 0.0304764 0.0236335 0.0168639 0.0105755 0.00510126 0.000681398 -0.00249905 -0.0043939 -0.00506481 -0.00462966 -0.00329539 -0.00126967 0.00115375 0.00374482 0.00628708 0.00859694 0.0105206 0.0119816 0.0129585 0.0134064 0.0133676 0.0128847 0.0120184 0.0108093 0.00934502 0.00767261 0.00587113 0.00395842 0.00200377 6.3517e-05 -0.00187644 -0.0037602 -0.00555139 -0.00726457 -0.00888648 -0.0103595 -0.0117286 -0.0129581 -0.0140467 -0.0149834 -0.0157926 -0.0164451 -0.0169477 -0.0172955 -0.0174975 -0.0175131 -0.0173694 -0.0170679 -0.0165791 -0.0159373 -0.015171 -0.0142615 -0.0132505 -0.0121919 -0.0110589 -0.0099048 -0.0087715 -0.0076663 -0.0066066 -0.0056614 -0.00482572 -0.00413723 -0.00360085 -0.00323067 -0.00301062 -0.00294582 -0.00297816 -0.00310955 -0.00329991 -0.00351993 -0.00372076 -0.00390065 -0.00399958 -0.00400844 -0.00388312 -0.00361187 -0.00318211 -0.00261154 -0.001865 -0.000999415 -3.93774e-05 0.00101129 0.00212292 0.0032304 0.00435538 0.00545416 0.00648336 0.00744619 0.00831703 0.00905221 0.00966276 0.0101371 0.01045 0.010628 0.0106616 0.0105633 0.0103288 0.00998426 0.00951806 0.0089382 0.00823236 0.0074377 0.00649837 0.00544941 0.00429637 0.00300949 0.00158237 4.91048e-05 -0.00165085 -0.0035237 -0.00556297 -0.00782189 -0.0103218 -0.0131014 -0.0161762 -0.0196067 -0.0234136 -0.0276277 -0.0322399 -0.0372781 -0.0426904 -0.0484022 -0.0543065 -0.0602599 -0.0660461 -0.0714015 -0.0761034 -0.0798514 -0.0824107 -0.0835676 -0.0832001 -0.0812661 -0.0777986 -0.07296 -0.0670344 -0.0603505 -0.0532997 -0.0463179 -0.0397655 -0.0339948 -0.0292083 -0.025572 -0.0231619 -0.0219068 -0.0217108 -0.0223523 -0.0236116 -0.0252469 -0.0270217 -0.0287823 -0.0303802 -0.0317193 -0.0327344 -0.0333971 -0.0337463 -0.0338261 -0.0336898 -0.0333848 -0.0329414 -0.0324079 -0.0318223 -0.031218 -0.0306106 -0.0299977 -0.029391 -0.028807 -0.0282621 -0.0277523 
