0 0 0 0 0 0 0 0 0 0 0 0 0 0 0 0 0 0 0 0 0 0 0 0 0 0 0 0 0 0 0 0 0 0 0 0 0 0 0 0 0 0 0 0 0 0 0 0 0 0 0 0 0 0 0 0 0 0 0 0 0 0 0 0 0 0 0 0 0 0 0 0 0 0 0 0 0 0 0 0 0 0 0 0 0 0 0 0 0 0 0 0 0 0 0 0 0 0 0 0 0 0 0 0 0 0 0 0 0 0 0 0 0 0 0 0 0 0 0 0 0 0 0 0 0 0 0 0 0 0 0 0 0 0 0 0 0 0 0 0 0 0 0 0 0 0 0 0 0 0 0 0 0 0 0 0 0 0 0 0 0 0 0 0 0 0 0 0 0 0 0 0 0 0 0 0 0 0 0 0 0 0 0 0 0 0 0 0 0 0 0 0 0 0 0 0 0 0 0 0 
0 0.000424938 0.000852332 0.00131415 0.00178685 0.00230191 0.00282537 0.00333415 0.00381253 0.00420682 0.0045281 0.00473167 0.00481013 0.00475788 0.00457047 0.0043042 0.00397848 0.00364359 0.00332556 0.00305515 0.00286861 0.00277489 0.00277872 0.0028618 0.00302182 0.00322798 0.00345841 0.00367061 0.00383526 0.00394918 0.00397845 0.0039193 0.0037557 0.00349051 0.00313421 0.00267948 0.0021267 0.00149987 0.000807409 5.23092e-05 -0.000740817 -0.00157551 -0.00241293 -0.00324844 -0.00408555 -0.00488072 -0.00563264 -0.00633675 -0.00697486 -0.00754566 -0.00803926 -0.00844582 -0.00878129 -0.00902413 -0.00916943 -0.00924146 -0.00922862 -0.00913057 -0.00896027 -0.00872775 -0.00842837 -0.00807047 -0.00767323 -0.00724344 -0.00678522 -0.00631618 -0.00584319 -0.00536575 -0.00490396 -0.00445371 -0.00402793 -0.00363391 -0.00326113 -0.00291096 -0.00260024 -0.00231121 -0.00204958 -0.00182476 -0.0016191 -0.00143041 -0.00126803 -0.00112953 -0.0010121 -0.000911274 -0.000813777 -0.000739663 -0.000686264 -0.000636875 -0.000588675 -0.000559709 -0.000535654 -0.000516598 -0.000499086 -0.000489401 -0.000479553 -0.000475174 -0.00046856 -0.000466982 -0.000462765 -0.000462696 -0.000459929 -0.000460484 -0.000458095 -0.000459759 -0.000457221 -0.000457941 -0.000455889 -0.000457946 -0.000454357 -0.000450056 -0.000446034 -0.000447524 -0.000434146 -0.000417919 -0.000405508 -0.000390592 -0.000359989 -0.000322805 -0.000275357 -0.000227657 -0.000168916 -8.42028e-05 1.16995e-05 0.000110754 0.00023734 0.000382597 0.000535986 0.000724551 0.000939549 0.00116891 0.00142614 0.00171857 0.00203552 0.00238672 0.00276579 0.00317433 0.00360541 0.00405585 0.00452581 0.00500998 0.00549722 0.00597828 0.006448 0.00690139 0.00732321 0.00770285 0.00805563 0.00835152 0.00857945 0.00875765 0.00886365 0.00889056 0.00884756 0.00872373 0.00852226 0.00824309 0.00786735 0.0074247 0.00690574 0.00629912 0.00563165 0.00489877 0.00411007 0.00326628 0.00237276 0.00144417 0.000491356 -0.00049485 -0.0014976 -0.00250001 -0.00350349 -0.00448942 -0.00545848 -0.0063765 -0.00722167 -0.00797495 -0.00861113 -0.00910131 -0.00941701 -0.00955748 -0.0095166 -0.00932286 -0.00897508 -0.0085127 -0.00798275 -0.00741871 -0.006892 -0.00641133 -0.00603359 -0.00577545 -0.0056328 -0.00561506 -0.00566455 -0.00578728 -0.00594597 -0.00611859 -0.00629229 -0.00641112 -0.00648892 -0.0065021 
0 0.000852332 0.00173299 0.00263877 0.00361287 0.00463786 0.0056867 0.00672382 0.00765891 0.00846854 0.00909181 0.00948922 0.00964366 0.00950383 0.00913044 0.00856677 0.00789752 0.00721259 0.00654495 0.00599008 0.00558836 0.00537413 0.0053547 0.00549728 0.00578333 0.00618214 0.00661454 0.00701782 0.00734639 0.00753775 0.00760518 0.00746758 0.00713502 0.00662507 0.0059098 0.0050371 0.00396485 0.00275118 0.00141301 -3.68447e-05 -0.00158323 -0.00318091 -0.00479539 -0.00641937 -0.00800987 -0.00956622 -0.011021 -0.0123939 -0.0136508 -0.0147814 -0.0157412 -0.0165574 -0.0172229 -0.0176955 -0.0180203 -0.0181704 -0.0181667 -0.0179963 -0.0176846 -0.017224 -0.0166773 -0.0159945 -0.0152339 -0.0144234 -0.0135404 -0.0126163 -0.011699 -0.0107842 -0.0098644 -0.00899699 -0.00815525 -0.00736088 -0.00659943 -0.00592915 -0.00529694 -0.00471622 -0.00418762 -0.00373505 -0.00329357 -0.00292939 -0.00262032 -0.00232895 -0.00205803 -0.0018626 -0.00168954 -0.0015313 -0.00139959 -0.00129695 -0.0012149 -0.0011499 -0.00109349 -0.00104742 -0.00102018 -0.000994646 -0.000976588 -0.000959607 -0.000952999 -0.000943323 -0.000940181 -0.000932556 -0.000934078 -0.000928705 -0.000929413 -0.000925113 -0.000927824 -0.000924542 -0.000923473 -0.000916994 -0.000918026 -0.000911534 -0.000901501 -0.000884535 -0.000864969 -0.000848019 -0.000816957 -0.000755566 -0.000693602 -0.000646731 -0.000547822 -0.000421458 -0.00029293 -0.000145517 5.69079e-05 0.000260996 0.000518058 0.000812608 0.00115199 0.00150951 0.00193906 0.00241005 0.00294694 0.00351948 0.00417624 0.0048705 0.00561195 0.00642368 0.00729123 0.00816864 0.00909264 0.0100473 0.0109696 0.0119076 0.0128189 0.0136942 0.0145001 0.0152498 0.015897 0.0164634 0.0168942 0.0172144 0.0174105 0.0174533 0.0173427 0.0170782 0.0166746 0.0160827 0.0153521 0.0144658 0.0134412 0.0122637 0.010955 0.00952392 0.00799403 0.00635308 0.00461094 0.00283157 0.000964281 -0.000933342 -0.00288225 -0.00484829 -0.00679239 -0.00874106 -0.0106356 -0.0124403 -0.0141061 -0.0155872 -0.0168366 -0.0178089 -0.018431 -0.0187104 -0.0186492 -0.018257 -0.0175966 -0.0166843 -0.015645 -0.0145587 -0.0135089 -0.0125994 -0.0118608 -0.011376 -0.0111352 -0.0111074 -0.0112586 -0.0115138 -0.0118582 -0.0122303 -0.0125725 -0.0128446 -0.0129936 -0.0130389 
0 0.00131415 0.00263877 0.00404829 0.00550516 0.00706263 0.00864221 0.0101733 0.0115919 0.0127688 0.0136974 0.014271 0.0144584 0.0142397 0.013624 0.0127496 0.0116972 0.010606 0.00956026 0.00865882 0.00799886 0.00761617 0.00752271 0.00767287 0.00805035 0.0085745 0.00917235 0.00973013 0.0101651 0.0104512 0.0105113 0.0103202 0.00984353 0.00909068 0.00808288 0.00681419 0.00528541 0.00355759 0.00165783 -0.000402885 -0.00256967 -0.00483877 -0.00712421 -0.0094129 -0.011703 -0.0139031 -0.0159955 -0.0179678 -0.0197766 -0.0214078 -0.0228319 -0.0240274 -0.0250207 -0.0257602 -0.0262396 -0.0265036 -0.0265341 -0.0263296 -0.0259205 -0.025332 -0.0245626 -0.0236267 -0.0225726 -0.0214222 -0.0201818 -0.0188953 -0.0175844 -0.0162526 -0.014941 -0.0136544 -0.0124199 -0.011258 -0.0101502 -0.00910944 -0.0081657 -0.00728714 -0.00648845 -0.00578959 -0.00514955 -0.0045694 -0.00406606 -0.0036281 -0.00325125 -0.00292877 -0.00262892 -0.00238772 -0.00220291 -0.00203838 -0.0018875 -0.00178287 -0.00169757 -0.00162849 -0.00156993 -0.0015307 -0.00149688 -0.00147569 -0.00145462 -0.00144455 -0.00143188 -0.00142724 -0.00142037 -0.00141868 -0.00141285 -0.00141424 -0.00140853 -0.00140719 -0.00140144 -0.00140111 -0.0013894 -0.00137343 -0.00135667 -0.00134544 -0.00130183 -0.00124833 -0.00119738 -0.00113145 -0.00102875 -0.000906579 -0.000752283 -0.00058494 -0.000386309 -0.000122066 0.000181728 0.000506118 0.000904795 0.00136199 0.00185761 0.00244425 0.00311064 0.00382931 0.00462881 0.00552031 0.0064863 0.00753721 0.00865975 0.00985526 0.011106 0.0123951 0.0137261 0.0150823 0.016431 0.0177544 0.0190379 0.0202637 0.0213951 0.0224108 0.0233313 0.0240948 0.0246699 0.0250928 0.0253145 0.0253162 0.0251133 0.0246884 0.0240479 0.0231873 0.0220792 0.0207848 0.0192904 0.0175746 0.015697 0.0136531 0.0114654 0.00913194 0.0066659 0.00410393 0.0014607 -0.00127724 -0.00407613 -0.00689412 -0.00972469 -0.0125274 -0.0152871 -0.0179145 -0.0203441 -0.0225154 -0.024353 -0.0257753 -0.0267009 -0.0271215 -0.0270279 -0.0264832 -0.0255073 -0.0242021 -0.0227049 -0.0211274 -0.0196509 -0.0183352 -0.0173191 -0.0166586 -0.0163476 -0.0163872 -0.0166429 -0.0170971 -0.0176558 -0.0182504 -0.0188251 -0.0192495 -0.0195347 -0.0196316 
0 0.00178685 0.00361287 0.00550516 0.00749796 0.00957733 0.0116846 0.0137324 0.0155824 0.0171452 0.0183256 0.0190368 0.019231 0.0188532 0.01798 0.0167258 0.0152446 0.0137051 0.012212 0.0109213 0.00993459 0.00931449 0.00907596 0.00917094 0.00955817 0.0101665 0.0108657 0.0115328 0.0120714 0.0123923 0.0124698 0.0122071 0.011598 0.0106628 0.00938802 0.00781794 0.00592567 0.00378697 0.00143863 -0.00109555 -0.00378379 -0.00656768 -0.00938735 -0.0122249 -0.0150326 -0.0177789 -0.0203875 -0.022862 -0.0251557 -0.0272402 -0.0290563 -0.0306198 -0.0319206 -0.032903 -0.0336029 -0.0340059 -0.0341263 -0.0339539 -0.0335206 -0.0328342 -0.0319563 -0.0308502 -0.0295865 -0.0282039 -0.0266875 -0.025082 -0.0234475 -0.0217888 -0.0201125 -0.0184815 -0.0168874 -0.015357 -0.0138835 -0.0125322 -0.0112636 -0.0100842 -0.00900435 -0.00804982 -0.00715317 -0.00637625 -0.00570224 -0.00508723 -0.00453216 -0.00408748 -0.00369641 -0.00335172 -0.00306246 -0.00282432 -0.0026265 -0.00246775 -0.00233403 -0.00222477 -0.00214532 -0.00208029 -0.00203049 -0.00198938 -0.00196324 -0.00194084 -0.00192624 -0.00191139 -0.00190695 -0.00189771 -0.00189362 -0.00188732 -0.00188563 -0.00187783 -0.00187028 -0.00185685 -0.00184534 -0.00182265 -0.00179128 -0.00174816 -0.00169148 -0.00162754 -0.00153932 -0.00140844 -0.00126098 -0.00111016 -0.00088718 -0.000617479 -0.000322704 2.43394e-05 0.00045426 0.000916752 0.00147206 0.00210774 0.00282356 0.00360822 0.00451232 0.00550219 0.00660131 0.00778575 0.00909077 0.0104694 0.011925 0.013476 0.015096 0.0167327 0.0184161 0.0201202 0.0217728 0.0234091 0.0249837 0.0264727 0.027832 0.0290623 0.0301192 0.0310008 0.0316457 0.0320796 0.0322784 0.0322036 0.0318577 0.0312422 0.0303699 0.029198 0.0277728 0.0260986 0.0241918 0.022039 0.0196755 0.0171182 0.0143915 0.0114833 0.00840968 0.00523734 0.00192435 -0.00148338 -0.00499229 -0.00855409 -0.0121218 -0.0157012 -0.0192141 -0.0225787 -0.0257037 -0.0284989 -0.0308712 -0.0327202 -0.0339325 -0.0344971 -0.0344161 -0.0337249 -0.0325094 -0.0308501 -0.0289464 -0.0269637 -0.025078 -0.0234551 -0.0221983 -0.0214229 -0.0211256 -0.0212539 -0.0217172 -0.0224037 -0.0232438 -0.0241319 -0.0249583 -0.025626 -0.0260656 -0.0262779 
0 0.00230191 0.00463786 0.00706263 0.00957733 0.0121876 0.0148105 0.017326 0.0195974 0.0214788 0.0228769 0.0236763 0.0238098 0.0232462 0.0220464 0.0203744 0.0184082 0.0163498 0.0143576 0.0126014 0.0112204 0.010291 0.00983127 0.00979418 0.0101298 0.0107368 0.0114808 0.0122084 0.0127966 0.0131647 0.0132364 0.0129434 0.0122548 0.0111825 0.00973895 0.00794015 0.00579187 0.00336124 0.000694579 -0.00218154 -0.00521928 -0.00837642 -0.0115791 -0.014801 -0.0180119 -0.021144 -0.0241466 -0.0270005 -0.029663 -0.0320976 -0.0342607 -0.0361379 -0.0377258 -0.0389743 -0.0398842 -0.0404697 -0.0407279 -0.0406547 -0.0402766 -0.0396187 -0.0387015 -0.0375307 -0.0361601 -0.0346258 -0.0329346 -0.0311328 -0.0292604 -0.0273333 -0.0253811 -0.0234408 -0.0215358 -0.0196914 -0.0179088 -0.0162227 -0.0146429 -0.0131628 -0.0118009 -0.0105729 -0.00944348 -0.00842827 -0.00753272 -0.00673479 -0.00603223 -0.00542886 -0.00489355 -0.0044344 -0.00405402 -0.0037277 -0.00344703 -0.00322129 -0.00303653 -0.00288403 -0.00276183 -0.00266588 -0.00259069 -0.00253195 -0.0024873 -0.0024545 -0.00242866 -0.00240919 -0.00239644 -0.00238496 -0.00237512 -0.00236753 -0.00235836 -0.00234627 -0.0023319 -0.00231308 -0.00228498 -0.00224512 -0.00219701 -0.00213565 -0.00204523 -0.00193452 -0.00180463 -0.00163636 -0.00142754 -0.00118381 -0.00088183 -0.000531553 -0.00012876 0.000357132 0.000923065 0.00155131 0.00228423 0.00311829 0.00404434 0.00508562 0.00625163 0.00751812 0.00889996 0.0103954 0.0120013 0.013699 0.0154783 0.0173358 0.0192462 0.0211755 0.0231289 0.0250795 0.0269793 0.0288182 0.0305711 0.032206 0.033683 0.0349862 0.0361005 0.0369854 0.0376019 0.0379677 0.0380509 0.037827 0.0373018 0.0364772 0.0353584 0.0339324 0.0322093 0.0302261 0.0279858 0.0254797 0.0227508 0.0198122 0.0166814 0.0133517 0.00983938 0.00618404 0.00238069 -0.00156509 -0.00563214 -0.00977463 -0.0139617 -0.0181613 -0.0223125 -0.0263053 -0.0300314 -0.0333829 -0.0362391 -0.0384711 -0.0399595 -0.0406703 -0.0406038 -0.0398159 -0.0383832 -0.036442 -0.0342025 -0.0318724 -0.0296805 -0.0277983 -0.0263903 -0.0255618 -0.0253211 -0.025617 -0.0263153 -0.0273128 -0.0284888 -0.029723 -0.0308884 -0.0318434 -0.032533 -0.0329244 
0 0.00282537 0.0056867 0.00864221 0.0116846 0.0148105 0.0179218 0.0208721 0.0235127 0.0256652 0.0272152 0.0280354 0.0280415 0.0272221 0.0256416 0.0234924 0.0209875 0.0183554 0.0158065 0.0135279 0.0116881 0.0103796 0.00962572 0.00938784 0.00960113 0.0101479 0.0108812 0.0116291 0.0122472 0.0126459 0.0127222 0.0124196 0.0116962 0.0105562 0.00902578 0.00710556 0.00482642 0.00223858 -0.000604292 -0.00367024 -0.00690862 -0.0102747 -0.0136997 -0.017146 -0.0205885 -0.023953 -0.0272035 -0.0303039 -0.0332204 -0.0359073 -0.0383317 -0.0404658 -0.0422995 -0.0437987 -0.0449418 -0.0457476 -0.0462015 -0.0463031 -0.0460659 -0.0455231 -0.0446757 -0.0435532 -0.0421903 -0.0406194 -0.0388617 -0.0369578 -0.0349439 -0.0328456 -0.0307 -0.0285314 -0.0263791 -0.0242625 -0.0222049 -0.0202249 -0.0183532 -0.0165829 -0.014938 -0.0134243 -0.0120402 -0.0107797 -0.00965351 -0.00864617 -0.00775739 -0.00697635 -0.00629047 -0.00569696 -0.00519316 -0.00475933 -0.00438784 -0.00408086 -0.00382629 -0.00361535 -0.00344209 -0.00330542 -0.00319533 -0.00310965 -0.00304156 -0.00299191 -0.00295133 -0.00292235 -0.00289899 -0.00288153 -0.00286398 -0.00285054 -0.00283282 -0.00281254 -0.00278567 -0.00275353 -0.00270637 -0.00264478 -0.00256735 -0.00247048 -0.00234123 -0.00218177 -0.00199068 -0.00175635 -0.00147297 -0.00113468 -0.000734187 -0.000267929 0.000271398 0.000907859 0.00163256 0.00245423 0.00339101 0.00444994 0.00561692 0.00691972 0.00834992 0.00990058 0.011567 0.0133562 0.0152424 0.0172179 0.0192655 0.0213726 0.0235112 0.0256577 0.0277953 0.0298956 0.031928 0.0338587 0.0356746 0.0373365 0.0388115 0.0400725 0.0411153 0.0418888 0.0423773 0.0425827 0.0424828 0.0420621 0.0413237 0.0402762 0.0389189 0.0372597 0.0352967 0.0330738 0.0305882 0.0278413 0.0248633 0.0216712 0.0182722 0.0146649 0.0108664 0.00689207 0.00275744 -0.00155452 -0.00601236 -0.010579 -0.0152292 -0.019912 -0.0245667 -0.0290697 -0.033296 -0.0371162 -0.0403871 -0.042954 -0.0446936 -0.0455469 -0.045514 -0.0446565 -0.0430566 -0.0408901 -0.0383779 -0.0357722 -0.0333351 -0.0312669 -0.02977 -0.0289499 -0.0288287 -0.0293438 -0.0303451 -0.0317133 -0.0332924 -0.0349402 -0.0365032 -0.0378183 -0.0388182 -0.0394556 
0 0.00333415 0.00672382 0.0101733 0.0137324 0.017326 0.0208721 0.0242121 0.0271415 0.0295136 0.0311345 0.0319022 0.0317189 0.0305656 0.0285606 0.0258737 0.0227799 0.0195271 0.0163645 0.0135177 0.0111644 0.00942106 0.00831692 0.00782942 0.00786239 0.00831239 0.00899094 0.00972973 0.0103785 0.0107923 0.010908 0.0106239 0.0099187 0.00879493 0.00725351 0.00532434 0.00303346 0.000420417 -0.00245867 -0.00555586 -0.00885046 -0.0122546 -0.0157411 -0.019263 -0.0227608 -0.0262174 -0.0295657 -0.0327762 -0.0358239 -0.0386621 -0.0412471 -0.0435786 -0.0456098 -0.0473225 -0.048713 -0.0497527 -0.0504453 -0.0507855 -0.050777 -0.0504253 -0.0497659 -0.0487989 -0.0475546 -0.0460692 -0.0443637 -0.0424609 -0.0404151 -0.0382574 -0.0359994 -0.0336997 -0.0313787 -0.0290547 -0.026766 -0.0245562 -0.0224161 -0.0203787 -0.0184615 -0.0166713 -0.0150081 -0.0134972 -0.0121307 -0.0108917 -0.00977506 -0.00879776 -0.00794812 -0.00719437 -0.00653357 -0.00597186 -0.00549812 -0.0050893 -0.00474503 -0.00445736 -0.00422491 -0.00403167 -0.00387692 -0.00375056 -0.00365523 -0.00357677 -0.00351908 -0.00347068 -0.00343602 -0.00340416 -0.00337878 -0.00334965 -0.00332348 -0.00328724 -0.00324404 -0.00318525 -0.00311593 -0.0030246 -0.00290762 -0.00275422 -0.0025768 -0.00236327 -0.00209311 -0.00176176 -0.00138512 -0.000947432 -0.000420978 0.000198391 0.000903154 0.00170186 0.00262409 0.00366626 0.00483066 0.00613032 0.00757265 0.0091294 0.0108254 0.0126553 0.0145967 0.0166356 0.0187776 0.0209781 0.0232288 0.02552 0.0278165 0.0300854 0.0323134 0.0344692 0.0365081 0.0384235 0.0401804 0.0417444 0.0430884 0.0442023 0.0450411 0.0456068 0.0458797 0.04584 0.045503 0.0448483 0.0438729 0.0426011 0.0410351 0.0391634 0.0370351 0.0346374 0.031992 0.0291155 0.0259983 0.0226784 0.0191491 0.0154075 0.0114662 0.00734019 0.00301166 -0.00149906 -0.00619408 -0.0110448 -0.0159997 -0.0210423 -0.0260628 -0.030959 -0.035584 -0.0397798 -0.0433888 -0.0462345 -0.0481837 -0.0491571 -0.0491624 -0.0482353 -0.0465103 -0.0441562 -0.0414259 -0.0386193 -0.0359864 -0.0338178 -0.0322865 -0.0315356 -0.0315973 -0.0323649 -0.033737 -0.0355117 -0.0375465 -0.0396613 -0.0416552 -0.0434004 -0.0447508 -0.0456962 
0 0.00381253 0.00765891 0.0115919 0.0155824 0.0195974 0.0235127 0.0271415 0.0303099 0.0327852 0.0344127 0.0350477 0.0345859 0.0330625 0.0305559 0.0273009 0.0235728 0.0196498 0.0158447 0.0123845 0.00948311 0.00727236 0.00578753 0.00501412 0.00486201 0.00517591 0.00579861 0.00653017 0.00719361 0.00768047 0.00783829 0.00763978 0.00702341 0.00597229 0.00452952 0.00267416 0.000479472 -0.00203726 -0.0048193 -0.00782717 -0.0110026 -0.0143132 -0.0177107 -0.0211384 -0.0245833 -0.0279688 -0.0312904 -0.0344894 -0.0375482 -0.040417 -0.0431012 -0.0455399 -0.0477148 -0.0496292 -0.0512161 -0.0524997 -0.0534486 -0.0540637 -0.0543325 -0.0542867 -0.0538742 -0.0531683 -0.0521553 -0.0508508 -0.0493055 -0.0475457 -0.0455783 -0.0434447 -0.0412006 -0.0388426 -0.0364353 -0.0339953 -0.0315772 -0.029153 -0.0268037 -0.0245352 -0.0223734 -0.0203079 -0.0184104 -0.0166228 -0.0149736 -0.0134882 -0.0121699 -0.0109578 -0.00988321 -0.0089446 -0.0081321 -0.00741806 -0.00679656 -0.00626605 -0.00582131 -0.00544537 -0.00512502 -0.00486408 -0.00464767 -0.0044772 -0.00433438 -0.00422379 -0.00413347 -0.00406682 -0.0040041 -0.00395891 -0.00391264 -0.00386993 -0.00381803 -0.00376351 -0.00369208 -0.00360923 -0.00349555 -0.00335738 -0.00319161 -0.00298986 -0.00273549 -0.00242419 -0.00206601 -0.00165276 -0.00115264 -0.000543611 0.000125785 0.000893001 0.00178942 0.00281925 0.00394895 0.00523992 0.00665343 0.00820997 0.00989727 0.0117473 0.013699 0.0157754 0.0179402 0.0202116 0.0225261 0.0249028 0.027305 0.0296902 0.0320369 0.0343459 0.0365549 0.0386383 0.0406074 0.0423725 0.0439472 0.0452943 0.0464008 0.0472307 0.0478077 0.0480704 0.0480543 0.0477338 0.0471056 0.0461908 0.0449856 0.043505 0.0417436 0.0397441 0.0374762 0.0349894 0.0322709 0.0293421 0.0262075 0.0228766 0.0193391 0.0156001 0.0116639 0.00749274 0.00313439 -0.00146713 -0.00626935 -0.0112592 -0.0164276 -0.0216823 -0.0269706 -0.0321525 -0.0370719 -0.0415625 -0.0454297 -0.048483 -0.0505938 -0.0516528 -0.0516585 -0.0506783 -0.0488153 -0.0463148 -0.0434119 -0.0404318 -0.0376919 -0.0354439 -0.0339501 -0.0333099 -0.0335676 -0.034651 -0.0363851 -0.0386206 -0.0411315 -0.0437264 -0.0462084 -0.0483781 -0.0501428 -0.0514169 
0 0.00420682 0.00846854 0.0127688 0.0171452 0.0214788 0.0256652 0.0295136 0.0327852 0.0353021 0.0368234 0.037234 0.0364327 0.0344411 0.0314052 0.0275266 0.0231345 0.0185302 0.0140551 0.00997801 0.00652044 0.00383032 0.00195754 0.000906576 0.000549924 0.00076353 0.00133619 0.00208387 0.00283152 0.00339444 0.00368475 0.00360812 0.00313593 0.00225254 0.000961286 -0.000713426 -0.00271361 -0.00502955 -0.00760975 -0.010393 -0.0133658 -0.0164395 -0.019621 -0.0228509 -0.0260725 -0.0292891 -0.0324583 -0.0355391 -0.0385159 -0.0413515 -0.0440205 -0.0465131 -0.0487674 -0.0508002 -0.0525857 -0.0540867 -0.0552912 -0.0561969 -0.056785 -0.0570374 -0.0569689 -0.0565919 -0.0558939 -0.0548867 -0.0536112 -0.0520609 -0.0502792 -0.0483024 -0.0461485 -0.0438592 -0.0414648 -0.0389785 -0.0364672 -0.0339532 -0.031447 -0.0290004 -0.0266277 -0.0243331 -0.0221648 -0.0201357 -0.0182427 -0.0164971 -0.0148925 -0.0134421 -0.0121617 -0.0110134 -0.00998068 -0.00908621 -0.00831782 -0.00764587 -0.00706447 -0.0065711 -0.00615821 -0.00581045 -0.00551788 -0.0052798 -0.00508581 -0.00492431 -0.004797 -0.00469265 -0.00460139 -0.0045256 -0.00445549 -0.00438022 -0.00430378 -0.00421618 -0.0041059 -0.00397416 -0.00381819 -0.00362659 -0.00338674 -0.00309513 -0.00276171 -0.0023667 -0.00188028 -0.00131367 -0.000671415 7.37374e-05 0.000935242 0.00192698 0.00304932 0.00428676 0.00567123 0.00722037 0.00889579 0.0107116 0.0126789 0.0147482 0.0169231 0.0192189 0.021582 0.0239963 0.0264496 0.0289056 0.0313433 0.0337414 0.03606 0.0382856 0.0403687 0.0422841 0.0440154 0.0455388 0.046825 0.0478584 0.0486318 0.0491323 0.0493332 0.0492544 0.0489134 0.048268 0.0473631 0.0461984 0.0447708 0.0431034 0.041202 0.0390767 0.0367676 0.0342456 0.0315337 0.0286647 0.0255913 0.0223486 0.0189083 0.0152721 0.0114327 0.00735915 0.00304284 -0.00151379 -0.00632288 -0.0113796 -0.0166336 -0.0220478 -0.0274968 -0.0328782 -0.0380136 -0.0427024 -0.0467504 -0.049947 -0.0521582 -0.0532616 -0.0532572 -0.0521861 -0.0502122 -0.0475568 -0.0444936 -0.0413815 -0.0385163 -0.0362466 -0.03478 -0.0342643 -0.0347443 -0.0361062 -0.0382442 -0.0409093 -0.043905 -0.0469953 -0.0499339 -0.0525752 -0.0547305 -0.0563622 
0 0.0045281 0.00909181 0.0136974 0.0183256 0.0228769 0.0272152 0.0311345 0.0344127 0.0368234 0.0381444 0.0382346 0.0370056 0.0345115 0.0308903 0.0263796 0.0213115 0.0160198 0.0108853 0.00619947 0.00220045 -0.000945073 -0.00317797 -0.00449181 -0.00500336 -0.00488037 -0.00431127 -0.003502 -0.0026454 -0.00191269 -0.00144814 -0.00130918 -0.00154849 -0.00219705 -0.00323848 -0.00466365 -0.00639958 -0.00843581 -0.0107268 -0.0132185 -0.0158662 -0.0186287 -0.0214989 -0.0244204 -0.0273634 -0.0303041 -0.0332339 -0.0361078 -0.0389076 -0.0416042 -0.0442071 -0.0466672 -0.0489458 -0.0510652 -0.0529708 -0.0546488 -0.0560763 -0.0572494 -0.0581453 -0.0587523 -0.0590321 -0.0590281 -0.0587037 -0.0580522 -0.057121 -0.0559099 -0.0544176 -0.0526788 -0.0507353 -0.0485962 -0.0463052 -0.0438888 -0.0414086 -0.0388448 -0.0362591 -0.0336976 -0.031174 -0.02869 -0.0263286 -0.0240576 -0.0218965 -0.0198943 -0.0180566 -0.0163445 -0.0147945 -0.0134054 -0.0121665 -0.0110674 -0.0100998 -0.00925389 -0.00852432 -0.00789711 -0.00735959 -0.00690383 -0.00651673 -0.00620019 -0.0059326 -0.00570855 -0.00552574 -0.00537556 -0.00523677 -0.00512198 -0.00501181 -0.00489709 -0.00477495 -0.00464314 -0.00448207 -0.00429528 -0.00406888 -0.00379862 -0.00347839 -0.00309808 -0.00264507 -0.00210936 -0.00149003 -0.00078136 4.72491e-05 0.00101516 0.0020832 0.00328755 0.00465616 0.00616684 0.00780684 0.00962218 0.0115545 0.0136125 0.0158026 0.0181062 0.0204706 0.0229176 0.0253988 0.0279041 0.0303909 0.0328566 0.0352597 0.0375536 0.0397186 0.041755 0.0435945 0.0452212 0.0466516 0.0478187 0.0487244 0.0493643 0.0497401 0.0498358 0.0496634 0.0492141 0.0485299 0.0475761 0.046379 0.0449747 0.0433584 0.0415431 0.0395389 0.0373794 0.035058 0.0325783 0.0299453 0.0271863 0.0242689 0.0211916 0.017931 0.0144839 0.0108249 0.00689637 0.00271252 -0.00175912 -0.00651386 -0.0115556 -0.0168573 -0.0223313 -0.0278861 -0.0333934 -0.0386656 -0.0434946 -0.0476523 -0.0509312 -0.0531887 -0.0542897 -0.0542236 -0.0530495 -0.0509271 -0.0481174 -0.0448964 -0.0416333 -0.0386727 -0.0363446 -0.0349055 -0.0344838 -0.0351265 -0.0367511 -0.0392092 -0.0422805 -0.0457105 -0.0492468 -0.0526447 -0.0557078 -0.0582773 -0.0602546 
0 0.00473167 0.00948922 0.014271 0.0190368 0.0236763 0.0280354 0.0319022 0.0350477 0.037234 0.0382346 0.0379041 0.0361739 0.0331123 0.0288778 0.0237231 0.0179893 0.0120428 0.00628577 0.00103762 -0.00345162 -0.00700765 -0.00955513 -0.0110867 -0.011719 -0.0116317 -0.01102 -0.0100943 -0.00905895 -0.00810461 -0.0073867 -0.00697074 -0.00691233 -0.00724834 -0.00797229 -0.00906595 -0.0104605 -0.0121435 -0.0140776 -0.0162077 -0.0184845 -0.0208739 -0.023371 -0.025926 -0.0285091 -0.0311088 -0.0337266 -0.0363253 -0.0388853 -0.041389 -0.0438454 -0.0462096 -0.0484468 -0.0505784 -0.0525614 -0.0543725 -0.055984 -0.0573912 -0.0585676 -0.0594885 -0.0601242 -0.0605034 -0.0605827 -0.0603426 -0.0598158 -0.0589931 -0.0578695 -0.0564705 -0.0548306 -0.0529538 -0.0508708 -0.0486091 -0.0462304 -0.0437264 -0.0411507 -0.0385501 -0.0359385 -0.0333268 -0.0307952 -0.0283344 -0.0259607 -0.0237169 -0.0216147 -0.0196439 -0.0178392 -0.0161974 -0.0147065 -0.0133719 -0.0121902 -0.0111494 -0.0102359 -0.00944357 -0.00876124 -0.00817697 -0.00767345 -0.00725462 -0.00689626 -0.00659156 -0.00633635 -0.0061206 -0.00592052 -0.005748 -0.00558129 -0.00540958 -0.00522864 -0.00503437 -0.0048027 -0.00453978 -0.00423127 -0.00386641 -0.00343368 -0.00293083 -0.00234385 -0.00165719 -0.000859711 4.68901e-05 0.00108373 0.00226839 0.00358251 0.00504953 0.00668039 0.00844769 0.0103487 0.0124144 0.0145884 0.0168679 0.019253 0.0217129 0.0242038 0.0267421 0.029277 0.0317833 0.0342222 0.0365856 0.0388322 0.0409227 0.0428387 0.0445764 0.046074 0.0473222 0.0483432 0.04909 0.0495637 0.0497739 0.0497283 0.0494137 0.0488462 0.0480361 0.0470229 0.0457813 0.0443403 0.0427386 0.0409741 0.0390547 0.0369981 0.0348392 0.0325694 0.0301839 0.0276873 0.0250974 0.0223748 0.0195014 0.016454 0.0132227 0.00976927 0.00602932 0.00200486 -0.00233376 -0.00699507 -0.0119883 -0.0172823 -0.0227812 -0.0283855 -0.0339608 -0.0393106 -0.0442081 -0.0484137 -0.0517183 -0.0539691 -0.0550285 -0.0548712 -0.0535634 -0.0512777 -0.0482838 -0.0448778 -0.0414355 -0.0383293 -0.0359046 -0.0344261 -0.0340311 -0.0347669 -0.0365649 -0.0392745 -0.042665 -0.0464571 -0.0503744 -0.0541599 -0.0576019 -0.0605295 -0.0628183 
0 0.00481013 0.00964366 0.0144584 0.019231 0.0238098 0.0280415 0.0317189 0.0345859 0.0364327 0.0370056 0.0361739 0.0338908 0.0302216 0.0253698 0.0195797 0.0132088 0.00665253 0.000320992 -0.00543376 -0.0103521 -0.0142589 -0.0170612 -0.0187505 -0.0194582 -0.0193468 -0.0186449 -0.0175531 -0.0162768 -0.0150525 -0.0140033 -0.0132442 -0.0128176 -0.0127629 -0.0131049 -0.0137979 -0.0147945 -0.0160716 -0.0176021 -0.0193173 -0.0211914 -0.0231673 -0.0252563 -0.0274219 -0.0296079 -0.031841 -0.0341032 -0.0363771 -0.0386393 -0.0408987 -0.0431375 -0.0453507 -0.0474914 -0.0495658 -0.0515693 -0.0534458 -0.0551815 -0.0567682 -0.0581875 -0.0593772 -0.0603539 -0.0610925 -0.0615656 -0.0617493 -0.0616597 -0.0612684 -0.0605783 -0.0595985 -0.0583332 -0.0568095 -0.0550317 -0.0530313 -0.0508435 -0.0485034 -0.0460186 -0.04346 -0.0408361 -0.0381836 -0.0355354 -0.0329368 -0.0303915 -0.0279444 -0.0255978 -0.023386 -0.0213247 -0.0194204 -0.0176623 -0.0160752 -0.0146538 -0.0133867 -0.0122602 -0.011275 -0.0104211 -0.00967859 -0.00903528 -0.00848758 -0.00801776 -0.00760873 -0.00726103 -0.00695524 -0.00667698 -0.00642325 -0.00618132 -0.00593038 -0.00567241 -0.00539311 -0.00507371 -0.00471006 -0.00429655 -0.00381366 -0.00324608 -0.0025902 -0.00183654 -0.000969313 3.43277e-05 0.001169 0.00244611 0.00386897 0.00545163 0.00718783 0.00907919 0.0110927 0.0132526 0.0155345 0.0179102 0.020359 0.0228922 0.025438 0.0279936 0.0305395 0.0330379 0.0354395 0.0377416 0.0399003 0.041887 0.0436757 0.0452453 0.0465859 0.0476652 0.0484821 0.0490345 0.0493335 0.0493485 0.0491146 0.0486423 0.047938 0.0469912 0.0458618 0.0445563 0.0430629 0.041429 0.0396741 0.037811 0.0358424 0.0337951 0.0316764 0.0295108 0.0272484 0.0249156 0.0225181 0.019999 0.0173436 0.014518 0.0115046 0.00825008 0.00470439 0.000827306 -0.00337082 -0.00793385 -0.0128697 -0.0181203 -0.0236235 -0.029235 -0.0348369 -0.0402197 -0.0451309 -0.0493347 -0.0526121 -0.054799 -0.0557627 -0.0554665 -0.0539735 -0.0514891 -0.0482653 -0.0446336 -0.0409754 -0.0376646 -0.0350936 -0.0334951 -0.0330398 -0.0337733 -0.0356223 -0.0384741 -0.0420508 -0.046086 -0.0502738 -0.0543332 -0.0580734 -0.0612687 -0.0638052 
0 0.00475788 0.00950383 0.0142397 0.0188532 0.0232462 0.0272221 0.0305656 0.0330625 0.0344411 0.0345115 0.0331123 0.0302216 0.0259433 0.0204632 0.0140684 0.00710139 -1.34108e-05 -0.0068582 -0.013054 -0.0183442 -0.0225343 -0.0255256 -0.0273325 -0.0280363 -0.0278698 -0.0270103 -0.0256915 -0.0241475 -0.0225662 -0.0211585 -0.0199882 -0.019135 -0.0186503 -0.0185427 -0.0187868 -0.0193438 -0.0201739 -0.0212549 -0.0225513 -0.0239722 -0.0255394 -0.027208 -0.0289536 -0.0307599 -0.032601 -0.0344951 -0.0364252 -0.0383693 -0.0403267 -0.0423307 -0.0443216 -0.0463072 -0.0482818 -0.0502205 -0.0520988 -0.0538983 -0.0556001 -0.0571794 -0.058618 -0.0598614 -0.0609226 -0.0617629 -0.0623499 -0.0626735 -0.0627468 -0.0625135 -0.0619781 -0.0611642 -0.0600548 -0.0586535 -0.0570054 -0.055129 -0.0530146 -0.0507254 -0.0482976 -0.0457528 -0.0431173 -0.040461 -0.0377805 -0.0351072 -0.0324925 -0.0299809 -0.0275493 -0.0252314 -0.0230624 -0.0210613 -0.0192088 -0.0175192 -0.0159955 -0.0146397 -0.0134344 -0.0123731 -0.0114409 -0.0106313 -0.00992844 -0.00931628 -0.00877941 -0.00831097 -0.00789232 -0.00750879 -0.00715093 -0.00680665 -0.0064566 -0.0060927 -0.00570273 -0.005273 -0.00478706 -0.0042343 -0.00359757 -0.00287321 -0.00204142 -0.00108156 1.94073e-05 0.00124271 0.00261426 0.00415798 0.00586769 0.00770166 0.00968787 0.0118264 0.0140929 0.0164502 0.0189132 0.021438 0.0239997 0.0265806 0.0291688 0.0316947 0.0341441 0.0364994 0.0387143 0.0407501 0.0426104 0.0442546 0.0456358 0.0467793 0.0476673 0.0482758 0.0486107 0.0487062 0.048523 0.0480918 0.0474322 0.0465612 0.0454824 0.0442286 0.0428135 0.0412636 0.0395987 0.037814 0.035974 0.0340739 0.0321112 0.0301068 0.0280933 0.0260264 0.0239202 0.0217626 0.0195329 0.0172264 0.0147606 0.0121356 0.00931519 0.00623704 0.00284191 -0.000884883 -0.00498169 -0.00945857 -0.0143251 -0.0195605 -0.0250264 -0.0306483 -0.0362449 -0.0416125 -0.0465057 -0.0506453 -0.0538442 -0.0559085 -0.0567177 -0.0562213 -0.0545049 -0.0517579 -0.0482639 -0.0443573 -0.0404116 -0.0368581 -0.0340348 -0.032241 -0.031616 -0.0322108 -0.0340097 -0.0368303 -0.0404703 -0.0445929 -0.0488939 -0.0531158 -0.0569887 -0.060358 -0.0630208 
0 0.00457047 0.00913044 0.013624 0.01798 0.0220464 0.0256416 0.0285606 0.0305559 0.0314052 0.0308903 0.0288778 0.0253698 0.0204632 0.0143818 0.00740624 -0.00010977 -0.00772358 -0.0150168 -0.0216006 -0.0271896 -0.0316105 -0.034742 -0.0365935 -0.0372807 -0.0369777 -0.0359271 -0.0343401 -0.0324496 -0.0305059 -0.0286597 -0.027052 -0.0257435 -0.0247823 -0.0242066 -0.0239744 -0.0240606 -0.0244284 -0.0250606 -0.0258957 -0.0269035 -0.0280421 -0.029294 -0.0306481 -0.0320496 -0.0335184 -0.0350468 -0.0366267 -0.0382409 -0.0399158 -0.0416182 -0.0433691 -0.0451494 -0.0469367 -0.048764 -0.0505758 -0.0523603 -0.0541061 -0.0557935 -0.057359 -0.0588316 -0.0601485 -0.0612962 -0.0622467 -0.0629746 -0.0634493 -0.0636623 -0.0636034 -0.0632463 -0.062603 -0.0616562 -0.0604234 -0.0588937 -0.0571366 -0.0551345 -0.0529307 -0.0505487 -0.0480467 -0.045414 -0.0427414 -0.0400438 -0.0373449 -0.0346566 -0.0320543 -0.0295496 -0.0271603 -0.0248854 -0.0227673 -0.0208198 -0.0190374 -0.0174132 -0.0159572 -0.0146628 -0.0135146 -0.0125035 -0.0116091 -0.0108251 -0.0101306 -0.00951124 -0.00894695 -0.00843294 -0.00794008 -0.00746387 -0.00698464 -0.00649029 -0.00595949 -0.0053835 -0.00473966 -0.00402298 -0.00320929 -0.00227528 -0.00121958 -3.80088e-05 0.00129238 0.00279307 0.00444777 0.00624868 0.00818867 0.0103019 0.0125469 0.0148958 0.0173297 0.0198694 0.0224411 0.02505 0.027653 0.0302285 0.032711 0.0351178 0.0373856 0.0394992 0.0414035 0.043104 0.0445546 0.0457509 0.0466877 0.0473574 0.047745 0.0478656 0.0477272 0.0473206 0.0467049 0.0458514 0.0448011 0.0435768 0.0421952 0.0406533 0.0390304 0.0373064 0.0355098 0.0336739 0.0317979 0.0299071 0.0279945 0.0260763 0.0241522 0.0222318 0.0202647 0.01827 0.0162178 0.0140664 0.0117768 0.00931427 0.00664375 0.00370005 0.000439884 -0.00319744 -0.00720335 -0.0116275 -0.0164712 -0.0216672 -0.0271436 -0.0327452 -0.0383213 -0.0436548 -0.048465 -0.0525104 -0.0555688 -0.057453 -0.058051 -0.0573031 -0.0552991 -0.052251 -0.0484205 -0.0441763 -0.0398978 -0.0359983 -0.0328674 -0.0307537 -0.0298415 -0.0301841 -0.0317473 -0.0344155 -0.0379187 -0.0419661 -0.0462289 -0.0504183 -0.0543167 -0.0576852 -0.0603682 
0 0.0043042 0.00856677 0.0127496 0.0167258 0.0203744 0.0234924 0.0258737 0.0273009 0.0275266 0.0263796 0.0237231 0.0195797 0.0140684 0.00740624 -0.000102649 -0.00810821 -0.0161617 -0.0238469 -0.0307527 -0.0366018 -0.0411954 -0.0444152 -0.0462904 -0.0468932 -0.0464499 -0.0451628 -0.0432737 -0.0410409 -0.0386744 -0.0363907 -0.034305 -0.0325101 -0.0310661 -0.0300017 -0.0292896 -0.0289222 -0.0288421 -0.029027 -0.0294446 -0.0300163 -0.0307586 -0.0316094 -0.0325678 -0.0336113 -0.0347207 -0.0358979 -0.0371383 -0.0384303 -0.0397809 -0.0412006 -0.0426693 -0.0442111 -0.0457941 -0.0474346 -0.049102 -0.0508007 -0.0525065 -0.0541976 -0.0558602 -0.0574597 -0.0589577 -0.0603402 -0.0615811 -0.0626291 -0.0634979 -0.0641276 -0.0645045 -0.0646115 -0.0644337 -0.0639506 -0.0631907 -0.0621188 -0.0607571 -0.0591223 -0.0572312 -0.0551157 -0.052817 -0.050353 -0.0477632 -0.0450832 -0.0423509 -0.0396238 -0.0369098 -0.0342313 -0.0316339 -0.029159 -0.0268022 -0.0245883 -0.022523 -0.0206359 -0.0189143 -0.0173557 -0.0159508 -0.0147091 -0.0135889 -0.0125962 -0.0117064 -0.0109014 -0.0101574 -0.0094785 -0.00881711 -0.00817709 -0.00753511 -0.0068724 -0.00616338 -0.00541374 -0.00457524 -0.00364576 -0.00260768 -0.00145233 -0.000148405 0.0013033 0.00291611 0.0046666 0.00657927 0.00865407 0.0108674 0.0131883 0.0156214 0.0181429 0.0207364 0.0233616 0.025982 0.0285856 0.0311309 0.0335785 0.0359116 0.0380883 0.0400509 0.0418146 0.043334 0.0445953 0.0455912 0.0463139 0.046738 0.0469043 0.0467885 0.0464222 0.0458171 0.044984 0.0439388 0.0427123 0.0413222 0.039797 0.0381645 0.0364416 0.0346644 0.0328273 0.0309804 0.0291099 0.0272508 0.0254063 0.0235724 0.0217525 0.0199537 0.0181423 0.0163178 0.0144668 0.0125405 0.0105445 0.00838763 0.00606083 0.00350721 0.00065793 -0.00252801 -0.00609932 -0.0100803 -0.014487 -0.0193153 -0.0245212 -0.0299766 -0.0355764 -0.0411121 -0.046371 -0.0510855 -0.0549776 -0.0578547 -0.0595036 -0.0598276 -0.058772 -0.0564338 -0.0530211 -0.0488123 -0.0441768 -0.0394927 -0.0351977 -0.0316423 -0.0291156 -0.0277842 -0.0277127 -0.0289072 -0.0312152 -0.0344246 -0.0382089 -0.0422491 -0.0462733 -0.0500122 -0.0532735 -0.055845 
0 0.00397848 0.00789752 0.0116972 0.0152446 0.0184082 0.0209875 0.0227799 0.0235728 0.0231345 0.0213115 0.0179893 0.0132088 0.00710139 -0.00010977 -0.00810821 -0.0165465 -0.024976 -0.0329794 -0.0401523 -0.0461983 -0.0509232 -0.054204 -0.0560704 -0.0565986 -0.0559942 -0.0544751 -0.0522854 -0.0496945 -0.0469228 -0.0441897 -0.041636 -0.0393684 -0.0374507 -0.035911 -0.0347362 -0.0339187 -0.0334079 -0.0331728 -0.0331797 -0.0333679 -0.0337356 -0.0342173 -0.0348138 -0.0355055 -0.0362723 -0.0371168 -0.0380301 -0.0390151 -0.0400747 -0.0411984 -0.0423881 -0.0436687 -0.0450063 -0.0464274 -0.0479138 -0.0494667 -0.0510687 -0.0526932 -0.0543362 -0.0559793 -0.0575743 -0.0591102 -0.060567 -0.0618812 -0.0630474 -0.064025 -0.0647993 -0.0653346 -0.0656091 -0.0656049 -0.0653173 -0.0647034 -0.0638027 -0.0626115 -0.0611141 -0.0593481 -0.0573485 -0.0551135 -0.052703 -0.0501612 -0.0474971 -0.0447583 -0.0419918 -0.0392325 -0.0365059 -0.0338428 -0.0312695 -0.0288229 -0.0265037 -0.0243413 -0.022338 -0.0204949 -0.0188148 -0.0173041 -0.0159209 -0.0146779 -0.013556 -0.012523 -0.011562 -0.0106767 -0.00981042 -0.00896433 -0.00812274 -0.00725182 -0.00632526 -0.00535053 -0.00427839 -0.00310225 -0.00180765 -0.000376796 0.00120598 0.00292724 0.0048105 0.00684544 0.00902353 0.0113235 0.0137378 0.0162564 0.0188513 0.0214751 0.0241241 0.0267655 0.0293431 0.0318514 0.0342474 0.0364694 0.0385092 0.040352 0.0419355 0.0432697 0.0443302 0.0451033 0.045585 0.04579 0.045715 0.0453845 0.0447828 0.0439575 0.0429197 0.0416782 0.0402777 0.0387463 0.0370911 0.0353483 0.0335428 0.0316916 0.0298298 0.027948 0.0260951 0.0242596 0.0224465 0.0206669 0.0189214 0.0171986 0.0155037 0.013809 0.0121088 0.0103808 0.0085701 0.00667382 0.00461658 0.00237197 -0.000119363 -0.00291741 -0.00606475 -0.00961321 -0.0135919 -0.0180101 -0.0228532 -0.0280643 -0.0335214 -0.0390957 -0.0445684 -0.0497223 -0.054284 -0.0579897 -0.0606317 -0.0620038 -0.0620144 -0.0606129 -0.0579029 -0.0540859 -0.0494482 -0.0443638 -0.0392146 -0.0344339 -0.0303698 -0.0273105 -0.0254346 -0.0248205 -0.0254817 -0.0272857 -0.0300227 -0.0333815 -0.0370458 -0.0407376 -0.0441922 -0.0471996 -0.0495526 
0 0.00364359 0.00721259 0.010606 0.0137051 0.0163498 0.0183554 0.0195271 0.0196498 0.0185302 0.0160198 0.0120428 0.00665253 -1.34108e-05 -0.00772358 -0.0161617 -0.024976 -0.0337271 -0.0419951 -0.0493959 -0.0556048 -0.060436 -0.0637663 -0.0656131 -0.0660809 -0.0653277 -0.0636038 -0.0611479 -0.058228 -0.055092 -0.0519339 -0.0489386 -0.0462188 -0.0438475 -0.0418559 -0.0402475 -0.0390116 -0.0381071 -0.0374945 -0.0371203 -0.0369662 -0.0369875 -0.0371377 -0.0374119 -0.0377875 -0.0382516 -0.0387925 -0.0394006 -0.0400864 -0.040865 -0.0416946 -0.0426165 -0.0436387 -0.04473 -0.0459145 -0.0471839 -0.048541 -0.0499778 -0.0514774 -0.0530289 -0.0546415 -0.0562447 -0.0578403 -0.0594118 -0.0609107 -0.0623 -0.0635632 -0.0646719 -0.0655739 -0.0662474 -0.0666857 -0.0668617 -0.066718 -0.0662995 -0.0655746 -0.0645216 -0.0631702 -0.0615592 -0.0596505 -0.0575112 -0.0551777 -0.0526716 -0.0500211 -0.0472923 -0.0445094 -0.0417094 -0.0389192 -0.0361889 -0.0335402 -0.0309865 -0.0285613 -0.0262836 -0.024146 -0.0221687 -0.020357 -0.0186784 -0.0171448 -0.0157464 -0.0144406 -0.0132192 -0.0120804 -0.0109662 -0.00986933 -0.00878082 -0.00765399 -0.006467 -0.0052218 -0.00387176 -0.00240467 -0.00082288 0.00090252 0.00277885 0.00478825 0.00693586 0.00922568 0.0116311 0.0141335 0.0167103 0.0193589 0.0220274 0.0246825 0.0273084 0.0298765 0.0323034 0.0346031 0.0367302 0.0386314 0.040289 0.0417134 0.0428345 0.0436712 0.0442241 0.0444881 0.0444525 0.0441458 0.0435845 0.0427721 0.0417231 0.0404906 0.0390902 0.037513 0.0358373 0.0340692 0.0322241 0.0303386 0.0284413 0.0265354 0.0246534 0.0227789 0.0209491 0.0191728 0.0174176 0.0157175 0.0140683 0.0124492 0.0108481 0.00926053 0.00765835 0.00602172 0.00430108 0.00246797 0.000485121 -0.00171266 -0.00417731 -0.0069624 -0.0101078 -0.0136719 -0.0176738 -0.0221212 -0.0269881 -0.0321944 -0.03765 -0.0431749 -0.048564 -0.0535857 -0.0579581 -0.0614447 -0.0638036 -0.0648531 -0.0644986 -0.0627034 -0.0595745 -0.0553087 -0.0501974 -0.0446179 -0.0389597 -0.0336321 -0.0289955 -0.0253173 -0.0227983 -0.0215317 -0.0215238 -0.0226878 -0.0247972 -0.0275821 -0.0307297 -0.0339487 -0.037002 -0.039638 -0.041681 
0 0.00332556 0.00654495 0.00956026 0.012212 0.0143576 0.0158065 0.0163645 0.0158447 0.0140551 0.0108853 0.00628577 0.000320992 -0.0068582 -0.0150168 -0.0238469 -0.0329794 -0.0419951 -0.0504922 -0.0580688 -0.0644335 -0.0693553 -0.0727356 -0.074603 -0.075015 -0.0741786 -0.0722848 -0.0696065 -0.0664286 -0.0629606 -0.0594519 -0.0560662 -0.0529475 -0.0501781 -0.047785 -0.0457746 -0.0441642 -0.0429001 -0.0419303 -0.0412414 -0.0407618 -0.0404963 -0.0403654 -0.0403498 -0.0404595 -0.040658 -0.040926 -0.0412666 -0.0416992 -0.042199 -0.0427861 -0.0434418 -0.044207 -0.0450646 -0.0460056 -0.047041 -0.0481929 -0.0494349 -0.0507425 -0.0521662 -0.0536554 -0.0551896 -0.0567619 -0.0583672 -0.0599347 -0.0614726 -0.062928 -0.0642758 -0.0654794 -0.0664988 -0.0673135 -0.0679016 -0.0682219 -0.0682538 -0.0680039 -0.0674272 -0.0665454 -0.0653508 -0.063864 -0.0620816 -0.060048 -0.057773 -0.0553285 -0.0527196 -0.0499942 -0.0471836 -0.0443549 -0.0415205 -0.0387188 -0.0359624 -0.0333146 -0.0307734 -0.0283484 -0.0260604 -0.0239329 -0.0219289 -0.020071 -0.0183479 -0.0167273 -0.0151952 -0.0137517 -0.0123355 -0.0109404 -0.00954821 -0.0081157 -0.00661532 -0.00505702 -0.00338598 -0.00159639 0.000308564 0.00233325 0.00450524 0.00679428 0.00920326 0.0116998 0.0142898 0.0169425 0.0196395 0.0223203 0.0249848 0.0275839 0.0300996 0.032457 0.0346463 0.0366326 0.038389 0.0398618 0.0410818 0.0420043 0.042612 0.0429287 0.0429622 0.0426944 0.0421566 0.0413708 0.0403388 0.0391065 0.0376743 0.0360984 0.0343948 0.0325884 0.0306954 0.0287871 0.0268387 0.02488 0.0229483 0.021055 0.019182 0.0173521 0.0155981 0.0138809 0.0122215 0.0106085 0.00905385 0.00753104 0.00602838 0.00451664 0.00301045 0.00144603 -0.000227537 -0.00200196 -0.00396385 -0.00614095 -0.0086067 -0.0114049 -0.0145685 -0.0181493 -0.0221899 -0.0266644 -0.0315383 -0.0367564 -0.0421684 -0.0476408 -0.0529122 -0.0577518 -0.0619139 -0.0651144 -0.067156 -0.0678359 -0.0670711 -0.0648529 -0.0612694 -0.0565243 -0.0509128 -0.0448065 -0.0385981 -0.0326916 -0.0274166 -0.0230699 -0.0198378 -0.0178307 -0.0170832 -0.017483 -0.0188716 -0.0209634 -0.023473 -0.0261314 -0.0286548 -0.0308479 -0.0324924 
