0 0 0 0 0 0 0 0 0 0 0 0 0 0 0 0 0 0 0 0 0 0 0 0 0 0 0 0 0 0 0 0 0 0 0 0 0 0 0 0 0 0 0 0 0 0 0 0 0 0 0 0 0 0 0 0 0 0 0 0 0 0 0 0 0 0 0 0 0 0 0 0 0 0 0 0 0 0 0 0 0 0 0 0 0 0 0 0 0 0 0 0 0 0 0 0 0 0 0 0 0 0 0 0 0 0 0 0 0 0 0 0 0 0 0 0 0 0 0 0 0 0 0 0 0 0 0 0 0 0 0 0 0 0 0 0 0 0 0 0 0 0 0 0 0 0 0 0 0 0 0 0 0 0 0 0 0 0 0 0 0 0 0 0 0 0 0 0 0 0 0 0 0 0 0 0 0 0 0 0 0 0 0 0 0 0 0 0 0 0 0 0 0 0 0 0 0 0 0 0 
0 7.41781e-05 0.000137833 0.000205931 0.000267056 0.000334611 0.000404667 0.000466692 0.00053963 0.000615508 0.000716822 0.000838801 0.000972362 0.00114137 0.00133696 0.00158184 0.00185044 0.00211567 0.00237123 0.00257948 0.00273189 0.00278562 0.0027203 0.00253689 0.00223238 0.00182256 0.00134025 0.000826132 0.000329497 -0.000110879 -0.000482173 -0.000725164 -0.000842895 -0.000818905 -0.000656421 -0.000382167 1.78962e-05 0.000483207 0.00100341 0.00155395 0.00211774 0.00267185 0.00320525 0.00371195 0.00418509 0.00461808 0.00498649 0.00531363 0.00556958 0.00575667 0.00586307 0.00590287 0.00585204 0.00571359 0.00549342 0.00517667 0.00477727 0.0042806 0.00370618 0.00305194 0.00232579 0.00152004 0.000681472 -0.000217633 -0.00114433 -0.00206891 -0.00298838 -0.00389068 -0.00473747 -0.00552782 -0.0062554 -0.00688629 -0.00742541 -0.00786195 -0.00820386 -0.00843007 -0.00856623 -0.00860017 -0.00853737 -0.00837427 -0.00815307 -0.00784419 -0.00747664 -0.00706404 -0.00661214 -0.00611457 -0.00562789 -0.00513632 -0.00464252 -0.00416036 -0.00371382 -0.00328924 -0.00289816 -0.00252915 -0.00219276 -0.0018872 -0.00160774 -0.0013413 -0.00109998 -0.000870751 -0.000651121 -0.000439629 -0.00023509 -2.19454e-05 0.000189547 0.00040777 0.000636911 0.000887051 0.00115617 0.00145177 0.00176046 0.00211184 0.00250372 0.00291894 0.00334988 0.00383104 0.00432507 0.00483244 0.00534734 0.00586364 0.00634805 0.00682502 0.00726033 0.00765369 0.00798268 0.00825573 0.00844645 0.00856415 0.00859021 0.00853276 0.00836346 0.0080988 0.00773731 0.00726701 0.00670529 0.00606576 0.00533615 0.00453511 0.00370008 0.00280736 0.00190088 0.000989437 8.77523e-05 -0.000806208 -0.0016572 -0.00247568 -0.00323998 -0.00395476 -0.00460486 -0.00518838 -0.00571447 -0.00617482 -0.00657625 -0.00690974 -0.00720868 -0.00744847 -0.00765009 -0.00782373 -0.00797909 -0.00811122 -0.00823301 -0.00833945 -0.00842691 -0.00848401 -0.00847147 -0.00841018 -0.00824394 -0.00796947 -0.00757777 -0.00706242 -0.00644913 -0.00573405 -0.00495641 -0.00415743 -0.00337277 -0.00263635 -0.00199818 -0.00148221 -0.00111936 -0.000895619 -0.000790958 -0.000803928 -0.000884608 -0.00102206 -0.00116958 -0.00130868 -0.00143309 -0.00150744 -0.00154471 -0.00153548 -0.00150135 -0.00145219 -0.0013738 -0.0012812 -0.001174 -0.00107451 -0.000988017 -0.000900959 -0.000821686 -0.000747877 
0 0.000137833 0.000281734 0.000396767 0.00053927 0.000663771 0.000802619 0.000940649 0.00106689 0.00124204 0.00143152 0.00168211 0.00196248 0.00228783 0.00270336 0.00317798 0.00372098 0.00425317 0.00475135 0.0051797 0.00547505 0.00559048 0.00546815 0.00510811 0.00450746 0.00370128 0.00273571 0.00171575 0.000726743 -0.000167461 -0.000887685 -0.00139135 -0.00161283 -0.00155957 -0.00124715 -0.000680115 0.000100363 0.00103119 0.00206592 0.00315732 0.0042708 0.0053772 0.00641345 0.00740595 0.00832624 0.00913363 0.00985165 0.010453 0.0109333 0.0112831 0.0114737 0.0115229 0.0114182 0.0111197 0.0106666 0.0100518 0.00924381 0.00827544 0.00714631 0.00585661 0.00441957 0.00286278 0.00120796 -0.000527371 -0.00231281 -0.00411212 -0.0059007 -0.00764436 -0.00930246 -0.0108493 -0.0122471 -0.0134975 -0.0145664 -0.0154371 -0.0161196 -0.0166008 -0.0168568 -0.0169394 -0.016842 -0.0165554 -0.0161187 -0.0155444 -0.0148323 -0.0140299 -0.0131596 -0.0122306 -0.0112707 -0.0102889 -0.00932503 -0.00840664 -0.00751664 -0.00665464 -0.00587003 -0.00514546 -0.00446749 -0.00384088 -0.00327039 -0.00273431 -0.00224277 -0.00177474 -0.00132739 -0.000894043 -0.000472039 -4.21238e-05 0.000384038 0.000836019 0.00131833 0.00182033 0.00235142 0.00295591 0.00361057 0.00430972 0.0050674 0.00589245 0.00677917 0.00771822 0.00867464 0.00966138 0.010673 0.0116568 0.0126135 0.0135377 0.0143678 0.0151002 0.0157533 0.0162633 0.0166222 0.0168344 0.0168693 0.0167077 0.0163713 0.015841 0.0151146 0.0141913 0.0130953 0.0118301 0.0104116 0.00887716 0.00724668 0.00553729 0.00378405 0.00201217 0.000251617 -0.0014706 -0.00314914 -0.00472975 -0.00622002 -0.00762731 -0.00889697 -0.0100461 -0.0110914 -0.0119981 -0.0127854 -0.0134715 -0.0140531 -0.0145654 -0.0149932 -0.0153689 -0.0157236 -0.0160247 -0.0162983 -0.016548 -0.0167517 -0.0168778 -0.0168979 -0.0167743 -0.0164739 -0.0159422 -0.0151622 -0.0141601 -0.01293 -0.0115168 -0.00997192 -0.00838195 -0.00682167 -0.00536273 -0.00408408 -0.00306011 -0.00233045 -0.00186504 -0.0016623 -0.00165619 -0.00182004 -0.0020808 -0.00236128 -0.00265584 -0.00288306 -0.00305419 -0.003125 -0.00310957 -0.00305985 -0.00294481 -0.00280944 -0.00261411 -0.00240413 -0.00221404 -0.00202489 -0.00186733 -0.00169137 -0.00154766 
0 0.000205931 0.000396767 0.000593561 0.00078234 0.000987584 0.00120186 0.00140297 0.00162797 0.00187283 0.00218317 0.00255609 0.0029726 0.00348449 0.00408531 0.00481547 0.00561665 0.00641181 0.0071703 0.00779962 0.00825575 0.00842946 0.00825627 0.00773067 0.00684773 0.00565189 0.0042363 0.00272329 0.00125463 -5.62139e-05 -0.00114812 -0.00187584 -0.00222182 -0.00214953 -0.00167083 -0.000847255 0.000327459 0.00170624 0.00323841 0.0048511 0.00648879 0.00808497 0.00959954 0.0110165 0.0123149 0.0134737 0.014447 0.0152796 0.0159145 0.0163535 0.0165722 0.0166011 0.0163882 0.0159325 0.0152489 0.0143058 0.0131264 0.0116875 0.0100322 0.00816273 0.00610069 0.00384228 0.00149014 -0.00100294 -0.00356292 -0.00611956 -0.0086601 -0.0111534 -0.0135132 -0.0157286 -0.0177777 -0.0195853 -0.0211478 -0.0224363 -0.0234617 -0.0241749 -0.0246223 -0.0247861 -0.0246756 -0.0242876 -0.0237165 -0.0229098 -0.02193 -0.0208164 -0.0195865 -0.0182336 -0.0168788 -0.0154971 -0.0141004 -0.0127241 -0.0114199 -0.0101662 -0.00899382 -0.00788169 -0.00685248 -0.00590537 -0.00503151 -0.00420208 -0.00344042 -0.00271698 -0.00202383 -0.00135405 -0.000701232 -2.95253e-05 0.000642994 0.00133889 0.00207054 0.00285952 0.00370391 0.00462249 0.00558725 0.00665605 0.00782296 0.00904988 0.0103194 0.0116962 0.0130982 0.0145233 0.0159573 0.0173769 0.0187125 0.0200087 0.0211852 0.0222332 0.0231055 0.0238051 0.0242727 0.0245241 0.0245172 0.0242632 0.0237108 0.0228948 0.0218158 0.0204557 0.0188587 0.0170562 0.0150289 0.0128233 0.0105192 0.00807326 0.00558057 0.00306728 0.000568327 -0.00191087 -0.00429262 -0.00658457 -0.00873906 -0.0107601 -0.0126075 -0.0142773 -0.0157923 -0.0171337 -0.0183193 -0.0193411 -0.0202691 -0.0210619 -0.0217627 -0.0223988 -0.0229919 -0.023526 -0.0240237 -0.0244712 -0.0248482 -0.0251142 -0.0251768 -0.0250588 -0.0246318 -0.0238704 -0.0227509 -0.0212653 -0.0194711 -0.0173787 -0.0150941 -0.0127377 -0.0104172 -0.00823931 -0.00634044 -0.00480223 -0.003702 -0.00300756 -0.00267058 -0.00266614 -0.00287535 -0.00324635 -0.00365952 -0.00406114 -0.00441672 -0.00464594 -0.0047631 -0.00475353 -0.00466966 -0.00453204 -0.00431612 -0.00404958 -0.00374339 -0.00345178 -0.00318891 -0.00292776 -0.00267921 -0.00245197 
0 0.000267056 0.00053927 0.00078234 0.0010568 0.00132389 0.00160911 0.00189567 0.00218134 0.00253566 0.0029421 0.00344929 0.00402836 0.00470853 0.0055428 0.00650587 0.00757817 0.00864162 0.00963755 0.0104856 0.0110809 0.0113195 0.0111043 0.010421 0.0092692 0.00771382 0.00585671 0.00388234 0.00196173 0.000231408 -0.00116918 -0.0021342 -0.00256626 -0.00245978 -0.00184021 -0.00073934 0.000772989 0.00257059 0.00455637 0.00663691 0.00873551 0.0107841 0.0126901 0.0144661 0.0160713 0.0174547 0.0186302 0.0195809 0.0202947 0.0207595 0.0209469 0.0208781 0.0205323 0.0198655 0.0189204 0.0176857 0.0161334 0.0142943 0.0121837 0.00980899 0.00719336 0.00437954 0.00141597 -0.00167578 -0.00484356 -0.00802653 -0.0111912 -0.0142859 -0.017247 -0.0200328 -0.0225929 -0.0249036 -0.0269177 -0.0286018 -0.0299576 -0.0309544 -0.0315708 -0.0318561 -0.0318066 -0.0314183 -0.0307513 -0.0298198 -0.0286423 -0.0272853 -0.0257826 -0.0241534 -0.0224508 -0.0206909 -0.0189234 -0.0171937 -0.0154973 -0.0138399 -0.0122821 -0.0108138 -0.0094262 -0.00812852 -0.0069239 -0.00578912 -0.00473228 -0.00372674 -0.00276122 -0.0018247 -0.000905185 2.52985e-05 0.00096245 0.00194274 0.00297861 0.00406366 0.00521382 0.00647488 0.00781953 0.00924496 0.010764 0.0123734 0.0140608 0.0158167 0.017589 0.0193824 0.0211845 0.0229287 0.0245982 0.0261833 0.0276001 0.0288326 0.0298836 0.0306775 0.0311878 0.0314165 0.0313217 0.0308854 0.0301251 0.0290333 0.0276117 0.0258673 0.0238385 0.0215446 0.0190043 0.0162734 0.0133909 0.0103749 0.0072813 0.0041533 0.00103363 -0.0020401 -0.00503619 -0.00789166 -0.0105998 -0.0131606 -0.0155055 -0.0176509 -0.0196171 -0.0213697 -0.0229321 -0.0243321 -0.0255843 -0.0267227 -0.0277438 -0.0286914 -0.0296009 -0.0304315 -0.031209 -0.0319252 -0.0325379 -0.0329835 -0.0331941 -0.0331082 -0.0326436 -0.0317154 -0.0302926 -0.0284031 -0.0260614 -0.0233418 -0.0203538 -0.0172591 -0.0142069 -0.011343 -0.00882727 -0.00679357 -0.00531825 -0.00436612 -0.00390961 -0.00385299 -0.00411455 -0.004571 -0.0050894 -0.00562225 -0.0060583 -0.00637433 -0.00651747 -0.00650531 -0.00640695 -0.00620403 -0.00593808 -0.00557863 -0.00518687 -0.00481693 -0.00446072 -0.00414131 -0.00380816 -0.0035241 
0 0.000334611 0.000663771 0.000987584 0.00132389 0.00167318 0.00203488 0.00239779 0.00278304 0.00322544 0.00375669 0.00439542 0.00513324 0.00601146 0.00705787 0.00827937 0.00961457 0.0109489 0.0122 0.0132542 0.0139998 0.0142977 0.0140425 0.0132082 0.0118025 0.00990027 0.0076452 0.0052396 0.00289881 0.000801203 -0.000907624 -0.00206668 -0.00259643 -0.00246744 -0.00170576 -0.000376222 0.0014535 0.00361948 0.00600079 0.00848336 0.0109698 0.0133642 0.0155913 0.0176279 0.01944 0.02099 0.0222557 0.0232522 0.0239515 0.0243444 0.0244174 0.0241937 0.0236418 0.0227487 0.0215363 0.0199903 0.0181138 0.0159119 0.013418 0.0106469 0.00762226 0.00437252 0.000973654 -0.00257377 -0.006204 -0.00984366 -0.0134606 -0.017009 -0.0204105 -0.0236289 -0.0266239 -0.0293336 -0.0317213 -0.0337524 -0.035418 -0.0366747 -0.0375311 -0.0379916 -0.0380548 -0.0377273 -0.0370804 -0.0361062 -0.0348501 -0.0333683 -0.0316903 -0.0298361 -0.0278951 -0.025877 -0.0238095 -0.0217377 -0.0197003 -0.017703 -0.0157838 -0.0139404 -0.0121889 -0.0105385 -0.00898641 -0.00751306 -0.00612765 -0.00480598 -0.00353334 -0.00229567 -0.00107561 0.000159272 0.00140924 0.00270168 0.00405507 0.0054831 0.00699258 0.00860147 0.010291 0.012086 0.0139812 0.0159449 0.017961 0.0200487 0.0221448 0.0242355 0.0263009 0.0282941 0.0301657 0.0319196 0.03348 0.0348178 0.0359004 0.0366927 0.0371495 0.0372725 0.0370282 0.0364112 0.0354075 0.0340382 0.0323109 0.0302302 0.0278421 0.0251775 0.0222429 0.0190933 0.015791 0.0123358 0.00880278 0.00523781 0.00167973 -0.00184237 -0.00526746 -0.00856629 -0.0117073 -0.0146808 -0.0174414 -0.0199895 -0.0223444 -0.0244898 -0.0264407 -0.0282144 -0.0298546 -0.0313578 -0.0327509 -0.0340713 -0.0353419 -0.0365421 -0.0376815 -0.038741 -0.0396716 -0.0403939 -0.0408061 -0.0408518 -0.0404015 -0.0393748 -0.0377332 -0.0354836 -0.0326766 -0.0293801 -0.0257435 -0.0219576 -0.0182071 -0.01468 -0.0115767 -0.00905296 -0.00720491 -0.00600866 -0.00540715 -0.00531544 -0.00559826 -0.00612548 -0.00674299 -0.00735868 -0.00788394 -0.00824295 -0.00841104 -0.008397 -0.00826058 -0.0080218 -0.0076838 -0.00725944 -0.00679369 -0.00634553 -0.00593028 -0.00553662 -0.00515256 -0.00481136 
0 0.000404667 0.000802619 0.00120186 0.00160911 0.00203488 0.00247329 0.00292231 0.00340498 0.00395396 0.00461421 0.00539811 0.00631552 0.00740269 0.00868617 0.0101702 0.0117766 0.0133887 0.0148929 0.0161584 0.0170489 0.0174073 0.0171189 0.016143 0.0144982 0.0122739 0.00964294 0.00683539 0.00409922 0.00164875 -0.000339404 -0.00168948 -0.00230909 -0.00216507 -0.00128865 0.000242284 0.00232939 0.00480101 0.00750496 0.0103082 0.0130931 0.0157487 0.0181986 0.0204003 0.0223203 0.0239256 0.0251924 0.0261347 0.0267337 0.0269798 0.0268727 0.0264271 0.0256266 0.0244707 0.0229759 0.0211418 0.0189772 0.0164878 0.0137056 0.010648 0.00733816 0.00380951 0.000123431 -0.00370329 -0.00761428 -0.0115434 -0.0154521 -0.0192912 -0.0229907 -0.0265045 -0.0297933 -0.0327971 -0.0354777 -0.0377995 -0.0397404 -0.0412607 -0.0423613 -0.0430377 -0.043289 -0.0431235 -0.0425868 -0.0416848 -0.0404589 -0.0389594 -0.0372207 -0.0352729 -0.0331832 -0.0309796 -0.0286947 -0.0263729 -0.0240501 -0.0217452 -0.0194907 -0.0173017 -0.0151931 -0.0131774 -0.0112553 -0.00942069 -0.00767295 -0.00599606 -0.00437173 -0.00278546 -0.00121498 0.000365483 0.0019708 0.00362263 0.00533917 0.00713124 0.0090099 0.0109819 0.0130361 0.0151795 0.0174041 0.019683 0.0219998 0.0243496 0.0266847 0.0289812 0.0312143 0.0333409 0.0353133 0.0371136 0.0386836 0.0399891 0.0409971 0.0416786 0.0419945 0.0419393 0.0414929 0.0406525 0.039412 0.0377943 0.0358073 0.033465 0.0308065 0.0278658 0.0246605 0.0212423 0.0176661 0.0139479 0.0101484 0.00631733 0.00249194 -0.00129639 -0.00499117 -0.0085671 -0.011997 -0.0152645 -0.01834 -0.021219 -0.0239119 -0.0264136 -0.0287314 -0.0308858 -0.0329154 -0.03482 -0.036629 -0.0383751 -0.0400726 -0.0417109 -0.0432837 -0.0447644 -0.0460918 -0.0471685 -0.0478803 -0.0481354 -0.047793 -0.0467546 -0.0449715 -0.0424463 -0.0392379 -0.0354365 -0.0312166 -0.0267971 -0.0224018 -0.0182589 -0.0145999 -0.0116097 -0.00939346 -0.00794464 -0.00719383 -0.00704239 -0.00733503 -0.00791355 -0.00861369 -0.00930918 -0.00990488 -0.0103101 -0.0104979 -0.0104829 -0.0103155 -0.0100323 -0.00963386 -0.00914578 -0.00861573 -0.00810089 -0.00762607 -0.00717472 -0.00674526 -0.00636125 
0 0.000466692 0.000940649 0.00140297 0.00189567 0.00239779 0.00292231 0.00347753 0.00406212 0.00474908 0.00554741 0.0064964 0.00761658 0.00892091 0.0104673 0.0122137 0.0141001 0.0159962 0.0177511 0.0192356 0.0202653 0.0206873 0.0203731 0.0192667 0.0173985 0.0148791 0.0118938 0.00871204 0.0056009 0.00279963 0.000546825 -0.00101438 -0.00173884 -0.00161069 -0.000669226 0.00102165 0.00329598 0.00600587 0.00895673 0.0119974 0.0149873 0.0178171 0.0203865 0.0226575 0.0245912 0.0261436 0.0273306 0.0281231 0.0285415 0.028572 0.0282292 0.0275115 0.0264437 0.0250122 0.0232406 0.0211559 0.0187414 0.016039 0.0130589 0.00982431 0.00635136 0.00269989 -0.001131 -0.00506986 -0.00908939 -0.0131428 -0.0171788 -0.0211396 -0.0249881 -0.0286616 -0.0321062 -0.0352989 -0.0381804 -0.0407213 -0.0428847 -0.044661 -0.0460013 -0.0469266 -0.0474226 -0.0475034 -0.0471587 -0.0464452 -0.0453631 -0.0439601 -0.0422714 -0.040356 -0.0382185 -0.0359208 -0.0335065 -0.0310239 -0.0284792 -0.0259179 -0.0233706 -0.0208713 -0.0184199 -0.0160388 -0.0137352 -0.0115185 -0.00937395 -0.00729946 -0.00527555 -0.00328866 -0.00131214 0.000664912 0.00267176 0.00472573 0.00684483 0.00902251 0.0112775 0.0136124 0.0160291 0.0184912 0.0209999 0.0235437 0.0261107 0.0286398 0.0311258 0.0335325 0.0358311 0.0379619 0.0399196 0.0416369 0.0430879 0.0442302 0.0450624 0.0455241 0.045618 0.0453231 0.0446406 0.0435505 0.042091 0.040255 0.0380562 0.0355295 0.0326983 0.0295869 0.0262417 0.0227071 0.019 0.015193 0.0112987 0.00737505 0.00345361 -0.000420609 -0.00423638 -0.00793193 -0.0115147 -0.0149583 -0.0182376 -0.0213586 -0.0243187 -0.0271195 -0.0297639 -0.0322916 -0.0346954 -0.0370264 -0.0392803 -0.0414929 -0.0436768 -0.0458172 -0.0478948 -0.0498759 -0.0516788 -0.0531833 -0.0542868 -0.0548175 -0.0546696 -0.0537013 -0.0518541 -0.0491478 -0.0456143 -0.0413985 -0.036679 -0.0317019 -0.0267323 -0.0220365 -0.0178663 -0.0144449 -0.0118759 -0.0101726 -0.00927621 -0.00904154 -0.00933552 -0.00994617 -0.0107097 -0.0114845 -0.0121298 -0.0125908 -0.0127988 -0.0127919 -0.0126143 -0.0122864 -0.0118529 -0.0113098 -0.0107312 -0.0101645 -0.00962353 -0.00912516 -0.00863985 -0.00821358 
0 0.00053963 0.00106689 0.00162797 0.00218134 0.00278304 0.00340498 0.00406212 0.00480059 0.00561864 0.00659998 0.007731 0.00906389 0.0106291 0.012426 0.0144646 0.0166253 0.0188024 0.0208207 0.022507 0.0236825 0.0241634 0.0238257 0.0225985 0.0205276 0.0177207 0.0144179 0.0108747 0.00739519 0.00426823 0.00171078 -5.41892e-05 -0.000936467 -0.000878937 8.55947e-05 0.00184201 0.00424386 0.00710423 0.0102151 0.0134046 0.0165173 0.0194058 0.0220198 0.0242584 0.0261013 0.0275414 0.028539 0.0291244 0.0292941 0.0290518 0.0284312 0.0274403 0.0260823 0.0244082 0.0224037 0.0200915 0.0175088 0.0146554 0.0115597 0.00825109 0.0047518 0.00107776 -0.00272852 -0.00664344 -0.0106293 -0.014642 -0.0186349 -0.0225776 -0.026412 -0.0300982 -0.0336078 -0.0368706 -0.0398567 -0.0425448 -0.0448854 -0.046854 -0.0484598 -0.0496496 -0.0504179 -0.0507792 -0.0507313 -0.050276 -0.0494503 -0.0482653 -0.0467479 -0.044932 -0.0428712 -0.0406101 -0.0381653 -0.0355659 -0.032882 -0.0301497 -0.0273707 -0.0245791 -0.0218131 -0.0190875 -0.0164076 -0.0137845 -0.0112163 -0.00870318 -0.00623343 -0.0037932 -0.00136322 0.00107154 0.00353172 0.00601974 0.00854931 0.0111426 0.0137945 0.0164746 0.0191915 0.0219538 0.0247272 0.0274744 0.0301762 0.0328196 0.0353735 0.0377875 0.0400218 0.0420643 0.0438567 0.0453686 0.0465954 0.0474953 0.0480207 0.0482 0.0480076 0.0474273 0.046481 0.0451729 0.0434878 0.0414643 0.0391212 0.0364749 0.0335603 0.0304092 0.02705 0.0235133 0.0198483 0.0160805 0.012251 0.00839615 0.00453971 0.000703585 -0.00306577 -0.00677412 -0.0103895 -0.0138793 -0.0172693 -0.0205303 -0.0236637 -0.0266971 -0.0296258 -0.0324628 -0.0352531 -0.0379807 -0.0406943 -0.0434053 -0.0460964 -0.0487923 -0.0514327 -0.0539666 -0.0563042 -0.0583138 -0.0598428 -0.060743 -0.0608393 -0.0600187 -0.0582104 -0.0553892 -0.051652 -0.0471097 -0.041992 -0.0365559 -0.0310954 -0.0259212 -0.0213113 -0.0174989 -0.014607 -0.0126771 -0.0116172 -0.0113199 -0.0115847 -0.0122205 -0.0130489 -0.0138689 -0.0145931 -0.0150859 -0.0153388 -0.0153604 -0.0151687 -0.0148427 -0.0143603 -0.0137982 -0.0131816 -0.0125586 -0.0119812 -0.0114087 -0.0108928 -0.0104135 
0 0.000615508 0.00124204 0.00187283 0.00253566 0.00322544 0.00395396 0.00474908 0.00561864 0.00662245 0.00777656 0.00912017 0.0107036 0.0125272 0.01463 0.0169495 0.0194037 0.0218651 0.0241271 0.0260207 0.0273201 0.0278534 0.0274898 0.026146 0.0238707 0.0208049 0.0171747 0.0132861 0.0094448 0.00595521 0.0031151 0.00108298 2.30622e-05 -3.83075e-05 0.000858372 0.00262522 0.00504184 0.00795415 0.0111255 0.0143649 0.0174912 0.0203797 0.0229279 0.0250642 0.0267538 0.0279715 0.0287479 0.029055 0.0289399 0.0284139 0.0275195 0.026242 0.0246461 0.0227426 0.0205411 0.0180934 0.0153915 0.012485 0.00937364 0.00608206 0.00262971 -0.000924973 -0.00462544 -0.00837473 -0.0121737 -0.0160128 -0.019842 -0.0236124 -0.0273217 -0.0309111 -0.0343299 -0.0375721 -0.0405886 -0.0433545 -0.0458113 -0.0479745 -0.0497765 -0.0512165 -0.0522829 -0.0529858 -0.0532485 -0.0531419 -0.0526388 -0.0517477 -0.050495 -0.0489459 -0.0470502 -0.0448859 -0.0424998 -0.0399341 -0.0371881 -0.0343247 -0.0313638 -0.0283628 -0.0253207 -0.0222642 -0.0192078 -0.0161836 -0.013173 -0.0101936 -0.00723363 -0.00429356 -0.00135595 0.00156792 0.0045112 0.00747106 0.0104541 0.0134424 0.0164539 0.0194723 0.0225075 0.025495 0.0284328 0.0313185 0.0341328 0.0367765 0.0392787 0.0415879 0.043667 0.0454783 0.047036 0.048246 0.0491388 0.0496839 0.0498889 0.0497213 0.0492161 0.0483403 0.0471284 0.0455715 0.0437197 0.0415624 0.0391232 0.036448 0.0335414 0.0304259 0.027165 0.0237762 0.0202478 0.0166771 0.0130315 0.0093531 0.00566694 0.00200911 -0.00163686 -0.00521659 -0.00875053 -0.0122054 -0.0155914 -0.018912 -0.0221479 -0.0253304 -0.0284628 -0.0315816 -0.0346713 -0.0377975 -0.0409504 -0.0441447 -0.0473709 -0.0506224 -0.0538395 -0.0569534 -0.0598523 -0.0623859 -0.0644189 -0.0657098 -0.0661409 -0.0655449 -0.063838 -0.0610264 -0.0571519 -0.0524018 -0.0469877 -0.0411897 -0.0353446 -0.0297848 -0.0248075 -0.0206733 -0.0175041 -0.0153612 -0.0141797 -0.0137964 -0.0140572 -0.014716 -0.015597 -0.0165031 -0.0172742 -0.0178442 -0.0181392 -0.0181933 -0.018026 -0.0176712 -0.0171886 -0.0165962 -0.0159599 -0.0153128 -0.0146784 -0.0140839 -0.0135201 -0.0130152 
0 0.000716822 0.00143152 0.00218317 0.0029421 0.00375669 0.00461421 0.00554741 0.00659998 0.00777656 0.00914733 0.0107198 0.01256 0.0146844 0.0170794 0.0197105 0.0224559 0.025197 0.0277128 0.0297932 0.0312115 0.0317807 0.0313705 0.0298934 0.0274101 0.0240592 0.0201143 0.015866 0.0116484 0.00780673 0.00461923 0.00231054 0.000997296 0.000739406 0.00150474 0.00316608 0.00552208 0.00838796 0.0115223 0.0147157 0.0177787 0.0205545 0.0229828 0.0249462 0.0264235 0.0274206 0.0279289 0.027966 0.0275625 0.0267508 0.0255844 0.0240708 0.0222497 0.0201859 0.0178618 0.0153171 0.0125844 0.00968436 0.00662483 0.00343715 0.000148494 -0.00322852 -0.00669405 -0.0102002 -0.0137366 -0.0172973 -0.0208377 -0.0243451 -0.0277991 -0.0311753 -0.0344467 -0.0375738 -0.0405287 -0.0432978 -0.0458175 -0.0480887 -0.0500929 -0.0517714 -0.0531115 -0.0541198 -0.0547432 -0.0549949 -0.0548756 -0.0543601 -0.0534585 -0.0521975 -0.0505809 -0.0486555 -0.0464358 -0.0439365 -0.0412185 -0.0383307 -0.0352738 -0.0320869 -0.0288103 -0.0254646 -0.0220654 -0.0186338 -0.0151765 -0.01171 -0.00824162 -0.00477351 -0.00130722 0.00215055 0.00560272 0.00903658 0.0124512 0.0158547 0.0192294 0.0225392 0.0257945 0.0289819 0.0320588 0.0349965 0.0377709 0.0403435 0.0427085 0.0448137 0.0466195 0.0481323 0.0493267 0.0501632 0.0506828 0.0508583 0.0506643 0.050143 0.0493068 0.0481332 0.0466739 0.0449363 0.0429275 0.0406763 0.0382158 0.0355679 0.0327541 0.0297913 0.0267204 0.0235424 0.0202729 0.0169567 0.0135938 0.0101977 0.00678622 0.00337735 -2.37781e-05 -0.00341434 -0.00678033 -0.0100922 -0.0133999 -0.0166789 -0.0199276 -0.0231916 -0.0264763 -0.0297941 -0.0331709 -0.0366196 -0.0401706 -0.0438173 -0.0475288 -0.0513264 -0.0551138 -0.0588058 -0.0622788 -0.0653714 -0.0679018 -0.0696487 -0.0704356 -0.0701203 -0.0686047 -0.065855 -0.0619664 -0.057092 -0.0514843 -0.045431 -0.03929 -0.0334353 -0.0281789 -0.0237893 -0.0204084 -0.0181166 -0.0168342 -0.0164232 -0.0166816 -0.0173861 -0.0183419 -0.0193143 -0.0201767 -0.0208059 -0.021175 -0.021285 -0.0211379 -0.0208088 -0.020314 -0.0197359 -0.019099 -0.018434 -0.0177903 -0.0171572 -0.0165868 -0.0160561 
0 0.000838801 0.00168211 0.00255609 0.00344929 0.00439542 0.00539811 0.0064964 0.007731 0.00912017 0.0107198 0.0125533 0.0146842 0.0171248 0.0198482 0.0227931 0.0258381 0.0288498 0.0315956 0.0338408 0.0353457 0.0359184 0.0354304 0.0337948 0.0310717 0.0274232 0.0231258 0.0184942 0.0138722 0.00962642 0.00606757 0.0034165 0.00180531 0.00129129 0.00184208 0.00332501 0.00552475 0.00824749 0.0112533 0.0143153 0.0172314 0.0198522 0.0220972 0.0238593 0.0251095 0.025857 0.0261131 0.0258913 0.0252313 0.0241838 0.0228006 0.0210911 0.0191137 0.0169269 0.0145292 0.0119638 0.00926076 0.00644604 0.00352193 0.000507629 -0.00256595 -0.00568518 -0.00886571 -0.0120544 -0.0152489 -0.0184631 -0.0216632 -0.0248342 -0.0279772 -0.0310726 -0.0340948 -0.0370282 -0.0398579 -0.0425627 -0.0450857 -0.0474293 -0.0495578 -0.0514213 -0.053014 -0.0543256 -0.0552848 -0.0559057 -0.056173 -0.0560504 -0.0555454 -0.0546744 -0.0534033 -0.0517662 -0.0497906 -0.0474896 -0.0448899 -0.0420338 -0.0389394 -0.0356509 -0.0321952 -0.028594 -0.0248716 -0.021059 -0.0171684 -0.0132233 -0.00924032 -0.00523874 -0.00123514 0.00274895 0.00670785 0.0106208 0.0144714 0.0182473 0.0219362 0.0255119 0.0289673 0.0322633 0.0353718 0.0382827 0.0409635 0.0433583 0.0454762 0.0472829 0.0487474 0.0498826 0.0506836 0.0511096 0.0512082 0.0509778 0.0504099 0.0495394 0.0483926 0.046955 0.0452763 0.0433792 0.0412844 0.0390112 0.0365909 0.034048 0.0313882 0.028628 0.0258095 0.0229218 0.0199631 0.016981 0.0139568 0.0108929 0.00781256 0.00472703 0.00162569 -0.00148582 -0.0046054 -0.00771928 -0.0108716 -0.0140529 -0.017257 -0.0205303 -0.0238895 -0.0273449 -0.0309165 -0.0346354 -0.038519 -0.0425529 -0.0467114 -0.0509956 -0.0553098 -0.0595469 -0.0635698 -0.0672071 -0.0702545 -0.0724645 -0.0736535 -0.0736636 -0.0723811 -0.0697739 -0.0659277 -0.061021 -0.0553085 -0.0490942 -0.0427642 -0.0367091 -0.0312614 -0.0266936 -0.0231644 -0.0207657 -0.0194295 -0.0190088 -0.0193024 -0.0200806 -0.0211338 -0.0222226 -0.0231945 -0.0239382 -0.0244138 -0.0246127 -0.024534 -0.0242404 -0.0237793 -0.0232259 -0.0226112 -0.0219585 -0.0213083 -0.0206766 -0.0201018 -0.0195704 
0 0.000972362 0.00196248 0.0029726 0.00402836 0.00513324 0.00631552 0.00761658 0.00906389 0.0107036 0.01256 0.0146842 0.0171295 0.0198978 0.0229569 0.0262086 0.0295416 0.0327989 0.0357425 0.0381158 0.0396649 0.040197 0.0395833 0.0377476 0.034745 0.0307673 0.0260838 0.0210372 0.0159785 0.0112839 0.00730321 0.00424239 0.00226205 0.00141311 0.00166488 0.0028893 0.00485791 0.00736892 0.0101828 0.0130579 0.0157785 0.0182102 0.020243 0.0217962 0.0228304 0.0233516 0.0233953 0.0229606 0.0220983 0.0208698 0.0193276 0.017485 0.0154208 0.0131765 0.0107716 0.00824714 0.00562618 0.00294642 0.000207033 -0.00257783 -0.00538295 -0.00819115 -0.0110399 -0.0138742 -0.0166992 -0.0195342 -0.0223591 -0.0251539 -0.0279424 -0.0307136 -0.0334419 -0.0361308 -0.0387703 -0.0413377 -0.0437911 -0.0461412 -0.0483353 -0.050336 -0.0521264 -0.0536882 -0.0549446 -0.0559118 -0.0565538 -0.0568294 -0.0567279 -0.0562629 -0.0553831 -0.0541064 -0.0524454 -0.0504094 -0.0480028 -0.0452642 -0.0422114 -0.0388827 -0.0352993 -0.0314936 -0.0274934 -0.0233353 -0.0190403 -0.0146448 -0.0101762 -0.00566935 -0.00115219 0.00333776 0.00777852 0.0121379 0.0163932 0.0205125 0.0244757 0.0282549 0.0318374 0.0351737 0.0382445 0.0410374 0.0435261 0.0456602 0.0474641 0.0489121 0.0499876 0.0507019 0.0510785 0.051085 0.0507721 0.050149 0.0492284 0.0480321 0.0466099 0.0449587 0.0431232 0.0411294 0.0390089 0.0367677 0.0344397 0.0320524 0.0295966 0.0270863 0.0245545 0.0219855 0.0193636 0.0167438 0.014091 0.0114034 0.00869744 0.00597877 0.0032156 0.000424298 -0.00240578 -0.00527632 -0.00821574 -0.0112377 -0.0143351 -0.0175534 -0.0209187 -0.0244451 -0.0281367 -0.0320518 -0.0361871 -0.04053 -0.0450679 -0.0497728 -0.0545589 -0.0592945 -0.0638281 -0.0679739 -0.0715102 -0.0741621 -0.0757485 -0.0760909 -0.0750648 -0.0726469 -0.0689017 -0.0640389 -0.0583035 -0.0520194 -0.0455936 -0.0394263 -0.0338701 -0.0291976 -0.0255875 -0.0231346 -0.0217923 -0.0213988 -0.0217649 -0.022652 -0.0238342 -0.0250809 -0.0262029 -0.0271144 -0.0277491 -0.0280923 -0.028143 -0.0279378 -0.0275674 -0.0270814 -0.0265266 -0.0259185 -0.0252815 -0.0246714 -0.024098 -0.0235727 
0 0.00114137 0.00228783 0.00348449 0.00470853 0.00601146 0.00740269 0.00892091 0.0106291 0.0125272 0.0146844 0.0171248 0.0198978 0.0230159 0.0263902 0.0299446 0.0335329 0.0369903 0.0400832 0.0425202 0.0440526 0.0444855 0.0436859 0.041597 0.0382837 0.0339252 0.0288355 0.0233312 0.0177926 0.0126244 0.00814398 0.00463516 0.00221054 0.000954598 0.000845372 0.0017247 0.0034019 0.00564181 0.0082124 0.0108615 0.0133828 0.0156024 0.0174478 0.0188079 0.019648 0.0200019 0.0198637 0.0192809 0.018285 0.0169478 0.015313 0.0134362 0.0113434 0.00912293 0.00678664 0.00435116 0.00188141 -0.000616534 -0.00313452 -0.00565576 -0.00814785 -0.0106472 -0.0131209 -0.015588 -0.0180357 -0.0204808 -0.0229098 -0.0253404 -0.0277586 -0.0301801 -0.0326069 -0.0350161 -0.0374159 -0.0397956 -0.0421328 -0.0443984 -0.0466023 -0.0486739 -0.0505962 -0.0523292 -0.0538539 -0.0551043 -0.056081 -0.0567281 -0.0570308 -0.0569398 -0.0564686 -0.0555888 -0.0542945 -0.052553 -0.0504083 -0.0478619 -0.0449286 -0.041612 -0.0379692 -0.0340198 -0.0298052 -0.0253493 -0.0207089 -0.0159145 -0.0110208 -0.00606178 -0.00109341 0.00385563 0.00872547 0.0134799 0.0180734 0.0224922 0.0266742 0.0305887 0.0342036 0.0375203 0.0404839 0.0430811 0.0452859 0.0471242 0.0485663 0.0496198 0.0502785 0.0505895 0.0505267 0.0501377 0.0494452 0.0484778 0.04723 0.0457853 0.0441484 0.042349 0.0404253 0.0384183 0.0363183 0.0341672 0.0319899 0.02978 0.027555 0.025321 0.0230845 0.0208292 0.0185783 0.0163062 0.0140371 0.0117353 0.00941038 0.00705238 0.00465847 0.00218676 -0.000333337 -0.00292431 -0.00563491 -0.00844734 -0.0113908 -0.0145001 -0.0178096 -0.0213191 -0.0250811 -0.0290975 -0.0334135 -0.0379974 -0.0428251 -0.0478834 -0.0530568 -0.05821 -0.063178 -0.0677669 -0.0717105 -0.0747745 -0.07671 -0.0773667 -0.0766106 -0.0743811 -0.0707992 -0.0660226 -0.0603364 -0.0540705 -0.0476281 -0.0414389 -0.0358519 -0.0311418 -0.027511 -0.0250559 -0.0237341 -0.0234177 -0.0238811 -0.024921 -0.0262848 -0.0277226 -0.0290779 -0.0302042 -0.0310771 -0.0316378 -0.0318702 -0.0318426 -0.0315969 -0.031243 -0.0307872 -0.0302504 -0.0296835 -0.0291016 -0.0285766 -0.028072 
0 0.00133696 0.00270336 0.00408531 0.0055428 0.00705787 0.00868617 0.0104673 0.012426 0.01463 0.0170794 0.0198482 0.0229569 0.0263902 0.0300817 0.0338946 0.0377042 0.0413127 0.0444851 0.0469201 0.0483677 0.0486261 0.0475773 0.0451847 0.0414942 0.0367421 0.0311833 0.0251965 0.0191533 0.0134426 0.00845761 0.00441723 0.00151211 -0.000200728 -0.000746538 -0.000252028 0.00107642 0.00300179 0.00530345 0.00772132 0.0100257 0.012092 0.0137577 0.0149808 0.0156989 0.0159172 0.0156842 0.0150119 0.0139538 0.0125854 0.0109541 0.00909118 0.00708142 0.00494056 0.00272731 0.000463972 -0.00181701 -0.00409276 -0.00634656 -0.00858062 -0.0107815 -0.0129336 -0.0150673 -0.0171655 -0.0192331 -0.0212912 -0.0233604 -0.0254104 -0.0274851 -0.0295772 -0.031673 -0.0337902 -0.0359432 -0.0380964 -0.0402571 -0.0424177 -0.044533 -0.0465881 -0.0485681 -0.0504283 -0.0521132 -0.0536025 -0.0548478 -0.055806 -0.0564437 -0.0567506 -0.0566609 -0.056144 -0.0551987 -0.0538269 -0.0519793 -0.0496579 -0.0468786 -0.0436712 -0.0400389 -0.0360185 -0.0316481 -0.0269884 -0.0220774 -0.016976 -0.0117313 -0.00640933 -0.00106246 0.00424183 0.00946183 0.0145355 0.0194105 0.0240173 0.0283288 0.0323121 0.0359269 0.039113 0.0418845 0.0442431 0.0461716 0.0476478 0.0487094 0.0493673 0.0496372 0.0495352 0.0491061 0.0483585 0.0473251 0.0460589 0.0446008 0.042962 0.0411955 0.0393373 0.0373928 0.0354098 0.0334141 0.0314006 0.0293852 0.0273974 0.0254056 0.0234379 0.0214976 0.0195737 0.0176474 0.0157425 0.013822 0.011877 0.0099109 0.00790939 0.00584365 0.00371241 0.00150343 -0.00082158 -0.00325599 -0.00584985 -0.00860245 -0.0115529 -0.0147454 -0.0182044 -0.0219401 -0.0260229 -0.0304404 -0.0351779 -0.040242 -0.0455426 -0.0510178 -0.0564938 -0.061798 -0.0667251 -0.0710119 -0.0743829 -0.0766281 -0.0775512 -0.0770162 -0.0750055 -0.0715641 -0.0669272 -0.0613299 -0.0551315 -0.0487544 -0.0425983 -0.0370495 -0.0323654 -0.028769 -0.0263543 -0.0251102 -0.0248927 -0.0255144 -0.0267482 -0.028332 -0.0300423 -0.0316558 -0.0330901 -0.0342493 -0.0350877 -0.0355968 -0.0357804 -0.0357642 -0.0355793 -0.0352838 -0.0348913 -0.0344151 -0.0339504 -0.033487 -0.0330585 
0 0.00158184 0.00317798 0.00481547 0.00650587 0.00827937 0.0101702 0.0122137 0.0144646 0.0169495 0.0197105 0.0227931 0.0262086 0.0299446 0.0338946 0.0379313 0.0419028 0.0455979 0.0487823 0.051144 0.0524286 0.0524504 0.0510808 0.0483119 0.0442118 0.0389866 0.0329449 0.026428 0.0198421 0.0135951 0.00803959 0.00347036 3.78774e-05 -0.00217044 -0.00317234 -0.00310565 -0.00214401 -0.000533095 0.00149779 0.00369025 0.00583281 0.00774535 0.00930963 0.0104456 0.0110981 0.01129 0.0110261 0.0103538 0.00932103 0.00799297 0.00641266 0.00466426 0.00276761 0.00078735 -0.00123237 -0.00329399 -0.00533728 -0.00736296 -0.00935589 -0.0112992 -0.0131805 -0.0150341 -0.0168175 -0.0185808 -0.0203167 -0.0220304 -0.023736 -0.0254552 -0.0271852 -0.0289437 -0.0307475 -0.0325875 -0.0344666 -0.036376 -0.0383377 -0.0403052 -0.0422998 -0.0442895 -0.04624 -0.0481006 -0.049889 -0.0515118 -0.0529514 -0.0541609 -0.0550956 -0.0556777 -0.0559215 -0.0557686 -0.0551818 -0.0541058 -0.0525533 -0.0505026 -0.0479496 -0.0448739 -0.041322 -0.0373167 -0.0329079 -0.0281317 -0.0230591 -0.0177471 -0.0122763 -0.00669923 -0.00109597 0.00447428 0.00992655 0.0151981 0.0202201 0.0249523 0.0293094 0.0332521 0.0367457 0.0397967 0.0423616 0.0444348 0.0460197 0.0471778 0.0478819 0.0481697 0.0480716 0.0476312 0.0468496 0.0458231 0.044554 0.0430901 0.0414638 0.0397387 0.037918 0.0360641 0.03418 0.0322989 0.0304163 0.0285634 0.0267489 0.0249683 0.0232325 0.0215446 0.0198824 0.0182434 0.016646 0.0150347 0.0134411 0.0118295 0.0101841 0.00849279 0.00675213 0.00491403 0.00300378 0.000971978 -0.00120394 -0.00353539 -0.0060761 -0.00884833 -0.0118972 -0.0152492 -0.0189483 -0.0230082 -0.0274659 -0.0322951 -0.0374827 -0.0429656 -0.0486392 -0.0543454 -0.0598937 -0.0650647 -0.0695766 -0.0731896 -0.075643 -0.0767658 -0.0764242 -0.0745657 -0.0712904 -0.0667687 -0.0612799 -0.0551864 -0.0488904 -0.0428243 -0.0373507 -0.0327438 -0.0292343 -0.0269114 -0.0257769 -0.0257149 -0.0265202 -0.0279895 -0.0298453 -0.031849 -0.0338081 -0.0355818 -0.0371058 -0.0382968 -0.0391312 -0.0396431 -0.039896 -0.039978 -0.039908 -0.0397096 -0.0394267 -0.0391019 -0.0387908 -0.038476 
0 0.00185044 0.00372098 0.00561665 0.00757817 0.00961457 0.0117766 0.0141001 0.0166253 0.0194037 0.0224559 0.0258381 0.0295416 0.0335329 0.0377042 0.0419028 0.0459715 0.0496795 0.0527862 0.0549821 0.0560243 0.0557219 0.0539656 0.0507671 0.0461941 0.0404807 0.0339039 0.0268394 0.0196977 0.0128788 0.00677042 0.00164623 -0.00230155 -0.00499318 -0.00645104 -0.00679287 -0.00618595 -0.00487959 -0.00309654 -0.00109429 0.000906981 0.00274597 0.00425278 0.00537651 0.00604919 0.00627137 0.00606401 0.00546729 0.00453499 0.00332775 0.0018915 0.000296526 -0.0014089 -0.00319929 -0.00500747 -0.00682653 -0.00861298 -0.010373 -0.0120792 -0.0137312 -0.0153357 -0.0168936 -0.0183864 -0.0198489 -0.0212781 -0.0226778 -0.0240845 -0.0254925 -0.0269287 -0.0283918 -0.0298946 -0.0314497 -0.0330696 -0.0347295 -0.0364694 -0.0382457 -0.0400528 -0.0418907 -0.0437404 -0.045554 -0.0473315 -0.0490045 -0.050536 -0.0518875 -0.0530091 -0.0538452 -0.0543527 -0.0544633 -0.054148 -0.0533798 -0.0521116 -0.05031 -0.04797 -0.0450991 -0.0417049 -0.0378055 -0.033444 -0.0286843 -0.0235775 -0.0181988 -0.0126243 -0.00693086 -0.00120323 0.00446897 0.0100196 0.0153624 0.020416 0.0251127 0.0294037 0.0332456 0.0365941 0.0394198 0.0417329 0.0435424 0.0448486 0.0456796 0.0460563 0.046026 0.0456349 0.0449154 0.0439063 0.0426795 0.0412446 0.0396697 0.0380049 0.0362668 0.0344746 0.0326936 0.0309021 0.0291435 0.0274319 0.0257716 0.0241583 0.0226097 0.0211067 0.0196678 0.0182666 0.0169037 0.0155756 0.014246 0.012917 0.0115784 0.0102108 0.00879816 0.00733871 0.00579437 0.00416307 0.00239065 0.000481145 -0.00161726 -0.00394142 -0.00651739 -0.0093945 -0.0126172 -0.0162151 -0.0202257 -0.024662 -0.0295105 -0.0347671 -0.0403259 -0.046113 -0.0519519 -0.0576442 -0.0629614 -0.0676221 -0.0713749 -0.0739705 -0.0752153 -0.0749845 -0.0732486 -0.0700714 -0.0656579 -0.0602672 -0.0542787 -0.048098 -0.0421327 -0.0367661 -0.0322625 -0.0288594 -0.0266469 -0.0256422 -0.0257427 -0.0267627 -0.0284896 -0.0306467 -0.0330049 -0.0353463 -0.0375429 -0.0394909 -0.0411061 -0.0423617 -0.0432612 -0.0438892 -0.0442984 -0.0445307 -0.044611 -0.0445703 -0.044479 -0.0443596 -0.0442246 
0 0.00211567 0.00425317 0.00641181 0.00864162 0.0109489 0.0133887 0.0159962 0.0188024 0.0218651 0.025197 0.0288498 0.0327989 0.0369903 0.0413127 0.0455979 0.0496795 0.0533098 0.0562432 0.0581862 0.0589015 0.0582064 0.0560028 0.0523213 0.0472449 0.0410135 0.0338987 0.0262879 0.0186018 0.0112368 0.00458989 -0.001066 -0.0055139 -0.00867219 -0.0105621 -0.0112826 -0.0109945 -0.00993862 -0.00835024 -0.00648155 -0.004557 -0.00274273 -0.00122606 -5.37592e-05 0.000707925 0.00104385 0.00097421 0.000531858 -0.000223392 -0.00124872 -0.0024914 -0.00388091 -0.0053619 -0.00692097 -0.00848837 -0.0100521 -0.0115821 -0.0130837 -0.0145278 -0.0159062 -0.0172433 -0.018529 -0.0197559 -0.0209548 -0.0221319 -0.0232744 -0.0244185 -0.0255582 -0.0267251 -0.0279159 -0.0291519 -0.0304505 -0.0318101 -0.0332163 -0.0347131 -0.0362646 -0.0378627 -0.0395237 -0.0412105 -0.0428887 -0.0445651 -0.0461894 -0.0477148 -0.0491151 -0.050322 -0.0512813 -0.051947 -0.052261 -0.0521626 -0.0516144 -0.0505695 -0.0490085 -0.0469036 -0.044257 -0.0410694 -0.0373631 -0.0331715 -0.0285556 -0.0235549 -0.0182585 -0.0127474 -0.00710445 -0.00141821 0.00420067 0.0096813 0.0149271 0.0198637 0.0244211 0.0285462 0.0321859 0.0353219 0.0379271 0.040004 0.0415497 0.0425912 0.0431615 0.0432926 0.0430268 0.0424278 0.0415242 0.0403782 0.0390609 0.0375844 0.0359979 0.0343629 0.032681 0.0309798 0.0293209 0.0276803 0.0260827 0.0245517 0.0230861 0.0216782 0.0203492 0.0190761 0.0178673 0.0166888 0.0155518 0.0144461 0.0133446 0.0122448 0.0111496 0.0100217 0.00885028 0.00763215 0.00633572 0.00494519 0.0034137 0.00174578 -0.00012522 -0.00223936 -0.00462428 -0.0073249 -0.0104024 -0.0138768 -0.0177914 -0.0221553 -0.0269698 -0.0322246 -0.0378034 -0.043633 -0.049532 -0.0552893 -0.0606601 -0.0653733 -0.0691705 -0.0718099 -0.07309 -0.072899 -0.0712191 -0.0681012 -0.0637566 -0.0584437 -0.0525491 -0.0464713 -0.0406083 -0.0353452 -0.0309515 -0.0276598 -0.0255622 -0.02469 -0.0249542 -0.0261897 -0.0281781 -0.0306506 -0.0333846 -0.0361518 -0.0388186 -0.041254 -0.0433678 -0.0451232 -0.0465054 -0.0475913 -0.0484155 -0.0490285 -0.0494581 -0.0497336 -0.0499291 -0.0500582 -0.050146 
0 0.00237123 0.00475135 0.0071703 0.00963755 0.0122 0.0148929 0.0177511 0.0208207 0.0241271 0.0277128 0.0315956 0.0357425 0.0400832 0.0444851 0.0487823 0.0527862 0.0562432 0.0589029 0.0605037 0.0608026 0.0596529 0.0569549 0.0527555 0.0471819 0.0404274 0.0328139 0.0246892 0.0164954 0.00864478 0.00149129 -0.00463554 -0.00954077 -0.0131183 -0.0153873 -0.0164397 -0.0164275 -0.0155706 -0.0141277 -0.0123436 -0.0104193 -0.00857835 -0.00696364 -0.00567369 -0.0047592 -0.00423756 -0.00411501 -0.00434557 -0.0048657 -0.00564763 -0.00664996 -0.00777055 -0.00900518 -0.0103029 -0.0116181 -0.0129297 -0.0142084 -0.0154547 -0.0166562 -0.0177902 -0.0188789 -0.0199423 -0.0209325 -0.0219023 -0.0228567 -0.023786 -0.0246973 -0.0256319 -0.0265757 -0.0275344 -0.0285363 -0.0296007 -0.0307067 -0.0318736 -0.0331357 -0.0344433 -0.0358117 -0.0372561 -0.0387369 -0.0402204 -0.0417408 -0.0432233 -0.0446393 -0.045965 -0.0471546 -0.0481166 -0.0488318 -0.0492329 -0.0492644 -0.0488534 -0.0479885 -0.0466291 -0.0447533 -0.0423397 -0.0394149 -0.035973 -0.0320584 -0.0277052 -0.0229695 -0.0179188 -0.0126557 -0.00724476 -0.00179975 0.00358512 0.00881529 0.0138092 0.0184746 0.0227752 0.0266358 0.030016 0.0328893 0.0352636 0.0371052 0.0384296 0.0392614 0.0396588 0.0396217 0.0392241 0.0385271 0.0375739 0.0363974 0.0350966 0.0336705 0.0321626 0.0306271 0.0290841 0.0275313 0.0260303 0.0245757 0.023169 0.0218337 0.0205759 0.0193808 0.0182403 0.0171748 0.0161575 0.0151687 0.01422 0.013317 0.0123936 0.0114913 0.0105935 0.00965873 0.00868661 0.00767686 0.00658121 0.00538821 0.00406431 0.0025803 0.00091244 -0.00101962 -0.00322364 -0.00574969 -0.00866757 -0.0120178 -0.0158092 -0.0200847 -0.0248427 -0.0300387 -0.0355972 -0.0413911 -0.0472731 -0.0530094 -0.0583446 -0.0630167 -0.0667783 -0.0693682 -0.0706033 -0.0703863 -0.068681 -0.0655862 -0.061257 -0.0560005 -0.0501871 -0.0441896 -0.0384281 -0.0332456 -0.0289467 -0.025742 -0.0237326 -0.0229654 -0.023372 -0.0247999 -0.0270386 -0.0298318 -0.0329483 -0.0361836 -0.0393508 -0.0423275 -0.044998 -0.0473041 -0.0492493 -0.0508429 -0.0521565 -0.0532117 -0.054047 -0.0547158 -0.0552401 -0.0556858 -0.0560395 
