0 0 0 0 0 0 0 0 0 0 0 0 0 0 0 0 0 0 0 0 0 0 0 0 0 0 0 0 0 0 0 0 0 0 0 0 0 0 0 0 0 0 0 0 0 0 0 0 0 0 0 0 0 0 0 0 0 0 0 0 0 0 0 0 0 0 0 0 0 0 0 0 0 0 0 0 0 0 0 0 0 0 0 0 0 0 0 0 0 0 0 0 0 0 0 0 0 0 0 0 0 0 0 0 0 0 0 0 0 0 0 0 0 0 0 0 0 0 0 0 0 0 0 0 0 0 0 0 0 0 0 0 0 0 0 0 0 0 0 0 0 0 0 0 0 0 0 0 0 0 0 0 0 0 0 0 0 0 0 0 0 0 0 0 0 0 0 0 0 0 0 0 0 0 0 0 0 0 0 0 0 0 0 0 0 0 0 0 0 0 0 0 0 0 0 0 0 0 0 0 
0 0.00020967 0.000439707 0.00068337 0.000955086 0.00124767 0.00156865 0.00193469 0.0023253 0.00273719 0.00312736 0.00347158 0.00376022 0.00395168 0.00404456 0.00399835 0.00382159 0.00354346 0.00317807 0.00278604 0.00238455 0.00203117 0.00176634 0.00160375 0.0015648 0.00164642 0.0018516 0.00216645 0.00255903 0.00298603 0.00344008 0.00387022 0.00426062 0.00458294 0.00480856 0.00496528 0.0050053 0.00494714 0.00478456 0.00452187 0.00416563 0.00370659 0.00315817 0.00253081 0.0018364 0.00106234 0.000252687 -0.000598087 -0.00146714 -0.00235152 -0.00322445 -0.00407351 -0.00489048 -0.00565493 -0.00636529 -0.00698706 -0.0075456 -0.00801836 -0.00839873 -0.00868443 -0.00889719 -0.00899779 -0.00901391 -0.00895285 -0.00880389 -0.00858483 -0.00830088 -0.00795759 -0.00756095 -0.00713251 -0.00666749 -0.00620037 -0.00571533 -0.00523911 -0.00476541 -0.00431465 -0.00388146 -0.00348573 -0.00310785 -0.00276839 -0.00245107 -0.00216373 -0.00191075 -0.00169234 -0.00148557 -0.00130238 -0.0011489 -0.00102075 -0.000905822 -0.000800842 -0.000719957 -0.000656768 -0.000599094 -0.000550091 -0.00051972 -0.000488069 -0.000466541 -0.000452411 -0.000439326 -0.000425863 -0.000425422 -0.000416261 -0.00041091 -0.00040863 -0.000403385 -0.000392727 -0.000391316 -0.000377156 -0.000357373 -0.00033951 -0.000318239 -0.000280398 -0.000233371 -0.00018004 -0.000121586 -4.55365e-05 5.56438e-05 0.000164334 0.000285744 0.000427879 0.000598357 0.000787205 0.00100554 0.00124184 0.0015167 0.00181201 0.00214663 0.0025132 0.00291485 0.00332886 0.00378597 0.00425392 0.00474249 0.00524004 0.00573912 0.00622367 0.00669821 0.00713752 0.00754805 0.0079235 0.00823093 0.00849074 0.00868388 0.00880124 0.00883523 0.00880762 0.00868141 0.00847369 0.00817562 0.00779825 0.00732804 0.00677809 0.00615944 0.00546963 0.00472743 0.00392018 0.00308524 0.00221576 0.00132033 0.000406891 -0.000496989 -0.00141003 -0.00231418 -0.00320698 -0.00409236 -0.00494156 -0.00579385 -0.00660791 -0.00738439 -0.00811683 -0.0087841 -0.00937539 -0.00985399 -0.0101971 -0.0103913 -0.0104233 -0.0102663 -0.00994218 -0.00945117 -0.00883548 -0.00812431 -0.00733964 -0.00655819 -0.00580785 -0.00515367 -0.00461586 -0.00420509 -0.00394412 -0.00380318 -0.00377494 -0.0038183 -0.00390837 -0.00403062 -0.00415152 -0.0042572 -0.00432385 -0.00435276 -0.00435613 -0.00433364 -0.00428802 
0 0.000439707 0.000893827 0.00141129 0.00194597 0.00255007 0.00320367 0.00392721 0.00473285 0.00553472 0.00632615 0.0070101 0.00756999 0.00796973 0.00812893 0.00805275 0.00769774 0.0071364 0.00642579 0.00562276 0.00482946 0.00410916 0.00356026 0.00322171 0.00311525 0.0032531 0.00363824 0.00423673 0.00498401 0.00581987 0.0066756 0.00751558 0.00826271 0.00886785 0.00932107 0.00959645 0.00968026 0.00955741 0.00922341 0.00870214 0.00799419 0.00707919 0.00600686 0.00478833 0.00342088 0.00194625 0.000361778 -0.00128174 -0.00295895 -0.00467925 -0.00636986 -0.00800497 -0.00959309 -0.0110864 -0.0124549 -0.0137032 -0.014795 -0.0157312 -0.0164892 -0.0170621 -0.0174709 -0.0177004 -0.0177504 -0.0176367 -0.0173762 -0.0169548 -0.0164019 -0.0157463 -0.0150067 -0.0141648 -0.013285 -0.0123755 -0.0114229 -0.0104794 -0.00958174 -0.00868723 -0.00782694 -0.00703911 -0.00628807 -0.00559044 -0.00497011 -0.0044119 -0.00388385 -0.0034165 -0.00301331 -0.0026696 -0.00234332 -0.00206533 -0.00183258 -0.00163967 -0.00146519 -0.00133016 -0.00120524 -0.00111704 -0.00104499 -0.000983549 -0.000929678 -0.000907574 -0.000871859 -0.000851455 -0.000839897 -0.000828063 -0.000806992 -0.00080942 -0.000792005 -0.000774883 -0.000755712 -0.000735055 -0.000695692 -0.000659856 -0.00059134 -0.000519629 -0.000438535 -0.000333212 -0.000179309 -2.10518e-05 0.000157504 0.000371639 0.000647446 0.000944396 0.00127341 0.00166148 0.00210459 0.00257918 0.0031356 0.00375737 0.00440809 0.0051314 0.00593011 0.00676397 0.00764537 0.0085853 0.00952897 0.010483 0.0114435 0.0123961 0.013295 0.0141495 0.0149425 0.015638 0.0162219 0.0167142 0.0170694 0.0172768 0.0173464 0.017246 0.0169885 0.0165589 0.0159537 0.0152034 0.0142902 0.0132014 0.0119983 0.0106632 0.00919864 0.00765414 0.00602805 0.00435043 0.002626 0.000861959 -0.000900518 -0.00266492 -0.00443802 -0.0061908 -0.00790851 -0.00960014 -0.0112543 -0.012865 -0.0144009 -0.0158408 -0.0171763 -0.018351 -0.01931 -0.020006 -0.0204107 -0.0204825 -0.0202077 -0.0195767 -0.0186351 -0.0174499 -0.0160494 -0.0145445 -0.0129998 -0.0115416 -0.0102641 -0.00919222 -0.00840665 -0.00787412 -0.00760902 -0.00755618 -0.00763647 -0.00783742 -0.00807105 -0.00833011 -0.00854573 -0.00868246 -0.00876134 -0.00876462 -0.00874132 -0.00865506 
0 0.00068337 0.00141129 0.00218721 0.00303546 0.00394708 0.00494001 0.00604928 0.00723236 0.008459 0.00962466 0.0106529 0.0115047 0.012079 0.0123453 0.0122126 0.0116911 0.010858 0.0097703 0.00857794 0.00735795 0.00626071 0.00540632 0.0048467 0.00463695 0.00477947 0.00527833 0.00609355 0.0071355 0.00829088 0.00951639 0.0106886 0.0117471 0.012614 0.0132227 0.0136163 0.0136963 0.0134914 0.0129919 0.0122136 0.011172 0.0098527 0.00829474 0.00652904 0.00458486 0.00244782 0.000209963 -0.00212573 -0.00451064 -0.00693595 -0.00933563 -0.0116782 -0.0139435 -0.0160809 -0.0180754 -0.019853 -0.0214531 -0.0228263 -0.0239486 -0.0248125 -0.0254603 -0.0258114 -0.0259196 -0.0258051 -0.025452 -0.0248959 -0.0241554 -0.0232493 -0.0221947 -0.0210355 -0.0197762 -0.0184879 -0.0171426 -0.0158028 -0.014465 -0.0131685 -0.0119125 -0.0107444 -0.009626 -0.00860209 -0.00764701 -0.00677636 -0.00599733 -0.00531367 -0.00468043 -0.00411858 -0.00363594 -0.00322701 -0.00286485 -0.00253969 -0.00227785 -0.0020678 -0.00187979 -0.00172236 -0.00161233 -0.00150797 -0.00143102 -0.001378 -0.00132942 -0.00128536 -0.00127111 -0.00124085 -0.00121762 -0.00120341 -0.00117984 -0.0011436 -0.00112309 -0.00107302 -0.00100509 -0.000937095 -0.000852395 -0.000726273 -0.000573757 -0.000398059 -0.000196465 5.2367e-05 0.000365548 0.000711678 0.00110471 0.00155867 0.00209125 0.00268686 0.00336652 0.00410571 0.00494919 0.00585925 0.006866 0.00795764 0.00913633 0.0103494 0.0116546 0.0129879 0.0143571 0.0157365 0.0171082 0.018435 0.0197158 0.0209 0.0219946 0.022977 0.0237767 0.0244323 0.0248974 0.0251475 0.0251693 0.025001 0.0245702 0.02391 0.0230075 0.02189 0.0205335 0.0189664 0.0172235 0.0153026 0.0132409 0.0110242 0.00872829 0.00634319 0.00388556 0.00137464 -0.00113089 -0.00366704 -0.00620051 -0.00871999 -0.0112265 -0.0136645 -0.0161049 -0.0184604 -0.0207191 -0.0228586 -0.024826 -0.0265782 -0.0280178 -0.029077 -0.029712 -0.0298762 -0.0295069 -0.0286441 -0.0273045 -0.0255949 -0.0235972 -0.0213959 -0.0191827 -0.0170649 -0.0152106 -0.0136857 -0.0125329 -0.0117976 -0.0114172 -0.0113549 -0.011504 -0.0117948 -0.0121742 -0.0125585 -0.0128964 -0.0131281 -0.013253 -0.0132989 -0.0132732 -0.0131723 
0 0.000955086 0.00194597 0.00303546 0.00418394 0.00544247 0.0068048 0.00829565 0.00991045 0.0115339 0.0131026 0.0144747 0.0155915 0.0163693 0.016692 0.0165241 0.0158255 0.0147016 0.0132605 0.011634 0.00999078 0.00847984 0.00727062 0.00644847 0.00606721 0.0061475 0.00669217 0.00764144 0.00888062 0.0102924 0.0117613 0.0131964 0.0144747 0.0155059 0.0162515 0.0166819 0.0167586 0.0164646 0.0157982 0.0147912 0.0134544 0.0117718 0.00981214 0.00760587 0.00516541 0.00253791 -0.00025141 -0.00313995 -0.0060898 -0.00909745 -0.0120731 -0.0149728 -0.0177952 -0.0204753 -0.0229677 -0.0252523 -0.027292 -0.0290667 -0.030538 -0.0316945 -0.0325567 -0.0330957 -0.0333168 -0.0332441 -0.0328936 -0.0322639 -0.0313915 -0.0303201 -0.0290758 -0.027656 -0.0261329 -0.0245346 -0.0228505 -0.0211513 -0.0194834 -0.0178174 -0.0161924 -0.014661 -0.013193 -0.0118149 -0.0105549 -0.00940255 -0.00833113 -0.00736936 -0.00651983 -0.0057762 -0.00509798 -0.00451003 -0.0040067 -0.00357499 -0.00319921 -0.00289159 -0.00261887 -0.00240506 -0.00223332 -0.00208483 -0.00196228 -0.00188477 -0.00180412 -0.00174471 -0.00170589 -0.00166548 -0.00161995 -0.00159821 -0.0015542 -0.00150277 -0.00144899 -0.00138056 -0.00128283 -0.00117691 -0.00102591 -0.000849973 -0.000647272 -0.000396719 -7.51251e-05 0.000280345 0.000688507 0.00116839 0.0017453 0.00238632 0.00310572 0.00393157 0.00486015 0.00586892 0.00701024 0.00825897 0.0095785 0.0110083 0.012544 0.0141309 0.0157849 0.0174995 0.0192132 0.0209219 0.022616 0.0242636 0.0258142 0.02726 0.0285785 0.0297193 0.0306529 0.0313959 0.0318929 0.0321199 0.0320837 0.0317598 0.0311469 0.0302383 0.0290371 0.0275828 0.0258568 0.023862 0.02167 0.0192717 0.0166778 0.0139425 0.0110827 0.00812854 0.00508698 0.00197249 -0.00116078 -0.00432403 -0.00751693 -0.0107054 -0.0138682 -0.017004 -0.0201078 -0.0231497 -0.0260805 -0.028861 -0.0314544 -0.0337653 -0.035689 -0.0371315 -0.0380279 -0.0383037 -0.0379147 -0.0368594 -0.0352039 -0.0330635 -0.0305232 -0.0277578 -0.0249305 -0.0222526 -0.0199022 -0.01796 -0.0165345 -0.0156094 -0.0151756 -0.0151415 -0.0153774 -0.0158214 -0.016348 -0.0169034 -0.0173802 -0.0177171 -0.0179269 -0.0180044 -0.0180054 -0.0178883 
0 0.00124767 0.00255007 0.00394708 0.00544247 0.00705654 0.00880652 0.0107122 0.0127392 0.0147937 0.0167504 0.0184742 0.0198712 0.0208218 0.0212214 0.0209849 0.0201032 0.0186786 0.0168403 0.0147728 0.0126579 0.0107005 0.00909112 0.00794083 0.00732285 0.00726242 0.00775545 0.00873654 0.0100744 0.0116205 0.0132567 0.0148444 0.0162613 0.0173998 0.0181943 0.0186342 0.0186576 0.0182604 0.0174464 0.0162425 0.0146656 0.0127163 0.0104471 0.00790158 0.00510929 0.0020942 -0.00107888 -0.00436647 -0.00772699 -0.0111384 -0.0145277 -0.0178506 -0.0210831 -0.0241693 -0.0270662 -0.029722 -0.0321282 -0.0342448 -0.0360316 -0.0374759 -0.038592 -0.0393313 -0.0397135 -0.039761 -0.039476 -0.0388779 -0.037996 -0.0368635 -0.0355053 -0.0339521 -0.0322459 -0.0304366 -0.0285237 -0.0265667 -0.0245942 -0.0226254 -0.020689 -0.0188312 -0.0170398 -0.0153477 -0.0137637 -0.0122977 -0.0109521 -0.00973733 -0.00863564 -0.00765123 -0.00677819 -0.00601885 -0.00535362 -0.00476855 -0.0042711 -0.00385529 -0.0034925 -0.00319048 -0.00294924 -0.00274052 -0.00257224 -0.00244554 -0.00233329 -0.00224074 -0.00217649 -0.0021096 -0.00204636 -0.00199448 -0.00192839 -0.00184854 -0.00176691 -0.00165555 -0.0015132 -0.00135346 -0.00115367 -0.000902907 -0.000607729 -0.000261055 0.00015048 0.000631594 0.00119728 0.00184395 0.00258607 0.00342679 0.00438117 0.00545317 0.00664664 0.00794632 0.00938197 0.0109282 0.0125794 0.0143376 0.0161896 0.0180885 0.0200529 0.0220474 0.0240419 0.0260137 0.0279408 0.0297844 0.0315138 0.0330962 0.0345165 0.0357333 0.036698 0.037422 0.0378618 0.0379891 0.0378029 0.0373111 0.0364828 0.0353306 0.0338619 0.0321046 0.0300506 0.0277232 0.0251714 0.0224024 0.0194376 0.0163008 0.0130388 0.00966207 0.00618129 0.00262008 -0.000976621 -0.00462451 -0.00831227 -0.0120194 -0.015731 -0.0194261 -0.0231236 -0.0267644 -0.0303023 -0.033691 -0.0368621 -0.0397164 -0.0421196 -0.0439564 -0.0451391 -0.0455792 -0.04521 -0.044044 -0.0421433 -0.0396399 -0.0366646 -0.033397 -0.030074 -0.0269227 -0.0241617 -0.0219156 -0.0202739 -0.0192608 -0.0188264 -0.0188742 -0.0192609 -0.0198756 -0.0206053 -0.0213446 -0.0219884 -0.0224646 -0.0227679 -0.0229205 -0.0229526 -0.0228469 
0 0.00156865 0.00320367 0.00494001 0.0068048 0.00880652 0.0109708 0.0133056 0.015762 0.0182427 0.0205868 0.0226524 0.0243076 0.0254131 0.0258539 0.0255261 0.0244362 0.0226829 0.020426 0.0178805 0.015261 0.0128118 0.0107437 0.00920045 0.0082697 0.00798638 0.00834006 0.00925547 0.0105896 0.0121747 0.0138705 0.0155169 0.0169801 0.0181445 0.0189354 0.0193336 0.0192864 0.0187864 0.0178452 0.0164871 0.0147326 0.0125993 0.0101291 0.00737099 0.00436103 0.00112021 -0.00228343 -0.00580936 -0.00941839 -0.0130717 -0.0167124 -0.0202934 -0.0237803 -0.0271278 -0.030292 -0.033219 -0.035898 -0.0382839 -0.0403381 -0.0420459 -0.0434055 -0.0443804 -0.0449779 -0.0452129 -0.0450831 -0.0446087 -0.0438138 -0.0427302 -0.0413804 -0.039804 -0.0380318 -0.0361116 -0.0340622 -0.0319328 -0.0297531 -0.0275564 -0.02537 -0.0232321 -0.0211559 -0.0191705 -0.0172904 -0.0155286 -0.0138978 -0.0124044 -0.0110447 -0.00981717 -0.00872437 -0.00775866 -0.00690918 -0.00616111 -0.00552019 -0.00497025 -0.00449709 -0.00409514 -0.00376543 -0.00348247 -0.00325164 -0.00306329 -0.00290576 -0.00277108 -0.00266531 -0.00256296 -0.00246913 -0.00237741 -0.00227686 -0.00215778 -0.00202916 -0.0018665 -0.00166986 -0.00143778 -0.00116203 -0.000824454 -0.00042889 3.62362e-05 0.000577614 0.00120953 0.0019399 0.00277563 0.00372342 0.00479429 0.0059955 0.0073285 0.00879374 0.0103872 0.0121138 0.0139527 0.0158983 0.0179386 0.0200555 0.0222148 0.0244151 0.0266172 0.0287969 0.0309228 0.0329714 0.0349025 0.0366885 0.0382906 0.0396897 0.0408484 0.0417288 0.0423274 0.0426181 0.0425745 0.0421931 0.041488 0.0404337 0.0390454 0.0373398 0.0353357 0.0330358 0.0304692 0.027667 0.0246495 0.0214376 0.0180497 0.0145337 0.0108956 0.00714535 0.00330758 -0.000590735 -0.00455894 -0.00858891 -0.0126688 -0.0167851 -0.0209215 -0.0250896 -0.0292325 -0.0332991 -0.0372313 -0.0409398 -0.0443075 -0.047179 -0.0494155 -0.0509015 -0.0515336 -0.0512355 -0.0500181 -0.0479522 -0.0451761 -0.0418589 -0.038203 -0.0344861 -0.0309691 -0.0278943 -0.0254276 -0.0236567 -0.0226205 -0.0222531 -0.0224409 -0.0230318 -0.023876 -0.0248525 -0.0258247 -0.0266783 -0.0273355 -0.0277782 -0.0280385 -0.0281354 -0.0280667 
0 0.00193469 0.00392721 0.00604928 0.00829565 0.0107122 0.0133056 0.0160646 0.0189606 0.021836 0.0245558 0.0269357 0.028808 0.0300458 0.0304714 0.030026 0.0286909 0.0265711 0.0238743 0.0208039 0.0176501 0.0146614 0.0120771 0.0100787 0.00875899 0.00817005 0.00829824 0.00905333 0.0102843 0.0118295 0.013487 0.0151241 0.016565 0.017692 0.018454 0.0187687 0.0186482 0.0180533 0.017009 0.015544 0.0136788 0.0114396 0.00887299 0.00602409 0.00291301 -0.000392444 -0.00388424 -0.00748675 -0.0111763 -0.0149092 -0.0186392 -0.0223128 -0.0259038 -0.0293731 -0.0326559 -0.035752 -0.038593 -0.0411642 -0.0434265 -0.045365 -0.0469399 -0.0481711 -0.0490179 -0.0494868 -0.0495954 -0.0493328 -0.0487218 -0.0477953 -0.0465803 -0.0450821 -0.0433698 -0.0414495 -0.0393707 -0.0371599 -0.0348839 -0.0325379 -0.0301772 -0.0278262 -0.0255263 -0.0232784 -0.0211395 -0.0191121 -0.0171998 -0.0154157 -0.0137947 -0.0123214 -0.0109824 -0.00978102 -0.0087228 -0.00779837 -0.00698358 -0.00627523 -0.00566654 -0.00515195 -0.00470756 -0.0043364 -0.00402031 -0.00375896 -0.0035346 -0.00334827 -0.00317893 -0.00303218 -0.00288677 -0.00274532 -0.00259109 -0.00242303 -0.00222214 -0.00199752 -0.00172954 -0.00140985 -0.00102596 -0.000584583 -7.07399e-05 0.000534979 0.00124849 0.00205914 0.00297116 0.00402241 0.00521503 0.00653798 0.00799166 0.00960189 0.0113406 0.0132154 0.0152107 0.0173269 0.0195134 0.0217845 0.0241054 0.0264615 0.0288008 0.0311336 0.0333926 0.0355606 0.0376126 0.0395186 0.0412223 0.0427221 0.0439782 0.0449472 0.0456383 0.0460151 0.0460703 0.0457888 0.0451828 0.0442236 0.0429528 0.0413477 0.0394421 0.0372499 0.034787 0.0320664 0.0291252 0.0259864 0.0226481 0.0191704 0.015544 0.0118053 0.00795258 0.00400382 -3.82774e-05 -0.00415906 -0.008381 -0.0126897 -0.0170623 -0.0215323 -0.0260421 -0.0305926 -0.0351037 -0.0394983 -0.0436913 -0.0475204 -0.0508293 -0.0534525 -0.0552452 -0.0560828 -0.0559041 -0.0546846 -0.05253 -0.0495713 -0.0459953 -0.0420714 -0.0380537 -0.0342811 -0.0309927 -0.0283816 -0.026577 -0.0255726 -0.0253413 -0.025725 -0.0265646 -0.0277033 -0.0289634 -0.0302253 -0.0313377 -0.0322266 -0.0328772 -0.0332939 -0.033521 -0.0335393 
0 0.0023253 0.00473285 0.00723236 0.00991045 0.0127392 0.015762 0.0189606 0.0222384 0.0255081 0.0285422 0.0311932 0.0332533 0.0345401 0.034934 0.0343007 0.0326863 0.0301759 0.0269812 0.0233758 0.0196341 0.0160695 0.0129237 0.0104055 0.00863232 0.00766895 0.00748467 0.00799583 0.00905362 0.0104575 0.0120421 0.0135945 0.0149756 0.0160596 0.0167476 0.0170083 0.0168075 0.0161422 0.0150399 0.0135182 0.0116006 0.00935183 0.00677472 0.00392734 0.000859169 -0.00242207 -0.00583896 -0.00937519 -0.0129987 -0.0166459 -0.0203035 -0.0239393 -0.0274875 -0.0309351 -0.0342444 -0.0373601 -0.040276 -0.0429472 -0.04535 -0.0474634 -0.0492589 -0.0507119 -0.0518177 -0.0525683 -0.0529483 -0.0529736 -0.0526539 -0.051985 -0.050981 -0.0497025 -0.0481415 -0.0463375 -0.0443513 -0.0421935 -0.0398777 -0.037488 -0.0350445 -0.0325613 -0.0300955 -0.027674 -0.0253027 -0.0230153 -0.02086 -0.0188368 -0.0169381 -0.0151739 -0.0135886 -0.0121569 -0.0108647 -0.0097106 -0.00870419 -0.00781732 -0.00705614 -0.00638711 -0.00581331 -0.00532645 -0.00491511 -0.0045478 -0.00424699 -0.003979 -0.00373747 -0.00351714 -0.00331351 -0.00309055 -0.00287064 -0.00262769 -0.00235207 -0.002031 -0.00166656 -0.00123357 -0.000745884 -0.000162933 0.000521929 0.00130034 0.00217356 0.00319567 0.00435991 0.00565496 0.00707738 0.00866284 0.0104048 0.0122768 0.0142794 0.0164188 0.018648 0.0209594 0.0233676 0.0258098 0.0282562 0.0307072 0.0331205 0.0354468 0.0376923 0.0398036 0.0417397 0.0434757 0.0449969 0.0462599 0.0472493 0.047958 0.0483603 0.0484365 0.0482 0.0476429 0.0467563 0.0455756 0.0440814 0.042295 0.0402442 0.0379183 0.0353534 0.0325843 0.0296005 0.026445 0.0231434 0.0196792 0.0161041 0.0124047 0.00858704 0.00467489 0.000641288 -0.00350652 -0.00777258 -0.0121735 -0.0167089 -0.0213638 -0.0261425 -0.030987 -0.0358454 -0.0406346 -0.0452131 -0.0494468 -0.0531374 -0.0561095 -0.0581893 -0.0592453 -0.0591911 -0.0580289 -0.0558371 -0.0527567 -0.0490315 -0.0448984 -0.0407068 -0.0367611 -0.0333428 -0.0306961 -0.0288967 -0.0280194 -0.0279605 -0.0285897 -0.0297442 -0.031199 -0.0328231 -0.0344097 -0.035847 -0.0370453 -0.0379537 -0.0386227 -0.0390271 -0.0392058 
0 0.00273719 0.00553472 0.008459 0.0115339 0.0147937 0.0182427 0.021836 0.0255081 0.0290932 0.0324209 0.0352826 0.037447 0.0387527 0.0390097 0.0381593 0.0362088 0.0332578 0.0295582 0.0253613 0.021019 0.0168373 0.0130843 0.010003 0.00772404 0.00632281 0.00577972 0.00599025 0.00680581 0.0080496 0.00948112 0.0109392 0.0122342 0.0132447 0.0139046 0.0141055 0.0138825 0.0132002 0.0120906 0.0105745 0.00868366 0.00647564 0.00398043 0.00124251 -0.00171276 -0.00481165 -0.00806187 -0.0114084 -0.0148335 -0.0182823 -0.0217513 -0.0251968 -0.0285858 -0.0319035 -0.0350939 -0.0381769 -0.0410711 -0.0437672 -0.0462466 -0.0484884 -0.0504242 -0.0521052 -0.0534694 -0.0544979 -0.0551993 -0.0555509 -0.0555539 -0.0552143 -0.0545488 -0.0535569 -0.0522782 -0.0506988 -0.0488957 -0.0468638 -0.0446703 -0.0423273 -0.0398859 -0.0373536 -0.0348086 -0.0322436 -0.0297263 -0.0272669 -0.0248846 -0.0225939 -0.0204525 -0.0184532 -0.0166 -0.0148876 -0.0133413 -0.0119697 -0.0107363 -0.00963281 -0.00867864 -0.00784838 -0.00711037 -0.00648659 -0.00594083 -0.00545854 -0.00504552 -0.00468381 -0.00433532 -0.00402882 -0.00372937 -0.00341846 -0.0031018 -0.00276637 -0.00237282 -0.00194933 -0.00146876 -0.000895831 -0.000238717 0.000498821 0.00135179 0.00233631 0.00345715 0.00471367 0.00609854 0.00765295 0.0093657 0.0112223 0.0132062 0.0153349 0.0175687 0.0199229 0.0223429 0.0248362 0.0273487 0.0298733 0.0323658 0.0348356 0.0371911 0.0394451 0.0415413 0.0434562 0.045161 0.046642 0.0478537 0.0488036 0.0494546 0.0497916 0.0498566 0.0495944 0.0490356 0.0481889 0.04706 0.0456241 0.0439527 0.042017 0.0398579 0.0374759 0.034905 0.032158 0.0292385 0.0261802 0.0229815 0.019682 0.0162491 0.0127136 0.00906286 0.00529618 0.00137386 -0.00268232 -0.00690685 -0.0113095 -0.0158808 -0.0206605 -0.0255693 -0.0306238 -0.0357395 -0.0408098 -0.0457146 -0.0502622 -0.0542729 -0.0575421 -0.0598691 -0.0611096 -0.0611939 -0.0600875 -0.0578998 -0.054763 -0.0509245 -0.0466973 -0.042379 -0.0383523 -0.034887 -0.0322375 -0.0305433 -0.0298072 -0.0299906 -0.0309183 -0.0324178 -0.0342806 -0.0362921 -0.0382887 -0.0401099 -0.0416719 -0.0429345 -0.0438891 -0.0445581 -0.0449412 
0 0.00312736 0.00632615 0.00962466 0.0131026 0.0167504 0.0205868 0.0245558 0.0285422 0.0324209 0.0359628 0.038973 0.0411972 0.0424286 0.0425195 0.0413741 0.0390405 0.0356158 0.0313502 0.0265481 0.0215615 0.0167386 0.0123596 0.0086879 0.00587698 0.00401838 0.00307698 0.0029568 0.00351505 0.00454991 0.00585109 0.00719786 0.00842727 0.0094116 0.0100475 0.0102589 0.0100439 0.00939557 0.00834305 0.00690197 0.00510268 0.00303077 0.000687632 -0.00187713 -0.00461682 -0.00749594 -0.0104765 -0.0135461 -0.0166804 -0.0198249 -0.0229926 -0.0261707 -0.0293019 -0.0323878 -0.0353999 -0.0383226 -0.0411184 -0.0437652 -0.0462567 -0.0485635 -0.0506359 -0.0524792 -0.0540659 -0.0553666 -0.0563692 -0.0570645 -0.0574493 -0.0574897 -0.0571903 -0.0565823 -0.0556499 -0.0543964 -0.0528949 -0.0511277 -0.0491129 -0.046923 -0.044587 -0.0421098 -0.0395638 -0.0369706 -0.0343527 -0.0317472 -0.029206 -0.0267449 -0.0243717 -0.0221083 -0.0200035 -0.0180466 -0.016237 -0.0145959 -0.0131139 -0.0117803 -0.0106117 -0.00957149 -0.00864434 -0.00784915 -0.00714902 -0.00651387 -0.00596658 -0.00547321 -0.00500159 -0.00457324 -0.0041596 -0.00372314 -0.00328703 -0.00282768 -0.00230521 -0.00173311 -0.00109616 -0.000357859 0.000470629 0.00141436 0.00250189 0.00371543 0.00506034 0.00657862 0.00825527 0.0100735 0.0120296 0.0141366 0.0163747 0.0187161 0.0211469 0.0236647 0.0262054 0.0287691 0.0313482 0.0338751 0.0363127 0.038675 0.0408853 0.0429187 0.0447751 0.0464097 0.0477813 0.0488938 0.049732 0.0502833 0.0505347 0.0505024 0.0501932 0.0495796 0.0486967 0.0475645 0.0461782 0.0445565 0.0427281 0.0406986 0.0384959 0.0361077 0.0335851 0.0309447 0.0281649 0.0252821 0.0223114 0.0192318 0.0160474 0.0127506 0.00933409 0.00579461 0.00207109 -0.00182036 -0.00590612 -0.0102189 -0.0147693 -0.019559 -0.0245545 -0.029728 -0.0350157 -0.0403036 -0.045428 -0.0502228 -0.0544756 -0.0579756 -0.0605015 -0.0618989 -0.0620868 -0.0610429 -0.0588549 -0.0556677 -0.0517646 -0.0474487 -0.043079 -0.0390119 -0.0355535 -0.0329848 -0.0314183 -0.0309059 -0.0313586 -0.0326281 -0.0345325 -0.0368178 -0.0392901 -0.041724 -0.0439857 -0.0459776 -0.0476309 -0.0489554 -0.0499238 -0.0505736 
0 0.00347158 0.0070101 0.0106529 0.0144747 0.0184742 0.0226524 0.0269357 0.0311932 0.0352826 0.038973 0.0420494 0.0442444 0.0453329 0.0451696 0.0436753 0.0409037 0.0369663 0.0321181 0.0266888 0.0210531 0.0155811 0.0105736 0.00631145 0.0029744 0.000658466 -0.000666124 -0.00110258 -0.000791536 6.41097e-05 0.00124026 0.00250839 0.00369859 0.00468242 0.00534841 0.00561518 0.00547409 0.00492836 0.00399789 0.00269708 0.00106332 -0.000821032 -0.00294251 -0.00526174 -0.00773018 -0.0103087 -0.0129686 -0.0157073 -0.0184962 -0.0212912 -0.0241083 -0.0269413 -0.0297488 -0.0325326 -0.0352826 -0.0379922 -0.0406246 -0.0431576 -0.0455949 -0.0479027 -0.0500354 -0.0520009 -0.053772 -0.0553085 -0.0565934 -0.0576128 -0.0583535 -0.0587819 -0.058895 -0.0587075 -0.0581909 -0.0573397 -0.0562071 -0.0547806 -0.0530736 -0.051143 -0.0490084 -0.0466815 -0.0442269 -0.0416749 -0.0390549 -0.0364017 -0.0337556 -0.0311445 -0.0285954 -0.0261358 -0.0238002 -0.0215859 -0.0195139 -0.0176139 -0.0158696 -0.0142753 -0.012857 -0.0115837 -0.0104374 -0.00943476 -0.00854054 -0.00772524 -0.00700765 -0.00635188 -0.0057242 -0.00514285 -0.00457851 -0.00399242 -0.00340227 -0.0027817 -0.00209136 -0.001344 -0.000518572 0.000427853 0.00148106 0.00265498 0.0039845 0.00546234 0.00708382 0.00886883 0.0108034 0.0128796 0.0150903 0.0174253 0.0198583 0.0223658 0.0249324 0.0275437 0.0301415 0.0327121 0.0352374 0.0376562 0.039941 0.0420946 0.0440469 0.045773 0.0472763 0.0485219 0.0494848 0.0501754 0.0505875 0.0507133 0.0505467 0.0501138 0.0494315 0.0484812 0.0472993 0.0459169 0.0443249 0.0425431 0.0406094 0.0385353 0.0363387 0.0340185 0.0316162 0.0291401 0.0265646 0.0239148 0.0212054 0.0184082 0.015513 0.0125091 0.0093856 0.0061171 0.00264321 -0.00103156 -0.00493408 -0.00910423 -0.013563 -0.0183071 -0.023305 -0.0285303 -0.0339194 -0.0393435 -0.0446287 -0.0495947 -0.0540233 -0.0576866 -0.0603471 -0.0618463 -0.0620987 -0.0610849 -0.0588844 -0.0556549 -0.0516936 -0.0473264 -0.0429247 -0.0388523 -0.0354353 -0.0329605 -0.0315568 -0.0312709 -0.0320157 -0.033646 -0.0359671 -0.0387157 -0.0416671 -0.0445871 -0.0473307 -0.0497922 -0.0518927 -0.0536151 -0.0549321 -0.055877 
0 0.00376022 0.00756999 0.0115047 0.0155915 0.0198712 0.0243076 0.028808 0.0332533 0.037447 0.0411972 0.0442444 0.0463159 0.04719 0.0466964 0.0448058 0.0415529 0.0370765 0.0316401 0.0255813 0.0193126 0.0132109 0.00760521 0.00278588 -0.00103998 -0.00378211 -0.00545277 -0.00616674 -0.00606791 -0.00533962 -0.00424706 -0.00299402 -0.00178135 -0.000741739 2.1059e-05 0.000396237 0.000388594 -1.59152e-07 -0.00075403 -0.00185752 -0.00325966 -0.00490486 -0.00674967 -0.00877231 -0.0109371 -0.0131729 -0.0154882 -0.0178629 -0.0202726 -0.0226892 -0.0251292 -0.0275818 -0.0300365 -0.0324844 -0.0349186 -0.0373631 -0.0397648 -0.0421211 -0.0444385 -0.0466897 -0.0488177 -0.0508487 -0.0527404 -0.0544527 -0.0559747 -0.0572846 -0.0583547 -0.0591562 -0.0596834 -0.0599157 -0.0598449 -0.0594473 -0.0587517 -0.0577379 -0.0564313 -0.0548448 -0.0530097 -0.0509378 -0.0486833 -0.0462628 -0.0437266 -0.0411063 -0.0384367 -0.0357476 -0.0330833 -0.0304737 -0.0279434 -0.0255054 -0.0231928 -0.021037 -0.0190212 -0.0171566 -0.0154652 -0.0139311 -0.012531 -0.0112851 -0.0101569 -0.00912851 -0.00819831 -0.00734344 -0.00652352 -0.00575422 -0.00499769 -0.00422864 -0.0034438 -0.00262435 -0.00172514 -0.000760841 0.000297261 0.00148367 0.0027986 0.00423889 0.00583688 0.00759033 0.00949402 0.011544 0.0137276 0.0160411 0.0184683 0.0209831 0.0235576 0.0261804 0.0288133 0.0314343 0.0339956 0.0364844 0.0388517 0.0410682 0.0430989 0.0449387 0.0465269 0.0478684 0.0489437 0.0497436 0.0502551 0.0504906 0.0504479 0.0501416 0.049568 0.0487497 0.0477252 0.046471 0.0450279 0.043433 0.0416914 0.0397996 0.0378271 0.0357657 0.0336252 0.031422 0.0291794 0.0268965 0.0245595 0.0221768 0.0197458 0.0172621 0.014669 0.0119773 0.00916642 0.00618665 0.00299257 -0.000428989 -0.004113 -0.00810214 -0.0124218 -0.0170862 -0.0220361 -0.0272719 -0.0327104 -0.038206 -0.0435954 -0.0486604 -0.0531987 -0.0569568 -0.0596914 -0.0612394 -0.0615151 -0.0604941 -0.0582562 -0.0549743 -0.0509423 -0.0465324 -0.0420968 -0.0380299 -0.0346657 -0.0322801 -0.0310458 -0.0309668 -0.031995 -0.0339696 -0.0366838 -0.0398902 -0.0433019 -0.0467152 -0.0499496 -0.0528961 -0.0554778 -0.0576208 -0.059328 -0.0605979 
0 0.00395168 0.00796973 0.012079 0.0163693 0.0208218 0.0254131 0.0300458 0.0345401 0.0387527 0.0424286 0.0453329 0.04719 0.0477387 0.0468734 0.0445228 0.0407675 0.0357576 0.0297375 0.0230974 0.0162333 0.00955435 0.00341026 -0.0019052 -0.00616934 -0.00926988 -0.0112412 -0.0121744 -0.0122142 -0.0115806 -0.0104803 -0.00919397 -0.00788695 -0.0067057 -0.00579966 -0.0052246 -0.00503795 -0.00520699 -0.00572484 -0.00657041 -0.00770746 -0.00905442 -0.0105933 -0.0122989 -0.0141056 -0.0160075 -0.0179487 -0.0199504 -0.0219799 -0.0240198 -0.0260684 -0.0281569 -0.0302469 -0.032338 -0.0344663 -0.0365931 -0.0387348 -0.0408712 -0.0430134 -0.045127 -0.0472156 -0.0492242 -0.0511679 -0.0530034 -0.0546938 -0.0562309 -0.057595 -0.0587341 -0.0596233 -0.0602803 -0.0606401 -0.0607062 -0.0604742 -0.0599458 -0.0590702 -0.0579126 -0.0564646 -0.0547459 -0.0527693 -0.0506054 -0.0482403 -0.0457271 -0.0431171 -0.0404593 -0.0377441 -0.0350265 -0.0323559 -0.0297586 -0.0272397 -0.0248316 -0.0225565 -0.0204275 -0.0184537 -0.0166255 -0.0149485 -0.0134199 -0.0120246 -0.010736 -0.00955618 -0.00845212 -0.00740628 -0.00639946 -0.00541425 -0.00441239 -0.00339185 -0.00232312 -0.00118209 5.29222e-05 0.00139085 0.00285245 0.00444338 0.00618391 0.00808022 0.010107 0.0122631 0.0145647 0.0169965 0.0194983 0.0220744 0.0247137 0.0273855 0.0300263 0.0326476 0.0351892 0.0376179 0.0398961 0.0420327 0.0439379 0.0456162 0.0470467 0.0482197 0.049089 0.0497039 0.0500342 0.0500709 0.0498392 0.049367 0.0486369 0.0476773 0.0465372 0.0451955 0.0436957 0.0420558 0.0403139 0.0384667 0.0365626 0.0345887 0.0325976 0.03057 0.0285112 0.0264548 0.0243914 0.0222976 0.0201777 0.0180479 0.0158412 0.0135677 0.0111786 0.00866667 0.0059809 0.00306367 -0.000111042 -0.00356973 -0.00736993 -0.0115573 -0.0160948 -0.021 -0.0262002 -0.0316408 -0.0371768 -0.0425925 -0.0477147 -0.0522918 -0.0560774 -0.0588288 -0.060372 -0.0606172 -0.0595601 -0.0572538 -0.0538982 -0.0498048 -0.0453204 -0.0408644 -0.0367797 -0.0334425 -0.0311373 -0.0299989 -0.0301027 -0.0313406 -0.0336003 -0.0366686 -0.0402553 -0.0441176 -0.047978 -0.0516933 -0.0551288 -0.0581671 -0.0607619 -0.0628433 -0.0644552 
0 0.00404456 0.00812893 0.0123453 0.016692 0.0212214 0.0258539 0.0304714 0.034934 0.0390097 0.0425195 0.0451696 0.0466964 0.0468734 0.0455448 0.0427182 0.0384423 0.0329007 0.0263504 0.0191696 0.011784 0.00460186 -0.00200448 -0.0077425 -0.0123561 -0.0157652 -0.0179531 -0.0190348 -0.0191653 -0.0185187 -0.0173819 -0.0159632 -0.0144884 -0.0131121 -0.0119559 -0.0111272 -0.0106587 -0.0105346 -0.0107556 -0.0113033 -0.0121089 -0.0131572 -0.0143623 -0.0157209 -0.0171957 -0.0187213 -0.0203117 -0.0219463 -0.0236046 -0.0252824 -0.026985 -0.028697 -0.0304456 -0.0322052 -0.0339964 -0.0358326 -0.0376969 -0.0395869 -0.0415105 -0.0434592 -0.0454009 -0.0473496 -0.0492789 -0.0511549 -0.0529547 -0.0546651 -0.0562279 -0.0576393 -0.0588753 -0.0598873 -0.0606617 -0.061181 -0.0614029 -0.0613272 -0.0609619 -0.0602753 -0.0592738 -0.0579727 -0.0563856 -0.0545269 -0.0524437 -0.0501658 -0.0477136 -0.0451137 -0.0424398 -0.0397292 -0.0369883 -0.0342482 -0.0315685 -0.0289687 -0.0264629 -0.0240675 -0.0218025 -0.0196813 -0.0177056 -0.015863 -0.0141549 -0.0125728 -0.0110928 -0.00969817 -0.00837215 -0.00708316 -0.0058117 -0.0045376 -0.00322785 -0.00185876 -0.000417884 0.00111778 0.00276579 0.00454329 0.00645535 0.00849113 0.010652 0.0129602 0.0153873 0.0178938 0.0204752 0.0231354 0.0258305 0.0285184 0.0311675 0.0337644 0.0362613 0.0386201 0.0408179 0.0428208 0.0445751 0.0460884 0.047347 0.0483167 0.0490019 0.0494086 0.0495201 0.0493585 0.0489475 0.048282 0.047395 0.0463009 0.0450188 0.0435731 0.0420084 0.0403276 0.0385645 0.0367477 0.0348906 0.0329926 0.0310979 0.0292117 0.0273157 0.0254481 0.0235907 0.0217413 0.0198938 0.0180357 0.0161517 0.0142434 0.0122377 0.0101359 0.00790886 0.00547039 0.00280674 -0.000147104 -0.00341929 -0.00705816 -0.0111024 -0.0155548 -0.0203729 -0.0255419 -0.0309642 -0.0364785 -0.0419149 -0.0470203 -0.0515946 -0.0553529 -0.0580599 -0.0595514 -0.0597259 -0.0585839 -0.0561843 -0.0527393 -0.0485419 -0.0439897 -0.0394543 -0.0353291 -0.0319787 -0.0296661 -0.0285944 -0.0287646 -0.0301537 -0.0326148 -0.0359279 -0.0398514 -0.0440508 -0.0483235 -0.0524588 -0.0563216 -0.0598093 -0.0627845 -0.065245 -0.0671594 
0 0.00399835 0.00805275 0.0122126 0.0165241 0.0209849 0.0255261 0.030026 0.0343007 0.0381593 0.0413741 0.0436753 0.0448058 0.0445228 0.0427182 0.0393805 0.0345911 0.0285457 0.0214961 0.0138421 0.00600308 -0.00160428 -0.00858558 -0.0146469 -0.0195383 -0.0231502 -0.0254923 -0.0266479 -0.0267768 -0.0260847 -0.0248046 -0.0232015 -0.0214778 -0.0198084 -0.0183489 -0.0171755 -0.0163614 -0.0158908 -0.0157657 -0.015957 -0.0164216 -0.0171155 -0.0179834 -0.0190083 -0.0201298 -0.0213339 -0.0225852 -0.0238752 -0.0251889 -0.0265314 -0.0278851 -0.0292764 -0.0307003 -0.0321433 -0.0336475 -0.0351743 -0.0367563 -0.0383925 -0.0400803 -0.0418119 -0.043611 -0.0454222 -0.0472631 -0.0491115 -0.050936 -0.0527266 -0.0544472 -0.0560692 -0.0575515 -0.0588747 -0.059998 -0.0609163 -0.0615731 -0.061979 -0.0620758 -0.061872 -0.0613544 -0.0605338 -0.0593847 -0.057955 -0.0562258 -0.0542386 -0.0520328 -0.0496507 -0.0471021 -0.0444344 -0.0416861 -0.0389172 -0.0361422 -0.0333718 -0.0306621 -0.0280442 -0.0255111 -0.0230872 -0.0207985 -0.0186223 -0.0165771 -0.0146565 -0.0128322 -0.0110925 -0.0094374 -0.00780889 -0.0061991 -0.00458806 -0.00293648 -0.00122114 0.000557367 0.00244777 0.00444655 0.00654254 0.00876264 0.0111143 0.0135619 0.0160966 0.0187156 0.0213998 0.0241329 0.0268572 0.0295545 0.0322071 0.0347799 0.037209 0.0394922 0.0415655 0.0434205 0.0450242 0.0463744 0.0474286 0.0482042 0.0486691 0.048864 0.0487685 0.048414 0.0478051 0.0469612 0.045896 0.0446574 0.0432473 0.0417079 0.0400766 0.0383419 0.0365638 0.034749 0.0329158 0.0310849 0.029284 0.0274852 0.0257375 0.0240076 0.0223113 0.020653 0.0190164 0.0173975 0.0157805 0.0141511 0.012471 0.0107214 0.00885189 0.00684225 0.0046219 0.00215564 -0.000618769 -0.00373578 -0.00724706 -0.0111962 -0.015559 -0.0203411 -0.0254691 -0.0308596 -0.0363588 -0.0417548 -0.0468367 -0.0513566 -0.0550456 -0.057679 -0.0590736 -0.0591375 -0.0578731 -0.0553358 -0.0517556 -0.0474303 -0.0427416 -0.0381023 -0.0338752 -0.0304444 -0.0280787 -0.0269528 -0.0271285 -0.0285458 -0.0310967 -0.0345631 -0.0386722 -0.043138 -0.0476962 -0.0521656 -0.0563849 -0.0602108 -0.0635341 -0.0662803 -0.0684545 
0 0.00382159 0.00769774 0.0116911 0.0158255 0.0201032 0.0244362 0.0286909 0.0326863 0.0362088 0.0390405 0.0409037 0.0415529 0.0407675 0.0384423 0.0345911 0.0292995 0.0227793 0.0152942 0.00723762 -0.000972639 -0.0089144 -0.0161843 -0.0224847 -0.0275579 -0.0313037 -0.0337088 -0.034858 -0.034919 -0.0340889 -0.0326213 -0.030761 -0.0287326 -0.0267276 -0.0248978 -0.0233339 -0.0221143 -0.0212398 -0.0207207 -0.0205283 -0.020612 -0.020955 -0.0214795 -0.0221651 -0.022959 -0.0238371 -0.0247782 -0.0257579 -0.0267654 -0.0278099 -0.0288731 -0.0299571 -0.0310817 -0.0322341 -0.0334482 -0.0346983 -0.0360184 -0.0374062 -0.0388515 -0.0403602 -0.0419505 -0.0435956 -0.0453025 -0.0470585 -0.0488411 -0.0506409 -0.0524065 -0.0541433 -0.0558116 -0.0573658 -0.0587789 -0.0600407 -0.0610699 -0.0618803 -0.0624403 -0.0627182 -0.0626889 -0.0623572 -0.0616958 -0.0607199 -0.059429 -0.0578494 -0.0559884 -0.0538643 -0.0515351 -0.049039 -0.0463849 -0.0436273 -0.040815 -0.0379547 -0.0351053 -0.032289 -0.0295088 -0.0268053 -0.0242118 -0.0216919 -0.0192843 -0.0169926 -0.0147835 -0.0126509 -0.0106057 -0.00857779 -0.00656919 -0.00456553 -0.00251671 -0.000400986 0.00176015 0.00402323 0.00638361 0.00882546 0.0113629 0.0139923 0.0166732 0.0194258 0.0222195 0.0250021 0.0277689 0.0305011 0.0331431 0.0356608 0.0380254 0.0401967 0.042154 0.0438571 0.0453031 0.0464578 0.0473097 0.0478676 0.0481478 0.0481131 0.0478197 0.0472621 0.04645 0.0454178 0.0442089 0.0428167 0.0412959 0.0396593 0.0379424 0.0361713 0.0343607 0.0325533 0.0307543 0.0289677 0.0272164 0.0255153 0.0238435 0.0222383 0.0206738 0.0191697 0.0177031 0.0162649 0.0148534 0.0134435 0.0120079 0.0105314 0.00897426 0.00729242 0.00545376 0.00338251 0.00105932 -0.00159709 -0.00462026 -0.0080521 -0.0119323 -0.0162499 -0.0209966 -0.0261059 -0.0314734 -0.0369428 -0.042312 -0.0473382 -0.0517833 -0.0553698 -0.057882 -0.0591425 -0.0590512 -0.0576198 -0.0549134 -0.0511662 -0.0466729 -0.0418206 -0.0370156 -0.0326343 -0.0290513 -0.0265294 -0.0252614 -0.0253059 -0.0266347 -0.0291396 -0.0326082 -0.0367821 -0.0413599 -0.046091 -0.0507691 -0.0552201 -0.0592901 -0.0628388 -0.0657942 -0.0681337 
0 0.00354346 0.0071364 0.010858 0.0147016 0.0186786 0.0226829 0.0265711 0.0301759 0.0332578 0.0356158 0.0369663 0.0370765 0.0357576 0.0329007 0.0285457 0.0227793 0.015827 0.00796712 -0.000423588 -0.00892672 -0.0171197 -0.0245936 -0.0310454 -0.0362172 -0.0400201 -0.0424186 -0.0434992 -0.0434356 -0.0424123 -0.0407068 -0.0385354 -0.0361499 -0.0337604 -0.0315162 -0.0295318 -0.02788 -0.0265864 -0.0256586 -0.0250698 -0.0247596 -0.0247366 -0.024913 -0.0252612 -0.0257442 -0.0263195 -0.0269817 -0.0276798 -0.0284106 -0.0291797 -0.0299797 -0.0307887 -0.0316452 -0.0325406 -0.0334864 -0.0344759 -0.035535 -0.036676 -0.0378788 -0.0391684 -0.0405434 -0.0420042 -0.0435358 -0.0451432 -0.0468178 -0.0485556 -0.0503017 -0.0520752 -0.0538403 -0.0555325 -0.0571502 -0.0586742 -0.0600254 -0.0611916 -0.0621614 -0.0628707 -0.0633065 -0.0634569 -0.0633036 -0.062817 -0.0620044 -0.0608743 -0.0594347 -0.057677 -0.0556642 -0.053411 -0.0509322 -0.0482853 -0.0455212 -0.0426341 -0.039695 -0.0367339 -0.0337537 -0.0308002 -0.0279107 -0.0250546 -0.0222768 -0.0195902 -0.0169587 -0.014389 -0.0118958 -0.00941327 -0.0069447 -0.00448851 -0.00199202 0.000558014 0.0031371 0.00579605 0.00852373 0.0112956 0.0141303 0.0170193 0.0199043 0.0228074 0.0256979 0.0285204 0.0312565 0.0338954 0.0363643 0.0386462 0.0407138 0.0425412 0.0440869 0.0453449 0.0463117 0.0469782 0.0473219 0.0473857 0.047166 0.0466478 0.0458901 0.0449161 0.0437129 0.0423364 0.0408328 0.0391895 0.0374637 0.0356848 0.0338791 0.0320515 0.0302374 0.0284509 0.0267057 0.0249927 0.0233488 0.0217672 0.020241 0.0187792 0.0173727 0.016036 0.0147304 0.013459 0.0122192 0.0109789 0.00969198 0.00836803 0.00694154 0.00538492 0.00365199 0.00167558 -0.000556412 -0.00313915 -0.00610991 -0.00950515 -0.0133554 -0.0176725 -0.0224185 -0.027538 -0.032899 -0.0383422 -0.0436788 -0.0486323 -0.0529787 -0.0564365 -0.0587988 -0.0598936 -0.0596148 -0.0579783 -0.0550671 -0.0511137 -0.0464094 -0.0413501 -0.0363253 -0.0317322 -0.0279245 -0.0251578 -0.0236445 -0.0234338 -0.0245381 -0.0268429 -0.0301482 -0.0342192 -0.0387407 -0.0434873 -0.0482226 -0.0527629 -0.0569481 -0.0606035 -0.0636668 -0.0660775 
0 0.00317807 0.00642579 0.0097703 0.0132605 0.0168403 0.020426 0.0238743 0.0269812 0.0295582 0.0313502 0.0321181 0.0316401 0.0297375 0.0263504 0.0214961 0.0152942 0.00796712 -0.000199449 -0.00884457 -0.0175513 -0.0259139 -0.0335167 -0.0400383 -0.0452655 -0.0490532 -0.0514115 -0.0523862 -0.0521446 -0.0509215 -0.0489248 -0.0464328 -0.0436691 -0.0408662 -0.0382012 -0.0357749 -0.0336742 -0.0319495 -0.030607 -0.0296019 -0.0289234 -0.0285193 -0.0283623 -0.0283919 -0.0285548 -0.0288538 -0.0292441 -0.0296835 -0.0301668 -0.030707 -0.0312602 -0.0318506 -0.032464 -0.0331218 -0.0338395 -0.0345869 -0.0354058 -0.0363168 -0.0372931 -0.03834 -0.0395125 -0.0407597 -0.042097 -0.0435309 -0.0450623 -0.0466623 -0.048331 -0.0500604 -0.0518196 -0.0535757 -0.0553113 -0.0569992 -0.0585785 -0.0600425 -0.0613339 -0.0624266 -0.0632842 -0.0638907 -0.0641991 -0.0642161 -0.0638977 -0.0632519 -0.0622673 -0.0609613 -0.0593352 -0.0574077 -0.0551894 -0.0527555 -0.0501147 -0.0472786 -0.0443165 -0.0412765 -0.038146 -0.0349821 -0.0318204 -0.0286497 -0.0255041 -0.0224078 -0.0193297 -0.0162887 -0.0132978 -0.0103121 -0.00733439 -0.00437495 -0.0013885 0.00162136 0.00463795 0.00769802 0.0107914 0.0138727 0.0169714 0.0200741 0.0231251 0.0261062 0.0290134 0.0317899 0.0344174 0.0368457 0.0390488 0.0410043 0.0426982 0.0440794 0.0451668 0.0459367 0.0463987 0.0465439 0.0464007 0.0459657 0.0452702 0.0443164 0.0431592 0.0418101 0.0402976 0.0386604 0.0369318 0.035135 0.0332965 0.0314476 0.0296102 0.0278014 0.026008 0.0242953 0.0226357 0.0210234 0.0194933 0.0180534 0.0166536 0.0153321 0.0140832 0.0128777 0.011719 0.0105783 0.00946231 0.00833431 0.00716064 0.00591366 0.00458829 0.00310285 0.00141776 -0.000496728 -0.00270815 -0.00526908 -0.00824227 -0.0116523 -0.0155265 -0.0198647 -0.0246592 -0.0297989 -0.0351655 -0.0406069 -0.0458818 -0.0507716 -0.0549817 -0.0582801 -0.0604646 -0.0613455 -0.0608514 -0.0589765 -0.0558351 -0.0516492 -0.0467135 -0.0414019 -0.0361249 -0.0312547 -0.0271402 -0.0240465 -0.0221487 -0.0215706 -0.0222888 -0.0242322 -0.0272209 -0.0309953 -0.0353205 -0.0399046 -0.044548 -0.0490397 -0.0531781 -0.0568376 -0.0598698 -0.0622547 
