0 0 0 0 0 0 0 0 0 0 0 0 0 0 0 0 0 0 0 0 0 0 0 0 0 0 0 0 0 0 0 0 0 0 0 0 0 0 0 0 0 0 0 0 0 0 0 0 0 0 0 0 0 0 0 0 0 0 0 0 0 0 0 0 0 0 0 0 0 0 0 0 0 0 0 0 0 0 0 0 0 0 0 0 0 0 0 0 0 0 0 0 0 0 0 0 0 0 0 0 0 0 0 0 0 0 0 0 0 0 0 0 0 0 0 0 0 0 0 0 0 0 0 0 0 0 0 0 0 0 0 0 0 0 0 0 0 0 0 0 0 0 0 0 0 0 0 0 0 0 0 0 0 0 0 0 0 0 0 0 0 0 0 0 0 0 0 0 0 0 0 0 0 0 0 0 0 0 0 0 0 0 0 0 0 0 0 0 0 0 0 0 0 0 0 0 0 0 0 0 
0 0.000192109 0.000402976 0.000629632 0.000876222 0.00113979 0.0014294 0.00176206 0.00212861 0.00251605 0.00289583 0.00324363 0.00354548 0.00377206 0.00389599 0.00389712 0.00376776 0.003524 0.00318973 0.00278645 0.00237098 0.00198088 0.00166147 0.00144708 0.00133239 0.00136336 0.00151921 0.00179659 0.00217459 0.00260113 0.00308363 0.00355904 0.0040063 0.00439953 0.00471925 0.00496078 0.00510377 0.00514125 0.00507861 0.00492522 0.00465525 0.00429671 0.0038373 0.00329639 0.00267004 0.0019622 0.0011997 0.000384803 -0.000464943 -0.00135133 -0.00222714 -0.00310788 -0.00396867 -0.00479401 -0.00556512 -0.00628108 -0.00692178 -0.00748551 -0.00796551 -0.00834703 -0.0086582 -0.00885886 -0.00896835 -0.00899336 -0.00893488 -0.00877681 -0.00856789 -0.00828337 -0.00793494 -0.00753852 -0.0071094 -0.00664641 -0.00616663 -0.00568946 -0.00520976 -0.00473366 -0.00427631 -0.00385709 -0.00344556 -0.00307489 -0.0027364 -0.00242086 -0.00212419 -0.00188671 -0.00166069 -0.00145517 -0.00127229 -0.00112773 -0.000991364 -0.000881209 -0.000777418 -0.000699885 -0.000631749 -0.000580954 -0.000530333 -0.000499722 -0.000469646 -0.000451702 -0.000431595 -0.000423049 -0.000409883 -0.000406464 -0.000396166 -0.00039208 -0.000381631 -0.000378314 -0.000361412 -0.000348023 -0.000324763 -0.000304209 -0.000267079 -0.000225673 -0.000163499 -0.00011026 -3.47719e-05 6.38512e-05 0.000181835 0.000290814 0.000440888 0.000609711 0.000799758 0.00101121 0.00126223 0.00152383 0.00182655 0.00216229 0.00253273 0.00292655 0.00335295 0.00380569 0.00427669 0.00476381 0.0052663 0.00576594 0.00624189 0.00672137 0.00716129 0.007564 0.00792956 0.0082505 0.00848802 0.00867814 0.00878837 0.00882073 0.0087711 0.00863912 0.00842026 0.00810952 0.00771081 0.00722548 0.00667132 0.00602807 0.0053287 0.00457006 0.00376934 0.00291494 0.00204382 0.00115565 0.000250516 -0.000648997 -0.00155195 -0.0024318 -0.003305 -0.00416499 -0.00500315 -0.00580801 -0.00659941 -0.00735168 -0.00806241 -0.00871905 -0.0092913 -0.00979356 -0.0101599 -0.0103882 -0.010458 -0.0103512 -0.0100818 -0.00963269 -0.00904246 -0.0083431 -0.00756933 -0.00676401 -0.00597261 -0.00524664 -0.00463379 -0.0041518 -0.00380348 -0.00359144 -0.0034923 -0.00349459 -0.00356057 -0.00366001 -0.0037782 -0.00388357 -0.00397176 -0.00402387 -0.00403912 -0.00403298 -0.0039987 -0.00394873 
0 0.000402976 0.000826673 0.00130189 0.00179466 0.00233528 0.0029236 0.00358658 0.0043287 0.00509469 0.0058534 0.0065444 0.00713976 0.0075881 0.00783322 0.00783219 0.00757924 0.00710015 0.00643176 0.00564709 0.00480937 0.00403821 0.00339723 0.00294037 0.00271514 0.00273007 0.00302427 0.00354735 0.00425433 0.00509226 0.00600394 0.00692584 0.00778613 0.00853689 0.00914803 0.00961471 0.00987504 0.00994478 0.00982124 0.00949121 0.00897505 0.00824332 0.00733814 0.0062804 0.00504719 0.003676 0.00220384 0.000622772 -0.00102572 -0.00272465 -0.00444608 -0.00613388 -0.00780357 -0.00940793 -0.0108998 -0.0122929 -0.0135634 -0.0146707 -0.0156128 -0.0163902 -0.0169852 -0.0173944 -0.0176268 -0.0176961 -0.017587 -0.0173194 -0.0169072 -0.016358 -0.0157018 -0.0149481 -0.0141175 -0.0132388 -0.0123136 -0.0113595 -0.0104328 -0.00951289 -0.0086168 -0.00777374 -0.00697519 -0.00621536 -0.00553478 -0.00491329 -0.004346 -0.00383004 -0.00336445 -0.00296092 -0.00261951 -0.00230074 -0.0020178 -0.00179319 -0.00160232 -0.00143064 -0.00129017 -0.00117909 -0.00108694 -0.00101464 -0.000955374 -0.000910104 -0.000875459 -0.000850179 -0.000827112 -0.000810488 -0.000795171 -0.00078105 -0.000763255 -0.000742031 -0.000713498 -0.000684525 -0.000641833 -0.000575491 -0.000502675 -0.000425776 -0.000313214 -0.000167341 -8.79417e-06 0.00017527 0.000390891 0.000652711 0.00096213 0.00129824 0.00166939 0.00211927 0.00261161 0.00315259 0.00377282 0.00444916 0.00516032 0.00595681 0.00680899 0.00769548 0.00862292 0.00958053 0.0105402 0.011499 0.0124421 0.0133534 0.0142051 0.0149785 0.015672 0.0162576 0.0167272 0.0170653 0.0172648 0.017315 0.0171904 0.0168983 0.0164583 0.0158296 0.0150295 0.0140978 0.0129933 0.0117467 0.0103838 0.00890613 0.00734773 0.0057103 0.00401412 0.00230389 0.000561556 -0.00120472 -0.00294252 -0.00467468 -0.00638148 -0.00806256 -0.00970901 -0.0112957 -0.0128453 -0.0143387 -0.0157488 -0.0170405 -0.0182046 -0.019186 -0.0199369 -0.0204039 -0.0205472 -0.0203756 -0.0198501 -0.0189988 -0.0178591 -0.0164994 -0.0149996 -0.0134263 -0.0118785 -0.0104584 -0.00925543 -0.00830266 -0.00762674 -0.00719892 -0.00701228 -0.00701779 -0.00714169 -0.00735643 -0.00757684 -0.00780304 -0.00797958 -0.00808298 -0.00813794 -0.00811612 -0.00807488 -0.00797521 
0 0.000629632 0.00130189 0.00202363 0.00279644 0.00361916 0.00451467 0.00552297 0.0066261 0.00777938 0.008909 0.00994352 0.0108369 0.0115091 0.0118789 0.0118886 0.0115159 0.0108023 0.00981349 0.00862212 0.00737752 0.00619891 0.00521292 0.00451327 0.00411127 0.00410726 0.00446872 0.00517558 0.00616547 0.00731403 0.00860799 0.00989788 0.0111107 0.0121738 0.0130346 0.0136717 0.014031 0.0140949 0.0138748 0.0133891 0.012592 0.0115381 0.0102183 0.00867814 0.00691331 0.00494297 0.00282998 0.000585391 -0.00175017 -0.004173 -0.00658227 -0.00899788 -0.0113708 -0.0136575 -0.0158096 -0.0178206 -0.0196417 -0.0212576 -0.0226474 -0.0237789 -0.0246998 -0.0253279 -0.0257001 -0.0258335 -0.0257288 -0.0253601 -0.0248283 -0.0240914 -0.0231772 -0.0221229 -0.0209665 -0.0197124 -0.0183977 -0.0170685 -0.0157248 -0.0143789 -0.0130695 -0.0118431 -0.0106428 -0.00953693 -0.00851805 -0.00756655 -0.0066771 -0.00593067 -0.0052342 -0.00460366 -0.0040441 -0.00358156 -0.00315744 -0.00280597 -0.00248543 -0.00223162 -0.0020121 -0.00184019 -0.00168054 -0.00157 -0.00146995 -0.00140139 -0.00133478 -0.00129559 -0.00125144 -0.00122828 -0.00119275 -0.00116942 -0.00113225 -0.00110573 -0.00104899 -0.000994375 -0.000914255 -0.000830712 -0.000706713 -0.000564852 -0.000370767 -0.000180582 6.69007e-05 0.000376681 0.000740709 0.00110805 0.00157939 0.00211031 0.00270611 0.00337445 0.00414547 0.00496221 0.00588768 0.00690233 0.0080015 0.00916641 0.0104089 0.0117092 0.0130489 0.0144205 0.0158142 0.0171888 0.0185004 0.0197957 0.0209827 0.0220592 0.0230225 0.0238474 0.0244528 0.0249038 0.0251342 0.0251426 0.0249189 0.024464 0.0237729 0.0228335 0.021659 0.0202635 0.0186799 0.0168757 0.0149236 0.0128225 0.010609 0.00826505 0.00586734 0.00342265 0.000929282 -0.00156749 -0.00407546 -0.0065448 -0.00900588 -0.011444 -0.0138358 -0.0161547 -0.0184376 -0.020628 -0.0227078 -0.0246379 -0.0263487 -0.0278451 -0.0289751 -0.0297088 -0.0299889 -0.0297708 -0.0290716 -0.0278626 -0.0262362 -0.0242852 -0.0221107 -0.0198356 -0.0175935 -0.0155342 -0.0137911 -0.0124197 -0.0114361 -0.0108381 -0.0105717 -0.0105921 -0.0107977 -0.0111073 -0.0114651 -0.0117969 -0.0120749 -0.0122531 -0.0123306 -0.0123393 -0.0122758 -0.0121521 
0 0.000876222 0.00179466 0.00279644 0.00384879 0.0049817 0.00621102 0.00757566 0.00907126 0.0106156 0.0121318 0.0135184 0.0147078 0.0156008 0.0160927 0.0161025 0.0156123 0.0146669 0.0133419 0.0117663 0.0100837 0.00849394 0.00713771 0.00612333 0.00553028 0.00540234 0.00577759 0.00658967 0.00775332 0.009162 0.0107198 0.0122992 0.0137771 0.0150635 0.0160988 0.0168584 0.0172581 0.0173034 0.0169952 0.0163264 0.015312 0.0139391 0.0122612 0.0103164 0.00809256 0.00563836 0.00301516 0.000227365 -0.00267246 -0.00565566 -0.00866721 -0.011647 -0.0145945 -0.0174438 -0.020131 -0.0226555 -0.024979 -0.0270436 -0.0288322 -0.030333 -0.0315287 -0.0323944 -0.0329445 -0.0331964 -0.0331342 -0.0327781 -0.0321633 -0.0313 -0.0302263 -0.0289688 -0.027561 -0.0260404 -0.0244199 -0.022737 -0.0210531 -0.0193601 -0.0176892 -0.0160856 -0.0145384 -0.0130623 -0.0117029 -0.0104427 -0.00927968 -0.00822565 -0.00726701 -0.0064181 -0.00568009 -0.00501407 -0.00442211 -0.003929 -0.00350427 -0.00313324 -0.00282122 -0.00256571 -0.00235092 -0.00217786 -0.00203457 -0.00192132 -0.00182956 -0.00175801 -0.00169541 -0.00164453 -0.00159581 -0.00154921 -0.00149514 -0.00143358 -0.00135605 -0.00126897 -0.00115444 -0.00100392 -0.000829155 -0.000630561 -0.000371141 -5.89466e-05 0.000295648 0.00071034 0.00119251 0.00175272 0.00240905 0.00313608 0.00394477 0.00488083 0.00591329 0.00703637 0.00828816 0.00963742 0.0110584 0.0125915 0.0142057 0.015866 0.0175714 0.0193019 0.0210229 0.0227153 0.024354 0.02592 0.0273639 0.0286563 0.0297902 0.0307249 0.03143 0.0318969 0.0321042 0.0320346 0.0316611 0.0309971 0.0300602 0.0288149 0.0272865 0.025525 0.0235003 0.0212434 0.0187992 0.0161784 0.0134218 0.0105329 0.0075524 0.0045268 0.00143985 -0.00169162 -0.00481133 -0.0079323 -0.0110403 -0.0141305 -0.0171834 -0.0201659 -0.0231033 -0.0259572 -0.0286803 -0.0312116 -0.0335079 -0.035485 -0.0370339 -0.0380598 -0.0384894 -0.0383044 -0.0374587 -0.0359813 -0.033948 -0.0314837 -0.0287326 -0.0258372 -0.0229839 -0.0203653 -0.018148 -0.0164076 -0.0151827 -0.0144416 -0.0141483 -0.0142161 -0.0145184 -0.0149742 -0.0154615 -0.0159387 -0.0163257 -0.0165806 -0.016721 -0.0167353 -0.0166855 -0.016532 
0 0.00113979 0.00233528 0.00361916 0.0049817 0.00644072 0.00802551 0.00977253 0.0116656 0.013621 0.0155327 0.0172841 0.01878 0.0198988 0.0205112 0.020524 0.0199068 0.0187125 0.0170413 0.0150372 0.0129028 0.0108522 0.00907541 0.00771188 0.00684176 0.00654987 0.00684334 0.00766883 0.00892385 0.0104691 0.0122037 0.0139638 0.0156124 0.0170426 0.0181816 0.018985 0.0193865 0.0193691 0.0189437 0.0181202 0.0168893 0.015278 0.013319 0.0110553 0.00849449 0.00567577 0.00266311 -0.000516701 -0.00382129 -0.00721982 -0.0106354 -0.0140419 -0.017407 -0.020671 -0.0237762 -0.0267033 -0.0294054 -0.0318403 -0.0339776 -0.0357921 -0.0372848 -0.0384041 -0.0391622 -0.0395749 -0.0396348 -0.0393436 -0.038762 -0.0378877 -0.0367487 -0.0353839 -0.0338353 -0.0321285 -0.0302967 -0.0283881 -0.0264326 -0.0244438 -0.0224664 -0.0205469 -0.0186695 -0.0168781 -0.0151956 -0.0136123 -0.0121362 -0.010811 -0.00959583 -0.00849567 -0.00751788 -0.0066606 -0.00589731 -0.00524106 -0.0046652 -0.00417504 -0.00375678 -0.00340826 -0.00310826 -0.00286657 -0.00266332 -0.00250115 -0.00236303 -0.0022543 -0.0021577 -0.00207796 -0.00199724 -0.00192129 -0.00183498 -0.00174228 -0.00162322 -0.00148779 -0.00131896 -0.00111827 -0.000871078 -0.000580491 -0.000223681 0.000179423 0.000657666 0.00122557 0.00187854 0.00260504 0.00345768 0.0044153 0.005481 0.00667521 0.00799677 0.00941775 0.010973 0.0126417 0.0144017 0.0162495 0.0181729 0.0201407 0.0221349 0.0241384 0.0261228 0.0280484 0.0298814 0.0316212 0.0332011 0.0345974 0.035799 0.036766 0.037445 0.0378531 0.0379546 0.0377349 0.0371838 0.0363099 0.0351186 0.0335983 0.0317709 0.0296714 0.0273108 0.0246945 0.0218784 0.0188799 0.0157273 0.0124263 0.0090311 0.00556704 0.00203146 -0.00154862 -0.00514963 -0.00875396 -0.0123723 -0.0159957 -0.0195983 -0.0231569 -0.0266858 -0.0301371 -0.0334583 -0.0365801 -0.0394241 -0.0419106 -0.0438831 -0.0452367 -0.0458822 -0.0457637 -0.0448577 -0.043172 -0.0408102 -0.0379197 -0.0346683 -0.0312477 -0.0278775 -0.0247922 -0.0221886 -0.0201671 -0.0187653 -0.0179611 -0.0176907 -0.0178536 -0.0183059 -0.0189243 -0.0195936 -0.0202264 -0.0207479 -0.0211094 -0.0213114 -0.0213732 -0.0213277 -0.0211656 
0 0.0014294 0.0029236 0.00451467 0.00621102 0.00802551 0.00999367 0.0121436 0.014451 0.0168256 0.0191367 0.0212524 0.023045 0.0243723 0.0250856 0.0250787 0.0243163 0.0228542 0.0208139 0.0183652 0.0157481 0.0132032 0.0109575 0.00917763 0.00796731 0.00742261 0.00754763 0.00829025 0.00953226 0.0111212 0.0129245 0.014765 0.0164871 0.0179701 0.0191334 0.0199177 0.0202727 0.0201729 0.0196319 0.0186656 0.0172665 0.0154721 0.0133138 0.0108323 0.00805205 0.00500829 0.00175797 -0.00165921 -0.00521005 -0.00885445 -0.0125217 -0.016187 -0.0198065 -0.0233281 -0.026702 -0.0298965 -0.0328694 -0.03558 -0.0379914 -0.0400761 -0.0418261 -0.0431973 -0.0441917 -0.0448156 -0.0450636 -0.0449333 -0.0444703 -0.0436823 -0.0425912 -0.0412375 -0.0396604 -0.0378846 -0.0359471 -0.0338981 -0.0317633 -0.0295726 -0.0273673 -0.0251877 -0.0230368 -0.0209599 -0.0189787 -0.0170998 -0.0153336 -0.0137155 -0.0122255 -0.0108687 -0.00964943 -0.00856897 -0.00760596 -0.00676428 -0.00602741 -0.0053931 -0.00484671 -0.00438318 -0.0039867 -0.00365697 -0.00337905 -0.00314923 -0.00295413 -0.00279175 -0.00264922 -0.00252354 -0.00240124 -0.00228072 -0.00214996 -0.00200632 -0.00183594 -0.00163859 -0.00140081 -0.00112157 -0.000787603 -0.000393501 7.60661e-05 0.000612913 0.00124157 0.00197376 0.00281153 0.00375167 0.00482935 0.00603275 0.00736454 0.00883235 0.0104399 0.0121618 0.0140103 0.0159676 0.0180147 0.020132 0.0223096 0.0245147 0.0267202 0.0289049 0.0310413 0.0330866 0.0350104 0.0367988 0.0383944 0.0397707 0.0409111 0.0417825 0.042341 0.0425964 0.0425223 0.0421039 0.0413397 0.04024 0.0388075 0.0370472 0.0349797 0.0326305 0.0300236 0.0271638 0.0240982 0.0208543 0.0174503 0.0139014 0.0102539 0.00652258 0.00271211 -0.00115655 -0.00507239 -0.00901459 -0.0129995 -0.0170197 -0.0210511 -0.0250812 -0.0291077 -0.0330861 -0.0369522 -0.0406251 -0.0440044 -0.0469832 -0.0493885 -0.051088 -0.0519759 -0.0519742 -0.0510604 -0.0492454 -0.0466439 -0.0434232 -0.0397783 -0.0359394 -0.0321616 -0.0287136 -0.0258157 -0.0235954 -0.0220935 -0.0212905 -0.0211053 -0.0214157 -0.0220646 -0.0228945 -0.0237823 -0.0246129 -0.0253036 -0.0258038 -0.0261051 -0.0262412 -0.0262323 -0.0260861 
0 0.00176206 0.00358658 0.00552297 0.00757566 0.00977253 0.0121436 0.014704 0.0174302 0.020212 0.0229094 0.02537 0.0274325 0.0289358 0.0297192 0.0296576 0.0287236 0.0269688 0.0245264 0.0216176 0.0184779 0.0154072 0.0126464 0.0103803 0.0087777 0.00788662 0.00776302 0.00832735 0.00944795 0.0109944 0.0127591 0.0145919 0.0163053 0.0177685 0.0188949 0.0196196 0.0198903 0.0196987 0.0190532 0.0179532 0.0164456 0.0145209 0.0122486 0.00965346 0.0067657 0.00363113 0.000292438 -0.00321108 -0.00684961 -0.0105594 -0.0143282 -0.0180757 -0.0217901 -0.0254176 -0.0289123 -0.0322355 -0.0353665 -0.0382449 -0.0408405 -0.0431473 -0.0451009 -0.0467134 -0.0479561 -0.0488266 -0.0493072 -0.0494303 -0.0491673 -0.0485658 -0.047639 -0.0464153 -0.0449186 -0.0431968 -0.0412728 -0.0391779 -0.0369701 -0.0346768 -0.0323304 -0.0299563 -0.0276131 -0.0252961 -0.0230563 -0.0209129 -0.0188944 -0.0169743 -0.0152066 -0.0135862 -0.0121252 -0.0107874 -0.00960212 -0.008549 -0.00763743 -0.00682573 -0.00613033 -0.00552539 -0.00501835 -0.0045748 -0.0042066 -0.00388536 -0.0036207 -0.00338255 -0.00318025 -0.00298603 -0.00280996 -0.00262371 -0.00243574 -0.00221642 -0.00198132 -0.00170184 -0.001382 -0.000991492 -0.000552153 -3.26555e-05 0.000565547 0.00128163 0.00208746 0.00300737 0.00404613 0.00524701 0.00656703 0.00802941 0.00963088 0.0113874 0.0132587 0.0152676 0.0173824 0.0195894 0.0218586 0.0241946 0.026556 0.0289106 0.0312397 0.0335108 0.0356835 0.0377297 0.0396367 0.0413349 0.0428237 0.0440578 0.0450186 0.0456731 0.0460325 0.0460433 0.0457331 0.0450803 0.0440805 0.0427527 0.0411086 0.039149 0.0368969 0.034391 0.0316175 0.0286326 0.0254404 0.0220832 0.0185702 0.014936 0.0111857 0.0073524 0.00343659 -0.000571395 -0.00462876 -0.00876814 -0.0129737 -0.0172534 -0.0215943 -0.0259886 -0.0304099 -0.0348338 -0.0391736 -0.0433307 -0.0472151 -0.0506392 -0.053472 -0.0555212 -0.0566636 -0.0568305 -0.0559512 -0.054087 -0.051332 -0.0478739 -0.043945 -0.0397943 -0.0357206 -0.0320162 -0.0289188 -0.0265812 -0.0250581 -0.0243151 -0.0242765 -0.024785 -0.025673 -0.0267712 -0.0279126 -0.0289953 -0.0299026 -0.0305885 -0.0310528 -0.0313025 -0.0313897 -0.0313009 
0 0.00212861 0.0043287 0.0066261 0.00907126 0.0116656 0.014451 0.0174302 0.0205543 0.0237247 0.0267753 0.0295429 0.0318329 0.033469 0.0342689 0.0341186 0.0329715 0.0308855 0.0280264 0.0246028 0.0209315 0.0172845 0.0139564 0.0111745 0.00908208 0.00780735 0.0073367 0.00763257 0.00856105 0.00994938 0.0116121 0.0133545 0.0149972 0.0163991 0.0174652 0.018098 0.0182983 0.0180166 0.0172747 0.016106 0.0145035 0.0125405 0.0102301 0.00760656 0.00472769 0.00161974 -0.0016909 -0.00513476 -0.00870435 -0.0123514 -0.0160255 -0.0197253 -0.0233804 -0.0269657 -0.0304541 -0.0337946 -0.0369458 -0.0398964 -0.0426029 -0.0450339 -0.0471743 -0.0489976 -0.0504764 -0.0515973 -0.0523658 -0.0527577 -0.0527929 -0.0524772 -0.0518064 -0.0508108 -0.0495237 -0.0479504 -0.0461473 -0.0441546 -0.0419733 -0.0396609 -0.0372637 -0.0348019 -0.0323158 -0.0298526 -0.0274187 -0.0250466 -0.0227643 -0.0206099 -0.0185896 -0.0166967 -0.0149417 -0.0133643 -0.0119438 -0.0106593 -0.0095153 -0.00851781 -0.00764474 -0.00688308 -0.00622043 -0.00565174 -0.00516201 -0.00473818 -0.00436825 -0.00404308 -0.00374923 -0.00347808 -0.00321424 -0.0029485 -0.00267219 -0.0023745 -0.00203828 -0.00165494 -0.00121782 -0.000722388 -0.000138185 0.000547476 0.00132489 0.00220122 0.00321923 0.00437995 0.00567662 0.00710489 0.00868531 0.0104263 0.012314 0.0143166 0.0164538 0.0187011 0.0210236 0.0234257 0.0258896 0.0283475 0.0307975 0.033222 0.035564 0.0378061 0.039922 0.0418605 0.0435934 0.0451046 0.0463565 0.0473368 0.0480217 0.0483991 0.0484499 0.0481809 0.0475869 0.0466641 0.0454382 0.0439071 0.0420707 0.0399656 0.0376051 0.0349838 0.0321681 0.0291487 0.0259515 0.0226168 0.0191349 0.015538 0.0118451 0.00804301 0.00415146 0.000178775 -0.00391456 -0.00809347 -0.0123974 -0.0168242 -0.021357 -0.026012 -0.0307398 -0.0355069 -0.0402322 -0.0448146 -0.049105 -0.052954 -0.0561578 -0.0585409 -0.0599611 -0.0602874 -0.0595117 -0.0576385 -0.0548049 -0.0512014 -0.0470691 -0.042716 -0.0384458 -0.0345829 -0.0313764 -0.0290048 -0.0275207 -0.0269106 -0.0270635 -0.0278206 -0.0290081 -0.0304076 -0.0318801 -0.0332535 -0.0344426 -0.0353886 -0.0360598 -0.0365157 -0.0367376 -0.0367749 
0 0.00251605 0.00509469 0.00777938 0.0106156 0.013621 0.0168256 0.020212 0.0237247 0.0272535 0.0306231 0.0336526 0.0361169 0.0378181 0.038582 0.0382715 0.036865 0.0344113 0.0310795 0.0271416 0.0228805 0.0186411 0.0147123 0.0113378 0.00874039 0.00698051 0.00611712 0.00607781 0.00672678 0.00792335 0.00940975 0.0110226 0.0125618 0.0138782 0.0148657 0.0154377 0.0155688 0.0152471 0.0144766 0.0132615 0.0116685 0.0097041 0.00742987 0.00486815 0.00207651 -0.000906149 -0.00405877 -0.00733858 -0.0107285 -0.0141613 -0.0176647 -0.0211633 -0.0246359 -0.0280598 -0.0314118 -0.0346425 -0.0377458 -0.0406744 -0.043403 -0.0459255 -0.0481608 -0.0501501 -0.051846 -0.0532221 -0.0542634 -0.0549957 -0.055343 -0.0553523 -0.0550197 -0.0543557 -0.0533576 -0.0520642 -0.0504986 -0.0486697 -0.0466284 -0.0444276 -0.0420848 -0.0396066 -0.0370934 -0.0345289 -0.0319585 -0.0294333 -0.0269921 -0.0245862 -0.0223121 -0.0201738 -0.0181882 -0.0163262 -0.0146385 -0.0130989 -0.0117377 -0.0105055 -0.0094253 -0.00846467 -0.00764015 -0.00690481 -0.00627393 -0.00570618 -0.00522047 -0.00477102 -0.00436967 -0.00398117 -0.0036194 -0.00323991 -0.00285943 -0.00243594 -0.00198894 -0.00147559 -0.000903819 -0.000232474 0.000511901 0.00137404 0.00234374 0.00347749 0.00472997 0.00612013 0.00765915 0.00939476 0.0112389 0.0132314 0.0153623 0.0176163 0.0199525 0.0224065 0.0248979 0.0274196 0.0299512 0.0324704 0.0349287 0.0373042 0.0395631 0.0416646 0.0435767 0.0452801 0.0467686 0.0479611 0.0488966 0.0495385 0.0498656 0.0498766 0.0496183 0.0490194 0.0481377 0.0469649 0.0455071 0.0437845 0.0418097 0.0396062 0.0371923 0.034583 0.0317801 0.0288451 0.0257475 0.0225331 0.0191986 0.015778 0.0122439 0.00860625 0.00486967 0.00100383 -0.00298252 -0.00713104 -0.0114282 -0.0158924 -0.0205293 -0.0253421 -0.0302731 -0.0353023 -0.0403311 -0.0452408 -0.049899 -0.0540701 -0.0576105 -0.060285 -0.0619308 -0.0624455 -0.0617521 -0.0599251 -0.0570625 -0.053368 -0.0491247 -0.0446374 -0.0402597 -0.0363179 -0.033075 -0.0307328 -0.0293578 -0.0289256 -0.0293332 -0.030394 -0.0319238 -0.033705 -0.0355458 -0.0372931 -0.0388251 -0.0400882 -0.0410613 -0.0417582 -0.0422034 -0.0424122 
0 0.00289583 0.0058534 0.008909 0.0121318 0.0155327 0.0191367 0.0229094 0.0267753 0.0306231 0.0342652 0.037501 0.0400822 0.0417962 0.0424539 0.0419376 0.0402114 0.0373338 0.0334992 0.0289747 0.0241062 0.0192223 0.0146525 0.01068 0.00751365 0.00527303 0.00396999 0.00355965 0.00391331 0.00486087 0.00616329 0.00762716 0.00905984 0.0103057 0.0112482 0.0117753 0.0118942 0.0115663 0.0108011 0.00962558 0.00807186 0.0062026 0.00404005 0.00161381 -0.00100587 -0.00378563 -0.00671984 -0.00974742 -0.0128599 -0.0160104 -0.0192012 -0.0224175 -0.0256078 -0.0287715 -0.0318995 -0.0349478 -0.0378874 -0.0407145 -0.0434007 -0.0459203 -0.048231 -0.0503455 -0.0522146 -0.0538057 -0.0551226 -0.056148 -0.0568487 -0.057231 -0.0572774 -0.0569884 -0.0563685 -0.055417 -0.0541784 -0.0526582 -0.050864 -0.0488526 -0.0466572 -0.0442836 -0.0418112 -0.0392602 -0.0366469 -0.0340213 -0.0314255 -0.0288715 -0.0264114 -0.0240438 -0.0217882 -0.0196819 -0.01774 -0.0159401 -0.0143026 -0.0128274 -0.011512 -0.0103351 -0.00929268 -0.0083704 -0.00755744 -0.00682807 -0.00617933 -0.00558638 -0.00503676 -0.00451579 -0.00401075 -0.0034966 -0.00297237 -0.00241354 -0.00180511 -0.00112858 -0.000380024 0.000463913 0.00142214 0.0025141 0.00372475 0.00508107 0.00659765 0.00827072 0.0100903 0.012062 0.0141583 0.0163997 0.0187607 0.021196 0.0237024 0.026277 0.028847 0.0314184 0.033968 0.0364269 0.0387723 0.0409992 0.0430475 0.044897 0.0465247 0.0479017 0.0490113 0.0498289 0.0503648 0.050616 0.0505611 0.0502114 0.049593 0.0486829 0.0475119 0.0460927 0.0444526 0.0425891 0.0405174 0.0382769 0.0358793 0.0333127 0.0306316 0.027846 0.0249415 0.0219484 0.0188509 0.0156747 0.0123933 0.00898894 0.00547414 0.00182947 -0.00199628 -0.00600048 -0.0102092 -0.0146362 -0.0192875 -0.0241808 -0.0292416 -0.0344415 -0.0396882 -0.0448569 -0.0497728 -0.054227 -0.0580236 -0.0609427 -0.0628002 -0.0634509 -0.0628619 -0.0610648 -0.0581892 -0.0544391 -0.0501068 -0.0455472 -0.0411133 -0.0371542 -0.0339403 -0.0316876 -0.0304727 -0.0302775 -0.0309803 -0.0323948 -0.0343243 -0.0365239 -0.0388069 -0.0409747 -0.0429183 -0.044573 -0.045896 -0.0469191 -0.0476267 -0.0480686 
0 0.00324363 0.0065444 0.00994352 0.0135184 0.0172841 0.0212524 0.02537 0.0295429 0.0336526 0.037501 0.0408713 0.0434953 0.04514 0.0456217 0.0448247 0.0427227 0.0393796 0.0350012 0.0298805 0.0243772 0.0188442 0.0136263 0.00903518 0.00530247 0.00255592 0.000812828 2.91078e-05 8.35595e-05 0.000797747 0.00192722 0.00326241 0.00461333 0.00581561 0.00673934 0.00727581 0.00742224 0.00715247 0.00646554 0.00538628 0.00395535 0.0022349 0.000245445 -0.00197847 -0.00436686 -0.00688448 -0.00952537 -0.0122462 -0.0150278 -0.0178356 -0.0206796 -0.0235468 -0.0263921 -0.0292268 -0.0320515 -0.0348346 -0.0375562 -0.0402135 -0.0427878 -0.045249 -0.0475581 -0.0497285 -0.0517208 -0.0534916 -0.0550421 -0.0563517 -0.0573764 -0.0581118 -0.0585478 -0.0586721 -0.0584709 -0.057939 -0.0571022 -0.0559517 -0.054498 -0.0527947 -0.0508554 -0.0486851 -0.0463589 -0.043898 -0.041322 -0.0386936 -0.036046 -0.0333847 -0.0307696 -0.028227 -0.0257716 -0.0234302 -0.0212276 -0.0191664 -0.0172652 -0.015524 -0.0139437 -0.0125142 -0.0112315 -0.0100834 -0.0090539 -0.0081209 -0.00727958 -0.00650374 -0.00577459 -0.00508038 -0.00440386 -0.00371746 -0.00301497 -0.0022741 -0.00147554 -0.000600248 0.000364931 0.00144088 0.00263913 0.00397619 0.00545446 0.00709112 0.00888 0.0108115 0.0128923 0.0151192 0.0174481 0.0198855 0.0224147 0.0249862 0.0275918 0.030222 0.0328016 0.0353199 0.0377627 0.0400681 0.0422073 0.0441731 0.0459146 0.0474088 0.0486449 0.0496135 0.0503007 0.0506888 0.0507983 0.0506327 0.0501743 0.0494532 0.0485008 0.047298 0.045875 0.0442566 0.0424632 0.0404999 0.0383883 0.036167 0.0338451 0.0314069 0.0288968 0.0263236 0.0236653 0.0209365 0.0181316 0.0152577 0.0122789 0.00917048 0.00593636 0.00254843 -0.00105093 -0.0048695 -0.00892973 -0.0132509 -0.017855 -0.0227503 -0.0278688 -0.0331721 -0.0385682 -0.0439206 -0.0490332 -0.0536865 -0.0576729 -0.0607655 -0.0627616 -0.0635129 -0.0629819 -0.061208 -0.0583198 -0.0545268 -0.0501427 -0.0455399 -0.041093 -0.037154 -0.0340063 -0.0318768 -0.0308527 -0.0309185 -0.031943 -0.0337387 -0.0360954 -0.0387559 -0.0415128 -0.0441531 -0.0465586 -0.0486565 -0.0503964 -0.0517919 -0.0528257 -0.0535466 
0 0.00354548 0.00713976 0.0108369 0.0147078 0.01878 0.023045 0.0274325 0.0318329 0.0361169 0.0400822 0.0434953 0.0460751 0.0475668 0.0478041 0.046663 0.0441377 0.0402991 0.0353514 0.0296333 0.0234888 0.0173194 0.011474 0.00628085 0.00201589 -0.00121841 -0.00336879 -0.0044967 -0.00471648 -0.00420116 -0.00321107 -0.00195991 -0.000642016 0.000570817 0.00152775 0.0021393 0.00236366 0.00220696 0.00165616 0.0007217 -0.000518977 -0.00203781 -0.00379278 -0.00575395 -0.00786044 -0.0100752 -0.0123804 -0.0147613 -0.01718 -0.0196062 -0.0220776 -0.0245561 -0.0270294 -0.0295053 -0.031991 -0.0344605 -0.0369155 -0.0393397 -0.0417337 -0.0440788 -0.0463252 -0.0484939 -0.0505488 -0.0524449 -0.0541667 -0.0557195 -0.0570316 -0.0580999 -0.058913 -0.059449 -0.0596704 -0.0595891 -0.0592035 -0.0584875 -0.0574561 -0.0561444 -0.0545496 -0.0526789 -0.050607 -0.0483363 -0.0458956 -0.0433436 -0.0407266 -0.0380352 -0.0353413 -0.0326768 -0.0300692 -0.0275261 -0.0250974 -0.0227893 -0.0206288 -0.0186082 -0.0167507 -0.015042 -0.0134904 -0.0120754 -0.0107935 -0.00961503 -0.00854297 -0.00754014 -0.00659537 -0.0056844 -0.00479783 -0.00389611 -0.00297753 -0.00200787 -0.000977132 0.000143736 0.00136115 0.00270971 0.00418194 0.00579757 0.00755554 0.00948062 0.0115377 0.0137259 0.0160434 0.0184904 0.0210012 0.0235873 0.0262245 0.0288702 0.0314878 0.0340799 0.0365743 0.038946 0.0411776 0.0432293 0.0450582 0.0466583 0.0480103 0.0490812 0.0498706 0.050385 0.0506208 0.0505526 0.0502345 0.0496598 0.0488236 0.0477587 0.046511 0.0450489 0.0434213 0.0416593 0.0397692 0.0377697 0.0356814 0.0335313 0.0313241 0.0290617 0.0267483 0.0244211 0.022036 0.0195935 0.0171012 0.0145452 0.0118794 0.00908783 0.00616042 0.00304915 -0.000278764 -0.00387911 -0.00774784 -0.0119209 -0.016438 -0.0212828 -0.0264062 -0.0317539 -0.0372327 -0.0426911 -0.0479313 -0.0527027 -0.0568124 -0.0600113 -0.0620818 -0.062894 -0.0623753 -0.060603 -0.0576844 -0.0538431 -0.049419 -0.0447829 -0.0403432 -0.0364406 -0.0333758 -0.0313788 -0.0305496 -0.0308717 -0.0322131 -0.0343842 -0.037162 -0.0402927 -0.0435299 -0.0466699 -0.0495692 -0.0521472 -0.0543539 -0.0561589 -0.0575686 -0.0586052 
0 0.00377206 0.0075881 0.0115091 0.0156008 0.0198988 0.0243723 0.0289358 0.033469 0.0378181 0.0417962 0.04514 0.0475668 0.0488259 0.0487275 0.0471976 0.0442049 0.0398497 0.0343589 0.0280398 0.0213135 0.0145392 0.00811148 0.00238902 -0.00238965 -0.0060387 -0.00856267 -0.00998784 -0.0104201 -0.0100687 -0.00915394 -0.00792737 -0.00658137 -0.00529573 -0.00422348 -0.00348472 -0.00309165 -0.00307324 -0.00343579 -0.004138 -0.00516139 -0.0064164 -0.00789762 -0.00956305 -0.0113546 -0.0132313 -0.0151952 -0.0172107 -0.0192472 -0.0213144 -0.0233822 -0.0254874 -0.0275877 -0.0296974 -0.0318299 -0.0339858 -0.0361266 -0.0382886 -0.0404657 -0.0426149 -0.0447541 -0.0468557 -0.0489006 -0.0508477 -0.0527033 -0.0544077 -0.0559665 -0.0573267 -0.0584763 -0.05938 -0.0600297 -0.0603839 -0.0604503 -0.0602174 -0.0596591 -0.0587856 -0.0576098 -0.0561453 -0.0543977 -0.0524234 -0.0502264 -0.0478504 -0.0453177 -0.0427063 -0.040022 -0.0373085 -0.0345763 -0.0319062 -0.029296 -0.0267797 -0.0243537 -0.0220766 -0.0199307 -0.0179382 -0.0160761 -0.0143729 -0.0127906 -0.011338 -0.00997698 -0.00871234 -0.00749659 -0.00633497 -0.00517767 -0.00402347 -0.00282992 -0.00159901 -0.000275687 0.00113068 0.00265268 0.00428281 0.0060697 0.00798559 0.0100431 0.0122151 0.0145374 0.0169684 0.0194998 0.0220795 0.0247313 0.0274081 0.0300816 0.0326956 0.0352579 0.0377017 0.0399993 0.0421279 0.0440636 0.0457468 0.0471778 0.0483549 0.049242 0.0498457 0.050169 0.0502167 0.0499728 0.0494878 0.0487477 0.0477929 0.0466223 0.0452755 0.0437578 0.0421191 0.0403474 0.0384934 0.0365849 0.0346061 0.0325876 0.0305581 0.0285104 0.0264257 0.0243583 0.0222661 0.0201595 0.0180118 0.0158225 0.0135736 0.0112285 0.00874602 0.00611497 0.00330325 0.000218317 -0.00313536 -0.00681223 -0.0108333 -0.01523 -0.0200035 -0.025095 -0.0304389 -0.0359467 -0.0414593 -0.0467391 -0.0515848 -0.0557313 -0.058967 -0.0610661 -0.0618576 -0.0613375 -0.0595164 -0.0565496 -0.0526619 -0.0481785 -0.0435257 -0.0390795 -0.0352076 -0.0322146 -0.0303233 -0.0296575 -0.0301979 -0.0318144 -0.0343243 -0.0374932 -0.0410585 -0.0447688 -0.0483927 -0.0517922 -0.0548669 -0.0575452 -0.0597961 -0.061591 -0.0629703 
0 0.00389599 0.00783322 0.0118789 0.0160927 0.0205112 0.0250856 0.0297192 0.0342689 0.038582 0.0424539 0.0456217 0.0478041 0.0487275 0.048246 0.046254 0.042772 0.0379061 0.0318642 0.0250228 0.0177359 0.0104402 0.00351282 -0.00269337 -0.00787286 -0.0119032 -0.0147157 -0.0163673 -0.0169632 -0.0166925 -0.0157941 -0.0145213 -0.0130707 -0.0116337 -0.0103918 -0.00941524 -0.00880325 -0.00852685 -0.00861355 -0.00905616 -0.00977353 -0.0107489 -0.0119283 -0.0132735 -0.0147374 -0.0162879 -0.0178841 -0.0195482 -0.0212246 -0.0229152 -0.0246399 -0.0263711 -0.0281189 -0.0298817 -0.0316768 -0.0334907 -0.0353476 -0.0372272 -0.0391465 -0.0410917 -0.0430531 -0.0450169 -0.0469896 -0.0489342 -0.0508191 -0.0526501 -0.0543665 -0.0559404 -0.0573646 -0.0586089 -0.0596156 -0.0603999 -0.0609119 -0.0611268 -0.0610434 -0.0606662 -0.0599624 -0.0589459 -0.0576272 -0.0560195 -0.0541401 -0.0520375 -0.0497445 -0.0472685 -0.0446525 -0.0419666 -0.0392418 -0.0364805 -0.0337302 -0.0310333 -0.0284165 -0.0258853 -0.0234628 -0.0211627 -0.0190024 -0.0169683 -0.0150645 -0.0132787 -0.0116028 -0.0100102 -0.00848823 -0.00700306 -0.00554083 -0.00406705 -0.00255906 -0.000990356 0.000647901 0.00238709 0.00423787 0.00621408 0.00830303 0.0105106 0.0128474 0.0153081 0.0178424 0.0204442 0.0231202 0.0258376 0.0285412 0.0312081 0.0338191 0.0363338 0.0387105 0.0409205 0.0429374 0.0447072 0.0462292 0.0474957 0.0484788 0.0491609 0.0495752 0.049687 0.0495217 0.0491065 0.0484465 0.0475402 0.0464444 0.0451569 0.0437013 0.0421219 0.040442 0.0386731 0.0368399 0.0349793 0.0330822 0.0311813 0.029281 0.0273983 0.0255227 0.0236699 0.0218113 0.0199756 0.0181329 0.0162523 0.0143596 0.0124014 0.0103432 0.00815617 0.00580596 0.0032299 0.000403888 -0.0027583 -0.00625005 -0.010117 -0.0144129 -0.0190878 -0.0241332 -0.029452 -0.0349517 -0.0404608 -0.045756 -0.0505893 -0.0547366 -0.0579489 -0.0599988 -0.0607624 -0.0601606 -0.0582837 -0.0552357 -0.0512656 -0.0467298 -0.0420118 -0.0375467 -0.0336653 -0.0306971 -0.0288685 -0.0283009 -0.0289921 -0.0308164 -0.0335969 -0.037089 -0.0410396 -0.0451609 -0.0492398 -0.0531062 -0.0566484 -0.0597953 -0.0624596 -0.0646452 -0.0663486 
0 0.00389712 0.00783219 0.0118886 0.0161025 0.020524 0.0250787 0.0296576 0.0341186 0.0382715 0.0419376 0.0448247 0.046663 0.0471976 0.046254 0.0437887 0.0397973 0.0344199 0.0278854 0.0205311 0.0127754 0.00501323 -0.00233802 -0.00891158 -0.0144351 -0.0187249 -0.02175 -0.0235434 -0.0242111 -0.0239597 -0.0230046 -0.0216079 -0.0199818 -0.0183235 -0.016809 -0.0155488 -0.0146154 -0.0140265 -0.0137993 -0.0139028 -0.0143047 -0.0149511 -0.0158018 -0.0168157 -0.0179525 -0.0191687 -0.0204484 -0.0217743 -0.0231088 -0.0244798 -0.0258489 -0.0272435 -0.0286652 -0.0301062 -0.0315829 -0.0331055 -0.0346555 -0.0362587 -0.0379192 -0.0396142 -0.0413842 -0.0431861 -0.0450245 -0.0468832 -0.0487512 -0.0505863 -0.0523961 -0.0541289 -0.0557628 -0.0572516 -0.0585806 -0.0597152 -0.0606169 -0.0612824 -0.0616784 -0.0617646 -0.0615404 -0.0610241 -0.0601657 -0.0590079 -0.0575523 -0.055806 -0.0537829 -0.0515675 -0.0491543 -0.0465869 -0.0438844 -0.0411255 -0.0383233 -0.0355168 -0.032712 -0.0299739 -0.0272971 -0.0247194 -0.0222344 -0.0198669 -0.0176049 -0.0154684 -0.0134147 -0.0114566 -0.0095606 -0.00771019 -0.00586434 -0.00402537 -0.00213804 -0.000202977 0.00181682 0.00392013 0.00612817 0.00842399 0.0108458 0.013355 0.01595 0.0186016 0.0213311 0.0240906 0.0268544 0.0295656 0.0322506 0.0348409 0.0372981 0.0395874 0.041697 0.0435542 0.0451802 0.0465418 0.0476128 0.0483845 0.0488709 0.0490606 0.0489715 0.0486167 0.0480061 0.0471603 0.0460875 0.0448453 0.0434326 0.041889 0.0402435 0.0385222 0.0367231 0.0349161 0.0330786 0.0312491 0.0294451 0.0276558 0.0258971 0.0241801 0.0224873 0.0208292 0.0192116 0.0175989 0.0160091 0.0143933 0.0127492 0.0110408 0.00923234 0.00728415 0.00515972 0.0028075 0.000166562 -0.00280405 -0.00615002 -0.00990214 -0.0140926 -0.0186995 -0.023691 -0.0289726 -0.0344434 -0.0399253 -0.0451818 -0.0499925 -0.0540856 -0.0572358 -0.0592202 -0.0598827 -0.0591979 -0.057199 -0.0540346 -0.0499602 -0.0453097 -0.0405151 -0.0359688 -0.0320343 -0.0290363 -0.0271899 -0.0266473 -0.0273921 -0.029327 -0.0322791 -0.0359975 -0.0402337 -0.0446875 -0.0491383 -0.0534067 -0.0573607 -0.0609097 -0.0639531 -0.0664731 -0.0684647 
0 0.00376776 0.00757924 0.0115159 0.0156123 0.0199068 0.0243163 0.0287236 0.0329715 0.036865 0.0402114 0.0427227 0.0441377 0.0442049 0.042772 0.0397973 0.0353031 0.0294448 0.0224516 0.0146747 0.00651312 -0.00161609 -0.0092929 -0.0161553 -0.0219145 -0.0263964 -0.0295458 -0.0313971 -0.0320639 -0.0317459 -0.0306571 -0.0290643 -0.0271888 -0.0252419 -0.0234089 -0.0217897 -0.020493 -0.0195315 -0.0189269 -0.01866 -0.0186918 -0.0189926 -0.019507 -0.0201885 -0.0210023 -0.021911 -0.022876 -0.0238935 -0.0249263 -0.0259984 -0.0270768 -0.0281701 -0.0292949 -0.0304404 -0.0316216 -0.032846 -0.0341267 -0.0354677 -0.036871 -0.0383294 -0.039878 -0.0414715 -0.0431357 -0.0448662 -0.0466401 -0.0484375 -0.0502501 -0.0520394 -0.0537898 -0.055462 -0.0570269 -0.0584651 -0.0597075 -0.0607479 -0.0615624 -0.0621105 -0.0623683 -0.0623468 -0.0619847 -0.0613053 -0.0603075 -0.0589991 -0.0573821 -0.0554971 -0.0533429 -0.0509834 -0.048443 -0.0457612 -0.0429605 -0.0400939 -0.0371897 -0.0342879 -0.0313903 -0.0285437 -0.0257635 -0.0230554 -0.0204281 -0.0179011 -0.0154431 -0.0130621 -0.0107441 -0.00845722 -0.00617998 -0.0039086 -0.00159352 0.000767425 0.00318477 0.00567731 0.0082571 0.010899 0.0136153 0.0163868 0.019212 0.0220577 0.0249035 0.0277165 0.0304886 0.0331625 0.0357237 0.0381127 0.0403094 0.0422892 0.0440299 0.0454758 0.0466562 0.0475303 0.0480962 0.0483748 0.0483732 0.0480694 0.0475139 0.0467102 0.0456808 0.0444617 0.0430725 0.04155 0.0399128 0.0381871 0.0364137 0.0346185 0.0327947 0.0310024 0.0292228 0.0274752 0.0257678 0.0241126 0.0225077 0.02096 0.0194544 0.0180063 0.0165907 0.0151891 0.013812 0.0124109 0.0109828 0.00947936 0.00787215 0.0061184 0.0041676 0.00196475 -0.000526999 -0.00337448 -0.00661163 -0.0102744 -0.0143957 -0.0189414 -0.0238988 -0.0291575 -0.0346021 -0.0400494 -0.0452635 -0.0500103 -0.0540221 -0.0570637 -0.0589248 -0.0594635 -0.0586348 -0.056493 -0.0531792 -0.0489625 -0.0441832 -0.0392566 -0.034591 -0.0305422 -0.0274384 -0.0254954 -0.0248674 -0.0255565 -0.027478 -0.030471 -0.034286 -0.0386752 -0.0433358 -0.0480437 -0.0526058 -0.056873 -0.0607378 -0.0640786 -0.0668679 -0.0690835 
0 0.003524 0.00710015 0.0108023 0.0146669 0.0187125 0.0228542 0.0269688 0.0308855 0.0344113 0.0373338 0.0393796 0.0402991 0.0398497 0.0379061 0.0344199 0.0294448 0.0231467 0.0157524 0.00762451 -0.000865989 -0.00927611 -0.0171883 -0.0242473 -0.030148 -0.0347356 -0.0379256 -0.0397591 -0.0403576 -0.0399098 -0.0386325 -0.0367857 -0.034605 -0.0323134 -0.0301081 -0.0280836 -0.0263822 -0.0250188 -0.0240146 -0.023361 -0.0230059 -0.0229453 -0.0231074 -0.023448 -0.0239367 -0.0245479 -0.025223 -0.0259592 -0.026724 -0.0275237 -0.0283406 -0.0291605 -0.0300214 -0.0309074 -0.0318316 -0.0327892 -0.0338188 -0.0349068 -0.0360561 -0.037282 -0.038609 -0.039998 -0.0414699 -0.0430359 -0.0446616 -0.0463566 -0.0481009 -0.0498825 -0.0516721 -0.0534405 -0.0551504 -0.0567992 -0.0583068 -0.0596677 -0.0608524 -0.0618072 -0.0625026 -0.0629442 -0.0630758 -0.0628935 -0.0623928 -0.061556 -0.0603898 -0.0589105 -0.0571259 -0.0550633 -0.0527561 -0.0502307 -0.0475304 -0.0446828 -0.0417374 -0.0387195 -0.035655 -0.0325786 -0.0295262 -0.0264848 -0.0234926 -0.0205579 -0.0176677 -0.0148209 -0.012032 -0.0092527 -0.00648896 -0.00373058 -0.000947775 0.00187483 0.00471774 0.00761403 0.0105532 0.0135244 0.0165191 0.0195291 0.0225222 0.0254881 0.028389 0.031198 0.0338805 0.0364027 0.0387345 0.0408397 0.0426895 0.044275 0.045565 0.0465377 0.0472277 0.047604 0.0476651 0.0474489 0.0469652 0.0461979 0.0452214 0.0440349 0.0426646 0.041144 0.0395138 0.0377904 0.0360166 0.0341994 0.0323869 0.0305843 0.0287915 0.0270512 0.0253628 0.0237259 0.0221443 0.0206426 0.0191968 0.0178106 0.0164728 0.0152078 0.0139626 0.0127419 0.0115367 0.0103062 0.00903526 0.00767464 0.00620419 0.00458136 0.002748 0.000644166 -0.00174439 -0.00451543 -0.00769017 -0.0113115 -0.015405 -0.0199283 -0.0248775 -0.0301281 -0.0355494 -0.0409527 -0.046112 -0.0507722 -0.0546782 -0.0575824 -0.0592882 -0.0596724 -0.0586641 -0.0563452 -0.0528487 -0.0484558 -0.0435144 -0.0384143 -0.0335797 -0.0293566 -0.0260725 -0.0239421 -0.023115 -0.0236188 -0.0253833 -0.0282623 -0.0320169 -0.0364012 -0.0411193 -0.0459446 -0.0506691 -0.0551268 -0.0591909 -0.0627233 -0.0656841 -0.068033 
0 0.00318973 0.00643176 0.00981349 0.0133419 0.0170413 0.0208139 0.0245264 0.0280264 0.0310795 0.0334992 0.0350012 0.0353514 0.0343589 0.0318642 0.0278854 0.0224516 0.0157524 0.00804424 -0.000379577 -0.00908754 -0.0176947 -0.0257578 -0.0329131 -0.0389027 -0.0435177 -0.0467022 -0.0484714 -0.0489514 -0.0483303 -0.0468259 -0.0446777 -0.042155 -0.0394924 -0.0368635 -0.0344314 -0.0322791 -0.0304932 -0.0290777 -0.0280035 -0.0272695 -0.0268388 -0.0266556 -0.0266669 -0.026852 -0.027159 -0.0275754 -0.028039 -0.0285509 -0.029125 -0.0297017 -0.0302972 -0.0309315 -0.0315942 -0.0322778 -0.0330176 -0.0338005 -0.034662 -0.0355825 -0.036575 -0.0376757 -0.0388592 -0.0401218 -0.0414909 -0.0429647 -0.0444997 -0.0461257 -0.047828 -0.0495815 -0.0513412 -0.0531313 -0.0548924 -0.0565737 -0.0581697 -0.0596541 -0.0609372 -0.0620207 -0.0628918 -0.0634755 -0.0637651 -0.063763 -0.0634264 -0.0627297 -0.0617121 -0.0603624 -0.058681 -0.0566743 -0.0544061 -0.051888 -0.0491491 -0.0462207 -0.0431652 -0.0399837 -0.0367336 -0.0334276 -0.0300884 -0.0267315 -0.0233949 -0.020044 -0.0167159 -0.0134072 -0.0101078 -0.00680493 -0.00352947 -0.000236971 0.00305338 0.00634581 0.00963742 0.0129333 0.016192 0.0194391 0.0226348 0.0257467 0.0287422 0.0316277 0.0343411 0.0368434 0.0391037 0.041131 0.042866 0.0442888 0.0454125 0.0462251 0.0466955 0.04687 0.0467543 0.0463246 0.0456338 0.0447091 0.0435526 0.0421971 0.0407065 0.0390754 0.0373435 0.0355482 0.033736 0.0318845 0.0300469 0.0282535 0.0264906 0.0247612 0.0231213 0.0215434 0.0200198 0.0185877 0.0172212 0.0159301 0.0146948 0.0135145 0.0123881 0.0112995 0.0101988 0.00911799 0.00801657 0.00683996 0.00558478 0.00420697 0.00266477 0.00089294 -0.00114895 -0.00351632 -0.00624832 -0.00942406 -0.0130615 -0.0171533 -0.0217126 -0.0266738 -0.0319431 -0.0373571 -0.0427225 -0.0478128 -0.0523794 -0.0561408 -0.058874 -0.0604005 -0.0605727 -0.0593785 -0.0568365 -0.0531388 -0.0485543 -0.0434006 -0.0381092 -0.0330359 -0.0285771 -0.0250311 -0.022604 -0.0214725 -0.021651 -0.0231181 -0.0257264 -0.0292547 -0.0334685 -0.038079 -0.0428622 -0.0475967 -0.0521006 -0.0562252 -0.0598293 -0.0628463 -0.0652285 
