0 0 0 0 0 0 0 0 0 0 0 0 0 0 0 0 0 0 0 0 0 0 0 0 0 0 0 0 0 0 0 0 0 0 0 0 0 0 0 0 0 0 0 0 0 0 0 0 0 0 0 0 0 0 0 0 0 0 0 0 0 0 0 0 0 0 0 0 0 0 0 0 0 0 0 0 0 0 0 0 0 0 0 0 0 0 0 0 0 0 0 0 0 0 0 0 0 0 0 0 0 0 0 0 0 0 0 0 0 0 0 0 0 0 0 0 0 0 0 0 0 0 0 0 0 0 0 0 0 0 0 0 0 0 0 0 0 0 0 0 0 0 0 0 0 0 0 0 0 0 0 0 0 0 0 0 0 0 0 0 0 0 0 0 0 0 0 0 0 0 0 0 0 0 0 0 0 0 0 0 0 0 0 0 0 0 0 0 0 0 0 0 0 0 0 0 0 0 0 0 
0 -1.91699e-05 -4.88512e-05 -7.76304e-05 -9.50103e-05 -9.65807e-05 -8.722e-05 -7.88626e-05 -5.50671e-05 -1.59431e-05 4.21641e-05 0.000107075 0.000168942 0.000248836 0.000334493 0.000442769 0.00055919 0.000691033 0.000853582 0.00102616 0.001236 0.00146379 0.00171978 0.00198234 0.00221501 0.00241834 0.00255673 0.00261369 0.00255498 0.0023698 0.00206125 0.00164644 0.00113501 0.000581709 2.73681e-05 -0.000502965 -0.000955255 -0.00132981 -0.00156927 -0.00168938 -0.00168958 -0.00155874 -0.0013274 -0.00101028 -0.000634656 -0.000212806 0.000230026 0.000685474 0.00112504 0.00157195 0.001999 0.00240872 0.00281108 0.00320284 0.00358031 0.0039405 0.00429869 0.00462872 0.00494216 0.00522422 0.00547496 0.00567139 0.00581536 0.00588198 0.0058795 0.00578336 0.00559493 0.00532463 0.00494968 0.00447599 0.00391948 0.00326971 0.00252684 0.00173282 0.000866602 -4.87381e-05 -0.000992816 -0.0019451 -0.00290371 -0.00381942 -0.00468598 -0.00548302 -0.00620423 -0.00681348 -0.00731793 -0.0077061 -0.00796926 -0.00810443 -0.00813757 -0.00804729 -0.00783701 -0.00752318 -0.00711835 -0.00662358 -0.00605065 -0.00539917 -0.00469701 -0.00395512 -0.00316688 -0.00234955 -0.00152514 -0.000679137 0.000174725 0.00101828 0.00185489 0.00268242 0.0034848 0.00425821 0.00497976 0.00565196 0.00627611 0.00682753 0.00728374 0.00766548 0.00795283 0.00813479 0.00820755 0.00817568 0.00801385 0.00773583 0.00734309 0.00684555 0.00622583 0.00552184 0.00473561 0.00387897 0.00297364 0.00205804 0.00110994 0.000173166 -0.000736377 -0.00162098 -0.00246145 -0.0032294 -0.00394184 -0.00458256 -0.00513529 -0.00561193 -0.0059999 -0.00630387 -0.00651647 -0.00665881 -0.00672577 -0.00673814 -0.00669272 -0.00661959 -0.00651479 -0.00639692 -0.00627115 -0.00616134 -0.00606356 -0.00597837 -0.00593605 -0.00590977 -0.00590757 -0.00592295 -0.00594864 -0.00595675 -0.00594061 -0.00586185 -0.00572227 -0.00548196 -0.00512865 -0.0046891 -0.00413714 -0.00351434 -0.00283269 -0.00213781 -0.001465 -0.000844622 -0.000319016 7.52678e-05 0.000335488 0.000468659 0.000476498 0.000398756 0.000244048 6.67203e-05 -0.000126763 -0.000317907 -0.000471011 -0.000590861 -0.000657069 -0.000701669 -0.00071875 -0.000709278 -0.000681872 -0.000637521 -0.000596284 -0.000550359 -0.000510377 -0.000473833 -0.000445376 -0.000422077 -0.000401214 -0.000390965 -0.000384773 -0.000385001 -0.000379076 -0.000371923 
0 -4.88512e-05 -0.000104068 -0.000171879 -0.000197903 -0.000206311 -0.000186205 -0.000159886 -0.000119358 -2.30352e-05 8.76657e-05 0.00022903 0.000365101 0.000518231 0.000711364 0.000909525 0.00114979 0.00140582 0.0017099 0.00206577 0.00245638 0.00292322 0.00342624 0.00394465 0.00442485 0.00481763 0.00510593 0.00521521 0.00509694 0.00473006 0.00411694 0.00328471 0.0022771 0.00117264 6.51477e-05 -0.000974063 -0.00189469 -0.00261669 -0.00309756 -0.00332938 -0.00330396 -0.00303999 -0.00255929 -0.00191616 -0.0011657 -0.000331433 0.000557693 0.0014369 0.00232365 0.00320413 0.00404605 0.0048739 0.00566247 0.00643321 0.00717669 0.00787963 0.00856018 0.00921705 0.00979524 0.0103294 0.0107921 0.0111368 0.0113804 0.0114984 0.0114643 0.0112612 0.0108964 0.0103377 0.00959419 0.00866235 0.00756739 0.0062829 0.00485475 0.00328358 0.00158847 -0.000193518 -0.00201894 -0.00387932 -0.00571215 -0.00748971 -0.0091876 -0.0107459 -0.0121348 -0.0133371 -0.0143322 -0.0150957 -0.0156337 -0.0159303 -0.0159903 -0.0158013 -0.0154172 -0.0148307 -0.0140321 -0.013044 -0.0119351 -0.010671 -0.00928944 -0.00781367 -0.00626628 -0.00465012 -0.00301151 -0.0013271 0.000352283 0.00202985 0.0036998 0.00533913 0.00689528 0.00841606 0.00985763 0.0111842 0.0123754 0.0134452 0.0143546 0.0150979 0.0156382 0.0159832 0.0161102 0.0160129 0.0156918 0.0151478 0.0143623 0.013364 0.0121697 0.0107909 0.00926843 0.00761656 0.00587203 0.00406679 0.00223894 0.000411902 -0.00136219 -0.00308643 -0.00471373 -0.00624052 -0.00763055 -0.00888439 -0.00997913 -0.0109084 -0.011668 -0.0122853 -0.0127252 -0.0130197 -0.0132035 -0.0132425 -0.0131886 -0.0130751 -0.0128968 -0.0126836 -0.0124779 -0.0122677 -0.0120941 -0.0119469 -0.0118537 -0.0118229 -0.0118227 -0.0118641 -0.011929 -0.011964 -0.0119266 -0.0117924 -0.0115014 -0.0110185 -0.0103216 -0.00941938 -0.0083306 -0.00707518 -0.00571483 -0.00433069 -0.0029866 -0.00174731 -0.000707956 8.39818e-05 0.000602451 0.000858984 0.000894528 0.000724181 0.000439396 8.97507e-05 -0.0002915 -0.000643232 -0.000956748 -0.00116884 -0.00130435 -0.00139079 -0.00141744 -0.00141583 -0.00135833 -0.00128793 -0.00121319 -0.00112846 -0.00105947 -0.000986138 -0.00093361 -0.000884667 -0.000840602 -0.000816221 -0.00079825 -0.000791583 -0.000771937 -0.000749936 
0 -7.76304e-05 -0.000171879 -0.000260615 -0.000310637 -0.00031088 -0.000276058 -0.000234026 -0.000149488 -1.58089e-05 0.000169717 0.000377611 0.000581925 0.000826974 0.00109163 0.00140584 0.00174428 0.00212355 0.0025836 0.00308912 0.00369673 0.00437366 0.00513082 0.00590941 0.00661263 0.00721908 0.00763854 0.00780915 0.00763921 0.00709382 0.0061801 0.00494485 0.00343091 0.00178617 0.000136264 -0.00142954 -0.00276975 -0.00385187 -0.00454002 -0.00485873 -0.00480983 -0.0043819 -0.00365344 -0.00268091 -0.00154364 -0.000283734 0.0010316 0.00236925 0.00366906 0.00497425 0.00622561 0.00742763 0.00859706 0.00972747 0.0108042 0.0118156 0.012792 0.0136756 0.0144821 0.015186 0.0157848 0.0162279 0.0165213 0.0166123 0.0165132 0.0161692 0.0155805 0.0147616 0.0136625 0.0122936 0.0106909 0.00883392 0.00673366 0.00448469 0.00205532 -0.000495711 -0.00311428 -0.00575016 -0.00838824 -0.0109203 -0.013325 -0.0155504 -0.0175743 -0.0193123 -0.0207678 -0.0219067 -0.0227027 -0.0231428 -0.0232776 -0.0230608 -0.0225054 -0.0216483 -0.0205188 -0.0191271 -0.0175077 -0.0156599 -0.0136493 -0.0115064 -0.00922356 -0.0068435 -0.00442391 -0.00194145 0.000560843 0.00303558 0.00548184 0.00788531 0.0102009 0.0124201 0.0144883 0.0164028 0.0181605 0.0197055 0.0209826 0.022029 0.0227956 0.0232561 0.0234009 0.023239 0.022722 0.0218851 0.0207368 0.0193056 0.0175648 0.0155984 0.013418 0.0110532 0.00855676 0.00601325 0.00338636 0.000775609 -0.00177314 -0.00425607 -0.00661943 -0.00879637 -0.010813 -0.0126323 -0.0142166 -0.0155905 -0.0167302 -0.0176494 -0.0183325 -0.0188277 -0.0191302 -0.0192786 -0.0192726 -0.0191789 -0.0189905 -0.0187509 -0.0184828 -0.0182393 -0.0180222 -0.0178405 -0.0177636 -0.0177403 -0.0177827 -0.0178746 -0.017991 -0.0180548 -0.0180307 -0.0178223 -0.0174086 -0.0166902 -0.0156343 -0.0142972 -0.0126373 -0.0107562 -0.00870967 -0.00662674 -0.00461413 -0.00276696 -0.00120695 -3.03236e-05 0.000749791 0.0011529 0.00119858 0.000984608 0.000559304 5.68985e-05 -0.000490261 -0.00102442 -0.00145926 -0.00179009 -0.00197986 -0.00210225 -0.00215055 -0.00213181 -0.00206472 -0.00195879 -0.00185774 -0.00174614 -0.0016463 -0.0015528 -0.0014752 -0.00140567 -0.00133916 -0.00129403 -0.00125891 -0.00123466 -0.00119224 -0.00114718 
0 -9.50103e-05 -0.000197903 -0.000310637 -0.000356635 -0.000356841 -0.000311215 -0.000248286 -0.000152086 3.01207e-05 0.000255141 0.000527642 0.000804174 0.00111511 0.00148603 0.0018844 0.00234532 0.00285089 0.00344828 0.0041443 0.00493415 0.00585549 0.00685804 0.00788588 0.00883601 0.00962398 0.0101846 0.0103971 0.0101639 0.00943974 0.00823241 0.00659288 0.00461232 0.00244568 0.000270563 -0.00176879 -0.00355047 -0.0049413 -0.00584691 -0.00624928 -0.00614446 -0.0055621 -0.00456443 -0.00324982 -0.00172405 -4.6701e-05 0.00171588 0.00346888 0.00520982 0.00692259 0.00856007 0.0101403 0.0116413 0.0130786 0.0144366 0.0156948 0.0168745 0.0179601 0.0188927 0.019702 0.0203575 0.0208021 0.0210502 0.0210715 0.0208341 0.0203089 0.019499 0.0183712 0.0169202 0.0151482 0.0130877 0.0107143 0.00808545 0.00523 0.00217495 -0.00101641 -0.00427518 -0.00757163 -0.0108265 -0.0139833 -0.0170004 -0.0197976 -0.0223243 -0.024537 -0.0264001 -0.0278709 -0.0289348 -0.0295664 -0.0297686 -0.0295202 -0.0288802 -0.027854 -0.0264365 -0.0246642 -0.0226217 -0.0202842 -0.0177065 -0.0149307 -0.0119873 -0.00890245 -0.00574555 -0.00250716 0.000739223 0.00396953 0.00716491 0.0102804 0.0132452 0.0160962 0.0187713 0.0212178 0.0234094 0.0253411 0.0269559 0.0282424 0.0291508 0.0296768 0.0297985 0.0295123 0.0288184 0.0277296 0.0262406 0.0243941 0.0222166 0.0197425 0.0170254 0.0140926 0.0110002 0.00780499 0.00455227 0.00129612 -0.00188854 -0.00498977 -0.00793968 -0.010708 -0.0132553 -0.0155681 -0.0176129 -0.019384 -0.0208791 -0.0221251 -0.023088 -0.0238106 -0.0243305 -0.0246198 -0.0247376 -0.0247354 -0.0246122 -0.0244151 -0.024202 -0.0239816 -0.0238028 -0.02367 -0.0236286 -0.0236832 -0.0237969 -0.0239726 -0.0241705 -0.0242963 -0.024272 -0.0240264 -0.0234642 -0.0225069 -0.0211163 -0.0193116 -0.0171222 -0.0146092 -0.0118907 -0.00912143 -0.00643589 -0.00397132 -0.00189255 -0.000303139 0.000756239 0.00130551 0.00140859 0.0011283 0.000605363 -4.97347e-05 -0.000765583 -0.00144201 -0.00202998 -0.00244648 -0.00271287 -0.00287692 -0.00293684 -0.00293041 -0.00283789 -0.00271492 -0.00258139 -0.00243457 -0.00230459 -0.00217232 -0.00206587 -0.00196361 -0.00186954 -0.00180159 -0.00174679 -0.00170707 -0.00164637 -0.00158463 
0 -9.65807e-05 -0.000206311 -0.00031088 -0.000356841 -0.000341385 -0.000283667 -0.000206404 -8.17819e-05 0.000119621 0.00038947 0.000702632 0.00103318 0.00141544 0.00185476 0.00235897 0.00292572 0.00356807 0.00432825 0.00520062 0.00621513 0.00736418 0.00861992 0.00989752 0.0110697 0.0120515 0.0127299 0.0129826 0.0126873 0.0117864 0.0102908 0.00826913 0.00582755 0.00316805 0.000497984 -0.00200901 -0.00417173 -0.00586712 -0.00695487 -0.00741947 -0.00726472 -0.00651159 -0.00525362 -0.00360126 -0.00167674 0.000433289 0.0026312 0.00483529 0.00698954 0.00909392 0.0110952 0.0129893 0.0147792 0.0164644 0.0180266 0.019453 0.0207635 0.0219185 0.0229043 0.0237133 0.0243295 0.0247054 0.0248394 0.0246941 0.0242596 0.0234963 0.0224033 0.020979 0.0191932 0.0170554 0.0145979 0.0118116 0.00872937 0.00542509 0.00190733 -0.00175962 -0.00550665 -0.00927748 -0.0130217 -0.0166452 -0.0201008 -0.0233236 -0.0262665 -0.0288516 -0.03105 -0.0328147 -0.0341077 -0.034905 -0.035224 -0.0350282 -0.0343355 -0.0331731 -0.0315628 -0.0295317 -0.0271294 -0.0243643 -0.0213032 -0.0179935 -0.0144556 -0.0107425 -0.00692551 -0.00301479 0.000923219 0.00482889 0.00867576 0.0124213 0.0160017 0.0193992 0.0225526 0.0254302 0.0280098 0.0302417 0.0320693 0.0335004 0.0344909 0.0350189 0.0350765 0.0346699 0.0337806 0.0324428 0.030676 0.0285162 0.0259735 0.0231173 0.0199837 0.0166134 0.0130704 0.00943094 0.00570694 0.0019856 -0.00166943 -0.00523503 -0.00864702 -0.0118453 -0.0148239 -0.0175497 -0.0199857 -0.0221379 -0.0239926 -0.0255583 -0.026821 -0.0278202 -0.0285702 -0.0290885 -0.0294017 -0.029571 -0.0296049 -0.029551 -0.0294573 -0.0293692 -0.0293112 -0.0293055 -0.029407 -0.0295911 -0.0298454 -0.0301495 -0.0304536 -0.0306539 -0.0306642 -0.0303728 -0.0296938 -0.0285151 -0.0267915 -0.0245584 -0.0218257 -0.0187018 -0.0153164 -0.0118576 -0.00850219 -0.00542234 -0.00280846 -0.000799641 0.00056098 0.00129358 0.00145567 0.00116199 0.000540591 -0.000248898 -0.00111616 -0.00195758 -0.0026718 -0.00320555 -0.00354477 -0.00375071 -0.00383446 -0.00381512 -0.00370921 -0.00355099 -0.00337997 -0.00319777 -0.0030257 -0.0028631 -0.00272057 -0.00258779 -0.00246662 -0.00237203 -0.00229774 -0.00223645 -0.00215759 -0.00207703 
0 -8.722e-05 -0.000186205 -0.000276058 -0.000311215 -0.000283667 -0.0002139 -0.000116846 2.99534e-05 0.000255935 0.000559541 0.000912123 0.00129872 0.0017436 0.0022601 0.00285841 0.00353694 0.00431682 0.00523221 0.0062917 0.00751846 0.00890166 0.0104029 0.0119208 0.0133181 0.0144808 0.0152742 0.0155571 0.015195 0.0141217 0.0123513 0.00996419 0.00710081 0.00398497 0.0008572 -0.00206948 -0.00459083 -0.00654902 -0.0078031 -0.00831422 -0.00808863 -0.00716129 -0.00563653 -0.00364609 -0.00133055 0.00119555 0.00381633 0.00643616 0.00898747 0.0114467 0.0137678 0.0159314 0.0179411 0.0197912 0.0214695 0.0229695 0.0243033 0.0254431 0.0263766 0.0270923 0.0275737 0.0277858 0.0277168 0.027344 0.0266511 0.025612 0.0242229 0.0224858 0.0203823 0.0179291 0.0151506 0.012054 0.00866762 0.00505178 0.00122905 -0.00274093 -0.00679241 -0.0108656 -0.0149059 -0.0188306 -0.0225812 -0.0260931 -0.0293073 -0.0321554 -0.0345968 -0.0365856 -0.0380768 -0.039043 -0.0394765 -0.0393534 -0.0386796 -0.0374735 -0.0357461 -0.033529 -0.0308642 -0.0277801 -0.024331 -0.020573 -0.0165426 -0.0123034 -0.00792188 -0.00343946 0.00107948 0.00556624 0.00997781 0.0142536 0.018333 0.0221767 0.0257278 0.0289369 0.0317744 0.0341943 0.0361548 0.0376453 0.0386377 0.0391128 0.0390732 0.0385268 0.0374731 0.0359394 0.0339537 0.0315498 0.0287564 0.0256356 0.0222299 0.0185857 0.0147655 0.0108381 0.00683498 0.00283309 -0.00111095 -0.00496279 -0.0086712 -0.0121803 -0.0154758 -0.0185232 -0.0212899 -0.023769 -0.0259532 -0.0278381 -0.0294194 -0.0307228 -0.0317618 -0.0325564 -0.0331358 -0.0335529 -0.0338306 -0.0340142 -0.0341512 -0.0342893 -0.0344508 -0.0346674 -0.0349784 -0.0353696 -0.0358238 -0.0363113 -0.0367691 -0.037087 -0.0371565 -0.0368531 -0.0360681 -0.034685 -0.0326556 -0.0300023 -0.0267599 -0.0230442 -0.0190163 -0.014888 -0.0108717 -0.00718149 -0.00403266 -0.00158844 9.1353e-05 0.0010235 0.00127697 0.000984145 0.000298996 -0.000604694 -0.00160309 -0.00257722 -0.00341092 -0.00404165 -0.00445716 -0.00470545 -0.00481162 -0.00479268 -0.00467445 -0.00449346 -0.00428783 -0.00407223 -0.00386196 -0.00366477 -0.00348542 -0.003316 -0.00316176 -0.00303384 -0.00293095 -0.00284153 -0.00274114 -0.00264069 
0 -7.88626e-05 -0.000159886 -0.000234026 -0.000248286 -0.000206404 -0.000116846 1.28145e-05 0.000186261 0.000451583 0.000786687 0.00118296 0.00162911 0.00212863 0.00272733 0.00340534 0.00419664 0.00511016 0.00617048 0.00742233 0.00884639 0.0104654 0.0122016 0.0139492 0.0155739 0.0169086 0.017821 0.0181337 0.0177115 0.0164804 0.0144557 0.0117238 0.00847368 0.00493324 0.00137906 -0.00192477 -0.00477984 -0.00695692 -0.00835244 -0.00888702 -0.0085668 -0.00746076 -0.00566724 -0.00334698 -0.000657141 0.00225672 0.00527294 0.008257 0.0111639 0.0139175 0.0164906 0.0188601 0.0210112 0.0229442 0.0246532 0.0261358 0.0273856 0.0284166 0.0291857 0.0297097 0.0299622 0.0299244 0.0295763 0.028923 0.0279234 0.0265834 0.024902 0.0228628 0.0204842 0.0177804 0.0147647 0.0114566 0.00790425 0.00411537 0.000151169 -0.00394766 -0.00811983 -0.0123243 -0.0164736 -0.0205275 -0.0244116 -0.028064 -0.0314062 -0.0344051 -0.0369919 -0.0391222 -0.0407567 -0.0418697 -0.0424113 -0.0423768 -0.0417694 -0.0405856 -0.0388182 -0.0365016 -0.0336779 -0.0303836 -0.0266575 -0.0225615 -0.0181619 -0.0135186 -0.0086941 -0.00376179 0.0012077 0.00615307 0.0110082 0.0156951 0.0201477 0.0243177 0.0281526 0.0315803 0.0345575 0.0370625 0.0390701 0.040539 0.0414689 0.0418566 0.0417062 0.0410188 0.0398332 0.0381565 0.0360225 0.0334626 0.0305407 0.027279 0.0237465 0.0199887 0.016067 0.0120186 0.00792687 0.00381973 -0.000244145 -0.0042213 -0.00806979 -0.0117644 -0.0152525 -0.0185183 -0.0215395 -0.0242811 -0.0267507 -0.0289347 -0.0308311 -0.0324467 -0.0338163 -0.0349282 -0.0358415 -0.0365798 -0.0371829 -0.0376866 -0.0381493 -0.0385944 -0.0390659 -0.0395965 -0.0401924 -0.0408776 -0.041604 -0.0423438 -0.0430161 -0.0435095 -0.0436808 -0.0434164 -0.0425566 -0.0410037 -0.0387056 -0.0356491 -0.0319304 -0.0276421 -0.0229966 -0.0182223 -0.0135643 -0.00928102 -0.00561148 -0.00272926 -0.00072078 0.000425055 0.00080423 0.000534488 -0.000172892 -0.00116183 -0.00226397 -0.00333459 -0.00427559 -0.00498063 -0.00547054 -0.00575766 -0.00588109 -0.00587189 -0.00574136 -0.00554956 -0.00531562 -0.00507314 -0.0048346 -0.00460491 -0.00439378 -0.00418808 -0.00399907 -0.00383298 -0.00369049 -0.00356033 -0.00342547 -0.00329316 
0 -5.50671e-05 -0.000119358 -0.000149488 -0.000152086 -8.17819e-05 2.99534e-05 0.000186261 0.000412194 0.000698308 0.00108208 0.0015123 0.00200911 0.00257989 0.00322865 0.00400849 0.00489344 0.00594137 0.00716347 0.00858242 0.0102348 0.0120679 0.0140434 0.016023 0.0178543 0.0193756 0.0203928 0.0207405 0.0202682 0.0188956 0.016634 0.0135994 0.00998101 0.00605744 0.00211809 -0.00155347 -0.0046796 -0.00707201 -0.00857131 -0.00910674 -0.00869496 -0.00739736 -0.00535 -0.00272551 0.000312525 0.00358309 0.00692498 0.0102467 0.0134214 0.0164027 0.0191584 0.0216373 0.0238555 0.0257933 0.0274428 0.0288204 0.0299167 0.0307144 0.0312497 0.0314843 0.0314214 0.0310684 0.0303973 0.029401 0.0280843 0.0264417 0.0244638 0.0221798 0.0195849 0.0166975 0.0135301 0.0101283 0.00649018 0.00267737 -0.00128021 -0.00535138 -0.00949337 -0.0136346 -0.0177512 -0.0217642 -0.0256054 -0.0292355 -0.0325968 -0.0356166 -0.0382472 -0.0404462 -0.042156 -0.0433452 -0.0439884 -0.0440704 -0.0435343 -0.042387 -0.0406559 -0.0383516 -0.0354587 -0.032053 -0.0281785 -0.0238934 -0.0192547 -0.0143478 -0.00922895 -0.00399838 0.00129129 0.00654313 0.011678 0.0166278 0.0213417 0.0256987 0.0296564 0.0331798 0.0362253 0.0387279 0.0406813 0.0420754 0.0429183 0.0431961 0.042932 0.0421466 0.0408495 0.0390758 0.0368816 0.0342877 0.0313291 0.0280767 0.02456 0.0208382 0.016967 0.0129978 0.00895685 0.00491007 0.000879977 -0.00308129 -0.00694882 -0.0106709 -0.0142421 -0.0176213 -0.0207874 -0.0237277 -0.0264277 -0.0288594 -0.0310478 -0.0329889 -0.0346749 -0.036164 -0.0374505 -0.0385659 -0.0395618 -0.0404631 -0.0413029 -0.0421497 -0.0430063 -0.043923 -0.0449154 -0.0459585 -0.0470526 -0.048123 -0.0490793 -0.0498093 -0.0501604 -0.0499686 -0.0491009 -0.0474249 -0.0448836 -0.0414894 -0.0373032 -0.0324921 -0.027259 -0.0218643 -0.0165998 -0.0117487 -0.00756861 -0.00425905 -0.00191249 -0.000521608 -9.58141e-06 -0.000195506 -0.000911622 -0.00194732 -0.00311601 -0.00428342 -0.00528519 -0.00608009 -0.00662541 -0.00694741 -0.0070998 -0.00708086 -0.00696061 -0.00674843 -0.00649434 -0.00623216 -0.00595846 -0.00570694 -0.00545306 -0.00521261 -0.00498433 -0.00477121 -0.0045866 -0.00440415 -0.00423303 -0.00406365 
0 -1.59431e-05 -2.30352e-05 -1.58089e-05 3.01207e-05 0.000119621 0.000255935 0.000451583 0.000698308 0.00102532 0.00141849 0.00188384 0.00243211 0.00304576 0.00378174 0.00462951 0.00563694 0.00682475 0.00819872 0.00982963 0.0116819 0.0137645 0.0159734 0.0181765 0.0202317 0.0219117 0.0230396 0.0234115 0.0228849 0.0213794 0.0189103 0.015587 0.011662 0.00739287 0.00310501 -0.000863626 -0.00426816 -0.00682161 -0.00842935 -0.0089724 -0.008461 -0.00700347 -0.00472574 -0.001825 0.00150941 0.00506879 0.00870045 0.012248 0.0156456 0.0187731 0.0216195 0.0241475 0.0263389 0.0281835 0.0296938 0.0308825 0.03172 0.0322579 0.0324658 0.0323634 0.0319387 0.0312146 0.0301682 0.0288408 0.0271927 0.0252667 0.0230592 0.0205545 0.0178001 0.0148116 0.0115835 0.00816329 0.0045934 0.000844829 -0.00299819 -0.00691735 -0.0108713 -0.0148356 -0.0187266 -0.0225452 -0.0262202 -0.0297079 -0.0329191 -0.0358541 -0.0384257 -0.040592 -0.0423135 -0.0435614 -0.0442412 -0.0443713 -0.0439269 -0.0428829 -0.041218 -0.0389528 -0.0360997 -0.0327242 -0.0288329 -0.0244835 -0.0197718 -0.0147648 -0.00951246 -0.00414469 0.00127298 0.00666993 0.0119404 0.0169865 0.0217546 0.0261558 0.0301512 0.0336589 0.0366268 0.0390519 0.0409433 0.0422323 0.0429592 0.0431374 0.0427818 0.0419028 0.0405775 0.0387962 0.036612 0.0340552 0.0312112 0.0280755 0.0247235 0.0211928 0.0175254 0.0137262 0.00990302 0.00603978 0.00217431 -0.00163526 -0.00537686 -0.00904779 -0.0125756 -0.0159574 -0.0191908 -0.0222215 -0.0250712 -0.0277123 -0.0301584 -0.0323864 -0.034425 -0.03626 -0.0379448 -0.0394657 -0.0408863 -0.0422276 -0.0435331 -0.0448252 -0.0461497 -0.0475421 -0.0489739 -0.050484 -0.0520095 -0.0534914 -0.0548146 -0.0558594 -0.0564366 -0.0564039 -0.0555624 -0.0538191 -0.0511126 -0.0474049 -0.0428471 -0.0375536 -0.031792 -0.0258328 -0.0199906 -0.0145989 -0.00992804 -0.00618213 -0.00348731 -0.00184497 -0.00114578 -0.00125184 -0.001921 -0.00298535 -0.00421047 -0.0054237 -0.00651253 -0.00735746 -0.00797415 -0.00833487 -0.00849829 -0.00850088 -0.0083649 -0.00815003 -0.00786725 -0.00757059 -0.00726692 -0.00696578 -0.00667229 -0.00638347 -0.00611197 -0.00585562 -0.00561953 -0.00539501 -0.00518479 -0.00498629 
0 4.21641e-05 8.76657e-05 0.000169717 0.000255141 0.00038947 0.000559541 0.000786687 0.00108208 0.00141849 0.00184041 0.00232465 0.00290685 0.00358204 0.00436385 0.0053105 0.00642307 0.00776081 0.00932301 0.0111502 0.0132536 0.0155716 0.018026 0.0204586 0.0227097 0.0245569 0.0257755 0.0261703 0.0255963 0.0239737 0.0213101 0.0177499 0.0135324 0.00896568 0.00437918 0.000121177 -0.00348948 -0.00621281 -0.00790166 -0.00845391 -0.00788537 -0.0062998 -0.00385096 -0.000747905 0.00281969 0.00661313 0.0104405 0.0141834 0.0176986 0.0208964 0.0237527 0.0262191 0.028298 0.0299759 0.0312599 0.0321835 0.0327222 0.0328976 0.0327527 0.0322679 0.0314581 0.0303649 0.0289745 0.0273019 0.0253625 0.0231845 0.0207641 0.0181226 0.0152908 0.012273 0.00906996 0.00573967 0.00228275 -0.00127785 -0.00488884 -0.00854213 -0.0122144 -0.0158556 -0.0194442 -0.022944 -0.0263006 -0.0294937 -0.0324736 -0.0351993 -0.0376102 -0.039661 -0.0413039 -0.0424959 -0.0431852 -0.043369 -0.0429747 -0.041983 -0.040425 -0.0382948 -0.0355562 -0.0322869 -0.0285109 -0.0242701 -0.019644 -0.0147067 -0.00951201 -0.00419436 0.00118283 0.00652396 0.0117154 0.0166865 0.021385 0.0256743 0.029525 0.0329131 0.0357792 0.0380807 0.0398326 0.041011 0.0416462 0.0417478 0.0413394 0.0404522 0.0391285 0.0374004 0.0353329 0.0329487 0.0302927 0.0274057 0.0243174 0.0210737 0.0177098 0.0142407 0.0107116 0.00714412 0.00354736 -2.18516e-05 -0.00355388 -0.00703247 -0.0104295 -0.0137264 -0.0169213 -0.0199914 -0.0229251 -0.0256984 -0.0283368 -0.0308143 -0.0331238 -0.0353118 -0.037369 -0.0392944 -0.0411551 -0.04296 -0.0447354 -0.046535 -0.0483741 -0.0502899 -0.0522667 -0.0542865 -0.0563291 -0.058285 -0.0600318 -0.0614476 -0.0623328 -0.0625036 -0.0617852 -0.0600547 -0.0572416 -0.0533362 -0.0484474 -0.0427644 -0.0365357 -0.0300636 -0.0237072 -0.0178121 -0.0126738 -0.00851127 -0.00546348 -0.00354085 -0.00265333 -0.00261966 -0.0032412 -0.0043023 -0.00555708 -0.00683571 -0.00797004 -0.00889613 -0.00956244 -0.00995672 -0.0101406 -0.010128 -0.00999334 -0.00974808 -0.00943794 -0.00910811 -0.00875692 -0.00841963 -0.00807116 -0.00774187 -0.00742835 -0.00712445 -0.00684489 -0.00656771 -0.00632285 -0.0060897 
0 0.000107075 0.00022903 0.000377611 0.000527642 0.000702632 0.000912123 0.00118296 0.0015123 0.00188384 0.00232465 0.00284289 0.00347163 0.00420375 0.00506401 0.00609624 0.00733477 0.0088253 0.0105703 0.0126152 0.014949 0.0175159 0.020208 0.0228636 0.0253153 0.0273151 0.0286253 0.0290407 0.0284189 0.0266872 0.023859 0.0200827 0.015629 0.0108062 0.00596269 0.0014711 -0.00234481 -0.00521575 -0.00700454 -0.00759944 -0.0070099 -0.00535682 -0.00280452 0.000432784 0.00414209 0.00806936 0.0120149 0.0158328 0.0193916 0.0225764 0.0253583 0.0276998 0.0295896 0.0310175 0.0320112 0.0326056 0.0327839 0.0325953 0.0320701 0.0312107 0.0300349 0.0285892 0.0268738 0.0249207 0.0227379 0.0203701 0.0178186 0.0150906 0.0122342 0.00925929 0.00616051 0.0029912 -0.000236471 -0.00353358 -0.00684308 -0.0101535 -0.0134476 -0.0166976 -0.019868 -0.0229548 -0.025921 -0.0287411 -0.0313618 -0.0337746 -0.0359176 -0.0377469 -0.0392275 -0.0403131 -0.0409265 -0.0410743 -0.04071 -0.0398025 -0.0383542 -0.0363602 -0.0338061 -0.0307579 -0.0272167 -0.0232153 -0.0188415 -0.0141586 -0.00921753 -0.00415454 0.000963117 0.00605292 0.010993 0.0157009 0.020131 0.0241778 0.0278106 0.030984 0.0336437 0.0357809 0.0374117 0.0384891 0.0390499 0.0391189 0.0387159 0.0378757 0.0366643 0.0350943 0.0332205 0.0310775 0.028718 0.0261544 0.0234259 0.0205627 0.0175822 0.0144902 0.0113499 0.00815399 0.00491218 0.00167542 -0.00156065 -0.00479731 -0.00798788 -0.0111279 -0.0142235 -0.0172401 -0.0201787 -0.0230223 -0.0257851 -0.0284383 -0.0309835 -0.0334441 -0.035829 -0.0381271 -0.040403 -0.0426697 -0.0449443 -0.0472625 -0.0496506 -0.0521272 -0.0546616 -0.0572494 -0.0598415 -0.062324 -0.0645586 -0.0664061 -0.0676533 -0.0681038 -0.0675645 -0.0659197 -0.0630913 -0.0590584 -0.0539561 -0.0479693 -0.0413698 -0.0344779 -0.027674 -0.0213378 -0.0157757 -0.0112222 -0.00783756 -0.00564372 -0.00454695 -0.00437607 -0.0049157 -0.00595075 -0.00721466 -0.00851316 -0.00969336 -0.0106646 -0.0113802 -0.0118079 -0.0120012 -0.0119964 -0.0118494 -0.0115896 -0.0112523 -0.0108852 -0.0104955 -0.0101043 -0.00970584 -0.0093243 -0.00896345 -0.00861322 -0.00827934 -0.00795746 -0.00767128 -0.00740717 
0 0.000168942 0.000365101 0.000581925 0.000804174 0.00103318 0.00129872 0.00162911 0.00200911 0.00243211 0.00290685 0.00347163 0.0041567 0.00495612 0.00590155 0.00702703 0.00839826 0.0100481 0.0119863 0.0142535 0.0168202 0.0196325 0.0225557 0.0254282 0.0280695 0.0302156 0.0316168 0.0320582 0.0314013 0.0295777 0.0266082 0.0226439 0.0179757 0.0129178 0.00783452 0.00311825 -0.000898946 -0.00392833 -0.00583425 -0.00650548 -0.00594798 -0.00429376 -0.00171716 0.00156537 0.00532257 0.00929097 0.013263 0.0170669 0.0205775 0.0236641 0.0262904 0.0284331 0.0300724 0.0312072 0.0318765 0.0321163 0.0319211 0.0313578 0.0304545 0.0292392 0.0277345 0.0259893 0.0240156 0.0218464 0.0194903 0.0169975 0.0143795 0.0116395 0.00883244 0.00596614 0.00303806 8.85421e-05 -0.00285722 -0.00582335 -0.00875866 -0.0116585 -0.0145133 -0.0173148 -0.0200207 -0.0226377 -0.0251395 -0.0275059 -0.0296951 -0.0317102 -0.0334936 -0.0350043 -0.0362184 -0.0370965 -0.0375707 -0.0376383 -0.0372596 -0.0364011 -0.0350667 -0.0332474 -0.0309331 -0.0281687 -0.0249609 -0.021336 -0.0173745 -0.0131245 -0.00863921 -0.00403497 0.000615237 0.00524142 0.00973175 0.0140149 0.0180378 0.0217143 0.0250121 0.0278965 0.0303156 0.0322656 0.033755 0.0347481 0.0352805 0.0353828 0.035067 0.0343647 0.0333434 0.0320149 0.0304256 0.0286105 0.0266137 0.0244332 0.022114 0.0196775 0.0171354 0.0144863 0.011788 0.00901421 0.00617788 0.00331648 0.000425857 -0.00250769 -0.00543455 -0.00836165 -0.0112959 -0.0142007 -0.0170748 -0.01991 -0.0227109 -0.0254548 -0.0281557 -0.0308222 -0.033474 -0.0360965 -0.0387441 -0.0414326 -0.0441754 -0.046994 -0.0499248 -0.0529666 -0.0560799 -0.0592605 -0.0624326 -0.065477 -0.0682409 -0.0705674 -0.0722335 -0.0730282 -0.0727445 -0.0712656 -0.0685035 -0.0644341 -0.0592069 -0.0530096 -0.0461337 -0.0389173 -0.0317606 -0.0250654 -0.0191491 -0.0142588 -0.0105698 -0.00811816 -0.00681045 -0.00648936 -0.006931 -0.00791695 -0.00917037 -0.0104736 -0.0116875 -0.0126977 -0.0134566 -0.0139182 -0.0141221 -0.0141247 -0.0139653 -0.0136894 -0.0133264 -0.0129234 -0.0124968 -0.0120543 -0.0116092 -0.0111786 -0.010771 -0.0103731 -0.00998156 -0.00960954 -0.00927459 -0.00897065 
0 0.000248836 0.000518231 0.000826974 0.00111511 0.00141544 0.0017436 0.00212863 0.00257989 0.00304576 0.00358204 0.00420375 0.00495612 0.00585394 0.00688305 0.00813994 0.00965036 0.0114752 0.0136317 0.0161128 0.0189327 0.0219759 0.0251293 0.0282162 0.0310275 0.0333148 0.0347935 0.0352545 0.0345616 0.0326522 0.0295446 0.0254231 0.0205447 0.0152695 0.00995959 0.00499789 0.000780728 -0.00245723 -0.00451716 -0.00531759 -0.004865 -0.00327992 -0.000756186 0.00248042 0.00619359 0.0101162 0.0140038 0.0177223 0.0210852 0.0240043 0.0264199 0.0283092 0.0296619 0.0304904 0.0308232 0.030709 0.030178 0.0292538 0.028028 0.0265026 0.024723 0.0227358 0.0205815 0.0182521 0.0158105 0.0132736 0.0106526 0.00797946 0.0052867 0.00257859 -0.00012833 -0.00279592 -0.00543717 -0.00802353 -0.0105492 -0.0130033 -0.0153973 -0.0176938 -0.0199138 -0.022025 -0.0240219 -0.0258777 -0.0275979 -0.0291358 -0.0304791 -0.0315927 -0.0324617 -0.0330318 -0.0332969 -0.033232 -0.0327947 -0.0319511 -0.0307311 -0.029111 -0.0270746 -0.0246484 -0.0218645 -0.0187387 -0.015327 -0.0116732 -0.0078351 -0.00388727 0.000105231 0.00407567 0.00793472 0.0116397 0.0151319 0.0183305 0.0211974 0.0237322 0.0258821 0.0276267 0.0289677 0.0299202 0.0304801 0.0306781 0.0305262 0.0300668 0.0293094 0.0283051 0.0270753 0.0256571 0.0240548 0.0223194 0.0204458 0.0184697 0.016391 0.0142319 0.0119816 0.00966451 0.00726534 0.00480408 0.00228146 -0.000299015 -0.00293268 -0.00560137 -0.0083023 -0.0110409 -0.0137773 -0.0165282 -0.019294 -0.0220659 -0.0248303 -0.0276466 -0.0304797 -0.033356 -0.0363117 -0.0393614 -0.042512 -0.0457994 -0.049234 -0.0528087 -0.0565068 -0.0602621 -0.0640354 -0.0676599 -0.0709825 -0.0738231 -0.0759554 -0.0771303 -0.0771674 -0.0759159 -0.0732816 -0.0692809 -0.0640048 -0.0577126 -0.0506639 -0.043227 -0.0358285 -0.0288607 -0.0226685 -0.0175074 -0.0135578 -0.01087 -0.00937479 -0.00889101 -0.00924266 -0.0101626 -0.0113884 -0.0127036 -0.0139259 -0.0149927 -0.0157877 -0.0162934 -0.0165314 -0.0165362 -0.0163897 -0.0160917 -0.0157107 -0.015276 -0.0148 -0.0143133 -0.0138062 -0.0133267 -0.0128662 -0.0124118 -0.0119696 -0.0115407 -0.0111656 -0.0108209 
0 0.000334493 0.000711364 0.00109163 0.00148603 0.00185476 0.0022601 0.00272733 0.00322865 0.00378174 0.00436385 0.00506401 0.00590155 0.00688305 0.00805202 0.00943059 0.0111247 0.0131476 0.0155271 0.0182695 0.021324 0.0246222 0.0279972 0.0312832 0.0342573 0.0366521 0.0381857 0.038647 0.0378971 0.0358805 0.0326478 0.028342 0.023278 0.0177741 0.0122204 0.00702888 0.00254899 -0.00091199 -0.00318999 -0.00418997 -0.00391149 -0.00248295 -0.00010873 0.00300633 0.00658071 0.0103573 0.0141129 0.0176347 0.0208092 0.0235028 0.025659 0.0272758 0.0283338 0.0288433 0.0288697 0.0284384 0.0275913 0.0264014 0.0248977 0.0231385 0.0211623 0.0190104 0.0167197 0.0143336 0.011864 0.00935151 0.0068205 0.00427483 0.00174521 -0.00073868 -0.00317439 -0.00554865 -0.00782285 -0.010022 -0.0121338 -0.0141379 -0.0160378 -0.0178509 -0.0195387 -0.0211182 -0.0225913 -0.0239308 -0.0251081 -0.0261348 -0.0269838 -0.027634 -0.028081 -0.028316 -0.0282984 -0.0280139 -0.0274727 -0.026659 -0.0255355 -0.024097 -0.0223696 -0.0203609 -0.0180761 -0.0155402 -0.0127998 -0.00988797 -0.00684618 -0.00372031 -0.000559633 0.00260015 0.00570164 0.00868348 0.0115023 0.0141379 0.016542 0.0186619 0.0204853 0.0220263 0.0232721 0.0242029 0.0248383 0.0251996 0.0252874 0.0251145 0.0247237 0.0241105 0.0232864 0.0222943 0.0211634 0.0198797 0.0184893 0.0169979 0.0153959 0.0136956 0.0119248 0.0100495 0.00808528 0.00604137 0.00390524 0.00167482 -0.000619496 -0.00298541 -0.00542736 -0.00791881 -0.010469 -0.0130822 -0.0157489 -0.0184668 -0.0212581 -0.0241102 -0.0270586 -0.0301082 -0.033278 -0.0366106 -0.0401078 -0.0437799 -0.0476659 -0.0517383 -0.0559525 -0.0602913 -0.0646255 -0.0688283 -0.0727178 -0.0760771 -0.0786845 -0.0802848 -0.0806689 -0.0797004 -0.0772816 -0.0734009 -0.0682083 -0.0618987 -0.0547903 -0.0472508 -0.0396967 -0.0325625 -0.0261713 -0.0208074 -0.0166518 -0.0137712 -0.0120964 -0.0114898 -0.011741 -0.0126089 -0.0138247 -0.015136 -0.0164161 -0.01752 -0.0183849 -0.0189532 -0.0192233 -0.0192743 -0.019115 -0.0188216 -0.0184152 -0.0179402 -0.0174339 -0.0168795 -0.0163342 -0.0157952 -0.0152831 -0.0147829 -0.0142748 -0.013809 -0.0133791 -0.0129986 
0 0.000442769 0.000909525 0.00140584 0.0018844 0.00235897 0.00285841 0.00340534 0.00400849 0.00462951 0.0053105 0.00609624 0.00702703 0.00813994 0.00943059 0.0109881 0.0128626 0.0151035 0.0177415 0.0207304 0.0240576 0.0275914 0.0311863 0.0346595 0.0377571 0.0402279 0.0417796 0.0422001 0.0413652 0.0392243 0.0358242 0.0313512 0.026059 0.02032 0.0145158 0.00903969 0.00430159 0.000547862 -0.00199253 -0.00325274 -0.00323787 -0.0020601 8.11717e-05 0.00296005 0.00631058 0.00987982 0.0134056 0.0167232 0.0196469 0.0220917 0.0239844 0.0253164 0.0260808 0.0263214 0.0260704 0.0253719 0.0243053 0.0228822 0.0211971 0.0192806 0.0171862 0.014952 0.0126416 0.0102419 0.0078328 0.00541246 0.00300707 0.000656694 -0.00163251 -0.00385448 -0.00598164 -0.00800707 -0.00994082 -0.0117384 -0.0134209 -0.0149715 -0.0164116 -0.0177083 -0.0188987 -0.0199502 -0.0208684 -0.0216301 -0.0222789 -0.0227547 -0.0230793 -0.0232419 -0.0232421 -0.0230519 -0.0227255 -0.0222258 -0.0215485 -0.0206788 -0.0196426 -0.0184299 -0.0170479 -0.0154709 -0.0137505 -0.0119022 -0.00993456 -0.00786308 -0.00573367 -0.00353546 -0.00131281 0.000907321 0.00310966 0.00528441 0.00736937 0.00934682 0.0111777 0.0128721 0.0144005 0.0157373 0.0168618 0.0178261 0.0185858 0.0191517 0.0195244 0.0197166 0.0196926 0.019514 0.0191618 0.0186598 0.0179947 0.0172164 0.0163013 0.0152827 0.0141514 0.0129341 0.0115863 0.0101464 0.00860267 0.00694789 0.00519579 0.00335641 0.00140251 -0.000644579 -0.00277619 -0.00502459 -0.00734193 -0.00976105 -0.0122723 -0.0148857 -0.0175965 -0.020451 -0.0234188 -0.0265577 -0.0298698 -0.0333883 -0.0371344 -0.0411289 -0.0453822 -0.0498725 -0.0545781 -0.0594041 -0.064272 -0.0689992 -0.0734095 -0.0772688 -0.0803449 -0.0823647 -0.0831386 -0.0824931 -0.0803284 -0.0766754 -0.0716099 -0.065401 -0.0583248 -0.0507743 -0.0431879 -0.0359659 -0.0294725 -0.0239852 -0.0196857 -0.0166578 -0.0148576 -0.0141376 -0.0143344 -0.0151648 -0.0163834 -0.0177459 -0.0190702 -0.0202674 -0.021201 -0.0218475 -0.0221901 -0.0222665 -0.0221444 -0.0218414 -0.0214302 -0.0209349 -0.0203831 -0.0198013 -0.0192007 -0.0186251 -0.018065 -0.0175091 -0.0169612 -0.0164361 -0.0159698 -0.015542 
0 0.00055919 0.00114979 0.00174428 0.00234532 0.00292572 0.00353694 0.00419664 0.00489344 0.00563694 0.00642307 0.00733477 0.00839826 0.00965036 0.0111247 0.0128626 0.0149567 0.0174304 0.020316 0.0235702 0.0271351 0.0308965 0.0346817 0.0383039 0.0414927 0.0439929 0.0455138 0.0458567 0.0448916 0.0425772 0.0389946 0.0342981 0.0287779 0.0227745 0.0166888 0.010928 0.00586432 0.0017868 -0.00108936 -0.00268953 -0.00301596 -0.00217028 -0.000356307 0.00222406 0.00527356 0.0085549 0.0118249 0.0148666 0.0175394 0.0197358 0.021384 0.022475 0.0230066 0.0230126 0.0225528 0.0216547 0.0204123 0.0188679 0.0170767 0.0150953 0.0129763 0.0107504 0.00846633 0.00615902 0.00386926 0.00160698 -0.000594614 -0.00270706 -0.00474316 -0.00666541 -0.00846059 -0.0101381 -0.0116827 -0.0130805 -0.014358 -0.0154822 -0.01646 -0.0172858 -0.0179582 -0.0184751 -0.0188502 -0.0190682 -0.0191437 -0.0190618 -0.0188466 -0.0185078 -0.0180447 -0.0174725 -0.0168123 -0.0160392 -0.0151999 -0.0143199 -0.0133657 -0.0123495 -0.0113163 -0.0102435 -0.00914367 -0.00803085 -0.0068869 -0.00572579 -0.00456628 -0.00337345 -0.00215908 -0.000932208 0.000325679 0.00159218 0.00284996 0.00413493 0.00540581 0.00662368 0.0078101 0.00895765 0.0100254 0.0110221 0.0119204 0.012708 0.0133853 0.0139416 0.0143577 0.0146429 0.0147706 0.014761 0.0146139 0.0143297 0.0139111 0.0133671 0.012682 0.0118885 0.0109697 0.00993653 0.00879664 0.00753791 0.00615548 0.00467152 0.0030632 0.0013415 -0.00048859 -0.00243964 -0.00450876 -0.00670443 -0.00901936 -0.0114694 -0.0140666 -0.0168172 -0.0197439 -0.0228957 -0.0262636 -0.0299056 -0.0338343 -0.0380608 -0.0426003 -0.0474275 -0.0525029 -0.0577596 -0.0630585 -0.0682485 -0.0731289 -0.0774328 -0.0809381 -0.0833626 -0.0845033 -0.0841889 -0.0823223 -0.0789183 -0.0740817 -0.0680327 -0.0610874 -0.053633 -0.046091 -0.0388901 -0.0323744 -0.0268481 -0.0224837 -0.0193763 -0.0174975 -0.0167252 -0.0168847 -0.01771 -0.0189604 -0.0203771 -0.0218007 -0.0230897 -0.0241399 -0.0248987 -0.0253322 -0.0254961 -0.0254124 -0.0251502 -0.0247498 -0.0242456 -0.0236819 -0.0230603 -0.0224366 -0.0218182 -0.0212168 -0.020623 -0.0200261 -0.019471 -0.0189583 -0.0184952 
0 0.000691033 0.00140582 0.00212355 0.00285089 0.00356807 0.00431682 0.00511016 0.00594137 0.00682475 0.00776081 0.0088253 0.0100481 0.0114752 0.0131476 0.0151035 0.0174304 0.0201494 0.0232895 0.0267969 0.0305897 0.0345444 0.0384783 0.0421952 0.0454124 0.0478731 0.0493035 0.0495074 0.0483636 0.045836 0.0420206 0.0370749 0.0312778 0.0249721 0.0185634 0.0124616 0.0070328 0.00257438 -0.00069124 -0.00268434 -0.00341241 -0.00296644 -0.00153387 0.000679693 0.00338431 0.0063495 0.00933556 0.012116 0.014546 0.0165178 0.0179618 0.0188577 0.0192105 0.0190662 0.0184734 0.0174629 0.0161361 0.0145341 0.0127115 0.0107367 0.00866353 0.00652612 0.00436462 0.00221257 0.000109155 -0.00194409 -0.0039119 -0.00575539 -0.00749551 -0.00910275 -0.0105583 -0.0118809 -0.0130596 -0.0140701 -0.0149328 -0.0156289 -0.0161613 -0.0165197 -0.0167074 -0.0167191 -0.0165523 -0.0162135 -0.0157397 -0.0151166 -0.0143789 -0.0135561 -0.0126438 -0.0116738 -0.010699 -0.0097019 -0.00872278 -0.00780257 -0.00693642 -0.006159 -0.0055054 -0.00493624 -0.0044702 -0.00411923 -0.00383286 -0.00360148 -0.00342497 -0.00324313 -0.00305492 -0.00285296 -0.00257635 -0.00221897 -0.00179089 -0.0012412 -0.000582001 0.000171184 0.00103733 0.00198089 0.00295855 0.00399034 0.00503024 0.00604276 0.00702824 0.00795465 0.00878523 0.00953487 0.0101663 0.0106641 0.0110203 0.0112292 0.0112823 0.0111904 0.01095 0.0105811 0.0100631 0.00941689 0.00865327 0.00775395 0.00672756 0.00559399 0.00431532 0.00290686 0.00137905 -0.000288333 -0.00208823 -0.00402369 -0.00610019 -0.00833932 -0.0107611 -0.0133723 -0.0162021 -0.0193034 -0.0226652 -0.0263431 -0.0303661 -0.0347404 -0.0394741 -0.0445489 -0.0499186 -0.0555016 -0.0611502 -0.0667117 -0.0719727 -0.0766563 -0.0805305 -0.0833184 -0.0848044 -0.084808 -0.0832379 -0.0801096 -0.0755224 -0.0696922 -0.0629439 -0.0556624 -0.0482636 -0.0411655 -0.0347203 -0.0292309 -0.0248662 -0.0217338 -0.0198223 -0.0190316 -0.01919 -0.0200427 -0.021359 -0.022882 -0.0244405 -0.0258785 -0.0270881 -0.0280054 -0.0285842 -0.0288656 -0.028873 -0.0286784 -0.0283237 -0.0278433 -0.0272831 -0.0266578 -0.0260212 -0.0253838 -0.0247561 -0.0241336 -0.0235129 -0.0229302 -0.0223886 -0.0218927 
0 0.000853582 0.0017099 0.0025836 0.00344828 0.00432825 0.00523221 0.00617048 0.00716347 0.00819872 0.00932301 0.0105703 0.0119863 0.0136317 0.0155271 0.0177415 0.020316 0.0232895 0.0266813 0.0304158 0.0344062 0.0384997 0.042522 0.0462613 0.0494311 0.0517713 0.0530342 0.0530213 0.0516273 0.0488272 0.0447145 0.0394819 0.0333635 0.0267254 0.0199646 0.0134782 0.00764843 0.00275359 -0.000957081 -0.00339881 -0.00457759 -0.00457553 -0.0035485 -0.00172579 0.000626993 0.00327864 0.00597801 0.00852367 0.0107367 0.0125309 0.0138325 0.0146074 0.0148574 0.0146481 0.0139995 0.0129583 0.0116349 0.0100547 0.008291 0.00640109 0.00444318 0.0024481 0.00046606 -0.00148945 -0.00335571 -0.00515116 -0.00684607 -0.00840026 -0.00983319 -0.0111313 -0.0122591 -0.0132272 -0.0140472 -0.0146779 -0.015139 -0.0154193 -0.0155227 -0.0154121 -0.0151225 -0.0146409 -0.013967 -0.0131091 -0.0121287 -0.0109935 -0.009765 -0.00848775 -0.00717481 -0.00585049 -0.0045964 -0.00340418 -0.00233003 -0.00141817 -0.000685923 -0.000165295 0.000104333 0.000164875 -4.28497e-06 -0.000393068 -0.000936993 -0.00160814 -0.00239305 -0.00320162 -0.0040116 -0.00479358 -0.00547161 -0.00600618 -0.00638831 -0.00654982 -0.00649436 -0.00621615 -0.00570167 -0.00498435 -0.004113 -0.00306443 -0.00191637 -0.000706395 0.000559667 0.00184449 0.00307211 0.00426635 0.00536715 0.00634434 0.00717732 0.00787629 0.00839278 0.00874669 0.00893646 0.00897853 0.00884257 0.00857684 0.008174 0.00761189 0.00691541 0.00610206 0.0051289 0.00402403 0.00280524 0.00142535 -8.88821e-05 -0.00175437 -0.00357997 -0.00559297 -0.0078018 -0.0102408 -0.0129208 -0.0159146 -0.0192155 -0.022865 -0.0269134 -0.0313607 -0.0362027 -0.041432 -0.0470107 -0.0528178 -0.0587357 -0.0645796 -0.0701323 -0.0751137 -0.0792714 -0.0823443 -0.0841101 -0.0843822 -0.0830781 -0.0802284 -0.0758991 -0.070333 -0.0638319 -0.0567825 -0.0495983 -0.042663 -0.0363584 -0.0309638 -0.0266556 -0.0235482 -0.021651 -0.0208773 -0.0210695 -0.0219801 -0.0233915 -0.0250654 -0.0267939 -0.0284399 -0.0298619 -0.0309996 -0.0317959 -0.0322507 -0.032424 -0.0323483 -0.032093 -0.0316829 -0.0311556 -0.0305672 -0.0299352 -0.0293049 -0.02867 -0.0280355 -0.0274208 -0.0268239 -0.0262779 -0.0257628 
