0 0 0 0 0 0 0 0 0 0 0 0 0 0 0 0 0 0 0 0 0 0 0 0 0 0 0 0 0 0 0 0 0 0 0 0 0 0 0 0 0 0 0 0 0 0 0 0 0 0 0 0 0 0 0 0 0 0 0 0 0 0 0 0 0 0 0 0 0 0 0 0 0 0 0 0 0 0 0 0 0 0 0 0 0 0 0 0 0 0 0 0 0 0 0 0 0 0 0 0 0 0 0 0 0 0 0 0 0 0 0 0 0 0 0 0 0 0 0 0 0 0 0 0 0 0 0 0 0 0 0 0 0 0 0 0 0 0 0 0 0 0 0 0 0 0 0 0 0 0 0 0 0 0 0 0 0 0 0 0 0 0 0 0 0 0 0 0 0 0 0 0 0 0 0 0 0 0 0 0 0 0 0 0 0 0 0 0 0 0 0 0 0 0 0 0 0 0 0 0 
0 -3.02659e-05 -4.93009e-05 -7.08659e-05 -8.38476e-05 -9.78542e-05 -0.000104112 -9.13247e-05 -7.58487e-05 -4.80989e-05 -1.92641e-05 2.41798e-05 9.02024e-05 0.000156158 0.000230748 0.000303619 0.000394083 0.000505337 0.000620244 0.000753778 0.000906621 0.00109358 0.001313 0.00155192 0.00180814 0.00206492 0.00228623 0.00245904 0.00255598 0.00255651 0.00244652 0.00219149 0.00183223 0.00136855 0.000834219 0.000274195 -0.000282999 -0.000777856 -0.00120448 -0.00152499 -0.00172197 -0.00178821 -0.00174288 -0.00158348 -0.00133302 -0.00101753 -0.000653858 -0.000266624 0.000147065 0.000555 0.000964217 0.00136287 0.00176292 0.00213671 0.00250818 0.00287747 0.00322895 0.00357924 0.00392569 0.00426067 0.00457954 0.0048892 0.00516213 0.00541653 0.00561212 0.00576086 0.00584135 0.0058394 0.00574629 0.00557489 0.00529387 0.0049196 0.00445627 0.00388921 0.00323155 0.00249572 0.00169019 0.000816002 -9.3957e-05 -0.00103623 -0.00198844 -0.00293537 -0.00382631 -0.00467145 -0.00543339 -0.00609706 -0.00664512 -0.00708611 -0.00737606 -0.00754079 -0.00757163 -0.00747957 -0.00725083 -0.00690066 -0.00642093 -0.00585227 -0.00517096 -0.00439378 -0.003539 -0.00263004 -0.00165652 -0.000671071 0.000332257 0.0013321 0.00230666 0.00322314 0.00409624 0.00489172 0.0056173 0.00624029 0.00676111 0.00717554 0.00749302 0.0076671 0.00772533 0.00765231 0.007446 0.0071018 0.00665185 0.00606979 0.00538447 0.00460827 0.0037703 0.00286871 0.00194333 0.00100609 6.77452e-05 -0.000856326 -0.00173075 -0.0025641 -0.00334409 -0.00403866 -0.00466816 -0.00521721 -0.0056711 -0.00603297 -0.00631698 -0.00649677 -0.00660989 -0.00664315 -0.00662156 -0.00654451 -0.0064295 -0.00628381 -0.0061289 -0.00595788 -0.00579562 -0.00565381 -0.00552043 -0.00541828 -0.00534541 -0.0053094 -0.00529107 -0.00531496 -0.0053511 -0.00539264 -0.00541619 -0.00540256 -0.00532756 -0.00516114 -0.00489173 -0.00451865 -0.00404415 -0.00346374 -0.00283479 -0.00216085 -0.00149326 -0.000864323 -0.000310122 0.00011689 0.000427969 0.000600611 0.000645746 0.000589754 0.000460819 0.000288628 9.48742e-05 -0.000103424 -0.000269033 -0.000393094 -0.000482209 -0.000528045 -0.000552986 -0.000547072 -0.000531943 -0.000512345 -0.000475926 -0.00044589 -0.000414143 -0.000398734 -0.00038806 -0.000370662 -0.000366856 -0.000370393 -0.000390632 -0.000407606 -0.000411363 -0.000418847 -0.000422704 -0.000430506 
0 -4.93009e-05 -0.000101147 -0.000122643 -0.000165505 -0.000180621 -0.000191758 -0.000176501 -0.00012819 -9.20655e-05 -2.07107e-05 5.92943e-05 0.000183294 0.000323978 0.000455882 0.00061294 0.000786942 0.00100881 0.00124477 0.00150752 0.00181647 0.00218805 0.00262031 0.00309333 0.00360578 0.0041057 0.00456302 0.0049032 0.00510682 0.0051256 0.00489446 0.00441333 0.00368157 0.00276118 0.00169768 0.000565761 -0.000537837 -0.00153272 -0.00238568 -0.00302418 -0.00341406 -0.0035597 -0.0034491 -0.00314072 -0.00262785 -0.0019773 -0.00125352 -0.000454614 0.000370655 0.00118474 0.001998 0.0027946 0.00356999 0.00433264 0.00506204 0.00579303 0.00650089 0.00717857 0.00785444 0.00850964 0.00912301 0.00970593 0.0102429 0.0106939 0.0110532 0.0113122 0.0114374 0.0114035 0.0112261 0.0108648 0.0103029 0.00956712 0.00863862 0.00751591 0.0062389 0.00480077 0.00320976 0.00151661 -0.00026642 -0.00210301 -0.00394236 -0.00574965 -0.00749661 -0.0091329 -0.0106142 -0.0119038 -0.0129893 -0.0138297 -0.0144165 -0.0147663 -0.0148462 -0.0146361 -0.014197 -0.0135269 -0.0126006 -0.0114576 -0.0101221 -0.00859824 -0.00693304 -0.00514156 -0.00324462 -0.00130165 0.000661424 0.00261738 0.00450649 0.00632653 0.00805135 0.0096088 0.0110001 0.0122432 0.0132781 0.0140852 0.0146711 0.0150173 0.0151116 0.0149582 0.0145457 0.013883 0.0129715 0.0118414 0.0105219 0.00902847 0.00739406 0.00566592 0.00385977 0.00202977 0.000214037 -0.0015739 -0.00329164 -0.0049138 -0.00643499 -0.00781494 -0.00903672 -0.0101081 -0.0110043 -0.0117264 -0.0122856 -0.0126892 -0.012928 -0.0130288 -0.0130211 -0.0129009 -0.0126942 -0.0124535 -0.0121651 -0.0118492 -0.01156 -0.0112765 -0.0110318 -0.0108416 -0.0107099 -0.0106519 -0.0106503 -0.0106948 -0.0107943 -0.0108768 -0.0109147 -0.0108934 -0.0107223 -0.0103845 -0.00983922 -0.00908491 -0.00812499 -0.00697442 -0.00569599 -0.00436084 -0.00302231 -0.00175842 -0.000671631 0.000199933 0.000805369 0.00115664 0.00125329 0.00114128 0.000896795 0.000558506 0.00017616 -0.000213115 -0.000542006 -0.000800935 -0.000973054 -0.00108478 -0.00113232 -0.00112487 -0.00110582 -0.00104663 -0.000989773 -0.000909415 -0.000846965 -0.000816594 -0.00077516 -0.000758265 -0.000728573 -0.000744464 -0.000780272 -0.000802028 -0.000828027 -0.000824983 -0.000853616 -0.000865866 
0 -7.08659e-05 -0.000122643 -0.000173605 -0.000208903 -0.000244081 -0.000259801 -0.000229795 -0.00018477 -0.000111259 -2.48246e-05 0.00010239 0.000290027 0.000487031 0.000703996 0.000926831 0.00119722 0.00152672 0.00187565 0.00227492 0.00273402 0.00328731 0.00393306 0.00463927 0.00539581 0.00615346 0.00681903 0.00734116 0.00764355 0.00766149 0.00734157 0.00660593 0.00554066 0.00416756 0.00258116 0.000908327 -0.000749511 -0.00223577 -0.00350841 -0.00446402 -0.00504771 -0.00523962 -0.00508174 -0.0045839 -0.00380662 -0.00282967 -0.001714 -0.000524823 0.000723743 0.00195365 0.00317292 0.00435625 0.00552722 0.00663087 0.00771626 0.00878866 0.00981119 0.0108137 0.011791 0.012719 0.0135815 0.0143896 0.0150849 0.0156977 0.0161469 0.0164561 0.0165785 0.0164806 0.016145 0.0155899 0.0147463 0.0136465 0.0122958 0.0106645 0.00878636 0.00669388 0.00441419 0.00196433 -0.000577471 -0.00319011 -0.00581727 -0.00841647 -0.0108758 -0.0132056 -0.0153207 -0.0171779 -0.0187339 -0.019991 -0.0208491 -0.0213529 -0.0214757 -0.0212329 -0.0206023 -0.0196148 -0.0182575 -0.0166254 -0.0146815 -0.0124677 -0.0100376 -0.00744969 -0.00469498 -0.00189534 0.000949783 0.00378597 0.00655106 0.00916928 0.0116587 0.0139323 0.0159937 0.017769 0.0192439 0.0204027 0.0212601 0.0217183 0.0218336 0.0215812 0.0209605 0.0199727 0.0186904 0.0170688 0.0151748 0.013042 0.0107351 0.00826032 0.00570579 0.00310736 0.000498213 -0.0020774 -0.00453364 -0.00687583 -0.0090698 -0.0110405 -0.012825 -0.0143922 -0.0157095 -0.0167863 -0.0176546 -0.0182634 -0.0186878 -0.0189054 -0.0189679 -0.0188737 -0.0186611 -0.0183546 -0.0179997 -0.0175915 -0.0171959 -0.0168434 -0.0165196 -0.0162809 -0.0161288 -0.0160787 -0.016089 -0.0162013 -0.0163463 -0.0164873 -0.0165588 -0.016505 -0.0162518 -0.0157228 -0.0148859 -0.0137396 -0.0122926 -0.0105514 -0.00865611 -0.00664524 -0.00465095 -0.00277448 -0.00112711 0.0001601 0.00109261 0.00162278 0.00177801 0.00163301 0.00127226 0.000780031 0.000220151 -0.00035195 -0.000839579 -0.00121593 -0.00148932 -0.00164738 -0.00173449 -0.00173525 -0.00170065 -0.00163973 -0.00153452 -0.00143388 -0.00133347 -0.00127311 -0.00122396 -0.00116412 -0.00113433 -0.00113242 -0.00117406 -0.00121312 -0.00122738 -0.00125137 -0.00127808 -0.00130995 
0 -8.38476e-05 -0.000165505 -0.000208903 -0.000269521 -0.000299403 -0.000311868 -0.000278981 -0.00019773 -0.000114659 1.73598e-05 0.000182258 0.000418208 0.000685005 0.000952981 0.00125875 0.0016105 0.00204372 0.00251659 0.0030481 0.0036681 0.00440759 0.00526304 0.00620186 0.007208 0.00819658 0.00909131 0.00977154 0.0101723 0.010201 0.00975128 0.00879948 0.00736784 0.00555435 0.00346305 0.00124449 -0.000925642 -0.00288589 -0.00455085 -0.0057936 -0.00654319 -0.00679352 -0.00654507 -0.00587781 -0.00481969 -0.00348749 -0.00199241 -0.000372328 0.00129592 0.00294106 0.0045619 0.00613631 0.00765787 0.00912699 0.010531 0.0119079 0.0132227 0.0144707 0.0156762 0.0168116 0.0178448 0.0187839 0.0196014 0.0202529 0.0207181 0.0209911 0.0210276 0.0207913 0.0202963 0.0194964 0.0183602 0.0169168 0.0151494 0.0130517 0.0106789 0.00803793 0.00515447 0.00209796 -0.00108789 -0.00434647 -0.00760134 -0.0107946 -0.0138681 -0.0167598 -0.019396 -0.0217166 -0.0236899 -0.0252552 -0.026374 -0.0270561 -0.0272506 -0.026928 -0.0261506 -0.0249226 -0.0232237 -0.0211192 -0.0186467 -0.0158329 -0.0127558 -0.00945516 -0.00597054 -0.00239976 0.0012101 0.00480728 0.00830058 0.0116597 0.0148376 0.0177264 0.0203096 0.0225804 0.0244554 0.0259018 0.0269228 0.0274835 0.0275821 0.0272291 0.0264199 0.0251756 0.023522 0.0214959 0.0191476 0.0165097 0.0136354 0.0105844 0.00740048 0.00415886 0.000919755 -0.00228073 -0.00536803 -0.00830432 -0.0110646 -0.0135859 -0.0158486 -0.0178558 -0.019572 -0.0210025 -0.0221656 -0.0230614 -0.0236907 -0.0240831 -0.0242764 -0.0242689 -0.0241008 -0.0238372 -0.0234795 -0.0230591 -0.0226568 -0.0222675 -0.0219352 -0.0216948 -0.0215612 -0.0215506 -0.0216365 -0.0218068 -0.0220431 -0.0222407 -0.0223343 -0.022272 -0.0219161 -0.0212118 -0.0200965 -0.0185657 -0.0166297 -0.0143272 -0.0117806 -0.00911404 -0.00644997 -0.00393945 -0.00175987 -1.16765e-05 0.00122796 0.00195847 0.00219292 0.00202046 0.00157252 0.000937687 0.000210912 -0.000528889 -0.0011684 -0.00167561 -0.00203129 -0.00226165 -0.00237388 -0.00238343 -0.00234958 -0.00225164 -0.00213404 -0.00198725 -0.00186519 -0.00179087 -0.00171266 -0.0016577 -0.0015987 -0.00160166 -0.00163999 -0.00166732 -0.00169315 -0.00169348 -0.00173405 -0.00175616 
0 -9.78542e-05 -0.000180621 -0.000244081 -0.000299403 -0.00033699 -0.000341566 -0.000291561 -0.000200606 -7.98961e-05 7.76751e-05 0.00029042 0.000577775 0.000897345 0.00123759 0.00160999 0.00205058 0.00258047 0.00316804 0.00383616 0.0046154 0.00554159 0.00661366 0.00779156 0.00904039 0.0102736 0.0113679 0.0122098 0.0126887 0.0126967 0.012133 0.0109353 0.00917154 0.00692947 0.00435365 0.00163517 -0.00102969 -0.00343477 -0.00546106 -0.00696769 -0.00786559 -0.00813105 -0.00779992 -0.00692577 -0.00558978 -0.00391809 -0.00202591 -1.98242e-07 0.0020912 0.00415998 0.00618528 0.00814048 0.0100251 0.011805 0.0135028 0.0151323 0.016662 0.0181042 0.0194626 0.0207101 0.021824 0.0228049 0.0236114 0.0242353 0.0246248 0.024782 0.0246645 0.0242367 0.0234913 0.0224221 0.0209833 0.019199 0.0170713 0.0145874 0.0117866 0.00870466 0.00537848 0.00185461 -0.00179215 -0.00551095 -0.00923239 -0.01289 -0.0163858 -0.0196852 -0.0227033 -0.0253759 -0.0276524 -0.029492 -0.0308105 -0.031613 -0.031861 -0.0315422 -0.0306575 -0.0292223 -0.0272393 -0.0247926 -0.0218942 -0.0185947 -0.0149745 -0.0111028 -0.00701691 -0.00283384 0.00140418 0.00562788 0.00974502 0.0136787 0.0173957 0.0207946 0.0238401 0.0264671 0.0286246 0.0302865 0.0314504 0.0320538 0.0321281 0.0316755 0.0307034 0.0292369 0.0273363 0.0250036 0.0223025 0.0192836 0.0160109 0.0125258 0.00890828 0.00521865 0.00150977 -0.00215927 -0.0057034 -0.00909743 -0.0122992 -0.0152395 -0.0179231 -0.0203271 -0.0224159 -0.0241937 -0.0256799 -0.026849 -0.0277401 -0.0283591 -0.0287461 -0.0289092 -0.0288892 -0.0287323 -0.0284748 -0.02814 -0.0278025 -0.0274938 -0.0272299 -0.027064 -0.0270131 -0.0270877 -0.0272595 -0.0275355 -0.0278542 -0.0281317 -0.028276 -0.0281964 -0.0277674 -0.0268871 -0.0254973 -0.023587 -0.0211705 -0.0182987 -0.0151315 -0.0117973 -0.00847398 -0.00534428 -0.0026014 -0.000407823 0.00117813 0.00211987 0.00245105 0.00228205 0.00175258 0.000992325 0.000111915 -0.000782579 -0.00156412 -0.00218184 -0.00262643 -0.0029051 -0.00304921 -0.0030722 -0.00302882 -0.00292913 -0.00278303 -0.00262491 -0.00248441 -0.00239032 -0.00230885 -0.0022271 -0.00216486 -0.0021473 -0.00217005 -0.00218885 -0.00218774 -0.00218564 -0.00220317 -0.00221673 
0 -0.000104112 -0.000191758 -0.000259801 -0.000311868 -0.000341566 -0.000330402 -0.000263918 -0.000150355 6.94128e-08 0.000190583 0.00044471 0.00077134 0.00114074 0.00153922 0.00198064 0.00250388 0.00312533 0.00382992 0.00463496 0.00557793 0.00669401 0.00798097 0.00939816 0.0108897 0.0123553 0.0136529 0.0146466 0.015202 0.0151916 0.0145034 0.0130796 0.0109845 0.00833161 0.00529493 0.00209677 -0.00102691 -0.00384802 -0.00620352 -0.00794222 -0.00896208 -0.00923436 -0.00879796 -0.00771762 -0.00609713 -0.00407668 -0.00179132 0.000648753 0.00315476 0.0056351 0.00804762 0.0103646 0.0125714 0.01464 0.0165826 0.0184041 0.0200842 0.0216291 0.0230413 0.0243032 0.0253961 0.0263143 0.0270274 0.0275164 0.0277429 0.0276986 0.0273503 0.0266694 0.0256482 0.0242783 0.0225335 0.0204302 0.0179791 0.0151814 0.0120723 0.00868756 0.00506461 0.00125039 -0.00268505 -0.00668463 -0.0106795 -0.0145994 -0.0183594 -0.0219066 -0.025159 -0.0280475 -0.0305157 -0.0325124 -0.0339684 -0.0348637 -0.0351571 -0.0348285 -0.0338789 -0.0323196 -0.0301607 -0.027464 -0.024265 -0.0206225 -0.0166174 -0.0123225 -0.00779907 -0.00315224 0.00155034 0.00623057 0.0107958 0.0151647 0.0192739 0.0230283 0.0263748 0.0292525 0.031606 0.0334027 0.0346316 0.0352582 0.0353027 0.0347768 0.0336947 0.0320861 0.0300055 0.0274783 0.0245639 0.0213186 0.017804 0.0140706 0.0101951 0.00624058 0.00226326 -0.00167715 -0.0055101 -0.00920284 -0.0127102 -0.0159753 -0.0189853 -0.0217163 -0.0241365 -0.0262433 -0.0280451 -0.0295258 -0.0307074 -0.0316039 -0.0322454 -0.0326491 -0.0328562 -0.0329108 -0.0328503 -0.032707 -0.0325436 -0.0323982 -0.032295 -0.0322815 -0.0323835 -0.0326061 -0.0329308 -0.0333489 -0.0337945 -0.034175 -0.034384 -0.0343071 -0.0338085 -0.0327682 -0.031118 -0.0288389 -0.0259491 -0.0225242 -0.0187303 -0.0147375 -0.0107538 -0.00700126 -0.00370448 -0.00104694 0.000886891 0.00205947 0.00251297 0.00237021 0.00178968 0.000925046 -8.99918e-05 -0.001122 -0.00203828 -0.00276904 -0.00329904 -0.00363614 -0.00381028 -0.00385038 -0.00380336 -0.00369245 -0.00352965 -0.00335281 -0.00319681 -0.00308171 -0.00298452 -0.00288601 -0.00280794 -0.00277207 -0.0027714 -0.00276872 -0.00274525 -0.00272209 -0.0027147 -0.00270435 
0 -9.13247e-05 -0.000176501 -0.000229795 -0.000278981 -0.000291561 -0.000263918 -0.000186585 -4.63698e-05 0.000121142 0.000346982 0.000635279 0.000992873 0.00141252 0.0018622 0.00237913 0.00298276 0.00369385 0.00451725 0.00545951 0.00656907 0.00787559 0.00937376 0.0110263 0.0127567 0.0144402 0.0159393 0.0170737 0.017703 0.0176788 0.0168651 0.0152424 0.0128334 0.00980125 0.00633852 0.00268985 -0.000857011 -0.00406836 -0.00672789 -0.00867487 -0.00979485 -0.0100649 -0.00950179 -0.00821214 -0.00630196 -0.00392965 -0.00126242 0.00158734 0.00448808 0.00735611 0.0101248 0.0127676 0.0152383 0.017547 0.0196651 0.0216043 0.0233627 0.0249243 0.0263014 0.0274856 0.0284592 0.0292086 0.0297379 0.0299886 0.0299712 0.0296514 0.0290113 0.0280287 0.0267126 0.0250288 0.0229945 0.0206155 0.0178999 0.0148711 0.0115648 0.0080073 0.0042311 0.000301565 -0.00374472 -0.00784074 -0.0119229 -0.0159116 -0.0197663 -0.0233877 -0.0267164 -0.0296772 -0.032221 -0.0342596 -0.0357726 -0.0367029 -0.037019 -0.0366758 -0.0357015 -0.034086 -0.0318542 -0.0290229 -0.0256704 -0.0218424 -0.0176226 -0.0130725 -0.00829577 -0.00336103 0.00162305 0.00657829 0.0114009 0.0160292 0.0203539 0.0243014 0.0277919 0.0307991 0.0332458 0.0351032 0.0363437 0.0369874 0.0370084 0.0364433 0.0353085 0.0336475 0.0314793 0.0288839 0.0258968 0.0225812 0.0189881 0.0151968 0.0112486 0.00721763 0.0031616 -0.0008685 -0.00482826 -0.00866142 -0.0123311 -0.0158077 -0.0190382 -0.0220157 -0.0247113 -0.0271118 -0.0292042 -0.0310105 -0.0324999 -0.0337189 -0.0346751 -0.0353926 -0.0359044 -0.0362636 -0.0364849 -0.0366257 -0.0367346 -0.0368378 -0.0369928 -0.037221 -0.0375597 -0.0380076 -0.0385637 -0.0391777 -0.0398096 -0.0403336 -0.0406377 -0.0405917 -0.040033 -0.0388467 -0.0369455 -0.0343059 -0.0309526 -0.0269968 -0.0225867 -0.01796 -0.0133319 -0.00896738 -0.00513124 -0.00199646 0.000291055 0.00171884 0.00232552 0.00223879 0.00164217 0.000700238 -0.000424239 -0.00157193 -0.00260999 -0.0034519 -0.00406315 -0.00446827 -0.00467548 -0.00474074 -0.00470128 -0.00457673 -0.00441076 -0.00421042 -0.00403809 -0.00389483 -0.00376232 -0.00364578 -0.00353231 -0.00347108 -0.00343453 -0.00339699 -0.00335645 -0.00330254 -0.00327729 -0.00324034 
0 -7.58487e-05 -0.00012819 -0.00018477 -0.00019773 -0.000200606 -0.000150355 -4.63698e-05 9.53019e-05 0.000301155 0.000542138 0.000868321 0.00125857 0.00171101 0.00222881 0.00280864 0.00350014 0.00430129 0.00524072 0.0063283 0.00760837 0.00910291 0.0108138 0.0126976 0.0146485 0.0165572 0.0182255 0.0195072 0.0202011 0.0201467 0.0192396 0.0174056 0.0147314 0.0113476 0.00749264 0.00344937 -0.000490468 -0.00405368 -0.00698248 -0.00911328 -0.0103212 -0.0105534 -0.00988022 -0.00835501 -0.0061628 -0.00345943 -0.000406514 0.00281283 0.00608133 0.00930001 0.0123771 0.0152745 0.0179661 0.020411 0.0226359 0.0246101 0.026346 0.02785 0.0291099 0.0301191 0.030885 0.0313883 0.031612 0.0315654 0.0312222 0.0305656 0.0295912 0.0282969 0.0266504 0.0246855 0.0224011 0.0197955 0.0169026 0.0137484 0.0103341 0.00672064 0.00294742 -0.000963231 -0.00494749 -0.00895601 -0.0129482 -0.0168574 -0.0206021 -0.0241288 -0.027373 -0.0302678 -0.0327364 -0.0347416 -0.0362158 -0.0370997 -0.0373815 -0.037063 -0.0360856 -0.0344591 -0.0322254 -0.029412 -0.0260471 -0.0222009 -0.0179286 -0.0133253 -0.00847819 -0.00347305 0.00159653 0.00662476 0.0115299 0.0161926 0.0205384 0.0245164 0.0280419 0.0310233 0.0334559 0.0353126 0.03656 0.0371874 0.0372155 0.0366516 0.0355291 0.0338838 0.0317737 0.029229 0.0263022 0.0230675 0.0195796 0.0158804 0.0120481 0.0081224 0.00413814 0.000168006 -0.00375315 -0.00759167 -0.0112957 -0.0148342 -0.0181949 -0.021326 -0.0242184 -0.0268535 -0.0292198 -0.031303 -0.0331275 -0.0346881 -0.0359952 -0.0370825 -0.0379709 -0.038679 -0.0392647 -0.0397665 -0.0402073 -0.0406678 -0.0411557 -0.0417185 -0.0423847 -0.043147 -0.0439974 -0.0449056 -0.0457667 -0.046498 -0.0469543 -0.0469556 -0.0463856 -0.0450689 -0.0429407 -0.0399672 -0.0361835 -0.0317145 -0.0267429 -0.021496 -0.0162571 -0.0113127 -0.00692135 -0.00333478 -0.000656624 0.00104135 0.00182989 0.00184612 0.00125694 0.000277241 -0.0009267 -0.00216561 -0.00330769 -0.00424337 -0.00494525 -0.00540528 -0.005661 -0.00575881 -0.00572053 -0.00561074 -0.00542135 -0.00522154 -0.00502409 -0.00483892 -0.00468437 -0.00451389 -0.00438545 -0.00427379 -0.00419388 -0.0041286 -0.00403929 -0.0039778 -0.00390334 -0.0038431 
0 -4.80989e-05 -9.20655e-05 -0.000111259 -0.000114659 -7.98961e-05 6.94128e-08 0.000121142 0.000301155 0.000522593 0.000810343 0.0011675 0.00158313 0.00208039 0.00263874 0.00329264 0.00405816 0.00494741 0.00600875 0.0072456 0.00870169 0.0103965 0.0123153 0.0144245 0.0166038 0.0187025 0.0205609 0.0219601 0.0227177 0.0226501 0.0216194 0.0196241 0.0166778 0.0129802 0.00877813 0.00436882 9.51029e-05 -0.00377002 -0.00693055 -0.0092045 -0.0104638 -0.0106775 -0.00985985 -0.00814169 -0.0056802 -0.00265554 0.000726929 0.00429879 0.00788452 0.0113881 0.0147058 0.0177982 0.0205954 0.0231319 0.0253619 0.0272811 0.0289228 0.030262 0.0313044 0.0320646 0.032539 0.0327085 0.0326052 0.0321727 0.0314621 0.030432 0.0290983 0.0274691 0.0255556 0.0233297 0.0208481 0.0180994 0.0151001 0.0118964 0.00851215 0.0049705 0.00129855 -0.00244085 -0.0062356 -0.0100274 -0.0137666 -0.0173861 -0.020891 -0.0241633 -0.027169 -0.0298443 -0.0321352 -0.033948 -0.0353022 -0.036106 -0.0363442 -0.0359719 -0.0350102 -0.0334469 -0.0313216 -0.0285903 -0.0253499 -0.0216429 -0.017525 -0.0130502 -0.00835301 -0.00346641 0.00146163 0.00634089 0.011084 0.0156282 0.01983 0.0236602 0.0270274 0.0299213 0.0322803 0.0340734 0.0352578 0.0359021 0.035949 0.0354418 0.0344112 0.0328995 0.030906 0.0285498 0.0258428 0.0228424 0.0195882 0.0161576 0.0125616 0.00886584 0.00511736 0.00135363 -0.00241484 -0.00612097 -0.00973361 -0.0132563 -0.0166113 -0.0197961 -0.0228037 -0.0256071 -0.0281738 -0.0305466 -0.0326597 -0.0345592 -0.036227 -0.0376911 -0.0389696 -0.0400959 -0.041084 -0.0420055 -0.0428736 -0.0437278 -0.044643 -0.045615 -0.0466857 -0.0478454 -0.0490938 -0.0503406 -0.0515288 -0.0525175 -0.0531646 -0.0532927 -0.0527336 -0.0513547 -0.0490521 -0.0457943 -0.0416279 -0.0367076 -0.0311888 -0.0253779 -0.0195498 -0.0140317 -0.00913141 -0.00505773 -0.00201149 -1.1674e-05 0.000992336 0.00112868 0.000599947 -0.000394311 -0.00164284 -0.00294503 -0.00417041 -0.00519494 -0.00596512 -0.00649394 -0.00678529 -0.00691193 -0.00689013 -0.00676351 -0.00658526 -0.00636359 -0.0061544 -0.0059444 -0.00574346 -0.00556298 -0.00538614 -0.00524351 -0.00511196 -0.00498894 -0.00487488 -0.00475185 -0.00464413 -0.00452931 
0 -1.92641e-05 -2.07107e-05 -2.48246e-05 1.73598e-05 7.76751e-05 0.000190583 0.000346982 0.000542138 0.000810343 0.00112707 0.00152444 0.00197582 0.00250387 0.00312235 0.00383626 0.00467939 0.00565651 0.00683297 0.00822126 0.00985997 0.0117509 0.0138893 0.0162285 0.0186247 0.0209388 0.0229531 0.0244827 0.0252905 0.0251856 0.0240667 0.0218873 0.018724 0.0147457 0.0102365 0.00552594 0.00095527 -0.00317064 -0.00652432 -0.00892037 -0.0102276 -0.0103892 -0.00947033 -0.00755578 -0.00487064 -0.00159522 0.00207141 0.00590464 0.00973753 0.0134612 0.0169533 0.0201539 0.0230187 0.0255281 0.0276902 0.0294705 0.0309134 0.0320195 0.0327841 0.0332155 0.0333402 0.0331417 0.0326282 0.0318165 0.0307237 0.0293286 0.0276579 0.0257418 0.0235523 0.021132 0.0185145 0.0156882 0.0126831 0.00954408 0.00625729 0.002877 -0.000563775 -0.00403841 -0.00751456 -0.0109484 -0.014315 -0.0175643 -0.020658 -0.0235304 -0.0261557 -0.0284877 -0.0304557 -0.0320248 -0.0331659 -0.0337959 -0.0339218 -0.0335515 -0.0326216 -0.0311335 -0.0291398 -0.0266282 -0.0236349 -0.0202151 -0.0163951 -0.0122609 -0.00791375 -0.00340076 0.00117091 0.00569327 0.0101011 0.014286 0.0181648 0.0217244 0.0248723 0.0275345 0.0297258 0.0314202 0.0325712 0.0332055 0.0333174 0.0329165 0.0320474 0.030745 0.0290371 0.0269778 0.0245932 0.0219437 0.0190662 0.0160011 0.0127876 0.00945746 0.0060333 0.00257645 -0.000909726 -0.00437967 -0.00779656 -0.0111595 -0.0144426 -0.0175984 -0.020641 -0.0235384 -0.0262607 -0.028816 -0.0311968 -0.0333927 -0.0353965 -0.0372404 -0.0389245 -0.0404593 -0.0418931 -0.0432753 -0.0446007 -0.0459512 -0.0473464 -0.0488087 -0.0503582 -0.051983 -0.0536708 -0.0553475 -0.0569008 -0.0582251 -0.0591458 -0.0594436 -0.0589891 -0.0575948 -0.055178 -0.0516969 -0.0472097 -0.0418799 -0.0358958 -0.0295527 -0.0231885 -0.0171459 -0.0117264 -0.007212 -0.00376365 -0.00145971 -0.000224858 7.21289e-05 -0.00038917 -0.00135994 -0.00262873 -0.00397003 -0.00525113 -0.00633637 -0.00716975 -0.00774016 -0.00807416 -0.00822807 -0.00821193 -0.00809991 -0.00790893 -0.00769546 -0.00746689 -0.0072234 -0.00700095 -0.00677243 -0.00657527 -0.00637321 -0.00618196 -0.00600941 -0.00582993 -0.00567436 -0.00549791 -0.00533648 
0 2.41798e-05 5.92943e-05 0.00010239 0.000182258 0.00029042 0.00044471 0.000635279 0.000868321 0.0011675 0.00152444 0.00195294 0.00243269 0.00299303 0.00365487 0.00443217 0.005349 0.00642013 0.00772075 0.00927346 0.0111022 0.0132065 0.0155665 0.0181342 0.0207562 0.0232641 0.0254506 0.0270932 0.0279553 0.0278325 0.0266181 0.0242947 0.0209236 0.0166985 0.0119192 0.00693443 0.00210588 -0.00224004 -0.00576542 -0.00826291 -0.00960656 -0.0097508 -0.00873991 -0.00669618 -0.00383917 -0.000367146 0.00350038 0.00753098 0.0115338 0.0153849 0.0189628 0.0221946 0.0250223 0.0274519 0.0294645 0.0310372 0.032221 0.0330164 0.0334276 0.0334854 0.0332178 0.032623 0.0317249 0.0305298 0.0290771 0.0273509 0.025385 0.0232195 0.0208485 0.018293 0.0156041 0.0127751 0.00982973 0.00681608 0.00373822 0.000622957 -0.00250621 -0.00561387 -0.00868532 -0.0116836 -0.0145718 -0.0173139 -0.0199084 -0.0222832 -0.0244208 -0.0262941 -0.0278486 -0.0290471 -0.0298981 -0.0303279 -0.0303299 -0.0298945 -0.0289947 -0.0276359 -0.0258523 -0.0236062 -0.0209542 -0.0179486 -0.0146083 -0.0109922 -0.00719675 -0.00324923 0.000741914 0.00468927 0.00854821 0.0122401 0.015663 0.0188039 0.0215907 0.0239841 0.0259735 0.0275244 0.0286032 0.0292605 0.0294694 0.0292432 0.0286227 0.0276265 0.0262613 0.0246019 0.0226574 0.0204599 0.018043 0.0154469 0.012686 0.00979936 0.00681564 0.00376517 0.000645371 -0.00249659 -0.00563777 -0.00878675 -0.0118962 -0.0149418 -0.0179381 -0.0208496 -0.0236441 -0.0263405 -0.0289044 -0.031335 -0.0336236 -0.0357946 -0.0378525 -0.0398056 -0.041688 -0.0435487 -0.045378 -0.0472338 -0.0491592 -0.0511526 -0.0532312 -0.0553859 -0.0575901 -0.0597478 -0.0617511 -0.0634691 -0.0647163 -0.0652707 -0.0649724 -0.063651 -0.0611969 -0.0575691 -0.0528378 -0.0471723 -0.0407728 -0.0339666 -0.0271141 -0.020583 -0.0147021 -0.00975114 -0.00593258 -0.00331207 -0.00182605 -0.00135355 -0.00170193 -0.00262744 -0.0038854 -0.00524789 -0.00657333 -0.00771636 -0.00860693 -0.00922907 -0.00960262 -0.00978013 -0.00977448 -0.00965291 -0.00945772 -0.0092271 -0.00897246 -0.00869289 -0.00842406 -0.00816488 -0.00792168 -0.00767084 -0.00741761 -0.00718135 -0.00695633 -0.00674258 -0.00651703 -0.00629987 
0 9.02024e-05 0.000183294 0.000290027 0.000418208 0.000577775 0.00077134 0.000992873 0.00125857 0.00158313 0.00197582 0.00243269 0.00294318 0.00354037 0.00425413 0.00510533 0.00610696 0.00728722 0.00872233 0.0104489 0.0124769 0.0148007 0.0173888 0.0201835 0.0230276 0.025724 0.0280699 0.0298152 0.0307226 0.030583 0.029288 0.0268428 0.0233021 0.0188753 0.0138707 0.00865236 0.00359515 -0.000952318 -0.00464624 -0.00725734 -0.00866017 -0.008818 -0.00776213 -0.00564542 -0.00268323 0.000905591 0.00488669 0.00902213 0.0131037 0.0169947 0.020573 0.0237524 0.0264679 0.0287353 0.0305239 0.031828 0.0326985 0.0331467 0.0331851 0.032855 0.0321904 0.0312042 0.0299327 0.0283897 0.0266261 0.0246332 0.0224468 0.0201048 0.0176177 0.0149999 0.012311 0.00955337 0.0067464 0.00393175 0.00112328 -0.00166439 -0.00440905 -0.00707525 -0.00966112 -0.0121414 -0.0144842 -0.0166619 -0.0186802 -0.0204763 -0.0220481 -0.0233847 -0.0244541 -0.0252272 -0.0257232 -0.0258872 -0.0257237 -0.0252222 -0.0243638 -0.023145 -0.0215985 -0.019694 -0.0174837 -0.0150026 -0.0122692 -0.00932845 -0.00625953 -0.00306984 0.000159374 0.00336651 0.00651329 0.00954547 0.0123799 0.0150076 0.0173609 0.01941 0.0211419 0.0225349 0.0235599 0.0242608 0.0246047 0.024604 0.0242892 0.0236707 0.022737 0.0215489 0.0201044 0.0184231 0.0165353 0.0144767 0.0122457 0.00987456 0.00738861 0.00480099 0.002112 -0.000637535 -0.00343625 -0.00629693 -0.00916954 -0.0120414 -0.0149171 -0.0177626 -0.0205453 -0.0232893 -0.0259568 -0.0285507 -0.0310636 -0.0335118 -0.0358968 -0.0382265 -0.0405276 -0.042843 -0.0451687 -0.0475422 -0.0500146 -0.052569 -0.0552137 -0.0579386 -0.0607034 -0.0633962 -0.0659075 -0.0680827 -0.0697211 -0.0705969 -0.0705213 -0.0693365 -0.066913 -0.0632154 -0.0583235 -0.0524099 -0.0456906 -0.0385133 -0.0312581 -0.024311 -0.0180226 -0.0126758 -0.00850345 -0.0055669 -0.00381979 -0.00315053 -0.00336264 -0.0042157 -0.00543915 -0.00680613 -0.00815947 -0.00935081 -0.0102941 -0.0109678 -0.0113857 -0.0115893 -0.0115987 -0.0114707 -0.0112682 -0.0110143 -0.010722 -0.0103937 -0.0100644 -0.00975728 -0.00945329 -0.00914099 -0.00881921 -0.00851707 -0.00824696 -0.00798304 -0.00771922 -0.0074603 
0 0.000156158 0.000323978 0.000487031 0.000685005 0.000897345 0.00114074 0.00141252 0.00171101 0.00208039 0.00250387 0.00299303 0.00354037 0.00417567 0.00495557 0.0058853 0.00698538 0.00829199 0.00987682 0.0117888 0.0140338 0.0165803 0.0194054 0.0224244 0.0254722 0.0283602 0.0308351 0.0326808 0.0336236 0.03346 0.0321108 0.0295432 0.0258693 0.0212688 0.0160682 0.0106501 0.00538657 0.00065016 -0.00320808 -0.00595183 -0.00745701 -0.00766354 -0.00664739 -0.00452221 -0.00153731 0.00207869 0.00609679 0.0102451 0.0143173 0.0181615 0.0216505 0.0246784 0.027221 0.0292377 0.0307509 0.0317469 0.0322672 0.032353 0.0320238 0.031312 0.0302773 0.02895 0.0273371 0.0255158 0.0234972 0.0213041 0.0189693 0.0165442 0.0140092 0.0114274 0.00882022 0.00620344 0.00360265 0.00105988 -0.00142999 -0.00383661 -0.00613267 -0.00831693 -0.0103692 -0.0122734 -0.0140138 -0.0155922 -0.0169713 -0.0181489 -0.0191173 -0.0198827 -0.020409 -0.0207318 -0.0208317 -0.0206958 -0.0203235 -0.0197528 -0.018928 -0.0178667 -0.0165808 -0.0150922 -0.0133953 -0.0115374 -0.00951317 -0.00737997 -0.00515461 -0.00286768 -0.00053249 0.00179568 0.00411264 0.00634826 0.00849008 0.0105108 0.0123741 0.0140145 0.0154659 0.0166951 0.0176884 0.0184349 0.0189567 0.0192215 0.0192527 0.0190406 0.0185992 0.0179152 0.0170132 0.0158987 0.0145923 0.0130979 0.0114431 0.00962839 0.00766556 0.00557734 0.00336117 0.00103427 -0.00138784 -0.00389524 -0.00648716 -0.009114 -0.0117931 -0.0144947 -0.0172018 -0.0198975 -0.0226063 -0.0252794 -0.0279342 -0.0305861 -0.0332267 -0.0358573 -0.038526 -0.0412432 -0.0440118 -0.04689 -0.0498762 -0.0529927 -0.0562164 -0.0595349 -0.0628851 -0.0661643 -0.0692135 -0.0718936 -0.0739736 -0.0752092 -0.0754317 -0.0744413 -0.0721318 -0.0684583 -0.0635058 -0.0574428 -0.0505202 -0.0430675 -0.0355093 -0.0282374 -0.0215973 -0.0159291 -0.0114224 -0.00819296 -0.00618962 -0.00530353 -0.00537157 -0.00612021 -0.0072931 -0.00865138 -0.010021 -0.0112556 -0.012255 -0.0129779 -0.0134467 -0.0136754 -0.0136929 -0.0135675 -0.0133388 -0.0130647 -0.0127228 -0.0123362 -0.011955 -0.0115793 -0.0112286 -0.0108453 -0.0104582 -0.0100996 -0.00976476 -0.00946508 -0.0091446 -0.00884759 
0 0.000230748 0.000455882 0.000703996 0.000952981 0.00123759 0.00153922 0.0018622 0.00222881 0.00263874 0.00312235 0.00365487 0.00425413 0.00495557 0.00580568 0.0068295 0.0080386 0.00948286 0.0112275 0.0133406 0.015797 0.0185876 0.0216449 0.0248814 0.0281451 0.0311848 0.0338085 0.0357195 0.036689 0.0365144 0.0350815 0.032427 0.0286108 0.0238586 0.0184861 0.0128762 0.0074154 0.00250132 -0.00154524 -0.00445011 -0.00608782 -0.00643586 -0.00550098 -0.0034811 -0.000562028 0.00299731 0.00694046 0.0110162 0.014998 0.0187059 0.0220255 0.024856 0.0271329 0.028884 0.0300744 0.0307411 0.0309189 0.0306538 0.0299679 0.0289335 0.0275812 0.0259564 0.0241089 0.0220641 0.0198691 0.0175567 0.0151584 0.0126997 0.0102365 0.0077556 0.00530724 0.00291266 0.000587618 -0.00165294 -0.00375358 -0.00573242 -0.0075658 -0.00922924 -0.0107195 -0.0120402 -0.013158 -0.0140764 -0.0148148 -0.0153623 -0.0157146 -0.0158881 -0.0158963 -0.0157292 -0.015419 -0.0149854 -0.0144283 -0.0137321 -0.0129373 -0.0120586 -0.0110982 -0.0100405 -0.00892036 -0.00774769 -0.00653658 -0.00527598 -0.00398333 -0.00265303 -0.00130926 5.2719e-05 0.00142762 0.00282228 0.00419237 0.00552312 0.00680802 0.00805442 0.00921228 0.0102639 0.0112082 0.0120472 0.0127419 0.0132913 0.0136883 0.0139107 0.0139406 0.0137993 0.0134766 0.0129481 0.0122347 0.0113441 0.0102621 0.00900323 0.00759917 0.00601556 0.00427859 0.00240486 0.000396328 -0.00174868 -0.00397787 -0.00631654 -0.00873998 -0.0112343 -0.0137849 -0.0163985 -0.019043 -0.0217261 -0.0244463 -0.0272014 -0.0300102 -0.032874 -0.0358185 -0.0388633 -0.042037 -0.0453348 -0.0488207 -0.0524605 -0.0562449 -0.0601514 -0.064096 -0.0679471 -0.0715712 -0.074767 -0.0773059 -0.0789719 -0.0795137 -0.0788039 -0.0766787 -0.0731155 -0.0682034 -0.0620997 -0.0550679 -0.0474657 -0.0397024 -0.0321888 -0.02531 -0.0193551 -0.0145976 -0.0110976 -0.00885787 -0.00778654 -0.00768675 -0.00834422 -0.00944831 -0.0107901 -0.0121703 -0.0134375 -0.0144852 -0.0152616 -0.0157724 -0.0160245 -0.0160597 -0.0159206 -0.0156921 -0.0153818 -0.0150037 -0.014574 -0.0141233 -0.0137099 -0.0132819 -0.0128462 -0.012393 -0.0119591 -0.0115823 -0.0112048 -0.0108479 -0.0104937 
0 0.000303619 0.00061294 0.000926831 0.00125875 0.00160999 0.00198064 0.00237913 0.00280864 0.00329264 0.00383626 0.00443217 0.00510533 0.0058853 0.0068295 0.00796341 0.00929897 0.0109011 0.0128253 0.0151377 0.017831 0.020851 0.0241533 0.0276095 0.0310592 0.0342784 0.0370015 0.0389862 0.0399611 0.0397405 0.0382425 0.0354584 0.0315135 0.0266052 0.0210563 0.0152552 0.00959253 0.00446524 0.000213823 -0.00290156 -0.00474775 -0.00526644 -0.00452991 -0.00267432 8.07577e-05 0.00347205 0.00725378 0.0111561 0.0149517 0.0184668 0.0215674 0.0241402 0.0261723 0.0276111 0.0284911 0.0288443 0.0286934 0.0281126 0.0271467 0.0258344 0.0242403 0.0224167 0.0203793 0.0182173 0.0159359 0.0135904 0.01121 0.00883215 0.00646714 0.00416981 0.00194707 -0.000171449 -0.00216683 -0.00401831 -0.00572101 -0.00725658 -0.00858845 -0.0097292 -0.0106567 -0.0113636 -0.0118591 -0.0121708 -0.012257 -0.0121715 -0.0119222 -0.0115321 -0.0110108 -0.0104164 -0.00972588 -0.00898713 -0.00821352 -0.00746491 -0.00673401 -0.00604106 -0.00538347 -0.00482612 -0.0043281 -0.00388733 -0.00348845 -0.00314512 -0.00281084 -0.00250167 -0.00215996 -0.00178493 -0.00136534 -0.000908203 -0.00034909 0.000286367 0.00100588 0.00177435 0.00261424 0.00350038 0.0044211 0.00530739 0.006185 0.00700391 0.00774496 0.00838793 0.0089363 0.00931504 0.00954778 0.00961384 0.00949987 0.00918912 0.00870021 0.00800527 0.00711694 0.00604628 0.00480477 0.00339159 0.0018172 0.000101245 -0.00177461 -0.00377784 -0.00590232 -0.00814139 -0.0104908 -0.0129152 -0.015456 -0.0180644 -0.0207613 -0.0235546 -0.026441 -0.0294354 -0.0325834 -0.0358781 -0.0393608 -0.0430576 -0.0469543 -0.0510778 -0.055379 -0.0598213 -0.0643164 -0.0687363 -0.0729015 -0.0766266 -0.0796551 -0.0817481 -0.0826872 -0.0822792 -0.0804079 -0.077034 -0.0722388 -0.0661876 -0.0591618 -0.0515023 -0.0436444 -0.0359999 -0.0289427 -0.0228206 -0.0178444 -0.014144 -0.0117176 -0.0104693 -0.0102518 -0.0108026 -0.011857 -0.0131821 -0.0145657 -0.0158706 -0.0169684 -0.017802 -0.0183685 -0.0186549 -0.0187096 -0.0185845 -0.0183391 -0.0180137 -0.0175946 -0.0171165 -0.0166215 -0.0161344 -0.0156569 -0.0151484 -0.0146329 -0.0141433 -0.0136895 -0.013269 -0.0128439 -0.0124456 
0 0.000394083 0.000786942 0.00119722 0.0016105 0.00205058 0.00250388 0.00298276 0.00350014 0.00405816 0.00467939 0.005349 0.00610696 0.00698538 0.0080386 0.00929897 0.0107871 0.0125708 0.0147006 0.017247 0.0201775 0.0234557 0.0269935 0.030656 0.0342902 0.037633 0.0404553 0.0424619 0.0434147 0.0431383 0.0415293 0.0386194 0.0345108 0.0294269 0.0236824 0.01766 0.0117586 0.00639809 0.00188986 -0.00148281 -0.00358083 -0.00437034 -0.00388256 -0.00230086 0.000201409 0.0033489 0.0068804 0.0105396 0.0141003 0.0173629 0.0202014 0.0225161 0.0242654 0.0254381 0.026036 0.0261205 0.0257078 0.0248761 0.0236683 0.0221625 0.0204002 0.0184435 0.0163418 0.0141429 0.0118632 0.00957211 0.007294 0.00504291 0.0028873 0.000828256 -0.00111551 -0.00291077 -0.00453857 -0.00600288 -0.00725281 -0.00830403 -0.00912946 -0.00973599 -0.0101026 -0.0102391 -0.0101395 -0.00982879 -0.0093099 -0.00864624 -0.00783829 -0.00691637 -0.00593165 -0.00491259 -0.00387445 -0.0029034 -0.00200748 -0.00119782 -0.000544171 -8.37982e-05 0.000196828 0.000275021 0.000165699 -0.000112321 -0.000554336 -0.00110882 -0.00171889 -0.00237985 -0.00304544 -0.00366013 -0.00419596 -0.00460445 -0.00485135 -0.00494438 -0.00483114 -0.00449297 -0.00398059 -0.00330983 -0.00247363 -0.00153748 -0.000519854 0.000549666 0.00162124 0.00265682 0.00364827 0.00453912 0.00532138 0.00594659 0.0063983 0.00665335 0.0067122 0.00655645 0.00621208 0.00564656 0.00489399 0.00394594 0.00280862 0.00149806 2.96284e-05 -0.00162103 -0.00341296 -0.00535466 -0.00744874 -0.00966321 -0.0120052 -0.0144731 -0.0170724 -0.0198035 -0.0226969 -0.0257589 -0.0290238 -0.0324907 -0.0362173 -0.0401898 -0.0444366 -0.0489495 -0.0536942 -0.0586187 -0.0636164 -0.0685481 -0.0732366 -0.0774542 -0.0809483 -0.0834957 -0.0848201 -0.084772 -0.0831983 -0.0800725 -0.0754724 -0.0695525 -0.062612 -0.0550018 -0.0471428 -0.0394597 -0.0323465 -0.0261162 -0.0210245 -0.0171714 -0.0145991 -0.0132263 -0.0128869 -0.0133704 -0.0143834 -0.0157142 -0.017133 -0.0184944 -0.0196751 -0.0205949 -0.0212363 -0.0215784 -0.0216722 -0.0215593 -0.0213148 -0.020959 -0.020504 -0.019983 -0.0194268 -0.0188866 -0.0183353 -0.0177718 -0.0171994 -0.0166478 -0.0161455 -0.0156587 -0.0151934 -0.0147466 
0 0.000505337 0.00100881 0.00152672 0.00204372 0.00258047 0.00312533 0.00369385 0.00430129 0.00494741 0.00565651 0.00642013 0.00728722 0.00829199 0.00948286 0.0109011 0.0125708 0.0145684 0.0169343 0.019723 0.0229059 0.0264293 0.0301946 0.0340451 0.0378212 0.0412617 0.0441202 0.0461044 0.0469803 0.0465914 0.0448407 0.0417636 0.0374724 0.0321962 0.0262396 0.0199754 0.0138117 0.00816478 0.00335277 -0.000346977 -0.00277922 -0.0039014 -0.00375387 -0.00250978 -0.000335022 0.00249464 0.00571385 0.00907453 0.012349 0.0153425 0.0179151 0.0199758 0.0214853 0.0224177 0.0227843 0.0226573 0.0220504 0.0210451 0.0196993 0.0180831 0.0162438 0.0142427 0.0121397 0.009984 0.00779536 0.00564261 0.00355018 0.0015188 -0.000387039 -0.00215848 -0.00377972 -0.00521795 -0.00644936 -0.00747999 -0.00827786 -0.00884707 -0.00915863 -0.00923011 -0.00904595 -0.00861285 -0.00795655 -0.00710168 -0.00604054 -0.00484621 -0.00353987 -0.00215241 -0.00075934 0.000596566 0.00189873 0.00305748 0.00403739 0.00480746 0.00530083 0.00550511 0.00542504 0.00501619 0.0043056 0.00334319 0.0021377 0.00074521 -0.000763109 -0.00235524 -0.00394986 -0.0054714 -0.00689486 -0.0081455 -0.00914916 -0.00990191 -0.0103633 -0.0105065 -0.0103601 -0.00992134 -0.00920044 -0.00827726 -0.00716755 -0.00590538 -0.00456348 -0.00317552 -0.00176952 -0.000433208 0.000821302 0.00195657 0.00293068 0.00371886 0.00431699 0.00468856 0.00484778 0.00477939 0.00450744 0.00401778 0.00331942 0.00242719 0.00134432 5.80472e-05 -0.00138322 -0.00299753 -0.00478798 -0.00672504 -0.00882697 -0.0111005 -0.0135451 -0.0161676 -0.0189944 -0.0220427 -0.0253421 -0.0288967 -0.0327715 -0.0369518 -0.0414513 -0.0462721 -0.0513744 -0.0566873 -0.0621078 -0.0674857 -0.0726306 -0.0772962 -0.081224 -0.0841822 -0.0858883 -0.0861806 -0.0849198 -0.0820781 -0.0777221 -0.0720147 -0.0652536 -0.0577913 -0.050037 -0.0424184 -0.0353324 -0.0290905 -0.0239428 -0.0200067 -0.0173443 -0.0158819 -0.0154706 -0.0159066 -0.0169164 -0.0182797 -0.0197599 -0.0212118 -0.0225027 -0.0235441 -0.0242932 -0.0247248 -0.0248877 -0.0248177 -0.0245872 -0.0242187 -0.0237363 -0.0231775 -0.0225721 -0.021969 -0.0213537 -0.0207326 -0.0201103 -0.0195106 -0.0189568 -0.0184251 -0.0179208 -0.017442 
0 0.000620244 0.00124477 0.00187565 0.00251659 0.00316804 0.00382992 0.00451725 0.00524072 0.00600875 0.00683297 0.00772075 0.00872233 0.00987682 0.0112275 0.0128253 0.0147006 0.0169343 0.019557 0.0225933 0.0260337 0.0297869 0.0337581 0.0377635 0.0416239 0.045109 0.0479278 0.049826 0.0505607 0.0499969 0.0480611 0.0447671 0.0402565 0.0347493 0.0285462 0.0220073 0.0155517 0.00957822 0.00442564 0.000350077 -0.00248127 -0.00399749 -0.00427256 -0.00343135 -0.00165087 0.000811491 0.00368907 0.00673673 0.00972056 0.0124533 0.0147768 0.0166018 0.0179124 0.0186487 0.0188535 0.0185879 0.0178715 0.0167737 0.0153766 0.0137304 0.0119007 0.00994873 0.00792896 0.005901 0.00387641 0.00192449 6.89034e-05 -0.00167716 -0.00328065 -0.00470505 -0.00595882 -0.00700884 -0.00783373 -0.0084169 -0.00875673 -0.00883322 -0.00863 -0.00817857 -0.00747382 -0.00651129 -0.00533941 -0.00398846 -0.00244918 -0.000807806 0.000904969 0.00265846 0.00437672 0.00598652 0.00746296 0.00870465 0.0096782 0.0103362 0.0106274 0.0105316 0.0100668 0.00918462 0.00793231 0.00634747 0.00445571 0.00231227 1.77076e-05 -0.00239399 -0.0048101 -0.00714507 -0.00934134 -0.0113292 -0.0130125 -0.0143864 -0.0153915 -0.0160068 -0.0162353 -0.0160787 -0.0155387 -0.0146962 -0.0135528 -0.0121685 -0.0106304 -0.00897903 -0.00724647 -0.00554219 -0.0038786 -0.00229273 -0.00085305 0.0004156 0.00151183 0.00238673 0.00303057 0.00344981 0.00363622 0.00358155 0.00329971 0.00281963 0.00211743 0.00121486 0.000135601 -0.00113638 -0.00260886 -0.00424262 -0.00607777 -0.00810943 -0.0103449 -0.012803 -0.0155009 -0.0184709 -0.0217333 -0.0252992 -0.0292275 -0.0335276 -0.0381786 -0.0432189 -0.0485891 -0.0542044 -0.0599618 -0.0657011 -0.0712089 -0.0762372 -0.0805255 -0.0838233 -0.0858767 -0.0864814 -0.0855381 -0.0830014 -0.0789258 -0.073487 -0.0669733 -0.0597336 -0.0521686 -0.0447047 -0.0377269 -0.0315633 -0.0264259 -0.0224769 -0.0197777 -0.018264 -0.0178239 -0.0182392 -0.0192875 -0.0207207 -0.0223057 -0.0238951 -0.0253383 -0.0265435 -0.0274386 -0.0279984 -0.0282636 -0.0282711 -0.0280764 -0.027722 -0.0272359 -0.0266631 -0.0260387 -0.0253896 -0.0247381 -0.0240754 -0.0234204 -0.0227884 -0.0221837 -0.0216186 -0.0210719 -0.0205654 
