0 0 0 0 0 0 0 0 0 0 0 0 0 0 0 0 0 0 0 0 0 0 0 0 0 0 0 0 0 0 0 0 0 0 0 0 0 0 0 0 0 0 0 0 0 0 0 0 0 0 0 0 0 0 0 0 0 0 0 0 0 0 0 0 0 0 0 0 0 0 0 0 0 0 0 0 0 0 0 0 0 0 0 0 0 0 0 0 0 0 0 0 0 0 0 0 0 0 0 0 0 0 0 0 0 0 0 0 0 0 0 0 0 0 0 0 0 0 0 0 0 0 0 0 0 0 0 0 0 0 0 0 0 0 0 0 0 0 0 0 0 0 0 0 0 0 0 0 0 0 0 0 0 0 0 0 0 0 0 0 0 0 0 0 0 0 0 0 0 0 0 0 0 0 0 0 0 0 0 0 0 0 0 0 0 0 0 0 0 0 0 0 0 0 0 0 0 0 0 0 
0 -5.28286e-06 -7.27636e-06 4.79016e-06 2.02989e-05 4.60096e-05 8.30083e-05 0.000132347 0.000198062 0.00026696 0.000341081 0.000429431 0.000536105 0.000667117 0.000811995 0.000972145 0.00116738 0.00139428 0.00165279 0.00191908 0.00217365 0.00241232 0.00259328 0.00269753 0.00269623 0.00257222 0.00232894 0.00195268 0.0014791 0.000948545 0.000398623 -0.000126666 -0.000595995 -0.000964882 -0.00120917 -0.00132256 -0.00130082 -0.0011401 -0.000860227 -0.000492628 -5.01166e-05 0.000437102 0.000955756 0.00147919 0.0019928 0.00250575 0.00299538 0.00345444 0.00389595 0.00431016 0.00468382 0.0050294 0.00532327 0.00557404 0.00576313 0.00587631 0.0059295 0.00589906 0.00577631 0.00557556 0.00528744 0.00489224 0.00441842 0.00385216 0.00320183 0.00247139 0.00168017 0.00082499 -7.83488e-05 -0.00100975 -0.00195214 -0.00289281 -0.00380154 -0.00466258 -0.00547245 -0.00619723 -0.00683756 -0.00737936 -0.0078138 -0.00813536 -0.00836326 -0.00847646 -0.00849308 -0.00840807 -0.00823696 -0.00797596 -0.00765101 -0.00726367 -0.00682789 -0.00633344 -0.0058259 -0.00530951 -0.00477871 -0.00424023 -0.003729 -0.00322331 -0.00273735 -0.00227078 -0.00181959 -0.00137911 -0.000962974 -0.000542891 -0.000130503 0.000282587 0.000706122 0.0011415 0.00157647 0.00204858 0.00253945 0.00303863 0.00355105 0.00409315 0.00463589 0.005181 0.00570729 0.00622305 0.00670823 0.00715745 0.00755172 0.00789596 0.0081586 0.00835305 0.00846354 0.00848455 0.00840247 0.00822279 0.00792999 0.00753869 0.00704228 0.00644925 0.00576866 0.00500702 0.00418019 0.00330503 0.00240065 0.00147823 0.000556563 -0.000353733 -0.00122988 -0.00208266 -0.00287444 -0.00360668 -0.00428445 -0.00488816 -0.00540871 -0.00587159 -0.00625238 -0.00655444 -0.00679662 -0.00696923 -0.00709335 -0.00716937 -0.00721413 -0.00724483 -0.00726304 -0.007272 -0.00729794 -0.00732825 -0.00735835 -0.0073928 -0.00741471 -0.00740789 -0.00734363 -0.00720767 -0.00698121 -0.0066474 -0.00619368 -0.0056361 -0.00499358 -0.00427361 -0.00351904 -0.00276331 -0.00205056 -0.00141969 -0.000889526 -0.000503777 -0.000261499 -0.000146707 -0.000143931 -0.00021979 -0.00036137 -0.00053235 -0.000700858 -0.00085777 -0.000983486 -0.00107262 -0.0011235 -0.00113639 -0.00113313 -0.00110854 -0.00105822 -0.000991815 -0.000909047 -0.000835819 -0.000759444 -0.000673725 -0.00058816 -0.000499764 -0.000437818 -0.000385698 
0 -7.27636e-06 3.71376e-06 2.06516e-05 6.33183e-05 0.000109767 0.000181832 0.000283347 0.00040407 0.000546473 0.000690182 0.000866735 0.00108102 0.00134006 0.00162865 0.00195224 0.00233956 0.00279402 0.00331475 0.00383705 0.0043591 0.00482239 0.00518523 0.00539619 0.00537388 0.00514515 0.00464077 0.00390334 0.00297113 0.00191173 0.000846116 -0.000198557 -0.00111464 -0.00183813 -0.00232148 -0.00254754 -0.00249651 -0.00218914 -0.0016294 -0.000891829 -2.80962e-05 0.000962843 0.00197542 0.00301785 0.00403778 0.00504087 0.00600678 0.00691413 0.00776907 0.00857151 0.00929869 0.00992854 0.010494 0.0109444 0.011285 0.0114912 0.0115794 0.0114933 0.0112509 0.0108394 0.0102485 0.0094856 0.00854193 0.00743382 0.00616465 0.00473927 0.00317026 0.00152243 -0.000242238 -0.00204667 -0.00386192 -0.00567609 -0.00746019 -0.00912833 -0.0107021 -0.0121296 -0.0133767 -0.014438 -0.0153182 -0.0159825 -0.0164263 -0.0166703 -0.016719 -0.016568 -0.016243 -0.0157772 -0.0151407 -0.0143777 -0.0135321 -0.0126135 -0.0116159 -0.0105928 -0.0095424 -0.00851047 -0.00749035 -0.00648294 -0.00549986 -0.00457783 -0.0036613 -0.00278053 -0.00192787 -0.00108354 -0.000233239 0.00059072 0.00144929 0.00232843 0.00323311 0.00416216 0.00513058 0.00612433 0.00717652 0.00822725 0.00927352 0.0103332 0.0113889 0.0123776 0.0133175 0.0141834 0.0149443 0.0155859 0.0161086 0.0164774 0.0166607 0.0166709 0.0165009 0.0161204 0.0155321 0.0147703 0.0137793 0.0126068 0.0112837 0.00980979 0.0081939 0.00652262 0.0047595 0.002963 0.00116778 -0.000597064 -0.00232502 -0.00396815 -0.00552123 -0.0069645 -0.00828799 -0.00947908 -0.0105138 -0.0114174 -0.0121672 -0.0127868 -0.0132587 -0.0136415 -0.0139132 -0.0140964 -0.0142237 -0.0143213 -0.014376 -0.0144331 -0.0145068 -0.014579 -0.0146785 -0.0147435 -0.0148106 -0.0148035 -0.0146783 -0.0144183 -0.0139768 -0.0133154 -0.0124295 -0.0113304 -0.0100471 -0.00863634 -0.00711348 -0.00561821 -0.00418981 -0.00291489 -0.00186801 -0.00107418 -0.000594722 -0.000356176 -0.000342174 -0.000496074 -0.00077073 -0.00111078 -0.00144767 -0.00175862 -0.00200696 -0.00218912 -0.00227911 -0.00231085 -0.00229424 -0.00223659 -0.00214002 -0.00198721 -0.00183369 -0.0016739 -0.00152257 -0.00136314 -0.00118384 -0.00103632 -0.00090652 -0.000816237 
0 4.79016e-06 2.06516e-05 6.54699e-05 0.000121066 0.000199593 0.000307842 0.00045182 0.000637786 0.000839587 0.00105873 0.0013204 0.00163815 0.00202471 0.00245912 0.00294597 0.00353418 0.00421902 0.00499187 0.00578644 0.00654679 0.00724469 0.00777367 0.00807127 0.00805745 0.00769089 0.00696951 0.00587502 0.0044998 0.00295776 0.00136615 -0.000157694 -0.00151196 -0.00257678 -0.00328145 -0.0036016 -0.0035259 -0.00304919 -0.00222424 -0.00113744 0.000163161 0.00160111 0.00312288 0.00465994 0.00616692 0.00765318 0.00906328 0.0103712 0.0116021 0.0127328 0.0137327 0.0146241 0.0153661 0.0159717 0.0164041 0.0166343 0.016695 0.0165319 0.0161244 0.0154993 0.0146324 0.0134832 0.0121067 0.0104824 0.0086294 0.00656315 0.00433263 0.00194501 -0.000565599 -0.00314291 -0.00574347 -0.00833714 -0.0108534 -0.0132484 -0.0155113 -0.0175633 -0.0193926 -0.020964 -0.0222505 -0.0232321 -0.0239403 -0.0243348 -0.0244491 -0.0242757 -0.0238516 -0.023179 -0.022311 -0.0212633 -0.0200717 -0.0187207 -0.0173065 -0.0158493 -0.0143385 -0.0127971 -0.0112994 -0.00980645 -0.00835119 -0.0069405 -0.00556167 -0.00421091 -0.00291505 -0.00161368 -0.000326906 0.000959268 0.00227267 0.00361408 0.00495973 0.00638435 0.00784962 0.0093282 0.0108334 0.0123891 0.0139327 0.0154659 0.0169433 0.0183699 0.0197052 0.0209299 0.021997 0.0229074 0.0235936 0.0240717 0.0243047 0.0242788 0.0239671 0.023378 0.0224866 0.02133 0.0198963 0.0182111 0.0163025 0.0141861 0.0118983 0.00948614 0.00698783 0.00443461 0.0018745 -0.000661093 -0.00312078 -0.00551054 -0.00774673 -0.00982337 -0.011746 -0.0134682 -0.014971 -0.0163087 -0.0174335 -0.0183564 -0.0191194 -0.0197129 -0.0201792 -0.0205243 -0.0207878 -0.0210094 -0.0211886 -0.02134 -0.0215187 -0.0216975 -0.0218674 -0.0220305 -0.0221495 -0.0221732 -0.0220255 -0.0216615 -0.0210263 -0.0200671 -0.0187547 -0.0171251 -0.0152297 -0.0131054 -0.0108633 -0.00861541 -0.00648548 -0.00458882 -0.0029965 -0.00181935 -0.00106754 -0.00069724 -0.000661023 -0.000870344 -0.00127522 -0.0017727 -0.00227197 -0.00273351 -0.00310308 -0.0033612 -0.00349961 -0.00352898 -0.00350018 -0.00340877 -0.00324706 -0.00303661 -0.0027908 -0.00256657 -0.00234172 -0.00209977 -0.00186016 -0.00162853 -0.00146249 -0.00132611 
0 2.02989e-05 6.33183e-05 0.000121066 0.000209781 0.000313812 0.00045811 0.000653024 0.000889518 0.00116156 0.00145189 0.00180005 0.00222304 0.00273166 0.00330757 0.00396411 0.00474615 0.00566217 0.00669516 0.00774607 0.00877567 0.00969052 0.0103972 0.0107952 0.010761 0.0102947 0.00932198 0.00789206 0.00609229 0.00406104 0.00199483 -3.69143e-06 -0.00175894 -0.00313799 -0.00404892 -0.00445368 -0.004326 -0.00369256 -0.00258879 -0.0011364 0.000569939 0.00248581 0.00446546 0.00647402 0.00843361 0.0103354 0.0121357 0.0137986 0.0153288 0.0167189 0.0179369 0.0189621 0.0198241 0.0204759 0.0209134 0.0211107 0.0210885 0.0207774 0.0201884 0.0193121 0.0181307 0.0166441 0.0148539 0.0127785 0.0104295 0.0078229 0.00499229 0.00201665 -0.00112461 -0.00433185 -0.0075562 -0.010772 -0.0139281 -0.0169191 -0.0197526 -0.0223538 -0.0246718 -0.0266831 -0.0283769 -0.0297035 -0.0306513 -0.0312323 -0.0314544 -0.0313133 -0.0308469 -0.0300976 -0.0290493 -0.0277606 -0.0262928 -0.0246625 -0.0228855 -0.0210274 -0.0190926 -0.0171413 -0.0151848 -0.0132234 -0.0112818 -0.00940563 -0.007539 -0.00571463 -0.00393004 -0.00215449 -0.00037603 0.00137563 0.00317018 0.00499338 0.00684355 0.00872908 0.0106571 0.0126045 0.0146019 0.0165848 0.0185356 0.0204693 0.0223542 0.0241171 0.0257642 0.027257 0.0285458 0.0296073 0.0304229 0.0309474 0.0311388 0.031006 0.0305375 0.0297066 0.0285208 0.027026 0.0251725 0.0230226 0.0206223 0.01798 0.0151195 0.0121442 0.00903049 0.00585132 0.00266286 -0.000489303 -0.00357925 -0.0065457 -0.00935879 -0.0119887 -0.0144192 -0.0166233 -0.0185716 -0.0203 -0.0217813 -0.0230416 -0.0240796 -0.0249589 -0.025667 -0.0262341 -0.0267074 -0.0271235 -0.0274733 -0.0278097 -0.0281604 -0.0285024 -0.0288551 -0.0291511 -0.0294047 -0.0295057 -0.0293692 -0.0289442 -0.0281481 -0.0269112 -0.0252154 -0.0230864 -0.0205833 -0.0177988 -0.0148145 -0.0118454 -0.00901163 -0.0064727 -0.00436394 -0.00276502 -0.0017509 -0.00122989 -0.00114983 -0.00140967 -0.00191474 -0.00255205 -0.00319858 -0.00379392 -0.0042727 -0.00461157 -0.00478284 -0.00482946 -0.00478265 -0.00465584 -0.00444998 -0.00415972 -0.0038536 -0.00354758 -0.00325362 -0.00294861 -0.00262667 -0.00234953 -0.00212168 -0.0019524 
0 4.60096e-05 0.000109767 0.000199593 0.000313812 0.000455898 0.000641892 0.0008846 0.00118197 0.00151651 0.00188428 0.00231827 0.00284352 0.00347194 0.00419245 0.00501842 0.00600237 0.00715056 0.00843233 0.00975347 0.0110288 0.0121724 0.013049 0.0135376 0.0135169 0.0129317 0.011752 0.0099981 0.0077936 0.00531653 0.00277157 0.000335099 -0.0018073 -0.00348296 -0.00457807 -0.00504163 -0.00485744 -0.00404061 -0.0026679 -0.000868744 0.00124907 0.00358079 0.00600839 0.00843942 0.0108003 0.0130682 0.0151859 0.0171142 0.0188641 0.0204167 0.0217438 0.0228472 0.0237168 0.0243437 0.024703 0.0247757 0.0245806 0.0240721 0.0232372 0.0220905 0.0206125 0.0187835 0.0166332 0.014168 0.0114049 0.00836905 0.00511056 0.00166805 -0.00193048 -0.00560991 -0.00931444 -0.0130052 -0.0166103 -0.0200631 -0.02334 -0.0263662 -0.0290986 -0.0314981 -0.0335287 -0.0351555 -0.0363773 -0.0371737 -0.0375547 -0.0375181 -0.0370965 -0.0363141 -0.0352026 -0.0338031 -0.0321593 -0.030283 -0.0282437 -0.0260859 -0.0238131 -0.0214667 -0.0190998 -0.0167051 -0.0143136 -0.0119494 -0.00959605 -0.00726655 -0.00497601 -0.00268594 -0.000401965 0.00187413 0.00417591 0.00649738 0.0088261 0.0111997 0.0135949 0.0159812 0.018371 0.0207517 0.0230767 0.0253375 0.0274946 0.029516 0.0313731 0.0330291 0.0344334 0.0355629 0.0363714 0.0368417 0.0369417 0.0366611 0.0359856 0.0349128 0.0334445 0.0316182 0.0294287 0.0269152 0.02412 0.0210635 0.0177865 0.0143573 0.0108058 0.00718118 0.00354214 -6.53539e-05 -0.00359697 -0.00701863 -0.0102663 -0.0133173 -0.0161629 -0.0187606 -0.0210932 -0.0231947 -0.0250363 -0.0266288 -0.0280022 -0.0291773 -0.0301785 -0.0310287 -0.031775 -0.0324595 -0.0330853 -0.033686 -0.0343015 -0.0349107 -0.0354999 -0.0360386 -0.0364817 -0.0367314 -0.0366786 -0.0362402 -0.0353267 -0.0338554 -0.0317976 -0.0291929 -0.0261187 -0.0226707 -0.0190014 -0.0153165 -0.0118057 -0.0086557 -0.00601572 -0.00402026 -0.00271144 -0.00202676 -0.00188312 -0.00215959 -0.00274592 -0.00349317 -0.00426535 -0.00497667 -0.00555198 -0.005953 -0.00616359 -0.00621517 -0.00615717 -0.00600178 -0.00574676 -0.00541051 -0.0050377 -0.00467472 -0.00431646 -0.00394401 -0.00356798 -0.00322212 -0.00294734 -0.00272572 
0 8.30083e-05 0.000181832 0.000307842 0.00045811 0.000641892 0.000873418 0.00116675 0.00152034 0.00191796 0.00236264 0.00288293 0.00351058 0.00425761 0.00512258 0.00612452 0.00731031 0.00869067 0.0102209 0.0118063 0.0133365 0.0147037 0.015755 0.0163407 0.0163322 0.0156465 0.0142625 0.0122092 0.00962931 0.00673338 0.00375156 0.000908885 -0.0015837 -0.00352715 -0.00478897 -0.00530353 -0.00505553 -0.00406848 -0.00243923 -0.000309933 0.00218383 0.00490326 0.0077201 0.0105126 0.0132041 0.0157495 0.0180946 0.020202 0.0220726 0.0236911 0.0250348 0.0261051 0.0268923 0.0273949 0.0275897 0.0274699 0.0270411 0.0262788 0.0251698 0.0237291 0.0219483 0.0198177 0.0173635 0.0145972 0.0115357 0.00820415 0.00465101 0.000908992 -0.00297937 -0.00695414 -0.0109579 -0.0149481 -0.0188551 -0.0226198 -0.026198 -0.0295279 -0.0325605 -0.0352562 -0.0375756 -0.039483 -0.0409623 -0.0419941 -0.0425786 -0.0427146 -0.0424246 -0.0417258 -0.040648 -0.0392284 -0.0375112 -0.0355187 -0.0333089 -0.0309212 -0.0283797 -0.0257226 -0.0229956 -0.0202038 -0.0173799 -0.014545 -0.0117012 -0.00885795 -0.00603104 -0.00320039 -0.000375616 0.00244386 0.0052722 0.0081069 0.0109327 0.0137683 0.0165938 0.0193887 0.0221462 0.0248502 0.0274598 0.0299598 0.032312 0.0344818 0.0364328 0.03813 0.0395293 0.0406052 0.0413202 0.0416536 0.0415829 0.0411008 0.0402016 0.038888 0.037171 0.0350753 0.0326148 0.0298233 0.0267447 0.0234065 0.0198554 0.0161446 0.0123181 0.0084185 0.00450501 0.000622919 -0.00318459 -0.00688383 -0.0104201 -0.0137716 -0.0169238 -0.0198386 -0.0225028 -0.0249306 -0.027108 -0.0290369 -0.0307493 -0.0322612 -0.0336 -0.0347902 -0.0358778 -0.0369005 -0.0378744 -0.0388289 -0.039795 -0.0407585 -0.041687 -0.0425479 -0.0432664 -0.0437352 -0.0438278 -0.0434365 -0.042458 -0.040803 -0.0384405 -0.0354132 -0.0318118 -0.0277546 -0.0234324 -0.0190706 -0.0149066 -0.0111571 -0.0080052 -0.0056051 -0.0039982 -0.00313396 -0.00290576 -0.0031805 -0.0038178 -0.00464883 -0.00552245 -0.00632794 -0.00698363 -0.00743843 -0.00768106 -0.00774088 -0.00766826 -0.00748135 -0.00718169 -0.00679621 -0.00636839 -0.00594765 -0.00552964 -0.00509991 -0.00467257 -0.00427758 -0.00395633 -0.00369081 
0 0.000132347 0.000283347 0.00045182 0.000653024 0.0008846 0.00116675 0.00151293 0.0019159 0.00237551 0.00289351 0.0035 0.00423078 0.00509893 0.00611342 0.00730372 0.00869823 0.0103151 0.0120973 0.0139389 0.0157297 0.0173091 0.0185323 0.0192173 0.0192155 0.018452 0.0168729 0.0145548 0.0116401 0.00836061 0.00499156 0.00177604 -0.0010298 -0.00321542 -0.00463073 -0.00519691 -0.00488945 -0.0037629 -0.00191245 0.000503426 0.00330797 0.00636362 0.00949159 0.0125757 0.0155229 0.0182589 0.0207419 0.0229395 0.0248289 0.0264125 0.0276801 0.0286089 0.0292317 0.0295189 0.0294721 0.0290981 0.0283862 0.0273296 0.0259388 0.0242073 0.022141 0.0197633 0.0170661 0.0140856 0.010835 0.00734086 0.00362772 -0.000245526 -0.00426115 -0.00836069 -0.0124908 -0.0166052 -0.0206591 -0.024577 -0.0283123 -0.0318252 -0.035047 -0.0379438 -0.040486 -0.0426342 -0.0443433 -0.0456221 -0.0464437 -0.0468084 -0.0467184 -0.0462054 -0.0452601 -0.0439255 -0.0422372 -0.0402473 -0.0379607 -0.0354316 -0.032699 -0.0298126 -0.0267774 -0.0236374 -0.0204103 -0.0171315 -0.0138007 -0.0104467 -0.00706816 -0.00368763 -0.000299156 0.00307282 0.00643758 0.00978114 0.0131057 0.0163747 0.0195956 0.022752 0.0258319 0.0287802 0.0315909 0.0342349 0.0366875 0.0388834 0.040812 0.0424326 0.0437149 0.0446212 0.0451572 0.045278 0.0449773 0.0442608 0.0431354 0.0415898 0.0396591 0.0373592 0.0347021 0.0317315 0.0284893 0.0250053 0.0213196 0.0174965 0.013557 0.00955692 0.00554387 0.00156231 -0.00236728 -0.00618094 -0.00986936 -0.013399 -0.0167405 -0.0198801 -0.0228039 -0.0254964 -0.0279696 -0.0302248 -0.0322633 -0.034137 -0.035842 -0.0374184 -0.0389096 -0.040341 -0.0417362 -0.0431324 -0.0445295 -0.0459225 -0.0472808 -0.0485289 -0.0496028 -0.0503603 -0.0506669 -0.0503953 -0.0494193 -0.0476473 -0.0450518 -0.0416694 -0.0375991 -0.033004 -0.0280758 -0.0230948 -0.018317 -0.0139932 -0.0103585 -0.00754898 -0.00564388 -0.00458286 -0.00424985 -0.00450581 -0.00516768 -0.00606239 -0.00701818 -0.00790076 -0.00862157 -0.00912129 -0.00938384 -0.00944917 -0.00935127 -0.00912276 -0.00877841 -0.00833542 -0.00786281 -0.00738312 -0.00691441 -0.00644459 -0.00597265 -0.00555234 -0.00518565 -0.00488598 
0 0.000198062 0.00040407 0.000637786 0.000889518 0.00118197 0.00152034 0.0019159 0.0023751 0.00289139 0.00348632 0.00418311 0.0050207 0.00601534 0.00719545 0.00858014 0.0102037 0.012066 0.0140963 0.0162142 0.0182418 0.0200467 0.021428 0.0221958 0.0222254 0.0213601 0.0196291 0.0170623 0.0138439 0.0102386 0.0064991 0.00295923 -0.000137304 -0.00254956 -0.00411205 -0.00472947 -0.0043992 -0.00315262 -0.00114067 0.00148697 0.00455387 0.00783429 0.0112129 0.0144992 0.0176146 0.0204658 0.0230024 0.0251898 0.027018 0.0284728 0.0295529 0.0302853 0.030637 0.030649 0.0303036 0.0296219 0.0285865 0.0272414 0.0255575 0.0235664 0.0212786 0.0186882 0.0158323 0.0127213 0.00937333 0.00582059 0.00210792 -0.00178426 -0.00576391 -0.00983094 -0.0139363 -0.0180299 -0.0220424 -0.0259738 -0.0297339 -0.0332923 -0.0366047 -0.0396305 -0.0423069 -0.0446209 -0.0465542 -0.0480657 -0.0491343 -0.0497638 -0.0499413 -0.0496456 -0.0489323 -0.047801 -0.0462551 -0.0443207 -0.0420689 -0.0395078 -0.036686 -0.0336086 -0.0303382 -0.0269025 -0.0233324 -0.0196207 -0.015838 -0.0119764 -0.00806995 -0.004136 -0.000208413 0.00373118 0.00761889 0.0114581 0.0152258 0.0189242 0.0225106 0.0259737 0.0292635 0.0324053 0.0353477 0.0380376 0.0404451 0.0425799 0.0443736 0.0458104 0.0468772 0.0475508 0.0478053 0.0476557 0.0471094 0.0461475 0.0447825 0.0430393 0.040936 0.0384692 0.0357179 0.0326768 0.0293812 0.0258765 0.0222203 0.0184018 0.0145235 0.0105852 0.00662751 0.00268578 -0.00119792 -0.00501991 -0.00872395 -0.0122991 -0.0157301 -0.0189831 -0.0220696 -0.0249637 -0.0276803 -0.0302026 -0.0325773 -0.0347805 -0.0368729 -0.0388682 -0.0407989 -0.0426919 -0.0445842 -0.0464745 -0.0483726 -0.0502757 -0.0521019 -0.0538344 -0.0553131 -0.056436 -0.0570414 -0.05696 -0.0560697 -0.0542685 -0.0515157 -0.0478587 -0.0434114 -0.0383293 -0.0328953 -0.0273395 -0.0220055 -0.0171643 -0.0130493 -0.00987005 -0.0076452 -0.00638194 -0.0059325 -0.00613853 -0.00681541 -0.00774861 -0.00877094 -0.00971804 -0.0104921 -0.0110231 -0.011309 -0.011366 -0.0112443 -0.0109732 -0.010573 -0.0100955 -0.00956443 -0.00904228 -0.00852466 -0.00801196 -0.0075259 -0.00706644 -0.00668072 -0.00634231 
0 0.00026696 0.000546473 0.000839587 0.00116156 0.00151651 0.00191796 0.00237551 0.00289139 0.00347791 0.00415861 0.00495794 0.00591488 0.0070534 0.00840328 0.0100071 0.0118623 0.0139767 0.0162739 0.0186446 0.0209418 0.0229479 0.0244925 0.0253563 0.0253819 0.0244595 0.0225504 0.0197649 0.016272 0.0123433 0.00828699 0.00442923 0.00106499 -0.00156353 -0.00327956 -0.00398275 -0.00364329 -0.00235168 -0.000227826 0.00255557 0.00577591 0.00924133 0.0127522 0.0161572 0.0193509 0.0222141 0.0247098 0.0268207 0.0284945 0.0297492 0.0305961 0.0310231 0.0310746 0.0307428 0.0300582 0.0290554 0.0277118 0.0260654 0.0241413 0.0219232 0.0194387 0.0167295 0.0137812 0.0106276 0.00728817 0.00378963 0.000136254 -0.00362693 -0.00746628 -0.0113688 -0.0152976 -0.0192064 -0.0230832 -0.0268803 -0.0305336 -0.0340346 -0.037321 -0.0403588 -0.0431227 -0.0455763 -0.0476607 -0.0493784 -0.050687 -0.051583 -0.0520377 -0.0520561 -0.0516168 -0.050724 -0.0493877 -0.0476685 -0.0455316 -0.0430021 -0.0401493 -0.0370075 -0.033563 -0.0298887 -0.0260012 -0.0219311 -0.0177244 -0.0134099 -0.00899366 -0.0045513 -9.3295e-05 0.00434899 0.00873068 0.0130323 0.0172461 0.0212873 0.0251657 0.0288783 0.0323687 0.0355807 0.0385289 0.0411685 0.0434847 0.0454326 0.0470013 0.0481739 0.0489529 0.0493129 0.049288 0.0488494 0.0480125 0.0467986 0.0452295 0.0433086 0.0410828 0.0385519 0.0357557 0.032729 0.0294983 0.0261034 0.0225778 0.0189428 0.0152286 0.0114711 0.00769263 0.00392392 0.000179508 -0.00349203 -0.00710538 -0.0106308 -0.0140287 -0.0173141 -0.0204788 -0.0234789 -0.0263586 -0.0291163 -0.0317435 -0.0342884 -0.0367483 -0.0391593 -0.0415499 -0.0439219 -0.046321 -0.0487565 -0.0511976 -0.0536459 -0.0560414 -0.0582829 -0.0602606 -0.0618122 -0.0627756 -0.0629737 -0.0622445 -0.0604979 -0.0576899 -0.053854 -0.0491069 -0.0436597 -0.0377656 -0.0317363 -0.0259059 -0.0205838 -0.0160654 -0.0125057 -0.0100012 -0.00852408 -0.00794122 -0.00809413 -0.00874737 -0.00970768 -0.0107736 -0.0117703 -0.0125889 -0.0131549 -0.0134591 -0.013526 -0.0133826 -0.0130737 -0.0126403 -0.0121156 -0.0115587 -0.010984 -0.0104232 -0.00988317 -0.00936023 -0.00889205 -0.00846108 -0.00809163 
0 0.000341081 0.000690182 0.00105873 0.00145189 0.00188428 0.00236264 0.00289351 0.00348632 0.00415861 0.00494194 0.00586304 0.00695574 0.00824926 0.00979505 0.0116194 0.0137295 0.0161033 0.0186582 0.0213022 0.0238321 0.0260528 0.0277418 0.0286827 0.0287329 0.0277276 0.025689 0.0226949 0.0189459 0.0147317 0.0103489 0.00618593 0.00254099 -0.000325749 -0.00222336 -0.00303621 -0.00275694 -0.0014562 0.000698979 0.00354151 0.00685212 0.0103721 0.0139446 0.0173728 0.0205518 0.023354 0.025736 0.0276734 0.0291372 0.0301289 0.0306714 0.0307996 0.0305076 0.0298415 0.0288265 0.0275029 0.0258532 0.0239563 0.0218074 0.0194245 0.0168341 0.0140498 0.0110911 0.00797097 0.00470848 0.00133775 -0.00212146 -0.00568776 -0.00927822 -0.0129186 -0.0165824 -0.0202253 -0.0238145 -0.027371 -0.0308161 -0.0341454 -0.0373239 -0.0403183 -0.0430697 -0.0455649 -0.0477768 -0.0496631 -0.0511811 -0.0523307 -0.0530696 -0.0533595 -0.0532326 -0.0526588 -0.0516062 -0.0500982 -0.0481563 -0.0457702 -0.0429929 -0.0398148 -0.0362747 -0.0324341 -0.0283197 -0.0239321 -0.0193717 -0.0146496 -0.00980637 -0.00490926 -1.41037e-06 0.00491199 0.00972635 0.0144261 0.0189838 0.0233479 0.027472 0.0313434 0.0348905 0.0381276 0.0410263 0.0435241 0.0456156 0.0473275 0.0486104 0.0494711 0.0499312 0.0499751 0.0496131 0.0488772 0.0477922 0.0463553 0.0445991 0.0425564 0.0402575 0.0377 0.0349706 0.0320575 0.028979 0.0257806 0.0224993 0.0191006 0.0156723 0.0122025 0.00870141 0.0051943 0.0017081 -0.0017571 -0.00517596 -0.00853826 -0.0118253 -0.0150348 -0.0181854 -0.0212325 -0.0242156 -0.0271275 -0.0299887 -0.0327889 -0.0355805 -0.0383762 -0.0411924 -0.0440415 -0.046966 -0.0499478 -0.0529609 -0.0559989 -0.0589665 -0.0617949 -0.0642992 -0.0663441 -0.0677404 -0.0682724 -0.0677837 -0.0661684 -0.0633761 -0.0594447 -0.0545019 -0.048761 -0.0425384 -0.0361154 -0.0298877 -0.0241858 -0.019298 -0.0154358 -0.0126527 -0.0109764 -0.0102622 -0.0103324 -0.0109633 -0.0119251 -0.0130249 -0.0140635 -0.0149192 -0.0155183 -0.0158513 -0.0159281 -0.0157803 -0.0154518 -0.014993 -0.0144572 -0.0138718 -0.0132712 -0.0126736 -0.0120989 -0.011559 -0.0110514 -0.0105861 -0.0101642 
0 0.000429431 0.000866735 0.0013204 0.00180005 0.00231827 0.00288293 0.0035 0.00418311 0.00495794 0.00586304 0.00692336 0.00817064 0.00964379 0.0113963 0.0134644 0.0158349 0.0184742 0.0212981 0.0241968 0.0269717 0.0293873 0.0312167 0.0322358 0.0322834 0.0312125 0.0290254 0.0258308 0.0218339 0.0173285 0.0126383 0.00816249 0.00422665 0.00109965 -0.00101922 -0.00200876 -0.00184881 -0.00063564 0.00147232 0.00429348 0.00758922 0.0110993 0.0146299 0.0179943 0.021069 0.0237221 0.025911 0.0276254 0.0288266 0.0295298 0.0297666 0.0295695 0.0289571 0.0279699 0.0266558 0.0250595 0.0231744 0.02107 0.0187689 0.0162746 0.013622 0.0108406 0.00794176 0.00493291 0.00183664 -0.00132346 -0.00454551 -0.00782733 -0.0111099 -0.0144167 -0.0177327 -0.0210234 -0.0242853 -0.0275241 -0.0306842 -0.0337665 -0.0367464 -0.039596 -0.0422804 -0.0447725 -0.0470341 -0.0490257 -0.0507072 -0.0520658 -0.0530557 -0.0536367 -0.0538075 -0.0535261 -0.0527688 -0.0515552 -0.0498577 -0.0476528 -0.0449975 -0.0418892 -0.0383378 -0.0344064 -0.0301277 -0.0255244 -0.0206925 -0.0156596 -0.0104684 -0.00520753 7.32257e-05 0.00534484 0.0105079 0.0155307 0.0203697 0.0249406 0.0292101 0.0331681 0.0367317 0.0398863 0.0426316 0.0449301 0.0467802 0.0482 0.0491656 0.0496972 0.0498253 0.0495513 0.0489009 0.0479014 0.0465789 0.0449591 0.0430792 0.0409741 0.0386752 0.0361873 0.0335708 0.0308313 0.0279781 0.02505 0.0220666 0.0189992 0.0159006 0.0127708 0.0096097 0.00643442 0.0032659 0.000102634 -0.00305482 -0.00619607 -0.00929936 -0.0123837 -0.015454 -0.0184727 -0.0214821 -0.0244874 -0.0274915 -0.0305053 -0.0335646 -0.0366862 -0.0398833 -0.0431619 -0.046568 -0.0500793 -0.0536564 -0.0572812 -0.0608591 -0.0642751 -0.0673483 -0.0699124 -0.0717657 -0.0726818 -0.0724823 -0.0710667 -0.0683772 -0.0644459 -0.0594059 -0.0534953 -0.0470311 -0.040331 -0.0337981 -0.0277926 -0.0226263 -0.0184987 -0.0154975 -0.0136437 -0.0128094 -0.0128104 -0.0134067 -0.0143748 -0.0155016 -0.0165833 -0.0174847 -0.0181299 -0.0185055 -0.0186117 -0.0184722 -0.0181379 -0.0176724 -0.0171262 -0.0165277 -0.0158976 -0.0152663 -0.0146644 -0.0140999 -0.0135709 -0.0130685 -0.0126071 
0 0.000536105 0.00108102 0.00163815 0.00222304 0.00284352 0.00351058 0.00423078 0.0050207 0.00591488 0.00695574 0.00817064 0.00959091 0.0112653 0.0132465 0.0155783 0.0182268 0.0211433 0.0242416 0.027387 0.0303919 0.0329809 0.0349255 0.0359991 0.0360188 0.0348692 0.0325242 0.0291257 0.0248796 0.0200777 0.0150746 0.010266 0.00600994 0.00258094 0.00018887 -0.00104226 -0.00107939 -4.0484e-05 0.00192654 0.00462645 0.00780447 0.0112121 0.0146144 0.0178442 0.0207528 0.0232115 0.0251713 0.0266311 0.0275519 0.02796 0.0279015 0.027404 0.0265147 0.02526 0.0237073 0.021896 0.0198403 0.0175927 0.015205 0.012671 0.0100259 0.00731072 0.0045261 0.0016819 -0.0011984 -0.00409306 -0.00702062 -0.00995953 -0.012891 -0.0158253 -0.0187624 -0.0216681 -0.0245612 -0.0274326 -0.0302606 -0.0330443 -0.0357708 -0.0384123 -0.0409495 -0.043354 -0.0455898 -0.0476221 -0.0494064 -0.0509161 -0.0520974 -0.0529175 -0.0533504 -0.0533506 -0.0528783 -0.0519449 -0.0504997 -0.0485243 -0.0460454 -0.0430654 -0.0395766 -0.0356494 -0.0313088 -0.0265991 -0.0215987 -0.0163659 -0.0109443 -0.00543823 0.00010434 0.00562021 0.0110194 0.016242 0.0212453 0.0259251 0.0302493 0.0341875 0.0376785 0.0406921 0.0432442 0.0453026 0.0468796 0.0479915 0.0486476 0.0488684 0.0486916 0.0481293 0.0472247 0.0460102 0.0445189 0.0427891 0.0408565 0.0387556 0.0365169 0.0341606 0.0317179 0.0292076 0.0266245 0.024002 0.0213418 0.0186389 0.0159063 0.0131604 0.0103824 0.00758239 0.00476791 0.00194389 -0.000910629 -0.00377989 -0.00664656 -0.0095472 -0.0124743 -0.0154062 -0.018377 -0.0214057 -0.0244757 -0.0276255 -0.0308729 -0.0342487 -0.0377625 -0.0414213 -0.0452633 -0.0492643 -0.0533726 -0.0575517 -0.0617153 -0.0656987 -0.0693363 -0.0724251 -0.0747521 -0.0760813 -0.0762143 -0.0750507 -0.0725289 -0.0686762 -0.0636301 -0.0576536 -0.0510519 -0.0441865 -0.0374525 -0.031238 -0.0258737 -0.0215435 -0.0183778 -0.0163835 -0.0154581 -0.0154122 -0.0159946 -0.0169888 -0.0181601 -0.0193029 -0.0202686 -0.0209797 -0.0214147 -0.0215671 -0.0214502 -0.021123 -0.0206637 -0.0201184 -0.0195207 -0.0188746 -0.0182241 -0.017607 -0.0170261 -0.0164843 -0.0159519 -0.0154585 
0 0.000667117 0.00134006 0.00202471 0.00273166 0.00347194 0.00425761 0.00509893 0.00601534 0.0070534 0.00824926 0.00964379 0.0112653 0.0131612 0.0154066 0.0180098 0.0209568 0.0241584 0.0275189 0.0309163 0.0341072 0.0368557 0.0388759 0.0399547 0.0399221 0.0386303 0.03611 0.0324685 0.0279428 0.0228319 0.0174876 0.0123278 0.00772038 0.00394763 0.00122724 -0.000298294 -0.000628201 0.000167281 0.00189957 0.00437943 0.0073701 0.0105748 0.0137932 0.0168273 0.0195225 0.0217611 0.0234904 0.0246849 0.0253545 0.0254983 0.0251677 0.024434 0.0233025 0.0218454 0.0201216 0.0181672 0.0160077 0.0137132 0.0112976 0.00879546 0.00623404 0.00362996 0.00101311 -0.0016159 -0.00424419 -0.00685458 -0.00943986 -0.0120306 -0.0145853 -0.0171265 -0.0196648 -0.0221891 -0.0246813 -0.0271797 -0.0296593 -0.0321081 -0.0345354 -0.0369309 -0.0392513 -0.0414864 -0.043629 -0.0456181 -0.047417 -0.0489993 -0.0503136 -0.0512894 -0.0519225 -0.0521579 -0.0519424 -0.0512348 -0.0500324 -0.0482986 -0.046035 -0.0432149 -0.0398731 -0.0360414 -0.0317606 -0.0270565 -0.0220268 -0.0167194 -0.0112161 -0.00559507 5.66401e-05 0.00568533 0.0111742 0.0164616 0.0214746 0.0261562 0.0304283 0.0342545 0.0375824 0.0404272 0.0427595 0.0445649 0.0458611 0.0467023 0.0470747 0.0470206 0.04659 0.0458124 0.0447094 0.0433566 0.0417891 0.0400234 0.0381092 0.0360922 0.0339779 0.0317878 0.0295739 0.0273149 0.0250206 0.022718 0.0204092 0.0180612 0.015721 0.0133635 0.0109742 0.00855761 0.006123 0.00363759 0.00111522 -0.00144779 -0.00406118 -0.00672454 -0.00945621 -0.0122461 -0.0151121 -0.0180767 -0.0211608 -0.0243529 -0.027724 -0.031283 -0.0350309 -0.0390037 -0.0432108 -0.0476235 -0.0522008 -0.0568834 -0.0615585 -0.0660874 -0.0702397 -0.073836 -0.0766349 -0.0783744 -0.0788771 -0.0780067 -0.0757101 -0.0720105 -0.0670513 -0.0610876 -0.0544604 -0.0475128 -0.0406742 -0.0343472 -0.0288399 -0.0243968 -0.0211071 -0.0190264 -0.0180521 -0.0179797 -0.0185926 -0.0196302 -0.0208783 -0.0221113 -0.023172 -0.0239872 -0.0245173 -0.0247499 -0.0246939 -0.0244082 -0.0239763 -0.0234591 -0.0228674 -0.0222255 -0.0215673 -0.0209395 -0.0203625 -0.0198048 -0.0192671 -0.0187511 
0 0.000811995 0.00162865 0.00245912 0.00330757 0.00419245 0.00512258 0.00611342 0.00719545 0.00840328 0.00979505 0.0113963 0.0132465 0.0154066 0.0179188 0.0208265 0.0240591 0.0275369 0.0311582 0.0347449 0.0381143 0.0409479 0.0429997 0.0440436 0.0438727 0.0424237 0.0396556 0.0357408 0.0309023 0.0254316 0.0197259 0.0141735 0.00916922 0.00500826 0.00191287 1.08193e-05 -0.00065193 -0.000200068 0.00123297 0.00343296 0.00613735 0.00911213 0.0120814 0.0148895 0.0173566 0.0193752 0.0208747 0.0218593 0.0223035 0.0222376 0.0217224 0.0207826 0.0194992 0.0179027 0.0160722 0.0140442 0.011879 0.00958085 0.00723369 0.00482765 0.00238894 -3.38848e-05 -0.00244291 -0.00483265 -0.00717758 -0.00947389 -0.0117539 -0.01397 -0.0161647 -0.0183232 -0.0204671 -0.0225828 -0.0247166 -0.026831 -0.0289514 -0.0310625 -0.0331738 -0.0352551 -0.0373262 -0.0393569 -0.0413116 -0.0431662 -0.0449 -0.0464559 -0.047788 -0.0488701 -0.0496209 -0.0499879 -0.0499379 -0.049454 -0.0484587 -0.0469339 -0.0448649 -0.042278 -0.0391451 -0.0355001 -0.0313666 -0.0268226 -0.0218987 -0.0166874 -0.0112461 -0.00568409 -7.17734e-05 0.00547282 0.0108947 0.016092 0.0209975 0.0255118 0.0296158 0.0332588 0.0364108 0.0390134 0.0410992 0.0426778 0.0437576 0.0443398 0.04449 0.044237 0.0436212 0.0427005 0.0415255 0.0401256 0.0385413 0.0368337 0.0350209 0.0331378 0.0311983 0.0292414 0.0272449 0.0252585 0.023269 0.0212928 0.0193093 0.0173491 0.0153564 0.0133689 0.0113573 0.00931099 0.00722607 0.00510596 0.00290815 0.000651263 -0.00166133 -0.00407697 -0.00656531 -0.00915585 -0.0118605 -0.0147195 -0.0177198 -0.0209253 -0.024334 -0.0279948 -0.0319134 -0.0361045 -0.040587 -0.0453343 -0.0502943 -0.0553887 -0.0605316 -0.0655021 -0.0701403 -0.0741907 -0.0774153 -0.0795697 -0.0804275 -0.079874 -0.0778386 -0.0743403 -0.0695243 -0.0636676 -0.0570691 -0.0501486 -0.0432911 -0.0369211 -0.0313817 -0.0268578 -0.0235332 -0.0214025 -0.0204084 -0.0203628 -0.0210115 -0.0221433 -0.023491 -0.0248511 -0.0260591 -0.0270223 -0.0277041 -0.02807 -0.0281272 -0.0279363 -0.0275824 -0.0271233 -0.0265819 -0.0259665 -0.0253279 -0.0247139 -0.024137 -0.0235862 -0.0230344 -0.0225074 
0 0.000972145 0.00195224 0.00294597 0.00396411 0.00501842 0.00612452 0.00730372 0.00858014 0.0100071 0.0116194 0.0134644 0.0155783 0.0180098 0.0208265 0.024013 0.0275329 0.0312652 0.0350911 0.038854 0.0423023 0.0451809 0.0471875 0.0481107 0.0477706 0.0460712 0.0430384 0.0388013 0.0336067 0.0277536 0.0216356 0.0156465 0.0101972 0.00558646 0.00204863 -0.000263817 -0.00135447 -0.0012736 -0.000204797 0.00164973 0.00405288 0.00672909 0.009448 0.0120225 0.0142693 0.0160923 0.0174238 0.0182182 0.0185146 0.0183059 0.017654 0.0166241 0.0152532 0.0136118 0.0117633 0.00974108 0.00760839 0.00540565 0.00315756 0.000908338 -0.00132939 -0.00353995 -0.005712 -0.00782959 -0.00989467 -0.0119016 -0.013841 -0.0157262 -0.0175752 -0.0193763 -0.0211558 -0.0229273 -0.024675 -0.0264248 -0.0281929 -0.0299587 -0.0317386 -0.0335289 -0.0352988 -0.0370464 -0.0387666 -0.040426 -0.0419947 -0.0434323 -0.0446964 -0.0457324 -0.0464891 -0.0469323 -0.0469982 -0.0466083 -0.0457584 -0.044441 -0.0426007 -0.0402266 -0.0373464 -0.0339663 -0.0301163 -0.0258399 -0.0211783 -0.016213 -0.0110355 -0.00571429 -0.000347165 0.00496133 0.0101288 0.0150597 0.0196806 0.0239544 0.0278033 0.0311636 0.034045 0.0364402 0.0383109 0.0396676 0.0405407 0.040963 0.0409731 0.0406101 0.0399261 0.0389741 0.0377904 0.0364404 0.0349684 0.0333838 0.0317283 0.0300372 0.0283096 0.0265816 0.0248705 0.0231629 0.0214733 0.019807 0.0181475 0.0165019 0.0148617 0.0132107 0.0115345 0.00982719 0.00807594 0.00626809 0.0043997 0.0024675 0.0004395 -0.00167902 -0.00391084 -0.00628465 -0.00879975 -0.0114939 -0.0143975 -0.017518 -0.0209116 -0.0246054 -0.0285982 -0.032945 -0.0376179 -0.0426047 -0.047862 -0.0532909 -0.058778 -0.0641462 -0.0691639 -0.073608 -0.0772128 -0.0797082 -0.0809077 -0.0806388 -0.0788578 -0.0755787 -0.0709488 -0.0652338 -0.05876 -0.0519252 -0.04514 -0.0388253 -0.0332925 -0.0287941 -0.0254566 -0.0233337 -0.0223625 -0.0223524 -0.0231004 -0.0243376 -0.0258375 -0.0273699 -0.0287698 -0.02995 -0.0308397 -0.0314091 -0.0316498 -0.0316217 -0.0314045 -0.0310622 -0.0306084 -0.030068 -0.0294836 -0.0289046 -0.0283587 -0.0278139 -0.0272742 -0.0267429 
0 0.00116738 0.00233956 0.00353418 0.00474615 0.00600237 0.00731031 0.00869823 0.0102037 0.0118623 0.0137295 0.0158349 0.0182268 0.0209568 0.0240591 0.0275329 0.0313017 0.0352524 0.0392504 0.0431037 0.0465893 0.0494164 0.0513087 0.0520469 0.0514448 0.0494538 0.0460796 0.041474 0.0358785 0.0295936 0.0230301 0.0165738 0.0106358 0.00553801 0.0015194 -0.00127561 -0.00282149 -0.00318571 -0.00251427 -0.00102055 0.00104931 0.00345173 0.00592772 0.0082901 0.0103506 0.0120182 0.0132108 0.0139002 0.0141034 0.0138344 0.013153 0.0120951 0.0107333 0.00912728 0.0073335 0.00539428 0.00339201 0.00132636 -0.000746012 -0.00280072 -0.00482622 -0.00679332 -0.0087035 -0.0105446 -0.0123113 -0.0140183 -0.015672 -0.0172451 -0.0187897 -0.0202772 -0.0217268 -0.0231551 -0.0245842 -0.0259972 -0.0274264 -0.0288577 -0.0303062 -0.0317539 -0.0332167 -0.0346816 -0.0361131 -0.0374979 -0.0388288 -0.0400452 -0.0411226 -0.0420386 -0.0427008 -0.0430734 -0.0431282 -0.0428085 -0.042069 -0.040896 -0.0392369 -0.0371205 -0.0345424 -0.0314886 -0.0279868 -0.0241101 -0.0198613 -0.0153282 -0.0105853 -0.00570516 -0.00077884 0.00407183 0.00881196 0.0133344 0.017556 0.0214314 0.0249269 0.0279794 0.0305925 0.0327198 0.0343651 0.0355672 0.0363315 0.0366564 0.036624 0.0362644 0.0356113 0.034741 0.033689 0.0324786 0.0311604 0.0297759 0.0283394 0.0268839 0.0254156 0.0239656 0.022514 0.0210917 0.0197002 0.0183299 0.0169611 0.0156263 0.0142656 0.0128994 0.0115217 0.0101118 0.0086581 0.00716231 0.0055913 0.00394758 0.00220736 0.000351893 -0.00161542 -0.0037512 -0.00605439 -0.00856369 -0.0113104 -0.0143329 -0.0176483 -0.0213068 -0.0253191 -0.0297226 -0.0345038 -0.0396498 -0.0451159 -0.0507894 -0.0565541 -0.0622016 -0.0675243 -0.0722573 -0.0761364 -0.0789109 -0.0803675 -0.0803482 -0.0787974 -0.0757335 -0.0713044 -0.0657701 -0.0594463 -0.05276 -0.0461002 -0.0398861 -0.0344419 -0.0299965 -0.0267196 -0.0246388 -0.0237185 -0.0237962 -0.024654 -0.026055 -0.0277434 -0.0295046 -0.0311699 -0.0326253 -0.0338035 -0.0346456 -0.0351457 -0.0353529 -0.0353343 -0.0351605 -0.0348446 -0.0344215 -0.033935 -0.0334333 -0.0329485 -0.0324546 -0.0319588 -0.0314651 
0 0.00139428 0.00279402 0.00421902 0.00566217 0.00715056 0.00869067 0.0103151 0.012066 0.0139767 0.0161033 0.0184742 0.0211433 0.0241584 0.0275369 0.0312652 0.0352524 0.0393785 0.0434901 0.0473771 0.0508123 0.0535066 0.055194 0.0556556 0.0547196 0.0523585 0.0485906 0.0435691 0.0375316 0.0307858 0.0237453 0.016792 0.0103382 0.00472024 0.000189356 -0.00310767 -0.00513935 -0.00595794 -0.00569755 -0.00457186 -0.00282419 -0.000687529 0.00157905 0.00377664 0.0057124 0.00729452 0.00843264 0.00908629 0.00927474 0.00901817 0.00837425 0.00737537 0.00610307 0.00461541 0.00295793 0.00117154 -0.000658155 -0.00253228 -0.00439966 -0.00622947 -0.00801045 -0.00972312 -0.0113769 -0.0129504 -0.0144463 -0.0158813 -0.0172549 -0.0185436 -0.0198106 -0.0210221 -0.0221928 -0.0233377 -0.0244691 -0.0255702 -0.0266778 -0.0277866 -0.0289096 -0.0300297 -0.0311586 -0.0322894 -0.0333899 -0.0344599 -0.0354858 -0.0364075 -0.0372052 -0.0378697 -0.0383192 -0.038544 -0.0385089 -0.0381489 -0.0374378 -0.0363838 -0.034913 -0.0330443 -0.0307778 -0.0281056 -0.0250494 -0.0216746 -0.0179702 -0.0140264 -0.00990918 -0.00566972 -0.00137954 0.00284547 0.00698203 0.0109298 0.0146251 0.0180315 0.0211037 0.0237718 0.0260703 0.0279582 0.0294246 0.0305024 0.0312094 0.0315405 0.0315774 0.0313341 0.0308317 0.0301368 0.029287 0.0283 0.027229 0.0261021 0.0249291 0.0237416 0.0225515 0.0213854 0.0202211 0.0190811 0.0179638 0.016855 0.0157403 0.0146623 0.0135593 0.0124493 0.0113312 0.0101824 0.00898352 0.00774917 0.00644566 0.00506819 0.00358941 0.00199337 0.000272759 -0.00163291 -0.00371941 -0.00602392 -0.00858923 -0.0114603 -0.0146526 -0.0182275 -0.0222051 -0.026619 -0.0314487 -0.0366845 -0.0422786 -0.048106 -0.0540413 -0.0598764 -0.0653969 -0.0703234 -0.0743886 -0.0773481 -0.0789873 -0.0791431 -0.0777652 -0.0748803 -0.0706338 -0.0652775 -0.0591268 -0.0526117 -0.0461138 -0.0400375 -0.0347087 -0.0303604 -0.0271689 -0.0251665 -0.0243313 -0.0245262 -0.0255413 -0.0271427 -0.0290722 -0.0311179 -0.0331067 -0.0349042 -0.0364287 -0.0376106 -0.0384384 -0.0389511 -0.0392035 -0.0392649 -0.039156 -0.0389179 -0.038594 -0.038229 -0.0378576 -0.0374628 -0.0370571 -0.0366447 
0 0.00165279 0.00331475 0.00499187 0.00669516 0.00843233 0.0102209 0.0120973 0.0140963 0.0162739 0.0186582 0.0212981 0.0242416 0.0275189 0.0311582 0.0350911 0.0392504 0.0434901 0.0476352 0.0514887 0.0547718 0.0572518 0.0586434 0.058738 0.0574003 0.0545841 0.050365 0.0448707 0.0383478 0.0311179 0.023586 0.0161355 0.00917721 0.00304983 -0.00198748 -0.00576789 -0.00828891 -0.00954386 -0.00968431 -0.00890954 -0.00744389 -0.00554288 -0.00343457 -0.00135016 0.000521439 0.00207663 0.00323971 0.00392736 0.00418894 0.00402982 0.00349334 0.00263364 0.00150625 0.000190779 -0.00127901 -0.00285379 -0.00447275 -0.00609739 -0.00773303 -0.00932095 -0.0108507 -0.0123187 -0.013729 -0.0150455 -0.0162889 -0.0174827 -0.0185964 -0.0196471 -0.0206642 -0.0216289 -0.0225404 -0.0234397 -0.0242971 -0.0251321 -0.025951 -0.0267595 -0.0275535 -0.028348 -0.0291297 -0.029906 -0.0306471 -0.0313554 -0.0320062 -0.0325625 -0.0330163 -0.033348 -0.0334985 -0.0334762 -0.0332633 -0.0327876 -0.0320542 -0.0310643 -0.0297561 -0.0281271 -0.0262029 -0.0239563 -0.0214206 -0.0186339 -0.015606 -0.0123905 -0.00905667 -0.00561702 -0.00214234 0.00130073 0.00468122 0.00793128 0.0109816 0.0138291 0.0164084 0.0186679 0.0206333 0.0222907 0.0236048 0.024618 0.0253448 0.0257793 0.0259676 0.0259264 0.0256726 0.0252501 0.0246855 0.023996 0.0232346 0.0224067 0.0215446 0.0206631 0.0197761 0.0188862 0.0180065 0.0171191 0.0162535 0.015382 0.0145069 0.0136411 0.0127693 0.0118711 0.0109699 0.0100452 0.00906942 0.00805097 0.00697666 0.00582281 0.00455622 0.00320004 0.00170076 2.32795e-05 -0.00184289 -0.00393096 -0.00631538 -0.00900906 -0.0120657 -0.0155266 -0.0194216 -0.0237969 -0.0286084 -0.0338642 -0.0395082 -0.04541 -0.0514165 -0.0573552 -0.0629611 -0.0679813 -0.0721377 -0.0751821 -0.0769309 -0.0771881 -0.0759288 -0.0731806 -0.0690847 -0.0638791 -0.0578966 -0.0515403 -0.0452077 -0.0392809 -0.0340691 -0.0298494 -0.0267499 -0.0248501 -0.0241194 -0.0244387 -0.0256405 -0.0274539 -0.0296614 -0.0320325 -0.0343927 -0.0366008 -0.038535 -0.0401369 -0.0413732 -0.0422722 -0.042877 -0.0432462 -0.0434161 -0.0434315 -0.0433355 -0.0431704 -0.0429735 -0.0427382 -0.0424847 -0.042213 
