0 0 0 0 0 0 0 0 0 0 0 0 0 0 0 0 0 0 0 0 0 0 0 0 0 0 0 0 0 0 0 0 0 0 0 0 0 0 0 0 0 0 0 0 0 0 0 0 0 0 0 0 0 0 0 0 0 0 0 0 0 0 0 0 0 0 0 0 0 0 0 0 0 0 0 0 0 0 0 0 0 0 0 0 0 0 0 0 0 0 0 0 0 0 0 0 0 0 0 0 0 0 0 0 0 0 0 0 0 0 0 0 0 0 0 0 0 0 0 0 0 0 0 0 0 0 0 0 0 0 0 0 0 0 0 0 0 0 0 0 0 0 0 0 0 0 0 0 0 0 0 0 0 0 0 0 0 0 0 0 0 0 0 0 0 0 0 0 0 0 0 0 0 0 0 0 0 0 0 0 0 0 0 0 0 0 0 0 0 0 0 0 0 0 0 0 0 0 0 0 
0 -2.14054e-06 6.46264e-06 8.24061e-06 1.90145e-05 1.74564e-05 2.73692e-05 3.77476e-05 3.9388e-05 4.84242e-05 5.30965e-05 7.20152e-05 7.72925e-05 7.55804e-05 8.15817e-05 8.79923e-05 9.99802e-05 0.000100354 0.000108696 0.00012628 0.000138452 0.000148716 0.000157868 0.000173079 0.000189975 0.000200759 0.000210581 0.000212583 0.000204586 0.000201303 0.000195559 0.000184457 0.000168161 0.000154607 0.000152807 0.000147811 0.000146375 0.000154968 0.000169897 0.000198677 0.000249228 0.000319324 0.00040556 0.000520585 0.000671991 0.000870279 0.00110749 0.00138724 0.00170216 0.00201785 0.00233555 0.00262629 0.00285538 0.0030116 0.00307963 0.0030509 0.00295188 0.00279894 0.00263613 0.00249569 0.00240446 0.00240882 0.00250837 0.00271858 0.00304784 0.00347126 0.00396509 0.00452075 0.00508017 0.00562117 0.00611143 0.00651189 0.00678826 0.00692778 0.00690129 0.00669806 0.00633046 0.00580848 0.00514505 0.00438064 0.0035407 0.00263384 0.00170791 0.00077466 -0.000151288 -0.0010275 -0.00182991 -0.00256085 -0.00316838 -0.00364694 -0.00399293 -0.00419994 -0.00427107 -0.00423172 -0.00407173 -0.00382351 -0.00349104 -0.00307177 -0.00256487 -0.00200212 -0.00139302 -0.000760862 -0.000101344 0.000545135 0.00115297 0.00171504 0.00223206 0.00267273 0.00304883 0.00333183 0.00350538 0.00356274 0.00348605 0.00324515 0.00287265 0.00235867 0.00170835 0.00095189 0.000108163 -0.000818775 -0.00178878 -0.00279422 -0.00381948 -0.0048343 -0.00581554 -0.00674314 -0.00758548 -0.00831776 -0.00893556 -0.00942293 -0.00977171 -0.00998616 -0.0100634 -0.00997762 -0.00974806 -0.00935377 -0.00879052 -0.00808303 -0.00724455 -0.00629088 -0.00528502 -0.00425093 -0.003237 -0.00229565 -0.00145652 -0.00075769 -0.000212174 0.000173574 0.000408869 0.000526636 0.000554067 0.000511744 0.000446171 0.000362587 0.000276252 0.000208475 0.000160128 0.000128042 0.000108295 9.70087e-05 8.13517e-05 6.18225e-05 4.0113e-05 2.05921e-05 -8.65816e-06 -4.80367e-05 -8.24815e-05 -0.000120274 -0.000153507 -0.000177255 -0.000199894 -0.000221955 -0.000243978 -0.000254648 -0.000256107 -0.000265294 -0.000271904 -0.000271642 -0.000271003 -0.000264134 -0.00026266 -0.000256073 -0.000251489 -0.000251406 -0.000239489 -0.000240944 -0.000241434 -0.000246354 -0.000245844 -0.000238761 -0.000252019 -0.000255276 -0.000259711 -0.000254977 -0.000255174 -0.000263947 -0.000252894 -0.000248841 -0.000241855 -0.000245784 
0 6.46264e-06 1.54474e-05 3.9892e-05 4.38011e-05 5.3352e-05 6.67629e-05 7.90294e-05 9.20694e-05 8.72619e-05 0.00010813 0.000129162 0.000141924 0.000147222 0.000151601 0.000183962 0.000198119 0.000208929 0.00022415 0.000252351 0.000280685 0.000291547 0.00030901 0.000334403 0.000363174 0.0003833 0.000409269 0.000411116 0.000414709 0.000409663 0.000406654 0.000397046 0.000351132 0.00034065 0.000317582 0.000310464 0.000305274 0.000309666 0.000345912 0.000394747 0.00049428 0.000635668 0.00081001 0.00103832 0.0013602 0.00174671 0.00223867 0.00279636 0.00341615 0.00405519 0.00467312 0.00525436 0.00571625 0.00603519 0.00618197 0.00615667 0.00595846 0.00568044 0.00535464 0.00506576 0.00488169 0.00487175 0.0050479 0.00545726 0.00609106 0.00690749 0.00789063 0.00896441 0.0100684 0.0111288 0.0120787 0.0128364 0.0133696 0.0135986 0.0135354 0.0131378 0.0124263 0.0114201 0.0101575 0.0086613 0.0070197 0.00525001 0.00342641 0.00159693 -0.000193877 -0.00190405 -0.00347585 -0.00487476 -0.00604623 -0.00698831 -0.00768105 -0.00810197 -0.00827848 -0.00822579 -0.00794136 -0.00745845 -0.00678665 -0.00594289 -0.00498829 -0.00391236 -0.00271421 -0.00147398 -0.000235102 0.00100287 0.00219309 0.00330976 0.00432476 0.00519463 0.00590973 0.0064469 0.00676045 0.00683577 0.00665614 0.00619843 0.00547114 0.00446134 0.0032086 0.00174737 9.49367e-05 -0.00171213 -0.00360879 -0.00559999 -0.00760393 -0.00958356 -0.0114979 -0.0133011 -0.0149285 -0.0163868 -0.0176069 -0.0185947 -0.0193174 -0.0197743 -0.0199382 -0.0198086 -0.0193577 -0.0185944 -0.0174983 -0.0161031 -0.0144474 -0.0125752 -0.0105777 -0.00853442 -0.00653911 -0.00465887 -0.00300685 -0.00160626 -0.000509456 0.00027273 0.000756128 0.00101807 0.00106812 0.00100224 0.000866419 0.000689313 0.000525116 0.000374689 0.000284295 0.000222607 0.00018728 0.000170587 0.000154364 0.000110493 8.78039e-05 4.50789e-05 -8.21753e-06 -7.27589e-05 -0.00015513 -0.000214209 -0.000294395 -0.000342455 -0.000392151 -0.000446966 -0.000490723 -0.000515136 -0.000519851 -0.000531705 -0.000540323 -0.000540924 -0.000528039 -0.00052801 -0.000516641 -0.000514964 -0.000513642 -0.000507768 -0.000504913 -0.00049172 -0.000506527 -0.000507038 -0.000498603 -0.00049058 -0.000491202 -0.000507299 -0.000495795 -0.000488836 -0.000491427 -0.000499052 -0.000498479 -0.000479488 -0.000484864 -0.000494656 
0 8.24061e-06 3.9892e-05 5.23702e-05 7.76668e-05 7.65655e-05 0.000101718 0.000128282 0.000133041 0.000148584 0.00015675 0.000197734 0.00021204 0.000214771 0.000238283 0.000266997 0.000302175 0.000307635 0.000330033 0.000375644 0.000411175 0.000438732 0.00046352 0.000500956 0.000541779 0.000569957 0.000598697 0.00061341 0.000609594 0.000617279 0.000617483 0.000597993 0.000556103 0.00051755 0.000500801 0.000477023 0.00046202 0.000474352 0.000512967 0.000595332 0.000747023 0.000962978 0.00123638 0.00159916 0.00207373 0.00268175 0.00340621 0.00424856 0.00518499 0.00613016 0.00707346 0.00794205 0.00864027 0.00913073 0.00936941 0.00933349 0.00908205 0.00866736 0.0082009 0.00777547 0.00747602 0.00742746 0.00765016 0.00819491 0.00908767 0.0102674 0.0116683 0.0132414 0.0148286 0.0163446 0.0176908 0.0187608 0.0194719 0.0197939 0.0196728 0.0190878 0.0180704 0.0166422 0.0148271 0.0127123 0.0103623 0.00780985 0.00518511 0.00254549 -5.06389e-05 -0.0024895 -0.00470944 -0.00671587 -0.00840261 -0.00976283 -0.0107891 -0.0114553 -0.0117549 -0.0117251 -0.011336 -0.0106595 -0.00971818 -0.00852705 -0.00711386 -0.00556244 -0.00390181 -0.00218472 -0.00039896 0.00137541 0.00307448 0.00466755 0.00613097 0.00737141 0.00839119 0.00911791 0.00951463 0.00957894 0.00928339 0.0085732 0.00752047 0.00609702 0.0043045 0.00220323 -0.000168301 -0.00278804 -0.00554632 -0.00840445 -0.0113025 -0.0141561 -0.0169081 -0.0195118 -0.0218964 -0.0240112 -0.0258365 -0.0273258 -0.0284427 -0.0291772 -0.029501 -0.0293465 -0.0287441 -0.0276485 -0.026053 -0.0240247 -0.0216073 -0.0188568 -0.0159351 -0.0129238 -0.00995736 -0.00718044 -0.00469015 -0.00259184 -0.000933732 0.000260369 0.00101299 0.00141096 0.00152634 0.00142981 0.00124246 0.000994063 0.000735291 0.000525976 0.00037783 0.000284594 0.000234871 0.000214773 0.000189182 0.000151724 0.000109726 6.56479e-05 -7.8315e-06 -0.000112025 -0.000213177 -0.000324213 -0.00042832 -0.000509175 -0.000586335 -0.000660947 -0.000729601 -0.00076304 -0.000769193 -0.000788882 -0.000802352 -0.000800307 -0.000797683 -0.000786263 -0.00078767 -0.000781187 -0.00077878 -0.000782864 -0.000758183 -0.000759373 -0.000760461 -0.000767126 -0.000756728 -0.000729728 -0.000746893 -0.000743546 -0.000740138 -0.000720805 -0.000720777 -0.000745563 -0.000729805 -0.000727133 -0.000721242 -0.000744877 
0 1.90145e-05 4.38011e-05 7.76668e-05 8.80622e-05 0.000103419 0.000131116 0.000160787 0.000185074 0.000187148 0.000216815 0.00025322 0.000277247 0.000292995 0.00031544 0.000372207 0.000405493 0.000424722 0.000453211 0.0005051 0.000558031 0.000588298 0.000623368 0.000669536 0.000717378 0.000751508 0.000790281 0.000798738 0.000806146 0.000804855 0.000802322 0.000782186 0.000712613 0.00068452 0.000651247 0.000639223 0.000636271 0.000657195 0.000731264 0.000845318 0.0010511 0.00134243 0.00171124 0.00219427 0.00284998 0.00365307 0.0046451 0.0057756 0.00702132 0.00830315 0.00955257 0.0107162 0.0116603 0.0123274 0.0126633 0.0126603 0.0123338 0.01182 0.0112021 0.0106225 0.0102096 0.0100944 0.0103222 0.0109758 0.0120576 0.0135038 0.015265 0.017211 0.0192057 0.0211054 0.0227786 0.0240863 0.0249617 0.0253047 0.0251242 0.0243754 0.0230918 0.0213021 0.0190562 0.0163999 0.0134557 0.0102717 0.00698036 0.00367778 0.000453355 -0.00260552 -0.00541069 -0.00791565 -0.010043 -0.0117885 -0.0131223 -0.0140032 -0.0144497 -0.0144714 -0.0140541 -0.0132478 -0.0120824 -0.0106017 -0.00890218 -0.00700176 -0.00491802 -0.00275863 -0.000579361 0.00160276 0.00371444 0.00570326 0.00750588 0.00903232 0.0102496 0.0111092 0.0115493 0.0115577 0.0111212 0.0102143 0.00885769 0.0070318 0.00477773 0.00214161 -0.000846984 -0.00412865 -0.00759239 -0.0112111 -0.0148578 -0.0184575 -0.0219437 -0.0252504 -0.0282894 -0.0310542 -0.033449 -0.035452 -0.0369946 -0.0380453 -0.0385423 -0.0384547 -0.0377408 -0.0363986 -0.0344061 -0.0318227 -0.0287185 -0.0251791 -0.021369 -0.0174357 -0.0135525 -0.00987102 -0.00658482 -0.00377752 -0.00154836 7.19679e-05 0.00111113 0.00168881 0.00185798 0.00177316 0.00153828 0.00121928 0.000907009 0.000630737 0.000453691 0.000339343 0.000278635 0.000252544 0.000225606 0.000162584 0.000119693 4.96751e-05 -4.42903e-05 -0.000163285 -0.000306927 -0.000428358 -0.000571454 -0.000671986 -0.000771518 -0.000876298 -0.000962008 -0.00101177 -0.0010283 -0.0010523 -0.00107037 -0.00107261 -0.00105711 -0.00105332 -0.00103921 -0.00103643 -0.00103529 -0.00102805 -0.00101701 -0.000999153 -0.00101627 -0.00101838 -0.00100493 -0.000989915 -0.000993126 -0.00101029 -0.000991893 -0.000976128 -0.000980066 -0.000995222 -0.00099427 -0.000971029 -0.000973979 -0.000990166 
0 1.74564e-05 5.3352e-05 7.65655e-05 0.000103419 0.000116077 0.000153955 0.000197845 0.000223261 0.000248524 0.000276246 0.000328023 0.000356696 0.000373762 0.00041023 0.000461736 0.000508642 0.000528148 0.000564614 0.0006296 0.000691728 0.000739802 0.000786802 0.000845182 0.0009037 0.000945824 0.000980559 0.000993806 0.000987591 0.000985427 0.000974752 0.000939763 0.000877494 0.00083268 0.000814868 0.000806609 0.000816179 0.000863194 0.000960203 0.00112309 0.00139046 0.00176211 0.00223894 0.00286485 0.00368327 0.00471479 0.00595368 0.0073826 0.00895538 0.0105674 0.0121579 0.0136245 0.0148253 0.0156817 0.0161275 0.0161386 0.0157763 0.0151442 0.0143893 0.0136609 0.0131072 0.0128916 0.0130837 0.0137615 0.0149545 0.0165929 0.0185872 0.0208231 0.0231029 0.0252699 0.0271718 0.0286589 0.0296242 0.0300079 0.0297655 0.0288738 0.0273695 0.0252901 0.0226798 0.0196367 0.0162588 0.0126137 0.00885093 0.00506811 0.00135379 -0.00216321 -0.00539917 -0.00832344 -0.0108305 -0.0128928 -0.0144882 -0.0155785 -0.016158 -0.0162503 -0.015842 -0.0149982 -0.0137531 -0.0121367 -0.0102082 -0.00804911 -0.00571094 -0.00327323 -0.000767992 0.00172046 0.00410162 0.00631887 0.00831755 0.00999812 0.0113305 0.0122392 0.0126712 0.0126159 0.0120432 0.0109145 0.00928559 0.00714294 0.00450283 0.00143164 -0.00202532 -0.00581767 -0.00982586 -0.0139905 -0.0182214 -0.0224168 -0.0265043 -0.0304153 -0.0340619 -0.0373854 -0.0403285 -0.0428214 -0.0447931 -0.0461934 -0.0469507 -0.0469817 -0.0462705 -0.0447699 -0.042467 -0.039434 -0.0357413 -0.0314926 -0.0268913 -0.0221013 -0.0173306 -0.0128011 -0.00870356 -0.00519971 -0.00239399 -0.000333162 0.00101507 0.00177082 0.00204499 0.00197806 0.00172827 0.00137578 0.00100701 0.000698901 0.000482846 0.000348714 0.000277556 0.000244059 0.000205284 0.000144804 8.26338e-05 8.51267e-06 -0.000100029 -0.000244692 -0.00039813 -0.000556702 -0.000710651 -0.000835216 -0.000952827 -0.00106943 -0.00117311 -0.00123357 -0.00126329 -0.0013012 -0.00133196 -0.00134082 -0.00133636 -0.00132308 -0.00131286 -0.00130121 -0.00129419 -0.00128857 -0.00126082 -0.0012516 -0.00125601 -0.00126299 -0.00125297 -0.00123489 -0.00125585 -0.00126567 -0.00126046 -0.00124108 -0.00124433 -0.00126588 -0.00125046 -0.00123497 -0.0012227 -0.00123688 
0 2.73692e-05 6.67629e-05 0.000101718 0.000131116 0.000153955 0.000193402 0.000238699 0.00027068 0.000297624 0.000335286 0.000387437 0.000423641 0.000450008 0.000492739 0.000555182 0.000609376 0.000643465 0.000690466 0.000761947 0.000832705 0.000887554 0.000940975 0.00100497 0.00106823 0.00111718 0.00115503 0.00116967 0.00116886 0.0011651 0.00115288 0.00111571 0.00105248 0.00101083 0.000995359 0.000999632 0.00102717 0.0010963 0.00122761 0.00143903 0.00176876 0.0022255 0.0028169 0.00358964 0.00459642 0.00585419 0.00736552 0.00909994 0.010998 0.0129558 0.0148807 0.0166561 0.0181281 0.0191899 0.0197646 0.0198276 0.0194305 0.0187008 0.0177959 0.0168928 0.0161739 0.0158128 0.0159109 0.0165561 0.0177707 0.0194886 0.0216119 0.0239945 0.0264402 0.0287662 0.0308009 0.0323849 0.0334054 0.033784 0.0334844 0.0324863 0.0308229 0.0285411 0.0257023 0.0224012 0.018749 0.014834 0.0107897 0.00672111 0.00272158 -0.00109778 -0.00464526 -0.00785643 -0.0106383 -0.0129492 -0.0147539 -0.0160159 -0.0167382 -0.0169382 -0.0166161 -0.0158178 -0.0145791 -0.0129394 -0.0109634 -0.0087087 -0.00623228 -0.00363304 -0.000985258 0.00163125 0.0041265 0.00643222 0.00847966 0.0101841 0.0115037 0.0123772 0.0127465 0.0125862 0.0118678 0.010566 0.00870859 0.0063011 0.00338009 9.27171e-06 -0.00376222 -0.00787376 -0.0122284 -0.0167666 -0.0213951 -0.0260202 -0.0305646 -0.034949 -0.0390836 -0.0429063 -0.0463383 -0.0493034 -0.0517161 -0.0535003 -0.0545624 -0.0548118 -0.0541906 -0.0526467 -0.0501589 -0.0467836 -0.0426052 -0.0377529 -0.0324378 -0.0268724 -0.0212974 -0.0159661 -0.0111166 -0.00693368 -0.00355271 -0.00103448 0.000654626 0.00163491 0.00203576 0.00202833 0.00177907 0.00140136 0.00100065 0.000658462 0.000420304 0.00027588 0.000203813 0.000172728 0.000138245 8.1323e-05 2.13991e-05 -5.64641e-05 -0.000169446 -0.000319643 -0.000489253 -0.000663136 -0.000835981 -0.000982283 -0.00112016 -0.00125748 -0.0013762 -0.00145302 -0.0014991 -0.00154657 -0.00158665 -0.00160369 -0.00160155 -0.0015908 -0.00157767 -0.00156793 -0.00156318 -0.00155565 -0.00153389 -0.00152073 -0.00152457 -0.00152594 -0.0015109 -0.00149505 -0.0015071 -0.00151831 -0.0015085 -0.00148906 -0.00149192 -0.00150776 -0.00149855 -0.00148168 -0.00147575 -0.00148865 
0 3.77476e-05 7.90294e-05 0.000128282 0.000160787 0.000197845 0.000238699 0.000282576 0.000320796 0.000348295 0.000396921 0.000446747 0.000490869 0.000527884 0.000575603 0.000647807 0.000707626 0.000759579 0.000818515 0.000895591 0.000974813 0.00103667 0.00109649 0.0011626 0.00122617 0.00127763 0.00131476 0.00132912 0.00133616 0.00133444 0.00132591 0.00129446 0.00123894 0.00120718 0.00119584 0.00121456 0.00126197 0.00135514 0.00152527 0.0017927 0.00219442 0.00274861 0.00347181 0.00440955 0.0056218 0.00711899 0.0089144 0.0109628 0.0131921 0.0155048 0.0177723 0.0198649 0.0216185 0.0228962 0.0236093 0.0237331 0.0233062 0.022478 0.021411 0.020309 0.019386 0.0188216 0.0187538 0.0192786 0.0204125 0.0220982 0.0242323 0.0266374 0.0291286 0.0315006 0.0335709 0.0351763 0.0362047 0.0365602 0.0362155 0.0351546 0.0334069 0.0310279 0.0280974 0.0246998 0.0209497 0.0169501 0.0128076 0.0086324 0.00452551 0.00058018 -0.00311152 -0.00645885 -0.00939404 -0.0118622 -0.0138211 -0.0152379 -0.0161175 -0.0164601 -0.0162837 -0.0156125 -0.0144828 -0.0129348 -0.0110406 -0.0088459 -0.00642041 -0.00385806 -0.00125801 0.0013089 0.00374827 0.00598325 0.00793446 0.00953757 0.0107309 0.011471 0.011702 0.0113908 0.0105123 0.00906257 0.00704035 0.00446952 0.00139507 -0.00213197 -0.00606167 -0.0103225 -0.0148459 -0.0195713 -0.0244114 -0.0292905 -0.034132 -0.0388508 -0.0433591 -0.0475912 -0.051449 -0.0548538 -0.057707 -0.059907 -0.0613335 -0.0618862 -0.0614532 -0.059974 -0.0574145 -0.0538101 -0.0492574 -0.0439127 -0.0379871 -0.0317415 -0.0254464 -0.0193803 -0.0138279 -0.00899401 -0.00504584 -0.0020584 -1.43758e-06 0.00123896 0.00180533 0.00189625 0.00167776 0.00129886 0.000883745 0.00051684 0.000261558 0.000110605 4.29439e-05 2.14929e-05 3.29685e-06 -3.60544e-05 -8.07108e-05 -0.000152734 -0.000261385 -0.000409243 -0.000590417 -0.000774604 -0.000962619 -0.00112845 -0.00128453 -0.00143901 -0.00156905 -0.00166087 -0.0017232 -0.00177809 -0.00182604 -0.00185376 -0.00185784 -0.00185653 -0.00184587 -0.00184278 -0.00184226 -0.00183201 -0.00181873 -0.00180074 -0.00180344 -0.00179702 -0.00177563 -0.00176116 -0.00175771 -0.00176718 -0.00175161 -0.00173436 -0.00173557 -0.0017426 -0.00174276 -0.00172656 -0.00173143 -0.00174404 
0 3.9388e-05 9.20694e-05 0.000133041 0.000185074 0.000223261 0.00027068 0.000320796 0.000356242 0.000408043 0.000454372 0.00051625 0.000568752 0.000614202 0.000680006 0.000744956 0.000819502 0.000880488 0.00094993 0.00103354 0.00111384 0.00118784 0.00125364 0.00131959 0.00138254 0.00143541 0.00146161 0.00148306 0.00148174 0.00148724 0.00147879 0.00144456 0.00141913 0.00138479 0.00140237 0.0014403 0.00152032 0.00166187 0.00187815 0.0022216 0.00270954 0.00337039 0.00423759 0.00536152 0.00677521 0.00854102 0.0106185 0.012996 0.0155766 0.0182465 0.0208802 0.0232974 0.0253363 0.0268333 0.0276866 0.0278467 0.0273966 0.0264366 0.0251882 0.023861 0.0226855 0.0218605 0.0215598 0.0218614 0.0228066 0.0243484 0.0263501 0.0286689 0.0310865 0.0334028 0.035428 0.0370066 0.0379899 0.0383343 0.0379605 0.0368881 0.0351429 0.0327888 0.0298891 0.0265657 0.0228855 0.0189661 0.0149027 0.0107994 0.00674415 0.00285216 -0.000800128 -0.00414169 -0.00710753 -0.00962865 -0.0116803 -0.0132409 -0.0142802 -0.0147975 -0.0148098 -0.0143373 -0.013417 -0.0120898 -0.0103907 -0.00841394 -0.00624926 -0.00394918 -0.00158096 0.000745198 0.0029461 0.00494073 0.00665618 0.00803015 0.00899988 0.00950513 0.00951849 0.00901877 0.00797773 0.00639168 0.00427672 0.00166032 -0.00144653 -0.00498916 -0.00891452 -0.0131688 -0.0177014 -0.0224239 -0.0273087 -0.0322697 -0.0372415 -0.0421497 -0.0469271 -0.0514557 -0.0556871 -0.0594903 -0.0627693 -0.0653958 -0.0672386 -0.0681381 -0.0679928 -0.0666778 -0.0641583 -0.0604558 -0.0556543 -0.0499294 -0.0435122 -0.0366823 -0.0297413 -0.023028 -0.0168108 -0.0113743 -0.00688034 -0.00342535 -0.000984994 0.00053073 0.00131376 0.00152927 0.00138489 0.00104736 0.000634534 0.000280409 1.38106e-05 -0.000132087 -0.000188968 -0.000197897 -0.000202548 -0.000207938 -0.000247861 -0.000300824 -0.000400045 -0.000548025 -0.000714166 -0.000916688 -0.00109512 -0.00127817 -0.00144807 -0.00160859 -0.00175486 -0.00186041 -0.00194244 -0.00200855 -0.00206436 -0.0020999 -0.00211979 -0.00211678 -0.00211944 -0.00211394 -0.00211062 -0.00210284 -0.00207876 -0.00207449 -0.0020627 -0.00206038 -0.0020434 -0.0020253 -0.00202952 -0.00202115 -0.00201959 -0.00200369 -0.0020013 -0.00200891 -0.00199721 -0.00199534 -0.00198929 -0.00199883 
0 4.84242e-05 8.72619e-05 0.000148584 0.000187148 0.000248524 0.000297624 0.000348295 0.000408043 0.000455546 0.000527497 0.000582431 0.000649062 0.000714493 0.000780106 0.000860336 0.000929261 0.00100964 0.00108696 0.00116866 0.00125461 0.00133311 0.00140373 0.00147069 0.00153043 0.00158156 0.00161206 0.00162084 0.0016329 0.00162771 0.00161749 0.00159587 0.00157347 0.00157608 0.00160498 0.00168715 0.00182074 0.00201722 0.00231204 0.00274271 0.0033272 0.00411067 0.00513153 0.00643612 0.0080894 0.0101042 0.0125027 0.0152208 0.0181599 0.0212227 0.0242202 0.0269716 0.0293011 0.031008 0.0319797 0.0321852 0.0316552 0.0305601 0.0290862 0.0274844 0.0260161 0.0248734 0.0242519 0.0242591 0.0249056 0.0261677 0.027941 0.0300323 0.0322793 0.0344645 0.0363864 0.0378822 0.0388377 0.0391463 0.0387869 0.0377722 0.0361203 0.0338909 0.031181 0.0280438 0.0245748 0.0208979 0.0170705 0.0132004 0.00939784 0.00571113 0.00221853 -0.000969497 -0.00384279 -0.00634745 -0.00843066 -0.0100707 -0.0112612 -0.0119732 -0.0122297 -0.0120169 -0.0113772 -0.0103724 -0.00907064 -0.0074999 -0.00573177 -0.00383789 -0.00193054 -5.56912e-05 0.00172472 0.00332851 0.00466182 0.00567923 0.00629811 0.00650328 0.00626049 0.00553154 0.00432223 0.00266403 0.000510886 -0.00209516 -0.00511111 -0.00853255 -0.0123167 -0.0163979 -0.0207669 -0.02536 -0.0301156 -0.0350041 -0.0399623 -0.0449203 -0.0498204 -0.054584 -0.0590952 -0.0632564 -0.0669376 -0.0699819 -0.0722297 -0.0735416 -0.0737226 -0.0726708 -0.0703167 -0.0666304 -0.0617114 -0.0557418 -0.0489327 -0.0416229 -0.0341461 -0.0268367 -0.0200532 -0.014053 -0.00905131 -0.00515016 -0.00232983 -0.000506785 0.00049438 0.000890017 0.000850378 0.000580874 0.000232375 -0.00010387 -0.00033994 -0.000469661 -0.000509857 -0.000502092 -0.000482625 -0.000470733 -0.000479912 -0.000523265 -0.000602279 -0.000720149 -0.000885943 -0.00105925 -0.00124086 -0.00142146 -0.00159722 -0.00177252 -0.0019227 -0.00205366 -0.00215766 -0.00223619 -0.00230171 -0.0023506 -0.00237285 -0.00238598 -0.00238414 -0.00238482 -0.0023798 -0.00235637 -0.00234892 -0.00232815 -0.00232724 -0.00231896 -0.00230556 -0.00230823 -0.00229243 -0.00230113 -0.00228988 -0.00228916 -0.00228954 -0.00227636 -0.00228166 -0.00226009 -0.00226308 -0.00225286 
0 5.30965e-05 0.00010813 0.00015675 0.000216815 0.000276246 0.000335286 0.000396921 0.000454372 0.000527497 0.000591637 0.000658362 0.000730898 0.000803914 0.000886956 0.000955387 0.00103665 0.00112422 0.00121091 0.00129754 0.00138284 0.0014717 0.00155085 0.00161581 0.00167639 0.00173057 0.00175083 0.00177049 0.00176935 0.00177303 0.00176444 0.00174736 0.00177049 0.0017852 0.00186125 0.00197931 0.00216466 0.00243233 0.00279832 0.0033288 0.00403059 0.00495013 0.00614716 0.00767437 0.00955867 0.0118763 0.0145861 0.0176643 0.0209897 0.0244371 0.0278221 0.0309097 0.0335122 0.035415 0.0364905 0.0366796 0.0360758 0.0347862 0.0330607 0.031151 0.0293211 0.0277824 0.0267646 0.0263531 0.0266027 0.0275056 0.0289306 0.0307398 0.0327353 0.0347131 0.0364767 0.0378785 0.0387678 0.0391072 0.0388127 0.0379249 0.0364544 0.034462 0.0320109 0.0292048 0.0260844 0.0227783 0.0193379 0.0158572 0.0124122 0.00907905 0.00590572 0.00295658 0.000250333 -0.00213783 -0.00418548 -0.00588268 -0.00718214 -0.0080665 -0.00857309 -0.0087002 -0.00847721 -0.00794062 -0.00710817 -0.00606394 -0.00489546 -0.00361898 -0.00229147 -0.00100363 0.000185989 0.00120383 0.0019922 0.00252633 0.00273272 0.00256599 0.00202143 0.00107958 -0.000275151 -0.00201878 -0.00415639 -0.00664888 -0.0095022 -0.0127007 -0.0162125 -0.0200055 -0.0240864 -0.0283729 -0.0328806 -0.0375617 -0.0423732 -0.0472648 -0.0522026 -0.0570573 -0.0617828 -0.0662238 -0.0702555 -0.0736992 -0.0763802 -0.0780919 -0.0786654 -0.0779242 -0.075796 -0.0722396 -0.0673191 -0.0612225 -0.0541718 -0.0465034 -0.0385808 -0.0307996 -0.0234902 -0.0170042 -0.0115379 -0.00721482 -0.00402734 -0.00190811 -0.000642475 -6.05479e-05 5.01518e-05 -0.00010299 -0.000384752 -0.000651198 -0.000862569 -0.000960619 -0.000973455 -0.000939744 -0.000887916 -0.000822061 -0.000804275 -0.000803733 -0.000848882 -0.000944301 -0.00106836 -0.00124015 -0.00139125 -0.00157339 -0.00174966 -0.00191506 -0.00207567 -0.0022153 -0.00234213 -0.00243815 -0.00251798 -0.0025832 -0.00262852 -0.00264693 -0.0026654 -0.00266672 -0.00266045 -0.00264365 -0.00262485 -0.00262011 -0.00259926 -0.00259282 -0.00258455 -0.00257871 -0.00257219 -0.00255661 -0.00255958 -0.00255746 -0.00255275 -0.00254434 -0.00253601 -0.00253693 -0.00252677 -0.00251583 
0 7.20152e-05 0.000129162 0.000197734 0.00025322 0.000328023 0.000387437 0.000446747 0.00051625 0.000582431 0.000658362 0.00071753 0.000797561 0.000887151 0.000974981 0.00105805 0.00114465 0.00125356 0.00135287 0.00143971 0.0015238 0.00161245 0.00168714 0.00174582 0.00179746 0.0018458 0.00187324 0.00188712 0.00190419 0.00191115 0.00191643 0.00193074 0.00197947 0.00204682 0.0021545 0.00232779 0.00257934 0.00292031 0.0033807 0.00402029 0.00484599 0.00592218 0.0073127 0.00906844 0.0112396 0.0138592 0.0169319 0.0203879 0.0241018 0.0279449 0.0316872 0.0350819 0.0379306 0.0399951 0.0411388 0.0413172 0.0405826 0.0390886 0.0370555 0.0347646 0.0324997 0.0304856 0.0289651 0.0280682 0.0278361 0.0282848 0.0293149 0.030761 0.032459 0.0342059 0.0357987 0.0370878 0.0379588 0.0383287 0.0381563 0.0374706 0.0362709 0.0346009 0.0325451 0.0301489 0.0274782 0.0246564 0.0217144 0.018729 0.0157831 0.0128891 0.0100931 0.00747812 0.00503672 0.00281805 0.000870334 -0.000803351 -0.00218955 -0.00327121 -0.00407283 -0.00457613 -0.00481034 -0.00482416 -0.00463814 -0.00427372 -0.00378446 -0.00321131 -0.00263873 -0.0021129 -0.0016581 -0.00133168 -0.00119051 -0.00125133 -0.00157018 -0.00215283 -0.00301163 -0.00418848 -0.00567259 -0.00743416 -0.00951674 -0.0118787 -0.0144953 -0.0173918 -0.0205464 -0.0239405 -0.0276163 -0.0315293 -0.0356697 -0.0400405 -0.0445989 -0.0493074 -0.054146 -0.0590265 -0.0638586 -0.0685211 -0.0728565 -0.0766603 -0.0797325 -0.0818631 -0.0828164 -0.082426 -0.0805877 -0.0772207 -0.0723978 -0.0662907 -0.0591103 -0.0512172 -0.0429957 -0.0348342 -0.0271305 -0.0202167 -0.0143353 -0.00961724 -0.00606824 -0.00363147 -0.00211073 -0.00130906 -0.00103774 -0.00106771 -0.00123638 -0.00143552 -0.00157583 -0.00162287 -0.00158745 -0.00150417 -0.00139656 -0.00127785 -0.00120023 -0.00115767 -0.00115616 -0.00120159 -0.00130029 -0.00142847 -0.00156918 -0.00173827 -0.00191112 -0.00207838 -0.00223224 -0.00238695 -0.00252496 -0.0026317 -0.00272117 -0.00280012 -0.00285664 -0.00289527 -0.00292363 -0.00294078 -0.00294456 -0.00293126 -0.00293353 -0.00292185 -0.00290326 -0.00288334 -0.00287097 -0.00286958 -0.0028388 -0.00282437 -0.00281318 -0.00281609 -0.00280954 -0.00278839 -0.00279768 -0.00279579 -0.00280069 -0.00278483 
0 7.72925e-05 0.000141924 0.00021204 0.000277247 0.000356696 0.000423641 0.000490869 0.000568752 0.000649062 0.000730898 0.000797561 0.000885441 0.000986579 0.00108309 0.00116806 0.00126139 0.00137979 0.00148587 0.00157202 0.0016539 0.00174354 0.00182029 0.00187245 0.00191714 0.00195967 0.00198358 0.0020012 0.00202131 0.00204138 0.00206504 0.00211192 0.00220883 0.00232649 0.00249067 0.00272755 0.00305655 0.00349043 0.00405917 0.00482477 0.0058037 0.00706133 0.00867576 0.0107 0.0131732 0.0161352 0.0195759 0.0234203 0.0275301 0.0317505 0.035834 0.03951 0.0425581 0.0447401 0.0459072 0.0460091 0.045109 0.0433466 0.040953 0.0382205 0.0354407 0.0328653 0.0307639 0.0292863 0.0285061 0.0284542 0.0290375 0.0301054 0.031489 0.0329907 0.0344178 0.0356269 0.0365041 0.0369777 0.036994 0.0365737 0.0357133 0.0344488 0.0328514 0.0309711 0.0288556 0.0266048 0.0242398 0.0218186 0.0194045 0.0170148 0.0146816 0.0124596 0.0103415 0.00836919 0.00656633 0.00492491 0.00346575 0.00220056 0.00109678 0.000165964 -0.000601913 -0.00122766 -0.00171679 -0.00210239 -0.00243114 -0.00271084 -0.00298503 -0.00329488 -0.00366495 -0.00413767 -0.00473752 -0.00545789 -0.00634019 -0.00739214 -0.00860999 -0.0100204 -0.011624 -0.0134024 -0.0153874 -0.0175533 -0.0199003 -0.022457 -0.0252145 -0.0281752 -0.0313899 -0.0348358 -0.0385372 -0.0425111 -0.0467334 -0.0511854 -0.0558551 -0.0606575 -0.0655202 -0.0703163 -0.0748804 -0.0789946 -0.0824312 -0.0849422 -0.0862748 -0.0862315 -0.0846904 -0.0815648 -0.0769089 -0.0708861 -0.0637043 -0.0557132 -0.047308 -0.0388928 -0.0308735 -0.0236176 -0.0173793 -0.0123057 -0.00842545 -0.00568573 -0.00389724 -0.00287211 -0.00241206 -0.00228677 -0.0023302 -0.00242437 -0.00248478 -0.00246156 -0.00236246 -0.00221632 -0.00203755 -0.00184636 -0.00170266 -0.00159992 -0.0015437 -0.00154011 -0.00159088 -0.00168129 -0.00178959 -0.00193857 -0.00209756 -0.00224836 -0.00239591 -0.00255144 -0.00269936 -0.00281743 -0.00291838 -0.00301274 -0.00308598 -0.00314001 -0.0031831 -0.00320885 -0.00321728 -0.00321281 -0.0032216 -0.00321608 -0.00319064 -0.00316526 -0.00315581 -0.00315497 -0.00312489 -0.00310295 -0.0030949 -0.00309793 -0.00308605 -0.0030621 -0.00306812 -0.00307453 -0.0030758 -0.00305698 
0 7.55804e-05 0.000147222 0.000214771 0.000292995 0.000373762 0.000450008 0.000527884 0.000614202 0.000714493 0.000803914 0.000887151 0.000986579 0.00109977 0.00120703 0.00129356 0.00139358 0.00151304 0.00161876 0.00169829 0.00177279 0.00185869 0.00193463 0.00198043 0.00201922 0.00205952 0.00208572 0.00211707 0.0021459 0.00218608 0.00223311 0.0023141 0.00246123 0.0026325 0.00286602 0.00318225 0.00361021 0.00416366 0.00486843 0.0057849 0.00694263 0.00840604 0.0102657 0.012581 0.0153762 0.0187022 0.0225236 0.0267621 0.0312641 0.0358402 0.0402327 0.0441496 0.047349 0.0495984 0.0507387 0.0507074 0.0495805 0.0474775 0.0446485 0.0413969 0.0380299 0.0348355 0.0321047 0.0300059 0.0286424 0.0280535 0.0281551 0.0288238 0.0298889 0.0311672 0.0324727 0.0336625 0.0346083 0.0352471 0.03551 0.0354118 0.0349505 0.0341587 0.0330842 0.0317804 0.0302741 0.0286376 0.0268907 0.0250734 0.0232246 0.0213674 0.0195254 0.0177272 0.0159679 0.0142696 0.0126332 0.0110394 0.00950606 0.0080364 0.00661517 0.00525292 0.00394732 0.00267996 0.00145973 0.000263668 -0.000928974 -0.00211505 -0.00330791 -0.00453203 -0.00578457 -0.00708869 -0.00845238 -0.00986759 -0.0113486 -0.0128983 -0.0144976 -0.0161568 -0.0178799 -0.0196666 -0.0215406 -0.0235017 -0.0255705 -0.0277725 -0.0301156 -0.0326254 -0.0353545 -0.0383037 -0.0415278 -0.0450524 -0.0488818 -0.0530172 -0.0574564 -0.0621167 -0.0669407 -0.0717883 -0.0764912 -0.080824 -0.0845451 -0.0873743 -0.0890548 -0.0893521 -0.0881225 -0.085273 -0.0808347 -0.0749598 -0.0678622 -0.0598755 -0.0513997 -0.0428523 -0.0346308 -0.0271335 -0.0206173 -0.0152471 -0.0110761 -0.00805673 -0.00601127 -0.00476626 -0.00410664 -0.00380803 -0.00370356 -0.00366151 -0.00361332 -0.00349364 -0.00331158 -0.00308749 -0.00282801 -0.00255723 -0.00233851 -0.00216205 -0.00203581 -0.00196603 -0.00194614 -0.0019811 -0.00204054 -0.00215823 -0.00229661 -0.00242952 -0.00257383 -0.0027304 -0.00288833 -0.00301729 -0.0031274 -0.00323037 -0.00331512 -0.00337817 -0.00343236 -0.00346244 -0.00347232 -0.00347769 -0.00348944 -0.00349429 -0.00346615 -0.00344315 -0.00344159 -0.00344291 -0.00342387 -0.0033975 -0.00339909 -0.00340288 -0.00338657 -0.00336237 -0.00335687 -0.00336799 -0.00335667 -0.00333179 
0 8.15817e-05 0.000151601 0.000238283 0.00031544 0.00041023 0.000492739 0.000575603 0.000680006 0.000780106 0.000886956 0.000974981 0.00108309 0.00120703 0.00131307 0.00141085 0.00150932 0.00162973 0.00173443 0.00180878 0.00188097 0.00196845 0.00204152 0.00209054 0.0021249 0.00216073 0.00220506 0.00223771 0.00229626 0.00235118 0.00242979 0.00256387 0.00274992 0.00300387 0.0033044 0.00371692 0.00425708 0.00493852 0.00580022 0.00689042 0.00824932 0.00995747 0.0120995 0.0147266 0.0178917 0.0215807 0.0258011 0.0304242 0.0352936 0.0402019 0.044859 0.0489674 0.0522694 0.0545238 0.0555601 0.0553405 0.0538862 0.0513768 0.0480355 0.0441957 0.0401903 0.0363456 0.0329425 0.0302117 0.0282476 0.0270991 0.0267298 0.0269983 0.0277688 0.0288679 0.03011 0.0313331 0.0324401 0.0332994 0.0338825 0.0341693 0.0341627 0.033874 0.0333751 0.032659 0.0317784 0.0307696 0.0296501 0.0284335 0.0271755 0.0258566 0.0244991 0.0231264 0.0217236 0.0202675 0.0187769 0.0172352 0.0156261 0.013949 0.0122129 0.0104247 0.00858177 0.00667301 0.00470179 0.00268346 0.00062826 -0.001462 -0.00359056 -0.00573955 -0.00788693 -0.0100257 -0.0121512 -0.0142615 -0.0163467 -0.0183782 -0.02035 -0.0222814 -0.024147 -0.0259543 -0.0277444 -0.0295331 -0.0313256 -0.0331878 -0.0351327 -0.0371998 -0.039445 -0.0419219 -0.0446531 -0.0477249 -0.0511476 -0.0549419 -0.0590988 -0.0635861 -0.068285 -0.0731057 -0.0778525 -0.0823023 -0.0862039 -0.0892869 -0.0912404 -0.0918492 -0.0909243 -0.0883496 -0.0841643 -0.0784846 -0.0715301 -0.0636328 -0.0551922 -0.0466023 -0.0383106 -0.0306626 -0.0239641 -0.0183749 -0.0139671 -0.0106984 -0.00842949 -0.00696257 -0.0061075 -0.00563626 -0.00535878 -0.00518601 -0.00499855 -0.0047731 -0.00449177 -0.00416831 -0.00380882 -0.00344736 -0.00312226 -0.00285969 -0.00264393 -0.00248156 -0.00239307 -0.0023374 -0.00235323 -0.00241689 -0.00251853 -0.00263122 -0.00274917 -0.00290669 -0.00306163 -0.0032001 -0.00332122 -0.00343324 -0.00352963 -0.00361336 -0.00367711 -0.00372242 -0.00374006 -0.00375073 -0.00377909 -0.00377714 -0.00376164 -0.00373568 -0.00373624 -0.00374496 -0.00371413 -0.00369841 -0.00368877 -0.00369678 -0.00367978 -0.00364538 -0.00364867 -0.00364627 -0.00364368 -0.00361443 
0 8.79923e-05 0.000183962 0.000266997 0.000372207 0.000461736 0.000555182 0.000647807 0.000744956 0.000860336 0.000955387 0.00105805 0.00116806 0.00129356 0.00141085 0.001509 0.0016177 0.0017363 0.00184208 0.00191695 0.00199213 0.00207288 0.00215206 0.0021946 0.002228 0.00226909 0.00231136 0.00237812 0.00244256 0.00253821 0.00266123 0.00284659 0.00311563 0.00343933 0.00384568 0.00436181 0.00502293 0.00585132 0.00688342 0.00815861 0.00975753 0.0117346 0.0141916 0.017186 0.0207185 0.0248228 0.0294232 0.0344192 0.0396329 0.044813 0.0496757 0.0539158 0.0572331 0.0594143 0.0602783 0.0597564 0.0579271 0.0549184 0.0510121 0.0465451 0.0418685 0.0373373 0.03327 0.0298748 0.0273127 0.0256341 0.0248017 0.02473 0.0252706 0.0262467 0.0274878 0.0288344 0.0301333 0.0313042 0.0322706 0.0329972 0.0334867 0.0337564 0.0338066 0.0336908 0.0334217 0.0330123 0.0324922 0.031878 0.0311586 0.030362 0.0294794 0.0284805 0.0273644 0.0261332 0.024752 0.0232072 0.0215129 0.0196627 0.0176316 0.0154137 0.0130282 0.0104963 0.00783476 0.0050463 0.00214808 -0.000822289 -0.00382198 -0.00682779 -0.00982059 -0.0127783 -0.0156582 -0.0184184 -0.0210462 -0.0235475 -0.0259006 -0.028082 -0.0301132 -0.032007 -0.0337564 -0.0353952 -0.036981 -0.0385352 -0.0401172 -0.0417921 -0.0436074 -0.0456255 -0.0479359 -0.0505763 -0.0536055 -0.0570568 -0.0609243 -0.0651609 -0.0697074 -0.0744189 -0.0791257 -0.0836095 -0.0876055 -0.0908208 -0.0929833 -0.0938231 -0.0931431 -0.0908447 -0.0869052 -0.0814496 -0.0746985 -0.0669571 -0.0586207 -0.0501147 -0.0418215 -0.0341454 -0.0273492 -0.0216113 -0.01703 -0.0135577 -0.0110792 -0.00942999 -0.00838793 -0.00774671 -0.0073327 -0.00699736 -0.00668912 -0.00633009 -0.00592501 -0.00548019 -0.00499099 -0.00450691 -0.00406544 -0.00368487 -0.00336657 -0.00311503 -0.00291995 -0.0028 -0.00273524 -0.00274711 -0.0028003 -0.00286199 -0.0029608 -0.00308313 -0.00323402 -0.00337126 -0.00349787 -0.00361932 -0.00373043 -0.00383159 -0.00391893 -0.00398005 -0.0040118 -0.00404548 -0.00407211 -0.0040898 -0.00406718 -0.00404824 -0.00404988 -0.00403885 -0.0040194 -0.00397733 -0.00397592 -0.00397319 -0.00395181 -0.00393284 -0.00391627 -0.0039358 -0.00392161 -0.00390759 
0 9.99802e-05 0.000198119 0.000302175 0.000405493 0.000508642 0.000609376 0.000707626 0.000819502 0.000929261 0.00103665 0.00114465 0.00126139 0.00139358 0.00150932 0.0016177 0.00173031 0.00184749 0.00195409 0.00202836 0.00209808 0.00217621 0.00223941 0.00228653 0.00231637 0.0023555 0.00242534 0.0025006 0.00261314 0.00274242 0.00292606 0.00319536 0.00353113 0.00396835 0.00447768 0.00512378 0.00593137 0.00692688 0.00815676 0.00965944 0.0115132 0.0138023 0.0166066 0.0199672 0.0239184 0.0284093 0.0334026 0.0387443 0.0442492 0.0496494 0.0546396 0.0589068 0.0621568 0.0641604 0.0647395 0.0638647 0.0615536 0.0580109 0.0534969 0.0483679 0.0430026 0.0377959 0.033038 0.029017 0.0258815 0.0236978 0.0224828 0.0221304 0.0225139 0.0234632 0.0247903 0.0263095 0.027902 0.029413 0.0308092 0.0320202 0.0330428 0.0338588 0.034497 0.0349395 0.0352368 0.0353832 0.0354181 0.035326 0.0351215 0.0347708 0.034263 0.0335767 0.0327091 0.0316114 0.0302974 0.0287598 0.0269588 0.0248754 0.0225402 0.0199473 0.0170939 0.01399 0.0106643 0.0071662 0.00354609 -0.000174432 -0.00396146 -0.00776567 -0.0115283 -0.0151877 -0.0187058 -0.0220758 -0.0252448 -0.0281724 -0.0308628 -0.0333261 -0.0355375 -0.0375209 -0.0392884 -0.0408748 -0.042299 -0.043631 -0.0449265 -0.0462741 -0.047732 -0.0494103 -0.0513415 -0.0536211 -0.0562954 -0.0594112 -0.0629645 -0.0669686 -0.0712991 -0.0758712 -0.080484 -0.0849147 -0.0889018 -0.0921714 -0.0944144 -0.0954037 -0.0949111 -0.0928175 -0.0891218 -0.0838941 -0.0773664 -0.0698363 -0.0616853 -0.0533123 -0.0451434 -0.0375006 -0.0306966 -0.024892 -0.0201893 -0.0165629 -0.0139308 -0.012115 -0.0109216 -0.0101422 -0.0095769 -0.00911889 -0.00865427 -0.00816231 -0.00761468 -0.00701699 -0.00638287 -0.00576062 -0.00517215 -0.00466782 -0.00422982 -0.00385996 -0.00357451 -0.00334362 -0.00321888 -0.00315393 -0.00314623 -0.00316997 -0.00321517 -0.00331546 -0.0034357 -0.00356549 -0.00369154 -0.00380881 -0.00392877 -0.0040448 -0.00414306 -0.00422303 -0.0042707 -0.00431634 -0.00436019 -0.00437569 -0.00437178 -0.00435392 -0.00435495 -0.00434741 -0.00431508 -0.00428557 -0.00426831 -0.00426771 -0.00424981 -0.00422485 -0.00421966 -0.0042201 -0.00421739 -0.00420246 
0 0.000100354 0.000208929 0.000307635 0.000424722 0.000528148 0.000643465 0.000759579 0.000880488 0.00100964 0.00112422 0.00125356 0.00137979 0.00151304 0.00162973 0.0017363 0.00184749 0.00195331 0.00204873 0.00211589 0.00218331 0.00224656 0.00231291 0.00236284 0.00240574 0.00246476 0.00254928 0.00267047 0.00281206 0.0029995 0.00325263 0.00359904 0.00403506 0.0045726 0.0052161 0.0060068 0.00697943 0.00817147 0.00963394 0.0113901 0.0135548 0.0161868 0.0193693 0.0231375 0.027482 0.0323738 0.0377086 0.0433475 0.0490873 0.0546304 0.0596654 0.0638857 0.0669608 0.0686872 0.0688936 0.067543 0.0647024 0.0605583 0.0554135 0.0496242 0.0435846 0.037702 0.0323067 0.0276754 0.0240208 0.0214196 0.0198913 0.0193563 0.0196813 0.0206701 0.0221456 0.0239234 0.0258387 0.0277676 0.0296397 0.0313545 0.0329005 0.0342663 0.0354243 0.0364065 0.0372371 0.0378882 0.0383939 0.0387477 0.0389128 0.0389017 0.0386893 0.0382275 0.0375152 0.0365311 0.035232 0.0336128 0.0316685 0.0293931 0.0267694 0.0237945 0.0204966 0.0169189 0.0130763 0.00900455 0.00474877 0.000369283 -0.0040644 -0.00848295 -0.0128516 -0.0171156 -0.0212123 -0.0250821 -0.0286911 -0.0320253 -0.0350686 -0.0377843 -0.0401913 -0.0423085 -0.0441266 -0.0456934 -0.0470683 -0.0482782 -0.0494127 -0.0505593 -0.0517698 -0.0531633 -0.0548245 -0.0568066 -0.0591948 -0.0620353 -0.065319 -0.0690593 -0.0731779 -0.0775549 -0.0820175 -0.0863447 -0.0902541 -0.0934717 -0.095715 -0.0967381 -0.0963266 -0.0943886 -0.0908763 -0.0858699 -0.0795807 -0.0722821 -0.0643397 -0.0561708 -0.0481532 -0.0406409 -0.0339085 -0.0281218 -0.0233897 -0.0196766 -0.0169304 -0.0149918 -0.0136603 -0.0127493 -0.0120731 -0.0114785 -0.0108996 -0.0102722 -0.00958239 -0.00883231 -0.00803221 -0.0072502 -0.00650007 -0.00583966 -0.0052632 -0.00476752 -0.00435061 -0.00402239 -0.00379313 -0.00364665 -0.00356495 -0.00352371 -0.00353153 -0.00358127 -0.00368032 -0.00379356 -0.00391166 -0.00402564 -0.00414394 -0.00426495 -0.00436681 -0.00445118 -0.00450869 -0.00456863 -0.00461257 -0.00464463 -0.00464995 -0.00464871 -0.0046584 -0.00464862 -0.0046364 -0.00460335 -0.00459385 -0.00458526 -0.00456565 -0.00455025 -0.00452733 -0.00453012 -0.00451227 -0.00450108 
