0 0 0 0 0 0 0 0 0 0 0 0 0 0 0 0 0 0 0 0 0 0 0 0 0 0 0 0 0 0 0 0 0 0 0 0 0 0 0 0 0 0 0 0 0 0 0 0 0 0 0 0 0 0 0 0 0 0 0 0 0 0 0 0 0 0 0 0 0 0 0 0 0 0 0 0 0 0 0 0 0 0 0 0 0 0 0 0 0 0 0 0 0 0 0 0 0 0 0 0 0 0 0 0 0 0 0 0 0 0 0 0 0 0 0 0 0 0 0 0 0 0 0 0 0 0 0 0 0 0 0 0 0 0 0 0 0 0 0 0 0 0 0 0 0 0 0 0 0 0 0 0 0 0 0 0 0 0 0 0 0 0 0 0 0 0 0 0 0 0 0 0 0 0 0 0 0 0 0 0 0 0 0 0 0 0 0 0 0 0 0 0 0 0 0 0 0 0 0 0 
0 0.000172779 0.000329257 0.000488059 0.000634215 0.000798107 0.000960219 0.00111939 0.00129293 0.00147712 0.00170297 0.00194994 0.00221282 0.00248133 0.00273108 0.00294926 0.00309751 0.00315497 0.00310834 0.0029487 0.00267444 0.00230535 0.00187327 0.0014298 0.00101477 0.000652411 0.000388267 0.00024165 0.000235423 0.000367191 0.000623531 0.00100414 0.00147977 0.00201541 0.00257883 0.00314807 0.00369558 0.00420128 0.00464068 0.00500873 0.00531036 0.00551467 0.00563012 0.00565945 0.0055895 0.00543034 0.0051701 0.00481855 0.00438874 0.00386235 0.00325077 0.00257856 0.00182693 0.00101431 0.000163617 -0.000725687 -0.00162643 -0.00253302 -0.00342433 -0.00428176 -0.0050973 -0.00586 -0.0065403 -0.00714171 -0.0076595 -0.0080804 -0.00840228 -0.00863304 -0.00877259 -0.00880195 -0.00874737 -0.00861453 -0.00839506 -0.00810271 -0.00776886 -0.00736477 -0.00691864 -0.00645657 -0.00597662 -0.00547965 -0.00500084 -0.00452902 -0.00406858 -0.00363704 -0.00324614 -0.00288068 -0.00253685 -0.00222801 -0.00196078 -0.00171894 -0.00149797 -0.00130738 -0.00114019 -0.000997702 -0.000874755 -0.000766154 -0.000674136 -0.00060389 -0.000536284 -0.000480477 -0.000436047 -0.000392633 -0.000347266 -0.000310629 -0.000265406 -0.000214547 -0.000156894 -8.92311e-05 -1.12482e-05 7.6375e-05 0.000190508 0.000320633 0.0004585 0.000619992 0.000817188 0.00103952 0.0012774 0.00154732 0.00185938 0.00220249 0.00257012 0.0029843 0.00342083 0.00387578 0.00436325 0.0048729 0.00536947 0.00587581 0.0063696 0.00683351 0.00726775 0.00767318 0.00801634 0.00830012 0.00852112 0.00866951 0.00873013 0.00871203 0.00861212 0.00840597 0.0081085 0.00772402 0.0072415 0.00667139 0.00603158 0.00531268 0.00454031 0.00371319 0.00284841 0.00197233 0.00107542 0.000178974 -0.000691636 -0.00154973 -0.00238553 -0.00317852 -0.00393982 -0.00465821 -0.00533936 -0.00598119 -0.00657272 -0.00713474 -0.00766313 -0.00814915 -0.00859501 -0.00900242 -0.00935816 -0.00964451 -0.00984636 -0.00994569 -0.00993409 -0.00977928 -0.00947795 -0.00904079 -0.00847067 -0.00779015 -0.00701848 -0.00619845 -0.00537709 -0.00458963 -0.00387281 -0.00327103 -0.00280245 -0.00247612 -0.00227454 -0.00216726 -0.00215374 -0.00219067 -0.00226514 -0.00234381 -0.00240032 -0.00245035 -0.00246331 -0.00246545 -0.00244499 -0.00240749 -0.00237477 -0.00231895 -0.00227059 -0.00221042 
0 0.000329257 0.0006475 0.00093728 0.00124357 0.00156114 0.00188839 0.00222815 0.0025723 0.00297372 0.00343073 0.00394098 0.00448506 0.00501988 0.0055344 0.00596575 0.00626367 0.00638032 0.00628538 0.00596527 0.00542251 0.00468188 0.00382021 0.00294014 0.00209441 0.00138645 0.000843851 0.000552583 0.000547314 0.000785702 0.0013102 0.00203912 0.00296868 0.00401462 0.00509744 0.00620491 0.00726564 0.00824113 0.00909169 0.00981238 0.0103712 0.0107766 0.0109759 0.0110134 0.0108759 0.0105364 0.010024 0.00932615 0.00846905 0.00742094 0.00623042 0.00488818 0.00343414 0.00185813 0.000198062 -0.00151226 -0.00326008 -0.00502682 -0.00675682 -0.00841053 -0.0100162 -0.0114794 -0.0128165 -0.0140069 -0.0150342 -0.0158626 -0.0165238 -0.016975 -0.0172497 -0.0173385 -0.0172489 -0.0170005 -0.0165923 -0.0160407 -0.0153725 -0.0146128 -0.0137652 -0.0128745 -0.0119274 -0.010978 -0.010023 -0.00909849 -0.00820373 -0.00736947 -0.00655551 -0.00581911 -0.00514776 -0.00454912 -0.00398312 -0.00348649 -0.003047 -0.00267652 -0.00232486 -0.00203131 -0.00177973 -0.00156646 -0.00137216 -0.00122597 -0.00108378 -0.000970929 -0.000870985 -0.000781094 -0.000685026 -0.000608367 -0.000503658 -0.000399366 -0.000283969 -0.000150595 2.87083e-05 0.000211426 0.000430301 0.000677981 0.000989263 0.00132927 0.0017132 0.00213697 0.00264879 0.0032028 0.00382535 0.00449768 0.00524863 0.00605098 0.00692152 0.00782758 0.00878803 0.0097488 0.010726 0.0117073 0.0126585 0.0135542 0.0144014 0.0151556 0.0158034 0.0163549 0.0167601 0.0170342 0.0171399 0.0170786 0.0168406 0.0164389 0.0158263 0.0150693 0.0141267 0.0130116 0.0117487 0.0103664 0.00885774 0.0072561 0.00560558 0.00390039 0.00217505 0.000439999 -0.00125499 -0.00293228 -0.00454376 -0.00611026 -0.00758402 -0.00899014 -0.0103422 -0.0115952 -0.0127825 -0.0139021 -0.0149582 -0.0159346 -0.016844 -0.0176577 -0.0184026 -0.0189957 -0.0194243 -0.0196766 -0.0196673 -0.0194099 -0.0188329 -0.0179824 -0.0168753 -0.0155243 -0.0140048 -0.0123806 -0.010751 -0.00918845 -0.00777181 -0.00656823 -0.00564616 -0.00499277 -0.00458785 -0.00439051 -0.00434928 -0.0044461 -0.00459183 -0.00475477 -0.00488988 -0.00497498 -0.00502738 -0.00501788 -0.00497879 -0.00491006 -0.00481833 -0.00472374 -0.0046007 -0.0044799 
0 0.000488059 0.00093728 0.00138951 0.00182696 0.00231252 0.0028101 0.0033175 0.00387195 0.00447872 0.0052002 0.00599052 0.00682503 0.0076639 0.00844267 0.00910919 0.00956254 0.00973916 0.00959785 0.00911723 0.00829662 0.00719411 0.00590811 0.00458414 0.00334026 0.00226121 0.00146564 0.00101965 0.000980912 0.00133909 0.00206256 0.00312915 0.00446122 0.00595708 0.00752194 0.00909529 0.0105996 0.0119791 0.0131716 0.0141619 0.0149537 0.0154803 0.0157508 0.0157741 0.0155236 0.0150137 0.0142271 0.0131861 0.0119237 0.0104048 0.00866238 0.00675273 0.0046473 0.00238704 2.66137e-05 -0.00242353 -0.00490741 -0.00740596 -0.00986687 -0.0122444 -0.014521 -0.0166578 -0.0185901 -0.0203157 -0.0218163 -0.023056 -0.0240263 -0.0247377 -0.0251898 -0.0253438 -0.0252538 -0.0249391 -0.0243842 -0.0236252 -0.0227314 -0.0216535 -0.0204508 -0.0191869 -0.0178604 -0.0164829 -0.0151283 -0.0137837 -0.012462 -0.0112061 -0.0100421 -0.00894851 -0.00791914 -0.00698476 -0.0061582 -0.00540989 -0.0047307 -0.00413895 -0.00361567 -0.00316547 -0.00277581 -0.00243144 -0.00213561 -0.00189863 -0.00167647 -0.00148696 -0.00132807 -0.0011743 -0.00101845 -0.000881787 -0.000723665 -0.000549419 -0.000356564 -0.000134075 0.000122211 0.000409778 0.000766664 0.0011738 0.00161829 0.00213303 0.00274429 0.00343016 0.00417632 0.00501246 0.00595851 0.0069881 0.00808896 0.00929771 0.0105635 0.0118721 0.013251 0.0146678 0.0160514 0.0174421 0.0187887 0.0200477 0.0212192 0.0222932 0.0231961 0.0239289 0.0244774 0.024816 0.0249104 0.0247772 0.0244092 0.02376 0.0228587 0.0217252 0.0203378 0.0187234 0.016925 0.0149328 0.012797 0.010524 0.00815552 0.00574652 0.00328277 0.000813922 -0.00160142 -0.00398927 -0.00632206 -0.00855699 -0.0107078 -0.0127559 -0.014712 -0.0165673 -0.0183033 -0.0199657 -0.021546 -0.0230238 -0.0244039 -0.0256826 -0.0268282 -0.0277821 -0.0284975 -0.0289203 -0.0290059 -0.0286721 -0.0278952 -0.0266982 -0.0250947 -0.0231433 -0.020911 -0.0185231 -0.0161166 -0.0138044 -0.0117008 -0.00992925 -0.00855371 -0.00759374 -0.00700486 -0.00670857 -0.00668126 -0.00681683 -0.00705731 -0.0073122 -0.00750949 -0.00766782 -0.00772511 -0.00772927 -0.00766347 -0.0075448 -0.00741998 -0.00724228 -0.00707155 -0.00687106 
0 0.000634215 0.00124357 0.00182696 0.00243136 0.00307259 0.00374663 0.00445551 0.0052081 0.00606711 0.00704908 0.00813409 0.00927857 0.0104096 0.011474 0.0123688 0.0129871 0.0132395 0.0130668 0.0124421 0.0113748 0.00992403 0.00823285 0.00648605 0.00481645 0.00339066 0.00230333 0.00168669 0.00160235 0.00200816 0.00292238 0.00424093 0.00590845 0.00778276 0.00972844 0.0116879 0.0135524 0.0152464 0.016704 0.017908 0.0188219 0.0194339 0.019693 0.0196435 0.0192719 0.0185536 0.0175164 0.0161624 0.0145263 0.0125786 0.0103815 0.00794828 0.00532146 0.00250793 -0.000436357 -0.00346441 -0.00654753 -0.0096561 -0.0127136 -0.0156646 -0.018524 -0.021182 -0.0236292 -0.0258362 -0.0277714 -0.0293813 -0.030685 -0.031639 -0.0322696 -0.032561 -0.0325324 -0.0322102 -0.0315953 -0.0307188 -0.029628 -0.028348 -0.0269021 -0.025353 -0.023696 -0.0219946 -0.0202684 -0.0185597 -0.0168796 -0.0152724 -0.0137127 -0.0122601 -0.0109107 -0.00968137 -0.00853747 -0.0075107 -0.00659289 -0.00579614 -0.00506496 -0.00443609 -0.00389113 -0.00341784 -0.00299599 -0.00265145 -0.0023302 -0.00205601 -0.00181101 -0.00158198 -0.00135012 -0.00114014 -0.000895499 -0.000640981 -0.000363643 -4.77787e-05 0.000336723 0.000750006 0.00123442 0.00178709 0.0024404 0.00316847 0.00399207 0.00490677 0.00595682 0.0071015 0.00836403 0.00971909 0.0111876 0.0127436 0.0143873 0.0160778 0.0178295 0.0195775 0.0213186 0.0230408 0.0246936 0.0262348 0.027663 0.0289239 0.0299823 0.0308392 0.031438 0.0317795 0.0318177 0.0315558 0.0309852 0.0301112 0.0289005 0.0274284 0.0256572 0.0236101 0.0213304 0.0188512 0.016179 0.0133573 0.0104436 0.00744693 0.00440376 0.00134205 -0.0016727 -0.00465981 -0.007566 -0.0103939 -0.0130979 -0.0157012 -0.0182176 -0.0206015 -0.022884 -0.0250754 -0.027178 -0.0291689 -0.0310545 -0.0328018 -0.0344104 -0.0357643 -0.0368126 -0.0375024 -0.0377096 -0.0373979 -0.0364775 -0.0349935 -0.0329773 -0.0304741 -0.0276107 -0.0245287 -0.0214116 -0.0184138 -0.0156901 -0.0133829 -0.0116028 -0.0103497 -0.00958068 -0.00921585 -0.00917225 -0.00937651 -0.0096935 -0.0100372 -0.0103245 -0.010521 -0.0106251 -0.010618 -0.0105325 -0.0103836 -0.0101905 -0.00997128 -0.00971924 -0.00945773 
0 0.000798107 0.00156114 0.00231252 0.00307259 0.00388802 0.00474767 0.00565164 0.00663415 0.00773694 0.0090016 0.0103916 0.0118517 0.0133038 0.0146573 0.0158012 0.0165973 0.0169363 0.0167444 0.0159891 0.0146794 0.0129019 0.0108206 0.00865013 0.00657948 0.00477667 0.00339952 0.00257566 0.00238021 0.00279982 0.00380301 0.00531547 0.00722902 0.00938727 0.0116393 0.0138844 0.016007 0.0179168 0.0195369 0.0208402 0.02181 0.0224018 0.0226044 0.0224378 0.0218932 0.0209698 0.0196762 0.018036 0.0160823 0.0138002 0.0112329 0.00842731 0.00539292 0.00216388 -0.0012026 -0.0046668 -0.00818506 -0.0117212 -0.0152118 -0.0186041 -0.0218788 -0.0249683 -0.02782 -0.0304091 -0.0327025 -0.0346544 -0.0362505 -0.0374797 -0.0383373 -0.0387983 -0.0388935 -0.0386479 -0.0380579 -0.0371628 -0.0360188 -0.0346233 -0.0330224 -0.0312822 -0.0294158 -0.0274592 -0.0254672 -0.0234606 -0.0214614 -0.0195167 -0.0176484 -0.0158702 -0.0141874 -0.012629 -0.0112014 -0.00989918 -0.00871934 -0.00767131 -0.00673227 -0.00590937 -0.00518921 -0.00455164 -0.00399203 -0.00351403 -0.00307777 -0.00268986 -0.00234292 -0.00201092 -0.00168368 -0.00137048 -0.00103268 -0.00067024 -0.00027767 0.000163733 0.000667852 0.00123165 0.00188835 0.00263491 0.00347462 0.00442552 0.00550772 0.00670845 0.00802955 0.00947599 0.011057 0.0127469 0.0145383 0.0164308 0.0183892 0.0203869 0.0224316 0.0244749 0.026471 0.0284216 0.0302768 0.0319872 0.0335439 0.03491 0.0360271 0.0368823 0.0374484 0.0377002 0.0376082 0.0371793 0.0364091 0.035278 0.0337995 0.0320126 0.0299067 0.0275106 0.02487 0.022004 0.0189429 0.0157183 0.0123796 0.00896658 0.00549149 0.00200201 -0.00144741 -0.00486649 -0.00822347 -0.0114903 -0.0146563 -0.0177244 -0.0207022 -0.0235731 -0.0263394 -0.0290333 -0.0316491 -0.0341633 -0.0365697 -0.0388426 -0.0409361 -0.0427462 -0.044189 -0.0451749 -0.0455955 -0.0453513 -0.044381 -0.0427038 -0.0403546 -0.0374112 -0.0340031 -0.0303201 -0.0265755 -0.0229656 -0.0196824 -0.0169059 -0.0147538 -0.0132466 -0.0123281 -0.0118995 -0.0118759 -0.0121328 -0.0125414 -0.012976 -0.0133391 -0.0136022 -0.0137287 -0.0137342 -0.0136289 -0.0134434 -0.0132133 -0.0129305 -0.0126284 -0.0123035 
0 0.000960219 0.00188839 0.0028101 0.00374663 0.00474767 0.00580991 0.00693587 0.00816922 0.00954818 0.0111132 0.0128265 0.0146183 0.016399 0.0180517 0.0194467 0.0204255 0.0208578 0.0206545 0.0197755 0.0182364 0.016141 0.0136778 0.0110845 0.00859413 0.00639916 0.00469368 0.0036184 0.00325614 0.00361317 0.00463371 0.00624509 0.00830591 0.0106462 0.0130987 0.0155272 0.0178098 0.0198379 0.0215324 0.0228549 0.0237904 0.0242959 0.024376 0.0240426 0.023302 0.0221637 0.0206366 0.0187548 0.0165421 0.0140064 0.0111779 0.00811018 0.00481275 0.0013253 -0.00230301 -0.00603162 -0.00981844 -0.0136218 -0.0173833 -0.021056 -0.0245997 -0.0279691 -0.0311025 -0.033975 -0.0365479 -0.0387817 -0.0406451 -0.0421334 -0.0432275 -0.0439104 -0.0442006 -0.0441133 -0.0436495 -0.0428422 -0.0417392 -0.0403492 -0.0387189 -0.036899 -0.0349199 -0.0328118 -0.0306344 -0.0284117 -0.0261766 -0.0239648 -0.021815 -0.0197391 -0.0177608 -0.015901 -0.0141779 -0.0125862 -0.0111365 -0.00982876 -0.00865542 -0.00761008 -0.00668709 -0.00586453 -0.00513887 -0.00449808 -0.00391929 -0.00339302 -0.00291332 -0.0024532 -0.00200467 -0.00155983 -0.0010969 -0.000601929 -6.938e-05 0.000524411 0.00118818 0.00193357 0.00278027 0.00374097 0.00481351 0.00601813 0.00736298 0.00884661 0.0104592 0.0122106 0.0140898 0.0160787 0.0181593 0.0203295 0.0225475 0.0247917 0.0270461 0.0292742 0.0314281 0.0334983 0.0354379 0.0372005 0.0387631 0.0400945 0.0411451 0.0418936 0.0423259 0.0424099 0.0421297 0.0414886 0.0404893 0.039116 0.0373976 0.0353533 0.0329935 0.0303421 0.0274424 0.024317 0.0210003 0.0175251 0.0139346 0.01027 0.00654275 0.00280114 -0.000917928 -0.00460687 -0.0082518 -0.0118193 -0.0153119 -0.018732 -0.0220844 -0.0253671 -0.028577 -0.0317431 -0.0348563 -0.0378943 -0.040835 -0.0436504 -0.0462636 -0.0485703 -0.0504575 -0.0518055 -0.0524967 -0.0523993 -0.0514574 -0.0496704 -0.0470824 -0.0437899 -0.0399413 -0.0357588 -0.031484 -0.0273543 -0.0235962 -0.0204186 -0.0179515 -0.0162292 -0.0151904 -0.0147284 -0.014738 -0.015069 -0.0155793 -0.0161179 -0.0165784 -0.0169157 -0.0170887 -0.0171163 -0.0170062 -0.0167983 -0.0165305 -0.0162009 -0.0158471 -0.0154695 
0 0.00111939 0.00222815 0.0033175 0.00445551 0.00565164 0.00693587 0.00832011 0.00982838 0.0115286 0.0134193 0.0154844 0.0176346 0.0197558 0.0217233 0.0233676 0.024525 0.0250418 0.0248146 0.0237947 0.0220167 0.0195896 0.0167339 0.0137093 0.0107671 0.00816439 0.0060841 0.00470933 0.00412403 0.00433056 0.00529843 0.00690552 0.00901427 0.0114352 0.0139788 0.0164891 0.0188322 0.020881 0.0225636 0.0238375 0.0246593 0.0250396 0.0249522 0.0244261 0.0234887 0.0221349 0.0204056 0.0183292 0.0159211 0.013213 0.0102407 0.00701745 0.00360116 5.00334e-06 -0.00373409 -0.00755855 -0.0114475 -0.0153554 -0.0192255 -0.0230149 -0.0266939 -0.0301932 -0.0334888 -0.0365385 -0.0393023 -0.0417409 -0.0438395 -0.0455609 -0.0468906 -0.0478335 -0.0483715 -0.0485094 -0.0482659 -0.0476569 -0.0466912 -0.04543 -0.0438903 -0.0421059 -0.0401158 -0.0379761 -0.035703 -0.0333541 -0.0309659 -0.028573 -0.0261873 -0.0238628 -0.0216309 -0.0195064 -0.0174878 -0.0156096 -0.0138845 -0.0123086 -0.0108722 -0.00957895 -0.00842127 -0.00738756 -0.00645926 -0.0056236 -0.00486798 -0.0041746 -0.00352515 -0.00290737 -0.00230456 -0.00169795 -0.00107197 -0.000413456 0.000293846 0.00106936 0.0019362 0.00289818 0.00396481 0.00515968 0.00650484 0.00798392 0.00959772 0.0113552 0.0132675 0.015302 0.017446 0.0196866 0.022017 0.0243888 0.0267964 0.0292065 0.0315806 0.0338754 0.0360871 0.0381555 0.0400491 0.0417359 0.043183 0.0443447 0.0452123 0.045759 0.0459589 0.045807 0.0452936 0.0444139 0.0431723 0.0415916 0.0396635 0.0374256 0.0348943 0.0320864 0.029035 0.0257888 0.022352 0.0187761 0.0151042 0.0113416 0.00753806 0.00371378 -0.000111191 -0.00391401 -0.00768504 -0.0114272 -0.0151136 -0.0187744 -0.0224134 -0.0260158 -0.029614 -0.0331986 -0.0367719 -0.040313 -0.0437862 -0.0471409 -0.0502993 -0.0531283 -0.0554959 -0.0572678 -0.0582734 -0.0584055 -0.0575673 -0.0557559 -0.0530292 -0.0494778 -0.0452951 -0.0407108 -0.0360006 -0.0314402 -0.0272919 -0.0237804 -0.0210632 -0.0191737 -0.0180565 -0.0176106 -0.0176794 -0.018129 -0.0187661 -0.0194384 -0.0200359 -0.020463 -0.0207233 -0.0207873 -0.0206977 -0.0204915 -0.0201855 -0.0198351 -0.0194251 -0.0190089 
0 0.00129293 0.0025723 0.00387195 0.0052081 0.00663415 0.00816922 0.00982838 0.0116664 0.0136992 0.0159561 0.0183937 0.0209123 0.0233971 0.0256717 0.0275642 0.0288854 0.0294642 0.0291859 0.0280041 0.0259486 0.0231745 0.0199023 0.0164074 0.0130082 0.0099329 0.00745597 0.00572333 0.0048328 0.00484083 0.00563843 0.00716699 0.00921887 0.0116102 0.0141545 0.0166455 0.0189501 0.0209412 0.02254 0.0236869 0.0243814 0.024579 0.0243305 0.023622 0.0224846 0.020962 0.0190635 0.0168412 0.0143092 0.0115255 0.00848257 0.00525057 0.00181958 -0.0017568 -0.00545008 -0.00923528 -0.0130739 -0.0169142 -0.0207366 -0.0245137 -0.0281569 -0.0316891 -0.0350253 -0.0381407 -0.0409985 -0.0435879 -0.0458412 -0.0477823 -0.0493544 -0.0505504 -0.0513638 -0.0517893 -0.051829 -0.0514954 -0.0508075 -0.0497675 -0.0484179 -0.0467807 -0.0449194 -0.0428317 -0.0405938 -0.0382193 -0.0357584 -0.0332324 -0.0307311 -0.0282311 -0.0257805 -0.0233951 -0.0211436 -0.019004 -0.0170011 -0.0151235 -0.0134253 -0.0118621 -0.0104428 -0.00914943 -0.00799169 -0.00691997 -0.00595499 -0.0050485 -0.0042002 -0.00338089 -0.00258882 -0.00177525 -0.000961581 -9.28203e-05 0.000834986 0.0018437 0.00292512 0.00414388 0.0054811 0.00696052 0.00855531 0.0103139 0.01222 0.0142754 0.016421 0.018703 0.0210766 0.0235331 0.0260213 0.0285489 0.0310476 0.0335153 0.0358993 0.0381912 0.0403197 0.0422627 0.0439919 0.0454754 0.0466739 0.0475854 0.0481784 0.0484173 0.0483357 0.0478908 0.0471071 0.0459842 0.0445351 0.0427413 0.040674 0.0382929 0.0356603 0.0327957 0.0297212 0.0264575 0.0230525 0.0195217 0.0158857 0.0121984 0.00845178 0.0046935 0.000911602 -0.00285941 -0.00664772 -0.0104158 -0.0142044 -0.0180023 -0.0218102 -0.0256697 -0.0295552 -0.0334953 -0.0374741 -0.0414749 -0.0454434 -0.0493385 -0.0530166 -0.056382 -0.0592569 -0.0614538 -0.0628483 -0.0632368 -0.0625815 -0.0608286 -0.0580304 -0.0543301 -0.0498954 -0.0450095 -0.03996 -0.0350595 -0.0306059 -0.0268499 -0.0239431 -0.0219539 -0.0208195 -0.0204252 -0.0206247 -0.0212129 -0.0220308 -0.0228794 -0.023635 -0.0242218 -0.0245774 -0.0247346 -0.024694 -0.0245053 -0.0242147 -0.0238319 -0.0234139 -0.0229648 
0 0.00147712 0.00297372 0.00447872 0.00606711 0.00773694 0.00954818 0.0115286 0.0136992 0.0161126 0.018739 0.021557 0.0244502 0.0272738 0.0298458 0.0319545 0.0334079 0.034019 0.0336651 0.0322852 0.0299458 0.0267911 0.0230772 0.0190986 0.0151676 0.0116075 0.00864937 0.00649931 0.00525422 0.0049487 0.00553169 0.00686582 0.00876996 0.0110429 0.0134805 0.015869 0.0180698 0.0199363 0.0214074 0.0224244 0.022937 0.022986 0.0225616 0.0216856 0.0204064 0.0187441 0.0167484 0.0144582 0.0118765 0.00907796 0.00608211 0.00288979 -0.000430201 -0.0038675 -0.00740659 -0.0110095 -0.014661 -0.0183241 -0.0219702 -0.025578 -0.0290977 -0.0325007 -0.0357706 -0.0388665 -0.0417502 -0.044397 -0.0467876 -0.0488794 -0.0506447 -0.0521045 -0.0532136 -0.0539429 -0.0543237 -0.0543379 -0.0539555 -0.053246 -0.0522111 -0.0508393 -0.0491851 -0.0472926 -0.0451685 -0.0428715 -0.0404534 -0.0379361 -0.0353398 -0.0327218 -0.0301411 -0.0276014 -0.0251119 -0.0227245 -0.0204652 -0.0183286 -0.0163366 -0.0144821 -0.0127681 -0.0112036 -0.00976507 -0.0084236 -0.00719729 -0.00604707 -0.00494435 -0.00389028 -0.00285886 -0.00180387 -0.000735219 0.000377859 0.00156556 0.00283833 0.00421664 0.00572122 0.00733478 0.00909103 0.0110096 0.0130547 0.0152084 0.0174937 0.0199012 0.022389 0.0249254 0.0275061 0.0301062 0.0326673 0.0351841 0.0376252 0.0399146 0.0420356 0.0439904 0.0456975 0.0471457 0.0483333 0.0492069 0.0497511 0.0499941 0.0499071 0.0494849 0.0487427 0.0476892 0.0463185 0.0446477 0.0427169 0.0405262 0.0380853 0.0354423 0.0326036 0.0295856 0.0264344 0.0231569 0.0197877 0.0163483 0.0128281 0.0092797 0.00569587 0.00205937 -0.00158445 -0.0052582 -0.00897988 -0.0127412 -0.0165722 -0.0204819 -0.0244788 -0.0286024 -0.0328178 -0.037134 -0.0415353 -0.0459533 -0.0503188 -0.0545041 -0.0583709 -0.0617297 -0.0643864 -0.0661388 -0.0668446 -0.0663912 -0.0647379 -0.0619507 -0.0581497 -0.0535693 -0.0484719 -0.043186 -0.0380545 -0.0333998 -0.0294832 -0.0264773 -0.0244486 -0.023349 -0.023075 -0.0234237 -0.0242221 -0.0252486 -0.0263177 -0.0272994 -0.0280594 -0.0285978 -0.0288721 -0.0289346 -0.028825 -0.0285583 -0.0282232 -0.027802 -0.0273705 
0 0.00170297 0.00343073 0.0052002 0.00704908 0.0090016 0.0111132 0.0134193 0.0159561 0.018739 0.0217445 0.0249307 0.0281758 0.0313234 0.0341566 0.0364487 0.0379947 0.0385944 0.0381164 0.0365089 0.0338326 0.0302744 0.0260862 0.021577 0.0171071 0.012988 0.00952042 0.00688624 0.0051985 0.00452647 0.00477923 0.00585266 0.00752793 0.009606 0.0118836 0.0141216 0.0161663 0.0178844 0.0192041 0.0200578 0.0204272 0.0203159 0.019767 0.0187779 0.0173922 0.0156641 0.0136288 0.0113285 0.00877862 0.00606188 0.00317215 0.000147313 -0.00299423 -0.00621514 -0.00950228 -0.0128442 -0.0162165 -0.0195777 -0.022938 -0.0262902 -0.0295572 -0.0327711 -0.035885 -0.0388664 -0.0416855 -0.0443403 -0.0467792 -0.0489989 -0.0509472 -0.0526276 -0.0540031 -0.0550467 -0.0557698 -0.0561538 -0.0561746 -0.0558463 -0.0551766 -0.0541543 -0.0528358 -0.0512197 -0.0493461 -0.0472379 -0.044945 -0.0424897 -0.0399462 -0.0373163 -0.0346545 -0.031974 -0.0293411 -0.0267683 -0.0242765 -0.0218632 -0.0195997 -0.0174525 -0.0154326 -0.0135492 -0.0118035 -0.0101496 -0.00862387 -0.00717193 -0.00577732 -0.00442891 -0.00310963 -0.00175747 -0.000400446 0.00101908 0.00252105 0.00411004 0.00578629 0.00761235 0.00955044 0.0116156 0.0137955 0.0161064 0.0185199 0.0210369 0.0236004 0.0262268 0.0288712 0.0315197 0.0341185 0.0366473 0.0390569 0.041337 0.0434215 0.0453094 0.0469582 0.0483248 0.0494081 0.0502079 0.0506844 0.0508506 0.0507172 0.0502556 0.0495015 0.0484492 0.0471325 0.045552 0.0437264 0.0416709 0.039435 0.0369824 0.0343863 0.0316611 0.0288032 0.0258382 0.0227963 0.0196779 0.0164858 0.0132436 0.00995669 0.00663406 0.00323962 -0.000187637 -0.00368474 -0.00725601 -0.0109345 -0.0147215 -0.0186298 -0.022709 -0.0269583 -0.0313753 -0.0359554 -0.0406836 -0.0454836 -0.0502735 -0.0548912 -0.0592104 -0.06301 -0.0660572 -0.0681752 -0.0691629 -0.0689378 -0.0674263 -0.0646845 -0.0608749 -0.0562103 -0.0509937 -0.0455631 -0.0402884 -0.0355226 -0.031534 -0.0284983 -0.0265019 -0.0255019 -0.0253861 -0.0259546 -0.0269885 -0.0282831 -0.0296266 -0.0308697 -0.0318896 -0.032641 -0.0331183 -0.0333433 -0.0333603 -0.0332068 -0.0329408 -0.0325988 -0.0322201 
0 0.00194994 0.00394098 0.00599052 0.00813409 0.0103916 0.0128265 0.0154844 0.0183937 0.021557 0.0249307 0.0284639 0.032029 0.0354486 0.0384875 0.0409012 0.0424742 0.0430036 0.0423528 0.0404696 0.0374307 0.0334315 0.0287378 0.0236724 0.0186084 0.0138996 0.00985664 0.00668255 0.00450202 0.00338505 0.00325978 0.00400047 0.00539096 0.00722765 0.00930036 0.0113639 0.0132521 0.0148283 0.0160195 0.0167541 0.0170024 0.0167871 0.0161456 0.0150873 0.0136586 0.0119201 0.00991521 0.00768057 0.00523305 0.00265259 -5.57773e-05 -0.00287167 -0.00576297 -0.00869926 -0.0116739 -0.0146853 -0.0177122 -0.0207278 -0.0237442 -0.0267606 -0.0297194 -0.032647 -0.0355236 -0.0383233 -0.0410189 -0.0436049 -0.0460463 -0.0483181 -0.0503821 -0.0522443 -0.0538617 -0.0551928 -0.0562508 -0.0570019 -0.0574123 -0.0574992 -0.0572599 -0.0566606 -0.0557389 -0.054497 -0.052955 -0.0511362 -0.0490874 -0.0468246 -0.044394 -0.0418244 -0.0391791 -0.0364675 -0.0337323 -0.0310105 -0.0283303 -0.0256983 -0.0231699 -0.02073 -0.0183937 -0.0161853 -0.0140971 -0.0120984 -0.0102212 -0.00842333 -0.00667862 -0.00498579 -0.00331692 -0.00161669 9.65016e-05 0.00186539 0.00372034 0.00566087 0.00769153 0.00984895 0.0121003 0.0144605 0.0169265 0.019479 0.0220878 0.0247628 0.0274606 0.030163 0.0328269 0.0354374 0.0379458 0.0403225 0.0425332 0.0445569 0.0463283 0.0478551 0.0491174 0.0500751 0.0507335 0.0511066 0.0511558 0.0509029 0.0503769 0.0495625 0.0484837 0.0471583 0.0456125 0.0438509 0.0419004 0.0397916 0.0375553 0.0351691 0.0326933 0.0301358 0.0274888 0.0247729 0.0220131 0.0192023 0.0163348 0.0134176 0.0104604 0.00745029 0.0043521 0.00119761 -0.00204946 -0.00541337 -0.00892568 -0.0125959 -0.0164483 -0.020531 -0.0248553 -0.0294048 -0.0341787 -0.0391596 -0.0442626 -0.0493866 -0.054368 -0.0590602 -0.0632282 -0.0666227 -0.0690419 -0.0702943 -0.0702709 -0.0688979 -0.0662318 -0.0624402 -0.0577578 -0.0524898 -0.0469959 -0.0416672 -0.036871 -0.0328837 -0.0298861 -0.0279737 -0.0271186 -0.0272068 -0.028027 -0.0293513 -0.0309581 -0.0326339 -0.0342112 -0.0355507 -0.0366038 -0.0373522 -0.0378187 -0.0380419 -0.0380605 -0.0379456 -0.0377341 -0.0374711 
0 0.00221282 0.00448506 0.00682503 0.00927857 0.0118517 0.0146183 0.0176346 0.0209123 0.0244502 0.0281758 0.032029 0.0358749 0.0395127 0.042697 0.0451647 0.0466902 0.0470738 0.0461785 0.043952 0.040497 0.0360068 0.0307687 0.0251216 0.0194349 0.0141197 0.00947107 0.0057276 0.00302449 0.00141739 0.000880174 0.00124815 0.00232956 0.00391095 0.00577176 0.00766899 0.0094196 0.0108809 0.0119757 0.0126384 0.0128143 0.0125612 0.0118879 0.0108265 0.00942264 0.00773101 0.00581253 0.00369701 0.00141152 -0.000979757 -0.00344351 -0.00599952 -0.00858867 -0.0112011 -0.0138328 -0.0164822 -0.0191315 -0.0217718 -0.0244127 -0.0270537 -0.0296794 -0.03228 -0.0348751 -0.0374346 -0.0399441 -0.0423882 -0.0447704 -0.0470328 -0.0491583 -0.051145 -0.052947 -0.054517 -0.0558704 -0.0569681 -0.0577583 -0.0582622 -0.0584583 -0.0583125 -0.0578322 -0.0570383 -0.0559075 -0.0544678 -0.0527466 -0.0507755 -0.0485588 -0.0461545 -0.0436046 -0.0409379 -0.0381718 -0.035373 -0.0325545 -0.0297461 -0.0269782 -0.0242702 -0.0216255 -0.0190854 -0.0166311 -0.0142623 -0.0119904 -0.00979837 -0.00764754 -0.00555132 -0.00346891 -0.00136835 0.000757616 0.00292517 0.00517436 0.00748962 0.00989226 0.0123852 0.014953 0.0175866 0.0203034 0.0230527 0.0258184 0.0285897 0.0313476 0.0340324 0.036628 0.0391038 0.0414263 0.0435396 0.0454459 0.0471084 0.0484871 0.0495813 0.0504011 0.0508999 0.0510978 0.0510212 0.0506442 0.049985 0.0490859 0.0479475 0.0465725 0.0450176 0.0432939 0.0414151 0.0394028 0.037309 0.0351204 0.0328559 0.0305461 0.0281983 0.0258018 0.0233742 0.0209209 0.0184378 0.015918 0.0133431 0.010746 0.00807855 0.00531819 0.00247383 -0.000481713 -0.00360505 -0.00690731 -0.0104171 -0.0141679 -0.0181904 -0.0225263 -0.0271348 -0.0320285 -0.0371822 -0.0425075 -0.0478772 -0.0531408 -0.0581158 -0.0625641 -0.0662339 -0.0688828 -0.0703574 -0.0705012 -0.0692556 -0.0666781 -0.0629233 -0.0582607 -0.0529825 -0.0474744 -0.0421444 -0.0373672 -0.033428 -0.0305158 -0.0287289 -0.0280584 -0.0283898 -0.0294974 -0.0311614 -0.0331291 -0.035194 -0.0371724 -0.038901 -0.0403406 -0.0414403 -0.0422337 -0.0427473 -0.0430133 -0.0431289 -0.0431119 -0.0430275 
0 0.00248133 0.00501988 0.0076639 0.0104096 0.0133038 0.016399 0.0197558 0.0233971 0.0272738 0.0313234 0.0354486 0.0395127 0.043302 0.0465559 0.0489971 0.0503974 0.0505599 0.0493422 0.0467283 0.0427938 0.0377842 0.0319738 0.0257103 0.0194149 0.0134568 0.00821251 0.00389067 0.00064767 -0.00143174 -0.00240793 -0.00240281 -0.00162927 -0.000298402 0.00136529 0.00312643 0.0047639 0.00616528 0.00722117 0.00785446 0.00805641 0.00781136 0.00718916 0.00619859 0.00487711 0.00330434 0.00153058 -0.000421802 -0.00249684 -0.00464629 -0.00685921 -0.0090974 -0.0113717 -0.0136413 -0.0159068 -0.0181831 -0.0204583 -0.0227092 -0.0249722 -0.0272498 -0.0295089 -0.0317853 -0.0340723 -0.0363547 -0.038625 -0.0408977 -0.0431323 -0.0453286 -0.0474581 -0.0494952 -0.0514086 -0.0531768 -0.0547652 -0.0561494 -0.0573065 -0.0581977 -0.0588053 -0.0591118 -0.0591107 -0.0587744 -0.0581165 -0.0571273 -0.0558165 -0.054193 -0.0523093 -0.0501712 -0.0478064 -0.045243 -0.0425506 -0.0397475 -0.0368569 -0.0339065 -0.0309567 -0.0280091 -0.0250857 -0.0222061 -0.0193894 -0.0166256 -0.0139331 -0.011292 -0.00869539 -0.00612922 -0.00358053 -0.00101736 0.00155689 0.00417388 0.0068426 0.0095608 0.0123195 0.0151472 0.0180181 0.0209119 0.0238052 0.0267061 0.0295778 0.0323882 0.0350882 0.0376765 0.0401113 0.0423581 0.0443737 0.0461551 0.047661 0.0488818 0.0498097 0.0504488 0.0507738 0.0508021 0.0505503 0.0500232 0.0492367 0.0482187 0.0469863 0.0455549 0.0439668 0.0422328 0.0403956 0.0384674 0.03647 0.0344202 0.0323518 0.0302409 0.028122 0.0260115 0.023882 0.0217384 0.0196043 0.017454 0.0152623 0.0130591 0.0108038 0.00848611 0.00607346 0.00354721 0.000882306 -0.00196449 -0.00504665 -0.00836699 -0.0119634 -0.015908 -0.0201783 -0.0247977 -0.0297443 -0.0349885 -0.0404529 -0.0459885 -0.0514361 -0.0566108 -0.0612592 -0.065104 -0.0679386 -0.0695465 -0.0698155 -0.0686633 -0.0661347 -0.0624318 -0.0577762 -0.0525167 -0.0470249 -0.0417243 -0.0370066 -0.0331481 -0.0303524 -0.0287221 -0.0282638 -0.0288527 -0.0302857 -0.0323059 -0.0346827 -0.037185 -0.0396059 -0.0418094 -0.0436854 -0.0452307 -0.046428 -0.0473029 -0.0479193 -0.0483171 -0.0485891 -0.0487384 
0 0.00273108 0.0055344 0.00844267 0.011474 0.0146573 0.0180517 0.0217233 0.0256717 0.0298458 0.0341566 0.0384875 0.042697 0.0465559 0.0497898 0.0521273 0.0533174 0.0531839 0.0515969 0.0485275 0.0441096 0.0385457 0.0321555 0.0253012 0.0183712 0.0118232 0.00597107 0.00109228 -0.00265138 -0.00520996 -0.00657384 -0.00692072 -0.00642413 -0.00530703 -0.0038064 -0.00215468 -0.000562696 0.000821616 0.0018958 0.00259652 0.00285852 0.00273202 0.00221768 0.00136171 0.000207537 -0.00118884 -0.00276625 -0.00449003 -0.00631445 -0.00821436 -0.0101217 -0.012073 -0.0140114 -0.0159344 -0.0178493 -0.0197589 -0.021652 -0.0235531 -0.0254577 -0.0273605 -0.0292997 -0.0312312 -0.0332032 -0.0352024 -0.0372313 -0.0392678 -0.0413468 -0.0434045 -0.0454551 -0.0474794 -0.0494534 -0.0513313 -0.0531015 -0.0547284 -0.0561606 -0.0573938 -0.0583995 -0.0591425 -0.0595774 -0.0597301 -0.0595438 -0.0590305 -0.0581849 -0.0570283 -0.055512 -0.0537042 -0.0516188 -0.0493028 -0.0467361 -0.0439922 -0.0410949 -0.0381054 -0.035006 -0.0318613 -0.0286787 -0.0255012 -0.022313 -0.0191568 -0.0160087 -0.0129 -0.00980252 -0.00673384 -0.00366129 -0.000603668 0.00247869 0.00555608 0.00865911 0.0117737 0.0149206 0.0180451 0.0211698 0.0242649 0.0273402 0.0303166 0.0331907 0.0359298 0.0385411 0.0409266 0.0430918 0.0450047 0.0466579 0.0479999 0.0490687 0.0498198 0.0502597 0.0503922 0.0502518 0.0498231 0.0491329 0.0482091 0.047062 0.0457157 0.0442135 0.0425916 0.0408358 0.0390211 0.037142 0.0352208 0.0332752 0.0313533 0.0294073 0.0274949 0.0255937 0.0237084 0.0218419 0.0199908 0.0181478 0.0163131 0.0144656 0.0125746 0.0106643 0.00866093 0.00656461 0.00433873 0.00196254 -0.000634501 -0.00346902 -0.00658671 -0.0100323 -0.0138306 -0.0180302 -0.0225962 -0.0275383 -0.0328149 -0.0383386 -0.0439549 -0.0495179 -0.0547981 -0.0595511 -0.063514 -0.0664153 -0.0681137 -0.0684223 -0.0673004 -0.0648077 -0.0610978 -0.0564669 -0.0512163 -0.0457549 -0.0405133 -0.0358621 -0.0321061 -0.0294405 -0.0279746 -0.0277327 -0.0285912 -0.0303415 -0.0327452 -0.0355389 -0.0385037 -0.0414184 -0.0441181 -0.0465168 -0.0485526 -0.0502293 -0.0515524 -0.0525651 -0.0533497 -0.0539473 -0.0544008 
0 0.00294926 0.00596575 0.00910919 0.0123688 0.0158012 0.0194467 0.0233676 0.0275642 0.0319545 0.0364487 0.0409012 0.0451647 0.0489971 0.0521273 0.0542698 0.0551834 0.0546943 0.0526747 0.0491451 0.0442039 0.0381054 0.031154 0.0237177 0.0162339 0.00910493 0.00271841 -0.00267283 -0.00688895 -0.00985384 -0.0115902 -0.0122331 -0.0119647 -0.0110108 -0.00961677 -0.00799744 -0.0064058 -0.00495895 -0.00379755 -0.00299487 -0.00256638 -0.00253899 -0.00286016 -0.00350604 -0.00443929 -0.00559767 -0.00692487 -0.00839989 -0.0099454 -0.0115525 -0.0131818 -0.0148061 -0.016434 -0.0180393 -0.019629 -0.0212016 -0.022766 -0.0243182 -0.0258822 -0.027457 -0.0290638 -0.0306976 -0.0323787 -0.0340944 -0.0358539 -0.0376704 -0.0395241 -0.0414221 -0.0433656 -0.0453121 -0.0472482 -0.0491789 -0.0510385 -0.0528183 -0.0544962 -0.0560147 -0.0573322 -0.0584482 -0.0593137 -0.0599057 -0.0601986 -0.0601784 -0.0598117 -0.0590959 -0.0580465 -0.0566685 -0.0549325 -0.0528798 -0.0505576 -0.0479776 -0.0451618 -0.0421574 -0.0389882 -0.0356993 -0.0323151 -0.0288412 -0.0253127 -0.0217582 -0.0181651 -0.0145568 -0.0109519 -0.00733634 -0.00372382 -0.000135338 0.0034501 0.0070227 0.0105629 0.0140737 0.0175448 0.0209594 0.0243182 0.0275735 0.0306939 0.0336857 0.0365175 0.0391196 0.0414799 0.0435851 0.0454142 0.0469348 0.0481426 0.0490328 0.0496042 0.0498511 0.0498177 0.0494925 0.0488806 0.0480255 0.046955 0.0456678 0.0442331 0.0426636 0.0409726 0.039206 0.0373924 0.0355408 0.0336881 0.0318453 0.0300167 0.0282175 0.0264478 0.0247234 0.0230321 0.0213916 0.019783 0.018202 0.0166413 0.0150912 0.0135181 0.0119369 0.0102998 0.00858542 0.00677876 0.00481682 0.00268931 0.000338812 -0.00228184 -0.00520119 -0.00846309 -0.0121314 -0.0161943 -0.0206911 -0.0255908 -0.0308446 -0.0363816 -0.0420216 -0.0476158 -0.0529261 -0.0577014 -0.0616688 -0.0645915 -0.0662708 -0.0665722 -0.0654367 -0.0629161 -0.0592061 -0.0545499 -0.0493126 -0.0438775 -0.0386803 -0.0341041 -0.0304344 -0.027892 -0.0265793 -0.0265331 -0.0276335 -0.0296931 -0.0324536 -0.0356673 -0.0390978 -0.0425078 -0.0457521 -0.0486869 -0.0512777 -0.053481 -0.0552963 -0.0567853 -0.0579786 -0.0589712 -0.0597552 
0 0.00309751 0.00626367 0.00956254 0.0129871 0.0165973 0.0204255 0.024525 0.0288854 0.0334079 0.0379947 0.0424742 0.0466902 0.0503974 0.0533174 0.0551834 0.0557401 0.0548345 0.0523612 0.048346 0.0429183 0.0363102 0.0288479 0.0209053 0.0129121 0.00529563 -0.00157204 -0.00740418 -0.0120125 -0.0153271 -0.0173552 -0.0182319 -0.0181285 -0.0172723 -0.015916 -0.0142772 -0.0125956 -0.011019 -0.00969234 -0.00869059 -0.00804846 -0.00778386 -0.00786862 -0.00826795 -0.00893517 -0.00981859 -0.0108719 -0.0120553 -0.0133076 -0.0146309 -0.0159706 -0.0173152 -0.0186517 -0.0199634 -0.0212616 -0.0225342 -0.0237905 -0.0250551 -0.0263238 -0.027593 -0.0289103 -0.03025 -0.0316408 -0.0330873 -0.0346008 -0.0361785 -0.03782 -0.0395202 -0.0412936 -0.0431083 -0.0449665 -0.0468654 -0.0487492 -0.0506074 -0.0524149 -0.0541282 -0.0557133 -0.0571493 -0.0583706 -0.0593647 -0.0600851 -0.0605188 -0.0606337 -0.0604115 -0.0598204 -0.0588744 -0.0575497 -0.055882 -0.0538622 -0.0515002 -0.0488381 -0.0459284 -0.0427511 -0.0393699 -0.0358182 -0.0321043 -0.0282582 -0.0243286 -0.0202927 -0.0162012 -0.0120814 -0.00793064 -0.00377129 0.000346158 0.00444731 0.00849035 0.0124517 0.0163385 0.0201337 0.0237756 0.0272886 0.0306373 0.0337819 0.0366921 0.0393538 0.0417211 0.0438035 0.0455552 0.0469702 0.048043 0.0487869 0.0491922 0.0492871 0.0490607 0.0485551 0.0477787 0.0467633 0.0455478 0.0441587 0.0426058 0.0409536 0.0392183 0.0374199 0.0356094 0.0337908 0.0319813 0.0301976 0.0284526 0.0267549 0.0251179 0.0235229 0.0220072 0.0205331 0.0191053 0.0177314 0.0163932 0.0150717 0.0137716 0.0124578 0.0111192 0.00972816 0.00824937 0.00667877 0.00495109 0.00304663 0.000915158 -0.00149189 -0.0042249 -0.0073285 -0.0108494 -0.0148019 -0.0192095 -0.024045 -0.0292512 -0.0347464 -0.0403604 -0.0459304 -0.0512034 -0.0559321 -0.059851 -0.0627082 -0.0643214 -0.0645452 -0.0633397 -0.0607677 -0.0570036 -0.0523212 -0.0470733 -0.0416546 -0.0364968 -0.0319635 -0.0283597 -0.0258988 -0.0246959 -0.0247943 -0.0260829 -0.0283965 -0.0314772 -0.0350736 -0.0389449 -0.0428455 -0.04662 -0.0501135 -0.0532646 -0.0560184 -0.0583599 -0.0603381 -0.061985 -0.0633783 -0.064516 
0 0.00315497 0.00638032 0.00973916 0.0132395 0.0169363 0.0208578 0.0250418 0.0294642 0.034019 0.0385944 0.0430036 0.0470738 0.0505599 0.0531839 0.0546943 0.0548345 0.0534687 0.0505189 0.0460189 0.0401249 0.0330532 0.0251435 0.0167776 0.00837589 0.000378586 -0.00685962 -0.0130272 -0.017932 -0.0215064 -0.0237491 -0.0247869 -0.0247762 -0.0239461 -0.0225515 -0.020819 -0.018976 -0.0172008 -0.0156459 -0.0143885 -0.0134765 -0.0129211 -0.0127178 -0.0128239 -0.013191 -0.0137778 -0.0145464 -0.0154412 -0.0164067 -0.0174481 -0.0185064 -0.0195785 -0.0206405 -0.0216919 -0.0227386 -0.0237584 -0.0247569 -0.0257696 -0.0267785 -0.0277828 -0.0288433 -0.0299291 -0.0310659 -0.0322588 -0.0335287 -0.0348668 -0.0362854 -0.0377824 -0.0393775 -0.0410322 -0.0427583 -0.0445585 -0.0463896 -0.0482477 -0.0501134 -0.0519427 -0.0536963 -0.0553569 -0.0568616 -0.0581942 -0.0592931 -0.0601403 -0.0606867 -0.0609128 -0.060784 -0.0603014 -0.0594094 -0.0581412 -0.0564788 -0.0544215 -0.0519906 -0.0492313 -0.0461136 -0.0427112 -0.0390511 -0.0351408 -0.0310172 -0.0267467 -0.0223062 -0.0177637 -0.0131578 -0.00849962 -0.00382555 0.000792044 0.00537664 0.0098671 0.014223 0.0184392 0.0224981 0.0263245 0.0299406 0.0332974 0.0363616 0.0391145 0.0415519 0.0436157 0.0453347 0.0466805 0.0476616 0.048278 0.0485562 0.0484854 0.0481119 0.047441 0.0465238 0.0453685 0.0440165 0.0425104 0.0408809 0.0391466 0.0373716 0.0355648 0.0337346 0.0319338 0.0301589 0.0284287 0.0267519 0.0251447 0.0236019 0.0221336 0.0207159 0.0193945 0.0181215 0.016896 0.0157346 0.0146073 0.0134855 0.0123822 0.0112724 0.0101281 0.00893792 0.00766064 0.00629209 0.00476089 0.00303964 0.00108563 -0.00115005 -0.00373019 -0.00669817 -0.0100855 -0.0139311 -0.018247 -0.0230097 -0.0281511 -0.0335804 -0.0391354 -0.0446342 -0.0498177 -0.0544418 -0.0582549 -0.0609971 -0.0624985 -0.0626117 -0.0613116 -0.0586663 -0.0548307 -0.0501004 -0.0448189 -0.0393904 -0.0342355 -0.0297058 -0.0261199 -0.0236859 -0.0225317 -0.022703 -0.0241055 -0.0265923 -0.0299171 -0.0338251 -0.0380726 -0.0424138 -0.0466772 -0.0507028 -0.0543955 -0.0576893 -0.0605544 -0.0630192 -0.065118 -0.0669025 -0.0683823 
0 0.00310834 0.00628538 0.00959785 0.0130668 0.0167444 0.0206545 0.0248146 0.0291859 0.0336651 0.0381164 0.0423528 0.0461785 0.0493422 0.0515969 0.0526747 0.0523612 0.0505189 0.0470864 0.0421485 0.0358224 0.0283688 0.0200973 0.011391 0.0027037 -0.00558731 -0.0130755 -0.0194741 -0.02458 -0.0283025 -0.0306738 -0.0317812 -0.031783 -0.0309059 -0.0294115 -0.0275107 -0.0254584 -0.0234162 -0.0215651 -0.0200065 -0.0187506 -0.0178716 -0.0173374 -0.0171218 -0.0171746 -0.017458 -0.0179274 -0.0185435 -0.0192356 -0.019998 -0.0208194 -0.0216313 -0.0224533 -0.0232721 -0.0240913 -0.0248804 -0.0256725 -0.0264646 -0.0272601 -0.0280611 -0.028888 -0.0297571 -0.0306672 -0.0316306 -0.0326644 -0.0337975 -0.0349835 -0.036276 -0.0376767 -0.0391549 -0.0407111 -0.0423888 -0.0441161 -0.0458985 -0.0477442 -0.0496044 -0.0514332 -0.0532266 -0.054941 -0.0565117 -0.0579095 -0.0591023 -0.060038 -0.0606518 -0.0609583 -0.0609104 -0.0604559 -0.0595859 -0.0583214 -0.056605 -0.0544657 -0.051904 -0.048928 -0.0455638 -0.0418642 -0.0378091 -0.0334798 -0.0289147 -0.0241373 -0.0191938 -0.0141696 -0.00905656 -0.00393672 0.00113649 0.00613508 0.0110234 0.0157136 0.0202114 0.0244533 0.0284038 0.0320431 0.0353439 0.0382411 0.0407785 0.0429247 0.0446469 0.0459572 0.0468975 0.0474371 0.0476029 0.0474256 0.046935 0.0461369 0.0450822 0.0438237 0.0423722 0.0407623 0.0390663 0.0373004 0.0354636 0.0336446 0.0318343 0.0300332 0.0282843 0.0266177 0.0249861 0.0234427 0.0219852 0.020607 0.019294 0.0180709 0.0169204 0.0158221 0.0147774 0.01378 0.0128186 0.0118631 0.0109212 0.00996729 0.00899975 0.00795093 0.00684071 0.00562887 0.00424554 0.00266809 0.000858497 -0.00125223 -0.00371745 -0.0065767 -0.00988406 -0.0136319 -0.0178858 -0.0225795 -0.0276455 -0.0330042 -0.0384798 -0.043884 -0.0489581 -0.0534557 -0.0571241 -0.0597355 -0.0610727 -0.0610483 -0.0596225 -0.056858 -0.052945 -0.0481263 -0.0428009 -0.0373401 -0.0321492 -0.027597 -0.0239707 -0.0215093 -0.0203291 -0.0204829 -0.0219055 -0.0244611 -0.0279227 -0.0320409 -0.0365642 -0.0412517 -0.0459264 -0.0504007 -0.0545747 -0.0583503 -0.0616904 -0.0646149 -0.0671237 -0.0692793 -0.0710675 
