0 0 0 0 0 0 0 0 0 0 0 0 0 0 0 0 0 0 0 0 0 0 0 0 0 0 0 0 0 0 0 0 0 0 0 0 0 0 0 0 0 0 0 0 0 0 0 0 0 0 0 0 0 0 0 0 0 0 0 0 0 0 0 0 0 0 0 0 0 0 0 0 0 0 0 0 0 0 0 0 0 0 0 0 0 0 0 0 0 0 0 0 0 0 0 0 0 0 0 0 0 0 0 0 0 0 0 0 0 0 0 0 0 0 0 0 0 0 0 0 0 0 0 0 0 0 0 0 0 0 0 0 0 0 0 0 0 0 0 0 0 0 0 0 0 0 0 0 0 0 0 0 0 0 0 0 0 0 0 0 0 0 0 0 0 0 0 0 0 0 0 0 0 0 0 0 0 0 0 0 0 0 0 0 0 0 0 0 0 0 0 0 0 0 0 0 0 0 0 0 
0 9.91365e-06 1.61756e-05 2.5994e-05 3.15878e-05 4.11174e-05 5.0366e-05 5.81794e-05 7.11439e-05 8.34687e-05 9.65144e-05 0.00010653 0.000116452 0.000136176 0.000153877 0.000164386 0.00017286 0.000180719 0.000193376 0.000190285 0.000178278 0.000171813 0.000162704 0.000155628 0.000136792 0.000122809 0.000117178 0.000111192 0.000122113 0.000139109 0.000163599 0.000194969 0.00023897 0.000306462 0.000383399 0.000475148 0.000594713 0.000746764 0.000929247 0.00114777 0.00139313 0.00164287 0.00188261 0.00208781 0.0022432 0.0023094 0.00226585 0.00210916 0.001822 0.001419 0.000939244 0.000404398 -0.000146597 -0.000664729 -0.00113086 -0.00150171 -0.00177208 -0.00192053 -0.00194185 -0.00185674 -0.00166533 -0.00137977 -0.00103884 -0.000644279 -0.000207237 0.000238106 0.000707492 0.00119039 0.00168395 0.00219094 0.00272614 0.00327516 0.00385056 0.00445136 0.00507533 0.00570513 0.00634966 0.00698029 0.00758125 0.00815323 0.00867591 0.00913254 0.00953474 0.00985853 0.0100847 0.0102259 0.0102563 0.0101661 0.00996879 0.00966018 0.00922715 0.0087004 0.00808811 0.00740618 0.00666277 0.00587117 0.00502705 0.0041486 0.00323184 0.00228518 0.00130361 0.000307499 -0.000696809 -0.00169593 -0.00269483 -0.00367181 -0.00462991 -0.00555852 -0.00645132 -0.00729958 -0.00810532 -0.00882571 -0.00945177 -0.00997998 -0.0103882 -0.0106635 -0.0108242 -0.0108547 -0.0107639 -0.0105751 -0.0102874 -0.00991289 -0.00947027 -0.00896208 -0.00839963 -0.00781066 -0.00720269 -0.00660348 -0.00602895 -0.00550287 -0.00502607 -0.00462105 -0.00428887 -0.00402931 -0.00383918 -0.00372873 -0.00366186 -0.00364571 -0.0036658 -0.0036834 -0.00369174 -0.00367048 -0.00357658 -0.0034056 -0.00314597 -0.00277965 -0.00233085 -0.00180534 -0.00124014 -0.00066097 -0.00010359 0.000387822 0.000787625 0.00108083 0.00124261 0.0012868 0.00123968 0.00111398 0.000943917 0.000755905 0.000572308 0.000402771 0.000263966 0.000164998 0.000103266 6.37547e-05 3.97702e-05 3.13682e-05 1.62948e-05 4.07489e-06 -6.19861e-06 -2.513e-05 -5.09929e-05 -9.09743e-05 -0.00012176 -0.000149615 -0.000183395 -0.000211473 -0.000243003 -0.000269882 -0.000293912 -0.000312527 -0.000320387 -0.000332703 -0.000341993 -0.000339464 -0.000334409 -0.000330451 -0.000335623 -0.000334769 -0.000320852 -0.000314824 -0.00031093 -0.000313441 -0.000308928 -0.000302301 -0.000309797 -0.000311185 -0.000313368 -0.000307043 
0 1.61756e-05 3.71543e-05 4.78537e-05 6.98271e-05 8.32954e-05 0.000102812 0.000121222 0.000139578 0.000170106 0.000190132 0.000211872 0.00023082 0.00026528 0.000298265 0.000317872 0.000331914 0.000351995 0.000379334 0.000375353 0.000366999 0.000348789 0.000347908 0.000331845 0.000295719 0.000278413 0.000245054 0.000243932 0.000240999 0.000267528 0.000312412 0.000358162 0.000459104 0.000588515 0.000752926 0.000946533 0.00119208 0.00149731 0.0018735 0.00229863 0.00279438 0.0032926 0.00375821 0.00418421 0.00447496 0.0046156 0.0045274 0.00421135 0.00364445 0.00285134 0.00189051 0.0008372 -0.000261274 -0.00130993 -0.00222972 -0.00299481 -0.00353177 -0.00382713 -0.00386618 -0.00368908 -0.00328233 -0.00272115 -0.00202584 -0.00123525 -0.000374598 0.000525787 0.00146646 0.00242861 0.00342328 0.00444832 0.00550312 0.00662162 0.00776855 0.00896509 0.0102011 0.0114482 0.0126831 0.0139241 0.0150946 0.016213 0.0172441 0.0181581 0.0189257 0.0195556 0.0199923 0.0202466 0.0202858 0.0201108 0.0197004 0.0190703 0.0182332 0.0172234 0.0160259 0.0146819 0.0132134 0.011638 0.0099668 0.00822368 0.00639402 0.00450969 0.00258713 0.000629069 -0.00135989 -0.0033414 -0.00531583 -0.00725934 -0.00916261 -0.0110139 -0.0128012 -0.0144766 -0.0160349 -0.0174442 -0.018691 -0.0197269 -0.0205358 -0.0211026 -0.0214373 -0.0215074 -0.0213696 -0.0210148 -0.0204534 -0.0197192 -0.0188561 -0.0178386 -0.016757 -0.0156131 -0.0144323 -0.0132632 -0.0121518 -0.0110927 -0.0101582 -0.00934823 -0.00867543 -0.00815093 -0.0077711 -0.00752543 -0.00739302 -0.00735984 -0.00738484 -0.00743283 -0.00744084 -0.00738619 -0.00718853 -0.00683499 -0.00628636 -0.00556429 -0.00464858 -0.00360725 -0.00248728 -0.00132954 -0.000222573 0.000755931 0.00156613 0.00215361 0.00247889 0.00258852 0.0024796 0.00224732 0.001901 0.00152281 0.00115869 0.000809151 0.000525692 0.000321992 0.000184903 9.74245e-05 5.2976e-05 1.982e-05 1.11302e-05 -1.8523e-05 -2.47863e-05 -4.62333e-05 -0.000102676 -0.000159306 -0.000233296 -0.000283922 -0.000355461 -0.000420454 -0.000480085 -0.000539207 -0.00058473 -0.000619355 -0.000635435 -0.000660453 -0.000674558 -0.000678163 -0.000661722 -0.000660352 -0.000671101 -0.000665069 -0.000652885 -0.000630704 -0.00063749 -0.000636724 -0.000625935 -0.000620703 -0.000618025 -0.000634925 -0.00062424 -0.000614234 
0 2.5994e-05 4.78537e-05 7.7284e-05 9.97613e-05 0.000129199 0.000157183 0.000181498 0.000216381 0.000252467 0.00028876 0.000317763 0.000345406 0.000394025 0.000438143 0.000464811 0.000489846 0.000519045 0.000561332 0.000565643 0.000545783 0.000535497 0.000519375 0.000502761 0.000455156 0.000416064 0.000391726 0.000367941 0.000380279 0.000411583 0.000467281 0.000549079 0.000680663 0.000883794 0.00112854 0.00142347 0.00179921 0.00226809 0.00282408 0.00347672 0.00420177 0.00493733 0.00563835 0.00624097 0.00668971 0.00688323 0.00675662 0.00629321 0.00545139 0.00426862 0.00284929 0.00126504 -0.000372426 -0.00192489 -0.0033173 -0.00443432 -0.00523941 -0.00567469 -0.0057254 -0.00544413 -0.00484203 -0.00396652 -0.00291952 -0.00172184 -0.000410126 0.00093613 0.00234735 0.00380387 0.00530065 0.00684378 0.00846163 0.0101214 0.011837 0.0136033 0.015409 0.0172126 0.0190329 0.0208125 0.0225114 0.0241303 0.0256162 0.0269181 0.0280459 0.0289364 0.0295363 0.0298707 0.0298881 0.0295753 0.0289693 0.0280675 0.0268442 0.0253609 0.0236291 0.021678 0.0195254 0.0172053 0.0147226 0.0121309 0.00943635 0.00666884 0.00382449 0.000942403 -0.0019686 -0.00488253 -0.00780758 -0.0106909 -0.0135231 -0.0162637 -0.0188812 -0.0213439 -0.0236488 -0.0257052 -0.0274978 -0.0290215 -0.0302281 -0.0310865 -0.0316256 -0.0317995 -0.031622 -0.0311399 -0.0303547 -0.0293064 -0.0280535 -0.0266141 -0.0250341 -0.0233826 -0.0216821 -0.0199983 -0.0183721 -0.0168549 -0.0154626 -0.0142527 -0.0132395 -0.0124334 -0.0118369 -0.0114704 -0.0112529 -0.0111878 -0.0112261 -0.0112635 -0.0112629 -0.0111607 -0.0108445 -0.0102943 -0.00947877 -0.00836337 -0.00700471 -0.00543474 -0.00375076 -0.00202985 -0.000375154 0.00109053 0.00229298 0.00317948 0.00368574 0.00384578 0.00372385 0.00336777 0.00286789 0.00230506 0.00174554 0.00122365 0.000789064 0.000471801 0.00026419 0.000130672 5.23295e-05 2.0862e-05 -1.35139e-05 -3.7796e-05 -5.24273e-05 -8.91145e-05 -0.00015129 -0.00025206 -0.0003408 -0.000427052 -0.000530899 -0.00062298 -0.000719337 -0.000800728 -0.000870032 -0.000920873 -0.000945922 -0.000981473 -0.00100855 -0.00100582 -0.000991721 -0.000982529 -0.00099585 -0.00099647 -0.000970105 -0.000961826 -0.000962452 -0.000971977 -0.000959261 -0.000938054 -0.000946911 -0.000947157 -0.00094532 -0.00092235 
0 3.15878e-05 6.98271e-05 9.97613e-05 0.000141154 0.000174769 0.000212592 0.00024858 0.000287252 0.000340887 0.000384894 0.000427995 0.000468662 0.000528777 0.000584032 0.000618364 0.000644755 0.000682754 0.000729786 0.000730797 0.000715951 0.000689764 0.000682744 0.00065594 0.000600048 0.000566554 0.00052224 0.00051827 0.000524333 0.000573459 0.000656014 0.000757868 0.000949575 0.00120971 0.00153858 0.0019333 0.00242952 0.00304381 0.00378911 0.0046398 0.00560532 0.00658227 0.00750025 0.00831614 0.0088857 0.00914214 0.00896347 0.00833067 0.00720983 0.0056491 0.00376022 0.00167937 -0.00047764 -0.00253705 -0.00435207 -0.00583979 -0.00688464 -0.00744316 -0.00749521 -0.00710178 -0.00626713 -0.00510672 -0.00368483 -0.00206985 -0.000314455 0.00152345 0.00343996 0.0054075 0.00743342 0.00951258 0.0116443 0.0138563 0.0161044 0.0184062 0.0207438 0.023076 0.0253765 0.0276542 0.029812 0.0318595 0.0337359 0.0353835 0.0367539 0.0378343 0.0385489 0.0389102 0.0388787 0.0384598 0.0376408 0.0364428 0.0348791 0.0329927 0.0307644 0.0282417 0.0254563 0.0224416 0.0192244 0.0158555 0.012338 0.00872297 0.00503572 0.00128908 -0.00250911 -0.00631293 -0.0101171 -0.0138763 -0.0175617 -0.021135 -0.0245574 -0.0277532 -0.0307048 -0.0333616 -0.0357048 -0.0376793 -0.0392593 -0.0404193 -0.0411651 -0.0414459 -0.0413185 -0.0407755 -0.0398329 -0.0385465 -0.0369908 -0.035162 -0.0331887 -0.0311016 -0.0289467 -0.0268009 -0.0247331 -0.0227556 -0.0209655 -0.0193851 -0.0180444 -0.01697 -0.0161671 -0.015628 -0.0153132 -0.0151934 -0.0151948 -0.0152339 -0.0152035 -0.0150369 -0.014598 -0.0138466 -0.0127247 -0.0112483 -0.00941521 -0.00733071 -0.00509128 -0.00279251 -0.000591976 0.00136369 0.00298181 0.00416578 0.00484867 0.00509036 0.00491906 0.00447399 0.00381305 0.00307332 0.0023428 0.00164925 0.00107559 0.000652171 0.000362233 0.000174271 6.83813e-05 -4.70724e-07 -3.40263e-05 -8.26014e-05 -0.000100428 -0.000141297 -0.000233998 -0.000340856 -0.000468886 -0.000573998 -0.000707169 -0.000832977 -0.000950175 -0.00106063 -0.001147 -0.00121131 -0.00124919 -0.0012985 -0.00133366 -0.00134386 -0.00132354 -0.00131933 -0.00133241 -0.00132413 -0.00130263 -0.00127682 -0.00128758 -0.0012892 -0.00127022 -0.00125305 -0.00124656 -0.00126421 -0.00125324 -0.00123827 
0 4.11174e-05 8.32954e-05 0.000129199 0.000174769 0.000222238 0.000268717 0.000313461 0.000366206 0.000426074 0.000484296 0.000537698 0.000592122 0.000664686 0.00073089 0.00077214 0.000806454 0.000846777 0.000893482 0.000896223 0.00086809 0.000842922 0.00081922 0.000788225 0.000729446 0.000684877 0.000659998 0.000657613 0.000695496 0.000769371 0.000879491 0.00102814 0.00125658 0.00157897 0.00197808 0.00246346 0.0030758 0.00384013 0.00475686 0.00582471 0.00700938 0.0082174 0.0093621 0.0103488 0.0110581 0.0113545 0.0111257 0.0103297 0.00893131 0.00699007 0.00465477 0.00207014 -0.000586985 -0.00311141 -0.00534679 -0.0071449 -0.0084118 -0.00907525 -0.00911837 -0.00860024 -0.00755637 -0.00607575 -0.00427813 -0.00222594 1.36323e-05 0.00235412 0.00479134 0.00729815 0.00985858 0.0124685 0.0151396 0.0178527 0.0206004 0.0233841 0.0261872 0.0289684 0.0317256 0.0344089 0.0369522 0.0393371 0.0414955 0.0433606 0.0449137 0.0460981 0.0468566 0.0472022 0.0470958 0.0465277 0.0455219 0.0440798 0.0421893 0.0398989 0.0372234 0.0341978 0.0308525 0.0272282 0.0233522 0.0192804 0.0150361 0.0106609 0.00617503 0.00161718 -0.00298893 -0.00760539 -0.0122171 -0.0167685 -0.0212262 -0.0255369 -0.0296495 -0.0335117 -0.0370932 -0.0403095 -0.0431312 -0.0455358 -0.0474773 -0.0489279 -0.0498989 -0.050347 -0.0502892 -0.0497563 -0.048756 -0.0473393 -0.0455767 -0.0435025 -0.0412018 -0.0387579 -0.0362247 -0.0336908 -0.031226 -0.0288866 -0.0267275 -0.0248099 -0.0231667 -0.0218229 -0.0207949 -0.0200905 -0.0196452 -0.0194349 -0.0193833 -0.0193623 -0.0192795 -0.019025 -0.0184481 -0.0174851 -0.0160805 -0.014209 -0.0119223 -0.0093049 -0.00649272 -0.00362397 -0.000872665 0.00157511 0.00359243 0.00507652 0.00595175 0.00626144 0.00608929 0.00554273 0.00474883 0.00384444 0.00293513 0.00208584 0.00137218 0.000839291 0.000473556 0.000233378 8.63203e-05 5.14625e-07 -6.79987e-05 -0.000126671 -0.000168676 -0.000233679 -0.000337375 -0.000476794 -0.000612605 -0.000742816 -0.000891282 -0.00103361 -0.00117598 -0.00130322 -0.00141099 -0.00149078 -0.00154477 -0.00160702 -0.00165679 -0.00167057 -0.00165883 -0.00165269 -0.00166349 -0.00165617 -0.00162331 -0.00160347 -0.00160459 -0.00160823 -0.00158777 -0.00156261 -0.00156531 -0.00157307 -0.00157238 -0.00155599 
0 5.0366e-05 0.000102812 0.000157183 0.000212592 0.000268717 0.000325153 0.000382243 0.000445068 0.000514383 0.000581938 0.000645578 0.000713296 0.000794401 0.000868162 0.000916913 0.000954275 0.000997422 0.00104001 0.00104426 0.00101905 0.000992793 0.00097088 0.00093719 0.000881642 0.000837661 0.000815871 0.000826173 0.000877739 0.000972276 0.00110873 0.00129433 0.00157013 0.0019502 0.0024259 0.00301005 0.00374286 0.00465438 0.0057506 0.00702167 0.00842559 0.00985981 0.0112162 0.0123807 0.0132059 0.0135392 0.0132528 0.0122855 0.010615 0.00831322 0.00554185 0.00248586 -0.000646693 -0.00362417 -0.00624834 -0.00835556 -0.00982352 -0.0105731 -0.0105903 -0.009928 -0.00864233 -0.00684001 -0.00464205 -0.00213567 0.000595498 0.00346794 0.006449 0.00950331 0.0126063 0.0157444 0.0189172 0.022115 0.0253248 0.0285458 0.0317607 0.0349312 0.0380374 0.0410356 0.0438573 0.0464667 0.0487992 0.05079 0.0524059 0.0536057 0.0543453 0.0546227 0.0544107 0.0536973 0.052488 0.0507867 0.048599 0.0459602 0.0428872 0.0394171 0.0355891 0.0314432 0.0270122 0.0223412 0.0174587 0.0124073 0.00722169 0.00194288 -0.00339139 -0.00873368 -0.0140492 -0.0192849 -0.0244002 -0.0293465 -0.0340693 -0.038509 -0.0426215 -0.0463399 -0.0496226 -0.0524297 -0.0547189 -0.0564673 -0.0576736 -0.0583132 -0.0584032 -0.0579612 -0.0569986 -0.0555627 -0.0537147 -0.0514994 -0.0490084 -0.0463245 -0.0435187 -0.0406858 -0.0379085 -0.0352507 -0.0327852 -0.030573 -0.0286542 -0.0270613 -0.0258152 -0.0249169 -0.024323 -0.023994 -0.0238448 -0.0237465 -0.0235759 -0.0231981 -0.0224552 -0.0212535 -0.0195295 -0.0172638 -0.0145044 -0.0113606 -0.00798343 -0.00454277 -0.00124632 0.00169675 0.00412749 0.00591914 0.00699834 0.00740332 0.00722849 0.00660707 0.00568591 0.00462412 0.00354621 0.00253653 0.00168104 0.00102885 0.000569417 0.000262643 6.89568e-05 -5.26512e-05 -0.000142481 -0.000216226 -0.000272512 -0.000347946 -0.000464269 -0.000611827 -0.000761797 -0.000908004 -0.00106858 -0.00122987 -0.00138906 -0.00153618 -0.00166075 -0.00175478 -0.00182591 -0.0018992 -0.00195968 -0.00198474 -0.00198273 -0.00198493 -0.00199739 -0.00199092 -0.00196047 -0.00193766 -0.00193656 -0.0019358 -0.00191366 -0.00188835 -0.00188585 -0.00189279 -0.0018896 -0.00187555 
0 5.81794e-05 0.000121222 0.000181498 0.00024858 0.000313461 0.000382243 0.000454381 0.000527972 0.00060837 0.000683465 0.000756225 0.000834268 0.00091865 0.000995195 0.00104962 0.00108907 0.00113447 0.00117135 0.00117838 0.00116238 0.00113686 0.00112215 0.00108946 0.00104447 0.00100962 0.000992658 0.00102184 0.00108489 0.00119854 0.00135914 0.00157842 0.0019018 0.00233657 0.00289147 0.00358051 0.00444058 0.00550289 0.00678194 0.00825021 0.00986298 0.0115081 0.0130561 0.0143818 0.015302 0.0156618 0.0153146 0.01418 0.0122517 0.00961229 0.00642792 0.00292821 -0.000652015 -0.0040581 -0.00704354 -0.00943942 -0.0110849 -0.0119005 -0.0118721 -0.0110426 -0.00948686 -0.00733643 -0.00470523 -0.00171645 0.00152463 0.00494172 0.00846755 0.0120616 0.0156951 0.0193483 0.0230007 0.026659 0.0302931 0.0339003 0.0374577 0.0409357 0.0442867 0.0474847 0.050459 0.0531632 0.0555455 0.0575556 0.0591405 0.0602795 0.0609365 0.0610875 0.0607203 0.0598286 0.0584 0.0564431 0.0539825 0.0510364 0.0476265 0.0437895 0.039567 0.0349889 0.0300963 0.0249241 0.0195091 0.0138918 0.00812356 0.00224256 -0.00369819 -0.00964661 -0.0155499 -0.0213605 -0.0270221 -0.032491 -0.0377142 -0.0426317 -0.0471865 -0.0513353 -0.0550261 -0.0582034 -0.0608351 -0.0629001 -0.0643757 -0.0652533 -0.0655523 -0.0652723 -0.0644384 -0.0630934 -0.0612865 -0.0590645 -0.0565239 -0.0537324 -0.0507792 -0.0477578 -0.0447637 -0.0418611 -0.0391487 -0.036681 -0.0345133 -0.0326886 -0.0312349 -0.0301419 -0.0293945 -0.0289294 -0.0286512 -0.0284406 -0.0281384 -0.0275923 -0.0266448 -0.0251726 -0.023102 -0.0204303 -0.017189 -0.0135199 -0.00958266 -0.00557744 -0.00174467 0.00169015 0.00453803 0.00664714 0.00795037 0.008479 0.00832489 0.0076554 0.00662392 0.00541477 0.00417162 0.00299903 0.00199665 0.00121606 0.00065255 0.000270955 2.59767e-05 -0.000137748 -0.000246116 -0.00033499 -0.000403525 -0.000485721 -0.000612305 -0.000759622 -0.000923195 -0.00108231 -0.00125184 -0.00142946 -0.00160035 -0.0017642 -0.00190192 -0.00200889 -0.00209707 -0.0021791 -0.00224621 -0.00228319 -0.00229167 -0.00230535 -0.00232167 -0.00231956 -0.00230099 -0.00227786 -0.00227845 -0.00227412 -0.00225506 -0.00223556 -0.00222372 -0.00222766 -0.00221298 -0.00219627 
0 7.11439e-05 0.000139578 0.000216381 0.000287252 0.000366206 0.000445068 0.000527972 0.00061739 0.000703461 0.000789509 0.000869682 0.000955146 0.00103936 0.00111589 0.00117037 0.00121699 0.00125858 0.00128766 0.00130156 0.00128178 0.00127216 0.00124925 0.00122844 0.00120445 0.00117429 0.00119332 0.00122895 0.00132765 0.00146319 0.00164798 0.00191962 0.00227961 0.00277631 0.00340591 0.00419599 0.00517968 0.00639436 0.00783665 0.00950837 0.0113086 0.0131487 0.014887 0.0163362 0.0173531 0.0177154 0.0173012 0.0160032 0.0138266 0.0108608 0.00730219 0.00337778 -0.000616244 -0.00440247 -0.00773409 -0.0103671 -0.0121649 -0.0130186 -0.0129164 -0.0118847 -0.0100486 -0.0075005 -0.0044165 -0.000920431 0.00286231 0.0068269 0.0108942 0.0150265 0.0191683 0.0233029 0.0274261 0.0314887 0.0355037 0.0394351 0.0432543 0.0469279 0.0504363 0.0536948 0.0566959 0.0593706 0.0616845 0.0635884 0.0650705 0.066064 0.0665614 0.0665274 0.0659588 0.0648283 0.0631689 0.0609767 0.0582614 0.0550374 0.0513602 0.0472365 0.0426988 0.037778 0.0325163 0.0269417 0.0211123 0.0150619 0.0088417 0.00250261 -0.00389344 -0.0103055 -0.0166649 -0.0229225 -0.0290189 -0.0348977 -0.0404934 -0.0457835 -0.0507045 -0.0552008 -0.0592179 -0.0627399 -0.0657072 -0.0680968 -0.0698794 -0.0710626 -0.071613 -0.0715766 -0.070967 -0.06982 -0.0681673 -0.0660986 -0.063632 -0.0608784 -0.0579159 -0.0548318 -0.0517124 -0.0486773 -0.045773 -0.0431064 -0.0407388 -0.0387112 -0.0370651 -0.0358044 -0.0348939 -0.0342753 -0.0338561 -0.0334794 -0.0330128 -0.0322564 -0.0310638 -0.0292864 -0.0268616 -0.0237467 -0.0200344 -0.0158289 -0.011328 -0.00677078 -0.00239891 0.00152958 0.00479209 0.00723349 0.00878482 0.00944401 0.00935846 0.00864606 0.00753658 0.00619864 0.00479452 0.00347775 0.00232962 0.00141896 0.000751085 0.00028853 -2.42985e-05 -0.000222757 -0.000376458 -0.000471118 -0.00056326 -0.00066177 -0.000780532 -0.00094476 -0.00109987 -0.00127837 -0.0014505 -0.00163244 -0.00181826 -0.00198503 -0.00213679 -0.00225598 -0.00236207 -0.00245401 -0.00253095 -0.00257532 -0.00260283 -0.00262237 -0.00264086 -0.00264857 -0.00263175 -0.00262313 -0.00261057 -0.00260582 -0.0025903 -0.00256817 -0.00256441 -0.00255085 -0.00254302 -0.00252339 
0 8.34687e-05 0.000170106 0.000252467 0.000340887 0.000426074 0.000514383 0.00060837 0.000703461 0.000799507 0.000890917 0.000979105 0.00107119 0.00115424 0.00122574 0.00128804 0.00133258 0.00137688 0.00139637 0.00140424 0.00140114 0.00138054 0.00137439 0.00135696 0.0013551 0.00136046 0.00138823 0.00147113 0.00158804 0.00175981 0.00198706 0.00229943 0.0027214 0.00327066 0.00397523 0.0048645 0.00596605 0.0073103 0.00892667 0.0107645 0.0127578 0.0147868 0.0166863 0.0182838 0.0193582 0.0197278 0.0192352 0.0177641 0.0153411 0.0120773 0.0081473 0.00385126 -0.000517777 -0.00466097 -0.00826678 -0.011123 -0.0130245 -0.0138763 -0.013665 -0.0124113 -0.0102368 -0.00730205 -0.00373359 0.000284072 0.00460107 0.00913064 0.0137529 0.0184041 0.0230444 0.0276426 0.0321546 0.0365861 0.040904 0.0450735 0.0490621 0.0528498 0.0563603 0.0595846 0.0624919 0.0650228 0.0671611 0.0688875 0.070131 0.0708889 0.071151 0.0708626 0.0700361 0.0686774 0.0667623 0.0643101 0.061372 0.0579421 0.0540358 0.0496755 0.0448993 0.0397235 0.0341937 0.0283409 0.0222196 0.0158686 0.00935274 0.00271041 -0.00399365 -0.0107114 -0.0173746 -0.023935 -0.0303185 -0.0364839 -0.0423749 -0.0479318 -0.053094 -0.0578617 -0.0621806 -0.0659872 -0.0692632 -0.0719829 -0.0740896 -0.0755978 -0.0765062 -0.0767936 -0.0765025 -0.0756624 -0.0742964 -0.072469 -0.0702439 -0.0676632 -0.0648243 -0.0618028 -0.0586954 -0.0555955 -0.0526186 -0.0498347 -0.0473271 -0.045158 -0.0433608 -0.0419237 -0.0408595 -0.0400768 -0.0394684 -0.0389255 -0.0382449 -0.0372433 -0.0357732 -0.033663 -0.0308324 -0.0272888 -0.0230642 -0.0183266 -0.0132652 -0.00813497 -0.00322867 0.00120038 0.00489614 0.00767517 0.00947888 0.0103107 0.0102768 0.00957556 0.00839587 0.00695068 0.0054229 0.00396288 0.0026881 0.00164901 0.00086562 0.000310363 -7.21646e-05 -0.000341772 -0.00052068 -0.000652377 -0.00076341 -0.000869066 -0.0010037 -0.00114587 -0.00131627 -0.00148917 -0.00165969 -0.00184807 -0.00202604 -0.00220394 -0.00235684 -0.00249121 -0.00261805 -0.00272289 -0.00281026 -0.00287429 -0.00291547 -0.00294804 -0.00296635 -0.00297125 -0.00296956 -0.00295132 -0.0029412 -0.0029237 -0.00290802 -0.00289848 -0.00288118 -0.00288037 -0.00286568 -0.0028605 
0 9.65144e-05 0.000190132 0.00028876 0.000384894 0.000484296 0.000581938 0.000683465 0.000789509 0.000890917 0.000989992 0.00108581 0.00118056 0.00125979 0.00133062 0.00139029 0.00144674 0.00148584 0.00149999 0.00151554 0.0015087 0.00150852 0.00149287 0.0014932 0.00151806 0.0015383 0.00161332 0.00171285 0.00187983 0.00208887 0.00235609 0.00273139 0.00319683 0.00380548 0.00458069 0.00556379 0.00678215 0.0082725 0.010038 0.0120654 0.0142268 0.0164259 0.0184898 0.0201823 0.021326 0.0216791 0.0211071 0.0194793 0.0168301 0.0132732 0.00902435 0.00436663 -0.000341884 -0.00477679 -0.00863855 -0.0116378 -0.0135999 -0.0144104 -0.0140538 -0.0125415 -0.0100434 -0.0066719 -0.00262446 0.00191987 0.00679242 0.0118682 0.0170182 0.0221821 0.0272838 0.0322931 0.0371811 0.0418867 0.0464196 0.0507221 0.0547617 0.0585208 0.0619725 0.0650439 0.0677638 0.070058 0.0719211 0.0733295 0.0742749 0.0747064 0.0746445 0.0740438 0.0729277 0.0712774 0.0691266 0.0664704 0.0633227 0.0596753 0.055589 0.0510577 0.0461093 0.0407666 0.0350802 0.029068 0.0227933 0.01629 0.0096215 0.00282894 -0.00402007 -0.0108859 -0.0176907 -0.0243965 -0.0309361 -0.0372561 -0.0432904 -0.0490282 -0.0543988 -0.059368 -0.0638837 -0.0679407 -0.0714907 -0.0745161 -0.0769675 -0.078864 -0.0801474 -0.0808489 -0.0809803 -0.0805568 -0.0795829 -0.078154 -0.0762505 -0.073967 -0.0713815 -0.0685593 -0.0655834 -0.0625916 -0.059633 -0.0568303 -0.0542698 -0.0520059 -0.0500921 -0.0485336 -0.0473146 -0.0463595 -0.0455694 -0.0447944 -0.0438782 -0.0425936 -0.0408059 -0.0383308 -0.0350936 -0.0310626 -0.0263352 -0.021033 -0.0153903 -0.00969892 -0.00424287 0.00068346 0.00480454 0.00793824 0.0100206 0.0110277 0.0111148 0.0104245 0.00921893 0.00768857 0.00603385 0.00445496 0.00304316 0.00187429 0.000975859 0.000321798 -0.000147146 -0.000469446 -0.000708528 -0.000860245 -0.00100534 -0.00113423 -0.00125742 -0.00140986 -0.00155644 -0.00173152 -0.001889 -0.00206273 -0.00224419 -0.00241069 -0.00257268 -0.00271758 -0.00286076 -0.00297795 -0.00307434 -0.00315156 -0.0032151 -0.00325551 -0.00327741 -0.00329308 -0.0032972 -0.0032962 -0.00327713 -0.00326205 -0.00325068 -0.00323815 -0.00322796 -0.00321008 -0.00320483 -0.00319995 
0 0.00010653 0.000211872 0.000317763 0.000427995 0.000537698 0.000645578 0.000756225 0.000869682 0.000979105 0.00108581 0.00118741 0.00128466 0.00136207 0.00142525 0.00148887 0.00154129 0.00157889 0.00158783 0.00160301 0.00161998 0.00162683 0.00163655 0.00165632 0.00171147 0.00177249 0.00186535 0.0020042 0.00219283 0.0024353 0.00274403 0.00316268 0.00368718 0.00435586 0.00521121 0.00630158 0.00764866 0.00927711 0.0112115 0.0133973 0.0157311 0.0180891 0.0202832 0.0220813 0.0232543 0.0235868 0.0229238 0.0211369 0.0182715 0.0144647 0.00991838 0.00496713 -2.99757e-05 -0.00472402 -0.00877391 -0.0118977 -0.0138783 -0.0146046 -0.01406 -0.0122638 -0.00938095 -0.00558137 -0.00103832 0.00402727 0.00942803 0.0150369 0.0207069 0.0263411 0.0318709 0.0372445 0.0424026 0.0473127 0.0519609 0.0562908 0.0602789 0.0639221 0.0671675 0.069998 0.0724277 0.0743935 0.0758955 0.0769321 0.0774615 0.0774872 0.0770375 0.0760774 0.0746352 0.0727179 0.0703115 0.0674223 0.0640839 0.0602857 0.0560469 0.0513846 0.0463358 0.0409196 0.0351756 0.0291326 0.0228385 0.0163256 0.00965088 0.00285884 -0.00398433 -0.0108332 -0.0176277 -0.0243235 -0.0308609 -0.0372055 -0.0433057 -0.0491132 -0.0545713 -0.0596727 -0.0643673 -0.0686145 -0.0724014 -0.0757103 -0.0784945 -0.0807746 -0.0825152 -0.083691 -0.0843194 -0.084397 -0.0839186 -0.0829546 -0.0815182 -0.0796556 -0.0774527 -0.0749651 -0.0722706 -0.0694861 -0.066695 -0.0639913 -0.0614717 -0.0592075 -0.0572415 -0.0555862 -0.0542481 -0.0531402 -0.0521544 -0.05117 -0.0499829 -0.0483866 -0.0462393 -0.0433541 -0.0396502 -0.0351299 -0.0298594 -0.0239993 -0.017785 -0.0115172 -0.00551799 -7.97368e-05 0.0044933 0.0080045 0.0103874 0.0116219 0.0118316 0.0112101 0.00999096 0.0083962 0.00664669 0.00494034 0.00340164 0.00209299 0.00106284 0.000295168 -0.000264214 -0.000661896 -0.000936235 -0.00112289 -0.00128565 -0.00142207 -0.00155167 -0.00168319 -0.00183223 -0.00199236 -0.00214065 -0.00230713 -0.00247245 -0.0026365 -0.0027892 -0.00294047 -0.00309087 -0.00321146 -0.00331411 -0.00340816 -0.0034933 -0.00355176 -0.00358359 -0.00361042 -0.00363739 -0.00364457 -0.00363386 -0.0036163 -0.00360664 -0.00359876 -0.00357575 -0.00355736 -0.00354422 -0.00354391 
0 0.000116452 0.00023082 0.000345406 0.000468662 0.000592122 0.000713296 0.000834268 0.000955146 0.00107119 0.00118056 0.00128466 0.00137974 0.00145265 0.00151076 0.00157053 0.00162253 0.00165412 0.00166218 0.0016845 0.00171939 0.00174786 0.00177657 0.00182467 0.00191431 0.00201621 0.00214733 0.00232347 0.00255031 0.00283199 0.00318499 0.0036517 0.00423025 0.00495897 0.00589501 0.00709033 0.00856658 0.0103418 0.0124327 0.0147795 0.0172667 0.0197607 0.0220641 0.0239287 0.0251153 0.0254098 0.0246521 0.0227246 0.0196737 0.0156462 0.0108595 0.00565776 0.000426287 -0.00446129 -0.00864855 -0.0118295 -0.0137762 -0.0143771 -0.0136083 -0.0115014 -0.00822887 -0.00397458 0.00106542 0.00665066 0.0125739 0.018682 0.0248171 0.030867 0.0367492 0.0424027 0.0477594 0.0527743 0.0574319 0.0616824 0.0655076 0.0689167 0.0718729 0.074362 0.0764015 0.077945 0.0789959 0.079567 0.0796397 0.0792241 0.0783517 0.0770056 0.0752125 0.0729842 0.0703189 0.0672191 0.0637002 0.0597575 0.0554174 0.0506967 0.0456233 0.0402178 0.0345181 0.0285497 0.0223521 0.0159605 0.00942746 0.00278979 -0.00389649 -0.0105858 -0.0172257 -0.0237785 -0.030193 -0.036434 -0.0424597 -0.0482361 -0.0537129 -0.0588672 -0.063657 -0.0680563 -0.0720534 -0.0756301 -0.0787503 -0.0814222 -0.0836072 -0.0852815 -0.0864498 -0.0870906 -0.0871909 -0.0867997 -0.0859178 -0.0845879 -0.0828885 -0.0808644 -0.078586 -0.0761591 -0.0736553 -0.0711677 -0.0687983 -0.0666213 -0.0646876 -0.0630193 -0.0616155 -0.0603924 -0.0592394 -0.0580288 -0.0565594 -0.0546271 -0.052087 -0.048764 -0.0445748 -0.0395305 -0.0337084 -0.0272735 -0.0204791 -0.0136426 -0.00709459 -0.00114777 0.00388386 0.00779732 0.0105133 0.012009 0.0123976 0.0118755 0.0106817 0.00904868 0.00721591 0.0054007 0.00373616 0.00229654 0.00114027 0.000260035 -0.000391502 -0.000859409 -0.00118093 -0.00140238 -0.00159027 -0.00174339 -0.00187443 -0.00200006 -0.00214007 -0.00228857 -0.00242604 -0.0025775 -0.00273127 -0.00288236 -0.00302879 -0.00318132 -0.00333258 -0.00345308 -0.00355513 -0.00366016 -0.00376232 -0.00383504 -0.00387646 -0.00391473 -0.00395943 -0.00398224 -0.0039813 -0.003971 -0.00396894 -0.003965 -0.00393888 -0.00391339 -0.00389608 -0.0038933 
0 0.000136176 0.00026528 0.000394025 0.000528777 0.000664686 0.000794401 0.00091865 0.00103936 0.00115424 0.00125979 0.00136207 0.00145265 0.00152134 0.00157944 0.00163456 0.00169086 0.00171848 0.00173233 0.00176931 0.00181973 0.0018792 0.00192567 0.00200848 0.00213547 0.00227788 0.00245767 0.00266698 0.00293861 0.00326215 0.00366436 0.00418748 0.00482653 0.00562635 0.00665031 0.00795142 0.0095517 0.0114695 0.0136975 0.0161943 0.0188176 0.0214324 0.0238347 0.0257477 0.0269421 0.0271886 0.0263321 0.0242718 0.0210559 0.0168346 0.0118591 0.00646111 0.00105836 -0.00395332 -0.00821836 -0.0113925 -0.0132546 -0.0136847 -0.0126542 -0.0102098 -0.00654075 -0.00182661 0.00369196 0.00977187 0.0161886 0.0227555 0.0293038 0.0357076 0.0418595 0.0476888 0.0531373 0.0581416 0.0627008 0.0667729 0.0703445 0.0734185 0.0759925 0.0780378 0.0795914 0.0806305 0.0811688 0.0812195 0.0808051 0.0799239 0.0786128 0.0768726 0.0747258 0.072172 0.0692343 0.0659177 0.0622319 0.058181 0.0537967 0.0490831 0.0440583 0.0387455 0.0331795 0.0273829 0.0213911 0.0152406 0.00897515 0.00262468 -0.00377016 -0.0101705 -0.0165311 -0.0228205 -0.0289989 -0.0350284 -0.0408685 -0.0465035 -0.0518971 -0.0570216 -0.0618471 -0.0663646 -0.0705414 -0.0743588 -0.0777925 -0.0808398 -0.0834517 -0.0856258 -0.0873414 -0.0885717 -0.0892989 -0.0895577 -0.0893186 -0.0886326 -0.0875472 -0.0861013 -0.0843551 -0.0824148 -0.080327 -0.0781965 -0.0761146 -0.0741473 -0.0723515 -0.0707584 -0.0693514 -0.0680619 -0.0667839 -0.0653645 -0.0636274 -0.0613583 -0.0584106 -0.054628 -0.0499349 -0.0443382 -0.0379512 -0.0309249 -0.0235386 -0.0161256 -0.00901278 -0.00254599 0.00296103 0.00729997 0.0103738 0.0121559 0.0127649 0.0123742 0.011248 0.00961564 0.007732 0.00583811 0.00406141 0.00250146 0.00121845 0.000217351 -0.000539103 -0.00108429 -0.00146745 -0.00172688 -0.00194168 -0.00211114 -0.00223508 -0.00235801 -0.00247767 -0.00261406 -0.00273891 -0.00287091 -0.00301406 -0.003145 -0.00328612 -0.00343681 -0.00358781 -0.00371075 -0.00381468 -0.00393005 -0.00404645 -0.00412995 -0.00417931 -0.00422538 -0.00427517 -0.00430736 -0.00430578 -0.00429959 -0.00430273 -0.00430133 -0.00428435 -0.00425753 -0.00425081 -0.00425347 
0 0.000153877 0.000298265 0.000438143 0.000584032 0.00073089 0.000868162 0.000995195 0.00111589 0.00122574 0.00133062 0.00142525 0.00151076 0.00157944 0.00163206 0.00169852 0.00174976 0.00178898 0.00181711 0.00186316 0.00194931 0.00201634 0.00210093 0.00220799 0.00236538 0.00256437 0.00277035 0.00303768 0.00334282 0.00371809 0.00418326 0.00475917 0.00547334 0.00635079 0.00746573 0.00887679 0.0106053 0.0126496 0.0150283 0.0176433 0.0204013 0.0231243 0.0255931 0.0275606 0.0287395 0.0289431 0.0279948 0.0258187 0.0224574 0.0180929 0.0129534 0.00742692 0.00191525 -0.00316707 -0.00741944 -0.0105302 -0.0122466 -0.0124558 -0.0111317 -0.00835594 -0.00427342 0.000856071 0.0068289 0.0133633 0.0202144 0.0271787 0.0340792 0.0407389 0.0470689 0.05298 0.0583881 0.063282 0.0676296 0.0714115 0.074625 0.077289 0.0793673 0.0809051 0.0819026 0.0823806 0.0823557 0.081884 0.0809458 0.079596 0.0778468 0.0757141 0.0731991 0.0703514 0.067148 0.0636197 0.0597936 0.055693 0.0512961 0.0466397 0.0417363 0.0366023 0.031244 0.0257123 0.0200287 0.0142261 0.00832108 0.00235806 -0.0036378 -0.00963305 -0.0156182 -0.021541 -0.0273705 -0.0330819 -0.0386655 -0.0440639 -0.0492784 -0.0543027 -0.0591198 -0.0636789 -0.0679926 -0.0720145 -0.0757249 -0.0790989 -0.0821344 -0.0847708 -0.0870207 -0.0888449 -0.0902306 -0.0911552 -0.0916428 -0.0916662 -0.0912802 -0.0905153 -0.0894275 -0.0880776 -0.0865623 -0.0849289 -0.0832679 -0.0816559 -0.0801191 -0.0786942 -0.0773761 -0.0760881 -0.074718 -0.0731501 -0.0711555 -0.0685754 -0.0652319 -0.0609914 -0.0557758 -0.0496317 -0.0426366 -0.0350064 -0.0270105 -0.0189873 -0.0113086 -0.00430436 0.00169308 0.00647213 0.00992267 0.0120381 0.0128849 0.0126925 0.011665 0.0100746 0.00818822 0.00622384 0.00436371 0.0026875 0.0012785 0.000153407 -0.000710544 -0.00135242 -0.00178986 -0.00211116 -0.00235023 -0.00253066 -0.00266611 -0.00275817 -0.00287497 -0.00297746 -0.00308782 -0.00320479 -0.0033162 -0.00343944 -0.00355864 -0.00370833 -0.00385571 -0.00397603 -0.00408656 -0.0042071 -0.00433139 -0.00442227 -0.0044774 -0.00452868 -0.00458837 -0.00462357 -0.00463357 -0.00463144 -0.00464164 -0.00465168 -0.00463596 -0.00462155 -0.00461256 -0.00461974 
0 0.000164386 0.000317872 0.000464811 0.000618364 0.00077214 0.000916913 0.00104962 0.00117037 0.00128804 0.00139029 0.00148887 0.00157053 0.00163456 0.00169852 0.00175479 0.00182129 0.00186119 0.00190696 0.00198159 0.00207442 0.0021866 0.00228561 0.00243439 0.00262881 0.00285993 0.00312567 0.00342019 0.00377912 0.00420378 0.00472682 0.00536782 0.00615247 0.00711161 0.0083311 0.00985502 0.0117111 0.0139123 0.0164119 0.0191734 0.0220406 0.0248531 0.0273893 0.0293637 0.030533 0.0306811 0.0296441 0.0273736 0.023914 0.0194251 0.0142089 0.00859795 0.00304651 -0.00201602 -0.00620869 -0.00917595 -0.0106941 -0.0106523 -0.0090203 -0.00589419 -0.00145524 0.00408949 0.0104564 0.0173829 0.0246076 0.0318885 0.0390207 0.0458515 0.0522427 0.0581075 0.0633968 0.0680607 0.0720848 0.075477 0.078233 0.0803603 0.0819033 0.0828603 0.0832635 0.0831607 0.0825764 0.0815364 0.0801042 0.0782846 0.0760965 0.0735737 0.0707323 0.0675782 0.0641585 0.0604911 0.0565727 0.0524191 0.0480697 0.0435264 0.0387875 0.0338817 0.0288366 0.0236525 0.0183464 0.0129544 0.00750708 0.00201393 -0.00351529 -0.00904731 -0.0145459 -0.0200071 -0.0254165 -0.0307374 -0.0359519 -0.0410703 -0.0460732 -0.0509285 -0.0556308 -0.0601873 -0.064557 -0.0687168 -0.0726544 -0.0763305 -0.0797079 -0.0827949 -0.085549 -0.0879414 -0.0899624 -0.091585 -0.0927772 -0.0935639 -0.0939448 -0.0939437 -0.0936111 -0.0930006 -0.092158 -0.0911606 -0.0900715 -0.0889343 -0.0877988 -0.0866807 -0.0855504 -0.084353 -0.08299 -0.0812943 -0.0791145 -0.0762506 -0.0725344 -0.0678548 -0.0621404 -0.0554191 -0.0478361 -0.039576 -0.0309496 -0.022325 -0.0140432 -0.00649896 1.03862e-05 0.00526286 0.00912933 0.0116012 0.0127652 0.012786 0.0119197 0.010412 0.00853472 0.00654833 0.0045971 0.00282611 0.00129614 4.66567e-05 -0.000926945 -0.00165242 -0.00216807 -0.00253522 -0.00280952 -0.00301286 -0.00313795 -0.00323837 -0.00331749 -0.00340722 -0.00349722 -0.00358287 -0.00368194 -0.00376448 -0.00387387 -0.00399997 -0.00413128 -0.0042469 -0.00434849 -0.00447435 -0.00460043 -0.00470035 -0.0047688 -0.00483533 -0.00490586 -0.00496032 -0.00498052 -0.00499236 -0.00501082 -0.00502176 -0.00501919 -0.00499781 -0.00499218 -0.00498868 
0 0.00017286 0.000331914 0.000489846 0.000644755 0.000806454 0.000954275 0.00108907 0.00121699 0.00133258 0.00144674 0.00154129 0.00162253 0.00169086 0.00174976 0.00182129 0.00187993 0.00193717 0.00200195 0.00208956 0.00222125 0.00234851 0.00250212 0.00268825 0.00292148 0.0032117 0.00351017 0.00386242 0.0042564 0.00473132 0.00531488 0.00600911 0.00686713 0.00791941 0.00924385 0.0108948 0.0128953 0.0152341 0.0178885 0.0207587 0.023741 0.0266341 0.0292013 0.0311922 0.0323245 0.0324139 0.0312959 0.0289469 0.0254092 0.0208792 0.0156259 0.0100384 0.00453919 -0.000439368 -0.00448008 -0.00726597 -0.0085611 -0.00824611 -0.00630265 -0.00285888 0.00195207 0.00784153 0.0145578 0.0218033 0.029296 0.0367793 0.0440511 0.0509098 0.0572484 0.0629636 0.0679873 0.0723206 0.0759266 0.0788269 0.0810391 0.0825906 0.0834991 0.0838438 0.083634 0.082946 0.0818001 0.0802542 0.0783106 0.0760292 0.073422 0.0705422 0.0673906 0.0640268 0.0604336 0.0566448 0.0526791 0.0485696 0.0442922 0.0398918 0.0353764 0.0307686 0.0260531 0.0212694 0.0164245 0.0115248 0.00655405 0.00156809 -0.00342267 -0.0084033 -0.0133835 -0.0183282 -0.0232399 -0.028109 -0.0329515 -0.0377173 -0.0424228 -0.0470603 -0.0516255 -0.0560749 -0.060429 -0.0646452 -0.068724 -0.0726199 -0.0763329 -0.0797969 -0.0830035 -0.0859135 -0.0885245 -0.0907782 -0.0927051 -0.0942554 -0.0954356 -0.0962613 -0.096762 -0.0969493 -0.0969119 -0.0966665 -0.0962663 -0.0957654 -0.095165 -0.094482 -0.0936862 -0.0927062 -0.091434 -0.0897369 -0.0874116 -0.0843225 -0.0802728 -0.0751769 -0.0689784 -0.0617309 -0.0535548 -0.0446992 -0.035459 -0.026205 -0.0173316 -0.00920519 -0.0021508 0.00360866 0.00793052 0.0108173 0.0123145 0.012624 0.0119452 0.0105621 0.00875151 0.00674405 0.00474896 0.00288637 0.00124714 -0.000116169 -0.00119284 -0.00200613 -0.00257874 -0.00300513 -0.00330371 -0.00352155 -0.00366753 -0.00374887 -0.00383103 -0.00389149 -0.00396691 -0.0040355 -0.00409256 -0.00415972 -0.00423047 -0.00433492 -0.00444242 -0.00453873 -0.00463973 -0.00475384 -0.00488111 -0.00498658 -0.0050676 -0.00514972 -0.00523144 -0.00529977 -0.00533693 -0.00535933 -0.00538401 -0.00540048 -0.00540146 -0.00538724 -0.00537673 -0.00536761 
0 0.000180719 0.000351995 0.000519045 0.000682754 0.000846777 0.000997422 0.00113447 0.00125858 0.00137688 0.00148584 0.00157889 0.00165412 0.00171848 0.00178898 0.00186119 0.00193717 0.00200886 0.00210135 0.00222437 0.00237718 0.0025512 0.00274152 0.00297486 0.00324919 0.00357781 0.00393314 0.00432859 0.00477742 0.0053103 0.00595769 0.00671803 0.00765397 0.00879807 0.0102383 0.0120128 0.0141491 0.0166435 0.0194247 0.022423 0.0254986 0.0284556 0.0310505 0.0330226 0.0341178 0.0341486 0.0329647 0.030572 0.0270234 0.0224975 0.0173085 0.0118101 0.00644295 0.00163675 -0.00220142 -0.00474912 -0.00578533 -0.00519684 -0.00296299 0.000780633 0.00587901 0.012071 0.019053 0.0265243 0.034185 0.041756 0.0490069 0.0557682 0.0619092 0.0673348 0.0720019 0.0758988 0.0789871 0.0813206 0.0829221 0.0838249 0.0841046 0.0838255 0.0830072 0.0817424 0.0800556 0.0779845 0.0755842 0.072893 0.0699251 0.066738 0.0633494 0.0597895 0.0560837 0.0522582 0.0483099 0.0442556 0.0401224 0.0359287 0.0316689 0.0273764 0.0230594 0.0187048 0.0143177 0.00991552 0.00550177 0.00108567 -0.00334549 -0.00777568 -0.0121838 -0.0165847 -0.0209916 -0.0253845 -0.0297764 -0.0341708 -0.0385572 -0.0429149 -0.0472471 -0.0515486 -0.0558108 -0.0600156 -0.0641622 -0.0682019 -0.072121 -0.0758952 -0.079481 -0.0828469 -0.085991 -0.0888503 -0.0914349 -0.0937291 -0.0957068 -0.0973739 -0.0987513 -0.0998206 -0.100642 -0.101239 -0.101644 -0.101885 -0.101976 -0.10189 -0.101576 -0.100953 -0.0999093 -0.0982818 -0.0959198 -0.0926692 -0.0883529 -0.0829072 -0.0762853 -0.0685386 -0.0598232 -0.0503856 -0.0405415 -0.0306851 -0.0212004 -0.0124966 -0.00487374 0.00142676 0.00624731 0.00958715 0.011491 0.012118 0.0116893 0.0104769 0.00875749 0.0067878 0.00476272 0.00285053 0.00112642 -0.000334762 -0.0015019 -0.00239491 -0.00303983 -0.00351717 -0.00385002 -0.00408953 -0.0042401 -0.00432819 -0.00438605 -0.00443313 -0.00448839 -0.00453001 -0.00456897 -0.00460513 -0.00466271 -0.00473835 -0.00482098 -0.00490266 -0.00498697 -0.00508911 -0.00519837 -0.00529965 -0.00538361 -0.00546869 -0.00555248 -0.00562898 -0.00567958 -0.00571535 -0.00574804 -0.00577008 -0.00578367 -0.00577672 -0.00577235 -0.00576107 
