0 0 0 0 0 0 0 0 0 0 0 0 0 0 0 0 0 0 0 0 0 0 0 0 0 0 0 0 0 0 0 0 0 0 0 0 0 0 0 0 0 0 0 0 0 0 0 0 0 0 0 0 0 0 0 0 0 0 0 0 0 0 0 0 0 0 0 0 0 0 0 0 0 0 0 0 0 0 0 0 0 0 0 0 0 0 0 0 0 0 0 0 0 0 0 0 0 0 0 0 0 0 0 0 0 0 0 0 0 0 0 0 0 0 0 0 0 0 0 0 0 0 0 0 0 0 0 0 0 0 0 0 0 0 0 0 0 0 0 0 0 0 0 0 0 0 0 0 0 0 0 0 0 0 0 0 0 0 0 0 0 0 0 0 0 0 0 0 0 0 0 0 0 0 0 0 0 0 0 0 0 0 0 0 0 0 0 0 0 0 0 0 0 0 0 0 0 0 0 0 
0 -2.9872e-05 -5.60727e-05 -8.26545e-05 -9.47318e-05 -9.44268e-05 -8.23107e-05 -5.67565e-05 -2.45202e-05 3.2929e-05 0.000102452 0.000182404 0.000266165 0.000350601 0.000462671 0.000582844 0.000721691 0.000869717 0.00103914 0.00125073 0.00147946 0.00173233 0.00198216 0.00222314 0.00242826 0.00256488 0.00261784 0.00256539 0.00239144 0.00208164 0.00166628 0.00116084 0.000619831 6.11643e-05 -0.000465548 -0.00090809 -0.00126861 -0.00150059 -0.00161103 -0.00158358 -0.0014308 -0.00118082 -0.00084162 -0.00043168 7.54383e-06 0.000467975 0.00094398 0.00140575 0.00186779 0.00230545 0.00273846 0.00315655 0.00355126 0.00393338 0.00430299 0.00464398 0.00495808 0.0052509 0.00549627 0.00569189 0.00582778 0.00589965 0.00588082 0.00578659 0.00560185 0.00532201 0.00494949 0.00448327 0.00392044 0.00327456 0.0025444 0.00174287 0.000888535 -2.45631e-05 -0.000965726 -0.00191759 -0.00286817 -0.00379071 -0.00465467 -0.00546457 -0.00618968 -0.00682056 -0.00734566 -0.00775905 -0.00805457 -0.00824084 -0.00830936 -0.00827597 -0.00813306 -0.00788166 -0.00754376 -0.00713654 -0.00664405 -0.00608444 -0.0054806 -0.00484184 -0.00417 -0.00347989 -0.00277639 -0.00206865 -0.0013575 -0.000645089 7.01222e-05 0.000787462 0.0015109 0.00222672 0.00293575 0.00364545 0.0043444 0.0050037 0.00563062 0.00622141 0.00676029 0.00723126 0.00763112 0.00794739 0.00818415 0.00832158 0.00836011 0.00829574 0.0081162 0.0078159 0.00742134 0.00691022 0.00629322 0.005592 0.00480935 0.00395231 0.00306244 0.00213952 0.00120087 0.00026938 -0.000645411 -0.00152935 -0.00236831 -0.00315081 -0.00386849 -0.00451367 -0.00508849 -0.00557452 -0.00598251 -0.00630418 -0.00654767 -0.00670481 -0.00680083 -0.00683963 -0.00682328 -0.00677265 -0.00670771 -0.00661914 -0.00652796 -0.00645636 -0.00638683 -0.00634754 -0.00632194 -0.00632254 -0.00633795 -0.00634688 -0.00634435 -0.00631801 -0.00622435 -0.00605665 -0.00580451 -0.00543937 -0.00498028 -0.00440978 -0.00377469 -0.00308705 -0.00237222 -0.00168353 -0.00105471 -0.000525964 -0.000112768 0.000159612 0.000299463 0.000315378 0.000251474 0.000119769 -5.74093e-05 -0.000243335 -0.000426739 -0.00057064 -0.000689269 -0.000765803 -0.000803418 -0.000816098 -0.000804043 -0.000783738 -0.000740693 -0.000688816 -0.000637017 -0.000593424 -0.00055325 -0.000505468 -0.000459028 -0.000421439 -0.000401014 -0.000383069 -0.000361699 -0.000340322 
0 -5.60727e-05 -0.00011897 -0.000159436 -0.000194114 -0.00018414 -0.000156924 -0.000109902 -2.78474e-05 7.28186e-05 0.000224484 0.00037719 0.000537168 0.000717438 0.000916944 0.00117194 0.00143485 0.00173111 0.00208385 0.00249086 0.00297453 0.0034714 0.00398173 0.00447204 0.00487061 0.00515345 0.00524627 0.00513614 0.0047823 0.00415861 0.00332 0.00231879 0.00122691 0.000117531 -0.00092325 -0.00181832 -0.00250512 -0.00297207 -0.00316804 -0.00309248 -0.0027836 -0.00226556 -0.00158508 -0.000771478 0.000105764 0.00102925 0.0019605 0.00290304 0.00380823 0.00468102 0.00554467 0.00635526 0.00713204 0.00788047 0.00859116 0.00924316 0.0098544 0.0103768 0.0108384 0.011182 0.0114105 0.0115265 0.0114806 0.0112648 0.0108951 0.0103362 0.00957524 0.00866266 0.00755781 0.00628692 0.00485509 0.0033024 0.00160742 -0.000161636 -0.00198334 -0.00382354 -0.00567252 -0.00744043 -0.00913934 -0.0107236 -0.0121311 -0.0133543 -0.0144071 -0.0152253 -0.0158197 -0.016211 -0.01636 -0.0162821 -0.0160163 -0.0155635 -0.0149097 -0.0140936 -0.0131325 -0.0120656 -0.0108864 -0.00962217 -0.00829313 -0.006939 -0.00554139 -0.00413276 -0.00270822 -0.00128118 0.000160092 0.00158466 0.00301981 0.00445122 0.00587742 0.00726354 0.00861509 0.00991763 0.0111723 0.012316 0.0133424 0.014264 0.01505 0.0156545 0.0161028 0.0163658 0.0164033 0.0162513 0.0158944 0.0153038 0.0144968 0.0134995 0.0122856 0.0109145 0.00939412 0.00775835 0.00601239 0.00422624 0.00240187 0.000586223 -0.00120225 -0.0029031 -0.00455146 -0.00608337 -0.00747976 -0.0087548 -0.00988144 -0.0108248 -0.0116275 -0.0122763 -0.0127502 -0.0131037 -0.0133143 -0.0134204 -0.0134224 -0.0133567 -0.0132422 -0.0131097 -0.0129506 -0.0128247 -0.0127248 -0.0126457 -0.0126173 -0.0126293 -0.0126698 -0.0127011 -0.0127249 -0.0126745 -0.0125173 -0.0121939 -0.0116862 -0.0109781 -0.0100391 -0.00890811 -0.00763118 -0.0062487 -0.00482184 -0.00344153 -0.00217667 -0.00111868 -0.000285555 0.000273597 0.000545306 0.000601855 0.000462071 0.000206184 -0.000139502 -0.000525056 -0.00086658 -0.00116846 -0.00138962 -0.0015372 -0.00161874 -0.00162864 -0.0016203 -0.00157291 -0.00149583 -0.00140187 -0.00129851 -0.00122459 -0.00114235 -0.00105384 -0.000962507 -0.000883897 -0.000840935 -0.000795009 -0.000747331 -0.000693836 
0 -8.26545e-05 -0.000159436 -0.000228515 -0.000258533 -0.000250128 -0.000206866 -0.000127218 -2.27952e-05 0.000143608 0.000347744 0.000578694 0.000822322 0.00107653 0.00140021 0.00175893 0.00216796 0.00261339 0.00312829 0.00375994 0.00445797 0.00522107 0.00598332 0.00671278 0.00732781 0.00773775 0.00788557 0.0077125 0.00717229 0.00623471 0.00498111 0.0034732 0.00185732 0.000207206 -0.00133743 -0.00263548 -0.00366559 -0.00432047 -0.0046019 -0.00447819 -0.00398921 -0.00320961 -0.00217689 -0.000948756 0.000366817 0.00173781 0.00314199 0.00451234 0.00586756 0.00715616 0.00841763 0.00962203 0.01075 0.01182 0.0128283 0.0137372 0.0145496 0.0152747 0.0158618 0.0163004 0.0165726 0.01667 0.0165301 0.016182 0.0155934 0.0147472 0.013644 0.0122864 0.0106656 0.00881508 0.00674027 0.00447941 0.0020764 -0.000466177 -0.00307545 -0.00570765 -0.00833117 -0.0108782 -0.0132829 -0.0155454 -0.0175899 -0.0193894 -0.0209119 -0.0221307 -0.0230262 -0.0236128 -0.0238654 -0.0238174 -0.0234582 -0.0227939 -0.0218731 -0.0207412 -0.0193717 -0.0178089 -0.0161024 -0.0142785 -0.0123447 -0.0103376 -0.0082696 -0.00616829 -0.0040407 -0.0019002 0.000250732 0.00240012 0.00455075 0.00666722 0.00874815 0.0108013 0.0128005 0.0146831 0.0164625 0.0181217 0.0196238 0.0209311 0.0220288 0.0228807 0.0234932 0.023819 0.023854 0.0235937 0.0230158 0.0221112 0.0209431 0.0194743 0.0177302 0.0157656 0.0135917 0.0112287 0.00876655 0.00621505 0.0036144 0.00102222 -0.00153171 -0.00400445 -0.00636167 -0.00856531 -0.0105903 -0.0124191 -0.014052 -0.0154471 -0.0166338 -0.0175971 -0.0183526 -0.0188926 -0.0192697 -0.0194947 -0.0195734 -0.019554 -0.01948 -0.0193385 -0.0191759 -0.0190502 -0.0189314 -0.0188806 -0.018873 -0.0189349 -0.0190364 -0.0191231 -0.0191732 -0.0191375 -0.0189045 -0.0184372 -0.0176995 -0.0166235 -0.0152433 -0.0135372 -0.0116223 -0.00954829 -0.00739905 -0.00532339 -0.00342757 -0.00182774 -0.000576607 0.000258961 0.000693833 0.000766418 0.000587318 0.000208543 -0.000301155 -0.000842287 -0.00136476 -0.00178334 -0.00211844 -0.00233609 -0.00244685 -0.00248456 -0.00246016 -0.00240668 -0.00229507 -0.00215723 -0.00201798 -0.0018995 -0.00178679 -0.0016536 -0.00151914 -0.00140426 -0.00132675 -0.00125358 -0.0011704 -0.00108292 
0 -9.47318e-05 -0.000194114 -0.000258533 -0.000299693 -0.000274637 -0.000211867 -0.000111578 4.31425e-05 0.00024299 0.000517888 0.000809872 0.00112098 0.00146983 0.00187181 0.00236146 0.00289039 0.00348677 0.00418988 0.00501433 0.00596933 0.0069749 0.00799865 0.00897216 0.00977496 0.010326 0.01051 0.0102753 0.00955617 0.00832192 0.00666352 0.00469189 0.00255241 0.000389718 -0.00162909 -0.00335012 -0.00466712 -0.00552574 -0.00585933 -0.00566254 -0.00499824 -0.00393296 -0.00254794 -0.000919454 0.000833645 0.00265954 0.00449808 0.0063273 0.00808704 0.00976875 0.0113976 0.0129192 0.0143426 0.0156768 0.0169053 0.0179976 0.018968 0.0197704 0.0204214 0.0208605 0.021088 0.0211036 0.0208436 0.0202995 0.0194809 0.0183431 0.0168719 0.0151186 0.0130468 0.0106894 0.0080652 0.0052319 0.00218794 -0.000983811 -0.00423141 -0.00750422 -0.0107747 -0.0139285 -0.0169567 -0.019802 -0.0223734 -0.0246459 -0.0266166 -0.0282006 -0.0293926 -0.0302061 -0.030591 -0.0305641 -0.0301684 -0.0294106 -0.0282903 -0.0268603 -0.0251475 -0.0232059 -0.0210444 -0.0186994 -0.0162016 -0.0136036 -0.0108993 -0.00813307 -0.00531403 -0.00247034 0.00039338 0.00323286 0.00606224 0.00885285 0.0115909 0.014235 0.0167803 0.0192003 0.0214881 0.0235694 0.0254242 0.0270523 0.0284077 0.02943 0.0301377 0.0304885 0.0304389 0.0300301 0.0292468 0.028065 0.0265235 0.0246529 0.02244 0.019965 0.0172484 0.0143318 0.011247 0.00807591 0.00483799 0.00160185 -0.00159092 -0.00466335 -0.00763028 -0.010409 -0.0129655 -0.0153071 -0.0173986 -0.0191976 -0.0207535 -0.0220533 -0.0230792 -0.0238892 -0.0244744 -0.0248761 -0.0251015 -0.0252008 -0.0252099 -0.0251621 -0.0250682 -0.0250087 -0.0249805 -0.0249922 -0.0250786 -0.0252319 -0.0254246 -0.025596 -0.02572 -0.0256939 -0.0254286 -0.0248291 -0.0238481 -0.0224439 -0.0205884 -0.0183368 -0.0157849 -0.0130217 -0.0101725 -0.00740896 -0.0048802 -0.0027423 -0.00106133 8.11974e-05 0.000674246 0.00081877 0.000589173 0.000109647 -0.000543154 -0.00126435 -0.00192509 -0.00249373 -0.00292072 -0.0032049 -0.00335999 -0.00339535 -0.0033784 -0.00329533 -0.00315354 -0.00297638 -0.00278721 -0.00263607 -0.00247768 -0.00230713 -0.00213135 -0.00197839 -0.00187298 -0.00176454 -0.0016529 -0.00153316 
0 -9.44268e-05 -0.00018414 -0.000250128 -0.000274637 -0.000241752 -0.000160375 -3.36847e-05 0.000142355 0.000389565 0.000703476 0.00105728 0.00144052 0.0018658 0.00237811 0.00297337 0.00364362 0.00439558 0.00527224 0.00631317 0.00748744 0.00874692 0.0100164 0.0112157 0.0122167 0.0128901 0.0131236 0.0128304 0.0119396 0.0104273 0.00839448 0.00597245 0.00335508 0.000709027 -0.0017579 -0.00384874 -0.00546049 -0.00648269 -0.00687152 -0.00660918 -0.00575831 -0.00441767 -0.00267659 -0.000640383 0.00154913 0.00381352 0.00609383 0.00832199 0.0104691 0.0124981 0.0144281 0.0162234 0.0178703 0.0193799 0.020743 0.0219279 0.0229347 0.0237574 0.0243662 0.0247337 0.0248483 0.0247003 0.0242345 0.0234614 0.0223662 0.0209248 0.0191336 0.0170099 0.0145458 0.0117731 0.00871444 0.00541927 0.00192662 -0.00172303 -0.00545599 -0.00921765 -0.0129611 -0.0166003 -0.0200772 -0.0233586 -0.0263604 -0.0290421 -0.0313645 -0.0332731 -0.0347397 -0.035763 -0.036308 -0.036391 -0.036016 -0.0351924 -0.0339558 -0.0323552 -0.0303942 -0.0281201 -0.0255764 -0.0228004 -0.0198156 -0.0166657 -0.0133726 -0.00997873 -0.00650871 -0.0029961 0.000536728 0.00405335 0.00753687 0.0109442 0.0142583 0.0174599 0.0205191 0.0233842 0.0260495 0.0284768 0.030628 0.0324683 0.0339653 0.0350752 0.0357986 0.0360948 0.0359502 0.0353749 0.0343603 0.0329062 0.0310696 0.028851 0.0262746 0.0234042 0.0202679 0.0169016 0.0133809 0.00974946 0.0060508 0.00235061 -0.0013031 -0.00485275 -0.00826558 -0.0114848 -0.0144758 -0.017224 -0.0197117 -0.0218999 -0.023815 -0.0254458 -0.0267936 -0.0278744 -0.0287234 -0.0293606 -0.0298026 -0.0301016 -0.0303028 -0.0304202 -0.0304977 -0.0306013 -0.0307273 -0.0309136 -0.0311626 -0.0314815 -0.0318278 -0.0321325 -0.0323435 -0.0323633 -0.0320586 -0.0313408 -0.0301444 -0.0284024 -0.0261203 -0.0233294 -0.0201621 -0.0167299 -0.0131863 -0.00974464 -0.0065934 -0.00390975 -0.00179911 -0.0003505 0.000438829 0.000651323 0.000418071 -0.000145243 -0.000923483 -0.00177798 -0.00259229 -0.00327724 -0.00380957 -0.00416434 -0.00435462 -0.00441537 -0.00438554 -0.00428545 -0.00410648 -0.00388142 -0.00364949 -0.00344424 -0.00324412 -0.00302808 -0.00281084 -0.00262525 -0.00248548 -0.00235173 -0.00221126 -0.00206931 
0 -8.23107e-05 -0.000156924 -0.000206866 -0.000211867 -0.000160375 -5.68269e-05 9.43271e-05 0.00030152 0.00058543 0.0009401 0.00134646 0.0017931 0.00229758 0.00290168 0.00360591 0.00440933 0.00532172 0.00638641 0.00764013 0.00904945 0.0105579 0.0120742 0.0134947 0.0146781 0.01547 0.0157432 0.0153896 0.0143333 0.0125615 0.0101755 0.00734007 0.00426926 0.00117607 -0.00170238 -0.00414443 -0.00601033 -0.00717923 -0.0075957 -0.00724937 -0.00620807 -0.00458586 -0.00249476 -6.94646e-05 0.0025404 0.00522602 0.00791166 0.0105174 0.0129995 0.0153215 0.0174832 0.0194611 0.0212402 0.0228311 0.0242261 0.0254045 0.0263589 0.0270889 0.0275639 0.0277653 0.0276812 0.027299 0.0265822 0.0255323 0.0241402 0.0223913 0.0202894 0.0178477 0.0150754 0.0119932 0.00863176 0.00503004 0.00123226 -0.00272075 -0.0067575 -0.0108269 -0.0148724 -0.0188214 -0.0226093 -0.0261909 -0.0294891 -0.0324573 -0.0350508 -0.0372195 -0.0389272 -0.0401565 -0.0408773 -0.0410909 -0.0408008 -0.0400125 -0.0387504 -0.037049 -0.0349294 -0.0324307 -0.029595 -0.0264566 -0.0230521 -0.019424 -0.0156096 -0.01165 -0.00758593 -0.00345836 0.000690182 0.00481913 0.00889255 0.0128676 0.0167083 0.0203857 0.0238627 0.0270987 0.0300681 0.0327324 0.0350538 0.0370027 0.0385466 0.0396533 0.0403132 0.0405007 0.0402104 0.0394532 0.0382316 0.0365542 0.0344667 0.0319826 0.0291372 0.0259846 0.0225663 0.0189189 0.0151133 0.0111945 0.00721398 0.00322875 -0.000705667 -0.00454565 -0.00824968 -0.0117728 -0.0150791 -0.0181492 -0.0209594 -0.023481 -0.0257223 -0.027677 -0.0293458 -0.0307384 -0.0318893 -0.0328139 -0.0335379 -0.0341088 -0.034574 -0.0349545 -0.0352999 -0.0356615 -0.036051 -0.0364942 -0.0369953 -0.037552 -0.0381142 -0.0386115 -0.0389665 -0.0390696 -0.0387743 -0.0379746 -0.0365874 -0.0345465 -0.0318531 -0.0285578 -0.0247974 -0.0207169 -0.016505 -0.0123996 -0.00863283 -0.00540297 -0.00285213 -0.00107442 -6.84708e-05 0.000251742 3.48983e-05 -0.000584122 -0.0014612 -0.00243845 -0.00338114 -0.00418432 -0.00480984 -0.00523132 -0.00546009 -0.00553689 -0.00550064 -0.00537603 -0.00516465 -0.00489863 -0.00462505 -0.00437207 -0.00412629 -0.00386916 -0.00361207 -0.00338968 -0.00321186 -0.00304578 -0.00287575 -0.00271018 
0 -5.67565e-05 -0.000109902 -0.000127218 -0.000111578 -3.36847e-05 9.43271e-05 0.000269321 0.000518377 0.000830953 0.00123096 0.00168447 0.00218998 0.00277997 0.00346198 0.00428079 0.00521041 0.00628594 0.00754885 0.00900707 0.0106618 0.0124119 0.0141767 0.0158186 0.0171759 0.0180899 0.0183988 0.0179859 0.0167695 0.0147524 0.012031 0.00881512 0.00531766 0.00181712 -0.00142888 -0.00419387 -0.00626822 -0.00756346 -0.00798229 -0.00753912 -0.00631048 -0.00440958 -0.00198484 0.000801226 0.0037979 0.00686705 0.00989796 0.0128332 0.0155784 0.0181254 0.0204454 0.0225191 0.0243443 0.0259241 0.0272483 0.028315 0.0291237 0.0296504 0.0299053 0.0298551 0.0294978 0.0288197 0.0278142 0.0264546 0.0247636 0.0227266 0.0203456 0.01765 0.0146514 0.011361 0.00781971 0.00406372 0.000109521 -0.00397138 -0.00813702 -0.0123372 -0.0165164 -0.0205964 -0.0245428 -0.0282772 -0.0317395 -0.0348746 -0.0376507 -0.0400006 -0.0418964 -0.0433087 -0.044211 -0.0445744 -0.0444166 -0.0437365 -0.0425299 -0.0408106 -0.0386245 -0.0359992 -0.0329602 -0.0295439 -0.0258037 -0.0217842 -0.0175293 -0.0130878 -0.00851398 -0.00385714 0.000827346 0.00548407 0.0100641 0.0145268 0.0188186 0.0228846 0.0266854 0.0301997 0.0333778 0.03617 0.0385505 0.0405101 0.0420073 0.0430249 0.0435549 0.0435967 0.043134 0.0421959 0.0407931 0.0389427 0.0366614 0.0340078 0.0309993 0.027688 0.0241242 0.0203602 0.0164251 0.0123982 0.00831555 0.00422235 0.000175064 -0.00378362 -0.00763242 -0.0113203 -0.0148129 -0.0181028 -0.0211458 -0.0239307 -0.0264504 -0.0287045 -0.0306752 -0.0323994 -0.0338739 -0.0351304 -0.0361981 -0.0371144 -0.0379165 -0.038652 -0.0393503 -0.0400528 -0.0408012 -0.0415793 -0.0424229 -0.0432975 -0.044153 -0.0449159 -0.0454873 -0.0457266 -0.0455031 -0.0446723 -0.0431353 -0.0408484 -0.0377742 -0.0340192 -0.0296959 -0.0249936 -0.0201417 -0.015392 -0.0110219 -0.00725434 -0.00426263 -0.00214306 -0.000908833 -0.000446812 -0.000627672 -0.00126959 -0.00221098 -0.0032888 -0.00432344 -0.00523531 -0.00593413 -0.00641427 -0.00668364 -0.00676946 -0.0067366 -0.00658569 -0.00635208 -0.00605771 -0.00574874 -0.00545882 -0.0051663 -0.00487225 -0.00457711 -0.0043131 -0.00409058 -0.00388068 -0.00367493 -0.00347831 
0 -2.45202e-05 -2.78474e-05 -2.27952e-05 4.31425e-05 0.000142355 0.00030152 0.000518377 0.000789014 0.00115467 0.00157607 0.00208058 0.00264932 0.00330108 0.00408815 0.00499185 0.00606531 0.00730732 0.00875609 0.0104467 0.0123181 0.0143283 0.0163347 0.018191 0.0197361 0.0207609 0.0211168 0.0206504 0.0192837 0.0170372 0.014018 0.010436 0.00656478 0.00269016 -0.000894055 -0.00392095 -0.00620507 -0.00758102 -0.00800034 -0.00746717 -0.00605211 -0.0039025 -0.00117894 0.00193253 0.00526035 0.00863961 0.0119705 0.0151263 0.0180737 0.0207606 0.023146 0.0252457 0.0270329 0.0285064 0.0296769 0.030545 0.0310923 0.0313601 0.0312972 0.030934 0.0302564 0.0292445 0.02791 0.0262615 0.0242794 0.0219872 0.019408 0.0165208 0.0133747 0.00998103 0.00637668 0.00256928 -0.00136666 -0.00543151 -0.00957202 -0.0137442 -0.0178743 -0.0219527 -0.0258776 -0.0296095 -0.0331123 -0.0363229 -0.0391612 -0.0416217 -0.0436491 -0.045194 -0.0462527 -0.0468033 -0.046803 -0.0462413 -0.0451452 -0.0435135 -0.0413497 -0.0386606 -0.0355079 -0.0319251 -0.0279563 -0.0236362 -0.0190444 -0.0142255 -0.00925319 -0.00417786 0.000924924 0.00601422 0.0110048 0.0158387 0.0204552 0.0248255 0.0288735 0.0325459 0.0358 0.0386362 0.0410106 0.0428811 0.0442483 0.0451261 0.0454869 0.0453428 0.04473 0.0436267 0.0420602 0.0400772 0.0377062 0.0349569 0.0319072 0.0285698 0.0250021 0.0212428 0.0173672 0.0133823 0.0093575 0.00531823 0.00131411 -0.00264736 -0.00648765 -0.0102088 -0.0137816 -0.0171623 -0.0203446 -0.0233233 -0.0260571 -0.0285528 -0.0308275 -0.032846 -0.0346686 -0.0362877 -0.0377391 -0.0390555 -0.0402741 -0.0414138 -0.0425433 -0.043668 -0.0448249 -0.0460431 -0.047294 -0.0485714 -0.0498056 -0.0509136 -0.0517635 -0.0522261 -0.0521229 -0.0513248 -0.0497102 -0.0472045 -0.0438308 -0.0396458 -0.0348098 -0.0295335 -0.0240712 -0.0187165 -0.0137717 -0.00948044 -0.00605809 -0.00360213 -0.00210682 -0.00150464 -0.00160286 -0.00224608 -0.00322928 -0.00435442 -0.0054857 -0.00645896 -0.00723204 -0.00776252 -0.00805404 -0.00817089 -0.00811742 -0.0079572 -0.00769873 -0.00737617 -0.00704852 -0.00670887 -0.00638389 -0.00604593 -0.00571398 -0.00541237 -0.0051318 -0.00488326 -0.00463195 -0.00440569 
0 3.2929e-05 7.28186e-05 0.000143608 0.00024299 0.000389565 0.00058543 0.000830953 0.00115467 0.00153834 0.00200606 0.00254483 0.00316217 0.00389986 0.00474929 0.00577299 0.00697016 0.00838514 0.0100498 0.011946 0.0140762 0.0163261 0.0185827 0.0206615 0.0223717 0.0235194 0.0239126 0.0233981 0.0219004 0.0194563 0.0161632 0.0122823 0.00805873 0.00385675 -2.08733e-05 -0.0033199 -0.00576055 -0.00724247 -0.00765429 -0.00703729 -0.005477 -0.00311039 -0.000137865 0.00322346 0.00681143 0.0104404 0.0139581 0.017295 0.0203369 0.0230796 0.025455 0.0274722 0.02913 0.0304271 0.0313586 0.0319511 0.0322094 0.0321172 0.0317075 0.0309804 0.0299436 0.0285869 0.0269609 0.0250216 0.022806 0.0203202 0.017575 0.0145877 0.0113942 0.00799019 0.00442347 0.000707664 -0.00314173 -0.0070579 -0.0110303 -0.0150206 -0.0189777 -0.022865 -0.026659 -0.0302703 -0.0336767 -0.0368131 -0.0396487 -0.0421291 -0.0442217 -0.0458684 -0.0470585 -0.0477263 -0.0478797 -0.0474994 -0.046554 -0.0450097 -0.0429205 -0.0402872 -0.0371271 -0.0334612 -0.0293638 -0.0248798 -0.0200798 -0.0150149 -0.00976963 -0.00440228 0.000997385 0.00636517 0.011621 0.0167178 0.0215626 0.0260838 0.0302243 0.0339746 0.0372537 0.0400272 0.0422813 0.0440289 0.0452419 0.0459434 0.0461198 0.0458115 0.0450203 0.0437817 0.0421241 0.0400899 0.0376672 0.034944 0.0319462 0.0287001 0.0252629 0.0216861 0.0179626 0.0141653 0.0103259 0.00645856 0.0026151 -0.00118783 -0.00492472 -0.00857083 -0.0120984 -0.0154968 -0.0187196 -0.0217905 -0.0246669 -0.0273627 -0.0298652 -0.0321986 -0.0343416 -0.0363253 -0.0381779 -0.0399136 -0.0415594 -0.0431718 -0.0447754 -0.0463756 -0.0480425 -0.0497356 -0.0514864 -0.0532312 -0.0549108 -0.0564362 -0.0576522 -0.0583878 -0.0584974 -0.0577957 -0.0561485 -0.0535222 -0.0498744 -0.0453492 -0.0400599 -0.0342675 -0.0282712 -0.0223592 -0.01688 -0.0120992 -0.00825355 -0.00544617 -0.00369582 -0.00289936 -0.00291758 -0.00352797 -0.00452155 -0.00570633 -0.00687914 -0.00793711 -0.00875352 -0.00932584 -0.00965426 -0.00976537 -0.0097178 -0.00952056 -0.00924034 -0.00889387 -0.00852313 -0.00814911 -0.00776876 -0.00739542 -0.00702674 -0.0066807 -0.00635826 -0.0060603 -0.00578108 -0.00552668 
0 0.000102452 0.000224484 0.000347744 0.000517888 0.000703476 0.0009401 0.00123096 0.00157607 0.00200606 0.00248898 0.00306881 0.00374621 0.00454871 0.00550837 0.0066324 0.00798854 0.00959025 0.011461 0.0135985 0.0159532 0.0184579 0.0209498 0.0232357 0.0251189 0.0263743 0.026812 0.0262608 0.0246482 0.0220255 0.0185104 0.0143445 0.00983469 0.00533838 0.0011898 -0.00232308 -0.00494892 -0.00651814 -0.00696304 -0.0063156 -0.00465735 -0.0021462 0.000999479 0.00455426 0.00832505 0.0121107 0.0157646 0.0191545 0.0222241 0.0249288 0.0272001 0.0290697 0.030528 0.0315642 0.0322014 0.0324651 0.0323559 0.0319119 0.0311229 0.0300385 0.0286613 0.0269819 0.025056 0.0228869 0.0204707 0.0178455 0.0150357 0.0120198 0.00884397 0.00551953 0.00207938 -0.00148097 -0.0050999 -0.0087697 -0.0124798 -0.0161913 -0.019845 -0.023462 -0.0269696 -0.0303233 -0.0335283 -0.0365234 -0.039233 -0.0416548 -0.0437347 -0.0454041 -0.0466603 -0.0474558 -0.0477345 -0.0474677 -0.0466571 -0.0452754 -0.0433176 -0.0407683 -0.0376722 -0.0340564 -0.0299691 -0.025446 -0.0205724 -0.0154082 -0.0100461 -0.00454956 0.000986665 0.00649754 0.0118779 0.0170561 0.0219524 0.026519 0.0306703 0.0343566 0.0375308 0.0402004 0.042334 0.0439078 0.0449393 0.0454679 0.0454755 0.0450089 0.0441166 0.0427877 0.0410714 0.0390366 0.0366888 0.0340651 0.0312374 0.0281948 0.0249876 0.0216587 0.0182339 0.0147204 0.011172 0.00759036 0.0040073 0.00042775 -0.00308733 -0.00655322 -0.00995245 -0.0132451 -0.0164327 -0.0195314 -0.0224821 -0.0253009 -0.0280033 -0.0305555 -0.0329894 -0.0353067 -0.0375347 -0.0396894 -0.041789 -0.0438711 -0.0459833 -0.0481082 -0.0503001 -0.0525624 -0.0548568 -0.0571439 -0.0593428 -0.0613434 -0.0629712 -0.0640546 -0.064415 -0.0638774 -0.0622911 -0.0595937 -0.0557992 -0.0509973 -0.0453499 -0.039132 -0.0326598 -0.0262666 -0.0203053 -0.0150748 -0.0108354 -0.00769626 -0.00566845 -0.00468871 -0.00457972 -0.00513842 -0.00612466 -0.00731738 -0.00855022 -0.00964691 -0.0105213 -0.0111355 -0.011485 -0.0116221 -0.0115494 -0.0113352 -0.01102 -0.0106372 -0.0102324 -0.00979294 -0.00936864 -0.00894596 -0.00854149 -0.00816125 -0.00778744 -0.00745906 -0.00714594 -0.0068734 
0 0.000182404 0.00037719 0.000578694 0.000809872 0.00105728 0.00134646 0.00168447 0.00208058 0.00254483 0.00306881 0.00369076 0.00442996 0.00531849 0.00637208 0.00762498 0.00913663 0.010937 0.0130383 0.0154132 0.0180219 0.020774 0.0235027 0.0259934 0.0280284 0.0293829 0.0298508 0.0292582 0.0275423 0.0247633 0.0210457 0.0166444 0.0118691 0.00710981 0.0027145 -0.00102242 -0.00381712 -0.00550625 -0.0060093 -0.00536901 -0.00367684 -0.00109304 0.00214609 0.00579509 0.00965582 0.0135168 0.0172024 0.0205899 0.0235975 0.0261841 0.0282806 0.0299143 0.0310933 0.0318182 0.0321114 0.0320157 0.0315492 0.0307309 0.0295857 0.0281615 0.0264697 0.0245141 0.0223626 0.0200064 0.01746 0.0147579 0.0119221 0.00894898 0.00587635 0.00271005 -0.000522168 -0.00382633 -0.00716655 -0.0105151 -0.0138744 -0.0172143 -0.0204943 -0.0237296 -0.0268853 -0.0299098 -0.0328101 -0.0355367 -0.038044 -0.040313 -0.0422971 -0.0439258 -0.0451816 -0.0460016 -0.0463512 -0.046198 -0.0455129 -0.0442535 -0.0424347 -0.0400471 -0.0371082 -0.0336277 -0.029661 -0.02525 -0.0204672 -0.0153715 -0.0100577 -0.00459811 0.000900486 0.00635863 0.0116799 0.0167936 0.0216023 0.0260443 0.0300557 0.0336077 0.0366392 0.0391389 0.0410932 0.042506 0.043384 0.0437645 0.0436434 0.0430776 0.0421095 0.0407625 0.0390875 0.0371437 0.0349275 0.0324991 0.0299064 0.0271438 0.0242535 0.0212711 0.0181895 0.0150343 0.0118431 0.00861247 0.00536826 0.00211496 -0.00111615 -0.00433436 -0.0075259 -0.0106646 -0.013741 -0.0167795 -0.0197285 -0.0226026 -0.0254129 -0.0281427 -0.0307932 -0.033383 -0.0359356 -0.0384584 -0.0409726 -0.0435247 -0.0461413 -0.0488054 -0.0515668 -0.0544057 -0.0572885 -0.0601489 -0.0629038 -0.0654286 -0.0675294 -0.0690158 -0.0697086 -0.069408 -0.0679545 -0.0652926 -0.0614228 -0.0564557 -0.0505491 -0.0440019 -0.0371585 -0.0303621 -0.0239897 -0.0183647 -0.0137603 -0.0102992 -0.00800465 -0.00681688 -0.00657885 -0.00706309 -0.008021 -0.00922538 -0.0104845 -0.0116298 -0.0125441 -0.0131947 -0.0135758 -0.0137186 -0.0136421 -0.0134014 -0.0130592 -0.0126492 -0.0122015 -0.0117148 -0.0112343 -0.0107701 -0.0103289 -0.00990622 -0.00949003 -0.00911531 -0.00877244 -0.00847115 
0 0.000266165 0.000537168 0.000822322 0.00112098 0.00144052 0.0017931 0.00218998 0.00264932 0.00316217 0.00374621 0.00442996 0.00524988 0.00624099 0.00740689 0.00880607 0.0104871 0.0124962 0.0148331 0.017448 0.0203078 0.0232991 0.0262546 0.0289411 0.0311209 0.0325699 0.0330654 0.0324359 0.0306243 0.0276971 0.0237897 0.0191653 0.0141416 0.00913062 0.00449483 0.00053537 -0.00244411 -0.00428428 -0.0048966 -0.004329 -0.00268063 -0.000112326 0.00312809 0.00678245 0.0106393 0.0144824 0.0181094 0.0214061 0.0242724 0.0266701 0.0285387 0.0298961 0.0307659 0.0311565 0.0310945 0.0306339 0.029817 0.0286517 0.0271943 0.0254841 0.0235404 0.0213748 0.0190558 0.0165764 0.0139649 0.0112531 0.00845959 0.00559315 0.00267642 -0.000277355 -0.0032502 -0.00623888 -0.00923296 -0.0121989 -0.0151562 -0.0180771 -0.0209402 -0.0237447 -0.0264839 -0.0291111 -0.0316404 -0.0340305 -0.0362525 -0.0382746 -0.0400615 -0.0415514 -0.0427194 -0.0434986 -0.0438511 -0.0437412 -0.0431372 -0.042001 -0.0403366 -0.0381353 -0.0354039 -0.0321546 -0.0284301 -0.0242696 -0.0197295 -0.014877 -0.0098008 -0.00457902 0.000688697 0.00590793 0.0109868 0.0158494 0.0204099 0.024604 0.0283763 0.0316949 0.0345128 0.0368166 0.038597 0.0398596 0.0406103 0.0408864 0.0407019 0.0401166 0.0391647 0.037886 0.0363292 0.0345513 0.0325503 0.0303918 0.0280974 0.0256704 0.0231387 0.020541 0.017853 0.0151103 0.0123266 0.00949847 0.00663509 0.00375003 0.000849478 -0.00206703 -0.0049932 -0.00791559 -0.0108235 -0.0137382 -0.0166186 -0.0194738 -0.0223095 -0.0251302 -0.0279174 -0.0307096 -0.0335243 -0.0363657 -0.0392529 -0.0422363 -0.0453224 -0.0485033 -0.0518179 -0.055232 -0.0587123 -0.0621668 -0.0655066 -0.0685858 -0.0711975 -0.0731324 -0.0742091 -0.0742082 -0.0729647 -0.0704234 -0.0665744 -0.0615384 -0.0554749 -0.0487002 -0.0415801 -0.0344741 -0.027776 -0.0218341 -0.0169271 -0.0131905 -0.0106606 -0.00927817 -0.00890768 -0.00930333 -0.0102135 -0.0114095 -0.0126767 -0.0138565 -0.014806 -0.0154938 -0.0159122 -0.0160687 -0.0159988 -0.0157455 -0.0153883 -0.0149605 -0.0144774 -0.0139523 -0.0134216 -0.0129188 -0.0124408 -0.0119729 -0.0115106 -0.0110808 -0.0106966 -0.0103525 
0 0.000350601 0.000717438 0.00107653 0.00146983 0.0018658 0.00229758 0.00277997 0.00330108 0.00389986 0.00454871 0.00531849 0.00624099 0.0073331 0.00864774 0.0101902 0.0120661 0.0142967 0.0168683 0.0197496 0.0228488 0.0260871 0.0292582 0.0321253 0.0344426 0.035967 0.036477 0.0358058 0.0338966 0.0308162 0.0267344 0.0218738 0.0166164 0.0113417 0.00643896 0.00224936 -0.000972555 -0.00299789 -0.00378442 -0.00335983 -0.00182782 0.00063737 0.00377917 0.00735049 0.0111057 0.0148256 0.0183284 0.0214397 0.0241151 0.0262717 0.0278746 0.0289397 0.0294999 0.0295581 0.0291717 0.0283896 0.027248 0.0258066 0.024084 0.0221505 0.0200245 0.0177332 0.0153083 0.0128016 0.010194 0.00753596 0.0048553 0.00214882 -0.000568978 -0.00326032 -0.00593038 -0.00858654 -0.011187 -0.0137476 -0.0162747 -0.0187518 -0.0211551 -0.0235224 -0.0258058 -0.028001 -0.0301105 -0.0321209 -0.0339692 -0.0356679 -0.0371675 -0.0384211 -0.0393878 -0.0400493 -0.0403282 -0.0401913 -0.0396167 -0.0385953 -0.0370857 -0.0350854 -0.0326041 -0.029667 -0.0262851 -0.0224987 -0.0183543 -0.0139236 -0.00927655 -0.00449844 0.000329958 0.00511485 0.00977203 0.0142101 0.0183723 0.0222039 0.0256522 0.028655 0.031207 0.0333 0.0349186 0.0360414 0.0367179 0.0369636 0.036803 0.036277 0.0354547 0.0343348 0.0329827 0.0314426 0.0297414 0.0278864 0.0259401 0.0238867 0.0217493 0.0195483 0.0172993 0.0149784 0.012619 0.010217 0.0077556 0.0052479 0.00271118 0.000122108 -0.00251786 -0.00516845 -0.00786663 -0.0105969 -0.0133411 -0.0161016 -0.0189088 -0.0217272 -0.0245942 -0.0275153 -0.0305132 -0.033604 -0.0368017 -0.0401421 -0.0436434 -0.0472982 -0.051106 -0.055081 -0.0591189 -0.0631609 -0.0670872 -0.0707281 -0.0738709 -0.0762981 -0.0777905 -0.07814 -0.0771751 -0.074803 -0.0710734 -0.0660392 -0.0599237 -0.0530323 -0.0457324 -0.0384317 -0.0315031 -0.0253312 -0.0201924 -0.0162368 -0.0135027 -0.011964 -0.011461 -0.0117784 -0.0126476 -0.0138213 -0.0151179 -0.0163151 -0.0173193 -0.0180539 -0.0185098 -0.0187088 -0.0186371 -0.0183966 -0.0180288 -0.0175864 -0.0170851 -0.0165137 -0.0159501 -0.0154015 -0.0148856 -0.0143769 -0.013859 -0.013385 -0.0129485 -0.0125618 
0 0.000462671 0.000916944 0.00140021 0.00187181 0.00237811 0.00290168 0.00346198 0.00408815 0.00474929 0.00550837 0.00637208 0.00740689 0.00864774 0.010096 0.0118383 0.013912 0.0163814 0.0192178 0.0223476 0.0257139 0.0291748 0.0325495 0.0355807 0.0380031 0.039577 0.0400767 0.0393346 0.0373119 0.0340765 0.0297864 0.0247138 0.0191896 0.0136418 0.00845759 0.00396859 0.000485656 -0.00181225 -0.00284138 -0.00263469 -0.00130872 0.000958673 0.00392688 0.00731204 0.0108846 0.0144227 0.0177009 0.020611 0.0230374 0.0249299 0.026269 0.0270477 0.0273079 0.0270915 0.0264222 0.025371 0.0240039 0.0223274 0.0204298 0.0183447 0.0161049 0.013751 0.0113278 0.00883817 0.00632037 0.00379239 0.00126401 -0.00123495 -0.00369496 -0.00610396 -0.00845893 -0.0107386 -0.0129695 -0.0151235 -0.0172089 -0.0192259 -0.0211903 -0.0230713 -0.0249024 -0.0266586 -0.0283212 -0.0298728 -0.0313213 -0.0326178 -0.0337447 -0.0346751 -0.0353721 -0.0357844 -0.0358993 -0.0356966 -0.0351277 -0.0341531 -0.0327788 -0.0310138 -0.0288369 -0.0262522 -0.0232898 -0.0199941 -0.0163972 -0.0125532 -0.00851844 -0.00436959 -0.000178732 0.00397029 0.0080206 0.0119069 0.0155549 0.0188951 0.0219096 0.0245743 0.0268445 0.0286918 0.0301319 0.0311845 0.0318455 0.0321327 0.0320848 0.0317363 0.0311006 0.0302432 0.0291915 0.0279635 0.0265824 0.0251062 0.0235224 0.0218663 0.0201477 0.0183779 0.0165341 0.0146517 0.0127102 0.0107134 0.00865436 0.00654302 0.00435486 0.00210514 -0.000205203 -0.00258387 -0.00501518 -0.00750877 -0.0100685 -0.0126901 -0.0153798 -0.0181708 -0.0210286 -0.0240052 -0.0271186 -0.0303671 -0.0337887 -0.0374207 -0.0412517 -0.0453027 -0.0495711 -0.0540132 -0.0585897 -0.0631736 -0.0676525 -0.0718454 -0.0755127 -0.0784249 -0.0803593 -0.0810794 -0.0804169 -0.0782984 -0.0747173 -0.069794 -0.0637134 -0.0568005 -0.0494482 -0.0420399 -0.0349927 -0.0286786 -0.0233802 -0.0192632 -0.0163852 -0.0147085 -0.0141173 -0.0143693 -0.0152088 -0.0164046 -0.0177143 -0.018982 -0.020045 -0.0208509 -0.0213868 -0.021616 -0.0215962 -0.0213552 -0.0209936 -0.0205479 -0.0200073 -0.0194226 -0.0188035 -0.018226 -0.0176717 -0.0171137 -0.0165701 -0.0160371 -0.0155747 -0.0151432 
0 0.000582844 0.00117194 0.00175893 0.00236146 0.00297337 0.00360591 0.00428079 0.00499185 0.00577299 0.0066324 0.00762498 0.00880607 0.0101902 0.0118383 0.0137776 0.0160975 0.0188263 0.0219202 0.0253276 0.028927 0.0326037 0.0361459 0.0392953 0.0417849 0.0433611 0.0437968 0.0429519 0.040779 0.0373458 0.032849 0.0275087 0.0217267 0.0158758 0.0103665 0.00557368 0.00174819 -0.000863381 -0.00221755 -0.00232097 -0.00128848 0.000698001 0.00338898 0.0065348 0.009864 0.0131505 0.0162061 0.0188538 0.0210375 0.0226678 0.0237516 0.0242793 0.0243042 0.0238454 0.02297 0.0217314 0.0201767 0.0183797 0.0163786 0.0142265 0.0119605 0.00963426 0.00723935 0.00485807 0.00247202 0.000119054 -0.00218381 -0.00442581 -0.00661781 -0.00871537 -0.0107409 -0.0126795 -0.014513 -0.0162663 -0.0179351 -0.0195232 -0.0210309 -0.0224727 -0.0238228 -0.0251025 -0.0262889 -0.0273967 -0.0283719 -0.0292213 -0.0299125 -0.0304404 -0.0307611 -0.0309 -0.0307911 -0.030421 -0.0297696 -0.0288573 -0.0276262 -0.0260773 -0.0242003 -0.0220437 -0.0195928 -0.0168838 -0.0139391 -0.0108253 -0.00756491 -0.00423015 -0.000841276 0.00252961 0.00583323 0.00899455 0.0120029 0.0147954 0.0173393 0.0195682 0.021508 0.0231419 0.0244658 0.0254505 0.0261535 0.0265601 0.0267076 0.0265998 0.0262813 0.0257418 0.0250332 0.0241674 0.0231969 0.0221052 0.0209349 0.019692 0.0183823 0.0170079 0.0155978 0.0141156 0.0125683 0.0109676 0.00927831 0.00752371 0.00570031 0.00379773 0.00180905 -0.000242568 -0.00240713 -0.00464239 -0.006981 -0.00941301 -0.0119615 -0.0146189 -0.0174251 -0.0203821 -0.0235193 -0.0268607 -0.030425 -0.0342451 -0.0383286 -0.0427001 -0.0473203 -0.052199 -0.0572189 -0.0622977 -0.0672786 -0.0719579 -0.0761068 -0.0794796 -0.081823 -0.0829201 -0.0825995 -0.0807463 -0.077414 -0.0726467 -0.0666986 -0.0598695 -0.0525379 -0.0451435 -0.0380609 -0.0316951 -0.026317 -0.0221041 -0.0191271 -0.0173719 -0.016706 -0.0169294 -0.017775 -0.0189967 -0.0203863 -0.0217233 -0.0229033 -0.0238186 -0.0244471 -0.0247747 -0.0247989 -0.024612 -0.0242638 -0.0238175 -0.0232759 -0.0226573 -0.0220251 -0.0214082 -0.0208225 -0.0202376 -0.0196523 -0.0190998 -0.0185967 -0.0181376 
0 0.000721691 0.00143485 0.00216796 0.00289039 0.00364362 0.00440933 0.00521041 0.00606531 0.00697016 0.00798854 0.00913663 0.0104871 0.0120661 0.013912 0.0160975 0.0186648 0.0216563 0.0250172 0.0286724 0.0325038 0.0363574 0.0400266 0.0432446 0.0457383 0.0472452 0.0475572 0.0465374 0.0441615 0.0404991 0.0357342 0.0301277 0.0240385 0.0178623 0.0120043 0.00683907 0.00264739 -0.000350982 -0.00208887 -0.00256336 -0.0018919 -0.000264961 0.00209912 0.0049267 0.00796591 0.0109846 0.013776 0.0162005 0.0181538 0.0195594 0.0204348 0.0207607 0.0205829 0.0199614 0.0189394 0.0175863 0.0159577 0.0141037 0.0120898 0.0099502 0.00772729 0.00548416 0.00322246 0.000985835 -0.00120599 -0.00333755 -0.00540311 -0.0073783 -0.0092586 -0.0110369 -0.0127263 -0.014299 -0.0157763 -0.0171642 -0.0184322 -0.0196004 -0.0206895 -0.0216701 -0.0225618 -0.0233811 -0.0240809 -0.0246722 -0.0251591 -0.0255186 -0.0257372 -0.0258253 -0.0257519 -0.0255173 -0.0251168 -0.0245647 -0.0238283 -0.0228951 -0.0217632 -0.0204513 -0.018934 -0.0172293 -0.0153397 -0.0132997 -0.0111299 -0.00885594 -0.0064819 -0.0040627 -0.00161141 0.000838886 0.0032676 0.00563561 0.00791325 0.0100431 0.0120297 0.0138462 0.0154667 0.0168656 0.0180651 0.0190621 0.0198595 0.0204421 0.0208395 0.021041 0.0210549 0.0209127 0.0206265 0.0201799 0.0196257 0.018971 0.0182119 0.0173877 0.0164974 0.0155197 0.0144787 0.013373 0.0121849 0.0109344 0.00960849 0.00820627 0.00671304 0.00513729 0.00347256 0.00170948 -0.000159021 -0.00211747 -0.0042116 -0.00642742 -0.00877548 -0.0112862 -0.0139637 -0.016831 -0.0199254 -0.0232622 -0.0268885 -0.0308259 -0.0350784 -0.0396833 -0.0445948 -0.049784 -0.0551776 -0.0606477 -0.0660355 -0.0711366 -0.075699 -0.0794792 -0.082206 -0.0836571 -0.083665 -0.0821193 -0.0790386 -0.0745083 -0.0687566 -0.0620863 -0.054886 -0.0475736 -0.0405568 -0.0342118 -0.0288197 -0.0245719 -0.0215524 -0.0197538 -0.0190645 -0.0192905 -0.0201746 -0.0214772 -0.0229562 -0.0244261 -0.0257454 -0.0268126 -0.0275925 -0.0280345 -0.0281803 -0.0280704 -0.0277856 -0.0273808 -0.0268507 -0.0262553 -0.0256108 -0.0249872 -0.0243801 -0.0237668 -0.0231706 -0.0225841 -0.0220642 -0.0215732 
0 0.000869717 0.00173111 0.00261339 0.00348677 0.00439558 0.00532172 0.00628594 0.00730732 0.00838514 0.00959025 0.010937 0.0124962 0.0142967 0.0163814 0.0188263 0.0216563 0.0249045 0.0285072 0.0323797 0.0363909 0.0403646 0.044093 0.0473068 0.0497337 0.0511078 0.0512293 0.0499829 0.04735 0.043404 0.0383299 0.0323983 0.0259656 0.0194211 0.0131724 0.00760337 0.00299738 -0.000432639 -0.00260813 -0.00351665 -0.00326643 -0.00204617 -6.00714e-05 0.0024304 0.00516817 0.00791493 0.0104672 0.0126832 0.0144454 0.0156812 0.0164097 0.0166128 0.016329 0.0156207 0.0145389 0.0131496 0.0115076 0.00967902 0.00772941 0.00568125 0.00358396 0.0014947 -0.000594212 -0.00263664 -0.00460678 -0.00649337 -0.00829051 -0.00997986 -0.0115588 -0.013025 -0.0143917 -0.0156255 -0.0167476 -0.0177721 -0.018668 -0.0194527 -0.0201438 -0.0207018 -0.0211391 -0.0214764 -0.0216803 -0.0217675 -0.0217429 -0.0215912 -0.0213128 -0.0209291 -0.0204307 -0.0198339 -0.0191337 -0.0183467 -0.0174698 -0.0165194 -0.0154974 -0.0144096 -0.0132438 -0.0120365 -0.0107768 -0.0094698 -0.0081265 -0.00675867 -0.00535075 -0.00393233 -0.00248433 -0.00101546 0.000458648 0.00192757 0.00340281 0.00484338 0.00624693 0.00759421 0.00887839 0.0100817 0.0112033 0.0122195 0.0131309 0.0139198 0.0145988 0.0151463 0.0155549 0.0158356 0.0159888 0.0159999 0.0159102 0.0157081 0.0153814 0.0149695 0.0144666 0.013859 0.0131827 0.0124302 0.0115803 0.0106595 0.00965551 0.00856656 0.00738598 0.00611955 0.00475718 0.00328298 0.00169151 6.00949e-07 -0.00183765 -0.00381323 -0.00593032 -0.00823462 -0.0107428 -0.0134745 -0.0164729 -0.0197639 -0.0233894 -0.0273676 -0.0317122 -0.0364609 -0.0415648 -0.0469864 -0.0526543 -0.0584293 -0.0641354 -0.0695597 -0.0744518 -0.0785576 -0.0815975 -0.0833557 -0.0836642 -0.0824075 -0.0795937 -0.0753148 -0.0697971 -0.0633367 -0.0563177 -0.0491647 -0.0422842 -0.0360399 -0.0307127 -0.0264998 -0.0234999 -0.0217082 -0.0210287 -0.0212878 -0.0222396 -0.0236459 -0.0252578 -0.0268943 -0.0284058 -0.029679 -0.0306611 -0.031291 -0.0316097 -0.0316473 -0.0314789 -0.0311607 -0.0306981 -0.0301566 -0.0295493 -0.0289432 -0.0283392 -0.0277245 -0.0271242 -0.0265286 -0.0259903 -0.0254774 
0 0.00103914 0.00208385 0.00312829 0.00418988 0.00527224 0.00638641 0.00754885 0.00875609 0.0100498 0.011461 0.0130383 0.0148331 0.0168683 0.0192178 0.0219202 0.0250172 0.0285072 0.0323215 0.0363781 0.0405158 0.0445527 0.0482666 0.0513945 0.0536667 0.0548248 0.0546704 0.0531254 0.05017 0.0458797 0.0404561 0.0341468 0.0273376 0.0203841 0.0136999 0.00768917 0.00261902 -0.00127935 -0.00392631 -0.00529562 -0.00548657 -0.00467766 -0.00308232 -0.000925227 0.00151853 0.00400559 0.00635957 0.00840493 0.0100401 0.0111778 0.0118324 0.0119885 0.0116859 0.0109679 0.00991519 0.00858091 0.007004 0.00528281 0.00345779 0.00155712 -0.000365583 -0.00224851 -0.00412192 -0.00591743 -0.00763559 -0.00926069 -0.0107864 -0.0121952 -0.0134869 -0.0146492 -0.0156998 -0.0166192 -0.0174076 -0.0180925 -0.0186362 -0.0190533 -0.019344 -0.0194984 -0.0194983 -0.0193731 -0.0190879 -0.018676 -0.0181269 -0.017468 -0.0167006 -0.0158585 -0.0149328 -0.0139722 -0.0129712 -0.0119645 -0.0109557 -0.00998788 -0.00906765 -0.00821531 -0.00742448 -0.0067379 -0.00612475 -0.005579 -0.00509563 -0.0046652 -0.00424381 -0.00384788 -0.0034332 -0.00298272 -0.00248836 -0.00194375 -0.00130417 -0.000590347 0.000212939 0.00108861 0.00204105 0.00304208 0.00408448 0.0051236 0.0061686 0.00717588 0.00814345 0.00903535 0.00985784 0.0105784 0.0111976 0.0116834 0.0120673 0.0123057 0.012417 0.0124155 0.012299 0.0120518 0.0117276 0.0112972 0.0107635 0.0101531 0.00944729 0.0086439 0.0077458 0.00675122 0.00565123 0.00445029 0.00312073 0.00169711 0.000119795 -0.00160686 -0.00349413 -0.00557253 -0.00789728 -0.0104603 -0.0133165 -0.0165158 -0.0200813 -0.0240382 -0.0284124 -0.033231 -0.0384368 -0.044009 -0.0498443 -0.0558286 -0.0617571 -0.0674097 -0.0725489 -0.0768959 -0.0801695 -0.0821627 -0.0827094 -0.0816835 -0.0791134 -0.075069 -0.0698 -0.0635822 -0.0567821 -0.0498471 -0.0431494 -0.0370583 -0.0318439 -0.0277101 -0.0247701 -0.023024 -0.0223862 -0.0227131 -0.0237708 -0.0253141 -0.027114 -0.0289627 -0.0307301 -0.0322712 -0.0335132 -0.0344121 -0.0349643 -0.0352294 -0.0352401 -0.0350631 -0.0347302 -0.0342776 -0.0337589 -0.033199 -0.03263 -0.0320511 -0.0314689 -0.030907 -0.0303715 -0.0298692 
