0 0 0 0 0 0 0 0 0 0 0 0 0 0 0 0 0 0 0 0 0 0 0 0 0 0 0 0 0 0 0 0 0 0 0 0 0 0 0 0 0 0 0 0 0 0 0 0 0 0 0 0 0 0 0 0 0 0 0 0 0 0 0 0 0 0 0 0 0 0 0 0 0 0 0 0 0 0 0 0 0 0 0 0 0 0 0 0 0 0 0 0 0 0 0 0 0 0 0 0 0 0 0 0 0 0 0 0 0 0 0 0 0 0 0 0 0 0 0 0 0 0 0 0 0 0 0 0 0 0 0 0 0 0 0 0 0 0 0 0 0 0 0 0 0 0 0 0 0 0 0 0 0 0 0 0 0 0 0 0 0 0 0 0 0 0 0 0 0 0 0 0 0 0 0 0 0 0 0 0 0 0 0 0 0 0 0 0 0 0 0 0 0 0 0 0 0 0 0 0 
0 0.000177409 0.000355504 0.000522542 0.000701812 0.000887653 0.00108629 0.00130026 0.00152216 0.00177473 0.00205368 0.00235193 0.0026509 0.00291592 0.00313959 0.00329995 0.00336997 0.00333297 0.00316762 0.00289308 0.00253401 0.00211126 0.00167472 0.00126082 0.000918039 0.000681682 0.000556064 0.000569556 0.000725137 0.0010107 0.0014106 0.00188347 0.00241538 0.00297314 0.00351574 0.00402332 0.00447768 0.00486871 0.00517424 0.00539117 0.00551086 0.00554272 0.00547264 0.00529463 0.00503398 0.00467631 0.00422679 0.00369155 0.00307768 0.00238788 0.0016363 0.000815393 -3.61085e-05 -0.000913604 -0.00182292 -0.00271541 -0.00359326 -0.00444577 -0.00525171 -0.00598935 -0.00666463 -0.00724935 -0.00775472 -0.00816204 -0.00847728 -0.0087012 -0.00882704 -0.00885656 -0.00879799 -0.00866047 -0.00844055 -0.0081565 -0.00781075 -0.00741979 -0.00697204 -0.00651184 -0.0060341 -0.00554626 -0.00505777 -0.00459564 -0.0041315 -0.00370126 -0.00330606 -0.00293981 -0.00259356 -0.00228598 -0.00200546 -0.0017652 -0.0015467 -0.00134488 -0.00117352 -0.00103499 -0.000904411 -0.000792763 -0.000705065 -0.000628198 -0.000563862 -0.000515264 -0.000471547 -0.000435139 -0.000409648 -0.00038282 -0.000357627 -0.000336404 -0.0003079 -0.000275915 -0.000245483 -0.000199628 -0.000139014 -8.0414e-05 -6.75881e-06 8.88877e-05 0.000200464 0.000325146 0.000468997 0.000628015 0.000828507 0.00104918 0.00128593 0.00155595 0.00187356 0.00220369 0.00257933 0.00298876 0.00342177 0.00387194 0.00436343 0.00485865 0.00536236 0.00586043 0.0063549 0.00681695 0.0072527 0.00765503 0.00800634 0.00829229 0.00852116 0.00867756 0.00874817 0.00874866 0.00865429 0.00847622 0.00820208 0.00783392 0.00737812 0.00684504 0.00621454 0.00552894 0.00478188 0.00396968 0.0031263 0.00225612 0.00136904 0.000476402 -0.00040619 -0.00127459 -0.00211515 -0.00294195 -0.00373195 -0.00448572 -0.00521304 -0.00590865 -0.00656751 -0.00718815 -0.00778146 -0.00833387 -0.00884425 -0.00929131 -0.00967196 -0.00997347 -0.0101547 -0.0102097 -0.0101217 -0.00988154 -0.00949227 -0.00894922 -0.00828627 -0.00753688 -0.00672261 -0.00589285 -0.00508789 -0.00435833 -0.00374664 -0.00325549 -0.00290209 -0.00267866 -0.00256279 -0.0025397 -0.00256447 -0.00262825 -0.00271177 -0.00278541 -0.00284788 -0.00287241 -0.00288147 -0.00288147 -0.0028643 -0.0028419 -0.00278873 -0.00273038 
0 0.000355504 0.000693547 0.00104339 0.00138674 0.00176842 0.002172 0.0025965 0.00306408 0.00356568 0.00414058 0.00474488 0.00534494 0.00589088 0.00633829 0.00666674 0.00681087 0.00673833 0.00641005 0.0058689 0.00514556 0.00430958 0.00343995 0.00260632 0.0019392 0.00144519 0.00120254 0.00121655 0.00149715 0.00206185 0.00280817 0.00373034 0.0047533 0.00582382 0.0068794 0.00785922 0.00873255 0.00948869 0.0100751 0.0104723 0.0107148 0.0107471 0.0106114 0.0102642 0.00973509 0.0090403 0.00814892 0.00709001 0.00588453 0.00454577 0.00306428 0.00149594 -0.000161972 -0.00186583 -0.00361633 -0.00535632 -0.00706466 -0.00871097 -0.010275 -0.0117295 -0.0130313 -0.0142061 -0.0152114 -0.0160229 -0.0166507 -0.0171176 -0.0173605 -0.0174446 -0.0173649 -0.0171065 -0.0166899 -0.0161553 -0.0154881 -0.0147251 -0.0138936 -0.0130026 -0.0120671 -0.0111087 -0.010171 -0.00924432 -0.00834725 -0.00750311 -0.00671179 -0.00594571 -0.00527646 -0.00467483 -0.00410669 -0.003588 -0.00315936 -0.00276354 -0.00241941 -0.00211638 -0.00185729 -0.00163266 -0.00145719 -0.00128973 -0.00116039 -0.00105562 -0.000968414 -0.000886998 -0.000834947 -0.000772332 -0.000720275 -0.000670571 -0.000617552 -0.000542096 -0.000473088 -0.000376233 -0.000269815 -0.000137604 2.74051e-05 0.0002263 0.000421451 0.000683239 0.000997885 0.00133488 0.00170352 0.00215559 0.00264829 0.00320507 0.00382385 0.00450413 0.00523792 0.00604381 0.00690294 0.00781514 0.00875355 0.00971701 0.0106975 0.0116593 0.0126093 0.0135216 0.014357 0.015111 0.0157938 0.0163318 0.016762 0.0170594 0.0171945 0.0171519 0.016965 0.0165875 0.0160324 0.0153072 0.0144196 0.0133596 0.0121408 0.0108041 0.00933625 0.00778266 0.00614248 0.00446506 0.00275387 0.0010273 -0.000702997 -0.0023793 -0.00403856 -0.00565604 -0.00719336 -0.00869171 -0.0101092 -0.0114882 -0.0127954 -0.0140296 -0.0152078 -0.0163241 -0.0173338 -0.0182415 -0.0190194 -0.0196212 -0.0200295 -0.0201489 -0.0200135 -0.019569 -0.0188108 -0.0177684 -0.016461 -0.0149889 -0.0133836 -0.0117427 -0.0101501 -0.00871313 -0.00749608 -0.00653002 -0.00583603 -0.00538774 -0.00518017 -0.00512642 -0.00519511 -0.00533318 -0.00549705 -0.00567162 -0.00578153 -0.00584948 -0.00586432 -0.00585116 -0.00582794 -0.00575006 -0.00565332 -0.00552105 
0 0.000522542 0.00104339 0.00154822 0.00208513 0.00265276 0.00326469 0.00392608 0.00462847 0.00541764 0.00628933 0.00721537 0.00813706 0.00896275 0.00965357 0.0101491 0.010371 0.0102675 0.00978866 0.00898251 0.00792103 0.00667529 0.00538078 0.00414951 0.00311942 0.00238478 0.00197615 0.00196038 0.00234792 0.00311075 0.00419073 0.00548723 0.00694451 0.00847061 0.00995799 0.0113424 0.0125769 0.0136303 0.0144463 0.0150112 0.0153095 0.0153529 0.0151141 0.0145774 0.013798 0.0127544 0.0114546 0.00992134 0.00817761 0.00623742 0.00413265 0.00186118 -0.000493397 -0.002914 -0.00540762 -0.00786907 -0.0102932 -0.0126547 -0.0149025 -0.0169839 -0.0188978 -0.0205867 -0.0220585 -0.0232674 -0.0242224 -0.0249226 -0.0253459 -0.0255019 -0.0254095 -0.0250871 -0.0245356 -0.0237984 -0.022886 -0.0218368 -0.0206371 -0.0193797 -0.0180625 -0.0167043 -0.0153355 -0.0140113 -0.0126836 -0.0114307 -0.0102609 -0.00916204 -0.00812808 -0.00719494 -0.00633929 -0.00559036 -0.00491522 -0.00429644 -0.00376335 -0.0033191 -0.00291208 -0.00256135 -0.00227686 -0.00202764 -0.00181768 -0.00165087 -0.00150297 -0.00137677 -0.00127943 -0.00118182 -0.00108952 -0.00100526 -0.000904247 -0.000791388 -0.000676927 -0.000522625 -0.000330543 -0.000131487 0.000112009 0.000415538 0.000764143 0.00116081 0.00161846 0.00212844 0.00274464 0.0034306 0.00417282 0.00500899 0.00596498 0.00696926 0.00808253 0.0092816 0.0105376 0.0118368 0.0132197 0.0146086 0.0160061 0.01738 0.0187286 0.0199899 0.0211667 0.0222408 0.0231714 0.0239178 0.0244948 0.024866 0.0249979 0.0249175 0.0245813 0.0240054 0.0231696 0.0220832 0.0207663 0.0192398 0.0174734 0.015559 0.013487 0.0112559 0.00893791 0.00654945 0.00411144 0.00165074 -0.000797867 -0.00321552 -0.00557955 -0.0079109 -0.0101563 -0.0123173 -0.0144103 -0.016426 -0.0183499 -0.0201793 -0.0219376 -0.0235974 -0.0251426 -0.026526 -0.0277269 -0.0286987 -0.0293373 -0.0296021 -0.0294489 -0.0288435 -0.0277861 -0.0262749 -0.0243964 -0.0222479 -0.0199036 -0.0175018 -0.0151678 -0.0130506 -0.0112668 -0.00984433 -0.00882507 -0.00818941 -0.00788052 -0.00783865 -0.0079513 -0.00817415 -0.00844721 -0.00869273 -0.0088859 -0.00897174 -0.00899592 -0.0089807 -0.00891448 -0.00881459 -0.00863875 -0.00844403 
0 0.000701812 0.00138674 0.00208513 0.00279772 0.00357415 0.00440855 0.00530257 0.00628105 0.00735117 0.0085464 0.00980503 0.0110504 0.0121829 0.0131201 0.0137979 0.0141087 0.0139806 0.0133583 0.012304 0.0108927 0.00925036 0.00752994 0.00588117 0.00450991 0.00348417 0.00291288 0.00283207 0.00325965 0.00419444 0.00549897 0.00711148 0.00891343 0.0107961 0.0126405 0.0143446 0.0158498 0.0171242 0.0180939 0.0187286 0.0190581 0.0190313 0.0186795 0.0179618 0.0169214 0.0155767 0.0139047 0.0119456 0.00973742 0.00730667 0.00465693 0.00185425 -0.00107683 -0.00408532 -0.00716325 -0.0102275 -0.0132454 -0.0161751 -0.0189781 -0.0216067 -0.024006 -0.0261824 -0.0280823 -0.0296615 -0.0309241 -0.0318863 -0.0324778 -0.0327628 -0.0327441 -0.0324124 -0.0317925 -0.0309399 -0.0298528 -0.0285789 -0.0271543 -0.0256119 -0.0239727 -0.0222695 -0.0205628 -0.018859 -0.0171773 -0.015563 -0.0140255 -0.0125423 -0.0111923 -0.0099581 -0.00880384 -0.00775197 -0.00684063 -0.00601042 -0.00528177 -0.00464228 -0.00408483 -0.00360057 -0.00320213 -0.00284079 -0.00254368 -0.00229555 -0.00208273 -0.00189078 -0.00174064 -0.00158592 -0.00144528 -0.0013078 -0.00116076 -0.000983428 -0.000803073 -0.00057748 -0.000321563 -2.03952e-05 0.000341068 0.000768005 0.00122558 0.00178886 0.00244759 0.00317106 0.00398043 0.00492328 0.00595326 0.00709852 0.00835829 0.00971487 0.011165 0.0127204 0.0143487 0.0160396 0.0177676 0.0195118 0.0212554 0.0229545 0.0246066 0.0261661 0.0275864 0.0288534 0.029959 0.0308162 0.0314573 0.0318453 0.031938 0.0317242 0.0312314 0.0304172 0.0292958 0.0278845 0.0262007 0.0242437 0.0220313 0.0196271 0.0170254 0.0142736 0.011392 0.00843935 0.00542462 0.00237457 -0.000684354 -0.00368886 -0.00666812 -0.009597 -0.0124248 -0.0151875 -0.0178513 -0.0204536 -0.0229565 -0.0253586 -0.0276811 -0.0299065 -0.0319751 -0.0338667 -0.0355289 -0.0368781 -0.0378392 -0.0382794 -0.0381958 -0.0375116 -0.0362124 -0.0343364 -0.0319475 -0.0292013 -0.0261926 -0.023097 -0.0200884 -0.0173613 -0.0150505 -0.0132224 -0.0119156 -0.0110987 -0.0107312 -0.0106839 -0.0108661 -0.0111825 -0.0115497 -0.0119063 -0.0121528 -0.012291 -0.0123245 -0.012293 -0.012217 -0.0120559 -0.0118371 -0.0115675 
0 0.000887653 0.00176842 0.00265276 0.00357415 0.0045617 0.00562877 0.00678196 0.00803572 0.00942097 0.0109443 0.0125489 0.0141346 0.0155768 0.0167776 0.0176408 0.0180458 0.0179001 0.01715 0.0158512 0.0141121 0.0120719 0.00992339 0.00786106 0.0060964 0.00476647 0.00396368 0.00376056 0.0041777 0.00518202 0.00666041 0.0084902 0.0105493 0.0126984 0.0147911 0.016714 0.0183986 0.0197928 0.0208308 0.0214852 0.0217565 0.0216383 0.0211242 0.0202035 0.0189227 0.0172913 0.0153112 0.0130187 0.0104502 0.0076339 0.00459553 0.00137062 -0.00197651 -0.00541108 -0.00891665 -0.0124076 -0.0158504 -0.0192116 -0.0224377 -0.0254723 -0.0282798 -0.0308248 -0.0330753 -0.0349846 -0.0365483 -0.0377599 -0.0385822 -0.0390331 -0.039127 -0.0388717 -0.0382844 -0.0374084 -0.0362639 -0.0348881 -0.0333038 -0.0315761 -0.0297275 -0.027786 -0.0258011 -0.0238099 -0.0218125 -0.0198707 -0.0180069 -0.016217 -0.014531 -0.0129685 -0.0115184 -0.0102043 -0.00902227 -0.00794685 -0.00699795 -0.00617256 -0.00543894 -0.00479893 -0.00425629 -0.00378011 -0.00337278 -0.00302795 -0.00272473 -0.00245705 -0.00222743 -0.00200642 -0.00179516 -0.00158819 -0.00136493 -0.00111915 -0.000855809 -0.000541447 -0.000176958 0.000230935 0.000711223 0.00127796 0.00191863 0.0026585 0.00350509 0.00445185 0.00553121 0.00673869 0.00805145 0.00949573 0.0110774 0.0127532 0.0145397 0.0164237 0.0183676 0.0203562 0.0223893 0.0244153 0.0264122 0.0283467 0.030199 0.0319169 0.0334737 0.0348472 0.035998 0.036873 0.0374772 0.0377782 0.0377417 0.037375 0.036671 0.0356233 0.0342325 0.0325175 0.0305049 0.028208 0.0256352 0.0228563 0.0198783 0.0167206 0.0134374 0.010066 0.00662646 0.00314788 -0.000334843 -0.00378588 -0.0072043 -0.0105863 -0.0138903 -0.0171234 -0.0202915 -0.0233979 -0.0264228 -0.0293641 -0.0322356 -0.0350105 -0.0376368 -0.0400602 -0.0422183 -0.0440147 -0.045319 -0.0460203 -0.0460547 -0.0453566 -0.0439083 -0.0417355 -0.0389454 -0.0356904 -0.032115 -0.0284236 -0.0248321 -0.0215698 -0.0188063 -0.0166258 -0.0150742 -0.0141266 -0.0137083 -0.0136958 -0.0139521 -0.0143715 -0.0148536 -0.015298 -0.015627 -0.0158046 -0.0158601 -0.0158314 -0.0157284 -0.0155468 -0.0152786 -0.0149652 
0 0.00108629 0.002172 0.00326469 0.00440855 0.00562877 0.00694856 0.00837952 0.00993709 0.0116557 0.0135264 0.0154891 0.0174231 0.0191871 0.0206586 0.0217119 0.0222143 0.022052 0.0211763 0.0196358 0.0175604 0.0151165 0.012525 0.0100252 0.00784195 0.00615872 0.00507866 0.00468936 0.00501507 0.00600402 0.00754922 0.00949536 0.0117033 0.0140093 0.0162493 0.0182955 0.0200649 0.0214915 0.0225164 0.0231136 0.0232758 0.0230176 0.0223247 0.0212105 0.0197125 0.0178466 0.0156288 0.0130908 0.0102725 0.00720261 0.00391429 0.000436172 -0.00316612 -0.00686447 -0.010627 -0.0143862 -0.0180977 -0.0217281 -0.0252249 -0.0285327 -0.0316205 -0.0344433 -0.0369698 -0.0391554 -0.0409868 -0.0424441 -0.0435093 -0.0441769 -0.0444607 -0.0443657 -0.0439059 -0.0431124 -0.0420161 -0.0406471 -0.0390341 -0.0372334 -0.0352725 -0.0331858 -0.0310188 -0.0288146 -0.0265849 -0.0243822 -0.0222329 -0.0201553 -0.0181709 -0.0163075 -0.0145646 -0.0129642 -0.0115033 -0.0101777 -0.00899153 -0.00794514 -0.00701337 -0.00619745 -0.00548906 -0.00487042 -0.00433049 -0.00386441 -0.00345072 -0.00308341 -0.00275191 -0.00243987 -0.00213692 -0.00183722 -0.00151914 -0.00117834 -0.000805784 -0.000382024 0.000104434 0.000652197 0.00128659 0.00201667 0.00284954 0.00379717 0.00487136 0.00606891 0.00741323 0.00889369 0.0105027 0.0122466 0.014124 0.0160972 0.0181718 0.0203283 0.0225335 0.0247625 0.0270066 0.0292175 0.0313658 0.0334239 0.0353603 0.0371262 0.0386937 0.0400377 0.041114 0.0418927 0.042361 0.0424972 0.0422743 0.0417008 0.0407679 0.039484 0.0378499 0.0358881 0.0336234 0.0310719 0.028251 0.0252139 0.0219839 0.0185751 0.0150442 0.011421 0.00772944 0.00399346 0.000249988 -0.00348151 -0.00719034 -0.0108762 -0.0145165 -0.0181067 -0.0216704 -0.0252002 -0.0286873 -0.0321274 -0.0355226 -0.0388378 -0.0420167 -0.0449836 -0.047657 -0.0499213 -0.0516168 -0.052627 -0.0528474 -0.0522128 -0.0506958 -0.0483256 -0.0452289 -0.0415651 -0.0375252 -0.0333386 -0.0292645 -0.02556 -0.0224227 -0.0199621 -0.0182255 -0.0171913 -0.0167635 -0.01681 -0.0171695 -0.0177152 -0.0183283 -0.0188866 -0.0193118 -0.0195562 -0.0196544 -0.0196435 -0.019534 -0.0193348 -0.0190362 -0.0186878 
0 0.00130026 0.0025965 0.00392608 0.00530257 0.00678196 0.00837952 0.0101104 0.0120107 0.0140825 0.0163268 0.0186609 0.0209485 0.0230423 0.0247802 0.0260173 0.0266053 0.0264139 0.0253994 0.0236116 0.0211804 0.0183211 0.0152665 0.012293 0.00966347 0.00756026 0.00614884 0.00549741 0.00563634 0.00652445 0.00801797 0.00998018 0.0122261 0.0145774 0.0168656 0.0189432 0.0207103 0.0220994 0.0230537 0.0235385 0.0235752 0.0231462 0.0222798 0.0209942 0.019307 0.0172673 0.0148854 0.0121928 0.00923456 0.00604303 0.00262959 -0.000936526 -0.00464293 -0.0084446 -0.0122905 -0.0161555 -0.019979 -0.0237187 -0.0273378 -0.0307949 -0.0340274 -0.037033 -0.0397481 -0.0421456 -0.0442002 -0.0458978 -0.0472028 -0.0481236 -0.0486585 -0.048794 -0.0485506 -0.0479498 -0.0470115 -0.045755 -0.0442443 -0.0424829 -0.0405179 -0.0383897 -0.0361519 -0.0338122 -0.0314407 -0.0290539 -0.0266854 -0.0243546 -0.0221228 -0.0199903 -0.0179729 -0.0160763 -0.0143405 -0.0127554 -0.0113165 -0.0100156 -0.00886539 -0.0078456 -0.00694615 -0.00615089 -0.00545385 -0.00483587 -0.00428721 -0.00378934 -0.00333207 -0.00289864 -0.00247926 -0.00205671 -0.0016221 -0.00115455 -0.00064442 -7.94828e-05 0.000548796 0.0012728 0.00209596 0.00302449 0.00406444 0.00525288 0.00658382 0.00805608 0.00965694 0.0114188 0.0133191 0.0153458 0.0174747 0.0197178 0.022021 0.0243835 0.0267764 0.0291751 0.0315221 0.0338189 0.0360121 0.0380727 0.0399638 0.0416604 0.0431095 0.044292 0.045189 0.0457638 0.0460061 0.045908 0.0454565 0.0446337 0.0434794 0.0419694 0.040128 0.0379792 0.0355407 0.0328184 0.0298672 0.0266957 0.0233393 0.0198417 0.0162107 0.0124991 0.0087225 0.00489731 0.00104906 -0.00279397 -0.00665284 -0.010501 -0.0143428 -0.0181904 -0.0220388 -0.0259104 -0.0297885 -0.0336694 -0.0375411 -0.0413702 -0.0450747 -0.0485828 -0.0517788 -0.0545133 -0.0566424 -0.057988 -0.0584526 -0.0579462 -0.0564277 -0.0539573 -0.0506404 -0.0466693 -0.0422664 -0.037686 -0.0332296 -0.029178 -0.0257474 -0.0230845 -0.0212322 -0.0201642 -0.019789 -0.0199326 -0.0204471 -0.0211627 -0.0219378 -0.0226597 -0.0232039 -0.0235599 -0.0237273 -0.0237503 -0.0236646 -0.0234487 -0.0231496 -0.0227774 
0 0.00152216 0.00306408 0.00462847 0.00628105 0.00803572 0.00993709 0.0120107 0.0142654 0.0167316 0.0193585 0.0220722 0.0247194 0.0271281 0.029122 0.0305188 0.0311607 0.0309097 0.0297337 0.0276602 0.0248644 0.0215536 0.0180078 0.0145442 0.011396 0.00884908 0.00701907 0.00603128 0.00591461 0.00657723 0.00794797 0.00980839 0.011993 0.0142977 0.0165351 0.0185589 0.0202638 0.0215528 0.0223938 0.0227703 0.0226446 0.0220839 0.0210531 0.0196212 0.0178079 0.0156391 0.0131674 0.0104168 0.00742073 0.00420228 0.00081882 -0.00273626 -0.00639207 -0.0101403 -0.0139267 -0.0177315 -0.0215009 -0.0252171 -0.028827 -0.0322839 -0.0355816 -0.038642 -0.0414548 -0.0439968 -0.0462371 -0.0481217 -0.0496901 -0.0508678 -0.0516656 -0.0520911 -0.0521453 -0.0518134 -0.0511408 -0.0501284 -0.0487965 -0.0471892 -0.0453469 -0.0433032 -0.0410747 -0.0387286 -0.0362889 -0.0337906 -0.0312756 -0.0288087 -0.0263542 -0.0239722 -0.0217077 -0.0195809 -0.0175585 -0.0156962 -0.0139825 -0.0124372 -0.0110328 -0.00977877 -0.00864627 -0.00765682 -0.0067618 -0.00596512 -0.0052395 -0.00458727 -0.00396435 -0.00338705 -0.00281304 -0.00224151 -0.0016442 -0.00102991 -0.000349005 0.000389009 0.00122212 0.00213994 0.00317261 0.00432807 0.0056511 0.00708683 0.00866544 0.0104087 0.0123191 0.0143345 0.0164892 0.018754 0.0211175 0.0235468 0.0260362 0.0285355 0.0310237 0.0334651 0.0358463 0.0381161 0.0402306 0.0421793 0.0439059 0.0453847 0.0466053 0.047543 0.0481412 0.0484431 0.0483923 0.0480001 0.0472726 0.0462254 0.0448273 0.0431328 0.0411303 0.0388407 0.0362922 0.0335086 0.0305166 0.0273321 0.0240049 0.0205264 0.0169596 0.0132984 0.00957987 0.00581201 0.00202135 -0.00181869 -0.00567368 -0.00956404 -0.0135135 -0.0174861 -0.0215476 -0.0256575 -0.0298413 -0.03409 -0.0383744 -0.0426485 -0.0468547 -0.0508664 -0.0545613 -0.0577863 -0.0603225 -0.0620549 -0.0627824 -0.0624471 -0.0610082 -0.0584896 -0.0550566 -0.0508628 -0.0461928 -0.0413229 -0.0365796 -0.0322693 -0.0286363 -0.0258434 -0.023944 -0.0229194 -0.0226368 -0.0229556 -0.0236678 -0.0246057 -0.0256088 -0.0265147 -0.0272557 -0.0277526 -0.0280411 -0.0281501 -0.0280937 -0.0279219 -0.0276225 -0.027264 
0 0.00177473 0.00356568 0.00541764 0.00735117 0.00942097 0.0116557 0.0140825 0.0167316 0.0195872 0.0226092 0.0256924 0.0286758 0.0313803 0.0335946 0.0351133 0.0357693 0.0354187 0.03403 0.0316508 0.028432 0.0246463 0.0205752 0.0165592 0.0128885 0.00981038 0.0075339 0.00614542 0.00567815 0.00606954 0.00719356 0.00887999 0.0109127 0.013082 0.0152037 0.0171237 0.0187078 0.0198767 0.0205906 0.0208218 0.0205848 0.0198783 0.0187409 0.0172263 0.0153328 0.0131204 0.0106326 0.00788974 0.00493905 0.00180959 -0.00147711 -0.00486118 -0.00835702 -0.0119297 -0.0155158 -0.0191373 -0.0227409 -0.0262847 -0.02975 -0.0331137 -0.036327 -0.0393787 -0.0422174 -0.0448329 -0.0471834 -0.0492419 -0.0510007 -0.052436 -0.0535334 -0.0542703 -0.0546495 -0.0546628 -0.0543167 -0.0536113 -0.052605 -0.0512659 -0.0496379 -0.0477693 -0.0456894 -0.0434097 -0.0410243 -0.0385263 -0.0359517 -0.033354 -0.0307801 -0.028242 -0.0257792 -0.0233901 -0.0211251 -0.0190145 -0.0170388 -0.015198 -0.0135293 -0.0120151 -0.0106351 -0.00939439 -0.0082737 -0.0072533 -0.00632604 -0.00546949 -0.00465669 -0.00388458 -0.00312782 -0.00236385 -0.00158354 -0.000762167 0.000128291 0.00108257 0.00212588 0.00330202 0.0045994 0.00601635 0.00758208 0.00930712 0.0111796 0.0132012 0.015333 0.0175971 0.0199894 0.022458 0.0249664 0.027545 0.0301121 0.0326525 0.035156 0.0375765 0.0398391 0.0419641 0.043893 0.0456002 0.0470516 0.0482422 0.04913 0.0497043 0.0499646 0.0499178 0.0495389 0.0488443 0.0478496 0.0465357 0.044943 0.0430722 0.0409492 0.0385971 0.0360239 0.0332465 0.0303249 0.0272287 0.0240088 0.0207064 0.0173 0.0138236 0.0102911 0.00669677 0.003052 -0.000651808 -0.00442533 -0.00825263 -0.0121798 -0.016212 -0.0203514 -0.0246222 -0.0290261 -0.0335553 -0.0381751 -0.0428358 -0.0474573 -0.0519247 -0.0560783 -0.0597293 -0.0626985 -0.0647794 -0.0658067 -0.0656792 -0.0643423 -0.0618657 -0.0583599 -0.0540356 -0.0491862 -0.0441161 -0.0391875 -0.0347136 -0.0309607 -0.0281201 -0.0262457 -0.0253093 -0.0251947 -0.0257158 -0.0266906 -0.0279047 -0.0291713 -0.0303508 -0.0313142 -0.0320396 -0.0325058 -0.0327441 -0.032803 -0.0326866 -0.0324659 -0.0321492 
0 0.00205368 0.00414058 0.00628933 0.0085464 0.0109443 0.0135264 0.0163268 0.0193585 0.0226092 0.0260032 0.029429 0.0327174 0.03567 0.0380552 0.0396446 0.0402549 0.0397517 0.0381123 0.035373 0.0317196 0.0274165 0.0227889 0.0182006 0.0139313 0.0102989 0.00749025 0.00563562 0.00476644 0.00479419 0.00563634 0.00707888 0.00891002 0.0109044 0.0128676 0.0146438 0.0161002 0.0171347 0.017726 0.0178617 0.0175153 0.0167356 0.0155274 0.0139691 0.0120672 0.00986551 0.00743065 0.00478825 0.00196863 -0.00100608 -0.00408055 -0.00724917 -0.0104887 -0.0137844 -0.0170823 -0.0204063 -0.0237178 -0.0270028 -0.0302324 -0.0333857 -0.0364571 -0.0393859 -0.0421588 -0.0447752 -0.0471917 -0.0493541 -0.0513009 -0.0529568 -0.0543098 -0.0553553 -0.0560868 -0.0564657 -0.0565078 -0.0561986 -0.055552 -0.0545622 -0.0532683 -0.0517005 -0.0498536 -0.0477774 -0.0455266 -0.043109 -0.0405715 -0.0379925 -0.0353464 -0.0326842 -0.0300741 -0.0275318 -0.025047 -0.0226871 -0.020445 -0.0183463 -0.0163941 -0.0145945 -0.0129246 -0.0114153 -0.0100236 -0.00874654 -0.00756365 -0.00646929 -0.0054168 -0.00441854 -0.00342755 -0.00243288 -0.00140981 -0.000353693 0.000789346 0.00200628 0.00333446 0.00477849 0.00635218 0.00805956 0.0099392 0.0119314 0.0140534 0.0163262 0.018718 0.0211761 0.0237313 0.0263304 0.0289438 0.0315659 0.0341517 0.0366461 0.039041 0.0412952 0.043368 0.0452413 0.0468717 0.0482479 0.0493303 0.0501243 0.0506244 0.0508175 0.050683 0.0502786 0.0495536 0.0485388 0.047269 0.0457472 0.0439653 0.0419791 0.0397893 0.0374123 0.0348716 0.032192 0.0294067 0.0264934 0.0234985 0.0204248 0.0172843 0.0140637 0.0107916 0.00745807 0.00406145 0.000564075 -0.00301534 -0.00669744 -0.0105375 -0.0145166 -0.0186788 -0.0230109 -0.0275458 -0.0322728 -0.0371428 -0.0421041 -0.047086 -0.051937 -0.0564857 -0.0605346 -0.0638573 -0.0662781 -0.0675655 -0.0676321 -0.0664304 -0.0640016 -0.0604963 -0.0561021 -0.0511535 -0.0459798 -0.0409497 -0.0363996 -0.0326109 -0.0297896 -0.028002 -0.0272189 -0.0273074 -0.028098 -0.029372 -0.0309088 -0.0325035 -0.0339866 -0.0352599 -0.0362587 -0.0369762 -0.0374273 -0.0376483 -0.0376924 -0.0375973 -0.0374039 
0 0.00235193 0.00474488 0.00721537 0.00980503 0.0125489 0.0154891 0.0186609 0.0220722 0.0256924 0.029429 0.0331549 0.036695 0.0398361 0.0423292 0.0439231 0.0444272 0.0437156 0.0417674 0.0386329 0.0344959 0.0296456 0.0244288 0.0192227 0.0143386 0.0101007 0.00673275 0.00437022 0.00304458 0.00267674 0.00317592 0.00433698 0.00593324 0.00773128 0.00953314 0.01118 0.0125217 0.0134574 0.0139608 0.0140226 0.0136258 0.0128067 0.0115943 0.0100615 0.00821792 0.00610605 0.00379637 0.00131404 -0.00131039 -0.00405449 -0.00686679 -0.00973548 -0.0126581 -0.0156182 -0.0185721 -0.0215456 -0.024518 -0.027469 -0.0303864 -0.0332642 -0.0361015 -0.0388511 -0.0415034 -0.0440558 -0.0464653 -0.048687 -0.0507451 -0.0525828 -0.0541755 -0.0555087 -0.0565664 -0.0573135 -0.0577434 -0.0578476 -0.0576296 -0.0570638 -0.0561676 -0.0549719 -0.0534642 -0.0516828 -0.0496808 -0.0474604 -0.0450551 -0.0425429 -0.0399257 -0.0372475 -0.034561 -0.031884 -0.029235 -0.0266782 -0.0242063 -0.0218408 -0.0196057 -0.0175113 -0.0155424 -0.0137223 -0.0120254 -0.0104466 -0.00897089 -0.00758522 -0.00625132 -0.00496927 -0.00369958 -0.00242312 -0.0011157 0.000238666 0.00167997 0.00320055 0.00483438 0.00659558 0.00848133 0.0104865 0.0126424 0.0149101 0.0172895 0.0197792 0.0223438 0.0249523 0.0276214 0.0302846 0.0329081 0.035488 0.0379724 0.0403114 0.0425046 0.0445014 0.0462584 0.0477727 0.0490188 0.0499808 0.0506421 0.0510108 0.0510835 0.0508549 0.0503316 0.0495617 0.0485136 0.0472183 0.0457132 0.0440023 0.04209 0.0400302 0.0378316 0.0355082 0.0330724 0.0305517 0.0279665 0.0252913 0.022562 0.0197882 0.0169578 0.0140562 0.0111024 0.00807856 0.00497123 0.00174193 -0.00159755 -0.00507321 -0.0087456 -0.0126158 -0.0167135 -0.0210468 -0.0256472 -0.0305001 -0.0355517 -0.040741 -0.0459918 -0.0511414 -0.0559987 -0.0603515 -0.0639729 -0.0666581 -0.0681732 -0.0684121 -0.0673292 -0.0649724 -0.0614809 -0.0570669 -0.0520752 -0.0468619 -0.0418068 -0.0372522 -0.0334969 -0.0307552 -0.0291039 -0.0285106 -0.0288452 -0.0299347 -0.0315529 -0.0334589 -0.035429 -0.0372905 -0.0389356 -0.0402972 -0.0413476 -0.0420902 -0.0425659 -0.0428329 -0.0429437 -0.0429304 
0 0.0026509 0.00534494 0.00813706 0.0110504 0.0141346 0.0174231 0.0209485 0.0247194 0.0286758 0.0327174 0.036695 0.0404268 0.0436874 0.0462127 0.0477343 0.0480593 0.0470737 0.0447564 0.0411863 0.0365297 0.0311103 0.0252856 0.0194364 0.013926 0.00905369 0.00510561 0.00220853 0.000397084 -0.000377973 -0.000241935 0.000634412 0.0019983 0.0036136 0.0052781 0.0068286 0.00809582 0.00898795 0.00946598 0.00951183 0.00913856 0.00833879 0.00718699 0.00573499 0.00400265 0.00203988 -8.76846e-05 -0.00235241 -0.00472715 -0.00718385 -0.00969909 -0.0122289 -0.0148068 -0.0174008 -0.0199817 -0.0225717 -0.0251748 -0.0277595 -0.0303317 -0.0329021 -0.0354499 -0.0379668 -0.0404334 -0.0428562 -0.0451924 -0.0474249 -0.0495321 -0.051496 -0.0532732 -0.0548452 -0.0561898 -0.0572851 -0.0580935 -0.0586066 -0.058826 -0.0587091 -0.058262 -0.0575025 -0.0564207 -0.0550179 -0.0533543 -0.0514252 -0.0492642 -0.0469159 -0.0444216 -0.0418033 -0.0391194 -0.0363797 -0.0336356 -0.0309221 -0.0282584 -0.0256534 -0.0231562 -0.0207643 -0.0184882 -0.0163329 -0.0143043 -0.0123827 -0.0105706 -0.00883988 -0.00717572 -0.0055522 -0.00394952 -0.00233169 -0.000689148 0.00101575 0.00279778 0.00466889 0.00663771 0.00873456 0.0109369 0.0132492 0.015668 0.0181868 0.0207794 0.0234433 0.0261274 0.0288299 0.0315258 0.0341637 0.0367018 0.0391477 0.0414258 0.043507 0.0453867 0.0470274 0.0483815 0.0494702 0.0502752 0.050774 0.0509781 0.0509021 0.050544 0.0499044 0.0490227 0.0479091 0.0465736 0.0450395 0.0433522 0.0415064 0.039538 0.0374643 0.035315 0.0330965 0.0308121 0.0284905 0.026145 0.0237458 0.0213092 0.0188647 0.0163584 0.0138003 0.0111874 0.00850314 0.0057162 0.00279998 -0.000263624 -0.00349587 -0.00695698 -0.0106834 -0.0146647 -0.0189528 -0.0235589 -0.0284704 -0.0336336 -0.0389808 -0.0444195 -0.0497881 -0.054872 -0.0594398 -0.0632855 -0.0661491 -0.0678314 -0.0681935 -0.0671937 -0.064901 -0.0614213 -0.0570122 -0.0520084 -0.0467933 -0.0417558 -0.0372389 -0.0335581 -0.0309329 -0.0294508 -0.0290762 -0.0296931 -0.0311136 -0.0331199 -0.035444 -0.0378427 -0.0401497 -0.0422278 -0.0440258 -0.0454804 -0.0465879 -0.0473997 -0.0479583 -0.0483505 -0.0485788 
0 0.00291592 0.00589088 0.00896275 0.0121829 0.0155768 0.0191871 0.0230423 0.0271281 0.0313803 0.03567 0.0398361 0.0436874 0.0469887 0.0494568 0.0508299 0.0508961 0.0495656 0.0468334 0.0427652 0.0375801 0.0315645 0.0251243 0.0186529 0.0125002 0.00703822 0.00250858 -0.000907662 -0.00317841 -0.00436742 -0.00456368 -0.00396606 -0.00281265 -0.00134612 0.00022571 0.00171603 0.00298071 0.00388598 0.00440087 0.00452272 0.00421441 0.00352959 0.00249891 0.00118421 -0.000370315 -0.00213394 -0.00404324 -0.00604457 -0.00813638 -0.0102946 -0.0124606 -0.0146599 -0.0168689 -0.0190827 -0.0212934 -0.0235037 -0.0257191 -0.0279466 -0.0301711 -0.0323994 -0.0346575 -0.0368981 -0.0391351 -0.041374 -0.0435913 -0.045744 -0.0478564 -0.0498758 -0.0517648 -0.0535161 -0.0551075 -0.0564861 -0.0576381 -0.0585508 -0.0591736 -0.0595005 -0.0595272 -0.0592428 -0.0586138 -0.0576768 -0.0564237 -0.054867 -0.053032 -0.050979 -0.0486893 -0.0462127 -0.0436047 -0.0409132 -0.0381314 -0.0353169 -0.0324995 -0.0297181 -0.026977 -0.0243075 -0.0217165 -0.0192315 -0.0168409 -0.0145523 -0.0123515 -0.0102358 -0.00817554 -0.00616177 -0.00415747 -0.0021473 -0.000101455 0.00198927 0.00415676 0.00640353 0.00874821 0.0111713 0.0136838 0.0162841 0.0189703 0.0216829 0.0244316 0.027206 0.029975 0.0326708 0.0353 0.0378163 0.0401875 0.0423696 0.0443559 0.0460889 0.0475605 0.0487555 0.0496724 0.0502825 0.0506043 0.0506381 0.050381 0.0498575 0.0490944 0.0480918 0.0468675 0.0454772 0.0439092 0.0421984 0.0403876 0.0384979 0.0365133 0.0344992 0.0324534 0.0303708 0.0282756 0.0261848 0.0240807 0.0219659 0.0198448 0.0177 0.0155416 0.0133204 0.0110471 0.00870798 0.00625006 0.00363861 0.000873076 -0.00210847 -0.00535579 -0.00888617 -0.0127471 -0.0169365 -0.0215015 -0.0264208 -0.031626 -0.0370586 -0.0426129 -0.048109 -0.0533285 -0.0580438 -0.0620045 -0.0649946 -0.0667657 -0.0671962 -0.066259 -0.0639776 -0.0605175 -0.0560994 -0.0510907 -0.0458924 -0.0408783 -0.036424 -0.0328343 -0.0303399 -0.0290376 -0.028897 -0.0298002 -0.0315774 -0.0339838 -0.0367532 -0.039632 -0.042419 -0.0450106 -0.0472961 -0.0492274 -0.0507792 -0.0519758 -0.0529124 -0.0536195 -0.0541441 
0 0.00313959 0.00633829 0.00965357 0.0131201 0.0167776 0.0206586 0.0247802 0.029122 0.0335946 0.0380552 0.0423292 0.0462127 0.0494568 0.0517866 0.052916 0.0526611 0.0509332 0.0477256 0.043162 0.037411 0.0308246 0.0237906 0.0167015 0.0099859 0.00394266 -0.00109541 -0.0049844 -0.00768589 -0.00921492 -0.0097222 -0.00935297 -0.00836605 -0.00700303 -0.00547809 -0.00397297 -0.00267265 -0.00167434 -0.00104376 -0.000809584 -0.000943855 -0.00147553 -0.00230773 -0.00341575 -0.00474891 -0.00626654 -0.00790986 -0.00964257 -0.0114427 -0.0132685 -0.0151247 -0.0169594 -0.0188121 -0.0206585 -0.0225052 -0.0243432 -0.0262135 -0.0280769 -0.0299545 -0.0318713 -0.0337983 -0.035765 -0.03776 -0.0397807 -0.0418061 -0.0438578 -0.0458705 -0.0478773 -0.0498256 -0.0516946 -0.0534421 -0.0550639 -0.056497 -0.0577338 -0.0587499 -0.0595125 -0.0599842 -0.0601554 -0.0600271 -0.0595639 -0.058782 -0.057683 -0.0562723 -0.0545385 -0.0525639 -0.0503525 -0.0479323 -0.0453141 -0.042585 -0.0397534 -0.0368672 -0.0339224 -0.030989 -0.028068 -0.0252006 -0.0223689 -0.0196193 -0.0169281 -0.014321 -0.0117602 -0.00926364 -0.00678422 -0.00433316 -0.00186351 0.00061707 0.00315904 0.0057367 0.00838177 0.0110766 0.013855 0.0166702 0.0195276 0.0223887 0.0252854 0.0281553 0.0309674 0.0336794 0.0363145 0.0387935 0.0410904 0.0431711 0.0450262 0.0466041 0.0479124 0.0489371 0.0496622 0.0500745 0.0501973 0.0500478 0.0496092 0.0489271 0.0480104 0.0468752 0.0455368 0.0440685 0.0424416 0.0407247 0.0389227 0.0370659 0.0351596 0.0332512 0.0313195 0.0294086 0.0275113 0.0256152 0.0237501 0.0218977 0.020055 0.0182103 0.0163896 0.0145272 0.0126404 0.0106896 0.00866154 0.00650345 0.00419455 0.00169099 -0.00104401 -0.00405467 -0.00741453 -0.0110978 -0.0151843 -0.0196684 -0.0245366 -0.0297387 -0.0351928 -0.0407811 -0.0463355 -0.0516179 -0.0563821 -0.0604185 -0.0634287 -0.0652441 -0.0656932 -0.0647454 -0.062474 -0.0589746 -0.054551 -0.0495307 -0.0443336 -0.0393595 -0.0349569 -0.0314625 -0.0290934 -0.0279562 -0.0280307 -0.029213 -0.0313232 -0.0341292 -0.0373427 -0.0407004 -0.0440102 -0.0471222 -0.0499503 -0.0523978 -0.0544345 -0.0560951 -0.0574336 -0.0585274 -0.0593777 
0 0.00329995 0.00666674 0.0101491 0.0137979 0.0176408 0.0217119 0.0260173 0.0305188 0.0351133 0.0396446 0.0439231 0.0477343 0.0508299 0.052916 0.0537389 0.0530979 0.050927 0.0472443 0.0421549 0.0358905 0.0287572 0.0211783 0.0135588 0.0063069 -0.000212316 -0.00571662 -0.0100164 -0.0130684 -0.0148964 -0.0156272 -0.0154246 -0.0145375 -0.0132082 -0.0116548 -0.010096 -0.00867422 -0.00753276 -0.00672788 -0.00628022 -0.00621036 -0.0064908 -0.00707543 -0.00793593 -0.00900317 -0.0102411 -0.0116112 -0.0130425 -0.0145392 -0.0160601 -0.0175811 -0.0191109 -0.0206295 -0.0221335 -0.023644 -0.025145 -0.0266578 -0.0281975 -0.0297597 -0.0313595 -0.0329988 -0.0346813 -0.0364087 -0.0381854 -0.0400139 -0.0418869 -0.0437892 -0.0457174 -0.0476323 -0.0495287 -0.0513832 -0.053152 -0.0548124 -0.056339 -0.0576648 -0.0587881 -0.0596868 -0.0603117 -0.0606489 -0.0606879 -0.06039 -0.0597621 -0.0588137 -0.0575403 -0.0559483 -0.0540487 -0.0518803 -0.0494905 -0.0468926 -0.0441041 -0.0411885 -0.0381813 -0.0351017 -0.0319739 -0.0288334 -0.0256955 -0.0225797 -0.0194882 -0.0164318 -0.0134061 -0.0104134 -0.00743832 -0.00447474 -0.00150683 0.00146785 0.00446279 0.0074792 0.0105302 0.0136018 0.0166778 0.0197572 0.0228423 0.0258854 0.0288562 0.0317418 0.0345195 0.0371516 0.0395928 0.0418061 0.0437899 0.0455172 0.0469453 0.0480861 0.0489265 0.0494416 0.0496627 0.0496093 0.0492572 0.0486452 0.0477932 0.0467129 0.0454411 0.0440157 0.0424489 0.0407788 0.0390242 0.0372188 0.0353818 0.0335374 0.0317036 0.0298848 0.0280905 0.0263358 0.0246061 0.0229213 0.0212829 0.0196659 0.0180873 0.0165242 0.0149549 0.0133834 0.0117716 0.0100949 0.0083486 0.00645879 0.00440958 0.00215818 -0.000357505 -0.00316952 -0.0063289 -0.00987237 -0.0138181 -0.018197 -0.0229916 -0.0281378 -0.033575 -0.0391545 -0.0447062 -0.0499898 -0.054759 -0.0587673 -0.0617588 -0.0635308 -0.0639349 -0.0629515 -0.0606135 -0.0570834 -0.0526186 -0.0475781 -0.0423841 -0.0374189 -0.0330689 -0.0296411 -0.0273707 -0.0263661 -0.0266158 -0.0280276 -0.0304309 -0.0335839 -0.0372009 -0.041018 -0.044816 -0.0484618 -0.0518205 -0.0548031 -0.0573604 -0.059498 -0.061299 -0.0627895 -0.0640022 
0 0.00336997 0.00681087 0.010371 0.0141087 0.0180458 0.0222143 0.0266053 0.0311607 0.0357693 0.0402549 0.0444272 0.0480593 0.0508961 0.0526611 0.0530979 0.0520328 0.0494016 0.045233 0.0396607 0.0329068 0.0252995 0.0172486 0.00916577 0.00148661 -0.00543792 -0.0113042 -0.0159282 -0.0192557 -0.0212932 -0.022181 -0.0220761 -0.0212185 -0.0198521 -0.0182032 -0.0164964 -0.0148925 -0.0135237 -0.0124703 -0.0117695 -0.0114233 -0.0114211 -0.0117109 -0.0122739 -0.0130401 -0.0139723 -0.0150362 -0.0161776 -0.0173829 -0.0186028 -0.0198368 -0.0210699 -0.0222882 -0.0234936 -0.0247099 -0.0259154 -0.0271385 -0.0283765 -0.0296432 -0.0309575 -0.0323049 -0.0337211 -0.0352061 -0.0367449 -0.0383482 -0.0400338 -0.0417598 -0.0435538 -0.0453908 -0.0472587 -0.0491234 -0.0509662 -0.0527576 -0.0544703 -0.0560523 -0.0574966 -0.0587495 -0.0597601 -0.060535 -0.0610359 -0.06122 -0.0610937 -0.0606382 -0.0598121 -0.0586599 -0.0571792 -0.0553653 -0.0532379 -0.050848 -0.0482059 -0.0453625 -0.0423332 -0.0391644 -0.0358799 -0.0325213 -0.029091 -0.0256263 -0.022128 -0.0186252 -0.0151077 -0.0115969 -0.00808288 -0.00458424 -0.00108496 0.00239793 0.0058799 0.00933645 0.0127794 0.0161898 0.0195679 0.0228806 0.0261192 0.029241 0.0322506 0.0350963 0.0377329 0.0401421 0.0423217 0.0442059 0.0458001 0.0470932 0.0480549 0.0486994 0.0490501 0.0490808 0.0488164 0.0482864 0.0474885 0.0464665 0.0452458 0.0438548 0.0423166 0.0406671 0.0389323 0.03716 0.0353404 0.0335318 0.0317355 0.0299524 0.0282067 0.0265205 0.0248701 0.0232857 0.0217574 0.0202802 0.0188574 0.0174645 0.0161171 0.0147892 0.0134629 0.0121259 0.0107595 0.00931596 0.00778775 0.00611707 0.00428414 0.00223372 -8.79299e-05 -0.00271168 -0.005707 -0.00910213 -0.0129351 -0.0172166 -0.02193 -0.0270223 -0.0324116 -0.037942 -0.0434441 -0.0486742 -0.0533818 -0.0573204 -0.0602218 -0.0619095 -0.0622266 -0.0611491 -0.0587298 -0.0551199 -0.050604 -0.0455272 -0.0403092 -0.035347 -0.0310115 -0.0276191 -0.0253944 -0.0244549 -0.0248099 -0.0263711 -0.0289813 -0.0324006 -0.0363467 -0.040559 -0.0448082 -0.048945 -0.0528195 -0.0563227 -0.0593917 -0.0620177 -0.0642651 -0.0661559 -0.0677128 
0 0.00333297 0.00673833 0.0102675 0.0139806 0.0179001 0.022052 0.0264139 0.0309097 0.0354187 0.0397517 0.0437156 0.0470737 0.0495656 0.0509332 0.050927 0.0494016 0.0462985 0.0416563 0.0356357 0.0284528 0.0204516 0.0120219 0.00357765 -0.00442909 -0.0116591 -0.0177939 -0.0226557 -0.0261724 -0.0283372 -0.0292957 -0.0292031 -0.0282922 -0.0268056 -0.0249833 -0.0230547 -0.0211979 -0.0195358 -0.0181684 -0.0171522 -0.0164777 -0.0161491 -0.0161151 -0.0163643 -0.0168249 -0.0174522 -0.0182125 -0.0190655 -0.0199846 -0.0209189 -0.0218888 -0.0228627 -0.0238282 -0.0247807 -0.025744 -0.0266939 -0.0276583 -0.0286332 -0.0296442 -0.0307072 -0.0317946 -0.03296 -0.0341999 -0.0355006 -0.0368779 -0.0383663 -0.0399088 -0.0415393 -0.0432408 -0.04501 -0.0468149 -0.048654 -0.0505017 -0.0523209 -0.0540655 -0.0557317 -0.0572666 -0.05861 -0.059771 -0.0606884 -0.0613162 -0.061653 -0.0616842 -0.0613424 -0.0606618 -0.0596178 -0.0582074 -0.0564339 -0.0543412 -0.0519158 -0.049212 -0.0462425 -0.04306 -0.0396738 -0.036135 -0.0324498 -0.0286644 -0.0247762 -0.0208312 -0.0168237 -0.0127915 -0.00873545 -0.00469196 -0.000652673 0.00334083 0.00729916 0.0111883 0.0150134 0.0187355 0.0223599 0.0258474 0.0291904 0.0323302 0.0352754 0.0379729 0.0403959 0.0425209 0.0443542 0.0458302 0.0469834 0.0478099 0.0482932 0.0484451 0.0483081 0.0478576 0.0471382 0.0461875 0.0450107 0.0436463 0.0421315 0.0405005 0.0387759 0.0369976 0.0351882 0.0333863 0.0315674 0.0298009 0.0280786 0.0263965 0.0247756 0.0232449 0.0217542 0.0203398 0.0189983 0.0177139 0.0164872 0.0152989 0.0141572 0.0130283 0.011898 0.0107459 0.00957223 0.00831495 0.00696613 0.00548038 0.00382829 0.00194137 -0.000226611 -0.00270558 -0.00557501 -0.0088569 -0.0126012 -0.0168004 -0.0214436 -0.0264856 -0.0318246 -0.0372985 -0.0427329 -0.0478851 -0.0524965 -0.056322 -0.0590905 -0.0606492 -0.0608412 -0.0596362 -0.0571071 -0.053397 -0.0488085 -0.0436719 -0.038399 -0.0333989 -0.0290288 -0.0256104 -0.0233581 -0.0224012 -0.0227713 -0.0243897 -0.0271086 -0.0306952 -0.0348749 -0.0393906 -0.0440086 -0.0485568 -0.0528767 -0.05684 -0.0603708 -0.0634464 -0.066102 -0.0683579 -0.0702216 
0 0.00316762 0.00641005 0.00978866 0.0133583 0.01715 0.0211763 0.0253994 0.0297337 0.03403 0.0381123 0.0417674 0.0447564 0.0468334 0.0477256 0.0472443 0.045233 0.0416563 0.0365805 0.0301363 0.0226087 0.0142853 0.00556945 -0.00311545 -0.0113614 -0.0187636 -0.0250657 -0.030059 -0.0336589 -0.0358748 -0.0368206 -0.0366719 -0.0356462 -0.0339803 -0.0319123 -0.0297128 -0.0275238 -0.0255162 -0.0237884 -0.0223944 -0.0213756 -0.0206795 -0.0203043 -0.0202229 -0.0203688 -0.0206825 -0.0211586 -0.0217313 -0.0223822 -0.0230735 -0.0237825 -0.0245333 -0.0252681 -0.0259984 -0.0267417 -0.0274953 -0.0282323 -0.0289989 -0.0297967 -0.0306255 -0.0314942 -0.0324322 -0.0334446 -0.0345199 -0.0356927 -0.0369522 -0.038311 -0.0397547 -0.0412934 -0.0429178 -0.0446279 -0.04638 -0.0481995 -0.0500442 -0.0518648 -0.0536566 -0.0553903 -0.0569897 -0.0584414 -0.0597153 -0.0607398 -0.0614992 -0.061964 -0.0621024 -0.0618829 -0.0612928 -0.0603072 -0.0589509 -0.0572016 -0.0550695 -0.0525709 -0.0497517 -0.0466132 -0.043196 -0.0395204 -0.0356393 -0.0315595 -0.0273236 -0.0229541 -0.018494 -0.0139539 -0.00939034 -0.00481483 -0.000268167 0.00422718 0.00862614 0.0129274 0.0170895 0.021096 0.0249012 0.0285037 0.0318653 0.0349598 0.0377433 0.0402162 0.0423461 0.0441344 0.0455478 0.0465917 0.0472874 0.0476407 0.0476314 0.0473212 0.0467277 0.0458389 0.0447226 0.0434233 0.0419336 0.040304 0.0386018 0.0368141 0.0349893 0.0331588 0.0313477 0.0295503 0.0278059 0.0261176 0.0245029 0.0229463 0.0214765 0.0200879 0.0187735 0.0175296 0.0163553 0.0152573 0.0141935 0.0131695 0.0121899 0.0112268 0.0102335 0.00925159 0.00821995 0.007109 0.00590143 0.00454817 0.0030226 0.00125475 -0.000807834 -0.00319795 -0.00596699 -0.00920104 -0.0128808 -0.0170361 -0.0216445 -0.0266425 -0.0319431 -0.0373541 -0.042705 -0.0477592 -0.05226 -0.0559334 -0.0585652 -0.0599626 -0.0600068 -0.0586661 -0.055982 -0.0521707 -0.0474705 -0.0422474 -0.0368955 -0.0318017 -0.0273597 -0.0238418 -0.0214863 -0.0204222 -0.0206944 -0.0222538 -0.0249509 -0.0285717 -0.0328573 -0.0375567 -0.0424283 -0.0472895 -0.0519544 -0.0562921 -0.060207 -0.0636495 -0.0666452 -0.069181 -0.0712768 
