0 0 0 0 0 0 0 0 0 0 0 0 0 0 0 0 0 0 0 0 0 0 0 0 0 0 0 0 0 0 0 0 0 0 0 0 0 0 0 0 0 0 0 0 0 0 0 0 0 0 0 0 0 0 0 0 0 0 0 0 0 0 0 0 0 0 0 0 0 0 0 0 0 0 0 0 0 0 0 0 0 0 0 0 0 0 0 0 0 0 0 0 0 0 0 0 0 0 0 0 0 0 0 0 0 0 0 0 0 0 0 0 0 0 0 0 0 0 0 0 0 0 0 0 0 0 0 0 0 0 0 0 0 0 0 0 0 0 0 0 0 0 0 0 0 0 0 0 0 0 0 0 0 0 0 0 0 0 0 0 0 0 0 0 0 0 0 0 0 0 0 0 0 0 0 0 0 0 0 0 0 0 0 0 0 0 0 0 0 0 0 0 0 0 0 0 0 0 0 0 
0 -4.5054e-06 8.62024e-07 8.99146e-06 9.74516e-06 1.06277e-05 1.89946e-05 3.26493e-05 3.94872e-05 4.21087e-05 5.58757e-05 7.0527e-05 8.11288e-05 8.12443e-05 8.51028e-05 9.74655e-05 9.98397e-05 0.000105247 0.000107031 0.000117194 0.000127051 0.000132181 0.000147952 0.000155761 0.000171939 0.000188684 0.000203517 0.000210708 0.00020468 0.000206505 0.000205319 0.000196303 0.000181731 0.000170834 0.000160517 0.000153207 0.000151565 0.000154679 0.000165082 0.000184175 0.00023098 0.000293856 0.00037071 0.000479375 0.000618555 0.000796831 0.00102595 0.00130008 0.00161372 0.00195068 0.00229492 0.00263619 0.00292983 0.00316589 0.00333033 0.00339304 0.00338244 0.00331439 0.00320839 0.00311057 0.00305 0.00304656 0.00312894 0.00329864 0.00356398 0.00391252 0.00432591 0.00478737 0.00525665 0.00570266 0.00609343 0.00639025 0.00656093 0.00659062 0.00645449 0.0061516 0.00568588 0.00507988 0.00434631 0.00352506 0.00264448 0.00172567 0.000794506 -0.000115813 -0.000999862 -0.00182065 -0.00255446 -0.00319192 -0.00370845 -0.00408739 -0.0043426 -0.00446922 -0.00446814 -0.00434989 -0.00413579 -0.0038485 -0.00347943 -0.00302525 -0.00251872 -0.00196328 -0.00135817 -0.000737783 -0.000109805 0.000525361 0.00113384 0.00169791 0.00221732 0.00268923 0.00310396 0.0034329 0.00366097 0.00379119 0.00379112 0.00364752 0.00336862 0.00294419 0.00237644 0.00169643 0.000904372 2.09151e-05 -0.000930707 -0.00193849 -0.00299267 -0.0040572 -0.00511389 -0.00613329 -0.0070852 -0.00793508 -0.00867728 -0.00928426 -0.00974344 -0.010055 -0.0102045 -0.010176 -0.00997809 -0.0095946 -0.0090294 -0.00830366 -0.00742987 -0.00645127 -0.00540573 -0.00434271 -0.00331886 -0.0023711 -0.00154389 -0.00087621 -0.000357513 -2.27471e-06 0.000208166 0.000319907 0.000347053 0.000322725 0.000275673 0.000218392 0.000164442 0.000123188 9.96585e-05 9.20633e-05 8.31339e-05 7.56866e-05 6.78885e-05 4.78905e-05 2.82805e-05 7.51958e-06 -2.17631e-05 -6.06893e-05 -9.69832e-05 -0.000129014 -0.000157898 -0.00018571 -0.000211463 -0.000231121 -0.000255249 -0.00026166 -0.000264404 -0.000270497 -0.000274395 -0.000277309 -0.000264463 -0.000260864 -0.000256968 -0.000248635 -0.000241555 -0.000232977 -0.000233209 -0.000233211 -0.000236128 -0.000240497 -0.000239706 -0.000240081 -0.000246271 -0.000253085 -0.000256634 -0.000254154 -0.000255328 -0.000258189 -0.00025062 -0.000243608 -0.000239282 -0.000241882 
0 8.62024e-07 1.7175e-05 3.81201e-05 4.18867e-05 4.41307e-05 5.9128e-05 8.16464e-05 8.81203e-05 8.86032e-05 0.000103412 0.000128073 0.000142361 0.000140002 0.000154997 0.000173235 0.000193599 0.000201786 0.000214502 0.000244753 0.0002567 0.000285527 0.000298665 0.000321322 0.000345441 0.000366004 0.000406936 0.000405841 0.000412596 0.000415391 0.000418461 0.000410191 0.000378432 0.000358219 0.000337181 0.000315597 0.000308632 0.000315836 0.000319684 0.00037079 0.000445828 0.000575738 0.000733915 0.000943557 0.00124171 0.00159997 0.00207069 0.00263015 0.00326301 0.0039316 0.00463093 0.00529125 0.00588584 0.00635873 0.00668624 0.00683945 0.00682991 0.00670898 0.00651057 0.00631218 0.00616704 0.00615506 0.00627453 0.00659552 0.00710042 0.00776904 0.00857242 0.00948148 0.0103825 0.0112567 0.012015 0.0125686 0.0128917 0.0129286 0.0126388 0.0120426 0.01115 0.00996769 0.00857198 0.00698318 0.00526311 0.00345819 0.00164485 -0.000157133 -0.00187126 -0.00346714 -0.00489398 -0.00613866 -0.00713043 -0.00790144 -0.00841256 -0.00866007 -0.00867716 -0.00851488 -0.00811025 -0.00752627 -0.00678904 -0.00592244 -0.0049276 -0.00384608 -0.00267165 -0.0014692 -0.00023137 0.000981525 0.00215121 0.00327452 0.00433845 0.00524156 0.00602219 0.00665256 0.00709383 0.00730386 0.00729196 0.00699821 0.00644526 0.00561239 0.00452968 0.00319324 0.00165607 -7.5594e-05 -0.00195269 -0.00394807 -0.00599446 -0.00808197 -0.0101302 -0.0121038 -0.0139625 -0.0156427 -0.0171029 -0.0183306 -0.019265 -0.0198951 -0.0202231 -0.0201848 -0.0198016 -0.0190568 -0.0179495 -0.016503 -0.0147979 -0.0128566 -0.0108018 -0.00871198 -0.0066923 -0.00481114 -0.00317949 -0.00182678 -0.0007847 -6.27237e-05 0.000386089 0.000606527 0.000671983 0.000621147 0.000519045 0.00039709 0.00029244 0.000193536 0.000162992 0.000140803 0.000130248 0.000131278 0.000110076 9.0244e-05 5.08853e-05 1.52752e-05 -3.84756e-05 -0.000113741 -0.000190933 -0.0002471 -0.000316944 -0.00036716 -0.000417989 -0.000466699 -0.000495627 -0.000523688 -0.000511844 -0.000526349 -0.00053417 -0.000529544 -0.000521047 -0.000508085 -0.000516736 -0.000507883 -0.000500731 -0.000493691 -0.000491581 -0.000491766 -0.000492916 -0.000494903 -0.000487477 -0.000483098 -0.000484001 -0.000494739 -0.000490775 -0.000485284 -0.000488574 -0.000492305 -0.00049017 -0.000473577 -0.00047777 -0.000487102 
0 8.99146e-06 3.81201e-05 7.02269e-05 7.8431e-05 8.2654e-05 0.000102796 0.000131836 0.000139666 0.000133307 0.000153467 0.000179981 0.000200257 0.000201424 0.00021768 0.000257694 0.000276702 0.000300793 0.000319567 0.000360031 0.000398795 0.000425032 0.000467849 0.000488998 0.000524637 0.000561246 0.000596894 0.000614167 0.000606345 0.00061786 0.000623034 0.000606345 0.000570311 0.000541228 0.000511474 0.0004876 0.000476888 0.000478239 0.000499088 0.000551366 0.000681395 0.000869525 0.00111242 0.0014542 0.00189919 0.00246351 0.00317626 0.0040181 0.00496787 0.00597953 0.00700965 0.00802177 0.00890571 0.00962565 0.0101388 0.0103713 0.0103818 0.0102138 0.00991903 0.00961635 0.00939073 0.00931096 0.00945863 0.00986187 0.0105487 0.0114916 0.0126403 0.0139339 0.0152492 0.0164873 0.0175481 0.0183242 0.0187402 0.0187617 0.0183411 0.0174835 0.0162021 0.0145436 0.0125379 0.0102708 0.00781406 0.00522936 0.00260012 2.34318e-05 -0.00246088 -0.00475564 -0.00680011 -0.0085751 -0.0100281 -0.0111311 -0.0119107 -0.0123476 -0.012435 -0.0121873 -0.0116402 -0.0108493 -0.00980842 -0.00852787 -0.00709833 -0.00554343 -0.00386799 -0.00215223 -0.000409283 0.00135911 0.0030732 0.00468293 0.00616866 0.0074967 0.0086312 0.00949846 0.0100619 0.0103337 0.0102555 0.00980243 0.0089955 0.00780505 0.00622779 0.00432128 0.00208692 -0.00042346 -0.00313879 -0.00601069 -0.00899098 -0.011986 -0.014943 -0.0177966 -0.0204807 -0.0229184 -0.0250871 -0.0269131 -0.0283417 -0.0293483 -0.029878 -0.029876 -0.0293533 -0.0282774 -0.0266645 -0.0245779 -0.0220692 -0.0192519 -0.0162381 -0.0131631 -0.0101795 -0.00739647 -0.00494455 -0.00292978 -0.0013484 -0.000239316 0.000443119 0.000813805 0.000923098 0.000864273 0.000722465 0.000544029 0.000374699 0.000244542 0.000175752 0.000157853 0.000149148 0.000149624 0.000146955 0.000112061 7.01612e-05 1.71332e-05 -6.53029e-05 -0.000178208 -0.000288734 -0.000386114 -0.000474856 -0.000554843 -0.000626282 -0.000681298 -0.000740441 -0.000756875 -0.000759871 -0.000772983 -0.000782754 -0.0007897 -0.000764689 -0.000765093 -0.000771452 -0.000769015 -0.000766431 -0.000755659 -0.000758062 -0.000754471 -0.000754774 -0.000755649 -0.00074282 -0.000730871 -0.000730502 -0.000731286 -0.000723311 -0.000707713 -0.000710084 -0.00072439 -0.000718635 -0.000711123 -0.000712793 -0.000733047 
0 9.74516e-06 4.18867e-05 7.8431e-05 8.88307e-05 9.54636e-05 0.000124553 0.000164873 0.000179946 0.000183486 0.00020791 0.000248346 0.000274382 0.000279343 0.000309751 0.000349813 0.000387612 0.000407847 0.000434813 0.000488366 0.000523692 0.000575396 0.000609368 0.000648676 0.000689624 0.00072729 0.000786474 0.000793178 0.000802881 0.000812214 0.000818801 0.000802649 0.000751811 0.000714443 0.000680512 0.000651048 0.00064633 0.000666154 0.000694613 0.000797722 0.000963865 0.00122785 0.00156377 0.00201195 0.00262398 0.0033777 0.00433766 0.00547269 0.0067488 0.00810085 0.00949942 0.0108364 0.0120388 0.0130134 0.013704 0.014054 0.0140837 0.0138695 0.013481 0.0130523 0.0126935 0.0125415 0.0126385 0.0130948 0.0139088 0.0150489 0.0164579 0.0180604 0.0196666 0.0211977 0.0225009 0.0234308 0.023932 0.0239314 0.0233765 0.0222948 0.0207048 0.0186229 0.0161453 0.013319 0.0102406 0.0069974 0.00371997 0.000474593 -0.00261989 -0.00549389 -0.00807126 -0.0103288 -0.0121747 -0.0136375 -0.0146695 -0.0152533 -0.0154193 -0.0152203 -0.0145848 -0.0135978 -0.0123047 -0.0107506 -0.00896701 -0.00702164 -0.00492331 -0.00276605 -0.000552461 0.00163778 0.00376042 0.00579135 0.00768962 0.00930936 0.0106699 0.0117174 0.0123934 0.0126525 0.0125015 0.011874 0.0108033 0.00926166 0.00727749 0.00485252 0.00204845 -0.00111225 -0.00454505 -0.00818715 -0.0119304 -0.0157265 -0.0194603 -0.0230731 -0.0265017 -0.029654 -0.0324649 -0.034886 -0.0368091 -0.0381844 -0.0389723 -0.0390641 -0.0384682 -0.0371567 -0.0351354 -0.0324606 -0.0292592 -0.025608 -0.0217057 -0.0177091 -0.0138077 -0.0101486 -0.00692453 -0.00422433 -0.00211024 -0.000607258 0.00035321 0.000864093 0.00104808 0.000995656 0.000826241 0.000609361 0.000411941 0.000242461 0.000179778 0.000151427 0.000146854 0.000158362 0.000140114 0.000111524 5.35308e-05 -8.8265e-06 -0.000106075 -0.000242083 -0.000382925 -0.000497905 -0.00062424 -0.000724422 -0.000820845 -0.000909829 -0.000972346 -0.0010199 -0.0010157 -0.00104152 -0.0010581 -0.00105357 -0.00103655 -0.00101923 -0.00103113 -0.00102348 -0.0010156 -0.00100534 -0.000998888 -0.000994344 -0.000992501 -0.000993612 -0.000983317 -0.000976477 -0.000978728 -0.000988417 -0.000976676 -0.000962737 -0.000967683 -0.000979965 -0.000980196 -0.000959767 -0.000961474 -0.000973603 
0 1.06277e-05 4.41307e-05 8.2654e-05 9.54636e-05 0.000106942 0.000142836 0.000191517 0.000218755 0.000231192 0.00027002 0.00031863 0.000354375 0.000369226 0.000401158 0.000455308 0.00049065 0.000519958 0.000548661 0.000601766 0.000655003 0.000703735 0.000761484 0.000806395 0.000861039 0.000915992 0.000969123 0.000990099 0.000987867 0.000997191 0.000998646 0.000972045 0.000918566 0.0008758 0.000841043 0.000822037 0.000829223 0.000862856 0.000930204 0.00106127 0.0012974 0.00163475 0.00207232 0.00266008 0.00342802 0.00439487 0.00560144 0.00702582 0.00862845 0.0103405 0.0120938 0.013801 0.0153225 0.0165697 0.0174605 0.0179116 0.0179655 0.0176949 0.0171911 0.0166176 0.0161182 0.0158245 0.0158495 0.016271 0.0171226 0.0183691 0.0199385 0.0217232 0.0235446 0.0252573 0.0267091 0.0277508 0.0282897 0.0282652 0.0276257 0.0263748 0.024533 0.0221475 0.0192812 0.0160321 0.0125058 0.00879897 0.00503369 0.00132392 -0.0022492 -0.00557843 -0.0085849 -0.0112291 -0.0134384 -0.0151828 -0.016459 -0.0172389 -0.01752 -0.0173237 -0.0166711 -0.0156273 -0.0142082 -0.0124424 -0.0104196 -0.00818741 -0.00577465 -0.00327965 -0.000739765 0.00180464 0.00426052 0.00656389 0.0086705 0.0105104 0.0120398 0.0131778 0.013869 0.014103 0.0138339 0.0130306 0.0117162 0.00987212 0.00750935 0.00467852 0.00140372 -0.00226093 -0.00623078 -0.0104392 -0.0148052 -0.0192256 -0.0236121 -0.0278813 -0.0319462 -0.0357125 -0.0391212 -0.04208 -0.0444885 -0.0462771 -0.0473516 -0.0476122 -0.0470328 -0.0455711 -0.043237 -0.0401087 -0.0362882 -0.0319266 -0.0272135 -0.0223589 -0.0175917 -0.013106 -0.00911363 -0.00576681 -0.00311752 -0.00120719 2.70895e-05 0.000727219 0.00100334 0.000993225 0.000828759 0.000597406 0.000372308 0.000198335 0.000115289 9.54239e-05 9.66358e-05 0.000106825 0.000102369 6.32725e-05 8.00699e-06 -6.39142e-05 -0.000175021 -0.000327542 -0.000485543 -0.000628863 -0.000767809 -0.000893244 -0.00100934 -0.00111022 -0.00120144 -0.0012493 -0.00127067 -0.00130261 -0.00132746 -0.00133379 -0.00130525 -0.0012916 -0.00128844 -0.00127686 -0.00126359 -0.00124581 -0.00123926 -0.00123154 -0.00123209 -0.0012356 -0.00122947 -0.00122682 -0.00123659 -0.0012466 -0.00123846 -0.00122278 -0.00122685 -0.001241 -0.00123328 -0.00121421 -0.00120688 -0.00121627 
0 1.89946e-05 5.9128e-05 0.000102796 0.000124553 0.000142836 0.000182982 0.000233284 0.000264614 0.000285064 0.000325981 0.00037884 0.000416735 0.000438265 0.000477918 0.000537185 0.000587538 0.00062626 0.00066843 0.000730124 0.000791598 0.000852858 0.000914022 0.000970391 0.0010304 0.00109018 0.00114566 0.00116669 0.00116973 0.00117809 0.00117916 0.00115242 0.00109898 0.00105347 0.00102206 0.00101015 0.00103077 0.00108634 0.00118485 0.00136638 0.00166242 0.00208351 0.00263404 0.00336083 0.00430832 0.00549945 0.00697164 0.00870668 0.0106528 0.0127322 0.0148638 0.0169294 0.0187858 0.0203114 0.0214018 0.0219775 0.0220602 0.0217312 0.0211059 0.0203591 0.0196654 0.0191894 0.0190568 0.0193706 0.0201649 0.0214038 0.0230094 0.0248575 0.0267596 0.0285584 0.0300849 0.0311788 0.0317383 0.0316874 0.030973 0.0295993 0.0275924 0.0250004 0.0219054 0.0184037 0.0146045 0.0106164 0.00656451 0.0025533 -0.00131967 -0.00495509 -0.00827136 -0.0112113 -0.0136962 -0.0156937 -0.0171756 -0.0181173 -0.018531 -0.018441 -0.0178465 -0.0168024 -0.0153473 -0.0135192 -0.0113818 -0.00899237 -0.00639888 -0.00369602 -0.000942718 0.00178724 0.00440949 0.0068652 0.00909251 0.0110015 0.0125545 0.0136902 0.0143487 0.0144964 0.0140991 0.0131232 0.0115845 0.00948131 0.0068366 0.00369321 9.39064e-05 -0.00391284 -0.00825164 -0.0128535 -0.0176346 -0.0225063 -0.027371 -0.0321425 -0.0367286 -0.0410271 -0.0449553 -0.0484159 -0.051291 -0.0534858 -0.0548912 -0.0553851 -0.0549084 -0.0534083 -0.0508808 -0.0473981 -0.0430852 -0.0381053 -0.0326854 -0.0270707 -0.0215196 -0.0162723 -0.0115707 -0.00758632 -0.00440986 -0.00208004 -0.00053248 0.000370006 0.000770905 0.000822332 0.000675779 0.000442873 0.000208918 3.02041e-05 -4.93735e-05 -6.14796e-05 -4.32943e-05 -1.64312e-05 -1.01793e-05 -3.45249e-05 -8.22497e-05 -0.000150736 -0.000262104 -0.000419124 -0.000588359 -0.000748385 -0.000906232 -0.00105087 -0.00118577 -0.00130716 -0.00140847 -0.00147138 -0.00150354 -0.00154383 -0.00157791 -0.00158731 -0.00156886 -0.0015547 -0.00155251 -0.00154308 -0.00152967 -0.00151473 -0.00150514 -0.00149751 -0.00149503 -0.00149315 -0.00148333 -0.00147701 -0.0014841 -0.00149238 -0.00148322 -0.00146842 -0.00147208 -0.00148447 -0.00147841 -0.0014603 -0.00145547 -0.00146444 
0 3.26493e-05 8.16464e-05 0.000131836 0.000164873 0.000191517 0.000233284 0.000280689 0.000312947 0.000339468 0.000379047 0.000432592 0.00047207 0.000502324 0.000550596 0.000613448 0.0006801 0.000731059 0.000790512 0.000863246 0.000934843 0.00101097 0.00107404 0.00114035 0.0012015 0.00126045 0.00131246 0.00132941 0.00133731 0.0013429 0.00134401 0.00132152 0.00127649 0.00123701 0.00121794 0.00122221 0.00126325 0.00134701 0.0014823 0.00172108 0.00208229 0.00259591 0.00327455 0.0041584 0.0053061 0.00674255 0.00849867 0.0105587 0.0128598 0.0153168 0.0178349 0.0202632 0.0224589 0.0242637 0.0255499 0.0262458 0.0263482 0.0259469 0.0251806 0.0242316 0.0233003 0.0225814 0.0222108 0.0223169 0.0229368 0.0240442 0.0255616 0.0273547 0.0292341 0.0310307 0.0325607 0.0336565 0.0342095 0.0341304 0.0333712 0.0319362 0.029859 0.0271863 0.0240173 0.020439 0.0165572 0.012481 0.00832847 0.00418937 0.000179531 -0.00361161 -0.00709779 -0.0102071 -0.0128639 -0.0150414 -0.0166945 -0.0178028 -0.0183754 -0.0184335 -0.0179672 -0.0170173 -0.0156304 -0.0138527 -0.0117278 -0.0093283 -0.00672076 -0.00398581 -0.00119279 0.00156126 0.00419894 0.00665493 0.00885707 0.010711 0.0121778 0.0132079 0.0137462 0.0137468 0.0131964 0.0120623 0.0103483 0.00806345 0.00523757 0.00189827 -0.00189125 -0.00608686 -0.0106228 -0.015433 -0.0204376 -0.0255729 -0.030739 -0.0358549 -0.0408268 -0.0455514 -0.0499218 -0.0538369 -0.0571615 -0.0597714 -0.0615404 -0.0623254 -0.0620291 -0.0605878 -0.0579817 -0.0542689 -0.0495921 -0.0441197 -0.0381102 -0.0318392 -0.0255926 -0.0196556 -0.0142981 -0.0097082 -0.00601916 -0.00326426 -0.00138161 -0.000247848 0.000311572 0.000457074 0.000355047 0.000140626 -8.71856e-05 -0.000260373 -0.000328789 -0.000325325 -0.000277867 -0.000220172 -0.000188247 -0.000182086 -0.000211286 -0.000269804 -0.000377162 -0.000533712 -0.000710585 -0.000883201 -0.00105433 -0.00121143 -0.00135832 -0.00149482 -0.0016005 -0.00167797 -0.00172135 -0.00176936 -0.00181221 -0.00182644 -0.00182448 -0.00181482 -0.00181835 -0.00181545 -0.00180525 -0.00179539 -0.00178394 -0.00177747 -0.00177199 -0.00176322 -0.0017475 -0.00173425 -0.0017327 -0.00173492 -0.00172301 -0.00170886 -0.00170914 -0.00171599 -0.00171334 -0.0017004 -0.00170426 -0.00171736 
0 3.94872e-05 8.81203e-05 0.000139666 0.000179946 0.000218755 0.000264614 0.000312947 0.000355623 0.000390874 0.000441841 0.000496267 0.000546221 0.000593928 0.000644366 0.000718781 0.000782826 0.000850313 0.000918242 0.000990165 0.00108081 0.00114949 0.00122932 0.00129167 0.00135505 0.00142126 0.00145525 0.00148697 0.00148844 0.00149695 0.0014972 0.00147526 0.00144653 0.00141921 0.00141695 0.00145346 0.00152826 0.00164882 0.00185368 0.0021488 0.00260616 0.00321974 0.00403715 0.00510315 0.0064518 0.00815325 0.0102046 0.012599 0.0152671 0.0181245 0.0210251 0.0238415 0.026368 0.0284466 0.0299237 0.0307089 0.0308103 0.030308 0.02936 0.0281658 0.0269566 0.0259098 0.0252377 0.0250287 0.02536 0.0262191 0.0275314 0.0291441 0.0309174 0.0326228 0.0340891 0.0351581 0.0356822 0.0355858 0.0348352 0.0334152 0.0313635 0.0287592 0.0256534 0.0221615 0.0183719 0.0143888 0.010294 0.00621819 0.0022311 -0.00155435 -0.00506131 -0.00820043 -0.0109434 -0.0132055 -0.0149889 -0.01627 -0.0170272 -0.017231 -0.0169572 -0.0162012 -0.0149887 -0.0133561 -0.0113965 -0.00914916 -0.00670105 -0.00411426 -0.00149556 0.00111363 0.00361062 0.00590004 0.00789695 0.00959109 0.0108747 0.0116974 0.0120226 0.0118443 0.0111066 0.00983007 0.00799131 0.00561257 0.0026977 -0.000690653 -0.00453737 -0.00876786 -0.0133344 -0.0181714 -0.0232425 -0.0284507 -0.0337526 -0.0390603 -0.0442753 -0.049305 -0.0540439 -0.0583447 -0.0620863 -0.0651174 -0.067257 -0.0683827 -0.0683415 -0.0670494 -0.0644766 -0.0606775 -0.0557494 -0.0499293 -0.0434442 -0.03662 -0.0297716 -0.0232278 -0.017265 -0.0121308 -0.00795314 -0.00478098 -0.00257088 -0.00117144 -0.000433294 -0.000154834 -0.000173281 -0.000333993 -0.000532626 -0.000662969 -0.000721362 -0.000681383 -0.000598711 -0.000513416 -0.000434129 -0.000403956 -0.000397161 -0.000439955 -0.000534594 -0.000677487 -0.000847055 -0.00103009 -0.00119621 -0.00136716 -0.00152485 -0.00166741 -0.00179829 -0.00187764 -0.0019548 -0.0020063 -0.0020547 -0.00208366 -0.0020811 -0.00208711 -0.00208118 -0.00208283 -0.00207268 -0.00205712 -0.002047 -0.00203652 -0.00203236 -0.00202192 -0.0020074 -0.00199509 -0.00199201 -0.00198903 -0.0019828 -0.0019732 -0.0019718 -0.00197511 -0.00196696 -0.00196083 -0.0019596 -0.00196871 
0 4.21087e-05 8.86032e-05 0.000133307 0.000183486 0.000231192 0.000285064 0.000339468 0.000390874 0.000450245 0.000505009 0.000572457 0.000632696 0.000695439 0.000763312 0.000825195 0.000905628 0.000970065 0.00104798 0.00112588 0.00120652 0.00129589 0.00135887 0.00143437 0.00149646 0.00155689 0.00160109 0.00162348 0.00164352 0.00164756 0.00164685 0.00163411 0.00162003 0.00160667 0.00163374 0.00170043 0.0018207 0.00200711 0.00227499 0.00268131 0.0032289 0.00397261 0.00495026 0.00619324 0.00777343 0.00974026 0.0121009 0.0148505 0.0179063 0.021166 0.0244908 0.0276688 0.030539 0.0328751 0.0345061 0.0353683 0.0354293 0.0347813 0.0336129 0.0321185 0.0305439 0.0291252 0.0280369 0.0274364 0.0273844 0.0278884 0.028883 0.030235 0.0317787 0.0333277 0.034684 0.0356819 0.0361921 0.0361188 0.0354208 0.0341043 0.0322047 0.029764 0.0268787 0.0236147 0.0200504 0.0162968 0.0124467 0.00857235 0.00479709 0.00118402 -0.00219838 -0.00526698 -0.0079764 -0.0102942 -0.0121527 -0.0135385 -0.0144529 -0.0148969 -0.0148501 -0.014316 -0.0133643 -0.0120559 -0.0103932 -0.00845936 -0.00634937 -0.00409921 -0.00179364 0.000448603 0.00258274 0.00454932 0.00625789 0.00761911 0.00858241 0.00912992 0.00922384 0.00880543 0.00789257 0.00647859 0.00454752 0.0021338 -0.000738769 -0.00407568 -0.0078109 -0.0119176 -0.0163676 -0.0210966 -0.0260505 -0.0312035 -0.0364806 -0.0418219 -0.0471552 -0.0523819 -0.05737 -0.0619965 -0.0661033 -0.0695059 -0.07204 -0.0735279 -0.073797 -0.0727458 -0.0703163 -0.0665205 -0.0614969 -0.0554256 -0.0485949 -0.0413354 -0.0339858 -0.0269198 -0.0204477 -0.014807 -0.0101936 -0.00663708 -0.00408514 -0.00244163 -0.00148865 -0.00105458 -0.000957413 -0.00102673 -0.00114818 -0.0012292 -0.00123006 -0.00116069 -0.00103613 -0.000904977 -0.000801686 -0.000713917 -0.000677482 -0.000684022 -0.000744396 -0.000855995 -0.00100368 -0.00117127 -0.00133923 -0.00150944 -0.00167681 -0.00184294 -0.00197326 -0.00209133 -0.00217896 -0.0022489 -0.0023074 -0.00233271 -0.00235637 -0.00235114 -0.00235211 -0.00234847 -0.00233234 -0.00231869 -0.00229622 -0.00228982 -0.00228159 -0.00227292 -0.00226586 -0.00226051 -0.00225977 -0.00225844 -0.00225532 -0.00225397 -0.00225214 -0.00224607 -0.00224036 -0.00222889 -0.00222505 -0.00221938 
0 5.58757e-05 0.000103412 0.000153467 0.00020791 0.00027002 0.000325981 0.000379047 0.000441841 0.000505009 0.000571501 0.000632667 0.000703766 0.00078522 0.000853548 0.000930378 0.00100311 0.00108949 0.00117493 0.00125092 0.00135052 0.00142753 0.00151154 0.00158042 0.00164671 0.00171459 0.00173979 0.0017764 0.0017866 0.00179121 0.00178944 0.00178368 0.0017966 0.00181503 0.00187303 0.00199217 0.00216714 0.00241331 0.00278239 0.00327327 0.00395362 0.00483374 0.00598827 0.00745731 0.00928132 0.0115511 0.0142484 0.017365 0.0208179 0.0245039 0.0282185 0.0317845 0.0349597 0.037527 0.0392948 0.0401742 0.0401536 0.0393196 0.037865 0.0360107 0.0340265 0.0321213 0.0305603 0.0294565 0.0289202 0.0289829 0.0295878 0.0305845 0.0318698 0.0331967 0.0343938 0.035318 0.0358112 0.0357947 0.0352441 0.0341276 0.0324664 0.0303282 0.0277459 0.0248169 0.0216156 0.0182454 0.0147561 0.0112653 0.00782536 0.00450991 0.00137118 -0.00149915 -0.00410987 -0.00636152 -0.00824721 -0.00974699 -0.0108182 -0.0114125 -0.0116342 -0.0114474 -0.010872 -0.00994508 -0.00873927 -0.00728033 -0.00566391 -0.00391749 -0.00215955 -0.000418468 0.00122745 0.0026815 0.00386616 0.00481721 0.00540805 0.00560274 0.0053819 0.00473731 0.00362921 0.00211159 0.000144195 -0.00222883 -0.00500687 -0.00815555 -0.0116817 -0.0155331 -0.0197116 -0.0241733 -0.0289122 -0.0338595 -0.0390005 -0.0442643 -0.0495752 -0.0548626 -0.060011 -0.0648597 -0.0692731 -0.073043 -0.0759379 -0.077806 -0.0784139 -0.0776383 -0.0754136 -0.0717434 -0.0667027 -0.0605391 -0.0534829 -0.0459056 -0.0381743 -0.030689 -0.0237708 -0.0177184 -0.0127085 -0.00879357 -0.00594234 -0.00402126 -0.0028604 -0.00224151 -0.00199982 -0.00195538 -0.00198868 -0.00198101 -0.00193793 -0.00180451 -0.00162542 -0.00144849 -0.00127264 -0.00114073 -0.00104084 -0.00100654 -0.00102631 -0.00109318 -0.0012068 -0.0013576 -0.00150024 -0.00166783 -0.00183296 -0.00199175 -0.00214205 -0.00225699 -0.00238096 -0.00245741 -0.00252436 -0.00257519 -0.00260109 -0.00262177 -0.0026156 -0.00262015 -0.00260993 -0.00259198 -0.00257914 -0.00256692 -0.00256044 -0.00254842 -0.00254126 -0.00253759 -0.00252983 -0.00252044 -0.00251625 -0.00251527 -0.00250979 -0.00250022 -0.0024946 -0.00249363 -0.00248719 -0.00247719 
0 7.0527e-05 0.000128073 0.000179981 0.000248346 0.00031863 0.00037884 0.000432592 0.000496267 0.000572457 0.000632667 0.000694287 0.000766773 0.000856075 0.00094009 0.00101217 0.00110623 0.00120388 0.00130699 0.00139571 0.00148982 0.00158351 0.00165563 0.00172906 0.00178888 0.00184326 0.00186963 0.00189589 0.00191878 0.00192628 0.00193388 0.00195315 0.00200274 0.00205934 0.00216832 0.00233817 0.00257908 0.00291148 0.00336844 0.0039899 0.00479242 0.00583569 0.00718943 0.00889024 0.0110014 0.013597 0.0166616 0.0201799 0.0240525 0.0281496 0.0322661 0.0361548 0.0396034 0.0423489 0.0441933 0.0450607 0.0449185 0.0438497 0.0420651 0.0397831 0.0372838 0.0348326 0.0326801 0.0310041 0.0299168 0.0294716 0.0296183 0.0302335 0.031187 0.0322786 0.0333229 0.0341771 0.0346992 0.0348002 0.0344337 0.0335837 0.0322576 0.0304899 0.02834 0.0258687 0.0231354 0.0202447 0.017252 0.0142226 0.0112365 0.00832763 0.00553481 0.00293257 0.000530536 -0.00161497 -0.00344934 -0.0049678 -0.00615815 -0.00700358 -0.00751848 -0.00767913 -0.00754064 -0.00715214 -0.00650406 -0.00565205 -0.0046851 -0.00360671 -0.00250213 -0.00145849 -0.000498864 0.000326543 0.000946056 0.00132836 0.00141151 0.00119349 0.000658006 -0.000244708 -0.00150707 -0.00310607 -0.00506915 -0.0073496 -0.00993606 -0.0128445 -0.0160511 -0.0195519 -0.0233721 -0.0274768 -0.0318577 -0.036503 -0.0413784 -0.0464382 -0.0516362 -0.0568947 -0.0620963 -0.067101 -0.0717475 -0.0758036 -0.0790478 -0.081267 -0.082218 -0.0817496 -0.0797747 -0.0762657 -0.0713233 -0.0651458 -0.0580019 -0.0502502 -0.0422693 -0.0344823 -0.0272313 -0.0208173 -0.0154643 -0.0112249 -0.0080687 -0.0059083 -0.00452708 -0.00373417 -0.00334566 -0.00317311 -0.00308897 -0.002988 -0.00284948 -0.00264429 -0.00238758 -0.00212915 -0.00188879 -0.00166852 -0.00150783 -0.00141003 -0.0013709 -0.00138441 -0.00145231 -0.00156796 -0.00169185 -0.00184233 -0.00200002 -0.00215879 -0.00229596 -0.00243012 -0.00255591 -0.00264666 -0.00272425 -0.00278439 -0.00284422 -0.00287197 -0.00288702 -0.00289917 -0.00289735 -0.00289128 -0.00287583 -0.00286786 -0.00285012 -0.00283086 -0.00282031 -0.00281144 -0.00279587 -0.00277744 -0.00277168 -0.00277335 -0.00276624 -0.00275314 -0.00275443 -0.00275979 -0.00275625 -0.00274051 
0 8.11288e-05 0.000142361 0.000200257 0.000274382 0.000354375 0.000416735 0.00047207 0.000546221 0.000632696 0.000703766 0.000766773 0.000847945 0.000949762 0.00104159 0.00112215 0.0012199 0.00133159 0.00144003 0.00152869 0.00162294 0.00171389 0.00179026 0.00185941 0.00191612 0.0019638 0.00198381 0.00201177 0.0020394 0.00205479 0.00207598 0.00212439 0.00221822 0.00233326 0.00250389 0.00275015 0.00307714 0.00350835 0.00408477 0.00483646 0.00579429 0.00702052 0.00859875 0.0105731 0.0130002 0.0159507 0.0194055 0.0233275 0.0276109 0.0321061 0.0365759 0.040764 0.0444279 0.047298 0.0491689 0.0499528 0.0496196 0.048252 0.0460572 0.0432767 0.0402041 0.0371241 0.0343272 0.032009 0.0303094 0.0293079 0.0289671 0.0291725 0.0298104 0.030677 0.0315928 0.0324206 0.0330136 0.0332783 0.0331678 0.0326489 0.0317182 0.0304086 0.0287622 0.026833 0.0246749 0.0223675 0.0199425 0.0174603 0.0149791 0.0125272 0.0101452 0.00789867 0.00578138 0.0038423 0.00210708 0.000573364 -0.000727152 -0.00177138 -0.00260471 -0.0031972 -0.00356623 -0.00374969 -0.00375851 -0.00362778 -0.00342274 -0.00314382 -0.00285824 -0.00260833 -0.00241669 -0.00234502 -0.00243934 -0.00268567 -0.00314851 -0.00383827 -0.00475213 -0.00591557 -0.00732723 -0.00896195 -0.0108584 -0.0129898 -0.0153535 -0.0179664 -0.0208246 -0.0239258 -0.0273078 -0.0309653 -0.0349146 -0.0391581 -0.0436875 -0.0484681 -0.0534607 -0.0586028 -0.0637833 -0.0688591 -0.0736664 -0.0779589 -0.0814858 -0.0840183 -0.0852857 -0.085114 -0.083405 -0.0801167 -0.0753301 -0.0692475 -0.062121 -0.0543082 -0.0462015 -0.0382243 -0.0307358 -0.0240591 -0.0184253 -0.0139069 -0.0104898 -0.0080867 -0.00649806 -0.0055213 -0.0049728 -0.00466113 -0.00444692 -0.00422959 -0.00398755 -0.00368113 -0.0033264 -0.00297084 -0.00262907 -0.00231791 -0.00207241 -0.00190469 -0.00180101 -0.00175139 -0.00176606 -0.00183553 -0.00192351 -0.00204727 -0.00218613 -0.00232883 -0.00246213 -0.00259996 -0.00274002 -0.0028421 -0.0029285 -0.00300694 -0.00308076 -0.00312549 -0.00314713 -0.00316556 -0.00317153 -0.00316962 -0.00316314 -0.00315512 -0.00313565 -0.00311271 -0.00310254 -0.00309616 -0.00307507 -0.00305238 -0.00304497 -0.00304679 -0.00303498 -0.00301579 -0.00301886 -0.0030296 -0.00302733 -0.00300839 
0 8.12443e-05 0.000140002 0.000201424 0.000279343 0.000369226 0.000438265 0.000502324 0.000593928 0.000695439 0.00078522 0.000856075 0.000949762 0.00106509 0.0011634 0.00125308 0.00134803 0.00146681 0.00157188 0.0016533 0.00174257 0.00182292 0.00190184 0.00196221 0.00201534 0.00205991 0.00208213 0.00212471 0.00216806 0.0022057 0.00225177 0.00233703 0.00247785 0.0026564 0.00289336 0.00322393 0.00365141 0.00420082 0.00492359 0.00583239 0.00698038 0.0084233 0.010256 0.0125326 0.0152988 0.0186195 0.0224726 0.0267972 0.0314796 0.0363486 0.0411337 0.0455773 0.0493988 0.0523321 0.0541659 0.0547947 0.0541954 0.0524502 0.049763 0.0464036 0.0426876 0.0389218 0.0354394 0.0324498 0.0301204 0.0285456 0.0277049 0.0274965 0.0278264 0.0284949 0.0293304 0.0301909 0.0309184 0.0314073 0.0316042 0.0314662 0.030984 0.0301942 0.0291168 0.0277948 0.0262668 0.0245875 0.0227708 0.0208791 0.0189466 0.0170032 0.0150814 0.0132317 0.0114341 0.00973628 0.00813917 0.0066317 0.00523448 0.00397787 0.00281513 0.00178053 0.000867821 5.34773e-05 -0.000682233 -0.00134565 -0.00197819 -0.00257542 -0.00318947 -0.0038253 -0.00449619 -0.00524432 -0.00610123 -0.00703515 -0.00810083 -0.00929298 -0.0105963 -0.0120187 -0.0135755 -0.0152395 -0.0170537 -0.0190102 -0.0211231 -0.0234076 -0.0258884 -0.028565 -0.031483 -0.0346584 -0.0381291 -0.0419106 -0.046031 -0.050471 -0.0552012 -0.0601663 -0.0652571 -0.070322 -0.0751952 -0.0796293 -0.083356 -0.0861376 -0.0876839 -0.0877958 -0.0863548 -0.0833081 -0.0787122 -0.0727784 -0.0657436 -0.057966 -0.0498454 -0.0417954 -0.0341829 -0.0273464 -0.0215122 -0.0167777 -0.0131482 -0.0105311 -0.0087561 -0.00760557 -0.00689696 -0.00643761 -0.00607959 -0.00572837 -0.00536516 -0.00494075 -0.00447667 -0.00401255 -0.00355473 -0.00313988 -0.0027884 -0.00252694 -0.00233253 -0.00219598 -0.00213508 -0.00214001 -0.00218082 -0.00227123 -0.0023884 -0.00251313 -0.00264617 -0.00278633 -0.00294039 -0.00305237 -0.00314448 -0.0032371 -0.00331608 -0.00337563 -0.00340097 -0.00342398 -0.00343556 -0.00343521 -0.00343706 -0.00342777 -0.00340961 -0.00338682 -0.00338018 -0.00337951 -0.00335941 -0.00333977 -0.00333768 -0.00334399 -0.00333037 -0.00330599 -0.00330489 -0.00331447 -0.00330604 -0.0032793 
0 8.51028e-05 0.000154997 0.00021768 0.000309751 0.000401158 0.000477918 0.000550596 0.000644366 0.000763312 0.000853548 0.00094009 0.00104159 0.0011634 0.00127982 0.00136304 0.00147328 0.00158619 0.00169299 0.00177905 0.00185109 0.00194422 0.00200989 0.00207497 0.00212413 0.00215888 0.00219934 0.00224409 0.00231262 0.00237302 0.00244986 0.00258156 0.00277971 0.0030274 0.0033536 0.00377448 0.00431708 0.00501234 0.00588296 0.00699315 0.00834769 0.0100507 0.0121798 0.014787 0.0179305 0.0216381 0.0258886 0.0306067 0.035664 0.0408515 0.0459211 0.0505447 0.0544685 0.0573935 0.0591045 0.0594965 0.0585421 0.0563248 0.0530734 0.0490742 0.0446538 0.0401919 0.0359883 0.0323225 0.0293634 0.0272203 0.0258869 0.0253129 0.0253576 0.0258834 0.0266975 0.0276379 0.0285577 0.0293393 0.0298958 0.0301994 0.030233 0.0299921 0.0295205 0.0288267 0.0279362 0.0268848 0.0257101 0.0244154 0.0230621 0.0216545 0.0202189 0.0187636 0.0173087 0.0158335 0.014372 0.0129064 0.0114394 0.00994795 0.00847254 0.00700506 0.00553139 0.00403095 0.00255847 0.0010728 -0.000435857 -0.00195529 -0.00347138 -0.0050398 -0.0066288 -0.0082351 -0.00985318 -0.0115167 -0.0131949 -0.0148812 -0.0165617 -0.018268 -0.0199664 -0.0216845 -0.0234301 -0.0252214 -0.02707 -0.0290371 -0.0311162 -0.0333618 -0.0358168 -0.0385167 -0.0414959 -0.0448267 -0.0485159 -0.0525788 -0.0570093 -0.0617387 -0.0666622 -0.0716481 -0.0765008 -0.0809733 -0.0848268 -0.0877621 -0.0895208 -0.0898732 -0.0886774 -0.0858577 -0.081492 -0.0757231 -0.0688415 -0.0611715 -0.0531192 -0.0450977 -0.0374769 -0.0305757 -0.0246415 -0.0197711 -0.0159726 -0.0131971 -0.0112445 -0.00994398 -0.00908579 -0.00848443 -0.00798533 -0.00751107 -0.00700737 -0.00646544 -0.00587663 -0.00527627 -0.00469983 -0.0041433 -0.00367986 -0.00329816 -0.00299293 -0.00275789 -0.00260223 -0.00252405 -0.00250849 -0.00254482 -0.00262401 -0.00272332 -0.00282802 -0.00297716 -0.0031194 -0.003246 -0.00334598 -0.00343961 -0.00354249 -0.00360158 -0.00365123 -0.00367936 -0.0036993 -0.00371522 -0.00371618 -0.00371859 -0.00369723 -0.00368041 -0.00367873 -0.00367494 -0.00365574 -0.00362958 -0.003628 -0.00363236 -0.00361433 -0.00358656 -0.00358131 -0.00359174 -0.00358369 -0.00355861 
0 9.74655e-05 0.000173235 0.000257694 0.000349813 0.000455308 0.000537185 0.000613448 0.000718781 0.000825195 0.000930378 0.00101217 0.00112215 0.00125308 0.00136304 0.00147075 0.00156922 0.00169889 0.00180688 0.00189165 0.00197803 0.00205297 0.0021368 0.00219032 0.00223835 0.0022757 0.00231511 0.00238035 0.00246161 0.00255328 0.00267366 0.00286499 0.00312925 0.00347928 0.00389696 0.00444099 0.00511891 0.00596274 0.00703213 0.00833136 0.00994407 0.0119288 0.0143796 0.01736 0.0208984 0.0250064 0.0296634 0.0347522 0.0401441 0.0456201 0.0508732 0.0556291 0.0595484 0.0623675 0.0638668 0.0639188 0.0625141 0.0597678 0.0558863 0.0512073 0.0460858 0.0408879 0.0359837 0.031638 0.02806 0.0253751 0.0236112 0.0227013 0.022559 0.0230005 0.0238506 0.0249402 0.0261089 0.0272205 0.0282136 0.0290116 0.0295846 0.0299405 0.0300679 0.0299798 0.0297188 0.0292939 0.0287203 0.0280422 0.0272557 0.0263677 0.0253933 0.0243337 0.0231736 0.021929 0.0205769 0.0191115 0.0175468 0.015893 0.014098 0.0121677 0.0101399 0.00802536 0.00579159 0.0034842 0.00113231 -0.00127539 -0.00374175 -0.00620333 -0.00865847 -0.0111149 -0.0135416 -0.0158745 -0.0181257 -0.0202993 -0.0223801 -0.02435 -0.0262321 -0.0280156 -0.029721 -0.0313803 -0.0330173 -0.0346596 -0.036382 -0.03822 -0.0402265 -0.0424802 -0.0450303 -0.0479179 -0.0512026 -0.0548962 -0.0589817 -0.0634352 -0.0681488 -0.0729795 -0.0777408 -0.0821935 -0.0860526 -0.0890638 -0.0909364 -0.0914455 -0.0904363 -0.0878371 -0.0836702 -0.0781191 -0.0714176 -0.0639084 -0.056004 -0.0480865 -0.0405386 -0.0336805 -0.0277225 -0.0227874 -0.018908 -0.0159902 -0.0139262 -0.0124952 -0.0115143 -0.0107991 -0.0101795 -0.00957957 -0.00895323 -0.00826612 -0.00753666 -0.00679116 -0.00604221 -0.00535552 -0.00473544 -0.00422722 -0.0038002 -0.00344635 -0.00319099 -0.00301473 -0.00292246 -0.00289427 -0.00291652 -0.002961 -0.00304321 -0.00315564 -0.00329768 -0.00341919 -0.00352222 -0.00363814 -0.00373653 -0.00383283 -0.00388954 -0.00393957 -0.00397792 -0.00399841 -0.00402304 -0.00401654 -0.0040045 -0.00398534 -0.00398051 -0.00397618 -0.00394479 -0.00391894 -0.00391011 -0.00391295 -0.00389455 -0.00386574 -0.00386111 -0.00387005 -0.00386526 -0.0038449 
0 9.98397e-05 0.000193599 0.000276702 0.000387612 0.00049065 0.000587538 0.0006801 0.000782826 0.000905628 0.00100311 0.00110623 0.0012199 0.00134803 0.00147328 0.00156922 0.0016859 0.00180273 0.00191387 0.00200701 0.00207564 0.00216296 0.00223006 0.00229134 0.00233795 0.00237108 0.00243505 0.00251216 0.0026272 0.00276427 0.00294528 0.00321337 0.00356947 0.00401786 0.00456687 0.00523669 0.00607106 0.00710844 0.00837165 0.00992654 0.0118045 0.0141105 0.0169141 0.020272 0.0242172 0.0287272 0.0337603 0.0392002 0.0448907 0.0505683 0.0559636 0.0607223 0.064543 0.0671409 0.068305 0.067924 0.0660041 0.0626583 0.0581351 0.0527678 0.0469179 0.0410243 0.0354119 0.0304218 0.0262785 0.023115 0.0209714 0.0198361 0.0195492 0.0199902 0.0209591 0.0222607 0.0237418 0.0252646 0.0267117 0.0280248 0.0291635 0.0300887 0.030813 0.0313322 0.0316662 0.0318165 0.0318354 0.031699 0.0314288 0.0310198 0.0304686 0.0297284 0.0288401 0.0277546 0.0264903 0.0250372 0.0233733 0.021454 0.0193559 0.0170393 0.0145003 0.0117512 0.00885749 0.00580339 0.00263328 -0.00063218 -0.00391444 -0.00723274 -0.0105336 -0.013754 -0.0168435 -0.0198451 -0.0226716 -0.0253104 -0.0277529 -0.0300119 -0.0320636 -0.0339606 -0.0356707 -0.0372413 -0.0387013 -0.0401155 -0.04152 -0.0430179 -0.0446594 -0.0465295 -0.0486787 -0.0511912 -0.0540935 -0.0574278 -0.061201 -0.0653631 -0.0698277 -0.0744687 -0.0790718 -0.0834017 -0.0872126 -0.0901811 -0.092078 -0.0926593 -0.0917591 -0.0893056 -0.0853452 -0.0799796 -0.0735003 -0.0662013 -0.0584836 -0.0507399 -0.0433365 -0.0365748 -0.0306781 -0.0257596 -0.0218458 -0.0188878 -0.0167366 -0.0152359 -0.0141666 -0.0133549 -0.0126359 -0.011931 -0.0111676 -0.0103503 -0.00946877 -0.0085477 -0.00763956 -0.00676519 -0.00599309 -0.00532143 -0.00474859 -0.004271 -0.00388875 -0.00360604 -0.00342853 -0.00331928 -0.00327471 -0.00326665 -0.00329497 -0.00338811 -0.00349259 -0.00361414 -0.0037204 -0.00383103 -0.00395567 -0.00405055 -0.00413815 -0.00419476 -0.00424095 -0.00428246 -0.00430159 -0.00431295 -0.00429571 -0.00428381 -0.00428185 -0.00426783 -0.00424494 -0.00421151 -0.00420625 -0.0042047 -0.00418614 -0.00416482 -0.0041529 -0.00416248 -0.00415199 -0.00413537 
0 0.000105247 0.000201786 0.000300793 0.000407847 0.000519958 0.00062626 0.000731059 0.000850313 0.000970065 0.00108949 0.00120388 0.00133159 0.00146681 0.00158619 0.00169889 0.00180273 0.00191863 0.0020191 0.00210033 0.0021677 0.00223249 0.00230602 0.00236572 0.00242171 0.00247442 0.00256281 0.00267948 0.00283572 0.00303041 0.00328673 0.00364254 0.0040897 0.0046656 0.00534313 0.00617456 0.00719134 0.00843453 0.00995134 0.0117662 0.0139654 0.0166206 0.0198005 0.0235612 0.0279133 0.032804 0.0381898 0.0439195 0.0498297 0.0556455 0.0610546 0.0657397 0.0693434 0.0716131 0.07235 0.0714481 0.0689302 0.0649542 0.0597524 0.0536913 0.0471564 0.0405788 0.0343299 0.0287571 0.0241147 0.0205491 0.0181294 0.0168216 0.0165033 0.0170148 0.0181654 0.0197496 0.0216024 0.0235555 0.0255081 0.0273504 0.0290322 0.0305224 0.0318036 0.0328734 0.0337718 0.0344697 0.0349954 0.0353466 0.0355027 0.0354616 0.0352273 0.0347608 0.0340758 0.0331323 0.031901 0.0303833 0.028575 0.0264617 0.0240511 0.021322 0.0183208 0.0150735 0.0115627 0.00783977 0.00398457 -4.70475e-06 -0.00405929 -0.008092 -0.0120722 -0.0159629 -0.019701 -0.0232543 -0.0265706 -0.0296484 -0.0324737 -0.0350113 -0.0372653 -0.0392659 -0.0410061 -0.0425526 -0.0439368 -0.0451962 -0.0464133 -0.0476679 -0.0490119 -0.050574 -0.0524139 -0.0546015 -0.0571979 -0.0602366 -0.0637044 -0.0675907 -0.071798 -0.0762033 -0.0806017 -0.0847674 -0.0884215 -0.0912823 -0.0930993 -0.0936519 -0.0927764 -0.0904158 -0.0865869 -0.0814097 -0.0751301 -0.068046 -0.0605493 -0.0530062 -0.0457971 -0.0392075 -0.0334383 -0.0286101 -0.0247559 -0.0217897 -0.019629 -0.0180835 -0.0169594 -0.0160893 -0.0152997 -0.0145128 -0.0136514 -0.0127077 -0.0116834 -0.0105962 -0.00949063 -0.00844126 -0.00746945 -0.00662155 -0.00588371 -0.00525093 -0.0047342 -0.0043204 -0.00403744 -0.00383439 -0.003708 -0.00363284 -0.00361914 -0.00366409 -0.00374544 -0.00384691 -0.00394396 -0.00405521 -0.00416535 -0.00427736 -0.00436264 -0.00442978 -0.0044865 -0.00453329 -0.00457366 -0.00458677 -0.00458952 -0.00458568 -0.00458667 -0.00457723 -0.00455236 -0.00452689 -0.00451298 -0.00450533 -0.00448598 -0.00446529 -0.00445373 -0.00445406 -0.00444417 -0.00443027 
