0 0 0 0 0 0 0 0 0 0 0 0 0 0 0 0 0 0 0 0 0 0 0 0 0 0 0 0 0 0 0 0 0 0 0 0 0 0 0 0 0 0 0 0 0 0 0 0 0 0 0 0 0 0 0 0 0 0 0 0 0 0 0 0 0 0 0 0 0 0 0 0 0 0 0 0 0 0 0 0 0 0 0 0 0 0 0 0 0 0 0 0 0 0 0 0 0 0 0 0 0 0 0 0 0 0 0 0 0 0 0 0 0 0 0 0 0 0 0 0 0 0 0 0 0 0 0 0 0 0 0 0 0 0 0 0 0 0 0 0 0 0 0 0 0 0 0 0 0 0 0 0 0 0 0 0 0 0 0 0 0 0 0 0 0 0 0 0 0 0 0 0 0 0 0 0 0 0 0 0 0 0 0 0 0 0 0 0 0 0 0 0 0 0 0 0 0 0 0 0 
0 1.00893e-05 1.28708e-05 1.95412e-05 2.57251e-05 3.59752e-05 3.65222e-05 3.56772e-05 3.93772e-05 4.1598e-05 4.4739e-05 4.37045e-05 4.75392e-05 4.97087e-05 5.51116e-05 6.13464e-05 6.88874e-05 7.56877e-05 8.45091e-05 0.000102698 0.00011056 0.000121245 0.0001273 0.000144988 0.000156813 0.000154757 0.000165928 0.00017045 0.000186365 0.000189152 0.000194705 0.000202935 0.000201825 0.000211432 0.000215314 0.000213116 0.000207257 0.000208433 0.000212131 0.000224097 0.000235613 0.000277634 0.00033653 0.000426687 0.000566287 0.000731212 0.00094765 0.00121013 0.00154004 0.00193114 0.00239112 0.00291204 0.00348783 0.00409148 0.00471872 0.00533291 0.00589258 0.00638059 0.00675679 0.00700733 0.00712525 0.00713239 0.00702023 0.00683349 0.00658239 0.0062853 0.00595465 0.00560466 0.00521397 0.00479356 0.00432377 0.00379594 0.00321451 0.00257167 0.00187847 0.00114373 0.000376645 -0.000407316 -0.00118291 -0.00194321 -0.0026472 -0.00328984 -0.00384381 -0.00430154 -0.00464835 -0.00489342 -0.00502642 -0.00506486 -0.00499759 -0.00486103 -0.00465647 -0.00439027 -0.00406965 -0.0037223 -0.00334189 -0.00296104 -0.00256288 -0.00215624 -0.00175788 -0.00136671 -0.000953191 -0.0005553 -0.000157564 0.000249679 0.000664893 0.00107617 0.00150025 0.00191841 0.00234775 0.0027638 0.00315572 0.00351194 0.00383567 0.00409647 0.00429278 0.00438816 0.00438404 0.00425395 0.0039841 0.00356243 0.00299793 0.00227042 0.00141205 0.000426606 -0.000662796 -0.00182757 -0.00303629 -0.00426133 -0.00544985 -0.00656267 -0.00754416 -0.00834373 -0.00892863 -0.00926128 -0.00934655 -0.00918856 -0.00881633 -0.00826352 -0.00758718 -0.00681363 -0.00600949 -0.0052084 -0.00445454 -0.0037673 -0.00318321 -0.00268632 -0.00227641 -0.00195119 -0.00167951 -0.0014543 -0.00126563 -0.00109667 -0.000932742 -0.000781737 -0.000629054 -0.000500767 -0.00037782 -0.000289564 -0.000221507 -0.000163546 -0.00013679 -0.000125998 -0.000132023 -0.000148985 -0.000172125 -0.000190167 -0.000209283 -0.00022174 -0.000244001 -0.000244742 -0.000239521 -0.00023757 -0.000228278 -0.000230428 -0.000222766 -0.000225737 -0.000220902 -0.000218515 -0.000224707 -0.000225826 -0.000225222 -0.000222874 -0.00023286 -0.000237562 -0.0002349 -0.000226396 -0.000227293 -0.000229432 -0.000225508 -0.000224443 -0.000221488 -0.000225334 -0.000218901 -0.000215482 -0.000216574 -0.000217569 -0.000223541 -0.000219814 -0.000222506 -0.000220213 
0 1.28708e-05 1.92212e-05 2.02413e-05 3.68426e-05 5.09933e-05 5.59855e-05 6.07119e-05 6.98128e-05 8.53838e-05 9.42399e-05 9.97725e-05 0.000111687 0.000119186 0.000131298 0.000145671 0.000154146 0.000166931 0.000175237 0.00019966 0.000214077 0.000215906 0.000236325 0.000258129 0.000286046 0.000292459 0.000307537 0.000343095 0.000366469 0.000392079 0.000407734 0.000421436 0.000429559 0.000434366 0.000441025 0.000430254 0.000414653 0.00041761 0.000437312 0.000459277 0.000507466 0.000590437 0.000714596 0.000904985 0.00116407 0.00150428 0.00192222 0.00244702 0.00310906 0.00389532 0.00481603 0.00587719 0.00702303 0.00824074 0.00949778 0.0107043 0.0118213 0.0127632 0.013485 0.013955 0.0141618 0.0141385 0.0139143 0.0135126 0.0130061 0.0124022 0.0117169 0.0109955 0.010205 0.00934639 0.00842012 0.00740033 0.00626373 0.00503605 0.00369668 0.00226687 0.000775598 -0.000735819 -0.00226079 -0.00372493 -0.00510031 -0.00636116 -0.00745246 -0.00834131 -0.0090521 -0.0095342 -0.00980317 -0.00990438 -0.00982155 -0.00956308 -0.00917509 -0.00865777 -0.00805291 -0.00739066 -0.00665407 -0.00588211 -0.00510878 -0.00431745 -0.00351356 -0.00271132 -0.00191105 -0.00111539 -0.000299256 0.000521202 0.00132786 0.00216027 0.00301314 0.00384578 0.00467644 0.00548787 0.00624918 0.00696816 0.00758694 0.00806635 0.00842106 0.00860202 0.00855223 0.00828276 0.00773976 0.00689882 0.0057693 0.0043534 0.00264935 0.000717117 -0.00142229 -0.0037169 -0.00610462 -0.00849355 -0.0108308 -0.012997 -0.0148984 -0.0164637 -0.0176107 -0.0182685 -0.0184626 -0.0181732 -0.0174439 -0.0163777 -0.0150296 -0.0135036 -0.0119151 -0.0103358 -0.00884947 -0.00752219 -0.00636819 -0.00541259 -0.0046141 -0.00396917 -0.00344213 -0.0029874 -0.00260396 -0.00226175 -0.00192348 -0.00160403 -0.00130509 -0.00102326 -0.000789253 -0.000604869 -0.000465879 -0.00035995 -0.000295751 -0.000274116 -0.000277794 -0.000298345 -0.000332172 -0.000363402 -0.000382798 -0.000420838 -0.000455255 -0.000471748 -0.000477743 -0.000473852 -0.000482907 -0.000477302 -0.000475728 -0.000476372 -0.000460521 -0.000458852 -0.000458332 -0.000460794 -0.000451584 -0.000441232 -0.000455241 -0.000461771 -0.000452813 -0.000443393 -0.000442769 -0.000451918 -0.000448143 -0.000441564 -0.000448524 -0.000448167 -0.000448978 -0.000441088 -0.000440904 -0.000449282 -0.000444352 -0.000447616 -0.000440651 -0.000441726 
0 1.95412e-05 2.02413e-05 2.90947e-05 4.25256e-05 6.75763e-05 7.47633e-05 8.23286e-05 0.000103917 0.000124959 0.000145669 0.000156355 0.000176607 0.000191954 0.000211789 0.00022926 0.000244598 0.000253477 0.000264094 0.000294964 0.000303274 0.000319502 0.000334115 0.000381893 0.000421856 0.00043219 0.000474103 0.000506365 0.000561502 0.000585922 0.000611518 0.00063838 0.000639487 0.00065803 0.000660776 0.000646898 0.000628929 0.000638042 0.000666805 0.000725214 0.000796132 0.000946882 0.0011492 0.00143722 0.00185333 0.00235113 0.00299289 0.00378138 0.00477463 0.00596336 0.00736498 0.00895517 0.010701 0.0125233 0.0143862 0.0161785 0.0177841 0.0191422 0.0201555 0.0207907 0.0210396 0.0209629 0.0205532 0.0199177 0.019093 0.0181267 0.0170585 0.0159364 0.0147241 0.0134554 0.0120919 0.0106085 0.00900234 0.00724617 0.00535073 0.00333101 0.00121163 -0.000962369 -0.0031241 -0.00523982 -0.00720968 -0.00901522 -0.0105892 -0.0119104 -0.0129457 -0.0137049 -0.0141617 -0.0143527 -0.0142507 -0.0139381 -0.0134253 -0.0127291 -0.0118732 -0.0109235 -0.0098667 -0.0087786 -0.00763009 -0.00644382 -0.00526133 -0.00408537 -0.00285481 -0.00165337 -0.000446796 0.000782566 0.00202697 0.00326005 0.00451207 0.00573476 0.00696457 0.00814458 0.00924372 0.0102324 0.0111057 0.0117848 0.0122592 0.0124411 0.0123273 0.0118639 0.0110186 0.00976283 0.00811364 0.00602214 0.00355362 0.000723503 -0.00240637 -0.00575096 -0.00921201 -0.012696 -0.0160606 -0.0191922 -0.0219488 -0.0242039 -0.0258686 -0.0268437 -0.0271303 -0.0267272 -0.0256991 -0.0241382 -0.0221934 -0.0199609 -0.017632 -0.0153209 -0.0131579 -0.0112097 -0.00956019 -0.00817009 -0.00702291 -0.00609799 -0.00531242 -0.00463944 -0.00405436 -0.00351787 -0.00299621 -0.00251129 -0.00203698 -0.00163174 -0.00126096 -0.000987481 -0.000775612 -0.00059901 -0.000502278 -0.000451174 -0.000444333 -0.000467236 -0.000507963 -0.000540662 -0.00057942 -0.000614137 -0.000677119 -0.000696761 -0.000704908 -0.000719684 -0.000717243 -0.000732397 -0.000720147 -0.000724394 -0.000706615 -0.000694415 -0.000701737 -0.000695666 -0.000680903 -0.000661618 -0.000674068 -0.000679784 -0.000672166 -0.000657678 -0.000667431 -0.000679598 -0.000673679 -0.00067089 -0.000667599 -0.000680403 -0.000672142 -0.000667105 -0.000668246 -0.000666833 -0.000673357 -0.00066133 -0.000665563 -0.000663861 
0 2.57251e-05 3.68426e-05 4.25256e-05 6.82852e-05 9.44457e-05 0.000107361 0.000119756 0.000141607 0.000170187 0.000189314 0.000202135 0.000224988 0.000244578 0.000269342 0.000296657 0.00031504 0.000337676 0.000357038 0.00039801 0.000424249 0.000434914 0.000471069 0.000517166 0.000569037 0.000590027 0.000625084 0.000685591 0.000733869 0.000777466 0.000807567 0.000834849 0.00085108 0.000865446 0.000877219 0.000865755 0.000851933 0.000874857 0.000935741 0.00101648 0.00114782 0.00135175 0.00163931 0.00204966 0.00259882 0.00330135 0.00417121 0.00525677 0.00661289 0.00822796 0.0101108 0.0122532 0.0145596 0.0169749 0.0194186 0.0217319 0.0238116 0.0255197 0.0267686 0.0275094 0.0277339 0.0275024 0.0268676 0.0258928 0.0246929 0.0233087 0.0217929 0.0202289 0.0185965 0.0169077 0.0151584 0.0133004 0.0112867 0.00912256 0.00677447 0.00426235 0.00163261 -0.00104745 -0.00374555 -0.00635597 -0.00882075 -0.0111008 -0.0131147 -0.0148119 -0.0162061 -0.0172267 -0.0178781 -0.018212 -0.0182045 -0.0178771 -0.017293 -0.0164632 -0.0154465 -0.0142894 -0.0129768 -0.0115682 -0.0101067 -0.00858213 -0.0070163 -0.00543284 -0.00383162 -0.00222848 -0.000594142 0.00105208 0.00268001 0.00432524 0.00597611 0.00757232 0.00913015 0.0106174 0.0119886 0.0132408 0.0142914 0.0150716 0.0155833 0.0157465 0.0154864 0.0148076 0.0136433 0.0119635 0.00978334 0.00709659 0.00390997 0.000300519 -0.00368658 -0.00795608 -0.0123842 -0.0168119 -0.0211112 -0.0250858 -0.0285698 -0.0314336 -0.0335411 -0.0347802 -0.0351646 -0.0346684 -0.0333582 -0.0313909 -0.0288874 -0.0260343 -0.0230494 -0.0200896 -0.0173169 -0.0148495 -0.0127281 -0.010969 -0.00950593 -0.00830852 -0.00730451 -0.00642029 -0.0056449 -0.00493007 -0.00422688 -0.00355812 -0.00292864 -0.00234834 -0.001856 -0.00146378 -0.00115849 -0.000919878 -0.00076189 -0.000682613 -0.000655913 -0.000668578 -0.000708132 -0.000747543 -0.000778389 -0.000835622 -0.000895945 -0.000928227 -0.000944409 -0.000949258 -0.000965708 -0.000963571 -0.000959545 -0.000955596 -0.000929223 -0.000923474 -0.0009256 -0.000929124 -0.000911605 -0.000891753 -0.000906261 -0.000913397 -0.000901457 -0.00088984 -0.000895319 -0.000909637 -0.000901721 -0.000888538 -0.00089414 -0.000898222 -0.000901772 -0.000894449 -0.000893118 -0.000898454 -0.000890034 -0.000890682 -0.000884478 -0.000888478 
0 3.59752e-05 5.09933e-05 6.75763e-05 9.44457e-05 0.000128807 0.000145464 0.000158842 0.000184507 0.000211438 0.000232731 0.000246948 0.000271883 0.000296954 0.000326907 0.000356101 0.000384004 0.000410957 0.000445382 0.000500547 0.000535544 0.000568096 0.000606081 0.000671689 0.000729451 0.000755686 0.000805083 0.000856779 0.000918519 0.000953879 0.000984884 0.00101815 0.00103575 0.00106795 0.00109067 0.00109557 0.0011026 0.00115039 0.00123878 0.00137092 0.00154935 0.00183525 0.00222548 0.00276341 0.00349353 0.00439805 0.00553338 0.00693346 0.00866256 0.0107163 0.0130995 0.0157708 0.01865 0.0216248 0.0245975 0.027397 0.0298566 0.0318514 0.0332579 0.0340212 0.0341388 0.0336858 0.0327021 0.0313194 0.0296396 0.0277546 0.025754 0.0237274 0.0216709 0.0196148 0.017522 0.0153408 0.0130321 0.0105546 0.00789454 0.00506247 0.00209359 -0.000952984 -0.00400657 -0.00700212 -0.00984172 -0.0124869 -0.0148568 -0.0169084 -0.0186037 -0.0199168 -0.0208175 -0.021331 -0.0214328 -0.021189 -0.0206276 -0.0197683 -0.0186507 -0.0173402 -0.0158354 -0.0142086 -0.01246 -0.0106138 -0.00871484 -0.00677829 -0.00477232 -0.00276655 -0.000742128 0.00130141 0.00334256 0.00535982 0.00735761 0.00927954 0.0111421 0.0128872 0.0144679 0.0158503 0.0169995 0.0178293 0.0183113 0.0183517 0.0179182 0.0169666 0.0154567 0.0133636 0.0107055 0.00745312 0.00366027 -0.000632351 -0.0053516 -0.0103861 -0.0155951 -0.020823 -0.0258761 -0.0305616 -0.0346759 -0.0380419 -0.0405183 -0.0419808 -0.0424176 -0.0418287 -0.0402961 -0.0379633 -0.0350194 -0.0316464 -0.0281073 -0.0245989 -0.0213144 -0.0183794 -0.0158828 -0.0137963 -0.0120736 -0.01066 -0.0094503 -0.0083842 -0.00742438 -0.00652067 -0.00563345 -0.00478454 -0.00396871 -0.00323685 -0.0025881 -0.00207261 -0.00165994 -0.00132522 -0.00110217 -0.000967118 -0.000908374 -0.000906624 -0.00094021 -0.000976268 -0.00101809 -0.0010684 -0.0011377 -0.00116489 -0.00117379 -0.0011833 -0.00118451 -0.001193 -0.00118204 -0.00117906 -0.00115694 -0.00114712 -0.00115915 -0.00116099 -0.00114653 -0.00112848 -0.00114193 -0.00115006 -0.0011394 -0.0011245 -0.00113247 -0.00114307 -0.00113242 -0.0011201 -0.00111626 -0.00112592 -0.0011222 -0.00111723 -0.00111663 -0.00111465 -0.00111451 -0.00110695 -0.00111035 -0.00111341 
0 3.65222e-05 5.59855e-05 7.47633e-05 0.000107361 0.000145464 0.000169497 0.000189375 0.000219902 0.000253526 0.000281184 0.000304116 0.000335696 0.000369205 0.000403858 0.000437773 0.000467752 0.000500829 0.000542695 0.000600383 0.000644666 0.000679126 0.000726623 0.00079386 0.000858439 0.000900546 0.000956851 0.00102665 0.00109464 0.00114356 0.001182 0.00121956 0.00125018 0.00128902 0.00132393 0.00134666 0.00137971 0.001462 0.00160093 0.00179284 0.00205699 0.00243539 0.00294824 0.00363859 0.0045458 0.00568159 0.00709068 0.00882674 0.0109475 0.0134537 0.0163338 0.0195374 0.0229544 0.0264619 0.0299214 0.033138 0.0359244 0.0381184 0.0395888 0.0402719 0.0401723 0.0393691 0.0379495 0.0360529 0.0338283 0.0313963 0.0288737 0.0263646 0.0238939 0.0214781 0.0190914 0.0166721 0.0141615 0.011515 0.00870027 0.0057135 0.00258536 -0.000634336 -0.003891 -0.00710745 -0.0102016 -0.0131178 -0.0157715 -0.0181042 -0.0200812 -0.0216548 -0.0228035 -0.0235428 -0.0238534 -0.023761 -0.023298 -0.0224846 -0.0213654 -0.0199891 -0.0183694 -0.0165648 -0.0146044 -0.0125056 -0.0103045 -0.00802559 -0.00567405 -0.00329173 -0.000880977 0.00153832 0.0039331 0.00629336 0.00860201 0.0108068 0.0128962 0.0148221 0.0165333 0.0179935 0.0191412 0.0199066 0.0202603 0.0201288 0.0194606 0.0182248 0.0163757 0.0138895 0.0107796 0.0070428 0.00271982 -0.00212642 -0.00742062 -0.0130504 -0.0188657 -0.0246929 -0.0303329 -0.0355613 -0.0401543 -0.0439177 -0.0466796 -0.048314 -0.0487942 -0.0481256 -0.0463969 -0.0437759 -0.0404584 -0.0366731 -0.0326951 -0.028757 -0.025071 -0.0217884 -0.0189887 -0.0166591 -0.0147367 -0.013146 -0.0117806 -0.0105573 -0.00943217 -0.00835139 -0.00727905 -0.00623322 -0.00523023 -0.00430971 -0.00350168 -0.0028374 -0.00229749 -0.00186298 -0.00154816 -0.0013437 -0.00122903 -0.00118558 -0.00118799 -0.00120509 -0.00123341 -0.00128393 -0.00134802 -0.00138403 -0.0014017 -0.00141532 -0.00142886 -0.00143787 -0.00143583 -0.00142931 -0.00140678 -0.00139632 -0.00140143 -0.00140149 -0.00138284 -0.00136523 -0.00137435 -0.00138062 -0.00136864 -0.0013536 -0.00135779 -0.00136631 -0.00135826 -0.00134678 -0.00134641 -0.00135314 -0.00135181 -0.00134611 -0.0013452 -0.0013464 -0.00134409 -0.00133979 -0.0013379 -0.00133819 
0 3.56772e-05 6.07119e-05 8.23286e-05 0.000119756 0.000158842 0.000189375 0.00021651 0.000252178 0.000293958 0.000330075 0.000364325 0.000403226 0.000445808 0.00048641 0.000525955 0.000558943 0.000596969 0.000643544 0.000698388 0.000749291 0.000786503 0.000845274 0.000915253 0.000987461 0.00104854 0.00111142 0.00119746 0.0012696 0.0013325 0.00137967 0.00142254 0.00146946 0.0015171 0.00156865 0.00161668 0.00168744 0.00181686 0.00202145 0.0022937 0.00266834 0.0031662 0.003831 0.00470344 0.00581439 0.00720719 0.00891215 0.0110022 0.0135229 0.0164831 0.0198526 0.0235692 0.0274956 0.0314944 0.0353836 0.0389449 0.0419717 0.0442644 0.0456886 0.0461739 0.0457391 0.0444688 0.0425072 0.0400071 0.0371666 0.0341397 0.0310708 0.0280728 0.0252003 0.0224564 0.0198263 0.0172463 0.0146424 0.0119664 0.00916225 0.00620475 0.00310296 -0.000112581 -0.00340779 -0.00669684 -0.00991464 -0.0129836 -0.0158241 -0.0183644 -0.020573 -0.0223874 -0.0237913 -0.024777 -0.0253362 -0.0254593 -0.0251765 -0.0244973 -0.0234617 -0.0221008 -0.02045 -0.0185451 -0.0164377 -0.0141455 -0.0117022 -0.00913625 -0.00648792 -0.00377647 -0.00103216 0.00171208 0.00441421 0.0070637 0.00961829 0.0120395 0.0142864 0.0163162 0.0180691 0.0195093 0.0205641 0.0211867 0.0213381 0.0209723 0.0200281 0.0184896 0.0163104 0.013471 0.00997156 0.00583463 0.00108495 -0.004193 -0.00991819 -0.0159739 -0.0222084 -0.0284383 -0.0344724 -0.0400686 -0.0449939 -0.0490374 -0.0519995 -0.0537514 -0.0542464 -0.053498 -0.0516025 -0.0487488 -0.0451394 -0.0410458 -0.0367432 -0.032496 -0.0285256 -0.0250036 -0.0219962 -0.0195063 -0.017455 -0.0157451 -0.0142698 -0.0129252 -0.0116574 -0.0104122 -0.00916184 -0.0079186 -0.00672424 -0.00560614 -0.00462646 -0.00379524 -0.00310837 -0.00255425 -0.00212658 -0.00183029 -0.00163858 -0.00153262 -0.00148428 -0.00146713 -0.00146957 -0.00151053 -0.00156077 -0.00160345 -0.0016301 -0.00164867 -0.00167536 -0.00168552 -0.00169369 -0.00168395 -0.00166343 -0.00165232 -0.00164827 -0.00164359 -0.0016199 -0.00160221 -0.00160435 -0.00160821 -0.00159686 -0.00158504 -0.00158637 -0.0015938 -0.00159073 -0.0015817 -0.00158434 -0.00158558 -0.00158517 -0.00157666 -0.0015727 -0.0015756 -0.00157138 -0.0015719 -0.00156594 -0.00156492 
0 3.93772e-05 6.98128e-05 0.000103917 0.000141607 0.000184507 0.000219902 0.000252178 0.000292347 0.000335294 0.000376838 0.000416918 0.000457036 0.000504252 0.000552462 0.000596154 0.000643632 0.000686929 0.000746151 0.000805693 0.000860094 0.000921151 0.00098179 0.00106725 0.00114117 0.00121131 0.00128709 0.00136099 0.00144499 0.00150579 0.00156135 0.00161545 0.00167423 0.00174643 0.00182327 0.00191288 0.00204244 0.00223981 0.00251963 0.00290462 0.0033954 0.00404487 0.00488713 0.00596206 0.00732454 0.00899477 0.0110375 0.0135072 0.0164401 0.0198518 0.0237008 0.0278809 0.0322791 0.0366996 0.0409366 0.0447669 0.0479234 0.050215 0.0514809 0.0516513 0.0507653 0.048933 0.0463148 0.0431446 0.0396163 0.0359444 0.032308 0.0288186 0.0255549 0.0225406 0.0197363 0.0170835 0.0145172 0.011937 0.00928728 0.00651807 0.00360293 0.000539051 -0.00261556 -0.0058316 -0.00902399 -0.012112 -0.0150283 -0.0177141 -0.0200825 -0.0221194 -0.0237781 -0.0250141 -0.0258189 -0.0262062 -0.0261559 -0.0256852 -0.0248049 -0.0235453 -0.0219467 -0.0200428 -0.0178526 -0.0154317 -0.0128255 -0.0100644 -0.0071738 -0.00421 -0.00122015 0.0017689 0.00472624 0.00758454 0.0103064 0.0128535 0.015174 0.017214 0.0189242 0.0202358 0.0211302 0.0215601 0.0214632 0.0208058 0.0195775 0.0177172 0.0152189 0.0120691 0.00826158 0.00380809 -0.00122802 -0.00680392 -0.0128107 -0.0191279 -0.0256064 -0.0320812 -0.0383245 -0.0441259 -0.0492397 -0.0534235 -0.056485 -0.0582874 -0.058749 -0.0579107 -0.0558813 -0.0528266 -0.0490148 -0.0447041 -0.0401875 -0.0357513 -0.03162 -0.0279537 -0.0248494 -0.0222693 -0.0201589 -0.0183972 -0.0168542 -0.0154446 -0.0140752 -0.0126977 -0.0112973 -0.00987842 -0.00848302 -0.00717846 -0.00599481 -0.00497869 -0.00412046 -0.00341141 -0.00285809 -0.00244191 -0.00215746 -0.00197462 -0.00186113 -0.00179334 -0.00176894 -0.00177387 -0.00180878 -0.00184084 -0.00186236 -0.00188893 -0.00190289 -0.00192554 -0.00192866 -0.00191984 -0.00190864 -0.00189299 -0.00189379 -0.00188154 -0.00186293 -0.0018488 -0.00184395 -0.00184584 -0.00183731 -0.00182627 -0.00182678 -0.00182854 -0.00182689 -0.00182347 -0.00181793 -0.00182175 -0.001815 -0.00181033 -0.00180761 -0.00180442 -0.00180955 -0.00180137 -0.00180096 -0.00179385 
0 4.1598e-05 8.53838e-05 0.000124959 0.000170187 0.000211438 0.000253526 0.000293958 0.000335294 0.000381282 0.000426305 0.000468935 0.000509317 0.000558525 0.000608612 0.000666275 0.000717741 0.000780291 0.000849444 0.00091253 0.000989619 0.00105318 0.00114287 0.0012211 0.00130021 0.00138503 0.00144674 0.00153588 0.00160179 0.00167917 0.0017433 0.0018044 0.00189613 0.00199096 0.00211171 0.00226305 0.00246923 0.00275248 0.00314275 0.00363758 0.00429222 0.00509979 0.00614422 0.0074645 0.00908189 0.0110823 0.0134786 0.01635 0.019707 0.0235639 0.0278484 0.0324682 0.0372486 0.0420186 0.0465193 0.0504939 0.0536932 0.055863 0.0568568 0.0566102 0.0551792 0.0526741 0.0493567 0.0454295 0.0411768 0.0368339 0.0326048 0.0286242 0.0250168 0.0217715 0.0188872 0.0162867 0.013856 0.0115073 0.00913251 0.0066577 0.00405003 0.00129998 -0.00159204 -0.00455719 -0.00757628 -0.0105589 -0.0134541 -0.0161754 -0.0186784 -0.0208744 -0.0227381 -0.0242129 -0.0253057 -0.0259415 -0.0261406 -0.0259079 -0.0252604 -0.024177 -0.0227176 -0.0208708 -0.018715 -0.0162742 -0.0135841 -0.0106914 -0.00769847 -0.0045855 -0.00142689 0.00172235 0.00480061 0.00777971 0.0105713 0.0131543 0.0154286 0.017373 0.0189414 0.0201017 0.02077 0.0209428 0.0205637 0.0196345 0.0180889 0.0159338 0.0131457 0.00972966 0.00567303 0.00103889 -0.00417782 -0.00988724 -0.0160121 -0.0224453 -0.0290369 -0.0355923 -0.0419253 -0.04778 -0.0529204 -0.0571241 -0.0601656 -0.0619273 -0.0623225 -0.0613835 -0.0592184 -0.0560358 -0.0520593 -0.047625 -0.0429949 -0.038475 -0.034286 -0.0306034 -0.0274696 -0.0249018 -0.0228018 -0.0210398 -0.0195117 -0.0180828 -0.0166706 -0.015215 -0.0137004 -0.0121214 -0.010557 -0.0090311 -0.00765185 -0.00641334 -0.00535067 -0.00447543 -0.00375076 -0.00320334 -0.00279917 -0.00251542 -0.00231872 -0.00219109 -0.0021099 -0.00208859 -0.00207648 -0.00209737 -0.00211209 -0.00211818 -0.00214471 -0.00214696 -0.00216424 -0.0021512 -0.00214497 -0.00214359 -0.00213318 -0.00213086 -0.00211377 -0.0021064 -0.00209688 -0.00209187 -0.00208383 -0.00207504 -0.00206711 -0.00206439 -0.00206376 -0.00205786 -0.00205843 -0.00205191 -0.00205383 -0.00204887 -0.0020449 -0.00204711 -0.00204073 -0.00204282 -0.0020327 -0.00202812 
0 4.4739e-05 9.42399e-05 0.000145669 0.000189314 0.000232731 0.000281184 0.000330075 0.000376838 0.000426305 0.000477137 0.000529745 0.000574354 0.000627743 0.000688057 0.000745632 0.000812565 0.000874664 0.000952829 0.00102095 0.00109543 0.00118724 0.0012716 0.00136613 0.00144602 0.00153851 0.00162153 0.00169541 0.00178024 0.00185844 0.00193908 0.00202368 0.00214005 0.00228125 0.00245737 0.00268388 0.00298834 0.00338087 0.00388205 0.00453873 0.00535316 0.00637327 0.00765565 0.00923988 0.011175 0.0135031 0.0162773 0.019544 0.0233013 0.0275644 0.0322597 0.0372369 0.0423634 0.0473919 0.0520499 0.0560767 0.0591673 0.0610952 0.0617014 0.0609323 0.0588709 0.0556642 0.0515656 0.0468772 0.0418634 0.0368288 0.0320206 0.0275891 0.0236692 0.020292 0.0174046 0.0149255 0.0127448 0.0107094 0.00870897 0.00665861 0.00448355 0.00214068 -0.000336246 -0.0029569 -0.00568381 -0.00843645 -0.0111849 -0.0138711 -0.0163817 -0.0186931 -0.0207351 -0.0224071 -0.0237051 -0.0246123 -0.0250808 -0.025117 -0.024706 -0.023848 -0.0225878 -0.0209215 -0.0188715 -0.0165082 -0.0138732 -0.0110086 -0.00797489 -0.00482314 -0.00164003 0.00152463 0.00463275 0.00758694 0.0103192 0.0127994 0.0149488 0.0167269 0.0180957 0.0189847 0.0193988 0.0193182 0.0186581 0.0174213 0.0156123 0.0131782 0.010153 0.00655101 0.00235737 -0.0023862 -0.00763727 -0.0133758 -0.019501 -0.0259073 -0.0324621 -0.0389873 -0.0452521 -0.0510409 -0.0561061 -0.0601958 -0.0631259 -0.0647702 -0.0650303 -0.0639667 -0.061698 -0.0583887 -0.0543353 -0.0498276 -0.045154 -0.0406303 -0.0364751 -0.0328419 -0.0298064 -0.0273263 -0.0253301 -0.0236676 -0.022199 -0.0208257 -0.0194134 -0.0179167 -0.0163271 -0.0146317 -0.0128982 -0.0112017 -0.00959754 -0.00813904 -0.00685529 -0.00576216 -0.00485777 -0.00412831 -0.00357962 -0.00316876 -0.00286412 -0.00265157 -0.00251536 -0.00242854 -0.00238071 -0.00236846 -0.00236207 -0.00236916 -0.0023727 -0.00239303 -0.00240281 -0.00239936 -0.00240748 -0.00239986 -0.0023964 -0.00238018 -0.00237157 -0.00236523 -0.00234704 -0.00233874 -0.00233121 -0.00232488 -0.0023155 -0.0023072 -0.00230564 -0.00230308 -0.00229398 -0.00229207 -0.00228756 -0.00228673 -0.00228343 -0.00227609 -0.00227826 -0.00227006 -0.00227165 -0.00226704 
0 4.37045e-05 9.97725e-05 0.000156355 0.000202135 0.000246948 0.000304116 0.000364325 0.000416918 0.000468935 0.000529745 0.000591822 0.000647626 0.000708745 0.000773139 0.000843252 0.000909805 0.000984964 0.00106554 0.00113398 0.00121985 0.00130675 0.00140502 0.0014872 0.00157121 0.00167892 0.00176495 0.00186177 0.00195109 0.00206069 0.00217091 0.00228557 0.00244743 0.00263431 0.00287299 0.00318661 0.00359709 0.00411385 0.00477094 0.0055982 0.00663933 0.00789665 0.00945291 0.0113446 0.0135935 0.0162779 0.0194197 0.0230685 0.0272084 0.0318463 0.0368837 0.0421803 0.0475453 0.0527424 0.0574569 0.0613974 0.0642789 0.0658451 0.065954 0.0645779 0.0618176 0.0578328 0.0529547 0.0474719 0.041722 0.0360349 0.0306826 0.0258413 0.0216787 0.0181991 0.015373 0.0130973 0.0112208 0.00959185 0.00805958 0.00651029 0.00485886 0.0030478 0.00105605 -0.00110734 -0.00345014 -0.00589552 -0.00841867 -0.0109422 -0.0133912 -0.015693 -0.0177976 -0.0196124 -0.0211306 -0.0222562 -0.022966 -0.0232588 -0.0231213 -0.0225173 -0.0215078 -0.0200683 -0.0182535 -0.0160953 -0.0136227 -0.0108873 -0.00799971 -0.00496411 -0.00188385 0.00116588 0.00411622 0.00690482 0.00944542 0.011725 0.0136348 0.0151548 0.0162547 0.0168894 0.017005 0.0166154 0.0156648 0.0141823 0.012136 0.009523 0.0063538 0.00264789 -0.00160966 -0.00634976 -0.0115732 -0.0172253 -0.023233 -0.0295076 -0.0359178 -0.0422734 -0.0483743 -0.0539753 -0.0588375 -0.0627334 -0.065461 -0.0669172 -0.0670113 -0.0657963 -0.0633912 -0.0599874 -0.0558439 -0.0513041 -0.0466361 -0.0421656 -0.0381142 -0.0346328 -0.0317565 -0.0294706 -0.0276592 -0.0261618 -0.0248514 -0.0235852 -0.0222435 -0.0207678 -0.0191491 -0.0173726 -0.015522 -0.0136481 -0.011854 -0.0101641 -0.00864602 -0.00733554 -0.00620582 -0.00528098 -0.00454501 -0.00396738 -0.00352054 -0.00319537 -0.00296628 -0.00281667 -0.00270723 -0.00266657 -0.00264536 -0.00263349 -0.00264399 -0.00264932 -0.00266712 -0.00266205 -0.00267103 -0.00267055 -0.00265039 -0.00263688 -0.00262714 -0.00262409 -0.00260285 -0.00258674 -0.00258233 -0.00257687 -0.00256297 -0.00255139 -0.00254985 -0.00254637 -0.00253869 -0.00253116 -0.00253157 -0.00253076 -0.00252691 -0.00252202 -0.0025166 -0.00251367 -0.00251085 -0.00250982 
0 4.75392e-05 0.000111687 0.000176607 0.000224988 0.000271883 0.000335696 0.000403226 0.000457036 0.000509317 0.000574354 0.000647626 0.00071307 0.000780548 0.000854147 0.000929268 0.00100688 0.00108897 0.0011782 0.00125663 0.00134778 0.00144996 0.00154987 0.00163714 0.00172531 0.00183987 0.00193899 0.00203446 0.00213594 0.0022623 0.00240301 0.00255969 0.00277199 0.0030275 0.00335352 0.00377732 0.00432346 0.00499683 0.0058298 0.00687448 0.00815781 0.00969814 0.0115606 0.0137795 0.0163784 0.0194179 0.0229273 0.0269369 0.0314221 0.0363784 0.0417028 0.0472233 0.0527456 0.0579929 0.0626353 0.0663689 0.068903 0.0699968 0.0695229 0.0674732 0.0639703 0.0592068 0.053527 0.0472763 0.0408144 0.0345146 0.0286794 0.0235061 0.0191555 0.0156491 0.0129306 0.0108901 0.00937195 0.00819931 0.00720084 0.00624364 0.00519945 0.00397809 0.0025485 0.000889044 -0.00100488 -0.00305925 -0.00525373 -0.00752515 -0.00978829 -0.0119957 -0.0140851 -0.01595 -0.017571 -0.0188754 -0.0198073 -0.0203477 -0.0204695 -0.0201503 -0.019433 -0.0182974 -0.0167769 -0.0149188 -0.0127503 -0.0103162 -0.00770367 -0.00495141 -0.00216467 0.000581978 0.00323293 0.00570766 0.00792954 0.00987795 0.0114679 0.012669 0.0134451 0.0137443 0.0135542 0.0128848 0.0116827 0.00998033 0.00777655 0.00505419 0.0018351 -0.00186907 -0.00608219 -0.0107492 -0.015856 -0.0213638 -0.0271886 -0.0332382 -0.0393978 -0.0454877 -0.0513109 -0.0566406 -0.0612373 -0.064863 -0.0673347 -0.0685399 -0.0684021 -0.0669863 -0.0644227 -0.0608963 -0.0566898 -0.0521285 -0.0474947 -0.0431115 -0.0392022 -0.0359079 -0.0332647 -0.0312336 -0.0296872 -0.0284481 -0.027362 -0.0262855 -0.0250762 -0.0236812 -0.0220907 -0.0202925 -0.0183627 -0.0163683 -0.0143942 -0.0124909 -0.0107368 -0.00917956 -0.00781608 -0.00666146 -0.00571951 -0.00495493 -0.00434668 -0.00388929 -0.0035537 -0.00330832 -0.00312558 -0.00302579 -0.00296433 -0.00292748 -0.00291321 -0.00291107 -0.00291643 -0.00291319 -0.00292691 -0.00292586 -0.00290636 -0.00288783 -0.00288491 -0.00288293 -0.0028586 -0.00284047 -0.00283769 -0.00283646 -0.00282121 -0.00280707 -0.00280561 -0.00280425 -0.00279459 -0.00278546 -0.00278145 -0.00277823 -0.00277251 -0.00276498 -0.00276061 -0.00275513 -0.00275501 -0.00275519 
0 4.97087e-05 0.000119186 0.000191954 0.000244578 0.000296954 0.000369205 0.000445808 0.000504252 0.000558525 0.000627743 0.000708745 0.000780548 0.000850981 0.000930894 0.00101079 0.00110004 0.00119058 0.00128952 0.001382 0.00148087 0.00159946 0.00170168 0.00179563 0.00188912 0.00200706 0.00211972 0.00221537 0.00233482 0.00248456 0.00266656 0.00288021 0.00315655 0.00350021 0.00393489 0.00449478 0.00520408 0.00606736 0.00711242 0.00840781 0.00996248 0.0118093 0.0139908 0.0165398 0.0194867 0.0228713 0.0267349 0.0310823 0.0358831 0.0411079 0.0466465 0.0522961 0.0578557 0.0630191 0.0674545 0.0708568 0.072938 0.0734801 0.0723663 0.0696092 0.0653447 0.0598072 0.0533489 0.0463748 0.0392652 0.0324269 0.02618 0.0207408 0.0162571 0.0127696 0.010205 0.00844776 0.00733507 0.00666115 0.00623287 0.0058908 0.00547833 0.00487991 0.00405685 0.00295912 0.00158664 -7.00716e-06 -0.00179718 -0.0037364 -0.00572871 -0.00774222 -0.00970701 -0.0115308 -0.013171 -0.0145708 -0.0156554 -0.0164077 -0.016787 -0.0167735 -0.0163798 -0.015602 -0.0144541 -0.0129893 -0.0112333 -0.00924287 -0.00708246 -0.00480627 -0.00249258 -0.000216041 0.00197508 0.00399238 0.0057774 0.00728768 0.0084585 0.00925476 0.00965673 0.00960973 0.00912221 0.00819229 0.00679006 0.00493907 0.00265597 -9.2908e-05 -0.00327973 -0.00690579 -0.0109901 -0.0155007 -0.0204082 -0.0256923 -0.0312637 -0.0370319 -0.0428849 -0.0486532 -0.054136 -0.0591264 -0.0633868 -0.06668 -0.0688392 -0.0697416 -0.0693269 -0.0676651 -0.0649006 -0.0612209 -0.0569347 -0.0523492 -0.0477658 -0.0434916 -0.0397514 -0.0366709 -0.0342925 -0.0325546 -0.031326 -0.0304148 -0.0296379 -0.0288408 -0.0278567 -0.0266281 -0.0251363 -0.0233773 -0.0214143 -0.0193356 -0.0172057 -0.0151065 -0.0131233 -0.0113156 -0.00970694 -0.00830495 -0.0071316 -0.00615248 -0.00535564 -0.00473715 -0.00426874 -0.00390212 -0.00362663 -0.00344627 -0.00332775 -0.00325329 -0.00320306 -0.00318466 -0.00316918 -0.00316481 -0.00318071 -0.0031818 -0.00316905 -0.00315164 -0.00315765 -0.00315594 -0.00312833 -0.00310516 -0.00309941 -0.00309717 -0.00307903 -0.00306004 -0.00305528 -0.00305565 -0.00304716 -0.00304222 -0.00303792 -0.00303673 -0.00303354 -0.00302666 -0.00302406 -0.00301236 -0.00300871 -0.00300231 
0 5.51116e-05 0.000131298 0.000211789 0.000269342 0.000326907 0.000403858 0.00048641 0.000552462 0.000608612 0.000688057 0.000773139 0.000854147 0.000930894 0.0010116 0.00110756 0.00119675 0.00130151 0.00140119 0.00149912 0.00161371 0.00172756 0.00184799 0.00193872 0.00204617 0.00217771 0.00229857 0.00242304 0.00255911 0.00275257 0.00298817 0.00327176 0.00363396 0.00408583 0.0046523 0.0053791 0.00627669 0.00735464 0.00865479 0.0102108 0.0120765 0.0142389 0.0167497 0.0196382 0.0229138 0.0266351 0.0308194 0.0354593 0.0405204 0.0459437 0.0515904 0.0572793 0.0627424 0.0677025 0.0718164 0.0747699 0.076315 0.076236 0.0744352 0.070956 0.065945 0.0596571 0.0524994 0.0448654 0.0371991 0.02991 0.0233283 0.0176848 0.013141 0.00971104 0.0073478 0.00591907 0.0052297 0.00507244 0.00522629 0.00549126 0.00570631 0.00575404 0.00554546 0.00505636 0.00426345 0.00319324 0.00186989 0.000353317 -0.00131271 -0.00304763 -0.00479224 -0.00647756 -0.00806173 -0.00945245 -0.0106196 -0.0115316 -0.0121506 -0.0124309 -0.0123889 -0.0120075 -0.0113178 -0.0103418 -0.00911764 -0.0076942 -0.00614954 -0.00450382 -0.00282401 -0.00116777 0.000399779 0.00182524 0.00303994 0.00401566 0.00467921 0.00500723 0.00498609 0.00460817 0.00383662 0.00268644 0.00114863 -0.000766075 -0.00307981 -0.00577666 -0.00886638 -0.0123482 -0.0162325 -0.0204957 -0.0251461 -0.0301317 -0.0353955 -0.0408496 -0.046366 -0.0517746 -0.0568961 -0.0615037 -0.0653743 -0.0682997 -0.070091 -0.0706455 -0.0699176 -0.0679702 -0.0649557 -0.0611061 -0.0566942 -0.0520718 -0.0475274 -0.0433558 -0.0397853 -0.0369351 -0.0348235 -0.0334142 -0.0325402 -0.0320037 -0.0316196 -0.0311672 -0.0304993 -0.0295195 -0.0282 -0.0265472 -0.0246227 -0.022497 -0.0202693 -0.0180007 -0.0158058 -0.0137633 -0.0118872 -0.0102327 -0.00879453 -0.00757288 -0.00656016 -0.00575253 -0.00511938 -0.0046172 -0.00421969 -0.00394278 -0.00375282 -0.00361601 -0.00353775 -0.00347747 -0.0034495 -0.00343532 -0.00344409 -0.00345516 -0.0034341 -0.00342984 -0.00343387 -0.00343332 -0.00340635 -0.00337534 -0.0033711 -0.00336492 -0.00334757 -0.00332664 -0.00331785 -0.00331509 -0.00330754 -0.00329769 -0.00329194 -0.003286 -0.00328153 -0.00328 -0.00327372 -0.00326829 -0.00326043 -0.00325705 
0 6.13464e-05 0.000145671 0.00022926 0.000296657 0.000356101 0.000437773 0.000525955 0.000596154 0.000666275 0.000745632 0.000843252 0.000929268 0.00101079 0.00110756 0.00120327 0.00131645 0.00141729 0.00152252 0.00163033 0.00173558 0.00186853 0.00197165 0.00207957 0.00219593 0.00233498 0.00249625 0.00263855 0.00283241 0.00307479 0.00338347 0.0037632 0.00422575 0.00480836 0.00553675 0.00644529 0.00755862 0.00888543 0.0104472 0.0123189 0.0144874 0.0169964 0.0198431 0.0230526 0.0266624 0.0306814 0.0351479 0.0400254 0.0452687 0.0507853 0.0564534 0.0620344 0.0673084 0.0719472 0.075634 0.0780742 0.0790054 0.0782539 0.0757476 0.0715375 0.0657951 0.0588419 0.0510345 0.0428592 0.0347328 0.0270831 0.0202509 0.0144916 0.00992267 0.00662055 0.00448801 0.00338998 0.00313737 0.00348039 0.0041862 0.00505648 0.00589964 0.00657424 0.00701756 0.00714654 0.00695664 0.00644985 0.00565783 0.0045976 0.00336033 0.00196979 0.000507212 -0.000963514 -0.00236752 -0.00370827 -0.00489954 -0.00590918 -0.00669675 -0.00727134 -0.00758294 -0.007652 -0.00746623 -0.0070802 -0.00650556 -0.00579129 -0.00494384 -0.00404593 -0.0031264 -0.00224635 -0.00142219 -0.000726236 -0.000183394 0.000132825 0.000227775 6.31121e-05 -0.000375203 -0.00112693 -0.00214209 -0.00345752 -0.0050803 -0.00703017 -0.00928159 -0.0118825 -0.014809 -0.0180821 -0.0217057 -0.0256966 -0.0300172 -0.034678 -0.0396035 -0.0447011 -0.0498577 -0.0549067 -0.0596343 -0.0638491 -0.0673215 -0.0698262 -0.0712323 -0.0714023 -0.0703196 -0.0680528 -0.0647641 -0.0606698 -0.0561144 -0.051388 -0.0468443 -0.0427538 -0.0393366 -0.0367012 -0.0348825 -0.0337925 -0.0332933 -0.0331742 -0.0331991 -0.0331727 -0.0328815 -0.0322341 -0.031175 -0.0297153 -0.0278924 -0.0258125 -0.0235227 -0.0211472 -0.0187804 -0.0165034 -0.0143923 -0.0124545 -0.0107439 -0.00925099 -0.00798876 -0.00696117 -0.00613959 -0.0054649 -0.00494071 -0.00454058 -0.00425794 -0.00406378 -0.00391505 -0.00383169 -0.00375783 -0.00373228 -0.0037304 -0.00372126 -0.00371233 -0.0036938 -0.00370844 -0.00370655 -0.00368146 -0.00365944 -0.0036487 -0.00364782 -0.00362813 -0.00360495 -0.00359109 -0.00358141 -0.00357013 -0.00355728 -0.00354446 -0.00353611 -0.00353126 -0.00352913 -0.00352772 -0.00352016 -0.0035186 -0.00351758 
0 6.88874e-05 0.000154146 0.000244598 0.00031504 0.000384004 0.000467752 0.000558943 0.000643632 0.000717741 0.000812565 0.000909805 0.00100688 0.00110004 0.00119675 0.00131645 0.00142598 0.00154485 0.00165018 0.00176162 0.00188649 0.00200399 0.00212579 0.00222803 0.00236174 0.00252115 0.00270034 0.00289919 0.00313855 0.00345629 0.00385474 0.00434648 0.00493868 0.00568154 0.00658991 0.00772139 0.00907466 0.0106697 0.0125492 0.0147226 0.0172404 0.0200792 0.023253 0.0267797 0.0306741 0.0349642 0.039658 0.0446983 0.0500412 0.0555645 0.0611125 0.066506 0.0714494 0.0756735 0.0788561 0.0807 0.0809812 0.079539 0.0763156 0.0714071 0.0649975 0.05742 0.0490903 0.0404499 0.0319721 0.0240687 0.0170806 0.0112614 0.00676069 0.0035971 0.00171539 0.00096099 0.0011124 0.00192792 0.00317759 0.00461278 0.00606214 0.00738789 0.00845897 0.00922161 0.00965357 0.00972012 0.00946345 0.00893027 0.00814221 0.00717825 0.00609249 0.00490103 0.00367216 0.00247592 0.00133063 0.000265968 -0.000684924 -0.00149567 -0.00216432 -0.00270222 -0.00310697 -0.0033668 -0.00350622 -0.00355246 -0.00353595 -0.00348453 -0.00342138 -0.00338042 -0.00341565 -0.00354831 -0.00379156 -0.00416259 -0.00468673 -0.00538846 -0.00626835 -0.00731789 -0.00858205 -0.0100691 -0.011751 -0.0136603 -0.0158284 -0.0182482 -0.0209641 -0.023999 -0.0273397 -0.0310151 -0.035022 -0.0393196 -0.0438792 -0.0486214 -0.0534024 -0.0580721 -0.062426 -0.0662381 -0.0692899 -0.0713931 -0.0723728 -0.0721415 -0.0706835 -0.0680608 -0.0644387 -0.0600851 -0.0552931 -0.0504279 -0.0458294 -0.041767 -0.0384712 -0.0360359 -0.0344679 -0.0337012 -0.033565 -0.0338491 -0.0343348 -0.0347468 -0.0349149 -0.0346778 -0.0339637 -0.032784 -0.0311606 -0.0291738 -0.0269147 -0.0244758 -0.0219799 -0.019529 -0.0171756 -0.0149964 -0.0129951 -0.0112224 -0.00969376 -0.00841369 -0.00736901 -0.0065064 -0.00581559 -0.00527752 -0.00488398 -0.00458975 -0.0043823 -0.00422112 -0.00411373 -0.00405333 -0.00402168 -0.00400921 -0.00397733 -0.00397128 -0.00397349 -0.00397623 -0.00396072 -0.00393449 -0.00393033 -0.00392116 -0.00390713 -0.00388324 -0.0038662 -0.00385555 -0.00384431 -0.00383054 -0.00381743 -0.00380756 -0.00380168 -0.00380059 -0.00379211 -0.00378712 -0.00378086 -0.00378151 
0 7.56877e-05 0.000166931 0.000253477 0.000337676 0.000410957 0.000500829 0.000596969 0.000686929 0.000780291 0.000874664 0.000984964 0.00108897 0.00119058 0.00130151 0.00141729 0.00154485 0.00165986 0.0017725 0.00189498 0.00201965 0.00215672 0.00227593 0.00240647 0.00256382 0.00274567 0.00297068 0.00321246 0.00352345 0.00391556 0.00441385 0.00503713 0.00578266 0.00671059 0.00784912 0.00923116 0.0108674 0.0127721 0.0149666 0.0174795 0.0203095 0.0234733 0.0269486 0.0307475 0.0349014 0.0394056 0.0442572 0.0493851 0.0547269 0.0601388 0.065486 0.070558 0.0751039 0.0788258 0.0814255 0.0826304 0.0822186 0.080067 0.0761654 0.0706129 0.0636173 0.0555525 0.0467837 0.037802 0.0290643 0.0209862 0.0139185 0.00813167 0.00373138 0.000769836 -0.000851096 -0.00128833 -0.000752782 0.000505055 0.00225139 0.00424838 0.00629469 0.00822734 0.00992287 0.0112926 0.0123217 0.0129722 0.0132914 0.0132904 0.0130108 0.0124884 0.0117825 0.0109145 0.00996614 0.00892397 0.00784256 0.00676059 0.00569187 0.00461161 0.00358036 0.00257322 0.00160652 0.000665419 -0.000240666 -0.00112459 -0.00196127 -0.00281098 -0.00367059 -0.00457159 -0.00551066 -0.00650083 -0.00753341 -0.00865796 -0.00982505 -0.0110566 -0.0123706 -0.0137815 -0.0152654 -0.0168715 -0.0185875 -0.0204646 -0.0225066 -0.0247499 -0.0272242 -0.0299796 -0.0330163 -0.0363874 -0.0400612 -0.0440282 -0.0482415 -0.052612 -0.0570184 -0.0613146 -0.0652821 -0.0687123 -0.0713744 -0.0730555 -0.0736194 -0.072954 -0.0710786 -0.068069 -0.0640996 -0.0594341 -0.0544079 -0.0493418 -0.0446299 -0.0405342 -0.0372805 -0.0349777 -0.0336314 -0.0331417 -0.0333566 -0.0340538 -0.0349782 -0.0358786 -0.0365302 -0.0367682 -0.0364834 -0.0356712 -0.0343287 -0.0325369 -0.0303609 -0.0279325 -0.0253622 -0.0227597 -0.0202285 -0.0178099 -0.0155551 -0.0135095 -0.011706 -0.0101603 -0.00886157 -0.00776878 -0.00688283 -0.00616398 -0.00562282 -0.00521777 -0.00490382 -0.00467811 -0.0045055 -0.00441009 -0.00435014 -0.00430716 -0.00427669 -0.00425079 -0.00425111 -0.00424849 -0.00423544 -0.00421884 -0.00420293 -0.0041979 -0.00418258 -0.00416279 -0.00414874 -0.0041361 -0.00413091 -0.00411551 -0.00410316 -0.0040928 -0.00408462 -0.00408035 -0.00406607 -0.00405842 -0.00404979 -0.00404885 
