0 0 0 0 0 0 0 0 0 0 0 0 0 0 0 0 0 0 0 0 0 0 0 0 0 0 0 0 0 0 0 0 0 0 0 0 0 0 0 0 0 0 0 0 0 0 0 0 0 0 0 0 0 0 0 0 0 0 0 0 0 0 0 0 0 0 0 0 0 0 0 0 0 0 0 0 0 0 0 0 0 0 0 0 0 0 0 0 0 0 0 0 0 0 0 0 0 0 0 0 0 0 0 0 0 0 0 0 0 0 0 0 0 0 0 0 0 0 0 0 0 0 0 0 0 0 0 0 0 0 0 0 0 0 0 0 0 0 0 0 0 0 0 0 0 0 0 0 0 0 0 0 0 0 0 0 0 0 0 0 0 0 0 0 0 0 0 0 0 0 0 0 0 0 0 0 0 0 0 0 0 0 0 0 0 0 0 0 0 0 0 0 0 0 0 0 0 0 0 0 
0 8.11461e-06 1.58642e-05 1.9173e-05 2.51308e-05 3.04316e-05 3.63639e-05 4.37547e-05 5.03607e-05 6.22016e-05 6.65321e-05 7.02456e-05 7.8449e-05 9.04531e-05 0.0001076 0.000110073 0.000120418 0.000133193 0.000143569 0.000152304 0.000150878 0.000171006 0.000182344 0.000190125 0.000194191 0.000190909 0.000197781 0.000190134 0.000190503 0.000184867 0.000170924 0.00016178 0.000157611 0.000155757 0.000154317 0.000158287 0.000181047 0.000223532 0.000273179 0.000359649 0.000456645 0.000585706 0.000750002 0.000949813 0.00118425 0.00142761 0.00168405 0.00192335 0.00212872 0.00227426 0.00235211 0.00231912 0.0021852 0.00195002 0.00162853 0.00124817 0.000852907 0.00047649 0.000151817 -6.97336e-05 -0.000176297 -0.000128824 6.77534e-05 0.000428943 0.000932174 0.00155928 0.00227381 0.00305742 0.0038459 0.00463262 0.00538321 0.00606313 0.00667353 0.00719835 0.00760844 0.00790736 0.00808156 0.00809898 0.00797666 0.00769928 0.00727172 0.00670464 0.00603058 0.00525111 0.00441297 0.00353717 0.00265495 0.00176888 0.000925786 0.000126277 -0.000597266 -0.0012254 -0.00172658 -0.00210325 -0.00231842 -0.0023977 -0.00234395 -0.0021688 -0.00187416 -0.00151364 -0.00110329 -0.000666191 -0.000190767 0.000271849 0.000696009 0.00105906 0.00135043 0.00151683 0.00156367 0.00146227 0.00121514 0.000824229 0.000317861 -0.000311516 -0.0010208 -0.00180242 -0.00263351 -0.00350857 -0.00437832 -0.00523661 -0.00604806 -0.00678428 -0.00741828 -0.0079566 -0.00836213 -0.0086521 -0.00883965 -0.00891899 -0.00891377 -0.00885041 -0.00871792 -0.00853538 -0.00831979 -0.00804538 -0.00773487 -0.0073772 -0.00696844 -0.00649764 -0.00597512 -0.00537754 -0.00472363 -0.00400682 -0.00325729 -0.00248078 -0.00171486 -0.000987634 -0.000330362 0.000229541 0.000666207 0.000959531 0.00112918 0.0011697 0.00111436 0.000993831 0.000840699 0.00066069 0.000500649 0.000355885 0.000245801 0.000171192 0.000122933 0.000105987 8.24917e-05 7.0329e-05 6.00417e-05 4.35732e-05 2.09555e-05 -4.73874e-06 -4.42385e-05 -8.51949e-05 -0.000128851 -0.000161728 -0.000189076 -0.000229469 -0.000249623 -0.000270735 -0.00027815 -0.000284568 -0.000291417 -0.000287581 -0.000294391 -0.000288666 -0.000284195 -0.00028249 -0.000284261 -0.000285963 -0.000275985 -0.000272693 -0.000275818 -0.000277366 -0.000269608 -0.000260682 -0.000260756 -0.000263087 -0.000259523 -0.00025453 -0.000258147 -0.000265129 -0.000266783 -0.000261883 
0 1.58642e-05 2.53917e-05 3.90119e-05 4.56736e-05 6.2509e-05 7.31421e-05 8.50921e-05 0.000104651 0.00011811 0.000137269 0.000137596 0.00015473 0.000180753 0.000200354 0.000220164 0.00022749 0.000266395 0.000290904 0.000305586 0.000323282 0.000345546 0.000384413 0.000390421 0.000396692 0.000397378 0.000394078 0.000387308 0.000373683 0.000357908 0.000326613 0.000303113 0.000291709 0.000296077 0.000290908 0.000311876 0.000367998 0.00044901 0.000572833 0.000729106 0.000934602 0.00118605 0.0015024 0.00190469 0.00236303 0.00285131 0.0033722 0.00385755 0.00427213 0.00458549 0.00472581 0.00467587 0.00440006 0.00392273 0.00328643 0.00252369 0.00173471 0.000996067 0.000353702 -8.61519e-05 -0.00027095 -0.000183686 0.000228804 0.00094974 0.0019432 0.00317279 0.00458162 0.00609403 0.00764973 0.00919652 0.0106704 0.0120243 0.0132315 0.0142472 0.0150426 0.0156123 0.015912 0.0159372 0.0156787 0.0151207 0.0142818 0.0131954 0.0118754 0.0103877 0.00877219 0.00706556 0.00532508 0.00360898 0.0019521 0.000405293 -0.000986753 -0.00218098 -0.00315307 -0.00387006 -0.00431713 -0.00449707 -0.00440684 -0.0040799 -0.00358954 -0.00293457 -0.00212428 -0.00125534 -0.000387627 0.000471813 0.00126989 0.00194831 0.00245847 0.00275573 0.00280889 0.00260096 0.00212227 0.00138233 0.000392817 -0.000807535 -0.00219462 -0.00373457 -0.00537076 -0.00705542 -0.00875813 -0.010411 -0.0119754 -0.013403 -0.0146486 -0.0156858 -0.0165037 -0.0170941 -0.0174831 -0.0176765 -0.0177036 -0.0175892 -0.0173478 -0.0170018 -0.0165675 -0.0160495 -0.0154483 -0.014757 -0.0139676 -0.0130556 -0.0120062 -0.0108354 -0.00951446 -0.00807798 -0.00657548 -0.00501287 -0.00346768 -0.00201591 -0.000685503 0.000437325 0.00130191 0.00190455 0.00222622 0.00231533 0.00220662 0.00196997 0.00167099 0.00133048 0.00100638 0.00073454 0.000510137 0.000350833 0.000260566 0.000198572 0.000157448 0.000119165 9.3958e-05 6.32608e-05 1.73602e-05 -3.24747e-05 -0.000100595 -0.000181816 -0.000260778 -0.000315562 -0.000379511 -0.000439188 -0.00049495 -0.000528551 -0.000545667 -0.000570638 -0.000570361 -0.000581981 -0.00058234 -0.000577612 -0.000569624 -0.000557862 -0.000569398 -0.000561239 -0.000547064 -0.0005378 -0.000543757 -0.000552556 -0.000539525 -0.000530476 -0.0005347 -0.000542568 -0.000537124 -0.000526561 -0.000528838 -0.00053806 -0.000534989 -0.000522908 
0 1.9173e-05 3.90119e-05 5.32445e-05 7.50628e-05 9.4437e-05 0.000112492 0.000131568 0.000150206 0.000181999 0.000198951 0.000212941 0.000235862 0.000266163 0.000304959 0.000313333 0.000343178 0.0003879 0.000429885 0.000465425 0.000477958 0.000535797 0.000574895 0.000599122 0.000610864 0.000602697 0.000609559 0.00057883 0.000557791 0.000521349 0.000467369 0.000432032 0.000420555 0.000425882 0.000440018 0.000476015 0.000563975 0.000703315 0.000868515 0.00112257 0.00141497 0.00179484 0.00227772 0.00286991 0.00356401 0.00429865 0.00507293 0.00580417 0.00643594 0.00689236 0.00713228 0.0070475 0.00664904 0.00594467 0.00498389 0.00385159 0.0026806 0.00157835 0.00064632 2.48488e-05 -0.000241896 -6.48478e-05 0.000548228 0.00161951 0.0030853 0.00488845 0.00693353 0.00916146 0.0114177 0.0136706 0.015826 0.0177873 0.0195352 0.0210132 0.022142 0.0229226 0.0233256 0.0232928 0.0228742 0.0220516 0.0208458 0.0192847 0.0174364 0.0153052 0.0129924 0.010555 0.00807992 0.00560055 0.00324498 0.0010392 -0.000934897 -0.00263174 -0.00399137 -0.00502768 -0.0056702 -0.00597534 -0.00594158 -0.00558328 -0.00490243 -0.00401189 -0.00295681 -0.00181409 -0.000589037 0.000585134 0.00163072 0.00248962 0.00313998 0.00347421 0.00350839 0.00318068 0.00248745 0.00142236 3.24753e-05 -0.00170256 -0.00368529 -0.005883 -0.00822259 -0.0106635 -0.0130797 -0.015441 -0.0176657 -0.0196921 -0.021465 -0.022997 -0.024205 -0.0251167 -0.0257511 -0.0260862 -0.0261705 -0.0260635 -0.0257489 -0.02528 -0.0247035 -0.0239701 -0.0231286 -0.0221498 -0.0210127 -0.0196806 -0.0181633 -0.0164069 -0.0144494 -0.0122903 -0.0100143 -0.00765665 -0.00532888 -0.00312481 -0.001136 0.000551817 0.00186455 0.00275578 0.00326955 0.00340944 0.00326683 0.00293257 0.0024973 0.00198977 0.00152487 0.00110518 0.000775236 0.000541011 0.000383353 0.000304006 0.000218283 0.000161554 0.000114796 5.80829e-05 -8.97658e-06 -8.03299e-05 -0.000180536 -0.000284149 -0.000390588 -0.000470521 -0.000542985 -0.000647522 -0.000712438 -0.000777316 -0.000810887 -0.000840203 -0.000864525 -0.000863222 -0.000879519 -0.000864852 -0.000849962 -0.000842262 -0.000844947 -0.0008452 -0.000818376 -0.000808596 -0.000818611 -0.000827404 -0.000815522 -0.00080187 -0.000810321 -0.000821239 -0.000812715 -0.000797161 -0.000799588 -0.00080912 -0.000804158 -0.000786004 
0 2.51308e-05 4.56736e-05 7.50628e-05 9.82887e-05 0.000130794 0.000153023 0.00017421 0.000205949 0.000235275 0.000271412 0.000286149 0.000320409 0.000365439 0.000400781 0.000431881 0.000456362 0.000525372 0.000579439 0.000615492 0.000648983 0.000693694 0.00075398 0.000771086 0.000782709 0.000784571 0.000781261 0.000763988 0.00073527 0.000698018 0.000640636 0.000600801 0.000587338 0.000602939 0.000614412 0.000668894 0.000786213 0.000956365 0.00119922 0.00151405 0.00191926 0.00242327 0.00305908 0.00385398 0.00476733 0.00574782 0.00678176 0.00775688 0.00859548 0.00922324 0.00952204 0.00943366 0.00890853 0.00798542 0.00674224 0.00526889 0.00374495 0.00232501 0.00112261 0.000319301 1.24255e-05 0.000248326 0.00108762 0.00250306 0.00442113 0.00676085 0.00941563 0.012256 0.0151637 0.0180456 0.0207877 0.0232928 0.0255025 0.0273315 0.0287203 0.0296539 0.0300813 0.0299989 0.0294203 0.0283408 0.0267989 0.0248458 0.0225131 0.0198815 0.0170192 0.0139922 0.0109001 0.00784445 0.0049118 0.00218774 -0.000250374 -0.00234026 -0.00405248 -0.00535663 -0.00623057 -0.00668477 -0.00671428 -0.00635355 -0.00568647 -0.00472877 -0.0035127 -0.00218423 -0.000844433 0.000454868 0.00161993 0.00256587 0.00322761 0.00353984 0.00347033 0.00299194 0.00208307 0.000744278 -0.00101423 -0.00315391 -0.00562792 -0.00837419 -0.0112936 -0.0142976 -0.01731 -0.020232 -0.0229981 -0.0255404 -0.0277971 -0.0297356 -0.0313241 -0.0325472 -0.0334245 -0.0339525 -0.0341664 -0.0341086 -0.0338008 -0.0332891 -0.0326074 -0.0317585 -0.0307426 -0.0295387 -0.0281135 -0.0264169 -0.0244199 -0.0221273 -0.019517 -0.0166485 -0.0136171 -0.0104713 -0.0073583 -0.00442043 -0.00174526 0.000521354 0.00228171 0.00351397 0.00420428 0.00442632 0.00426086 0.0038368 0.00327317 0.00262689 0.00200511 0.00146737 0.0010254 0.000705276 0.00050759 0.000374819 0.000278791 0.000197183 0.000137441 7.13549e-05 -1.48052e-05 -0.000108389 -0.000232543 -0.000375437 -0.000514557 -0.000619575 -0.00073407 -0.000849821 -0.000953725 -0.00102625 -0.00107129 -0.00111962 -0.00113493 -0.00115716 -0.00116424 -0.00115682 -0.00114153 -0.00112544 -0.00113929 -0.0011275 -0.00110197 -0.00108461 -0.00109182 -0.00110217 -0.00108293 -0.00107 -0.00107866 -0.00109216 -0.00108246 -0.0010635 -0.00106556 -0.00107822 -0.0010729 -0.00105398 
0 3.04316e-05 6.2509e-05 9.4437e-05 0.000130794 0.000165049 0.000194567 0.000222447 0.000254199 0.000297477 0.000333292 0.000364636 0.00040758 0.000460319 0.000513222 0.000542409 0.000587638 0.000657487 0.00072206 0.000769322 0.000798256 0.000860363 0.000913905 0.000941809 0.000954553 0.00095273 0.000957689 0.000933835 0.000908405 0.000868182 0.000810633 0.000774133 0.000769512 0.000788194 0.000817871 0.000884512 0.0010244 0.00124062 0.00152705 0.00192994 0.0024307 0.00307067 0.00388036 0.00487246 0.00601903 0.00724937 0.00852799 0.00974092 0.010787 0.0115547 0.0119449 0.0118379 0.0112138 0.0101017 0.00858715 0.00680666 0.00496384 0.00324142 0.00180862 0.000863177 0.00050827 0.000839748 0.00187492 0.00360631 0.00594234 0.0087765 0.0119687 0.0153897 0.0188551 0.0222695 0.0254996 0.0284184 0.0309669 0.0330637 0.0346245 0.0356373 0.0360716 0.0358955 0.0351562 0.0338603 0.0320455 0.0297614 0.0270812 0.0240497 0.0207737 0.0173393 0.0138539 0.0103929 0.00708759 0.00400021 0.00121932 -0.00119234 -0.00317814 -0.0047309 -0.00579881 -0.00642225 -0.00660502 -0.00636872 -0.00574955 -0.00484539 -0.00371855 -0.00247209 -0.00115683 0.000101761 0.00120048 0.00206073 0.00263335 0.00281842 0.00260426 0.00193594 0.000798764 -0.000808807 -0.00285243 -0.00532805 -0.00814715 -0.0112537 -0.0145583 -0.0179842 -0.021405 -0.0247522 -0.0279336 -0.0308726 -0.033506 -0.0358179 -0.0377348 -0.039261 -0.040405 -0.0411477 -0.041533 -0.041616 -0.0414008 -0.0409432 -0.0402861 -0.0393952 -0.0382904 -0.0369307 -0.0352671 -0.0332424 -0.0308375 -0.0280128 -0.0247968 -0.0212331 -0.0174401 -0.0135104 -0.00961455 -0.00591782 -0.0025662 0.000290857 0.00253348 0.00410416 0.00502922 0.00535183 0.00519611 0.00470867 0.00402796 0.00323873 0.00248059 0.00180442 0.00125978 0.000865398 0.000605719 0.000450099 0.000320843 0.000225479 0.000147893 6.1584e-05 -3.99031e-05 -0.000155153 -0.000306195 -0.000473089 -0.000639385 -0.000775307 -0.000906842 -0.0010566 -0.00117138 -0.00126561 -0.00132493 -0.00137536 -0.00141193 -0.00143079 -0.00145266 -0.00144423 -0.0014276 -0.00141888 -0.00142562 -0.00142231 -0.00139207 -0.00137516 -0.00138068 -0.00138271 -0.0013604 -0.00133858 -0.00134391 -0.00135421 -0.00134253 -0.00132293 -0.00132473 -0.00134036 -0.00133992 -0.00132654 
0 3.63639e-05 7.31421e-05 0.000112492 0.000153023 0.000194567 0.000231761 0.000267634 0.000309588 0.000357104 0.000401823 0.000441425 0.000493513 0.000557144 0.000616407 0.000661415 0.000715549 0.000794816 0.000868741 0.000921877 0.000964139 0.00102508 0.00108326 0.00111164 0.00112132 0.00112032 0.00111817 0.00109773 0.00106906 0.00102783 0.000974974 0.000943071 0.000945349 0.00097542 0.00102105 0.0011132 0.00128584 0.00154596 0.00190172 0.00238048 0.00299031 0.00376365 0.00473811 0.00592826 0.00729839 0.00877884 0.010309 0.0117651 0.0130214 0.0139493 0.0144174 0.0143119 0.013595 0.0123082 0.0105563 0.00850335 0.00637678 0.00439674 0.00276372 0.00169025 0.00131292 0.00172196 0.00294945 0.00496761 0.00767422 0.0109372 0.0145979 0.0184855 0.0224163 0.0262531 0.0298493 0.0330739 0.0358483 0.0380884 0.039729 0.0407525 0.0411367 0.0408717 0.0399911 0.0385139 0.0364862 0.0339706 0.0310414 0.0277748 0.0242706 0.0206201 0.0169251 0.0132755 0.00977374 0.00649245 0.00351084 0.000895053 -0.00130626 -0.00306453 -0.00434419 -0.00516178 -0.0055325 -0.00549534 -0.00511245 -0.0044494 -0.00356649 -0.00256756 -0.00152823 -0.00053505 0.00032018 0.000955355 0.0012985 0.00126399 0.000815492 -8.63288e-05 -0.00145888 -0.0032961 -0.00556994 -0.00825339 -0.011282 -0.0145948 -0.0181098 -0.0217462 -0.0254045 -0.0290022 -0.0324515 -0.0356715 -0.0385939 -0.0411809 -0.0433789 -0.045179 -0.0465843 -0.0475885 -0.0482204 -0.0485201 -0.0484997 -0.0482 -0.0476474 -0.0468228 -0.0457156 -0.0442817 -0.0424565 -0.0401734 -0.0373942 -0.0340934 -0.03029 -0.0260559 -0.0215193 -0.0168108 -0.0121277 -0.00767028 -0.00361823 -0.000152473 0.00258511 0.00453176 0.00569769 0.00615228 0.00603021 0.00550286 0.00472919 0.00382901 0.00294254 0.00215003 0.00150196 0.00102341 0.000703665 0.000494964 0.000337053 0.000215044 0.000116567 1.58872e-05 -9.8725e-05 -0.000229925 -0.000395802 -0.000583011 -0.000767688 -0.000926744 -0.00108332 -0.0012462 -0.00138314 -0.00148871 -0.0015627 -0.00162454 -0.00166977 -0.00170463 -0.00173018 -0.00172961 -0.00171471 -0.00170543 -0.00171127 -0.00170395 -0.00167698 -0.0016595 -0.00166326 -0.00166359 -0.00164095 -0.00162082 -0.00162439 -0.00163384 -0.00162426 -0.00160667 -0.00160671 -0.00161768 -0.00161412 -0.0015988 
0 4.37547e-05 8.50921e-05 0.000131568 0.00017421 0.000222447 0.000267634 0.000313559 0.000368424 0.000419869 0.000474778 0.000522292 0.000582901 0.000655836 0.000718326 0.00078045 0.000840826 0.000926859 0.00100774 0.00106667 0.00112706 0.00118583 0.00125122 0.00128217 0.00129111 0.0012928 0.00127969 0.00126138 0.00122396 0.00117784 0.00112903 0.00110288 0.00111575 0.00116442 0.00123706 0.00136708 0.00158163 0.00189044 0.00232146 0.00287555 0.00359695 0.00450541 0.0056455 0.00703373 0.00862494 0.0103556 0.012135 0.0138341 0.0153019 0.0163967 0.0169499 0.0168624 0.0160736 0.0146369 0.012677 0.0103843 0.00800757 0.00580363 0.0040041 0.0028271 0.0024431 0.00292584 0.00432533 0.00658705 0.00960375 0.0132189 0.0172592 0.0215094 0.0257949 0.0299323 0.0337683 0.0371776 0.0400643 0.0423492 0.0439908 0.0449654 0.0452582 0.0448905 0.0438809 0.0422702 0.0401119 0.0374825 0.0344462 0.0311092 0.0275537 0.0238748 0.0201576 0.0165037 0.0129751 0.00965751 0.0066126 0.00390748 0.00157558 -0.000334341 -0.00181983 -0.0028744 -0.00352254 -0.00380049 -0.00378806 -0.0035206 -0.00306318 -0.00249836 -0.00191871 -0.00137161 -0.00094401 -0.000710149 -0.00075157 -0.00112018 -0.00187966 -0.00304884 -0.00465146 -0.00667518 -0.00910769 -0.0118954 -0.0150065 -0.0183748 -0.0219371 -0.0256106 -0.0293338 -0.0330086 -0.0365637 -0.039919 -0.0430128 -0.0457842 -0.0482088 -0.0502571 -0.051926 -0.053221 -0.0541544 -0.054744 -0.0550118 -0.054973 -0.0546277 -0.0539724 -0.0529571 -0.051536 -0.0496303 -0.047166 -0.0440799 -0.0403648 -0.0360209 -0.0311514 -0.0258896 -0.0204111 -0.0149397 -0.00971575 -0.0049535 -0.000867196 0.00238277 0.00473066 0.00616567 0.00678831 0.00673683 0.00620457 0.00536711 0.00438304 0.00338464 0.00248787 0.00174077 0.00117652 0.000791632 0.000519629 0.000327591 0.000171753 4.65805e-05 -7.11111e-05 -0.000198068 -0.000342021 -0.000513003 -0.000708691 -0.00089832 -0.00107015 -0.00124527 -0.00141316 -0.00157362 -0.00169304 -0.00178781 -0.00186661 -0.00192231 -0.00197628 -0.00200335 -0.00201212 -0.00200083 -0.00199111 -0.00199554 -0.00198271 -0.00196152 -0.00194481 -0.00194699 -0.00194763 -0.00192859 -0.00191378 -0.0019155 -0.00192202 -0.00191333 -0.00189756 -0.00189439 -0.00189839 -0.00189074 -0.00187408 
0 5.03607e-05 0.000104651 0.000150206 0.000205949 0.000254199 0.000309588 0.000368424 0.000425451 0.000492848 0.000544839 0.000610481 0.000677293 0.000752295 0.000831459 0.000892788 0.000976863 0.0010553 0.0011407 0.00121126 0.00126802 0.00133936 0.00138867 0.00142985 0.0014403 0.00143913 0.0014331 0.00141238 0.00138157 0.00133844 0.00130237 0.00129057 0.00132472 0.00138653 0.00150023 0.00166402 0.00191583 0.00228454 0.00276851 0.00341776 0.0042402 0.00529125 0.00660856 0.00819031 0.0100086 0.0119916 0.0140124 0.0159516 0.0176352 0.0188795 0.0195448 0.0194751 0.0186476 0.0171014 0.0149693 0.0124845 0.00990613 0.00750517 0.005569 0.0043106 0.00390028 0.00445866 0.00598585 0.00844166 0.0117047 0.0155963 0.0199058 0.0244294 0.0289379 0.033249 0.0372055 0.0406749 0.0435621 0.0458166 0.0473875 0.0482595 0.0484517 0.0479671 0.0468529 0.045172 0.0429783 0.0403437 0.0373688 0.0341117 0.0306681 0.0271294 0.0235688 0.0200462 0.0166502 0.0134345 0.0104552 0.00775635 0.00538765 0.00335846 0.00168342 0.000348579 -0.000672172 -0.00140296 -0.00185196 -0.00210776 -0.00224586 -0.0022943 -0.00229482 -0.0023495 -0.00251945 -0.00285902 -0.00341533 -0.00424341 -0.00537427 -0.00684748 -0.0086725 -0.0108488 -0.0133523 -0.016174 -0.0192567 -0.0225521 -0.0260184 -0.0296005 -0.0332109 -0.0368067 -0.0403112 -0.0436544 -0.0467888 -0.0496702 -0.0522453 -0.0545063 -0.0564357 -0.058026 -0.0592906 -0.0602374 -0.0608655 -0.0611755 -0.0611568 -0.0607603 -0.0599447 -0.0586316 -0.0567292 -0.0541548 -0.0508509 -0.0467663 -0.0419554 -0.0364991 -0.0305485 -0.0243361 -0.0180997 -0.0121075 -0.00664178 -0.00191985 0.00187831 0.00464193 0.00640318 0.00722372 0.00728459 0.00678386 0.00591029 0.00485869 0.00377724 0.00277573 0.00194336 0.00130413 0.000840222 0.000527225 0.000287381 0.000111149 -3.7885e-05 -0.000174111 -0.000306544 -0.000463052 -0.000640419 -0.000836422 -0.00102942 -0.00121754 -0.00139509 -0.00158221 -0.0017472 -0.00189094 -0.00200791 -0.00209356 -0.00217849 -0.00223121 -0.00227637 -0.00229031 -0.00228761 -0.00229227 -0.00228519 -0.00228109 -0.00225692 -0.0022423 -0.00223897 -0.00223057 -0.00221815 -0.00220014 -0.00219869 -0.00219845 -0.00219056 -0.00218042 -0.0021754 -0.00217635 -0.0021686 -0.0021562 
0 6.22016e-05 0.00011811 0.000181999 0.000235275 0.000297477 0.000357104 0.000419869 0.000492848 0.000553333 0.00062629 0.000693958 0.000772079 0.000858566 0.000931732 0.00102445 0.00110429 0.00119517 0.00128025 0.00134576 0.00142228 0.00146637 0.00151983 0.00154951 0.00155771 0.00156622 0.00155079 0.00155219 0.0015312 0.00150775 0.00150149 0.00151695 0.00156927 0.00166227 0.00179727 0.00200245 0.00229421 0.00269953 0.00327124 0.00399006 0.00494104 0.00614053 0.00763308 0.00942541 0.0114691 0.0137001 0.0159731 0.0181479 0.0200327 0.0214538 0.0222001 0.0221856 0.0213355 0.01971 0.0174655 0.0148392 0.0120968 0.00955075 0.00748794 0.00613057 0.00570001 0.00626543 0.00788777 0.0104787 0.0139119 0.0179859 0.0224866 0.0271355 0.0317641 0.0361297 0.0400811 0.0435168 0.0463275 0.0484561 0.0499076 0.0506572 0.0507187 0.0501626 0.0490032 0.0473185 0.0451789 0.0426753 0.0398543 0.036835 0.0336599 0.0304002 0.0271041 0.0238774 0.0207205 0.0177216 0.0149086 0.0123187 0.00994231 0.00782712 0.0059248 0.00427896 0.0028581 0.00163674 0.000554311 -0.000361663 -0.00116599 -0.00189719 -0.00266796 -0.00347214 -0.00435347 -0.00535293 -0.00654003 -0.0078945 -0.00948797 -0.0112969 -0.0133474 -0.0156408 -0.0181965 -0.0209492 -0.0239278 -0.0270691 -0.0303384 -0.0336708 -0.0370644 -0.0404328 -0.0437524 -0.0469716 -0.0500522 -0.0529198 -0.0555891 -0.0580059 -0.0601512 -0.0620464 -0.0636681 -0.0649951 -0.0660508 -0.0667923 -0.0671607 -0.0671478 -0.0666226 -0.0655116 -0.0637046 -0.0611066 -0.0576238 -0.0532675 -0.0480315 -0.0420582 -0.0354934 -0.0285935 -0.021629 -0.0149039 -0.00871867 -0.00334522 0.0010163 0.00426571 0.00636524 0.00744543 0.00765416 0.00721461 0.00633766 0.00525113 0.00408866 0.00301582 0.00209918 0.00138111 0.000865597 0.000481815 0.000226926 2.126e-05 -0.000143994 -0.000284552 -0.000428677 -0.000593736 -0.000774622 -0.000979091 -0.00117546 -0.00137264 -0.00157061 -0.0017441 -0.00193243 -0.00207803 -0.00221039 -0.00231808 -0.00240097 -0.0024857 -0.00252585 -0.00256269 -0.00257897 -0.00258736 -0.00259499 -0.00257946 -0.00256874 -0.00254848 -0.0025335 -0.00252274 -0.00250491 -0.0024931 -0.00247861 -0.00247064 -0.00246355 -0.00245558 -0.00245422 -0.0024505 -0.00244919 -0.0024446 
0 6.65321e-05 0.000137269 0.000198951 0.000271412 0.000333292 0.000401823 0.000474778 0.000544839 0.00062629 0.000696129 0.0007864 0.000872597 0.000959374 0.00105336 0.00114141 0.00124721 0.00132642 0.00141044 0.00148639 0.00155119 0.00160743 0.00163829 0.00167574 0.00168631 0.00168857 0.00168195 0.0016822 0.0016763 0.00167011 0.00169036 0.0017334 0.00182028 0.00193257 0.00212013 0.00236656 0.00270299 0.0031788 0.0038083 0.00464071 0.00570792 0.00707097 0.00876123 0.0107636 0.0130447 0.015533 0.0180451 0.020452 0.0225466 0.024112 0.0249874 0.0250205 0.024188 0.0225271 0.0201954 0.0174572 0.0145886 0.0118946 0.00971731 0.00827454 0.00777227 0.00833954 0.00997895 0.0126217 0.0161301 0.0202899 0.0248431 0.0295493 0.0341712 0.0384895 0.0423548 0.045664 0.0483167 0.0503012 0.0516014 0.0522151 0.0521937 0.051583 0.0504328 0.0488413 0.0468663 0.0445793 0.0420604 0.0393593 0.0365363 0.0336613 0.0307739 0.0279133 0.0251156 0.0224154 0.0198239 0.0173436 0.0150005 0.0127917 0.010692 0.00870883 0.00682294 0.00502806 0.00335181 0.00173583 0.000120032 -0.00146065 -0.00302464 -0.00463588 -0.00630967 -0.00806801 -0.0099246 -0.0118692 -0.0139258 -0.0161089 -0.0184134 -0.0208457 -0.0234057 -0.026092 -0.0288944 -0.0317871 -0.0347678 -0.0378099 -0.0408725 -0.0439397 -0.0469805 -0.0499603 -0.0528706 -0.0556714 -0.0583426 -0.0608644 -0.0632079 -0.0653669 -0.067334 -0.0690761 -0.0705864 -0.0718067 -0.0726666 -0.0730822 -0.0729424 -0.072117 -0.070485 -0.0679385 -0.064395 -0.0598138 -0.0542574 -0.0478295 -0.0406997 -0.0331726 -0.0255218 -0.0180803 -0.011209 -0.00518207 -0.000220524 0.00351611 0.00603854 0.00741163 0.00782711 0.0075002 0.00665445 0.00555133 0.00434689 0.00319712 0.00221614 0.00143565 0.000842211 0.000424018 0.000116553 -0.000107129 -0.000296018 -0.000456105 -0.000602432 -0.000777721 -0.000956747 -0.00115057 -0.00134189 -0.00154526 -0.00173394 -0.00191823 -0.00209597 -0.00225927 -0.0024055 -0.00251617 -0.00262993 -0.00270851 -0.00277278 -0.00281673 -0.00284903 -0.00287885 -0.00287733 -0.00288089 -0.00287092 -0.00285915 -0.00283963 -0.00281812 -0.00281088 -0.00279489 -0.00277812 -0.00275949 -0.00275014 -0.00274667 -0.00273936 -0.00273409 -0.00273256 -0.00273549 
0 7.02456e-05 0.000137596 0.000212941 0.000286149 0.000364636 0.000441425 0.000522292 0.000610481 0.000693958 0.0007864 0.000882896 0.00098086 0.00107576 0.00116593 0.00127408 0.00137364 0.00145708 0.00153504 0.00160788 0.00168508 0.00172559 0.00175873 0.0017902 0.00180362 0.0018115 0.00180211 0.00181635 0.00182614 0.00184297 0.00189429 0.00196957 0.00207922 0.0022308 0.00245466 0.00276004 0.0031595 0.00370096 0.0044348 0.00537044 0.00658291 0.00811317 0.00999183 0.0122073 0.0147193 0.0174505 0.0202168 0.0228606 0.0251655 0.0269185 0.0279102 0.0280332 0.0272333 0.0255562 0.0231736 0.0203509 0.0173642 0.0145521 0.0122497 0.0106917 0.0101111 0.010607 0.012214 0.0148345 0.0183187 0.0224426 0.0269498 0.0315607 0.0360831 0.0402726 0.0439837 0.0471323 0.0496175 0.0514184 0.0525658 0.0530656 0.052974 0.0523826 0.0513296 0.0499018 0.0481645 0.0461907 0.0440192 0.0417318 0.0393587 0.0369395 0.0344959 0.0320844 0.0296723 0.0272951 0.0249453 0.0226114 0.0202768 0.0179636 0.0156275 0.0133143 0.0109989 0.00865916 0.00628754 0.00391254 0.00150867 -0.000897272 -0.00335486 -0.00583757 -0.00832437 -0.0108213 -0.0133585 -0.0158919 -0.0184608 -0.0210308 -0.0235988 -0.0261726 -0.0287676 -0.0313497 -0.0339705 -0.0366093 -0.0392697 -0.0419405 -0.0446407 -0.0473358 -0.0500348 -0.0527249 -0.0554026 -0.0580335 -0.0606468 -0.0632064 -0.0656892 -0.0681055 -0.0704111 -0.0725532 -0.0745256 -0.076238 -0.0775856 -0.0784999 -0.0788011 -0.0783469 -0.0769903 -0.0745966 -0.0710568 -0.0663634 -0.0605428 -0.0537381 -0.0461286 -0.0380285 -0.0297483 -0.0216442 -0.0140995 -0.00743156 -0.00188172 0.00238722 0.00533229 0.00705748 0.00772335 0.00755686 0.006803 0.00573407 0.00451421 0.00332933 0.00228839 0.00143811 0.000783403 0.000293692 -4.44038e-05 -0.000300873 -0.000505877 -0.000667801 -0.000819204 -0.000987893 -0.00115741 -0.00133848 -0.00151986 -0.00172052 -0.00191403 -0.00208614 -0.00227228 -0.00243683 -0.00259252 -0.00272227 -0.0028394 -0.00294257 -0.00300795 -0.00307004 -0.00311853 -0.00314847 -0.00315631 -0.00315405 -0.00316157 -0.00315478 -0.00313403 -0.00311808 -0.00311278 -0.00311155 -0.00309238 -0.00307455 -0.00306884 -0.00306418 -0.00305435 -0.00303424 -0.00302837 -0.00302624 
0 7.8449e-05 0.00015473 0.000235862 0.000320409 0.00040758 0.000493513 0.000582901 0.000677293 0.000772079 0.000872597 0.00098086 0.00108656 0.00118447 0.00128191 0.00139203 0.00149455 0.00157093 0.00164152 0.0017162 0.00179163 0.00183321 0.0018618 0.00189784 0.00192257 0.00193743 0.00193909 0.00196369 0.00199209 0.00203366 0.00211375 0.00222175 0.00236627 0.00255737 0.00283686 0.00320545 0.00367483 0.00429879 0.00512676 0.00618715 0.00754638 0.00925578 0.0113383 0.0137749 0.0165251 0.0195044 0.0225184 0.0253972 0.0279182 0.0298517 0.0309928 0.0312194 0.0304822 0.0288185 0.0264004 0.0234975 0.0204011 0.017457 0.0150207 0.0133399 0.0126394 0.0130292 0.014526 0.0170279 0.0203804 0.0243605 0.0287034 0.0331474 0.0374855 0.0414858 0.0450046 0.0479614 0.0502661 0.0519171 0.0529476 0.0533826 0.0532917 0.0527673 0.0518609 0.0506616 0.0492283 0.047621 0.0458739 0.0440411 0.0421457 0.0402136 0.0382502 0.0362734 0.0342451 0.0321734 0.0300349 0.0278053 0.0254806 0.0230668 0.0205198 0.0178661 0.0150935 0.0121986 0.00920145 0.00610829 0.00290584 -0.000340656 -0.00362523 -0.00692385 -0.0102015 -0.0134457 -0.0166496 -0.0197604 -0.0227996 -0.0257473 -0.0285874 -0.031323 -0.0339627 -0.0364896 -0.0389458 -0.0413339 -0.0436796 -0.0459981 -0.0483141 -0.0506232 -0.0529486 -0.0552983 -0.0576928 -0.0601246 -0.0626258 -0.0651768 -0.0677595 -0.0703717 -0.0729696 -0.0754883 -0.0778994 -0.0800959 -0.0819557 -0.0833727 -0.0841574 -0.0841293 -0.08312 -0.0809684 -0.0775481 -0.0728306 -0.0668529 -0.0597517 -0.0517318 -0.04313 -0.0342803 -0.025569 -0.0174063 -0.0101296 -0.0039979 0.000800994 0.004219 0.00633653 0.0073123 0.00736535 0.00675159 0.00575389 0.00455626 0.0033533 0.0022739 0.00137117 0.000654877 0.000117553 -0.000260943 -0.00053991 -0.000759015 -0.000927695 -0.00107754 -0.00123935 -0.00139267 -0.00154988 -0.00171383 -0.0019033 -0.00208756 -0.00225619 -0.00243773 -0.00261047 -0.00277517 -0.00291768 -0.00305118 -0.00316307 -0.00324342 -0.00331846 -0.00338323 -0.00342336 -0.00343331 -0.00344179 -0.00346069 -0.0034642 -0.00344461 -0.00342662 -0.00342429 -0.00342209 -0.00339977 -0.00337655 -0.00336991 -0.00336645 -0.00335225 -0.0033289 -0.00332251 -0.0033246 
0 9.04531e-05 0.000180753 0.000266163 0.000365439 0.000460319 0.000557144 0.000655836 0.000752295 0.000858566 0.000959374 0.00107576 0.00118447 0.00128295 0.0013907 0.00149756 0.0016071 0.00167825 0.00174566 0.00182477 0.00189109 0.0019341 0.00195032 0.00198705 0.0020216 0.00204422 0.00206691 0.00210836 0.00216862 0.00224882 0.00236913 0.00251995 0.00270892 0.00294379 0.0032814 0.00371171 0.00425216 0.00496565 0.0058909 0.0070919 0.00860984 0.0105117 0.0128098 0.0154775 0.0184755 0.0217095 0.0249804 0.0281019 0.0308479 0.0329639 0.0342635 0.0345956 0.033927 0.0322874 0.0298471 0.0268766 0.0236824 0.0206068 0.018018 0.0161798 0.0152974 0.0155077 0.0168026 0.0190927 0.0222183 0.0259649 0.0300577 0.0342677 0.0383614 0.0421352 0.045446 0.0482118 0.0503579 0.0518995 0.0528656 0.0533007 0.053286 0.0528978 0.0522019 0.0512772 0.0501816 0.04896 0.0476599 0.0462978 0.0448899 0.0434316 0.0419172 0.0403197 0.0386193 0.0367951 0.0348273 0.0326746 0.0303429 0.0278063 0.0250462 0.0220668 0.0188704 0.015449 0.0118585 0.00810151 0.00419901 0.000213361 -0.00381107 -0.00785805 -0.0118565 -0.0157801 -0.0195895 -0.0232443 -0.0267255 -0.0300301 -0.0331278 -0.0360304 -0.0387346 -0.0412539 -0.0436012 -0.0458013 -0.0478809 -0.0498829 -0.0518313 -0.0537724 -0.0557367 -0.0577569 -0.0598646 -0.0620825 -0.0644327 -0.0669261 -0.0695538 -0.0723043 -0.0751409 -0.0779931 -0.0808028 -0.0834537 -0.0858145 -0.0877295 -0.0890149 -0.0894453 -0.0888311 -0.0869825 -0.0837623 -0.0791061 -0.0730729 -0.0657762 -0.0574494 -0.0484398 -0.0391025 -0.0298498 -0.0211175 -0.0132602 -0.0065582 -0.0012278 0.00268671 0.00522519 0.00655217 0.00687074 0.00644585 0.00556077 0.00442653 0.00323558 0.00214204 0.0012052 0.000439431 -0.000128682 -0.000540218 -0.000827903 -0.0010494 -0.00121766 -0.00136133 -0.00151477 -0.0016547 -0.0017909 -0.00194057 -0.0021172 -0.00228549 -0.0024488 -0.00261305 -0.00278673 -0.00295199 -0.00310088 -0.00325171 -0.00336834 -0.00347165 -0.00356309 -0.00364913 -0.00370683 -0.00372102 -0.00374508 -0.0037704 -0.00378104 -0.00375901 -0.00373292 -0.00373002 -0.00372087 -0.00369685 -0.00366976 -0.00366326 -0.00366402 -0.00364821 -0.00362769 -0.00362195 -0.00362926 
0 0.0001076 0.000200354 0.000304959 0.000400781 0.000513222 0.000616407 0.000718326 0.000831459 0.000931732 0.00105336 0.00116593 0.00128191 0.0013907 0.00149059 0.00161393 0.00170755 0.00178746 0.00185182 0.00192425 0.00199717 0.00202176 0.00204373 0.00207346 0.00211773 0.00215654 0.0021939 0.00225753 0.00234927 0.00246932 0.00263336 0.00283754 0.00306776 0.00337423 0.00376421 0.00427351 0.00490309 0.00570408 0.00676299 0.00810238 0.00980838 0.0119189 0.014445 0.0173639 0.0206284 0.0241178 0.0276623 0.0310287 0.0339869 0.0363007 0.0377308 0.0381769 0.0375661 0.0359447 0.0334843 0.0304497 0.0271413 0.0239355 0.0211629 0.0191107 0.0179976 0.017927 0.0189294 0.0209134 0.023725 0.0271555 0.0309661 0.034886 0.0387249 0.0422665 0.045372 0.0479676 0.0500108 0.0514875 0.0524657 0.0529864 0.0531092 0.0529268 0.0525005 0.0518813 0.0511405 0.0503246 0.0494381 0.0485166 0.0475485 0.046499 0.0453417 0.0440692 0.0426167 0.0409703 0.0391088 0.0370048 0.0346171 0.0319443 0.0289568 0.0256741 0.0220959 0.0182361 0.0141105 0.0097896 0.00531545 0.000737242 -0.00392371 -0.00858504 -0.0131853 -0.0176698 -0.0220031 -0.0261233 -0.0300185 -0.0336411 -0.0369848 -0.0400584 -0.0428709 -0.0454024 -0.0477037 -0.0497898 -0.0516815 -0.0534284 -0.0551027 -0.0567312 -0.0583852 -0.0601232 -0.0619725 -0.0639716 -0.0661733 -0.0685768 -0.0711912 -0.0740336 -0.077044 -0.0801698 -0.0833391 -0.0864173 -0.0892391 -0.0916555 -0.0934172 -0.0943081 -0.0941058 -0.0926004 -0.0896278 -0.0851385 -0.0791337 -0.0717547 -0.0632371 -0.0539089 -0.0441761 -0.0344609 -0.0252089 -0.016812 -0.009573 -0.00369404 0.000709262 0.00371393 0.00542618 0.0060535 0.0058711 0.00514183 0.00410584 0.00297204 0.00188753 0.000934201 0.000153146 -0.000456893 -0.00087493 -0.00118229 -0.00140259 -0.00156358 -0.00171179 -0.00184504 -0.00197247 -0.00208574 -0.00221578 -0.00236958 -0.00252451 -0.00266289 -0.00281728 -0.00297422 -0.00313318 -0.00329407 -0.00343614 -0.00357457 -0.00367765 -0.00379158 -0.00389767 -0.00396207 -0.00400349 -0.00402712 -0.00407508 -0.00409072 -0.00407246 -0.00405449 -0.00404226 -0.00404023 -0.00400684 -0.0039791 -0.00397055 -0.00396586 -0.00395573 -0.00393023 -0.00392968 -0.00393655 
0 0.000110073 0.000220164 0.000313333 0.000431881 0.000542409 0.000661415 0.00078045 0.000892788 0.00102445 0.00114141 0.00127408 0.00139203 0.00149756 0.00161393 0.00171405 0.00181786 0.00188243 0.00194348 0.00201931 0.00207057 0.00210927 0.00212182 0.00216285 0.00222412 0.00227713 0.00234516 0.00242905 0.00255192 0.0027161 0.0029208 0.00316759 0.0034611 0.00381834 0.00429427 0.00488444 0.00561618 0.00655195 0.00773664 0.00926473 0.0111663 0.0135035 0.0162778 0.0194595 0.0229923 0.0267601 0.0305658 0.0341792 0.0373619 0.0398346 0.0414202 0.041951 0.0413924 0.0397868 0.0372942 0.0341695 0.0307476 0.0273588 0.0243629 0.0220547 0.0206159 0.0202115 0.0208362 0.0224341 0.0248677 0.0279443 0.0314036 0.0350486 0.038615 0.0419387 0.0448825 0.0473628 0.0493442 0.0508552 0.0519126 0.0525747 0.0529144 0.052979 0.0528408 0.0525605 0.0521872 0.0517312 0.0512367 0.0506701 0.0500246 0.049274 0.0484008 0.047325 0.0460528 0.044525 0.0427081 0.0405565 0.0380881 0.0352538 0.032066 0.0284963 0.0245851 0.0203524 0.0158678 0.0111271 0.00619428 0.00112507 -0.00397214 -0.00907682 -0.0141158 -0.0190451 -0.0237765 -0.0282795 -0.0324833 -0.0364038 -0.0399956 -0.0432516 -0.0461615 -0.0487751 -0.0510663 -0.0530932 -0.0548907 -0.0565157 -0.0579983 -0.0594351 -0.0608677 -0.062372 -0.0640076 -0.0658379 -0.0678829 -0.0701945 -0.0727894 -0.0756575 -0.0787943 -0.0821432 -0.0856039 -0.0890495 -0.0923156 -0.0951613 -0.0973923 -0.0987252 -0.0989295 -0.0977849 -0.0951257 -0.0908385 -0.0849724 -0.0776021 -0.0689856 -0.0594597 -0.0494195 -0.039328 -0.0296431 -0.0207639 -0.0130183 -0.00664326 -0.00171725 0.00174527 0.00388571 0.00487533 0.00497704 0.00445944 0.00357566 0.00252731 0.00148941 0.000547994 -0.00025579 -0.000865769 -0.00131917 -0.00162313 -0.00183985 -0.00199942 -0.00212351 -0.00223999 -0.00233577 -0.00241851 -0.00252527 -0.00265451 -0.00278492 -0.00291924 -0.0030437 -0.00319531 -0.00334495 -0.00349619 -0.00365188 -0.00377013 -0.00389366 -0.00400597 -0.00411965 -0.00420649 -0.0042465 -0.00430142 -0.00434685 -0.00438032 -0.00437815 -0.00436302 -0.00437367 -0.00436556 -0.00434829 -0.00431843 -0.00430474 -0.00430345 -0.00427915 -0.00426068 -0.00424399 -0.00424542 
0 0.000120418 0.00022749 0.000343178 0.000456362 0.000587638 0.000715549 0.000840826 0.000976863 0.00110429 0.00124721 0.00137364 0.00149455 0.0016071 0.00170755 0.00181786 0.00189526 0.00196375 0.00202015 0.00208411 0.00214375 0.00217417 0.00220828 0.00225684 0.00233649 0.00241797 0.00251532 0.00263012 0.00279555 0.003004 0.00325469 0.00355687 0.00389243 0.00433462 0.00487297 0.00556321 0.00641818 0.00748232 0.0088492 0.0105632 0.0126996 0.0152846 0.0183176 0.0217735 0.0255927 0.0296201 0.0337024 0.037558 0.0409405 0.0435968 0.0452924 0.0459145 0.0453876 0.0437752 0.0412322 0.0380103 0.034417 0.0308263 0.0275459 0.0248967 0.0230917 0.0222682 0.0224667 0.023647 0.0256724 0.02835 0.031474 0.0347941 0.0381087 0.0412479 0.0440803 0.046516 0.0485491 0.0501421 0.0513494 0.0522134 0.0527862 0.0531298 0.053316 0.0533568 0.0533085 0.053176 0.0529586 0.0526504 0.0522365 0.0516718 0.0509305 0.0499761 0.0487687 0.0472535 0.0454072 0.0432069 0.0405998 0.0375789 0.0341767 0.030397 0.0262569 0.021786 0.0169963 0.0119655 0.00677222 0.00144183 -0.00396751 -0.00936405 -0.0146879 -0.0198644 -0.0248456 -0.029608 -0.0340897 -0.0382321 -0.0420216 -0.0454464 -0.048499 -0.0511899 -0.0535452 -0.055608 -0.0574009 -0.0589817 -0.0604161 -0.0617586 -0.0630756 -0.0644592 -0.0659494 -0.0676362 -0.0695752 -0.0718095 -0.07437 -0.0772826 -0.0805015 -0.0840077 -0.0876928 -0.0914314 -0.0950399 -0.0983012 -0.100943 -0.102709 -0.10332 -0.102542 -0.100194 -0.0961779 -0.0904823 -0.0832145 -0.0746145 -0.064981 -0.0547586 -0.0443938 -0.0343553 -0.0250719 -0.0168929 -0.0100318 -0.00464291 -0.00069499 0.00188371 0.00326857 0.00371767 0.00345845 0.00277318 0.00186337 0.000895045 -1.80647e-05 -0.000802027 -0.0014329 -0.00187222 -0.00217953 -0.00237288 -0.00250122 -0.00260828 -0.00267533 -0.00274222 -0.00278934 -0.00286684 -0.00296802 -0.00308187 -0.00319383 -0.00330706 -0.00343524 -0.00357305 -0.00372728 -0.00386366 -0.00399728 -0.00411003 -0.00423455 -0.00435319 -0.0044377 -0.00450727 -0.00455804 -0.00462459 -0.00466189 -0.00467327 -0.00468019 -0.00468825 -0.00470037 -0.00468224 -0.00466079 -0.00464571 -0.00463369 -0.00461642 -0.0045873 -0.00457124 -0.00456069 
0 0.000133193 0.000266395 0.0003879 0.000525372 0.000657487 0.000794816 0.000926859 0.0010553 0.00119517 0.00132642 0.00145708 0.00157093 0.00167825 0.00178746 0.00188243 0.00196375 0.00202527 0.00208448 0.00215141 0.0022053 0.00225502 0.00230316 0.00237172 0.00247279 0.00258134 0.00271398 0.00286429 0.00306572 0.00332427 0.0036226 0.00397479 0.00438541 0.00490131 0.0055424 0.00633875 0.00732662 0.00855418 0.0100933 0.0120276 0.014409 0.0172633 0.0205852 0.0243451 0.0284596 0.032778 0.0371161 0.0411991 0.0447672 0.0475475 0.0493469 0.0500193 0.049503 0.0478661 0.045246 0.0418734 0.0380812 0.0342083 0.0305895 0.0275569 0.0253208 0.024056 0.0237975 0.0245228 0.0261175 0.0283987 0.0311621 0.0342108 0.0373091 0.0403181 0.0431081 0.0455746 0.047698 0.0494636 0.0508784 0.0519848 0.0528356 0.0534624 0.0539238 0.0542479 0.054465 0.0545555 0.0545414 0.0543851 0.0540662 0.0535689 0.0528713 0.051898 0.0506558 0.0490766 0.0471192 0.0447693 0.0420265 0.038865 0.0353199 0.0313635 0.0270479 0.0224242 0.0175231 0.0123711 0.00704768 0.00158207 -0.00391923 -0.00940358 -0.0148331 -0.0201475 -0.0252625 -0.0301571 -0.0347507 -0.0390389 -0.0429907 -0.0465641 -0.0497475 -0.0525842 -0.0550467 -0.0571993 -0.0590831 -0.0607394 -0.0622113 -0.063582 -0.0648907 -0.0662326 -0.0676798 -0.0693229 -0.0712107 -0.0734184 -0.0759818 -0.0789087 -0.0821994 -0.0858275 -0.0896798 -0.0936479 -0.0975543 -0.101133 -0.104148 -0.106297 -0.107285 -0.106871 -0.104861 -0.101122 -0.0956638 -0.0885583 -0.0800454 -0.0704257 -0.0601194 -0.0495969 -0.0393154 -0.0297106 -0.0211512 -0.0138675 -0.00800526 -0.00359939 -0.00056586 0.00124006 0.00204855 0.00209227 0.00164446 0.000910162 6.11067e-05 -0.00077743 -0.00152191 -0.00211902 -0.00255322 -0.00283489 -0.00300198 -0.0031077 -0.00317335 -0.00320491 -0.00322421 -0.00323191 -0.00327032 -0.00333044 -0.00341305 -0.00350479 -0.00358874 -0.00369776 -0.00381971 -0.00395883 -0.00409458 -0.0042157 -0.00434273 -0.0044695 -0.00459315 -0.00469667 -0.00477298 -0.00484911 -0.0049138 -0.00496305 -0.00498811 -0.00499484 -0.00501188 -0.00501139 -0.00500231 -0.00497783 -0.00495644 -0.00494711 -0.00492441 -0.00491203 -0.00489397 -0.00488967 
