0 0 0 0 0 0 0 0 0 0 0 0 0 0 0 0 0 0 0 0 0 0 0 0 0 0 0 0 0 0 0 0 0 0 0 0 0 0 0 0 0 0 0 0 0 0 0 0 0 0 0 0 0 0 0 0 0 0 0 0 0 0 0 0 0 0 0 0 0 0 0 0 0 0 0 0 0 0 0 0 0 0 0 0 0 0 0 0 0 0 0 0 0 0 0 0 0 0 0 0 0 0 0 0 0 0 0 0 0 0 0 0 0 0 0 0 0 0 0 0 0 0 0 0 0 0 0 0 0 0 0 0 0 0 0 0 0 0 0 0 0 0 0 0 0 0 0 0 0 0 0 0 0 0 0 0 0 0 0 0 0 0 0 0 0 0 0 0 0 0 0 0 0 0 0 0 0 0 0 0 0 0 0 0 0 0 0 0 0 0 0 0 0 0 0 0 0 0 0 0 
0 8.47103e-05 0.00018146 0.00027066 0.000361231 0.000437285 0.000512107 0.000600192 0.00068887 0.000796604 0.000911136 0.00105196 0.00122732 0.00142591 0.00166356 0.00191706 0.00218486 0.00243531 0.00263672 0.00277619 0.00282674 0.00277216 0.00258932 0.00228586 0.00188019 0.001419 0.000921084 0.000437973 1.57815e-05 -0.000323973 -0.000532307 -0.000630941 -0.000576179 -0.000381983 -7.37139e-05 0.000344743 0.000829319 0.00137735 0.0019482 0.00251914 0.00307816 0.00362312 0.00411604 0.00456642 0.00496122 0.00529035 0.0055575 0.00573514 0.00584957 0.00587785 0.00582122 0.00567081 0.00544398 0.00511908 0.00470141 0.00420314 0.00362148 0.0029578 0.00222039 0.00142635 0.000567242 -0.00032148 -0.00124649 -0.00216811 -0.00308175 -0.0039718 -0.00481899 -0.00559552 -0.00631753 -0.00694703 -0.00747278 -0.00791397 -0.00825165 -0.00848043 -0.00861522 -0.0086581 -0.0085912 -0.00844288 -0.00821597 -0.00792278 -0.0075553 -0.00714877 -0.00669786 -0.00621549 -0.00571697 -0.00523556 -0.00474195 -0.00426223 -0.00380974 -0.00339204 -0.00299694 -0.0026396 -0.00230201 -0.00200704 -0.00174311 -0.00149813 -0.00127194 -0.00108124 -0.000894337 -0.000724524 -0.00056848 -0.000414835 -0.000259847 -0.000120092 3.71371e-05 0.000201443 0.000370975 0.000551794 0.000758483 0.000980137 0.0012389 0.0015124 0.00181402 0.0021594 0.00254873 0.00294751 0.00338798 0.00385892 0.00435251 0.00485268 0.00537211 0.00587777 0.00636835 0.00683285 0.00727791 0.00766326 0.00799468 0.00827004 0.00846837 0.00857853 0.00862221 0.00856834 0.00840581 0.00816047 0.00780863 0.007354 0.00681105 0.00618806 0.00547326 0.00470146 0.00386693 0.00300054 0.00210057 0.00119628 0.00029452 -0.000588773 -0.00145157 -0.00227718 -0.00305159 -0.00378335 -0.00445857 -0.00507217 -0.00561935 -0.00612727 -0.00656119 -0.00695119 -0.00729215 -0.00759139 -0.00785887 -0.00808648 -0.00829466 -0.00848571 -0.00864714 -0.0087714 -0.00887099 -0.00889757 -0.00885692 -0.00870881 -0.00844978 -0.00808126 -0.0075693 -0.00695517 -0.00624174 -0.00546658 -0.00465466 -0.0038451 -0.00309033 -0.00243052 -0.00189156 -0.00148764 -0.00123592 -0.0011098 -0.00109748 -0.0011517 -0.00125657 -0.00139447 -0.00152248 -0.00163339 -0.00169355 -0.0017206 -0.00171785 -0.00168088 -0.00162455 -0.00153779 -0.00144533 -0.00134965 -0.0012535 -0.00116801 -0.00108214 -0.00101274 
0 0.00018146 0.000360282 0.000563118 0.000726799 0.000892868 0.00104618 0.00120947 0.00140665 0.00159833 0.00183845 0.00211165 0.0024484 0.00285748 0.00331085 0.00383133 0.00436257 0.00486567 0.0052864 0.00556721 0.00568702 0.00558815 0.00523381 0.0046373 0.00383933 0.00291291 0.00193083 0.000962653 0.000113749 -0.000549169 -0.000989732 -0.00116809 -0.001072 -0.000693743 -6.98784e-05 0.000742606 0.00171452 0.00279654 0.00392235 0.00504523 0.00614633 0.00718809 0.00815114 0.00900927 0.00975155 0.0103965 0.0108837 0.0112267 0.011434 0.0114688 0.0113349 0.0110365 0.0105616 0.0099228 0.00910688 0.00810873 0.00697836 0.00566916 0.00421977 0.00266848 0.00101463 -0.00072696 -0.00249658 -0.00428503 -0.00606731 -0.00779509 -0.00943535 -0.0109616 -0.0123636 -0.0135879 -0.014651 -0.0155277 -0.0162038 -0.0166704 -0.0169576 -0.0170313 -0.0169384 -0.0166745 -0.0162469 -0.0156705 -0.0149847 -0.0141895 -0.0133248 -0.0124056 -0.0114532 -0.0104809 -0.0095145 -0.00859509 -0.00771708 -0.00686064 -0.00606681 -0.00536332 -0.00469835 -0.00409012 -0.00354944 -0.00305601 -0.00260371 -0.00220948 -0.00182637 -0.001477 -0.0011586 -0.00084526 -0.000528929 -0.000231948 9.11477e-05 0.000419779 0.000760981 0.00114847 0.00157875 0.00201773 0.0025232 0.00310244 0.00373041 0.00441045 0.00515934 0.00597553 0.00685658 0.00778027 0.00873523 0.00972557 0.0107142 0.0117003 0.0126612 0.0135695 0.0143959 0.0151476 0.0157788 0.0163005 0.0166722 0.0168894 0.016931 0.0168017 0.016473 0.0159691 0.0152684 0.0143841 0.0133122 0.0120786 0.0107051 0.00919154 0.00758347 0.00591383 0.00417628 0.00240807 0.000674105 -0.00106274 -0.00274227 -0.00434098 -0.00586212 -0.00728825 -0.00860764 -0.00982056 -0.010909 -0.0118981 -0.0127849 -0.0135472 -0.0142403 -0.0148584 -0.0154049 -0.0158962 -0.0163482 -0.0167606 -0.0171179 -0.0174076 -0.0176142 -0.0177122 -0.0176372 -0.0173623 -0.0168725 -0.0161312 -0.0151373 -0.013909 -0.0124928 -0.0109532 -0.00933626 -0.00772831 -0.00623675 -0.00492594 -0.00386061 -0.0030708 -0.00255815 -0.00232419 -0.00228233 -0.00238885 -0.00259837 -0.00284594 -0.00311411 -0.00330778 -0.00343143 -0.00348373 -0.00346038 -0.00340566 -0.0032728 -0.00311555 -0.00293156 -0.00273536 -0.00256441 -0.00237822 -0.00222772 -0.00208324 
0 0.00027066 0.000563118 0.000844068 0.00111867 0.00135743 0.00158882 0.00184779 0.0021153 0.00242522 0.00276504 0.00317936 0.00369516 0.00429455 0.00500407 0.00577551 0.00658582 0.00735004 0.00797767 0.00841731 0.00859659 0.00845922 0.00794545 0.00707174 0.00589432 0.00453714 0.00307273 0.00164302 0.000383861 -0.000624908 -0.00126195 -0.00155145 -0.00139898 -0.000833233 7.73514e-05 0.00129812 0.00271803 0.00430289 0.00594285 0.00756876 0.00914271 0.0106484 0.0120013 0.0132132 0.0142583 0.0151178 0.0157908 0.016225 0.016473 0.016485 0.0162606 0.0157814 0.0150811 0.0141171 0.0128983 0.0114537 0.00978737 0.00790096 0.00582222 0.00359623 0.00121182 -0.00125347 -0.00380034 -0.00634365 -0.00886758 -0.0113319 -0.0136884 -0.0158738 -0.0179124 -0.0197146 -0.021251 -0.0225511 -0.0235694 -0.0242892 -0.0247409 -0.0249255 -0.0248127 -0.0244619 -0.0238862 -0.0231167 -0.022146 -0.0210508 -0.0198295 -0.0185134 -0.0171414 -0.0157865 -0.0143959 -0.0130307 -0.011723 -0.0104908 -0.00931898 -0.0082434 -0.00722539 -0.00631589 -0.00549413 -0.00473197 -0.0040281 -0.00341667 -0.00282673 -0.00228459 -0.00178125 -0.00128781 -0.000794048 -0.000332616 0.000170468 0.00069497 0.00123943 0.00182355 0.0024791 0.00318212 0.00398355 0.00483971 0.00577429 0.00681848 0.00797044 0.00915656 0.010439 0.0117897 0.0131866 0.0145953 0.0160338 0.0174306 0.0187777 0.0200471 0.0212425 0.0222779 0.0231552 0.0238646 0.0243541 0.0245981 0.0246352 0.0244018 0.0238739 0.0231095 0.022063 0.0207473 0.0191982 0.017439 0.0154524 0.0133117 0.0110145 0.00862842 0.00615293 0.00365446 0.00115937 -0.00130045 -0.00370934 -0.00602287 -0.00820867 -0.0102785 -0.0121984 -0.0139562 -0.0155429 -0.0170166 -0.0183113 -0.0194871 -0.0205454 -0.0215039 -0.0223829 -0.0231695 -0.023907 -0.0245957 -0.0252011 -0.0256984 -0.0260984 -0.026287 -0.0262492 -0.0258881 -0.0251846 -0.0241306 -0.0226588 -0.0208635 -0.0187752 -0.0164976 -0.0141128 -0.0117384 -0.00952438 -0.00758544 -0.00599945 -0.0048109 -0.00405578 -0.00367414 -0.0036143 -0.00375762 -0.00404935 -0.00442884 -0.00479027 -0.00509145 -0.00525804 -0.00532481 -0.0053026 -0.00519086 -0.0050174 -0.00477058 -0.00450414 -0.00422986 -0.00395809 -0.00371103 -0.00347328 -0.00327106 
0 0.000361231 0.000726799 0.00111867 0.00146546 0.00180066 0.00212224 0.00246496 0.00285461 0.00326125 0.00374358 0.00430731 0.00499756 0.00582406 0.00676054 0.00780858 0.00888557 0.00990399 0.0107555 0.0113413 0.0115946 0.0114215 0.0107563 0.00961716 0.00808549 0.00629583 0.00438816 0.00251219 0.000855697 -0.00044806 -0.00130875 -0.00166521 -0.00147974 -0.000753918 0.000439291 0.00200252 0.00384945 0.00588666 0.00798816 0.0100614 0.0120595 0.013923 0.0156069 0.0170763 0.0183173 0.0193426 0.02009 0.0205638 0.0207835 0.0207044 0.0203259 0.0196527 0.0186785 0.0174106 0.0158367 0.013965 0.0118497 0.00945381 0.00682812 0.0040319 0.00107347 -0.00201156 -0.00515142 -0.00831255 -0.0114592 -0.0145277 -0.0174614 -0.0202172 -0.0227746 -0.0250547 -0.0270547 -0.0287462 -0.0300928 -0.0310772 -0.0317282 -0.0320132 -0.0319735 -0.0316213 -0.0309717 -0.0300529 -0.0289127 -0.0275758 -0.0260906 -0.0244853 -0.0227986 -0.0210624 -0.0193044 -0.0175859 -0.015916 -0.0142816 -0.0127333 -0.0113116 -0.00996433 -0.00871872 -0.0075875 -0.00654353 -0.00558221 -0.00472036 -0.00389758 -0.00313458 -0.00242577 -0.00173139 -0.00103919 -0.000369466 0.000338277 0.00106837 0.00183066 0.00267036 0.00358897 0.00455323 0.00563152 0.00682671 0.00811051 0.00949072 0.0109796 0.0125589 0.0142282 0.0159554 0.0177162 0.0195033 0.0212765 0.0230146 0.0246852 0.0262468 0.027661 0.02891 0.0299407 0.0307508 0.0312843 0.0315234 0.0314533 0.0310647 0.0303298 0.0292855 0.0279124 0.0262276 0.0242462 0.0220052 0.0195312 0.0168434 0.0139979 0.0110429 0.0079789 0.00486529 0.00177894 -0.00130131 -0.00430484 -0.00718699 -0.00994054 -0.0125432 -0.0149743 -0.0172261 -0.0192839 -0.0211847 -0.0229173 -0.0244747 -0.0259207 -0.0272591 -0.0284961 -0.0296509 -0.0307445 -0.0317726 -0.0326986 -0.0334906 -0.0341145 -0.0344959 -0.0345346 -0.0341596 -0.0333321 -0.0319979 -0.030145 -0.0278207 -0.0251127 -0.0221418 -0.0190175 -0.0159068 -0.0130025 -0.0104463 -0.00835323 -0.00678652 -0.00576118 -0.00525265 -0.00513505 -0.00530611 -0.00567689 -0.00613845 -0.00661848 -0.0069838 -0.0072094 -0.00729803 -0.00725479 -0.00712864 -0.00688397 -0.0065806 -0.00623426 -0.0058724 -0.00553577 -0.00519306 -0.00489898 -0.00462602 
0 0.000437285 0.000892868 0.00135743 0.00180066 0.00221882 0.00263537 0.00308648 0.00358056 0.00412833 0.00475334 0.00549571 0.00639502 0.00745118 0.00865949 0.00997883 0.0113345 0.0126078 0.0136648 0.0143976 0.0147054 0.0144888 0.0136757 0.0122853 0.0104162 0.00823578 0.00590353 0.00362186 0.00160155 7.1079e-07 -0.00104513 -0.00149117 -0.001269 -0.000400115 0.00102378 0.00290221 0.00510239 0.00751717 0.00999836 0.0124328 0.0147532 0.0169061 0.0188154 0.0204596 0.0218201 0.0228865 0.0236357 0.0240475 0.0241544 0.0239248 0.0233555 0.0224441 0.0212094 0.0196354 0.0177247 0.0155053 0.0130021 0.0102137 0.00718045 0.00395497 0.000549655 -0.00297533 -0.00657875 -0.0101932 -0.0137841 -0.0172985 -0.0206763 -0.0238608 -0.0268386 -0.0295263 -0.0318897 -0.0339224 -0.0355787 -0.0368345 -0.0377052 -0.0381799 -0.0382535 -0.037963 -0.0373318 -0.036392 -0.0351657 -0.0337124 -0.03206 -0.030245 -0.0283171 -0.0263342 -0.0242915 -0.0222479 -0.0202393 -0.0182829 -0.0163982 -0.0146202 -0.0129262 -0.0113552 -0.00990595 -0.00855407 -0.00729912 -0.00615847 -0.00507712 -0.0040649 -0.0031106 -0.00217889 -0.0012557 -0.000351882 0.00059371 0.00157677 0.0026032 0.00370496 0.00490344 0.0061831 0.00758589 0.0090922 0.0107029 0.0124349 0.0142803 0.0161889 0.0181822 0.0202313 0.022304 0.0243718 0.0264192 0.0283903 0.0302579 0.0319867 0.0335497 0.0348839 0.035963 0.0367679 0.0372472 0.0373785 0.0371735 0.0365952 0.0356277 0.034315 0.0326392 0.0306185 0.0282896 0.0256851 0.0228151 0.0197321 0.0164686 0.0130814 0.00958607 0.00604669 0.00251368 -0.000992076 -0.00443146 -0.00775387 -0.0109335 -0.0139638 -0.0168154 -0.0194746 -0.0219398 -0.0242501 -0.0263771 -0.028351 -0.0302021 -0.0319477 -0.0335996 -0.035162 -0.0366639 -0.0380952 -0.039409 -0.0405616 -0.0415126 -0.0421429 -0.0423598 -0.042053 -0.0411667 -0.0396547 -0.0374788 -0.0347181 -0.031465 -0.0278647 -0.0240678 -0.0202725 -0.0167083 -0.0135612 -0.0109674 -0.00901025 -0.00772235 -0.00704815 -0.00687439 -0.0070566 -0.00748566 -0.00804521 -0.0086066 -0.009059 -0.00933377 -0.0094427 -0.0094029 -0.00923599 -0.00895409 -0.00858262 -0.00816545 -0.00773477 -0.00731357 -0.00690868 -0.00653729 -0.00620609 
0 0.000512107 0.00104618 0.00158882 0.00212224 0.00263537 0.00315777 0.00372339 0.00434511 0.00504345 0.00583745 0.00677757 0.00789961 0.00920699 0.0106911 0.0122944 0.0139304 0.0154604 0.0167316 0.0176146 0.0179842 0.0177302 0.0167795 0.0151526 0.0129671 0.0104096 0.00767924 0.00501213 0.00264392 0.000765138 -0.000475812 -0.00101242 -0.000785093 0.000179691 0.00178186 0.00389976 0.00638179 0.0090902 0.0118636 0.0145704 0.0171236 0.019458 0.0214984 0.0232153 0.0245941 0.0256185 0.0262781 0.0265581 0.0264827 0.0260414 0.0252315 0.0240608 0.0225515 0.0206965 0.0185034 0.0160031 0.0132107 0.0101423 0.00683002 0.00332124 -0.000360385 -0.00416267 -0.00804472 -0.0119439 -0.0158203 -0.0196227 -0.0232891 -0.0267682 -0.0300295 -0.0330099 -0.0356649 -0.0379805 -0.039911 -0.0414319 -0.0425405 -0.0432339 -0.0435 -0.0433675 -0.0428549 -0.0419907 -0.0407992 -0.0393369 -0.0376343 -0.0357303 -0.0336724 -0.0315132 -0.0292699 -0.0269936 -0.0247214 -0.0224771 -0.0202876 -0.018184 -0.0161674 -0.0142631 -0.0124778 -0.0107995 -0.00923091 -0.00777412 -0.00639727 -0.00509514 -0.00385592 -0.00264666 -0.00145143 -0.000261659 0.000962642 0.00223397 0.00356288 0.00497629 0.0064882 0.00809764 0.00982708 0.0116667 0.0136106 0.0156634 0.0178125 0.0200214 0.0222906 0.0245916 0.0268895 0.0291518 0.0313592 0.0334586 0.0354162 0.0371941 0.0387608 0.0400584 0.0410666 0.0417573 0.0420934 0.0420523 0.0416438 0.0408402 0.0396416 0.0380766 0.0361462 0.0338639 0.031269 0.0283927 0.0252538 0.0219032 0.0183778 0.0147246 0.0109714 0.00717504 0.00337625 -0.000389795 -0.00409389 -0.00768958 -0.0111526 -0.0144768 -0.0176398 -0.0206261 -0.0234426 -0.0261123 -0.02862 -0.0309945 -0.0332585 -0.0354349 -0.0375325 -0.0395577 -0.0415282 -0.0434272 -0.0452013 -0.0467938 -0.0481383 -0.0491045 -0.0495748 -0.0494239 -0.0485722 -0.0469622 -0.0445622 -0.0414466 -0.0377295 -0.0335735 -0.0291686 -0.0247501 -0.0205781 -0.0168793 -0.0138168 -0.0114942 -0.0099489 -0.00911634 -0.00887447 -0.00906101 -0.00953951 -0.0101756 -0.0108146 -0.0113385 -0.0116669 -0.0118008 -0.0117637 -0.0115707 -0.0112504 -0.0108267 -0.0103469 -0.00985033 -0.00935809 -0.00888933 -0.00845291 -0.00806462 
0 0.000600192 0.00120947 0.00184779 0.00246496 0.00308648 0.00372339 0.00440506 0.00517747 0.0060278 0.00701656 0.00817103 0.00952854 0.0111131 0.0128768 0.0147832 0.0167045 0.0184957 0.0199933 0.0210291 0.02147 0.0211864 0.0201099 0.0182635 0.015785 0.0128613 0.00975408 0.00670849 0.00398953 0.00183275 0.000361694 -0.000284447 -0.000100389 0.000901846 0.00262387 0.00489667 0.00758244 0.0104902 0.0134572 0.0163349 0.0190248 0.0214281 0.0235072 0.0251993 0.0264993 0.0274087 0.0278937 0.0279857 0.0276777 0.0269884 0.0259152 0.0244926 0.0227138 0.020615 0.0181999 0.0154844 0.0125058 0.00927091 0.00581139 0.00216335 -0.00162846 -0.00555699 -0.00953858 -0.0135565 -0.0175565 -0.021486 -0.0252854 -0.0289296 -0.0323465 -0.0355037 -0.0383709 -0.0408967 -0.0430543 -0.0448222 -0.0461835 -0.0471138 -0.0476373 -0.0477409 -0.0474421 -0.0467511 -0.0457229 -0.0443621 -0.0427264 -0.0408503 -0.0387827 -0.0365355 -0.0341868 -0.0317679 -0.0293124 -0.0268325 -0.0243889 -0.0219991 -0.0196886 -0.0174552 -0.0153299 -0.0133122 -0.0114086 -0.00959921 -0.00788839 -0.00625152 -0.00467976 -0.00314324 -0.00162727 -9.63387e-05 0.00145614 0.00306024 0.00473048 0.00649712 0.00835161 0.0103061 0.0123594 0.0145351 0.0167979 0.0191358 0.0215338 0.0240001 0.0264765 0.0289474 0.0313762 0.0337446 0.03599 0.0381022 0.0400267 0.0417306 0.0431592 0.0443093 0.0451313 0.0456059 0.0457147 0.0454509 0.0447887 0.0437475 0.0423329 0.0405408 0.0384071 0.0359427 0.0331717 0.0301266 0.026858 0.0233697 0.0197377 0.0159795 0.0121378 0.00824809 0.00436585 0.00049748 -0.00330812 -0.00702211 -0.0106389 -0.01413 -0.0174945 -0.0207187 -0.0238151 -0.0267756 -0.0296374 -0.0323796 -0.035054 -0.0376721 -0.0402318 -0.0427595 -0.0452432 -0.0476606 -0.0499568 -0.0520623 -0.0538596 -0.0552469 -0.0560375 -0.0561223 -0.0553913 -0.0537537 -0.0512269 -0.0478386 -0.0437484 -0.0391275 -0.0341998 -0.0292418 -0.0245375 -0.0203453 -0.0168626 -0.0142132 -0.0124229 -0.0114505 -0.0111338 -0.0113252 -0.011852 -0.0125454 -0.0132672 -0.0138475 -0.0142377 -0.0144043 -0.0143682 -0.0141702 -0.0138077 -0.0133504 -0.0128185 -0.0122611 -0.0117179 -0.0111821 -0.0106987 -0.010255 
0 0.00068887 0.00140665 0.0021153 0.00285461 0.00358056 0.00434511 0.00517747 0.00608633 0.00713637 0.00832056 0.0097162 0.0113411 0.0131995 0.0152829 0.0174857 0.0197065 0.021766 0.0234816 0.0246796 0.0251855 0.024872 0.023676 0.021624 0.0188543 0.0155937 0.0120989 0.0086809 0.00560772 0.00312151 0.0014164 0.000584346 0.000681854 0.00166131 0.00341066 0.00577827 0.00856852 0.0115823 0.014646 0.0175981 0.0203083 0.0227086 0.0247126 0.0263004 0.0274586 0.0281543 0.0284292 0.0282754 0.0277038 0.0267562 0.0254373 0.0237626 0.021776 0.0194709 0.0168823 0.0140486 0.0109559 0.00766417 0.00418597 0.000535014 -0.00325072 -0.00712592 -0.0110808 -0.0150563 -0.0190096 -0.0229086 -0.0267113 -0.0303667 -0.0338302 -0.0370786 -0.0400421 -0.0427059 -0.0450436 -0.0470255 -0.0486167 -0.0498352 -0.050628 -0.0510117 -0.050999 -0.0506 -0.0498122 -0.0486851 -0.0472298 -0.0454861 -0.0434947 -0.0413117 -0.0389632 -0.0364692 -0.0338855 -0.0312787 -0.0286501 -0.0260097 -0.0234206 -0.0208986 -0.0184468 -0.0160832 -0.0138152 -0.011631 -0.00954792 -0.0075348 -0.0055722 -0.00365242 -0.00175531 0.000160246 0.00209565 0.00408808 0.00615008 0.00827525 0.0104853 0.01281 0.0152075 0.0176641 0.0201993 0.022799 0.0254256 0.0280471 0.030647 0.0332038 0.0356795 0.0380217 0.0402191 0.0422112 0.0439649 0.0454602 0.046675 0.0475486 0.0480944 0.0482772 0.0480951 0.0475428 0.0466356 0.0453538 0.0437254 0.0417545 0.0394666 0.0368787 0.0340315 0.0309462 0.0276429 0.0241787 0.0205703 0.0168494 0.01307 0.00925892 0.00541805 0.0016185 -0.00215253 -0.00587154 -0.00950173 -0.0130549 -0.0165154 -0.019872 -0.0231521 -0.0263505 -0.0294745 -0.0325697 -0.0356191 -0.0386575 -0.0416984 -0.0447282 -0.0477508 -0.0507242 -0.0535847 -0.0562425 -0.0585723 -0.0604109 -0.0616064 -0.0619914 -0.0614359 -0.0598768 -0.0572813 -0.0537315 -0.0493623 -0.0443724 -0.0390317 -0.0336291 -0.0284786 -0.0238725 -0.0200294 -0.0170887 -0.0151005 -0.0139822 -0.0136178 -0.0138136 -0.0143798 -0.0151557 -0.0159288 -0.0165977 -0.0170456 -0.0172535 -0.0172546 -0.0170361 -0.0166801 -0.0161836 -0.0156186 -0.0150283 -0.0144187 -0.013858 -0.0133102 -0.0128295 
0 0.000796604 0.00159833 0.00242522 0.00326125 0.00412833 0.00504345 0.0060278 0.00713637 0.00838132 0.00981975 0.0114812 0.0133865 0.0155634 0.0179488 0.0204731 0.0229827 0.025299 0.0272339 0.0285728 0.0291361 0.0287844 0.0274582 0.0251923 0.0221428 0.0185179 0.0146505 0.0108374 0.00738067 0.00456736 0.00254821 0.00151222 0.00144149 0.00231192 0.00402097 0.00636631 0.00917803 0.0122068 0.0152755 0.0182119 0.0208826 0.0231668 0.0250438 0.0264499 0.0273849 0.0278551 0.0278603 0.027456 0.0266221 0.0254195 0.0238574 0.0219918 0.0198108 0.0173741 0.0147039 0.011806 0.00870785 0.00544462 0.00202987 -0.00152371 -0.00515575 -0.0088875 -0.0126443 -0.0164422 -0.020229 -0.0239684 -0.0276226 -0.0311868 -0.0345657 -0.0377734 -0.0407785 -0.0435135 -0.0459665 -0.0481199 -0.0499313 -0.0513766 -0.052476 -0.0531897 -0.053514 -0.0534327 -0.0529964 -0.0521697 -0.0509997 -0.0495148 -0.0477445 -0.0456722 -0.0434145 -0.040977 -0.0383939 -0.0356889 -0.0329269 -0.0301136 -0.0273218 -0.0245216 -0.0217553 -0.0190538 -0.0164302 -0.013844 -0.0113523 -0.00891163 -0.00651659 -0.00415834 -0.00182435 0.000546995 0.00291236 0.00532206 0.00779404 0.0103336 0.0129149 0.0155741 0.0182655 0.0210268 0.023814 0.0265904 0.0293338 0.0320822 0.0347293 0.0372667 0.0396628 0.0418931 0.0438856 0.0456595 0.047154 0.0483495 0.0492036 0.0497478 0.0499446 0.0497837 0.0492833 0.048449 0.0472478 0.0457326 0.0439307 0.041806 0.0394294 0.0368094 0.0339579 0.0309027 0.0277079 0.024352 0.0209089 0.0173655 0.013775 0.0101411 0.00649152 0.00284284 -0.000774019 -0.00436061 -0.00791399 -0.0114037 -0.014855 -0.0182594 -0.0216417 -0.0249716 -0.0283231 -0.0316706 -0.0350528 -0.0384832 -0.0419602 -0.0455027 -0.0490628 -0.0525983 -0.0560406 -0.0592814 -0.0621403 -0.0644972 -0.0661178 -0.0668636 -0.066574 -0.0651396 -0.062599 -0.0589607 -0.054414 -0.0491631 -0.043499 -0.037757 -0.0322567 -0.0273167 -0.0231876 -0.0200224 -0.0178563 -0.0166454 -0.0162294 -0.0164481 -0.0170768 -0.0179129 -0.0187886 -0.0195295 -0.0200736 -0.0203549 -0.0203905 -0.0202172 -0.0198536 -0.0193675 -0.0187852 -0.0181618 -0.0175366 -0.0169234 -0.016355 -0.0158302 
0 0.000911136 0.00183845 0.00276504 0.00374358 0.00475334 0.00583745 0.00701656 0.00832056 0.00981975 0.0115229 0.0134864 0.0157155 0.0182158 0.0209466 0.0237859 0.0265885 0.0291509 0.0312697 0.0327203 0.0333006 0.0328703 0.0313849 0.028889 0.0255307 0.0215564 0.0172846 0.0130685 0.00921334 0.00600532 0.00366069 0.00232702 0.00203212 0.00272237 0.00428576 0.00653635 0.00926211 0.0122065 0.0151871 0.0180251 0.0205606 0.0227026 0.0243856 0.025588 0.0262973 0.0265006 0.0262541 0.0255906 0.0245096 0.0230858 0.0213448 0.0193187 0.0170386 0.0145243 0.0118236 0.00895484 0.00591507 0.00276632 -0.000482236 -0.00383934 -0.00725899 -0.0107243 -0.0142233 -0.0177413 -0.0212391 -0.0247002 -0.0281188 -0.0314648 -0.0346845 -0.0377891 -0.0407253 -0.0434528 -0.0459687 -0.0482431 -0.0502286 -0.0519244 -0.0532927 -0.0543136 -0.0549851 -0.0552919 -0.0552306 -0.0547941 -0.0539865 -0.0528314 -0.0513442 -0.0495479 -0.0474951 -0.045178 -0.0426457 -0.0399746 -0.0371724 -0.0342391 -0.0312644 -0.0282521 -0.0252143 -0.0221932 -0.0191967 -0.0162091 -0.0132841 -0.0103885 -0.00750672 -0.00465936 -0.00183206 0.00102151 0.00386701 0.00674003 0.0096527 0.0125772 0.0155242 0.0185284 0.0215167 0.0244863 0.0274519 0.0303735 0.0332063 0.0359437 0.0385311 0.0409526 0.0431805 0.0451681 0.0468898 0.0483272 0.0494504 0.0502603 0.0507439 0.0508889 0.0507059 0.0501823 0.0493426 0.0482047 0.046766 0.0450495 0.0430922 0.0408798 0.0384605 0.0358619 0.0330995 0.0301901 0.0271653 0.0240429 0.0208363 0.0175516 0.0142409 0.0108954 0.00750795 0.00413191 0.000753804 -0.00263583 -0.00600639 -0.00936541 -0.0127207 -0.0160782 -0.0194685 -0.0228756 -0.0263499 -0.0299192 -0.0335698 -0.0373296 -0.0412145 -0.0452013 -0.0492609 -0.0533279 -0.0573277 -0.0611308 -0.0645467 -0.0674048 -0.0694977 -0.0706349 -0.0706394 -0.0694244 -0.0669805 -0.0633652 -0.0587351 -0.0533232 -0.0474554 -0.0414691 -0.0357145 -0.0305263 -0.0261781 -0.0228351 -0.0205496 -0.0192592 -0.0188409 -0.0191059 -0.0198168 -0.0207698 -0.0217468 -0.0226222 -0.0232806 -0.0236656 -0.0237922 -0.0236609 -0.0233541 -0.0228845 -0.022317 -0.0217011 -0.0210539 -0.0204428 -0.0198426 -0.0193006 
0 0.00105196 0.00211165 0.00317936 0.00430731 0.00549571 0.00677757 0.00817103 0.0097162 0.0114812 0.0134864 0.0157731 0.01834 0.021184 0.0242496 0.0274044 0.0304818 0.0332672 0.0355449 0.0370737 0.037637 0.0370975 0.0354166 0.0326525 0.0289589 0.0245879 0.019888 0.0152252 0.0109275 0.00729538 0.00455592 0.00287547 0.00227396 0.00269462 0.00402628 0.00607811 0.00862869 0.0114137 0.0142379 0.0169204 0.0192924 0.0212457 0.0227287 0.023717 0.0241989 0.0241762 0.0237051 0.0228306 0.0215589 0.019962 0.0180818 0.015961 0.0136223 0.0111036 0.00845286 0.00567587 0.00277692 -0.00019015 -0.00321963 -0.00631735 -0.00944235 -0.0125888 -0.0157442 -0.0189142 -0.02207 -0.0251965 -0.0282985 -0.0313613 -0.0343343 -0.037241 -0.0400509 -0.0427156 -0.0452289 -0.047567 -0.0496807 -0.051556 -0.0531733 -0.0545006 -0.0555129 -0.0561879 -0.0565271 -0.0565001 -0.0561067 -0.0553617 -0.0542554 -0.0527845 -0.051013 -0.0489368 -0.0465812 -0.0440011 -0.0412205 -0.0382539 -0.0351807 -0.0319951 -0.0287186 -0.025404 -0.0220609 -0.0186734 -0.0153003 -0.0119218 -0.0085337 -0.00516375 -0.0018057 0.00157198 0.00492046 0.00826535 0.0116199 0.0149521 0.0182528 0.0215469 0.0247769 0.0279444 0.0310377 0.0340036 0.0368142 0.0394773 0.0419198 0.0441213 0.0460696 0.0477295 0.049076 0.0501189 0.0508332 0.0512156 0.0512673 0.0510052 0.0504349 0.0495575 0.0484075 0.0470014 0.0453362 0.0434585 0.0414057 0.0391604 0.0367753 0.0342737 0.0316559 0.02894 0.0261606 0.0233158 0.0204177 0.0174637 0.0144891 0.0114789 0.00842531 0.00536671 0.00229566 -0.000810509 -0.00393581 -0.00708234 -0.0102753 -0.0135296 -0.0168668 -0.0202791 -0.0238246 -0.0275239 -0.0313732 -0.035397 -0.0396106 -0.0439933 -0.0484943 -0.0530438 -0.0575573 -0.0618835 -0.065814 -0.069166 -0.0717147 -0.0732542 -0.0735904 -0.0726226 -0.0703467 -0.0668079 -0.0621683 -0.0566794 -0.0506843 -0.0445462 -0.0386259 -0.0332775 -0.0287944 -0.0253501 -0.0230005 -0.0216936 -0.0213097 -0.0216616 -0.0224972 -0.0235906 -0.0247265 -0.0257646 -0.0265879 -0.0271257 -0.0273771 -0.0273528 -0.0271255 -0.0267241 -0.0262058 -0.0256222 -0.0250023 -0.0244008 -0.0238104 -0.0232654 
0 0.00122732 0.0024484 0.00369516 0.00499756 0.00639502 0.00789961 0.00952854 0.0113411 0.0133865 0.0157155 0.01834 0.0212549 0.0244485 0.02784 0.0312976 0.0346233 0.0375968 0.0399882 0.0415433 0.0420383 0.0413401 0.0394178 0.0363421 0.0322779 0.027474 0.0223115 0.0171585 0.0123682 0.0082587 0.00505786 0.00296177 0.00197805 0.00205538 0.00308302 0.004863 0.00717006 0.00973599 0.0123525 0.0148371 0.0170247 0.0187826 0.0200818 0.0208843 0.0211783 0.0209844 0.0203428 0.0193176 0.0179231 0.0162251 0.0142774 0.0121355 0.0098039 0.00734352 0.00479697 0.00216247 -0.000537044 -0.00326666 -0.00602084 -0.00880759 -0.0115941 -0.0143918 -0.0171749 -0.0199682 -0.0227484 -0.0255066 -0.0282538 -0.0309951 -0.0336842 -0.0363426 -0.0389638 -0.0414972 -0.0439403 -0.0462776 -0.0484686 -0.0504725 -0.0522886 -0.0538706 -0.0551885 -0.0562109 -0.0569444 -0.0573291 -0.0573639 -0.0570484 -0.056369 -0.0552965 -0.0538849 -0.052121 -0.0500225 -0.0476234 -0.0449557 -0.0420323 -0.0389196 -0.0356174 -0.0321568 -0.0285842 -0.0249148 -0.0211445 -0.0173304 -0.0134678 -0.00956674 -0.0056614 -0.00176164 0.00214471 0.00600584 0.00982864 0.0136126 0.0173296 0.0209597 0.0245123 0.027935 0.0312296 0.0343695 0.0373074 0.0400156 0.0425051 0.044701 0.0465969 0.0481892 0.0494609 0.0503789 0.0509816 0.0512514 0.0511951 0.0508189 0.0501661 0.0492255 0.0480219 0.0465956 0.0449706 0.0431416 0.0411718 0.0390857 0.0368682 0.0345732 0.0322207 0.0298006 0.027327 0.0248349 0.0222967 0.0197335 0.0171358 0.014526 0.0118841 0.00920917 0.00650618 0.00377939 0.000995126 -0.00184972 -0.00474299 -0.0077281 -0.0108267 -0.0140531 -0.0174115 -0.0209709 -0.0247324 -0.0287152 -0.0329317 -0.037394 -0.0420925 -0.0469535 -0.0519115 -0.0568694 -0.0616573 -0.066049 -0.0698528 -0.0728183 -0.074732 -0.0753883 -0.0746688 -0.0725849 -0.069161 -0.0645728 -0.0590832 -0.0530434 -0.0468411 -0.0408418 -0.0354162 -0.0308717 -0.0273913 -0.0250319 -0.0237619 -0.0234579 -0.02394 -0.0249473 -0.0262251 -0.0275767 -0.0288295 -0.0298765 -0.0306267 -0.0310593 -0.0312082 -0.0311127 -0.030837 -0.0304181 -0.0299107 -0.0293647 -0.0288025 -0.0282568 -0.0277329 
0 0.00142591 0.00285748 0.00429455 0.00582406 0.00745118 0.00920699 0.0111131 0.0131995 0.0155634 0.0182158 0.021184 0.0244485 0.0279628 0.0316646 0.035377 0.0389056 0.0420156 0.0444582 0.0459788 0.0463509 0.0454356 0.043223 0.0397933 0.0352999 0.0300426 0.0243603 0.0186797 0.0133581 0.00869981 0.00500832 0.00241327 0.000991564 0.000668231 0.0013233 0.00278986 0.00480955 0.00712769 0.00952435 0.0118152 0.0138092 0.0154169 0.0165472 0.0172074 0.0173769 0.0170565 0.016327 0.0152191 0.013776 0.0120504 0.0101218 0.00800353 0.00576449 0.00341676 0.00101696 -0.00141468 -0.00388041 -0.00634287 -0.00878873 -0.0112328 -0.0136802 -0.0160858 -0.0185015 -0.0209067 -0.0233008 -0.0256801 -0.0280808 -0.030465 -0.032852 -0.0352415 -0.0376176 -0.0399657 -0.0422869 -0.0445556 -0.0467376 -0.0488267 -0.0507686 -0.0525411 -0.0541076 -0.0554546 -0.0565206 -0.0573021 -0.0577541 -0.0578693 -0.0576043 -0.0569863 -0.0559814 -0.0545847 -0.0527936 -0.0506731 -0.0481979 -0.045395 -0.0422968 -0.038954 -0.0353639 -0.0315804 -0.0276108 -0.0234981 -0.0192648 -0.0149467 -0.010548 -0.00612907 -0.00169876 0.00270591 0.00706699 0.0113489 0.0155449 0.019598 0.0235211 0.027286 0.0308565 0.0341826 0.0372891 0.0401236 0.0426626 0.0448665 0.0467515 0.0482835 0.0494745 0.0502998 0.0507926 0.0509338 0.0507574 0.0502722 0.0495151 0.0484823 0.047223 0.0457533 0.0441086 0.0423183 0.0404128 0.0384112 0.0363393 0.0342221 0.0320563 0.0298819 0.0276897 0.0254869 0.0232682 0.0210684 0.018834 0.0165976 0.0143586 0.012096 0.00978762 0.00746319 0.00508375 0.0026245 9.96357e-05 -0.00253064 -0.00527231 -0.00817272 -0.0112383 -0.0145033 -0.0179921 -0.0217668 -0.0258019 -0.0301302 -0.0347802 -0.0396986 -0.044849 -0.0501358 -0.0554541 -0.0606156 -0.0654036 -0.0695664 -0.0728969 -0.0751268 -0.0760528 -0.0755857 -0.0736666 -0.0703922 -0.0658874 -0.0604446 -0.0544355 -0.0482297 -0.0422308 -0.0368034 -0.0322645 -0.0288063 -0.0264981 -0.0253013 -0.0251302 -0.0257768 -0.0269895 -0.0285142 -0.0301123 -0.0316579 -0.0329842 -0.0340158 -0.0347211 -0.035096 -0.0352292 -0.0351307 -0.0348776 -0.0345156 -0.0340746 -0.0336239 -0.0331438 -0.0326878 
0 0.00166356 0.00331085 0.00500407 0.00676054 0.00865949 0.0106911 0.0128768 0.0152829 0.0179488 0.0209466 0.0242496 0.02784 0.0316646 0.0356155 0.0395361 0.0431983 0.0463689 0.0487849 0.050195 0.050362 0.0491739 0.0466113 0.0427657 0.0378267 0.0320499 0.0258454 0.0195966 0.0136989 0.00849242 0.00423584 0.00113249 -0.000781167 -0.0015501 -0.00128798 -0.000174844 0.00153789 0.00361175 0.00579619 0.00790252 0.00976806 0.0112326 0.0122739 0.0128423 0.0129307 0.0125779 0.011815 0.0107008 0.00929079 0.00761782 0.00575588 0.00376453 0.00164792 -0.0005187 -0.00270973 -0.00491787 -0.00711377 -0.00928407 -0.01143 -0.0135427 -0.0156211 -0.0176786 -0.0197081 -0.0217315 -0.0237568 -0.0257852 -0.0278169 -0.029876 -0.0319472 -0.0340316 -0.0361546 -0.0382961 -0.0404338 -0.0425773 -0.044703 -0.0467638 -0.0487675 -0.0506754 -0.0524317 -0.0540032 -0.0553736 -0.0564839 -0.0573103 -0.0578281 -0.0580062 -0.0577937 -0.0571918 -0.0562048 -0.0548138 -0.0529876 -0.0507552 -0.0481451 -0.0451652 -0.0418253 -0.0381645 -0.0342184 -0.0300226 -0.0256066 -0.0210074 -0.0162695 -0.0114391 -0.00655096 -0.00164652 0.00322942 0.00803142 0.0127217 0.0172691 0.0216451 0.0257967 0.0296885 0.0333125 0.0366504 0.039644 0.0422724 0.0445418 0.0464525 0.0479705 0.0490986 0.0498548 0.0502534 0.0502886 0.0500086 0.0494295 0.0485563 0.047428 0.0461057 0.0445879 0.042919 0.0411456 0.0392762 0.0373321 0.0353649 0.0333791 0.0313777 0.0293912 0.0274182 0.0254533 0.0235063 0.021592 0.0196846 0.0177917 0.0159064 0.0140103 0.0120952 0.0101537 0.0081607 0.00611817 0.00399856 0.00176297 -0.000570543 -0.00306017 -0.005739 -0.00860939 -0.0117189 -0.0151156 -0.018811 -0.0228476 -0.0272336 -0.0319712 -0.0370622 -0.042404 -0.0479334 -0.0535181 -0.0589559 -0.064024 -0.0684773 -0.0720643 -0.0745399 -0.0756981 -0.0754081 -0.0736708 -0.0705139 -0.0661179 -0.0607653 -0.0548116 -0.0486739 -0.0427228 -0.0373539 -0.0328745 -0.0294852 -0.0272598 -0.0261871 -0.0261681 -0.0270156 -0.0284782 -0.0302709 -0.0322002 -0.0340682 -0.0357544 -0.037146 -0.0381794 -0.0388995 -0.0393054 -0.0394871 -0.0394697 -0.0393067 -0.039071 -0.0387533 -0.0384276 -0.038076 
0 0.00191706 0.00383133 0.00577551 0.00780858 0.00997883 0.0122944 0.0147832 0.0174857 0.0204731 0.0237859 0.0274044 0.0312976 0.035377 0.0395361 0.0435952 0.0473212 0.0504751 0.0527795 0.0539828 0.053873 0.0523246 0.0493514 0.0450495 0.039601 0.0333165 0.0265475 0.0197307 0.0132589 0.00746268 0.00266543 -0.000988878 -0.00339842 -0.00461621 -0.00476273 -0.00399701 -0.0025805 -0.000748106 0.00125078 0.00321867 0.00496743 0.00638706 0.00738362 0.00794123 0.00804646 0.0077157 0.0070058 0.00595534 0.0046359 0.00308128 0.00138136 -0.000455023 -0.00235498 -0.00430072 -0.00626451 -0.00821124 -0.0101298 -0.0120161 -0.0138499 -0.015634 -0.0173995 -0.0191043 -0.0208081 -0.0224857 -0.0241581 -0.0258362 -0.0275468 -0.0292665 -0.0310454 -0.0328585 -0.0347085 -0.0366041 -0.0385433 -0.0405164 -0.0425106 -0.0445222 -0.0465058 -0.0484382 -0.0502873 -0.0520431 -0.0536156 -0.055004 -0.0561486 -0.0570067 -0.0575323 -0.0577461 -0.0575556 -0.0569551 -0.055915 -0.0544502 -0.0525251 -0.0501563 -0.0473111 -0.04406 -0.0404051 -0.0363767 -0.032001 -0.0273643 -0.0224719 -0.0174058 -0.0122037 -0.00692927 -0.00162423 0.00362228 0.00880562 0.0138383 0.0186716 0.023251 0.0275675 0.0315406 0.0351629 0.0383728 0.0411888 0.0435936 0.0455811 0.0471045 0.0482417 0.0489721 0.0493151 0.0492858 0.0489369 0.0482494 0.0473001 0.0461116 0.0447298 0.0431673 0.0414824 0.039702 0.0378574 0.0359745 0.0340921 0.0322072 0.0303256 0.0284936 0.0266798 0.0249135 0.0231957 0.0215214 0.0198662 0.0182675 0.0166622 0.0150851 0.0135061 0.0119098 0.0102821 0.00861363 0.00686858 0.00503981 0.00310842 0.00103436 -0.00118797 -0.00362246 -0.00627755 -0.00921956 -0.0124653 -0.0160768 -0.0200589 -0.0244373 -0.0292239 -0.0343759 -0.0398411 -0.0455167 -0.0512648 -0.056879 -0.0621408 -0.0667647 -0.0705319 -0.0731619 -0.0744598 -0.0743231 -0.0726861 -0.0696508 -0.0653517 -0.0600883 -0.0542328 -0.0481675 -0.0423086 -0.0370268 -0.0326328 -0.0293399 -0.0272283 -0.0262969 -0.0264684 -0.0275406 -0.0292767 -0.0313977 -0.0336777 -0.035947 -0.0380378 -0.0398512 -0.0413114 -0.0424209 -0.0432166 -0.0437349 -0.0440376 -0.0441693 -0.0441805 -0.0441077 -0.0439722 -0.0438037 
0 0.00218486 0.00436257 0.00658582 0.00888557 0.0113345 0.0139304 0.0167045 0.0197065 0.0229827 0.0265885 0.0304818 0.0346233 0.0389056 0.0431983 0.0473212 0.0510301 0.0540813 0.0561894 0.057115 0.0566486 0.0546927 0.0512588 0.0464519 0.0404834 0.033645 0.0263208 0.0189259 0.0118753 0.00552645 0.000182377 -0.00398247 -0.00687501 -0.0085281 -0.00905746 -0.00862357 -0.00748268 -0.00584746 -0.00398716 -0.00210871 -0.000386783 0.00103108 0.00207426 0.00269037 0.00287523 0.00265971 0.00207743 0.0011684 1.72803e-05 -0.00135256 -0.00286388 -0.00448197 -0.00615974 -0.00785181 -0.00955216 -0.0112276 -0.0128623 -0.0144599 -0.0160174 -0.0175156 -0.018977 -0.0203901 -0.0217865 -0.0231519 -0.0245201 -0.0259078 -0.0273085 -0.0287365 -0.0302256 -0.0317541 -0.0333431 -0.0350112 -0.0367306 -0.0385111 -0.0403424 -0.0422139 -0.0441101 -0.0460152 -0.047886 -0.0497031 -0.0513998 -0.052963 -0.054339 -0.055475 -0.056328 -0.0568673 -0.0570141 -0.056781 -0.056125 -0.0549849 -0.0533511 -0.0512467 -0.0486213 -0.0455044 -0.0419174 -0.0378795 -0.0334394 -0.0286697 -0.0235875 -0.0182833 -0.0128289 -0.00727057 -0.00167562 0.00385769 0.00929776 0.0145586 0.0195726 0.0242954 0.0286665 0.0326097 0.0361452 0.0392273 0.0418173 0.0439303 0.0455934 0.0467827 0.0475491 0.0478954 0.0478477 0.0474484 0.0467444 0.0457481 0.0445279 0.0431012 0.0415216 0.0398303 0.0380654 0.0362541 0.03443 0.0325947 0.0307917 0.0290261 0.0272979 0.0256398 0.0240376 0.022484 0.0209936 0.0195611 0.0181646 0.0168183 0.0154901 0.014186 0.0128677 0.0115385 0.0101852 0.00878207 0.00731011 0.00576687 0.00409945 0.00229143 0.000310408 -0.00189523 -0.00434148 -0.00710183 -0.0101956 -0.0136703 -0.017566 -0.0218983 -0.0266595 -0.0318371 -0.0373449 -0.0430924 -0.048919 -0.0546142 -0.0599645 -0.0646787 -0.068521 -0.0712265 -0.0726036 -0.0725297 -0.0709628 -0.0679778 -0.0637434 -0.0585496 -0.0527588 -0.0467797 -0.0410096 -0.0358334 -0.0315446 -0.0283616 -0.026379 -0.0256072 -0.0259727 -0.0272849 -0.0293146 -0.0317773 -0.0344595 -0.0371575 -0.0397143 -0.0420131 -0.0439568 -0.0455525 -0.0467931 -0.0477409 -0.048437 -0.0489284 -0.0492802 -0.0494991 -0.0496425 -0.0497124 
0 0.00243531 0.00486567 0.00735004 0.00990399 0.0126078 0.0154604 0.0184957 0.021766 0.025299 0.0291509 0.0332672 0.0375968 0.0420156 0.0463689 0.0504751 0.0540813 0.0569427 0.0587707 0.0593345 0.0584452 0.056025 0.052095 0.0467666 0.0402724 0.0329006 0.0250436 0.0171061 0.00951379 0.00264596 -0.0032045 -0.00784353 -0.0111792 -0.0132224 -0.014085 -0.0139329 -0.0130098 -0.0115247 -0.00974864 -0.00790417 -0.00615802 -0.0046706 -0.00351134 -0.00275609 -0.00240683 -0.00243197 -0.00281589 -0.00351611 -0.00444916 -0.00558178 -0.00685463 -0.00822222 -0.00964587 -0.0110747 -0.0125166 -0.0139314 -0.0152977 -0.0166255 -0.0179149 -0.0191485 -0.020343 -0.0215066 -0.0226516 -0.0237648 -0.0248722 -0.0260025 -0.0271353 -0.0283024 -0.029535 -0.0308138 -0.0321526 -0.0335787 -0.0350706 -0.0366404 -0.0382852 -0.0399953 -0.0417558 -0.0435456 -0.045348 -0.0471432 -0.0488724 -0.0505163 -0.0520278 -0.0533332 -0.054408 -0.0552107 -0.0556512 -0.0557119 -0.0553579 -0.0545155 -0.0531773 -0.0513347 -0.0489339 -0.0459982 -0.0425575 -0.0386059 -0.0341997 -0.0294101 -0.0242674 -0.0188584 -0.013274 -0.00756229 -0.00181617 0.00386445 0.0094327 0.0147945 0.0198564 0.024586 0.0289149 0.0327677 0.0361481 0.0390268 0.0413702 0.0432156 0.0445723 0.0454296 0.0458523 0.0458709 0.0455015 0.0448095 0.043838 0.0426111 0.0412024 0.0396491 0.037985 0.0362531 0.0344847 0.0327066 0.0309477 0.029215 0.0275453 0.0259317 0.0243735 0.0229003 0.0215016 0.0201578 0.018894 0.0176893 0.0165199 0.0153901 0.0142878 0.0132035 0.01211 0.011012 0.00989789 0.00872775 0.0074881 0.00618157 0.00474335 0.00316179 0.00139843 -0.000592028 -0.00284644 -0.00543217 -0.00837516 -0.0117133 -0.0155042 -0.0197556 -0.0244504 -0.0295893 -0.0350795 -0.0408296 -0.0466618 -0.0523687 -0.0577282 -0.0624484 -0.066277 -0.0689665 -0.0703328 -0.0702453 -0.0686769 -0.0656942 -0.0614885 -0.0563376 -0.0505995 -0.0446904 -0.0390032 -0.0339206 -0.0297243 -0.0266387 -0.0247705 -0.0241453 -0.0246897 -0.026231 -0.0285504 -0.0313652 -0.0344648 -0.0376221 -0.0406828 -0.0435154 -0.0460075 -0.0481529 -0.0499169 -0.0513656 -0.0525276 -0.0534491 -0.0541971 -0.0547687 -0.0552357 -0.0555907 
0 0.00263672 0.0052864 0.00797767 0.0107555 0.0136648 0.0167316 0.0199933 0.0234816 0.0272339 0.0312697 0.0355449 0.0399882 0.0444582 0.0487849 0.0527795 0.0561894 0.0587707 0.0602444 0.0603743 0.0590269 0.056112 0.0516815 0.0458523 0.0388426 0.0309935 0.0226409 0.0142254 0.00616322 -0.00116788 -0.00744114 -0.0124966 -0.0162088 -0.018582 -0.019721 -0.0197946 -0.01902 -0.0176266 -0.0158642 -0.0139716 -0.0121478 -0.0105067 -0.00918247 -0.00822848 -0.00765406 -0.00744148 -0.00756983 -0.00800262 -0.00867382 -0.00953628 -0.0105327 -0.0116537 -0.0128065 -0.013979 -0.0151686 -0.0163295 -0.017442 -0.0185313 -0.0195782 -0.0205758 -0.0215478 -0.0224774 -0.0234054 -0.0243026 -0.0251958 -0.0261052 -0.0270339 -0.0279683 -0.0289712 -0.0300236 -0.0311301 -0.0323181 -0.0335966 -0.0349493 -0.0363767 -0.0378996 -0.0394855 -0.0411131 -0.0427835 -0.0444881 -0.046143 -0.047765 -0.0493049 -0.0506893 -0.0518698 -0.0528365 -0.0534721 -0.0537519 -0.0536201 -0.0530298 -0.0519376 -0.0503373 -0.0481625 -0.0454539 -0.0422112 -0.0384389 -0.0341723 -0.0294979 -0.0244313 -0.0190749 -0.0135075 -0.00780803 -0.0020653 0.00359571 0.00913518 0.0144375 0.0194181 0.0240203 0.0282034 0.0318827 0.0350666 0.037707 0.0398102 0.041397 0.0424833 0.0430527 0.0432134 0.0429764 0.0423717 0.041472 0.0403525 0.0390029 0.0375159 0.0359335 0.0342778 0.0325725 0.0308797 0.029204 0.0275544 0.0259629 0.0244541 0.0230059 0.0216261 0.0203571 0.019144 0.0179953 0.0169249 0.0159107 0.0149172 0.0139831 0.0130615 0.0121604 0.0112559 0.0103424 0.00941449 0.00843962 0.00739093 0.0062726 0.00504094 0.00363268 0.00205767 0.000249053 -0.00184019 -0.0042656 -0.00704899 -0.0102547 -0.0139206 -0.0180669 -0.0226876 -0.0277424 -0.0331915 -0.0388908 -0.0446679 -0.0503215 -0.0556147 -0.0602566 -0.0639981 -0.066595 -0.0678718 -0.0677193 -0.0660733 -0.0630579 -0.0588347 -0.0536888 -0.0479891 -0.0421152 -0.036503 -0.031489 -0.0273631 -0.0243507 -0.0225638 -0.0220492 -0.0227335 -0.0244629 -0.0270351 -0.0301888 -0.0336877 -0.0373203 -0.0408996 -0.0442935 -0.0473837 -0.0501083 -0.05246 -0.0544493 -0.0561282 -0.0575345 -0.0587063 -0.0596902 -0.0605048 -0.061188 
