0 0 0 0 0 0 0 0 0 0 0 0 0 0 0 0 0 0 0 0 0 0 0 0 0 0 0 0 0 0 0 0 0 0 0 0 0 0 0 0 0 0 0 0 0 0 0 0 0 0 0 0 0 0 0 0 0 0 0 0 0 0 0 0 0 0 0 0 0 0 0 0 0 0 0 0 0 0 0 0 0 0 0 0 0 0 0 0 0 0 0 0 0 0 0 0 0 0 0 0 0 0 0 0 0 0 0 0 0 0 0 0 0 0 0 0 0 0 0 0 0 0 0 0 0 0 0 0 0 0 0 0 0 0 0 0 0 0 0 0 0 0 0 0 0 0 0 0 0 0 0 0 0 0 0 0 0 0 0 0 0 0 0 0 0 0 0 0 0 0 0 0 0 0 0 0 0 0 0 0 0 0 0 0 0 0 0 0 0 0 0 0 0 0 0 0 0 0 0 0 
0 2.46092e-05 3.60501e-05 4.35685e-05 4.6386e-05 5.54481e-05 5.1595e-05 3.68415e-05 2.13176e-05 1.02105e-05 5.95203e-06 -2.71063e-06 -6.49433e-06 2.33997e-07 2.51046e-05 5.97249e-05 0.000109048 0.000169687 0.000239604 0.000320327 0.00040578 0.000517659 0.000638064 0.000774903 0.000932679 0.00111996 0.00134765 0.00158567 0.00183339 0.00207108 0.00227948 0.00242769 0.00249574 0.00246212 0.00230867 0.00202459 0.00161579 0.00112877 0.000570976 -4.36123e-06 -0.000555964 -0.00105214 -0.00145359 -0.00175315 -0.00192444 -0.00196414 -0.0018988 -0.0017342 -0.0014818 -0.00118952 -0.00085995 -0.000516286 -0.000174631 0.00016423 0.000483799 0.000798668 0.00110712 0.00140221 0.00170054 0.00200678 0.00230435 0.0026095 0.00292262 0.00323382 0.00354631 0.00386806 0.0041885 0.00449596 0.00480026 0.00508303 0.0053275 0.00553879 0.00570036 0.00578611 0.00580455 0.00573566 0.00556599 0.0053094 0.00496147 0.00451713 0.0039932 0.00339251 0.00271821 0.00199222 0.00123203 0.000451307 -0.000336202 -0.00109732 -0.00180859 -0.00245199 -0.00299174 -0.00339855 -0.00368454 -0.00382605 -0.00380012 -0.00362723 -0.00332596 -0.002892 -0.00235314 -0.00172663 -0.00103463 -0.000304116 0.000448245 0.00119893 0.00190307 0.00255946 0.00314755 0.00361884 0.00395808 0.00417235 0.00423506 0.00414292 0.00390412 0.0035266 0.00302282 0.00241799 0.00173383 0.000991592 0.00020372 -0.000600631 -0.00140059 -0.00218686 -0.0029356 -0.00363368 -0.00427931 -0.004851 -0.00533886 -0.00574639 -0.00605615 -0.00627607 -0.00641556 -0.00647216 -0.00645526 -0.00638275 -0.00625405 -0.00608203 -0.005883 -0.00566602 -0.00543105 -0.00519434 -0.00496955 -0.00474403 -0.00454092 -0.0043742 -0.00423293 -0.00413278 -0.00408814 -0.00407856 -0.00411662 -0.00419046 -0.00428745 -0.00440029 -0.004491 -0.00455338 -0.00455973 -0.00447162 -0.00428522 -0.00399709 -0.00358854 -0.00308884 -0.00251299 -0.0018933 -0.00126471 -0.000653079 -0.000117605 0.000324292 0.000649605 0.000846741 0.000914392 0.000881723 0.000772825 0.000610219 0.00041932 0.000218632 4.65614e-05 -0.000103681 -0.000213842 -0.000283228 -0.000320805 -0.000334528 -0.000342408 -0.000331773 -0.00030905 -0.000282918 -0.000266955 -0.000254581 -0.00024489 -0.000236079 -0.000236706 -0.00025197 -0.000267814 -0.000297022 -0.000322014 -0.000353746 -0.000384184 -0.000409508 -0.000445235 -0.000467648 -0.000492945 -0.000506154 
0 3.60501e-05 5.318e-05 5.44514e-05 6.1814e-05 7.62397e-05 7.30424e-05 5.39275e-05 3.07356e-05 2.18166e-05 2.3716e-05 1.65659e-05 1.75001e-05 3.75957e-05 8.26452e-05 0.000154982 0.000240161 0.000354608 0.000489023 0.000631474 0.000812973 0.00101716 0.00126581 0.00154056 0.00184593 0.00224107 0.00267744 0.00317028 0.00366514 0.00413796 0.00456772 0.004854 0.00499269 0.00491939 0.00460384 0.00402835 0.00321909 0.00223428 0.00114213 1.10918e-06 -0.00109346 -0.00205532 -0.00286877 -0.00345069 -0.00379939 -0.00388838 -0.00376089 -0.00343249 -0.00294286 -0.00234752 -0.00169073 -0.00101118 -0.000304964 0.000362422 0.00102078 0.0016622 0.00228477 0.00287308 0.00347925 0.00406227 0.00465221 0.00525559 0.00586071 0.0064868 0.0071087 0.00773399 0.00835643 0.0089628 0.00952423 0.0100766 0.0105359 0.0109209 0.011201 0.0113547 0.0113438 0.0112 0.0108693 0.0103608 0.00966783 0.00880893 0.00777135 0.00659058 0.00529518 0.00388988 0.00240019 0.00088788 -0.000618017 -0.00208698 -0.00343696 -0.00464964 -0.00568259 -0.00648699 -0.00701728 -0.00727349 -0.00723593 -0.00694171 -0.00635928 -0.00552725 -0.00449971 -0.00331362 -0.00196662 -0.000564975 0.000872612 0.00230775 0.00368734 0.00493541 0.00603464 0.00692258 0.00759671 0.00799657 0.00810001 0.00792096 0.00748017 0.0067546 0.00580721 0.00466518 0.00334422 0.00190208 0.000397851 -0.00115067 -0.00271218 -0.00423066 -0.00568972 -0.0070617 -0.00831769 -0.00941117 -0.01038 -0.0111748 -0.0117958 -0.0122537 -0.0125649 -0.0126838 -0.012698 -0.0125804 -0.0123562 -0.0120521 -0.0116942 -0.0112695 -0.01083 -0.0103721 -0.00992472 -0.00950683 -0.00911621 -0.00880013 -0.00853874 -0.00835422 -0.00825233 -0.00825315 -0.00830887 -0.00845461 -0.00864629 -0.00885385 -0.0090272 -0.0091446 -0.00913879 -0.00895739 -0.00859216 -0.0079997 -0.00721021 -0.00620479 -0.00506263 -0.00383164 -0.00256339 -0.00134237 -0.000263709 0.0006295 0.00128326 0.00167352 0.00182137 0.0017366 0.00152897 0.00119505 0.000805692 0.000420611 5.77232e-05 -0.000223867 -0.000450697 -0.000587561 -0.000653274 -0.000687392 -0.000689197 -0.000666667 -0.000615173 -0.000557801 -0.000523055 -0.000500328 -0.000480171 -0.000472939 -0.000479364 -0.000512922 -0.000557825 -0.000608867 -0.000672012 -0.000729293 -0.000789121 -0.000844395 -0.000897467 -0.000950514 -0.00098149 -0.00100341 
0 4.35685e-05 5.44514e-05 5.88593e-05 6.22095e-05 8.50832e-05 8.31789e-05 5.80194e-05 3.3945e-05 2.66025e-05 3.81558e-05 4.12044e-05 5.54169e-05 9.46086e-05 0.000175384 0.000277769 0.00041056 0.000570057 0.000753879 0.000968751 0.00120936 0.00152384 0.00187862 0.00228818 0.00276632 0.00333927 0.00402376 0.00475046 0.00550058 0.00621777 0.00684231 0.00728078 0.00747401 0.00735738 0.00688139 0.00602171 0.00480399 0.00335124 0.00170875 1.80893e-05 -0.00159995 -0.00304881 -0.00422913 -0.00510536 -0.00561386 -0.00574396 -0.00555798 -0.00507786 -0.00433981 -0.00346203 -0.00246777 -0.00141998 -0.000362871 0.000684105 0.00168258 0.00265681 0.00359856 0.0044925 0.0053789 0.00626868 0.00713347 0.00801222 0.00890791 0.00980288 0.0106975 0.0116066 0.0125001 0.013344 0.0141502 0.0148787 0.0154832 0.0159763 0.0163231 0.0164677 0.0164264 0.0161601 0.0156347 0.0148754 0.0138719 0.0126119 0.0111301 0.00943951 0.00755847 0.00554178 0.00344352 0.00130992 -0.000816598 -0.0028559 -0.00474359 -0.00643899 -0.00786036 -0.00894117 -0.00970089 -0.0100886 -0.0100489 -0.00962468 -0.00884832 -0.00771486 -0.0062895 -0.00461848 -0.00275751 -0.000788105 0.00123781 0.00325119 0.00513998 0.0068824 0.0084258 0.00965668 0.0105429 0.0110934 0.0112513 0.0110113 0.0103938 0.00941038 0.00809362 0.0064987 0.00467429 0.00267299 0.000536242 -0.00166507 -0.00387112 -0.00604492 -0.00812319 -0.0100691 -0.0118682 -0.01347 -0.0148563 -0.0160313 -0.0169586 -0.0176578 -0.0181481 -0.0184174 -0.0184906 -0.0184 -0.0181439 -0.0177533 -0.0172695 -0.0167139 -0.0161008 -0.0154727 -0.0148683 -0.0142701 -0.0137335 -0.0132942 -0.0129308 -0.0126776 -0.012566 -0.0125539 -0.0126605 -0.0128628 -0.0131263 -0.0134242 -0.0136633 -0.0138173 -0.0138052 -0.0135282 -0.0129652 -0.0120977 -0.0108865 -0.00939641 -0.00767933 -0.0058255 -0.00393522 -0.00209821 -0.000476471 0.000865524 0.00185606 0.00245837 0.00267355 0.00257645 0.00224721 0.00175319 0.00117431 0.000576035 5.53404e-05 -0.00038705 -0.000710379 -0.000910564 -0.00101232 -0.00104431 -0.00104961 -0.00100437 -0.000926676 -0.000843754 -0.000792897 -0.000761289 -0.000743148 -0.000735149 -0.000753393 -0.00080786 -0.000866618 -0.000953055 -0.00103216 -0.00112276 -0.00120789 -0.00127898 -0.00136513 -0.0014194 -0.00147117 -0.00148843 
0 4.6386e-05 6.1814e-05 6.22095e-05 7.26274e-05 9.8163e-05 9.97128e-05 7.5223e-05 4.86006e-05 4.56284e-05 6.45599e-05 7.5277e-05 0.000100482 0.000159021 0.000259774 0.000401707 0.000567885 0.000778574 0.00102544 0.00130114 0.00164353 0.00204747 0.0025327 0.00308189 0.00371026 0.00449034 0.00537406 0.00635054 0.00733998 0.00828379 0.0091169 0.00968521 0.0099375 0.00977153 0.0091259 0.00797491 0.00636999 0.00442739 0.00227303 4.05512e-05 -0.00209702 -0.00398679 -0.00555908 -0.00669569 -0.00736373 -0.0075336 -0.0072697 -0.00661017 -0.00562795 -0.00442785 -0.00309093 -0.00168946 -0.000246888 0.00114889 0.00251133 0.00383299 0.00510345 0.00630452 0.00749944 0.00865094 0.00978887 0.0109311 0.0120693 0.013219 0.0143513 0.0154704 0.0165579 0.0175838 0.0185131 0.019368 0.0200479 0.0205686 0.0208925 0.0209861 0.0208126 0.0203982 0.0196812 0.0186702 0.0173564 0.0157583 0.013871 0.0117426 0.00942064 0.00693334 0.00433522 0.00172086 -0.00085336 -0.00332514 -0.00558465 -0.00759698 -0.00929915 -0.0106229 -0.0115186 -0.0119721 -0.0119513 -0.0114976 -0.0105791 -0.00923489 -0.00754195 -0.00555823 -0.00330955 -0.000944689 0.00148105 0.00389134 0.00618448 0.00825586 0.0100636 0.0115154 0.012596 0.0132398 0.0134122 0.0131284 0.0124128 0.0112423 0.00968932 0.00779476 0.00558769 0.0031503 0.000567432 -0.00211541 -0.00483574 -0.00750821 -0.0100893 -0.012529 -0.0147808 -0.0167834 -0.0185689 -0.0200833 -0.021319 -0.0222899 -0.0230111 -0.0234318 -0.0236455 -0.0236299 -0.0234103 -0.0230259 -0.0225164 -0.0218808 -0.0211865 -0.0204513 -0.0197227 -0.0190297 -0.0183897 -0.0178663 -0.0174417 -0.0171482 -0.017004 -0.0170217 -0.0171527 -0.0174255 -0.0177779 -0.0181526 -0.0184622 -0.0186501 -0.0186024 -0.0182183 -0.0174634 -0.016279 -0.014686 -0.0126898 -0.0104099 -0.00794878 -0.00542021 -0.00298249 -0.000813092 0.000985572 0.00231467 0.00312638 0.0034454 0.0033222 0.00291672 0.0022747 0.0015179 0.000756307 5.25892e-05 -0.000514009 -0.000954264 -0.00122967 -0.00137033 -0.00143708 -0.00144264 -0.00139594 -0.00129961 -0.0011945 -0.00112726 -0.00108521 -0.00105688 -0.00104955 -0.00106912 -0.00112934 -0.00120686 -0.00129964 -0.00140638 -0.00151144 -0.0016172 -0.00171585 -0.00180987 -0.00189048 -0.00194104 -0.00196572 
0 5.54481e-05 7.62397e-05 8.50832e-05 9.8163e-05 0.000127221 0.000130072 0.000101252 7.12991e-05 6.62711e-05 8.62738e-05 0.000106176 0.000144477 0.000222752 0.000356752 0.000532586 0.000749783 0.00101263 0.00131933 0.00167583 0.00209457 0.00260827 0.00320529 0.00389111 0.00469053 0.00564733 0.00675781 0.00795767 0.0091838 0.0103521 0.0113614 0.0120652 0.0123622 0.0121461 0.0113398 0.009915 0.00792601 0.00552777 0.00285062 9.0759e-05 -0.0025512 -0.00490232 -0.00682579 -0.00822513 -0.00902559 -0.00921216 -0.00885363 -0.00800732 -0.00675396 -0.00523725 -0.00354034 -0.00175336 6.03751e-05 0.00184319 0.00356379 0.00522876 0.00682562 0.00834379 0.00982254 0.0112642 0.0126585 0.0140339 0.0153914 0.0167217 0.0180134 0.0192739 0.0204729 0.0215728 0.0225644 0.023419 0.0240762 0.0245386 0.0247728 0.0247301 0.0244083 0.023788 0.0228358 0.0215668 0.0199811 0.0180799 0.0158916 0.0134478 0.0107904 0.00797694 0.00508096 0.00217683 -0.000671571 -0.00337853 -0.00585618 -0.00805605 -0.00989865 -0.0113188 -0.0123083 -0.0128276 -0.0128287 -0.0123439 -0.0113857 -0.00996758 -0.00815706 -0.00601467 -0.00360561 -0.00104684 0.00158156 0.00418326 0.00663516 0.00887004 0.0108225 0.0123833 0.0135185 0.0142102 0.0144111 0.0141168 0.0133454 0.0120971 0.0104149 0.00835078 0.00595371 0.00328927 0.000426955 -0.00255935 -0.00559239 -0.00860491 -0.0115261 -0.0143059 -0.0169041 -0.0192651 -0.0213726 -0.0232073 -0.0247371 -0.0259749 -0.0269303 -0.0275832 -0.0279707 -0.0281108 -0.0280108 -0.0277079 -0.027248 -0.0266526 -0.0259606 -0.0252173 -0.0244697 -0.0237296 -0.0230525 -0.0224874 -0.0220336 -0.0217292 -0.0216078 -0.0216505 -0.021852 -0.0221972 -0.0226323 -0.0230926 -0.0234657 -0.023676 -0.0235961 -0.023098 -0.0221259 -0.0206383 -0.0186168 -0.0161252 -0.0132708 -0.0101928 -0.00704872 -0.00401362 -0.00130692 0.000940038 0.00261405 0.00365756 0.00408444 0.00398925 0.00350901 0.0027499 0.00184106 0.000903585 5.21956e-05 -0.000664232 -0.00120696 -0.00156121 -0.001758 -0.0018489 -0.00187432 -0.00182671 -0.00172548 -0.00161238 -0.00153361 -0.00148233 -0.00144784 -0.00143129 -0.00144679 -0.00150331 -0.00157779 -0.00167909 -0.00178815 -0.00190791 -0.00202556 -0.00213708 -0.00225299 -0.00233942 -0.00240513 -0.00243275 
0 5.1595e-05 7.30424e-05 8.31789e-05 9.97128e-05 0.000130072 0.000138126 0.000115772 9.4896e-05 0.000100179 0.00013218 0.00017099 0.000229591 0.000332207 0.000492738 0.000703492 0.000962337 0.00127407 0.00163978 0.0020674 0.00257255 0.00318301 0.00389589 0.00471872 0.00568285 0.00682639 0.00814582 0.00957232 0.0110275 0.0124103 0.0135934 0.0144207 0.0147571 0.0144849 0.0135131 0.0118162 0.00946263 0.00661546 0.00344952 0.00018832 -0.00293298 -0.00570879 -0.00797338 -0.0096093 -0.0105306 -0.0107263 -0.0102589 -0.00920769 -0.00767942 -0.00582486 -0.00376117 -0.00158995 0.000607186 0.00276727 0.00485335 0.00686429 0.0087848 0.010611 0.012367 0.0140587 0.0156798 0.0172488 0.0187677 0.0202245 0.0216086 0.0229176 0.0241278 0.0252068 0.0261444 0.0269107 0.0274616 0.0277823 0.0278465 0.0276137 0.0270783 0.0262263 0.0250401 0.0235271 0.0216982 0.0195651 0.0171599 0.0145224 0.0117004 0.00874819 0.00573515 0.00273592 -0.000182273 -0.00293859 -0.00545432 -0.00767617 -0.00953889 -0.0109825 -0.0119856 -0.0125154 -0.0125458 -0.0120936 -0.0111699 -0.00979319 -0.00802718 -0.00593023 -0.00357314 -0.00106006 0.00152072 0.00407737 0.00649555 0.00869769 0.0106129 0.0121575 0.0132878 0.0139746 0.0141769 0.0138907 0.0131258 0.0118871 0.0102078 0.00813353 0.00570959 0.00300036 7.54885e-05 -0.00299723 -0.00614655 -0.00930428 -0.0124034 -0.0153904 -0.0182133 -0.020823 -0.0231923 -0.025296 -0.0271022 -0.0286137 -0.0298267 -0.0307321 -0.031353 -0.03171 -0.0318117 -0.0316931 -0.0313905 -0.0309295 -0.0303458 -0.0296875 -0.0289986 -0.0283061 -0.0276658 -0.0271249 -0.0267024 -0.026435 -0.0263589 -0.0264652 -0.0267481 -0.027184 -0.0277167 -0.0282591 -0.0286955 -0.0289176 -0.0287839 -0.0281584 -0.026963 -0.0251539 -0.0227184 -0.0197283 -0.0163085 -0.0126238 -0.00886167 -0.00523854 -0.00199089 0.000709785 0.00273474 0.00401882 0.00457801 0.0045217 0.00399532 0.00313751 0.00209397 0.00100841 7.42015e-06 -0.000842203 -0.00149255 -0.00193019 -0.00218523 -0.00231324 -0.00235466 -0.00231337 -0.00221094 -0.00209305 -0.00200329 -0.00194108 -0.00189749 -0.00187262 -0.00188184 -0.00193021 -0.00200396 -0.0021045 -0.00221722 -0.00234173 -0.00246343 -0.00258195 -0.00270115 -0.00279329 -0.00285948 -0.00288825 
0 3.68415e-05 5.39275e-05 5.80194e-05 7.5223e-05 0.000101252 0.000115772 0.000110122 0.000111171 0.000140613 0.000198036 0.000270145 0.000362499 0.000500659 0.00068986 0.000939313 0.00123394 0.00158756 0.00200346 0.00248492 0.00307142 0.0037609 0.00458591 0.00554557 0.00667373 0.00801659 0.00953959 0.0111997 0.0128817 0.014472 0.0158236 0.01676 0.0171267 0.0167888 0.0156469 0.0136811 0.0109817 0.00770002 0.00407849 0.000347621 -0.00322051 -0.00637965 -0.00896034 -0.0107987 -0.0118213 -0.0120146 -0.0114309 -0.01017 -0.00837245 -0.00617422 -0.00373954 -0.00117977 0.00141663 0.00395582 0.00641503 0.00876726 0.0109979 0.0131076 0.0151142 0.0170063 0.0188055 0.0205086 0.022114 0.0236217 0.0250176 0.026286 0.0274158 0.0283871 0.0291674 0.0297537 0.0301065 0.0302025 0.0300238 0.0295559 0.0287661 0.0276702 0.0262593 0.0245341 0.0225165 0.0202419 0.0177277 0.0150281 0.0121995 0.00928495 0.00634106 0.003443 0.000653276 -0.00197265 -0.00436136 -0.00645711 -0.00821708 -0.00959964 -0.0105525 -0.0110626 -0.0111291 -0.0107567 -0.00994346 -0.00873173 -0.00717111 -0.00531874 -0.00323075 -0.00100124 0.0012902 0.00356322 0.00573937 0.0077194 0.00943869 0.0108437 0.0118877 0.0125117 0.0126969 0.0124379 0.0117334 0.0105837 0.00902548 0.00708981 0.00480915 0.00224194 -0.000544089 -0.00350345 -0.00657839 -0.00969115 -0.0127957 -0.0158373 -0.0187517 -0.0214936 -0.024043 -0.0263448 -0.0283847 -0.0301504 -0.0316282 -0.0328065 -0.0337143 -0.0343456 -0.0347211 -0.0348679 -0.0348102 -0.0345694 -0.0341926 -0.0337144 -0.0331731 -0.0326262 -0.0321071 -0.0316713 -0.031357 -0.0311971 -0.031217 -0.031441 -0.0318329 -0.0323823 -0.0330238 -0.0336465 -0.0341454 -0.0343745 -0.0341792 -0.0334246 -0.0320095 -0.0298726 -0.0270359 -0.0235475 -0.0195696 -0.0152851 -0.0109048 -0.0066988 -0.00290487 0.000259093 0.00264817 0.00418916 0.00490764 0.00490535 0.00435624 0.00341292 0.00224613 0.00102974 -0.000121291 -0.00109033 -0.00184688 -0.00236406 -0.00267206 -0.00283763 -0.00288605 -0.00285162 -0.00274951 -0.00263097 -0.00253371 -0.00246419 -0.00241444 -0.00238661 -0.00239151 -0.0024308 -0.00250569 -0.00259799 -0.00271166 -0.00282879 -0.00294498 -0.00306175 -0.00316577 -0.00325777 -0.00330985 -0.00333463 
0 2.13176e-05 3.07356e-05 3.3945e-05 4.86006e-05 7.12991e-05 9.4896e-05 0.000111171 0.000139376 0.000197617 0.000280168 0.000391763 0.000523707 0.000697292 0.00092889 0.00120704 0.00155001 0.00194132 0.00239864 0.00294822 0.00358952 0.0043777 0.00530044 0.00639746 0.00770924 0.00922718 0.0109775 0.0128487 0.0147552 0.01655 0.018044 0.019086 0.0194657 0.0190501 0.0177362 0.0155133 0.0124701 0.00880012 0.00473596 0.000578875 -0.00338687 -0.00691235 -0.00974751 -0.0117697 -0.0128622 -0.0130303 -0.0123195 -0.0108533 -0.00876933 -0.00624565 -0.00343697 -0.000473129 0.00250039 0.00543979 0.00825786 0.0109336 0.0134495 0.0158159 0.018003 0.0200614 0.0219612 0.0237148 0.0253363 0.0267972 0.0281083 0.029258 0.0302245 0.0309867 0.0315541 0.0318599 0.0319341 0.0317379 0.0312709 0.0305078 0.0294759 0.0281341 0.0265181 0.0246361 0.0225251 0.0201921 0.0177041 0.0150898 0.012385 0.00965601 0.00696691 0.00434194 0.00183635 -0.000484751 -0.00260313 -0.00446033 -0.00600929 -0.00721743 -0.00808512 -0.00857947 -0.0086971 -0.00842285 -0.00781892 -0.00689953 -0.00569413 -0.0042462 -0.00264486 -0.000902864 0.000895626 0.0026825 0.00438932 0.0059846 0.00738155 0.00853099 0.00936434 0.00987966 0.0100418 0.00982094 0.00920801 0.00823843 0.0068959 0.00521449 0.00324236 0.000993849 -0.00150175 -0.00417916 -0.00698892 -0.00990057 -0.0128402 -0.0157668 -0.0186312 -0.0214035 -0.0240019 -0.02643 -0.0286401 -0.0306159 -0.0323321 -0.0338193 -0.0350159 -0.0359701 -0.0366719 -0.037133 -0.0373759 -0.0374462 -0.0373431 -0.0371332 -0.0368489 -0.0365204 -0.0362272 -0.0359877 -0.0358645 -0.0358888 -0.0360951 -0.0364691 -0.0370391 -0.037728 -0.0384933 -0.039225 -0.0397909 -0.0400331 -0.0397921 -0.0389156 -0.0372784 -0.0348458 -0.0315902 -0.0276341 -0.0231033 -0.0182203 -0.0132457 -0.00845028 -0.00411277 -0.000478499 0.00229279 0.00412014 0.00501263 0.0051151 0.00455315 0.0035572 0.00229789 0.000948764 -0.000310368 -0.00141208 -0.00225551 -0.00285203 -0.00322803 -0.00342001 -0.00349549 -0.00346552 -0.00337452 -0.00326454 -0.00316082 -0.00308678 -0.00303296 -0.00299788 -0.00299634 -0.00302261 -0.00308308 -0.00316885 -0.00326202 -0.00336664 -0.00346593 -0.00356295 -0.00365539 -0.00372318 -0.00376882 -0.00378058 
0 1.02105e-05 2.18166e-05 2.66025e-05 4.56284e-05 6.62711e-05 0.000100179 0.000140613 0.000197617 0.000279404 0.000389522 0.000532481 0.00070094 0.000915658 0.00117158 0.00149622 0.00187238 0.00231094 0.00282666 0.0034289 0.00417063 0.00503749 0.00608608 0.0073297 0.00880215 0.0105253 0.012453 0.014542 0.0166494 0.0186208 0.0202599 0.0213796 0.0217678 0.0212728 0.0197866 0.0173101 0.0139662 0.00990855 0.00546668 0.000917555 -0.00341493 -0.00723411 -0.010321 -0.0124757 -0.0136201 -0.0137479 -0.0128952 -0.0111956 -0.00884081 -0.00596635 -0.0027934 0.000538802 0.00389869 0.00718045 0.0103368 0.0133066 0.0160694 0.0186285 0.0209711 0.0230885 0.0250202 0.0267486 0.0282808 0.0296202 0.0307737 0.031703 0.0324158 0.0329134 0.0331575 0.0331511 0.0329053 0.0323802 0.0315839 0.0305451 0.0292352 0.027691 0.0259409 0.0239841 0.021852 0.0195976 0.0172363 0.0148242 0.0124073 0.0100237 0.00769527 0.00546982 0.00339235 0.00148158 -0.000244912 -0.00173343 -0.00299193 -0.00401569 -0.00474331 -0.00517951 -0.0053743 -0.00530474 -0.00497918 -0.00444513 -0.00372229 -0.00284588 -0.00185837 -0.000776182 0.000348197 0.00148149 0.00260811 0.00364962 0.00455376 0.00533351 0.00592552 0.00626249 0.00634869 0.00617199 0.00570208 0.00495331 0.00392314 0.00261237 0.00102968 -0.000797774 -0.00284296 -0.00508541 -0.00750542 -0.0100436 -0.0126797 -0.0153638 -0.0180367 -0.020672 -0.0232399 -0.0256802 -0.0279909 -0.0301313 -0.0320641 -0.0337921 -0.0352987 -0.0365639 -0.0376068 -0.038431 -0.0390321 -0.0394453 -0.0396995 -0.0398269 -0.0398561 -0.0398672 -0.0398752 -0.0399278 -0.0400882 -0.0403801 -0.0408162 -0.0414417 -0.0422175 -0.0431128 -0.0440619 -0.044926 -0.0456002 -0.0458782 -0.045596 -0.04461 -0.0427785 -0.0400327 -0.0364167 -0.0319867 -0.0269325 -0.0214834 -0.0159099 -0.0105542 -0.0056717 -0.00156222 0.00160042 0.00372972 0.00484835 0.00506548 0.00455908 0.00354199 0.00221991 0.000800356 -0.00058166 -0.0017682 -0.00271728 -0.00340162 -0.00384577 -0.00410523 -0.00420141 -0.00420334 -0.00412868 -0.00402811 -0.00392278 -0.00383637 -0.00377204 -0.00372627 -0.00370765 -0.00370964 -0.00375164 -0.00380444 -0.00387894 -0.00395041 -0.00402386 -0.00410237 -0.00415836 -0.00421635 -0.00423549 -0.00424056 
0 5.95203e-06 2.3716e-05 3.81558e-05 6.45599e-05 8.62738e-05 0.00013218 0.000198036 0.000280168 0.000389522 0.000517101 0.000693812 0.000902097 0.00115231 0.00145521 0.00181106 0.00224231 0.0027273 0.00329412 0.00397515 0.00478241 0.0057592 0.00691567 0.00830546 0.00996197 0.0118572 0.0139932 0.0162694 0.0185697 0.0207088 0.0224603 0.0236503 0.0240368 0.0234605 0.0218217 0.0191308 0.0155006 0.0111306 0.00632389 0.00142775 -0.00322591 -0.00733755 -0.0106162 -0.0128928 -0.0140597 -0.0141201 -0.0131133 -0.0111961 -0.00855023 -0.00536539 -0.00184223 0.00185404 0.00554176 0.00915388 0.0125893 0.0157856 0.0187261 0.0214195 0.023815 0.0259591 0.0278416 0.0294623 0.0308398 0.0319613 0.0328528 0.033499 0.0338961 0.0340496 0.0339627 0.0335884 0.0329894 0.0321324 0.0310386 0.0297253 0.0282263 0.0265285 0.0246921 0.0227362 0.0207052 0.0186143 0.0165219 0.0144479 0.0124076 0.0104534 0.00862034 0.00689923 0.00532316 0.0039151 0.00264617 0.00155538 0.000643275 -0.00010497 -0.000696239 -0.00113111 -0.00143743 -0.00158072 -0.00162283 -0.00158185 -0.00144259 -0.00121994 -0.000970104 -0.000642435 -0.000282784 8.475e-05 0.000467474 0.000863253 0.00121307 0.00152415 0.00174083 0.0018609 0.00187283 0.00173157 0.00140431 0.000919814 0.000226817 -0.000676535 -0.00176786 -0.00307561 -0.00460797 -0.0063263 -0.00822005 -0.0102843 -0.0124726 -0.0147648 -0.0171292 -0.0195492 -0.0219471 -0.0243209 -0.0266327 -0.0288418 -0.0309102 -0.032864 -0.0346124 -0.0361799 -0.0375569 -0.0387292 -0.0397009 -0.0405172 -0.0411663 -0.0416986 -0.0421369 -0.0425238 -0.0429186 -0.0433329 -0.0438471 -0.0444862 -0.0452643 -0.0461911 -0.0472799 -0.0484383 -0.0496148 -0.0506805 -0.0514894 -0.0518407 -0.0515593 -0.0504869 -0.0484689 -0.045458 -0.0414609 -0.0366021 -0.0310397 -0.0250397 -0.0189212 -0.0130115 -0.00761445 -0.00303679 0.00052945 0.00299074 0.00435615 0.00475402 0.00432357 0.00333221 0.00198796 0.000492629 -0.000958217 -0.00225176 -0.00328178 -0.00405269 -0.00458245 -0.00488806 -0.00503371 -0.00505789 -0.00501054 -0.00492631 -0.00481486 -0.00472048 -0.00464055 -0.00457792 -0.00453676 -0.00450987 -0.00451707 -0.00453619 -0.00456878 -0.00460593 -0.00464565 -0.00468923 -0.00471737 -0.00473872 -0.00474002 -0.00472555 
0 -2.71063e-06 1.65659e-05 4.12044e-05 7.5277e-05 0.000106176 0.00017099 0.000270145 0.000391763 0.000532481 0.000693812 0.000907617 0.0011611 0.00145532 0.00178993 0.0021864 0.00265329 0.0031849 0.00380764 0.00454968 0.00544758 0.00651686 0.00779891 0.0093406 0.011167 0.0132569 0.0155745 0.0180445 0.0205247 0.0228151 0.024681 0.0259261 0.0263071 0.0256551 0.0238716 0.0209788 0.0171072 0.0124458 0.00734254 0.00214791 -0.00278144 -0.00711721 -0.0105709 -0.0129357 -0.014117 -0.0141117 -0.0129606 -0.0108252 -0.00792212 -0.00443564 -0.000600317 0.00339717 0.00737478 0.0112328 0.0148802 0.0182379 0.0212851 0.0240228 0.026415 0.0284764 0.030231 0.0316725 0.0328153 0.0336647 0.0342509 0.0345489 0.0345768 0.0343603 0.0338913 0.0331657 0.0322406 0.0310901 0.0297388 0.0282325 0.0265856 0.0248262 0.0230115 0.021162 0.0193115 0.017497 0.0157491 0.0140942 0.0125424 0.011123 0.00983137 0.00866447 0.00764292 0.00676184 0.00598264 0.00532981 0.00476124 0.00424035 0.00377867 0.00335372 0.00290247 0.00245728 0.00199582 0.0015045 0.00100771 0.000507505 -1.64533e-05 -0.000506739 -0.000978631 -0.00142431 -0.00181021 -0.00214502 -0.00244709 -0.00266151 -0.00283111 -0.00298276 -0.00310918 -0.00324169 -0.00343041 -0.00366607 -0.00400396 -0.00447317 -0.00508022 -0.00584554 -0.00679034 -0.00790698 -0.0092123 -0.0107012 -0.0123653 -0.0141849 -0.0161367 -0.0182086 -0.0203562 -0.0225496 -0.0247708 -0.0269652 -0.0290901 -0.0311544 -0.0330937 -0.034899 -0.0365735 -0.0380945 -0.0394446 -0.0406599 -0.0417345 -0.0426954 -0.0435655 -0.0444033 -0.0452326 -0.0460831 -0.0470259 -0.048083 -0.0492593 -0.0505842 -0.052039 -0.0535451 -0.0550284 -0.0563453 -0.0573484 -0.0578118 -0.0575593 -0.0564319 -0.0542708 -0.0510161 -0.0467084 -0.041449 -0.0354282 -0.0289255 -0.0222771 -0.0158487 -0.00994641 -0.00490695 -0.00093699 0.00186596 0.00350993 0.00410101 0.00379971 0.00286552 0.00152949 8.59538e-06 -0.00151165 -0.00287328 -0.00399142 -0.00484808 -0.00545368 -0.00582549 -0.0060058 -0.00606336 -0.00603751 -0.0059621 -0.00584717 -0.005735 -0.00563825 -0.00555587 -0.00548806 -0.00543094 -0.00540286 -0.00537852 -0.0053676 -0.00535876 -0.00535743 -0.0053609 -0.00534355 -0.00532714 -0.00529316 -0.00525397 
0 -6.49433e-06 1.75001e-05 5.54169e-05 0.000100482 0.000144477 0.000229591 0.000362499 0.000523707 0.00070094 0.000902097 0.0011611 0.00146751 0.00181101 0.00218776 0.0026264 0.00313408 0.00371317 0.0043883 0.00518934 0.00616434 0.00732403 0.0087265 0.0104206 0.0124237 0.0147125 0.0172245 0.0198903 0.0225494 0.0249852 0.026956 0.0282436 0.0286124 0.0278833 0.0259679 0.0228975 0.0188115 0.0139067 0.00854728 0.00310128 -0.00205717 -0.00657743 -0.0101651 -0.0125923 -0.0137729 -0.0136987 -0.0124222 -0.0101079 -0.0069888 -0.00326135 0.000829648 0.00507217 0.00927927 0.0133235 0.0171118 0.0205509 0.0236206 0.0263151 0.0286145 0.030521 0.0320724 0.0332647 0.0341105 0.0346307 0.0348588 0.0347836 0.0344322 0.0338446 0.0330132 0.0319602 0.0307374 0.029347 0.0278145 0.0262 0.0245135 0.0227957 0.0210942 0.0194431 0.0178699 0.0164149 0.0150951 0.0139262 0.0129053 0.0120494 0.0113389 0.0107558 0.0102984 0.00993763 0.00962557 0.00936415 0.00910234 0.00878301 0.00840016 0.00791637 0.00728166 0.00651889 0.00561833 0.00457109 0.00342283 0.0021921 0.00089181 -0.00041622 -0.00171708 -0.0029864 -0.00416038 -0.00522629 -0.00617319 -0.00694414 -0.00755174 -0.00801156 -0.00830832 -0.00848002 -0.00857887 -0.00861404 -0.00864075 -0.00870307 -0.00882438 -0.00904327 -0.00939926 -0.00990299 -0.0105861 -0.0114588 -0.0125348 -0.013808 -0.0152753 -0.0169221 -0.0187196 -0.0206307 -0.0226461 -0.0247094 -0.0267893 -0.0288766 -0.0309215 -0.0328936 -0.034798 -0.0366027 -0.038288 -0.039876 -0.0413635 -0.0427578 -0.0440808 -0.0453873 -0.0466881 -0.0480228 -0.0494516 -0.0509967 -0.0526522 -0.0544481 -0.0563439 -0.0582638 -0.0601123 -0.0617451 -0.0629977 -0.0636373 -0.0634797 -0.0623575 -0.0601121 -0.0566753 -0.0521053 -0.0464994 -0.0400692 -0.033109 -0.0259783 -0.0190602 -0.0126815 -0.00719174 -0.00281499 0.000343185 0.00228673 0.00309917 0.0029552 0.00210667 0.000804187 -0.000724248 -0.00228871 -0.00370546 -0.00489474 -0.00582375 -0.00649448 -0.00691866 -0.00713193 -0.00721683 -0.0072131 -0.00714825 -0.00703313 -0.00690776 -0.00679287 -0.00668961 -0.00659155 -0.0064993 -0.00642795 -0.00635366 -0.00628974 -0.00622787 -0.00617773 -0.00613116 -0.00606215 -0.00599689 -0.00592146 -0.00584885 
0 2.33997e-07 3.75957e-05 9.46086e-05 0.000159021 0.000222752 0.000332207 0.000500659 0.000697292 0.000915658 0.00115231 0.00145532 0.00181101 0.00219487 0.00262296 0.00309368 0.00365363 0.00428627 0.00501911 0.00590401 0.0069519 0.0082299 0.00975827 0.0116118 0.0138046 0.0162772 0.0189935 0.0218373 0.0246642 0.0272362 0.0292977 0.0306203 0.0309728 0.0301652 0.0281285 0.0249052 0.0206199 0.0155284 0.00994921 0.00430687 -0.00102404 -0.00569516 -0.00937148 -0.0118513 -0.0130296 -0.0128999 -0.0115272 -0.00908956 -0.00579695 -0.00190597 0.00236603 0.00677889 0.0111206 0.015276 0.0191196 0.0225619 0.0255764 0.0281595 0.0302737 0.031963 0.0332328 0.0341093 0.0346145 0.0347753 0.0346219 0.0341811 0.0334702 0.0325299 0.0313953 0.0300713 0.0286217 0.027073 0.0254579 0.0238135 0.0222019 0.0206291 0.0191472 0.0177925 0.0165953 0.0155557 0.0147179 0.0140713 0.0135998 0.0133033 0.0131722 0.0131489 0.0132137 0.0133303 0.0134354 0.0134881 0.0134481 0.0132609 0.0128833 0.0122783 0.0114253 0.0103375 0.00899572 0.00741401 0.00564683 0.00372837 0.00168585 -0.000397448 -0.00247983 -0.00451942 -0.00644507 -0.00819813 -0.00975342 -0.0110695 -0.0121311 -0.0129192 -0.0134349 -0.0137187 -0.0137985 -0.0136955 -0.0134789 -0.0131998 -0.0128811 -0.0125986 -0.0124042 -0.0123196 -0.0123837 -0.0126532 -0.0131213 -0.0138112 -0.0147363 -0.0158921 -0.0172356 -0.018782 -0.0204903 -0.0223218 -0.0242527 -0.0262723 -0.0283082 -0.0303601 -0.0324057 -0.0344061 -0.0363546 -0.0382565 -0.0400981 -0.0418914 -0.0436622 -0.045426 -0.0472293 -0.0490786 -0.0510321 -0.0531064 -0.0552992 -0.0576033 -0.0600073 -0.0623966 -0.0646703 -0.0666945 -0.0682538 -0.069141 -0.0691493 -0.0681007 -0.0658391 -0.0623102 -0.0575389 -0.0516746 -0.0449046 -0.0375499 -0.0300062 -0.0226341 -0.0158244 -0.00990714 -0.0051328 -0.00161579 0.000635372 0.00170227 0.00174097 0.00101994 -0.000207942 -0.00172058 -0.00328191 -0.00474794 -0.00598691 -0.00698419 -0.00772605 -0.00819357 -0.00845751 -0.00856368 -0.00858599 -0.00853192 -0.00841248 -0.00827611 -0.0081332 -0.00800134 -0.00786555 -0.00773148 -0.00760683 -0.00747793 -0.00734981 -0.00722977 -0.00712241 -0.00701418 -0.00689262 -0.00676666 -0.00665146 -0.00653936 
0 2.51046e-05 8.26452e-05 0.000175384 0.000259774 0.000356752 0.000492738 0.00068986 0.00092889 0.00117158 0.00145521 0.00178993 0.00218776 0.00262296 0.00307956 0.00360862 0.0042057 0.00490614 0.00571993 0.00667791 0.00784838 0.00923495 0.0109255 0.0129553 0.0153264 0.0180114 0.0209025 0.0239289 0.0269039 0.029589 0.0317337 0.0330793 0.0334051 0.0325341 0.0303937 0.0270329 0.0226098 0.0173436 0.0116137 0.00580858 0.000327208 -0.00444725 -0.00822072 -0.010748 -0.0119412 -0.0117901 -0.010375 -0.00785244 -0.00448334 -0.000484971 0.0038793 0.00835494 0.0127628 0.0169214 0.0207315 0.0241007 0.0269882 0.0293706 0.031271 0.0326614 0.0336124 0.0341442 0.0342769 0.0340696 0.0335621 0.0327694 0.0317405 0.0305305 0.0291412 0.0276463 0.0260737 0.0244686 0.0228578 0.0213196 0.0198548 0.0185309 0.0173717 0.016407 0.01563 0.0150858 0.0147481 0.0146192 0.0146933 0.0149479 0.015321 0.0157909 0.0163114 0.016808 0.017226 0.0175158 0.0176034 0.0174249 0.0169746 0.0162196 0.0151257 0.0136801 0.0119225 0.00986524 0.00754665 0.00500595 0.0023203 -0.00045606 -0.00323606 -0.00594637 -0.00850911 -0.010891 -0.0130164 -0.0148284 -0.0163025 -0.0174521 -0.0182476 -0.0186933 -0.018826 -0.0186868 -0.0183086 -0.0177636 -0.0171233 -0.0164259 -0.0157392 -0.0151302 -0.0146495 -0.0143222 -0.0142101 -0.0143146 -0.0146615 -0.0152526 -0.0161109 -0.0171935 -0.0185164 -0.0200325 -0.0217235 -0.0235446 -0.0254943 -0.0275042 -0.0295784 -0.0316873 -0.0338011 -0.0359185 -0.0380555 -0.040189 -0.0423463 -0.0445715 -0.046841 -0.0492132 -0.0517039 -0.054325 -0.0570694 -0.0599456 -0.062875 -0.0657968 -0.0685626 -0.0710165 -0.0729641 -0.0741571 -0.0743974 -0.0734956 -0.071301 -0.0677394 -0.0628797 -0.0568185 -0.0498047 -0.0421536 -0.0342537 -0.0265227 -0.0193267 -0.0130286 -0.00788213 -0.00401143 -0.00143628 -0.00010764 0.000161886 -0.000405315 -0.00153449 -0.00297984 -0.00454706 -0.00601733 -0.00731802 -0.00838086 -0.00917794 -0.00971828 -0.0100093 -0.0101551 -0.0101905 -0.0101357 -0.0100175 -0.00985072 -0.00968126 -0.00950469 -0.00932161 -0.00914007 -0.00895363 -0.0087649 -0.00857169 -0.00838782 -0.00821892 -0.0080463 -0.00786145 -0.00767803 -0.00751174 -0.00735785 
0 5.97249e-05 0.000154982 0.000277769 0.000401707 0.000532586 0.000703492 0.000939313 0.00120704 0.00149622 0.00181106 0.0021864 0.0026264 0.00309368 0.00360862 0.00416902 0.00483153 0.00559913 0.0064894 0.00756344 0.00883034 0.0103767 0.0122287 0.0144457 0.0170273 0.0198996 0.0229983 0.0261888 0.0293049 0.0320968 0.0343045 0.0356597 0.0359625 0.0350227 0.0327997 0.0293475 0.0247911 0.0194294 0.0135576 0.00762491 0.00202132 -0.00288044 -0.00674069 -0.00935157 -0.010601 -0.0104766 -0.0090721 -0.00656932 -0.00317308 0.000817026 0.00518287 0.00964923 0.0140095 0.0181013 0.0217944 0.0250018 0.0276829 0.0298281 0.0314267 0.0325266 0.0331411 0.0333243 0.0331117 0.0325702 0.0317201 0.0306479 0.0293793 0.0279588 0.0264449 0.024874 0.0232754 0.0217247 0.0202562 0.0188979 0.0177214 0.0167325 0.0159565 0.0154196 0.0151367 0.0150815 0.0152697 0.015662 0.0162356 0.016941 0.0177659 0.0186345 0.0194828 0.0202402 0.0208567 0.021228 0.0213304 0.0211199 0.0205369 0.0195423 0.0181747 0.0164177 0.0142838 0.0117933 0.00899913 0.00595375 0.00274253 -0.000576929 -0.00390628 -0.0071741 -0.0102907 -0.0131726 -0.0157551 -0.0180346 -0.0199357 -0.02142 -0.0224905 -0.023166 -0.0234296 -0.0233383 -0.0229255 -0.0222516 -0.0213692 -0.0203772 -0.0193318 -0.0183013 -0.0173268 -0.0164919 -0.015812 -0.0153423 -0.0151209 -0.0151633 -0.0154625 -0.0160577 -0.0169134 -0.0180205 -0.0193756 -0.0209324 -0.0226581 -0.0245375 -0.0265348 -0.0286217 -0.0308088 -0.0330625 -0.0353965 -0.0378003 -0.0402988 -0.0428824 -0.045597 -0.0484413 -0.0514442 -0.0546104 -0.0579342 -0.0613739 -0.0648879 -0.0683623 -0.0716476 -0.0746 -0.0769584 -0.0785251 -0.0790589 -0.0783652 -0.0763011 -0.0728101 -0.0679121 -0.0617748 -0.0546069 -0.0467477 -0.0386185 -0.0305869 -0.0231016 -0.0164746 -0.0109892 -0.00678657 -0.00389837 -0.00228409 -0.00178596 -0.002172 -0.00317897 -0.00456824 -0.00609065 -0.00759302 -0.00892658 -0.0100515 -0.010919 -0.0114986 -0.0118503 -0.0120069 -0.0120563 -0.0119963 -0.0118536 -0.0116644 -0.0114439 -0.0112202 -0.0109803 -0.0107405 -0.0104907 -0.0102359 -0.0099757 -0.00972705 -0.00949226 -0.00924996 -0.00900401 -0.00875593 -0.00854096 -0.0083393 
0 0.000109048 0.000240161 0.00041056 0.000567885 0.000749783 0.000962337 0.00123394 0.00155001 0.00187238 0.00224231 0.00265329 0.00313408 0.00365363 0.0042057 0.00483153 0.0055409 0.0063852 0.00737275 0.00854828 0.0099633 0.0116604 0.0137103 0.0161334 0.018918 0.0220073 0.0252938 0.0286568 0.031904 0.0347885 0.0370512 0.0384161 0.0386791 0.0376846 0.0353849 0.0318367 0.0271919 0.0217182 0.0157517 0.0097036 0.00397853 -0.00103051 -0.00501094 -0.00774125 -0.0091011 -0.00908149 -0.00778233 -0.00536157 -0.00206054 0.00185753 0.00613191 0.0104826 0.0147237 0.0186522 0.0221454 0.0251362 0.027567 0.0294184 0.0307288 0.0315009 0.0317928 0.0316603 0.0311457 0.0303291 0.0292458 0.0279632 0.0265372 0.0250177 0.023451 0.0219158 0.0204273 0.0190534 0.0178223 0.0167804 0.0159473 0.0153633 0.0150414 0.0149868 0.0151806 0.0156327 0.0163002 0.01715 0.0181696 0.0192859 0.0204298 0.0215606 0.0226007 0.0234695 0.0241312 0.0244961 0.0245137 0.0241436 0.0233592 0.0221469 0.0205162 0.0184283 0.0159442 0.01311 0.00995486 0.00653129 0.00294174 -0.000775107 -0.00450129 -0.00814827 -0.0116569 -0.0149606 -0.0179511 -0.0205986 -0.0228421 -0.0246644 -0.0260469 -0.0269678 -0.0274254 -0.0274795 -0.0271343 -0.0264533 -0.0255166 -0.0243642 -0.0230618 -0.0217136 -0.020367 -0.0190811 -0.0179325 -0.0169514 -0.0161828 -0.0156638 -0.0154321 -0.0154876 -0.0158424 -0.0164876 -0.0174178 -0.0185864 -0.020012 -0.021645 -0.0234655 -0.0254618 -0.0276156 -0.0298974 -0.0323351 -0.0349045 -0.0376295 -0.0405246 -0.0435876 -0.0468563 -0.0503247 -0.0539917 -0.0578579 -0.0618724 -0.0659488 -0.0700018 -0.0738414 -0.0772912 -0.080115 -0.0820742 -0.0829422 -0.0825149 -0.0806559 -0.0773043 -0.0724932 -0.0663607 -0.0591541 -0.0512032 -0.0429144 -0.0347035 -0.0269906 -0.020115 -0.0143542 -0.00986165 -0.00669175 -0.00481473 -0.00407603 -0.00427823 -0.00515617 -0.00645452 -0.00795199 -0.00945054 -0.010834 -0.0120184 -0.012939 -0.0135885 -0.0139712 -0.0141593 -0.0142057 -0.0141282 -0.0139682 -0.0137291 -0.0134646 -0.0131767 -0.0128743 -0.012572 -0.0122451 -0.011922 -0.011586 -0.0112675 -0.0109615 -0.0106472 -0.0103399 -0.0100329 -0.00976928 -0.00952261 
0 0.000169687 0.000354608 0.000570057 0.000778574 0.00101263 0.00127407 0.00158756 0.00194132 0.00231094 0.0027273 0.0031849 0.00371317 0.00428627 0.00490614 0.00559913 0.0063852 0.00731993 0.00841707 0.00972427 0.0112844 0.0131587 0.0154083 0.0180439 0.0210469 0.0243477 0.0278377 0.0313707 0.0347431 0.0377105 0.0400107 0.0413641 0.0415792 0.0405127 0.0381341 0.0344994 0.0297564 0.0241914 0.01812 0.0119533 0.0060981 0.000948583 -0.00317815 -0.00606939 -0.00759642 -0.00774545 -0.00662337 -0.00439191 -0.00127091 0.00246145 0.00654711 0.0107078 0.0147505 0.0184643 0.0217181 0.0244469 0.0265949 0.02815 0.0291528 0.0296358 0.0296483 0.0292536 0.0285091 0.0274978 0.0262484 0.0248594 0.0233858 0.0218708 0.0203805 0.0189869 0.017699 0.0165954 0.0157065 0.0150548 0.0146629 0.0145449 0.0146973 0.0151151 0.0157859 0.0166965 0.0178015 0.0190499 0.0204123 0.0217953 0.0231476 0.0244147 0.0255055 0.0263479 0.0269234 0.0271351 0.0269678 0.0264017 0.0253868 0.0239024 0.0219962 0.0196401 0.0168881 0.0137834 0.0103641 0.00669681 0.0028873 -0.00104617 -0.0050011 -0.00889789 -0.0126709 -0.0162399 -0.0195097 -0.0224714 -0.0250294 -0.0271409 -0.0288048 -0.0300051 -0.0307173 -0.0310024 -0.0308467 -0.0302893 -0.0293999 -0.0282294 -0.0268289 -0.025301 -0.0236909 -0.0220749 -0.0205312 -0.0191146 -0.0178759 -0.0168581 -0.0160965 -0.0156153 -0.0154268 -0.0155496 -0.0159953 -0.0167227 -0.0177551 -0.0190595 -0.0206047 -0.0223886 -0.0244084 -0.0266187 -0.0290514 -0.0316889 -0.0345457 -0.0376287 -0.040959 -0.0445578 -0.0484187 -0.0525366 -0.0569028 -0.0614421 -0.0660611 -0.0706576 -0.0750301 -0.0789882 -0.08228 -0.0846735 -0.0859213 -0.0858149 -0.0842254 -0.0810917 -0.0764344 -0.0704083 -0.0632584 -0.0553163 -0.0469895 -0.0386903 -0.0308568 -0.0238135 -0.0178447 -0.0131231 -0.00971464 -0.00760167 -0.00664888 -0.0066752 -0.00742773 -0.00864591 -0.010102 -0.0116089 -0.0130276 -0.0142649 -0.015243 -0.0159464 -0.0163804 -0.016593 -0.0166436 -0.0165548 -0.0163695 -0.016091 -0.0157676 -0.0154148 -0.0150421 -0.0146643 -0.0142583 -0.0138543 -0.0134425 -0.0130487 -0.0126681 -0.012284 -0.0119146 -0.0115533 -0.0112377 -0.010944 
0 0.000239604 0.000489023 0.000753879 0.00102544 0.00131933 0.00163978 0.00200346 0.00239864 0.00282666 0.00329412 0.00380764 0.0043883 0.00501911 0.00571993 0.0064894 0.00737275 0.00841707 0.00964736 0.0111178 0.0128505 0.014935 0.017406 0.0202709 0.0235001 0.0270052 0.0306869 0.034366 0.0378361 0.0408562 0.0431647 0.0444842 0.0446326 0.0434771 0.041003 0.0372681 0.0324106 0.0267428 0.0205541 0.0142586 0.00825923 0.00294286 -0.0013668 -0.00447226 -0.00623415 -0.00663335 -0.00577128 -0.00381882 -0.00096348 0.0024977 0.00631154 0.0102067 0.013978 0.0174236 0.0204048 0.0228623 0.0247404 0.0260359 0.0267716 0.0270172 0.0268054 0.0262147 0.0253202 0.0242084 0.0229025 0.0215187 0.0201091 0.0187085 0.017406 0.0162606 0.0152865 0.0145485 0.0140803 0.0138714 0.0139557 0.0143211 0.014963 0.0158486 0.0169683 0.0182747 0.0197272 0.0212628 0.0228506 0.0243779 0.0258013 0.0270556 0.0280575 0.0287511 0.0291339 0.0291108 0.028679 0.0278376 0.0265468 0.0247995 0.0226473 0.0200669 0.0171121 0.013842 0.0102909 0.00651936 0.00261611 -0.00139747 -0.00543019 -0.00941358 -0.0133035 -0.0170169 -0.0204622 -0.0236273 -0.0264191 -0.0287893 -0.0307382 -0.0322363 -0.0332419 -0.0338105 -0.0339217 -0.0335972 -0.0328844 -0.0318286 -0.0304615 -0.028889 -0.0271543 -0.0253472 -0.0235319 -0.0217821 -0.0201435 -0.0186816 -0.0174285 -0.0164408 -0.0157216 -0.0153165 -0.0152394 -0.0154745 -0.0160431 -0.0169435 -0.0181324 -0.0196166 -0.0214013 -0.0234345 -0.0257505 -0.0283485 -0.031238 -0.0344153 -0.0379277 -0.0417639 -0.0459251 -0.0504 -0.0551766 -0.0601585 -0.0652593 -0.0703477 -0.0752189 -0.0796626 -0.0834091 -0.0862368 -0.0878747 -0.0881189 -0.0868438 -0.0839916 -0.0795637 -0.0737361 -0.0667399 -0.0589094 -0.050652 -0.0423699 -0.0345203 -0.0274064 -0.0213194 -0.0164457 -0.0128609 -0.0105531 -0.00941456 -0.00927675 -0.00990642 -0.0110482 -0.0124635 -0.0139904 -0.0154538 -0.016756 -0.0178077 -0.0185748 -0.0190751 -0.0193188 -0.0193797 -0.0192821 -0.0190675 -0.0187515 -0.0183655 -0.0179489 -0.0175064 -0.0170513 -0.0165682 -0.0160807 -0.015593 -0.0151198 -0.0146598 -0.0142047 -0.0137718 -0.0133572 -0.0129859 -0.0126416 
