0 0 0 0 0 0 0 0 0 0 0 0 0 0 0 0 0 0 0 0 0 0 0 0 0 0 0 0 0 0 0 0 0 0 0 0 0 0 0 0 0 0 0 0 0 0 0 0 0 0 0 0 0 0 0 0 0 0 0 0 0 0 0 0 0 0 0 0 0 0 0 0 0 0 0 0 0 0 0 0 0 0 0 0 0 0 0 0 0 0 0 0 0 0 0 0 0 0 0 0 0 0 0 0 0 0 0 0 0 0 0 0 0 0 0 0 0 0 0 0 0 0 0 0 0 0 0 0 0 0 0 0 0 0 0 0 0 0 0 0 0 0 0 0 0 0 0 0 0 0 0 0 0 0 0 0 0 0 0 0 0 0 0 0 0 0 0 0 0 0 0 0 0 0 0 0 0 0 0 0 0 0 0 0 0 0 0 0 0 0 0 0 0 0 0 0 0 0 0 0 
0 1.80388e-05 2.98844e-05 3.84734e-05 5.65935e-05 7.48799e-05 8.7094e-05 9.12341e-05 9.83194e-05 0.000111429 0.000122803 0.000131389 0.000137734 0.000148798 0.000153528 0.000159213 0.000160331 0.000159559 0.000157927 0.000147966 0.000150898 0.000138813 0.000126233 0.000112649 0.000107642 0.000125129 0.000130933 0.000157857 0.000192944 0.000246328 0.000318081 0.000401505 0.000515105 0.000645831 0.000803605 0.000999875 0.00123008 0.00146898 0.00171997 0.00194785 0.00214861 0.0022831 0.00233035 0.00228716 0.00210733 0.00181429 0.00141092 0.000926078 0.00038187 -0.000170887 -0.000705475 -0.0011827 -0.00157985 -0.00186877 -0.002037 -0.00209703 -0.00204065 -0.0018947 -0.00167536 -0.00141728 -0.00111378 -0.000811827 -0.000508127 -0.00020667 8.26582e-05 0.000355134 0.000637593 0.000914341 0.00119837 0.00150775 0.0018288 0.00218039 0.00256506 0.0029909 0.00346253 0.00399835 0.0045856 0.00524373 0.00595148 0.00671758 0.00751625 0.0083448 0.00917339 0.00998785 0.0107538 0.0114717 0.0120978 0.0126293 0.0130429 0.0133054 0.0133871 0.013289 0.0129621 0.0124079 0.0116328 0.0106235 0.00938058 0.00796183 0.00638867 0.00468318 0.00286688 0.000989029 -0.000900813 -0.00277275 -0.00462044 -0.00637419 -0.00798856 -0.00944437 -0.010711 -0.0117484 -0.01257 -0.0131572 -0.0135168 -0.0136645 -0.0136259 -0.0134083 -0.0130495 -0.0125503 -0.011947 -0.0112483 -0.0104871 -0.00968272 -0.00887051 -0.00805321 -0.00727526 -0.00653135 -0.00584733 -0.00522595 -0.00467399 -0.00418496 -0.00376958 -0.00340872 -0.00311877 -0.00289297 -0.00272589 -0.00263357 -0.0026015 -0.00262548 -0.00270502 -0.00283154 -0.00297331 -0.00314073 -0.00329317 -0.00341518 -0.00347572 -0.00346969 -0.00335469 -0.00313791 -0.00281863 -0.00239843 -0.00190113 -0.00135257 -0.000786863 -0.000232398 0.000268901 0.000689883 0.000989481 0.00118694 0.00124886 0.00120924 0.00109787 0.000927603 0.000735885 0.000535601 0.000356977 0.000207463 9.34347e-05 1.84899e-05 -1.25876e-05 -3.78143e-05 -4.26029e-05 -4.0679e-05 -3.58001e-05 -2.71362e-05 -4.00284e-05 -4.65942e-05 -7.53535e-05 -0.000108875 -0.000141377 -0.000176081 -0.000209233 -0.00025596 -0.000291674 -0.000317663 -0.000336045 -0.000356009 -0.000370352 -0.000373216 -0.00037012 -0.000365941 -0.000367159 -0.00036211 -0.000359705 -0.000354454 -0.000350682 -0.00034944 -0.000345069 -0.000348308 -0.000346879 -0.000350308 
0 2.98844e-05 4.57708e-05 6.09466e-05 9.04186e-05 0.000126237 0.000152456 0.000166045 0.000187697 0.00022259 0.000250922 0.000276829 0.000294673 0.00031731 0.000334667 0.000335421 0.000341326 0.000326418 0.000312022 0.000292523 0.000275075 0.000265097 0.000227197 0.000209509 0.0002102 0.000234475 0.000270524 0.000310994 0.000394139 0.000502624 0.000642052 0.000819253 0.00104031 0.00130187 0.00161745 0.00200494 0.00245584 0.0029438 0.00342933 0.00390304 0.00430412 0.00457405 0.00468795 0.00458476 0.00423259 0.00363436 0.00281458 0.00183396 0.000746333 -0.000373797 -0.00142393 -0.00237615 -0.00316536 -0.00372188 -0.00406932 -0.00418077 -0.00406982 -0.00378283 -0.0033515 -0.00282228 -0.00223802 -0.00162052 -0.00101286 -0.000409262 0.000189271 0.000757094 0.00132951 0.00190515 0.00248462 0.00308875 0.00374793 0.00445144 0.0052307 0.00610219 0.00707293 0.00813443 0.00932903 0.0106348 0.0120348 0.0135437 0.0151232 0.0167144 0.0183269 0.0199082 0.0213931 0.0227814 0.0240109 0.025014 0.0257735 0.0262439 0.0263578 0.0261017 0.025427 0.0243112 0.0227439 0.0207468 0.0183561 0.0156051 0.0124933 0.00913532 0.005622 0.00197628 -0.00175371 -0.00544065 -0.00901842 -0.0124133 -0.0155731 -0.0184247 -0.0208997 -0.0229596 -0.0246032 -0.025785 -0.0265395 -0.0269027 -0.0268666 -0.0264761 -0.0258043 -0.0248501 -0.0236746 -0.0223511 -0.0208831 -0.0193257 -0.0177482 -0.0161686 -0.0146248 -0.0131771 -0.0118214 -0.0105766 -0.00946027 -0.00848387 -0.00762342 -0.00690877 -0.00633387 -0.00587909 -0.00555186 -0.00536953 -0.00528606 -0.00532567 -0.00548022 -0.00570481 -0.00599626 -0.00631628 -0.00661412 -0.00685468 -0.00698002 -0.00695249 -0.00674401 -0.0063028 -0.00566695 -0.00483418 -0.00382349 -0.0027238 -0.00158336 -0.000463403 0.000543254 0.00137539 0.00198925 0.00235967 0.00249408 0.00241206 0.00218395 0.00186034 0.0014725 0.00108343 0.000731092 0.000433262 0.000203352 5.92667e-05 -2.24121e-05 -6.61269e-05 -9.07968e-05 -9.77101e-05 -8.29659e-05 -9.07244e-05 -0.000100208 -0.000127969 -0.000179011 -0.000236179 -0.000305345 -0.000354533 -0.000421489 -0.000499823 -0.000563457 -0.000612707 -0.000646018 -0.000688233 -0.000722636 -0.000733953 -0.000735825 -0.00073612 -0.000737043 -0.000737154 -0.000726731 -0.000721086 -0.000714112 -0.000705013 -0.000704872 -0.000698394 -0.000700654 -0.000697592 
0 3.84734e-05 6.09466e-05 7.67336e-05 0.00011796 0.000168033 0.000209252 0.000237347 0.000277413 0.000333173 0.00038318 0.000421576 0.000451682 0.000489464 0.00050931 0.000522938 0.000518202 0.000499529 0.000472312 0.00042613 0.000410188 0.000368681 0.000329558 0.000298647 0.000298397 0.000355985 0.000396469 0.000487146 0.000608115 0.00077875 0.000998823 0.00125521 0.00158794 0.00197309 0.0024371 0.00301225 0.0036886 0.0044048 0.00515407 0.00584884 0.0064556 0.00686602 0.00701388 0.00686963 0.00632414 0.00542625 0.0041987 0.00272796 0.00109139 -0.000567606 -0.00215607 -0.00356756 -0.00473063 -0.00556941 -0.00605712 -0.00622063 -0.00605219 -0.00562166 -0.00497863 -0.00421006 -0.00331374 -0.00239806 -0.00146702 -0.000532433 0.000378571 0.00124908 0.00213688 0.00300898 0.00389532 0.00484305 0.00583539 0.0069195 0.00811214 0.00943662 0.0109023 0.0125417 0.0143239 0.016276 0.0183425 0.0205371 0.0227981 0.0251132 0.0274195 0.0296758 0.031794 0.0337592 0.0354535 0.0368443 0.0378648 0.0384295 0.0384671 0.0379842 0.0368839 0.035177 0.0328842 0.0299806 0.0264689 0.0224718 0.018036 0.0132236 0.0081032 0.00280516 -0.00253296 -0.00781126 -0.0129889 -0.0178974 -0.022429 -0.0265352 -0.0301447 -0.0331669 -0.0356222 -0.037454 -0.0386651 -0.0392806 -0.0393467 -0.038885 -0.0379922 -0.0366862 -0.0350672 -0.0331799 -0.0311077 -0.0289061 -0.0266615 -0.0243845 -0.0221749 -0.0200344 -0.018026 -0.0161699 -0.014496 -0.0130044 -0.0117241 -0.010624 -0.00973883 -0.00904957 -0.00854144 -0.00824497 -0.00812014 -0.00815701 -0.00835282 -0.00868123 -0.00907126 -0.00953449 -0.00996811 -0.0103195 -0.0105012 -0.0104784 -0.0101435 -0.00949641 -0.0085367 -0.00727315 -0.00577103 -0.00411444 -0.00240494 -0.000733881 0.000774544 0.00203321 0.00293807 0.00351885 0.00370962 0.00359598 0.00326608 0.00277093 0.0022091 0.00162928 0.00110974 0.000673547 0.000337514 0.000111183 -4.07538e-06 -9.58709e-05 -0.00013883 -0.000160608 -0.000168416 -0.000165966 -0.000204531 -0.000229411 -0.000302147 -0.000385382 -0.000465051 -0.000546331 -0.000627342 -0.000740102 -0.000828623 -0.000894304 -0.000946174 -0.00100676 -0.0010587 -0.00108371 -0.0010929 -0.00109769 -0.00111001 -0.00110645 -0.00110385 -0.00109393 -0.00108502 -0.00107834 -0.00106424 -0.00106333 -0.00105137 -0.00104555 
0 5.65935e-05 9.04186e-05 0.00011796 0.00016926 0.00023348 0.000286583 0.000325106 0.00037633 0.000446692 0.000504594 0.000551812 0.000586711 0.000627499 0.000659973 0.000667807 0.000672281 0.00064478 0.000610399 0.000567997 0.000534105 0.000508534 0.000455063 0.000431975 0.000446033 0.000504092 0.000580074 0.000677312 0.000842005 0.00106171 0.00134311 0.00169328 0.00212908 0.00264592 0.00327083 0.00403405 0.00492147 0.00588281 0.00685193 0.00778449 0.00857537 0.00911048 0.00931908 0.00910167 0.00838859 0.00719016 0.00555785 0.00360465 0.00144698 -0.000762776 -0.00284647 -0.00471735 -0.00625668 -0.00735293 -0.00801541 -0.00822193 -0.0079958 -0.00741802 -0.00655748 -0.00550105 -0.00431916 -0.00307037 -0.00181758 -0.000563338 0.000679463 0.00188058 0.00308589 0.00429653 0.00552247 0.00680498 0.00818657 0.00967409 0.0113108 0.0131251 0.0151229 0.0172926 0.0196681 0.0222162 0.0248974 0.0277188 0.0306192 0.033519 0.0364099 0.0392111 0.0418179 0.0442005 0.0462465 0.0478457 0.0489477 0.0494741 0.0493372 0.0485228 0.046974 0.0446751 0.0416294 0.0378633 0.0334248 0.028369 0.0227133 0.0166113 0.0102044 0.00356679 -0.00318834 -0.0098669 -0.0163505 -0.0225104 -0.0282535 -0.0334803 -0.0380913 -0.0420217 -0.0452553 -0.0477201 -0.049436 -0.050434 -0.0507026 -0.0503008 -0.0493347 -0.0478287 -0.0458901 -0.0436351 -0.0411006 -0.0383775 -0.0355709 -0.0327162 -0.029883 -0.027155 -0.0245513 -0.0221144 -0.0198887 -0.0179017 -0.0161469 -0.0146628 -0.0134526 -0.0124912 -0.0117858 -0.0113531 -0.0111349 -0.0111491 -0.011382 -0.0117682 -0.012281 -0.0128593 -0.0134079 -0.0138474 -0.0140711 -0.0140009 -0.0135625 -0.0126853 -0.0114075 -0.00973913 -0.00773304 -0.00553872 -0.00326522 -0.001042 0.00096286 0.00262509 0.00385295 0.00460739 0.00488952 0.00475334 0.00432115 0.00369095 0.0029414 0.0021825 0.00148914 0.000901447 0.000445746 0.000145051 -3.33765e-05 -0.000143003 -0.000208856 -0.000239581 -0.000236636 -0.000254503 -0.000280568 -0.000329824 -0.000417287 -0.00051898 -0.000633922 -0.000727249 -0.000845195 -0.000982229 -0.00109748 -0.00118632 -0.00125351 -0.0013339 -0.00140302 -0.00143886 -0.00145542 -0.00146574 -0.00147399 -0.00147464 -0.00146186 -0.00145188 -0.00144121 -0.00142846 -0.00142276 -0.00141137 -0.0014069 -0.00139708 
0 7.48799e-05 0.000126237 0.000168033 0.00023348 0.000310742 0.000374677 0.000423374 0.000483474 0.000558437 0.00062319 0.000668997 0.000704841 0.000747552 0.000778298 0.000796929 0.000798128 0.00077928 0.000748289 0.000704871 0.000682937 0.000647492 0.000605842 0.000582627 0.000603238 0.000682862 0.00076828 0.000902655 0.00109789 0.00136835 0.00171866 0.00214828 0.00269006 0.00333708 0.00411951 0.00507255 0.00617802 0.00736259 0.00857299 0.00970856 0.0106739 0.0113241 0.0115519 0.0112717 0.0103751 0.00889037 0.00687742 0.00446533 0.00179765 -0.000922452 -0.00351702 -0.00583136 -0.00773251 -0.00910435 -0.00990954 -0.0101581 -0.00986852 -0.0091323 -0.008042 -0.00671315 -0.00520217 -0.00362411 -0.00202307 -0.00041919 0.00115898 0.00269644 0.0042475 0.00580541 0.00740298 0.00909395 0.0108909 0.0128319 0.0149449 0.0172537 0.0197632 0.0224849 0.0254002 0.0285023 0.0317346 0.0350885 0.0384916 0.0418927 0.0452242 0.0484059 0.0513256 0.0539295 0.0560852 0.0577149 0.0587418 0.0590728 0.0586329 0.057417 0.0553556 0.0524568 0.0487449 0.0442208 0.0389148 0.0329401 0.0263612 0.0192807 0.011812 0.00410173 -0.00368665 -0.0114027 -0.0189475 -0.0261427 -0.032858 -0.0390079 -0.0444956 -0.0492263 -0.0531851 -0.0563012 -0.0585632 -0.0599864 -0.0605934 -0.0604183 -0.0595584 -0.0580546 -0.0560198 -0.0535444 -0.0507229 -0.0476469 -0.0444266 -0.0411086 -0.0377968 -0.0345416 -0.0314108 -0.0284522 -0.0257186 -0.023237 -0.0210406 -0.0191361 -0.0175568 -0.0162931 -0.0153436 -0.0147313 -0.0144137 -0.0143795 -0.0146121 -0.015057 -0.0156377 -0.0163125 -0.0169529 -0.0174558 -0.0176963 -0.017584 -0.0169976 -0.0158989 -0.0142941 -0.0122084 -0.00973143 -0.0070067 -0.00418944 -0.00143874 0.00105367 0.00313355 0.00467038 0.00564346 0.00601545 0.00588008 0.00536953 0.00459235 0.0036787 0.00273577 0.00187017 0.00113424 0.000561896 0.000171916 -5.64005e-05 -0.000207453 -0.000289287 -0.000328177 -0.000339293 -0.000349168 -0.000391316 -0.00044305 -0.000545524 -0.000669417 -0.000796588 -0.000922647 -0.00106177 -0.00122939 -0.00137191 -0.0014799 -0.00156719 -0.00165881 -0.00173797 -0.00178293 -0.00180444 -0.00181786 -0.00183045 -0.0018285 -0.00181994 -0.00180715 -0.00179576 -0.00178714 -0.00177769 -0.00177263 -0.00176203 -0.0017529 
0 8.7094e-05 0.000152456 0.000209252 0.000286583 0.000374677 0.00044993 0.000511432 0.000581597 0.000665506 0.000738867 0.00079181 0.000833102 0.000875428 0.00090838 0.000925359 0.000925737 0.000906355 0.000874402 0.000837145 0.000812912 0.000783914 0.00074933 0.000738272 0.000776981 0.000870262 0.000985963 0.00114805 0.00138165 0.00170139 0.00211498 0.00263097 0.00327565 0.00405511 0.00499988 0.00613913 0.00745054 0.0088603 0.0102887 0.0116299 0.0127564 0.0135121 0.0137657 0.0134039 0.0123284 0.0105528 0.00815695 0.0052879 0.00212688 -0.00110004 -0.00417521 -0.00691793 -0.00916629 -0.0107917 -0.0117443 -0.0120256 -0.0116677 -0.010768 -0.00944079 -0.00781112 -0.00597414 -0.00404069 -0.00207567 -0.000106924 0.00183984 0.00375866 0.0056892 0.00764686 0.00966245 0.0117864 0.0140456 0.01647 0.0190834 0.0219041 0.024929 0.0281553 0.0315701 0.0351504 0.0388466 0.0426295 0.0464248 0.0501571 0.0537527 0.0571163 0.060137 0.062739 0.0648075 0.0662527 0.0670061 0.0669908 0.0661456 0.0644507 0.0618627 0.0583803 0.0540294 0.0488361 0.0428549 0.0361757 0.0288774 0.0210812 0.0129176 0.00451084 -0.0039938 -0.0124418 -0.0207048 -0.0286295 -0.0360863 -0.0429697 -0.0491685 -0.0545926 -0.0591981 -0.0629246 -0.0657547 -0.0676956 -0.0687529 -0.0689609 -0.0683923 -0.0670956 -0.0651681 -0.0627084 -0.0598058 -0.0565634 -0.0530944 -0.0494728 -0.0457993 -0.0421503 -0.0385931 -0.0351865 -0.0319925 -0.0290529 -0.0264081 -0.0240903 -0.0221338 -0.0205424 -0.0193285 -0.0185046 -0.0180424 -0.0179261 -0.0181305 -0.0185901 -0.0192265 -0.0199616 -0.0206629 -0.0211994 -0.0214324 -0.0212429 -0.0205092 -0.0191751 -0.0172433 -0.0147503 -0.0117962 -0.00854763 -0.00518564 -0.00190658 0.00107123 0.00356006 0.00542056 0.00660042 0.00708449 0.00696518 0.00638816 0.00549283 0.00442184 0.0033111 0.00227669 0.00138928 0.000693367 0.000209264 -9.17825e-05 -0.000283171 -0.000393959 -0.000449364 -0.000471529 -0.000493798 -0.000539368 -0.000606816 -0.00071755 -0.000852353 -0.000991471 -0.00112948 -0.00128647 -0.00146604 -0.00162662 -0.00175202 -0.00185609 -0.0019606 -0.00205096 -0.00210944 -0.0021428 -0.00216623 -0.00218444 -0.00218831 -0.00218214 -0.00217041 -0.00215748 -0.00214631 -0.00213746 -0.00213094 -0.00212138 -0.00211217 
0 9.12341e-05 0.000166045 0.000237347 0.000325106 0.000423374 0.000511432 0.000588558 0.000670993 0.000765901 0.000850307 0.000915913 0.000966828 0.0010095 0.00104617 0.00105806 0.00105752 0.00103371 0.000997572 0.00096628 0.000932217 0.000912123 0.000883892 0.000891133 0.000955098 0.0010643 0.00122485 0.00142168 0.00170485 0.00207979 0.00255825 0.00316259 0.00390426 0.00481049 0.00591085 0.00722659 0.00873157 0.0103606 0.011996 0.0135388 0.0148167 0.0156684 0.015942 0.0154854 0.0142292 0.0121616 0.0093873 0.00606894 0.00242988 -0.00129028 -0.00482452 -0.00797387 -0.010545 -0.0123962 -0.0134766 -0.0137699 -0.0133326 -0.0122639 -0.0106996 -0.0087618 -0.006596 -0.00428756 -0.00193149 0.000436174 0.00279442 0.00514323 0.00749912 0.00990503 0.0123848 0.0149756 0.0177268 0.0206465 0.0237603 0.0270782 0.0305951 0.0342825 0.038143 0.0421194 0.0461732 0.0502466 0.0542735 0.0581476 0.0618037 0.0651296 0.0680275 0.070402 0.0721759 0.0732473 0.0735642 0.0730693 0.0717188 0.0694764 0.0663418 0.0623079 0.0573972 0.0516598 0.0451782 0.0380165 0.0302635 0.0220467 0.0135036 0.00473145 -0.00414898 -0.0129906 -0.0216475 -0.0300061 -0.0379415 -0.0453285 -0.0520519 -0.0580378 -0.0632065 -0.0675072 -0.0709144 -0.0734257 -0.075024 -0.0757494 -0.0756391 -0.0747456 -0.0731346 -0.0709135 -0.0681504 -0.0649591 -0.0614433 -0.0577059 -0.0538259 -0.0499191 -0.046043 -0.0422763 -0.0386892 -0.0353463 -0.032284 -0.0295735 -0.0272417 -0.0253112 -0.0238133 -0.022749 -0.0221044 -0.0218658 -0.0219966 -0.0224194 -0.02307 -0.0238211 -0.0245493 -0.0250923 -0.0252989 -0.025012 -0.0241225 -0.0225408 -0.0202743 -0.0173712 -0.0139384 -0.0101704 -0.00626906 -0.002469 0.000988316 0.00388146 0.00607226 0.00746079 0.00807305 0.00798551 0.00735721 0.00636375 0.00515107 0.00389064 0.00270067 0.00167093 0.000854515 0.000273246 -0.000116413 -0.00035961 -0.000517374 -0.000605766 -0.000649944 -0.000697566 -0.000744373 -0.000829234 -0.000939483 -0.0010734 -0.00121589 -0.00135248 -0.00151812 -0.00169524 -0.00186447 -0.00200349 -0.00212242 -0.00223938 -0.00234164 -0.00241655 -0.00246658 -0.00250499 -0.00253247 -0.00254897 -0.00254831 -0.0025426 -0.00253153 -0.00251787 -0.00251033 -0.00249729 -0.00248765 -0.00247432 
0 9.83194e-05 0.000187697 0.000277413 0.00037633 0.000483474 0.000581597 0.000670993 0.000763745 0.000857775 0.000950893 0.00101965 0.0010766 0.00112165 0.00115066 0.00117301 0.00116279 0.00114786 0.00111738 0.00108845 0.00107382 0.00104941 0.00105449 0.00108109 0.00116673 0.00130906 0.00149176 0.00174261 0.00206355 0.00249257 0.00304037 0.00372377 0.00456374 0.00559569 0.00684436 0.0083312 0.0100288 0.01185 0.0137033 0.0154168 0.0168381 0.0177784 0.0180427 0.0175 0.0160508 0.0137012 0.0105655 0.00682012 0.00271626 -0.00145254 -0.00543902 -0.00896217 -0.0118249 -0.0138946 -0.0150662 -0.015359 -0.0148293 -0.0135786 -0.0117606 -0.00952382 -0.00699124 -0.00430279 -0.00152271 0.00128872 0.00409804 0.00691722 0.00976024 0.0126495 0.015627 0.0187314 0.0219726 0.0253888 0.0289877 0.0327642 0.0367081 0.0408181 0.045025 0.0492984 0.0535823 0.0577879 0.0618364 0.065668 0.0691563 0.0722171 0.0747749 0.0767269 0.0779972 0.078545 0.0783008 0.0772155 0.0752721 0.0724532 0.0687579 0.0642118 0.058864 0.0527518 0.0459285 0.0384984 0.0305882 0.0222559 0.0135836 0.00472045 -0.00419702 -0.0130961 -0.0218695 -0.0303825 -0.0385063 -0.0461479 -0.0532114 -0.0595979 -0.0652302 -0.070064 -0.0740384 -0.0771232 -0.0793386 -0.0806787 -0.0811538 -0.0808257 -0.0797405 -0.0779433 -0.0755498 -0.072639 -0.069295 -0.0656294 -0.0617461 -0.0577146 -0.0536537 -0.0496429 -0.0457595 -0.0420764 -0.0386776 -0.0356007 -0.0329101 -0.0306534 -0.0288508 -0.0275159 -0.0266643 -0.0262562 -0.0262553 -0.0266126 -0.0272085 -0.0279415 -0.0286567 -0.0291702 -0.0293151 -0.0289211 -0.0278344 -0.0260042 -0.023392 -0.0200652 -0.0161739 -0.0118852 -0.00745824 -0.00315301 0.000774747 0.00407853 0.00658433 0.00821442 0.00895555 0.00892399 0.0082732 0.00718346 0.00586057 0.00445389 0.00311826 0.00195242 0.00101699 0.000326082 -0.000146782 -0.000463474 -0.000666126 -0.000789205 -0.000872699 -0.000922069 -0.000990627 -0.00107216 -0.00118239 -0.00131777 -0.00144724 -0.00159946 -0.00175739 -0.00193486 -0.00210717 -0.00225349 -0.00239109 -0.00251448 -0.00262846 -0.00271913 -0.00278463 -0.00283537 -0.00287547 -0.0028996 -0.00291199 -0.00290898 -0.00289989 -0.00289034 -0.0028758 -0.00286849 -0.00285308 -0.00284316 
0 0.000111429 0.00022259 0.000333173 0.000446692 0.000558437 0.000665506 0.000765901 0.000857775 0.000950243 0.00103154 0.00110298 0.00115846 0.00119452 0.00123123 0.00124342 0.00124938 0.00123766 0.00122032 0.00122411 0.00121251 0.001233 0.00125875 0.00132569 0.0014463 0.00159491 0.00182591 0.00209524 0.0024599 0.0029326 0.00353438 0.00430462 0.00524228 0.00640207 0.00781271 0.0094724 0.0113465 0.0133749 0.0153964 0.0172856 0.0188178 0.0198145 0.0200781 0.0194165 0.017789 0.0151666 0.0116841 0.00753438 0.003015 -0.00159731 -0.00597325 -0.00985019 -0.01299 -0.015236 -0.01651 -0.0167856 -0.016146 -0.0146997 -0.0126134 -0.0100169 -0.0071214 -0.0039973 -0.000764973 0.00251273 0.00581815 0.00916319 0.0125171 0.0159443 0.0194552 0.0230582 0.0268097 0.0307009 0.0347463 0.0389366 0.0432582 0.0476534 0.0521082 0.0565275 0.060873 0.0650298 0.0689415 0.0724852 0.0755992 0.0781896 0.0802085 0.0815485 0.0822023 0.0820802 0.0811508 0.0794021 0.0768409 0.073425 0.0692297 0.0642618 0.0585575 0.0522013 0.0452959 0.03785 0.0299516 0.0217053 0.013233 0.00458659 -0.00415944 -0.0128941 -0.0214648 -0.0298364 -0.0379211 -0.0456038 -0.0527892 -0.0594283 -0.0653938 -0.0706527 -0.075148 -0.0788384 -0.0816776 -0.0836914 -0.0848497 -0.0852102 -0.0847793 -0.0836308 -0.0817964 -0.0793654 -0.076397 -0.0730209 -0.0692896 -0.0653481 -0.0612661 -0.0571509 -0.0530916 -0.0491896 -0.0455023 -0.0421413 -0.0391409 -0.0365639 -0.0344699 -0.0328531 -0.0317481 -0.0311425 -0.0309884 -0.0312132 -0.0317496 -0.0324058 -0.0330603 -0.0334989 -0.0335392 -0.0329745 -0.0316929 -0.0295751 -0.0266151 -0.0228849 -0.0185181 -0.0137355 -0.00878901 -0.00398302 0.000407076 0.00410821 0.00696125 0.0088155 0.00973279 0.00977877 0.0091196 0.00798164 0.00654056 0.00500927 0.00352519 0.00221553 0.00115288 0.000353917 -0.000225338 -0.000595966 -0.000851281 -0.00100825 -0.00110358 -0.00118463 -0.00123888 -0.00134135 -0.00144528 -0.00157257 -0.0017152 -0.00185787 -0.00202929 -0.00219178 -0.00236287 -0.00252016 -0.00266297 -0.00279809 -0.00291718 -0.00302106 -0.00310017 -0.00315962 -0.00320404 -0.00323981 -0.00325789 -0.00326474 -0.00326138 -0.0032526 -0.00324595 -0.00323327 -0.00322642 -0.00321806 
0 0.000122803 0.000250922 0.00038318 0.000504594 0.00062319 0.000738867 0.000850307 0.000950893 0.00103154 0.00111257 0.00117761 0.00123183 0.00126825 0.0012928 0.00132055 0.00132244 0.00132978 0.00133288 0.00135095 0.00137942 0.00141004 0.00148474 0.00158234 0.00172761 0.00191396 0.00216512 0.00249082 0.00289358 0.00341707 0.00408557 0.00493384 0.00597154 0.00726336 0.00882501 0.0106558 0.0127159 0.0149135 0.0171262 0.0191425 0.020771 0.0218054 0.0220154 0.0212421 0.0194154 0.0165323 0.0127319 0.00821813 0.00330068 -0.00168573 -0.00644798 -0.0106383 -0.0140194 -0.0164389 -0.0177675 -0.0180071 -0.0172398 -0.0155735 -0.013185 -0.0102385 -0.00690656 -0.00332849 0.000408825 0.00421459 0.00805508 0.011939 0.0158503 0.0198121 0.0238569 0.0279932 0.0322239 0.0365628 0.0410071 0.0455222 0.0500889 0.0546836 0.059213 0.0636155 0.0678361 0.071745 0.0752752 0.078377 0.0809319 0.0828844 0.084209 0.0848139 0.0846818 0.0838089 0.0821534 0.0797142 0.0765184 0.0725688 0.0679237 0.0626347 0.0567578 0.050348 0.0434516 0.0361413 0.0285306 0.0206362 0.012498 0.00423985 -0.00404449 -0.01233 -0.0205372 -0.0285879 -0.036398 -0.0438987 -0.0510341 -0.0577304 -0.0638934 -0.0694837 -0.0744144 -0.0786187 -0.0820961 -0.0848078 -0.0867078 -0.0878442 -0.0882038 -0.0877851 -0.086672 -0.0849001 -0.0825035 -0.0795996 -0.0762608 -0.0725645 -0.0686458 -0.064604 -0.0605266 -0.056524 -0.0526946 -0.0491093 -0.04585 -0.0430082 -0.0406289 -0.0387434 -0.0374051 -0.0365851 -0.0362389 -0.0363268 -0.0367191 -0.0372691 -0.0378133 -0.0381291 -0.0380188 -0.0372707 -0.0357305 -0.0333222 -0.029997 -0.0258417 -0.0210334 -0.0157519 -0.0103091 -0.00501814 -0.000168027 0.00395103 0.00713969 0.00927826 0.0103741 0.0105316 0.00990542 0.00871437 0.00720221 0.0055454 0.0039302 0.00248815 0.00129925 0.000378892 -0.000297072 -0.000754504 -0.00106185 -0.00125991 -0.00139815 -0.00148143 -0.00156273 -0.00165755 -0.0017606 -0.00188462 -0.00201005 -0.00216733 -0.00232059 -0.00247618 -0.002637 -0.00279008 -0.00294161 -0.00307044 -0.00319439 -0.00330551 -0.00339649 -0.00346727 -0.00352242 -0.00356764 -0.00360158 -0.00361926 -0.00362701 -0.00362973 -0.00362167 -0.0036153 -0.00360394 -0.00359849 
0 0.000131389 0.000276829 0.000421576 0.000551812 0.000668997 0.00079181 0.000915913 0.00101965 0.00110298 0.00117761 0.00124998 0.00130793 0.00134295 0.00137417 0.00139787 0.00141459 0.00142795 0.0014468 0.00149074 0.00153307 0.00160284 0.00170723 0.00184876 0.00203197 0.00224571 0.00254669 0.00291454 0.00337057 0.00394745 0.00467985 0.00561399 0.00675872 0.00817928 0.00989849 0.0118931 0.0141152 0.0164852 0.0188392 0.0209833 0.0226839 0.0237336 0.0239005 0.0229974 0.0209796 0.0178421 0.0137285 0.00886385 0.00358952 -0.00176225 -0.00684258 -0.011309 -0.0148964 -0.0174336 -0.0188039 -0.0189846 -0.0180615 -0.0161551 -0.0134422 -0.0100847 -0.00630602 -0.0022181 0.00205773 0.00641975 0.010836 0.0153066 0.0197844 0.0243052 0.0288776 0.0334898 0.0381614 0.0428809 0.0476358 0.0523839 0.0570917 0.0616974 0.066135 0.0703197 0.0742064 0.0776731 0.0806729 0.0831301 0.0849732 0.0861563 0.0866705 0.0864395 0.0854914 0.0838085 0.0813874 0.0782691 0.0745079 0.0701027 0.0651445 0.0596684 0.0537166 0.0473677 0.0406941 0.0337024 0.0264666 0.0190395 0.0114837 0.00383629 -0.00386803 -0.0115825 -0.0192114 -0.0267458 -0.0341378 -0.0413139 -0.0482221 -0.0548229 -0.0610127 -0.0667693 -0.0720216 -0.0766949 -0.0807403 -0.0841253 -0.086774 -0.0887096 -0.0898942 -0.0903286 -0.0900351 -0.0890445 -0.0873726 -0.0851252 -0.0823424 -0.0791249 -0.0755684 -0.0717769 -0.0678456 -0.0638975 -0.0600281 -0.0563514 -0.0529434 -0.0499067 -0.0473158 -0.0451987 -0.0436262 -0.0425925 -0.0420518 -0.0419552 -0.0422003 -0.0425914 -0.0429786 -0.0431269 -0.0428194 -0.0418342 -0.0400311 -0.0372962 -0.0335988 -0.0290266 -0.0237467 -0.0179778 -0.0120289 -0.00624783 -0.000941912 0.0035861 0.00712996 0.00954003 0.0108534 0.0111464 0.0105782 0.00939219 0.00781841 0.00607359 0.00433775 0.00276513 0.00144673 0.000399002 -0.000395399 -0.000938373 -0.00131522 -0.00156515 -0.00173511 -0.00185263 -0.00193975 -0.00204762 -0.00214265 -0.00224787 -0.00236671 -0.002502 -0.00264393 -0.00277194 -0.00291534 -0.0030665 -0.0032132 -0.00334582 -0.00346939 -0.00359025 -0.00369439 -0.00377664 -0.00384404 -0.00389914 -0.00394173 -0.00396882 -0.00398608 -0.00399697 -0.00399607 -0.00399148 -0.00398634 -0.00398528 
0 0.000137734 0.000294673 0.000451682 0.000586711 0.000704841 0.000833102 0.000966828 0.0010766 0.00115846 0.00123183 0.00130793 0.00137094 0.00140997 0.00144339 0.00147569 0.00150658 0.00153782 0.00158001 0.00164621 0.00171543 0.00181364 0.00195333 0.0021339 0.00235163 0.00260571 0.00295244 0.00337848 0.00389548 0.00453547 0.00534158 0.00636188 0.00761239 0.00915745 0.0110176 0.013162 0.0155359 0.0180528 0.0205426 0.022789 0.0245479 0.025597 0.0256983 0.024666 0.0224564 0.0190794 0.0146816 0.00950514 0.00390611 -0.00175944 -0.00712417 -0.0118211 -0.0155682 -0.0181812 -0.0195396 -0.0196169 -0.0185027 -0.0163253 -0.0132613 -0.00948669 -0.00522427 -0.00060326 0.00424568 0.00920426 0.0142234 0.0192828 0.024331 0.0293816 0.0344391 0.0394826 0.0445143 0.0495128 0.0544553 0.0592847 0.0639606 0.068418 0.0725796 0.0763652 0.0797318 0.0825741 0.084859 0.0865388 0.0875549 0.0878783 0.0875121 0.0864086 0.0846096 0.0821374 0.0790135 0.0752971 0.0710529 0.0663048 0.0611395 0.0556034 0.0497329 0.0435864 0.0372165 0.0306492 0.0239477 0.0171344 0.0102348 0.0032867 -0.00368889 -0.0106812 -0.0176425 -0.0245628 -0.0314035 -0.0381116 -0.044659 -0.0510148 -0.0571018 -0.0628957 -0.0683303 -0.0733319 -0.077852 -0.081833 -0.0851856 -0.0878999 -0.0899178 -0.091215 -0.091803 -0.0916895 -0.0908717 -0.0894262 -0.0873764 -0.0847971 -0.081779 -0.0784205 -0.0748138 -0.0710884 -0.0673482 -0.0637115 -0.0602732 -0.0571504 -0.0544241 -0.0521448 -0.0503861 -0.0491539 -0.0484101 -0.0481143 -0.0481621 -0.0483645 -0.0485583 -0.0485055 -0.0479712 -0.0467261 -0.0446204 -0.0415352 -0.0374411 -0.032431 -0.0266824 -0.0204241 -0.0139835 -0.00772324 -0.00196755 0.00297279 0.0068726 0.00958257 0.0111284 0.0115841 0.011108 0.00994794 0.00835035 0.00653915 0.00470967 0.0030268 0.00158677 0.000411521 -0.000502809 -0.00115059 -0.00160784 -0.00192142 -0.00213656 -0.0022821 -0.00238633 -0.00249323 -0.00257712 -0.00266022 -0.00275884 -0.00287604 -0.00299451 -0.00309943 -0.0032233 -0.00336595 -0.00350741 -0.00363372 -0.00375413 -0.00387732 -0.00398962 -0.00408257 -0.00416205 -0.00422937 -0.00428306 -0.00432214 -0.00435256 -0.00437498 -0.00438137 -0.00437956 -0.00437687 -0.00437698 
0 0.000148798 0.00031731 0.000489464 0.000627499 0.000747552 0.000875428 0.0010095 0.00112165 0.00119452 0.00126825 0.00134295 0.00140997 0.00145645 0.00148844 0.00154064 0.00158661 0.00164818 0.0017241 0.00181575 0.00193237 0.00206186 0.002253 0.00247674 0.00272939 0.00303103 0.00340851 0.00388962 0.00445623 0.00515393 0.00603357 0.00713969 0.00850224 0.0101791 0.0121796 0.0144715 0.0169944 0.0196357 0.0222492 0.0245684 0.026366 0.0273971 0.0274144 0.0262569 0.0238596 0.0202612 0.0156071 0.0101606 0.00427577 -0.00164477 -0.00724427 -0.0121158 -0.0159711 -0.0186201 -0.0199239 -0.0198656 -0.018528 -0.0160447 -0.0125885 -0.00837133 -0.0035832 0.00159022 0.00702727 0.0125919 0.0182145 0.0238463 0.0294481 0.0349852 0.0404607 0.0458529 0.0511283 0.056274 0.0612535 0.066 0.0704589 0.0745877 0.078281 0.0814944 0.084179 0.0862632 0.087704 0.0885055 0.0886036 0.0880075 0.0867313 0.0847782 0.0821747 0.0789955 0.0752704 0.0710721 0.0664644 0.0615083 0.0562551 0.0507665 0.0450821 0.0392524 0.0332924 0.0272463 0.0211576 0.0150295 0.00884936 0.00266093 -0.00353181 -0.00974226 -0.0159679 -0.0221831 -0.028378 -0.0345279 -0.0406234 -0.0466194 -0.0524846 -0.058185 -0.0636656 -0.0688511 -0.0737123 -0.0781531 -0.0820996 -0.0855091 -0.0883219 -0.0904665 -0.0919612 -0.0927667 -0.0928741 -0.0923188 -0.0911321 -0.0893314 -0.0870198 -0.0842683 -0.081165 -0.0778332 -0.0744002 -0.070962 -0.0676458 -0.0645734 -0.0618178 -0.0594646 -0.0575851 -0.0561952 -0.0552732 -0.0547964 -0.0546326 -0.0546361 -0.0546048 -0.0543133 -0.0535117 -0.0519765 -0.0495317 -0.0460796 -0.0415746 -0.0361156 -0.0298989 -0.0231456 -0.0162183 -0.00947951 -0.00327517 0.00208286 0.00634144 0.00937913 0.011177 0.0118286 0.0114837 0.0103759 0.00878733 0.00692379 0.0050152 0.00322854 0.00166751 0.000364161 -0.000663798 -0.00142056 -0.00195274 -0.00232517 -0.00258566 -0.00274776 -0.0028776 -0.00297489 -0.00305201 -0.00311867 -0.00319291 -0.00329993 -0.00338718 -0.0034732 -0.00357407 -0.00370026 -0.00383488 -0.00394718 -0.00406268 -0.00418231 -0.00429935 -0.00440241 -0.00449151 -0.00456808 -0.00462914 -0.0046759 -0.00471671 -0.0047496 -0.0047627 -0.004768 -0.0047702 -0.0047758 
0 0.000153528 0.000334667 0.00050931 0.000659973 0.000778298 0.00090838 0.00104617 0.00115066 0.00123123 0.0012928 0.00137417 0.00144339 0.00148844 0.00154037 0.00159252 0.0016773 0.00176288 0.00187272 0.00200988 0.00215348 0.00234853 0.00257641 0.0028541 0.00315316 0.00348901 0.00391819 0.00443706 0.00506174 0.0058198 0.00677243 0.00796751 0.00945287 0.0112552 0.0134054 0.0158444 0.0184985 0.0212772 0.0239661 0.0263532 0.0281548 0.0291307 0.029056 0.0277515 0.025175 0.0213787 0.0165032 0.010831 0.00473864 -0.00140099 -0.00714901 -0.0121441 -0.0160626 -0.0186873 -0.0199047 -0.0196771 -0.0180748 -0.0152529 -0.0113823 -0.00666461 -0.00134668 0.00441572 0.0104462 0.0166035 0.0227984 0.0289722 0.0350436 0.0409992 0.0468038 0.0524141 0.0578112 0.0629559 0.0677919 0.072273 0.076347 0.0799357 0.0830033 0.0854915 0.0873588 0.0885684 0.0891116 0.0889506 0.088104 0.0865882 0.0844348 0.0816763 0.0783935 0.0746232 0.0704295 0.0658892 0.0610739 0.0560205 0.050809 0.0454806 0.0400656 0.0346108 0.0291693 0.0237218 0.0182637 0.0128216 0.00742 0.00201723 -0.0034104 -0.00884618 -0.0142751 -0.019743 -0.0252552 -0.0307947 -0.0363526 -0.0419266 -0.0474664 -0.052952 -0.0583447 -0.0635879 -0.0686062 -0.0733572 -0.0777582 -0.0817421 -0.0852376 -0.0881973 -0.0905455 -0.0922589 -0.0933115 -0.0937006 -0.0934255 -0.0925344 -0.091054 -0.0890589 -0.0866353 -0.0838829 -0.0809126 -0.0778557 -0.0748198 -0.0719246 -0.0692856 -0.0669713 -0.0650661 -0.0636069 -0.0625808 -0.0619408 -0.0616103 -0.0613952 -0.0611243 -0.0605689 -0.0594675 -0.0576024 -0.0548124 -0.0509614 -0.0460419 -0.0401478 -0.0334444 -0.0262245 -0.0188069 -0.0115904 -0.00493427 0.000848953 0.00550231 0.00887602 0.0109764 0.0118539 0.0116667 0.0106671 0.00909111 0.00721625 0.00524028 0.0033612 0.00169136 0.000267225 -0.000874859 -0.00172988 -0.00234497 -0.00278001 -0.00307392 -0.0032803 -0.00341355 -0.00352301 -0.00358979 -0.00363599 -0.00370827 -0.00377959 -0.00385744 -0.00390981 -0.00398433 -0.00409186 -0.00419658 -0.00430176 -0.00439467 -0.00450581 -0.00461901 -0.0047238 -0.00482417 -0.00490785 -0.00497979 -0.00503819 -0.00509208 -0.0051355 -0.00515786 -0.00516636 -0.00517428 -0.00518055 
0 0.000159213 0.000335421 0.000522938 0.000667807 0.000796929 0.000925359 0.00105806 0.00117301 0.00124342 0.00132055 0.00139787 0.00147569 0.00154064 0.00159252 0.00168144 0.00177786 0.0019037 0.00204957 0.00220733 0.00241108 0.00263388 0.00292257 0.00324229 0.00358014 0.0039779 0.00444093 0.00502474 0.00571108 0.00654192 0.00758259 0.00887741 0.010481 0.0124271 0.0147093 0.0172865 0.0200786 0.0229438 0.025722 0.0281255 0.0299142 0.0308227 0.0306214 0.0291786 0.0264303 0.0224521 0.0173988 0.0115655 0.00529916 -0.000956809 -0.00681586 -0.0118621 -0.0157767 -0.0183424 -0.019416 -0.0189714 -0.0170812 -0.0138855 -0.00955876 -0.0043594 0.00153453 0.00786873 0.0144798 0.0212078 0.0279314 0.0345466 0.0410194 0.0472628 0.0532555 0.0589638 0.0643178 0.0692867 0.0738159 0.0778495 0.081334 0.0842543 0.0865373 0.0881779 0.0891343 0.0894096 0.0889695 0.0878702 0.0861059 0.0837314 0.0807874 0.0773671 0.0734929 0.0692791 0.0647795 0.0600562 0.0551475 0.0501479 0.0450739 0.0399981 0.0349573 0.0299763 0.0250304 0.0201724 0.0154011 0.0106891 0.00598234 0.00131723 -0.00331752 -0.00795755 -0.0126624 -0.017405 -0.0222124 -0.0271037 -0.0320998 -0.0371635 -0.0423152 -0.0474968 -0.0526746 -0.0578024 -0.0628645 -0.0677601 -0.072458 -0.0768679 -0.0809281 -0.0845366 -0.0876669 -0.0902267 -0.0921905 -0.0935122 -0.09421 -0.0942517 -0.0937033 -0.0925947 -0.0909885 -0.0889667 -0.0866485 -0.0841138 -0.0815125 -0.0789695 -0.0765721 -0.0744497 -0.0726585 -0.0712363 -0.0701878 -0.069481 -0.0689865 -0.0686012 -0.06809 -0.0672553 -0.0658448 -0.0636436 -0.0604682 -0.0562282 -0.0508863 -0.044542 -0.037391 -0.0296856 -0.0218023 -0.014109 -0.00699227 -0.000768973 0.00428284 0.00804603 0.0104576 0.0116043 0.0116298 0.0107503 0.00925991 0.00738456 0.00538115 0.00343281 0.00165821 0.000122614 -0.00112793 -0.00209751 -0.00279487 -0.0032971 -0.00364828 -0.00387443 -0.00404728 -0.00414296 -0.0042074 -0.00424433 -0.00428379 -0.00435086 -0.00438586 -0.00442222 -0.00446404 -0.0045325 -0.00462038 -0.00469158 -0.00477584 -0.00486596 -0.00496778 -0.00507399 -0.00516901 -0.00526144 -0.00533543 -0.00540458 -0.00547031 -0.00552119 -0.0055545 -0.00556829 -0.00558459 -0.0055941 
0 0.000160331 0.000341326 0.000518202 0.000672281 0.000798128 0.000925737 0.00105752 0.00116279 0.00124938 0.00132244 0.00141459 0.00150658 0.00158661 0.0016773 0.00177786 0.00192021 0.00207501 0.00225339 0.0024542 0.00268128 0.00296413 0.00328449 0.00365047 0.00403785 0.00448096 0.00500628 0.00564323 0.00640306 0.00731725 0.00845277 0.0098529 0.0115972 0.0136745 0.0161016 0.0188088 0.0217031 0.024665 0.0274669 0.0298862 0.0316357 0.0324586 0.0321511 0.0305761 0.0276827 0.0235644 0.0183704 0.0124114 0.00605495 -0.000293766 -0.00616803 -0.0112051 -0.0150591 -0.0174925 -0.0183788 -0.017688 -0.0154673 -0.0118784 -0.00710091 -0.00138182 0.00503912 0.0119275 0.0190651 0.0262848 0.0334407 0.0404296 0.0471612 0.0535792 0.0596186 0.0652283 0.0703589 0.0749763 0.0790062 0.0824364 0.085221 0.0873133 0.088715 0.0894216 0.0894017 0.0887035 0.0873389 0.0853189 0.0827184 0.0795991 0.0760107 0.0720498 0.0677875 0.0632767 0.0585915 0.0537974 0.0489551 0.0441145 0.0393151 0.0345882 0.0299573 0.0254418 0.02107 0.0168177 0.0126504 0.00857902 0.00460918 0.00067449 -0.00326574 -0.00721152 -0.0111824 -0.0152301 -0.0193814 -0.0236541 -0.0280534 -0.0325868 -0.0372494 -0.042026 -0.0469014 -0.0518432 -0.0567851 -0.0616935 -0.0665249 -0.0711864 -0.0756242 -0.0797736 -0.0835222 -0.0868122 -0.0896055 -0.0918183 -0.0934446 -0.0944775 -0.0948966 -0.0947326 -0.0940464 -0.0928754 -0.0913266 -0.0894983 -0.087506 -0.0854602 -0.0834906 -0.0816888 -0.0801355 -0.0788768 -0.077924 -0.0772157 -0.0766728 -0.076143 -0.0754304 -0.0743364 -0.0726129 -0.070066 -0.0665224 -0.0618731 -0.0561138 -0.0493379 -0.0417095 -0.0335547 -0.0251946 -0.0170356 -0.00947086 -0.00281422 0.0026559 0.00680088 0.00957433 0.0110238 0.0112968 0.0106182 0.00922418 0.00741388 0.00540012 0.00339684 0.00153573 -0.000111943 -0.00147143 -0.00254721 -0.00333631 -0.00390688 -0.00429997 -0.00457394 -0.00475244 -0.00485774 -0.00490744 -0.00492111 -0.00494836 -0.00496876 -0.00499013 -0.0049911 -0.00500545 -0.00504845 -0.00509884 -0.00516079 -0.00521722 -0.00529267 -0.00537733 -0.00546801 -0.005558 -0.00563804 -0.00571278 -0.00578327 -0.00585418 -0.00591185 -0.00595166 -0.00597605 -0.00600084 -0.00601675 
0 0.000159559 0.000326418 0.000499529 0.00064478 0.00077928 0.000906355 0.00103371 0.00114786 0.00123766 0.00132978 0.00142795 0.00153782 0.00164818 0.00176288 0.0019037 0.00207501 0.00227525 0.00249566 0.00273192 0.00300883 0.00332854 0.00369322 0.00409387 0.00452251 0.00502186 0.00559983 0.00630154 0.00714056 0.00814861 0.00939115 0.010913 0.0127893 0.0150122 0.0175653 0.0203897 0.0233854 0.0264051 0.0292393 0.0316424 0.0333443 0.0340809 0.0336581 0.0319656 0.0289593 0.0247337 0.0194605 0.0134512 0.00705508 0.000708768 -0.00513839 -0.0101032 -0.0138367 -0.0160948 -0.0167403 -0.0157459 -0.0131735 -0.00917375 -0.00394659 0.00223012 0.00913916 0.0164982 0.0240754 0.0316951 0.0391819 0.0463956 0.0532601 0.0596794 0.0655871 0.0709366 0.0756681 0.0797499 0.083129 0.0858031 0.0877431 0.0889409 0.0894033 0.0891474 0.0881617 0.0865254 0.0842597 0.0814337 0.0781306 0.0744182 0.0703471 0.0660284 0.0614981 0.0568387 0.0521286 0.047416 0.0427361 0.0381596 0.0336966 0.02938 0.0252245 0.0212245 0.0173646 0.0136648 0.0101079 0.00666879 0.00330715 5.60898e-06 -0.00326654 -0.00655089 -0.00990509 -0.0133357 -0.016867 -0.0205295 -0.0243444 -0.0283168 -0.0324802 -0.0368058 -0.0412871 -0.0459152 -0.0506534 -0.055443 -0.0602642 -0.0650217 -0.0696696 -0.0741434 -0.0783625 -0.0822466 -0.0857497 -0.0887627 -0.0912652 -0.0932132 -0.0945882 -0.0953975 -0.0956784 -0.0954513 -0.0948026 -0.0938004 -0.0925589 -0.09118 -0.0897737 -0.0884558 -0.0872855 -0.0863125 -0.0855605 -0.0849668 -0.0844373 -0.083861 -0.0830129 -0.0817069 -0.0797163 -0.076843 -0.0729226 -0.0678741 -0.0616934 -0.05448 -0.0464164 -0.0378146 -0.029019 -0.0204157 -0.012411 -0.00532524 0.000568548 0.00512781 0.00827592 0.0100652 0.0106316 0.0101727 0.00894174 0.00721791 0.00524005 0.00321446 0.0012819 -0.000454194 -0.00191795 -0.00310087 -0.0039801 -0.00461868 -0.00506157 -0.0053626 -0.0055598 -0.00565451 -0.00569229 -0.00569048 -0.00568508 -0.00568221 -0.00566825 -0.00564882 -0.00563292 -0.00563745 -0.00566331 -0.00569208 -0.00572919 -0.00577618 -0.00583822 -0.00591649 -0.00598927 -0.00606676 -0.0061366 -0.00621231 -0.00628723 -0.00634399 -0.00638978 -0.00641213 -0.00643749 -0.00644536 
