0 0 0 0 0 0 0 0 0 0 0 0 0 0 0 0 0 0 0 0 0 0 0 0 0 0 0 0 0 0 0 0 0 0 0 0 0 0 0 0 0 0 0 0 0 0 0 0 0 0 0 0 0 0 0 0 0 0 0 0 0 0 0 0 0 0 0 0 0 0 0 0 0 0 0 0 0 0 0 0 0 0 0 0 0 0 0 0 0 0 0 0 0 0 0 0 0 0 0 0 0 0 0 0 0 0 0 0 0 0 0 0 0 0 0 0 0 0 0 0 0 0 0 0 0 0 0 0 0 0 0 0 0 0 0 0 0 0 0 0 0 0 0 0 0 0 0 0 0 0 0 0 0 0 0 0 0 0 0 0 0 0 0 0 0 0 0 0 0 0 0 0 0 0 0 0 0 0 0 0 0 0 0 0 0 0 0 0 0 0 0 0 0 0 0 0 0 0 0 0 
0 -2.16281e-06 -4.75731e-07 6.35108e-06 4.87661e-06 5.20795e-06 1.40437e-05 2.21625e-05 2.99494e-05 3.38664e-05 4.47978e-05 5.69647e-05 6.15298e-05 6.82619e-05 7.05831e-05 7.51457e-05 7.89034e-05 8.03092e-05 8.38082e-05 7.9617e-05 8.20264e-05 8.95405e-05 9.10412e-05 9.59491e-05 0.00010387 0.00012214 0.000137524 0.000140689 0.000157517 0.000172074 0.000189711 0.000206229 0.000216015 0.000232239 0.00023784 0.000257183 0.000276659 0.000294119 0.000325004 0.000372894 0.000437361 0.000515579 0.000615864 0.00073864 0.000895827 0.00109003 0.0013429 0.00164147 0.00200518 0.00244827 0.00297503 0.00358379 0.00427512 0.00502539 0.00579748 0.00657846 0.00731053 0.0079653 0.00849133 0.00885887 0.00903374 0.00900388 0.00876087 0.00832598 0.00769411 0.00690601 0.00599191 0.00496905 0.00390057 0.00281687 0.00174505 0.000724319 -0.000227563 -0.00112553 -0.00193815 -0.00268612 -0.00335928 -0.00395136 -0.00444379 -0.00484857 -0.00513849 -0.00532793 -0.0054208 -0.0054308 -0.00534798 -0.00520748 -0.00500529 -0.00475093 -0.00445749 -0.00413437 -0.00377937 -0.00342998 -0.00307157 -0.00270628 -0.00236771 -0.00205961 -0.00175361 -0.0014613 -0.00118269 -0.000916752 -0.00065523 -0.000398268 -0.000146709 0.000111805 0.000386738 0.000647531 0.000916662 0.00122127 0.00154305 0.00187177 0.00222723 0.00258234 0.00293393 0.0032695 0.00357103 0.00382132 0.00402432 0.00414297 0.00417164 0.00409067 0.00389041 0.00353587 0.00303858 0.00238345 0.00158571 0.000668237 -0.000321278 -0.00136984 -0.00240435 -0.00340106 -0.00432678 -0.00513741 -0.00580747 -0.00633526 -0.00668199 -0.00686407 -0.00689736 -0.00678645 -0.00658108 -0.00631199 -0.00601248 -0.00570618 -0.00541427 -0.00512415 -0.00483853 -0.00453309 -0.00421681 -0.00387021 -0.00350634 -0.00313063 -0.00274858 -0.00236665 -0.00200626 -0.00167998 -0.0013845 -0.00114316 -0.000939502 -0.000770564 -0.000633931 -0.000533009 -0.000453938 -0.000396478 -0.000347738 -0.000313173 -0.000282164 -0.000258827 -0.000256542 -0.000242378 -0.000235146 -0.000228565 -0.000228446 -0.000233318 -0.000230107 -0.000233325 -0.00022955 -0.000224268 -0.000227498 -0.000226083 -0.000220733 -0.000214653 -0.000212999 -0.000216183 -0.00020564 -0.000198182 -0.000200387 -0.000203809 -0.000207982 -0.000204087 -0.00020783 -0.000211106 -0.000210361 -0.000214268 -0.000215172 -0.000220584 -0.000219922 -0.000215999 -0.000214594 -0.000208853 -0.000210814 -0.000209853 
0 -4.75731e-07 1.90463e-05 2.70982e-05 3.87543e-05 3.26152e-05 4.98246e-05 6.32049e-05 6.38318e-05 7.12775e-05 7.57725e-05 9.67607e-05 0.000100054 0.000109618 0.000118458 0.000128251 0.000141492 0.00015222 0.000165738 0.000166802 0.000183405 0.00019654 0.000212387 0.00021325 0.000230511 0.000264704 0.00027886 0.000296689 0.0003066 0.000341908 0.000367361 0.000391871 0.00042334 0.000446121 0.000475692 0.000517876 0.000563972 0.000605984 0.000670065 0.000756795 0.000891392 0.00103623 0.00124061 0.00149953 0.00181227 0.00223532 0.00274513 0.00336518 0.00410547 0.00499181 0.00603988 0.00725074 0.00860255 0.0100852 0.0116046 0.0131279 0.0145829 0.0158551 0.0168912 0.0176057 0.0179316 0.0178412 0.0173406 0.0164238 0.0151458 0.0135545 0.0117202 0.00970535 0.00761022 0.00548655 0.00340368 0.00141105 -0.000470769 -0.00222016 -0.00382358 -0.00528335 -0.00658197 -0.00771444 -0.00867714 -0.009444 -0.0100299 -0.010422 -0.0106227 -0.0106535 -0.0105347 -0.0102715 -0.00989532 -0.009406 -0.00884137 -0.00821518 -0.00754262 -0.0068413 -0.00614594 -0.00546911 -0.00481494 -0.00415176 -0.00353135 -0.00296659 -0.00240658 -0.00185363 -0.00134295 -0.000814295 -0.000284817 0.000219937 0.000738408 0.0013028 0.00188411 0.00248617 0.00310644 0.00377139 0.00446079 0.00515139 0.0058326 0.0064882 0.0070695 0.00756933 0.0079368 0.00814882 0.00818331 0.00799522 0.00754412 0.00682821 0.00581425 0.00451413 0.00295136 0.00116414 -0.000787818 -0.00283017 -0.00487838 -0.00684786 -0.00865994 -0.0102413 -0.0115378 -0.0125267 -0.0131772 -0.0135123 -0.0135487 -0.0133436 -0.0129422 -0.0124266 -0.0118552 -0.01127 -0.0106951 -0.0101521 -0.00958443 -0.0090005 -0.0083892 -0.00770925 -0.00700569 -0.00627341 -0.00552083 -0.00477812 -0.00407195 -0.00341754 -0.00284812 -0.002346 -0.0019431 -0.00159189 -0.00130308 -0.001096 -0.000926168 -0.000806576 -0.00071417 -0.000645583 -0.000586972 -0.00055451 -0.000535262 -0.000522073 -0.000490354 -0.00047315 -0.000468561 -0.000455914 -0.000456802 -0.000444422 -0.000441103 -0.000428758 -0.000432167 -0.000435324 -0.000424655 -0.000417951 -0.000422298 -0.000434089 -0.000421074 -0.000416854 -0.00041633 -0.000431668 -0.0004295 -0.000422453 -0.000428492 -0.000421891 -0.000428636 -0.000416221 -0.000423098 -0.000424648 -0.00041984 -0.000425342 -0.000412337 -0.000421365 -0.000415377 -0.000421572 
0 6.35108e-06 2.70982e-05 5.34608e-05 5.7252e-05 6.03641e-05 8.17589e-05 9.84526e-05 0.000107523 0.000106153 0.000119604 0.00013957 0.000144061 0.000156885 0.00016498 0.000181122 0.000199883 0.000216574 0.000242045 0.000252826 0.000279563 0.000314366 0.000328403 0.000341436 0.00035842 0.000398497 0.000429466 0.000433916 0.000469427 0.000505554 0.00054998 0.000594607 0.000630703 0.000685223 0.000723852 0.000796376 0.000870302 0.000937797 0.00103684 0.00118159 0.00137579 0.00161571 0.00192886 0.00232243 0.00282709 0.00345783 0.00425955 0.00520508 0.00633456 0.00768096 0.0092529 0.0110423 0.0130456 0.0152028 0.0174174 0.0196464 0.0217419 0.0236068 0.0250964 0.0261075 0.0265354 0.0263373 0.0254985 0.0240824 0.0221121 0.0197161 0.0169987 0.0140285 0.0109653 0.00788694 0.00485801 0.00197005 -0.000731926 -0.003269 -0.00556286 -0.00764929 -0.00950596 -0.011125 -0.0124777 -0.0136004 -0.0144441 -0.0150374 -0.0153834 -0.0155019 -0.0153622 -0.0150372 -0.0145241 -0.0138505 -0.0130599 -0.0121838 -0.0112239 -0.0102635 -0.00927057 -0.00824827 -0.00727032 -0.00634426 -0.00541723 -0.00452257 -0.0036629 -0.00284024 -0.00203941 -0.00125153 -0.000473344 0.000326399 0.00117473 0.00200594 0.00286156 0.00379401 0.00475483 0.00571821 0.00672418 0.00771489 0.00868705 0.00961287 0.0104415 0.0111228 0.0116428 0.0119006 0.0118707 0.0115056 0.0107866 0.00965137 0.00813343 0.00620775 0.00391039 0.00129391 -0.00153323 -0.00452375 -0.00749017 -0.0103417 -0.0129657 -0.0152306 -0.0170624 -0.0184544 -0.0193336 -0.019759 -0.0197893 -0.0194572 -0.0188877 -0.0181617 -0.0173591 -0.0165374 -0.0157449 -0.0149566 -0.0141717 -0.0133375 -0.0124692 -0.0115189 -0.0105152 -0.00946913 -0.00839098 -0.00730163 -0.00625663 -0.0052918 -0.00441135 -0.00366957 -0.00303575 -0.00249966 -0.00205917 -0.00172434 -0.00146195 -0.00126913 -0.00111502 -0.00100591 -0.000915005 -0.000850811 -0.000835956 -0.000794156 -0.000760455 -0.000726529 -0.000705955 -0.000695645 -0.00067082 -0.000662832 -0.000645187 -0.000629707 -0.000639635 -0.000641566 -0.000634814 -0.000628787 -0.000638581 -0.000660682 -0.000648169 -0.00063813 -0.000643731 -0.000648405 -0.000648527 -0.000631451 -0.000634654 -0.00063778 -0.000632036 -0.000631824 -0.000626454 -0.000632718 -0.000631383 -0.00062857 -0.000632064 -0.000626209 -0.000631007 -0.000631055 
0 4.87661e-06 3.87543e-05 5.7252e-05 7.42205e-05 7.20189e-05 0.000100876 0.000126468 0.000132875 0.000144056 0.000156211 0.000188834 0.000199387 0.000217668 0.000236122 0.000257234 0.000281072 0.000301545 0.000326095 0.000336665 0.000370366 0.000401762 0.000430747 0.000439057 0.000469343 0.000526507 0.000559629 0.000593614 0.000624979 0.000689232 0.000743518 0.000795842 0.000857962 0.000917464 0.000990625 0.00109126 0.00120279 0.00131431 0.00146692 0.00167053 0.00195858 0.00228994 0.00273196 0.00328896 0.00397277 0.00486084 0.00593715 0.00722695 0.00874907 0.0105415 0.0126208 0.0149807 0.0175825 0.0203874 0.0232492 0.0260938 0.0287819 0.0311205 0.0329777 0.0341932 0.0346379 0.0342548 0.0330589 0.0310785 0.0284269 0.0252316 0.0216408 0.0177818 0.013829 0.00987678 0.00603191 0.00237697 -0.00104803 -0.00421192 -0.00708467 -0.00967424 -0.011966 -0.013965 -0.0156772 -0.0170857 -0.0182047 -0.0190166 -0.0195161 -0.01972 -0.0196433 -0.0193004 -0.0187334 -0.0179542 -0.0170242 -0.0159685 -0.014811 -0.0135866 -0.0123359 -0.0110756 -0.00982467 -0.00855185 -0.00732107 -0.00615759 -0.00500563 -0.00386891 -0.00278827 -0.00168848 -0.00058802 0.000490411 0.00159852 0.00276857 0.003967 0.00519886 0.00644535 0.00772805 0.00902144 0.0102855 0.0115007 0.0126408 0.0136315 0.0144434 0.0149947 0.0152258 0.0150892 0.0145166 0.0134558 0.0119056 0.00984303 0.00729341 0.00430194 0.000934848 -0.00270617 -0.00649908 -0.010283 -0.0138996 -0.0171941 -0.020023 -0.0222884 -0.0239587 -0.0250016 -0.0254787 -0.0254507 -0.0250204 -0.024284 -0.0233733 -0.022381 -0.021376 -0.0203983 -0.0194674 -0.0185099 -0.0175205 -0.0164755 -0.015311 -0.0140757 -0.0127611 -0.0113791 -0.00997587 -0.00860725 -0.00731392 -0.00615331 -0.00512511 -0.00426756 -0.00352358 -0.00290726 -0.00244168 -0.0020662 -0.00178904 -0.00157276 -0.00140737 -0.00127061 -0.00118235 -0.00112754 -0.0010819 -0.00101812 -0.000976312 -0.00095528 -0.00092905 -0.000918431 -0.000895413 -0.000883578 -0.000864717 -0.000870569 -0.000873805 -0.000854908 -0.000841408 -0.000847957 -0.000867706 -0.000853248 -0.000846924 -0.00084749 -0.000863887 -0.00085703 -0.000843945 -0.000852588 -0.000850131 -0.000858807 -0.000842311 -0.00084466 -0.000843047 -0.000838076 -0.000847007 -0.00083651 -0.00084721 -0.000837435 -0.000841719 
0 5.20795e-06 3.26152e-05 6.03641e-05 7.20189e-05 7.96777e-05 0.000111268 0.000144348 0.000165353 0.000180987 0.000209105 0.000246358 0.000265401 0.000288378 0.00030992 0.000335906 0.00036244 0.000382318 0.000406303 0.000418704 0.000450869 0.00049381 0.000520922 0.000544505 0.00058135 0.000646704 0.000701664 0.000737605 0.00079894 0.000872899 0.000951051 0.00102632 0.00109943 0.00118851 0.00128101 0.00141461 0.00156528 0.00172617 0.00194108 0.00223523 0.00261881 0.00308642 0.00367644 0.0044078 0.0053171 0.00644618 0.00783195 0.00946703 0.0113879 0.0136333 0.0162118 0.019104 0.0222806 0.0256545 0.0290859 0.0324746 0.0356268 0.0383579 0.0404647 0.0417718 0.0421317 0.0414824 0.0398335 0.0372771 0.033917 0.0299445 0.025539 0.0208474 0.01608 0.0113666 0.00681333 0.00253133 -0.00142603 -0.00506456 -0.00833568 -0.0112782 -0.0138957 -0.0161968 -0.0181722 -0.0198452 -0.0211824 -0.0221899 -0.0228657 -0.0232199 -0.0232332 -0.0229626 -0.0224215 -0.0216347 -0.0206526 -0.0195079 -0.018214 -0.0168432 -0.0153899 -0.0138714 -0.0123581 -0.0108587 -0.00935289 -0.00787267 -0.00641301 -0.00497812 -0.00356596 -0.00215621 -0.000749963 0.000671047 0.00213434 0.00359744 0.00508356 0.00663103 0.0081951 0.00974994 0.011304 0.0127936 0.014196 0.0154702 0.0165461 0.0173668 0.0178867 0.0180009 0.0176607 0.0168044 0.0153935 0.0133843 0.0108021 0.00765297 0.00399971 -6.58785e-05 -0.00440421 -0.00889838 -0.0133258 -0.0175262 -0.0213302 -0.0245632 -0.0271227 -0.0289826 -0.0300967 -0.0305479 -0.0304355 -0.0298533 -0.0289617 -0.0278928 -0.0267567 -0.0256325 -0.0245692 -0.0235464 -0.0225281 -0.0214563 -0.0203122 -0.0190331 -0.0176348 -0.0161218 -0.0145029 -0.0128196 -0.0111494 -0.00955532 -0.00808288 -0.00679122 -0.00567568 -0.00471838 -0.00392285 -0.00329765 -0.00280157 -0.0024191 -0.00211355 -0.00187454 -0.00167666 -0.00153239 -0.00144998 -0.00136591 -0.00129315 -0.00123782 -0.00120637 -0.00118665 -0.00116071 -0.00114333 -0.00112033 -0.00110084 -0.00110766 -0.00110546 -0.00108648 -0.00106663 -0.00106865 -0.00108345 -0.00106639 -0.00105331 -0.00105684 -0.00106555 -0.00106307 -0.00104913 -0.00105679 -0.00106564 -0.00106859 -0.00106637 -0.00106268 -0.00106458 -0.00106353 -0.00106431 -0.00106432 -0.00106039 -0.00105591 -0.00105174 
0 1.40437e-05 4.98246e-05 8.17589e-05 0.000100876 0.000111268 0.000142938 0.000178392 0.000199359 0.000218654 0.00024712 0.000284377 0.000307401 0.000331743 0.000360395 0.00039472 0.000430126 0.000460365 0.000489548 0.000512295 0.00055281 0.000601432 0.000641069 0.000672723 0.000720911 0.000792589 0.000852708 0.000903265 0.00096946 0.00105815 0.00115057 0.00124255 0.0013418 0.00145652 0.00159308 0.00177202 0.00197884 0.00220999 0.00250585 0.00289573 0.00339819 0.00400921 0.00477197 0.00571321 0.00686778 0.00828938 0.00999852 0.012002 0.0143257 0.0170045 0.0200462 0.0234297 0.0271062 0.0309816 0.0348997 0.0387201 0.042238 0.0452219 0.0474517 0.0487259 0.0488904 0.047884 0.045739 0.0425553 0.0384893 0.0337526 0.0285608 0.0231125 0.0176334 0.0122822 0.00718885 0.00245615 -0.00187258 -0.00579782 -0.0093149 -0.012464 -0.0152685 -0.0177477 -0.0199088 -0.0217566 -0.0232798 -0.0244693 -0.025321 -0.0258406 -0.026026 -0.0259015 -0.0254832 -0.0247852 -0.0238493 -0.0227007 -0.0213632 -0.0198892 -0.0183064 -0.0166394 -0.014929 -0.0131795 -0.0114147 -0.00966108 -0.00790369 -0.0061465 -0.00440312 -0.00264705 -0.000888015 0.000870968 0.00265466 0.00445763 0.00627276 0.00810704 0.00993123 0.0117338 0.0134951 0.015158 0.0166811 0.0180156 0.0190854 0.0198337 0.0201957 0.0200946 0.0194767 0.0182814 0.0164618 0.0139953 0.0108899 0.007177 0.00293193 -0.00173289 -0.00666625 -0.011704 -0.0166297 -0.0212503 -0.0253801 -0.0288487 -0.0315498 -0.0334489 -0.0345323 -0.0348852 -0.0346233 -0.033882 -0.032827 -0.0316213 -0.0303885 -0.0292139 -0.0281368 -0.0271358 -0.0261428 -0.0250974 -0.0239487 -0.0226327 -0.0211536 -0.0195098 -0.0177132 -0.0158136 -0.0138919 -0.0120227 -0.0102759 -0.00870411 -0.00732784 -0.00613 -0.00512164 -0.0043125 -0.0036643 -0.00315677 -0.00275244 -0.00242867 -0.00216388 -0.00196729 -0.00183204 -0.00171581 -0.00161037 -0.00153214 -0.0014822 -0.00144395 -0.00141035 -0.0013781 -0.00134801 -0.00132477 -0.00132564 -0.00132326 -0.00130298 -0.00128409 -0.00128638 -0.001298 -0.00128532 -0.00127469 -0.00127893 -0.00129079 -0.00128775 -0.00127661 -0.00127979 -0.00128388 -0.00128614 -0.00127959 -0.00127746 -0.00127578 -0.00127361 -0.00127453 -0.00127032 -0.00127036 -0.00126637 -0.00126723 
0 2.21625e-05 6.32049e-05 9.84526e-05 0.000126468 0.000144348 0.000178392 0.000216117 0.000237825 0.000261361 0.000289394 0.000324874 0.000351677 0.000375829 0.000408927 0.000447992 0.000490487 0.000531563 0.00056877 0.000607424 0.000659493 0.000715931 0.000768484 0.000809712 0.000868247 0.000942772 0.00100754 0.00107335 0.00114627 0.00125023 0.00136057 0.00147573 0.00160897 0.00175937 0.0019517 0.0021869 0.00246277 0.00278063 0.00317533 0.00368103 0.00432291 0.00510487 0.00606833 0.00724863 0.0086774 0.010413 0.0124596 0.0148363 0.0175567 0.0206483 0.0241166 0.0279379 0.0320439 0.0363306 0.0406325 0.044766 0.0485193 0.0516225 0.0538433 0.0549613 0.0548249 0.0533783 0.0506777 0.0468361 0.042062 0.0365878 0.0306662 0.0245493 0.0184725 0.0126247 0.00715102 0.00214006 -0.00238348 -0.00642282 -0.0100241 -0.0132296 -0.0160858 -0.0186202 -0.0208584 -0.0227931 -0.0244385 -0.0257789 -0.0268128 -0.0275321 -0.0279423 -0.0280302 -0.02781 -0.0272836 -0.026479 -0.025416 -0.0241306 -0.0226491 -0.0210157 -0.0192611 -0.0174096 -0.0154686 -0.0134811 -0.011463 -0.00940994 -0.00733325 -0.00525623 -0.00315654 -0.00104213 0.00107327 0.00319467 0.00533204 0.00745881 0.00956118 0.0116203 0.0136227 0.015524 0.0172833 0.0188451 0.0201532 0.0211307 0.02172 0.0218406 0.0214399 0.0204608 0.0188585 0.01659 0.013657 0.010055 0.00583697 0.00108349 -0.00407425 -0.00947739 -0.0149154 -0.0201802 -0.0250494 -0.0293297 -0.0328622 -0.0355475 -0.0373463 -0.0382852 -0.0384514 -0.037979 -0.0370441 -0.0358201 -0.0344969 -0.0332115 -0.0320522 -0.0310432 -0.0301558 -0.0292885 -0.0283713 -0.0273168 -0.0260625 -0.0245933 -0.0229031 -0.0210062 -0.0189585 -0.01684 -0.0147361 -0.0127381 -0.0108941 -0.00924955 -0.00779559 -0.00655215 -0.00552905 -0.0046994 -0.00403687 -0.00350773 -0.00307783 -0.00273076 -0.0024693 -0.00226989 -0.0021125 -0.00196759 -0.0018577 -0.00177938 -0.00171496 -0.00166698 -0.00161685 -0.0015778 -0.00155101 -0.00154445 -0.00154157 -0.00152379 -0.00150986 -0.00151504 -0.0015235 -0.00151641 -0.00150679 -0.00150753 -0.0015177 -0.00151167 -0.00150262 -0.00149937 -0.00149786 -0.00149922 -0.00149034 -0.00149203 -0.00149014 -0.00148932 -0.00149093 -0.001483 -0.00148507 -0.00148078 -0.00148446 
0 2.99494e-05 6.38318e-05 0.000107523 0.000132875 0.000165353 0.000199359 0.000237825 0.00027119 0.000298508 0.000338217 0.000375051 0.000413879 0.000444682 0.000481773 0.000522848 0.000568172 0.000611356 0.000652083 0.000701643 0.000753278 0.000819948 0.000869777 0.000930107 0.000997331 0.00107558 0.00116502 0.0012397 0.0013464 0.00146116 0.00160078 0.00175214 0.00191613 0.00212144 0.00236899 0.00267269 0.00303115 0.0034546 0.00397055 0.00463003 0.0054329 0.00643167 0.00762781 0.00906955 0.0108075 0.0128481 0.0152389 0.0179664 0.0210554 0.0245246 0.0283746 0.0325667 0.0370409 0.0416409 0.0462171 0.0505488 0.0543826 0.057473 0.0595422 0.06038 0.0598438 0.0578931 0.0545801 0.0500844 0.0446094 0.0384444 0.0318749 0.0251875 0.0186335 0.0124372 0.0067256 0.00158655 -0.00296241 -0.00697097 -0.0104913 -0.0135947 -0.0163571 -0.0188206 -0.0210097 -0.0229652 -0.0246677 -0.0261263 -0.0273358 -0.0282763 -0.0289154 -0.0292615 -0.0292884 -0.029005 -0.0284102 -0.0275295 -0.0263789 -0.025002 -0.0234027 -0.0216104 -0.0196665 -0.0176222 -0.0154533 -0.0131848 -0.010863 -0.00850158 -0.00608097 -0.00365104 -0.00120678 0.00126489 0.00374167 0.00617137 0.00856842 0.0109185 0.0131893 0.0153233 0.0173026 0.0190726 0.0205838 0.0217684 0.0225688 0.022901 0.0227259 0.0219647 0.0205701 0.0185171 0.015793 0.0123743 0.00831234 0.00364642 -0.00152915 -0.0070673 -0.0127887 -0.01849 -0.0239249 -0.0288774 -0.0331534 -0.0365897 -0.0391082 -0.0406844 -0.0413642 -0.0412533 -0.0405242 -0.0393466 -0.0379505 -0.0365166 -0.0352036 -0.034103 -0.0332373 -0.0325302 -0.0319035 -0.0312165 -0.0303665 -0.0292909 -0.0279249 -0.0262775 -0.0243616 -0.022228 -0.019967 -0.0176822 -0.015448 -0.0133673 -0.0114472 -0.0097361 -0.00824708 -0.00697894 -0.00594461 -0.0050934 -0.00440427 -0.0038408 -0.00338749 -0.00303075 -0.00276289 -0.00253631 -0.00235729 -0.00220783 -0.00209453 -0.00201804 -0.00194273 -0.00189246 -0.00183885 -0.00181066 -0.0017955 -0.00177981 -0.00176363 -0.00174576 -0.0017467 -0.00174649 -0.00174179 -0.00172825 -0.00172896 -0.00172899 -0.00172854 -0.00172276 -0.00171551 -0.00172069 -0.00171292 -0.00171639 -0.00171107 -0.00171244 -0.00171434 -0.00170585 -0.00170838 -0.00169689 -0.00170261 -0.00170168 
0 3.38664e-05 7.12775e-05 0.000106153 0.000144056 0.000180987 0.000218654 0.000261361 0.000298508 0.000339406 0.000380464 0.000424197 0.000475811 0.000515682 0.0005607 0.000606433 0.000651489 0.000702491 0.00074244 0.000798072 0.000856066 0.000911368 0.00097822 0.00104053 0.00112745 0.0012199 0.00131823 0.001438 0.00155375 0.00170536 0.00187239 0.00205837 0.00227819 0.00252746 0.00285238 0.00323318 0.00369029 0.00424475 0.00491994 0.00575094 0.00677367 0.00800755 0.00947569 0.0112178 0.0132558 0.0156331 0.0183363 0.0213975 0.0248215 0.0286167 0.032783 0.0372911 0.0420263 0.0468548 0.0515923 0.0559752 0.0597784 0.0626974 0.0644914 0.0649406 0.0639166 0.061392 0.0574664 0.0522899 0.0461644 0.039369 0.0322261 0.0250819 0.0181809 0.0117481 0.00594264 0.000812282 -0.00365371 -0.00747297 -0.010777 -0.0136357 -0.0161528 -0.0184019 -0.0204645 -0.022334 -0.0240565 -0.0256037 -0.0269529 -0.0280653 -0.028957 -0.0295541 -0.0298608 -0.0298681 -0.0295629 -0.0289365 -0.0280213 -0.0267874 -0.0252997 -0.0235916 -0.021644 -0.01948 -0.0171854 -0.0147615 -0.0122198 -0.00957971 -0.00687995 -0.00412762 -0.00134275 0.00143021 0.00415979 0.00688794 0.00955178 0.0120809 0.0144709 0.0166998 0.0186802 0.0203938 0.0217634 0.0227351 0.0232619 0.0232902 0.0227294 0.021575 0.0197621 0.0172657 0.0140653 0.0102065 0.00569553 0.000638797 -0.00486339 -0.010657 -0.0165761 -0.0223614 -0.0278293 -0.0327219 -0.0368372 -0.040049 -0.0422761 -0.0434936 -0.0438175 -0.0433538 -0.0422814 -0.040849 -0.0392439 -0.0376963 -0.0363702 -0.0353572 -0.0346613 -0.034228 -0.0338997 -0.0335557 -0.0330231 -0.0322194 -0.0310728 -0.0295575 -0.0277012 -0.0255651 -0.0232306 -0.0208072 -0.0184117 -0.0160955 -0.0139403 -0.0119705 -0.0102205 -0.00870488 -0.00742843 -0.0063643 -0.00548747 -0.00475759 -0.00416873 -0.00370446 -0.00332233 -0.00303482 -0.00278829 -0.00259721 -0.00245321 -0.00233826 -0.00226205 -0.0021841 -0.00212962 -0.00209236 -0.00205643 -0.00203358 -0.00200377 -0.0019846 -0.00197541 -0.00196362 -0.00196184 -0.00195124 -0.00194611 -0.00194958 -0.00194657 -0.00194999 -0.00194425 -0.00194266 -0.00194489 -0.00193726 -0.00193905 -0.00193467 -0.00193363 -0.00193273 -0.00192338 -0.001925 -0.0019197 -0.00192094 
0 4.47978e-05 7.57725e-05 0.000119604 0.000156211 0.000209105 0.00024712 0.000289394 0.000338217 0.000380464 0.000428607 0.000470701 0.000528702 0.00057501 0.000623696 0.000670106 0.000723601 0.000778643 0.000830056 0.000900865 0.000961356 0.00103614 0.00110157 0.00119243 0.00128909 0.00138472 0.00151042 0.00163477 0.00179251 0.00195798 0.00216652 0.00240875 0.0026791 0.00300972 0.00341301 0.00389185 0.00446997 0.00517863 0.00603389 0.00708946 0.00834044 0.00986268 0.0116248 0.0136709 0.016044 0.0187202 0.0217435 0.0251063 0.0288293 0.0329091 0.0373375 0.0420564 0.0469723 0.0518882 0.0566466 0.0609681 0.0645843 0.0672435 0.0686645 0.068645 0.0670727 0.0639454 0.0593499 0.0535325 0.0467731 0.0394179 0.0318131 0.0243146 0.0171692 0.0106308 0.00482163 -0.000197718 -0.0044354 -0.00796833 -0.0109211 -0.0134101 -0.015583 -0.0175382 -0.0193499 -0.0210795 -0.0227176 -0.0242691 -0.025709 -0.0269919 -0.0280754 -0.0289371 -0.0295316 -0.0298544 -0.0298546 -0.0295381 -0.0288977 -0.027928 -0.0266193 -0.0250039 -0.0231015 -0.0209891 -0.0186371 -0.0160647 -0.0133517 -0.010527 -0.00756862 -0.00457876 -0.00155662 0.0014939 0.00450705 0.0074155 0.0102245 0.0128839 0.0153681 0.0175888 0.0195016 0.0210643 0.0222269 0.0229213 0.0231268 0.0227685 0.0218278 0.0202519 0.0179962 0.0150561 0.0114456 0.00716567 0.00230114 -0.00306682 -0.00881598 -0.0147715 -0.0207477 -0.0265209 -0.0318638 -0.0365535 -0.0404 -0.0432624 -0.0450882 -0.0458681 -0.0457288 -0.0448115 -0.0433477 -0.041571 -0.0397485 -0.0380794 -0.036749 -0.0358437 -0.0353643 -0.0352056 -0.0352513 -0.0352944 -0.0351571 -0.0347413 -0.0339071 -0.0326426 -0.030958 -0.0289066 -0.026579 -0.0241033 -0.0215683 -0.0190943 -0.0167086 -0.0145058 -0.0125083 -0.0107194 -0.00919543 -0.00788388 -0.0067849 -0.00586383 -0.00511466 -0.0045048 -0.00401545 -0.00361909 -0.00331304 -0.00305652 -0.00285451 -0.00271086 -0.00258265 -0.00249335 -0.00240932 -0.00236135 -0.00231338 -0.00227379 -0.00225279 -0.00223097 -0.00221908 -0.00219976 -0.00219905 -0.00218761 -0.0021816 -0.002173 -0.00217379 -0.0021764 -0.00216762 -0.00217316 -0.00216529 -0.00217122 -0.00216242 -0.00216166 -0.00216387 -0.00215375 -0.00216018 -0.00214711 -0.00215035 -0.00214059 
0 5.69647e-05 9.67607e-05 0.00013957 0.000188834 0.000246358 0.000284377 0.000324874 0.000375051 0.000424197 0.000470701 0.000509759 0.000569415 0.000622091 0.000676115 0.000733053 0.000793032 0.000864468 0.000925804 0.00100811 0.00108494 0.00115991 0.00125079 0.00135164 0.00146813 0.00157725 0.00171018 0.00187267 0.00204415 0.00224746 0.00249389 0.00279072 0.0031405 0.00355498 0.00407188 0.0046811 0.00541579 0.00631655 0.00739738 0.00868596 0.0102121 0.012014 0.0140827 0.0164467 0.0191244 0.0221183 0.0254257 0.0290664 0.0330449 0.0373403 0.041933 0.0467741 0.0517241 0.0566184 0.061274 0.0653989 0.0687474 0.0710346 0.0720076 0.0714662 0.06931 0.0655565 0.0603396 0.0538914 0.046573 0.0387283 0.0307307 0.0229691 0.0156926 0.00913782 0.00345289 -0.00133856 -0.00527251 -0.0084153 -0.0109474 -0.013005 -0.0147504 -0.0163128 -0.017812 -0.0192798 -0.0207584 -0.0222393 -0.0236855 -0.0250477 -0.0263207 -0.0274123 -0.028286 -0.0289187 -0.0292474 -0.0292412 -0.0289046 -0.0281868 -0.0271244 -0.0257365 -0.0239828 -0.0219048 -0.019568 -0.0169798 -0.0141874 -0.0112257 -0.00812881 -0.00495701 -0.00173856 0.00147123 0.00460436 0.00766752 0.0105917 0.0132756 0.0157082 0.0178452 0.0196048 0.020973 0.0218752 0.0222574 0.0221064 0.021369 0.0199914 0.0179906 0.0153226 0.0119849 0.00799389 0.00339668 -0.0017572 -0.00733933 -0.013223 -0.0192347 -0.0251866 -0.0308264 -0.0359684 -0.0403673 -0.0438319 -0.0462584 -0.0475874 -0.0478279 -0.0471553 -0.0457291 -0.0437978 -0.0416677 -0.0395792 -0.0377735 -0.0364327 -0.0356338 -0.0353615 -0.0355222 -0.0359426 -0.0364286 -0.0367528 -0.0367826 -0.0363697 -0.0354504 -0.0340407 -0.0321852 -0.0299632 -0.027504 -0.0249245 -0.0223092 -0.0197489 -0.0173217 -0.0150706 -0.0130213 -0.0112197 -0.00965189 -0.00831171 -0.00717729 -0.00624599 -0.00547973 -0.00483952 -0.00433551 -0.00392588 -0.00359042 -0.00332337 -0.00311305 -0.00295312 -0.00281743 -0.00271712 -0.00264863 -0.00257771 -0.00253187 -0.00250189 -0.0024847 -0.00246368 -0.00243755 -0.00243894 -0.00243128 -0.00242307 -0.00241413 -0.00241158 -0.0024149 -0.00240478 -0.00240287 -0.00239965 -0.00239675 -0.00239131 -0.00238571 -0.00238426 -0.00237965 -0.00237926 -0.00237851 -0.00237458 -0.00236616 
0 6.15298e-05 0.000100054 0.000144061 0.000199387 0.000265401 0.000307401 0.000351677 0.000413879 0.000475811 0.000528702 0.000569415 0.000631403 0.000691557 0.00074986 0.000808894 0.000875337 0.000949771 0.00101942 0.00110857 0.00119228 0.00128124 0.00138349 0.0015074 0.0016398 0.00176573 0.00192802 0.00212337 0.00234303 0.00259061 0.00289648 0.00327035 0.00370883 0.0042343 0.00487692 0.00563704 0.00655381 0.00767161 0.00900023 0.0105634 0.012377 0.0144878 0.0168687 0.0195376 0.0225127 0.0257752 0.0293331 0.0331961 0.0373641 0.041802 0.0464775 0.0513249 0.0562116 0.0609596 0.0653942 0.0692301 0.0722063 0.0740575 0.0745279 0.0734275 0.0706761 0.0663167 0.0604955 0.0534938 0.0456799 0.03743 0.0291365 0.0211931 0.0138587 0.00737769 0.00188181 -0.00261028 -0.00615141 -0.0088503 -0.0109016 -0.0124741 -0.0137525 -0.01488 -0.0159786 -0.0171131 -0.0183232 -0.0196273 -0.0210009 -0.0223951 -0.0237726 -0.0250497 -0.0261606 -0.0270638 -0.027678 -0.0279774 -0.0279481 -0.0275387 -0.0267459 -0.0255832 -0.0240306 -0.0221365 -0.019912 -0.0173703 -0.0145884 -0.0116134 -0.00846716 -0.00524316 -0.00196731 0.00131605 0.00451612 0.007581 0.0104613 0.0130738 0.0153962 0.0173583 0.0188954 0.0199926 0.020597 0.0206504 0.0201414 0.0190158 0.0172492 0.0148471 0.01179 0.00809995 0.00381743 -0.00102017 -0.00634085 -0.0120321 -0.0179634 -0.0239518 -0.0297942 -0.0352443 -0.0400932 -0.0441119 -0.0471242 -0.0490326 -0.0498029 -0.0494658 -0.0482089 -0.0462251 -0.0437964 -0.0412462 -0.0388606 -0.0368808 -0.0355001 -0.0347889 -0.0347188 -0.0351758 -0.0359877 -0.0369235 -0.0377466 -0.0382939 -0.0383767 -0.0379108 -0.036884 -0.0353237 -0.033302 -0.0309491 -0.028379 -0.0257012 -0.0230066 -0.0204021 -0.0179335 -0.0156306 -0.0135592 -0.0117116 -0.0100999 -0.00871818 -0.00756648 -0.00660364 -0.00579781 -0.0051502 -0.00463186 -0.00420194 -0.0038548 -0.00358282 -0.00336466 -0.00319314 -0.00306194 -0.00297044 -0.00288009 -0.00281608 -0.00278309 -0.00275947 -0.00272871 -0.00269347 -0.00268867 -0.0026798 -0.00266573 -0.00264928 -0.00264441 -0.00264406 -0.00263263 -0.00263016 -0.00262538 -0.00262676 -0.00262225 -0.00262037 -0.00261938 -0.0026119 -0.00261401 -0.00261128 -0.0026082 -0.00259548 
0 6.82619e-05 0.000109618 0.000156885 0.000217668 0.000288378 0.000331743 0.000375829 0.000444682 0.000515682 0.00057501 0.000622091 0.000691557 0.000764844 0.00083232 0.000898624 0.000973255 0.00105188 0.0011297 0.00122166 0.00130995 0.00140877 0.00152063 0.00166435 0.00181469 0.00196716 0.00216922 0.0024113 0.00269231 0.00299939 0.00337746 0.00384072 0.00438443 0.00504069 0.00583199 0.00677383 0.00790592 0.00927315 0.01088 0.0127408 0.0148604 0.0172827 0.0199723 0.0229321 0.0261775 0.029673 0.0334315 0.03745 0.0417229 0.0462043 0.0508541 0.0555988 0.0603175 0.0648303 0.06896 0.0724323 0.0749677 0.0763191 0.0762365 0.0745531 0.0712137 0.0662886 0.0599352 0.0524657 0.0442459 0.0356753 0.0271625 0.0191047 0.0117811 0.00543446 0.000183305 -0.00396631 -0.00708496 -0.00931754 -0.0108614 -0.0119154 -0.0126747 -0.0133067 -0.0139425 -0.0146816 -0.0155641 -0.0166247 -0.0178386 -0.0191659 -0.0205498 -0.0219172 -0.0231828 -0.0242958 -0.0251617 -0.0257423 -0.0259958 -0.0258809 -0.0253783 -0.0244897 -0.0231897 -0.0215248 -0.0194972 -0.0171305 -0.014492 -0.0116276 -0.00856049 -0.00540035 -0.0021926 0.00100543 0.00410742 0.00704578 0.00977431 0.0122055 0.0143083 0.016015 0.0172789 0.0180687 0.0183431 0.0180495 0.017184 0.0156975 0.0135882 0.0108557 0.00750215 0.00355263 -0.000938018 -0.00593566 -0.0113459 -0.0170648 -0.0229534 -0.0288318 -0.0344839 -0.0396759 -0.0441753 -0.0477654 -0.0502774 -0.0516241 -0.0517939 -0.0508501 -0.0489875 -0.0464315 -0.0434865 -0.0404863 -0.0377546 -0.0355423 -0.0340593 -0.0333805 -0.0334741 -0.0342088 -0.0354072 -0.0368021 -0.0381479 -0.0392431 -0.0398725 -0.039927 -0.039367 -0.0381985 -0.0364801 -0.0343322 -0.0318617 -0.0291965 -0.0264319 -0.0236986 -0.0210481 -0.0185212 -0.0161926 -0.0140688 -0.012176 -0.0105274 -0.00912635 -0.00793399 -0.00693113 -0.0061106 -0.00545765 -0.00491597 -0.00447649 -0.00413157 -0.00384775 -0.00363162 -0.00346254 -0.00333706 -0.00321741 -0.0031241 -0.00307361 -0.00303348 -0.00298708 -0.0029434 -0.00293273 -0.00292561 -0.00291108 -0.00289198 -0.00288874 -0.00288772 -0.00287803 -0.0028744 -0.00286498 -0.00286479 -0.00285713 -0.00285525 -0.00285103 -0.0028387 -0.0028416 -0.00283941 -0.0028413 -0.00283084 
0 7.05831e-05 0.000118458 0.00016498 0.000236122 0.00030992 0.000360395 0.000408927 0.000481773 0.0005607 0.000623696 0.000676115 0.00074986 0.00083232 0.000904305 0.000981505 0.00105804 0.00115053 0.00124096 0.00134076 0.00145114 0.00155577 0.00169933 0.00185577 0.00203195 0.00222039 0.00245155 0.00275809 0.00308831 0.00347519 0.00393632 0.00450258 0.00518318 0.00599129 0.00696447 0.00812145 0.00949974 0.0111417 0.0130544 0.0152134 0.0176581 0.0203733 0.0233574 0.0265891 0.0300534 0.033747 0.0376377 0.0417406 0.0460328 0.0504653 0.0549858 0.0595437 0.0639898 0.0681919 0.0719403 0.0749709 0.0770224 0.0778297 0.0771809 0.0749309 0.0710451 0.0656021 0.0588059 0.0509319 0.0423943 0.0335841 0.0249267 0.0168211 0.00957291 0.0033865 -0.00159632 -0.00539521 -0.00810253 -0.00985682 -0.0108796 -0.0113935 -0.0115982 -0.0116887 -0.011836 -0.0121209 -0.0126284 -0.0133814 -0.0143544 -0.0155021 -0.0167992 -0.0181357 -0.0194513 -0.0206774 -0.0217332 -0.0225366 -0.0230529 -0.0232043 -0.0229911 -0.0223983 -0.021402 -0.0200034 -0.0182646 -0.0161883 -0.0138116 -0.0111784 -0.00836914 -0.00543276 -0.00244643 0.000504069 0.00332978 0.00601176 0.00845824 0.0105938 0.0123774 0.0137724 0.0147022 0.0151553 0.015072 0.014431 0.0132261 0.0114453 0.00905313 0.00608999 0.002547 -0.00155619 -0.00617315 -0.0112304 -0.0166675 -0.0223424 -0.0281148 -0.0338122 -0.0392128 -0.0440726 -0.0481829 -0.0513134 -0.0532989 -0.0540827 -0.0536438 -0.0520834 -0.0496089 -0.0464712 -0.0429791 -0.0395172 -0.0363865 -0.0338942 -0.0322461 -0.0315321 -0.031719 -0.0326911 -0.0342218 -0.0360606 -0.0379257 -0.0395711 -0.0407907 -0.0414145 -0.0413963 -0.0407124 -0.0393997 -0.0375521 -0.035292 -0.0327098 -0.0299637 -0.0271573 -0.0243706 -0.0216711 -0.0191036 -0.0167283 -0.0145587 -0.0126358 -0.0109668 -0.0095241 -0.00828606 -0.00727371 -0.00644402 -0.00576749 -0.00521524 -0.00476043 -0.00440611 -0.0041102 -0.00389887 -0.00372485 -0.00356778 -0.00345267 -0.0033732 -0.00332427 -0.00326039 -0.00321127 -0.00319371 -0.00318395 -0.003166 -0.0031434 -0.00313466 -0.00313178 -0.00312498 -0.00311651 -0.00311189 -0.00310396 -0.00310377 -0.00310226 -0.00309544 -0.00308672 -0.0030783 -0.00308434 -0.00307787 -0.00306948 
0 7.51457e-05 0.000128251 0.000181122 0.000257234 0.000335906 0.00039472 0.000447992 0.000522848 0.000606433 0.000670106 0.000733053 0.000808894 0.000898624 0.000981505 0.00105602 0.00114842 0.0012427 0.00135506 0.00147047 0.00159111 0.00173415 0.00189004 0.00208912 0.00229087 0.00251713 0.00280523 0.00315077 0.00356415 0.00402537 0.00459135 0.00528842 0.00612318 0.00712615 0.00831627 0.00972292 0.0113855 0.0133282 0.0155412 0.0180205 0.0207477 0.0237476 0.0269849 0.0304317 0.0340826 0.037889 0.0418513 0.0459559 0.0501756 0.0544684 0.0587893 0.0630534 0.0671762 0.0709815 0.0742782 0.0768287 0.0783425 0.0786072 0.0774167 0.0746439 0.0702792 0.0644151 0.0572259 0.0490552 0.0402615 0.0312842 0.0225594 0.0144683 0.00731969 0.00133859 -0.00338621 -0.00685151 -0.00914081 -0.0104401 -0.0109488 -0.0109101 -0.0105602 -0.0101163 -0.00972734 -0.0095436 -0.00961342 -0.00997462 -0.0106199 -0.0115236 -0.0125982 -0.013814 -0.0150819 -0.016321 -0.0174441 -0.0184022 -0.0191091 -0.0195263 -0.0195881 -0.0192776 -0.0186025 -0.017587 -0.0161964 -0.0144715 -0.0124731 -0.0102494 -0.00782728 -0.00530967 -0.00275666 -0.000218501 0.00223197 0.00448038 0.00649604 0.00823254 0.00963297 0.010624 0.0111784 0.0112431 0.0108167 0.0098668 0.00837949 0.00634204 0.00378321 0.000668757 -0.00297715 -0.00713453 -0.0117579 -0.0168082 -0.022165 -0.0277295 -0.033335 -0.0387936 -0.0438835 -0.0483934 -0.0520701 -0.054726 -0.0562067 -0.0564221 -0.0553941 -0.0532349 -0.050142 -0.0464126 -0.0423903 -0.0384237 -0.0348978 -0.0320837 -0.0302128 -0.0293938 -0.029601 -0.0307069 -0.032523 -0.0347407 -0.0370938 -0.0393008 -0.0411042 -0.0423499 -0.042926 -0.0427976 -0.0419816 -0.0405418 -0.038567 -0.0361878 -0.0335178 -0.0307122 -0.027852 -0.0250065 -0.0222594 -0.0196474 -0.017228 -0.0150414 -0.0130989 -0.0113859 -0.00990383 -0.00864885 -0.00762424 -0.0067736 -0.00607062 -0.00550314 -0.00502729 -0.00466462 -0.00437789 -0.00415112 -0.00396156 -0.00380488 -0.00371376 -0.00363625 -0.00356249 -0.00350268 -0.00346807 -0.00345343 -0.00342587 -0.00339855 -0.0033852 -0.00337821 -0.00337402 -0.00336732 -0.00335798 -0.00335452 -0.00335126 -0.00335422 -0.00334847 -0.00333431 -0.00333171 -0.00332774 -0.00332503 -0.00331123 
0 7.89034e-05 0.000141492 0.000199883 0.000281072 0.00036244 0.000430126 0.000490487 0.000568172 0.000651489 0.000723601 0.000793032 0.000875337 0.000973255 0.00105804 0.00114842 0.00123974 0.00135511 0.00148025 0.00160395 0.00175218 0.0019019 0.00210524 0.00232529 0.0025722 0.00285958 0.00319618 0.00363176 0.00411888 0.00469951 0.00539291 0.00624017 0.0072697 0.0084901 0.00992773 0.0116184 0.0135808 0.0158292 0.0183567 0.0211107 0.0241273 0.0273518 0.0307998 0.0344194 0.0381647 0.042029 0.0459661 0.0499824 0.0540436 0.0581172 0.0621441 0.0660789 0.069789 0.0731635 0.0759741 0.0780001 0.0789934 0.0787265 0.0770286 0.0737999 0.0690319 0.0628029 0.055345 0.0469339 0.0379842 0.0289179 0.0201766 0.0121316 0.00512644 -0.000671745 -0.00512617 -0.00825827 -0.0101687 -0.0110236 -0.0110443 -0.0105 -0.00961279 -0.00862037 -0.00771167 -0.00699887 -0.00658523 -0.00649848 -0.00673585 -0.00727238 -0.0080787 -0.00906673 -0.0101778 -0.0113244 -0.0124522 -0.0134508 -0.0142708 -0.0148558 -0.0151856 -0.0152042 -0.0148995 -0.01423 -0.0132678 -0.0120303 -0.0105333 -0.00881686 -0.00698294 -0.00502774 -0.0030396 -0.00109413 0.000750682 0.00247529 0.0039754 0.00520193 0.00608041 0.00660547 0.00673335 0.00644302 0.00568374 0.00446223 0.00275309 0.000568631 -0.00212563 -0.00530086 -0.00895223 -0.013072 -0.017632 -0.0225518 -0.0277717 -0.0331464 -0.0385124 -0.0436967 -0.0484617 -0.0525825 -0.0558415 -0.05803 -0.0589936 -0.0586812 -0.0570781 -0.0543381 -0.0506603 -0.0463633 -0.0417936 -0.0373572 -0.0333895 -0.0302326 -0.0280904 -0.027091 -0.0272272 -0.0284001 -0.0303887 -0.0329319 -0.035724 -0.0384402 -0.0408455 -0.0427035 -0.04391 -0.0443911 -0.044141 -0.0431852 -0.0416168 -0.0395078 -0.0370324 -0.0342974 -0.0314217 -0.0285108 -0.0256033 -0.022811 -0.0201612 -0.0177234 -0.0155114 -0.0135238 -0.0117659 -0.0102636 -0.00899532 -0.0079502 -0.00708102 -0.00635505 -0.00577798 -0.00530063 -0.00494762 -0.00464773 -0.00440297 -0.00421595 -0.00407567 -0.0039828 -0.0038828 -0.00381135 -0.00376198 -0.00373263 -0.00370283 -0.00366971 -0.00365016 -0.00363808 -0.00363269 -0.00361965 -0.0036107 -0.00359808 -0.00359776 -0.00359703 -0.00358906 -0.00358233 -0.00357337 -0.00357913 -0.00356979 -0.00356023 
0 8.03092e-05 0.00015222 0.000216574 0.000301545 0.000382318 0.000460365 0.000531563 0.000611356 0.000702491 0.000778643 0.000864468 0.000949771 0.00105188 0.00115053 0.0012427 0.00135511 0.00147377 0.00161837 0.00175847 0.00191726 0.00210704 0.00233144 0.00260092 0.00289201 0.00324337 0.00366529 0.00417936 0.00478876 0.00550312 0.00636199 0.00740084 0.00865203 0.0101243 0.0118363 0.0138131 0.0160789 0.0186237 0.0214246 0.0244583 0.0277057 0.0311434 0.0347527 0.038474 0.0422586 0.046073 0.0498962 0.0537328 0.0575476 0.0613275 0.0650252 0.0685562 0.0718452 0.0747442 0.0770491 0.0785669 0.079047 0.0782949 0.0761528 0.0725215 0.0674115 0.0609062 0.0532173 0.044671 0.0356336 0.02655 0.0178567 0.00990575 0.00303029 -0.00256699 -0.00678868 -0.00962688 -0.0111725 -0.0116231 -0.0111994 -0.0101651 -0.00877604 -0.00727175 -0.00581384 -0.00456317 -0.00361437 -0.0030063 -0.00277395 -0.00290967 -0.00333316 -0.00401946 -0.00489543 -0.00585327 -0.00684788 -0.00782109 -0.00869269 -0.00942685 -0.00995431 -0.0102341 -0.0102899 -0.0100948 -0.00962977 -0.00893484 -0.00804279 -0.0069923 -0.0058319 -0.00459501 -0.00334298 -0.0021109 -0.000938869 7.72814e-05 0.000893388 0.00150315 0.0018361 0.00185411 0.0015405 0.000850193 -0.000206284 -0.00163994 -0.00350676 -0.00579841 -0.00851128 -0.0116857 -0.0152894 -0.019303 -0.0237085 -0.0284443 -0.0334244 -0.0385516 -0.0436494 -0.0485242 -0.052947 -0.0566913 -0.059512 -0.061233 -0.0617164 -0.0608834 -0.0587634 -0.0554946 -0.0512659 -0.0464207 -0.0413309 -0.0363788 -0.0319742 -0.0284313 -0.025972 -0.0247411 -0.0247346 -0.0258641 -0.0279472 -0.0307069 -0.0338545 -0.0370451 -0.0399931 -0.0424732 -0.0443079 -0.0454195 -0.0457804 -0.0453808 -0.0442862 -0.0425793 -0.0403855 -0.0378346 -0.0350448 -0.0321189 -0.0291343 -0.0261811 -0.0233388 -0.0206667 -0.0181912 -0.0159321 -0.0139055 -0.0121301 -0.0106145 -0.00934333 -0.00827168 -0.00738111 -0.00664604 -0.0060621 -0.00559954 -0.00521602 -0.00491179 -0.00466207 -0.00448738 -0.00434947 -0.00423285 -0.00414192 -0.00406881 -0.00402984 -0.00398778 -0.00395436 -0.00392626 -0.00390723 -0.00389799 -0.00387908 -0.00386509 -0.00385101 -0.00384618 -0.00384285 -0.00383408 -0.00382772 -0.00382509 -0.00382751 -0.00382269 -0.00381425 
