0 0 0 0 0 0 0 0 0 0 0 0 0 0 0 0 0 0 0 0 0 0 0 0 0 0 0 0 0 0 0 0 0 0 0 0 0 0 0 0 0 0 0 0 0 0 0 0 0 0 0 0 0 0 0 0 0 0 0 0 0 0 0 0 0 0 0 0 0 0 0 0 0 0 0 0 0 0 0 0 0 0 0 0 0 0 0 0 0 0 0 0 0 0 0 0 0 0 0 0 0 0 0 0 0 0 0 0 0 0 0 0 0 0 0 0 0 0 0 0 0 0 0 0 0 0 0 0 0 0 0 0 0 0 0 0 0 0 0 0 0 0 0 0 0 0 0 0 0 0 0 0 0 0 0 0 0 0 0 0 0 0 0 0 0 0 0 0 0 0 0 0 0 0 0 0 0 0 0 0 0 0 0 0 0 0 0 0 0 0 0 0 0 0 0 0 0 0 0 0 
0 -2.49178e-05 -4.89417e-05 -7.34105e-05 -8.93228e-05 -9.85964e-05 -0.000100055 -9.01089e-05 -7.28436e-05 -4.11306e-05 -3.83748e-06 4.54184e-05 0.000110394 0.000178662 0.000259243 0.000338262 0.000438455 0.000560106 0.000688497 0.000841717 0.00100496 0.00121456 0.00145155 0.00169929 0.00196067 0.00219469 0.00240343 0.00253714 0.00258208 0.00252741 0.00234427 0.0020347 0.00161273 0.00110959 0.000559831 9.78771e-07 -0.000537299 -0.000991346 -0.00136462 -0.00162231 -0.00175029 -0.00175669 -0.00163714 -0.00143048 -0.00113229 -0.000777136 -0.000382388 2.64809e-05 0.000457411 0.000881918 0.00129558 0.00170458 0.00210117 0.0024863 0.00285674 0.00322873 0.00358317 0.00393916 0.00427161 0.00460298 0.00490982 0.00518583 0.00543272 0.0056407 0.00577607 0.00585292 0.00585731 0.00575674 0.0055789 0.00530515 0.00493119 0.00445804 0.00390284 0.00324216 0.00250848 0.00169926 0.000837374 -8.43468e-05 -0.00102472 -0.0019811 -0.0029295 -0.00384431 -0.00468808 -0.00547433 -0.00616343 -0.00673669 -0.00720088 -0.00754175 -0.00773536 -0.0078118 -0.00777157 -0.00759504 -0.00729649 -0.0068894 -0.00637925 -0.00577365 -0.00507531 -0.00429325 -0.00345933 -0.0025705 -0.00163407 -0.000678822 0.00027713 0.00123636 0.00217471 0.00308023 0.00393492 0.00472633 0.00545905 0.00612129 0.00667766 0.00713895 0.00751409 0.00776882 0.0079045 0.00792699 0.00781753 0.00757246 0.00721743 0.00673467 0.00613938 0.00544025 0.00466079 0.00380442 0.00290825 0.00197636 0.00103965 9.36813e-05 -0.000817881 -0.00170211 -0.00253717 -0.00331097 -0.00400869 -0.00464919 -0.00519142 -0.00564993 -0.00602989 -0.00630913 -0.00650158 -0.00662358 -0.00667106 -0.00664944 -0.00659182 -0.00648477 -0.00635627 -0.00620356 -0.0060571 -0.00590718 -0.00577531 -0.0056609 -0.00557848 -0.00552241 -0.00549069 -0.00549619 -0.00552095 -0.00555299 -0.00557659 -0.00558679 -0.00552738 -0.00540418 -0.00518012 -0.00485439 -0.00442287 -0.00388069 -0.00327455 -0.00261195 -0.00192746 -0.00126446 -0.000667098 -0.000159546 0.000221308 0.000476454 0.000587948 0.000583892 0.000503381 0.000344736 0.000161229 -4.33649e-05 -0.000224951 -0.000371685 -0.000490025 -0.000555987 -0.000593356 -0.000600268 -0.000595712 -0.000579747 -0.000543707 -0.000503914 -0.000468037 -0.000444257 -0.000422457 -0.000399495 -0.000382666 -0.000380904 -0.00039 -0.000398182 -0.000401892 -0.000402954 -0.000408849 -0.000411015 
0 -4.89417e-05 -0.000102828 -0.000145422 -0.000183022 -0.000196064 -0.000197483 -0.00018024 -0.000135117 -8.01444e-05 6.62651e-06 0.000104035 0.000233332 0.000383004 0.000529582 0.00070503 0.000893021 0.00113337 0.00139525 0.00167642 0.00201753 0.00241076 0.00288269 0.00337735 0.00388236 0.00436929 0.00477751 0.00506054 0.00516221 0.00505826 0.00470263 0.00409222 0.00324644 0.00224652 0.00115073 2.18678e-05 -0.00103245 -0.00195946 -0.00269305 -0.00320551 -0.0034715 -0.00346689 -0.00323256 -0.00280821 -0.00220076 -0.0014804 -0.000695832 0.000140635 0.000980065 0.00182827 0.00265406 0.00345195 0.00425356 0.00501794 0.005752 0.00648709 0.00719211 0.00786523 0.00853015 0.00915876 0.00974287 0.0102708 0.0107258 0.011089 0.0113331 0.0114546 0.0114293 0.0112394 0.0108711 0.0103203 0.00957739 0.00864843 0.00753274 0.00625958 0.00482028 0.00323231 0.00154186 -0.000241559 -0.00208849 -0.00392981 -0.00575112 -0.0075269 -0.00918273 -0.0106999 -0.0120433 -0.0131724 -0.0140747 -0.0147457 -0.01516 -0.0153306 -0.0152309 -0.0148849 -0.0143264 -0.0135451 -0.0125216 -0.0113258 -0.00996461 -0.0084422 -0.00678584 -0.0050352 -0.00320171 -0.00133555 0.00056323 0.00245381 0.00428668 0.00604904 0.00775248 0.00932296 0.0107451 0.0120186 0.013129 0.0140459 0.0147604 0.0152375 0.0154977 0.0155216 0.0152881 0.0148161 0.0141112 0.0131465 0.0119826 0.0106444 0.00912308 0.0074747 0.00574184 0.00392936 0.00209089 0.000275607 -0.00151021 -0.00323178 -0.00486099 -0.00637283 -0.00776249 -0.00899843 -0.0100674 -0.0109738 -0.0117173 -0.0122835 -0.0126979 -0.0129601 -0.013083 -0.0130883 -0.0129845 -0.0128162 -0.01259 -0.0123154 -0.0120477 -0.0117842 -0.0115201 -0.011319 -0.0111649 -0.0110567 -0.0110249 -0.0110425 -0.0111089 -0.011186 -0.0112384 -0.0112454 -0.0111374 -0.0108631 -0.0104166 -0.00975896 -0.00887708 -0.00780666 -0.00657698 -0.00525555 -0.0038867 -0.00256045 -0.00136746 -0.000365321 0.000399867 0.000895863 0.00111508 0.00111858 0.000941686 0.000653271 0.000280921 -0.000112498 -0.000459647 -0.000763789 -0.000979056 -0.00112686 -0.00119646 -0.00121219 -0.00121174 -0.00117047 -0.00110759 -0.00102383 -0.000953541 -0.000906993 -0.000861129 -0.00081691 -0.000782802 -0.000776635 -0.000791855 -0.000806235 -0.000809162 -0.000812679 -0.000820935 -0.00082823 
0 -7.34105e-05 -0.000145422 -0.000214168 -0.000258451 -0.000281418 -0.000280607 -0.000248477 -0.000191064 -9.37196e-05 2.67467e-05 0.000182568 0.000380883 0.000593003 0.000831795 0.00107269 0.00136492 0.00171503 0.0020917 0.00253226 0.00301758 0.00362532 0.00431896 0.00505233 0.0058198 0.00652502 0.00714779 0.00756391 0.00771929 0.00757264 0.00704764 0.00614203 0.00489665 0.00340311 0.00176499 9.46781e-05 -0.00150365 -0.00286604 -0.00396919 -0.00472504 -0.00509227 -0.00508379 -0.0047057 -0.0040536 -0.00313762 -0.00205282 -0.000858521 0.000378022 0.00165893 0.00292021 0.00414481 0.00534564 0.00651118 0.00763749 0.00871979 0.00979219 0.0108101 0.0118064 0.0127289 0.0136165 0.0144173 0.015115 0.0157125 0.0161879 0.0164692 0.0165854 0.0165044 0.016155 0.0155882 0.0147633 0.0136659 0.0122967 0.0106917 0.0088104 0.0067227 0.00443653 0.00201225 -0.000554892 -0.00316878 -0.00580858 -0.00841966 -0.0109401 -0.0132806 -0.0154622 -0.017394 -0.0190243 -0.0203572 -0.0213535 -0.0219527 -0.0222115 -0.022125 -0.0216531 -0.0208288 -0.0196828 -0.0182309 -0.0165016 -0.0145075 -0.0122757 -0.00988256 -0.00733417 -0.00465531 -0.00191944 0.000826836 0.0035757 0.00626382 0.00885557 0.0113067 0.0135771 0.0156669 0.0175424 0.0191221 0.0204196 0.0214469 0.0221267 0.0224633 0.0224689 0.0221063 0.0213773 0.0203428 0.01897 0.0173019 0.0153659 0.013212 0.0108574 0.0083869 0.00581365 0.0032107 0.000584074 -0.00196878 -0.00444883 -0.00679859 -0.00898236 -0.0109656 -0.0127788 -0.014336 -0.0156687 -0.0167893 -0.017652 -0.0182906 -0.01874 -0.0189919 -0.0190599 -0.0190127 -0.0188281 -0.0185653 -0.0182261 -0.017884 -0.0175278 -0.0172078 -0.016939 -0.0167553 -0.0166471 -0.0166146 -0.016679 -0.0167944 -0.0169209 -0.0170105 -0.0170332 -0.0168518 -0.0164565 -0.0157637 -0.014762 -0.0134424 -0.0118096 -0.00997789 -0.00798982 -0.00594431 -0.00396804 -0.00218752 -0.000681866 0.000454674 0.00121094 0.00155357 0.00156031 0.00133224 0.000891952 0.000366209 -0.000212102 -0.000733036 -0.0011628 -0.00150479 -0.0017095 -0.00182505 -0.00185611 -0.00184851 -0.00180275 -0.00170331 -0.00158989 -0.00148758 -0.00141527 -0.00134829 -0.00127687 -0.00122109 -0.00120322 -0.00121479 -0.00122777 -0.00123136 -0.00123216 -0.00124606 -0.00125564 
0 -8.93228e-05 -0.000183022 -0.000258451 -0.000316919 -0.000336746 -0.000330536 -0.000290663 -0.000204965 -8.91416e-05 7.8444e-05 0.000278861 0.000532957 0.000822458 0.00112008 0.00145874 0.00183663 0.00229987 0.00281395 0.00338298 0.0040569 0.00484726 0.00577193 0.0067521 0.0077529 0.00870675 0.00951529 0.0100736 0.0102809 0.0100763 0.0093785 0.00817987 0.00652544 0.00455502 0.0023952 0.000182882 -0.00189438 -0.003705 -0.00513509 -0.00611566 -0.00659558 -0.00655064 -0.0060392 -0.00514263 -0.00389969 -0.00243082 -0.000832005 0.00084815 0.0025389 0.00422202 0.00585138 0.00742222 0.00896264 0.0104287 0.0118245 0.0131874 0.0144762 0.0156865 0.0168328 0.017887 0.0188264 0.0196307 0.0202839 0.0207561 0.0210082 0.0210389 0.0208162 0.0203054 0.0194971 0.0183757 0.0169267 0.0151554 0.0130701 0.0107017 0.00805935 0.00517671 0.00212475 -0.00107034 -0.00434837 -0.00761685 -0.010842 -0.0139735 -0.0169103 -0.0196206 -0.0220425 -0.0241089 -0.0257954 -0.0270735 -0.0278965 -0.0282718 -0.0281648 -0.0275891 -0.0265901 -0.0251637 -0.0233013 -0.0210903 -0.0185571 -0.0157225 -0.0126435 -0.00937755 -0.00596045 -0.00246996 0.00106714 0.00459009 0.00801813 0.0113189 0.0144783 0.0173969 0.0200403 0.022392 0.0244092 0.0260525 0.027303 0.0281114 0.028497 0.0284482 0.0279417 0.0270094 0.0256744 0.0239177 0.0218192 0.0194219 0.0167307 0.0138187 0.0107518 0.00754957 0.00429119 0.00104612 -0.00215171 -0.00525042 -0.00819722 -0.0109491 -0.0134861 -0.0157731 -0.0177789 -0.0195136 -0.0209786 -0.0221539 -0.0230701 -0.0237378 -0.0241667 -0.0243842 -0.0244147 -0.024307 -0.024081 -0.0237599 -0.0234229 -0.0230763 -0.022736 -0.0224827 -0.022315 -0.022233 -0.0222716 -0.0224008 -0.0226005 -0.0228032 -0.0229437 -0.0229655 -0.0227427 -0.0221922 -0.021276 -0.0199397 -0.0181672 -0.0160142 -0.0135571 -0.0109125 -0.00818622 -0.00554793 -0.00316692 -0.00115997 0.000376009 0.0013878 0.0018659 0.00191018 0.00160829 0.0010698 0.0003767 -0.000363562 -0.00103594 -0.0016174 -0.00204979 -0.0023432 -0.00249524 -0.00254452 -0.00254478 -0.00247506 -0.00235685 -0.00220611 -0.00207595 -0.00198184 -0.00189181 -0.00180191 -0.00172701 -0.00169571 -0.00169787 -0.00170196 -0.00169454 -0.00168932 -0.00169434 -0.00169748 
0 -9.85964e-05 -0.000196064 -0.000281418 -0.000336746 -0.000356498 -0.000341002 -0.000285395 -0.00018645 -3.75902e-05 0.000157854 0.000405132 0.000710844 0.00105315 0.0014274 0.00183478 0.0023133 0.00288413 0.00352506 0.00425792 0.00510227 0.00611132 0.00726398 0.0084908 0.00974256 0.010913 0.0119089 0.0125818 0.0128215 0.0125472 0.0116688 0.010177 0.00814121 0.00570936 0.00305006 0.000344464 -0.00221089 -0.00441418 -0.00615791 -0.00733594 -0.00788515 -0.00780272 -0.0071339 -0.00598539 -0.00442268 -0.0025767 -0.00055901 0.00154021 0.00367122 0.00576886 0.00779139 0.00973688 0.0116015 0.0133654 0.0150281 0.0166159 0.018095 0.0194738 0.0207284 0.0218654 0.0228454 0.0236464 0.0242626 0.0246654 0.0247988 0.0246724 0.0242557 0.0234966 0.0224162 0.0209912 0.0192066 0.0170669 0.014599 0.0117988 0.00871511 0.0053826 0.00186763 -0.00180435 -0.00554479 -0.00929308 -0.0129913 -0.0165653 -0.0199201 -0.0230371 -0.0258314 -0.0282332 -0.0302185 -0.0317363 -0.0327237 -0.0331983 -0.0331396 -0.0325203 -0.0313677 -0.0297052 -0.027553 -0.0249633 -0.021969 -0.0186148 -0.0149832 -0.0111182 -0.00706923 -0.00292441 0.00125583 0.00542473 0.00949995 0.0134237 0.0171393 0.0205758 0.0236999 0.0264636 0.028791 0.0306671 0.0320839 0.032982 0.0333682 0.0332519 0.032614 0.0314788 0.0298992 0.0278683 0.0254431 0.0226698 0.0195916 0.0162577 0.0127506 0.00910401 0.00539419 0.00166895 -0.001993 -0.00555738 -0.00896095 -0.0121562 -0.0151112 -0.0178197 -0.0202206 -0.0223284 -0.0241463 -0.0256413 -0.0268406 -0.0277711 -0.0284322 -0.0288464 -0.029066 -0.0291039 -0.0290055 -0.028798 -0.0285554 -0.0282915 -0.0280503 -0.0278791 -0.027806 -0.0278298 -0.0279626 -0.0282037 -0.0285041 -0.0287968 -0.0290067 -0.0290541 -0.028785 -0.0281215 -0.0269788 -0.0253136 -0.0231141 -0.0204238 -0.0173697 -0.0140665 -0.0106689 -0.00737859 -0.00439508 -0.00186851 7.31239e-05 0.00137472 0.00202108 0.00211605 0.00178919 0.00114051 0.000312834 -0.000584904 -0.00141652 -0.00212197 -0.00266903 -0.00302725 -0.00322611 -0.00329828 -0.00329522 -0.00322086 -0.00307699 -0.00290536 -0.0027512 -0.00263304 -0.00252427 -0.0024113 -0.00231621 -0.0022641 -0.00224642 -0.00223121 -0.00220568 -0.00218381 -0.00217536 -0.00216469 
0 -0.000100055 -0.000197483 -0.000280607 -0.000330536 -0.000341002 -0.000311091 -0.000238075 -0.00011714 5.82785e-05 0.00028607 0.000573646 0.000922629 0.00131831 0.00175575 0.00224109 0.00281277 0.00348838 0.0042599 0.00514451 0.00617097 0.00738518 0.00876372 0.0102374 0.0117297 0.0131248 0.0142982 0.0150878 0.0153607 0.015013 0.0139573 0.012184 0.00977972 0.006912 0.00378285 0.000610628 -0.0023748 -0.00495017 -0.00697217 -0.00832308 -0.00893127 -0.00879347 -0.00796539 -0.00655679 -0.00466896 -0.0024431 -1.45758e-05 0.00250808 0.00505444 0.00754999 0.00994598 0.0122299 0.0143886 0.0164046 0.0182744 0.0200122 0.0215997 0.0230372 0.0243123 0.0254259 0.0263471 0.0270544 0.0275382 0.0277689 0.0277068 0.0273488 0.0266724 0.02564 0.0242612 0.0225234 0.0204204 0.0179611 0.0151725 0.0120633 0.00867265 0.00503998 0.00122124 -0.00274326 -0.00677583 -0.0108112 -0.0147892 -0.0186353 -0.022266 -0.0256357 -0.0286678 -0.0312926 -0.0334733 -0.0351565 -0.0362873 -0.0368522 -0.0368286 -0.036194 -0.0349665 -0.0331598 -0.0307976 -0.0279283 -0.0246002 -0.0208646 -0.0168009 -0.0124688 -0.00793596 -0.00328529 0.00141013 0.0060856 0.0106543 0.0150507 0.0192043 0.023039 0.0265002 0.0295371 0.0320845 0.0341176 0.0356156 0.0365432 0.0369046 0.0367134 0.0359662 0.0346907 0.0329293 0.0306994 0.0280538 0.0250455 0.0217209 0.0181347 0.0143602 0.0104461 0.00646118 0.0024628 -0.00148238 -0.00533449 -0.00903658 -0.0125433 -0.0158213 -0.0188507 -0.0215842 -0.024023 -0.0261625 -0.0279807 -0.0294909 -0.0307149 -0.0316553 -0.0323345 -0.0327987 -0.0330714 -0.0331924 -0.033201 -0.0331565 -0.0330846 -0.0330294 -0.0330351 -0.0331333 -0.0333289 -0.0336309 -0.0340339 -0.0344846 -0.034907 -0.0352144 -0.035299 -0.035007 -0.0342323 -0.0328809 -0.0309005 -0.0282806 -0.0250781 -0.0214283 -0.0174773 -0.0134148 -0.00947419 -0.00588741 -0.0028412 -0.000481748 0.00111672 0.00195047 0.00212401 0.00178324 0.00105929 0.000110624 -0.000920706 -0.00189246 -0.0027209 -0.00336456 -0.00379498 -0.00403787 -0.00413569 -0.00413547 -0.00405154 -0.00389144 -0.00369907 -0.00352231 -0.00337859 -0.00324676 -0.00311309 -0.00299661 -0.00292005 -0.00287638 -0.00283618 -0.00278672 -0.00274052 -0.00270704 -0.00267167 
0 -9.01089e-05 -0.00018024 -0.000248477 -0.000290663 -0.000285395 -0.000238075 -0.000146595 3.55497e-06 0.000200721 0.000465898 0.00079001 0.0011776 0.00162868 0.00211908 0.00268974 0.00334697 0.00412363 0.00502704 0.00605316 0.00727115 0.00867898 0.0102801 0.0119969 0.0137166 0.0153371 0.0166753 0.0175816 0.0178904 0.0174746 0.0162563 0.0142263 0.01148 0.00821017 0.00464495 0.00103267 -0.00234179 -0.00526989 -0.00753849 -0.00903607 -0.00968665 -0.00947178 -0.00847835 -0.00680394 -0.00459341 -0.0019962 0.000822434 0.00375627 0.00668178 0.00954179 0.0122715 0.0148363 0.0172332 0.0194336 0.0214371 0.0232451 0.0248619 0.0262587 0.0274684 0.0284536 0.0292134 0.0297315 0.0299901 0.0299593 0.0296352 0.0289875 0.0280012 0.0266792 0.0249934 0.0229591 0.0205774 0.0178662 0.014831 0.0115266 0.00795487 0.00417001 0.000209523 -0.00386194 -0.00801078 -0.0121464 -0.0162188 -0.0201597 -0.0239056 -0.0273673 -0.0304982 -0.0332295 -0.0355003 -0.0372615 -0.0384816 -0.0391089 -0.03911 -0.0384847 -0.0372383 -0.0353695 -0.0328936 -0.0298663 -0.0263414 -0.0223747 -0.0180263 -0.0133848 -0.00852918 -0.00353895 0.00151375 0.00653159 0.0114287 0.0161293 0.0205663 0.0246492 0.0283033 0.0314808 0.0341464 0.0362508 0.037761 0.0386802 0.0390097 0.0387519 0.037926 0.0365731 0.0347065 0.0323744 0.0296278 0.0265263 0.0231 0.0194324 0.0155689 0.0115735 0.00749472 0.00341667 -0.000643194 -0.00461598 -0.0084637 -0.0121427 -0.0156325 -0.0188741 -0.0218661 -0.0245807 -0.0269997 -0.0291253 -0.0309535 -0.0324888 -0.0337483 -0.0347574 -0.0355266 -0.0361198 -0.0365437 -0.0368569 -0.0370989 -0.0373158 -0.037531 -0.0378105 -0.0381657 -0.0386131 -0.0391689 -0.039797 -0.0404598 -0.0410642 -0.0415117 -0.0416613 -0.0413804 -0.040507 -0.0389681 -0.036687 -0.0336562 -0.0299669 -0.0257321 -0.0211561 -0.0164503 -0.0118781 -0.00770157 -0.00414516 -0.00136133 0.000543754 0.001589 0.00187609 0.00154395 0.000786115 -0.000260575 -0.00139709 -0.00248633 -0.0034325 -0.00415575 -0.00466394 -0.00494994 -0.00507761 -0.00508837 -0.00499438 -0.00482949 -0.00461911 -0.00442088 -0.00424773 -0.00408418 -0.00392553 -0.00378079 -0.00367106 -0.0035903 -0.00351592 -0.00343719 -0.0033637 -0.00330156 -0.00323991 
0 -7.28436e-05 -0.000135117 -0.000191064 -0.000204965 -0.00018645 -0.00011714 3.55497e-06 0.000168076 0.000404221 0.000689551 0.00105467 0.00148297 0.00196927 0.00253564 0.00316622 0.00392456 0.00479969 0.00582137 0.00701951 0.00840402 0.0100302 0.0118424 0.01379 0.0157475 0.017562 0.0190709 0.0200794 0.0204207 0.0199445 0.0185778 0.0163068 0.0132619 0.00961911 0.00565034 0.00165543 -0.00210118 -0.0053223 -0.00782365 -0.00944417 -0.0101015 -0.00981251 -0.00863789 -0.00669873 -0.00417912 -0.0012341 0.00196553 0.00525007 0.00853728 0.0117016 0.0146974 0.0174913 0.0200353 0.0223377 0.0243958 0.0261889 0.0277343 0.0290345 0.0300632 0.0308404 0.0313483 0.0315786 0.0315241 0.0311778 0.0305182 0.0295389 0.0282349 0.0265922 0.0246228 0.0223353 0.0197327 0.0168334 0.0136732 0.0102493 0.00661713 0.00281867 -0.00112481 -0.00516235 -0.00922819 -0.0133013 -0.0173069 -0.0211675 -0.0248359 -0.0282501 -0.0313373 -0.0340415 -0.0363053 -0.0380693 -0.0392841 -0.0399134 -0.0399517 -0.0393595 -0.0381089 -0.0362284 -0.0337629 -0.0307106 -0.0271195 -0.0230635 -0.0186178 -0.013846 -0.00883752 -0.00367607 0.00152835 0.00669819 0.011755 0.0165962 0.0211131 0.0252658 0.0289906 0.0322081 0.0348644 0.0369487 0.0384431 0.0393393 0.0396269 0.0393312 0.0384801 0.0370893 0.0352096 0.0328999 0.0301779 0.0270978 0.0237448 0.0201456 0.0163599 0.0124596 0.00847707 0.00444766 0.00044663 -0.00350332 -0.00735986 -0.0110811 -0.0146347 -0.0180051 -0.0211545 -0.0240631 -0.0267198 -0.0291099 -0.0312273 -0.0330855 -0.0346897 -0.0360472 -0.0372026 -0.0381552 -0.0389522 -0.0396409 -0.0402423 -0.0408112 -0.0414039 -0.0420263 -0.0427311 -0.0435343 -0.0444064 -0.0453567 -0.0462978 -0.0471481 -0.0477928 -0.0480663 -0.0478169 -0.0469046 -0.0451943 -0.0426396 -0.0392468 -0.0350768 -0.0303119 -0.0251325 -0.0198158 -0.0146427 -0.00989272 -0.00582767 -0.00262558 -0.0003881 0.000897277 0.0013179 0.00105499 0.000271034 -0.000819086 -0.0020385 -0.00323429 -0.0042606 -0.00508342 -0.00564496 -0.00598911 -0.00615274 -0.00616674 -0.00608429 -0.00590532 -0.00569204 -0.00547046 -0.00526076 -0.00506513 -0.00486855 -0.00469312 -0.00454222 -0.00441708 -0.00430256 -0.0041885 -0.00408141 -0.00398428 -0.00388952 
0 -4.11306e-05 -8.01444e-05 -9.37196e-05 -8.91416e-05 -3.75902e-05 5.82785e-05 0.000200721 0.000404221 0.000653488 0.000980223 0.00137192 0.0018302 0.00237012 0.00297468 0.0036981 0.00453466 0.00551527 0.00667965 0.00802441 0.00962317 0.0114419 0.0134777 0.0156592 0.0178263 0.0198535 0.0215066 0.0226191 0.0229912 0.0224529 0.0209405 0.0184565 0.0151204 0.0111489 0.00682519 0.00246827 -0.0015832 -0.00508829 -0.00776826 -0.00948504 -0.0101583 -0.00977755 -0.00844282 -0.00626124 -0.0034489 -0.000179925 0.00333869 0.00696345 0.0105203 0.0139321 0.0171303 0.0200523 0.0226808 0.0250053 0.0270223 0.0287124 0.0301128 0.0311845 0.0319827 0.0324602 0.0326438 0.0325359 0.0321175 0.0313773 0.0303607 0.029025 0.0273783 0.0254672 0.0232458 0.0207475 0.0179886 0.0149955 0.0117615 0.00836136 0.00478581 0.00108675 -0.00272798 -0.00657058 -0.0104485 -0.0142876 -0.018041 -0.0216625 -0.0251346 -0.0283317 -0.0312351 -0.0337933 -0.0359223 -0.0375764 -0.0387513 -0.0393547 -0.0393547 -0.0387664 -0.0375762 -0.0357715 -0.0333633 -0.0303811 -0.0268821 -0.0229193 -0.0185264 -0.013805 -0.0088528 -0.00373936 0.00144427 0.00657154 0.0115606 0.0163259 0.02079 0.0248736 0.0284902 0.0316006 0.0342025 0.036234 0.0376513 0.0385022 0.0387748 0.0384699 0.0376398 0.0363233 0.0345126 0.0323035 0.0297284 0.0268413 0.0236777 0.0203129 0.0167527 0.013077 0.00930203 0.00550464 0.00167499 -0.00211334 -0.00584719 -0.0094915 -0.0130281 -0.0163857 -0.0196014 -0.022623 -0.0254237 -0.0280348 -0.0304223 -0.0325715 -0.0345081 -0.0362423 -0.037755 -0.0391205 -0.0403257 -0.0414379 -0.0424644 -0.0434717 -0.0444829 -0.045547 -0.0466749 -0.047896 -0.0492018 -0.0505335 -0.0518438 -0.053016 -0.0539186 -0.054362 -0.0542217 -0.0532922 -0.0514837 -0.0487145 -0.0449927 -0.0404312 -0.0351545 -0.0294297 -0.0235349 -0.0177792 -0.0124762 -0.0079147 -0.00428113 -0.00170906 -0.000163604 0.000436471 0.000243654 -0.00049669 -0.00162258 -0.00288856 -0.00415227 -0.00527491 -0.00615117 -0.00679436 -0.00718235 -0.00737882 -0.00741306 -0.00731637 -0.0071464 -0.00691769 -0.00667776 -0.0064385 -0.00620276 -0.00598086 -0.00576629 -0.00557432 -0.00539983 -0.00523573 -0.00508076 -0.00492743 -0.00478468 -0.00464436 
0 -3.83748e-06 6.62651e-06 2.67467e-05 7.8444e-05 0.000157854 0.00028607 0.000465898 0.000689551 0.000980223 0.00132695 0.00175459 0.00224902 0.00281674 0.00348856 0.00426689 0.00519881 0.00628293 0.0075753 0.00911004 0.0108988 0.0129517 0.0152118 0.0176231 0.0200213 0.0222293 0.024032 0.0252276 0.0256155 0.0250144 0.0233687 0.0206808 0.0171057 0.0128404 0.00820364 0.00355748 -0.000783817 -0.00450068 -0.00734845 -0.00914431 -0.00980716 -0.00935821 -0.00787762 -0.00549284 -0.00244918 0.00106887 0.00485749 0.00871333 0.0125012 0.0160804 0.0193969 0.0223872 0.025 0.0272502 0.0291431 0.0306466 0.0318032 0.0326166 0.0330845 0.0332158 0.0330258 0.0325288 0.0317153 0.0306073 0.0292229 0.0275529 0.0256125 0.023432 0.0210081 0.0183717 0.0155335 0.0125182 0.00934382 0.00602334 0.00259772 -0.000893108 -0.00444927 -0.00800863 -0.0115414 -0.0150425 -0.0184458 -0.0217009 -0.024796 -0.0276601 -0.0302503 -0.0325337 -0.0344355 -0.0359096 -0.0369228 -0.0374206 -0.037398 -0.0368342 -0.0356793 -0.0339592 -0.0317117 -0.0289216 -0.0256199 -0.0218751 -0.0177332 -0.0132654 -0.00855882 -0.00369412 0.00121889 0.00608352 0.0108323 0.0153529 0.0195484 0.0233914 0.0268221 0.0297632 0.032195 0.034097 0.0354505 0.0362703 0.0365429 0.0362831 0.0355464 0.0343463 0.0327219 0.0307529 0.0284432 0.0258327 0.0230034 0.0199686 0.0167544 0.0134336 0.0100083 0.00650609 0.00297764 -0.000550784 -0.00406041 -0.00751685 -0.0109012 -0.0141882 -0.0173775 -0.0204302 -0.0233308 -0.0260829 -0.0286654 -0.0310657 -0.0333013 -0.0353659 -0.0372707 -0.0390253 -0.0406612 -0.0422222 -0.0437077 -0.0451882 -0.0467067 -0.0482606 -0.0498892 -0.0516158 -0.0533874 -0.0551852 -0.0569127 -0.0584669 -0.0596952 -0.0603916 -0.0604096 -0.0595638 -0.0577083 -0.0547888 -0.0508266 -0.0459026 -0.0402084 -0.0339843 -0.0275692 -0.0212852 -0.015459 -0.010416 -0.00636358 -0.003433 -0.00160525 -0.000813718 -0.000878036 -0.00158195 -0.00269253 -0.00399224 -0.00531682 -0.00648892 -0.00744175 -0.00812641 -0.00856806 -0.00879468 -0.00883023 -0.00874365 -0.0085619 -0.00833551 -0.00807457 -0.00780004 -0.00753349 -0.00727216 -0.007023 -0.00677893 -0.00654716 -0.0063291 -0.00612203 -0.00592137 -0.00572617 -0.00553846 
0 4.54184e-05 0.000104035 0.000182568 0.000278861 0.000405132 0.000573646 0.00079001 0.00105467 0.00137192 0.00175459 0.00221065 0.00273677 0.00334665 0.00406402 0.00491924 0.00593464 0.0071306 0.00856761 0.0102776 0.0122818 0.0145527 0.0170437 0.0196854 0.0223023 0.0247044 0.0266523 0.0279382 0.0283494 0.0276976 0.0259288 0.0230691 0.0192691 0.0147519 0.00984612 0.0049337 0.000363395 -0.00355567 -0.00654425 -0.00841839 -0.0091006 -0.00860916 -0.00703265 -0.0045099 -0.0012929 0.00240811 0.00637338 0.0103998 0.0143093 0.017973 0.0213258 0.0242908 0.0268234 0.0289352 0.030626 0.0318752 0.0327281 0.0331916 0.0332956 0.0330396 0.0324583 0.0315785 0.03039 0.0289167 0.0272057 0.0252429 0.0230518 0.0206841 0.0181264 0.0154083 0.0125553 0.00959407 0.00653096 0.00340088 0.000224754 -0.00297264 -0.00619202 -0.00936662 -0.0124919 -0.0155481 -0.0184818 -0.0212695 -0.0239128 -0.0263269 -0.0284925 -0.0303896 -0.0319474 -0.0331349 -0.0339428 -0.0342994 -0.0341842 -0.0336013 -0.0325218 -0.0309456 -0.0288872 -0.0263474 -0.0233658 -0.0199906 -0.0162484 -0.0122139 -0.00797058 -0.00358061 0.000864506 0.00526133 0.00954477 0.0136307 0.0174421 0.0209306 0.0240308 0.0266996 0.0289357 0.030696 0.0319527 0.0327426 0.0330551 0.0328974 0.0323276 0.0313604 0.0300062 0.028349 0.0264009 0.0241901 0.0217725 0.019171 0.0163891 0.0134925 0.0104869 0.00740103 0.00425441 0.00108041 -0.00211648 -0.00531346 -0.00848912 -0.0116103 -0.0146968 -0.0177043 -0.0206129 -0.0234429 -0.0261598 -0.0287407 -0.0312099 -0.0335609 -0.0357852 -0.0379172 -0.039971 -0.0419843 -0.0439563 -0.0459467 -0.047987 -0.0500805 -0.0522501 -0.0545182 -0.0568348 -0.0591457 -0.0613656 -0.0633688 -0.0649815 -0.065992 -0.0662442 -0.0655344 -0.0637184 -0.0607307 -0.0565946 -0.0514083 -0.0453511 -0.0387079 -0.0318316 -0.0250671 -0.0187703 -0.013282 -0.00883257 -0.00555928 -0.00345028 -0.00244649 -0.00237754 -0.00299999 -0.00408274 -0.00538843 -0.00674276 -0.00796796 -0.00896559 -0.00970694 -0.0101912 -0.0104433 -0.010489 -0.0103905 -0.010205 -0.00996167 -0.00967486 -0.00936255 -0.00905075 -0.00875442 -0.00846116 -0.00816823 -0.00787942 -0.00760408 -0.00734737 -0.00709328 -0.00684677 -0.00660811 
0 0.000110394 0.000233332 0.000380883 0.000532957 0.000710844 0.000922629 0.0011776 0.00148297 0.0018302 0.00224902 0.00273677 0.00329944 0.00395697 0.00472947 0.00566725 0.00677616 0.00809551 0.00968682 0.0115833 0.0138083 0.016305 0.0190311 0.0218997 0.0247302 0.0273152 0.0293985 0.0307652 0.0311946 0.0305017 0.0286308 0.0256305 0.0216454 0.0169173 0.0117813 0.00663172 0.00184697 -0.00226529 -0.00540039 -0.00737022 -0.00809895 -0.00760542 -0.00598678 -0.00339683 -8.87381e-05 0.00370446 0.00775257 0.0118518 0.0157942 0.0194566 0.0227588 0.0256166 0.0279903 0.0298878 0.0313126 0.0322587 0.032771 0.0328657 0.0325892 0.0319417 0.0309749 0.0297262 0.0281977 0.0264175 0.024442 0.0222593 0.0198934 0.0174023 0.0147793 0.012055 0.00926115 0.00642622 0.00354762 0.000667324 -0.00220068 -0.00503676 -0.00784188 -0.0105604 -0.0132038 -0.0157514 -0.018161 -0.0204153 -0.0225186 -0.0244021 -0.0260619 -0.0274882 -0.0286254 -0.0294511 -0.0299665 -0.0301194 -0.0298905 -0.0292824 -0.0282679 -0.0268456 -0.0250264 -0.0228162 -0.0202431 -0.0173483 -0.0141551 -0.0107279 -0.00712988 -0.00341304 0.000355354 0.0040923 0.00774444 0.0112387 0.0145158 0.017531 0.0202284 0.0225686 0.0245493 0.0261334 0.0273042 0.0280943 0.0284922 0.0284991 0.0281632 0.0274985 0.0265062 0.025251 0.02374 0.0219921 0.0200484 0.0179379 0.0156562 0.013255 0.0107356 0.0081194 0.00541138 0.00264715 -0.000178292 -0.00304905 -0.00594836 -0.00884691 -0.0117667 -0.0146612 -0.0175088 -0.0203313 -0.0230952 -0.0257791 -0.0284093 -0.0309829 -0.0334789 -0.0359396 -0.0383704 -0.0408002 -0.043234 -0.0457229 -0.0482882 -0.0509365 -0.0536748 -0.0565163 -0.0594119 -0.0622791 -0.0650371 -0.0675402 -0.0695956 -0.070986 -0.0715376 -0.0710339 -0.0693285 -0.0663487 -0.0621205 -0.0567559 -0.0504312 -0.0434658 -0.0362218 -0.0290653 -0.0223729 -0.0164962 -0.0116858 -0.00808237 -0.00569175 -0.00446126 -0.0042345 -0.00475313 -0.00578416 -0.00707865 -0.00844681 -0.00971202 -0.0107506 -0.0115447 -0.0120731 -0.0123533 -0.0124124 -0.0123074 -0.0121153 -0.0118503 -0.0115298 -0.011171 -0.0108044 -0.0104573 -0.0101071 -0.00975332 -0.00939993 -0.00906444 -0.00875726 -0.00845747 -0.0081697 -0.00789367 
0 0.000178662 0.000383004 0.000593003 0.000822458 0.00105315 0.00131831 0.00162868 0.00196927 0.00237012 0.00281674 0.00334665 0.00395697 0.00466006 0.00551961 0.00653574 0.00776638 0.00922661 0.0109794 0.0130915 0.0155258 0.0182662 0.0212227 0.0243075 0.0273503 0.0300959 0.03231 0.0337465 0.0341878 0.0334579 0.0315026 0.02837 0.0242324 0.0193145 0.0139701 0.00861676 0.00360816 -0.000681061 -0.0039868 -0.00608807 -0.00690601 -0.00647792 -0.00488752 -0.00230726 0.00100787 0.00480444 0.00886334 0.0129265 0.0168276 0.0203968 0.023557 0.0262377 0.0283836 0.0300083 0.0311294 0.0317465 0.0318916 0.0316369 0.030977 0.0299731 0.0286625 0.0270895 0.0252678 0.0232549 0.0210671 0.0187351 0.0162848 0.0137406 0.0111349 0.00848623 0.00582249 0.00316482 0.000548562 -0.00203908 -0.00454698 -0.00697528 -0.00931144 -0.0115491 -0.0136498 -0.0156421 -0.0174828 -0.0191615 -0.0206598 -0.0219763 -0.0230774 -0.0239684 -0.0246246 -0.0250453 -0.0252055 -0.0250994 -0.0247269 -0.0240777 -0.0231153 -0.0218563 -0.0203209 -0.0185033 -0.0164148 -0.0140975 -0.0115844 -0.00890672 -0.00610182 -0.00321288 -0.00029172 0.00262482 0.00550254 0.00827619 0.0108923 0.0133317 0.0155597 0.0175225 0.0192056 0.0206025 0.0217127 0.0225248 0.0230429 0.0232724 0.0232366 0.0229189 0.0223557 0.0215596 0.0205358 0.0192909 0.0178861 0.0162969 0.0145561 0.0126837 0.0106911 0.00855795 0.00633681 0.00400903 0.0015867 -0.000919116 -0.003485 -0.00612094 -0.00879927 -0.0115038 -0.0142284 -0.0169585 -0.0196906 -0.0224073 -0.0251211 -0.0278248 -0.0305354 -0.0332346 -0.0359802 -0.0387659 -0.0416078 -0.0445474 -0.047615 -0.0507877 -0.0540936 -0.0575248 -0.0610044 -0.0644758 -0.0678019 -0.0708458 -0.0733879 -0.0752093 -0.0761022 -0.0758765 -0.0743449 -0.0714569 -0.0672418 -0.0617822 -0.0553148 -0.0481246 -0.0406152 -0.0331645 -0.0261554 -0.0199598 -0.0148412 -0.0109359 -0.00828107 -0.00683154 -0.00642152 -0.00683511 -0.0077838 -0.00905585 -0.0104317 -0.0117137 -0.0128123 -0.0136448 -0.0142298 -0.0145437 -0.014611 -0.0145178 -0.0143033 -0.0140207 -0.0136567 -0.0132418 -0.0128244 -0.0124123 -0.0120112 -0.0115934 -0.0111776 -0.0107858 -0.0104196 -0.0100768 -0.00973996 -0.00942525 
0 0.000259243 0.000529582 0.000831795 0.00112008 0.0014274 0.00175575 0.00211908 0.00253564 0.00297468 0.00348856 0.00406402 0.00472947 0.00551961 0.00644712 0.00758948 0.00893681 0.0105576 0.0125068 0.0148174 0.0175029 0.0204712 0.0236697 0.0269725 0.0302002 0.0331052 0.0354251 0.0369143 0.0373542 0.0365823 0.0345284 0.0312886 0.0269836 0.0218979 0.0163666 0.0107897 0.00559297 0.00108622 -0.0023998 -0.00467218 -0.00565077 -0.0053518 -0.00387135 -0.00140292 0.00183085 0.00554884 0.00950029 0.0134764 0.0172262 0.0206366 0.0235945 0.0260264 0.0279028 0.0292341 0.0300219 0.0303067 0.0301226 0.0295103 0.0285371 0.0272239 0.0256319 0.0238058 0.021783 0.0195817 0.0172746 0.0148679 0.012391 0.00989057 0.00738472 0.00487515 0.00241245 1.33165e-05 -0.00232383 -0.00454972 -0.00665886 -0.00865468 -0.0105177 -0.0122235 -0.0137947 -0.0151991 -0.0164301 -0.0174928 -0.0183945 -0.0190977 -0.0196173 -0.0199546 -0.0201054 -0.0200644 -0.0198668 -0.0194939 -0.0189302 -0.0181884 -0.0172979 -0.0162371 -0.0149999 -0.0136049 -0.0120858 -0.0104447 -0.00869391 -0.00685763 -0.00496563 -0.00302001 -0.00103841 0.000951225 0.00291806 0.00485927 0.00675057 0.00854652 0.0102069 0.011745 0.0131443 0.0143686 0.0154012 0.0162659 0.016942 0.0174229 0.0177095 0.0178077 0.0176876 0.0173726 0.0168743 0.0161951 0.0153261 0.0143062 0.0131205 0.0117791 0.0103025 0.00869647 0.00694088 0.00506917 0.00307591 0.000956138 -0.00125745 -0.00355795 -0.00595253 -0.00841757 -0.0109341 -0.0135269 -0.0161601 -0.0188313 -0.0215487 -0.0243205 -0.0271241 -0.0300078 -0.0329719 -0.0360309 -0.0392169 -0.0425478 -0.0460434 -0.0497159 -0.0535538 -0.0575351 -0.0616198 -0.0656637 -0.0695804 -0.0731747 -0.0762192 -0.0785001 -0.0797883 -0.079872 -0.0785986 -0.0758858 -0.0717547 -0.0663366 -0.0598023 -0.0525193 -0.0448477 -0.0371943 -0.0299735 -0.0235311 -0.0181661 -0.0140119 -0.0111271 -0.00946787 -0.00890256 -0.00918303 -0.0100679 -0.011305 -0.0126711 -0.0139958 -0.0151195 -0.0160239 -0.0166497 -0.0169983 -0.0170978 -0.016993 -0.016788 -0.016473 -0.0160784 -0.0156218 -0.0151423 -0.014686 -0.0142177 -0.0137456 -0.013267 -0.0128088 -0.0123892 -0.0119837 -0.0116012 -0.0112374 
0 0.000338262 0.00070503 0.00107269 0.00145874 0.00183478 0.00224109 0.00268974 0.00316622 0.0036981 0.00426689 0.00491924 0.00566725 0.00653574 0.00758948 0.00883719 0.0103417 0.0121366 0.0142794 0.0168321 0.0197431 0.0229707 0.0264064 0.0299183 0.0333329 0.036368 0.0387771 0.0402967 0.0407068 0.0398659 0.0377158 0.0343295 0.0298764 0.0246061 0.0188744 0.0130945 0.00765107 0.00293017 -0.000789797 -0.00328991 -0.00448165 -0.00439064 -0.00311134 -0.000833874 0.0022095 0.00573715 0.00951782 0.0132797 0.0168403 0.0200323 0.0227412 0.024913 0.0265081 0.0275278 0.0280089 0.0279883 0.0274923 0.0266194 0.0253695 0.0238278 0.0220363 0.0200356 0.0178739 0.0156108 0.0132516 0.0108549 0.00845062 0.00604433 0.00369082 0.00140083 -0.00079877 -0.00290422 -0.00487428 -0.00672861 -0.00843011 -0.00997811 -0.0113362 -0.0125399 -0.0135408 -0.0143625 -0.0150043 -0.0154653 -0.015717 -0.0158206 -0.0157575 -0.015539 -0.0151903 -0.0147295 -0.0141383 -0.0134626 -0.0127295 -0.0119409 -0.0110915 -0.0102059 -0.00931187 -0.00841244 -0.00749501 -0.00656793 -0.00564935 -0.00472529 -0.0037855 -0.00283516 -0.00187412 -0.000878409 0.000150435 0.00119661 0.00225717 0.00334476 0.00445467 0.00555178 0.00661257 0.0076465 0.00865143 0.0095732 0.0104105 0.0111554 0.0117796 0.0122615 0.0126302 0.0128324 0.0128701 0.0127387 0.0124506 0.0119756 0.0113528 0.0105528 0.00959697 0.00846405 0.00719609 0.0057694 0.00420724 0.00250699 0.000686449 -0.00128075 -0.00334899 -0.00552979 -0.00782368 -0.0101974 -0.0126684 -0.0152344 -0.0178834 -0.0206255 -0.0234849 -0.0264339 -0.0295421 -0.0327951 -0.0362328 -0.0398807 -0.0437566 -0.0478504 -0.0521706 -0.0566669 -0.0612692 -0.0658805 -0.0703351 -0.0744637 -0.0780182 -0.0807715 -0.0824719 -0.0829249 -0.0819454 -0.0794706 -0.0755208 -0.0701929 -0.0637294 -0.056435 -0.0487116 -0.0409723 -0.0336202 -0.0270294 -0.021488 -0.0171432 -0.0140804 -0.0122596 -0.0115458 -0.0117399 -0.0125536 -0.0137722 -0.0151489 -0.0164911 -0.0176884 -0.0186384 -0.0193321 -0.0197294 -0.0198516 -0.0197814 -0.0195585 -0.0192399 -0.0188141 -0.0183136 -0.0177981 -0.0172725 -0.0167593 -0.0162227 -0.0156848 -0.015172 -0.0146804 -0.0142284 -0.0137834 -0.0133746 
0 0.000438455 0.000893021 0.00136492 0.00183663 0.0023133 0.00281277 0.00334697 0.00392456 0.00453466 0.00519881 0.00593464 0.00677616 0.00776638 0.00893681 0.0103417 0.0120088 0.0140036 0.0163779 0.0191622 0.0223303 0.0257977 0.0294652 0.0331734 0.0367375 0.0398819 0.0423501 0.043868 0.0442242 0.0432919 0.0410051 0.0374692 0.0328178 0.0273461 0.0213959 0.0153606 0.00966923 0.00467082 0.000679614 -0.00210572 -0.00359256 -0.00378985 -0.00279218 -0.000806896 0.00196674 0.00523807 0.00875169 0.012271 0.0155676 0.0185086 0.020956 0.0228596 0.0241923 0.0249584 0.0251723 0.0249006 0.024175 0.0230672 0.0216288 0.0199306 0.0180219 0.01594 0.0137541 0.0114835 0.00917212 0.00686173 0.00458662 0.00236226 0.000237286 -0.00179769 -0.00369681 -0.00546323 -0.00707627 -0.00851428 -0.00977209 -0.0108582 -0.0117319 -0.0124122 -0.0128884 -0.0131368 -0.0131813 -0.0130363 -0.0127052 -0.0122194 -0.0115965 -0.0108476 -0.0100203 -0.00912799 -0.00820741 -0.00728854 -0.00638688 -0.00552387 -0.00476667 -0.00411518 -0.00357485 -0.00315437 -0.00287131 -0.00269558 -0.00261814 -0.00260562 -0.00264554 -0.00269873 -0.00274725 -0.00275698 -0.00271769 -0.00257772 -0.00232371 -0.00195404 -0.00146912 -0.000833993 -8.10366e-05 0.000768309 0.00168832 0.00265721 0.00364551 0.00463911 0.00558866 0.00648309 0.00729494 0.00798694 0.00855976 0.00899707 0.00925183 0.00933455 0.00924591 0.00895336 0.00849396 0.00786489 0.00705642 0.00608085 0.00495249 0.0036529 0.00221535 0.000620794 -0.00110741 -0.00298047 -0.00498932 -0.00712932 -0.00938785 -0.0117826 -0.0142923 -0.0169411 -0.0197416 -0.0227099 -0.0258752 -0.0292476 -0.0328736 -0.0367547 -0.0409121 -0.0453547 -0.0500679 -0.0549894 -0.0600746 -0.0651687 -0.0701329 -0.0747532 -0.078782 -0.0819921 -0.0841081 -0.0849291 -0.0842892 -0.0821009 -0.0783749 -0.0732395 -0.0668963 -0.0596974 -0.0520109 -0.0442714 -0.0369014 -0.0302445 -0.0246154 -0.0201596 -0.0169804 -0.0150421 -0.01423 -0.0143443 -0.0151282 -0.0163424 -0.0177431 -0.0191537 -0.0204232 -0.021477 -0.0222495 -0.0227175 -0.0229017 -0.0228541 -0.02265 -0.0223113 -0.0218643 -0.021332 -0.0207646 -0.0201937 -0.0196185 -0.0190346 -0.0184458 -0.0178774 -0.0173369 -0.0168265 -0.0163379 -0.015882 
0 0.000560106 0.00113337 0.00171503 0.00229987 0.00288413 0.00348838 0.00412363 0.00479969 0.00551527 0.00628293 0.0071306 0.00809551 0.00922661 0.0105576 0.0121366 0.0140036 0.0162246 0.0188468 0.0218843 0.0253012 0.0290064 0.0328846 0.036758 0.0404299 0.0436298 0.0460945 0.0475521 0.0477943 0.0467151 0.0442617 0.0405335 0.035674 0.0299759 0.0237815 0.0174719 0.011477 0.0061579 0.00183155 -0.00130622 -0.00315269 -0.00370498 -0.00306455 -0.00143127 0.000996319 0.00394095 0.00714267 0.010362 0.0133824 0.0160668 0.0182646 0.0199296 0.021039 0.0215871 0.0215993 0.0211439 0.0202626 0.0190239 0.01748 0.0157093 0.0137641 0.0116765 0.00953142 0.00735336 0.0051708 0.00303026 0.0009632 -0.00102637 -0.0028908 -0.00462344 -0.00618985 -0.00759533 -0.00881653 -0.00983702 -0.0106625 -0.0112826 -0.011659 -0.0118241 -0.0117658 -0.0114653 -0.0109654 -0.0102692 -0.00937627 -0.00834603 -0.00720917 -0.00598083 -0.00472813 -0.00347419 -0.00225139 -0.00111583 -0.00011485 0.000729541 0.00136718 0.00178179 0.00194688 0.00185909 0.00152591 0.00098356 0.000249794 -0.000625378 -0.00160389 -0.00263093 -0.00366358 -0.00463916 -0.00552424 -0.00626373 -0.00681886 -0.00714993 -0.0072423 -0.00707973 -0.00668823 -0.006066 -0.00523905 -0.00425501 -0.00314922 -0.00194392 -0.000706729 0.000548178 0.00179125 0.00295432 0.00401832 0.00496748 0.00574158 0.0063446 0.00677805 0.00699649 0.00702236 0.0068627 0.00650549 0.00596334 0.00525444 0.00436224 0.00330365 0.00206735 0.000681064 -0.000870186 -0.00257867 -0.00442909 -0.00642824 -0.00860256 -0.0109239 -0.0134263 -0.0161288 -0.0190392 -0.0221895 -0.0256018 -0.0293195 -0.0333495 -0.0377074 -0.0424079 -0.0474278 -0.0526927 -0.0581559 -0.0636617 -0.0690483 -0.0740946 -0.0785517 -0.0821728 -0.0846762 -0.0858532 -0.0855448 -0.0836563 -0.0801947 -0.0752937 -0.069162 -0.0621406 -0.0545949 -0.0469659 -0.0396679 -0.0330423 -0.0273963 -0.0228949 -0.0196522 -0.0176405 -0.0167633 -0.016838 -0.0176198 -0.0188639 -0.0203274 -0.0218325 -0.0232254 -0.0244101 -0.0253079 -0.0258885 -0.0261648 -0.0261863 -0.0260151 -0.0256868 -0.0252328 -0.0246782 -0.0240747 -0.0234496 -0.0228216 -0.0221865 -0.0215524 -0.0209412 -0.020356 -0.0198099 -0.0192876 -0.0188044 
0 0.000688497 0.00139525 0.0020917 0.00281395 0.00352506 0.0042599 0.00502704 0.00582137 0.00667965 0.0075753 0.00856761 0.00968682 0.0109794 0.0125068 0.0142794 0.0163779 0.0188468 0.0217265 0.0250249 0.0286715 0.0325922 0.0366394 0.0406269 0.0443454 0.0475313 0.0499201 0.0512492 0.0513137 0.0500241 0.0473575 0.0433812 0.0382776 0.0323115 0.0258342 0.0192253 0.0128847 0.00721262 0.00250149 -0.00104366 -0.00331275 -0.00428766 -0.00407312 -0.00284276 -0.000804547 0.00178456 0.0046712 0.00758335 0.0103433 0.0127837 0.0147595 0.0162246 0.0171644 0.0175577 0.0174471 0.0168882 0.0159266 0.0146428 0.0130708 0.0113133 0.0094154 0.0074113 0.00537607 0.00336071 0.00136027 -0.000558433 -0.00236459 -0.00406349 -0.00561974 -0.00701106 -0.00822391 -0.00926389 -0.0100852 -0.0106856 -0.0110673 -0.0112169 -0.0110991 -0.0107691 -0.010192 -0.00937122 -0.00835168 -0.00715176 -0.00576052 -0.00426613 -0.00268617 -0.00104954 0.000570949 0.00211469 0.00355696 0.00482243 0.00585767 0.00662378 0.00708613 0.00721289 0.00698808 0.00641198 0.00550512 0.00429304 0.00281211 0.00112086 -0.000716532 -0.00263499 -0.00456638 -0.00643217 -0.00816245 -0.00969868 -0.0109873 -0.0119794 -0.0126384 -0.0129562 -0.0129363 -0.0125764 -0.0118975 -0.0109643 -0.00979455 -0.00843082 -0.00695067 -0.00539827 -0.0037934 -0.00223291 -0.00073402 0.000674235 0.00193554 0.00301846 0.00394136 0.00464404 0.00514308 0.00543818 0.00552707 0.0053975 0.00508165 0.00457282 0.00387765 0.00299698 0.00196265 0.00074914 -0.000647078 -0.0021877 -0.00391199 -0.00583294 -0.00792706 -0.0102284 -0.0127818 -0.0155672 -0.0186427 -0.0220268 -0.0257561 -0.029849 -0.0343168 -0.0391781 -0.0444104 -0.0499361 -0.055685 -0.0615277 -0.0672461 -0.0726343 -0.0774365 -0.081388 -0.0842138 -0.0857053 -0.0857038 -0.0841152 -0.0809454 -0.0763108 -0.0704542 -0.0636672 -0.0563374 -0.048899 -0.0417473 -0.0352369 -0.0296453 -0.0251682 -0.0219186 -0.0198824 -0.0189759 -0.0190493 -0.019859 -0.0211696 -0.0227395 -0.0243777 -0.0259493 -0.0273035 -0.0283785 -0.0291206 -0.0295307 -0.0296699 -0.0295582 -0.0292778 -0.0288447 -0.0282972 -0.0276928 -0.0270368 -0.0263891 -0.0257246 -0.025067 -0.0244319 -0.0238093 -0.0232379 -0.0226799 -0.0221701 
