0 0 0 0 0 0 0 0 0 0 0 0 0 0 0 0 0 0 0 0 0 0 0 0 0 0 0 0 0 0 0 0 0 0 0 0 0 0 0 0 0 0 0 0 0 0 0 0 0 0 0 0 0 0 0 0 0 0 0 0 0 0 0 0 0 0 0 0 0 0 0 0 0 0 0 0 0 0 0 0 0 0 0 0 0 0 0 0 0 0 0 0 0 0 0 0 0 0 0 0 0 0 0 0 0 0 0 0 0 0 0 0 0 0 0 0 0 0 0 0 0 0 0 0 0 0 0 0 0 0 0 0 0 0 0 0 0 0 0 0 0 0 0 0 0 0 0 0 0 0 0 0 0 0 0 0 0 0 0 0 0 0 0 0 0 0 0 0 0 0 0 0 0 0 0 0 0 0 0 0 0 0 0 0 0 0 0 0 0 0 0 0 0 0 0 0 0 0 0 0 
0 -3.46135e-05 -5.10855e-05 -6.15226e-05 -5.51244e-05 -5.14429e-05 -2.65698e-05 2.26235e-05 8.46968e-05 0.000159965 0.000232498 0.000323042 0.000428819 0.00054662 0.000674233 0.000814222 0.000978407 0.0011695 0.00138758 0.00162898 0.00189308 0.00214831 0.0023766 0.00254842 0.0026463 0.00265282 0.00252808 0.00227918 0.00190942 0.00144663 0.000919265 0.000362438 -0.000171182 -0.000644339 -0.00103123 -0.00130821 -0.00144293 -0.00144396 -0.00131021 -0.00106187 -0.000717967 -0.000291319 0.000168104 0.000656252 0.0011629 0.00165883 0.00214526 0.00261981 0.00307295 0.00351167 0.00392091 0.00430592 0.00467659 0.00500026 0.00528906 0.00554147 0.00572835 0.00585106 0.00590749 0.00588273 0.00577229 0.00557685 0.00529078 0.00491303 0.00443828 0.00387821 0.0032312 0.00250612 0.0017113 0.000856973 -4.28007e-05 -0.000978767 -0.00192882 -0.00286564 -0.00377945 -0.00465255 -0.00545048 -0.00618136 -0.0068248 -0.00735761 -0.00778397 -0.00811018 -0.00831684 -0.0084238 -0.00842835 -0.00833066 -0.00813754 -0.00786279 -0.00751319 -0.00710779 -0.00663492 -0.00611363 -0.00557376 -0.00501691 -0.00443519 -0.00385744 -0.00328794 -0.00272499 -0.00217337 -0.00163495 -0.00110206 -0.000580177 -5.62716e-05 0.000471533 0.000999246 0.0015388 0.00210361 0.00266956 0.00323994 0.00382658 0.00442017 0.00500041 0.00556592 0.00610205 0.00661394 0.00708387 0.00749285 0.00783993 0.00812509 0.00831604 0.00842941 0.00845741 0.00837358 0.00818086 0.00789487 0.0074902 0.00698239 0.00638326 0.00568998 0.00491211 0.00407516 0.00319155 0.00227444 0.00134366 0.000417885 -0.000494202 -0.00138246 -0.00222192 -0.00301254 -0.00374146 -0.00440161 -0.0049897 -0.00549874 -0.00593161 -0.00629056 -0.0065604 -0.00676433 -0.00691029 -0.00698326 -0.00702124 -0.00703009 -0.0070077 -0.00697884 -0.00694903 -0.0069254 -0.00691712 -0.00691594 -0.00693324 -0.00696169 -0.00696758 -0.00695531 -0.0068965 -0.00676285 -0.00653789 -0.00620733 -0.00577414 -0.00523388 -0.0046018 -0.00390465 -0.00318155 -0.00245091 -0.00175853 -0.00114859 -0.000647892 -0.000283003 -4.55194e-05 5.62743e-05 4.61069e-05 -4.19536e-05 -0.000182486 -0.00035259 -0.000531906 -0.000693898 -0.000818323 -0.000900718 -0.000958493 -0.000983288 -0.000988815 -0.00096908 -0.000930922 -0.000889624 -0.000826076 -0.000767449 -0.000697912 -0.00063053 -0.000566653 -0.000490435 -0.000434598 -0.000377933 -0.000338405 
0 -5.10855e-05 -8.18356e-05 -7.88007e-05 -7.33912e-05 -5.67648e-05 -9.8888e-06 7.41307e-05 0.00019824 0.00032699 0.000468205 0.000637509 0.000838797 0.00107386 0.00132601 0.00161041 0.00194603 0.0023347 0.00277545 0.00327093 0.00379134 0.00431275 0.00476534 0.00510423 0.00531419 0.00530594 0.00507497 0.00456744 0.00382609 0.0029149 0.00184609 0.000755338 -0.000308629 -0.0012423 -0.00199766 -0.00253863 -0.0028046 -0.00279529 -0.00253654 -0.00205066 -0.00135657 -0.000533844 0.000398949 0.00136438 0.00237108 0.00336953 0.0043311 0.00527046 0.00617297 0.00703487 0.00782978 0.00859932 0.00929072 0.00991678 0.0104545 0.0109099 0.0112496 0.0114736 0.0115541 0.0114961 0.0112749 0.0108571 0.0102964 0.00953875 0.00859783 0.0074957 0.00624113 0.0047959 0.0032493 0.00157634 -0.000184708 -0.00199979 -0.00382278 -0.00565151 -0.00742945 -0.0091189 -0.0106892 -0.012119 -0.0133666 -0.014416 -0.0152915 -0.015938 -0.0163626 -0.0165886 -0.0166147 -0.0164173 -0.0160796 -0.0155643 -0.0148815 -0.0140674 -0.0131784 -0.0121777 -0.0111214 -0.0100048 -0.00887945 -0.0077417 -0.00661567 -0.00547716 -0.00438473 -0.00329625 -0.00222569 -0.00116014 -0.000117529 0.000957406 0.00202707 0.00312257 0.00422343 0.005357 0.00650491 0.00767923 0.00880904 0.0099447 0.0110643 0.0121277 0.0130956 0.0140114 0.0148002 0.0154685 0.0160063 0.0163894 0.0165769 0.0165964 0.0164155 0.0160327 0.0154441 0.0146498 0.0136539 0.012462 0.0111135 0.0096173 0.00799671 0.00628216 0.00452455 0.00269893 0.000902503 -0.000867402 -0.00259196 -0.00423999 -0.00576273 -0.00720775 -0.00850395 -0.00965401 -0.0106622 -0.0115183 -0.0122192 -0.0127711 -0.0132011 -0.0135008 -0.013702 -0.013801 -0.0138561 -0.0138502 -0.013826 -0.0137907 -0.0137883 -0.0137883 -0.0138099 -0.0138738 -0.0139215 -0.013959 -0.0139312 -0.0138198 -0.0135652 -0.0131255 -0.0124715 -0.0116234 -0.0105431 -0.00927921 -0.00789587 -0.00642361 -0.00497588 -0.00357326 -0.00234917 -0.00135439 -0.000606334 -0.000144766 6.94777e-05 4.9592e-05 -0.000127526 -0.000404567 -0.000746213 -0.00110754 -0.00143025 -0.00168284 -0.00185385 -0.00195938 -0.00201748 -0.00201076 -0.00196813 -0.00188647 -0.0017825 -0.00166656 -0.00152764 -0.00139904 -0.00126468 -0.00113144 -0.00100375 -0.000878521 -0.000789399 -0.0007122 
0 -6.15226e-05 -7.88007e-05 -8.04006e-05 -5.17833e-05 -2.9223e-05 4.095e-05 0.000170728 0.000336617 0.00053178 0.000726717 0.000969377 0.00126011 0.00159507 0.00196885 0.00239339 0.0028982 0.00349026 0.00416706 0.00491376 0.00571674 0.00649251 0.00717855 0.00769358 0.00798345 0.00798902 0.00761468 0.00686621 0.00576444 0.00439062 0.00282908 0.00119484 -0.000368402 -0.00174692 -0.00286303 -0.0036506 -0.00402691 -0.00400908 -0.00360363 -0.00286443 -0.00184461 -0.000593444 0.000768762 0.00221336 0.00370878 0.00518068 0.00661698 0.0080087 0.00932778 0.0105811 0.0117312 0.0127912 0.0137749 0.0146169 0.0153416 0.0159483 0.0163771 0.0166281 0.0166965 0.0165498 0.0161723 0.0155586 0.0147007 0.0135866 0.0122072 0.0105913 0.00874032 0.00667577 0.00443086 0.00203324 -0.000478495 -0.00307412 -0.00569914 -0.00829126 -0.0108226 -0.0132469 -0.0154878 -0.0175525 -0.0193891 -0.020939 -0.0222065 -0.0231905 -0.0238483 -0.0242187 -0.0242956 -0.024078 -0.0235921 -0.0228669 -0.0219236 -0.0208098 -0.0195117 -0.0180684 -0.016551 -0.0149666 -0.0133064 -0.0116318 -0.00995791 -0.00828299 -0.00662473 -0.0049861 -0.00335524 -0.00174428 -0.000130334 0.00149314 0.00311349 0.00475598 0.006443 0.00812486 0.00980496 0.0115065 0.013201 0.0148487 0.0164426 0.0179465 0.019363 0.0206557 0.0217724 0.0227063 0.0234499 0.0239309 0.0241749 0.0241678 0.0238512 0.0232355 0.0223559 0.0211675 0.0197069 0.0180065 0.0160667 0.0139132 0.0116029 0.00916808 0.00664249 0.00406956 0.00150112 -0.00103803 -0.00351864 -0.00587799 -0.00810263 -0.0101663 -0.0120422 -0.0137205 -0.0151879 -0.0164517 -0.0175154 -0.0183544 -0.0190214 -0.0195347 -0.0198688 -0.0201044 -0.020261 -0.020334 -0.0203798 -0.0204139 -0.0204579 -0.0205276 -0.0206113 -0.0207334 -0.0208693 -0.0209418 -0.0209457 -0.0208069 -0.0204453 -0.0198082 -0.0188532 -0.0175835 -0.0159853 -0.0141043 -0.01202 -0.00983904 -0.00763774 -0.00554449 -0.00369501 -0.00217637 -0.00105978 -0.00033728 -1.85824e-05 -3.74227e-05 -0.000296122 -0.000714951 -0.00122443 -0.00176111 -0.00224516 -0.00261968 -0.00286915 -0.0030312 -0.00309458 -0.00308753 -0.00300682 -0.00287254 -0.00272245 -0.00252465 -0.0023359 -0.00213151 -0.00193692 -0.00175369 -0.00155226 -0.00139716 -0.00125145 -0.00115224 
0 -5.51244e-05 -7.33912e-05 -5.17833e-05 -1.9618e-05 2.5837e-05 0.000120505 0.000281885 0.000504489 0.000746735 0.00100931 0.00132474 0.00170399 0.00214938 0.00264649 0.00321711 0.00389611 0.00468848 0.00559026 0.00659235 0.00764373 0.00867925 0.00958153 0.01026 0.0106573 0.0106431 0.0101693 0.00917529 0.00772408 0.00592708 0.00385973 0.0017322 -0.000317772 -0.00211546 -0.00355738 -0.00456411 -0.00504162 -0.00498639 -0.00443986 -0.00345356 -0.0020822 -0.000447086 0.00137663 0.00327948 0.00523922 0.00717345 0.00903345 0.0108208 0.0125107 0.0140888 0.0155184 0.0168414 0.0180047 0.0190062 0.0198297 0.020481 0.0209174 0.0211367 0.0211102 0.0208352 0.020278 0.0194014 0.0182558 0.0167837 0.014996 0.0129265 0.0105893 0.00795797 0.00513908 0.00212827 -0.00101917 -0.00424969 -0.00749461 -0.0107318 -0.0138909 -0.0169123 -0.0197422 -0.0223491 -0.0246679 -0.0266603 -0.0283407 -0.02964 -0.0305472 -0.0310888 -0.0312594 -0.031037 -0.0305158 -0.0296705 -0.0285205 -0.0271218 -0.0255402 -0.0237544 -0.0218369 -0.0197936 -0.0176827 -0.0155182 -0.013331 -0.0111039 -0.00890393 -0.00669599 -0.00449625 -0.00229927 -0.000122462 0.00208597 0.00428284 0.00649716 0.00870898 0.0109343 0.0131514 0.0153677 0.0175037 0.0196008 0.0216303 0.0235356 0.025271 0.0268655 0.028225 0.029345 0.0302062 0.030762 0.0309699 0.0308554 0.0303775 0.0295393 0.0283514 0.0268136 0.0249434 0.0227644 0.0203249 0.0176452 0.0147667 0.011735 0.00861208 0.00539258 0.00219488 -0.00096731 -0.00405947 -0.00702409 -0.00980043 -0.0124233 -0.0148082 -0.0169493 -0.0188498 -0.0204998 -0.0218977 -0.023051 -0.0240001 -0.0247449 -0.0253159 -0.0257304 -0.026057 -0.0262831 -0.0264661 -0.0266284 -0.0268201 -0.027016 -0.0272362 -0.0275017 -0.0277388 -0.0279212 -0.0279719 -0.0278325 -0.0273977 -0.0265869 -0.0253488 -0.0236934 -0.0215845 -0.019098 -0.0163482 -0.0134314 -0.0105241 -0.00773058 -0.00526681 -0.00324837 -0.00173231 -0.0007681 -0.00030986 -0.000305196 -0.000621571 -0.00114654 -0.0018004 -0.00249141 -0.00311554 -0.00360651 -0.00394147 -0.00414645 -0.00424078 -0.00421863 -0.00411443 -0.00393948 -0.0037248 -0.00348202 -0.00321663 -0.00296172 -0.00270801 -0.00245871 -0.00221727 -0.00199537 -0.00182089 -0.00168031 
0 -5.14429e-05 -5.67648e-05 -2.9223e-05 2.5837e-05 9.26459e-05 0.000218735 0.000427353 0.000699355 0.00100838 0.00133932 0.0017333 0.00220397 0.00275129 0.00336994 0.00408271 0.00492707 0.00591567 0.00704386 0.00828769 0.00960075 0.0108776 0.0119995 0.0128477 0.0133257 0.0133193 0.0127232 0.011512 0.0097385 0.00752593 0.00501293 0.00240293 -9.50902e-05 -0.00229031 -0.00404609 -0.00525403 -0.00581059 -0.00571526 -0.00500179 -0.00374639 -0.00203759 1.01404e-05 0.00225444 0.00460364 0.00699435 0.00933447 0.0115765 0.0137034 0.0156843 0.0175072 0.0191394 0.0205966 0.0218701 0.0229207 0.0237562 0.0243753 0.0247339 0.0248235 0.024637 0.024153 0.0233503 0.022216 0.02076 0.0189588 0.0168133 0.014355 0.0115958 0.00855241 0.00528272 0.00181923 -0.00179009 -0.00549453 -0.00922871 -0.0129323 -0.0165564 -0.0200382 -0.0233087 -0.0263433 -0.02908 -0.0314571 -0.0334651 -0.0350691 -0.0362339 -0.0369769 -0.0372896 -0.0371643 -0.036644 -0.0357468 -0.0345019 -0.0329608 -0.0311452 -0.0290851 -0.0268516 -0.0244636 -0.0219401 -0.0193281 -0.0166545 -0.0139251 -0.0111732 -0.00840178 -0.00561661 -0.00283168 -4.6699e-05 0.00274486 0.00552035 0.00829333 0.011063 0.013798 0.0164896 0.0191453 0.0217221 0.0241982 0.0265518 0.0287395 0.0307389 0.0325236 0.0340268 0.0352313 0.0361162 0.0366246 0.036753 0.0365 0.035823 0.0347357 0.0332672 0.0314061 0.0291851 0.026644 0.0238046 0.0207012 0.0173891 0.0139157 0.0103275 0.00666638 0.00300562 -0.000619948 -0.00417069 -0.00758031 -0.0108111 -0.0138482 -0.0166455 -0.0191873 -0.0214656 -0.0234815 -0.0252301 -0.0267074 -0.0279556 -0.0289906 -0.0298144 -0.0304877 -0.0310503 -0.0315085 -0.0319171 -0.0323066 -0.0327093 -0.0331282 -0.033566 -0.0340322 -0.0344741 -0.0348113 -0.0349844 -0.0348931 -0.034417 -0.0334639 -0.0319731 -0.0299387 -0.0273521 -0.0242911 -0.0208863 -0.0172913 -0.0136723 -0.0102177 -0.0071459 -0.0046096 -0.00270524 -0.00145833 -0.000851635 -0.000793288 -0.00113844 -0.00175321 -0.00252559 -0.00334608 -0.00409315 -0.00468362 -0.00509088 -0.00534398 -0.00545138 -0.00543192 -0.00530368 -0.00509391 -0.00483936 -0.00453857 -0.00422853 -0.00391403 -0.00360854 -0.00330783 -0.00300352 -0.00273928 -0.00250932 -0.00232976 
0 -2.65698e-05 -9.8888e-06 4.095e-05 0.000120505 0.000218735 0.000378945 0.000627713 0.000945148 0.00130876 0.00170669 0.00217504 0.00273411 0.00338451 0.00412808 0.00498792 0.00600261 0.00718902 0.00854173 0.0100297 0.0115926 0.0131107 0.0144465 0.0154619 0.0160296 0.0160244 0.0153266 0.0139118 0.0118391 0.0092445 0.00630997 0.00325935 0.000344941 -0.00221706 -0.00425656 -0.00564037 -0.00626613 -0.00612072 -0.00524797 -0.00373575 -0.00169856 0.000727705 0.00337729 0.00613804 0.00891431 0.0116106 0.0141668 0.0165534 0.0187446 0.0207202 0.0224617 0.0239717 0.0252485 0.0262587 0.0270094 0.0274956 0.0276898 0.0275795 0.0271626 0.0264217 0.0253396 0.0239148 0.02215 0.0200409 0.0175899 0.0148265 0.0117627 0.00842438 0.00485204 0.00109055 -0.00281832 -0.00682019 -0.0108558 -0.0148645 -0.0187966 -0.0225862 -0.026169 -0.0295063 -0.0325397 -0.0352151 -0.0375068 -0.03938 -0.0407966 -0.0417586 -0.0422537 -0.0422809 -0.0418618 -0.0410173 -0.0397687 -0.0381648 -0.0362317 -0.0340077 -0.0315418 -0.0288674 -0.0260082 -0.0230101 -0.0198958 -0.0166866 -0.0134086 -0.0100818 -0.0067167 -0.00333811 4.8139e-05 0.00342863 0.00678491 0.0101078 0.0133927 0.0166095 0.0197483 0.022794 0.025717 0.0284894 0.0310894 0.033471 0.0356092 0.0374675 0.0390001 0.0401811 0.0409904 0.0413834 0.0413572 0.0409085 0.0400188 0.0386997 0.0369775 0.0348543 0.0323599 0.0295368 0.0264131 0.0230281 0.0194333 0.0156793 0.0118067 0.00787033 0.00392781 2.33207e-05 -0.00380546 -0.00749954 -0.0110286 -0.0143657 -0.017478 -0.0203409 -0.0229456 -0.0252893 -0.0273647 -0.0291738 -0.0307466 -0.0321019 -0.0332459 -0.0342352 -0.0351039 -0.0358756 -0.036594 -0.0372999 -0.0380168 -0.0387522 -0.0395045 -0.0402642 -0.0409763 -0.0415461 -0.0418946 -0.0419017 -0.0414348 -0.0403835 -0.0386828 -0.0363115 -0.0332818 -0.0296806 -0.0256582 -0.0214032 -0.017109 -0.0130122 -0.00934986 -0.00630904 -0.00400571 -0.00247304 -0.00169147 -0.00155237 -0.00189872 -0.0025736 -0.00344071 -0.00436697 -0.00521811 -0.00589767 -0.00637405 -0.00666779 -0.00679127 -0.00676867 -0.00661878 -0.00637667 -0.00607577 -0.00572662 -0.00536511 -0.00499819 -0.00464272 -0.00429132 -0.00394062 -0.00362935 -0.00335681 -0.00313584 
0 2.26235e-05 7.41307e-05 0.000170728 0.000281885 0.000427353 0.000627713 0.000909052 0.00126616 0.00166778 0.0021251 0.0026562 0.00329246 0.00403977 0.00490602 0.00591639 0.00710939 0.00850338 0.01009 0.0118383 0.0136529 0.015423 0.0169736 0.0181537 0.0188179 0.0188007 0.0180155 0.0164052 0.0140534 0.0111121 0.0077818 0.00433674 0.00103989 -0.00185575 -0.00414919 -0.00568569 -0.0063728 -0.00617219 -0.0051541 -0.00340943 -0.00106896 0.00167991 0.0046945 0.00780668 0.0109048 0.0138952 0.0166935 0.0192625 0.0215845 0.0236224 0.0253738 0.0268476 0.0280146 0.0288922 0.0294634 0.0297256 0.0296765 0.0293046 0.0285984 0.0275653 0.0261908 0.024468 0.0224221 0.0200443 0.0173495 0.0143618 0.0111056 0.00758624 0.00386065 -4.30355e-05 -0.00408819 -0.00821808 -0.0123754 -0.0165265 -0.0206024 -0.0245392 -0.0282975 -0.0318123 -0.0350273 -0.0379083 -0.0404218 -0.0425103 -0.0441592 -0.0453467 -0.0460589 -0.046282 -0.0460444 -0.0453423 -0.0441902 -0.0426155 -0.0406769 -0.0383879 -0.0357815 -0.0328935 -0.0297789 -0.0264541 -0.0229531 -0.0193003 -0.0155381 -0.0116811 -0.00776319 -0.0038057 0.000154452 0.00410694 0.00801999 0.0118719 0.0156276 0.0192874 0.0228228 0.0262019 0.0293841 0.03237 0.0351201 0.0375936 0.0397469 0.0415716 0.0430235 0.044079 0.0447175 0.0449344 0.0446981 0.0440226 0.0429184 0.0413891 0.0394444 0.0371244 0.0344434 0.0314332 0.0281485 0.024622 0.0208933 0.0170176 0.0130431 0.00900021 0.00495701 0.000947235 -0.00299296 -0.00682477 -0.0105024 -0.0140218 -0.0173386 -0.0204293 -0.0232928 -0.0259125 -0.0282782 -0.0304089 -0.0323131 -0.0339997 -0.0355138 -0.0368644 -0.0381059 -0.0392695 -0.0403813 -0.0414875 -0.042613 -0.0437475 -0.0449004 -0.0460419 -0.0470914 -0.0479799 -0.0485695 -0.0487423 -0.0483512 -0.0472632 -0.0454111 -0.0427626 -0.0393411 -0.0352496 -0.0306611 -0.0257738 -0.0208477 -0.0161276 -0.0118911 -0.00835627 -0.00564159 -0.00382148 -0.00284248 -0.00260446 -0.00293451 -0.00365103 -0.00459882 -0.00561479 -0.006555 -0.00731294 -0.00785127 -0.0081714 -0.00830646 -0.0082662 -0.00808972 -0.00781108 -0.00745287 -0.00706222 -0.00664093 -0.00623002 -0.00582632 -0.00542569 -0.00504854 -0.0046901 -0.00439356 -0.00413435 
0 8.46968e-05 0.00019824 0.000336617 0.000504489 0.000699355 0.000945148 0.00126616 0.00164946 0.00209643 0.00260489 0.00319747 0.00390934 0.00474893 0.00573864 0.00690794 0.00828249 0.00989366 0.0117297 0.0137328 0.0158234 0.0178313 0.0196039 0.020956 0.0216913 0.0216911 0.0207962 0.0190183 0.0164143 0.0131387 0.00947265 0.00565419 0.0020216 -0.00117311 -0.00369696 -0.00537082 -0.0061022 -0.0058696 -0.00471931 -0.00277094 -0.000199701 0.00284083 0.00612382 0.00952115 0.0128656 0.016058 0.0190231 0.0217006 0.0240586 0.0260741 0.027758 0.0290709 0.0300621 0.0306997 0.0310075 0.0309799 0.0306252 0.0299271 0.0289146 0.0275645 0.025887 0.0239182 0.0216166 0.0190333 0.0161721 0.0130469 0.00967003 0.00611427 0.00234757 -0.00155519 -0.00557638 -0.00967309 -0.0138185 -0.0179326 -0.0219879 -0.0259324 -0.0297115 -0.0332712 -0.0365795 -0.0395832 -0.0422124 -0.0444731 -0.0463211 -0.0477203 -0.0486533 -0.0491358 -0.0491016 -0.0485958 -0.0476296 -0.0462181 -0.0443372 -0.0420633 -0.0394064 -0.0364239 -0.0331073 -0.0295219 -0.0256875 -0.0216698 -0.0174588 -0.0131313 -0.00870181 -0.00422769 0.000283058 0.00474792 0.00916838 0.0134886 0.0177029 0.0217384 0.0255891 0.0292109 0.0326186 0.0357197 0.0385005 0.0409426 0.043043 0.0447196 0.0459997 0.0468497 0.0472582 0.0472183 0.0467635 0.0458637 0.0445414 0.0428147 0.0407088 0.0382445 0.0354557 0.0323881 0.0290542 0.0255082 0.0217938 0.0179573 0.0140125 0.0100519 0.00605466 0.00208407 -0.00182825 -0.00564831 -0.00937576 -0.0129306 -0.0163419 -0.0195712 -0.0225965 -0.0254248 -0.0280431 -0.0304532 -0.0326638 -0.0347058 -0.0365761 -0.0383426 -0.039999 -0.0416074 -0.0431812 -0.0447626 -0.0463487 -0.0479677 -0.0495926 -0.0511717 -0.0526634 -0.0539205 -0.0548436 -0.0552566 -0.0550096 -0.0539654 -0.0520389 -0.0491774 -0.0454444 -0.040935 -0.0358276 -0.0303917 -0.0248542 -0.0195683 -0.0147844 -0.0107565 -0.00766064 -0.00552528 -0.00435219 -0.00399304 -0.00428208 -0.00502821 -0.00602946 -0.00711545 -0.00812791 -0.00894862 -0.00953484 -0.00988129 -0.0100067 -0.00995606 -0.0097438 -0.00942367 -0.00902421 -0.00857219 -0.00811593 -0.00765071 -0.00720446 -0.00677148 -0.00635199 -0.00597925 -0.0056416 -0.00535657 
0 0.000159965 0.00032699 0.00053178 0.000746735 0.00100838 0.00130876 0.00166778 0.00209643 0.002584 0.00315782 0.00382126 0.00461618 0.00556043 0.00668867 0.00802395 0.00959777 0.0114314 0.0135075 0.0157797 0.0181092 0.0203646 0.0223399 0.0238452 0.0246835 0.0246668 0.0237138 0.0217742 0.0189414 0.0153887 0.0113892 0.00725584 0.00330931 -0.000158227 -0.00288833 -0.00468623 -0.00548392 -0.00522314 -0.0039948 -0.00190914 0.000855588 0.00407144 0.00757841 0.0111649 0.0146654 0.0179814 0.0210134 0.0236927 0.026007 0.027909 0.0294255 0.0305453 0.0312547 0.0316073 0.0315896 0.0312081 0.0305006 0.0294752 0.0281274 0.0264842 0.0245503 0.0223373 0.0198518 0.0171221 0.0141648 0.0109903 0.00762972 0.00409658 0.000417544 -0.00337576 -0.00726258 -0.0111984 -0.0151495 -0.0191072 -0.0230073 -0.0268099 -0.0304981 -0.0339937 -0.0372551 -0.0402741 -0.0429875 -0.0453499 -0.047348 -0.048931 -0.0500775 -0.0507778 -0.0510105 -0.0507644 -0.0500242 -0.0487794 -0.0470758 -0.0449219 -0.0423001 -0.0392534 -0.035842 -0.0320788 -0.0279996 -0.0236572 -0.0190942 -0.014358 -0.00950185 -0.00456789 0.000385756 0.00531264 0.0101744 0.0149068 0.0194544 0.0238102 0.0279264 0.0317316 0.0352044 0.0383365 0.041088 0.0434338 0.0453438 0.0468134 0.0478541 0.0484456 0.0485843 0.0483069 0.0475912 0.0464501 0.0449468 0.0430772 0.0408467 0.0383242 0.0355207 0.0324554 0.0291982 0.0257722 0.0221983 0.0185199 0.0147682 0.0109682 0.00715139 0.00334894 -0.00041013 -0.00411601 -0.00773923 -0.0112568 -0.0146577 -0.0179152 -0.0210291 -0.0239789 -0.0267668 -0.0294147 -0.0319098 -0.0342612 -0.0365275 -0.0386864 -0.0407788 -0.0428581 -0.0449187 -0.0470072 -0.0491271 -0.0512732 -0.0534347 -0.0555411 -0.0575006 -0.0592285 -0.0605296 -0.0612544 -0.0612367 -0.0603091 -0.0583896 -0.0554127 -0.0514436 -0.0465971 -0.041073 -0.0351287 -0.0290911 -0.0232799 -0.018007 -0.0135475 -0.0100626 -0.00765273 -0.00625292 -0.0057564 -0.00597969 -0.00670934 -0.00774057 -0.00886356 -0.00992556 -0.0107985 -0.0114301 -0.0117924 -0.011926 -0.0118534 -0.011619 -0.0112675 -0.0108177 -0.0103396 -0.00982714 -0.00933059 -0.00884163 -0.00836327 -0.00793063 -0.00751016 -0.00715526 -0.0068271 
0 0.000232498 0.000468205 0.000726717 0.00100931 0.00133932 0.00170669 0.0021251 0.00260489 0.00315782 0.00380987 0.00456116 0.00545251 0.00651223 0.0077827 0.00929978 0.0110739 0.0131366 0.0154656 0.017987 0.0205791 0.0230558 0.0252358 0.0268976 0.0278058 0.0278085 0.0267725 0.0247042 0.021674 0.0178592 0.0135861 0.00914996 0.0049164 0.001185 -0.00176238 -0.00371561 -0.00459502 -0.00437036 -0.00310223 -0.000928965 0.00193489 0.00528708 0.00890116 0.0125925 0.016159 0.0194919 0.0225013 0.0251104 0.0272833 0.0289991 0.0302891 0.0311122 0.0315193 0.0315298 0.031164 0.0304331 0.0293802 0.028013 0.0263668 0.0244422 0.0222718 0.0198987 0.0172823 0.0144838 0.0115155 0.00837323 0.00507646 0.00169144 -0.00181929 -0.00539982 -0.00903934 -0.0127088 -0.0164051 -0.0200782 -0.0237026 -0.0272595 -0.0307258 -0.0340409 -0.037194 -0.0401532 -0.0428312 -0.0452336 -0.0473292 -0.0490523 -0.0503798 -0.0513167 -0.0517702 -0.0517601 -0.0512791 -0.0503001 -0.0487849 -0.0467789 -0.0442629 -0.0412834 -0.0378382 -0.0339762 -0.029732 -0.0251872 -0.0203511 -0.0153149 -0.0101217 -0.00484244 0.000482291 0.00575217 0.0109472 0.0159852 0.020824 0.0253853 0.0296375 0.0335186 0.0370375 0.0401084 0.0427187 0.0448779 0.0465899 0.0478006 0.0485724 0.0488876 0.0487489 0.0481983 0.0472692 0.0459411 0.0442765 0.0422966 0.0400192 0.037497 0.0347591 0.0318298 0.0287319 0.0255061 0.0221703 0.0187541 0.0152647 0.0117649 0.0082156 0.00466791 0.00114902 -0.00233949 -0.00579638 -0.00914918 -0.0124444 -0.0156543 -0.0187588 -0.0217668 -0.0246748 -0.0274889 -0.0302014 -0.0328371 -0.0354153 -0.0379631 -0.0404725 -0.0430139 -0.0455799 -0.0481965 -0.050857 -0.053577 -0.0563123 -0.0589764 -0.0614993 -0.0637283 -0.0654952 -0.0665981 -0.0668656 -0.0661332 -0.064291 -0.061274 -0.0571678 -0.0520852 -0.0462301 -0.0399101 -0.0334349 -0.0272002 -0.0215015 -0.016638 -0.0128232 -0.0101195 -0.00851291 -0.00786334 -0.00799879 -0.00870504 -0.00973367 -0.0108797 -0.0119744 -0.0128877 -0.0135572 -0.0139436 -0.0140778 -0.0140023 -0.0137485 -0.0133696 -0.0128948 -0.0123773 -0.0118401 -0.0113 -0.0107716 -0.0102615 -0.00978864 -0.00934796 -0.00894694 -0.00858201 
0 0.000323042 0.000637509 0.000969377 0.00132474 0.0017333 0.00217504 0.0026562 0.00319747 0.00382126 0.00456116 0.00541287 0.00641431 0.00760697 0.00904515 0.0107603 0.0127619 0.0150679 0.0176506 0.0204321 0.0232633 0.0259638 0.028331 0.0301315 0.0311221 0.0311234 0.030031 0.0278373 0.0246231 0.0205786 0.0160323 0.0113163 0.00679703 0.00279712 -0.000381854 -0.00251867 -0.0035375 -0.00340036 -0.00217879 -1.31407e-05 0.00287397 0.00624999 0.00990074 0.0136061 0.0171557 0.0204294 0.0233324 0.0257822 0.02775 0.0292186 0.0302255 0.0307486 0.0308221 0.0304967 0.0297895 0.0287209 0.0273454 0.0256931 0.0237865 0.0216473 0.0193104 0.0168104 0.0141273 0.0113174 0.00839692 0.00536113 0.00223056 -0.000957926 -0.00422094 -0.0075259 -0.0108594 -0.0141972 -0.0175367 -0.0208639 -0.0241466 -0.0273796 -0.030553 -0.0336119 -0.036544 -0.0393438 -0.0419363 -0.0443075 -0.0464274 -0.0482308 -0.049686 -0.050785 -0.051453 -0.0516787 -0.0514294 -0.050669 -0.0493833 -0.0475828 -0.045227 -0.0423454 -0.0389617 -0.0351078 -0.0308172 -0.0261625 -0.0211826 -0.0159611 -0.0105598 -0.00505178 0.000499354 0.00600464 0.0114141 0.0166349 0.0216068 0.026273 0.030579 0.0344485 0.0378768 0.0408224 0.0432695 0.0452199 0.0466754 0.0476233 0.0481241 0.0481734 0.0477875 0.0470186 0.0458899 0.0444078 0.0426538 0.0406421 0.0383881 0.0359514 0.0333546 0.0306075 0.0277526 0.0248105 0.0217851 0.0186956 0.0155534 0.0123883 0.00918351 0.00597196 0.0027728 -0.000425001 -0.00361846 -0.00676057 -0.00988353 -0.0129695 -0.0160049 -0.0189894 -0.0219348 -0.0248476 -0.0277176 -0.0305643 -0.033423 -0.0362912 -0.0391791 -0.0421495 -0.0451937 -0.0483307 -0.0515524 -0.0548586 -0.0581946 -0.0614586 -0.0645533 -0.0673335 -0.0695889 -0.0711155 -0.0717301 -0.0712528 -0.0695654 -0.0665999 -0.0624427 -0.0572185 -0.0511419 -0.0445291 -0.0377374 -0.0311594 -0.0251217 -0.019936 -0.0158234 -0.0128757 -0.0110616 -0.0102628 -0.0103056 -0.0109661 -0.0119877 -0.0131446 -0.0142701 -0.0152286 -0.0159426 -0.0163621 -0.016514 -0.0164386 -0.0161767 -0.0157763 -0.0152729 -0.0147301 -0.0141593 -0.0135859 -0.0130189 -0.0124731 -0.0119741 -0.0114998 -0.0110646 -0.0106571 
0 0.000428819 0.000838797 0.00126011 0.00170399 0.00220397 0.00273411 0.00329246 0.00390934 0.00461618 0.00545251 0.00641431 0.0075372 0.00887658 0.0104959 0.0124251 0.0146726 0.0172401 0.0200925 0.0231461 0.026225 0.0291519 0.0316995 0.033623 0.0346771 0.0346561 0.0334894 0.0311565 0.0277529 0.0234828 0.0186654 0.0136709 0.00885723 0.00457185 0.00112933 -0.00123973 -0.0024541 -0.00247311 -0.00137376 0.000698334 0.00351883 0.0068253 0.0104162 0.0140401 0.017489 0.0206297 0.0233642 0.025608 0.0273319 0.0285263 0.0292242 0.0294345 0.0291759 0.0285305 0.027515 0.0261606 0.0245214 0.0226451 0.0205423 0.0182524 0.0158162 0.0132566 0.0105798 0.00782258 0.00500868 0.0021302 -0.000783947 -0.00372391 -0.00668033 -0.00965301 -0.0126262 -0.0155911 -0.0185408 -0.0214824 -0.024379 -0.0272373 -0.0300584 -0.032803 -0.0354594 -0.0380271 -0.0404502 -0.0427026 -0.0447658 -0.0465756 -0.0480969 -0.0492934 -0.0501092 -0.0505066 -0.0504547 -0.0498978 -0.0488267 -0.0472214 -0.0450575 -0.0423387 -0.0390974 -0.0353426 -0.0311214 -0.0264877 -0.0215058 -0.0162405 -0.0107767 -0.00518378 0.000444747 0.00603219 0.0114984 0.016761 0.0217337 0.0263704 0.0306003 0.034369 0.0376484 0.0404208 0.0426621 0.0443887 0.045599 0.0463132 0.0465716 0.0463926 0.0458023 0.04487 0.0436137 0.0420626 0.0402908 0.0383159 0.0361556 0.0338709 0.0314791 0.0289767 0.0264102 0.023785 0.0211033 0.0183757 0.0156236 0.0128392 0.0100262 0.0071911 0.00435014 0.00148182 -0.00139998 -0.0042814 -0.00717415 -0.0100784 -0.0129849 -0.015886 -0.0188023 -0.0217375 -0.0246843 -0.0276604 -0.0307187 -0.0338359 -0.0370466 -0.0403943 -0.0438763 -0.0474967 -0.0512504 -0.0551182 -0.0590378 -0.0628984 -0.0665729 -0.0699206 -0.0726915 -0.0746801 -0.075686 -0.0755197 -0.0740512 -0.0712187 -0.0670998 -0.0618318 -0.0556397 -0.0488393 -0.0418339 -0.0350028 -0.0287074 -0.0232671 -0.0189093 -0.0157571 -0.0137653 -0.0128417 -0.0128109 -0.0134398 -0.0144661 -0.0156457 -0.0168109 -0.0178235 -0.0185901 -0.0190536 -0.019236 -0.0191706 -0.0189105 -0.0184979 -0.0179752 -0.0174132 -0.0168138 -0.0162114 -0.0156095 -0.0150325 -0.0145099 -0.0140052 -0.0135385 -0.013092 
0 0.00054662 0.00107386 0.00159507 0.00214938 0.00275129 0.00338451 0.00403977 0.00474893 0.00556043 0.00651223 0.00760697 0.00887658 0.0103914 0.0122078 0.0143781 0.0168832 0.0197226 0.0228566 0.0261623 0.0294969 0.0326201 0.0353297 0.0373559 0.0384268 0.038381 0.0370975 0.0346129 0.0310055 0.0264854 0.0213956 0.0160971 0.0109713 0.00637744 0.00263937 -1.66577e-05 -0.00146994 -0.00173014 -0.000830002 0.00105976 0.00369755 0.00686025 0.0102816 0.0137452 0.017025 0.0199716 0.0224888 0.0245063 0.0259621 0.0268854 0.0272988 0.0272023 0.0266682 0.025737 0.0244627 0.0228824 0.0210521 0.0190073 0.0167998 0.0144352 0.0119665 0.00943143 0.00681957 0.00417192 0.0015186 -0.00114935 -0.00382626 -0.00646379 -0.00909645 -0.011712 -0.0142999 -0.0168599 -0.0194185 -0.0219407 -0.0244335 -0.0269058 -0.0293457 -0.03173 -0.034075 -0.0363561 -0.0385272 -0.0405891 -0.0425125 -0.0442353 -0.0457221 -0.046947 -0.0478212 -0.0483099 -0.0483852 -0.0480031 -0.0470986 -0.0456712 -0.0437053 -0.041206 -0.0381587 -0.0345977 -0.0305549 -0.0260912 -0.0212443 -0.0161027 -0.0107371 -0.00524174 0.000305349 0.00579199 0.0111465 0.0162781 0.0211215 0.0255856 0.0296246 0.0331987 0.0362929 0.0388469 0.0408672 0.0423771 0.043389 0.0438979 0.0439701 0.0436347 0.0429231 0.0418948 0.0406085 0.0390812 0.0373628 0.0355011 0.0335127 0.0314274 0.0292748 0.0270685 0.0248033 0.0225151 0.0201991 0.0178545 0.0154855 0.0131131 0.0106912 0.00824547 0.00577823 0.00326551 0.000703244 -0.00187443 -0.00450533 -0.00718999 -0.00989995 -0.0126625 -0.0154828 -0.0183637 -0.0213114 -0.0243617 -0.0275222 -0.0308324 -0.034287 -0.0379335 -0.0417884 -0.0458262 -0.0500472 -0.0544317 -0.0588891 -0.0632996 -0.0675491 -0.0714239 -0.0747206 -0.0771805 -0.0785968 -0.0787909 -0.0775923 -0.0749631 -0.0709654 -0.0657419 -0.0595209 -0.0526509 -0.0455148 -0.0385428 -0.0320831 -0.0264642 -0.0219538 -0.0186324 -0.0165223 -0.0155008 -0.015415 -0.0160372 -0.0170718 -0.0182973 -0.0195156 -0.0205989 -0.0214371 -0.0219694 -0.0222044 -0.0221792 -0.0219398 -0.0215328 -0.0210172 -0.0204392 -0.019836 -0.019207 -0.0185809 -0.0179873 -0.0174309 -0.0169135 -0.0164023 -0.0159235 
0 0.000674233 0.00132601 0.00196885 0.00264649 0.00336994 0.00412808 0.00490602 0.00573864 0.00668867 0.0077827 0.00904515 0.0104959 0.0122078 0.0142615 0.0166747 0.0194605 0.0225746 0.0259678 0.0295339 0.0330646 0.0363745 0.0391944 0.0412644 0.0423378 0.0421922 0.0407889 0.0381086 0.0342676 0.0294925 0.0240887 0.0184693 0.0129989 0.00805802 0.00397789 0.000995518 -0.00078531 -0.0013319 -0.000722576 0.000888305 0.00328582 0.00618883 0.00938943 0.0126196 0.0156737 0.0183932 0.0206777 0.0224396 0.0236562 0.0243315 0.0244793 0.0241643 0.0233894 0.022252 0.0207908 0.0190521 0.0170886 0.0149762 0.0127121 0.010358 0.00794897 0.00548293 0.00300962 0.000533288 -0.00192169 -0.00435049 -0.00672508 -0.00907808 -0.0113656 -0.0136222 -0.0158316 -0.0180089 -0.0201377 -0.0222588 -0.0243519 -0.0264232 -0.0284747 -0.0305046 -0.0324854 -0.0344228 -0.0363175 -0.0381186 -0.0398085 -0.0413552 -0.0427185 -0.0438297 -0.0446802 -0.0451932 -0.0453179 -0.044992 -0.0442302 -0.0429766 -0.0412164 -0.038917 -0.0361313 -0.0328452 -0.0291006 -0.0249113 -0.0203686 -0.0155091 -0.010438 -0.00521787 2.86441e-05 0.00524531 0.0103092 0.0151514 0.019676 0.023867 0.0276359 0.0309486 0.0337551 0.0360896 0.0379168 0.0392414 0.0400621 0.040453 0.0404178 0.0400106 0.0392808 0.0382842 0.0370363 0.0356113 0.0340507 0.03237 0.0305977 0.0287673 0.0268911 0.0249688 0.0230448 0.0211033 0.0191488 0.0171738 0.0152025 0.0131832 0.011155 0.0090862 0.00697706 0.00480912 0.00259828 0.000307855 -0.00203087 -0.00444392 -0.00693761 -0.0094957 -0.0121601 -0.0149359 -0.0178292 -0.0208644 -0.0240932 -0.027488 -0.031116 -0.0349823 -0.0391078 -0.0434839 -0.0481001 -0.0529126 -0.05784 -0.0627575 -0.0674954 -0.0718895 -0.0756571 -0.0785761 -0.0804132 -0.0809629 -0.0800757 -0.0776976 -0.0738789 -0.0687756 -0.0626278 -0.0557621 -0.0486267 -0.0415939 -0.0350701 -0.0293808 -0.0247598 -0.0213651 -0.0191581 -0.0180837 -0.0179778 -0.018595 -0.0196805 -0.020963 -0.0222692 -0.0234547 -0.0243944 -0.0250345 -0.0253636 -0.0254141 -0.0252361 -0.0248703 -0.0243832 -0.0238273 -0.0232231 -0.0225942 -0.0219551 -0.0213452 -0.0207796 -0.020232 -0.0196994 -0.0191853 
0 0.000814222 0.00161041 0.00239339 0.00321711 0.00408271 0.00498792 0.00591639 0.00690794 0.00802395 0.00929978 0.0107603 0.0124251 0.0143781 0.0166747 0.0193642 0.0224206 0.0258046 0.0294573 0.0332238 0.036948 0.0403689 0.0432515 0.0453178 0.0462992 0.0460374 0.0444315 0.0415237 0.0374163 0.0323374 0.0266095 0.0206287 0.0147763 0.00944819 0.00497496 0.00158137 -0.000569658 -0.00150466 -0.00124464 3.10225e-05 0.00209649 0.00472396 0.0076326 0.0105982 0.0134056 0.0158866 0.017932 0.0194861 0.0204812 0.0209612 0.0209244 0.0204175 0.019504 0.0182281 0.0166604 0.0148522 0.0128607 0.0107225 0.00849924 0.00620859 0.00389713 0.00158275 -0.00070125 -0.00296379 -0.00517102 -0.00732612 -0.0094309 -0.0114613 -0.0134256 -0.0153361 -0.0171807 -0.0189771 -0.0207511 -0.0224719 -0.0241727 -0.0258552 -0.027513 -0.0291515 -0.0307867 -0.0323756 -0.0339202 -0.0353979 -0.0367947 -0.0380722 -0.0392031 -0.0401387 -0.040836 -0.0412326 -0.0413146 -0.0410398 -0.0403464 -0.0392014 -0.0376213 -0.0355884 -0.0330891 -0.0301319 -0.0267546 -0.0229897 -0.0188827 -0.0144904 -0.00989004 -0.00515788 -0.000386144 0.00433651 0.00892662 0.01332 0.0174398 0.0212133 0.0245967 0.0275858 0.0301364 0.0322131 0.0338225 0.0349951 0.0357339 0.0360676 0.0360237 0.035659 0.0350077 0.0341205 0.0330456 0.0318265 0.0304626 0.0290205 0.0275198 0.0259684 0.0243921 0.0228164 0.0212078 0.0196029 0.0179976 0.0163768 0.0147455 0.0130984 0.0114076 0.00967885 0.00790476 0.00606808 0.00417698 0.00221303 0.00017474 -0.00196358 -0.00419002 -0.00653871 -0.00901163 -0.0116282 -0.0144057 -0.0173847 -0.0205685 -0.0240094 -0.0277222 -0.0317202 -0.0360484 -0.0406668 -0.0455821 -0.0507442 -0.0560556 -0.0613857 -0.0665798 -0.0713901 -0.0756006 -0.0789276 -0.0811334 -0.0820362 -0.081443 -0.0793384 -0.0757446 -0.0708217 -0.0648139 -0.0580663 -0.05099 -0.0440064 -0.0374975 -0.0317941 -0.0271641 -0.023712 -0.0214869 -0.020391 -0.0202908 -0.0209564 -0.0221012 -0.0234981 -0.0249265 -0.0262584 -0.0273563 -0.028154 -0.0286327 -0.0288143 -0.0287441 -0.0284635 -0.0280502 -0.0275354 -0.0269692 -0.0263517 -0.025721 -0.0251192 -0.0245404 -0.0239952 -0.0234385 -0.0229114 
0 0.000978407 0.00194603 0.0028982 0.00389611 0.00492707 0.00600261 0.00710939 0.00828249 0.00959777 0.0110739 0.0127619 0.0146726 0.0168832 0.0194605 0.0224206 0.0257632 0.0294099 0.0332841 0.0372353 0.0410679 0.0445537 0.0474162 0.0493902 0.0502292 0.0497573 0.0479125 0.0447142 0.0402886 0.0348719 0.0287698 0.0223876 0.0161154 0.0103531 0.0054357 0.00159687 -0.00100844 -0.00236775 -0.00253059 -0.00165855 4.67828e-05 0.00233809 0.00495467 0.00765547 0.0102298 0.0125033 0.0143602 0.0157261 0.0165702 0.0169118 0.0167469 0.0161574 0.0151745 0.0138555 0.01227 0.0104694 0.00850921 0.00644713 0.00431383 0.00216179 1.84934e-05 -0.00211918 -0.00418953 -0.00621074 -0.00816703 -0.0100443 -0.0118386 -0.013575 -0.0152299 -0.0168233 -0.0183457 -0.019817 -0.0212266 -0.0225883 -0.0239298 -0.025241 -0.0265194 -0.0277912 -0.0290351 -0.030232 -0.0314175 -0.0325403 -0.0335749 -0.0345134 -0.0353256 -0.0359538 -0.0364102 -0.0366333 -0.0365835 -0.036221 -0.0355455 -0.0345115 -0.0331085 -0.0313009 -0.0291179 -0.0265544 -0.0236408 -0.0203861 -0.0168538 -0.0130788 -0.0091399 -0.00508212 -0.00099341 0.00307595 0.00703254 0.0108223 0.0143746 0.0176646 0.0206222 0.0232246 0.0254336 0.0272745 0.0287283 0.0297955 0.0304844 0.0308581 0.0309066 0.0306841 0.0302312 0.0295669 0.0287173 0.0277586 0.0266865 0.0255378 0.024348 0.0231156 0.0218559 0.0205962 0.0193291 0.0180534 0.0167739 0.0154734 0.0141594 0.0128058 0.0114349 0.0100235 0.00855829 0.00703746 0.00546261 0.00378403 0.00203705 0.000186912 -0.00178514 -0.00388253 -0.00613383 -0.00856306 -0.0111882 -0.0140468 -0.0171587 -0.0205529 -0.024283 -0.0283429 -0.0327781 -0.0375754 -0.0427162 -0.0481417 -0.053756 -0.05942 -0.0649479 -0.0701092 -0.0746548 -0.0783192 -0.0808489 -0.0820438 -0.081739 -0.0798967 -0.076537 -0.0718234 -0.0660051 -0.0594188 -0.0524874 -0.04561 -0.0391906 -0.0335564 -0.0289505 -0.0255224 -0.0233001 -0.0222282 -0.0221731 -0.0229011 -0.0241654 -0.0257072 -0.0273217 -0.0288593 -0.0301741 -0.031204 -0.0318954 -0.0322721 -0.0323694 -0.0322297 -0.0319356 -0.0315121 -0.031014 -0.0304492 -0.0298583 -0.0292856 -0.0287273 -0.0281915 -0.0276435 -0.0271192 
0 0.0011695 0.0023347 0.00349026 0.00468848 0.00591567 0.00718902 0.00850338 0.00989366 0.0114314 0.0131366 0.0150679 0.0172401 0.0197226 0.0225746 0.0258046 0.0294099 0.0332934 0.0373562 0.0414367 0.0453307 0.0488074 0.0515781 0.0533816 0.0539853 0.053228 0.0510569 0.0474968 0.0426918 0.0368823 0.0303701 0.0235532 0.0168278 0.0106006 0.00520325 0.000874492 -0.00221728 -0.00404395 -0.00465444 -0.00420232 -0.0028764 -0.000917699 0.00140686 0.00385511 0.00622263 0.00832952 0.0100493 0.0113056 0.0120703 0.012352 0.0121427 0.0115299 0.0105516 0.00926267 0.00773423 0.00602512 0.00418634 0.00226271 0.000288985 -0.00167982 -0.00362475 -0.00554486 -0.00737467 -0.00914123 -0.0108352 -0.0124423 -0.0139597 -0.0154111 -0.0167748 -0.0180677 -0.0192848 -0.0204532 -0.0215573 -0.0225989 -0.0236076 -0.0245685 -0.0254783 -0.0263744 -0.0272403 -0.0280469 -0.0288292 -0.0295421 -0.0301687 -0.0307082 -0.0311395 -0.0314107 -0.0315376 -0.0314764 -0.0312185 -0.030737 -0.0300214 -0.029028 -0.0277662 -0.0262098 -0.0243726 -0.0222391 -0.0198466 -0.0172078 -0.0143697 -0.0113525 -0.00821825 -0.00499019 -0.00173797 0.00150615 0.00468113 0.00775254 0.0106492 0.0133464 0.0157936 0.0179843 0.0198749 0.0214762 0.0227773 0.0237934 0.024526 0.0250168 0.0252424 0.0252484 0.0250625 0.024697 0.0241731 0.0235516 0.0228123 0.0219998 0.0211524 0.02026 0.0193362 0.018408 0.017452 0.0164718 0.0154837 0.0144702 0.0134376 0.0123663 0.0112735 0.0101349 0.00894086 0.00769563 0.00639911 0.00499526 0.00351873 0.00193436 0.000213055 -0.0016471 -0.00366731 -0.0058809 -0.00831509 -0.0110075 -0.0139859 -0.0172928 -0.0209832 -0.0250461 -0.0295286 -0.0344226 -0.0397003 -0.0452957 -0.0511133 -0.0570102 -0.0627838 -0.0681944 -0.0729929 -0.0769089 -0.0796804 -0.0811082 -0.0810376 -0.0794273 -0.0762918 -0.071793 -0.0661861 -0.059799 -0.0530439 -0.0463192 -0.04003 -0.0345014 -0.0299693 -0.0265966 -0.0244275 -0.0234197 -0.023446 -0.0242834 -0.0257006 -0.027439 -0.0292881 -0.0310858 -0.0326824 -0.0340071 -0.0349864 -0.03563 -0.0359673 -0.0360414 -0.0359307 -0.0356591 -0.0352825 -0.0348187 -0.0343119 -0.0338057 -0.0333 -0.0328062 -0.032299 -0.0318104 
0 0.00138758 0.00277545 0.00416706 0.00559026 0.00704386 0.00854173 0.01009 0.0117297 0.0135075 0.0154656 0.0176506 0.0200925 0.0228566 0.0259678 0.0294573 0.0332841 0.0373562 0.0415526 0.045678 0.0495608 0.0529281 0.0555185 0.0570666 0.0573431 0.0562376 0.0536677 0.0496939 0.0444614 0.038212 0.0312562 0.023973 0.0167679 0.0100563 0.0041685 -0.00066529 -0.00424117 -0.00654964 -0.00761117 -0.00757919 -0.00664134 -0.00499882 -0.00294908 -0.000715638 0.00149299 0.00349397 0.00513627 0.00636122 0.00711476 0.00741371 0.00725346 0.00669403 0.00581155 0.00463026 0.00322769 0.0016666 9.83456e-06 -0.00173362 -0.00348841 -0.00522911 -0.00694274 -0.0086166 -0.0102029 -0.0117237 -0.013166 -0.0145114 -0.015777 -0.0169527 -0.018056 -0.0190785 -0.0200254 -0.0209064 -0.0217344 -0.0224736 -0.0231772 -0.0238204 -0.0243966 -0.0249226 -0.0254061 -0.0258082 -0.0261596 -0.0264362 -0.0266238 -0.0267173 -0.0267065 -0.026575 -0.026326 -0.0259396 -0.0254147 -0.0247562 -0.0239416 -0.0229609 -0.0218154 -0.0205059 -0.0190198 -0.0173645 -0.0155561 -0.0136197 -0.0115581 -0.00940465 -0.00718087 -0.00490442 -0.00259449 -0.000290895 0.0019947 0.0042303 0.00638465 0.00841854 0.0103147 0.0120559 0.0136247 0.0150025 0.0161977 0.0172098 0.018038 0.0186871 0.0191542 0.0194596 0.0196081 0.0195991 0.0194612 0.0192271 0.0188702 0.0184459 0.0179692 0.0174241 0.0168271 0.0162213 0.0155528 0.0148589 0.0141418 0.013391 0.0125976 0.0117842 0.0109267 0.010031 0.00907789 0.00807235 0.00700452 0.0058426 0.00459783 0.0032511 0.00177902 0.000148133 -0.00163488 -0.00362813 -0.00586403 -0.00838297 -0.0111962 -0.0143931 -0.0179898 -0.0219999 -0.0264726 -0.0313914 -0.0367336 -0.04242 -0.0483523 -0.0543801 -0.0603035 -0.0658474 -0.0708047 -0.0748735 -0.0777962 -0.079387 -0.0794787 -0.0780455 -0.0750886 -0.0707733 -0.0653598 -0.0591783 -0.0526082 -0.0460726 -0.0399507 -0.0345627 -0.0301547 -0.0268608 -0.0247847 -0.0238625 -0.0239879 -0.0249658 -0.0265532 -0.0285297 -0.0306517 -0.0327608 -0.034704 -0.0363846 -0.0377278 -0.0387115 -0.0393661 -0.0397333 -0.0398804 -0.0398343 -0.0396508 -0.0393553 -0.0389965 -0.0386124 -0.0382052 -0.0377988 -0.0373713 -0.0369574 
