0 0 0 0 0 0 0 0 0 0 0 0 0 0 0 0 0 0 0 0 0 0 0 0 0 0 0 0 0 0 0 0 0 0 0 0 0 0 0 0 0 0 0 0 0 0 0 0 0 0 0 0 0 0 0 0 0 0 0 0 0 0 0 0 0 0 0 0 0 0 0 0 0 0 0 0 0 0 0 0 0 0 0 0 0 0 0 0 0 0 0 0 0 0 0 0 0 0 0 0 0 0 0 0 0 0 0 0 0 0 0 0 0 0 0 0 0 0 0 0 0 0 0 0 0 0 0 0 0 0 0 0 0 0 0 0 0 0 0 0 0 0 0 0 0 0 0 0 0 0 0 0 0 0 0 0 0 0 0 0 0 0 0 0 0 0 0 0 0 0 0 0 0 0 0 0 0 0 0 0 0 0 0 0 0 0 0 0 0 0 0 0 0 0 0 0 0 0 0 0 
0 -1.91227e-05 -4.99299e-05 -7.34663e-05 -9.42326e-05 -9.71029e-05 -9.24907e-05 -8.7069e-05 -6.35839e-05 -3.22381e-05 1.81551e-05 7.38865e-05 0.000134544 0.000210664 0.000290121 0.000385325 0.00049222 0.000619851 0.000767521 0.000930407 0.00111679 0.0013378 0.00158769 0.00184476 0.00209662 0.00231312 0.00249454 0.00258961 0.00258279 0.00246705 0.00221393 0.00185552 0.00137819 0.000845818 0.000290936 -0.000262117 -0.000760004 -0.00117884 -0.00148682 -0.00167742 -0.00174095 -0.00168207 -0.00149919 -0.00124141 -0.000901363 -0.000508379 -9.0152e-05 0.000347019 0.000782462 0.00122223 0.0016415 0.00205388 0.00244936 0.00284356 0.00321532 0.00358301 0.00394423 0.00428993 0.00461399 0.00492735 0.00521319 0.00544995 0.00565867 0.00579862 0.00587061 0.00586406 0.0057757 0.00558625 0.00531587 0.00493785 0.00447246 0.00390905 0.0032548 0.00252068 0.00171735 0.000848084 -6.36181e-05 -0.00100757 -0.00196924 -0.00291588 -0.00383518 -0.00469505 -0.00548712 -0.00619073 -0.00679361 -0.0072738 -0.00764405 -0.00787612 -0.00798767 -0.00798038 -0.00785939 -0.00760372 -0.00724837 -0.00679396 -0.00625447 -0.00561648 -0.00491223 -0.00414368 -0.00333272 -0.00247261 -0.00159031 -0.000680874 0.000225065 0.00113067 0.00201886 0.00289675 0.00372844 0.00451384 0.00523994 0.00591984 0.00651386 0.00702282 0.0074381 0.00776574 0.00797755 0.00808559 0.00806841 0.00793341 0.00767016 0.00729071 0.0067943 0.00619313 0.00548243 0.00469664 0.00384558 0.00293959 0.00201214 0.00107435 0.000133214 -0.000784716 -0.0016616 -0.00250198 -0.0032712 -0.00398162 -0.00461194 -0.00516572 -0.00563201 -0.00601611 -0.00629933 -0.00651363 -0.00663851 -0.00669273 -0.00669201 -0.00664203 -0.00654695 -0.00642787 -0.00630109 -0.00615752 -0.00602692 -0.00591082 -0.00582012 -0.00574448 -0.00571049 -0.00569477 -0.00570938 -0.00573124 -0.00575494 -0.00577157 -0.00573191 -0.00563569 -0.00545719 -0.00517622 -0.00478176 -0.00429298 -0.00370716 -0.00306549 -0.00237497 -0.00168889 -0.00105484 -0.000479214 -2.74672e-05 0.000302123 0.000486058 0.000546615 0.000510141 0.000385578 0.000211928 1.6004e-05 -0.000174592 -0.000348282 -0.000484497 -0.000580503 -0.000628548 -0.000653509 -0.000661707 -0.000644876 -0.000615594 -0.000566918 -0.000529321 -0.000494895 -0.000460617 -0.000434341 -0.00040661 -0.000397836 -0.000392103 -0.000390108 -0.000393104 -0.000389962 -0.000394871 -0.000390983 
0 -4.99299e-05 -9.88628e-05 -0.000166136 -0.000189833 -0.000205574 -0.000194967 -0.000171536 -0.000138 -5.39139e-05 3.90373e-05 0.000161727 0.000294617 0.000442671 0.000618469 0.00080048 0.00101652 0.00126541 0.00154797 0.00186559 0.00222849 0.00265774 0.00315203 0.00366319 0.00415836 0.00460849 0.00495975 0.00516753 0.00516044 0.00492388 0.00444377 0.00371034 0.0027769 0.00171281 0.00060135 -0.00049041 -0.00148925 -0.00232246 -0.00293206 -0.0033093 -0.00343618 -0.00329332 -0.00293795 -0.00239684 -0.00171254 -0.000934735 -8.74806e-05 0.000767433 0.00163072 0.00250259 0.00333621 0.00414681 0.00495413 0.00571764 0.00646034 0.00718532 0.00787761 0.0085536 0.00918184 0.00977223 0.010309 0.0107572 0.0111091 0.0113669 0.0114771 0.0114426 0.0112559 0.0108889 0.0103267 0.00958479 0.00866593 0.00754752 0.00626977 0.00484506 0.00326215 0.00155603 -0.000207803 -0.00205463 -0.00391328 -0.00573412 -0.00751023 -0.00920681 -0.010735 -0.0121076 -0.0132865 -0.0142383 -0.0149544 -0.0154485 -0.0156845 -0.0156678 -0.0154127 -0.0149502 -0.0142682 -0.0133733 -0.0122913 -0.0110586 -0.00968018 -0.00817383 -0.00655763 -0.0048667 -0.00312213 -0.00134309 0.000457361 0.00225192 0.00401552 0.00571625 0.00735452 0.00891442 0.0103618 0.0116599 0.012817 0.0138227 0.0146503 0.0152586 0.0156678 0.0158588 0.0158077 0.0155203 0.0150204 0.0142547 0.0132688 0.0120939 0.010727 0.00919047 0.00755687 0.00580527 0.00399068 0.00216411 0.000345727 -0.00144851 -0.00316109 -0.00478709 -0.00631217 -0.00770478 -0.00893793 -0.0100231 -0.0109509 -0.0116885 -0.0122789 -0.0127174 -0.0129897 -0.0131316 -0.0131676 -0.0130845 -0.0129382 -0.0127331 -0.0124978 -0.0122583 -0.0120098 -0.0117987 -0.0116324 -0.0114946 -0.0114257 -0.0114249 -0.0114506 -0.0115145 -0.0115783 -0.011601 -0.0115371 -0.0113322 -0.0109689 -0.0104016 -0.00960982 -0.00861833 -0.00745965 -0.00616108 -0.00478633 -0.0034237 -0.00214093 -0.00101751 -0.000103871 0.000539805 0.000900772 0.00102754 0.00094676 0.000709589 0.000371814 -7.93113e-06 -0.000376209 -0.000706151 -0.00097737 -0.00115233 -0.0012535 -0.00130346 -0.00131264 -0.0012993 -0.00122815 -0.00115315 -0.00107819 -0.00100895 -0.000959632 -0.000888717 -0.000853554 -0.000821864 -0.0008085 -0.00081095 -0.000794177 -0.000803997 -0.000791275 -0.000788769 
0 -7.34663e-05 -0.000166136 -0.0002425 -0.00029843 -0.000305305 -0.000285285 -0.000254326 -0.000176864 -6.58617e-05 9.50511e-05 0.00027781 0.000476321 0.000710507 0.000956638 0.00123598 0.00154705 0.00191078 0.00233017 0.00279952 0.00334157 0.00398665 0.00471897 0.00548011 0.00622714 0.00688247 0.0074242 0.00772307 0.00772065 0.00738653 0.00665502 0.0055902 0.00418525 0.00260135 0.000944764 -0.000697127 -0.00217869 -0.00341459 -0.00431558 -0.00485667 -0.00501354 -0.00479805 -0.00422625 -0.00341823 -0.00238271 -0.00119999 5.48194e-05 0.00135014 0.00263949 0.00393007 0.00516471 0.00637193 0.00753379 0.00867603 0.00975508 0.0108046 0.0118156 0.0127653 0.0136343 0.0144454 0.015161 0.0157332 0.0162057 0.0164969 0.016601 0.0164961 0.0161724 0.0155837 0.0147648 0.0136609 0.0123106 0.0106905 0.00882347 0.00673981 0.00446798 0.00202864 -0.000514874 -0.00313632 -0.00579139 -0.00840224 -0.0109378 -0.0133238 -0.0155287 -0.0175053 -0.0192164 -0.0206044 -0.0216852 -0.0223947 -0.0227589 -0.0227786 -0.0224644 -0.0217771 -0.0207895 -0.0195102 -0.0179753 -0.0161648 -0.0141508 -0.0119467 -0.00960473 -0.00712213 -0.00456427 -0.0019326 0.000698711 0.00332337 0.00589678 0.00842089 0.0108139 0.0130682 0.0151494 0.0170732 0.0187532 0.0201837 0.0213392 0.0222232 0.0227773 0.0230226 0.0229147 0.0224732 0.0216856 0.0205784 0.0191615 0.017469 0.0154962 0.0133202 0.0109723 0.00847542 0.00590744 0.00330239 0.000683194 -0.00188538 -0.00435114 -0.00671343 -0.00889312 -0.0109049 -0.0127 -0.0142855 -0.0156388 -0.016768 -0.0176428 -0.0183298 -0.0187864 -0.0190555 -0.0191734 -0.0191488 -0.018997 -0.0187658 -0.0184942 -0.0181725 -0.0178689 -0.0175993 -0.017393 -0.0172333 -0.0171813 -0.0171908 -0.0172754 -0.0173822 -0.0174857 -0.0175465 -0.0174425 -0.0171514 -0.0166055 -0.0157486 -0.0145537 -0.0130684 -0.0113052 -0.00936713 -0.00730105 -0.00525362 -0.00335648 -0.0016565 -0.000311701 0.000661134 0.00121361 0.00140594 0.00131054 0.000967302 0.000480426 -7.08738e-05 -0.000611079 -0.00110162 -0.00149076 -0.0017621 -0.00190488 -0.00197843 -0.0020017 -0.00196236 -0.00188305 -0.00176121 -0.00166277 -0.00157333 -0.0014856 -0.00140979 -0.00133424 -0.00129786 -0.00127091 -0.00125324 -0.00124489 -0.00122564 -0.00121875 -0.00119893 
0 -9.42326e-05 -0.000189833 -0.00029843 -0.000344996 -0.000358685 -0.000330923 -0.000279026 -0.000196565 -3.89407e-05 0.000154664 0.000396379 0.00066301 0.000962249 0.00130219 0.00166603 0.00208534 0.00256858 0.00312226 0.00375014 0.00447633 0.00533104 0.00630447 0.00731723 0.00830019 0.00918672 0.00988325 0.0102876 0.0102813 0.00982018 0.00887039 0.00743613 0.00560079 0.00350895 0.0013204 -0.000826612 -0.0027779 -0.00439653 -0.00557119 -0.00626997 -0.00646332 -0.00613744 -0.00537735 -0.00425929 -0.00286343 -0.00128362 0.000410355 0.00212676 0.00384306 0.00555079 0.00718459 0.00876005 0.0102957 0.0117492 0.0131346 0.0144568 0.0156983 0.016863 0.0179143 0.0188606 0.0196767 0.0203147 0.0207729 0.0210395 0.0210558 0.0208183 0.0203147 0.0195054 0.0183721 0.0169239 0.0151675 0.0130787 0.0107077 0.00808462 0.00520954 0.00213959 -0.00103315 -0.00431402 -0.00761066 -0.0108434 -0.013991 -0.0169933 -0.0197408 -0.0222238 -0.0243852 -0.0261661 -0.027545 -0.0285137 -0.0290279 -0.0290835 -0.0286955 -0.0278931 -0.0266768 -0.0250609 -0.0230871 -0.0208019 -0.0182327 -0.0154124 -0.0123791 -0.00918646 -0.00588292 -0.00250449 0.000907743 0.00430423 0.00763574 0.0108531 0.0139312 0.0168384 0.0195196 0.0219254 0.0240433 0.0258504 0.0273039 0.0283551 0.0290127 0.029259 0.0290663 0.0284519 0.0274446 0.0260048 0.0241927 0.0220586 0.0196063 0.0168837 0.0139778 0.0108809 0.00767158 0.00442498 0.0011748 -0.00203488 -0.00512243 -0.00806864 -0.0108373 -0.0133832 -0.0156678 -0.0176998 -0.0194638 -0.020928 -0.0221352 -0.0230917 -0.0237768 -0.0242373 -0.0245064 -0.0245768 -0.0245109 -0.0243328 -0.024085 -0.0238034 -0.0235051 -0.0232552 -0.0230731 -0.0229482 -0.0229379 -0.0230328 -0.023183 -0.023378 -0.0235558 -0.023637 -0.0235252 -0.0231295 -0.0223981 -0.0212537 -0.0196651 -0.0176764 -0.0153451 -0.0127483 -0.0100046 -0.00728342 -0.00472967 -0.00248362 -0.000663046 0.000636221 0.00139113 0.00167736 0.00156113 0.00113648 0.000512108 -0.000198735 -0.000900166 -0.00153441 -0.00205211 -0.002402 -0.00260607 -0.0027097 -0.00273603 -0.00270473 -0.00258818 -0.00245088 -0.00231744 -0.00219499 -0.00209323 -0.00197096 -0.00188703 -0.00181709 -0.0017726 -0.0017475 -0.00170847 -0.00169704 -0.00166234 -0.00163801 
0 -9.71029e-05 -0.000205574 -0.000305305 -0.000358685 -0.000358382 -0.000320316 -0.000257881 -0.000147117 2.74411e-05 0.000263193 0.000545013 0.000861535 0.00122555 0.00163075 0.00208492 0.0026048 0.00321031 0.00391099 0.00471047 0.00563615 0.0067194 0.00793476 0.00919825 0.0104238 0.0115101 0.0123681 0.0128449 0.0128254 0.0122454 0.0110508 0.00928512 0.00701755 0.00444446 0.00175438 -0.000882541 -0.00326593 -0.0052354 -0.0066612 -0.0074887 -0.00768594 -0.00726245 -0.00628215 -0.00487362 -0.00311558 -0.00112251 0.000996135 0.00315752 0.00530562 0.00741754 0.00943189 0.0113577 0.0131898 0.0149261 0.0165453 0.0180643 0.0194745 0.0207564 0.0218868 0.0228769 0.0236927 0.0242897 0.0246847 0.0248266 0.0246872 0.0242509 0.0235056 0.0224143 0.0209864 0.0191996 0.0170746 0.0145984 0.0118047 0.00873125 0.00540687 0.0018778 -0.00177979 -0.00553166 -0.00930805 -0.0130231 -0.0166313 -0.0200553 -0.0232289 -0.0261039 -0.0286232 -0.0307201 -0.0323756 -0.0335374 -0.0341928 -0.0343322 -0.0339567 -0.0330506 -0.0316557 -0.0297939 -0.0275055 -0.0248058 -0.0217586 -0.0184049 -0.014803 -0.01099 -0.00703707 -0.00298273 0.00109605 0.00515471 0.00913513 0.0129972 0.0166641 0.0201 0.0232547 0.0261014 0.0285725 0.0306419 0.0322755 0.033455 0.034149 0.0343623 0.0340702 0.0332952 0.0320505 0.0303546 0.0282434 0.0257618 0.0229254 0.0198058 0.0164608 0.0129205 0.00926575 0.00555575 0.00182978 -0.00184466 -0.00539862 -0.00880787 -0.012009 -0.0149815 -0.0176826 -0.0201106 -0.0222441 -0.0240728 -0.0255939 -0.0268434 -0.027796 -0.0284914 -0.0289678 -0.0292341 -0.0293245 -0.0292885 -0.0291702 -0.0289894 -0.0288044 -0.0286587 -0.0285822 -0.0285747 -0.0286871 -0.0288935 -0.0291712 -0.0294703 -0.0297329 -0.0298717 -0.0297489 -0.0292815 -0.0283795 -0.0269599 -0.0249899 -0.0225191 -0.0196072 -0.0163763 -0.0129564 -0.00955582 -0.00636904 -0.00354147 -0.00125489 0.000404532 0.00139681 0.00179512 0.00169864 0.00120597 0.000461652 -0.000399313 -0.00126121 -0.00204609 -0.00268349 -0.00313048 -0.00339156 -0.00352646 -0.00356625 -0.00351643 -0.00338759 -0.00321379 -0.00305095 -0.00290171 -0.00276115 -0.00262307 -0.0025011 -0.0024114 -0.00234375 -0.00228992 -0.00224201 -0.00220089 -0.00215966 -0.00211532 
0 -9.24907e-05 -0.000194967 -0.000285285 -0.000330923 -0.000320316 -0.000270228 -0.000189212 -5.74577e-05 0.000141224 0.000409406 0.000729896 0.00109639 0.00151762 0.00199299 0.00253371 0.00315633 0.00388316 0.00472623 0.00569503 0.00681881 0.00812242 0.00957444 0.0110845 0.0125453 0.013839 0.0148445 0.0153968 0.0153619 0.0146564 0.0132344 0.0111395 0.0084745 0.00545091 0.00229233 -0.000789844 -0.00357094 -0.0058599 -0.00751105 -0.00844972 -0.00864127 -0.00810189 -0.00690805 -0.00519509 -0.00307583 -0.000680531 0.00185885 0.00444341 0.00700245 0.00949266 0.0118591 0.0140922 0.0161846 0.0181302 0.0199123 0.0215418 0.023017 0.0243192 0.0254359 0.0263673 0.0270857 0.0275559 0.0277798 0.0277199 0.0273518 0.02666 0.0256335 0.024248 0.0225062 0.0204031 0.017954 0.0151624 0.012057 0.00867453 0.00504368 0.00121404 -0.00274991 -0.00679887 -0.0108683 -0.0148777 -0.0187738 -0.0224809 -0.0259308 -0.0290636 -0.0318233 -0.0341461 -0.0359996 -0.0373338 -0.0381224 -0.0383443 -0.0379954 -0.0370655 -0.0355775 -0.0335499 -0.0310206 -0.0280211 -0.0246111 -0.0208398 -0.0167692 -0.0124562 -0.00797501 -0.00338035 0.00125227 0.00586022 0.0103747 0.0147389 0.0188792 0.0227431 0.0262702 0.0294168 0.0321265 0.0343694 0.0361104 0.0373306 0.0380105 0.0381552 0.0377575 0.0368415 0.0354228 0.0335276 0.0311938 0.0284696 0.0253848 0.0220069 0.0183902 0.0145802 0.0106474 0.00665606 0.00265075 -0.00130473 -0.00515205 -0.00885722 -0.0123705 -0.0156593 -0.0186879 -0.0214436 -0.0239048 -0.0260599 -0.0279058 -0.0294625 -0.0307174 -0.0316998 -0.0324421 -0.0329643 -0.0332975 -0.0334949 -0.0335979 -0.0336347 -0.0336597 -0.0337167 -0.0338337 -0.0340245 -0.0343236 -0.0347141 -0.0351663 -0.035622 -0.0360115 -0.0362261 -0.0361227 -0.0355933 -0.0345328 -0.0328521 -0.0305188 -0.0275789 -0.0241123 -0.0202561 -0.0161787 -0.0121126 -0.00828595 -0.00488997 -0.00212181 -9.59475e-05 0.0011502 0.00168526 0.00162267 0.00108937 0.000248328 -0.00073966 -0.00174029 -0.00265473 -0.00340068 -0.00393225 -0.00425427 -0.00442262 -0.00447481 -0.00441962 -0.00427606 -0.00408082 -0.00388793 -0.00370934 -0.00353728 -0.00337212 -0.0032212 -0.00310001 -0.00300322 -0.00292003 -0.00284636 -0.00277876 -0.00271462 -0.00264783 
0 -8.7069e-05 -0.000171536 -0.000254326 -0.000279026 -0.000257881 -0.000189212 -7.72693e-05 7.61905e-05 0.000312568 0.000610504 0.000972685 0.0013908 0.00186222 0.00240933 0.00302895 0.00375189 0.0045953 0.00557431 0.0067092 0.00802886 0.00954506 0.0112269 0.0129766 0.0146627 0.0161666 0.0173079 0.0179411 0.0178967 0.0170718 0.0154502 0.0130406 0.0100162 0.00657294 0.00297544 -0.000514873 -0.00366308 -0.00623972 -0.00808604 -0.00910929 -0.00927696 -0.00859967 -0.00719631 -0.00517363 -0.00270351 7.14002e-05 0.00301261 0.00598452 0.00891614 0.0117369 0.014402 0.0168752 0.0191684 0.0212398 0.0231092 0.0247657 0.0262086 0.0274349 0.0284389 0.029205 0.0297243 0.0299819 0.0299405 0.0296137 0.0289569 0.0279671 0.0266333 0.0249572 0.0229113 0.0205376 0.0178275 0.0148014 0.0114908 0.00793015 0.00413667 0.000168465 -0.00392045 -0.00809022 -0.0122691 -0.0163912 -0.0203965 -0.0242298 -0.0277966 -0.031052 -0.0339323 -0.0363854 -0.0383468 -0.0398039 -0.0406945 -0.0409953 -0.0406845 -0.0397843 -0.0382692 -0.0361636 -0.0334884 -0.0303119 -0.0266612 -0.0226062 -0.0181982 -0.0135298 -0.00865771 -0.00367212 0.00137348 0.00638487 0.0112954 0.0160106 0.0204864 0.0246414 0.0284165 0.0317303 0.0345707 0.036891 0.0386647 0.0398561 0.0404922 0.0405537 0.0400603 0.0390288 0.0374989 0.035474 0.0330141 0.0301628 0.026968 0.0234728 0.0197517 0.0158482 0.0118152 0.00772567 0.0036263 -0.000440735 -0.00442136 -0.00826519 -0.0119625 -0.0154469 -0.0187031 -0.0217069 -0.0244425 -0.0268758 -0.0290367 -0.0308955 -0.032471 -0.033779 -0.0348419 -0.0356805 -0.0363391 -0.0368523 -0.0372572 -0.0376094 -0.037928 -0.038279 -0.038678 -0.0391549 -0.039717 -0.0403741 -0.041061 -0.0417373 -0.0423072 -0.0426339 -0.0425955 -0.0420317 -0.0408399 -0.0389222 -0.0362489 -0.0328559 -0.0288612 -0.0243941 -0.0196845 -0.0149779 -0.0105212 -0.00658165 -0.00332957 -0.000936008 0.000580372 0.00128102 0.00127689 0.000739305 -0.000166194 -0.00125169 -0.00236543 -0.00338649 -0.00422871 -0.00483209 -0.0052166 -0.00541856 -0.00548064 -0.00543107 -0.00527129 -0.00506905 -0.00484769 -0.004639 -0.00444315 -0.0042414 -0.00407006 -0.00390832 -0.00377588 -0.0036605 -0.00354446 -0.00345133 -0.00334801 -0.0032549 
0 -6.35839e-05 -0.000138 -0.000176864 -0.000196565 -0.000147117 -5.74577e-05 7.61905e-05 0.000276662 0.000531026 0.000873666 0.00126996 0.00173234 0.00226262 0.00286415 0.00356959 0.00438631 0.00534461 0.00646212 0.00776696 0.00928166 0.0110191 0.0129231 0.0149039 0.0168227 0.018507 0.0198012 0.0204952 0.0204459 0.0195293 0.0177001 0.0150319 0.0116621 0.00783933 0.00384388 -3.14147e-05 -0.00350867 -0.00633937 -0.00835948 -0.00944246 -0.00955572 -0.00875633 -0.00711577 -0.00481428 -0.00201011 0.0011279 0.00441632 0.00774287 0.0109944 0.0140787 0.016969 0.0196222 0.0220049 0.0241442 0.0260065 0.0276007 0.0289378 0.0299948 0.0307848 0.0313026 0.0315323 0.0314752 0.0311281 0.0304571 0.0294742 0.0281647 0.0265214 0.0245463 0.0222641 0.0196653 0.0167652 0.0136048 0.0101894 0.00654552 0.00273519 -0.00121471 -0.00528776 -0.0093955 -0.0135114 -0.0175875 -0.0215409 -0.0253015 -0.0288483 -0.0320894 -0.0349705 -0.0374401 -0.0394523 -0.0409346 -0.0418722 -0.0422386 -0.0420046 -0.0411244 -0.0396239 -0.0375225 -0.0348365 -0.031581 -0.0278218 -0.0236205 -0.0190547 -0.014182 -0.00908535 -0.00384989 0.00142685 0.00667006 0.011796 0.0167345 0.0213793 0.025656 0.0295155 0.0329188 0.0357848 0.0380842 0.0398082 0.040965 0.0415252 0.0415118 0.0409476 0.0398521 0.038238 0.0361874 0.0337142 0.0308528 0.0276705 0.0242277 0.0205435 0.0167091 0.0127649 0.00874091 0.00469382 0.000677714 -0.00328798 -0.00715411 -0.0108765 -0.0144413 -0.01782 -0.0209791 -0.0238992 -0.0265837 -0.0289926 -0.0311418 -0.0330417 -0.0346877 -0.0361027 -0.037325 -0.0383539 -0.0392466 -0.0400388 -0.0407518 -0.0414611 -0.042181 -0.0429467 -0.043799 -0.0447245 -0.0457098 -0.0467332 -0.0476928 -0.0484997 -0.0490189 -0.0490745 -0.0485383 -0.0472526 -0.0451331 -0.0421546 -0.0383515 -0.033843 -0.0288148 -0.0234987 -0.0181715 -0.0131334 -0.00863743 -0.00493351 -0.00215285 -0.000343814 0.000537982 0.000642185 0.000125125 -0.00080504 -0.00195765 -0.00316103 -0.00427351 -0.00519129 -0.00587239 -0.00631061 -0.00654701 -0.00663083 -0.00656925 -0.00642202 -0.00619864 -0.00595923 -0.00572729 -0.00548483 -0.00527082 -0.00504713 -0.00485733 -0.00468193 -0.00451328 -0.0043747 -0.00421959 -0.00409523 -0.00395964 
0 -3.22381e-05 -5.39139e-05 -6.58617e-05 -3.89407e-05 2.74411e-05 0.000141224 0.000312568 0.000531026 0.000823118 0.00118036 0.00160934 0.00211558 0.00268745 0.00335905 0.00414108 0.00506069 0.00614209 0.007405 0.00888691 0.0106138 0.0125661 0.0147012 0.016914 0.0190429 0.020932 0.0223396 0.0231102 0.0230506 0.0220254 0.020035 0.0170945 0.0134359 0.00926996 0.00491485 0.000713181 -0.00305455 -0.00611188 -0.00827407 -0.00940931 -0.00948733 -0.008543 -0.00672155 -0.00414038 -0.00103607 0.00240676 0.0060134 0.00962027 0.0131193 0.0164021 0.0194442 0.0221765 0.0246087 0.0266961 0.0284746 0.029924 0.0310486 0.0318592 0.0323764 0.0325663 0.0324474 0.0320446 0.0313004 0.0302704 0.0289345 0.0273007 0.0253648 0.0231602 0.0206516 0.0179031 0.0148928 0.0116715 0.00825486 0.00466994 0.000939405 -0.00288791 -0.00679101 -0.0107166 -0.0146198 -0.0184685 -0.0222002 -0.0257875 -0.0291502 -0.0322383 -0.0349943 -0.0373822 -0.0393148 -0.0407915 -0.0417336 -0.0421087 -0.0418783 -0.0410757 -0.0396476 -0.0376064 -0.0349485 -0.0317602 -0.0280422 -0.0238632 -0.0192702 -0.0143774 -0.00923496 -0.00396763 0.00137749 0.0066773 0.0118479 0.0167727 0.0214253 0.0256978 0.0295345 0.0328453 0.0356457 0.0378855 0.039551 0.040609 0.0411113 0.0410354 0.0404336 0.0393208 0.0377463 0.0357272 0.0333271 0.0305831 0.0275651 0.0242915 0.0208172 0.0171982 0.0134514 0.00963371 0.00579373 0.00195105 -0.00186986 -0.0056035 -0.00927012 -0.0127953 -0.0161829 -0.0193954 -0.022427 -0.0252479 -0.0278874 -0.0302827 -0.0324823 -0.0344703 -0.0362444 -0.0378398 -0.0392847 -0.0405957 -0.0418057 -0.0429806 -0.0441223 -0.0452932 -0.046505 -0.0478073 -0.0491638 -0.0505898 -0.052005 -0.0533428 -0.0544705 -0.0552188 -0.0554582 -0.0549809 -0.0536589 -0.0513965 -0.0481696 -0.0440053 -0.039061 -0.0335033 -0.0276335 -0.0217322 -0.0161062 -0.0111072 -0.00692287 -0.00376384 -0.00165108 -0.00054615 -0.000327111 -0.000774839 -0.00170396 -0.00289493 -0.00416051 -0.00534322 -0.00633466 -0.00707664 -0.00757965 -0.0078526 -0.00794597 -0.0078997 -0.00773646 -0.00751703 -0.00724866 -0.00697942 -0.0067138 -0.00644532 -0.00619797 -0.00595263 -0.00573144 -0.00552486 -0.0053243 -0.00514264 -0.00496111 -0.0047945 
0 1.81551e-05 3.90373e-05 9.50511e-05 0.000154664 0.000263193 0.000409406 0.000610504 0.000873666 0.00118036 0.00156729 0.00201979 0.00255778 0.00317647 0.00389679 0.00475681 0.00577419 0.00698141 0.00840239 0.0100828 0.0120306 0.0142271 0.0165966 0.0190389 0.0213918 0.0234432 0.0249828 0.0257962 0.0257206 0.0246124 0.022443 0.0192935 0.0153594 0.0108972 0.0062344 0.00173699 -0.00227984 -0.0055241 -0.0078135 -0.0089887 -0.00901993 -0.00798691 -0.00598892 -0.00321155 0.000130019 0.00382322 0.00765965 0.0114892 0.0151695 0.01857 0.0216745 0.0244183 0.0267668 0.028743 0.0303392 0.0315596 0.0324158 0.032913 0.033078 0.0329028 0.0323972 0.0316009 0.0304979 0.0290989 0.0274308 0.0255001 0.0233083 0.0208832 0.0182497 0.015414 0.0123775 0.00919667 0.00586917 0.0024052 -0.00112437 -0.00470447 -0.00834092 -0.0119522 -0.0155248 -0.0190498 -0.0224473 -0.0256801 -0.0287401 -0.0315559 -0.034075 -0.0362632 -0.0380581 -0.0394022 -0.040263 -0.0406185 -0.0404246 -0.0396439 -0.0382806 -0.0363528 -0.0338548 -0.0308084 -0.0272462 -0.0232258 -0.0188169 -0.0140822 -0.0090908 -0.00395833 0.00122252 0.00636127 0.0113667 0.0161513 0.0206278 0.0247107 0.0283688 0.0315581 0.0342189 0.0363207 0.0378721 0.0388743 0.0393213 0.0392308 0.0386482 0.0375892 0.0360893 0.0342295 0.0320287 0.0295085 0.0267501 0.023778 0.0206028 0.0173092 0.0139071 0.0104025 0.00685855 0.00329996 -0.000271676 -0.00379897 -0.00726416 -0.0106584 -0.0139656 -0.0171507 -0.0202075 -0.0231354 -0.0259013 -0.0284927 -0.0309422 -0.0332193 -0.0353291 -0.0373084 -0.0391542 -0.0408947 -0.0425647 -0.0441952 -0.04584 -0.0475078 -0.0492313 -0.0510555 -0.052926 -0.0548324 -0.0567273 -0.05849 -0.0599891 -0.0610628 -0.0615258 -0.0612051 -0.059919 -0.057587 -0.0541866 -0.0497413 -0.0444107 -0.0384104 -0.0320396 -0.025608 -0.0194696 -0.0139588 -0.00934061 -0.00578258 -0.00334554 -0.00200917 -0.00162125 -0.00198882 -0.00288368 -0.0040938 -0.00540973 -0.00665291 -0.00770502 -0.00851403 -0.00906755 -0.00937172 -0.00947839 -0.0094185 -0.0092606 -0.00901901 -0.00872972 -0.00842892 -0.00811396 -0.00782267 -0.00751736 -0.00723389 -0.00696202 -0.00669694 -0.00646175 -0.00621423 -0.00600108 -0.00578737 
0 7.38865e-05 0.000161727 0.00027781 0.000396379 0.000545013 0.000729896 0.000972685 0.00126996 0.00160934 0.00201979 0.00250339 0.00308052 0.00374725 0.00453013 0.00547027 0.00659185 0.00793064 0.00951444 0.0113898 0.0135639 0.0159918 0.0185975 0.0212684 0.0238314 0.026065 0.02772 0.0285936 0.0285056 0.0273137 0.0250022 0.0216517 0.0174885 0.0127717 0.00784459 0.00309894 -0.00113219 -0.00455234 -0.00695955 -0.00819532 -0.00822745 -0.00713257 -0.0050386 -0.00211752 0.00138635 0.00523871 0.0092275 0.0131808 0.0169426 0.0203812 0.0234678 0.0261344 0.0283551 0.0301302 0.0314781 0.0324028 0.0329173 0.0330517 0.0328442 0.0322821 0.0313952 0.0302313 0.0287671 0.0270421 0.0250847 0.0229094 0.0205251 0.0179677 0.0152478 0.0123923 0.00940047 0.00632659 0.00317282 -5.36011e-05 -0.00330715 -0.00656988 -0.00984341 -0.013066 -0.0162216 -0.0193064 -0.0222661 -0.0250832 -0.0277321 -0.0301606 -0.0323288 -0.0342109 -0.0357452 -0.0369006 -0.0376256 -0.0378882 -0.0376516 -0.0369124 -0.0356506 -0.0338631 -0.0315428 -0.028739 -0.0254619 -0.0217514 -0.0176633 -0.0132748 -0.00864463 -0.00388469 0.000936333 0.00571833 0.0103638 0.0147852 0.0189355 0.0227256 0.0261103 0.0290401 0.0314972 0.0334514 0.0348979 0.0358252 0.0362544 0.0361955 0.0356968 0.0347785 0.0334793 0.0318498 0.0299242 0.0277298 0.0253327 0.0227412 0.0199716 0.0170843 0.0140806 0.0109776 0.00782666 0.00463558 0.00140336 -0.00181958 -0.0050363 -0.00822377 -0.0113735 -0.0144549 -0.0174655 -0.0203991 -0.0232414 -0.0259593 -0.0285893 -0.0311022 -0.0334897 -0.0357919 -0.0380163 -0.0401731 -0.0422965 -0.0444265 -0.0465834 -0.0487865 -0.0510596 -0.0534365 -0.0558605 -0.0583141 -0.0607306 -0.0629883 -0.0649281 -0.0663721 -0.0671402 -0.0670235 -0.0658469 -0.0635242 -0.0600284 -0.0553871 -0.0497673 -0.0433995 -0.036609 -0.0297222 -0.0231135 -0.0171597 -0.0121227 -0.00819676 -0.00544992 -0.00386864 -0.00331536 -0.00357139 -0.00441362 -0.00561464 -0.00694944 -0.00822893 -0.00932547 -0.0101848 -0.0107864 -0.0111202 -0.0112336 -0.0111739 -0.0110046 -0.010751 -0.0104346 -0.0100938 -0.00974039 -0.00939987 -0.00905266 -0.0087156 -0.00839166 -0.00807782 -0.0077852 -0.00749394 -0.00722906 -0.00697601 
0 0.000134544 0.000294617 0.000476321 0.00066301 0.000861535 0.00109639 0.0013908 0.00173234 0.00211558 0.00255778 0.00308052 0.00370313 0.0044255 0.00527731 0.00630208 0.00753515 0.00901335 0.010771 0.0128505 0.0152554 0.0179189 0.0207601 0.0236547 0.0264195 0.0288234 0.0305892 0.0315194 0.031423 0.030164 0.0277337 0.0242166 0.0198556 0.0149153 0.00975193 0.00477404 0.000336315 -0.00326051 -0.00579578 -0.00711433 -0.00718434 -0.00608063 -0.00395525 -0.000974575 0.00260014 0.00651797 0.0105641 0.0145479 0.0183018 0.0216926 0.0246748 0.0271836 0.0292002 0.030714 0.0317641 0.032357 0.0325085 0.0322661 0.0316741 0.0307309 0.0294817 0.0279822 0.0262153 0.0242306 0.0220532 0.0197044 0.0171961 0.0145719 0.0118413 0.0090388 0.00616484 0.00326477 0.000344494 -0.00258724 -0.00549687 -0.00836999 -0.011208 -0.0139755 -0.0166561 -0.0192487 -0.0217097 -0.024031 -0.0261859 -0.0281468 -0.0298788 -0.0313649 -0.0325491 -0.0334169 -0.0339229 -0.0340461 -0.0337451 -0.0330195 -0.0318454 -0.0302246 -0.0281454 -0.0256523 -0.0227457 -0.0194672 -0.0158631 -0.0120008 -0.00792368 -0.0037352 0.000508992 0.00472227 0.00882573 0.012735 0.016412 0.019775 0.02279 0.0254086 0.0276183 0.0293866 0.0307176 0.0315994 0.0320604 0.0321015 0.0317645 0.031065 0.0300471 0.0287408 0.0271806 0.0253863 0.0234102 0.0212543 0.0189451 0.0165225 0.0139851 0.0113449 0.00863882 0.00586532 0.00302504 0.000158074 -0.00274634 -0.00566711 -0.00860064 -0.0115195 -0.014422 -0.0172933 -0.0201286 -0.0228915 -0.025619 -0.0282895 -0.0308929 -0.0334634 -0.0360156 -0.0385458 -0.041087 -0.0436847 -0.0463389 -0.0490753 -0.0519103 -0.0548601 -0.0578672 -0.0609005 -0.0638763 -0.0666694 -0.0690984 -0.0709727 -0.0721079 -0.0722667 -0.0712769 -0.0690424 -0.0655323 -0.0607816 -0.0549625 -0.0483239 -0.0412081 -0.0339608 -0.0269721 -0.0206456 -0.0152455 -0.0109837 -0.00794071 -0.0061118 -0.00537522 -0.00550087 -0.00626959 -0.00744133 -0.00877862 -0.010081 -0.0112151 -0.0121208 -0.0127671 -0.0131322 -0.0132538 -0.0131957 -0.0130136 -0.0127428 -0.012396 -0.0120119 -0.0116158 -0.0112195 -0.0108245 -0.0104295 -0.0100494 -0.00968414 -0.00933252 -0.00899869 -0.00868495 -0.00839605 
0 0.000210664 0.000442671 0.000710507 0.000962249 0.00122555 0.00151762 0.00186222 0.00226262 0.00268745 0.00317647 0.00374725 0.0044255 0.00522268 0.00615714 0.00728612 0.00864983 0.0102843 0.0122305 0.0145292 0.0171593 0.0200672 0.0231359 0.0262444 0.0292116 0.0317559 0.0336414 0.0346101 0.0345024 0.0331915 0.0306385 0.0269903 0.0224414 0.0173002 0.0119217 0.00671655 0.00206549 -0.00172065 -0.00442104 -0.00587004 -0.00602793 -0.00500207 -0.00290096 4.5106e-05 0.00360501 0.00750688 0.0115125 0.0154363 0.0190962 0.0223547 0.0251534 0.0274552 0.0291974 0.0304293 0.0311509 0.0313963 0.0311937 0.030595 0.0296372 0.0283623 0.0268025 0.0250051 0.0230119 0.0208226 0.0184966 0.0160508 0.0135055 0.0108746 0.00822342 0.00553076 0.00283344 0.000164035 -0.0024667 -0.00506916 -0.00758547 -0.0100261 -0.0123998 -0.0146685 -0.016828 -0.0188895 -0.0208177 -0.0225819 -0.0242011 -0.0256367 -0.0268661 -0.0278719 -0.0286517 -0.0291499 -0.0293683 -0.0292901 -0.0289029 -0.0281532 -0.0270623 -0.0256193 -0.0238366 -0.0217004 -0.0192519 -0.0165082 -0.0135345 -0.0103447 -0.00700099 -0.00355185 -7.70068e-05 0.00339273 0.00678078 0.0100512 0.0131208 0.0159533 0.018508 0.0207777 0.0226944 0.0242625 0.0254825 0.0263688 0.026894 0.0271013 0.0269999 0.026603 0.0259246 0.0250232 0.0238888 0.0225444 0.0210344 0.0193706 0.0175524 0.0156256 0.0135955 0.0114416 0.00920545 0.00688472 0.00447142 0.00197832 -0.000559311 -0.00317922 -0.00584219 -0.00853569 -0.0112529 -0.0140052 -0.0167395 -0.0194834 -0.0222345 -0.0249787 -0.0277244 -0.0304931 -0.0332899 -0.0361275 -0.0390371 -0.0420308 -0.0451555 -0.0483852 -0.0517624 -0.0552773 -0.0588774 -0.0624987 -0.0660732 -0.0694284 -0.0723818 -0.0747442 -0.0762735 -0.0767734 -0.0760283 -0.0739539 -0.0705146 -0.0657517 -0.0598296 -0.0530359 -0.0456956 -0.0381847 -0.0309258 -0.0242867 -0.0186058 -0.0140471 -0.010738 -0.00868593 -0.00775087 -0.00775027 -0.00842645 -0.00955423 -0.0108825 -0.012196 -0.0133644 -0.0143196 -0.0150109 -0.0154164 -0.015561 -0.0155039 -0.0153249 -0.0150269 -0.0146516 -0.0142241 -0.0137695 -0.0133278 -0.0128652 -0.01242 -0.0119809 -0.0115538 -0.0111571 -0.0107619 -0.0104136 -0.0100816 
0 0.000290121 0.000618469 0.000956638 0.00130219 0.00163075 0.00199299 0.00240933 0.00286415 0.00335905 0.00389679 0.00453013 0.00527731 0.00615714 0.00719598 0.00844919 0.00996201 0.0117764 0.0139377 0.0164602 0.0193453 0.0224859 0.0257929 0.029115 0.0322453 0.0349427 0.0368933 0.0379005 0.0377629 0.0363695 0.0337192 0.0299144 0.0251966 0.019857 0.0142635 0.0088312 0.00396135 -5.45278e-05 -0.00294519 -0.0045792 -0.00491585 -0.00401361 -0.00205877 0.000782765 0.0042337 0.00801971 0.0119114 0.0156934 0.0191734 0.0222432 0.0248092 0.0268324 0.0283079 0.0292153 0.0296173 0.0295354 0.029004 0.0280855 0.0268394 0.025283 0.0234828 0.0214845 0.0193064 0.0169984 0.0145976 0.0121252 0.00960616 0.00708102 0.00454605 0.0020406 -0.000416747 -0.00281203 -0.00512698 -0.00733438 -0.00945065 -0.0114548 -0.0133334 -0.0150946 -0.0167285 -0.0182164 -0.0195669 -0.0207792 -0.0218215 -0.0226875 -0.0233745 -0.023874 -0.0241675 -0.0242719 -0.0241734 -0.0238483 -0.0232865 -0.0225179 -0.0215187 -0.0202685 -0.0187704 -0.0170648 -0.0151553 -0.0130583 -0.0107913 -0.00840454 -0.00592354 -0.00338 -0.000787801 0.00180502 0.00435631 0.00682235 0.00919702 0.0114319 0.0134753 0.0152969 0.0169149 0.0183033 0.0194426 0.020329 0.0209856 0.0214014 0.0215829 0.0215414 0.0212886 0.0208118 0.0201411 0.0193045 0.0183009 0.0171419 0.015857 0.0144407 0.0128942 0.0112473 0.00948693 0.00761312 0.00563439 0.0035564 0.00137033 -0.000894323 -0.0032435 -0.00566334 -0.00814832 -0.0106909 -0.0132964 -0.0159429 -0.0186414 -0.0213999 -0.024201 -0.0270749 -0.0300437 -0.0331051 -0.0362847 -0.0396352 -0.0431314 -0.0468142 -0.0506877 -0.054725 -0.058892 -0.0631057 -0.0672529 -0.0711849 -0.0746835 -0.0775252 -0.0795111 -0.0803651 -0.0799319 -0.0780905 -0.0747975 -0.0701199 -0.0642094 -0.0573561 -0.0499055 -0.042245 -0.0347888 -0.0279582 -0.0220366 -0.0172574 -0.0137296 -0.0114615 -0.0103704 -0.0102252 -0.0108259 -0.0119067 -0.0132211 -0.0145571 -0.0157644 -0.0167754 -0.0175232 -0.0179789 -0.0181516 -0.0181186 -0.0179278 -0.0176231 -0.0172161 -0.0167419 -0.0162516 -0.0157373 -0.0152362 -0.0147246 -0.0142282 -0.0137533 -0.0132801 -0.0128528 -0.0124394 -0.0120721 
0 0.000385325 0.00080048 0.00123598 0.00166603 0.00208492 0.00253371 0.00302895 0.00356959 0.00414108 0.00475681 0.00547027 0.00630208 0.00728612 0.00844919 0.00983939 0.0115226 0.0135311 0.0159174 0.0186949 0.0218211 0.0252243 0.028759 0.0322801 0.0355797 0.0383638 0.0403856 0.0413771 0.0411809 0.0396996 0.0369056 0.0329586 0.0280471 0.0224996 0.0166839 0.0110082 0.00588025 0.00161951 -0.0015236 -0.00340068 -0.00396487 -0.00330786 -0.00155345 0.00106253 0.00430396 0.00789366 0.0115813 0.01515 0.0184151 0.0212472 0.0235478 0.0253066 0.0264697 0.027094 0.0271954 0.0268212 0.0260253 0.0248666 0.0233761 0.0216336 0.0196753 0.0175329 0.0152905 0.0129412 0.0105438 0.00812253 0.00570982 0.00331075 0.000990476 -0.00127661 -0.00344278 -0.00551351 -0.00746568 -0.0093024 -0.0109935 -0.0125413 -0.0139396 -0.0151889 -0.0162805 -0.0172193 -0.018005 -0.0186071 -0.0190564 -0.0193471 -0.0194786 -0.0194444 -0.019278 -0.0189433 -0.018479 -0.017888 -0.0171961 -0.0163593 -0.0154103 -0.0143537 -0.0132267 -0.0119779 -0.0106513 -0.00925176 -0.00781222 -0.00630469 -0.00476757 -0.00317808 -0.00158897 2.41628e-05 0.00164541 0.0032771 0.00484832 0.00638448 0.00785737 0.009272 0.0105637 0.0117464 0.0128076 0.0137621 0.0145545 0.0152146 0.0157134 0.0160487 0.016213 0.0162323 0.0160736 0.0157531 0.0152738 0.0146476 0.0138763 0.0129681 0.0119334 0.0107564 0.00944901 0.00801614 0.00646623 0.00478142 0.00300709 0.00109717 -0.000914288 -0.00303108 -0.00524554 -0.0075693 -0.00995735 -0.0124614 -0.0150473 -0.0177283 -0.0205252 -0.0234347 -0.0264777 -0.0296804 -0.0330635 -0.0366461 -0.0404739 -0.044522 -0.0488264 -0.0533367 -0.0580133 -0.0627533 -0.067448 -0.0719073 -0.0759221 -0.079269 -0.0816829 -0.0829503 -0.0828583 -0.0812998 -0.0782303 -0.0737118 -0.0678993 -0.0610972 -0.0536336 -0.0459217 -0.0383967 -0.0314297 -0.0253822 -0.0204342 -0.0167405 -0.0143243 -0.0130769 -0.0128441 -0.0133737 -0.0144275 -0.0157525 -0.0171171 -0.0183879 -0.0194668 -0.0202803 -0.0207993 -0.0210196 -0.0210111 -0.0208342 -0.0205155 -0.0200935 -0.0195886 -0.0190499 -0.0184974 -0.0179352 -0.0173803 -0.0168288 -0.0162916 -0.0157726 -0.015278 -0.014825 -0.0144059 
0 0.00049222 0.00101652 0.00154705 0.00208534 0.0026048 0.00315633 0.00375189 0.00438631 0.00506069 0.00577419 0.00659185 0.00753515 0.00864983 0.00996201 0.0115226 0.0133943 0.0156197 0.0182503 0.0212714 0.0246538 0.0282852 0.0320372 0.0357371 0.0391518 0.0420203 0.0440502 0.0450118 0.0447247 0.0431062 0.0401605 0.0360213 0.0308984 0.0251181 0.0190542 0.0131085 0.00770055 0.00313195 -0.000308532 -0.00250018 -0.00339421 -0.0030396 -0.00160278 0.000721317 0.00367458 0.00698831 0.0104137 0.0137217 0.0167178 0.0193013 0.021348 0.0228412 0.0237681 0.0241402 0.0240031 0.0233999 0.0223979 0.0210529 0.0194223 0.017565 0.0155394 0.0133685 0.0111195 0.00881318 0.00650086 0.0042006 0.00195207 -0.000220189 -0.00230887 -0.00429648 -0.00614368 -0.00787061 -0.00945477 -0.0108649 -0.0121356 -0.0132453 -0.0141688 -0.0149223 -0.0154998 -0.0158722 -0.0160776 -0.0161128 -0.0159825 -0.0156903 -0.0152666 -0.0147154 -0.0140621 -0.0133233 -0.0125345 -0.0116783 -0.0107936 -0.00991728 -0.00906334 -0.00822278 -0.00743032 -0.00667927 -0.00599177 -0.00535172 -0.00473899 -0.00415039 -0.00360009 -0.0030336 -0.00245016 -0.00184247 -0.00119886 -0.0005004 0.00025428 0.00109084 0.00196811 0.00288945 0.00386421 0.00487508 0.00587142 0.00685769 0.00780476 0.00870086 0.0095162 0.0102496 0.0108695 0.0113582 0.0117065 0.0119299 0.0119845 0.0118857 0.0116384 0.0112192 0.0106413 0.00993761 0.00907426 0.00807032 0.00694272 0.00566411 0.00425167 0.00271546 0.00104865 -0.000749991 -0.00266862 -0.00471703 -0.00688477 -0.0091888 -0.0116027 -0.014159 -0.016861 -0.0197234 -0.0227737 -0.0260433 -0.0295449 -0.033319 -0.0373689 -0.0417147 -0.0463593 -0.0512462 -0.056354 -0.061558 -0.0667226 -0.0716673 -0.0761625 -0.0799551 -0.0828053 -0.0844509 -0.084721 -0.0834762 -0.0806664 -0.0763765 -0.0707414 -0.0640663 -0.0566868 -0.0490243 -0.0415059 -0.0345253 -0.0284129 -0.0233967 -0.0196148 -0.0170934 -0.015767 -0.0154579 -0.0159598 -0.017005 -0.0183531 -0.0197818 -0.0211342 -0.0223124 -0.0232218 -0.0238314 -0.0241265 -0.0241746 -0.02402 -0.0237126 -0.0232828 -0.0227541 -0.0221874 -0.0215834 -0.0209854 -0.0203811 -0.0197837 -0.0192036 -0.0186266 -0.018096 -0.0175893 -0.0171313 
0 0.000619851 0.00126541 0.00191078 0.00256858 0.00321031 0.00388316 0.0045953 0.00534461 0.00614209 0.00698141 0.00793064 0.00901335 0.0102843 0.0117764 0.0135311 0.0156197 0.0180813 0.0209658 0.024245 0.0278683 0.031721 0.0356572 0.0394916 0.0429764 0.0458525 0.0478373 0.0486992 0.0482654 0.0464667 0.0433238 0.0389664 0.0336029 0.027558 0.0212114 0.0149575 0.00921126 0.00429111 0.000486975 -0.00207687 -0.0033526 -0.00337726 -0.00231107 -0.000350957 0.00224931 0.00523672 0.00836028 0.0113823 0.0141183 0.0164591 0.0182775 0.0195507 0.020272 0.0204581 0.0201526 0.0193993 0.0182795 0.0168419 0.0151389 0.0132482 0.0112261 0.0090955 0.00693174 0.00475598 0.00260445 0.000496974 -0.0015305 -0.00345238 -0.00526183 -0.00693731 -0.008445 -0.00981076 -0.0110156 -0.0120268 -0.0128744 -0.0135346 -0.0139848 -0.0142455 -0.0143123 -0.0141623 -0.0138258 -0.0132999 -0.012606 -0.0117676 -0.0108217 -0.00978702 -0.00869488 -0.00756897 -0.00646025 -0.0053814 -0.00438112 -0.00348986 -0.00272595 -0.00212037 -0.00171464 -0.0014745 -0.00141057 -0.00151634 -0.00174986 -0.0020803 -0.00249538 -0.00292599 -0.00335965 -0.003762 -0.00407514 -0.00427311 -0.00435086 -0.00424668 -0.00396333 -0.00350338 -0.00286886 -0.0020785 -0.00117114 -0.000151588 0.000931331 0.00204954 0.00316731 0.00426604 0.00531178 0.00627843 0.00713391 0.00786872 0.00843576 0.0088439 0.00909315 0.00915738 0.00904864 0.00879103 0.00835043 0.00775513 0.00702494 0.006131 0.00508998 0.00390993 0.00257739 0.00109511 -0.000524602 -0.00228503 -0.00418414 -0.00624395 -0.00844084 -0.0108142 -0.0133817 -0.0161453 -0.0191371 -0.022401 -0.0259432 -0.0298054 -0.0340026 -0.0385528 -0.0434482 -0.0486328 -0.0540765 -0.0596511 -0.0652016 -0.0705453 -0.0754491 -0.0796427 -0.0828748 -0.0848865 -0.0855007 -0.0845671 -0.0820401 -0.0780058 -0.0726046 -0.0661297 -0.0589217 -0.0514057 -0.0439997 -0.0370882 -0.031003 -0.0259822 -0.0221665 -0.0195936 -0.0182138 -0.0178756 -0.0183757 -0.0194489 -0.0208623 -0.0223917 -0.0238765 -0.0251945 -0.0262463 -0.0269914 -0.0274039 -0.0275445 -0.0274482 -0.0271774 -0.026765 -0.0262349 -0.0256489 -0.0250123 -0.0243788 -0.0237372 -0.0231022 -0.022485 -0.0218736 -0.0213118 -0.0207748 -0.0202876 
0 0.000767521 0.00154797 0.00233017 0.00312226 0.00391099 0.00472623 0.00557431 0.00646212 0.007405 0.00840239 0.00951444 0.010771 0.0122305 0.0139377 0.0159174 0.0182503 0.0209658 0.0241054 0.0276392 0.0314701 0.0355084 0.0395728 0.0434755 0.0469677 0.0497677 0.0516411 0.0523269 0.0516796 0.049642 0.0462404 0.0416199 0.0359728 0.0296278 0.0229643 0.0163728 0.0102449 0.00493445 0.000707616 -0.00228896 -0.00400169 -0.00447333 -0.00381842 -0.00226202 -3.50762e-05 0.00261703 0.00543903 0.00818241 0.010681 0.012805 0.0144378 0.0155557 0.0161333 0.0162164 0.0158201 0.0149982 0.0138375 0.0123928 0.0106977 0.00886133 0.00692287 0.00490223 0.00288625 0.000890442 -0.00105178 -0.00291774 -0.00466945 -0.00630502 -0.00779939 -0.00915223 -0.010321 -0.0113305 -0.0121498 -0.0127665 -0.0131867 -0.0134029 -0.0133933 -0.0131738 -0.0127359 -0.0120784 -0.011228 -0.0101864 -0.00898981 -0.0076624 -0.00624426 -0.00476778 -0.00328998 -0.00183757 -0.000475602 0.000774354 0.0018388 0.00269166 0.00330042 0.00363604 0.00364964 0.00339387 0.00284775 0.00203481 0.00100282 -0.000190609 -0.00152754 -0.00290364 -0.00429728 -0.00564323 -0.00686784 -0.00791194 -0.00877008 -0.00935447 -0.00966192 -0.00967796 -0.00941049 -0.00886149 -0.00807874 -0.0070702 -0.00590399 -0.00460232 -0.00321496 -0.00178151 -0.0003552 0.00103917 0.00234927 0.00355188 0.00460726 0.00550498 0.00622927 0.00675696 0.00710509 0.00727438 0.00725209 0.00705473 0.00670221 0.00616171 0.00547231 0.00462282 0.00362232 0.00246345 0.00115848 -0.000303796 -0.00191553 -0.00371541 -0.00567222 -0.00782391 -0.0102123 -0.0128222 -0.015698 -0.0188933 -0.0224147 -0.0262843 -0.0305563 -0.0352166 -0.0402701 -0.0456643 -0.0513539 -0.0572124 -0.0630688 -0.0687263 -0.0739506 -0.0784668 -0.0819928 -0.084314 -0.0852196 -0.0845719 -0.0823308 -0.078569 -0.0734422 -0.0672197 -0.0602462 -0.0529445 -0.0457273 -0.0389505 -0.032971 -0.028008 -0.024217 -0.0216491 -0.0202509 -0.0199285 -0.0204524 -0.0215878 -0.0231028 -0.0247708 -0.026437 -0.0279412 -0.0291908 -0.0301284 -0.0307179 -0.0310028 -0.0310175 -0.0308254 -0.0304708 -0.0299781 -0.029401 -0.0287693 -0.0281212 -0.0274704 -0.026819 -0.0261796 -0.0255581 -0.024969 -0.0244166 -0.0239021 
