0 0 0 0 0 0 0 0 0 0 0 0 0 0 0 0 0 0 0 0 0 0 0 0 0 0 0 0 0 0 0 0 0 0 0 0 0 0 0 0 0 0 0 0 0 0 0 0 0 0 0 0 0 0 0 0 0 0 0 0 0 0 0 0 0 0 0 0 0 0 0 0 0 0 0 0 0 0 0 0 0 0 0 0 0 0 0 0 0 0 0 0 0 0 0 0 0 0 0 0 0 0 0 0 0 0 0 0 0 0 0 0 0 0 0 0 0 0 0 0 0 0 0 0 0 0 0 0 0 0 0 0 0 0 0 0 0 0 0 0 0 0 0 0 0 0 0 0 0 0 0 0 0 0 0 0 0 0 0 0 0 0 0 0 0 0 0 0 0 0 0 0 0 0 0 0 0 0 0 0 0 0 0 0 0 0 0 0 0 0 0 0 0 0 0 0 0 0 0 0 
0 -4.70187e-06 1.56695e-06 7.38826e-06 1.13347e-05 1.23989e-05 1.87394e-05 2.8334e-05 2.93572e-05 3.32699e-05 4.37851e-05 5.71449e-05 6.19753e-05 5.88328e-05 6.42883e-05 7.40421e-05 7.75787e-05 7.90362e-05 8.48817e-05 9.46199e-05 0.000101032 9.96474e-05 0.000109748 0.000118578 0.000130106 0.000144651 0.000149627 0.000161979 0.000162909 0.000179568 0.000190975 0.000190623 0.000201022 0.00020665 0.000222228 0.000226822 0.000235433 0.000249117 0.000264879 0.000291345 0.000335165 0.000383313 0.000452112 0.000555756 0.000689999 0.000872066 0.0010899 0.00137212 0.00170705 0.00211857 0.00261289 0.0031856 0.00382287 0.00451838 0.00524537 0.00596094 0.00664654 0.00724532 0.0077234 0.00804938 0.00821769 0.00820585 0.00804637 0.00773418 0.00729983 0.00675508 0.00612195 0.00542317 0.00467626 0.00389783 0.00311307 0.00232134 0.00152772 0.000752002 -3.15362e-05 -0.000798415 -0.00154573 -0.00226542 -0.0029417 -0.0035387 -0.00406756 -0.00448855 -0.00480814 -0.00502244 -0.00514833 -0.00517787 -0.00513588 -0.00501605 -0.00483749 -0.00458829 -0.00428843 -0.00394102 -0.00357981 -0.00321213 -0.00284711 -0.00247709 -0.0021346 -0.0018057 -0.00147574 -0.00113761 -0.000810222 -0.000471084 -0.000131828 0.000196654 0.000513086 0.000850353 0.00119477 0.00155029 0.00191575 0.00230637 0.00269995 0.00309024 0.00344674 0.00376473 0.0040191 0.00421608 0.00432173 0.00433601 0.00424029 0.00401829 0.00363431 0.00311056 0.00241576 0.00157097 0.00059964 -0.00047573 -0.0016318 -0.00279968 -0.00396543 -0.00506821 -0.00605763 -0.00690217 -0.0075619 -0.00800587 -0.0082319 -0.00824188 -0.00805042 -0.0076995 -0.00721945 -0.00667091 -0.00608031 -0.00550334 -0.00495536 -0.004458 -0.00400311 -0.00360212 -0.00322813 -0.00288272 -0.00256368 -0.00226287 -0.00197227 -0.0016991 -0.00143995 -0.00118512 -0.000967943 -0.000771451 -0.000614393 -0.00048327 -0.000385035 -0.000314747 -0.000265182 -0.000240709 -0.000235972 -0.000228119 -0.000224587 -0.000231363 -0.000230819 -0.000241967 -0.000239401 -0.000242355 -0.000235344 -0.000227845 -0.000236498 -0.00023213 -0.000230495 -0.00022602 -0.000229074 -0.000230851 -0.000224026 -0.000219867 -0.000216995 -0.000213506 -0.000212554 -0.000211711 -0.000207462 -0.00020602 -0.000206668 -0.000214452 -0.000214198 -0.00021232 -0.000219788 -0.000226171 -0.00023008 -0.000224193 -0.000226222 -0.000232004 -0.000226578 -0.000219425 -0.000212615 -0.000216402 
0 1.56695e-06 1.05754e-05 3.27096e-05 3.12803e-05 3.94272e-05 4.92733e-05 6.4589e-05 7.04645e-05 6.79075e-05 8.91601e-05 0.000107341 0.000115146 0.000110559 0.000120697 0.000140425 0.00014926 0.000149655 0.000163462 0.000185265 0.000195138 0.000205317 0.000214744 0.00024158 0.000258831 0.000281389 0.000303775 0.000312788 0.000337096 0.000363597 0.000395513 0.000406885 0.000419662 0.000443297 0.000462794 0.00046927 0.000479779 0.000498556 0.000521135 0.000580921 0.000658363 0.000771468 0.000917678 0.00112799 0.00142234 0.00177783 0.00223202 0.00279589 0.00346814 0.00429639 0.00529015 0.00642694 0.00771069 0.00908707 0.0105245 0.0119505 0.0132843 0.0144702 0.0154003 0.016027 0.016337 0.0162935 0.0159261 0.0152867 0.0143823 0.0132745 0.0120126 0.0106214 0.0091436 0.00762342 0.00607644 0.0045171 0.00297622 0.00144526 -7.65372e-05 -0.0015616 -0.00300953 -0.00440785 -0.00569477 -0.00686497 -0.00788529 -0.00871269 -0.00936244 -0.00982884 -0.0100865 -0.010179 -0.0101125 -0.00987911 -0.00951523 -0.00904317 -0.00847474 -0.00784363 -0.00715578 -0.00642549 -0.00570511 -0.00501031 -0.0043112 -0.00361142 -0.00294002 -0.00227984 -0.0016103 -0.000951996 -0.000306351 0.000361892 0.00104554 0.00171695 0.0024001 0.00312739 0.00387858 0.0046358 0.00539329 0.00612023 0.00680385 0.00742463 0.00792748 0.00829274 0.00850807 0.00851046 0.00828226 0.00780486 0.00703395 0.00596386 0.00459991 0.0029348 0.00102394 -0.0010862 -0.00333714 -0.0056411 -0.00791246 -0.0100711 -0.0120164 -0.0136633 -0.0149465 -0.0158167 -0.0162414 -0.0162462 -0.0158753 -0.0151677 -0.0142371 -0.0131631 -0.0120088 -0.0108823 -0.00982464 -0.0088411 -0.00797505 -0.00718927 -0.00646381 -0.00579963 -0.00516709 -0.00457427 -0.00399951 -0.00344818 -0.00292923 -0.00243154 -0.00198444 -0.00161443 -0.00129005 -0.00103253 -0.000834442 -0.000676088 -0.00057026 -0.000504663 -0.000478804 -0.000456461 -0.00044486 -0.000447852 -0.00046116 -0.000468607 -0.000478861 -0.000481407 -0.000464519 -0.000462804 -0.000461741 -0.00046545 -0.000450212 -0.000441524 -0.000449418 -0.000448299 -0.000444623 -0.000439019 -0.000439669 -0.000439133 -0.000441322 -0.000439566 -0.00043778 -0.000427425 -0.000433283 -0.000441303 -0.000433612 -0.000431246 -0.000426791 -0.000444906 -0.000436867 -0.000427058 -0.000432757 -0.000435851 -0.000443413 -0.000421501 -0.000427631 -0.000435533 
0 7.38826e-06 3.27096e-05 5.40251e-05 6.38596e-05 6.72756e-05 8.38939e-05 0.000107146 0.000106805 0.000106811 0.000123365 0.000148061 0.000157917 0.000154898 0.000176762 0.000210304 0.000225142 0.000232394 0.000251147 0.000281786 0.000303775 0.000306241 0.000331497 0.000353572 0.000380512 0.000416067 0.000435786 0.000475416 0.000497403 0.000556338 0.000602811 0.000617108 0.000649683 0.000670449 0.000707716 0.000717121 0.0007348 0.000768412 0.000815273 0.0009002 0.0010388 0.00120531 0.00143772 0.00177385 0.00220887 0.00277833 0.00346339 0.00432947 0.00535735 0.00660698 0.00809482 0.00980592 0.0117009 0.0137494 0.0158736 0.0179536 0.01992 0.0216224 0.022955 0.0238305 0.0242254 0.0240864 0.0234933 0.0224549 0.0210585 0.01936 0.017436 0.0153586 0.0131825 0.0109522 0.00872117 0.00648327 0.00424877 0.00206045 -0.000130673 -0.00226116 -0.0043175 -0.0062813 -0.0081192 -0.00976372 -0.0112438 -0.0124718 -0.0134531 -0.0141626 -0.0146156 -0.0147847 -0.0147207 -0.0144199 -0.0139432 -0.0132845 -0.0124998 -0.0116007 -0.0106517 -0.00965578 -0.00862547 -0.00754579 -0.0064955 -0.00546343 -0.00443986 -0.00342048 -0.00244447 -0.00145456 -0.000458544 0.000537405 0.00153519 0.00259707 0.00367912 0.00477128 0.00585453 0.00695561 0.00803275 0.00908099 0.0100419 0.0109041 0.0115998 0.0121203 0.0123692 0.0123241 0.0119365 0.0111725 0.00996369 0.00836949 0.0063321 0.00389956 0.00112731 -0.00193186 -0.00521379 -0.00854489 -0.0118611 -0.0149934 -0.0177935 -0.0201635 -0.0219968 -0.0232174 -0.0238204 -0.0238197 -0.0232616 -0.0222546 -0.0208925 -0.019334 -0.0176651 -0.0160367 -0.0145025 -0.0131158 -0.0118626 -0.0107557 -0.00972332 -0.00875956 -0.00785172 -0.00697949 -0.00612659 -0.00531281 -0.00453606 -0.00378076 -0.00312577 -0.00254014 -0.00205914 -0.00165369 -0.00133598 -0.00109276 -0.000910778 -0.000801318 -0.000750733 -0.00070452 -0.000678099 -0.00068343 -0.000681018 -0.000707081 -0.000706912 -0.000717735 -0.000704864 -0.000692028 -0.000712558 -0.00070043 -0.000687077 -0.000667352 -0.000667894 -0.000669468 -0.000655943 -0.000652683 -0.000655254 -0.000657477 -0.000665023 -0.000669759 -0.0006643 -0.000660818 -0.000661944 -0.000674705 -0.000663357 -0.000645653 -0.000647989 -0.000651834 -0.000648419 -0.000627269 -0.000630714 -0.000647976 -0.000643394 -0.000635145 -0.000635122 -0.00065619 
0 1.13347e-05 3.12803e-05 6.38596e-05 6.42408e-05 7.60836e-05 9.89909e-05 0.000131065 0.000145063 0.000145271 0.000174739 0.000203979 0.000219537 0.000221328 0.00024764 0.00028567 0.000303203 0.000305868 0.000329489 0.000369879 0.000395451 0.000417827 0.000441138 0.000484789 0.000517922 0.000558272 0.000598776 0.00062745 0.000674776 0.000730985 0.000789502 0.000816398 0.000847278 0.000893472 0.000939381 0.000966978 0.00100401 0.00106168 0.00113832 0.0012816 0.0014721 0.0017304 0.00206401 0.0025244 0.00314234 0.00390132 0.00485131 0.00602242 0.00742016 0.00911294 0.0111151 0.0133848 0.0159018 0.018573 0.0213201 0.0240064 0.0264912 0.0286489 0.0303013 0.031351 0.0317601 0.0314757 0.0305518 0.0290787 0.0271133 0.0247801 0.0221938 0.0194348 0.0165861 0.0137231 0.0108708 0.00803903 0.00525726 0.00251614 -0.000192958 -0.00282409 -0.00537109 -0.00781539 -0.0100812 -0.0121576 -0.0140117 -0.015579 -0.0168666 -0.0178497 -0.0184819 -0.0187987 -0.018809 -0.0185095 -0.0179611 -0.0172078 -0.0162801 -0.0152223 -0.0140468 -0.0127696 -0.0114499 -0.0101099 -0.00873277 -0.0073375 -0.00597153 -0.00462603 -0.00328154 -0.00195242 -0.000629652 0.000734178 0.00213315 0.00353438 0.0049492 0.00639675 0.00784079 0.00925353 0.0106203 0.0119055 0.0130897 0.0141388 0.0149658 0.0155242 0.0157656 0.0155943 0.0149758 0.0138833 0.0122645 0.0101294 0.00748533 0.0043353 0.000759321 -0.00316857 -0.00734862 -0.0116176 -0.01582 -0.0197877 -0.0233331 -0.0263039 -0.0285874 -0.0301035 -0.0308203 -0.0307828 -0.0300691 -0.0287648 -0.0270487 -0.0250684 -0.0229517 -0.0208823 -0.0189469 -0.0171762 -0.0156221 -0.014232 -0.0129533 -0.0117677 -0.0106231 -0.00951619 -0.00841559 -0.00733541 -0.00629222 -0.00528513 -0.00437298 -0.00359404 -0.00291828 -0.00236715 -0.00193032 -0.00157944 -0.00132781 -0.00116042 -0.00107 -0.000998657 -0.000953815 -0.000940201 -0.000945098 -0.000951736 -0.000961488 -0.000963031 -0.000939213 -0.000935458 -0.000938147 -0.00093929 -0.000912456 -0.000893519 -0.000899474 -0.00089711 -0.000890144 -0.000881534 -0.000881909 -0.000880703 -0.000884331 -0.000882969 -0.000878403 -0.000865239 -0.000873585 -0.000886155 -0.000874354 -0.000866347 -0.000862185 -0.000884932 -0.00087343 -0.000856164 -0.000863064 -0.000872624 -0.000879906 -0.000849993 -0.000858117 -0.000871289 
0 1.23989e-05 3.94272e-05 6.72756e-05 7.60836e-05 8.70972e-05 0.000117859 0.000157434 0.000174544 0.00018541 0.000217079 0.000254689 0.000276046 0.000284428 0.000317833 0.000362843 0.000383411 0.000393085 0.0004198 0.00046521 0.000501526 0.000521505 0.000559634 0.000602943 0.000649985 0.000703857 0.000746942 0.00079885 0.000843563 0.000915423 0.000976222 0.00100556 0.00105159 0.00110498 0.00117593 0.00123012 0.00129936 0.00139899 0.00153311 0.00173356 0.00201168 0.00235637 0.00280661 0.00341648 0.00420416 0.00520061 0.00641958 0.0079238 0.00971668 0.0118598 0.0143652 0.0171938 0.0202794 0.0235422 0.0268608 0.0300655 0.0330159 0.0355163 0.037391 0.038514 0.0388318 0.0382955 0.0369923 0.0349941 0.0324314 0.0294388 0.0261636 0.0227358 0.0192582 0.0158088 0.0124419 0.00915163 0.00594092 0.00282206 -0.000251713 -0.00323613 -0.00612118 -0.00888995 -0.0114973 -0.0138867 -0.0160583 -0.0179279 -0.0194844 -0.0206957 -0.0215531 -0.0220386 -0.0221842 -0.021989 -0.0215053 -0.0207416 -0.019748 -0.0185545 -0.017221 -0.0157665 -0.0142208 -0.0125917 -0.0109394 -0.00926623 -0.007577 -0.00587158 -0.0041768 -0.00246372 -0.000741673 0.000986077 0.0027156 0.00448079 0.00625083 0.00801299 0.00974014 0.0114344 0.0130514 0.0145613 0.0159 0.0170315 0.0178763 0.0183987 0.0185056 0.0181468 0.0172697 0.0158336 0.013779 0.0111478 0.00791015 0.00411323 -0.000164237 -0.00483892 -0.00979673 -0.0148244 -0.0197729 -0.024415 -0.0285346 -0.031973 -0.0345911 -0.0362988 -0.037089 -0.0370009 -0.0361169 -0.0345763 -0.0325378 -0.0302022 -0.027722 -0.0252986 -0.0230367 -0.0210032 -0.0192061 -0.0176264 -0.0161748 -0.0148135 -0.0134992 -0.0121952 -0.0108772 -0.00956327 -0.00826525 -0.00699488 -0.00584255 -0.00481815 -0.00394717 -0.00321783 -0.00263313 -0.00217303 -0.00182673 -0.0015961 -0.00145613 -0.00134516 -0.00126899 -0.00123453 -0.00121146 -0.00121513 -0.00120796 -0.00120611 -0.001184 -0.00117089 -0.00118649 -0.0011772 -0.00115617 -0.00113469 -0.00113605 -0.00113714 -0.00112169 -0.00110995 -0.00110215 -0.00109522 -0.00109611 -0.0010952 -0.00108704 -0.00107929 -0.00108496 -0.00110057 -0.0010928 -0.0010823 -0.0010919 -0.00111002 -0.00110846 -0.0010893 -0.00109268 -0.0011088 -0.00110358 -0.00108055 -0.00107554 -0.00108761 
0 1.87394e-05 4.92733e-05 8.38939e-05 9.89909e-05 0.000117859 0.000151988 0.000191134 0.000213192 0.000228404 0.000264022 0.000304289 0.000328601 0.000342521 0.000377974 0.000424448 0.000451847 0.000468395 0.000503373 0.000556406 0.000599946 0.000633218 0.000676084 0.000731487 0.000789059 0.000850754 0.000908266 0.000964704 0.00102625 0.00110324 0.00117365 0.0012203 0.00127809 0.00135501 0.00144589 0.00153092 0.00163448 0.00177671 0.0019695 0.00224728 0.00261603 0.0030825 0.00367922 0.00446303 0.00546735 0.00671339 0.0082369 0.0100865 0.0122835 0.0148789 0.0178799 0.0212328 0.0248625 0.0286573 0.0324763 0.0361321 0.0394389 0.0421877 0.0441715 0.0452492 0.0453555 0.044465 0.0426648 0.0400802 0.0368627 0.0331926 0.02925 0.0251886 0.0211327 0.0171805 0.0133816 0.00974132 0.00625868 0.00291449 -0.000336167 -0.00348568 -0.00654201 -0.00949658 -0.0123015 -0.0149148 -0.0173048 -0.0194033 -0.0211891 -0.0226336 -0.0237111 -0.02442 -0.0247681 -0.024749 -0.0243924 -0.0237181 -0.0227574 -0.021545 -0.0201229 -0.0185291 -0.0168121 -0.0149992 -0.0131123 -0.0111628 -0.00916847 -0.00713319 -0.00506676 -0.00297772 -0.000878373 0.00122925 0.00333176 0.00542242 0.0074932 0.00954127 0.0115413 0.013466 0.01527 0.0169041 0.0183138 0.0194452 0.0202224 0.0205979 0.0205074 0.0198874 0.0186936 0.0168849 0.0144155 0.0112981 0.00753263 0.0031606 -0.00172541 -0.00701856 -0.0125781 -0.0181966 -0.0236832 -0.0288104 -0.0333487 -0.0371116 -0.0399526 -0.0417753 -0.0425656 -0.042377 -0.0413153 -0.0395316 -0.0372258 -0.0346052 -0.0318574 -0.0291872 -0.0267172 -0.0245093 -0.0225814 -0.0208877 -0.019341 -0.0178825 -0.0164504 -0.0150032 -0.0135116 -0.0119893 -0.0104567 -0.00894719 -0.0075443 -0.00629141 -0.00520324 -0.00428579 -0.00353492 -0.0029301 -0.00246715 -0.0021383 -0.00191651 -0.00174608 -0.00162286 -0.00154835 -0.00150401 -0.00148432 -0.00147044 -0.00145652 -0.00142908 -0.00141524 -0.00141911 -0.00141034 -0.00138386 -0.00136319 -0.00136446 -0.0013655 -0.00135519 -0.00134254 -0.00133394 -0.0013276 -0.00132875 -0.00132877 -0.00132176 -0.00131269 -0.00131742 -0.00132645 -0.00131607 -0.00130451 -0.00130982 -0.00132696 -0.00132125 -0.00130422 -0.00130563 -0.00131811 -0.00131729 -0.00129576 -0.00129582 -0.00130799 
0 2.8334e-05 6.4589e-05 0.000107146 0.000131065 0.000157434 0.000191134 0.000225318 0.000250009 0.000268365 0.000305613 0.00034633 0.000374015 0.000396686 0.000435998 0.000486183 0.000524676 0.000553361 0.000598125 0.000656755 0.000706155 0.000751286 0.000796661 0.000859928 0.000924701 0.000991008 0.00106157 0.00112425 0.00120637 0.00129234 0.00137676 0.00144771 0.00152258 0.00162768 0.0017436 0.00187021 0.00202109 0.00222126 0.0024913 0.00286426 0.00334414 0.00395552 0.00472716 0.00571476 0.00696623 0.00849297 0.0103478 0.0125588 0.0151651 0.0182004 0.0216662 0.0254997 0.0296174 0.0338802 0.0381242 0.0421456 0.0457084 0.0485887 0.0505532 0.0514531 0.0512174 0.0498595 0.0474726 0.0442383 0.0403329 0.0359791 0.0313863 0.0267321 0.0221636 0.017796 0.0136764 0.00981785 0.00620956 0.00279665 -0.000464072 -0.00360987 -0.00666531 -0.00963716 -0.0124865 -0.0151937 -0.0177019 -0.0199648 -0.021943 -0.0236093 -0.0249193 -0.0258769 -0.0264632 -0.0266737 -0.0265122 -0.0260044 -0.0251612 -0.0240256 -0.0226232 -0.0209951 -0.0191837 -0.0172314 -0.0151428 -0.0129476 -0.0106719 -0.00833039 -0.00592346 -0.00348715 -0.00103501 0.0014252 0.00387868 0.00628914 0.00865492 0.0109577 0.0131689 0.0152441 0.0171477 0.0188151 0.0202013 0.0212401 0.0218692 0.0220278 0.0216764 0.0207439 0.0191957 0.0169905 0.014105 0.0105276 0.00629374 0.00144212 -0.00392508 -0.00968571 -0.0156762 -0.021706 -0.0275474 -0.0329798 -0.0377682 -0.0417069 -0.0446452 -0.0464861 -0.0472073 -0.046875 -0.0456162 -0.0435971 -0.0410566 -0.0382106 -0.0352833 -0.032472 -0.0299109 -0.0276477 -0.0256983 -0.023986 -0.0224274 -0.0209403 -0.019451 -0.017914 -0.016299 -0.0146125 -0.0128817 -0.0111607 -0.00951967 -0.00803499 -0.0067149 -0.00558541 -0.00463853 -0.00385995 -0.0032513 -0.00279765 -0.00246888 -0.00222018 -0.00203454 -0.00190577 -0.00182924 -0.00177699 -0.00175017 -0.00172037 -0.00168826 -0.00167394 -0.00166523 -0.00165617 -0.00162403 -0.00160108 -0.00159575 -0.00159152 -0.00158358 -0.0015705 -0.00156286 -0.0015606 -0.00156417 -0.0015664 -0.00156234 -0.00155385 -0.00155839 -0.00156004 -0.0015476 -0.00153387 -0.00153106 -0.00154202 -0.00152997 -0.00151557 -0.00151535 -0.00152348 -0.00152732 -0.00151117 -0.00151759 -0.00153041 
0 2.93572e-05 7.04645e-05 0.000106805 0.000145063 0.000174544 0.000213192 0.000250009 0.00027961 0.000312631 0.000351924 0.000397807 0.000432 0.000466059 0.000508969 0.000562053 0.000605274 0.000647761 0.000696451 0.000754741 0.000816111 0.00086331 0.000926607 0.000988341 0.00106517 0.00114084 0.00121035 0.00129577 0.00137927 0.00148301 0.00157686 0.00166836 0.00177425 0.00190356 0.00206125 0.00224558 0.0024653 0.00274894 0.0031303 0.00361629 0.00424996 0.00502655 0.0060058 0.00723423 0.00874279 0.0105874 0.012778 0.0153599 0.0183731 0.0218305 0.0257236 0.030002 0.0345334 0.0391935 0.0437706 0.0480343 0.0517411 0.0546071 0.0564172 0.0570122 0.0563217 0.054394 0.0513678 0.0474202 0.0428099 0.0377707 0.0325411 0.02734 0.0223384 0.0176439 0.0133305 0.00939814 0.00579779 0.00247829 -0.000641502 -0.0036328 -0.00652941 -0.00935068 -0.0121111 -0.014763 -0.0172853 -0.0196366 -0.0217572 -0.0236042 -0.0251603 -0.0263641 -0.0272035 -0.0276746 -0.0277702 -0.027484 -0.026843 -0.0258605 -0.0245781 -0.0230217 -0.0212032 -0.0191441 -0.0169118 -0.0145315 -0.0120116 -0.00938922 -0.00671238 -0.00397467 -0.00119931 0.0015682 0.00430735 0.00702072 0.00965566 0.0121606 0.0145017 0.0166512 0.018555 0.0201745 0.0214413 0.0223007 0.0227086 0.0226118 0.0219341 0.0206558 0.0187307 0.0161215 0.0128219 0.00884775 0.00421048 -0.00100809 -0.00672099 -0.0128014 -0.019077 -0.0253418 -0.0313834 -0.0369527 -0.041818 -0.0457837 -0.0486842 -0.050428 -0.051011 -0.0504946 -0.0490125 -0.0467869 -0.0440333 -0.0410181 -0.0379837 -0.0351161 -0.0325502 -0.0303482 -0.0284625 -0.0268389 -0.0253622 -0.0239237 -0.0224639 -0.0209023 -0.0192234 -0.0174274 -0.0155381 -0.0136248 -0.0117736 -0.010037 -0.00848677 -0.00712057 -0.00595145 -0.0049856 -0.00420105 -0.003605 -0.0031484 -0.00280078 -0.00253499 -0.00234172 -0.00220511 -0.00212083 -0.00205589 -0.00200557 -0.00196783 -0.0019368 -0.00193089 -0.00190728 -0.00188372 -0.00185755 -0.00184095 -0.00183583 -0.00181965 -0.00180794 -0.00179527 -0.00179212 -0.00179179 -0.00179059 -0.00178153 -0.00177808 -0.00177894 -0.00178045 -0.00177571 -0.00176161 -0.00176727 -0.0017659 -0.0017637 -0.00175276 -0.00174978 -0.00176009 -0.0017507 -0.00174883 -0.0017423 -0.001751 
0 3.32699e-05 6.79075e-05 0.000106811 0.000145271 0.00018541 0.000228404 0.000268365 0.000312631 0.000357672 0.000406371 0.000456524 0.000498692 0.000545657 0.00059218 0.000638914 0.000690839 0.00073528 0.000789766 0.000849007 0.000909943 0.000983935 0.00104561 0.00112999 0.00121537 0.00129649 0.00138902 0.00146612 0.00157808 0.00167738 0.00178545 0.00190957 0.00203753 0.00221582 0.00241878 0.00267734 0.0029879 0.00337806 0.00388466 0.00453279 0.00532816 0.00632315 0.00754302 0.00902989 0.0108453 0.0129959 0.0155432 0.0184863 0.0218869 0.0257424 0.0300376 0.0346904 0.0395925 0.0445502 0.0493446 0.0537414 0.0574263 0.0601513 0.0616753 0.0618502 0.0606159 0.0580689 0.0543249 0.04966 0.0443147 0.0385918 0.0327669 0.0270743 0.0217082 0.0168073 0.0124042 0.00851018 0.00507182 0.0019635 -0.000872103 -0.0035575 -0.00615859 -0.00871658 -0.0112342 -0.0137399 -0.0161603 -0.0184963 -0.0206822 -0.0226817 -0.0244113 -0.0258639 -0.026972 -0.0277232 -0.028082 -0.0280857 -0.0277072 -0.0269743 -0.0258643 -0.0244129 -0.0226481 -0.0206247 -0.0183198 -0.0157997 -0.0131147 -0.01031 -0.00738128 -0.00440452 -0.00139525 0.001628 0.00464186 0.00754809 0.0103389 0.0129679 0.0153946 0.0175384 0.0193749 0.0208357 0.0219148 0.0225407 0.0226749 0.0222405 0.021234 0.0195799 0.0172665 0.0142726 0.0106282 0.00629896 0.0013753 -0.0041087 -0.0100546 -0.0163225 -0.022725 -0.0291021 -0.0351707 -0.0407218 -0.045527 -0.049362 -0.0520926 -0.0536419 -0.0539923 -0.0532365 -0.0515366 -0.0490862 -0.0461741 -0.0430318 -0.0399423 -0.0370818 -0.0345939 -0.032506 -0.0308005 -0.0293464 -0.0280521 -0.0267782 -0.0254236 -0.0239301 -0.0222594 -0.0204053 -0.0184057 -0.0163488 -0.0142857 -0.0123404 -0.0105368 -0.00893436 -0.00753339 -0.00634261 -0.00537268 -0.00459626 -0.00398334 -0.00351315 -0.00314373 -0.00285551 -0.00266064 -0.00250371 -0.00240632 -0.00231527 -0.00225339 -0.00221975 -0.00218112 -0.00216954 -0.00213962 -0.0021198 -0.00210322 -0.00208597 -0.00207724 -0.00205576 -0.00204061 -0.00203299 -0.00202246 -0.00201258 -0.00200021 -0.00199291 -0.00199718 -0.00199561 -0.00199892 -0.00199919 -0.00199836 -0.0020043 -0.00200004 -0.00200173 -0.00200051 -0.00199687 -0.00199472 -0.00198271 -0.0019787 -0.00197155 
0 4.37851e-05 8.91601e-05 0.000123365 0.000174739 0.000217079 0.000264022 0.000305613 0.000351924 0.000406371 0.000451178 0.00049861 0.000546173 0.000604995 0.000654941 0.000708288 0.000764782 0.000830759 0.000892455 0.000952226 0.00102912 0.00110074 0.00118533 0.00126396 0.0013631 0.00146004 0.00155171 0.00166184 0.00177398 0.00189976 0.00202682 0.0021831 0.00236286 0.00258274 0.0028513 0.00319721 0.00361312 0.00412989 0.00479937 0.005612 0.00662769 0.00784968 0.00934227 0.0111304 0.0132436 0.0157439 0.0186336 0.0219364 0.0257053 0.0299203 0.0345468 0.0395245 0.0446795 0.049845 0.0547495 0.0591332 0.0626992 0.0651463 0.0662727 0.0659364 0.0640867 0.0608437 0.0563885 0.0509646 0.0449119 0.0385403 0.0321567 0.0260377 0.0204064 0.0153701 0.0109946 0.00726019 0.00406384 0.00129423 -0.00115406 -0.00343568 -0.00562329 -0.00777742 -0.00997227 -0.0121967 -0.0144334 -0.0166772 -0.0188457 -0.0208843 -0.0227635 -0.0243967 -0.0257407 -0.0267818 -0.0274728 -0.0277748 -0.027683 -0.0271914 -0.0263151 -0.0250646 -0.0234398 -0.0214603 -0.019196 -0.0166826 -0.0139283 -0.0109888 -0.00793412 -0.00477702 -0.00156831 0.00161327 0.00473007 0.00776117 0.010637 0.0132869 0.0156619 0.0177236 0.0194227 0.0207189 0.0215484 0.021868 0.0216665 0.0208976 0.0195092 0.0175055 0.0148535 0.0115332 0.00758019 0.00300489 -0.00214823 -0.00778586 -0.0138334 -0.0201594 -0.0265757 -0.0329028 -0.0388937 -0.0442988 -0.0488958 -0.0524899 -0.0549306 -0.0561704 -0.0562235 -0.0551831 -0.053214 -0.0505703 -0.0474851 -0.0442521 -0.041149 -0.0383467 -0.0359872 -0.0341172 -0.032643 -0.0314668 -0.0304455 -0.0294071 -0.0282655 -0.0269114 -0.0253284 -0.0234992 -0.0214595 -0.019303 -0.017103 -0.0149398 -0.0129204 -0.0110639 -0.00940584 -0.00798482 -0.00677916 -0.00580108 -0.0049975 -0.00436848 -0.00386609 -0.00346881 -0.00317212 -0.00295488 -0.00278875 -0.00266022 -0.00257768 -0.00250964 -0.00246779 -0.00242812 -0.00240818 -0.00238271 -0.00235435 -0.00233961 -0.00231893 -0.00230365 -0.00228412 -0.00227868 -0.00226796 -0.0022568 -0.00224497 -0.00224335 -0.0022401 -0.00223347 -0.00223859 -0.00223491 -0.00223737 -0.00222273 -0.00222656 -0.00222921 -0.00222366 -0.0022233 -0.00220972 -0.00221961 -0.00220653 -0.00220051 
0 5.71449e-05 0.000107341 0.000148061 0.000203979 0.000254689 0.000304289 0.00034633 0.000397807 0.000456524 0.00049861 0.000544361 0.000596017 0.000663515 0.000718978 0.000768372 0.000839407 0.000915672 0.000991909 0.00106006 0.00114129 0.0012384 0.00132319 0.00141903 0.00152316 0.00162679 0.00173843 0.00184912 0.00199005 0.00212884 0.00229054 0.00250111 0.00273715 0.00302977 0.00337785 0.00382591 0.00436867 0.0050338 0.00587313 0.00690083 0.00814238 0.00964636 0.0114436 0.013549 0.0160047 0.018835 0.0220706 0.0257078 0.0298011 0.0343221 0.0392267 0.0444207 0.0497518 0.0549929 0.0598717 0.064128 0.067427 0.069501 0.0701452 0.0692262 0.0667129 0.0627577 0.0575378 0.051381 0.0446291 0.0376553 0.0308002 0.0243504 0.0185317 0.0134692 0.00918663 0.00566958 0.00281197 0.000451218 -0.00151774 -0.00328444 -0.00496791 -0.0066554 -0.00841548 -0.0102933 -0.0122425 -0.014278 -0.0163297 -0.0183528 -0.0202737 -0.022052 -0.0236056 -0.0248932 -0.0258447 -0.0264514 -0.0266613 -0.0264665 -0.0258364 -0.0247968 -0.0233683 -0.0215875 -0.0194455 -0.0169993 -0.014285 -0.0113576 -0.00824909 -0.00504108 -0.00178918 0.00144391 0.00461163 0.0076135 0.0104174 0.0129744 0.0152413 0.017141 0.0186356 0.0196619 0.0202085 0.0202214 0.0196842 0.01855 0.0168308 0.0144944 0.0115386 0.00795927 0.0038015 -0.000955212 -0.00621769 -0.0119273 -0.0179947 -0.0242726 -0.0305753 -0.0367518 -0.0425223 -0.0476714 -0.0519836 -0.0552408 -0.0573219 -0.0581877 -0.0578565 -0.0564573 -0.0541897 -0.051293 -0.0480584 -0.0447494 -0.0416601 -0.0389553 -0.0367716 -0.0351341 -0.0339664 -0.033114 -0.0324395 -0.031741 -0.0308826 -0.0297706 -0.0283558 -0.026622 -0.0246154 -0.0224343 -0.020132 -0.0178303 -0.0156037 -0.0135182 -0.011608 -0.00991889 -0.00846552 -0.00723495 -0.00620789 -0.00538942 -0.00472798 -0.00419645 -0.00379984 -0.00348623 -0.00325604 -0.00306841 -0.00294093 -0.00284545 -0.00275584 -0.00270545 -0.00266759 -0.00263871 -0.00260845 -0.00258438 -0.00257418 -0.00255542 -0.00254181 -0.00253801 -0.00252518 -0.00251532 -0.00250616 -0.00250516 -0.0024965 -0.00247842 -0.00247835 -0.00247666 -0.00246812 -0.0024492 -0.00244617 -0.00245301 -0.00244559 -0.00243534 -0.00243229 -0.00244486 -0.00244277 -0.0024339 
0 6.19753e-05 0.000115146 0.000157917 0.000219537 0.000276046 0.000328601 0.000374015 0.000432 0.000498692 0.000546173 0.000596017 0.000658243 0.000737003 0.00079898 0.00085459 0.000932548 0.0010244 0.00110795 0.00117844 0.00126763 0.00136913 0.00146504 0.00156103 0.00167182 0.00178879 0.0019126 0.00205068 0.00221326 0.00238745 0.00259304 0.00286101 0.0031718 0.00354389 0.00399409 0.00457213 0.00527482 0.00612895 0.00718805 0.00845701 0.0099743 0.0117723 0.0138864 0.0163184 0.0190949 0.0222536 0.0258059 0.0297503 0.0341257 0.0388921 0.0439835 0.0493043 0.0546767 0.0598736 0.064607 0.0686067 0.0715481 0.0731558 0.0732415 0.0716863 0.0684776 0.0637865 0.0578417 0.0509824 0.0436062 0.0361102 0.0288556 0.0221457 0.0162185 0.0111833 0.00707157 0.00384922 0.0013835 -0.000498454 -0.0019374 -0.00314873 -0.00427097 -0.00541314 -0.00667752 -0.00810889 -0.00969119 -0.0114405 -0.0132926 -0.015198 -0.0171004 -0.0189288 -0.0206026 -0.0220725 -0.0232604 -0.0241137 -0.024587 -0.0246661 -0.0243313 -0.0235816 -0.0224175 -0.0208552 -0.0189213 -0.01666 -0.0140956 -0.0112877 -0.00830023 -0.00519042 -0.00203004 0.00109589 0.00413121 0.00700392 0.00965305 0.0120158 0.0140388 0.0156729 0.0168862 0.0176285 0.0178616 0.0175494 0.0166872 0.0152457 0.0132249 0.0106262 0.00744596 0.00368628 -0.000610254 -0.00544507 -0.0107428 -0.0164255 -0.0224093 -0.0285505 -0.0346639 -0.0405914 -0.0460726 -0.0508838 -0.0548173 -0.057673 -0.0593267 -0.0597591 -0.0590061 -0.0572115 -0.0545954 -0.0514312 -0.0480048 -0.0446112 -0.0415339 -0.038936 -0.036944 -0.0355785 -0.0347354 -0.0342612 -0.033988 -0.0336891 -0.0332094 -0.0324229 -0.0312719 -0.0297274 -0.0278358 -0.0256913 -0.0233557 -0.0209392 -0.0185474 -0.0162439 -0.0140866 -0.0121402 -0.0104186 -0.00892787 -0.00765473 -0.00661743 -0.00576798 -0.00507689 -0.00454143 -0.00411866 -0.0037922 -0.00353798 -0.00336183 -0.00322282 -0.00310417 -0.00302384 -0.00297506 -0.00293248 -0.00288833 -0.00285635 -0.00283555 -0.00281448 -0.00279529 -0.00278669 -0.00276934 -0.00275604 -0.0027509 -0.00275263 -0.0027391 -0.00271697 -0.00271701 -0.00271906 -0.00271282 -0.00269066 -0.00269202 -0.00270174 -0.0026919 -0.00267736 -0.00267185 -0.00268985 -0.00268355 -0.00266834 
0 5.88328e-05 0.000110559 0.000154898 0.000221328 0.000284428 0.000342521 0.000396686 0.000466059 0.000545657 0.000604995 0.000663515 0.000737003 0.000824538 0.000891974 0.000950633 0.00102949 0.00112804 0.00121319 0.00128573 0.00138422 0.00149518 0.00160894 0.00171331 0.00183687 0.00197376 0.00211663 0.00228769 0.00247633 0.00269226 0.00294955 0.00328232 0.0036809 0.0041499 0.00472696 0.00545986 0.00635371 0.00743124 0.00874292 0.0102886 0.0121117 0.0142283 0.0166697 0.0194273 0.0225105 0.0259688 0.0297971 0.0340009 0.0385964 0.0435362 0.048732 0.054082 0.0593891 0.0644249 0.0688968 0.0725253 0.0750068 0.0760652 0.0755334 0.0733088 0.0694067 0.064008 0.0573915 0.049904 0.0419861 0.0340508 0.0264756 0.0195756 0.0135955 0.00863844 0.00474116 0.00185347 -0.000179523 -0.00154092 -0.00241594 -0.00303514 -0.00356537 -0.00413075 -0.00485595 -0.00578274 -0.00692797 -0.00830489 -0.00987181 -0.0115719 -0.0133616 -0.0151465 -0.0168485 -0.0183986 -0.019728 -0.0207682 -0.0214832 -0.0218319 -0.0217904 -0.0213404 -0.0204835 -0.0192142 -0.0175691 -0.0155821 -0.0132886 -0.0107472 -0.00803764 -0.00520148 -0.00231532 0.00054151 0.00330072 0.00589775 0.00825142 0.0103082 0.0120081 0.0133095 0.0141727 0.014574 0.0144749 0.0138593 0.0127138 0.0110226 0.00877274 0.00598719 0.00265988 -0.00119129 -0.00553383 -0.0103496 -0.0155902 -0.0211674 -0.0270017 -0.0329439 -0.0388119 -0.0444267 -0.0495516 -0.0539574 -0.0574497 -0.0598482 -0.0610335 -0.0609975 -0.0597927 -0.0575735 -0.0545784 -0.0511111 -0.0474604 -0.0439522 -0.0408572 -0.0383451 -0.0365282 -0.0354248 -0.0349112 -0.0348389 -0.0350086 -0.0351766 -0.0351573 -0.0347902 -0.0339954 -0.0327289 -0.0310334 -0.0289944 -0.0266892 -0.0242165 -0.0217091 -0.0192299 -0.0168584 -0.014671 -0.0126848 -0.0109219 -0.00938294 -0.00809641 -0.00702593 -0.00614454 -0.00543784 -0.00487687 -0.00442688 -0.00408345 -0.00383736 -0.0036396 -0.00348248 -0.00336608 -0.00330142 -0.00324403 -0.00318777 -0.00314819 -0.00311661 -0.0030915 -0.00306521 -0.00304632 -0.00301892 -0.00299654 -0.0029901 -0.00299203 -0.00297398 -0.00295236 -0.00295652 -0.00296577 -0.00296502 -0.00294411 -0.00295124 -0.00296342 -0.00295229 -0.00293359 -0.00292384 -0.00294184 -0.00292896 -0.00290604 
0 6.42883e-05 0.000120697 0.000176762 0.00024764 0.000317833 0.000377974 0.000435998 0.000508969 0.00059218 0.000654941 0.000718978 0.00079898 0.000891974 0.000971651 0.00103203 0.00112583 0.00122717 0.00132202 0.00140655 0.00150709 0.00164328 0.00175916 0.00188498 0.00201834 0.00217325 0.00235552 0.00255111 0.00279112 0.00305246 0.00337887 0.0037958 0.00429495 0.00488933 0.00562049 0.0065334 0.00764961 0.00898347 0.0105635 0.0124227 0.0145503 0.0170005 0.0197608 0.0228209 0.0262022 0.0299168 0.0339861 0.0383968 0.0431411 0.0481643 0.0533744 0.0586292 0.0637738 0.0685356 0.072648 0.0758302 0.0777699 0.0782282 0.0770445 0.0741383 0.0695632 0.0635248 0.0563002 0.0482968 0.0399292 0.0316412 0.0238214 0.016796 0.0107986 0.00597126 0.00231618 -0.000221905 -0.00179988 -0.0026407 -0.00295378 -0.00296806 -0.00288972 -0.00286599 -0.00300464 -0.00339961 -0.00406276 -0.00500792 -0.00621185 -0.00763013 -0.00917908 -0.0108118 -0.0124367 -0.0139752 -0.0153512 -0.0165261 -0.0174253 -0.0180124 -0.0182361 -0.0180846 -0.0175496 -0.0166464 -0.0153652 -0.0137582 -0.0118719 -0.00976096 -0.00746234 -0.00506423 -0.00262813 -0.000216036 0.0021157 0.00426629 0.00618783 0.00782127 0.00911921 0.0100234 0.0105107 0.0105383 0.0101147 0.00921664 0.00782791 0.0059327 0.0035563 0.000673145 -0.00270115 -0.00654648 -0.01084 -0.0155733 -0.020669 -0.0260778 -0.0317014 -0.0373845 -0.0429568 -0.0482303 -0.0529534 -0.0569195 -0.0599395 -0.0618314 -0.0625202 -0.0619922 -0.0603139 -0.0576541 -0.0542714 -0.050452 -0.0465494 -0.04287 -0.0397062 -0.0372408 -0.0355744 -0.0347037 -0.0345271 -0.0348518 -0.0354785 -0.0361548 -0.0366353 -0.0367698 -0.0364163 -0.0355258 -0.0341271 -0.03229 -0.0300848 -0.027642 -0.0250608 -0.0224573 -0.0199107 -0.0174938 -0.0152666 -0.0132208 -0.0114082 -0.00984775 -0.00852471 -0.00741826 -0.00651506 -0.00577537 -0.00518698 -0.00472818 -0.00438739 -0.00412568 -0.00389833 -0.00374936 -0.00364273 -0.00356541 -0.0034959 -0.00343508 -0.00340329 -0.00336601 -0.00334431 -0.00331948 -0.00328723 -0.00326316 -0.00325447 -0.00325609 -0.0032346 -0.00321073 -0.0032119 -0.00322266 -0.00321263 -0.00319351 -0.00319426 -0.00320789 -0.00319893 -0.00317418 -0.00317299 -0.00318304 -0.00317772 -0.00315188 
0 7.40421e-05 0.000140425 0.000210304 0.00028567 0.000362843 0.000424448 0.000486183 0.000562053 0.000638914 0.000708288 0.000768372 0.00085459 0.000950633 0.00103203 0.00111451 0.00120923 0.00133329 0.00143722 0.00153546 0.00166046 0.001794 0.00194162 0.00206823 0.0022207 0.00240389 0.00260698 0.00286097 0.00313577 0.00347265 0.00388566 0.00440414 0.00504098 0.00578997 0.00670893 0.00784151 0.00920584 0.0108163 0.0127003 0.014854 0.0173145 0.0200708 0.0231335 0.0264865 0.0301169 0.034068 0.0383212 0.0428722 0.0476847 0.052697 0.0577925 0.0628678 0.0677152 0.072116 0.0757922 0.0784419 0.0798058 0.0796337 0.0777894 0.0742334 0.0690443 0.0624165 0.0547018 0.0462487 0.0375321 0.0289814 0.0209924 0.0139037 0.00796866 0.00328772 -9.69812e-05 -0.00227671 -0.00343545 -0.00377096 -0.0035361 -0.00297019 -0.00228184 -0.00163516 -0.0011928 -0.00101148 -0.00115814 -0.00163096 -0.00241248 -0.00343489 -0.00468046 -0.00604353 -0.00747338 -0.00890457 -0.0102816 -0.0114894 -0.0125001 -0.0132503 -0.0137204 -0.0138633 -0.0136783 -0.0131482 -0.0123311 -0.0112266 -0.00986778 -0.00829261 -0.006589 -0.00477468 -0.00292586 -0.00111127 0.000591542 0.00216596 0.00352851 0.00463776 0.00542818 0.00588047 0.00595419 0.0056508 0.00490671 0.00374112 0.00215291 0.00014904 -0.0023081 -0.00518211 -0.00850409 -0.0122587 -0.0164408 -0.0210004 -0.0259202 -0.0310955 -0.0364446 -0.0418275 -0.0470708 -0.0519569 -0.0562854 -0.0598087 -0.0623391 -0.0637421 -0.0639142 -0.0628742 -0.0607127 -0.0575945 -0.053781 -0.0496112 -0.0453915 -0.0415072 -0.0382238 -0.0357485 -0.0341819 -0.03352 -0.0336251 -0.0343397 -0.0354078 -0.0365755 -0.0376009 -0.0382619 -0.0384278 -0.0380067 -0.0370048 -0.0354663 -0.033477 -0.0311222 -0.0285587 -0.0258736 -0.0231862 -0.0205879 -0.0181135 -0.0158141 -0.0137198 -0.0118752 -0.0102846 -0.00893327 -0.00779792 -0.00687029 -0.00610346 -0.00551242 -0.00505831 -0.00468783 -0.00439942 -0.00416706 -0.00402122 -0.00390459 -0.00380644 -0.00374008 -0.00368266 -0.00365455 -0.00362824 -0.00360458 -0.00357736 -0.00354758 -0.00354251 -0.0035362 -0.00351132 -0.00348538 -0.00347874 -0.00348222 -0.00346433 -0.00343626 -0.00343415 -0.00344254 -0.00343493 -0.00341563 -0.00341209 -0.00342825 -0.00342366 -0.00340635 
0 7.75787e-05 0.00014926 0.000225142 0.000303203 0.000383411 0.000451847 0.000524676 0.000605274 0.000690839 0.000764782 0.000839407 0.000932548 0.00102949 0.00112583 0.00120923 0.00132399 0.00144404 0.00155979 0.0016752 0.00179707 0.00195808 0.00210464 0.00226553 0.00243863 0.00264929 0.00290974 0.00320115 0.00355205 0.00396559 0.00448861 0.00513977 0.00593363 0.00687477 0.00802407 0.00940206 0.01105 0.0129673 0.0151452 0.0176285 0.0203795 0.0234454 0.0267817 0.0303782 0.0342383 0.0383509 0.042722 0.047329 0.0521085 0.0569982 0.0619039 0.0666727 0.0711672 0.0751162 0.0782793 0.0803593 0.0810958 0.0802884 0.0778199 0.0736635 0.0679312 0.0608328 0.0526789 0.0438904 0.0348981 0.0261618 0.0180895 0.0110294 0.00518691 0.000714366 -0.00240668 -0.00426383 -0.00501898 -0.00489174 -0.0041506 -0.00300823 -0.00172455 -0.000491078 0.000561554 0.00131817 0.00172465 0.00178842 0.00150382 0.00090947 7.48162e-05 -0.000966397 -0.00214634 -0.00338015 -0.00460188 -0.00577793 -0.00683401 -0.00770889 -0.0083601 -0.00878175 -0.00895508 -0.00889271 -0.0085764 -0.00803371 -0.00730628 -0.00642445 -0.00540018 -0.00431989 -0.00322457 -0.00215415 -0.00115766 -0.000304097 0.000377587 0.000843598 0.00107915 0.00103729 0.000682691 -1.12892e-05 -0.00102729 -0.00238262 -0.00410042 -0.00618445 -0.00862032 -0.011444 -0.0146559 -0.0182477 -0.0222344 -0.0265848 -0.0312433 -0.0361566 -0.0412096 -0.0462497 -0.0511332 -0.0556343 -0.0595423 -0.0626384 -0.0647244 -0.0656366 -0.0653239 -0.0637709 -0.0611 -0.0574982 -0.0532518 -0.0486732 -0.0441476 -0.0400066 -0.0365531 -0.03401 -0.0324716 -0.031929 -0.0322807 -0.0333208 -0.0348015 -0.0364682 -0.0380137 -0.0392489 -0.039966 -0.0400792 -0.0395597 -0.0384205 -0.0367258 -0.0345836 -0.0320936 -0.0294095 -0.0266442 -0.0238818 -0.0212217 -0.0186682 -0.0163191 -0.0141933 -0.0123247 -0.0107119 -0.0093295 -0.00816815 -0.00721135 -0.00644945 -0.00584775 -0.00537053 -0.00497068 -0.00467735 -0.00445469 -0.00429888 -0.00417484 -0.0040718 -0.00400895 -0.00395415 -0.00392843 -0.00389227 -0.00385813 -0.00383047 -0.00381496 -0.00380546 -0.00377654 -0.0037529 -0.00374327 -0.00374495 -0.00372259 -0.00369972 -0.00369196 -0.00369894 -0.00369494 -0.00367385 -0.00367607 -0.00367908 -0.00368041 -0.00366333 
0 7.90362e-05 0.000149655 0.000232394 0.000305868 0.000393085 0.000468395 0.000553361 0.000647761 0.00073528 0.000830759 0.000915672 0.0010244 0.00112804 0.00122717 0.00133329 0.00144404 0.00157678 0.0016948 0.00181809 0.00195436 0.00210846 0.00228448 0.00246238 0.00267295 0.00293122 0.00324394 0.00361967 0.00405022 0.00457974 0.00523746 0.00604089 0.00701825 0.00817785 0.00957418 0.0112333 0.0131806 0.0154144 0.0179181 0.0206989 0.0237586 0.0270892 0.0306604 0.0344588 0.0384638 0.0426711 0.0470689 0.0516314 0.0562887 0.0609753 0.0655868 0.0700082 0.0740561 0.0775069 0.0801185 0.0815884 0.0817056 0.0802877 0.0772287 0.072543 0.066349 0.0588419 0.0503766 0.0413321 0.0321754 0.023354 0.0152721 0.0082737 0.00257364 -0.00171497 -0.00457327 -0.00611114 -0.00649932 -0.00594005 -0.00471957 -0.00306843 -0.00123282 0.000585446 0.00222075 0.00357949 0.00457329 0.0051966 0.00543879 0.00534499 0.00493477 0.00428785 0.00345076 0.00248029 0.00143163 0.000394296 -0.000612465 -0.00154166 -0.00237894 -0.00308247 -0.00363086 -0.0040177 -0.00426623 -0.00435863 -0.00432889 -0.00419526 -0.00399709 -0.00375801 -0.0035087 -0.00328027 -0.00313423 -0.00307117 -0.00313399 -0.00335572 -0.00376475 -0.00436616 -0.00517785 -0.00619158 -0.00746418 -0.00899615 -0.0107961 -0.0128747 -0.0152709 -0.0179769 -0.0210267 -0.0244208 -0.0281761 -0.0322502 -0.0366307 -0.0412303 -0.0459482 -0.0506502 -0.0551744 -0.0592841 -0.062798 -0.0654711 -0.067101 -0.0675604 -0.0667619 -0.0647159 -0.0615582 -0.0574789 -0.0527729 -0.0477961 -0.0429013 -0.0384734 -0.0347953 -0.032108 -0.0305231 -0.0300328 -0.0305365 -0.0318537 -0.0336991 -0.0358154 -0.0378977 -0.0396888 -0.0409974 -0.0416922 -0.0417154 -0.0410529 -0.039756 -0.0378951 -0.0355914 -0.0329817 -0.0302065 -0.0273666 -0.0245458 -0.0218051 -0.0192144 -0.016819 -0.0146702 -0.0127732 -0.0111116 -0.009696 -0.00850692 -0.0075523 -0.00678569 -0.00616573 -0.00567162 -0.0052755 -0.00498424 -0.00476639 -0.00459141 -0.0044579 -0.00434897 -0.00428077 -0.00422982 -0.00417931 -0.00414006 -0.00410181 -0.0040885 -0.00406699 -0.00404183 -0.00402229 -0.00400987 -0.00401282 -0.00399273 -0.00397843 -0.00397059 -0.00397306 -0.00397029 -0.00395197 -0.00394964 -0.00394435 -0.00394062 -0.00392421 
