0 0 0 0 0 0 0 0 0 0 0 0 0 0 0 0 0 0 0 0 0 0 0 0 0 0 0 0 0 0 0 0 0 0 0 0 0 0 0 0 0 0 0 0 0 0 0 0 0 0 0 0 0 0 0 0 0 0 0 0 0 0 0 0 0 0 0 0 0 0 0 0 0 0 0 0 0 0 0 0 0 0 0 0 0 0 0 0 0 0 0 0 0 0 0 0 0 0 0 0 0 0 0 0 0 0 0 0 0 0 0 0 0 0 0 0 0 0 0 0 0 0 0 0 0 0 0 0 0 0 0 0 0 0 0 0 0 0 0 0 0 0 0 0 0 0 0 0 0 0 0 0 0 0 0 0 0 0 0 0 0 0 0 0 0 0 0 0 0 0 0 0 0 0 0 0 0 0 0 0 0 0 0 0 0 0 0 0 0 0 0 0 0 0 0 0 0 0 0 0 
0 2.92943e-05 4.68984e-05 6.69624e-05 8.7065e-05 0.00011061 0.000125511 0.000122944 0.000122722 0.000121519 0.000120489 0.000109577 8.83659e-05 7.95019e-05 7.15333e-05 6.39533e-05 5.39588e-05 4.88276e-05 6.5265e-05 8.81733e-05 0.000118894 0.000160884 0.00020891 0.000270558 0.000343199 0.000433667 0.000552352 0.000678637 0.000835255 0.00102663 0.0012467 0.00149664 0.00173975 0.00198753 0.00220064 0.00235342 0.00243331 0.00240839 0.00226614 0.00199013 0.00160181 0.00112017 0.000580726 9.93006e-06 -0.000532661 -0.00102615 -0.00144473 -0.0017568 -0.00195416 -0.00203601 -0.00201374 -0.00188573 -0.00168992 -0.00142997 -0.00114503 -0.00083325 -0.000523104 -0.000229359 5.45554e-05 0.000321674 0.000557599 0.000785368 0.00100781 0.00120591 0.0014207 0.00163478 0.00186152 0.00210561 0.00237964 0.00266618 0.00298627 0.00331953 0.00367814 0.00404831 0.0044394 0.00484167 0.00525091 0.00566075 0.00606237 0.00644037 0.00679375 0.00711121 0.00737102 0.00758384 0.00772645 0.00779777 0.00780431 0.00775042 0.0076106 0.00741013 0.00713211 0.00677941 0.00635044 0.00587023 0.00531771 0.00471486 0.00406739 0.00340687 0.00272212 0.00203577 0.00133805 0.000646245 -5.2611e-05 -0.000737766 -0.00143053 -0.00211901 -0.00280428 -0.00345267 -0.00408204 -0.00467399 -0.00522414 -0.00571759 -0.00617309 -0.00656217 -0.00690109 -0.00718908 -0.00742614 -0.00759815 -0.00771627 -0.00776391 -0.00775157 -0.00767742 -0.00754488 -0.00736279 -0.00713314 -0.00686523 -0.00657149 -0.00625948 -0.00593076 -0.00560472 -0.00526639 -0.00494029 -0.00461525 -0.0043091 -0.00402353 -0.00376972 -0.00353763 -0.00336074 -0.00320872 -0.0031031 -0.00304995 -0.00303472 -0.00306029 -0.00313664 -0.00324224 -0.0033694 -0.00352347 -0.00367067 -0.00380566 -0.00389512 -0.0039325 -0.00387781 -0.00372504 -0.00345882 -0.00308943 -0.00261729 -0.00206489 -0.00147657 -0.000870868 -0.000291039 0.000220443 0.000627397 0.000922518 0.00108068 0.00112326 0.00105616 0.00092201 0.000748227 0.000538522 0.000345803 0.000169558 3.06002e-05 -6.86224e-05 -0.00013274 -0.000157817 -0.00017049 -0.000175621 -0.000164676 -0.000149465 -0.000137478 -0.000136191 -0.000148374 -0.00015747 -0.000178141 -0.000201399 -0.000223917 -0.000254165 -0.000280339 -0.000313504 -0.000336128 -0.000352852 -0.000376825 -0.000395699 -0.00041361 -0.000416457 -0.000418989 -0.000432661 -0.000441217 -0.000448912 -0.000446575 
0 4.68984e-05 9.0339e-05 0.000111613 0.000162523 0.000198012 0.00022864 0.000233579 0.000225915 0.000241242 0.000233962 0.000221675 0.000186458 0.000166718 0.000160628 0.000142234 0.0001252 0.000114232 0.000141875 0.000182054 0.000244664 0.000319887 0.000423652 0.000548178 0.000691733 0.000888523 0.00110664 0.00137225 0.0016709 0.00204231 0.00248736 0.00296202 0.00346247 0.00394803 0.00437761 0.00469233 0.00485299 0.00480725 0.00453315 0.00398171 0.00321137 0.00226432 0.00117269 5.495e-05 -0.00104435 -0.00203297 -0.00286883 -0.0035076 -0.00390192 -0.00406092 -0.00401461 -0.00375137 -0.00333985 -0.00283622 -0.00224826 -0.00164107 -0.00102965 -0.00044107 0.00012482 0.000653274 0.00114425 0.00160149 0.0020447 0.00246794 0.00289228 0.00333622 0.00380259 0.00429427 0.00482398 0.00540635 0.00601459 0.00667498 0.00739115 0.00812797 0.00889051 0.00969567 0.0104814 0.0112668 0.0120532 0.0127842 0.0134522 0.0140646 0.0145649 0.0149557 0.0152463 0.0154053 0.0154205 0.0153005 0.0150384 0.0146298 0.0140777 0.0133879 0.0125594 0.0115882 0.0105049 0.00933759 0.00809044 0.00677302 0.00541801 0.00404186 0.00265539 0.00126595 -0.000124675 -0.00152226 -0.00290558 -0.0042574 -0.00558137 -0.00687581 -0.00811067 -0.00926641 -0.0103373 -0.0113201 -0.0121982 -0.0129697 -0.0136483 -0.0142112 -0.0146432 -0.0149771 -0.015201 -0.0152843 -0.0152687 -0.0151413 -0.0148798 -0.0145342 -0.0141176 -0.0136026 -0.0130486 -0.0124562 -0.0118155 -0.0111634 -0.0105224 -0.00987377 -0.00925146 -0.00866612 -0.00811654 -0.0076082 -0.00717155 -0.00680486 -0.00650348 -0.00629809 -0.006178 -0.0061376 -0.00618585 -0.00632014 -0.00652012 -0.00678794 -0.00707804 -0.00739176 -0.00765861 -0.00783365 -0.00790099 -0.00778449 -0.00745329 -0.00692186 -0.00616968 -0.00521678 -0.00413064 -0.0029407 -0.00174947 -0.000593419 0.000424133 0.00123079 0.0018144 0.00213737 0.00221348 0.00208874 0.00182904 0.00147272 0.00108006 0.000680093 0.000341858 6.26606e-05 -0.000146589 -0.000266317 -0.000334733 -0.000357511 -0.000371817 -0.000351882 -0.000317305 -0.000286628 -0.000279618 -0.000289042 -0.000303149 -0.000340897 -0.000377401 -0.000436998 -0.00048775 -0.000556254 -0.000625774 -0.000670645 -0.000724451 -0.000758375 -0.000815513 -0.00084335 -0.000849927 -0.000864563 -0.000870783 -0.000901636 -0.000893805 -0.000889266 
0 6.69624e-05 0.000111613 0.000156343 0.000206911 0.000268215 0.000313359 0.000321992 0.000335388 0.000350295 0.000358854 0.000338727 0.000289681 0.000266459 0.000248363 0.000227842 0.000201344 0.000187185 0.000226904 0.00028855 0.00037518 0.000496887 0.000644925 0.000835019 0.00106054 0.00133856 0.00168676 0.0020648 0.00252291 0.00307994 0.00372562 0.0044519 0.00517562 0.00590421 0.00653833 0.00700061 0.00724308 0.00718001 0.00676723 0.00596163 0.00481747 0.00339304 0.00178541 8.75122e-05 -0.00154366 -0.00302779 -0.00428447 -0.00522454 -0.00581337 -0.00605029 -0.0059659 -0.00556916 -0.00496177 -0.00417709 -0.00331319 -0.00238635 -0.00146609 -0.00059058 0.000254622 0.00105587 0.00178479 0.0024934 0.00318987 0.00383353 0.00450904 0.00518301 0.00588104 0.00661565 0.00741761 0.0082567 0.00917636 0.0101416 0.0111767 0.0122471 0.0133679 0.0145133 0.0156604 0.0167924 0.0178877 0.0189075 0.0198523 0.0207014 0.0214058 0.0219858 0.0223899 0.0226042 0.0226333 0.0224787 0.0220822 0.0214931 0.0206817 0.0196596 0.0184315 0.0170544 0.0154913 0.0137861 0.011949 0.0100428 0.00804633 0.00600832 0.00391846 0.00182511 -0.000281069 -0.00234446 -0.00439689 -0.00640637 -0.00837197 -0.0102287 -0.012015 -0.0136954 -0.0152604 -0.0166771 -0.0179755 -0.0190904 -0.0200505 -0.0208507 -0.0214895 -0.0219463 -0.0222496 -0.0223704 -0.0223402 -0.0221583 -0.0218286 -0.0213716 -0.0207889 -0.0200933 -0.0193157 -0.0184742 -0.017575 -0.0166681 -0.0157331 -0.0148236 -0.0139254 -0.0130792 -0.012289 -0.0115769 -0.0109266 -0.010406 -0.00995482 -0.00962516 -0.0094354 -0.00935881 -0.00940865 -0.00960755 -0.00990606 -0.0102827 -0.0107343 -0.0111757 -0.0115705 -0.0118279 -0.011914 -0.0117247 -0.0112334 -0.0104104 -0.00927861 -0.0078521 -0.00620273 -0.0044469 -0.00265488 -0.000944019 0.000564095 0.00176964 0.00264342 0.00312683 0.00326623 0.00309213 0.00271466 0.00220966 0.00160718 0.00103494 0.000513276 9.30184e-05 -0.000213913 -0.000414594 -0.000507992 -0.000557468 -0.000579138 -0.00055334 -0.00050841 -0.000465592 -0.000447823 -0.000460295 -0.00047118 -0.000514408 -0.000571046 -0.000637314 -0.000726468 -0.000816516 -0.000923311 -0.00100522 -0.00107389 -0.00115513 -0.00122609 -0.00128461 -0.00130111 -0.00131003 -0.00133769 -0.00135143 -0.00135081 -0.00132793 
0 8.7065e-05 0.000162523 0.000206911 0.000284482 0.000350477 0.000404415 0.000422429 0.000426467 0.000454705 0.000453138 0.000430533 0.000374647 0.000342212 0.000331397 0.000309296 0.000287249 0.000280299 0.000333456 0.000414918 0.000535025 0.000686964 0.00089072 0.00114129 0.00143758 0.00182161 0.00226188 0.00278257 0.00338305 0.00411763 0.00498676 0.00592894 0.00691029 0.00786516 0.0087048 0.00931999 0.00962861 0.00953242 0.00897741 0.00789711 0.00637526 0.004497 0.00235143 0.000130312 -0.00204113 -0.00400335 -0.00565892 -0.00691301 -0.0076903 -0.00799663 -0.00787837 -0.00734504 -0.00651269 -0.0054819 -0.00430372 -0.00307491 -0.00184209 -0.000651977 0.000495096 0.00157742 0.00259322 0.00355762 0.00449612 0.00539937 0.00630462 0.00723028 0.00818459 0.00917467 0.0102219 0.0113422 0.0125134 0.0137625 0.0150952 0.0164642 0.0178697 0.0193199 0.0207339 0.022124 0.0234833 0.0247424 0.0258898 0.0269305 0.0277937 0.0284805 0.0289862 0.0292659 0.029294 0.0290701 0.0285731 0.0278029 0.0267613 0.0254631 0.0239138 0.0221227 0.0201224 0.0179503 0.0156113 0.0131213 0.0105141 0.00782378 0.00507618 0.00230198 -0.000477039 -0.00323683 -0.00594006 -0.00855266 -0.0110739 -0.0134941 -0.0157867 -0.0179276 -0.0199102 -0.0217231 -0.0233464 -0.0247635 -0.0259873 -0.0269882 -0.0277536 -0.0283219 -0.0286927 -0.0288377 -0.0288149 -0.0286127 -0.028211 -0.0276664 -0.026992 -0.0261573 -0.0252336 -0.0242252 -0.023128 -0.021997 -0.0208635 -0.0197199 -0.0186106 -0.0175571 -0.0165623 -0.0156396 -0.0148251 -0.0141304 -0.0135491 -0.0131287 -0.0128676 -0.0127615 -0.0128252 -0.0130623 -0.013437 -0.013938 -0.0145005 -0.0150896 -0.015592 -0.0159174 -0.01601 -0.0157442 -0.0150632 -0.0139713 -0.0124543 -0.0105523 -0.00838006 -0.00602679 -0.00365739 -0.00137673 0.000635725 0.00224812 0.00341698 0.00408239 0.0042718 0.00406448 0.00358056 0.00290564 0.0021412 0.00136887 0.00069295 0.00013326 -0.00028688 -0.000546378 -0.000695337 -0.000762033 -0.000797334 -0.000772796 -0.000717929 -0.000665876 -0.000646454 -0.000654433 -0.000672954 -0.000727886 -0.000792454 -0.000889837 -0.000989449 -0.00111441 -0.00124291 -0.00133786 -0.00143564 -0.00151585 -0.00161867 -0.00168158 -0.00170745 -0.00173474 -0.00175662 -0.00179872 -0.00178785 -0.00177377 
0 0.00011061 0.000198012 0.000268215 0.000350477 0.000432846 0.000491515 0.000511316 0.000524245 0.000544024 0.000545582 0.000512675 0.00045087 0.000415897 0.000402095 0.000387902 0.000374503 0.000384225 0.000458291 0.000571288 0.000721374 0.000917631 0.00116275 0.0014697 0.00184009 0.0023005 0.00285801 0.00349876 0.00426324 0.00518717 0.00626349 0.00744899 0.00865931 0.00984144 0.0108698 0.0116168 0.0119806 0.0118443 0.0111287 0.00978643 0.00789041 0.00554778 0.00290396 0.000141776 -0.00253149 -0.00495351 -0.00699195 -0.00852254 -0.00947603 -0.00985211 -0.00969067 -0.00903145 -0.00800083 -0.00669398 -0.00522269 -0.00366029 -0.00209157 -0.000573582 0.000890143 0.00227982 0.00357619 0.00482004 0.00602749 0.00718101 0.00834414 0.00951459 0.0107112 0.0119506 0.013259 0.0146246 0.0160625 0.0175601 0.0191256 0.0207232 0.0223568 0.024007 0.0256327 0.02722 0.0287464 0.0301645 0.0314658 0.0326301 0.0336034 0.0343852 0.0349347 0.0352198 0.03523 0.0349562 0.0343545 0.0334467 0.0322186 0.0306798 0.0288401 0.0267382 0.0243658 0.0217557 0.0189247 0.0159213 0.0127536 0.0094687 0.00608924 0.00267215 -0.000752231 -0.00412389 -0.00743091 -0.0106309 -0.0137034 -0.0166029 -0.019339 -0.0218846 -0.0242281 -0.0263478 -0.0282499 -0.0298925 -0.0312927 -0.032444 -0.0333428 -0.0339927 -0.0344139 -0.0345928 -0.034568 -0.0343456 -0.0339273 -0.0333438 -0.0326022 -0.0317061 -0.0306952 -0.0295863 -0.028387 -0.0271445 -0.0258641 -0.0245788 -0.0233033 -0.0220761 -0.0209119 -0.0198351 -0.0188614 -0.0180394 -0.0173453 -0.0168301 -0.0165146 -0.0163844 -0.0164557 -0.0167403 -0.0171904 -0.0177746 -0.0184531 -0.0191337 -0.019723 -0.0201021 -0.0201852 -0.0198372 -0.0189904 -0.0176167 -0.0157269 -0.0133633 -0.0106444 -0.00772487 -0.00475815 -0.00192031 0.000591376 0.00262077 0.00409315 0.00494535 0.00521682 0.00498876 0.00440838 0.0035958 0.0026487 0.00171114 0.000864506 0.000167836 -0.000351291 -0.00069143 -0.000877399 -0.00097615 -0.00102181 -0.00100334 -0.000952847 -0.000904377 -0.000889565 -0.00090693 -0.000934717 -0.000995515 -0.00107321 -0.00117048 -0.00128746 -0.00141865 -0.00155822 -0.0016695 -0.00176824 -0.00187235 -0.00197818 -0.00205934 -0.00210014 -0.00213406 -0.00218137 -0.00222357 -0.00223194 -0.00222023 
0 0.000125511 0.00022864 0.000313359 0.000404415 0.000491515 0.00055218 0.000577989 0.000592636 0.000611931 0.000614478 0.000582677 0.000529533 0.000498821 0.000493019 0.000491076 0.000493021 0.000525123 0.000618968 0.000760759 0.000943717 0.0011759 0.00146539 0.0018247 0.00226422 0.00280845 0.0034664 0.00423675 0.00515646 0.00626162 0.00754555 0.00895388 0.0103994 0.0117974 0.0130101 0.0138884 0.0143005 0.0141164 0.0132408 0.0116351 0.00937321 0.00658722 0.00345229 0.00018612 -0.00297744 -0.00584163 -0.0082448 -0.0100484 -0.0111716 -0.0116081 -0.0113992 -0.0106081 -0.00936349 -0.00778975 -0.00600784 -0.00411493 -0.00220425 -0.000338524 0.00146217 0.00317401 0.00478332 0.0063175 0.0077943 0.00921605 0.0106295 0.01205 0.0134945 0.0149788 0.0165217 0.0181183 0.0197706 0.0214731 0.0232226 0.0249904 0.0267712 0.0285495 0.0302911 0.0319841 0.0336085 0.0351231 0.0365075 0.0377369 0.0387633 0.0395708 0.0401276 0.0404008 0.0403711 0.0400263 0.0393388 0.0383136 0.0369417 0.0352247 0.0331649 0.0307816 0.0280817 0.0250939 0.0218398 0.0183582 0.0146783 0.0108517 0.00691978 0.00293581 -0.00105776 -0.00500248 -0.00885962 -0.0125815 -0.0161372 -0.0194879 -0.0226191 -0.0255043 -0.0281317 -0.0304899 -0.0325802 -0.0343859 -0.0359183 -0.0371729 -0.0381511 -0.0388645 -0.0393274 -0.0395381 -0.0395279 -0.039306 -0.0388822 -0.0382875 -0.0375363 -0.0366352 -0.0356161 -0.0344921 -0.0332707 -0.0319861 -0.0306532 -0.0292943 -0.0279331 -0.0266037 -0.025327 -0.0241323 -0.0230503 -0.0221202 -0.021346 -0.0207695 -0.0204117 -0.020269 -0.0203536 -0.0206704 -0.0211804 -0.0218447 -0.0226097 -0.0233784 -0.0240339 -0.024447 -0.0244993 -0.0240506 -0.0230147 -0.0213572 -0.0190874 -0.0162628 -0.0130168 -0.00952546 -0.00597761 -0.00258468 0.000426576 0.00287445 0.00465435 0.00570646 0.00606549 0.00583543 0.00517533 0.00423029 0.00313108 0.00202824 0.00102709 0.000195444 -0.000431788 -0.000851058 -0.00109494 -0.00122858 -0.00128948 -0.00128089 -0.0012327 -0.00118561 -0.00117095 -0.00118793 -0.00122314 -0.001286 -0.00136903 -0.00147172 -0.00159568 -0.0017381 -0.00188481 -0.00200891 -0.00211889 -0.00223361 -0.00234969 -0.00243951 -0.00249399 -0.00254036 -0.00259789 -0.00264957 -0.00266723 -0.00266416 
0 0.000122944 0.000233579 0.000321992 0.000422429 0.000511316 0.000577989 0.0006177 0.000637683 0.000667186 0.000675746 0.000656966 0.000624296 0.000603055 0.000609652 0.000620462 0.000640564 0.000697093 0.000809213 0.000977644 0.00119498 0.00146025 0.00179648 0.00220797 0.0027162 0.00334951 0.00410188 0.00500842 0.00608108 0.00736254 0.00884908 0.0104623 0.0121348 0.0137299 0.0151115 0.01611 0.0165612 0.0163257 0.0152962 0.0134387 0.0108286 0.00762275 0.00401197 0.000268628 -0.00337133 -0.0066612 -0.00941064 -0.011474 -0.0127527 -0.0132355 -0.0129672 -0.0120341 -0.0105604 -0.00871463 -0.00660471 -0.00437476 -0.00211442 0.00010823 0.00225185 0.00428951 0.00622617 0.00806233 0.00981865 0.0115265 0.0131913 0.014859 0.0165369 0.0182419 0.0199794 0.0217692 0.0235795 0.0254294 0.0272978 0.0291689 0.0310241 0.0328643 0.0346498 0.036374 0.0380221 0.0395579 0.0409502 0.0421793 0.0432043 0.0439848 0.0445111 0.044746 0.0446628 0.0442433 0.0434877 0.0423639 0.0408761 0.039014 0.0367807 0.034159 0.0311843 0.0278714 0.024256 0.0203574 0.0162421 0.0119494 0.00754681 0.00307533 -0.00139901 -0.00583882 -0.0101676 -0.0143425 -0.0183126 -0.0220574 -0.0255199 -0.0286855 -0.0315379 -0.0340828 -0.0362994 -0.0382133 -0.0398259 -0.0411397 -0.0421579 -0.0429132 -0.0434004 -0.0436352 -0.0436449 -0.0434432 -0.0430412 -0.042474 -0.0417618 -0.0409038 -0.0399338 -0.0388579 -0.0376845 -0.0364282 -0.0351256 -0.0337667 -0.0323997 -0.0310444 -0.02973 -0.0284816 -0.0273568 -0.0263608 -0.0255438 -0.0249316 -0.0245427 -0.0243967 -0.0245025 -0.0248511 -0.0254206 -0.026167 -0.0270044 -0.0278539 -0.0285579 -0.0289864 -0.0289871 -0.0284191 -0.0271734 -0.0252215 -0.0225601 -0.0192712 -0.0155079 -0.0114494 -0.00734027 -0.00340793 9.01768e-05 0.00295163 0.00504321 0.0063134 0.00678253 0.00658227 0.005872 0.00481476 0.00359044 0.0023293 0.00118298 0.000215631 -0.000527638 -0.00103134 -0.00134955 -0.00152536 -0.00160882 -0.00161666 -0.00157402 -0.00152844 -0.00150988 -0.00151721 -0.00155277 -0.00160893 -0.00168626 -0.00179092 -0.00191162 -0.00206366 -0.0022142 -0.00235127 -0.0024823 -0.00260595 -0.00274001 -0.00283847 -0.00290944 -0.00297179 -0.00302857 -0.00308705 -0.00310109 -0.0031011 
0 0.000122722 0.000225915 0.000335388 0.000426467 0.000524245 0.000592636 0.000637683 0.000677413 0.000703684 0.000729734 0.00072352 0.000715413 0.000713882 0.000730624 0.000762406 0.000806986 0.000892505 0.00102608 0.00122737 0.00147187 0.00178487 0.00215974 0.00262717 0.00321432 0.00391721 0.00478848 0.00581039 0.00704795 0.00850857 0.0101756 0.0120075 0.0138759 0.0156624 0.0171936 0.0182893 0.0187651 0.0184716 0.017275 0.0151819 0.01224 0.00862072 0.00458305 0.000362706 -0.003712 -0.00740596 -0.0104852 -0.0127767 -0.014192 -0.0147099 -0.0143587 -0.0132682 -0.0115692 -0.00941194 -0.00698363 -0.00439215 -0.00176892 0.000814737 0.003304 0.00568542 0.0079375 0.0100882 0.0121417 0.0141194 0.0160489 0.017946 0.0198239 0.0217073 0.0236069 0.0255042 0.0274297 0.0293541 0.0312641 0.0331649 0.0350463 0.036865 0.0386474 0.0403507 0.0419445 0.0434238 0.0447672 0.045921 0.0468815 0.0476123 0.0480688 0.04823 0.0480888 0.0476139 0.0467785 0.0455741 0.0439847 0.0419857 0.039578 0.0367807 0.0335847 0.0300008 0.0260733 0.0218593 0.017398 0.0127416 0.00794455 0.00307626 -0.00179866 -0.00661051 -0.0113167 -0.0158649 -0.020185 -0.0242166 -0.0279451 -0.0313436 -0.034384 -0.0370628 -0.0393933 -0.0413744 -0.0430147 -0.0443503 -0.0453977 -0.0461525 -0.0466412 -0.0469022 -0.0469261 -0.0467521 -0.0464143 -0.0459101 -0.0452514 -0.0444885 -0.0435961 -0.0426031 -0.0415298 -0.0403755 -0.0391418 -0.0378762 -0.0365714 -0.0352652 -0.0339921 -0.0327822 -0.0316605 -0.0306762 -0.02986 -0.0292375 -0.0288574 -0.0287294 -0.0288697 -0.0292742 -0.0299195 -0.030735 -0.0316696 -0.0325707 -0.0333197 -0.033751 -0.0336803 -0.0329752 -0.0315206 -0.0292505 -0.0262001 -0.0224563 -0.0181613 -0.0135707 -0.00889369 -0.00444157 -0.000464785 0.00281759 0.0052326 0.00673634 0.00735619 0.00721232 0.0064784 0.00535226 0.00399913 0.0026194 0.00132043 0.000222958 -0.00062606 -0.00123834 -0.00162084 -0.00186005 -0.00197051 -0.00200262 -0.00197948 -0.00194021 -0.00191842 -0.0019195 -0.00194945 -0.00199284 -0.0020675 -0.00215407 -0.0022792 -0.00241896 -0.00256581 -0.00271552 -0.00284448 -0.00299331 -0.00311874 -0.00323381 -0.00332023 -0.00338474 -0.00346174 -0.00350266 -0.00353622 -0.00353529 
0 0.000121519 0.000241242 0.000350295 0.000454705 0.000544024 0.000611931 0.000667186 0.000703684 0.00073634 0.000757857 0.000767857 0.000787283 0.0008057 0.00084751 0.000908967 0.000990587 0.00111837 0.00128257 0.00151228 0.00180249 0.00214581 0.00257582 0.00309574 0.00374667 0.00454586 0.00549686 0.00666312 0.00804771 0.00967895 0.0115445 0.0135589 0.0156418 0.0175984 0.0192676 0.0204506 0.0209341 0.0205557 0.0191973 0.0168497 0.0135832 0.00959107 0.0051206 0.000498131 -0.00399355 -0.00804979 -0.0114144 -0.0139179 -0.0154491 -0.0159725 -0.0155373 -0.0142769 -0.0123186 -0.00987886 -0.00709263 -0.0041501 -0.00116036 0.00180181 0.00465623 0.00737268 0.00997246 0.0124244 0.0147448 0.0169952 0.0191398 0.021237 0.0232895 0.0253112 0.0272918 0.029268 0.0312066 0.0331382 0.0350359 0.0369149 0.0387394 0.040512 0.0422134 0.0438236 0.0453273 0.0467131 0.0479357 0.0489773 0.0498314 0.0504391 0.050808 0.0509076 0.0506942 0.0501295 0.049228 0.0479236 0.046221 0.0440992 0.0415636 0.0385729 0.0351828 0.0314072 0.0272897 0.0228257 0.0181065 0.0131699 0.00810649 0.00295456 -0.002202 -0.00732784 -0.0123049 -0.0170947 -0.0216362 -0.0259158 -0.029845 -0.0334149 -0.0365988 -0.0394068 -0.0418039 -0.0438476 -0.0455276 -0.0468636 -0.047882 -0.0486346 -0.0491193 -0.0493865 -0.0494462 -0.0493186 -0.0490276 -0.0485907 -0.0480297 -0.0473557 -0.0465787 -0.0457048 -0.044755 -0.043717 -0.042638 -0.041496 -0.0403366 -0.0391603 -0.037999 -0.0368743 -0.0358505 -0.0349161 -0.0341693 -0.0336173 -0.0332849 -0.0332275 -0.0334459 -0.0339183 -0.0346481 -0.0355687 -0.0365661 -0.0375496 -0.0383262 -0.0387441 -0.0385977 -0.0377465 -0.0360613 -0.0334947 -0.0300536 -0.0258557 -0.0210708 -0.0159187 -0.0107057 -0.00571906 -0.00125182 0.00245408 0.00521192 0.00697435 0.00775453 0.00769897 0.00697156 0.00577841 0.00435473 0.00284217 0.00142899 0.000209601 -0.000757585 -0.00145214 -0.00193242 -0.00222179 -0.00237377 -0.00244104 -0.00243915 -0.00241876 -0.00239977 -0.0023957 -0.00242658 -0.00246312 -0.00252537 -0.00261166 -0.00271472 -0.00284514 -0.00296909 -0.00310128 -0.00323546 -0.0033623 -0.00349366 -0.00360129 -0.00369929 -0.00378533 -0.00385374 -0.00391737 -0.00395147 -0.00397289 
0 0.000120489 0.000233962 0.000358854 0.000453138 0.000545582 0.000614478 0.000675746 0.000729734 0.000757857 0.00079176 0.000818651 0.000865643 0.000912595 0.000977381 0.00107232 0.00119939 0.0013713 0.00157253 0.00184488 0.0021688 0.00256735 0.00303617 0.00360943 0.004331 0.00519127 0.00625565 0.00753462 0.00908456 0.0108956 0.0129367 0.0151582 0.017418 0.01954 0.0213265 0.0225698 0.0230436 0.0225813 0.0210442 0.0184657 0.0148947 0.0105338 0.00569608 0.000669898 -0.0041766 -0.00855255 -0.0121668 -0.0148285 -0.0164367 -0.0169566 -0.0164172 -0.0149859 -0.0128018 -0.0100473 -0.00693533 -0.00361965 -0.000249124 0.00309047 0.00630149 0.00936776 0.0122709 0.0150138 0.017595 0.0200562 0.0223939 0.0246341 0.0267851 0.0288756 0.0309074 0.0328738 0.0348103 0.0366963 0.0385162 0.0403023 0.0420404 0.0436855 0.0452834 0.0467791 0.04814 0.0493756 0.0504659 0.0513581 0.0520781 0.0525795 0.0528304 0.0528074 0.0524973 0.0518497 0.05084 0.0494321 0.0476138 0.0453519 0.042661 0.0395532 0.0360355 0.032111 0.0278282 0.0232296 0.0183711 0.0132866 0.00803964 0.00270792 -0.00262185 -0.0078879 -0.0130248 -0.0179849 -0.0226875 -0.027082 -0.0311413 -0.0348454 -0.0381492 -0.0410499 -0.0435401 -0.0456312 -0.0473243 -0.0486753 -0.0497123 -0.0504526 -0.0509306 -0.0512144 -0.0512834 -0.0511905 -0.0509715 -0.0506094 -0.0501167 -0.0495561 -0.0488828 -0.0481351 -0.0473423 -0.0464807 -0.0455563 -0.0446084 -0.0436182 -0.0426098 -0.0416198 -0.0406681 -0.0397841 -0.0390038 -0.0383896 -0.0379533 -0.0377498 -0.0378111 -0.0381507 -0.0387466 -0.039595 -0.0406081 -0.0417071 -0.0427323 -0.0435415 -0.0439441 -0.0437163 -0.0427256 -0.0408333 -0.0379598 -0.0341458 -0.0295097 -0.0242109 -0.0185419 -0.0127732 -0.00727215 -0.00232167 0.00181959 0.00492972 0.00696752 0.00795049 0.0080064 0.00731206 0.00610275 0.0045961 0.00300374 0.00146736 0.000138247 -0.000924779 -0.00172883 -0.002278 -0.00264001 -0.002832 -0.00293744 -0.00297486 -0.00297525 -0.00296772 -0.00296544 -0.00299105 -0.00301506 -0.00306558 -0.00312617 -0.00321583 -0.00331131 -0.00340871 -0.00352672 -0.00363883 -0.00376873 -0.00387631 -0.00399067 -0.0040999 -0.00418824 -0.00427377 -0.00432248 -0.00437817 -0.00440495 
0 0.000109577 0.000221675 0.000338727 0.000430533 0.000512675 0.000582677 0.000656966 0.00072352 0.000767857 0.000818651 0.000877831 0.000964464 0.00105113 0.00115144 0.00128833 0.00146105 0.00167754 0.00191464 0.00221439 0.00258015 0.00301339 0.00353227 0.00415779 0.00494119 0.00588992 0.00704618 0.00846324 0.0101653 0.0121455 0.0143672 0.0167616 0.0191988 0.0214672 0.0233596 0.0246556 0.0251151 0.0245541 0.0228569 0.0200444 0.0161906 0.0115109 0.00632128 0.000964619 -0.00420527 -0.00885705 -0.0126816 -0.0154833 -0.0171532 -0.0176416 -0.016997 -0.0153816 -0.0129464 -0.0099035 -0.00645078 -0.00278481 0.00094865 0.00465528 0.00822158 0.0116098 0.0148186 0.0178139 0.0206 0.0232312 0.0256886 0.0280105 0.0302147 0.0323216 0.0343286 0.0362553 0.0381135 0.0399075 0.0416244 0.0432947 0.0448912 0.0463962 0.0478307 0.0491593 0.0503636 0.051451 0.0523845 0.053133 0.0537084 0.0540596 0.0541744 0.0540289 0.0535826 0.0527885 0.0516411 0.0500931 0.0481376 0.0457559 0.0429575 0.0397265 0.036097 0.0320941 0.0277548 0.0230871 0.0181623 0.0130244 0.00774662 0.00238559 -0.00298614 -0.00831551 -0.0135007 -0.0184985 -0.0232539 -0.0277302 -0.0318653 -0.0356401 -0.039019 -0.0419969 -0.0445523 -0.0467138 -0.0484738 -0.0498637 -0.0509202 -0.0516838 -0.0521811 -0.0524767 -0.0525718 -0.0525042 -0.0523125 -0.0519989 -0.0515858 -0.0511128 -0.0505593 -0.0499455 -0.0492986 -0.0485966 -0.0478616 -0.0471031 -0.0463243 -0.0455308 -0.0447522 -0.0440103 -0.0433427 -0.0427664 -0.0423629 -0.0421375 -0.0421241 -0.042377 -0.0428936 -0.0436488 -0.0446477 -0.045805 -0.0470087 -0.0481257 -0.0489757 -0.0493645 -0.0490644 -0.0479272 -0.0458158 -0.0426524 -0.038471 -0.0334053 -0.027634 -0.0214381 -0.0151498 -0.00913013 -0.00369317 0.000879065 0.00436072 0.00669291 0.0078957 0.00809603 0.0074704 0.00626398 0.00472851 0.00305765 0.00143286 -1.64101e-07 -0.00117428 -0.0020759 -0.00272765 -0.00315469 -0.00339841 -0.00354108 -0.0036028 -0.00361958 -0.00360926 -0.00359937 -0.00361194 -0.00362078 -0.00365255 -0.00369982 -0.00376677 -0.00383911 -0.003912 -0.00401032 -0.00411594 -0.00422505 -0.004322 -0.00442474 -0.00453548 -0.00462998 -0.00470244 -0.00475153 -0.00480081 -0.00483342 
0 8.83659e-05 0.000186458 0.000289681 0.000374647 0.00045087 0.000529533 0.000624296 0.000715413 0.000787283 0.000865643 0.000964464 0.00109371 0.00122307 0.0013592 0.00153374 0.00175085 0.00200741 0.00228232 0.00261342 0.00301915 0.00349618 0.00406498 0.00474897 0.00560021 0.0066388 0.00790366 0.00946052 0.0113226 0.0134736 0.0158663 0.0184237 0.0210101 0.023398 0.0253672 0.0266869 0.0271131 0.0264531 0.0246049 0.0215874 0.0174894 0.0125323 0.00704379 0.00139428 -0.00405267 -0.00893786 -0.0129376 -0.0158439 -0.0175431 -0.017983 -0.0172195 -0.0154146 -0.0127354 -0.00940092 -0.00562092 -0.00161276 0.00246855 0.00650941 0.0103887 0.0140573 0.0175104 0.0207094 0.0236579 0.0264023 0.0289298 0.0312737 0.0334598 0.0355164 0.0374477 0.0392811 0.0410307 0.042701 0.0442812 0.0458008 0.047237 0.0485789 0.0498435 0.0510027 0.052038 0.0529582 0.0537327 0.0543335 0.0547613 0.054965 0.0549197 0.0545994 0.0539716 0.0529983 0.0516738 0.0499622 0.0478574 0.0453457 0.0424418 0.0391365 0.0354541 0.0314141 0.0270559 0.0224023 0.0175226 0.0124504 0.00724571 0.00196766 -0.00331499 -0.00856074 -0.013687 -0.0186501 -0.0233882 -0.0278569 -0.0320017 -0.0358048 -0.0392293 -0.0422663 -0.0448957 -0.0471354 -0.0489803 -0.0504577 -0.0515941 -0.0524197 -0.0529624 -0.0532824 -0.053396 -0.0533486 -0.0531837 -0.0529082 -0.0525494 -0.052143 -0.0516786 -0.0511749 -0.0506588 -0.0501082 -0.0495426 -0.0489707 -0.048398 -0.0478292 -0.0472945 -0.046811 -0.0464075 -0.0461007 -0.0459605 -0.045995 -0.0462357 -0.0467373 -0.0474942 -0.0484802 -0.0496905 -0.0510388 -0.052397 -0.0536304 -0.0545485 -0.054944 -0.0545883 -0.0533226 -0.0510076 -0.0475659 -0.0430359 -0.03756 -0.0313349 -0.0246494 -0.0178676 -0.0113589 -0.00545521 -0.00045452 0.00341187 0.00606961 0.00753715 0.00792822 0.00741987 0.00626316 0.00472477 0.00300549 0.00130454 -0.000224246 -0.00150416 -0.00251196 -0.00326344 -0.00376484 -0.00406581 -0.0042472 -0.00433808 -0.0043692 -0.00435835 -0.00433948 -0.00433209 -0.00432015 -0.00432506 -0.00434896 -0.00438803 -0.00442991 -0.00447766 -0.00455666 -0.00465218 -0.00474385 -0.00482573 -0.0049168 -0.00502349 -0.00511462 -0.00517068 -0.00520541 -0.00523955 -0.00526258 
0 7.95019e-05 0.000166718 0.000266459 0.000342212 0.000415897 0.000498821 0.000603055 0.000713882 0.0008057 0.000912595 0.00105113 0.00122307 0.00139805 0.00157594 0.00179209 0.00206151 0.0023618 0.00268138 0.00305432 0.00349616 0.00403049 0.00464855 0.00539964 0.00632993 0.00745474 0.00884806 0.0105356 0.0125597 0.0148772 0.0174258 0.0201429 0.0228546 0.0253483 0.027377 0.0287011 0.0290769 0.0283173 0.0263159 0.0231139 0.0188033 0.0136052 0.00788163 0.0019821 -0.00368184 -0.00875219 -0.0128926 -0.0158748 -0.0175793 -0.0179638 -0.0170712 -0.0150716 -0.012161 -0.00853415 -0.00445857 -0.000133296 0.00425991 0.00858869 0.0127286 0.0166346 0.020264 0.0236072 0.0266608 0.0294458 0.0319898 0.0343042 0.0364233 0.0383815 0.0402035 0.0418891 0.0434982 0.0450116 0.0464358 0.0477888 0.0490707 0.0502412 0.0513406 0.0523378 0.0532114 0.0539654 0.054588 0.0550287 0.0552822 0.0553163 0.0550818 0.0545516 0.0537106 0.0525319 0.0509912 0.0490937 0.04683 0.0441918 0.0411823 0.0378282 0.034128 0.0301072 0.0257929 0.0212403 0.0164885 0.0115832 0.00655572 0.00147508 -0.00361678 -0.00866596 -0.0136351 -0.0184662 -0.0231055 -0.0274886 -0.0315972 -0.0353902 -0.0388336 -0.0419106 -0.0446273 -0.0469623 -0.0489185 -0.0505195 -0.0517772 -0.0526959 -0.0533237 -0.0537074 -0.0538586 -0.0538413 -0.0537023 -0.0534508 -0.0531178 -0.0527583 -0.0523428 -0.051909 -0.0514777 -0.0510426 -0.0506011 -0.050204 -0.0498205 -0.0494752 -0.0491906 -0.048983 -0.0488554 -0.0488606 -0.049023 -0.049365 -0.0499287 -0.0507374 -0.051798 -0.0530857 -0.0545732 -0.0561672 -0.0577525 -0.0591427 -0.0601775 -0.0606136 -0.0602282 -0.0588603 -0.0563696 -0.0526755 -0.0478365 -0.0419907 -0.0353412 -0.0282161 -0.0209599 -0.0139872 -0.00762825 -0.00219629 0.00206469 0.00507122 0.00683686 0.0074535 0.00710313 0.00604476 0.00452855 0.00280434 0.00104585 -0.00056002 -0.00192976 -0.00305002 -0.00388856 -0.00447574 -0.00483659 -0.00505823 -0.0051842 -0.00522714 -0.00522176 -0.00519658 -0.0051699 -0.00513979 -0.0051206 -0.00511553 -0.00512749 -0.00513006 -0.00514758 -0.00519992 -0.00526495 -0.00533276 -0.00537666 -0.00544635 -0.00553519 -0.00560816 -0.00565482 -0.00566619 -0.00569613 -0.00570849 
0 7.15333e-05 0.000160628 0.000248363 0.000331397 0.000402095 0.000493019 0.000609652 0.000730624 0.00084751 0.000977381 0.00115144 0.0013592 0.00157594 0.00179478 0.00206418 0.00238326 0.002739 0.00311728 0.00352924 0.0040357 0.00461184 0.00530252 0.00612451 0.00712372 0.00836469 0.00985747 0.0117002 0.0138709 0.0163453 0.0190623 0.0219117 0.0247512 0.0273328 0.0294067 0.0307231 0.0310469 0.0301711 0.0280464 0.0246643 0.0201681 0.0147889 0.00884874 0.00277844 -0.00306271 -0.00826348 -0.0124942 -0.0155196 -0.0172169 -0.0175224 -0.0165217 -0.0143515 -0.0112177 -0.00736647 -0.00301783 0.00156856 0.00621915 0.0107784 0.015134 0.0191914 0.0229543 0.0263683 0.0294485 0.0322277 0.0347208 0.036951 0.0389738 0.040809 0.0424741 0.0440253 0.0454587 0.0468037 0.0480706 0.0492701 0.0503779 0.0514214 0.0523643 0.0532106 0.0539444 0.0545592 0.0550046 0.0552794 0.0553387 0.0551501 0.0546858 0.0539388 0.0528599 0.051442 0.0496899 0.0475968 0.0451538 0.0423889 0.0393082 0.0359032 0.0322029 0.0282566 0.0240864 0.0197036 0.0151517 0.0104817 0.00573826 0.000947276 -0.00386582 -0.00866113 -0.0133727 -0.0179614 -0.0224093 -0.0266726 -0.0306877 -0.0344271 -0.0378783 -0.041006 -0.0437938 -0.0462432 -0.0483458 -0.0500808 -0.051474 -0.0525409 -0.0533022 -0.0537787 -0.0540295 -0.0540717 -0.0539584 -0.0537272 -0.0534248 -0.0530529 -0.0526654 -0.0522589 -0.0518616 -0.0514848 -0.0511567 -0.0508661 -0.0506527 -0.0505056 -0.050442 -0.0504879 -0.0506556 -0.0509642 -0.0514596 -0.0521617 -0.0530764 -0.0542605 -0.0556829 -0.0573281 -0.0591495 -0.0610639 -0.0629005 -0.0645266 -0.0657104 -0.0662306 -0.0658731 -0.0644439 -0.0618213 -0.0579369 -0.0528327 -0.0466569 -0.0396508 -0.0320954 -0.024426 -0.0170014 -0.0102042 -0.00436283 0.000305248 0.00366905 0.00574912 0.00662543 0.00647204 0.00553608 0.0041028 0.00238032 0.000613594 -0.0010489 -0.00250472 -0.00369733 -0.00464155 -0.00528961 -0.00572271 -0.00599151 -0.00614655 -0.00622053 -0.006219 -0.006196 -0.0061523 -0.00610368 -0.00605664 -0.0060237 -0.00599029 -0.00595225 -0.00592676 -0.00593393 -0.00597025 -0.0059857 -0.00600248 -0.00603237 -0.00609338 -0.00615238 -0.00616501 -0.00617427 -0.00617752 -0.00618378 
0 6.39533e-05 0.000142234 0.000227842 0.000309296 0.000387902 0.000491076 0.000620462 0.000762406 0.000908967 0.00107232 0.00128833 0.00153374 0.00179209 0.00206418 0.00237386 0.00275121 0.00315291 0.00358411 0.00405569 0.00459939 0.00525139 0.0059992 0.0069031 0.00799534 0.00932551 0.0109642 0.0129359 0.0152691 0.0179069 0.0207733 0.0237712 0.0267143 0.0293741 0.031484 0.0327838 0.0330391 0.0320789 0.0298197 0.026302 0.0216563 0.0161132 0.0100374 0.00380931 -0.00214717 -0.0074341 -0.0117237 -0.0147663 -0.0164244 -0.0166774 -0.0155731 -0.0132684 -0.00999084 -0.00594223 -0.00141292 0.00337715 0.00822611 0.0129514 0.0174365 0.0216117 0.0254096 0.0288383 0.0319029 0.0346055 0.0370091 0.0391279 0.0410087 0.0426918 0.0442238 0.0456109 0.0469055 0.0481036 0.049224 0.0502643 0.0512486 0.0521494 0.0529723 0.0537043 0.0543091 0.054757 0.0550413 0.0551141 0.0549428 0.0545254 0.0538128 0.0527874 0.0514539 0.0498133 0.0478369 0.0455513 0.0429545 0.0400624 0.0368809 0.0334748 0.029849 0.0260174 0.0219956 0.0178579 0.0136051 0.00926235 0.00483178 0.000371356 -0.00408736 -0.00850363 -0.0128978 -0.0172128 -0.0214097 -0.0254462 -0.0293291 -0.0330047 -0.0364433 -0.0396051 -0.0424879 -0.04504 -0.0472667 -0.0491727 -0.0507501 -0.0519832 -0.0529158 -0.0535535 -0.05392 -0.0540678 -0.0540286 -0.0538313 -0.0535241 -0.0531539 -0.0527396 -0.0523281 -0.0519381 -0.0515944 -0.0512966 -0.0510923 -0.0509698 -0.0509602 -0.0510826 -0.0513553 -0.0517768 -0.0524061 -0.0532316 -0.0542902 -0.0556135 -0.057189 -0.0590211 -0.0610803 -0.0632848 -0.0655442 -0.0677166 -0.0695915 -0.0709946 -0.0716618 -0.0713786 -0.069964 -0.0672723 -0.063247 -0.0579439 -0.0515003 -0.0441637 -0.0362703 -0.0282008 -0.020383 -0.0131839 -0.00693772 -0.00188772 0.00184749 0.00425816 0.00541398 0.00548796 0.00472418 0.00337838 0.0017196 -5.11319e-05 -0.00174672 -0.00325558 -0.00454178 -0.00554517 -0.00627941 -0.00677148 -0.00708255 -0.00728039 -0.00736401 -0.00737817 -0.0073429 -0.00727444 -0.00720032 -0.00711888 -0.00704887 -0.00697523 -0.00688997 -0.00682437 -0.00679049 -0.00677897 -0.00676064 -0.00672936 -0.00672623 -0.00674962 -0.0067686 -0.00676138 -0.00673212 -0.00671928 -0.00669761 
0 5.39588e-05 0.0001252 0.000201344 0.000287249 0.000374503 0.000493021 0.000640564 0.000806986 0.000990587 0.00119939 0.00146105 0.00175085 0.00206151 0.00238326 0.00275121 0.00317152 0.00362244 0.00410516 0.0046137 0.00521669 0.00591227 0.00674088 0.00773201 0.00891686 0.0103848 0.0121552 0.0142996 0.016793 0.0195907 0.0226179 0.0257359 0.0287764 0.0314979 0.0336286 0.0349046 0.0351039 0.0340439 0.0316931 0.0280479 0.0232829 0.0176405 0.0114473 0.00513788 -0.000900577 -0.00624048 -0.0105653 -0.0136202 -0.0152707 -0.0154727 -0.0143148 -0.0119235 -0.00852683 -0.00437354 0.000284624 0.00519329 0.01015 0.0149585 0.0195213 0.0237206 0.0275289 0.0309163 0.0339024 0.0365031 0.0387777 0.0407517 0.0425005 0.044046 0.0454273 0.0466974 0.0478509 0.0489201 0.0499319 0.0508719 0.0517334 0.0525454 0.0532446 0.0538412 0.0543063 0.0546068 0.0546891 0.0545519 0.0541357 0.0534415 0.0524471 0.0511711 0.0495783 0.0476841 0.0454912 0.0430195 0.0402642 0.0372844 0.0340826 0.0306858 0.0271256 0.0234551 0.0196842 0.0158286 0.0118756 0.00787856 0.00385986 -0.000182871 -0.00425158 -0.0082985 -0.0123101 -0.0162562 -0.020152 -0.0239733 -0.0276799 -0.031231 -0.034627 -0.0378034 -0.0407427 -0.0434143 -0.0458028 -0.0478664 -0.0496258 -0.0510699 -0.0522132 -0.0530362 -0.053591 -0.0538701 -0.0539153 -0.0537771 -0.0535121 -0.0531233 -0.0527055 -0.0522646 -0.0518312 -0.0514563 -0.0511644 -0.0509545 -0.0508836 -0.0509548 -0.0511853 -0.0516198 -0.052265 -0.053157 -0.0543037 -0.0557341 -0.0574418 -0.05944 -0.0616914 -0.06418 -0.0668019 -0.0694688 -0.0720004 -0.0742178 -0.0758814 -0.076751 -0.076614 -0.0752574 -0.0725614 -0.0684742 -0.0630408 -0.0564032 -0.0488382 -0.0406469 -0.0322726 -0.0240987 -0.0165376 -0.00993225 -0.00449959 -0.000407486 0.00234059 0.00380008 0.00413175 0.00356291 0.00236244 0.000771275 -0.000960341 -0.00267847 -0.00425001 -0.00559568 -0.00668931 -0.00748021 -0.00803606 -0.0083827 -0.00859123 -0.00868934 -0.00868977 -0.00863909 -0.00853868 -0.00843206 -0.00831927 -0.00821394 -0.00809972 -0.00797744 -0.00787218 -0.00779175 -0.00773713 -0.00766615 -0.00759746 -0.00754459 -0.00751805 -0.00749402 -0.00743804 -0.00738124 -0.00732479 -0.0072721 
0 4.88276e-05 0.000114232 0.000187185 0.000280299 0.000384225 0.000525123 0.000697093 0.000892505 0.00111837 0.0013713 0.00167754 0.00200741 0.0023618 0.002739 0.00315291 0.00362244 0.00411685 0.00465042 0.0052194 0.0058751 0.00664534 0.00755566 0.00864961 0.00995316 0.0115557 0.0134952 0.0158117 0.018483 0.0214504 0.0246303 0.027869 0.0309863 0.0337427 0.0358707 0.0371019 0.0372216 0.0360813 0.0336388 0.029913 0.0250748 0.0193702 0.0131276 0.006762 0.000678495 -0.00469487 -0.00904981 -0.0121269 -0.0137763 -0.0139785 -0.0128053 -0.0103906 -0.00696176 -0.00276279 0.00193759 0.00689266 0.0118884 0.0167094 0.0212578 0.0254268 0.0291614 0.0324617 0.0353492 0.0378334 0.0399811 0.0418303 0.0434435 0.0448561 0.0461216 0.047284 0.0483443 0.049333 0.0502668 0.0511215 0.0519047 0.052623 0.0532168 0.0536875 0.0539938 0.0540911 0.053954 0.0535712 0.0528971 0.0519415 0.0506793 0.0491186 0.0472576 0.0451237 0.042723 0.0400821 0.0372156 0.0341728 0.0309625 0.0276405 0.0242349 0.0207508 0.0172032 0.0136462 0.0100615 0.00646214 0.00284869 -0.000775224 -0.00439537 -0.00799587 -0.0116162 -0.0152218 -0.0187947 -0.0223312 -0.0258213 -0.0292248 -0.0325328 -0.0356896 -0.0386701 -0.0414326 -0.0439588 -0.0462151 -0.0481891 -0.0498524 -0.0512149 -0.0522537 -0.0530018 -0.0534643 -0.0536612 -0.0536317 -0.0534268 -0.0530632 -0.0526292 -0.0521548 -0.051671 -0.0512377 -0.0508834 -0.0506252 -0.0505231 -0.0506015 -0.0508867 -0.0514201 -0.0522192 -0.0533202 -0.0547211 -0.0564564 -0.0585292 -0.0609175 -0.063598 -0.0665357 -0.0695994 -0.0726917 -0.0756311 -0.0782052 -0.0801814 -0.08131 -0.0813685 -0.08015 -0.0775205 -0.0734463 -0.0679688 -0.0612297 -0.0535167 -0.0451471 -0.036543 -0.0281097 -0.0202591 -0.0133303 -0.00755489 -0.00310176 -9.26156e-06 0.00177302 0.00238913 0.0020472 0.00100578 -0.000478495 -0.00216121 -0.00388027 -0.00548744 -0.00689458 -0.00804377 -0.00890159 -0.0095077 -0.00988525 -0.0101123 -0.0102102 -0.0102084 -0.0101325 -0.0100001 -0.00985908 -0.00970656 -0.00956059 -0.00940028 -0.00923554 -0.009086 -0.00895386 -0.00884293 -0.00872182 -0.00860512 -0.00850196 -0.00841734 -0.0083351 -0.00823265 -0.00812945 -0.00802968 -0.00793259 
0 6.5265e-05 0.000141875 0.000226904 0.000333456 0.000458291 0.000618968 0.000809213 0.00102608 0.00128257 0.00157253 0.00191464 0.00228232 0.00268138 0.00311728 0.00358411 0.00410516 0.00465042 0.00524411 0.00588775 0.00660941 0.00746582 0.00847255 0.0096847 0.0111284 0.012884 0.0150098 0.017509 0.0203625 0.0234977 0.0268225 0.0301737 0.0333564 0.0361383 0.0382543 0.0394375 0.0394771 0.0382594 0.0357331 0.0319415 0.0270503 0.0213103 0.0150515 0.00866066 0.00255908 -0.00283998 -0.0072313 -0.0103589 -0.0120564 -0.0123165 -0.0111945 -0.0088269 -0.00543631 -0.00126629 0.00339836 0.00832148 0.013274 0.0180392 0.0225131 0.0266042 0.0302357 0.0334271 0.0362 0.0385683 0.0406016 0.0423524 0.043875 0.0452037 0.046397 0.0474872 0.0484833 0.0494137 0.0502995 0.0511016 0.0518285 0.0524595 0.0529373 0.0532497 0.0533675 0.0532422 0.0528646 0.052217 0.0512699 0.0500331 0.0484988 0.0466745 0.0445681 0.0422082 0.0396178 0.0368328 0.0338893 0.0308398 0.0276856 0.0244726 0.0212318 0.0179681 0.0146963 0.0114568 0.00822219 0.00501502 0.00183638 -0.00134003 -0.00452313 -0.00770053 -0.0109158 -0.0141456 -0.0173832 -0.0206344 -0.0238842 -0.0270937 -0.030265 -0.033357 -0.0363438 -0.0391837 -0.0418394 -0.0442677 -0.0464416 -0.0483289 -0.0499244 -0.0512046 -0.0521794 -0.0528555 -0.0532387 -0.0533681 -0.0532766 -0.052987 -0.052569 -0.0520689 -0.0515193 -0.0510036 -0.0505576 -0.0502188 -0.0500449 -0.0500763 -0.0503406 -0.0508884 -0.0517529 -0.0529751 -0.0545571 -0.0565354 -0.0589164 -0.061653 -0.0647319 -0.0680963 -0.0716016 -0.0751291 -0.0784972 -0.0814561 -0.0837756 -0.085198 -0.085495 -0.0844661 -0.0819737 -0.0779964 -0.0725693 -0.0658343 -0.0580759 -0.0496281 -0.0408845 -0.0322748 -0.0242064 -0.0170156 -0.0109474 -0.00617133 -0.00275705 -0.000657987 0.000248738 0.000152403 -0.000706441 -0.00205669 -0.00366853 -0.00536844 -0.00699619 -0.00845285 -0.00964993 -0.0105718 -0.011223 -0.0116288 -0.0118668 -0.0119594 -0.0119503 -0.0118467 -0.0116834 -0.0115068 -0.0113147 -0.0111225 -0.0109136 -0.0107019 -0.0105006 -0.0103071 -0.0101255 -0.00994394 -0.00976746 -0.00960404 -0.00945159 -0.00930292 -0.00915158 -0.008999 -0.00885548 -0.00871248 
