0 0 0 0 0 0 0 0 0 0 0 0 0 0 0 0 0 0 0 0 0 0 0 0 0 0 0 0 0 0 0 0 0 0 0 0 0 0 0 0 0 0 0 0 0 0 0 0 0 0 0 0 0 0 0 0 0 0 0 0 0 0 0 0 0 0 0 0 0 0 0 0 0 0 0 0 0 0 0 0 0 0 0 0 0 0 0 0 0 0 0 0 0 0 0 0 0 0 0 0 0 0 0 0 0 0 0 0 0 0 0 0 0 0 0 0 0 0 0 0 0 0 0 0 0 0 0 0 0 0 0 0 0 0 0 0 0 0 0 0 0 0 0 0 0 0 0 0 0 0 0 0 0 0 0 0 0 0 0 0 0 0 0 0 0 0 0 0 0 0 0 0 0 0 0 0 0 0 0 0 0 0 0 0 0 0 0 0 0 0 0 0 0 0 0 0 0 0 0 0 
0 2.31773e-05 4.09552e-05 6.35942e-05 8.06219e-05 0.000100658 0.000112637 0.000113176 0.00011491 0.000109829 0.000109791 9.90088e-05 8.25422e-05 7.69544e-05 6.82998e-05 6.79581e-05 5.62216e-05 5.40528e-05 7.53446e-05 9.9029e-05 0.000139394 0.00017491 0.000231336 0.000304833 0.000383577 0.000491009 0.000611983 0.000762459 0.000937064 0.00114264 0.00138406 0.00163816 0.00188278 0.00211296 0.00230055 0.00241744 0.00244675 0.00235495 0.00215397 0.0018148 0.00137232 0.000859436 0.00029964 -0.000261006 -0.000789621 -0.00124356 -0.00161413 -0.0018705 -0.00201455 -0.00203372 -0.00195816 -0.00179072 -0.00155104 -0.0012688 -0.000966139 -0.000649445 -0.000336128 -5.15748e-05 0.000231976 0.000485424 0.000725787 0.000951523 0.00117313 0.00138644 0.00161214 0.00183771 0.00208976 0.00235587 0.00263706 0.00294769 0.00326869 0.00360191 0.0039557 0.00432273 0.00468793 0.00507232 0.00544311 0.0058033 0.00613623 0.00644621 0.00670002 0.00690778 0.00704867 0.00712616 0.00712071 0.00706427 0.00693842 0.00675305 0.00650858 0.00621723 0.00586152 0.00546967 0.00503389 0.00456339 0.00405449 0.0035303 0.00300559 0.0024943 0.00197293 0.00147302 0.00100122 0.000535322 5.70495e-05 -0.000411461 -0.00088839 -0.0013745 -0.00188221 -0.00239507 -0.00290377 -0.00339939 -0.0038982 -0.00436835 -0.00482162 -0.00525215 -0.00565591 -0.00601602 -0.00635734 -0.00664975 -0.00689447 -0.0070752 -0.00720437 -0.00725333 -0.00724385 -0.0071725 -0.00704828 -0.00685925 -0.00664722 -0.00639284 -0.00611245 -0.00582457 -0.00552791 -0.00521376 -0.00491292 -0.00461356 -0.00431855 -0.00405434 -0.00380906 -0.00359923 -0.00342329 -0.00329169 -0.00319882 -0.00315749 -0.00314966 -0.00320092 -0.00327975 -0.00339356 -0.00353266 -0.00368203 -0.00381634 -0.00392758 -0.00399337 -0.00397474 -0.00387117 -0.00365992 -0.00334045 -0.0029085 -0.00239792 -0.00181822 -0.00121493 -0.000609525 -5.84802e-05 0.000404817 0.000772176 0.000997475 0.00110095 0.00108978 0.00099288 0.000834013 0.000637096 0.000431683 0.000245118 7.63533e-05 -5.09717e-05 -0.00012787 -0.000177246 -0.000192801 -0.000205173 -0.00019315 -0.000173753 -0.00016317 -0.000147161 -0.000149156 -0.000151324 -0.000167607 -0.000188254 -0.000202963 -0.000231633 -0.000263571 -0.000300097 -0.000326085 -0.000343887 -0.000370136 -0.000395336 -0.000415127 -0.000422627 -0.00042848 -0.000442895 -0.000453734 -0.000457694 -0.000455694 
0 4.09552e-05 8.55199e-05 0.000115632 0.000160664 0.000190093 0.000214998 0.000224409 0.000216741 0.000225167 0.000211462 0.000198407 0.000167478 0.000143762 0.000143865 0.00012335 0.000116602 0.000109782 0.000148033 0.000214026 0.000279621 0.000373765 0.000482917 0.000634263 0.000802188 0.00100488 0.00124933 0.00153673 0.00187385 0.00227428 0.00274871 0.00324189 0.00374149 0.00419206 0.0045737 0.00481927 0.00486517 0.00470693 0.00429268 0.0036276 0.00275225 0.00172486 0.000614504 -0.000503446 -0.00156649 -0.00247388 -0.00320993 -0.00373648 -0.00399819 -0.00404506 -0.00387847 -0.00353298 -0.00305991 -0.0024976 -0.00189304 -0.00127563 -0.000652801 -7.15009e-05 0.000478695 0.00100912 0.00148807 0.00194432 0.00239632 0.00284003 0.00328364 0.00375835 0.00425597 0.00477195 0.00533079 0.00593433 0.00655784 0.00722713 0.0079353 0.00864308 0.00937377 0.0101117 0.0108212 0.0115131 0.0121678 0.0127359 0.0132251 0.0136148 0.0138798 0.0140247 0.014052 0.0139416 0.0136971 0.0133372 0.01287 0.0122843 0.0116034 0.0108392 0.00996992 0.00903066 0.00806957 0.00706162 0.00601437 0.00498329 0.00397411 0.00297944 0.00199665 0.00102241 7.43995e-05 -0.000869324 -0.00185445 -0.00284579 -0.0038202 -0.00481676 -0.00582373 -0.00680518 -0.00776517 -0.00869611 -0.00957821 -0.0104126 -0.0111979 -0.0119231 -0.0125624 -0.0131139 -0.013575 -0.0139231 -0.0141534 -0.0142759 -0.0142622 -0.0141307 -0.0139013 -0.0135682 -0.0131567 -0.0126924 -0.0121617 -0.0115964 -0.011015 -0.0104124 -0.00981526 -0.00924036 -0.00868569 -0.00816073 -0.00769261 -0.00728079 -0.00692743 -0.00665978 -0.00648671 -0.00637746 -0.00637033 -0.00645597 -0.00659868 -0.00682169 -0.00709818 -0.00738688 -0.00766898 -0.0078928 -0.00801192 -0.00798792 -0.00775352 -0.00732917 -0.00667941 -0.00580833 -0.00478603 -0.00363912 -0.00242835 -0.00123736 -0.000143227 0.000787444 0.00149726 0.00196475 0.00215749 0.00214006 0.00195272 0.00163316 0.00125149 0.000850248 0.000482936 0.000156948 -8.78303e-05 -0.000250431 -0.000335369 -0.000386922 -0.000407752 -0.000389064 -0.000366722 -0.000327818 -0.000314726 -0.000300165 -0.000306281 -0.000339492 -0.000365476 -0.000410433 -0.000453973 -0.000527311 -0.000600373 -0.000650343 -0.00069869 -0.000744325 -0.000803871 -0.000840693 -0.000855959 -0.000870649 -0.000891309 -0.000915697 -0.0009156 -0.000908099 
0 6.35942e-05 0.000115632 0.000174192 0.000220682 0.000272696 0.000307227 0.000316706 0.000326448 0.000321413 0.000320618 0.000290947 0.000244716 0.000222882 0.000201723 0.000199331 0.000177857 0.000182819 0.000249095 0.000331272 0.000452476 0.000573509 0.000748632 0.000973452 0.0012196 0.00153516 0.00189235 0.00232456 0.00282707 0.00341991 0.0041156 0.00485537 0.00558056 0.00626375 0.00682785 0.00718787 0.0072821 0.00702627 0.00642894 0.00543106 0.00411886 0.00258774 0.000919376 -0.000757092 -0.00233607 -0.00369486 -0.00479373 -0.0055522 -0.00596206 -0.006006 -0.00575667 -0.00523912 -0.00451517 -0.00366804 -0.00276335 -0.001825 -0.000896904 -3.80853e-05 0.000810588 0.00159246 0.0023387 0.00305022 0.00374906 0.00442471 0.0051189 0.00581028 0.00655467 0.00732938 0.00814387 0.00903192 0.0099541 0.0109162 0.0119326 0.0129777 0.0140155 0.0150794 0.0160927 0.0170576 0.0179386 0.0187425 0.0194053 0.0199483 0.0203282 0.0205484 0.0205639 0.0204316 0.0201065 0.0196043 0.0189255 0.018096 0.017089 0.0159726 0.0147367 0.0134087 0.0119871 0.010514 0.0090173 0.00752533 0.00598548 0.00446402 0.00298195 0.0015013 -1.11932e-06 -0.00146844 -0.00293411 -0.00439324 -0.00586941 -0.00733722 -0.00878188 -0.0101877 -0.0115919 -0.0129266 -0.0142088 -0.0154203 -0.0165438 -0.0175391 -0.0184536 -0.0192262 -0.0198628 -0.0203354 -0.0206735 -0.0208235 -0.0208287 -0.0206818 -0.0203973 -0.0199463 -0.0194128 -0.0187582 -0.0180164 -0.0172346 -0.0164174 -0.0155539 -0.0147175 -0.0138907 -0.0130818 -0.0123486 -0.0116696 -0.0110777 -0.0105715 -0.0101776 -0.00988981 -0.00973596 -0.00968966 -0.00980653 -0.0100192 -0.0103422 -0.0107479 -0.0111869 -0.0115896 -0.0119173 -0.0120984 -0.0120313 -0.0116956 -0.0110399 -0.0100593 -0.00875383 -0.00721523 -0.005487 -0.00368927 -0.00190178 -0.00027347 0.00109961 0.00217792 0.00285481 0.00316843 0.00315079 0.00288018 0.00242647 0.001863 0.00127353 0.000731139 0.000244361 -0.000127316 -0.000363748 -0.000515769 -0.000582288 -0.000627608 -0.000608512 -0.000564738 -0.000531997 -0.00048821 -0.000481868 -0.000482558 -0.000519876 -0.000570122 -0.000613267 -0.0006915 -0.000785776 -0.000892371 -0.000975032 -0.0010402 -0.00112531 -0.00120828 -0.00127182 -0.0012992 -0.00131674 -0.00135048 -0.00137398 -0.00137589 -0.00135844 
0 8.06219e-05 0.000160664 0.000220682 0.000291986 0.000345645 0.000389062 0.000410419 0.000411071 0.000424335 0.000408699 0.000380884 0.000328342 0.000290329 0.000285954 0.000266871 0.000263015 0.000272941 0.000353532 0.000479442 0.000618993 0.000800388 0.00102444 0.00132137 0.00165996 0.00206673 0.00254894 0.00311741 0.00378425 0.00457367 0.00549696 0.00646994 0.00744841 0.00834242 0.00908879 0.0095663 0.0096621 0.0093342 0.00851235 0.00719533 0.0054613 0.00342784 0.00122779 -0.000987117 -0.00308118 -0.00488171 -0.00632984 -0.00734913 -0.00786519 -0.00793359 -0.00758401 -0.00688273 -0.00592194 -0.00478966 -0.00357123 -0.00232242 -0.00107279 0.000110069 0.00124233 0.0023286 0.00333948 0.00430812 0.00526044 0.00619381 0.00712156 0.00808035 0.00907036 0.0100863 0.0111598 0.0123028 0.013481 0.0147239 0.0160212 0.0173188 0.0186273 0.0199269 0.0211596 0.0223319 0.0234164 0.0243597 0.0251619 0.0258054 0.0262578 0.0265182 0.0265786 0.0264146 0.0260141 0.0253924 0.0245594 0.0235056 0.0222617 0.0208585 0.0192808 0.0175766 0.0158043 0.0139376 0.0119855 0.0100069 0.00800137 0.0059719 0.00393062 0.00188206 -0.000137022 -0.00212773 -0.00412975 -0.00609693 -0.00800377 -0.00989722 -0.0117663 -0.0135762 -0.0153382 -0.0170337 -0.0186354 -0.0201379 -0.0215276 -0.0227809 -0.0238741 -0.0248008 -0.0255621 -0.0261391 -0.026536 -0.0267593 -0.0267847 -0.0266302 -0.0263142 -0.025823 -0.0251938 -0.0244474 -0.0235764 -0.0226284 -0.0216326 -0.0205889 -0.0195481 -0.0185325 -0.0175463 -0.0166132 -0.0157663 -0.0150103 -0.0143565 -0.0138441 -0.013488 -0.0132655 -0.0132216 -0.0133558 -0.0136197 -0.0140341 -0.0145547 -0.0151097 -0.0156409 -0.016059 -0.0162685 -0.016181 -0.0156972 -0.014818 -0.0134995 -0.0117587 -0.00970987 -0.00742309 -0.00502281 -0.0026603 -0.000491397 0.00135516 0.00277659 0.00371334 0.00413336 0.00413088 0.00378871 0.00319057 0.00245909 0.00168582 0.000966244 0.000328935 -0.000160018 -0.000490804 -0.000684138 -0.000799411 -0.000855186 -0.000840667 -0.000804334 -0.000746177 -0.000713445 -0.00068811 -0.000695065 -0.000743867 -0.00079235 -0.000863879 -0.000946385 -0.0010722 -0.00120107 -0.00129877 -0.00139052 -0.00148543 -0.00159611 -0.00167188 -0.00170998 -0.00174149 -0.00178064 -0.00182031 -0.00182443 -0.0018125 
0 0.000100658 0.000190093 0.000272696 0.000345645 0.000413049 0.000460816 0.00048329 0.000496378 0.000500298 0.00049355 0.00045732 0.000403435 0.000373338 0.000363306 0.000365887 0.000365298 0.000397114 0.000501289 0.000645888 0.000827525 0.00103707 0.00131474 0.00167179 0.00208773 0.00259783 0.00319929 0.0039175 0.00476345 0.0057595 0.00690735 0.00812583 0.0093294 0.0104397 0.0113467 0.0119155 0.0120285 0.0115895 0.0105614 0.00891683 0.00675987 0.0042399 0.00151405 -0.00122701 -0.0038019 -0.00602836 -0.00781176 -0.00905052 -0.00970062 -0.0097715 -0.00933585 -0.00846201 -0.00725106 -0.00582287 -0.0042813 -0.00268644 -0.00110167 0.000405463 0.00186254 0.00323841 0.00454135 0.00578756 0.0070019 0.00818539 0.00936983 0.0105619 0.011797 0.0130639 0.0143776 0.015759 0.0171736 0.0186269 0.0201208 0.0216199 0.0230991 0.0245636 0.0259495 0.0272481 0.0284302 0.0294809 0.0303602 0.0310696 0.0315741 0.0318648 0.0319092 0.0317267 0.0312834 0.0305839 0.0296307 0.028435 0.0269956 0.0253656 0.0235444 0.0215628 0.0194388 0.0171924 0.0148476 0.0124347 0.00992689 0.00737372 0.00480804 0.00222248 -0.000366942 -0.00290644 -0.00540745 -0.00784842 -0.0102294 -0.0125454 -0.0147829 -0.016928 -0.0190052 -0.0209702 -0.0228195 -0.0245388 -0.0261067 -0.0274938 -0.0287219 -0.0297566 -0.0306009 -0.0312422 -0.031699 -0.0319463 -0.0320051 -0.0318774 -0.0315709 -0.0310693 -0.0304281 -0.0296338 -0.0287077 -0.0276967 -0.0266148 -0.0254645 -0.0243092 -0.0231548 -0.0220171 -0.0209476 -0.0199559 -0.0190709 -0.0183083 -0.0177039 -0.0172683 -0.0170178 -0.0169577 -0.0171182 -0.0174452 -0.0179389 -0.018557 -0.01922 -0.0198364 -0.0203193 -0.0205521 -0.020405 -0.0198023 -0.0186894 -0.0170418 -0.0148803 -0.0123213 -0.00946608 -0.00647813 -0.00352557 -0.00081549 0.00149236 0.00329016 0.00446756 0.00503365 0.00506058 0.00465959 0.00394631 0.00304986 0.00209974 0.0012032 0.000408318 -0.000209972 -0.000628865 -0.000891539 -0.00103514 -0.00111099 -0.00110402 -0.0010584 -0.00100819 -0.000961391 -0.000945464 -0.000955342 -0.00100615 -0.00107027 -0.00113894 -0.0012403 -0.00137259 -0.00151411 -0.00162841 -0.0017268 -0.00184277 -0.00196286 -0.00205555 -0.00210752 -0.00215003 -0.00220743 -0.00225474 -0.00227207 -0.00226573 
0 0.000112637 0.000214998 0.000307227 0.000389062 0.000460816 0.000512411 0.000540692 0.000556575 0.000564077 0.000558297 0.000526074 0.000481451 0.00045817 0.000459587 0.000473497 0.000491598 0.00054704 0.000672384 0.000849077 0.00106455 0.00131953 0.00164793 0.00206357 0.00255983 0.00316101 0.00387906 0.00473722 0.00575398 0.00695019 0.00831483 0.00976433 0.0111967 0.0125089 0.0135706 0.0142272 0.0143382 0.0137971 0.012551 0.0105931 0.00803252 0.00504256 0.00181694 -0.00142486 -0.00446474 -0.00710082 -0.00920213 -0.0106597 -0.0114189 -0.0114939 -0.0109586 -0.00990247 -0.00844377 -0.0067187 -0.00484461 -0.00290337 -0.000969833 0.000891321 0.00267927 0.00437388 0.00597566 0.00750255 0.00898048 0.0104214 0.0118509 0.0132878 0.0147538 0.0162455 0.017774 0.0193493 0.0209456 0.0225623 0.0241921 0.025804 0.0273787 0.0289113 0.0303597 0.0317111 0.0329422 0.0340298 0.0349432 0.0356725 0.0361902 0.0364813 0.0365241 0.0363167 0.035837 0.0350864 0.0340686 0.0327856 0.0312417 0.0294638 0.0274537 0.0252356 0.0228326 0.0202546 0.0175236 0.0146725 0.011706 0.00866063 0.00557134 0.00245439 -0.000656766 -0.00372169 -0.00673206 -0.00965651 -0.012476 -0.0151865 -0.0177732 -0.0202213 -0.022538 -0.0247002 -0.0267013 -0.0285382 -0.0301985 -0.0316655 -0.0329463 -0.0340263 -0.034906 -0.0355828 -0.036067 -0.0363479 -0.0364357 -0.0363377 -0.036061 -0.0356027 -0.034997 -0.034241 -0.0333481 -0.0323505 -0.0312639 -0.0300974 -0.0288987 -0.0276852 -0.0264773 -0.0253192 -0.0242377 -0.023262 -0.022421 -0.0217526 -0.0212752 -0.0210041 -0.0209533 -0.0211363 -0.0215164 -0.0220795 -0.0227782 -0.0235261 -0.0242196 -0.0247495 -0.0249795 -0.0247676 -0.0240162 -0.0226618 -0.0206764 -0.0180934 -0.0150305 -0.0116218 -0.00805072 -0.00452598 -0.00127973 0.00149646 0.00365988 0.00510042 0.00581619 0.00588961 0.00544753 0.0046299 0.00359019 0.00247888 0.00141657 0.000477841 -0.000262094 -0.000777069 -0.00110459 -0.00129355 -0.00138851 -0.00139649 -0.00135646 -0.00130553 -0.00126098 -0.00124369 -0.00125815 -0.00130872 -0.00137418 -0.00144868 -0.00155514 -0.0016958 -0.00184482 -0.00197056 -0.00208208 -0.00220728 -0.002337 -0.00244002 -0.00250496 -0.00256035 -0.00262738 -0.00268487 -0.00271152 -0.00271435 
0 0.000113176 0.000224409 0.000316706 0.000410419 0.00048329 0.000540692 0.000579443 0.000596228 0.000616611 0.000610997 0.000592775 0.000566429 0.000552169 0.000574879 0.000596683 0.000643887 0.000726379 0.000872783 0.00108788 0.00133304 0.00164217 0.00201968 0.00249343 0.0030729 0.00376186 0.00459784 0.00559219 0.00677487 0.0081627 0.0097308 0.0113925 0.0130436 0.0145411 0.0157467 0.0164861 0.0165869 0.0159523 0.0144893 0.0122325 0.00928564 0.00584103 0.00213543 -0.001586 -0.00507132 -0.00809674 -0.0104929 -0.0121548 -0.0129994 -0.0130689 -0.0124183 -0.0111661 -0.00945089 -0.00741862 -0.00519997 -0.00290775 -0.000620709 0.00160532 0.00372438 0.00575217 0.00766206 0.00948134 0.0112302 0.0129319 0.0145923 0.0162595 0.0179239 0.0195995 0.0212984 0.02301 0.0247229 0.0264356 0.0281295 0.0297753 0.0313773 0.0329025 0.0343407 0.0356724 0.0368908 0.0379494 0.0388523 0.0395631 0.0400666 0.0403353 0.0403756 0.0401447 0.039649 0.0388803 0.0378436 0.0365181 0.0349287 0.033062 0.0309213 0.0285141 0.025878 0.0230064 0.0199227 0.0166613 0.0132734 0.00977187 0.00619442 0.00258184 -0.00100985 -0.004568 -0.00805878 -0.0114426 -0.0146723 -0.0177513 -0.0206532 -0.0233603 -0.0258554 -0.0281559 -0.0302397 -0.0321198 -0.0337956 -0.0352774 -0.0365411 -0.0376123 -0.038481 -0.039157 -0.0396325 -0.0399352 -0.0400455 -0.0399881 -0.0397646 -0.0393911 -0.0388599 -0.0382006 -0.0374045 -0.036489 -0.035473 -0.034374 -0.0332081 -0.0320149 -0.0308187 -0.0296413 -0.0285423 -0.0275372 -0.0266682 -0.0259729 -0.0254849 -0.0252041 -0.0251793 -0.025388 -0.0258254 -0.0264611 -0.0272383 -0.0280622 -0.028826 -0.0293874 -0.0295937 -0.029306 -0.0283838 -0.026777 -0.024443 -0.0214346 -0.0178678 -0.0139136 -0.00976712 -0.00568781 -0.00191775 0.0013216 0.0038421 0.0055609 0.00644077 0.00658739 0.00613335 0.00523782 0.00408302 0.00283097 0.0016157 0.00054239 -0.000317301 -0.000938598 -0.00133656 -0.0015865 -0.00170617 -0.00173764 -0.00171379 -0.0016588 -0.00162361 -0.00159723 -0.00161302 -0.00165715 -0.00171191 -0.00179221 -0.00189254 -0.00203768 -0.00218861 -0.00232328 -0.00245357 -0.00258468 -0.00272576 -0.00283844 -0.00291986 -0.00299102 -0.00306057 -0.00312293 -0.00314903 -0.00315427 
0 0.00011491 0.000216741 0.000326448 0.000411071 0.000496378 0.000556575 0.000596228 0.000634813 0.000647117 0.000665361 0.000655626 0.000651474 0.000667282 0.000690751 0.000750922 0.000814167 0.000935568 0.00111289 0.0013467 0.00164481 0.00198801 0.00242489 0.00295578 0.0036108 0.00440002 0.0053493 0.00648396 0.00783565 0.00941228 0.0111703 0.0130472 0.0148858 0.0165695 0.0178988 0.0186956 0.018798 0.0180387 0.0163797 0.0138262 0.010506 0.00663392 0.00246853 -0.00171286 -0.00560838 -0.00900213 -0.0116773 -0.0134988 -0.0144362 -0.0144637 -0.0136901 -0.0122329 -0.0102418 -0.0078881 -0.00532322 -0.00265855 -1.29957e-05 0.00256692 0.00504483 0.00738812 0.0096196 0.0117396 0.0137613 0.0157048 0.0176025 0.0194477 0.0212736 0.02309 0.0248889 0.026668 0.0284377 0.0301607 0.0318361 0.0334684 0.0350182 0.0364836 0.0378627 0.0391203 0.0402451 0.0412468 0.0420816 0.0427397 0.0432074 0.0434585 0.0434632 0.0432324 0.0427489 0.0419941 0.0409527 0.0396356 0.0380118 0.0360781 0.0338506 0.0313198 0.0284603 0.0253272 0.0219584 0.018365 0.0145767 0.0106602 0.00666416 0.00262758 -0.00142991 -0.00543917 -0.00933721 -0.0131095 -0.0167359 -0.0201389 -0.0232979 -0.0262112 -0.0288654 -0.0312475 -0.0333808 -0.0352649 -0.0369081 -0.0383201 -0.0395347 -0.0405443 -0.0413533 -0.0419797 -0.0424367 -0.0427129 -0.0428483 -0.0428422 -0.0426874 -0.0424021 -0.0419926 -0.0414432 -0.0407807 -0.0400088 -0.039122 -0.0381497 -0.0371061 -0.0360092 -0.0348926 -0.0338014 -0.0327507 -0.0317929 -0.0309643 -0.0302973 -0.029821 -0.0295893 -0.0295943 -0.029858 -0.0303769 -0.0310913 -0.0319536 -0.032864 -0.0336808 -0.0342638 -0.0344459 -0.034044 -0.0329629 -0.0310784 -0.0283917 -0.02496 -0.0208887 -0.0163881 -0.0116881 -0.00705254 -0.00276674 0.00092115 0.00382939 0.00581679 0.00690572 0.00714961 0.00670909 0.00577569 0.00452079 0.0031492 0.00179456 0.000591323 -0.000390447 -0.00111256 -0.00160756 -0.00191004 -0.00207509 -0.00214086 -0.00212656 -0.00209705 -0.00204751 -0.00203201 -0.00203879 -0.00206548 -0.00212245 -0.0021812 -0.00228862 -0.00241487 -0.00255902 -0.00270198 -0.00283142 -0.00297858 -0.00311246 -0.00323618 -0.00333239 -0.00341159 -0.00349196 -0.00354764 -0.00358301 -0.00359004 
0 0.000109829 0.000225167 0.000321413 0.000424335 0.000500298 0.000564077 0.000616611 0.000647117 0.000685066 0.000697803 0.000716937 0.000742958 0.000773263 0.000839148 0.000907617 0.00102255 0.00117812 0.00137903 0.00165723 0.0019759 0.00238131 0.00286256 0.00345069 0.00418963 0.00506629 0.00613589 0.00741052 0.00892758 0.0106927 0.0126492 0.0147154 0.0167634 0.0185997 0.0200433 0.0208921 0.020944 0.0200797 0.0181919 0.0153567 0.0116883 0.00741096 0.0028242 -0.00176669 -0.00605136 -0.00977357 -0.0126892 -0.0146793 -0.0156513 -0.0156482 -0.014729 -0.013048 -0.0107835 -0.00810878 -0.00517753 -0.0021545 0.000861278 0.00382637 0.00663823 0.00932801 0.0118624 0.0142593 0.0165286 0.0187033 0.0207732 0.0227921 0.024727 0.0266122 0.0284538 0.0302288 0.0319605 0.033643 0.0352531 0.0367837 0.0382485 0.0395975 0.0408583 0.0420034 0.0430413 0.0439212 0.0446719 0.0452489 0.0456536 0.0458557 0.0458804 0.0456468 0.0451758 0.0444392 0.0434249 0.0420943 0.0404695 0.0384887 0.036166 0.0334891 0.0304931 0.0271757 0.0235556 0.0196568 0.0155862 0.0113406 0.00695999 0.00253005 -0.00187365 -0.00625427 -0.0105278 -0.014647 -0.0185435 -0.0222023 -0.0255913 -0.0286922 -0.0314509 -0.0339185 -0.0360693 -0.0379265 -0.0395141 -0.040873 -0.0419667 -0.0428715 -0.0435851 -0.0441394 -0.0445266 -0.0448028 -0.0449333 -0.0449511 -0.0448526 -0.0446713 -0.0443574 -0.0439588 -0.0434558 -0.0428367 -0.0421218 -0.0413398 -0.040464 -0.0395457 -0.0386108 -0.0376516 -0.0367432 -0.0358981 -0.0351698 -0.034595 -0.0342227 -0.0340641 -0.0341807 -0.0345278 -0.035143 -0.0359643 -0.0369177 -0.0379053 -0.0387911 -0.0393881 -0.0395195 -0.0390287 -0.0377432 -0.0355979 -0.0325571 -0.0287014 -0.0241433 -0.0191142 -0.0138544 -0.00868143 -0.00387398 0.000290617 0.00357009 0.00588573 0.00718143 0.00755702 0.0071631 0.00619745 0.00487889 0.00339856 0.00191997 0.000601684 -0.000491457 -0.0013272 -0.00190017 -0.00228484 -0.00248946 -0.00259553 -0.00262057 -0.0025888 -0.00256668 -0.00253737 -0.002546 -0.00256633 -0.00259984 -0.00267025 -0.00274967 -0.00286514 -0.00298558 -0.0031091 -0.00324336 -0.00336732 -0.00350169 -0.00361807 -0.00372336 -0.00381961 -0.00389472 -0.00396491 -0.00400313 -0.00402675 
0 0.000109791 0.000211462 0.000320618 0.000408699 0.00049355 0.000558297 0.000610997 0.000665361 0.000697803 0.00074004 0.000776224 0.000833066 0.000906559 0.000986943 0.0011097 0.00125849 0.00146475 0.00170618 0.00200366 0.00237353 0.00281068 0.00334387 0.00398346 0.00478878 0.00576297 0.00694876 0.0083687 0.0100626 0.0120192 0.0141625 0.016431 0.0186427 0.0206343 0.022164 0.0230302 0.0230501 0.0220403 0.0199553 0.0168415 0.0128405 0.00819363 0.00321959 -0.00175109 -0.0063624 -0.0103684 -0.0134915 -0.0155807 -0.0166008 -0.0165288 -0.0154722 -0.0135783 -0.0110342 -0.00802821 -0.00474256 -0.00133396 0.00205366 0.00537352 0.00854169 0.0115312 0.0143543 0.0170067 0.0194891 0.0218242 0.0240412 0.0261311 0.0281145 0.0300199 0.0318372 0.0335514 0.0352097 0.0367711 0.0382398 0.0396443 0.0409605 0.0421715 0.0433058 0.0443203 0.0452123 0.0459914 0.0466379 0.0471359 0.0474848 0.0476616 0.0476441 0.047416 0.0469678 0.0462562 0.0452369 0.0439101 0.0422386 0.0401903 0.0377967 0.0350418 0.0318905 0.0284088 0.0246289 0.0205493 0.016225 0.0117152 0.00706937 0.00236612 -0.00235927 -0.00703191 -0.0115517 -0.0159015 -0.0200537 -0.0239095 -0.0274533 -0.0306837 -0.0335595 -0.0360829 -0.0382725 -0.0401189 -0.0416489 -0.0429009 -0.0439086 -0.0447047 -0.0453122 -0.0457679 -0.04609 -0.0462939 -0.046411 -0.0464443 -0.0463833 -0.0462608 -0.0460526 -0.0457628 -0.0454133 -0.0449865 -0.0444708 -0.0439045 -0.0432568 -0.0425519 -0.0418219 -0.0410866 -0.0403652 -0.0397152 -0.039171 -0.0387641 -0.0385383 -0.0385517 -0.0388039 -0.0393019 -0.0400682 -0.0410165 -0.0420849 -0.0431656 -0.0441004 -0.0447075 -0.0448041 -0.0441941 -0.0427524 -0.0403398 -0.0369662 -0.0327063 -0.0276657 -0.0221097 -0.0163112 -0.0105904 -0.00526727 -0.000644147 0.00304914 0.00567259 0.00722988 0.00776168 0.00744222 0.0064966 0.00512534 0.00356445 0.00197658 0.000546157 -0.000658565 -0.00159568 -0.00226969 -0.00271308 -0.00297405 -0.00312236 -0.00316958 -0.00317399 -0.00314717 -0.00313676 -0.00313702 -0.00314113 -0.0031749 -0.0032183 -0.00329382 -0.00336966 -0.00346093 -0.00356997 -0.00368012 -0.00380027 -0.00390946 -0.00402603 -0.00413807 -0.00423575 -0.00431894 -0.00437932 -0.00443029 -0.00445909 
0 9.90088e-05 0.000198407 0.000290947 0.000380884 0.00045732 0.000526074 0.000592775 0.000655626 0.000716937 0.000776224 0.000850614 0.000947794 0.00105605 0.00118187 0.00133624 0.00153882 0.00178717 0.00206308 0.00239862 0.00280319 0.00329585 0.00387917 0.00457705 0.00545527 0.00652075 0.00782038 0.00938169 0.0112374 0.0133714 0.0156982 0.0181361 0.0205195 0.0226351 0.0242437 0.0251265 0.0250834 0.0239519 0.0216641 0.0182989 0.0140042 0.0090296 0.00371611 -0.0015735 -0.00648225 -0.010727 -0.0140196 -0.016207 -0.017226 -0.0170858 -0.0158746 -0.0137574 -0.0109421 -0.00762421 -0.0039882 -0.000228325 0.00351986 0.00719478 0.0106818 0.0139659 0.0170347 0.0198838 0.0225173 0.0249638 0.0272392 0.0293635 0.0313321 0.0331835 0.034918 0.0365208 0.0380389 0.0394594 0.0407747 0.0420079 0.0431614 0.0442088 0.0451833 0.0460623 0.0468465 0.0475152 0.048076 0.0485027 0.0487914 0.0489247 0.0488996 0.048654 0.0481843 0.0474496 0.0464073 0.0450361 0.0433223 0.0412128 0.0387316 0.035871 0.032635 0.0290568 0.0251489 0.0209213 0.0164653 0.0118025 0.00697361 0.00208252 -0.00280576 -0.00765527 -0.0123614 -0.0168794 -0.0211602 -0.0251469 -0.0288202 -0.0321624 -0.0351151 -0.0377028 -0.0399189 -0.0417633 -0.0432714 -0.0444848 -0.0454053 -0.0461057 -0.0466173 -0.0469786 -0.0472109 -0.047357 -0.0474162 -0.0474106 -0.0473478 -0.0472598 -0.047113 -0.0469362 -0.0467282 -0.0464623 -0.0461445 -0.0457999 -0.0453863 -0.0449342 -0.0444678 -0.04398 -0.0435159 -0.0431138 -0.0428138 -0.0426504 -0.0426693 -0.0429076 -0.0433866 -0.0440866 -0.0450381 -0.0461611 -0.0473715 -0.0485682 -0.0495868 -0.0502209 -0.0502812 -0.0495808 -0.0479549 -0.0452945 -0.0415941 -0.0369366 -0.0314441 -0.025387 -0.019065 -0.0128229 -0.00699228 -0.00190052 0.0021919 0.00516537 0.00698414 0.0077052 0.00749773 0.0065902 0.00521404 0.00359584 0.00192988 0.000408504 -0.000895724 -0.00193815 -0.00270389 -0.00322707 -0.00354382 -0.00373637 -0.00382159 -0.00383778 -0.0038284 -0.00381174 -0.00380319 -0.00379323 -0.00380447 -0.00384445 -0.00389379 -0.0039463 -0.00400811 -0.0040943 -0.00419737 -0.00429189 -0.00438654 -0.00448648 -0.00459382 -0.00469075 -0.00475804 -0.00481452 -0.00485803 -0.0048894 
0 8.25422e-05 0.000167478 0.000244716 0.000328342 0.000403435 0.000481451 0.000566429 0.000651474 0.000742958 0.000833066 0.000947794 0.00108791 0.00123796 0.00140518 0.00159926 0.0018496 0.00213972 0.00245341 0.00282363 0.00326947 0.00381451 0.00445233 0.00521453 0.0061684 0.00733553 0.00875924 0.0104701 0.0124928 0.0147989 0.0172961 0.0198876 0.0224095 0.0246261 0.0262893 0.0271705 0.0270646 0.025813 0.0233478 0.0197581 0.0152029 0.00994154 0.00433142 -0.00123789 -0.00639748 -0.0108374 -0.0142631 -0.0165108 -0.017512 -0.0172853 -0.0159156 -0.0135784 -0.0104936 -0.0068677 -0.00290067 0.00119412 0.00527081 0.00924877 0.0130109 0.0165316 0.0197937 0.0227917 0.025524 0.0280177 0.0302914 0.0323688 0.0342539 0.0359927 0.0375919 0.039045 0.0403969 0.0416437 0.042783 0.0438413 0.0448286 0.0457232 0.0465533 0.047304 0.0479758 0.0485523 0.0490432 0.0494189 0.0496652 0.049758 0.0496849 0.0493871 0.0488597 0.0480601 0.0469449 0.0454946 0.0436976 0.0415111 0.0389578 0.0360256 0.0327137 0.0290586 0.0250812 0.0207926 0.016273 0.0115518 0.00667352 0.00173 -0.00321829 -0.00812735 -0.0128977 -0.0174883 -0.02185 -0.0259179 -0.0296641 -0.0330717 -0.0360888 -0.0387341 -0.0409989 -0.0428772 -0.0443989 -0.0456064 -0.0465048 -0.0471614 -0.0476099 -0.0478888 -0.048029 -0.0480849 -0.048066 -0.0480013 -0.0479061 -0.0478085 -0.0476842 -0.0475652 -0.0474507 -0.0473168 -0.047168 -0.0470197 -0.046831 -0.0466266 -0.046429 -0.046228 -0.0460633 -0.0459686 -0.0459762 -0.0461152 -0.0464327 -0.0469608 -0.0477206 -0.0486946 -0.0499014 -0.0512605 -0.0526749 -0.0540355 -0.0551702 -0.0558613 -0.0559126 -0.0551365 -0.0533544 -0.0504637 -0.0464589 -0.0414253 -0.0355026 -0.02897 -0.0221536 -0.0154136 -0.00909947 -0.00355573 0.000944899 0.00427957 0.00639734 0.00735128 0.00730462 0.0064881 0.00514451 0.00350344 0.00178253 0.000178531 -0.00122314 -0.00237281 -0.00323974 -0.00384552 -0.0042275 -0.00446545 -0.00458562 -0.00461978 -0.00462046 -0.00460042 -0.00457578 -0.00454397 -0.00453001 -0.00455023 -0.00457214 -0.00459392 -0.00462554 -0.00468961 -0.00477848 -0.00485355 -0.00492917 -0.00501326 -0.00511112 -0.00519708 -0.00524508 -0.0052814 -0.00530705 -0.00532346 
0 7.69544e-05 0.000143762 0.000222882 0.000290329 0.000373338 0.00045817 0.000552169 0.000667282 0.000773263 0.000906559 0.00105605 0.00123796 0.00143932 0.00163812 0.00188847 0.00217774 0.002514 0.00287383 0.00327574 0.00377855 0.00437272 0.00507671 0.00591309 0.00694731 0.00822562 0.00977861 0.0116395 0.0138285 0.0162996 0.0189546 0.0216978 0.0243318 0.0266407 0.0283403 0.0291993 0.0290297 0.0276454 0.0250241 0.0212329 0.0164541 0.0109566 0.00510633 -0.00069663 -0.00605558 -0.0106519 -0.0141873 -0.016463 -0.017444 -0.0171126 -0.0155849 -0.0130364 -0.00969552 -0.00578233 -0.00152854 0.00286532 0.00722424 0.0114423 0.0154343 0.019123 0.0225158 0.025597 0.0283665 0.0308394 0.0330687 0.0350384 0.0367959 0.038378 0.0397963 0.0410639 0.0422345 0.0432973 0.0442643 0.0451718 0.0460051 0.0467693 0.0474803 0.0481318 0.0487048 0.0492208 0.0496473 0.0499718 0.0501647 0.0502118 0.0500517 0.0496717 0.049038 0.048122 0.0468762 0.0453191 0.0434057 0.041126 0.03849 0.0355041 0.0321343 0.0284402 0.0244443 0.0201737 0.0156661 0.0109891 0.00618085 0.00131509 -0.00358073 -0.0084284 -0.0131581 -0.0177261 -0.0221006 -0.0261824 -0.0299572 -0.0333988 -0.0364773 -0.039169 -0.0415018 -0.0434502 -0.0450404 -0.0462882 -0.0472349 -0.0478925 -0.0483182 -0.0485441 -0.0486241 -0.0485841 -0.0484866 -0.0483417 -0.0481817 -0.0480282 -0.0478913 -0.047768 -0.047685 -0.0476248 -0.0475818 -0.0475761 -0.0475854 -0.0476116 -0.0476732 -0.0477808 -0.0479255 -0.0481689 -0.0485217 -0.0490118 -0.0496768 -0.0505686 -0.0516629 -0.0529852 -0.0545153 -0.056171 -0.0578584 -0.0594451 -0.0607451 -0.0615424 -0.0616296 -0.0607975 -0.0589006 -0.0558004 -0.0515266 -0.0461544 -0.03984 -0.0328741 -0.025604 -0.0183914 -0.0116151 -0.00563239 -0.000704389 0.00299639 0.00545 0.00666772 0.00681797 0.00613803 0.00485567 0.00323048 0.00148382 -0.000182322 -0.00166668 -0.00291125 -0.00388316 -0.00456781 -0.0050267 -0.00531478 -0.00546676 -0.00553469 -0.00553504 -0.00552347 -0.00547934 -0.00542291 -0.00539253 -0.00537447 -0.00537526 -0.00535385 -0.00535205 -0.00539004 -0.00544091 -0.00549313 -0.00552528 -0.00558293 -0.00565718 -0.00571704 -0.00575229 -0.00576072 -0.00577868 -0.00578028 
0 6.82998e-05 0.000143865 0.000201723 0.000285954 0.000363306 0.000459587 0.000574879 0.000690751 0.000839148 0.000986943 0.00118187 0.00140518 0.00163812 0.00190161 0.00218499 0.00253938 0.00292101 0.00332676 0.0037867 0.00432939 0.00499109 0.00575717 0.00667279 0.00779688 0.00918856 0.0108727 0.0128944 0.0152428 0.0178742 0.020698 0.0235617 0.0263248 0.0286913 0.0304191 0.0312576 0.0309914 0.0295015 0.026721 0.022757 0.0177926 0.0121043 0.0060596 9.45357e-05 -0.00542828 -0.0101276 -0.0137232 -0.0160318 -0.0169542 -0.0165416 -0.0148705 -0.0121379 -0.00857933 -0.00443804 6.97734e-05 0.00468842 0.00927023 0.0136818 0.0178122 0.021617 0.025068 0.0281562 0.0308893 0.0333021 0.0354006 0.0372432 0.0388374 0.0402308 0.041455 0.0425446 0.043513 0.0444139 0.0452405 0.0460045 0.046728 0.0474039 0.0480232 0.0486044 0.0491374 0.0495877 0.0499609 0.0502249 0.0503422 0.0502814 0.0500294 0.04952 0.0487344 0.0476529 0.0462665 0.0445423 0.042498 0.0401133 0.0373857 0.0343104 0.0309342 0.0272565 0.023297 0.0190894 0.0147125 0.0101783 0.00553 0.000822731 -0.00387707 -0.00856141 -0.0131666 -0.0176321 -0.0218933 -0.025937 -0.0297063 -0.0331639 -0.0362747 -0.03905 -0.0414569 -0.0435062 -0.0452064 -0.0465711 -0.047586 -0.0483094 -0.0487705 -0.0490008 -0.0490451 -0.0489723 -0.0487936 -0.0485593 -0.0483197 -0.0480839 -0.0478652 -0.0477009 -0.0475857 -0.0475147 -0.0475255 -0.0476006 -0.0477422 -0.0479581 -0.0482567 -0.0486175 -0.0490845 -0.0496548 -0.0503647 -0.0512354 -0.0523035 -0.0535812 -0.0550929 -0.056813 -0.0587188 -0.0607467 -0.0627558 -0.0646228 -0.0661487 -0.0671023 -0.0672642 -0.0664552 -0.0644653 -0.0612349 -0.0567428 -0.0510788 -0.0444374 -0.037083 -0.0293949 -0.0217517 -0.014537 -0.00811826 -0.00279125 0.00131397 0.00409436 0.00561203 0.00599968 0.00547203 0.00430611 0.00271587 0.000979133 -0.000724344 -0.00227306 -0.00359989 -0.00465478 -0.00542759 -0.00595319 -0.00629111 -0.0064912 -0.00657177 -0.00660493 -0.00658198 -0.00653145 -0.00646163 -0.00639269 -0.00636254 -0.00630631 -0.00625171 -0.00620232 -0.00618912 -0.00620982 -0.00620171 -0.00620346 -0.00621355 -0.0062537 -0.00629299 -0.00629253 -0.00629315 -0.00628329 -0.00627424 
0 6.79581e-05 0.00012335 0.000199331 0.000266871 0.000365887 0.000473497 0.000596683 0.000750922 0.000907617 0.0011097 0.00133624 0.00159926 0.00188847 0.00218499 0.00253982 0.00293521 0.00337238 0.00383676 0.00433914 0.00494727 0.00565996 0.00649904 0.00750064 0.00871758 0.0102272 0.0120562 0.0142312 0.0167508 0.0195444 0.0225155 0.0255264 0.0283695 0.0308057 0.0325442 0.0333408 0.0330087 0.0313968 0.028498 0.02439 0.0192732 0.0134365 0.00725868 0.00115382 -0.00446293 -0.00923017 -0.0128684 -0.0151591 -0.0160586 -0.0155645 -0.0137935 -0.0109389 -0.00722846 -0.00290778 0.00175443 0.00655229 0.0112864 0.0157973 0.0200209 0.0238529 0.0272922 0.0303312 0.0329768 0.0352486 0.0372096 0.0388594 0.0402739 0.0414876 0.0425343 0.0434573 0.0442895 0.0450459 0.0457485 0.0464264 0.0470674 0.0476882 0.0482767 0.0488303 0.0493055 0.0497254 0.0500333 0.0502105 0.0502201 0.0500434 0.0496039 0.0489252 0.0479647 0.0467083 0.0451303 0.0432505 0.0410334 0.0385116 0.0356843 0.0325827 0.0291903 0.0255485 0.0216944 0.0176728 0.0134684 0.009152 0.00476171 0.000320622 -0.00415228 -0.00857375 -0.0129317 -0.0171883 -0.0213155 -0.0252405 -0.0289404 -0.0323792 -0.0355491 -0.0383881 -0.0409126 -0.043093 -0.0449234 -0.0464012 -0.0475781 -0.0484184 -0.048975 -0.049273 -0.0493602 -0.0492587 -0.0490554 -0.0487593 -0.0484249 -0.0480756 -0.0477615 -0.0474824 -0.0472825 -0.047173 -0.0471577 -0.0472461 -0.0474573 -0.0477781 -0.0482224 -0.048817 -0.0495342 -0.0504232 -0.051487 -0.0527414 -0.054214 -0.0559365 -0.0578717 -0.0600486 -0.0623892 -0.0648151 -0.0672119 -0.0694043 -0.0711952 -0.0723644 -0.072676 -0.0719231 -0.0699508 -0.0666343 -0.0620004 -0.0561217 -0.0491987 -0.0415246 -0.033474 -0.0254399 -0.0178326 -0.0110227 -0.00528629 -0.000821037 0.00232217 0.00414716 0.00479086 0.00447312 0.00342778 0.00192592 0.000217566 -0.00150313 -0.00309487 -0.00448591 -0.00561972 -0.006459 -0.00705578 -0.00744 -0.00766761 -0.00778752 -0.00781509 -0.0078021 -0.00772957 -0.00763198 -0.0075482 -0.00746212 -0.00738396 -0.00727404 -0.0071819 -0.00713072 -0.00708709 -0.00705183 -0.00699163 -0.00696482 -0.00696198 -0.00695152 -0.00693345 -0.00688517 -0.00685911 -0.00681589 
0 5.62216e-05 0.000116602 0.000177857 0.000263015 0.000365298 0.000491598 0.000643887 0.000814167 0.00102255 0.00125849 0.00153882 0.0018496 0.00217774 0.00253938 0.00293521 0.0033883 0.00386933 0.0043799 0.00494207 0.0055988 0.00638063 0.00730028 0.0084028 0.00973464 0.0113804 0.0133577 0.0157068 0.0183879 0.0213365 0.0244631 0.0275791 0.0305211 0.0329898 0.0347353 0.0355018 0.0350825 0.0333853 0.0303778 0.0261604 0.0209361 0.0150019 0.00872757 0.00255241 -0.00314505 -0.00795462 -0.011616 -0.0139307 -0.0148018 -0.0142761 -0.0124487 -0.0095233 -0.00572494 -0.00132472 0.00343317 0.00830029 0.0131031 0.0176618 0.0218884 0.0257023 0.0290776 0.032003 0.0345027 0.0366243 0.0383895 0.0398721 0.0411198 0.0421683 0.0430654 0.0438773 0.0445886 0.0452691 0.0459206 0.0465448 0.0471504 0.0477517 0.0483091 0.0488384 0.0493023 0.0496682 0.0498956 0.049957 0.0498157 0.0494441 0.0488252 0.0479448 0.0467645 0.0452832 0.0435195 0.0414409 0.0390676 0.0364283 0.0335121 0.0303443 0.0269991 0.0234657 0.019767 0.0159397 0.0120046 0.00797711 0.00389801 -0.00023011 -0.00435371 -0.00845813 -0.0125311 -0.0165217 -0.0203878 -0.0241549 -0.0277622 -0.0311625 -0.0343428 -0.0372637 -0.0398794 -0.0422001 -0.0441993 -0.0458613 -0.0471945 -0.0482076 -0.048921 -0.0493542 -0.0495365 -0.0495039 -0.0492933 -0.0489477 -0.0485401 -0.0480868 -0.0476518 -0.0472639 -0.046943 -0.0467138 -0.0466229 -0.0466454 -0.0468375 -0.0471931 -0.047721 -0.048436 -0.049365 -0.0504987 -0.0518753 -0.0535014 -0.0553883 -0.0575368 -0.0599396 -0.0625751 -0.0653638 -0.0682415 -0.0710508 -0.0736262 -0.0757488 -0.0771915 -0.0777029 -0.0770935 -0.0751656 -0.0718567 -0.067147 -0.0611251 -0.0540231 -0.0461036 -0.0377683 -0.0294191 -0.0214726 -0.0143032 -0.00821121 -0.00337021 0.000103976 0.00225594 0.00318513 0.00308244 0.00221896 0.000820329 -0.00082153 -0.00253599 -0.00416129 -0.00560523 -0.00680674 -0.00772123 -0.00837637 -0.00880119 -0.00905955 -0.00918255 -0.00921944 -0.00917771 -0.00908303 -0.00896043 -0.00883348 -0.00872309 -0.00859206 -0.00845433 -0.00832011 -0.00821736 -0.00813518 -0.00803922 -0.0079432 -0.00785819 -0.0077998 -0.0077429 -0.0076678 -0.00758765 -0.00750955 -0.00743016 
0 5.40528e-05 0.000109782 0.000182819 0.000272941 0.000397114 0.00054704 0.000726379 0.000935568 0.00117812 0.00146475 0.00178717 0.00213972 0.002514 0.00292101 0.00337238 0.00386933 0.00439727 0.00496159 0.00558384 0.006307 0.00716255 0.0081765 0.00939648 0.0108639 0.0126617 0.0148184 0.0173517 0.0202169 0.0233298 0.0265954 0.0298227 0.0328181 0.0353055 0.03703 0.0377432 0.0372494 0.0354668 0.0323817 0.0280911 0.0227953 0.0167986 0.0104741 0.00423892 -0.00150365 -0.00635223 -0.0100469 -0.0123862 -0.013281 -0.0127664 -0.0109462 -0.00802551 -0.00421821 0.000202041 0.0049642 0.0098408 0.0146328 0.0191484 0.0233097 0.027031 0.0302855 0.0330741 0.0354219 0.0373785 0.0389803 0.040296 0.0413981 0.0423234 0.0431243 0.0438665 0.0445376 0.045184 0.0458172 0.046439 0.0470472 0.0476503 0.048211 0.0487164 0.0491188 0.0494028 0.0495153 0.049425 0.0491112 0.0485397 0.0476802 0.0465564 0.04514 0.0434299 0.04145 0.0391843 0.036649 0.0338962 0.0309282 0.0277814 0.0245041 0.0210895 0.0175805 0.0140167 0.0103743 0.00667871 0.00296804 -0.0007828 -0.00453805 -0.00826304 -0.0119789 -0.0156609 -0.019275 -0.0228299 -0.026279 -0.029589 -0.0327569 -0.0357193 -0.0384359 -0.0409005 -0.0430656 -0.044917 -0.0464763 -0.0477088 -0.0486234 -0.0492414 -0.0495715 -0.049638 -0.0494967 -0.0491734 -0.0487284 -0.0481988 -0.0476551 -0.0471287 -0.0466623 -0.046297 -0.0460647 -0.0459622 -0.0460573 -0.04635 -0.0468614 -0.0476336 -0.048677 -0.0499946 -0.0516182 -0.053547 -0.0557891 -0.0583398 -0.0611786 -0.064283 -0.0675479 -0.070891 -0.0741591 -0.0771471 -0.0796371 -0.0814018 -0.0821743 -0.0817574 -0.0799703 -0.0767338 -0.0720366 -0.0659696 -0.0587678 -0.0507096 -0.0421832 -0.033609 -0.0254078 -0.017948 -0.0115308 -0.00635489 -0.00253466 -4.73461e-05 0.0011869 0.00134417 0.000672539 -0.000582273 -0.00214797 -0.00384388 -0.00549 -0.00698223 -0.00824415 -0.00922501 -0.00993563 -0.0103968 -0.0106753 -0.0108112 -0.0108382 -0.010776 -0.0106491 -0.010491 -0.0103286 -0.010165 -0.00999239 -0.00980783 -0.00962729 -0.00947311 -0.00932873 -0.00918845 -0.00903919 -0.00890364 -0.00878533 -0.00866497 -0.00854153 -0.00840345 -0.00827775 -0.00814626 
0 7.53446e-05 0.000148033 0.000249095 0.000353532 0.000501289 0.000672384 0.000872783 0.00111289 0.00137903 0.00170618 0.00206308 0.00245341 0.00287383 0.00332676 0.00383676 0.0043799 0.00496159 0.00559078 0.00628858 0.00709707 0.00804438 0.00917411 0.0105321 0.0121583 0.0141259 0.0164743 0.0191984 0.0222471 0.0255218 0.0289172 0.032249 0.0352883 0.0377867 0.039482 0.0401355 0.0395651 0.0376965 0.0345419 0.0301934 0.0248525 0.0188235 0.0124799 0.00620926 0.000431039 -0.00446872 -0.00822635 -0.010637 -0.0116156 -0.0111757 -0.00943404 -0.00658851 -0.00285153 0.00150499 0.00618847 0.0109901 0.015694 0.0201062 0.0241501 0.0277396 0.0308485 0.0334823 0.0356798 0.0374924 0.0389731 0.0401829 0.0412072 0.042071 0.0428311 0.0435479 0.0442222 0.0448842 0.0455517 0.0462148 0.0468545 0.0474671 0.0480161 0.0484737 0.0487904 0.0489567 0.0489095 0.048625 0.0480935 0.0472907 0.0461845 0.0448123 0.0431398 0.0411821 0.0389767 0.0365331 0.0338698 0.0310517 0.0280713 0.0249764 0.0218093 0.0185671 0.0152781 0.0119863 0.00865659 0.00532241 0.00200524 -0.00133102 -0.00467896 -0.00800927 -0.0113621 -0.0147085 -0.018031 -0.0213403 -0.0246041 -0.0277824 -0.030884 -0.0338388 -0.0366205 -0.0392145 -0.0415628 -0.0436249 -0.0454188 -0.0468858 -0.0480333 -0.0488769 -0.0494132 -0.0496456 -0.0496335 -0.0493899 -0.0489683 -0.0484162 -0.0478024 -0.0471567 -0.0465369 -0.046002 -0.0455854 -0.0453131 -0.0452585 -0.0454316 -0.0458551 -0.0465936 -0.0476501 -0.0490485 -0.0508205 -0.0529726 -0.0555021 -0.0584029 -0.0616389 -0.0651794 -0.0689025 -0.072708 -0.0764412 -0.0798623 -0.0827503 -0.0848685 -0.0859426 -0.0857624 -0.084173 -0.081078 -0.0764778 -0.0704653 -0.0632713 -0.0551833 -0.0465713 -0.0378689 -0.0294952 -0.0218154 -0.0151293 -0.00966511 -0.0055298 -0.00272837 -0.00119661 -0.000774774 -0.00124003 -0.00232829 -0.00379647 -0.00544963 -0.00709825 -0.00862321 -0.0099369 -0.01098 -0.0117438 -0.0122423 -0.0125398 -0.012688 -0.0127022 -0.01262 -0.0124614 -0.0122665 -0.0120653 -0.0118436 -0.0116253 -0.0113881 -0.011153 -0.0109332 -0.0107105 -0.0105086 -0.0102908 -0.0100908 -0.00990081 -0.00971067 -0.00953652 -0.00934511 -0.00917827 -0.00900427 
