0 0 0 0 0 0 0 0 0 0 0 0 0 0 0 0 0 0 0 0 0 0 0 0 0 0 0 0 0 0 0 0 0 0 0 0 0 0 0 0 0 0 0 0 0 0 0 0 0 0 0 0 0 0 0 0 0 0 0 0 0 0 0 0 0 0 0 0 0 0 0 0 0 0 0 0 0 0 0 0 0 0 0 0 0 0 0 0 0 0 0 0 0 0 0 0 0 0 0 0 0 0 0 0 0 0 0 0 0 0 0 0 0 0 0 0 0 0 0 0 0 0 0 0 0 0 0 0 0 0 0 0 0 0 0 0 0 0 0 0 0 0 0 0 0 0 0 0 0 0 0 0 0 0 0 0 0 0 0 0 0 0 0 0 0 0 0 0 0 0 0 0 0 0 0 0 0 0 0 0 0 0 0 0 0 0 0 0 0 0 0 0 0 0 0 0 0 0 0 0 
0 7.91623e-06 1.63049e-05 1.36996e-05 2.30933e-05 2.45745e-05 3.06336e-05 3.54905e-05 3.90277e-05 5.16282e-05 4.78312e-05 5.17872e-05 5.5562e-05 6.80518e-05 7.91352e-05 7.68466e-05 8.79295e-05 9.46305e-05 0.000103494 0.000102142 0.000106807 0.000121758 0.00013023 0.000137316 0.000142447 0.000157533 0.000169239 0.000188755 0.000203166 0.000216048 0.000222042 0.0002254 0.000233501 0.000217577 0.000204231 0.000187198 0.000176194 0.000167885 0.000161926 0.000170854 0.000190257 0.000227873 0.000299123 0.000395307 0.000512692 0.000680615 0.000884689 0.00114967 0.00146627 0.00183517 0.0022503 0.00268461 0.00314035 0.00359203 0.00400716 0.00437584 0.00467986 0.00489157 0.00503573 0.00510909 0.00513229 0.00512755 0.00512013 0.00512225 0.00515118 0.00521573 0.00530862 0.00541765 0.00552265 0.00559284 0.00559451 0.0055051 0.00529524 0.00496315 0.00449957 0.00392146 0.00324308 0.00248082 0.0016564 0.000798039 -8.65826e-05 -0.000955268 -0.0017831 -0.00254782 -0.00321752 -0.00377366 -0.00421498 -0.0045309 -0.00473515 -0.00483215 -0.00482348 -0.00472457 -0.00454647 -0.00429536 -0.00397217 -0.00357326 -0.00313404 -0.00267679 -0.00218295 -0.0016765 -0.00118245 -0.000671097 -0.000144532 0.000373738 0.00090007 0.00143713 0.00196209 0.00245623 0.00290363 0.00330544 0.00365308 0.00392442 0.00411689 0.00422084 0.00421193 0.0040901 0.00383304 0.0034248 0.00287525 0.00218426 0.00135284 0.000418472 -0.00060998 -0.00171093 -0.0028572 -0.00402449 -0.00519229 -0.00631686 -0.00736772 -0.00830192 -0.00908688 -0.00968078 -0.0100653 -0.0102206 -0.0101376 -0.00982363 -0.00929667 -0.0085816 -0.00771825 -0.00675299 -0.00573665 -0.00472284 -0.00375508 -0.00289557 -0.00215433 -0.00156057 -0.00111908 -0.000800269 -0.000584399 -0.00045806 -0.000372431 -0.000322971 -0.000290719 -0.000254246 -0.000217628 -0.000164612 -0.000120396 -7.66885e-05 -4.16652e-05 -2.46707e-05 -1.80114e-05 -1.20056e-05 -2.58653e-05 -4.8362e-05 -7.6223e-05 -0.000107807 -0.000132885 -0.000164459 -0.000183395 -0.000212267 -0.000236744 -0.0002495 -0.000252585 -0.000254888 -0.000259452 -0.000254251 -0.000250046 -0.000242026 -0.000243655 -0.000238437 -0.000240969 -0.000241795 -0.00023556 -0.000238465 -0.000237764 -0.000246954 -0.000239258 -0.000234009 -0.000237253 -0.000235804 -0.000234534 -0.000221639 -0.0002252 -0.000228284 -0.000224874 -0.000221862 -0.000219957 -0.000231216 -0.000230157 -0.000229176 
0 1.63049e-05 1.88459e-05 3.17223e-05 3.41835e-05 5.07854e-05 5.83482e-05 6.29206e-05 8.32222e-05 9.14241e-05 0.000104432 0.000101978 0.000114072 0.000141644 0.000147504 0.000158036 0.000163158 0.000187794 0.000204973 0.000201882 0.000224544 0.000247471 0.000276829 0.000291884 0.000305448 0.000336379 0.000356228 0.00038264 0.000406077 0.000413192 0.000417048 0.000422625 0.000423968 0.000414531 0.000380244 0.000366602 0.000354751 0.000338491 0.000345626 0.000355944 0.000402611 0.000479815 0.000621777 0.000814656 0.00106228 0.00138824 0.00181479 0.00234294 0.00297796 0.00373424 0.00455629 0.00544228 0.00635507 0.00725592 0.00808166 0.00881578 0.00939442 0.00981973 0.0100837 0.0102158 0.0102579 0.0102246 0.0101905 0.0101744 0.0101963 0.0102884 0.0104544 0.010624 0.0108193 0.0109364 0.0109247 0.010743 0.0103489 0.0096943 0.00881839 0.00770269 0.00637917 0.00489174 0.00328443 0.00159218 -0.000118238 -0.00179053 -0.00339925 -0.00487609 -0.00617467 -0.00728281 -0.00817534 -0.00881083 -0.00924084 -0.00944485 -0.00944664 -0.00927809 -0.00893668 -0.00840506 -0.00778222 -0.00704834 -0.00620952 -0.00529321 -0.00434847 -0.00335854 -0.00235243 -0.00131454 -0.000291711 0.000758497 0.00182358 0.00285777 0.00383607 0.00481273 0.00570131 0.00648689 0.00715904 0.00769146 0.00804952 0.00824703 0.0082096 0.00793175 0.00739842 0.00658799 0.00549006 0.00413687 0.00253294 0.00070405 -0.00130793 -0.00346253 -0.00572163 -0.00802656 -0.0103033 -0.0125227 -0.0145799 -0.016414 -0.0179639 -0.0191529 -0.019905 -0.0202399 -0.02008 -0.0194705 -0.0184474 -0.0170503 -0.0153494 -0.0134652 -0.011455 -0.00944705 -0.00754108 -0.00581825 -0.00435189 -0.00316867 -0.0022855 -0.00164889 -0.00122627 -0.000954452 -0.000795633 -0.000680353 -0.000608838 -0.000537296 -0.000447133 -0.000344261 -0.000249828 -0.000157086 -8.68361e-05 -5.64274e-05 -3.2583e-05 -4.05329e-05 -5.83449e-05 -0.000115994 -0.000179074 -0.000235199 -0.000301328 -0.000348388 -0.000389094 -0.000435682 -0.000472733 -0.000492011 -0.000493934 -0.000493406 -0.000509523 -0.000500583 -0.000495716 -0.000491719 -0.000482439 -0.000487013 -0.000477201 -0.000481548 -0.000470604 -0.000462053 -0.000476349 -0.000475353 -0.000474475 -0.000461039 -0.000466971 -0.000479724 -0.000466254 -0.000461376 -0.000459151 -0.000471168 -0.000467785 -0.000451709 -0.000459609 -0.000464366 -0.000468312 -0.000455175 
0 1.36996e-05 3.17223e-05 3.11857e-05 5.80978e-05 6.89605e-05 8.57487e-05 9.87038e-05 0.000111963 0.000146772 0.000148038 0.000162829 0.000176241 0.000205864 0.000227852 0.000222374 0.000250666 0.000277662 0.000309574 0.000316742 0.000338958 0.000384638 0.000417113 0.000443555 0.000464933 0.000506929 0.000535782 0.000575652 0.000598223 0.000612919 0.000613194 0.00061266 0.00062779 0.000594053 0.000568001 0.000541303 0.000531992 0.000529842 0.000535514 0.000575574 0.000646131 0.000768214 0.000983134 0.00127511 0.00164031 0.00215143 0.00278566 0.0035993 0.00457299 0.00570518 0.00696898 0.0082952 0.00967262 0.0110273 0.0122668 0.0133519 0.0142268 0.0148246 0.0152001 0.0153582 0.0153593 0.0152675 0.0151598 0.0150743 0.015058 0.0151372 0.0152957 0.0154992 0.0157024 0.0158248 0.0157821 0.0155134 0.0149387 0.0140372 0.0127785 0.0111907 0.00930615 0.0071741 0.00486207 0.00245566 -3.82563e-06 -0.00240647 -0.00469248 -0.00680973 -0.00869066 -0.0102953 -0.011613 -0.0126036 -0.0132836 -0.0136435 -0.0136818 -0.0134393 -0.012954 -0.0122557 -0.0113704 -0.0102953 -0.0091048 -0.00783894 -0.00645018 -0.00498497 -0.00350674 -0.00196595 -0.000393112 0.0011438 0.00266748 0.0041793 0.00563509 0.00700873 0.00826317 0.00939606 0.010375 0.0111302 0.0116339 0.0118561 0.0117374 0.0112858 0.0104638 0.0092456 0.00765573 0.00569446 0.003357 0.000721732 -0.00218961 -0.00531905 -0.00859015 -0.0119259 -0.0152567 -0.0184665 -0.0214662 -0.0241434 -0.0264087 -0.0281486 -0.0292999 -0.0298048 -0.0296244 -0.0287727 -0.0272968 -0.0252667 -0.0227952 -0.0200207 -0.017086 -0.0141475 -0.0113374 -0.00882168 -0.00664756 -0.00489429 -0.0035758 -0.00261877 -0.00196628 -0.00156907 -0.00130227 -0.00113589 -0.00101785 -0.000889722 -0.00075447 -0.00057969 -0.000426794 -0.000282234 -0.000170535 -0.000114495 -9.22484e-05 -8.27679e-05 -0.000125156 -0.000195619 -0.000280858 -0.000372832 -0.00044838 -0.000531292 -0.000581211 -0.000649953 -0.000705186 -0.000730395 -0.000733991 -0.000740026 -0.000757135 -0.000752444 -0.000748458 -0.000734038 -0.000736369 -0.000723218 -0.000724504 -0.000721957 -0.000702263 -0.00070266 -0.000699424 -0.00071633 -0.000696807 -0.000684966 -0.000698531 -0.000706215 -0.000711131 -0.000690665 -0.000705793 -0.000718951 -0.000712262 -0.000700988 -0.000692667 -0.000711861 -0.000700408 -0.000683202 
0 2.30933e-05 3.41835e-05 5.80978e-05 7.55238e-05 0.000105426 0.00012027 0.000129428 0.000158832 0.000181283 0.000206457 0.000214657 0.000239068 0.000280545 0.000293467 0.000307683 0.000326715 0.00037355 0.000410716 0.000417821 0.000455529 0.000501411 0.000552962 0.000587307 0.000620308 0.000676756 0.000718041 0.000762707 0.000798196 0.000809033 0.00081323 0.000820525 0.000824279 0.000805295 0.000756807 0.000736061 0.000726441 0.000719492 0.000747925 0.000798484 0.000911255 0.0010928 0.00139295 0.00179811 0.00231794 0.00299825 0.0038746 0.00496102 0.00626466 0.00779713 0.00947915 0.0112793 0.0131322 0.014949 0.0166096 0.0180542 0.0191743 0.0199484 0.0203765 0.0205122 0.0204384 0.0202146 0.0199681 0.019753 0.0196133 0.0195998 0.0197116 0.0198564 0.0200399 0.0201189 0.0200051 0.0196267 0.0189061 0.017766 0.0162313 0.0142768 0.011942 0.00929613 0.00642276 0.0034001 0.000340387 -0.0026527 -0.00552699 -0.00818859 -0.0105677 -0.0126413 -0.0143664 -0.0156742 -0.016609 -0.0171342 -0.0172683 -0.0170573 -0.0165121 -0.0156345 -0.0145567 -0.0132665 -0.0117803 -0.010136 -0.00838166 -0.00650851 -0.00456683 -0.00255342 -0.000547328 0.00147006 0.00347348 0.005399 0.00721215 0.00897161 0.0105707 0.0119794 0.0131656 0.0140685 0.0146295 0.0148478 0.0146266 0.0139644 0.0128501 0.0112604 0.00919169 0.00667995 0.00372592 0.0003692 -0.00333029 -0.0073038 -0.0114708 -0.0157228 -0.0199365 -0.0240332 -0.0278535 -0.0312862 -0.0342194 -0.0365133 -0.0380382 -0.0387721 -0.0385959 -0.0375518 -0.0356976 -0.0331124 -0.0299376 -0.026383 -0.0225933 -0.0187947 -0.0151763 -0.0118975 -0.00908358 -0.00679471 -0.0050546 -0.00378077 -0.00290629 -0.00232962 -0.00196283 -0.00170088 -0.00151829 -0.00134162 -0.00113846 -0.000913175 -0.000700314 -0.00049848 -0.000340575 -0.00025144 -0.000189265 -0.000176664 -0.000198234 -0.000283227 -0.000386983 -0.000489169 -0.000602665 -0.000692839 -0.000769831 -0.000854518 -0.000922829 -0.000959958 -0.000968942 -0.000977693 -0.00100656 -0.00100205 -0.000997203 -0.00098906 -0.000976055 -0.000976694 -0.00096506 -0.000967626 -0.00094948 -0.00093708 -0.00095323 -0.000953506 -0.000945751 -0.000925942 -0.000935841 -0.00095449 -0.000938352 -0.000927853 -0.000927804 -0.000945262 -0.00093988 -0.000917129 -0.000924543 -0.000933301 -0.000936237 -0.00091573 
0 2.45745e-05 5.07854e-05 6.89605e-05 0.000105426 0.000131471 0.000153093 0.000169849 0.000193241 0.000232701 0.000250506 0.000272973 0.000301105 0.000343795 0.000373074 0.000383169 0.000422368 0.000472045 0.000517942 0.000535707 0.000570682 0.000629414 0.00068189 0.000724173 0.000764964 0.000827556 0.000880022 0.000938768 0.000980892 0.00100825 0.00102101 0.00103156 0.00104526 0.00100936 0.000965531 0.000931913 0.000923668 0.000934585 0.000975678 0.00106978 0.00123023 0.00148463 0.00188024 0.00240956 0.00307912 0.00396406 0.00507455 0.00646206 0.008121 0.0100457 0.0121816 0.014446 0.0167786 0.0190579 0.0211369 0.0229165 0.0242918 0.0251858 0.0256384 0.025694 0.0254546 0.0250315 0.0245586 0.0241167 0.0237788 0.0235914 0.0235424 0.0235787 0.0236472 0.0236355 0.0234338 0.0229539 0.0220944 0.020801 0.0190406 0.0168231 0.0141828 0.0111847 0.00791668 0.00448411 0.000971363 -0.00249039 -0.00581854 -0.008929 -0.0117368 -0.0141889 -0.0162518 -0.0178715 -0.0190578 -0.0197881 -0.0200616 -0.019918 -0.0193892 -0.0185014 -0.0173053 -0.0158084 -0.0140801 -0.0121714 -0.0100738 -0.00783577 -0.00552816 -0.00313203 -0.000699872 0.00170596 0.00407927 0.00639041 0.00858254 0.0106275 0.0124598 0.0140552 0.0153708 0.0163304 0.0168894 0.0170175 0.0166486 0.0157834 0.0143919 0.0124511 0.00997865 0.00698607 0.00347673 -0.00047385 -0.00481979 -0.0094819 -0.0143595 -0.0193399 -0.0243118 -0.0291346 -0.0336702 -0.037769 -0.0412932 -0.0440773 -0.0459938 -0.046944 -0.0468389 -0.0456789 -0.0435224 -0.0404737 -0.0367068 -0.0324472 -0.0279171 -0.0233652 -0.0190126 -0.0150776 -0.0116703 -0.00888842 -0.00674663 -0.00515916 -0.00404044 -0.00329824 -0.00278996 -0.00243973 -0.00217826 -0.00192649 -0.00166187 -0.0013619 -0.00108009 -0.000815368 -0.000600691 -0.000460097 -0.000367935 -0.000313503 -0.000325563 -0.000393986 -0.000495423 -0.000613031 -0.000728111 -0.00084452 -0.000936627 -0.00104447 -0.00113586 -0.00118853 -0.00121094 -0.00123129 -0.00125938 -0.00125889 -0.00125056 -0.00123282 -0.00122598 -0.00121554 -0.00121592 -0.00121474 -0.00119537 -0.00119066 -0.00119403 -0.00120625 -0.00118679 -0.00116994 -0.00117981 -0.00118721 -0.00117853 -0.00115263 -0.00115944 -0.0011723 -0.00116472 -0.00115015 -0.00114911 -0.00117015 -0.00116687 -0.00115185 
0 3.06336e-05 5.83482e-05 8.57487e-05 0.00012027 0.000153093 0.000178888 0.000202386 0.000235374 0.000274717 0.000303214 0.000328683 0.000365107 0.00041316 0.00044695 0.000470187 0.000512433 0.000570753 0.000621086 0.000649606 0.000695077 0.000762251 0.00082782 0.00088105 0.000932327 0.000998407 0.00105773 0.00111442 0.00115766 0.00118181 0.00119536 0.00120845 0.00121685 0.00119008 0.00114913 0.0011287 0.00113842 0.00117611 0.00125704 0.00139891 0.00162537 0.00196882 0.00247183 0.00313867 0.00398727 0.00508047 0.00645776 0.00815692 0.0101851 0.0125294 0.01512 0.0178691 0.0206805 0.0234065 0.0258777 0.0279591 0.0295233 0.030501 0.0309134 0.0308308 0.0303708 0.0296662 0.0288724 0.0281011 0.0274404 0.0269577 0.0266567 0.0264863 0.0263932 0.026256 0.0259519 0.0253773 0.0244261 0.0230249 0.021148 0.018793 0.0159916 0.0128098 0.00933389 0.00565857 0.00188598 -0.00186524 -0.00550625 -0.00893795 -0.012067 -0.0148348 -0.0171883 -0.0190737 -0.0204954 -0.021437 -0.0218999 -0.0219103 -0.0214774 -0.0206173 -0.0193891 -0.0178093 -0.0159238 -0.0137911 -0.0114485 -0.0089421 -0.00633063 -0.00363025 -0.000894989 0.00183602 0.00453251 0.00713239 0.00957698 0.0118371 0.0138337 0.0155196 0.0168537 0.0177772 0.018252 0.0182522 0.0177166 0.0166299 0.0149715 0.0127198 0.00988598 0.00649411 0.00256315 -0.00184666 -0.00667402 -0.0118421 -0.0172538 -0.0227931 -0.028337 -0.0337491 -0.0388673 -0.0435288 -0.0475692 -0.050801 -0.0530651 -0.0542451 -0.0542324 -0.0530175 -0.0506585 -0.0472661 -0.0430331 -0.0382112 -0.0330547 -0.0278491 -0.0228604 -0.0183217 -0.0143873 -0.0111558 -0.00864157 -0.00676211 -0.00541638 -0.00448859 -0.00384155 -0.00337327 -0.00300935 -0.00266996 -0.00231481 -0.0019368 -0.00157106 -0.0012315 -0.000951085 -0.000749826 -0.000606736 -0.000518788 -0.000501689 -0.000555765 -0.00065347 -0.000771886 -0.00089809 -0.00101811 -0.00112538 -0.00124087 -0.00134117 -0.001405 -0.00143768 -0.00146765 -0.00150028 -0.00150675 -0.00149957 -0.00148457 -0.00147383 -0.00146691 -0.00146483 -0.00146067 -0.00144086 -0.00142932 -0.0014343 -0.00144013 -0.00142627 -0.00141229 -0.00142143 -0.00143165 -0.00141924 -0.00139936 -0.00140248 -0.00141556 -0.00140892 -0.00139151 -0.00139198 -0.0014052 -0.00140368 -0.00138804 
0 3.54905e-05 6.29206e-05 9.87038e-05 0.000129428 0.000169849 0.000202386 0.000235612 0.000280571 0.000319397 0.00035953 0.000388195 0.000432549 0.000484371 0.000521719 0.000559517 0.0006033 0.000668863 0.000723586 0.000766294 0.000824228 0.000898048 0.000975524 0.00103885 0.00110071 0.00116851 0.00123427 0.00128731 0.00132921 0.00134766 0.0013595 0.0013735 0.0013752 0.00136353 0.001335 0.00133982 0.00138109 0.00146149 0.00159994 0.00180575 0.0021143 0.00256047 0.0031812 0.00399619 0.00503957 0.00635969 0.00802765 0.010065 0.0124898 0.0152758 0.0183347 0.0215719 0.0248486 0.0279942 0.0308195 0.0331561 0.0348574 0.0358651 0.0361785 0.0358916 0.0351343 0.0340612 0.0328467 0.0316365 0.0305415 0.0296516 0.0289957 0.0285338 0.0282161 0.0279184 0.0275092 0.0268647 0.0258747 0.0244437 0.0225506 0.0201803 0.0173628 0.0141607 0.0106532 0.00691818 0.00306766 -0.000799498 -0.00458934 -0.00819528 -0.0115243 -0.0145129 -0.0170945 -0.0192191 -0.0208744 -0.0220392 -0.0227105 -0.0229014 -0.0226133 -0.0218536 -0.0206746 -0.0191035 -0.0171714 -0.0149332 -0.0124571 -0.00978323 -0.0069615 -0.00404458 -0.00109417 0.00185922 0.00475964 0.00753132 0.0101145 0.0124696 0.0145164 0.0161988 0.0174767 0.0183038 0.0186396 0.0184618 0.0177259 0.0164071 0.0144966 0.0119812 0.00886449 0.0051784 0.000956884 -0.00375844 -0.00889492 -0.0143844 -0.0201419 -0.0260592 -0.0320076 -0.0378579 -0.0434255 -0.0485353 -0.0529947 -0.0566019 -0.0591699 -0.0605686 -0.0606758 -0.0594709 -0.0570041 -0.0533887 -0.0488239 -0.0435764 -0.037926 -0.0321867 -0.0266658 -0.0216082 -0.0172149 -0.0135855 -0.0107364 -0.00859283 -0.00704013 -0.00593593 -0.00515285 -0.00455982 -0.00407754 -0.00362947 -0.00316053 -0.00268245 -0.00221158 -0.00178037 -0.00142015 -0.00114522 -0.000939787 -0.000809145 -0.000750133 -0.000775114 -0.000853366 -0.000957657 -0.00108215 -0.0011952 -0.0013119 -0.00142865 -0.00153404 -0.00160834 -0.00165371 -0.00169508 -0.00173407 -0.00175213 -0.00175073 -0.00174297 -0.00172967 -0.00172691 -0.00172001 -0.00171085 -0.00169073 -0.00167151 -0.00167617 -0.00167183 -0.00166301 -0.00165128 -0.0016583 -0.00167203 -0.00166002 -0.00165208 -0.00165312 -0.00166718 -0.00166438 -0.00164689 -0.00164802 -0.00164889 -0.0016454 -0.00162608 
0 3.90277e-05 8.32222e-05 0.000111963 0.000158832 0.000193241 0.000235374 0.000280571 0.000320527 0.000374404 0.000406504 0.000451306 0.000498934 0.000548191 0.000602439 0.000639802 0.000701524 0.000764273 0.000826536 0.000889294 0.000950024 0.00103489 0.00111309 0.00118586 0.00125722 0.00132552 0.00139706 0.0014559 0.00149257 0.00151863 0.00153278 0.00154696 0.00156087 0.00155194 0.00155975 0.00158558 0.00166335 0.00180191 0.00199632 0.00228897 0.00269267 0.00326033 0.00402068 0.00501 0.00626348 0.00785301 0.00982341 0.0122289 0.015073 0.0182986 0.0218402 0.025547 0.0292673 0.0328005 0.0359383 0.0384713 0.0402716 0.041232 0.0413877 0.0408193 0.039666 0.0381322 0.036393 0.0346321 0.0330097 0.031627 0.0305232 0.0297234 0.0291204 0.0286336 0.0281164 0.0274285 0.0264392 0.025081 0.0232691 0.0210141 0.0183307 0.0152636 0.0118756 0.00826186 0.00449429 0.000671913 -0.00309297 -0.00672174 -0.0101299 -0.0132275 -0.0159567 -0.0182872 -0.0201516 -0.0215386 -0.0224233 -0.0227976 -0.0226764 -0.0221001 -0.0210415 -0.0195536 -0.0176933 -0.0155067 -0.0130046 -0.0102747 -0.00737496 -0.00436603 -0.00128494 0.00175448 0.00469983 0.00750792 0.0101181 0.0124204 0.0143968 0.0159897 0.0171469 0.0178202 0.0179833 0.0175818 0.0166229 0.015084 0.0129494 0.0102238 0.00692938 0.00307022 -0.00131558 -0.00617329 -0.01146 -0.0171094 -0.0230382 -0.029153 -0.0353523 -0.041462 -0.0473371 -0.0527695 -0.0575455 -0.0614484 -0.0642979 -0.0658879 -0.0661458 -0.0650022 -0.0624986 -0.0587626 -0.0539945 -0.0484428 -0.0424439 -0.0363078 -0.030363 -0.0249064 -0.020128 -0.0161679 -0.0130327 -0.010658 -0.0089121 -0.00765788 -0.0067258 -0.0060161 -0.0054051 -0.00482728 -0.00424342 -0.00364151 -0.00305406 -0.00251648 -0.00205657 -0.00168284 -0.00140334 -0.00119234 -0.0010827 -0.00104722 -0.00108265 -0.00116661 -0.00126019 -0.00137416 -0.00148765 -0.00160709 -0.00171953 -0.0018023 -0.00186388 -0.00191851 -0.00195909 -0.00199275 -0.00200041 -0.00199521 -0.00199419 -0.00198215 -0.00198395 -0.00196668 -0.00194811 -0.00193878 -0.00192748 -0.00193151 -0.00191208 -0.00190503 -0.00190757 -0.00190635 -0.00190872 -0.00189256 -0.00189941 -0.00190211 -0.00189686 -0.00189185 -0.00188147 -0.00189099 -0.00188056 -0.00187211 
0 5.16282e-05 9.14241e-05 0.000146772 0.000181283 0.000232701 0.000274717 0.000319397 0.000374404 0.000409919 0.000464144 0.000504922 0.000563005 0.000620102 0.000670589 0.000737534 0.000793877 0.00086979 0.000936395 0.00101104 0.00108767 0.00116662 0.00125196 0.00132975 0.00140714 0.00147438 0.00155333 0.00160586 0.00165414 0.00167717 0.00170199 0.00173263 0.00174116 0.00177628 0.0018023 0.00187637 0.00200058 0.00219309 0.00247538 0.00285446 0.00337861 0.00409351 0.0050205 0.00621079 0.00772922 0.00959625 0.0119224 0.0147047 0.0179687 0.021651 0.0256375 0.0298022 0.0339302 0.037803 0.0411978 0.0438848 0.0456861 0.0465531 0.0464527 0.045509 0.0438773 0.0417721 0.0394052 0.0370131 0.0347701 0.0328171 0.0312371 0.0300278 0.0291315 0.0284392 0.0278099 0.0270945 0.0261818 0.0249446 0.0233474 0.0213385 0.0189221 0.0161324 0.013026 0.00965171 0.0061319 0.00252077 -0.00108619 -0.00459912 -0.00794374 -0.0110607 -0.0138618 -0.0163023 -0.0183163 -0.0198798 -0.0209697 -0.0215653 -0.0216545 -0.0212517 -0.0203893 -0.0191183 -0.0174263 -0.0153477 -0.0129817 -0.010357 -0.0074978 -0.004535 -0.00154209 0.00144734 0.0043336 0.00702057 0.00946772 0.011626 0.0134455 0.0148506 0.0157957 0.016254 0.016191 0.0155771 0.0144132 0.0126657 0.0103637 0.00751665 0.00412182 0.000205438 -0.00418622 -0.00906558 -0.0143565 -0.0200139 -0.0259729 -0.0321425 -0.0383969 -0.0446302 -0.0506481 -0.0562713 -0.0612686 -0.0654151 -0.0684773 -0.0702762 -0.0706746 -0.0696199 -0.0671434 -0.0633621 -0.058481 -0.0527641 -0.0465341 -0.0401287 -0.0339075 -0.0281368 -0.0230885 -0.0188666 -0.0154983 -0.0129308 -0.0110279 -0.0096118 -0.00856497 -0.00772031 -0.00698028 -0.00628399 -0.00555956 -0.00484442 -0.00412262 -0.00346067 -0.00288103 -0.00238818 -0.00199079 -0.00170124 -0.00149445 -0.00139347 -0.00137333 -0.00140321 -0.00148235 -0.00156135 -0.00168152 -0.00179208 -0.00190271 -0.00199889 -0.00207138 -0.00213564 -0.00218231 -0.00222466 -0.00224056 -0.00224996 -0.00224254 -0.00224691 -0.00223702 -0.00222427 -0.00221621 -0.00220103 -0.00220649 -0.00218931 -0.00218537 -0.00217195 -0.00216098 -0.00216107 -0.00214406 -0.00214618 -0.00213283 -0.00213107 -0.00212782 -0.00211771 -0.00212458 -0.00211749 -0.00212489 -0.00212195 
0 4.78312e-05 0.000104432 0.000148038 0.000206457 0.000250506 0.000303214 0.00035953 0.000406504 0.000464144 0.000510664 0.000574844 0.000636249 0.000691301 0.000761791 0.000827802 0.000906723 0.000978086 0.00105358 0.00114719 0.0012261 0.00131183 0.00139352 0.00147489 0.00155448 0.0016158 0.00168876 0.00174879 0.00178995 0.00183004 0.00186518 0.00190342 0.00194163 0.00199074 0.00207921 0.00219822 0.0023876 0.00267213 0.00304826 0.00355643 0.00422363 0.0051057 0.00622561 0.00764883 0.00943336 0.0116393 0.0143191 0.0175145 0.0212193 0.025334 0.0297699 0.03434 0.0388206 0.0429732 0.0465549 0.0493004 0.0510596 0.0517147 0.0512854 0.0498716 0.0476473 0.0448863 0.0418181 0.0387127 0.0358094 0.0332516 0.0311267 0.0295038 0.0282699 0.027366 0.0266522 0.0259686 0.0251742 0.02418 0.0228633 0.0211966 0.019165 0.0167799 0.0140691 0.0111089 0.00795497 0.00466528 0.0013507 -0.00193106 -0.00512185 -0.00812052 -0.0108656 -0.0133404 -0.0154333 -0.0171249 -0.0183805 -0.0191614 -0.0194777 -0.0193644 -0.0187516 -0.017704 -0.0162657 -0.0144624 -0.0123156 -0.00991719 -0.00731588 -0.00460592 -0.00181792 0.000921387 0.00353224 0.0059788 0.00820422 0.0100727 0.0115963 0.0127188 0.0133899 0.0135882 0.0132896 0.0124376 0.0110873 0.00921388 0.00681502 0.00392173 0.000545824 -0.00332335 -0.00764438 -0.0124021 -0.0175727 -0.0231058 -0.0289441 -0.035016 -0.0412298 -0.0474271 -0.0534775 -0.0591712 -0.0642741 -0.0685592 -0.0718058 -0.0737531 -0.0743141 -0.0733764 -0.0709557 -0.0671911 -0.0622792 -0.0564687 -0.0501315 -0.0435867 -0.0371888 -0.0312552 -0.0260114 -0.021612 -0.0180729 -0.015355 -0.0133189 -0.0118009 -0.0106355 -0.00969731 -0.00883744 -0.00800344 -0.00715468 -0.006285 -0.00541903 -0.00461211 -0.00388915 -0.00325566 -0.002743 -0.00233314 -0.00204115 -0.00184242 -0.00174307 -0.00172108 -0.00173404 -0.0017955 -0.00188845 -0.00198924 -0.00209802 -0.00219629 -0.0022861 -0.00235819 -0.00240548 -0.00245833 -0.00248276 -0.00249486 -0.00250424 -0.00250005 -0.00250085 -0.00248151 -0.00247451 -0.00247189 -0.00245483 -0.00244942 -0.00243379 -0.00242888 -0.00241727 -0.00240147 -0.0024068 -0.0023983 -0.00239739 -0.00238506 -0.00238009 -0.00238658 -0.00237499 -0.00237724 -0.00236836 -0.00237268 
0 5.17872e-05 0.000101978 0.000162829 0.000214657 0.000272973 0.000328683 0.000388195 0.000451306 0.000504922 0.000574844 0.000643396 0.000714721 0.000778041 0.00084822 0.000936016 0.00101235 0.00108877 0.00116704 0.00126892 0.00136188 0.00144737 0.0015363 0.00162747 0.00171189 0.00177073 0.0018421 0.00189139 0.00193747 0.00197254 0.00201629 0.00207172 0.00212236 0.0022304 0.00237399 0.00257831 0.00285875 0.00324566 0.0037547 0.0044027 0.00523878 0.00631736 0.00765984 0.0093422 0.0114462 0.0139924 0.0170691 0.0206734 0.0248031 0.029351 0.0341866 0.0391302 0.043913 0.048273 0.0519519 0.0546752 0.0562511 0.0566107 0.0557353 0.0537609 0.0508895 0.0474119 0.0435926 0.0397495 0.0361339 0.032927 0.0302577 0.0281812 0.0266366 0.0255495 0.0247849 0.0241757 0.0235867 0.0228723 0.0219402 0.0207081 0.0191478 0.0172568 0.0150569 0.0125799 0.00991038 0.00706875 0.00414359 0.00119757 -0.00171146 -0.00451135 -0.00711852 -0.00950238 -0.0115715 -0.0133148 -0.0147012 -0.0156815 -0.0162334 -0.0163641 -0.0160496 -0.0153423 -0.0142329 -0.0127515 -0.0109914 -0.00899788 -0.00678805 -0.0044935 -0.00216003 0.000166938 0.00239005 0.00442848 0.00623718 0.00773175 0.00889443 0.00965615 0.0099785 0.00986479 0.00930601 0.00827018 0.00679147 0.0048324 0.00241728 -0.000433342 -0.00372452 -0.00744997 -0.0115673 -0.0161128 -0.0210438 -0.0263379 -0.0319569 -0.0378355 -0.0438671 -0.0499474 -0.0559075 -0.0615652 -0.0666828 -0.071031 -0.0743588 -0.0764318 -0.0771073 -0.0762843 -0.0739628 -0.070263 -0.0653842 -0.0595808 -0.0532112 -0.0466145 -0.0401566 -0.0341297 -0.0288098 -0.0243168 -0.0206876 -0.0178891 -0.0157813 -0.0141795 -0.0129491 -0.0119165 -0.0109514 -0.0100012 -0.00900704 -0.00799792 -0.00696885 -0.00599995 -0.00511434 -0.00432127 -0.00365751 -0.00313084 -0.00271566 -0.00241948 -0.00223106 -0.00212291 -0.0020816 -0.0020796 -0.00214186 -0.00220681 -0.00229114 -0.00238832 -0.00248164 -0.00256339 -0.00262038 -0.00268411 -0.00272254 -0.00274982 -0.00276167 -0.00277025 -0.00276129 -0.00274325 -0.00273831 -0.00272627 -0.00271298 -0.00269067 -0.00269054 -0.00268829 -0.00267393 -0.00266507 -0.0026641 -0.00267459 -0.00266324 -0.00265061 -0.00264869 -0.00265029 -0.00264599 -0.00262797 -0.00262398 -0.00262466 
0 5.5562e-05 0.000114072 0.000176241 0.000239068 0.000301105 0.000365107 0.000432549 0.000498934 0.000563005 0.000636249 0.000714721 0.000789156 0.000855665 0.000935525 0.00103172 0.00111884 0.00119699 0.00128289 0.00139497 0.0014954 0.00158134 0.00167047 0.00176504 0.00185155 0.00191017 0.0019767 0.0020328 0.00208374 0.00213625 0.00219986 0.00227896 0.00237077 0.00252949 0.00275227 0.00304285 0.00342521 0.003935 0.00458823 0.00540613 0.0064398 0.00774026 0.00933806 0.0113138 0.0137483 0.0166729 0.0201445 0.0241676 0.0287152 0.0336629 0.0388676 0.0441212 0.0491304 0.0536151 0.0572954 0.0598852 0.0611955 0.0611451 0.0597426 0.0571311 0.053544 0.0493049 0.0447132 0.0401087 0.0357836 0.0319351 0.0287151 0.0262091 0.0243677 0.0231283 0.0223628 0.0218911 0.0215529 0.0211964 0.0206924 0.0199491 0.0189262 0.017604 0.0159809 0.0140856 0.0119664 0.00964028 0.00719139 0.00467366 0.0021337 -0.00034617 -0.00270519 -0.00492504 -0.00691462 -0.00864957 -0.0100982 -0.0112075 -0.0119665 -0.0123743 -0.0123811 -0.0120322 -0.0113461 -0.0103404 -0.00907645 -0.00760956 -0.00597115 -0.00425561 -0.00249604 -0.000757133 0.000876776 0.00236259 0.00365039 0.00464246 0.00533107 0.00567102 0.00562823 0.00521112 0.00440661 0.0031899 0.00160874 -0.000363491 -0.00272463 -0.00545282 -0.00856074 -0.012057 -0.0159104 -0.0201485 -0.0247575 -0.0297209 -0.0350196 -0.0406079 -0.0463933 -0.0522615 -0.0580591 -0.0635917 -0.0686245 -0.0729338 -0.0762706 -0.0783901 -0.0791495 -0.0784272 -0.0762029 -0.072594 -0.067785 -0.0620327 -0.0557042 -0.0491431 -0.0427089 -0.0367094 -0.0313993 -0.0269081 -0.0232709 -0.0204565 -0.0183303 -0.0167091 -0.0154459 -0.0143684 -0.0133315 -0.0122784 -0.0111661 -0.0100064 -0.00881731 -0.00767353 -0.0066055 -0.00563252 -0.00479974 -0.00411627 -0.00355968 -0.0031281 -0.00281764 -0.0026064 -0.00247306 -0.00240981 -0.00241798 -0.00244484 -0.00250179 -0.00258578 -0.00268204 -0.00276565 -0.00282997 -0.00290184 -0.00295322 -0.00299227 -0.00301828 -0.00303418 -0.00303179 -0.00301888 -0.00301826 -0.00300918 -0.00298426 -0.00295941 -0.00295758 -0.00295871 -0.00294051 -0.00292114 -0.00292325 -0.0029309 -0.00292184 -0.0029063 -0.00290681 -0.00291602 -0.0029065 -0.00288819 -0.00287948 -0.00288362 
0 6.80518e-05 0.000141644 0.000205864 0.000280545 0.000343795 0.00041316 0.000484371 0.000548191 0.000620102 0.000691301 0.000778041 0.000855665 0.000927619 0.00102032 0.0011242 0.00122586 0.00130928 0.00140626 0.00152709 0.00163213 0.00171712 0.00180286 0.00189839 0.0019849 0.00204503 0.00210556 0.00217003 0.00222884 0.00230531 0.00239907 0.00251548 0.00267034 0.00289711 0.00321852 0.00361255 0.00411374 0.00476228 0.00557606 0.00658752 0.00784604 0.00940215 0.0112955 0.0136062 0.0164034 0.0197295 0.0235992 0.0280255 0.0329543 0.0382501 0.0437595 0.0492436 0.0543933 0.0589044 0.0624784 0.0648228 0.0657606 0.0652021 0.0631948 0.0598888 0.0555493 0.0505239 0.0451476 0.0397797 0.0347518 0.0302884 0.0265622 0.0236846 0.0216118 0.0202821 0.019562 0.0192656 0.0192097 0.0192472 0.0192171 0.0190197 0.0185906 0.0178892 0.0168881 0.0156169 0.0140952 0.0123469 0.0104436 0.00843049 0.00634034 0.00425229 0.00220987 0.000233847 -0.0015959 -0.003253 -0.0047077 -0.00590264 -0.00682579 -0.00748168 -0.0078279 -0.00789708 -0.00771025 -0.00727645 -0.00662839 -0.00581549 -0.00487034 -0.00386181 -0.00281844 -0.00180816 -0.000895505 -0.000106379 0.000519245 0.000906324 0.00105793 0.000936078 0.000505893 -0.000221352 -0.00125323 -0.00260971 -0.00425019 -0.0061906 -0.00844295 -0.0109885 -0.0138471 -0.0170417 -0.0205642 -0.0244356 -0.028671 -0.0332547 -0.038179 -0.0434095 -0.0488743 -0.0544542 -0.0600191 -0.0653623 -0.0702535 -0.074461 -0.0777373 -0.0798303 -0.080603 -0.0799243 -0.0777678 -0.0742442 -0.0695245 -0.0638638 -0.0576275 -0.0511644 -0.0448249 -0.0389344 -0.0337193 -0.0293174 -0.0257542 -0.0229945 -0.0209047 -0.0193122 -0.018053 -0.0169669 -0.0158972 -0.0147799 -0.0135862 -0.0123029 -0.0109708 -0.00965072 -0.00838437 -0.0072056 -0.00617264 -0.00529715 -0.00457166 -0.00398093 -0.00352956 -0.0032005 -0.00296169 -0.00282687 -0.00276489 -0.00274105 -0.00275546 -0.00281046 -0.00289455 -0.00296938 -0.00303498 -0.003109 -0.00317102 -0.00322018 -0.00326188 -0.00328496 -0.00329371 -0.00329173 -0.00330127 -0.00330292 -0.00327244 -0.00325158 -0.00324633 -0.00324901 -0.003226 -0.00319271 -0.00319168 -0.00318625 -0.00317337 -0.00314922 -0.00314705 -0.00316161 -0.00314928 -0.00313941 -0.00313411 -0.00315012 
0 7.91352e-05 0.000147504 0.000227852 0.000293467 0.000373074 0.00044695 0.000521719 0.000602439 0.000670589 0.000761791 0.00084822 0.000935525 0.00102032 0.00111466 0.00123624 0.00133821 0.00143377 0.00153901 0.00166061 0.00176993 0.00184804 0.00192781 0.00202235 0.00210533 0.0021666 0.00222997 0.00229523 0.0023834 0.0024846 0.00262339 0.00279942 0.00301869 0.00334795 0.00376697 0.00429252 0.0049376 0.00574641 0.00675993 0.00799704 0.00951423 0.0113619 0.0135807 0.0162431 0.0194307 0.0231425 0.027416 0.0322166 0.0374817 0.043081 0.0488124 0.0544357 0.0596205 0.0640368 0.0673793 0.0693788 0.0698283 0.0687015 0.0660245 0.0619838 0.0568749 0.0510506 0.0448884 0.0387909 0.0330951 0.0280713 0.0239259 0.020736 0.0185097 0.0171523 0.0165247 0.0164361 0.0167133 0.0171556 0.0176369 0.0180131 0.0182016 0.018141 0.017806 0.0171748 0.0162902 0.015165 0.0138424 0.012371 0.0107933 0.00914061 0.00746244 0.00580114 0.00419796 0.00268357 0.0012884 4.92986e-05 -0.00101923 -0.00190068 -0.00260533 -0.0031415 -0.00349691 -0.00367693 -0.00374235 -0.00368844 -0.00352766 -0.00332874 -0.00314209 -0.00296813 -0.00286364 -0.0028701 -0.003009 -0.00328946 -0.00373546 -0.00436553 -0.00519954 -0.0062357 -0.00748101 -0.00893247 -0.0105926 -0.0124731 -0.0145652 -0.0168832 -0.0194611 -0.0223149 -0.0254595 -0.0289463 -0.0327687 -0.0369404 -0.0414596 -0.046299 -0.0513832 -0.0566454 -0.0619162 -0.0670194 -0.0717189 -0.0757722 -0.0789103 -0.080926 -0.0816268 -0.0809214 -0.0787847 -0.0753032 -0.0706589 -0.0651109 -0.0589908 -0.0526686 -0.0464914 -0.0407519 -0.0357108 -0.0314584 -0.0280388 -0.0254036 -0.0234182 -0.0219062 -0.0207205 -0.0196645 -0.018611 -0.0174795 -0.0162238 -0.0148596 -0.0133954 -0.0119092 -0.0104441 -0.0090505 -0.00779395 -0.00671408 -0.00578382 -0.00501826 -0.00440418 -0.00392347 -0.00357719 -0.00333333 -0.00319586 -0.00310259 -0.00305998 -0.0030818 -0.00313536 -0.00319819 -0.00325833 -0.00332625 -0.00339377 -0.00345312 -0.00349962 -0.00353752 -0.00354547 -0.00355743 -0.00357689 -0.00357708 -0.00355982 -0.00352702 -0.0035311 -0.00352713 -0.00349892 -0.00347263 -0.00345705 -0.00346577 -0.00344224 -0.00342224 -0.00342209 -0.00342618 -0.00342674 -0.00340136 -0.00340586 -0.0034154 
0 7.68466e-05 0.000158036 0.000222374 0.000307683 0.000383169 0.000470187 0.000559517 0.000639802 0.000737534 0.000827802 0.000936016 0.00103172 0.0011242 0.00123624 0.00134965 0.00146277 0.00155649 0.00166565 0.00178609 0.00189092 0.00196684 0.00204649 0.00213759 0.00222399 0.00229641 0.00235577 0.00245115 0.0025533 0.00270682 0.00289643 0.00312938 0.00345359 0.00386645 0.00442538 0.00509142 0.00590898 0.00692287 0.00816296 0.00966906 0.0114857 0.0136472 0.0162137 0.0192509 0.0227981 0.0269111 0.0315364 0.0366828 0.0422416 0.0480653 0.0539516 0.059612 0.0647108 0.0689151 0.0719111 0.0734313 0.0733368 0.0715477 0.0681714 0.0633811 0.0574964 0.0508925 0.0440015 0.0372156 0.0309376 0.0254471 0.0209403 0.0175341 0.0152074 0.0138708 0.0133875 0.0135657 0.014187 0.0150986 0.0160913 0.0170428 0.0178476 0.0184348 0.0187424 0.018794 0.0185544 0.0180628 0.017347 0.0164438 0.0153679 0.0141932 0.0129316 0.011615 0.0102739 0.00895565 0.00766198 0.006418 0.00521915 0.00407719 0.0030109 0.00203264 0.00110496 0.000240078 -0.000544747 -0.00128229 -0.00201892 -0.0027318 -0.00343351 -0.0041744 -0.00497536 -0.00581678 -0.00672835 -0.00772862 -0.00881863 -0.00998643 -0.0112425 -0.0125766 -0.0140156 -0.0155629 -0.0172205 -0.0189856 -0.0209102 -0.0229911 -0.0252637 -0.0277662 -0.0305455 -0.0336038 -0.0370125 -0.0407619 -0.0448637 -0.0492996 -0.0540267 -0.0589202 -0.0638831 -0.0686962 -0.0731405 -0.0769706 -0.0799293 -0.0817742 -0.082357 -0.0815591 -0.0793675 -0.075891 -0.071287 -0.065828 -0.0598389 -0.0536779 -0.047669 -0.0421458 -0.0372909 -0.0332529 -0.030039 -0.0275946 -0.0257858 -0.0244453 -0.0233776 -0.0224273 -0.0214365 -0.020316 -0.0190596 -0.0176191 -0.0160681 -0.0144336 -0.0127823 -0.0111824 -0.00970549 -0.00838932 -0.0072532 -0.00627561 -0.00546907 -0.00482814 -0.00431732 -0.00396985 -0.00370813 -0.00353481 -0.00342473 -0.00338587 -0.00341355 -0.00344795 -0.00350178 -0.00356026 -0.00362821 -0.00369152 -0.00375066 -0.00378503 -0.00380422 -0.00381722 -0.00383667 -0.00384727 -0.00381751 -0.00380386 -0.00379627 -0.00379931 -0.0037784 -0.00374689 -0.00375305 -0.00374823 -0.00374243 -0.00371745 -0.00371101 -0.00372125 -0.00370206 -0.00369078 -0.00367592 -0.00368316 
0 8.79295e-05 0.000163158 0.000250666 0.000326715 0.000422368 0.000512433 0.0006033 0.000701524 0.000793877 0.000906723 0.00101235 0.00111884 0.00122586 0.00133821 0.00146277 0.0015707 0.00167225 0.00178307 0.00189742 0.00200126 0.00208102 0.00215997 0.00225899 0.00234999 0.00243578 0.00252013 0.002628 0.00278463 0.00297968 0.00323499 0.00355308 0.00396735 0.00451746 0.00520731 0.00605192 0.00707172 0.00831012 0.00981407 0.0116176 0.0137498 0.016256 0.0191834 0.0225852 0.0265172 0.0309732 0.0359459 0.0413779 0.0471555 0.0531363 0.0590674 0.0646522 0.0695597 0.0734302 0.0759654 0.0769408 0.0761895 0.073716 0.0695979 0.064054 0.0574312 0.0501111 0.0425518 0.035198 0.0284211 0.0225429 0.0177805 0.0142042 0.0118436 0.0105924 0.010297 0.0107656 0.0117964 0.0131604 0.014689 0.0162197 0.0176272 0.0188273 0.0197889 0.0204675 0.0208692 0.0210174 0.0209016 0.0205546 0.0200226 0.0193081 0.0184488 0.0175082 0.0164691 0.015346 0.0141518 0.0128878 0.0115654 0.0102087 0.00878372 0.00732292 0.0058437 0.00433632 0.00277419 0.00118976 -0.000414358 -0.00204022 -0.00371552 -0.00539633 -0.00707717 -0.00877956 -0.010508 -0.0122164 -0.0139289 -0.015629 -0.0173095 -0.018975 -0.0206184 -0.0222287 -0.0238727 -0.0255595 -0.0273017 -0.0291519 -0.0311435 -0.0333005 -0.0356922 -0.0383654 -0.0413547 -0.0447057 -0.0484232 -0.0524852 -0.0568358 -0.0613966 -0.0660081 -0.0704979 -0.0746443 -0.0781926 -0.0808839 -0.0825226 -0.0829008 -0.0819489 -0.079664 -0.0761202 -0.0715156 -0.066118 -0.060223 -0.0542068 -0.0483917 -0.0430613 -0.0384513 -0.0346488 -0.0316887 -0.0294994 -0.0279321 -0.026817 -0.0259579 -0.0251588 -0.0242951 -0.0232605 -0.0220224 -0.0205864 -0.0189679 -0.0172249 -0.0154155 -0.0136184 -0.011916 -0.010366 -0.00898491 -0.00778385 -0.00676052 -0.00591145 -0.00524408 -0.00472857 -0.0043441 -0.0040564 -0.00385226 -0.00375052 -0.00371496 -0.0037243 -0.00375507 -0.00379697 -0.00386088 -0.00392706 -0.00398888 -0.00403537 -0.0040567 -0.00408276 -0.00410961 -0.00411781 -0.00410953 -0.00408756 -0.00409178 -0.00408741 -0.00406416 -0.00404659 -0.00403273 -0.00404271 -0.0040221 -0.00400207 -0.00399432 -0.0039864 -0.00398621 -0.00395895 -0.00395894 -0.00395611 
0 9.46305e-05 0.000187794 0.000277662 0.00037355 0.000472045 0.000570753 0.000668863 0.000764273 0.00086979 0.000978086 0.00108877 0.00119699 0.00130928 0.00143377 0.00155649 0.00167225 0.00178054 0.00189646 0.00201106 0.00211638 0.00220006 0.00228669 0.00238096 0.00247799 0.0025831 0.00268409 0.00283997 0.00304079 0.0033159 0.00365657 0.00407405 0.00462977 0.00531432 0.00617906 0.00721365 0.00845704 0.00995142 0.0117378 0.0138582 0.0163343 0.0191871 0.022478 0.0262504 0.0305211 0.0353204 0.040577 0.0462467 0.0521772 0.0582074 0.0640753 0.0694605 0.0740341 0.0774585 0.0794438 0.0797793 0.0783615 0.0751624 0.0703163 0.0640508 0.0567325 0.0487619 0.0406462 0.0328075 0.0256531 0.0195001 0.0145479 0.0108922 0.00855178 0.00742493 0.00736592 0.00817577 0.00961174 0.0114685 0.0135136 0.0155983 0.0175867 0.0193919 0.0209549 0.0222623 0.0232627 0.0239972 0.0244476 0.0246456 0.0246125 0.0243792 0.0239423 0.0233381 0.0225383 0.0215888 0.0204813 0.0192054 0.01776 0.0161712 0.0144143 0.0125267 0.0104855 0.00830802 0.00602996 0.0036579 0.00116786 -0.00136182 -0.00392389 -0.00650915 -0.00908911 -0.0116252 -0.014115 -0.0165124 -0.0188354 -0.021047 -0.0231317 -0.0250917 -0.0269508 -0.0286925 -0.0303672 -0.03197 -0.033567 -0.0352029 -0.0369251 -0.0387788 -0.0408554 -0.0431642 -0.0457977 -0.0487845 -0.0521424 -0.0558585 -0.0598912 -0.0641088 -0.0683944 -0.0725396 -0.076338 -0.0795497 -0.0819335 -0.0832829 -0.0834221 -0.0822596 -0.0798008 -0.0761389 -0.0714585 -0.0660575 -0.0602269 -0.0543362 -0.0486923 -0.0435882 -0.0391986 -0.0356536 -0.0329571 -0.0310375 -0.0297538 -0.0289302 -0.0283336 -0.027781 -0.0271195 -0.0262285 -0.025097 -0.0236914 -0.0220708 -0.020253 -0.0183157 -0.0163493 -0.014432 -0.0126328 -0.011004 -0.00954447 -0.00827523 -0.00720906 -0.00633494 -0.00566173 -0.00511566 -0.0047079 -0.00439942 -0.00419737 -0.00409367 -0.00403994 -0.00403385 -0.00404342 -0.00408969 -0.004154 -0.00422143 -0.00427511 -0.00431656 -0.0043559 -0.00439108 -0.00441176 -0.0044075 -0.00440145 -0.00439463 -0.00438752 -0.00436332 -0.00433653 -0.00432379 -0.00431412 -0.0043003 -0.00427722 -0.00426485 -0.00426074 -0.00425324 -0.00424358 -0.00423741 -0.00423713 
