0 0 0 0 0 0 0 0 0 0 0 0 0 0 0 0 0 0 0 0 0 0 0 0 0 0 0 0 0 0 0 0 0 0 0 0 0 0 0 0 0 0 0 0 0 0 0 0 0 0 0 0 0 0 0 0 0 0 0 0 0 0 0 0 0 0 0 0 0 0 0 0 0 0 0 0 0 0 0 0 0 0 0 0 0 0 0 0 0 0 0 0 0 0 0 0 0 0 0 0 0 0 0 0 0 0 0 0 0 0 0 0 0 0 0 0 0 0 0 0 0 0 0 0 0 0 0 0 0 0 0 0 0 0 0 0 0 0 0 0 0 0 0 0 0 0 0 0 0 0 0 0 0 0 0 0 0 0 0 0 0 0 0 0 0 0 0 0 0 0 0 0 0 0 0 0 0 0 0 0 0 0 0 0 0 0 0 0 0 0 0 0 0 0 0 0 0 0 0 0 
0 -2.51971e-05 -4.55513e-05 -4.90403e-05 -6.53065e-05 -7.77305e-05 -8.42456e-05 -8.04381e-05 -6.14255e-05 -5.20335e-05 -2.95688e-05 5.0597e-06 5.32355e-05 0.000115746 0.000171608 0.000241494 0.000316269 0.000396604 0.000493538 0.000599111 0.000732144 0.000881661 0.00105407 0.00126716 0.00150765 0.00176554 0.00201645 0.00224152 0.00242878 0.0025395 0.00254497 0.00244013 0.00220208 0.00184304 0.00137549 0.000836492 0.000278336 -0.000282606 -0.000793004 -0.00122319 -0.00154626 -0.00175694 -0.00184121 -0.0018018 -0.00165745 -0.00142462 -0.00113266 -0.000783158 -0.00041654 -3.84572e-05 0.000348107 0.000736152 0.00110643 0.00148069 0.00184486 0.00219602 0.00254782 0.00288495 0.00322956 0.00356469 0.00389614 0.00422629 0.0045512 0.00484329 0.00513249 0.00538142 0.00558257 0.00573629 0.00582401 0.00582295 0.00573827 0.00556451 0.00528489 0.00491089 0.00444181 0.00387892 0.00321274 0.0024829 0.00167423 0.000807165 -9.63622e-05 -0.00101479 -0.00195964 -0.00286375 -0.00372472 -0.0045224 -0.00523118 -0.00581937 -0.00630709 -0.00665249 -0.00685368 -0.00690844 -0.00683153 -0.00660746 -0.00624578 -0.0057386 -0.00511752 -0.00438174 -0.00354181 -0.00261339 -0.00163589 -0.000609312 0.000430663 0.00145726 0.00244205 0.00338096 0.0042423 0.00501647 0.00567178 0.00622027 0.00665288 0.00695476 0.00710268 0.00712954 0.00700634 0.0067407 0.0063454 0.00583238 0.00518238 0.00445182 0.00363932 0.00276755 0.00185546 0.000936203 1.20756e-06 -0.000907404 -0.00178387 -0.00260895 -0.0033821 -0.00407778 -0.00469809 -0.00524053 -0.00568761 -0.0060372 -0.00630528 -0.00648226 -0.00656605 -0.00659869 -0.00655546 -0.00645925 -0.00632754 -0.00616782 -0.00597781 -0.0057943 -0.00560358 -0.0054294 -0.00526937 -0.00513276 -0.00503324 -0.00496099 -0.00492597 -0.00493159 -0.00497027 -0.00501737 -0.0050811 -0.00512321 -0.00512296 -0.00505319 -0.00490215 -0.00464574 -0.00427757 -0.00380607 -0.00324467 -0.00262397 -0.00195386 -0.00129888 -0.000687648 -0.000152643 0.000265449 0.000553373 0.000700015 0.000727982 0.000665018 0.000524532 0.000341311 0.000150278 -3.94113e-05 -0.000199866 -0.000329519 -0.000413263 -0.000450977 -0.00047534 -0.000473867 -0.000460139 -0.000430743 -0.000392586 -0.000371264 -0.00034669 -0.000333074 -0.000323903 -0.000318529 -0.000329882 -0.000337538 -0.000360219 -0.000384972 -0.000406908 -0.000430825 -0.000440048 -0.000456716 -0.000463474 
0 -4.55513e-05 -6.11093e-05 -8.29562e-05 -9.24982e-05 -0.000128052 -0.000142461 -0.000129168 -0.000116147 -8.37458e-05 -6.15036e-05 6.28157e-06 9.92193e-05 0.000204727 0.000329857 0.00045418 0.000614557 0.000781024 0.000977155 0.00120612 0.00147428 0.00178393 0.00213579 0.00256269 0.00303944 0.00355655 0.00404013 0.00449086 0.00485275 0.00505985 0.00508456 0.0048544 0.00439981 0.00368086 0.00274931 0.00168969 0.000563152 -0.000548764 -0.00157032 -0.00243263 -0.00308078 -0.00349158 -0.00367384 -0.00357874 -0.00329237 -0.00282769 -0.00221769 -0.00152356 -0.000766069 3.56466e-06 0.000783404 0.00155756 0.00230778 0.00302917 0.00376001 0.00445621 0.00514368 0.00582956 0.00650763 0.00716484 0.00781571 0.00846094 0.00906736 0.00964795 0.0101819 0.0106424 0.0110077 0.0112746 0.0113964 0.0113842 0.0111983 0.0108361 0.0102895 0.0095436 0.00860184 0.00749472 0.00620304 0.00475786 0.00318965 0.00149796 -0.00026974 -0.00206673 -0.00386502 -0.00561951 -0.00728488 -0.00883218 -0.0101989 -0.0113666 -0.0122981 -0.0129649 -0.0133697 -0.0135145 -0.0133455 -0.012893 -0.0121853 -0.0112175 -0.009986 -0.00854149 -0.00690113 -0.00510653 -0.00318766 -0.0011969 0.000818912 0.00281002 0.00475756 0.00658344 0.00825065 0.00975596 0.0110761 0.0121457 0.0129725 0.0135446 0.0138516 0.0138844 0.013643 0.0131217 0.0123518 0.0113304 0.0100978 0.00869338 0.00712254 0.00542699 0.00367584 0.00187351 6.40488e-05 -0.00169141 -0.00339984 -0.00502446 -0.00652406 -0.00789003 -0.00911092 -0.0101535 -0.0110349 -0.0117359 -0.0122759 -0.0126431 -0.0128571 -0.0129287 -0.0128839 -0.0127252 -0.0124935 -0.012204 -0.0118718 -0.0115133 -0.0111604 -0.0108316 -0.0105125 -0.0102676 -0.0100828 -0.00995633 -0.00990763 -0.00994028 -0.0100093 -0.0101275 -0.0102383 -0.0103207 -0.0103224 -0.0101663 -0.00986569 -0.00934608 -0.00860203 -0.00765558 -0.00653898 -0.00528321 -0.00396709 -0.00265031 -0.00143538 -0.000377812 0.000478013 0.001045 0.00136407 0.00143301 0.00131931 0.00105601 0.000696129 0.000314968 -6.17092e-05 -0.000390248 -0.000659498 -0.000826054 -0.000926119 -0.000968573 -0.000981339 -0.000960309 -0.000893827 -0.000837813 -0.000772177 -0.000733453 -0.000694235 -0.000661708 -0.000658781 -0.000652168 -0.000678807 -0.000706471 -0.000752118 -0.000804769 -0.000836987 -0.000880721 -0.000904366 -0.000930051 
0 -4.90403e-05 -8.29562e-05 -8.59208e-05 -0.000120551 -0.00015572 -0.000178013 -0.000173186 -0.000135889 -0.000115975 -6.79596e-05 1.6692e-05 0.000142134 0.000307188 0.000471537 0.000676597 0.000910082 0.00116971 0.00147808 0.00182043 0.00223339 0.00269705 0.00322608 0.00386362 0.00457898 0.00533944 0.00607647 0.00673663 0.00727554 0.00758882 0.00759804 0.00727451 0.00656967 0.00550619 0.00412709 0.00253906 0.000879319 -0.000782365 -0.00230474 -0.00359199 -0.00456361 -0.00519295 -0.00544258 -0.00531366 -0.0048607 -0.00413492 -0.00321616 -0.00213397 -0.000991165 0.000178386 0.00136011 0.00253037 0.00364443 0.0047479 0.00581841 0.00684852 0.00787015 0.00885639 0.00984918 0.0108104 0.0117475 0.0126612 0.0135323 0.0143022 0.0150264 0.0156258 0.0160817 0.016396 0.0165276 0.0164288 0.0161049 0.0155423 0.014702 0.013601 0.0122391 0.0106201 0.00872696 0.00665086 0.0043745 0.00194801 -0.000565681 -0.00310986 -0.00569693 -0.00817882 -0.0105383 -0.0127276 -0.0146808 -0.016324 -0.0176846 -0.0186649 -0.0192488 -0.0194242 -0.0192107 -0.0185787 -0.0175511 -0.0161186 -0.0143551 -0.0122763 -0.00991681 -0.00732427 -0.00459193 -0.00173519 0.00115997 0.00402435 0.00678872 0.00942589 0.0118548 0.0140402 0.0159032 0.0174511 0.0186577 0.019485 0.0198854 0.0199278 0.0195597 0.0188033 0.0176975 0.0162712 0.0144964 0.0124972 0.0102765 0.00788727 0.00538333 0.00283792 0.000247503 -0.00228489 -0.00473562 -0.00705411 -0.00922387 -0.0111871 -0.0129444 -0.0144863 -0.0157784 -0.0168185 -0.0176423 -0.0182298 -0.0185802 -0.0187795 -0.0187787 -0.0186232 -0.018356 -0.0179948 -0.0175429 -0.0170835 -0.0166023 -0.0161562 -0.0157486 -0.0154115 -0.0151768 -0.0150249 -0.0149785 -0.0150425 -0.0151875 -0.0153557 -0.0155461 -0.0156639 -0.0156443 -0.0154117 -0.0149307 -0.0141386 -0.0130183 -0.0115964 -0.00991599 -0.00805633 -0.00606835 -0.00411377 -0.00228773 -0.000684826 0.000585804 0.00147337 0.00195433 0.00208169 0.00192985 0.00154441 0.0010219 0.000459153 -0.000103721 -0.000593916 -0.000994597 -0.00126439 -0.00140912 -0.00150033 -0.00152002 -0.0014937 -0.00141568 -0.00131014 -0.00123245 -0.00114917 -0.00108828 -0.00104097 -0.00100969 -0.00101884 -0.0010303 -0.00107947 -0.00114103 -0.00120126 -0.00126659 -0.00130687 -0.00136231 -0.00139338 
0 -6.53065e-05 -9.24982e-05 -0.000120551 -0.000145685 -0.00019983 -0.000224693 -0.000203963 -0.000169525 -0.000114188 -5.78554e-05 6.33455e-05 0.000233325 0.000434562 0.00066738 0.000921371 0.00123495 0.00157977 0.00198242 0.00244792 0.00299102 0.00361356 0.00432614 0.00517366 0.00612148 0.00713409 0.00809781 0.00897766 0.00967747 0.0100763 0.0100997 0.00964581 0.00872866 0.00731617 0.00549388 0.00341134 0.00120517 -0.00097676 -0.00298157 -0.00467341 -0.0059468 -0.00675035 -0.00707601 -0.00687554 -0.00626374 -0.00529173 -0.00403555 -0.00259591 -0.00104365 0.000537265 0.00212553 0.00368649 0.00518746 0.00662788 0.00804661 0.00939832 0.0107149 0.0120036 0.0132627 0.0144674 0.0156305 0.0167482 0.0177731 0.0187047 0.0195239 0.0201856 0.0206594 0.0209417 0.0209752 0.020762 0.0202587 0.0194574 0.0183388 0.0168874 0.0151074 0.0130335 0.0106503 0.00801484 0.00516986 0.00213793 -0.00100289 -0.00417859 -0.00734407 -0.0104164 -0.0133318 -0.0160405 -0.0184509 -0.0205188 -0.022191 -0.0234076 -0.0241525 -0.0244138 -0.0241264 -0.0233157 -0.0220188 -0.0202418 -0.0180042 -0.0153811 -0.0124165 -0.00918318 -0.00574463 -0.0021791 0.00143488 0.00501557 0.00851247 0.0118155 0.0148537 0.0175947 0.0199807 0.0219229 0.0234135 0.0244263 0.0249433 0.0249677 0.0245013 0.0235514 0.0221704 0.020372 0.0182072 0.0157451 0.013003 0.0100431 0.00696029 0.00378436 0.000577657 -0.00256327 -0.00562532 -0.00854782 -0.0112702 -0.0137645 -0.016013 -0.017975 -0.0196622 -0.0210549 -0.0221796 -0.0230201 -0.0235974 -0.0239368 -0.0240599 -0.0239772 -0.0237459 -0.0233911 -0.0229366 -0.0224253 -0.021903 -0.0214072 -0.0209384 -0.0205809 -0.0203312 -0.0201896 -0.0201802 -0.0203045 -0.0204997 -0.0207537 -0.0209882 -0.0211398 -0.0211108 -0.0207825 -0.0201382 -0.0190725 -0.0175709 -0.0156706 -0.0134347 -0.0109384 -0.00831459 -0.00570207 -0.00327454 -0.00115081 0.000564062 0.00174359 0.00242054 0.00261573 0.00243581 0.00195476 0.00128005 0.000543709 -0.000189489 -0.000839129 -0.00136921 -0.00172008 -0.00193312 -0.00204177 -0.00208061 -0.00205037 -0.00194467 -0.00183301 -0.00171386 -0.00162367 -0.0015401 -0.00147279 -0.00144627 -0.00143087 -0.00145766 -0.00149888 -0.00156689 -0.0016436 -0.0016987 -0.00176265 -0.00181073 -0.00185325 
0 -7.77305e-05 -0.000128052 -0.00015572 -0.00019983 -0.000249758 -0.000270886 -0.000241857 -0.000175325 -0.00010325 -4.46086e-06 0.000150262 0.000362765 0.000619708 0.000898634 0.00122118 0.00159734 0.00202246 0.00251724 0.00308577 0.00375508 0.0045254 0.00541643 0.00647038 0.00765477 0.00890719 0.0101216 0.0112115 0.0120777 0.0125732 0.0125809 0.0120232 0.0108618 0.00911151 0.00686144 0.00428275 0.00156842 -0.00111651 -0.00357587 -0.00564327 -0.00719381 -0.00816687 -0.00852318 -0.00825993 -0.00746327 -0.00622176 -0.00464337 -0.00282161 -0.000876519 0.00111195 0.00310716 0.00506556 0.00694059 0.00875115 0.0104921 0.0121463 0.0137359 0.0152545 0.0167201 0.0181057 0.0194136 0.0206411 0.0217542 0.0227154 0.0235404 0.0241681 0.0245697 0.0247389 0.0246328 0.0242166 0.0234795 0.0224104 0.0209821 0.0191987 0.0170697 0.0146067 0.0118093 0.00875503 0.00546617 0.00199267 -0.00158337 -0.00519212 -0.00880176 -0.0122866 -0.0155909 -0.018655 -0.0213926 -0.0237299 -0.0256424 -0.0270406 -0.0278863 -0.0281563 -0.0278358 -0.0269128 -0.0254093 -0.0233367 -0.0207604 -0.0177346 -0.0143163 -0.0105822 -0.00662968 -0.00252111 0.0016451 0.00577557 0.00978736 0.0136036 0.0171288 0.0202975 0.0230246 0.0252683 0.026995 0.0281617 0.0287372 0.0287615 0.0282177 0.0271319 0.0255575 0.0235268 0.0210592 0.0182587 0.0151556 0.0118123 0.00830956 0.00471381 0.00106451 -0.00253517 -0.00604264 -0.00940049 -0.0125622 -0.0154772 -0.0181306 -0.0204974 -0.0225517 -0.0242865 -0.0257239 -0.0268469 -0.0276652 -0.0282344 -0.0285393 -0.0286128 -0.0285071 -0.0282481 -0.0278595 -0.0274127 -0.0269332 -0.0264723 -0.0260512 -0.0257235 -0.025518 -0.0254301 -0.0254838 -0.025681 -0.0259726 -0.0263025 -0.0266177 -0.0268079 -0.0267588 -0.0263548 -0.0255281 -0.02419 -0.022313 -0.0199372 -0.0171386 -0.014028 -0.010741 -0.0074841 -0.00444201 -0.0017742 0.000364806 0.00187141 0.00273174 0.00300771 0.00280952 0.00223551 0.00142923 0.000535026 -0.000354752 -0.00114561 -0.00178595 -0.00222448 -0.00248349 -0.00262733 -0.00267279 -0.00263683 -0.00252615 -0.00238637 -0.00226068 -0.00214722 -0.0020549 -0.00198463 -0.00194377 -0.00193752 -0.00195205 -0.00199842 -0.00206377 -0.00213052 -0.0021899 -0.00223399 -0.00228133 -0.00230783 
0 -8.42456e-05 -0.000142461 -0.000178013 -0.000224693 -0.000270886 -0.00028357 -0.000240536 -0.000154941 -5.53739e-05 7.70233e-05 0.000266757 0.000520513 0.000822177 0.00115412 0.00153441 0.00197333 0.00247677 0.00306032 0.00373896 0.00453653 0.00546308 0.00654305 0.00780599 0.00922231 0.0107107 0.0121581 0.0134515 0.0144671 0.0150437 0.0150404 0.014367 0.0129773 0.0108975 0.0082358 0.00518806 0.0019796 -0.00117938 -0.00406425 -0.0064782 -0.00827711 -0.0093835 -0.00975483 -0.00940387 -0.00841578 -0.00690355 -0.00498989 -0.00279338 -0.000446949 0.00195483 0.00435474 0.00669989 0.00894433 0.0110909 0.0131318 0.0150551 0.0168689 0.0185738 0.020176 0.0216575 0.0230186 0.0242555 0.0253413 0.0262475 0.0269736 0.0274722 0.0277136 0.0276835 0.0273499 0.0266823 0.0256714 0.0243078 0.0225753 0.0204795 0.0180372 0.0152642 0.0121768 0.00883414 0.00526893 0.00153077 -0.00230498 -0.00616844 -0.0100074 -0.0137195 -0.0172379 -0.0204941 -0.0234029 -0.0258886 -0.0279058 -0.0293801 -0.0302695 -0.0305434 -0.0301797 -0.0291706 -0.0275375 -0.0253008 -0.0225144 -0.0192371 -0.0155372 -0.0114963 -0.00721044 -0.00276075 0.00175188 0.00622995 0.0105792 0.0147078 0.0185213 0.021947 0.0249024 0.0273323 0.0291961 0.0304581 0.0310967 0.031133 0.0305635 0.0294154 0.0277379 0.0255719 0.0229568 0.0199771 0.0166791 0.013128 0.00940314 0.00557204 0.00168713 -0.00216764 -0.00594242 -0.00958523 -0.0130453 -0.0162747 -0.0192488 -0.0219402 -0.0243213 -0.0263844 -0.0281355 -0.0295624 -0.030673 -0.0315055 -0.0320599 -0.0323668 -0.0324729 -0.0324085 -0.0322026 -0.031915 -0.0315828 -0.0312501 -0.0309534 -0.0307419 -0.0306485 -0.0306795 -0.0308546 -0.0311707 -0.0315816 -0.0320228 -0.0324243 -0.0326656 -0.0326108 -0.0321339 -0.0311367 -0.0295303 -0.0272816 -0.0244335 -0.0210774 -0.0173467 -0.0134132 -0.00951035 -0.00585836 -0.00265347 -7.48622e-05 0.0017633 0.00283804 0.00322154 0.00303186 0.00239844 0.00148502 0.00045222 -0.000578492 -0.00150469 -0.00225368 -0.00277931 -0.00309987 -0.00327667 -0.00333799 -0.00330166 -0.00318711 -0.00303756 -0.00289859 -0.00277394 -0.00267075 -0.0025911 -0.00253865 -0.00251867 -0.00252064 -0.00255315 -0.00260314 -0.00265391 -0.00269761 -0.00272835 -0.00276087 -0.00277358 
0 -8.04381e-05 -0.000129168 -0.000173186 -0.000203963 -0.000241857 -0.000240536 -0.000181358 -9.13184e-05 3.79148e-05 0.00019027 0.000409602 0.00069713 0.00103105 0.00141974 0.00185089 0.00235704 0.00294237 0.00361903 0.00441878 0.00535057 0.00644226 0.00771865 0.0091916 0.010833 0.0125519 0.0142163 0.015705 0.0168535 0.0174945 0.0174791 0.0166792 0.0150749 0.0126797 0.00963243 0.00615364 0.0024807 -0.0011146 -0.00439252 -0.00712642 -0.00915376 -0.01037 -0.0107473 -0.0102891 -0.0090991 -0.00730653 -0.00503973 -0.0024688 0.000284537 0.00309656 0.00588894 0.00859814 0.0111909 0.0136285 0.0159266 0.0180634 0.0200324 0.0218572 0.0235151 0.025008 0.0263347 0.0274882 0.0284379 0.0291951 0.0297127 0.029983 0.0299756 0.0296705 0.0290393 0.0280801 0.0267675 0.0250989 0.0230835 0.0207189 0.0180262 0.0150334 0.0117756 0.00827202 0.00459017 0.000763291 -0.00314545 -0.00707707 -0.0109405 -0.0146928 -0.018239 -0.0215102 -0.0244204 -0.0269185 -0.0289112 -0.0303612 -0.0312218 -0.0314716 -0.0310604 -0.0300061 -0.028321 -0.0260406 -0.0231822 -0.0198232 -0.0160283 -0.0118866 -0.0074706 -0.00289706 0.00174324 0.00634491 0.0108225 0.0150525 0.0189586 0.0224617 0.0255049 0.027999 0.029916 0.0312248 0.0319239 0.0319848 0.0314433 0.0303138 0.0286405 0.0264563 0.0238471 0.0208468 0.0175289 0.013956 0.0102105 0.0063319 0.0024061 -0.00151843 -0.00538896 -0.00916052 -0.0127701 -0.0161922 -0.019387 -0.0223151 -0.0249656 -0.0273192 -0.0293633 -0.0310946 -0.0325301 -0.0336594 -0.0345281 -0.0351408 -0.0355378 -0.035752 -0.0358254 -0.0357821 -0.0356946 -0.0355861 -0.0355012 -0.035501 -0.0356008 -0.0358291 -0.0361982 -0.0366979 -0.0372756 -0.0378813 -0.0383955 -0.0387113 -0.0386685 -0.0381224 -0.0369638 -0.0350939 -0.032483 -0.0291759 -0.0252805 -0.0209407 -0.0163856 -0.0118437 -0.00758799 -0.003848 -0.000810536 0.00137397 0.00270004 0.00322413 0.00307641 0.00241996 0.00142749 0.000278423 -0.000876655 -0.00193058 -0.00278835 -0.0034047 -0.0038052 -0.00402066 -0.0041107 -0.00408257 -0.00396596 -0.0038186 -0.00365614 -0.00352247 -0.00339943 -0.00329855 -0.00323135 -0.00317656 -0.0031633 -0.00316666 -0.00319346 -0.0032266 -0.00324079 -0.00326232 -0.00326649 -0.00326366 
0 -6.14255e-05 -0.000116147 -0.000135889 -0.000169525 -0.000175325 -0.000154941 -9.13184e-05 2.79057e-05 0.000162232 0.000355915 0.000596038 0.000908245 0.00128649 0.00170889 0.00220634 0.00276894 0.00343627 0.00421413 0.00512979 0.00620348 0.00746278 0.00893463 0.0106161 0.0124824 0.0144096 0.0163 0.0179593 0.0192333 0.0199393 0.0198819 0.018986 0.0171551 0.014477 0.0110843 0.00720144 0.00312336 -0.000871235 -0.0045023 -0.0075206 -0.00974701 -0.0110713 -0.0114181 -0.0108663 -0.00946187 -0.00737616 -0.00477744 -0.00181775 0.00132005 0.00452195 0.00768005 0.0107239 0.0135983 0.0162989 0.0187728 0.0210479 0.0231059 0.0249489 0.0265783 0.0280034 0.0292063 0.0301796 0.0309313 0.0314191 0.0316513 0.031608 0.031274 0.0306268 0.02968 0.0283833 0.0267674 0.0248227 0.0225532 0.0199825 0.0171416 0.0140266 0.0106935 0.00717795 0.0035088 -0.000251993 -0.00405412 -0.00785095 -0.0115866 -0.0151801 -0.0185656 -0.0216676 -0.0244293 -0.0267621 -0.0286293 -0.0299736 -0.0307405 -0.0308913 -0.0304581 -0.0294116 -0.0277508 -0.0254994 -0.0227251 -0.0194538 -0.0157578 -0.0117045 -0.00740115 -0.00292373 0.00161622 0.0061206 0.0104692 0.0146045 0.0184289 0.0218511 0.0247954 0.0272545 0.0291622 0.0304832 0.031198 0.0313235 0.0308525 0.0298217 0.0282579 0.0262176 0.0237329 0.0208743 0.0177162 0.0143119 0.0107054 0.0069802 0.00317547 -0.000670737 -0.00447581 -0.008213 -0.0118481 -0.0153286 -0.0186198 -0.0217151 -0.0245505 -0.0271349 -0.0294418 -0.0314716 -0.033216 -0.0347011 -0.0359114 -0.0368867 -0.0376397 -0.0382008 -0.0386073 -0.0389074 -0.0391363 -0.0393353 -0.0395743 -0.0398568 -0.040248 -0.0407601 -0.0413997 -0.042147 -0.0429761 -0.043773 -0.0444619 -0.0448786 -0.0448596 -0.04428 -0.0429608 -0.0408498 -0.0379005 -0.0341584 -0.0297421 -0.0248392 -0.0196648 -0.0145217 -0.00967122 -0.005387 -0.00190883 0.000666406 0.00225266 0.00295617 0.00288892 0.00223463 0.00120101 -4.02416e-05 -0.00130213 -0.00246589 -0.00342095 -0.0041372 -0.00460421 -0.00488016 -0.00499231 -0.00497591 -0.00487697 -0.00471048 -0.00455185 -0.00438711 -0.00424892 -0.00413218 -0.00402438 -0.00395928 -0.00389861 -0.00387914 -0.00387079 -0.00386141 -0.00386177 -0.00383768 -0.00382715 -0.0037911 
0 -5.20335e-05 -8.37458e-05 -0.000115975 -0.000114188 -0.00010325 -5.53739e-05 3.79148e-05 0.000162232 0.000345848 0.000564302 0.000845551 0.00119383 0.00159792 0.00207886 0.00261662 0.00324203 0.00398212 0.00484758 0.00588145 0.00709031 0.00851541 0.0101872 0.0120785 0.0141564 0.0163085 0.0183906 0.0202327 0.0216173 0.022365 0.0222988 0.0212756 0.0192686 0.0163234 0.0126137 0.00838588 0.00392743 -0.000417246 -0.0043548 -0.00761986 -0.0100142 -0.011392 -0.0117242 -0.0110419 -0.00944443 -0.00709886 -0.00416903 -0.000878737 0.00262094 0.00617852 0.00965653 0.0129716 0.0160937 0.0189469 0.0215415 0.0238732 0.0259199 0.0277172 0.0292305 0.0304855 0.0314797 0.0321986 0.0326369 0.0328266 0.0327008 0.0322922 0.0315915 0.0305789 0.0292587 0.0276556 0.0257595 0.0235711 0.021126 0.0184296 0.0154983 0.0123664 0.00909833 0.00567001 0.00216199 -0.00138938 -0.00495542 -0.00849148 -0.0118846 -0.0151537 -0.0182092 -0.0209847 -0.0234251 -0.0254996 -0.0270997 -0.0282278 -0.0288468 -0.0289389 -0.0284563 -0.0274225 -0.0258447 -0.0237663 -0.0211769 -0.0181403 -0.0147156 -0.0109799 -0.00698431 -0.00285069 0.00134627 0.00551298 0.00956632 0.0133861 0.0169209 0.0200993 0.0228859 0.0251908 0.0269876 0.0282622 0.0290232 0.0292074 0.0288696 0.0280166 0.0266656 0.024855 0.0226835 0.0201282 0.0172773 0.0141832 0.0108929 0.00743815 0.00391391 0.000315764 -0.0032957 -0.00688428 -0.010401 -0.0138309 -0.0171225 -0.0202468 -0.0231981 -0.0259533 -0.0284749 -0.0307704 -0.0328431 -0.0346388 -0.0362207 -0.0375769 -0.0387144 -0.0396722 -0.040494 -0.0411762 -0.0418055 -0.0423955 -0.0430073 -0.0436859 -0.0444432 -0.0453258 -0.0463225 -0.0473991 -0.0485138 -0.0495901 -0.0504719 -0.0510379 -0.0511025 -0.0505031 -0.0490869 -0.0467634 -0.0435083 -0.039365 -0.0344663 -0.0290074 -0.0232735 -0.0175341 -0.0121181 -0.00732472 -0.00337667 -0.00043975 0.00145472 0.0023568 0.00239833 0.00179396 0.000738271 -0.000562154 -0.0019061 -0.00316059 -0.00419996 -0.0049904 -0.0055357 -0.00584486 -0.00598927 -0.0059892 -0.00589297 -0.00574759 -0.00556381 -0.00540036 -0.00524114 -0.00509654 -0.00497647 -0.00485858 -0.00478203 -0.00471023 -0.00465643 -0.00461235 -0.00455261 -0.00451059 -0.00444331 -0.00437838 
0 -2.95688e-05 -6.15036e-05 -6.79596e-05 -5.78554e-05 -4.46086e-06 7.70233e-05 0.00019027 0.000355915 0.000564302 0.000838253 0.00115583 0.00153485 0.00198337 0.00249922 0.00309652 0.00377542 0.00458612 0.00554374 0.00668544 0.00802824 0.00961864 0.0114803 0.0135794 0.0158764 0.0182333 0.0205344 0.0225414 0.0240456 0.0248508 0.0247462 0.023637 0.0214356 0.0182527 0.0142606 0.00970817 0.00492923 0.000275623 -0.00392774 -0.00739713 -0.0099223 -0.0113586 -0.0116352 -0.01085 -0.0090601 -0.00646208 -0.00325976 0.000338704 0.00413292 0.00797397 0.0117048 0.0152355 0.0185086 0.0214859 0.0241116 0.0264188 0.0283856 0.0300249 0.0313303 0.0323423 0.0330453 0.0334302 0.0335298 0.0333262 0.0328126 0.0320109 0.0309287 0.0295497 0.0279165 0.0260085 0.0238693 0.0214975 0.0189242 0.016176 0.0132789 0.0102307 0.00710163 0.00389153 0.000643104 -0.00258535 -0.00576866 -0.00887534 -0.0118413 -0.0146411 -0.0172188 -0.0195181 -0.0215219 -0.0231763 -0.0244465 -0.0253149 -0.0257381 -0.0256831 -0.0251863 -0.024228 -0.0227981 -0.0209191 -0.0186414 -0.0159842 -0.0130048 -0.00974996 -0.006297 -0.00270802 0.000933088 0.0045541 0.00806169 0.0114142 0.0145351 0.0173445 0.0197925 0.0218754 0.0235315 0.0247376 0.0254855 0.0257686 0.0255942 0.0249886 0.0239511 0.0225229 0.0207346 0.0186033 0.0162008 0.0135603 0.0106951 0.00767009 0.00453034 0.00127428 -0.00201284 -0.00531532 -0.00861272 -0.0118705 -0.015049 -0.0181517 -0.0211218 -0.0239638 -0.0266321 -0.0291342 -0.0314513 -0.0335679 -0.0354815 -0.0372143 -0.0387485 -0.0401157 -0.0413592 -0.0424947 -0.0435686 -0.0446145 -0.0457017 -0.0468209 -0.0480304 -0.0493505 -0.0507676 -0.0522401 -0.0537406 -0.0551392 -0.0563135 -0.0570886 -0.0572804 -0.0567379 -0.0552526 -0.0527761 -0.0492673 -0.0447713 -0.0394315 -0.0334807 -0.0271945 -0.0209074 -0.0149412 -0.00963392 -0.00525281 -0.0019173 0.000269424 0.00139493 0.00157604 0.00103591 2.45231e-06 -0.0013296 -0.0027261 -0.00404082 -0.00514411 -0.0060069 -0.00660653 -0.00696791 -0.00713355 -0.00715213 -0.00707891 -0.00692647 -0.00675078 -0.00656133 -0.00638746 -0.00622418 -0.00606208 -0.00592621 -0.00579704 -0.00568895 -0.00558183 -0.00547551 -0.00537927 -0.00527185 -0.00516649 -0.0050482 
0 5.0597e-06 6.28157e-06 1.6692e-05 6.33455e-05 0.000150262 0.000266757 0.000409602 0.000596038 0.000845551 0.00115583 0.00151184 0.00192154 0.00240089 0.00296379 0.00361063 0.0043526 0.00523777 0.00629222 0.00755446 0.009047 0.0108144 0.0128812 0.0151971 0.0177044 0.0202743 0.0227591 0.0249265 0.0265313 0.0273726 0.0272506 0.0260419 0.0236901 0.0202954 0.0160533 0.0112265 0.00615932 0.00123558 -0.00319318 -0.00683633 -0.0094681 -0.0109274 -0.0111693 -0.0102726 -0.00833048 -0.00553591 -0.00210478 0.00172395 0.00575004 0.00980707 0.0137152 0.0173741 0.0207311 0.0237187 0.0263052 0.028508 0.0303129 0.0317372 0.0327731 0.0334629 0.033811 0.0338118 0.0335049 0.0329074 0.031998 0.030814 0.0293744 0.0276707 0.025739 0.0236016 0.0212867 0.0187999 0.0161827 0.0134618 0.0106497 0.00777196 0.00489225 0.00199159 -0.00088163 -0.00367804 -0.00639136 -0.00898577 -0.0113868 -0.0136078 -0.0156087 -0.0173447 -0.0188133 -0.0199947 -0.0208443 -0.0213722 -0.0215645 -0.0214003 -0.0208753 -0.019989 -0.018749 -0.017182 -0.015302 -0.0131362 -0.0107333 -0.00813476 -0.00538353 -0.0025363 0.000358579 0.00325322 0.00608347 0.00879272 0.0113357 0.0136613 0.0157317 0.0175052 0.0189445 0.0200469 0.0208097 0.0211996 0.0212379 0.0209326 0.0202685 0.0192769 0.0179928 0.0163898 0.0145218 0.0124207 0.01009 0.00757615 0.00493382 0.00214657 -0.000728318 -0.00366458 -0.00664746 -0.00965352 -0.0126406 -0.015603 -0.0185161 -0.0213623 -0.0240989 -0.0267314 -0.0292389 -0.0315818 -0.0337843 -0.0358503 -0.0377571 -0.0395398 -0.0412308 -0.0428283 -0.0443832 -0.0459243 -0.0475057 -0.0491372 -0.0508504 -0.0526764 -0.0545879 -0.0565313 -0.0584691 -0.0602753 -0.0617907 -0.0628462 -0.0632479 -0.0628129 -0.0613479 -0.0587785 -0.0550785 -0.0502927 -0.0445748 -0.0381792 -0.031414 -0.0246186 -0.0181523 -0.0123757 -0.00755557 -0.00384532 -0.00132997 4.23919e-05 0.000399211 -2.60909e-05 -0.00101154 -0.00233672 -0.00376361 -0.00512296 -0.00628364 -0.0072098 -0.00787311 -0.00827811 -0.00847518 -0.00851756 -0.00845859 -0.00831994 -0.00813264 -0.00793031 -0.00772883 -0.00752964 -0.0073335 -0.00714506 -0.00697224 -0.00680142 -0.0066299 -0.00646502 -0.00630684 -0.00615739 -0.00599773 -0.00583928 
0 5.32355e-05 9.92193e-05 0.000142134 0.000233325 0.000362765 0.000520513 0.00069713 0.000908245 0.00119383 0.00153485 0.00192154 0.00235563 0.00286251 0.00346958 0.00416964 0.00498269 0.00595179 0.0071162 0.00851343 0.0101714 0.012131 0.0144095 0.0169474 0.0196649 0.0224414 0.0251026 0.0274174 0.0291155 0.0299862 0.0298423 0.0285414 0.0260548 0.022477 0.0180228 0.0129672 0.0076626 0.00251449 -0.00210761 -0.00590418 -0.00863886 -0.0101385 -0.0103723 -0.00940304 -0.00735349 -0.00441339 -0.000816221 0.00317604 0.00735688 0.0115398 0.0155375 0.0192374 0.0225878 0.0255071 0.0279746 0.0299941 0.0315646 0.0327025 0.033412 0.0337389 0.0337015 0.0333038 0.0325875 0.0315912 0.0302991 0.028762 0.0270085 0.0250448 0.0228963 0.0206052 0.0181896 0.0156661 0.0130803 0.0104651 0.00782757 0.00520231 0.00264075 0.000127726 -0.00229013 -0.00457177 -0.00671798 -0.00870711 -0.0104806 -0.0120622 -0.0134235 -0.0145406 -0.0154222 -0.0160784 -0.0164797 -0.0166486 -0.0165798 -0.016273 -0.0157255 -0.0149503 -0.0139472 -0.0127413 -0.0113391 -0.00977069 -0.00806067 -0.00623798 -0.00431806 -0.00233967 -0.000322257 0.00170428 0.00371414 0.00566602 0.00753353 0.0092744 0.0108698 0.0122808 0.0134858 0.014474 0.0152408 0.0157491 0.0160209 0.0160462 0.0158024 0.0152961 0.0145489 0.0135225 0.0122558 0.0107661 0.00904699 0.00712428 0.0050433 0.00278762 0.000397501 -0.00209879 -0.00469522 -0.00737476 -0.0100995 -0.0128546 -0.0156279 -0.0183858 -0.0210976 -0.0237655 -0.0263733 -0.0288748 -0.0313013 -0.0336414 -0.035874 -0.038028 -0.0401316 -0.0421775 -0.0442108 -0.0462607 -0.0483621 -0.050534 -0.0527914 -0.055167 -0.0576229 -0.0601014 -0.0625449 -0.0648261 -0.0667552 -0.0681576 -0.0688309 -0.0685672 -0.0671874 -0.0645991 -0.0607874 -0.0557969 -0.0497909 -0.0430369 -0.0358679 -0.0286308 -0.0217167 -0.0155046 -0.0102665 -0.00618534 -0.00333661 -0.0017006 -0.00114057 -0.00142477 -0.00233168 -0.00362238 -0.00505702 -0.00644503 -0.00765848 -0.00864746 -0.00937696 -0.00983199 -0.0100633 -0.0101286 -0.0100781 -0.00994193 -0.00973519 -0.00950773 -0.0092669 -0.00902037 -0.00877878 -0.00853565 -0.00831363 -0.00808071 -0.00784496 -0.00761953 -0.00740086 -0.00720233 -0.00698665 -0.00678154 
0 0.000115746 0.000204727 0.000307188 0.000434562 0.000619708 0.000822177 0.00103105 0.00128649 0.00159792 0.00198337 0.00240089 0.00286251 0.00340844 0.00405356 0.00481742 0.0057032 0.00676194 0.00804496 0.0095874 0.0114226 0.0135918 0.0160875 0.0188521 0.0217881 0.0247539 0.0275941 0.030031 0.031814 0.0327144 0.0325327 0.0311677 0.028558 0.0248362 0.0202123 0.0149653 0.00946961 0.00413188 -0.000665656 -0.00460591 -0.00744428 -0.009024 -0.00927699 -0.00830731 -0.00621868 -0.00321023 0.000453891 0.00453024 0.00877684 0.0129943 0.0169958 0.0206592 0.0238986 0.0266809 0.0289412 0.0307061 0.0319913 0.032794 0.0331475 0.033103 0.0326761 0.0318882 0.0308082 0.0294393 0.0278261 0.0259994 0.0239999 0.0218402 0.0195716 0.0172009 0.0147763 0.0123151 0.0098473 0.00741074 0.00503264 0.00273005 0.000541546 -0.00150727 -0.00340936 -0.00512541 -0.00665157 -0.00797198 -0.00909156 -0.00999309 -0.0106897 -0.011174 -0.0114782 -0.011589 -0.0115437 -0.0113512 -0.0110271 -0.0105619 -0.0100113 -0.00936914 -0.0086453 -0.00783819 -0.00699 -0.00608871 -0.00515192 -0.00417142 -0.00317255 -0.00213492 -0.00107628 8.13727e-06 0.00109682 0.00221443 0.00332709 0.00441947 0.0054675 0.00648925 0.00743663 0.00830016 0.00905404 0.00970116 0.0102026 0.0105581 0.0107352 0.0107371 0.0105253 0.0101066 0.00947595 0.00863167 0.00755372 0.00627901 0.00479745 0.00311325 0.00125993 -0.000750999 -0.00291925 -0.00521019 -0.00759993 -0.0100884 -0.0126323 -0.0152242 -0.0178358 -0.0204627 -0.023076 -0.0256752 -0.0282332 -0.0307721 -0.033265 -0.0357262 -0.0381796 -0.0406391 -0.0431091 -0.045642 -0.0482678 -0.0509723 -0.0538061 -0.056759 -0.059794 -0.0628474 -0.0658458 -0.0686283 -0.0710287 -0.0728248 -0.0738187 -0.0738033 -0.0725695 -0.0700507 -0.0662114 -0.0611069 -0.0549082 -0.0479001 -0.0404101 -0.0328294 -0.0255447 -0.0189509 -0.0133532 -0.0089086 -0.00574864 -0.00383682 -0.00305313 -0.00318493 -0.00398391 -0.00522553 -0.00664869 -0.00805238 -0.00931109 -0.0103591 -0.0111431 -0.0116523 -0.0119102 -0.0119921 -0.01195 -0.0117953 -0.0115789 -0.0113107 -0.0110314 -0.010739 -0.0104324 -0.0101461 -0.00984949 -0.00955752 -0.00925216 -0.00895339 -0.00868981 -0.00842236 -0.00816775 -0.00791087 
0 0.000171608 0.000329857 0.000471537 0.00066738 0.000898634 0.00115412 0.00141974 0.00170889 0.00207886 0.00249922 0.00296379 0.00346958 0.00405356 0.00476014 0.00558653 0.00655808 0.00771611 0.00912305 0.0108162 0.0128436 0.0152178 0.0179407 0.0209354 0.0240769 0.0272582 0.0302439 0.0328183 0.0346772 0.0355893 0.0353996 0.033944 0.0312503 0.0273983 0.0226227 0.0172201 0.0115514 0.00603642 0.00107605 -0.00301848 -0.00599202 -0.00766162 -0.00802184 -0.0070925 -0.00505322 -0.0020795 0.00157195 0.00562076 0.00983792 0.0140036 0.0179239 0.0214567 0.0245445 0.0270898 0.0291037 0.0305691 0.0315197 0.0319728 0.0319746 0.0315524 0.0307659 0.0296462 0.0282256 0.0265806 0.0247157 0.0226804 0.0205172 0.0182655 0.0159247 0.0135836 0.011234 0.00891293 0.00665333 0.00449181 0.00242197 0.000510605 -0.0012268 -0.00277906 -0.00412043 -0.00522853 -0.00611924 -0.00678739 -0.00721531 -0.00744201 -0.00748876 -0.00736725 -0.00709413 -0.00672341 -0.00624755 -0.00570537 -0.00513749 -0.00459102 -0.00404749 -0.00355007 -0.00311959 -0.00278581 -0.00251263 -0.00231435 -0.00217054 -0.00208424 -0.00201201 -0.0019605 -0.00188657 -0.00178093 -0.00160949 -0.00139069 -0.00108319 -0.000676586 -0.000158461 0.000418334 0.00107175 0.00178837 0.00254378 0.00328069 0.00400537 0.00466982 0.00524453 0.00570958 0.00605791 0.0062337 0.00622352 0.00602257 0.00560721 0.00496396 0.00410634 0.00303198 0.00172301 0.000226296 -0.00145891 -0.0033185 -0.00533032 -0.00745611 -0.00972887 -0.0120831 -0.0145214 -0.0170295 -0.0195928 -0.0221694 -0.0247965 -0.0274379 -0.0300952 -0.0327878 -0.0355207 -0.0383056 -0.0411675 -0.0441425 -0.047233 -0.0504828 -0.053864 -0.0573996 -0.0610246 -0.0646699 -0.0682267 -0.0715614 -0.0744449 -0.076685 -0.0780653 -0.0783317 -0.0773436 -0.074958 -0.0711795 -0.0660576 -0.0597666 -0.0525935 -0.0449014 -0.0370569 -0.0294965 -0.0226119 -0.0166859 -0.0119599 -0.00849174 -0.00632987 -0.00533036 -0.00528728 -0.00598835 -0.00715242 -0.00855452 -0.00996282 -0.0112549 -0.0123504 -0.0131908 -0.013741 -0.0140348 -0.014133 -0.0140838 -0.0139302 -0.0136749 -0.0133814 -0.0130491 -0.0126959 -0.0123429 -0.0119765 -0.0116306 -0.0112586 -0.010885 -0.0105307 -0.0101915 -0.00988694 -0.0095642 -0.00926583 
0 0.000241494 0.00045418 0.000676597 0.000921371 0.00122118 0.00153441 0.00185089 0.00220634 0.00261662 0.00309652 0.00361063 0.00416964 0.00481742 0.00558653 0.00649858 0.00757171 0.00884892 0.0103985 0.0122655 0.014486 0.0170876 0.0200286 0.0232469 0.02661 0.0299676 0.0331258 0.0358014 0.0377332 0.0386685 0.0384314 0.0369186 0.0341169 0.0301466 0.0252294 0.0196667 0.0138313 0.0081473 0.00300003 -0.00126582 -0.00439456 -0.00623706 -0.00672655 -0.00594201 -0.00402222 -0.00115885 0.00236837 0.00630712 0.0104028 0.0144123 0.0181669 0.021518 0.0243605 0.026669 0.0283922 0.0295438 0.0301676 0.0302716 0.0299247 0.0291796 0.0280756 0.0266711 0.0250216 0.023149 0.0211213 0.0189699 0.0167367 0.014461 0.0121866 0.00993332 0.00773454 0.00563432 0.00364991 0.00180912 0.000153155 -0.00130386 -0.00256406 -0.00356953 -0.00433139 -0.00484469 -0.00509488 -0.00509255 -0.00489815 -0.00449656 -0.00392984 -0.00323683 -0.00245896 -0.00161465 -0.000776252 2.81382e-05 0.000763366 0.00140624 0.00188156 0.00216596 0.00225289 0.00215165 0.00183752 0.00133794 0.00067912 -9.16345e-05 -0.0009489 -0.00183918 -0.00273291 -0.00358505 -0.00435655 -0.00497865 -0.005441 -0.00572456 -0.00580821 -0.00565499 -0.00529844 -0.00476516 -0.00408886 -0.00327375 -0.00238556 -0.00145236 -0.000507238 0.000408521 0.00122657 0.00195878 0.00255006 0.00295904 0.00316652 0.00316253 0.00290105 0.00241161 0.00168921 0.000733406 -0.000445571 -0.00182629 -0.00340761 -0.00517018 -0.00708882 -0.00915219 -0.011351 -0.0136638 -0.0160721 -0.0185856 -0.021165 -0.0238224 -0.0265621 -0.0293784 -0.0322952 -0.0353444 -0.0385153 -0.0418618 -0.0453907 -0.0490944 -0.0530028 -0.0570748 -0.0612599 -0.0654888 -0.0696222 -0.0734971 -0.0769143 -0.079624 -0.0814112 -0.0820419 -0.0813242 -0.079165 -0.0755249 -0.0704739 -0.0641943 -0.0569679 -0.0491579 -0.041169 -0.0334245 -0.0263201 -0.020176 -0.0151916 -0.0114971 -0.00910127 -0.00789362 -0.00770185 -0.0082739 -0.00937133 -0.0107333 -0.0121415 -0.0134686 -0.0146116 -0.0155064 -0.0161151 -0.0164472 -0.0165667 -0.0165247 -0.016348 -0.016081 -0.0157373 -0.0153554 -0.0149466 -0.0145148 -0.0140985 -0.0136637 -0.0132295 -0.0127864 -0.0123573 -0.0119765 -0.0115949 -0.0112361 -0.0108824 
0 0.000316269 0.000614557 0.000910082 0.00123495 0.00159734 0.00197333 0.00235704 0.00276894 0.00324203 0.00377542 0.0043526 0.00498269 0.0057032 0.00655808 0.00757171 0.00876928 0.0101947 0.0119136 0.0139724 0.0164207 0.0192516 0.0224313 0.0258769 0.0294407 0.0329863 0.0362606 0.0390247 0.04099 0.0419056 0.041624 0.0400138 0.0371174 0.0330247 0.0279608 0.0222391 0.016228 0.0103461 0.00499589 0.000517965 -0.00282239 -0.00486317 -0.00557884 -0.00499142 -0.00328187 -0.000633592 0.00268694 0.00641688 0.0103011 0.0140934 0.0176203 0.0207219 0.023312 0.0253236 0.0267595 0.0276125 0.0279298 0.0277376 0.0271189 0.0260963 0.0247458 0.0231382 0.0213033 0.0193128 0.0172155 0.0150435 0.0128366 0.0106481 0.00848521 0.0064217 0.00445655 0.00264642 0.00100692 -0.000434961 -0.00166411 -0.00263189 -0.00335743 -0.00379951 -0.00397052 -0.00387982 -0.00353508 -0.00295011 -0.00216021 -0.00118514 -8.29659e-05 0.00109711 0.00232126 0.0035224 0.00465664 0.00567522 0.00651408 0.00711099 0.00745736 0.00751692 0.00726774 0.00668594 0.00580924 0.00465829 0.00327366 0.00168885 -2.19899e-05 -0.0018161 -0.00360696 -0.00533734 -0.00694347 -0.00838604 -0.00958842 -0.0105111 -0.011124 -0.0114425 -0.0114428 -0.0111363 -0.0105553 -0.00974456 -0.00873792 -0.00759816 -0.00636262 -0.00508143 -0.00381031 -0.00259101 -0.00148581 -0.000529387 0.000255299 0.000830925 0.00116519 0.00127588 0.00111321 0.000700943 4.54541e-05 -0.000846989 -0.00197792 -0.00330378 -0.00485349 -0.00657562 -0.00847835 -0.0105333 -0.0127288 -0.0150572 -0.0175242 -0.0201077 -0.0228388 -0.0257166 -0.0287408 -0.0319543 -0.0353568 -0.0389857 -0.0428418 -0.0469566 -0.051303 -0.0558639 -0.0605686 -0.0653374 -0.0700073 -0.0744205 -0.0783443 -0.0815378 -0.0837655 -0.0847682 -0.084396 -0.0825004 -0.0790697 -0.0741745 -0.0679952 -0.0608159 -0.0530124 -0.0449818 -0.0371683 -0.0299551 -0.0236512 -0.0185082 -0.0146118 -0.0120254 -0.0106375 -0.0102905 -0.0107658 -0.0117862 -0.0131253 -0.0145469 -0.0159156 -0.0171199 -0.0180803 -0.0187541 -0.0191441 -0.0192974 -0.0192642 -0.0190865 -0.0187921 -0.0184162 -0.0179778 -0.0175043 -0.0170113 -0.0165134 -0.0160111 -0.0154956 -0.0149834 -0.0144947 -0.0140442 -0.0136164 -0.0131995 -0.0128055 
0 0.000396604 0.000781024 0.00116971 0.00157977 0.00202246 0.00247677 0.00294237 0.00343627 0.00398212 0.00458612 0.00523777 0.00595179 0.00676194 0.00771611 0.00884892 0.0101947 0.0117937 0.0137071 0.0159875 0.018675 0.0217562 0.0251739 0.0288396 0.032601 0.0362983 0.0396757 0.0424838 0.0444481 0.0453167 0.044942 0.0432136 0.0401825 0.0359422 0.0307127 0.0248128 0.0186094 0.0125194 0.00693123 0.00220095 -0.00140505 -0.00373362 -0.00474361 -0.00445551 -0.00303742 -0.000679289 0.00235656 0.00581174 0.00942645 0.0129395 0.016192 0.0190225 0.0213344 0.0230749 0.0242438 0.0248375 0.0249006 0.0244709 0.0236354 0.0224269 0.0209179 0.0191954 0.017286 0.0152564 0.0131669 0.0110581 0.00896375 0.00694066 0.00500568 0.00320816 0.00154821 9.00071e-05 -0.00115369 -0.00216366 -0.00290381 -0.00335107 -0.00353789 -0.00342116 -0.00301985 -0.00236589 -0.00145565 -0.000322251 0.00097547 0.00242013 0.003964 0.00553918 0.00710296 0.0085801 0.00990218 0.0110052 0.011843 0.012359 0.0125182 0.0122832 0.0116611 0.0106423 0.00925319 0.00751157 0.00546532 0.00316886 0.000710771 -0.00185482 -0.00443103 -0.00694003 -0.00929396 -0.0114278 -0.0132725 -0.0147989 -0.0159515 -0.0167129 -0.0170688 -0.0170394 -0.0166378 -0.0158968 -0.0148593 -0.0135917 -0.0121374 -0.0105767 -0.00897451 -0.00736301 -0.00581183 -0.00437742 -0.00307655 -0.00196549 -0.00108911 -0.000427099 -3.02505e-05 9.54141e-05 -3.76314e-05 -0.000434527 -0.00110477 -0.00200018 -0.00313407 -0.00447365 -0.00602406 -0.00775756 -0.00967619 -0.0117792 -0.0140601 -0.0165035 -0.0191513 -0.0219915 -0.025035 -0.0283291 -0.0318736 -0.0356974 -0.0398077 -0.0442277 -0.0489355 -0.0538978 -0.0590472 -0.0642975 -0.0694582 -0.0743619 -0.0787682 -0.0824164 -0.0850585 -0.0864453 -0.0864175 -0.0848324 -0.0816679 -0.0770039 -0.0710204 -0.0639869 -0.0562858 -0.0483184 -0.0405264 -0.033286 -0.0269166 -0.0216733 -0.017656 -0.014928 -0.0134029 -0.012946 -0.0133379 -0.014315 -0.0156477 -0.017109 -0.0185481 -0.0198355 -0.0208864 -0.0216473 -0.0221111 -0.0223112 -0.0222986 -0.0221187 -0.0218056 -0.0213905 -0.0208991 -0.0203677 -0.0198129 -0.0192541 -0.0186846 -0.0181074 -0.0175365 -0.0169881 -0.0164784 -0.0159875 -0.0155179 -0.0150733 
