0 0 0 0 0 0 0 0 0 0 0 0 0 0 0 0 0 0 0 0 0 0 0 0 0 0 0 0 0 0 0 0 0 0 0 0 0 0 0 0 0 0 0 0 0 0 0 0 0 0 0 0 0 0 0 0 0 0 0 0 0 0 0 0 0 0 0 0 0 0 0 0 0 0 0 0 0 0 0 0 0 0 0 0 0 0 0 0 0 0 0 0 0 0 0 0 0 0 0 0 0 0 0 0 0 0 0 0 0 0 0 0 0 0 0 0 0 0 0 0 0 0 0 0 0 0 0 0 0 0 0 0 0 0 0 0 0 0 0 0 0 0 0 0 0 0 0 0 0 0 0 0 0 0 0 0 0 0 0 0 0 0 0 0 0 0 0 0 0 0 0 0 0 0 0 0 0 0 0 0 0 0 0 0 0 0 0 0 0 0 0 0 0 0 0 0 0 0 0 0 
0 9.68854e-06 1.4037e-05 2.77223e-05 3.29553e-05 4.81273e-05 5.20444e-05 5.56942e-05 6.27135e-05 6.40517e-05 7.64445e-05 8.23895e-05 9.51305e-05 0.000101394 0.000108997 0.00012488 0.00013978 0.000155009 0.000164875 0.000185754 0.000201808 0.000210556 0.00020455 0.000202082 0.000202163 0.000189578 0.000177117 0.000153819 0.000140087 0.000122458 0.000114984 0.000122319 0.000131648 0.000156837 0.00020211 0.000269401 0.000349193 0.000446522 0.000563246 0.000716553 0.000889441 0.00110398 0.00134663 0.00158786 0.00183325 0.00204436 0.00220817 0.00228919 0.00226587 0.00212855 0.00186636 0.00148676 0.00103617 0.000526645 2.57678e-06 -0.000481438 -0.000908583 -0.00123585 -0.00144173 -0.00151177 -0.00144952 -0.00125513 -0.000947236 -0.000540251 -5.75223e-05 0.000494955 0.00109797 0.00174255 0.00241988 0.00311976 0.00382952 0.00453294 0.00522642 0.00588888 0.00650602 0.00707602 0.00758403 0.00801057 0.00837102 0.00864009 0.00880635 0.0088731 0.00881958 0.0086294 0.00832446 0.00789908 0.00737095 0.00676875 0.00611023 0.00541755 0.00471974 0.00402683 0.00336104 0.00273168 0.00214822 0.00162266 0.00115259 0.00074902 0.00043913 0.000189012 -3.69974e-05 -0.000226841 -0.000396082 -0.00059611 -0.000844321 -0.00114957 -0.00151713 -0.00194727 -0.00244203 -0.00299545 -0.00359612 -0.00424844 -0.0049294 -0.00562372 -0.00632414 -0.00699648 -0.00761089 -0.00816473 -0.00861281 -0.00894114 -0.00915968 -0.00925654 -0.00923412 -0.00912688 -0.00892625 -0.00864847 -0.0083161 -0.00793647 -0.0075197 -0.00709541 -0.00667329 -0.00626843 -0.00589974 -0.00558143 -0.005312 -0.00509354 -0.00492345 -0.00477105 -0.00462152 -0.00444549 -0.00421722 -0.00391521 -0.00353215 -0.00306378 -0.0025287 -0.00192937 -0.00131326 -0.000700646 -0.00011505 0.000388288 0.000796053 0.00109234 0.00125602 0.00130175 0.0012553 0.00113003 0.000969289 0.000778788 0.000599696 0.000435017 0.000290232 0.000190846 0.000121422 7.57802e-05 4.58101e-05 2.95973e-05 1.37587e-05 4.1929e-06 -8.3867e-06 -1.61414e-05 -3.97892e-05 -7.39628e-05 -0.000101028 -0.000133829 -0.000162964 -0.000200451 -0.000229987 -0.000259026 -0.000282155 -0.000296122 -0.000304074 -0.000311692 -0.000322826 -0.000318027 -0.000314636 -0.000308132 -0.000313789 -0.000311049 -0.000298463 -0.000297403 -0.000293629 -0.000302049 -0.000293727 -0.00029073 -0.000294002 -0.000291273 -0.000295134 -0.000284017 -0.000288553 -0.000289483 
0 1.4037e-05 2.91947e-05 3.74287e-05 5.84164e-05 7.78614e-05 9.07844e-05 0.000107424 0.000117757 0.000138271 0.000157176 0.000178476 0.000205263 0.00021684 0.000238635 0.000264297 0.000292756 0.000316776 0.000328978 0.000361195 0.000389823 0.000395033 0.000388597 0.000376505 0.000375592 0.000361727 0.000327355 0.000308057 0.000277645 0.000262086 0.000262383 0.000271069 0.000307514 0.00034044 0.000429152 0.000552106 0.000699514 0.000889837 0.00112606 0.00142728 0.00178682 0.00221869 0.00269736 0.00319547 0.00366151 0.00409037 0.00440416 0.00455539 0.00451011 0.00423072 0.00370315 0.00295687 0.00205796 0.00104375 2.47398e-05 -0.000948759 -0.00177632 -0.00242548 -0.00283719 -0.00297854 -0.00285224 -0.00247999 -0.00184818 -0.00102587 -5.12045e-05 0.00108383 0.00229413 0.00358313 0.00493371 0.00631665 0.00769924 0.00909919 0.0104441 0.0117424 0.0129533 0.0140727 0.0150566 0.0159165 0.0166119 0.0171257 0.0174349 0.0175391 0.0173936 0.0170252 0.0164365 0.0156124 0.0146044 0.0134566 0.0121777 0.0108371 0.00948901 0.00812607 0.0068155 0.00558135 0.00442252 0.00337948 0.00249346 0.00171214 0.00103997 0.000478292 2.74843e-05 -0.000380315 -0.000807271 -0.00128007 -0.00178263 -0.00239728 -0.0031397 -0.00399348 -0.00497354 -0.0060864 -0.00727484 -0.008556 -0.00990388 -0.0112623 -0.0126145 -0.0139203 -0.0151073 -0.0161498 -0.0170188 -0.0176699 -0.0181088 -0.018318 -0.0183136 -0.0181006 -0.0177195 -0.0171807 -0.0165296 -0.015778 -0.0149847 -0.0141413 -0.0133267 -0.0125457 -0.0118326 -0.0112141 -0.0107087 -0.0102679 -0.00992809 -0.00961929 -0.00929221 -0.00893183 -0.00846768 -0.00785675 -0.00709518 -0.00617493 -0.00509225 -0.00391592 -0.00267241 -0.00144529 -0.000275925 0.000738692 0.0015634 0.00215205 0.00249503 0.00259237 0.00249545 0.0022655 0.00192609 0.00155651 0.00119149 0.000857392 0.000573476 0.000377153 0.000240086 0.000163846 0.00010831 7.85148e-05 6.1382e-05 2.27604e-05 9.48347e-06 -2.74081e-05 -8.15873e-05 -0.000150551 -0.000223675 -0.000278485 -0.000346538 -0.000413928 -0.000469313 -0.000526347 -0.000568278 -0.000593709 -0.000611739 -0.000622584 -0.000642649 -0.000636201 -0.000618999 -0.000617511 -0.000616932 -0.000618574 -0.000596724 -0.000586517 -0.000594618 -0.000594047 -0.000592469 -0.000580382 -0.000584626 -0.000590775 -0.000580978 -0.000577642 -0.000572422 -0.000580448 
0 2.77223e-05 3.74287e-05 6.54601e-05 7.898e-05 0.000115642 0.000132734 0.000152652 0.000181478 0.000199539 0.000239201 0.00026572 0.000307465 0.000335625 0.000367733 0.000414985 0.000454514 0.000485463 0.000498789 0.00053669 0.000565104 0.000576298 0.0005555 0.000545068 0.000544581 0.000517485 0.00049099 0.000446953 0.000427583 0.000405144 0.000406839 0.00043963 0.000475751 0.000544334 0.000665576 0.00084635 0.00106867 0.00134951 0.00169845 0.00215717 0.00268874 0.00333788 0.00406542 0.00479284 0.00551398 0.00613278 0.00659892 0.00681734 0.00672908 0.00630384 0.00551902 0.00440274 0.00307626 0.0015888 6.53151e-05 -0.0013506 -0.00259362 -0.0035516 -0.00415685 -0.00436235 -0.0041706 -0.00358063 -0.00263583 -0.00138391 0.000106766 0.00180588 0.00364453 0.00558566 0.00759375 0.0096348 0.0116749 0.0136817 0.0156451 0.017523 0.0192803 0.0209061 0.0223531 0.0235653 0.0245596 0.0252714 0.0256744 0.0257825 0.0255612 0.0249913 0.0241318 0.0229735 0.0215571 0.0199394 0.0181527 0.0162476 0.0142967 0.0123345 0.0104346 0.00863614 0.00697059 0.00546727 0.00411705 0.00292449 0.00193352 0.00106107 0.000230663 -0.000529658 -0.0012447 -0.0020163 -0.00287627 -0.00385591 -0.00497904 -0.00626045 -0.00771805 -0.00934557 -0.0111073 -0.0129994 -0.0149513 -0.0169095 -0.0188449 -0.0206795 -0.0223469 -0.0238464 -0.0250829 -0.026023 -0.0266809 -0.0270187 -0.02703 -0.0267811 -0.0262535 -0.0254897 -0.0245545 -0.0234815 -0.0223145 -0.0211313 -0.0199679 -0.0188611 -0.0178542 -0.0169765 -0.0162227 -0.0155887 -0.0150679 -0.0145836 -0.0140932 -0.0135249 -0.0128091 -0.0118854 -0.0107326 -0.00933709 -0.00773895 -0.00595807 -0.00411205 -0.00226883 -0.00050602 0.00102611 0.00227457 0.00318493 0.00370334 0.00386305 0.00373638 0.00337451 0.00289151 0.00232646 0.00178705 0.00129338 0.000868177 0.000574068 0.000373702 0.000247776 0.000168436 0.000125099 8.24073e-05 4.67402e-05 1.45461e-06 -4.24312e-05 -0.000129533 -0.000243529 -0.000340185 -0.000441947 -0.000531104 -0.000632996 -0.00071233 -0.00078753 -0.000846395 -0.000881179 -0.000901933 -0.00092212 -0.000950094 -0.000939931 -0.000930377 -0.000918872 -0.000935342 -0.00093261 -0.00090382 -0.000898223 -0.00088873 -0.000902238 -0.000879 -0.000867571 -0.000873886 -0.000870595 -0.00087823 -0.00085468 -0.000866265 -0.000870842 
0 3.29553e-05 5.84164e-05 7.898e-05 0.000110865 0.000146263 0.000175577 0.00021062 0.000242261 0.000281949 0.000321346 0.000360676 0.00040915 0.000442354 0.000489366 0.000545045 0.000597926 0.000637914 0.000658378 0.000705344 0.000748675 0.000758029 0.000746054 0.000727641 0.00072279 0.000695917 0.000642732 0.000606193 0.000566789 0.000551058 0.000563463 0.000596588 0.000665368 0.000745511 0.000911681 0.00114736 0.00143945 0.00181447 0.00228751 0.00288868 0.00361014 0.00446888 0.00542 0.00640089 0.00732995 0.00816127 0.00877032 0.00905721 0.00895073 0.00838947 0.00735062 0.00589098 0.00413184 0.00216537 0.000178188 -0.00170289 -0.00331315 -0.00456186 -0.00534398 -0.00559499 -0.00531169 -0.00452168 -0.00322837 -0.00154003 0.000462986 0.00275373 0.00519758 0.00776211 0.0104033 0.0130655 0.0156969 0.0183065 0.0208105 0.0232053 0.0254364 0.0274861 0.0292832 0.0308167 0.03203 0.032883 0.0333464 0.0334289 0.0330881 0.0323674 0.0312914 0.0298487 0.0281051 0.0261186 0.023902 0.021546 0.0191329 0.0166777 0.0142845 0.0120061 0.00985832 0.00789528 0.00615436 0.00456446 0.00312097 0.00180873 0.000615839 -0.000527197 -0.00168863 -0.00290233 -0.00415277 -0.00554142 -0.00710301 -0.00883474 -0.0107669 -0.0129059 -0.0151764 -0.0175814 -0.0200619 -0.0225258 -0.0249365 -0.0272283 -0.0293073 -0.0311454 -0.0326964 -0.0338996 -0.0347542 -0.0352222 -0.0353062 -0.035016 -0.034395 -0.033471 -0.0323224 -0.0309911 -0.0295691 -0.028082 -0.0266374 -0.0252574 -0.0239919 -0.0228789 -0.0219337 -0.0210992 -0.0204055 -0.0197505 -0.0190544 -0.0182715 -0.0172892 -0.0160311 -0.0144784 -0.0126156 -0.0104525 -0.00808979 -0.00560545 -0.00313939 -0.000794299 0.00125822 0.0029314 0.00414263 0.00485917 0.00509305 0.00493592 0.00449421 0.0038451 0.00311804 0.00239567 0.00173138 0.00116807 0.000764266 0.00048492 0.000316343 0.000201994 0.000135303 8.80741e-05 2.061e-05 -2.05388e-05 -9.17228e-05 -0.000197749 -0.000329753 -0.000464139 -0.000575727 -0.00069973 -0.000822889 -0.000927559 -0.00103069 -0.00110932 -0.00116114 -0.00119803 -0.00122746 -0.00126419 -0.00125882 -0.00123665 -0.00123282 -0.00123756 -0.00123876 -0.00120725 -0.00119146 -0.00119782 -0.00119655 -0.00118575 -0.0011666 -0.00117122 -0.00118003 -0.00116999 -0.00116004 -0.00115485 -0.00116232 
0 4.81273e-05 7.78614e-05 0.000115642 0.000146263 0.000193787 0.000230156 0.000267995 0.000312257 0.000351482 0.00040226 0.000445477 0.000500007 0.000546143 0.000601782 0.000672807 0.000737514 0.000787114 0.000819436 0.000875072 0.000923037 0.000942858 0.000927239 0.000913424 0.000906106 0.000868832 0.000818006 0.000758706 0.000720796 0.000696964 0.000708281 0.000759969 0.000837257 0.000961142 0.00117089 0.00147173 0.00184797 0.00232036 0.00291025 0.00365978 0.00454983 0.00560914 0.0067873 0.00798881 0.00915518 0.0101722 0.0109278 0.0112849 0.0111466 0.0104509 0.00917445 0.00737462 0.00520791 0.00279727 0.000341081 -0.00195558 -0.00393905 -0.00545376 -0.00638243 -0.0066497 -0.00625157 -0.00520289 -0.00356165 -0.00142378 0.00110346 0.00394771 0.00699154 0.0101646 0.0134031 0.0166471 0.0198429 0.0229547 0.0259463 0.0287732 0.0313883 0.0337637 0.0358375 0.037555 0.0389058 0.0398316 0.0403098 0.040354 0.0399411 0.0390763 0.0378157 0.0361627 0.034171 0.0319019 0.0293951 0.0267181 0.0239536 0.0211457 0.0183828 0.0157152 0.0131758 0.0107982 0.00858642 0.00652931 0.0046509 0.00288544 0.00117414 -0.000481804 -0.00211449 -0.00380377 -0.00557468 -0.00747375 -0.00952631 -0.0117449 -0.0141489 -0.0167346 -0.0194551 -0.0222958 -0.025181 -0.0280389 -0.0308228 -0.0334509 -0.0358443 -0.037983 -0.0397798 -0.0411886 -0.0422059 -0.0427901 -0.0429301 -0.0426722 -0.0420173 -0.0410133 -0.0397398 -0.0382543 -0.0366313 -0.0349582 -0.0333039 -0.0317188 -0.0302576 -0.0289574 -0.02782 -0.0268264 -0.0259632 -0.0251338 -0.0242581 -0.0232411 -0.0219746 -0.0203681 -0.0183877 -0.0160194 -0.013308 -0.0103271 -0.00722372 -0.00413262 -0.00119859 0.00137627 0.00348011 0.00501992 0.00593607 0.00626352 0.00610668 0.00557171 0.00480294 0.00390861 0.00302178 0.0022002 0.00149577 0.000977228 0.000613394 0.000374681 0.000217316 0.000118958 3.9973e-05 -2.92316e-05 -9.27061e-05 -0.000163352 -0.000280827 -0.000430704 -0.00057325 -0.000715569 -0.000855998 -0.00100685 -0.0011382 -0.00126139 -0.0013604 -0.00142675 -0.00147453 -0.0015193 -0.00156454 -0.0015652 -0.00155204 -0.00154282 -0.00155534 -0.00155061 -0.0015186 -0.00150565 -0.0015014 -0.0015081 -0.00148505 -0.00146826 -0.00147099 -0.00147203 -0.00147203 -0.00144962 -0.00145281 -0.00145521 
0 5.20444e-05 9.07844e-05 0.000132734 0.000175577 0.000230156 0.000278261 0.000325323 0.000378634 0.000432207 0.000492122 0.000548808 0.000609979 0.00066623 0.000730061 0.000806769 0.000877461 0.000932018 0.000972884 0.00102898 0.00107902 0.00109654 0.00108335 0.00106736 0.00105623 0.00102181 0.000969213 0.00091628 0.000881321 0.000870641 0.00089754 0.000965478 0.00106908 0.00122595 0.00147731 0.001832 0.00228103 0.00284513 0.00355503 0.00444468 0.00551434 0.00677128 0.00816279 0.00959122 0.0109656 0.0121667 0.0130522 0.0134698 0.013304 0.0124785 0.0109716 0.00885865 0.00630023 0.0034674 0.000588267 -0.00210498 -0.00441204 -0.00615751 -0.00720271 -0.00746112 -0.00692158 -0.00561153 -0.00359757 -0.00100075 0.00205229 0.00545638 0.00907723 0.0128214 0.0166148 0.0203846 0.0240713 0.0276338 0.0310212 0.0341852 0.0370787 0.0396644 0.041888 0.0437104 0.0451099 0.0460459 0.046504 0.046492 0.0459974 0.0450383 0.0436541 0.0418583 0.0397064 0.0372615 0.0345695 0.0317041 0.0287387 0.0257142 0.0226979 0.0197332 0.0168454 0.0140711 0.0114246 0.00889189 0.0064818 0.0041701 0.00192393 -0.000284462 -0.00250195 -0.00477607 -0.00712278 -0.00958421 -0.0121814 -0.0149137 -0.0177886 -0.0207939 -0.023889 -0.0270571 -0.0302437 -0.0333831 -0.0364272 -0.0393013 -0.0419259 -0.0442602 -0.046236 -0.047804 -0.0489492 -0.0496399 -0.0498673 -0.0496594 -0.0490342 -0.0480351 -0.0467335 -0.0451933 -0.0434918 -0.0417118 -0.039935 -0.0382209 -0.0366268 -0.035195 -0.0339281 -0.0328025 -0.0317904 -0.0307953 -0.0297174 -0.0284547 -0.0268854 -0.0249119 -0.0224927 -0.0196177 -0.0163332 -0.0127423 -0.00900072 -0.00527741 -0.00175578 0.00135168 0.00389595 0.00576851 0.0069102 0.00735447 0.00721394 0.00662293 0.00573458 0.00469564 0.00364424 0.00266373 0.00182507 0.0011889 0.000739173 0.000437939 0.000237759 0.000106157 4.30238e-06 -8.48499e-05 -0.000162209 -0.000250986 -0.000381659 -0.000543106 -0.000705004 -0.000862926 -0.00102552 -0.00119375 -0.00134831 -0.0014911 -0.00160627 -0.00168849 -0.00175009 -0.00180879 -0.00186094 -0.00187236 -0.00186247 -0.00185637 -0.0018641 -0.0018564 -0.00182668 -0.00180996 -0.00180839 -0.00180999 -0.00179013 -0.00177283 -0.00177208 -0.00177447 -0.00177025 -0.00175284 -0.00175083 -0.00175203 
0 5.56942e-05 0.000107424 0.000152652 0.00021062 0.000267995 0.000325323 0.000380794 0.000440102 0.000509677 0.000578479 0.000652938 0.00072369 0.000793351 0.000868339 0.000949395 0.00102441 0.00108078 0.00112687 0.00117547 0.0012198 0.0012282 0.00121673 0.00119757 0.00118264 0.00115761 0.00110925 0.0010755 0.00105161 0.00106534 0.00111731 0.00120539 0.00134209 0.0015325 0.00182447 0.00222744 0.00274453 0.00339726 0.00422596 0.0052529 0.00650362 0.00795697 0.00955735 0.011212 0.0127855 0.0141623 0.015163 0.0156277 0.0154247 0.0144657 0.012737 0.0103337 0.00741433 0.00419847 0.000942918 -0.00210583 -0.00469332 -0.0066323 -0.00776013 -0.0079823 -0.00727712 -0.00569048 -0.0032948 -0.000239311 0.00333159 0.00728021 0.0114538 0.0157364 0.020039 0.0242744 0.0283729 0.0322956 0.035973 0.0393654 0.0424276 0.0451176 0.0473892 0.0492294 0.0505994 0.0514888 0.0518914 0.0518087 0.0512377 0.0502129 0.0487525 0.0468877 0.044673 0.0421662 0.0394117 0.0364795 0.0334252 0.0302846 0.0271036 0.0239185 0.0207436 0.0176082 0.0145405 0.0115324 0.00857588 0.00567807 0.00283354 -1.95393e-06 -0.00287041 -0.00578437 -0.00875566 -0.0118185 -0.0149789 -0.0182226 -0.0215468 -0.0249352 -0.0283538 -0.031781 -0.0351848 -0.0385077 -0.0417037 -0.0447164 -0.0474766 -0.0499224 -0.0520128 -0.0536939 -0.0549384 -0.0557289 -0.0560647 -0.0559458 -0.055413 -0.0544964 -0.0532546 -0.0517539 -0.0500768 -0.0482902 -0.0464918 -0.0447421 -0.0430979 -0.0416012 -0.0402589 -0.0390379 -0.0378996 -0.0367497 -0.0354679 -0.03395 -0.0320619 -0.0297048 -0.0268308 -0.0234389 -0.0195725 -0.015371 -0.0109856 -0.00662433 -0.00250631 0.00115008 0.00415563 0.00638192 0.00777493 0.00836081 0.00825663 0.00763085 0.0066362 0.00546842 0.00426148 0.00313013 0.00216384 0.00140987 0.000870375 0.000502745 0.000254472 8.41921e-05 -4.20969e-05 -0.000156247 -0.000248625 -0.000361972 -0.000506829 -0.000678594 -0.000861106 -0.00103032 -0.00121144 -0.00138794 -0.00155814 -0.00171267 -0.00183795 -0.00193318 -0.00200823 -0.00207986 -0.00213847 -0.0021661 -0.00216529 -0.00217095 -0.0021763 -0.00217032 -0.00214664 -0.00212429 -0.00212437 -0.00211436 -0.00209834 -0.00207709 -0.00206907 -0.00207156 -0.0020599 -0.00205411 -0.00204821 -0.00205364 
0 6.27135e-05 0.000117757 0.000181478 0.000242261 0.000312257 0.000378634 0.000440102 0.000512893 0.000584299 0.00066766 0.000751562 0.000829897 0.000914353 0.000995871 0.00108275 0.00116122 0.00121905 0.00127322 0.00131823 0.00135161 0.00136536 0.0013493 0.00133737 0.00131987 0.00129387 0.0012693 0.00123429 0.00123836 0.00126944 0.00134212 0.00146466 0.00161993 0.00186156 0.0021911 0.00264517 0.00323636 0.00398296 0.0049267 0.00610236 0.00752254 0.00916853 0.0109801 0.012834 0.0146204 0.01615 0.0172633 0.0177746 0.0175292 0.0164426 0.0145147 0.0118347 0.00858953 0.00503549 0.00142712 -0.00191248 -0.00475035 -0.00683688 -0.00800493 -0.00815807 -0.00727325 -0.00537994 -0.00261822 0.000884786 0.00495796 0.00940313 0.0140936 0.0188707 0.0236194 0.0282487 0.0326926 0.0368579 0.0407319 0.0442407 0.0473612 0.0500498 0.0522994 0.0540605 0.0553493 0.0561486 0.0564624 0.0562907 0.0556691 0.0545901 0.0530976 0.0512442 0.0490584 0.046582 0.0438818 0.040981 0.0379097 0.0347256 0.0314417 0.0280831 0.0246833 0.0212491 0.0177694 0.014292 0.0108287 0.00735595 0.00383946 0.000311508 -0.00322036 -0.0067853 -0.0104199 -0.0140876 -0.0177861 -0.0215176 -0.0252604 -0.0289865 -0.0326978 -0.0363463 -0.039896 -0.0433303 -0.0465985 -0.0496484 -0.0524491 -0.0549517 -0.0570904 -0.0588437 -0.0601739 -0.0610683 -0.0615135 -0.0615402 -0.0611438 -0.060376 -0.0592764 -0.0579184 -0.0563477 -0.0546809 -0.0529569 -0.0512648 -0.0496575 -0.0481686 -0.0467904 -0.0455307 -0.0442919 -0.0429993 -0.0415392 -0.0397556 -0.0375412 -0.0347914 -0.0314441 -0.027508 -0.0230649 -0.0182192 -0.0131937 -0.00818393 -0.00345539 0.000755918 0.00423583 0.00684248 0.0085014 0.0092579 0.00922787 0.00857508 0.00752001 0.00622725 0.00488327 0.00361161 0.00251198 0.00163628 0.000997203 0.000543663 0.000239217 2.44003e-05 -0.000142585 -0.000261853 -0.000386791 -0.000506149 -0.000660361 -0.000841595 -0.00102056 -0.00121074 -0.00138893 -0.00157255 -0.00175315 -0.00191198 -0.00205157 -0.00216108 -0.00225205 -0.00234006 -0.00240427 -0.00244607 -0.00246601 -0.0024751 -0.00249141 -0.00248379 -0.00246865 -0.0024513 -0.00243643 -0.00243272 -0.00240861 -0.00239404 -0.00238297 -0.0023734 -0.00237121 -0.00235514 -0.0023574 -0.00235595 
0 6.40517e-05 0.000138271 0.000199539 0.000281949 0.000351482 0.000432207 0.000509677 0.000584299 0.000674797 0.000759675 0.000856738 0.000939434 0.00102937 0.0011172 0.00120202 0.00127811 0.00133919 0.00140067 0.00144168 0.00148137 0.00148929 0.00149485 0.00148291 0.00146363 0.00145491 0.00142517 0.00142369 0.00142872 0.00148759 0.00158893 0.00172553 0.00192947 0.00220578 0.00258764 0.00309754 0.00376394 0.00460799 0.00568265 0.00699041 0.0085924 0.010421 0.0124146 0.0144826 0.0164326 0.0181259 0.0193372 0.0198906 0.0196207 0.018427 0.0163111 0.0133994 0.00985327 0.00598142 0.00208884 -0.00152941 -0.00454666 -0.00673374 -0.00790026 -0.0079507 -0.00684752 -0.00467154 -0.00152858 0.00239639 0.00692306 0.0118412 0.0169825 0.0221765 0.0273044 0.0322496 0.0369275 0.0412843 0.0452425 0.0487731 0.0518571 0.0544588 0.0565729 0.058227 0.0593737 0.0600472 0.0602566 0.0599981 0.0593009 0.0582237 0.056759 0.0549666 0.0528738 0.0505121 0.0479051 0.0450901 0.0420767 0.0388993 0.0355541 0.0320731 0.0284664 0.0247543 0.020958 0.0170761 0.0130647 0.00898705 0.00488373 0.000717765 -0.00352291 -0.00776775 -0.0120072 -0.016234 -0.0204461 -0.0246229 -0.0287494 -0.0327929 -0.036742 -0.0405527 -0.0442236 -0.0477153 -0.0509944 -0.0540421 -0.056836 -0.0593027 -0.0614589 -0.0632588 -0.0646564 -0.0656526 -0.0662511 -0.0664131 -0.0662075 -0.0656499 -0.0647699 -0.0636345 -0.0623064 -0.0608255 -0.0592833 -0.0577394 -0.05624 -0.0548256 -0.0535001 -0.0522325 -0.0509449 -0.0495546 -0.047912 -0.0458933 -0.0433541 -0.0402021 -0.0363732 -0.0318919 -0.0268209 -0.0213456 -0.0156409 -0.00997787 -0.00464343 0.000133655 0.00409421 0.00708294 0.00904634 0.0100056 0.0100743 0.009465 0.00834939 0.00698174 0.00550688 0.00409626 0.00287245 0.0018621 0.00110992 0.000568642 0.000191043 -8.00165e-05 -0.000272063 -0.000428006 -0.000551508 -0.000694274 -0.000843876 -0.00101091 -0.00120194 -0.00137615 -0.00156763 -0.00174429 -0.00193347 -0.00210532 -0.00225427 -0.00238712 -0.00249792 -0.00259835 -0.00266693 -0.00272343 -0.00274997 -0.00277641 -0.00278589 -0.00278885 -0.0027868 -0.00276662 -0.00276435 -0.00274393 -0.00273926 -0.00272292 -0.00270741 -0.00270401 -0.00268157 -0.00268227 -0.00266418 -0.0026617 
0 7.64445e-05 0.000157176 0.000239201 0.000321346 0.00040226 0.000492122 0.000578479 0.00066766 0.000759675 0.000855026 0.000956016 0.00104439 0.00114353 0.00123582 0.00131979 0.00139604 0.00145437 0.00151966 0.00155846 0.00158377 0.00160398 0.0016077 0.00161158 0.0015988 0.00159636 0.00160631 0.00161169 0.00165405 0.00173161 0.00185485 0.00202991 0.00225974 0.002597 0.00303099 0.00360375 0.00435389 0.00530327 0.00649156 0.007949 0.00970341 0.0117067 0.0138897 0.0161276 0.0182684 0.0200908 0.0213966 0.0219883 0.0216824 0.0203829 0.018115 0.0149844 0.0111941 0.00707206 0.00292076 -0.0008871 -0.00405726 -0.00629984 -0.007423 -0.00733652 -0.00601374 -0.00351381 -2.51193e-05 0.00429658 0.00924348 0.0145551 0.0200862 0.0256389 0.0310588 0.0362325 0.0410799 0.0454931 0.0494606 0.0529299 0.0559019 0.0583487 0.0603075 0.0617594 0.0627286 0.0632446 0.0633294 0.0629841 0.062278 0.0612067 0.0597933 0.0581055 0.0561396 0.0538996 0.0514369 0.0487348 0.0457816 0.0426316 0.0392667 0.0356981 0.0319517 0.0280136 0.0238672 0.0195772 0.0151459 0.0105744 0.00586125 0.00106974 -0.00374322 -0.00855393 -0.0133798 -0.0181414 -0.0228131 -0.0273903 -0.0318387 -0.0361311 -0.0402878 -0.0442433 -0.0479811 -0.05151 -0.054784 -0.0577878 -0.0605384 -0.062991 -0.0651234 -0.0669391 -0.0683911 -0.069486 -0.0702174 -0.0705891 -0.0706057 -0.0703094 -0.0697111 -0.0688757 -0.0678294 -0.0666584 -0.0653809 -0.0640769 -0.0627844 -0.0615248 -0.060295 -0.0591008 -0.0578119 -0.0563586 -0.0546034 -0.0523575 -0.0495131 -0.0459669 -0.0416479 -0.0365977 -0.0309266 -0.0247808 -0.0184202 -0.0120971 -0.00613482 -0.000789906 0.00367462 0.00708392 0.00936882 0.0105669 0.0107859 0.0102221 0.00911878 0.00767891 0.00611125 0.00458919 0.00323835 0.00210657 0.00123577 0.000589565 0.000133875 -0.00019769 -0.000439278 -0.000603081 -0.000759112 -0.000899741 -0.00104803 -0.00121372 -0.00138698 -0.00157744 -0.00175599 -0.00193767 -0.00213019 -0.00229916 -0.00245999 -0.00260185 -0.00272932 -0.00284098 -0.00291525 -0.00298634 -0.00303687 -0.00306977 -0.00309223 -0.00309846 -0.00310755 -0.00309798 -0.0030809 -0.00306836 -0.00305484 -0.00304569 -0.00302848 -0.00301228 -0.00300261 -0.00299064 -0.00298279 -0.00297252 
0 8.23895e-05 0.000178476 0.00026572 0.000360676 0.000445477 0.000548808 0.000652938 0.000751562 0.000856738 0.000956016 0.00106489 0.00115972 0.00126113 0.001354 0.00143388 0.00150183 0.00156031 0.00162441 0.00165593 0.00167931 0.00169208 0.00171137 0.00171872 0.00171377 0.00173678 0.00176735 0.00182105 0.00189172 0.00201148 0.00217707 0.00238502 0.00266816 0.00304954 0.00353543 0.00416254 0.0049831 0.00602679 0.00734046 0.00893349 0.0108589 0.0130388 0.0153964 0.0178228 0.0201131 0.0220682 0.0234511 0.024069 0.023735 0.0223507 0.0199413 0.0166426 0.0126481 0.00831572 0.00399178 3.24441e-05 -0.00321075 -0.0054571 -0.0065076 -0.00627584 -0.00472759 -0.00196121 0.00185921 0.00653547 0.0118457 0.0175191 0.0233702 0.0291866 0.0348122 0.0401162 0.0450121 0.0494283 0.0533164 0.0566584 0.0594617 0.0617101 0.0634417 0.0646958 0.0654644 0.0658124 0.0657722 0.0653529 0.0646106 0.0635838 0.0622543 0.0606732 0.0588288 0.0567208 0.0543646 0.0517622 0.0488964 0.0457975 0.0424259 0.0387906 0.0348977 0.0307504 0.0263539 0.0217367 0.0168773 0.0118506 0.00670868 0.00146113 -0.00386586 -0.00918436 -0.014469 -0.019658 -0.0247259 -0.0296437 -0.034377 -0.0388873 -0.0431874 -0.0472323 -0.0510341 -0.0545828 -0.0578515 -0.0608382 -0.063557 -0.0659562 -0.0680749 -0.0699062 -0.0714155 -0.0726204 -0.0735263 -0.0740945 -0.0743742 -0.0743775 -0.0741079 -0.0736208 -0.0729497 -0.0721253 -0.0711993 -0.0702222 -0.0692183 -0.0682077 -0.0671817 -0.0661121 -0.0648833 -0.0634131 -0.0615434 -0.059111 -0.0559798 -0.0520588 -0.0472768 -0.0416853 -0.0353935 -0.0286022 -0.0215528 -0.0145598 -0.00796219 -0.00202434 0.0029587 0.00680546 0.0094534 0.0109238 0.0113208 0.0108663 0.00977683 0.00831121 0.00666097 0.00503599 0.0035788 0.00232752 0.00134752 0.000609369 7.43377e-05 -0.000318663 -0.000597775 -0.000802636 -0.000974499 -0.00114101 -0.00129011 -0.00144431 -0.00161912 -0.00179197 -0.00197107 -0.0021412 -0.00232949 -0.00249984 -0.0026598 -0.00281702 -0.00295853 -0.00308011 -0.00316443 -0.00325185 -0.00331913 -0.00336694 -0.00338803 -0.00340349 -0.00342215 -0.00341481 -0.0034029 -0.00337968 -0.0033752 -0.00336435 -0.00334478 -0.0033322 -0.00331514 -0.00331518 -0.0032996 -0.0032909 
0 9.51305e-05 0.000205263 0.000307465 0.00040915 0.000500007 0.000609979 0.00072369 0.000829897 0.000939434 0.00104439 0.00115972 0.00126212 0.00136643 0.00146294 0.00154138 0.00160889 0.00166841 0.00173072 0.00175869 0.00177237 0.00178718 0.00181228 0.00183052 0.00183896 0.00188183 0.0019484 0.00203819 0.0021491 0.00230608 0.00251073 0.0027616 0.00309289 0.00352811 0.00407212 0.00476239 0.00566258 0.00681126 0.00824681 0.0099885 0.0120728 0.0144278 0.0169642 0.0195623 0.022011 0.0240845 0.0255389 0.0261754 0.0258066 0.0243398 0.0218173 0.0183781 0.0142406 0.00976868 0.00532924 0.00129385 -0.00197891 -0.00419615 -0.00515558 -0.00477321 -0.00302145 -1.52036e-06 0.00410052 0.00907813 0.0146884 0.0206441 0.0267362 0.0327441 0.0384882 0.043837 0.048704 0.0530228 0.0567613 0.05992 0.0625124 0.0645388 0.0660468 0.0670774 0.0676455 0.0678283 0.0676671 0.0671803 0.0664241 0.0654177 0.0641436 0.0626431 0.0608961 0.0588894 0.056636 0.0541191 0.0513117 0.0482336 0.0448504 0.0411575 0.0371559 0.0328357 0.0282068 0.0233201 0.0181833 0.0128453 0.00735116 0.0017434 -0.00392211 -0.00957963 -0.0152061 -0.0207275 -0.0260936 -0.0312678 -0.0362077 -0.0408842 -0.0453074 -0.0494364 -0.0532808 -0.0568467 -0.0601121 -0.0630841 -0.0657863 -0.068184 -0.0703098 -0.0721748 -0.0737593 -0.0750881 -0.076173 -0.0769822 -0.0775465 -0.0778734 -0.0779614 -0.0778554 -0.0775884 -0.0771864 -0.0766861 -0.0761229 -0.0755057 -0.07483 -0.0740792 -0.0732091 -0.0720995 -0.0706583 -0.0687293 -0.0661369 -0.062752 -0.0584816 -0.0532588 -0.0471441 -0.0402639 -0.032828 -0.0251059 -0.0174368 -0.0101779 -0.00362703 0.00191109 0.00623505 0.00927727 0.0110549 0.0116713 0.0113489 0.0103241 0.00885597 0.00716071 0.00546178 0.00390571 0.00254786 0.00145264 0.000611231 -1.33041e-05 -0.000475547 -0.000803754 -0.00104236 -0.00124155 -0.00142275 -0.00157389 -0.00172117 -0.00188327 -0.00204768 -0.00221166 -0.0023708 -0.0025448 -0.00270274 -0.00285724 -0.0030152 -0.00316567 -0.00329269 -0.00338961 -0.00349627 -0.0035884 -0.00365344 -0.00368391 -0.0037107 -0.00374113 -0.0037445 -0.00373332 -0.00371013 -0.00370331 -0.00369037 -0.00366705 -0.00364957 -0.00363488 -0.00363523 -0.00362292 -0.00361445 
0 0.000101394 0.00021684 0.000335625 0.000442354 0.000546143 0.00066623 0.000793351 0.000914353 0.00102937 0.00114353 0.00126113 0.00136643 0.00146714 0.00156026 0.00163179 0.00169663 0.00175522 0.00181457 0.00184623 0.00185671 0.00188838 0.00192516 0.00196431 0.00199397 0.0020534 0.00215947 0.00227663 0.00243077 0.00262167 0.00286325 0.00316227 0.00353885 0.00403101 0.00463542 0.0053966 0.00638522 0.00765126 0.00921734 0.0111224 0.0133662 0.0158946 0.018606 0.0213555 0.0239509 0.026124 0.027644 0.0283001 0.0279111 0.0263902 0.0237964 0.0202604 0.0160351 0.0114803 0.00697419 0.0029177 -0.000345096 -0.00250271 -0.00335937 -0.00282841 -0.000900798 0.00233675 0.0066663 0.0118836 0.0177214 0.0238769 0.0301188 0.0362232 0.041992 0.0473013 0.0520745 0.0562376 0.0597866 0.0627241 0.0650728 0.0668515 0.0681305 0.0689387 0.0693304 0.0693686 0.0690979 0.0685369 0.067748 0.0667246 0.0654697 0.0640063 0.0623142 0.0603654 0.0581759 0.0557082 0.0529317 0.049849 0.0464323 0.0426648 0.0385632 0.034123 0.029351 0.0242935 0.0189844 0.0134586 0.00775827 0.00194373 -0.00391717 -0.00977656 -0.0155946 -0.0212939 -0.0268253 -0.0321589 -0.0372389 -0.0420377 -0.0465529 -0.0507508 -0.0546304 -0.058218 -0.0614945 -0.0644749 -0.0671857 -0.0696222 -0.0717954 -0.0737396 -0.0754415 -0.0769256 -0.0781993 -0.0792627 -0.0801163 -0.0807844 -0.0812607 -0.0815783 -0.0817561 -0.0818298 -0.0818049 -0.0817156 -0.0815563 -0.0812973 -0.0809053 -0.0803183 -0.0794013 -0.078048 -0.0761121 -0.0734 -0.0698026 -0.0652174 -0.0595891 -0.0529776 -0.0455356 -0.0374644 -0.0290832 -0.0207404 -0.0128151 -0.00564522 0.000465831 0.00529779 0.00877185 0.0109037 0.0117957 0.0116524 0.0107445 0.00930528 0.00759553 0.00584019 0.0041903 0.00273204 0.00152036 0.000571894 -0.00014511 -0.000676982 -0.00105768 -0.00132505 -0.00155389 -0.00174038 -0.00189142 -0.00202987 -0.00216911 -0.00232541 -0.00246623 -0.00261644 -0.00277368 -0.00291893 -0.00307093 -0.00322718 -0.00338432 -0.00351163 -0.00361644 -0.00373264 -0.0038425 -0.00391733 -0.00395859 -0.0039955 -0.00403892 -0.00406175 -0.00405762 -0.00405101 -0.00404685 -0.00404094 -0.00401986 -0.00399542 -0.00398455 -0.00397216 -0.00395943 -0.00394073 
0 0.000108997 0.000238635 0.000367733 0.000489366 0.000601782 0.000730061 0.000868339 0.000995871 0.0011172 0.00123582 0.001354 0.00146294 0.00156026 0.00164541 0.00171506 0.00176954 0.00183095 0.00188295 0.00191247 0.0019383 0.00197397 0.00204523 0.0021024 0.00216105 0.00225713 0.00238436 0.00255595 0.00273824 0.00297024 0.00325281 0.00358925 0.00402596 0.00456981 0.00524439 0.00609037 0.00718021 0.00856646 0.010286 0.0123414 0.0147544 0.0174482 0.020312 0.0232185 0.025923 0.0281933 0.0297686 0.0304416 0.0300465 0.0285109 0.0258748 0.0223113 0.018056 0.0134686 0.00896693 0.00491107 0.0016955 -0.000388628 -0.00114351 -0.000477138 0.0016234 0.00502097 0.00954452 0.0149316 0.0209022 0.0271708 0.0334648 0.0395597 0.0452777 0.0504848 0.0550928 0.0590802 0.0624027 0.065096 0.0671876 0.0687236 0.0697504 0.0703629 0.0705813 0.0704796 0.0700979 0.0694661 0.0685939 0.0675276 0.0662481 0.0647612 0.0630589 0.0611301 0.0589341 0.0564561 0.05367 0.0505526 0.0470779 0.0432494 0.0390694 0.0345546 0.0297367 0.0246289 0.0192419 0.0136453 0.00790993 0.00205665 -0.00387052 -0.00978576 -0.0156275 -0.0213572 -0.0269309 -0.0323041 -0.0374411 -0.0423017 -0.0468587 -0.0510996 -0.055031 -0.058639 -0.0619437 -0.0649703 -0.067733 -0.0702309 -0.0725159 -0.0745787 -0.0764311 -0.0780944 -0.0795901 -0.080896 -0.0820668 -0.0830907 -0.0839778 -0.084744 -0.08542 -0.0859854 -0.0864888 -0.0869202 -0.0872632 -0.0874875 -0.0875386 -0.0873048 -0.0866756 -0.0855039 -0.0836167 -0.0808673 -0.0771005 -0.0722392 -0.0662446 -0.0591785 -0.051191 -0.0425422 -0.0335162 -0.0245271 -0.0159535 -0.00815114 -0.00145631 0.00391538 0.0078708 0.0104055 0.0116221 0.0117332 0.0109699 0.00962458 0.00793028 0.00614232 0.00442773 0.00287106 0.00155512 0.000501631 -0.00031105 -0.000913876 -0.00133836 -0.00165142 -0.0018875 -0.00208974 -0.00223607 -0.00235697 -0.00249325 -0.00261979 -0.00275973 -0.00289239 -0.00303161 -0.00317018 -0.00330504 -0.00346434 -0.00361576 -0.00374006 -0.0038497 -0.0039685 -0.00408821 -0.00417641 -0.00422623 -0.00427983 -0.00433619 -0.00437201 -0.00438633 -0.00438216 -0.00439115 -0.00438524 -0.00436594 -0.00434624 -0.00432412 -0.0043179 -0.0042948 -0.0042772 
0 0.00012488 0.000264297 0.000414985 0.000545045 0.000672807 0.000806769 0.000949395 0.00108275 0.00120202 0.00131979 0.00143388 0.00154138 0.00163179 0.00171506 0.00177584 0.00183842 0.00189608 0.00194483 0.00198627 0.00200906 0.00207883 0.00215638 0.00224704 0.00234145 0.00245791 0.00264393 0.00284121 0.00308418 0.00335467 0.00367645 0.00407362 0.00455873 0.00516841 0.00591806 0.00685334 0.0080496 0.00957261 0.011425 0.0136607 0.0162226 0.0190802 0.022111 0.0251378 0.0279719 0.0303164 0.0319482 0.0326461 0.0322613 0.030724 0.0281102 0.0245464 0.0203241 0.0157761 0.0112995 0.00730755 0.0041505 0.00214409 0.00148528 0.00227743 0.00448779 0.00803046 0.0126591 0.0181365 0.0241589 0.0304323 0.0366795 0.0427017 0.048288 0.0533318 0.0577592 0.0615071 0.0645908 0.0670343 0.0688679 0.0701571 0.0709833 0.0713746 0.0714264 0.0711753 0.0706638 0.0699149 0.0689726 0.0678084 0.0664539 0.0648969 0.0631352 0.0611247 0.0588746 0.0563319 0.0534742 0.0502755 0.0467564 0.0428901 0.038701 0.0341826 0.0293606 0.0242663 0.018971 0.0134661 0.0077891 0.00201077 -0.00378005 -0.00957662 -0.0153236 -0.0209733 -0.0264639 -0.0317717 -0.0368411 -0.0416734 -0.0462301 -0.0504948 -0.0544402 -0.0581024 -0.0614672 -0.0645644 -0.0674098 -0.0700456 -0.0724478 -0.0746646 -0.0767005 -0.0785731 -0.0802925 -0.0819073 -0.0833914 -0.0847883 -0.0861047 -0.0873414 -0.0885104 -0.0896334 -0.0906842 -0.0916738 -0.0925802 -0.0933334 -0.0938787 -0.0940916 -0.0938258 -0.0929107 -0.091186 -0.088446 -0.0845899 -0.0795088 -0.073197 -0.065719 -0.0572611 -0.0480485 -0.0384449 -0.0288303 -0.0196098 -0.0111918 -0.00388319 0.002059 0.00652712 0.0095131 0.0111166 0.0115068 0.010974 0.0097416 0.00811955 0.00634066 0.00457198 0.00295894 0.00154527 0.00039749 -0.00050143 -0.00117273 -0.00165561 -0.00199612 -0.00227048 -0.0024694 -0.0026206 -0.00273926 -0.00284311 -0.00297274 -0.00307949 -0.00320765 -0.00332273 -0.00343695 -0.00356901 -0.00370904 -0.00386337 -0.00398277 -0.00409849 -0.00422288 -0.00435043 -0.0044471 -0.00451221 -0.00457365 -0.00463556 -0.00468374 -0.00469588 -0.00470655 -0.00470905 -0.00471112 -0.00469871 -0.00467473 -0.00466678 -0.00464893 -0.00464126 -0.00462462 
0 0.00013978 0.000292756 0.000454514 0.000597926 0.000737514 0.000877461 0.00102441 0.00116122 0.00127811 0.00139604 0.00150183 0.00160889 0.00169663 0.00176954 0.00183842 0.00189395 0.00196214 0.00201153 0.00205834 0.00211124 0.00218594 0.00229855 0.00240567 0.00253307 0.00269145 0.00289895 0.00315525 0.00343522 0.00375793 0.00413349 0.00458672 0.00514456 0.00582222 0.0066511 0.00768636 0.00899703 0.0106446 0.0126649 0.0150572 0.0177981 0.0208234 0.0240053 0.027181 0.0301113 0.0325409 0.0342309 0.034961 0.0346043 0.0331165 0.0305339 0.0270356 0.0228778 0.0183922 0.0140019 0.0100794 0.00701397 0.00510153 0.00452783 0.00540109 0.00769315 0.0112599 0.0159205 0.0213867 0.0273556 0.0335588 0.0396997 0.0455622 0.0509747 0.055814 0.0599951 0.0635073 0.0663373 0.068523 0.0701096 0.0711792 0.0717738 0.0719835 0.0718628 0.0714458 0.0707767 0.0698994 0.0688018 0.0675219 0.066064 0.0643874 0.0624926 0.0603692 0.0579689 0.0552895 0.0523394 0.0490841 0.0455194 0.0416447 0.0374687 0.0330119 0.0283074 0.0233525 0.0181814 0.0128504 0.00742283 0.00190822 -0.00366526 -0.00924311 -0.0147539 -0.0201772 -0.0254734 -0.0306077 -0.0355506 -0.0402716 -0.0447338 -0.0489583 -0.0529346 -0.0566371 -0.0600887 -0.0633019 -0.0662648 -0.0690175 -0.0715909 -0.0739823 -0.076231 -0.0783481 -0.0803454 -0.0822474 -0.0840858 -0.085864 -0.0876139 -0.0893326 -0.0910355 -0.0927037 -0.0943501 -0.0959414 -0.097442 -0.0987918 -0.0998965 -0.100599 -0.100767 -0.100189 -0.0986692 -0.0960555 -0.0921803 -0.0869666 -0.0804228 -0.0726087 -0.063713 -0.0540174 -0.0438482 -0.0336438 -0.023811 -0.0147628 -0.00685143 -0.000313258 0.00470853 0.00818784 0.0102207 0.0109717 0.0106855 0.00964607 0.0081264 0.00638661 0.00461724 0.00295208 0.00147844 0.000246962 -0.000732548 -0.00147085 -0.0020083 -0.002405 -0.00269827 -0.00291908 -0.00307169 -0.003173 -0.00326851 -0.0033565 -0.00345613 -0.0035552 -0.00364364 -0.00374546 -0.0038504 -0.00398837 -0.0041254 -0.00424363 -0.00436298 -0.00448338 -0.00461567 -0.00471817 -0.00479535 -0.00486766 -0.00493385 -0.0049877 -0.00501153 -0.00502324 -0.00503512 -0.00504003 -0.00503524 -0.00502194 -0.00500867 -0.00500059 -0.00498989 -0.00498122 
0 0.000155009 0.000316776 0.000485463 0.000637914 0.000787114 0.000932018 0.00108078 0.00121905 0.00133919 0.00145437 0.00156031 0.00166841 0.00175522 0.00183095 0.00189608 0.00196214 0.00203375 0.00209018 0.00215414 0.00221878 0.0023228 0.00244617 0.0025844 0.00275108 0.0029411 0.00319609 0.00348535 0.00381757 0.00418409 0.00460557 0.00512334 0.00574776 0.00650301 0.00742916 0.00858166 0.0100294 0.0118369 0.0140204 0.0166031 0.0195105 0.0227001 0.0260401 0.0293378 0.0323797 0.0348897 0.036646 0.0374267 0.0371212 0.0356893 0.0331897 0.0297713 0.0257197 0.0213489 0.0170593 0.0132473 0.0102794 0.00844609 0.00793272 0.00885011 0.011135 0.0146756 0.0192579 0.0246137 0.0304417 0.0364807 0.0424357 0.0481088 0.0533026 0.0579076 0.0618432 0.0650786 0.0676411 0.0695723 0.0709166 0.0717659 0.0721717 0.0721746 0.0718657 0.0712627 0.0704133 0.0693605 0.0681137 0.0666616 0.0650308 0.0631763 0.0611069 0.0587976 0.0562452 0.0534316 0.0503655 0.0470195 0.043435 0.0395941 0.0355065 0.0311689 0.0266188 0.0218703 0.0169866 0.0119624 0.00683428 0.00163875 -0.00356447 -0.00877729 -0.0139504 -0.0190688 -0.024075 -0.0289432 -0.0336402 -0.0381802 -0.0425219 -0.0466763 -0.0506156 -0.0543485 -0.0578675 -0.0611829 -0.064279 -0.0672074 -0.0699488 -0.0725389 -0.0750156 -0.07739 -0.0796717 -0.0819186 -0.0841079 -0.0862759 -0.0884608 -0.0906559 -0.0928813 -0.0951445 -0.0974088 -0.0996417 -0.101794 -0.103766 -0.105464 -0.106716 -0.107369 -0.107195 -0.105994 -0.103574 -0.099788 -0.0945328 -0.0878391 -0.079771 -0.0705328 -0.0604036 -0.0497527 -0.0390004 -0.0285779 -0.0189322 -0.0104004 -0.00325471 0.00234619 0.00636355 0.00888247 0.0100359 0.0100853 0.00928126 0.00793242 0.00628363 0.00453244 0.00285595 0.00132199 1.63992e-05 -0.00103817 -0.00184215 -0.00243552 -0.00286922 -0.00319202 -0.00341609 -0.00357479 -0.00367266 -0.00374276 -0.00382068 -0.00389099 -0.00397268 -0.00403115 -0.00410196 -0.00418834 -0.0042921 -0.00441066 -0.00451371 -0.00462736 -0.00474329 -0.00487023 -0.00498058 -0.00507195 -0.00515638 -0.00523181 -0.0052986 -0.00533535 -0.0053618 -0.00537899 -0.00539331 -0.0053977 -0.00538763 -0.00537849 -0.00536364 -0.00535463 -0.0053428 
