0 0 0 0 0 0 0 0 0 0 0 0 0 0 0 0 0 0 0 0 0 0 0 0 0 0 0 0 0 0 0 0 0 0 0 0 0 0 0 0 0 0 0 0 0 0 0 0 0 0 0 0 0 0 0 0 0 0 0 0 0 0 0 0 0 0 0 0 0 0 0 0 0 0 0 0 0 0 0 0 0 0 0 0 0 0 0 0 0 0 0 0 0 0 0 0 0 0 0 0 0 0 0 0 0 0 0 0 0 0 0 0 0 0 0 0 0 0 0 0 0 0 0 0 0 0 0 0 0 0 0 0 0 0 0 0 0 0 0 0 0 0 0 0 0 0 0 0 0 0 0 0 0 0 0 0 0 0 0 0 0 0 0 0 0 0 0 0 0 0 0 0 0 0 0 0 0 0 0 0 0 0 0 0 0 0 0 0 0 0 0 0 0 0 0 0 0 0 0 0 
0 3.30226e-05 6.28394e-05 8.94839e-05 0.000124293 0.000172286 0.000221247 0.000273091 0.000326161 0.000390305 0.000472368 0.000562311 0.000674682 0.00080828 0.000971678 0.0011707 0.0013943 0.00165592 0.00193327 0.00220232 0.00244306 0.0026207 0.00273145 0.00273856 0.00261372 0.00236556 0.00199011 0.00152868 0.00100358 0.000453549 -5.44242e-05 -0.00050193 -0.00084741 -0.00107448 -0.00116263 -0.00110489 -0.000921535 -0.000624571 -0.000230488 0.000238833 0.000741921 0.00127556 0.00181539 0.00235194 0.00286903 0.00336202 0.00383335 0.00427236 0.00466922 0.00502148 0.00533961 0.00558136 0.00576939 0.00588845 0.0059291 0.00589073 0.00576901 0.00555825 0.00526244 0.0048693 0.00438217 0.00382467 0.0031646 0.00243782 0.00164647 0.000793807 -0.000114293 -0.00103538 -0.00197902 -0.00291382 -0.00382013 -0.00467657 -0.00548315 -0.00621362 -0.00684679 -0.00739218 -0.00783405 -0.0081605 -0.00838622 -0.00852323 -0.00853698 -0.00846409 -0.00830468 -0.00805943 -0.00773551 -0.00737261 -0.00694156 -0.00647118 -0.00597444 -0.00547931 -0.00496882 -0.00446733 -0.00397087 -0.00350921 -0.00306209 -0.00264189 -0.00223627 -0.00186397 -0.00150248 -0.00116375 -0.000827535 -0.000506756 -0.000182553 0.000131409 0.000461026 0.000796125 0.00115126 0.00151076 0.00190253 0.00231721 0.00276825 0.0032253 0.00371076 0.00422077 0.00475219 0.00526403 0.0057861 0.00628962 0.00676314 0.00719931 0.00760401 0.00792995 0.00819659 0.00839249 0.00850371 0.00852191 0.00845331 0.00827688 0.00799363 0.00761192 0.00713018 0.00655054 0.00587791 0.00514012 0.00432145 0.00345578 0.00256247 0.00165039 0.000720545 -0.000175332 -0.00106358 -0.00191737 -0.00271883 -0.00346726 -0.00415794 -0.00477777 -0.0053302 -0.0058102 -0.00621829 -0.00656829 -0.00683659 -0.00705737 -0.00722734 -0.00735441 -0.00744536 -0.00752633 -0.00759328 -0.007651 -0.007711 -0.0077681 -0.00782249 -0.00784996 -0.00784642 -0.00779163 -0.0076633 -0.00742768 -0.00709154 -0.00664014 -0.00607122 -0.00540975 -0.0046661 -0.00389739 -0.00311925 -0.00237432 -0.00172042 -0.00117722 -0.000776516 -0.000513623 -0.000382212 -0.000375573 -0.000448589 -0.000577503 -0.000740275 -0.000909203 -0.00107031 -0.00118852 -0.00126144 -0.00130017 -0.00130338 -0.0012827 -0.00122931 -0.00115333 -0.00107028 -0.000978217 -0.000888041 -0.000794328 -0.000701369 -0.000619784 -0.000543369 -0.000484397 
0 6.28394e-05 0.000109061 0.000165273 0.000225985 0.000324957 0.000427062 0.00053356 0.000652977 0.000787491 0.000961278 0.00115013 0.00138004 0.00164943 0.00198096 0.00237129 0.00282025 0.00333758 0.00387831 0.00442175 0.00487933 0.00523978 0.00544988 0.00545033 0.00521859 0.00470523 0.00398345 0.00306884 0.00203299 0.000966407 -4.82592e-05 -0.000921392 -0.0016081 -0.00206057 -0.00223635 -0.00211652 -0.00176121 -0.0011551 -0.000371141 0.000556649 0.00157793 0.00261668 0.00370101 0.00475804 0.00577305 0.00674558 0.00766514 0.00850248 0.00926532 0.00992878 0.0105041 0.0109705 0.0112954 0.0115128 0.0115768 0.0114799 0.0112146 0.0107969 0.0101887 0.00940724 0.00846266 0.0073496 0.0060624 0.0046387 0.00308583 0.00141377 -0.000323833 -0.00212327 -0.00393806 -0.00574254 -0.00750453 -0.00918469 -0.0107352 -0.012164 -0.0134105 -0.0144754 -0.0153584 -0.0160331 -0.0164872 -0.0167497 -0.0168074 -0.0166796 -0.016383 -0.0159221 -0.015319 -0.0145906 -0.0137601 -0.0128695 -0.0119281 -0.0109295 -0.00992821 -0.00895187 -0.00799402 -0.00705416 -0.00616129 -0.00531518 -0.00451632 -0.00375123 -0.00302469 -0.00232635 -0.00165682 -0.000999497 -0.000350406 0.000307462 0.000970238 0.00164862 0.00235266 0.00310922 0.00390158 0.0047233 0.00559561 0.00653528 0.00750503 0.00849657 0.00950747 0.0105277 0.0115401 0.0125151 0.0134291 0.0142788 0.0150297 0.0156579 0.0161801 0.0165442 0.0167268 0.0167468 0.0165845 0.0162043 0.0156502 0.0148907 0.0139283 0.0127839 0.0114812 0.0100221 0.00845243 0.00677872 0.00504545 0.00326841 0.00147676 -0.000289041 -0.00200819 -0.00366344 -0.00523555 -0.00669057 -0.0080398 -0.00926507 -0.0103521 -0.011284 -0.0121102 -0.0127836 -0.013333 -0.0137894 -0.0141469 -0.0144302 -0.0146537 -0.0148372 -0.0150049 -0.0151578 -0.0152857 -0.0154467 -0.0155646 -0.015646 -0.0156626 -0.0155613 -0.0153179 -0.0148612 -0.0141938 -0.0133033 -0.0121892 -0.0108664 -0.00941789 -0.00788118 -0.00634102 -0.00486819 -0.00354344 -0.00247167 -0.00164659 -0.00111464 -0.000843411 -0.000809879 -0.000953393 -0.00119769 -0.00151567 -0.00184694 -0.00216119 -0.00238999 -0.00253988 -0.00261096 -0.00262451 -0.00258882 -0.00248136 -0.00234912 -0.00217619 -0.00200611 -0.00182642 -0.00163352 -0.00146098 -0.0012802 -0.00113981 -0.00101284 
0 8.94839e-05 0.000165273 0.00024108 0.00034214 0.000483602 0.000636574 0.000801606 0.000979755 0.0011925 0.00145845 0.00175368 0.00210927 0.00252627 0.00302482 0.00361935 0.00428687 0.00505337 0.00586202 0.0066464 0.00734112 0.00785797 0.00816886 0.00817708 0.00781066 0.00707905 0.00599181 0.00465061 0.00313036 0.00154736 7.30049e-05 -0.00121784 -0.00221886 -0.0028737 -0.00312401 -0.00295099 -0.00240468 -0.00152003 -0.000350017 0.00103772 0.00253364 0.00410407 0.0056885 0.00724486 0.008728 0.0101222 0.011427 0.0126167 0.0136692 0.0145812 0.0153754 0.015966 0.0163949 0.0166377 0.0166683 0.0164819 0.0160677 0.015413 0.0145195 0.0133622 0.0119526 0.0103389 0.0084623 0.00640374 0.00417782 0.0017973 -0.000713373 -0.00326243 -0.0058577 -0.0084312 -0.0109342 -0.0133144 -0.0155638 -0.017623 -0.0194347 -0.0210106 -0.0223123 -0.0233042 -0.0240117 -0.0244588 -0.0245741 -0.0244332 -0.0240447 -0.0234135 -0.0225634 -0.0215808 -0.020416 -0.0191334 -0.0177667 -0.0163756 -0.0149361 -0.0135014 -0.0120697 -0.0107043 -0.00937309 -0.00810309 -0.00687374 -0.00572239 -0.00460732 -0.00354892 -0.0025056 -0.00149888 -0.000488714 0.000504568 0.00153411 0.00258398 0.00368419 0.00480712 0.00600593 0.00726109 0.00859594 0.00994938 0.0113599 0.0128172 0.0143087 0.01575 0.0171951 0.0185806 0.0198755 0.0210619 0.0221395 0.0230052 0.0236934 0.0241717 0.0244031 0.0243724 0.0240889 0.0235078 0.0226396 0.0215049 0.0201044 0.0184506 0.0165623 0.0144979 0.0122347 0.00984574 0.0073787 0.00485485 0.00228654 -0.000213595 -0.00268862 -0.00507729 -0.00733177 -0.00944218 -0.0113951 -0.0131599 -0.0147397 -0.0161248 -0.0173249 -0.0183644 -0.0192033 -0.0199179 -0.0205059 -0.0209853 -0.0213768 -0.0217361 -0.0220586 -0.0223529 -0.0226409 -0.0229161 -0.023164 -0.0233275 -0.0233855 -0.0232799 -0.0229454 -0.0222967 -0.0213381 -0.020037 -0.0183903 -0.0164585 -0.0142913 -0.0120272 -0.00973238 -0.00752786 -0.0055699 -0.00393516 -0.00270443 -0.00188061 -0.00144749 -0.00137855 -0.001557 -0.00190768 -0.00236304 -0.00284525 -0.00330407 -0.0036478 -0.00386755 -0.00398573 -0.00400676 -0.00395382 -0.00380836 -0.00359856 -0.00335826 -0.00309394 -0.00282764 -0.00255243 -0.00228175 -0.00203726 -0.00181585 -0.00163613 
0 0.000124293 0.000225985 0.00034214 0.000477408 0.000668931 0.000877846 0.0010994 0.00134676 0.00163354 0.00198877 0.00238778 0.00286178 0.00341727 0.00408666 0.00487179 0.00577072 0.00679011 0.00785936 0.0089157 0.00982446 0.0105268 0.0109328 0.0109344 0.0104721 0.00949307 0.00809007 0.00633049 0.0043432 0.00229508 0.000356331 -0.00131839 -0.00262581 -0.00347612 -0.0037941 -0.00355267 -0.00283216 -0.00164641 -0.000105134 0.00170782 0.00368455 0.00570955 0.00777367 0.00977351 0.0116667 0.0134388 0.0150737 0.0165303 0.0178086 0.0188865 0.0197782 0.0204499 0.0208758 0.0210878 0.0210345 0.0207031 0.0200825 0.0191875 0.0179758 0.0164604 0.014659 0.0125764 0.0102038 0.00760224 0.00479415 0.00180168 -0.0013036 -0.00449154 -0.00770533 -0.0109002 -0.0140235 -0.017017 -0.01982 -0.0224191 -0.0247305 -0.0267459 -0.0284461 -0.0297873 -0.0307521 -0.0313684 -0.0316107 -0.0315131 -0.0310992 -0.030381 -0.029394 -0.0281782 -0.0267611 -0.0252043 -0.0235318 -0.0217526 -0.0199275 -0.0181018 -0.0162782 -0.0144702 -0.0127114 -0.0110135 -0.00937988 -0.00780386 -0.00628763 -0.0048223 -0.00340056 -0.00200413 -0.000618205 0.000778134 0.00219075 0.00363345 0.00512401 0.00668555 0.00830466 0.00997094 0.0117053 0.0135109 0.0153483 0.0172021 0.0190617 0.0208999 0.0226994 0.0244127 0.0260018 0.0274512 0.0287153 0.0297445 0.0305503 0.0310658 0.0312547 0.0311315 0.0306785 0.0298548 0.0287129 0.0272316 0.0254211 0.0233131 0.0209457 0.018337 0.015538 0.0125744 0.00950807 0.00636522 0.00318869 4.94679e-05 -0.00302641 -0.00600288 -0.00883888 -0.0114895 -0.01396 -0.0162198 -0.0182512 -0.0200386 -0.0216359 -0.0230024 -0.0241673 -0.0251806 -0.026044 -0.0267874 -0.0274352 -0.0280238 -0.0285783 -0.0291004 -0.0295856 -0.0300859 -0.0305091 -0.030834 -0.0310068 -0.0309385 -0.0305611 -0.0297637 -0.0285341 -0.026849 -0.0247109 -0.0221658 -0.0193418 -0.0163439 -0.0133183 -0.0104127 -0.00779496 -0.00563312 -0.00396604 -0.00285419 -0.00225925 -0.00213028 -0.00235051 -0.00278915 -0.00337153 -0.00399096 -0.00457309 -0.00501021 -0.00529496 -0.00543661 -0.00546395 -0.00539082 -0.00519698 -0.004938 -0.00461622 -0.0042833 -0.00393538 -0.00357517 -0.00323965 -0.00291016 -0.00263747 -0.00239725 
0 0.000172286 0.000324957 0.000483602 0.000668931 0.000906586 0.00116844 0.00144476 0.00174955 0.0021063 0.00254105 0.00303997 0.00363093 0.00433161 0.00516937 0.00616053 0.00729263 0.00856837 0.00991262 0.011223 0.0123749 0.0132524 0.0137643 0.0137802 0.0132071 0.0120266 0.0102973 0.00814344 0.00571284 0.00320319 0.000841355 -0.00120331 -0.00278645 -0.00380146 -0.00416545 -0.00385866 -0.00294683 -0.00149382 0.000399033 0.00261272 0.00500226 0.00746591 0.00993061 0.0123102 0.0145423 0.0166 0.018468 0.0201149 0.0215201 0.02268 0.0236048 0.0242425 0.0246035 0.0246888 0.0244701 0.0239384 0.0230878 0.0219159 0.0204111 0.0185643 0.016395 0.0139312 0.0111536 0.00812747 0.00488498 0.00144926 -0.00212973 -0.00577951 -0.00946724 -0.0131321 -0.0167129 -0.0201497 -0.0234071 -0.0264315 -0.0291519 -0.0315545 -0.0336001 -0.0352414 -0.0364805 -0.0373269 -0.0377354 -0.03775 -0.0373921 -0.0366728 -0.0356292 -0.0343266 -0.0327645 -0.0310006 -0.0290797 -0.0270474 -0.0249223 -0.0227509 -0.0205514 -0.018369 -0.0162102 -0.0140974 -0.0120318 -0.0100334 -0.00808897 -0.00620159 -0.00434794 -0.00252774 -0.000714618 0.00109782 0.00294053 0.00481642 0.00674361 0.00871716 0.0107567 0.0128503 0.0150023 0.0171779 0.0193778 0.0215883 0.0237836 0.0259068 0.0279655 0.0299052 0.0316833 0.0332766 0.0346519 0.0357323 0.0365238 0.0369865 0.0370808 0.0368035 0.0361524 0.0350968 0.0336627 0.0318679 0.0297232 0.0272549 0.0244989 0.0214983 0.0182705 0.0148752 0.0113706 0.0077857 0.00415962 0.000580749 -0.0029469 -0.00637231 -0.00964082 -0.0127255 -0.0156123 -0.0182717 -0.0206933 -0.0228707 -0.0248262 -0.0265609 -0.0280703 -0.0294141 -0.0306044 -0.0316617 -0.0326188 -0.033523 -0.0343859 -0.0352122 -0.0360124 -0.0367892 -0.037488 -0.0380432 -0.0383924 -0.0384396 -0.0380771 -0.0371936 -0.0357568 -0.0337361 -0.0311374 -0.0280363 -0.0245563 -0.0208669 -0.017127 -0.0135301 -0.0102975 -0.00759307 -0.00551774 -0.00410768 -0.00333746 -0.00314122 -0.00336847 -0.00388252 -0.00456786 -0.00530567 -0.00599421 -0.00651873 -0.00685655 -0.00702492 -0.00704842 -0.00694546 -0.00671046 -0.00638349 -0.00599801 -0.0055868 -0.00516444 -0.00473853 -0.00433117 -0.00395316 -0.00362377 -0.00334423 
0 0.000221247 0.000427062 0.000636574 0.000877846 0.00116844 0.00148919 0.00182673 0.00219838 0.00263115 0.00314752 0.00374994 0.00445958 0.00530648 0.00631835 0.0075153 0.00888936 0.0104239 0.0120405 0.0136112 0.0149981 0.0160582 0.016673 0.0167016 0.0160361 0.0146624 0.0126408 0.0101194 0.00727769 0.00434767 0.00158631 -0.00080065 -0.00264161 -0.00380898 -0.00421358 -0.00384163 -0.00275401 -0.00104663 0.00116434 0.00372901 0.00648356 0.00930881 0.0121022 0.0147767 0.0172595 0.0195162 0.0215255 0.02326 0.0246967 0.025838 0.0266863 0.0272086 0.0274142 0.0273015 0.0268573 0.0260723 0.0249488 0.0234866 0.0216854 0.0195416 0.0170763 0.0143116 0.0112452 0.00792513 0.00438801 0.000662822 -0.00320517 -0.00714806 -0.0111291 -0.0150911 -0.0189726 -0.0227133 -0.0262732 -0.029593 -0.0326153 -0.0353126 -0.0376453 -0.0395684 -0.0410724 -0.0421518 -0.0427784 -0.0429761 -0.0427618 -0.0421467 -0.0411622 -0.0398609 -0.0382616 -0.036413 -0.0343587 -0.0321423 -0.0297925 -0.0273551 -0.0248562 -0.0223338 -0.0198048 -0.0172957 -0.0148155 -0.0123812 -0.00998886 -0.00764241 -0.00532692 -0.00303891 -0.000757539 0.00152512 0.00383038 0.00616338 0.00853876 0.0109518 0.013409 0.0159001 0.0184223 0.0209469 0.0234639 0.0259523 0.0283834 0.0307133 0.0329302 0.0349846 0.0368337 0.038448 0.0397931 0.0408129 0.0414965 0.0418139 0.0417338 0.041253 0.0403724 0.0390805 0.0373938 0.0353364 0.0329218 0.0301787 0.0271458 0.0238667 0.0203652 0.0166998 0.0129213 0.00906446 0.00517341 0.0013193 -0.00247894 -0.00617848 -0.00972998 -0.0131098 -0.0162998 -0.0192758 -0.0220218 -0.0245371 -0.0268302 -0.0289093 -0.0307751 -0.0324739 -0.0340275 -0.035454 -0.0367883 -0.038073 -0.0393209 -0.0405357 -0.0417282 -0.0428791 -0.0439363 -0.0448139 -0.0454273 -0.0456639 -0.0453891 -0.0444881 -0.0429038 -0.0406066 -0.0376096 -0.0340029 -0.0299304 -0.0255911 -0.0211814 -0.0169351 -0.0131057 -0.00988353 -0.00739862 -0.00568983 -0.00473621 -0.00444952 -0.00466742 -0.00523202 -0.00599751 -0.00683021 -0.00760016 -0.00819447 -0.00857512 -0.00875918 -0.00877458 -0.00863915 -0.00836437 -0.0079827 -0.00753934 -0.0070658 -0.00658128 -0.00609969 -0.0056368 -0.00521126 -0.00483338 -0.00451195 
0 0.000273091 0.00053356 0.000801606 0.0010994 0.00144476 0.00182673 0.00223257 0.00268371 0.00320347 0.00381328 0.00453341 0.00537727 0.00638384 0.00758675 0.00899545 0.0106207 0.0124134 0.0142907 0.0161196 0.0177219 0.0189638 0.0196731 0.019709 0.0189708 0.0174116 0.0151362 0.0122776 0.00906194 0.00575913 0.00262749 -6.82772e-05 -0.00214765 -0.00345827 -0.0039092 -0.00348786 -0.00226439 -0.000339329 0.00213342 0.00498083 0.00804243 0.0111436 0.0141911 0.0170699 0.0197071 0.0220651 0.0241141 0.0258255 0.0271958 0.0282216 0.02889 0.029224 0.0291909 0.0288199 0.0281033 0.0270335 0.0256194 0.0238803 0.0218007 0.0194054 0.0167184 0.0137317 0.0104907 0.0070082 0.00332158 -0.000540232 -0.00451675 -0.00859067 -0.0126883 -0.016774 -0.0207899 -0.0246877 -0.0283977 -0.0318878 -0.0351058 -0.0380014 -0.0405488 -0.0427155 -0.0444648 -0.0457762 -0.0466631 -0.0470998 -0.0471034 -0.0466852 -0.0458757 -0.0446762 -0.0431522 -0.0413315 -0.039258 -0.0369425 -0.0344589 -0.0318349 -0.0291131 -0.0262972 -0.0234454 -0.0205668 -0.0176945 -0.0148187 -0.01197 -0.009134 -0.00632904 -0.00352926 -0.000745038 0.00205335 0.00484893 0.00766365 0.0104891 0.0133501 0.016209 0.0190692 0.0219105 0.0247436 0.0275124 0.0301993 0.0327689 0.0352179 0.0374775 0.0395261 0.0413233 0.0428419 0.0440265 0.0448788 0.0453618 0.0454508 0.045134 0.0444207 0.0432971 0.0417735 0.0398756 0.037608 0.0349965 0.0320742 0.0288853 0.0254449 0.0218226 0.0180411 0.0141515 0.0101916 0.00621896 0.00224975 -0.00164811 -0.00546207 -0.00915901 -0.0126994 -0.0160755 -0.0192714 -0.0222601 -0.0250434 -0.0276404 -0.0300256 -0.0322455 -0.034307 -0.0362423 -0.038076 -0.0398406 -0.0415601 -0.0432631 -0.0449467 -0.0465998 -0.0482152 -0.0497001 -0.0509809 -0.0519368 -0.0524326 -0.0523237 -0.0514849 -0.0498311 -0.0473383 -0.0440294 -0.0399899 -0.0354131 -0.0304859 -0.0254717 -0.0206358 -0.0162401 -0.0125367 -0.00964368 -0.00763627 -0.00648568 -0.00607801 -0.00626326 -0.00684635 -0.00766683 -0.00857116 -0.0094038 -0.010058 -0.0104817 -0.0106798 -0.0106907 -0.0105261 -0.0102131 -0.00979062 -0.00929093 -0.00876702 -0.00822755 -0.0076946 -0.00719092 -0.00671654 -0.00630239 -0.00593935 
0 0.000326161 0.000652977 0.000979755 0.00134676 0.00174955 0.00219838 0.00268371 0.00322007 0.00383586 0.00455137 0.0054007 0.00639523 0.00758598 0.00898764 0.0106357 0.0125141 0.0145685 0.0167161 0.018774 0.0206098 0.0220071 0.0228103 0.0228654 0.0220345 0.020339 0.01781 0.0146546 0.0111061 0.00744763 0.00399279 0.000998123 -0.00130888 -0.00276471 -0.00328029 -0.00286053 -0.00153416 0.00052477 0.0031908 0.00625435 0.00951412 0.0128391 0.016037 0.019036 0.0217417 0.0241028 0.0260869 0.0276951 0.0288964 0.0297185 0.0301537 0.0302006 0.0298956 0.0292158 0.0281947 0.026833 0.0251564 0.0231476 0.0208545 0.0182693 0.01541 0.0123055 0.00898255 0.00544873 0.00174749 -0.00209063 -0.00605988 -0.010085 -0.0141516 -0.0182064 -0.0221978 -0.0260771 -0.0298276 -0.0333594 -0.0366611 -0.0396792 -0.042371 -0.0447031 -0.0466723 -0.048235 -0.0493799 -0.0500915 -0.0503732 -0.0502235 -0.0496527 -0.0486922 -0.0473547 -0.0456504 -0.0436305 -0.0413587 -0.0388406 -0.0361065 -0.0332044 -0.0301872 -0.0270636 -0.0238603 -0.0205964 -0.017308 -0.0139934 -0.0106711 -0.00733752 -0.00400793 -0.000679279 0.00263419 0.00595162 0.00926112 0.0125571 0.015816 0.0190538 0.0222601 0.0254034 0.0284392 0.0313777 0.0341931 0.036836 0.0392647 0.04146 0.0433895 0.0450184 0.0463189 0.0472735 0.0478593 0.0480441 0.0478541 0.0472778 0.0463016 0.0449393 0.0432231 0.0411247 0.0387089 0.0359907 0.0329926 0.0297449 0.0263054 0.0226748 0.0189262 0.0150839 0.0111844 0.0072666 0.00336188 -0.000507623 -0.00430895 -0.0080061 -0.0115998 -0.0150468 -0.0183473 -0.0214859 -0.0244777 -0.0272875 -0.029967 -0.032501 -0.0349123 -0.0372425 -0.0394989 -0.0417197 -0.0439314 -0.0461389 -0.0483407 -0.0505451 -0.0526562 -0.0546558 -0.0563978 -0.0577557 -0.0585937 -0.0587192 -0.0580242 -0.056393 -0.0537932 -0.0502545 -0.045897 -0.040878 -0.0354685 -0.029922 -0.0245516 -0.01967 -0.0154921 -0.0122347 -0.00992479 -0.00856446 -0.0080328 -0.00814911 -0.00874157 -0.00959419 -0.0105529 -0.0114393 -0.0121492 -0.0126133 -0.0128349 -0.0128391 -0.012647 -0.0123072 -0.0118348 -0.0113013 -0.0107235 -0.0101407 -0.00957425 -0.00902056 -0.00852408 -0.0080607 -0.00766609 
0 0.000390305 0.000787491 0.0011925 0.00163354 0.0021063 0.00263115 0.00320347 0.00383586 0.00456045 0.00538998 0.00638036 0.00754061 0.0089185 0.0105478 0.0124312 0.0145857 0.0169148 0.0193231 0.0216477 0.0236863 0.0252654 0.0261545 0.0262087 0.0253218 0.0234573 0.0207222 0.0172797 0.013414 0.00944089 0.0056557 0.00237217 -0.000176867 -0.00180986 -0.00243724 -0.00205247 -0.000716067 0.00143309 0.004205 0.0073817 0.0107821 0.0141962 0.0174733 0.0204968 0.0231802 0.0254713 0.0273323 0.0287453 0.0297279 0.0302843 0.0304 0.0301532 0.0295193 0.0285295 0.027215 0.0255793 0.0236461 0.0214379 0.0189581 0.0162484 0.0133248 0.0101712 0.0068648 0.00338483 -0.000238223 -0.00396899 -0.00776504 -0.0116376 -0.0155227 -0.0194001 -0.0232351 -0.0270041 -0.0306333 -0.0340981 -0.0373854 -0.040422 -0.043186 -0.0456685 -0.0478099 -0.0495632 -0.0509734 -0.0519733 -0.0525562 -0.0527264 -0.0524864 -0.0517913 -0.0507133 -0.0492516 -0.0474314 -0.0452446 -0.0427701 -0.0400289 -0.0370693 -0.0338824 -0.0305394 -0.0270496 -0.0234608 -0.0197636 -0.0160032 -0.0121792 -0.0083402 -0.00446776 -0.000602671 0.00326398 0.00708786 0.0108782 0.0146059 0.0182919 0.0218734 0.0253518 0.0286979 0.0319289 0.0349685 0.0377929 0.0403696 0.042716 0.0447397 0.0464456 0.0478139 0.0488199 0.0494294 0.0497002 0.0495777 0.0490677 0.0481948 0.0469649 0.0453722 0.0434688 0.0412611 0.0387574 0.0359983 0.0330121 0.0298333 0.026473 0.0230013 0.0194174 0.0157462 0.0120276 0.00830638 0.00455154 0.000850253 -0.00280443 -0.00640786 -0.00992288 -0.0133402 -0.0166617 -0.0198622 -0.0229554 -0.0259415 -0.0288127 -0.0316309 -0.0343689 -0.0370687 -0.0397599 -0.0424566 -0.045164 -0.0479065 -0.0506717 -0.0534298 -0.0561265 -0.0586654 -0.0609394 -0.0627757 -0.064003 -0.0644462 -0.0639641 -0.0624271 -0.0598052 -0.0561384 -0.0515319 -0.0462002 -0.0403763 -0.0343925 -0.0285822 -0.0232445 -0.0186821 -0.0150648 -0.0124892 -0.0109375 -0.0102682 -0.0103378 -0.0109187 -0.011804 -0.0128058 -0.013733 -0.0144918 -0.014996 -0.0152362 -0.0152413 -0.0150314 -0.014664 -0.0141698 -0.013596 -0.0129884 -0.0123704 -0.0117685 -0.0111926 -0.0106529 -0.0101637 -0.00972791 
0 0.000472368 0.000961278 0.00145845 0.00198877 0.00254105 0.00314752 0.00381328 0.00455137 0.00538998 0.00635022 0.00749205 0.00883619 0.0104332 0.0122967 0.0144527 0.0168844 0.019497 0.0221847 0.0247477 0.0270177 0.0287503 0.0297286 0.029794 0.02882 0.0268234 0.0238578 0.0201406 0.015964 0.0116541 0.00754791 0.00395549 0.00114464 -0.000690896 -0.00146609 -0.0011891 0.00011043 0.00224094 0.00503067 0.00823844 0.0116517 0.0150935 0.0183424 0.0213065 0.0238894 0.0260299 0.0276851 0.0288683 0.0295773 0.0298401 0.0296556 0.0290769 0.0281401 0.026844 0.025247 0.0233694 0.0212502 0.0188775 0.0163054 0.0135456 0.0106038 0.00749672 0.00428132 0.000935949 -0.00250523 -0.00600983 -0.00958116 -0.0131836 -0.0168032 -0.0204082 -0.0239749 -0.0274846 -0.0309208 -0.0342204 -0.037399 -0.0403892 -0.0431577 -0.045688 -0.0479571 -0.0499053 -0.0515414 -0.0528101 -0.0536973 -0.0541917 -0.0542808 -0.0539479 -0.0532044 -0.0520259 -0.0504398 -0.0484811 -0.0461595 -0.0434842 -0.0404999 -0.0372485 -0.0337563 -0.0300404 -0.0261375 -0.0220868 -0.0179078 -0.0136305 -0.00928672 -0.00490117 -0.000509533 0.00385481 0.00817975 0.012436 0.0165862 0.0206083 0.024491 0.0282151 0.0317345 0.0350182 0.038057 0.0408271 0.0432831 0.04541 0.047176 0.0485823 0.0496188 0.0502724 0.0505406 0.0504514 0.0499699 0.0491471 0.0480022 0.0465294 0.0447466 0.0427171 0.0404117 0.0378914 0.0351842 0.0323062 0.0292739 0.0261271 0.0228713 0.0195445 0.0161489 0.0127158 0.00927119 0.00579779 0.00233704 -0.0010965 -0.004497 -0.0078628 -0.0111539 -0.014393 -0.0175711 -0.0207077 -0.0237716 -0.0268146 -0.0298439 -0.0328532 -0.0358866 -0.038961 -0.0420976 -0.0452976 -0.0485675 -0.0518941 -0.055251 -0.0585183 -0.0616494 -0.0644778 -0.0668228 -0.0685079 -0.0693201 -0.0691259 -0.067769 -0.0652093 -0.0614943 -0.0567519 -0.0511717 -0.0450521 -0.0387217 -0.0325502 -0.026874 -0.021966 -0.0180735 -0.0152602 -0.0135312 -0.0127521 -0.0127541 -0.0133362 -0.0142443 -0.0152861 -0.0162633 -0.0170747 -0.0176309 -0.0179076 -0.0179235 -0.01771 -0.0173335 -0.0168166 -0.0162258 -0.0155866 -0.0149429 -0.0143194 -0.0137118 -0.0131546 -0.0126303 -0.0121669 
0 0.000562311 0.00115013 0.00175368 0.00238778 0.00303997 0.00374994 0.00453341 0.0054007 0.00638036 0.00749205 0.00880904 0.0103606 0.0121871 0.01431 0.016739 0.0194596 0.0223605 0.0253157 0.0281293 0.0306001 0.0324829 0.0335301 0.0335794 0.0325218 0.0303629 0.027179 0.0231829 0.01869 0.014045 0.00959367 0.00566621 0.00255319 0.000457625 -0.000533099 -0.00042042 0.000748199 0.00279542 0.0055134 0.00865546 0.0120059 0.0153606 0.0185035 0.021327 0.0237393 0.0256779 0.0271015 0.0280167 0.0284467 0.0284104 0.0279189 0.0270471 0.025829 0.0242787 0.0224573 0.0203938 0.0181254 0.0156583 0.0130356 0.0102884 0.00741664 0.00442883 0.0013792 -0.0017525 -0.00494992 -0.00817708 -0.0114292 -0.0146992 -0.0179728 -0.0212282 -0.0244605 -0.0276645 -0.0308095 -0.0338643 -0.0368496 -0.039706 -0.0424072 -0.0449484 -0.0472804 -0.049347 -0.0511634 -0.0526704 -0.0538352 -0.0546469 -0.0550765 -0.055085 -0.0546852 -0.0538577 -0.0525956 -0.0508971 -0.0487807 -0.0462608 -0.0433606 -0.0400993 -0.0365139 -0.0326308 -0.0284931 -0.0241356 -0.0195903 -0.0149013 -0.0101201 -0.00527367 -0.000410878 0.00442184 0.00918739 0.013848 0.0183612 0.0227006 0.0268224 0.0306957 0.034292 0.037591 0.040556 0.0431612 0.0453917 0.0472508 0.0487041 0.049763 0.0504353 0.050711 0.0506038 0.0501632 0.0493631 0.0482418 0.046841 0.0451641 0.0432354 0.0411223 0.0388125 0.0363396 0.0337395 0.0310269 0.0282112 0.0253197 0.0223673 0.0193611 0.0162965 0.013205 0.0100996 0.0069552 0.00381674 0.000688061 -0.00244636 -0.0055762 -0.00868008 -0.0117791 -0.0148697 -0.0179664 -0.0210522 -0.0241683 -0.0273403 -0.0305551 -0.0338509 -0.0372587 -0.0407832 -0.044422 -0.0481821 -0.0520458 -0.0559647 -0.0598231 -0.0635396 -0.0669456 -0.0698319 -0.0719933 -0.0732217 -0.0733542 -0.0722312 -0.0698054 -0.0661301 -0.0613358 -0.0556266 -0.0493077 -0.0427422 -0.0363177 -0.0303763 -0.0252233 -0.0211032 -0.0181104 -0.0162436 -0.0153719 -0.0153393 -0.015924 -0.0168693 -0.0179561 -0.0189879 -0.0198623 -0.0204807 -0.0208101 -0.0208588 -0.0206671 -0.020303 -0.0197949 -0.0192036 -0.0185597 -0.0179063 -0.0172682 -0.0166449 -0.0160625 -0.0155134 -0.0150172 
0 0.000674682 0.00138004 0.00210927 0.00286178 0.00363093 0.00445958 0.00537727 0.00639523 0.00754061 0.00883619 0.0103606 0.0121523 0.0142383 0.016648 0.0193677 0.0223821 0.0255668 0.0287704 0.0318096 0.0344436 0.0364382 0.0375188 0.0375184 0.0363533 0.0340073 0.0305905 0.0263011 0.0214754 0.0164762 0.0116551 0.00736476 0.00391036 0.00150401 0.000233653 0.000108706 0.001056 0.00292522 0.00547441 0.00845932 0.0116658 0.0148572 0.017836 0.0204659 0.0226639 0.0243647 0.0255357 0.0261773 0.0263397 0.026034 0.0252816 0.0241717 0.0227282 0.0209881 0.0190048 0.0168244 0.0144753 0.0119872 0.00938242 0.00670735 0.0039604 0.0011461 -0.0016849 -0.00454599 -0.00743709 -0.0103339 -0.0132219 -0.0161248 -0.0190182 -0.0218923 -0.0247483 -0.0276005 -0.0304087 -0.0331769 -0.0359143 -0.0385765 -0.0411396 -0.0436114 -0.0459355 -0.0480656 -0.0500051 -0.051693 -0.0530848 -0.0541663 -0.0549064 -0.0552489 -0.0551927 -0.0547113 -0.0537863 -0.0523918 -0.0505421 -0.0482311 -0.0454724 -0.0422724 -0.0386754 -0.0346993 -0.0303978 -0.0258062 -0.0209776 -0.0159574 -0.0108163 -0.00558683 -0.000338512 0.00488038 0.0100102 0.0150057 0.0198022 0.0243724 0.028654 0.0326108 0.0362063 0.0394308 0.0422414 0.0446281 0.0465877 0.048133 0.0492372 0.0499309 0.0502346 0.0501483 0.0496922 0.0489229 0.0478347 0.0464629 0.0448657 0.0430527 0.04105 0.038914 0.0366577 0.034289 0.0318535 0.0293568 0.0268031 0.0241989 0.0215759 0.0189129 0.016213 0.0134998 0.0107735 0.00800036 0.00522221 0.00243211 -0.00039751 -0.00324558 -0.00611304 -0.00901475 -0.0119605 -0.0149545 -0.018004 -0.0211265 -0.0243681 -0.0277105 -0.0311884 -0.0348484 -0.0386859 -0.0426984 -0.0468924 -0.0512453 -0.0556784 -0.0600928 -0.0643577 -0.0683128 -0.0717232 -0.074358 -0.0760183 -0.0765074 -0.075668 -0.0734424 -0.0698866 -0.0651273 -0.0593894 -0.0529741 -0.0462811 -0.039707 -0.0335956 -0.0282873 -0.0240077 -0.0208904 -0.0189219 -0.0179843 -0.0179371 -0.0185389 -0.0195409 -0.0206957 -0.0218142 -0.0227849 -0.0235022 -0.0239222 -0.0240425 -0.0239088 -0.0235852 -0.0231119 -0.0225371 -0.0219053 -0.0212551 -0.020612 -0.0199867 -0.0193896 -0.0188325 -0.0183169 
0 0.00080828 0.00164943 0.00252627 0.00341727 0.00433161 0.00530648 0.00638384 0.00758598 0.0089185 0.0104332 0.0121871 0.0142383 0.0166166 0.0193178 0.0223548 0.0256552 0.0291139 0.0325589 0.0357718 0.0385486 0.0405879 0.0416547 0.0415651 0.0402268 0.0376743 0.0339749 0.0293714 0.0241904 0.0188007 0.0135835 0.00889012 0.0050405 0.00226009 0.000643057 0.00018563 0.000846146 0.00243435 0.00473638 0.00750071 0.0104793 0.0134718 0.0162404 0.0186566 0.0206359 0.0221098 0.0230373 0.0234543 0.0233772 0.0228454 0.0219065 0.0206014 0.019014 0.0171579 0.0150882 0.0128618 0.0105189 0.00805687 0.00554519 0.00299796 0.000412784 -0.00217463 -0.00475129 -0.00732009 -0.0098787 -0.0124085 -0.0149367 -0.0174403 -0.0199426 -0.0224288 -0.0249087 -0.0273763 -0.0298509 -0.0323032 -0.0347491 -0.0371732 -0.0395535 -0.0418714 -0.0441143 -0.0462448 -0.0482208 -0.0500115 -0.051572 -0.0528658 -0.053843 -0.0544878 -0.0547465 -0.0545832 -0.0539622 -0.0528933 -0.0513296 -0.0492603 -0.0466745 -0.0436161 -0.0400795 -0.0361027 -0.0317167 -0.0270004 -0.0219846 -0.0167495 -0.0113423 -0.00584484 -0.000309821 0.00517256 0.0105672 0.0157887 0.0207776 0.0254563 0.0298069 0.0337655 0.0372976 0.0403571 0.0429658 0.0451052 0.0467785 0.0479776 0.0487456 0.0490925 0.0490452 0.0486248 0.0478817 0.0468309 0.0455081 0.0439711 0.0422523 0.0403692 0.038368 0.0362883 0.0341225 0.0319173 0.0296835 0.0274269 0.0251429 0.0228633 0.0205605 0.018257 0.0159362 0.0136072 0.0112565 0.00888174 0.00646565 0.00402377 0.00153657 -0.00101811 -0.00361201 -0.00627396 -0.0090268 -0.0118702 -0.0147996 -0.0178825 -0.0211074 -0.0245043 -0.0281044 -0.0319338 -0.0360126 -0.0403312 -0.0448825 -0.0496446 -0.0545384 -0.0594218 -0.0641958 -0.068642 -0.0725303 -0.0756255 -0.0776916 -0.0785447 -0.0780097 -0.0760244 -0.072642 -0.0680001 -0.0623024 -0.0558962 -0.0491647 -0.0425199 -0.0363423 -0.0309316 -0.0265783 -0.0233838 -0.0213568 -0.0204107 -0.02037 -0.0210389 -0.0221267 -0.0233903 -0.0246446 -0.0257505 -0.0266162 -0.0271705 -0.0274081 -0.0273767 -0.0271348 -0.0267292 -0.02621 -0.0256164 -0.0249962 -0.0243728 -0.0237556 -0.0231688 -0.0226101 -0.0220921 
0 0.000971678 0.00198096 0.00302482 0.00408666 0.00516937 0.00631835 0.00758675 0.00898764 0.0105478 0.0122967 0.01431 0.016648 0.0193178 0.0223449 0.0256745 0.0292653 0.0329785 0.0366128 0.0399922 0.0428229 0.0448731 0.0458599 0.0456049 0.0440659 0.0412167 0.0372085 0.0322403 0.0266573 0.0208489 0.015187 0.0100454 0.00575523 0.00253702 0.000495526 -0.000336919 -6.74447e-05 0.00119692 0.00318314 0.0056588 0.00839734 0.011133 0.0136924 0.0159001 0.0176788 0.0189546 0.0197129 0.0199385 0.0197034 0.0190189 0.0179362 0.0165382 0.0148613 0.0129663 0.0108928 0.00870552 0.00640975 0.00407482 0.00169278 -0.000681918 -0.00304283 -0.00538175 -0.00768995 -0.00994466 -0.0121747 -0.0143725 -0.0165132 -0.0186498 -0.020764 -0.0228663 -0.0249695 -0.0270997 -0.0292103 -0.0313474 -0.0334899 -0.035641 -0.0377788 -0.0399236 -0.0420158 -0.0440416 -0.0459758 -0.0477937 -0.0494263 -0.0508527 -0.052024 -0.0528733 -0.053364 -0.0534812 -0.053167 -0.0523584 -0.0510487 -0.0492298 -0.0468868 -0.0439959 -0.0405868 -0.0366914 -0.0323585 -0.0276189 -0.0225481 -0.0172085 -0.011688 -0.00604783 -0.00037267 0.00526765 0.010772 0.0160787 0.0211163 0.0258287 0.0301309 0.0339804 0.0373589 0.0402606 0.0426381 0.0444929 0.0458667 0.0467775 0.0472296 0.0472639 0.0469272 0.0462361 0.0452477 0.0440099 0.0425664 0.0409279 0.0391667 0.0373015 0.0353682 0.0333807 0.0313933 0.029368 0.0273523 0.0253483 0.0233589 0.0213697 0.0194225 0.0174625 0.0154995 0.0135408 0.0115571 0.00953864 0.00749184 0.00540019 0.00323091 0.00100849 -0.00130834 -0.00370742 -0.00622639 -0.00885839 -0.0116474 -0.0145967 -0.0177659 -0.0211592 -0.0248012 -0.0287491 -0.032989 -0.0375284 -0.042358 -0.0474496 -0.0526895 -0.0579967 -0.0631711 -0.0680468 -0.0723612 -0.0758427 -0.0782987 -0.0794786 -0.0792425 -0.0775132 -0.0743369 -0.0698417 -0.0642668 -0.057919 -0.0512301 -0.0446025 -0.0384013 -0.032998 -0.0286034 -0.0254028 -0.023375 -0.0224444 -0.0224822 -0.0232319 -0.0244597 -0.0258782 -0.0273108 -0.0286193 -0.0296828 -0.0304394 -0.0308597 -0.0309922 -0.0308882 -0.0306039 -0.0301798 -0.0296693 -0.0291116 -0.0285324 -0.0279572 -0.0273913 -0.026861 -0.0263546 
0 0.0011707 0.00237129 0.00361935 0.00487179 0.00616053 0.0075153 0.00899545 0.0106357 0.0124312 0.0144527 0.016739 0.0193677 0.0223548 0.0256745 0.0293121 0.0331508 0.0370745 0.0408708 0.044317 0.0471711 0.0491319 0.0499736 0.0495056 0.0476728 0.0445028 0.04011 0.0347362 0.0287108 0.0224274 0.0162783 0.0106503 0.00586545 0.00216583 -0.000332579 -0.00161728 -0.00174647 -0.000882292 0.000755253 0.00292903 0.00538044 0.00788354 0.0102355 0.012262 0.0138816 0.0150175 0.0156365 0.0157713 0.015434 0.0146749 0.0135634 0.0121283 0.0104552 0.00859278 0.0065763 0.0044789 0.00232698 0.00014408 -0.00202625 -0.00417901 -0.00630525 -0.00837345 -0.0103975 -0.0123609 -0.0142669 -0.0161192 -0.0179389 -0.0197229 -0.0214854 -0.0232411 -0.0250002 -0.0267566 -0.028546 -0.0303696 -0.0322038 -0.0340744 -0.0359666 -0.0378506 -0.0397364 -0.0416206 -0.0434357 -0.0451743 -0.0467963 -0.0482524 -0.0494886 -0.0504833 -0.0511577 -0.051456 -0.0513242 -0.0507601 -0.0497018 -0.0481108 -0.0459697 -0.0433047 -0.0401002 -0.0363875 -0.0321866 -0.027565 -0.0225803 -0.0173072 -0.011804 -0.00618492 -0.000525198 0.00507987 0.0105551 0.0158049 0.0207567 0.0253222 0.0294825 0.0331792 0.0363653 0.0390108 0.0411508 0.0427761 0.0438978 0.0445231 0.0447222 0.0445203 0.0439605 0.0430962 0.0419874 0.0406401 0.0391343 0.0375153 0.0357983 0.0340177 0.0322161 0.0303859 0.0285593 0.0267619 0.0249887 0.0232471 0.0215385 0.0198628 0.018204 0.0165669 0.0149419 0.0133122 0.0116572 0.0099859 0.00825617 0.00647574 0.00463794 0.00271116 0.000697063 -0.00141985 -0.00368628 -0.0060972 -0.00868843 -0.0115069 -0.0145527 -0.0178817 -0.0215209 -0.0254885 -0.0298211 -0.0345059 -0.0395258 -0.0448509 -0.0503725 -0.0559707 -0.0614816 -0.0666817 -0.0713254 -0.0751497 -0.077906 -0.0793825 -0.0794091 -0.0779152 -0.0749405 -0.0706164 -0.0651752 -0.0589538 -0.0523604 -0.0458026 -0.0396799 -0.0343109 -0.0299687 -0.0267951 -0.0248026 -0.0239504 -0.0240668 -0.0249602 -0.0263494 -0.0279734 -0.029651 -0.0312086 -0.0325516 -0.0335748 -0.034257 -0.0346301 -0.0347332 -0.034635 -0.0343688 -0.0339929 -0.0335465 -0.0330563 -0.0325522 -0.0320482 -0.0315662 -0.0311008 
0 0.0013943 0.00282025 0.00428687 0.00577072 0.00729263 0.00888936 0.0106207 0.0125141 0.0145857 0.0168844 0.0194596 0.0223821 0.0256552 0.0292653 0.0331508 0.0371998 0.0412735 0.0451489 0.0486157 0.0513875 0.0531982 0.0538113 0.0530467 0.0508734 0.0473024 0.0424902 0.0366692 0.0301667 0.0233841 0.0167181 0.0105638 0.00525554 0.00103075 -0.00197442 -0.00372173 -0.00429937 -0.00382864 -0.00254619 -0.000679452 0.00151778 0.0037918 0.00596698 0.00785485 0.00936398 0.0104146 0.010991 0.0110913 0.0107463 0.00999626 0.00891098 0.0075359 0.00593647 0.00417966 0.00230113 0.000365681 -0.00161992 -0.00358889 -0.00553936 -0.00745319 -0.00930825 -0.0110919 -0.0128334 -0.0145 -0.016112 -0.0176764 -0.0191844 -0.0206617 -0.0221046 -0.02354 -0.0249814 -0.0264348 -0.0279014 -0.0294169 -0.0309428 -0.0325178 -0.0341295 -0.0357688 -0.0374153 -0.0390735 -0.0406936 -0.0422828 -0.0437899 -0.0451807 -0.0464013 -0.0474023 -0.0481198 -0.0485232 -0.0485423 -0.0481259 -0.0472307 -0.0458411 -0.043943 -0.0415129 -0.0385456 -0.0350839 -0.031149 -0.0267689 -0.0220176 -0.0169606 -0.011672 -0.00625688 -0.000798847 0.00461332 0.00986357 0.0148781 0.0195984 0.0239387 0.0278424 0.0312759 0.0342169 0.0366482 0.0385568 0.0399401 0.0408438 0.0412886 0.0413171 0.0409684 0.0402993 0.0393557 0.0382072 0.0368766 0.0354352 0.0338926 0.0322856 0.0306495 0.0290203 0.0273784 0.0257842 0.0242151 0.022681 0.0211935 0.0197565 0.0183472 0.0169803 0.0156225 0.0142758 0.0129276 0.011552 0.0101667 0.00873811 0.00725313 0.0057045 0.00407807 0.00233183 0.000479096 -0.00153181 -0.00370591 -0.00609588 -0.00872257 -0.0116234 -0.0148467 -0.0184165 -0.0223636 -0.026709 -0.0314582 -0.0365864 -0.0420571 -0.0477559 -0.0535816 -0.059318 -0.0647594 -0.0696475 -0.0737 -0.0766854 -0.0783621 -0.0785873 -0.0772851 -0.0744842 -0.0703208 -0.0650405 -0.0589634 -0.0525082 -0.0460732 -0.040054 -0.0347935 -0.0305252 -0.0274296 -0.0255187 -0.0247626 -0.0250175 -0.0260654 -0.0276624 -0.0295338 -0.0314944 -0.0333697 -0.0350405 -0.0364092 -0.0374286 -0.0381199 -0.038515 -0.0386761 -0.0386441 -0.0384722 -0.0382001 -0.0378572 -0.0374774 -0.0370794 -0.0366882 -0.0362999 
0 0.00165592 0.00333758 0.00505337 0.00679011 0.00856837 0.0104239 0.0124134 0.0145685 0.0169148 0.019497 0.0223605 0.0255668 0.0291139 0.0329785 0.0370745 0.0412735 0.0454252 0.049304 0.0526912 0.0552922 0.056852 0.0571479 0.0560154 0.0534318 0.0494151 0.0441401 0.0378415 0.0308412 0.0235405 0.0163437 0.00965902 0.00381998 -0.000930161 -0.00444041 -0.00666109 -0.00767973 -0.00761163 -0.00667794 -0.00509958 -0.00313216 -0.00103663 0.00101678 0.00282942 0.00429513 0.00532889 0.00591952 0.00606177 0.00577928 0.00512004 0.00415249 0.00291861 0.00147146 -0.000113481 -0.00180241 -0.00353515 -0.00530414 -0.00703549 -0.00873583 -0.0103966 -0.0119899 -0.0135074 -0.0149783 -0.0163745 -0.0177072 -0.0189958 -0.0202352 -0.0214506 -0.0226261 -0.0237962 -0.0249616 -0.026126 -0.0273028 -0.0285325 -0.0297688 -0.0310549 -0.0323814 -0.033733 -0.0351053 -0.03651 -0.0378948 -0.0392584 -0.0405644 -0.0417776 -0.0428578 -0.0437619 -0.0444316 -0.0448138 -0.0448536 -0.0445148 -0.0437533 -0.0425268 -0.0408324 -0.038648 -0.035972 -0.0328308 -0.0292409 -0.0252222 -0.0208587 -0.0161955 -0.0113029 -0.00628718 -0.00123742 0.00377623 0.00863275 0.0132646 0.0176063 0.0215849 0.0251548 0.028292 0.0309485 0.0331205 0.0348121 0.0360254 0.0367833 0.0371168 0.0370696 0.0366887 0.0360267 0.0351343 0.0340624 0.0328331 0.0315204 0.030139 0.0287131 0.0272801 0.0258671 0.0244461 0.0230843 0.0217621 0.0204784 0.01924 0.0180537 0.0168824 0.0157486 0.0146263 0.0135222 0.0124145 0.0112871 0.0101512 0.00897287 0.00773546 0.00644289 0.00507463 0.00358036 0.00197445 0.000203211 -0.00174844 -0.00393683 -0.00637262 -0.00910357 -0.0121831 -0.0156417 -0.0195074 -0.0238141 -0.0285705 -0.033744 -0.0392887 -0.0450892 -0.0510391 -0.0569029 -0.062473 -0.067492 -0.0716768 -0.0747873 -0.0765861 -0.076938 -0.0757678 -0.0730978 -0.0690667 -0.0639314 -0.0580051 -0.0517002 -0.0454102 -0.0395294 -0.0343976 -0.0302357 -0.0272325 -0.0254189 -0.0247781 -0.0251788 -0.0264094 -0.0282398 -0.0304018 -0.0326995 -0.0349482 -0.0370174 -0.0388013 -0.0402361 -0.0413224 -0.0420829 -0.0425767 -0.0428477 -0.0429481 -0.0429174 -0.0427892 -0.0426012 -0.0423753 -0.0421374 -0.0418859 
0 0.00193327 0.00387831 0.00586202 0.00785936 0.00991262 0.0120405 0.0142907 0.0167161 0.0193231 0.0221847 0.0253157 0.0287704 0.0325589 0.0366128 0.0408708 0.0451489 0.049304 0.0531169 0.0563246 0.0586824 0.059895 0.0597904 0.0582219 0.0551524 0.0506502 0.0448694 0.0380742 0.0305733 0.0227605 0.0150464 0.00785366 0.00149887 -0.00375812 -0.00774892 -0.0104375 -0.0118572 -0.0121708 -0.0115449 -0.0102052 -0.00842586 -0.00644432 -0.00445607 -0.00265064 -0.00115542 -4.97485e-05 0.000626129 0.000902733 0.000753066 0.000249123 -0.000535337 -0.00158091 -0.00281877 -0.00418114 -0.00563158 -0.00713248 -0.00864602 -0.0101457 -0.011593 -0.0130084 -0.0143562 -0.0156263 -0.0168405 -0.018001 -0.0190932 -0.0201343 -0.0211509 -0.022128 -0.0230685 -0.0240053 -0.0249448 -0.0258527 -0.0267881 -0.0277481 -0.0287071 -0.0296998 -0.030747 -0.0317957 -0.0328755 -0.0339868 -0.0350843 -0.0361541 -0.0371924 -0.0381487 -0.0389816 -0.039669 -0.0401708 -0.0404256 -0.0403872 -0.0400446 -0.0393425 -0.0382383 -0.0367277 -0.0348018 -0.0324386 -0.0296715 -0.0265028 -0.0229653 -0.0191221 -0.0150224 -0.0107098 -0.00629614 -0.00184422 0.00257358 0.00686537 0.0109593 0.0148059 0.0183196 0.0214798 0.0242595 0.0266116 0.0285246 0.0300295 0.0311175 0.0318005 0.0321175 0.0321165 0.0318222 0.0312726 0.0305343 0.0296379 0.0286034 0.027495 0.0263466 0.0251451 0.0239539 0.0227871 0.0216264 0.0204999 0.0194331 0.0183783 0.0173626 0.0163905 0.0154411 0.0145002 0.0135891 0.0126899 0.0117759 0.0108557 0.00993279 0.00896292 0.00793693 0.00687192 0.00570738 0.00443761 0.00304336 0.00149292 -0.000248201 -0.00222222 -0.0044704 -0.00701452 -0.0099392 -0.0132773 -0.0170297 -0.0212706 -0.0259847 -0.0311444 -0.0366922 -0.0425302 -0.048511 -0.0544297 -0.060035 -0.0650872 -0.0693181 -0.0724443 -0.0742845 -0.0746795 -0.0735724 -0.0709805 -0.0670434 -0.0620175 -0.0562247 -0.0500477 -0.0438844 -0.038142 -0.0331171 -0.0290734 -0.0261582 -0.0244487 -0.0239424 -0.0244868 -0.0259295 -0.0280075 -0.0304917 -0.0331664 -0.0358228 -0.038347 -0.0405969 -0.0425147 -0.044069 -0.0452698 -0.0461795 -0.0468312 -0.0472833 -0.0475698 -0.0477296 -0.0478049 -0.0478175 -0.0477937 -0.0477357 
