0 0 0 0 0 0 0 0 0 0 0 0 0 0 0 0 0 0 0 0 0 0 0 0 0 0 0 0 0 0 0 0 0 0 0 0 0 0 0 0 0 0 0 0 0 0 0 0 0 0 0 0 0 0 0 0 0 0 0 0 0 0 0 0 0 0 0 0 0 0 0 0 0 0 0 0 0 0 0 0 0 0 0 0 0 0 0 0 0 0 0 0 0 0 0 0 0 0 0 0 0 0 0 0 0 0 0 0 0 0 0 0 0 0 0 0 0 0 0 0 0 0 0 0 0 0 0 0 0 0 0 0 0 0 0 0 0 0 0 0 0 0 0 0 0 0 0 0 0 0 0 0 0 0 0 0 0 0 0 0 0 0 0 0 0 0 0 0 0 0 0 0 0 0 0 0 0 0 0 0 0 0 0 0 0 0 0 0 0 0 0 0 0 0 0 0 0 0 0 0 
0 2.47888e-06 7.00701e-06 1.36212e-05 1.26154e-05 1.64328e-05 2.2127e-05 3.19334e-05 3.95844e-05 4.52393e-05 5.24763e-05 5.85396e-05 6.74418e-05 7.65038e-05 8.6505e-05 8.93264e-05 9.6459e-05 0.000102536 0.000107119 0.000106478 0.000106633 0.000122411 0.000129258 0.000137301 0.000143626 0.000161415 0.000182415 0.0001929 0.00020765 0.000215596 0.000221757 0.000221871 0.000220709 0.000207375 0.000189926 0.000173889 0.000167374 0.000163307 0.000156366 0.000173997 0.000197331 0.000245159 0.000317575 0.000412751 0.00053911 0.000699053 0.00091143 0.0011795 0.00149026 0.00185127 0.00224926 0.00265042 0.00306382 0.00344883 0.00378423 0.0040571 0.00425001 0.00436771 0.00442051 0.00442953 0.00442436 0.00442097 0.0044427 0.00451394 0.00462676 0.0047944 0.00500914 0.00524767 0.00548569 0.00570013 0.00584563 0.00589067 0.00581854 0.00560573 0.00524227 0.00475017 0.00413215 0.00339906 0.00259482 0.0017272 0.000818363 -8.29386e-05 -0.000962388 -0.00179878 -0.0025452 -0.00320291 -0.00375627 -0.0041784 -0.00448115 -0.00467567 -0.00474955 -0.00471722 -0.00459126 -0.00438113 -0.00408828 -0.00371497 -0.00328228 -0.00281686 -0.00231697 -0.00179147 -0.00124914 -0.000691234 -0.000128993 0.00042746 0.000989354 0.00154726 0.00208326 0.00257833 0.00302036 0.00340849 0.00373062 0.00395589 0.00409219 0.00412921 0.00403273 0.00380519 0.0034496 0.00294086 0.0023016 0.00154125 0.000654933 -0.000324244 -0.00137208 -0.00248523 -0.00362183 -0.00475617 -0.00587139 -0.00692488 -0.00788205 -0.00872046 -0.00940535 -0.00990487 -0.0102115 -0.0103075 -0.0101785 -0.00983532 -0.00929211 -0.00855293 -0.00767107 -0.00668223 -0.0056293 -0.00457836 -0.00357788 -0.00267021 -0.00189986 -0.00127892 -0.000817004 -0.000496944 -0.000287045 -0.000177882 -0.000116919 -9.33763e-05 -9.51864e-05 -9.26627e-05 -8.17481e-05 -6.77094e-05 -3.92725e-05 -1.27899e-05 7.01177e-06 1.6413e-05 1.37433e-05 1.46983e-05 -3.75958e-06 -2.55972e-05 -5.30132e-05 -8.60191e-05 -0.000119541 -0.000145375 -0.000169691 -0.000200916 -0.000228522 -0.00025012 -0.000256072 -0.000266868 -0.00026737 -0.000265818 -0.000265182 -0.000258065 -0.000252947 -0.00024453 -0.000246265 -0.000242583 -0.000233428 -0.000228202 -0.000234223 -0.000239982 -0.00023776 -0.000234886 -0.000236025 -0.000241644 -0.000235338 -0.000234685 -0.000234963 -0.000238975 -0.000238853 -0.000230538 -0.000233827 -0.000231708 -0.000234976 -0.000233007 
0 7.00701e-06 2.03501e-05 3.2422e-05 3.62861e-05 4.33801e-05 5.45668e-05 7.22518e-05 8.38752e-05 9.21984e-05 0.000104805 0.000112197 0.000126914 0.000141134 0.000152481 0.000163187 0.000169769 0.00019303 0.00020677 0.000211397 0.00023228 0.000255886 0.000291112 0.000299116 0.000314311 0.000351592 0.000371052 0.000399896 0.000403752 0.000418598 0.000423983 0.000416279 0.000421767 0.000395544 0.000368019 0.000345197 0.000335361 0.000325896 0.000324212 0.000342576 0.000403419 0.000491505 0.000636025 0.000841522 0.0010867 0.00142639 0.00185594 0.00240021 0.0030333 0.00376762 0.00455772 0.00537932 0.0061926 0.00696075 0.00763372 0.00816151 0.00855419 0.00878656 0.00888824 0.00890347 0.00888753 0.0088442 0.00887679 0.00897245 0.00916543 0.0094734 0.00987149 0.0103156 0.0107785 0.0111723 0.0114407 0.0115299 0.0113737 0.0109643 0.0102671 0.00930782 0.00809768 0.00668553 0.00510203 0.00342186 0.00166491 -8.08014e-05 -0.00180003 -0.00341294 -0.00488958 -0.00617559 -0.00725827 -0.0080984 -0.00873194 -0.0091095 -0.00927065 -0.00923653 -0.00900705 -0.00856886 -0.00800434 -0.00730409 -0.00649153 -0.00557495 -0.00458711 -0.00354161 -0.00248387 -0.00138618 -0.000276017 0.000851219 0.00196612 0.00304404 0.00405631 0.0050368 0.00591111 0.00665862 0.00726573 0.00772108 0.00796465 0.00800903 0.00780327 0.00735685 0.0066304 0.00563677 0.00437076 0.00287235 0.00113666 -0.000760532 -0.00282501 -0.004989 -0.00721413 -0.00944357 -0.0116323 -0.013689 -0.0155864 -0.017235 -0.0185919 -0.0196052 -0.0202213 -0.0204236 -0.0201859 -0.0195102 -0.0184333 -0.0169963 -0.0152476 -0.0133164 -0.0112474 -0.00917446 -0.00719377 -0.00539939 -0.00384504 -0.002612 -0.00167699 -0.00102471 -0.00061368 -0.00038192 -0.000264228 -0.000218473 -0.000217922 -0.000208971 -0.000196366 -0.000150098 -0.000107626 -4.36547e-05 -9.78725e-07 1.19214e-05 2.16698e-05 1.38856e-05 -1.85588e-05 -6.47838e-05 -0.000125288 -0.000197694 -0.000260626 -0.00032405 -0.000357759 -0.000417536 -0.000462946 -0.000483004 -0.000502557 -0.000500028 -0.000512826 -0.000507141 -0.000507517 -0.000508785 -0.000493295 -0.00049285 -0.000495169 -0.000493809 -0.000480351 -0.000468141 -0.000478629 -0.000486077 -0.000476525 -0.000470013 -0.000471884 -0.000479631 -0.000474633 -0.000466395 -0.000472996 -0.000477373 -0.000476102 -0.000467842 -0.000465145 -0.000471778 -0.000468979 -0.000465797 
0 1.36212e-05 3.2422e-05 5.81363e-05 6.59414e-05 7.97467e-05 9.4395e-05 0.000114501 0.00012696 0.000135297 0.000148784 0.000160792 0.000179065 0.000197286 0.000218868 0.000228667 0.000254357 0.000285548 0.000315811 0.000334452 0.000355325 0.000409036 0.000439877 0.00046489 0.000483187 0.000525495 0.000569725 0.00058658 0.000606966 0.000613384 0.000616791 0.000609885 0.000605925 0.00057674 0.000542438 0.000515504 0.000512411 0.000513418 0.000506702 0.000557067 0.00063045 0.000772038 0.000990449 0.00128722 0.00168259 0.00219152 0.00285778 0.00368924 0.00465133 0.00575398 0.00695671 0.00817335 0.00940986 0.0105633 0.0115696 0.0123837 0.0129613 0.0133053 0.0134434 0.0134343 0.0133588 0.0132687 0.01324 0.0133402 0.0135657 0.013952 0.0144775 0.0150801 0.0156901 0.0162364 0.0166004 0.0166971 0.0164751 0.0158765 0.014871 0.0135075 0.0117936 0.009762 0.00752053 0.00510566 0.00258153 7.48461e-05 -0.00237133 -0.00469925 -0.00680114 -0.00867198 -0.0102709 -0.0115282 -0.01246 -0.0130771 -0.0133492 -0.0133103 -0.0129947 -0.0124332 -0.011643 -0.0106346 -0.00945675 -0.00816548 -0.0067547 -0.00524612 -0.00366855 -0.00203621 -0.00039066 0.00123046 0.00284079 0.00441475 0.00591175 0.00729221 0.00852409 0.00959771 0.0104757 0.0110783 0.0114091 0.0114412 0.0110979 0.0103891 0.00932304 0.00784977 0.00601997 0.00385642 0.00134962 -0.00141774 -0.00438584 -0.00753123 -0.0107473 -0.013963 -0.0171287 -0.0201335 -0.0228896 -0.0253259 -0.0273435 -0.0288475 -0.0297965 -0.030132 -0.0298123 -0.0288595 -0.0273165 -0.025211 -0.0226839 -0.019846 -0.0168188 -0.013781 -0.0108718 -0.00821483 -0.00593307 -0.00407801 -0.00267672 -0.00169111 -0.00104176 -0.00068872 -0.000495039 -0.000418335 -0.00041415 -0.000401336 -0.00036319 -0.000306396 -0.000211246 -0.000116392 -4.24767e-05 -2.10392e-06 2.65133e-06 4.4318e-06 -4.82001e-05 -0.000117549 -0.000206217 -0.000310321 -0.000411295 -0.00048816 -0.000551275 -0.000625272 -0.000685045 -0.00072537 -0.000732094 -0.000751473 -0.000754532 -0.000755679 -0.000760118 -0.000749563 -0.000740803 -0.000727699 -0.000739974 -0.000739644 -0.000723549 -0.000713108 -0.000725838 -0.000734328 -0.000721074 -0.000708806 -0.000710703 -0.000724714 -0.000710928 -0.00070652 -0.000705782 -0.000714114 -0.000714253 -0.00069802 -0.000706308 -0.000703548 -0.000709159 -0.000698324 
0 1.26154e-05 3.62861e-05 6.59414e-05 8.11117e-05 9.83144e-05 0.000119086 0.000146402 0.00016605 0.000182071 0.000207603 0.000227238 0.000254727 0.000279138 0.000298954 0.000318637 0.000339055 0.000383792 0.000416554 0.000435656 0.000474697 0.000524086 0.000583282 0.00060713 0.000639026 0.000701211 0.000742712 0.000784987 0.000795821 0.000815089 0.000822031 0.000811703 0.000813721 0.000774505 0.0007312 0.000700465 0.000694313 0.000694202 0.000708939 0.000767429 0.000898271 0.00109588 0.00140102 0.00182428 0.00235066 0.00305308 0.00394495 0.00505608 0.00635108 0.00783662 0.00944045 0.0111034 0.0127556 0.0143119 0.0156728 0.0167457 0.0175164 0.017951 0.0180933 0.0180278 0.0178583 0.0176324 0.017513 0.0175236 0.0177184 0.0181281 0.018713 0.0193942 0.0201064 0.0207133 0.0211094 0.021201 0.02089 0.0201448 0.018913 0.0172237 0.0150917 0.0125848 0.00977161 0.00676444 0.00362411 0.000493178 -0.0025825 -0.00548804 -0.0081616 -0.0105322 -0.0125683 -0.0142049 -0.0154704 -0.0162977 -0.0167195 -0.0167641 -0.0164387 -0.0157426 -0.014786 -0.0135709 -0.0121325 -0.0104905 -0.00868702 -0.00674856 -0.0047419 -0.00265615 -0.000546284 0.00157001 0.003644 0.00563087 0.00748851 0.00924535 0.0108026 0.0121202 0.0131638 0.0138944 0.014233 0.0141838 0.0136806 0.0127386 0.0113204 0.0094362 0.00708929 0.0043288 0.00115246 -0.00233528 -0.0061164 -0.0100911 -0.0141757 -0.0182722 -0.0222994 -0.026118 -0.0296622 -0.0327968 -0.0354266 -0.0374431 -0.0387405 -0.0392567 -0.0389309 -0.0377606 -0.0358035 -0.0331362 -0.0298751 -0.0262322 -0.0223287 -0.0183967 -0.0146209 -0.011171 -0.00816794 -0.00573913 -0.00387288 -0.00254144 -0.00167023 -0.00115447 -0.000872478 -0.000742357 -0.000703598 -0.000663752 -0.000610439 -0.000507929 -0.000394927 -0.000255828 -0.00015107 -9.6512e-05 -6.06308e-05 -5.69065e-05 -0.000100797 -0.000175831 -0.000280917 -0.000409427 -0.00052964 -0.000642107 -0.000716841 -0.00082026 -0.00090174 -0.000944613 -0.000977691 -0.000986797 -0.00101055 -0.00101216 -0.00101716 -0.00101632 -0.00099212 -0.000987226 -0.000992715 -0.00099248 -0.000973359 -0.000955382 -0.000968394 -0.000974357 -0.000956059 -0.000943055 -0.000947591 -0.000962209 -0.000954265 -0.000941405 -0.000945556 -0.000950989 -0.00094939 -0.000939769 -0.000939923 -0.00094674 -0.000943763 -0.000933597 
0 1.64328e-05 4.33801e-05 7.97467e-05 9.83144e-05 0.000119658 0.000145343 0.000176661 0.000201961 0.000225606 0.000257023 0.000287963 0.000322785 0.000354836 0.000386649 0.000410301 0.000447342 0.000493547 0.000532236 0.000556324 0.000588463 0.000652501 0.000705032 0.000744454 0.000784223 0.00085141 0.000916655 0.000957148 0.000989003 0.00101071 0.00102367 0.0010205 0.00101286 0.000970544 0.000920086 0.000885144 0.000884984 0.000902363 0.000934176 0.00104067 0.00121359 0.00148997 0.00189173 0.0024291 0.00312203 0.00401213 0.00514995 0.0065532 0.00819008 0.0100556 0.0120862 0.0141761 0.0162731 0.0182385 0.0199497 0.0213063 0.0222438 0.0227459 0.0228578 0.0226795 0.0223398 0.0219449 0.021634 0.0215019 0.0215817 0.021911 0.0224546 0.0231281 0.0238317 0.0244512 0.0248425 0.0248922 0.0245168 0.023647 0.0222356 0.0203175 0.017904 0.0150445 0.0118523 0.00840677 0.00480192 0.0011917 -0.00234751 -0.00572414 -0.00882526 -0.0116131 -0.0140342 -0.0160133 -0.0175511 -0.0186327 -0.0192336 -0.0193802 -0.0190996 -0.0184201 -0.0173784 -0.0159956 -0.0143275 -0.0124344 -0.0103342 -0.00806547 -0.00567796 -0.003202 -0.000697092 0.0017838 0.00422303 0.00657453 0.00878144 0.0107966 0.0125622 0.0140447 0.0151945 0.0159322 0.0162357 0.0160781 0.0153932 0.0141903 0.0124714 0.0102068 0.00743724 0.00419103 0.000471081 -0.00362976 -0.00804345 -0.0127058 -0.0174909 -0.0222952 -0.027033 -0.0315625 -0.0357728 -0.0395465 -0.0427463 -0.0452298 -0.0468923 -0.0476243 -0.0473469 -0.0460553 -0.0437989 -0.0406481 -0.0367865 -0.0324123 -0.0277261 -0.0229904 -0.0184317 -0.0142471 -0.0106092 -0.00762206 -0.00531457 -0.00364351 -0.00251121 -0.00182574 -0.00142292 -0.0012179 -0.00113045 -0.00105614 -0.000958637 -0.000827731 -0.000657274 -0.000479977 -0.000334754 -0.000239217 -0.000186528 -0.000157297 -0.000192596 -0.000263654 -0.000371161 -0.000508033 -0.000647528 -0.000768616 -0.000874454 -0.000996096 -0.00110161 -0.00117542 -0.00121446 -0.00125064 -0.00127212 -0.00128241 -0.00128781 -0.0012741 -0.00125187 -0.00123334 -0.00123999 -0.00123568 -0.00121315 -0.00119704 -0.00120826 -0.00121599 -0.00120004 -0.0011871 -0.00119298 -0.00120854 -0.0011962 -0.00118525 -0.00118286 -0.00118932 -0.00118705 -0.00117434 -0.00118102 -0.00118097 -0.00118342 -0.00117104 
0 2.2127e-05 5.45668e-05 9.4395e-05 0.000119086 0.000145343 0.000177116 0.000213483 0.000246045 0.000275325 0.000311566 0.000347003 0.000385444 0.00042226 0.000457524 0.000491938 0.000535647 0.000591283 0.000637551 0.000671994 0.000719247 0.000790542 0.000859439 0.000908934 0.000959838 0.0010308 0.00109468 0.00113786 0.00116489 0.00118626 0.00119887 0.00119741 0.00118776 0.0011478 0.0011 0.00107472 0.00108708 0.00112609 0.00119763 0.00134563 0.00158771 0.00194909 0.00246012 0.00313781 0.00400272 0.00510962 0.00650916 0.00822146 0.0102239 0.012495 0.0149578 0.017505 0.0200362 0.0224027 0.0244503 0.0260506 0.0271305 0.0276665 0.0277098 0.0273797 0.0268215 0.0261704 0.0255927 0.0251957 0.0250431 0.0251761 0.0255639 0.0261229 0.0267496 0.0273089 0.0276552 0.027663 0.0272298 0.0262823 0.0247725 0.0227162 0.0201348 0.0170869 0.0136709 0.00998208 0.00611924 0.00221854 -0.00163075 -0.00532299 -0.00875346 -0.0118555 -0.0145685 -0.0168286 -0.0186248 -0.0199282 -0.0207298 -0.0210452 -0.0208806 -0.0202507 -0.019205 -0.01777 -0.0159896 -0.0139161 -0.0115955 -0.00908189 -0.00643552 -0.00369112 -0.000903923 0.00187515 0.00459662 0.0071958 0.00961295 0.0118049 0.0136964 0.0152359 0.0163788 0.017069 0.0172692 0.0169567 0.0160855 0.0146544 0.0126551 0.0100789 0.00695462 0.00331784 -0.000807654 -0.00534037 -0.0102186 -0.0153643 -0.0206671 -0.0260207 -0.0313198 -0.0364216 -0.0412024 -0.0455205 -0.0492236 -0.0521535 -0.0541678 -0.0551383 -0.054967 -0.0536279 -0.0511633 -0.0476638 -0.0433131 -0.0383457 -0.0329977 -0.02756 -0.022302 -0.0174557 -0.0132155 -0.00971269 -0.00697799 -0.0049692 -0.00358859 -0.00271132 -0.00217921 -0.00188085 -0.00171897 -0.00158876 -0.00144086 -0.00125482 -0.00103471 -0.000804996 -0.000611354 -0.000473728 -0.000380107 -0.000327544 -0.000337988 -0.000398023 -0.000504047 -0.000645044 -0.000793383 -0.000927809 -0.00104835 -0.00118173 -0.00129983 -0.00138267 -0.00143578 -0.00147556 -0.00150609 -0.00152296 -0.00153177 -0.00152435 -0.0015032 -0.00149143 -0.0014964 -0.00149181 -0.00146836 -0.00144957 -0.00145681 -0.00146137 -0.00144684 -0.00143408 -0.00143921 -0.00145054 -0.00144045 -0.00142862 -0.00142745 -0.00143428 -0.00143126 -0.00142043 -0.00142221 -0.00142275 -0.00142216 -0.0014117 
0 3.19334e-05 7.22518e-05 0.000114501 0.000146402 0.000176661 0.000213483 0.000253932 0.000292333 0.000325369 0.00036299 0.000401296 0.000442536 0.00048503 0.000524775 0.000571743 0.000623422 0.000689304 0.000746042 0.000795079 0.000860719 0.000937185 0.00101998 0.00107759 0.00113777 0.00120901 0.00126784 0.00131247 0.00133145 0.00134866 0.00135689 0.00135559 0.00134522 0.00131523 0.00128333 0.00128286 0.0013229 0.00139864 0.00152593 0.0017261 0.00204653 0.00250028 0.00312801 0.00395708 0.00501073 0.00635784 0.00804413 0.0100914 0.0124846 0.0151801 0.0180856 0.0210932 0.0240492 0.0267974 0.0291544 0.0309658 0.0321514 0.0326807 0.0326124 0.0320792 0.0312405 0.0302589 0.0293227 0.0285514 0.0280464 0.0278568 0.0279685 0.0283106 0.0287831 0.0292341 0.0295155 0.029486 0.0290205 0.0280419 0.0265054 0.0244104 0.0217896 0.0187103 0.0152459 0.0115004 0.00756927 0.00356331 -0.000419116 -0.00426461 -0.00788669 -0.0111924 -0.0141145 -0.0165971 -0.0186136 -0.0201221 -0.0211247 -0.0216236 -0.0216166 -0.0211067 -0.0201406 -0.0187438 -0.016956 -0.014824 -0.0124121 -0.00977541 -0.00697969 -0.00407404 -0.00112238 0.00182362 0.00469341 0.00741498 0.00991966 0.0121609 0.0140587 0.0155559 0.0166111 0.017191 0.017245 0.0167546 0.0156927 0.0140487 0.0118083 0.00899017 0.00560886 0.00170522 -0.00267799 -0.00747531 -0.0126345 -0.0180687 -0.0236965 -0.0294175 -0.0351166 -0.0406565 -0.0458991 -0.0506744 -0.0548135 -0.0581415 -0.0604833 -0.0616981 -0.0616749 -0.060367 -0.0578027 -0.0540865 -0.0493877 -0.0439657 -0.0380863 -0.0320625 -0.0262026 -0.0207762 -0.0159964 -0.012023 -0.00888951 -0.0065576 -0.0049324 -0.00385736 -0.00318644 -0.00278062 -0.00252564 -0.00232008 -0.00210233 -0.00184012 -0.0015518 -0.00125197 -0.000993019 -0.000797171 -0.000649246 -0.00056422 -0.000539775 -0.000580437 -0.000676138 -0.000811543 -0.000958506 -0.00109849 -0.00122652 -0.00136327 -0.00148744 -0.00157631 -0.00164446 -0.00168858 -0.00173113 -0.00175737 -0.00177193 -0.0017733 -0.00175584 -0.00175241 -0.00175445 -0.00175006 -0.0017281 -0.00170913 -0.00171118 -0.0017117 -0.0016988 -0.00168575 -0.00168813 -0.00169258 -0.00168649 -0.00167495 -0.00167549 -0.00168147 -0.0016784 -0.00167086 -0.00166575 -0.00166744 -0.00166293 -0.00165586 
0 3.95844e-05 8.38752e-05 0.00012696 0.00016605 0.000201961 0.000246045 0.000292333 0.000336607 0.00037809 0.000416312 0.00046467 0.000510959 0.000560414 0.00061151 0.000660186 0.000727582 0.000790594 0.000857207 0.000922372 0.000989273 0.00108064 0.00115285 0.00122696 0.00129288 0.0013583 0.00143111 0.00146677 0.00150013 0.00151157 0.00152048 0.00152856 0.00151558 0.00150325 0.00149523 0.00152225 0.00159752 0.00172468 0.00190845 0.00219376 0.002594 0.00316642 0.00393178 0.00491994 0.00619605 0.00779462 0.00979023 0.0121921 0.0149917 0.0181173 0.0214845 0.0249329 0.0283134 0.0314178 0.0340441 0.03604 0.0372784 0.0377507 0.0375177 0.0367135 0.0355079 0.0341254 0.0327142 0.0314761 0.0305124 0.0298934 0.0296339 0.0296847 0.0299219 0.0302262 0.0304199 0.0303435 0.0298855 0.0289338 0.0274538 0.0254392 0.0229241 0.0199484 0.0166115 0.0129706 0.00913672 0.00519427 0.00126359 -0.00258653 -0.00623445 -0.00962013 -0.0126585 -0.0152978 -0.0174669 -0.0191761 -0.0203696 -0.0210412 -0.0212019 -0.0208879 -0.0200687 -0.0187924 -0.0171004 -0.0150578 -0.012693 -0.0100773 -0.00725771 -0.00432379 -0.00133476 0.00161265 0.00446866 0.00716447 0.00963637 0.0117732 0.0135532 0.0149254 0.0158397 0.0162333 0.0161149 0.0154313 0.0141776 0.0123336 0.00992524 0.00693783 0.00342215 -0.000608006 -0.0050963 -0.010012 -0.0152672 -0.0208308 -0.0266082 -0.0325182 -0.0384517 -0.0442896 -0.0498509 -0.0549868 -0.0594885 -0.0631538 -0.0658116 -0.0672793 -0.0674382 -0.0662336 -0.0636716 -0.059839 -0.054941 -0.0491877 -0.0429137 -0.0364322 -0.030083 -0.0241652 -0.0189398 -0.0145424 -0.0110577 -0.00843504 -0.00656352 -0.00530282 -0.00447666 -0.00394647 -0.00357858 -0.00327702 -0.00295894 -0.00261792 -0.0022301 -0.001857 -0.00151879 -0.0012388 -0.00103341 -0.000885275 -0.000812389 -0.000812189 -0.000876205 -0.000986998 -0.00112415 -0.00125181 -0.00139532 -0.00152841 -0.00165902 -0.00177019 -0.0018417 -0.00191413 -0.00195797 -0.00200179 -0.00202586 -0.00202492 -0.0020242 -0.00201404 -0.00201723 -0.00200897 -0.00198809 -0.00197522 -0.00196815 -0.00196606 -0.0019548 -0.00194047 -0.00193885 -0.00193731 -0.00193141 -0.00192601 -0.00192203 -0.00192641 -0.00192336 -0.00191521 -0.00191263 -0.00190849 -0.00190855 -0.00190359 
0 4.52393e-05 9.21984e-05 0.000135297 0.000182071 0.000225606 0.000275325 0.000325369 0.00037809 0.00042547 0.000476089 0.000531162 0.000589119 0.000650864 0.000702399 0.000768761 0.000829685 0.000902114 0.000970523 0.00104081 0.00112819 0.00120129 0.00129016 0.00135969 0.00143529 0.00150695 0.00156724 0.00162502 0.00165156 0.00167392 0.0016889 0.00170412 0.00170473 0.00171355 0.00173195 0.00179823 0.00191149 0.00208817 0.00236415 0.00272333 0.00325418 0.00395878 0.00488717 0.00608248 0.00758675 0.00947762 0.0117981 0.0145668 0.0177831 0.0213558 0.0251584 0.0290664 0.0328286 0.0362593 0.0391243 0.0412338 0.0424799 0.042833 0.0423578 0.0412044 0.0395577 0.0376444 0.0356887 0.0338659 0.0323557 0.031238 0.0305436 0.0302279 0.0302034 0.0302985 0.0303708 0.0302641 0.0298311 0.0289799 0.0276746 0.0258593 0.0235697 0.0208633 0.0177655 0.0143784 0.0107996 0.00708121 0.00333248 -0.000343271 -0.0039002 -0.00722775 -0.0102559 -0.0129491 -0.0152411 -0.0170667 -0.0184298 -0.0193041 -0.0196694 -0.0195208 -0.0189097 -0.0178671 -0.016404 -0.0145372 -0.0123483 -0.00988945 -0.00722891 -0.00444439 -0.00161265 0.00120846 0.00390759 0.00640284 0.00863863 0.0105839 0.0121651 0.0133125 0.0139869 0.0141855 0.013843 0.0129474 0.0115204 0.00954515 0.00701458 0.00398344 0.000438173 -0.00359064 -0.00804038 -0.0129027 -0.0181394 -0.0236657 -0.0294494 -0.035409 -0.0414182 -0.0473805 -0.0531377 -0.0584983 -0.063269 -0.0672439 -0.0701832 -0.0719166 -0.0722958 -0.0712356 -0.068731 -0.0648979 -0.0598759 -0.0539382 -0.0473969 -0.0405843 -0.0338673 -0.0275769 -0.02197 -0.0172406 -0.0134486 -0.0105609 -0.00848678 -0.00702501 -0.00605238 -0.00538318 -0.00488085 -0.00446089 -0.00404163 -0.00358226 -0.00311299 -0.00264034 -0.00221008 -0.00184684 -0.00154005 -0.00132961 -0.00117387 -0.00111321 -0.00112767 -0.00119577 -0.00130026 -0.00142279 -0.00155777 -0.00169503 -0.00183284 -0.0019476 -0.00205248 -0.00212059 -0.00219114 -0.00224141 -0.0022705 -0.00228781 -0.00228201 -0.00228818 -0.00227679 -0.00226882 -0.00225355 -0.00223974 -0.00223161 -0.00222191 -0.0022144 -0.00220088 -0.00219537 -0.00218668 -0.00218602 -0.00217753 -0.00217497 -0.00217141 -0.00216559 -0.00216536 -0.00215456 -0.00215922 -0.00215308 -0.00215486 
0 5.24763e-05 0.000104805 0.000148784 0.000207603 0.000257023 0.000311566 0.00036299 0.000416312 0.000476089 0.000525367 0.000591909 0.00065498 0.00072396 0.000792995 0.000860354 0.000944975 0.00101501 0.00109655 0.00118433 0.00126728 0.00135587 0.00142507 0.00151 0.001585 0.00164363 0.00171284 0.00175636 0.00179982 0.00181892 0.00183956 0.00187062 0.00188264 0.00192134 0.0019865 0.00210013 0.00227528 0.00253675 0.00290124 0.00339276 0.00404208 0.00491155 0.0060265 0.00743204 0.00921651 0.011418 0.0140993 0.0172682 0.0209152 0.0249208 0.0291702 0.0334676 0.0375908 0.0412912 0.0443247 0.0465106 0.0476894 0.0478471 0.0470565 0.0454589 0.0432596 0.0407585 0.0381416 0.0356841 0.0335612 0.031876 0.0306845 0.0299689 0.0296115 0.0294971 0.0294567 0.0293272 0.0289845 0.0283023 0.0272363 0.02573 0.023799 0.021456 0.0187575 0.0157485 0.0125344 0.00915844 0.0057476 0.00234608 -0.000958839 -0.00410958 -0.00702903 -0.00968235 -0.0119671 -0.0138886 -0.0153765 -0.0163981 -0.0169608 -0.0170979 -0.0167476 -0.0159579 -0.0147658 -0.0132247 -0.0113553 -0.00922556 -0.00687796 -0.00441714 -0.00190519 0.000549373 0.00289215 0.00506561 0.00700903 0.00859969 0.00984091 0.010688 0.0110911 0.0110044 0.0104453 0.00936408 0.00779567 0.00572217 0.00318079 0.000173872 -0.00326967 -0.007164 -0.0114568 -0.016169 -0.0212272 -0.0266119 -0.0322627 -0.0381152 -0.044067 -0.0500375 -0.0558445 -0.0613369 -0.0662925 -0.0704785 -0.0736742 -0.0756508 -0.0762514 -0.0753775 -0.0729994 -0.0692056 -0.0641833 -0.0581387 -0.0514498 -0.0444375 -0.0374766 -0.0309198 -0.0250573 -0.0200494 -0.0160143 -0.01291 -0.0106282 -0.00901104 -0.00788756 -0.00708963 -0.00646064 -0.00591829 -0.0053691 -0.00479964 -0.00419551 -0.00361744 -0.0030727 -0.00258768 -0.00219501 -0.00188392 -0.00165334 -0.00151871 -0.00146684 -0.00147698 -0.00153774 -0.0016231 -0.00175251 -0.00187212 -0.00200635 -0.00214052 -0.00224255 -0.00234001 -0.00240593 -0.0024705 -0.00250859 -0.00252221 -0.00254201 -0.00254008 -0.00253497 -0.00252453 -0.00251391 -0.00251172 -0.0024936 -0.00248545 -0.00247923 -0.00246768 -0.00245932 -0.0024463 -0.00244674 -0.00244139 -0.00243368 -0.00242685 -0.00242083 -0.00242077 -0.00241422 -0.00241205 -0.0024076 -0.00240676 
0 5.85396e-05 0.000112197 0.000160792 0.000227238 0.000287963 0.000347003 0.000401296 0.00046467 0.000531162 0.000591909 0.00065946 0.000728918 0.000804574 0.000873838 0.000957047 0.00103952 0.00112172 0.00120972 0.00130733 0.00141237 0.00149494 0.00158297 0.00166994 0.00175064 0.00180664 0.00185396 0.00190142 0.00193257 0.00195381 0.00197964 0.00202342 0.0020652 0.00214989 0.0022738 0.00246253 0.00271612 0.00306888 0.00356071 0.00417311 0.00498812 0.00603388 0.00736085 0.00902656 0.0111045 0.013658 0.0167226 0.0203033 0.0243848 0.0288312 0.0334829 0.0381632 0.0425756 0.0464797 0.0496123 0.051767 0.0527962 0.0526754 0.0514776 0.0493621 0.0465565 0.043366 0.0400526 0.0368805 0.0340876 0.0317959 0.0300779 0.0289207 0.0282491 0.0279131 0.0277765 0.027682 0.0274755 0.0270344 0.0263035 0.0251811 0.0236746 0.0218068 0.0195803 0.017065 0.0143485 0.0114456 0.0084574 0.00545471 0.00247316 -0.000396524 -0.00308954 -0.00558324 -0.00780004 -0.00969606 -0.0112572 -0.0124409 -0.0132169 -0.0135738 -0.0135236 -0.013094 -0.0122896 -0.0111298 -0.00968984 -0.00802399 -0.00618615 -0.00425102 -0.00227459 -0.000308724 0.00155054 0.00322889 0.00467529 0.00584333 0.00668401 0.00713889 0.0071794 0.00681601 0.00601741 0.00477325 0.00312321 0.00104695 -0.00145163 -0.00433142 -0.00761345 -0.0112936 -0.0153239 -0.0197444 -0.0245288 -0.0296304 -0.0350408 -0.040698 -0.0464887 -0.0523505 -0.0581214 -0.0636268 -0.0686658 -0.0730078 -0.0763812 -0.0785695 -0.0793799 -0.0786883 -0.0764545 -0.072779 -0.0678003 -0.0617721 -0.0550398 -0.0479377 -0.0408481 -0.0341354 -0.0280859 -0.0228986 -0.0186786 -0.0154042 -0.0129839 -0.0112238 -0.00998899 -0.00907221 -0.00831827 -0.00764785 -0.00697199 -0.00625762 -0.0055305 -0.00481401 -0.00413515 -0.00352454 -0.00299894 -0.00258954 -0.0022536 -0.00203387 -0.00190627 -0.00184508 -0.00184538 -0.00189264 -0.00198321 -0.0020773 -0.0021908 -0.0023101 -0.00242472 -0.00251484 -0.00260114 -0.00267334 -0.00272326 -0.00276271 -0.00279245 -0.00281389 -0.00280396 -0.00279712 -0.00279238 -0.00278584 -0.00276426 -0.00274565 -0.00274252 -0.00273326 -0.00272145 -0.00270649 -0.00271082 -0.002707 -0.00270107 -0.0026915 -0.00268588 -0.00268992 -0.00267869 -0.00267698 -0.00266493 -0.00266203 
0 6.74418e-05 0.000126914 0.000179065 0.000254727 0.000322785 0.000385444 0.000442536 0.000510959 0.000589119 0.00065498 0.000728918 0.00080312 0.000884697 0.000966724 0.00105747 0.00115293 0.0012395 0.00133473 0.00144032 0.0015452 0.00162963 0.00171172 0.00180384 0.00188427 0.00193486 0.00197997 0.00202864 0.00207108 0.00210294 0.00214449 0.00221205 0.00229307 0.00243115 0.00263156 0.00290428 0.0032567 0.00372742 0.00435223 0.00512582 0.0061128 0.00736355 0.00892894 0.0108737 0.013282 0.0162083 0.0196748 0.0236794 0.0281847 0.0330382 0.0380648 0.0430516 0.0476984 0.0517311 0.0548782 0.0569262 0.0577151 0.0572202 0.0555304 0.0528126 0.0493268 0.0454134 0.0413562 0.037458 0.0339761 0.0310558 0.0287918 0.0271984 0.0262087 0.0256974 0.025521 0.0255133 0.0255072 0.0253625 0.0250002 0.0243198 0.0233109 0.0219794 0.0203232 0.018387 0.0162355 0.0138817 0.0114133 0.00888319 0.00633031 0.00382905 0.00143633 -0.000821967 -0.00287529 -0.00469928 -0.00626437 -0.00752902 -0.00848137 -0.00911302 -0.00939262 -0.00933768 -0.00897447 -0.00833432 -0.00746277 -0.00640455 -0.00520259 -0.00392221 -0.00261345 -0.00133286 -0.000138496 0.000923469 0.00179427 0.00240257 0.00272671 0.0027369 0.00240748 0.00174164 0.000733095 -0.000631221 -0.00232233 -0.00435936 -0.00673816 -0.0094365 -0.0124712 -0.0158517 -0.0195504 -0.0236104 -0.0280167 -0.0327524 -0.0378206 -0.0431757 -0.0487276 -0.0544105 -0.060063 -0.0655111 -0.070549 -0.0749379 -0.0784142 -0.0807429 -0.0817228 -0.081211 -0.0791484 -0.0756139 -0.0707474 -0.0647881 -0.0580922 -0.0509987 -0.0438867 -0.0371296 -0.0310137 -0.0257342 -0.0214111 -0.0180312 -0.015501 -0.0136498 -0.0123233 -0.0113164 -0.0104636 -0.00967755 -0.00887268 -0.00801799 -0.00713861 -0.00626904 -0.00543129 -0.00466077 -0.00399351 -0.00344668 -0.00299369 -0.00266326 -0.00243408 -0.00228173 -0.00220272 -0.00219138 -0.00223688 -0.00229514 -0.00238341 -0.00249506 -0.00260818 -0.00270981 -0.0028044 -0.00288771 -0.00294871 -0.00299819 -0.00304678 -0.00307425 -0.00307077 -0.00306732 -0.00306993 -0.00306819 -0.00304046 -0.00301989 -0.00301624 -0.00301016 -0.00299431 -0.00297312 -0.00297497 -0.00296974 -0.00296253 -0.00295167 -0.00294706 -0.00295179 -0.00294148 -0.00293823 -0.00292666 -0.00292371 
0 7.65038e-05 0.000141134 0.000197286 0.000279138 0.000354836 0.00042226 0.00048503 0.000560414 0.000650864 0.00072396 0.000804574 0.000884697 0.00097288 0.00106859 0.0011634 0.00126918 0.00135839 0.00145884 0.00156999 0.00166959 0.00175597 0.00182919 0.00192438 0.00200313 0.00204999 0.00209772 0.00215026 0.00221225 0.00226484 0.00233543 0.0024409 0.00257823 0.00278379 0.00307161 0.003437 0.0038976 0.0044984 0.00526926 0.00623123 0.00742268 0.00892001 0.0107694 0.0130369 0.0158108 0.0191277 0.022999 0.0274122 0.0323088 0.0375257 0.0428759 0.0481038 0.0529129 0.0569891 0.0600556 0.0618939 0.06234 0.0613771 0.0591119 0.0557273 0.051512 0.0468377 0.0420096 0.0373714 0.0331961 0.0296624 0.0268832 0.0248979 0.0236398 0.0230028 0.0228309 0.0229501 0.0231861 0.0233852 0.0234433 0.0232613 0.022806 0.0220612 0.0210257 0.0197189 0.0181867 0.0164407 0.0145515 0.0125538 0.0104973 0.00843396 0.00641287 0.00445681 0.00262925 0.00093679 -0.000581196 -0.00188957 -0.00297495 -0.00384267 -0.00445735 -0.00483905 -0.00500207 -0.00496887 -0.0047567 -0.00441118 -0.00396263 -0.0034616 -0.00293725 -0.00244895 -0.00203542 -0.00173139 -0.00157002 -0.00161052 -0.0018526 -0.00232123 -0.00303571 -0.00400213 -0.00520685 -0.00666895 -0.00836712 -0.0103205 -0.0125262 -0.0149922 -0.0177282 -0.0207571 -0.0240714 -0.0277168 -0.0316911 -0.0360099 -0.0406792 -0.0456711 -0.0509183 -0.0563492 -0.061809 -0.0671272 -0.0720917 -0.0764552 -0.0799631 -0.0823627 -0.0834507 -0.0830715 -0.0811575 -0.0777622 -0.0730325 -0.0671879 -0.0605895 -0.0535795 -0.0465334 -0.0398246 -0.0337397 -0.0284629 -0.0241216 -0.0207072 -0.0181205 -0.0162204 -0.0148297 -0.0137562 -0.0128274 -0.0119471 -0.0110323 -0.0100565 -0.00903371 -0.00801131 -0.00700389 -0.00605291 -0.00521686 -0.00449772 -0.00389824 -0.00342718 -0.00307175 -0.00280939 -0.0026379 -0.00255596 -0.00254582 -0.00255921 -0.00261128 -0.00270324 -0.00280168 -0.0029086 -0.00300458 -0.00309629 -0.00316715 -0.00322571 -0.00329294 -0.00332565 -0.00333367 -0.00333704 -0.00335052 -0.00335613 -0.00332663 -0.00330632 -0.0033004 -0.00329607 -0.00327637 -0.00324961 -0.00324395 -0.0032351 -0.00322354 -0.00321016 -0.00320454 -0.00320622 -0.00319909 -0.00319552 -0.00319079 -0.00319194 
0 8.6505e-05 0.000152481 0.000218868 0.000298954 0.000386649 0.000457524 0.000524775 0.00061151 0.000702399 0.000792995 0.000873838 0.000966724 0.00106859 0.001169 0.00128267 0.00138289 0.00148881 0.0015922 0.00170189 0.0018084 0.00187561 0.00195672 0.00203852 0.00211526 0.00216613 0.00220457 0.00227705 0.00235119 0.00243741 0.00254757 0.00269993 0.00290855 0.00319981 0.00358253 0.00406486 0.00465623 0.00540558 0.00636692 0.00753095 0.00897808 0.0107496 0.0129143 0.0155445 0.0186968 0.022418 0.026693 0.031493 0.0367418 0.0422794 0.0478673 0.0532708 0.0581351 0.0621528 0.065039 0.0665536 0.0665626 0.0650542 0.062139 0.0580378 0.053072 0.047598 0.0420123 0.0366366 0.0317934 0.0276909 0.024459 0.0221326 0.0206882 0.019977 0.0198577 0.0201528 0.0206622 0.0212369 0.0217624 0.0221189 0.0222508 0.0221443 0.0217485 0.0210936 0.0202033 0.0190946 0.0178005 0.0163907 0.0148654 0.013287 0.0116837 0.0100833 0.00850401 0.00700773 0.00558224 0.0042555 0.00304576 0.00198133 0.00101821 0.000166241 -0.00056917 -0.00117629 -0.00170403 -0.00214604 -0.00253198 -0.00288701 -0.00325734 -0.00363818 -0.00408311 -0.00461808 -0.00526272 -0.00598723 -0.00683309 -0.00781462 -0.0089381 -0.0101789 -0.0115818 -0.0131249 -0.0148109 -0.0166497 -0.0186681 -0.0208496 -0.0232594 -0.0259045 -0.028809 -0.032015 -0.0355609 -0.039434 -0.0436797 -0.0482748 -0.0531626 -0.0582804 -0.0634999 -0.0686227 -0.0734499 -0.077735 -0.0811879 -0.0835873 -0.0847087 -0.0843924 -0.0825743 -0.0793059 -0.0746892 -0.0689947 -0.0625247 -0.0556483 -0.0487402 -0.0421595 -0.0361799 -0.031004 -0.0267196 -0.0233364 -0.020768 -0.0188527 -0.0174516 -0.0163448 -0.0153757 -0.0144343 -0.0134418 -0.0123546 -0.0112133 -0.0100278 -0.00884314 -0.00770803 -0.00666719 -0.0057709 -0.00499369 -0.00436508 -0.00386433 -0.00346979 -0.00318713 -0.00301967 -0.00292862 -0.00288844 -0.00289254 -0.00294202 -0.00303043 -0.00311449 -0.00321866 -0.00330468 -0.00337706 -0.00345365 -0.00351742 -0.00357033 -0.00357909 -0.00359486 -0.00362287 -0.00362937 -0.00361313 -0.00358842 -0.00358638 -0.00358239 -0.00356051 -0.00353606 -0.00352347 -0.00351547 -0.00350258 -0.0034881 -0.00348108 -0.00347819 -0.00347025 -0.00346563 -0.00346143 -0.00346234 
0 8.93264e-05 0.000163187 0.000228667 0.000318637 0.000410301 0.000491938 0.000571743 0.000660186 0.000768761 0.000860354 0.000957047 0.00105747 0.0011634 0.00128267 0.00138472 0.00150298 0.00160418 0.00171591 0.0018344 0.00192336 0.00200858 0.00207236 0.00216322 0.00223699 0.00228377 0.00233808 0.00240924 0.00251436 0.002634 0.00279084 0.00300335 0.00329783 0.00368079 0.00419047 0.00480075 0.00555457 0.00650067 0.00765842 0.00909345 0.0108032 0.0128896 0.0153967 0.018391 0.0219399 0.026055 0.0307131 0.0358793 0.0414416 0.047224 0.0530061 0.0584586 0.0632868 0.0671244 0.0696992 0.0707894 0.0702695 0.0681361 0.0645376 0.0596972 0.053957 0.0477256 0.0413806 0.035323 0.0298697 0.0252623 0.0216381 0.0190687 0.0174734 0.0167651 0.0167599 0.0172684 0.0181033 0.0191055 0.0201081 0.0210293 0.0217757 0.0222869 0.0225514 0.0225562 0.0223007 0.0218257 0.0211623 0.0203226 0.0193553 0.018275 0.0171042 0.0158683 0.0146007 0.0132905 0.011979 0.0106761 0.00936723 0.00802931 0.00672038 0.00543268 0.00414338 0.00283997 0.00156556 0.000296101 -0.000971868 -0.00224718 -0.00352614 -0.00486023 -0.00622748 -0.0076097 -0.00901231 -0.0104812 -0.0119723 -0.0134722 -0.014989 -0.0165483 -0.0181238 -0.0197409 -0.0214088 -0.023138 -0.0249398 -0.0268651 -0.0289278 -0.0311823 -0.0336863 -0.0364692 -0.0395652 -0.0430228 -0.0468435 -0.0510232 -0.0555513 -0.060332 -0.0652545 -0.0701441 -0.0747774 -0.07889 -0.0822402 -0.0845454 -0.0856191 -0.0852972 -0.0835203 -0.0803104 -0.0758193 -0.070248 -0.0639334 -0.0572268 -0.05049 -0.0440843 -0.03828 -0.0332529 -0.0291058 -0.025838 -0.0233377 -0.0215069 -0.0201323 -0.019052 -0.0180876 -0.0171167 -0.0160678 -0.0149094 -0.0136425 -0.0123181 -0.0109585 -0.0096187 -0.0083918 -0.00727296 -0.00632199 -0.00550838 -0.00483759 -0.00429671 -0.00387755 -0.00359496 -0.00340822 -0.00328597 -0.003223 -0.00322749 -0.00326683 -0.00334841 -0.00342726 -0.0035148 -0.00359271 -0.00366691 -0.00375711 -0.00380169 -0.00383455 -0.0038531 -0.00388636 -0.00390574 -0.0038846 -0.00387207 -0.00386313 -0.00386307 -0.00384487 -0.00382279 -0.00381397 -0.00380717 -0.00379817 -0.00378431 -0.00377528 -0.00376652 -0.00375787 -0.00374713 -0.00374068 -0.00373445 
0 9.6459e-05 0.000169769 0.000254357 0.000339055 0.000447342 0.000535647 0.000623422 0.000727582 0.000829685 0.000944975 0.00103952 0.00115293 0.00126918 0.00138289 0.00150298 0.00160231 0.00171692 0.00182474 0.00193538 0.00203383 0.00210409 0.00219022 0.00227394 0.00235523 0.00241925 0.00247865 0.00258002 0.00271097 0.00288147 0.00310057 0.00338697 0.00377828 0.00428579 0.0049214 0.00569657 0.00663577 0.00778774 0.00920067 0.0108968 0.0129276 0.0153429 0.0182078 0.0215914 0.0255236 0.0300147 0.0350343 0.0405129 0.046327 0.0523034 0.0581563 0.0635917 0.0682471 0.0717865 0.0739444 0.0744962 0.0733616 0.0705663 0.0662432 0.0606662 0.0541989 0.04722 0.0402038 0.0335245 0.0275375 0.022511 0.0185911 0.0158219 0.0141762 0.0135115 0.013668 0.0144545 0.0156616 0.0171155 0.0186466 0.0201312 0.0214609 0.0225901 0.0234716 0.0241074 0.0244939 0.0246582 0.0245838 0.0243234 0.0238766 0.0232725 0.0225274 0.0216701 0.0206786 0.0195948 0.0183856 0.0170508 0.0156095 0.0140906 0.0124364 0.0106678 0.00881425 0.00689757 0.00487961 0.0027905 0.00063801 -0.00156277 -0.00380835 -0.0060398 -0.00827065 -0.0105064 -0.0127301 -0.0148713 -0.0169572 -0.0189855 -0.0209373 -0.0227853 -0.0245675 -0.0262632 -0.0279125 -0.0295334 -0.0311671 -0.0328363 -0.0346121 -0.0365172 -0.0386293 -0.040994 -0.0436868 -0.0467311 -0.050167 -0.0539843 -0.0581549 -0.0625958 -0.0672087 -0.0718026 -0.0761741 -0.0800741 -0.083218 -0.0853727 -0.0863205 -0.0859103 -0.0840985 -0.0809163 -0.0764766 -0.0710411 -0.0648684 -0.0583322 -0.0517953 -0.0455839 -0.0399754 -0.0351621 -0.0312033 -0.0281122 -0.0257873 -0.0240798 -0.0228258 -0.0218179 -0.0209036 -0.0199504 -0.0188864 -0.0176776 -0.0163387 -0.0148829 -0.0133646 -0.0118432 -0.0103869 -0.00906134 -0.0078855 -0.00686889 -0.00600612 -0.00528617 -0.0047165 -0.00429656 -0.00398503 -0.00376748 -0.00361983 -0.00354741 -0.00354983 -0.00358582 -0.00365767 -0.00372892 -0.0038043 -0.00389963 -0.00398169 -0.00405452 -0.00408899 -0.00412035 -0.00416223 -0.00417616 -0.0041772 -0.00415703 -0.00415515 -0.00415226 -0.00413243 -0.00411892 -0.00410021 -0.00409905 -0.00408586 -0.00407176 -0.00406114 -0.00404626 -0.00404223 -0.00402802 -0.00402319 -0.004013 
0 0.000102536 0.00019303 0.000285548 0.000383792 0.000493547 0.000591283 0.000689304 0.000790594 0.000902114 0.00101501 0.00112172 0.0012395 0.00135839 0.00148881 0.00160418 0.00171692 0.00182832 0.00193995 0.00205124 0.00213279 0.00221326 0.00228838 0.00237483 0.00245765 0.00253388 0.00262858 0.00276137 0.00294881 0.00319087 0.00349335 0.00387653 0.0043892 0.00502546 0.00582222 0.00676863 0.00791911 0.00931867 0.0109887 0.0130035 0.0153575 0.0181289 0.0213645 0.0251249 0.029435 0.034281 0.0396174 0.0453657 0.0513645 0.0574197 0.0632576 0.0685175 0.0728853 0.0760092 0.0776456 0.0775961 0.0758076 0.0723086 0.0672664 0.0609629 0.0537816 0.0461461 0.0385225 0.0313344 0.0249288 0.0195799 0.0154323 0.0125595 0.0108926 0.0103456 0.010732 0.0118416 0.0134617 0.0154017 0.0174359 0.0194724 0.0213814 0.0230886 0.0245765 0.0258219 0.0267921 0.0275319 0.0280275 0.0282869 0.0283393 0.0281861 0.0278299 0.0272884 0.0265529 0.0256145 0.0244818 0.0231452 0.021586 0.0197959 0.0178159 0.015651 0.0132856 0.0107226 0.00800626 0.00514688 0.00217154 -0.000884538 -0.00397788 -0.00709852 -0.0101911 -0.0132024 -0.0161137 -0.0189329 -0.0216169 -0.0241319 -0.0264652 -0.0286269 -0.0306055 -0.0324158 -0.0340937 -0.0356578 -0.037149 -0.0386334 -0.0401468 -0.0417522 -0.0435498 -0.0455699 -0.0478951 -0.050594 -0.0536781 -0.0571524 -0.061016 -0.0651404 -0.0694376 -0.0737269 -0.0777905 -0.0813849 -0.0842767 -0.086191 -0.0869495 -0.0863952 -0.0844848 -0.0812404 -0.0768153 -0.071431 -0.0653758 -0.0590058 -0.0526669 -0.0466778 -0.0413006 -0.0367149 -0.032983 -0.0301121 -0.0279868 -0.0264911 -0.0254008 -0.024548 -0.0237544 -0.0228755 -0.0218492 -0.0206449 -0.0192529 -0.0177085 -0.0160537 -0.0143492 -0.0126927 -0.0111211 -0.00972069 -0.00846478 -0.00737638 -0.00646055 -0.00570925 -0.00513362 -0.00468787 -0.00435817 -0.0041162 -0.00396551 -0.00389681 -0.00389593 -0.00392056 -0.0039691 -0.00403181 -0.00411508 -0.00420856 -0.00427803 -0.00433923 -0.00438069 -0.00442932 -0.00446015 -0.00446924 -0.00446734 -0.0044606 -0.00445812 -0.00443731 -0.00441716 -0.00439408 -0.0043822 -0.00436706 -0.00434855 -0.00433477 -0.00432063 -0.00431886 -0.00430965 -0.00430696 -0.00429905 
