0 0 0 0 0 0 0 0 0 0 0 0 0 0 0 0 0 0 0 0 0 0 0 0 0 0 0 0 0 0 0 0 0 0 0 0 0 0 0 0 0 0 0 0 0 0 0 0 0 0 0 0 0 0 0 0 0 0 0 0 0 0 0 0 0 0 0 0 0 0 0 0 0 0 0 0 0 0 0 0 0 0 0 0 0 0 0 0 0 0 0 0 0 0 0 0 0 0 0 0 0 0 0 0 0 0 0 0 0 0 0 0 0 0 0 0 0 0 0 0 0 0 0 0 0 0 0 0 0 0 0 0 0 0 0 0 0 0 0 0 0 0 0 0 0 0 0 0 0 0 0 0 0 0 0 0 0 0 0 0 0 0 0 0 0 0 0 0 0 0 0 0 0 0 0 0 0 0 0 0 0 0 0 0 0 0 0 0 0 0 0 0 0 0 0 0 0 0 0 0 
0 0.000269468 0.000540073 0.000839029 0.00116075 0.00152485 0.0019248 0.00234433 0.00278631 0.00321004 0.00360473 0.00393058 0.00415708 0.00428291 0.00427449 0.0041481 0.00389923 0.00356211 0.00319167 0.00281812 0.00249067 0.00222669 0.0020621 0.0020137 0.00208761 0.00226322 0.00253133 0.00287117 0.00324424 0.00363355 0.00397422 0.00427921 0.00451199 0.00465124 0.00470349 0.00463775 0.00448662 0.0042273 0.0038604 0.00339893 0.00285522 0.00222252 0.00152116 0.000757246 -5.35809e-05 -0.000885156 -0.00175775 -0.0026225 -0.00347913 -0.00431238 -0.00511492 -0.00585908 -0.00653994 -0.00715426 -0.00768876 -0.00814273 -0.0085036 -0.00878284 -0.00896756 -0.00906611 -0.00906366 -0.00899694 -0.00884596 -0.00861529 -0.00833037 -0.00799225 -0.00758902 -0.00715903 -0.00671177 -0.00623341 -0.00575742 -0.00528384 -0.00481664 -0.00435939 -0.0039372 -0.00353706 -0.00316564 -0.00281539 -0.00250757 -0.00221753 -0.00195855 -0.00173729 -0.00154006 -0.00134417 -0.0011898 -0.00106414 -0.000944315 -0.000837706 -0.000757856 -0.000686979 -0.000630771 -0.00058539 -0.000544748 -0.000515301 -0.000496736 -0.000476781 -0.00046198 -0.000455447 -0.000447007 -0.000440584 -0.000439263 -0.000435219 -0.00043098 -0.000432333 -0.00042919 -0.000422897 -0.000421282 -0.000416146 -0.000406437 -0.000395895 -0.000377707 -0.000355031 -0.000337411 -0.000298659 -0.000244337 -0.000196904 -0.00014271 -5.33509e-05 4.12787e-05 0.000147039 0.000271247 0.000418302 0.000579153 0.000773466 0.000986228 0.00122956 0.00149132 0.00179142 0.00212309 0.0024863 0.00287481 0.00330389 0.00374307 0.004207 0.00469962 0.00519122 0.00568101 0.00617496 0.00664699 0.00708323 0.00750397 0.00787671 0.00820123 0.00846367 0.00867432 0.00880534 0.00886509 0.0088471 0.00875268 0.00857211 0.00830414 0.00795129 0.00751673 0.00700415 0.00639811 0.00574532 0.00501955 0.00423689 0.00341048 0.00254644 0.0016546 0.000740774 -0.000193188 -0.0011276 -0.00205446 -0.00299994 -0.00391956 -0.00483563 -0.0057244 -0.00658372 -0.00741367 -0.00816612 -0.00884346 -0.00941379 -0.0098599 -0.0101476 -0.0102629 -0.010197 -0.00996158 -0.00956381 -0.00901428 -0.00836719 -0.00764798 -0.00692466 -0.00622805 -0.00560288 -0.0051022 -0.00472934 -0.00450409 -0.00439053 -0.00437399 -0.0044382 -0.00454946 -0.00469207 -0.00482182 -0.00492521 -0.00499511 -0.00502808 -0.00503459 -0.00500006 
0 0.000540073 0.00110905 0.00169424 0.00236608 0.00309133 0.00389387 0.0047532 0.00561785 0.00649037 0.00726849 0.00792415 0.00839366 0.00862694 0.00863405 0.00836494 0.00786743 0.00719333 0.00642324 0.00567212 0.00498229 0.00443045 0.0040751 0.00394484 0.00406208 0.00438722 0.00488903 0.00553798 0.0062641 0.00699679 0.00767597 0.00825315 0.00870413 0.00898705 0.00906312 0.00894779 0.00863316 0.00811504 0.00739408 0.00648668 0.00541715 0.00419734 0.00283307 0.00134424 -0.000206852 -0.0018438 -0.00352047 -0.00519723 -0.00686168 -0.00847051 -0.0100205 -0.0114812 -0.0128117 -0.0140126 -0.0150919 -0.0159709 -0.0166954 -0.0172544 -0.0176293 -0.0178313 -0.0178699 -0.0177448 -0.0174625 -0.0170377 -0.0164812 -0.0158329 -0.0150755 -0.0142569 -0.0133732 -0.0124638 -0.0115222 -0.0105921 -0.00968153 -0.00880688 -0.00794582 -0.00715082 -0.00641004 -0.00571023 -0.00508362 -0.00452424 -0.00399643 -0.00352103 -0.00311997 -0.00275616 -0.00244353 -0.00215706 -0.00191177 -0.00171141 -0.00155449 -0.00139077 -0.00127408 -0.00118101 -0.00110599 -0.00103324 -0.000996058 -0.000949139 -0.000926055 -0.000902555 -0.000890786 -0.000869551 -0.000872979 -0.000857801 -0.000856353 -0.000848384 -0.000847621 -0.000831168 -0.000835217 -0.000811162 -0.000791234 -0.000770046 -0.000746873 -0.00068321 -0.000631274 -0.000559956 -0.000475874 -0.000360862 -0.000220612 -5.01025e-05 0.000116502 0.000339903 0.000614545 0.000904126 0.00123304 0.00162869 0.00205584 0.00253114 0.00309038 0.00369357 0.00434925 0.00506262 0.00585073 0.00667623 0.0075572 0.00847435 0.00942767 0.0103668 0.011329 0.0122718 0.0131799 0.0140403 0.0148368 0.015545 0.0161633 0.0166601 0.0170376 0.0173037 0.0173888 0.0173377 0.017136 0.0167557 0.0162057 0.0155135 0.0146503 0.0136401 0.0124796 0.0111858 0.00979024 0.00826944 0.00666531 0.00499896 0.00328093 0.00150467 -0.000297073 -0.00211186 -0.00393785 -0.00576545 -0.00759281 -0.00938307 -0.0111311 -0.0128374 -0.0144628 -0.0159627 -0.017307 -0.0184444 -0.019338 -0.0199265 -0.0201568 -0.0200494 -0.01959 -0.0188075 -0.0177499 -0.0164624 -0.015076 -0.0136542 -0.0122918 -0.0110919 -0.0100977 -0.00939832 -0.00895524 -0.00874491 -0.00873748 -0.00885943 -0.0091112 -0.00939244 -0.00966532 -0.00988916 -0.0100258 -0.0101181 -0.0101262 -0.0100745 
0 0.000839029 0.00169424 0.00262077 0.00362468 0.00474568 0.00597066 0.00725849 0.00859547 0.00988545 0.0110731 0.0120536 0.0127389 0.0131042 0.0130761 0.0126768 0.0119126 0.0108773 0.00971924 0.00854441 0.0074823 0.00660341 0.00600669 0.00574637 0.00584291 0.00624712 0.00692747 0.00782373 0.00883169 0.00988334 0.0108221 0.0116491 0.0122769 0.0126467 0.0127589 0.0125544 0.0120963 0.011342 0.0102945 0.00898729 0.00745525 0.00569199 0.00374268 0.00163041 -0.000600296 -0.00289637 -0.00528729 -0.00766858 -0.010031 -0.0123366 -0.0145663 -0.0166543 -0.0185794 -0.020331 -0.0218767 -0.0231994 -0.0242748 -0.0251202 -0.0257057 -0.0260462 -0.0261148 -0.0259868 -0.0256256 -0.0250446 -0.0243005 -0.0234035 -0.0223316 -0.0211698 -0.0199428 -0.0186306 -0.0173018 -0.0159667 -0.014639 -0.0133303 -0.0120941 -0.010916 -0.0098097 -0.00876244 -0.00782401 -0.00694621 -0.0061525 -0.00546022 -0.00484345 -0.00425162 -0.00376577 -0.00335794 -0.00298179 -0.00265037 -0.00238948 -0.00215835 -0.00197197 -0.00181913 -0.00168603 -0.00158323 -0.0015124 -0.00144395 -0.0013928 -0.00136216 -0.00133247 -0.00130855 -0.00129876 -0.00128328 -0.00126949 -0.00126602 -0.00125362 -0.00123247 -0.00122064 -0.00119658 -0.00116042 -0.00111833 -0.00105632 -0.000976425 -0.000900859 -0.000773688 -0.000606855 -0.00044253 -0.000251341 2.46813e-05 0.00032283 0.000662555 0.00106045 0.00152179 0.00203286 0.00263781 0.00330239 0.00405109 0.00486512 0.00577817 0.00677406 0.00785197 0.00899836 0.0102342 0.0114983 0.0128157 0.0141896 0.0155522 0.0169033 0.0182473 0.019526 0.0207079 0.0218286 0.0228161 0.0236639 0.0243384 0.0248552 0.0251564 0.025248 0.0251216 0.0247793 0.0241981 0.0233788 0.0223355 0.0210746 0.0196081 0.0179123 0.0160841 0.0140779 0.011923 0.00965124 0.00727925 0.00482633 0.00230168 -0.000284705 -0.0028902 -0.00549922 -0.00815955 -0.0107806 -0.0133951 -0.0159516 -0.01844 -0.0208439 -0.0230488 -0.025039 -0.0267299 -0.0280624 -0.0289435 -0.0293245 -0.0291865 -0.0285526 -0.0274472 -0.0259138 -0.0240876 -0.0220667 -0.0200241 -0.0180634 -0.0163158 -0.0149162 -0.0138971 -0.0132927 -0.0130201 -0.0130317 -0.0132718 -0.0136553 -0.0141187 -0.0145504 -0.0149032 -0.0151541 -0.0152966 -0.0153472 -0.0152842 
0 0.00116075 0.00236608 0.00362468 0.00502214 0.00654121 0.00819557 0.00994502 0.0117131 0.0134525 0.0150152 0.0163108 0.017224 0.0176733 0.0176367 0.0170673 0.0160282 0.0146267 0.013027 0.0114181 0.00992154 0.00867108 0.00778263 0.00732592 0.00733264 0.0077512 0.00852268 0.00957953 0.0107979 0.0120486 0.0132077 0.0141944 0.0149473 0.0153938 0.0154832 0.0152166 0.0146007 0.0136253 0.0122954 0.0106451 0.0087144 0.00652645 0.00410062 0.00147621 -0.00126738 -0.00413356 -0.00707484 -0.0100234 -0.0129522 -0.0158083 -0.0185736 -0.0211975 -0.0236228 -0.0258415 -0.027842 -0.0295357 -0.0309507 -0.0320766 -0.0328848 -0.0333828 -0.0335784 -0.0334857 -0.0331077 -0.0324643 -0.0315881 -0.0305224 -0.0292576 -0.0278592 -0.0263391 -0.0247365 -0.0230675 -0.0213837 -0.0197064 -0.0180585 -0.0164371 -0.0148989 -0.0134417 -0.0120582 -0.0107933 -0.00963732 -0.00855973 -0.00758789 -0.00673751 -0.00596625 -0.00529587 -0.00469731 -0.00417265 -0.00373014 -0.00336606 -0.00302455 -0.00275468 -0.00253489 -0.00235143 -0.00219145 -0.00208219 -0.00197771 -0.00190699 -0.00184894 -0.00180734 -0.00176459 -0.00174969 -0.00172044 -0.00170413 -0.00168468 -0.00166788 -0.00163422 -0.00161563 -0.00156432 -0.00150754 -0.00144287 -0.00136091 -0.00122751 -0.00109284 -0.000919423 -0.000709022 -0.00045207 -0.000144761 0.000225504 0.000621503 0.0011067 0.00168365 0.00231661 0.00303112 0.00386207 0.00477077 0.00577658 0.00691125 0.00813716 0.00945399 0.0108655 0.0123787 0.0139557 0.0155957 0.0172804 0.0189994 0.0206894 0.0223768 0.0240195 0.0255809 0.027037 0.0283702 0.0295387 0.0305269 0.0312957 0.0318445 0.0321619 0.0321792 0.0319368 0.0314235 0.0306062 0.0295012 0.0281431 0.0265135 0.0246391 0.0225226 0.0202037 0.0177095 0.0150241 0.0121977 0.0092604 0.00622168 0.00307943 -0.000132112 -0.00338772 -0.00668306 -0.0100156 -0.0133608 -0.0166785 -0.0199479 -0.0231573 -0.0262439 -0.0291198 -0.0317189 -0.0339478 -0.0357201 -0.0369213 -0.0374663 -0.0373573 -0.0365899 -0.0352082 -0.0332959 -0.0309694 -0.028431 -0.0258364 -0.023357 -0.0211746 -0.0194052 -0.0181685 -0.0174346 -0.0171475 -0.0172408 -0.0176041 -0.0181865 -0.0188391 -0.0194672 -0.0199923 -0.0203642 -0.0206183 -0.0207153 -0.0206785 
0 0.00152485 0.00309133 0.00474568 0.00654121 0.00849676 0.0106018 0.0128052 0.015036 0.0171885 0.0191276 0.0207118 0.0218079 0.0223327 0.0222237 0.0214694 0.0201224 0.0183216 0.0162741 0.0141833 0.0122284 0.0105599 0.00931948 0.00859966 0.0084322 0.00876713 0.00953986 0.0106566 0.011975 0.0133515 0.0146208 0.0157058 0.0165155 0.0169702 0.0170329 0.016678 0.0159338 0.0147843 0.0132359 0.0113291 0.0091086 0.00659392 0.00382269 0.000839839 -0.00229148 -0.00553566 -0.00887408 -0.0122264 -0.0155579 -0.0188256 -0.0219996 -0.0250165 -0.0278317 -0.0304273 -0.0327697 -0.034809 -0.0365312 -0.0379319 -0.0389821 -0.0396805 -0.0400214 -0.0400432 -0.0397354 -0.0391141 -0.0382264 -0.0370972 -0.0357257 -0.0341806 -0.0324936 -0.0306784 -0.0287812 -0.0268375 -0.0248721 -0.0229086 -0.0209854 -0.019127 -0.0173447 -0.0156425 -0.0140645 -0.0125938 -0.0112358 -0.0100121 -0.00891246 -0.00790234 -0.00702355 -0.00625622 -0.00557216 -0.00497632 -0.00447571 -0.00403521 -0.00366871 -0.00336271 -0.00310257 -0.00288807 -0.00272329 -0.00258045 -0.00246968 -0.00238567 -0.00231736 -0.00226048 -0.00222286 -0.00218364 -0.00215045 -0.00212117 -0.00208552 -0.00203794 -0.00199174 -0.00192314 -0.00183603 -0.00173115 -0.00159671 -0.00142429 -0.00123162 -0.000980649 -0.000675311 -0.000331667 7.29132e-05 0.000571149 0.00112809 0.0017718 0.00251725 0.00335755 0.00429897 0.00537285 0.00655246 0.00784893 0.00926514 0.0108003 0.0124396 0.0141781 0.0160044 0.0179034 0.0198397 0.0218125 0.0238067 0.0257627 0.0276766 0.0295279 0.0312641 0.0328545 0.034299 0.0355429 0.0365622 0.0373256 0.0378304 0.038041 0.037935 0.0375224 0.0368033 0.0357568 0.034393 0.0327387 0.0307991 0.0285897 0.0261171 0.0234426 0.0205635 0.0174905 0.0142603 0.0108987 0.00741745 0.00382034 0.000129008 -0.0036238 -0.00743227 -0.011312 -0.0152125 -0.0191189 -0.0229947 -0.0268153 -0.0305208 -0.0339938 -0.0371552 -0.0398906 -0.0420845 -0.0436021 -0.0443505 -0.0443032 -0.0434712 -0.0418979 -0.0396759 -0.0369724 -0.0339895 -0.0309488 -0.0280491 -0.0254983 -0.0234692 -0.0220597 -0.0212756 -0.021036 -0.0212524 -0.0218178 -0.0226218 -0.023525 -0.0243899 -0.0251219 -0.0256773 -0.0260595 -0.0262594 -0.0262742 
0 0.0019248 0.00389387 0.00597066 0.00819557 0.0106018 0.0131656 0.0158279 0.0185048 0.0210574 0.0233427 0.0251848 0.026435 0.0269938 0.0267815 0.0258008 0.0241105 0.021876 0.0193343 0.016717 0.014247 0.0121032 0.0104485 0.00939425 0.00897249 0.0091412 0.00982291 0.0109033 0.0122278 0.0136304 0.0149366 0.0160476 0.0168622 0.0172972 0.0173135 0.0168834 0.0160312 0.0147501 0.0130511 0.0109763 0.00857106 0.00586116 0.00288595 -0.000304259 -0.00365993 -0.00713056 -0.0106968 -0.0142882 -0.0178585 -0.0213741 -0.024796 -0.0280667 -0.0311458 -0.0340082 -0.0366099 -0.0389196 -0.0409028 -0.0425544 -0.0438493 -0.0447761 -0.0453282 -0.0455314 -0.0453775 -0.0448783 -0.0440779 -0.0429932 -0.0416408 -0.0400683 -0.0383174 -0.0363992 -0.0343666 -0.0322519 -0.030088 -0.0278968 -0.0257261 -0.0235944 -0.021525 -0.0195361 -0.0176612 -0.0158957 -0.0142535 -0.0127534 -0.0113876 -0.010142 -0.00903565 -0.00806066 -0.00719124 -0.00643151 -0.00577685 -0.00521058 -0.00472469 -0.00431668 -0.00396809 -0.0036811 -0.0034448 -0.00325064 -0.00309095 -0.00296806 -0.00286446 -0.0027833 -0.00271602 -0.00265846 -0.00260236 -0.00255215 -0.00249126 -0.00242273 -0.00234047 -0.0022394 -0.00211071 -0.00195756 -0.00176252 -0.00152881 -0.00125301 -0.000916595 -0.000511571 -4.98465e-05 0.000491697 0.00113173 0.001861 0.00269184 0.00364212 0.00471205 0.00590277 0.0072313 0.00868726 0.0102724 0.0119788 0.0138085 0.0157381 0.0177597 0.0198542 0.0220095 0.0241834 0.0263717 0.0285456 0.0306638 0.032701 0.0346434 0.0364381 0.0380537 0.0394805 0.0406746 0.0416051 0.0422534 0.042613 0.0426477 0.042356 0.0417337 0.0407874 0.0395082 0.0379076 0.0360062 0.0338232 0.0313644 0.0286471 0.0257221 0.0225863 0.0192609 0.0157717 0.0121441 0.00838631 0.00450374 0.000508699 -0.00357239 -0.00773803 -0.0120014 -0.0163191 -0.0206767 -0.0250372 -0.0293647 -0.0335896 -0.0375898 -0.041258 -0.0444642 -0.0470625 -0.0488997 -0.0498706 -0.0499248 -0.0490762 -0.0473723 -0.0449215 -0.0419211 -0.038593 -0.0351999 -0.0319787 -0.0291622 -0.0269579 -0.0254634 -0.0246973 -0.0245728 -0.0249788 -0.0258001 -0.0268858 -0.0280863 -0.0292411 -0.0302378 -0.0310283 -0.0315958 -0.0319439 -0.0320582 
0 0.00234433 0.0047532 0.00725849 0.00994502 0.0128052 0.0158279 0.0189516 0.0220391 0.0249798 0.0275647 0.0296229 0.0309912 0.0315209 0.0311722 0.0299074 0.0278323 0.0251277 0.0220372 0.0188538 0.0158077 0.0131309 0.0109987 0.00953599 0.00877992 0.00870518 0.00921051 0.0101734 0.0114344 0.0127803 0.0140821 0.0151649 0.0159525 0.0163622 0.016319 0.0158469 0.0149164 0.0135575 0.0117839 0.00963338 0.00714294 0.00436585 0.00131874 -0.00194111 -0.00535397 -0.00891136 -0.0125346 -0.0162051 -0.0198602 -0.0234689 -0.0269837 -0.0303763 -0.0335899 -0.036597 -0.0393764 -0.041865 -0.0440594 -0.045929 -0.0474589 -0.0486192 -0.0494355 -0.0498669 -0.0499397 -0.0496619 -0.049042 -0.0481056 -0.0468913 -0.0454097 -0.0436927 -0.041796 -0.0397264 -0.0375382 -0.0352656 -0.0329477 -0.0305895 -0.0282538 -0.0259536 -0.0237238 -0.0215728 -0.0195468 -0.0176308 -0.0158425 -0.0141984 -0.0127188 -0.0113665 -0.0101472 -0.00906868 -0.00812806 -0.00729837 -0.00657328 -0.0059478 -0.00541685 -0.00496598 -0.00458168 -0.0042608 -0.00399608 -0.00377893 -0.00359794 -0.00345165 -0.00332905 -0.00322644 -0.00313464 -0.00305062 -0.00296233 -0.00286976 -0.00276516 -0.00264112 -0.00248748 -0.00230477 -0.00208737 -0.00182491 -0.00150417 -0.00111994 -0.000680116 -0.000165662 0.000448305 0.00116614 0.001968 0.00288767 0.00393997 0.00513 0.00644027 0.00789956 0.00949318 0.0112256 0.0130781 0.0150716 0.0171587 0.0193342 0.0215818 0.0238941 0.0262155 0.028554 0.030867 0.0331149 0.0352792 0.0373351 0.0392367 0.0409608 0.0424869 0.0437599 0.0447839 0.0455174 0.0459538 0.0460714 0.0458813 0.0453446 0.0444897 0.0433137 0.0418146 0.0400117 0.0379262 0.0355685 0.0329466 0.0301056 0.0270316 0.0237819 0.0203435 0.0167434 0.0130088 0.00913615 0.00512524 0.000994538 -0.00325454 -0.00763487 -0.0121164 -0.0167284 -0.0214011 -0.0261294 -0.0308677 -0.0355081 -0.0399641 -0.0440712 -0.0476952 -0.0506604 -0.0528015 -0.0539889 -0.0541715 -0.0533396 -0.0515549 -0.0489565 -0.0457255 -0.0421551 -0.0384951 -0.0350437 -0.0320658 -0.0297548 -0.0282675 -0.0275784 -0.0276336 -0.0283003 -0.0294224 -0.0308618 -0.0324062 -0.033911 -0.0352398 -0.036319 -0.0371486 -0.0376951 -0.0379713 
0 0.00278631 0.00561785 0.00859547 0.0117131 0.015036 0.0185048 0.0220391 0.0255384 0.0287902 0.0316453 0.0338632 0.0352727 0.0357456 0.035171 0.0335907 0.0310789 0.0278522 0.0241928 0.020382 0.0167263 0.0134641 0.0107964 0.00886383 0.0077113 0.00731385 0.00758682 0.00837378 0.00950221 0.0107816 0.0120175 0.0130766 0.0138305 0.0141982 0.0141447 0.0136369 0.0126866 0.0113127 0.00953594 0.00739273 0.00493002 0.00217221 -0.000824022 -0.00401115 -0.00737695 -0.0108398 -0.0143888 -0.0179852 -0.0215706 -0.0251325 -0.0286204 -0.0319865 -0.0352195 -0.0382752 -0.0411001 -0.0437163 -0.0460538 -0.0480988 -0.0498393 -0.051247 -0.0523035 -0.0530154 -0.0533733 -0.0533742 -0.0530369 -0.0523554 -0.0513626 -0.0500685 -0.0485269 -0.0467367 -0.0447581 -0.0426112 -0.0403277 -0.037936 -0.035513 -0.0330488 -0.0305855 -0.028169 -0.0258073 -0.0235185 -0.0213561 -0.0193263 -0.0174159 -0.0156497 -0.0140321 -0.0125858 -0.011282 -0.01011 -0.00906666 -0.00817877 -0.00739078 -0.00670903 -0.00612015 -0.00563081 -0.00520203 -0.0048541 -0.00455071 -0.00430594 -0.00409286 -0.00392331 -0.00376091 -0.00362869 -0.00349247 -0.00336456 -0.00321748 -0.00306544 -0.00287314 -0.00266763 -0.00241253 -0.0021073 -0.00173877 -0.001332 -0.000832695 -0.000246199 0.000438343 0.00120966 0.0020974 0.00311478 0.00428584 0.00557182 0.00699198 0.00857906 0.0103079 0.012162 0.0141631 0.0162843 0.0184842 0.0207919 0.02317 0.0255896 0.0280188 0.0304546 0.032838 0.0351629 0.0373877 0.0394989 0.041432 0.0431846 0.0447179 0.0460032 0.0470314 0.0477826 0.0482272 0.0483741 0.0482109 0.0477105 0.0469267 0.0458237 0.0444186 0.0427398 0.0407829 0.0385552 0.0361012 0.0334104 0.0305152 0.0274443 0.0241827 0.0207755 0.0172147 0.0135057 0.00965911 0.00567189 0.001535 -0.00274817 -0.00718633 -0.0117911 -0.01654 -0.0214317 -0.026425 -0.0314543 -0.036442 -0.0412495 -0.0457247 -0.0496981 -0.0529717 -0.0553729 -0.0567697 -0.0570691 -0.0562811 -0.0544646 -0.0517527 -0.0483925 -0.0446287 -0.0407973 -0.0372047 -0.0341203 -0.0318121 -0.0303638 -0.0298306 -0.0301204 -0.0310824 -0.0325873 -0.0343985 -0.0363632 -0.0382697 -0.0399816 -0.0414419 -0.0425716 -0.0434069 -0.0438968 
0 0.00321004 0.00649037 0.00988545 0.0134525 0.0171885 0.0210574 0.0249798 0.0287902 0.0323254 0.035353 0.0376605 0.0390633 0.0393811 0.0385615 0.0365937 0.0336112 0.0298399 0.0255564 0.021105 0.0167918 0.0129093 0.00967338 0.00723296 0.00563958 0.0048965 0.00488903 0.00546629 0.00645216 0.00760869 0.00880659 0.00982264 0.0105617 0.0109433 0.0108879 0.0104215 0.00949397 0.00815938 0.00644685 0.00439078 0.00202008 -0.000599285 -0.00344468 -0.00646554 -0.00962869 -0.0129194 -0.016253 -0.0196468 -0.0230406 -0.0264206 -0.029731 -0.0329744 -0.0361129 -0.0391054 -0.0419354 -0.0445688 -0.0469879 -0.0491544 -0.0510637 -0.0526749 -0.0540147 -0.0550008 -0.0556655 -0.0560044 -0.0559903 -0.0556283 -0.0549728 -0.0539869 -0.0526924 -0.051147 -0.0493476 -0.0473389 -0.0451547 -0.0428449 -0.0404091 -0.0379025 -0.0353559 -0.0328274 -0.0302961 -0.0278432 -0.0254679 -0.0231776 -0.021004 -0.0190148 -0.0171393 -0.0154056 -0.0138425 -0.0124486 -0.0111862 -0.0100775 -0.00909371 -0.00824065 -0.0075048 -0.00686945 -0.00631515 -0.00585378 -0.00545775 -0.00511793 -0.00482806 -0.00457986 -0.00435316 -0.00415169 -0.00395603 -0.00375581 -0.00354677 -0.0033242 -0.00305971 -0.00276075 -0.002414 -0.00201012 -0.00153546 -0.00098339 -0.000322451 0.000412764 0.00125781 0.0022518 0.00338613 0.00461626 0.00601783 0.00757329 0.00927507 0.0111148 0.0131105 0.0152078 0.0174383 0.0197621 0.0221796 0.0246392 0.0271355 0.0296349 0.0321235 0.0345439 0.0369063 0.0391491 0.0412235 0.0431451 0.0448645 0.0463403 0.0475783 0.0485669 0.049238 0.0496394 0.0497363 0.0495451 0.049045 0.0482694 0.0472049 0.0458692 0.0442626 0.0424133 0.0403385 0.038042 0.0355517 0.032869 0.0300447 0.0270298 0.0238884 0.0206093 0.0171907 0.0136382 0.009939 0.00608565 0.00206994 -0.00213621 -0.00655352 -0.0111434 -0.0159686 -0.0209592 -0.0261112 -0.0313532 -0.0365608 -0.0416498 -0.0464039 -0.0506527 -0.0541796 -0.0567988 -0.0583605 -0.0587739 -0.0580197 -0.0561768 -0.0534087 -0.04993 -0.0460634 -0.0421112 -0.0384391 -0.0353462 -0.033059 -0.0317402 -0.0313837 -0.0319462 -0.0332659 -0.0351536 -0.0374134 -0.0398133 -0.0421766 -0.0443409 -0.0462097 -0.0477367 -0.0488897 -0.0496641 
0 0.00360473 0.00726849 0.0110731 0.0150152 0.0191276 0.0233427 0.0275647 0.0316453 0.035353 0.0384882 0.040799 0.0420917 0.0422022 0.0410394 0.0386462 0.0351492 0.0307992 0.0258969 0.0207869 0.0158245 0.0113197 0.00750895 0.00454898 0.00251025 0.0013914 0.0011006 0.00146266 0.00228801 0.0033636 0.00450655 0.00552514 0.00628126 0.00669427 0.0067123 0.00632094 0.00549445 0.00427864 0.00270867 0.000813256 -0.00136782 -0.00379507 -0.00640893 -0.00917078 -0.0120749 -0.0150639 -0.0180998 -0.0211892 -0.0242894 -0.027394 -0.030459 -0.0334694 -0.0364266 -0.0392794 -0.0419978 -0.0445993 -0.0470357 -0.049272 -0.0513032 -0.0530984 -0.0546451 -0.0559031 -0.0568777 -0.0575585 -0.0579154 -0.0579367 -0.0576502 -0.0570299 -0.0560991 -0.0548742 -0.0533767 -0.0516262 -0.0496418 -0.0474679 -0.0451534 -0.0427053 -0.0401679 -0.0376 -0.0349902 -0.0323929 -0.0298611 -0.0273969 -0.0250116 -0.0227594 -0.0206256 -0.0186487 -0.0168355 -0.0151705 -0.0136517 -0.0123177 -0.0111217 -0.0100625 -0.00913677 -0.00833807 -0.00763403 -0.00703686 -0.00651375 -0.00606336 -0.00566849 -0.00532583 -0.00500514 -0.00471684 -0.00443268 -0.00414931 -0.00384927 -0.00353196 -0.00316598 -0.00276684 -0.00230268 -0.00176018 -0.00113544 -0.000434698 0.00039759 0.00134535 0.00241869 0.0036315 0.00499254 0.00649492 0.00817851 0.00999373 0.0119382 0.0140397 0.0162714 0.018586 0.0210127 0.0235065 0.0260252 0.0285741 0.0311256 0.03363 0.0360607 0.0383925 0.040593 0.0426285 0.0444645 0.0461055 0.0474943 0.048615 0.0494735 0.0500568 0.050342 0.0503529 0.0500773 0.049533 0.048708 0.047619 0.0463086 0.0447586 0.0429816 0.0410279 0.0388913 0.0365737 0.0341155 0.0315159 0.028806 0.0259673 0.0230095 0.0199541 0.0167716 0.0134411 0.00996461 0.00632197 0.00248878 -0.00156718 -0.00586253 -0.0103888 -0.0151745 -0.0202008 -0.0254336 -0.0307866 -0.0361601 -0.0414247 -0.0463816 -0.0508238 -0.0545248 -0.0572984 -0.0589846 -0.0594721 -0.0587457 -0.056888 -0.0540626 -0.0505213 -0.0465612 -0.0425407 -0.0388338 -0.0357466 -0.0335464 -0.032353 -0.0322169 -0.0330721 -0.0347522 -0.037075 -0.039776 -0.0426593 -0.0455038 -0.0481443 -0.0504843 -0.0524204 -0.0539554 -0.0550425 
0 0.00393058 0.00792415 0.0120536 0.0163108 0.0207118 0.0251848 0.0296229 0.0338632 0.0376605 0.040799 0.0430214 0.0441247 0.0439442 0.0423914 0.0395219 0.0354829 0.030539 0.0250043 0.0192413 0.0136345 0.00851975 0.00415481 0.000702489 -0.00175542 -0.00321249 -0.00376249 -0.00358582 -0.00288513 -0.00187126 -0.000735974 0.000321066 0.00114843 0.00166185 0.00180947 0.0015661 0.000905987 -0.000130175 -0.00149642 -0.00316526 -0.00510024 -0.00725704 -0.00957483 -0.0120213 -0.0145934 -0.0172398 -0.0199239 -0.0226516 -0.0254001 -0.0281592 -0.0308968 -0.0336131 -0.0363156 -0.0389587 -0.0415185 -0.0440098 -0.0463929 -0.0486349 -0.0507269 -0.0526492 -0.0543816 -0.0558761 -0.0571318 -0.058138 -0.0588529 -0.0592634 -0.0593895 -0.0591936 -0.0586767 -0.0578512 -0.0567293 -0.0553205 -0.0536432 -0.0517348 -0.0496266 -0.0473274 -0.0448908 -0.0423704 -0.0397619 -0.0371206 -0.0344939 -0.0318842 -0.0293263 -0.0268792 -0.0245246 -0.0222936 -0.0202174 -0.0182944 -0.016521 -0.0149267 -0.0134841 -0.0121956 -0.0110581 -0.0100601 -0.00917512 -0.00840971 -0.00773564 -0.00714423 -0.00661813 -0.00614982 -0.00571332 -0.00530935 -0.00491223 -0.00451477 -0.0041009 -0.00366294 -0.00317166 -0.00263313 -0.00202157 -0.00132118 -0.000521326 0.000382454 0.0014275 0.00259705 0.00390952 0.00538678 0.00701702 0.00878212 0.0107205 0.0127952 0.0149878 0.0173128 0.0197395 0.0222199 0.0247736 0.027363 0.0299384 0.0324903 0.03499 0.0373915 0.0396665 0.0417935 0.0437428 0.0454754 0.0469644 0.0482226 0.0492071 0.0499065 0.0503412 0.050502 0.050369 0.049974 0.0493232 0.0484307 0.0472971 0.0459465 0.0444173 0.0426957 0.0407978 0.0387756 0.036629 0.0343564 0.0319909 0.0295387 0.0270115 0.0243863 0.0216692 0.0188753 0.0159665 0.0129126 0.00970741 0.00632585 0.00272954 -0.00112621 -0.0052559 -0.00965835 -0.0143628 -0.0193587 -0.0246039 -0.0300073 -0.0354666 -0.040846 -0.045937 -0.0505102 -0.0543331 -0.0572089 -0.0589693 -0.0594918 -0.0587561 -0.056855 -0.0539632 -0.0503431 -0.046304 -0.0422245 -0.0384958 -0.0354396 -0.0333216 -0.0322701 -0.0323457 -0.0334865 -0.0355264 -0.038262 -0.0414151 -0.0447726 -0.0481065 -0.0512395 -0.0540518 -0.0564274 -0.0583489 -0.0597706 
0 0.00415708 0.00839366 0.0127389 0.017224 0.0218079 0.026435 0.0309912 0.0352727 0.0390633 0.0420917 0.0441247 0.0449508 0.0443931 0.0423992 0.0390078 0.0344088 0.0288712 0.0227163 0.0163344 0.0101199 0.00443895 -0.000434961 -0.00433016 -0.00716135 -0.00890355 -0.00966629 -0.00962195 -0.00898153 -0.00797617 -0.0067771 -0.00562254 -0.00465765 -0.00397303 -0.00363777 -0.00366329 -0.00408987 -0.00487766 -0.00597581 -0.00735399 -0.00899413 -0.0108272 -0.0128116 -0.0149153 -0.0171144 -0.019397 -0.0217005 -0.0240432 -0.0264191 -0.0288117 -0.0311916 -0.0335852 -0.0359836 -0.0383567 -0.0407069 -0.043019 -0.0452893 -0.0474775 -0.0495717 -0.0515503 -0.0534105 -0.0550799 -0.0565676 -0.0578624 -0.0589074 -0.0596868 -0.0602145 -0.0604493 -0.0603643 -0.0599899 -0.059304 -0.0583109 -0.0570179 -0.0554694 -0.0536553 -0.0516128 -0.0493799 -0.0470021 -0.0444756 -0.0418764 -0.039232 -0.0365537 -0.0338849 -0.0312903 -0.0287542 -0.0263046 -0.0239891 -0.0218164 -0.019786 -0.0179183 -0.0162155 -0.0146736 -0.0132955 -0.0120631 -0.0109683 -0.00999925 -0.00914296 -0.00837482 -0.00768846 -0.0070602 -0.00647955 -0.00592596 -0.00538845 -0.00484344 -0.00428582 -0.00369134 -0.00304597 -0.00233194 -0.00153695 -0.000638851 0.000368336 0.00150938 0.00279814 0.00422233 0.00579657 0.00754731 0.00944865 0.0114751 0.0136572 0.0159669 0.018373 0.020867 0.0234386 0.02603 0.0286426 0.0312373 0.0337852 0.0362376 0.0385872 0.0407843 0.0428053 0.0446123 0.046211 0.0475479 0.048614 0.0494259 0.0499612 0.0501991 0.0501803 0.0499094 0.0493559 0.0485749 0.047576 0.0463687 0.0449588 0.0433985 0.0416891 0.0398542 0.0379023 0.0358708 0.0337745 0.0316041 0.0293762 0.0271099 0.0248066 0.022418 0.0199797 0.0174665 0.014847 0.0120884 0.00916495 0.00605592 0.00271336 -0.000919141 -0.00486042 -0.00910285 -0.0137045 -0.0186333 -0.0238559 -0.0292797 -0.0347768 -0.0402278 -0.0453929 -0.0500364 -0.0539213 -0.0568392 -0.058617 -0.0591294 -0.0583474 -0.0563724 -0.0533985 -0.0496748 -0.0455514 -0.0413994 -0.0376329 -0.0345967 -0.032524 -0.0315914 -0.0318338 -0.0332164 -0.0355772 -0.0386687 -0.0422449 -0.0460341 -0.0498311 -0.0534396 -0.0566991 -0.0595166 -0.0618106 -0.0635694 
0 0.00428291 0.00862694 0.0131042 0.0176733 0.0223327 0.0269938 0.0315209 0.0357456 0.0393811 0.0422022 0.0439442 0.0443931 0.0434137 0.0409126 0.0369922 0.0318298 0.0257075 0.0189763 0.0120144 0.00525124 -0.000933377 -0.00625247 -0.0105281 -0.0136493 -0.0156252 -0.0165224 -0.01654 -0.0159066 -0.0148055 -0.0134986 -0.0121527 -0.0109712 -0.0100561 -0.00944133 -0.00920064 -0.00932826 -0.00981025 -0.0105908 -0.0116481 -0.0129331 -0.0144277 -0.0160488 -0.0177767 -0.0196169 -0.0215014 -0.0234346 -0.0253931 -0.027393 -0.0294073 -0.0314455 -0.0334852 -0.0355618 -0.0376511 -0.0397271 -0.0418295 -0.0439274 -0.0459982 -0.048024 -0.0500173 -0.0519052 -0.0537017 -0.0553641 -0.0568778 -0.0582045 -0.0593282 -0.0602109 -0.0608457 -0.0612124 -0.0612794 -0.0610613 -0.0605346 -0.0596972 -0.0585476 -0.0571373 -0.0554413 -0.0535081 -0.0513577 -0.0490364 -0.046544 -0.0439634 -0.0413115 -0.0386255 -0.0359149 -0.0332474 -0.0306452 -0.0281385 -0.0257226 -0.0234418 -0.021315 -0.0193494 -0.017533 -0.0158827 -0.0143931 -0.0130533 -0.0118473 -0.0107648 -0.00978793 -0.00889994 -0.00808132 -0.007314 -0.00658006 -0.00586118 -0.00513968 -0.00439647 -0.00360882 -0.00276376 -0.00184449 -0.000826566 0.00031443 0.00157476 0.00297032 0.00451677 0.00623173 0.00809229 0.0100973 0.0122358 0.0145302 0.0169342 0.0194243 0.0219763 0.0246063 0.0272392 0.0298667 0.0324543 0.0349789 0.0373652 0.0396346 0.0417332 0.0436264 0.0452796 0.0467074 0.0478579 0.0487338 0.0493441 0.049676 0.0497276 0.0495127 0.0490509 0.0483392 0.0474217 0.0462822 0.0449784 0.043509 0.0418983 0.040162 0.0383624 0.0364699 0.0345172 0.0325458 0.0305384 0.028504 0.0264497 0.024394 0.0223023 0.0201881 0.0180027 0.0157722 0.0134401 0.0109548 0.00831254 0.00546777 0.00236504 -0.00104968 -0.00479008 -0.00890187 -0.0133711 -0.0182414 -0.0234291 -0.0288336 -0.0343675 -0.0398291 -0.0450331 -0.0496973 -0.0535861 -0.0564976 -0.0582418 -0.0586917 -0.0578277 -0.0557484 -0.0526472 -0.048813 -0.0445587 -0.0403188 -0.0364854 -0.0334056 -0.0313548 -0.0304489 -0.0308 -0.0323392 -0.0349141 -0.0383016 -0.0421885 -0.0463582 -0.0505483 -0.0545653 -0.0582503 -0.0614418 -0.0641018 -0.0661596 
0 0.00427449 0.00863405 0.0130761 0.0176367 0.0222237 0.0267815 0.0311722 0.035171 0.0385615 0.0410394 0.0423914 0.0423992 0.0409126 0.037904 0.0334366 0.0277342 0.0210736 0.0138099 0.00634265 -0.000894853 -0.00750981 -0.0131992 -0.0177672 -0.0211247 -0.0232363 -0.0242165 -0.0242315 -0.0235087 -0.0222832 -0.0207569 -0.0191701 -0.0176962 -0.0164522 -0.0155115 -0.0149218 -0.0146943 -0.0148243 -0.0152533 -0.015941 -0.0168797 -0.0179871 -0.0192397 -0.0206057 -0.02205 -0.0235749 -0.0251372 -0.0267253 -0.0283635 -0.0300228 -0.0316947 -0.0334144 -0.0351614 -0.036942 -0.0387648 -0.0406103 -0.0424914 -0.044394 -0.0462996 -0.0482053 -0.0500987 -0.0519358 -0.0536989 -0.0553718 -0.0569139 -0.0582953 -0.0595075 -0.0605189 -0.0612767 -0.061789 -0.0620268 -0.0619619 -0.0616019 -0.0609523 -0.0599741 -0.0586983 -0.0571474 -0.0553298 -0.0532749 -0.05103 -0.0486105 -0.0460445 -0.0433882 -0.0406926 -0.037978 -0.0352535 -0.0325762 -0.0299894 -0.0275042 -0.0251223 -0.0228836 -0.0207966 -0.0188702 -0.017093 -0.0154724 -0.0139926 -0.0126517 -0.0114201 -0.0102914 -0.00923624 -0.00824591 -0.00728789 -0.00635015 -0.00540139 -0.00443388 -0.003413 -0.00232683 -0.00114422 0.000139167 0.00154319 0.00308132 0.00478157 0.0066191 0.00859187 0.0107141 0.0129909 0.0153786 0.0178548 0.0204138 0.0230493 0.0257156 0.028369 0.0309979 0.033565 0.0360227 0.0383543 0.0405341 0.0424939 0.0442312 0.0457306 0.0469619 0.0479156 0.0486047 0.0489973 0.0491079 0.0489556 0.0485479 0.04789 0.0470162 0.0459438 0.0446737 0.0432476 0.0417004 0.040036 0.0382839 0.0364859 0.0346316 0.0327528 0.0308649 0.0289666 0.0270907 0.0252193 0.0233454 0.0214961 0.0196376 0.0177397 0.0158201 0.0138327 0.0117468 0.00953015 0.00712294 0.0045101 0.00161658 -0.00161565 -0.00520705 -0.00918596 -0.0135815 -0.0183809 -0.0235291 -0.028931 -0.034443 -0.0399176 -0.0451032 -0.0497442 -0.0535998 -0.0564439 -0.0581059 -0.0584494 -0.0574591 -0.055235 -0.0519892 -0.0479869 -0.0435949 -0.0392161 -0.0352616 -0.0321009 -0.0299559 -0.0290262 -0.0293603 -0.0309415 -0.0336317 -0.0371524 -0.0412738 -0.0456839 -0.0501734 -0.0545217 -0.0585141 -0.0620482 -0.0649762 -0.0672925 
0 0.0041481 0.00836494 0.0126768 0.0170673 0.0214694 0.0258008 0.0299074 0.0335907 0.0365937 0.0386462 0.0395219 0.0390078 0.0369922 0.0334366 0.0284397 0.0222222 0.0150654 0.00734269 -0.000548919 -0.00817292 -0.0151225 -0.0210961 -0.0258896 -0.0293901 -0.0315998 -0.0325893 -0.0325432 -0.0316932 -0.0302435 -0.0284682 -0.0265572 -0.0247252 -0.0231071 -0.0217636 -0.0207803 -0.0201457 -0.0198676 -0.0198979 -0.0202059 -0.0207491 -0.021492 -0.0223797 -0.023382 -0.0244791 -0.0256328 -0.0268451 -0.0280849 -0.0293789 -0.0306938 -0.0320597 -0.033456 -0.0348932 -0.0363852 -0.037917 -0.0395069 -0.0411554 -0.0428549 -0.0445918 -0.0463841 -0.048168 -0.0499809 -0.0517732 -0.0535224 -0.0552088 -0.0568079 -0.0582579 -0.0595601 -0.0606805 -0.0615806 -0.062249 -0.0626485 -0.0627707 -0.0625778 -0.062089 -0.061293 -0.060195 -0.0587765 -0.0571049 -0.0551552 -0.0529835 -0.0506324 -0.0481376 -0.0454861 -0.0427775 -0.0400341 -0.037289 -0.0345536 -0.0318845 -0.0292951 -0.0268254 -0.0244676 -0.02225 -0.0201754 -0.018255 -0.0164713 -0.0148271 -0.0133001 -0.0118856 -0.0105523 -0.00928567 -0.00805762 -0.00685157 -0.00563285 -0.00438719 -0.00308007 -0.00170376 -0.000228462 0.00135943 0.00308168 0.00492595 0.00691226 0.00902957 0.0112983 0.0136786 0.0161538 0.0187124 0.0213742 0.0240506 0.0267353 0.0294013 0.0320242 0.0345387 0.0369538 0.0391896 0.0412358 0.0430522 0.0446374 0.0459517 0.0469953 0.0477406 0.04821 0.0483829 0.0482818 0.0479332 0.0473207 0.046477 0.0454304 0.0441923 0.0427836 0.0412696 0.0396236 0.0379122 0.0361353 0.0343218 0.0324877 0.0306644 0.0288421 0.0270507 0.0252859 0.0235448 0.0218387 0.0201463 0.0184889 0.0168229 0.015159 0.0134496 0.0116835 0.00981263 0.00778982 0.0055763 0.00312735 0.000378526 -0.00272233 -0.00620042 -0.0101138 -0.0144408 -0.0192123 -0.0243397 -0.0297205 -0.0352367 -0.04067 -0.045816 -0.0503916 -0.0541543 -0.0568937 -0.0584192 -0.0586128 -0.0574632 -0.0550622 -0.0516245 -0.0474344 -0.0428415 -0.0382822 -0.034148 -0.0308061 -0.0285076 -0.0274188 -0.0276401 -0.0291343 -0.0317785 -0.0353242 -0.0394995 -0.0440378 -0.0486851 -0.0532212 -0.0574337 -0.0611626 -0.0642922 -0.0667628 
0 0.00389923 0.00786743 0.0119126 0.0160282 0.0201224 0.0241105 0.0278323 0.0310789 0.0336112 0.0351492 0.0354829 0.0344088 0.0318298 0.0277342 0.0222222 0.0155255 0.00792554 -0.000198578 -0.00844601 -0.0163778 -0.0235901 -0.0297731 -0.0347083 -0.0382907 -0.0405112 -0.0414553 -0.0412931 -0.0402506 -0.038554 -0.0364686 -0.0342046 -0.0319722 -0.0299221 -0.028139 -0.0267127 -0.0256335 -0.0249231 -0.0245416 -0.0244506 -0.0246146 -0.024977 -0.0255072 -0.0261664 -0.0269193 -0.0277437 -0.0286366 -0.029562 -0.0305397 -0.0315418 -0.0325956 -0.0336985 -0.0348401 -0.0360513 -0.0373236 -0.0386581 -0.0400563 -0.0415287 -0.0430659 -0.0446798 -0.0463337 -0.0480573 -0.049804 -0.0515505 -0.0532926 -0.0550003 -0.0566286 -0.058164 -0.059566 -0.0607966 -0.0618338 -0.0626351 -0.0632058 -0.063495 -0.0634858 -0.0631754 -0.0625571 -0.0615999 -0.0603628 -0.0588238 -0.0569993 -0.0549278 -0.0526525 -0.0501833 -0.0475914 -0.0448873 -0.0421132 -0.039317 -0.0365382 -0.0337832 -0.0310961 -0.0284963 -0.0260077 -0.0236356 -0.0213931 -0.019283 -0.017305 -0.0154431 -0.013694 -0.0120326 -0.0104371 -0.00888685 -0.00735521 -0.0058089 -0.00423297 -0.00259628 -0.00087818 0.000938891 0.00286162 0.00490435 0.00706979 0.00936417 0.0117589 0.0142595 0.0168542 0.0195191 0.0222215 0.0249537 0.0276552 0.0303254 0.0329233 0.0353936 0.0376981 0.0398424 0.0417463 0.0434139 0.0448251 0.0459497 0.0467697 0.0473154 0.0475601 0.0475279 0.0472181 0.0466498 0.0458456 0.0448144 0.043593 0.0422187 0.0406971 0.0390562 0.0373509 0.0355689 0.0337627 0.0319409 0.0301316 0.0283391 0.0265751 0.0248435 0.0231687 0.021525 0.0199318 0.0183906 0.0168735 0.0153921 0.0139055 0.0124155 0.0108837 0.00927749 0.00755951 0.00569159 0.00360674 0.00126914 -0.00139078 -0.00442027 -0.00784921 -0.0117332 -0.0160484 -0.0208053 -0.0259234 -0.0313007 -0.0367955 -0.0421964 -0.0472779 -0.0517699 -0.0554229 -0.0580153 -0.0593688 -0.0593666 -0.0580079 -0.0553818 -0.0517066 -0.0472707 -0.0424362 -0.0376314 -0.0332469 -0.0296513 -0.0270874 -0.0257455 -0.0257182 -0.0269866 -0.0294426 -0.0328394 -0.0369297 -0.0414269 -0.046083 -0.0506644 -0.0549383 -0.0587459 -0.0619365 -0.0644537 
0 0.00356211 0.00719333 0.0108773 0.0146267 0.0183216 0.021876 0.0251277 0.0278522 0.0298399 0.0307992 0.030539 0.0288712 0.0257075 0.0210736 0.0150654 0.00792554 -6.58352e-05 -0.00852939 -0.0170579 -0.025219 -0.0326182 -0.0389419 -0.0439568 -0.0475703 -0.0497535 -0.0506128 -0.0502988 -0.0490246 -0.0470512 -0.0446198 -0.0419794 -0.0393254 -0.0368245 -0.034592 -0.0327074 -0.0311744 -0.0300153 -0.0292099 -0.0287097 -0.028496 -0.0284877 -0.0286799 -0.029024 -0.0294608 -0.0299877 -0.0305855 -0.0312299 -0.0319217 -0.032651 -0.033427 -0.0342667 -0.0351343 -0.0360707 -0.0370849 -0.038162 -0.039313 -0.040553 -0.0418825 -0.0432857 -0.0447654 -0.0463325 -0.0479661 -0.0496382 -0.0513605 -0.0530922 -0.0548041 -0.0564724 -0.0580635 -0.0595504 -0.0608915 -0.062045 -0.0630047 -0.063725 -0.0641633 -0.0643382 -0.0642114 -0.0637508 -0.0629829 -0.0619035 -0.0604972 -0.0588102 -0.0568559 -0.0546533 -0.0522528 -0.0496874 -0.0469845 -0.0441994 -0.0413628 -0.0385016 -0.0356536 -0.0328495 -0.0301102 -0.0274521 -0.0248911 -0.0224438 -0.0201072 -0.0178746 -0.0157485 -0.0137076 -0.0117268 -0.00979348 -0.00787772 -0.00594499 -0.00398178 -0.00196377 0.000134339 0.00232141 0.00460385 0.00698524 0.00946592 0.0120408 0.014692 0.0174056 0.0201686 0.0229456 0.0257183 0.0284559 0.0311094 0.0336575 0.0360726 0.0382846 0.0402894 0.042071 0.043566 0.0447724 0.0457107 0.046332 0.0466479 0.0466883 0.046438 0.0459099 0.0451384 0.0441414 0.0429409 0.0415604 0.0400331 0.0383997 0.0366634 0.0348691 0.0330494 0.0312144 0.0293795 0.0275687 0.0257968 0.0240716 0.0223845 0.0207646 0.0192185 0.017704 0.0162566 0.0148627 0.0134985 0.0121598 0.010825 0.00947137 0.00808029 0.00658625 0.00496789 0.00319389 0.00117435 -0.00111248 -0.00373739 -0.00674026 -0.0101653 -0.0140531 -0.0183966 -0.0231687 -0.0283065 -0.0337038 -0.0391822 -0.04455 -0.0495477 -0.0539307 -0.057441 -0.0598471 -0.0609886 -0.0607521 -0.0591456 -0.0562557 -0.0523028 -0.0475742 -0.0424522 -0.0373406 -0.0326327 -0.0286968 -0.0257653 -0.0240602 -0.0236532 -0.0245527 -0.026663 -0.0297422 -0.0335799 -0.0378633 -0.0423622 -0.046829 -0.051013 -0.0547656 -0.0578933 -0.0603485 
0 0.00319167 0.00642324 0.00971924 0.013027 0.0162741 0.0193343 0.0220372 0.0241928 0.0255564 0.0258969 0.0250043 0.0227163 0.0189763 0.0138099 0.00734269 -0.000198578 -0.00852939 -0.0172767 -0.0260197 -0.0343581 -0.0418843 -0.048294 -0.053359 -0.0569422 -0.0590759 -0.0598114 -0.0593242 -0.0578262 -0.055546 -0.0527906 -0.0497642 -0.0466917 -0.0437514 -0.0410682 -0.038733 -0.0367654 -0.0351725 -0.0339528 -0.0330819 -0.03248 -0.0321338 -0.0319942 -0.0320236 -0.0321808 -0.0324241 -0.0327584 -0.0331579 -0.0336008 -0.0340709 -0.0346179 -0.0351976 -0.03582 -0.0365132 -0.0372744 -0.0381099 -0.0390237 -0.0400247 -0.0411244 -0.0423275 -0.0435923 -0.0449816 -0.0464591 -0.0479983 -0.0496126 -0.0513044 -0.0530041 -0.0547111 -0.056415 -0.0580611 -0.0596102 -0.0610412 -0.0623324 -0.0634049 -0.0642604 -0.0648798 -0.0652189 -0.0652349 -0.0649737 -0.0643722 -0.0634324 -0.0621863 -0.0606489 -0.0587847 -0.0566681 -0.0543317 -0.0518015 -0.0490955 -0.0462771 -0.0433771 -0.040433 -0.0374635 -0.0345113 -0.0315928 -0.0287318 -0.0259442 -0.023237 -0.0206074 -0.0180679 -0.0155977 -0.0131773 -0.0107987 -0.00843848 -0.0060622 -0.00366197 -0.00121524 0.00129379 0.00386966 0.00651404 0.00923809 0.0120178 0.0148429 0.0177016 0.0205924 0.0234598 0.0262743 0.0290228 0.0316915 0.0341873 0.0365074 0.0386293 0.0405097 0.042104 0.0434438 0.0444678 0.0451814 0.0455928 0.0457141 0.0455212 0.045059 0.0443357 0.0433708 0.0421779 0.0408127 0.0392979 0.0376315 0.0358818 0.0340805 0.0322198 0.0303339 0.0284909 0.0266408 0.0248274 0.0230709 0.0213738 0.0197262 0.0181512 0.0166415 0.0152074 0.0138312 0.0124965 0.0112342 0.00999736 0.00876782 0.00753096 0.00628552 0.00495909 0.00353327 0.00197307 0.000226457 -0.00175088 -0.00403829 -0.00666555 -0.00967995 -0.0131367 -0.0170749 -0.0214594 -0.0262807 -0.031455 -0.0368622 -0.0423482 -0.0476493 -0.0525651 -0.0568184 -0.0601504 -0.062354 -0.0632369 -0.0627358 -0.0608419 -0.0576498 -0.0533781 -0.0483248 -0.0428643 -0.037401 -0.0323102 -0.0279406 -0.0245657 -0.0223632 -0.0214578 -0.0218424 -0.0234337 -0.0260568 -0.0294513 -0.0333796 -0.0375608 -0.0417539 -0.0457336 -0.0492752 -0.0522484 -0.0545274 
