0 0 0 0 0 0 0 0 0 0 0 0 0 0 0 0 0 0 0 0 0 0 0 0 0 0 0 0 0 0 0 0 0 0 0 0 0 0 0 0 0 0 0 0 0 0 0 0 0 0 0 0 0 0 0 0 0 0 0 0 0 0 0 0 0 0 0 0 0 0 0 0 0 0 0 0 0 0 0 0 0 0 0 0 0 0 0 0 0 0 0 0 0 0 0 0 0 0 0 0 0 0 0 0 0 0 0 0 0 0 0 0 0 0 0 0 0 0 0 0 0 0 0 0 0 0 0 0 0 0 0 0 0 0 0 0 0 0 0 0 0 0 0 0 0 0 0 0 0 0 0 0 0 0 0 0 0 0 0 0 0 0 0 0 0 0 0 0 0 0 0 0 0 0 0 0 0 0 0 0 0 0 0 0 0 0 0 0 0 0 0 0 0 0 0 0 0 0 0 0 
0 1.39841e-05 2.27845e-05 4.20143e-05 5.09383e-05 7.06723e-05 8.37014e-05 9.4423e-05 0.000112179 0.000122667 0.000143771 0.000149611 0.000157503 0.000167232 0.000170132 0.000169691 0.000149855 0.000139333 0.000129026 0.000117581 9.87099e-05 8.28487e-05 8.26761e-05 8.91193e-05 0.000106919 0.000128922 0.000174956 0.000225027 0.00029723 0.0003898 0.000495957 0.000626003 0.000764437 0.000948915 0.00115792 0.00138717 0.00163228 0.00187261 0.00208866 0.00225649 0.0023518 0.00235514 0.00224003 0.00198737 0.00163396 0.00116607 0.000632758 7.19604e-05 -0.000484746 -0.000993384 -0.0014317 -0.00176606 -0.00198449 -0.00208904 -0.00208205 -0.00196528 -0.00178564 -0.00154371 -0.00126803 -0.00098216 -0.000701062 -0.000422493 -0.000159523 8.60192e-05 0.00032971 0.000565003 0.000794648 0.00102905 0.00127198 0.00151841 0.0017944 0.00209097 0.00242608 0.00280567 0.00323548 0.00372181 0.0042781 0.00489321 0.00558039 0.00632544 0.00711537 0.00794147 0.00878609 0.00962845 0.0104539 0.0112328 0.0119415 0.0125512 0.01303 0.0133649 0.0135196 0.0134636 0.0131942 0.0126899 0.0119278 0.0109418 0.0097378 0.00831198 0.00669812 0.00494206 0.00307719 0.00115114 -0.000813976 -0.00276624 -0.00463643 -0.00639557 -0.00802578 -0.00946997 -0.0107087 -0.0117317 -0.0125195 -0.0130717 -0.0134016 -0.0135156 -0.0134369 -0.0131789 -0.0127646 -0.012231 -0.0115945 -0.0108831 -0.0101305 -0.00934772 -0.00855501 -0.00778636 -0.00704181 -0.00634348 -0.00570002 -0.00511431 -0.00458607 -0.00412429 -0.00371761 -0.00337776 -0.00308986 -0.00286126 -0.00268649 -0.00256489 -0.00249413 -0.00248297 -0.00252235 -0.00261019 -0.00274482 -0.00291295 -0.00309422 -0.00327357 -0.00344013 -0.00354331 -0.00358456 -0.0035367 -0.0033765 -0.00310512 -0.0027352 -0.00226412 -0.00173167 -0.00115739 -0.000582868 -4.71674e-05 0.000434198 0.00080043 0.00105663 0.00119396 0.00121389 0.00113847 0.00100313 0.000824361 0.000632148 0.000439071 0.000270287 0.000143091 3.79526e-05 -1.84861e-05 -5.42386e-05 -7.11477e-05 -8.19093e-05 -8.40582e-05 -7.27595e-05 -7.02672e-05 -7.41962e-05 -9.08438e-05 -0.000107166 -0.000137711 -0.000166659 -0.000199016 -0.000233538 -0.00026699 -0.000305753 -0.000322582 -0.000345041 -0.000364172 -0.000383322 -0.000392952 -0.000381733 -0.000382828 -0.000379671 -0.000381205 -0.000374505 -0.000365901 -0.000373748 -0.000374007 -0.000376149 -0.000367486 
0 2.27845e-05 5.46414e-05 7.29115e-05 0.000109491 0.000136066 0.0001654 0.000195655 0.000215646 0.000255374 0.000278572 0.000297446 0.000310248 0.000317256 0.000335486 0.00031966 0.000295005 0.000273845 0.000256165 0.000244494 0.000205716 0.000182859 0.000184229 0.000198331 0.000234299 0.000282485 0.000362336 0.000469289 0.000598403 0.00077639 0.000988919 0.00122518 0.00151899 0.00187044 0.00229783 0.0027657 0.00325286 0.00375086 0.00418123 0.00451777 0.00470689 0.00470716 0.00446047 0.00396618 0.00324054 0.00231914 0.00126315 0.000140604 -0.00094707 -0.00196596 -0.00283457 -0.00349853 -0.00393489 -0.00415421 -0.00412557 -0.0039147 -0.0035523 -0.00307154 -0.00253532 -0.00195629 -0.00138597 -0.00082497 -0.000283856 0.000225938 0.000697405 0.00118239 0.00162862 0.00209296 0.00258414 0.00309661 0.00364498 0.00426982 0.00494943 0.00571506 0.00659489 0.00758466 0.00868922 0.00992118 0.011281 0.0127259 0.0142805 0.0159058 0.017554 0.0191917 0.0208057 0.0222856 0.0236389 0.024805 0.0257115 0.0263002 0.0265672 0.0264095 0.0258345 0.0248072 0.0233261 0.0213705 0.0189801 0.016173 0.0130598 0.00964107 0.00598799 0.00220269 -0.00159674 -0.0053791 -0.00902871 -0.0124952 -0.015665 -0.0184878 -0.0209217 -0.0229502 -0.0244994 -0.0256319 -0.0263225 -0.0265808 -0.0264539 -0.0260119 -0.0252372 -0.0242312 -0.0230229 -0.0216547 -0.0201773 -0.0186681 -0.0171313 -0.0156251 -0.0141775 -0.0128099 -0.0115264 -0.0103636 -0.00932246 -0.00838092 -0.00757209 -0.00687998 -0.00628458 -0.00580746 -0.00546256 -0.0051953 -0.00506844 -0.0050446 -0.00511584 -0.00528403 -0.00554629 -0.00585231 -0.00620973 -0.00655814 -0.00686995 -0.00708828 -0.00715773 -0.00706286 -0.00674692 -0.00620901 -0.00546485 -0.00454602 -0.00346888 -0.00233243 -0.0011841 -9.74092e-05 0.000856165 0.00160201 0.0021144 0.0023849 0.00242035 0.0022708 0.00198074 0.00163504 0.00123796 0.000855413 0.000530598 0.000263202 7.58379e-05 -4.62249e-05 -0.000109529 -0.000139091 -0.000163596 -0.0001635 -0.000143787 -0.000143255 -0.000151311 -0.000184508 -0.000224976 -0.000272999 -0.000342291 -0.000394427 -0.000463958 -0.000535218 -0.000595031 -0.000646473 -0.000672099 -0.000719891 -0.000757561 -0.000770394 -0.000772098 -0.000761779 -0.00077814 -0.000776563 -0.000763504 -0.000756062 -0.000749937 -0.000763059 -0.00074834 -0.00073555 
0 4.20143e-05 7.29115e-05 0.000124396 0.000156475 0.000209769 0.000250195 0.000285857 0.000335214 0.000370278 0.000422143 0.000437666 0.000453049 0.000471351 0.000476338 0.000469929 0.000423076 0.000398795 0.000379718 0.000359316 0.000320212 0.000291687 0.000303236 0.000334534 0.000392726 0.000461512 0.000585008 0.000722197 0.000914177 0.00116474 0.00146256 0.00183237 0.00225062 0.00280072 0.00343766 0.00414033 0.00488644 0.00561792 0.00626893 0.00676901 0.00704593 0.0070395 0.0066778 0.0059184 0.00484827 0.00345785 0.00187654 0.000216503 -0.00142149 -0.00292139 -0.00421008 -0.00519776 -0.0058502 -0.00616934 -0.00615953 -0.00583605 -0.00531003 -0.00459732 -0.00377459 -0.00290508 -0.00203742 -0.00117526 -0.000355167 0.000412015 0.00115879 0.00187793 0.00257569 0.00328768 0.00403243 0.00480656 0.00567387 0.00662285 0.00768994 0.00888762 0.0102278 0.0117185 0.0133855 0.0152044 0.0172016 0.0193404 0.0215924 0.0239284 0.0262971 0.0286401 0.0309102 0.0330193 0.0349043 0.0364856 0.0376788 0.0384455 0.0387034 0.0383758 0.0374561 0.0358957 0.0336473 0.0307853 0.0273315 0.023287 0.018743 0.013812 0.00858698 0.00319347 -0.00229518 -0.00774697 -0.0129875 -0.017935 -0.0225279 -0.0266265 -0.0301756 -0.0331426 -0.0354731 -0.0371682 -0.0382522 -0.0387384 -0.0386817 -0.0381198 -0.0371049 -0.0357323 -0.0340504 -0.0321343 -0.0300729 -0.0279114 -0.0257052 -0.0235428 -0.0214358 -0.0194385 -0.0175735 -0.015854 -0.0142826 -0.0128815 -0.0116353 -0.0105743 -0.00967056 -0.00894672 -0.0083946 -0.00800714 -0.00778267 -0.0077329 -0.00783097 -0.008068 -0.00843536 -0.00889294 -0.00939253 -0.00988948 -0.010346 -0.0106373 -0.0107469 -0.0106002 -0.0101306 -0.00933219 -0.00823307 -0.00683701 -0.00524306 -0.00352409 -0.00179791 -0.000180028 0.00126193 0.00237059 0.00314111 0.00355048 0.00360837 0.00338077 0.0029668 0.00242877 0.00184722 0.00127072 0.000769575 0.000386962 8.66448e-05 -7.82116e-05 -0.000173715 -0.000215606 -0.000239909 -0.000243213 -0.00021847 -0.000219851 -0.000241888 -0.000295682 -0.000350238 -0.00043347 -0.000514038 -0.000599779 -0.00069371 -0.000788965 -0.000892995 -0.000947134 -0.00100811 -0.00106501 -0.00112208 -0.00115535 -0.00114385 -0.00115798 -0.00116522 -0.00117472 -0.00115746 -0.00113235 -0.00114134 -0.00113567 -0.00113071 -0.00110516 
0 5.09383e-05 0.000109491 0.000156475 0.000219736 0.000274533 0.000331382 0.000388153 0.000436161 0.000501809 0.000547454 0.000577165 0.000595439 0.000607842 0.000627877 0.000605092 0.000562691 0.000529013 0.000504103 0.000483674 0.000430959 0.000400869 0.000415667 0.000458441 0.000536595 0.000639544 0.000794903 0.000997014 0.00124841 0.00158515 0.00199281 0.00246635 0.00304759 0.00375683 0.0046054 0.00553937 0.00651569 0.00749167 0.00834479 0.00899988 0.00935914 0.00933645 0.00883404 0.00783977 0.00639487 0.00456613 0.00247758 0.000270563 -0.00188101 -0.00387717 -0.00558136 -0.00688756 -0.00775047 -0.00817604 -0.00813624 -0.00772139 -0.00700495 -0.00605199 -0.00496567 -0.00379517 -0.00262089 -0.0014594 -0.000335543 0.000728993 0.0017337 0.0027363 0.00368989 0.00467041 0.00570429 0.00679558 0.00797924 0.00930703 0.0107655 0.0123911 0.0142163 0.0162345 0.0184452 0.020854 0.0234551 0.0261865 0.0290597 0.0320165 0.0349767 0.0378774 0.0406728 0.0432056 0.0454484 0.0473024 0.0486523 0.049413 0.0495553 0.0489508 0.0476022 0.0454692 0.0425466 0.038831 0.0343779 0.0292282 0.0235354 0.0173398 0.0107575 0.00395583 -0.00289138 -0.00969749 -0.0162825 -0.022546 -0.0283278 -0.0335279 -0.0380746 -0.0419253 -0.044979 -0.0472922 -0.0488353 -0.049617 -0.0497042 -0.0491861 -0.048066 -0.0464849 -0.0445037 -0.0421977 -0.0396621 -0.0370082 -0.0342693 -0.03154 -0.0288714 -0.0263059 -0.0238678 -0.0216111 -0.0195471 -0.0176658 -0.0160109 -0.0145752 -0.0133398 -0.0123376 -0.0115833 -0.0110179 -0.0107073 -0.01061 -0.0107055 -0.0109904 -0.0114498 -0.0120118 -0.0126595 -0.013302 -0.0138746 -0.0142677 -0.0143873 -0.0141786 -0.0135474 -0.0124816 -0.0110082 -0.00917554 -0.0070464 -0.00477977 -0.0024922 -0.000327875 0.00157378 0.0030699 0.00410455 0.00465999 0.004754 0.00447553 0.00392642 0.00324044 0.0024672 0.00171357 0.00106168 0.000531027 0.00014741 -9.93443e-05 -0.000234149 -0.00030178 -0.000348389 -0.000354767 -0.000333082 -0.000338333 -0.000365114 -0.000429017 -0.000504322 -0.000594617 -0.000707613 -0.000805952 -0.000928337 -0.00105817 -0.00117416 -0.00126592 -0.00132534 -0.00140706 -0.00147668 -0.00150966 -0.00152063 -0.00152307 -0.00155416 -0.00155944 -0.00153831 -0.00151896 -0.00150992 -0.00152301 -0.0015033 -0.00148228 
0 7.06723e-05 0.000136066 0.000209769 0.000274533 0.000348741 0.000416124 0.000479169 0.000547792 0.000610442 0.000672263 0.000702399 0.000724415 0.000746939 0.000759199 0.000744109 0.000692302 0.000654791 0.000627407 0.000598198 0.000549045 0.000520102 0.000543658 0.00060504 0.000705135 0.000835926 0.00103449 0.00128084 0.00160535 0.00202468 0.00253082 0.00313977 0.00385874 0.00475334 0.00579796 0.00694915 0.00815836 0.00934506 0.0103946 0.0111944 0.0116274 0.0115858 0.0109639 0.00972039 0.00793401 0.00565914 0.00306489 0.000334343 -0.00234909 -0.00481714 -0.00692639 -0.00854512 -0.00961334 -0.0101235 -0.0100826 -0.00954864 -0.00864758 -0.007451 -0.00607074 -0.00459828 -0.00311199 -0.00163584 -0.000208897 0.00115196 0.00247259 0.0037668 0.00503698 0.00633364 0.00768859 0.00911332 0.0106701 0.0123775 0.0142651 0.0163542 0.0186625 0.0211889 0.0239397 0.0268894 0.0300342 0.0333163 0.0366979 0.0401229 0.0435141 0.0467949 0.0498931 0.0526848 0.0550877 0.0569948 0.0582938 0.0589167 0.0587843 0.0578084 0.0559807 0.0532659 0.0496424 0.0451746 0.0399082 0.0338769 0.0272003 0.0200006 0.0124066 0.00457992 -0.00334756 -0.0112186 -0.0188339 -0.0260749 -0.0328292 -0.038949 -0.0443515 -0.0489764 -0.0527441 -0.0556484 -0.0576893 -0.0588732 -0.0592564 -0.0588971 -0.0578524 -0.0562408 -0.0541394 -0.0516417 -0.0488557 -0.0458634 -0.0427353 -0.0395758 -0.0364333 -0.0333764 -0.0304513 -0.0277021 -0.0251518 -0.0228298 -0.0207503 -0.0189392 -0.017381 -0.0161023 -0.0151029 -0.0143667 -0.0139087 -0.0137284 -0.0137981 -0.0141059 -0.0146303 -0.0153064 -0.01607 -0.0168377 -0.017521 -0.0179687 -0.0180996 -0.0178108 -0.0170078 -0.0156707 -0.0138329 -0.0115356 -0.00890087 -0.0060763 -0.00323508 -0.000554844 0.00181253 0.00367642 0.0049812 0.00569727 0.00584812 0.00553317 0.00489191 0.00404742 0.00310951 0.00217892 0.00135691 0.000696941 0.000194419 -0.000122262 -0.000311161 -0.000413557 -0.000474646 -0.000493567 -0.000477131 -0.00048327 -0.000517647 -0.000588666 -0.000672186 -0.000782541 -0.000901691 -0.00102564 -0.00116673 -0.00131733 -0.00146457 -0.00156523 -0.00165384 -0.00174328 -0.00182565 -0.00187241 -0.0018782 -0.0018963 -0.00191848 -0.00192956 -0.00190837 -0.00188063 -0.0018826 -0.0018873 -0.00188269 -0.00186418 
0 8.37014e-05 0.0001654 0.000250195 0.000331382 0.000416124 0.000496329 0.000571552 0.000647497 0.00071838 0.000780095 0.000815969 0.00084102 0.000865905 0.000879953 0.000864113 0.000817142 0.000778417 0.000752531 0.000724719 0.000684812 0.000666729 0.000702267 0.000782432 0.000903604 0.00106724 0.00129905 0.00159907 0.00198854 0.00248767 0.00309435 0.00382037 0.0046894 0.0057507 0.00699047 0.00835839 0.00979082 0.0111918 0.0124296 0.0133655 0.0138632 0.0137898 0.0130314 0.0115508 0.00941403 0.00671655 0.00363959 0.000399982 -0.0027841 -0.00571403 -0.0082145 -0.010135 -0.0114009 -0.0119942 -0.0119301 -0.0112855 -0.0101879 -0.00874356 -0.00707565 -0.00529214 -0.00347763 -0.00167394 8.36127e-05 0.00177627 0.0034244 0.00504754 0.00665814 0.00830294 0.0100207 0.0118323 0.0137878 0.015918 0.0182477 0.0207992 0.0235893 0.0266134 0.0298591 0.0332996 0.0369044 0.0406117 0.0443715 0.0481182 0.0517627 0.0552244 0.0584171 0.0612231 0.0635535 0.0653071 0.066371 0.0666703 0.0661337 0.0646906 0.0623268 0.0590292 0.0547955 0.0496767 0.0437276 0.0370161 0.0296598 0.0217714 0.0134775 0.00494551 -0.00367463 -0.012232 -0.0205543 -0.0285061 -0.0359572 -0.0427707 -0.048858 -0.0541422 -0.0585454 -0.0620445 -0.0646248 -0.0662841 -0.0670717 -0.0670432 -0.0662579 -0.0648194 -0.0628133 -0.0603285 -0.057473 -0.0543378 -0.0510013 -0.0475608 -0.0440864 -0.0406487 -0.0373116 -0.0341353 -0.0311595 -0.0284199 -0.0259471 -0.023763 -0.0218678 -0.0202881 -0.019029 -0.0180832 -0.0174659 -0.0171751 -0.0171863 -0.017486 -0.0180421 -0.0187871 -0.0196431 -0.0205109 -0.021271 -0.0217675 -0.0218814 -0.0214959 -0.0205108 -0.0188975 -0.0166897 -0.0139494 -0.0108101 -0.00744879 -0.00406629 -0.00086684 0.00195206 0.00419692 0.00577724 0.00666091 0.00687981 0.00654412 0.00581144 0.00482957 0.00372931 0.00263435 0.00165716 0.00085806 0.000252141 -0.000150565 -0.000397594 -0.000542145 -0.000628546 -0.000661248 -0.000657762 -0.000665953 -0.000704066 -0.000776326 -0.000868449 -0.000985868 -0.0011157 -0.00125388 -0.00140949 -0.00157721 -0.00173565 -0.00185499 -0.00195772 -0.00206195 -0.00215708 -0.00221505 -0.00223692 -0.00226161 -0.00229124 -0.00230524 -0.00228962 -0.00226808 -0.00226748 -0.00227269 -0.00226482 -0.00224701 
0 9.4423e-05 0.000195655 0.000285857 0.000388153 0.000479169 0.000571552 0.000660284 0.000738006 0.000820282 0.000875778 0.000919209 0.000946654 0.000968919 0.000985319 0.000964309 0.000928499 0.000891842 0.000872202 0.000855204 0.000835307 0.000841605 0.000898354 0.00100461 0.00115162 0.00135192 0.00161079 0.00196058 0.00240295 0.00296975 0.00366913 0.00450169 0.00552571 0.00674952 0.00818623 0.00977211 0.0114232 0.0130352 0.014451 0.0155128 0.0160634 0.0159469 0.0150418 0.0133274 0.0108389 0.00773133 0.00418864 0.000458383 -0.00319848 -0.00656627 -0.00943099 -0.0116331 -0.0130829 -0.0137557 -0.0136646 -0.0129179 -0.0116229 -0.00992686 -0.00796317 -0.00584989 -0.0036821 -0.00152432 0.000594185 0.00265516 0.0046608 0.00665114 0.00863574 0.0106631 0.0127759 0.0150107 0.0173934 0.0199796 0.022771 0.0257892 0.0290442 0.0325225 0.0361896 0.0400275 0.0439765 0.0479707 0.0519546 0.0558475 0.0595524 0.0629864 0.0660578 0.0686509 0.0706829 0.0720637 0.0726987 0.0725082 0.0714512 0.0694712 0.0665505 0.0626928 0.0579308 0.0522895 0.0458389 0.0386698 0.0309018 0.0226272 0.0139743 0.00508956 -0.00386414 -0.0127616 -0.0214595 -0.0298198 -0.0376916 -0.0449707 -0.0515554 -0.0573574 -0.062298 -0.0663526 -0.0694845 -0.0716883 -0.0729934 -0.0734508 -0.0731003 -0.0720278 -0.0703188 -0.0680522 -0.0653237 -0.0622388 -0.0588763 -0.0553227 -0.0516766 -0.0480031 -0.0443768 -0.040873 -0.0375469 -0.0344328 -0.0315948 -0.0290463 -0.0268148 -0.0249261 -0.0233992 -0.0222247 -0.0214333 -0.0210083 -0.020936 -0.0211992 -0.0217548 -0.0225287 -0.0234392 -0.0243666 -0.025162 -0.0256813 -0.0257536 -0.0252593 -0.0240888 -0.022202 -0.0196249 -0.0164507 -0.012807 -0.008915 -0.00499425 -0.00127589 0.00198802 0.00461812 0.00647805 0.00753743 0.00783714 0.00749769 0.00668358 0.00557956 0.0043234 0.00307227 0.00194603 0.00100483 0.000301601 -0.000192351 -0.000497985 -0.000686272 -0.000800317 -0.000849489 -0.000866696 -0.000883296 -0.000928719 -0.00100293 -0.00110428 -0.00122092 -0.00135771 -0.00149937 -0.00166045 -0.00183581 -0.00199219 -0.00213117 -0.00224265 -0.00236474 -0.00247359 -0.00254504 -0.00259418 -0.00262487 -0.00266884 -0.0026855 -0.00267807 -0.00266777 -0.0026592 -0.00266675 -0.00264923 -0.00263206 
0 0.000112179 0.000215646 0.000335214 0.000436161 0.000547792 0.000647497 0.000738006 0.00083342 0.000902226 0.000969648 0.00100929 0.00103843 0.00106682 0.00106803 0.00105966 0.00102764 0.00100223 0.00099444 0.000986282 0.000996861 0.00103076 0.00111152 0.00124982 0.00142998 0.00166535 0.00196949 0.0023553 0.00286269 0.00349414 0.0042737 0.00523476 0.00639087 0.00779534 0.00941611 0.0112074 0.013076 0.0148722 0.0164521 0.0176234 0.018207 0.018031 0.0169857 0.0150174 0.0122056 0.00868947 0.0046971 0.000512482 -0.00360867 -0.00737802 -0.0105802 -0.0130436 -0.0146608 -0.0153856 -0.0152822 -0.0144073 -0.0129184 -0.0109648 -0.00867861 -0.00621939 -0.00367512 -0.00112185 0.00138914 0.00384447 0.00627034 0.00864819 0.011055 0.0135041 0.0160423 0.018713 0.0215654 0.0245993 0.0278572 0.0313322 0.0350045 0.0388567 0.0428635 0.046967 0.0511095 0.0552483 0.0592745 0.0631119 0.0666803 0.0698835 0.0726023 0.0747916 0.0763264 0.0771358 0.0771629 0.0763737 0.0746897 0.0721288 0.0686629 0.0643114 0.0590849 0.0530746 0.0463362 0.0389588 0.0309974 0.0226181 0.0139346 0.00505433 -0.00393954 -0.0128719 -0.0216279 -0.0300693 -0.0381171 -0.0456305 -0.0525111 -0.0586625 -0.0640517 -0.0685793 -0.0722476 -0.0750436 -0.0769638 -0.0780036 -0.078247 -0.077708 -0.0764676 -0.0746083 -0.072217 -0.0693578 -0.0661526 -0.0626792 -0.059023 -0.0552728 -0.0515132 -0.0478008 -0.0442051 -0.0408072 -0.0376354 -0.0347554 -0.0322106 -0.0300258 -0.0282135 -0.0268282 -0.0258314 -0.0252575 -0.0250864 -0.0252837 -0.0258024 -0.0265859 -0.0275019 -0.0284492 -0.0292583 -0.0297483 -0.0297703 -0.0291455 -0.0277782 -0.0256152 -0.0226784 -0.0190557 -0.0149349 -0.0105078 -0.00605514 -0.00183976 0.00188266 0.00488677 0.00704034 0.00829339 0.00869636 0.00837358 0.00751751 0.00629548 0.00491495 0.00351808 0.0022372 0.00117501 0.000346889 -0.000229378 -0.000610885 -0.000853981 -0.000994288 -0.00107468 -0.00111572 -0.00114581 -0.00120283 -0.00127965 -0.00138114 -0.00150371 -0.00162673 -0.00177692 -0.00193313 -0.00210105 -0.0022666 -0.00239923 -0.00253772 -0.00265962 -0.0027775 -0.00287087 -0.00292429 -0.00298345 -0.00301927 -0.00305152 -0.00305902 -0.00305101 -0.00306 -0.0030486 -0.00304373 -0.00302249 
0 0.000122667 0.000255374 0.000370278 0.000501809 0.000610442 0.00071838 0.000820282 0.000902226 0.000987861 0.00103831 0.00108797 0.00111937 0.00113845 0.00114997 0.0011368 0.00113235 0.00112157 0.0011275 0.00114035 0.00117613 0.00123834 0.00134349 0.0015064 0.00171735 0.00200266 0.00233742 0.00279265 0.00335709 0.00406615 0.00495116 0.00601472 0.00734001 0.00889137 0.0106949 0.0126807 0.014731 0.0167055 0.0184221 0.0196786 0.0202806 0.0200353 0.0188224 0.0166352 0.0134838 0.00959906 0.00519115 0.000562578 -0.00397135 -0.00813169 -0.0116528 -0.0143553 -0.0161176 -0.0168968 -0.0167224 -0.0157274 -0.0140102 -0.011773 -0.00916538 -0.00633631 -0.00338514 -0.000422841 0.00252069 0.00542823 0.00827785 0.0111107 0.0139623 0.0168633 0.0198602 0.0230111 0.0263052 0.029801 0.0334753 0.0373306 0.0413463 0.0454939 0.0497043 0.0539545 0.0581443 0.0622201 0.0661013 0.0697016 0.072924 0.0756849 0.0778833 0.0794528 0.0803166 0.0804332 0.0797656 0.0782603 0.0759212 0.0727617 0.0687641 0.0639737 0.0584643 0.0522349 0.0453581 0.0379597 0.0301256 0.0219161 0.0134284 0.00476339 -0.00393563 -0.0125897 -0.02114 -0.0294543 -0.037392 -0.0449012 -0.0518835 -0.0582424 -0.0639287 -0.0688868 -0.0730589 -0.0764255 -0.0789687 -0.0806934 -0.0816147 -0.0817404 -0.0811346 -0.0798455 -0.0779393 -0.0755142 -0.0726608 -0.0694338 -0.0659591 -0.0622926 -0.0585241 -0.0547371 -0.0510149 -0.0474064 -0.0440133 -0.0408617 -0.0380358 -0.0355696 -0.0335069 -0.0318733 -0.0306944 -0.0299529 -0.0296532 -0.029765 -0.0302246 -0.0309666 -0.0318788 -0.0328197 -0.0335943 -0.0340574 -0.0339715 -0.0331937 -0.031606 -0.029149 -0.0258359 -0.0217993 -0.0171876 -0.0122637 -0.00729964 -0.00257985 0.00157012 0.00497409 0.00742818 0.00889559 0.00943165 0.00916522 0.00827759 0.00699276 0.00549259 0.00397144 0.00256222 0.00134798 0.000420867 -0.000279555 -0.000744371 -0.00105346 -0.0012441 -0.0013489 -0.00142243 -0.0014643 -0.00152503 -0.00159966 -0.00170386 -0.001812 -0.00193922 -0.00207893 -0.00223359 -0.00239988 -0.0025464 -0.00270146 -0.00283041 -0.00296398 -0.00308016 -0.00317222 -0.00325808 -0.00330727 -0.0033632 -0.00339362 -0.00341517 -0.00343309 -0.0034308 -0.00344126 -0.00342843 -0.00342343 
0 0.000143771 0.000278572 0.000422143 0.000547454 0.000672263 0.000780095 0.000875778 0.000969648 0.00103831 0.00110022 0.00114524 0.00118064 0.00120821 0.00121243 0.00122198 0.00123467 0.00124939 0.00127661 0.0013105 0.00138209 0.00148111 0.00161265 0.0018074 0.00205476 0.00237353 0.00276144 0.00325291 0.00388848 0.00466991 0.00564208 0.00684513 0.00830501 0.0100344 0.0120064 0.01417 0.016401 0.0185204 0.020353 0.0216795 0.0222787 0.0219534 0.0206 0.0181717 0.0147359 0.0104866 0.00568361 0.000656885 -0.00428455 -0.00879558 -0.0126035 -0.0155233 -0.0174119 -0.0182052 -0.0179837 -0.0168207 -0.0148725 -0.0123332 -0.00935937 -0.00613491 -0.00276407 0.000645499 0.00403412 0.00739583 0.0107362 0.0140374 0.0173866 0.0207812 0.0242544 0.0278554 0.031603 0.0354854 0.0395218 0.0436892 0.0479383 0.0522318 0.0565281 0.060753 0.0648198 0.0686924 0.0722439 0.0753894 0.0780726 0.080207 0.0816893 0.0825283 0.0826242 0.0819453 0.0805001 0.0782879 0.0752804 0.0715563 0.0671086 0.0619894 0.0562468 0.0499596 0.0431834 0.0359975 0.0284102 0.0205596 0.012534 0.00437419 -0.00387276 -0.0120698 -0.0201646 -0.0280574 -0.0357055 -0.0430254 -0.0499299 -0.0563337 -0.0622227 -0.0674748 -0.0720715 -0.0759857 -0.0791569 -0.0815423 -0.0831944 -0.0840591 -0.0841812 -0.0836123 -0.0823843 -0.0805407 -0.0781976 -0.075402 -0.0722485 -0.0688297 -0.0652308 -0.061517 -0.0577819 -0.0541191 -0.0505831 -0.0472616 -0.0442406 -0.0415551 -0.0392503 -0.0374135 -0.0360136 -0.0350954 -0.034663 -0.0346678 -0.0350533 -0.0357579 -0.0366245 -0.0375224 -0.038247 -0.0386067 -0.0384039 -0.0374347 -0.0356018 -0.0328377 -0.0291507 -0.0246702 -0.0196004 -0.0141702 -0.00870618 -0.00352205 0.00107541 0.00485106 0.00762515 0.00933109 0.0100285 0.00984597 0.00897622 0.00762748 0.00604301 0.00440114 0.0028482 0.00151375 0.000445274 -0.000355147 -0.000920892 -0.00130296 -0.00153195 -0.00167908 -0.00177487 -0.00183222 -0.00189697 -0.00196781 -0.00206324 -0.00216683 -0.00227429 -0.00241291 -0.00255511 -0.00270364 -0.0028534 -0.00299691 -0.00314725 -0.00327138 -0.00338485 -0.0034903 -0.0035738 -0.00365048 -0.00369394 -0.00373836 -0.00377473 -0.00379524 -0.00381612 -0.00381334 -0.0038259 -0.00382797 
0 0.000149611 0.000297446 0.000437666 0.000577165 0.000702399 0.000815969 0.000919209 0.00100929 0.00108797 0.00114524 0.00119818 0.00124017 0.00126798 0.00128424 0.00130515 0.00134689 0.00138862 0.00143922 0.00150497 0.00161534 0.00175341 0.00192032 0.00214323 0.00242548 0.00278941 0.00321577 0.00376809 0.0044623 0.00532096 0.00639236 0.00770632 0.0093189 0.0111967 0.0133349 0.0156707 0.0180628 0.0203276 0.0222643 0.0236404 0.0242233 0.0238062 0.0222826 0.0196362 0.0159058 0.011331 0.00617533 0.000779705 -0.00450828 -0.00933642 -0.0134023 -0.0165041 -0.0184873 -0.0192881 -0.0189622 -0.0176288 -0.0154195 -0.0125543 -0.00921246 -0.00557387 -0.00175185 0.00212146 0.00599627 0.0098613 0.0136917 0.0175003 0.0213443 0.0252255 0.0291685 0.033217 0.0373475 0.0415703 0.0458641 0.0502103 0.0545621 0.0588786 0.0630914 0.0671414 0.0709194 0.0743784 0.0774147 0.0799517 0.0819316 0.0832904 0.0839577 0.0839411 0.083189 0.081703 0.0795062 0.0765919 0.0729862 0.0687683 0.0639501 0.0586066 0.0528207 0.0466107 0.0400305 0.0331784 0.0260792 0.0187792 0.0113333 0.00378782 -0.0037769 -0.0113044 -0.0187918 -0.0261535 -0.0333209 -0.0402752 -0.0469492 -0.0532673 -0.0592044 -0.064666 -0.0695911 -0.0739424 -0.077658 -0.0806975 -0.0830652 -0.0847021 -0.0856266 -0.0858523 -0.0853888 -0.0842794 -0.082602 -0.0803819 -0.0777248 -0.0747021 -0.0714046 -0.0679157 -0.0643358 -0.0607382 -0.0572149 -0.0538304 -0.0506918 -0.047849 -0.0453726 -0.043342 -0.0417749 -0.0406926 -0.0401185 -0.0400114 -0.0403031 -0.0409287 -0.0417378 -0.0425673 -0.0432012 -0.0434557 -0.0430835 -0.0419035 -0.0398028 -0.0367129 -0.0326432 -0.0277436 -0.0222053 -0.0162959 -0.0103423 -0.00468044 0.000346979 0.00452041 0.00761879 0.00957867 0.0104579 0.0103826 0.00954076 0.00817146 0.00651366 0.00477677 0.00311287 0.00164766 0.000468586 -0.000456279 -0.00112351 -0.00158578 -0.00187761 -0.00206323 -0.00219393 -0.00226672 -0.00233224 -0.00239784 -0.00248265 -0.00256798 -0.00266444 -0.00278374 -0.00290873 -0.00303522 -0.0031607 -0.00330602 -0.00344743 -0.0035734 -0.0036842 -0.00379415 -0.00390416 -0.00398868 -0.00405304 -0.00410655 -0.00415932 -0.00419831 -0.0042133 -0.0042189 -0.00422537 -0.00423318 
0 0.000157503 0.000310248 0.000453049 0.000595439 0.000724415 0.00084102 0.000946654 0.00103843 0.00111937 0.00118064 0.00124017 0.00129135 0.00132734 0.00135612 0.00139526 0.00146179 0.00153063 0.00160666 0.00170849 0.00186257 0.00205025 0.00226107 0.00252302 0.00284956 0.00325759 0.00373421 0.00433678 0.00509031 0.00602114 0.00718288 0.00861554 0.0103684 0.0124023 0.0147021 0.0171996 0.0197421 0.0221318 0.0241495 0.0255559 0.0261027 0.0255838 0.0238961 0.0210268 0.0170283 0.012143 0.0066604 0.00093481 -0.00466122 -0.00975515 -0.0140248 -0.0172592 -0.0192945 -0.0200659 -0.0196272 -0.0181003 -0.0156235 -0.0124182 -0.00868157 -0.00459844 -0.000301321 0.00407278 0.00845992 0.0128458 0.0171969 0.0215214 0.025859 0.0302075 0.0345733 0.0389884 0.0434265 0.0478836 0.0523319 0.0567442 0.0610623 0.0652352 0.0691984 0.0728836 0.0761922 0.0790754 0.0814395 0.0832144 0.0843685 0.0848556 0.0846388 0.0837424 0.0821445 0.0798592 0.0769394 0.0734024 0.0692961 0.0647036 0.0596568 0.0542209 0.0484819 0.0424697 0.0362369 0.0298414 0.0232955 0.0166412 0.0099251 0.00314871 -0.00364715 -0.0104251 -0.0171812 -0.0238722 -0.0304621 -0.0369473 -0.0432667 -0.0493649 -0.0552144 -0.0607326 -0.0658576 -0.0705499 -0.0747272 -0.0783394 -0.0813678 -0.0837462 -0.0854647 -0.0865208 -0.0868907 -0.0865933 -0.0856802 -0.0841685 -0.0821422 -0.0796743 -0.0768432 -0.0737304 -0.0704378 -0.0670448 -0.0636466 -0.0603229 -0.0571847 -0.0542909 -0.0517274 -0.0495802 -0.0478855 -0.0466748 -0.0459837 -0.0457708 -0.0459718 -0.0465109 -0.0472358 -0.0479667 -0.0484878 -0.0485993 -0.0480485 -0.0466464 -0.0442723 -0.0408547 -0.0364021 -0.0310718 -0.0250668 -0.0186708 -0.0122277 -0.00609962 -0.000634016 0.00392839 0.00736359 0.00959774 0.0106841 0.0107475 0.00997087 0.00860624 0.0069047 0.00508914 0.00332327 0.00174594 0.000449008 -0.000588342 -0.00136003 -0.00190446 -0.0022594 -0.002496 -0.00266317 -0.00276233 -0.00283504 -0.00289867 -0.00297042 -0.00303634 -0.00311335 -0.00320916 -0.00330826 -0.0034036 -0.00350515 -0.00363854 -0.0037737 -0.00389361 -0.00400125 -0.00411861 -0.00424294 -0.00434036 -0.00441328 -0.00447588 -0.0045409 -0.00459036 -0.00460985 -0.00461794 -0.00462932 -0.00464223 
0 0.000167232 0.000317256 0.000471351 0.000607842 0.000746939 0.000865905 0.000968919 0.00106682 0.00113845 0.00120821 0.00126798 0.00132734 0.00137882 0.00142132 0.00149009 0.00158259 0.00168516 0.00179387 0.00193632 0.00213454 0.00237227 0.00262512 0.00292705 0.00330114 0.00375131 0.00429522 0.00494939 0.00577745 0.00679156 0.00804746 0.00961402 0.0114945 0.0136865 0.0161334 0.0187718 0.0214443 0.0239313 0.0260035 0.0274153 0.0279029 0.0272668 0.0254183 0.0223231 0.0180895 0.0129245 0.00715904 0.00115944 -0.0046945 -0.00999924 -0.0144243 -0.0177458 -0.0197939 -0.0204924 -0.0199184 -0.0181613 -0.015401 -0.0118414 -0.00769478 -0.0031514 0.00163413 0.00653657 0.011461 0.0163779 0.021261 0.0260791 0.0308724 0.0356284 0.040343 0.0450241 0.0496723 0.0542353 0.0587069 0.0630422 0.0671766 0.0710433 0.0745989 0.0777449 0.0804129 0.0825626 0.0841184 0.0850275 0.0852914 0.0848764 0.0837648 0.0820074 0.0796069 0.0765925 0.0730366 0.0689952 0.0645087 0.0596709 0.0545308 0.049148 0.0435721 0.0378606 0.0320556 0.0261953 0.0202696 0.0143305 0.00839659 0.00245015 -0.00352345 -0.00949095 -0.015464 -0.0214282 -0.027388 -0.0333163 -0.0391776 -0.0449385 -0.0505812 -0.0560187 -0.061213 -0.0661162 -0.0706393 -0.074717 -0.0783239 -0.0813731 -0.0838275 -0.0856784 -0.0868813 -0.087426 -0.0873457 -0.086649 -0.0853679 -0.0835847 -0.0813548 -0.078753 -0.075877 -0.0728309 -0.0696788 -0.0665446 -0.0635234 -0.060692 -0.0581412 -0.0559792 -0.0542272 -0.0529522 -0.052183 -0.051881 -0.0519982 -0.0524509 -0.0530812 -0.0537049 -0.0541102 -0.0540558 -0.0533208 -0.0516791 -0.0490202 -0.0452679 -0.0404383 -0.0346795 -0.0282276 -0.0213549 -0.0144344 -0.00785296 -0.00193837 0.0030121 0.00680464 0.00933828 0.0106625 0.010899 0.0102323 0.00890668 0.00720266 0.00533569 0.00348491 0.0018163 0.000390871 -0.000753665 -0.00164105 -0.00227549 -0.00269673 -0.00299361 -0.00319303 -0.00332199 -0.00340278 -0.00346494 -0.00352201 -0.00357303 -0.00362912 -0.00370716 -0.00378058 -0.00384322 -0.00392455 -0.00402911 -0.00415531 -0.00425218 -0.00434529 -0.0044612 -0.0045784 -0.0046902 -0.0047589 -0.00483421 -0.00491208 -0.00496908 -0.00500842 -0.00501463 -0.00504169 -0.0050568 
0 0.000170132 0.000335486 0.000476338 0.000627877 0.000759199 0.000879953 0.000985319 0.00106803 0.00114997 0.00121243 0.00128424 0.00135612 0.00142132 0.00149742 0.00159324 0.00172432 0.00186613 0.00201442 0.00220292 0.00244896 0.00272727 0.00302982 0.00336672 0.00378126 0.00428659 0.00487503 0.00560663 0.00649714 0.00760458 0.00897994 0.0106662 0.0127052 0.0150382 0.0176331 0.0204005 0.0231727 0.0257328 0.0278357 0.0292173 0.0296311 0.0288784 0.0268543 0.0235799 0.0191205 0.0137326 0.00773922 0.00150819 -0.00453646 -0.0100007 -0.0145425 -0.0179045 -0.0199239 -0.0205424 -0.0197789 -0.0177904 -0.0147172 -0.0107799 -0.00621288 -0.00119874 0.00409652 0.00951419 0.0149737 0.0204197 0.0257821 0.0310674 0.036252 0.041332 0.0462977 0.0511558 0.0558619 0.0604156 0.0647615 0.0688567 0.0726427 0.0760613 0.0790287 0.0814969 0.0834028 0.0846947 0.085353 0.0853606 0.0847043 0.0833882 0.0814439 0.0788837 0.075763 0.0721435 0.0680973 0.0636673 0.0589533 0.0540112 0.0488975 0.0436645 0.0383928 0.0330737 0.0277429 0.0224432 0.0172182 0.0120227 0.00684967 0.00169301 -0.00342436 -0.00856767 -0.0137643 -0.0190123 -0.0242766 -0.0295929 -0.0349344 -0.0402789 -0.0455898 -0.0508516 -0.0559875 -0.060952 -0.0656799 -0.070113 -0.0741591 -0.0777692 -0.0808826 -0.0834482 -0.0854293 -0.0868182 -0.0875877 -0.0877358 -0.0872936 -0.086282 -0.0847566 -0.0827921 -0.0804745 -0.07788 -0.0751311 -0.0723077 -0.0695263 -0.0668789 -0.0644682 -0.0623658 -0.0606666 -0.0593938 -0.0585947 -0.0582599 -0.0583247 -0.058704 -0.059263 -0.0597833 -0.060052 -0.0598466 -0.0588878 -0.0570057 -0.0540507 -0.0499546 -0.0447505 -0.0385877 -0.0316862 -0.0243707 -0.0169933 -0.00995426 -0.00361955 0.00174754 0.0059037 0.00876892 0.0103716 0.0108209 0.0102986 0.00906339 0.00737393 0.00547893 0.00356889 0.00179147 0.000265732 -0.00101051 -0.00200301 -0.00272434 -0.00322536 -0.00356122 -0.00380114 -0.00394939 -0.00403775 -0.00409889 -0.00413999 -0.00417141 -0.00421495 -0.00426685 -0.00431844 -0.00435705 -0.00440392 -0.00449598 -0.00458647 -0.00466979 -0.00474289 -0.00483624 -0.00495796 -0.00504611 -0.00512633 -0.00519425 -0.00527637 -0.00535461 -0.00538945 -0.00542653 -0.0054489 -0.00547819 
0 0.000169691 0.00031966 0.000469929 0.000605092 0.000744109 0.000864113 0.000964309 0.00105966 0.0011368 0.00122198 0.00130515 0.00139526 0.00149009 0.00159324 0.00173149 0.00189811 0.00207983 0.00227124 0.00250672 0.00278992 0.00311925 0.00345951 0.00384205 0.00430601 0.00484619 0.00551346 0.00629204 0.007269 0.00847223 0.00995451 0.0117965 0.0139618 0.0164573 0.0191893 0.0220702 0.0249339 0.0275459 0.0296496 0.0309932 0.0313123 0.0304305 0.0282693 0.0248009 0.0201851 0.0146075 0.00843455 0.00204455 -0.00414368 -0.0097127 -0.0143099 -0.0176758 -0.0196404 -0.020123 -0.0191909 -0.0169268 -0.0135377 -0.00921806 -0.00421084 0.00128948 0.00706831 0.0130045 0.018961 0.0248616 0.0306694 0.0363273 0.0418204 0.0471377 0.0522535 0.0571373 0.0618059 0.0661788 0.0702504 0.0739565 0.0772398 0.0800241 0.0822904 0.0839495 0.0849971 0.0853987 0.0851492 0.0842313 0.082687 0.0805292 0.0778037 0.0745616 0.0708752 0.0667873 0.0623799 0.0577443 0.0529365 0.0480156 0.043059 0.0380982 0.0331497 0.028284 0.0235306 0.0188638 0.0142637 0.00976431 0.00536056 0.00100074 -0.00338208 -0.007782 -0.0122007 -0.0166874 -0.021289 -0.0259785 -0.0307528 -0.0356188 -0.0405478 -0.0455031 -0.0504648 -0.0553806 -0.0601719 -0.0647805 -0.0691379 -0.0731761 -0.076816 -0.080021 -0.0827203 -0.0848727 -0.0864476 -0.0874497 -0.087835 -0.0876592 -0.0869297 -0.0856994 -0.084036 -0.0820521 -0.0797985 -0.0774287 -0.0750186 -0.0726739 -0.0704971 -0.0685881 -0.0670026 -0.0658286 -0.0650896 -0.0647729 -0.0648496 -0.0652049 -0.0657017 -0.0661314 -0.0662857 -0.0658896 -0.0647399 -0.062599 -0.0593511 -0.0549242 -0.049358 -0.0427904 -0.0354804 -0.0277255 -0.0199109 -0.0124514 -0.00566962 8.46369e-05 0.00463737 0.0078584 0.00976647 0.0104676 0.010135 0.00900875 0.00737815 0.00547459 0.0035108 0.00167037 1.65795e-05 -0.00135184 -0.00245941 -0.00327193 -0.00383546 -0.00423695 -0.0044961 -0.00467482 -0.0047693 -0.00482278 -0.00484603 -0.00485499 -0.00487052 -0.00489713 -0.00491635 -0.00492351 -0.00495248 -0.00500419 -0.00507991 -0.00513183 -0.00518806 -0.00527295 -0.00536883 -0.00546753 -0.00553095 -0.00560713 -0.00569123 -0.00576388 -0.00582141 -0.0058454 -0.00588098 -0.0058991 
0 0.000149855 0.000295005 0.000423076 0.000562691 0.000692302 0.000817142 0.000928499 0.00102764 0.00113235 0.00123467 0.00134689 0.00146179 0.00158259 0.00172432 0.00189811 0.00209995 0.00231989 0.00255364 0.00283076 0.0031601 0.00352298 0.00391816 0.00434515 0.00485513 0.00545999 0.00618146 0.00705289 0.00810857 0.00942109 0.0110367 0.0130043 0.0153179 0.0179425 0.0208018 0.0237839 0.0267166 0.0293632 0.0314686 0.0327484 0.0329745 0.0319738 0.0296539 0.0260465 0.0212725 0.0155654 0.00927435 0.00277763 -0.00347872 -0.00908381 -0.0136958 -0.0170121 -0.0188759 -0.0192228 -0.0180619 -0.0155336 -0.0118119 -0.00710786 -0.00167828 0.00427373 0.0105312 0.0169256 0.023336 0.0296496 0.0357929 0.041736 0.0474235 0.0528424 0.057975 0.0627897 0.0672498 0.0713221 0.0749612 0.0781061 0.0807234 0.0827772 0.0842122 0.0850092 0.0851713 0.084655 0.0834986 0.0817345 0.0793717 0.0764646 0.0730982 0.069296 0.0651604 0.0607758 0.056199 0.0514906 0.0467342 0.0419605 0.037237 0.0326075 0.028114 0.0237551 0.0195315 0.0154507 0.0115396 0.00772527 0.00396188 0.000256517 -0.00339436 -0.00707197 -0.0108101 -0.0146368 -0.0185579 -0.0226098 -0.0268135 -0.0311727 -0.0356521 -0.0402611 -0.0449443 -0.0496541 -0.0543666 -0.0590302 -0.0635404 -0.0678678 -0.0719219 -0.0756156 -0.0789079 -0.0817495 -0.0840606 -0.0858391 -0.0870539 -0.0876918 -0.0877786 -0.087353 -0.0864537 -0.0851553 -0.0835475 -0.081723 -0.0797824 -0.0778489 -0.0760268 -0.0743953 -0.073066 -0.0720846 -0.0714805 -0.0712737 -0.0714068 -0.0717779 -0.0722618 -0.0726331 -0.0726786 -0.0721478 -0.0707886 -0.068423 -0.0648984 -0.0601547 -0.0542562 -0.0473248 -0.0396149 -0.0314622 -0.0232317 -0.0153407 -0.00815398 -0.00198029 0.00295433 0.00654591 0.00878568 0.00976079 0.00965308 0.00869162 0.00715115 0.00528533 0.00331776 0.00141263 -0.000314413 -0.00179655 -0.00300072 -0.00390547 -0.00455989 -0.0050063 -0.00531228 -0.00550832 -0.00561206 -0.00565943 -0.00565822 -0.00564349 -0.00563023 -0.00561825 -0.0056 -0.00557394 -0.00556409 -0.00559055 -0.00562511 -0.00565939 -0.00569783 -0.00575969 -0.00585461 -0.00593294 -0.00600931 -0.00607814 -0.00615705 -0.00623572 -0.00627606 -0.00631154 -0.00632153 -0.00632854 
0 0.000139333 0.000273845 0.000398795 0.000529013 0.000654791 0.000778417 0.000891842 0.00100223 0.00112157 0.00124939 0.00138862 0.00153063 0.00168516 0.00186613 0.00207983 0.00231989 0.0025771 0.00285642 0.00318096 0.00354936 0.00396171 0.00440636 0.00489328 0.00546227 0.00612457 0.00692904 0.00787924 0.00903429 0.0104593 0.0122016 0.014314 0.0167589 0.0195204 0.0224994 0.0255685 0.0285535 0.0312158 0.0332901 0.0345022 0.0346249 0.0335074 0.0310715 0.0273357 0.022463 0.0166659 0.0103005 0.00375624 -0.00251648 -0.00810579 -0.0126608 -0.0158795 -0.0176042 -0.0177661 -0.0163916 -0.0135888 -0.00955403 -0.0044952 0.00133314 0.00771244 0.0143858 0.0211934 0.0279767 0.0345983 0.0409951 0.0471096 0.0528771 0.0582828 0.0632965 0.0678675 0.071983 0.0755853 0.0786524 0.0811256 0.0829845 0.0842005 0.0847617 0.0846544 0.0839209 0.0825368 0.0805556 0.0780114 0.0749438 0.0714236 0.0675475 0.0633561 0.05896 0.0544206 0.0497904 0.0451508 0.0405634 0.0360472 0.0316712 0.0274526 0.0233975 0.0195439 0.0158941 0.0123984 0.0090438 0.00581359 0.002682 -0.000388246 -0.00345019 -0.00653205 -0.00963592 -0.0128262 -0.0161531 -0.0196234 -0.0232632 -0.0270952 -0.0310904 -0.0352627 -0.0395922 -0.0440325 -0.0485547 -0.0531213 -0.0576478 -0.062108 -0.0664108 -0.0704744 -0.0742348 -0.0776241 -0.0805585 -0.0830384 -0.0849995 -0.0864355 -0.0873418 -0.0877315 -0.087621 -0.0870855 -0.086176 -0.0850042 -0.0836494 -0.0822359 -0.0808702 -0.0796383 -0.0786432 -0.0779565 -0.0775915 -0.0775672 -0.0778425 -0.0782923 -0.078799 -0.0791495 -0.0791279 -0.0784734 -0.0769685 -0.0744063 -0.0706461 -0.0656307 -0.0594258 -0.0521537 -0.0440825 -0.0355505 -0.0269356 -0.0186563 -0.0110688 -0.00451327 0.000814738 0.00478718 0.00737831 0.00866962 0.00882788 0.00806831 0.00666446 0.004869 0.0029201 0.000992477 -0.000807292 -0.00236449 -0.00365884 -0.00465164 -0.00538004 -0.00589092 -0.00622945 -0.00645408 -0.00656685 -0.00660357 -0.0065842 -0.00654323 -0.00650079 -0.00645305 -0.00639725 -0.00633911 -0.00629763 -0.00628538 -0.00628858 -0.00629402 -0.00630986 -0.00634528 -0.00640791 -0.00646951 -0.00652797 -0.00658579 -0.00664892 -0.00671221 -0.00675146 -0.00677807 -0.0067849 -0.00677977 
