0 0 0 0 0 0 0 0 0 0 0 0 0 0 0 0 0 0 0 0 0 0 0 0 0 0 0 0 0 0 0 0 0 0 0 0 0 0 0 0 0 0 0 0 0 0 0 0 0 0 0 0 0 0 0 0 0 0 0 0 0 0 0 0 0 0 0 0 0 0 0 0 0 0 0 0 0 0 0 0 0 0 0 0 0 0 0 0 0 0 0 0 0 0 0 0 0 0 0 0 0 0 0 0 0 0 0 0 0 0 0 0 0 0 0 0 0 0 0 0 0 0 0 0 0 0 0 0 0 0 0 0 0 0 0 0 0 0 0 0 0 0 0 0 0 0 0 0 0 0 0 0 0 0 0 0 0 0 0 0 0 0 0 0 0 0 0 0 0 0 0 0 0 0 0 0 0 0 0 0 0 0 0 0 0 0 0 0 0 0 0 0 0 0 0 0 0 0 0 0 
0 1.52676e-05 2.87037e-05 5.28526e-05 6.04132e-05 7.65826e-05 9.06724e-05 0.000110159 0.000132109 0.000135011 0.000143728 0.000145738 0.000149189 0.00014214 0.000122827 0.000114382 0.000107077 9.92836e-05 8.46289e-05 7.36315e-05 7.90357e-05 9.53228e-05 0.000117549 0.000153815 0.000200775 0.000258286 0.000329806 0.000414542 0.000522444 0.000639796 0.000781156 0.000961801 0.00117492 0.00141467 0.00166465 0.0019143 0.0021378 0.00230608 0.00239731 0.00239373 0.00226367 0.00200121 0.00162851 0.00115303 0.00061449 4.89747e-05 -0.000504308 -0.00100318 -0.00143373 -0.0017578 -0.00195964 -0.00205516 -0.00203646 -0.00191422 -0.00173049 -0.00148872 -0.00121549 -0.000932501 -0.000643535 -0.000368345 -0.000101038 0.000149099 0.0003763 0.000591128 0.000797033 0.000984368 0.00118125 0.00138489 0.00159894 0.00183666 0.00210933 0.00241128 0.00275187 0.00314298 0.003571 0.00403348 0.0045417 0.00508356 0.00564687 0.00625913 0.00689403 0.00754063 0.00820384 0.00886148 0.00947533 0.010056 0.0105607 0.01096 0.0112392 0.0113848 0.0113689 0.011202 0.0108683 0.0103677 0.00968995 0.00884802 0.00785305 0.00671523 0.00542204 0.00402305 0.00255493 0.00103337 -0.000519147 -0.00203812 -0.00349862 -0.00487384 -0.00615226 -0.00730472 -0.00831571 -0.00917486 -0.00989277 -0.0104423 -0.0108373 -0.0110812 -0.0111647 -0.0110958 -0.0109185 -0.0106201 -0.0102315 -0.00978528 -0.00928741 -0.00874929 -0.00821357 -0.00766847 -0.00712547 -0.00659995 -0.00608925 -0.00559014 -0.00512202 -0.00468732 -0.00428215 -0.00391935 -0.0036055 -0.00333091 -0.00309925 -0.0029284 -0.00279338 -0.00270616 -0.00267212 -0.00267564 -0.00271797 -0.0028095 -0.00292858 -0.00308204 -0.00325262 -0.00342388 -0.00358329 -0.00368959 -0.00373184 -0.00368963 -0.0035302 -0.00326067 -0.00289005 -0.00241292 -0.00186817 -0.00128442 -0.000693564 -0.000136076 0.000355036 0.000738325 0.00100271 0.00114495 0.00116613 0.00108861 0.00095012 0.000772062 0.000571834 0.000381428 0.000213085 8.21612e-05 -1.40299e-05 -7.45724e-05 -0.00010002 -0.000116553 -0.000124322 -0.000120456 -0.000110128 -0.000101507 -0.000103192 -0.000113064 -0.000122209 -0.000142773 -0.000166881 -0.000191694 -0.000227126 -0.000258984 -0.000299468 -0.00032414 -0.000344982 -0.000374975 -0.000395399 -0.000418397 -0.000417016 -0.000421911 -0.000430303 -0.000427728 -0.000425852 -0.000406758 -0.000407906 -0.00040821 
0 2.87037e-05 7.08777e-05 0.000101513 0.000136244 0.000157876 0.000187652 0.000231423 0.000257223 0.000277952 0.000279509 0.000289973 0.000296845 0.000274822 0.00024804 0.000219381 0.000210532 0.000193181 0.000164274 0.000148544 0.000160233 0.000192444 0.000240023 0.000308126 0.000396341 0.000517748 0.000647108 0.000833814 0.00104584 0.00128919 0.00159233 0.00194233 0.00239004 0.00285453 0.00335154 0.00384437 0.00427107 0.00460157 0.00477529 0.00475858 0.0044996 0.00398319 0.00322809 0.00230135 0.00121412 9.40885e-05 -0.00100257 -0.00200858 -0.00285568 -0.00350603 -0.00391543 -0.00410758 -0.00406951 -0.00384457 -0.00345511 -0.00297905 -0.00241859 -0.00183375 -0.00125465 -0.000700815 -0.000160645 0.000327738 0.000779297 0.00122694 0.00162899 0.00202978 0.00243512 0.0028513 0.00328752 0.00379063 0.00432701 0.00494981 0.00563291 0.00639787 0.00723608 0.00815945 0.0091527 0.0102333 0.0113697 0.012571 0.0138136 0.015084 0.0163691 0.0176266 0.0188241 0.0199241 0.0208651 0.0216114 0.0221516 0.0224072 0.0223726 0.0220325 0.0213548 0.0203325 0.0190149 0.0173534 0.0153651 0.0130928 0.0105915 0.00786579 0.0049797 0.0019882 -0.000998491 -0.0039538 -0.00682941 -0.00955053 -0.0120349 -0.0143044 -0.0163049 -0.0180112 -0.0194177 -0.0205203 -0.0212882 -0.0217635 -0.0219446 -0.021853 -0.0215168 -0.0209648 -0.0202375 -0.0193832 -0.0184254 -0.0174083 -0.0163627 -0.0152844 -0.0142237 -0.0131793 -0.0121663 -0.0111965 -0.0102883 -0.00942074 -0.00864108 -0.0079162 -0.00728915 -0.00674296 -0.00628846 -0.00592158 -0.00566088 -0.00546695 -0.00538444 -0.00539238 -0.00547864 -0.00565816 -0.00591466 -0.00622114 -0.00655145 -0.00690266 -0.00719232 -0.00740194 -0.00747736 -0.00738507 -0.00706351 -0.00653905 -0.00578594 -0.0048504 -0.00376522 -0.00259458 -0.00143342 -0.000308094 0.000666226 0.00143769 0.00197665 0.00227381 0.00232087 0.0021903 0.00190995 0.00156114 0.00116777 0.000768044 0.000445641 0.000162192 -2.65548e-05 -0.000149184 -0.00020929 -0.00023265 -0.000252275 -0.000241002 -0.000219516 -0.00020455 -0.000213014 -0.000230022 -0.00026291 -0.000299584 -0.000353473 -0.000408022 -0.000464881 -0.000542222 -0.000601792 -0.000657811 -0.000693555 -0.000738522 -0.000789887 -0.000809582 -0.000820574 -0.00081879 -0.000833845 -0.000842876 -0.000825608 -0.000815386 -0.00080869 -0.000820956 
0 5.28526e-05 0.000101513 0.000172655 0.0002079 0.000254873 0.00029444 0.000342179 0.000388924 0.000392904 0.000407878 0.000413589 0.000423355 0.000405854 0.000359854 0.000336044 0.000318436 0.000298698 0.000262865 0.000239176 0.000256627 0.000303353 0.000366018 0.00046445 0.000596324 0.000765086 0.000980708 0.00124716 0.00158266 0.00195715 0.00240387 0.00295585 0.00360082 0.00431215 0.00504847 0.0057742 0.00641538 0.00689381 0.00714222 0.00710772 0.00670706 0.00592318 0.00481153 0.00340695 0.00181338 0.00014093 -0.00149723 -0.00298532 -0.00426647 -0.00524051 -0.0058573 -0.00614817 -0.00609625 -0.00573462 -0.00516766 -0.00442654 -0.00358413 -0.00270708 -0.00182186 -0.00097811 -0.000168363 0.000585128 0.00127477 0.00193291 0.00256853 0.00317222 0.00380633 0.00446777 0.00516334 0.00592269 0.00676614 0.00768567 0.00870144 0.00984526 0.0110938 0.0124459 0.0139284 0.0155137 0.0171683 0.0189397 0.0207593 0.0225874 0.0244234 0.0262075 0.0278532 0.0293765 0.0306827 0.0317033 0.0324012 0.0327314 0.0326242 0.0320864 0.0310723 0.0295741 0.0275761 0.0251083 0.0222105 0.0189234 0.0152431 0.0112879 0.0071524 0.00288133 -0.00146165 -0.0057327 -0.00986483 -0.0137836 -0.0174403 -0.020758 -0.0236812 -0.0261739 -0.0282488 -0.0298496 -0.0310065 -0.0317395 -0.0320383 -0.031933 -0.0315239 -0.0307917 -0.0298054 -0.0286398 -0.0273089 -0.0258468 -0.0243524 -0.0228111 -0.0212622 -0.0197516 -0.0182822 -0.0168567 -0.0155209 -0.0142777 -0.0131207 -0.012073 -0.0111491 -0.0103283 -0.00962329 -0.00907599 -0.00864267 -0.00835053 -0.00822005 -0.00821707 -0.0083422 -0.00861295 -0.00897649 -0.00943217 -0.00993204 -0.0104279 -0.0108721 -0.0111627 -0.0112605 -0.0111077 -0.010622 -0.00981865 -0.00871478 -0.00731003 -0.00570044 -0.00397074 -0.0022159 -0.00054813 0.000928089 0.00209694 0.0029176 0.0033746 0.00346991 0.00326989 0.002873 0.00235018 0.00175723 0.00118207 0.000671913 0.000264674 -3.64862e-05 -0.000230012 -0.00032184 -0.000375877 -0.000398716 -0.000385792 -0.000352782 -0.000326873 -0.00033206 -0.00036289 -0.000401183 -0.000467685 -0.000545183 -0.000623364 -0.000722947 -0.000816343 -0.000922239 -0.000989274 -0.00104196 -0.00111233 -0.00116097 -0.00120717 -0.00119947 -0.00120729 -0.00123015 -0.00123366 -0.00123539 -0.00120431 -0.00122014 -0.00123358 
0 6.04132e-05 0.000136244 0.0002079 0.000275642 0.000326792 0.00038288 0.000450865 0.000494356 0.000519993 0.000526807 0.000544095 0.000556987 0.000527682 0.000481895 0.000438762 0.000420715 0.000395228 0.000355466 0.00033885 0.000370252 0.000437448 0.000531354 0.000660633 0.000830963 0.00106014 0.00132793 0.00169215 0.00212225 0.00262111 0.00322886 0.00394489 0.00481838 0.00574811 0.00672575 0.00768589 0.00852163 0.00915492 0.00948061 0.00942355 0.00889282 0.00786182 0.00637238 0.00453004 0.00240293 0.000192545 -0.00197031 -0.00395174 -0.00563023 -0.00691609 -0.0077367 -0.00811566 -0.00804293 -0.0075862 -0.0068115 -0.00583736 -0.00470675 -0.00351949 -0.0023368 -0.00120022 -0.000103228 0.000906154 0.00184666 0.00276651 0.00362888 0.00448739 0.00536619 0.00627588 0.00723081 0.00828875 0.00941938 0.0106787 0.012046 0.0135526 0.0151897 0.0169731 0.0188919 0.0209547 0.023114 0.0253715 0.027673 0.0299792 0.0322585 0.0344393 0.0364622 0.0382786 0.0397995 0.040968 0.0417562 0.0420574 0.0418372 0.0410627 0.0396786 0.0376689 0.0350874 0.0318965 0.0281388 0.0238926 0.0192457 0.0142443 0.00899206 0.00357592 -0.00185789 -0.0072438 -0.0124989 -0.0175046 -0.0221368 -0.0263797 -0.0301405 -0.0333668 -0.0360423 -0.0381513 -0.0396704 -0.0406606 -0.0411322 -0.0411255 -0.0406959 -0.0398806 -0.0387399 -0.0373453 -0.0357327 -0.0339663 -0.0321081 -0.0301684 -0.0282241 -0.0262986 -0.0244215 -0.022616 -0.0209148 -0.0192987 -0.0178177 -0.0164426 -0.0152232 -0.014142 -0.0132177 -0.0124597 -0.011887 -0.0114679 -0.0112597 -0.0112359 -0.0113808 -0.0117101 -0.0121879 -0.0127685 -0.0134011 -0.0140514 -0.0145957 -0.0149704 -0.0150835 -0.0148626 -0.0142109 -0.0131497 -0.0116596 -0.00980365 -0.00766011 -0.00535173 -0.00303741 -0.000811381 0.0011371 0.00269311 0.00379249 0.00441123 0.00454832 0.00431466 0.00379184 0.00311139 0.00234004 0.00156449 0.000906143 0.000346133 -4.91992e-05 -0.000308412 -0.000446249 -0.000512122 -0.000551516 -0.000537383 -0.000500433 -0.000474062 -0.000485367 -0.000519907 -0.000579433 -0.000653618 -0.00075094 -0.000850536 -0.000959453 -0.00109213 -0.0012069 -0.00130575 -0.00137722 -0.00146059 -0.00154475 -0.00158596 -0.001602 -0.00160758 -0.00163703 -0.00165745 -0.0016416 -0.00162509 -0.001625 -0.00164461 
0 7.65826e-05 0.000157876 0.000254873 0.000326792 0.000398122 0.000466039 0.000538009 0.000596874 0.000618169 0.000637807 0.000655828 0.000670057 0.000646004 0.000592098 0.000553028 0.000530509 0.000506892 0.00047181 0.000461347 0.000505323 0.000594388 0.000713175 0.000877592 0.00109416 0.0013712 0.00171807 0.00215432 0.00268824 0.00330647 0.00404906 0.00495064 0.00601263 0.00717845 0.00839212 0.00958062 0.010625 0.0114058 0.0118039 0.0117215 0.0110488 0.00975754 0.0079132 0.00560716 0.00298571 0.000241263 -0.00244076 -0.00488688 -0.00696785 -0.00855261 -0.00956413 -0.0100209 -0.00992404 -0.00933716 -0.00838294 -0.00715482 -0.0057505 -0.00427041 -0.00277967 -0.0013333 5.95545e-05 0.00136985 0.00259685 0.00377808 0.00491701 0.00603149 0.00717538 0.0083614 0.00960552 0.0109469 0.0124008 0.0139779 0.015692 0.0175719 0.0196023 0.0217804 0.0241183 0.0265883 0.0291489 0.0318107 0.0345014 0.0371603 0.0397579 0.0422141 0.0444422 0.0464172 0.0480444 0.0492452 0.0499716 0.0501505 0.0497143 0.0486401 0.0468768 0.0444075 0.0412392 0.0373958 0.0329367 0.0279314 0.0224328 0.0165595 0.0104308 0.00412699 -0.00224493 -0.00854646 -0.0146778 -0.0205311 -0.026009 -0.0310234 -0.0354849 -0.0393371 -0.0425667 -0.0451328 -0.0470497 -0.0483526 -0.049048 -0.049182 -0.0488417 -0.0480419 -0.0468525 -0.0453553 -0.0435824 -0.0415946 -0.0394872 -0.0372787 -0.0350289 -0.0327944 -0.0305952 -0.0284545 -0.0264184 -0.0244942 -0.0226945 -0.0210378 -0.019548 -0.0182161 -0.0170632 -0.0161234 -0.0153817 -0.0148528 -0.0145674 -0.0144992 -0.0146447 -0.0150123 -0.0155546 -0.0162378 -0.0169994 -0.0177649 -0.0184314 -0.0188716 -0.0189927 -0.0186947 -0.0178729 -0.0165281 -0.0146729 -0.0123488 -0.00967964 -0.00681369 -0.00391661 -0.00115936 0.00127343 0.00321789 0.00459535 0.00537609 0.00557363 0.0052954 0.00467563 0.00384295 0.0028978 0.00196272 0.00113268 0.000451874 -5.36627e-05 -0.000387294 -0.000571738 -0.000677391 -0.00073031 -0.000728723 -0.000694569 -0.000667744 -0.000676838 -0.000715611 -0.000773435 -0.00085806 -0.000961032 -0.00107083 -0.00120367 -0.00134724 -0.00149404 -0.00160762 -0.00170279 -0.00181189 -0.00190649 -0.00197638 -0.00199583 -0.00201894 -0.00205589 -0.00207486 -0.00207069 -0.00203895 -0.00204342 -0.00205279 
0 9.06724e-05 0.000187652 0.00029444 0.00038288 0.000466039 0.000546129 0.000625042 0.000688105 0.000717992 0.000740164 0.000760895 0.000771955 0.000746483 0.000693863 0.000654022 0.000633139 0.000614857 0.000591859 0.00059743 0.000660233 0.000773577 0.00092563 0.0011262 0.00138703 0.00171749 0.00213065 0.00264733 0.00327601 0.0040168 0.00490737 0.00598461 0.00724592 0.0086331 0.0100742 0.0114772 0.0127068 0.0136203 0.0140789 0.0139575 0.0131429 0.0116017 0.00940028 0.00665584 0.00354223 0.000282721 -0.0028984 -0.00579978 -0.0082561 -0.0101225 -0.0113173 -0.0118412 -0.0117144 -0.0110122 -0.00986297 -0.00838633 -0.00669686 -0.00490537 -0.00309646 -0.00132625 0.000383449 0.00200617 0.00354463 0.00502812 0.00646447 0.00787651 0.00930955 0.0107839 0.0123248 0.0139704 0.0157411 0.0176511 0.019714 0.0219455 0.024336 0.026878 0.0295694 0.0323796 0.0352676 0.0382147 0.0411571 0.0440345 0.0468018 0.049381 0.0516905 0.0536778 0.0552541 0.0563452 0.0568959 0.0568339 0.0560993 0.0546619 0.0524827 0.049554 0.0458916 0.0415179 0.0364861 0.0308742 0.0247573 0.0182404 0.0114375 0.00445499 -0.00258459 -0.00955459 -0.016347 -0.0228411 -0.0289293 -0.0345255 -0.0395447 -0.0439252 -0.0476386 -0.0506499 -0.0529618 -0.0546022 -0.0555879 -0.0559608 -0.055788 -0.0551046 -0.0539783 -0.0524864 -0.0506778 -0.0486184 -0.0463877 -0.0440239 -0.0415871 -0.0391345 -0.0366974 -0.034309 -0.0320099 -0.0298182 -0.0277535 -0.0258403 -0.0241037 -0.0225494 -0.0211979 -0.0200774 -0.0191857 -0.018537 -0.0181572 -0.018035 -0.0181663 -0.0185524 -0.019153 -0.0199185 -0.0207805 -0.021648 -0.0223968 -0.0228879 -0.0230007 -0.0226118 -0.0216163 -0.0199942 -0.0177625 -0.0149825 -0.0117911 -0.00836731 -0.00490822 -0.00161937 0.00128337 0.003617 0.00528203 0.00623998 0.00651715 0.00622831 0.00552676 0.00456133 0.00345994 0.00236047 0.00137299 0.000557099 -5.61642e-05 -0.000467202 -0.000709587 -0.000850158 -0.000924221 -0.000938049 -0.000915314 -0.00089759 -0.00091138 -0.000954513 -0.00101807 -0.0011059 -0.00121195 -0.00132978 -0.00147089 -0.00162785 -0.00178481 -0.00191265 -0.00202413 -0.00214414 -0.0022546 -0.00233516 -0.00237242 -0.00240847 -0.00245215 -0.00247892 -0.00247746 -0.0024543 -0.00245701 -0.00246634 
0 0.000110159 0.000231423 0.000342179 0.000450865 0.000538009 0.000625042 0.000707012 0.000764277 0.000803961 0.00082091 0.000843192 0.00084967 0.000825138 0.000786507 0.000752795 0.000743943 0.000738433 0.00073598 0.000763867 0.000846459 0.000981469 0.00116566 0.00139926 0.00170007 0.00208505 0.0025605 0.00316362 0.00388774 0.0047576 0.00580673 0.00705785 0.0085216 0.0101208 0.0117805 0.0133839 0.0147785 0.0158059 0.0163054 0.0161252 0.0151584 0.0133695 0.0108161 0.00765734 0.00407311 0.000328653 -0.00332385 -0.00666178 -0.00947337 -0.0116109 -0.0129841 -0.0135695 -0.0134057 -0.0125875 -0.011229 -0.00949567 -0.00750555 -0.00538387 -0.00323768 -0.00112112 0.000929472 0.00288482 0.00475539 0.00656372 0.00831242 0.0100476 0.0117923 0.013578 0.015434 0.0173999 0.0194828 0.0217172 0.0241071 0.0266551 0.0293591 0.0322107 0.0351779 0.0382378 0.0413522 0.044464 0.0475273 0.0504851 0.0532713 0.0558129 0.0580515 0.0598976 0.0612792 0.0621269 0.0623835 0.0619717 0.0608609 0.0590129 0.0564095 0.0530455 0.0489624 0.0441711 0.0387203 0.0326815 0.0261588 0.0192238 0.0119866 0.00456985 -0.00288172 -0.0102716 -0.0174781 -0.0243808 -0.0308622 -0.0368596 -0.0422858 -0.0470815 -0.0511992 -0.0546244 -0.0573287 -0.0593324 -0.060657 -0.0613405 -0.0614155 -0.060953 -0.0600077 -0.0586432 -0.0569251 -0.0549262 -0.052695 -0.050296 -0.0477904 -0.0452223 -0.0426406 -0.0400908 -0.0376057 -0.0352114 -0.032949 -0.0308302 -0.0288882 -0.0271412 -0.0256126 -0.0243155 -0.0232839 -0.0225159 -0.0220407 -0.0218647 -0.0219782 -0.0223722 -0.0230216 -0.0238527 -0.0247928 -0.0257423 -0.0265416 -0.0270591 -0.0271365 -0.0266342 -0.0254525 -0.0235527 -0.0209456 -0.017727 -0.0140302 -0.0100622 -0.00605751 -0.00223887 0.00113337 0.00386861 0.00583962 0.00699723 0.00737797 0.00710677 0.00634128 0.00526036 0.0040179 0.00275794 0.00162101 0.000662987 -6.13219e-05 -0.000559032 -0.000872441 -0.00105264 -0.00115389 -0.00118494 -0.00117645 -0.00116859 -0.00118658 -0.00123131 -0.00130306 -0.00139175 -0.00150112 -0.00162791 -0.00177069 -0.00193985 -0.00209385 -0.00223167 -0.00235151 -0.00246949 -0.00259077 -0.00266883 -0.00272625 -0.0027702 -0.0028196 -0.00285972 -0.00286132 -0.00286319 -0.00286698 -0.00288557 
0 0.000132109 0.000257223 0.000388924 0.000494356 0.000596874 0.000688105 0.000764277 0.00083167 0.000862585 0.000891246 0.000908067 0.000910965 0.000901553 0.000873343 0.000863901 0.000866766 0.000881224 0.000908711 0.000964203 0.00106867 0.00123181 0.0014421 0.00171074 0.00205331 0.00247615 0.00303085 0.00369829 0.00452837 0.00552813 0.00672165 0.0081667 0.00980352 0.0116217 0.0134869 0.0152743 0.0168291 0.0179538 0.0184784 0.0182345 0.0171077 0.015066 0.0121917 0.0086138 0.00460533 0.000399096 -0.00370215 -0.00743748 -0.0105927 -0.0129845 -0.0145208 -0.0151624 -0.0149641 -0.0140023 -0.0124522 -0.0104343 -0.00813396 -0.00567443 -0.00316555 -0.00067712 0.00172413 0.00404387 0.00626913 0.00839872 0.0104947 0.0125531 0.014624 0.0167394 0.0189314 0.0212015 0.0236143 0.0261388 0.0288182 0.0316405 0.0346031 0.0376708 0.0408394 0.0440433 0.0472546 0.0504185 0.0534833 0.0563758 0.0590377 0.0614056 0.0633976 0.0649533 0.0660128 0.0664987 0.0663347 0.0655074 0.0639598 0.0616772 0.0586644 0.0549375 0.0504787 0.0453668 0.0396524 0.0333906 0.0266255 0.0194898 0.0120826 0.00451546 -0.00312993 -0.0106904 -0.0180523 -0.0251219 -0.031834 -0.0380574 -0.0437424 -0.0488329 -0.0532838 -0.0570478 -0.0601369 -0.0625205 -0.0642129 -0.0652456 -0.0656691 -0.0655208 -0.0648609 -0.0637505 -0.062247 -0.0604075 -0.0582992 -0.0559919 -0.053515 -0.0509486 -0.0483293 -0.0457044 -0.0431141 -0.04062 -0.0382112 -0.0359625 -0.0338674 -0.0319642 -0.0302761 -0.0288448 -0.027666 -0.0268045 -0.0262474 -0.0260137 -0.0261127 -0.0265154 -0.0271883 -0.0280727 -0.029079 -0.030063 -0.0309076 -0.0314096 -0.0314257 -0.0307898 -0.0294086 -0.0272125 -0.0242494 -0.0205858 -0.0163993 -0.0119111 -0.00735122 -0.00303043 0.000821156 0.00396091 0.006246 0.00761906 0.00813123 0.00788614 0.00709036 0.00590768 0.00453305 0.00314561 0.00184216 0.000766613 -8.2407e-05 -0.000675657 -0.00105981 -0.00130225 -0.00142525 -0.00148289 -0.00149071 -0.00149044 -0.00150864 -0.0015564 -0.0016236 -0.00171765 -0.00182172 -0.0019478 -0.00209867 -0.00225249 -0.00241591 -0.00254751 -0.00267706 -0.00280247 -0.00291314 -0.00301465 -0.00307442 -0.00313868 -0.00319426 -0.00323331 -0.00326171 -0.00326464 -0.00328729 -0.00330244 
0 0.000135011 0.000277952 0.000392904 0.000519993 0.000618169 0.000717992 0.000803961 0.000862585 0.00091937 0.00094637 0.000975323 0.000982211 0.000980331 0.000980971 0.000981913 0.00100246 0.00103533 0.00109403 0.00118395 0.00132225 0.00151163 0.00176575 0.00207185 0.00245151 0.00293379 0.0035331 0.00428962 0.00520136 0.00632345 0.00767835 0.00927665 0.011112 0.0131159 0.0151796 0.0171447 0.0188349 0.0200482 0.0205958 0.0202754 0.0189964 0.0167255 0.0135163 0.00957474 0.00513105 0.00049595 -0.00402085 -0.00814349 -0.0115984 -0.014214 -0.0158953 -0.016571 -0.0163132 -0.0152348 -0.013452 -0.0111693 -0.0085424 -0.00572024 -0.00283876 2.91662e-05 0.00281692 0.00550002 0.00809215 0.0105913 0.0130224 0.0154351 0.017838 0.0202699 0.0227692 0.0253596 0.0280449 0.0308549 0.0337903 0.0368206 0.0399503 0.0431683 0.0464088 0.0496516 0.0528669 0.0559481 0.0588655 0.0615732 0.0639734 0.0660142 0.0676598 0.0687969 0.0693854 0.0693881 0.0687531 0.0674394 0.0654454 0.0627426 0.0593452 0.0552692 0.0505652 0.0452577 0.039381 0.0330026 0.0262388 0.0191317 0.0117569 0.00424407 -0.00328288 -0.0107667 -0.0180985 -0.0251703 -0.031883 -0.0381828 -0.0440037 -0.0492858 -0.0539638 -0.0580297 -0.061436 -0.0641709 -0.0662633 -0.067722 -0.0685329 -0.0687835 -0.0685052 -0.0677265 -0.0665358 -0.0649916 -0.0631065 -0.0609783 -0.0586599 -0.0561836 -0.0536271 -0.051044 -0.0484542 -0.0459093 -0.0434574 -0.0411159 -0.0389218 -0.0369219 -0.0351406 -0.0335906 -0.0323361 -0.0313868 -0.0307568 -0.0304888 -0.0305697 -0.0309717 -0.0316782 -0.032596 -0.0336317 -0.034658 -0.0354879 -0.0359732 -0.0359074 -0.0351218 -0.0335295 -0.0310448 -0.0276921 -0.0235991 -0.0189173 -0.0138946 -0.00882192 -0.00398156 0.000317423 0.0038578 0.00646277 0.00806299 0.00871937 0.00854669 0.00772994 0.00647921 0.00500625 0.00347879 0.00205888 0.000839235 -0.000114686 -0.000806173 -0.00128411 -0.00157509 -0.00174791 -0.00183141 -0.00186567 -0.00188032 -0.00190016 -0.00194216 -0.00200949 -0.00208797 -0.00218114 -0.00230036 -0.00242819 -0.00258201 -0.00272033 -0.00286385 -0.00300336 -0.00312706 -0.00326041 -0.00335517 -0.00345416 -0.00352449 -0.0035846 -0.0036414 -0.00366092 -0.00369653 -0.0037011 -0.0037162 
0 0.000143728 0.000279509 0.000407878 0.000526807 0.000637807 0.000740164 0.00082091 0.000891246 0.00094637 0.000992069 0.00102395 0.00103835 0.00106101 0.00108408 0.00111552 0.00115501 0.00121296 0.00130861 0.00143564 0.00160045 0.00182549 0.00211008 0.0024613 0.00289144 0.00341812 0.00410059 0.00492099 0.00593668 0.00718103 0.00867168 0.0104472 0.0124382 0.0146347 0.0168794 0.019003 0.0208235 0.0221101 0.0226561 0.0222587 0.0208147 0.0183004 0.0147977 0.010476 0.005655 0.000615625 -0.00429193 -0.00875176 -0.0124895 -0.0153056 -0.0170931 -0.0177815 -0.0174498 -0.0161944 -0.0141975 -0.0116137 -0.00865917 -0.00548386 -0.00221691 0.00105444 0.00423075 0.00732157 0.0103077 0.0131627 0.0159615 0.0187053 0.0214272 0.0241689 0.0269679 0.0298115 0.0327576 0.035772 0.0388876 0.0420647 0.0453016 0.0485531 0.0517881 0.0549459 0.0580066 0.0608862 0.063552 0.0659351 0.0679563 0.0695698 0.0707157 0.0713269 0.0713868 0.0708521 0.0696646 0.0678525 0.065396 0.0622908 0.0585686 0.054257 0.0493434 0.0439174 0.038032 0.0317376 0.02508 0.0181668 0.0110644 0.00385857 -0.00340856 -0.0106198 -0.0176896 -0.0245548 -0.0311674 -0.0374027 -0.0432231 -0.0485749 -0.0534013 -0.0576676 -0.061372 -0.064456 -0.0669287 -0.0687972 -0.0700639 -0.070763 -0.070924 -0.0705725 -0.0697718 -0.0685705 -0.0670093 -0.0651794 -0.0631003 -0.060838 -0.0584431 -0.0559678 -0.0534438 -0.0509531 -0.0484965 -0.0461553 -0.0439308 -0.0418859 -0.0400506 -0.038464 -0.0371497 -0.0361781 -0.0355234 -0.0352307 -0.0353128 -0.0357213 -0.0364365 -0.0373884 -0.0384642 -0.0394983 -0.0403478 -0.0407863 -0.0406284 -0.0396846 -0.0378637 -0.0350672 -0.0313477 -0.0268085 -0.0216453 -0.0161155 -0.0105069 -0.00518394 -0.000416848 0.00352453 0.00645512 0.00830396 0.00913434 0.00904681 0.00825829 0.00696636 0.00541458 0.00380063 0.0022451 0.000921283 -0.000157385 -0.000960283 -0.00152905 -0.00190749 -0.00212313 -0.00225275 -0.00231619 -0.00234283 -0.00236281 -0.00239737 -0.00244909 -0.00251683 -0.00259087 -0.00269377 -0.00281181 -0.00293349 -0.00306711 -0.00319903 -0.00334506 -0.00347744 -0.00359889 -0.00371701 -0.00382027 -0.00391198 -0.00397812 -0.00403216 -0.00407879 -0.00411042 -0.00412719 -0.00412809 
0 0.000145738 0.000289973 0.000413589 0.000544095 0.000655828 0.000760895 0.000843192 0.000908067 0.000975323 0.00102395 0.00106464 0.00108933 0.00112871 0.0011829 0.00123986 0.00130584 0.00139667 0.001536 0.00170787 0.00191553 0.00217434 0.00250551 0.00290319 0.00337968 0.00396796 0.00470459 0.00561001 0.00671624 0.00808375 0.00973122 0.0116625 0.0138334 0.0161975 0.018607 0.0208684 0.0227822 0.0241113 0.0246391 0.0241443 0.02254 0.0198058 0.0160108 0.0113683 0.00618035 0.000780429 -0.00447225 -0.00923876 -0.0132107 -0.0161844 -0.0180519 -0.0187285 -0.0182982 -0.0168835 -0.0146379 -0.0117615 -0.00846044 -0.00490631 -0.00124145 0.00243073 0.00601659 0.00949883 0.0128718 0.0161078 0.0192545 0.0223349 0.0253628 0.0283748 0.0314131 0.0344834 0.0376048 0.0407788 0.0440089 0.0472435 0.0504759 0.0536788 0.0567835 0.0597583 0.0625768 0.0651374 0.0674119 0.0693601 0.0708888 0.0719663 0.0725595 0.07259 0.0720472 0.0709281 0.069203 0.0668913 0.0640028 0.0605387 0.0565316 0.0520179 0.0470274 0.0416172 0.0358232 0.0297076 0.023349 0.0167976 0.0100923 0.0033171 -0.00347761 -0.0102495 -0.0169364 -0.0234687 -0.0297892 -0.0358269 -0.0415405 -0.046871 -0.0517586 -0.0561794 -0.0601008 -0.0634791 -0.0663275 -0.0686232 -0.0703339 -0.0715025 -0.0721398 -0.0722479 -0.0719044 -0.0711449 -0.0699832 -0.0685122 -0.0667675 -0.0647813 -0.0626294 -0.0603588 -0.0579923 -0.0556048 -0.0532374 -0.0509393 -0.0487498 -0.046735 -0.0449237 -0.0433448 -0.0420519 -0.0410845 -0.0404373 -0.0401673 -0.0402734 -0.0407171 -0.0414765 -0.0424692 -0.0435722 -0.0446275 -0.045452 -0.0458444 -0.0455797 -0.0444697 -0.042419 -0.039322 -0.0352227 -0.0302574 -0.024618 -0.0185799 -0.0124758 -0.00665817 -0.00144644 0.00290098 0.00617644 0.00830021 0.00933712 0.00938646 0.00865116 0.0073557 0.00575516 0.00404725 0.00239427 0.000945812 -0.000240242 -0.00115131 -0.0018202 -0.0022648 -0.00254096 -0.0027103 -0.0028118 -0.00286292 -0.00289184 -0.00292691 -0.00297346 -0.00302628 -0.00308576 -0.00317258 -0.00326428 -0.00336326 -0.00346464 -0.00358663 -0.0037221 -0.00383973 -0.00395693 -0.00406343 -0.00418262 -0.00427737 -0.00434656 -0.00441291 -0.00446704 -0.00452543 -0.00454199 -0.00454639 
0 0.000149189 0.000296845 0.000423355 0.000556987 0.000670057 0.000771955 0.00084967 0.000910965 0.000982211 0.00103835 0.00108933 0.00113067 0.00119522 0.00128721 0.00138246 0.00148746 0.00162169 0.00180964 0.00202894 0.00227458 0.00256692 0.00293458 0.00337616 0.00390014 0.00454513 0.00534618 0.00633414 0.00754319 0.00903894 0.0108413 0.0129344 0.0152759 0.0178017 0.0203624 0.0227455 0.0247347 0.0260865 0.026569 0.0259649 0.0241885 0.0212327 0.0171726 0.0122363 0.00673616 0.00102958 -0.00451427 -0.00953323 -0.0137021 -0.016808 -0.0187274 -0.0193795 -0.0188386 -0.0172403 -0.0147418 -0.0115573 -0.00790242 -0.00396724 0.000100669 0.00418084 0.00817324 0.0120492 0.0157943 0.0193811 0.0228479 0.0262242 0.0295198 0.0327716 0.0360132 0.0392507 0.0424882 0.0457325 0.0489767 0.052176 0.0553147 0.0583634 0.061248 0.063937 0.0663982 0.0685438 0.0703446 0.0717635 0.0727199 0.0731912 0.0731589 0.0725706 0.0714318 0.0697464 0.0674996 0.0647195 0.0614345 0.0576607 0.0534433 0.0488204 0.0438286 0.0385255 0.0329556 0.0271616 0.0212009 0.0151115 0.00892677 0.00269558 -0.0035493 -0.00977804 -0.0159443 -0.0220115 -0.0279389 -0.0336711 -0.0391676 -0.0443794 -0.04925 -0.0537538 -0.0578478 -0.0614807 -0.0646466 -0.067319 -0.069462 -0.071101 -0.0722311 -0.0728427 -0.0729932 -0.0727087 -0.0720031 -0.0709554 -0.0695998 -0.0679615 -0.0661148 -0.0641044 -0.0619628 -0.059762 -0.0575543 -0.0553824 -0.0532977 -0.0513647 -0.0496229 -0.048106 -0.0468782 -0.0459745 -0.0453986 -0.0452005 -0.0453801 -0.0458977 -0.0467255 -0.0477814 -0.048929 -0.0500047 -0.0508128 -0.0511438 -0.0507601 -0.0494775 -0.0471882 -0.0437962 -0.0393404 -0.0339685 -0.02788 -0.0213603 -0.0147664 -0.00846433 -0.00279335 0.00197436 0.00561532 0.00804478 0.0093154 0.00952936 0.00888049 0.00761054 0.00598479 0.00421025 0.00246876 0.000911212 -0.000385566 -0.0014102 -0.00217942 -0.00270239 -0.00303711 -0.00324964 -0.00338489 -0.00345627 -0.00349334 -0.00352551 -0.00356337 -0.00360104 -0.00364645 -0.00371631 -0.00378568 -0.00385651 -0.00392845 -0.00403125 -0.00414655 -0.0042423 -0.0043388 -0.00443428 -0.0045548 -0.0046521 -0.00472354 -0.00479543 -0.00486345 -0.00493695 -0.0049612 -0.00496709 
0 0.00014214 0.000274822 0.000405854 0.000527682 0.000646004 0.000746483 0.000825138 0.000901553 0.000980331 0.00106101 0.00112871 0.00119522 0.00129232 0.00142005 0.00155613 0.00169989 0.0018779 0.0021122 0.00238111 0.00266438 0.00300009 0.00340309 0.00389243 0.00447038 0.00516479 0.0060411 0.00710277 0.00842392 0.0100501 0.0119994 0.0142606 0.0167575 0.0194377 0.0221308 0.0246158 0.0266618 0.0280207 0.0284411 0.0277313 0.025791 0.0226262 0.0183414 0.0131382 0.00737793 0.00140889 -0.00437811 -0.00959514 -0.0139176 -0.0171193 -0.0190556 -0.0196668 -0.019013 -0.0172184 -0.01448 -0.0109828 -0.00697545 -0.00266001 0.00180693 0.00628803 0.0106623 0.0149096 0.0189948 0.0228907 0.0266471 0.0302731 0.0337892 0.0372288 0.0406201 0.0439508 0.0472467 0.0504819 0.0536535 0.0567233 0.0596727 0.0624546 0.0650309 0.0673481 0.0693667 0.0710236 0.0722841 0.0731019 0.0734354 0.0732732 0.0725934 0.0713852 0.0696663 0.0674446 0.0647163 0.0615347 0.0579215 0.0539106 0.0495569 0.0449199 0.0400178 0.0349189 0.0296658 0.0242902 0.018802 0.0132497 0.00765211 0.00203289 -0.00360868 -0.00922541 -0.0148005 -0.020322 -0.025778 -0.0311088 -0.0363021 -0.0413157 -0.0460985 -0.0506019 -0.0547984 -0.0586222 -0.0620481 -0.0650483 -0.0675977 -0.0696798 -0.0712887 -0.0724172 -0.0730816 -0.0732954 -0.0730822 -0.0724924 -0.0715506 -0.0703102 -0.0688203 -0.0671303 -0.0652813 -0.063344 -0.06135 -0.0593735 -0.0574517 -0.0556565 -0.0540368 -0.0526445 -0.0515243 -0.0507403 -0.0502915 -0.0502154 -0.0505264 -0.051171 -0.0521082 -0.0532599 -0.0544758 -0.0555723 -0.0563788 -0.056641 -0.0561442 -0.0546985 -0.0521774 -0.0485004 -0.0437097 -0.0379404 -0.0314213 -0.024445 -0.0173702 -0.0106098 -0.00448059 0.000702944 0.00471884 0.00747865 0.00901166 0.00942104 0.00889888 0.00768742 0.00606167 0.00425247 0.00243068 0.000787384 -0.000619976 -0.00175566 -0.00261873 -0.00323118 -0.00362051 -0.0038836 -0.00405051 -0.00414191 -0.00418835 -0.00421443 -0.00423608 -0.00425274 -0.00427548 -0.0043176 -0.00436321 -0.00439568 -0.00444492 -0.00452198 -0.00461767 -0.00469868 -0.00476779 -0.0048655 -0.00497561 -0.00507861 -0.00514991 -0.00521348 -0.00529604 -0.0053597 -0.00539245 -0.00538756 
0 0.000122827 0.00024804 0.000359854 0.000481895 0.000592098 0.000693863 0.000786507 0.000873343 0.000980971 0.00108408 0.0011829 0.00128721 0.00142005 0.00158978 0.00176451 0.00194533 0.00216674 0.00244175 0.00275039 0.00308347 0.00344964 0.0039044 0.00444186 0.00507386 0.00584959 0.00678364 0.00795635 0.00938489 0.0111432 0.0132513 0.0156475 0.0183081 0.021112 0.0239173 0.0264869 0.0285695 0.0299132 0.0302747 0.0294491 0.0273592 0.0240199 0.0195165 0.0141168 0.00812033 0.00194123 -0.00403431 -0.00941097 -0.0138433 -0.0170931 -0.0190219 -0.0195636 -0.0187645 -0.0167914 -0.0137847 -0.0100007 -0.0056565 -0.000976147 0.00386474 0.00870155 0.0134478 0.0180189 0.0223998 0.0265853 0.0305678 0.0343988 0.0380838 0.0416442 0.0450978 0.0484717 0.0517183 0.0548727 0.0578905 0.0607459 0.0634029 0.0658558 0.0680197 0.0698842 0.0713989 0.0725063 0.0731608 0.0733603 0.0730573 0.0722473 0.0709508 0.0691608 0.0668843 0.0641635 0.061035 0.0575138 0.0536589 0.049514 0.0451285 0.0405442 0.0358399 0.0310351 0.0261544 0.0212174 0.0162751 0.0113049 0.00631613 0.00132157 -0.00364883 -0.00862904 -0.013602 -0.0185553 -0.0234662 -0.0283555 -0.0331847 -0.0379214 -0.0425246 -0.0469643 -0.0511652 -0.0550999 -0.0587368 -0.0620212 -0.0649102 -0.0674033 -0.0694678 -0.0710744 -0.0722458 -0.0729708 -0.0732522 -0.0731264 -0.0726467 -0.0718176 -0.0707238 -0.0694004 -0.0678921 -0.0662399 -0.0645354 -0.0627827 -0.0610786 -0.059478 -0.0580372 -0.0568036 -0.0558678 -0.055237 -0.0549637 -0.055075 -0.0555513 -0.0563725 -0.0574726 -0.0587553 -0.0600694 -0.0612471 -0.0620531 -0.062295 -0.0617034 -0.0601111 -0.0573805 -0.0534409 -0.0483224 -0.0421911 -0.0352615 -0.027844 -0.0203411 -0.0131165 -0.00656585 -0.000968082 0.00343275 0.00653571 0.00836145 0.00901109 0.00865079 0.00754863 0.00597044 0.00414129 0.00229544 0.000557424 -0.000938007 -0.00218343 -0.00315987 -0.0038482 -0.00432416 -0.00462945 -0.00483244 -0.00494559 -0.0049914 -0.00500896 -0.00500653 -0.00499142 -0.00498737 -0.00499629 -0.00500449 -0.00501227 -0.00502427 -0.005085 -0.00515655 -0.00521424 -0.00527567 -0.00535028 -0.00546605 -0.00555744 -0.00562328 -0.00568633 -0.0057488 -0.00581728 -0.00582871 -0.00581606 
0 0.000114382 0.000219381 0.000336044 0.000438762 0.000553028 0.000654022 0.000752795 0.000863901 0.000981913 0.00111552 0.00123986 0.00138246 0.00155613 0.00176451 0.00198048 0.00220848 0.00247547 0.0027936 0.00315562 0.00352523 0.00395024 0.00444117 0.00503514 0.0057401 0.00657651 0.00761734 0.0088787 0.0104445 0.0123435 0.0145876 0.0171415 0.0199291 0.0228534 0.0257476 0.0283752 0.0304727 0.0317951 0.0320669 0.0311438 0.0289128 0.0254032 0.0207507 0.0151612 0.0090072 0.00266428 -0.00345318 -0.00893097 -0.0134303 -0.016709 -0.0185858 -0.0190401 -0.0181015 -0.015907 -0.012672 -0.00859977 -0.00395135 0.00104672 0.0062076 0.0113741 0.0164173 0.0212887 0.0259315 0.0303375 0.0345182 0.0384922 0.042271 0.0458869 0.0493476 0.0526426 0.055787 0.0587577 0.0615289 0.0640938 0.0664185 0.0684432 0.0701595 0.0715075 0.0724397 0.0729456 0.0729981 0.072555 0.0716339 0.0702285 0.0683384 0.0659991 0.0632539 0.0601212 0.0566426 0.0528766 0.0488768 0.0446882 0.0403725 0.0359767 0.0315195 0.0270366 0.0225754 0.0181409 0.0137191 0.00932728 0.00497516 0.000634179 -0.00371462 -0.00805613 -0.0123994 -0.0167754 -0.02118 -0.0255894 -0.0299989 -0.0343971 -0.0387482 -0.0430177 -0.047172 -0.0511569 -0.0549074 -0.0583974 -0.0615924 -0.0644334 -0.0668903 -0.0689571 -0.0705855 -0.0717809 -0.0725648 -0.072933 -0.0729046 -0.07254 -0.0718524 -0.0708993 -0.0697434 -0.0684287 -0.067005 -0.065546 -0.0640974 -0.0627264 -0.0615072 -0.0605001 -0.0597625 -0.0593511 -0.0593009 -0.0596162 -0.0603165 -0.0613483 -0.0626473 -0.064116 -0.065593 -0.0668732 -0.0677659 -0.0679984 -0.0673557 -0.0656539 -0.0627329 -0.058561 -0.0531661 -0.0466945 -0.0393998 -0.0315983 -0.0236688 -0.0160471 -0.00906716 -0.0030752 0.00170746 0.00518088 0.00732088 0.0082433 0.00810156 0.00714986 0.00565429 0.00386732 0.00199086 0.000212452 -0.00138033 -0.00272835 -0.00379407 -0.00459009 -0.00512374 -0.00549242 -0.00572252 -0.00585215 -0.00590787 -0.00590973 -0.00588917 -0.00584857 -0.00581906 -0.00579412 -0.00577223 -0.0057371 -0.0057263 -0.00574846 -0.00578751 -0.00582359 -0.00584493 -0.00591318 -0.0059935 -0.00607635 -0.00613089 -0.00617022 -0.0062375 -0.00627407 -0.00629216 -0.00626374 
0 0.000107077 0.000210532 0.000318436 0.000420715 0.000530509 0.000633139 0.000743943 0.000866766 0.00100246 0.00115501 0.00130584 0.00148746 0.00169989 0.00194533 0.00220848 0.0024807 0.00280305 0.00317142 0.00358189 0.00401885 0.00448981 0.00504517 0.00569525 0.00646605 0.00739398 0.00850765 0.00989039 0.0115787 0.0136199 0.0160206 0.0187124 0.0216491 0.0246812 0.027651 0.03032 0.0324141 0.0336792 0.0338706 0.0328315 0.030479 0.0268452 0.0220519 0.0163562 0.0100755 0.00362635 -0.00257293 -0.00810857 -0.0126369 -0.0158925 -0.0177146 -0.0180717 -0.0169884 -0.0146326 -0.0111732 -0.00686944 -0.00196058 0.00331905 0.00875996 0.0141794 0.0194905 0.0245831 0.0294209 0.0340151 0.0383275 0.0423936 0.0462189 0.0498131 0.0531791 0.0563459 0.0592808 0.0620091 0.0644818 0.0666971 0.0686015 0.0701745 0.0713703 0.0721657 0.0725146 0.0724164 0.0718335 0.0707784 0.0692657 0.0672957 0.0648998 0.0621147 0.0589567 0.0554839 0.0517779 0.0478694 0.0438269 0.0397035 0.0355404 0.0313617 0.0272277 0.0231398 0.019111 0.0151417 0.0112643 0.00744759 0.00368434 -4.9837e-05 -0.00375958 -0.00750087 -0.0112765 -0.0150977 -0.0189578 -0.0228917 -0.0268731 -0.0308953 -0.0349426 -0.0389949 -0.042996 -0.0469362 -0.0507559 -0.0543884 -0.0577871 -0.0609057 -0.0636964 -0.0661377 -0.0682011 -0.0698605 -0.0711184 -0.0719552 -0.0724056 -0.072481 -0.0722224 -0.0716675 -0.0708801 -0.0698883 -0.0687919 -0.0676171 -0.0664584 -0.0653675 -0.0644124 -0.0636535 -0.0631714 -0.0629849 -0.0631769 -0.0637499 -0.0646908 -0.065988 -0.0675412 -0.0692332 -0.0709055 -0.0723543 -0.0733339 -0.0736258 -0.0729696 -0.0711966 -0.0681475 -0.0637901 -0.0581583 -0.0514105 -0.043796 -0.0356483 -0.0273704 -0.0193553 -0.012003 -0.00562301 -0.000451279 0.00339239 0.0058797 0.00710546 0.00720998 0.00644696 0.00506972 0.00333155 0.00147938 -0.000346899 -0.00199747 -0.00342418 -0.00457845 -0.00543749 -0.00605151 -0.00645937 -0.00672448 -0.00688072 -0.00694114 -0.006945 -0.0069052 -0.00684549 -0.00679409 -0.00673605 -0.00667681 -0.00660606 -0.00655275 -0.00653655 -0.00653002 -0.00652578 -0.0065175 -0.00654172 -0.00659348 -0.00664159 -0.00667509 -0.00670158 -0.00674194 -0.00677317 -0.00677482 -0.00674499 
0 9.92836e-05 0.000193181 0.000298698 0.000395228 0.000506892 0.000614857 0.000738433 0.000881224 0.00103533 0.00121296 0.00139667 0.00162169 0.0018779 0.00216674 0.00247547 0.00280305 0.00317981 0.00359709 0.00405959 0.00454513 0.0050757 0.0056799 0.00638971 0.00723835 0.00824906 0.00947193 0.010971 0.0128064 0.0150033 0.0175551 0.0204015 0.0234728 0.0266123 0.0296503 0.0323496 0.0344308 0.0356439 0.0357378 0.0345951 0.0321254 0.0283708 0.0234827 0.0177002 0.0113601 0.00486287 -0.0013622 -0.00690264 -0.0114201 -0.0146506 -0.0164103 -0.016688 -0.0155007 -0.0129974 -0.00937561 -0.00488294 0.000229238 0.00572424 0.0113769 0.017012 0.0225195 0.0277973 0.0327847 0.0374883 0.0418702 0.0459536 0.049741 0.0532539 0.0564865 0.0594497 0.0621399 0.0645585 0.0666627 0.0684686 0.0699274 0.0709917 0.0716567 0.0718815 0.0716278 0.0709258 0.0697626 0.0681314 0.0660825 0.0636191 0.060773 0.0576029 0.0541598 0.0504849 0.0466544 0.0427103 0.0387222 0.0347308 0.0307854 0.0269031 0.023112 0.0194118 0.0158315 0.0123566 0.00898977 0.00570303 0.00249084 -0.000687684 -0.00384888 -0.00703065 -0.0102461 -0.0135386 -0.016906 -0.020365 -0.0239065 -0.0275425 -0.0312562 -0.0350408 -0.0388572 -0.042684 -0.0464513 -0.0501241 -0.0536552 -0.0569759 -0.0600328 -0.062809 -0.0652344 -0.0672973 -0.0690001 -0.0702968 -0.0711976 -0.0717309 -0.0718908 -0.0717278 -0.071316 -0.07068 -0.0699061 -0.0690537 -0.0681905 -0.0673759 -0.0666942 -0.0662061 -0.0659853 -0.0660704 -0.0665395 -0.0673829 -0.0686058 -0.0701811 -0.0720099 -0.073961 -0.0758714 -0.0775142 -0.0786473 -0.0790228 -0.0784039 -0.0766119 -0.073483 -0.0690092 -0.0632183 -0.0562616 -0.0484023 -0.0399795 -0.0313832 -0.0230349 -0.0153189 -0.00857431 -0.00302759 0.00119189 0.00402407 0.00556774 0.00594722 0.0054 0.00417279 0.00252964 0.000710805 -0.00112275 -0.00282876 -0.00432342 -0.00554686 -0.00648448 -0.007154 -0.00760928 -0.00789711 -0.00806796 -0.0081344 -0.00812359 -0.00806527 -0.00798122 -0.00790199 -0.00780848 -0.00771175 -0.00760117 -0.00750919 -0.00744433 -0.00739001 -0.0073476 -0.00730021 -0.0072892 -0.00729407 -0.00730757 -0.00731418 -0.00731277 -0.0073295 -0.0073277 -0.00731327 -0.00726593 
