0 0 0 0 0 0 0 0 0 0 0 0 0 0 0 0 0 0 0 0 0 0 0 0 0 0 0 0 0 0 0 0 0 0 0 0 0 0 0 0 0 0 0 0 0 0 0 0 0 0 0 0 0 0 0 0 0 0 0 0 0 0 0 0 0 0 0 0 0 0 0 0 0 0 0 0 0 0 0 0 0 0 0 0 0 0 0 0 0 0 0 0 0 0 0 0 0 0 0 0 0 0 0 0 0 0 0 0 0 0 0 0 0 0 0 0 0 0 0 0 0 0 0 0 0 0 0 0 0 0 0 0 0 0 0 0 0 0 0 0 0 0 0 0 0 0 0 0 0 0 0 0 0 0 0 0 0 0 0 0 0 0 0 0 0 0 0 0 0 0 0 0 0 0 0 0 0 0 0 0 0 0 0 0 0 0 0 0 0 0 0 0 0 0 0 0 0 0 0 0 
0 4.24283e-06 2.22801e-05 3.22236e-05 4.97001e-05 5.17971e-05 7.11924e-05 9.85733e-05 0.000117445 0.000138214 0.000143673 0.000162845 0.000170275 0.000169169 0.00016477 0.000151202 0.000143112 0.000122961 0.000107538 9.1076e-05 7.69786e-05 7.02779e-05 7.95942e-05 0.000106406 0.000136861 0.000178066 0.000230414 0.00031113 0.000399494 0.000503301 0.000630568 0.000778803 0.000959861 0.00116488 0.00140283 0.00165287 0.00189252 0.00210902 0.00228631 0.00238177 0.00237956 0.00225963 0.00200845 0.00164156 0.00116232 0.000629136 6.47011e-05 -0.000498779 -0.00100422 -0.00143319 -0.00176763 -0.00198007 -0.00207576 -0.00206022 -0.00194566 -0.00176221 -0.00151663 -0.00124883 -0.000971125 -0.000685681 -0.000414662 -0.000160123 8.95831e-05 0.000322986 0.000539178 0.000753274 0.000962931 0.00116884 0.00138642 0.00162814 0.00188418 0.00217638 0.00251354 0.00288532 0.0033097 0.00379632 0.00432587 0.00491223 0.00555595 0.00623447 0.00695791 0.00772186 0.00850048 0.0092836 0.0100552 0.0107754 0.0114223 0.0119746 0.0124016 0.0126681 0.012764 0.0126727 0.0123729 0.0118663 0.0111647 0.0102431 0.00910548 0.00778611 0.00630745 0.00467951 0.00293505 0.00112127 -0.000695884 -0.00248486 -0.00422288 -0.00585615 -0.00733619 -0.00866095 -0.00981186 -0.0107691 -0.0115281 -0.0120908 -0.0124473 -0.012605 -0.0125817 -0.0123959 -0.0120563 -0.0115975 -0.0110468 -0.0104213 -0.00975568 -0.00907774 -0.00838828 -0.00771164 -0.00705999 -0.00642775 -0.00583528 -0.00528871 -0.00478125 -0.00432553 -0.00392527 -0.00356968 -0.00327012 -0.00302647 -0.00283314 -0.002687 -0.00259727 -0.00255276 -0.00254846 -0.00259895 -0.00269332 -0.00281762 -0.00298365 -0.00316822 -0.00334207 -0.00350592 -0.00361814 -0.00365943 -0.00361082 -0.00345296 -0.00318695 -0.00280965 -0.00233292 -0.00179761 -0.0012154 -0.000624007 -8.11556e-05 0.000401551 0.00078014 0.00103932 0.00117142 0.00118916 0.0011193 0.000980419 0.000799129 0.000608061 0.000423398 0.000249029 0.000115219 1.6748e-05 -4.40261e-05 -8.398e-05 -0.000105916 -0.000108619 -0.000108581 -0.000102516 -9.63256e-05 -9.13652e-05 -0.000105227 -0.000123439 -0.000144755 -0.000161966 -0.000186175 -0.00022523 -0.000252471 -0.000286225 -0.000308899 -0.000339717 -0.000367825 -0.000381608 -0.000401749 -0.000402967 -0.000412259 -0.000411671 -0.000410982 -0.000415043 -0.000402115 -0.00040022 -0.000388551 -0.000386489 
0 2.22801e-05 5.32491e-05 0.000100489 0.000121682 0.000139945 0.000171639 0.000209423 0.000251282 0.000262844 0.000279822 0.000300704 0.000309874 0.000314019 0.0002927 0.000282288 0.000262639 0.000234667 0.000215492 0.000187948 0.000172762 0.000164844 0.000185604 0.00024051 0.00030121 0.000373817 0.000485195 0.000626595 0.000805844 0.00100726 0.001248 0.00156111 0.00190596 0.00233568 0.00281103 0.00331023 0.00379902 0.0042194 0.00456671 0.00474815 0.00473026 0.00447969 0.00398715 0.0032401 0.00230824 0.00124469 0.000123195 -0.000981104 -0.00199817 -0.00284498 -0.00350969 -0.00393726 -0.00413344 -0.00409424 -0.00388978 -0.0035109 -0.00302713 -0.00249149 -0.00191547 -0.00133516 -0.000785248 -0.000260454 0.000238029 0.00068891 0.00113651 0.0015488 0.00197811 0.00240409 0.00285222 0.00333393 0.00387572 0.00445593 0.00514068 0.00590133 0.00675093 0.00770815 0.00876832 0.00992039 0.0111833 0.0125439 0.0139749 0.0154677 0.0169882 0.0185094 0.0199725 0.0213618 0.0225997 0.0236369 0.0244171 0.0249201 0.025068 0.0248664 0.0242667 0.0232633 0.021823 0.0199904 0.01777 0.0151971 0.0122541 0.00906373 0.00569502 0.00220573 -0.00136344 -0.00486553 -0.00824122 -0.0114037 -0.0143343 -0.0169504 -0.019219 -0.0211001 -0.0226145 -0.0237113 -0.0244314 -0.0247764 -0.0247687 -0.0244185 -0.0238034 -0.022944 -0.0218988 -0.020711 -0.0194429 -0.0181073 -0.0167554 -0.0154342 -0.0141432 -0.012903 -0.0117493 -0.0106669 -0.00965309 -0.00876367 -0.00795034 -0.00724197 -0.00664182 -0.00614493 -0.00573064 -0.00544249 -0.00523339 -0.00514286 -0.00514016 -0.00524089 -0.00542889 -0.0056891 -0.00600319 -0.00636218 -0.00670941 -0.00700929 -0.00724028 -0.00731439 -0.00721467 -0.00690196 -0.00637895 -0.00561574 -0.00468742 -0.00361372 -0.00245835 -0.00129346 -0.000195104 0.000760987 0.00152944 0.00205845 0.00233177 0.00237094 0.00224456 0.0019511 0.00159562 0.00120474 0.000822544 0.000489876 0.000206394 2.96584e-05 -9.10155e-05 -0.000164485 -0.000195405 -0.000204124 -0.000199434 -0.00018843 -0.000180362 -0.000174803 -0.000201006 -0.000250663 -0.000286906 -0.000337382 -0.000389149 -0.00046575 -0.000537315 -0.00058677 -0.000646964 -0.00069168 -0.000741 -0.000770612 -0.000785525 -0.00080173 -0.00079751 -0.000801855 -0.000800715 -0.000798492 -0.000796144 -0.000779895 -0.000780057 -0.000777322 
0 3.22236e-05 0.000100489 0.000151122 0.000207763 0.000225303 0.000273529 0.000334431 0.00037143 0.000404303 0.000405869 0.000438584 0.000447646 0.000437446 0.00041878 0.000386628 0.000370739 0.000335281 0.000314911 0.000293921 0.000279009 0.000278806 0.000315477 0.000392537 0.000478185 0.000591098 0.000739253 0.000962331 0.0012173 0.00152022 0.00189429 0.00234094 0.00288384 0.00350813 0.00422356 0.00497228 0.00568837 0.00632424 0.00683045 0.0070918 0.00705801 0.00667706 0.00591828 0.00482022 0.00341124 0.00184012 0.000182628 -0.00146457 -0.00295436 -0.00422116 -0.00521266 -0.00585549 -0.00615392 -0.00612102 -0.00579384 -0.00524459 -0.00450732 -0.00368718 -0.00282518 -0.00194394 -0.00110301 -0.000314503 0.000444442 0.00114958 0.00180714 0.00245417 0.00309932 0.00374837 0.00444144 0.00520959 0.00603239 0.00695352 0.00799579 0.00913499 0.0104109 0.0118508 0.0134155 0.0151355 0.0170112 0.0189885 0.0210737 0.0232446 0.0254281 0.027586 0.0296684 0.0315838 0.0332736 0.0346863 0.0357486 0.0363761 0.0365296 0.0361628 0.0352143 0.0336795 0.0315806 0.0288743 0.0255835 0.0218034 0.0175994 0.0130199 0.00815266 0.00311165 -0.00195277 -0.0069543 -0.01183 -0.0164419 -0.0206654 -0.0244684 -0.0277884 -0.0305651 -0.0327843 -0.0344448 -0.0355355 -0.0360828 -0.0361365 -0.0357435 -0.0349347 -0.0337859 -0.0323617 -0.0307052 -0.0289029 -0.0270233 -0.0250878 -0.0231659 -0.0212979 -0.0194842 -0.0177801 -0.0161985 -0.0147254 -0.0133908 -0.0121975 -0.0111245 -0.0102014 -0.00943167 -0.00880748 -0.00833299 -0.00802726 -0.00787023 -0.00784843 -0.00798973 -0.0082621 -0.0086284 -0.00910216 -0.00962471 -0.0101178 -0.0105689 -0.0108761 -0.0109778 -0.0108197 -0.0103503 -0.00956491 -0.00845399 -0.00705667 -0.00547231 -0.00374864 -0.00199433 -0.000364191 0.00108608 0.00223683 0.00303453 0.00345383 0.00352801 0.00333131 0.00291912 0.00237777 0.00179901 0.00123746 0.000719048 0.000318648 3.39075e-05 -0.000138306 -0.00024313 -0.000293927 -0.00029668 -0.00029296 -0.00027801 -0.000267199 -0.000265828 -0.000315186 -0.000382795 -0.000457721 -0.000526896 -0.000612726 -0.000730656 -0.000817908 -0.000907352 -0.000967398 -0.00103833 -0.00110074 -0.00113052 -0.00117128 -0.00117292 -0.00118927 -0.00118635 -0.00118519 -0.0011953 -0.00117353 -0.00117668 -0.00116322 -0.00117264 
0 4.97001e-05 0.000121682 0.000207763 0.000262988 0.000304761 0.000362606 0.00042894 0.000489664 0.000511415 0.000533393 0.000566362 0.000582229 0.000582032 0.000548563 0.000523273 0.000493465 0.000454595 0.000430538 0.000401603 0.000388821 0.000392815 0.000441842 0.000544477 0.000662765 0.00080846 0.0010205 0.00129878 0.00164557 0.00204654 0.00253177 0.00314371 0.00384748 0.00469634 0.00564249 0.00663269 0.00759242 0.00842601 0.0090873 0.00942743 0.00936947 0.00885225 0.00785504 0.00637932 0.00453416 0.0024416 0.000238438 -0.00193154 -0.00392282 -0.00559781 -0.00690454 -0.00775615 -0.00814909 -0.00808921 -0.00767459 -0.00692841 -0.00595824 -0.00486717 -0.00369788 -0.00251299 -0.00137649 -0.000292829 0.000736399 0.00168712 0.0026121 0.00349374 0.00439799 0.00531393 0.00628248 0.0073286 0.00848105 0.00972783 0.0111459 0.0127036 0.0144219 0.0163266 0.0184069 0.0206519 0.023075 0.0256427 0.0283085 0.0310382 0.0337639 0.0364284 0.0389425 0.04126 0.0432744 0.044909 0.0460795 0.0467344 0.0467681 0.0461619 0.0448408 0.0427887 0.0399757 0.0364554 0.0322592 0.0274625 0.0220839 0.0162941 0.0102108 0.00393072 -0.00245862 -0.00876119 -0.014876 -0.0206626 -0.02605 -0.0309122 -0.035172 -0.0387551 -0.041668 -0.0438521 -0.0453541 -0.0461915 -0.0464059 -0.0460295 -0.0451635 -0.0438522 -0.0421778 -0.0402078 -0.0380345 -0.0357005 -0.0332865 -0.0308754 -0.0284928 -0.0261802 -0.0239972 -0.0219378 -0.0200041 -0.0182648 -0.0166715 -0.0152548 -0.0140289 -0.0129924 -0.0121283 -0.0114897 -0.011034 -0.0108006 -0.0107556 -0.0109148 -0.0112496 -0.0117264 -0.0123157 -0.0129808 -0.0136257 -0.0141853 -0.0145926 -0.0147115 -0.0144891 -0.0138587 -0.0128088 -0.0113114 -0.00946923 -0.00734812 -0.00506058 -0.00274745 -0.000564508 0.00135063 0.00289235 0.00396608 0.00454028 0.00465566 0.00441848 0.00387019 0.00317169 0.00240325 0.00164844 0.000978495 0.000424174 5.46372e-05 -0.000190335 -0.000339158 -0.000408147 -0.00043111 -0.000430011 -0.000417645 -0.000407634 -0.0004071 -0.000458755 -0.00054515 -0.000621573 -0.00071426 -0.000818709 -0.000959339 -0.00108814 -0.00118673 -0.00128628 -0.00136824 -0.00145019 -0.00150418 -0.00154054 -0.00156956 -0.00157457 -0.00158231 -0.00158361 -0.00158186 -0.00157491 -0.00155843 -0.00156023 -0.00156615 
0 5.17971e-05 0.000139945 0.000225303 0.000304761 0.000354741 0.00042816 0.00051663 0.000583853 0.000630518 0.000656546 0.00070321 0.000727992 0.000723706 0.000695352 0.000655791 0.000622515 0.000576188 0.000543478 0.000514773 0.000501245 0.000514365 0.000581388 0.000705835 0.000856014 0.00104875 0.00130829 0.00166562 0.00209393 0.0026008 0.00321795 0.00396569 0.00485758 0.00589601 0.00706446 0.00828591 0.00946261 0.0105007 0.0113088 0.0117265 0.0116519 0.0110062 0.00975232 0.00792879 0.00562465 0.00302791 0.000294287 -0.00240247 -0.00486089 -0.00694213 -0.00855472 -0.009605 -0.010082 -0.0100119 -0.00946891 -0.0085428 -0.00732586 -0.00595255 -0.0044945 -0.00300999 -0.00156889 -0.000192189 0.00113165 0.00238426 0.00358383 0.0047598 0.00594233 0.00714314 0.00840888 0.00977911 0.0112558 0.0128756 0.0146768 0.0166441 0.0188067 0.0211882 0.023753 0.0265058 0.0294326 0.0324738 0.0355972 0.0387593 0.0418729 0.0448729 0.0476805 0.0502016 0.0523457 0.0540375 0.0551859 0.0556988 0.0555052 0.0545552 0.0527831 0.0501809 0.0467637 0.042529 0.0375221 0.0318525 0.0256024 0.0188755 0.0117933 0.00449151 -0.00287111 -0.0101568 -0.0172624 -0.0240258 -0.030308 -0.036023 -0.041079 -0.0453925 -0.0489357 -0.0516814 -0.0536289 -0.0548067 -0.0552683 -0.055066 -0.0542642 -0.0529413 -0.0511787 -0.0490441 -0.0466384 -0.0440375 -0.0413014 -0.0385165 -0.0357397 -0.0330045 -0.0303834 -0.0278998 -0.0255629 -0.0234181 -0.0214671 -0.0197083 -0.0181733 -0.0168675 -0.0157863 -0.0149493 -0.0143629 -0.0140223 -0.0139157 -0.0140618 -0.0144268 -0.0149703 -0.0156741 -0.0164657 -0.017236 -0.0179181 -0.0183839 -0.0185129 -0.0182139 -0.0174125 -0.0160852 -0.0142273 -0.0119174 -0.00927933 -0.00643086 -0.00354699 -0.000839292 0.00155216 0.00346804 0.0048105 0.0055429 0.00571518 0.00543485 0.00479681 0.00394675 0.00301413 0.00209346 0.00125228 0.000572815 8.20825e-05 -0.000240299 -0.000443892 -0.000553273 -0.000592882 -0.000605112 -0.000596623 -0.000586013 -0.000588827 -0.000646358 -0.000732919 -0.000823241 -0.00091738 -0.00103645 -0.00119325 -0.00133252 -0.00146084 -0.00156868 -0.00167761 -0.00177721 -0.00184727 -0.0019125 -0.00194669 -0.00197582 -0.00198669 -0.00199343 -0.00199843 -0.00197778 -0.00196833 -0.00195539 -0.00195998 
0 7.11924e-05 0.000171639 0.000273529 0.000362606 0.00042816 0.000509839 0.00060538 0.000680077 0.000729251 0.000762417 0.000806921 0.000835572 0.000834038 0.000808072 0.000771663 0.000737571 0.000696406 0.000664757 0.000642561 0.000638983 0.000671018 0.000760917 0.000911151 0.00109702 0.001331 0.00164401 0.00206065 0.00256899 0.00317493 0.00391173 0.00480593 0.00587178 0.00711132 0.00849633 0.00994114 0.0113336 0.0125602 0.0134977 0.0139792 0.0138728 0.0130895 0.0115905 0.00941615 0.00668441 0.00359481 0.000345278 -0.00285194 -0.00577202 -0.00824265 -0.0101435 -0.0113815 -0.0119337 -0.0118372 -0.0111781 -0.0100601 -0.00860215 -0.00694426 -0.00517783 -0.00337741 -0.00161408 8.62774e-05 0.00172373 0.00329087 0.00480523 0.00629648 0.00779496 0.00932153 0.0109168 0.012622 0.0144539 0.0164484 0.0186421 0.0210332 0.0236362 0.0264603 0.0294742 0.0326605 0.0359921 0.0394104 0.042864 0.0462957 0.049625 0.0527773 0.0556711 0.0582151 0.0603129 0.0618739 0.062809 0.0630315 0.0624736 0.061089 0.0588323 0.0556947 0.051695 0.0468579 0.0412405 0.0349297 0.0280098 0.0206016 0.0128395 0.00485163 -0.00321244 -0.011199 -0.0189776 -0.0264031 -0.0333475 -0.0397108 -0.045393 -0.0503135 -0.0544302 -0.0577084 -0.0601406 -0.0617463 -0.0625622 -0.0626392 -0.0620478 -0.0608672 -0.0591785 -0.0570615 -0.0546074 -0.0518918 -0.0489872 -0.0459785 -0.0429267 -0.0398845 -0.0369223 -0.0340759 -0.031376 -0.0288711 -0.0265756 -0.0245006 -0.022675 -0.0211047 -0.0197923 -0.0187563 -0.0180059 -0.0175414 -0.0173607 -0.0174707 -0.0178442 -0.0184398 -0.0192218 -0.02011 -0.0209888 -0.0217571 -0.0222749 -0.0223976 -0.0220108 -0.0210324 -0.0194247 -0.0171962 -0.0144357 -0.0112807 -0.00788524 -0.00445492 -0.00122018 0.00163287 0.00393031 0.00555339 0.00646063 0.00670756 0.00640673 0.00568364 0.00470058 0.00360801 0.00252019 0.00152616 0.000711026 0.000110913 -0.000295533 -0.000556372 -0.000703316 -0.000770316 -0.000795471 -0.000795769 -0.000788998 -0.000798991 -0.000858785 -0.000948808 -0.00104429 -0.00114562 -0.0012755 -0.00143945 -0.00159705 -0.00174122 -0.00186923 -0.0019941 -0.00210647 -0.00219413 -0.00226739 -0.00231536 -0.00235079 -0.00236956 -0.00238263 -0.00238771 -0.00237289 -0.00236183 -0.00235382 -0.00235814 
0 9.85733e-05 0.000209423 0.000334431 0.00042894 0.00051663 0.00060538 0.000699693 0.000779676 0.000820218 0.000857748 0.000887562 0.000911481 0.000910921 0.000884609 0.000859381 0.000829612 0.000806715 0.000790158 0.000788213 0.000809421 0.000871953 0.00099067 0.00116713 0.0013879 0.00165775 0.00202252 0.00248684 0.00307138 0.00377357 0.00462546 0.00567028 0.00690425 0.00834725 0.00994212 0.0116013 0.0132024 0.0146031 0.015653 0.016181 0.0160264 0.0150924 0.0133479 0.0108242 0.00768757 0.00412774 0.000392081 -0.00326865 -0.00662349 -0.00945874 -0.0116317 -0.0130504 -0.0136786 -0.0135546 -0.0127849 -0.0114676 -0.00976297 -0.00780682 -0.00571103 -0.00357359 -0.00146396 0.000589213 0.00256726 0.00447192 0.00633082 0.00815703 0.0099951 0.0118732 0.0138281 0.0158938 0.0181141 0.0205001 0.0230909 0.0258942 0.0289053 0.0321156 0.0355088 0.0390349 0.0426552 0.0463212 0.0499574 0.0534967 0.0568708 0.059995 0.0627773 0.0651441 0.0669945 0.0682348 0.0687825 0.068576 0.0675427 0.0656537 0.06289 0.059252 0.0547453 0.049432 0.0433725 0.036635 0.029293 0.0214853 0.013341 0.00498381 -0.00346467 -0.011835 -0.0199859 -0.0277926 -0.0351533 -0.0419425 -0.0480708 -0.0534646 -0.0580741 -0.0618446 -0.0647719 -0.0668577 -0.0681205 -0.0685979 -0.0683678 -0.0674893 -0.0660398 -0.0641086 -0.0617757 -0.0591075 -0.0561959 -0.0531164 -0.0499265 -0.0467051 -0.0435152 -0.0404025 -0.0374192 -0.0346197 -0.0320176 -0.0296533 -0.0275471 -0.0257137 -0.0241644 -0.0229289 -0.0220025 -0.0214065 -0.0211405 -0.0211973 -0.0215589 -0.0221873 -0.0230181 -0.0239719 -0.0249298 -0.025745 -0.0262858 -0.026374 -0.0258818 -0.0247188 -0.0228344 -0.0202424 -0.0170505 -0.0133896 -0.00946106 -0.00549777 -0.00173583 0.00157547 0.00426152 0.00617644 0.00727534 0.00761494 0.00731431 0.00652006 0.00542146 0.00417787 0.00292783 0.00179163 0.000838567 0.000133285 -0.000360623 -0.000678899 -0.000862266 -0.000960338 -0.000998573 -0.0010111 -0.00101328 -0.00103708 -0.00110185 -0.0012012 -0.00130339 -0.00141803 -0.00155713 -0.00171978 -0.0018912 -0.00203702 -0.00218088 -0.00230901 -0.00242603 -0.00252782 -0.00259907 -0.00266369 -0.00270011 -0.00273267 -0.00275681 -0.00276441 -0.00276759 -0.00275371 -0.00275782 -0.00276003 
0 0.000117445 0.000251282 0.00037143 0.000489664 0.000583853 0.000680077 0.000779676 0.000849232 0.00090776 0.000937366 0.000965588 0.000987492 0.000981013 0.000971315 0.000945694 0.000931328 0.000927066 0.000927624 0.000953692 0.00100145 0.00109539 0.00124712 0.0014462 0.00169929 0.00201775 0.00241925 0.00294966 0.00359862 0.00439939 0.00538086 0.00655458 0.00797973 0.00960557 0.0114092 0.0132777 0.0150666 0.0166355 0.0177818 0.0183367 0.0181247 0.0170378 0.0150302 0.0121876 0.00864036 0.00464038 0.000448556 -0.0036617 -0.00741073 -0.0105928 -0.0130229 -0.0146065 -0.0152991 -0.0151622 -0.0142532 -0.0127499 -0.0107822 -0.00850577 -0.00607021 -0.00357156 -0.0010803 0.00134468 0.00369431 0.00598252 0.00819192 0.0103961 0.0125927 0.0148416 0.0171771 0.0196451 0.0222501 0.0250551 0.0280337 0.0312094 0.0345724 0.0381041 0.0417604 0.0455148 0.0493026 0.0530539 0.0567137 0.0602082 0.0634527 0.0663595 0.0688649 0.0708498 0.0722517 0.0729979 0.0730268 0.0722567 0.0706855 0.0682605 0.0649925 0.0608864 0.0560044 0.0503482 0.0439869 0.036996 0.0295173 0.0215915 0.0133329 0.00487832 -0.0036016 -0.0120377 -0.0202921 -0.0282512 -0.035763 -0.0427679 -0.0491701 -0.054904 -0.0598833 -0.0641044 -0.0675017 -0.0700805 -0.0718534 -0.0728595 -0.0731064 -0.0726795 -0.0716316 -0.0700357 -0.0679666 -0.0655201 -0.0627549 -0.0597438 -0.0565769 -0.0533127 -0.0500161 -0.0467612 -0.0436076 -0.0405728 -0.0377432 -0.035123 -0.0327575 -0.0306767 -0.0289167 -0.0274663 -0.0263905 -0.0256563 -0.0252945 -0.0252939 -0.0256289 -0.0262576 -0.0271241 -0.0281114 -0.0291029 -0.0299529 -0.0304639 -0.030499 -0.0298822 -0.0285201 -0.0263497 -0.0234125 -0.0197755 -0.0156303 -0.0111764 -0.0066746 -0.00240969 0.00137524 0.00444498 0.00666203 0.007972 0.00842905 0.00814164 0.00731596 0.00610887 0.00473281 0.0033403 0.00204665 0.000979438 0.000143253 -0.000438012 -0.000821422 -0.00106092 -0.00118854 -0.00125499 -0.0012828 -0.00129643 -0.00133433 -0.00140252 -0.0014948 -0.00160842 -0.0017195 -0.00186295 -0.00201989 -0.0021795 -0.0023401 -0.00247354 -0.00261486 -0.00273499 -0.00284177 -0.00293581 -0.0029959 -0.00305716 -0.00309417 -0.0031282 -0.00315317 -0.00315338 -0.00316232 -0.00315819 -0.00316477 
0 0.000138214 0.000262844 0.000404303 0.000511415 0.000630518 0.000729251 0.000820218 0.00090776 0.000959056 0.00101275 0.0010352 0.0010611 0.00107128 0.00106572 0.0010636 0.00105551 0.00107269 0.00109238 0.00113797 0.00120913 0.00133402 0.00150909 0.00173594 0.00203089 0.0023894 0.0028624 0.00343702 0.00417217 0.0050728 0.00616451 0.00749935 0.00907581 0.010904 0.0128987 0.014957 0.0169328 0.0186432 0.0198689 0.0204421 0.0201594 0.0189106 0.0166737 0.0134931 0.00958662 0.00515309 0.000516748 -0.0040065 -0.00815149 -0.0116546 -0.0143149 -0.0160427 -0.0167842 -0.0165851 -0.0155591 -0.0138302 -0.0116002 -0.00900308 -0.00619883 -0.0033152 -0.000430768 0.00241096 0.00515963 0.00783254 0.0104545 0.0130421 0.0156344 0.0182886 0.0210287 0.0238739 0.0268886 0.0300597 0.033391 0.0369008 0.0405492 0.0442856 0.0481123 0.0519472 0.0557371 0.059443 0.0629753 0.0662404 0.0691838 0.0717074 0.073726 0.0751789 0.076002 0.0761187 0.0754898 0.074107 0.0719421 0.0689822 0.0652638 0.0607904 0.0555673 0.0496914 0.043237 0.0362311 0.0287541 0.0209299 0.0128659 0.00464797 -0.0036581 -0.0119204 -0.0199921 -0.0278106 -0.035306 -0.0423445 -0.048848 -0.0547658 -0.0600248 -0.0645803 -0.0684159 -0.0715053 -0.073825 -0.0753856 -0.0762202 -0.0763537 -0.0758262 -0.0747191 -0.0730766 -0.0709678 -0.0684926 -0.0657168 -0.0627003 -0.059548 -0.0562952 -0.0530092 -0.049769 -0.0466203 -0.043609 -0.0408134 -0.0382515 -0.035967 -0.0340045 -0.0323917 -0.0311419 -0.0302874 -0.0298395 -0.0297665 -0.0300649 -0.0306905 -0.031549 -0.0325453 -0.0335623 -0.0343898 -0.034881 -0.0348289 -0.0340685 -0.0324906 -0.0300247 -0.0267075 -0.0226486 -0.0180019 -0.013034 -0.00802737 -0.00324283 0.000981601 0.00444883 0.00697881 0.00851734 0.00911442 0.00888548 0.00803374 0.00676379 0.00527008 0.00373606 0.00232499 0.00110753 0.000164053 -0.000531843 -0.000999693 -0.00129781 -0.00148827 -0.00158153 -0.00163583 -0.00166298 -0.00170702 -0.00176232 -0.00184341 -0.00193774 -0.00204844 -0.0021805 -0.00231719 -0.00248179 -0.00262511 -0.00277755 -0.0029129 -0.00304075 -0.00316915 -0.00325728 -0.00335056 -0.00340663 -0.00346575 -0.00351078 -0.00353156 -0.00356188 -0.00355771 -0.00357285 -0.00356875 
0 0.000143673 0.000279822 0.000405869 0.000533393 0.000656546 0.000762417 0.000857748 0.000937366 0.00101275 0.00106874 0.00110201 0.00113256 0.0011469 0.00116416 0.00116967 0.00118212 0.0012221 0.00126683 0.0013428 0.00144675 0.00160183 0.00181286 0.0020662 0.00239835 0.0028171 0.00333381 0.00398488 0.00478995 0.00579588 0.00702238 0.00848569 0.0102417 0.0122324 0.0144043 0.0166336 0.0187587 0.0205948 0.021889 0.0224609 0.0221106 0.0207131 0.0182287 0.0147616 0.0104826 0.00565679 0.000615431 -0.00430505 -0.00879143 -0.0125848 -0.0154559 -0.0172982 -0.0180609 -0.017809 -0.0166058 -0.0146572 -0.0121315 -0.00918634 -0.00601393 -0.00274077 0.000560685 0.00381344 0.00698666 0.0100997 0.0131334 0.016153 0.0191533 0.0222067 0.0253381 0.0285759 0.0319342 0.0354501 0.0390658 0.0428032 0.0466246 0.0504813 0.0543345 0.0581367 0.0618096 0.065288 0.0685088 0.0713913 0.0738596 0.075829 0.0772501 0.0780268 0.0781372 0.0775504 0.0762503 0.0742111 0.0714709 0.0680027 0.0638621 0.0590693 0.0536866 0.0477383 0.0412903 0.0343977 0.0272047 0.0197184 0.0120066 0.00417809 -0.00365483 -0.0114824 -0.019193 -0.0267232 -0.0339566 -0.040838 -0.0472956 -0.0532808 -0.0586957 -0.0635401 -0.0677388 -0.0712701 -0.0741195 -0.0762874 -0.0777322 -0.0784968 -0.0785922 -0.0780634 -0.0769578 -0.075359 -0.0733206 -0.0709021 -0.0681939 -0.065264 -0.0621617 -0.0589761 -0.0557831 -0.0525967 -0.0495314 -0.0466235 -0.0439233 -0.0414933 -0.039396 -0.0376263 -0.0362621 -0.0352861 -0.0347369 -0.0345941 -0.0348409 -0.0354382 -0.0362994 -0.0372938 -0.0383003 -0.0391172 -0.0395271 -0.0393727 -0.0384436 -0.0366269 -0.0338547 -0.0301781 -0.0256749 -0.0205568 -0.0150839 -0.00956131 -0.00430134 0.000381887 0.00422541 0.00707155 0.00885538 0.00961626 0.00946724 0.0086475 0.00733333 0.00575997 0.00412316 0.00257662 0.00124882 0.00016129 -0.000644213 -0.00120437 -0.0015856 -0.00182238 -0.00195993 -0.00203468 -0.00207811 -0.00213154 -0.00217927 -0.00224158 -0.00233095 -0.00242662 -0.00254654 -0.00266468 -0.00280265 -0.00294868 -0.00308163 -0.00322252 -0.00335183 -0.00348145 -0.00359448 -0.00368503 -0.00377023 -0.00383561 -0.0038896 -0.00392848 -0.00395418 -0.00397572 -0.00397929 -0.00397693 
0 0.000162845 0.000300704 0.000438584 0.000566362 0.00070321 0.000806921 0.000887562 0.000965588 0.0010352 0.00110201 0.00113332 0.0011652 0.00119722 0.0012331 0.00126873 0.00130842 0.00138226 0.00146595 0.00158024 0.00172368 0.00192211 0.00216757 0.00245844 0.0028347 0.00329875 0.00387696 0.00457531 0.00545625 0.00655795 0.00789866 0.00951304 0.0114205 0.0135905 0.0159322 0.0183211 0.0205909 0.0225273 0.0238635 0.0244154 0.0239733 0.0224117 0.0197078 0.0159487 0.0113527 0.00616479 0.000753111 -0.00451405 -0.00931772 -0.0133646 -0.0164073 -0.0183353 -0.0190972 -0.0187445 -0.0173778 -0.0151766 -0.0123493 -0.0090512 -0.00548211 -0.00178806 0.00194171 0.00564116 0.00925347 0.0127938 0.0162704 0.0197124 0.0231315 0.0265916 0.0301034 0.0336705 0.037336 0.0410913 0.0448991 0.0487733 0.0526639 0.0565 0.0602653 0.0638808 0.067275 0.0703949 0.0731655 0.0754955 0.0773369 0.0786189 0.0792983 0.0793286 0.0787035 0.0773924 0.0753954 0.0727366 0.0694469 0.0655295 0.0610594 0.0560604 0.0505671 0.0446631 0.0384167 0.0318381 0.0250137 0.0179969 0.0108476 0.00362168 -0.00364438 -0.0109043 -0.0180522 -0.025074 -0.0319213 -0.0385092 -0.0447813 -0.0507011 -0.0561798 -0.0611925 -0.0656897 -0.069623 -0.07295 -0.0756572 -0.0777143 -0.0791263 -0.0798896 -0.0800373 -0.0795808 -0.0785765 -0.0770854 -0.0751589 -0.0728635 -0.0702897 -0.0674688 -0.0644886 -0.0614338 -0.0583424 -0.055303 -0.0523965 -0.0496562 -0.0471537 -0.0449602 -0.0430975 -0.0416212 -0.0405612 -0.0399438 -0.039743 -0.039957 -0.0405362 -0.0413771 -0.0423571 -0.043346 -0.0441079 -0.0444467 -0.0441606 -0.0430484 -0.0409822 -0.0378959 -0.0338399 -0.0289158 -0.0233241 -0.0173643 -0.0113567 -0.00560977 -0.000490851 0.00375169 0.00693398 0.00898645 0.0099393 0.00990783 0.0091274 0.00780231 0.00616239 0.00442881 0.00278418 0.00132955 0.000131023 -0.000790711 -0.00144632 -0.0019002 -0.00220222 -0.00237532 -0.00248014 -0.00254397 -0.00260558 -0.00264732 -0.00269689 -0.0027712 -0.00286041 -0.00296251 -0.00305872 -0.00318335 -0.00331017 -0.00344117 -0.00356752 -0.00369227 -0.00382281 -0.0039284 -0.00403308 -0.00411798 -0.00419629 -0.00425654 -0.00429746 -0.00434485 -0.00437099 -0.00439142 -0.00438946 
0 0.000170275 0.000309874 0.000447646 0.000582229 0.000727992 0.000835572 0.000911481 0.000987492 0.0010611 0.00113256 0.0011652 0.00119849 0.00124576 0.00130312 0.0013669 0.00143792 0.00154749 0.00167688 0.00183742 0.00203226 0.00227824 0.00256728 0.00289924 0.00331735 0.00383034 0.00445902 0.00521412 0.00616764 0.00736791 0.00883204 0.0105919 0.0126563 0.0149919 0.0174929 0.0200279 0.0224213 0.0244369 0.025801 0.026311 0.0257656 0.0240354 0.0211065 0.0170785 0.0121804 0.00667435 0.000944842 -0.00461781 -0.0096782 -0.0139255 -0.0171055 -0.0190899 -0.0198331 -0.0193758 -0.0178257 -0.015366 -0.0122161 -0.00854612 -0.00456706 -0.000440217 0.00373599 0.00788691 0.0119531 0.0159372 0.0198503 0.0237064 0.0275203 0.0313421 0.0351824 0.0390335 0.0429297 0.0468488 0.0507515 0.0546372 0.0584609 0.062152 0.0656857 0.068983 0.0719666 0.0745773 0.0767479 0.0784056 0.0795115 0.0800225 0.0799123 0.0791582 0.0777722 0.0757555 0.0731193 0.069903 0.0661426 0.0618625 0.0571438 0.0520368 0.0465799 0.0408479 0.0348886 0.0287247 0.022423 0.0160068 0.00949818 0.00295301 -0.00360704 -0.010165 -0.0166613 -0.0230858 -0.0294101 -0.0355727 -0.0415453 -0.0472919 -0.0527316 -0.0578243 -0.0625164 -0.0667472 -0.0704778 -0.0736784 -0.0763067 -0.078348 -0.0797869 -0.0806283 -0.0808717 -0.0805496 -0.0796988 -0.078356 -0.076582 -0.0744588 -0.072026 -0.0693739 -0.0665822 -0.0636956 -0.0607994 -0.057981 -0.055281 -0.0527855 -0.0505711 -0.0486761 -0.0471565 -0.0460582 -0.0454035 -0.0451779 -0.0453765 -0.0459484 -0.0467811 -0.0477463 -0.0486988 -0.0493953 -0.0496303 -0.0491945 -0.0478857 -0.0455643 -0.0421725 -0.0377523 -0.0324145 -0.0263672 -0.0199278 -0.0134314 -0.00720945 -0.00164339 0.00300001 0.00653106 0.00887241 0.010041 0.010159 0.00945406 0.0081457 0.00646919 0.00466478 0.00292851 0.00136496 5.1649e-05 -0.000981266 -0.00173403 -0.00226714 -0.00262813 -0.00284446 -0.00297929 -0.00306963 -0.00314503 -0.0031886 -0.00323196 -0.00329583 -0.00337481 -0.00345358 -0.00352247 -0.00361726 -0.00371898 -0.00383049 -0.00393713 -0.00404874 -0.00416832 -0.00427051 -0.00437973 -0.00447558 -0.00456619 -0.00463489 -0.00468513 -0.00474373 -0.00478152 -0.00480676 -0.0048045 
0 0.000169169 0.000314019 0.000437446 0.000582032 0.000723706 0.000834038 0.000910921 0.000981013 0.00107128 0.0011469 0.00119722 0.00124576 0.00131605 0.00140795 0.00150238 0.00160966 0.0017509 0.00192134 0.00212167 0.00236393 0.00264769 0.0029799 0.00335397 0.00381465 0.00438987 0.00506788 0.00590113 0.00693154 0.00823586 0.00983405 0.0117312 0.0139603 0.0164487 0.0191031 0.0217733 0.0242689 0.0263403 0.0277125 0.0281563 0.0274943 0.0255974 0.0224466 0.0181856 0.0130086 0.00723078 0.00123017 -0.00458858 -0.00985741 -0.0142601 -0.0175388 -0.0195415 -0.0202301 -0.0196529 -0.0178947 -0.0151772 -0.0116956 -0.00764853 -0.00325246 0.00131788 0.00595876 0.0105645 0.0150857 0.0195116 0.023833 0.028078 0.0322471 0.0363762 0.0404726 0.0445361 0.0485572 0.052542 0.0564324 0.060215 0.0638453 0.0672672 0.0704178 0.0732504 0.0756858 0.0776595 0.0791225 0.0800307 0.0803407 0.0800408 0.0791362 0.0776131 0.0754996 0.0728271 0.069623 0.0659236 0.0617955 0.057275 0.0524348 0.0473287 0.0420244 0.0365641 0.030983 0.0253063 0.0196001 0.0138454 0.00804539 0.00223726 -0.00355379 -0.00935803 -0.0151472 -0.0209158 -0.0266381 -0.0323043 -0.037887 -0.043351 -0.048629 -0.0536942 -0.0584724 -0.0629047 -0.066952 -0.0705705 -0.0736962 -0.0763157 -0.0783999 -0.0799161 -0.0808608 -0.0812476 -0.0810797 -0.0803835 -0.079226 -0.0776473 -0.0757061 -0.0734857 -0.0710584 -0.0684666 -0.0658228 -0.0631838 -0.0606212 -0.0582226 -0.0560715 -0.0542102 -0.0527251 -0.0516473 -0.0510102 -0.0508131 -0.0510313 -0.0516167 -0.052458 -0.0534142 -0.0543232 -0.054964 -0.0550852 -0.054504 -0.0529963 -0.0504184 -0.0467213 -0.041944 -0.0361928 -0.0297086 -0.0228029 -0.0158238 -0.00914771 -0.0031259 0.00192179 0.00582252 0.00848127 0.0098999 0.0102044 0.00961597 0.00835239 0.00667025 0.00482161 0.00299887 0.00134657 -8.79458e-05 -0.00122889 -0.00208757 -0.00271536 -0.00313799 -0.00341335 -0.0035799 -0.00369791 -0.00378093 -0.00381909 -0.00384565 -0.0038907 -0.00394626 -0.00399579 -0.00403747 -0.00409433 -0.00417749 -0.004261 -0.00435458 -0.00445161 -0.00455145 -0.00465458 -0.00475028 -0.00485996 -0.00495084 -0.00502233 -0.00508533 -0.00514125 -0.00520052 -0.00522075 -0.00522349 
0 0.00016477 0.0002927 0.00041878 0.000548563 0.000695352 0.000808072 0.000884609 0.000971315 0.00106572 0.00116416 0.0012331 0.00130312 0.00140795 0.00153145 0.00166787 0.00181266 0.00198621 0.00219869 0.00244121 0.00272116 0.00305026 0.00341138 0.00383293 0.00434516 0.00496894 0.00573118 0.00663113 0.00776767 0.0091855 0.010909 0.0129691 0.0153328 0.0179746 0.0207585 0.0235357 0.0261093 0.0282102 0.0295614 0.029938 0.0291541 0.0270925 0.0237688 0.0192808 0.0138895 0.00788007 0.00165407 -0.00436064 -0.00979654 -0.0143128 -0.0176399 -0.0196299 -0.0202428 -0.0194945 -0.01754 -0.0145341 -0.0107201 -0.00630564 -0.00149803 0.00351391 0.00858745 0.0136459 0.0186041 0.0234286 0.0281457 0.0327213 0.0371851 0.0415513 0.0458229 0.049974 0.0540384 0.0579563 0.0617157 0.0652794 0.0686029 0.0716066 0.0742672 0.076504 0.0782624 0.0795098 0.0802061 0.0803066 0.0798147 0.0787334 0.0770527 0.0748172 0.072061 0.0688138 0.0651163 0.0610585 0.0566749 0.0520366 0.0472078 0.0422483 0.0371673 0.03205 0.0269292 0.0218163 0.0166912 0.0116072 0.00655977 0.00153449 -0.00352183 -0.00857364 -0.0136275 -0.0187007 -0.0238254 -0.0289451 -0.0340605 -0.039147 -0.0441734 -0.0490757 -0.0538376 -0.0583803 -0.0626417 -0.0665689 -0.0701261 -0.0732413 -0.0758875 -0.0780361 -0.0796485 -0.0807138 -0.0812456 -0.0812501 -0.0807457 -0.0797966 -0.0784303 -0.0767175 -0.0747278 -0.0725431 -0.0702138 -0.0678605 -0.0655312 -0.0633196 -0.0613093 -0.0595859 -0.0581829 -0.0571989 -0.0566387 -0.0565019 -0.0567873 -0.0574235 -0.0582929 -0.0592696 -0.0601668 -0.0607401 -0.0607857 -0.0600458 -0.0583435 -0.0555179 -0.0515203 -0.0463873 -0.0402564 -0.0333437 -0.0259971 -0.0185733 -0.0114388 -0.00499985 0.000466918 0.00474323 0.00773619 0.00944236 0.00997941 0.00954204 0.00837875 0.00672743 0.00485612 0.00298817 0.00122895 -0.000297318 -0.0015608 -0.00253331 -0.00324557 -0.00375319 -0.00407207 -0.00428091 -0.00442063 -0.00450204 -0.00453333 -0.0045394 -0.00455646 -0.00459086 -0.00460835 -0.00462154 -0.00465291 -0.00469729 -0.00476685 -0.00483066 -0.00490947 -0.00499427 -0.00507172 -0.00517396 -0.00526869 -0.00536709 -0.00543952 -0.00549686 -0.00557121 -0.0056187 -0.00565145 -0.00564549 
0 0.000151202 0.000282288 0.000386628 0.000523273 0.000655791 0.000771663 0.000859381 0.000945694 0.0010636 0.00116967 0.00126873 0.0013669 0.00150238 0.00166787 0.00184305 0.00203004 0.00224377 0.00250394 0.00279089 0.00312837 0.00348953 0.00390024 0.00436733 0.00492407 0.00562224 0.00643381 0.00743866 0.00866643 0.0102015 0.0120742 0.0142677 0.0167918 0.0195567 0.0224562 0.0253227 0.0279436 0.0300441 0.0313716 0.0316581 0.0307608 0.028564 0.0250634 0.020425 0.0148346 0.00865803 0.00227171 -0.00389363 -0.00943565 -0.0140072 -0.0173562 -0.0192985 -0.0197993 -0.0188989 -0.0167006 -0.0134263 -0.00927447 -0.00449319 0.000705929 0.00611601 0.0116137 0.0170629 0.0224128 0.0276164 0.0326495 0.0375054 0.0421935 0.0466985 0.05103 0.055197 0.0591542 0.0629088 0.0664173 0.069629 0.0725007 0.0750013 0.0770379 0.0785988 0.0796273 0.0800892 0.079966 0.0792787 0.0780043 0.0761758 0.0738146 0.0709561 0.0676278 0.0639154 0.0598801 0.055577 0.0510734 0.0464484 0.0417302 0.0369804 0.0322595 0.0275706 0.0229129 0.0183396 0.0138686 0.00946732 0.00510163 0.00077566 -0.00351389 -0.00782289 -0.0122032 -0.0166315 -0.0211041 -0.0256517 -0.030268 -0.0349197 -0.0396041 -0.044282 -0.0489031 -0.0534205 -0.0577959 -0.0619467 -0.0658089 -0.0693244 -0.0724553 -0.0751317 -0.0773496 -0.0790771 -0.0802879 -0.0809725 -0.081169 -0.0808589 -0.0801135 -0.0789797 -0.0775123 -0.0757791 -0.0738836 -0.0718746 -0.0698631 -0.0679321 -0.0661585 -0.0646256 -0.0634091 -0.0625606 -0.0621184 -0.0621094 -0.0624919 -0.0632227 -0.0641784 -0.0652122 -0.0661132 -0.0666777 -0.066626 -0.0657633 -0.0638738 -0.0608102 -0.0565371 -0.0510825 -0.0445819 -0.0372911 -0.0295323 -0.0216728 -0.0141403 -0.00726559 -0.00140938 0.00325203 0.00660108 0.00861614 0.00942193 0.00918845 0.00815417 0.00657984 0.00473 0.00281187 0.00100071 -0.000637957 -0.00199694 -0.00307474 -0.00388566 -0.00444411 -0.00482999 -0.00506392 -0.00522802 -0.00531266 -0.00533376 -0.00532546 -0.00531779 -0.00532421 -0.00531432 -0.0053031 -0.00529421 -0.00531645 -0.00534516 -0.00539067 -0.0054443 -0.00549664 -0.00556977 -0.00564019 -0.00573984 -0.00582139 -0.00588689 -0.00595301 -0.00600769 -0.00607173 -0.0060839 -0.00607843 
0 0.000143112 0.000262639 0.000370739 0.000493465 0.000622515 0.000737571 0.000829612 0.000931328 0.00105551 0.00118212 0.00130842 0.00143792 0.00160966 0.00181266 0.00203004 0.00226792 0.00252563 0.00283615 0.00317925 0.00356086 0.00397833 0.00442689 0.00495351 0.00557246 0.00632332 0.00722324 0.00830417 0.0096456 0.0112979 0.0132995 0.0156513 0.0183077 0.0212056 0.0242137 0.0271592 0.0298173 0.0319129 0.0331836 0.033387 0.0323637 0.030023 0.0263973 0.0216069 0.0158936 0.00959784 0.00310601 -0.00314171 -0.00873937 -0.013333 -0.0166484 -0.0185213 -0.0189029 -0.0178095 -0.0154074 -0.0118596 -0.00739845 -0.00228565 0.00327504 0.00907344 0.0149363 0.0207566 0.0264442 0.0319349 0.0372248 0.0422671 0.0470833 0.0516485 0.0559594 0.0600036 0.0637725 0.0672239 0.0703533 0.0731043 0.0754385 0.0773046 0.0786636 0.079479 0.0797252 0.0794055 0.0785154 0.0770566 0.0750583 0.0725596 0.0695759 0.0661939 0.0624581 0.0584269 0.0541681 0.0497671 0.0452667 0.0407569 0.0362597 0.0318256 0.0274671 0.0232204 0.0191009 0.0151232 0.0112197 0.00742973 0.00374149 9.50767e-05 -0.00356744 -0.00722151 -0.0109266 -0.0146992 -0.018581 -0.0225658 -0.0266582 -0.030843 -0.0351409 -0.0394957 -0.0439063 -0.0483186 -0.0526657 -0.0568869 -0.0609494 -0.0647524 -0.0682575 -0.0714092 -0.0741521 -0.0764464 -0.0782802 -0.0796266 -0.0804767 -0.0808393 -0.0807387 -0.0802079 -0.0793003 -0.0781091 -0.076682 -0.0751199 -0.0735074 -0.0719224 -0.0704479 -0.069194 -0.0682018 -0.0675724 -0.0673287 -0.0674897 -0.0680421 -0.0689108 -0.0699802 -0.0711081 -0.0720619 -0.0726214 -0.072547 -0.0715737 -0.0695338 -0.0662737 -0.061747 -0.056 -0.0491835 -0.0415397 -0.0334105 -0.0251695 -0.017231 -0.00996995 -0.00370116 0.00134765 0.00506072 0.00741745 0.00851318 0.00850574 0.00764213 0.00617468 0.00437087 0.00245924 0.000591126 -0.00110463 -0.00255981 -0.00373633 -0.00462155 -0.00526014 -0.00568762 -0.00596698 -0.00614961 -0.00623285 -0.00625287 -0.00622381 -0.00619047 -0.00616754 -0.00612792 -0.00608934 -0.00604902 -0.00602917 -0.00602994 -0.00603918 -0.00606397 -0.00609137 -0.00613221 -0.00619326 -0.00626341 -0.00633353 -0.00638721 -0.00643754 -0.00649476 -0.0065351 -0.00654758 -0.00652749 
0 0.000122961 0.000234667 0.000335281 0.000454595 0.000576188 0.000696406 0.000806715 0.000927066 0.00107269 0.0012221 0.00138226 0.00154749 0.0017509 0.00198621 0.00224377 0.00252563 0.002828 0.00318438 0.00357731 0.00401716 0.0044822 0.0049902 0.00557957 0.00626301 0.00708904 0.00806244 0.00925149 0.0107084 0.0124914 0.014643 0.0171423 0.0199452 0.0229603 0.0260625 0.0290714 0.0317478 0.0338154 0.0350318 0.0351399 0.0340018 0.0315408 0.0277916 0.0229007 0.0170865 0.0107222 0.00418638 -0.00208639 -0.00767921 -0.0122311 -0.0154859 -0.0172668 -0.0175198 -0.0162719 -0.0136686 -0.00989012 -0.00515349 0.000260985 0.00614177 0.012264 0.0184565 0.0245736 0.0305328 0.0362592 0.0417141 0.0468562 0.0517033 0.0562098 0.0603791 0.0642193 0.0676825 0.0707494 0.0734069 0.0755926 0.0772781 0.0784556 0.0790734 0.0791352 0.0786262 0.0775545 0.0759221 0.0737719 0.071132 0.0680581 0.0645882 0.0608168 0.0567786 0.0525638 0.0482497 0.0438869 0.0395118 0.0352149 0.0309931 0.026903 0.0229829 0.0192202 0.015599 0.0121569 0.00883776 0.00563098 0.00250427 -0.000577447 -0.00363545 -0.00668645 -0.00981743 -0.0130144 -0.0163056 -0.0197388 -0.0233245 -0.0270434 -0.0309335 -0.0349374 -0.0390419 -0.0432263 -0.0474494 -0.0516411 -0.0557716 -0.0597464 -0.0635197 -0.0670188 -0.0701991 -0.0729967 -0.0753792 -0.0773081 -0.0787783 -0.0797634 -0.0803045 -0.0804095 -0.0801115 -0.0794892 -0.0785996 -0.0775105 -0.0763416 -0.0751669 -0.0740636 -0.0731507 -0.0724788 -0.0721251 -0.0721332 -0.0725323 -0.0732879 -0.0743433 -0.0755758 -0.0768304 -0.0778635 -0.0784692 -0.0783802 -0.0773529 -0.0752073 -0.0718002 -0.0670854 -0.0611035 -0.054015 -0.0460723 -0.0376086 -0.0290109 -0.0207184 -0.0130762 -0.0064316 -0.0010034 0.00308003 0.00578705 0.00720467 0.00746429 0.00680799 0.00549285 0.00377627 0.00188568 5.15998e-06 -0.00174844 -0.00327559 -0.00453832 -0.00550435 -0.00619971 -0.00668602 -0.0069993 -0.00720356 -0.00729432 -0.00731182 -0.00727424 -0.00721366 -0.00715632 -0.00708328 -0.00700938 -0.00692569 -0.00686267 -0.00681795 -0.00679004 -0.00677715 -0.00676957 -0.00678682 -0.00681868 -0.00686752 -0.00691191 -0.00694785 -0.00698609 -0.00702087 -0.00704723 -0.00703932 -0.00700722 
