0 0 0 0 0 0 0 0 0 0 0 0 0 0 0 0 0 0 0 0 0 0 0 0 0 0 0 0 0 0 0 0 0 0 0 0 0 0 0 0 0 0 0 0 0 0 0 0 0 0 0 0 0 0 0 0 0 0 0 0 0 0 0 0 0 0 0 0 0 0 0 0 0 0 0 0 0 0 0 0 0 0 0 0 0 0 0 0 0 0 0 0 0 0 0 0 0 0 0 0 0 0 0 0 0 0 0 0 0 0 0 0 0 0 0 0 0 0 0 0 0 0 0 0 0 0 0 0 0 0 0 0 0 0 0 0 0 0 0 0 0 0 0 0 0 0 0 0 0 0 0 0 0 0 0 0 0 0 0 0 0 0 0 0 0 0 0 0 0 0 0 0 0 0 0 0 0 0 0 0 0 0 0 0 0 0 0 0 0 0 0 0 0 0 0 0 0 0 0 0 
0 7.47041e-06 2.40801e-05 3.98548e-05 5.32108e-05 5.92073e-05 7.68536e-05 0.000103492 0.000124196 0.000138894 0.000143064 0.000157492 0.000163923 0.000158154 0.000148035 0.000132639 0.000129779 0.000112394 9.57151e-05 8.25674e-05 7.31648e-05 8.15624e-05 9.27551e-05 0.000127063 0.000166768 0.000213511 0.000277849 0.000359452 0.000459654 0.000568232 0.000700931 0.000864367 0.00106312 0.00128371 0.00153066 0.00178504 0.00201741 0.00221738 0.00235313 0.00240613 0.00234238 0.00214869 0.00183764 0.00141153 0.000894899 0.000341748 -0.000222831 -0.000761291 -0.00122987 -0.00161314 -0.00187918 -0.00203345 -0.00207267 -0.00199628 -0.00184606 -0.00163222 -0.00136785 -0.00109305 -0.000813052 -0.000528631 -0.000263169 -9.93835e-06 0.000229741 0.000453545 0.00066302 0.000863219 0.00106332 0.00126513 0.00147986 0.00171598 0.00197889 0.00227403 0.00261162 0.00299062 0.0034214 0.00389492 0.0044167 0.0049836 0.00558755 0.00623138 0.00691799 0.00762596 0.00835422 0.00908546 0.00978811 0.0104463 0.0110355 0.011523 0.0118851 0.0120959 0.0121405 0.0120145 0.0116968 0.0111947 0.0105089 0.00962188 0.0085476 0.00731622 0.0059213 0.004394 0.00277334 0.00108592 -0.000617832 -0.00228226 -0.00389505 -0.0054143 -0.00680163 -0.00804517 -0.00913091 -0.0100426 -0.0107835 -0.0113413 -0.0117191 -0.0119196 -0.0119407 -0.0118074 -0.0115433 -0.0111536 -0.0106727 -0.0101312 -0.00953628 -0.00892141 -0.00830581 -0.00769186 -0.00708932 -0.00651136 -0.00595411 -0.00542804 -0.00493749 -0.00449202 -0.00408574 -0.00372784 -0.00342082 -0.00316105 -0.00295028 -0.00279385 -0.00268231 -0.00261923 -0.00260101 -0.00262572 -0.00269772 -0.00280163 -0.00294618 -0.0031197 -0.00329284 -0.00346446 -0.00360908 -0.00368186 -0.00368351 -0.00358696 -0.00337026 -0.00304839 -0.00261957 -0.00210974 -0.00154145 -0.000946887 -0.000374881 0.000147379 0.000588904 0.000908397 0.00110357 0.00118325 0.0011515 0.00104128 0.000876248 0.000690452 0.000496819 0.000311836 0.000159576 4.64012e-05 -3.24527e-05 -8.375e-05 -0.000103934 -0.000116626 -0.00011729 -0.000114891 -0.00010463 -9.38588e-05 -0.000105921 -0.000115854 -0.000133472 -0.000149003 -0.000172294 -0.000206549 -0.000234919 -0.000270571 -0.000301399 -0.000330528 -0.000355918 -0.000378108 -0.00040127 -0.000414184 -0.000418032 -0.000420296 -0.000425105 -0.000426162 -0.000417668 -0.000403848 -0.000398057 -0.000397249 
0 2.40801e-05 6.02894e-05 0.000103595 0.000128548 0.000146625 0.000177345 0.00021991 0.000259046 0.000270063 0.000280961 0.000297376 0.000306516 0.000300662 0.000267452 0.000253967 0.000236607 0.000213908 0.000190845 0.00015968 0.000167268 0.000170233 0.000208927 0.00027311 0.000342897 0.000446746 0.000556521 0.00072738 0.00092145 0.00113887 0.00141058 0.0017409 0.00213859 0.00258959 0.00307854 0.00358045 0.00404924 0.00442032 0.00469848 0.00478198 0.0046486 0.00426859 0.00363705 0.00279972 0.00177438 0.000673382 -0.000447562 -0.00150995 -0.0024579 -0.00320235 -0.00374578 -0.00405529 -0.0041285 -0.00399392 -0.00369188 -0.00326098 -0.00273183 -0.00217225 -0.00158475 -0.00102536 -0.000471556 2.90844e-05 0.000500959 0.000949515 0.001376 0.00177135 0.00219509 0.00261123 0.0030409 0.00353653 0.00406849 0.00466404 0.00535052 0.00611772 0.00695168 0.00790143 0.00892496 0.0100445 0.0112461 0.0125433 0.0138784 0.0152739 0.016689 0.0180961 0.0194379 0.0207169 0.0218206 0.022726 0.0234038 0.0238024 0.0238591 0.0236032 0.0229683 0.0219515 0.0205667 0.0188206 0.0167056 0.0142716 0.0115225 0.00853961 0.00538665 0.00211938 -0.00119246 -0.00445 -0.00760926 -0.0105661 -0.0132878 -0.0157495 -0.0178988 -0.0196909 -0.0211656 -0.0222646 -0.0230016 -0.0234067 -0.0234957 -0.0232533 -0.0227655 -0.0220401 -0.0211378 -0.0200926 -0.0189747 -0.0177804 -0.0165709 -0.0153579 -0.0141813 -0.0130219 -0.0119423 -0.0109116 -0.00994306 -0.00906007 -0.00826682 -0.00753819 -0.00693031 -0.00641424 -0.00597353 -0.00565357 -0.00542027 -0.00527544 -0.00523331 -0.00529673 -0.00542692 -0.00565807 -0.00594288 -0.00628319 -0.00662325 -0.00695948 -0.0072231 -0.00737606 -0.00736779 -0.00716874 -0.00675217 -0.00609792 -0.00525545 -0.00424213 -0.00311184 -0.00192981 -0.000799847 0.000258361 0.00112931 0.00178452 0.00219062 0.00234838 0.00231123 0.00208325 0.00176027 0.00138561 0.000991362 0.000618087 0.000316677 8.29092e-05 -6.50642e-05 -0.000162823 -0.000207635 -0.00021296 -0.000230935 -0.000210402 -0.000198545 -0.000185505 -0.000200282 -0.000243202 -0.000269109 -0.000317174 -0.000367491 -0.000434286 -0.000501588 -0.000562233 -0.000626776 -0.000676002 -0.000718919 -0.000756715 -0.000791218 -0.000809417 -0.000810489 -0.000810007 -0.00081826 -0.000823663 -0.000811188 -0.000796796 -0.000792505 -0.000800086 
0 3.98548e-05 0.000103595 0.000164939 0.000214082 0.000239683 0.000284391 0.000343857 0.00038367 0.000404032 0.000402977 0.000428236 0.000438852 0.000420593 0.000390487 0.000354111 0.000348602 0.000315913 0.000286379 0.000266568 0.000259828 0.000290463 0.000330701 0.000423217 0.000531995 0.00066635 0.000851151 0.00109469 0.00139501 0.00173005 0.00213829 0.00263659 0.00323601 0.00390166 0.00463539 0.00538377 0.00606522 0.00663749 0.00701864 0.0071458 0.00693212 0.00634284 0.00540681 0.00414398 0.00262391 0.000993006 -0.000667869 -0.00225219 -0.00364162 -0.00477782 -0.00558051 -0.00605047 -0.00617593 -0.00596291 -0.0055111 -0.00485994 -0.00405451 -0.00320232 -0.00233078 -0.00145754 -0.000637907 0.000133334 0.000857125 0.00153483 0.0021741 0.00279458 0.00342663 0.0040755 0.00476777 0.00552673 0.00635752 0.00727378 0.00829888 0.00943309 0.0107008 0.0120932 0.0136216 0.015282 0.0170521 0.0189305 0.020905 0.0229179 0.0249491 0.0269469 0.0288335 0.0305715 0.0320986 0.0333418 0.0342461 0.0347412 0.0347802 0.034341 0.0333615 0.0318476 0.0298036 0.0271988 0.0240782 0.0205291 0.0165596 0.0122564 0.00771999 0.00301808 -0.00172945 -0.00639333 -0.0109343 -0.015241 -0.0192082 -0.0227894 -0.025929 -0.0285745 -0.0307277 -0.0323594 -0.0334819 -0.0341162 -0.0342698 -0.0340045 -0.0333822 -0.0324179 -0.0311882 -0.0297627 -0.0281651 -0.0264736 -0.0247451 -0.0229989 -0.0212732 -0.0196065 -0.0180055 -0.0164939 -0.0150841 -0.0137955 -0.0126144 -0.011555 -0.0106294 -0.00982968 -0.0091642 -0.00865433 -0.00828467 -0.00806465 -0.00799195 -0.00806023 -0.00826994 -0.00858536 -0.00901245 -0.00951469 -0.010015 -0.0104991 -0.0108934 -0.0110883 -0.0110687 -0.0107662 -0.0101242 -0.00917148 -0.00791203 -0.00641096 -0.00473354 -0.00297432 -0.00126839 0.000301281 0.00163362 0.00261816 0.00323478 0.00350038 0.0034337 0.00311982 0.00263609 0.00207897 0.00149531 0.000939455 0.000480856 0.00013775 -9.76579e-05 -0.000246936 -0.000308521 -0.000340062 -0.000342443 -0.000331751 -0.000304795 -0.000282707 -0.000320325 -0.000364685 -0.000428981 -0.000493565 -0.000576768 -0.000682314 -0.000770991 -0.000868097 -0.000948285 -0.00101774 -0.00107391 -0.00112143 -0.00116937 -0.00119169 -0.00119292 -0.00119351 -0.00120642 -0.00121521 -0.00120413 -0.0011864 -0.00119003 -0.00120498 
0 5.32108e-05 0.000128548 0.000214082 0.000273152 0.000316873 0.000373427 0.000443042 0.000499803 0.000515989 0.000529852 0.000556544 0.00057325 0.000560827 0.000510429 0.000481186 0.000455665 0.000423375 0.00039226 0.000360229 0.00037893 0.000406024 0.000480569 0.000599274 0.000737593 0.000929446 0.00115768 0.00148566 0.0018736 0.00231707 0.00286224 0.0035256 0.00431773 0.00521347 0.00618258 0.00716978 0.00808358 0.00881806 0.00933435 0.00948216 0.00919455 0.0084221 0.00716814 0.00550233 0.00349148 0.00132277 -0.000880162 -0.00297136 -0.00482894 -0.00631093 -0.00738374 -0.008001 -0.00815506 -0.00788997 -0.00728687 -0.00641815 -0.0053537 -0.00421022 -0.0030204 -0.00186398 -0.000738114 0.000300859 0.00127921 0.0022099 0.00310086 0.00395514 0.00485091 0.00575694 0.00670491 0.00776036 0.00889505 0.0101412 0.011536 0.0130712 0.0147378 0.0165905 0.018589 0.0207507 0.0230512 0.0254907 0.0279853 0.0305287 0.0330558 0.0355074 0.0377958 0.0399062 0.0416968 0.0431203 0.0441279 0.0446366 0.0445533 0.0438878 0.0425436 0.0405078 0.0377992 0.0344329 0.0304299 0.0258816 0.0208236 0.0153861 0.0096791 0.00378966 -0.00217219 -0.00806093 -0.0137984 -0.0192291 -0.0242718 -0.028861 -0.0328999 -0.0363103 -0.0391225 -0.0412659 -0.0427634 -0.043666 -0.0440037 -0.0437828 -0.0431177 -0.0420281 -0.040597 -0.0388835 -0.0369756 -0.0348955 -0.0327369 -0.0305363 -0.0283608 -0.0262165 -0.0241846 -0.0222438 -0.0204163 -0.0187337 -0.0171981 -0.015788 -0.0145694 -0.0135132 -0.0126087 -0.0119162 -0.0114018 -0.0110724 -0.0109479 -0.0110277 -0.0112649 -0.0116835 -0.0122219 -0.0128582 -0.0135024 -0.0141233 -0.0146089 -0.0148702 -0.0148239 -0.0144056 -0.0135609 -0.0122704 -0.0105998 -0.00859783 -0.00636504 -0.00403126 -0.00177391 0.000323077 0.00207645 0.0034003 0.00423742 0.00459206 0.00453861 0.00412371 0.00349969 0.00276392 0.00198773 0.00125241 0.000644939 0.00017722 -0.000134286 -0.000335826 -0.000434351 -0.000466055 -0.000494187 -0.000470565 -0.000447743 -0.000429355 -0.000460013 -0.000531493 -0.000592329 -0.00068114 -0.000781193 -0.000904777 -0.00102746 -0.00114088 -0.0012528 -0.00134125 -0.00141705 -0.00148567 -0.00154716 -0.00158189 -0.00158759 -0.0015912 -0.00160869 -0.00162079 -0.00160635 -0.00158738 -0.00158945 -0.00160766 
0 5.92073e-05 0.000146625 0.000239683 0.000316873 0.000372461 0.000443931 0.000529965 0.000594165 0.000627991 0.000645883 0.000684316 0.000707641 0.000691278 0.000647616 0.000603188 0.000580897 0.000541955 0.000504995 0.000483138 0.000494491 0.000546994 0.000634512 0.000781962 0.000963825 0.001195 0.00149676 0.00189511 0.00237912 0.00293641 0.00361262 0.00443544 0.00541744 0.00652195 0.007724 0.00894529 0.0100688 0.010996 0.0116154 0.0118006 0.0114346 0.0104624 0.00890587 0.00682452 0.00433343 0.00164118 -0.00109039 -0.00368639 -0.00597254 -0.00782137 -0.00913756 -0.00989399 -0.0100809 -0.00973693 -0.00897765 -0.00788997 -0.00656227 -0.00512932 -0.0036521 -0.00218086 -0.000765384 0.000575436 0.00184754 0.00306 0.0042213 0.00535761 0.00651437 0.00770016 0.00894849 0.0103013 0.0117624 0.0133566 0.0151122 0.0170334 0.0191329 0.0214167 0.0238764 0.0265011 0.0292578 0.032127 0.0350604 0.0379958 0.0408814 0.0436425 0.0461883 0.048466 0.0503836 0.0518601 0.0528283 0.0531988 0.0529031 0.0519091 0.0501463 0.0476089 0.0443112 0.0402481 0.0354796 0.0301117 0.0241966 0.0178501 0.0111991 0.00434296 -0.00257657 -0.00941236 -0.0160817 -0.0224414 -0.0283617 -0.0337624 -0.03855 -0.0426492 -0.0460473 -0.0487048 -0.0506311 -0.0518613 -0.0524189 -0.0523627 -0.0517737 -0.0506862 -0.0491828 -0.047343 -0.0452221 -0.0428987 -0.040454 -0.0379336 -0.0353983 -0.032897 -0.0304706 -0.0281455 -0.0259489 -0.0239096 -0.0220283 -0.020315 -0.0188001 -0.0174769 -0.0163556 -0.0154678 -0.0148039 -0.0143705 -0.0141774 -0.0142191 -0.0144809 -0.0149396 -0.0155726 -0.0163256 -0.0171015 -0.0178435 -0.0184309 -0.0187258 -0.0186506 -0.0181117 -0.0170348 -0.0154307 -0.013336 -0.01084 -0.00805992 -0.00515839 -0.00233545 0.000260849 0.00245499 0.00410352 0.00515429 0.00562292 0.00556327 0.00508643 0.00433163 0.00343651 0.00249135 0.00159017 0.000831023 0.000245798 -0.000164726 -0.000431403 -0.000569778 -0.000640108 -0.000670293 -0.000664175 -0.000636582 -0.000616767 -0.000655264 -0.000717226 -0.000793092 -0.000879863 -0.00099114 -0.00112942 -0.00126388 -0.00140354 -0.0015311 -0.00164339 -0.00174062 -0.00183075 -0.00191562 -0.00196807 -0.00198992 -0.002005 -0.00202939 -0.00204381 -0.0020283 -0.00200234 -0.00199803 -0.00200758 
0 7.68536e-05 0.000177345 0.000284391 0.000373427 0.000443931 0.000525222 0.000617561 0.000688487 0.000726743 0.000751717 0.00078882 0.000812789 0.000797643 0.000754442 0.000712823 0.000687701 0.000655229 0.000623819 0.000612209 0.000639245 0.00071201 0.000830682 0.00100825 0.00123085 0.00150977 0.0018706 0.00233779 0.00290704 0.00357464 0.00438348 0.00536793 0.00653591 0.00785509 0.00928047 0.0107223 0.0120503 0.0131397 0.013858 0.0140575 0.0136068 0.012443 0.0105836 0.0081041 0.00515053 0.00194617 -0.00129896 -0.00437759 -0.00708809 -0.00927248 -0.0108261 -0.0117082 -0.0119145 -0.0115001 -0.010583 -0.00927256 -0.00768336 -0.00595003 -0.0041577 -0.00236824 -0.000632279 0.00102588 0.00260921 0.00413059 0.00559965 0.00704389 0.00850466 0.00999773 0.0115573 0.0132275 0.0150237 0.0169717 0.0191007 0.0214143 0.0239164 0.0266079 0.0294729 0.0324871 0.0356155 0.0388209 0.0420447 0.0452249 0.0483033 0.051201 0.0538336 0.0561335 0.0580033 0.0593582 0.0601303 0.0602343 0.0596048 0.0582078 0.0559927 0.0529528 0.0491106 0.0444828 0.0391268 0.0331315 0.026569 0.019558 0.012228 0.00469 -0.00291627 -0.0104444 -0.0177819 -0.0247895 -0.0313458 -0.0373632 -0.0427443 -0.0474144 -0.0513441 -0.0544934 -0.0568609 -0.0584764 -0.0593618 -0.0595657 -0.0591621 -0.0582035 -0.0567674 -0.054937 -0.0527774 -0.0503618 -0.0477688 -0.0450577 -0.0422898 -0.0395222 -0.0368051 -0.0341721 -0.0316581 -0.0292999 -0.0271105 -0.0251081 -0.0233236 -0.0217582 -0.0204225 -0.0193442 -0.0185225 -0.0179645 -0.0176853 -0.0176819 -0.017939 -0.0184352 -0.0191376 -0.0199794 -0.0208642 -0.0217026 -0.0223592 -0.0226831 -0.0225627 -0.0218911 -0.0205896 -0.0186576 -0.0161467 -0.0131591 -0.00983891 -0.00638253 -0.00301037 8.51948e-05 0.00270507 0.00468991 0.00597197 0.00656378 0.00653287 0.00600454 0.00514037 0.00409538 0.00298525 0.00192454 0.00101697 0.000309115 -0.00019705 -0.000528799 -0.000715069 -0.000814535 -0.000862044 -0.000867245 -0.000847316 -0.000838017 -0.000877721 -0.00094537 -0.00102492 -0.00111694 -0.0012349 -0.0013788 -0.0015288 -0.00168235 -0.00182674 -0.00195435 -0.00206633 -0.00217171 -0.00226749 -0.00233254 -0.00236626 -0.00239201 -0.00242222 -0.00243942 -0.00242816 -0.00240606 -0.00240376 -0.00241345 
0 0.000103492 0.00021991 0.000343857 0.000443042 0.000529965 0.000617561 0.000707771 0.000780307 0.000813801 0.000842013 0.000867161 0.000884848 0.000873006 0.000831894 0.00080612 0.000783085 0.000770658 0.000758754 0.000764928 0.000821172 0.000913417 0.00106869 0.00127291 0.00153096 0.00185843 0.00227191 0.00280801 0.00346028 0.00424143 0.0051873 0.00633562 0.00768668 0.00921901 0.0108588 0.0125079 0.0140298 0.0152591 0.0160617 0.0162515 0.0157007 0.0143402 0.012176 0.0093129 0.00592072 0.00223269 -0.00149485 -0.00502309 -0.00813752 -0.0106353 -0.0124205 -0.0134234 -0.0136452 -0.0131628 -0.012082 -0.0105391 -0.00867775 -0.00662801 -0.00449598 -0.00237084 -0.000285645 0.00171391 0.00363262 0.00548472 0.00728439 0.00905446 0.0108434 0.0126688 0.0145638 0.0165771 0.0187238 0.02103 0.0235231 0.0262072 0.0290679 0.0321157 0.0353113 0.0386225 0.0420111 0.0454297 0.0487996 0.0520774 0.0551869 0.0580499 0.0605891 0.0627346 0.0643796 0.06545 0.0658774 0.0655904 0.0645267 0.0626658 0.0599824 0.0564713 0.0521575 0.0470866 0.0413053 0.0348824 0.0279063 0.0204888 0.0127487 0.00481176 -0.00319205 -0.0111262 -0.0188552 -0.0262496 -0.0332096 -0.0396397 -0.0454461 -0.0505599 -0.0549436 -0.05855 -0.061365 -0.0634044 -0.0646923 -0.0652509 -0.0651519 -0.0644575 -0.0632346 -0.0615559 -0.0595104 -0.0571485 -0.0545509 -0.0517866 -0.0489181 -0.0459952 -0.0430935 -0.0402427 -0.0374901 -0.0348791 -0.0324379 -0.0301823 -0.0281538 -0.0263601 -0.0248127 -0.0235452 -0.022564 -0.0218774 -0.0215062 -0.0214522 -0.0216881 -0.0222115 -0.0229615 -0.0238687 -0.0248371 -0.0257429 -0.0264335 -0.026762 -0.0265705 -0.0257487 -0.0242225 -0.0219643 -0.0190533 -0.0155904 -0.011748 -0.00775111 -0.00383936 -0.000242343 0.00280437 0.00514136 0.0066748 0.00740729 0.00743245 0.00686997 0.00591631 0.0047337 0.00346823 0.00225597 0.00120354 0.00036987 -0.00023418 -0.00063558 -0.000878223 -0.00100654 -0.00107852 -0.00109276 -0.00108614 -0.00109245 -0.00113112 -0.00121194 -0.00129437 -0.00139867 -0.00152333 -0.00166862 -0.00183155 -0.00198783 -0.00214142 -0.00227311 -0.0023904 -0.00250168 -0.00259813 -0.0026701 -0.00271329 -0.00275055 -0.0027894 -0.00281465 -0.002815 -0.00280605 -0.00281078 -0.00282452 
0 0.000124196 0.000259046 0.00038367 0.000499803 0.000594165 0.000688487 0.000780307 0.000844526 0.000892447 0.000913904 0.000938689 0.000952255 0.000937828 0.000923319 0.000896425 0.0008974 0.000900891 0.000910131 0.000956478 0.00102124 0.00115815 0.00133354 0.00156603 0.00186584 0.00222485 0.00270739 0.00329983 0.00403885 0.00493672 0.00601904 0.00732811 0.00886617 0.0105955 0.0124481 0.0142982 0.0159871 0.0173683 0.0182182 0.018399 0.017738 0.0161674 0.0137153 0.010474 0.00666373 0.00252276 -0.0016583 -0.00561941 -0.00909087 -0.0119068 -0.0138965 -0.015012 -0.0152557 -0.0146899 -0.0134428 -0.0116642 -0.00951261 -0.007127 -0.00465434 -0.00214561 0.00029385 0.00266764 0.00495227 0.00715607 0.00929653 0.011429 0.013548 0.0157248 0.0179902 0.0203515 0.0228615 0.0255307 0.0283615 0.031363 0.0345468 0.0378549 0.0412905 0.0447913 0.0483177 0.0517902 0.0551886 0.0584063 0.0613898 0.0640549 0.0663407 0.0681264 0.069389 0.0700318 0.0699837 0.0691907 0.0676463 0.0652861 0.0621382 0.0582119 0.0535324 0.0481204 0.042054 0.035393 0.0282419 0.0206684 0.0127869 0.00472099 -0.00338661 -0.0114299 -0.0192774 -0.0268411 -0.0339887 -0.0406305 -0.046698 -0.0521409 -0.0568652 -0.0608737 -0.0641271 -0.0666088 -0.0683238 -0.06934 -0.0696554 -0.0693495 -0.0684708 -0.0671015 -0.06528 -0.0631178 -0.0606564 -0.0579763 -0.0551237 -0.0521949 -0.0492061 -0.0462465 -0.0433592 -0.0405803 -0.0379428 -0.035505 -0.0332597 -0.0312543 -0.0295291 -0.0280755 -0.0269445 -0.0261456 -0.0256853 -0.0255632 -0.0257937 -0.0263072 -0.027095 -0.0280456 -0.0290662 -0.0300048 -0.0307114 -0.0309974 -0.0307181 -0.0297329 -0.0279547 -0.0253899 -0.0220697 -0.0181443 -0.0137929 -0.00926562 -0.00481214 -0.000734438 0.00275801 0.00544567 0.00724002 0.00814852 0.00822919 0.00767413 0.00664168 0.00533819 0.00393508 0.0025781 0.00138133 0.00042713 -0.0002883 -0.000768204 -0.00106875 -0.00125448 -0.00133444 -0.00138126 -0.00138188 -0.00139761 -0.00144712 -0.00151144 -0.0016128 -0.0017098 -0.00183747 -0.00198265 -0.00213613 -0.00230086 -0.00244555 -0.00258412 -0.00270746 -0.00282231 -0.00292757 -0.00300571 -0.00306537 -0.00311456 -0.00316057 -0.0031941 -0.0032068 -0.00321159 -0.00322175 -0.0032353 
0 0.000138894 0.000270063 0.000404032 0.000515989 0.000627991 0.000726743 0.000813801 0.000892447 0.00093936 0.000985684 0.00100655 0.00102345 0.00103037 0.00101921 0.00102584 0.00102238 0.00105141 0.00108869 0.00114937 0.00125971 0.001408 0.00162985 0.00189133 0.0022252 0.00264452 0.00317423 0.00383821 0.00465569 0.00566386 0.00688176 0.00835187 0.010058 0.0119935 0.0140394 0.0160721 0.017938 0.0194195 0.0203392 0.0204812 0.0197106 0.0179522 0.0152091 0.011618 0.0074104 0.00282873 -0.00178969 -0.00614679 -0.00998656 -0.0130596 -0.0152493 -0.0164521 -0.0166832 -0.0160371 -0.0146145 -0.0125856 -0.0101451 -0.00741785 -0.00455706 -0.00168091 0.00116357 0.00392363 0.00658836 0.00916719 0.0116911 0.0141817 0.0166776 0.0192179 0.021833 0.0245513 0.0274055 0.0303998 0.0335447 0.0368321 0.0402292 0.0437272 0.0472796 0.0508365 0.0543653 0.0577928 0.0610375 0.0640552 0.0667543 0.0690603 0.070917 0.0722424 0.0729642 0.0730361 0.0724115 0.0710733 0.0689922 0.0661562 0.0625943 0.058306 0.053313 0.0477053 0.0415226 0.0347963 0.027636 0.0201343 0.0123762 0.00447909 -0.00347868 -0.0114023 -0.0191417 -0.026612 -0.0337518 -0.0404529 -0.0466405 -0.052261 -0.0572496 -0.0615715 -0.0651988 -0.0681135 -0.0703287 -0.07183 -0.072639 -0.0728196 -0.0724013 -0.071432 -0.0700045 -0.0681543 -0.0659461 -0.0634713 -0.0607836 -0.0579408 -0.0550221 -0.0520688 -0.0491334 -0.0462691 -0.0435233 -0.0409375 -0.0385479 -0.0363975 -0.0345124 -0.0329234 -0.0316629 -0.0307537 -0.0302114 -0.0300462 -0.0302333 -0.0307629 -0.0315551 -0.0325241 -0.0335755 -0.0345241 -0.0352048 -0.0354536 -0.0350581 -0.0338863 -0.0318691 -0.0289518 -0.0252334 -0.020834 -0.0159731 -0.010924 -0.00595567 -0.00138651 0.0025169 0.00556966 0.00764295 0.00872187 0.00891964 0.00837105 0.00730156 0.00589876 0.00436859 0.0028843 0.0015523 0.000468041 -0.000353222 -0.000922868 -0.00130699 -0.0015355 -0.00166894 -0.00172868 -0.00175608 -0.00178721 -0.00181598 -0.00188716 -0.00196127 -0.00206048 -0.00217305 -0.00229798 -0.00245313 -0.00259745 -0.00274921 -0.00288688 -0.00302154 -0.00315105 -0.00325936 -0.00335629 -0.00343126 -0.00349664 -0.00354949 -0.0035875 -0.00361249 -0.0036269 -0.00363723 -0.00364322 
0 0.000143064 0.000280961 0.000402977 0.000529852 0.000645883 0.000751717 0.000842013 0.000913904 0.000985684 0.00103392 0.0010681 0.00109029 0.00110447 0.0011304 0.00114068 0.00116773 0.00121451 0.00127995 0.00138534 0.00150808 0.00170292 0.00194709 0.00224475 0.00262711 0.00309042 0.00369499 0.00442396 0.00533047 0.00645539 0.00780963 0.00942865 0.0113078 0.0134126 0.015642 0.0178428 0.0198403 0.0214418 0.022383 0.0224962 0.0216095 0.0196487 0.016638 0.0127061 0.00811869 0.00313779 -0.00188132 -0.00661713 -0.0107562 -0.0140933 -0.0164352 -0.017702 -0.0179118 -0.0171434 -0.0155205 -0.0132318 -0.0104742 -0.00739279 -0.00416904 -0.00088135 0.00235378 0.00552982 0.00861062 0.011591 0.0144979 0.0173844 0.0202316 0.0231272 0.0261003 0.0291388 0.0322995 0.0355784 0.0389533 0.0424201 0.0459751 0.0495432 0.0531116 0.0566132 0.0600079 0.0632003 0.0661768 0.0688355 0.0711066 0.0729189 0.0742319 0.074926 0.075025 0.0744755 0.0732328 0.0712982 0.0687053 0.0654016 0.0614585 0.0568953 0.0517341 0.0460193 0.0398258 0.0331981 0.0262554 0.0190287 0.0115861 0.00403326 -0.00353936 -0.0110889 -0.0185038 -0.0257409 -0.0326951 -0.0392746 -0.045433 -0.0511316 -0.0562585 -0.0608322 -0.0648005 -0.0681145 -0.070771 -0.0728028 -0.0741514 -0.0748804 -0.0749977 -0.0745466 -0.0735654 -0.0721522 -0.0703301 -0.0681891 -0.0657704 -0.0631625 -0.0603852 -0.0575361 -0.0546622 -0.0518052 -0.0490231 -0.0463912 -0.0439068 -0.0416511 -0.0396809 -0.0379846 -0.0366387 -0.035662 -0.0350546 -0.0348288 -0.0350024 -0.0355019 -0.0363061 -0.0372926 -0.0383598 -0.0393093 -0.0399676 -0.0401338 -0.0396129 -0.0382444 -0.0359479 -0.0327096 -0.0285737 -0.0237174 -0.0183619 -0.0127972 -0.00731363 -0.00228059 0.00205624 0.00546225 0.00781708 0.00911105 0.00941873 0.00894217 0.00785719 0.00639382 0.00477678 0.00317898 0.00172279 0.000514781 -0.000430102 -0.00110357 -0.00157261 -0.00188104 -0.0020434 -0.002148 -0.00219252 -0.00223088 -0.00226454 -0.00230494 -0.0023834 -0.00245961 -0.0025584 -0.00266948 -0.00279584 -0.00293549 -0.00306479 -0.00320464 -0.0033449 -0.00347743 -0.00359843 -0.00370144 -0.00379979 -0.0038791 -0.00393882 -0.00398574 -0.00402006 -0.00404807 -0.00405501 -0.00405216 
0 0.000157492 0.000297376 0.000428236 0.000556544 0.000684316 0.00078882 0.000867161 0.000938689 0.00100655 0.0010681 0.00110066 0.00112649 0.00116274 0.00120697 0.00125405 0.00130004 0.0013831 0.00149342 0.00163498 0.00180852 0.00203444 0.00232587 0.00266549 0.00309037 0.00361257 0.00426904 0.00506399 0.00604963 0.00728214 0.00877194 0.0105476 0.0125891 0.014875 0.0172716 0.0196206 0.0217449 0.0234094 0.0243711 0.0244198 0.0234079 0.0212593 0.0179895 0.0137513 0.00882114 0.00347236 -0.00191172 -0.00697443 -0.0114019 -0.0149373 -0.0174103 -0.0187115 -0.0188667 -0.0179701 -0.0161415 -0.013576 -0.010496 -0.00704852 -0.003416 0.000276261 0.0039386 0.00753275 0.0110257 0.0144099 0.0177216 0.0209845 0.024206 0.0274438 0.0307238 0.0340432 0.0374464 0.0409225 0.0444574 0.0480305 0.0516117 0.055151 0.0586078 0.0619216 0.0650547 0.0679185 0.0704625 0.072625 0.0743281 0.0755208 0.076174 0.0762115 0.0756303 0.074414 0.0725434 0.0700506 0.0669547 0.0632478 0.0589977 0.0542257 0.0489561 0.0432805 0.0372459 0.0308711 0.0242545 0.01745 0.0105017 0.00348775 -0.00356186 -0.0106079 -0.0175438 -0.0243375 -0.0309481 -0.0372829 -0.0432957 -0.0489437 -0.0541408 -0.0588714 -0.0630956 -0.0667617 -0.0698629 -0.0723749 -0.0742568 -0.0755487 -0.0762455 -0.0763621 -0.0759532 -0.0750594 -0.0737118 -0.0719976 -0.0699596 -0.0676618 -0.0651579 -0.0625153 -0.0597843 -0.0570243 -0.0542997 -0.0516828 -0.0491994 -0.0469277 -0.0449149 -0.0431801 -0.0417833 -0.0407617 -0.0401207 -0.0398809 -0.0400413 -0.0405591 -0.0413695 -0.0423683 -0.0434417 -0.0443735 -0.0449813 -0.0450663 -0.0443997 -0.0428212 -0.0402591 -0.0366693 -0.0321352 -0.0268222 -0.020982 -0.0149191 -0.00894511 -0.00344197 0.00131074 0.00509234 0.0077574 0.00927899 0.00975852 0.00936161 0.00830018 0.00679735 0.00510244 0.00340923 0.00183844 0.000510439 -0.000543972 -0.00131873 -0.00187656 -0.00224383 -0.00246071 -0.00259315 -0.00267214 -0.00272969 -0.00275837 -0.00280095 -0.00286076 -0.00293306 -0.00301387 -0.00310367 -0.0032164 -0.00332862 -0.00344645 -0.00357106 -0.00370439 -0.00383146 -0.00394153 -0.00404789 -0.00415107 -0.00423871 -0.00430128 -0.00435317 -0.00440538 -0.0044503 -0.00446844 -0.00446785 
0 0.000163923 0.000306516 0.000438852 0.00057325 0.000707641 0.000812789 0.000884848 0.000952255 0.00102345 0.00109029 0.00112649 0.00115849 0.00121487 0.00128893 0.00137044 0.00145197 0.00157535 0.00173613 0.00192525 0.00214528 0.00241072 0.00274178 0.0031236 0.00359091 0.00416672 0.00487845 0.00574269 0.00681484 0.00816124 0.00979245 0.0117222 0.0139288 0.0163789 0.0189324 0.0214163 0.0236425 0.025359 0.0263136 0.0262845 0.025133 0.0227866 0.0192676 0.014746 0.00950517 0.00384423 -0.00184632 -0.00718281 -0.0118382 -0.0155413 -0.0181114 -0.0194301 -0.0195215 -0.0184798 -0.0164303 -0.0135789 -0.010156 -0.00633115 -0.00228893 0.00182437 0.00591598 0.00993485 0.0138449 0.0176284 0.0213207 0.024939 0.0284933 0.0320338 0.0355834 0.0391337 0.0427126 0.0463078 0.0498957 0.0534556 0.0569558 0.0603483 0.0635798 0.0665943 0.0693401 0.0717377 0.0737392 0.0752964 0.0763382 0.0768364 0.0767713 0.0760981 0.0748311 0.0729771 0.0705228 0.0675129 0.0639766 0.0599278 0.0554416 0.0505612 0.0453131 0.0397781 0.0339983 0.0279998 0.0218562 0.0155933 0.00922918 0.00283105 -0.00358099 -0.0099892 -0.0163305 -0.0225881 -0.0287338 -0.0346945 -0.040445 -0.0459451 -0.0511169 -0.055933 -0.060346 -0.0642887 -0.0677508 -0.0706997 -0.0730906 -0.0749376 -0.0762267 -0.0769472 -0.0771409 -0.0768309 -0.0760399 -0.0748333 -0.0732554 -0.0713566 -0.0691992 -0.0668501 -0.0643653 -0.0618025 -0.0592323 -0.0567217 -0.0543092 -0.0520788 -0.0500872 -0.0483661 -0.0469789 -0.0459702 -0.0453445 -0.0451269 -0.0453136 -0.0458641 -0.0467027 -0.0477281 -0.0488049 -0.0497154 -0.0502619 -0.0502398 -0.0494132 -0.0476194 -0.0447849 -0.0408662 -0.0359478 -0.0302029 -0.0238982 -0.0173457 -0.0108871 -0.00491324 0.000271452 0.00444011 0.00743356 0.00921509 0.0098864 0.00960812 0.008597 0.00708652 0.00534279 0.00356897 0.00189907 0.000456342 -0.000709528 -0.00159149 -0.00224016 -0.00267449 -0.00294193 -0.00310831 -0.00321918 -0.00329384 -0.00332797 -0.00336731 -0.00341817 -0.00348031 -0.00354247 -0.00361076 -0.00369681 -0.0037809 -0.00387298 -0.00397688 -0.00409251 -0.00420098 -0.00429742 -0.00440046 -0.0045117 -0.00460834 -0.00467659 -0.00473636 -0.00480252 -0.00486258 -0.00488672 -0.00488566 
0 0.000158154 0.000300662 0.000420593 0.000560827 0.000691278 0.000797643 0.000873006 0.000937828 0.00103037 0.00110447 0.00116274 0.00121487 0.00129429 0.00141331 0.00152075 0.0016478 0.00180413 0.00200756 0.00224807 0.0025018 0.00281629 0.00318014 0.00360903 0.00412563 0.00475309 0.00552855 0.00646501 0.00763041 0.00909305 0.0108681 0.0129475 0.0153232 0.0179227 0.0206251 0.023233 0.0255336 0.0272924 0.0282114 0.0280994 0.0268055 0.0242662 0.0205238 0.0157514 0.0102343 0.00430759 -0.00164214 -0.00721395 -0.0120422 -0.0158816 -0.0185044 -0.0198131 -0.0198244 -0.0186231 -0.0163484 -0.0132153 -0.00944392 -0.00523542 -0.000787077 0.0037617 0.00827517 0.0127113 0.0170213 0.0211841 0.0252208 0.0291679 0.0330084 0.0367992 0.0405576 0.0442629 0.0479335 0.0515634 0.0551093 0.0585483 0.0618634 0.0649819 0.0678652 0.0704615 0.0727122 0.074536 0.0759165 0.0767881 0.077112 0.0768787 0.0760909 0.074709 0.0727861 0.0703315 0.0673511 0.0638884 0.0600066 0.0557154 0.0510953 0.0462032 0.0410864 0.0357894 0.0303599 0.0248203 0.0192232 0.0135647 0.00785703 0.00213426 -0.0035814 -0.00929589 -0.0149793 -0.0206352 -0.0262304 -0.0317354 -0.0371361 -0.0423989 -0.0474397 -0.052246 -0.0567554 -0.0608983 -0.0646433 -0.0679746 -0.0708185 -0.0731794 -0.0750347 -0.0763655 -0.0771648 -0.0774695 -0.0772718 -0.0766194 -0.075556 -0.0741383 -0.0724014 -0.070433 -0.0682822 -0.0659986 -0.0636617 -0.0613426 -0.0590781 -0.0569616 -0.0550673 -0.0534183 -0.0521036 -0.0511649 -0.0506126 -0.050467 -0.0507393 -0.0513521 -0.0522539 -0.0533227 -0.0544062 -0.0552984 -0.0557882 -0.0556524 -0.0546717 -0.0526701 -0.0495582 -0.045327 -0.0400244 -0.0338631 -0.0271078 -0.0200797 -0.0131511 -0.00672033 -0.00109677 0.00346389 0.00680406 0.00888388 0.00977039 0.00965619 0.00872197 0.00723574 0.0054692 0.00362807 0.00187487 0.000326094 -0.000950093 -0.00194254 -0.0026831 -0.00319823 -0.00351507 -0.0037282 -0.0038671 -0.00395303 -0.00399637 -0.00401355 -0.00405569 -0.00408847 -0.0041253 -0.00416913 -0.00421646 -0.00427996 -0.00433962 -0.00442944 -0.00452887 -0.0046172 -0.00470462 -0.00479718 -0.00491483 -0.00501278 -0.00508137 -0.00514452 -0.00521434 -0.00528403 -0.00530826 -0.00530513 
0 0.000148035 0.000267452 0.000390487 0.000510429 0.000647616 0.000754442 0.000831894 0.000923319 0.00101921 0.0011304 0.00120697 0.00128893 0.00141331 0.00155481 0.00171951 0.00187015 0.00206798 0.00231557 0.00258425 0.00289638 0.00323329 0.00364429 0.00412013 0.00468457 0.00538539 0.0062252 0.0072539 0.00852727 0.0101117 0.0120282 0.0142638 0.0167796 0.0195278 0.0223472 0.0250494 0.0274204 0.0291703 0.0300636 0.0298514 0.0284206 0.0257138 0.0217716 0.0167858 0.0110447 0.0048919 -0.00127056 -0.00701191 -0.0119975 -0.0159034 -0.0185538 -0.0198215 -0.019717 -0.0183399 -0.0158366 -0.0124074 -0.00830187 -0.00373035 0.00112881 0.00606435 0.0109947 0.0158199 0.0204968 0.0250024 0.0293643 0.0335646 0.0376512 0.0416234 0.0454946 0.0492709 0.052943 0.0564917 0.0598989 0.0631315 0.0661324 0.0688829 0.0713106 0.0733764 0.0750236 0.0762224 0.0768969 0.077053 0.0766515 0.075702 0.0741958 0.0721819 0.0696478 0.0666465 0.0632102 0.0594091 0.0552609 0.0508508 0.0462253 0.0414385 0.0365172 0.0315499 0.0265473 0.0215221 0.0164747 0.0114481 0.00643373 0.00143686 -0.00358164 -0.00860034 -0.0136122 -0.0186123 -0.0236384 -0.0286498 -0.0336326 -0.0385506 -0.0433894 -0.048072 -0.0525714 -0.056827 -0.0608034 -0.0644157 -0.0676569 -0.0704736 -0.0728439 -0.0747244 -0.0761346 -0.0770266 -0.0774317 -0.077365 -0.0768698 -0.0759627 -0.0747295 -0.0731983 -0.0714332 -0.0695015 -0.067471 -0.0653973 -0.0633658 -0.0614456 -0.0596966 -0.0582089 -0.0570214 -0.0562042 -0.0557798 -0.0557671 -0.056141 -0.0568853 -0.0578715 -0.0590174 -0.0601457 -0.0610417 -0.0614904 -0.0612708 -0.0601396 -0.0579377 -0.0545797 -0.0500207 -0.0443748 -0.0378085 -0.0306246 -0.0231516 -0.0157803 -0.0089003 -0.00286311 0.00209893 0.00580288 0.00818916 0.00935639 0.00942278 0.00862827 0.00721003 0.00544972 0.00358006 0.00175632 0.000112263 -0.00126913 -0.0023781 -0.00322305 -0.00381113 -0.00420682 -0.0044507 -0.00462491 -0.00472193 -0.00474972 -0.00476674 -0.00476416 -0.00478081 -0.0047838 -0.00479124 -0.0048184 -0.00483588 -0.00488284 -0.00494311 -0.00502252 -0.00509726 -0.00515922 -0.00525447 -0.00536132 -0.00546215 -0.00552962 -0.00558513 -0.00566074 -0.00571957 -0.00574389 -0.00572891 
0 0.000132639 0.000253967 0.000354111 0.000481186 0.000603188 0.000712823 0.00080612 0.000896425 0.00102584 0.00114068 0.00125405 0.00137044 0.00152075 0.00171951 0.00190575 0.00211605 0.00235 0.00263967 0.00296938 0.00331365 0.00370945 0.00415237 0.00468073 0.00530663 0.00606969 0.00699068 0.00811683 0.00950511 0.0112195 0.0132847 0.0156561 0.0183306 0.0211856 0.0241119 0.0268921 0.02928 0.0310359 0.0318571 0.0315591 0.0300003 0.0271358 0.0230314 0.0178794 0.0119487 0.00563593 -0.000676578 -0.00655681 -0.0116118 -0.0155773 -0.0182028 -0.0194039 -0.0191756 -0.0176072 -0.0148568 -0.0111556 -0.00671739 -0.00179732 0.00340467 0.00871924 0.014003 0.0191766 0.0241847 0.0290011 0.0336089 0.0380385 0.0422747 0.0463432 0.0502527 0.0539988 0.0575586 0.0609438 0.0640966 0.0669959 0.0696157 0.0718932 0.0737808 0.0752513 0.0762398 0.0767185 0.0766883 0.0761193 0.0750147 0.073389 0.0712557 0.0686316 0.0655756 0.062134 0.0583582 0.0542936 0.0500253 0.0455977 0.0410593 0.0364704 0.031885 0.0272871 0.0227131 0.0182041 0.0137727 0.00938296 0.00502668 0.000690415 -0.0036112 -0.00791962 -0.0122771 -0.0166891 -0.0211204 -0.0255969 -0.030114 -0.0346502 -0.0391721 -0.043665 -0.0480711 -0.0523397 -0.0564144 -0.0602623 -0.0638096 -0.0670037 -0.0698127 -0.0722001 -0.074123 -0.0755958 -0.076601 -0.077125 -0.0772069 -0.076868 -0.0761359 -0.0750827 -0.0737646 -0.072223 -0.0705521 -0.0688042 -0.067055 -0.0653841 -0.063878 -0.0625864 -0.0616008 -0.0609608 -0.0607063 -0.0608512 -0.0613986 -0.0622783 -0.0634192 -0.0646904 -0.065897 -0.0668476 -0.0672928 -0.0669976 -0.065749 -0.0633757 -0.0597676 -0.0549487 -0.0489625 -0.0420428 -0.0344683 -0.0265779 -0.0187953 -0.0115004 -0.00504514 0.000301206 0.00437211 0.00711248 0.00855556 0.00888053 0.00825028 0.00695038 0.00524807 0.00336349 0.0015051 -0.000221908 -0.00170276 -0.00291983 -0.00385725 -0.00453297 -0.00498073 -0.00527869 -0.00547292 -0.00557516 -0.00561499 -0.00559902 -0.00559208 -0.00556947 -0.0055503 -0.00553502 -0.0055124 -0.00551348 -0.00551452 -0.0055554 -0.00560475 -0.00564611 -0.00569635 -0.00576134 -0.00586222 -0.00594576 -0.00600406 -0.00605738 -0.00611805 -0.00617696 -0.00618836 -0.00616862 
0 0.000129779 0.000236607 0.000348602 0.000455665 0.000580897 0.000687701 0.000783085 0.0008974 0.00102238 0.00116773 0.00130004 0.00145197 0.0016478 0.00187015 0.00211605 0.00236395 0.00265329 0.00299654 0.00337095 0.00378457 0.00422194 0.00472166 0.00530783 0.00599517 0.00683352 0.00783017 0.00905246 0.0105596 0.0124005 0.0146046 0.0171334 0.0199401 0.0229274 0.0259425 0.0287821 0.031197 0.0329062 0.0336669 0.0332623 0.0315775 0.0285801 0.0243442 0.0190613 0.0130121 0.0065815 0.000171863 -0.00577087 -0.010885 -0.0148376 -0.0174218 -0.0185387 -0.0181727 -0.0164224 -0.0134636 -0.0095002 -0.00477889 0.000446493 0.00598472 0.0116114 0.0172218 0.0226926 0.027964 0.0330151 0.0378313 0.0423884 0.0467265 0.0508182 0.0546632 0.0582813 0.0616446 0.0647441 0.0675599 0.0700635 0.0721927 0.0739263 0.0752117 0.076023 0.0763158 0.0761147 0.0753685 0.0741014 0.0723344 0.0700889 0.0673726 0.0642812 0.0608112 0.05703 0.0530202 0.0488478 0.0445475 0.0402203 0.0358799 0.0315638 0.0273013 0.0231324 0.0190627 0.0150981 0.0111982 0.00739908 0.00369337 2.53563e-05 -0.0036584 -0.00734897 -0.0110811 -0.0148612 -0.0187304 -0.0226928 -0.0267319 -0.03083 -0.0350162 -0.0392235 -0.0434402 -0.0476384 -0.0517499 -0.0556873 -0.0594438 -0.0629204 -0.066084 -0.0688942 -0.071318 -0.073298 -0.0748545 -0.0759492 -0.076604 -0.0768177 -0.0766397 -0.0760863 -0.0752252 -0.0741214 -0.0728479 -0.0714613 -0.0700678 -0.068719 -0.0674835 -0.0664692 -0.0657145 -0.0652921 -0.0652601 -0.0656256 -0.0663687 -0.0674677 -0.068786 -0.0702176 -0.0715535 -0.0725818 -0.0730609 -0.072744 -0.0714091 -0.0688994 -0.0651057 -0.0600289 -0.0537758 -0.0465319 -0.0386094 -0.0303577 -0.0221967 -0.0145084 -0.00766328 -0.00192338 0.00252917 0.00562134 0.00739962 0.00797626 0.00756262 0.00640892 0.00478127 0.00292959 0.00104798 -0.000728993 -0.00228716 -0.00359495 -0.00461408 -0.00535579 -0.0058735 -0.00620629 -0.00643172 -0.0065488 -0.00658264 -0.00657089 -0.00652685 -0.00649005 -0.00644401 -0.00639485 -0.00634925 -0.00629744 -0.00627604 -0.0062725 -0.00628416 -0.00629809 -0.00630673 -0.00635509 -0.00641604 -0.00647947 -0.00652212 -0.00655614 -0.00661346 -0.00664936 -0.00666134 -0.00663266 
0 0.000112394 0.000213908 0.000315913 0.000423375 0.000541955 0.000655229 0.000770658 0.000900891 0.00105141 0.00121451 0.0013831 0.00157535 0.00180413 0.00206798 0.00235 0.00265329 0.00299106 0.00338021 0.00381027 0.00427398 0.00476911 0.00531948 0.00596617 0.00672538 0.00764011 0.00872621 0.0100617 0.0117004 0.0136856 0.0160434 0.0187205 0.0216754 0.0247695 0.0278673 0.0307564 0.0331695 0.034844 0.0355235 0.0350211 0.0332181 0.030095 0.0257469 0.0203714 0.0142363 0.00775084 0.00131079 -0.00464769 -0.00974483 -0.0136674 -0.0161859 -0.0172184 -0.0167377 -0.0148355 -0.0116885 -0.00751706 -0.00254949 0.00293914 0.00873851 0.01464 0.0205132 0.0262262 0.031712 0.0369431 0.0418715 0.0464925 0.0508214 0.0548404 0.0585489 0.061966 0.065051 0.0678075 0.0701967 0.072203 0.0737836 0.0749133 0.0755584 0.075708 0.0753187 0.074426 0.0730172 0.0711119 0.0687534 0.0659699 0.0627866 0.0592943 0.0555276 0.0515576 0.0474673 0.0432935 0.039091 0.0349354 0.0308376 0.0268428 0.0229929 0.01926 0.0156534 0.0122026 0.00887371 0.00563847 0.00247871 -0.00064585 -0.00373968 -0.00683449 -0.0100004 -0.0132422 -0.0165593 -0.0199994 -0.0235607 -0.027235 -0.0310435 -0.0349467 -0.0389155 -0.0429359 -0.0469468 -0.050896 -0.0547534 -0.0584197 -0.0618526 -0.0650089 -0.0678254 -0.0702669 -0.0723281 -0.0739468 -0.0751393 -0.0758989 -0.0762459 -0.0762087 -0.0758486 -0.0752078 -0.0743689 -0.0733826 -0.0723564 -0.071348 -0.0704409 -0.0697291 -0.0692727 -0.069125 -0.0693578 -0.0699757 -0.0709649 -0.0722912 -0.0738368 -0.075465 -0.0769595 -0.0781138 -0.0786614 -0.0783547 -0.076985 -0.0743929 -0.0704594 -0.0652143 -0.0587407 -0.0512452 -0.0430301 -0.0344563 -0.0259573 -0.0179071 -0.0106865 -0.00457499 0.000251012 0.00371276 0.00581989 0.00669697 0.00652248 0.0055566 0.00405067 0.00225205 0.000384406 -0.00142907 -0.00305378 -0.00444117 -0.00553574 -0.0063468 -0.00691966 -0.00729633 -0.00754146 -0.00766954 -0.0077108 -0.00768319 -0.00762225 -0.00755157 -0.00747678 -0.00739388 -0.00730161 -0.00721243 -0.00714214 -0.00709728 -0.00706399 -0.00703921 -0.00702241 -0.00703545 -0.00706662 -0.0070987 -0.00712101 -0.00713892 -0.00716939 -0.00718386 -0.00717386 -0.00713125 
0 9.57151e-05 0.000190845 0.000286379 0.00039226 0.000504995 0.000623819 0.000758754 0.000910131 0.00108869 0.00127995 0.00149342 0.00173613 0.00200756 0.00231557 0.00263967 0.00299654 0.00338021 0.00380718 0.00428136 0.00478927 0.00533977 0.00594553 0.0066598 0.0075025 0.00850686 0.00970062 0.0111637 0.0129504 0.015092 0.0176083 0.0204411 0.02354 0.0267424 0.0299139 0.0328394 0.035239 0.036862 0.0374525 0.0368518 0.0349425 0.031721 0.0272992 0.0218735 0.0157066 0.00920816 0.00277854 -0.00316049 -0.00821797 -0.0120888 -0.0145334 -0.0154829 -0.0149046 -0.0128868 -0.0096069 -0.00528584 -0.000142234 0.00554885 0.011557 0.017681 0.0237632 0.0296608 0.0352886 0.0406191 0.0455842 0.0501873 0.0544321 0.0583045 0.0617972 0.0649309 0.0676676 0.0700098 0.071921 0.0733887 0.0743785 0.0748679 0.0748539 0.0743343 0.0732916 0.0717668 0.0697632 0.0672935 0.0644284 0.0612002 0.0576619 0.0539063 0.0499803 0.0459394 0.0418756 0.0378088 0.0337956 0.0298922 0.0261055 0.022459 0.0190039 0.0157093 0.012583 0.00961872 0.00677611 0.00403068 0.0013796 -0.00124152 -0.00383987 -0.00644138 -0.00909443 -0.0118221 -0.0146371 -0.0176051 -0.0207148 -0.0239694 -0.0273865 -0.0309432 -0.0346112 -0.038397 -0.0422336 -0.0460894 -0.049934 -0.0536841 -0.057287 -0.0607034 -0.0638385 -0.0666568 -0.0691362 -0.0712155 -0.072897 -0.0741787 -0.0750502 -0.0755333 -0.075674 -0.0755066 -0.0751088 -0.0745396 -0.0739042 -0.0732627 -0.072707 -0.0723281 -0.0721966 -0.0723593 -0.0728987 -0.0738095 -0.0750797 -0.0766633 -0.0784538 -0.0802918 -0.0819693 -0.0832757 -0.0839351 -0.0836937 -0.0823482 -0.0797329 -0.0757231 -0.0703649 -0.0637353 -0.0560521 -0.0476123 -0.0387916 -0.0300173 -0.0216638 -0.0141109 -0.00765201 -0.00246123 0.00137248 0.00382605 0.00502157 0.00511472 0.0043629 0.00300361 0.0012884 -0.000544727 -0.00237014 -0.00404485 -0.00549779 -0.00665984 -0.00753837 -0.00816479 -0.00858159 -0.00883923 -0.00896991 -0.00900634 -0.00895466 -0.00886512 -0.00875481 -0.00864449 -0.00852269 -0.00838775 -0.00826443 -0.00815425 -0.00806972 -0.00799207 -0.00792734 -0.00787708 -0.00784559 -0.00782967 -0.00781597 -0.00780433 -0.00779322 -0.00778767 -0.00777166 -0.00773845 -0.00768221 
