0 0 0 0 0 0 0 0 0 0 0 0 0 0 0 0 0 0 0 0 0 0 0 0 0 0 0 0 0 0 0 0 0 0 0 0 0 0 0 0 0 0 0 0 0 0 0 0 0 0 0 0 0 0 0 0 0 0 0 0 0 0 0 0 0 0 0 0 0 0 0 0 0 0 0 0 0 0 0 0 0 0 0 0 0 0 0 0 0 0 0 0 0 0 0 0 0 0 0 0 0 0 0 0 0 0 0 0 0 0 0 0 0 0 0 0 0 0 0 0 0 0 0 0 0 0 0 0 0 0 0 0 0 0 0 0 0 0 0 0 0 0 0 0 0 0 0 0 0 0 0 0 0 0 0 0 0 0 0 0 0 0 0 0 0 0 0 0 0 0 0 0 0 0 0 0 0 0 0 0 0 0 0 0 0 0 0 0 0 0 0 0 0 0 0 0 0 0 0 0 
0 0.000657629 0.00131744 0.00199295 0.00264611 0.00326916 0.00383543 0.0043213 0.004721 0.00499033 0.0051213 0.00510646 0.00495716 0.00471993 0.00441297 0.00407829 0.00375178 0.00345824 0.00323664 0.00308334 0.00299809 0.00298139 0.00301163 0.00307668 0.0031393 0.00316255 0.00313829 0.00304307 0.00286144 0.00258839 0.00220927 0.00174887 0.0012073 0.000582169 -0.00010437 -0.000845581 -0.00161513 -0.00241178 -0.00321898 -0.00402127 -0.00479347 -0.00553345 -0.00624046 -0.00688134 -0.00746623 -0.00797881 -0.0084227 -0.00878899 -0.00906849 -0.00925959 -0.00938296 -0.00941632 -0.0093617 -0.0092529 -0.00906083 -0.00880885 -0.00849633 -0.0081367 -0.00773583 -0.00731115 -0.00685236 -0.00639385 -0.00592929 -0.0054553 -0.00499928 -0.00456245 -0.00414588 -0.00374415 -0.00338238 -0.00303902 -0.00272049 -0.0024268 -0.00218274 -0.00194216 -0.00172999 -0.00154833 -0.0013856 -0.0012295 -0.00111698 -0.00101466 -0.000913385 -0.000831143 -0.000774675 -0.00072464 -0.000677139 -0.000639168 -0.000611928 -0.000594781 -0.000574376 -0.000562013 -0.000549529 -0.000544399 -0.000537582 -0.000535541 -0.000526317 -0.000529672 -0.000525262 -0.000523695 -0.000520902 -0.000525259 -0.000517388 -0.00052184 -0.000520282 -0.000520177 -0.00051686 -0.000522987 -0.000518023 -0.000520904 -0.000518759 -0.000520756 -0.000520001 -0.000522905 -0.000515612 -0.000514821 -0.000515046 -0.000513577 -0.000498454 -0.000482517 -0.000477111 -0.000462702 -0.000425394 -0.000388198 -0.000358229 -0.000300021 -0.000237888 -0.000168366 -7.89204e-05 3.56433e-05 0.000142814 0.000280398 0.000437275 0.000619903 0.000813422 0.00104563 0.0012977 0.00157312 0.00187539 0.00222414 0.00258897 0.00297781 0.00340686 0.00384546 0.0043022 0.00477612 0.00525929 0.00573647 0.00621467 0.00666057 0.00710028 0.00750293 0.00785959 0.00818245 0.00845712 0.00866615 0.00881163 0.00889702 0.00890486 0.00884406 0.00869648 0.00848054 0.00818662 0.007809 0.00734835 0.00681644 0.0062151 0.00553134 0.00478682 0.00397455 0.00311252 0.0021966 0.00122278 0.000220057 -0.000809459 -0.00185731 -0.0029052 -0.0039388 -0.00492233 -0.00582826 -0.00664667 -0.00733547 -0.00787597 -0.00825176 -0.00845188 -0.00850628 -0.00841234 -0.00819794 -0.00790338 -0.00755967 -0.00723707 -0.006959 -0.00675919 -0.00666496 -0.00666388 -0.00677009 -0.00694206 -0.00715548 -0.00739019 -0.00760192 -0.0077921 -0.0079197 
0 0.00131744 0.00266203 0.00399359 0.00531685 0.00654718 0.00766382 0.00863318 0.00939019 0.00992101 0.0101465 0.0100877 0.00977173 0.0092542 0.00862395 0.00792134 0.00724218 0.00663672 0.00616877 0.00584512 0.00566377 0.0056159 0.00566399 0.00579346 0.00589501 0.00595186 0.00589603 0.00570484 0.00537386 0.00482614 0.00411837 0.00322702 0.0021789 0.000987018 -0.00034867 -0.0017751 -0.00325877 -0.00479632 -0.00636203 -0.00789748 -0.00941603 -0.0108502 -0.01223 -0.0135084 -0.014641 -0.0156618 -0.0165358 -0.0172575 -0.0178114 -0.0182181 -0.0184589 -0.0185515 -0.0184689 -0.0182488 -0.017899 -0.0174179 -0.0168212 -0.0161359 -0.0153872 -0.0145424 -0.0136656 -0.0127699 -0.0118544 -0.0109332 -0.010056 -0.00918313 -0.00834921 -0.00756376 -0.00682274 -0.00614211 -0.00551819 -0.00493835 -0.00441331 -0.00394364 -0.00351269 -0.00314716 -0.00281656 -0.00252561 -0.00226653 -0.00204591 -0.00185767 -0.0017173 -0.00157485 -0.00145388 -0.00136767 -0.00130827 -0.00124184 -0.00119153 -0.00115414 -0.00113467 -0.00110926 -0.00108976 -0.00107904 -0.00107308 -0.00105941 -0.00105909 -0.00105492 -0.00104747 -0.00104714 -0.00104965 -0.00104038 -0.00104296 -0.0010446 -0.00103987 -0.00103956 -0.00104498 -0.00103758 -0.00103976 -0.00104392 -0.00104244 -0.0010342 -0.00103704 -0.00103771 -0.00103487 -0.00101264 -0.00100261 -0.000994794 -0.00097283 -0.000924624 -0.000882666 -0.000826378 -0.000766095 -0.000672782 -0.000556763 -0.000425613 -0.000281305 -8.88276e-05 0.000114522 0.000356216 0.000649085 0.000970744 0.0013237 0.00173499 0.00218992 0.00269848 0.00327169 0.00388181 0.00456192 0.00528934 0.00606253 0.00688562 0.00776984 0.00865919 0.00957748 0.0105084 0.0114382 0.0123337 0.0132093 0.0140543 0.0148161 0.0155103 0.0161153 0.0166246 0.0170142 0.0172875 0.0174189 0.0174434 0.0172948 0.0169916 0.0165631 0.0159599 0.0152161 0.0143107 0.0132675 0.0120909 0.0107744 0.00930646 0.00774204 0.00605931 0.00426607 0.00239186 0.00041946 -0.00157168 -0.00361801 -0.00567131 -0.00768767 -0.00962453 -0.0114081 -0.0130185 -0.0143771 -0.0154472 -0.0161749 -0.0165794 -0.0166721 -0.0164812 -0.0160656 -0.0154627 -0.0148062 -0.0141578 -0.0136168 -0.013243 -0.0130487 -0.0130881 -0.013302 -0.0136745 -0.0141364 -0.014616 -0.0150962 -0.0154876 -0.0157807 
0 0.00199295 0.00399359 0.00601295 0.00796323 0.00980027 0.0114507 0.012849 0.0139584 0.0146761 0.014966 0.014817 0.0142714 0.0134497 0.0124296 0.0113261 0.0102499 0.00928399 0.008529 0.0079913 0.00766892 0.00755806 0.00760292 0.00775915 0.0079212 0.0079913 0.00793031 0.00767768 0.00719288 0.00645087 0.00543005 0.00417991 0.0027082 0.00101563 -0.000852066 -0.00286531 -0.00496535 -0.00714351 -0.00935985 -0.0115703 -0.0137174 -0.0157853 -0.0177685 -0.0195901 -0.0212551 -0.0227331 -0.024021 -0.0250964 -0.0259347 -0.0265346 -0.0269346 -0.0270916 -0.0270084 -0.0267565 -0.0262857 -0.0256393 -0.0248234 -0.0238708 -0.0228 -0.0216428 -0.0203926 -0.0191213 -0.0178199 -0.016488 -0.0151884 -0.0139263 -0.0127095 -0.0115338 -0.0104505 -0.00942461 -0.0084668 -0.00758166 -0.00681858 -0.00608844 -0.00543573 -0.00486994 -0.00436236 -0.0038893 -0.0035208 -0.00319191 -0.00288095 -0.00262386 -0.00242919 -0.00225998 -0.00210793 -0.00198466 -0.0018899 -0.0018223 -0.00175588 -0.00171104 -0.00166955 -0.0016456 -0.00162348 -0.00161176 -0.00158745 -0.00159014 -0.00157903 -0.00157224 -0.00156599 -0.00157331 -0.00155622 -0.00156411 -0.00156149 -0.00155932 -0.00155286 -0.0015648 -0.00155385 -0.00155807 -0.00155395 -0.00155545 -0.00155081 -0.00155277 -0.0015336 -0.00152445 -0.00151412 -0.00149726 -0.00145037 -0.00139712 -0.00135751 -0.00129389 -0.00117757 -0.00105482 -0.00093445 -0.00074753 -0.000541459 -0.000308947 -1.82065e-05 0.000334984 0.000692393 0.00113072 0.00162918 0.00219724 0.00281318 0.0035278 0.00430517 0.00515075 0.00607047 0.00710123 0.0081796 0.00931718 0.0105438 0.0117978 0.0130851 0.0144053 0.015738 0.0170486 0.018341 0.0195529 0.0207277 0.0217966 0.0227386 0.0235747 0.0242705 0.0247849 0.0251207 0.0252804 0.0252334 0.0249863 0.0245086 0.0238405 0.0229598 0.0218566 0.0205349 0.0190222 0.0173234 0.0154133 0.0133319 0.0110766 0.00867818 0.00612786 0.00342109 0.000616055 -0.00227109 -0.00522319 -0.00819149 -0.0111277 -0.0139357 -0.0165352 -0.0188805 -0.0208598 -0.0224105 -0.0234808 -0.0240513 -0.0241858 -0.023897 -0.023264 -0.0223981 -0.0214116 -0.0204836 -0.0197046 -0.0191702 -0.0189503 -0.0190317 -0.019427 -0.0200358 -0.0207777 -0.0215807 -0.0223342 -0.0230056 -0.0234919 
0 0.00264611 0.00531685 0.00796323 0.010544 0.0129388 0.015077 0.016884 0.0182602 0.0191398 0.0194238 0.0191278 0.0183154 0.0171078 0.0156569 0.0140815 0.0125455 0.0111666 0.0100604 0.00925513 0.00875248 0.00853398 0.008538 0.00870831 0.00888309 0.00898589 0.00891523 0.00861536 0.00805435 0.00714431 0.00593046 0.00440872 0.00261133 0.000556696 -0.00173699 -0.00420003 -0.00677691 -0.00945316 -0.0121876 -0.0149025 -0.017584 -0.020159 -0.0226408 -0.0249589 -0.0270586 -0.0289568 -0.0306148 -0.0320124 -0.0331227 -0.0339646 -0.0345257 -0.0348101 -0.0347955 -0.0345324 -0.0340259 -0.0332845 -0.0323298 -0.0312019 -0.0299342 -0.0285052 -0.0269832 -0.0254032 -0.0237692 -0.0221016 -0.020468 -0.0188406 -0.0172578 -0.0157371 -0.0142927 -0.0129388 -0.0116763 -0.0105007 -0.0094313 -0.00845465 -0.00756426 -0.00678794 -0.00608815 -0.00546394 -0.00491779 -0.00444371 -0.00402984 -0.00369507 -0.00339004 -0.00312827 -0.0029202 -0.00275998 -0.00261166 -0.00249365 -0.00239945 -0.00233637 -0.00227514 -0.00222826 -0.00219638 -0.0021745 -0.0021464 -0.00213874 -0.00212701 -0.00211357 -0.00210932 -0.00211059 -0.00209658 -0.00209894 -0.00209953 -0.00209318 -0.00209106 -0.0020976 -0.00208727 -0.00208832 -0.00208994 -0.00208454 -0.00207019 -0.00206672 -0.00205412 -0.00203443 -0.00199233 -0.00195599 -0.0019093 -0.00183932 -0.00173693 -0.00162602 -0.00148113 -0.00131782 -0.00110688 -0.000845425 -0.000547238 -0.000211829 0.000203657 0.000666793 0.0011959 0.00181824 0.00251208 0.00327951 0.0041451 0.0051052 0.00616095 0.00731927 0.00855456 0.00989944 0.0113156 0.0127987 0.0143554 0.0159778 0.0176052 0.0192566 0.0209081 0.0225311 0.0240896 0.0255829 0.0269993 0.0282701 0.0293972 0.0303608 0.0311427 0.0317044 0.0320464 0.0321466 0.0320268 0.0316239 0.0309526 0.0300499 0.0288694 0.0274387 0.0257442 0.023819 0.0216682 0.0192787 0.0166498 0.0138358 0.0108222 0.00761227 0.0042332 0.000688637 -0.00293813 -0.00666812 -0.0104328 -0.0141523 -0.0177327 -0.0210524 -0.0240432 -0.0265715 -0.0285501 -0.0298978 -0.0306245 -0.0307652 -0.0303742 -0.0295552 -0.02842 -0.0271781 -0.0259898 -0.0250238 -0.0243964 -0.0241616 -0.0243729 -0.0249638 -0.0258655 -0.0269522 -0.028096 -0.0292159 -0.0301827 -0.0309287 
0 0.00326916 0.00654718 0.00980027 0.0129388 0.0158496 0.0184247 0.0205641 0.0221663 0.0231201 0.0233445 0.0228401 0.0216899 0.0200512 0.0180942 0.0159924 0.0139326 0.0120725 0.0105477 0.00940793 0.00865786 0.00827996 0.00820629 0.00834798 0.00854989 0.00868053 0.00864231 0.00835396 0.00775582 0.00678874 0.00545367 0.00377823 0.00178587 -0.000506615 -0.00306219 -0.00581985 -0.00872058 -0.0117376 -0.014825 -0.0179168 -0.0209606 -0.0239151 -0.0267632 -0.0294357 -0.0318958 -0.0341283 -0.0361074 -0.0378034 -0.0391853 -0.040255 -0.0410215 -0.0414623 -0.0415739 -0.0414027 -0.0409406 -0.0402048 -0.0392168 -0.0380134 -0.036624 -0.0350622 -0.0333621 -0.0315755 -0.0297099 -0.0277838 -0.025856 -0.0239378 -0.0220499 -0.0202105 -0.0184534 -0.0167802 -0.0151971 -0.0137198 -0.0123752 -0.0111266 -0.00998744 -0.00897543 -0.00806272 -0.00723984 -0.00653324 -0.00591162 -0.00535493 -0.00488241 -0.0044832 -0.0041399 -0.00384695 -0.00360482 -0.00340328 -0.00324111 -0.0031055 -0.00300151 -0.00291336 -0.00284648 -0.00279655 -0.00275827 -0.00272052 -0.00270377 -0.00268558 -0.00266861 -0.00265978 -0.00265765 -0.0026435 -0.00264395 -0.00264259 -0.00263652 -0.00263277 -0.00263767 -0.00262862 -0.00262602 -0.00262175 -0.00261336 -0.00259818 -0.00258338 -0.00255309 -0.0025173 -0.00246921 -0.00240759 -0.00231806 -0.00220714 -0.00207929 -0.00191844 -0.00170439 -0.00146099 -0.00117893 -0.000826209 -0.000422378 3.83998e-05 0.000589608 0.00122109 0.00191948 0.00272689 0.00363647 0.00464625 0.00576118 0.00699709 0.00833813 0.00978098 0.0113239 0.012981 0.0147082 0.0164993 0.0183621 0.0202593 0.0221625 0.0240713 0.0259611 0.0277966 0.0295521 0.0312007 0.0327401 0.0341119 0.035296 0.0362916 0.0370676 0.0375852 0.0378411 0.0378296 0.0375428 0.036958 0.0360742 0.0349218 0.0334824 0.0317546 0.0297445 0.0274787 0.0249608 0.0221758 0.0191384 0.0158738 0.0123874 0.00867417 0.00474302 0.000631655 -0.00361505 -0.00797959 -0.0123961 -0.0167742 -0.0209865 -0.0249069 -0.0284294 -0.031407 -0.0337261 -0.0353039 -0.0361335 -0.0362672 -0.0357697 -0.0347609 -0.0334057 -0.0319207 -0.0305329 -0.0294273 -0.0287464 -0.028578 -0.0289447 -0.0298037 -0.0310391 -0.0325065 -0.0340599 -0.035558 -0.0368809 -0.0379096 
0 0.00383543 0.00766382 0.0114507 0.015077 0.0184247 0.0213569 0.0237498 0.0254885 0.026436 0.0265201 0.0257347 0.0241813 0.0220425 0.0195161 0.0168242 0.0141791 0.0117799 0.00977831 0.00825065 0.00720973 0.00663404 0.00645411 0.00654969 0.0067706 0.00694816 0.00697558 0.00675369 0.00619938 0.00526982 0.00393597 0.00223574 0.000185761 -0.0021949 -0.00485972 -0.00775257 -0.0108137 -0.0140045 -0.0172761 -0.0205732 -0.0238255 -0.0270107 -0.0300872 -0.032998 -0.0357101 -0.0381899 -0.0404199 -0.0423638 -0.0439947 -0.0453011 -0.0462932 -0.0469385 -0.0472415 -0.0472287 -0.0468978 -0.0462643 -0.0453489 -0.0441839 -0.0427904 -0.0411991 -0.0394297 -0.0375349 -0.0355313 -0.0334438 -0.0313132 -0.0291741 -0.027039 -0.0249337 -0.0228977 -0.0209371 -0.0190631 -0.0172981 -0.0156643 -0.0141385 -0.0127407 -0.0114775 -0.0103362 -0.00930271 -0.00839951 -0.00760031 -0.00689123 -0.00627405 -0.00575035 -0.0052961 -0.00490617 -0.00457705 -0.00430485 -0.00407767 -0.00388953 -0.00373767 -0.0036142 -0.00351635 -0.00344062 -0.00338053 -0.00333106 -0.00329863 -0.0032714 -0.00324898 -0.00323445 -0.00322555 -0.003213 -0.00320862 -0.00320485 -0.00319888 -0.00319402 -0.00319301 -0.00318495 -0.0031771 -0.00316645 -0.00314957 -0.00312585 -0.00309524 -0.00304875 -0.00298765 -0.00291346 -0.00281612 -0.00268624 -0.002526 -0.00234148 -0.00210953 -0.00182299 -0.00148958 -0.00110496 -0.000638246 -0.000103861 0.000508499 0.00121763 0.0020318 0.00293546 0.00395988 0.00510574 0.00636859 0.00774602 0.00925591 0.0108798 0.0126046 0.0144354 0.0163636 0.0183562 0.0204016 0.0225001 0.0246071 0.0267066 0.0287787 0.0308021 0.0327395 0.0345697 0.036261 0.0378028 0.0391532 0.0402805 0.0411879 0.0418445 0.0422218 0.0423119 0.0421223 0.0416298 0.0408349 0.0397331 0.0383423 0.0366675 0.0346923 0.0324349 0.029912 0.0271246 0.0240577 0.0207284 0.0171414 0.0133105 0.0092268 0.00489102 0.000355082 -0.00436021 -0.00920834 -0.0141277 -0.0190144 -0.023722 -0.0281161 -0.0320526 -0.0353777 -0.0379518 -0.0396915 -0.040579 -0.0406721 -0.0400544 -0.0388623 -0.0373031 -0.0356105 -0.0340562 -0.0328494 -0.0321554 -0.0320839 -0.0326439 -0.0337959 -0.035393 -0.0372697 -0.0392565 -0.0411699 -0.0428761 -0.0442238 
0 0.0043213 0.00863318 0.012849 0.016884 0.0205641 0.0237498 0.0263014 0.0280541 0.0289033 0.0287424 0.0275886 0.0255627 0.0228459 0.0196971 0.0163574 0.0130804 0.0101024 0.00758559 0.00563547 0.00428235 0.00349021 0.00319246 0.00325314 0.0034943 0.00376474 0.00390251 0.00380775 0.00339551 0.00258454 0.00138271 -0.000220445 -0.00219572 -0.00451014 -0.00713717 -0.0100062 -0.0130664 -0.0162696 -0.0195715 -0.0228996 -0.0262234 -0.0294851 -0.0326475 -0.0356836 -0.0385224 -0.0411609 -0.0435626 -0.0456933 -0.0475304 -0.0490729 -0.050281 -0.0511659 -0.0517153 -0.0519129 -0.0518016 -0.0513615 -0.0506178 -0.0495959 -0.0483235 -0.0467956 -0.0450789 -0.0431819 -0.041138 -0.0389864 -0.0367574 -0.0344721 -0.0321608 -0.0298684 -0.0275973 -0.0253932 -0.0232688 -0.0212472 -0.0193151 -0.0175282 -0.0158644 -0.0143372 -0.0129439 -0.0116991 -0.0105604 -0.00955281 -0.00867233 -0.00790505 -0.00721916 -0.00662451 -0.00612282 -0.00569966 -0.00533246 -0.00501863 -0.0047667 -0.00455755 -0.00438686 -0.0042441 -0.00413546 -0.00404533 -0.00398102 -0.00392334 -0.00388574 -0.00385253 -0.00383253 -0.00381072 -0.00380267 -0.00378809 -0.00378308 -0.00377346 -0.00376976 -0.00375661 -0.00374892 -0.00373043 -0.00371372 -0.0036816 -0.00363976 -0.00358404 -0.00352137 -0.00342703 -0.00330311 -0.00315607 -0.0029846 -0.00276708 -0.00248869 -0.00216695 -0.00179888 -0.00136152 -0.000829925 -0.000232954 0.000460215 0.00125351 0.00215806 0.00316196 0.00431196 0.0055782 0.0069748 0.00849078 0.0101483 0.0119136 0.0138009 0.0157912 0.0178692 0.020011 0.0222148 0.0244512 0.0266903 0.0289367 0.0311313 0.0332617 0.0353066 0.0372378 0.0390056 0.0406292 0.0420465 0.043243 0.0442083 0.0449099 0.0453442 0.0454975 0.0453578 0.0449224 0.0442078 0.0431763 0.0418623 0.0402646 0.0383818 0.0362243 0.0337917 0.0310954 0.0281331 0.0249024 0.0213854 0.0176131 0.0135638 0.00923658 0.00465215 -0.000186993 -0.00522028 -0.0104178 -0.015708 -0.020962 -0.0260453 -0.0307924 -0.0350328 -0.0386074 -0.0413569 -0.0431852 -0.0440886 -0.0440973 -0.0433336 -0.0419548 -0.0401751 -0.0382965 -0.0365726 -0.0352745 -0.0345849 -0.0345995 -0.0353754 -0.0368089 -0.0387775 -0.0410779 -0.043491 -0.0458498 -0.0479342 -0.0496235 
0 0.004721 0.00939019 0.0139584 0.0182602 0.0221663 0.0254885 0.0280541 0.0297249 0.0303331 0.0298315 0.0282183 0.0256285 0.0222873 0.0184518 0.0144326 0.0104991 0.00692072 0.00387708 0.00150279 -0.000172577 -0.00117068 -0.00156826 -0.00154137 -0.00121893 -0.000835302 -0.000516399 -0.000401957 -0.000621194 -0.00118379 -0.00217861 -0.00356071 -0.0053281 -0.00745739 -0.00988888 -0.0125845 -0.0154971 -0.0185635 -0.021732 -0.0249774 -0.0282015 -0.0314184 -0.034543 -0.0375531 -0.0404338 -0.0431222 -0.0456142 -0.04787 -0.0498773 -0.0515919 -0.053029 -0.0541419 -0.0549505 -0.0554337 -0.0555909 -0.0554225 -0.0549445 -0.0541637 -0.0530791 -0.051762 -0.0501899 -0.0484043 -0.046439 -0.044327 -0.0420662 -0.0397443 -0.037355 -0.0349344 -0.0325222 -0.030132 -0.0277862 -0.0255269 -0.0233695 -0.0213159 -0.0193958 -0.0175977 -0.0159491 -0.0144343 -0.0130775 -0.0118559 -0.0107621 -0.00977175 -0.00893215 -0.00819696 -0.00755014 -0.00697875 -0.00650971 -0.00610823 -0.00577235 -0.00547707 -0.00524578 -0.00505542 -0.00489961 -0.00476927 -0.00467727 -0.00459403 -0.0045352 -0.00449139 -0.00445574 -0.00442404 -0.00441158 -0.004391 -0.00437679 -0.00436635 -0.00435385 -0.00433209 -0.00431974 -0.00428793 -0.00424841 -0.0042001 -0.00414313 -0.00405108 -0.00394119 -0.00380166 -0.00364709 -0.00343508 -0.00317277 -0.00286486 -0.00252502 -0.0020944 -0.00159061 -0.00100043 -0.00033865 0.000432656 0.00131144 0.00231735 0.00343327 0.00469763 0.00608149 0.00759206 0.00925005 0.0110424 0.0129429 0.0149649 0.017085 0.0192699 0.0215461 0.0238565 0.0261941 0.0285335 0.0308546 0.0331011 0.0352967 0.0373785 0.0393322 0.0411274 0.042748 0.0441548 0.0453301 0.0462784 0.0469546 0.0473759 0.0475156 0.0473789 0.0469501 0.046259 0.0452642 0.0440174 0.0425047 0.0407135 0.0386934 0.0363968 0.0338595 0.0310691 0.0280207 0.0247053 0.0211347 0.0172675 0.013127 0.00869539 0.00395318 -0.00103225 -0.00629111 -0.0117165 -0.0172528 -0.0227786 -0.0281143 -0.0331152 -0.0375622 -0.0412942 -0.0441364 -0.0460002 -0.0468486 -0.046739 -0.0457911 -0.0441795 -0.0421827 -0.0400665 -0.0381736 -0.0367593 -0.0360345 -0.0361429 -0.0370695 -0.0387791 -0.0410776 -0.0437595 -0.0466049 -0.0493511 -0.0518298 -0.0538371 
0 0.00499033 0.00992101 0.0146761 0.0191398 0.0231201 0.026436 0.0289033 0.0303331 0.0306079 0.0296488 0.0274919 0.0242869 0.0202563 0.0157146 0.0109888 0.00639003 0.00221364 -0.00134371 -0.00413434 -0.0060971 -0.0072772 -0.00775302 -0.00769989 -0.00729566 -0.00672489 -0.00618653 -0.0058156 -0.00573148 -0.0060021 -0.00665768 -0.00772103 -0.00917571 -0.0109843 -0.0131093 -0.0155068 -0.0181314 -0.0209238 -0.023839 -0.0268251 -0.0298574 -0.0328887 -0.035859 -0.0387718 -0.0415705 -0.0442311 -0.0467297 -0.0490312 -0.0511318 -0.0530127 -0.054619 -0.0559683 -0.0570489 -0.0578019 -0.0582671 -0.0584174 -0.0582608 -0.0577985 -0.0570344 -0.0559779 -0.0546675 -0.0530921 -0.0512973 -0.0493271 -0.0471835 -0.0449032 -0.0425148 -0.0400718 -0.0375716 -0.0350665 -0.0325917 -0.0301681 -0.0277729 -0.0255012 -0.02334 -0.021286 -0.0193747 -0.0176283 -0.0159913 -0.0145079 -0.0131946 -0.0120183 -0.0109563 -0.0100183 -0.0092105 -0.00851161 -0.0079005 -0.00736889 -0.00692924 -0.00654967 -0.00623937 -0.00597666 -0.0057601 -0.00558163 -0.00545376 -0.00533105 -0.00524567 -0.00518123 -0.00512895 -0.00507877 -0.00506104 -0.00502634 -0.00500321 -0.00498501 -0.0049652 -0.00492504 -0.00490037 -0.0048508 -0.00479131 -0.00471225 -0.00461376 -0.00448138 -0.00433562 -0.00413724 -0.00389158 -0.00360382 -0.00327548 -0.00287209 -0.00237892 -0.00181456 -0.0011858 -0.000441637 0.000433507 0.00139651 0.00249593 0.00373788 0.00509842 0.00658881 0.00825674 0.0100342 0.0119384 0.0139629 0.0161044 0.0183195 0.0206244 0.0229875 0.0253857 0.0277711 0.0301615 0.0325171 0.0347865 0.0369798 0.0390542 0.0409688 0.0427117 0.0442645 0.0455906 0.0467086 0.0475539 0.0481513 0.0484968 0.0485538 0.0483427 0.0478817 0.0471532 0.0461708 0.0449456 0.043473 0.0417829 0.0398501 0.0376962 0.0353294 0.0327419 0.0299233 0.0268647 0.0235633 0.019992 0.0161387 0.011982 0.00751496 0.00274533 -0.00233442 -0.00768871 -0.013251 -0.0189455 -0.024625 -0.0301407 -0.0352956 -0.0398644 -0.0436712 -0.0465321 -0.048348 -0.0490916 -0.0487951 -0.0476123 -0.0457445 -0.0434642 -0.0411087 -0.0389858 -0.0374135 -0.0366193 -0.0367231 -0.0377732 -0.0396542 -0.0422172 -0.045223 -0.0483985 -0.0515147 -0.0543 -0.0566014 
0 0.0051213 0.0101465 0.014966 0.0194238 0.0233445 0.0265201 0.0287424 0.0298315 0.0296488 0.0281534 0.0253883 0.0215128 0.0167787 0.0115137 0.0060869 0.000838281 -0.00391962 -0.00797199 -0.0111483 -0.0133869 -0.0147171 -0.015235 -0.0151346 -0.0145737 -0.0137831 -0.0129503 -0.0122449 -0.0118117 -0.0116885 -0.0119539 -0.0126118 -0.0136592 -0.0150631 -0.0167719 -0.0187604 -0.0209947 -0.0234084 -0.0259534 -0.0286083 -0.0313179 -0.03407 -0.036788 -0.039476 -0.0421158 -0.0446582 -0.0470877 -0.0493758 -0.0515225 -0.0534819 -0.0552334 -0.0567643 -0.058078 -0.0591204 -0.0598955 -0.060385 -0.0605907 -0.0604929 -0.0600772 -0.0593929 -0.0584218 -0.0571616 -0.0556515 -0.0539244 -0.0519636 -0.0498393 -0.0475639 -0.0451788 -0.0427 -0.0401606 -0.0376001 -0.035053 -0.0325232 -0.0300658 -0.0276962 -0.0254054 -0.0232454 -0.0212262 -0.0193443 -0.0176124 -0.0160386 -0.0145958 -0.0133174 -0.012182 -0.0111773 -0.0102823 -0.00951324 -0.008848 -0.00828239 -0.00778068 -0.00737114 -0.00702688 -0.00673495 -0.00649102 -0.00630905 -0.00614131 -0.00601725 -0.0059244 -0.0058442 -0.00577347 -0.00573868 -0.00568949 -0.00564938 -0.00561867 -0.00558093 -0.00552288 -0.00547789 -0.00540043 -0.00530352 -0.00518972 -0.00505167 -0.00485896 -0.0046405 -0.0043719 -0.0040568 -0.00366635 -0.00320978 -0.00267634 -0.00206561 -0.00134137 -0.000518625 0.000432202 0.00150181 0.00269417 0.00403261 0.00552832 0.00714383 0.00890683 0.0108131 0.012824 0.0149569 0.0172006 0.0195209 0.0218975 0.0243217 0.0267574 0.0292037 0.0315977 0.0339478 0.0362168 0.0383573 0.0403476 0.0421983 0.043845 0.0452792 0.0464925 0.047467 0.0481892 0.0486352 0.0488405 0.0487885 0.0484751 0.0479061 0.0471121 0.0460781 0.0448261 0.0433482 0.0416881 0.0398456 0.0377937 0.0355751 0.0331687 0.030581 0.0277831 0.0247633 0.021517 0.018023 0.0142278 0.0101274 0.00570438 0.000942366 -0.00414016 -0.00955141 -0.0151839 -0.0209592 -0.0267371 -0.0323372 -0.0375672 -0.0421717 -0.0459653 -0.0487652 -0.0504671 -0.0510282 -0.0504932 -0.0490182 -0.0468286 -0.0442321 -0.0415573 -0.0391618 -0.0373631 -0.0364103 -0.0364498 -0.037497 -0.0394693 -0.0421811 -0.045389 -0.0488107 -0.0521575 -0.0551776 -0.0576732 
0 0.00510646 0.0100877 0.014817 0.0191278 0.0228401 0.0257347 0.0275886 0.0282183 0.0274919 0.0253883 0.0219681 0.0174012 0.0119568 0.00598069 -0.000127895 -0.00600031 -0.0113101 -0.0158202 -0.0193508 -0.0218251 -0.0232709 -0.0237992 -0.0236064 -0.0228648 -0.0218076 -0.0206411 -0.0195548 -0.018701 -0.0181292 -0.0179232 -0.0181024 -0.0186706 -0.0195951 -0.0208238 -0.0223403 -0.024111 -0.0260736 -0.0281779 -0.0304101 -0.0327296 -0.0351195 -0.0375148 -0.0399171 -0.0423197 -0.0446723 -0.0469589 -0.0491582 -0.0512755 -0.0532641 -0.0550992 -0.0567698 -0.0582714 -0.0595526 -0.0606024 -0.0614125 -0.0619733 -0.0622577 -0.0622396 -0.0619571 -0.0613813 -0.0605032 -0.0593532 -0.0579583 -0.0562997 -0.0544242 -0.0523522 -0.0501187 -0.0477436 -0.0452585 -0.042713 -0.0401262 -0.0375111 -0.0349243 -0.032395 -0.0299146 -0.0275405 -0.0252837 -0.0231457 -0.021147 -0.0193138 -0.0176219 -0.0160899 -0.0147088 -0.013481 -0.012387 -0.0114282 -0.0105904 -0.00986829 -0.00923391 -0.00870311 -0.00825302 -0.00786509 -0.0075433 -0.00729006 -0.00706516 -0.00688853 -0.00675515 -0.00663749 -0.00653892 -0.00647497 -0.00640434 -0.00633963 -0.00628804 -0.00622362 -0.00613942 -0.00605966 -0.0059482 -0.00580552 -0.00563978 -0.00543818 -0.00517938 -0.00488081 -0.00451853 -0.00408936 -0.00358124 -0.00299409 -0.00230484 -0.00151121 -0.000596943 0.00042899 0.00160248 0.00291382 0.00436053 0.00595668 0.00770866 0.00957411 0.011582 0.0137219 0.0159516 0.0182682 0.0206685 0.0231096 0.0255722 0.0280428 0.030488 0.032885 0.0351824 0.0373841 0.0394558 0.0413527 0.0430567 0.0445786 0.0458579 0.0468923 0.0476839 0.048231 0.0485166 0.0485351 0.048321 0.0478674 0.0471701 0.0462455 0.0451314 0.0438178 0.0423229 0.0406446 0.0388296 0.0368696 0.0347429 0.0324843 0.0300828 0.027532 0.0247948 0.0218554 0.0187015 0.0153034 0.0115947 0.00756695 0.00320333 -0.00151526 -0.00658045 -0.0119944 -0.0176481 -0.023449 -0.0292543 -0.0348778 -0.0401049 -0.0446719 -0.0483764 -0.0510391 -0.0525507 -0.0528603 -0.0520195 -0.0501922 -0.0476286 -0.044653 -0.0416057 -0.0388618 -0.0367546 -0.0355488 -0.0353979 -0.0363173 -0.0382269 -0.0409377 -0.0441995 -0.0477137 -0.051167 -0.0542939 -0.0568862 
0 0.00495716 0.00977173 0.0142714 0.0183154 0.0216899 0.0241813 0.0255627 0.0256285 0.0242869 0.0215128 0.0174012 0.012134 0.00598458 -0.000674075 -0.00742935 -0.0138842 -0.0197032 -0.0246247 -0.0284746 -0.0311456 -0.0326778 -0.0331915 -0.0328635 -0.0319203 -0.0305499 -0.0290142 -0.0275099 -0.0261784 -0.0251297 -0.0244009 -0.0240632 -0.0241121 -0.0245119 -0.0252247 -0.0262337 -0.0275025 -0.0289789 -0.0306195 -0.0323819 -0.0342828 -0.0362551 -0.0382719 -0.0403361 -0.0424287 -0.0445294 -0.0466085 -0.0486557 -0.050665 -0.0526217 -0.0544576 -0.0562023 -0.057829 -0.0592876 -0.0605686 -0.061661 -0.0625409 -0.0631782 -0.0635632 -0.0636774 -0.0635316 -0.0630821 -0.0623503 -0.0613459 -0.060075 -0.0585277 -0.0567514 -0.0547736 -0.0525949 -0.0502537 -0.047807 -0.0452672 -0.0426384 -0.040005 -0.0373759 -0.034762 -0.0322063 -0.0297579 -0.0273868 -0.0251399 -0.0230428 -0.0211031 -0.0192975 -0.0176563 -0.0161795 -0.0148626 -0.0136796 -0.0126427 -0.0117358 -0.0109462 -0.0102656 -0.00968609 -0.00918335 -0.00876564 -0.00842049 -0.00812346 -0.00788037 -0.00769 -0.00752338 -0.00738513 -0.0072786 -0.0071755 -0.00707669 -0.00698997 -0.00688844 -0.00676805 -0.00663806 -0.0064784 -0.00627805 -0.00604586 -0.00576062 -0.00541783 -0.00501755 -0.00454383 -0.00397229 -0.00331957 -0.00256935 -0.00169985 -0.000687388 0.000439272 0.00170057 0.00311783 0.00469599 0.00639309 0.00824966 0.0102476 0.0123572 0.0145714 0.0169106 0.0193064 0.0217501 0.0242397 0.0267402 0.0292022 0.0316247 0.0339859 0.0362243 0.0383238 0.0402761 0.0420489 0.0435891 0.0449238 0.0460187 0.04686 0.0474397 0.0477707 0.0478489 0.0476829 0.0472616 0.0466193 0.0457831 0.0447162 0.0434693 0.0420671 0.0405121 0.0388019 0.0369754 0.035037 0.0330014 0.0308515 0.0285827 0.0262283 0.0237357 0.0210786 0.0182339 0.0151866 0.011883 0.00827793 0.00433017 3.04839e-05 -0.00462165 -0.00967086 -0.0150541 -0.0207052 -0.0264985 -0.0322772 -0.037876 -0.0430302 -0.0474951 -0.0510441 -0.0535035 -0.0547582 -0.0547569 -0.053547 -0.0513073 -0.0483104 -0.0448768 -0.0413884 -0.0381989 -0.0356794 -0.0341054 -0.0336178 -0.0342731 -0.0359522 -0.0385014 -0.041655 -0.0450872 -0.0485042 -0.0515843 -0.0541543 
0 0.00471993 0.0092542 0.0134497 0.0171078 0.0200512 0.0220425 0.0228459 0.0222873 0.0202563 0.0167787 0.0119568 0.00598458 -0.000844269 -0.00815304 -0.0155114 -0.0224988 -0.028773 -0.0340657 -0.0381725 -0.0410167 -0.0425998 -0.0430649 -0.0426072 -0.041414 -0.0397458 -0.0378183 -0.0358695 -0.0340686 -0.0324945 -0.0312477 -0.0303702 -0.0298781 -0.0297465 -0.0299358 -0.0304209 -0.0311888 -0.0321755 -0.0333268 -0.0346473 -0.0360871 -0.0376388 -0.0392629 -0.0409399 -0.0426958 -0.0444926 -0.0463023 -0.0481349 -0.0499848 -0.0518024 -0.0535952 -0.0553266 -0.0569919 -0.0585719 -0.0600138 -0.0613179 -0.0624678 -0.0634189 -0.0641391 -0.0646567 -0.0649149 -0.064901 -0.0646147 -0.0640545 -0.0631939 -0.0620601 -0.0606671 -0.0590141 -0.0571337 -0.0550432 -0.0527735 -0.0503509 -0.0478313 -0.0452174 -0.0425615 -0.039882 -0.0372224 -0.034593 -0.0320525 -0.0296036 -0.0272654 -0.0250433 -0.0229869 -0.0210928 -0.0193526 -0.0177595 -0.0163393 -0.0150825 -0.0139655 -0.0129782 -0.0121243 -0.0113903 -0.0107533 -0.0102122 -0.00975355 -0.00936712 -0.00904085 -0.00877362 -0.00854238 -0.00835001 -0.00818313 -0.00803392 -0.00788759 -0.00774836 -0.00759404 -0.00742486 -0.00723098 -0.00700304 -0.00672641 -0.00640865 -0.00603193 -0.00557659 -0.00503997 -0.00442542 -0.0037133 -0.0028743 -0.00191021 -0.000822817 0.000392053 0.00177006 0.00330375 0.0049855 0.00679504 0.00876212 0.0108575 0.0130733 0.0153842 0.0177943 0.0202466 0.022744 0.0252572 0.0277643 0.0302169 0.032604 0.0348817 0.0370284 0.0390208 0.040823 0.0424186 0.0437903 0.0449177 0.0457745 0.0464001 0.0467591 0.0468492 0.0466967 0.046319 0.0456842 0.0448413 0.0438127 0.0425931 0.0412169 0.0396863 0.0380374 0.036286 0.0344292 0.0324787 0.0304863 0.0284164 0.0262636 0.0240461 0.021735 0.0193229 0.016754 0.0140028 0.0110519 0.00784991 0.00432489 0.000457423 -0.00377022 -0.00838766 -0.0133812 -0.018746 -0.0243642 -0.0301096 -0.0358463 -0.0413501 -0.0463928 -0.0506955 -0.0540293 -0.0562308 -0.0571684 -0.0567913 -0.0551585 -0.0524466 -0.0489419 -0.0449961 -0.040966 -0.0372574 -0.0342192 -0.0321395 -0.0311978 -0.0313993 -0.0326995 -0.0349017 -0.0377578 -0.0409636 -0.0441529 -0.0470748 -0.0494909 
0 0.00441297 0.00862395 0.0124296 0.0156569 0.0180942 0.0195161 0.0196971 0.0184518 0.0157146 0.0115137 0.00598069 -0.000674075 -0.00815304 -0.0160684 -0.0239758 -0.03145 -0.0381365 -0.0437399 -0.0480868 -0.0510521 -0.0526738 -0.0530899 -0.0524646 -0.0510648 -0.049075 -0.046783 -0.0444173 -0.0421267 -0.0400747 -0.0382982 -0.0368968 -0.0358803 -0.0352234 -0.0349025 -0.0348963 -0.0351669 -0.0356738 -0.0363763 -0.0372236 -0.0382468 -0.0393678 -0.040594 -0.041906 -0.0432971 -0.044762 -0.0462725 -0.04784 -0.0494435 -0.0510995 -0.0527463 -0.0544085 -0.0560514 -0.057653 -0.0591768 -0.0606289 -0.0619643 -0.0631553 -0.0642005 -0.0650327 -0.0656681 -0.0660625 -0.0662049 -0.0660751 -0.0656959 -0.0650001 -0.0640333 -0.062788 -0.061271 -0.0595016 -0.0575226 -0.0553381 -0.0529707 -0.0504726 -0.0478723 -0.0452078 -0.0424962 -0.0398022 -0.037114 -0.0344798 -0.0319339 -0.0295232 -0.0272026 -0.0250291 -0.023011 -0.0211774 -0.0194887 -0.0179707 -0.0166033 -0.0154134 -0.0143519 -0.0134299 -0.0126246 -0.0119424 -0.0113435 -0.0108456 -0.0104116 -0.0100478 -0.00973183 -0.00946709 -0.0092186 -0.0090048 -0.00879176 -0.0085833 -0.00835773 -0.00812114 -0.00783819 -0.00753064 -0.00716161 -0.00673283 -0.00622175 -0.00564655 -0.00496052 -0.00417186 -0.00324538 -0.0022136 -0.00103981 0.000285326 0.00179056 0.00341125 0.00518857 0.00711649 0.00919791 0.0113827 0.0136909 0.0160794 0.018542 0.0210432 0.0235838 0.0261131 0.0285912 0.031008 0.033333 0.0355192 0.0375479 0.0394141 0.0410351 0.0424395 0.0435982 0.0445018 0.0451293 0.0455182 0.0456209 0.0454789 0.0450831 0.0444545 0.0436159 0.0425745 0.0413492 0.0399584 0.0384429 0.0367793 0.035029 0.033196 0.0313095 0.0293501 0.0273647 0.0253372 0.0232709 0.0211645 0.0189782 0.0167508 0.0144084 0.0119255 0.00926847 0.00640581 0.00327261 -0.000168475 -0.00397631 -0.00815687 -0.0127103 -0.017688 -0.0229902 -0.0285676 -0.0342569 -0.0398915 -0.0452914 -0.0501556 -0.0542497 -0.0573193 -0.0591952 -0.0597577 -0.0589473 -0.0568289 -0.0535909 -0.0495295 -0.0449899 -0.0403679 -0.0360409 -0.0323919 -0.0297078 -0.0281527 -0.0277874 -0.0285246 -0.0302228 -0.0326252 -0.0354089 -0.0382548 -0.0408504 -0.0430123 
0 0.00407829 0.00792134 0.0113261 0.0140815 0.0159924 0.0168242 0.0163574 0.0144326 0.0109888 0.0060869 -0.000127895 -0.00742935 -0.0155114 -0.0239758 -0.0323845 -0.0402946 -0.0473434 -0.0532403 -0.0577812 -0.0608783 -0.0625368 -0.0629036 -0.0621582 -0.0605338 -0.0582749 -0.0556341 -0.0528662 -0.0501453 -0.0476242 -0.045382 -0.0435001 -0.0419977 -0.0408584 -0.0400708 -0.0395901 -0.0394064 -0.0394684 -0.0397331 -0.0401828 -0.040788 -0.0415173 -0.0423675 -0.0433044 -0.0443392 -0.0454699 -0.0466629 -0.0479482 -0.0492987 -0.0507076 -0.0521784 -0.0536877 -0.055222 -0.0567834 -0.0583239 -0.0598352 -0.0612897 -0.0626491 -0.0639025 -0.0650135 -0.0659612 -0.0667191 -0.0672608 -0.0675573 -0.0675979 -0.0673604 -0.0668557 -0.0660513 -0.0649644 -0.0636045 -0.061964 -0.0600722 -0.0579856 -0.0556934 -0.0532334 -0.0506618 -0.0479886 -0.0452523 -0.0425105 -0.039785 -0.037085 -0.0344519 -0.03192 -0.0295244 -0.027251 -0.0251228 -0.023164 -0.0213821 -0.0197574 -0.0183109 -0.0170147 -0.0158743 -0.0148812 -0.0140166 -0.0132523 -0.0126118 -0.0120507 -0.0115601 -0.0111387 -0.0107731 -0.0104247 -0.0101197 -0.00982163 -0.00951531 -0.00920035 -0.00887247 -0.00848614 -0.00806295 -0.00757802 -0.00701502 -0.00636198 -0.00561476 -0.00473688 -0.00375044 -0.00262748 -0.00134572 9.48924e-05 0.00166998 0.0034013 0.00528967 0.00733545 0.00949759 0.0117671 0.0141485 0.0166092 0.0191128 0.0216628 0.0242104 0.0267059 0.0291582 0.0315226 0.0337525 0.0358299 0.037726 0.0393967 0.040843 0.0420367 0.0429776 0.0436423 0.0440338 0.0441566 0.0440146 0.0436158 0.0429915 0.0421336 0.0410735 0.0398336 0.0384122 0.0368599 0.0351895 0.033415 0.0315728 0.0296719 0.0277202 0.0257569 0.0237567 0.0217509 0.0197434 0.0177101 0.0156542 0.0135518 0.0113824 0.00911925 0.00671448 0.00413178 0.00134463 -0.0017187 -0.00509569 -0.00884013 -0.0129667 -0.017492 -0.0224204 -0.0276887 -0.0332077 -0.0388126 -0.0443435 -0.0495674 -0.0542229 -0.0580459 -0.0607904 -0.0622922 -0.0624159 -0.0611202 -0.0584683 -0.0546547 -0.0499811 -0.0448081 -0.0395219 -0.0345258 -0.03019 -0.0268029 -0.0245537 -0.0234789 -0.0235444 -0.024592 -0.0263841 -0.0286231 -0.0309569 -0.0331281 -0.0349199 
0 0.00375178 0.00724218 0.0102499 0.0125455 0.0139326 0.0141791 0.0130804 0.0104991 0.00639003 0.000838281 -0.00600031 -0.0138842 -0.0224988 -0.03145 -0.0402946 -0.0485935 -0.0559714 -0.0621298 -0.0668659 -0.0700871 -0.0718041 -0.072153 -0.0713119 -0.0695233 -0.0670356 -0.0641094 -0.0610015 -0.0578965 -0.0549684 -0.052307 -0.0499951 -0.0480613 -0.0464963 -0.0452974 -0.0444167 -0.0438327 -0.0435033 -0.0433897 -0.0434673 -0.0437062 -0.0440784 -0.0445868 -0.0451965 -0.0459062 -0.0467162 -0.0476062 -0.0485994 -0.0496687 -0.050824 -0.0520729 -0.0533918 -0.0547681 -0.0562056 -0.0576714 -0.05916 -0.0606381 -0.0620835 -0.0634876 -0.0647889 -0.0659719 -0.067019 -0.067891 -0.0685573 -0.0690104 -0.0692103 -0.0691521 -0.0687985 -0.0681613 -0.0672441 -0.0660271 -0.0645253 -0.0627782 -0.0607716 -0.0585459 -0.0561586 -0.0536141 -0.0509508 -0.048215 -0.0454369 -0.0426495 -0.0398982 -0.037196 -0.0345824 -0.0320692 -0.0296965 -0.0274762 -0.0254102 -0.0235027 -0.0217925 -0.0202384 -0.0188474 -0.0176265 -0.0165513 -0.015591 -0.0147762 -0.0140536 -0.0134097 -0.0128525 -0.0123589 -0.0118829 -0.0114597 -0.0110477 -0.0106216 -0.0101887 -0.00974017 -0.0092215 -0.00866166 -0.00803035 -0.00729641 -0.0064597 -0.00552411 -0.00443386 -0.00320717 -0.00183521 -0.000308469 0.00138167 0.00322033 0.00521666 0.00734044 0.00959279 0.0119485 0.0143936 0.0169098 0.0194592 0.0220029 0.0245442 0.0270312 0.0294171 0.0317009 0.0338278 0.0357559 0.0374829 0.0389839 0.0402206 0.041198 0.0418912 0.0423141 0.0424524 0.0423176 0.0419327 0.0413018 0.040421 0.0393422 0.0380667 0.0366175 0.0350309 0.0333177 0.0315169 0.0296371 0.0276948 0.0257271 0.0237427 0.0217401 0.019757 0.0177724 0.0158028 0.0138381 0.0118614 0.00987666 0.00785127 0.00576219 0.00358175 0.00126384 -0.00123345 -0.00395166 -0.00695667 -0.0102794 -0.0139778 -0.0180666 -0.0225578 -0.0274451 -0.0326539 -0.0380951 -0.0435958 -0.048976 -0.0539962 -0.0583874 -0.0618898 -0.0642593 -0.0653244 -0.0649608 -0.063132 -0.0599113 -0.055496 -0.0501864 -0.0443538 -0.0383841 -0.0326834 -0.0276174 -0.02347 -0.0204383 -0.0185686 -0.0178457 -0.0181277 -0.0191929 -0.0207604 -0.0224914 -0.024142 -0.0255035 
0 0.00345824 0.00663672 0.00928399 0.0111666 0.0120725 0.0117799 0.0101024 0.00692072 0.00221364 -0.00391962 -0.0113101 -0.0197032 -0.028773 -0.0381365 -0.0473434 -0.0559714 -0.0636369 -0.0700259 -0.0749568 -0.0783105 -0.0801203 -0.0804997 -0.0796101 -0.0777233 -0.0750613 -0.0719169 -0.0685373 -0.0651143 -0.0618578 -0.0588531 -0.0561932 -0.0539067 -0.0519945 -0.0504531 -0.0492482 -0.0483322 -0.0476798 -0.0472648 -0.0470309 -0.0469723 -0.0470379 -0.0472433 -0.0475612 -0.0479739 -0.0484878 -0.0491028 -0.0498271 -0.0506237 -0.0515307 -0.0525304 -0.0536273 -0.0548035 -0.0560657 -0.0574006 -0.0588034 -0.060228 -0.0616685 -0.0631338 -0.0645337 -0.0658779 -0.0671415 -0.068281 -0.0692468 -0.0700511 -0.0706338 -0.0709906 -0.0710804 -0.0709013 -0.0704412 -0.0696739 -0.0686105 -0.0672666 -0.0656381 -0.063739 -0.0616244 -0.0592869 -0.056787 -0.0541478 -0.0514152 -0.0486101 -0.0457965 -0.0429782 -0.0402145 -0.0375082 -0.0349168 -0.0324461 -0.0301142 -0.0279297 -0.0259433 -0.0241075 -0.0224444 -0.0209655 -0.019647 -0.0184561 -0.0174295 -0.0165101 -0.0156817 -0.0149533 -0.0142975 -0.0136651 -0.0130915 -0.0125322 -0.0119569 -0.0113744 -0.010772 -0.0100882 -0.00935495 -0.00853996 -0.00760609 -0.00654996 -0.00538554 -0.004052 -0.00257341 -0.000938875 0.000847796 0.00279648 0.00487471 0.00710197 0.0094284 0.0118605 0.0143576 0.0169123 0.0194774 0.0220389 0.0245427 0.0269889 0.0293064 0.0314736 0.0334719 0.0352602 0.0368 0.0380969 0.0391228 0.0398567 0.0403166 0.0404794 0.0403807 0.04 0.0393586 0.0384823 0.0373992 0.0360816 0.0346149 0.0329998 0.0312449 0.0293908 0.0274688 0.025496 0.0234816 0.0214606 0.0194384 0.0174415 0.0154447 0.0134829 0.0115445 0.00964018 0.00773805 0.00584433 0.00395733 0.00202012 3.13602e-05 -0.00206426 -0.00429112 -0.00670018 -0.00934826 -0.012288 -0.0155461 -0.0191878 -0.0232308 -0.0276706 -0.0325086 -0.0376332 -0.0429726 -0.0483398 -0.0535223 -0.0583 -0.0623744 -0.0655139 -0.0674701 -0.0680623 -0.0671882 -0.0648072 -0.0610099 -0.0559905 -0.0500439 -0.0435437 -0.0368843 -0.0304615 -0.0246421 -0.0197053 -0.0158428 -0.0131344 -0.0115577 -0.0110062 -0.0112711 -0.0120814 -0.0131457 -0.0142077 -0.0150972 
0 0.00323664 0.00616877 0.008529 0.0100604 0.0105477 0.00977831 0.00758559 0.00387708 -0.00134371 -0.00797199 -0.0158202 -0.0246247 -0.0340657 -0.0437399 -0.0532403 -0.0621298 -0.0700259 -0.076637 -0.0817274 -0.0852437 -0.0871689 -0.0876123 -0.0867629 -0.0848192 -0.0820897 -0.0788091 -0.0752389 -0.0716068 -0.0680869 -0.0648283 -0.0618971 -0.0593335 -0.0571482 -0.0553579 -0.053894 -0.0527405 -0.0518512 -0.0511873 -0.0507442 -0.0504331 -0.0502677 -0.0502366 -0.0503138 -0.0504817 -0.0507526 -0.0511179 -0.0515914 -0.0521592 -0.0528007 -0.0535802 -0.0544475 -0.0554045 -0.0564638 -0.0576337 -0.058876 -0.0601908 -0.0615686 -0.0629879 -0.0644266 -0.0658403 -0.0672299 -0.0685474 -0.0697662 -0.070828 -0.0717511 -0.0724779 -0.0729672 -0.0732135 -0.07322 -0.0729098 -0.0722995 -0.071421 -0.0702253 -0.0687228 -0.0669607 -0.0649493 -0.0626812 -0.0602382 -0.0576447 -0.0549277 -0.0520999 -0.0492536 -0.0464061 -0.0435784 -0.0407907 -0.0381192 -0.0355472 -0.033115 -0.030837 -0.0287238 -0.0267692 -0.0250152 -0.0234115 -0.0219653 -0.0206806 -0.019532 -0.0184757 -0.0175422 -0.0166787 -0.0158628 -0.0150951 -0.014357 -0.0135915 -0.0128272 -0.0120236 -0.0111471 -0.0101905 -0.00915432 -0.0079782 -0.00668454 -0.00524595 -0.00365035 -0.00190048 -2.27473e-05 0.00203485 0.00422506 0.00652245 0.00891245 0.0114193 0.0139728 0.016546 0.0191125 0.0216736 0.0241426 0.0265056 0.0287478 0.0308116 0.0326393 0.034262 0.0356366 0.0367062 0.0375051 0.0380249 0.0382363 0.0381473 0.0378104 0.0371922 0.0363183 0.0352114 0.0339172 0.032416 0.0307623 0.0289828 0.0271005 0.0251363 0.0231113 0.0210601 0.0190051 0.0169491 0.0148892 0.0128975 0.0109218 0.00897667 0.00708285 0.00523376 0.0034153 0.00162061 -0.000166791 -0.00195269 -0.00375611 -0.00565717 -0.00763508 -0.00975677 -0.0120734 -0.0146336 -0.0174967 -0.0206878 -0.0242569 -0.0282311 -0.0326166 -0.0373449 -0.0423728 -0.0475597 -0.0527402 -0.057707 -0.0621719 -0.0659162 -0.0686529 -0.0701645 -0.070278 -0.0688685 -0.0659438 -0.0615771 -0.0559716 -0.0494186 -0.0422854 -0.0349648 -0.0278536 -0.0212958 -0.0155687 -0.010876 -0.00729125 -0.00483877 -0.00340615 -0.00281791 -0.00284158 -0.00318662 -0.00365656 -0.00406218 
