0 0 0 0 0 0 0 0 0 0 0 0 0 0 0 0 0 0 0 0 0 0 0 0 0 0 0 0 0 0 0 0 0 0 0 0 0 0 0 0 0 0 0 0 0 0 0 0 0 0 0 0 0 0 0 0 0 0 0 0 0 0 0 0 0 0 0 0 0 0 0 0 0 0 0 0 0 0 0 0 0 0 0 0 0 0 0 0 0 0 0 0 0 0 0 0 0 0 0 0 0 0 0 0 0 0 0 0 0 0 0 0 0 0 0 0 0 0 0 0 0 0 0 0 0 0 0 0 0 0 0 0 0 0 0 0 0 0 0 0 0 0 0 0 0 0 0 0 0 0 0 0 0 0 0 0 0 0 0 0 0 0 0 0 0 0 0 0 0 0 0 0 0 0 0 0 0 0 0 0 0 0 0 0 0 0 0 0 0 0 0 0 0 0 0 0 0 0 0 0 
0 0.000176868 0.000360089 0.000537192 0.00073271 0.0009304 0.0011503 0.00139305 0.00165002 0.00194321 0.00224753 0.00256995 0.00287872 0.00313919 0.0033482 0.00346607 0.00349392 0.0034034 0.00318147 0.00286443 0.00246473 0.00203826 0.00161554 0.00123056 0.000944134 0.000766778 0.000723918 0.000816291 0.00103948 0.00139216 0.00183628 0.0023379 0.00287143 0.00341038 0.00391945 0.00438026 0.00476699 0.00508289 0.00531243 0.00543671 0.00546637 0.00539734 0.00523177 0.00495894 0.00459899 0.00414404 0.00360996 0.00298785 0.00228672 0.00153647 0.00071962 -0.000140369 -0.00102121 -0.00191246 -0.00281341 -0.0036839 -0.00453378 -0.00532755 -0.00606354 -0.00673431 -0.00731201 -0.00780556 -0.00821649 -0.00852862 -0.00873711 -0.00886901 -0.00889417 -0.00883271 -0.00868664 -0.00847797 -0.00818591 -0.00784004 -0.00744651 -0.00701164 -0.00653694 -0.00606566 -0.00558402 -0.00509165 -0.00462203 -0.0041723 -0.00373467 -0.00333298 -0.00297427 -0.00262606 -0.00231097 -0.00203278 -0.00179298 -0.00156645 -0.00136927 -0.00119316 -0.00105214 -0.000919611 -0.000812167 -0.000714575 -0.000642192 -0.000575565 -0.000528026 -0.000479424 -0.000452025 -0.000421617 -0.000401579 -0.0003783 -0.000367065 -0.000343439 -0.000327862 -0.000300174 -0.000276936 -0.000239883 -0.000199897 -0.00013866 -8.07115e-05 -4.53184e-06 8.47895e-05 0.00020446 0.000326298 0.000464624 0.000629677 0.000833875 0.0010433 0.00128411 0.00156264 0.00186592 0.00219876 0.00257949 0.00298292 0.0034063 0.00386898 0.00434861 0.00484219 0.00534229 0.00584843 0.00632923 0.00679558 0.00723262 0.00763898 0.00797938 0.00828176 0.00851476 0.0086683 0.00875126 0.00876427 0.00867603 0.00850678 0.00825202 0.00789483 0.00745779 0.00692679 0.00632436 0.00564913 0.00490774 0.00410905 0.00328373 0.00241318 0.00152704 0.00064168 -0.000243263 -0.00111712 -0.00197741 -0.00280701 -0.00361689 -0.00439722 -0.0051568 -0.00587582 -0.00656406 -0.00722905 -0.00785255 -0.00843272 -0.00896344 -0.00943475 -0.00982702 -0.0101169 -0.0102764 -0.0103088 -0.0101814 -0.00988813 -0.00944408 -0.00885169 -0.00815906 -0.0073741 -0.00654161 -0.00572285 -0.00494612 -0.00427011 -0.00370516 -0.00327315 -0.00298884 -0.00281713 -0.00275072 -0.00275074 -0.00280239 -0.00289393 -0.00298247 -0.00306202 -0.00310849 -0.00313385 -0.00314856 -0.0031413 -0.00312104 -0.00307265 -0.00301238 
0 0.000360089 0.000717927 0.00109299 0.00147257 0.00188002 0.00232364 0.00280018 0.00333488 0.00390501 0.00453047 0.00517632 0.0057889 0.0063359 0.00673803 0.00699817 0.00705192 0.00686824 0.0064476 0.00579663 0.00502104 0.00416543 0.00332221 0.00256784 0.00198229 0.00162969 0.0015285 0.00169055 0.00210846 0.00278364 0.00362222 0.00459786 0.00562305 0.00665641 0.00765906 0.00852505 0.00928466 0.00988168 0.0103078 0.0105482 0.0105884 0.0104448 0.0101184 0.00958057 0.00885717 0.00798006 0.00690826 0.00569844 0.00433809 0.00286931 0.0012991 -0.000362338 -0.00207244 -0.00380036 -0.00553266 -0.00724361 -0.00886996 -0.0104163 -0.011856 -0.0131668 -0.0143053 -0.0153031 -0.0161149 -0.016732 -0.0171731 -0.0174318 -0.0175057 -0.0174165 -0.0171595 -0.0167457 -0.0162101 -0.0155386 -0.0147838 -0.0139569 -0.0130634 -0.0121254 -0.0111867 -0.010234 -0.00931238 -0.00842323 -0.00757518 -0.00677135 -0.00602573 -0.00533933 -0.00473256 -0.00417098 -0.00365262 -0.00320245 -0.00281844 -0.00246995 -0.00215907 -0.00189513 -0.00167697 -0.00148874 -0.00132464 -0.00119407 -0.0010882 -0.000998149 -0.000927444 -0.00087115 -0.000819444 -0.000779907 -0.000741373 -0.000698213 -0.000657154 -0.000611386 -0.00054612 -0.000469081 -0.000383466 -0.000279078 -0.000141593 2.76892e-05 0.000209597 0.000419461 0.000681732 0.000989642 0.00132613 0.00170875 0.0021416 0.00264529 0.00320324 0.00381392 0.0044899 0.00523833 0.00602267 0.00688525 0.00779918 0.00873151 0.00968616 0.0106721 0.0116298 0.0125769 0.0134862 0.0143288 0.0150922 0.015762 0.0163208 0.0167633 0.0170639 0.0172063 0.0172047 0.0170193 0.0166632 0.0161321 0.0154444 0.0145657 0.0135302 0.0123536 0.0110342 0.0095801 0.00804803 0.00643692 0.0047567 0.00305703 0.00132261 -0.000385684 -0.00209523 -0.00377991 -0.00540624 -0.00698439 -0.00853078 -0.010007 -0.0114283 -0.0127976 -0.0140971 -0.0153585 -0.0165034 -0.0175696 -0.0185203 -0.0193078 -0.0199018 -0.0202451 -0.0203288 -0.020104 -0.0195588 -0.0186882 -0.0175565 -0.0161872 -0.0146485 -0.0130203 -0.0113853 -0.00987535 -0.00852404 -0.00741711 -0.00657463 -0.00600379 -0.00568997 -0.00555273 -0.00556911 -0.00568147 -0.00586069 -0.00605202 -0.00620265 -0.0063029 -0.00635245 -0.00637549 -0.00636374 -0.00631094 -0.00621519 -0.00609073 
0 0.000537192 0.00109299 0.00164191 0.00223535 0.00284795 0.00352339 0.00426643 0.00506352 0.0059562 0.00689274 0.00787289 0.00881092 0.0096146 0.0102507 0.0106253 0.0107193 0.0104616 0.00982551 0.00889425 0.00772833 0.00646963 0.00521639 0.00407379 0.00319517 0.00263106 0.00244241 0.00263745 0.00320661 0.00413772 0.00533115 0.00669346 0.00814625 0.00961337 0.0110024 0.0122492 0.0132961 0.0141369 0.0147338 0.0150433 0.0150818 0.0148465 0.014339 0.0135374 0.0124878 0.011184 0.00965749 0.00790137 0.00594038 0.00384461 0.00158674 -0.000782691 -0.0032064 -0.00565761 -0.00812946 -0.0105369 -0.0128851 -0.0151007 -0.0171718 -0.0190729 -0.0207375 -0.0221797 -0.0233928 -0.0243368 -0.0250016 -0.0254369 -0.0255848 -0.0254854 -0.0251484 -0.0246217 -0.0238723 -0.0229603 -0.0219108 -0.0207399 -0.0194559 -0.0181529 -0.0168123 -0.0154353 -0.0140982 -0.0128017 -0.0115348 -0.0103511 -0.00926976 -0.00823072 -0.00728136 -0.00643081 -0.00568207 -0.0049883 -0.00437848 -0.0038354 -0.0033838 -0.00297202 -0.00262946 -0.00232431 -0.00208326 -0.00187005 -0.0017058 -0.00155004 -0.00144501 -0.0013422 -0.00126302 -0.00118293 -0.0011272 -0.00104648 -0.000979486 -0.000886362 -0.000794192 -0.00066865 -0.000528407 -0.000336635 -0.000137997 0.000110049 0.000400272 0.000766641 0.00115826 0.00160445 0.00212779 0.00275268 0.0034145 0.0041666 0.00502005 0.00594606 0.00695541 0.00808107 0.00926487 0.0105026 0.0118275 0.0131869 0.0145711 0.015965 0.0173553 0.0186782 0.0199496 0.0211337 0.0222182 0.0231297 0.0239146 0.0245056 0.0248743 0.0250361 0.0249899 0.0246696 0.024117 0.023327 0.0222712 0.0209943 0.0194794 0.0177773 0.0158894 0.0138316 0.0116341 0.00935743 0.00696799 0.00453125 0.00208273 -0.000371756 -0.00281152 -0.00522495 -0.0075712 -0.00986928 -0.0121026 -0.0142785 -0.0163589 -0.0183634 -0.0203058 -0.0221496 -0.023879 -0.02548 -0.0269197 -0.0281391 -0.0290678 -0.0296303 -0.0298133 -0.0295346 -0.0287716 -0.0275547 -0.0259086 -0.0239449 -0.0217101 -0.0193297 -0.0169699 -0.0147366 -0.0127794 -0.0111516 -0.00991379 -0.00909963 -0.00862821 -0.00845929 -0.00849335 -0.00867769 -0.00896675 -0.00924984 -0.00949393 -0.00964181 -0.00971982 -0.00975427 -0.00972493 -0.00964704 -0.0094915 -0.00930447 
0 0.00073271 0.00147257 0.00223535 0.00302586 0.00387031 0.00478945 0.00578874 0.00689272 0.00808634 0.00937225 0.0106958 0.0119577 0.0130711 0.0139182 0.0144534 0.0145835 0.0142437 0.0134267 0.0121763 0.0106487 0.00896655 0.0072899 0.00576878 0.00455863 0.00377006 0.00345385 0.00363033 0.00428997 0.00541409 0.00686267 0.00855134 0.0103432 0.0121474 0.013874 0.0153792 0.0166618 0.0176564 0.0183375 0.0186758 0.0186599 0.0183084 0.017623 0.016575 0.0152033 0.0135492 0.0115858 0.00937405 0.00692134 0.00429143 0.00149509 -0.00143951 -0.00444988 -0.00749217 -0.0105434 -0.0135565 -0.016457 -0.0192278 -0.0218329 -0.0242326 -0.0263603 -0.0282398 -0.0298151 -0.0310596 -0.0319851 -0.0325912 -0.0328649 -0.0328337 -0.032501 -0.0318904 -0.0310373 -0.0299469 -0.0286855 -0.0272732 -0.025726 -0.0240896 -0.0224124 -0.0206909 -0.018992 -0.0173254 -0.0157061 -0.0141541 -0.0126946 -0.0113267 -0.0100832 -0.00893522 -0.00788262 -0.00694455 -0.00612478 -0.00538897 -0.00473827 -0.004173 -0.00369522 -0.00328043 -0.00292286 -0.00262549 -0.00237889 -0.0021654 -0.00199279 -0.00184593 -0.00171424 -0.0016006 -0.00149388 -0.00137797 -0.00126333 -0.00113457 -0.000976758 -0.000792171 -0.000584071 -0.000332244 -2.67662e-05 0.000337894 0.000745959 0.00122169 0.00178466 0.00243492 0.00316106 0.00398574 0.00490516 0.00594787 0.00709669 0.00834222 0.00969437 0.0111608 0.0126902 0.0143175 0.0160141 0.0177315 0.0194642 0.021214 0.0229118 0.0245567 0.0261166 0.0275493 0.028829 0.0299228 0.0308131 0.0314757 0.0318721 0.0319861 0.0318291 0.031349 0.0305684 0.0294903 0.0281315 0.026471 0.0245511 0.022402 0.0200289 0.0174499 0.0147341 0.0118963 0.00894417 0.0059411 0.00288763 -0.000154413 -0.0032055 -0.00623045 -0.00918485 -0.0120801 -0.0149289 -0.0176917 -0.0203742 -0.0229838 -0.0255068 -0.0279584 -0.0302509 -0.0324053 -0.0343612 -0.0360308 -0.0373364 -0.0381771 -0.0385105 -0.0382493 -0.0373603 -0.035849 -0.0338022 -0.0312938 -0.0284411 -0.0253986 -0.0223448 -0.0194916 -0.016955 -0.0148705 -0.0132956 -0.0122484 -0.0116828 -0.0114801 -0.0115646 -0.0118382 -0.0122287 -0.0126293 -0.0129518 -0.0131646 -0.0132745 -0.0133149 -0.0132821 -0.0131694 -0.0129715 -0.0127238 
0 0.0009304 0.00188002 0.00284795 0.00387031 0.00495332 0.00613321 0.00742641 0.0088374 0.0103794 0.0120169 0.0136993 0.0153072 0.0167112 0.0178037 0.0184789 0.0186548 0.0182458 0.0172329 0.0157 0.0137915 0.011691 0.00957943 0.00764188 0.00607483 0.00500294 0.00450226 0.00459849 0.0052815 0.00650862 0.00814404 0.0100493 0.0120871 0.0141349 0.0160673 0.0177656 0.0191729 0.02025 0.0209568 0.0212566 0.0211515 0.0206559 0.0197711 0.0184879 0.0168484 0.0148779 0.0125932 0.0100184 0.00718666 0.00416199 0.000951574 -0.00240205 -0.00583227 -0.00930071 -0.0127824 -0.0162121 -0.019548 -0.0227389 -0.0257529 -0.0285462 -0.0310542 -0.0332747 -0.035178 -0.0367222 -0.0378994 -0.0387238 -0.0391661 -0.0392468 -0.0389833 -0.0384096 -0.03753 -0.0363828 -0.0350152 -0.0334499 -0.0317115 -0.0298726 -0.0279517 -0.0259604 -0.0239669 -0.0219909 -0.0200427 -0.0181682 -0.0163931 -0.0147 -0.0131245 -0.0116768 -0.0103594 -0.00915867 -0.00808544 -0.00712793 -0.00629097 -0.00555101 -0.00491359 -0.00435697 -0.00388371 -0.00347866 -0.00313826 -0.00283888 -0.00259471 -0.0023784 -0.00218693 -0.00201134 -0.00185083 -0.00167687 -0.00150246 -0.00130589 -0.00108543 -0.000826257 -0.000529261 -0.000171922 0.000235454 0.000714965 0.00127091 0.00192395 0.00266137 0.00349944 0.00445499 0.00554115 0.00672996 0.00805056 0.00950259 0.0110633 0.012738 0.0145335 0.0163983 0.0183308 0.0203302 0.0223467 0.0243613 0.0263592 0.0282977 0.0301347 0.0318565 0.0334248 0.034806 0.0359509 0.0368602 0.0374876 0.0377984 0.0377959 0.0374775 0.0367996 0.0357882 0.0344513 0.0327863 0.0308134 0.0285532 0.0260473 0.0233079 0.0203558 0.0172419 0.0140046 0.0106418 0.00720956 0.00374015 0.00025719 -0.0032315 -0.0067028 -0.0101216 -0.013498 -0.0168336 -0.0201131 -0.0233205 -0.0264676 -0.0295559 -0.0325597 -0.0354293 -0.0381413 -0.0406304 -0.0427945 -0.044518 -0.0456881 -0.0462325 -0.04605 -0.0450948 -0.0433874 -0.0410016 -0.0380572 -0.0346814 -0.031065 -0.0274424 -0.02403 -0.0210171 -0.0185359 -0.0166724 -0.0154543 -0.0148034 -0.0146145 -0.0147629 -0.0151445 -0.0156609 -0.0161761 -0.0166032 -0.0168858 -0.0170436 -0.017105 -0.0170683 -0.0169398 -0.0167061 -0.0164151 
0 0.0011503 0.00232364 0.00352339 0.00478945 0.00613321 0.00759363 0.00919597 0.0109406 0.0128417 0.0148518 0.0169032 0.0188632 0.020574 0.021911 0.0227364 0.0229536 0.0224692 0.0212626 0.0194334 0.0171385 0.0145988 0.0120268 0.00964591 0.00767662 0.00627016 0.00552033 0.00546017 0.00608045 0.0073147 0.009029 0.0110509 0.0132296 0.0154158 0.0174606 0.0192506 0.0206996 0.0217746 0.0224317 0.0226405 0.0224086 0.0217518 0.020676 0.0191888 0.0173277 0.015119 0.0125963 0.00977424 0.00670005 0.00342347 -3.71622e-05 -0.00364035 -0.00732734 -0.0110583 -0.0148015 -0.018495 -0.0220997 -0.0255612 -0.0288484 -0.0319135 -0.0347059 -0.0372007 -0.0393744 -0.0411841 -0.0426141 -0.0436708 -0.0443314 -0.0446018 -0.0444987 -0.0440476 -0.0432523 -0.0421556 -0.0407949 -0.0391977 -0.0373931 -0.0354441 -0.0333723 -0.0312075 -0.0290036 -0.026791 -0.024586 -0.0224333 -0.0203623 -0.0183763 -0.0165021 -0.0147589 -0.0131529 -0.0116796 -0.0103488 -0.00915547 -0.00809793 -0.00716019 -0.00634234 -0.00562694 -0.00500989 -0.00447604 -0.00401837 -0.00361767 -0.00327627 -0.00297223 -0.00269893 -0.00244457 -0.00220433 -0.00195572 -0.00170049 -0.00142045 -0.00110988 -0.000754608 -0.000349788 0.000124913 0.000668497 0.00129705 0.0020214 0.00285909 0.0038053 0.00487329 0.0060778 0.00742279 0.00889362 0.0105044 0.0122523 0.0141135 0.016085 0.0181601 0.0203038 0.0224963 0.0247302 0.0269606 0.0291611 0.0313075 0.0333678 0.0352919 0.0370615 0.0386401 0.0399896 0.0410701 0.0418768 0.0423697 0.0425215 0.0423364 0.0418056 0.0409085 0.0396621 0.0380834 0.0361704 0.0339503 0.0314415 0.0286815 0.025688 0.0224879 0.0191228 0.0156324 0.0120249 0.00833875 0.00461648 0.000864882 -0.0028994 -0.00665974 -0.010394 -0.0141102 -0.0178102 -0.0214913 -0.0251373 -0.0287575 -0.0323555 -0.0358866 -0.039313 -0.0425783 -0.0456057 -0.0482754 -0.050444 -0.051985 -0.0527898 -0.0527514 -0.0518104 -0.0499895 -0.0473641 -0.0440744 -0.040276 -0.0361918 -0.032094 -0.0282269 -0.0248221 -0.0220293 -0.0199533 -0.0186186 -0.0179395 -0.017801 -0.0180526 -0.0185737 -0.0192356 -0.0198919 -0.0204409 -0.0208191 -0.0210462 -0.0211464 -0.0211263 -0.0209943 -0.0207472 -0.0204303 
0 0.00139305 0.00280018 0.00426643 0.00578874 0.00742641 0.00919597 0.0111242 0.0132392 0.0155047 0.0179093 0.0203318 0.0226346 0.0246597 0.0262158 0.0271912 0.0274295 0.026851 0.0254517 0.0233021 0.0206194 0.0176153 0.0145542 0.0117001 0.0092734 0.00747442 0.00640081 0.00609901 0.00655995 0.00770128 0.00937396 0.0114092 0.0136167 0.0158302 0.017904 0.0196855 0.0211157 0.0221258 0.0226828 0.022777 0.0224018 0.0215841 0.0203405 0.0186915 0.0166599 0.0143061 0.0116281 0.00867907 0.00549547 0.00209975 -0.0014547 -0.00514523 -0.00892852 -0.0127577 -0.016587 -0.0203984 -0.0241043 -0.0276949 -0.0311225 -0.0343359 -0.0373041 -0.0399986 -0.0423736 -0.0444043 -0.0460845 -0.0473743 -0.0482876 -0.0488077 -0.0489471 -0.0486959 -0.0481029 -0.047164 -0.0459238 -0.0444111 -0.0426697 -0.0407089 -0.0385944 -0.036362 -0.0340389 -0.0316667 -0.0292894 -0.0269241 -0.0245967 -0.0223607 -0.0202274 -0.0182072 -0.0163042 -0.0145599 -0.0129658 -0.0115232 -0.0102119 -0.00905712 -0.00803136 -0.00713622 -0.00634086 -0.0056567 -0.00505123 -0.00453086 -0.00405962 -0.00364812 -0.0032636 -0.0029123 -0.00256017 -0.00221786 -0.00185233 -0.00147159 -0.00103846 -0.000562723 -1.94185e-05 0.000589045 0.00130622 0.00211838 0.00304229 0.00407852 0.00526807 0.00659801 0.0080667 0.00966711 0.0114282 0.0133264 0.0153429 0.0174741 0.0197066 0.0220051 0.0243557 0.0267488 0.0291302 0.0314785 0.033762 0.0359575 0.038007 0.0399054 0.0415977 0.0430595 0.0442474 0.0451628 0.0457523 0.0460218 0.0459511 0.0455268 0.0447493 0.0436306 0.0421617 0.0403656 0.0382733 0.0358664 0.0332034 0.030296 0.027168 0.0238489 0.0203877 0.0167871 0.0130953 0.00932734 0.00550148 0.00165241 -0.00223393 -0.00613373 -0.0100437 -0.0139662 -0.0179225 -0.0218913 -0.02589 -0.0299125 -0.0339417 -0.0379622 -0.0418958 -0.0456896 -0.0492402 -0.052405 -0.0550295 -0.0569644 -0.0580618 -0.0582167 -0.0573596 -0.0554929 -0.0527277 -0.0491789 -0.0450625 -0.0406255 -0.0361457 -0.0319425 -0.0282298 -0.0252179 -0.0230114 -0.0216149 -0.0209781 -0.0209309 -0.0213403 -0.0220466 -0.0228879 -0.023733 -0.0244354 -0.0249551 -0.0252856 -0.0254513 -0.0254793 -0.02536 -0.0251279 -0.0248047 
0 0.00165002 0.00333488 0.00506352 0.00689272 0.0088374 0.0109406 0.0132392 0.0157188 0.0183972 0.0211831 0.0239775 0.0266257 0.0289138 0.0306968 0.0317633 0.0319984 0.0313044 0.0296595 0.0271981 0.0240808 0.0205975 0.017021 0.0136412 0.0107216 0.00846059 0.0069898 0.00636612 0.00657937 0.00751534 0.00906414 0.0109899 0.0131326 0.0152929 0.0172818 0.0190207 0.0203562 0.0212731 0.0217207 0.0216846 0.0211828 0.0202318 0.0188472 0.0170815 0.0149648 0.0125104 0.00980004 0.00681652 0.00362995 0.000254051 -0.00327253 -0.00691424 -0.0106329 -0.0144006 -0.0181811 -0.0219192 -0.0256109 -0.0291902 -0.032627 -0.0358765 -0.0389291 -0.041708 -0.0442263 -0.0464442 -0.0483243 -0.049861 -0.0510382 -0.0518277 -0.0522473 -0.0523032 -0.0519733 -0.0513087 -0.0503012 -0.0489814 -0.0473833 -0.0455605 -0.0435164 -0.0413137 -0.0389702 -0.0365426 -0.0340508 -0.0315517 -0.0290712 -0.0266345 -0.0242482 -0.0219795 -0.0198426 -0.0178306 -0.0159498 -0.0142336 -0.0126812 -0.0112806 -0.0100174 -0.00889715 -0.00791285 -0.00703801 -0.0062624 -0.00557732 -0.00496169 -0.0044014 -0.0038876 -0.00339549 -0.0029186 -0.00244335 -0.0019457 -0.00141608 -0.000850239 -0.000220103 0.000494549 0.00129833 0.00219829 0.0032119 0.00437314 0.00567847 0.00711269 0.00868783 0.0104364 0.0123296 0.0143555 0.0164965 0.0187605 0.0211142 0.0235428 0.0260118 0.0285175 0.0309871 0.0334238 0.035797 0.0380629 0.0401686 0.0421219 0.0438454 0.0453307 0.0465622 0.0475017 0.0481288 0.0484432 0.0484174 0.048051 0.0473656 0.0463331 0.0449885 0.0433264 0.0413714 0.0391171 0.0366216 0.0338787 0.030924 0.027785 0.0244905 0.0210481 0.017499 0.0138649 0.0101402 0.00638574 0.00255807 -0.00130099 -0.00520585 -0.00917026 -0.0131955 -0.0172816 -0.0214604 -0.0257113 -0.0300353 -0.0344431 -0.0388466 -0.0432498 -0.0475155 -0.051545 -0.0551919 -0.0582553 -0.0605854 -0.0619971 -0.0623754 -0.0616408 -0.0598136 -0.0569592 -0.0532597 -0.0489181 -0.0442161 -0.0394873 -0.0350117 -0.0311105 -0.0279539 -0.025683 -0.0243157 -0.0237519 -0.02388 -0.0244921 -0.0254369 -0.0265261 -0.0275913 -0.0285203 -0.0292248 -0.0297126 -0.0299962 -0.0300982 -0.0300424 -0.0298472 -0.0295548 
0 0.00194321 0.00390501 0.0059562 0.00808634 0.0103794 0.0128417 0.0155047 0.0183972 0.0214526 0.0246376 0.027784 0.0307338 0.0332919 0.0352237 0.0363725 0.0365473 0.035678 0.0337721 0.030919 0.0273544 0.0233394 0.0192041 0.0152728 0.0118037 0.00903644 0.0071113 0.00609476 0.0059761 0.00664339 0.00795312 0.00971448 0.0117113 0.0137395 0.0156304 0.0172433 0.0184838 0.0192804 0.019601 0.0194563 0.0188496 0.0177976 0.0163391 0.0145229 0.0123628 0.00992071 0.00721317 0.00429434 0.00120792 -0.00205631 -0.00542638 -0.00888433 -0.0124252 -0.0160075 -0.0195857 -0.0231645 -0.0266752 -0.0301193 -0.0334515 -0.0366306 -0.0396594 -0.042483 -0.0450631 -0.047391 -0.04945 -0.0511824 -0.05261 -0.0536995 -0.0544457 -0.0548075 -0.0548295 -0.0544938 -0.0538019 -0.052784 -0.0514818 -0.0498625 -0.0479945 -0.0459378 -0.0436852 -0.0412893 -0.0388116 -0.0362579 -0.0336535 -0.0310856 -0.0285589 -0.0260927 -0.0236983 -0.0214408 -0.0193183 -0.0173446 -0.0155034 -0.0138397 -0.0123206 -0.0109644 -0.0097364 -0.00864362 -0.00765504 -0.00678609 -0.00597484 -0.00524287 -0.00455516 -0.00390397 -0.00325074 -0.00261866 -0.00194882 -0.00125364 -0.000493848 0.000328272 0.00124646 0.0022503 0.00340117 0.00467438 0.00608459 0.00762736 0.00935065 0.0112232 0.0132297 0.0153508 0.0176278 0.0200038 0.0224522 0.0249752 0.0275383 0.030083 0.0326263 0.0351294 0.0375171 0.0397909 0.0419102 0.0438329 0.0455299 0.0470021 0.0481888 0.0490862 0.0496702 0.0499649 0.0499182 0.0495641 0.0489092 0.0479354 0.0466466 0.0450974 0.0432617 0.0411672 0.0388569 0.0363148 0.0335917 0.0306872 0.0276285 0.0244512 0.0211675 0.0177705 0.0143213 0.0107915 0.00718677 0.00352305 -0.000216314 -0.00402795 -0.00793876 -0.0119517 -0.016083 -0.0203427 -0.0247556 -0.029305 -0.0339695 -0.0387215 -0.0434911 -0.0481723 -0.0526307 -0.0566945 -0.0601748 -0.0628789 -0.0646005 -0.0652206 -0.064654 -0.062892 -0.0600381 -0.0562351 -0.051751 -0.0468864 -0.0419597 -0.037342 -0.0333055 -0.0300987 -0.0278488 -0.0265478 -0.0261553 -0.026484 -0.0273713 -0.0286106 -0.0299851 -0.0313543 -0.0325448 -0.0335149 -0.0342217 -0.034677 -0.0349297 -0.034974 -0.0348848 -0.0346656 
0 0.00224753 0.00453047 0.00689274 0.00937225 0.0120169 0.0148518 0.0179093 0.0211831 0.0246376 0.0281775 0.0316471 0.0348687 0.0376113 0.0396662 0.0408071 0.0408712 0.0397822 0.0375449 0.034292 0.0302259 0.0256573 0.0209326 0.0163965 0.0123406 0.00900986 0.00657 0.00510563 0.00460262 0.00493224 0.00597555 0.00750243 0.00931497 0.0111857 0.0129196 0.0144219 0.0155441 0.0162408 0.0164727 0.0162476 0.0155806 0.0144843 0.0129934 0.0111784 0.00906348 0.00667371 0.00408077 0.00129824 -0.00161851 -0.00467823 -0.00782191 -0.0110256 -0.0142826 -0.0175734 -0.0208667 -0.0241426 -0.027402 -0.0306141 -0.0337444 -0.0367642 -0.0396907 -0.0424419 -0.0450231 -0.0474176 -0.0495868 -0.0514966 -0.0531446 -0.0544923 -0.0555379 -0.0562563 -0.0566374 -0.0566931 -0.0563859 -0.0557375 -0.0547736 -0.0534973 -0.0519222 -0.0501104 -0.0480502 -0.0458014 -0.0434023 -0.0408937 -0.0383007 -0.0356768 -0.0330259 -0.0304151 -0.0278674 -0.0254059 -0.0230354 -0.0207988 -0.0187063 -0.0167723 -0.0149736 -0.0133368 -0.0118527 -0.0105013 -0.00926926 -0.00816101 -0.00712998 -0.00617718 -0.00528506 -0.00442258 -0.00357098 -0.00273126 -0.00185276 -0.00093413 3.8859e-05 0.00109628 0.0022673 0.00353991 0.00494332 0.00648286 0.00818245 0.0100249 0.0120083 0.0141235 0.016385 0.018753 0.0212253 0.0237562 0.0263416 0.0289564 0.0315687 0.0341229 0.0366291 0.0390097 0.0412412 0.0433156 0.0451885 0.0468045 0.0481803 0.0492738 0.0500688 0.0505734 0.0507724 0.0506739 0.050267 0.0495627 0.0485833 0.0473409 0.0458212 0.0440919 0.042134 0.0399691 0.0376186 0.0351212 0.0324761 0.0297019 0.0268253 0.0238672 0.0208125 0.0176737 0.0144853 0.0112106 0.00787216 0.00443598 0.000920972 -0.00270379 -0.0064769 -0.0103996 -0.01448 -0.0187605 -0.0232444 -0.0279207 -0.0327828 -0.0377642 -0.0428431 -0.0478588 -0.0526724 -0.0571094 -0.0609447 -0.0639789 -0.0659791 -0.0668159 -0.0664031 -0.0647368 -0.0618931 -0.0580599 -0.0535004 -0.0485406 -0.0435333 -0.0388251 -0.0347603 -0.031564 -0.0293845 -0.0282283 -0.0280221 -0.0286248 -0.0298205 -0.031399 -0.0331287 -0.0348362 -0.0363769 -0.0376675 -0.0386703 -0.0393822 -0.0398432 -0.0400817 -0.0401531 -0.0400811 
0 0.00256995 0.00517632 0.00787289 0.0106958 0.0136993 0.0169032 0.0203318 0.0239775 0.027784 0.0316471 0.0353897 0.0388197 0.041702 0.0438016 0.0448837 0.0447728 0.0434012 0.0407904 0.0370773 0.0324787 0.0273182 0.0219709 0.0168045 0.0121306 0.00820731 0.0052232 0.00327337 0.00234362 0.00231043 0.00304175 0.00432324 0.0059364 0.00764508 0.0092515 0.0106457 0.0116857 0.0123094 0.0124829 0.0122209 0.0115424 0.0104551 0.00900576 0.00726142 0.00524946 0.00299675 0.000566583 -0.00200937 -0.00468771 -0.00747582 -0.0103204 -0.0131974 -0.016117 -0.0190616 -0.0220056 -0.0249376 -0.0278637 -0.0307673 -0.0336219 -0.036413 -0.0391595 -0.0417957 -0.0443111 -0.0466994 -0.0489253 -0.0509528 -0.0527753 -0.0543649 -0.0556978 -0.0567401 -0.0574853 -0.0579327 -0.058037 -0.0578152 -0.057277 -0.0563989 -0.0551964 -0.0537237 -0.051965 -0.0499649 -0.0477662 -0.0453937 -0.0428765 -0.0402795 -0.0376208 -0.0349405 -0.0322667 -0.0296425 -0.027088 -0.0246286 -0.0222824 -0.0200734 -0.017995 -0.0160693 -0.0142931 -0.0126485 -0.0111339 -0.00974916 -0.00845069 -0.00723583 -0.00609111 -0.00497699 -0.00387584 -0.0027839 -0.00165251 -0.000469572 0.000776274 0.00211535 0.00356822 0.00513261 0.00683678 0.00867834 0.0106569 0.0127692 0.0150194 0.0173849 0.019851 0.0223924 0.025008 0.0276491 0.0302934 0.0329198 0.0354849 0.0379372 0.0402868 0.0424671 0.0444385 0.0461991 0.0477168 0.0489452 0.0499075 0.0505825 0.0509519 0.0510249 0.0508091 0.0503153 0.0495412 0.0485101 0.047251 0.0457649 0.0440559 0.0421891 0.040154 0.0379695 0.0356654 0.0332679 0.0307727 0.0281909 0.0255433 0.0228485 0.0200807 0.0172466 0.0143727 0.0114182 0.00838039 0.00523613 0.00198937 -0.00139695 -0.00496545 -0.00872602 -0.0126893 -0.0169071 -0.0213918 -0.0261304 -0.0311061 -0.0362649 -0.041562 -0.0468341 -0.0519221 -0.0566386 -0.0607567 -0.0640474 -0.0662727 -0.0672907 -0.0670146 -0.0654335 -0.0626227 -0.058779 -0.0541865 -0.0491881 -0.0441451 -0.0394259 -0.0353829 -0.0322613 -0.0302076 -0.0292308 -0.029267 -0.0301689 -0.03172 -0.03368 -0.0358044 -0.0379159 -0.0398598 -0.0415486 -0.0429223 -0.0439679 -0.0447256 -0.0452289 -0.0455418 -0.0456817 
0 0.00287872 0.0057889 0.00881092 0.0119577 0.0153072 0.0188632 0.0226346 0.0266257 0.0307338 0.0348687 0.0388197 0.0423816 0.045332 0.0473867 0.0483374 0.0479815 0.0462674 0.0432447 0.0390333 0.0338878 0.0281212 0.0221395 0.0163316 0.0110241 0.00649425 0.00295111 0.00050057 -0.000871153 -0.00126806 -0.000856493 0.000188317 0.00161161 0.00317572 0.00469561 0.00601499 0.00703152 0.00764285 0.00782518 0.00759533 0.00696883 0.00595139 0.00460439 0.0029886 0.00113181 -0.000914749 -0.00312801 -0.00543784 -0.00782995 -0.0103051 -0.0128166 -0.0153381 -0.0178927 -0.0204623 -0.0230215 -0.0255884 -0.0281466 -0.0307112 -0.033252 -0.0357696 -0.0382703 -0.040732 -0.0431168 -0.0454357 -0.0476645 -0.0497529 -0.0516928 -0.0534673 -0.0550412 -0.0563669 -0.0574603 -0.0582828 -0.058799 -0.0590085 -0.0589238 -0.0584881 -0.0577312 -0.0566741 -0.0553048 -0.0536404 -0.0517402 -0.0496081 -0.0472726 -0.0447929 -0.0422068 -0.0395349 -0.0368129 -0.0340939 -0.0314033 -0.0287604 -0.0261914 -0.0237307 -0.0213773 -0.0191559 -0.0170666 -0.0151067 -0.0132735 -0.0115711 -0.00995797 -0.00843605 -0.00698417 -0.00557034 -0.0041663 -0.00276929 -0.00132965 0.000163605 0.00173111 0.00339367 0.00516968 0.00705269 0.00907197 0.0112192 0.0134803 0.0158499 0.0183357 0.020907 0.023531 0.0261953 0.0288882 0.0315582 0.0341675 0.0367113 0.0391317 0.0413858 0.0434665 0.0453416 0.0469504 0.0483128 0.0494021 0.0501937 0.0506887 0.0509125 0.0508343 0.0504738 0.0498541 0.0489926 0.0478774 0.0465554 0.0450585 0.0433746 0.0415403 0.0395999 0.0375524 0.0354053 0.0332069 0.0309476 0.0286484 0.0262993 0.0239182 0.021515 0.0190632 0.0165534 0.0140102 0.0114004 0.00868164 0.00586802 0.00292076 -0.000190358 -0.00351573 -0.00707472 -0.0108886 -0.0149993 -0.0194384 -0.0241874 -0.0292077 -0.0344844 -0.0399154 -0.0453655 -0.0506461 -0.0555535 -0.0598719 -0.063334 -0.065711 -0.0668478 -0.0666616 -0.0651304 -0.0623462 -0.0584959 -0.0538946 -0.0488939 -0.0438494 -0.039171 -0.0351834 -0.032174 -0.0302747 -0.0294961 -0.0298052 -0.0310234 -0.0329614 -0.0353392 -0.037901 -0.0404739 -0.0428762 -0.0450311 -0.0468437 -0.0482942 -0.0494242 -0.0502591 -0.0508803 -0.0512891 
0 0.00313919 0.0063359 0.0096146 0.0130711 0.0167112 0.020574 0.0246597 0.0289138 0.0332919 0.0376113 0.041702 0.045332 0.04824 0.0501928 0.0509091 0.050246 0.0481387 0.0446407 0.039922 0.0341999 0.0278344 0.0212306 0.0147926 0.00887595 0.00376813 -0.000313807 -0.00324151 -0.00502695 -0.00578437 -0.0056438 -0.00482842 -0.00355654 -0.00208147 -0.000620032 0.000708422 0.00174836 0.00241935 0.00268774 0.00255734 0.00204554 0.0011774 -1.27703e-05 -0.0014489 -0.00308021 -0.00490583 -0.00683873 -0.00885888 -0.0109438 -0.0130738 -0.0152323 -0.0173998 -0.0195708 -0.0217573 -0.0239513 -0.0261238 -0.0283294 -0.0305416 -0.0327508 -0.0349682 -0.0372074 -0.0394273 -0.0416398 -0.0438397 -0.0459906 -0.0480815 -0.0500827 -0.0519715 -0.0537125 -0.0552965 -0.0566698 -0.0578328 -0.0587382 -0.0593721 -0.0597072 -0.0597531 -0.0594725 -0.0588731 -0.057951 -0.0567209 -0.0551862 -0.0533844 -0.0513461 -0.0490896 -0.0466434 -0.0440617 -0.0413959 -0.0386572 -0.0358783 -0.0330981 -0.030367 -0.0276841 -0.0250746 -0.0225562 -0.0201591 -0.0178636 -0.0156896 -0.013622 -0.0116602 -0.00977464 -0.00796546 -0.00618618 -0.00443218 -0.00266477 -0.000866364 0.000997332 0.00291974 0.00494297 0.00706937 0.00930372 0.0116271 0.0140625 0.0165973 0.019216 0.0218795 0.0245869 0.0273234 0.0300546 0.0327297 0.0353259 0.0378234 0.0401727 0.0423397 0.0443006 0.0460321 0.0474838 0.0486718 0.0495787 0.0501941 0.0505031 0.0505438 0.0502908 0.0497764 0.0490122 0.0480257 0.046819 0.045433 0.0438772 0.0421888 0.0403936 0.0384984 0.0365433 0.0345445 0.0325013 0.0304234 0.0283612 0.0262686 0.0241653 0.0220668 0.0199572 0.0178105 0.0156397 0.013424 0.0111419 0.00877221 0.00626569 0.00363295 0.000802277 -0.00227506 -0.00561557 -0.00925108 -0.0132381 -0.017587 -0.0222913 -0.0273275 -0.0326317 -0.0381481 -0.0436903 -0.0490752 -0.0541049 -0.0585238 -0.0620853 -0.064544 -0.0657408 -0.0655941 -0.0640883 -0.0612942 -0.0574399 -0.0528244 -0.047812 -0.0427979 -0.0381432 -0.0342446 -0.0313456 -0.0295957 -0.0290421 -0.0295994 -0.0311658 -0.0334855 -0.0362959 -0.03934 -0.0423877 -0.0453172 -0.0479722 -0.050282 -0.0522051 -0.0537474 -0.0549895 -0.0559489 -0.0566748 
0 0.0033482 0.00673803 0.0102507 0.0139182 0.0178037 0.021911 0.0262158 0.0306968 0.0352237 0.0396662 0.0438016 0.0473867 0.0501928 0.0519163 0.0523492 0.0513073 0.0487505 0.0447713 0.0395048 0.0332294 0.0262808 0.0190858 0.0120682 0.00559493 -3.7936e-05 -0.00458768 -0.00793865 -0.0100962 -0.011134 -0.011249 -0.0105851 -0.00942054 -0.00799415 -0.00649335 -0.00512505 -0.0039741 -0.00317753 -0.00275987 -0.00272012 -0.00304137 -0.00371378 -0.00467143 -0.00586774 -0.00726307 -0.00879549 -0.0104612 -0.0121736 -0.013941 -0.0157331 -0.0175444 -0.0193427 -0.0211563 -0.0229786 -0.024793 -0.0266296 -0.0284693 -0.0303346 -0.0322171 -0.0341379 -0.0360721 -0.0380651 -0.0400587 -0.0420735 -0.0441033 -0.0461186 -0.048096 -0.0500426 -0.0519043 -0.0536399 -0.0552551 -0.0566904 -0.0579293 -0.0589417 -0.0597201 -0.060197 -0.0603878 -0.0602657 -0.0598386 -0.0590684 -0.0580018 -0.0566136 -0.0549267 -0.0529691 -0.0508077 -0.0484223 -0.0458594 -0.0431665 -0.0404013 -0.0375681 -0.0347028 -0.0318349 -0.0290103 -0.0262337 -0.0235219 -0.0208911 -0.0183549 -0.0159052 -0.0135432 -0.0112538 -0.00902279 -0.00682978 -0.00465154 -0.00246217 -0.00024906 0.00201823 0.00435476 0.00676418 0.00924395 0.0118127 0.0144625 0.0171826 0.0199341 0.0227258 0.0255471 0.0283646 0.0311077 0.0337915 0.0363768 0.038827 0.0410845 0.0431545 0.0449734 0.0465411 0.0478269 0.0488486 0.0495521 0.049965 0.0500849 0.0499311 0.0494892 0.04882 0.0479071 0.0467687 0.0454572 0.0439877 0.0423727 0.0406627 0.0388842 0.0370191 0.0351367 0.0332244 0.0313125 0.0293951 0.0275067 0.025619 0.0237602 0.0219039 0.0200629 0.0182338 0.016392 0.0145282 0.0126263 0.0106737 0.00859243 0.0064072 0.00404521 0.00147596 -0.00135187 -0.0044772 -0.00793586 -0.011765 -0.0160039 -0.0206399 -0.0256181 -0.0309402 -0.0364486 -0.0420285 -0.0474593 -0.052516 -0.0569861 -0.0605656 -0.0630471 -0.0642538 -0.0641008 -0.0625696 -0.0597548 -0.0558578 -0.051216 -0.0461923 -0.0411682 -0.0365681 -0.0327176 -0.0299266 -0.0283176 -0.0279335 -0.0287531 -0.0306055 -0.0333014 -0.0365299 -0.0400282 -0.0435902 -0.0470266 -0.0502256 -0.0530568 -0.0554758 -0.0574976 -0.0591551 -0.0605123 -0.0615723 
0 0.00346607 0.00699817 0.0106253 0.0144534 0.0184789 0.0227364 0.0271912 0.0317633 0.0363725 0.0408071 0.0448837 0.0483374 0.0509091 0.0523492 0.0523991 0.0509349 0.0479111 0.0434244 0.0376486 0.0308427 0.0233705 0.0156528 0.00812391 0.00116332 -0.004908 -0.00986182 -0.0135597 -0.0160014 -0.0172745 -0.0175314 -0.0169749 -0.0158415 -0.0143806 -0.0128081 -0.0113041 -0.0099959 -0.00900228 -0.00835676 -0.00807488 -0.00815465 -0.00855181 -0.00924465 -0.0101702 -0.011272 -0.0125283 -0.0138792 -0.0152875 -0.0167506 -0.0182191 -0.0197019 -0.0211879 -0.022657 -0.0241339 -0.0256164 -0.0271007 -0.0286185 -0.0301632 -0.0317379 -0.0333627 -0.0350224 -0.0367323 -0.0384933 -0.0403069 -0.0421602 -0.0440514 -0.04596 -0.0478677 -0.049744 -0.0515916 -0.0533566 -0.0550047 -0.0565245 -0.0578633 -0.0589797 -0.0598836 -0.0605323 -0.060878 -0.0609319 -0.0606672 -0.0600679 -0.0591453 -0.0579177 -0.0563683 -0.0545193 -0.052403 -0.0500791 -0.0475465 -0.0448386 -0.0420035 -0.0390927 -0.0361105 -0.0331065 -0.0300901 -0.0270968 -0.0241436 -0.0212436 -0.0183835 -0.0155982 -0.0128584 -0.0101578 -0.00748828 -0.0048398 -0.00216859 0.000509734 0.00322506 0.00598251 0.00879142 0.0116458 0.0145544 0.0174747 0.0204249 0.0233897 0.0263326 0.0292052 0.0320129 0.0347211 0.0372951 0.0396733 0.041849 0.0437978 0.045483 0.0468855 0.0480148 0.0488256 0.0493262 0.0495483 0.0494766 0.0491196 0.0485124 0.0476584 0.0465757 0.0453141 0.0438882 0.0423308 0.0406614 0.0389182 0.0371171 0.0352833 0.033443 0.0316163 0.0297938 0.0280097 0.0262523 0.0245222 0.0228445 0.021197 0.0195797 0.0180039 0.0164318 0.014859 0.0132796 0.0116458 0.00995746 0.0081662 0.00623116 0.00412952 0.00179609 -0.000818814 -0.0037422 -0.00703414 -0.0107217 -0.0148329 -0.0193684 -0.0242897 -0.0295522 -0.0350433 -0.040604 -0.0460239 -0.0510817 -0.0555177 -0.0590706 -0.0615086 -0.0626632 -0.0624507 -0.0608568 -0.0579768 -0.0540309 -0.0493441 -0.0442842 -0.0392642 -0.0346666 -0.0308671 -0.0281345 -0.0266114 -0.0263744 -0.0273575 -0.0294661 -0.0324541 -0.0360402 -0.0399672 -0.0439741 -0.0479252 -0.0516297 -0.054984 -0.0579202 -0.060411 -0.0625333 -0.0642793 -0.0656979 
0 0.00349392 0.00705192 0.0107193 0.0145835 0.0186548 0.0229536 0.0274295 0.0319984 0.0365473 0.0408712 0.0447728 0.0479815 0.050246 0.0513073 0.0509349 0.0490156 0.0455157 0.040546 0.0342826 0.0270027 0.0190738 0.0109127 0.00296257 -0.0043857 -0.0108067 -0.0160599 -0.0200184 -0.0226695 -0.0240824 -0.0244259 -0.0238848 -0.0227103 -0.0211447 -0.0194031 -0.0177009 -0.0161587 -0.0149041 -0.0139793 -0.0134082 -0.013189 -0.0132811 -0.0136541 -0.0142648 -0.0150631 -0.0160055 -0.0170559 -0.0181692 -0.0193379 -0.0205064 -0.0216897 -0.0228733 -0.024048 -0.0252273 -0.0264083 -0.0276074 -0.0288266 -0.0300685 -0.0313547 -0.0327041 -0.0340875 -0.0355535 -0.0370812 -0.0386707 -0.0403248 -0.0420461 -0.0438214 -0.0456476 -0.047492 -0.049351 -0.0511884 -0.0529597 -0.0546687 -0.0562609 -0.0576938 -0.058946 -0.0599856 -0.0607593 -0.0612792 -0.0614972 -0.0614024 -0.060972 -0.0602087 -0.0591027 -0.0576841 -0.0559385 -0.0539036 -0.051591 -0.0490528 -0.0463189 -0.0434177 -0.0403686 -0.0372458 -0.0340478 -0.0308002 -0.0275401 -0.0242814 -0.0210127 -0.0177804 -0.0145616 -0.0113513 -0.00816448 -0.00499352 -0.00180469 0.00136926 0.00455529 0.00776241 0.0109709 0.0141704 0.0173878 0.0205754 0.023723 0.0268069 0.0298092 0.0326917 0.0354356 0.0379789 0.0403179 0.0424128 0.0442505 0.0457961 0.0470415 0.0479686 0.0486031 0.0489138 0.0489334 0.0486695 0.0481218 0.0473161 0.0463047 0.0450787 0.0436838 0.0421567 0.0405078 0.0387803 0.0369993 0.0351942 0.0333856 0.0315845 0.0298012 0.0280724 0.0263652 0.0247206 0.0231357 0.0216019 0.0201182 0.018689 0.0172946 0.0159383 0.0145942 0.0132572 0.0119132 0.0105103 0.00904859 0.00747297 0.00575523 0.00384791 0.00170526 -0.000720052 -0.00347355 -0.00661582 -0.0101693 -0.0141689 -0.0186174 -0.0234707 -0.0286873 -0.0341235 -0.0396394 -0.0450139 -0.0500081 -0.0543743 -0.0578398 -0.0601904 -0.0612533 -0.0609388 -0.0592462 -0.0562777 -0.0522511 -0.0474969 -0.0423824 -0.0373255 -0.0327182 -0.0289138 -0.0261921 -0.0246976 -0.0245157 -0.0256009 -0.0278496 -0.0310416 -0.0348932 -0.0391489 -0.0435503 -0.0479319 -0.0521068 -0.0559441 -0.059362 -0.0623223 -0.0648706 -0.0670051 -0.068753 
0 0.0034034 0.00686824 0.0104616 0.0142437 0.0182458 0.0224692 0.026851 0.0313044 0.035678 0.0397822 0.0434012 0.0462674 0.0481387 0.0487505 0.0479111 0.0455157 0.0415478 0.036127 0.0294317 0.0217558 0.0134614 0.00495873 -0.00331229 -0.0109521 -0.0176302 -0.0230969 -0.0272319 -0.0300099 -0.0314815 -0.0318272 -0.0312216 -0.0299284 -0.028184 -0.0262039 -0.0242314 -0.0223861 -0.0208021 -0.0195312 -0.0186126 -0.0180482 -0.0178033 -0.0178395 -0.0181255 -0.0186163 -0.0192439 -0.0199919 -0.0208136 -0.0217013 -0.0225985 -0.02352 -0.0244488 -0.0253749 -0.026299 -0.0272177 -0.028167 -0.0291263 -0.0301094 -0.0311423 -0.0322414 -0.0333672 -0.0345866 -0.0358782 -0.0372451 -0.0386959 -0.0402325 -0.0418468 -0.0435329 -0.0452753 -0.047074 -0.0489095 -0.0507272 -0.0525431 -0.0542933 -0.055946 -0.0574718 -0.0588475 -0.0600011 -0.0609375 -0.0615982 -0.0619741 -0.0620304 -0.0617616 -0.0611386 -0.0601715 -0.0588432 -0.0571852 -0.0551918 -0.0528957 -0.0503322 -0.047523 -0.0444936 -0.0413108 -0.0379773 -0.0345165 -0.0309843 -0.0273838 -0.0237152 -0.0200295 -0.0163205 -0.012582 -0.00885675 -0.0051385 -0.00141226 0.0022789 0.0059413 0.00959085 0.0131895 0.0167263 0.020215 0.023609 0.0268924 0.030048 0.0330374 0.0358228 0.0383955 0.0407025 0.0427355 0.0444637 0.0458833 0.0469709 0.0477406 0.0481806 0.0483205 0.0481328 0.0476738 0.0469513 0.045982 0.0447922 0.0434452 0.04192 0.0402833 0.0385688 0.0367917 0.0349824 0.0331701 0.0313676 0.0295962 0.027863 0.0261768 0.0245758 0.0230122 0.0215253 0.0201128 0.018764 0.0174604 0.0162318 0.0150413 0.0138824 0.0127339 0.0115911 0.0104307 0.00920608 0.00792 0.00651741 0.00497649 0.00322584 0.00123609 -0.0010447 -0.00367587 -0.0067153 -0.0101783 -0.0141009 -0.0184883 -0.0232919 -0.0284678 -0.0338507 -0.0393143 -0.0446276 -0.049535 -0.0537964 -0.0571354 -0.0593541 -0.0602786 -0.05982 -0.0579919 -0.0549077 -0.0507794 -0.0459364 -0.0407458 -0.0356206 -0.0309613 -0.0270957 -0.0243116 -0.0227609 -0.0225362 -0.0236196 -0.0258939 -0.0291725 -0.0331757 -0.037649 -0.042344 -0.0470579 -0.0516149 -0.055856 -0.0596858 -0.0630567 -0.0659727 -0.0684423 -0.0704652 
0 0.00318147 0.0064476 0.00982551 0.0134267 0.0172329 0.0212626 0.0254517 0.0296595 0.0337721 0.0375449 0.0407904 0.0432447 0.0446407 0.0447713 0.0434244 0.040546 0.036127 0.0302789 0.0232116 0.0152051 0.00663036 -0.0021139 -0.0105968 -0.0184265 -0.0252427 -0.0308292 -0.0350443 -0.0378533 -0.0393295 -0.039586 -0.0388689 -0.0373914 -0.0353972 -0.0331339 -0.030814 -0.0286163 -0.0266522 -0.024994 -0.023688 -0.0227627 -0.0221451 -0.0218363 -0.0217926 -0.0219555 -0.0222961 -0.0227421 -0.0232949 -0.0239213 -0.0245718 -0.0252402 -0.0259517 -0.0266512 -0.0273536 -0.0280711 -0.0287975 -0.0295466 -0.0303087 -0.0311197 -0.031982 -0.0329009 -0.0338769 -0.034953 -0.0361079 -0.0373451 -0.0386773 -0.0401218 -0.0416391 -0.0432334 -0.0449347 -0.0466867 -0.0484704 -0.0503026 -0.0521371 -0.0539029 -0.055629 -0.0572497 -0.0587086 -0.0599816 -0.0610539 -0.0618481 -0.0623557 -0.0625557 -0.0624263 -0.0619143 -0.0610374 -0.0598041 -0.0581958 -0.0562061 -0.0538915 -0.0512578 -0.0483264 -0.0451458 -0.0417347 -0.0381161 -0.0343482 -0.0304339 -0.026387 -0.0222655 -0.0180741 -0.0138182 -0.00955548 -0.00529604 -0.00103918 0.00316294 0.00729701 0.0113668 0.0153281 0.0191712 0.0228881 0.0264278 0.0297711 0.0329229 0.0358156 0.0384157 0.040725 0.0427305 0.0443822 0.045686 0.0466467 0.047273 0.0475394 0.047496 0.0471529 0.0465109 0.0455993 0.0444908 0.0431584 0.0416574 0.0400459 0.038332 0.0365307 0.0347189 0.0328962 0.0310657 0.0292737 0.0275362 0.0258458 0.0242067 0.0226651 0.0211901 0.0197824 0.0184569 0.0172194 0.0160297 0.0149111 0.0138397 0.0128139 0.0118164 0.010811 0.00982047 0.00880619 0.00772052 0.00655776 0.00530149 0.00386247 0.00222981 0.00033883 -0.00185586 -0.00440508 -0.00738825 -0.0108068 -0.0146912 -0.0190501 -0.0238495 -0.028982 -0.0343403 -0.03974 -0.0449734 -0.0497913 -0.053907 -0.057114 -0.0591758 -0.059941 -0.0593237 -0.0573389 -0.0541138 -0.0498632 -0.0448978 -0.0395905 -0.034365 -0.0295809 -0.0256014 -0.0226679 -0.0209648 -0.0206072 -0.0215489 -0.02374 -0.0269564 -0.0309735 -0.0355432 -0.0403826 -0.0453277 -0.0501362 -0.0546776 -0.0588271 -0.062495 -0.0657052 -0.0683995 -0.0706139 
