0 0 0 0 0 0 0 0 0 0 0 0 0 0 0 0 0 0 0 0 0 0 0 0 0 0 0 0 0 0 0 0 0 0 0 0 0 0 0 0 0 0 0 0 0 0 0 0 0 0 0 0 0 0 0 0 0 0 0 0 0 0 0 0 0 0 0 0 0 0 0 0 0 0 0 0 0 0 0 0 0 0 0 0 0 0 0 0 0 0 0 0 0 0 0 0 0 0 0 0 0 0 0 0 0 0 0 0 0 0 0 0 0 0 0 0 0 0 0 0 0 0 0 0 0 0 0 0 0 0 0 0 0 0 0 0 0 0 0 0 0 0 0 0 0 0 0 0 0 0 0 0 0 0 0 0 0 0 0 0 0 0 0 0 0 0 0 0 0 0 0 0 0 0 0 0 0 0 0 0 0 0 0 0 0 0 0 0 0 0 0 0 0 0 0 0 0 0 0 0 
0 -3.34356e-05 -6.48086e-05 -7.71153e-05 -9.37242e-05 -8.81094e-05 -7.4196e-05 -4.36029e-05 7.58505e-06 6.33062e-05 0.000143698 0.000225633 0.000319058 0.000418581 0.000530154 0.000663673 0.000805676 0.000966873 0.00114738 0.0013685 0.00161306 0.00186984 0.00211627 0.0023363 0.00251814 0.00261221 0.0026153 0.00249594 0.00225647 0.0018964 0.00142629 0.000900898 0.000348922 -0.000190528 -0.000680497 -0.00107987 -0.00136994 -0.00152724 -0.00156243 -0.00145814 -0.00123115 -0.000924403 -0.000530726 -9.46436e-05 0.000373547 0.00085161 0.00132477 0.001798 0.00225979 0.0026955 0.00312594 0.00354195 0.00392652 0.00430163 0.00465013 0.0049729 0.00525859 0.00550542 0.00570135 0.00583489 0.00589462 0.00588022 0.00578239 0.00559179 0.00531148 0.00494068 0.00447428 0.00390747 0.00326685 0.00254149 0.00173724 0.000883744 -1.63878e-05 -0.000965668 -0.00191448 -0.00285519 -0.00378098 -0.00465004 -0.00544969 -0.00618316 -0.00682044 -0.00734595 -0.00776739 -0.00807788 -0.00827221 -0.00835655 -0.0083423 -0.00821952 -0.00799115 -0.00768088 -0.0073012 -0.0068409 -0.00631773 -0.00574913 -0.00514813 -0.00452268 -0.00387801 -0.00322041 -0.00257198 -0.00192284 -0.00126811 -0.000619584 2.3223e-05 0.000676411 0.00133324 0.00199582 0.00265782 0.00331686 0.00397869 0.00463471 0.00525399 0.00584216 0.00640153 0.00691177 0.00735338 0.00772975 0.00803279 0.00824825 0.00837074 0.00840635 0.00833299 0.00814058 0.0078494 0.00745044 0.00693284 0.00632543 0.00563019 0.00483857 0.00399424 0.00310766 0.00218084 0.00124487 0.000320314 -0.000599814 -0.0014857 -0.00232363 -0.00310786 -0.00383489 -0.00448437 -0.00505781 -0.00555911 -0.00597424 -0.00630361 -0.0065565 -0.00673316 -0.0068384 -0.00688992 -0.00688781 -0.00686294 -0.00680436 -0.00673258 -0.00667072 -0.00660798 -0.00655452 -0.00653173 -0.00652305 -0.00652689 -0.00654426 -0.0065468 -0.00653884 -0.00647097 -0.00633926 -0.00613002 -0.00581267 -0.00538885 -0.00486544 -0.00425723 -0.00357993 -0.00286791 -0.0021524 -0.00149037 -0.000895761 -0.000411768 -6.51005e-05 0.000147694 0.000229216 0.000217441 0.000117356 -3.53333e-05 -0.00021576 -0.000393985 -0.00055717 -0.000693043 -0.000783463 -0.000839437 -0.000856609 -0.000866516 -0.000851024 -0.000815556 -0.000769465 -0.000711529 -0.000672176 -0.000617415 -0.000564942 -0.00050886 -0.000456014 -0.000427151 -0.000388602 -0.000362959 -0.000331337 
0 -6.48086e-05 -0.000111155 -0.000149702 -0.000164294 -0.000159409 -0.000129122 -5.91255e-05 2.92794e-05 0.000151094 0.000296438 0.000456212 0.000637931 0.00082412 0.00104864 0.00130884 0.00159506 0.00192259 0.00229209 0.00273756 0.00324113 0.00375331 0.00425513 0.00470192 0.00505203 0.00525714 0.00524132 0.00500865 0.00452555 0.00378771 0.002864 0.00179332 0.000699258 -0.000376826 -0.00135354 -0.00213714 -0.00270188 -0.00300792 -0.00305807 -0.00283835 -0.00239314 -0.0017577 -0.000993378 -0.000113053 0.000823425 0.00177009 0.00272811 0.00367126 0.00458637 0.00545412 0.00630726 0.00710578 0.00787913 0.00859167 0.00926422 0.00988228 0.0104069 0.010853 0.0112115 0.0114357 0.0115232 0.0114942 0.0112669 0.0108847 0.0103189 0.00957411 0.00863915 0.00754539 0.0062712 0.00485219 0.00328321 0.00160678 -0.000157876 -0.00198201 -0.00381924 -0.00565054 -0.00743222 -0.00912936 -0.0107006 -0.0121282 -0.0133564 -0.0144132 -0.0152512 -0.0158768 -0.0162737 -0.0164673 -0.0164232 -0.0162 -0.0157831 -0.0152016 -0.0144301 -0.0135379 -0.0125343 -0.0114434 -0.010242 -0.0090139 -0.00774509 -0.00645785 -0.00514862 -0.00385327 -0.0025403 -0.00125057 6.16764e-05 0.00137212 0.00268349 0.00398543 0.00532611 0.00663891 0.00793374 0.00918987 0.0104291 0.0115922 0.0126768 0.0136416 0.0145169 0.0152406 0.0158236 0.0162307 0.0164655 0.0164863 0.0163247 0.0159425 0.0153597 0.0145512 0.0135431 0.0123443 0.0109778 0.00945699 0.00782883 0.00610166 0.00430591 0.0024966 0.000677757 -0.00109673 -0.00281802 -0.00445282 -0.00598956 -0.00739598 -0.00869137 -0.00980296 -0.0107829 -0.0116041 -0.0122548 -0.0127589 -0.0131418 -0.0133751 -0.0135009 -0.0135486 -0.0135113 -0.0134351 -0.0133233 -0.0132262 -0.0131266 -0.0130587 -0.0130184 -0.0130285 -0.0130534 -0.0130875 -0.0131267 -0.0131107 -0.0129987 -0.0127525 -0.0123433 -0.0117144 -0.0108783 -0.00981935 -0.00860406 -0.00724731 -0.00580226 -0.00438654 -0.00303588 -0.0018517 -0.000877909 -0.000167897 0.000250166 0.000430234 0.000401877 0.000203344 -0.000100944 -0.000463257 -0.00082287 -0.00114399 -0.00141797 -0.00159601 -0.00169898 -0.00174282 -0.00174396 -0.00172281 -0.00164585 -0.00155016 -0.00145122 -0.00135569 -0.00126907 -0.00115653 -0.00104906 -0.000954948 -0.000875655 -0.000816191 -0.000743695 -0.000684443 
0 -7.71153e-05 -0.000149702 -0.000178126 -0.00020793 -0.000188135 -0.000142046 -5.18729e-05 8.807e-05 0.000246916 0.000463095 0.000691097 0.000951598 0.00123579 0.00156372 0.001957 0.00238899 0.00288301 0.00344391 0.0041206 0.0048707 0.0056544 0.00640819 0.00707882 0.00761901 0.00790116 0.00789317 0.00752123 0.0067842 0.00568862 0.00428188 0.00270867 0.00107148 -0.000517209 -0.00194717 -0.00310184 -0.00392493 -0.00435757 -0.00442019 -0.00408054 -0.00338807 -0.00245058 -0.00127592 2.94314e-05 0.00142346 0.0028435 0.00425262 0.00565161 0.0070097 0.00829037 0.00953485 0.0107176 0.0118011 0.0128241 0.0137535 0.0145882 0.0153003 0.0158913 0.0163353 0.0166045 0.0166752 0.0165473 0.016191 0.0155875 0.0147374 0.0136372 0.0122744 0.0106432 0.00880194 0.0067369 0.00446802 0.0020683 -0.000446339 -0.00307282 -0.00569803 -0.00829967 -0.010855 -0.0132718 -0.0155137 -0.0175803 -0.0193978 -0.0209276 -0.0221718 -0.0231108 -0.023726 -0.0240285 -0.0240387 -0.0237425 -0.0231479 -0.022312 -0.0212642 -0.0199924 -0.0185389 -0.0169447 -0.0152386 -0.0134476 -0.0115833 -0.00966278 -0.00773655 -0.00579095 -0.00381824 -0.00185239 0.000105539 0.00208214 0.00405663 0.00602796 0.00798385 0.00991086 0.0118186 0.013686 0.0154483 0.0171105 0.018674 0.0200879 0.0213094 0.0223347 0.0231412 0.0236916 0.0239728 0.0239908 0.0237036 0.0230916 0.0222034 0.0210234 0.0195396 0.0178172 0.0158669 0.0136763 0.0113442 0.00889452 0.00633847 0.00374973 0.00117722 -0.00138274 -0.0038579 -0.00620912 -0.00841626 -0.0104628 -0.0123044 -0.0139363 -0.0153715 -0.0165806 -0.0175655 -0.0183503 -0.0189421 -0.019348 -0.0196105 -0.0197353 -0.0197847 -0.0197419 -0.0196544 -0.0195775 -0.0194923 -0.0194286 -0.0194349 -0.0194824 -0.019562 -0.019671 -0.0197424 -0.0197636 -0.0196121 -0.0192602 -0.0186614 -0.0177352 -0.0164817 -0.014918 -0.0130919 -0.0110541 -0.00890386 -0.00674729 -0.00473488 -0.00293349 -0.00146201 -0.000398207 0.000256874 0.000521965 0.000493424 0.000204005 -0.000244922 -0.000774626 -0.00130027 -0.00177808 -0.00217352 -0.00243959 -0.00260076 -0.00265748 -0.00267927 -0.00263365 -0.00252854 -0.00239048 -0.00222714 -0.00210286 -0.00194962 -0.00179685 -0.00163635 -0.00148653 -0.00138723 -0.00127129 -0.00118106 -0.001081 
0 -9.37242e-05 -0.000164294 -0.00020793 -0.0002209 -0.000197313 -0.000128727 1.2081e-06 0.000173766 0.000395763 0.000664194 0.000962431 0.00130099 0.0016676 0.0021039 0.00261767 0.00319404 0.00385547 0.00461251 0.00551021 0.00651726 0.00755194 0.00855875 0.00945378 0.0101518 0.0105442 0.0105139 0.010033 0.00906004 0.00760364 0.00577296 0.00368586 0.00154013 -0.000546394 -0.00242097 -0.00392344 -0.00498215 -0.00553428 -0.00557766 -0.00510207 -0.00418137 -0.00290107 -0.00135759 0.000387881 0.00223749 0.00410803 0.00597697 0.00780748 0.00956595 0.0112222 0.0128096 0.0142808 0.0156523 0.0168919 0.0180136 0.0189992 0.0198022 0.0204383 0.0208955 0.0211176 0.0210988 0.0208564 0.0202997 0.0194618 0.0183148 0.0168591 0.0150815 0.0130166 0.0106598 0.00805091 0.00520114 0.00217958 -0.000978884 -0.00422991 -0.00749575 -0.0107422 -0.0139116 -0.016941 -0.0197723 -0.0223725 -0.0246618 -0.0266474 -0.0282701 -0.0295187 -0.0303645 -0.0308271 -0.0308752 -0.0305655 -0.0298928 -0.0289007 -0.0275768 -0.0259984 -0.0241958 -0.0222036 -0.0200095 -0.0177102 -0.0153017 -0.0128129 -0.0102578 -0.00767746 -0.00504985 -0.00243127 0.000212786 0.00285267 0.0054745 0.00806246 0.0106556 0.0131763 0.0156286 0.0179884 0.0202601 0.0223783 0.0243317 0.0260637 0.0275873 0.0288315 0.0297914 0.0304192 0.0307097 0.0306221 0.0301826 0.0293567 0.0281772 0.0266268 0.0247389 0.0225448 0.0200777 0.0173591 0.0144597 0.011401 0.00822389 0.00500778 0.00177847 -0.00139899 -0.00448947 -0.00743966 -0.0102233 -0.0127977 -0.0151637 -0.0172452 -0.019095 -0.0206822 -0.0219945 -0.0230675 -0.0239298 -0.0245563 -0.025001 -0.0253018 -0.0254652 -0.0255416 -0.0255534 -0.0255677 -0.0255737 -0.0256158 -0.0257087 -0.0258693 -0.0260546 -0.0262489 -0.0264204 -0.0264765 -0.0263252 -0.0258932 -0.025115 -0.0239007 -0.0222514 -0.0201682 -0.0177454 -0.0150399 -0.012168 -0.00932201 -0.00662129 -0.00423113 -0.00226392 -0.000819433 6.29301e-05 0.000457096 0.000434752 7.6031e-05 -0.000498031 -0.00118449 -0.00187111 -0.00249122 -0.00300858 -0.00335729 -0.00356152 -0.00364883 -0.00365796 -0.00360503 -0.0034611 -0.00327418 -0.00307611 -0.00289026 -0.00270944 -0.00250107 -0.00229553 -0.00211216 -0.00195713 -0.00182125 -0.00167833 -0.00154958 
0 -8.81094e-05 -0.000159409 -0.000188135 -0.000197313 -0.000156002 -6.48308e-05 8.86656e-05 0.000304385 0.000567512 0.000894173 0.00125914 0.00167292 0.00213575 0.00267712 0.00331577 0.00403753 0.0048635 0.00581395 0.0069317 0.00817382 0.00946325 0.0107095 0.0118174 0.0126847 0.0131568 0.013132 0.012532 0.0113325 0.00955573 0.0073043 0.00476496 0.00213329 -0.000412864 -0.002691 -0.00452251 -0.00580256 -0.00645599 -0.00648042 -0.00586807 -0.00469678 -0.00309653 -0.00115185 0.00101473 0.00330273 0.00561403 0.00789488 0.0101147 0.0122302 0.0142051 0.0160626 0.0177749 0.0193184 0.020703 0.0219157 0.0229456 0.0237615 0.0243676 0.0247425 0.0248503 0.0246748 0.0242168 0.0234351 0.0223235 0.0208767 0.019092 0.0169606 0.0144932 0.011731 0.00868592 0.00538719 0.00190791 -0.00171636 -0.00545498 -0.00920621 -0.0129281 -0.0165743 -0.0200601 -0.023331 -0.0263601 -0.0290691 -0.0314163 -0.0333709 -0.0349042 -0.0359862 -0.0366175 -0.0367987 -0.0365328 -0.0358284 -0.0347369 -0.0332838 -0.0314911 -0.0294033 -0.0270628 -0.024497 -0.0217547 -0.018852 -0.0158153 -0.0126919 -0.0094956 -0.00623279 -0.00295198 0.000336563 0.00362689 0.0068861 0.0100961 0.0132468 0.0163033 0.0192609 0.022093 0.0247526 0.0272182 0.0294767 0.0314729 0.0331709 0.0345412 0.0355574 0.0361804 0.0363988 0.0362037 0.0355792 0.0345157 0.0330567 0.0312005 0.0289633 0.0264012 0.0235409 0.0203962 0.0170556 0.013553 0.00992185 0.0062396 0.00255806 -0.00109355 -0.00464716 -0.00805132 -0.011275 -0.014287 -0.0170514 -0.0195421 -0.0217739 -0.0237205 -0.0253772 -0.0267691 -0.0279125 -0.0288083 -0.029502 -0.0300208 -0.0304079 -0.0306791 -0.030884 -0.0310805 -0.0312681 -0.0314837 -0.0317653 -0.0321001 -0.0324597 -0.0328198 -0.03311 -0.033254 -0.0331161 -0.032618 -0.0316761 -0.0301941 -0.0281596 -0.0255992 -0.0225959 -0.0192428 -0.0156943 -0.012145 -0.00879488 -0.00580525 -0.00334208 -0.00152375 -0.000376833 0.000149978 0.000167307 -0.000233131 -0.000906643 -0.00171934 -0.00254334 -0.00329597 -0.00391782 -0.00434978 -0.00460778 -0.00471809 -0.00473926 -0.00466471 -0.00449422 -0.00426498 -0.00401257 -0.0037838 -0.00354319 -0.00329281 -0.00303938 -0.00280929 -0.00262365 -0.00244195 -0.00227551 -0.00211522 
0 -7.4196e-05 -0.000129122 -0.000142046 -0.000128727 -6.48308e-05 5.40784e-05 0.000236428 0.000488339 0.00079608 0.00117049 0.00159701 0.0020799 0.00263102 0.00327444 0.00403216 0.00489973 0.00589554 0.00704936 0.00838909 0.0098729 0.0114115 0.0128962 0.0142132 0.0152334 0.0157904 0.0157617 0.0150561 0.0136458 0.0115649 0.00893224 0.0059622 0.00287757 -9.9557e-05 -0.00275417 -0.00488678 -0.00636103 -0.00709867 -0.00708162 -0.00632333 -0.00490995 -0.0029846 -0.000663416 0.00191198 0.00461712 0.00733915 0.010004 0.0125672 0.014977 0.0172024 0.0192475 0.0210988 0.0227322 0.0241578 0.0253655 0.0263433 0.0270702 0.0275439 0.0277482 0.0276554 0.0272534 0.0265349 0.0254789 0.0240716 0.0223195 0.0202211 0.0177788 0.0150043 0.0119358 0.0085854 0.00498816 0.00120357 -0.00272682 -0.0067622 -0.0108204 -0.0148505 -0.0188031 -0.0225992 -0.0261819 -0.0295065 -0.0325098 -0.0351403 -0.0373671 -0.0391504 -0.040461 -0.0412833 -0.0416184 -0.0414605 -0.0408228 -0.0397332 -0.0382201 -0.0363063 -0.0340395 -0.0314516 -0.0285782 -0.0254596 -0.0221286 -0.0186114 -0.0149567 -0.0111869 -0.0073312 -0.00343176 0.000479753 0.00438333 0.00823539 0.012014 0.0156921 0.0192365 0.0226227 0.0258292 0.0288102 0.0315414 0.033993 0.0361247 0.0378971 0.0392891 0.0402688 0.0408104 0.0408995 0.0405381 0.039715 0.0384385 0.0367371 0.0346239 0.0321199 0.0292787 0.0261317 0.0227096 0.0190826 0.015293 0.0113811 0.00741426 0.00344874 -0.000483423 -0.00432092 -0.00801832 -0.0115424 -0.0148659 -0.0179464 -0.0207671 -0.0233229 -0.0255965 -0.0275807 -0.0292949 -0.0307502 -0.031956 -0.0329472 -0.0337565 -0.0344256 -0.034977 -0.0354653 -0.035937 -0.0364082 -0.0369058 -0.0374631 -0.0380632 -0.0386757 -0.0392605 -0.0397394 -0.040014 -0.0399434 -0.0394248 -0.0383546 -0.0366401 -0.0342546 -0.0312394 -0.0276816 -0.023706 -0.0194963 -0.0152748 -0.011279 -0.00770519 -0.00474688 -0.00253794 -0.00111282 -0.000418407 -0.000338053 -0.000750667 -0.00149715 -0.00241669 -0.00336397 -0.00423725 -0.00495618 -0.00546633 -0.00577148 -0.00590696 -0.00592684 -0.0058318 -0.00563274 -0.00536278 -0.00506828 -0.00478918 -0.0045012 -0.00420708 -0.00391134 -0.003642 -0.00341425 -0.00319579 -0.00299345 -0.00280309 
0 -4.36029e-05 -5.91255e-05 -5.18729e-05 1.2081e-06 8.86656e-05 0.000236428 0.000450882 0.000729372 0.0010825 0.00149364 0.00197614 0.00252353 0.00315624 0.00390094 0.00477422 0.00578953 0.00696183 0.00832951 0.00989556 0.0116307 0.0134184 0.0151467 0.0166758 0.0178378 0.0184864 0.0184424 0.0176379 0.0160242 0.0136475 0.0106684 0.00728987 0.00379199 0.000421785 -0.00257173 -0.00496867 -0.00660661 -0.00741061 -0.00733595 -0.00642866 -0.00479001 -0.00254623 0.000114148 0.00306761 0.00614586 0.0092235 0.0122195 0.0150608 0.0176927 0.0200953 0.0222493 0.0241407 0.0257803 0.02714 0.0282417 0.0290682 0.0296078 0.029856 0.029812 0.029445 0.0287558 0.0277429 0.0263797 0.0246771 0.0226369 0.0202624 0.0175622 0.0145728 0.0112912 0.00776072 0.00401137 7.78701e-05 -0.00399692 -0.00814769 -0.0123402 -0.016512 -0.0205976 -0.0245472 -0.0283012 -0.0317915 -0.0349681 -0.0377964 -0.0402196 -0.042202 -0.0437154 -0.0447413 -0.0452482 -0.0452499 -0.0447506 -0.0437539 -0.0422616 -0.0403266 -0.0379754 -0.0352359 -0.0321302 -0.0287165 -0.0250279 -0.0211058 -0.0169778 -0.012702 -0.00831582 -0.00386713 0.00061312 0.00506576 0.00945241 0.0137302 0.0178792 0.0218432 0.025584 0.02907 0.0322898 0.0351853 0.0377218 0.0398727 0.0416252 0.0429363 0.0437943 0.0441866 0.0441084 0.0435474 0.0425286 0.0410641 0.0391627 0.0368518 0.0341751 0.0311575 0.0278416 0.0242875 0.0205267 0.0166106 0.0125945 0.00852736 0.00444555 0.000414659 -0.00354319 -0.00738151 -0.0110677 -0.0145683 -0.017867 -0.0209218 -0.0237318 -0.0262858 -0.0285671 -0.0305905 -0.0323699 -0.0339105 -0.035238 -0.0364046 -0.0374151 -0.0383318 -0.0391874 -0.0400193 -0.0408608 -0.041735 -0.042647 -0.0436021 -0.044552 -0.0454334 -0.0461844 -0.0466486 -0.0467131 -0.0462322 -0.0450852 -0.0431885 -0.0405043 -0.0370737 -0.0330039 -0.0284429 -0.0235953 -0.018736 -0.0140998 -0.00995814 -0.00650705 -0.00389544 -0.0021842 -0.00129434 -0.00113207 -0.00152944 -0.00232077 -0.00332247 -0.00437146 -0.00534501 -0.00614784 -0.00672695 -0.00707242 -0.00723665 -0.00724571 -0.00713595 -0.00690963 -0.00660383 -0.00628021 -0.00594429 -0.00562003 -0.00527675 -0.00493998 -0.0046344 -0.00435119 -0.00410491 -0.00385722 -0.00364127 
0 7.58505e-06 2.92794e-05 8.807e-05 0.000173766 0.000304385 0.000488339 0.000729372 0.00104772 0.00142818 0.00188178 0.00241243 0.00301765 0.0037351 0.00457533 0.00556552 0.00673225 0.00808572 0.00966966 0.0114755 0.0134485 0.0155002 0.0174676 0.0192038 0.0205283 0.0212409 0.0212118 0.0202997 0.0184926 0.0158581 0.0125358 0.008807 0.00492339 0.00120189 -0.00208542 -0.00471465 -0.00649846 -0.00734385 -0.00721956 -0.00617867 -0.00431919 -0.00182193 0.00116109 0.00442266 0.00780562 0.0111783 0.0144166 0.0174528 0.0202325 0.0227252 0.0248957 0.0267678 0.0282937 0.0295161 0.030415 0.0309898 0.0312629 0.0312195 0.0308464 0.0301634 0.0291588 0.0278051 0.0261576 0.0241728 0.0218842 0.0192942 0.0164271 0.0132759 0.00990027 0.0062977 0.00251664 -0.00141893 -0.00546686 -0.00959789 -0.0137621 -0.0178989 -0.0219721 -0.0259157 -0.029679 -0.0332098 -0.0364771 -0.0393856 -0.0419293 -0.0440537 -0.0457358 -0.0469283 -0.0476503 -0.0478379 -0.047505 -0.0466378 -0.0452867 -0.0434151 -0.0410537 -0.0382251 -0.0350084 -0.0313842 -0.0274226 -0.0231599 -0.0186684 -0.013968 -0.00914315 -0.00421525 0.000719404 0.00563783 0.0104775 0.0151962 0.0196969 0.0239891 0.0280074 0.0317167 0.0350399 0.0379893 0.0405207 0.0426276 0.0442444 0.0454066 0.0460809 0.0462788 0.0459912 0.0452593 0.0440486 0.0424099 0.0403592 0.0379384 0.0351625 0.0320879 0.0287429 0.0251727 0.021423 0.0175479 0.0135853 0.00956489 0.00555137 0.00154681 -0.00238879 -0.00623032 -0.00994416 -0.0135204 -0.0168951 -0.0201059 -0.02309 -0.0258506 -0.0283916 -0.0307021 -0.0327802 -0.0346698 -0.0363713 -0.0379098 -0.0393448 -0.0406732 -0.0419634 -0.043228 -0.0445107 -0.0458205 -0.0471819 -0.0485566 -0.0499225 -0.0512014 -0.0522736 -0.0530256 -0.0532843 -0.0529065 -0.0517514 -0.0497343 -0.0468055 -0.0430313 -0.038497 -0.0333977 -0.0279786 -0.0224917 -0.0172745 -0.0125719 -0.00864192 -0.00564558 -0.00361825 -0.00253833 -0.00226109 -0.00262013 -0.00343126 -0.00448217 -0.00560788 -0.00666163 -0.00752647 -0.00816422 -0.00855098 -0.00872755 -0.00874056 -0.00859938 -0.0083542 -0.00802189 -0.00765397 -0.00728728 -0.00690402 -0.0065298 -0.0061534 -0.00579945 -0.00548467 -0.00518113 -0.00491087 -0.00465795 
0 6.33062e-05 0.000151094 0.000246916 0.000395763 0.000567512 0.00079608 0.0010825 0.00142818 0.0018581 0.00234708 0.00292785 0.00359431 0.00438792 0.005327 0.00643606 0.0077542 0.0092974 0.0111079 0.0131428 0.0153733 0.0176652 0.019876 0.0218226 0.0232788 0.0240936 0.0240513 0.023069 0.0210988 0.0182178 0.014627 0.01056 0.00634395 0.00230291 -0.00125951 -0.0041006 -0.00601245 -0.00691565 -0.00674305 -0.00558996 -0.00357857 -0.000844828 0.00235709 0.00587061 0.00948427 0.0130568 0.0164681 0.0196172 0.0224435 0.024938 0.0270463 0.0287727 0.0301437 0.0311291 0.0317614 0.0320328 0.0319723 0.0315663 0.0308416 0.0298 0.0284591 0.0268146 0.0248799 0.0226641 0.0201821 0.017438 0.0144563 0.0112805 0.00788444 0.00432277 0.000627492 -0.00320287 -0.00712973 -0.0110748 -0.0150649 -0.0190363 -0.0229334 -0.0267367 -0.0304038 -0.0338469 -0.0370479 -0.0399685 -0.0425558 -0.0447598 -0.0465597 -0.0479166 -0.0487833 -0.0491568 -0.0490363 -0.0483706 -0.0471424 -0.0453897 -0.043112 -0.040319 -0.0370351 -0.0332972 -0.0291654 -0.0246988 -0.0199193 -0.0149136 -0.00975865 -0.00449209 0.000820676 0.00608495 0.0112574 0.0162712 0.0210683 0.0255889 0.0297591 0.0335383 0.0369269 0.039859 0.0422896 0.0442365 0.0457004 0.0466591 0.0471231 0.047113 0.0466298 0.045686 0.0443235 0.0425792 0.0404401 0.0379645 0.0352006 0.0321586 0.028884 0.0254587 0.0218578 0.0181415 0.0143621 0.0105292 0.00666631 0.00284632 -0.000946207 -0.00467664 -0.00831316 -0.0118343 -0.0152303 -0.0184744 -0.021543 -0.0244463 -0.0271714 -0.0297191 -0.0320906 -0.0343108 -0.036373 -0.0383266 -0.040163 -0.0419529 -0.0437122 -0.0454551 -0.0472394 -0.0490679 -0.0509221 -0.0528028 -0.0546553 -0.0563736 -0.0578745 -0.0589547 -0.0594969 -0.0592964 -0.058198 -0.0561315 -0.0530365 -0.0489694 -0.0440502 -0.0384884 -0.0325415 -0.0265312 -0.0207528 -0.0155567 -0.0111762 -0.00778541 -0.00546743 -0.00415356 -0.00375551 -0.00404819 -0.00484812 -0.00593344 -0.00711201 -0.0082252 -0.00914306 -0.00982588 -0.0102405 -0.0104374 -0.0104263 -0.010268 -0.0099918 -0.00962829 -0.00923805 -0.00881062 -0.00840034 -0.00797675 -0.00756616 -0.0071828 -0.00680756 -0.00648429 -0.00616433 -0.00588926 
0 0.000143698 0.000296438 0.000463095 0.000664194 0.000894173 0.00117049 0.00149364 0.00188178 0.00234708 0.00288173 0.00351315 0.00424695 0.00513132 0.00618236 0.00742426 0.00891126 0.0106547 0.0126896 0.0149691 0.0174306 0.0199742 0.0224122 0.024553 0.026163 0.0270409 0.0270209 0.0259597 0.0238428 0.0207656 0.0169148 0.0125779 0.00806264 0.00374005 -6.63901e-05 -0.00310693 -0.00516785 -0.00613748 -0.00597406 -0.00476734 -0.00263967 0.000225524 0.00361008 0.00728225 0.0110392 0.0147329 0.0182122 0.0213738 0.0241702 0.0265742 0.0285322 0.030073 0.0311802 0.0318853 0.0321895 0.0321048 0.0316871 0.0309271 0.0298338 0.0284587 0.0268073 0.0248634 0.0227003 0.0202979 0.0176843 0.0148663 0.0118742 0.00870944 0.00539794 0.00195857 -0.00156731 -0.00518557 -0.0088579 -0.0125511 -0.0162665 -0.0199501 -0.0235736 -0.0271129 -0.0305341 -0.0337874 -0.0368637 -0.0396818 -0.0422238 -0.0444357 -0.046293 -0.0477404 -0.048765 -0.0493019 -0.0493428 -0.048838 -0.0478123 -0.0462245 -0.0440605 -0.0413338 -0.038114 -0.0343732 -0.0301845 -0.0256061 -0.020698 -0.015515 -0.0101634 -0.00467139 0.000846399 0.00632667 0.0117069 0.0169094 0.0218185 0.0264322 0.0306656 0.0344606 0.0377668 0.040587 0.0428826 0.0446733 0.0459229 0.0466712 0.04692 0.0467047 0.0460354 0.044962 0.0434808 0.0416553 0.0394993 0.0370697 0.0343938 0.0315018 0.0284219 0.0252058 0.0218542 0.0184144 0.0149207 0.0113674 0.00779534 0.00422069 0.000665479 -0.00285472 -0.00631131 -0.00969873 -0.0129832 -0.0161978 -0.0192803 -0.0222472 -0.0251086 -0.0278364 -0.0304288 -0.0329359 -0.0353359 -0.0376516 -0.0399236 -0.0421619 -0.0444082 -0.0466624 -0.0489764 -0.0513506 -0.0537696 -0.0561998 -0.0585992 -0.0608458 -0.0627988 -0.0642971 -0.065162 -0.0651957 -0.064231 -0.0621871 -0.0590087 -0.0547554 -0.0495409 -0.0436077 -0.0372442 -0.0307555 -0.0245181 -0.0188619 -0.0140694 -0.0103255 -0.00769442 -0.00616836 -0.00561342 -0.00582019 -0.00658612 -0.00767023 -0.00888275 -0.0100358 -0.0109947 -0.0117208 -0.0121737 -0.0123844 -0.0123734 -0.0121863 -0.0118858 -0.0114942 -0.0110556 -0.0105877 -0.0101154 -0.00965508 -0.00920544 -0.00877719 -0.00837369 -0.00800277 -0.00766729 -0.00736462 
0 0.000225633 0.000456212 0.000691097 0.000962431 0.00125914 0.00159701 0.00197614 0.00241243 0.00292785 0.00351315 0.0042025 0.00501263 0.00599147 0.00716152 0.00855172 0.0102174 0.0121791 0.014456 0.0169838 0.0196977 0.02248 0.0251449 0.0274727 0.0292091 0.0301604 0.0301381 0.0290154 0.0267711 0.0235102 0.0194438 0.0148491 0.010062 0.00546965 0.00141666 -0.00183149 -0.00405165 -0.00512742 -0.00501025 -0.00380412 -0.001647 0.00128589 0.00474245 0.00849068 0.012308 0.0160337 0.0195087 0.0226139 0.0252948 0.0275306 0.0292696 0.0305337 0.0313435 0.0317162 0.0316709 0.0312292 0.0304514 0.0293347 0.027909 0.0262243 0.0243012 0.0221377 0.0197891 0.0172592 0.0145708 0.0117327 0.00877803 0.00572521 0.00256651 -0.000666288 -0.00394362 -0.00728115 -0.0106466 -0.0139924 -0.0173462 -0.0206671 -0.0239277 -0.0271232 -0.0302329 -0.0332012 -0.036025 -0.0386603 -0.041077 -0.0432194 -0.0450607 -0.0465458 -0.0476305 -0.0482742 -0.0484608 -0.0481192 -0.0472382 -0.0458073 -0.0438062 -0.041236 -0.0381307 -0.0344842 -0.0303642 -0.0258309 -0.0209218 -0.0157176 -0.0103228 -0.00477876 0.000808564 0.00634014 0.0117547 0.0169685 0.0218814 0.0264547 0.0306053 0.0342844 0.0374752 0.0401463 0.042259 0.043848 0.0449098 0.0454624 0.0455289 0.0451507 0.0443444 0.0431607 0.0416353 0.0398223 0.037728 0.0354129 0.0329094 0.0302318 0.0274127 0.0245044 0.0214783 0.0183766 0.015232 0.012031 0.00879754 0.00556814 0.00233125 -0.000902147 -0.00410775 -0.00728192 -0.0104132 -0.0135082 -0.0165264 -0.0194861 -0.0223931 -0.0252268 -0.0279851 -0.0307096 -0.0333802 -0.036021 -0.0386572 -0.041323 -0.044037 -0.0468024 -0.0496672 -0.0526203 -0.0556248 -0.0586484 -0.0616294 -0.0644286 -0.0669005 -0.0688544 -0.0701147 -0.0704557 -0.0696998 -0.0677654 -0.064594 -0.0602379 -0.0548298 -0.048625 -0.041928 -0.0350744 -0.028443 -0.0224082 -0.0172544 -0.0131761 -0.0102634 -0.00850687 -0.00779386 -0.00789998 -0.0086146 -0.00969489 -0.0109283 -0.0121163 -0.0131154 -0.0138803 -0.0143691 -0.0145974 -0.0145782 -0.0143735 -0.0140464 -0.0136276 -0.013154 -0.0126369 -0.0121227 -0.011621 -0.0111375 -0.010674 -0.0102265 -0.00982039 -0.00944695 -0.00911326 
0 0.000319058 0.000637931 0.000951598 0.00130099 0.00167292 0.0020799 0.00252353 0.00301765 0.00359431 0.00424695 0.00501263 0.00591791 0.00700848 0.00831681 0.00987441 0.0117352 0.0139286 0.0164545 0.0192373 0.0222055 0.0252245 0.0281097 0.030615 0.0324697 0.0334827 0.0334481 0.0322572 0.029885 0.0264446 0.0221696 0.0173279 0.012283 0.00742859 0.00312752 -0.00034057 -0.00274995 -0.00397612 -0.00397099 -0.00283955 -0.000734957 0.00217423 0.00561112 0.0093411 0.0131255 0.0167894 0.0201711 0.0231411 0.025642 0.0276532 0.0291346 0.0300932 0.0305821 0.0306083 0.030211 0.0294258 0.0283161 0.0268911 0.0251916 0.0232619 0.0211293 0.0188098 0.0163383 0.0137481 0.0110505 0.00826122 0.00540512 0.0025135 -0.000440537 -0.00341281 -0.00638733 -0.00938069 -0.012377 -0.0153325 -0.0182822 -0.021197 -0.0240482 -0.0268432 -0.0295725 -0.0321959 -0.0347045 -0.0370799 -0.039279 -0.0412602 -0.0429916 -0.044431 -0.0455075 -0.0461908 -0.0464436 -0.0462093 -0.0454546 -0.04418 -0.042346 -0.0399631 -0.0370426 -0.0335953 -0.029661 -0.0253055 -0.0205529 -0.0154983 -0.0102298 -0.00481497 0.000653592 0.00605713 0.0113371 0.0163921 0.0211431 0.0255338 0.0295011 0.0329839 0.035983 0.0384552 0.0403834 0.0417884 0.0426869 0.043079 0.0430143 0.042534 0.0416719 0.0404676 0.0389808 0.0372501 0.0352957 0.0331709 0.03091 0.0285115 0.0260077 0.023441 0.0207808 0.0180634 0.0153145 0.012517 0.00967357 0.00682872 0.00395037 0.00105106 -0.0018538 -0.00475773 -0.00767601 -0.0105903 -0.0134861 -0.0163739 -0.0192554 -0.0221155 -0.0249589 -0.0278187 -0.0306873 -0.03359 -0.0365397 -0.0395875 -0.0427276 -0.0459726 -0.0493583 -0.0528703 -0.0564539 -0.060077 -0.0636537 -0.0670305 -0.0700504 -0.072498 -0.074195 -0.0748946 -0.0744156 -0.0726671 -0.0695933 -0.0652332 -0.0597371 -0.0533662 -0.0464366 -0.0393148 -0.0323806 -0.0260466 -0.0205993 -0.0162415 -0.013087 -0.0111248 -0.0102604 -0.0102647 -0.0109187 -0.0119824 -0.0132238 -0.0144362 -0.015474 -0.0162795 -0.0168121 -0.0170694 -0.0170572 -0.016852 -0.0165125 -0.0160783 -0.015578 -0.0150186 -0.0144646 -0.0139205 -0.0134004 -0.0128981 -0.0124043 -0.0119582 -0.0115413 -0.0111698 
0 0.000418581 0.00082412 0.00123579 0.0016676 0.00213575 0.00263102 0.00315624 0.0037351 0.00438792 0.00513132 0.00599147 0.00700848 0.00822662 0.00969153 0.0114282 0.0135025 0.0159394 0.0187161 0.0217723 0.0249817 0.0282444 0.0313326 0.0339921 0.0359662 0.0370025 0.0369607 0.0356824 0.0331759 0.0295656 0.0250621 0.0199797 0.0146633 0.00953031 0.00495634 0.00123875 -0.00141221 -0.00283049 -0.00301246 -0.00203686 -5.44603e-05 0.00271412 0.00605144 0.00965773 0.0133171 0.0168396 0.0200524 0.0228212 0.0251031 0.0268515 0.0280471 0.0287176 0.0288768 0.028593 0.0278791 0.0267941 0.0253991 0.0237343 0.0218114 0.0197123 0.0174524 0.0150411 0.0125374 0.00995826 0.00731567 0.00463382 0.00194705 -0.000758341 -0.0034487 -0.00612478 -0.00876919 -0.0113939 -0.0139758 -0.0165314 -0.0190472 -0.021522 -0.0239466 -0.026322 -0.0286278 -0.030864 -0.0330188 -0.0350568 -0.036959 -0.0386956 -0.0402268 -0.0415009 -0.0424873 -0.0431244 -0.0433641 -0.0431591 -0.0425089 -0.0413649 -0.0396998 -0.0375159 -0.0348489 -0.0316758 -0.028038 -0.0239771 -0.0195526 -0.0148167 -0.0098663 -0.00476553 0.000368312 0.00545658 0.010414 0.0151555 0.0195784 0.0236622 0.0273447 0.0305731 0.0333075 0.0355589 0.0373075 0.0385604 0.0393177 0.0396247 0.0395087 0.0390122 0.0381795 0.037067 0.0357021 0.034131 0.032398 0.0305291 0.0285468 0.0264711 0.0243259 0.0221112 0.0198493 0.017541 0.0152002 0.0128117 0.0103944 0.00792867 0.00543387 0.00289116 0.000311772 -0.00230396 -0.0049516 -0.00764993 -0.0103645 -0.0131063 -0.0159008 -0.0187141 -0.0215677 -0.0244932 -0.0274942 -0.0305685 -0.033781 -0.0371234 -0.0406258 -0.0442942 -0.0481429 -0.0521617 -0.0562977 -0.0604853 -0.0646381 -0.0686009 -0.0721552 -0.0751369 -0.0772881 -0.0783874 -0.0782437 -0.076736 -0.0738296 -0.0695507 -0.0640544 -0.0576141 -0.0505665 -0.0432638 -0.0361511 -0.0295998 -0.0239418 -0.0193845 -0.0160234 -0.0139116 -0.0129052 -0.0128261 -0.0134319 -0.0144777 -0.0157382 -0.0169781 -0.0180656 -0.0189227 -0.019511 -0.0198044 -0.0198203 -0.0196206 -0.0192836 -0.0188465 -0.0183208 -0.0177456 -0.0171484 -0.0165784 -0.0160249 -0.0154787 -0.0149549 -0.0144491 -0.0139972 -0.0135738 
0 0.000530154 0.00104864 0.00156372 0.0021039 0.00267712 0.00327444 0.00390094 0.00457533 0.005327 0.00618236 0.00716152 0.00831681 0.00969153 0.0113262 0.0132747 0.0155723 0.0182658 0.0213102 0.0246169 0.0280892 0.031555 0.0348298 0.0376232 0.0396574 0.0407232 0.0406125 0.0392403 0.0365859 0.0327752 0.0280534 0.0227008 0.0171029 0.011669 0.0067851 0.00276073 -0.000168792 -0.00187144 -0.0023059 -0.0015637 0.000182778 0.00275645 0.00587446 0.00928455 0.0127467 0.0160531 0.0190411 0.0215857 0.0236076 0.0250907 0.0260245 0.0263987 0.0263023 0.025743 0.0247771 0.0234694 0.0218665 0.0200101 0.0179639 0.0157562 0.0134311 0.0110326 0.00855685 0.00606047 0.003546 0.00103327 -0.00146462 -0.00390621 -0.00632313 -0.00868081 -0.0109804 -0.0132255 -0.015427 -0.0175544 -0.0196331 -0.0216746 -0.0236572 -0.0255923 -0.0274864 -0.0293121 -0.0310446 -0.0327095 -0.034257 -0.0356638 -0.0368968 -0.0379348 -0.0386973 -0.0391797 -0.0393362 -0.0391336 -0.0384965 -0.0374423 -0.0359492 -0.0340184 -0.0316102 -0.0287742 -0.0255211 -0.0219003 -0.0179265 -0.0136904 -0.00924261 -0.00467859 -5.26192e-05 0.0045155 0.0089639 0.0132088 0.0172133 0.0208746 0.0241644 0.0270457 0.0295267 0.0315431 0.033103 0.0342138 0.0349228 0.0352092 0.035134 0.0347301 0.0340376 0.0330794 0.0319414 0.030628 0.029166 0.0275955 0.0259458 0.0242119 0.022431 0.0206174 0.0187497 0.0168446 0.0149077 0.0129301 0.0108937 0.0088333 0.00670597 0.00451779 0.00227262 -2.33719e-05 -0.0024041 -0.0048234 -0.00731248 -0.00987437 -0.0125047 -0.0152206 -0.0180332 -0.0209505 -0.0240014 -0.0272008 -0.0305567 -0.0341364 -0.0379138 -0.0419198 -0.0461675 -0.0506268 -0.0552416 -0.0599549 -0.06464 -0.0691328 -0.0732357 -0.0767055 -0.0793289 -0.0808386 -0.081043 -0.0798267 -0.0771348 -0.0730024 -0.0675982 -0.0611885 -0.0541105 -0.0467658 -0.0395508 -0.0328994 -0.0271152 -0.0224111 -0.0189361 -0.0166869 -0.0155944 -0.0154523 -0.0160251 -0.0170884 -0.0183722 -0.0196715 -0.0208317 -0.0217653 -0.0224338 -0.0227917 -0.0228533 -0.0226904 -0.0223677 -0.0219358 -0.0214072 -0.0208051 -0.0201911 -0.0195843 -0.0190014 -0.0184285 -0.0178602 -0.0173306 -0.0168306 -0.016374 
0 0.000663673 0.00130884 0.001957 0.00261767 0.00331577 0.00403216 0.00477422 0.00556552 0.00643606 0.00742426 0.00855172 0.00987441 0.0114282 0.0132747 0.0154502 0.0180095 0.0209722 0.0242741 0.0278492 0.0315326 0.0351973 0.038605 0.0414723 0.0435476 0.0445526 0.0443577 0.0428287 0.0399843 0.0359603 0.0309697 0.0253396 0.0194361 0.0136738 0.00844525 0.0040792 0.000787469 -0.00124585 -0.00203122 -0.00161747 -0.000161302 0.00210127 0.00496033 0.00810467 0.0113178 0.0143766 0.0171168 0.0194059 0.0211931 0.0224255 0.0231149 0.0232816 0.0229524 0.022198 0.0210507 0.0195895 0.0178503 0.0159177 0.0138048 0.0115837 0.00928011 0.00692685 0.00455394 0.00219945 -0.000140955 -0.0024347 -0.00466629 -0.00686106 -0.00896957 -0.0110078 -0.0129729 -0.0148565 -0.016648 -0.0183983 -0.0200649 -0.0216779 -0.0232335 -0.0247404 -0.0261756 -0.0275692 -0.0288953 -0.0301385 -0.0312648 -0.0322802 -0.033141 -0.0338206 -0.0343083 -0.034566 -0.0345318 -0.0342069 -0.0335815 -0.0326063 -0.0312606 -0.0295398 -0.0274554 -0.0250186 -0.0222347 -0.0191257 -0.0157628 -0.0121747 -0.00841001 -0.00454733 -0.000653387 0.00323054 0.00701732 0.0106432 0.0140505 0.0171982 0.0200531 0.0225691 0.0247003 0.0264722 0.0278937 0.0289349 0.0296171 0.0299775 0.0300325 0.0298052 0.029348 0.0286757 0.0278191 0.0268011 0.0256827 0.0244623 0.023168 0.0218157 0.0204268 0.0189691 0.0175008 0.0159892 0.0144324 0.0128303 0.0111869 0.00946029 0.00769197 0.00585357 0.00394161 0.00196375 -9.64931e-05 -0.0022461 -0.00448606 -0.00681937 -0.00927164 -0.0118278 -0.0145296 -0.0173768 -0.0204128 -0.0236318 -0.0270954 -0.030799 -0.0347748 -0.0390415 -0.0435888 -0.0484071 -0.0534391 -0.0585959 -0.0637485 -0.0687339 -0.073293 -0.0772409 -0.0802764 -0.0821775 -0.0827453 -0.0818262 -0.0793991 -0.0754801 -0.0702406 -0.0639485 -0.0569514 -0.0496321 -0.0424434 -0.0357577 -0.0299269 -0.0251677 -0.0216025 -0.0193005 -0.018134 -0.0179682 -0.0185476 -0.0196371 -0.0209941 -0.0223768 -0.0236557 -0.0247131 -0.0255024 -0.0259672 -0.0261207 -0.0260215 -0.0257439 -0.0253386 -0.024813 -0.0242173 -0.0235802 -0.0229589 -0.0223522 -0.0217509 -0.0211717 -0.0206065 -0.0200921 -0.019605 
0 0.000805676 0.00159506 0.00238899 0.00319404 0.00403753 0.00489973 0.00578953 0.00673225 0.0077542 0.00891126 0.0102174 0.0117352 0.0135025 0.0155723 0.0180095 0.0208329 0.0240675 0.0276327 0.0314361 0.035331 0.0391325 0.0426261 0.0455123 0.047533 0.0484368 0.0480626 0.0463277 0.0432453 0.0389528 0.0336716 0.0277212 0.0214772 0.015351 0.00973434 0.00496315 0.00127973 -0.0011645 -0.00234643 -0.002318 -0.00123842 0.000680183 0.00320004 0.00604227 0.00898432 0.0117879 0.0142888 0.0163714 0.0179442 0.018976 0.0194799 0.0194632 0.0189885 0.0180993 0.0168511 0.015326 0.0135458 0.0115889 0.00950793 0.00733355 0.00511133 0.00289179 0.000675478 -0.00149803 -0.00362299 -0.00567554 -0.00765274 -0.00954916 -0.0113471 -0.0130591 -0.0146907 -0.0162256 -0.0176746 -0.0190481 -0.0203226 -0.0215333 -0.0226744 -0.0237515 -0.024765 -0.0257142 -0.0265729 -0.0273584 -0.0280371 -0.0286089 -0.0290425 -0.0293251 -0.0294364 -0.0293731 -0.0291067 -0.0286471 -0.0279392 -0.0269727 -0.0257661 -0.0243028 -0.0225426 -0.0205368 -0.0182888 -0.0158134 -0.0131563 -0.0103501 -0.00740982 -0.00441081 -0.00137149 0.00166597 0.00463633 0.0075085 0.0102623 0.0128041 0.0151223 0.0172118 0.0190405 0.0205834 0.0218603 0.0228557 0.0236045 0.0241046 0.0243672 0.0244055 0.0242486 0.0238983 0.023408 0.0227766 0.0220343 0.0211971 0.0202879 0.0193159 0.0183065 0.0172378 0.016133 0.0149768 0.0137624 0.0125022 0.0111901 0.00981089 0.00837324 0.00686229 0.0052696 0.00359814 0.00182761 -2.67293e-05 -0.00199922 -0.00409256 -0.00631013 -0.00868211 -0.0112313 -0.0139478 -0.016894 -0.0200779 -0.023532 -0.0272988 -0.0313887 -0.0358295 -0.0406131 -0.0457052 -0.0510604 -0.0565768 -0.0621028 -0.0674739 -0.0724421 -0.076772 -0.0801893 -0.0824495 -0.0833507 -0.0827445 -0.0805863 -0.0769155 -0.071895 -0.065786 -0.0589361 -0.0517474 -0.0446452 -0.0380197 -0.0322101 -0.0274398 -0.0238647 -0.021523 -0.0203444 -0.0201864 -0.0208055 -0.0219779 -0.0234322 -0.024957 -0.0263948 -0.027623 -0.0285835 -0.0292035 -0.0295004 -0.0295186 -0.0293296 -0.0289906 -0.0285157 -0.0279528 -0.0273388 -0.0267202 -0.0261104 -0.0255043 -0.024911 -0.0243373 -0.0238002 -0.0232944 
0 0.000966873 0.00192259 0.00288301 0.00385547 0.0048635 0.00589554 0.00696183 0.00808572 0.0092974 0.0106547 0.0121791 0.0139286 0.0159394 0.0182658 0.0209722 0.0240675 0.0275582 0.0313534 0.0353487 0.0393899 0.0432737 0.0467772 0.0496057 0.0515046 0.0522254 0.0516105 0.0495989 0.0462158 0.0416023 0.0359762 0.0296627 0.0230425 0.0165178 0.0104808 0.00527315 0.00114793 -0.00174666 -0.00338193 -0.00379456 -0.00313085 -0.00160125 0.000560876 0.00308996 0.00575817 0.00832018 0.0106083 0.0125111 0.0139298 0.0148269 0.0152177 0.015114 0.014569 0.0136257 0.0123539 0.0108337 0.00908755 0.00720022 0.00522415 0.00318006 0.00111041 -0.00093622 -0.00295521 -0.00491222 -0.00679989 -0.00858946 -0.0102898 -0.0119039 -0.013404 -0.0148061 -0.0161217 -0.017324 -0.0184288 -0.0194591 -0.0203839 -0.0212259 -0.0219814 -0.0226488 -0.0232237 -0.023719 -0.0241195 -0.0244295 -0.0246197 -0.0247092 -0.024674 -0.0245123 -0.0242314 -0.0238262 -0.023266 -0.0225931 -0.0217821 -0.0208199 -0.0197235 -0.0184837 -0.0170774 -0.0155582 -0.0139091 -0.0121307 -0.0102708 -0.00833915 -0.00632435 -0.00428787 -0.00222046 -0.000127613 0.00193716 0.00395706 0.00593748 0.00781046 0.00957531 0.011219 0.012703 0.0140273 0.0152154 0.0162209 0.0170646 0.0177485 0.0182645 0.0186153 0.0188252 0.0188726 0.0187871 0.0185722 0.0182549 0.0178378 0.017338 0.0167628 0.016124 0.0154041 0.0146413 0.0138193 0.0129261 0.0119847 0.0109837 0.0099013 0.00876104 0.00755074 0.00625131 0.00486926 0.00338433 0.00180052 8.61664e-05 -0.0017578 -0.00373529 -0.00588536 -0.00823526 -0.0107795 -0.0135896 -0.0166858 -0.0200935 -0.023856 -0.0279931 -0.0325296 -0.0374515 -0.0427275 -0.0483132 -0.0540916 -0.0598999 -0.0655671 -0.0708414 -0.0754713 -0.0791811 -0.0817319 -0.0829213 -0.0825921 -0.0806989 -0.0772864 -0.0725085 -0.0666201 -0.0599669 -0.0529588 -0.0460123 -0.0395084 -0.0337878 -0.0290801 -0.0255456 -0.0232251 -0.0220689 -0.0219522 -0.0226434 -0.0239172 -0.0255076 -0.0272089 -0.0288549 -0.03031 -0.0315 -0.0323482 -0.0328606 -0.0330697 -0.0330376 -0.0328238 -0.0324538 -0.0319732 -0.0314209 -0.0308402 -0.0302537 -0.0296643 -0.0290803 -0.0285125 -0.0279722 -0.0274613 
0 0.00114738 0.00229209 0.00344391 0.00461251 0.00581395 0.00704936 0.00832951 0.00966966 0.0111079 0.0126896 0.014456 0.0164545 0.0187161 0.0213102 0.0242741 0.0276327 0.0313534 0.0353356 0.0394822 0.0436 0.0475053 0.0509353 0.0536171 0.055314 0.0557591 0.0548372 0.0524782 0.0487368 0.0437552 0.0377362 0.0310174 0.023978 0.0170124 0.0105125 0.00483606 0.000227547 -0.00313637 -0.00524701 -0.00611844 -0.00587369 -0.00474636 -0.00293578 -0.000712452 0.00170109 0.00405702 0.00618619 0.00796165 0.00930041 0.0101361 0.0104834 0.0103808 0.00984154 0.00893559 0.00772824 0.0062948 0.00465326 0.00290528 0.00107832 -0.000783166 -0.0026475 -0.00447876 -0.00625529 -0.00796492 -0.0096018 -0.0111338 -0.0125582 -0.0139066 -0.0151157 -0.0162229 -0.0172384 -0.0181417 -0.0189234 -0.0196358 -0.0202258 -0.0207115 -0.0210963 -0.0213806 -0.0215342 -0.0215796 -0.0215143 -0.0213283 -0.0210158 -0.0206131 -0.0201036 -0.0194783 -0.018786 -0.0180191 -0.0171651 -0.0162652 -0.0153328 -0.0143467 -0.0133532 -0.0123406 -0.0113143 -0.0103001 -0.00929091 -0.00825909 -0.00725713 -0.00624789 -0.00521645 -0.00418579 -0.00314868 -0.00206172 -0.000970246 0.000149112 0.00129983 0.0024603 0.00362937 0.00481645 0.00596262 0.00709083 0.00819687 0.00922984 0.0101884 0.0110916 0.0118898 0.0125784 0.0131757 0.0136554 0.014011 0.0142523 0.0143912 0.0144039 0.0143118 0.0141294 0.0138591 0.0134776 0.0130494 0.0125356 0.011937 0.0112814 0.0105709 0.00975243 0.00888605 0.00793853 0.00689212 0.00575872 0.00453738 0.00320153 0.0017438 0.000157844 -0.00158259 -0.00350038 -0.0056402 -0.00799772 -0.0106451 -0.0136063 -0.016928 -0.0206212 -0.0247482 -0.0293148 -0.0342963 -0.039678 -0.045403 -0.0513429 -0.0573351 -0.063205 -0.0686832 -0.0735341 -0.0774471 -0.0802123 -0.0816203 -0.0814986 -0.0798243 -0.0766345 -0.0720841 -0.0664211 -0.0599916 -0.053195 -0.0464552 -0.0401163 -0.0345324 -0.0299389 -0.0264754 -0.0242232 -0.0231157 -0.0230746 -0.0238757 -0.0252814 -0.0270601 -0.0289833 -0.0308956 -0.0326374 -0.0341159 -0.0352617 -0.0360573 -0.0365277 -0.0367214 -0.0366982 -0.036495 -0.0361586 -0.0357206 -0.035231 -0.0347129 -0.0341791 -0.0336451 -0.033111 -0.0326019 -0.0321117 
