0 0 0 0 0 0 0 0 0 0 0 0 0 0 0 0 0 0 0 0 0 0 0 0 0 0 0 0 0 0 0 0 0 0 0 0 0 0 0 0 0 0 0 0 0 0 0 0 0 0 0 0 0 0 0 0 0 0 0 0 0 0 0 0 0 0 0 0 0 0 0 0 0 0 0 0 0 0 0 0 0 0 0 0 0 0 0 0 0 0 0 0 0 0 0 0 0 0 0 0 0 0 0 0 0 0 0 0 0 0 0 0 0 0 0 0 0 0 0 0 0 0 0 0 0 0 0 0 0 0 0 0 0 0 0 0 0 0 0 0 0 0 0 0 0 0 0 0 0 0 0 0 0 0 0 0 0 0 0 0 0 0 0 0 0 0 0 0 0 0 0 0 0 0 0 0 0 0 0 0 0 0 0 0 0 0 0 0 0 0 0 0 0 0 0 0 0 0 0 0 
0 -3.59679e-05 -6.41623e-05 -7.15196e-05 -8.13721e-05 -7.55149e-05 -5.70939e-05 -1.82805e-05 4.43509e-05 0.000105971 0.00018759 0.000272971 0.000373428 0.000486313 0.000600208 0.000741997 0.000890386 0.00106607 0.00126511 0.00149227 0.00175346 0.00200817 0.00224943 0.00244725 0.00259002 0.00264497 0.00258482 0.00240065 0.0020945 0.00168238 0.00117534 0.000632193 8.14979e-05 -0.000428793 -0.000870935 -0.00121868 -0.00142858 -0.00151172 -0.00146227 -0.00128254 -0.000994271 -0.000623474 -0.000192212 0.000269478 0.000761101 0.00125074 0.00172522 0.00220621 0.00266197 0.00310001 0.00352366 0.00392497 0.00430594 0.00466033 0.00498183 0.00527667 0.00552181 0.00570776 0.00584304 0.00590092 0.00587643 0.00577336 0.00558629 0.00529983 0.00492247 0.00445864 0.00389662 0.00324583 0.00252644 0.001731 0.00086995 -2.72229e-05 -0.000964872 -0.00191932 -0.00285878 -0.0037741 -0.00464718 -0.00544934 -0.00617848 -0.00681817 -0.00735213 -0.00777566 -0.00809048 -0.00829793 -0.00839466 -0.00838617 -0.00828276 -0.0080769 -0.00777896 -0.0074227 -0.00699541 -0.00649356 -0.00595477 -0.00539202 -0.00479597 -0.00419085 -0.00358005 -0.00296748 -0.00236856 -0.00177753 -0.00118129 -0.00059836 -1.72734e-05 0.000571096 0.00116127 0.00176322 0.00238176 0.00299026 0.00360562 0.00423665 0.00484986 0.00543267 0.00599893 0.00652964 0.00701187 0.00743906 0.00779903 0.00808523 0.00829066 0.00840811 0.00843471 0.00835591 0.00816575 0.00787357 0.00746937 0.00696027 0.00635629 0.00565661 0.00487556 0.00403732 0.00314458 0.00222493 0.00129643 0.000364005 -0.000552749 -0.00143442 -0.00227639 -0.00306828 -0.00379191 -0.0044449 -0.00503034 -0.00553678 -0.00595233 -0.00630062 -0.0065665 -0.00674832 -0.00687341 -0.00694053 -0.0069561 -0.00694287 -0.00690423 -0.00685606 -0.00680912 -0.00675658 -0.00673378 -0.0067223 -0.00671912 -0.00673768 -0.00675491 -0.00675295 -0.0067158 -0.00662099 -0.00644931 -0.00618163 -0.00579769 -0.00532202 -0.0047449 -0.004086 -0.00337934 -0.00265508 -0.00195668 -0.00130826 -0.000758693 -0.000332706 -4.81991e-05 0.00011268 0.000153079 9.39502e-05 -2.77611e-05 -0.000195569 -0.000366195 -0.000544284 -0.000693425 -0.000799783 -0.000870783 -0.000902704 -0.000925372 -0.000918506 -0.000891448 -0.000849959 -0.000797726 -0.00074991 -0.000690711 -0.000630174 -0.000567336 -0.000507315 -0.000456205 -0.000407108 -0.000367168 -0.000330257 
0 -6.41623e-05 -9.94397e-05 -0.000122939 -0.000122871 -0.000117684 -8.08923e-05 1.94739e-06 0.000104033 0.00023726 0.000375478 0.000541797 0.00073851 0.000941918 0.00118841 0.001453 0.00176673 0.00212573 0.0025211 0.00300227 0.00351026 0.00403704 0.00451833 0.00491046 0.00520547 0.00530537 0.00518861 0.00481852 0.00420251 0.00337274 0.0023663 0.00126774 0.000181567 -0.000834862 -0.0017157 -0.0023781 -0.00280675 -0.00294704 -0.00284726 -0.00249334 -0.00191336 -0.00118251 -0.000327643 0.000599633 0.00158117 0.0025525 0.0035223 0.00445924 0.00537686 0.00624298 0.00706776 0.00786201 0.00860336 0.00927848 0.00989246 0.0104472 0.0108761 0.01123 0.0114545 0.0115473 0.0114876 0.0112721 0.0108743 0.0103112 0.0095507 0.0086219 0.00753097 0.00624798 0.00482998 0.00327348 0.00159417 -0.000176278 -0.00197479 -0.00382427 -0.00564717 -0.00742858 -0.00911368 -0.0107026 -0.0121165 -0.0133598 -0.0144152 -0.0152793 -0.0159014 -0.0163299 -0.0165395 -0.0165268 -0.0163253 -0.0159599 -0.0154019 -0.0146895 -0.0138466 -0.0128937 -0.0118613 -0.0107453 -0.00956653 -0.00838105 -0.00718524 -0.00596308 -0.00476215 -0.00357118 -0.00237963 -0.00120704 -3.58364e-05 0.00116339 0.00235053 0.00354255 0.00476519 0.00599725 0.00722517 0.00844312 0.00962786 0.0107908 0.0119117 0.0129259 0.0138531 0.0146873 0.0153821 0.0159221 0.0163273 0.0165318 0.0165467 0.0163679 0.0159995 0.0153958 0.0145995 0.0135958 0.0124083 0.011029 0.0095407 0.00790965 0.00618343 0.00440495 0.00260436 0.000775668 -0.000989843 -0.00270453 -0.00435304 -0.00588584 -0.00730686 -0.00859525 -0.00973985 -0.010726 -0.0115627 -0.0122311 -0.0127799 -0.013162 -0.0134345 -0.0136008 -0.013677 -0.0136706 -0.0136348 -0.0135761 -0.0134982 -0.013445 -0.0134145 -0.0134186 -0.0134348 -0.0134853 -0.0135237 -0.0135432 -0.013468 -0.013294 -0.0129716 -0.0124287 -0.0116903 -0.0107277 -0.00957685 -0.0082587 -0.00683182 -0.00537947 -0.00397509 -0.00266878 -0.0015657 -0.000714256 -0.000128414 0.000179185 0.000275916 0.000152733 -9.64844e-05 -0.000416751 -0.000781665 -0.00111955 -0.00142999 -0.0016438 -0.001775 -0.00185344 -0.00187652 -0.00186851 -0.00180429 -0.00171254 -0.00161384 -0.00150493 -0.00139653 -0.00127267 -0.00115073 -0.00103787 -0.000931101 -0.000840994 -0.000757527 -0.000689863 
0 -7.15196e-05 -0.000122939 -0.000128427 -0.000137261 -0.000114682 -5.96441e-05 4.73714e-05 0.000210387 0.000377813 0.000590012 0.000820736 0.00109573 0.00141102 0.00174984 0.00216788 0.0026283 0.00317236 0.00379267 0.00450126 0.00529607 0.00607935 0.00681164 0.00741176 0.00783714 0.00799178 0.00780201 0.00723849 0.00631077 0.00506826 0.00355933 0.00194361 0.000321874 -0.00117414 -0.00245813 -0.00344953 -0.0040452 -0.00425894 -0.00408676 -0.00353951 -0.00267526 -0.00157166 -0.000292051 0.00108378 0.0025401 0.00399423 0.00541068 0.00682453 0.00816571 0.00943942 0.0106484 0.0117763 0.0128195 0.0137637 0.0145977 0.0153349 0.0159228 0.0163483 0.0166243 0.016695 0.0165461 0.0161815 0.0155862 0.0147242 0.0136086 0.0122514 0.0106307 0.00876642 0.00671416 0.00446509 0.00205014 -0.000459096 -0.00305806 -0.00569571 -0.00829445 -0.0108285 -0.0132527 -0.0155033 -0.017562 -0.019388 -0.0209395 -0.0221958 -0.0231498 -0.0238034 -0.0241442 -0.0241805 -0.0239407 -0.0234131 -0.0226223 -0.0216467 -0.020469 -0.019086 -0.017584 -0.0159919 -0.0142971 -0.0125556 -0.0107779 -0.00897286 -0.00718199 -0.00539404 -0.00358592 -0.00180083 -1.91413e-05 0.00177876 0.0035729 0.00538283 0.00721583 0.00901399 0.0108079 0.0126142 0.0143572 0.016012 0.017602 0.019079 0.0204123 0.0215846 0.0225582 0.0233135 0.0238332 0.0240933 0.0240852 0.0237819 0.0231733 0.0222794 0.02109 0.0196255 0.0179125 0.0159543 0.0137924 0.0114758 0.00901758 0.00648253 0.00391473 0.0013276 -0.00122107 -0.00368547 -0.00604718 -0.00827234 -0.010316 -0.0121702 -0.0138364 -0.0152894 -0.0165079 -0.0175412 -0.0183649 -0.0189744 -0.0194335 -0.0197428 -0.0199181 -0.0200074 -0.0200275 -0.0200124 -0.0199875 -0.0199484 -0.0199715 -0.0200213 -0.020091 -0.0202081 -0.0203146 -0.0203615 -0.0202945 -0.0200528 -0.0195753 -0.0188013 -0.0176841 -0.016271 -0.0145501 -0.0125766 -0.0104477 -0.00826071 -0.0061418 -0.00417568 -0.00250379 -0.00120529 -0.000327746 0.000164953 0.000296756 0.00012743 -0.000236166 -0.000730574 -0.00124718 -0.001772 -0.00221613 -0.00253539 -0.0027433 -0.00284084 -0.00289237 -0.00286088 -0.00276624 -0.00262825 -0.00246433 -0.00230903 -0.00213239 -0.00195414 -0.00177421 -0.00160495 -0.00145814 -0.00131914 -0.00120424 -0.00110411 
0 -8.13721e-05 -0.000122871 -0.000137261 -0.000123829 -9.61171e-05 -1.7605e-05 0.000133245 0.00032798 0.00056587 0.000825172 0.00113141 0.00149364 0.00189188 0.00236361 0.00289889 0.00352856 0.00425696 0.00507852 0.00604139 0.00707459 0.00812545 0.00909095 0.00988329 0.0104523 0.0106491 0.0104045 0.00966451 0.00844221 0.00680106 0.00482836 0.00269065 0.000573774 -0.00138884 -0.00306888 -0.00433019 -0.00511133 -0.00535189 -0.00510257 -0.00436644 -0.00320513 -0.00173963 -4.48876e-05 0.00178835 0.00370937 0.00561649 0.00749464 0.00930749 0.0110463 0.0126712 0.0141871 0.0156002 0.0168828 0.0180134 0.0189984 0.019839 0.0204591 0.0209071 0.0211326 0.0211194 0.0208418 0.0202935 0.0194421 0.0182936 0.0168177 0.0150474 0.0129873 0.0106174 0.00801311 0.00518242 0.00215737 -0.0010027 -0.00422008 -0.0074967 -0.0107334 -0.0138967 -0.0169151 -0.0197665 -0.0223551 -0.0246641 -0.0266601 -0.0283205 -0.0295807 -0.0304804 -0.0309864 -0.0310925 -0.0308417 -0.0302622 -0.029335 -0.0281198 -0.0266483 -0.0249521 -0.0230844 -0.0210509 -0.0188774 -0.0166392 -0.0143397 -0.0119687 -0.00958815 -0.00719293 -0.00477576 -0.00237129 3.52838e-05 0.0024689 0.00487673 0.00727316 0.00968204 0.0120659 0.0144093 0.016705 0.0189139 0.021039 0.0230557 0.0248814 0.0265235 0.0279652 0.029141 0.030024 0.030624 0.0308636 0.0307511 0.0302834 0.0294645 0.0282589 0.0267175 0.0248385 0.0226573 0.0201797 0.0175027 0.0146079 0.0115532 0.00840385 0.0052054 0.00196754 -0.00119511 -0.00427394 -0.00724002 -0.0100249 -0.0126148 -0.0149819 -0.0171097 -0.0189766 -0.0205884 -0.0219392 -0.0230751 -0.023952 -0.0246422 -0.0251566 -0.0255143 -0.0257394 -0.0258971 -0.0260052 -0.0260792 -0.0261723 -0.0263014 -0.0264739 -0.026665 -0.0268943 -0.0270949 -0.0272234 -0.027171 -0.0268936 -0.0262997 -0.0252808 -0.0238406 -0.0219599 -0.0196845 -0.0170708 -0.0142355 -0.0113335 -0.00851181 -0.00589481 -0.00366626 -0.00193137 -0.00073189 -6.92673e-05 0.000144044 -5.67172e-05 -0.000519884 -0.00113591 -0.00182585 -0.00248592 -0.00307282 -0.00349226 -0.00375519 -0.00390224 -0.00394766 -0.00391406 -0.00378306 -0.00359596 -0.00338994 -0.00317225 -0.0029528 -0.0027176 -0.00248642 -0.00227089 -0.00207021 -0.00189389 -0.00173228 -0.00159818 
0 -7.55149e-05 -0.000117684 -0.000114682 -9.61171e-05 -4.53219e-05 6.00481e-05 0.000241648 0.0004916 0.000775547 0.00110603 0.00148349 0.00192635 0.00243212 0.00300648 0.00368352 0.00446218 0.00536853 0.00640598 0.0075903 0.00888266 0.010178 0.011377 0.012367 0.0130579 0.0133045 0.0129995 0.0120899 0.0105913 0.0085798 0.00616629 0.00356392 0.000970654 -0.00142281 -0.00346073 -0.00499971 -0.00592248 -0.00620229 -0.00585474 -0.00490954 -0.00345245 -0.00161243 0.000499032 0.0027678 0.00512444 0.0074617 0.00972847 0.0119177 0.0139768 0.0158864 0.0176438 0.0192417 0.0206637 0.0218941 0.0229295 0.0237726 0.0243731 0.0247318 0.0248417 0.0246641 0.0241813 0.0233918 0.0222803 0.0208233 0.0190229 0.0168966 0.0144384 0.0116615 0.0086289 0.00535147 0.00186853 -0.00174785 -0.00545617 -0.00921062 -0.012925 -0.0165538 -0.020039 -0.0233212 -0.0263474 -0.0290712 -0.0314457 -0.0334312 -0.0349958 -0.0361376 -0.0368333 -0.0370783 -0.0369017 -0.0363051 -0.0353087 -0.033981 -0.0323342 -0.0303839 -0.0282064 -0.0258315 -0.0232719 -0.020584 -0.0177865 -0.0148917 -0.0119506 -0.00896412 -0.00593123 -0.0028957 0.000141696 0.0031882 0.00620746 0.00920424 0.0121754 0.0150736 0.0179036 0.0206666 0.0232985 0.0257787 0.0281027 0.0302136 0.0320802 0.0336782 0.0349543 0.0358821 0.0364469 0.0366133 0.0363731 0.0357173 0.0346448 0.0331672 0.0313038 0.0290789 0.0265247 0.0236609 0.0205476 0.0172215 0.0137205 0.0101145 0.00645447 0.00276631 -0.000870396 -0.00441151 -0.00782515 -0.0110605 -0.0140745 -0.0168516 -0.019379 -0.0216322 -0.0235997 -0.0253077 -0.0267535 -0.0279294 -0.0288938 -0.0296613 -0.0302528 -0.0307116 -0.0310809 -0.0313934 -0.0316773 -0.0319589 -0.0322917 -0.032658 -0.0330444 -0.033457 -0.0338248 -0.0340699 -0.0340926 -0.0338047 -0.0331021 -0.0318859 -0.0301141 -0.0278106 -0.0250011 -0.021772 -0.018271 -0.0146718 -0.0111641 -0.00791382 -0.00512793 -0.00294232 -0.00142158 -0.000544054 -0.000247377 -0.00044138 -0.000970072 -0.00170415 -0.00251364 -0.00331614 -0.00401088 -0.00452275 -0.00485338 -0.00502843 -0.00509563 -0.00504684 -0.00489363 -0.0046695 -0.00441137 -0.00414837 -0.00387088 -0.0035874 -0.00330578 -0.00303834 -0.00279382 -0.00256927 -0.00237149 -0.00220121 
0 -5.70939e-05 -8.08923e-05 -5.96441e-05 -1.7605e-05 6.00481e-05 0.000196704 0.000412592 0.000703385 0.00103786 0.00142562 0.00187197 0.00239292 0.00299502 0.00368307 0.00449228 0.00542909 0.00651742 0.00776997 0.00918634 0.0107247 0.0122664 0.0136922 0.0148742 0.0156868 0.01598 0.0156238 0.0145609 0.012807 0.0104488 0.00763168 0.00458829 0.00155529 -0.00124255 -0.00361405 -0.00539394 -0.00644934 -0.00674675 -0.00629551 -0.00514604 -0.00340057 -0.00120278 0.00130376 0.00399045 0.00675165 0.00947779 0.0120975 0.014589 0.0169007 0.0190122 0.0209177 0.0226116 0.0240808 0.0253119 0.0263041 0.0270512 0.0275254 0.0277155 0.0276228 0.0272143 0.0264774 0.0254088 0.0240019 0.0222391 0.0201309 0.017693 0.0149265 0.0118518 0.00851338 0.00493489 0.00115328 -0.00276469 -0.00677705 -0.0108289 -0.0148527 -0.0187895 -0.0225861 -0.0261759 -0.029507 -0.0325265 -0.0351916 -0.0374554 -0.0392865 -0.0406645 -0.0415677 -0.0419865 -0.0419388 -0.0414256 -0.0404651 -0.0391041 -0.0373659 -0.0352766 -0.0328943 -0.03025 -0.0273678 -0.0242975 -0.0210643 -0.0176891 -0.0142141 -0.0106583 -0.00703709 -0.00339104 0.000264885 0.00391615 0.00752681 0.0110849 0.0145779 0.0179661 0.0212375 0.0243794 0.0273454 0.0301107 0.0326554 0.0349309 0.0369029 0.0385467 0.0398184 0.0406936 0.0411531 0.0411762 0.0407545 0.0398923 0.0385909 0.0368686 0.034743 0.0322466 0.0294081 0.0262652 0.0228655 0.0192554 0.015473 0.0115847 0.00763802 0.00367446 -0.000244268 -0.00406952 -0.00777002 -0.0113027 -0.0146248 -0.0177194 -0.0205679 -0.023147 -0.0254438 -0.0274791 -0.0292443 -0.0307462 -0.0320224 -0.0330972 -0.0339907 -0.034748 -0.0354118 -0.0360189 -0.0366001 -0.0371841 -0.0378132 -0.0384715 -0.0391453 -0.0398161 -0.0404151 -0.0408408 -0.0409861 -0.0407373 -0.0399738 -0.0385916 -0.0365373 -0.0338339 -0.0305205 -0.026705 -0.0225589 -0.0182892 -0.0141148 -0.0102495 -0.00691782 -0.00428325 -0.0024237 -0.00131896 -0.000906411 -0.00106599 -0.00163464 -0.00245398 -0.00337501 -0.0042932 -0.00508865 -0.00568611 -0.00607476 -0.00628333 -0.00635714 -0.00629583 -0.0061177 -0.00585661 -0.00555441 -0.0052415 -0.00491479 -0.00458345 -0.00425639 -0.00394464 -0.00365555 -0.00338865 -0.0031506 -0.00294359 
0 -1.82805e-05 1.94739e-06 4.73714e-05 0.000133245 0.000241648 0.000412592 0.00066446 0.000978354 0.00136336 0.0017904 0.00229831 0.00289103 0.00357391 0.00438402 0.00531547 0.00642112 0.00770096 0.00917477 0.0108447 0.0126277 0.0144287 0.0160845 0.0174575 0.0183929 0.0187244 0.018318 0.0171076 0.0151107 0.012424 0.00923875 0.00578215 0.00235249 -0.000814685 -0.00348947 -0.00546974 -0.00664808 -0.00694343 -0.00638878 -0.00504654 -0.00303054 -0.000507248 0.00235375 0.00541505 0.00852642 0.0115771 0.0144977 0.0172106 0.0197057 0.0219373 0.0238987 0.0255956 0.0270126 0.0281399 0.0289906 0.0295489 0.0297984 0.0297514 0.0293806 0.0286865 0.027658 0.026292 0.0245796 0.0225376 0.0201591 0.0174644 0.0144769 0.0112062 0.00768217 0.0039461 2.75053e-05 -0.00403608 -0.00817232 -0.0123506 -0.0165137 -0.0205966 -0.0245398 -0.0283042 -0.0318083 -0.0350107 -0.0378724 -0.0403503 -0.0423926 -0.0439862 -0.045104 -0.0457264 -0.0458521 -0.0454998 -0.0446669 -0.0433632 -0.0416285 -0.0395056 -0.0370149 -0.0341823 -0.0310547 -0.027673 -0.0240676 -0.0202659 -0.0163067 -0.0122263 -0.00806271 -0.00384742 0.000385221 0.00460336 0.00876547 0.0128389 0.0168012 0.0206308 0.0242844 0.0277252 0.0309384 0.0339009 0.0365642 0.0388874 0.0408555 0.0424402 0.0436076 0.0443379 0.0446306 0.0444601 0.0438293 0.0427563 0.0412544 0.039319 0.0369987 0.0343154 0.0312973 0.02799 0.0244525 0.0207029 0.016805 0.0128098 0.00875603 0.00468972 0.000670087 -0.00327613 -0.00711384 -0.0107957 -0.0143041 -0.0176091 -0.0206866 -0.0235179 -0.0261041 -0.0284245 -0.0305038 -0.0323385 -0.0339484 -0.0353701 -0.0366253 -0.0377429 -0.0387821 -0.0397698 -0.0407279 -0.0417143 -0.0427197 -0.0437594 -0.0448074 -0.045817 -0.0467208 -0.0474064 -0.0477372 -0.0475923 -0.0468316 -0.045331 -0.0430606 -0.0399993 -0.0362318 -0.031875 -0.027117 -0.0222095 -0.0173898 -0.0129248 -0.00905502 -0.00597107 -0.00375557 -0.00241578 -0.00186013 -0.00196576 -0.00255488 -0.00343145 -0.00445785 -0.00546425 -0.00635236 -0.00702538 -0.00746029 -0.00770535 -0.00776911 -0.00769689 -0.00748923 -0.00718974 -0.00684905 -0.00647964 -0.00611029 -0.00572872 -0.00535685 -0.00500445 -0.00467017 -0.00437056 -0.00409492 -0.00385822 
0 4.43509e-05 0.000104033 0.000210387 0.00032798 0.0004916 0.000703385 0.000978354 0.00133748 0.00174104 0.00222604 0.0027827 0.00343467 0.0042183 0.00511932 0.00620314 0.00746568 0.00894369 0.0106632 0.0125679 0.0146254 0.0166718 0.0185645 0.0201364 0.0211825 0.0215601 0.0211035 0.0197522 0.0175291 0.0145442 0.0110079 0.00719831 0.00339482 -9.75991e-05 -0.00302736 -0.00520698 -0.00646278 -0.00677391 -0.0061196 -0.00460085 -0.00235937 0.000443285 0.00360801 0.00696636 0.010353 0.0136643 0.0167757 0.0196582 0.0222374 0.024505 0.0264469 0.0280478 0.0293128 0.0302541 0.0308654 0.0311395 0.0311179 0.0307424 0.0300584 0.029042 0.0276983 0.0260291 0.024057 0.021757 0.0191763 0.01631 0.0131663 0.00980028 0.00621289 0.00244177 -0.00148064 -0.00550702 -0.00963608 -0.0137792 -0.0179156 -0.0219753 -0.0259342 -0.0296968 -0.033259 -0.0365489 -0.0395177 -0.0421055 -0.0443219 -0.0460888 -0.047401 -0.0482453 -0.048597 -0.048425 -0.0477676 -0.0466255 -0.0450057 -0.0429157 -0.040386 -0.0374688 -0.0341941 -0.0305702 -0.0266506 -0.0224976 -0.0181303 -0.0135993 -0.0089544 -0.00423314 0.000508574 0.00521051 0.00985863 0.0144014 0.0187749 0.0229478 0.0268961 0.0305847 0.0339706 0.0370043 0.0396671 0.041965 0.043836 0.0452607 0.0462446 0.046779 0.0468303 0.0464509 0.0456187 0.0443455 0.0426408 0.040566 0.0381058 0.0353235 0.0322373 0.0289079 0.025332 0.0216057 0.0177451 0.013795 0.00979315 0.00580006 0.00180563 -0.0021193 -0.00594542 -0.00966852 -0.0132314 -0.0166279 -0.0198407 -0.0228513 -0.0256369 -0.0282265 -0.0305697 -0.0327252 -0.0346799 -0.0364661 -0.038111 -0.0396576 -0.0411203 -0.0425471 -0.0439729 -0.0454013 -0.0468744 -0.0483625 -0.0498582 -0.0512885 -0.0525816 -0.0535898 -0.054197 -0.0542227 -0.0535221 -0.051999 -0.0495513 -0.0462218 -0.042058 -0.0372159 -0.0319139 -0.0264052 -0.0209819 -0.0159493 -0.011559 -0.00802871 -0.00547031 -0.0038655 -0.00316974 -0.00319154 -0.00376978 -0.00470151 -0.005779 -0.00687881 -0.00782362 -0.00855928 -0.0090481 -0.00929807 -0.00937289 -0.00926686 -0.00903614 -0.00870579 -0.0083123 -0.00790665 -0.0074795 -0.0070616 -0.00664827 -0.0062509 -0.00588771 -0.00554406 -0.00524408 -0.00497343 
0 0.000105971 0.00023726 0.000377813 0.00056587 0.000775547 0.00103786 0.00136336 0.00174104 0.00220739 0.00272838 0.00334976 0.00407724 0.00493499 0.00597313 0.00718082 0.00862828 0.0103129 0.012258 0.0144282 0.0167189 0.0190201 0.0211351 0.022889 0.024059 0.0244772 0.0239875 0.0225233 0.020104 0.0168489 0.0130209 0.00886668 0.00474746 0.000952758 -0.00222601 -0.00455408 -0.00592255 -0.00623239 -0.00551356 -0.00386957 -0.00144998 0.00156109 0.00494419 0.00853372 0.0121159 0.0155823 0.0188357 0.0217567 0.0243461 0.0265557 0.0283759 0.0298081 0.0308576 0.0315286 0.0318444 0.0317888 0.0314002 0.0306892 0.0296458 0.0283004 0.0266608 0.0247295 0.0225032 0.0200257 0.0172938 0.0143176 0.0111362 0.0077743 0.0042156 0.000524631 -0.00327867 -0.00718722 -0.0111386 -0.0151028 -0.0190695 -0.0229775 -0.0267854 -0.0304632 -0.0339439 -0.0371889 -0.0401603 -0.0428232 -0.0451275 -0.047032 -0.0485143 -0.0495511 -0.050097 -0.0501703 -0.0497504 -0.0487848 -0.0473032 -0.0453535 -0.0428972 -0.0399583 -0.0365926 -0.0328255 -0.0287024 -0.0242817 -0.0195842 -0.014689 -0.00966709 -0.00454595 0.000612958 0.00573041 0.0107715 0.0156612 0.0203496 0.0248172 0.0289849 0.0327795 0.0362242 0.03928 0.041883 0.0440303 0.0457243 0.0469411 0.0476965 0.0479857 0.0478159 0.0471979 0.0461481 0.0446965 0.0428735 0.0406827 0.0381742 0.0353771 0.0323166 0.0290526 0.0256146 0.0220218 0.0183304 0.0145608 0.0107318 0.00690605 0.0030901 -0.000691906 -0.00440632 -0.00802813 -0.0115575 -0.0149531 -0.0181989 -0.0212867 -0.0242226 -0.0269707 -0.0295587 -0.0320029 -0.0342812 -0.0364373 -0.0384905 -0.0404586 -0.0423817 -0.04429 -0.0461995 -0.0481654 -0.0501412 -0.052155 -0.054169 -0.0560816 -0.0578224 -0.0592404 -0.0601739 -0.06045 -0.059902 -0.0583983 -0.0558908 -0.0523385 -0.0478642 -0.0426201 -0.036831 -0.0308075 -0.0248429 -0.0192982 -0.014436 -0.0104929 -0.00758451 -0.00573661 -0.004857 -0.0047812 -0.00532632 -0.00625524 -0.00739518 -0.00852621 -0.00953259 -0.0103172 -0.0108332 -0.0111168 -0.0111634 -0.0110484 -0.0107856 -0.0104209 -0.010002 -0.00953986 -0.00908328 -0.00861917 -0.00816902 -0.00773969 -0.00733067 -0.00696294 -0.00662117 -0.00632061 
0 0.00018759 0.000375478 0.000590012 0.000825172 0.00110603 0.00142562 0.0017904 0.00222604 0.00272838 0.00332286 0.00400909 0.00481359 0.00578478 0.00693502 0.00831221 0.00993536 0.0118338 0.0140256 0.0164323 0.0189809 0.0215133 0.0238494 0.0257849 0.0270645 0.0275261 0.0270064 0.025436 0.0228434 0.0193614 0.015258 0.0108301 0.00640893 0.00234387 -0.00105862 -0.00357542 -0.00504605 -0.00541558 -0.00467555 -0.0029537 -0.000424164 0.00272459 0.00626243 0.00998065 0.0136661 0.0172077 0.0204685 0.0233726 0.0258677 0.0279382 0.0295728 0.030758 0.0315136 0.0318748 0.0318436 0.0314243 0.0306951 0.0296207 0.028245 0.0265866 0.0246666 0.0224965 0.0201019 0.017488 0.014693 0.0117031 0.00854105 0.00525909 0.00183372 -0.00168918 -0.00528246 -0.0089319 -0.0126363 -0.0163293 -0.0200147 -0.0236446 -0.0272096 -0.0306428 -0.0339487 -0.0370756 -0.039971 -0.0425874 -0.0449283 -0.0469049 -0.0485074 -0.0497163 -0.0504687 -0.0507307 -0.0505175 -0.0497816 -0.048516 -0.0467165 -0.044362 -0.0414978 -0.0381599 -0.0343368 -0.0300927 -0.0255131 -0.0206162 -0.01548 -0.0101843 -0.0047688 0.000680865 0.00607372 0.0113909 0.0165445 0.0214389 0.0260451 0.0303096 0.0341678 0.0375984 0.0405502 0.0430007 0.0449879 0.0464722 0.0474443 0.0479514 0.0480005 0.0475791 0.046765 0.0455535 0.043964 0.0420338 0.0398222 0.0373267 0.0346085 0.0316854 0.0286069 0.0253594 0.0220172 0.0185927 0.0150961 0.011551 0.00801176 0.00444056 0.000892349 -0.00260245 -0.00605627 -0.00943555 -0.0127279 -0.0159268 -0.0190266 -0.0220173 -0.0249017 -0.0276514 -0.0303255 -0.0328863 -0.035364 -0.037793 -0.0401927 -0.0425683 -0.0449647 -0.0474062 -0.0498967 -0.0524371 -0.0550109 -0.0575889 -0.0600524 -0.0623071 -0.064185 -0.0655231 -0.0661046 -0.06576 -0.0643775 -0.0618527 -0.0581973 -0.0535018 -0.0479503 -0.0417925 -0.0353309 -0.0289161 -0.0229251 -0.0176386 -0.0133106 -0.0100821 -0.00797172 -0.00691818 -0.00671869 -0.00719974 -0.00812714 -0.00926912 -0.0104436 -0.0114771 -0.0123039 -0.0128673 -0.0131578 -0.0132178 -0.0130762 -0.0127955 -0.0124063 -0.0119417 -0.0114494 -0.0109382 -0.0104388 -0.00994794 -0.00947492 -0.00903976 -0.00863013 -0.00826602 -0.0079315 
0 0.000272971 0.000541797 0.000820736 0.00113141 0.00148349 0.00187197 0.00229831 0.0027827 0.00334976 0.00400909 0.00477463 0.00567238 0.00675147 0.00805004 0.00959613 0.0114251 0.0135564 0.0159945 0.0186606 0.0214507 0.0242163 0.0267608 0.0288598 0.0302471 0.0307452 0.0301985 0.0285387 0.0257922 0.0221032 0.0177591 0.0130575 0.00835901 0.00402166 0.000376982 -0.00232969 -0.0039537 -0.00441505 -0.00372011 -0.00200115 0.000556622 0.00375272 0.00734581 0.0111141 0.0148245 0.0183517 0.0215641 0.0243536 0.0266865 0.0285444 0.0299218 0.0308143 0.0312533 0.0312751 0.0308959 0.0301266 0.029044 0.0276484 0.0259694 0.0240455 0.0219062 0.0195645 0.0170353 0.0143544 0.0115425 0.00859393 0.0055402 0.0024181 -0.000805758 -0.00408417 -0.00739697 -0.0107439 -0.0141072 -0.0174463 -0.0207738 -0.0240581 -0.0272864 -0.0304227 -0.0334553 -0.0363516 -0.0390723 -0.0415896 -0.0438786 -0.0458648 -0.0475261 -0.0488356 -0.049722 -0.0501686 -0.0501545 -0.0496078 -0.0485236 -0.0469161 -0.044734 -0.0419973 -0.0387417 -0.0349724 -0.0307434 -0.0261304 -0.0211544 -0.0159106 -0.0104875 -0.00493079 0.000673421 0.00621826 0.0116629 0.0169093 0.0218753 0.0265236 0.0307761 0.034558 0.0378812 0.0407015 0.0429808 0.0447497 0.0460059 0.0467451 0.0470223 0.0468511 0.0462396 0.0452506 0.043909 0.0422457 0.0403081 0.0381334 0.0357402 0.0331718 0.0304506 0.0276177 0.0246679 0.0216393 0.0185495 0.015397 0.0121963 0.00899773 0.00576787 0.00253718 -0.000669146 -0.00386166 -0.00703456 -0.0101606 -0.013238 -0.0162687 -0.0192495 -0.0221666 -0.0250229 -0.0278565 -0.030633 -0.0333824 -0.0361363 -0.0389093 -0.041711 -0.0445818 -0.0475397 -0.0505928 -0.0537093 -0.0568822 -0.0600581 -0.0631015 -0.0659041 -0.0682912 -0.0700728 -0.0710238 -0.0709622 -0.0697599 -0.0673225 -0.0636353 -0.0588159 -0.053056 -0.0466145 -0.0398226 -0.0330486 -0.026695 -0.0210574 -0.0163982 -0.0128749 -0.0105276 -0.00928518 -0.00896022 -0.00936852 -0.0102684 -0.0114232 -0.0126154 -0.0136876 -0.0145567 -0.0151591 -0.015479 -0.0155364 -0.0153878 -0.015087 -0.0146716 -0.014177 -0.0136428 -0.0130978 -0.0125598 -0.0120338 -0.0115276 -0.0110546 -0.0106137 -0.0102101 -0.00983879 
0 0.000373428 0.00073851 0.00109573 0.00149364 0.00192635 0.00239292 0.00289103 0.00343467 0.00407724 0.00481359 0.00567238 0.00667858 0.00788069 0.00934391 0.0110763 0.0131288 0.0155094 0.0182059 0.0211433 0.024183 0.0271853 0.0299344 0.0321849 0.033667 0.034183 0.0335923 0.031829 0.0289229 0.0250301 0.0204495 0.015483 0.0105119 0.0059006 0.00199794 -0.000929733 -0.00275098 -0.00336156 -0.00278399 -0.00114728 0.00135397 0.0045056 0.00806034 0.0117799 0.0154251 0.0188495 0.0219346 0.0245471 0.0266676 0.0282727 0.0293617 0.0299391 0.0300467 0.0297273 0.0290125 0.0279295 0.026541 0.0248836 0.0229656 0.0208422 0.0185452 0.0160966 0.0135036 0.0108233 0.00805964 0.00521362 0.00232048 -0.000596791 -0.00356233 -0.00654018 -0.0095137 -0.0125016 -0.0154779 -0.0184293 -0.0213567 -0.0242498 -0.0270866 -0.0298649 -0.0325635 -0.0351703 -0.037644 -0.0399746 -0.0421205 -0.044032 -0.0456748 -0.047016 -0.047973 -0.0485297 -0.0486487 -0.0482621 -0.0473515 -0.0459222 -0.0439217 -0.0413629 -0.0382732 -0.0346566 -0.0305566 -0.0260414 -0.0211429 -0.0159505 -0.0105546 -0.00501608 0.000569654 0.00609604 0.0115048 0.0166938 0.0215796 0.0261201 0.0302418 0.0338745 0.0370256 0.0396565 0.0417389 0.0432985 0.0443503 0.0448897 0.044975 0.0446296 0.0438885 0.0428017 0.0414154 0.0397562 0.0378821 0.035816 0.0335973 0.0312463 0.0287918 0.0262511 0.0236358 0.0209563 0.018241 0.0154762 0.0126729 0.00985888 0.00701212 0.00413949 0.00126374 -0.00162107 -0.00453067 -0.00743216 -0.0103313 -0.0132336 -0.0161417 -0.0190242 -0.0219133 -0.0248213 -0.0277338 -0.0306784 -0.0336907 -0.0367797 -0.039961 -0.043265 -0.0467037 -0.0502868 -0.0539591 -0.0577206 -0.0614908 -0.0651281 -0.068499 -0.0714248 -0.0736847 -0.0750498 -0.0753272 -0.0743713 -0.0720999 -0.0684745 -0.063633 -0.0577692 -0.0511504 -0.0441295 -0.0370934 -0.0304595 -0.0245432 -0.0196128 -0.0158397 -0.0132881 -0.0118749 -0.0114377 -0.0117786 -0.0126517 -0.0138184 -0.0150277 -0.0161422 -0.0170579 -0.0177071 -0.0180684 -0.0181383 -0.0179974 -0.0176893 -0.0172589 -0.0167435 -0.0161725 -0.0155955 -0.0150177 -0.0144548 -0.0139146 -0.0134032 -0.0129312 -0.0124877 -0.01208 
0 0.000486313 0.000941918 0.00141102 0.00189188 0.00243212 0.00299502 0.00357391 0.0042183 0.00493499 0.00578478 0.00675147 0.00788069 0.00924353 0.0108682 0.0128238 0.0151052 0.0177459 0.0207169 0.0239107 0.0272108 0.0304308 0.0333684 0.035751 0.037304 0.0378187 0.03717 0.0352851 0.0322089 0.0281139 0.0232697 0.0180444 0.0127708 0.00786789 0.0036878 0.000480465 -0.00156728 -0.00240066 -0.0020141 -0.000544574 0.00180463 0.00480867 0.00823664 0.0118058 0.0153038 0.018567 0.0214422 0.0238521 0.0257186 0.0270534 0.0278546 0.0281319 0.0279256 0.0273116 0.0263011 0.0249478 0.0233289 0.0214556 0.0193779 0.0171323 0.0147564 0.0122659 0.00970281 0.00707209 0.00441886 0.00173716 -0.00095426 -0.00363075 -0.00629142 -0.00894234 -0.0115604 -0.0141452 -0.0167211 -0.0192612 -0.0217647 -0.0242366 -0.0266789 -0.0290522 -0.0313833 -0.0336517 -0.0358258 -0.0378777 -0.0398119 -0.0415552 -0.0430805 -0.0443499 -0.045307 -0.0458806 -0.0460518 -0.0457718 -0.045011 -0.0437274 -0.0419082 -0.039563 -0.0367059 -0.0333229 -0.0294616 -0.0251774 -0.0205166 -0.015545 -0.0103534 -0.00501498 0.000361359 0.00568046 0.0108702 0.0158437 0.0204996 0.0247912 0.0286678 0.0320886 0.0350109 0.0374123 0.0392903 0.0406758 0.0415485 0.0419397 0.041902 0.0414732 0.040672 0.0395894 0.0382494 0.0366829 0.034937 0.0330705 0.0310707 0.0289834 0.0268319 0.0246213 0.0223457 0.020052 0.0177249 0.0153551 0.0129657 0.0105533 0.00809173 0.00559767 0.00308114 0.000509256 -0.00209347 -0.00473548 -0.00741209 -0.0101331 -0.0128871 -0.015688 -0.0185234 -0.0214357 -0.0244186 -0.027481 -0.0306764 -0.034014 -0.0374972 -0.0411613 -0.0450323 -0.049065 -0.0532644 -0.0575663 -0.0618959 -0.0661119 -0.0700403 -0.0735006 -0.0762597 -0.0780637 -0.0787141 -0.0780748 -0.0760099 -0.0725414 -0.0677558 -0.0618757 -0.0551904 -0.0480317 -0.0408468 -0.0340283 -0.027924 -0.0228021 -0.0188505 -0.0161328 -0.0145923 -0.0140612 -0.0143462 -0.0152166 -0.0163833 -0.0176409 -0.0187979 -0.0197741 -0.0204945 -0.0208938 -0.0210171 -0.0208855 -0.0205916 -0.0201647 -0.01963 -0.0190552 -0.0184433 -0.0178465 -0.017254 -0.0166784 -0.016144 -0.0156243 -0.0151474 -0.0146917 
0 0.000600208 0.00118841 0.00174984 0.00236361 0.00300648 0.00368307 0.00438402 0.00511932 0.00597313 0.00693502 0.00805004 0.00934391 0.0108682 0.0127133 0.0148806 0.0174235 0.0203329 0.0235607 0.0270246 0.0305469 0.0339703 0.0370593 0.0395304 0.0411194 0.0416024 0.0408563 0.0388331 0.0355679 0.0312401 0.0261439 0.0206059 0.0150306 0.00980023 0.00528534 0.00177571 -0.000588311 -0.00169695 -0.00158422 -0.000373372 0.00173575 0.00451594 0.00771078 0.0110684 0.0143553 0.0173814 0.0200422 0.0221937 0.0238134 0.0248881 0.0254184 0.0254325 0.0249872 0.0241192 0.0228904 0.0213552 0.0195448 0.0175533 0.0153797 0.0130843 0.0107065 0.00827057 0.0057752 0.00328744 0.000792747 -0.00168899 -0.00412667 -0.00652305 -0.00887949 -0.0111859 -0.0134336 -0.0156514 -0.0178084 -0.0199283 -0.0220094 -0.0240713 -0.0260787 -0.0280725 -0.030011 -0.0318946 -0.0337073 -0.0354609 -0.037085 -0.0385784 -0.0398938 -0.0409886 -0.0418026 -0.0423263 -0.0424893 -0.0422366 -0.0415354 -0.0403934 -0.0387757 -0.0366584 -0.0340475 -0.0309785 -0.0274681 -0.0235438 -0.0192558 -0.0146773 -0.00988548 -0.00496102 1.40715e-05 0.00494481 0.0097322 0.0142959 0.0185864 0.0225391 0.0260844 0.0291798 0.0318314 0.0340164 0.0357106 0.0369095 0.0376667 0.0379912 0.0379193 0.0374911 0.0367713 0.0357666 0.034557 0.0331743 0.0316596 0.030015 0.0283039 0.0265115 0.0246788 0.0228048 0.0209186 0.0189899 0.0170493 0.0150775 0.0130755 0.0110374 0.00897034 0.00684348 0.00466478 0.00244258 0.000137366 -0.00221778 -0.00463105 -0.00711994 -0.00969169 -0.0123197 -0.0150718 -0.0179215 -0.0208974 -0.0240233 -0.0273214 -0.0308139 -0.0345263 -0.0384713 -0.0426659 -0.047108 -0.0517315 -0.0565219 -0.0613561 -0.06609 -0.0705447 -0.0745162 -0.0777468 -0.0799934 -0.0810397 -0.0807133 -0.0789319 -0.0756494 -0.0710063 -0.0652057 -0.0585304 -0.0513653 -0.0441231 -0.0372268 -0.0310298 -0.0257987 -0.0217319 -0.0189141 -0.0172718 -0.0166864 -0.0169464 -0.0178118 -0.019031 -0.0203292 -0.0215762 -0.0226397 -0.0234395 -0.0239404 -0.0241129 -0.024051 -0.0237876 -0.0233779 -0.0228685 -0.0222728 -0.0216671 -0.0210408 -0.0204272 -0.0198375 -0.0192616 -0.0187302 -0.0182044 -0.017719 
0 0.000741997 0.001453 0.00216788 0.00289889 0.00368352 0.00449228 0.00531547 0.00620314 0.00718082 0.00831221 0.00959613 0.0110763 0.0128238 0.0148806 0.0173147 0.0201189 0.0233001 0.026795 0.0304865 0.0342222 0.0377998 0.0409904 0.043499 0.0450665 0.0454578 0.0445749 0.0423543 0.0388602 0.034285 0.0288769 0.0230378 0.0171078 0.0115234 0.00664685 0.00274467 2.53545e-05 -0.00145239 -0.00169258 -0.000815046 0.00098422 0.00346219 0.00639146 0.00947111 0.0125069 0.0152949 0.0176888 0.0196189 0.0210013 0.0218514 0.0221662 0.0219846 0.0213409 0.020314 0.0189346 0.0172822 0.0154035 0.0133516 0.0111695 0.00890089 0.00658283 0.0042322 0.00190424 -0.000414762 -0.00269103 -0.00491613 -0.00708576 -0.00920806 -0.0112365 -0.013213 -0.0151159 -0.016945 -0.0187241 -0.0204607 -0.0221378 -0.0237813 -0.0253901 -0.0269559 -0.028493 -0.0299911 -0.0314378 -0.0327988 -0.0340711 -0.0352285 -0.0362386 -0.0370575 -0.0376772 -0.0380142 -0.0380446 -0.0377594 -0.0371241 -0.0360633 -0.0345997 -0.0327218 -0.0304329 -0.0277252 -0.0246304 -0.0211697 -0.0174195 -0.0134027 -0.00918872 -0.00485538 -0.000497335 0.00383728 0.00805259 0.012095 0.0158769 0.0193483 0.0224773 0.0252537 0.0275944 0.0295105 0.0310205 0.0321294 0.0328235 0.0331583 0.0331458 0.0328345 0.0322585 0.0314701 0.0304924 0.0293603 0.0281018 0.0267679 0.025361 0.0239044 0.0224251 0.020907 0.0193633 0.0178123 0.0162365 0.0146256 0.0130022 0.0113173 0.00958992 0.00780926 0.00597244 0.00406129 0.00209593 3.8124e-05 -0.00209935 -0.00433753 -0.00667564 -0.00913486 -0.0117218 -0.0144549 -0.0173695 -0.0204678 -0.0238003 -0.0273801 -0.0312319 -0.0353695 -0.0398258 -0.0445481 -0.0495464 -0.054728 -0.059988 -0.065188 -0.0700994 -0.074523 -0.0781876 -0.0808348 -0.0822452 -0.0822587 -0.0807419 -0.0777228 -0.0732725 -0.0676207 -0.0610703 -0.0539656 -0.0467789 -0.039885 -0.0336725 -0.0284086 -0.0242926 -0.0214152 -0.01973 -0.0191189 -0.0193816 -0.0202924 -0.0215624 -0.0229732 -0.0243315 -0.0255312 -0.0264797 -0.0270971 -0.0274074 -0.0274279 -0.0272445 -0.0268919 -0.0264067 -0.0258477 -0.0252317 -0.0246099 -0.0239851 -0.0233775 -0.0228015 -0.0222396 -0.021706 -0.0211942 
0 0.000890386 0.00176673 0.0026283 0.00352856 0.00446218 0.00542909 0.00642112 0.00746568 0.00862828 0.00993536 0.0114251 0.0131288 0.0151052 0.0174235 0.0201189 0.0232066 0.0266601 0.0303982 0.0343041 0.0382 0.0418822 0.0451063 0.047577 0.049045 0.049285 0.0481885 0.0457242 0.041954 0.0370736 0.0313423 0.0251312 0.0188265 0.0128396 0.00754005 0.00321568 6.58555e-05 -0.00182832 -0.00248147 -0.00200386 -0.000579016 0.00156055 0.00416183 0.00696032 0.00974495 0.0122958 0.0144838 0.0162084 0.017408 0.0180858 0.0182381 0.0179185 0.0171766 0.0160538 0.0146192 0.0129448 0.0110514 0.00902815 0.00690597 0.00472912 0.002538 0.000351983 -0.00179886 -0.00389894 -0.00594561 -0.00791296 -0.00979482 -0.0116121 -0.013334 -0.0149851 -0.0165592 -0.0180631 -0.0194859 -0.0208475 -0.0221479 -0.0234081 -0.0246099 -0.0257886 -0.0269194 -0.0279896 -0.0290139 -0.0299807 -0.030841 -0.0316075 -0.0322426 -0.0327028 -0.0329939 -0.0330896 -0.0329444 -0.0325438 -0.0318567 -0.0308605 -0.0295679 -0.0279346 -0.0259517 -0.0236595 -0.0210725 -0.018189 -0.0150757 -0.0117641 -0.00830172 -0.00475224 -0.00116475 0.00241903 0.00590097 0.00924761 0.0124241 0.0153593 0.0180037 0.0203534 0.0223735 0.0240679 0.0254322 0.0264488 0.0271555 0.0275869 0.0277294 0.0276236 0.027313 0.0267869 0.0261018 0.0253005 0.0243865 0.0233816 0.0223307 0.0212214 0.0200852 0.0189213 0.0177435 0.0165297 0.0152869 0.0140097 0.0127025 0.0113359 0.00994175 0.0084868 0.00696038 0.00537122 0.00370145 0.00193645 8.25837e-05 -0.00188677 -0.00398004 -0.00620956 -0.00861641 -0.0111873 -0.0139757 -0.0170016 -0.0202849 -0.0238668 -0.0277844 -0.0320394 -0.036662 -0.0416232 -0.0468914 -0.0523918 -0.0579921 -0.0635487 -0.0688381 -0.0736287 -0.077653 -0.0806547 -0.0824009 -0.082714 -0.0814872 -0.0787191 -0.074501 -0.0690497 -0.062663 -0.0557169 -0.0486442 -0.0418382 -0.0356839 -0.0304485 -0.02634 -0.0234528 -0.021758 -0.0211635 -0.0214698 -0.0224487 -0.0238352 -0.0253841 -0.0269221 -0.0283107 -0.0294482 -0.0302688 -0.0307459 -0.0309285 -0.0308667 -0.0306117 -0.0302176 -0.0297088 -0.0291465 -0.028545 -0.0279379 -0.0273466 -0.0267637 -0.0262107 -0.02566 -0.025142 
0 0.00106607 0.00212573 0.00317236 0.00425696 0.00536853 0.00651742 0.00770096 0.00894369 0.0103129 0.0118338 0.0135564 0.0155094 0.0177459 0.0203329 0.0233001 0.0266601 0.0303641 0.0343149 0.0383844 0.0423874 0.0461103 0.0492944 0.0516517 0.0529404 0.0529454 0.0515622 0.0487741 0.0446616 0.0394232 0.0333146 0.0267038 0.0199858 0.0135684 0.00781783 0.00302675 -0.000591003 -0.00294774 -0.00405747 -0.00401521 -0.0029914 -0.00121412 0.00105919 0.00357178 0.00611389 0.00845809 0.0104676 0.0120457 0.0131301 0.0137106 0.0137841 0.0134089 0.0126325 0.0114944 0.0100747 0.00844973 0.0066382 0.00472268 0.00273637 0.000720048 -0.00129664 -0.00328887 -0.00521806 -0.00708009 -0.00887473 -0.0105708 -0.0121753 -0.0137114 -0.0151385 -0.016483 -0.0177448 -0.0189279 -0.0200264 -0.0210612 -0.0220243 -0.0229257 -0.0237489 -0.0245313 -0.0252514 -0.0259019 -0.0264981 -0.0270184 -0.0274247 -0.027747 -0.0279531 -0.0280104 -0.0279409 -0.0277147 -0.0273051 -0.0267365 -0.0259835 -0.0250068 -0.0238319 -0.0224352 -0.0208083 -0.0189775 -0.0169493 -0.014724 -0.0123652 -0.00987876 -0.00728692 -0.00464089 -0.00197004 0.000718084 0.00335239 0.00591256 0.00836707 0.0106614 0.0127737 0.0147014 0.0163869 0.0178438 0.0190884 0.0200928 0.0208742 0.02146 0.0218209 0.0219874 0.0219984 0.0218286 0.0215143 0.0210899 0.0205535 0.0199281 0.0192566 0.0185201 0.0177405 0.0169153 0.0160601 0.015159 0.0142217 0.0132486 0.0122399 0.0111618 0.0100529 0.00888449 0.00763957 0.0063344 0.00495152 0.00346125 0.00187064 0.000159468 -0.00168894 -0.003689 -0.00587652 -0.00824755 -0.0108678 -0.0137637 -0.0169545 -0.02049 -0.0244115 -0.0287159 -0.0334283 -0.038528 -0.0439795 -0.0496955 -0.0555386 -0.0613624 -0.0669305 -0.0719959 -0.0762935 -0.0795672 -0.0815808 -0.0821504 -0.0811774 -0.078661 -0.0746828 -0.0694541 -0.0632758 -0.0565245 -0.04962 -0.0429525 -0.0369078 -0.0317583 -0.027707 -0.0248571 -0.0231996 -0.0226577 -0.0230415 -0.0241239 -0.0256544 -0.0273903 -0.0291514 -0.0307848 -0.0321782 -0.0332637 -0.0339948 -0.0344084 -0.0345448 -0.0344581 -0.0342077 -0.0338131 -0.0333398 -0.0328034 -0.0322465 -0.0316942 -0.0311393 -0.0306091 -0.0300758 -0.029573 
0 0.00126511 0.0025211 0.00379267 0.00507852 0.00640598 0.00776997 0.00917477 0.0106632 0.012258 0.0140256 0.0159945 0.0182059 0.0207169 0.0235607 0.026795 0.0303982 0.0343149 0.0384319 0.0425978 0.0466383 0.0503191 0.0533755 0.0555307 0.0565559 0.0562445 0.0545128 0.0513387 0.0468326 0.0411956 0.0346579 0.027617 0.0204395 0.013557 0.00732954 0.00204105 -0.00205824 -0.0048947 -0.00647122 -0.00687392 -0.00625503 -0.00484766 -0.00288533 -0.000640223 0.00169283 0.00388914 0.00577239 0.00727787 0.00831594 0.00887345 0.00894751 0.00860486 0.00787274 0.00681468 0.00549036 0.0039788 0.00231897 0.00055826 -0.00124165 -0.00304806 -0.00484002 -0.00660612 -0.00827946 -0.00990168 -0.011445 -0.0128806 -0.0142196 -0.0154883 -0.016633 -0.0176948 -0.0186768 -0.0195626 -0.0203637 -0.0210891 -0.021734 -0.0222934 -0.0227763 -0.0231786 -0.0234981 -0.0237167 -0.0238679 -0.023909 -0.0238483 -0.0236966 -0.0234418 -0.0230534 -0.0225935 -0.0220162 -0.0213224 -0.0205422 -0.0196797 -0.0186887 -0.0176213 -0.0164585 -0.0152025 -0.0138618 -0.0124512 -0.0109547 -0.00942326 -0.00783543 -0.00620133 -0.00453946 -0.00286598 -0.00115958 0.000531947 0.00222108 0.00388028 0.00548196 0.0070146 0.00849333 0.00984504 0.0110957 0.0122483 0.0132748 0.0141571 0.014939 0.0155669 0.016062 0.0164286 0.0166644 0.0167637 0.016767 0.0166501 0.016446 0.0161563 0.0157922 0.0153584 0.0148651 0.0143148 0.0137166 0.013058 0.0123542 0.0116127 0.0107945 0.00993859 0.00902549 0.00803117 0.00695962 0.00583057 0.00457952 0.0032337 0.00177344 0.000176404 -0.00159883 -0.00355124 -0.00571983 -0.00816069 -0.0108947 -0.0139609 -0.0174025 -0.0212689 -0.0255602 -0.0303011 -0.0354574 -0.0410212 -0.0468569 -0.0528481 -0.0588418 -0.0645823 -0.0698266 -0.0743061 -0.0777656 -0.0799651 -0.0807271 -0.0799379 -0.0776314 -0.0738539 -0.0688281 -0.0628674 -0.0563206 -0.0496235 -0.0431341 -0.0372451 -0.0322297 -0.0282763 -0.0254994 -0.0239145 -0.023452 -0.0239403 -0.0251622 -0.0268658 -0.0288407 -0.030869 -0.0328035 -0.03452 -0.0359245 -0.0369908 -0.0376969 -0.0381072 -0.0382643 -0.0382187 -0.0380206 -0.0376911 -0.0372906 -0.0368408 -0.0363706 -0.0358966 -0.0354124 -0.0349394 -0.0344767 
