0 0 0 0 0 0 0 0 0 0 0 0 0 0 0 0 0 0 0 0 0 0 0 0 0 0 0 0 0 0 0 0 0 0 0 0 0 0 0 0 0 0 0 0 0 0 0 0 0 0 0 0 0 0 0 0 0 0 0 0 0 0 0 0 0 0 0 0 0 0 0 0 0 0 0 0 0 0 0 0 0 0 0 0 0 0 0 0 0 0 0 0 0 0 0 0 0 0 0 0 0 0 0 0 0 0 0 0 0 0 0 0 0 0 0 0 0 0 0 0 0 0 0 0 0 0 0 0 0 0 0 0 0 0 0 0 0 0 0 0 0 0 0 0 0 0 0 0 0 0 0 0 0 0 0 0 0 0 0 0 0 0 0 0 0 0 0 0 0 0 0 0 0 0 0 0 0 0 0 0 0 0 0 0 0 0 0 0 0 0 0 0 0 0 0 0 0 0 0 0 
0 2.00809e-05 2.42997e-05 3.29073e-05 2.87063e-05 3.93436e-05 3.33469e-05 1.54495e-05 3.5919e-06 -1.10011e-05 -3.45513e-06 -9.47753e-06 -7.22834e-06 9.9953e-06 3.98046e-05 9.26858e-05 0.000139479 0.000204645 0.000279684 0.000365886 0.000465877 0.000575254 0.000707916 0.000855678 0.00102801 0.0012314 0.00147059 0.00172137 0.00196829 0.00219461 0.00237853 0.00249739 0.00251072 0.0024154 0.00219472 0.00184356 0.00138485 0.000851949 0.000282646 -0.000284629 -0.000814838 -0.00126529 -0.00160704 -0.00184435 -0.00194667 -0.00192521 -0.00180404 -0.00158852 -0.00131251 -0.000989831 -0.000644469 -0.000300383 5.0202e-05 0.000392897 0.000713082 0.00103761 0.0013564 0.00166254 0.00197749 0.00229126 0.00260394 0.00291838 0.00323715 0.00355766 0.00387878 0.00419877 0.0045153 0.00481575 0.00509489 0.00534496 0.00555226 0.00570794 0.00579349 0.00580627 0.00572775 0.00555174 0.00528443 0.00492483 0.00446232 0.00392297 0.00329971 0.00259827 0.00184503 0.00105369 0.000228768 -0.000596561 -0.00140901 -0.00218232 -0.00288541 -0.00349686 -0.00399095 -0.00435013 -0.00457548 -0.00463862 -0.00452885 -0.00427961 -0.00389574 -0.00337052 -0.00273318 -0.00200946 -0.00121839 -0.000390635 0.000463794 0.00131875 0.00212392 0.00286686 0.00354341 0.00411084 0.00454404 0.00483879 0.00498179 0.00497382 0.00481191 0.004496 0.00404906 0.00348636 0.00281601 0.00208161 0.00129344 0.00045936 -0.00038381 -0.00121445 -0.00203595 -0.00281088 -0.00353215 -0.00419712 -0.00478965 -0.00529222 -0.00571085 -0.00603599 -0.00626827 -0.00641116 -0.00647989 -0.00647425 -0.00640254 -0.00628402 -0.00612208 -0.00592755 -0.00571585 -0.00549273 -0.00526707 -0.00504731 -0.00483423 -0.00465141 -0.00448939 -0.0043586 -0.00428287 -0.00424234 -0.00424217 -0.00429495 -0.00437263 -0.00446588 -0.00456693 -0.00464056 -0.00467247 -0.00462673 -0.00448818 -0.00425148 -0.00389188 -0.00342974 -0.00288605 -0.00227757 -0.00163608 -0.00100709 -0.00042479 7.50411e-05 0.000468207 0.000733325 0.000861584 0.000883533 0.000811406 0.000669945 0.00048632 0.000291255 0.000103129 -6.3315e-05 -0.000194559 -0.000281995 -0.000327097 -0.000360009 -0.000368278 -0.000365347 -0.000345945 -0.000318483 -0.000303572 -0.000276662 -0.000265359 -0.000252531 -0.000248656 -0.000256301 -0.000259994 -0.000288835 -0.000312922 -0.000343216 -0.000369145 -0.000392872 -0.000434777 -0.000463495 -0.000491668 -0.000503413 
0 2.42997e-05 3.76348e-05 2.66576e-05 3.40261e-05 4.23265e-05 3.67505e-05 2.00024e-05 -1.0971e-05 -7.89932e-06 -1.39622e-06 3.31392e-06 1.67607e-05 4.0272e-05 0.000117946 0.000201255 0.00030248 0.000423903 0.000561272 0.000739785 0.000923687 0.00114865 0.00141021 0.00170555 0.00205425 0.00246427 0.00293874 0.0034475 0.00393824 0.00438566 0.00476206 0.00497506 0.00501272 0.00480479 0.00435662 0.00366636 0.00273854 0.00169693 0.000566703 -0.00055318 -0.00159745 -0.00248614 -0.00317543 -0.00363526 -0.0038502 -0.00381296 -0.00355782 -0.00314755 -0.00258013 -0.00194019 -0.00124972 -0.000553408 0.000160454 0.00084301 0.00150949 0.00216018 0.00278921 0.00341108 0.0040136 0.00462929 0.00524535 0.00586534 0.00648449 0.00713674 0.00774698 0.00837185 0.00898439 0.00955372 0.0100779 0.010561 0.0109308 0.0111981 0.0113473 0.0113348 0.011163 0.0108204 0.0102975 0.00957069 0.00867823 0.0076111 0.00638962 0.0050268 0.00358187 0.00201929 0.000422863 -0.0011686 -0.00272425 -0.00421605 -0.00553749 -0.00671626 -0.00767718 -0.00836853 -0.00876481 -0.00889638 -0.00871227 -0.00824697 -0.00748173 -0.00647454 -0.00526356 -0.00388592 -0.00233794 -0.000731531 0.000907801 0.00252904 0.00409988 0.00554871 0.00684285 0.00789602 0.00873944 0.0093193 0.00959415 0.00955651 0.00926104 0.00865258 0.00780184 0.00673164 0.00546816 0.00403005 0.00251139 0.000905458 -0.000720479 -0.00234706 -0.00392484 -0.00544885 -0.00686381 -0.00815566 -0.0092988 -0.0102959 -0.0111097 -0.0117602 -0.0122523 -0.0125544 -0.0127131 -0.012739 -0.0126274 -0.012412 -0.0121427 -0.0117711 -0.0113747 -0.0109483 -0.0105111 -0.0100712 -0.00968019 -0.00931763 -0.00901676 -0.00878198 -0.00863069 -0.00855987 -0.00856354 -0.00865827 -0.00880577 -0.00899709 -0.00916966 -0.0093261 -0.00936942 -0.00926871 -0.00899465 -0.00851371 -0.00780127 -0.00689125 -0.00580989 -0.00459915 -0.00333382 -0.00205699 -0.000905897 0.000111965 0.000906703 0.00143298 0.00170917 0.00174196 0.00160314 0.00131845 0.00094881 0.000558625 0.000187418 -0.000150947 -0.000404735 -0.000579609 -0.000675699 -0.000723598 -0.000753661 -0.000726197 -0.000689559 -0.000633386 -0.000585661 -0.000551876 -0.000511752 -0.000505375 -0.000501299 -0.000516965 -0.000548598 -0.000594076 -0.000664057 -0.000718747 -0.000771007 -0.000824668 -0.000884707 -0.000947431 -0.000978942 -0.000996501 
0 3.29073e-05 2.66576e-05 3.06723e-05 1.75784e-05 4.12929e-05 3.42668e-05 3.0573e-06 -1.28286e-05 -2.49781e-05 1.19901e-05 2.11591e-05 4.72085e-05 0.000108402 0.000205115 0.000351195 0.000486393 0.000662632 0.000867423 0.00110949 0.00139332 0.00171764 0.00211245 0.00256197 0.00308871 0.00370648 0.00442267 0.00517265 0.00590642 0.00657379 0.0071111 0.00744559 0.00747438 0.00717365 0.00650463 0.00545983 0.00410106 0.00253255 0.000860485 -0.000801297 -0.00234937 -0.00366695 -0.00467358 -0.00536665 -0.00567481 -0.00562062 -0.00526313 -0.0046298 -0.00380091 -0.00282694 -0.0017748 -0.000709787 0.000373084 0.00143088 0.00242644 0.00341292 0.00436773 0.00527942 0.0061936 0.00709964 0.00799874 0.00889971 0.00980991 0.0107239 0.0116275 0.0125165 0.0133767 0.0141709 0.0148849 0.015499 0.0159792 0.0163076 0.0164476 0.0163888 0.0160936 0.0155451 0.0147535 0.0137104 0.0123965 0.0108647 0.00910634 0.00714168 0.00504193 0.00284416 0.000578597 -0.00167102 -0.00386533 -0.00593867 -0.00781133 -0.00943682 -0.0107514 -0.0117096 -0.0123086 -0.0124864 -0.0122127 -0.0115574 -0.0105305 -0.00912449 -0.00740958 -0.00545127 -0.00330192 -0.00104703 0.00127492 0.00359009 0.00577529 0.0077873 0.00960296 0.0111176 0.0122753 0.0130614 0.013443 0.0134226 0.013 0.012172 0.0109935 0.00950133 0.00771701 0.00573677 0.0035965 0.00132003 -0.000998855 -0.00330145 -0.00557777 -0.00773898 -0.0097557 -0.0116169 -0.0132823 -0.0147161 -0.0159273 -0.0169003 -0.0176359 -0.0181394 -0.0184432 -0.0185466 -0.0184619 -0.0182325 -0.0178705 -0.0173976 -0.0168587 -0.0162753 -0.0156749 -0.0150845 -0.0145208 -0.0140347 -0.0136144 -0.0132847 -0.0130972 -0.0130076 -0.0130257 -0.0131749 -0.0133898 -0.0136425 -0.013904 -0.0140906 -0.0141495 -0.0139896 -0.0135647 -0.0128503 -0.0117857 -0.0104196 -0.00880547 -0.00699632 -0.00508527 -0.00319784 -0.00144622 6.79308e-05 0.00126292 0.00207383 0.0024807 0.00255723 0.00234951 0.00193157 0.0013862 0.000803885 0.000243141 -0.000253227 -0.000641298 -0.000899894 -0.00103517 -0.00111831 -0.00113239 -0.00110438 -0.00103432 -0.000947144 -0.000893231 -0.000826096 -0.000800369 -0.000783216 -0.000790675 -0.000825878 -0.000857485 -0.000944818 -0.00102556 -0.00111473 -0.0011888 -0.00125467 -0.00135257 -0.00141595 -0.00146769 -0.00147685 
0 2.87063e-05 3.40261e-05 1.75784e-05 2.21553e-05 3.74071e-05 3.4908e-05 1.3175e-05 -1.74384e-05 -3.45243e-06 2.83884e-05 5.65258e-05 9.88007e-05 0.000168957 0.000314664 0.000484633 0.000677127 0.000905505 0.00117052 0.00150223 0.00186909 0.0023104 0.00283266 0.0034325 0.00413797 0.00496395 0.00590784 0.00691072 0.00788274 0.00876401 0.00948405 0.00989928 0.00994576 0.00952407 0.00862276 0.00724387 0.00542972 0.00336813 0.00115653 -0.00103585 -0.00307214 -0.0048052 -0.0061444 -0.00703599 -0.00744231 -0.00736081 -0.00685273 -0.00601194 -0.0048763 -0.00356906 -0.0021559 -0.000713742 0.000752325 0.00216971 0.00353924 0.0048657 0.00613793 0.00736926 0.00855806 0.00974158 0.0109109 0.012071 0.013221 0.0143909 0.0154938 0.0165804 0.0176137 0.0185447 0.0193621 0.020062 0.0205584 0.0208559 0.0209341 0.0207446 0.0202814 0.0195303 0.01848 0.0171008 0.0154313 0.0134755 0.0112584 0.00881085 0.00622171 0.00347703 0.000689615 -0.00206323 -0.00472656 -0.00724389 -0.00947834 -0.0114409 -0.0130353 -0.0141892 -0.0148691 -0.0150922 -0.0147975 -0.014026 -0.0127606 -0.0110675 -0.00901082 -0.00665259 -0.00401792 -0.00126273 0.00155108 0.00433434 0.0070085 0.00946795 0.0116525 0.0134436 0.0148556 0.0158233 0.0162918 0.0162555 0.0157718 0.014785 0.0133814 0.0115968 0.00946637 0.00703689 0.00442712 0.00165011 -0.00119136 -0.00404592 -0.00684391 -0.00954812 -0.01208 -0.0144129 -0.0165078 -0.0183556 -0.019918 -0.0212128 -0.0222414 -0.0229701 -0.0234518 -0.0236954 -0.023697 -0.023503 -0.0231705 -0.0226586 -0.0220656 -0.021403 -0.0207045 -0.0199989 -0.0193549 -0.0187693 -0.0182828 -0.0179122 -0.0176875 -0.0176002 -0.0176447 -0.0178395 -0.0181254 -0.0184707 -0.0187895 -0.0190438 -0.019093 -0.0188611 -0.0182864 -0.0173095 -0.0158883 -0.0140718 -0.0119181 -0.00950938 -0.00697878 -0.00444636 -0.00212413 -8.69642e-05 0.00151769 0.00260364 0.00318274 0.00329098 0.00303928 0.00250123 0.00179234 0.00103302 0.000301283 -0.00035716 -0.000865277 -0.00121604 -0.00141649 -0.0015219 -0.00156781 -0.00152326 -0.00144497 -0.0013397 -0.00125218 -0.00118595 -0.00112959 -0.00111869 -0.0011213 -0.00115195 -0.0012058 -0.00129048 -0.00140636 -0.00150787 -0.0016009 -0.00169529 -0.00179851 -0.00189131 -0.00193721 -0.00195063 
0 3.93436e-05 4.23265e-05 4.12929e-05 3.74071e-05 5.90423e-05 5.61133e-05 2.50392e-05 2.86869e-06 6.61094e-06 5.27527e-05 8.97042e-05 0.000146791 0.000251919 0.000421525 0.000644686 0.000882681 0.00116882 0.00150619 0.0019098 0.00237754 0.00292461 0.00357557 0.00432815 0.00520994 0.00623882 0.00741107 0.00864588 0.0098523 0.0109442 0.0118171 0.0123378 0.0123758 0.0118556 0.0107337 0.00901371 0.00678259 0.00421488 0.00147889 -0.00123619 -0.00375197 -0.0058915 -0.00753008 -0.00861865 -0.00909068 -0.00896392 -0.00831552 -0.00722677 -0.00579757 -0.00413577 -0.00234435 -0.000511984 0.00133395 0.00313406 0.00485423 0.00652343 0.00812538 0.0096565 0.0111431 0.0125938 0.0140047 0.0153812 0.01673 0.0180491 0.0193052 0.0205007 0.0216114 0.0225908 0.0234209 0.0240782 0.0245167 0.0247169 0.0246504 0.0242927 0.0236186 0.0226138 0.0212848 0.0196204 0.0176264 0.0153414 0.0127779 0.00997226 0.00700817 0.0039289 0.00080564 -0.00226695 -0.00522679 -0.00799441 -0.0104688 -0.0126042 -0.0143267 -0.0155794 -0.0163448 -0.0165798 -0.0162491 -0.0154016 -0.0140466 -0.0122009 -0.00993752 -0.00733258 -0.00445651 -0.00142653 0.00168048 0.00476156 0.00768619 0.0103751 0.0127713 0.0147645 0.0163051 0.01736 0.0178887 0.017889 0.017371 0.0163232 0.0148022 0.0128504 0.0105028 0.00784576 0.00494937 0.00185535 -0.0013314 -0.00453711 -0.00771457 -0.0107818 -0.0136823 -0.0163897 -0.0188563 -0.021048 -0.022951 -0.0245562 -0.0258562 -0.0268473 -0.0275578 -0.0279925 -0.0281583 -0.0281001 -0.027846 -0.0274102 -0.0268538 -0.0262102 -0.0255143 -0.0248046 -0.0241268 -0.023522 -0.0230088 -0.0226217 -0.0224084 -0.0223459 -0.0224423 -0.0227084 -0.0230789 -0.0235007 -0.023905 -0.0241902 -0.0242389 -0.0239319 -0.0231879 -0.0219483 -0.0201574 -0.0178709 -0.0151698 -0.0121579 -0.00898884 -0.00584879 -0.00293619 -0.000403984 0.00160319 0.00298577 0.00372935 0.00391251 0.00363098 0.00300006 0.0021542 0.00123258 0.000334522 -0.000469195 -0.00110572 -0.00154821 -0.00181109 -0.00196427 -0.00202041 -0.00199284 -0.00190535 -0.00179106 -0.00169855 -0.00161106 -0.00155735 -0.00152881 -0.00152583 -0.00154995 -0.00158967 -0.00168182 -0.00179019 -0.00190402 -0.00200609 -0.0021097 -0.00223623 -0.00233406 -0.00239891 -0.00241755 
0 3.33469e-05 3.67505e-05 3.42668e-05 3.4908e-05 5.61133e-05 5.86694e-05 3.5091e-05 2.27402e-05 4.09184e-05 9.84341e-05 0.000158777 0.000239412 0.000373729 0.000575214 0.000834749 0.0011228 0.00146234 0.00186663 0.0023462 0.00290682 0.00356164 0.00433607 0.00523832 0.0062954 0.00752751 0.00891945 0.0103871 0.0118224 0.013117 0.0141416 0.0147443 0.0147753 0.0141428 0.0127973 0.0107516 0.008113 0.00507068 0.00183592 -0.00137367 -0.00433949 -0.00685976 -0.00878707 -0.010044 -0.0105704 -0.0103834 -0.00956759 -0.00822572 -0.00648092 -0.00445983 -0.00228864 -6.17512e-05 0.00216786 0.00434261 0.00642709 0.00843286 0.0103493 0.0121715 0.0139189 0.0155988 0.01721 0.0187518 0.0202303 0.0216351 0.0229433 0.0241479 0.0252307 0.0261525 0.0268942 0.0274301 0.0277207 0.0277411 0.0274692 0.0268833 0.0259644 0.0247065 0.0231132 0.0211842 0.0189346 0.0164033 0.0136131 0.0106101 0.00746253 0.00422306 0.000962725 -0.00222599 -0.00527726 -0.00810979 -0.0106378 -0.0128064 -0.0145516 -0.0158144 -0.0165744 -0.0168013 -0.0164748 -0.0156167 -0.0142429 -0.0123805 -0.0100987 -0.00746431 -0.00455474 -0.00148025 0.00166411 0.00477956 0.00774805 0.0104829 0.0129077 0.0149346 0.0165131 0.0176064 0.0181708 0.0182009 0.0176995 0.0166668 0.0151428 0.01317 0.0107841 0.00806269 0.00507509 0.00187917 -0.00143808 -0.00480139 -0.00815901 -0.011436 -0.0145738 -0.017533 -0.0202693 -0.0227436 -0.0249366 -0.0268334 -0.0284195 -0.0296893 -0.0306597 -0.0313376 -0.0317327 -0.0318842 -0.0318169 -0.0315524 -0.0311376 -0.0306127 -0.0300104 -0.0293763 -0.028758 -0.0282006 -0.0277318 -0.0273939 -0.0272279 -0.0272292 -0.0274062 -0.0277581 -0.0282284 -0.0287465 -0.0292299 -0.029557 -0.0295919 -0.0291989 -0.0282801 -0.0267619 -0.0246017 -0.0218505 -0.018606 -0.0149989 -0.0112077 -0.00745511 -0.00396332 -0.000925857 0.00149238 0.00317884 0.00411649 0.00438605 0.00409981 0.00339646 0.00243255 0.00136631 0.000316471 -0.000624781 -0.00138037 -0.0019152 -0.00224939 -0.00244573 -0.00252683 -0.00251261 -0.00242646 -0.00231017 -0.00220385 -0.00210713 -0.0020412 -0.0020013 -0.00198943 -0.00200235 -0.00204041 -0.00212651 -0.00223458 -0.00234946 -0.00245477 -0.0025651 -0.00269149 -0.00279242 -0.00285505 -0.00287362 
0 1.54495e-05 2.00024e-05 3.0573e-06 1.3175e-05 2.50392e-05 3.5091e-05 3.34332e-05 3.66021e-05 9.10087e-05 0.000164829 0.000265702 0.000384322 0.000550624 0.000793223 0.00107856 0.0014171 0.00180182 0.00226133 0.00281108 0.00345226 0.004213 0.00510774 0.00616169 0.00739855 0.00883814 0.010445 0.0121425 0.0137975 0.0152815 0.0164491 0.0171114 0.017133 0.0163798 0.0148124 0.0124584 0.00942893 0.00594608 0.00224433 -0.00142202 -0.00479804 -0.00766056 -0.00985042 -0.0112441 -0.0118114 -0.0115574 -0.0105652 -0.00897665 -0.0069091 -0.00452816 -0.00197135 0.000658603 0.00327959 0.00582387 0.00827333 0.0105988 0.0128018 0.0148877 0.0168476 0.0187036 0.0204522 0.0220887 0.0236126 0.025026 0.0262922 0.027416 0.0283758 0.0291417 0.0296942 0.0300199 0.0300751 0.0298435 0.0293168 0.0284633 0.0272821 0.0257788 0.0239514 0.0218061 0.0193885 0.0167129 0.0138241 0.0107746 0.0076224 0.00440621 0.00121425 -0.00188745 -0.00483044 -0.00754916 -0.00995855 -0.0120184 -0.0136715 -0.0148658 -0.0155619 -0.0157654 -0.0154632 -0.014654 -0.0133519 -0.0116129 -0.00948703 -0.00703409 -0.0043202 -0.00144961 0.00148161 0.00438039 0.00716969 0.00974916 0.0120315 0.0139488 0.0154686 0.0165321 0.0171009 0.0171606 0.0167233 0.0157787 0.0143593 0.0125015 0.01025 0.00764319 0.00476624 0.00167404 -0.00157045 -0.00490349 -0.0082491 -0.0115701 -0.0147953 -0.017874 -0.0207687 -0.0234459 -0.0258608 -0.0280069 -0.0298653 -0.031417 -0.0326744 -0.033645 -0.0343328 -0.0347623 -0.0349692 -0.0349568 -0.0347759 -0.0344623 -0.034049 -0.0335798 -0.0331191 -0.0326898 -0.0323494 -0.0321403 -0.0320839 -0.0322104 -0.0325164 -0.0329854 -0.0335756 -0.0342049 -0.0347599 -0.035132 -0.0351432 -0.0346612 -0.0335709 -0.0317742 -0.0292546 -0.0260505 -0.022271 -0.0180774 -0.0136777 -0.00931053 -0.00524727 -0.00169596 0.00114278 0.00314573 0.00430671 0.00468089 0.00441691 0.00366275 0.00259976 0.00140379 0.000214192 -0.000857659 -0.0017238 -0.00234817 -0.00275447 -0.00298357 -0.00309148 -0.00308126 -0.00299998 -0.00288561 -0.0027629 -0.00267045 -0.00258943 -0.00254962 -0.00253263 -0.00253663 -0.00258355 -0.00265454 -0.00276356 -0.00286543 -0.00296245 -0.00306862 -0.00317059 -0.00326671 -0.00330976 -0.00332297 
0 3.5919e-06 -1.0971e-05 -1.28286e-05 -1.74384e-05 2.86869e-06 2.27402e-05 3.66021e-05 8.46431e-05 0.0001501 0.000264875 0.000398877 0.000556191 0.000775631 0.00103642 0.00137006 0.00174409 0.00217533 0.00269403 0.00329598 0.00402771 0.00488636 0.00590575 0.00711786 0.0085399 0.0101844 0.0120131 0.0139217 0.0157912 0.017458 0.0187348 0.0194689 0.0194467 0.0185822 0.0167991 0.0141345 0.0107569 0.00684801 0.00271955 -0.00136294 -0.00510887 -0.00828074 -0.0106808 -0.0122009 -0.0127762 -0.0124396 -0.0112869 -0.00942719 -0.00705745 -0.00431242 -0.00136586 0.00166824 0.00466847 0.00759488 0.0103729 0.0129969 0.0154599 0.0177411 0.0198714 0.0218339 0.0236368 0.0252816 0.0267791 0.0280824 0.0292425 0.0301952 0.030942 0.0314699 0.0317592 0.0317706 0.0315297 0.0309973 0.0301615 0.0290337 0.0275996 0.0258644 0.0238448 0.0215828 0.0190748 0.0163798 0.0135302 0.0105803 0.00755393 0.00456307 0.00161802 -0.00121524 -0.00387958 -0.00629712 -0.00846655 -0.0102797 -0.0117215 -0.0127633 -0.0133993 -0.0135644 -0.0132905 -0.0125754 -0.0114786 -0.00999323 -0.00817412 -0.00607494 -0.00380235 -0.00137302 0.001121 0.00360865 0.00598088 0.00819844 0.0101828 0.0118985 0.0132342 0.0141833 0.0147215 0.014836 0.0144736 0.0136964 0.0124801 0.0108616 0.00887327 0.00658469 0.00398928 0.00117639 -0.00182012 -0.00492871 -0.00811691 -0.0112996 -0.0144518 -0.0175189 -0.0204601 -0.0232188 -0.0257877 -0.0281228 -0.0301968 -0.0320295 -0.0335862 -0.0348689 -0.0358932 -0.0366676 -0.0371781 -0.0375048 -0.0376248 -0.0376011 -0.0374662 -0.0372699 -0.0370369 -0.03685 -0.0367249 -0.0367209 -0.0368729 -0.0371881 -0.037684 -0.0383242 -0.0390699 -0.0398193 -0.0404868 -0.0408875 -0.0408986 -0.0403384 -0.0390753 -0.0370244 -0.0341547 -0.0305082 -0.0262111 -0.0214457 -0.0164335 -0.0114824 -0.00682474 -0.00277015 0.000500051 0.00285482 0.00424442 0.00477303 0.00455063 0.00377707 0.00264482 0.0013375 2.28911e-05 -0.00116089 -0.00213856 -0.00285059 -0.00332497 -0.00360762 -0.00372344 -0.00374223 -0.00366174 -0.00355125 -0.00343525 -0.003324 -0.00325646 -0.00319626 -0.00317552 -0.0031755 -0.00320194 -0.00327416 -0.00334941 -0.00344056 -0.00352008 -0.00359891 -0.00368694 -0.00374449 -0.00378105 -0.00377704 
0 -1.10011e-05 -7.89932e-06 -2.49781e-05 -3.45243e-06 6.61094e-06 4.09184e-05 9.10087e-05 0.0001501 0.000262944 0.000384171 0.000559112 0.000758081 0.00100257 0.00131137 0.0016621 0.00209251 0.00257308 0.00314621 0.00382526 0.00463809 0.005611 0.00675958 0.00813037 0.00973599 0.0115887 0.0136143 0.0157397 0.0178057 0.0196355 0.0210392 0.0217968 0.021758 0.0207605 0.0187631 0.0158244 0.0120962 0.00781705 0.00329414 -0.00116502 -0.00524064 -0.00867562 -0.0112808 -0.0128746 -0.0134528 -0.01302 -0.0116643 -0.0095569 -0.00685665 -0.00376251 -0.000446152 0.0029668 0.0063357 0.00958345 0.0126855 0.0155618 0.0182198 0.0206615 0.0228689 0.024856 0.0266367 0.0282094 0.0295709 0.0307213 0.0316535 0.0323539 0.0328119 0.0330264 0.0329763 0.0326625 0.03207 0.0311963 0.0300553 0.0286397 0.0269694 0.0250755 0.0229498 0.0206256 0.0181561 0.0155472 0.0128589 0.0101519 0.00744399 0.00478335 0.0022314 -0.000184836 -0.00241253 -0.00441944 -0.00617948 -0.00765599 -0.00883331 -0.00968399 -0.0101629 -0.010303 -0.0101272 -0.00959917 -0.00874365 -0.00763195 -0.00628802 -0.00474281 -0.00304183 -0.00123016 0.000618519 0.00245827 0.00427836 0.00599615 0.00752464 0.00885137 0.0099439 0.0107371 0.0112058 0.0113269 0.0110958 0.0105206 0.00959172 0.00832389 0.00674858 0.0048556 0.00269358 0.000319371 -0.00226568 -0.00501606 -0.00785754 -0.0107816 -0.0137304 -0.0166348 -0.0194804 -0.0222319 -0.0248408 -0.0272921 -0.0295607 -0.0316162 -0.0334444 -0.0350381 -0.0363993 -0.0375175 -0.0384126 -0.0390973 -0.0395887 -0.0399236 -0.0401373 -0.0402752 -0.0403911 -0.0405132 -0.0407057 -0.0410117 -0.0414275 -0.0420187 -0.0427675 -0.043632 -0.0445877 -0.0455304 -0.0463186 -0.0468201 -0.0468362 -0.0462139 -0.0448087 -0.0424993 -0.0393041 -0.0352386 -0.0304402 -0.0251216 -0.0195367 -0.0139814 -0.00877101 -0.00419036 -0.000477685 0.00222696 0.00390437 0.00459061 0.00446396 0.00370595 0.00253636 0.00115682 -0.000254331 -0.00153884 -0.00261108 -0.00341841 -0.00398253 -0.00431303 -0.00448408 -0.00451913 -0.00446601 -0.00436967 -0.00423774 -0.00414005 -0.00404052 -0.00397652 -0.00393184 -0.00390371 -0.00392644 -0.00394895 -0.00400967 -0.00405924 -0.00411293 -0.00417537 -0.00421258 -0.00426077 -0.00426296 -0.00425509 
0 -3.45513e-06 -1.39622e-06 1.19901e-05 2.83884e-05 5.27527e-05 9.84341e-05 0.000164829 0.000264875 0.000384171 0.000537118 0.000735652 0.000972845 0.00126862 0.00160146 0.00200414 0.00247804 0.00301662 0.00365518 0.00439801 0.00530582 0.0063881 0.00767036 0.00920396 0.0109961 0.0130414 0.015272 0.0175813 0.0198326 0.0218164 0.0233054 0.0241148 0.0240286 0.0229303 0.0207485 0.017551 0.0135338 0.00890768 0.00403136 -0.000765042 -0.00513629 -0.00881207 -0.0115618 -0.0132303 -0.0137727 -0.0132267 -0.0116944 -0.00931742 -0.00632409 -0.00289617 0.000771026 0.00453014 0.00820866 0.0117531 0.0150824 0.0181474 0.0209433 0.023451 0.025687 0.027634 0.0293072 0.0307195 0.0318782 0.0327484 0.0334031 0.0337808 0.0338893 0.0337449 0.033335 0.0326354 0.0316983 0.0305092 0.0290766 0.0274312 0.0255896 0.0235738 0.0214038 0.0191447 0.0168011 0.0144104 0.0120189 0.00967123 0.00735859 0.00518822 0.00314943 0.00125707 -0.000450659 -0.00193654 -0.00324959 -0.0043067 -0.00513068 -0.00573391 -0.00611753 -0.00624386 -0.00616405 -0.00586181 -0.00539923 -0.0047703 -0.00399128 -0.00308918 -0.00213736 -0.00109239 -3.21368e-06 0.001103 0.00218461 0.00323684 0.00420681 0.00510077 0.00582166 0.00636708 0.00673198 0.00689002 0.00677711 0.00645254 0.0058545 0.00498881 0.00387468 0.00252247 0.000889201 -0.000951054 -0.00301448 -0.00526143 -0.00765855 -0.01016 -0.0127591 -0.0153974 -0.0180508 -0.020674 -0.0232477 -0.0257246 -0.0280757 -0.0303065 -0.0323579 -0.0342203 -0.0359005 -0.0373722 -0.0386148 -0.039705 -0.0405963 -0.0413421 -0.041978 -0.0425393 -0.0430455 -0.0435727 -0.0441455 -0.0448169 -0.0456044 -0.0465384 -0.0476239 -0.0487984 -0.0500301 -0.0512038 -0.0521931 -0.0528019 -0.0528817 -0.0522334 -0.0506984 -0.0481789 -0.0446688 -0.040203 -0.0349302 -0.0290845 -0.0229391 -0.0168395 -0.011075 -0.00600868 -0.00186102 0.0012245 0.00318424 0.00409593 0.00409197 0.0033974 0.00223507 0.000808252 -0.000672468 -0.00203647 -0.00320019 -0.00409722 -0.00474201 -0.00514381 -0.0053478 -0.00542944 -0.00539789 -0.00531632 -0.0051992 -0.0050836 -0.004989 -0.00489296 -0.00482396 -0.00477187 -0.00474705 -0.00474126 -0.00473897 -0.00475267 -0.00477009 -0.00478861 -0.00480008 -0.00479925 -0.00479297 -0.00476866 
0 -9.47753e-06 3.31392e-06 2.11591e-05 5.65258e-05 8.97042e-05 0.000158777 0.000265702 0.000398877 0.000559112 0.000735652 0.000972927 0.00125711 0.00158899 0.00196259 0.00239533 0.00291715 0.00351071 0.00420739 0.00502519 0.00602133 0.00721779 0.00863758 0.0103323 0.0123078 0.0145506 0.0169707 0.0194728 0.0218975 0.0240213 0.0256063 0.0264336 0.0263159 0.0251061 0.0227512 0.0193348 0.0150511 0.010141 0.00496529 -0.000115099 -0.00473458 -0.00860376 -0.011489 -0.0131989 -0.0137099 -0.013053 -0.0113321 -0.00872052 -0.00544461 -0.00172382 0.00223889 0.0062774 0.0102116 0.01396 0.017463 0.0206392 0.0234834 0.0259876 0.0281516 0.0299674 0.0314597 0.0326429 0.0335176 0.0340787 0.0343729 0.0343737 0.0340929 0.0335623 0.0327768 0.0317409 0.0304845 0.0290179 0.0273613 0.0255443 0.0236011 0.0215723 0.0194665 0.0173445 0.0152351 0.0131561 0.0111573 0.0092788 0.00750146 0.00588198 0.0044232 0.00312047 0.00199861 0.00106143 0.00026684 -0.000356897 -0.000841597 -0.00120669 -0.00144654 -0.00158752 -0.00167856 -0.00168676 -0.00163885 -0.00156132 -0.00144878 -0.00129847 -0.0011302 -0.000917676 -0.000686863 -0.000434068 -0.000137731 0.000183829 0.00049298 0.000821743 0.00113558 0.0014072 0.00162762 0.00176611 0.00178225 0.00169384 0.00144389 0.00101475 0.000408301 -0.00040571 -0.00144677 -0.00267178 -0.00412045 -0.00577812 -0.00761098 -0.00961524 -0.0117764 -0.0140343 -0.016384 -0.0187905 -0.021219 -0.0236324 -0.0260036 -0.0283062 -0.030498 -0.0325622 -0.0345004 -0.036278 -0.0378869 -0.0393612 -0.0406725 -0.0418494 -0.0429269 -0.043936 -0.0449008 -0.0458756 -0.046902 -0.0480194 -0.0492312 -0.0505898 -0.052077 -0.0536306 -0.0552118 -0.0566998 -0.0579335 -0.0587305 -0.0589065 -0.0582699 -0.0566544 -0.0539521 -0.0501793 -0.0453639 -0.0396666 -0.0333432 -0.0266923 -0.0200617 -0.0137892 -0.00823509 -0.00365154 -0.000189403 0.00209335 0.00323658 0.00340071 0.00280143 0.00167501 0.000239292 -0.0012851 -0.00270987 -0.00394577 -0.00492769 -0.00565385 -0.00611655 -0.00637351 -0.00648552 -0.00648334 -0.00641383 -0.0062924 -0.0061743 -0.00605472 -0.00594068 -0.00584098 -0.00575788 -0.00570492 -0.00564727 -0.00560284 -0.0055668 -0.00554437 -0.00552318 -0.00547761 -0.0054348 -0.00538464 -0.00533398 
0 -7.22834e-06 1.67607e-05 4.72085e-05 9.88007e-05 0.000146791 0.000239412 0.000384322 0.000556191 0.000758081 0.000972845 0.00125711 0.00159616 0.00197311 0.00239082 0.00285979 0.00342606 0.00407302 0.00482412 0.00571246 0.00679264 0.00810179 0.00966255 0.0115241 0.0136912 0.0161344 0.0187518 0.0214418 0.0240319 0.0262838 0.0279491 0.0287901 0.0286346 0.0273243 0.024819 0.0212138 0.016703 0.0115536 0.00612507 0.000810465 -0.00401238 -0.00803544 -0.0110174 -0.0127574 -0.0132342 -0.0124852 -0.0106165 -0.00781897 -0.00432038 -0.000366789 0.00383357 0.00808793 0.012211 0.0160956 0.0196841 0.0228876 0.0256953 0.0281097 0.0301243 0.0317389 0.032978 0.0338652 0.0343992 0.0346012 0.0345076 0.0341212 0.0334537 0.0325493 0.0314126 0.0300675 0.0285442 0.0268725 0.0250766 0.0231857 0.0212415 0.019285 0.0173356 0.0154508 0.0136681 0.0119926 0.0104699 0.00911949 0.00792617 0.00691443 0.00608317 0.00539884 0.00487146 0.00447764 0.00417975 0.00397121 0.00381396 0.00365782 0.00349918 0.00329699 0.00301539 0.00266498 0.002238 0.0017202 0.00114533 0.000522979 -0.000134009 -0.000789405 -0.00143042 -0.00204433 -0.00258325 -0.00304336 -0.00341853 -0.00367662 -0.00382423 -0.00388329 -0.00384686 -0.00375495 -0.0036431 -0.00352745 -0.00346049 -0.00347965 -0.00358919 -0.00384493 -0.0042707 -0.00486103 -0.00565876 -0.0066755 -0.00788608 -0.00931296 -0.0109486 -0.0127508 -0.0147129 -0.0168082 -0.0189927 -0.0212347 -0.0235123 -0.0257907 -0.0280354 -0.030224 -0.0323501 -0.0343713 -0.0362857 -0.0381022 -0.0398056 -0.0414036 -0.0429309 -0.0444053 -0.0458525 -0.0473136 -0.0488389 -0.0504555 -0.0521675 -0.0540226 -0.0559871 -0.0579955 -0.0599902 -0.0618487 -0.0633856 -0.0644231 -0.0647566 -0.0641947 -0.0625607 -0.0597479 -0.055772 -0.0506682 -0.0446059 -0.0378579 -0.0307497 -0.0236339 -0.0168884 -0.0108737 -0.00586552 -0.00202211 0.000593099 0.00199749 0.00235789 0.00188536 0.000823149 -0.000598588 -0.00214379 -0.00361421 -0.00490726 -0.00595985 -0.00675098 -0.00726412 -0.00756198 -0.00769808 -0.00771993 -0.00766023 -0.00754111 -0.00741956 -0.00728192 -0.0071499 -0.00702237 -0.00691034 -0.00682079 -0.00671004 -0.00660979 -0.00651594 -0.00644214 -0.0063672 -0.00626044 -0.00616227 -0.00606445 -0.00597806 
0 9.9953e-06 4.0272e-05 0.000108402 0.000168957 0.000251919 0.000373729 0.000550624 0.000775631 0.00100257 0.00126862 0.00158899 0.00197311 0.0023995 0.00284729 0.00336445 0.00397037 0.00467904 0.00549834 0.00646603 0.007646 0.00907865 0.0107925 0.0128301 0.0151978 0.0178355 0.0206611 0.0235265 0.0262762 0.0286514 0.0303739 0.0312382 0.0310243 0.0296226 0.0269813 0.023202 0.0185044 0.0131528 0.0075207 0.00202188 -0.00296043 -0.00711197 -0.0101556 -0.0119376 -0.0123869 -0.0115711 -0.00960907 -0.00667089 -0.00302555 0.00108738 0.00544497 0.00983292 0.0140536 0.0180102 0.0215931 0.0247508 0.0274507 0.0296874 0.0314775 0.0328207 0.0337408 0.034279 0.0344524 0.034265 0.0337934 0.0330314 0.0320068 0.0307694 0.02935 0.0277515 0.0260442 0.0242527 0.022399 0.0205322 0.0186977 0.016915 0.0152244 0.013684 0.0122988 0.0110953 0.0101033 0.0093221 0.00872289 0.00833838 0.00812399 0.00804244 0.00807688 0.00820338 0.0083412 0.00848595 0.00858571 0.00858277 0.00842717 0.00811522 0.00760709 0.00690129 0.00597801 0.00487547 0.00362429 0.00225481 0.000779674 -0.000722089 -0.00221589 -0.00365976 -0.00502334 -0.0062458 -0.00729467 -0.00812892 -0.00876855 -0.00918491 -0.00937768 -0.00938104 -0.00925062 -0.00898333 -0.00865528 -0.00831036 -0.00797769 -0.00769658 -0.00754202 -0.00751671 -0.00766758 -0.00802671 -0.0086107 -0.00941791 -0.0104736 -0.011758 -0.0132493 -0.0149326 -0.0167852 -0.0187617 -0.020839 -0.0230067 -0.0252031 -0.0274178 -0.0296378 -0.0318239 -0.0339497 -0.0360501 -0.0380766 -0.0400466 -0.0419905 -0.0439181 -0.0458407 -0.0478188 -0.0498718 -0.0520208 -0.0542925 -0.056682 -0.0591775 -0.0616985 -0.0641667 -0.0664505 -0.0683706 -0.0697021 -0.070272 -0.0698552 -0.0682691 -0.0654364 -0.0613292 -0.0560216 -0.0496778 -0.0425818 -0.0350766 -0.0275433 -0.020356 -0.013919 -0.00850117 -0.00427149 -0.00133281 0.000366197 0.000938928 0.000626919 -0.000336549 -0.00171608 -0.00324938 -0.00474579 -0.00608382 -0.00719937 -0.00804987 -0.00862475 -0.0089588 -0.00913262 -0.00917456 -0.00912195 -0.00901323 -0.00886628 -0.00871689 -0.00854321 -0.00837975 -0.00823351 -0.00808279 -0.00792993 -0.0077535 -0.00760669 -0.00747592 -0.00733321 -0.00717769 -0.00700411 -0.00686753 -0.00673358 
0 3.98046e-05 0.000117946 0.000205115 0.000314664 0.000421525 0.000575214 0.000793223 0.00103642 0.00131137 0.00160146 0.00196259 0.00239082 0.00284729 0.00334709 0.00389782 0.00456122 0.00534117 0.00623948 0.00731276 0.00860838 0.010182 0.0120707 0.0142966 0.0168628 0.0197098 0.0227143 0.0257635 0.0286491 0.0311217 0.0329175 0.0337681 0.0335269 0.0320319 0.029274 0.025365 0.0204997 0.0149917 0.00919689 0.00354327 -0.00157879 -0.00582839 -0.00896212 -0.0107755 -0.011243 -0.010411 -0.0083914 -0.00540496 -0.0016792 0.0025089 0.00692833 0.0113487 0.0155968 0.0195054 0.0230231 0.0260534 0.0285646 0.0305783 0.0320814 0.0330984 0.033674 0.0338456 0.0336269 0.0330964 0.0322515 0.0311597 0.0298424 0.0283501 0.0267075 0.0249787 0.0231723 0.0213494 0.0195491 0.0178055 0.0161634 0.0146698 0.0133474 0.0122107 0.0113069 0.0106254 0.010181 0.00996669 0.00998497 0.010169 0.0105211 0.0109859 0.0115288 0.0120693 0.0125897 0.0129942 0.0132426 0.0132765 0.0130955 0.0126159 0.0118316 0.0107366 0.0093783 0.0077292 0.00584171 0.0037554 0.00156367 -0.000714434 -0.00300109 -0.00523743 -0.0073161 -0.00922736 -0.0109112 -0.0123317 -0.0134182 -0.0142046 -0.0146781 -0.0148648 -0.014758 -0.0144393 -0.0139265 -0.013289 -0.0125733 -0.0118689 -0.011183 -0.0105962 -0.0101513 -0.00989761 -0.0098432 -0.0100469 -0.0104983 -0.0111995 -0.0121569 -0.013367 -0.0147913 -0.0164179 -0.0182301 -0.0201679 -0.0222264 -0.0243701 -0.0265758 -0.0288096 -0.0310821 -0.0333416 -0.0356224 -0.0378975 -0.0401941 -0.0425277 -0.0449223 -0.0473843 -0.0499713 -0.0526757 -0.0554991 -0.0584706 -0.0615211 -0.0645954 -0.0675886 -0.0703629 -0.0727016 -0.0744212 -0.0752744 -0.0750719 -0.0736255 -0.070829 -0.06669 -0.0612602 -0.054724 -0.0473708 -0.0395643 -0.0316727 -0.0241387 -0.0173173 -0.0115268 -0.00695103 -0.00366391 -0.00168941 -0.000860657 -0.000988423 -0.00182834 -0.00312114 -0.00462592 -0.00612783 -0.00750037 -0.00867774 -0.00959271 -0.0102244 -0.010619 -0.0108153 -0.0108859 -0.0108403 -0.0107183 -0.0105657 -0.0103642 -0.0101596 -0.00994195 -0.00973695 -0.00953859 -0.00930041 -0.00907086 -0.00884588 -0.00865061 -0.00845297 -0.00821921 -0.00800658 -0.00780723 -0.00763976 
0 9.26858e-05 0.000201255 0.000351195 0.000484633 0.000644686 0.000834749 0.00107856 0.00137006 0.0016621 0.00200414 0.00239533 0.00285979 0.00336445 0.00389782 0.00451119 0.00523062 0.00609097 0.00708611 0.0082737 0.00970139 0.0114367 0.0135104 0.015939 0.0187215 0.0217561 0.0249656 0.0281646 0.0311794 0.0337453 0.0355691 0.0364406 0.0361417 0.0345838 0.0317407 0.0277206 0.0227397 0.0171031 0.0111698 0.00538342 0.000130066 -0.00424989 -0.00745917 -0.00937383 -0.00989282 -0.0090996 -0.00712083 -0.00414675 -0.000444125 0.0037246 0.00811725 0.0124871 0.016643 0.0204547 0.0237913 0.0266219 0.0288956 0.0306226 0.0318147 0.0325103 0.0327335 0.0325437 0.0319881 0.0311095 0.0299689 0.028616 0.0270866 0.0254249 0.0236903 0.0218935 0.0201098 0.0183774 0.0167308 0.0152188 0.0138923 0.0127488 0.0118492 0.0112051 0.0108138 0.0106819 0.0108058 0.0111444 0.0116871 0.0124061 0.0132545 0.0141712 0.0150956 0.0159678 0.0167122 0.0172647 0.0175816 0.0175997 0.0172538 0.0165515 0.015496 0.0140595 0.0122401 0.0100956 0.00766831 0.00500117 0.0021483 -0.000795705 -0.00373852 -0.00660869 -0.00935459 -0.0118769 -0.0140995 -0.0160024 -0.017569 -0.0187442 -0.0195177 -0.019907 -0.0199343 -0.0196288 -0.0190412 -0.018231 -0.0172578 -0.0161824 -0.0150884 -0.0140459 -0.0130831 -0.0122666 -0.0116435 -0.0112311 -0.0110677 -0.0111958 -0.0115862 -0.0122624 -0.0132144 -0.0144152 -0.0158448 -0.017498 -0.019314 -0.0212865 -0.0233803 -0.0255724 -0.0278456 -0.0302032 -0.0326294 -0.0351282 -0.0377161 -0.0403927 -0.0431774 -0.0460947 -0.0491652 -0.0523837 -0.0557848 -0.0593143 -0.0629511 -0.0666056 -0.0701511 -0.0734375 -0.0762634 -0.0783844 -0.0795976 -0.0796706 -0.0784117 -0.0757565 -0.0716422 -0.0661873 -0.0595572 -0.0520468 -0.0440328 -0.0359084 -0.0280934 -0.0209852 -0.0148797 -0.00997488 -0.00639577 -0.00410907 -0.00304057 -0.00296106 -0.0036508 -0.00485531 -0.00630135 -0.00780645 -0.00920719 -0.0104381 -0.0114123 -0.0121111 -0.0125477 -0.0127822 -0.0128635 -0.0128162 -0.0126934 -0.0124946 -0.0122663 -0.0119958 -0.0117229 -0.0114622 -0.0111778 -0.0108893 -0.01057 -0.0102855 -0.0100206 -0.0097441 -0.00946691 -0.00917699 -0.00894474 -0.00872653 
0 0.000139479 0.00030248 0.000486393 0.000677127 0.000882681 0.0011228 0.0014171 0.00174409 0.00209251 0.00247804 0.00291715 0.00342606 0.00397037 0.00456122 0.00523062 0.00601691 0.00696024 0.00805917 0.00937609 0.0109567 0.0128638 0.015145 0.0177889 0.0207827 0.0240299 0.0274165 0.0307855 0.0339151 0.0365539 0.0384234 0.0392751 0.0389384 0.0373026 0.0343748 0.0302656 0.0251767 0.0194313 0.013388 0.00747546 0.00208486 -0.00242233 -0.00577796 -0.00781908 -0.00847502 -0.00780484 -0.00593011 -0.00307217 0.000524539 0.00458854 0.00885371 0.0130708 0.017071 0.0206736 0.0237916 0.0263678 0.0283568 0.0297852 0.0306541 0.0310161 0.0309247 0.0304266 0.0295751 0.0284603 0.027089 0.0255533 0.0238994 0.0221702 0.020419 0.0187061 0.0170568 0.0155201 0.0141415 0.012961 0.0120096 0.0113136 0.01091 0.0107673 0.0109041 0.0113124 0.0119586 0.0128063 0.0138588 0.0150092 0.0162309 0.0174723 0.0186582 0.0196981 0.0205655 0.0211445 0.0213942 0.0212745 0.020769 0.0198257 0.0184551 0.0166481 0.0144617 0.0119013 0.00901057 0.00584928 0.00252508 -0.000923096 -0.00439174 -0.00778923 -0.0110145 -0.0140229 -0.0167328 -0.0191043 -0.0210562 -0.0225883 -0.0236888 -0.0243508 -0.0245527 -0.0243718 -0.0238115 -0.0229393 -0.0218353 -0.0205716 -0.0191766 -0.0177709 -0.0163879 -0.0150945 -0.0139505 -0.0130067 -0.0122753 -0.011817 -0.0116384 -0.0117626 -0.0121883 -0.0129126 -0.0139175 -0.0151684 -0.0166574 -0.0183587 -0.0202385 -0.0222887 -0.0245077 -0.0268409 -0.0293305 -0.0319537 -0.0347167 -0.037642 -0.0407492 -0.0440325 -0.0475337 -0.0512326 -0.0551394 -0.0592243 -0.0634175 -0.0676483 -0.0717616 -0.0755855 -0.0789037 -0.081483 -0.0830708 -0.0834612 -0.0824663 -0.0799948 -0.0760168 -0.0706274 -0.064012 -0.0564592 -0.0483487 -0.0400786 -0.0320947 -0.0247645 -0.0184122 -0.0132531 -0.00939323 -0.00685473 -0.00553739 -0.00526202 -0.00580592 -0.00689665 -0.00829248 -0.00978488 -0.0112136 -0.0124964 -0.0135307 -0.0142928 -0.014784 -0.0150408 -0.0151318 -0.0150761 -0.014926 -0.014696 -0.0144056 -0.0140846 -0.0137463 -0.0134138 -0.0130672 -0.0126964 -0.0123206 -0.0119593 -0.011622 -0.011282 -0.0109294 -0.0105947 -0.0102966 -0.0100328 
0 0.000204645 0.000423903 0.000662632 0.000905505 0.00116882 0.00146234 0.00180182 0.00217533 0.00257308 0.00301662 0.00351071 0.00407302 0.00467904 0.00534117 0.00609097 0.00696024 0.0080001 0.00921994 0.0106805 0.012425 0.014522 0.0170161 0.0198872 0.0231058 0.0265601 0.03014 0.0336622 0.0368981 0.0395944 0.0414734 0.0423011 0.0418988 0.0401817 0.0371684 0.032965 0.0277726 0.0219148 0.0157487 0.0096987 0.00415265 -0.000522023 -0.00404534 -0.00627617 -0.00712793 -0.00665803 -0.0049919 -0.0023456 0.00103977 0.00489874 0.00895762 0.012961 0.0167346 0.0201007 0.0229492 0.0252405 0.0269367 0.0280643 0.0286342 0.028718 0.0283628 0.0276196 0.0265604 0.0252707 0.023772 0.022161 0.0204896 0.0187977 0.0171489 0.0155943 0.0141794 0.0129453 0.0119329 0.0111753 0.010689 0.0104734 0.0105719 0.0109437 0.0115912 0.0125025 0.0136291 0.0149124 0.0163477 0.0178324 0.0193236 0.0207569 0.0220478 0.0231176 0.0239378 0.0244155 0.0245233 0.0242178 0.0234618 0.0222399 0.0205805 0.0184647 0.0159306 0.0130206 0.00979195 0.00629858 0.00262739 -0.00115984 -0.00496193 -0.00870496 -0.0123092 -0.0156929 -0.0187641 -0.0214955 -0.0238191 -0.0256962 -0.0271059 -0.0280426 -0.0284923 -0.0285133 -0.0281054 -0.0273184 -0.0262194 -0.0248693 -0.0233176 -0.0216846 -0.0199958 -0.0183288 -0.0167605 -0.0153387 -0.0140967 -0.0131174 -0.0123951 -0.011965 -0.0118434 -0.0120346 -0.0125314 -0.0133296 -0.0144132 -0.0157661 -0.0173527 -0.0191709 -0.0212146 -0.0234408 -0.0258853 -0.0285346 -0.0313855 -0.0344589 -0.0377821 -0.0413461 -0.0451871 -0.0492906 -0.0536634 -0.0582445 -0.0629677 -0.0677418 -0.0723912 -0.0767304 -0.0805425 -0.0835757 -0.0855749 -0.0863264 -0.0856441 -0.0834372 -0.0796587 -0.0744238 -0.0679146 -0.0604155 -0.0523114 -0.0440099 -0.0359505 -0.028502 -0.0219868 -0.0166344 -0.0125639 -0.00979636 -0.00826972 -0.00781505 -0.00822065 -0.0092169 -0.0105606 -0.0120508 -0.0135074 -0.0148355 -0.0159272 -0.0167504 -0.0172919 -0.0175799 -0.0176798 -0.0176204 -0.0174523 -0.0171837 -0.0168466 -0.0164674 -0.0160656 -0.0156594 -0.015231 -0.0147857 -0.0143332 -0.0138967 -0.0134798 -0.0130652 -0.0126531 -0.0122613 -0.0119121 -0.0115974 
0 0.000279684 0.000561272 0.000867423 0.00117052 0.00150619 0.00186663 0.00226133 0.00269403 0.00314621 0.00365518 0.00420739 0.00482412 0.00549834 0.00623948 0.00708611 0.00805917 0.00921994 0.0105908 0.0122276 0.0141699 0.0164862 0.0192112 0.0223205 0.0257655 0.0294173 0.0331774 0.0368284 0.040145 0.0428699 0.0447242 0.0455018 0.0450018 0.0431761 0.0400484 0.0357238 0.0304085 0.0244191 0.018116 0.0119117 0.00618977 0.0013103 -0.0024274 -0.00491092 -0.0060308 -0.00583952 -0.00446582 -0.00211081 0.000980117 0.00455338 0.0083279 0.0120536 0.0155435 0.0186453 0.0212162 0.023236 0.0246701 0.0255347 0.0258525 0.0257098 0.025155 0.0242447 0.0230744 0.0217072 0.0201913 0.0186062 0.0170202 0.0154688 0.0140329 0.0127441 0.0116678 0.0108221 0.0102441 0.00995982 0.00997779 0.0102763 0.0108886 0.0117636 0.0128777 0.0142228 0.0157403 0.0173694 0.0190789 0.0207758 0.0223893 0.023867 0.0251197 0.0260962 0.026751 0.0270226 0.0268821 0.0263188 0.0252847 0.023788 0.0218409 0.0194523 0.0166485 0.0134983 0.010044 0.00635556 0.0024937 -0.00146592 -0.00545159 -0.0093817 -0.0132033 -0.0168202 -0.0201592 -0.0231654 -0.0257851 -0.0279558 -0.0296731 -0.0309115 -0.0316655 -0.0319534 -0.0317875 -0.0311932 -0.0302351 -0.0289415 -0.0273772 -0.02564 -0.0237708 -0.0218514 -0.0199784 -0.0181844 -0.0165201 -0.0150742 -0.0138442 -0.0128796 -0.0122185 -0.0118706 -0.0118328 -0.0121334 -0.0127458 -0.0136763 -0.0148918 -0.0164012 -0.0181803 -0.0202125 -0.0225073 -0.0250764 -0.0279091 -0.0310331 -0.0344778 -0.0382379 -0.04233 -0.0467487 -0.0514962 -0.0564813 -0.0616576 -0.0669058 -0.0720416 -0.0768604 -0.081147 -0.0846199 -0.087034 -0.0881601 -0.0878201 -0.0859264 -0.0824128 -0.0774162 -0.0711058 -0.0637617 -0.0557652 -0.0475368 -0.0394959 -0.0320236 -0.025433 -0.0199645 -0.0157551 -0.0128099 -0.0111166 -0.0105075 -0.0107873 -0.0116997 -0.0129988 -0.0144986 -0.0159979 -0.0173873 -0.0185572 -0.0194635 -0.0200742 -0.0204146 -0.0205365 -0.0204821 -0.0202983 -0.0199852 -0.0195997 -0.0191547 -0.018686 -0.0182022 -0.0176875 -0.0171729 -0.0166428 -0.0161356 -0.0156402 -0.0151508 -0.0146859 -0.0142331 -0.0138331 -0.0134607 
