0 0 0 0 0 0 0 0 0 0 0 0 0 0 0 0 0 0 0 0 0 0 0 0 0 0 0 0 0 0 0 0 0 0 0 0 0 0 0 0 0 0 0 0 0 0 0 0 0 0 0 0 0 0 0 0 0 0 0 0 0 0 0 0 0 0 0 0 0 0 0 0 0 0 0 0 0 0 0 0 0 0 0 0 0 0 0 0 0 0 0 0 0 0 0 0 0 0 0 0 0 0 0 0 0 0 0 0 0 0 0 0 0 0 0 0 0 0 0 0 0 0 0 0 0 0 0 0 0 0 0 0 0 0 0 0 0 0 0 0 0 0 0 0 0 0 0 0 0 0 0 0 0 0 0 0 0 0 0 0 0 0 0 0 0 0 0 0 0 0 0 0 0 0 0 0 0 0 0 0 0 0 0 0 0 0 0 0 0 0 0 0 0 0 0 0 0 0 0 0 
0 1.8989e-05 3.80978e-05 4.68462e-05 5.95395e-05 5.92688e-05 6.18083e-05 6.13452e-05 5.61159e-05 5.00016e-05 3.37568e-05 2.72035e-05 2.13776e-05 2.19341e-05 2.24911e-05 3.6277e-05 7.17042e-05 0.000118564 0.000174363 0.000227523 0.000305998 0.000395238 0.000501403 0.00061923 0.000751637 0.000920238 0.00110154 0.00131917 0.00155687 0.00180457 0.00204081 0.00223976 0.00239266 0.00246826 0.00243506 0.00227962 0.00200888 0.00160998 0.00112663 0.000575218 1.05224e-05 -0.000533097 -0.00103887 -0.00144261 -0.00174534 -0.00192995 -0.00198908 -0.00192959 -0.00177516 -0.00153978 -0.00125766 -0.000934672 -0.000601981 -0.000278 5.09882e-05 0.000358424 0.000650005 0.000931123 0.00120995 0.00147487 0.00174815 0.002028 0.00231294 0.00260208 0.00290623 0.00321108 0.00352056 0.00384057 0.00415619 0.00447287 0.00477826 0.00506398 0.00532331 0.00554638 0.00571328 0.00583094 0.00586799 0.0058231 0.00569428 0.00547452 0.00516235 0.00477606 0.00430517 0.00376515 0.00316542 0.00252082 0.00185278 0.0011779 0.000510789 -0.000113088 -0.000682191 -0.00117367 -0.00154878 -0.00180896 -0.00196377 -0.00198733 -0.00188038 -0.00167321 -0.00137706 -0.00100232 -0.000566007 -8.95272e-05 0.000394474 0.00087055 0.00133578 0.00174856 0.00207328 0.00231414 0.00245503 0.00246764 0.00235252 0.00211241 0.00174992 0.00128675 0.000733263 0.000111239 -0.000558337 -0.00126234 -0.00197566 -0.00266758 -0.0033451 -0.00398 -0.0045563 -0.0050746 -0.00552148 -0.00587308 -0.00615077 -0.00634037 -0.00644745 -0.006481 -0.00644978 -0.00635417 -0.00621284 -0.00602841 -0.00581834 -0.00558572 -0.00533842 -0.00508929 -0.00483872 -0.00459678 -0.00437087 -0.00417774 -0.00401156 -0.00388799 -0.00381224 -0.00378491 -0.00379072 -0.00385508 -0.00394666 -0.00405508 -0.00418007 -0.00428586 -0.00435326 -0.00435831 -0.00427929 -0.00410181 -0.00381674 -0.00341519 -0.00293928 -0.00237481 -0.00176606 -0.00115298 -0.000558432 -3.08278e-05 0.000408645 0.000721311 0.000905655 0.000970606 0.000935535 0.000810839 0.000645062 0.000454205 0.000258635 8.15539e-05 -7.1007e-05 -0.000168455 -0.000239796 -0.000279193 -0.000296548 -0.00029479 -0.000278143 -0.000260228 -0.000232648 -0.000212402 -0.000198001 -0.000202377 -0.000205321 -0.000211702 -0.000229263 -0.000256719 -0.000299503 -0.000325608 -0.000357348 -0.000387626 -0.00042246 -0.000455767 -0.000465252 -0.000480878 -0.000488149 -0.000501159 
0 3.80978e-05 6.97355e-05 9.76494e-05 0.000115051 0.000119904 0.000122935 0.000116312 0.000108986 9.07513e-05 6.4046e-05 5.39678e-05 4.78596e-05 5.5182e-05 6.40189e-05 9.1196e-05 0.000165278 0.000253406 0.000356581 0.000466673 0.000603257 0.000789283 0.000987348 0.00121969 0.00149455 0.00181346 0.00220049 0.00262545 0.00311187 0.00361873 0.00408474 0.0045013 0.0048011 0.00495431 0.00488744 0.00457246 0.00401817 0.00322581 0.0022413 0.00114302 2.00265e-05 -0.0010776 -0.00205881 -0.00287419 -0.00346632 -0.00383029 -0.00395507 -0.00384208 -0.00353152 -0.00307574 -0.00250761 -0.00185332 -0.00120134 -0.000527656 0.0001242 0.000749362 0.00134761 0.00192531 0.00248429 0.00304065 0.00357892 0.00412995 0.00470156 0.00525709 0.00585824 0.00646897 0.00708179 0.00770213 0.00833761 0.00892932 0.00951764 0.010064 0.0105533 0.0109528 0.0112705 0.0114558 0.0114967 0.0113994 0.0111442 0.0107003 0.0101009 0.00934486 0.00840749 0.00736198 0.0062145 0.00496509 0.00366641 0.00237983 0.00109276 -0.000100541 -0.00116947 -0.0020864 -0.00283434 -0.00334724 -0.00363642 -0.00367583 -0.00351977 -0.00315038 -0.00258806 -0.00186515 -0.00106785 -0.000171049 0.000760559 0.0016813 0.00252555 0.00328778 0.00390761 0.00437265 0.00459946 0.00460626 0.00439073 0.00394353 0.00324688 0.00238161 0.00132518 0.000123088 -0.00115838 -0.00249062 -0.00387277 -0.00521993 -0.00652318 -0.00776099 -0.00888252 -0.00987348 -0.0107338 -0.0114439 -0.0119858 -0.0123808 -0.0126177 -0.0127075 -0.0126568 -0.0125192 -0.0122568 -0.0119251 -0.0115379 -0.0110958 -0.0106073 -0.0101423 -0.00965232 -0.00919007 -0.00877759 -0.0084039 -0.00809225 -0.00786108 -0.0077116 -0.00764943 -0.00767874 -0.00778252 -0.00797354 -0.00818195 -0.00841678 -0.0086249 -0.00875487 -0.00875456 -0.00860474 -0.00825302 -0.00767341 -0.00689113 -0.00591424 -0.00478987 -0.00356163 -0.0023193 -0.00113004 -6.74283e-05 0.000814493 0.00143539 0.00180332 0.00193949 0.0018524 0.00162109 0.0012738 0.000894687 0.000508656 0.000137636 -0.000148685 -0.000358757 -0.00049159 -0.000566557 -0.000603757 -0.000590834 -0.000562876 -0.000526028 -0.000474213 -0.000437844 -0.000415307 -0.000420944 -0.000435292 -0.000442234 -0.000476681 -0.000530519 -0.000597966 -0.000656461 -0.000700191 -0.000762718 -0.000828608 -0.000885691 -0.000923155 -0.000942879 -0.000975711 -0.00100057 
0 4.68462e-05 9.76494e-05 0.000125846 0.000159148 0.0001641 0.000170763 0.000168053 0.000153823 0.000136382 0.000101057 9.19147e-05 9.02902e-05 0.000104994 0.000120231 0.000167584 0.000268815 0.000400002 0.000553608 0.000706942 0.000924054 0.00117923 0.00148143 0.00182388 0.0022191 0.00271802 0.00327727 0.00394157 0.00467407 0.00543579 0.00615828 0.00676852 0.00722399 0.00743879 0.00732409 0.0068413 0.00600715 0.00480487 0.00334734 0.00170291 2.14613e-05 -0.00159468 -0.00307825 -0.00427153 -0.00515705 -0.00569353 -0.00586454 -0.0056884 -0.00522969 -0.00453565 -0.00369183 -0.0027258 -0.00172102 -0.000722107 0.0002886 0.00124973 0.00216704 0.00304865 0.00391067 0.00472797 0.00554731 0.00637219 0.00720298 0.00803835 0.00891062 0.00978696 0.0106727 0.0115772 0.0124634 0.0133295 0.0141462 0.0148879 0.0155352 0.0160651 0.0164385 0.0166677 0.0166873 0.0164967 0.0160876 0.0154409 0.0145542 0.0134645 0.0121486 0.010651 0.00899936 0.0072361 0.00542297 0.00361076 0.00183631 0.000187275 -0.00130788 -0.00259933 -0.00360531 -0.00432255 -0.00477066 -0.00488964 -0.00468025 -0.00420009 -0.00347426 -0.00253027 -0.00141873 -0.000194572 0.00105436 0.00227822 0.00345238 0.00448044 0.00527905 0.00585548 0.00616972 0.00616584 0.00584539 0.00521205 0.0042668 0.0030595 0.00160725 -4.06717e-05 -0.00183092 -0.00372538 -0.00566176 -0.00755615 -0.00941143 -0.0111577 -0.012751 -0.0141873 -0.0154385 -0.0164529 -0.0172746 -0.017876 -0.0182658 -0.0184604 -0.0184755 -0.0183132 -0.0180078 -0.0175712 -0.0170456 -0.0164433 -0.0157895 -0.0151264 -0.0144571 -0.0138131 -0.0132181 -0.0127075 -0.0122716 -0.0119476 -0.0117462 -0.0116693 -0.0116882 -0.0118549 -0.0121041 -0.0124045 -0.0127487 -0.0130462 -0.0132349 -0.0132422 -0.0130048 -0.0124719 -0.0116128 -0.0104124 -0.00896602 -0.00726336 -0.00542286 -0.00356354 -0.00176799 -0.000170501 0.00115464 0.00210203 0.00266363 0.00286519 0.00275896 0.00239259 0.00189133 0.00131672 0.000730656 0.000197921 -0.000249449 -0.00054416 -0.0007498 -0.00086299 -0.000912191 -0.000908278 -0.000867349 -0.000820852 -0.000751469 -0.000699019 -0.000664032 -0.000672821 -0.00068044 -0.000694282 -0.000736917 -0.000807319 -0.00091149 -0.000979741 -0.00105729 -0.00113756 -0.00123244 -0.00132364 -0.00136435 -0.00141493 -0.00144927 -0.00149429 
0 5.95395e-05 0.000115051 0.000159148 0.000193603 0.000208293 0.00021532 0.000207436 0.000192333 0.000165471 0.000130058 0.000124045 0.000132352 0.000160587 0.000195353 0.000261697 0.000399965 0.000569781 0.000766641 0.000982559 0.00125326 0.00160457 0.00199556 0.00245133 0.00299082 0.00363237 0.00439873 0.00526376 0.00623696 0.00724659 0.00818805 0.00900704 0.00959743 0.00987653 0.00972254 0.00908127 0.00796202 0.00638156 0.00443499 0.00226709 4.74718e-05 -0.00210333 -0.00403199 -0.00561965 -0.00677567 -0.00747389 -0.00769791 -0.00746138 -0.00683619 -0.00591549 -0.00477105 -0.0034642 -0.00212442 -0.000753182 0.000595975 0.0018969 0.00314451 0.00434469 0.00550066 0.00662512 0.00771052 0.00879553 0.00988987 0.0109603 0.0120778 0.0132023 0.01432 0.0154347 0.0165402 0.0175654 0.0185374 0.0194076 0.020148 0.0207164 0.0211149 0.0212909 0.021221 0.0209143 0.0203479 0.0194833 0.0183573 0.0169749 0.0153123 0.013463 0.0114536 0.00930302 0.00709524 0.00491853 0.00278104 0.000803903 -0.00096658 -0.00249299 -0.00374181 -0.00464084 -0.00519702 -0.00537273 -0.00522009 -0.00472735 -0.00391812 -0.00284131 -0.00160759 -0.000218777 0.00122464 0.00264101 0.00393918 0.00508333 0.00599003 0.00663721 0.00693035 0.00687927 0.00648324 0.00572789 0.00459465 0.00317201 0.00143994 -0.00054321 -0.00268792 -0.00494938 -0.00730062 -0.00962227 -0.0118877 -0.0140504 -0.016035 -0.0178197 -0.0193959 -0.0207298 -0.0218066 -0.0226431 -0.0232234 -0.0235578 -0.0236566 -0.0235724 -0.0232729 -0.0228221 -0.0222483 -0.0215599 -0.0207847 -0.0200124 -0.0192047 -0.0184311 -0.0177303 -0.0171011 -0.0165739 -0.0161804 -0.0159291 -0.015829 -0.0158826 -0.0160809 -0.0164194 -0.0168086 -0.0172384 -0.0176166 -0.0178438 -0.0178252 -0.0174996 -0.0167785 -0.0156158 -0.0140377 -0.012083 -0.00982692 -0.00737449 -0.00488903 -0.00250819 -0.00037687 0.00138634 0.00265109 0.00341214 0.00370447 0.00356786 0.00312352 0.00246236 0.00171763 0.000956312 0.000238305 -0.000333759 -0.000748656 -0.00101793 -0.00117235 -0.00124641 -0.00123716 -0.00119448 -0.00113262 -0.00104873 -0.00098467 -0.000946035 -0.000952026 -0.000969048 -0.000983088 -0.00103749 -0.00112832 -0.00124296 -0.00134015 -0.00142233 -0.00152774 -0.0016444 -0.00174751 -0.0018165 -0.00186563 -0.00192384 -0.00197414 
0 5.92688e-05 0.000119904 0.0001641 0.000208293 0.000228802 0.000240575 0.000239914 0.000225919 0.00020432 0.000174882 0.000175012 0.000194866 0.000234697 0.000284489 0.000377051 0.000541389 0.000753341 0.000999295 0.00126966 0.00161883 0.00204515 0.00254136 0.00311206 0.00378074 0.00459184 0.00553262 0.00661823 0.00781688 0.00905504 0.0102233 0.0112184 0.0119408 0.0122657 0.012061 0.0112606 0.00987154 0.0079122 0.00551812 0.00284219 9.515e-05 -0.0025516 -0.00494388 -0.00689514 -0.00832296 -0.00917337 -0.00942691 -0.00911066 -0.0083149 -0.00713658 -0.00568683 -0.00404566 -0.00233243 -0.000605394 0.00111223 0.00276487 0.00434517 0.00585914 0.00731962 0.00871576 0.0100776 0.0114227 0.0127526 0.0140605 0.0153818 0.0166861 0.0179672 0.0192284 0.0204388 0.0215711 0.022604 0.0235032 0.0242393 0.0247817 0.025103 0.0251918 0.0250008 0.0245312 0.0237725 0.0227084 0.0213535 0.0197383 0.017855 0.0157655 0.0135094 0.0111356 0.00872199 0.0063378 0.00402489 0.00187766 -6.17382e-05 -0.0017445 -0.00310482 -0.00411849 -0.00479333 -0.0050819 -0.00499206 -0.00455852 -0.0038095 -0.00278487 -0.00155593 -0.000181233 0.0012393 0.00263191 0.00393645 0.00506348 0.00592867 0.00651844 0.00677975 0.00667443 0.00619915 0.00534975 0.00412389 0.00257293 0.000707911 -0.00142194 -0.00375216 -0.00623405 -0.0088052 -0.0113687 -0.0138996 -0.0163283 -0.0185932 -0.0206711 -0.0225306 -0.0241211 -0.0254569 -0.0265205 -0.0273086 -0.0278296 -0.028097 -0.028124 -0.0279279 -0.0275385 -0.0269968 -0.0263205 -0.0255446 -0.0247275 -0.0238758 -0.0230375 -0.022255 -0.0215624 -0.020975 -0.0205386 -0.0202714 -0.0201812 -0.0202571 -0.0205231 -0.0209265 -0.0214068 -0.021925 -0.0223675 -0.0226218 -0.0225743 -0.02213 -0.021201 -0.0197387 -0.0177483 -0.0153173 -0.0125022 -0.00945896 -0.0063728 -0.00340703 -0.000750169 0.00145153 0.00305541 0.00403604 0.00442937 0.00430765 0.00377915 0.00299903 0.00209202 0.00115783 0.000289985 -0.000430504 -0.000945852 -0.00129733 -0.00150452 -0.00160328 -0.00161296 -0.00156784 -0.0014988 -0.00140437 -0.00132604 -0.00127842 -0.00127859 -0.00128813 -0.0013065 -0.00136464 -0.00146753 -0.00160281 -0.00171323 -0.00182182 -0.00194151 -0.00207676 -0.00219779 -0.00227013 -0.00233391 -0.00238736 -0.00243892 
0 6.18083e-05 0.000122935 0.000170763 0.00021532 0.000240575 0.000255411 0.000260659 0.000252249 0.000237881 0.000222758 0.000234829 0.000272703 0.000330274 0.00040652 0.000529025 0.000723867 0.000973799 0.00126148 0.00158886 0.0019994 0.00250315 0.00309481 0.00378122 0.00459032 0.00556066 0.00669142 0.00798636 0.00940741 0.0108686 0.0122481 0.0134207 0.0142641 0.0146296 0.0143737 0.0134164 0.0117546 0.00943229 0.00659229 0.00342872 0.000175082 -0.00295669 -0.00577369 -0.0080776 -0.00975607 -0.0107442 -0.0110219 -0.0106233 -0.00964504 -0.00820676 -0.00643275 -0.00443737 -0.00234516 -0.000235823 0.00185013 0.00386 0.00578021 0.00761498 0.009374 0.0110538 0.0126757 0.0142571 0.0157978 0.0172972 0.0187729 0.0202069 0.0215843 0.0229034 0.0241372 0.0252615 0.0262543 0.0270908 0.0277382 0.0281684 0.0283563 0.0282841 0.0279202 0.0272663 0.0263172 0.025067 0.023537 0.0217557 0.0197379 0.0175396 0.0152064 0.012781 0.010332 0.00791957 0.00559166 0.00342186 0.00145868 -0.00025895 -0.00167735 -0.00276885 -0.00352414 -0.00392169 -0.00396934 -0.00369424 -0.0031193 -0.00229174 -0.00127304 -0.000120173 0.00108875 0.00227663 0.00338225 0.00432962 0.00505244 0.00551342 0.00566483 0.00547383 0.00493712 0.00404454 0.00279956 0.0012351 -0.000630938 -0.00275833 -0.00508866 -0.00758076 -0.0101797 -0.0128104 -0.0154331 -0.0179871 -0.0204103 -0.0226691 -0.0247282 -0.0265418 -0.0281025 -0.0293929 -0.0304034 -0.0311358 -0.0316051 -0.0318214 -0.0318018 -0.0315717 -0.0311651 -0.0305987 -0.0299111 -0.0291493 -0.0283369 -0.0275178 -0.0267418 -0.0260451 -0.0254572 -0.0250247 -0.0247748 -0.0247193 -0.024857 -0.0251968 -0.0256869 -0.0262629 -0.0268576 -0.0273538 -0.0276166 -0.0275184 -0.0269451 -0.0257984 -0.0240241 -0.0216334 -0.018709 -0.0153421 -0.0117071 -0.00801411 -0.00446965 -0.00128427 0.00135647 0.00330428 0.00451737 0.00503217 0.004936 0.00435768 0.00346969 0.00241936 0.00132899 0.000309084 -0.0005448 -0.00117629 -0.00161021 -0.00187515 -0.00200636 -0.00203237 -0.00199176 -0.0019145 -0.00181466 -0.00172752 -0.00167652 -0.00166995 -0.00167634 -0.0016957 -0.001753 -0.00185935 -0.00199487 -0.0021151 -0.00223303 -0.00236153 -0.00250446 -0.00263048 -0.00271348 -0.00278245 -0.00284175 -0.0028926 
0 6.13452e-05 0.000116312 0.000168053 0.000207436 0.000239914 0.000260659 0.000273839 0.000277751 0.000275733 0.000283138 0.000312479 0.000372735 0.00045235 0.000562639 0.000718712 0.000947136 0.00123303 0.00155868 0.00194484 0.00240534 0.00298381 0.0036604 0.00445795 0.00541058 0.00653238 0.00786363 0.00936574 0.0110132 0.0126997 0.0142845 0.015635 0.0165865 0.0169794 0.0166605 0.015539 0.013599 0.0109252 0.00764972 0.00402284 0.000289966 -0.00330493 -0.00650797 -0.00914187 -0.0110417 -0.0121427 -0.0124255 -0.0119316 -0.010759 -0.00905891 -0.00695588 -0.0046011 -0.00213066 0.000377382 0.00283724 0.00521534 0.00748294 0.00964036 0.0116832 0.0136341 0.0154845 0.0172618 0.0189687 0.0205992 0.022162 0.0236525 0.0250464 0.0263345 0.0275117 0.0285324 0.0293961 0.0300782 0.0305497 0.0307831 0.0307788 0.0304927 0.0299281 0.0290843 0.027962 0.0265628 0.0249285 0.023074 0.0210336 0.0188596 0.0165982 0.0142781 0.0119549 0.0096819 0.00749355 0.00543987 0.00357427 0.00192814 0.000521744 -0.000602766 -0.0014242 -0.00194702 -0.00219325 -0.00216485 -0.00188617 -0.00140263 -0.000772757 -2.8339e-05 0.000778149 0.00158185 0.00231281 0.00293306 0.00339388 0.00363881 0.0036166 0.00331895 0.00273076 0.0018351 0.000637502 -0.000836217 -0.00257586 -0.00455419 -0.00672206 -0.0090484 -0.0115009 -0.0140258 -0.0165673 -0.0190931 -0.0215397 -0.023861 -0.0260221 -0.0279933 -0.0297244 -0.0312195 -0.0324542 -0.0334226 -0.0341305 -0.0345999 -0.0348178 -0.0348241 -0.0346349 -0.034267 -0.0337565 -0.0331487 -0.0324655 -0.0317569 -0.0310786 -0.0304555 -0.0299453 -0.029584 -0.0294058 -0.0294248 -0.0296616 -0.0300846 -0.0306757 -0.0313504 -0.0320191 -0.0325686 -0.032838 -0.0326842 -0.0319805 -0.0306128 -0.0285198 -0.025735 -0.022307 -0.0183937 -0.0141672 -0.00986483 -0.00574299 -0.00202377 0.00106362 0.0033679 0.00483146 0.00548991 0.00543394 0.00483355 0.0038498 0.0026732 0.00144304 0.000277981 -0.000692938 -0.00144413 -0.00195737 -0.00228325 -0.00245497 -0.00250273 -0.00247856 -0.00240041 -0.00230433 -0.00221493 -0.00216333 -0.00214557 -0.00214673 -0.00215971 -0.00220781 -0.00230557 -0.00242272 -0.00254559 -0.00265895 -0.00279122 -0.00293361 -0.00305649 -0.00315475 -0.00322208 -0.00329112 -0.00333685 
0 5.61159e-05 0.000108986 0.000153823 0.000192333 0.000225919 0.000252249 0.000277751 0.000296365 0.0003173 0.000353995 0.000407201 0.000495419 0.000605015 0.000748954 0.000951671 0.00120703 0.00153216 0.00190187 0.00233416 0.00286538 0.00349512 0.00426616 0.00517236 0.00625079 0.0075459 0.00904734 0.0107727 0.0126348 0.0145325 0.0163284 0.0178316 0.0188856 0.0192906 0.0188963 0.0176053 0.015404 0.0123759 0.00870839 0.00464159 0.000456559 -0.00354438 -0.00712296 -0.0100328 -0.0121296 -0.0133178 -0.0135775 -0.0129663 -0.0116021 -0.0096195 -0.00719354 -0.00449337 -0.00162446 0.00125741 0.00410487 0.00685027 0.00945801 0.0119202 0.0142412 0.0164047 0.0184511 0.0203717 0.0221638 0.0238637 0.0254323 0.026882 0.0282056 0.029392 0.0304045 0.0312666 0.0319211 0.0323683 0.032586 0.0325779 0.0323047 0.0317909 0.031026 0.030002 0.0287369 0.027272 0.0256065 0.0237827 0.0218599 0.0198358 0.0177562 0.0156779 0.0136257 0.0116092 0.00969729 0.00788792 0.00621306 0.0047007 0.00340082 0.00229153 0.00138997 0.00068619 0.000213583 -8.19968e-05 -0.000221699 -0.000232419 -0.000102074 8.87819e-05 0.000322796 0.000567649 0.000814195 0.000981317 0.00104539 0.000963881 0.000742455 0.000314642 -0.00033253 -0.00120265 -0.00227695 -0.00359145 -0.00509745 -0.00679097 -0.00867354 -0.0107177 -0.0128667 -0.0151248 -0.0174465 -0.01978 -0.0221038 -0.0243724 -0.0265317 -0.0285457 -0.0304014 -0.0320504 -0.0334899 -0.0347022 -0.0356899 -0.0364191 -0.0369387 -0.0372268 -0.0373092 -0.0372124 -0.0369715 -0.0365833 -0.0361323 -0.0356293 -0.0351215 -0.0346788 -0.0343252 -0.0341088 -0.0340722 -0.0342282 -0.0345817 -0.0351436 -0.0358362 -0.036628 -0.0373897 -0.0379901 -0.038274 -0.0380756 -0.0372342 -0.0356465 -0.0332518 -0.0300507 -0.0261512 -0.0216821 -0.016876 -0.011981 -0.00727505 -0.00303156 0.000507181 0.00318466 0.00491804 0.00573653 0.00576709 0.0051509 0.00411628 0.00283019 0.0014714 0.000199689 -0.000903065 -0.00174701 -0.00235044 -0.00274068 -0.00294915 -0.0030399 -0.00302974 -0.00296443 -0.00287776 -0.00278909 -0.00273645 -0.00270744 -0.00269492 -0.00270547 -0.00273941 -0.00281812 -0.00291988 -0.00302348 -0.00313829 -0.00325603 -0.00338648 -0.00350598 -0.00359601 -0.00367501 -0.00373216 -0.00377401 
0 5.00016e-05 9.07513e-05 0.000136382 0.000165471 0.00020432 0.000237881 0.000275733 0.0003173 0.000363148 0.000432764 0.000519017 0.000641136 0.000784258 0.000978159 0.00121754 0.00151468 0.00187255 0.00227975 0.00277975 0.0033533 0.00406542 0.00491404 0.00593226 0.00716102 0.00859517 0.0103002 0.0122116 0.0142804 0.0163781 0.018342 0.019997 0.0211266 0.0215351 0.0210684 0.0196215 0.0171626 0.0138325 0.0097802 0.00532122 0.000734766 -0.00366027 -0.00753745 -0.0107104 -0.0129629 -0.0142107 -0.0144363 -0.0137067 -0.0121256 -0.00987786 -0.00711683 -0.00405114 -0.000819419 0.00245974 0.00565873 0.00874391 0.011665 0.014408 0.016943 0.0193099 0.0214787 0.0234676 0.025287 0.0269523 0.0284391 0.0297805 0.030952 0.0319358 0.0327422 0.033336 0.0337199 0.0338865 0.0338214 0.0335179 0.0329992 0.0322304 0.0312674 0.0301112 0.0287859 0.0273145 0.0257385 0.024055 0.0223265 0.0205632 0.0188084 0.0170707 0.0153678 0.0137183 0.0121538 0.0106573 0.00926963 0.00798917 0.00678935 0.00568975 0.00472728 0.00385418 0.00305439 0.00234462 0.00172263 0.00116044 0.000646637 0.000175775 -0.000239792 -0.000631271 -0.00103352 -0.00143268 -0.00182339 -0.00227435 -0.00280112 -0.003397 -0.00408581 -0.00489759 -0.00582626 -0.00690137 -0.0081149 -0.00947519 -0.0109709 -0.0125991 -0.0143507 -0.0162365 -0.0181902 -0.0202193 -0.0222877 -0.0243517 -0.0263811 -0.0283764 -0.0302504 -0.0320094 -0.033614 -0.0350359 -0.0362611 -0.0372944 -0.0381069 -0.0387212 -0.03913 -0.0393518 -0.0394209 -0.0393501 -0.0391918 -0.038979 -0.03876 -0.0385603 -0.0384563 -0.0384632 -0.0386314 -0.0389798 -0.0395436 -0.040263 -0.0411342 -0.0420714 -0.0429365 -0.0436126 -0.0439105 -0.04366 -0.0426959 -0.0408957 -0.0381908 -0.034622 -0.0302284 -0.0252432 -0.0198689 -0.0143843 -0.00912592 -0.00435771 -0.000370517 0.00268325 0.00470869 0.00573007 0.00586172 0.00530278 0.00422945 0.00287439 0.00142296 2.906e-05 -0.00116235 -0.00212995 -0.00281047 -0.00326684 -0.00352984 -0.00364561 -0.00366738 -0.00360782 -0.00353354 -0.00345032 -0.00339435 -0.00335186 -0.00333314 -0.00333625 -0.00336089 -0.00342186 -0.00349131 -0.00358825 -0.00367938 -0.00378579 -0.00389336 -0.00398655 -0.00407926 -0.00413456 -0.00418839 -0.00420627 
0 3.37568e-05 6.4046e-05 0.000101057 0.000130058 0.000174882 0.000222758 0.000283138 0.000353995 0.000432764 0.00054486 0.000668537 0.000825996 0.0010084 0.00123612 0.00152242 0.00184385 0.00223712 0.0026922 0.00324104 0.00389403 0.00466346 0.00561236 0.00674801 0.00810972 0.00972148 0.0115934 0.0137131 0.0159734 0.0182503 0.0203837 0.0221537 0.0233454 0.0237409 0.0231875 0.021581 0.0189018 0.015273 0.0109077 0.00609365 0.00114555 -0.00357039 -0.00774557 -0.0111269 -0.013519 -0.0148098 -0.0149793 -0.014105 -0.0123194 -0.0097802 -0.00670004 -0.00329566 0.000311405 0.00393537 0.00747804 0.0108723 0.0140593 0.0170151 0.0197239 0.0221833 0.0244183 0.0264125 0.0281746 0.0297498 0.0310872 0.0322198 0.0331555 0.0338806 0.0343804 0.0346864 0.0347606 0.0346093 0.0342338 0.0336624 0.0328798 0.0319245 0.0308359 0.0296081 0.0282763 0.0269038 0.0254821 0.0240347 0.0226278 0.0212194 0.0198327 0.0185099 0.0172394 0.0160021 0.014846 0.0137197 0.0126231 0.0115532 0.0105098 0.00944801 0.00837314 0.00725461 0.00613316 0.00498494 0.00380762 0.00261006 0.00144457 0.000269431 -0.000883081 -0.00199654 -0.00304724 -0.00406027 -0.00500969 -0.0059126 -0.00673343 -0.00751767 -0.00828923 -0.00905745 -0.00982192 -0.0106586 -0.0115393 -0.012495 -0.0135707 -0.0147556 -0.0160234 -0.0174303 -0.0189382 -0.0205351 -0.0222411 -0.0240182 -0.0258249 -0.027658 -0.0294792 -0.0312412 -0.0329328 -0.034515 -0.0359612 -0.0372308 -0.0383475 -0.0392763 -0.0400204 -0.0406083 -0.0410559 -0.0413413 -0.0415555 -0.0416986 -0.0418043 -0.0419458 -0.0421569 -0.0424705 -0.0429366 -0.0435709 -0.0443879 -0.0453669 -0.0464456 -0.0475806 -0.0486048 -0.0493737 -0.0497175 -0.0494365 -0.0483484 -0.0463437 -0.043359 -0.0394052 -0.0345835 -0.0290905 -0.0231852 -0.0171541 -0.0113409 -0.00606809 -0.00161783 0.00183773 0.00418495 0.00543762 0.00573158 0.00523804 0.00418446 0.00278199 0.00125105 -0.000216854 -0.00152377 -0.00257947 -0.00335877 -0.00389033 -0.00420428 -0.00437571 -0.00441795 -0.00438064 -0.00431554 -0.00423188 -0.00416588 -0.00410048 -0.00406281 -0.00405682 -0.004067 -0.00410318 -0.00415035 -0.00422166 -0.00430212 -0.00438157 -0.00445958 -0.00452999 -0.00459447 -0.00463846 -0.00465748 -0.00464888 
0 2.72035e-05 5.39678e-05 9.19147e-05 0.000124045 0.000175012 0.000234829 0.000312479 0.000407201 0.000519017 0.000668537 0.00083458 0.00103121 0.00125601 0.00153374 0.00186 0.00222245 0.00264835 0.0031465 0.0037556 0.00446338 0.00531005 0.00634605 0.00760365 0.0091188 0.0108929 0.012958 0.0152653 0.0177131 0.0201625 0.0224382 0.0243197 0.0255609 0.0259398 0.025306 0.0235541 0.0206616 0.0167776 0.0121118 0.00698618 0.00172746 -0.0032818 -0.00768734 -0.0112489 -0.0137439 -0.0150562 -0.0151673 -0.0141622 -0.0121674 -0.00936773 -0.00597752 -0.00223668 0.00169998 0.00565457 0.00948555 0.013127 0.0165179 0.0196275 0.0224243 0.0249333 0.0271491 0.0290668 0.0307062 0.0321029 0.0332202 0.0341011 0.0347492 0.0351533 0.0353253 0.0352796 0.0350174 0.0345529 0.0338998 0.0330852 0.0321255 0.0310362 0.0298841 0.0286742 0.027444 0.0262388 0.0250666 0.0239262 0.0228716 0.0218696 0.0209347 0.0200699 0.0192501 0.0184536 0.017698 0.0169231 0.0161232 0.0152685 0.014314 0.0132329 0.012042 0.010696 0.00920512 0.00758608 0.00586243 0.00404861 0.00218942 0.000298415 -0.00156934 -0.00339298 -0.00514572 -0.0067887 -0.00827447 -0.00962475 -0.010809 -0.0118259 -0.0126961 -0.0134453 -0.0140854 -0.0146896 -0.0152605 -0.0158372 -0.0164601 -0.0171461 -0.0179057 -0.0187998 -0.0197959 -0.0209164 -0.0221789 -0.0235601 -0.0250414 -0.0266378 -0.0282847 -0.0299603 -0.031638 -0.0332766 -0.0348446 -0.0363196 -0.037685 -0.0389191 -0.0400046 -0.0409556 -0.0417825 -0.0424689 -0.0430823 -0.0436336 -0.0441503 -0.0446839 -0.0452909 -0.0459865 -0.0468226 -0.0478205 -0.0489943 -0.0502924 -0.0516762 -0.053066 -0.0542898 -0.0552011 -0.0556139 -0.0553271 -0.0541531 -0.0519768 -0.0487351 -0.0444505 -0.0392071 -0.0332477 -0.026829 -0.0202616 -0.0139236 -0.00814757 -0.00324005 0.000619719 0.0033069 0.00482469 0.00530296 0.00493212 0.00392011 0.00251019 0.000935412 -0.000608772 -0.00199586 -0.00315586 -0.00402332 -0.00463039 -0.00500898 -0.00522006 -0.00529679 -0.00527657 -0.00522544 -0.0051496 -0.00507337 -0.00499079 -0.00493502 -0.00491163 -0.00490035 -0.0049005 -0.00490554 -0.00494269 -0.00498602 -0.00502856 -0.00506382 -0.0050963 -0.00513828 -0.00515719 -0.00515577 -0.0051224 
0 2.13776e-05 4.78596e-05 9.02902e-05 0.000132352 0.000194866 0.000272703 0.000372735 0.000495419 0.000641136 0.000825996 0.00103121 0.00126559 0.0015343 0.00185788 0.00222757 0.00263354 0.00309935 0.00364992 0.00431997 0.00509363 0.00601744 0.00714519 0.00852543 0.0101894 0.0121313 0.0143815 0.016876 0.0195079 0.0221254 0.0245396 0.0265215 0.0278019 0.0281573 0.0274363 0.0255406 0.0224561 0.0183409 0.0134209 0.00802856 0.00251028 -0.0027381 -0.00733719 -0.0110371 -0.0136045 -0.0149166 -0.0149563 -0.0138152 -0.0116282 -0.00859267 -0.00493936 -0.000916527 0.00329321 0.00751195 0.0115735 0.0154018 0.0189286 0.0221143 0.0249237 0.0273885 0.0295025 0.0312676 0.0327127 0.0338663 0.0347095 0.03528 0.0355962 0.0356545 0.0354834 0.0350993 0.0345259 0.0337788 0.0328922 0.0319 0.0308356 0.0297165 0.0286092 0.0275165 0.0264711 0.0255112 0.0246448 0.0238676 0.0232144 0.0226492 0.0221673 0.0217609 0.0213908 0.0210228 0.0206407 0.0201775 0.0196035 0.0188889 0.0179807 0.0168516 0.0154989 0.0138967 0.0120532 0.00999595 0.00774726 0.00534518 0.0028413 0.000279737 -0.00227547 -0.00476922 -0.00716024 -0.00939 -0.0114088 -0.0132041 -0.0147437 -0.0160151 -0.0170404 -0.0178335 -0.0184138 -0.0188418 -0.0191422 -0.0193655 -0.0195701 -0.0197854 -0.0200445 -0.0204124 -0.0208834 -0.0214946 -0.0222746 -0.0232114 -0.0242958 -0.0255497 -0.026919 -0.0283942 -0.0299511 -0.0315535 -0.0331592 -0.0347509 -0.0362938 -0.0377677 -0.0391452 -0.0404346 -0.0416288 -0.0427164 -0.0437421 -0.0447228 -0.0456795 -0.0466597 -0.04772 -0.0488694 -0.0501516 -0.0515858 -0.053177 -0.0548626 -0.0566085 -0.0583127 -0.0598036 -0.0609184 -0.0614641 -0.0612277 -0.0600183 -0.0577171 -0.0542642 -0.0496856 -0.0440731 -0.0376876 -0.0307972 -0.0237347 -0.0168961 -0.0106381 -0.00527569 -0.00100653 0.00203502 0.00384205 0.00453637 0.00431572 0.00338315 0.00200051 0.000415252 -0.00117075 -0.0026196 -0.00386036 -0.00481241 -0.00549636 -0.00594489 -0.00620803 -0.00632445 -0.006333 -0.0062991 -0.0062323 -0.00614419 -0.00603949 -0.00595814 -0.00590501 -0.00585893 -0.00581054 -0.00576486 -0.00575616 -0.00575629 -0.00575474 -0.00574235 -0.00573285 -0.005742 -0.0057321 -0.00570305 -0.00564343 
0 2.19341e-05 5.5182e-05 0.000104994 0.000160587 0.000234697 0.000330274 0.00045235 0.000605015 0.000784258 0.0010084 0.00125601 0.0015343 0.00185693 0.00222349 0.00264913 0.00309743 0.00361018 0.00422075 0.00494116 0.0057981 0.0067915 0.0080243 0.00953303 0.0113396 0.0134665 0.015884 0.0185673 0.0213703 0.0241403 0.0266856 0.0287496 0.0300634 0.0303977 0.0295974 0.0275717 0.0243347 0.020012 0.0148916 0.00927311 0.00353986 -0.0018878 -0.00665205 -0.0104447 -0.0130614 -0.0143631 -0.0143385 -0.0130753 -0.0107411 -0.00750885 -0.00365383 0.000579804 0.00500069 0.0093923 0.0136081 0.017541 0.0211237 0.0243016 0.0270657 0.0294014 0.0313482 0.0328929 0.0340698 0.0349203 0.035447 0.0356717 0.0356426 0.0353708 0.0348658 0.0341913 0.0333596 0.032401 0.0313603 0.030296 0.029208 0.028163 0.027193 0.0263079 0.025524 0.0248911 0.0243758 0.0239928 0.0237554 0.0236271 0.0235725 0.0235942 0.0236294 0.0236204 0.023535 0.0233112 0.022884 0.0222208 0.0212948 0.0200685 0.0185215 0.0166504 0.0144827 0.0120286 0.00931135 0.00638712 0.00333174 0.000189811 -0.00296412 -0.00604613 -0.00898236 -0.0117285 -0.0142311 -0.0164429 -0.0183233 -0.0198769 -0.0211054 -0.021999 -0.0225873 -0.022926 -0.0230381 -0.0229784 -0.022836 -0.0226416 -0.0224451 -0.0223201 -0.0223 -0.0223971 -0.0226748 -0.0231287 -0.0237629 -0.0245887 -0.025612 -0.0267859 -0.02812 -0.0295789 -0.0311243 -0.0327164 -0.0343545 -0.0359755 -0.0375646 -0.0391271 -0.0406372 -0.0420849 -0.0435146 -0.0449296 -0.0463375 -0.047808 -0.0493501 -0.0509986 -0.0527761 -0.054704 -0.0567597 -0.0589121 -0.0610744 -0.0631605 -0.0649883 -0.0663636 -0.067109 -0.0669858 -0.065803 -0.0634405 -0.0598455 -0.0550186 -0.0491123 -0.042344 -0.0350355 -0.0275337 -0.0202304 -0.0135355 -0.00773959 -0.00307464 0.00032287 0.00243531 0.00338329 0.00333702 0.00253255 0.00121097 -0.000357066 -0.00194836 -0.00345603 -0.00474745 -0.00578345 -0.00653836 -0.00704603 -0.00736579 -0.00750682 -0.00754715 -0.00752363 -0.0074618 -0.00736385 -0.00723739 -0.00713242 -0.0070495 -0.00696659 -0.00686779 -0.00677276 -0.00670682 -0.00666052 -0.00660278 -0.00653423 -0.00647613 -0.00643258 -0.00639042 -0.00631892 -0.00623085 
0 2.24911e-05 6.40189e-05 0.000120231 0.000195353 0.000284489 0.00040652 0.000562639 0.000748954 0.000978159 0.00123612 0.00153374 0.00185788 0.00222349 0.0026499 0.0031086 0.00361583 0.00417147 0.00483474 0.00563147 0.00654829 0.00765309 0.00898759 0.0106361 0.0126141 0.0149069 0.0175245 0.0203756 0.0233482 0.0262653 0.0289143 0.0310464 0.0323794 0.0326812 0.0318079 0.0296779 0.0262982 0.0218405 0.0165431 0.0107587 0.00487044 -0.000715861 -0.00558881 -0.00946827 -0.0121244 -0.0134216 -0.0133555 -0.0120249 -0.00956896 -0.00622588 -0.00223406 0.00214822 0.00667355 0.011172 0.0154476 0.0193937 0.0229464 0.0260496 0.0286664 0.0308372 0.032543 0.0338121 0.034691 0.0352007 0.0353793 0.0352712 0.0349109 0.0343228 0.0335657 0.0326536 0.0316472 0.0305813 0.0295068 0.0284489 0.0274731 0.0265845 0.0258258 0.0252195 0.0247802 0.0244944 0.0243807 0.0244146 0.0245719 0.0248404 0.0251911 0.0255627 0.0258995 0.0261574 0.0262608 0.0261513 0.0257839 0.0251202 0.0240929 0.0227015 0.0209511 0.0188419 0.0163538 0.0135412 0.0104467 0.00712287 0.00361078 1.62011e-05 -0.00358456 -0.00711744 -0.0105245 -0.0136966 -0.0165864 -0.0191615 -0.0213966 -0.0232331 -0.0246738 -0.0257251 -0.0264053 -0.0267309 -0.0267653 -0.0265569 -0.0261568 -0.02564 -0.0250881 -0.0245456 -0.0240586 -0.0236929 -0.0234682 -0.0234163 -0.0235697 -0.0239506 -0.0245374 -0.0253545 -0.0263745 -0.0275817 -0.0289431 -0.030451 -0.0320434 -0.0337134 -0.0354234 -0.0371582 -0.0389055 -0.0406717 -0.042448 -0.0442652 -0.0461332 -0.0480618 -0.0501099 -0.0522735 -0.0545727 -0.0570299 -0.0596192 -0.0622663 -0.0649301 -0.067452 -0.0696674 -0.0713855 -0.0723775 -0.0724328 -0.0713492 -0.0689943 -0.065318 -0.0603465 -0.054197 -0.047148 -0.0394931 -0.0316117 -0.0239277 -0.0168229 -0.0106351 -0.00558881 -0.00183131 0.000607992 0.00182521 0.00200449 0.00134456 0.000122865 -0.00139327 -0.00299762 -0.00451783 -0.00587794 -0.00697376 -0.00779406 -0.0083713 -0.00871726 -0.00889961 -0.00894928 -0.00893247 -0.00886976 -0.00874731 -0.00860355 -0.00846533 -0.00834889 -0.00822693 -0.00807936 -0.00793523 -0.00781884 -0.0077181 -0.00760806 -0.00748058 -0.00736076 -0.00726223 -0.00715968 -0.00704205 -0.00690778 
0 3.6277e-05 9.1196e-05 0.000167584 0.000261697 0.000377051 0.000529025 0.000718712 0.000951671 0.00121754 0.00152242 0.00186 0.00222757 0.00264913 0.0031086 0.00362257 0.00416455 0.00477399 0.00550635 0.00635934 0.0073881 0.00858853 0.010065 0.0118712 0.0140133 0.016518 0.0193117 0.0223543 0.0254899 0.0285401 0.0312911 0.0334696 0.0348026 0.0350713 0.0341199 0.0318824 0.0284096 0.0238155 0.0184135 0.0124982 0.00648796 0.000805854 -0.00418335 -0.008132 -0.0108423 -0.0121699 -0.0121128 -0.0107486 -0.00826803 -0.00486118 -0.000820624 0.00360777 0.00817986 0.0126759 0.0169339 0.0208212 0.0242665 0.0271994 0.0296367 0.0315433 0.0329763 0.0339499 0.0345091 0.0346891 0.0345591 0.0341286 0.0334787 0.0326556 0.0316879 0.0306529 0.0295832 0.0285157 0.0275007 0.0265901 0.0257857 0.0251592 0.0246995 0.0244311 0.0243412 0.0244523 0.0247202 0.0251523 0.025697 0.0263308 0.0269684 0.0275899 0.0281245 0.0285119 0.028677 0.0285919 0.0281688 0.027385 0.0262274 0.0246797 0.0226987 0.0203189 0.0175725 0.0144912 0.0110974 0.00746945 0.00367559 -0.000214962 -0.00413798 -0.00798656 -0.0116873 -0.0151835 -0.0184237 -0.0213113 -0.023815 -0.0259209 -0.0276132 -0.0288566 -0.0296886 -0.0301139 -0.0301753 -0.0299165 -0.0294229 -0.0287272 -0.0279121 -0.0270288 -0.0261725 -0.0253659 -0.0246899 -0.0241724 -0.0238531 -0.0237351 -0.0238831 -0.0242595 -0.0248905 -0.0257635 -0.0268511 -0.0281217 -0.02958 -0.0311678 -0.0328788 -0.0347055 -0.0366046 -0.0385907 -0.040655 -0.0428082 -0.0450538 -0.0474396 -0.0499497 -0.0526339 -0.0554749 -0.0584875 -0.0616207 -0.0648366 -0.0680165 -0.0710333 -0.0737057 -0.0757997 -0.0771164 -0.0774059 -0.0764829 -0.0742106 -0.0705465 -0.0654927 -0.059235 -0.0519778 -0.044078 -0.0359188 -0.027898 -0.0204619 -0.0139039 -0.00849953 -0.00439229 -0.00162137 -0.000108232 0.000295918 -0.000173814 -0.00127805 -0.00273099 -0.00430318 -0.0058623 -0.00724644 -0.00841794 -0.00930364 -0.00993016 -0.0103319 -0.0105247 -0.010601 -0.0105768 -0.0104965 -0.0103525 -0.0101702 -0.00999842 -0.00983517 -0.00966577 -0.00946675 -0.00926941 -0.00909229 -0.00893399 -0.00876153 -0.00857244 -0.00839174 -0.0082234 -0.00806633 -0.00789011 -0.0077126 
0 7.17042e-05 0.000165278 0.000268815 0.000399965 0.000541389 0.000723867 0.000947136 0.00120703 0.00151468 0.00184385 0.00222245 0.00263354 0.00309743 0.00361583 0.00416455 0.00477282 0.00544496 0.00624871 0.00719807 0.00831854 0.00966284 0.011282 0.0132596 0.0155991 0.0182992 0.0213033 0.0245214 0.027817 0.0309952 0.0338279 0.0360395 0.0373725 0.0375995 0.0365817 0.0342628 0.0306884 0.0260146 0.0205018 0.0144878 0.00838583 0.00260252 -0.00247207 -0.00650478 -0.00929007 -0.0106846 -0.010692 -0.00939418 -0.00694562 -0.00359302 0.000413576 0.0048162 0.00933078 0.0137591 0.0179157 0.0216576 0.0249209 0.0276417 0.0298201 0.0314678 0.0325999 0.0332691 0.0335281 0.0334082 0.0329954 0.0323353 0.0314843 0.0305016 0.0294501 0.0283752 0.0273302 0.0263721 0.0255423 0.0248528 0.0243481 0.0240432 0.0239197 0.0240173 0.0243262 0.0248062 0.0254553 0.0262434 0.027086 0.0279705 0.0288331 0.0295913 0.0301855 0.030574 0.030678 0.0304733 0.0299186 0.0289853 0.0276292 0.0258535 0.0236646 0.0210885 0.0181229 0.0148256 0.0112514 0.00746367 0.0035057 -0.000533061 -0.004594 -0.00861008 -0.0125181 -0.0162174 -0.0196577 -0.022782 -0.0255516 -0.027902 -0.0298158 -0.0312875 -0.0323305 -0.0329315 -0.0331436 -0.0329889 -0.0324963 -0.0317386 -0.0308023 -0.0297131 -0.0285699 -0.0274415 -0.0263654 -0.0254135 -0.0246498 -0.0240782 -0.0237442 -0.0236685 -0.0238451 -0.0242884 -0.0249993 -0.0259649 -0.0271621 -0.0285778 -0.0301905 -0.0319725 -0.033911 -0.0360194 -0.0382629 -0.0406684 -0.0432474 -0.0459957 -0.0489416 -0.0521021 -0.055459 -0.0590216 -0.0627273 -0.0665056 -0.0702525 -0.0737857 -0.0769315 -0.079463 -0.081129 -0.0817196 -0.0810329 -0.0789236 -0.0753516 -0.0703345 -0.0640329 -0.0566858 -0.0486294 -0.0402692 -0.0320251 -0.0243069 -0.01746 -0.0117437 -0.00731557 -0.00422903 -0.00242743 -0.00177273 -0.00204917 -0.00300703 -0.00436979 -0.00592019 -0.00747305 -0.00890422 -0.0101262 -0.0110738 -0.0117634 -0.0121914 -0.0124246 -0.0125086 -0.0124865 -0.0123919 -0.0122123 -0.0120014 -0.0117752 -0.0115566 -0.0113247 -0.0110596 -0.0107967 -0.0105428 -0.010309 -0.0100651 -0.00980952 -0.00956422 -0.00933394 -0.00911919 -0.00889842 -0.00868363 
0 0.000118564 0.000253406 0.000400002 0.000569781 0.000753341 0.000973799 0.00123303 0.00153216 0.00187255 0.00223712 0.00264835 0.00309935 0.00361018 0.00417147 0.00477399 0.00544496 0.00619921 0.00709717 0.00815116 0.00940511 0.010902 0.0126968 0.0148617 0.0173991 0.0203099 0.0235103 0.0269047 0.0303507 0.0336457 0.0365534 0.0387919 0.0401111 0.0402981 0.0392097 0.0368051 0.0331507 0.0283943 0.0228032 0.0167047 0.0105178 0.00464592 -0.000535804 -0.00468 -0.00757849 -0.00909559 -0.00923175 -0.0080569 -0.00573784 -0.00251592 0.00135286 0.00561339 0.00997985 0.0142407 0.0182173 0.0217638 0.0248014 0.0272676 0.0291815 0.030538 0.031377 0.0317689 0.0317669 0.0314118 0.0308066 0.02999 0.0290326 0.0280059 0.0269712 0.0259863 0.0250949 0.0243473 0.023779 0.0233994 0.0232368 0.0233127 0.0235854 0.0240782 0.0247632 0.0255973 0.02656 0.0276208 0.0286852 0.0297266 0.0306609 0.0314221 0.0319614 0.0322386 0.0321837 0.0317887 0.0310083 0.0298318 0.0282508 0.0262735 0.0238862 0.0211259 0.0180215 0.0146278 0.0109794 0.00714148 0.00316069 -0.000897271 -0.00498383 -0.00902451 -0.0129713 -0.0167558 -0.0203247 -0.0235958 -0.0265333 -0.0290932 -0.0312495 -0.0329729 -0.0342714 -0.0351181 -0.0355491 -0.0355802 -0.0352373 -0.0345632 -0.0336291 -0.0324609 -0.0311697 -0.0298171 -0.0284572 -0.0271662 -0.0260087 -0.0249931 -0.0241993 -0.0236475 -0.0233511 -0.0233399 -0.0236222 -0.0241884 -0.0250423 -0.0261716 -0.0275679 -0.0292088 -0.0310759 -0.0331871 -0.0355048 -0.0380527 -0.0408514 -0.0438972 -0.0471976 -0.0507818 -0.0546111 -0.0586751 -0.0629074 -0.0672318 -0.0715146 -0.075572 -0.0792188 -0.0822071 -0.0842798 -0.0852169 -0.0848212 -0.0829418 -0.0795378 -0.0746349 -0.0684018 -0.0610604 -0.0529623 -0.0445183 -0.0361387 -0.0282437 -0.0211777 -0.0152168 -0.0105217 -0.00715486 -0.00508772 -0.00419755 -0.00426975 -0.00507019 -0.00632883 -0.00782639 -0.0093733 -0.0108263 -0.0121045 -0.0131198 -0.0138689 -0.0143486 -0.0146139 -0.0147187 -0.0146919 -0.014571 -0.0143559 -0.0140944 -0.0138076 -0.0135145 -0.0132084 -0.0128742 -0.0125376 -0.0122063 -0.0118911 -0.0115742 -0.0112529 -0.0109429 -0.0106499 -0.0103758 -0.0101075 -0.00985287 
0 0.000174363 0.000356581 0.000553608 0.000766641 0.000999295 0.00126148 0.00155868 0.00190187 0.00227975 0.0026922 0.0031465 0.00364992 0.00422075 0.00483474 0.00550635 0.00624871 0.00709717 0.00810035 0.00926776 0.010669 0.0123309 0.0143228 0.0166934 0.0194452 0.0225797 0.0259808 0.0295507 0.0331346 0.0365285 0.0394892 0.0417341 0.0430229 0.0431607 0.042002 0.0395152 0.0357878 0.0309513 0.0252825 0.0190927 0.0128049 0.00682367 0.00150599 -0.00278828 -0.00584952 -0.00755084 -0.00789151 -0.0069252 -0.00483133 -0.0018331 0.00180706 0.00583808 0.00998084 0.0140028 0.0177375 0.0210387 0.0238204 0.026024 0.02769 0.0287923 0.0293922 0.029564 0.0293647 0.0288489 0.0281344 0.0272656 0.0263195 0.0253729 0.0244748 0.0236906 0.0230488 0.0226023 0.0223727 0.0223689 0.0225919 0.0230663 0.0237301 0.0246012 0.0256331 0.0267779 0.0279841 0.0292151 0.0303718 0.0314312 0.0323126 0.0329644 0.03334 0.0334041 0.0331036 0.0324444 0.0313949 0.0299512 0.0281206 0.0259251 0.0233719 0.0204991 0.0173408 0.0139374 0.010318 0.0065384 0.00264604 -0.00131684 -0.00530713 -0.00926249 -0.013138 -0.0168834 -0.0204526 -0.0237834 -0.0268384 -0.0295726 -0.0319453 -0.0339191 -0.0354915 -0.0366294 -0.0373455 -0.0376395 -0.0375319 -0.0370503 -0.0362536 -0.0351591 -0.0338669 -0.0324187 -0.0308822 -0.0293366 -0.0278598 -0.026466 -0.0252605 -0.0242562 -0.0234898 -0.0230014 -0.0228199 -0.0229358 -0.0233808 -0.0241384 -0.0252149 -0.0265975 -0.0282769 -0.0302755 -0.0325643 -0.0351594 -0.0380807 -0.0413274 -0.0448836 -0.0487955 -0.0530105 -0.0575051 -0.0622085 -0.0670392 -0.0718252 -0.076388 -0.0805232 -0.0839653 -0.0864592 -0.0877708 -0.0877095 -0.0861162 -0.0829477 -0.0782345 -0.0721538 -0.0649086 -0.0568711 -0.0484508 -0.0400454 -0.0320835 -0.0248979 -0.0187787 -0.0138837 -0.0102868 -0.00798667 -0.00688098 -0.00675963 -0.00740993 -0.00857341 -0.0100228 -0.0115721 -0.0130501 -0.0143868 -0.0154695 -0.0162724 -0.0168016 -0.0170908 -0.0172094 -0.0171686 -0.017014 -0.0167629 -0.0164493 -0.0161043 -0.0157366 -0.0153575 -0.0149571 -0.0145472 -0.0141379 -0.013738 -0.0133441 -0.0129535 -0.012575 -0.0122146 -0.0118769 -0.0115552 -0.0112553 
