0 0 0 0 0 0 0 0 0 0 0 0 0 0 0 0 0 0 0 0 0 0 0 0 0 0 0 0 0 0 0 0 0 0 0 0 0 0 0 0 0 0 0 0 0 0 0 0 0 0 0 0 0 0 0 0 0 0 0 0 0 0 0 0 0 0 0 0 0 0 0 0 0 0 0 0 0 0 0 0 0 0 0 0 0 0 0 0 0 0 0 0 0 0 0 0 0 0 0 0 0 0 0 0 0 0 0 0 0 0 0 0 0 0 0 0 0 0 0 0 0 0 0 0 0 0 0 0 0 0 0 0 0 0 0 0 0 0 0 0 0 0 0 0 0 0 0 0 0 0 0 0 0 0 0 0 0 0 0 0 0 0 0 0 0 0 0 0 0 0 0 0 0 0 0 0 0 0 0 0 0 0 0 0 0 0 0 0 0 0 0 0 0 0 0 0 0 0 0 0 
0 1.45934e-05 2.12251e-05 3.47904e-05 4.49777e-05 6.02272e-05 7.33916e-05 8.10424e-05 9.6585e-05 0.000104405 0.000118958 0.000131699 0.000141377 0.000153407 0.000152399 0.000163443 0.000168883 0.000168759 0.000164586 0.00015472 0.000158806 0.000149948 0.000135115 0.000121888 0.00011645 0.000120968 0.000127939 0.000142152 0.000172126 0.000210564 0.000263765 0.000347578 0.000440045 0.000562479 0.000701911 0.00088257 0.00110079 0.00132895 0.0015853 0.0018285 0.00204948 0.00221891 0.00232125 0.00232638 0.00221553 0.00197829 0.00163131 0.00118431 0.000660366 0.000116828 -0.000433221 -0.000942003 -0.00138538 -0.00172429 -0.00196393 -0.00207791 -0.00207831 -0.00197739 -0.00179222 -0.00154651 -0.00125531 -0.000944865 -0.000625545 -0.000306889 1.17847e-05 0.000305617 0.000614078 0.000912479 0.00121662 0.00154304 0.00189621 0.00226337 0.00268416 0.00313814 0.00363472 0.00419105 0.00480228 0.00546032 0.00617261 0.00692736 0.00770168 0.00849454 0.00928663 0.0100542 0.0107705 0.011436 0.0120036 0.0124657 0.0128102 0.0130124 0.0130293 0.0128748 0.0125088 0.0119327 0.0111454 0.0101539 0.00895117 0.00758739 0.00606688 0.00443198 0.00270019 0.000913742 -0.000898535 -0.00269075 -0.00445802 -0.00613117 -0.00768838 -0.00909911 -0.0103354 -0.0113626 -0.0121993 -0.0128064 -0.0131987 -0.0133937 -0.0134086 -0.0132402 -0.0129303 -0.0124823 -0.0119192 -0.0112616 -0.010544 -0.00977463 -0.00898156 -0.00819317 -0.00742035 -0.00667806 -0.00599468 -0.00536844 -0.00479436 -0.00430337 -0.00386804 -0.00349881 -0.0032059 -0.00298426 -0.00281804 -0.00273997 -0.00271143 -0.00274338 -0.00282474 -0.00294719 -0.00308393 -0.00323208 -0.00336035 -0.00344625 -0.00346585 -0.00339986 -0.00323771 -0.00296187 -0.00259218 -0.00213015 -0.00160879 -0.0010379 -0.000478779 5.40924e-05 0.000521622 0.000883589 0.00112636 0.00125076 0.00125799 0.00117071 0.00102316 0.000833806 0.000643337 0.000441995 0.000281225 0.000153308 5.758e-05 6.81192e-06 -2.32277e-05 -3.0557e-05 -3.66701e-05 -3.48504e-05 -2.58064e-05 -2.41443e-05 -4.03995e-05 -6.03755e-05 -9.20391e-05 -0.000125829 -0.000160354 -0.000198168 -0.000226423 -0.000268935 -0.000297798 -0.00031839 -0.000334876 -0.00034732 -0.000366266 -0.00036331 -0.000358958 -0.000357343 -0.000360701 -0.000365999 -0.0003578 -0.000355432 -0.000354137 -0.000352658 -0.000348447 -0.000339415 -0.000341665 -0.000344077 
0 2.12251e-05 4.8233e-05 5.61006e-05 9.31149e-05 0.000110404 0.00013887 0.000162344 0.000178433 0.000215343 0.000229545 0.000268288 0.00029167 0.000310326 0.000329335 0.000334747 0.000357729 0.000346397 0.000328713 0.000310019 0.000297773 0.000283952 0.000246767 0.000221419 0.000214951 0.000227932 0.000245887 0.000288077 0.000348712 0.000435348 0.000552889 0.000709602 0.00091431 0.00114076 0.00142714 0.00178487 0.0022043 0.00267079 0.00316554 0.00365471 0.00409597 0.00443519 0.00463924 0.0046613 0.00442649 0.00396052 0.00325787 0.00234541 0.00130608 0.000196636 -0.000895507 -0.00190801 -0.00278618 -0.00345671 -0.0039133 -0.00415094 -0.00413741 -0.00393559 -0.00357548 -0.00307124 -0.00249483 -0.0018751 -0.00123063 -0.000586991 4.26568e-05 0.000665652 0.00128474 0.0019049 0.00253353 0.00319494 0.00389174 0.00464479 0.00547698 0.00639105 0.00740624 0.0085216 0.00973695 0.0110546 0.0124605 0.0139345 0.0154715 0.0170165 0.018548 0.020033 0.0214269 0.0226914 0.0237993 0.0246882 0.0253241 0.0256554 0.0256597 0.0253064 0.0245542 0.0233895 0.0218296 0.0198558 0.0175166 0.0148544 0.0118802 0.00866408 0.00529834 0.00179873 -0.00175462 -0.00526921 -0.00869589 -0.0119689 -0.0150059 -0.0177718 -0.0201974 -0.0222417 -0.0238859 -0.0251206 -0.0259484 -0.026387 -0.0264348 -0.0261512 -0.0255671 -0.0247109 -0.0236365 -0.0223911 -0.0209907 -0.0195043 -0.0179694 -0.0164245 -0.0149093 -0.0134603 -0.0120945 -0.0108341 -0.00969411 -0.0086918 -0.00782165 -0.00709193 -0.00650815 -0.00605313 -0.00573546 -0.00554948 -0.0054878 -0.00554225 -0.00569409 -0.00592622 -0.00620906 -0.00648582 -0.00674572 -0.00692203 -0.00695105 -0.00683415 -0.00650971 -0.00595782 -0.00521802 -0.0042938 -0.00322815 -0.00209992 -0.000961813 9.75642e-05 0.00102363 0.00175206 0.00222707 0.00247708 0.00249878 0.00232959 0.00204007 0.00168297 0.00129133 0.000912945 0.000584598 0.000328605 0.000147027 2.66325e-05 -2.55073e-05 -5.62949e-05 -7.55911e-05 -7.96456e-05 -7.26663e-05 -7.77645e-05 -0.000106629 -0.000151228 -0.000205898 -0.000263095 -0.000334829 -0.000387423 -0.000455254 -0.000523877 -0.000581887 -0.000630818 -0.000650078 -0.000697738 -0.00072199 -0.00073116 -0.000725686 -0.000713841 -0.00073321 -0.000722092 -0.000716476 -0.000701949 -0.000697186 -0.00070435 -0.000684693 -0.00068474 -0.000678296 -0.000689425 
0 3.47904e-05 5.61006e-05 8.80763e-05 0.00011696 0.000158655 0.000199057 0.00023034 0.000279026 0.000314614 0.000361995 0.000407067 0.00044363 0.000482139 0.000490711 0.000518486 0.000529967 0.000517803 0.000489731 0.000448735 0.000439358 0.000405387 0.000358033 0.000321268 0.000311754 0.000334329 0.000371622 0.000435339 0.000544315 0.000682069 0.000861787 0.00111616 0.00139927 0.00175377 0.00216282 0.0026852 0.00331498 0.00399109 0.00474247 0.00546966 0.00613135 0.0066432 0.00695014 0.0069647 0.00662598 0.00590954 0.00485552 0.00350182 0.00192776 0.000287218 -0.00135462 -0.00286795 -0.00417321 -0.00516679 -0.0058521 -0.00617251 -0.00615579 -0.0058449 -0.00529096 -0.00455696 -0.00369164 -0.0027607 -0.00179375 -0.000816133 0.000167489 0.00110272 0.00207008 0.00301702 0.00397696 0.00499145 0.00607532 0.00721054 0.00848965 0.00987618 0.0113924 0.0130727 0.0149014 0.0168516 0.0189278 0.0210956 0.0232985 0.0255244 0.0277282 0.02985 0.0318208 0.033626 0.0351484 0.0363495 0.0371881 0.0375972 0.0374804 0.0368671 0.0356767 0.0339186 0.031599 0.0287344 0.0253165 0.0214541 0.0171598 0.0125371 0.00764623 0.00259564 -0.00252346 -0.0075832 -0.0125492 -0.0172569 -0.0216446 -0.0256413 -0.0291777 -0.0321731 -0.0346561 -0.0365312 -0.0378169 -0.0385442 -0.0387425 -0.0384132 -0.0376569 -0.036496 -0.0349997 -0.0332319 -0.0312777 -0.0291684 -0.026973 -0.0247591 -0.022559 -0.0204181 -0.0184089 -0.0165428 -0.0148248 -0.0133324 -0.0120144 -0.0108973 -0.0100041 -0.00931846 -0.00880561 -0.00853074 -0.0084095 -0.00846218 -0.0086637 -0.00898978 -0.00937484 -0.00979609 -0.0101707 -0.0104255 -0.0104843 -0.0102891 -0.00979908 -0.00896968 -0.00785024 -0.00645653 -0.00487776 -0.00316742 -0.00148425 0.000107992 0.00149867 0.00257827 0.00330344 0.00367751 0.00371053 0.00346713 0.00304436 0.00250451 0.00194853 0.00137468 0.000903429 0.000526419 0.000242655 7.56918e-05 -2.94089e-05 -7.91705e-05 -0.000121985 -0.000141989 -0.000139227 -0.000149352 -0.000195954 -0.000250015 -0.000328132 -0.000411718 -0.000500338 -0.000595945 -0.000676776 -0.000789056 -0.000870269 -0.000929205 -0.000976101 -0.00101977 -0.00107563 -0.00108124 -0.00107762 -0.00107653 -0.00108513 -0.00109111 -0.0010667 -0.0010556 -0.00105254 -0.00105167 -0.00104299 -0.00102393 -0.0010264 -0.00103281 
0 4.49777e-05 9.31149e-05 0.00011696 0.000175068 0.000217264 0.000271059 0.000319647 0.000362709 0.000427061 0.000467367 0.000532114 0.000578035 0.000616071 0.000648548 0.000666723 0.00069654 0.000677191 0.000640918 0.000601703 0.000577353 0.000547628 0.000489732 0.000450539 0.000446341 0.000478985 0.000527302 0.000617948 0.000749322 0.000930257 0.00117127 0.00148734 0.00188409 0.00233907 0.00290195 0.00360192 0.00442744 0.00534488 0.0063227 0.00728775 0.00815758 0.00882907 0.00922429 0.0092475 0.00878021 0.00784031 0.00643612 0.00462865 0.00256037 0.000366545 -0.00179702 -0.00379691 -0.00551811 -0.00683532 -0.00772238 -0.0081617 -0.00812566 -0.00770792 -0.00697203 -0.00596858 -0.00480655 -0.0035517 -0.00224269 -0.000921332 0.000388847 0.00168777 0.00299093 0.00429902 0.00562985 0.00702531 0.00849617 0.0100736 0.011801 0.0136821 0.015739 0.0179729 0.0203715 0.0229247 0.0256041 0.0283725 0.0312015 0.0340164 0.0367709 0.0394034 0.0418343 0.043998 0.045823 0.0472131 0.0481057 0.0484212 0.0481173 0.0471655 0.0455127 0.0431528 0.0401155 0.0363884 0.0320321 0.0271186 0.0216744 0.0158085 0.00965694 0.00328208 -0.00317943 -0.00957408 -0.0158123 -0.0217719 -0.0273315 -0.0324278 -0.0369599 -0.0408568 -0.0440883 -0.0466166 -0.0484315 -0.0495452 -0.0499545 -0.0497272 -0.0489233 -0.047594 -0.0458307 -0.0437169 -0.0413049 -0.0386945 -0.0359571 -0.0331588 -0.0303659 -0.0276403 -0.0250302 -0.0225788 -0.0203243 -0.0183113 -0.0165422 -0.0150368 -0.0138121 -0.0128468 -0.0121459 -0.0117105 -0.0115179 -0.0115542 -0.0117893 -0.0121877 -0.0126869 -0.0131999 -0.0136725 -0.0139872 -0.01403 -0.0137668 -0.0131001 -0.0119943 -0.0105042 -0.00865587 -0.00653782 -0.00428699 -0.00203057 7.82122e-05 0.00191837 0.00336597 0.00433046 0.00484118 0.00490507 0.00459864 0.0040475 0.00335343 0.00259556 0.00185422 0.00120889 0.000697053 0.00032454 7.72727e-05 -5.22737e-05 -0.000132209 -0.000186516 -0.000211905 -0.000215268 -0.000232824 -0.000286405 -0.000361685 -0.000455201 -0.000556346 -0.000676927 -0.000780778 -0.000903132 -0.00103247 -0.00114126 -0.00122742 -0.00127599 -0.0013568 -0.00141307 -0.00143996 -0.00144183 -0.00143493 -0.00146007 -0.00144566 -0.00142869 -0.001405 -0.00139974 -0.00140841 -0.00138441 -0.00137839 -0.00136664 -0.00137815 
0 6.02272e-05 0.000110404 0.000158655 0.000217264 0.000281988 0.000345727 0.000403239 0.000468884 0.000531721 0.000594164 0.000656872 0.000707028 0.000750838 0.000774051 0.000804641 0.000825845 0.000813262 0.000779441 0.000739072 0.000723865 0.000691844 0.00064002 0.000604025 0.000606034 0.000648843 0.00071547 0.000820996 0.000984503 0.00120287 0.00149542 0.00189137 0.00236832 0.00294957 0.00365012 0.00452248 0.00555678 0.00669249 0.00791103 0.00910207 0.0101705 0.0109932 0.0114668 0.0114647 0.0108844 0.00970222 0.00796039 0.00573604 0.00317326 0.000474122 -0.00220441 -0.00468114 -0.00680874 -0.00844407 -0.0095493 -0.0100723 -0.0100291 -0.00949408 -0.00855124 -0.00729332 -0.00581884 -0.00422221 -0.00256079 -0.000877181 0.00080634 0.00245688 0.00413212 0.00581172 0.00753102 0.00934157 0.0112644 0.0133036 0.015529 0.0179212 0.0204929 0.0232611 0.0262059 0.0292953 0.0325115 0.035809 0.0391233 0.0424046 0.0455873 0.0485841 0.0512993 0.0536748 0.0555899 0.0569717 0.0577639 0.0578896 0.0572701 0.0559119 0.0537556 0.0508082 0.0470908 0.0426218 0.03743 0.0316207 0.0252384 0.0184043 0.0112262 0.00382355 -0.00367168 -0.0111031 -0.0183837 -0.0253431 -0.0318744 -0.0378863 -0.0432805 -0.0479677 -0.0519357 -0.0550984 -0.0574495 -0.059006 -0.0597786 -0.0597862 -0.0591142 -0.0578053 -0.0559465 -0.053631 -0.0509564 -0.048 -0.044857 -0.0416152 -0.0383389 -0.0351 -0.0319797 -0.0290173 -0.0262503 -0.0237566 -0.0215258 -0.0195964 -0.0180035 -0.0167398 -0.0157925 -0.015201 -0.014903 -0.0148934 -0.0151363 -0.0155811 -0.0161413 -0.0167436 -0.0172781 -0.01762 -0.0176471 -0.0172729 -0.0164177 -0.0150323 -0.0131672 -0.0108683 -0.00825183 -0.00544917 -0.00265829 -2.91609e-05 0.00226899 0.00407643 0.00530815 0.00596192 0.00606259 0.00570626 0.00503685 0.00417516 0.0032469 0.00231873 0.00151813 0.000873702 0.000393655 8.63204e-05 -9.70811e-05 -0.000198484 -0.000267562 -0.00030081 -0.000306124 -0.000327739 -0.000391096 -0.000476874 -0.000589843 -0.000714997 -0.000851617 -0.000990259 -0.0011295 -0.00128978 -0.00141942 -0.00151523 -0.00158788 -0.00166605 -0.00174263 -0.00177261 -0.00178122 -0.0017892 -0.00180835 -0.00181065 -0.00178644 -0.00176825 -0.0017659 -0.00176737 -0.00175244 -0.00173156 -0.00172212 -0.00172306 
0 7.33916e-05 0.00013887 0.000199057 0.000271059 0.000345727 0.000419113 0.000489225 0.000561885 0.000636882 0.000708471 0.000778006 0.000834641 0.000878492 0.0009078 0.000937146 0.000958033 0.000946647 0.000911989 0.0008748 0.000854605 0.000824081 0.000778195 0.000751018 0.00076753 0.000828317 0.000919132 0.00105309 0.00124655 0.0015074 0.00185728 0.00232068 0.00289357 0.0035896 0.00443919 0.00548386 0.00671273 0.00807069 0.00950775 0.010914 0.0121675 0.0131291 0.0136679 0.0136418 0.0129342 0.0115186 0.00943757 0.00679153 0.00375431 0.000547534 -0.00262441 -0.00555641 -0.0080678 -0.0100055 -0.0113013 -0.0119112 -0.011846 -0.0111877 -0.0100356 -0.00849887 -0.00669731 -0.00474098 -0.00270197 -0.000632664 0.0014363 0.00349048 0.00556549 0.00766526 0.00982313 0.0120867 0.0144785 0.0170164 0.0197419 0.0226487 0.0257372 0.0290085 0.0324385 0.0359972 0.0396528 0.0433576 0.0470444 0.0506434 0.0540738 0.0572416 0.0600473 0.0624142 0.0642389 0.0654433 0.0659664 0.0657436 0.0647226 0.0628935 0.0602172 0.0566984 0.052363 0.0472372 0.0413731 0.0348643 0.0277773 0.020229 0.0123387 0.0042192 -0.00399669 -0.012162 -0.0201682 -0.0278662 -0.0351347 -0.0418725 -0.0479729 -0.0533456 -0.0579512 -0.0617255 -0.0646482 -0.0667187 -0.0679382 -0.0683285 -0.06795 -0.0668484 -0.065104 -0.0628067 -0.060051 -0.056932 -0.0535551 -0.0500152 -0.0463949 -0.042774 -0.0392323 -0.0358235 -0.0326051 -0.0296466 -0.0269738 -0.0246308 -0.0226594 -0.0210669 -0.0198587 -0.0190557 -0.0186216 -0.0185347 -0.0187531 -0.0192123 -0.0198154 -0.0204634 -0.0210321 -0.0213761 -0.0213552 -0.0208653 -0.0198102 -0.0181434 -0.0159042 -0.0131583 -0.0100324 -0.00669584 -0.00336074 -0.000221942 0.00252321 0.00469652 0.00619394 0.00700449 0.00716301 0.00677898 0.00601156 0.00501013 0.00391043 0.0028186 0.00185569 0.00107358 0.000488346 9.83844e-05 -0.000138101 -0.000278409 -0.000368414 -0.000415731 -0.000434938 -0.000467581 -0.000539181 -0.000638773 -0.000763164 -0.00090161 -0.00104988 -0.00119963 -0.00135748 -0.00152895 -0.00167689 -0.00178952 -0.00187926 -0.00197381 -0.0020589 -0.00210389 -0.0021219 -0.00213799 -0.00216121 -0.00216458 -0.00214524 -0.00212527 -0.00212076 -0.00211954 -0.00210292 -0.00208417 -0.00207372 -0.00207454 
0 8.10424e-05 0.000162344 0.00023034 0.000319647 0.000403239 0.000489225 0.000574593 0.000651027 0.000742835 0.000820229 0.000898812 0.000961986 0.00100329 0.00104223 0.00106444 0.00108493 0.00107225 0.00103644 0.00100491 0.000975617 0.000948991 0.000911748 0.000897713 0.000932609 0.00101531 0.00113709 0.00131032 0.00154215 0.00185601 0.00227246 0.00280281 0.00347415 0.0042766 0.00526977 0.00647492 0.00788182 0.00945341 0.0110947 0.0127077 0.0141374 0.0152305 0.0158245 0.0157678 0.014926 0.0132789 0.0108626 0.00780221 0.00430845 0.000606385 -0.00303944 -0.0064068 -0.00927934 -0.0114985 -0.0129576 -0.0136345 -0.0135269 -0.0127312 -0.0113629 -0.00953955 -0.00740668 -0.00507913 -0.0026416 -0.000154839 0.0023363 0.00484662 0.00736668 0.00993563 0.0125762 0.0153275 0.0182088 0.0212585 0.0244744 0.0278729 0.0314444 0.0351701 0.0390233 0.0429741 0.0469675 0.0509456 0.0548469 0.058577 0.0620514 0.0651775 0.0678647 0.0700123 0.0715566 0.0724136 0.0725257 0.0718376 0.0703342 0.0679767 0.0647661 0.060705 0.0558321 0.050173 0.0438113 0.0368128 0.0292712 0.0212822 0.0129775 0.00444863 -0.0041701 -0.0127584 -0.0211835 -0.0293397 -0.0370886 -0.044333 -0.0509625 -0.0568991 -0.0620583 -0.066408 -0.0699031 -0.0725288 -0.0742716 -0.0751667 -0.0752302 -0.0745153 -0.0730858 -0.0710248 -0.0684069 -0.0653444 -0.0619356 -0.0582745 -0.0544618 -0.0505892 -0.0467313 -0.0429657 -0.039373 -0.0360037 -0.0329297 -0.0301967 -0.0278519 -0.0259192 -0.0244334 -0.0233806 -0.0227706 -0.0225581 -0.0227015 -0.0231255 -0.0237329 -0.0243884 -0.0249641 -0.025287 -0.0251957 -0.0245728 -0.0232991 -0.0213383 -0.0187156 -0.0155201 -0.011884 -0.00802506 -0.00415081 -0.000513607 0.00266984 0.00520829 0.00697446 0.00795146 0.00818373 0.00779162 0.00694583 0.00582729 0.00457069 0.00333624 0.0022191 0.00130305 0.000612563 0.000127043 -0.000174233 -0.000371149 -0.00049515 -0.00056791 -0.00061082 -0.000658305 -0.000733784 -0.000842377 -0.00096907 -0.00111172 -0.00126577 -0.00141677 -0.00159092 -0.00176348 -0.00192565 -0.00205543 -0.00215947 -0.00227362 -0.00236131 -0.0024242 -0.00245302 -0.00247581 -0.00250629 -0.00250836 -0.00250118 -0.00248149 -0.0024752 -0.00247342 -0.00245335 -0.00244178 -0.00242907 -0.00243113 
0 9.6585e-05 0.000178433 0.000279026 0.000362709 0.000468884 0.000561885 0.000651027 0.000748963 0.000831006 0.000931087 0.00100303 0.00107046 0.00111957 0.00114917 0.00118458 0.00118897 0.00118456 0.0011558 0.00112817 0.00110909 0.0010864 0.00107209 0.00107869 0.00113366 0.00123571 0.00139375 0.00159485 0.00187328 0.00223622 0.00271074 0.00332382 0.00406778 0.00499642 0.00612057 0.0074809 0.00907233 0.0108347 0.0126841 0.0144883 0.0160809 0.0172929 0.0179347 0.0178216 0.0168593 0.0149696 0.0122303 0.0087851 0.00483893 0.000683678 -0.00341863 -0.00719683 -0.0104054 -0.0128775 -0.0144957 -0.0151981 -0.0150447 -0.0140962 -0.0124872 -0.0103785 -0.00789728 -0.00517588 -0.0023195 0.000613875 0.00358824 0.00657786 0.00960634 0.0126844 0.01584 0.0191011 0.0224995 0.026035 0.0297315 0.0335836 0.0375706 0.0416826 0.045885 0.0501128 0.0543191 0.0584308 0.0623478 0.0660081 0.0693207 0.0721893 0.074537 0.0762941 0.0773713 0.0777238 0.0773057 0.0760844 0.0740168 0.0711063 0.0673662 0.06282 0.0574946 0.0514659 0.0447772 0.0375055 0.0297508 0.021604 0.0131417 0.0044997 -0.00422582 -0.012934 -0.0215082 -0.0298286 -0.0378078 -0.0453278 -0.0523018 -0.0586433 -0.0642832 -0.0691428 -0.0731789 -0.0763675 -0.0787086 -0.0801785 -0.0808112 -0.0806432 -0.0797093 -0.0780752 -0.0758357 -0.0730482 -0.0698134 -0.0662374 -0.0624046 -0.0584182 -0.0543852 -0.0503845 -0.0464993 -0.0428182 -0.0394003 -0.0363155 -0.033621 -0.0313648 -0.0295663 -0.0282583 -0.0274217 -0.0270346 -0.0270545 -0.0273959 -0.0279454 -0.0285822 -0.0291178 -0.0293788 -0.0292023 -0.0284023 -0.0268951 -0.0246262 -0.0216092 -0.0179579 -0.0138337 -0.00943906 -0.00505484 -0.000920447 0.00270127 0.005593 0.00764783 0.00879928 0.00912166 0.00874431 0.00784203 0.00660916 0.00522813 0.00383981 0.00258417 0.00153412 0.000720981 0.000152258 -0.000241358 -0.000489895 -0.000655455 -0.0007592 -0.000823783 -0.000885849 -0.000964361 -0.001071 -0.00119762 -0.00134262 -0.00148744 -0.00165417 -0.00182209 -0.00200253 -0.00217001 -0.0023043 -0.00243965 -0.00254755 -0.00265795 -0.00272835 -0.00277244 -0.00281692 -0.00283744 -0.00286411 -0.00285436 -0.00284735 -0.00284106 -0.00282525 -0.0028204 -0.00279532 -0.00279551 -0.0027903 
0 0.000104405 0.000215343 0.000314614 0.000427061 0.000531721 0.000636882 0.000742835 0.000831006 0.000931673 0.0010148 0.00109352 0.00116068 0.00120106 0.00124976 0.00127025 0.00128418 0.00128111 0.00126256 0.00125894 0.00124382 0.00124722 0.00126234 0.0012991 0.0013814 0.00150881 0.00169031 0.00193259 0.002235 0.00264284 0.00317682 0.00383875 0.00468824 0.00571585 0.00699589 0.00852239 0.0102851 0.0122582 0.0142899 0.0162725 0.0180086 0.0193148 0.019973 0.0198125 0.0186948 0.0165886 0.0135372 0.00970955 0.00536573 0.000764617 -0.00375083 -0.00790168 -0.0114164 -0.0141239 -0.0158552 -0.0166035 -0.016373 -0.015261 -0.013411 -0.0109703 -0.00811109 -0.00496606 -0.00164195 0.00178214 0.00524762 0.00878955 0.0123412 0.015967 0.0196701 0.023457 0.0273394 0.031369 0.0354903 0.0397404 0.0440923 0.0484972 0.0529091 0.0572848 0.0615338 0.0655753 0.0693468 0.0727445 0.0756813 0.078094 0.079933 0.0810953 0.0815802 0.0813247 0.0802753 0.0784129 0.0757785 0.0723192 0.0681015 0.0631449 0.0575026 0.0512204 0.0443996 0.0370618 0.0293245 0.0212329 0.0128952 0.00438513 -0.00418856 -0.0127628 -0.0211957 -0.029454 -0.0374181 -0.0450059 -0.0521314 -0.0587343 -0.0646804 -0.0699701 -0.0745197 -0.0782705 -0.0811958 -0.083321 -0.0846032 -0.0850952 -0.0848182 -0.083809 -0.0821049 -0.0797963 -0.0769488 -0.0736442 -0.0699947 -0.0660997 -0.0620423 -0.0579389 -0.0539063 -0.0499872 -0.0463195 -0.0429567 -0.0399554 -0.0373806 -0.0353036 -0.0336908 -0.032619 -0.0320307 -0.0318852 -0.0320994 -0.0325646 -0.0331024 -0.0335541 -0.0337101 -0.0333786 -0.032396 -0.0306243 -0.0280367 -0.0246287 -0.0205296 -0.0158993 -0.0110079 -0.00609093 -0.00147687 0.00257334 0.00584436 0.00818081 0.00953745 0.00997718 0.00963685 0.00869702 0.00738222 0.00585721 0.00434533 0.00293058 0.00173955 0.000817854 0.000130884 -0.000328708 -0.00064663 -0.000846575 -0.000975293 -0.00106946 -0.00114441 -0.00122433 -0.00133618 -0.001457 -0.00159654 -0.00174388 -0.0018964 -0.00207737 -0.0022393 -0.00240883 -0.00255803 -0.00269297 -0.00282841 -0.00292964 -0.00302751 -0.00309031 -0.00313924 -0.00318217 -0.0032004 -0.00321923 -0.00321432 -0.00320789 -0.00319967 -0.00318074 -0.00317328 -0.00315864 -0.00315412 
0 0.000118958 0.000229545 0.000361995 0.000467367 0.000594164 0.000708471 0.000820229 0.000931087 0.0010148 0.00111347 0.0011805 0.00124471 0.00129028 0.00132411 0.00135509 0.00135366 0.00136109 0.00136027 0.00137255 0.00138392 0.00141012 0.00146476 0.00153972 0.00165274 0.00180446 0.0020275 0.00229713 0.00264762 0.00310016 0.00368486 0.00442828 0.0053457 0.00650442 0.00791809 0.00960107 0.0115444 0.0136922 0.0159106 0.0180522 0.0199107 0.0212894 0.021953 0.0216979 0.0204418 0.0180949 0.0147487 0.0105858 0.00585432 0.000875995 -0.00401965 -0.00850922 -0.0122989 -0.0152023 -0.0170535 -0.0177883 -0.0174777 -0.016178 -0.0140454 -0.0112659 -0.00799653 -0.00437928 -0.000550706 0.00340871 0.00744811 0.0115409 0.0156625 0.0198368 0.0240728 0.028367 0.0327474 0.0372063 0.0417269 0.0463028 0.0508949 0.0554611 0.059954 0.0642882 0.0683996 0.0721983 0.0755953 0.078533 0.0809383 0.0827437 0.083915 0.0843917 0.0841441 0.0831586 0.0814176 0.0789335 0.0757094 0.0717496 0.0671275 0.0618782 0.0560323 0.0496827 0.0428766 0.0356483 0.0281061 0.0203001 0.012275 0.00413702 -0.00406031 -0.0122718 -0.0203858 -0.0283493 -0.0361071 -0.0435585 -0.0506488 -0.0573213 -0.0634785 -0.069064 -0.0740117 -0.0782681 -0.0818125 -0.0845984 -0.0866005 -0.0878409 -0.0883044 -0.0880156 -0.0870274 -0.085364 -0.0830815 -0.080268 -0.0769939 -0.0733654 -0.0694886 -0.0654703 -0.0614159 -0.0574205 -0.0535888 -0.0500138 -0.0467664 -0.0439376 -0.0415815 -0.0397267 -0.0384045 -0.0375954 -0.0372574 -0.0373005 -0.0376094 -0.0380231 -0.0383293 -0.0383246 -0.0378207 -0.0365876 -0.034536 -0.0316088 -0.0278006 -0.0232533 -0.018154 -0.0127446 -0.00733569 -0.0022315 0.00226297 0.00590446 0.00856222 0.0101337 0.0107125 0.0104348 0.00948321 0.00809074 0.0064739 0.00482573 0.00328567 0.00196236 0.000909205 0.000129044 -0.000440089 -0.000816929 -0.00106599 -0.00123056 -0.00134759 -0.00144179 -0.00152601 -0.00163664 -0.001757 -0.00189437 -0.00202979 -0.0021916 -0.00235451 -0.0025125 -0.00267127 -0.00281366 -0.0029672 -0.00308379 -0.00320155 -0.00330207 -0.00338407 -0.00345744 -0.00349333 -0.00354259 -0.00356303 -0.00358009 -0.00358191 -0.0035662 -0.00356751 -0.00354466 -0.00353986 -0.00352181 
0 0.000131699 0.000268288 0.000407067 0.000532114 0.000656872 0.000778006 0.000898812 0.00100303 0.00109352 0.0011805 0.00125069 0.00131322 0.00135739 0.00140237 0.00142918 0.00143722 0.00145233 0.00146904 0.00150252 0.00152816 0.00157903 0.00166895 0.00178212 0.00193087 0.00212084 0.00238073 0.0027036 0.00309588 0.00360278 0.00425111 0.00505794 0.00607724 0.00734664 0.0089087 0.0107489 0.0128515 0.0151714 0.0175447 0.019819 0.0217776 0.0232043 0.0238471 0.0235134 0.0220932 0.0195325 0.0159038 0.0114085 0.00633211 0.00098965 -0.00424438 -0.00902369 -0.0130434 -0.0161041 -0.0180127 -0.0187323 -0.0182982 -0.0167879 -0.0143581 -0.0111894 -0.00746537 -0.00334086 0.00104395 0.00558022 0.010199 0.0148927 0.0195874 0.0243194 0.0290851 0.0338627 0.0386622 0.0435009 0.0483166 0.0531106 0.0578352 0.0624192 0.0667986 0.0709112 0.0746783 0.0780213 0.0808887 0.0832144 0.084928 0.0859941 0.0863967 0.0860709 0.0850439 0.0833111 0.0808584 0.0777251 0.0739752 0.0695971 0.0646773 0.0592499 0.0533518 0.0470488 0.0404103 0.0334505 0.0262732 0.0188981 0.011372 0.00375933 -0.00389287 -0.0115699 -0.0191732 -0.0266957 -0.0340715 -0.0412277 -0.0481202 -0.0547064 -0.0608786 -0.0666353 -0.0718993 -0.0765897 -0.0806701 -0.0841078 -0.086826 -0.088837 -0.0901127 -0.0906416 -0.0904421 -0.0895499 -0.0879931 -0.085832 -0.0831413 -0.0799986 -0.0764863 -0.0727231 -0.0688272 -0.0648776 -0.0610275 -0.0573667 -0.0539734 -0.0509565 -0.0483985 -0.0463055 -0.044761 -0.0437362 -0.0431876 -0.0430368 -0.0431655 -0.043387 -0.0435046 -0.0432974 -0.0425555 -0.0410655 -0.0387005 -0.0354167 -0.0312005 -0.0261964 -0.0206036 -0.0146975 -0.00877693 -0.00319977 0.00172527 0.00575513 0.00872286 0.0105439 0.0112941 0.0111148 0.0101904 0.00876623 0.00706484 0.00531767 0.00364717 0.00219127 0.0010167 0.000107778 -0.000556643 -0.00102024 -0.00132436 -0.00152989 -0.001685 -0.0017977 -0.00189106 -0.00200152 -0.00211292 -0.00223529 -0.00235835 -0.00250017 -0.00265291 -0.00278805 -0.0029368 -0.0030859 -0.00323798 -0.00336676 -0.00347764 -0.00359301 -0.00369094 -0.00376842 -0.00381751 -0.00386128 -0.00389918 -0.00392024 -0.00392612 -0.00392259 -0.00392357 -0.00392037 -0.0039128 -0.0039009 
0 0.000141377 0.00029167 0.00044363 0.000578035 0.000707028 0.000834641 0.000961986 0.00107046 0.00116068 0.00124471 0.00131322 0.00137317 0.00141934 0.00146489 0.00149562 0.0015131 0.00154381 0.00158666 0.00164395 0.00169459 0.00177387 0.00189985 0.00205343 0.00223695 0.00246251 0.0027635 0.00313473 0.00358204 0.00414937 0.00486607 0.00575393 0.006868 0.00825565 0.00995131 0.0119348 0.0141864 0.0166533 0.0191692 0.0215611 0.0236032 0.0250618 0.025675 0.0252457 0.0236689 0.0208968 0.0170095 0.0122213 0.00683246 0.00117699 -0.00435259 -0.00938357 -0.0135959 -0.0167687 -0.0187049 -0.0193547 -0.018758 -0.0169964 -0.0142296 -0.010649 -0.00644838 -0.00178958 0.00317119 0.0083087 0.0135412 0.0188334 0.0241048 0.0293714 0.0346216 0.0398257 0.0449852 0.0500975 0.0550975 0.059964 0.0646437 0.0690628 0.0731576 0.0768659 0.0801209 0.0828524 0.0850227 0.0865869 0.087498 0.0877355 0.0872981 0.0861448 0.0843161 0.0818349 0.0787205 0.0750303 0.0708305 0.0661284 0.0610144 0.0555251 0.0496931 0.0435805 0.0372402 0.0306788 0.0239813 0.0171618 0.0102476 0.00328268 -0.00371227 -0.0107375 -0.0177195 -0.0246608 -0.03152 -0.0382403 -0.0447943 -0.0511554 -0.0572347 -0.0630239 -0.0684574 -0.0734636 -0.0779983 -0.0820074 -0.0853997 -0.0881607 -0.0902421 -0.0916168 -0.0922864 -0.0922622 -0.0915483 -0.090187 -0.088228 -0.0857337 -0.0827769 -0.079466 -0.0759089 -0.0721974 -0.0684822 -0.0648701 -0.0614552 -0.0583597 -0.0556734 -0.0534214 -0.0516854 -0.0504543 -0.0496893 -0.0493199 -0.0492324 -0.0492368 -0.0491282 -0.0486791 -0.0476659 -0.0458664 -0.0431532 -0.0394752 -0.0348271 -0.0293551 -0.0232746 -0.0168683 -0.0104549 -0.00440732 0.000951119 0.0053674 0.00866376 0.0107494 0.0116957 0.0116425 0.010776 0.00934679 0.00759838 0.00576624 0.0039895 0.00241138 0.00110799 7.31186e-05 -0.000708076 -0.00126371 -0.00163565 -0.00189029 -0.00207837 -0.00220899 -0.00230609 -0.00240853 -0.00250759 -0.0026117 -0.00271945 -0.00284653 -0.00298049 -0.00309776 -0.00323131 -0.00337847 -0.00352887 -0.00365287 -0.00376063 -0.0038783 -0.00398771 -0.00407371 -0.00412995 -0.0041824 -0.00423239 -0.00426597 -0.00428112 -0.00428706 -0.0042972 -0.00430198 -0.00429726 -0.00428546 
0 0.000153407 0.000310326 0.000482139 0.000616071 0.000750838 0.000878492 0.00100329 0.00111957 0.00120106 0.00129028 0.00135739 0.00141934 0.00147477 0.00151751 0.00156395 0.00159378 0.00164737 0.00172098 0.00180198 0.00188614 0.00199824 0.00216435 0.00236358 0.00258597 0.00284776 0.00319172 0.00360255 0.00410608 0.00472835 0.00550631 0.00648248 0.00768578 0.00920349 0.0110329 0.0131637 0.0155691 0.0181705 0.0208181 0.0233064 0.0254072 0.0268709 0.027439 0.0268987 0.0251724 0.0221971 0.0180763 0.013033 0.0073653 0.00144858 -0.00432604 -0.00955558 -0.0139091 -0.0171372 -0.0190634 -0.0195962 -0.0188028 -0.0167538 -0.0136096 -0.00958211 -0.00486843 0.000354625 0.00590587 0.0116452 0.0174901 0.0233511 0.0291777 0.0349383 0.0406157 0.0461652 0.0515859 0.0568298 0.0618633 0.0666317 0.0710839 0.0751527 0.0787862 0.0819153 0.0845018 0.0864925 0.0878489 0.088554 0.0885838 0.0879331 0.0866161 0.0846486 0.0820623 0.0789089 0.0752272 0.0710917 0.0665442 0.0616371 0.056439 0.0509989 0.0453348 0.0395227 0.0335792 0.0275232 0.0213937 0.0152131 0.00897258 0.00271907 -0.00355917 -0.00985404 -0.0161378 -0.0224011 -0.0286517 -0.0348371 -0.0409529 -0.0469708 -0.0528495 -0.0585459 -0.06402 -0.0692051 -0.0740595 -0.0785019 -0.0824689 -0.0859107 -0.0887624 -0.0909758 -0.0925386 -0.0934195 -0.0936131 -0.0931478 -0.0920385 -0.0903338 -0.0880978 -0.0854168 -0.0823769 -0.0791 -0.0756993 -0.0723062 -0.0690222 -0.0659788 -0.063258 -0.0609399 -0.0590712 -0.0576819 -0.0567334 -0.0561584 -0.0558429 -0.0556113 -0.0552371 -0.0545032 -0.053182 -0.0510318 -0.0479472 -0.0438506 -0.0387559 -0.0328049 -0.0262343 -0.0193174 -0.0124194 -0.00589792 -0.000100907 0.0047062 0.00835316 0.0107281 0.0119049 0.0120129 0.0112395 0.00983077 0.00806264 0.00615001 0.00427937 0.00258317 0.00114667 -5.33318e-06 -0.000909157 -0.00155075 -0.00199446 -0.00230225 -0.00252254 -0.00267665 -0.00278094 -0.00287434 -0.00296006 -0.00304229 -0.00312754 -0.00323782 -0.00333893 -0.00343665 -0.00354628 -0.00368105 -0.00382981 -0.00393857 -0.00405195 -0.00416756 -0.00428936 -0.00439107 -0.00445168 -0.00452405 -0.00457874 -0.00462796 -0.00465235 -0.00466123 -0.00468501 -0.00468658 -0.00469022 -0.00467532 
0 0.000152399 0.000329335 0.000490711 0.000648548 0.000774051 0.0009078 0.00104223 0.00114917 0.00124976 0.00132411 0.00140237 0.00146489 0.00151751 0.00157443 0.00162039 0.00167772 0.00175115 0.00185489 0.0019679 0.0020885 0.00224293 0.00245724 0.00270502 0.00297077 0.0032834 0.00365658 0.00412798 0.00467546 0.00535755 0.00620767 0.00725039 0.00857273 0.010198 0.0121705 0.0144497 0.0169949 0.0197317 0.0224911 0.0250545 0.0271941 0.0286382 0.0291256 0.0284839 0.0265785 0.0234269 0.019099 0.0138305 0.00795379 0.00182687 -0.00412438 -0.00948382 -0.0139172 -0.0171575 -0.0190003 -0.0194002 -0.0183556 -0.0159828 -0.0124376 -0.00792575 -0.00266699 0.00312691 0.00928199 0.0156239 0.0220332 0.0284415 0.0347495 0.0409247 0.0469329 0.0527226 0.0582448 0.0634905 0.0683745 0.072861 0.0769083 0.0804559 0.0834434 0.0858608 0.0876498 0.08878 0.0892513 0.0890472 0.0881539 0.0866142 0.0844614 0.0817198 0.0784674 0.0747626 0.0706399 0.0661629 0.061415 0.0564275 0.0512581 0.0459603 0.040579 0.0351327 0.0296563 0.024159 0.0186609 0.0131473 0.00762496 0.0020951 -0.00342996 -0.00896382 -0.014504 -0.0200697 -0.0256453 -0.0312375 -0.0368458 -0.0424487 -0.0480003 -0.0535001 -0.0588954 -0.064117 -0.0691234 -0.0738721 -0.0782731 -0.0822714 -0.0858119 -0.0888095 -0.0912115 -0.0929963 -0.0941267 -0.0945859 -0.0944112 -0.0936068 -0.0922152 -0.0903142 -0.0879846 -0.0852987 -0.0824073 -0.0794059 -0.0764134 -0.0735618 -0.0709627 -0.0686729 -0.0667904 -0.0653252 -0.0642468 -0.0635068 -0.0629831 -0.0624935 -0.0618404 -0.0607962 -0.0591124 -0.0566068 -0.0531117 -0.0485852 -0.0430407 -0.0366123 -0.0295413 -0.0221367 -0.0147331 -0.00774074 -0.00149753 0.0037372 0.00773683 0.0104454 0.0118794 0.0121785 0.0115309 0.010182 0.00840551 0.00645339 0.00449544 0.00269563 0.00114997 -0.000137915 -0.00113334 -0.00187918 -0.00239061 -0.00275105 -0.00301699 -0.00318963 -0.00331282 -0.00340008 -0.00347332 -0.00353479 -0.00360595 -0.00368638 -0.00376761 -0.00383196 -0.00391422 -0.00403455 -0.00415123 -0.00426167 -0.00435114 -0.00447122 -0.00459765 -0.00469794 -0.00478821 -0.00485514 -0.00493984 -0.00499572 -0.00503032 -0.00505953 -0.00507061 -0.00509367 -0.00508346 -0.00507411 
0 0.000163443 0.000334747 0.000518486 0.000666723 0.000804641 0.000937146 0.00106444 0.00118458 0.00127025 0.00135509 0.00142918 0.00149562 0.00156395 0.00162039 0.00168996 0.00176424 0.00186568 0.00200281 0.0021451 0.00230945 0.00251229 0.00276884 0.00306962 0.00338337 0.00373729 0.00416853 0.00467756 0.00529899 0.0060442 0.0069616 0.00811151 0.00952564 0.0112914 0.0133902 0.0158065 0.0184905 0.021331 0.0241807 0.0268015 0.0289491 0.0303491 0.0307601 0.0299774 0.027931 0.0245969 0.0200946 0.0146641 0.00861572 0.00235787 -0.00369563 -0.00912327 -0.0135721 -0.0167445 -0.0184846 -0.0186676 -0.017348 -0.014616 -0.0106296 -0.00562397 0.000176597 0.00655509 0.0132852 0.0201906 0.0271504 0.0340084 0.0407223 0.0471993 0.0533949 0.0592542 0.0647473 0.0697877 0.0743627 0.0784 0.0818651 0.0847217 0.0869556 0.0885224 0.0894174 0.0896355 0.0891611 0.0880166 0.0862455 0.0838819 0.0809656 0.0775909 0.0737885 0.0696309 0.0651951 0.0605505 0.0557096 0.0507632 0.0457432 0.0407004 0.0356489 0.0306449 0.0256767 0.0207644 0.0158754 0.0110428 0.00624027 0.00146671 -0.00332247 -0.00810912 -0.0129274 -0.0177676 -0.0226819 -0.0276567 -0.0327039 -0.0378099 -0.0429912 -0.0481712 -0.0533447 -0.0584802 -0.0635305 -0.068416 -0.0731124 -0.0775269 -0.0815925 -0.0852452 -0.0884214 -0.091042 -0.0930712 -0.0944849 -0.095258 -0.0954086 -0.0949661 -0.0939693 -0.092462 -0.0905577 -0.0883161 -0.0858742 -0.0833496 -0.0808681 -0.0785231 -0.0764477 -0.0746582 -0.0732227 -0.0721124 -0.0712604 -0.0705609 -0.0698547 -0.0689163 -0.0675454 -0.06551 -0.0625943 -0.0586949 -0.0537187 -0.0477162 -0.0408144 -0.0332602 -0.0253474 -0.0174681 -0.00998726 -0.0032791 0.002373 0.00677782 0.00982608 0.0115585 0.0120878 0.0116057 0.0103535 0.00862672 0.00664638 0.0046447 0.00275964 0.0010926 -0.000295059 -0.00141932 -0.00224784 -0.00284205 -0.00326509 -0.00356065 -0.00376987 -0.00390273 -0.00398766 -0.00405083 -0.00409342 -0.00414626 -0.00421115 -0.00425729 -0.00430438 -0.00435515 -0.00444347 -0.00454513 -0.00462085 -0.004711 -0.00480945 -0.00492981 -0.00503655 -0.00511482 -0.00520443 -0.00527987 -0.00535399 -0.00540149 -0.00543042 -0.00546629 -0.00547873 -0.00549189 -0.0054836 
0 0.000168883 0.000357729 0.000529967 0.00069654 0.000825845 0.000958033 0.00108493 0.00118897 0.00128418 0.00135366 0.00143722 0.0015131 0.00159378 0.00167772 0.00176424 0.00187824 0.00201451 0.00218713 0.00236502 0.0025726 0.00281478 0.00311449 0.00345422 0.00381075 0.00422275 0.0046889 0.00526869 0.00594727 0.00676863 0.00777703 0.00901469 0.0105686 0.0124563 0.014698 0.0172533 0.0200556 0.0229913 0.0259046 0.0285458 0.0306812 0.0320198 0.0323251 0.0314431 0.0292431 0.0257818 0.0211486 0.015591 0.00944328 0.00310344 -0.00299357 -0.00841468 -0.012808 -0.0158666 -0.0174059 -0.017357 -0.0157069 -0.0125883 -0.0081604 -0.00265723 0.00368586 0.0105978 0.0178648 0.0252761 0.0326665 0.0399005 0.0468905 0.0535331 0.0597698 0.065545 0.0707845 0.0754632 0.0795312 0.0829535 0.085711 0.087781 0.0891311 0.089786 0.0897225 0.0889758 0.0875758 0.0855609 0.0829725 0.0798885 0.076353 0.0724561 0.0682532 0.06382 0.0592101 0.054479 0.049687 0.0449047 0.0401309 0.0354153 0.030791 0.0262442 0.0217791 0.0174362 0.0131828 0.00900677 0.00488917 0.000803923 -0.00325971 -0.00731944 -0.0114445 -0.0156312 -0.0198865 -0.0242471 -0.0287231 -0.0332952 -0.0379908 -0.0427904 -0.0476774 -0.0526104 -0.0575509 -0.0624542 -0.0672791 -0.0719376 -0.0763911 -0.0805472 -0.0843301 -0.0876813 -0.0905459 -0.0928475 -0.0945857 -0.0957165 -0.0962486 -0.0962097 -0.0956426 -0.094603 -0.0931889 -0.0914786 -0.0895945 -0.087648 -0.0857464 -0.0839973 -0.0824639 -0.0811853 -0.0801428 -0.0792856 -0.0784869 -0.0775981 -0.0764177 -0.0747424 -0.072334 -0.0690436 -0.0647068 -0.0592811 -0.0528141 -0.0454291 -0.0373782 -0.0289853 -0.0206144 -0.0126686 -0.00550887 0.000589971 0.00538635 0.00883113 0.0108959 0.0117038 0.0114425 0.0103399 0.00868547 0.0067281 0.00468755 0.00272999 0.00096719 -0.000550974 -0.00176703 -0.00270823 -0.00337905 -0.00385912 -0.00420117 -0.00442576 -0.00457869 -0.00465263 -0.00469909 -0.00471997 -0.0047517 -0.00478572 -0.00481039 -0.00483097 -0.0048595 -0.00492663 -0.00499232 -0.00506302 -0.00512403 -0.00521136 -0.00531439 -0.00540041 -0.00548664 -0.00555356 -0.00563988 -0.00570986 -0.00576461 -0.00581395 -0.00584307 -0.00588306 -0.00589544 -0.00590527 
0 0.000168759 0.000346397 0.000517803 0.000677191 0.000813262 0.000946647 0.00107225 0.00118456 0.00128111 0.00136109 0.00145233 0.00154381 0.00164737 0.00175115 0.00186568 0.00201451 0.00218784 0.00239755 0.00261521 0.00286699 0.00315884 0.00349393 0.00387488 0.00427606 0.00473185 0.00525201 0.00587848 0.00663277 0.00753411 0.00863531 0.00999485 0.0116767 0.0137094 0.0160847 0.0187682 0.0216826 0.024696 0.0276518 0.030308 0.0324114 0.0336784 0.0338919 0.0328918 0.0305825 0.0270102 0.0222939 0.0166808 0.0104944 0.00414974 -0.00191194 -0.0072702 -0.0115509 -0.0144308 -0.0157466 -0.0153964 -0.0133911 -0.00986355 -0.00498644 0.000986363 0.00780423 0.0151906 0.0228935 0.0307023 0.0384326 0.0458998 0.0530232 0.0596715 0.0657663 0.0712615 0.0761005 0.0802333 0.083653 0.0863291 0.0882511 0.0894197 0.0898472 0.0895479 0.0885367 0.0868795 0.0846111 0.0817934 0.0785196 0.0748559 0.0708446 0.0665989 0.062146 0.057552 0.0529054 0.0482543 0.0436177 0.0390797 0.0346316 0.0303021 0.0261092 0.0220532 0.0181247 0.0143449 0.0106576 0.00708581 0.0036141 0.000187541 -0.00323835 -0.0066614 -0.0101478 -0.0136937 -0.0173364 -0.0211045 -0.0250031 -0.0290333 -0.0332469 -0.0375941 -0.0420887 -0.0467314 -0.0514706 -0.056253 -0.0610686 -0.0658179 -0.0704651 -0.0749573 -0.079211 -0.0831493 -0.0867181 -0.0898271 -0.0924333 -0.0945 -0.0960119 -0.0969663 -0.0973853 -0.0973258 -0.0968306 -0.0959867 -0.0949023 -0.0936611 -0.0923596 -0.0911238 -0.0899783 -0.0889856 -0.0881402 -0.0873735 -0.0865761 -0.0856042 -0.0842467 -0.0823107 -0.0795759 -0.0758902 -0.0711304 -0.0652437 -0.0583085 -0.0504541 -0.0419261 -0.0330579 -0.0242269 -0.015815 -0.0081969 -0.00166199 0.00356871 0.00741463 0.00985115 0.0109766 0.0109737 0.0100662 0.00853328 0.00662524 0.00458551 0.00257679 0.000719038 -0.000898807 -0.00222902 -0.0032637 -0.00401929 -0.0045589 -0.00492817 -0.00517825 -0.00533347 -0.00540106 -0.00543174 -0.00543322 -0.00544466 -0.00545015 -0.00544408 -0.00544012 -0.00543928 -0.00547054 -0.00550621 -0.00554717 -0.00559168 -0.00565212 -0.00573452 -0.00581268 -0.00588884 -0.00596085 -0.00603944 -0.00611663 -0.00618029 -0.00623194 -0.006272 -0.00630479 -0.00632447 -0.00633029 
