0 0 0 0 0 0 0 0 0 0 0 0 0 0 0 0 0 0 0 0 0 0 0 0 0 0 0 0 0 0 0 0 0 0 0 0 0 0 0 0 0 0 0 0 0 0 0 0 0 0 0 0 0 0 0 0 0 0 0 0 0 0 0 0 0 0 0 0 0 0 0 0 0 0 0 0 0 0 0 0 0 0 0 0 0 0 0 0 0 0 0 0 0 0 0 0 0 0 0 0 0 0 0 0 0 0 0 0 0 0 0 0 0 0 0 0 0 0 0 0 0 0 0 0 0 0 0 0 0 0 0 0 0 0 0 0 0 0 0 0 0 0 0 0 0 0 0 0 0 0 0 0 0 0 0 0 0 0 0 0 0 0 0 0 0 0 0 0 0 0 0 0 0 0 0 0 0 0 0 0 0 0 0 0 0 0 0 0 0 0 0 0 0 0 0 0 0 0 0 0 
0 5.59617e-06 1.09875e-05 1.55914e-05 2.66439e-05 3.17626e-05 3.88663e-05 4.1545e-05 4.44611e-05 5.12521e-05 5.43633e-05 6.63759e-05 6.85436e-05 7.08601e-05 7.52724e-05 8.19079e-05 9.67568e-05 9.9508e-05 0.000114361 0.00013396 0.000150321 0.000163502 0.000167618 0.00018788 0.000202289 0.000208039 0.000212717 0.000208445 0.000207055 0.00019725 0.000188343 0.000178345 0.00015898 0.000149178 0.00014729 0.000147016 0.000146823 0.000156774 0.000179704 0.00021797 0.000271317 0.000348082 0.00044733 0.000570177 0.000741203 0.000954995 0.00120558 0.00148866 0.00179375 0.0020904 0.00236995 0.00260142 0.00276408 0.00283827 0.00281042 0.0027049 0.00252151 0.00230166 0.00209005 0.0019117 0.00180101 0.00180841 0.00192326 0.00217331 0.00255409 0.00303885 0.00360983 0.00423579 0.0048761 0.0054986 0.00607093 0.00655566 0.00692965 0.00715921 0.00723711 0.00713885 0.0068778 0.00645251 0.00588538 0.00519234 0.00440477 0.00353283 0.00262214 0.00167886 0.000736896 -0.000178164 -0.0010415 -0.00183719 -0.00252344 -0.00309696 -0.00353232 -0.00382221 -0.00398046 -0.00402398 -0.00393509 -0.00373031 -0.0034321 -0.00304622 -0.0025617 -0.0020064 -0.00140414 -0.000765166 -0.000104246 0.000533399 0.00113244 0.00169083 0.00219288 0.00260239 0.00292344 0.00314921 0.00325817 0.00322835 0.00306094 0.00273691 0.00227277 0.00167506 0.000961697 0.000146429 -0.000739196 -0.00168788 -0.00266352 -0.00365779 -0.00463493 -0.00558175 -0.00647049 -0.00728537 -0.00799762 -0.00860964 -0.00909516 -0.00946416 -0.00970989 -0.00983352 -0.00983444 -0.00970661 -0.00944225 -0.00904242 -0.00849491 -0.00781391 -0.00702002 -0.00611581 -0.00515917 -0.00417232 -0.00318956 -0.00226265 -0.00142768 -0.000700219 -0.000128054 0.000293204 0.000564788 0.00070198 0.000733639 0.000689638 0.000605686 0.000497129 0.000385854 0.000288054 0.000215672 0.000158737 0.000128244 0.000111381 9.17619e-05 7.19215e-05 5.43872e-05 3.2206e-05 4.18939e-06 -2.83221e-05 -6.63583e-05 -0.000103809 -0.000143589 -0.000165509 -0.000186271 -0.000213542 -0.00023056 -0.000246793 -0.000251652 -0.000259726 -0.000266824 -0.000265291 -0.000272494 -0.000268688 -0.000264904 -0.000264716 -0.000265214 -0.000268116 -0.000255596 -0.000250894 -0.000253762 -0.000254437 -0.000252068 -0.000245791 -0.000252057 -0.000256948 -0.000254588 -0.000251754 -0.000252434 -0.000257538 -0.000255091 -0.000248792 -0.000247445 -0.000248703 
0 1.09875e-05 2.14497e-05 3.17367e-05 4.93957e-05 6.03678e-05 7.3002e-05 7.85984e-05 8.86291e-05 9.79607e-05 0.000111286 0.000131039 0.000140992 0.000153189 0.000159367 0.000186904 0.000203282 0.000214707 0.00023465 0.000259287 0.000297367 0.000300306 0.000322179 0.000349635 0.000380097 0.000403086 0.000403256 0.000417767 0.000410852 0.000404258 0.000393131 0.000371914 0.00033819 0.000317649 0.000306581 0.000306789 0.000303773 0.000313956 0.000373047 0.000432507 0.000555118 0.000706578 0.000905075 0.00116725 0.00150118 0.00193446 0.00243217 0.00298886 0.00358782 0.00418291 0.00472183 0.00520254 0.00552671 0.0056866 0.00565596 0.00544842 0.00509632 0.00466631 0.00423987 0.00388044 0.00366914 0.00365816 0.00389526 0.00437486 0.00511571 0.00606853 0.00719453 0.00841323 0.00968642 0.0109003 0.0120056 0.012948 0.0136517 0.0140767 0.0142242 0.0140322 0.013516 0.012711 0.0115989 0.0102456 0.00871017 0.00701427 0.00521655 0.00339224 0.00155012 -0.000233591 -0.00191141 -0.00343579 -0.00477431 -0.00587113 -0.00673655 -0.00734561 -0.00768975 -0.00775507 -0.00760409 -0.00723493 -0.00665025 -0.00586389 -0.00494419 -0.00388305 -0.00271285 -0.00147851 -0.000246585 0.000990982 0.0021769 0.00326035 0.00420317 0.00502273 0.00565793 0.00607432 0.00624229 0.00617147 0.00581509 0.00518663 0.0042891 0.00313281 0.00173431 0.0001688 -0.00156736 -0.00341671 -0.00531791 -0.00725476 -0.00918586 -0.0110247 -0.0127698 -0.0143676 -0.0157584 -0.0169602 -0.0179424 -0.0186824 -0.0191983 -0.0194839 -0.0195019 -0.0192788 -0.01878 -0.0180022 -0.0169341 -0.0156134 -0.0140321 -0.0122618 -0.0103584 -0.00839533 -0.00644372 -0.00460325 -0.00293031 -0.00149594 -0.000344615 0.000505607 0.0010482 0.001352 0.00142132 0.00135012 0.00119242 0.000979269 0.000751563 0.000567118 0.000405116 0.000302857 0.000241123 0.000202666 0.000182191 0.000134178 0.000113272 7.12603e-05 1.92157e-05 -3.98698e-05 -0.000109853 -0.000190612 -0.000262073 -0.000318538 -0.000368074 -0.000421711 -0.000479017 -0.000498514 -0.000526042 -0.000533944 -0.000542874 -0.000546458 -0.000541397 -0.000543694 -0.00052323 -0.000523967 -0.000526162 -0.000527283 -0.000512622 -0.000502894 -0.000513774 -0.000516787 -0.000511173 -0.000497055 -0.000506399 -0.000509014 -0.000504015 -0.000494303 -0.000493813 -0.000506601 -0.000498619 -0.00049574 -0.000491404 -0.000499763 
0 1.55914e-05 3.17367e-05 4.09227e-05 6.44355e-05 7.79503e-05 9.9603e-05 0.00011509 0.000131877 0.000156327 0.000171099 0.000205545 0.000219702 0.000235982 0.000257806 0.000283459 0.000320034 0.000323306 0.000350626 0.000390278 0.000425653 0.000452335 0.000463688 0.000514267 0.000555009 0.000577532 0.000597532 0.000603779 0.000616135 0.000609818 0.000600511 0.000579852 0.000530613 0.00049684 0.000480178 0.000467551 0.000458363 0.000481575 0.000550594 0.00066898 0.000841551 0.00108383 0.00139481 0.00178063 0.00229731 0.00293816 0.00368347 0.00452124 0.00542117 0.00630482 0.00713828 0.00784136 0.0083469 0.00859815 0.00855799 0.0082793 0.00777352 0.00714941 0.00653177 0.00600041 0.00565885 0.00563957 0.00593965 0.00662576 0.00769168 0.0090676 0.0106941 0.0124756 0.0142945 0.0160457 0.0176334 0.018958 0.0199533 0.0205443 0.020717 0.0204184 0.0196803 0.0185035 0.0169312 0.0150041 0.0127976 0.0103478 0.00777551 0.00512435 0.00248911 -5.12624e-05 -0.00243231 -0.00461639 -0.00651653 -0.00812388 -0.00938376 -0.01027 -0.0107971 -0.0109848 -0.0107908 -0.0102503 -0.00942365 -0.00834332 -0.00701051 -0.00550145 -0.00387866 -0.00216584 -0.00039562 0.00133659 0.0029889 0.00453924 0.00592971 0.00706199 0.00792216 0.00848494 0.00870437 0.00854316 0.00801029 0.00707491 0.00577473 0.00412151 0.00214836 -0.000111751 -0.00258943 -0.00525343 -0.00800595 -0.0108088 -0.0135671 -0.016233 -0.0187425 -0.0210541 -0.023101 -0.0248863 -0.0263476 -0.0274942 -0.0283048 -0.0287697 -0.0288741 -0.0285976 -0.0279142 -0.0268186 -0.025283 -0.0233433 -0.02105 -0.018429 -0.0156288 -0.0127264 -0.00982684 -0.00707832 -0.00458658 -0.00241398 -0.000682656 0.000605674 0.00145452 0.00190871 0.00204496 0.00195159 0.00172714 0.00142162 0.00109863 0.000811071 0.000589218 0.000420404 0.000327043 0.000276945 0.000228844 0.00018266 0.000145782 9.76769e-05 3.27503e-05 -4.80801e-05 -0.000149017 -0.000259115 -0.000378273 -0.000461606 -0.000543501 -0.000639449 -0.00070834 -0.000762589 -0.000784342 -0.000804788 -0.000819568 -0.000813998 -0.000825924 -0.000812841 -0.000797042 -0.000791632 -0.000790595 -0.0007954 -0.000766162 -0.000757281 -0.00076801 -0.000772128 -0.000764003 -0.000744886 -0.000755791 -0.000763415 -0.000754837 -0.000744561 -0.000745158 -0.000757387 -0.00075253 -0.0007414 -0.000741162 -0.000750797 
0 2.66439e-05 4.93957e-05 6.44355e-05 8.97744e-05 0.000110911 0.000136533 0.000156493 0.000181188 0.000203411 0.000227246 0.000259828 0.000281602 0.000308957 0.000334118 0.00038481 0.000419818 0.000440497 0.000474516 0.000520856 0.000583415 0.000602885 0.000641039 0.000692581 0.000744386 0.000780078 0.000786182 0.000806471 0.00080346 0.000795435 0.00077834 0.00074271 0.000685877 0.0006486 0.000630589 0.000630963 0.000633596 0.000667311 0.000780571 0.000922794 0.00116854 0.00148643 0.00190048 0.00243864 0.00312709 0.00399827 0.00500458 0.0061273 0.00732729 0.00852016 0.00961584 0.0105747 0.0112488 0.011598 0.0115804 0.0112237 0.0105848 0.0097874 0.00897933 0.00828223 0.00784117 0.00776561 0.00813473 0.00896508 0.0102793 0.0120006 0.0140497 0.0162845 0.0186011 0.0208075 0.0227914 0.0244455 0.0256515 0.0263453 0.0265274 0.026125 0.0251664 0.0236992 0.0217131 0.0192961 0.0165382 0.0134892 0.0102568 0.00696501 0.0036671 0.000485863 -0.00249687 -0.00521006 -0.00760267 -0.00960629 -0.0112201 -0.0124014 -0.0131272 -0.0133709 -0.0131936 -0.0125985 -0.0116079 -0.0102632 -0.00866653 -0.00683805 -0.00483799 -0.00273142 -0.000607605 0.00152272 0.00357455 0.00546359 0.00711228 0.00850421 0.00954546 0.0101809 0.010369 0.0101215 0.00939438 0.00820688 0.00656745 0.00448899 0.00199542 -0.000819512 -0.00394059 -0.00727767 -0.0107253 -0.0142353 -0.0177256 -0.0210746 -0.0242635 -0.0272173 -0.0298534 -0.032184 -0.0341519 -0.0357136 -0.0368688 -0.0375878 -0.0378079 -0.0375435 -0.0367396 -0.0353832 -0.0334561 -0.0310079 -0.0280469 -0.0246804 -0.0210236 -0.0172132 -0.0133934 -0.00975215 -0.00642085 -0.00353437 -0.00119645 0.00055172 0.00170513 0.00236244 0.00256822 0.00247854 0.00220283 0.0018137 0.00139315 0.00103467 0.000731602 0.000529325 0.000407859 0.00033495 0.00028789 0.000211518 0.000167317 9.58925e-05 6.41679e-06 -9.81855e-05 -0.000224739 -0.000370277 -0.000507042 -0.000619404 -0.000722535 -0.000832445 -0.000937356 -0.000988592 -0.00103674 -0.00105797 -0.00107707 -0.00108619 -0.00108556 -0.00108551 -0.00105565 -0.00105217 -0.00105406 -0.00105365 -0.00102968 -0.00101587 -0.00103227 -0.00103759 -0.00102611 -0.00100411 -0.00101514 -0.00102043 -0.00101197 -0.000996852 -0.000996497 -0.0010117 -0.0010007 -0.00099385 -0.00098879 -0.00100268 
0 3.17626e-05 6.03678e-05 7.79503e-05 0.000110911 0.000137822 0.000170728 0.000200503 0.000230037 0.000263401 0.000288388 0.000327793 0.000352989 0.000382018 0.000419992 0.000467993 0.000519181 0.00054355 0.000591309 0.000658682 0.000726759 0.000774663 0.00081265 0.000880038 0.000936815 0.000968069 0.000982671 0.000987848 0.000988283 0.00097131 0.000946205 0.000905254 0.000843312 0.000803807 0.000795299 0.000802048 0.000820268 0.000882808 0.00101629 0.00122058 0.00151932 0.00192669 0.00245539 0.0031313 0.00401176 0.00510597 0.00637924 0.00780293 0.00931927 0.01082 0.0122204 0.0134124 0.0142764 0.0147296 0.0147291 0.014325 0.0135726 0.012621 0.0116491 0.0107963 0.010223 0.0100916 0.0104557 0.011383 0.0128776 0.0148573 0.017222 0.0198238 0.022493 0.0250492 0.0273399 0.0292249 0.030593 0.0313623 0.0315124 0.0309982 0.0298562 0.0281157 0.0258199 0.0230395 0.0198668 0.0163685 0.0126802 0.00889509 0.00512295 0.00147806 -0.00194992 -0.00509476 -0.0078665 -0.010224 -0.012116 -0.0135059 -0.0143921 -0.014779 -0.0146506 -0.0140362 -0.0129941 -0.0115698 -0.00980142 -0.00776909 -0.00555445 -0.00321123 -0.000807572 0.00155773 0.00381117 0.00589365 0.00772269 0.00920385 0.0102884 0.0109334 0.0110899 0.0107274 0.00983906 0.00841114 0.00647533 0.00405116 0.00117658 -0.00208978 -0.00567785 -0.00952014 -0.0135023 -0.0175575 -0.0215812 -0.025492 -0.0292273 -0.0327254 -0.0359091 -0.0387606 -0.0412058 -0.0432106 -0.044736 -0.0457386 -0.0461691 -0.0459914 -0.0451584 -0.0436445 -0.0414223 -0.038529 -0.0350157 -0.0309572 -0.026528 -0.0218749 -0.017177 -0.0126629 -0.0085155 -0.00488509 -0.00193496 0.000288664 0.00178883 0.00263955 0.0029523 0.00287852 0.00256731 0.00211736 0.00163029 0.00119533 0.00084796 0.000597196 0.000449725 0.000364262 0.000291093 0.000214488 0.000148229 6.63808e-05 -3.74869e-05 -0.000162422 -0.000311981 -0.000477908 -0.00064268 -0.000771409 -0.000892572 -0.00102414 -0.00113198 -0.00120956 -0.00125817 -0.00129712 -0.00132926 -0.00134319 -0.00136175 -0.00135481 -0.00133471 -0.0013272 -0.00132767 -0.00132745 -0.00129433 -0.00127924 -0.00128778 -0.00129071 -0.00127692 -0.00125652 -0.00126946 -0.0012803 -0.00127379 -0.0012608 -0.00126221 -0.00127433 -0.0012656 -0.00125223 -0.00124622 -0.00125394 
0 3.88663e-05 7.3002e-05 9.9603e-05 0.000136533 0.000170728 0.000206747 0.000241541 0.000276162 0.000313257 0.000348863 0.000392021 0.000428158 0.000466249 0.000512577 0.000570912 0.000625567 0.000664097 0.000719171 0.000793914 0.000870118 0.000922235 0.000970905 0.00103882 0.00110084 0.00113868 0.00115492 0.00116469 0.00116376 0.00114741 0.00111909 0.00107319 0.00101424 0.000979282 0.000978593 0.00100041 0.00103992 0.00112825 0.00129796 0.00155069 0.00191869 0.00241609 0.00306433 0.00390074 0.00497533 0.00630366 0.00784943 0.00957049 0.0113961 0.0132112 0.0149024 0.0163512 0.0174147 0.0179962 0.0180514 0.0176168 0.016773 0.0156818 0.0145385 0.0135187 0.0128082 0.0125729 0.0129057 0.0138659 0.0154587 0.0176032 0.0201782 0.0230152 0.0259287 0.0287107 0.0311895 0.0332165 0.0346665 0.0354611 0.0355743 0.034971 0.0336815 0.0317515 0.0292267 0.0261944 0.0227555 0.0189932 0.0150286 0.0109708 0.00691691 0.00298063 -0.000740128 -0.00416154 -0.00719957 -0.00979229 -0.0118969 -0.0134757 -0.0145146 -0.0150133 -0.01499 -0.0144669 -0.0134801 -0.0120737 -0.0103058 -0.008239 -0.00595167 -0.00352423 -0.00104949 0.00138666 0.00369535 0.00579409 0.00760424 0.00906236 0.0101049 0.010677 0.0107319 0.0102451 0.00919563 0.00758117 0.00542235 0.00274508 -0.000404449 -0.00395456 -0.007844 -0.0119936 -0.0163048 -0.0207094 -0.0251154 -0.0294306 -0.0335949 -0.037535 -0.041174 -0.0444789 -0.0473798 -0.0498199 -0.051751 -0.0531092 -0.0538203 -0.053832 -0.0530778 -0.0515118 -0.0491061 -0.0458876 -0.0419038 -0.0372597 -0.0321283 -0.0266962 -0.0211817 -0.0158426 -0.0109037 -0.00656312 -0.00299485 -0.000276855 0.00159062 0.00268995 0.00314324 0.00312829 0.00281223 0.00232208 0.00177937 0.00128743 0.000889364 0.000608219 0.000439385 0.000341061 0.000264082 0.000182946 0.000110344 2.12043e-05 -9.17224e-05 -0.000228678 -0.000393726 -0.000578886 -0.000759422 -0.00091137 -0.00105368 -0.00120152 -0.00133089 -0.00142407 -0.00149208 -0.001544 -0.00158581 -0.00161207 -0.00162987 -0.0016258 -0.00160452 -0.00159606 -0.00159852 -0.00159534 -0.00156773 -0.00155092 -0.00155606 -0.00155665 -0.00153997 -0.00152155 -0.00152973 -0.00153804 -0.00153014 -0.00151461 -0.00151402 -0.00152302 -0.0015158 -0.00150534 -0.0015014 -0.00150964 
0 4.1545e-05 7.85984e-05 0.00011509 0.000156493 0.000200503 0.000241541 0.000281635 0.000322297 0.000364673 0.00041405 0.000462024 0.000510555 0.00055823 0.000612116 0.000680201 0.000736592 0.000791044 0.000851895 0.000929549 0.00100967 0.00106238 0.00112092 0.00118406 0.00124743 0.00129056 0.00130815 0.00132563 0.00132739 0.00132014 0.00129704 0.00125422 0.00120576 0.00117778 0.00118277 0.00121679 0.00127802 0.00139448 0.00160637 0.00191671 0.00236704 0.00296823 0.00375042 0.00476234 0.00604074 0.0076093 0.00943218 0.0114547 0.0135928 0.0157296 0.01772 0.0194378 0.020716 0.0214453 0.0215796 0.0211348 0.0202175 0.0189948 0.0176731 0.0164651 0.0155832 0.0151934 0.0154358 0.0163576 0.0179643 0.0201745 0.0228452 0.0257888 0.0288107 0.031687 0.0342366 0.0363116 0.0377782 0.0385644 0.0386342 0.0379677 0.036585 0.0345502 0.0319098 0.0287643 0.0252136 0.0213585 0.0172978 0.0131564 0.00901556 0.00498388 0.00115525 -0.00237763 -0.00554685 -0.00826912 -0.0105102 -0.012234 -0.0134212 -0.0140608 -0.0141912 -0.0138256 -0.0129883 -0.0117202 -0.0100965 -0.00816352 -0.00599602 -0.00368742 -0.00134407 0.000964316 0.00314052 0.00509224 0.00674155 0.00804643 0.00893114 0.00934182 0.00923743 0.00859881 0.00739064 0.00562783 0.0033214 0.000505278 -0.00277472 -0.00644187 -0.0104532 -0.0147232 -0.019179 -0.0237502 -0.0283651 -0.0329259 -0.0373798 -0.0416434 -0.0456454 -0.0493324 -0.0526448 -0.0555043 -0.0578571 -0.0596197 -0.0606916 -0.060995 -0.0604349 -0.0589343 -0.0564581 -0.053019 -0.0486609 -0.0435248 -0.0377779 -0.0316493 -0.0253939 -0.0192918 -0.0136052 -0.00858124 -0.00439805 -0.00117092 0.00109272 0.00247919 0.00311494 0.00319935 0.00291249 0.00241079 0.00183365 0.00129826 0.000855736 0.000548003 0.000357546 0.000246932 0.000171828 9.50242e-05 2.67629e-05 -5.77768e-05 -0.000167091 -0.000305399 -0.000476648 -0.000674618 -0.00086683 -0.00104393 -0.00121013 -0.0013741 -0.00152628 -0.00163433 -0.00172198 -0.00178482 -0.00183455 -0.00187419 -0.00189127 -0.00189453 -0.00187663 -0.00186984 -0.00187416 -0.00186649 -0.00184615 -0.00182761 -0.00182771 -0.00182514 -0.00180625 -0.00179033 -0.00179125 -0.00179445 -0.00178601 -0.00177049 -0.00176897 -0.00177535 -0.00177065 -0.00176396 -0.00176108 -0.00176757 
0 4.44611e-05 8.86291e-05 0.000131877 0.000181188 0.000230037 0.000276162 0.000322297 0.000365039 0.000420783 0.000474709 0.000533058 0.000590126 0.000643058 0.000714357 0.000778088 0.000852258 0.000914837 0.000986565 0.00107538 0.00114573 0.00122267 0.00127623 0.00134529 0.00140539 0.00143998 0.00146769 0.00146942 0.00147813 0.00147095 0.00145039 0.00141636 0.00138305 0.00136677 0.00139189 0.00144293 0.00153828 0.00170576 0.00195467 0.00235357 0.00288179 0.00360225 0.00453426 0.00572298 0.00722684 0.009042 0.0111524 0.0134916 0.0159581 0.0184181 0.0207392 0.0227192 0.0242309 0.0251185 0.0253302 0.0248882 0.0238975 0.0225343 0.0210269 0.0196119 0.0185097 0.0179358 0.018004 0.0188088 0.0203286 0.022485 0.0251164 0.0280514 0.031039 0.0339 0.0364306 0.0384676 0.0399036 0.0406627 0.0406814 0.0399804 0.0385804 0.0365173 0.0338939 0.0307838 0.0272777 0.0234864 0.0195196 0.0154511 0.0114068 0.00746534 0.00371555 0.000224738 -0.00291592 -0.0056725 -0.00797176 -0.00978823 -0.0111073 -0.0119473 -0.0122647 -0.0121001 -0.0115 -0.0105124 -0.00914801 -0.00751122 -0.00567704 -0.00371647 -0.00168354 0.000286154 0.00212521 0.0037692 0.00515102 0.00615727 0.00676629 0.00693088 0.00661751 0.00577916 0.00443234 0.00255687 0.000186219 -0.00265111 -0.00590545 -0.0095549 -0.0135112 -0.017735 -0.0221685 -0.0267379 -0.0313714 -0.0360302 -0.0406173 -0.0450743 -0.049348 -0.053348 -0.0570158 -0.0602872 -0.0630656 -0.0652525 -0.0667559 -0.0674202 -0.0671492 -0.0658273 -0.0633979 -0.0598415 -0.0552434 -0.0497054 -0.0434509 -0.0367167 -0.0297954 -0.0229924 -0.0166166 -0.010928 -0.00615142 -0.00241284 0.000279412 0.0019674 0.00283698 0.00305533 0.00283437 0.00235614 0.00177813 0.00120871 0.000752658 0.000415742 0.000210518 9.749e-05 1.02904e-05 -4.32819e-05 -0.000118047 -0.000191846 -0.00029358 -0.00043144 -0.00060238 -0.000797385 -0.000998489 -0.00118428 -0.00136535 -0.0015448 -0.00169676 -0.00183573 -0.0019251 -0.00200752 -0.00206871 -0.00211336 -0.00215053 -0.00215011 -0.00215343 -0.00214552 -0.00214765 -0.00214016 -0.00211801 -0.00210556 -0.00209673 -0.00209398 -0.00207771 -0.00206579 -0.00206165 -0.00206147 -0.00205337 -0.00204159 -0.00203892 -0.00203817 -0.00203742 -0.00202779 -0.00202686 -0.00202657 
0 5.12521e-05 9.79607e-05 0.000156327 0.000203411 0.000263401 0.000313257 0.000364673 0.000420783 0.00047307 0.000543484 0.000597766 0.00066551 0.000730875 0.000802242 0.000887569 0.000955164 0.00104481 0.00112377 0.00121094 0.00129771 0.00136669 0.00144693 0.00150371 0.00156176 0.00160178 0.00161468 0.00162198 0.00161429 0.00160781 0.00158734 0.00155748 0.00154383 0.00155653 0.00160295 0.00169804 0.00184737 0.00206685 0.00239615 0.00285882 0.00349668 0.00433288 0.00541416 0.00680708 0.00853451 0.0106163 0.0130341 0.0157009 0.0185061 0.0213226 0.0239536 0.0262349 0.0279691 0.0290152 0.0293161 0.0288572 0.0277804 0.0262698 0.0245466 0.0228945 0.0215633 0.0207259 0.0205792 0.0211657 0.0224803 0.0244544 0.0269282 0.0297046 0.0325802 0.0353323 0.0377653 0.0397277 0.0410922 0.0417941 0.041789 0.041098 0.0397307 0.0377649 0.035261 0.0323107 0.0290022 0.0254486 0.0217086 0.0179092 0.0141177 0.010414 0.00687871 0.00359514 0.000590068 -0.00206324 -0.00434895 -0.00623608 -0.00768493 -0.00866501 -0.00922291 -0.00936204 -0.00908378 -0.00843601 -0.00752025 -0.00636061 -0.00500302 -0.00354629 -0.0020784 -0.000620355 0.000743212 0.00191197 0.00281797 0.00343922 0.00369448 0.00353079 0.00293033 0.00189638 0.000404193 -0.00151306 -0.00386433 -0.00662616 -0.00976645 -0.0132363 -0.0170201 -0.0210447 -0.0252857 -0.0296832 -0.0342035 -0.038778 -0.0433665 -0.0478976 -0.0523237 -0.0565593 -0.0605527 -0.0641965 -0.0674001 -0.0700416 -0.0719753 -0.0730593 -0.0731433 -0.0720854 -0.0698143 -0.0662907 -0.0615509 -0.0557651 -0.0490999 -0.0418536 -0.0343557 -0.0269236 -0.0199032 -0.0136167 -0.00826303 -0.00401841 -0.00091202 0.00113163 0.00224666 0.00264797 0.00253428 0.00211438 0.00156225 0.00100574 0.00053455 0.0002054 -7.27603e-06 -0.000129646 -0.000196761 -0.00025495 -0.000313963 -0.00038593 -0.000480969 -0.000609291 -0.000772741 -0.000958885 -0.0011434 -0.00133443 -0.00151835 -0.00169048 -0.00186362 -0.00200134 -0.0021223 -0.00221381 -0.00228659 -0.00235731 -0.00238771 -0.00241502 -0.00242094 -0.00242249 -0.00242553 -0.00240648 -0.00239973 -0.00238102 -0.00237292 -0.00236754 -0.00235348 -0.00234823 -0.00233542 -0.00233271 -0.00232693 -0.00232033 -0.00231729 -0.00231139 -0.00230871 -0.00230046 -0.00229528 -0.0022889 
0 5.43633e-05 0.000111286 0.000171099 0.000227246 0.000288388 0.000348863 0.00041405 0.000474709 0.000543484 0.000613065 0.000681318 0.000754357 0.000823569 0.000912005 0.000985508 0.00107192 0.00116242 0.00125138 0.00134715 0.00141923 0.00151399 0.00158391 0.00164633 0.00169826 0.00172963 0.00175763 0.00175113 0.00175291 0.00174998 0.00173858 0.00172907 0.00174527 0.00178383 0.00186922 0.00199735 0.00220045 0.00249414 0.00287939 0.00345351 0.00419 0.00516904 0.00642608 0.00801965 0.00999725 0.0123522 0.0150815 0.0180954 0.0212626 0.024428 0.0274172 0.0299722 0.0319416 0.0331394 0.033499 0.0330226 0.0318481 0.0301628 0.0282154 0.026298 0.0246569 0.0235223 0.0230424 0.0233202 0.0243326 0.0260191 0.0282181 0.0307701 0.0334133 0.035987 0.0382771 0.0401141 0.0414022 0.0420763 0.0420624 0.0414248 0.0401825 0.0383731 0.0361132 0.0334598 0.0304778 0.0272771 0.0239369 0.0205118 0.0171161 0.0137987 0.0106213 0.0076219 0.00486338 0.00235756 0.000166524 -0.00169612 -0.00321394 -0.00440393 -0.00520616 -0.00566359 -0.00581227 -0.00569103 -0.00529723 -0.00472792 -0.00403134 -0.00326052 -0.00242988 -0.00165368 -0.000974752 -0.000433915 -7.3584e-05 -2.67394e-06 -0.000220264 -0.000760597 -0.00163687 -0.0028854 -0.00447676 -0.00643078 -0.00871896 -0.0113282 -0.0142343 -0.0174549 -0.0209231 -0.0246317 -0.0285652 -0.0326637 -0.0368984 -0.0412768 -0.0457197 -0.0502014 -0.0546995 -0.0590936 -0.0633305 -0.067318 -0.0709117 -0.0739757 -0.0763807 -0.0778985 -0.0783903 -0.0776754 -0.0756494 -0.0722377 -0.0675092 -0.0615642 -0.0546311 -0.046996 -0.0390177 -0.0310461 -0.0234663 -0.0166103 -0.0107308 -0.0060044 -0.00246526 -8.88712e-05 0.00132168 0.00192812 0.00196224 0.00164703 0.00116438 0.000633134 0.000193464 -0.000138248 -0.000347452 -0.000458162 -0.00052552 -0.000541521 -0.00058992 -0.000630712 -0.000699192 -0.000810868 -0.000954236 -0.00111938 -0.00129691 -0.00148072 -0.0016659 -0.00184236 -0.00200494 -0.00217291 -0.00229519 -0.00241274 -0.00250467 -0.00258231 -0.00264234 -0.00266895 -0.00270515 -0.00270943 -0.00270919 -0.00269489 -0.00268226 -0.00267173 -0.00264967 -0.00264092 -0.0026303 -0.00262476 -0.002609 -0.00260048 -0.0025976 -0.00259659 -0.00259318 -0.0025825 -0.00258156 -0.00257297 -0.00256871 -0.0025572 
0 6.63759e-05 0.000131039 0.000205545 0.000259828 0.000327793 0.000392021 0.000462024 0.000533058 0.000597766 0.000681318 0.000751204 0.000836042 0.000921835 0.0010137 0.00110666 0.00119084 0.00130006 0.00139339 0.00148056 0.00155621 0.00163548 0.00171386 0.00175997 0.00180487 0.00184278 0.00187044 0.00187852 0.00188265 0.00189363 0.00190039 0.00191639 0.00196595 0.00204889 0.00216781 0.0023498 0.00261759 0.00297953 0.00346179 0.00412545 0.00499776 0.00612903 0.00757665 0.00940987 0.0116531 0.014308 0.0173726 0.0207376 0.0242624 0.0277894 0.0310918 0.0339365 0.0361141 0.0374523 0.037873 0.037359 0.0360617 0.0341816 0.0319571 0.0297131 0.0277189 0.0261812 0.0253056 0.0251742 0.0257847 0.0270909 0.0289501 0.0311823 0.0335698 0.0359176 0.0380228 0.0397265 0.0409317 0.0415785 0.0416241 0.0411184 0.0400731 0.0385428 0.0366082 0.03433 0.0317791 0.0290556 0.0262032 0.0232998 0.0204054 0.017554 0.0147969 0.0121821 0.00972818 0.00746762 0.00541856 0.0035952 0.00202085 0.000700279 -0.000385272 -0.00125135 -0.00188955 -0.00232621 -0.00261478 -0.0027689 -0.00280226 -0.00279285 -0.00278677 -0.00280324 -0.00289012 -0.00310384 -0.00346864 -0.00400274 -0.0047346 -0.00569831 -0.0069021 -0.00835003 -0.010046 -0.0119807 -0.0141617 -0.0165827 -0.0192275 -0.0220971 -0.0251851 -0.0284745 -0.0319807 -0.0356762 -0.0395589 -0.0436228 -0.0478341 -0.052168 -0.0566077 -0.0610616 -0.065475 -0.069734 -0.0736884 -0.0771774 -0.0800184 -0.0819918 -0.0829057 -0.0825664 -0.0808463 -0.0776524 -0.0730093 -0.067049 -0.0599544 -0.0520477 -0.0437115 -0.0353065 -0.0272528 -0.0199213 -0.0135587 -0.00837331 -0.00442492 -0.00166638 4.62897e-05 0.00090483 0.00112325 0.00093943 0.000548038 8.05305e-05 -0.000327789 -0.000624939 -0.000815607 -0.00091004 -0.000934637 -0.000925631 -0.000928017 -0.000937652 -0.000973227 -0.0010524 -0.00117031 -0.00130824 -0.00146422 -0.001644 -0.00182707 -0.00199628 -0.00217051 -0.00233782 -0.00248409 -0.00261047 -0.00271396 -0.00280917 -0.0028649 -0.00291511 -0.00295775 -0.00297755 -0.00298465 -0.00297362 -0.00298259 -0.00297223 -0.00295191 -0.00293555 -0.00292398 -0.00291901 -0.00289068 -0.00287481 -0.00286522 -0.00286227 -0.00285412 -0.00283867 -0.00284032 -0.00283845 -0.00284023 -0.00283311 
0 6.85436e-05 0.000140992 0.000219702 0.000281602 0.000352989 0.000428158 0.000510555 0.000590126 0.00066551 0.000754357 0.000836042 0.000929566 0.00102568 0.00112566 0.00121993 0.00131301 0.00142666 0.0015267 0.00161278 0.001684 0.00176598 0.00183947 0.00187895 0.00191321 0.00194738 0.00197972 0.0019917 0.00200508 0.00203248 0.00206477 0.00211721 0.00221038 0.00233793 0.00250542 0.00274172 0.00308129 0.003532 0.00411549 0.00490532 0.00592809 0.00724274 0.00891194 0.0110015 0.0135357 0.0165121 0.0199232 0.0236569 0.0275533 0.0314317 0.0350532 0.0381519 0.0405127 0.0419569 0.042395 0.0418166 0.0403691 0.0382516 0.0357135 0.0330826 0.0306404 0.0286227 0.0272421 0.0266134 0.0267514 0.0276167 0.0290778 0.0309607 0.0330395 0.0351336 0.0370472 0.0386243 0.0397834 0.0404679 0.0406307 0.0403223 0.039556 0.0383713 0.0368515 0.0350472 0.0330127 0.0308346 0.0285544 0.0262199 0.0238856 0.0215732 0.0193096 0.0171181 0.0150184 0.0130258 0.0111586 0.00941858 0.0078034 0.00630387 0.00492871 0.00365608 0.00248314 0.00140631 0.000414615 -0.000514097 -0.00139006 -0.00225265 -0.00311488 -0.00401028 -0.00496707 -0.00599836 -0.00710779 -0.00832137 -0.00963389 -0.0110542 -0.0125883 -0.0142496 -0.0160406 -0.0179685 -0.0200322 -0.0222306 -0.0245659 -0.0270604 -0.0297135 -0.032542 -0.0355776 -0.0388105 -0.0422587 -0.0459439 -0.0498402 -0.0539455 -0.0582557 -0.0626843 -0.0671802 -0.0716348 -0.0758787 -0.0797347 -0.082999 -0.0854097 -0.0867503 -0.0868033 -0.085412 -0.0824714 -0.0779996 -0.0721045 -0.0649763 -0.0569313 -0.0483569 -0.0396355 -0.0312056 -0.0234593 -0.016673 -0.0110661 -0.00671957 -0.00360175 -0.00156913 -0.000446967 -1.50705e-05 -3.01345e-05 -0.000296049 -0.000672786 -0.001016 -0.00127137 -0.00143028 -0.0014934 -0.00148029 -0.00142227 -0.00137651 -0.00133675 -0.00132569 -0.00136427 -0.00144178 -0.00154327 -0.00167348 -0.00183721 -0.0020101 -0.00216987 -0.00233525 -0.00250464 -0.00265489 -0.00279201 -0.00290956 -0.00301451 -0.00308635 -0.00315015 -0.00321218 -0.00324419 -0.00325538 -0.00325515 -0.00327142 -0.00326805 -0.00324267 -0.00322078 -0.00321147 -0.00320711 -0.00317997 -0.00316099 -0.00315322 -0.00315112 -0.00314011 -0.00312254 -0.00312205 -0.00312185 -0.00312069 -0.00311026 
0 7.08601e-05 0.000153189 0.000235982 0.000308957 0.000382018 0.000466249 0.00055823 0.000643058 0.000730875 0.000823569 0.000921835 0.00102568 0.00113148 0.001241 0.00133536 0.00143987 0.00155169 0.00165479 0.00173808 0.00180318 0.00189063 0.00195802 0.00199743 0.00202438 0.00205595 0.00209489 0.00210999 0.00213303 0.00217327 0.00223009 0.0023196 0.00245972 0.0026405 0.00287511 0.00318849 0.00362368 0.00418974 0.00489682 0.00583407 0.00702324 0.00853951 0.0104502 0.0128155 0.0156645 0.0189867 0.0227613 0.0268729 0.031141 0.0353538 0.0392697 0.0425871 0.0450941 0.0466042 0.047016 0.0463299 0.0446801 0.0422654 0.0393512 0.0362669 0.0333081 0.0307501 0.0288023 0.0276173 0.0272252 0.0275956 0.0286114 0.0301143 0.0318747 0.0337273 0.0354817 0.0369818 0.0381533 0.0389388 0.0392897 0.0392465 0.0388281 0.0380539 0.0370088 0.0357327 0.0342703 0.0326849 0.0310201 0.0292861 0.0275332 0.0257696 0.0240128 0.0222654 0.0205493 0.0188428 0.0171571 0.0154825 0.0138135 0.0121262 0.0104498 0.00876067 0.00705769 0.00533958 0.00362412 0.00188728 0.00013565 -0.00164206 -0.00342411 -0.00523846 -0.00708153 -0.00894445 -0.0108124 -0.0127125 -0.014611 -0.0165095 -0.018405 -0.0203079 -0.022203 -0.0241214 -0.026062 -0.0280409 -0.0300724 -0.0321976 -0.0344135 -0.0367717 -0.0393125 -0.0420553 -0.0450354 -0.0483032 -0.0518384 -0.0556626 -0.0597772 -0.0641105 -0.0686112 -0.0731798 -0.0776324 -0.081778 -0.0853974 -0.0881939 -0.0899313 -0.0903709 -0.0893277 -0.0866828 -0.082449 -0.0766983 -0.069636 -0.0615616 -0.0528614 -0.0439383 -0.0352404 -0.0271692 -0.0200361 -0.014063 -0.00935199 -0.00589355 -0.0035426 -0.00214884 -0.00148314 -0.00130373 -0.0014136 -0.00166495 -0.00190777 -0.00209278 -0.00219374 -0.00220599 -0.00214605 -0.00203241 -0.00193616 -0.0018436 -0.00178221 -0.00177095 -0.00179383 -0.00184243 -0.00193025 -0.00206015 -0.00220917 -0.0023539 -0.00250391 -0.00267414 -0.00282511 -0.00297323 -0.00310474 -0.00321539 -0.00330508 -0.00337775 -0.0034566 -0.00349745 -0.00351113 -0.00352379 -0.00354554 -0.00355372 -0.00352897 -0.0035085 -0.00350594 -0.00350475 -0.00348432 -0.00346381 -0.00345742 -0.00345398 -0.00343897 -0.00341911 -0.00341377 -0.0034121 -0.00340545 -0.00339051 
0 7.52724e-05 0.000159367 0.000257806 0.000334118 0.000419992 0.000512577 0.000612116 0.000714357 0.000802242 0.000912005 0.0010137 0.00112566 0.001241 0.00134219 0.00145404 0.001549 0.00166681 0.00176628 0.00183739 0.00191542 0.00198774 0.00206805 0.00210093 0.00212539 0.00216649 0.00220459 0.00224275 0.00227797 0.00234074 0.00243227 0.0025674 0.00275636 0.00300801 0.00330892 0.00371881 0.00426214 0.00494424 0.00581245 0.00689554 0.00828865 0.0100291 0.0122051 0.0148792 0.0180617 0.021747 0.0259004 0.0303865 0.0350104 0.0395518 0.0437073 0.0472211 0.0498193 0.0513408 0.051676 0.0508215 0.0489003 0.0461313 0.0427704 0.0391635 0.0356464 0.0324801 0.0299372 0.0281569 0.0272007 0.027045 0.0276065 0.0286985 0.0301676 0.0318077 0.0334529 0.034957 0.0362259 0.0371787 0.0377991 0.0380834 0.0380498 0.0377451 0.0372106 0.0364885 0.0356233 0.0346544 0.0335865 0.0324623 0.0312817 0.0300531 0.0287771 0.0274705 0.0260964 0.0246598 0.0231269 0.0214912 0.0197374 0.0178855 0.0158955 0.0137849 0.0115687 0.00925702 0.00680606 0.00427067 0.00167426 -0.000981627 -0.00370204 -0.00640908 -0.00910073 -0.0117669 -0.0143975 -0.0169408 -0.0194104 -0.0217826 -0.0240527 -0.0261974 -0.0282378 -0.0301611 -0.0320104 -0.0338034 -0.0355737 -0.0373422 -0.0391715 -0.0410868 -0.0431491 -0.045412 -0.0479348 -0.0507556 -0.0539203 -0.0574432 -0.0613166 -0.0655127 -0.0699578 -0.0745437 -0.0791079 -0.0834515 -0.087312 -0.0904346 -0.0925131 -0.0933109 -0.0926129 -0.0902934 -0.0863159 -0.0807875 -0.0738582 -0.0658501 -0.0571369 -0.0481221 -0.039263 -0.0309753 -0.0235736 -0.0173012 -0.0122894 -0.00850413 -0.00587281 -0.0042019 -0.00329506 -0.00290708 -0.00283808 -0.00292899 -0.00305656 -0.00313618 -0.00315963 -0.0031091 -0.00296765 -0.00280287 -0.00262015 -0.00246481 -0.00233691 -0.00225318 -0.0022121 -0.00219521 -0.00222726 -0.00231634 -0.00243078 -0.0025477 -0.00268928 -0.00283561 -0.00299951 -0.00314694 -0.00328989 -0.00341875 -0.00351018 -0.0036159 -0.00369765 -0.00375798 -0.00378008 -0.00379609 -0.00383526 -0.00383976 -0.00382595 -0.00380259 -0.00380054 -0.00380305 -0.00378006 -0.00376326 -0.00375331 -0.00375058 -0.00373558 -0.00371473 -0.00370856 -0.00370357 -0.00369473 -0.00367757 
0 8.19079e-05 0.000186904 0.000283459 0.00038481 0.000467993 0.000570912 0.000680201 0.000778088 0.000887569 0.000985508 0.00110666 0.00121993 0.00133536 0.00145404 0.00155251 0.00166971 0.00177166 0.00187065 0.00194313 0.00200631 0.00209212 0.00215237 0.00219357 0.00221589 0.00225728 0.00231565 0.00237083 0.00243739 0.00253429 0.00267273 0.00286562 0.00312812 0.00344344 0.00384452 0.00434815 0.00500441 0.00583152 0.00684302 0.00812496 0.00972739 0.011733 0.0142188 0.017227 0.0207748 0.0248493 0.0293712 0.0342232 0.0391825 0.0439829 0.0483594 0.0519825 0.0546238 0.0560957 0.0562791 0.0551902 0.0529417 0.0497323 0.0458748 0.0416989 0.0375515 0.0337694 0.0305845 0.0281897 0.0266622 0.0259868 0.0260846 0.0268289 0.0280264 0.0295185 0.0311325 0.0327101 0.0341445 0.0353628 0.0363054 0.0369723 0.0373919 0.0375725 0.0375686 0.0374177 0.0371325 0.036735 0.0362615 0.0356884 0.0350372 0.0343106 0.0334872 0.0325336 0.0314524 0.030203 0.0287788 0.0271606 0.0253297 0.0232619 0.020991 0.018504 0.0157848 0.0128524 0.00977035 0.00652022 0.00311536 -0.00037448 -0.00388075 -0.0074114 -0.0109174 -0.0143364 -0.0176301 -0.0208043 -0.0238098 -0.0266225 -0.0292311 -0.0316373 -0.0338245 -0.0358275 -0.0376441 -0.0393013 -0.0408524 -0.0423548 -0.0438318 -0.0453717 -0.0470295 -0.0488641 -0.0509546 -0.0533803 -0.0561719 -0.0593813 -0.0630129 -0.0670224 -0.0713496 -0.0758918 -0.0804761 -0.084903 -0.0889369 -0.0922687 -0.0946216 -0.0957224 -0.0953327 -0.0933114 -0.0896301 -0.0843261 -0.0776067 -0.0697458 -0.061104 -0.0521174 -0.0432114 -0.0347984 -0.027231 -0.0207354 -0.0154534 -0.0114101 -0.00848994 -0.00657091 -0.00542506 -0.00482232 -0.00457316 -0.00449947 -0.00448096 -0.00445136 -0.00436753 -0.00421435 -0.00399347 -0.00371749 -0.00345155 -0.00319753 -0.00298478 -0.00282568 -0.00269961 -0.00261932 -0.00259258 -0.00262942 -0.00270224 -0.00279157 -0.00289496 -0.00303173 -0.00317426 -0.00332644 -0.00347648 -0.00359877 -0.00372123 -0.00382564 -0.00393735 -0.00400953 -0.00404295 -0.00408481 -0.00411771 -0.00414629 -0.00413055 -0.00411456 -0.00411393 -0.00410308 -0.00408597 -0.00405322 -0.00404271 -0.0040333 -0.00401617 -0.00400167 -0.0039894 -0.00399181 -0.00398246 -0.00397379 
0 9.67568e-05 0.000203282 0.000320034 0.000419818 0.000519181 0.000625567 0.000736592 0.000852258 0.000955164 0.00107192 0.00119084 0.00131301 0.00143987 0.001549 0.00166971 0.001777 0.00188826 0.00198188 0.0020426 0.00211745 0.00217748 0.00224127 0.00227349 0.00229736 0.00235331 0.00241947 0.00251021 0.00261035 0.00274738 0.00294369 0.0032077 0.00354026 0.00395568 0.00444929 0.0050815 0.00587356 0.00684616 0.00806103 0.00953756 0.0114022 0.013702 0.016525 0.0199073 0.0238454 0.0283114 0.0332136 0.0383987 0.043637 0.0486641 0.0531504 0.0568339 0.0594291 0.060769 0.0607338 0.0593388 0.0566759 0.0529844 0.0485629 0.0437673 0.0389889 0.0345415 0.0307235 0.0277126 0.0256151 0.0244372 0.0241417 0.024565 0.0256011 0.0270283 0.0286828 0.0304113 0.0320837 0.0335941 0.0349334 0.0360464 0.0369458 0.0376607 0.0381913 0.0385651 0.038816 0.0389555 0.0389815 0.0389183 0.0387347 0.0384131 0.0379234 0.0372683 0.0363858 0.0352746 0.0338959 0.0322416 0.0302897 0.02806 0.0254902 0.0226186 0.0194592 0.0160322 0.0123236 0.00842812 0.00438496 0.000240655 -0.00400364 -0.00823304 -0.0124011 -0.0164657 -0.0203958 -0.0240935 -0.0275695 -0.0307821 -0.0337268 -0.0363808 -0.0387618 -0.0408456 -0.0426874 -0.0443025 -0.0457364 -0.0470252 -0.0482652 -0.0495086 -0.0508379 -0.0523463 -0.0541107 -0.0561848 -0.05866 -0.0615714 -0.0649192 -0.0687264 -0.0729027 -0.0773417 -0.0818946 -0.086348 -0.0904256 -0.0938925 -0.0964048 -0.0977161 -0.0975748 -0.0958284 -0.0923998 -0.0873665 -0.0808685 -0.0732078 -0.064729 -0.055851 -0.0470038 -0.0385824 -0.030931 -0.0242871 -0.0188121 -0.0145136 -0.011366 -0.00919758 -0.00783143 -0.00703589 -0.00660775 -0.0063647 -0.00620414 -0.00602986 -0.00581758 -0.00554681 -0.00519352 -0.00482346 -0.00442755 -0.00407801 -0.00377061 -0.00351068 -0.00330429 -0.00314152 -0.00304683 -0.00302437 -0.00304381 -0.0030901 -0.00316464 -0.00325617 -0.00339193 -0.00352436 -0.0036671 -0.0037941 -0.00390509 -0.00403635 -0.00414331 -0.00423952 -0.00429471 -0.00434513 -0.00440278 -0.00442934 -0.00443775 -0.00442603 -0.00442551 -0.00441896 -0.00439234 -0.00436508 -0.00434282 -0.00433216 -0.00431618 -0.00429817 -0.0042889 -0.00428337 -0.00427951 -0.00427329 
0 9.9508e-05 0.000214707 0.000323306 0.000440497 0.00054355 0.000664097 0.000791044 0.000914837 0.00104481 0.00116242 0.00130006 0.00142666 0.00155169 0.00166681 0.00177166 0.00188826 0.0019828 0.00206941 0.00213071 0.00219621 0.00226178 0.0023137 0.00235857 0.00239525 0.00246388 0.00255299 0.00267473 0.00281594 0.00300335 0.00326368 0.00360351 0.00403032 0.00453419 0.00515512 0.00591808 0.00686231 0.00802377 0.00944605 0.0111851 0.0133369 0.0159757 0.0191742 0.0229454 0.0272752 0.0321321 0.0373732 0.0428576 0.0483348 0.0535074 0.0580689 0.0617128 0.0641842 0.0652989 0.0649426 0.0631472 0.0600159 0.0557734 0.0507706 0.0453503 0.0399116 0.0348191 0.0303601 0.0267492 0.0241263 0.0225174 0.021884 0.0221062 0.0230397 0.0244799 0.0262518 0.028196 0.0301605 0.0320543 0.0338223 0.0354061 0.0368095 0.0380334 0.0390717 0.0399569 0.0406916 0.0412814 0.0417404 0.0420562 0.0422094 0.0421916 0.0419565 0.0414734 0.0407086 0.0396482 0.0382671 0.0365433 0.0344553 0.0319999 0.029164 0.0259701 0.0224119 0.018527 0.0143827 0.0100045 0.00540892 0.000706204 -0.00404654 -0.00881052 -0.0135195 -0.0180974 -0.0224953 -0.0266512 -0.0305379 -0.0341091 -0.0373468 -0.0402456 -0.0428107 -0.0450447 -0.0469665 -0.0485911 -0.0499829 -0.0511944 -0.0522966 -0.0533768 -0.0545154 -0.0557959 -0.0573145 -0.0591375 -0.0613492 -0.0640043 -0.0671198 -0.0707071 -0.0747058 -0.0790074 -0.0834673 -0.0878662 -0.0919433 -0.0954297 -0.0980163 -0.0994372 -0.0994478 -0.0978959 -0.0947033 -0.089905 -0.0836655 -0.0762436 -0.0679668 -0.0592742 -0.0505545 -0.0422012 -0.0345651 -0.027867 -0.0222647 -0.0178111 -0.0144562 -0.0120861 -0.0105118 -0.00952182 -0.00892324 -0.00851278 -0.00820079 -0.0078913 -0.00753915 -0.00712869 -0.00665253 -0.00613782 -0.00561859 -0.00513799 -0.00471393 -0.0043458 -0.00402686 -0.00377796 -0.00359648 -0.00349693 -0.00345093 -0.00344652 -0.00346953 -0.0035271 -0.00363021 -0.00375017 -0.00388391 -0.00399892 -0.00412398 -0.00424667 -0.00436505 -0.00446453 -0.00453097 -0.00459954 -0.00465008 -0.00469604 -0.00471095 -0.00471572 -0.00472524 -0.0047209 -0.00471414 -0.00468811 -0.00467486 -0.0046631 -0.00464759 -0.0046325 -0.00461026 -0.00460065 -0.00458466 -0.00457468 
