0 0 0 0 0 0 0 0 0 0 0 0 0 0 0 0 0 0 0 0 0 0 0 0 0 0 0 0 0 0 0 0 0 0 0 0 0 0 0 0 0 0 0 0 0 0 0 0 0 0 0 0 0 0 0 0 0 0 0 0 0 0 0 0 0 0 0 0 0 0 0 0 0 0 0 0 0 0 0 0 0 0 0 0 0 0 0 0 0 0 0 0 0 0 0 0 0 0 0 0 0 0 0 0 0 0 0 0 0 0 0 0 0 0 0 0 0 0 0 0 0 0 0 0 0 0 0 0 0 0 0 0 0 0 0 0 0 0 0 0 0 0 0 0 0 0 0 0 0 0 0 0 0 0 0 0 0 0 0 0 0 0 0 0 0 0 0 0 0 0 0 0 0 0 0 0 0 0 0 0 0 0 0 0 0 0 0 0 0 0 0 0 0 0 0 0 0 0 0 0 
0 1.52672e-05 2.4945e-05 4.94643e-05 6.91698e-05 0.000109821 0.000152208 0.000199483 0.000263354 0.000323324 0.000405014 0.000490634 0.000597992 0.000734623 0.000883236 0.00106706 0.00127342 0.00151922 0.00179385 0.00206034 0.0023145 0.0025239 0.00267436 0.002736 0.002672 0.00248687 0.00217535 0.00175077 0.0012443 0.000695767 0.000157903 -0.000331748 -0.00074723 -0.00104898 -0.00121355 -0.00124422 -0.00113708 -0.000908308 -0.000567221 -0.000144131 0.000330114 0.000842995 0.0013774 0.00191017 0.00242514 0.0029355 0.00341464 0.00387003 0.00429228 0.00467914 0.0050343 0.00533316 0.00557775 0.00577121 0.00589068 0.00592564 0.00590111 0.00577816 0.00557127 0.00527558 0.00488705 0.00440656 0.00383894 0.00318553 0.0024608 0.00166584 0.000805883 -8.88328e-05 -0.00102305 -0.00196623 -0.00290389 -0.00380586 -0.00467469 -0.0054769 -0.00620536 -0.00684147 -0.0073918 -0.00782113 -0.00814931 -0.00837961 -0.00850112 -0.00851391 -0.00844347 -0.00827326 -0.00801772 -0.00770197 -0.00732306 -0.00688819 -0.00641294 -0.00591129 -0.00540114 -0.0048922 -0.00436977 -0.00386644 -0.0033898 -0.00292784 -0.00247843 -0.00206234 -0.0016564 -0.00126954 -0.000894467 -0.000525708 -0.000158347 0.000198639 0.000577144 0.000962322 0.00135248 0.00176367 0.00220931 0.00266757 0.00314882 0.00364627 0.00416414 0.0047008 0.00523309 0.00574696 0.00625791 0.006742 0.00717616 0.00757611 0.00791572 0.00817659 0.00836683 0.0084862 0.00850024 0.00842431 0.00824544 0.00796409 0.00756745 0.00708329 0.00649799 0.00582213 0.00506373 0.00425343 0.00337772 0.00247606 0.00156273 0.000641061 -0.000268064 -0.00114874 -0.00199704 -0.00279602 -0.00353787 -0.00422333 -0.00482524 -0.00537264 -0.00584184 -0.00623153 -0.00655667 -0.00682014 -0.00700918 -0.00715391 -0.00725821 -0.00732825 -0.007381 -0.00741829 -0.00746283 -0.00750364 -0.0075459 -0.0075883 -0.00762922 -0.00763833 -0.00760364 -0.00751327 -0.00733364 -0.00705168 -0.00665317 -0.00614527 -0.00553766 -0.00483958 -0.00408342 -0.0033168 -0.00256497 -0.00187175 -0.00127766 -0.000809005 -0.000493513 -0.000305243 -0.00024093 -0.000283439 -0.000390542 -0.000549471 -0.000714712 -0.000880607 -0.00103022 -0.00113001 -0.00119641 -0.00121717 -0.00121833 -0.00119827 -0.00114154 -0.00107336 -0.000984733 -0.000904423 -0.000821966 -0.000728972 -0.000642011 -0.000551126 -0.000484449 -0.00042799 
0 2.4945e-05 5.77404e-05 8.51242e-05 0.000142402 0.000212523 0.000298883 0.000408256 0.000520672 0.000667395 0.000819783 0.00100143 0.00122592 0.00148187 0.00180007 0.0021465 0.00256678 0.00305665 0.00358926 0.00413585 0.00462461 0.00504764 0.00534157 0.00545401 0.00532893 0.00495627 0.00433711 0.00350271 0.00250698 0.0014231 0.000381163 -0.000598062 -0.00140397 -0.00200074 -0.00233979 -0.00238228 -0.00218858 -0.00172115 -0.00104154 -0.000201552 0.000747896 0.00177116 0.00282181 0.00388128 0.00490108 0.0058893 0.00685084 0.00772015 0.00854238 0.00928342 0.00994424 0.0104984 0.0109553 0.0112967 0.0115093 0.0115738 0.0114858 0.0112442 0.0108162 0.0102188 0.00944808 0.00851539 0.00738419 0.00611807 0.00469862 0.00313072 0.00146295 -0.000269054 -0.0020822 -0.00390244 -0.00570145 -0.0074755 -0.00915723 -0.0107171 -0.0121371 -0.0133946 -0.0144566 -0.0153338 -0.0160021 -0.0164655 -0.016703 -0.016762 -0.01663 -0.0163158 -0.0158437 -0.0152456 -0.0144879 -0.0136507 -0.0127581 -0.0117918 -0.0107708 -0.00976765 -0.00876057 -0.00777242 -0.00681086 -0.0058812 -0.00499059 -0.00415476 -0.00333074 -0.00254239 -0.00178892 -0.00104294 -0.000291768 0.000442627 0.00119905 0.00197159 0.00277503 0.00362089 0.00449946 0.00539494 0.00636809 0.00737578 0.00838299 0.00940669 0.0104578 0.0114695 0.0124567 0.0133862 0.0142367 0.0149848 0.0156348 0.0161431 0.0165104 0.0166963 0.0167132 0.0165359 0.016163 0.015593 0.0148264 0.0138461 0.012698 0.01138 0.00990192 0.00832543 0.00664804 0.00489132 0.00310808 0.00132772 -0.000457393 -0.0021719 -0.0038192 -0.00537721 -0.00684228 -0.00816527 -0.00936968 -0.0104398 -0.0113588 -0.0121339 -0.0127813 -0.0133037 -0.013709 -0.014024 -0.0142509 -0.0144447 -0.0145631 -0.0146763 -0.0147916 -0.0148937 -0.0150019 -0.0151153 -0.0152053 -0.0152452 -0.0151941 -0.0150069 -0.0146785 -0.0141068 -0.0133313 -0.0123331 -0.0111237 -0.00975403 -0.00825053 -0.00672721 -0.00523081 -0.00384641 -0.00264839 -0.00171678 -0.00106376 -0.000685905 -0.000552171 -0.000616224 -0.000844757 -0.00113627 -0.0014756 -0.00180053 -0.00208367 -0.00229789 -0.00240691 -0.0024628 -0.00245731 -0.00241203 -0.00231235 -0.00216089 -0.00200058 -0.00183175 -0.00166868 -0.00149235 -0.00130997 -0.00114723 -0.00100784 -0.000901209 
0 4.94643e-05 8.51242e-05 0.000153594 0.000220787 0.000337697 0.000467057 0.000615567 0.000806496 0.00100249 0.00125288 0.0015254 0.00185925 0.00226986 0.00272659 0.00327423 0.00389551 0.00462456 0.00542888 0.0062176 0.00695727 0.00756806 0.00799814 0.00816353 0.00797187 0.00742355 0.00651412 0.00528301 0.00381843 0.00223621 0.000683832 -0.000732992 -0.00192908 -0.00279908 -0.0032756 -0.00335451 -0.00303604 -0.00235395 -0.0013461 -9.67414e-05 0.00130804 0.00282076 0.00438867 0.00594542 0.00744328 0.00890117 0.0102602 0.0115226 0.0126722 0.0137017 0.0146179 0.0153699 0.0159633 0.0164063 0.016649 0.0166687 0.0165134 0.0161036 0.0154592 0.0145715 0.0134313 0.0120404 0.0104082 0.00854946 0.00649787 0.00426187 0.00186636 -0.000619074 -0.00319784 -0.0057972 -0.00837818 -0.0108766 -0.0132851 -0.0155296 -0.0175851 -0.0194063 -0.0209937 -0.0222696 -0.0232647 -0.0239823 -0.0243941 -0.0245049 -0.0243669 -0.0239506 -0.0232936 -0.0224553 -0.0214326 -0.0202522 -0.018953 -0.017565 -0.0161325 -0.0146846 -0.0131935 -0.011731 -0.0103197 -0.00893842 -0.00758797 -0.00631352 -0.00506741 -0.00386877 -0.00270328 -0.00155398 -0.000408849 0.000716294 0.00189053 0.00308543 0.00429802 0.00556381 0.0069057 0.00827567 0.00969662 0.0111496 0.0126356 0.0141508 0.0156451 0.0170816 0.0184896 0.0198138 0.0209997 0.0220717 0.0229702 0.0236472 0.0241153 0.0243651 0.0243255 0.0240247 0.0234397 0.0225727 0.0214058 0.0199977 0.0183319 0.0164326 0.0143233 0.0120736 0.00966109 0.00716939 0.00463886 0.00208273 -0.000451216 -0.00291584 -0.0052947 -0.00754545 -0.0096447 -0.0115822 -0.0133053 -0.0148694 -0.0162265 -0.0173759 -0.0183564 -0.0191753 -0.0198122 -0.0203336 -0.0207518 -0.0210849 -0.0213643 -0.0216028 -0.0218478 -0.022075 -0.0222943 -0.0225042 -0.0226901 -0.0227793 -0.0227315 -0.0225053 -0.0220175 -0.0212177 -0.0200749 -0.0186021 -0.0168258 -0.0147809 -0.0125587 -0.0102906 -0.00806147 -0.00599575 -0.00421143 -0.00279512 -0.00181398 -0.00121847 -0.000990597 -0.00107855 -0.00137442 -0.00181896 -0.00229941 -0.00278021 -0.00320928 -0.0035043 -0.00369119 -0.00375466 -0.00375261 -0.00368559 -0.00352166 -0.00331546 -0.0030598 -0.00281931 -0.00257517 -0.00230961 -0.00205778 -0.00180824 -0.00162107 -0.00146113 
0 6.91698e-05 0.000142402 0.000220787 0.000335982 0.000481627 0.000657292 0.000869627 0.00110545 0.00139159 0.00170954 0.00208113 0.00253148 0.00305677 0.00368521 0.00439574 0.0052366 0.00621029 0.00726859 0.00833894 0.0093123 0.0101354 0.0107044 0.0109153 0.0106689 0.00994329 0.00874513 0.00713522 0.00522071 0.00315028 0.0011369 -0.000726852 -0.00227094 -0.00340017 -0.00402604 -0.00409838 -0.00368111 -0.00275776 -0.00142043 0.000227681 0.00208313 0.00406981 0.00610282 0.00812428 0.0100589 0.0119042 0.0136457 0.0152087 0.01663 0.0178757 0.0189448 0.0198014 0.0204593 0.0209033 0.0211092 0.021054 0.0207389 0.0201481 0.0192472 0.0180507 0.016555 0.014772 0.0126693 0.0103225 0.00772747 0.00489935 0.00190586 -0.00119284 -0.00440335 -0.0076292 -0.0108226 -0.0139611 -0.016965 -0.0197798 -0.0223704 -0.0246972 -0.0267123 -0.0284017 -0.029736 -0.0307102 -0.0312911 -0.0315294 -0.0314224 -0.0309782 -0.0302358 -0.029246 -0.0279823 -0.026542 -0.0249665 -0.0232481 -0.0214203 -0.0195708 -0.0176825 -0.0157965 -0.013931 -0.0120956 -0.0103053 -0.00858733 -0.00689325 -0.00525118 -0.00365782 -0.00207927 -0.000497632 0.00106586 0.00266423 0.00429039 0.00595931 0.00768603 0.00946045 0.0112572 0.0131376 0.0150474 0.0169442 0.0188415 0.020737 0.022549 0.0242908 0.0259111 0.027369 0.0286358 0.0296978 0.0304904 0.0310086 0.0312047 0.031076 0.0306018 0.0297832 0.028622 0.0271234 0.0252891 0.023172 0.0207811 0.0181407 0.0153317 0.0123548 0.00925261 0.00609715 0.00292873 -0.00024159 -0.00331538 -0.00628209 -0.00910423 -0.0117624 -0.0141975 -0.0164218 -0.0184252 -0.020183 -0.0217045 -0.023019 -0.0241359 -0.0250636 -0.0258467 -0.0264985 -0.0270781 -0.0275535 -0.0280045 -0.0284485 -0.0288659 -0.0292748 -0.0296696 -0.0300048 -0.030219 -0.0302393 -0.0299881 -0.0294152 -0.0283854 -0.0269207 -0.0250064 -0.02267 -0.0199936 -0.0170615 -0.0140609 -0.0111084 -0.00836445 -0.00598063 -0.00409536 -0.00275459 -0.00194706 -0.0016225 -0.00170014 -0.00208891 -0.00263559 -0.00326763 -0.00388496 -0.00442331 -0.00482044 -0.00503802 -0.00513363 -0.00511978 -0.00502169 -0.00482163 -0.00453646 -0.00422168 -0.00389805 -0.00357915 -0.0032451 -0.00290872 -0.00260415 -0.00235189 -0.00214953 
0 0.000109821 0.000212523 0.000337697 0.000481627 0.000673496 0.000896349 0.00115288 0.00145561 0.00179658 0.00219891 0.00266039 0.00321618 0.00388212 0.00465697 0.00556459 0.00661956 0.0078382 0.00916563 0.0104928 0.0117197 0.0127432 0.0134536 0.0137205 0.0134261 0.0125403 0.0110751 0.0091005 0.0067552 0.00422955 0.00174979 -0.000513897 -0.00239913 -0.00375966 -0.00449375 -0.00457019 -0.00401602 -0.00286937 -0.00121782 0.000808985 0.00307991 0.00549548 0.00796249 0.0103858 0.0126938 0.0148745 0.0168816 0.0186824 0.0202732 0.0216421 0.0227861 0.0236687 0.0242946 0.0246669 0.0247482 0.0245225 0.0240127 0.0231771 0.0220097 0.0205133 0.0186851 0.0165296 0.0140506 0.0112864 0.00826511 0.00500572 0.00155844 -0.00201165 -0.00568646 -0.00938827 -0.0130599 -0.0166476 -0.0201063 -0.0233683 -0.026389 -0.029121 -0.0315299 -0.0335567 -0.0351956 -0.0364376 -0.0372501 -0.0376455 -0.0376502 -0.0372559 -0.0365025 -0.0354459 -0.0340918 -0.0324907 -0.0306895 -0.0287158 -0.026619 -0.0244462 -0.0221923 -0.0199157 -0.017649 -0.0153904 -0.0131547 -0.0109766 -0.0088276 -0.00672314 -0.00465742 -0.002608 -0.000564151 0.00146876 0.00354 0.00563679 0.00775856 0.00993081 0.0121562 0.0143991 0.0166767 0.0189619 0.0212344 0.0234874 0.02568 0.0277626 0.029741 0.031561 0.0331678 0.0345523 0.0356655 0.0364525 0.0369116 0.0370188 0.0367328 0.0360617 0.0350014 0.0335559 0.031731 0.0295673 0.0270835 0.0243027 0.0212622 0.0180285 0.0146093 0.0110713 0.0074749 0.00385046 0.000241999 -0.00328389 -0.00669816 -0.00995932 -0.0130362 -0.0158951 -0.0185113 -0.020904 -0.0230415 -0.0249246 -0.0265894 -0.0280438 -0.0292881 -0.0303765 -0.0313348 -0.0321942 -0.0329731 -0.0337113 -0.0344427 -0.0351497 -0.0358338 -0.0364858 -0.0370574 -0.0374594 -0.0376085 -0.0374185 -0.0367845 -0.0356044 -0.0338487 -0.0315235 -0.0286708 -0.0253713 -0.0217662 -0.0180532 -0.0143994 -0.0109991 -0.00804184 -0.0056808 -0.00399298 -0.00295255 -0.00250854 -0.00256929 -0.00299519 -0.00364699 -0.00438995 -0.00512854 -0.0057752 -0.00623972 -0.00651387 -0.00661728 -0.00659932 -0.00647285 -0.0062215 -0.00588627 -0.00549827 -0.0051112 -0.00472105 -0.00431723 -0.00392337 -0.00355333 -0.00325428 -0.00300365 
0 0.000152208 0.000298883 0.000467057 0.000657292 0.000896349 0.00117227 0.00148433 0.00184872 0.00225881 0.00273919 0.00329515 0.00395911 0.00475581 0.00568747 0.0067852 0.00806238 0.00952743 0.0111177 0.0127104 0.0141872 0.0154177 0.0162707 0.0165941 0.0162617 0.0152275 0.0135111 0.0111987 0.00845422 0.00550542 0.00259997 -4.10679e-05 -0.00223397 -0.00380598 -0.00464315 -0.00471225 -0.00403235 -0.00266869 -0.000723376 0.00165018 0.00429806 0.00709267 0.00992187 0.0126744 0.0152759 0.0176955 0.0198867 0.0218235 0.0234896 0.0248832 0.0259945 0.0268022 0.0273079 0.0275164 0.0274008 0.0269517 0.0261842 0.0250729 0.0236168 0.0218206 0.0196917 0.017233 0.0144595 0.0113979 0.00807952 0.00452745 0.0007896 -0.00307838 -0.0070418 -0.0110392 -0.0150112 -0.0189018 -0.0226636 -0.0262298 -0.0295517 -0.0325828 -0.0352853 -0.0376043 -0.0395242 -0.0410233 -0.042076 -0.0426829 -0.0428624 -0.0426095 -0.0419554 -0.0409389 -0.0395825 -0.0379287 -0.036025 -0.0339015 -0.0316055 -0.02918 -0.0266442 -0.024042 -0.021407 -0.0187491 -0.0160904 -0.0134554 -0.0108367 -0.00824381 -0.00567713 -0.0031219 -0.000572854 0.00197104 0.00453596 0.00711912 0.00971767 0.0123435 0.014991 0.0176394 0.0202878 0.0229123 0.025487 0.0279978 0.0304056 0.0326709 0.0347756 0.0366733 0.0383133 0.0396797 0.0407286 0.0414184 0.041736 0.041666 0.0411781 0.0402821 0.0389811 0.037282 0.0351951 0.0327597 0.0299967 0.0269358 0.023621 0.0201053 0.0164134 0.0126036 0.00873227 0.00483393 0.000957601 -0.00284443 -0.00653505 -0.0100827 -0.0134532 -0.0166191 -0.0195561 -0.0222715 -0.0247411 -0.0269642 -0.0289687 -0.0307644 -0.0323591 -0.0337957 -0.0351093 -0.0363216 -0.0374649 -0.0385709 -0.0396697 -0.0407505 -0.0418035 -0.0428073 -0.0436994 -0.0443761 -0.0447328 -0.0446638 -0.0440391 -0.0427593 -0.0407743 -0.0380961 -0.0347761 -0.0309123 -0.02668 -0.0222945 -0.0179726 -0.0139411 -0.0104251 -0.00759994 -0.00555686 -0.004279 -0.00370381 -0.0037222 -0.00417158 -0.00489409 -0.00572987 -0.00656508 -0.00729241 -0.00781854 -0.00813004 -0.00824441 -0.00821516 -0.00805502 -0.00776213 -0.00737468 -0.00693059 -0.00648391 -0.00603181 -0.00557172 -0.00512384 -0.00470601 -0.00435844 -0.00406466 
0 0.000199483 0.000408256 0.000615567 0.000869627 0.00115288 0.00148433 0.00186273 0.00228121 0.00277668 0.00333105 0.00399218 0.00477706 0.00570439 0.00681587 0.00810405 0.00961695 0.0113302 0.0131716 0.0150308 0.0167418 0.0181759 0.0191638 0.0195398 0.0191784 0.0180122 0.0160678 0.0134535 0.0103518 0.00701882 0.00373746 0.000745104 -0.00171918 -0.0034838 -0.0044256 -0.00448595 -0.00371182 -0.00216058 3.02501e-05 0.00269189 0.00565452 0.00876222 0.011872 0.0148761 0.0176875 0.0202441 0.0225331 0.0244953 0.0261387 0.0274574 0.0284348 0.0290748 0.0293814 0.0293443 0.0289682 0.028255 0.0271856 0.0257923 0.0240504 0.0219786 0.0195927 0.0169042 0.0139151 0.0106725 0.00718649 0.00348326 -0.000382549 -0.00437891 -0.00846271 -0.0125828 -0.0166762 -0.020716 -0.0246213 -0.0283487 -0.0318446 -0.0350728 -0.0379649 -0.0405152 -0.0426722 -0.0444081 -0.0457026 -0.0465653 -0.0469693 -0.0469338 -0.0464745 -0.0456073 -0.0443487 -0.0427527 -0.0408597 -0.0386917 -0.0362832 -0.0336891 -0.0309525 -0.0280904 -0.0251335 -0.0221139 -0.0190606 -0.0159793 -0.0128865 -0.00978917 -0.00670019 -0.00361164 -0.000526205 0.00255987 0.00563631 0.0087142 0.0117941 0.0148669 0.0179083 0.0209198 0.0238948 0.0268023 0.0296023 0.0322774 0.0348106 0.037153 0.0392641 0.0411154 0.0426775 0.0438995 0.0447752 0.0452755 0.045378 0.0450616 0.0443484 0.0432146 0.0416837 0.0397632 0.0374814 0.0348408 0.0319 0.0286772 0.0252176 0.0215612 0.0177614 0.0138418 0.00986373 0.00587345 0.00189341 -0.00201907 -0.00583054 -0.00952189 -0.0130641 -0.0164125 -0.0195845 -0.0225383 -0.0252776 -0.0278046 -0.0301253 -0.0322529 -0.034216 -0.0360286 -0.0377322 -0.0393632 -0.0409257 -0.0424781 -0.0440205 -0.0455518 -0.047055 -0.04849 -0.0497726 -0.0508008 -0.051441 -0.051556 -0.0510246 -0.0497094 -0.0475761 -0.0446211 -0.0409018 -0.0365535 -0.0317584 -0.0267629 -0.0218264 -0.0172077 -0.0131606 -0.00989206 -0.00748794 -0.00596598 -0.00524288 -0.00518658 -0.00564306 -0.0063986 -0.00731124 -0.00822149 -0.00900671 -0.00959528 -0.00992773 -0.0100601 -0.0100119 -0.00981176 -0.00948449 -0.00903793 -0.0085517 -0.00804458 -0.00753972 -0.00703867 -0.00654103 -0.0060957 -0.00570013 -0.0053716 
0 0.000263354 0.000520672 0.000806496 0.00110545 0.00145561 0.00184872 0.00228121 0.00278547 0.00333818 0.00399493 0.00476166 0.00566831 0.0067648 0.00804129 0.00956245 0.0113114 0.0132772 0.0153867 0.017487 0.0194453 0.0210652 0.0221802 0.0226094 0.0222179 0.0209318 0.0187881 0.0158969 0.0124741 0.00880894 0.00516244 0.0018734 -0.000860438 -0.0028088 -0.00384441 -0.00394558 -0.00308921 -0.00141632 0.000954924 0.00383451 0.00703136 0.0103608 0.0136827 0.0168443 0.0197743 0.0224032 0.0246654 0.0265834 0.0281017 0.0292498 0.0300143 0.0304144 0.0304379 0.0301117 0.0294286 0.0284008 0.0270486 0.0253615 0.0233689 0.0210729 0.0184926 0.0156228 0.0125306 0.00918593 0.00564521 0.00193809 -0.00191989 -0.00590548 -0.00994357 -0.0140295 -0.0181081 -0.0221086 -0.0260138 -0.0297687 -0.0333209 -0.0366227 -0.0396504 -0.0423354 -0.0446673 -0.046611 -0.0481657 -0.049272 -0.04995 -0.050186 -0.0499822 -0.0493352 -0.048312 -0.04688 -0.0450727 -0.0429476 -0.040559 -0.0378939 -0.0350146 -0.0319495 -0.0287462 -0.0254181 -0.0219932 -0.0184808 -0.0149317 -0.0113356 -0.0077101 -0.00407269 -0.000447325 0.00318408 0.00679078 0.0103729 0.013904 0.0173858 0.0208078 0.0241632 0.0273806 0.0304765 0.0334373 0.0362162 0.0387473 0.0410478 0.0430577 0.0447584 0.0461141 0.0471218 0.0477305 0.0479536 0.0477711 0.0472075 0.0462298 0.0448693 0.043131 0.0410306 0.0385859 0.0358536 0.0328285 0.0295558 0.0260897 0.0224368 0.0186565 0.0147959 0.010879 0.00693072 0.00302112 -0.000866888 -0.00467169 -0.00837943 -0.0119539 -0.0154005 -0.0186728 -0.0217843 -0.0247245 -0.0274874 -0.0300872 -0.0325329 -0.0348452 -0.0370433 -0.039178 -0.0412359 -0.0432982 -0.0453403 -0.0473889 -0.0494435 -0.0514572 -0.0533816 -0.055131 -0.0565714 -0.0575611 -0.0579585 -0.0575694 -0.0563311 -0.0541223 -0.0509726 -0.046956 -0.0421894 -0.0369258 -0.0313919 -0.0259061 -0.0207573 -0.0162271 -0.0125258 -0.00978359 -0.00800282 -0.00711422 -0.00698081 -0.00739474 -0.00819214 -0.00914511 -0.0101187 -0.0109654 -0.0115829 -0.0119658 -0.0120914 -0.0120329 -0.0117971 -0.0114164 -0.0109416 -0.0103951 -0.00984696 -0.00929391 -0.00874961 -0.00823197 -0.00774554 -0.0073259 -0.00695824 
0 0.000323324 0.000667395 0.00100249 0.00139159 0.00179658 0.00225881 0.00277668 0.00333818 0.00399918 0.0047402 0.00563319 0.006687 0.00793215 0.00942406 0.0111567 0.0131691 0.0154007 0.0177667 0.020142 0.0223313 0.0241528 0.0253939 0.025869 0.0254486 0.0240507 0.0217073 0.0185646 0.0148464 0.0108537 0.006898 0.00328869 0.000311586 -0.00183324 -0.00301172 -0.00315807 -0.00230291 -0.000551242 0.00193241 0.00494905 0.0082967 0.0117741 0.0151917 0.0184305 0.0213931 0.0239779 0.0261758 0.0279438 0.0292789 0.0301925 0.0306703 0.030759 0.0304717 0.0298015 0.0287983 0.027484 0.0258294 0.0239001 0.0216878 0.019211 0.0164954 0.0135563 0.0104132 0.0070882 0.00359195 -4.10667e-05 -0.00377832 -0.00761297 -0.01149 -0.0153968 -0.0192897 -0.0231557 -0.026926 -0.0305744 -0.0340602 -0.0373509 -0.0403785 -0.0431601 -0.0456292 -0.0477386 -0.049488 -0.0508603 -0.0518028 -0.0523392 -0.0524515 -0.0521093 -0.0513361 -0.0501483 -0.0485642 -0.0466039 -0.044277 -0.0416188 -0.0387074 -0.0355339 -0.0321215 -0.0285257 -0.0247831 -0.0208875 -0.0168958 -0.0128163 -0.00868093 -0.00451587 -0.000346654 0.00382183 0.00792562 0.0119763 0.0159626 0.0198392 0.0235692 0.027174 0.0306107 0.0338517 0.0368574 0.0395957 0.0420606 0.0442291 0.0460335 0.0474789 0.0485684 0.0492476 0.0495427 0.0494684 0.0489903 0.0481141 0.0468968 0.0453113 0.0433936 0.0411668 0.038661 0.0358729 0.0328644 0.0296581 0.0262915 0.0227738 0.0191729 0.0154842 0.011739 0.00798414 0.00423302 0.000505062 -0.00316268 -0.00676703 -0.0102849 -0.0136903 -0.0170048 -0.0201708 -0.0232175 -0.0261555 -0.0289645 -0.031673 -0.0343224 -0.0368971 -0.0394422 -0.0419799 -0.0445207 -0.047097 -0.0496861 -0.0522939 -0.0548794 -0.0573579 -0.0596264 -0.0615567 -0.0629732 -0.0636947 -0.0635641 -0.0624455 -0.0602659 -0.0570179 -0.0527758 -0.0477127 -0.0420505 -0.0360695 -0.03011 -0.0244935 -0.0195255 -0.0154426 -0.0123687 -0.0103518 -0.00930443 -0.00906652 -0.00946312 -0.0102537 -0.011258 -0.012277 -0.0131555 -0.0138313 -0.0142242 -0.0143792 -0.014302 -0.0140316 -0.013632 -0.0131053 -0.0125422 -0.0119415 -0.0113495 -0.0107819 -0.0102218 -0.00972634 -0.00925818 -0.00886 
0 0.000405014 0.000819783 0.00125288 0.00170954 0.00219891 0.00273919 0.00333105 0.00399493 0.0047402 0.00560627 0.00663159 0.0078403 0.00928315 0.010978 0.0129706 0.0152469 0.0177504 0.020392 0.0230162 0.0254472 0.0274517 0.0288105 0.0293322 0.0288826 0.0273765 0.0248581 0.0214699 0.0174665 0.0131687 0.00887392 0.00496787 0.00171115 -0.000651682 -0.00198459 -0.0022484 -0.00142726 0.000317448 0.00282633 0.00588922 0.00929083 0.0128046 0.0162479 0.0194651 0.0223691 0.024858 0.0268782 0.0284506 0.0295358 0.0301649 0.0303373 0.0301127 0.0294904 0.0285014 0.0271852 0.0255745 0.0236814 0.0215341 0.0191661 0.0165861 0.0138122 0.0108459 0.00775622 0.0045059 0.00113964 -0.00230489 -0.00582793 -0.00943255 -0.0130429 -0.0166794 -0.0203114 -0.023895 -0.0274186 -0.0308612 -0.0341889 -0.0373613 -0.0403526 -0.0431259 -0.0456477 -0.0478753 -0.0498196 -0.051403 -0.0526119 -0.0534404 -0.05386 -0.0538297 -0.0534066 -0.0525285 -0.0511946 -0.0494481 -0.0473173 -0.0447707 -0.0418776 -0.0386454 -0.035118 -0.0313279 -0.027309 -0.0230691 -0.0186917 -0.0141786 -0.00956941 -0.00491251 -0.000255881 0.00440153 0.00898276 0.0134754 0.0178382 0.0220424 0.0260586 0.0298811 0.0334173 0.0366866 0.0396754 0.0423287 0.0446026 0.0465361 0.0480641 0.049202 0.049953 0.050308 0.0502526 0.0498382 0.049046 0.0479144 0.0464546 0.0446892 0.0426369 0.0403304 0.0377975 0.0350749 0.0321691 0.029118 0.0259569 0.0226667 0.0193134 0.0159095 0.012452 0.00896657 0.00550117 0.00201435 -0.00143613 -0.00484563 -0.00819529 -0.0114963 -0.0147227 -0.0178726 -0.0209624 -0.0239959 -0.0269666 -0.0298928 -0.032812 -0.0357165 -0.0386507 -0.0416086 -0.0446524 -0.0477472 -0.0508921 -0.0540857 -0.0572582 -0.0603184 -0.0631529 -0.065609 -0.0674998 -0.068632 -0.0687967 -0.067905 -0.0658188 -0.0625509 -0.0581915 -0.0529 -0.0469533 -0.0406197 -0.0342843 -0.0282968 -0.0229744 -0.0185607 -0.0152114 -0.0129697 -0.0117646 -0.011435 -0.0117734 -0.0125776 -0.0136028 -0.0146645 -0.0155923 -0.0162989 -0.0167475 -0.0169147 -0.0168441 -0.016563 -0.016136 -0.0156047 -0.0150077 -0.0143847 -0.0137593 -0.0131582 -0.0125842 -0.0120492 -0.011554 -0.0111101 
0 0.000490634 0.00100143 0.0015254 0.00208113 0.00266039 0.00329515 0.00399218 0.00476166 0.00563319 0.00663159 0.00781422 0.00920477 0.0108466 0.0127772 0.0150245 0.0175781 0.0203603 0.0232702 0.0261534 0.0288112 0.0309948 0.0324615 0.0330162 0.0325239 0.0309063 0.0282013 0.0245735 0.0202885 0.0156741 0.0110571 0.00682046 0.00327014 0.000646832 -0.00090763 -0.00133772 -0.00064316 0.00102132 0.00347421 0.00649672 0.00986158 0.0133311 0.0166948 0.0198089 0.0225722 0.0248783 0.0266871 0.028007 0.0288201 0.0291508 0.0290108 0.0284684 0.0275435 0.0262589 0.0246788 0.0228404 0.0207499 0.0184508 0.0159787 0.0133465 0.0105751 0.00767747 0.00469996 0.00162001 -0.00153854 -0.00473942 -0.00798301 -0.0112713 -0.0145522 -0.0178383 -0.0211193 -0.024374 -0.0275849 -0.0307389 -0.033822 -0.036801 -0.0396502 -0.042361 -0.0448863 -0.0471735 -0.049228 -0.0509894 -0.0524199 -0.0535169 -0.0542401 -0.0545352 -0.0544272 -0.0538751 -0.052865 -0.0514087 -0.0494983 -0.0471208 -0.0443374 -0.0411423 -0.0375573 -0.0336339 -0.0294128 -0.0249115 -0.0202078 -0.0153287 -0.0103227 -0.00525054 -0.000162622 0.00491236 0.00989079 0.0147497 0.0194469 0.023919 0.0281249 0.0320599 0.0356528 0.0388922 0.0417588 0.0442165 0.0462589 0.0479096 0.0491174 0.0499095 0.0503094 0.0503045 0.0499153 0.0491943 0.0481218 0.0467374 0.0450865 0.0431835 0.0410559 0.0387458 0.0362728 0.0336564 0.0309189 0.0280913 0.025189 0.0222001 0.0191716 0.0161005 0.0129785 0.00983666 0.00669855 0.00353521 0.000382803 -0.00275807 -0.00588123 -0.00899666 -0.0120927 -0.0151556 -0.0182113 -0.0212726 -0.0243218 -0.0273908 -0.0305178 -0.0336915 -0.0369461 -0.0402928 -0.0437684 -0.0473516 -0.0510266 -0.054785 -0.0585534 -0.0622102 -0.0656291 -0.0686422 -0.0710395 -0.0726022 -0.0731272 -0.0724965 -0.0705833 -0.067384 -0.0629925 -0.0575945 -0.0514571 -0.0448838 -0.0382737 -0.0320043 -0.0264075 -0.021736 -0.0181602 -0.0157399 -0.0144063 -0.0139933 -0.0143003 -0.0151052 -0.0161653 -0.0172686 -0.018242 -0.0190054 -0.0195012 -0.0197132 -0.0196591 -0.0193837 -0.0189626 -0.0184271 -0.0178279 -0.0171841 -0.0165362 -0.0159152 -0.0153175 -0.0147628 -0.0142323 -0.0137521 
0 0.000597992 0.00122592 0.00185925 0.00253148 0.00321618 0.00395911 0.00477706 0.00566831 0.006687 0.0078403 0.00920477 0.0108048 0.0126721 0.0148675 0.0173896 0.0202337 0.023299 0.0264686 0.0295929 0.032447 0.0347772 0.0363197 0.0368788 0.0363201 0.0345748 0.0316745 0.0278009 0.0232275 0.018283 0.0133308 0.00873782 0.00486035 0.00193093 9.67443e-05 -0.000566626 -8.61397e-05 0.00140535 0.00370166 0.0065839 0.00981529 0.0131543 0.0163665 0.019317 0.0218881 0.0239696 0.025538 0.0265824 0.027119 0.0271617 0.0267423 0.0259258 0.0247526 0.023235 0.0214523 0.0194485 0.0172268 0.0148473 0.0123399 0.00972576 0.00701787 0.0042469 0.00143028 -0.00142569 -0.00431919 -0.00721803 -0.0101283 -0.0130533 -0.0159694 -0.0188755 -0.0217718 -0.0246566 -0.0275081 -0.0303299 -0.0331185 -0.0358526 -0.0384989 -0.0410711 -0.0435158 -0.0457943 -0.0478951 -0.0497759 -0.0513722 -0.0526826 -0.0536568 -0.0542492 -0.0544452 -0.0542137 -0.0535193 -0.0523628 -0.0507141 -0.0485647 -0.0459421 -0.0428446 -0.0392834 -0.0353157 -0.0309776 -0.0263046 -0.0213681 -0.0162198 -0.010914 -0.0055248 -0.000106071 0.00528757 0.0105733 0.0157027 0.0206291 0.0252746 0.0295929 0.0335566 0.0371143 0.0402418 0.0429309 0.0451525 0.0469231 0.0482524 0.0491261 0.0495741 0.0496377 0.0492986 0.0486061 0.0476058 0.0463032 0.0447313 0.0429596 0.0409876 0.0388527 0.0365962 0.0342424 0.0317913 0.0292781 0.026717 0.0241069 0.0214479 0.0187712 0.0160661 0.0133217 0.0105674 0.0077947 0.00499479 0.00217545 -0.000655709 -0.00350797 -0.00638282 -0.00929091 -0.0122081 -0.0151713 -0.0181957 -0.0212581 -0.0243988 -0.0276539 -0.031019 -0.0345177 -0.0381883 -0.0420345 -0.0460567 -0.0502189 -0.0545023 -0.0588281 -0.0630509 -0.0670299 -0.0705856 -0.0734884 -0.0754934 -0.0764118 -0.0760821 -0.074401 -0.0713425 -0.0670041 -0.0615967 -0.0553707 -0.0486692 -0.0418939 -0.035446 -0.0296657 -0.0248156 -0.0210747 -0.018521 -0.0170895 -0.0166147 -0.0169107 -0.017731 -0.0188456 -0.0200111 -0.0210563 -0.0219053 -0.0224738 -0.0227593 -0.0227468 -0.0225003 -0.0221043 -0.0215806 -0.0209946 -0.0203439 -0.0196874 -0.0190576 -0.018447 -0.0178833 -0.0173295 -0.0168246 
0 0.000734623 0.00148187 0.00226986 0.00305677 0.00388212 0.00475581 0.00570439 0.0067648 0.00793215 0.00928315 0.0108466 0.0126721 0.0148071 0.0172693 0.0200998 0.0232339 0.026582 0.0300115 0.0333459 0.0363727 0.0388061 0.0403811 0.040899 0.0402304 0.038306 0.0351842 0.0310284 0.0261371 0.0208512 0.0155177 0.0105602 0.00630092 0.00301216 0.000846444 -0.000140574 5.54263e-05 0.0012807 0.0033337 0.00599381 0.00902003 0.0121468 0.0151699 0.0179086 0.0202559 0.0221222 0.0234369 0.0242399 0.0245257 0.0243166 0.0236647 0.0226364 0.0212571 0.0195884 0.0176768 0.0155681 0.0133095 0.010913 0.00843836 0.00590602 0.00332609 0.00071406 -0.00187751 -0.0044847 -0.00708293 -0.00964884 -0.0122022 -0.014755 -0.017278 -0.0197886 -0.0223042 -0.024794 -0.0272759 -0.0297529 -0.0322211 -0.0346544 -0.0370722 -0.0394346 -0.0417251 -0.0439168 -0.0460008 -0.0479 -0.0495976 -0.0510535 -0.0522161 -0.0530316 -0.0535014 -0.0535529 -0.0531398 -0.0522535 -0.050885 -0.0489857 -0.0465561 -0.0436049 -0.0401567 -0.036237 -0.0318829 -0.0271454 -0.0221003 -0.016803 -0.0113188 -0.0057304 -0.000112554 0.00547242 0.0109437 0.0162278 0.0212495 0.0259509 0.0302854 0.0341999 0.0376309 0.0405868 0.0430657 0.0450422 0.0465127 0.0475296 0.0480912 0.0482275 0.0479722 0.0473678 0.0464236 0.0452055 0.0437424 0.0420827 0.0402449 0.0382869 0.0362173 0.0340732 0.031873 0.0296442 0.0273726 0.0250912 0.0227985 0.0204812 0.0181584 0.0158352 0.0134828 0.0111059 0.00872623 0.00629247 0.00382264 0.00132232 -0.00122465 -0.0038443 -0.00650214 -0.00923374 -0.0120496 -0.0149559 -0.0179698 -0.0211101 -0.0244127 -0.0278974 -0.0315795 -0.0354804 -0.0396453 -0.0440189 -0.0485988 -0.0533472 -0.0581562 -0.0628939 -0.0673906 -0.0714484 -0.0748291 -0.0772811 -0.0785802 -0.0785944 -0.0771757 -0.0743154 -0.0701188 -0.0647674 -0.0585592 -0.051817 -0.0449698 -0.0384323 -0.0325451 -0.0275846 -0.0237466 -0.0211075 -0.0196198 -0.0191336 -0.0194379 -0.0203255 -0.0215146 -0.0227798 -0.0239478 -0.0249019 -0.0256069 -0.0259861 -0.026065 -0.0258912 -0.0255348 -0.025073 -0.0245007 -0.0238783 -0.0232299 -0.0225959 -0.0220048 -0.0214232 -0.0208791 -0.0203562 
0 0.000883236 0.00180007 0.00272659 0.00368521 0.00465697 0.00568747 0.00681587 0.00804129 0.00942406 0.010978 0.0127772 0.0148675 0.0172693 0.0200458 0.0231665 0.026597 0.0302165 0.0338684 0.0373917 0.0405338 0.0430193 0.0445733 0.0449926 0.0441486 0.0420051 0.0385938 0.0341239 0.0288773 0.0231878 0.0174715 0.0120742 0.00740708 0.00370392 0.00112709 -0.000223603 -0.000403914 0.000489235 0.00223279 0.00460764 0.00736149 0.010255 0.0130328 0.0155586 0.0176914 0.0193322 0.020463 0.0210522 0.0211486 0.0207562 0.0199422 0.0187487 0.0172602 0.0154908 0.013523 0.0114086 0.00916028 0.00683331 0.00445895 0.0020594 -0.000355004 -0.00273043 -0.00510231 -0.007419 -0.00970709 -0.0119538 -0.0141652 -0.0163298 -0.0184864 -0.0206093 -0.0227229 -0.0248487 -0.0269705 -0.029093 -0.0312233 -0.0333617 -0.0354791 -0.0376026 -0.039695 -0.0417378 -0.0436839 -0.0455441 -0.0472396 -0.0487504 -0.0500197 -0.0510156 -0.0516408 -0.051898 -0.0517336 -0.0511108 -0.0499552 -0.0482867 -0.046081 -0.0433468 -0.0400583 -0.0362729 -0.0320176 -0.027358 -0.0223277 -0.0170249 -0.0115109 -0.00588181 -0.000198456 0.00542312 0.0109172 0.0161941 0.0212028 0.0258371 0.0300556 0.0338073 0.0370953 0.0398517 0.0420782 0.0437804 0.0450127 0.0457449 0.0460333 0.045905 0.0454188 0.0445831 0.0434902 0.0421558 0.0406277 0.0389285 0.0371368 0.035248 0.0333019 0.0313253 0.0293339 0.0273151 0.0253124 0.0233267 0.0213349 0.0193682 0.0174049 0.0154341 0.0134476 0.0114593 0.00941982 0.00736379 0.00524266 0.00307239 0.000830145 -0.00148376 -0.00389539 -0.00638528 -0.00899612 -0.0117489 -0.0146381 -0.0177197 -0.0210133 -0.0245484 -0.0283279 -0.0324156 -0.0367788 -0.041442 -0.0463531 -0.0514662 -0.0566938 -0.0618636 -0.0668074 -0.0713133 -0.0751266 -0.0779724 -0.0796669 -0.0799897 -0.0788657 -0.076241 -0.0722108 -0.0670065 -0.0608594 -0.0541695 -0.0473329 -0.0407784 -0.0348658 -0.0298677 -0.0259884 -0.0233238 -0.0218259 -0.0213547 -0.021729 -0.0226908 -0.0240106 -0.0254137 -0.0267375 -0.027883 -0.0287443 -0.0293062 -0.0295241 -0.0294749 -0.0292366 -0.028845 -0.0283606 -0.0277797 -0.0271725 -0.0265732 -0.0259871 -0.025435 -0.0248836 -0.0243664 
0 0.00106706 0.0021465 0.00327423 0.00439574 0.00556459 0.0067852 0.00810405 0.00956245 0.0111567 0.0129706 0.0150245 0.0173896 0.0200998 0.0231665 0.0265955 0.0302928 0.0341485 0.0379907 0.0416336 0.0448299 0.0472935 0.0487521 0.0490027 0.0479322 0.0454931 0.0417682 0.0369292 0.0312803 0.0251705 0.0189859 0.01314 0.00799049 0.00381908 0.000798455 -0.000992596 -0.0015829 -0.0010791 0.000302674 0.00234838 0.00481008 0.00741951 0.00998046 0.0122913 0.014229 0.0157138 0.016677 0.0171309 0.017099 0.016594 0.015696 0.0144499 0.0129048 0.0111414 0.00919194 0.00711294 0.00496251 0.00275724 0.000538991 -0.00166461 -0.00385061 -0.00599756 -0.00809526 -0.0101391 -0.012125 -0.0140495 -0.0159215 -0.0177533 -0.019552 -0.0213231 -0.0230928 -0.0248479 -0.0266079 -0.0283949 -0.0301961 -0.0320102 -0.0338574 -0.035696 -0.0375226 -0.0393474 -0.0411313 -0.0428398 -0.0444545 -0.0459201 -0.0471869 -0.0482191 -0.0489615 -0.0493568 -0.0493364 -0.0488641 -0.0479261 -0.0464862 -0.0444928 -0.0419643 -0.038918 -0.0353617 -0.0313163 -0.0268431 -0.0219927 -0.0168425 -0.0114674 -0.00596074 -0.000412715 0.00507823 0.0104371 0.0155586 0.0203636 0.0248042 0.0288347 0.0323765 0.035408 0.0379291 0.0399386 0.0414277 0.0424079 0.042914 0.0430042 0.0427042 0.0420582 0.0411371 0.0399692 0.0385954 0.037093 0.0354853 0.0337812 0.0320394 0.0302678 0.0284777 0.0267035 0.0249553 0.0232214 0.0215191 0.0198397 0.0181814 0.0165358 0.0149017 0.0132608 0.0115966 0.00990425 0.00816826 0.00637047 0.00452114 0.00259377 0.000570695 -0.00154186 -0.00378674 -0.00617942 -0.00872582 -0.0114783 -0.0144477 -0.0176656 -0.0211837 -0.0250032 -0.0291646 -0.0336856 -0.0385316 -0.0436894 -0.0490946 -0.0546235 -0.0601458 -0.0654482 -0.0703141 -0.0744851 -0.0776853 -0.0796948 -0.0803247 -0.0794551 -0.0770584 -0.0732353 -0.0681735 -0.0621708 -0.0555831 -0.0488351 -0.0423501 -0.0364777 -0.0315135 -0.0276546 -0.0250043 -0.0235319 -0.0231218 -0.0235753 -0.0246722 -0.0261412 -0.0277341 -0.0292852 -0.0306506 -0.0317743 -0.0325582 -0.0330053 -0.0331624 -0.0330818 -0.0328589 -0.032479 -0.0320128 -0.0314855 -0.0309372 -0.0304154 -0.0298761 -0.0293669 -0.0288583 
0 0.00127342 0.00256678 0.00389551 0.0052366 0.00661956 0.00806238 0.00961695 0.0113114 0.0131691 0.0152469 0.0175781 0.0202337 0.0232339 0.026597 0.0302928 0.0342225 0.0382652 0.0422342 0.045937 0.0491131 0.0514762 0.0527665 0.0527774 0.0514002 0.0486182 0.0445049 0.0392608 0.0331719 0.0265878 0.0199299 0.0135767 0.00792247 0.00323999 -0.000283205 -0.00254596 -0.00359652 -0.00351619 -0.00251095 -0.000798864 0.00136357 0.00372691 0.00606885 0.00820485 0.00999145 0.0113461 0.0122254 0.0126066 0.0125248 0.011996 0.0110996 0.0098605 0.00836291 0.00666525 0.00481346 0.0028651 0.000860992 -0.00116483 -0.00318227 -0.00517202 -0.00711893 -0.00898707 -0.0108181 -0.0125661 -0.0142505 -0.0158851 -0.0174656 -0.0189798 -0.0204711 -0.0219228 -0.023359 -0.0247946 -0.0262392 -0.027701 -0.0291736 -0.0306761 -0.0322058 -0.0337515 -0.0353116 -0.0368868 -0.038413 -0.0399122 -0.0413465 -0.0426668 -0.0438335 -0.0448227 -0.0455245 -0.0459303 -0.0459895 -0.0456435 -0.0448303 -0.0435569 -0.0417789 -0.0395106 -0.0367303 -0.0334616 -0.0297242 -0.0255806 -0.0210504 -0.0162258 -0.0111744 -0.00599199 -0.000757623 0.00440443 0.00943314 0.0142291 0.0187294 0.0228542 0.0265679 0.0298154 0.0326084 0.0348894 0.0366572 0.0379368 0.0387677 0.0391312 0.0391126 0.0387375 0.0380535 0.0371222 0.0360117 0.0347225 0.0333305 0.0318524 0.03032 0.0287651 0.0272126 0.0256625 0.0241382 0.0226381 0.0211758 0.019752 0.0183497 0.0169893 0.0156315 0.0142728 0.0129164 0.0115468 0.0101309 0.0087044 0.00720954 0.00565181 0.0040127 0.00227763 0.000423793 -0.00156447 -0.00371776 -0.00605442 -0.00861887 -0.0114451 -0.0145503 -0.0179965 -0.0217875 -0.0259712 -0.0305389 -0.0354991 -0.0408143 -0.0464099 -0.0521737 -0.0579495 -0.063522 -0.0686558 -0.0730866 -0.0765381 -0.0787989 -0.0796469 -0.0789985 -0.0768108 -0.0731733 -0.0682942 -0.0624416 -0.0560082 -0.049395 -0.0430202 -0.0372492 -0.0323661 -0.0285765 -0.0259878 -0.0245809 -0.024262 -0.0248444 -0.0260953 -0.0277659 -0.0295963 -0.0314201 -0.0330894 -0.0345151 -0.0356169 -0.0363613 -0.0367956 -0.036966 -0.0369476 -0.0367604 -0.036448 -0.0360557 -0.0356209 -0.0351816 -0.0347268 -0.034276 -0.0338263 
0 0.00151922 0.00305665 0.00462456 0.00621029 0.0078382 0.00952743 0.0113302 0.0132772 0.0154007 0.0177504 0.0203603 0.023299 0.026582 0.0302165 0.0341485 0.0382652 0.0424374 0.0464674 0.0501484 0.053212 0.0553805 0.056408 0.0560953 0.054344 0.0511536 0.0466127 0.0409239 0.0343644 0.0272874 0.0201228 0.0132511 0.0070682 0.00185674 -0.00217977 -0.00493317 -0.00645231 -0.00680607 -0.00618565 -0.00480557 -0.00292404 -0.000785454 0.0013912 0.00340883 0.00511259 0.00641573 0.00727586 0.00765838 0.00759804 0.00712047 0.00630506 0.0051695 0.00379685 0.00224902 0.000562418 -0.00120792 -0.00301837 -0.00482672 -0.00661454 -0.00836178 -0.0100525 -0.0116582 -0.0132271 -0.0147065 -0.0161147 -0.0174728 -0.0187766 -0.0200178 -0.021238 -0.0224244 -0.0235866 -0.0247353 -0.0258822 -0.0270448 -0.0282094 -0.0294081 -0.0306345 -0.031871 -0.0331205 -0.034401 -0.0356447 -0.0368749 -0.0380552 -0.0391362 -0.040085 -0.0408957 -0.0414699 -0.0417943 -0.0418136 -0.0414798 -0.0407509 -0.0396254 -0.0380436 -0.0360179 -0.0335406 -0.0306275 -0.0272881 -0.0235761 -0.0195146 -0.0151843 -0.0106465 -0.00598746 -0.00127999 0.00336911 0.00789894 0.0122123 0.0162532 0.0199623 0.0233015 0.026207 0.0286916 0.0307198 0.0322944 0.0334293 0.0341543 0.034461 0.034441 0.034111 0.0335101 0.0326954 0.0317242 0.0305933 0.0293924 0.0281285 0.026821 0.0255015 0.0241977 0.0228974 0.0216356 0.0204053 0.0192099 0.0180409 0.0168905 0.0157743 0.0146596 0.0135469 0.0124441 0.0113266 0.0101612 0.00898965 0.00775278 0.00645221 0.00507342 0.00360216 0.00199917 0.000250196 -0.00167544 -0.00379825 -0.00617153 -0.00882468 -0.0117784 -0.0151064 -0.0188218 -0.0229689 -0.0275398 -0.0325508 -0.037954 -0.0436636 -0.0495622 -0.0554934 -0.061228 -0.0665212 -0.0711099 -0.0747204 -0.0771362 -0.0781311 -0.0776322 -0.075601 -0.0721209 -0.0673986 -0.0617075 -0.0554412 -0.0489904 -0.0427621 -0.0371227 -0.0323567 -0.0286648 -0.0261608 -0.0248434 -0.0246401 -0.0253757 -0.0268182 -0.0287273 -0.0308483 -0.0330059 -0.0350369 -0.0368353 -0.0383171 -0.0394342 -0.0402193 -0.0407082 -0.0409705 -0.0410386 -0.0409537 -0.0407632 -0.040504 -0.0402143 -0.0398953 -0.0395638 -0.0392227 
0 0.00179385 0.00358926 0.00542888 0.00726859 0.00916563 0.0111177 0.0131716 0.0153867 0.0177667 0.020392 0.0232702 0.0264686 0.0300115 0.0338684 0.0379907 0.0422342 0.0464674 0.0504868 0.0540634 0.0569282 0.0588165 0.0594933 0.0587738 0.0565804 0.0529051 0.0478897 0.0417091 0.0346503 0.0270806 0.0193966 0.012032 0.00532945 -0.000395095 -0.00492553 -0.00816432 -0.0101313 -0.0108998 -0.0106367 -0.00955494 -0.00790176 -0.00594889 -0.00387369 -0.00191972 -0.000236294 0.0010961 0.00200569 0.00247817 0.00252032 0.00217186 0.00149714 0.000535544 -0.000670659 -0.0020129 -0.00348214 -0.00503193 -0.00660205 -0.00816646 -0.009713 -0.011218 -0.0126526 -0.0140229 -0.0153294 -0.0165657 -0.0177254 -0.0188409 -0.0198976 -0.0209111 -0.0218816 -0.0228282 -0.0237528 -0.0246504 -0.0255394 -0.0264387 -0.027322 -0.0282134 -0.0291409 -0.0300601 -0.0309902 -0.0319413 -0.0328711 -0.0337619 -0.0346224 -0.0353889 -0.0360465 -0.036566 -0.0369093 -0.0370397 -0.0369319 -0.0365279 -0.0358255 -0.0347894 -0.0333853 -0.0316029 -0.029461 -0.026945 -0.0240812 -0.0208995 -0.0174465 -0.0137634 -0.00991632 -0.00595929 -0.0019719 0.00198695 0.00584878 0.00954717 0.0130086 0.0162078 0.0190909 0.0216188 0.0237734 0.0255602 0.0269628 0.028008 0.0286956 0.0290589 0.0291393 0.0289588 0.0285333 0.0279462 0.0272005 0.0263201 0.0253756 0.0243847 0.023335 0.0222973 0.0212721 0.0202405 0.019238 0.0182678 0.0173073 0.0163639 0.0154488 0.0145423 0.0136404 0.0127384 0.0118475 0.0109287 0.00999055 0.00902452 0.0080116 0.00692775 0.0057685 0.00451315 0.00313963 0.00160612 -9.72e-05 -0.00199504 -0.00417632 -0.00663805 -0.00942968 -0.0126201 -0.0162372 -0.0202973 -0.0248335 -0.029824 -0.0352456 -0.0409981 -0.0469425 -0.0529488 -0.0587508 -0.0641072 -0.0687549 -0.0724341 -0.0749032 -0.0759771 -0.0755538 -0.0736247 -0.0702697 -0.0656597 -0.0601214 -0.0539963 -0.0476959 -0.0416092 -0.0360934 -0.0314518 -0.0278652 -0.025457 -0.0242453 -0.0241752 -0.0250749 -0.0267374 -0.0289065 -0.0313561 -0.0338956 -0.0363314 -0.0385742 -0.0404927 -0.0420632 -0.043279 -0.044157 -0.0447902 -0.0451757 -0.0453997 -0.0454796 -0.0454586 -0.0453969 -0.0452663 -0.0451286 -0.0449523 
