0 0 0 0 0 0 0 0 0 0 0 0 0 0 0 0 0 0 0 0 0 0 0 0 0 0 0 0 0 0 0 0 0 0 0 0 0 0 0 0 0 0 0 0 0 0 0 0 0 0 0 0 0 0 0 0 0 0 0 0 0 0 0 0 0 0 0 0 0 0 0 0 0 0 0 0 0 0 0 0 0 0 0 0 0 0 0 0 0 0 0 0 0 0 0 0 0 0 0 0 0 0 0 0 0 0 0 0 0 0 0 0 0 0 0 0 0 0 0 0 0 0 0 0 0 0 0 0 0 0 0 0 0 0 0 0 0 0 0 0 0 0 0 0 0 0 0 0 0 0 0 0 0 0 0 0 0 0 0 0 0 0 0 0 0 0 0 0 0 0 0 0 0 0 0 0 0 0 0 0 0 0 0 0 0 0 0 0 0 0 0 0 0 0 0 0 0 0 0 0 
0 1.35898e-05 1.94133e-05 1.78586e-05 2.85923e-05 3.42698e-05 3.81099e-05 3.67026e-05 4.20284e-05 5.09596e-05 4.73167e-05 4.45903e-05 4.65979e-05 6.06333e-05 6.57309e-05 6.87955e-05 7.51292e-05 8.68993e-05 9.68114e-05 9.87101e-05 0.000112286 0.000120474 0.000134947 0.000141155 0.000148895 0.000158134 0.000162453 0.000184617 0.000198236 0.000210052 0.000214909 0.000223072 0.000229528 0.000223267 0.00021056 0.000200066 0.000186278 0.00017373 0.000176651 0.000173889 0.000193261 0.000225012 0.000292787 0.000389174 0.000508132 0.000677968 0.000884529 0.00114365 0.00146671 0.0018466 0.00227005 0.00274243 0.00323446 0.00374405 0.00423531 0.00469444 0.00509531 0.00540769 0.0056363 0.00577552 0.00583156 0.00582584 0.00578749 0.00571974 0.005658 0.00560839 0.00557144 0.00553379 0.00549441 0.00540611 0.00525454 0.0050226 0.00468099 0.0042297 0.00368305 0.00303262 0.00230629 0.00152956 0.000702395 -0.000138658 -0.000973813 -0.00178738 -0.00254629 -0.00321821 -0.00379635 -0.00424958 -0.00457868 -0.00479273 -0.00490497 -0.00490735 -0.00482477 -0.00466936 -0.00444436 -0.00414515 -0.0037966 -0.00339694 -0.00296665 -0.00251248 -0.00204142 -0.00156601 -0.00110832 -0.000640244 -0.000162806 0.000324787 0.000819328 0.00131985 0.00181119 0.00229751 0.00274902 0.00315785 0.00351969 0.00383389 0.0040734 0.0042356 0.00430934 0.00427909 0.00411177 0.00380801 0.00334843 0.00273425 0.00198183 0.00110444 0.000112006 -0.000958127 -0.00209963 -0.00328733 -0.00448206 -0.00566265 -0.00678534 -0.00779861 -0.00866818 -0.00935217 -0.00980543 -0.0100239 -0.00999016 -0.00971451 -0.00921772 -0.00854497 -0.00771819 -0.00680078 -0.00584005 -0.00487917 -0.00396707 -0.00315727 -0.00245648 -0.00189217 -0.00146367 -0.00114142 -0.000918504 -0.000757998 -0.000649677 -0.00056547 -0.000492046 -0.000422994 -0.000352378 -0.000267473 -0.000203905 -0.000143685 -9.57258e-05 -7.01097e-05 -4.90696e-05 -4.78063e-05 -5.17839e-05 -7.72853e-05 -0.000107021 -0.000132864 -0.000156742 -0.000185252 -0.000205159 -0.000225307 -0.000241847 -0.000244715 -0.000246094 -0.000239381 -0.000246747 -0.000240953 -0.000232863 -0.000230316 -0.000231433 -0.000236816 -0.000234062 -0.000238731 -0.000239848 -0.000244107 -0.000243983 -0.000245066 -0.000240358 -0.000233511 -0.000235425 -0.000232038 -0.00023012 -0.000217231 -0.000217505 -0.00021962 -0.000215504 -0.00021546 -0.000214302 -0.000228128 -0.000227357 -0.00022559 
0 1.94133e-05 2.25094e-05 2.3779e-05 3.88221e-05 5.3922e-05 6.13036e-05 5.96099e-05 7.56809e-05 9.57393e-05 9.6945e-05 9.80609e-05 0.000106014 0.000134383 0.00014669 0.00014732 0.000164495 0.000179869 0.000198889 0.000202586 0.000216044 0.000243527 0.00025739 0.000283555 0.000300048 0.000316322 0.000341185 0.000364422 0.000401631 0.000407617 0.000410829 0.000426115 0.000426812 0.000422947 0.000400566 0.000387279 0.00037271 0.000362121 0.000369382 0.000387034 0.000417228 0.000493428 0.000629934 0.000811752 0.00106455 0.00138914 0.00180924 0.00232816 0.00297377 0.00373527 0.00459752 0.00553575 0.00654026 0.00755918 0.00853436 0.00945523 0.0102258 0.0108317 0.0112633 0.0115145 0.0116033 0.0115913 0.0114834 0.0113478 0.0111989 0.011066 0.0109621 0.010856 0.0107372 0.0105546 0.0102481 0.00978604 0.00914309 0.00827195 0.00722002 0.00597229 0.00456741 0.00303584 0.001433 -0.000224702 -0.00185534 -0.00342954 -0.00488477 -0.00619602 -0.00730185 -0.00821196 -0.00889747 -0.00935009 -0.00957751 -0.00962614 -0.00948303 -0.00917836 -0.00872554 -0.00815369 -0.00747686 -0.00670932 -0.00586309 -0.00498669 -0.00408258 -0.00315753 -0.00220913 -0.00124866 -0.000289115 0.000669628 0.00165341 0.00263274 0.00359668 0.00452651 0.00540679 0.00621873 0.0069449 0.00753617 0.00800718 0.00832202 0.00843837 0.00832089 0.00797216 0.00734094 0.00643327 0.00523995 0.00378398 0.00205589 0.000127567 -0.00198842 -0.00424161 -0.00657681 -0.00892059 -0.0112503 -0.0134361 -0.0154263 -0.0171376 -0.0184722 -0.0193732 -0.0198189 -0.0197622 -0.0192413 -0.0182927 -0.0169653 -0.0153591 -0.0135433 -0.0116413 -0.00973919 -0.00793676 -0.00632142 -0.00495405 -0.00382974 -0.00298662 -0.00235688 -0.0019011 -0.00158479 -0.00135878 -0.00117771 -0.00102247 -0.00087831 -0.000714181 -0.000554478 -0.000404336 -0.000287328 -0.000192286 -0.000132995 -0.000106058 -0.000100844 -0.000116673 -0.00017156 -0.000230855 -0.000277765 -0.000331915 -0.000370881 -0.000418504 -0.000449158 -0.000477193 -0.000495647 -0.000484375 -0.000492971 -0.000499341 -0.000496425 -0.0004859 -0.000471488 -0.000478832 -0.000474487 -0.00046554 -0.000465628 -0.000460609 -0.000465931 -0.000466368 -0.000467803 -0.000466063 -0.000456131 -0.000464224 -0.000468904 -0.000463312 -0.000454408 -0.000452039 -0.000462337 -0.000456686 -0.000446428 -0.000451638 -0.000460337 -0.000461859 -0.000447837 
0 1.78586e-05 2.3779e-05 1.79594e-05 4.46198e-05 6.42282e-05 7.79245e-05 8.1718e-05 0.000106886 0.000144652 0.000154377 0.000162265 0.000177634 0.000215148 0.000226286 0.000229767 0.000243786 0.00027251 0.000296286 0.000299348 0.000328996 0.000351839 0.000391732 0.000418974 0.000450806 0.000484896 0.000505269 0.00055891 0.000589468 0.000607945 0.000610367 0.000623809 0.000635605 0.000621217 0.000593665 0.000576463 0.000557666 0.000547796 0.000578554 0.000602525 0.000680094 0.000796647 0.0010072 0.00129694 0.00165941 0.00216303 0.00278791 0.00357571 0.00455844 0.00571953 0.00702122 0.00846265 0.00996518 0.0115 0.0129648 0.0143091 0.0154518 0.0163181 0.0169175 0.0172458 0.017331 0.0172384 0.0170448 0.0167704 0.0164975 0.0162457 0.0160188 0.0157887 0.0155581 0.0152234 0.0147487 0.0140889 0.013165 0.0119551 0.010477 0.00869924 0.006684 0.00450112 0.00217578 -0.000187363 -0.00251752 -0.0047662 -0.00685676 -0.00872244 -0.0103514 -0.0116803 -0.0127022 -0.0134208 -0.0138479 -0.0139525 -0.013782 -0.0133719 -0.0127453 -0.0119135 -0.0109499 -0.00985818 -0.00867906 -0.0074195 -0.00608399 -0.00469484 -0.00330573 -0.0018717 -0.000417751 0.00103907 0.00248173 0.00390438 0.00528239 0.00663716 0.00790828 0.00907444 0.010112 0.0109941 0.0116411 0.0120315 0.012134 0.0119211 0.0113357 0.0103878 0.00904121 0.00729542 0.00517615 0.00269964 -0.000112647 -0.00317435 -0.00645217 -0.00986195 -0.013286 -0.0166527 -0.0198375 -0.0227114 -0.025184 -0.0271448 -0.0284775 -0.0291569 -0.0291255 -0.028399 -0.0270264 -0.0251193 -0.0227549 -0.0201071 -0.0173212 -0.0145327 -0.0118872 -0.00953202 -0.00750235 -0.00586297 -0.00461237 -0.00367059 -0.00300461 -0.0025185 -0.00217309 -0.00189289 -0.00164188 -0.00140119 -0.00115503 -0.000882969 -0.000668565 -0.000479066 -0.000334093 -0.000255053 -0.000199677 -0.00019585 -0.000210697 -0.000279379 -0.000358268 -0.000425912 -0.000489114 -0.000560836 -0.000614979 -0.00066883 -0.000714119 -0.000727812 -0.000735221 -0.000729109 -0.000754742 -0.000748821 -0.00073319 -0.000725876 -0.000724502 -0.000726664 -0.00070639 -0.000701299 -0.000689888 -0.000689757 -0.000685728 -0.000688274 -0.000681113 -0.00067174 -0.000686327 -0.00069247 -0.000700574 -0.000685683 -0.000699153 -0.000713458 -0.00070491 -0.00069641 -0.000685609 -0.000705998 -0.000691152 -0.000672382 
0 2.85923e-05 3.88221e-05 4.46198e-05 7.61738e-05 0.000106168 0.000119608 0.000119939 0.000146761 0.000185402 0.000197475 0.00020775 0.000227478 0.000271955 0.000291802 0.000295478 0.000326227 0.000361542 0.000398883 0.000411839 0.00043805 0.00048296 0.000516611 0.000565427 0.000604772 0.000643753 0.000689146 0.000735384 0.000790089 0.000802092 0.00080714 0.000829254 0.000835275 0.000826914 0.000794329 0.000774713 0.000759932 0.000759988 0.000796278 0.000857188 0.000954896 0.00113618 0.0014305 0.00182271 0.00234623 0.00302219 0.00388451 0.00495509 0.00627661 0.00783417 0.00959547 0.0115141 0.0135465 0.0155938 0.0175386 0.0193216 0.0207882 0.0218877 0.022608 0.0229512 0.0229653 0.0227586 0.0223766 0.0219225 0.0214423 0.020985 0.0205722 0.0201695 0.0197647 0.0192819 0.018636 0.0177703 0.0166225 0.015115 0.0132837 0.0110999 0.00861583 0.00589217 0.0030199 6.13944e-05 -0.00285499 -0.00566674 -0.00828257 -0.0106589 -0.0127204 -0.0144636 -0.0158431 -0.0168319 -0.017426 -0.0176637 -0.0175326 -0.0170777 -0.0163322 -0.0153483 -0.0141648 -0.0128058 -0.0112947 -0.00968851 -0.00798674 -0.00620226 -0.00434914 -0.00245031 -0.000545131 0.00134402 0.00323343 0.00508197 0.0068707 0.00858104 0.0101867 0.0116561 0.0129503 0.013988 0.0147564 0.0151964 0.0152455 0.0148623 0.0140498 0.0127588 0.0109961 0.00875068 0.00604418 0.00286536 -0.000699883 -0.00461322 -0.00878921 -0.0131189 -0.0174683 -0.021763 -0.0258053 -0.0294858 -0.0326681 -0.0351911 -0.0369424 -0.0378611 -0.0378618 -0.0369775 -0.035265 -0.0328201 -0.0298119 -0.0264005 -0.0228097 -0.0192186 -0.0158159 -0.0127662 -0.0101682 -0.0080358 -0.00640619 -0.00517403 -0.00426533 -0.00360926 -0.00312103 -0.00272271 -0.00237435 -0.00204611 -0.0016958 -0.00135033 -0.00103502 -0.000777275 -0.000569792 -0.000431036 -0.000350706 -0.0003157 -0.00032509 -0.000401102 -0.000493236 -0.00057362 -0.00066265 -0.000737809 -0.000819289 -0.000881029 -0.000934969 -0.000968019 -0.000961895 -0.000977601 -0.000995077 -0.000993658 -0.000977573 -0.000957764 -0.000965959 -0.000959436 -0.000943531 -0.000937955 -0.000926706 -0.000930707 -0.000930846 -0.00093454 -0.000930453 -0.000917012 -0.000927944 -0.000934185 -0.000927088 -0.000913812 -0.000916835 -0.000934007 -0.000925334 -0.00090625 -0.000907671 -0.00092226 -0.000921551 -0.000902989 
0 3.42698e-05 5.3922e-05 6.42282e-05 0.000106168 0.000141072 0.00015787 0.000162724 0.000190469 0.000232032 0.000247319 0.000258747 0.000283556 0.00033093 0.000353271 0.000366196 0.000398617 0.000449652 0.000495593 0.000518396 0.000561151 0.000605972 0.00066045 0.000708523 0.000756832 0.000806184 0.00084889 0.000916129 0.000967608 0.000995725 0.00100943 0.00103487 0.00105291 0.00104035 0.00100725 0.000985261 0.000971523 0.000980959 0.00104383 0.00112994 0.0012894 0.00153769 0.00192825 0.00245449 0.0031268 0.00401003 0.00511422 0.00648724 0.0081703 0.0101473 0.0123682 0.014797 0.0173346 0.0198872 0.0223027 0.0244707 0.026248 0.0275347 0.028323 0.0286234 0.0284985 0.02806 0.0274218 0.0266627 0.0258876 0.0251501 0.0244725 0.0238336 0.0232273 0.0225482 0.0217279 0.0206948 0.0193494 0.0176355 0.0155558 0.0130789 0.0102641 0.00719157 0.00392075 0.000564022 -0.00277553 -0.00602336 -0.00908419 -0.0118753 -0.0143497 -0.016442 -0.0181213 -0.0193725 -0.0201977 -0.0205781 -0.0205466 -0.0201424 -0.0193919 -0.018318 -0.0169909 -0.0154281 -0.0136736 -0.0117572 -0.00969884 -0.00753343 -0.00531652 -0.00303296 -0.000719878 0.00159352 0.00388182 0.00611418 0.00825285 0.0102937 0.0121694 0.0138429 0.0152775 0.0164248 0.0172111 0.0175989 0.0175414 0.0170018 0.0159345 0.014332 0.0121701 0.0094524 0.00620597 0.00245078 -0.00176636 -0.00635742 -0.0112552 -0.0163415 -0.0214659 -0.0265132 -0.0313036 -0.0356672 -0.0394557 -0.0424978 -0.0446327 -0.0457822 -0.0458549 -0.0448563 -0.0428507 -0.0399776 -0.0363932 -0.0323394 -0.028056 -0.0237681 -0.0197008 -0.0160559 -0.0129203 -0.0103582 -0.008368 -0.00684813 -0.00572425 -0.00488466 -0.00425263 -0.00373242 -0.00327127 -0.00283328 -0.00238865 -0.00193215 -0.00153498 -0.00118808 -0.000907718 -0.000713353 -0.000573807 -0.000503443 -0.00048482 -0.000545326 -0.00063613 -0.000726145 -0.00082016 -0.000919824 -0.00100823 -0.00109035 -0.00115849 -0.00119105 -0.00120309 -0.00120956 -0.00123652 -0.00123117 -0.00120988 -0.00119626 -0.00119866 -0.00120357 -0.00119097 -0.00118895 -0.00118116 -0.00118258 -0.00118188 -0.00118388 -0.0011738 -0.00115906 -0.00116544 -0.00116479 -0.00115668 -0.00113368 -0.00114038 -0.00115423 -0.00114548 -0.00113142 -0.0011273 -0.0011528 -0.00114893 -0.00113643 
0 3.81099e-05 6.13036e-05 7.79245e-05 0.000119608 0.00015787 0.000179511 0.000193834 0.000227058 0.000272064 0.000295007 0.000314052 0.000348538 0.000400957 0.00043396 0.000453766 0.000493438 0.000548077 0.000599007 0.000632153 0.000677522 0.000734299 0.00079356 0.000852909 0.000908772 0.000964138 0.00101983 0.00108692 0.00114436 0.00117278 0.00118918 0.00121537 0.00123384 0.001227 0.00120397 0.00119381 0.00120373 0.00124791 0.00134707 0.00149276 0.00171572 0.00205531 0.00255395 0.00321706 0.004069 0.00516305 0.00653351 0.00822797 0.0102855 0.0126911 0.0153909 0.0183186 0.0213699 0.0244064 0.0272579 0.0297769 0.0317951 0.0332064 0.0339908 0.0341685 0.0338208 0.0330798 0.0320728 0.0309219 0.0297421 0.0286166 0.0275883 0.0266539 0.025795 0.0249219 0.0239408 0.0227635 0.0212892 0.0194474 0.0172277 0.0146125 0.0116439 0.00839061 0.00492255 0.00133203 -0.00227517 -0.00581133 -0.00917827 -0.0122893 -0.015072 -0.0174686 -0.0194335 -0.0209386 -0.0219813 -0.0225645 -0.0226999 -0.0224143 -0.0217293 -0.0206719 -0.0192857 -0.0175955 -0.0156472 -0.0134942 -0.011169 -0.00870973 -0.00616061 -0.00353969 -0.000888134 0.00176155 0.00438771 0.00694439 0.00938065 0.0116591 0.0137205 0.0155191 0.0170111 0.0181432 0.0188725 0.0191575 0.0189453 0.0181952 0.0168759 0.0149633 0.0124456 0.00932966 0.00564107 0.00140792 -0.00330634 -0.00842636 -0.0138708 -0.0195199 -0.0252327 -0.0308768 -0.0362584 -0.0411936 -0.0455 -0.0489759 -0.0514498 -0.0528093 -0.0529598 -0.0518998 -0.0496977 -0.0464908 -0.042472 -0.0378934 -0.0330329 -0.0281558 -0.0235208 -0.0193493 -0.0157626 -0.0128188 -0.0105138 -0.0087454 -0.00741061 -0.00640029 -0.00561351 -0.00495503 -0.00436514 -0.00380123 -0.00323125 -0.00266453 -0.00215134 -0.00170597 -0.00134027 -0.00106688 -0.000870713 -0.000749013 -0.000701263 -0.000738807 -0.000818533 -0.000907404 -0.00100477 -0.0011061 -0.00120391 -0.00129406 -0.00137028 -0.00141626 -0.00143622 -0.00145817 -0.00148616 -0.00148651 -0.00146595 -0.00144752 -0.00144742 -0.00144576 -0.00143431 -0.00142668 -0.00141653 -0.00141409 -0.0014124 -0.00141342 -0.00140498 -0.00139544 -0.00140273 -0.00140608 -0.00139618 -0.00137734 -0.0013819 -0.00139401 -0.0013867 -0.00137057 -0.00136823 -0.00138613 -0.00138289 -0.00136828 
0 3.67026e-05 5.96099e-05 8.1718e-05 0.000119939 0.000162724 0.000193834 0.000223158 0.000265966 0.000316334 0.000350867 0.000379916 0.000424165 0.000478246 0.000520264 0.000546526 0.000590462 0.000645037 0.000698239 0.000742894 0.00079087 0.000860086 0.000924998 0.000997047 0.00106217 0.00112423 0.00119408 0.00125828 0.00131906 0.00134628 0.00136493 0.00139044 0.00140867 0.00141136 0.00140473 0.00141455 0.00145896 0.00155261 0.00170417 0.00193017 0.00223884 0.00269135 0.00331549 0.00413147 0.0051805 0.00650202 0.00816 0.0101994 0.012655 0.0155088 0.0187011 0.0221286 0.0256779 0.0291656 0.0324066 0.0352172 0.0374101 0.0388766 0.0395806 0.0395532 0.0388912 0.0377472 0.0362648 0.0346155 0.0329297 0.0313253 0.0298685 0.0285786 0.0274244 0.026338 0.0252065 0.0239261 0.0223976 0.0205347 0.0183055 0.0157 0.012739 0.00947268 0.0059794 0.00232811 -0.00137687 -0.00504157 -0.00856873 -0.011874 -0.0148638 -0.0174908 -0.0196993 -0.0214544 -0.0227371 -0.0235572 -0.0239017 -0.0237857 -0.0232239 -0.0222482 -0.0208809 -0.0191619 -0.0171288 -0.0148408 -0.0123373 -0.00966666 -0.00686516 -0.00398353 -0.00106311 0.00184959 0.00472195 0.00749495 0.0101188 0.0125308 0.0146824 0.0165185 0.0179914 0.0190413 0.0196448 0.0197571 0.0193353 0.0183425 0.0167656 0.0145672 0.0117494 0.00831961 0.00430176 -0.00027263 -0.00532967 -0.0108128 -0.0166294 -0.0226656 -0.0287926 -0.0348625 -0.0406758 -0.0460405 -0.0507441 -0.0545638 -0.05732 -0.0588652 -0.0591053 -0.0580288 -0.0557055 -0.0522663 -0.0479343 -0.0429617 -0.0376551 -0.0323114 -0.0272178 -0.0226092 -0.0186457 -0.0153812 -0.01281 -0.0108344 -0.00932203 -0.00816343 -0.00723219 -0.00643414 -0.00570283 -0.00499321 -0.00427574 -0.00357993 -0.00293176 -0.00237332 -0.00191045 -0.0015462 -0.00128165 -0.00109519 -0.00100252 -0.000996299 -0.00104445 -0.00111462 -0.00120143 -0.0012933 -0.0013946 -0.00148886 -0.00157102 -0.0016308 -0.00166049 -0.00169999 -0.00172958 -0.00174083 -0.00172757 -0.00170972 -0.00170831 -0.00169918 -0.00168719 -0.00167031 -0.00165546 -0.00164613 -0.00164127 -0.00163784 -0.00162957 -0.00162519 -0.00163325 -0.00164353 -0.00163655 -0.0016284 -0.00163291 -0.0016445 -0.00164095 -0.00162498 -0.00162458 -0.00162886 -0.00162227 -0.00160113 
0 4.20284e-05 7.56809e-05 0.000106886 0.000146761 0.000190469 0.000227058 0.000265966 0.000311408 0.000360401 0.000402538 0.000436276 0.000486738 0.00053924 0.000586005 0.000629869 0.000674255 0.000740357 0.000797716 0.000855396 0.000919772 0.000986197 0.00107229 0.00114363 0.00121915 0.00129152 0.00135821 0.00143483 0.00148191 0.0015196 0.00154407 0.00156835 0.00159911 0.0016138 0.00163323 0.00167315 0.00175812 0.00190579 0.00212942 0.00243251 0.00285922 0.00343574 0.00420691 0.00521284 0.00647538 0.0080691 0.0100412 0.0124533 0.0153278 0.0186413 0.0223102 0.0262345 0.0302356 0.0341334 0.0377165 0.040744 0.043055 0.0445008 0.0450406 0.0447194 0.0436489 0.0419798 0.0399329 0.037669 0.03539 0.033234 0.0312851 0.02959 0.0281247 0.026806 0.0255417 0.0242137 0.0226952 0.0209213 0.0188136 0.0163546 0.0135473 0.01044 0.00706526 0.00352624 -0.000109094 -0.00374171 -0.00728791 -0.0106395 -0.0137498 -0.0165224 -0.0189159 -0.0208969 -0.0224389 -0.023486 -0.0240578 -0.024148 -0.0237658 -0.0229181 -0.0216523 -0.0200004 -0.0180073 -0.0156935 -0.0131166 -0.0103273 -0.00739226 -0.00435211 -0.00126213 0.00182219 0.00482008 0.00768589 0.0103593 0.0127998 0.0149366 0.0167126 0.0180778 0.0190089 0.0194266 0.0193118 0.0186465 0.0174116 0.0155662 0.0131302 0.0100773 0.00642764 0.00219762 -0.00256121 -0.00782631 -0.0135027 -0.0195242 -0.0257829 -0.0321554 -0.0384668 -0.0445624 -0.050205 -0.0551773 -0.0592597 -0.0622323 -0.0639307 -0.0642677 -0.0632024 -0.0608051 -0.0572346 -0.0526811 -0.0474499 -0.0418329 -0.0361561 -0.0307269 -0.0258001 -0.0215326 -0.0180286 -0.0152401 -0.0130901 -0.0114446 -0.0101515 -0.00909709 -0.00817239 -0.00730182 -0.00644076 -0.0055817 -0.00472967 -0.00394701 -0.0032474 -0.00266291 -0.00219236 -0.00182137 -0.00155617 -0.00139134 -0.00131852 -0.00131658 -0.00135554 -0.00141236 -0.00149845 -0.001586 -0.00168567 -0.00177205 -0.00182977 -0.00188366 -0.00191781 -0.00195803 -0.00197504 -0.00196936 -0.00196717 -0.00195738 -0.0019561 -0.00194318 -0.0019245 -0.00191312 -0.00190059 -0.00189757 -0.00189062 -0.0018785 -0.00187527 -0.00187638 -0.00188139 -0.00187806 -0.00186815 -0.00187253 -0.00187433 -0.00187004 -0.00186238 -0.00185771 -0.00186461 -0.00185535 -0.00184274 
0 5.09596e-05 9.57393e-05 0.000144652 0.000185402 0.000232032 0.000272064 0.000316334 0.000360401 0.000403723 0.000446057 0.000487085 0.000538939 0.00058751 0.000648657 0.00070179 0.000768084 0.000835834 0.000906109 0.000985373 0.00104792 0.00113692 0.00121255 0.00130003 0.0013758 0.00144288 0.00152761 0.00158388 0.00164396 0.00167945 0.00171503 0.00175189 0.00178929 0.00183427 0.00189325 0.00197482 0.0021192 0.00234242 0.00263426 0.00305598 0.00359049 0.00432602 0.00527098 0.00648045 0.00801844 0.00990461 0.0122351 0.0150464 0.0183476 0.0221049 0.0262449 0.0305995 0.0350249 0.0392691 0.0431188 0.0463149 0.0486485 0.0499916 0.0502787 0.0495598 0.0479682 0.045703 0.0429656 0.0400272 0.0370768 0.0343005 0.0318172 0.0296988 0.0278924 0.0263759 0.0250146 0.0236776 0.0222638 0.0206622 0.0187767 0.0165993 0.0140941 0.011267 0.00819276 0.00490546 0.00148773 -0.00196472 -0.00537383 -0.00867653 -0.0117714 -0.0146213 -0.0171522 -0.0193047 -0.021017 -0.0223005 -0.0231022 -0.023407 -0.0232278 -0.022608 -0.0215204 -0.0200195 -0.0181286 -0.0159048 -0.0133896 -0.0106354 -0.0076646 -0.00459357 -0.00147707 0.00160573 0.00460101 0.00743974 0.0100713 0.0123937 0.0143978 0.0160255 0.0172192 0.0179173 0.0181239 0.0177856 0.0168811 0.0153893 0.0133358 0.010691 0.00748297 0.00371669 -0.000600872 -0.00544241 -0.0107452 -0.0164844 -0.0225581 -0.0288682 -0.0353173 -0.0417332 -0.0479394 -0.0537373 -0.0588761 -0.0631096 -0.0662428 -0.0680578 -0.0684678 -0.0674334 -0.0650214 -0.0613587 -0.0567051 -0.0513075 -0.0455043 -0.0396284 -0.0339945 -0.0288492 -0.0244042 -0.0207176 -0.0177754 -0.0155046 -0.0137345 -0.0123497 -0.0111859 -0.0101518 -0.00916114 -0.00816574 -0.00714956 -0.00616433 -0.00520418 -0.00435339 -0.00361959 -0.00299392 -0.00250968 -0.00212431 -0.00187522 -0.00171961 -0.00165126 -0.00164328 -0.00167178 -0.00172194 -0.00180613 -0.00189218 -0.001972 -0.00204446 -0.00209003 -0.00214765 -0.00217239 -0.00220174 -0.00220951 -0.00220544 -0.00220935 -0.00219917 -0.00219923 -0.0021808 -0.00217464 -0.00216963 -0.00216804 -0.00216059 -0.00214775 -0.00214114 -0.00213007 -0.00212761 -0.00211374 -0.00211059 -0.00210137 -0.00209662 -0.00209366 -0.00208506 -0.00209294 -0.0020877 -0.00209391 -0.00208979 
0 4.73167e-05 9.6945e-05 0.000154377 0.000197475 0.000247319 0.000295007 0.000350867 0.000402538 0.000446057 0.00050479 0.000556742 0.000617237 0.000666387 0.000728274 0.000802964 0.000864776 0.000942789 0.00101421 0.00110277 0.00118596 0.00126436 0.0013622 0.0014412 0.00152192 0.00159426 0.00166592 0.00173641 0.00178274 0.00183733 0.00188855 0.00193559 0.00199842 0.00207629 0.00218403 0.00232846 0.00254474 0.00285403 0.00326168 0.00379593 0.00450142 0.00540918 0.00655783 0.00801979 0.00983274 0.0120565 0.0147561 0.0179754 0.0217091 0.025911 0.0304743 0.0352532 0.0400188 0.0445448 0.048586 0.0518334 0.0541083 0.0552449 0.0551726 0.0539633 0.0517688 0.0487902 0.0453257 0.0416262 0.0379653 0.0345456 0.0315048 0.0289364 0.0268179 0.0250966 0.0236778 0.0224155 0.021169 0.0198413 0.0182931 0.0164853 0.0143776 0.0119797 0.00930454 0.00642438 0.00337465 0.000230639 -0.002949 -0.00607032 -0.00908971 -0.0119008 -0.0144469 -0.016684 -0.0185545 -0.0199884 -0.0209933 -0.0215395 -0.0216203 -0.0212278 -0.0203808 -0.0191155 -0.0174563 -0.0154078 -0.0130485 -0.0104382 -0.00764016 -0.00472935 -0.0017594 0.00120416 0.00404606 0.00670957 0.00913429 0.0112626 0.0130383 0.014404 0.0153191 0.0157834 0.015725 0.0151296 0.0140056 0.0123418 0.0101134 0.00735889 0.00406442 0.000254878 -0.00405734 -0.00883195 -0.0140725 -0.0197111 -0.0256943 -0.0319387 -0.0383395 -0.0447108 -0.0509215 -0.0567312 -0.061902 -0.0662122 -0.0694187 -0.0713092 -0.0717906 -0.0707923 -0.0683747 -0.0647004 -0.0599771 -0.0545188 -0.0486319 -0.0426651 -0.0369387 -0.031702 -0.0271455 -0.0233796 -0.0203468 -0.0179979 -0.016182 -0.0147263 -0.013501 -0.0123851 -0.0112849 -0.0101545 -0.00899934 -0.00783937 -0.00672067 -0.00568687 -0.00478223 -0.00400338 -0.00335727 -0.00285328 -0.00248423 -0.002223 -0.0020682 -0.00199491 -0.00196643 -0.00198825 -0.00203796 -0.00211345 -0.00218651 -0.0022486 -0.00232043 -0.00236583 -0.00240435 -0.00243709 -0.00245324 -0.00246935 -0.00246201 -0.00246553 -0.00246085 -0.0024427 -0.00243758 -0.00242433 -0.00242142 -0.00240613 -0.00239312 -0.00238902 -0.00237426 -0.00236773 -0.00236205 -0.00236315 -0.00235857 -0.00234799 -0.0023463 -0.00234658 -0.00234436 -0.00233739 -0.00233545 -0.00233753 
0 4.45903e-05 9.80609e-05 0.000162265 0.00020775 0.000258747 0.000314052 0.000379916 0.000436276 0.000487085 0.000556742 0.000628718 0.000697514 0.000750944 0.000827226 0.000908991 0.000985415 0.00105566 0.00113086 0.00122936 0.00130895 0.00140027 0.00148804 0.00157956 0.00166231 0.00173408 0.00182003 0.00188027 0.00193931 0.00199874 0.00206398 0.00212856 0.00221079 0.00233466 0.00251025 0.00273423 0.00305182 0.00348193 0.0040152 0.0047186 0.00559653 0.00671963 0.0081048 0.00983282 0.0119708 0.0145413 0.0176288 0.0212586 0.025408 0.0300164 0.0349834 0.0401072 0.045176 0.0499066 0.0540392 0.0572553 0.0593401 0.0601469 0.0596076 0.0578057 0.0549239 0.0512143 0.0469632 0.042506 0.0381137 0.0340256 0.0304173 0.0274123 0.0249796 0.0231153 0.0216934 0.0205515 0.0195549 0.0185638 0.0174207 0.0160854 0.0144872 0.0125972 0.0104483 0.0080554 0.00545441 0.00271305 -0.000111707 -0.00296345 -0.0057601 -0.00843899 -0.0109251 -0.013158 -0.0150628 -0.0166306 -0.0178128 -0.0185664 -0.0188889 -0.0187958 -0.0182357 -0.0172529 -0.0158698 -0.0141286 -0.0120869 -0.00980042 -0.0072965 -0.00469488 -0.00204557 0.000574231 0.00309063 0.00544174 0.0075656 0.00935012 0.0107892 0.011833 0.0124339 0.0125697 0.0122464 0.0114282 0.0101179 0.00830024 0.00599127 0.0031885 -8.5629e-05 -0.00382442 -0.00802282 -0.0126588 -0.0177102 -0.0231644 -0.0289504 -0.0349995 -0.0412299 -0.0474626 -0.0535484 -0.0592766 -0.0643907 -0.0686569 -0.0718624 -0.0737646 -0.0742723 -0.0733144 -0.0709348 -0.067267 -0.0625609 -0.0570829 -0.0511791 -0.0452012 -0.0394689 -0.034227 -0.0296882 -0.0259226 -0.0228964 -0.020555 -0.0187269 -0.0172658 -0.0160045 -0.0148359 -0.0136548 -0.0124134 -0.011115 -0.00980712 -0.0084969 -0.00727814 -0.00618316 -0.00521174 -0.00440729 -0.00374694 -0.00324985 -0.00286492 -0.00260057 -0.00243786 -0.00233862 -0.00229415 -0.00230686 -0.00234628 -0.00239907 -0.00246693 -0.00253689 -0.00260501 -0.00263998 -0.00268655 -0.00271676 -0.00272994 -0.00272987 -0.00272066 -0.00271887 -0.00269613 -0.00268651 -0.00267352 -0.00266273 -0.00264811 -0.00264061 -0.00264305 -0.00263026 -0.00262374 -0.00262071 -0.00263172 -0.00262327 -0.00260993 -0.00260976 -0.00260968 -0.00260723 -0.00258484 -0.00258417 -0.00258712 
0 4.65979e-05 0.000106014 0.000177634 0.000227478 0.000283556 0.000348538 0.000424165 0.000486738 0.000538939 0.000617237 0.000697514 0.000771228 0.000828553 0.000907781 0.0010029 0.00108264 0.00115743 0.00123947 0.00134823 0.00144278 0.00153429 0.00163013 0.00172317 0.00181028 0.00188631 0.00196939 0.00203462 0.0020965 0.00217367 0.00226301 0.00235637 0.00247799 0.00266099 0.00291193 0.00323065 0.00365609 0.00421293 0.00490397 0.00578487 0.00688481 0.00825105 0.00991147 0.0119488 0.0144254 0.0173682 0.0208469 0.0248778 0.0294275 0.0344207 0.0397353 0.0451625 0.0504426 0.0552849 0.0593998 0.0624562 0.0642409 0.0646126 0.0635137 0.0610525 0.0574359 0.0529397 0.0478954 0.0426572 0.0375399 0.0328079 0.0286644 0.0252479 0.0225555 0.0205714 0.0191834 0.018217 0.0175166 0.0169251 0.0162679 0.0154659 0.0144381 0.0131379 0.0115663 0.00973463 0.0076638 0.00540197 0.00300337 0.000528755 -0.00195752 -0.00438286 -0.00668648 -0.00882516 -0.0107248 -0.0123454 -0.0136503 -0.0145907 -0.0151454 -0.0153096 -0.0150594 -0.0144361 -0.0134506 -0.0121187 -0.0105061 -0.00867024 -0.00664945 -0.00453903 -0.00238039 -0.000239394 0.00179027 0.00365144 0.00529649 0.00664478 0.00767082 0.00832201 0.00856238 0.00838904 0.00778696 0.00674007 0.00527299 0.00337735 0.00105304 -0.00169312 -0.00485985 -0.00844595 -0.0124442 -0.0168422 -0.0216368 -0.0268109 -0.0323152 -0.0380967 -0.0440684 -0.0500645 -0.0559411 -0.0614834 -0.066441 -0.0705927 -0.0737114 -0.0755677 -0.0760586 -0.0751065 -0.0727425 -0.0691039 -0.0644214 -0.0589781 -0.0531157 -0.0471923 -0.0415307 -0.0363729 -0.0319223 -0.02825 -0.0253114 -0.0230465 -0.0212923 -0.0198763 -0.0186425 -0.0174672 -0.0162418 -0.0149205 -0.0135129 -0.0120595 -0.0105836 -0.00917285 -0.0078754 -0.00670477 -0.00570096 -0.00486644 -0.00419891 -0.00365928 -0.00325734 -0.0029782 -0.00278521 -0.0026678 -0.00262145 -0.00261661 -0.00263768 -0.00268637 -0.00275577 -0.00281703 -0.00285628 -0.0029082 -0.00295143 -0.00297946 -0.002984 -0.00298624 -0.00298803 -0.00297282 -0.00296524 -0.00294891 -0.0029323 -0.00291054 -0.00290509 -0.0029074 -0.00289115 -0.0028784 -0.00287523 -0.00288764 -0.00287776 -0.00286175 -0.00286426 -0.00287053 -0.0028649 -0.00283831 -0.00283529 -0.00284249 
0 6.06333e-05 0.000134383 0.000215148 0.000271955 0.00033093 0.000400957 0.000478246 0.00053924 0.00058751 0.000666387 0.000750944 0.000828553 0.000892732 0.000977229 0.00108933 0.00117931 0.00126661 0.00136199 0.0014806 0.00158993 0.00167724 0.00177711 0.00186779 0.00195684 0.00203685 0.00211327 0.00218537 0.0022522 0.00235266 0.00247466 0.00261153 0.00279263 0.0030549 0.00340414 0.00384246 0.00440055 0.00510668 0.00598128 0.00706261 0.00840928 0.0100431 0.0120078 0.0143832 0.0172213 0.0205562 0.0244291 0.0288478 0.0337636 0.0390888 0.0446771 0.0503173 0.0557051 0.0605462 0.0645232 0.0673046 0.0686827 0.0685255 0.0667973 0.0636262 0.0592452 0.0539493 0.0481142 0.0421081 0.0362924 0.0309561 0.0263325 0.0225665 0.019683 0.0176429 0.0163399 0.0155902 0.0152184 0.0150567 0.0149229 0.0147009 0.0142937 0.0136339 0.0126857 0.0114589 0.00996364 0.00824227 0.00634491 0.00433384 0.00224548 0.000154499 -0.00189215 -0.00385044 -0.0056591 -0.00725719 -0.00861785 -0.00968599 -0.0104434 -0.0108712 -0.0109618 -0.010736 -0.0102123 -0.00939657 -0.00834938 -0.00710349 -0.00570174 -0.0042185 -0.00270822 -0.00121902 0.000164561 0.00140407 0.00244959 0.00324939 0.00377004 0.00397464 0.00382745 0.0033378 0.00247725 0.00124774 -0.000329115 -0.00225255 -0.004534 -0.00715283 -0.0101319 -0.0134804 -0.0172046 -0.0213013 -0.0257841 -0.0306226 -0.0357857 -0.0412285 -0.0468661 -0.052555 -0.058158 -0.063456 -0.0682035 -0.07218 -0.0751423 -0.0768818 -0.077285 -0.0762826 -0.0738993 -0.0702794 -0.06563 -0.0602499 -0.0544688 -0.0486509 -0.0431163 -0.0381112 -0.03382 -0.0303145 -0.027538 -0.025417 -0.0237981 -0.0224851 -0.0213346 -0.0202065 -0.0189922 -0.0176431 -0.0161721 -0.0146022 -0.0129786 -0.0113739 -0.00985695 -0.0084627 -0.00722989 -0.0061931 -0.00532881 -0.00461565 -0.00405863 -0.00364639 -0.0033432 -0.00313834 -0.00301451 -0.00294878 -0.0029225 -0.00293661 -0.00299218 -0.00303412 -0.00307207 -0.00312123 -0.00317292 -0.00321405 -0.0032247 -0.00324114 -0.00324853 -0.00324751 -0.0032482 -0.00323678 -0.00322045 -0.00319656 -0.00319325 -0.00319248 -0.00316992 -0.00314596 -0.00313754 -0.00314158 -0.00312471 -0.00310129 -0.00310243 -0.00311502 -0.00310876 -0.00308713 -0.00308704 -0.00310429 
0 6.57309e-05 0.00014669 0.000226286 0.000291802 0.000353271 0.00043396 0.000520264 0.000586005 0.000648657 0.000728274 0.000827226 0.000907781 0.000977229 0.00107394 0.00118525 0.00129498 0.0013807 0.00148838 0.00161425 0.00171945 0.00181785 0.00190102 0.00200111 0.00208953 0.00216966 0.00225619 0.00232681 0.0024227 0.00255192 0.0027207 0.00292123 0.00317797 0.00353544 0.00400553 0.00457979 0.00529678 0.0061865 0.00726362 0.00859878 0.0102088 0.0121484 0.014445 0.0171657 0.0203806 0.0240962 0.0283467 0.0331251 0.0383633 0.043954 0.0497521 0.055487 0.0608796 0.0655888 0.0692916 0.0716906 0.0725601 0.0717979 0.0693983 0.0654883 0.0603229 0.0542475 0.0476237 0.040899 0.0344396 0.0285695 0.0235443 0.0195169 0.0164983 0.0144721 0.0133016 0.0128006 0.0127981 0.0130927 0.0134937 0.0138694 0.0140989 0.0140796 0.013794 0.013208 0.0123342 0.011206 0.00987357 0.00835778 0.00673283 0.00502895 0.00329957 0.00159512 -1.53639e-05 -0.00152691 -0.00287205 -0.00401007 -0.00492949 -0.00563928 -0.00608834 -0.00629941 -0.00628366 -0.00606955 -0.00567295 -0.00513435 -0.00447229 -0.00375757 -0.00302196 -0.00232703 -0.00170781 -0.00120097 -0.000838445 -0.000693916 -0.000756289 -0.00104724 -0.00159589 -0.00242645 -0.00350844 -0.00486911 -0.00650083 -0.0084069 -0.0105745 -0.013035 -0.0157789 -0.0188426 -0.0222432 -0.0259983 -0.0301004 -0.0345677 -0.0393504 -0.0444121 -0.0496819 -0.0550335 -0.0603081 -0.0653201 -0.0698154 -0.0735524 -0.0763137 -0.0778741 -0.0781199 -0.0770027 -0.0745504 -0.070892 -0.0662761 -0.0609516 -0.0552776 -0.0496015 -0.0442298 -0.0394129 -0.0353359 -0.0320343 -0.029483 -0.0275788 -0.0261503 -0.0250276 -0.0240193 -0.0230011 -0.0218547 -0.0205279 -0.0190283 -0.0173903 -0.015634 -0.0138623 -0.0121325 -0.010499 -0.00903743 -0.00775924 -0.00667942 -0.00576432 -0.00502495 -0.00445618 -0.00402402 -0.0037061 -0.00349448 -0.00334707 -0.00325858 -0.0032377 -0.00325195 -0.00328646 -0.00330497 -0.0033519 -0.00341136 -0.00345074 -0.00348299 -0.00349597 -0.00351459 -0.00352039 -0.00352214 -0.00351943 -0.0034952 -0.00347518 -0.00346891 -0.00346433 -0.00343946 -0.00341047 -0.00340437 -0.00340874 -0.00339061 -0.00336689 -0.00336764 -0.00338091 -0.00337621 -0.00335143 -0.00335114 -0.00336607 
0 6.87955e-05 0.00014732 0.000229767 0.000295478 0.000366196 0.000453766 0.000546526 0.000629869 0.00070179 0.000802964 0.000908991 0.0010029 0.00108933 0.00118525 0.00131444 0.00141355 0.00151092 0.0016159 0.00173034 0.00184859 0.00192488 0.00202219 0.00211233 0.00220933 0.00230818 0.00239211 0.00249999 0.00262044 0.00280132 0.00302923 0.00330166 0.00365123 0.00412175 0.00471794 0.00546038 0.00636031 0.00745432 0.00879602 0.0103914 0.0123276 0.014587 0.0172326 0.0203199 0.0238856 0.0279686 0.0325623 0.0376467 0.0431464 0.0489439 0.0548349 0.060591 0.0658508 0.0703129 0.0736346 0.0755337 0.0758165 0.0743931 0.0712716 0.0666104 0.0606843 0.0538318 0.046508 0.0391246 0.0321127 0.0258078 0.020474 0.0162373 0.0131735 0.0111907 0.0101922 0.00999138 0.0103772 0.0111417 0.0121 0.0130564 0.0138985 0.0145375 0.014897 0.0149726 0.0147578 0.0142581 0.0134973 0.0125313 0.0113759 0.0101053 0.00875726 0.00737544 0.00598263 0.00465649 0.00338649 0.00219647 0.00111227 0.0001824 -0.000637424 -0.00132572 -0.00188354 -0.00229499 -0.0026129 -0.00284397 -0.00303608 -0.00318996 -0.00334832 -0.0035075 -0.00373087 -0.00404543 -0.00448163 -0.00501064 -0.00569114 -0.00652811 -0.00752145 -0.00864545 -0.00995155 -0.0114213 -0.0130652 -0.0148885 -0.0169313 -0.0191782 -0.0216764 -0.0244401 -0.0274897 -0.030852 -0.0345696 -0.0386197 -0.0430062 -0.047695 -0.0525851 -0.0575762 -0.0625138 -0.0671873 -0.0713706 -0.0748392 -0.0773239 -0.0786625 -0.0787031 -0.0774106 -0.0748219 -0.0711 -0.0664411 -0.0611687 -0.0555855 -0.0500469 -0.0448556 -0.0402548 -0.0364011 -0.0333593 -0.031077 -0.0294385 -0.0282956 -0.02741 -0.0266331 -0.0257846 -0.0247613 -0.0235083 -0.0220372 -0.0203532 -0.0185296 -0.0166116 -0.0146927 -0.0128529 -0.0111341 -0.00962606 -0.00828962 -0.00714833 -0.00619859 -0.00543676 -0.00484459 -0.00439673 -0.00406107 -0.00382181 -0.00365996 -0.00357603 -0.00356776 -0.003559 -0.00357992 -0.00360876 -0.0036621 -0.00371437 -0.00373481 -0.00376528 -0.00377077 -0.00378438 -0.00378805 -0.0037788 -0.00376304 -0.00373887 -0.00373966 -0.00373355 -0.00371086 -0.00368677 -0.0036853 -0.00369205 -0.00367676 -0.00365258 -0.00364951 -0.00366115 -0.00365043 -0.00362822 -0.00361993 -0.00363006 
0 7.51292e-05 0.000164495 0.000243786 0.000326227 0.000398617 0.000493438 0.000590462 0.000674255 0.000768084 0.000864776 0.000985415 0.00108264 0.00117931 0.00129498 0.00141355 0.0015359 0.00162803 0.00174127 0.00185741 0.00196386 0.00205896 0.00213805 0.00224217 0.00234394 0.00245393 0.00256739 0.00269695 0.0028741 0.0031088 0.00340586 0.00376755 0.00422754 0.00482053 0.00557936 0.00650138 0.00761797 0.00896241 0.0105705 0.0124936 0.0147456 0.0173551 0.0203589 0.0237943 0.0277131 0.0321322 0.0370278 0.0423728 0.0480618 0.0539568 0.059865 0.0654854 0.0705194 0.0746183 0.0774525 0.0787859 0.0784166 0.0762741 0.0724192 0.067003 0.0603308 0.0528005 0.0448372 0.0369225 0.0294665 0.0228192 0.0172481 0.0128949 0.0098064 0.00793994 0.00715682 0.00726977 0.00806591 0.00930799 0.0107887 0.0123278 0.0137866 0.0150479 0.0160653 0.0167887 0.0172009 0.0173169 0.0171594 0.0167346 0.0161068 0.0152966 0.0143439 0.0133059 0.0122071 0.0110426 0.00986055 0.00867226 0.00747482 0.00626754 0.00508652 0.00395177 0.00284188 0.00173025 0.0006474 -0.00041687 -0.00147775 -0.00253332 -0.00360566 -0.00472558 -0.0058666 -0.00702998 -0.00823765 -0.00951455 -0.0108466 -0.0122115 -0.0136167 -0.0150887 -0.0165934 -0.0181521 -0.0198042 -0.0215587 -0.0234318 -0.0254754 -0.0276917 -0.0301285 -0.0328296 -0.0358252 -0.0391382 -0.0428057 -0.0468054 -0.0511052 -0.0556309 -0.060269 -0.0648424 -0.0691674 -0.0730125 -0.0761306 -0.0783104 -0.0793604 -0.079143 -0.0776345 -0.0748749 -0.0710063 -0.0662849 -0.060983 -0.0554522 -0.0500318 -0.0450037 -0.0406217 -0.0370258 -0.0342484 -0.0322715 -0.0309504 -0.0301088 -0.0295536 -0.0290539 -0.0284562 -0.0276353 -0.0265256 -0.0251369 -0.023484 -0.0216167 -0.0196095 -0.0175363 -0.015491 -0.0135596 -0.0117854 -0.0102012 -0.00880634 -0.0076143 -0.00663572 -0.00585065 -0.00523695 -0.00476127 -0.00439869 -0.0041402 -0.00399072 -0.00391064 -0.00387797 -0.00386162 -0.00387296 -0.00391706 -0.00395124 -0.00399082 -0.00400728 -0.00402743 -0.00404726 -0.00405446 -0.00406119 -0.00403993 -0.00403218 -0.00402809 -0.00402085 -0.00400067 -0.00397275 -0.00397406 -0.00397296 -0.00395812 -0.00393308 -0.00392426 -0.00393077 -0.00391914 -0.0039008 -0.00389284 -0.00389992 
0 8.68993e-05 0.000179869 0.00027251 0.000361542 0.000449652 0.000548077 0.000645037 0.000740357 0.000835834 0.000942789 0.00105566 0.00115743 0.00126661 0.0013807 0.00151092 0.00162803 0.00173657 0.00185358 0.00196829 0.00209292 0.00218677 0.00228493 0.00238814 0.00250199 0.00263462 0.00276284 0.00293839 0.00316625 0.00347231 0.00385803 0.00433205 0.00493121 0.00568861 0.00662468 0.00776786 0.00912447 0.0107314 0.0126507 0.0148862 0.0174886 0.020439 0.0237933 0.0275762 0.0318138 0.0365351 0.041691 0.0472235 0.0530194 0.0589296 0.0647137 0.0701084 0.074776 0.0784029 0.0806647 0.081349 0.0802822 0.0774184 0.0728303 0.0667085 0.059376 0.0512261 0.0427485 0.0343911 0.0265895 0.0197024 0.0139933 0.00957969 0.0065609 0.00483762 0.00429418 0.00474513 0.00594801 0.00765479 0.00967104 0.0117687 0.0138118 0.0156921 0.0173211 0.0186595 0.0196872 0.0204001 0.0208022 0.0209317 0.0208149 0.0204833 0.0199566 0.0192724 0.0184157 0.0174409 0.0163443 0.0151202 0.0137948 0.0124049 0.0108829 0.00926691 0.0075684 0.00580313 0.00397138 0.00209045 0.000134676 -0.00184176 -0.00385765 -0.00588235 -0.00791403 -0.00995733 -0.0120023 -0.0139695 -0.0159067 -0.0178001 -0.0196326 -0.0214034 -0.0231412 -0.0248268 -0.026504 -0.0281804 -0.0299063 -0.0317206 -0.0336785 -0.0358175 -0.0381876 -0.0408317 -0.0437976 -0.047096 -0.0507402 -0.0546973 -0.0588678 -0.0631582 -0.0673816 -0.0713364 -0.0748127 -0.0775772 -0.0793897 -0.0801176 -0.0795943 -0.077808 -0.0748116 -0.0707624 -0.0658905 -0.0605327 -0.0550045 -0.0496567 -0.0447735 -0.0405868 -0.0372181 -0.0347112 -0.0330318 -0.0320306 -0.031547 -0.0313425 -0.0312066 -0.0309295 -0.030389 -0.0295059 -0.0282765 -0.0267062 -0.0248722 -0.0228125 -0.0206247 -0.0184212 -0.0162652 -0.0142553 -0.0123975 -0.0107406 -0.00929212 -0.00806727 -0.00707125 -0.00627118 -0.00562467 -0.00512142 -0.00474187 -0.00448336 -0.00432443 -0.00421544 -0.00416524 -0.00413864 -0.00416127 -0.00419938 -0.00423305 -0.0042691 -0.00429042 -0.00432639 -0.00434497 -0.00435124 -0.00434263 -0.0043311 -0.00432822 -0.004313 -0.00429035 -0.00426466 -0.00425632 -0.00425042 -0.00423346 -0.00421199 -0.00420081 -0.00420075 -0.0041908 -0.00417773 -0.00417146 -0.00417528 
