0 0 0 0 0 0 0 0 0 0 0 0 0 0 0 0 0 0 0 0 0 0 0 0 0 0 0 0 0 0 0 0 0 0 0 0 0 0 0 0 0 0 0 0 0 0 0 0 0 0 0 0 0 0 0 0 0 0 0 0 0 0 0 0 0 0 0 0 0 0 0 0 0 0 0 0 0 0 0 0 0 0 0 0 0 0 0 0 0 0 0 0 0 0 0 0 0 0 0 0 0 0 0 0 0 0 0 0 0 0 0 0 0 0 0 0 0 0 0 0 0 0 0 0 0 0 0 0 0 0 0 0 0 0 0 0 0 0 0 0 0 0 0 0 0 0 0 0 0 0 0 0 0 0 0 0 0 0 0 0 0 0 0 0 0 0 0 0 0 0 0 0 0 0 0 0 0 0 0 0 0 0 0 0 0 0 0 0 0 0 0 0 0 0 0 0 0 0 0 0 
0 0.000338127 0.000687982 0.00104279 0.00144558 0.00187989 0.0023494 0.00283126 0.00328518 0.00371618 0.0040762 0.00435724 0.00452324 0.00455011 0.0044597 0.00424594 0.00395506 0.00360599 0.00324544 0.00292299 0.00266416 0.00249813 0.00242443 0.0024643 0.00260229 0.00283244 0.00311027 0.00340917 0.00371485 0.00397645 0.00419262 0.00431598 0.00435537 0.00430783 0.00414761 0.00388709 0.00352254 0.00306378 0.00251651 0.00188386 0.0011716 0.000421255 -0.000385984 -0.0012264 -0.002075 -0.00293424 -0.00376996 -0.00459009 -0.00536929 -0.00608836 -0.00674623 -0.00734562 -0.00785652 -0.00828665 -0.00863748 -0.00889805 -0.00906709 -0.00914454 -0.00914454 -0.00905715 -0.00889759 -0.0086652 -0.00837264 -0.00802429 -0.00762685 -0.00719083 -0.00674349 -0.00627282 -0.00578919 -0.00532337 -0.00485823 -0.00440004 -0.00397925 -0.00358712 -0.00320624 -0.00286348 -0.00255124 -0.0022625 -0.00200159 -0.00177874 -0.00157639 -0.00138797 -0.0012228 -0.00109479 -0.00097842 -0.000869248 -0.000782302 -0.000713782 -0.000653563 -0.000608098 -0.000566902 -0.000532215 -0.000514266 -0.000496682 -0.000475995 -0.000469657 -0.000464738 -0.000452885 -0.00045201 -0.000451995 -0.000444033 -0.000445074 -0.000447767 -0.000440132 -0.000440886 -0.000444903 -0.00043733 -0.000433433 -0.000434148 -0.000426278 -0.00041794 -0.000407009 -0.000385542 -0.000369397 -0.000348646 -0.000305153 -0.000254896 -0.000211341 -0.000149752 -6.55343e-05 3.17572e-05 0.00013378 0.00025855 0.000405716 0.000567206 0.000750086 0.000973849 0.00120859 0.00146441 0.00176548 0.00209511 0.00244268 0.00283617 0.00325532 0.00368639 0.00414765 0.00462902 0.00511643 0.00560375 0.00609155 0.0065609 0.00700724 0.00742025 0.00780374 0.00813576 0.00841711 0.00863368 0.00878758 0.00887392 0.00887318 0.00880105 0.00865518 0.00841633 0.00808975 0.00769493 0.00720503 0.00664741 0.00601187 0.00531186 0.00456549 0.00375238 0.00289671 0.00201051 0.0010922 0.0001435 -0.000814723 -0.00178923 -0.00275332 -0.00372266 -0.00468598 -0.00561185 -0.00651114 -0.00734955 -0.00812397 -0.00879168 -0.00932788 -0.00971446 -0.00993413 -0.00997693 -0.0098288 -0.00952096 -0.00906358 -0.00850815 -0.00787656 -0.00721479 -0.00658968 -0.00602864 -0.00559037 -0.00526576 -0.00506756 -0.0049918 -0.00500526 -0.00510336 -0.00523272 -0.00538251 -0.00552781 -0.00564234 -0.0057278 -0.00575622 -0.00574547 
0 0.000687982 0.0013755 0.00211647 0.00290782 0.00379357 0.00474132 0.00569523 0.00663344 0.00747898 0.00821775 0.00878094 0.00910014 0.00917096 0.00896188 0.00853748 0.00793759 0.00721546 0.00648749 0.00580778 0.00527192 0.00490998 0.00473091 0.00477718 0.00502182 0.005438 0.00596569 0.00653586 0.00710992 0.00763503 0.00803222 0.00828305 0.00835744 0.00824306 0.00794274 0.00741248 0.00670403 0.00581301 0.00475037 0.00352459 0.00216163 0.000699294 -0.000859246 -0.00247397 -0.00413887 -0.00577934 -0.00740749 -0.00899747 -0.0105071 -0.0119128 -0.013217 -0.014387 -0.0154005 -0.0162651 -0.0169384 -0.0174765 -0.0178204 -0.0179908 -0.0180108 -0.0178755 -0.0175579 -0.0171275 -0.0165763 -0.0159023 -0.0151535 -0.0143292 -0.0134567 -0.0125314 -0.0116087 -0.0106803 -0.0097778 -0.00888783 -0.00805923 -0.0072474 -0.00650428 -0.00581844 -0.00519203 -0.00461066 -0.00409992 -0.00362289 -0.00320359 -0.00284538 -0.00252928 -0.00224118 -0.00198614 -0.0017843 -0.00161958 -0.00146733 -0.00132749 -0.00124277 -0.00116119 -0.00109049 -0.00103951 -0.0010084 -0.000963265 -0.000953605 -0.000933426 -0.000916243 -0.000907086 -0.00091283 -0.00089006 -0.00089721 -0.000895226 -0.000889222 -0.000882643 -0.000892294 -0.000871916 -0.000875106 -0.000868886 -0.000847464 -0.000821819 -0.000816646 -0.000773927 -0.00072047 -0.000661321 -0.0005983 -0.000509574 -0.000391411 -0.000246787 -9.44804e-05 8.68277e-05 0.000315054 0.000568307 0.000868041 0.00120162 0.00158202 0.00200325 0.00249291 0.0030228 0.00363168 0.00427496 0.00498814 0.00574881 0.0065766 0.00743959 0.00835279 0.00927682 0.0102336 0.011176 0.0121023 0.013027 0.0138881 0.0146802 0.015413 0.0160548 0.0165605 0.0169856 0.017265 0.0174129 0.0174037 0.0172442 0.0169278 0.0164487 0.0157992 0.0150002 0.0140642 0.0129577 0.0117256 0.0103676 0.00890728 0.00732749 0.00567286 0.00394705 0.00216636 0.000338427 -0.00154699 -0.00342614 -0.0053271 -0.00723099 -0.00911304 -0.0109529 -0.0127119 -0.0143694 -0.0158954 -0.0172107 -0.0182677 -0.0190404 -0.0194698 -0.0195633 -0.0192827 -0.018668 -0.0177939 -0.0166888 -0.0154637 -0.0141775 -0.0129459 -0.0118833 -0.0110191 -0.0104161 -0.01005 -0.00991221 -0.00998247 -0.0101758 -0.0104656 -0.0107748 -0.0110696 -0.0113264 -0.0114879 -0.0115699 -0.0115468 
0 0.00104279 0.00211647 0.00322214 0.00445273 0.00578612 0.00721681 0.00867787 0.0100678 0.0113663 0.0124583 0.013295 0.0137779 0.0138456 0.013537 0.012861 0.0119319 0.0108222 0.00966883 0.00860902 0.00773293 0.00711952 0.00678313 0.00677676 0.00706699 0.00762792 0.00834595 0.00913983 0.00995615 0.010668 0.0112431 0.011572 0.0116604 0.011498 0.0110319 0.0102817 0.00925178 0.00796766 0.00644607 0.0046995 0.00274903 0.000686949 -0.00151826 -0.00381345 -0.00614246 -0.00849539 -0.0108033 -0.0130736 -0.0152437 -0.017267 -0.0191346 -0.0208433 -0.0223244 -0.0235867 -0.0246264 -0.0254242 -0.025967 -0.0262569 -0.0263267 -0.0261563 -0.0257758 -0.0251945 -0.0244408 -0.0235254 -0.0224706 -0.021302 -0.0200804 -0.018785 -0.0174465 -0.0161298 -0.0148081 -0.0134976 -0.0122685 -0.0111046 -0.00997909 -0.00894792 -0.00799933 -0.00712087 -0.00632343 -0.00562604 -0.00499508 -0.00441681 -0.00390683 -0.00349208 -0.00311923 -0.00278081 -0.00250305 -0.00227539 -0.00207648 -0.00192308 -0.00178613 -0.00167118 -0.00159888 -0.00153538 -0.00146871 -0.00143917 -0.00141478 -0.00137977 -0.00136985 -0.00136517 -0.00134262 -0.00134242 -0.00134493 -0.00132648 -0.00132455 -0.00133038 -0.00130818 -0.00129465 -0.00128745 -0.00125856 -0.00122432 -0.0011838 -0.00111349 -0.00104749 -0.00096498 -0.000829666 -0.000670458 -0.00051405 -0.000307804 -4.45392e-05 0.000259606 0.000591378 0.000987205 0.00144773 0.00195887 0.00253698 0.00321996 0.00395022 0.0047463 0.00565824 0.00664637 0.00769068 0.00884212 0.0100584 0.0113051 0.0126181 0.0139699 0.0153308 0.0166802 0.0180166 0.0192996 0.02051 0.0216224 0.0226428 0.0235189 0.0242415 0.0247864 0.0251483 0.0253136 0.0252414 0.0249644 0.0244768 0.0237417 0.022771 0.0216099 0.0202103 0.0186238 0.0168394 0.0148887 0.0128094 0.0105608 0.00819721 0.00574468 0.00320154 0.00057095 -0.00210539 -0.00483049 -0.00755396 -0.0103027 -0.0130449 -0.0157063 -0.0182926 -0.0207211 -0.0229639 -0.0249063 -0.0264728 -0.0276098 -0.0282639 -0.0284076 -0.0280098 -0.0271456 -0.0258643 -0.0242928 -0.0225142 -0.0206596 -0.0189084 -0.0173624 -0.0161619 -0.0153072 -0.0148217 -0.0146877 -0.0148233 -0.0151873 -0.0156493 -0.0161584 -0.0166442 -0.0170392 -0.0173311 -0.0174605 -0.0174573 
0 0.00144558 0.00290782 0.00445273 0.00611166 0.00792791 0.0098533 0.0117932 0.0136698 0.0153695 0.0168196 0.0179025 0.0184988 0.0185678 0.0180903 0.017152 0.0158511 0.0143061 0.0127109 0.0112091 0.00995684 0.00903507 0.00847877 0.00834798 0.0086132 0.00921881 0.0100543 0.0109987 0.0119667 0.0128476 0.013522 0.0139261 0.0140176 0.0137765 0.0131887 0.0122196 0.0109244 0.00931814 0.00742101 0.00525076 0.00285187 0.00028625 -0.0024362 -0.00526253 -0.00816223 -0.0110516 -0.0139198 -0.0167365 -0.0194365 -0.0219763 -0.0243487 -0.0265097 -0.0284148 -0.0300594 -0.0314006 -0.0324786 -0.033232 -0.0336769 -0.0338448 -0.0337269 -0.0333058 -0.0326554 -0.031782 -0.0306911 -0.0294374 -0.0280374 -0.0265313 -0.0249198 -0.0232693 -0.0215959 -0.0199281 -0.0182684 -0.0166814 -0.0151314 -0.0136688 -0.0123025 -0.0110359 -0.00985712 -0.0087937 -0.00781738 -0.00694489 -0.00617671 -0.00549675 -0.00489174 -0.00435506 -0.00390469 -0.00352865 -0.003194 -0.0028974 -0.00268112 -0.00248902 -0.00232448 -0.0022011 -0.00210853 -0.00201313 -0.00196596 -0.00191774 -0.00187445 -0.00184991 -0.00184269 -0.00180844 -0.00180759 -0.00180101 -0.00178498 -0.00177228 -0.0017739 -0.00174045 -0.00172673 -0.00170189 -0.00165106 -0.00159074 -0.00154072 -0.00143932 -0.0013159 -0.00117507 -0.0010069 -0.000793256 -0.000533652 -0.000221311 0.000130354 0.000540594 0.00102828 0.00158241 0.00222371 0.00294011 0.00374793 0.00465075 0.00566262 0.00676075 0.00798559 0.00928614 0.0106843 0.0121677 0.0137394 0.015357 0.0170326 0.0187219 0.0204283 0.0220992 0.0237277 0.0253128 0.0267819 0.028119 0.0293284 0.0303594 0.0311619 0.031778 0.0321431 0.0322582 0.0320931 0.0316596 0.0309536 0.0299629 0.0286883 0.0271663 0.0254037 0.0233809 0.021145 0.0187097 0.0161032 0.0133071 0.0103738 0.00731941 0.0041569 0.000891837 -0.00247211 -0.00587227 -0.00932222 -0.0128066 -0.0162835 -0.0197033 -0.0230084 -0.0261436 -0.0290395 -0.0315598 -0.0336073 -0.0351128 -0.0359894 -0.0362169 -0.0357542 -0.0346699 -0.0330785 -0.0310766 -0.028834 -0.0264968 -0.0242757 -0.0223626 -0.0208558 -0.0198359 -0.0192883 -0.0191866 -0.0194695 -0.020008 -0.0207103 -0.0214549 -0.0221625 -0.0227709 -0.0232035 -0.023456 -0.0235058 
0 0.00187989 0.00379357 0.00578612 0.00792791 0.0102301 0.0126492 0.0150801 0.0173976 0.0194976 0.0212513 0.0225344 0.0232126 0.023213 0.0225491 0.0212922 0.0195813 0.0175709 0.0154737 0.0134922 0.0117956 0.010498 0.00965557 0.00932546 0.00948317 0.0100638 0.0109303 0.0119485 0.0130081 0.0139636 0.0147058 0.0151306 0.0152041 0.014905 0.0141977 0.013079 0.0115786 0.00972799 0.00755122 0.0050726 0.00233687 -0.000579151 -0.00366662 -0.00687576 -0.0101516 -0.0134443 -0.0167088 -0.0199229 -0.0230205 -0.0259504 -0.0286929 -0.0312197 -0.0334722 -0.0354355 -0.0370897 -0.0384265 -0.0394118 -0.040048 -0.0403611 -0.04034 -0.0399958 -0.0393627 -0.0384645 -0.037315 -0.0359504 -0.0344038 -0.0327246 -0.030916 -0.029024 -0.027096 -0.0251392 -0.0231766 -0.0212708 -0.0194181 -0.0176284 -0.0159398 -0.0143574 -0.0128792 -0.0115218 -0.0102914 -0.00917585 -0.00816779 -0.0072708 -0.00649254 -0.00580108 -0.00519437 -0.00467772 -0.00423389 -0.00384946 -0.00353952 -0.00327048 -0.00304391 -0.00287149 -0.00273024 -0.00260275 -0.00252003 -0.00245148 -0.00238852 -0.00235057 -0.00232557 -0.00228919 -0.00227527 -0.0022627 -0.00223736 -0.00221992 -0.00220714 -0.00216691 -0.00213046 -0.00208743 -0.00201704 -0.00192964 -0.00182938 -0.00168629 -0.00152135 -0.00132339 -0.00106944 -0.000766363 -0.000424958 -1.23998e-05 0.000475531 0.00103794 0.00167773 0.00241416 0.00325401 0.00419214 0.00524326 0.00642374 0.00770794 0.00909845 0.0106242 0.012248 0.0139587 0.0157694 0.017651 0.0195662 0.0215254 0.0234968 0.025453 0.0273593 0.029203 0.0309533 0.0325672 0.0340189 0.0353035 0.0363701 0.0371876 0.0377519 0.0380383 0.0380301 0.0377027 0.0370768 0.0361496 0.034903 0.0333495 0.0315281 0.0294285 0.0270692 0.0244706 0.0216625 0.0186691 0.0154725 0.012116 0.0086234 0.00499769 0.00124101 -0.00262208 -0.00656503 -0.0105685 -0.0146344 -0.0187198 -0.0227539 -0.0266898 -0.0304421 -0.0339227 -0.0369786 -0.0394834 -0.0413405 -0.0424595 -0.0427897 -0.0423033 -0.0410768 -0.0392231 -0.0368939 -0.03426 -0.0315248 -0.0289375 -0.0267055 -0.0249883 -0.0238492 -0.0233001 -0.0233039 -0.0237651 -0.0245621 -0.0255443 -0.0265887 -0.0275881 -0.0284492 -0.0291068 -0.0295185 -0.0296848 
0 0.0023494 0.00474132 0.00721681 0.0098533 0.0126492 0.0155545 0.0184529 0.0211902 0.0236465 0.0256613 0.0270907 0.0277923 0.0276763 0.0267687 0.025147 0.0229764 0.0204528 0.0178098 0.0152957 0.0130998 0.0113637 0.0101685 0.00956311 0.00953293 0.00999704 0.0108099 0.0118226 0.0128975 0.013876 0.0146375 0.0150659 0.0151192 0.0147718 0.0139854 0.0127702 0.0111437 0.00914671 0.0068047 0.00414745 0.00122271 -0.001902 -0.00520032 -0.0086312 -0.0121282 -0.0156538 -0.0191539 -0.0226033 -0.0259447 -0.0291284 -0.0321259 -0.0349098 -0.0374263 -0.0396459 -0.0415618 -0.0431402 -0.0443655 -0.0452277 -0.0457405 -0.0458926 -0.045701 -0.0451801 -0.04436 -0.0432597 -0.0419035 -0.0403318 -0.0385824 -0.0366758 -0.0346461 -0.0325496 -0.0303933 -0.0282134 -0.0260519 -0.0239339 -0.0218628 -0.0198842 -0.0180074 -0.0162414 -0.0145948 -0.0130887 -0.011712 -0.0104609 -0.00933931 -0.00835073 -0.00747217 -0.00669741 -0.00602888 -0.00545028 -0.00495217 -0.00453176 -0.00417483 -0.00387252 -0.00363124 -0.00342879 -0.00326112 -0.00313234 -0.00303175 -0.00294417 -0.00288442 -0.00283589 -0.00279276 -0.0027606 -0.0027354 -0.00269973 -0.00266986 -0.00263431 -0.00258288 -0.00251983 -0.00244607 -0.00234262 -0.00221742 -0.00206218 -0.00186597 -0.00163205 -0.00135516 -0.00101321 -0.000609854 -0.000147752 0.000396938 0.00103479 0.00176464 0.00259071 0.00353737 0.0046025 0.00578668 0.00709765 0.00855093 0.0101169 0.0118054 0.0136176 0.015533 0.0175243 0.0196049 0.0217369 0.0238926 0.0260608 0.0282205 0.0303284 0.032361 0.0342992 0.0361032 0.037742 0.0391856 0.0404188 0.0413998 0.0421108 0.0425282 0.0426515 0.0424537 0.0419243 0.0410786 0.0399187 0.0384329 0.0366405 0.0345734 0.0322256 0.0296238 0.0267775 0.023722 0.0204699 0.0170184 0.0133938 0.00962144 0.00569923 0.00162488 -0.00257467 -0.00689136 -0.0112985 -0.0157987 -0.0203492 -0.0248761 -0.0293222 -0.0335917 -0.0375694 -0.0410936 -0.0440132 -0.0462018 -0.0475615 -0.0480145 -0.0475452 -0.0462266 -0.0441803 -0.0415922 -0.0386508 -0.0356071 -0.0327381 -0.0302795 -0.0284246 -0.0272437 -0.0267614 -0.0269298 -0.0276339 -0.0287399 -0.0300652 -0.0314681 -0.0328173 -0.0339987 -0.0349415 -0.035585 -0.0359321 
0 0.00283126 0.00569523 0.00867787 0.0117932 0.0150801 0.0184529 0.021776 0.0249129 0.0276643 0.0298974 0.0314155 0.0320732 0.0318002 0.0305816 0.0285537 0.0258711 0.0227791 0.0195474 0.0164369 0.0136849 0.0114458 0.00983177 0.00888303 0.00860024 0.00887131 0.00956973 0.0105206 0.0115503 0.0125287 0.013269 0.0137043 0.0137503 0.0133715 0.0125667 0.0113097 0.00964412 0.00759975 0.00520494 0.00249261 -0.000471072 -0.00366562 -0.00701853 -0.0105011 -0.0140739 -0.0176564 -0.0212426 -0.0247737 -0.0282098 -0.0315093 -0.0346476 -0.0375696 -0.0402592 -0.0426743 -0.0447849 -0.0465874 -0.0480461 -0.0491536 -0.0499035 -0.0503038 -0.0503284 -0.0500203 -0.0493845 -0.0484353 -0.0472048 -0.045731 -0.0440193 -0.0421181 -0.040072 -0.0378928 -0.0356326 -0.0333244 -0.0309894 -0.0286516 -0.0263672 -0.0241398 -0.0219991 -0.019961 -0.0180502 -0.0162555 -0.0146033 -0.0131031 -0.0117497 -0.0105141 -0.00941643 -0.00845838 -0.00761886 -0.0068759 -0.00623461 -0.00568791 -0.00522443 -0.00482973 -0.00449556 -0.00422117 -0.00399768 -0.0038132 -0.00366317 -0.00354654 -0.00345082 -0.00337487 -0.00331316 -0.00325958 -0.00320931 -0.00316297 -0.00310807 -0.00304366 -0.00296866 -0.00287647 -0.00275717 -0.00260826 -0.00242729 -0.00221194 -0.00194879 -0.00162044 -0.00123784 -0.000800239 -0.000280961 0.000342226 0.00105053 0.00185491 0.00277358 0.00382793 0.00500261 0.00631273 0.0077598 0.00934712 0.0110527 0.0129022 0.0148708 0.0169378 0.0190915 0.0213287 0.0236034 0.0259137 0.0282357 0.0305248 0.0327633 0.0349255 0.0369727 0.038875 0.0406233 0.0421586 0.0434704 0.044532 0.0453249 0.0458129 0.0460129 0.0458969 0.0454549 0.0446996 0.0436219 0.042233 0.0405434 0.0385649 0.0363051 0.0338094 0.0310483 0.028071 0.024893 0.0215086 0.0179474 0.0142082 0.0103054 0.00624312 0.00201928 -0.00237561 -0.00689655 -0.0115713 -0.0163646 -0.0212368 -0.0261468 -0.0309805 -0.0356714 -0.0400569 -0.0439747 -0.0472531 -0.0497386 -0.0513122 -0.0518883 -0.0514561 -0.0500696 -0.0478936 -0.0450934 -0.0419244 -0.0386566 -0.0355791 -0.0329942 -0.0310629 -0.029924 -0.0295765 -0.0299637 -0.030986 -0.0324417 -0.0341807 -0.0360002 -0.0377546 -0.0393295 -0.040601 -0.0415475 -0.042125 
0 0.00328518 0.00663344 0.0100678 0.0136698 0.0173976 0.0211902 0.0249129 0.0283604 0.0313815 0.0337481 0.0352892 0.0358559 0.0353377 0.033784 0.0312817 0.0280452 0.0243497 0.0204687 0.0167271 0.0133602 0.0105646 0.00847986 0.00714146 0.00654575 0.00659607 0.00713253 0.00799028 0.00897678 0.0099103 0.0106638 0.0111008 0.0111642 0.0108164 0.0100205 0.00881079 0.00718112 0.00517672 0.0028299 0.000186174 -0.00271555 -0.00582459 -0.00909227 -0.0124953 -0.0159572 -0.0194795 -0.0229951 -0.0264683 -0.0298726 -0.0331681 -0.0363058 -0.0392773 -0.0420425 -0.0445582 -0.0468419 -0.0488097 -0.0504844 -0.0518374 -0.0528464 -0.0535032 -0.0538391 -0.0538092 -0.0534412 -0.052757 -0.0517506 -0.050462 -0.0489129 -0.0471497 -0.0451701 -0.0430384 -0.0407658 -0.0384068 -0.0359704 -0.0335376 -0.031085 -0.0286665 -0.0263068 -0.0240377 -0.0218569 -0.0198213 -0.0179119 -0.0161311 -0.0144982 -0.0130311 -0.0117167 -0.0105267 -0.00946492 -0.00854559 -0.00775676 -0.0070469 -0.00644548 -0.00593596 -0.00550374 -0.00513117 -0.00483757 -0.00457488 -0.00437215 -0.00420506 -0.00406872 -0.00394501 -0.0038637 -0.00377093 -0.00369348 -0.0036152 -0.00353459 -0.00342708 -0.00332325 -0.00317387 -0.00300319 -0.00280258 -0.00255696 -0.00223773 -0.00188681 -0.00147118 -0.000972179 -0.0003763 0.00030397 0.00107543 0.00196204 0.00299137 0.00414863 0.00542355 0.00685531 0.00842244 0.0101332 0.0119813 0.0139713 0.0160534 0.0182542 0.020529 0.0228885 0.0252772 0.0277015 0.0301046 0.0324796 0.0347842 0.0370146 0.0391049 0.041053 0.0428257 0.0443656 0.0456868 0.0467578 0.0475462 0.048047 0.0482729 0.04816 0.047764 0.0470525 0.0460395 0.044739 0.0431548 0.0412918 0.0391771 0.0368158 0.034212 0.0314135 0.0283997 0.0252086 0.0218344 0.0182918 0.0145715 0.0106848 0.00661942 0.00236565 -0.00205724 -0.00668394 -0.0114767 -0.0164376 -0.0215343 -0.0266898 -0.0318348 -0.0368414 -0.0415479 -0.0457861 -0.0493549 -0.0520773 -0.0538332 -0.0545047 -0.0541009 -0.0526819 -0.0503802 -0.0474405 -0.0440892 -0.0406595 -0.0374695 -0.0347919 -0.0328835 -0.0318262 -0.0316697 -0.0323479 -0.0337041 -0.0355912 -0.0377642 -0.0400535 -0.0422739 -0.0442634 -0.0459482 -0.0472217 -0.0480926 
0 0.00371618 0.00747898 0.0113663 0.0153695 0.0194976 0.0236465 0.0276643 0.0313815 0.0345506 0.0369883 0.0384705 0.0388492 0.0380522 0.0360747 0.0330707 0.0292393 0.0248968 0.0203596 0.0159513 0.0119557 0.00858654 0.0060081 0.00425382 0.00333572 0.00312236 0.00349255 0.00425185 0.00517569 0.0061225 0.00688247 0.00738566 0.00751981 0.00723177 0.00653313 0.00541025 0.00389395 0.00201451 -0.000191045 -0.00267852 -0.00538368 -0.00831912 -0.011388 -0.0145742 -0.0178476 -0.0211505 -0.0244811 -0.0277713 -0.0310151 -0.0341843 -0.0372501 -0.0401577 -0.042917 -0.0454806 -0.0478241 -0.0499228 -0.0517708 -0.0533452 -0.0546053 -0.0555677 -0.056194 -0.0564949 -0.0564583 -0.0560953 -0.0554119 -0.0544362 -0.0531395 -0.0515934 -0.0498186 -0.0478142 -0.0456464 -0.043358 -0.0409367 -0.0384361 -0.03592 -0.0333861 -0.0308761 -0.0284203 -0.0260484 -0.0237556 -0.0215852 -0.0195646 -0.0176971 -0.0159432 -0.0143585 -0.0129417 -0.0116689 -0.0105292 -0.00953557 -0.00865099 -0.00789988 -0.00725286 -0.00668339 -0.00620159 -0.0058153 -0.00546714 -0.00518259 -0.00495728 -0.00475785 -0.00458418 -0.00445568 -0.0043199 -0.00419378 -0.00408157 -0.00394956 -0.0037897 -0.00363426 -0.00343193 -0.00318412 -0.00290077 -0.00256549 -0.00215719 -0.00169439 -0.0011268 -0.000471693 0.00026241 0.00111339 0.00212193 0.00323662 0.0044804 0.00587253 0.00742822 0.00911719 0.0109509 0.0129243 0.0150253 0.0172155 0.019529 0.0219298 0.0243592 0.026829 0.0293238 0.0317735 0.0341799 0.0365347 0.0387546 0.0408383 0.0427555 0.0444812 0.0459775 0.0472445 0.048245 0.0489823 0.0494177 0.0495719 0.0494353 0.0490115 0.0483022 0.0473087 0.0460643 0.0445464 0.0427793 0.0407899 0.0385939 0.0361721 0.0335881 0.0308108 0.027874 0.0247791 0.0215032 0.0180948 0.01451 0.0107452 0.0067942 0.00264552 -0.0017328 -0.00632411 -0.0111631 -0.0162007 -0.0214071 -0.0267498 -0.0320844 -0.0373249 -0.0422623 -0.0467291 -0.0505182 -0.0534231 -0.0553054 -0.0560525 -0.0556698 -0.0542011 -0.0518211 -0.0487396 -0.0452629 -0.0417236 -0.0384448 -0.0357641 -0.0338825 -0.0329678 -0.0330292 -0.0339958 -0.0357414 -0.0380366 -0.0406931 -0.0434676 -0.0461678 -0.0486397 -0.0507388 -0.0524167 -0.0536113 
0 0.0040762 0.00821775 0.0124583 0.0168196 0.0212513 0.0256613 0.0298974 0.0337481 0.0369883 0.0393736 0.0406976 0.040814 0.0396395 0.0372075 0.0336492 0.0292057 0.024214 0.0190089 0.0139461 0.00932418 0.00538716 0.00232121 0.000169525 -0.0010725 -0.00151179 -0.00129664 -0.000613385 0.000300817 0.00126017 0.00209692 0.00269114 0.00294466 0.00279745 0.00224132 0.00129392 -3.67217e-05 -0.00172151 -0.00371612 -0.0059623 -0.00842193 -0.0110768 -0.0138589 -0.0167469 -0.0196986 -0.0227103 -0.0257493 -0.0287634 -0.0317585 -0.0347149 -0.0375876 -0.040361 -0.043027 -0.045551 -0.0479277 -0.0500938 -0.0520671 -0.0538209 -0.0553039 -0.0565205 -0.0574727 -0.0581146 -0.0584389 -0.0584546 -0.0581472 -0.0575268 -0.056586 -0.0553773 -0.0538892 -0.0521413 -0.0501761 -0.0480363 -0.0457169 -0.0432966 -0.0407888 -0.0382171 -0.0356234 -0.0330481 -0.0305087 -0.0280443 -0.0256673 -0.0233985 -0.0212598 -0.0192621 -0.0174338 -0.0157521 -0.0142115 -0.0128423 -0.011641 -0.0105484 -0.00960357 -0.00879022 -0.00807395 -0.00745636 -0.00695068 -0.00649273 -0.00611543 -0.00580598 -0.00552998 -0.00528339 -0.00509432 -0.00489476 -0.00470801 -0.00453418 -0.00434158 -0.00411398 -0.00388746 -0.00359964 -0.00326445 -0.00288999 -0.00244113 -0.00189154 -0.00128808 -0.000579041 0.00025535 0.0012063 0.00227868 0.00349612 0.00485045 0.00636535 0.00803273 0.00983853 0.0117879 0.0138681 0.0160753 0.0183914 0.0207895 0.0232502 0.0257677 0.028282 0.0308048 0.0332952 0.0357088 0.0380151 0.0402108 0.0422333 0.0440784 0.0457083 0.0471162 0.048268 0.04914 0.0497521 0.050095 0.0501362 0.0499091 0.0494287 0.048657 0.0476406 0.0463806 0.0449021 0.0432078 0.0413103 0.0392387 0.0370118 0.0346097 0.0320685 0.0294063 0.0266091 0.0236825 0.0206104 0.0174107 0.0140422 0.0104822 0.00671661 0.00272967 -0.00150277 -0.00601132 -0.0107928 -0.0158211 -0.0210738 -0.026493 -0.0319663 -0.0373529 -0.0424515 -0.0470849 -0.0510229 -0.0540502 -0.0560133 -0.0567957 -0.0564067 -0.0548958 -0.0524197 -0.0492333 -0.0456398 -0.0420066 -0.0386783 -0.0359732 -0.0341533 -0.0333591 -0.0336317 -0.034895 -0.0369871 -0.0397157 -0.0428293 -0.0460982 -0.0492978 -0.052237 -0.0547984 -0.0568724 -0.0584223 
0 0.00435724 0.00878094 0.013295 0.0179025 0.0225344 0.0270907 0.0314155 0.0352892 0.0384705 0.0406976 0.0417616 0.0415214 0.0399083 0.0369631 0.0328263 0.0277614 0.022124 0.0162775 0.0105911 0.0053839 0.000925295 -0.00258821 -0.00510059 -0.00662613 -0.00726698 -0.00717006 -0.00652875 -0.00558845 -0.00455185 -0.0035892 -0.00283125 -0.00238717 -0.00232857 -0.00266309 -0.00337128 -0.00444607 -0.00586141 -0.00757047 -0.00951075 -0.0116497 -0.013971 -0.0164136 -0.0189469 -0.0215399 -0.0241926 -0.026876 -0.0295482 -0.0322216 -0.0348912 -0.0375189 -0.0400885 -0.0425975 -0.0450216 -0.0473452 -0.0495184 -0.0515591 -0.0534391 -0.0551055 -0.0565555 -0.057784 -0.0587458 -0.0594259 -0.0598256 -0.0599293 -0.0597265 -0.0591977 -0.0583834 -0.0572709 -0.0558659 -0.054209 -0.0523335 -0.0502278 -0.0479579 -0.0455538 -0.0430394 -0.0404521 -0.0378344 -0.0352088 -0.0326072 -0.0300586 -0.0275997 -0.0252453 -0.0230001 -0.0209085 -0.0189688 -0.0171747 -0.0155507 -0.0140982 -0.0127761 -0.0116199 -0.0106109 -0.00971346 -0.00893456 -0.00828219 -0.00769537 -0.00719833 -0.00678086 -0.00640584 -0.00606938 -0.00579119 -0.00550981 -0.00524134 -0.00498571 -0.00470716 -0.00439247 -0.00407079 -0.00368294 -0.00323279 -0.00273042 -0.0021432 -0.0014439 -0.00066331 0.000244459 0.00128907 0.00245883 0.0037732 0.00525526 0.00687698 0.00864948 0.0105758 0.0126402 0.0148317 0.017136 0.0195405 0.0220176 0.0245419 0.0271007 0.0296716 0.0321911 0.0346646 0.037055 0.0393129 0.0414172 0.0433635 0.0450886 0.0465862 0.0478378 0.0488389 0.049566 0.0500107 0.0501956 0.0501148 0.049747 0.0491319 0.0482934 0.0472052 0.0459084 0.0444186 0.042757 0.0409246 0.03894 0.0368387 0.0346337 0.0323066 0.0298873 0.0273906 0.0247936 0.0220869 0.0192558 0.0163079 0.0131948 0.00987966 0.00634504 0.00256792 -0.00148769 -0.00586164 -0.0105513 -0.0155287 -0.0207722 -0.0262231 -0.0317626 -0.0372306 -0.0424238 -0.0471523 -0.0511791 -0.0542735 -0.0562672 -0.05705 -0.056623 -0.0550404 -0.0524585 -0.0491471 -0.045435 -0.041703 -0.0383102 -0.0355814 -0.0337922 -0.0330972 -0.0335431 -0.0350524 -0.0374564 -0.0405562 -0.04409 -0.0478096 -0.0514707 -0.054866 -0.0578636 -0.0603408 -0.0622419 
0 0.00452324 0.00910014 0.0137779 0.0184988 0.0232126 0.0277923 0.0320732 0.0358559 0.0388492 0.040814 0.0415214 0.0408406 0.0387373 0.0352346 0.0305107 0.0248313 0.0185685 0.0121182 0.00584962 0.000107939 -0.00481751 -0.00872406 -0.0115422 -0.0132859 -0.0140714 -0.0140268 -0.0133662 -0.0123452 -0.0111595 -0.0100184 -0.00902909 -0.00832717 -0.00799538 -0.00802708 -0.00842735 -0.00917551 -0.010256 -0.0116196 -0.0132107 -0.014979 -0.0169303 -0.0189949 -0.0211325 -0.0233456 -0.0256034 -0.0279071 -0.0302135 -0.0325351 -0.0348729 -0.0372146 -0.0395218 -0.0418168 -0.0440902 -0.0462952 -0.0484264 -0.0504736 -0.0524164 -0.0542035 -0.0558429 -0.0572936 -0.0585454 -0.0595581 -0.0603211 -0.0608247 -0.0610483 -0.0609584 -0.0605786 -0.0599096 -0.0589153 -0.057645 -0.0561149 -0.0543251 -0.0522973 -0.050102 -0.047735 -0.0452398 -0.0426532 -0.0400272 -0.0373592 -0.0347025 -0.0320989 -0.0295704 -0.0271111 -0.024781 -0.022593 -0.0205448 -0.0186546 -0.0169338 -0.0153661 -0.0139691 -0.0127323 -0.011624 -0.0106578 -0.00982345 -0.00908241 -0.00843563 -0.0078834 -0.00738121 -0.00693309 -0.00653413 -0.00614938 -0.00577212 -0.00540998 -0.00501854 -0.00459554 -0.00414563 -0.0036335 -0.00304213 -0.00238152 -0.00161918 -0.000740939 0.000249051 0.00138505 0.00266961 0.004087 0.00566212 0.00741665 0.00930444 0.0113304 0.0135008 0.015803 0.0181891 0.0206689 0.0232148 0.025797 0.0283689 0.0309488 0.0334728 0.0359001 0.0382191 0.0404143 0.0424059 0.0442052 0.0457981 0.0471327 0.0482031 0.0490203 0.0495675 0.0498282 0.0498308 0.0495709 0.049068 0.0483112 0.0473429 0.046172 0.0448191 0.0432827 0.0416108 0.0398251 0.0379124 0.0359053 0.0338375 0.0317075 0.0294959 0.0272457 0.0249324 0.022563 0.0200974 0.0175209 0.014839 0.0119874 0.00892149 0.00562173 0.00206236 -0.00181719 -0.00603264 -0.0106146 -0.0155161 -0.0207156 -0.0261731 -0.0317328 -0.0372455 -0.0424901 -0.0472627 -0.0513267 -0.0544332 -0.0564029 -0.0571383 -0.0566283 -0.0549294 -0.0522162 -0.0487447 -0.0448916 -0.0410325 -0.037533 -0.0347495 -0.0329303 -0.0322794 -0.0328269 -0.0344988 -0.037149 -0.0405331 -0.0444231 -0.0485221 -0.0525749 -0.0563763 -0.0597427 -0.0625829 -0.0647854 
0 0.00455011 0.00917096 0.0138456 0.0185678 0.023213 0.0276763 0.0318002 0.0353377 0.0380522 0.0396395 0.0399083 0.0387373 0.0360804 0.0320187 0.0266998 0.0204298 0.013584 0.00657129 -0.000220264 -0.00643138 -0.0117613 -0.0159984 -0.0190474 -0.0209631 -0.0218056 -0.0217594 -0.0210185 -0.0198252 -0.0184511 -0.0170285 -0.0157523 -0.0147256 -0.0140339 -0.0137145 -0.0137365 -0.0141037 -0.0148004 -0.0157789 -0.0169664 -0.0183618 -0.0198995 -0.0215714 -0.0233222 -0.0251243 -0.0270061 -0.0289202 -0.0308582 -0.0328209 -0.0348281 -0.0368355 -0.0388696 -0.0409085 -0.0429608 -0.0450133 -0.0470311 -0.0490177 -0.0509567 -0.0528123 -0.0545458 -0.0561872 -0.057661 -0.0589516 -0.0600438 -0.0609208 -0.0615269 -0.0618801 -0.0619578 -0.0617332 -0.0612087 -0.0603859 -0.0592646 -0.0578539 -0.0561959 -0.0542852 -0.052162 -0.0498516 -0.0474045 -0.0448305 -0.0421978 -0.0395204 -0.0368332 -0.0341533 -0.0315532 -0.0290383 -0.0266217 -0.0243145 -0.022175 -0.0201919 -0.018364 -0.0166959 -0.0152052 -0.0138654 -0.0126775 -0.0116255 -0.0106954 -0.00987237 -0.00914796 -0.00849124 -0.00789713 -0.00735044 -0.00682976 -0.00631851 -0.00581241 -0.00528311 -0.00472207 -0.00411185 -0.00343387 -0.00267202 -0.00182513 -0.000851909 0.000253001 0.00148775 0.002857 0.0044029 0.00610665 0.00795978 0.00994609 0.0120924 0.014368 0.0167586 0.0192246 0.0217759 0.0243652 0.0269806 0.0295796 0.0321488 0.0346266 0.0370036 0.0392411 0.0413139 0.0431837 0.0448371 0.0462401 0.0473829 0.0482712 0.048875 0.04921 0.0492817 0.0490921 0.0486274 0.0479575 0.0470573 0.0459481 0.0446626 0.0432348 0.0416457 0.0399446 0.0381609 0.0362947 0.0343777 0.0324057 0.0304147 0.0283965 0.026352 0.0242616 0.0221713 0.0200189 0.0177843 0.0154702 0.0130233 0.0104191 0.00758827 0.00450492 0.00113351 -0.00256444 -0.0066631 -0.0111291 -0.015963 -0.0211397 -0.0265655 -0.0321539 -0.0376671 -0.0429285 -0.0477078 -0.0517465 -0.0548154 -0.0567085 -0.0573412 -0.0566948 -0.0548414 -0.0519357 -0.0482826 -0.0442365 -0.0402019 -0.0365625 -0.0336363 -0.0317457 -0.0310384 -0.0315923 -0.0333364 -0.0360891 -0.0396713 -0.0437761 -0.0481463 -0.0524957 -0.0565796 -0.0602598 -0.0633596 -0.0658087 
0 0.0044597 0.00896188 0.013537 0.0180903 0.0225491 0.0267687 0.0305816 0.033784 0.0360747 0.0372075 0.0369631 0.0352346 0.0320187 0.0273729 0.0214906 0.0146667 0.00728506 -0.000225558 -0.00747095 -0.0140841 -0.0197392 -0.0242324 -0.0274629 -0.0294563 -0.0303229 -0.0301975 -0.0293118 -0.0279149 -0.0262428 -0.0245085 -0.0228589 -0.0214391 -0.0203461 -0.0196034 -0.0192129 -0.0191685 -0.0194467 -0.0200036 -0.0207944 -0.0217645 -0.0229077 -0.0241814 -0.0255298 -0.0269674 -0.0284596 -0.0299988 -0.0315807 -0.033192 -0.0348457 -0.0365525 -0.0382763 -0.0400414 -0.0418589 -0.04368 -0.0455351 -0.0474025 -0.0492658 -0.0511058 -0.0529078 -0.0546266 -0.0562595 -0.0577662 -0.0591194 -0.060305 -0.0612886 -0.0620403 -0.0625304 -0.0627674 -0.0627073 -0.0623551 -0.0617061 -0.0607644 -0.0594975 -0.0579716 -0.056187 -0.054164 -0.0519344 -0.0495503 -0.0470085 -0.0443704 -0.0416861 -0.0389838 -0.0362722 -0.0335916 -0.0309961 -0.0285082 -0.0261266 -0.0238696 -0.0217816 -0.019853 -0.0180872 -0.0164809 -0.0150401 -0.0137406 -0.0125886 -0.0115477 -0.0106153 -0.00976733 -0.00899581 -0.00826161 -0.00757251 -0.00689194 -0.00621127 -0.00550318 -0.00476477 -0.00395828 -0.00308568 -0.0021089 -0.00101926 0.0001935 0.00153311 0.00304219 0.0047081 0.00651715 0.00846934 0.0105821 0.0128429 0.015212 0.0176666 0.0202118 0.02283 0.0254573 0.0280916 0.0306962 0.0332262 0.035647 0.0379646 0.0400993 0.0420377 0.0437523 0.0452336 0.0464385 0.0473892 0.0480639 0.0484583 0.0485666 0.0484235 0.048022 0.0473736 0.0465202 0.0454571 0.0442096 0.0428061 0.0412681 0.0396143 0.0378947 0.0360867 0.0342467 0.0323874 0.0304924 0.0285972 0.0267172 0.0248317 0.0229467 0.0210615 0.0191505 0.017215 0.0151982 0.0130896 0.0108665 0.00846337 0.00583116 0.00293184 -0.000279001 -0.0038602 -0.00784456 -0.0122494 -0.0170431 -0.0221879 -0.0276236 -0.0331895 -0.0387016 -0.043944 -0.0486741 -0.0526549 -0.0556241 -0.0573938 -0.0578766 -0.0570461 -0.0549802 -0.0518571 -0.0479596 -0.0436867 -0.0394288 -0.0355654 -0.0324581 -0.0303692 -0.0295188 -0.0299524 -0.0316074 -0.0343559 -0.037945 -0.0421463 -0.0466349 -0.0511285 -0.0554052 -0.0592412 -0.0625321 -0.0651185 
0 0.00424594 0.00853748 0.012861 0.017152 0.0212922 0.025147 0.0285537 0.0312817 0.0330707 0.0336492 0.0328263 0.0305107 0.0266998 0.0214906 0.015068 0.00774031 -0.000108055 -0.00804625 -0.0156737 -0.0226034 -0.0285183 -0.0332038 -0.0365406 -0.038581 -0.0393875 -0.0391458 -0.0380698 -0.0363958 -0.0344148 -0.0322924 -0.0302441 -0.0283964 -0.0268463 -0.025655 -0.0248136 -0.0243252 -0.02417 -0.024306 -0.0246763 -0.0252638 -0.0259985 -0.0268817 -0.0278555 -0.0289081 -0.0300405 -0.0312199 -0.0324607 -0.0337381 -0.035074 -0.0364464 -0.0378779 -0.0393564 -0.0408986 -0.0424915 -0.0441474 -0.0458401 -0.047568 -0.049331 -0.0510809 -0.0528362 -0.0545475 -0.0561938 -0.057744 -0.0591778 -0.0604353 -0.0615403 -0.0624254 -0.0630748 -0.0634751 -0.0635958 -0.0634103 -0.0629363 -0.062163 -0.0610796 -0.0597035 -0.0580439 -0.0561387 -0.053994 -0.0516717 -0.049195 -0.0465878 -0.0438773 -0.0411586 -0.0384196 -0.0356993 -0.0330282 -0.0304521 -0.0279739 -0.0256447 -0.0234359 -0.0213872 -0.0195066 -0.0177901 -0.0162058 -0.0147913 -0.0134973 -0.012317 -0.0112366 -0.0102435 -0.00928641 -0.00838736 -0.00749651 -0.00659725 -0.00567381 -0.00471752 -0.00366672 -0.00254687 -0.00132138 3.06059e-05 0.00152894 0.00315523 0.00494821 0.00687172 0.00895606 0.0111886 0.0135418 0.0159737 0.0185296 0.0211483 0.0238004 0.0264523 0.0290945 0.03167 0.0341642 0.0365288 0.0387427 0.0407494 0.0425334 0.0440915 0.0453837 0.046394 0.0471343 0.0475876 0.0477407 0.0476497 0.0472836 0.0466768 0.0458414 0.0448003 0.0435598 0.0421796 0.0406489 0.0390223 0.0373103 0.0355343 0.0337198 0.0318796 0.0300427 0.028208 0.0263991 0.0246066 0.022848 0.0210988 0.0193779 0.017644 0.0159176 0.0141547 0.0123192 0.0104055 0.00834056 0.00609865 0.00361043 0.000832573 -0.00228263 -0.00577728 -0.00971374 -0.014068 -0.0188438 -0.0239925 -0.029407 -0.0349774 -0.0404545 -0.0456528 -0.0503099 -0.0541689 -0.0570011 -0.0585966 -0.0588805 -0.0578237 -0.0555102 -0.0521185 -0.0479525 -0.043393 -0.0388471 -0.0347023 -0.0312979 -0.0289354 -0.0277986 -0.0279722 -0.0294042 -0.0319553 -0.0354226 -0.0395286 -0.0439806 -0.0484774 -0.0527695 -0.0566616 -0.0599853 -0.0626093 
0 0.00395506 0.00793759 0.0119319 0.0158511 0.0195813 0.0229764 0.0258711 0.0280452 0.0292393 0.0292057 0.0277614 0.0248313 0.0204298 0.0146667 0.00774031 -4.07237e-05 -0.00829503 -0.0165947 -0.0245259 -0.031703 -0.0378018 -0.0426126 -0.0460157 -0.048045 -0.0487774 -0.0483879 -0.0470999 -0.0451463 -0.0428113 -0.0402902 -0.0378047 -0.0354976 -0.0334731 -0.0318071 -0.0305023 -0.0295685 -0.0289729 -0.0286795 -0.0286465 -0.0288384 -0.0291971 -0.0297128 -0.0303358 -0.0310532 -0.0318476 -0.0326889 -0.0336056 -0.0345642 -0.0355819 -0.0366579 -0.0378004 -0.0390054 -0.0402792 -0.0416138 -0.0430351 -0.0445206 -0.046065 -0.0476885 -0.049348 -0.0510423 -0.0527428 -0.0544388 -0.0560975 -0.057692 -0.0591807 -0.0605624 -0.0617622 -0.0627713 -0.0635783 -0.0641354 -0.06442 -0.0644314 -0.0641346 -0.0635233 -0.0626118 -0.0613924 -0.0598885 -0.0580989 -0.0560643 -0.0538165 -0.0513886 -0.0488115 -0.0461486 -0.0433927 -0.0406144 -0.0378601 -0.035137 -0.0324606 -0.0299087 -0.0274575 -0.0251341 -0.0229665 -0.0209495 -0.0190634 -0.0173511 -0.0157645 -0.0142919 -0.0129366 -0.0116738 -0.0104508 -0.00929202 -0.00814671 -0.00698226 -0.00579392 -0.00456524 -0.00323406 -0.00182538 -0.000303773 0.00135761 0.00314994 0.00506393 0.00715273 0.00936338 0.0116879 0.0141357 0.0166899 0.0192977 0.021972 0.024654 0.0273224 0.0299514 0.0325069 0.0349322 0.0372106 0.0392944 0.0411722 0.0428061 0.0441724 0.045271 0.0460769 0.0465817 0.0468156 0.0467723 0.04644 0.0458715 0.0450556 0.0440226 0.0427967 0.0414129 0.0398861 0.0382526 0.0365177 0.0347406 0.0329168 0.0310716 0.0292418 0.0274227 0.0256293 0.0238675 0.0221447 0.020462 0.0188227 0.0172048 0.0156335 0.0140574 0.0124772 0.0108618 0.00917123 0.00738413 0.00543744 0.00329357 0.000896666 -0.00180954 -0.00488058 -0.00835076 -0.0122743 -0.0166329 -0.0214251 -0.0265861 -0.0320044 -0.0375488 -0.042984 -0.0481077 -0.0526488 -0.0563585 -0.0590037 -0.0603895 -0.0604306 -0.0591007 -0.0564911 -0.0527876 -0.0482974 -0.0434006 -0.0385043 -0.0339961 -0.0302236 -0.0274747 -0.0259444 -0.0257218 -0.0267699 -0.0289743 -0.0321273 -0.0359721 -0.040207 -0.0445321 -0.0486987 -0.0524848 -0.0557266 -0.0582663 
0 0.00360599 0.00721546 0.0108222 0.0143061 0.0175709 0.0204528 0.0227791 0.0243497 0.0248968 0.024214 0.022124 0.0185685 0.013584 0.00728506 -0.000108055 -0.00829503 -0.0168991 -0.0255014 -0.0336767 -0.0410463 -0.0472803 -0.0521729 -0.0556139 -0.0575997 -0.0582387 -0.0576815 -0.0561671 -0.0539349 -0.0512414 -0.0483353 -0.0454211 -0.0426663 -0.0401776 -0.0380366 -0.0362692 -0.0348888 -0.0338586 -0.0331452 -0.0327319 -0.0325487 -0.0325631 -0.0327354 -0.0330302 -0.0334399 -0.0339213 -0.0344613 -0.0350851 -0.0357624 -0.036486 -0.0372854 -0.0381454 -0.0390837 -0.0400957 -0.0411781 -0.0423653 -0.0436297 -0.0449639 -0.0463936 -0.0479063 -0.0494712 -0.0510953 -0.0527626 -0.0544455 -0.0561017 -0.057723 -0.0592869 -0.0607264 -0.0620308 -0.0631791 -0.0641136 -0.0648103 -0.06527 -0.0654397 -0.0653168 -0.0648863 -0.0641421 -0.0630824 -0.0617186 -0.0600624 -0.0581488 -0.0559826 -0.0536168 -0.0510969 -0.0484313 -0.0456752 -0.0428928 -0.0400776 -0.0372698 -0.0345395 -0.031873 -0.0292911 -0.0268454 -0.024525 -0.0223233 -0.0202821 -0.0183679 -0.0165646 -0.0148867 -0.0133024 -0.0117651 -0.0102917 -0.00883581 -0.00735491 -0.00585072 -0.00429613 -0.00263766 -0.000897695 0.000948882 0.00293931 0.0050453 0.00725887 0.00961953 0.0120848 0.0146265 0.0172629 0.0199542 0.0226585 0.0253719 0.0280509 0.0306468 0.0331468 0.0354965 0.0376641 0.0396227 0.0413427 0.0427955 0.0439735 0.0448496 0.0454442 0.0457387 0.045736 0.0454629 0.0449277 0.0441282 0.0431151 0.0419054 0.0405129 0.038972 0.0373149 0.0355761 0.0337592 0.0319051 0.0300542 0.0281949 0.0263401 0.0245404 0.0227709 0.0210425 0.0193748 0.0177534 0.016194 0.0146732 0.0131803 0.0117305 0.0102848 0.0088099 0.00730547 0.00572139 0.00401393 0.0021404 3.92015e-05 -0.00232215 -0.00501452 -0.00808996 -0.0115809 -0.0155171 -0.0199052 -0.0247274 -0.0299059 -0.0353378 -0.040849 -0.0462416 -0.0512735 -0.055673 -0.0592015 -0.0616162 -0.0627501 -0.0625007 -0.0608525 -0.0579013 -0.0538447 -0.0489813 -0.0436948 -0.0383855 -0.0334364 -0.0292112 -0.0259693 -0.0239315 -0.0231829 -0.0237063 -0.0254213 -0.0281024 -0.0315323 -0.0353915 -0.0393895 -0.0432845 -0.0468167 -0.0498443 -0.0521756 
0 0.00324544 0.00648749 0.00966883 0.0127109 0.0154737 0.0178098 0.0195474 0.0204687 0.0203596 0.0190089 0.0162775 0.0121182 0.00657129 -0.000225558 -0.00804625 -0.0165947 -0.0255014 -0.0343509 -0.0427355 -0.0502455 -0.0565881 -0.0615446 -0.0649942 -0.0669598 -0.0674888 -0.0667891 -0.0650699 -0.0625626 -0.0595578 -0.0562698 -0.0529586 -0.0497826 -0.046852 -0.0442666 -0.0420715 -0.0402661 -0.0388316 -0.0377365 -0.0369418 -0.0364344 -0.0361159 -0.0359781 -0.0359941 -0.0361207 -0.0363356 -0.0366158 -0.0369752 -0.0373936 -0.0378742 -0.0383973 -0.0390143 -0.0397018 -0.0404501 -0.04129 -0.0422367 -0.043261 -0.0443725 -0.0456014 -0.0469078 -0.0483163 -0.049795 -0.0513539 -0.052972 -0.0546221 -0.0562663 -0.0579234 -0.0595197 -0.0610185 -0.0624229 -0.0636758 -0.0647272 -0.0655664 -0.0661842 -0.0665147 -0.0665546 -0.0662931 -0.06573 -0.0648151 -0.0636056 -0.0621027 -0.0602995 -0.058215 -0.0559414 -0.0534608 -0.0508206 -0.0480694 -0.0452457 -0.0423735 -0.0395189 -0.0366701 -0.0338717 -0.0311667 -0.0285543 -0.0260312 -0.0236468 -0.0213765 -0.0192105 -0.0171609 -0.0152034 -0.0132972 -0.0114514 -0.00962129 -0.00776881 -0.0058918 -0.00396419 -0.0019356 0.000169708 0.00236914 0.00468711 0.00711055 0.00961731 0.012229 0.0148953 0.017619 0.0203892 0.0231537 0.0258567 0.0285367 0.031114 0.0335351 0.0357805 0.0378466 0.0396487 0.0411942 0.0424648 0.0434495 0.0441034 0.0444702 0.0445508 0.0443271 0.0438152 0.0430743 0.0420819 0.0408554 0.0394749 0.0379306 0.0362465 0.0344702 0.0326388 0.0307453 0.0288462 0.0269361 0.0250612 0.0232118 0.0213973 0.0196404 0.017955 0.0163157 0.0147297 0.0132313 0.011775 0.0103604 0.008981 0.0076396 0.00628128 0.0049029 0.00346072 0.00193569 0.000283397 -0.00158016 -0.0036577 -0.00601918 -0.00872776 -0.0118327 -0.0153621 -0.0193489 -0.0237792 -0.0286494 -0.0338699 -0.0392908 -0.0447874 -0.0501044 -0.0550223 -0.0592616 -0.062556 -0.0647186 -0.0655493 -0.0649663 -0.062957 -0.0596189 -0.0551653 -0.0498906 -0.0441626 -0.0383866 -0.0329495 -0.0281894 -0.0243948 -0.0217459 -0.0203638 -0.0202533 -0.021319 -0.0234064 -0.0262502 -0.029589 -0.0331298 -0.0366011 -0.0397923 -0.0424801 -0.0445281 
