0 0 0 0 0 0 0 0 0 0 0 0 0 0 0 0 0 0 0 0 0 0 0 0 0 0 0 0 0 0 0 0 0 0 0 0 0 0 0 0 0 0 0 0 0 0 0 0 0 0 0 0 0 0 0 0 0 0 0 0 0 0 0 0 0 0 0 0 0 0 0 0 0 0 0 0 0 0 0 0 0 0 0 0 0 0 0 0 0 0 0 0 0 0 0 0 0 0 0 0 0 0 0 0 0 0 0 0 0 0 0 0 0 0 0 0 0 0 0 0 0 0 0 0 0 0 0 0 0 0 0 0 0 0 0 0 0 0 0 0 0 0 0 0 0 0 0 0 0 0 0 0 0 0 0 0 0 0 0 0 0 0 0 0 0 0 0 0 0 0 0 0 0 0 0 0 0 0 0 0 0 0 0 0 0 0 0 0 0 0 0 0 0 0 0 0 0 0 0 0 
0 -6.28995e-08 1.05735e-05 2.08264e-05 2.39995e-05 2.65208e-05 3.71384e-05 6.03008e-05 7.72487e-05 8.89894e-05 0.000104856 0.000123079 0.000144642 0.00015544 0.000167823 0.000182615 0.000189114 0.000193978 0.000187099 0.000178725 0.000166486 0.000149972 0.000146099 0.000134621 0.000120394 0.000110536 0.000106852 0.00012159 0.000129234 0.000148704 0.000185831 0.000231152 0.000299458 0.000379044 0.00048518 0.000609765 0.000761438 0.00095546 0.00118215 0.00142623 0.00167802 0.00192314 0.00212635 0.00227359 0.00233243 0.00228835 0.00211457 0.00181772 0.00141486 0.000927852 0.000385905 -0.000163318 -0.000683918 -0.00116336 -0.00154503 -0.00183023 -0.00200051 -0.00205158 -0.00198755 -0.00182794 -0.00158094 -0.00127927 -0.000927103 -0.000551664 -0.000168902 0.000234002 0.000628742 0.00102675 0.00143694 0.00185758 0.0022888 0.00276688 0.00326927 0.00381701 0.00440588 0.00503404 0.00567636 0.00634468 0.00701441 0.00767622 0.00832152 0.00895048 0.00952841 0.0100602 0.0105364 0.0109236 0.0112145 0.0114018 0.0114454 0.0113433 0.0111091 0.0107241 0.0102002 0.00954742 0.00877052 0.00787736 0.00687635 0.00576537 0.00457613 0.00330274 0.00195777 0.000576944 -0.000810605 -0.00219778 -0.00354728 -0.00485192 -0.00608724 -0.00723798 -0.00830079 -0.00925775 -0.0100786 -0.0107783 -0.0113344 -0.011719 -0.0119488 -0.0120266 -0.011947 -0.0117399 -0.0114252 -0.0110009 -0.0104994 -0.00993418 -0.00931882 -0.0086619 -0.00799643 -0.0073179 -0.00664988 -0.00601031 -0.00542255 -0.00487718 -0.00441949 -0.00403221 -0.00371862 -0.00348791 -0.00333571 -0.00323573 -0.00321155 -0.00323283 -0.00328612 -0.00336838 -0.00344772 -0.00350705 -0.00352085 -0.00346947 -0.00333167 -0.00309887 -0.0027576 -0.00233654 -0.0018268 -0.00126963 -0.000697655 -0.000142694 0.000362055 0.000771759 0.00106668 0.00124507 0.00129627 0.00124752 0.00112066 0.00095193 0.000757271 0.000562654 0.000388051 0.000250154 0.000140992 7.39107e-05 4.16462e-05 1.56893e-05 5.10082e-06 -8.21755e-06 -1.11712e-05 -1.99043e-05 -4.14582e-05 -5.9545e-05 -9.32965e-05 -0.000128969 -0.000160678 -0.000190346 -0.000215847 -0.000250547 -0.000276643 -0.000288253 -0.000301791 -0.000313654 -0.000328159 -0.000334498 -0.000334559 -0.000340386 -0.000341032 -0.000343665 -0.00034484 -0.000343414 -0.000344053 -0.000339348 -0.000339521 -0.000338604 -0.000331928 -0.000327657 -0.000321756 -0.000321939 
0 1.05735e-05 3.0792e-05 6.35312e-05 6.74989e-05 7.9289e-05 9.85415e-05 0.000136704 0.000168199 0.000180333 0.000207338 0.000235984 0.000271488 0.000288468 0.000310409 0.000334624 0.00035496 0.000366885 0.000363263 0.000362415 0.000336897 0.000324832 0.000306327 0.000288679 0.000260634 0.000224914 0.000232746 0.000240651 0.000268632 0.000305581 0.000374732 0.000478768 0.000605052 0.000771453 0.00098108 0.00122698 0.00152694 0.00191586 0.00235126 0.00284537 0.00333474 0.003815 0.00422952 0.00450385 0.00463883 0.00454858 0.00421162 0.00363369 0.00283994 0.00186629 0.000797152 -0.00031253 -0.00136113 -0.00231057 -0.00309172 -0.00364208 -0.00397593 -0.00406681 -0.00392725 -0.00359293 -0.00311325 -0.00249403 -0.00180017 -0.00105584 -0.00028088 0.000517279 0.0013035 0.00211134 0.00293791 0.00378264 0.00468185 0.00563661 0.00664867 0.00773782 0.0088965 0.0101109 0.0113924 0.0126967 0.0140198 0.0153311 0.0166072 0.0178238 0.0189716 0.0200067 0.0209172 0.0216523 0.0221962 0.0225084 0.0225713 0.0223755 0.0219049 0.0211293 0.0201035 0.0188189 0.0172669 0.0154929 0.01352 0.011324 0.00896029 0.00645221 0.0038309 0.00114552 -0.00157797 -0.00430875 -0.00695767 -0.00952114 -0.0119742 -0.0142556 -0.0163438 -0.0182395 -0.0198799 -0.0212517 -0.0223307 -0.0231116 -0.0235896 -0.0237703 -0.0236564 -0.0232944 -0.0226852 -0.0218831 -0.0209192 -0.0198171 -0.0186046 -0.0173296 -0.0159969 -0.0146652 -0.0133567 -0.0121055 -0.0109424 -0.00988822 -0.00895942 -0.0081804 -0.00754446 -0.00706197 -0.00673587 -0.00653586 -0.0064647 -0.00649582 -0.00660711 -0.00675172 -0.00691884 -0.00703866 -0.00706442 -0.00695747 -0.0066869 -0.00619213 -0.00551609 -0.00465633 -0.00363222 -0.00252986 -0.00138971 -0.000291486 0.000699371 0.00151393 0.00210329 0.00244655 0.00257205 0.00246344 0.00222645 0.00189523 0.0015046 0.00112762 0.000776627 0.000499084 0.000282267 0.000143789 6.77376e-05 2.61912e-05 -1.26723e-05 -2.32399e-05 -3.09157e-05 -4.67257e-05 -6.75852e-05 -0.000114401 -0.000159415 -0.000236004 -0.000297441 -0.000354955 -0.000420665 -0.00049084 -0.00055676 -0.000589639 -0.000623298 -0.000651179 -0.000681795 -0.000686717 -0.000687794 -0.000688191 -0.000683562 -0.000687496 -0.000675287 -0.000680124 -0.000667782 -0.000663272 -0.00066487 -0.000656845 -0.000659853 -0.000641158 -0.00064669 -0.000646868 
0 2.08264e-05 6.35312e-05 0.00010906 0.000131955 0.000146676 0.000173837 0.000223272 0.000254322 0.000269559 0.000298658 0.000338037 0.000387334 0.000412747 0.000442763 0.000483323 0.000510442 0.000537301 0.000539687 0.000537425 0.000520595 0.000489155 0.000477822 0.000444065 0.000399489 0.000364368 0.00035232 0.000385158 0.000409917 0.000466981 0.000574359 0.000715518 0.000919563 0.00116632 0.00148651 0.00186342 0.00231848 0.00288823 0.00354776 0.00425866 0.00498954 0.00570025 0.00629869 0.0067322 0.00691676 0.00679551 0.00629761 0.0054328 0.00424532 0.00279968 0.00118605 -0.000460308 -0.00202698 -0.00345639 -0.00459981 -0.00543607 -0.00592127 -0.00604309 -0.00581998 -0.00531073 -0.00455448 -0.00363629 -0.00258354 -0.0014645 -0.000316133 0.000888229 0.0020894 0.00331584 0.00458813 0.00589906 0.00724861 0.00870736 0.010225 0.0118434 0.0135551 0.0153576 0.0172026 0.0191138 0.0210394 0.0229489 0.0248108 0.0266075 0.0282462 0.0297187 0.0309948 0.0319967 0.0327105 0.0331236 0.0331542 0.0327992 0.0320822 0.030953 0.0294306 0.0275284 0.0252539 0.0226348 0.0197037 0.0164739 0.0130353 0.00939017 0.00557226 0.00166489 -0.00227048 -0.00621781 -0.0100877 -0.0138521 -0.0174403 -0.0207936 -0.0238849 -0.0266614 -0.0290482 -0.0310764 -0.0327013 -0.0338687 -0.034618 -0.0349546 -0.0348629 -0.0344051 -0.0336178 -0.0325 -0.0311291 -0.0295473 -0.0278 -0.0259289 -0.0240197 -0.0220809 -0.0201739 -0.0183459 -0.01665 -0.0150725 -0.0137122 -0.0125396 -0.0115664 -0.0108219 -0.0103022 -0.0099555 -0.00983214 -0.00986263 -0.0100057 -0.0102371 -0.0104694 -0.0106392 -0.0106682 -0.0104944 -0.0100584 -0.00933003 -0.00828897 -0.0070038 -0.00547273 -0.00380963 -0.00211071 -0.000469772 0.00101421 0.00222253 0.00309735 0.00362806 0.00379775 0.0036714 0.00332021 0.00283853 0.00227663 0.00170786 0.00118871 0.00076493 0.000426633 0.000206805 8.78831e-05 3.61402e-06 -3.49975e-05 -6.44107e-05 -6.48841e-05 -7.64627e-05 -0.000118593 -0.00016157 -0.000245175 -0.000342158 -0.0004334 -0.000523708 -0.000611619 -0.000725332 -0.000820337 -0.000878813 -0.000936237 -0.000984378 -0.0010307 -0.0010477 -0.0010445 -0.00104816 -0.00103848 -0.00103194 -0.00102018 -0.00100487 -0.000993207 -0.000975661 -0.000974234 -0.00097509 -0.000966736 -0.000963264 -0.000963212 -0.000975105 
0 2.39995e-05 6.74989e-05 0.000131955 0.000158432 0.000186351 0.000225912 0.000288305 0.000337632 0.000362193 0.000408829 0.000465712 0.00052963 0.000564142 0.000600447 0.00064054 0.000675923 0.000700476 0.000703077 0.000704407 0.000671719 0.000647902 0.000617031 0.0005812 0.000531276 0.000479721 0.000491449 0.000520254 0.000576786 0.000657443 0.000796059 0.000998072 0.0012552 0.00158769 0.00200626 0.00250385 0.00310946 0.00387165 0.00473549 0.00569492 0.00665876 0.00759345 0.00839472 0.00894027 0.00918767 0.0090051 0.00833834 0.00719306 0.00562086 0.00369982 0.00157953 -0.000608522 -0.00268709 -0.0045584 -0.00608562 -0.00716686 -0.00779715 -0.00794445 -0.00763555 -0.00693881 -0.00594328 -0.00469156 -0.00328372 -0.00177588 -0.000204928 0.00141931 0.00304723 0.00472257 0.00644734 0.00821882 0.0100765 0.0120274 0.0140625 0.016205 0.0184454 0.0207668 0.0231762 0.0256258 0.0280986 0.0305433 0.0329136 0.0351568 0.0372266 0.0390518 0.0405987 0.041789 0.0426026 0.0429941 0.0429364 0.0424196 0.0414249 0.0399022 0.0379084 0.0354296 0.032458 0.0290592 0.0252831 0.0211255 0.0166839 0.0120069 0.00714939 0.00218346 -0.00284964 -0.00790455 -0.0128552 -0.0176761 -0.0223045 -0.0266348 -0.0306131 -0.0342141 -0.0373437 -0.0399874 -0.0421136 -0.0437118 -0.0447826 -0.0453311 -0.0453514 -0.0448995 -0.04398 -0.0426584 -0.040992 -0.0390331 -0.0368407 -0.0345011 -0.0320544 -0.0295888 -0.0271536 -0.0248074 -0.0226013 -0.0205677 -0.0187494 -0.0171822 -0.0158714 -0.014845 -0.0141132 -0.0136369 -0.0134239 -0.0134256 -0.0135921 -0.0138453 -0.0141323 -0.0143299 -0.0143434 -0.0140903 -0.013503 -0.0124972 -0.0111188 -0.00938612 -0.00734574 -0.0051431 -0.00287946 -0.000699298 0.00126693 0.00288481 0.00406505 0.00477086 0.00503321 0.00486264 0.00441783 0.00378253 0.00303321 0.0022893 0.00159725 0.00103154 0.000586617 0.000289815 0.000115457 1.05991e-05 -6.73136e-05 -9.90697e-05 -0.000116247 -0.000143001 -0.000184113 -0.0002608 -0.000349318 -0.000480289 -0.000594093 -0.000703261 -0.000825767 -0.000960477 -0.0010855 -0.0011617 -0.00123295 -0.00129427 -0.00135197 -0.00137043 -0.00137537 -0.0013776 -0.00137147 -0.00137264 -0.00135506 -0.00135278 -0.00133133 -0.00131915 -0.00131847 -0.00131099 -0.00131175 -0.00128889 -0.00129603 -0.00129907 
0 2.65208e-05 7.9289e-05 0.000146676 0.000186351 0.000220911 0.000273624 0.00034897 0.000410045 0.00045259 0.000514411 0.000591168 0.000671424 0.000720708 0.00076332 0.000811105 0.000844661 0.000868764 0.000865895 0.000852391 0.000818704 0.000776374 0.000748055 0.000705682 0.000655344 0.000620604 0.000632224 0.000690603 0.000760221 0.000868839 0.0010444 0.00128601 0.0016109 0.00202034 0.0025388 0.00316377 0.0039265 0.00486748 0.00595396 0.0071339 0.00833914 0.00949531 0.0104725 0.0111553 0.0114315 0.011189 0.010344 0.0089042 0.00693954 0.00456146 0.00192841 -0.000761424 -0.00332299 -0.00562544 -0.00748667 -0.00882354 -0.00958681 -0.00975474 -0.00935847 -0.00847933 -0.00720129 -0.00562642 -0.00383316 -0.00191069 8.93676e-05 0.00216505 0.00426317 0.00640701 0.00861455 0.0108802 0.0132169 0.0156699 0.0182084 0.0208565 0.023607 0.0264458 0.0293353 0.0322684 0.0351966 0.0380679 0.0408319 0.0434395 0.0457932 0.0478468 0.0495523 0.0508256 0.0516413 0.051974 0.0517583 0.0509877 0.0496703 0.0477628 0.0452871 0.0422536 0.0386723 0.0345901 0.030055 0.0251023 0.0198348 0.0142888 0.0085178 0.00261841 -0.00333898 -0.00931069 -0.0151901 -0.0209214 -0.026416 -0.0315811 -0.03636 -0.0406856 -0.0444723 -0.047722 -0.0503896 -0.0524284 -0.0538595 -0.0546824 -0.0548839 -0.0545181 -0.0536155 -0.0522012 -0.0503584 -0.0481525 -0.0456533 -0.0429412 -0.0401089 -0.0372095 -0.0343195 -0.0315096 -0.0288449 -0.0263528 -0.0241254 -0.0221749 -0.020526 -0.0192201 -0.0182613 -0.0176117 -0.0172949 -0.0172419 -0.0173856 -0.0176596 -0.0179528 -0.0181463 -0.0181187 -0.0177655 -0.0169944 -0.0157423 -0.0140054 -0.0118447 -0.00930698 -0.00654914 -0.00372606 -0.000998222 0.00146484 0.0034912 0.00497682 0.0058845 0.00621518 0.00604302 0.00550079 0.004722 0.00380855 0.00287954 0.00202511 0.0013128 0.000753039 0.000373761 0.000145867 -4.0079e-06 -9.73686e-05 -0.000157159 -0.000187879 -0.000227297 -0.000294618 -0.000378264 -0.000499295 -0.000642655 -0.000776585 -0.000905541 -0.00103867 -0.00119407 -0.00132795 -0.00141824 -0.00149962 -0.0015737 -0.00164342 -0.00167922 -0.00169499 -0.00170984 -0.00171337 -0.0017165 -0.00170957 -0.00170033 -0.00168461 -0.001668 -0.00166337 -0.00165847 -0.00164538 -0.00162692 -0.00162231 -0.00162552 
0 3.71384e-05 9.85415e-05 0.000173837 0.000225912 0.000273624 0.00033961 0.000423779 0.000497509 0.000553972 0.000624848 0.000711359 0.000795727 0.000852868 0.000899437 0.000947824 0.000985778 0.00100873 0.00100768 0.000991807 0.000957465 0.0009188 0.000888155 0.000849782 0.000805659 0.000780386 0.00080655 0.000878239 0.000973937 0.00111256 0.001323 0.00161455 0.0019983 0.00248577 0.00309754 0.00384297 0.00475721 0.00587535 0.0071663 0.00857033 0.0100027 0.0113659 0.0125169 0.0133106 0.013617 0.0133042 0.0122858 0.0105676 0.00823062 0.00540943 0.00229573 -0.000885761 -0.00391737 -0.00662219 -0.00881294 -0.0103737 -0.011249 -0.0114192 -0.0109204 -0.00984161 -0.0082876 -0.00636489 -0.00417672 -0.00181896 0.000648714 0.00319926 0.00578889 0.00842919 0.0111315 0.0138948 0.0167357 0.0196785 0.0227086 0.025836 0.0290524 0.0323378 0.0356609 0.0389919 0.0422809 0.0454674 0.0484936 0.0512996 0.053806 0.0559544 0.0576899 0.0589379 0.059662 0.0598265 0.0593852 0.0583266 0.0566457 0.0543193 0.0513758 0.0478318 0.0437052 0.0390475 0.0339074 0.0283203 0.0223708 0.0161164 0.00962453 0.00298468 -0.00372883 -0.0104455 -0.0170575 -0.0234985 -0.0296862 -0.0355277 -0.040959 -0.0459162 -0.0503172 -0.0541313 -0.0573128 -0.0598221 -0.061658 -0.0628152 -0.0632874 -0.0631149 -0.0623281 -0.0609686 -0.0591088 -0.0568165 -0.0541638 -0.0512379 -0.0481263 -0.0449061 -0.0416604 -0.0384704 -0.0354075 -0.0325259 -0.0299058 -0.0275876 -0.0256072 -0.0240083 -0.0228025 -0.0219679 -0.0215055 -0.0213566 -0.0214449 -0.0216836 -0.0219545 -0.0221135 -0.022019 -0.0215442 -0.0205786 -0.019048 -0.0169529 -0.0143467 -0.0113105 -0.00801239 -0.00463602 -0.00137539 0.00156834 0.00400252 0.00580021 0.00690938 0.00733837 0.00716786 0.0065512 0.00564012 0.00456636 0.00346759 0.00245145 0.00159425 0.000922625 0.00045612 0.00016213 -2.9387e-05 -0.000156163 -0.000236591 -0.000287353 -0.000340778 -0.000415346 -0.000512312 -0.000642217 -0.00079643 -0.000945537 -0.00109086 -0.00124662 -0.00141893 -0.00157096 -0.00168126 -0.00177568 -0.00186425 -0.00194392 -0.00199293 -0.00202076 -0.00204055 -0.00205018 -0.00205446 -0.00204969 -0.00204123 -0.00202472 -0.00201044 -0.00200459 -0.00199805 -0.00198353 -0.00196228 -0.00195576 -0.00195596 
0 6.03008e-05 0.000136704 0.000223272 0.000288305 0.00034897 0.000423779 0.000510667 0.000592137 0.000656463 0.000728887 0.000815769 0.000896487 0.000959093 0.00101027 0.00105924 0.00110521 0.00112999 0.00113665 0.00112576 0.00109627 0.00107158 0.00104104 0.00101225 0.000979245 0.000964293 0.00100806 0.00108699 0.00121047 0.00137845 0.00162197 0.00196577 0.00240881 0.00298002 0.00368965 0.00456107 0.00562938 0.00692109 0.00840256 0.0100166 0.0116565 0.013206 0.0145163 0.0154062 0.0157383 0.0153528 0.0141675 0.0121835 0.00948964 0.006242 0.00267033 -0.000983548 -0.00446626 -0.00754935 -0.0100527 -0.0118154 -0.0127823 -0.0129319 -0.012307 -0.0110016 -0.00914882 -0.00685178 -0.00424925 -0.0014367 0.00152125 0.00456718 0.00767416 0.0108384 0.0140578 0.0173313 0.0206831 0.0241014 0.0275999 0.0311679 0.0347976 0.038456 0.0421281 0.0457497 0.04928 0.0526519 0.0558041 0.058661 0.061174 0.0632685 0.06489 0.0659845 0.066508 0.0664099 0.0656705 0.064273 0.0622005 0.0594573 0.0560763 0.0520786 0.0474894 0.0423634 0.0367476 0.0306821 0.0242246 0.0174506 0.0104346 0.00325854 -0.00400147 -0.0112502 -0.0183904 -0.0253462 -0.0320475 -0.0384051 -0.0443482 -0.0498196 -0.054749 -0.05907 -0.0627381 -0.0657228 -0.0679916 -0.0695372 -0.0703663 -0.0705008 -0.0699626 -0.0688115 -0.067094 -0.0648771 -0.0622313 -0.0592503 -0.0560029 -0.0525975 -0.0491142 -0.0456462 -0.0422688 -0.0390726 -0.0361106 -0.0334617 -0.0311678 -0.0292725 -0.0277992 -0.0267537 -0.0261085 -0.0258278 -0.025829 -0.0259961 -0.026212 -0.0263019 -0.0261059 -0.0254761 -0.0242892 -0.0224551 -0.0199904 -0.016928 -0.0133928 -0.00955982 -0.00563628 -0.0018529 0.00156054 0.00439805 0.00651006 0.00782765 0.00837641 0.00822978 0.00756744 0.00654796 0.0053331 0.00407847 0.00290297 0.00189523 0.00110143 0.000532278 0.000154735 -8.65908e-05 -0.000254395 -0.000353046 -0.000422477 -0.000485627 -0.000558023 -0.000665805 -0.000794803 -0.000954594 -0.00111394 -0.00127174 -0.0014492 -0.00163331 -0.00180386 -0.00193796 -0.00204948 -0.00215579 -0.0022472 -0.00231057 -0.00235243 -0.00237528 -0.00238942 -0.0023931 -0.00238586 -0.00237747 -0.00235589 -0.00234261 -0.00233367 -0.00232321 -0.00231219 -0.00229128 -0.00229066 -0.00229259 
0 7.72487e-05 0.000168199 0.000254322 0.000337632 0.000410045 0.000497509 0.000592137 0.00068095 0.000759883 0.000836892 0.0009248 0.00100364 0.00107412 0.00112578 0.00117925 0.00122013 0.00124763 0.00125821 0.00124133 0.00123059 0.00120129 0.00118794 0.00116452 0.00114518 0.00116502 0.00121178 0.00132636 0.00147007 0.00167609 0.0019621 0.00234615 0.00285911 0.00350898 0.00431757 0.00531924 0.0065462 0.00799959 0.0096814 0.0114793 0.0133227 0.0150464 0.0164835 0.0174739 0.0178002 0.0173397 0.0159849 0.0137375 0.0106951 0.00705152 0.00303123 -0.0010563 -0.00495823 -0.00840409 -0.0111725 -0.013127 -0.0141595 -0.0142653 -0.013492 -0.0119485 -0.00974902 -0.00706876 -0.00401438 -0.000712621 0.00275366 0.00632438 0.00998068 0.0136791 0.0174306 0.0212324 0.0250667 0.0289542 0.032885 0.0368412 0.040814 0.0447795 0.0486708 0.0524721 0.0561065 0.059518 0.062643 0.0654284 0.0677859 0.069683 0.0710544 0.0718634 0.0720566 0.0716217 0.0705128 0.068719 0.0662484 0.0631316 0.059353 0.0549659 0.0500177 0.0445336 0.0385462 0.0321423 0.0253655 0.0182756 0.0109341 0.00343332 -0.00413219 -0.0116762 -0.019149 -0.0264415 -0.0334719 -0.0401844 -0.0465153 -0.052367 -0.0576995 -0.0624524 -0.0665737 -0.0700007 -0.0727216 -0.0747125 -0.075978 -0.0765179 -0.0763811 -0.0755704 -0.0741466 -0.0721683 -0.069703 -0.0668131 -0.0636169 -0.0601722 -0.0565889 -0.0529656 -0.0493896 -0.0459446 -0.0427307 -0.0397987 -0.0372202 -0.0350521 -0.0333141 -0.0320328 -0.0311929 -0.03075 -0.0306136 -0.0306873 -0.0307897 -0.0307682 -0.0304302 -0.0296089 -0.0281581 -0.0260209 -0.023153 -0.0196382 -0.0156056 -0.0112288 -0.00676954 -0.00246388 0.00142326 0.00466393 0.0070964 0.00865249 0.00931983 0.00924321 0.00854661 0.00743992 0.00611054 0.00470034 0.00337916 0.00221976 0.0012969 0.000616628 0.000149785 -0.00016546 -0.000364019 -0.000503866 -0.000591294 -0.000663752 -0.00075452 -0.000853609 -0.00100174 -0.00115019 -0.00131614 -0.00148451 -0.00166062 -0.00185434 -0.00202482 -0.0021793 -0.00230507 -0.00242483 -0.00252603 -0.00260659 -0.00265978 -0.00269324 -0.00271681 -0.00272205 -0.00272734 -0.00271232 -0.00270137 -0.00268591 -0.00267413 -0.00266835 -0.00264619 -0.00263955 -0.00262813 -0.00263187 
0 8.89894e-05 0.000180333 0.000269559 0.000362193 0.00045259 0.000553972 0.000656463 0.000759883 0.000860534 0.000950821 0.001047 0.00112676 0.00120255 0.00126062 0.00129969 0.00134128 0.00135525 0.00136351 0.00135101 0.00133204 0.00132819 0.00130879 0.00130773 0.00131662 0.00135652 0.00145028 0.00157728 0.00177298 0.00202202 0.00234765 0.00279058 0.00335686 0.00408511 0.00498672 0.00610777 0.0074817 0.0091098 0.010961 0.0129676 0.0149963 0.0168809 0.0184542 0.0194947 0.019819 0.0192546 0.0177192 0.0152152 0.0118471 0.00781385 0.00340515 -0.0010962 -0.0053808 -0.00912969 -0.0121547 -0.0142458 -0.0153182 -0.0153598 -0.0144203 -0.0126043 -0.0100742 -0.00695619 -0.00343035 0.000393181 0.00442325 0.00855034 0.0127612 0.0170153 0.0212865 0.0255769 0.0299004 0.0342051 0.0385205 0.042806 0.0470412 0.051177 0.0552066 0.059041 0.0626392 0.0659465 0.0689024 0.0714239 0.0735072 0.0750735 0.0760649 0.0764728 0.0762517 0.0753568 0.0738234 0.0716399 0.0687818 0.0652944 0.0611964 0.0565104 0.0512726 0.0455304 0.0393354 0.0327457 0.0257794 0.018542 0.0111171 0.0035402 -0.00413248 -0.0117898 -0.0193727 -0.0267968 -0.0340049 -0.0409219 -0.0474628 -0.0535762 -0.0592232 -0.0642982 -0.0687719 -0.0726337 -0.0758088 -0.0782779 -0.0800519 -0.0810985 -0.0814281 -0.081102 -0.08012 -0.0785363 -0.0764116 -0.0738166 -0.0708032 -0.0674971 -0.0639735 -0.0603347 -0.05667 -0.0531102 -0.0496952 -0.0465524 -0.0437524 -0.0413413 -0.0393686 -0.0378822 -0.0368234 -0.0361872 -0.0358891 -0.0357817 -0.0357358 -0.0355463 -0.0350179 -0.0339677 -0.032243 -0.0297494 -0.0264944 -0.0225046 -0.0179675 -0.0130676 -0.00805863 -0.00323681 0.00112295 0.00478472 0.00755888 0.00935175 0.0101929 0.0101724 0.00947699 0.00829664 0.00684928 0.00531634 0.0038463 0.0025511 0.00150889 0.000717469 0.000149394 -0.000229063 -0.000495694 -0.000666084 -0.000793426 -0.000893539 -0.000983733 -0.00111147 -0.00124506 -0.00139853 -0.00156102 -0.00172215 -0.00190528 -0.00207727 -0.00225039 -0.0024101 -0.00254288 -0.00267226 -0.00277739 -0.00286995 -0.00293981 -0.00298398 -0.00302479 -0.00304849 -0.00306267 -0.00306564 -0.00305624 -0.00304974 -0.0030372 -0.00302231 -0.00300803 -0.00299016 -0.00298092 -0.00297173 
0 0.000104856 0.000207338 0.000298658 0.000408829 0.000514411 0.000624848 0.000728887 0.000836892 0.000950821 0.00105007 0.00114434 0.00122442 0.00130833 0.00136582 0.00141047 0.00144021 0.00145736 0.00146736 0.00144915 0.00145168 0.00144433 0.001453 0.00146876 0.00150757 0.00159935 0.00170853 0.00188314 0.00210717 0.00240171 0.00277557 0.00325814 0.00389099 0.00469385 0.00568917 0.00693541 0.00846136 0.0102414 0.0122809 0.0144536 0.0166654 0.0187009 0.0203699 0.0214785 0.0217668 0.0211026 0.0193872 0.0166286 0.0129396 0.00856267 0.0037719 -0.0010803 -0.00569114 -0.00971675 -0.0129217 -0.0151327 -0.0162156 -0.0161646 -0.0150327 -0.0129374 -0.0100062 -0.00644792 -0.00240467 0.00197579 0.00657358 0.0112759 0.0160681 0.0208623 0.0256472 0.0304189 0.035145 0.0398178 0.0444362 0.0489556 0.0533507 0.0575834 0.0615835 0.0653242 0.0687341 0.0717795 0.0744052 0.0765685 0.078213 0.0793136 0.0798121 0.0797198 0.078989 0.0776311 0.0756435 0.0730262 0.0697902 0.0660027 0.0616222 0.0567039 0.0513029 0.0454307 0.0391168 0.0324801 0.025539 0.0183582 0.0109854 0.00348375 -0.00407326 -0.0116128 -0.0191397 -0.0265342 -0.0337248 -0.0406732 -0.0473095 -0.0535342 -0.0593466 -0.064668 -0.0694624 -0.0736803 -0.0772859 -0.0802374 -0.0825382 -0.0841368 -0.0850632 -0.0853023 -0.0848774 -0.0838268 -0.0822037 -0.0800383 -0.0774271 -0.074418 -0.0711097 -0.0676012 -0.0639921 -0.0604004 -0.0569287 -0.0536662 -0.0507134 -0.0481335 -0.0459637 -0.044269 -0.0430114 -0.0421705 -0.0416612 -0.0413685 -0.0410983 -0.0406901 -0.0399195 -0.0385932 -0.0365447 -0.0337082 -0.0300238 -0.0255744 -0.0205333 -0.0150862 -0.00954063 -0.00418991 0.000652225 0.00473242 0.00785051 0.00991445 0.010915 0.0110106 0.0103248 0.00909963 0.00757332 0.00591129 0.00431621 0.00288127 0.00171179 0.000803554 0.000134136 -0.000332957 -0.000644534 -0.000872063 -0.00102958 -0.00114962 -0.00126721 -0.00138565 -0.00153534 -0.00166778 -0.00182487 -0.00198457 -0.00214535 -0.00231025 -0.00246468 -0.00263231 -0.00277395 -0.00291045 -0.00302778 -0.0031364 -0.00322228 -0.00328395 -0.00333982 -0.00337479 -0.00340515 -0.00340717 -0.003411 -0.00340298 -0.00338698 -0.00337506 -0.00335249 -0.00334902 -0.00332939 -0.00331942 
0 0.000123079 0.000235984 0.000338037 0.000465712 0.000591168 0.000711359 0.000815769 0.0009248 0.001047 0.00114434 0.00123164 0.00130269 0.00138049 0.00144073 0.00147493 0.00150834 0.00152714 0.00154872 0.00155263 0.00156785 0.00159677 0.00162328 0.00167336 0.00175008 0.00186988 0.00201786 0.00220954 0.00247592 0.00281434 0.00323435 0.00377377 0.00446849 0.0053491 0.00644251 0.00780788 0.00947388 0.0114166 0.0136093 0.0159596 0.0183242 0.0204863 0.0222466 0.0233746 0.0236293 0.0228541 0.0209666 0.0179816 0.0140192 0.00932337 0.00421795 -0.000961091 -0.00586298 -0.0101151 -0.0134847 -0.0157584 -0.0168072 -0.0166227 -0.0152589 -0.0128329 -0.00950484 -0.00545834 -0.000886109 0.00406464 0.00925485 0.0145406 0.0198862 0.0252111 0.0304701 0.035659 0.0407587 0.0457207 0.0505489 0.0551952 0.0596205 0.063777 0.0676369 0.0711374 0.0742277 0.0768826 0.0790527 0.0806851 0.081787 0.0823194 0.0822405 0.0815818 0.0803153 0.0784342 0.0759894 0.0729821 0.0694052 0.0653226 0.0607313 0.0556646 0.050172 0.0442825 0.0380412 0.0315177 0.0247117 0.0177125 0.0105876 0.0033465 -0.00396847 -0.0112715 -0.0185461 -0.0257149 -0.0327324 -0.0395572 -0.0461136 -0.0523463 -0.0582418 -0.0637028 -0.0687062 -0.0732389 -0.0772275 -0.080638 -0.083469 -0.0856506 -0.0871829 -0.0880814 -0.0883201 -0.0879228 -0.086928 -0.0853565 -0.0832583 -0.0807149 -0.0777944 -0.0745869 -0.0711945 -0.0677462 -0.06432 -0.0610498 -0.0580414 -0.0553537 -0.0530531 -0.0512044 -0.0497584 -0.0487119 -0.0479905 -0.0474522 -0.0469416 -0.0462676 -0.0452087 -0.0435626 -0.0411589 -0.0379111 -0.0337875 -0.0288449 -0.0232857 -0.0173134 -0.0112267 -0.00536771 -5.12129e-05 0.0044564 0.00793628 0.0102799 0.0114983 0.0117128 0.0110828 0.00983958 0.00824033 0.00648549 0.00476095 0.0032005 0.00190409 0.000872205 9.01407e-05 -0.000461641 -0.000845172 -0.00111519 -0.00130937 -0.00145075 -0.00156672 -0.00169395 -0.00182142 -0.00194554 -0.00209206 -0.00224542 -0.00240844 -0.00255631 -0.00271298 -0.00288231 -0.00303107 -0.00317249 -0.00329136 -0.00340872 -0.00350363 -0.00357563 -0.00364158 -0.0036878 -0.00372422 -0.00373796 -0.00374936 -0.00375147 -0.0037389 -0.00372511 -0.00371184 -0.00370763 -0.00369087 -0.00367349 
0 0.000144642 0.000271488 0.000387334 0.00052963 0.000671424 0.000795727 0.000896487 0.00100364 0.00112676 0.00122442 0.00130269 0.00136701 0.00144143 0.00150376 0.00153972 0.00157334 0.00160162 0.0016352 0.001658 0.00169484 0.00174884 0.00180622 0.00189018 0.00200751 0.00216587 0.00234602 0.00256789 0.00287 0.00325233 0.003722 0.00431637 0.00508078 0.0060494 0.00725319 0.00875185 0.0105664 0.0126644 0.0150089 0.0175049 0.019997 0.0222583 0.0240744 0.0252086 0.0254129 0.0245274 0.0224779 0.0192826 0.0150699 0.0100986 0.00470853 -0.000743722 -0.00588272 -0.010321 -0.013799 -0.0160966 -0.017073 -0.0167104 -0.015069 -0.0122722 -0.00848943 -0.00393032 0.00119499 0.00671985 0.0124816 0.0183292 0.0242083 0.030027 0.0357265 0.0412871 0.0466724 0.0518302 0.0567523 0.0613916 0.0657083 0.0696596 0.0732175 0.0763329 0.078965 0.0810987 0.0826968 0.083722 0.0841847 0.0840659 0.0833505 0.0820845 0.0802596 0.0778829 0.0749991 0.0716114 0.067729 0.0634167 0.0586737 0.0535402 0.0480705 0.0422815 0.036208 0.0299197 0.0234152 0.0167473 0.00996212 0.00308197 -0.00384257 -0.0107511 -0.0176451 -0.0244575 -0.0311504 -0.0377043 -0.044061 -0.0501696 -0.056022 -0.0615373 -0.0666843 -0.071441 -0.0757425 -0.0795571 -0.0828779 -0.0856356 -0.0878133 -0.0893996 -0.0903542 -0.0906825 -0.0904062 -0.0895316 -0.0880976 -0.0861651 -0.0837904 -0.0810536 -0.0780515 -0.0749035 -0.0716961 -0.0685598 -0.0656075 -0.062911 -0.0605485 -0.0585923 -0.0570104 -0.0557954 -0.0548775 -0.0541126 -0.0533375 -0.0523645 -0.0509706 -0.0489506 -0.0461414 -0.0424542 -0.0378549 -0.0324112 -0.0263248 -0.0198145 -0.0131925 -0.00681845 -0.00102268 0.00391659 0.00777182 0.0104252 0.0118866 0.0122714 0.0117363 0.0105189 0.0088864 0.00705319 0.00521638 0.0035276 0.00209365 0.000926769 2.23287e-05 -0.000627627 -0.00108155 -0.00140238 -0.00163025 -0.0017921 -0.0019189 -0.00204565 -0.00216294 -0.00227228 -0.00240513 -0.00255048 -0.00269916 -0.00283136 -0.00297583 -0.0031395 -0.00328945 -0.00342875 -0.0035519 -0.00367602 -0.00378189 -0.00386755 -0.00394377 -0.00399996 -0.00404163 -0.00406354 -0.00408454 -0.00409486 -0.00408618 -0.00407366 -0.00406695 -0.00406864 -0.00405487 -0.00403623 
0 0.00015544 0.000288468 0.000412747 0.000564142 0.000720708 0.000852868 0.000959093 0.00107412 0.00120255 0.00130833 0.00138049 0.00144143 0.00151435 0.00157495 0.00161554 0.0016418 0.00167924 0.00172212 0.00176021 0.0018236 0.00189389 0.001989 0.00210552 0.00226478 0.00247081 0.00268569 0.00295699 0.00330162 0.0037388 0.00426886 0.00492204 0.00575989 0.00681573 0.00812779 0.00975489 0.011712 0.0139535 0.0164479 0.019073 0.0216805 0.0240268 0.0258748 0.026999 0.0271326 0.0261309 0.0239236 0.0205366 0.0161046 0.010908 0.00527811 -0.000389281 -0.00570614 -0.0102804 -0.0138046 -0.0160714 -0.0169214 -0.0163315 -0.0143704 -0.0111769 -0.00691414 -0.00183875 0.00384522 0.0099393 0.016255 0.0226388 0.0290106 0.0352609 0.0413273 0.0471756 0.05274 0.0579847 0.0628726 0.0673643 0.0714206 0.0750238 0.0781298 0.0807308 0.0827851 0.0842891 0.0852145 0.0855629 0.0853284 0.0845309 0.0831729 0.0813025 0.0789212 0.076069 0.072773 0.069049 0.0649231 0.0604558 0.0556417 0.0505304 0.0451765 0.0395892 0.0337852 0.0278247 0.021713 0.0154769 0.00914301 0.00274006 -0.00368662 -0.0101024 -0.0165141 -0.0228638 -0.0291235 -0.0352947 -0.0413433 -0.0472168 -0.0529124 -0.0583747 -0.0635682 -0.0684565 -0.0730032 -0.0771638 -0.0809184 -0.0842035 -0.0870006 -0.0892583 -0.0909466 -0.0920418 -0.0925462 -0.0924436 -0.0917813 -0.0905777 -0.0888949 -0.0867919 -0.0843553 -0.0816727 -0.0788545 -0.0760018 -0.073242 -0.0706641 -0.0683495 -0.0663719 -0.064728 -0.0633942 -0.0623034 -0.0613296 -0.0602817 -0.058995 -0.0572392 -0.0548112 -0.051556 -0.0473966 -0.042283 -0.0363208 -0.0296925 -0.0226348 -0.0154811 -0.00858614 -0.00230211 0.00308259 0.00733493 0.0103311 0.0120619 0.0126554 0.0122435 0.0110849 0.00945018 0.00756016 0.00563902 0.00383891 0.00227825 0.000981231 -4.52104e-05 -0.000804528 -0.00133592 -0.00172289 -0.00199226 -0.00218194 -0.0023328 -0.00245488 -0.00257032 -0.00266037 -0.00277617 -0.00290978 -0.00303192 -0.00314858 -0.00326971 -0.00341927 -0.00356139 -0.00368874 -0.00381107 -0.00393439 -0.00404745 -0.00414599 -0.00423258 -0.00429999 -0.00435152 -0.00438568 -0.00442472 -0.00444777 -0.00444783 -0.00444087 -0.00443683 -0.00444459 -0.00442763 -0.00440561 
0 0.000167823 0.000310409 0.000442763 0.000600447 0.00076332 0.000899437 0.00101027 0.00112578 0.00126062 0.00136582 0.00144073 0.00150376 0.00157495 0.0016492 0.00168291 0.00172192 0.00176272 0.00181724 0.00188757 0.00195696 0.00206847 0.00218159 0.00234069 0.0025489 0.00278679 0.00306608 0.00337294 0.00377744 0.00427048 0.00485903 0.00558275 0.00649289 0.0076355 0.00906223 0.0108131 0.012898 0.0152925 0.0179029 0.0206659 0.0233641 0.0257777 0.0276607 0.0287435 0.0288118 0.0276898 0.0253297 0.0217664 0.017157 0.0117582 0.00596386 0.000134231 -0.00529032 -0.00991175 -0.0134261 -0.0155863 -0.0162517 -0.0153946 -0.0130886 -0.00946288 -0.00474463 0.000860277 0.00708024 0.0137139 0.0205557 0.0274399 0.0342298 0.0408477 0.0471821 0.0531819 0.0588065 0.0639841 0.0686853 0.0728885 0.0765549 0.0796551 0.082209 0.0841696 0.0855409 0.0863248 0.0865262 0.086128 0.0851952 0.0837235 0.081745 0.0792944 0.0764172 0.0731111 0.0694519 0.0654628 0.0611733 0.0566091 0.0518308 0.0468417 0.0416725 0.0363451 0.030908 0.0253481 0.0196763 0.0139283 0.00815568 0.00233085 -0.00353105 -0.00939908 -0.015233 -0.0210452 -0.0268189 -0.0325389 -0.0381672 -0.0437214 -0.0491647 -0.0544628 -0.0595886 -0.0645395 -0.0692352 -0.07366 -0.0777703 -0.0815167 -0.084839 -0.0877351 -0.0901228 -0.0919797 -0.0932841 -0.0940267 -0.0941839 -0.0938178 -0.0929372 -0.0915905 -0.0898554 -0.0878129 -0.0855301 -0.0831411 -0.0807478 -0.0784304 -0.0763063 -0.074424 -0.0727977 -0.0714122 -0.0702089 -0.0690309 -0.0677477 -0.0661392 -0.0640126 -0.0611633 -0.0574503 -0.0527774 -0.0471496 -0.0406374 -0.033446 -0.0258405 -0.0181257 -0.0107083 -0.00392123 0.00192514 0.00659363 0.0099441 0.0119941 0.012804 0.0125668 0.0115033 0.00988767 0.00799013 0.00599328 0.0041101 0.00243231 0.00100942 -0.00013833 -0.00100304 -0.00163364 -0.0020791 -0.00240309 -0.0026312 -0.00279256 -0.0029364 -0.00302447 -0.00311181 -0.00320148 -0.0033067 -0.00341236 -0.00348815 -0.00359615 -0.00371665 -0.00384719 -0.00396669 -0.00407958 -0.00420574 -0.00432221 -0.00443392 -0.00453181 -0.0046108 -0.00466799 -0.00471749 -0.00476542 -0.00480112 -0.00480929 -0.00480339 -0.00481156 -0.00481667 -0.00480829 -0.00478375 
0 0.000182615 0.000334624 0.000483323 0.00064054 0.000811105 0.000947824 0.00105924 0.00117925 0.00129969 0.00141047 0.00147493 0.00153972 0.00161554 0.00168291 0.00174177 0.00177909 0.00184811 0.00192739 0.00202259 0.00214047 0.00226401 0.00242994 0.00262268 0.00287253 0.00316337 0.00347344 0.00384114 0.00428481 0.00483124 0.00548353 0.00627384 0.0072619 0.00850521 0.0100447 0.0119273 0.0141518 0.016668 0.0194218 0.0222763 0.0250592 0.0275257 0.0294045 0.0304563 0.0304419 0.0292097 0.0267202 0.0230122 0.0182485 0.0127305 0.00679904 0.000894772 -0.00455689 -0.00916734 -0.0125767 -0.014571 -0.015004 -0.0138362 -0.0111573 -0.00712075 -0.00191852 0.00416414 0.0108954 0.018028 0.0253304 0.0326313 0.0397784 0.0466383 0.0531208 0.0591537 0.0646592 0.0696151 0.0739831 0.0777446 0.0808811 0.0834027 0.0852719 0.0865126 0.0871317 0.0871413 0.0865638 0.0854577 0.0838193 0.0816994 0.0791441 0.0761794 0.0728406 0.0691943 0.0652564 0.0610665 0.0566839 0.0521424 0.0474522 0.0426458 0.0377521 0.0327685 0.0276931 0.0225686 0.0174347 0.0122636 0.00704004 0.0018077 -0.00340618 -0.00863361 -0.0138851 -0.0191325 -0.0243535 -0.0295574 -0.0347442 -0.0398878 -0.0449867 -0.0500502 -0.0550433 -0.0599209 -0.0646775 -0.0692593 -0.0736146 -0.0777138 -0.0815107 -0.0849295 -0.0879557 -0.0905353 -0.0926269 -0.0942011 -0.0952554 -0.0957592 -0.0957513 -0.0952597 -0.0943413 -0.093053 -0.091496 -0.0897348 -0.0878733 -0.0860088 -0.0842158 -0.0825566 -0.0810741 -0.0797303 -0.0784667 -0.0771769 -0.0756662 -0.0737746 -0.0712917 -0.0680207 -0.063838 -0.0586643 -0.0524802 -0.0454189 -0.0376509 -0.029459 -0.0211993 -0.0132297 -0.005934 0.000381569 0.00548376 0.00922939 0.0116055 0.0127039 0.0126658 0.0117428 0.010202 0.0082968 0.0062731 0.00430348 0.00251883 0.000978342 -0.000287545 -0.00126404 -0.0019781 -0.00249789 -0.00286556 -0.00312311 -0.00331577 -0.00344211 -0.00353568 -0.00359607 -0.00366467 -0.00375346 -0.00381713 -0.00388536 -0.00395635 -0.00406022 -0.0041776 -0.00428026 -0.00439413 -0.00450398 -0.0046229 -0.00473689 -0.00483864 -0.00492653 -0.00498938 -0.00505022 -0.00510981 -0.00515371 -0.005171 -0.00517449 -0.00518707 -0.00520068 -0.00519318 -0.00517205 
0 0.000189114 0.00035496 0.000510442 0.000675923 0.000844661 0.000985778 0.00110521 0.00122013 0.00134128 0.00144021 0.00150834 0.00157334 0.0016418 0.00172192 0.00177909 0.00184289 0.00192636 0.00203394 0.00217948 0.00232256 0.00250392 0.00270266 0.00294808 0.00324756 0.00356566 0.00393154 0.00433202 0.00482607 0.00542417 0.0061387 0.00701015 0.00808886 0.00943319 0.0111053 0.0131211 0.0154734 0.0181351 0.0209893 0.0239512 0.0267856 0.029275 0.0311462 0.0321264 0.0320293 0.0306937 0.0280921 0.0242773 0.0194381 0.0138393 0.00787986 0.00196118 -0.00344953 -0.00796079 -0.0112221 -0.0129899 -0.0131338 -0.0116295 -0.00856915 -0.00409619 0.00152664 0.00807377 0.0152549 0.0228119 0.0304991 0.0381314 0.0454868 0.052469 0.0589436 0.0648311 0.0700909 0.0746811 0.0785725 0.081773 0.0842695 0.0860656 0.0871949 0.0876538 0.0874908 0.0867237 0.0854072 0.0835713 0.0812831 0.0785736 0.0755093 0.0720976 0.0684204 0.0644922 0.0603735 0.0561079 0.0517431 0.0472621 0.0427462 0.0381799 0.0335717 0.0289476 0.0243511 0.0197229 0.0150921 0.0104678 0.005884 0.00129745 -0.00330723 -0.00793789 -0.0125366 -0.0171651 -0.0218222 -0.0264961 -0.0311758 -0.0359045 -0.040629 -0.0453739 -0.0501194 -0.054861 -0.0595513 -0.0641789 -0.0686696 -0.0730109 -0.0771294 -0.0810075 -0.0845798 -0.0878026 -0.0906161 -0.0929996 -0.0948876 -0.0962953 -0.0972068 -0.097635 -0.0976278 -0.0972275 -0.0964928 -0.0955134 -0.0943568 -0.0930942 -0.0918231 -0.0905562 -0.0893504 -0.0881734 -0.0869708 -0.0856179 -0.0839851 -0.0818506 -0.0790508 -0.0753895 -0.0707487 -0.06505 -0.0583295 -0.0506934 -0.042343 -0.0335891 -0.0247576 -0.0162544 -0.0084325 -0.00162341 0.00394256 0.0081124 0.0108831 0.0122868 0.0125157 0.0117766 0.010333 0.00848443 0.00643403 0.00441527 0.00253332 0.000880361 -0.000495031 -0.00157733 -0.00238847 -0.00296642 -0.00338478 -0.00367534 -0.00387304 -0.00401212 -0.00407757 -0.0041385 -0.00418635 -0.0042507 -0.0043078 -0.00434302 -0.00440386 -0.00447195 -0.00456664 -0.00465403 -0.00474183 -0.00483915 -0.00493978 -0.00505054 -0.0051514 -0.00524235 -0.00531558 -0.00538892 -0.00545917 -0.00551341 -0.00554221 -0.00555583 -0.0055787 -0.00559307 -0.00559093 -0.0055701 
0 0.000193978 0.000366885 0.000537301 0.000700476 0.000868764 0.00100873 0.00112999 0.00124763 0.00135525 0.00145736 0.00152714 0.00160162 0.00167924 0.00176272 0.00184811 0.00192636 0.00203864 0.00217429 0.00234861 0.00253551 0.00274318 0.00299189 0.00328147 0.00362589 0.00399159 0.00440011 0.004859 0.00540334 0.00605878 0.00684418 0.00780203 0.00897533 0.0104411 0.0122473 0.0144101 0.0169068 0.0196908 0.0226635 0.0256902 0.0285598 0.0310487 0.0328772 0.033788 0.0336039 0.0321779 0.0294972 0.0256186 0.0207394 0.0151497 0.0092139 0.00337929 -0.00189955 -0.00623985 -0.00927476 -0.01077 -0.0106092 -0.00875902 -0.00532127 -0.000453543 0.00558983 0.012539 0.0201086 0.0280014 0.0359495 0.0437515 0.0511823 0.0581098 0.0644225 0.0700316 0.0748869 0.0789706 0.0822709 0.0847916 0.0865493 0.087579 0.0878974 0.0875457 0.0865985 0.0850768 0.0830508 0.0805906 0.0777198 0.0744932 0.0709964 0.0672396 0.0633014 0.0592342 0.0550528 0.0507937 0.0465086 0.0421867 0.0378764 0.033589 0.0293344 0.0251208 0.0209531 0.0168215 0.0127665 0.00873663 0.0047067 0.000703925 -0.00326381 -0.00724858 -0.0112437 -0.0152779 -0.0193512 -0.0234718 -0.0276589 -0.0319243 -0.0362374 -0.0406362 -0.0450913 -0.0495778 -0.054105 -0.0586511 -0.0631543 -0.0676222 -0.0719815 -0.0761711 -0.0801678 -0.0839142 -0.0873421 -0.0904378 -0.0931378 -0.0954049 -0.0972323 -0.0986141 -0.0995646 -0.100119 -0.10033 -0.100246 -0.0999204 -0.0994282 -0.0988211 -0.0981176 -0.0973684 -0.0965236 -0.0955175 -0.0942513 -0.0925642 -0.0902696 -0.0872059 -0.0831919 -0.0781298 -0.071953 -0.0647064 -0.0565255 -0.0476055 -0.0382725 -0.0288875 -0.0198235 -0.0114701 -0.00415292 0.0019025 0.00653679 0.00972821 0.0115108 0.0120501 0.0115536 0.0102741 0.00850234 0.00648232 0.00442182 0.00246322 0.000713734 -0.000766341 -0.00194926 -0.00284849 -0.00349527 -0.00396306 -0.00429051 -0.00451614 -0.0046523 -0.00472135 -0.00476759 -0.00479715 -0.00483938 -0.00486307 -0.00488336 -0.00490644 -0.00494502 -0.00501069 -0.00507193 -0.00514483 -0.0052151 -0.00530433 -0.00540286 -0.00549606 -0.00558654 -0.00566093 -0.00574225 -0.00581448 -0.00587306 -0.00591172 -0.00593761 -0.00596972 -0.00598974 -0.00599481 -0.0059813 
