0 0 0 0 0 0 0 0 0 0 0 0 0 0 0 0 0 0 0 0 0 0 0 0 0 0 0 0 0 0 0 0 0 0 0 0 0 0 0 0 0 0 0 0 0 0 0 0 0 0 0 0 0 0 0 0 0 0 0 0 0 0 0 0 0 0 0 0 0 0 0 0 0 0 0 0 0 0 0 0 0 0 0 0 0 0 0 0 0 0 0 0 0 0 0 0 0 0 0 0 0 0 0 0 0 0 0 0 0 0 0 0 0 0 0 0 0 0 0 0 0 0 0 0 0 0 0 0 0 0 0 0 0 0 0 0 0 0 0 0 0 0 0 0 0 0 0 0 0 0 0 0 0 0 0 0 0 0 0 0 0 0 0 0 0 0 0 0 0 0 0 0 0 0 0 0 0 0 0 0 0 0 0 0 0 0 0 0 0 0 0 0 0 0 0 0 0 0 0 0 
0 0.000237415 0.000483448 0.000755259 0.00104812 0.00137633 0.00173575 0.00212792 0.00254788 0.00296798 0.00336526 0.00370237 0.00396305 0.00412324 0.00416831 0.00408096 0.00386372 0.00355347 0.00317716 0.00279594 0.00242523 0.0021153 0.00190366 0.00179488 0.00182377 0.00195043 0.00219517 0.0025317 0.00291857 0.00333965 0.00373941 0.00411525 0.00443328 0.00466767 0.00480663 0.00485707 0.0047997 0.0046427 0.00437905 0.00400973 0.00356605 0.00301063 0.00238194 0.00168014 0.000919878 0.00010898 -0.000740501 -0.00160694 -0.00247934 -0.00334289 -0.00419603 -0.0049956 -0.0057522 -0.00644645 -0.0070744 -0.00760951 -0.00807392 -0.00845174 -0.00873123 -0.0089269 -0.00902726 -0.0090418 -0.00897083 -0.00882312 -0.00859748 -0.00832291 -0.00796908 -0.00757625 -0.00715021 -0.0066923 -0.00621257 -0.00574354 -0.00526429 -0.00478968 -0.00433952 -0.00391451 -0.00351198 -0.00313575 -0.00279784 -0.00248084 -0.00219023 -0.00193629 -0.00172154 -0.00150884 -0.00132689 -0.00117322 -0.00104321 -0.000923024 -0.000827999 -0.000735996 -0.000673238 -0.000619186 -0.00057037 -0.000528101 -0.000510176 -0.0004808 -0.000464435 -0.000454069 -0.000445264 -0.000431865 -0.000436045 -0.000425897 -0.000422715 -0.000422478 -0.000420095 -0.000406809 -0.000411303 -0.00040007 -0.000385701 -0.000369169 -0.000353972 -0.000322535 -0.000294615 -0.000241822 -0.000188036 -0.000131136 -5.7116e-05 5.17775e-05 0.00015477 0.000275292 0.000420724 0.000592337 0.000776726 0.000993367 0.00123751 0.0015049 0.00179722 0.00213486 0.00250494 0.00288937 0.00331632 0.00376855 0.00423192 0.00471524 0.00522403 0.00571065 0.00620098 0.00667246 0.00711935 0.00752725 0.00790196 0.00821987 0.00848585 0.00867948 0.00880293 0.00885917 0.00882859 0.00871815 0.00852123 0.00824954 0.00787336 0.00742224 0.00689225 0.00628708 0.0056052 0.00487195 0.00408242 0.00324911 0.00238198 0.00147721 0.000579051 -0.000347252 -0.00127293 -0.00219133 -0.00310347 -0.00400514 -0.00489537 -0.00576704 -0.00660338 -0.00740011 -0.00815992 -0.00882911 -0.00941469 -0.00987169 -0.0101911 -0.0103572 -0.0103277 -0.010133 -0.00976192 -0.00924872 -0.00861111 -0.00788237 -0.00712241 -0.00637459 -0.00569183 -0.0051018 -0.00464327 -0.00432329 -0.00414291 -0.00407477 -0.00408768 -0.00416994 -0.00428515 -0.00442244 -0.00454071 -0.00462309 -0.00467397 -0.00468591 -0.00468131 -0.00463872 
0 0.000483448 0.000992653 0.00153699 0.00213929 0.00280088 0.00352655 0.00432075 0.00515905 0.00600383 0.00679696 0.00747084 0.00799141 0.00831402 0.00839878 0.00822995 0.00779395 0.0071675 0.00642091 0.00563048 0.0048887 0.00424135 0.00378892 0.00356283 0.00356926 0.00381787 0.00426891 0.00490995 0.00566747 0.00646175 0.00724464 0.00796402 0.00857437 0.00902614 0.00929692 0.00937748 0.00926909 0.00894819 0.00841118 0.00769919 0.00679887 0.00572595 0.00449883 0.00312982 0.00166266 9.34552e-05 -0.00156027 -0.00323475 -0.00491792 -0.00660867 -0.00823486 -0.00979976 -0.0112708 -0.0126244 -0.0138627 -0.0149328 -0.0158399 -0.0165927 -0.0171616 -0.0175361 -0.0177657 -0.0178136 -0.0176912 -0.0174118 -0.0170011 -0.0164501 -0.0157841 -0.0150422 -0.0142215 -0.0133317 -0.0124135 -0.0114858 -0.0105375 -0.00963148 -0.00874818 -0.00789729 -0.00709021 -0.00635167 -0.00565373 -0.00503224 -0.00446044 -0.00394712 -0.00347196 -0.00306226 -0.00271189 -0.00240308 -0.00210374 -0.0018705 -0.0016837 -0.00150606 -0.00135478 -0.00124828 -0.0011466 -0.00106862 -0.00101622 -0.000961589 -0.000921475 -0.000905456 -0.000878343 -0.00085702 -0.000856799 -0.000843575 -0.000828324 -0.00083113 -0.000820632 -0.000803863 -0.0007983 -0.000775926 -0.000743203 -0.000725274 -0.000676194 -0.000602989 -0.000540314 -0.000464857 -0.000338593 -0.000200066 -4.04429e-05 0.000139169 0.000361937 0.000623009 0.000927891 0.00125523 0.00164617 0.00207353 0.00256339 0.00311195 0.00372312 0.00437685 0.00510775 0.00588192 0.00671991 0.00760882 0.00853078 0.00947125 0.0104329 0.011392 0.0123299 0.0132397 0.014103 0.0148966 0.0155847 0.0162025 0.0166977 0.0170529 0.0172878 0.0173836 0.0172943 0.0170608 0.0166606 0.0160887 0.0153635 0.0144629 0.0134264 0.0122493 0.0109223 0.00948661 0.00796846 0.00634979 0.00466901 0.00294343 0.00118429 -0.000594144 -0.00239914 -0.00419662 -0.00597694 -0.00774664 -0.00949998 -0.0112072 -0.0128544 -0.0144385 -0.0159222 -0.017275 -0.0184302 -0.0193508 -0.0200114 -0.0203363 -0.0203156 -0.0199352 -0.0192216 -0.0182292 -0.0169788 -0.0155643 -0.0140781 -0.0126175 -0.0112832 -0.0101326 -0.00923101 -0.00861454 -0.00825941 -0.00813223 -0.00817375 -0.00833366 -0.0085873 -0.00885877 -0.0091077 -0.00928923 -0.0093866 -0.00943792 -0.00942307 -0.00935648 
0 0.000755259 0.00153699 0.00238695 0.00330507 0.00431991 0.00542654 0.00662511 0.00789415 0.00916104 0.0103508 0.0113629 0.0121411 0.0126172 0.0127445 0.0124772 0.0118237 0.0108806 0.00973737 0.00855206 0.00739516 0.00640012 0.00567797 0.00526178 0.00522783 0.00550118 0.00611047 0.00699098 0.0080323 0.00916789 0.0102625 0.0112846 0.0121464 0.0127761 0.0131388 0.013244 0.0130519 0.0125741 0.0117988 0.0107387 0.00945869 0.00789397 0.00612668 0.00416935 0.00206234 -0.000175413 -0.0025119 -0.00489171 -0.00728807 -0.00966869 -0.0120176 -0.0142445 -0.0163595 -0.0183185 -0.020105 -0.0216534 -0.023003 -0.0241186 -0.0249677 -0.025575 -0.0259234 -0.0260274 -0.0258904 -0.0255348 -0.0249659 -0.0242423 -0.0233118 -0.0222621 -0.0211093 -0.0198606 -0.018545 -0.0172327 -0.015886 -0.0145438 -0.0132493 -0.0120102 -0.0108261 -0.00971099 -0.00869011 -0.00773475 -0.00685483 -0.00607451 -0.00539649 -0.00474891 -0.00418758 -0.00370546 -0.00328856 -0.00291449 -0.00260891 -0.00232306 -0.00211039 -0.00193103 -0.00177126 -0.00163573 -0.00155895 -0.0014659 -0.00140555 -0.0013648 -0.00132947 -0.00128894 -0.00128767 -0.00125814 -0.00124267 -0.00123526 -0.00122089 -0.00118301 -0.00117943 -0.00113959 -0.00108799 -0.00102995 -0.000965838 -0.000860359 -0.000755525 -0.000592515 -0.000413398 -0.00021722 2.73522e-05 0.000356198 0.000691091 0.00108004 0.00154131 0.00207512 0.00266039 0.00333445 0.00408921 0.00491481 0.00581537 0.00682675 0.0079227 0.00906164 0.0102977 0.0115916 0.0129096 0.0142653 0.0156656 0.0170102 0.0183442 0.0196207 0.0208215 0.0219117 0.022895 0.0237246 0.0243988 0.0248708 0.0251451 0.0252233 0.0250589 0.0246703 0.0240462 0.0232083 0.0221044 0.0207958 0.0192843 0.0175799 0.0156827 0.0136506 0.0114805 0.00919375 0.00681398 0.00433941 0.00185615 -0.000702318 -0.00328012 -0.00585677 -0.00843094 -0.0109937 -0.0135391 -0.0160421 -0.0184614 -0.0207825 -0.0229941 -0.0249732 -0.0267062 -0.0280851 -0.0290711 -0.0296066 -0.029596 -0.0290934 -0.0280878 -0.0266635 -0.0248773 -0.0228308 -0.020687 -0.0185776 -0.0166487 -0.0149899 -0.013703 -0.0128179 -0.0123297 -0.0121675 -0.0122472 -0.0125218 -0.0129022 -0.0133376 -0.0137247 -0.0140122 -0.0142012 -0.0142835 -0.0143019 -0.0142177 
0 0.00104812 0.00213929 0.00330507 0.00457412 0.00595886 0.00746495 0.00908918 0.0107895 0.0124848 0.0140667 0.0154116 0.0164387 0.0170647 0.0172142 0.0168503 0.0159682 0.0146904 0.0131552 0.0115182 0.00993951 0.00854155 0.00748934 0.00685648 0.00667587 0.00694547 0.00762026 0.0086525 0.00991325 0.0112687 0.012607 0.0138395 0.0148753 0.0156274 0.0160539 0.0161387 0.0158756 0.0152383 0.0142265 0.0128919 0.0112425 0.00929157 0.00708083 0.00464155 0.00203233 -0.00073644 -0.00363431 -0.00657566 -0.00953609 -0.0125011 -0.0153893 -0.018175 -0.0208194 -0.0232848 -0.025554 -0.0275554 -0.029288 -0.0307483 -0.0318912 -0.0327074 -0.0332387 -0.0334553 -0.0333655 -0.0329918 -0.0323684 -0.0315005 -0.0304121 -0.0291652 -0.0277686 -0.0262363 -0.024625 -0.0229711 -0.0212686 -0.0195901 -0.0179373 -0.0163246 -0.0147731 -0.0133157 -0.0119401 -0.010677 -0.00950903 -0.00844984 -0.00748179 -0.0066192 -0.00586823 -0.00520501 -0.00459298 -0.0040836 -0.00366047 -0.00327453 -0.00294883 -0.00269365 -0.00246488 -0.00228061 -0.00214527 -0.00201799 -0.00192092 -0.00186093 -0.00179761 -0.00174573 -0.00172492 -0.00169003 -0.00165606 -0.00164201 -0.00161137 -0.00156802 -0.00153628 -0.00147669 -0.00139733 -0.00132281 -0.001205 -0.001045 -0.000883176 -0.00068315 -0.000411363 -0.000105659 0.000248883 0.00066303 0.00114762 0.00170936 0.00235853 0.00307721 0.00390027 0.00481316 0.00583684 0.00696561 0.00819833 0.00952132 0.0109546 0.0124566 0.0140481 0.015706 0.0173954 0.0191015 0.0208207 0.022506 0.0241387 0.0257009 0.0271609 0.0284798 0.0296204 0.0305991 0.0313575 0.0318636 0.0321356 0.0321484 0.0318495 0.0312796 0.0304232 0.0292799 0.0278638 0.0261727 0.024253 0.0221065 0.0197291 0.0171809 0.0144899 0.0116455 0.0086891 0.00564434 0.00253579 -0.00063405 -0.00386214 -0.00710599 -0.0103515 -0.0136048 -0.0168501 -0.0200458 -0.0231583 -0.0261706 -0.029025 -0.0316398 -0.0339137 -0.0357593 -0.03711 -0.0378488 -0.037926 -0.0373298 -0.0360986 -0.0343203 -0.0320614 -0.0294823 -0.0267634 -0.0240925 -0.0216505 -0.0195619 -0.0179459 -0.0168598 -0.0162759 -0.0161209 -0.0162909 -0.0166961 -0.0172625 -0.0178725 -0.0184309 -0.0188614 -0.0191414 -0.019307 -0.0193495 -0.019274 
0 0.00137633 0.00280088 0.00431991 0.00595886 0.00774032 0.0096671 0.0117264 0.0138682 0.0159892 0.017957 0.0196273 0.0208899 0.0216418 0.0217983 0.0213046 0.0201778 0.0185482 0.0165835 0.0144888 0.0124363 0.0106085 0.00917963 0.00824467 0.00786612 0.00801559 0.00866992 0.0097494 0.0111074 0.0126009 0.0140772 0.0154384 0.0165737 0.0173837 0.017818 0.017866 0.017506 0.01673 0.0155394 0.0139699 0.0120628 0.00980928 0.00726791 0.00447957 0.00149535 -0.00165944 -0.00494376 -0.00828856 -0.011659 -0.0150245 -0.0183359 -0.021528 -0.024575 -0.0274364 -0.0300777 -0.0324351 -0.034512 -0.0362821 -0.0377033 -0.0387748 -0.0394996 -0.0398726 -0.039898 -0.0395977 -0.038995 -0.0381204 -0.0369707 -0.0356137 -0.0340746 -0.032371 -0.030549 -0.028662 -0.026706 -0.024729 -0.0227687 -0.0208459 -0.0189774 -0.0171898 -0.0155023 -0.0139168 -0.0124407 -0.0110971 -0.00988187 -0.00876669 -0.00777808 -0.00690735 -0.00613342 -0.00545838 -0.00488213 -0.00436769 -0.0039417 -0.0035866 -0.00327615 -0.0030177 -0.00282342 -0.00264614 -0.00250891 -0.00240779 -0.0023193 -0.00224283 -0.00219917 -0.00214446 -0.00209741 -0.00206078 -0.00201193 -0.00194521 -0.00188925 -0.00179956 -0.00168466 -0.00155558 -0.00139367 -0.00118137 -0.00094408 -0.000644911 -0.000288929 0.000115435 0.000594728 0.00117075 0.00181325 0.00254846 0.00339547 0.00434994 0.00541322 0.00659974 0.00790867 0.00932978 0.0108634 0.012517 0.0142731 0.0160948 0.018002 0.0199619 0.0219369 0.0239221 0.0259058 0.0278184 0.0296586 0.0313941 0.0329919 0.0344129 0.0356373 0.0366396 0.0373877 0.037844 0.0380133 0.0378846 0.0374198 0.0366395 0.0355439 0.034141 0.03242 0.030417 0.0281586 0.025655 0.0229149 0.0199916 0.0169025 0.0136561 0.0102785 0.00678988 0.00323402 -0.00041352 -0.00412744 -0.007878 -0.0116573 -0.0154642 -0.0192847 -0.0230793 -0.0268028 -0.0304251 -0.0338884 -0.0370694 -0.0398717 -0.0421711 -0.0438731 -0.0448621 -0.0450456 -0.0444297 -0.0430431 -0.040982 -0.038351 -0.0353242 -0.0321306 -0.0289949 -0.0261319 -0.0237042 -0.0218505 -0.0206323 -0.0200267 -0.019938 -0.0202448 -0.0208422 -0.0216168 -0.0224486 -0.0232075 -0.0238074 -0.024229 -0.0244881 -0.024602 -0.0245546 
0 0.00173575 0.00352655 0.00542654 0.00746495 0.0096671 0.0120332 0.0145394 0.0171231 0.0196617 0.0220004 0.0239761 0.0254488 0.0262982 0.0264263 0.0257726 0.0243707 0.0223566 0.0199316 0.0173313 0.014763 0.0124502 0.0105814 0.00928107 0.00861955 0.00857432 0.00911632 0.0101451 0.0115046 0.013031 0.0145548 0.0159567 0.0171149 0.0179263 0.0183336 0.0183221 0.0178701 0.0169748 0.0156456 0.0139126 0.0118238 0.00938162 0.00663792 0.00364259 0.000437356 -0.00294325 -0.00645447 -0.0100389 -0.0136544 -0.0172618 -0.0208237 -0.0242705 -0.0275758 -0.0307034 -0.0336072 -0.0362385 -0.0385846 -0.0406152 -0.0422937 -0.043616 -0.0445689 -0.0451545 -0.0453674 -0.0452245 -0.0447428 -0.0439523 -0.0428577 -0.0415111 -0.0399441 -0.0381781 -0.0362543 -0.034222 -0.0320997 -0.0299202 -0.0277315 -0.0255554 -0.0234164 -0.0213403 -0.0193613 -0.0174787 -0.0157123 -0.0140783 -0.0125854 -0.0112128 -0.00998215 -0.00888388 -0.00790903 -0.00704804 -0.00630227 -0.00564591 -0.00508929 -0.0046141 -0.00420648 -0.00386319 -0.00358734 -0.003349 -0.00315717 -0.00300454 -0.0028772 -0.00276935 -0.00268846 -0.00260847 -0.00253627 -0.00246814 -0.00239057 -0.00229586 -0.00219655 -0.00206593 -0.0019058 -0.00171501 -0.00148489 -0.00120056 -0.000871628 -0.000471015 -2.76813e-06 0.000537831 0.00116677 0.00190637 0.00273682 0.00368247 0.00475487 0.00595723 0.00727959 0.00874267 0.0103367 0.012052 0.0138797 0.0158255 0.0178579 0.0199553 0.0221163 0.0243106 0.0264992 0.0286718 0.0308056 0.0328444 0.0347765 0.0365691 0.038187 0.0395906 0.0407659 0.0416771 0.0423044 0.0426179 0.0426155 0.0422884 0.0416185 0.0406111 0.0392813 0.0376378 0.0356728 0.0334285 0.0309226 0.0281685 0.0251835 0.0220089 0.0186618 0.0151596 0.0115175 0.00775876 0.00391509 -3.51539e-05 -0.00406964 -0.00816989 -0.0123299 -0.0165486 -0.0208118 -0.0250828 -0.0293144 -0.0334632 -0.0374585 -0.0411632 -0.0444584 -0.0471998 -0.0492589 -0.0505091 -0.0508416 -0.0502518 -0.0487752 -0.0465086 -0.0435904 -0.0402169 -0.0366494 -0.0331516 -0.0299664 -0.0272942 -0.025288 -0.0240158 -0.0234551 -0.0234962 -0.0240028 -0.0248473 -0.0258875 -0.0269869 -0.0279963 -0.0288187 -0.0294278 -0.0298293 -0.0300479 -0.0300645 
0 0.00212792 0.00432075 0.00662511 0.00908918 0.0117264 0.0145394 0.0174937 0.0205057 0.0234408 0.0261216 0.028368 0.0300112 0.0309182 0.0309672 0.0301157 0.0283972 0.0259584 0.0230434 0.0198815 0.0167624 0.0139063 0.0115326 0.00980893 0.008769 0.00846157 0.00879725 0.00968446 0.0109679 0.0124359 0.0139444 0.015323 0.0164528 0.0172293 0.017595 0.0175102 0.0169869 0.0160011 0.0145764 0.0127641 0.0105624 0.00804437 0.00521629 0.00214171 -0.00113973 -0.00459185 -0.00817707 -0.0118369 -0.0155299 -0.019233 -0.0228704 -0.026431 -0.0298521 -0.0331111 -0.0361589 -0.0389735 -0.0414991 -0.043732 -0.0456403 -0.0471866 -0.048389 -0.0492202 -0.0496752 -0.0497588 -0.049501 -0.0488774 -0.0479535 -0.0467339 -0.045251 -0.043531 -0.0416274 -0.0395501 -0.0373536 -0.0350772 -0.032746 -0.0303875 -0.0280415 -0.0257442 -0.0235022 -0.0213598 -0.0193291 -0.01742 -0.0156269 -0.0140003 -0.012518 -0.0111773 -0.00996098 -0.00889881 -0.00795898 -0.00714389 -0.00642064 -0.00580892 -0.00528131 -0.00484064 -0.00445598 -0.00414579 -0.00387924 -0.00366511 -0.0034789 -0.00333162 -0.00319449 -0.0030826 -0.00296685 -0.00285807 -0.00273431 -0.00260629 -0.00244127 -0.00225797 -0.00203349 -0.00177507 -0.00144939 -0.00107295 -0.000625428 -0.000118069 0.000497356 0.00120798 0.00202037 0.00292959 0.00398829 0.00517452 0.00649582 0.00794887 0.00955455 0.0112872 0.0131544 0.0151465 0.0172491 0.0194316 0.0216888 0.024008 0.0263438 0.0286872 0.0310049 0.0332638 0.0354235 0.0374869 0.0393801 0.0411021 0.0426117 0.0438799 0.0448686 0.0455899 0.0459927 0.0460761 0.0458428 0.0452707 0.0443658 0.0431325 0.0415906 0.0397296 0.0375958 0.0351752 0.0325148 0.0296201 0.0265124 0.0232147 0.0197617 0.0161521 0.0124014 0.00854941 0.00456432 0.000487894 -0.00370982 -0.00800769 -0.012397 -0.0168912 -0.0214714 -0.0261001 -0.0307389 -0.0353328 -0.0397691 -0.0439499 -0.0476796 -0.0508311 -0.0532381 -0.0547344 -0.0552515 -0.0547179 -0.0532093 -0.0508119 -0.0476835 -0.0440646 -0.0402194 -0.036459 -0.0330489 -0.0302238 -0.0281458 -0.026897 -0.0264426 -0.0266741 -0.0274427 -0.0285829 -0.0299519 -0.0313638 -0.0326794 -0.033787 -0.0346375 -0.0352562 -0.0356302 -0.0357732 
0 0.00254788 0.00515905 0.00789415 0.0107895 0.0138682 0.0171231 0.0205057 0.0239185 0.0272109 0.0301864 0.0326537 0.0344175 0.0353176 0.0352456 0.0341335 0.032059 0.0291646 0.0257009 0.0219681 0.0182312 0.0147991 0.0118763 0.0096405 0.00818962 0.00751407 0.00758366 0.00825873 0.00937843 0.0107518 0.012185 0.0135102 0.0145918 0.0153255 0.015639 0.0155176 0.0149295 0.0139008 0.0124552 0.0106019 0.00840514 0.00588392 0.00307775 4.59039e-05 -0.00319214 -0.00658778 -0.0100839 -0.0136736 -0.017302 -0.0209179 -0.024522 -0.0280392 -0.0314482 -0.0347216 -0.0378015 -0.0406779 -0.043323 -0.0456902 -0.047768 -0.049545 -0.0509694 -0.0520526 -0.0527832 -0.0531587 -0.0531666 -0.0528373 -0.0521696 -0.0511689 -0.0498787 -0.0483321 -0.0465398 -0.0445474 -0.0424034 -0.0401021 -0.0377133 -0.035274 -0.032809 -0.0303393 -0.0279223 -0.0255514 -0.0232728 -0.0211042 -0.0190799 -0.0171788 -0.0154129 -0.0138026 -0.0123752 -0.0110731 -0.00990378 -0.0088855 -0.00800084 -0.00721661 -0.0065488 -0.00597147 -0.00547575 -0.00506256 -0.00471194 -0.00440452 -0.00415547 -0.00394006 -0.00374084 -0.00356705 -0.00340523 -0.00322904 -0.00305123 -0.00285621 -0.0026272 -0.00236743 -0.00206446 -0.00169072 -0.00127299 -0.000787838 -0.000198349 0.000490817 0.00125475 0.00214229 0.00316337 0.00432824 0.0056167 0.00704715 0.0086251 0.0103655 0.0122269 0.0142342 0.0163573 0.0185784 0.0208858 0.0232827 0.0257058 0.0281536 0.030593 0.0329886 0.0353164 0.0375553 0.0396596 0.0415954 0.0433433 0.0448661 0.0461403 0.0471459 0.0478827 0.048298 0.0484095 0.0482123 0.0476835 0.0468399 0.0457048 0.044252 0.0425174 0.0405154 0.0382339 0.0357302 0.0329972 0.0300558 0.026947 0.0236662 0.0202282 0.0166641 0.0129593 0.0091282 0.00518184 0.00109379 -0.00311714 -0.00746942 -0.011972 -0.0166128 -0.0213932 -0.0262812 -0.0312294 -0.0361616 -0.0409799 -0.0455261 -0.0496443 -0.0531489 -0.0558455 -0.0576012 -0.0582725 -0.0578405 -0.056336 -0.0538559 -0.0506061 -0.0468091 -0.0427841 -0.038849 -0.0353007 -0.0324059 -0.030335 -0.029168 -0.0288823 -0.0293561 -0.0304289 -0.0319292 -0.0336591 -0.0354523 -0.0371302 -0.0385816 -0.0397639 -0.040648 -0.0412664 -0.041592 
0 0.00296798 0.00600383 0.00916104 0.0124848 0.0159892 0.0196617 0.0234408 0.0272109 0.0308042 0.034018 0.0366385 0.0384515 0.039291 0.0390191 0.0376111 0.0351297 0.0317362 0.0277163 0.0233449 0.018987 0.014924 0.0114029 0.00864057 0.00669242 0.00564008 0.00538128 0.00579699 0.00673116 0.00794984 0.00929187 0.0105435 0.0115692 0.0122689 0.0125752 0.0124314 0.0118529 0.0108308 0.00940338 0.00761164 0.00545355 0.00303322 0.000345687 -0.00254617 -0.00562097 -0.00882866 -0.012137 -0.015524 -0.0189474 -0.0223849 -0.0257804 -0.0291453 -0.0324224 -0.0355944 -0.0386133 -0.0414963 -0.0441599 -0.0466003 -0.0488092 -0.0507374 -0.0523856 -0.0537263 -0.0547451 -0.0554267 -0.0557774 -0.055753 -0.055428 -0.0547564 -0.0537647 -0.0524791 -0.0509323 -0.0491116 -0.0470994 -0.0449159 -0.0425873 -0.0401415 -0.0376292 -0.0350884 -0.0325293 -0.0300095 -0.0275592 -0.025177 -0.0228742 -0.0207374 -0.0187296 -0.0168631 -0.0151451 -0.0135976 -0.0121926 -0.0109669 -0.00985377 -0.00888041 -0.00804059 -0.00732062 -0.00666838 -0.00613847 -0.00566921 -0.00526437 -0.00491403 -0.00462106 -0.00432857 -0.00408642 -0.00384006 -0.00358976 -0.003328 -0.00306293 -0.00272713 -0.00237516 -0.00196691 -0.00148808 -0.000918684 -0.000284096 0.000472784 0.00131499 0.00229815 0.00342604 0.00468484 0.00605637 0.00762238 0.0093337 0.0111781 0.0131605 0.0152873 0.0175153 0.0198481 0.0222716 0.0247539 0.0272527 0.0297565 0.0322662 0.0346996 0.037055 0.0393068 0.0414051 0.0432972 0.0450269 0.0465007 0.047728 0.0486838 0.0493579 0.0497232 0.0498021 0.0495679 0.0490498 0.0482397 0.0471258 0.0457556 0.0441119 0.0422238 0.0400901 0.037768 0.035231 0.0325169 0.0296339 0.0266122 0.0234394 0.020142 0.0167241 0.0131759 0.00951891 0.00568793 0.00173375 -0.00239628 -0.00671216 -0.0112136 -0.0159116 -0.0207915 -0.0258275 -0.0309822 -0.0361671 -0.0412439 -0.0461064 -0.0505167 -0.0543138 -0.057274 -0.059216 -0.0600606 -0.0597037 -0.0582229 -0.0557071 -0.0523639 -0.0484725 -0.0443281 -0.0402941 -0.0366835 -0.0337825 -0.0317754 -0.0307464 -0.0306686 -0.0314309 -0.032863 -0.0347573 -0.036917 -0.0391296 -0.0412332 -0.0431005 -0.0446597 -0.0458987 -0.0468 -0.0473744 
0 0.00336526 0.00679696 0.0103508 0.0140667 0.017957 0.0220004 0.0261216 0.0301864 0.034018 0.0373945 0.0400949 0.0418883 0.042583 0.0420611 0.0402852 0.0373546 0.0334357 0.028811 0.0238139 0.0187951 0.0141012 0.00997818 0.00664564 0.00421451 0.00272916 0.00212918 0.00226708 0.00298198 0.004059 0.00530508 0.00650219 0.007503 0.00820634 0.00853013 0.00843662 0.00790243 0.00695811 0.00563842 0.00395572 0.00195076 -0.000310599 -0.00280452 -0.00547805 -0.00831495 -0.0112637 -0.0142748 -0.0173668 -0.0204957 -0.0236261 -0.0267553 -0.0298614 -0.0329174 -0.0359008 -0.0387721 -0.0415466 -0.0441769 -0.0466256 -0.0488986 -0.0509642 -0.0527805 -0.0543357 -0.0556231 -0.0566212 -0.0573025 -0.057662 -0.0577159 -0.0574176 -0.0567918 -0.05587 -0.0546433 -0.0531253 -0.0513733 -0.0493825 -0.0471975 -0.0448629 -0.0424116 -0.0398726 -0.0372815 -0.0346692 -0.0320806 -0.0295327 -0.0270636 -0.0247024 -0.0224356 -0.0203055 -0.0183541 -0.0165432 -0.0148714 -0.0133894 -0.0120569 -0.0108612 -0.00982156 -0.00890842 -0.00809375 -0.00740743 -0.00680268 -0.00626064 -0.00579731 -0.0053878 -0.00499132 -0.00464066 -0.00429991 -0.00394092 -0.00357838 -0.00319922 -0.00275635 -0.00227821 -0.00173571 -0.00109515 -0.000376803 0.000431847 0.00139367 0.00247457 0.00367144 0.00503243 0.00655355 0.0082159 0.0100379 0.012 0.0140933 0.0163257 0.018665 0.0210925 0.0235879 0.0261262 0.0286878 0.0312458 0.0337546 0.0362079 0.0385457 0.0407413 0.0427869 0.0446416 0.0462573 0.0476476 0.0487718 0.0496132 0.0501704 0.0504494 0.0504428 0.0501381 0.0495545 0.048717 0.047602 0.0462358 0.0446651 0.0428658 0.0408673 0.0386889 0.036347 0.0338607 0.0312309 0.0284765 0.0256357 0.0226694 0.0195902 0.0164127 0.0131084 0.00966975 0.00606519 0.00229289 -0.00166696 -0.00585506 -0.0102872 -0.014951 -0.0198532 -0.0249675 -0.0302501 -0.035596 -0.0408726 -0.0459359 -0.0505756 -0.0545843 -0.0577239 -0.059834 -0.0607835 -0.0605066 -0.0590394 -0.0564879 -0.0530914 -0.0491183 -0.0449068 -0.040817 -0.037193 -0.0343397 -0.0324434 -0.0315921 -0.0317634 -0.0328471 -0.0346659 -0.0369986 -0.0396084 -0.0422873 -0.044853 -0.0471748 -0.049175 -0.050801 -0.0520519 -0.0529161 
0 0.00370237 0.00747084 0.0113629 0.0154116 0.0196273 0.0239761 0.028368 0.0326537 0.0366385 0.0400949 0.0427868 0.044473 0.0449511 0.0441039 0.0419139 0.0384898 0.0340152 0.0287782 0.0231334 0.0174619 0.012131 0.00741164 0.00353172 0.000623662 -0.00126131 -0.00218393 -0.00229859 -0.00177293 -0.000818883 0.000357178 0.00153166 0.00254445 0.00329603 0.00370061 0.00370876 0.00329585 0.00249274 0.00133596 -0.000162789 -0.00196227 -0.00399425 -0.00622415 -0.0086138 -0.0111444 -0.0137661 -0.0164384 -0.0191795 -0.0219562 -0.0247353 -0.0275173 -0.0302969 -0.0330598 -0.0357818 -0.038442 -0.0410558 -0.0435766 -0.0459705 -0.0482461 -0.0503746 -0.0523167 -0.0540563 -0.0555801 -0.0568631 -0.0578676 -0.0585851 -0.0590268 -0.0591437 -0.058938 -0.0584314 -0.0576055 -0.0564612 -0.0550466 -0.0533655 -0.0514426 -0.0493107 -0.0470083 -0.0445672 -0.0420189 -0.0394057 -0.0367719 -0.0341242 -0.0315068 -0.0289706 -0.0265096 -0.0241531 -0.0219458 -0.0198723 -0.0179438 -0.0162016 -0.0146105 -0.0131672 -0.0118973 -0.0107687 -0.00975425 -0.00887941 -0.00810313 -0.00740198 -0.00678857 -0.00623527 -0.00570457 -0.00522001 -0.00474779 -0.0042581 -0.00376353 -0.00324402 -0.00265483 -0.00201973 -0.00131227 -0.00049096 0.000429945 0.00145849 0.00264407 0.00396473 0.0054252 0.00705975 0.0088439 0.0107625 0.0128429 0.0150568 0.0173745 0.0198014 0.022308 0.024865 0.0274542 0.0300502 0.0326167 0.0351186 0.0375243 0.039822 0.0419523 0.0438918 0.0456349 0.047137 0.0483675 0.0493507 0.0500564 0.0504704 0.0506049 0.0504682 0.0500591 0.0493786 0.048455 0.0473158 0.045944 0.0443658 0.0426295 0.0407214 0.0386623 0.0364828 0.0342002 0.031822 0.0293441 0.0267855 0.0241688 0.0214535 0.0186425 0.0157452 0.0127309 0.00957119 0.00623144 0.00270289 -0.00104308 -0.00505789 -0.00935862 -0.0139351 -0.0187932 -0.0239142 -0.0292511 -0.0346873 -0.0400858 -0.045292 -0.0500894 -0.0542469 -0.057517 -0.0597295 -0.0607501 -0.0605069 -0.0590273 -0.0564331 -0.052973 -0.0489364 -0.0446703 -0.0405488 -0.036937 -0.034148 -0.032378 -0.0317137 -0.0321403 -0.0335524 -0.0357662 -0.0385453 -0.041628 -0.0447933 -0.0478508 -0.05066 -0.0531253 -0.0551735 -0.0567924 -0.0579712 
0 0.00396305 0.00799141 0.0121411 0.0164387 0.0208899 0.0254488 0.0300112 0.0344175 0.0384515 0.0418883 0.044473 0.0459581 0.0461442 0.044902 0.0422546 0.0383036 0.0332566 0.027417 0.0211327 0.0148434 0.00890481 0.00362635 -0.000752093 -0.00410366 -0.00633975 -0.00754802 -0.00786946 -0.00747946 -0.00659632 -0.0054294 -0.00421261 -0.00312037 -0.00225845 -0.00170588 -0.00154301 -0.00176702 -0.00236813 -0.00330635 -0.00455097 -0.00609231 -0.00783824 -0.00976014 -0.0118302 -0.0140219 -0.016283 -0.0185961 -0.0209562 -0.0233496 -0.0257612 -0.0281635 -0.0305917 -0.0330226 -0.0354356 -0.0378267 -0.0402198 -0.0425602 -0.0448394 -0.0470596 -0.0491824 -0.0511899 -0.0530506 -0.0547519 -0.0562645 -0.0575641 -0.0586084 -0.0594204 -0.0599448 -0.060168 -0.0600957 -0.059723 -0.0590189 -0.0580149 -0.0567278 -0.0551568 -0.0533246 -0.0512739 -0.0490391 -0.0466256 -0.0440991 -0.0414971 -0.0388357 -0.0361417 -0.0334934 -0.0308822 -0.0283441 -0.0259079 -0.0235995 -0.0214195 -0.0194126 -0.0175473 -0.0158457 -0.0143141 -0.0129405 -0.0116911 -0.0105954 -0.00960812 -0.0087176 -0.00791429 -0.00718476 -0.00648519 -0.0058357 -0.00519376 -0.0045441 -0.00387805 -0.00318492 -0.00241267 -0.00158432 -0.00066511 0.000367998 0.00152841 0.00280991 0.00425482 0.00583476 0.00757663 0.00948193 0.0115305 0.0136942 0.0160143 0.0184371 0.0209349 0.023501 0.0261241 0.0287399 0.0313408 0.0339022 0.0363798 0.0387251 0.0409317 0.0429722 0.044785 0.0463704 0.0477211 0.0487973 0.0495817 0.0501174 0.0503601 0.0503233 0.0500233 0.049477 0.0486761 0.0476546 0.0464214 0.0450113 0.0434283 0.0416859 0.0398366 0.0378807 0.0358253 0.0336939 0.0315284 0.029293 0.0270073 0.0246827 0.0223177 0.019883 0.0173696 0.0147703 0.0120601 0.00920175 0.00613746 0.00288437 -0.000623891 -0.00443346 -0.00856103 -0.0130183 -0.0177956 -0.0228872 -0.0282371 -0.0337213 -0.039186 -0.0444835 -0.0493694 -0.053609 -0.0569526 -0.0592016 -0.0602522 -0.0599951 -0.0584735 -0.055819 -0.0522746 -0.048171 -0.0438415 -0.0396879 -0.0360869 -0.0333536 -0.0316969 -0.0311987 -0.0318551 -0.0335667 -0.0361456 -0.0393367 -0.0428695 -0.0464995 -0.0500392 -0.0533361 -0.0562681 -0.0587576 -0.0607579 -0.062273 
0 0.00412324 0.00831402 0.0126172 0.0170647 0.0216418 0.0262982 0.0309182 0.0353176 0.039291 0.042583 0.0449511 0.0461442 0.0459445 0.0442716 0.0411165 0.0366315 0.0310285 0.0245899 0.017738 0.0108569 0.0043792 -0.00138875 -0.00622314 -0.00992248 -0.0124706 -0.013891 -0.0143508 -0.0140412 -0.0131501 -0.0119273 -0.0105977 -0.00934793 -0.00829507 -0.00754247 -0.00713203 -0.00712173 -0.00745813 -0.00811081 -0.00908068 -0.0102944 -0.0117287 -0.013312 -0.0150339 -0.0168608 -0.0187633 -0.0206929 -0.0226741 -0.0246946 -0.0267104 -0.0287589 -0.030818 -0.0329035 -0.0349912 -0.0370979 -0.0392065 -0.0413396 -0.0434466 -0.0455344 -0.0476066 -0.049604 -0.0515139 -0.053329 -0.055023 -0.0565313 -0.0578828 -0.0590154 -0.0599108 -0.0605402 -0.0609169 -0.0609837 -0.060758 -0.0602256 -0.0593808 -0.058224 -0.0567907 -0.0550903 -0.0531367 -0.0509766 -0.0486319 -0.0461396 -0.0435341 -0.0408836 -0.0381836 -0.0354743 -0.0327937 -0.0302087 -0.0276897 -0.0252816 -0.0230024 -0.0208886 -0.0189095 -0.0171032 -0.015441 -0.0139429 -0.0125773 -0.0113509 -0.0102185 -0.00919901 -0.0082408 -0.0073465 -0.00647897 -0.00564189 -0.004782 -0.00391372 -0.00298837 -0.00200971 -0.000936335 0.000230278 0.00153494 0.00294627 0.00451172 0.00623202 0.00811537 0.010114 0.0122707 0.0145632 0.0169807 0.0194708 0.022046 0.0246701 0.0273251 0.0299622 0.0325675 0.0350933 0.0375071 0.0397843 0.0418924 0.043796 0.0454646 0.0468938 0.0480434 0.0489316 0.0495368 0.0498671 0.049904 0.049699 0.0492157 0.0484952 0.0475606 0.0464293 0.0450891 0.0436089 0.0419963 0.0402464 0.0384184 0.0365224 0.0345736 0.0325721 0.0305592 0.0285147 0.0264728 0.0243937 0.0223054 0.0202045 0.0180479 0.0158208 0.0135194 0.0111104 0.0085245 0.00576264 0.00275378 -0.000510812 -0.00410846 -0.00807452 -0.0123909 -0.017081 -0.0221249 -0.0274571 -0.032947 -0.0384539 -0.0437712 -0.0487069 -0.0529679 -0.0563128 -0.0585735 -0.0595729 -0.059281 -0.0576789 -0.0549294 -0.0513021 -0.0470926 -0.0426978 -0.0384886 -0.0348682 -0.0321609 -0.0305614 -0.0301725 -0.0309891 -0.0329244 -0.0357922 -0.0393288 -0.0432452 -0.0472976 -0.0512799 -0.0550314 -0.0584164 -0.0613197 -0.0636998 -0.065537 
0 0.00416831 0.00839878 0.0127445 0.0172142 0.0217983 0.0264263 0.0309672 0.0352456 0.0390191 0.0420611 0.0441039 0.044902 0.0442716 0.0420946 0.0384368 0.0334147 0.0272686 0.0203121 0.0129153 0.00555012 -0.00140589 -0.00759628 -0.0127773 -0.0167871 -0.0195443 -0.0211208 -0.0216527 -0.0213382 -0.0203793 -0.0190296 -0.0175083 -0.0160276 -0.014718 -0.0136611 -0.0129656 -0.0126207 -0.0126358 -0.0129742 -0.0135951 -0.0144828 -0.0155686 -0.0167977 -0.0181637 -0.0196278 -0.0211456 -0.0227279 -0.0243336 -0.0259794 -0.0276524 -0.0293283 -0.0310419 -0.0327891 -0.0345543 -0.0363575 -0.0382071 -0.0400769 -0.0419775 -0.043899 -0.04583 -0.0477567 -0.0496643 -0.0515232 -0.0533077 -0.054998 -0.05655 -0.0579481 -0.0591755 -0.060186 -0.0609514 -0.0614727 -0.061703 -0.0616299 -0.0612728 -0.0606056 -0.0596142 -0.0583281 -0.0567616 -0.0549218 -0.0528548 -0.0505933 -0.0481591 -0.0455765 -0.042911 -0.0402095 -0.0374849 -0.0347514 -0.0320759 -0.029488 -0.0269941 -0.0246101 -0.0223665 -0.0202681 -0.0183238 -0.0165261 -0.0148704 -0.0133499 -0.0119541 -0.0106548 -0.00944032 -0.00829017 -0.00717814 -0.0060794 -0.00498055 -0.00384997 -0.0026659 -0.00140721 -5.71609e-05 0.00140254 0.00298324 0.00471243 0.00658186 0.00857795 0.0107128 0.0130031 0.0154063 0.0178947 0.0204631 0.02311 0.02579 0.0284604 0.0310966 0.0336818 0.036158 0.0385003 0.0406918 0.0426749 0.0444148 0.0459246 0.047172 0.048129 0.0488164 0.0492197 0.0493287 0.0491691 0.0487612 0.0481023 0.0472184 0.0461322 0.0448614 0.0434259 0.0418626 0.0401946 0.0384396 0.0366314 0.0347701 0.0328865 0.0310006 0.0291024 0.0272104 0.0253537 0.0234888 0.0216289 0.0197843 0.0179116 0.0160174 0.0140615 0.0120239 0.0098817 0.00757009 0.0050385 0.00227561 -0.000796932 -0.00422581 -0.00803111 -0.0122492 -0.0168492 -0.0218414 -0.0271426 -0.0326214 -0.0381205 -0.0434463 -0.0483634 -0.0525984 -0.0559142 -0.0580968 -0.0590377 -0.058636 -0.0569268 -0.0540687 -0.0503031 -0.0459925 -0.0414789 -0.0371857 -0.0335021 -0.0307448 -0.029139 -0.0287673 -0.0296537 -0.0317125 -0.0347634 -0.0385384 -0.0427475 -0.0471296 -0.0514786 -0.0556186 -0.059385 -0.0626625 -0.0653666 -0.0674916 
0 0.00408096 0.00822995 0.0124772 0.0168503 0.0213046 0.0257726 0.0301157 0.0341335 0.0376111 0.0402852 0.0419139 0.0422546 0.0411165 0.0384368 0.0342465 0.0287108 0.0220675 0.0146188 0.00678768 -0.00101001 -0.00834127 -0.0148575 -0.0203231 -0.0245309 -0.0274502 -0.0291073 -0.029645 -0.0292699 -0.0281723 -0.0266224 -0.0248453 -0.0230537 -0.0214014 -0.0199993 -0.0189196 -0.0182058 -0.0178396 -0.0177974 -0.018059 -0.0185652 -0.0192937 -0.0201729 -0.0211924 -0.0223016 -0.0234836 -0.0247116 -0.0259705 -0.0272743 -0.0285931 -0.0299527 -0.0313428 -0.0327718 -0.0342339 -0.0357552 -0.0373024 -0.0389214 -0.0405913 -0.0423027 -0.0440754 -0.0458732 -0.0476909 -0.0495173 -0.0513313 -0.0530932 -0.0548127 -0.0564087 -0.0578856 -0.0591964 -0.0603238 -0.0612253 -0.0618993 -0.0622983 -0.0624107 -0.0622107 -0.0617134 -0.0609061 -0.0597769 -0.0583615 -0.0566614 -0.0546901 -0.052501 -0.0501477 -0.0476114 -0.0449628 -0.0422366 -0.039483 -0.0367177 -0.033987 -0.031287 -0.0286961 -0.0262027 -0.0238246 -0.0215669 -0.0194708 -0.017488 -0.0156516 -0.0139317 -0.0123238 -0.0107905 -0.00934661 -0.00792306 -0.00652921 -0.00512237 -0.00368688 -0.00217787 -0.00061723 0.00106387 0.00285331 0.00476304 0.0067856 0.00896123 0.0112459 0.0136608 0.0161603 0.0187453 0.0214038 0.0241226 0.0268134 0.0294946 0.032134 0.0346799 0.0370926 0.0393588 0.041418 0.0432508 0.044846 0.0461777 0.0472314 0.047983 0.0484573 0.048639 0.0485438 0.0481826 0.047588 0.04673 0.0456833 0.0444396 0.0430357 0.041503 0.0398712 0.0381406 0.03637 0.034554 0.0327165 0.0308977 0.0290788 0.0272931 0.0255299 0.0238018 0.0220968 0.0204316 0.0187744 0.0171441 0.0155047 0.013842 0.0121228 0.0103157 0.00839164 0.00627709 0.00395637 0.00135419 -0.00156211 -0.0048555 -0.00856377 -0.012695 -0.0172496 -0.0222086 -0.0274826 -0.0329424 -0.0384286 -0.0437117 -0.048586 -0.0527494 -0.0559741 -0.0580685 -0.0588705 -0.0583434 -0.0564828 -0.0534633 -0.0495486 -0.0450622 -0.0404051 -0.0359684 -0.0321541 -0.0292869 -0.0275712 -0.0271287 -0.0279722 -0.0300333 -0.0331418 -0.0370221 -0.0413952 -0.0459874 -0.0505862 -0.0550037 -0.0590557 -0.0626096 -0.0655642 -0.0679007 
0 0.00386372 0.00779395 0.0118237 0.0159682 0.0201778 0.0243707 0.0283972 0.032059 0.0351297 0.0373546 0.0384898 0.0383036 0.0366315 0.0334147 0.0287108 0.0226815 0.015576 0.00771261 -0.00050207 -0.00863586 -0.0162685 -0.0230359 -0.028688 -0.0330293 -0.0360166 -0.0376812 -0.0381547 -0.0376449 -0.0363522 -0.0345544 -0.0324694 -0.0303229 -0.0282855 -0.0264706 -0.0249741 -0.0238251 -0.0230363 -0.0225919 -0.0224581 -0.0225864 -0.0229484 -0.0234766 -0.0241536 -0.0249258 -0.0257738 -0.0266927 -0.0276391 -0.0286309 -0.0296489 -0.0307042 -0.031792 -0.032921 -0.0340971 -0.0353432 -0.0366314 -0.0379907 -0.0394231 -0.0409118 -0.0424764 -0.0441001 -0.0457939 -0.04753 -0.0492919 -0.0510642 -0.0528358 -0.0545396 -0.0561945 -0.0577471 -0.0591533 -0.0603907 -0.0614355 -0.0622423 -0.0628025 -0.0630868 -0.0630756 -0.0627547 -0.0621043 -0.0611524 -0.0598888 -0.0583213 -0.0564829 -0.0544016 -0.0520801 -0.0496096 -0.0469969 -0.044263 -0.0414667 -0.0386659 -0.0358423 -0.0330657 -0.0303491 -0.0277082 -0.0251635 -0.0227498 -0.0204297 -0.0182408 -0.0161701 -0.014199 -0.0123064 -0.0105021 -0.00871983 -0.00696099 -0.00519755 -0.00339695 -0.00152333 0.000404559 0.00244281 0.00458125 0.0068226 0.00917526 0.0116479 0.0141822 0.0168173 0.0195263 0.0222627 0.0250034 0.0277548 0.0304396 0.0330536 0.0355538 0.0378899 0.0400323 0.0419732 0.0436587 0.0450813 0.0462189 0.0470608 0.0476124 0.0478648 0.0478381 0.0475405 0.0469709 0.0461562 0.0451436 0.0439143 0.0425324 0.0410148 0.0393831 0.0376606 0.035892 0.0340833 0.0322754 0.0304622 0.0286778 0.0269305 0.0252058 0.0235368 0.0219165 0.0203445 0.0188169 0.0173338 0.0158727 0.0144378 0.0129796 0.0115073 0.00997378 0.00834023 0.00657846 0.0046204 0.00243248 -5.23235e-05 -0.00288235 -0.00610389 -0.00975 -0.0138486 -0.0183767 -0.0233177 -0.0285731 -0.034015 -0.0394772 -0.044719 -0.049522 -0.0535929 -0.0567047 -0.0586541 -0.059295 -0.0585808 -0.0565314 -0.0533176 -0.0491963 -0.0445091 -0.0396452 -0.0350107 -0.0309961 -0.0279214 -0.0260021 -0.025364 -0.026039 -0.0279643 -0.0309804 -0.0348217 -0.039212 -0.0438754 -0.0485882 -0.0531489 -0.0573568 -0.0610657 -0.0641562 -0.0665991 
0 0.00355347 0.0071675 0.0108806 0.0146904 0.0185482 0.0223566 0.0259584 0.0291646 0.0317362 0.0334357 0.0340152 0.0332566 0.0310285 0.0272686 0.0220675 0.015576 0.0080535 -0.000160764 -0.00868974 -0.0170776 -0.0249308 -0.0318718 -0.0376316 -0.0420415 -0.0450327 -0.0466529 -0.0470147 -0.0463219 -0.0447907 -0.0426977 -0.0402623 -0.0377193 -0.035262 -0.0330059 -0.0310745 -0.0294745 -0.0282495 -0.02739 -0.0268459 -0.0265892 -0.026578 -0.0267655 -0.0271167 -0.0275812 -0.0281258 -0.0287642 -0.029429 -0.0301345 -0.0308828 -0.0316645 -0.0324863 -0.0333426 -0.0342551 -0.0352308 -0.0362633 -0.0373602 -0.0385534 -0.0398199 -0.041167 -0.0425934 -0.0441148 -0.0457026 -0.047343 -0.0490568 -0.0508047 -0.0525428 -0.0542791 -0.0559779 -0.057575 -0.059074 -0.0604288 -0.0615972 -0.0625513 -0.0632682 -0.0637167 -0.0638791 -0.0637272 -0.0632701 -0.0624846 -0.0613661 -0.0599535 -0.0582467 -0.0562477 -0.0540278 -0.0516085 -0.0489938 -0.0462637 -0.0434531 -0.0405636 -0.037655 -0.0347679 -0.0318959 -0.0290846 -0.0263563 -0.0237021 -0.0211425 -0.0186912 -0.0163141 -0.0140166 -0.0117902 -0.00959315 -0.00740708 -0.00522723 -0.00300317 -0.000725451 0.0016074 0.00402755 0.00653715 0.00910929 0.0117736 0.0145155 0.0172883 0.0201029 0.0229491 0.025759 0.0285265 0.0312346 0.0338132 0.0362424 0.0385021 0.0405354 0.0423236 0.0438553 0.0450903 0.0460331 0.0466754 0.0470171 0.0470637 0.0468212 0.0463044 0.04555 0.0445483 0.0433483 0.0419856 0.0404611 0.0388138 0.0370978 0.0353145 0.0334896 0.0316637 0.0298475 0.0280513 0.0262782 0.0245718 0.0229142 0.0213051 0.0197646 0.0182929 0.0168657 0.0154971 0.0141653 0.0128708 0.011595 0.0102856 0.00896302 0.00756622 0.00605076 0.004387 0.00252676 0.00040988 -0.00200684 -0.00479645 -0.00798604 -0.0116095 -0.0157164 -0.0202576 -0.0252155 -0.0304794 -0.0359213 -0.0413588 -0.046552 -0.0512589 -0.055211 -0.0581798 -0.0599466 -0.0603943 -0.0594526 -0.0571785 -0.0537309 -0.0493576 -0.0444251 -0.0393013 -0.0344102 -0.0301224 -0.026752 -0.0245299 -0.0235798 -0.0239549 -0.0255951 -0.028354 -0.0319845 -0.0362181 -0.0407824 -0.0454453 -0.0499937 -0.0542159 -0.0579531 -0.061069 -0.0635193 
0 0.00317716 0.00642091 0.00973737 0.0131552 0.0165835 0.0199316 0.0230434 0.0257009 0.0277163 0.028811 0.0287782 0.027417 0.0245899 0.0203121 0.0146188 0.00771261 -0.000160764 -0.00868241 -0.0174267 -0.0260162 -0.0340107 -0.0410562 -0.0468812 -0.0512906 -0.0542527 -0.0557852 -0.0560037 -0.0551033 -0.0533196 -0.0509083 -0.0481234 -0.0451769 -0.0422808 -0.0396016 -0.0372041 -0.0351702 -0.0335079 -0.0322266 -0.0312971 -0.0306553 -0.0302822 -0.0301384 -0.0301738 -0.030327 -0.0306062 -0.0309647 -0.0313848 -0.0318483 -0.0323437 -0.0328953 -0.0334771 -0.0340856 -0.0347543 -0.0355004 -0.0362755 -0.0371436 -0.0380993 -0.0391332 -0.0402587 -0.0414798 -0.0427975 -0.0442091 -0.0457023 -0.047274 -0.048937 -0.0506281 -0.0523588 -0.0541022 -0.0558263 -0.057476 -0.0590547 -0.060509 -0.0617936 -0.0628714 -0.0637462 -0.0643569 -0.0646688 -0.0647017 -0.0644189 -0.0637827 -0.0628287 -0.0615727 -0.059976 -0.0580909 -0.0559413 -0.0535565 -0.0509707 -0.0482301 -0.0453376 -0.0423772 -0.0393616 -0.0363112 -0.033255 -0.0302456 -0.0272569 -0.0243321 -0.0214675 -0.0186655 -0.0159095 -0.0132175 -0.0105373 -0.00787999 -0.00521728 -0.00253289 0.00019787 0.00294952 0.00577227 0.00864363 0.0115529 0.0144906 0.0174687 0.0204313 0.023386 0.0262816 0.0290895 0.0317961 0.0343722 0.0367257 0.0388766 0.0408059 0.0424462 0.0437879 0.0448555 0.0456026 0.0460232 0.0461596 0.0460024 0.04555 0.0448265 0.0438853 0.042711 0.0413428 0.0398278 0.0381995 0.0364415 0.0346406 0.0328039 0.0309416 0.0290857 0.0272637 0.0254727 0.0237345 0.0220475 0.0204248 0.018891 0.0173968 0.0159818 0.0146463 0.0133624 0.0121117 0.0109241 0.00975428 0.00858089 0.00738802 0.00614641 0.00483486 0.0033882 0.00177556 -4.64098e-05 -0.00212017 -0.00454025 -0.00732819 -0.0105276 -0.0141924 -0.0183214 -0.0229214 -0.0279101 -0.0331948 -0.0386454 -0.0440579 -0.0491845 -0.0537852 -0.0575932 -0.0603777 -0.0619481 -0.0621422 -0.0609579 -0.058422 -0.0547005 -0.0500662 -0.0448288 -0.0394242 -0.0342158 -0.0295807 -0.0258369 -0.0231855 -0.0218083 -0.0217316 -0.0229289 -0.0252687 -0.0285138 -0.0324312 -0.0367341 -0.0411939 -0.0455825 -0.0496774 -0.0533134 -0.0563355 -0.0586847 
