0 0 0 0 0 0 0 0 0 0 0 0 0 0 0 0 0 0 0 0 0 0 0 0 0 0 0 0 0 0 0 0 0 0 0 0 0 0 0 0 0 0 0 0 0 0 0 0 0 0 0 0 0 0 0 0 0 0 0 0 0 0 0 0 0 0 0 0 0 0 0 0 0 0 0 0 0 0 0 0 0 0 0 0 0 0 0 0 0 0 0 0 0 0 0 0 0 0 0 0 0 0 0 0 0 0 0 0 0 0 0 0 0 0 0 0 0 0 0 0 0 0 0 0 0 0 0 0 0 0 0 0 0 0 0 0 0 0 0 0 0 0 0 0 0 0 0 0 0 0 0 0 0 0 0 0 0 0 0 0 0 0 0 0 0 0 0 0 0 0 0 0 0 0 0 0 0 0 0 0 0 0 0 0 0 0 0 0 0 0 0 0 0 0 0 0 0 0 0 0 
0 0.000729889 0.00145671 0.00218229 0.00286893 0.00350825 0.004065 0.00452268 0.00487319 0.00507973 0.00514805 0.00506469 0.00485857 0.00457767 0.00424213 0.00390631 0.00358229 0.00330195 0.00309998 0.00296011 0.00289747 0.00288082 0.00289463 0.0029333 0.00294008 0.00290628 0.00279844 0.00260797 0.00233964 0.00196841 0.00150549 0.000958837 0.000342189 -0.000339632 -0.00107325 -0.00185112 -0.00264104 -0.00343455 -0.00423063 -0.00499738 -0.00573135 -0.00641129 -0.00704547 -0.00761495 -0.00811799 -0.00853824 -0.00888601 -0.00916252 -0.00933714 -0.00944136 -0.00946486 -0.00941252 -0.00928241 -0.00908903 -0.00882378 -0.00851619 -0.00814807 -0.00773798 -0.00731845 -0.00686409 -0.00639656 -0.00593063 -0.00547224 -0.005007 -0.00457519 -0.00415836 -0.00377071 -0.00339691 -0.00306013 -0.00274572 -0.00245716 -0.00219974 -0.00197358 -0.0017607 -0.00157083 -0.00141216 -0.00126243 -0.00114163 -0.00103713 -0.000945273 -0.00085606 -0.000798369 -0.000746653 -0.000707918 -0.000658999 -0.000635058 -0.000616829 -0.000602281 -0.000576698 -0.000576695 -0.000565016 -0.00055881 -0.000553678 -0.00055532 -0.000542466 -0.000549594 -0.000545242 -0.000541774 -0.000540104 -0.000546822 -0.000535243 -0.00054144 -0.000541139 -0.000539118 -0.000535579 -0.00054475 -0.000535106 -0.000540639 -0.000541066 -0.000539763 -0.000534796 -0.000548091 -0.000538173 -0.00053552 -0.000534015 -0.000540615 -0.000527679 -0.000519835 -0.000503025 -0.000500194 -0.00047719 -0.000448505 -0.000410918 -0.000375107 -0.00031997 -0.000263694 -0.000187158 -9.63443e-05 5.94429e-06 0.000124023 0.000258795 0.000413585 0.000589293 0.000794418 0.00101601 0.00126924 0.00153717 0.00185083 0.00218222 0.00254364 0.00293699 0.00336064 0.00378378 0.0042439 0.00471784 0.00518635 0.00566624 0.00613736 0.00659435 0.00702442 0.00742892 0.00779257 0.00812748 0.00839572 0.00861573 0.008779 0.00887284 0.00889235 0.0088403 0.00872343 0.00852083 0.00824682 0.00788662 0.00745883 0.00695287 0.0063618 0.00570004 0.00497388 0.00417873 0.00331744 0.0024005 0.00142871 0.000430161 -0.000615049 -0.00167839 -0.0027336 -0.00377421 -0.00475273 -0.00566988 -0.00647855 -0.00714341 -0.00766283 -0.00801043 -0.00820549 -0.00824634 -0.00814366 -0.00794582 -0.00767985 -0.00740176 -0.00714799 -0.00694789 -0.00684403 -0.00683877 -0.0069365 -0.00711124 -0.00733122 -0.00757932 -0.00782293 -0.00804456 -0.00821433 
0 0.00145671 0.00291564 0.00434811 0.00572334 0.00698445 0.00808208 0.00898966 0.00965422 0.010058 0.0101579 0.00996305 0.00953352 0.00892246 0.00824333 0.00752958 0.00685947 0.00629057 0.00584611 0.00557504 0.00541953 0.00537845 0.00540672 0.00545812 0.00548576 0.00541079 0.00520742 0.00484952 0.00433575 0.00362469 0.00274516 0.00169019 0.000500178 -0.000798288 -0.00223304 -0.00370983 -0.00523905 -0.00677494 -0.00829731 -0.00980148 -0.0112263 -0.0125595 -0.0138077 -0.0149364 -0.0159114 -0.0167608 -0.0174431 -0.0179908 -0.018371 -0.0185788 -0.0186504 -0.0185664 -0.0183254 -0.0179485 -0.0174695 -0.0168695 -0.0161759 -0.0154039 -0.0145809 -0.0136971 -0.0127933 -0.0118817 -0.0109744 -0.010091 -0.0092198 -0.00838889 -0.00761304 -0.00687337 -0.00618089 -0.00557536 -0.00499526 -0.00445757 -0.00399256 -0.00357727 -0.00318982 -0.00286515 -0.00257953 -0.00231668 -0.00208637 -0.00190738 -0.00176152 -0.00161801 -0.00149373 -0.00141194 -0.00134528 -0.00127844 -0.00123297 -0.00119246 -0.00116301 -0.00114913 -0.00112942 -0.00110531 -0.00110799 -0.00110057 -0.0010848 -0.00108671 -0.00108879 -0.00107315 -0.00107884 -0.00108109 -0.00106987 -0.00107175 -0.00107983 -0.0010662 -0.00107014 -0.00107806 -0.0010686 -0.00106578 -0.00107877 -0.0010714 -0.00106861 -0.00107166 -0.0010671 -0.00106623 -0.00106884 -0.00104521 -0.0010298 -0.0010301 -0.00100644 -0.000955227 -0.000910142 -0.000867746 -0.000799229 -0.000700549 -0.000593982 -0.00047358 -0.000305943 -0.000129777 6.28156e-05 0.000316162 0.000610807 0.000908212 0.0012723 0.0016832 0.00212548 0.00262593 0.00319731 0.0038073 0.00447049 0.00518831 0.00596084 0.00678097 0.00763441 0.0085314 0.00944456 0.0103705 0.0112804 0.0121874 0.0130709 0.0139046 0.0146677 0.0153877 0.0160066 0.0165126 0.0169328 0.0172205 0.0173948 0.0174228 0.0173058 0.0170564 0.0166605 0.0160853 0.015383 0.014532 0.0135257 0.0123876 0.0110818 0.00967331 0.00812439 0.0064441 0.00465455 0.00276987 0.000811656 -0.00121994 -0.00329005 -0.00536929 -0.00738389 -0.00932523 -0.0111176 -0.0127038 -0.0140292 -0.015028 -0.0157271 -0.0160942 -0.0161632 -0.0159615 -0.015549 -0.0150296 -0.0144721 -0.0139728 -0.0135895 -0.0133911 -0.0134025 -0.0136154 -0.0139869 -0.0144533 -0.0149755 -0.0154921 -0.015964 -0.0163284 
0 0.00218229 0.00434811 0.00649182 0.00851712 0.0103799 0.011987 0.0132855 0.0142407 0.0147661 0.014863 0.0145123 0.0137974 0.0128485 0.01175 0.0106412 0.00958033 0.00865959 0.00796532 0.00748 0.00722238 0.00712251 0.0071328 0.00721797 0.00724393 0.00716051 0.00688605 0.00639156 0.00567851 0.00469199 0.0034537 0.00198567 0.000324179 -0.0015142 -0.00350247 -0.00560863 -0.00776335 -0.00993945 -0.0121272 -0.0142585 -0.0163075 -0.0182276 -0.0200279 -0.0216615 -0.0231127 -0.0243468 -0.0253775 -0.0262058 -0.0267665 -0.0271183 -0.0272499 -0.0271673 -0.0268691 -0.0263877 -0.0257154 -0.0249085 -0.0239377 -0.0228458 -0.0217021 -0.0204609 -0.0191698 -0.017866 -0.0165654 -0.0152474 -0.0139917 -0.0127745 -0.0116257 -0.0105173 -0.00949961 -0.008552 -0.00767441 -0.00688178 -0.00617877 -0.0055258 -0.00493937 -0.00443873 -0.00397837 -0.00359177 -0.00325603 -0.00296336 -0.00269212 -0.0024924 -0.00231912 -0.00218374 -0.0020378 -0.00194703 -0.00187851 -0.0018214 -0.00174922 -0.00173212 -0.00169582 -0.00167122 -0.0016552 -0.00165169 -0.00162101 -0.0016319 -0.00162191 -0.00161096 -0.00160761 -0.0016197 -0.00159526 -0.00160666 -0.00160714 -0.00160061 -0.00159429 -0.00161262 -0.00159274 -0.00160232 -0.00160464 -0.00159963 -0.00158884 -0.00161285 -0.00158968 -0.00157869 -0.00157099 -0.00157208 -0.00153289 -0.00150157 -0.00144793 -0.00141194 -0.00133279 -0.00123556 -0.00111174 -0.000979628 -0.00080185 -0.000609417 -0.00036146 -7.22961e-05 0.00025314 0.000630968 0.00106178 0.00154803 0.00210094 0.00273545 0.00342337 0.00419581 0.00502441 0.00596091 0.00695187 0.00801892 0.00916455 0.0103778 0.011597 0.0128924 0.0142136 0.0155177 0.0168317 0.0181158 0.019352 0.0205094 0.0215845 0.0225505 0.0234173 0.0241075 0.0246567 0.025043 0.0252375 0.0252265 0.0250158 0.0246193 0.023995 0.0231645 0.0221104 0.0208671 0.0194138 0.0177397 0.015873 0.013834 0.0116094 0.00920387 0.0066402 0.00392681 0.0011182 -0.00181893 -0.00481915 -0.00781383 -0.0107639 -0.0135601 -0.0161713 -0.018476 -0.0203752 -0.0218433 -0.0228256 -0.023356 -0.0234415 -0.0231215 -0.0225231 -0.021743 -0.0209335 -0.0202082 -0.0196605 -0.0194035 -0.0194549 -0.0198195 -0.0204237 -0.021177 -0.0220166 -0.02285 -0.0236156 -0.0242174 
0 0.00286893 0.00572334 0.00851712 0.0111687 0.0135765 0.0156431 0.0172997 0.0184633 0.0190788 0.019094 0.0185262 0.017484 0.0160984 0.0145521 0.0129593 0.0114537 0.010151 0.00912192 0.00842301 0.00800007 0.00781988 0.00780877 0.0078831 0.00793493 0.00784146 0.00753272 0.00696228 0.00611527 0.00493545 0.00345115 0.00166967 -0.000353923 -0.00258329 -0.00502991 -0.00758752 -0.0102357 -0.0129171 -0.0156013 -0.0182581 -0.0208098 -0.0232244 -0.0254989 -0.0275821 -0.0294237 -0.0310345 -0.0323758 -0.0334694 -0.0342678 -0.0347751 -0.0350248 -0.0350007 -0.0347022 -0.0341586 -0.0334106 -0.0324528 -0.0313099 -0.0300131 -0.0286074 -0.0270805 -0.0254871 -0.0238555 -0.0222076 -0.0205647 -0.018937 -0.0173577 -0.015851 -0.0144021 -0.0130367 -0.0117946 -0.0106185 -0.00953053 -0.00856205 -0.0076865 -0.00688367 -0.00618916 -0.00557148 -0.00501751 -0.00453061 -0.00412759 -0.0037844 -0.00347513 -0.00320824 -0.0030064 -0.00283359 -0.00268359 -0.00257019 -0.00247271 -0.0023939 -0.00234725 -0.00229789 -0.0022506 -0.00223642 -0.00221719 -0.00218836 -0.00218528 -0.00218117 -0.00215998 -0.00216265 -0.00216448 -0.00214814 -0.00215036 -0.00215786 -0.00214234 -0.002145 -0.00215498 -0.0021419 -0.00213958 -0.00215206 -0.00214137 -0.00213336 -0.00213549 -0.00212081 -0.00210749 -0.00209488 -0.00205312 -0.00200782 -0.00197254 -0.00190152 -0.00179617 -0.00168106 -0.00155389 -0.00138222 -0.00116522 -0.000916436 -0.000631896 -0.000272338 0.00012418 0.000569528 0.00111075 0.00173059 0.00239322 0.00316474 0.00402887 0.00496588 0.00600541 0.00715525 0.00838719 0.00970218 0.0111021 0.0125836 0.0141307 0.0157136 0.0173492 0.0189973 0.0206373 0.022242 0.0238148 0.0253225 0.0267277 0.0280059 0.0291719 0.0301643 0.0309525 0.0315638 0.0319501 0.0321164 0.0320257 0.0316833 0.0311026 0.0302609 0.0291322 0.0277669 0.0261552 0.0242866 0.0221796 0.0198118 0.0172491 0.0144519 0.0114267 0.00820106 0.0047958 0.00124321 -0.00245602 -0.00624413 -0.0100533 -0.0137779 -0.0173557 -0.0206697 -0.0235989 -0.0260302 -0.0278702 -0.0291214 -0.029761 -0.0298345 -0.0294048 -0.0285993 -0.0275951 -0.0265485 -0.0256306 -0.0249678 -0.0246841 -0.0248273 -0.0253807 -0.0262594 -0.0273466 -0.0285446 -0.0297385 -0.030836 -0.0317149 
0 0.00350825 0.00698445 0.0103799 0.0135765 0.0164654 0.0189212 0.0208464 0.0221579 0.0227666 0.0226382 0.0217895 0.020346 0.0184906 0.0164123 0.0142931 0.0122802 0.0105194 0.00911997 0.00811977 0.00750162 0.00720161 0.00713988 0.00722035 0.00729608 0.00723942 0.00694964 0.0063699 0.00547202 0.00420659 0.0025837 0.000631162 -0.00160429 -0.00409064 -0.00680561 -0.00968135 -0.0126574 -0.0156866 -0.0187375 -0.0217543 -0.0246745 -0.0274561 -0.0300854 -0.0325136 -0.0346986 -0.0366165 -0.0382555 -0.0396091 -0.0406298 -0.0413351 -0.0417379 -0.0418314 -0.0416171 -0.041121 -0.0403646 -0.039372 -0.0381482 -0.0367346 -0.0351833 -0.0334851 -0.0316819 -0.0298161 -0.0279099 -0.0259751 -0.0240564 -0.0221748 -0.0203527 -0.0185859 -0.0169119 -0.0153447 -0.0138702 -0.0125082 -0.0112736 -0.0101405 -0.00910997 -0.00820028 -0.00738525 -0.00666648 -0.00603584 -0.00548828 -0.00500749 -0.00459985 -0.00425306 -0.00396675 -0.00371046 -0.00350554 -0.0033458 -0.00320928 -0.00308901 -0.00301257 -0.00294085 -0.00288112 -0.00284511 -0.00281599 -0.00277959 -0.00277045 -0.00275716 -0.00273792 -0.00273342 -0.00273427 -0.00271701 -0.00271938 -0.00272154 -0.00271151 -0.00270971 -0.00271859 -0.00270609 -0.00270637 -0.00270955 -0.00269845 -0.00268662 -0.0026873 -0.00266011 -0.00263059 -0.0026013 -0.00255581 -0.00248291 -0.00240301 -0.00229435 -0.0021642 -0.00199799 -0.00179789 -0.00155201 -0.00126285 -0.000920985 -0.000527629 -5.34942e-05 0.000488017 0.00109973 0.00180804 0.00260995 0.0034973 0.00449943 0.0056169 0.00682943 0.00815367 0.00958544 0.0111255 0.0127495 0.0144594 0.0162508 0.0180974 0.019962 0.0218676 0.0237748 0.0256455 0.0274731 0.029236 0.0309015 0.0324341 0.0338163 0.0350377 0.0360665 0.0368567 0.0374228 0.0377413 0.0377902 0.0375513 0.0370323 0.0362433 0.0351607 0.0337811 0.0321232 0.0301988 0.0279951 0.0255106 0.0227571 0.0197642 0.0165128 0.0130024 0.00925364 0.0052897 0.00114285 -0.00318456 -0.00762699 -0.0120938 -0.0164851 -0.020688 -0.0245865 -0.0280255 -0.0308631 -0.0330159 -0.0344456 -0.0351597 -0.0351964 -0.0346392 -0.0336552 -0.0324351 -0.0311913 -0.0301168 -0.0293748 -0.0291113 -0.0293778 -0.0301578 -0.0313425 -0.0327959 -0.0343878 -0.035973 -0.0374308 -0.0386155 
0 0.004065 0.00808208 0.011987 0.0156431 0.0189212 0.0216754 0.023781 0.0251451 0.0256623 0.0253031 0.0240971 0.0221833 0.0197842 0.0171119 0.0143983 0.0118215 0.00955362 0.00773237 0.00639595 0.00554724 0.0051076 0.00498836 0.00507363 0.0051962 0.00521508 0.00500737 0.00450348 0.00365519 0.00242266 0.000796876 -0.00118479 -0.00348325 -0.00606825 -0.00889266 -0.0119129 -0.0150475 -0.0182558 -0.0215012 -0.0247199 -0.0278594 -0.0308733 -0.0337359 -0.0364036 -0.0388386 -0.0410007 -0.042891 -0.044482 -0.0457391 -0.0466709 -0.0472754 -0.0475505 -0.047495 -0.0471304 -0.0464701 -0.0455451 -0.0443562 -0.042944 -0.04135 -0.0395829 -0.0376735 -0.035669 -0.0335947 -0.0314625 -0.0293221 -0.027195 -0.0251039 -0.0230616 -0.0211062 -0.0192421 -0.0174809 -0.0158372 -0.0143223 -0.0129249 -0.0116533 -0.0105103 -0.00948183 -0.00856802 -0.00776262 -0.00705564 -0.00643275 -0.00589961 -0.00544252 -0.00505372 -0.00471398 -0.00443736 -0.00420991 -0.00401904 -0.00385648 -0.00373744 -0.00363501 -0.00355366 -0.00349246 -0.0034466 -0.00340291 -0.00337987 -0.00335734 -0.00333817 -0.0033264 -0.00332147 -0.00330757 -0.0033061 -0.00330322 -0.00329762 -0.00329356 -0.00329636 -0.00328671 -0.00328438 -0.00327893 -0.00326574 -0.00324665 -0.00323199 -0.00319473 -0.00314809 -0.0030911 -0.00301898 -0.0029148 -0.00278988 -0.00263288 -0.00244599 -0.00221248 -0.00193355 -0.00160091 -0.00121226 -0.000754613 -0.000225613 0.000388807 0.00109278 0.00189086 0.00279705 0.0038131 0.00494406 0.0061933 0.00756976 0.00905913 0.0106649 0.012378 0.0142007 0.0161008 0.0180762 0.0201182 0.0221969 0.0242813 0.0263757 0.0284476 0.0304534 0.0323892 0.0342255 0.0359327 0.0374767 0.0388437 0.0400079 0.0409516 0.0416352 0.0420582 0.0422182 0.0420832 0.0416483 0.040921 0.0399068 0.038588 0.0369739 0.0350661 0.0328847 0.0304188 0.0276538 0.0246168 0.021307 0.0177211 0.0138511 0.00971146 0.00532792 0.000725709 -0.00407932 -0.00902221 -0.0139982 -0.018904 -0.0235967 -0.0279459 -0.0317741 -0.0349198 -0.0372942 -0.0388363 -0.0395672 -0.0395269 -0.0388246 -0.0376526 -0.0362267 -0.0348001 -0.0335907 -0.032798 -0.0325772 -0.0329903 -0.0340133 -0.0355199 -0.0373548 -0.0393536 -0.0413465 -0.0431765 -0.0446834 
0 0.00452268 0.00898966 0.0132855 0.0172997 0.0208464 0.023781 0.0259624 0.0272531 0.0275857 0.0268903 0.0252425 0.0227962 0.0197722 0.0164654 0.0130932 0.00990978 0.00710745 0.00481464 0.0031355 0.0020262 0.00144457 0.00128139 0.00137738 0.00159273 0.00173304 0.00168049 0.0013439 0.000650518 -0.000432454 -0.00191798 -0.00378709 -0.00599929 -0.00851168 -0.0113012 -0.0142839 -0.0174192 -0.0206492 -0.0239171 -0.0271925 -0.0304006 -0.0335101 -0.0364817 -0.0392853 -0.0418617 -0.0442095 -0.0462888 -0.0480766 -0.0495729 -0.0507308 -0.0515718 -0.0520802 -0.0522518 -0.0520894 -0.0516359 -0.0508649 -0.0498229 -0.048532 -0.0469982 -0.0452696 -0.0433684 -0.0413263 -0.0391697 -0.0369512 -0.0346609 -0.032362 -0.0300656 -0.0278105 -0.0256004 -0.0234871 -0.0214621 -0.0195401 -0.0177425 -0.0160864 -0.014556 -0.0131579 -0.0119078 -0.0107697 -0.00975515 -0.00886485 -0.00809751 -0.00740319 -0.00680643 -0.0062914 -0.00587028 -0.00549316 -0.00518021 -0.0049137 -0.00471112 -0.00452722 -0.00438863 -0.00426882 -0.00418436 -0.00410676 -0.00405866 -0.00400808 -0.00398129 -0.00395251 -0.00393864 -0.0039176 -0.00391515 -0.00390057 -0.0038988 -0.00388911 -0.00389015 -0.00387725 -0.00387701 -0.00385936 -0.00385078 -0.00382723 -0.00380324 -0.0037514 -0.00370781 -0.00363675 -0.00354857 -0.00341757 -0.00327971 -0.00310344 -0.00289041 -0.00260603 -0.00229387 -0.00192533 -0.00148683 -0.000960012 -0.000369946 0.000321736 0.00111322 0.00200256 0.00300637 0.00414248 0.00540414 0.00677934 0.00829428 0.00992898 0.0116858 0.013548 0.0155342 0.0175846 0.0197164 0.0219016 0.0241229 0.0263481 0.0285808 0.0307645 0.0328897 0.0349373 0.0368535 0.038645 0.0402729 0.0417078 0.0429261 0.0439319 0.0446652 0.0451441 0.0453455 0.0452614 0.0448939 0.0442268 0.0432702 0.0420251 0.0404988 0.0386683 0.0365744 0.0341974 0.0315382 0.0285993 0.0253654 0.0218538 0.0180477 0.0139382 0.00953493 0.00486654 -6.59483e-05 -0.00520867 -0.0105103 -0.0158716 -0.0211407 -0.0262096 -0.0308771 -0.034975 -0.0383404 -0.0408294 -0.0424247 -0.0431015 -0.0429342 -0.0420616 -0.040666 -0.0390308 -0.0374057 -0.036056 -0.035212 -0.0350209 -0.0355744 -0.0368219 -0.0386383 -0.0408451 -0.0432396 -0.0456364 -0.0478319 -0.0496625 
0 0.00487319 0.00965422 0.0142407 0.0184633 0.0221579 0.0251451 0.0272531 0.0283694 0.0283695 0.0272494 0.0250732 0.0220047 0.0183344 0.0143153 0.0102761 0.00646085 0.00308939 0.000350472 -0.00171279 -0.00305561 -0.00377232 -0.0039722 -0.00380833 -0.00347782 -0.00314511 -0.00296976 -0.00305752 -0.00349962 -0.00431371 -0.00555139 -0.00716351 -0.00913872 -0.0114541 -0.0140161 -0.0168375 -0.0198082 -0.0229019 -0.0260698 -0.0292393 -0.0323851 -0.0354622 -0.0384214 -0.0412366 -0.0438928 -0.0463197 -0.0485401 -0.0504884 -0.0521629 -0.0535529 -0.054629 -0.0553923 -0.0558383 -0.0559697 -0.0557633 -0.0552607 -0.0544523 -0.053366 -0.0520148 -0.050445 -0.04865 -0.0466809 -0.0445625 -0.0423091 -0.0399836 -0.0376031 -0.0351831 -0.0327691 -0.0303952 -0.0280413 -0.0257858 -0.0236335 -0.0215838 -0.0196481 -0.0178636 -0.0162039 -0.0146881 -0.0133202 -0.0121014 -0.0109944 -0.0100023 -0.00914893 -0.00841406 -0.00775416 -0.00718047 -0.00670301 -0.00629318 -0.00595036 -0.00565842 -0.00541178 -0.00521599 -0.00506527 -0.00492528 -0.00482331 -0.00474843 -0.0046826 -0.00462855 -0.00460206 -0.00456699 -0.00454464 -0.00453388 -0.00452096 -0.00450308 -0.00450475 -0.00449055 -0.00447519 -0.00446677 -0.00445123 -0.00441343 -0.00438341 -0.0043366 -0.00427153 -0.00418709 -0.00407583 -0.00393562 -0.00378276 -0.00357427 -0.00330421 -0.00300575 -0.00266436 -0.00223825 -0.00172757 -0.00115052 -0.000488943 0.000277635 0.00116006 0.00214023 0.00326308 0.00451746 0.0058852 0.00737983 0.0090397 0.0108014 0.0126901 0.0147 0.0167987 0.0189678 0.0212239 0.0235192 0.025839 0.0281679 0.0304647 0.0327178 0.0348923 0.0369761 0.0389224 0.0407337 0.0423562 0.0437794 0.0449809 0.0459567 0.0466638 0.0471226 0.0473171 0.0472154 0.0468601 0.0462063 0.045284 0.0440942 0.0426343 0.0409046 0.0389331 0.0366805 0.0341751 0.0314104 0.0283457 0.0250313 0.0213989 0.017478 0.0132467 0.00869519 0.00384988 -0.00128348 -0.006657 -0.0122081 -0.0178164 -0.0233694 -0.0286694 -0.0335594 -0.0378279 -0.0412893 -0.0438438 -0.0453845 -0.0459582 -0.0456102 -0.0445013 -0.0428666 -0.0409608 -0.0391122 -0.0375838 -0.0366396 -0.0364493 -0.0370833 -0.0385108 -0.0405849 -0.043114 -0.0458685 -0.0486257 -0.0511599 -0.0532887 
0 0.00507973 0.010058 0.0147661 0.0190788 0.0227666 0.0256623 0.0275857 0.0283695 0.0279575 0.0262977 0.0235125 0.0197849 0.0153835 0.0106606 0.00590924 0.00146076 -0.00244946 -0.0056559 -0.0080381 -0.00961356 -0.0104283 -0.0106171 -0.0103743 -0.00986598 -0.00930225 -0.00883712 -0.00859935 -0.00869823 -0.00916299 -0.0100263 -0.011283 -0.0129137 -0.0148786 -0.0171298 -0.0196154 -0.0222937 -0.0251168 -0.0280186 -0.0309688 -0.0339254 -0.0368526 -0.0396985 -0.0424456 -0.0450498 -0.0475057 -0.049773 -0.0518118 -0.0536527 -0.0552301 -0.0565368 -0.0575635 -0.0582964 -0.0587203 -0.0588511 -0.0586534 -0.0581707 -0.0574002 -0.0563148 -0.0549838 -0.0534113 -0.0516143 -0.0496199 -0.0474869 -0.0452032 -0.0428215 -0.0403584 -0.0378797 -0.0353762 -0.0328935 -0.0304652 -0.0280954 -0.0258022 -0.0236377 -0.0215978 -0.0196763 -0.0179145 -0.0162824 -0.0147981 -0.0134622 -0.0122846 -0.0112168 -0.010276 -0.00944081 -0.00874906 -0.00812924 -0.00758722 -0.00712907 -0.00676684 -0.00642798 -0.00616603 -0.00594826 -0.00576649 -0.00561411 -0.00551661 -0.0054095 -0.00534133 -0.0052929 -0.00525009 -0.00520539 -0.00519965 -0.00516892 -0.00514991 -0.00513988 -0.00512757 -0.00509138 -0.00508267 -0.00504145 -0.00499404 -0.00493975 -0.00486938 -0.00474724 -0.00463979 -0.0044862 -0.00428461 -0.00403471 -0.00376583 -0.00342237 -0.00302383 -0.00253026 -0.00197874 -0.00133904 -0.00060103 0.000261276 0.00122348 0.00232618 0.00354516 0.00489585 0.00639408 0.00802908 0.00979417 0.0116905 0.013701 0.0158053 0.0180182 0.0202976 0.0226464 0.0250081 0.0273957 0.029768 0.0320962 0.0343556 0.0365581 0.0386118 0.0405236 0.0422863 0.0438388 0.0451861 0.0463093 0.0471916 0.0478222 0.0481953 0.0482841 0.0481367 0.0477116 0.0470258 0.0460964 0.0449211 0.0435046 0.0418428 0.0399553 0.0378347 0.0354893 0.0328982 0.0300672 0.0269859 0.0236313 0.0199788 0.016024 0.0117478 0.00714082 0.00221463 -0.0030342 -0.00852977 -0.0142196 -0.0199972 -0.0256967 -0.0311649 -0.0361676 -0.0405106 -0.0440167 -0.0465163 -0.0479651 -0.0483441 -0.0477463 -0.0463602 -0.0443974 -0.0421921 -0.0400465 -0.0382823 -0.0371825 -0.0369034 -0.0375541 -0.0390642 -0.0413089 -0.0440761 -0.0470981 -0.0501454 -0.052941 -0.055312 
0 0.00514805 0.0101579 0.014863 0.019094 0.0226382 0.0253031 0.0268903 0.0272494 0.0262977 0.0240348 0.0205843 0.0161469 0.0110315 0.00557488 0.000143857 -0.0049247 -0.00937169 -0.0129974 -0.0157095 -0.0174762 -0.0183665 -0.0185227 -0.0181399 -0.0174199 -0.0165622 -0.0157459 -0.0151223 -0.0148136 -0.0148467 -0.0152733 -0.0160777 -0.0172608 -0.018794 -0.0205963 -0.0226668 -0.0249394 -0.0273817 -0.0299343 -0.0325485 -0.0352098 -0.0378826 -0.0405113 -0.0430794 -0.0455763 -0.0479594 -0.0502166 -0.052293 -0.0542114 -0.0559327 -0.0574243 -0.0586807 -0.0596928 -0.060443 -0.0608978 -0.0610604 -0.0609384 -0.0605242 -0.0597953 -0.0588091 -0.0575474 -0.0560305 -0.054278 -0.0523234 -0.050199 -0.0479276 -0.0455268 -0.0430586 -0.0405344 -0.0379576 -0.0354114 -0.0329026 -0.0304364 -0.0280509 -0.0257812 -0.0236108 -0.0215806 -0.0196941 -0.0179672 -0.016372 -0.0149245 -0.0136362 -0.0124985 -0.0114678 -0.0105752 -0.0097972 -0.00911457 -0.00853564 -0.00804653 -0.00760803 -0.00725667 -0.00697219 -0.00671543 -0.00651191 -0.00636457 -0.00622441 -0.00611783 -0.00605102 -0.00598107 -0.00592501 -0.00590117 -0.00586385 -0.00582753 -0.00581418 -0.00578261 -0.00573643 -0.00570799 -0.00565265 -0.0055684 -0.0054867 -0.00537711 -0.00521854 -0.0050455 -0.00482481 -0.00454941 -0.00423576 -0.00385853 -0.00338631 -0.00286167 -0.00225399 -0.00153637 -0.000701579 0.000232829 0.0012947 0.00248735 0.00382805 0.00528939 0.00690857 0.00867079 0.0105452 0.0125386 0.0146766 0.0168897 0.0191818 0.0215556 0.0239592 0.0263734 0.0287915 0.0311854 0.0335191 0.0357657 0.0378939 0.0399054 0.0417321 0.0433783 0.0448289 0.0460598 0.0470388 0.0477733 0.0482582 0.0484918 0.048454 0.0481675 0.0476571 0.0468844 0.0458875 0.0446635 0.043239 0.0416096 0.0397715 0.0377447 0.0355426 0.0331287 0.0305035 0.0276672 0.0245877 0.0212674 0.0176361 0.0137092 0.00946083 0.00486193 -8.19915e-05 -0.00537033 -0.0109304 -0.0166968 -0.0225549 -0.0283502 -0.0338739 -0.0389099 -0.043239 -0.0466724 -0.0490613 -0.050309 -0.0504356 -0.0495265 -0.0477844 -0.0454599 -0.0428712 -0.0403746 -0.0383008 -0.0369495 -0.0364983 -0.0370389 -0.0385212 -0.040808 -0.0436799 -0.0468527 -0.0500581 -0.0530125 -0.055525 
0 0.00506469 0.00996305 0.0145123 0.0185262 0.0217895 0.0240971 0.0252425 0.0250732 0.0235125 0.0205843 0.0164305 0.0112722 0.00542964 -0.00074025 -0.00683789 -0.0125004 -0.0174467 -0.0214667 -0.0244629 -0.0263929 -0.0273269 -0.0274181 -0.0268712 -0.0259048 -0.0247194 -0.0235118 -0.0224533 -0.0216764 -0.0212242 -0.0211451 -0.021441 -0.022118 -0.0231484 -0.0244525 -0.0260283 -0.0278232 -0.0298054 -0.03192 -0.0341221 -0.0364104 -0.0387493 -0.0410884 -0.0434074 -0.0457057 -0.0479461 -0.0501104 -0.0521557 -0.0540984 -0.0559073 -0.0575364 -0.0589801 -0.060226 -0.0612569 -0.062029 -0.0625451 -0.062804 -0.062784 -0.0624553 -0.0618567 -0.0609762 -0.0598166 -0.0583949 -0.0567341 -0.0548631 -0.0527879 -0.0505392 -0.0481727 -0.0457049 -0.0431395 -0.040555 -0.0379588 -0.0353647 -0.0328189 -0.0303585 -0.027976 -0.0257058 -0.0235641 -0.0215695 -0.0197156 -0.0180139 -0.0164766 -0.0150886 -0.0138346 -0.0127379 -0.0117737 -0.0109127 -0.0101785 -0.00955032 -0.00899424 -0.00853149 -0.0081521 -0.00781287 -0.00754148 -0.00733067 -0.00714203 -0.00699161 -0.00688991 -0.00678992 -0.00671184 -0.00666418 -0.00661058 -0.00655612 -0.00652555 -0.00647377 -0.00640847 -0.00635053 -0.00626631 -0.00614612 -0.00602204 -0.00585624 -0.0056392 -0.00539647 -0.00509932 -0.00472476 -0.0043014 -0.00380452 -0.00320425 -0.00251894 -0.00173398 -0.000823544 0.000211468 0.00136897 0.00266952 0.00411704 0.00571084 0.00742847 0.00929553 0.0112993 0.0134064 0.0156151 0.0179379 0.0203051 0.0227179 0.0251749 0.0276301 0.0300469 0.0324221 0.0347202 0.0369079 0.0389549 0.0408456 0.0425702 0.0440711 0.0453502 0.0464042 0.0472163 0.047761 0.0480598 0.0481143 0.0479258 0.0474755 0.0468009 0.0459238 0.0448196 0.0435205 0.042038 0.0403966 0.0385865 0.0366067 0.0344762 0.0322113 0.0297668 0.0271411 0.0243304 0.021302 0.0180387 0.0144682 0.0105972 0.00639874 0.00183913 -0.00308999 -0.00837505 -0.0139458 -0.0197272 -0.0256031 -0.0314123 -0.0369232 -0.0419109 -0.0461471 -0.0494378 -0.0516273 -0.0526084 -0.0524038 -0.0511136 -0.0489522 -0.0461894 -0.0431551 -0.0402253 -0.0377565 -0.0360569 -0.0353128 -0.0356149 -0.03692 -0.0390943 -0.0419121 -0.0450755 -0.0482909 -0.0512648 -0.0538001 
0 0.00485857 0.00953352 0.0137974 0.017484 0.020346 0.0221833 0.0227962 0.0220047 0.0197849 0.0161469 0.0112722 0.00540456 -0.00115931 -0.00799654 -0.0147317 -0.0209512 -0.0263547 -0.0307519 -0.0339925 -0.0360718 -0.0370288 -0.0370301 -0.036302 -0.0350557 -0.0335161 -0.0318872 -0.0303621 -0.0290778 -0.0281133 -0.0274857 -0.0272422 -0.0273803 -0.0278596 -0.0286504 -0.0296908 -0.0309856 -0.0324815 -0.0341201 -0.0358783 -0.0377456 -0.0396926 -0.0416802 -0.0436961 -0.0457178 -0.0477607 -0.0497584 -0.0517006 -0.0535998 -0.0554147 -0.0571111 -0.0586788 -0.0601043 -0.0613538 -0.0624146 -0.0632398 -0.0638547 -0.0642207 -0.0643036 -0.0641158 -0.0636663 -0.0629207 -0.0618874 -0.0606064 -0.0590659 -0.0572818 -0.055283 -0.05312 -0.0507828 -0.0483244 -0.0457802 -0.043175 -0.0405241 -0.0378912 -0.0352848 -0.0327297 -0.0302594 -0.0278931 -0.0256422 -0.0235291 -0.0215731 -0.0197679 -0.0181123 -0.0166109 -0.0152871 -0.0140975 -0.013036 -0.0121139 -0.0113251 -0.0106204 -0.0100279 -0.00952427 -0.00909292 -0.00872861 -0.0084414 -0.00818479 -0.00798485 -0.00782617 -0.00769281 -0.00757666 -0.00749948 -0.00741458 -0.00734124 -0.00727428 -0.00719994 -0.00710158 -0.00700783 -0.00687512 -0.00671519 -0.00652797 -0.00629833 -0.00600049 -0.00567276 -0.00527424 -0.00478963 -0.00422292 -0.00358139 -0.00282344 -0.0019523 -0.000953297 0.000170998 0.00143349 0.00284195 0.00440024 0.00610084 0.00794384 0.00991942 0.0120137 0.0142287 0.0165295 0.0189089 0.0213431 0.0238129 0.0262747 0.0287323 0.0311407 0.033473 0.0356895 0.0377927 0.0397334 0.0414752 0.0430245 0.044366 0.0454495 0.0462816 0.0468893 0.0472235 0.0473058 0.047143 0.0467513 0.0461274 0.0452833 0.0442309 0.0430126 0.0416167 0.0400402 0.0383439 0.0365186 0.0345663 0.0324866 0.0303037 0.0280059 0.0255784 0.0229838 0.0202174 0.0172718 0.0140647 0.0105771 0.00677229 0.00263236 -0.00187187 -0.00676996 -0.0120315 -0.0175847 -0.0233462 -0.0292042 -0.0349608 -0.0404064 -0.0452693 -0.0493359 -0.0524164 -0.054315 -0.0549703 -0.0543581 -0.0526217 -0.0499825 -0.0467014 -0.0431589 -0.0397059 -0.0367444 -0.0345843 -0.0334085 -0.0333302 -0.0342931 -0.0361877 -0.0387806 -0.0417614 -0.0448299 -0.0476743 -0.0501073 
0 0.00457767 0.00892246 0.0128485 0.0160984 0.0184906 0.0197842 0.0197722 0.0183344 0.0153835 0.0110315 0.00542964 -0.00115931 -0.00838376 -0.0158836 -0.0231887 -0.0299225 -0.0357577 -0.0404638 -0.0439451 -0.0461296 -0.0470976 -0.047009 -0.0460796 -0.0445583 -0.0426592 -0.040605 -0.0386074 -0.0368186 -0.0353132 -0.0341532 -0.0333547 -0.0329406 -0.0328927 -0.0331356 -0.0336709 -0.0344574 -0.0354584 -0.0366326 -0.0379349 -0.0393632 -0.0409026 -0.0425106 -0.0441645 -0.0458957 -0.0476536 -0.0494344 -0.0512175 -0.052982 -0.0547352 -0.0564269 -0.0580361 -0.0595632 -0.0609885 -0.0622401 -0.0633429 -0.0642601 -0.0649612 -0.0654324 -0.0656618 -0.0656295 -0.0653219 -0.0647366 -0.0638566 -0.0627212 -0.0613111 -0.0596515 -0.0577595 -0.0556793 -0.0533943 -0.0509736 -0.0484518 -0.0458455 -0.043173 -0.0404989 -0.0378371 -0.0352011 -0.0326483 -0.0301986 -0.0278497 -0.0256121 -0.0235463 -0.0216365 -0.0198824 -0.0182719 -0.0168403 -0.0155576 -0.0144328 -0.0134272 -0.0125597 -0.0118036 -0.0111664 -0.0106033 -0.0101394 -0.00974167 -0.00941686 -0.00913541 -0.00891747 -0.00872243 -0.00857093 -0.00843358 -0.00832026 -0.00820197 -0.0081001 -0.00797411 -0.00784505 -0.0076874 -0.00750972 -0.00727752 -0.00701888 -0.00669831 -0.00632642 -0.00586851 -0.00534175 -0.0047198 -0.00401628 -0.00317593 -0.0022137 -0.00112885 7.33595e-05 0.00145298 0.0029821 0.00464441 0.00644541 0.0084064 0.0104837 0.0126711 0.0149796 0.017364 0.0197915 0.022263 0.0247691 0.0272364 0.0296699 0.0320361 0.0343009 0.0364132 0.0383945 0.0401856 0.0417678 0.0431231 0.0442447 0.0451089 0.0457216 0.0460741 0.0461699 0.0460367 0.0456365 0.0450117 0.0441867 0.0431587 0.0419271 0.0405567 0.0390345 0.0373749 0.0356022 0.0337203 0.0317697 0.0297284 0.0275972 0.0253933 0.0231181 0.0207143 0.0181776 0.0154857 0.0125979 0.00948228 0.00605962 0.00232494 -0.00174836 -0.00620711 -0.0110621 -0.0162828 -0.0218015 -0.027518 -0.0333042 -0.0389845 -0.0442862 -0.0489802 -0.0528246 -0.0556076 -0.0571871 -0.0574227 -0.0563603 -0.0541192 -0.0509156 -0.0470755 -0.042918 -0.0388741 -0.0353184 -0.0325667 -0.0308465 -0.030216 -0.0306911 -0.0321329 -0.0343223 -0.0369686 -0.0397182 -0.0423107 -0.0445194 
0 0.00424213 0.00824333 0.01175 0.0145521 0.0164123 0.0171119 0.0164654 0.0143153 0.0106606 0.00557488 -0.00074025 -0.00799654 -0.0158836 -0.0239594 -0.0318131 -0.0390129 -0.0452174 -0.05023 -0.0538869 -0.0561762 -0.0571444 -0.0569577 -0.0558534 -0.0540668 -0.0518328 -0.0493863 -0.0469449 -0.0446601 -0.042663 -0.0409662 -0.0396528 -0.0387234 -0.0381414 -0.0379084 -0.0379344 -0.0382459 -0.0387789 -0.039489 -0.040356 -0.0413645 -0.042492 -0.0437166 -0.0450263 -0.0463987 -0.0478666 -0.049365 -0.0509175 -0.0525051 -0.0541208 -0.0557288 -0.0573168 -0.0588728 -0.0603544 -0.0617646 -0.0630481 -0.0642086 -0.0652046 -0.0660172 -0.0665965 -0.0669735 -0.0670866 -0.0669311 -0.0665196 -0.0658199 -0.0648264 -0.0635652 -0.0620456 -0.0602628 -0.0582803 -0.0560863 -0.0537239 -0.0512131 -0.0486187 -0.0459422 -0.043239 -0.0405236 -0.0378429 -0.035193 -0.032642 -0.030209 -0.0278908 -0.0256898 -0.0236621 -0.0218045 -0.0201044 -0.0185627 -0.017182 -0.0159638 -0.0148936 -0.0139523 -0.0131296 -0.0124329 -0.0118294 -0.0113151 -0.0108801 -0.010518 -0.0102031 -0.00994755 -0.00972351 -0.00952893 -0.00935142 -0.00919044 -0.00901742 -0.00884563 -0.00865158 -0.0084281 -0.00816654 -0.00787125 -0.00750921 -0.00708317 -0.00658428 -0.00600536 -0.00532826 -0.00453557 -0.00361611 -0.00258481 -0.00142367 -8.8648e-05 0.00139636 0.00301495 0.00477639 0.006702 0.00875482 0.0109365 0.0132144 0.0155937 0.0180228 0.0205099 0.023018 0.0255266 0.027972 0.0303727 0.0326613 0.0348231 0.036838 0.0386695 0.0402744 0.0416661 0.0428117 0.0436852 0.0443238 0.0446904 0.0447949 0.0446361 0.0442502 0.0436112 0.0427674 0.0417165 0.0404941 0.0390995 0.0375599 0.0358945 0.0341262 0.032283 0.0303397 0.0283668 0.0263373 0.0242562 0.0221192 0.0199364 0.017679 0.0153389 0.0128655 0.0102366 0.00744763 0.00438238 0.00104956 -0.00262211 -0.00664592 -0.0110438 -0.0158571 -0.0210239 -0.0264821 -0.0321249 -0.03782 -0.0433546 -0.048496 -0.052958 -0.0565235 -0.0589836 -0.0601447 -0.0599432 -0.058353 -0.0555477 -0.0517482 -0.0472502 -0.0424481 -0.0377173 -0.033484 -0.0300559 -0.027645 -0.0263602 -0.0261836 -0.0270262 -0.0286654 -0.0308039 -0.0331173 -0.0353149 -0.0372054 
0 0.00390631 0.00752958 0.0106412 0.0129593 0.0142931 0.0143983 0.0130932 0.0102761 0.00590924 0.000143857 -0.00683789 -0.0147317 -0.0231887 -0.0318131 -0.040134 -0.0477508 -0.054305 -0.0595732 -0.0634216 -0.0658038 -0.0667904 -0.0665382 -0.0652799 -0.063263 -0.0607352 -0.057936 -0.0550961 -0.0523848 -0.0499235 -0.0477754 -0.0459898 -0.0445853 -0.0435436 -0.0428403 -0.0424286 -0.0423013 -0.0424038 -0.0427043 -0.0431756 -0.0437843 -0.0445304 -0.0453839 -0.0463303 -0.0473814 -0.0485187 -0.0497293 -0.0510277 -0.0523743 -0.0537882 -0.0552496 -0.056731 -0.058238 -0.0597365 -0.0611953 -0.0626041 -0.0639243 -0.0651257 -0.0662064 -0.0671127 -0.0678356 -0.0683411 -0.0686121 -0.0686224 -0.0683644 -0.0678312 -0.0670223 -0.0659148 -0.0645367 -0.0628983 -0.061 -0.0588975 -0.05661 -0.0541509 -0.0515632 -0.0488932 -0.0461521 -0.0434041 -0.040663 -0.0379607 -0.0353143 -0.032769 -0.0303466 -0.0280727 -0.0259177 -0.0239336 -0.022134 -0.0204973 -0.0190104 -0.0177079 -0.016547 -0.0155284 -0.0146496 -0.0138876 -0.0132189 -0.0126642 -0.0121821 -0.0117623 -0.0114092 -0.0111057 -0.010819 -0.0105711 -0.010333 -0.0100846 -0.00983034 -0.00956499 -0.00924768 -0.00889765 -0.00849442 -0.00801569 -0.00746149 -0.00683163 -0.0060711 -0.00520578 -0.00422959 -0.00310856 -0.00182192 -0.000403682 0.00117111 0.00289005 0.00477065 0.00679492 0.00894482 0.0111951 0.0135591 0.0159867 0.0184768 0.0209989 0.0235111 0.0259861 0.0284133 0.0307384 0.0329448 0.0350012 0.036862 0.0385148 0.0399349 0.0411121 0.0420295 0.0426789 0.0430561 0.0431715 0.043007 0.0426084 0.0419678 0.0410995 0.0400346 0.0387771 0.0373443 0.0357813 0.0340846 0.0322868 0.0304238 0.0284838 0.0265074 0.0244915 0.0224485 0.0203947 0.0183171 0.0162072 0.0140727 0.0118768 0.00959868 0.00720304 0.00465431 0.00192507 -0.00105468 -0.00432022 -0.00791883 -0.0118741 -0.0162218 -0.0209715 -0.0260784 -0.0314682 -0.0370225 -0.04259 -0.0479601 -0.0528722 -0.0570613 -0.0602951 -0.0623492 -0.0630696 -0.0623474 -0.0602055 -0.0567967 -0.05234 -0.0471788 -0.041659 -0.036215 -0.0312432 -0.0270523 -0.0238892 -0.0218241 -0.0209028 -0.0210169 -0.0219673 -0.0234856 -0.0252198 -0.0269344 -0.0284117 
0 0.00358229 0.00685947 0.00958033 0.0114537 0.0122802 0.0118215 0.00990978 0.00646085 0.00146076 -0.0049247 -0.0125004 -0.0209512 -0.0299225 -0.0390129 -0.0477508 -0.0557357 -0.0626007 -0.0681136 -0.072136 -0.0746233 -0.075652 -0.0753715 -0.0740134 -0.0718278 -0.0690699 -0.0659923 -0.0628243 -0.0597463 -0.0568975 -0.0543531 -0.0521715 -0.0503679 -0.0489282 -0.0478393 -0.0470486 -0.0465416 -0.0462675 -0.0461996 -0.0463169 -0.0465799 -0.0469839 -0.0475089 -0.0481399 -0.0488758 -0.0497031 -0.0506195 -0.0516444 -0.0527412 -0.0539291 -0.055198 -0.0565275 -0.0579154 -0.0593312 -0.0607682 -0.0622108 -0.0636139 -0.064956 -0.0662298 -0.0673711 -0.0683744 -0.0692056 -0.0698472 -0.070268 -0.0704376 -0.070346 -0.0699886 -0.0693267 -0.0683818 -0.0671684 -0.0656585 -0.0638883 -0.0618828 -0.0596624 -0.0572562 -0.0547109 -0.052044 -0.0493062 -0.0465093 -0.0437182 -0.0409578 -0.038242 -0.0356 -0.0330888 -0.0306871 -0.0284379 -0.0263596 -0.0244369 -0.0226786 -0.0211208 -0.0197117 -0.0184562 -0.0173693 -0.0164153 -0.0155695 -0.0148565 -0.0142322 -0.0136775 -0.0132059 -0.01279 -0.012395 -0.0120448 -0.0117092 -0.0113581 -0.011005 -0.0106357 -0.0102043 -0.00973484 -0.00920776 -0.00858131 -0.00786345 -0.00705929 -0.00611012 -0.00503321 -0.00382408 -0.00245346 -0.000924959 0.000735814 0.00257498 0.00455806 0.00666365 0.00889067 0.0112363 0.0136542 0.0161439 0.0186599 0.0211895 0.0236914 0.026139 0.0285063 0.0307597 0.0328387 0.0347486 0.036454 0.0379117 0.0391292 0.0400856 0.0407595 0.0411545 0.0412772 0.0411298 0.0407317 0.0400693 0.0391924 0.0380991 0.0368012 0.0353406 0.0337401 0.0320072 0.0301829 0.0282733 0.0263079 0.02431 0.0222721 0.0202382 0.0182018 0.0161656 0.0141359 0.0121027 0.0100551 0.00798644 0.00585969 0.00366338 0.00135644 -0.00110359 -0.00374924 -0.00664944 -0.00983507 -0.0133625 -0.0172586 -0.021546 -0.0262286 -0.0312561 -0.03655 -0.0419841 -0.0473865 -0.0525413 -0.0571864 -0.0610529 -0.0639064 -0.0655182 -0.06574 -0.0644729 -0.0617438 -0.0577064 -0.0525848 -0.0467306 -0.0404976 -0.0343177 -0.0285843 -0.0236032 -0.0196225 -0.016726 -0.0149699 -0.0142655 -0.0144319 -0.0152185 -0.0162965 -0.0174426 -0.0184555 
0 0.00330195 0.00629057 0.00865959 0.010151 0.0105194 0.00955362 0.00710745 0.00308939 -0.00244946 -0.00937169 -0.0174467 -0.0263547 -0.0357577 -0.0452174 -0.054305 -0.0626007 -0.0697388 -0.07549 -0.0796891 -0.0823133 -0.0834251 -0.0831693 -0.0817708 -0.079478 -0.0765534 -0.0732676 -0.0698483 -0.0664787 -0.0633319 -0.0604703 -0.0579798 -0.0558619 -0.0540978 -0.0527084 -0.0516148 -0.0508123 -0.0502455 -0.0498884 -0.0497217 -0.0497045 -0.0498151 -0.0500502 -0.0504096 -0.0508575 -0.0514155 -0.0520636 -0.0528276 -0.0536778 -0.0546223 -0.0556641 -0.0568024 -0.0580268 -0.0592999 -0.0606573 -0.0620499 -0.063451 -0.0648438 -0.0662264 -0.0675265 -0.068747 -0.0698401 -0.0707832 -0.0715554 -0.0721024 -0.0724258 -0.0725078 -0.0723073 -0.0718074 -0.0710472 -0.0699706 -0.068607 -0.0669672 -0.0650825 -0.0629441 -0.0606067 -0.0581 -0.0554677 -0.0527105 -0.0499045 -0.0470849 -0.0442539 -0.0414601 -0.0387586 -0.03614 -0.0336368 -0.031296 -0.0290933 -0.0270597 -0.0252172 -0.0235404 -0.0220207 -0.0206964 -0.0195108 -0.0184605 -0.0175502 -0.0167553 -0.0160324 -0.0154143 -0.0148502 -0.0143251 -0.0138388 -0.0133799 -0.0128952 -0.0124184 -0.0119103 -0.011343 -0.0107172 -0.0100331 -0.00922564 -0.00832041 -0.00730005 -0.00612948 -0.00481151 -0.00335934 -0.00172532 5.76056e-05 0.00197015 0.00404657 0.00625885 0.00855909 0.0109593 0.01345 0.015966 0.0185008 0.0210255 0.0235169 0.0259078 0.0281925 0.030336 0.0323041 0.0340341 0.0355661 0.036835 0.0378186 0.0385317 0.0389778 0.0391168 0.038989 0.0385976 0.037943 0.0370562 0.0359328 0.034625 0.0331398 0.0314982 0.0297191 0.0278639 0.0259113 0.0239039 0.0218627 0.0198162 0.0177593 0.015702 0.0136786 0.0116649 0.00968277 0.0077061 0.00575075 0.00379957 0.00182985 -0.000197001 -0.00228012 -0.00447758 -0.00683605 -0.00937921 -0.0121947 -0.0152807 -0.0187226 -0.0225448 -0.0267491 -0.031349 -0.0362765 -0.0414546 -0.046743 -0.0519509 -0.0568477 -0.061187 -0.0646849 -0.0671121 -0.06825 -0.0679355 -0.0661155 -0.0627914 -0.0581313 -0.0523663 -0.0458251 -0.038906 -0.0319966 -0.0255049 -0.0197324 -0.0149067 -0.0111612 -0.00852497 -0.00695383 -0.00628118 -0.00626709 -0.00664279 -0.00716863 -0.0076909 
0 0.00309998 0.00584611 0.00796532 0.00912192 0.00911997 0.00773237 0.00481464 0.000350472 -0.0056559 -0.0129974 -0.0214667 -0.0307519 -0.0404638 -0.05023 -0.0595732 -0.0681136 -0.07549 -0.0814347 -0.0858208 -0.0885883 -0.0898167 -0.0896411 -0.0882686 -0.0859401 -0.082942 -0.0795295 -0.0759409 -0.0723861 -0.0689959 -0.0659249 -0.0631975 -0.0608414 -0.0588653 -0.0572348 -0.0559447 -0.0549278 -0.0541481 -0.0535822 -0.0532142 -0.0529773 -0.0528753 -0.0528925 -0.053014 -0.0532566 -0.0535644 -0.0539865 -0.0545217 -0.0551446 -0.0558552 -0.0566875 -0.0576157 -0.0586391 -0.0597577 -0.0609523 -0.0622464 -0.0635782 -0.0649464 -0.0663407 -0.0677401 -0.0690726 -0.0703473 -0.0715359 -0.0725804 -0.0734486 -0.0741453 -0.0746311 -0.0748439 -0.0748139 -0.0745034 -0.0738894 -0.0729725 -0.0717832 -0.0702807 -0.0685093 -0.0664806 -0.0642314 -0.0617778 -0.0591749 -0.0564495 -0.053636 -0.0507606 -0.047899 -0.0450713 -0.0422691 -0.0395565 -0.036984 -0.0345319 -0.0322161 -0.0300901 -0.0281274 -0.0263373 -0.0247314 -0.0232925 -0.0219945 -0.0208619 -0.0198455 -0.0189334 -0.0181193 -0.017385 -0.0166849 -0.0160415 -0.0154117 -0.014776 -0.0141265 -0.0134541 -0.012706 -0.0119006 -0.0110035 -0.00998756 -0.00885329 -0.00759724 -0.00616325 -0.004585 -0.00287492 -0.000994534 0.00105005 0.00320859 0.00548378 0.00787182 0.0103379 0.0128659 0.015413 0.0179586 0.0204673 0.0229124 0.0252445 0.0274493 0.0294598 0.0312776 0.0328595 0.0341859 0.035234 0.036019 0.0364911 0.036675 0.0365853 0.036218 0.0355705 0.034683 0.0335826 0.0322481 0.0307319 0.0290737 0.0272847 0.0253607 0.0233866 0.021348 0.0192731 0.017183 0.0150939 0.0130325 0.010996 0.00897677 0.00700324 0.00509288 0.00318423 0.00132303 -0.000514681 -0.00234212 -0.00418287 -0.00607508 -0.00803223 -0.0100927 -0.012315 -0.0147619 -0.0174402 -0.0204345 -0.0237705 -0.0274904 -0.031611 -0.0360826 -0.0408863 -0.04591 -0.0510084 -0.0559772 -0.0605866 -0.0645737 -0.0676859 -0.0696696 -0.0703062 -0.0694821 -0.0670932 -0.0632113 -0.057959 -0.0515715 -0.0444174 -0.0368292 -0.0292546 -0.0220368 -0.0154844 -0.0098533 -0.00523387 -0.00172966 0.000733901 0.00227994 0.00309869 0.00346742 0.00354512 0.00351437 
