0 0 0 0 0 0 0 0 0 0 0 0 0 0 0 0 0 0 0 0 0 0 0 0 0 0 0 0 0 0 0 0 0 0 0 0 0 0 0 0 0 0 0 0 0 0 0 0 0 0 0 0 0 0 0 0 0 0 0 0 0 0 0 0 0 0 0 0 0 0 0 0 0 0 0 0 0 0 0 0 0 0 0 0 0 0 0 0 0 0 0 0 0 0 0 0 0 0 0 0 0 0 0 0 0 0 0 0 0 0 0 0 0 0 0 0 0 0 0 0 0 0 0 0 0 0 0 0 0 0 0 0 0 0 0 0 0 0 0 0 0 0 0 0 0 0 0 0 0 0 0 0 0 0 0 0 0 0 0 0 0 0 0 0 0 0 0 0 0 0 0 0 0 0 0 0 0 0 0 0 0 0 0 0 0 0 0 0 0 0 0 0 0 0 0 0 0 0 0 0 
0 1.43606e-05 3.71296e-05 5.59342e-05 7.4786e-05 8.58861e-05 9.43348e-05 0.00010322 0.000102124 0.000100777 9.43769e-05 8.71168e-05 8.00366e-05 7.11034e-05 6.89607e-05 6.59726e-05 6.19161e-05 6.55623e-05 8.53584e-05 0.000118047 0.000158889 0.000200149 0.000263091 0.000346568 0.000439885 0.000557451 0.000685331 0.000855267 0.00104655 0.00126485 0.00151973 0.00176869 0.00201618 0.00221928 0.00237593 0.00245566 0.00242283 0.00227348 0.00200344 0.00161315 0.00112713 0.000588472 2.21471e-05 -0.000519293 -0.00102472 -0.00143682 -0.0017504 -0.00195499 -0.00203599 -0.00200216 -0.00187015 -0.00166554 -0.00139097 -0.00109253 -0.000773934 -0.000460671 -0.000151479 0.000133871 0.000405557 0.000655469 0.000899441 0.00112697 0.00134889 0.00158685 0.00181839 0.00206799 0.00234063 0.00262495 0.00291601 0.00324152 0.00355928 0.00389527 0.00424255 0.00459611 0.00494073 0.00529135 0.00561641 0.00591566 0.00617819 0.00639889 0.00655105 0.00663745 0.00665609 0.00659083 0.00645487 0.00626668 0.00601271 0.00569868 0.00535805 0.0049707 0.00455198 0.00412391 0.00368419 0.00322292 0.00277759 0.00234587 0.00194795 0.00157789 0.00123617 0.000925654 0.000664426 0.000409248 0.000159226 -9.88611e-05 -0.000367957 -0.000659591 -0.000975371 -0.00134308 -0.00172628 -0.00212719 -0.00255729 -0.00300475 -0.00344821 -0.00391252 -0.00437135 -0.00481103 -0.00523825 -0.00564302 -0.00600319 -0.00631678 -0.00657328 -0.00675694 -0.00687097 -0.0069154 -0.00689839 -0.00680994 -0.00667792 -0.00649639 -0.00627646 -0.00602905 -0.00577486 -0.00548679 -0.00520831 -0.00492242 -0.00463341 -0.0043567 -0.00410797 -0.00386677 -0.00366916 -0.00350907 -0.00338285 -0.00330425 -0.00327156 -0.00328562 -0.0033358 -0.00343268 -0.00355264 -0.00369534 -0.00383033 -0.00395809 -0.00403942 -0.00406004 -0.00399317 -0.0038363 -0.00356297 -0.00317788 -0.00271122 -0.00215464 -0.00155809 -0.000946178 -0.000365907 0.000152705 0.000574547 0.000876265 0.00103887 0.00109209 0.00104 0.000901571 0.000727871 0.000518996 0.000323303 0.000133527 -1.7186e-05 -0.000114791 -0.000183439 -0.000214645 -0.000227977 -0.000220472 -0.000205048 -0.000187875 -0.000167733 -0.000150444 -0.000149614 -0.000159234 -0.000170867 -0.000186626 -0.000207594 -0.000247992 -0.0002841 -0.000313538 -0.000339763 -0.000364197 -0.00039692 -0.00041618 -0.000431062 -0.000443534 -0.000453614 -0.000466588 -0.000465039 -0.000465314 
0 3.71296e-05 7.34747e-05 0.000125012 0.000149898 0.000179335 0.00019495 0.000206235 0.00021356 0.000198786 0.000190996 0.000168956 0.000148376 0.000129839 0.00011752 0.000113055 0.000108204 0.000120927 0.00016822 0.000246461 0.000329872 0.000431617 0.000556264 0.000726932 0.000921034 0.00113578 0.00140418 0.00171703 0.00209674 0.00252824 0.00301531 0.0035258 0.00400333 0.004417 0.00473102 0.00488798 0.00482595 0.00453445 0.0039889 0.00321859 0.00225179 0.00116401 5.19229e-05 -0.00105092 -0.00204789 -0.00286961 -0.00349565 -0.00388658 -0.0040358 -0.00396323 -0.00368708 -0.00327366 -0.00274425 -0.00213383 -0.00152046 -0.000889638 -0.000268193 0.000303627 0.000848919 0.001367 0.00184829 0.00231436 0.00277825 0.00324487 0.00372371 0.00421902 0.00474706 0.00529568 0.00587861 0.00649503 0.00713931 0.00780498 0.00848377 0.0091675 0.00984783 0.0105027 0.0111299 0.0117088 0.0121955 0.0125972 0.0128869 0.0130404 0.013069 0.0129705 0.0127184 0.0123476 0.0118576 0.0112678 0.0105955 0.00985118 0.00904422 0.00820518 0.00732069 0.00644534 0.00559815 0.0047561 0.00394088 0.0032123 0.00253639 0.00191453 0.00133752 0.000783382 0.000251329 -0.000262054 -0.000833272 -0.00144899 -0.00209237 -0.002785 -0.00353996 -0.00433277 -0.00517575 -0.0060356 -0.00691478 -0.00780508 -0.00868349 -0.00954074 -0.0103812 -0.0111402 -0.0118225 -0.0124236 -0.0129039 -0.0132577 -0.0135021 -0.0136009 -0.0135698 -0.0134314 -0.0131883 -0.0128536 -0.0124506 -0.0119921 -0.0114812 -0.0109382 -0.0103846 -0.00982554 -0.00926952 -0.00874785 -0.00825109 -0.00780016 -0.00740778 -0.00708255 -0.00684018 -0.00667748 -0.00660266 -0.00662995 -0.00672271 -0.0068919 -0.00714244 -0.00740413 -0.00768178 -0.00794058 -0.00810406 -0.00814629 -0.0080212 -0.0076905 -0.00714404 -0.0063735 -0.00542054 -0.00432832 -0.00312405 -0.00191466 -0.000762826 0.00027127 0.00110844 0.00170414 0.00203755 0.00213901 0.00203524 0.00177661 0.0014173 0.00103006 0.000636941 0.000273243 -9.18332e-06 -0.000212819 -0.000333228 -0.000408963 -0.000438127 -0.000431216 -0.00041326 -0.000385344 -0.000350946 -0.000324131 -0.000321517 -0.000338406 -0.00036515 -0.000382354 -0.000431442 -0.00049698 -0.00056713 -0.000629743 -0.000668927 -0.000735451 -0.000785515 -0.000834037 -0.000864325 -0.000879209 -0.000915455 -0.000922718 -0.000936141 -0.000928808 
0 5.59342e-05 0.000125012 0.000186007 0.000238655 0.000270392 0.000292234 0.00031184 0.000307543 0.00029526 0.000269895 0.000238376 0.000207447 0.000176555 0.000166368 0.00016394 0.000166954 0.000198053 0.000276105 0.000391482 0.000528145 0.000670437 0.000867286 0.0011194 0.00140175 0.00174249 0.00212008 0.00260315 0.0031548 0.00378763 0.00452022 0.00525547 0.00598219 0.00659527 0.00706805 0.00731114 0.00722437 0.00678431 0.0059773 0.00481211 0.00335947 0.00174243 5.22015e-05 -0.00157142 -0.00306731 -0.00428842 -0.00520596 -0.00578801 -0.00600408 -0.00588005 -0.00546767 -0.00484185 -0.00402565 -0.0031324 -0.00218949 -0.00125323 -0.000327983 0.000540558 0.00137482 0.00215834 0.00292147 0.00364187 0.00434211 0.00506664 0.00576992 0.00650533 0.00729013 0.00810293 0.00893924 0.00985898 0.0107745 0.0117341 0.0127185 0.0137082 0.0146621 0.0156028 0.0164618 0.0172343 0.0178971 0.0184449 0.0188225 0.0190353 0.0190809 0.0189214 0.0185766 0.0180841 0.01741 0.016566 0.0156258 0.0145541 0.0133908 0.0121938 0.0109633 0.00968706 0.00844498 0.00722883 0.00607813 0.00498071 0.00393036 0.00293539 0.00203664 0.00114752 0.000272509 -0.000607054 -0.00149869 -0.00242344 -0.00338605 -0.00444989 -0.00554561 -0.00668107 -0.00788587 -0.00913209 -0.0103735 -0.0116558 -0.0129145 -0.0141137 -0.0152646 -0.0163377 -0.0172879 -0.0181146 -0.0187954 -0.0192995 -0.0196381 -0.0198069 -0.0198193 -0.0196533 -0.0193608 -0.0189263 -0.0183742 -0.0177311 -0.0170433 -0.0162644 -0.0154941 -0.0147045 -0.0139106 -0.0131531 -0.0124643 -0.0118047 -0.0112515 -0.0107937 -0.0104265 -0.0101827 -0.0100646 -0.0100791 -0.0102049 -0.0104652 -0.0108091 -0.0112197 -0.0116227 -0.0119993 -0.0122417 -0.0122974 -0.0120927 -0.0116051 -0.0107738 -0.00961212 -0.00819668 -0.00653178 -0.00474438 -0.00292287 -0.00119677 0.00034173 0.00159157 0.00248409 0.00297631 0.00313855 0.00299519 0.00260853 0.00210847 0.00152114 0.000959631 0.000423769 -5.21089e-06 -0.000295234 -0.000499163 -0.000607248 -0.000661905 -0.000660692 -0.000634219 -0.00059814 -0.000550896 -0.000511334 -0.000512151 -0.000539478 -0.000571818 -0.000609937 -0.000664882 -0.000765104 -0.000859623 -0.000940236 -0.00101369 -0.00108973 -0.00118146 -0.00124222 -0.00128672 -0.00132216 -0.00135345 -0.00138815 -0.00139319 -0.00139331 
0 7.4786e-05 0.000149898 0.000238655 0.000290667 0.000336867 0.000365673 0.000388022 0.000398999 0.000380001 0.000360407 0.000321678 0.000283536 0.000250746 0.000235114 0.000236121 0.000246508 0.000291762 0.000395768 0.000551946 0.000723926 0.000926927 0.00118 0.00151248 0.00189624 0.0023306 0.002856 0.00347865 0.0042216 0.00507119 0.00602684 0.00702264 0.0079687 0.00878743 0.0094048 0.00970987 0.00958627 0.00899934 0.0079149 0.0063786 0.00446151 0.00231002 9.48976e-05 -0.0020768 -0.00404175 -0.00566192 -0.00688 -0.00763556 -0.00791124 -0.00774363 -0.00718285 -0.00633946 -0.0052689 -0.00405378 -0.0028067 -0.00153638 -0.000283436 0.000896273 0.00202518 0.00310434 0.00412545 0.00510992 0.00607754 0.00704247 0.00800767 0.00899109 0.0100153 0.0110675 0.0121656 0.0133185 0.0145062 0.0157227 0.0169501 0.0181661 0.0193476 0.0204644 0.021501 0.0224283 0.0231983 0.0238178 0.0242548 0.0244842 0.0245205 0.0243501 0.0239438 0.0233364 0.0225194 0.0215128 0.0203499 0.0190408 0.0176126 0.0161156 0.0145461 0.012968 0.0114169 0.00986138 0.00832662 0.00687228 0.00546 0.00409055 0.00276543 0.00145942 0.000186583 -0.00105132 -0.00233124 -0.00363807 -0.00495308 -0.0063163 -0.00773915 -0.00920365 -0.0107297 -0.0122782 -0.013839 -0.0154049 -0.0169327 -0.0184013 -0.0198098 -0.0210836 -0.0222203 -0.0232203 -0.0240389 -0.0246693 -0.0251295 -0.0253783 -0.0254276 -0.0252966 -0.024988 -0.0245128 -0.0238984 -0.0231664 -0.0223314 -0.0214187 -0.0204745 -0.0195104 -0.0185452 -0.0176258 -0.0167534 -0.0159477 -0.0152409 -0.0146469 -0.0141873 -0.0138698 -0.0137135 -0.0137351 -0.0138963 -0.01421 -0.0146664 -0.0151708 -0.0156976 -0.0161781 -0.0164811 -0.0165373 -0.0162582 -0.0155782 -0.0144646 -0.0129172 -0.0110094 -0.00881774 -0.00642812 -0.00401896 -0.00172565 0.00032633 0.00199376 0.00318903 0.00387314 0.00409976 0.00392346 0.00344007 0.00276519 0.0020166 0.00126057 0.0005604 2.07324e-06 -0.000403618 -0.000663181 -0.000826567 -0.00090252 -0.000910883 -0.000888901 -0.000844792 -0.000787963 -0.000742637 -0.00073958 -0.000769341 -0.00081193 -0.000846777 -0.000923905 -0.00103424 -0.00115252 -0.00125966 -0.00134267 -0.00145825 -0.00155955 -0.00164867 -0.00170755 -0.0017461 -0.00180395 -0.00183003 -0.00185677 -0.00185421 
0 8.58861e-05 0.000179335 0.000270392 0.000336867 0.000383434 0.000418754 0.000449049 0.000459942 0.00045086 0.000429122 0.00039563 0.000362678 0.000336252 0.000332403 0.000345228 0.000370198 0.000434531 0.000560228 0.000738934 0.000947778 0.00118499 0.0014973 0.00189895 0.00236999 0.00292601 0.0035771 0.00437308 0.00530402 0.00637099 0.00756814 0.00879459 0.00997276 0.0109801 0.0117305 0.0120909 0.0119242 0.0111755 0.00982511 0.00790781 0.00553209 0.0028782 0.000124494 -0.00254374 -0.00497073 -0.00697389 -0.00847251 -0.00940829 -0.00975113 -0.00953536 -0.0088392 -0.00777359 -0.00641288 -0.00488907 -0.0032899 -0.00167834 -9.10045e-05 0.00141961 0.00286376 0.00423518 0.00555044 0.00680599 0.00802788 0.00925112 0.0104556 0.011681 0.0129483 0.0142399 0.0155579 0.0169352 0.0183142 0.0197119 0.0211102 0.0224823 0.0237896 0.0250283 0.0261496 0.0271338 0.0279557 0.0286113 0.0290584 0.0292926 0.0293163 0.0291003 0.0286479 0.0279879 0.0270938 0.0259759 0.0246879 0.0232177 0.0216029 0.0199014 0.01812 0.0162735 0.014421 0.0125564 0.010707 0.00887693 0.00705228 0.00524688 0.00349334 0.00174471 1.58521e-05 -0.0016885 -0.00338071 -0.00506515 -0.00674439 -0.00846647 -0.0101971 -0.0119398 -0.0137207 -0.015512 -0.0172811 -0.0190469 -0.0207537 -0.0223686 -0.0238967 -0.0253014 -0.0265536 -0.0276548 -0.0285788 -0.0293036 -0.0298388 -0.0301696 -0.0302992 -0.0302193 -0.0299563 -0.0295036 -0.0288845 -0.0281275 -0.0272651 -0.0262882 -0.0252724 -0.0242147 -0.0231367 -0.0220889 -0.0211001 -0.0201656 -0.019351 -0.0186671 -0.018125 -0.0177573 -0.0175797 -0.0176016 -0.0178031 -0.0181932 -0.0187269 -0.0193436 -0.0199634 -0.0205164 -0.0208599 -0.0208936 -0.0205138 -0.0196537 -0.0182513 -0.0163208 -0.0139486 -0.0112023 -0.00823628 -0.00522524 -0.00235795 0.000203156 0.00229611 0.0038066 0.00468625 0.00500026 0.00481199 0.00423299 0.00342499 0.00249304 0.00156141 0.000690483 -1.93456e-05 -0.000529781 -0.000877325 -0.00108287 -0.00118489 -0.00120232 -0.00117381 -0.00112169 -0.00105385 -0.00100067 -0.000996833 -0.00103018 -0.00107496 -0.00112424 -0.00120611 -0.00133454 -0.00146762 -0.00158647 -0.00169451 -0.00181601 -0.00194254 -0.00204178 -0.00211251 -0.00217016 -0.00222925 -0.00227733 -0.00230423 -0.00231282 
0 9.43348e-05 0.00019495 0.000292234 0.000365673 0.000418754 0.000460985 0.000495633 0.000513283 0.000510092 0.000492493 0.000465858 0.000440445 0.000425986 0.000434032 0.00046086 0.000506007 0.000593786 0.000745964 0.000955995 0.00120313 0.00149156 0.00186192 0.00233211 0.00289191 0.00355221 0.0043365 0.00528615 0.00640396 0.00768633 0.00910745 0.0105679 0.0119589 0.0131486 0.0140179 0.0144164 0.0141976 0.0132884 0.0116704 0.00939117 0.00657959 0.00343795 0.000181447 -0.00297618 -0.00583702 -0.00820718 -0.00997364 -0.0110679 -0.0114607 -0.0111902 -0.010347 -0.00905197 -0.00741106 -0.00556141 -0.00361261 -0.0016406 0.000300807 0.0021599 0.00393013 0.00561125 0.0072123 0.0087413 0.0102252 0.0116925 0.0131393 0.0145943 0.0160728 0.0175644 0.0190701 0.0206031 0.022127 0.0236393 0.0251237 0.0265551 0.0279054 0.0291629 0.0302967 0.0312826 0.0320992 0.0327356 0.0331645 0.0333771 0.0333756 0.0331391 0.0326672 0.0319741 0.0310497 0.0299026 0.0285664 0.0270379 0.0253435 0.0235199 0.0215801 0.0195448 0.0174527 0.0152994 0.0131082 0.0108958 0.00866115 0.00641467 0.00418093 0.0019483 -0.000260028 -0.00243503 -0.00458355 -0.00669974 -0.00877494 -0.010835 -0.012865 -0.0148669 -0.0168518 -0.0188016 -0.0206956 -0.0225419 -0.0243067 -0.0259716 -0.0275339 -0.0289671 -0.0302513 -0.0313877 -0.0323547 -0.0331379 -0.0337376 -0.0341408 -0.0343437 -0.0343471 -0.0341638 -0.0337939 -0.0332533 -0.0325638 -0.0317446 -0.0308033 -0.0297906 -0.028718 -0.0276103 -0.0265129 -0.0254573 -0.0244585 -0.0235727 -0.0228264 -0.022241 -0.0218476 -0.021669 -0.0217098 -0.0219576 -0.0224085 -0.0230188 -0.0237178 -0.0244202 -0.025029 -0.0253959 -0.0253937 -0.0249055 -0.0238443 -0.022149 -0.019836 -0.0169898 -0.0137116 -0.0101714 -0.00657727 -0.003147 -7.94754e-05 0.00243781 0.00427009 0.00536681 0.0057821 0.00560031 0.00495506 0.00401953 0.00293501 0.00183338 0.000808691 -3.69313e-05 -0.000659548 -0.00108433 -0.00134366 -0.00147583 -0.00151225 -0.00149231 -0.00144103 -0.00137359 -0.00132121 -0.0013152 -0.00134663 -0.00139004 -0.00144208 -0.00152879 -0.00166026 -0.00180228 -0.0019313 -0.00205275 -0.0021853 -0.00232129 -0.0024345 -0.00251791 -0.00258834 -0.0026578 -0.00271444 -0.00274937 -0.00276383 
0 0.00010322 0.000206235 0.00031184 0.000388022 0.000449049 0.000495633 0.000530203 0.000555405 0.000554029 0.000543512 0.000525591 0.0005116 0.000515803 0.000540025 0.000587018 0.00066053 0.000779106 0.000963455 0.00121063 0.00149791 0.00184698 0.00227531 0.00281344 0.00346319 0.0042203 0.00514156 0.00623224 0.00752993 0.00901719 0.0106418 0.0123267 0.0139128 0.0152784 0.0162593 0.0166901 0.0164193 0.0153546 0.0134719 0.0108424 0.00761004 0.00399267 0.000258587 -0.00337303 -0.00663895 -0.00935234 -0.011365 -0.0125936 -0.0130164 -0.0126772 -0.0116721 -0.0101331 -0.00820808 -0.00601841 -0.00371881 -0.00137865 0.000922398 0.00313757 0.00524293 0.00724977 0.00914308 0.0109526 0.0127003 0.0143926 0.0160623 0.0177134 0.0193586 0.020997 0.0226371 0.0242505 0.0258507 0.0274 0.0288914 0.0303011 0.0316219 0.0328164 0.0338902 0.0348141 0.035571 0.0361464 0.0365364 0.0367166 0.0366863 0.036446 0.0359812 0.0352921 0.0343889 0.0332803 0.0319609 0.0304526 0.028761 0.0268959 0.0248607 0.0226938 0.0203971 0.0179806 0.0154541 0.0128623 0.0102103 0.00751965 0.00479491 0.00207314 -0.000629041 -0.00328655 -0.00591119 -0.00847431 -0.0109611 -0.0133566 -0.0156789 -0.0179101 -0.0200474 -0.0220838 -0.0240297 -0.0258661 -0.0275957 -0.0292183 -0.0307258 -0.0320973 -0.0333377 -0.0344408 -0.0353866 -0.0361767 -0.0368061 -0.0372616 -0.0375347 -0.0376446 -0.0375715 -0.0373299 -0.0369246 -0.03637 -0.0356596 -0.0348394 -0.0339068 -0.0329007 -0.0318452 -0.0307801 -0.0297272 -0.0287426 -0.0278483 -0.027092 -0.0265105 -0.0261218 -0.0259617 -0.0260366 -0.0263403 -0.0268527 -0.0275477 -0.0283219 -0.0291056 -0.0297593 -0.0301363 -0.0300842 -0.029476 -0.0281973 -0.0262028 -0.0235045 -0.0201768 -0.0163754 -0.0122619 -0.00809573 -0.0041111 -0.00054454 0.00239184 0.00454751 0.00587578 0.00640845 0.00625681 0.00557855 0.00453753 0.00333337 0.00207885 0.000918648 -5.18501e-05 -0.000793135 -0.00129633 -0.00162272 -0.00179428 -0.00186031 -0.00185963 -0.00181535 -0.00175487 -0.0017081 -0.00169808 -0.001723 -0.00176215 -0.00180987 -0.00189933 -0.00202198 -0.00216562 -0.00230069 -0.00242663 -0.00257002 -0.0027039 -0.00283043 -0.00292712 -0.00300732 -0.00309033 -0.00314641 -0.00319087 -0.00320614 
0 0.000102124 0.00021356 0.000307543 0.000398999 0.000459942 0.000513283 0.000555405 0.000579072 0.000593895 0.000588513 0.000588743 0.000594135 0.000620314 0.000668185 0.000740821 0.000845412 0.00100095 0.00122034 0.00149503 0.00183385 0.00222644 0.00272166 0.00332356 0.00405107 0.00492988 0.00596525 0.00722048 0.00868738 0.0103691 0.0122047 0.0140807 0.0158658 0.0173884 0.018469 0.018925 0.0185992 0.0173695 0.0152412 0.0122631 0.00862451 0.00456983 0.000355657 -0.0036987 -0.00735579 -0.0103852 -0.0126129 -0.013959 -0.0143976 -0.0139646 -0.0127924 -0.0110012 -0.00876145 -0.00624927 -0.00357062 -0.000866023 0.00179315 0.00436807 0.00682025 0.00913886 0.0113451 0.0134318 0.0154205 0.0173352 0.0191831 0.0209835 0.0227469 0.0244762 0.0261596 0.0278052 0.029386 0.0308948 0.032325 0.0336568 0.0348663 0.0359638 0.0369161 0.0377154 0.0383754 0.0388724 0.0391921 0.039344 0.0393055 0.0390616 0.0386311 0.0380033 0.0371729 0.0361355 0.0348988 0.0334557 0.0318051 0.0299457 0.0278939 0.0256176 0.0231302 0.0204766 0.0176777 0.014719 0.0116499 0.00850695 0.00533016 0.00213787 -0.00105502 -0.00422601 -0.00730427 -0.0102852 -0.0131669 -0.0159192 -0.0185014 -0.0209215 -0.0231727 -0.0252649 -0.0271928 -0.0289744 -0.0306171 -0.0321181 -0.0334801 -0.0347348 -0.0358596 -0.0368491 -0.0377236 -0.0384666 -0.0390674 -0.0395509 -0.0399013 -0.0400992 -0.0401622 -0.0400733 -0.039829 -0.0394404 -0.0389185 -0.038259 -0.0374924 -0.0366339 -0.0357105 -0.0347533 -0.0338102 -0.0329042 -0.0320864 -0.0313982 -0.0308621 -0.0305308 -0.0304264 -0.0305555 -0.0309368 -0.0315453 -0.0323119 -0.0331938 -0.0340473 -0.0347383 -0.0351209 -0.0350047 -0.0342547 -0.0327603 -0.0304512 -0.0273578 -0.0235672 -0.0192186 -0.0145599 -0.00981699 -0.00528274 -0.00122773 0.00213432 0.00462589 0.00619668 0.0068771 0.00678612 0.00608971 0.00499336 0.00366602 0.00229318 0.00100541 -9.6885e-05 -0.000940167 -0.00155155 -0.00193849 -0.00216621 -0.00227195 -0.00229016 -0.00226226 -0.00220893 -0.00216773 -0.00215346 -0.00216882 -0.00219456 -0.00224552 -0.00231899 -0.00243352 -0.00256597 -0.00269217 -0.00283131 -0.00295924 -0.00310427 -0.00322771 -0.0033349 -0.00343559 -0.00350885 -0.00358568 -0.00361925 -0.00364303 
0 0.000100777 0.000198786 0.00029526 0.000380001 0.00045086 0.000510092 0.000554029 0.000593895 0.000621186 0.000641797 0.000667233 0.00069936 0.00075655 0.000831281 0.00092923 0.00107156 0.00126023 0.00151007 0.00182127 0.00218764 0.00264479 0.00318693 0.00385281 0.0046721 0.00564256 0.00683274 0.00822643 0.00988026 0.0117659 0.01379 0.0158793 0.0178325 0.0195039 0.0206644 0.0211198 0.0207149 0.0193277 0.0169374 0.0136439 0.00963365 0.00515491 0.000536701 -0.0039376 -0.00793557 -0.0112516 -0.0136802 -0.0151165 -0.0155433 -0.0150189 -0.0136564 -0.011602 -0.00907309 -0.00619926 -0.00316716 -8.15907e-05 0.00294977 0.00588455 0.00866723 0.0113103 0.0137803 0.0161192 0.0183371 0.0204158 0.0224182 0.0243248 0.0261356 0.0278737 0.0295538 0.0311191 0.0326337 0.0340411 0.0353429 0.0365224 0.0375991 0.0385261 0.0393372 0.0400148 0.0405595 0.0409459 0.0412086 0.0413219 0.0412715 0.0410801 0.0407248 0.0401653 0.0394322 0.0385225 0.0373776 0.0360307 0.0344569 0.0326155 0.0305087 0.0281713 0.0255642 0.0227147 0.0196208 0.0163451 0.0129295 0.00940113 0.00575455 0.0020955 -0.00154999 -0.00514455 -0.00867043 -0.0120728 -0.015317 -0.0183323 -0.0211578 -0.0237616 -0.026111 -0.0282244 -0.03014 -0.0318208 -0.0333256 -0.0346848 -0.0358817 -0.0369371 -0.0378849 -0.0387178 -0.0394477 -0.0401008 -0.0406589 -0.0411285 -0.0414963 -0.0417838 -0.0419475 -0.0420088 -0.0419482 -0.0417629 -0.0414262 -0.0410038 -0.0404396 -0.0397944 -0.0390898 -0.0383378 -0.0375591 -0.0368372 -0.0361575 -0.0355912 -0.0351924 -0.0349727 -0.0349824 -0.0352304 -0.0357292 -0.0364377 -0.0373286 -0.0382903 -0.0392336 -0.0399644 -0.0403385 -0.0401574 -0.0392674 -0.0375328 -0.0349177 -0.0314374 -0.027165 -0.0223194 -0.0170974 -0.0118052 -0.00672837 -0.00217019 0.00162189 0.00447161 0.00632149 0.00717201 0.00716798 0.00649761 0.00533469 0.00393453 0.00243383 0.00103358 -0.000177504 -0.00115002 -0.00184006 -0.00231623 -0.00259807 -0.00274781 -0.00280154 -0.00278462 -0.00274712 -0.00271204 -0.00268929 -0.00269132 -0.00270795 -0.00274585 -0.00281441 -0.00289994 -0.00301504 -0.00313304 -0.00325489 -0.003386 -0.00350986 -0.00363859 -0.0037511 -0.00385064 -0.00393983 -0.00400374 -0.00405291 -0.0040747 
0 9.43769e-05 0.000190996 0.000269895 0.000360407 0.000429122 0.000492493 0.000543512 0.000588513 0.000641797 0.000685294 0.000742737 0.000810807 0.000906293 0.00101888 0.0011597 0.00134306 0.00157595 0.00186128 0.00219267 0.00260309 0.00309197 0.00369167 0.00441412 0.00530561 0.00640285 0.00771509 0.00928497 0.0111163 0.013196 0.0154252 0.017687 0.0198117 0.0216047 0.0228254 0.0232686 0.022781 0.0212182 0.0185956 0.0149887 0.0106277 0.00578494 0.000769221 -0.00404174 -0.00834908 -0.0119045 -0.0144893 -0.0159968 -0.0164108 -0.015774 -0.0142327 -0.0119203 -0.00906542 -0.00585837 -0.00243921 0.00101776 0.00440796 0.00768717 0.0107964 0.0137109 0.0164421 0.0189895 0.0213633 0.0235673 0.0256393 0.0275749 0.0293819 0.0310811 0.0326655 0.0341268 0.0354799 0.0367128 0.0378344 0.03884 0.0397265 0.0405042 0.0411557 0.0416871 0.0421222 0.0424374 0.0426408 0.0427464 0.0427173 0.0425595 0.0422781 0.0418368 0.0412285 0.0404299 0.0393964 0.0381295 0.0365978 0.0347725 0.0326681 0.0302504 0.0274997 0.0244857 0.0212164 0.0176776 0.0139329 0.0100379 0.00603346 0.00198887 -0.00207372 -0.00609914 -0.00998254 -0.0136995 -0.0172448 -0.0205416 -0.0235632 -0.0263051 -0.0287434 -0.0308962 -0.0327799 -0.0343905 -0.0357759 -0.0369544 -0.0379407 -0.0388016 -0.0395504 -0.0401836 -0.0407564 -0.0412687 -0.0417114 -0.0421238 -0.042493 -0.0427965 -0.0430433 -0.0432179 -0.0433044 -0.0433015 -0.0432038 -0.043013 -0.0427153 -0.0423317 -0.0418814 -0.0413732 -0.0408463 -0.0403484 -0.0398972 -0.0395495 -0.0393404 -0.039319 -0.0395085 -0.039927 -0.0405981 -0.041478 -0.0424956 -0.043598 -0.0446217 -0.0453918 -0.0457634 -0.0455101 -0.0444771 -0.0425327 -0.0396197 -0.0357641 -0.0310556 -0.0256873 -0.0199429 -0.014089 -0.0084708 -0.00342074 0.000817033 0.0040376 0.00617936 0.00723886 0.00735993 0.00673265 0.00556774 0.0040848 0.00249933 0.000989959 -0.000342961 -0.00141524 -0.00221989 -0.00276198 -0.00310922 -0.0033038 -0.00337935 -0.00338458 -0.00335591 -0.00332965 -0.00330274 -0.00329394 -0.00330025 -0.00333799 -0.00338585 -0.00344989 -0.00353555 -0.00362936 -0.00374403 -0.00384374 -0.00396178 -0.00407338 -0.00418291 -0.00428936 -0.00436212 -0.00443901 -0.00447702 -0.00450603 
0 8.71168e-05 0.000168956 0.000238376 0.000321678 0.00039563 0.000465858 0.000525591 0.000588743 0.000667233 0.000742737 0.000834791 0.000940238 0.00107346 0.00122653 0.00140532 0.00163564 0.00191122 0.00223479 0.00260762 0.00305741 0.00360934 0.00426418 0.00505237 0.00602783 0.00722437 0.00867681 0.0103926 0.0123992 0.0146644 0.0170725 0.0195086 0.0217765 0.0236738 0.0249378 0.0253529 0.0247666 0.023048 0.0201957 0.0163215 0.0116566 0.0064826 0.0011466 -0.0039769 -0.00854209 -0.0122969 -0.0150101 -0.0165579 -0.0169242 -0.016173 -0.0144354 -0.0118692 -0.00872308 -0.00517727 -0.00141137 0.00240444 0.00614394 0.00974549 0.0131385 0.0163009 0.0192155 0.0219075 0.0243825 0.0266323 0.0287156 0.0306208 0.0323463 0.0339275 0.0353727 0.0366538 0.0378221 0.038859 0.0397728 0.0405686 0.0412717 0.0418725 0.0423851 0.0428165 0.0431744 0.0434307 0.0436162 0.0437252 0.0437273 0.0436427 0.0434522 0.0430969 0.0425844 0.041888 0.040933 0.0397266 0.038231 0.0363957 0.0342337 0.0317531 0.028921 0.0257756 0.0223161 0.0185733 0.0146084 0.0104546 0.00613397 0.00176292 -0.00260719 -0.00692137 -0.0111067 -0.0151088 -0.0188888 -0.0223687 -0.0255616 -0.0284449 -0.0309745 -0.0331687 -0.035051 -0.0365961 -0.0378715 -0.0389171 -0.0397361 -0.0403941 -0.0409378 -0.0413731 -0.0417527 -0.0421043 -0.0424148 -0.0427141 -0.0430019 -0.0432795 -0.0435369 -0.043783 -0.0439951 -0.0441596 -0.0442581 -0.0443106 -0.0442674 -0.0441615 -0.0440068 -0.0437943 -0.0435538 -0.0433507 -0.0431788 -0.0431035 -0.0431774 -0.0434227 -0.0438727 -0.0445431 -0.0454447 -0.0465277 -0.0477351 -0.0489823 -0.050126 -0.0509656 -0.0513464 -0.0510453 -0.0498846 -0.0477302 -0.0445372 -0.0403238 -0.0351831 -0.0293461 -0.0230839 -0.0167081 -0.0105717 -0.00502965 -0.000354096 0.00325451 0.00571289 0.00700788 0.00728789 0.00675034 0.00559951 0.00409115 0.00243789 0.00084838 -0.000574279 -0.00175427 -0.0026449 -0.00327395 -0.00368665 -0.00393359 -0.00405113 -0.00407914 -0.00407343 -0.00405457 -0.0040207 -0.00399564 -0.00398757 -0.00401133 -0.0040412 -0.00407356 -0.00412788 -0.00420025 -0.00429262 -0.00437627 -0.00446879 -0.00456664 -0.00466494 -0.00475695 -0.00482292 -0.00488219 -0.00491754 -0.00493753 
0 8.00366e-05 0.000148376 0.000207447 0.000283536 0.000362678 0.000440445 0.0005116 0.000594135 0.00069936 0.000810807 0.000940238 0.00108707 0.001262 0.00146028 0.00168538 0.00196263 0.00228335 0.00264615 0.00305951 0.00355528 0.00416592 0.00488358 0.00574328 0.00680635 0.00811524 0.00970673 0.0115779 0.0137539 0.0161903 0.0187646 0.0213487 0.0237407 0.0257218 0.0270172 0.0274035 0.0267256 0.0248623 0.0218077 0.0176913 0.0127531 0.00728935 0.00166915 -0.00371622 -0.0084981 -0.0124095 -0.0152142 -0.0167781 -0.0170855 -0.0162087 -0.0142769 -0.0114646 -0.00802916 -0.00416699 -7.73267e-05 0.00405867 0.00809901 0.0119691 0.0155963 0.0189476 0.0220018 0.0247818 0.0272894 0.0295201 0.0315351 0.0333319 0.0349165 0.0363281 0.0375822 0.0386572 0.0396067 0.0404268 0.0411328 0.0417383 0.0422744 0.0427343 0.0431326 0.0434821 0.0437897 0.0440328 0.0442341 0.0443812 0.0444371 0.0444146 0.0442893 0.0440052 0.0435555 0.0429058 0.0419806 0.0407819 0.0392736 0.0374139 0.0352056 0.0326508 0.029723 0.0264676 0.0228865 0.0190027 0.0148692 0.0105359 0.00603686 0.00147554 -0.00309926 -0.00761651 -0.0119945 -0.0161765 -0.0201285 -0.0237719 -0.0271041 -0.0300954 -0.032709 -0.0349577 -0.0368612 -0.0383946 -0.0396175 -0.0405678 -0.0412627 -0.04177 -0.0421438 -0.0423967 -0.0425852 -0.0427453 -0.0428795 -0.0430242 -0.0431915 -0.043385 -0.0436002 -0.04385 -0.0441157 -0.044385 -0.044641 -0.0448928 -0.0450875 -0.0452489 -0.0453834 -0.0454803 -0.0455653 -0.0456984 -0.0458705 -0.0461379 -0.0465525 -0.0471308 -0.0479026 -0.0488878 -0.050088 -0.0514487 -0.0529094 -0.0543697 -0.0556788 -0.0566288 -0.0570514 -0.0567252 -0.0554607 -0.0531249 -0.0496754 -0.0451283 -0.0395875 -0.0332999 -0.0265492 -0.0196716 -0.0130384 -0.00702309 -0.00191414 0.00208595 0.00487644 0.00644178 0.00692353 0.00651928 0.00543505 0.0039363 0.00225191 0.000599171 -0.000908149 -0.00218892 -0.00317764 -0.00389621 -0.00438205 -0.00468431 -0.00484094 -0.00489522 -0.00490802 -0.0048938 -0.00485042 -0.0048043 -0.00477775 -0.00478154 -0.00478741 -0.00478846 -0.0048088 -0.00485504 -0.00492165 -0.00498286 -0.0050481 -0.00512388 -0.00520296 -0.00527345 -0.0053216 -0.00535784 -0.00537789 -0.00538023 
0 7.11034e-05 0.000129839 0.000176555 0.000250746 0.000336252 0.000425986 0.000515803 0.000620314 0.00075655 0.000906293 0.00107346 0.001262 0.00147931 0.00172082 0.0019964 0.00231409 0.00268028 0.00308493 0.0035371 0.00409422 0.00475745 0.00555199 0.00649129 0.00764338 0.00908339 0.0108048 0.0128468 0.0151875 0.0177864 0.0205267 0.0232388 0.0257453 0.0277898 0.0291004 0.0294477 0.0286779 0.0266702 0.0234449 0.0191173 0.0139471 0.00825299 0.00238745 -0.00320188 -0.00816732 -0.0122017 -0.01507 -0.0166316 -0.0168752 -0.0158628 -0.0137474 -0.010714 -0.00700744 -0.00288063 0.00149306 0.00589318 0.0101765 0.0142509 0.0180528 0.0215131 0.0246473 0.0274473 0.0299181 0.0320823 0.0339713 0.0356034 0.0369996 0.0382004 0.039215 0.0400799 0.0408041 0.0414248 0.0419516 0.0424118 0.0428089 0.0431812 0.0435092 0.0438174 0.0441099 0.0443784 0.0446085 0.0448071 0.0449302 0.0449594 0.0448694 0.0446193 0.0441743 0.0434968 0.0425481 0.0413051 0.0397359 0.0378142 0.0355511 0.032916 0.0299043 0.0265564 0.0228994 0.0189315 0.0147146 0.0103002 0.00575206 0.00112822 -0.00351612 -0.00811934 -0.0125777 -0.0168547 -0.020908 -0.024672 -0.0280979 -0.0311762 -0.0338765 -0.0361991 -0.0381432 -0.0397193 -0.0409577 -0.0418818 -0.0425256 -0.0429526 -0.0431987 -0.0432947 -0.043316 -0.0432847 -0.0432306 -0.0431981 -0.0432129 -0.0432612 -0.0433848 -0.0435696 -0.0438147 -0.0441068 -0.0444543 -0.044819 -0.0452051 -0.0455972 -0.046002 -0.0464089 -0.0468445 -0.047326 -0.0478791 -0.048534 -0.0493272 -0.0503016 -0.0514567 -0.0528209 -0.0543861 -0.056099 -0.0578675 -0.0596179 -0.0611442 -0.0622634 -0.0627805 -0.0624676 -0.0611354 -0.0586564 -0.0549792 -0.0501313 -0.0442409 -0.0375323 -0.0303477 -0.0230004 -0.0159019 -0.00943447 -0.00388967 0.000509958 0.00365209 0.00552203 0.00624236 0.00600172 0.0050319 0.00356584 0.00189042 0.000195528 -0.00138436 -0.00274187 -0.003838 -0.00463781 -0.00520592 -0.00556906 -0.00576414 -0.00585589 -0.00588417 -0.00587609 -0.00582284 -0.00575249 -0.00570195 -0.00567908 -0.00564946 -0.00561703 -0.0055974 -0.00560804 -0.00564383 -0.00566574 -0.00570079 -0.0057389 -0.00578818 -0.00583377 -0.00585132 -0.00587091 -0.00586538 -0.00585167 
0 6.89607e-05 0.00011752 0.000166368 0.000235114 0.000332403 0.000434032 0.000540025 0.000668185 0.000831281 0.00101888 0.00122653 0.00146028 0.00172082 0.00201839 0.00233813 0.00271086 0.00312014 0.00356406 0.00407522 0.0046696 0.00540906 0.00626456 0.00729023 0.00855472 0.0101045 0.0119946 0.0141907 0.0167089 0.0194751 0.0223622 0.0252118 0.0278121 0.029906 0.0312208 0.0315221 0.0306439 0.028519 0.0251197 0.0206268 0.0152717 0.0093768 0.00335183 -0.00241178 -0.00750347 -0.0116225 -0.0145328 -0.0160871 -0.0162563 -0.0151446 -0.0128633 -0.00964269 -0.00573662 -0.00137149 0.00320667 0.00780926 0.0122713 0.0164839 0.0203667 0.0238896 0.027009 0.0297592 0.0321412 0.0341689 0.0358857 0.0373261 0.0384996 0.0394613 0.0402573 0.0408916 0.0414249 0.0418844 0.0422777 0.0426261 0.0429702 0.0432847 0.0436003 0.0439245 0.0442436 0.0445396 0.0448296 0.0450669 0.0452263 0.045288 0.0452078 0.0449214 0.0444184 0.0436687 0.0426271 0.0412791 0.0396179 0.0376047 0.035227 0.0325089 0.0294543 0.026055 0.0223318 0.0183497 0.0141613 0.00979248 0.00527763 0.000697614 -0.00387918 -0.00841174 -0.0128648 -0.0171643 -0.0212304 -0.0250201 -0.0285183 -0.0316765 -0.0344564 -0.0368662 -0.0389058 -0.0405646 -0.0418708 -0.0428608 -0.0435354 -0.0439353 -0.0441191 -0.0441303 -0.0440049 -0.0438209 -0.0436036 -0.0433857 -0.0432074 -0.0431032 -0.0430592 -0.0431174 -0.0432699 -0.0435072 -0.0438325 -0.0442569 -0.0447399 -0.0452996 -0.0459324 -0.0466143 -0.0473619 -0.0482009 -0.0491299 -0.050179 -0.0514039 -0.0527961 -0.0543923 -0.0561963 -0.0581854 -0.060298 -0.0624653 -0.0645346 -0.0663546 -0.0677017 -0.0683568 -0.0681238 -0.0667794 -0.0642088 -0.0603703 -0.055286 -0.0490867 -0.0420454 -0.0344471 -0.0266911 -0.0191623 -0.0122513 -0.00629524 -0.00148547 0.00201978 0.00421383 0.00520087 0.00516519 0.00432114 0.00294595 0.00128877 -0.000420291 -0.00203979 -0.00348382 -0.00464582 -0.00554668 -0.00618078 -0.0065994 -0.00684396 -0.00695582 -0.0070119 -0.00700147 -0.00694228 -0.00685271 -0.00677728 -0.00672274 -0.00665938 -0.00658359 -0.00651925 -0.00648841 -0.00646928 -0.00645556 -0.00643402 -0.0064324 -0.00644174 -0.00644431 -0.0064455 -0.00642431 -0.00640706 -0.00636696 
0 6.59726e-05 0.000113055 0.00016394 0.000236121 0.000345228 0.00046086 0.000587018 0.000740821 0.00092923 0.0011597 0.00140532 0.00168538 0.0019964 0.00233813 0.00272606 0.00314397 0.00361005 0.00410719 0.00466165 0.0053297 0.00611308 0.00705436 0.00817059 0.00953707 0.0112373 0.0132642 0.0156474 0.0183333 0.0212567 0.0243001 0.0272616 0.0299497 0.0320803 0.0333854 0.0336351 0.0326725 0.0304163 0.0268997 0.0222601 0.0167557 0.0107328 0.00456563 -0.00129481 -0.00647819 -0.0106495 -0.0135767 -0.0151151 -0.0152541 -0.0140545 -0.011676 -0.00834131 -0.00427535 0.000225257 0.00495422 0.00968252 0.014241 0.0185086 0.0224221 0.0258992 0.028965 0.0316 0.0338168 0.0356713 0.037175 0.0383813 0.0393413 0.0400976 0.0406768 0.0411578 0.0415352 0.0418725 0.0421828 0.0425034 0.042817 0.0431637 0.0435171 0.0438822 0.0442453 0.0446171 0.0449401 0.0452052 0.0453803 0.0454053 0.0452469 0.0448962 0.0442939 0.0434027 0.0422297 0.040736 0.0389108 0.036764 0.0343014 0.0314902 0.0283574 0.0249329 0.0212702 0.0173629 0.0132488 0.00898602 0.00465509 0.000249778 -0.0041859 -0.008596 -0.0128988 -0.0170757 -0.0210833 -0.0248812 -0.0283834 -0.0315784 -0.0344519 -0.0369768 -0.0391291 -0.0409386 -0.0423817 -0.043462 -0.044228 -0.0447027 -0.0449049 -0.044892 -0.0447185 -0.0444139 -0.044053 -0.0436749 -0.0433244 -0.043011 -0.0427907 -0.0426565 -0.0426404 -0.0427457 -0.043003 -0.0433691 -0.0438885 -0.0445256 -0.045283 -0.0461643 -0.0471798 -0.0483107 -0.0496065 -0.0510606 -0.0526929 -0.0545485 -0.056605 -0.0588806 -0.061341 -0.0639182 -0.0665019 -0.0689768 -0.0711171 -0.0727439 -0.073611 -0.0735029 -0.0722255 -0.069648 -0.065718 -0.0604722 -0.0540617 -0.0467191 -0.0388051 -0.0306762 -0.0227668 -0.0154701 -0.00911013 -0.00392362 -5.48747e-05 0.00247843 0.00375418 0.00394222 0.00328042 0.0020017 0.000413795 -0.00129082 -0.00294514 -0.00442406 -0.00567616 -0.00663567 -0.00734144 -0.00781137 -0.00808179 -0.00823276 -0.00829042 -0.0082853 -0.00821727 -0.00810661 -0.00800939 -0.00791769 -0.00781736 -0.00770204 -0.00758933 -0.00750909 -0.00744001 -0.0073711 -0.0073031 -0.00724492 -0.00720482 -0.00716576 -0.00712132 -0.00707139 -0.00701331 -0.00694497 
0 6.19161e-05 0.000108204 0.000166954 0.000246508 0.000370198 0.000506007 0.00066053 0.000845412 0.00107156 0.00134306 0.00163564 0.00196263 0.00231409 0.00271086 0.00314397 0.00361905 0.00413135 0.00467718 0.00530379 0.00602636 0.00689876 0.00792414 0.0091538 0.0106589 0.0124909 0.0146929 0.0172393 0.0200977 0.0231771 0.0263518 0.0294265 0.0321839 0.0343338 0.0356232 0.0358226 0.0347649 0.0324223 0.0287911 0.0240613 0.018461 0.0123361 0.00610201 0.000158346 -0.00508667 -0.0093 -0.0122508 -0.0138013 -0.0139177 -0.0126987 -0.0102687 -0.00688433 -0.00277178 0.00179944 0.0065721 0.0113393 0.0159234 0.0201876 0.0240408 0.0274442 0.0303695 0.0328331 0.0348568 0.036501 0.0377834 0.0387867 0.0395474 0.0401213 0.0405642 0.0409244 0.0412311 0.0415338 0.0418336 0.042157 0.0425198 0.0429058 0.043334 0.0437868 0.0442288 0.0446429 0.0449999 0.0452418 0.0453631 0.0453086 0.0450464 0.0445416 0.0437694 0.0427047 0.0413545 0.0396769 0.0376914 0.0353909 0.0327758 0.0298773 0.0267496 0.0233616 0.0197528 0.0159763 0.012069 0.00803189 0.00390734 -0.000276708 -0.00444677 -0.00859004 -0.0126936 -0.0167075 -0.0205525 -0.0242367 -0.0277165 -0.0309498 -0.0338988 -0.0365427 -0.0388398 -0.0408038 -0.0424091 -0.043673 -0.0445995 -0.0451984 -0.0454978 -0.045561 -0.045393 -0.0450655 -0.0446289 -0.0441122 -0.0435749 -0.0430801 -0.0426382 -0.0423008 -0.0420924 -0.0420165 -0.0421039 -0.0423581 -0.0427922 -0.0434099 -0.0442139 -0.0452004 -0.0463865 -0.0477563 -0.0493479 -0.0511553 -0.0532068 -0.0554979 -0.0580387 -0.0608039 -0.0637503 -0.0668028 -0.06986 -0.0727461 -0.0752799 -0.077245 -0.0783727 -0.0784734 -0.077322 -0.0748026 -0.070861 -0.0655373 -0.0589837 -0.0514631 -0.0432907 -0.0348928 -0.0266757 -0.0190346 -0.0123342 -0.00678351 -0.00256831 0.000303091 0.00188241 0.00232487 0.00185729 0.000734323 -0.000772705 -0.00243998 -0.0040928 -0.00561859 -0.00691501 -0.0079578 -0.00871876 -0.00923667 -0.00954999 -0.00971263 -0.00978306 -0.00975876 -0.00967354 -0.00953824 -0.00940428 -0.00927232 -0.00913078 -0.0089754 -0.00881815 -0.00869039 -0.00856615 -0.00845274 -0.0083278 -0.00821645 -0.00811885 -0.00801991 -0.00793115 -0.0078229 -0.00772343 -0.00760806 
0 6.55623e-05 0.000120927 0.000198053 0.000291762 0.000434531 0.000593786 0.000779106 0.00100095 0.00126023 0.00157595 0.00191122 0.00228335 0.00268028 0.00312014 0.00361005 0.00413135 0.00469589 0.00529912 0.00598925 0.00679246 0.00774434 0.00887919 0.0102407 0.0118985 0.0139032 0.0162846 0.0190252 0.022063 0.025297 0.0285983 0.0317642 0.0345662 0.036719 0.0379758 0.0381205 0.0369921 0.0345637 0.0308624 0.0260608 0.0203902 0.0142021 0.00790771 0.00190994 -0.00338897 -0.00765084 -0.0106423 -0.0122332 -0.0123973 -0.0112076 -0.00880957 -0.005454 -0.00135643 0.00319639 0.00794273 0.01267 0.017191 0.0213667 0.0251064 0.0283636 0.031132 0.0334106 0.0352316 0.0366749 0.0377585 0.0385741 0.0391912 0.0396578 0.0400244 0.0403543 0.0406586 0.040978 0.0413242 0.0417235 0.0421661 0.0426466 0.0431672 0.0436894 0.0441781 0.0446264 0.0449695 0.0451559 0.0451825 0.0449797 0.0445273 0.0438322 0.0428551 0.04157 0.0400046 0.0381204 0.0359379 0.0334878 0.030781 0.0278292 0.024689 0.0213681 0.0179151 0.0143407 0.010652 0.00687705 0.00306914 -0.000790363 -0.00466231 -0.00851327 -0.012317 -0.0160601 -0.0197077 -0.023261 -0.026654 -0.0298594 -0.0328579 -0.0356035 -0.0380458 -0.0401969 -0.0420017 -0.043459 -0.044597 -0.0454047 -0.0458846 -0.0460941 -0.046027 -0.0457281 -0.04527 -0.0446824 -0.0440217 -0.0433572 -0.0427213 -0.0421584 -0.0417177 -0.04142 -0.0412982 -0.041357 -0.0416362 -0.0421343 -0.0428646 -0.0438554 -0.0451187 -0.0466351 -0.0484565 -0.0505609 -0.0529542 -0.0556491 -0.058631 -0.0618676 -0.0653085 -0.0688635 -0.0724106 -0.0757631 -0.0787177 -0.0810597 -0.082507 -0.0828576 -0.0819073 -0.0795229 -0.0756498 -0.0703386 -0.0637445 -0.056122 -0.0478048 -0.0392191 -0.0307799 -0.022882 -0.0158868 -0.0100283 -0.00548241 -0.00227542 -0.000380886 0.000338742 0.000101964 -0.000849626 -0.0022478 -0.00386951 -0.00552398 -0.0070783 -0.0084381 -0.00954367 -0.0103634 -0.0109252 -0.0112649 -0.011447 -0.011507 -0.0114647 -0.0113518 -0.0111831 -0.0110107 -0.0108263 -0.0106397 -0.0104378 -0.0102298 -0.0100459 -0.00986261 -0.00969557 -0.00951558 -0.00934505 -0.00918529 -0.00902497 -0.00887706 -0.00871201 -0.00855746 -0.0083928 
0 8.53584e-05 0.00016822 0.000276105 0.000395768 0.000560228 0.000745964 0.000963455 0.00122034 0.00151007 0.00186128 0.00223479 0.00264615 0.00308493 0.00356406 0.00410719 0.00467718 0.00529912 0.00597176 0.00674012 0.00764578 0.0087003 0.00996906 0.0114873 0.0133188 0.0155143 0.0180849 0.0210264 0.0242457 0.027634 0.0310563 0.0343049 0.0371407 0.0392835 0.0404954 0.0405731 0.0393708 0.0368569 0.0330973 0.0282439 0.0225312 0.0163089 0.0099739 0.00393152 -0.00143233 -0.00577111 -0.00884848 -0.0105346 -0.0108088 -0.00971763 -0.00742736 -0.00417955 -0.000185903 0.00425824 0.00889377 0.0135001 0.0178919 0.0219228 0.0255037 0.0285802 0.0311686 0.0332584 0.0349009 0.0361874 0.0371411 0.0378498 0.0383979 0.0388282 0.0391864 0.0395491 0.0399193 0.0403287 0.0407829 0.0413039 0.0418561 0.0424423 0.0430503 0.0436316 0.0441384 0.0445664 0.044833 0.0449015 0.044774 0.0443867 0.0437166 0.0427839 0.0415501 0.0400068 0.0382 0.0361074 0.0337508 0.0311716 0.0283916 0.0254327 0.0223499 0.0191439 0.0158569 0.0125052 0.00909639 0.00564154 0.00217627 -0.00132176 -0.0048233 -0.00831851 -0.0117992 -0.0152566 -0.0186594 -0.0220161 -0.0252742 -0.0284142 -0.0314155 -0.0342215 -0.0367825 -0.0391072 -0.0411304 -0.0428302 -0.0442247 -0.0452802 -0.0459901 -0.0464035 -0.0465108 -0.0463325 -0.0459424 -0.045358 -0.044638 -0.0438554 -0.0430629 -0.0422972 -0.041628 -0.0410827 -0.0407047 -0.040511 -0.0405678 -0.0408745 -0.0414581 -0.0423634 -0.0436001 -0.0451556 -0.0470937 -0.0493936 -0.0520459 -0.0550775 -0.0584488 -0.0621181 -0.0660219 -0.0700612 -0.0740883 -0.0779135 -0.0813093 -0.084056 -0.0858602 -0.0865044 -0.0858044 -0.0836134 -0.0798818 -0.0746702 -0.0681382 -0.0605239 -0.052179 -0.0435146 -0.0349515 -0.0268801 -0.0196565 -0.0135438 -0.00870459 -0.00519175 -0.00299886 -0.00200862 -0.0020095 -0.00277757 -0.00404962 -0.00560607 -0.00724409 -0.00881151 -0.0102255 -0.0113868 -0.012266 -0.0128744 -0.0132467 -0.0134522 -0.0135027 -0.013444 -0.0133012 -0.0130955 -0.0128754 -0.0126314 -0.0123893 -0.0121315 -0.0118624 -0.0116072 -0.0113526 -0.011115 -0.0108688 -0.0106279 -0.0103978 -0.010173 -0.00996211 -0.0097463 -0.00954233 -0.00933955 
