0 0 0 0 0 0 0 0 0 0 0 0 0 0 0 0 0 0 0 0 0 0 0 0 0 0 0 0 0 0 0 0 0 0 0 0 0 0 0 0 0 0 0 0 0 0 0 0 0 0 0 0 0 0 0 0 0 0 0 0 0 0 0 0 0 0 0 0 0 0 0 0 0 0 0 0 0 0 0 0 0 0 0 0 0 0 0 0 0 0 0 0 0 0 0 0 0 0 0 0 0 0 0 0 0 0 0 0 0 0 0 0 0 0 0 0 0 0 0 0 0 0 0 0 0 0 0 0 0 0 0 0 0 0 0 0 0 0 0 0 0 0 0 0 0 0 0 0 0 0 0 0 0 0 0 0 0 0 0 0 0 0 0 0 0 0 0 0 0 0 0 0 0 0 0 0 0 0 0 0 0 0 0 0 0 0 0 0 0 0 0 0 0 0 0 0 0 0 0 0 
0 0.000159114 0.000312553 0.000452719 0.000598315 0.000740616 0.000885722 0.00103126 0.00117823 0.00135263 0.00154446 0.00176979 0.00201653 0.00227521 0.0025424 0.0027699 0.0029525 0.00305297 0.00306043 0.00296443 0.00273682 0.00241017 0.00199992 0.00155681 0.0011146 0.000705054 0.000377154 0.000158015 6.94536e-05 0.000110412 0.000294015 0.000605097 0.00103041 0.00153221 0.0020788 0.00266168 0.0032325 0.00377465 0.00427055 0.00470578 0.00507735 0.00536591 0.00556459 0.00568931 0.00571944 0.0056468 0.0054923 0.00523748 0.00489427 0.00446111 0.00393503 0.00334023 0.00266363 0.00190884 0.00110613 0.000255175 -0.000640186 -0.0015452 -0.00245152 -0.0033483 -0.00421665 -0.00503908 -0.00580091 -0.00649623 -0.00710493 -0.00762382 -0.00804916 -0.00837925 -0.00861193 -0.0087478 -0.00878236 -0.00873214 -0.00859211 -0.00836875 -0.00808745 -0.00774149 -0.0073339 -0.00689424 -0.00642856 -0.00593678 -0.00545089 -0.00496756 -0.00449102 -0.00403301 -0.0036063 -0.00320954 -0.002849 -0.00250591 -0.0021985 -0.00193258 -0.00169509 -0.00147209 -0.00128417 -0.00112055 -0.000978242 -0.000852694 -0.000747889 -0.00065439 -0.000579095 -0.000510723 -0.000450775 -0.000394313 -0.000343901 -0.000288899 -0.000235109 -0.000170353 -9.81267e-05 -1.8988e-05 6.92956e-05 0.000186645 0.000314413 0.000453959 0.000616426 0.000812372 0.0010299 0.00127592 0.0015423 0.0018494 0.00219719 0.00257131 0.00297218 0.00341775 0.00387807 0.00435821 0.00486767 0.00537755 0.00587267 0.00636665 0.00683724 0.0072691 0.00766661 0.00801308 0.00829615 0.00850829 0.00865092 0.00871314 0.00868813 0.00857229 0.00836671 0.00805987 0.00766008 0.0071677 0.0065911 0.00593882 0.00520685 0.00442193 0.00359474 0.00271969 0.00182972 0.000943731 4.76808e-05 -0.000827575 -0.00167553 -0.002499 -0.00328037 -0.00403094 -0.0047332 -0.00538521 -0.00600456 -0.00658 -0.00710563 -0.00760021 -0.00805891 -0.00847861 -0.00885904 -0.00918634 -0.00946927 -0.00967726 -0.00979173 -0.00980154 -0.00969119 -0.00944516 -0.0090521 -0.00852772 -0.00788271 -0.00715164 -0.00634547 -0.00551522 -0.00471001 -0.00395967 -0.00331556 -0.00278277 -0.00239677 -0.00214854 -0.00201087 -0.00196899 -0.00198524 -0.00205451 -0.00214222 -0.00222065 -0.00227581 -0.00229924 -0.00230341 -0.00228837 -0.00225575 -0.0022078 -0.00215014 -0.00208959 -0.00203063 -0.00197293 
0 0.000312553 0.0006057 0.000891273 0.00116962 0.0014586 0.00175096 0.00204062 0.00235659 0.00270352 0.0031117 0.00357328 0.00407276 0.0046156 0.00513629 0.00561177 0.00596974 0.00616569 0.006195 0.00597865 0.00554417 0.00488026 0.00406046 0.00318643 0.00228566 0.00148187 0.000819553 0.000382286 0.000209408 0.000291749 0.000653598 0.00127665 0.0021086 0.00308775 0.00416798 0.00527793 0.00640241 0.00744188 0.00839545 0.00924859 0.00994806 0.0105043 0.0108762 0.0110965 0.0111296 0.0109834 0.0106454 0.0101474 0.00946473 0.0085926 0.00756814 0.00638415 0.00505366 0.00358347 0.00202893 0.000364013 -0.00134516 -0.00311112 -0.00487132 -0.00660272 -0.00829266 -0.00989425 -0.0113635 -0.0127201 -0.0139329 -0.0149416 -0.0158018 -0.016462 -0.0169236 -0.0171882 -0.0172946 -0.0171992 -0.0169488 -0.0165361 -0.0159965 -0.0153116 -0.014547 -0.0137116 -0.0128046 -0.0118539 -0.0109117 -0.00995388 -0.00901336 -0.00814116 -0.00729526 -0.00648236 -0.00574786 -0.00509409 -0.00447749 -0.00392761 -0.00343037 -0.00300212 -0.00261908 -0.00228719 -0.00198319 -0.00173981 -0.00151879 -0.00133438 -0.00116594 -0.00103182 -0.000897415 -0.000789439 -0.000672405 -0.00056141 -0.000436257 -0.000317068 -0.000162672 3.20408e-06 0.000203855 0.00041982 0.000674461 0.000969549 0.00132988 0.00170305 0.00212758 0.00263518 0.00320387 0.00380654 0.0044934 0.00524477 0.00604302 0.00691513 0.00783678 0.00878366 0.00975083 0.0107413 0.0117121 0.0126678 0.0135659 0.0144153 0.0151549 0.0158104 0.0163504 0.0167592 0.0170004 0.0171193 0.0170353 0.016775 0.0163554 0.0157451 0.0149411 0.0139819 0.012856 0.0115618 0.0101544 0.00862414 0.00702415 0.00533947 0.00362976 0.00189662 0.000177262 -0.00153538 -0.00319171 -0.00478149 -0.00631667 -0.00777455 -0.00914519 -0.0104279 -0.0116553 -0.0127798 -0.0138467 -0.0148214 -0.0157438 -0.0166038 -0.0173629 -0.0180566 -0.018644 -0.0190945 -0.0193638 -0.0194223 -0.0192307 -0.0187803 -0.0180174 -0.0169919 -0.0157374 -0.0142736 -0.0126989 -0.0110409 -0.00944215 -0.00796314 -0.00666173 -0.00562123 -0.00483927 -0.00434785 -0.00408089 -0.00398873 -0.00403762 -0.00417116 -0.00435281 -0.00451385 -0.00462247 -0.00467506 -0.0046801 -0.00464902 -0.00458152 -0.00448313 -0.00436627 -0.00424525 -0.00412436 -0.00400557 
0 0.000452719 0.000891273 0.00130105 0.00172507 0.00215232 0.00259522 0.00305122 0.00352894 0.00408687 0.00471087 0.00542903 0.00621004 0.00702394 0.00784259 0.00854799 0.00910155 0.00940867 0.00943225 0.00913379 0.00845707 0.00747568 0.00625287 0.00493013 0.00360921 0.00239701 0.00142376 0.000775007 0.000509712 0.000626651 0.0011519 0.00204207 0.00324765 0.00466435 0.00620265 0.00782098 0.00940312 0.0108914 0.0122406 0.0134162 0.0144006 0.0151522 0.0156513 0.0159325 0.0159502 0.015686 0.0151828 0.014409 0.0133879 0.0121177 0.0106039 0.00889803 0.00698105 0.00486646 0.00262674 0.000265476 -0.00220003 -0.0046958 -0.00719343 -0.009665 -0.0120693 -0.0143577 -0.0164923 -0.0184562 -0.0201987 -0.0216989 -0.0229501 -0.0239381 -0.0246544 -0.0250982 -0.0252645 -0.0251839 -0.024853 -0.0242903 -0.0235539 -0.0226339 -0.0215467 -0.0203586 -0.0190842 -0.0177331 -0.0163773 -0.0150136 -0.0136567 -0.0123421 -0.0110947 -0.00991942 -0.0088359 -0.00781104 -0.00687858 -0.00605724 -0.00531916 -0.00463811 -0.00405097 -0.0035376 -0.00308708 -0.00269152 -0.00235263 -0.00205222 -0.00179869 -0.00157021 -0.00136393 -0.001171 -0.000990768 -0.000802624 -0.000612755 -0.000397862 -0.000159062 0.000102015 0.000396004 0.000761341 0.0011656 0.0016132 0.0021327 0.00274027 0.00341752 0.00418 0.00501078 0.00594524 0.00698739 0.00810142 0.00928445 0.0105697 0.0118926 0.0132555 0.0146751 0.0160878 0.0174562 0.0188038 0.0200787 0.0212447 0.0223007 0.0232095 0.0239375 0.0244631 0.024782 0.0248747 0.0247172 0.024306 0.0236474 0.0227194 0.0215404 0.0201239 0.018489 0.0166563 0.0146279 0.0124614 0.0101836 0.00778584 0.0053437 0.0028983 0.000428771 -0.00200069 -0.0043653 -0.00666652 -0.00886743 -0.0109853 -0.0129802 -0.0148505 -0.0166361 -0.0183109 -0.0198695 -0.0213494 -0.0227471 -0.0240524 -0.0252569 -0.02633 -0.027276 -0.028013 -0.0284818 -0.0286404 -0.0284364 -0.0278239 -0.026766 -0.025302 -0.0234683 -0.0213523 -0.0190109 -0.0165818 -0.0142141 -0.0120095 -0.0101041 -0.00853945 -0.00739893 -0.00666522 -0.00626496 -0.0061439 -0.00620583 -0.00641724 -0.00668445 -0.00692686 -0.00709923 -0.00717982 -0.00719583 -0.00714987 -0.00704839 -0.00689901 -0.00671936 -0.00653156 -0.00634536 -0.00615998 
0 0.000598315 0.00116962 0.00172507 0.00227964 0.00285821 0.00345646 0.00407323 0.00474747 0.00550397 0.00637822 0.00736206 0.00842608 0.00955039 0.0106387 0.0116125 0.0123552 0.0127763 0.0128353 0.0124302 0.0115695 0.0102737 0.00866859 0.00693195 0.00516899 0.00357245 0.00226592 0.00138683 0.00100863 0.00113087 0.00177547 0.00290219 0.0044163 0.00619854 0.00814739 0.010151 0.0121385 0.013975 0.0156308 0.017075 0.0182437 0.0191281 0.0196868 0.0199554 0.0198924 0.0195011 0.0187804 0.0177615 0.0164269 0.0147751 0.0128529 0.0106723 0.00824776 0.00560137 0.00280961 -0.000140638 -0.00317575 -0.00628337 -0.00938773 -0.012452 -0.0154482 -0.0183093 -0.0209746 -0.023451 -0.0256869 -0.0276068 -0.0292521 -0.0305637 -0.0315304 -0.0321512 -0.0324637 -0.0324327 -0.0321036 -0.0314829 -0.0306211 -0.0295067 -0.0282176 -0.0267847 -0.025215 -0.0235473 -0.0218551 -0.0201228 -0.0183942 -0.0167364 -0.0151196 -0.0135579 -0.0121096 -0.0107796 -0.00953458 -0.00840768 -0.0073851 -0.00647933 -0.00567193 -0.00496187 -0.00432296 -0.0037817 -0.00329874 -0.0028797 -0.00250217 -0.00217637 -0.00186598 -0.00158971 -0.00131018 -0.00103491 -0.000742339 -0.000443233 -9.46653e-05 0.000285392 0.000723632 0.00121156 0.0017719 0.00241283 0.00316299 0.00397593 0.00489008 0.00594043 0.00709845 0.00834054 0.00971345 0.011186 0.0127346 0.0143854 0.0160958 0.0178325 0.0195893 0.0213508 0.0230602 0.0247178 0.0262665 0.0276949 0.0289366 0.0300016 0.0308441 0.0314345 0.0317344 0.0317773 0.0314787 0.0308662 0.0299634 0.0287387 0.0271992 0.0253951 0.0233246 0.020997 0.0184754 0.0157701 0.012941 0.00998048 0.00696543 0.0039149 0.000864612 -0.00217228 -0.00513275 -0.00800162 -0.0107821 -0.0134488 -0.0159826 -0.018386 -0.0206991 -0.0228754 -0.0249558 -0.0269208 -0.0288093 -0.0306038 -0.0322566 -0.0337852 -0.0351307 -0.0362182 -0.0369607 -0.0372891 -0.0371287 -0.036434 -0.0351355 -0.0332933 -0.0309688 -0.0282297 -0.0252247 -0.022068 -0.0189894 -0.0161317 -0.0136269 -0.0116054 -0.0101032 -0.0091447 -0.00863023 -0.00846513 -0.0085684 -0.00884368 -0.00920271 -0.00952906 -0.00975783 -0.00987561 -0.00989473 -0.00983339 -0.00969596 -0.00949495 -0.00925479 -0.00900155 -0.00875073 -0.00850226 
0 0.000740616 0.0014586 0.00215232 0.00285821 0.00358831 0.00435097 0.00515275 0.00602204 0.00701146 0.00813624 0.00940219 0.0107725 0.012197 0.0135921 0.0148236 0.015778 0.0163347 0.0164175 0.0159477 0.0148902 0.0133116 0.0113453 0.00919209 0.00702241 0.00502961 0.0033958 0.0022691 0.00173817 0.00181842 0.00252438 0.00379998 0.00554483 0.00761163 0.00986459 0.0121939 0.0144668 0.0165697 0.0184391 0.0200316 0.0213042 0.022223 0.022767 0.0229634 0.022782 0.0222137 0.0212871 0.0200052 0.0183793 0.0164146 0.0141418 0.0115984 0.00878936 0.00574087 0.00252335 -0.000847014 -0.00433064 -0.00786943 -0.0114109 -0.0149166 -0.0183463 -0.0216354 -0.0247346 -0.02762 -0.0302354 -0.0325321 -0.0345055 -0.0361213 -0.0373601 -0.0382144 -0.0386893 -0.0387908 -0.0385317 -0.0379356 -0.0370517 -0.0358852 -0.0344763 -0.0328831 -0.0311265 -0.0292406 -0.0272923 -0.0252919 -0.0232695 -0.0212777 -0.0193335 -0.0174585 -0.0156857 -0.014012 -0.0124517 -0.0110326 -0.00973916 -0.00856282 -0.00751476 -0.00658601 -0.00575888 -0.00503102 -0.00438708 -0.00381542 -0.00330649 -0.00284706 -0.00241969 -0.0020192 -0.00162919 -0.00123696 -0.00083168 -0.000399664 7.51952e-05 0.000593694 0.00117753 0.00184722 0.00259875 0.00344103 0.00440258 0.00548076 0.00667893 0.00800964 0.0094574 0.0110282 0.0127321 0.0145315 0.0164118 0.0183838 0.0203972 0.0224303 0.0244811 0.0264983 0.0284363 0.0302921 0.0320152 0.0335663 0.0349158 0.0360339 0.0368788 0.0374213 0.0376447 0.0375436 0.0370806 0.0362638 0.0351074 0.0335985 0.0317538 0.0296097 0.0271842 0.0244991 0.0215859 0.0184908 0.0152497 0.0118719 0.00842844 0.00495764 0.0014691 -0.00199363 -0.00538786 -0.00870411 -0.011924 -0.0150431 -0.018032 -0.0208968 -0.0236706 -0.0263312 -0.0288876 -0.0313583 -0.0337531 -0.0360512 -0.0382193 -0.0402271 -0.0420288 -0.0435159 -0.0445836 -0.0451436 -0.0451048 -0.0443926 -0.0429513 -0.0408253 -0.0380846 -0.0348396 -0.0312295 -0.0274467 -0.0237292 -0.0202677 -0.0172456 -0.0147856 -0.0129742 -0.0118056 -0.0111823 -0.0109962 -0.0111274 -0.0114787 -0.011922 -0.0123321 -0.0126298 -0.0127881 -0.0128256 -0.0127548 -0.0125877 -0.0123418 -0.0120446 -0.0117276 -0.0114096 -0.0110945 
0 0.000885722 0.00175096 0.00259522 0.00345646 0.00435097 0.00529261 0.00629556 0.00738898 0.00862951 0.0100336 0.0116026 0.0132965 0.0150431 0.0167465 0.01825 0.0194178 0.0201134 0.0202296 0.0196919 0.0184564 0.0166051 0.0142917 0.0117328 0.00915041 0.00675597 0.0047705 0.00335999 0.00262862 0.00261122 0.00330898 0.00466011 0.00654589 0.00880238 0.0112675 0.0138099 0.0162716 0.0185376 0.0205235 0.022178 0.0234625 0.0243357 0.0247931 0.0248477 0.0244926 0.023722 0.0225707 0.021046 0.0191663 0.0169446 0.0144081 0.011597 0.00852087 0.0052133 0.00172627 -0.00190516 -0.00565604 -0.00946132 -0.0132765 -0.0170592 -0.0207637 -0.0243305 -0.0277148 -0.0308815 -0.0337786 -0.036367 -0.038617 -0.0405049 -0.0420014 -0.0430992 -0.0437909 -0.0440884 -0.0439894 -0.0435217 -0.0427165 -0.0415963 -0.0401926 -0.0385607 -0.0367269 -0.0347292 -0.0326213 -0.0304337 -0.0281995 -0.0259622 -0.0237519 -0.0215941 -0.019523 -0.0175478 -0.0156913 -0.0139705 -0.0123883 -0.0109385 -0.00963347 -0.00846053 -0.00741162 -0.00647381 -0.00563985 -0.00488902 -0.00421412 -0.00359386 -0.00301822 -0.0024685 -0.00193452 -0.00139558 -0.000844206 -0.000256879 0.000376338 0.00107037 0.00183897 0.00270717 0.00367509 0.00475879 0.00597077 0.00731846 0.00880072 0.0104243 0.0121747 0.0140531 0.016051 0.01814 0.0203044 0.0225356 0.0247908 0.0270422 0.0292773 0.0314463 0.0335115 0.0354505 0.0372229 0.0387787 0.0400978 0.041143 0.041883 0.0422874 0.0423498 0.04205 0.0413772 0.0403337 0.038934 0.0371781 0.0350846 0.0326825 0.0299967 0.0270532 0.0238791 0.0205292 0.0170279 0.0134033 0.0097068 0.00598167 0.00223553 -0.00148696 -0.00515442 -0.00875529 -0.0122755 -0.0157131 -0.0190476 -0.0222908 -0.0254615 -0.028558 -0.0315734 -0.034534 -0.0374362 -0.0402554 -0.0429575 -0.0454897 -0.0477908 -0.0497348 -0.0511959 -0.0520584 -0.0522149 -0.0515669 -0.0500675 -0.0477474 -0.0446895 -0.0410276 -0.0369191 -0.0326036 -0.0283358 -0.0243542 -0.0208725 -0.0180352 -0.0159482 -0.0145973 -0.0138889 -0.0136954 -0.0138775 -0.0143145 -0.014855 -0.0153614 -0.0157396 -0.0159547 -0.0160204 -0.0159507 -0.0157616 -0.0154766 -0.0151295 -0.0147548 -0.0143763 -0.0140009 
0 0.00103126 0.00204062 0.00305122 0.00407323 0.00515275 0.00629556 0.00752096 0.00887911 0.0103934 0.0121153 0.0140147 0.016052 0.0181508 0.0201606 0.0219522 0.0233278 0.0241527 0.0243024 0.0236689 0.0222586 0.020121 0.0174547 0.0144898 0.0114732 0.00866932 0.00630307 0.00457194 0.00359196 0.00341761 0.00403102 0.00537882 0.00730782 0.00965071 0.0122353 0.0148697 0.0174272 0.019749 0.0217534 0.023389 0.0245969 0.02536 0.0256764 0.0255451 0.0249831 0.0240092 0.0226252 0.0208892 0.0187981 0.0163758 0.0136692 0.0106877 0.00746409 0.00403535 0.000431231 -0.00331671 -0.00715615 -0.0110684 -0.0149914 -0.0188827 -0.0227042 -0.0264039 -0.0299284 -0.0332488 -0.0363263 -0.0391031 -0.0415661 -0.0436801 -0.0454123 -0.0467497 -0.0477018 -0.0482366 -0.0483739 -0.0481288 -0.0475079 -0.0465343 -0.045262 -0.04371 -0.0419092 -0.0399123 -0.0377563 -0.0354745 -0.0331134 -0.0307236 -0.0283199 -0.025933 -0.0236051 -0.0213791 -0.0192491 -0.0172354 -0.0153577 -0.0136364 -0.0120533 -0.010614 -0.00930712 -0.00813518 -0.0070723 -0.00611227 -0.00522965 -0.00441956 -0.0036545 -0.00292742 -0.00220884 -0.00149199 -0.000751019 1.99674e-05 0.000852389 0.00175782 0.00275823 0.00384982 0.00506576 0.00642007 0.0079163 0.00953514 0.0113011 0.0132143 0.0152598 0.017406 0.0196548 0.0219873 0.024373 0.0267831 0.0292023 0.0315838 0.0338877 0.0361008 0.0381782 0.0400725 0.0417572 0.043203 0.0443558 0.0452124 0.0457445 0.0459272 0.0457464 0.0452115 0.0442979 0.0430223 0.0414023 0.0394424 0.037156 0.0345818 0.0317373 0.0286402 0.025349 0.02188 0.0182722 0.014564 0.0107858 0.00696366 0.00314146 -0.000681006 -0.00446643 -0.00819386 -0.0118865 -0.0155133 -0.0190844 -0.0226135 -0.0261051 -0.0295641 -0.0330046 -0.0364143 -0.0398068 -0.0431511 -0.0463857 -0.049476 -0.0523017 -0.0547461 -0.0566564 -0.0578845 -0.058305 -0.0578069 -0.0563356 -0.0539153 -0.0506459 -0.0466536 -0.0421607 -0.0374027 -0.032677 -0.028267 -0.0243867 -0.0212492 -0.0189274 -0.0174365 -0.0166798 -0.0165007 -0.0167698 -0.0173088 -0.0179706 -0.0185956 -0.0190749 -0.0193748 -0.0194873 -0.0194406 -0.0192493 -0.0189429 -0.0185615 -0.0181394 -0.0177084 -0.0172787 
0 0.00117823 0.00235659 0.00352894 0.00474747 0.00602204 0.00738898 0.00887911 0.0105124 0.0123574 0.0144085 0.0166686 0.0190814 0.0215202 0.0238737 0.0259251 0.0275126 0.0284602 0.0285989 0.0278805 0.0262437 0.0238163 0.0207789 0.01737 0.0139162 0.010657 0.00788335 0.0057884 0.00450241 0.00410241 0.0045648 0.0058054 0.00768764 0.0100215 0.0125986 0.0152566 0.0177822 0.0200799 0.0220249 0.0235474 0.0246317 0.0252307 0.0253718 0.0250436 0.0242863 0.0230994 0.021542 0.0196132 0.0173613 0.0148249 0.0120113 0.00896768 0.00571407 0.00228295 -0.00131814 -0.00501589 -0.00883129 -0.012677 -0.0165453 -0.0203987 -0.024183 -0.0278621 -0.031418 -0.0347778 -0.0379055 -0.0408049 -0.0433904 -0.0456724 -0.0476154 -0.0492077 -0.0503968 -0.0512213 -0.0516405 -0.0516802 -0.0513299 -0.0506411 -0.0495877 -0.0482167 -0.0465748 -0.0446948 -0.0425903 -0.0403387 -0.0379626 -0.0354732 -0.0329517 -0.030439 -0.0279387 -0.0254696 -0.023099 -0.0208333 -0.0186969 -0.0166755 -0.0148057 -0.0130778 -0.0115054 -0.0100487 -0.00872835 -0.00750803 -0.00639421 -0.00534117 -0.0043574 -0.00339585 -0.00246536 -0.0015207 -0.000562627 0.000457941 0.00152558 0.00268249 0.00393175 0.00531629 0.00681693 0.00844999 0.0102092 0.0121399 0.0142014 0.0163665 0.0186418 0.0210392 0.0234956 0.0259955 0.0285301 0.0310434 0.0335115 0.0359122 0.0382102 0.0403402 0.0422945 0.0440198 0.0455073 0.0466962 0.0476077 0.0481796 0.0484142 0.0482958 0.0478492 0.0470209 0.0458754 0.0443908 0.0425669 0.0404435 0.0380406 0.0353602 0.03245 0.0293446 0.0260361 0.0226013 0.0190285 0.0153777 0.0116573 0.00791111 0.00413386 0.000371799 -0.00338883 -0.00713866 -0.0108615 -0.0145793 -0.0182847 -0.0219992 -0.0257156 -0.0294782 -0.0332511 -0.0370793 -0.0409226 -0.0447516 -0.0485367 -0.0521579 -0.055531 -0.0584934 -0.0608785 -0.0625176 -0.0632613 -0.0629691 -0.0616118 -0.0591793 -0.0557709 -0.0515705 -0.0467608 -0.0416774 -0.0365896 -0.0318242 -0.0276615 -0.0242685 -0.0217982 -0.0202144 -0.0194444 -0.0193404 -0.0197104 -0.0204007 -0.0212071 -0.0219801 -0.022604 -0.0230133 -0.023215 -0.0232155 -0.0230496 -0.0227504 -0.0223546 -0.0219113 -0.0214442 -0.0209792 
0 0.00135263 0.00270352 0.00408687 0.00550397 0.00701146 0.00862951 0.0103934 0.0123574 0.0145267 0.0169496 0.0195804 0.0223605 0.0251724 0.0278214 0.0301485 0.0319124 0.0329461 0.03308 0.0322106 0.0303624 0.0276079 0.0241751 0.0203174 0.0163638 0.0126254 0.00938128 0.0068572 0.00519799 0.00450006 0.00471583 0.00578225 0.00751614 0.00973747 0.0122426 0.0147894 0.0172351 0.0194194 0.0212395 0.0226293 0.0235415 0.0239673 0.0239308 0.0234081 0.0224575 0.0211222 0.0194006 0.0173673 0.0150292 0.012434 0.00961679 0.00658397 0.00338146 5.18563e-05 -0.00341487 -0.00697492 -0.0105912 -0.0142619 -0.0179515 -0.0216263 -0.0252455 -0.0287941 -0.0322294 -0.0355135 -0.0386278 -0.0415389 -0.0442039 -0.0466066 -0.0487079 -0.0504935 -0.0519559 -0.0530559 -0.0537982 -0.0541806 -0.0541675 -0.0537891 -0.0530751 -0.0520079 -0.0506258 -0.0489686 -0.0470439 -0.0449041 -0.0426011 -0.0401632 -0.0376282 -0.0350257 -0.0323964 -0.0298034 -0.0272553 -0.0247552 -0.0223525 -0.0200795 -0.0179268 -0.0159018 -0.0140145 -0.0122656 -0.0106438 -0.00913651 -0.00772699 -0.00640114 -0.00513773 -0.00391539 -0.00270767 -0.00149394 -0.000252504 0.00103525 0.00239629 0.00385565 0.00541966 0.00708548 0.0088867 0.0108369 0.0129078 0.0150895 0.0173947 0.0198093 0.0223151 0.0248735 0.0274556 0.030063 0.0326542 0.0351713 0.0376131 0.039931 0.0420569 0.044001 0.0457324 0.0471828 0.048354 0.0492321 0.0497761 0.0499975 0.0498973 0.0494633 0.0487007 0.0476121 0.0462167 0.0445247 0.0425511 0.0403218 0.0378575 0.0351704 0.0322915 0.0292384 0.0260572 0.0227498 0.0193419 0.0158826 0.0123552 0.00877536 0.0051869 0.00157121 -0.00206769 -0.00570447 -0.00937956 -0.0130658 -0.0168065 -0.0206176 -0.0244847 -0.0284507 -0.0325214 -0.0366786 -0.040918 -0.0452055 -0.0494659 -0.0536256 -0.057512 -0.0609903 -0.0638629 -0.065922 -0.0670066 -0.066967 -0.0657588 -0.0633715 -0.0599172 -0.0555589 -0.0505658 -0.0452333 -0.0398887 -0.0348892 -0.0304988 -0.0269726 -0.0243952 -0.0227878 -0.0220694 -0.0220648 -0.0226111 -0.023474 -0.0244776 -0.025443 -0.0262417 -0.0268182 -0.0271393 -0.0272359 -0.0271339 -0.026876 -0.0265093 -0.0260731 -0.0256086 -0.0251369 
0 0.00154446 0.0031117 0.00471087 0.00637822 0.00813624 0.0100336 0.0121153 0.0144085 0.0169496 0.0197345 0.0227421 0.025893 0.0290312 0.0319844 0.0345263 0.036444 0.037533 0.0375987 0.0365749 0.0344494 0.0313504 0.0274912 0.0231385 0.01867 0.0143994 0.0106449 0.00763836 0.00553878 0.00445513 0.00435046 0.00512875 0.00663046 0.00866012 0.0109914 0.0134025 0.01569 0.0177341 0.0194062 0.0206247 0.0213688 0.0216244 0.0214233 0.0207496 0.0196689 0.0182126 0.0164223 0.0143243 0.0119637 0.00939927 0.00663945 0.00371136 0.000658779 -0.00249031 -0.00575205 -0.0090632 -0.0124325 -0.0158147 -0.0192144 -0.0226104 -0.0259604 -0.0292631 -0.0325118 -0.0356391 -0.0386301 -0.041494 -0.0441519 -0.0466079 -0.0488333 -0.0508095 -0.0524819 -0.0538584 -0.0549105 -0.0556341 -0.0559894 -0.056018 -0.0556814 -0.0549764 -0.053949 -0.0526184 -0.0509692 -0.0490761 -0.0469642 -0.0446333 -0.042165 -0.0396064 -0.0369613 -0.0342653 -0.0315813 -0.028922 -0.0263249 -0.0237955 -0.0213658 -0.0190446 -0.0168547 -0.0147753 -0.0128242 -0.0109796 -0.00924701 -0.00758892 -0.00600258 -0.00444917 -0.0029239 -0.00138243 0.000183777 0.0018156 0.00350911 0.00529994 0.00719051 0.00920443 0.0113277 0.0135647 0.0158995 0.0183597 0.020903 0.0234903 0.026129 0.0288099 0.0314606 0.0340744 0.0366284 0.039047 0.0413251 0.0434399 0.0453315 0.0469697 0.0483584 0.0494397 0.0502277 0.0507018 0.0508731 0.0507121 0.050242 0.0494669 0.0484112 0.0470493 0.0454541 0.0436117 0.0415213 0.039239 0.0367848 0.0341499 0.0313828 0.0285086 0.0255185 0.02245 0.0192931 0.0160981 0.0128415 0.0095387 0.00620283 0.00284079 -0.000581014 -0.00405023 -0.0075732 -0.0111713 -0.0148703 -0.0186913 -0.0226245 -0.0267305 -0.0309969 -0.0354356 -0.0400076 -0.0446789 -0.049391 -0.0540022 -0.0583649 -0.0623058 -0.0656159 -0.0680746 -0.0694918 -0.0697115 -0.0686917 -0.0664028 -0.0629518 -0.05854 -0.0534199 -0.0479472 -0.0424402 -0.0372808 -0.0327861 -0.0291748 -0.0265858 -0.0250099 -0.0243837 -0.0245478 -0.0252864 -0.0263855 -0.0276245 -0.0288332 -0.0298776 -0.0306683 -0.0311867 -0.0314361 -0.0314605 -0.0313047 -0.0310095 -0.0306325 -0.0302024 -0.0297598 
0 0.00176979 0.00357328 0.00542903 0.00736206 0.00940219 0.0116026 0.0140147 0.0166686 0.0195804 0.0227421 0.0261165 0.0296106 0.0330572 0.036254 0.0389717 0.040979 0.042058 0.0420135 0.0407693 0.0383392 0.0348537 0.030534 0.0256642 0.0206338 0.0157934 0.0114738 0.00792345 0.00532109 0.00378598 0.00328481 0.003719 0.00492138 0.00669742 0.00881621 0.0110336 0.0131522 0.0150382 0.0165641 0.0176419 0.0182439 0.0183682 0.0180437 0.0172603 0.0160863 0.0145731 0.0127552 0.0106702 0.00836129 0.00588788 0.00326037 0.000499441 -0.00234809 -0.00525208 -0.00823039 -0.0112385 -0.0142714 -0.0173109 -0.0203651 -0.0234172 -0.0264328 -0.0294257 -0.0323892 -0.0352777 -0.0380866 -0.0408217 -0.0434188 -0.0458718 -0.0481527 -0.0502442 -0.0521028 -0.0537159 -0.0550625 -0.0561212 -0.0568459 -0.0572625 -0.0573459 -0.0570702 -0.0564639 -0.055532 -0.054256 -0.0526889 -0.0508621 -0.0487755 -0.046488 -0.0440348 -0.0414414 -0.0387549 -0.0360218 -0.0332493 -0.0304857 -0.0277554 -0.0250852 -0.0224829 -0.0199762 -0.0175639 -0.015261 -0.0130522 -0.0109435 -0.00890863 -0.00694015 -0.00500705 -0.00309608 -0.00116907 0.000782013 0.00279085 0.00486548 0.00703118 0.00928039 0.0116261 0.0140662 0.0166015 0.0191998 0.021869 0.0245822 0.0273114 0.0300421 0.032747 0.0353649 0.037895 0.0403028 0.0425223 0.044547 0.046352 0.0478805 0.0491334 0.0501139 0.0507732 0.0511282 0.0511798 0.0509307 0.0503786 0.0495538 0.0484642 0.0471294 0.0455444 0.0437721 0.0418115 0.0396708 0.037399 0.0350163 0.0325085 0.0299144 0.0272543 0.0245243 0.0217373 0.0188938 0.0160259 0.0131002 0.010121 0.00710418 0.00404093 0.000895302 -0.00232423 -0.00563539 -0.00906265 -0.012649 -0.0164137 -0.0203535 -0.0245273 -0.0289348 -0.03357 -0.0383974 -0.0433811 -0.048447 -0.0534487 -0.058211 -0.0625546 -0.0662532 -0.0690636 -0.0707814 -0.0712485 -0.0704114 -0.0682406 -0.0648402 -0.06042 -0.0552606 -0.0497167 -0.0441331 -0.0389046 -0.0343647 -0.0307516 -0.0281958 -0.0267078 -0.0262278 -0.0265964 -0.0275899 -0.0289669 -0.0305031 -0.0320188 -0.0333693 -0.0344523 -0.0352303 -0.035707 -0.0359251 -0.035934 -0.0357793 -0.0355177 -0.0351862 -0.0348257 
0 0.00201653 0.00407276 0.00621004 0.00842608 0.0107725 0.0132965 0.016052 0.0190814 0.0223605 0.025893 0.0296106 0.0334093 0.0371219 0.0404994 0.0433329 0.0453571 0.0463513 0.0461318 0.0445962 0.0418077 0.0378816 0.0330576 0.0276415 0.0220169 0.0165832 0.0116698 0.00754552 0.00440574 0.00237567 0.00142779 0.00147208 0.00233092 0.00381533 0.00570042 0.00770834 0.00966702 0.0114067 0.0128095 0.0137841 0.0142865 0.0143335 0.0139442 0.0131204 0.0119195 0.0104195 0.00863051 0.00661863 0.00441783 0.00208642 -0.000349562 -0.00288375 -0.00546921 -0.00808079 -0.0107292 -0.0134056 -0.0160674 -0.0187382 -0.0214137 -0.0240855 -0.0267333 -0.0293837 -0.0320208 -0.0346246 -0.0371985 -0.0397316 -0.0422004 -0.044582 -0.0468604 -0.049006 -0.0509996 -0.0527908 -0.0543828 -0.0557356 -0.0568137 -0.0576066 -0.0581109 -0.0582756 -0.0581169 -0.05763 -0.0568008 -0.0556436 -0.0541847 -0.0524314 -0.0504188 -0.0481755 -0.0457304 -0.0431357 -0.0404208 -0.03761 -0.0347437 -0.0318644 -0.0289849 -0.0261317 -0.0233236 -0.0205847 -0.0179134 -0.0153187 -0.0127954 -0.010341 -0.00793217 -0.00556326 -0.00320474 -0.000840012 0.00155294 0.00398169 0.00647178 0.00902658 0.0116492 0.0143283 0.0170733 0.0198699 0.0226963 0.0255324 0.0283638 0.0311595 0.033896 0.0365325 0.0390303 0.0413786 0.043531 0.0454444 0.0471165 0.0485269 0.049624 0.0504372 0.0509559 0.0511585 0.051059 0.0506908 0.0500297 0.0491108 0.047954 0.0465826 0.0450047 0.0432567 0.0413651 0.0393492 0.0372212 0.0350135 0.0327472 0.0304151 0.0280394 0.0256294 0.0231987 0.0207162 0.0182108 0.0156873 0.0131172 0.0104896 0.00783121 0.00510116 0.0022722 -0.000656131 -0.00372197 -0.006937 -0.0103665 -0.0140206 -0.0179113 -0.0220842 -0.0265657 -0.0313188 -0.036325 -0.0415418 -0.0468681 -0.0521735 -0.0572425 -0.0619017 -0.0659087 -0.0690028 -0.0709706 -0.0716562 -0.0709853 -0.0689367 -0.0656116 -0.0612142 -0.0560677 -0.0505025 -0.0449047 -0.0396736 -0.035144 -0.0315913 -0.0291143 -0.0277615 -0.0274699 -0.0280757 -0.0293666 -0.0310608 -0.032946 -0.0348256 -0.0365449 -0.0379984 -0.0391162 -0.0399095 -0.0404084 -0.0406641 -0.0407299 -0.0406527 -0.0404864 -0.0402646 
0 0.00227521 0.0046156 0.00702394 0.00955039 0.012197 0.0150431 0.0181508 0.0215202 0.0251724 0.0290312 0.0330572 0.0371219 0.0410155 0.0445339 0.0473869 0.0493594 0.0501983 0.0497122 0.0478485 0.0446258 0.0402242 0.0348614 0.0288622 0.0226331 0.0165779 0.0110523 0.00633826 0.00264812 9.68532e-05 -0.00129569 -0.00166889 -0.00115213 4.53285e-05 0.00167542 0.00351418 0.0053124 0.00694674 0.00827313 0.00918782 0.00966045 0.00969972 0.0093081 0.00851714 0.00737448 0.00592997 0.0042613 0.00236771 0.000330188 -0.00180072 -0.00401354 -0.00628369 -0.00856791 -0.010864 -0.013173 -0.0154729 -0.0177779 -0.0200615 -0.0223512 -0.0246419 -0.0269259 -0.0292064 -0.0315152 -0.0338132 -0.0361022 -0.0384059 -0.0406889 -0.0429326 -0.0451424 -0.0472953 -0.0493305 -0.0512554 -0.053033 -0.0546247 -0.0559998 -0.0571617 -0.058045 -0.0586351 -0.0589301 -0.0589127 -0.0585472 -0.0578615 -0.056848 -0.0554921 -0.0538279 -0.0519013 -0.0497126 -0.0472789 -0.0446594 -0.0418953 -0.0390101 -0.0360258 -0.0329866 -0.0299199 -0.0268512 -0.0237888 -0.0207552 -0.017755 -0.0148011 -0.0118807 -0.00899387 -0.00612654 -0.00327649 -0.000420212 0.00244772 0.00534461 0.00826579 0.0112177 0.0141986 0.0172162 0.0202412 0.0232512 0.0262417 0.0292087 0.0320955 0.034861 0.0375041 0.0399951 0.042278 0.0443307 0.0461443 0.0476725 0.0489105 0.0498593 0.0505086 0.0508356 0.0508755 0.0506239 0.0500932 0.0493004 0.0482863 0.047036 0.0455945 0.0439976 0.0422588 0.0403929 0.0384599 0.0364568 0.034384 0.0322952 0.0301876 0.0280535 0.0259127 0.0237854 0.0216324 0.0194783 0.017309 0.0151261 0.0129122 0.010652 0.00833509 0.0059523 0.00345297 0.000807732 -0.00197122 -0.0049678 -0.0082031 -0.0117041 -0.0154998 -0.0196278 -0.0241015 -0.0289164 -0.0340219 -0.039374 -0.0448973 -0.0503888 -0.0556938 -0.0605781 -0.0648027 -0.0681128 -0.0702594 -0.0711066 -0.0705606 -0.0686066 -0.0653367 -0.0609876 -0.0558537 -0.0503143 -0.0447435 -0.0395423 -0.0350937 -0.0316136 -0.0292732 -0.0280832 -0.0280024 -0.0288942 -0.0304892 -0.0325578 -0.0348292 -0.0371237 -0.0392814 -0.041155 -0.0427 -0.0438798 -0.0447434 -0.0453342 -0.0456939 -0.0458941 -0.0459636 -0.0459572 
0 0.0025424 0.00513629 0.00784259 0.0106387 0.0135921 0.0167465 0.0201606 0.0238737 0.0278214 0.0319844 0.036254 0.0404994 0.0445339 0.0480746 0.0508999 0.0527258 0.0533234 0.0525314 0.0502512 0.0465815 0.0416598 0.0357372 0.0291596 0.0223107 0.0156395 0.00950282 0.00419875 -3.98674e-05 -0.00308871 -0.00494317 -0.0056916 -0.00550751 -0.00458345 -0.0031487 -0.0014841 0.000227313 0.00179408 0.00309286 0.00402574 0.00453592 0.00463411 0.00432661 0.00364126 0.00260999 0.00132765 -0.000195005 -0.00188673 -0.00370278 -0.00560719 -0.00755608 -0.00953848 -0.0115297 -0.0135065 -0.0154596 -0.0174249 -0.0193425 -0.0212672 -0.0231926 -0.0251152 -0.0270415 -0.0289933 -0.0309507 -0.0329348 -0.0349549 -0.0369882 -0.0390593 -0.0411356 -0.0432185 -0.0452755 -0.047321 -0.0492912 -0.0511877 -0.0529595 -0.0545909 -0.0560157 -0.0572511 -0.0582456 -0.0589677 -0.0593915 -0.0595174 -0.0592988 -0.0587443 -0.0578666 -0.0566458 -0.0550773 -0.0531944 -0.0510444 -0.0486303 -0.0459777 -0.0431186 -0.0401202 -0.0369879 -0.0337575 -0.030444 -0.0270964 -0.0237093 -0.020315 -0.0169018 -0.013502 -0.0100986 -0.00671252 -0.00332014 5.63994e-05 0.00343693 0.00679742 0.0101668 0.0135229 0.016862 0.0201529 0.0234177 0.0266224 0.0297386 0.0327169 0.0355613 0.0382468 0.0407233 0.042943 0.0449115 0.0466093 0.0479963 0.0490842 0.0498639 0.0503246 0.0504652 0.0503343 0.0499115 0.0492283 0.0482904 0.0471509 0.0457944 0.0442895 0.0426475 0.0409049 0.0390613 0.0371813 0.0352483 0.0333005 0.0313569 0.0294133 0.0274855 0.0255788 0.023682 0.0218017 0.0199598 0.018097 0.0162597 0.0144113 0.0125318 0.0106021 0.00862508 0.00654665 0.00435327 0.00201125 -0.000520744 -0.00326554 -0.00629767 -0.0096267 -0.0132945 -0.0173268 -0.0217635 -0.0265611 -0.0317055 -0.0371409 -0.0427459 -0.0483807 -0.0538127 -0.058839 -0.0632017 -0.0666229 -0.0688768 -0.0698103 -0.0693211 -0.0674134 -0.0641809 -0.0598438 -0.0547507 -0.0492301 -0.0437098 -0.0385857 -0.0342064 -0.0308598 -0.0286455 -0.0276442 -0.0278029 -0.0289636 -0.030915 -0.0333498 -0.0360523 -0.038805 -0.0414294 -0.0438078 -0.0458236 -0.0474823 -0.0487879 -0.049784 -0.0505337 -0.0510647 -0.0514548 -0.0517177 
0 0.0027699 0.00561177 0.00854799 0.0116125 0.0148236 0.01825 0.0219522 0.0259251 0.0301485 0.0345263 0.0389717 0.0433329 0.0473869 0.0508999 0.0535784 0.0551859 0.0554782 0.0542941 0.0515875 0.0474182 0.041974 0.0354964 0.0283433 0.0209121 0.0136533 0.00693807 0.00108769 -0.00365598 -0.00718508 -0.00944228 -0.0105618 -0.0106635 -0.00996154 -0.00870633 -0.00711948 -0.00545765 -0.00387862 -0.00253226 -0.0015247 -0.000907085 -0.000673987 -0.000842019 -0.00134969 -0.00217447 -0.00326452 -0.00454441 -0.0060062 -0.00756839 -0.00920675 -0.0108822 -0.0125741 -0.0142524 -0.0159235 -0.017566 -0.0191893 -0.0207937 -0.0223803 -0.0239609 -0.0255382 -0.0271426 -0.0287562 -0.0304141 -0.0321094 -0.0338427 -0.0356173 -0.037451 -0.0393129 -0.0412324 -0.0431831 -0.0451378 -0.0470959 -0.0490261 -0.0508899 -0.052681 -0.0543576 -0.0558633 -0.0571861 -0.0582817 -0.0591272 -0.0596918 -0.0599564 -0.0598858 -0.0594703 -0.0586885 -0.0575721 -0.0561014 -0.0542734 -0.0521106 -0.0496698 -0.0469542 -0.0439961 -0.0408193 -0.0374783 -0.03399 -0.0303795 -0.026662 -0.0228775 -0.0190255 -0.0151353 -0.0112143 -0.00728253 -0.00334929 0.000558934 0.00445258 0.00830333 0.0121015 0.0158293 0.0194921 0.0230614 0.0265157 0.0298123 0.0329615 0.0359263 0.0386615 0.0411265 0.0433282 0.0452329 0.0468313 0.0480916 0.0490264 0.0496342 0.0499197 0.0498924 0.0495895 0.0489909 0.0481326 0.0470614 0.0457845 0.0443344 0.0427613 0.0410692 0.0392886 0.0374709 0.0356123 0.0337538 0.0319033 0.0300715 0.02826 0.0264937 0.0247556 0.0230697 0.0214188 0.0198136 0.0182295 0.016667 0.0151176 0.0135541 0.0119752 0.0103517 0.00865913 0.00687113 0.00495967 0.0028644 0.000593245 -0.0019415 -0.00476053 -0.00790091 -0.0114225 -0.0153382 -0.019683 -0.0244453 -0.0295827 -0.0350306 -0.0406893 -0.0463528 -0.0518526 -0.0569226 -0.0613157 -0.0647757 -0.0670436 -0.067995 -0.0675068 -0.0655965 -0.062359 -0.0580316 -0.0529384 -0.0474501 -0.0419789 -0.0369183 -0.0326446 -0.0293905 -0.027326 -0.0264933 -0.0268641 -0.0283085 -0.0305715 -0.0334055 -0.0365381 -0.0397703 -0.0429165 -0.0458189 -0.0483894 -0.0505744 -0.052392 -0.053869 -0.0550497 -0.0559891 -0.0567298 -0.0573111 
0 0.0029525 0.00596974 0.00910155 0.0123552 0.015778 0.0194178 0.0233278 0.0275126 0.0319124 0.036444 0.040979 0.0453571 0.0493594 0.0527258 0.0551859 0.0564821 0.0563918 0.054777 0.0515961 0.0469345 0.0409747 0.0339739 0.026298 0.018341 0.010555 0.00332897 -0.00300756 -0.00819885 -0.0121307 -0.0147517 -0.0161597 -0.016492 -0.0159564 -0.0147987 -0.0132521 -0.0115582 -0.00990349 -0.00844222 -0.00727883 -0.00647384 -0.00604469 -0.00599784 -0.00627948 -0.00686876 -0.00770498 -0.00873448 -0.00992021 -0.011196 -0.0125545 -0.0139464 -0.0153456 -0.0167444 -0.0181301 -0.0194771 -0.0208074 -0.0221047 -0.0233945 -0.024678 -0.0259543 -0.0272625 -0.0285888 -0.0299427 -0.0313516 -0.0328218 -0.03434 -0.0359372 -0.0375917 -0.0393163 -0.0410885 -0.0429208 -0.0448005 -0.0466979 -0.0485881 -0.0504683 -0.0522686 -0.0539734 -0.0555693 -0.0569832 -0.0581821 -0.0591523 -0.0598382 -0.0602104 -0.0602725 -0.0599733 -0.0592957 -0.0582364 -0.0568089 -0.0550022 -0.0528304 -0.0503036 -0.0474707 -0.0443388 -0.0409493 -0.0373223 -0.0334948 -0.0294882 -0.0253483 -0.0210735 -0.0167157 -0.0122972 -0.00784566 -0.00338039 0.00104606 0.00543354 0.00973886 0.0139496 0.0180371 0.0219824 0.025745 0.0293283 0.0326879 0.0357977 0.0386174 0.0411453 0.0433585 0.0452312 0.0467375 0.0479061 0.0487178 0.0491778 0.0493191 0.0491394 0.0486435 0.0478918 0.0468984 0.0456768 0.0442904 0.0427493 0.0410848 0.0393407 0.0375511 0.0357276 0.0339064 0.0320871 0.0303088 0.0285545 0.0268521 0.0252152 0.0236316 0.0220954 0.0206331 0.0192089 0.0178291 0.0164946 0.0151784 0.0138843 0.0125754 0.0112441 0.00987122 0.00842303 0.00686989 0.00520162 0.00335077 0.00129856 -0.00101613 -0.00363705 -0.00660414 -0.00997825 -0.0137734 -0.0180189 -0.0227055 -0.027797 -0.0332168 -0.038847 -0.0445037 -0.0499883 -0.0550365 -0.059396 -0.0628058 -0.0650292 -0.0659253 -0.0653802 -0.063423 -0.0601527 -0.0558041 -0.0507073 -0.0452288 -0.039793 -0.0347891 -0.030574 -0.0274045 -0.0254376 -0.0247439 -0.0252979 -0.0269679 -0.0295355 -0.0327278 -0.0362915 -0.0400049 -0.0436661 -0.047127 -0.0502574 -0.053012 -0.0553749 -0.0573641 -0.0590298 -0.0604001 -0.0615399 -0.0624643 
0 0.00305297 0.00616569 0.00940867 0.0127763 0.0163347 0.0201134 0.0241527 0.0284602 0.0329461 0.037533 0.042058 0.0463513 0.0501983 0.0533234 0.0554782 0.0563918 0.0558657 0.0537865 0.050123 0.0449804 0.038535 0.0310625 0.0229308 0.014535 0.00631972 -0.00131554 -0.00803254 -0.0135742 -0.0178193 -0.0207257 -0.022356 -0.0228551 -0.022424 -0.0213013 -0.019727 -0.0179309 -0.0161297 -0.0144836 -0.0131013 -0.0120491 -0.0113643 -0.0110477 -0.0110505 -0.0113539 -0.0118999 -0.0126522 -0.0135508 -0.0145441 -0.0156257 -0.0167414 -0.0178579 -0.0189812 -0.0200979 -0.0211817 -0.0222558 -0.0232981 -0.0243401 -0.0253656 -0.0263805 -0.0274269 -0.0284978 -0.0295903 -0.0307458 -0.0319676 -0.0332374 -0.0345925 -0.0360262 -0.0375498 -0.0391379 -0.0408161 -0.0425665 -0.0443658 -0.0462019 -0.0480888 -0.049947 -0.0517684 -0.0535346 -0.0551751 -0.0566522 -0.057958 -0.0590197 -0.0597958 -0.0602774 -0.0604162 -0.0601861 -0.0595682 -0.0585537 -0.0571201 -0.0552743 -0.0530178 -0.0503774 -0.0473463 -0.0439715 -0.0402749 -0.0362883 -0.03204 -0.0275906 -0.0229448 -0.0181691 -0.0132993 -0.00837438 -0.00342918 0.00146696 0.00630719 0.0110288 0.0155993 0.0199849 0.0241618 0.0280711 0.0317069 0.0350297 0.0380214 0.0406482 0.0429081 0.0447857 0.0462739 0.0473689 0.0481027 0.0484619 0.0484587 0.0481463 0.0475295 0.046628 0.0455046 0.0441808 0.0426667 0.0410456 0.0393276 0.0375422 0.0357245 0.0339109 0.0320962 0.0303181 0.0285813 0.0269175 0.0252982 0.0237512 0.0222902 0.0208861 0.0195427 0.0182866 0.0170765 0.0159036 0.0147826 0.0136725 0.0125798 0.0114704 0.0103425 0.00917868 0.00793809 0.00658907 0.00512469 0.00347572 0.00160207 -0.000532485 -0.00298529 -0.00580014 -0.00903971 -0.012718 -0.0168613 -0.0214648 -0.0264914 -0.0318524 -0.0374127 -0.0430077 -0.0484149 -0.0533753 -0.0576336 -0.0609346 -0.0630605 -0.0638546 -0.0632166 -0.0611793 -0.0578513 -0.0534582 -0.0483339 -0.0428452 -0.0374216 -0.0324489 -0.0282623 -0.0251378 -0.0232242 -0.0226156 -0.0232897 -0.0251175 -0.027916 -0.0314024 -0.0353395 -0.0394878 -0.0436341 -0.0476324 -0.0513207 -0.0546489 -0.0575694 -0.0600879 -0.0622509 -0.0640676 -0.0656113 -0.0668826 
0 0.00306043 0.006195 0.00943225 0.0128353 0.0164175 0.0202296 0.0243024 0.0285989 0.03308 0.0375987 0.0420135 0.0461318 0.0497122 0.0525314 0.0542941 0.054777 0.0537865 0.0512222 0.0471038 0.0415076 0.0346376 0.0267689 0.0182668 0.00953126 0.000993943 -0.00695132 -0.0139441 -0.0197316 -0.0242037 -0.0272822 -0.0290577 -0.0296305 -0.0292169 -0.0280708 -0.0263878 -0.0244421 -0.0224332 -0.0205419 -0.0188824 -0.0175292 -0.0165238 -0.0158959 -0.0155857 -0.0155646 -0.0158229 -0.0162711 -0.0168858 -0.0176005 -0.0184072 -0.0192598 -0.0201265 -0.0209927 -0.0218684 -0.0227293 -0.0235549 -0.0243856 -0.0252082 -0.0260174 -0.0268175 -0.0276596 -0.0284993 -0.0293755 -0.0303048 -0.0312914 -0.0323409 -0.0334745 -0.0346901 -0.0360035 -0.0374094 -0.0388964 -0.0404969 -0.0421651 -0.0439037 -0.0457102 -0.0475612 -0.0494016 -0.0512451 -0.0530209 -0.0547008 -0.0562356 -0.0575928 -0.0587094 -0.0595574 -0.0600787 -0.0602629 -0.0600646 -0.0594522 -0.0584001 -0.0569086 -0.0549628 -0.0525574 -0.0496889 -0.0463951 -0.0427009 -0.0386197 -0.0342046 -0.0295134 -0.0245761 -0.0194538 -0.0142126 -0.00888688 -0.00354339 0.00175051 0.00696226 0.0120319 0.0168886 0.0214983 0.0258227 0.0298082 0.0334232 0.0366364 0.0394408 0.0418229 0.0437715 0.0452788 0.0463748 0.0470621 0.0473646 0.0472834 0.0468738 0.0461575 0.0451642 0.0439255 0.0425236 0.0409423 0.0392459 0.0374878 0.0356852 0.0338423 0.0320368 0.0302498 0.0285002 0.0268162 0.0252031 0.0236627 0.0222006 0.0208211 0.0195247 0.0183094 0.0171451 0.0160662 0.0150328 0.0140382 0.013069 0.0121439 0.0112094 0.0102614 0.0093043 0.00830488 0.00721892 0.00603648 0.00473223 0.00323156 0.0015181 -0.000490118 -0.00280371 -0.00550151 -0.00864038 -0.0122224 -0.0162709 -0.0207982 -0.0257473 -0.0310231 -0.0365085 -0.0419979 -0.047314 -0.0521525 -0.0562692 -0.0594358 -0.0614113 -0.0620653 -0.0612935 -0.0591397 -0.055724 -0.0512695 -0.0460887 -0.0405784 -0.0351417 -0.0301596 -0.0259766 -0.0228282 -0.0209238 -0.0203248 -0.021032 -0.0229491 -0.0258678 -0.0295786 -0.0337946 -0.0382943 -0.0428644 -0.0473139 -0.051521 -0.0553626 -0.0588056 -0.061835 -0.0644623 -0.066732 -0.0686562 -0.0702721 
