0 0 0 0 0 0 0 0 0 0 0 0 0 0 0 0 0 0 0 0 0 0 0 0 0 0 0 0 0 0 0 0 0 0 0 0 0 0 0 0 0 0 0 0 0 0 0 0 0 0 0 0 0 0 0 0 0 0 0 0 0 0 0 0 0 0 0 0 0 0 0 0 0 0 0 0 0 0 0 0 0 0 0 0 0 0 0 0 0 0 0 0 0 0 0 0 0 0 0 0 0 0 0 0 0 0 0 0 0 0 0 0 0 0 0 0 0 0 0 0 0 0 0 0 0 0 0 0 0 0 0 0 0 0 0 0 0 0 0 0 0 0 0 0 0 0 0 0 0 0 0 0 0 0 0 0 0 0 0 0 0 0 0 0 0 0 0 0 0 0 0 0 0 0 0 0 0 0 0 0 0 0 0 0 0 0 0 0 0 0 0 0 0 0 0 0 0 0 0 0 
0 0.00030209 0.000611011 0.000932536 0.00129513 0.00169274 0.00212981 0.00258249 0.00303149 0.00346241 0.00384175 0.0041497 0.00434582 0.0044243 0.00437245 0.00420181 0.00392991 0.00357969 0.00321538 0.00286079 0.00257221 0.0023572 0.00223731 0.00224245 0.00234859 0.00256433 0.00284202 0.00316786 0.00351788 0.00384771 0.00413199 0.0043488 0.00448735 0.00453421 0.00448489 0.00431515 0.00406147 0.00370011 0.00323642 0.00268977 0.00204883 0.00135532 0.000592436 -0.000219943 -0.00105715 -0.00190792 -0.00277428 -0.00362409 -0.00444894 -0.00523563 -0.00596689 -0.00664751 -0.00724401 -0.00776814 -0.00821158 -0.00857403 -0.00883493 -0.0090125 -0.0091059 -0.00910485 -0.00901963 -0.00886874 -0.00864381 -0.00834566 -0.00800507 -0.00760743 -0.00717662 -0.00672218 -0.00625296 -0.00577436 -0.00530473 -0.00483184 -0.00438354 -0.0039599 -0.00355825 -0.00318596 -0.00284428 -0.0025255 -0.00223886 -0.00198428 -0.00175613 -0.00155591 -0.00136888 -0.00120684 -0.00107588 -0.000963711 -0.000854504 -0.000768077 -0.000699649 -0.000645832 -0.000594145 -0.000555337 -0.000526048 -0.000505881 -0.000483595 -0.000472944 -0.000462115 -0.000454264 -0.000448448 -0.000447674 -0.000440414 -0.000441333 -0.000439241 -0.000436994 -0.000434808 -0.000436498 -0.000428544 -0.000425796 -0.000421556 -0.000415274 -0.000398185 -0.000382078 -0.000364038 -0.000342263 -0.000299161 -0.000252745 -0.000203311 -0.000143012 -6.09442e-05 3.48539e-05 0.000145495 0.000264596 0.000408629 0.000578616 0.000763433 0.000976829 0.00122193 0.00148355 0.00177488 0.00211206 0.00246872 0.00285887 0.00327817 0.00372102 0.00418206 0.00466743 0.00515384 0.00565244 0.00613716 0.0066038 0.00705119 0.0074694 0.0078413 0.0081681 0.00844804 0.00865695 0.00879679 0.00886783 0.00887026 0.0087757 0.00861305 0.00836266 0.00802592 0.0076058 0.00710019 0.00652424 0.00588025 0.00516265 0.00439067 0.00358523 0.00271759 0.00182955 0.00090877 -2.61542e-05 -0.000967342 -0.00192967 -0.00288129 -0.00382534 -0.00475864 -0.00567748 -0.0065569 -0.00739196 -0.00815048 -0.00882904 -0.00939364 -0.0098028 -0.0100606 -0.0101325 -0.0100374 -0.00976092 -0.00932339 -0.00876598 -0.00811754 -0.00743262 -0.00674104 -0.00610661 -0.00556642 -0.00515721 -0.00487996 -0.00472151 -0.00467786 -0.00471397 -0.00482467 -0.00496056 -0.00510176 -0.00522865 -0.00531592 -0.00537911 -0.00539186 -0.00537004 
0 0.000611011 0.00123355 0.00189098 0.00261954 0.00342307 0.00430232 0.00521108 0.00611514 0.00698199 0.00774461 0.00836489 0.00876403 0.00891663 0.00882088 0.00846657 0.00791598 0.00720835 0.00644642 0.00573366 0.00511248 0.00466098 0.00439721 0.00435631 0.00455847 0.00493471 0.00546612 0.00609004 0.00674931 0.00739928 0.0079429 0.00836623 0.00863704 0.00872722 0.00861551 0.00829241 0.0077755 0.00706598 0.00617204 0.00508684 0.0038669 0.00251257 0.0010356 -0.000532119 -0.00215787 -0.00381447 -0.00548172 -0.00713078 -0.00873824 -0.0102446 -0.0116939 -0.0130179 -0.0141942 -0.0152355 -0.0161165 -0.0168205 -0.0173565 -0.0177187 -0.0179075 -0.0179481 -0.0177929 -0.0175102 -0.0170847 -0.0165268 -0.0158555 -0.0151209 -0.0142939 -0.0134091 -0.0124955 -0.011572 -0.0106375 -0.0097199 -0.00885766 -0.00800465 -0.0071949 -0.00645576 -0.00577892 -0.00512643 -0.0045714 -0.00405295 -0.00357507 -0.00315238 -0.00281318 -0.00248372 -0.00219884 -0.00194832 -0.00175667 -0.00157949 -0.00143317 -0.00130318 -0.00121294 -0.00112888 -0.00107065 -0.00101476 -0.000977716 -0.000948262 -0.000931199 -0.000905711 -0.000900339 -0.000890757 -0.000882523 -0.000876184 -0.000879695 -0.000867838 -0.000867581 -0.000861856 -0.00085798 -0.000845031 -0.000835048 -0.000807856 -0.000792498 -0.000757622 -0.00071132 -0.000639973 -0.000580283 -0.000494776 -0.000381423 -0.000222467 -8.19584e-05 0.000102054 0.000330587 0.000595819 0.000873081 0.0012302 0.00160456 0.0020259 0.00251254 0.00306903 0.00365483 0.00431526 0.00503383 0.00580392 0.0066244 0.00750499 0.00842732 0.00934987 0.0103049 0.0112648 0.0121981 0.0130956 0.0139815 0.0147657 0.0154832 0.0161079 0.0166231 0.0170171 0.0172831 0.0174003 0.0173818 0.017195 0.0168302 0.0163363 0.0156601 0.0148263 0.0138414 0.012724 0.0114599 0.0100735 0.00857882 0.00699851 0.00534278 0.00360539 0.0018308 2.15759e-05 -0.00181866 -0.00369134 -0.00555501 -0.0074145 -0.00925083 -0.0110534 -0.012805 -0.0144338 -0.0159491 -0.0172907 -0.0183999 -0.0192367 -0.019732 -0.0198968 -0.0197112 -0.019166 -0.0183205 -0.0172182 -0.0159558 -0.0146158 -0.013268 -0.0120363 -0.0109939 -0.0102036 -0.00968084 -0.00938852 -0.00931623 -0.00941542 -0.00963805 -0.00993048 -0.0102211 -0.0104798 -0.0106783 -0.0107993 -0.0108467 -0.0108055 
0 0.000932536 0.00189098 0.00289328 0.00400828 0.00523274 0.00656752 0.00794946 0.00932004 0.0106273 0.0117779 0.0127024 0.0132917 0.0135159 0.0133445 0.0128047 0.0119513 0.0108597 0.00969986 0.00856529 0.00760006 0.00685093 0.0063806 0.00626467 0.00646213 0.00697314 0.00768765 0.00855192 0.00949165 0.0103903 0.0111637 0.0117512 0.0121173 0.0122248 0.0120569 0.0115653 0.0108269 0.00980066 0.00850036 0.00696896 0.00519927 0.00327845 0.00118002 -0.00104823 -0.00334768 -0.00568719 -0.00806545 -0.0104116 -0.0126977 -0.014887 -0.016945 -0.0188659 -0.0205748 -0.0220901 -0.0233878 -0.0244606 -0.0252633 -0.0258295 -0.0261581 -0.0262298 -0.0260617 -0.0257021 -0.0251355 -0.0243669 -0.023464 -0.022408 -0.0212464 -0.0200054 -0.0187117 -0.0173813 -0.0160536 -0.0147131 -0.0134243 -0.012186 -0.0110021 -0.00989423 -0.00886614 -0.00790198 -0.0070303 -0.00624598 -0.00553832 -0.00491193 -0.0043393 -0.00383562 -0.00341544 -0.00305296 -0.00271641 -0.00243909 -0.00221289 -0.00202948 -0.00186313 -0.00173157 -0.00162971 -0.00155327 -0.00147981 -0.00143607 -0.00139704 -0.00136655 -0.00134521 -0.00133596 -0.00131471 -0.00131176 -0.00130428 -0.00129481 -0.00128623 -0.00128436 -0.00126118 -0.00124612 -0.00122585 -0.0011958 -0.00114111 -0.00108304 -0.00101389 -0.000927946 -0.000793736 -0.000643092 -0.000474498 -0.000269794 -1.19504e-05 0.000289991 0.000639776 0.00102518 0.00147842 0.00200986 0.00259206 0.00325509 0.00400747 0.0048189 0.0057097 0.00671545 0.00777957 0.00892473 0.0101394 0.0114111 0.0127228 0.0140792 0.0154354 0.0168067 0.0181335 0.0194042 0.0206164 0.0217356 0.0227264 0.0235863 0.0243043 0.0248252 0.0251506 0.0252768 0.0252029 0.0248698 0.0243345 0.0235672 0.0225671 0.0213446 0.0199032 0.0182784 0.0164741 0.0144849 0.0123536 0.0101241 0.00774107 0.00528543 0.00274099 0.00014569 -0.00248595 -0.00518105 -0.00786862 -0.0105515 -0.0132187 -0.0158551 -0.0183986 -0.0208169 -0.0230339 -0.0250182 -0.0266742 -0.0278955 -0.0286668 -0.028914 -0.0286682 -0.0279042 -0.0266816 -0.0251099 -0.0232844 -0.0213517 -0.0194119 -0.0176374 -0.0161422 -0.0150231 -0.0142898 -0.0139068 -0.013852 -0.0140376 -0.0144251 -0.0148903 -0.0153643 -0.0157875 -0.0161004 -0.0163225 -0.0164008 -0.0163665 
0 0.00129513 0.00261954 0.00400828 0.00553097 0.00719739 0.00899529 0.0108489 0.0126809 0.0144182 0.0159394 0.0171503 0.017918 0.018183 0.0179325 0.0171698 0.0159922 0.0144999 0.0128814 0.011319 0.009932 0.0088464 0.00812408 0.00783477 0.00799483 0.00852312 0.00935193 0.0103772 0.0114933 0.0125899 0.0135221 0.0142324 0.0146672 0.0147783 0.0145298 0.013907 0.0129432 0.0116426 0.0100191 0.0080848 0.00590575 0.00351011 0.000911794 -0.00183948 -0.00468699 -0.00759068 -0.0105201 -0.0134282 -0.0162713 -0.0189792 -0.0215773 -0.0239893 -0.0261659 -0.0281125 -0.0297939 -0.0311807 -0.0322673 -0.0330502 -0.0335304 -0.0337229 -0.0335908 -0.0332094 -0.0325699 -0.0316861 -0.0305981 -0.0293585 -0.0279552 -0.0264308 -0.0248285 -0.0231791 -0.0214932 -0.019807 -0.0181761 -0.016564 -0.015009 -0.0135547 -0.0121964 -0.0109025 -0.00974921 -0.00868355 -0.00770407 -0.00683043 -0.00608323 -0.00539388 -0.00479085 -0.00426297 -0.00382502 -0.0034379 -0.00311056 -0.00282859 -0.00260588 -0.00241323 -0.00226528 -0.00213706 -0.00203814 -0.00196312 -0.00190835 -0.00185355 -0.00182558 -0.00180038 -0.00177643 -0.0017606 -0.00175434 -0.00173246 -0.00172102 -0.00170468 -0.00168208 -0.00164835 -0.00161112 -0.00154954 -0.00148676 -0.00139612 -0.00127952 -0.00112532 -0.000961074 -0.000753406 -0.000494893 -0.000169383 0.00016967 0.00058222 0.00107537 0.00163792 0.00225848 0.00300204 0.0038073 0.00470648 0.00572392 0.00685175 0.00805346 0.00937452 0.0107866 0.0122778 0.0138438 0.0154847 0.0171702 0.0188561 0.0205604 0.0222519 0.0238817 0.0254356 0.0269257 0.0282536 0.0294346 0.0304409 0.0312446 0.0318188 0.0321502 0.032219 0.0320317 0.0315461 0.0307677 0.0297426 0.0284245 0.026841 0.0250115 0.0229625 0.0206869 0.0182088 0.0155576 0.0127654 0.0098318 0.00676638 0.00361404 0.000385971 -0.00291528 -0.00628968 -0.00968255 -0.0130884 -0.0164851 -0.0198485 -0.0231293 -0.0262313 -0.0291207 -0.0317034 -0.0338641 -0.0355055 -0.0365287 -0.036914 -0.0366386 -0.0356956 -0.0341764 -0.0321838 -0.0298831 -0.0274342 -0.0249874 -0.0227567 -0.0208914 -0.0195078 -0.0186298 -0.0182095 -0.0182088 -0.0185372 -0.019104 -0.0197909 -0.0204792 -0.021095 -0.0215833 -0.0219201 -0.0220916 -0.0220922 
0 0.00169274 0.00342307 0.00523274 0.00719739 0.00932794 0.0116005 0.0139314 0.0162207 0.0183677 0.0202351 0.0216922 0.0225938 0.0228656 0.0224804 0.0214684 0.0199271 0.0179983 0.0159072 0.0138539 0.01202 0.010532 0.00948752 0.00897295 0.00898405 0.00946765 0.0103123 0.0114066 0.0126261 0.0138193 0.014844 0.0156119 0.0160632 0.0161463 0.0158262 0.0150787 0.0139514 0.0124406 0.0105616 0.00835064 0.00584792 0.00311437 0.00015986 -0.00296395 -0.00619262 -0.00948364 -0.0128137 -0.0161237 -0.0193646 -0.022486 -0.0254666 -0.0282623 -0.0308098 -0.0331037 -0.035114 -0.0368129 -0.0381679 -0.0391859 -0.0398654 -0.0401962 -0.0401793 -0.039864 -0.0392479 -0.0383425 -0.0372007 -0.0358437 -0.034299 -0.0326036 -0.0307979 -0.02891 -0.0269697 -0.0249976 -0.0230513 -0.0211328 -0.0192664 -0.0174869 -0.0158014 -0.0142035 -0.0127349 -0.0113853 -0.0101499 -0.00903743 -0.00804048 -0.00714672 -0.00636799 -0.00568729 -0.00508786 -0.00457033 -0.00413219 -0.00376241 -0.00344633 -0.00318182 -0.002969 -0.00279496 -0.00264875 -0.00253964 -0.00245178 -0.00237889 -0.00232755 -0.00228967 -0.00225114 -0.00222723 -0.00220586 -0.00217859 -0.00215316 -0.00212628 -0.00208178 -0.00203145 -0.00196951 -0.00188387 -0.00177276 -0.00163908 -0.00147524 -0.00127148 -0.00101961 -0.00072318 -0.00037521 3.99571e-05 0.000521204 0.00108432 0.00173556 0.00246883 0.00330181 0.0042593 0.00531374 0.00648581 0.0077866 0.00919583 0.0107091 0.0123505 0.014081 0.0158938 0.0177765 0.0197149 0.0216809 0.0236535 0.0256102 0.0275348 0.0293726 0.031105 0.0327238 0.034172 0.0354246 0.036467 0.0372731 0.0378001 0.0380398 0.0379852 0.0376319 0.0369435 0.0359491 0.034657 0.0330568 0.0311647 0.0290028 0.0266027 0.0239682 0.0211117 0.0180715 0.0148794 0.0115152 0.00801626 0.00439973 0.000688359 -0.00311415 -0.0070132 -0.0109555 -0.0149302 -0.0189218 -0.0228996 -0.0267931 -0.0305208 -0.0339988 -0.0371325 -0.0397803 -0.041804 -0.0431154 -0.0436495 -0.0433949 -0.0423478 -0.0405968 -0.0382872 -0.0355952 -0.0327226 -0.029863 -0.0272578 -0.0250989 -0.0235215 -0.0225558 -0.0221601 -0.0222759 -0.0227953 -0.0236087 -0.0245606 -0.0255212 -0.0263888 -0.0270918 -0.027609 -0.0279056 -0.0279901 
0 0.00212981 0.00430232 0.00656752 0.00899529 0.0116005 0.0143473 0.0171453 0.0198718 0.0223996 0.0245759 0.0262368 0.0272307 0.0274632 0.0269029 0.0255954 0.0236478 0.0212429 0.0186288 0.0160404 0.0136981 0.0117496 0.0103211 0.00950234 0.00928982 0.0096338 0.0104053 0.0114784 0.012709 0.0139234 0.014977 0.0157583 0.0162004 0.0162479 0.015863 0.0150288 0.013782 0.0121313 0.0100921 0.00770988 0.00501947 0.00208373 -0.00107738 -0.00441566 -0.00786735 -0.0113882 -0.0149492 -0.0184959 -0.0219741 -0.0253495 -0.0285782 -0.0316298 -0.0344441 -0.0369998 -0.0392711 -0.0412278 -0.0428343 -0.0440925 -0.0449985 -0.0455294 -0.0457004 -0.0455309 -0.0450313 -0.0442116 -0.0431201 -0.0417712 -0.0402027 -0.0384443 -0.0365368 -0.0345107 -0.032402 -0.0302375 -0.0280599 -0.0258942 -0.023761 -0.0216969 -0.0197158 -0.017834 -0.0160672 -0.0144309 -0.0129202 -0.011549 -0.0103038 -0.00919029 -0.00820168 -0.00733438 -0.00656547 -0.00590159 -0.00532863 -0.00484218 -0.00442134 -0.00407066 -0.00377818 -0.00353856 -0.00333642 -0.00317971 -0.00305061 -0.00294828 -0.00286735 -0.00280645 -0.00275032 -0.00270915 -0.00266901 -0.00262829 -0.00258324 -0.00253558 -0.00246766 -0.00238893 -0.00228935 -0.00216549 -0.00200463 -0.00181425 -0.00158062 -0.00130192 -0.000960657 -0.000563486 -9.48422e-05 0.000448322 0.00108401 0.0018131 0.00265003 0.00359049 0.00465865 0.00585264 0.00717102 0.00861871 0.0102036 0.011902 0.0137157 0.0156425 0.0176548 0.0197381 0.0218779 0.0240521 0.0262293 0.0283915 0.0305042 0.0325502 0.0344816 0.036278 0.0379114 0.0393506 0.0405526 0.0415098 0.0421982 0.0425822 0.0426528 0.0424115 0.0418458 0.040937 0.0397145 0.0381766 0.0363352 0.0341975 0.0317909 0.0291401 0.0262566 0.0231493 0.0198564 0.0164018 0.0127716 0.00899904 0.00509206 0.00107058 -0.00306831 -0.00732411 -0.0116621 -0.016063 -0.0205142 -0.0249789 -0.029377 -0.0336279 -0.0376197 -0.041241 -0.0443308 -0.0467248 -0.04832 -0.0490283 -0.0488279 -0.0477264 -0.0458125 -0.0432572 -0.0402599 -0.0370523 -0.033876 -0.0309932 -0.0286323 -0.0269432 -0.0259648 -0.025663 -0.0259574 -0.026729 -0.0278408 -0.0291139 -0.030401 -0.0315769 -0.0325579 -0.0333115 -0.0337982 -0.0340233 
0 0.00258249 0.00521108 0.00794946 0.0108489 0.0139314 0.0171453 0.0203914 0.0235271 0.0264019 0.0288407 0.0306559 0.031693 0.0318284 0.0310502 0.0293906 0.0269912 0.0240687 0.0208709 0.0177083 0.0147849 0.0123181 0.0104441 0.00923624 0.00874217 0.00885498 0.00948533 0.0104694 0.0116374 0.0128264 0.0138625 0.0146316 0.0150547 0.0150746 0.0146408 0.0137757 0.01246 0.0107472 0.00865201 0.00619327 0.00345566 0.00044524 -0.00277588 -0.00617048 -0.00968658 -0.0132843 -0.0169081 -0.0205352 -0.024106 -0.0275735 -0.0309286 -0.034102 -0.0370724 -0.0397983 -0.0422605 -0.0444095 -0.0462479 -0.0477399 -0.0488778 -0.0496619 -0.0500759 -0.0501272 -0.0498344 -0.0492116 -0.0482616 -0.0470487 -0.0455675 -0.043856 -0.0419541 -0.0399038 -0.0377137 -0.0354518 -0.0331373 -0.0307925 -0.0284537 -0.0261629 -0.0239341 -0.0217875 -0.0197554 -0.0178415 -0.0160515 -0.0143998 -0.0129128 -0.0115576 -0.0103319 -0.00924037 -0.00829483 -0.00745638 -0.0067256 -0.00608827 -0.00555356 -0.0050928 -0.00470636 -0.00437571 -0.00411097 -0.00388641 -0.00370861 -0.00355898 -0.00344383 -0.0033436 -0.0032671 -0.00319309 -0.00313172 -0.00306354 -0.00299451 -0.00290864 -0.00281642 -0.00269274 -0.00254581 -0.00236093 -0.00214872 -0.00188264 -0.00156201 -0.00117415 -0.000739279 -0.000219605 0.000397118 0.00111349 0.00191309 0.00283579 0.00388776 0.00507156 0.00638103 0.00783563 0.00942663 0.011145 0.0129975 0.0149786 0.0170576 0.0192183 0.0214679 0.0237564 0.0260751 0.0284041 0.0307113 0.0329454 0.0351172 0.0371656 0.039069 0.0408014 0.042337 0.0436276 0.0446672 0.0454317 0.0458934 0.0460542 0.0458923 0.0454111 0.0446007 0.0434784 0.0420237 0.0402864 0.038253 0.0359387 0.0333783 0.0305804 0.0275562 0.0243318 0.0209267 0.0173417 0.0136167 0.00971392 0.00568295 0.00151293 -0.00281167 -0.00726407 -0.0118511 -0.0165426 -0.0213232 -0.0261491 -0.0309548 -0.0356188 -0.0400521 -0.0440875 -0.047555 -0.0502977 -0.0521408 -0.0530342 -0.0529012 -0.0517763 -0.0497616 -0.0470171 -0.0437962 -0.0403351 -0.0369309 -0.0338623 -0.0313847 -0.0296606 -0.0287431 -0.0286024 -0.0291369 -0.0302268 -0.0316881 -0.033348 -0.0350208 -0.0365651 -0.0378962 -0.0389377 -0.0396826 -0.0401004 
0 0.00303149 0.00611514 0.00932004 0.0126809 0.0162207 0.0198718 0.0235271 0.0270345 0.0302015 0.0328517 0.0347598 0.035771 0.0357644 0.0346928 0.0326449 0.0297415 0.0262475 0.0224489 0.0186333 0.0151065 0.0120557 0.00967011 0.0080425 0.00717097 0.00702473 0.00744995 0.00829722 0.00938426 0.010507 0.0115192 0.0122752 0.012686 0.0126929 0.0122662 0.0113942 0.0100971 0.0083968 0.00631477 0.00391333 0.00120687 -0.00174357 -0.00489299 -0.00820896 -0.0116432 -0.0151512 -0.0187081 -0.0222644 -0.0257732 -0.0292347 -0.0325569 -0.0357449 -0.0387624 -0.0415592 -0.0441244 -0.0464354 -0.0484464 -0.0501527 -0.0515383 -0.0525612 -0.0532623 -0.053599 -0.0535888 -0.0532347 -0.0525608 -0.0515515 -0.050265 -0.0487211 -0.0469458 -0.0449616 -0.0428238 -0.0405544 -0.0381662 -0.0357423 -0.0332955 -0.0308385 -0.0284083 -0.0260657 -0.0237742 -0.0216054 -0.0195692 -0.0176701 -0.0158806 -0.0142662 -0.0128045 -0.0114999 -0.0103086 -0.00926824 -0.00835621 -0.00757032 -0.00687226 -0.00628453 -0.00577401 -0.00535267 -0.0049915 -0.00469219 -0.00443795 -0.00424128 -0.00406462 -0.00392392 -0.00380297 -0.00369656 -0.00358721 -0.00349254 -0.00337788 -0.00325422 -0.00310442 -0.00293368 -0.0027215 -0.00247878 -0.00216569 -0.00180892 -0.00138949 -0.000902441 -0.000302503 0.000376329 0.00115321 0.00202842 0.00306716 0.00422243 0.00550586 0.00692725 0.00851873 0.0102208 0.0120833 0.0140778 0.0161802 0.0183722 0.020677 0.0230374 0.0254413 0.0278701 0.030291 0.0326681 0.0349781 0.0372145 0.0393095 0.0412502 0.0430093 0.044558 0.0458446 0.0469051 0.0476703 0.048146 0.0483277 0.0481926 0.0477428 0.0469977 0.0459362 0.0445818 0.0429603 0.0410381 0.0388754 0.0364626 0.0338195 0.0309679 0.0279269 0.0246988 0.0213092 0.0177577 0.0140405 0.0101794 0.00614919 0.00196073 -0.00239625 -0.00692475 -0.0116267 -0.0164818 -0.0214772 -0.0265647 -0.0316553 -0.0366685 -0.041436 -0.0458103 -0.049604 -0.0526072 -0.0546952 -0.0557277 -0.0556683 -0.05455 -0.0524522 -0.0495927 -0.0461966 -0.0425583 -0.0390041 -0.0358216 -0.0333016 -0.0316084 -0.0308099 -0.0308876 -0.031722 -0.0331723 -0.0350459 -0.0371329 -0.0392477 -0.0412231 -0.0429485 -0.0443571 -0.0454038 -0.0460791 
0 0.00346241 0.00698199 0.0106273 0.0144182 0.0183677 0.0223996 0.0264019 0.0302015 0.0335929 0.0363648 0.0382916 0.0392133 0.0389833 0.0375887 0.035085 0.0316469 0.0275585 0.0230987 0.0186393 0.014446 0.0107975 0.00788238 0.00577383 0.00453491 0.00406488 0.0042703 0.00496372 0.0059373 0.00700984 0.00800356 0.00877165 0.009212 0.00925987 0.00886822 0.00807501 0.00683152 0.00521161 0.00324216 0.000947372 -0.00159505 -0.00439437 -0.00736481 -0.0104832 -0.0137169 -0.0170371 -0.0203797 -0.0237398 -0.027075 -0.0303602 -0.0335691 -0.036654 -0.0396219 -0.0424117 -0.0450152 -0.0473823 -0.0495312 -0.0514096 -0.0529974 -0.0542935 -0.0552853 -0.0559242 -0.0562345 -0.0562249 -0.0558592 -0.0551891 -0.0542019 -0.0529214 -0.0513677 -0.0495806 -0.0475705 -0.0454122 -0.0430936 -0.040671 -0.0381752 -0.0356408 -0.0330975 -0.0305943 -0.0281339 -0.0257526 -0.0234682 -0.0212994 -0.0192848 -0.0174154 -0.0156792 -0.0140966 -0.0126904 -0.0114282 -0.0103047 -0.00930465 -0.0084476 -0.00770276 -0.00705597 -0.00649604 -0.0060366 -0.00563127 -0.00529758 -0.00501734 -0.00477882 -0.00456639 -0.00439899 -0.00422895 -0.00407413 -0.00392022 -0.00375546 -0.00356224 -0.00336361 -0.00311264 -0.00281862 -0.00247627 -0.00208371 -0.00160545 -0.00104667 -0.000393598 0.000340057 0.00119703 0.00219079 0.00331331 0.00455893 0.00595421 0.00750154 0.00920529 0.0110487 0.0130168 0.0151266 0.0173426 0.0196534 0.0220568 0.0245215 0.0269884 0.0294885 0.0319582 0.0343805 0.0367243 0.0389628 0.0410413 0.0429668 0.044673 0.0461692 0.047428 0.0484097 0.0491148 0.0495406 0.0496674 0.0494886 0.0490385 0.0482927 0.0472697 0.0459595 0.0444154 0.0426029 0.0405658 0.0383167 0.0358658 0.0332375 0.0304266 0.0274542 0.0243373 0.0210733 0.0176384 0.014088 0.0103526 0.00645953 0.00237622 -0.00192202 -0.00640723 -0.0111314 -0.0160598 -0.0211718 -0.0264143 -0.0317182 -0.0369531 -0.0419894 -0.0466152 -0.0506427 -0.0538857 -0.0561317 -0.0573006 -0.0572911 -0.0561649 -0.0540253 -0.0510541 -0.0475431 -0.0437773 -0.0401296 -0.0369049 -0.0343948 -0.0327837 -0.0321486 -0.0324759 -0.0336366 -0.0354817 -0.0377818 -0.0403368 -0.0429253 -0.0453685 -0.0475509 -0.0493609 -0.0507805 -0.0517601 
0 0.00384175 0.00774461 0.0117779 0.0159394 0.0202351 0.0245759 0.0288407 0.0328517 0.0363648 0.0391696 0.0410195 0.0417507 0.0412333 0.0394287 0.0364371 0.0324295 0.0277198 0.0226225 0.0174899 0.0126627 0.00840912 0.00495498 0.00239201 0.000751875 -1.40507e-05 -3.34312e-05 0.000512858 0.00140435 0.0024376 0.00344131 0.00425583 0.00476066 0.00488761 0.00461032 0.0039329 0.0028419 0.00137861 -0.000419175 -0.00250087 -0.00483408 -0.00739274 -0.0101008 -0.0129354 -0.0158741 -0.0188836 -0.0219325 -0.0249943 -0.0280497 -0.0310999 -0.0340765 -0.0369762 -0.0398035 -0.0425007 -0.0450589 -0.0474557 -0.0496718 -0.0516784 -0.0534449 -0.0549523 -0.056214 -0.0571673 -0.0578193 -0.0581712 -0.0581975 -0.057889 -0.0572665 -0.0563447 -0.0551256 -0.0536227 -0.0518777 -0.0499204 -0.0477416 -0.0454291 -0.0430082 -0.0404802 -0.0378943 -0.0353163 -0.0327214 -0.0301775 -0.0277185 -0.0253478 -0.0230697 -0.0209397 -0.0189581 -0.0171333 -0.0154512 -0.0139348 -0.0125791 -0.0113727 -0.0103043 -0.00937494 -0.00855609 -0.00785474 -0.00725658 -0.00673225 -0.00628448 -0.00591382 -0.00558003 -0.00528885 -0.0050411 -0.00480089 -0.00456637 -0.00434653 -0.00410313 -0.00383334 -0.00354218 -0.00320426 -0.00280762 -0.00235739 -0.00182156 -0.00120124 -0.00049215 0.000327305 0.0012833 0.00236153 0.00357139 0.00492138 0.0064474 0.00811506 0.00991889 0.0118733 0.0139754 0.0161715 0.0185009 0.0209211 0.0233871 0.0258984 0.0284534 0.0309753 0.033468 0.0358989 0.0382236 0.0404074 0.0424377 0.0442895 0.0459205 0.0473055 0.048451 0.0493285 0.0499034 0.0502231 0.0502592 0.0500063 0.0494795 0.0486913 0.0476435 0.0463566 0.044826 0.0431045 0.0411866 0.0390643 0.0367927 0.0343717 0.0318051 0.0291058 0.026289 0.0233578 0.0203013 0.017093 0.0137518 0.0102453 0.0065443 0.00262883 -0.00151664 -0.00589754 -0.0105515 -0.0154648 -0.0206091 -0.0259292 -0.0313471 -0.0367482 -0.0419533 -0.0467568 -0.0509596 -0.0543436 -0.0567262 -0.0579645 -0.0579903 -0.0568601 -0.0546664 -0.0516273 -0.0480118 -0.0441564 -0.0404464 -0.0371984 -0.034723 -0.0332042 -0.0327421 -0.0333254 -0.0348211 -0.0370624 -0.0398083 -0.0428384 -0.0459225 -0.0488616 -0.0515158 -0.0537703 -0.055579 -0.0568972 
0 0.0041497 0.00836489 0.0127024 0.0171503 0.0216922 0.0262368 0.0306559 0.0347598 0.0382916 0.0410195 0.0426964 0.0431537 0.042271 0.0400137 0.0364901 0.0318979 0.0265631 0.0208244 0.0150479 0.009599 0.00477571 0.000817227 -0.00217468 -0.00416936 -0.0052087 -0.00541956 -0.00498896 -0.00414985 -0.0031108 -0.00204834 -0.00113183 -0.000494383 -0.000214404 -0.000315522 -0.000799385 -0.00167973 -0.00292028 -0.00447303 -0.00628681 -0.00833403 -0.0105871 -0.0129754 -0.015471 -0.0180616 -0.0207183 -0.0234084 -0.0261112 -0.0288237 -0.0315496 -0.0342352 -0.0368829 -0.0395014 -0.0420445 -0.0444948 -0.0468364 -0.0490587 -0.0511317 -0.0530206 -0.0547139 -0.0562101 -0.0574439 -0.0584165 -0.0591262 -0.0595413 -0.0596448 -0.0594432 -0.0589363 -0.0581158 -0.0569873 -0.0555869 -0.0539367 -0.0520253 -0.049921 -0.0476518 -0.0452255 -0.0426938 -0.0401169 -0.0374823 -0.0348461 -0.0322464 -0.0297027 -0.0272345 -0.0248837 -0.0226531 -0.0205643 -0.0186248 -0.0168535 -0.015242 -0.0137855 -0.0124885 -0.011348 -0.0103329 -0.00945005 -0.00868892 -0.00801702 -0.00743517 -0.00694024 -0.00649231 -0.00609392 -0.00574471 -0.00540642 -0.00507575 -0.00475814 -0.00441557 -0.00404289 -0.00364384 -0.0031864 -0.00265779 -0.0020657 -0.00137773 -0.000580828 0.000327231 0.00135849 0.00253409 0.00385337 0.00532565 0.00694655 0.00873084 0.0106556 0.0127181 0.01492 0.0172422 0.0196372 0.022129 0.0246767 0.0272376 0.0298068 0.0323644 0.0348372 0.037227 0.0395052 0.0416261 0.0435593 0.045291 0.0467976 0.0480469 0.0490267 0.0497519 0.0502029 0.0503534 0.0502505 0.0498827 0.0492454 0.0483641 0.0472637 0.0459478 0.0444313 0.0427243 0.0408742 0.0388783 0.0367339 0.0344935 0.0321602 0.0297271 0.0271992 0.0245894 0.0218941 0.0190872 0.0161422 0.013068 0.00982667 0.00637306 0.0026785 -0.00127416 -0.00550079 -0.0100436 -0.0148947 -0.0200167 -0.0253543 -0.0308283 -0.036318 -0.0416303 -0.0465459 -0.0508574 -0.0543393 -0.0567948 -0.0580666 -0.0580888 -0.0569168 -0.0546551 -0.0515226 -0.0478037 -0.0438607 -0.0400915 -0.0368318 -0.0343886 -0.0329593 -0.0326572 -0.0334743 -0.0352797 -0.037888 -0.041051 -0.044533 -0.0480924 -0.0515151 -0.054639 -0.0573383 -0.0595475 -0.0612147 
0 0.00434582 0.00876403 0.0132917 0.017918 0.0225938 0.0272307 0.031693 0.035771 0.0392133 0.0417507 0.0431537 0.0432516 0.0419259 0.0391734 0.0350837 0.0299031 0.0239574 0.0175958 0.0112246 0.00519127 -0.000148021 -0.00455852 -0.00793355 -0.0102173 -0.0114801 -0.0118209 -0.0114459 -0.0105995 -0.00948869 -0.00830602 -0.00722654 -0.00639186 -0.005887 -0.00574893 -0.00596082 -0.00656366 -0.00751106 -0.00874918 -0.0102488 -0.0119555 -0.0138616 -0.0158931 -0.0180161 -0.0202232 -0.022503 -0.0248041 -0.027128 -0.0294815 -0.0318448 -0.0342128 -0.0365618 -0.0389159 -0.0412462 -0.0435355 -0.0457581 -0.0479333 -0.0500117 -0.0519568 -0.0537801 -0.0554499 -0.0569183 -0.0581752 -0.0592205 -0.059995 -0.0605069 -0.0607283 -0.0606591 -0.0602783 -0.0595939 -0.0586039 -0.0573362 -0.0557832 -0.0539805 -0.05196 -0.0497392 -0.0473594 -0.0448589 -0.0422693 -0.0396203 -0.0369568 -0.0342961 -0.0316921 -0.0291553 -0.0267138 -0.0243811 -0.0222004 -0.020165 -0.0182909 -0.0165665 -0.0150245 -0.0136378 -0.0124008 -0.0113019 -0.0103499 -0.00949592 -0.00875346 -0.00809812 -0.00751245 -0.00697523 -0.00649774 -0.00602961 -0.00558038 -0.00513151 -0.00466581 -0.00415731 -0.00362298 -0.00301275 -0.00232657 -0.00155069 -0.000679081 0.000329285 0.00146231 0.00274343 0.0041628 0.00574771 0.00748698 0.00938545 0.0114171 0.0135923 0.0158876 0.0182987 0.0207834 0.023332 0.0259256 0.0285276 0.0311 0.0336368 0.0360917 0.0384148 0.0406059 0.0426212 0.0444301 0.0460091 0.0473528 0.048427 0.0492411 0.049766 0.0500322 0.0500267 0.0497486 0.0492173 0.0484659 0.047476 0.0462712 0.0449017 0.0433606 0.0416627 0.039837 0.0379264 0.0359066 0.0338139 0.0316575 0.029456 0.0271993 0.0248752 0.0224993 0.0200648 0.0175273 0.0148565 0.0120686 0.00908953 0.00589509 0.00243358 -0.00131639 -0.00536579 -0.00977637 -0.0145362 -0.0196053 -0.0249268 -0.0304262 -0.0359554 -0.041332 -0.0463078 -0.0506674 -0.0541988 -0.0566598 -0.0579212 -0.0578953 -0.0566407 -0.0542884 -0.0510303 -0.0471942 -0.0431434 -0.0392903 -0.0359936 -0.0335433 -0.0321619 -0.0319671 -0.032959 -0.0350131 -0.0379285 -0.0414521 -0.0453364 -0.049324 -0.0531873 -0.0567456 -0.0598537 -0.0624369 -0.0644261 
0 0.0044243 0.00891663 0.0135159 0.018183 0.0228656 0.0274632 0.0318284 0.0357644 0.0389833 0.0412333 0.042271 0.0419259 0.040122 0.0368183 0.0321725 0.026409 0.0198668 0.0129485 0.00600251 -0.000529133 -0.0063306 -0.0111376 -0.0148047 -0.0173366 -0.0187324 -0.0191434 -0.0187598 -0.0178244 -0.0165716 -0.0151945 -0.0138707 -0.0127639 -0.0119704 -0.0115003 -0.0114073 -0.0116553 -0.0122574 -0.0131519 -0.0142721 -0.0156261 -0.017148 -0.0188007 -0.0205395 -0.0223667 -0.0242439 -0.0261747 -0.028118 -0.0300942 -0.0321152 -0.0341313 -0.0361688 -0.0382286 -0.0403068 -0.0423673 -0.044444 -0.0464899 -0.0485073 -0.0504612 -0.0523319 -0.0541082 -0.055759 -0.0572466 -0.0585555 -0.05968 -0.0605448 -0.0611695 -0.0615328 -0.0616137 -0.0613756 -0.0608638 -0.0600344 -0.0588972 -0.0574808 -0.0558179 -0.0538897 -0.0517494 -0.0494401 -0.0469728 -0.0443886 -0.0417483 -0.0390742 -0.0363667 -0.0336953 -0.0310963 -0.0285875 -0.0261631 -0.0238794 -0.0217421 -0.0197705 -0.0179476 -0.0162991 -0.0148024 -0.0134751 -0.0122806 -0.0112226 -0.0102713 -0.00943429 -0.00866321 -0.00796812 -0.00731421 -0.00669835 -0.00608387 -0.00548329 -0.0048498 -0.00418659 -0.00346058 -0.00267477 -0.0017888 -0.000807374 0.000312092 0.00155422 0.00293957 0.00447218 0.00618826 0.00804324 0.0100363 0.0121744 0.0144697 0.01686 0.0193359 0.0218941 0.0245044 0.0271213 0.0297387 0.0323246 0.0348141 0.0371996 0.039457 0.0415437 0.0434111 0.0450804 0.0464906 0.0476338 0.0485099 0.0491353 0.049453 0.049514 0.0493178 0.04886 0.0481552 0.0472488 0.0461365 0.044833 0.0433804 0.0417799 0.0400782 0.0382679 0.0363908 0.0344598 0.0325025 0.030484 0.0284609 0.026428 0.0243543 0.0222559 0.020122 0.0179383 0.01566 0.0132731 0.0107275 0.00802489 0.00506286 0.00181882 -0.00172032 -0.00562347 -0.00989747 -0.0145701 -0.019587 -0.0248884 -0.0303843 -0.0359444 -0.0413318 -0.0463294 -0.0507023 -0.0542018 -0.056647 -0.0578228 -0.0577104 -0.0563395 -0.0538323 -0.0504373 -0.0464305 -0.0422451 -0.0382719 -0.0348792 -0.032377 -0.0309696 -0.0308064 -0.0318828 -0.0340844 -0.0372038 -0.0409879 -0.0451743 -0.0495005 -0.0537239 -0.057639 -0.0611014 -0.0639991 -0.0662677 
0 0.00437245 0.00882088 0.0133445 0.0179325 0.0224804 0.0269029 0.0310502 0.0346928 0.0375887 0.0394287 0.0400137 0.0391734 0.0368183 0.032984 0.0277674 0.0214601 0.0143843 0.0069316 -0.000477532 -0.00746719 -0.0136414 -0.0187593 -0.0226753 -0.0253484 -0.0268335 -0.0272406 -0.026781 -0.0256991 -0.0242325 -0.0225824 -0.0209527 -0.0194983 -0.018327 -0.0174951 -0.0170028 -0.0168785 -0.017095 -0.0175926 -0.0183426 -0.0192995 -0.0204283 -0.0216974 -0.0230541 -0.0244914 -0.0260097 -0.0275542 -0.0291363 -0.0307641 -0.0324103 -0.0341021 -0.0358218 -0.0375751 -0.0393783 -0.0412063 -0.0430514 -0.0449363 -0.0468276 -0.0487044 -0.0505752 -0.0523955 -0.0541416 -0.0557869 -0.0573173 -0.058686 -0.0598847 -0.0608802 -0.0616409 -0.0621408 -0.0623784 -0.0623194 -0.0619619 -0.0613176 -0.0603549 -0.0590877 -0.0575481 -0.0557521 -0.0537073 -0.0514783 -0.0490713 -0.0465225 -0.043871 -0.0411868 -0.0384734 -0.0357612 -0.033077 -0.0304924 -0.0280026 -0.0256257 -0.0233776 -0.0212969 -0.0193686 -0.0176076 -0.015997 -0.0145448 -0.0132329 -0.012053 -0.0109737 -0.00999702 -0.00908865 -0.00823669 -0.00741818 -0.00662125 -0.00580997 -0.00498343 -0.0041095 -0.0031758 -0.00215221 -0.00103041 0.000214097 0.00157525 0.00309546 0.00477109 0.00659493 0.00854949 0.0106706 0.0129324 0.0153158 0.017776 0.0203316 0.0229542 0.0256084 0.028244 0.0308672 0.0334132 0.0358554 0.0381755 0.0403384 0.0422839 0.0440123 0.0454995 0.0467202 0.0476734 0.0483506 0.0487464 0.0488575 0.0487081 0.0482984 0.0476532 0.0467855 0.0457184 0.0444549 0.0430494 0.0415035 0.039838 0.0381071 0.0363115 0.0344543 0.0325843 0.030703 0.0288042 0.0269252 0.0250443 0.0231783 0.0213163 0.0194235 0.0175148 0.0155644 0.013519 0.0113637 0.00906671 0.00656815 0.00382301 0.000769544 -0.00262397 -0.0063878 -0.0105771 -0.0151805 -0.0201566 -0.0254412 -0.0309358 -0.0364827 -0.0418675 -0.0468438 -0.0511677 -0.0546213 -0.0569568 -0.0580307 -0.0577762 -0.056231 -0.0535595 -0.0499524 -0.0457668 -0.0413948 -0.0372471 -0.0337135 -0.0310642 -0.0295549 -0.0293085 -0.0303453 -0.032565 -0.0357469 -0.0396574 -0.0440151 -0.0485545 -0.0530216 -0.0571925 -0.0609094 -0.0640432 -0.0665144 
0 0.00420181 0.00846657 0.0128047 0.0171698 0.0214684 0.0255954 0.0293906 0.0326449 0.035085 0.0364371 0.0364901 0.0350837 0.0321725 0.0277674 0.0220227 0.0152027 0.00763891 -0.000244187 -0.00807 -0.0153989 -0.0218734 -0.0272347 -0.0313069 -0.0340853 -0.0355813 -0.0359357 -0.03535 -0.0340598 -0.0323209 -0.0303524 -0.028354 -0.0265047 -0.0249215 -0.0236487 -0.0227466 -0.0221838 -0.0219758 -0.0220676 -0.0224066 -0.0229819 -0.0237215 -0.024612 -0.0255974 -0.0266736 -0.0278099 -0.0290064 -0.0302422 -0.0315251 -0.0328514 -0.0342171 -0.0356296 -0.037082 -0.0386022 -0.0401569 -0.0417897 -0.0434614 -0.0451811 -0.0469402 -0.0487199 -0.0504941 -0.0522736 -0.0540074 -0.0556671 -0.0572498 -0.0586858 -0.0599753 -0.0610799 -0.06198 -0.0626356 -0.0630461 -0.0631534 -0.0629809 -0.0624939 -0.061711 -0.0606191 -0.0592324 -0.0575569 -0.0556358 -0.0534794 -0.0511428 -0.0486547 -0.0460297 -0.0433224 -0.040587 -0.0378493 -0.0351254 -0.0324559 -0.0298702 -0.0274119 -0.0250649 -0.022857 -0.0208056 -0.0189169 -0.0171623 -0.0155728 -0.0141075 -0.0127624 -0.0115213 -0.0103718 -0.00926231 -0.00821256 -0.00717131 -0.00612275 -0.00504525 -0.00392726 -0.00271492 -0.00142975 -3.03775e-05 0.00150187 0.00317661 0.00497634 0.00693082 0.00902737 0.0112734 0.0136338 0.0160906 0.0186444 0.0212818 0.0239473 0.0266169 0.0292699 0.0318645 0.0343789 0.0367613 0.0389876 0.0410143 0.0428215 0.0443786 0.0456968 0.0467151 0.0474627 0.0479177 0.0480899 0.0479842 0.0476358 0.0470167 0.0461853 0.0451384 0.0438961 0.0425064 0.0409825 0.0393477 0.037634 0.035865 0.0340428 0.0322197 0.0303768 0.0285612 0.0267558 0.0249847 0.0232323 0.0215085 0.0198092 0.018116 0.016424 0.0147134 0.0129608 0.0111159 0.0091654 0.00703164 0.00470667 0.00209834 -0.000831288 -0.00410975 -0.00780894 -0.0119303 -0.0164953 -0.0214534 -0.0267301 -0.0322154 -0.03775 -0.0430907 -0.0480133 -0.0522572 -0.0555834 -0.057794 -0.058694 -0.0582659 -0.056525 -0.053624 -0.0498031 -0.0453733 -0.040773 -0.0363931 -0.0326212 -0.0297535 -0.02802 -0.0275758 -0.0284377 -0.0305199 -0.0336195 -0.0374957 -0.0418743 -0.0464777 -0.0510437 -0.055337 -0.0591829 -0.0624375 -0.0650073 
0 0.00392991 0.00791598 0.0119513 0.0159922 0.0199271 0.0236478 0.0269912 0.0297415 0.0316469 0.0324295 0.0318979 0.0299031 0.026409 0.0214601 0.0152027 0.00791784 -6.88632e-05 -0.00833799 -0.0164897 -0.0240989 -0.0307944 -0.0363213 -0.0404979 -0.0433064 -0.0447694 -0.0450256 -0.0442754 -0.0427469 -0.0407052 -0.0383758 -0.0359796 -0.0336937 -0.0316474 -0.029916 -0.0285535 -0.0275473 -0.0269013 -0.0265701 -0.0265105 -0.0266964 -0.027054 -0.0275813 -0.028221 -0.028956 -0.0297639 -0.030628 -0.0315456 -0.0325098 -0.0335129 -0.0345732 -0.0356961 -0.0368635 -0.0381091 -0.0394083 -0.0407889 -0.0422294 -0.0437381 -0.0453247 -0.0469707 -0.0486513 -0.0503762 -0.0521107 -0.0538229 -0.0555084 -0.0571198 -0.0586456 -0.0600263 -0.0612451 -0.062276 -0.0630862 -0.0636329 -0.0639398 -0.0639411 -0.0636297 -0.0630182 -0.0620978 -0.0608574 -0.0593382 -0.0575403 -0.0554861 -0.0532186 -0.0507771 -0.0481991 -0.0455071 -0.0427469 -0.0399697 -0.0372014 -0.0344591 -0.0317986 -0.02922 -0.0267524 -0.0244225 -0.0222292 -0.0201595 -0.0182566 -0.0164793 -0.0148165 -0.0132726 -0.011824 -0.0104181 -0.00907789 -0.00775049 -0.00640286 -0.00502956 -0.00361169 -0.00208944 -0.000484827 0.001232 0.00308133 0.00505963 0.00716172 0.00941301 0.0117715 0.0142343 0.0168002 0.019444 0.0221256 0.0248254 0.0275146 0.0301677 0.0327362 0.0351818 0.0374865 0.0395905 0.0414775 0.0431378 0.04453 0.0456235 0.046454 0.0469775 0.047212 0.047172 0.0468653 0.0462866 0.04548 0.0444464 0.043234 0.0418466 0.0403208 0.038695 0.0369735 0.0351877 0.0333783 0.0315535 0.0297251 0.0279271 0.0261443 0.0244117 0.0227031 0.0210442 0.0194334 0.0178576 0.0163113 0.0147898 0.0132631 0.0117156 0.0101155 0.00841845 0.00660868 0.00460211 0.00237917 -0.000135934 -0.00299202 -0.00622901 -0.00990075 -0.0140157 -0.0185758 -0.0235383 -0.0288215 -0.0342974 -0.0398008 -0.0450885 -0.0499327 -0.0540634 -0.0572443 -0.0592712 -0.0599712 -0.0593158 -0.0573224 -0.0541553 -0.0500495 -0.0453399 -0.0404471 -0.0357666 -0.0316892 -0.0285026 -0.0264527 -0.0256855 -0.0262343 -0.0280291 -0.0308774 -0.0345541 -0.03878 -0.0432795 -0.0477834 -0.0520457 -0.0558808 -0.0591265 -0.0616791 
0 0.00357969 0.00720835 0.0108597 0.0144999 0.0179983 0.0212429 0.0240687 0.0262475 0.0275585 0.0277198 0.0265631 0.0239574 0.0198668 0.0143843 0.00763891 -6.88632e-05 -0.00842126 -0.0170184 -0.0254217 -0.0332444 -0.0400962 -0.0457306 -0.0499701 -0.0527646 -0.0541633 -0.0542896 -0.0533477 -0.0515595 -0.0491966 -0.0464946 -0.0436956 -0.040973 -0.0384602 -0.0362708 -0.0344358 -0.0329802 -0.0318858 -0.0311247 -0.0306734 -0.0304798 -0.0304814 -0.0306677 -0.03099 -0.0314076 -0.0319154 -0.0324745 -0.0331076 -0.0337925 -0.0345085 -0.0352953 -0.0361447 -0.0370412 -0.0380115 -0.0390618 -0.0401901 -0.0414015 -0.0426869 -0.0440698 -0.0455325 -0.047058 -0.0486602 -0.0503219 -0.0520141 -0.0537126 -0.0554048 -0.0570606 -0.058629 -0.0600865 -0.0614285 -0.0625773 -0.0635093 -0.0642345 -0.0646907 -0.0648475 -0.064729 -0.0642986 -0.0635309 -0.0624605 -0.0610879 -0.0594174 -0.0574736 -0.0553004 -0.0529248 -0.050375 -0.047693 -0.0449411 -0.0421257 -0.0392887 -0.0364821 -0.0337186 -0.0310125 -0.0284194 -0.0259249 -0.02354 -0.0212981 -0.0191798 -0.0171599 -0.0152704 -0.0134674 -0.0117155 -0.0100228 -0.00835368 -0.00665041 -0.00492954 -0.00315306 -0.00127975 0.000680548 0.00273728 0.00492901 0.00722073 0.00961656 0.0121304 0.0147309 0.0173858 0.0201067 0.0228532 0.0255895 0.0282852 0.0309189 0.0334442 0.0358156 0.0380053 0.0400011 0.0417401 0.0432073 0.0444158 0.0453205 0.045912 0.0462321 0.0462571 0.0459787 0.0454519 0.0446785 0.0436667 0.0424543 0.041078 0.0395508 0.0378954 0.0361553 0.0343671 0.0325265 0.0306715 0.0288375 0.0270114 0.025219 0.02347 0.0217719 0.0201368 0.0185461 0.0170083 0.0155424 0.014101 0.0126857 0.0113064 0.00990994 0.00848916 0.00700023 0.00540907 0.00368221 0.00174879 -0.000438688 -0.00291821 -0.00575494 -0.00900059 -0.0126793 -0.0168213 -0.0214005 -0.0263899 -0.0316954 -0.0371727 -0.0426419 -0.0478697 -0.0526139 -0.056599 -0.0596002 -0.0613955 -0.0618587 -0.0609315 -0.0586448 -0.0551738 -0.0507367 -0.0457047 -0.0404597 -0.0354089 -0.0309423 -0.0273379 -0.0248622 -0.0236455 -0.0237439 -0.0251018 -0.0275425 -0.0308585 -0.0347681 -0.0390009 -0.0432837 -0.0473638 -0.0510443 -0.054149 -0.056564 
0 0.00321538 0.00644642 0.00969986 0.0128814 0.0159072 0.0186288 0.0208709 0.0224489 0.0230987 0.0226225 0.0208244 0.0175958 0.0129485 0.0069316 -0.000244187 -0.00833799 -0.0170184 -0.0258688 -0.0344991 -0.0424666 -0.0494395 -0.0551492 -0.0594094 -0.0621816 -0.063492 -0.0634823 -0.0623481 -0.0603091 -0.0576246 -0.0545742 -0.0513725 -0.0482255 -0.0452761 -0.0426193 -0.0403584 -0.0384627 -0.0369466 -0.0357919 -0.0349577 -0.0344085 -0.0340762 -0.033938 -0.0339606 -0.034111 -0.0343285 -0.0346384 -0.0350167 -0.0354404 -0.035913 -0.0364422 -0.0370372 -0.0376877 -0.0384073 -0.0391952 -0.0400966 -0.0410584 -0.0421105 -0.043281 -0.0445396 -0.0458703 -0.047314 -0.048842 -0.0504212 -0.052071 -0.0537486 -0.0554424 -0.057106 -0.0587287 -0.0602642 -0.0616873 -0.0629394 -0.0640205 -0.0648729 -0.065481 -0.0658178 -0.065862 -0.0655926 -0.0650066 -0.0640936 -0.0628664 -0.0613406 -0.0595136 -0.0574273 -0.0551115 -0.0526152 -0.0499562 -0.047174 -0.0443087 -0.0414297 -0.0385173 -0.0356221 -0.0327845 -0.03002 -0.0273152 -0.0247348 -0.0222438 -0.0198502 -0.0175593 -0.0153607 -0.0131975 -0.0111023 -0.00901562 -0.00691188 -0.00477883 -0.00260639 -0.000332314 0.00199996 0.00442028 0.00694282 0.00955672 0.0122197 0.0149641 0.0177505 0.0205653 0.0233681 0.0261367 0.0288357 0.0314508 0.0339143 0.0361985 0.0382777 0.040124 0.041704 0.0429958 0.0439978 0.0446957 0.0450823 0.0451657 0.0449782 0.04449 0.0437477 0.0427683 0.0415784 0.0401901 0.0386601 0.0369905 0.0352398 0.0334072 0.0315314 0.0296568 0.0277763 0.0259006 0.0240802 0.0223111 0.0205643 0.0189016 0.0173031 0.0157671 0.0142827 0.0128744 0.0115148 0.0101971 0.00889882 0.00761129 0.00632629 0.00497836 0.00355226 0.00201997 0.000335908 -0.00158178 -0.00374811 -0.00623576 -0.0090885 -0.0123554 -0.0160965 -0.0202739 -0.0249066 -0.0299423 -0.0352734 -0.0407546 -0.046185 -0.0513343 -0.0559598 -0.0597824 -0.0625549 -0.064107 -0.0642759 -0.0630397 -0.0604258 -0.0565841 -0.0518006 -0.0463789 -0.0407417 -0.0352683 -0.0303277 -0.0262474 -0.0232331 -0.021465 -0.020985 -0.0217543 -0.0236465 -0.0264306 -0.0298708 -0.0336797 -0.0375912 -0.0413613 -0.0447584 -0.0476195 -0.0498004 
