0 0 0 0 0 0 0 0 0 0 0 0 0 0 0 0 0 0 0 0 0 0 0 0 0 0 0 0 0 0 0 0 0 0 0 0 0 0 0 0 0 0 0 0 0 0 0 0 0 0 0 0 0 0 0 0 0 0 0 0 0 0 0 0 0 0 0 0 0 0 0 0 0 0 0 0 0 0 0 0 0 0 0 0 0 0 0 0 0 0 0 0 0 0 0 0 0 0 0 0 0 0 0 0 0 0 0 0 0 0 0 0 0 0 0 0 0 0 0 0 0 0 0 0 0 0 0 0 0 0 0 0 0 0 0 0 0 0 0 0 0 0 0 0 0 0 0 0 0 0 0 0 0 0 0 0 0 0 0 0 0 0 0 0 0 0 0 0 0 0 0 0 0 0 0 0 0 0 0 0 0 0 0 0 0 0 0 0 0 0 0 0 0 0 0 0 0 0 0 0 
0 2.95662e-05 5.25921e-05 6.47624e-05 9.1467e-05 0.000112599 0.000128422 0.000130222 0.000125407 0.000132803 0.000126963 0.000118201 9.97079e-05 8.42018e-05 7.92545e-05 6.29268e-05 5.72325e-05 5.31386e-05 5.96393e-05 8.06975e-05 0.000102931 0.000147897 0.000191348 0.000240798 0.000308612 0.000388677 0.000495105 0.000606143 0.000742231 0.000915061 0.0011153 0.0013456 0.00159363 0.00184667 0.00207973 0.00226755 0.00239026 0.00243011 0.00234508 0.00213774 0.00180991 0.00137245 0.000856782 0.00029669 -0.000258183 -0.00078518 -0.00124354 -0.00161293 -0.0018633 -0.00200949 -0.00203966 -0.00195877 -0.00180278 -0.00157896 -0.00130676 -0.0010111 -0.00071004 -0.000405189 -0.000123137 0.000152608 0.000394636 0.000625571 0.000843677 0.00104359 0.0012418 0.00145168 0.0016575 0.00188359 0.00214152 0.00241156 0.00271766 0.00305246 0.00341218 0.00378695 0.00419659 0.00461585 0.00505377 0.00550246 0.00596473 0.00640423 0.00684468 0.00726078 0.00763734 0.00797098 0.00826272 0.00846751 0.00860806 0.00867622 0.00865176 0.00853603 0.0083374 0.00802736 0.0076188 0.00712094 0.00653572 0.00586523 0.00511483 0.00430319 0.00346435 0.00258825 0.00167117 0.000748769 -0.000163709 -0.00107766 -0.00198273 -0.00286756 -0.00371033 -0.00449813 -0.0052376 -0.00591774 -0.00650815 -0.00702856 -0.00747096 -0.00782098 -0.00809506 -0.00830767 -0.0084264 -0.00847827 -0.00846256 -0.00837674 -0.00822472 -0.00803351 -0.00778104 -0.00749336 -0.00717126 -0.00683279 -0.0064676 -0.00610624 -0.00573824 -0.00537027 -0.00500533 -0.00466538 -0.00432755 -0.00402176 -0.00375382 -0.00350772 -0.00330408 -0.00314931 -0.00302726 -0.0029506 -0.00293008 -0.00293919 -0.00299993 -0.00309139 -0.00321903 -0.00336425 -0.00352033 -0.00366885 -0.00379542 -0.00386049 -0.00385762 -0.00376358 -0.00355135 -0.00323298 -0.00281043 -0.00230157 -0.00172309 -0.00112747 -0.000535204 7.52467e-06 0.000469046 0.000816017 0.00103096 0.00112899 0.00110989 0.000999881 0.000837487 0.000647528 0.000444948 0.000261163 0.000104005 -4.85411e-06 -7.98331e-05 -0.00012806 -0.000140062 -0.000150427 -0.000147194 -0.000140768 -0.000130577 -0.000117379 -0.000130398 -0.000144894 -0.000163562 -0.000185475 -0.00020801 -0.000244095 -0.000270534 -0.000297749 -0.000323968 -0.000344294 -0.000368315 -0.000383421 -0.000401851 -0.00041236 -0.000414461 -0.000418929 -0.000422514 -0.000433286 -0.000436617 -0.000438039 
0 5.25921e-05 8.4075e-05 0.000115023 0.000152759 0.000200416 0.000231257 0.000234043 0.000242407 0.000248998 0.000258065 0.000240449 0.00021059 0.000196218 0.000173976 0.00016329 0.00013654 0.000130222 0.000140955 0.000158843 0.000214047 0.000277644 0.00037121 0.000469156 0.000599657 0.000776295 0.000982278 0.00121576 0.00149023 0.00183424 0.00223281 0.00269473 0.00317734 0.00368893 0.00414874 0.00451922 0.00478181 0.00484395 0.00469605 0.00427817 0.00362545 0.00276378 0.00172954 0.000614842 -0.000491447 -0.00155087 -0.00247634 -0.00320914 -0.00373775 -0.00401657 -0.00408412 -0.00392073 -0.00358977 -0.00313741 -0.0025891 -0.00198981 -0.00139468 -0.000800761 -0.000223529 0.000305814 0.000805477 0.0012741 0.00171516 0.00212201 0.00254212 0.00295604 0.00338988 0.00385928 0.00436766 0.00491239 0.00551774 0.00616455 0.00687031 0.00762916 0.00842449 0.00926565 0.0101287 0.0110007 0.0118857 0.0127616 0.0136008 0.0144073 0.0151344 0.0157763 0.0163137 0.0167308 0.0170092 0.0171353 0.0170742 0.0168503 0.0164322 0.0158177 0.0150289 0.0140548 0.012869 0.01155 0.0101078 0.00852927 0.00683973 0.00509179 0.00329981 0.00149405 -0.000346571 -0.00218105 -0.0039529 -0.00566469 -0.00733854 -0.00890239 -0.0103468 -0.0116656 -0.0128398 -0.0138565 -0.0147296 -0.0154318 -0.0159835 -0.0163709 -0.0166068 -0.0167103 -0.0166828 -0.0165122 -0.0162446 -0.0158614 -0.0153799 -0.0148365 -0.0142311 -0.0135657 -0.0128784 -0.0121632 -0.0114351 -0.0107196 -0.0100165 -0.00934576 -0.00870634 -0.00811484 -0.00757758 -0.00710615 -0.00669826 -0.00638451 -0.00614268 -0.00599075 -0.00592155 -0.00594949 -0.00604719 -0.00622671 -0.00648553 -0.00677882 -0.00708921 -0.00740063 -0.00764002 -0.00776151 -0.00775522 -0.00753576 -0.00711597 -0.00646573 -0.00561694 -0.00460087 -0.00345089 -0.00225247 -0.00108608 3.84008e-06 0.000922837 0.00160224 0.00205066 0.00223147 0.0022099 0.00199639 0.00167586 0.00130631 0.000903204 0.000530511 0.000215319 -1.45661e-05 -0.000180307 -0.00027305 -0.000321773 -0.000329216 -0.000330102 -0.000314602 -0.00027468 -0.000258808 -0.000254813 -0.000286735 -0.000311515 -0.000344679 -0.00039951 -0.000458161 -0.000527249 -0.000581538 -0.000641329 -0.000693194 -0.000739701 -0.000782029 -0.000817521 -0.000843574 -0.000850338 -0.000856347 -0.000863612 -0.000875247 -0.000875861 -0.000871567 
0 6.47624e-05 0.000115023 0.000141413 0.00020412 0.000262709 0.000311948 0.000331475 0.000340107 0.000376429 0.000382266 0.000372966 0.000336538 0.000305321 0.000293222 0.00025382 0.000230357 0.00021006 0.000215575 0.000257042 0.000313985 0.000430117 0.000557863 0.000710303 0.000916668 0.00116775 0.00148739 0.00183137 0.00224552 0.00276215 0.00336151 0.00404458 0.00477728 0.00552224 0.00620729 0.00676117 0.00712654 0.00724123 0.00700134 0.00639645 0.00543394 0.00414636 0.0026172 0.000951356 -0.000714035 -0.00229904 -0.00368576 -0.00480196 -0.00556807 -0.0060035 -0.00608734 -0.00583606 -0.0053463 -0.00465732 -0.00382869 -0.00293516 -0.00203136 -0.00112862 -0.000284665 0.000530937 0.00126777 0.00197662 0.00265774 0.00330037 0.00394349 0.00461188 0.00527283 0.00597817 0.00675329 0.00756041 0.00845381 0.00942297 0.0104629 0.0115536 0.0127326 0.0139449 0.015198 0.0164695 0.0177581 0.0189816 0.0201847 0.0213165 0.0223391 0.0232453 0.0240317 0.0245962 0.0249761 0.0251459 0.0250525 0.0246962 0.0240906 0.0231781 0.0219915 0.0205541 0.0188711 0.0169541 0.0148143 0.0124899 0.0100567 0.00750191 0.00482775 0.00212514 -0.000560214 -0.00323528 -0.00586189 -0.00840785 -0.0108251 -0.0130806 -0.0151885 -0.0171251 -0.0188236 -0.0203203 -0.0215947 -0.0226098 -0.0234008 -0.0239965 -0.0243343 -0.0244796 -0.0244394 -0.0242129 -0.0238197 -0.0233156 -0.0226551 -0.0218944 -0.0210352 -0.0201132 -0.0191153 -0.018109 -0.01708 -0.0160506 -0.0150352 -0.0140827 -0.0131491 -0.0122979 -0.0115409 -0.0108441 -0.0102519 -0.00978249 -0.00940428 -0.00915183 -0.00905297 -0.00905864 -0.00921334 -0.00947529 -0.00984874 -0.0102821 -0.0107456 -0.0111853 -0.0115444 -0.0117195 -0.0116814 -0.0113624 -0.0107007 -0.00972177 -0.00844096 -0.00691087 -0.00518993 -0.00341617 -0.00166505 -5.74711e-05 0.00130893 0.00234164 0.00299747 0.00330438 0.00327387 0.00297487 0.00251233 0.00195825 0.00136064 0.000803764 0.000322829 -2.75217e-05 -0.000275359 -0.000434496 -0.000492756 -0.000526847 -0.000521519 -0.000497884 -0.000457213 -0.00041078 -0.000422603 -0.000444046 -0.000476323 -0.000522284 -0.000581318 -0.000680134 -0.000767725 -0.000860852 -0.000953545 -0.00103161 -0.0011138 -0.00117337 -0.0012363 -0.00127583 -0.00128991 -0.00130282 -0.00130943 -0.00132466 -0.00131517 -0.00130315 
0 9.1467e-05 0.000152759 0.00020412 0.00027119 0.000352321 0.000409798 0.000428057 0.000449587 0.000473851 0.000491858 0.000469445 0.000424629 0.000398983 0.000370935 0.000351023 0.000315594 0.000305387 0.000325027 0.000367555 0.000465641 0.000596641 0.000775263 0.000978182 0.0012435 0.0015895 0.00200018 0.00246728 0.00302039 0.00370319 0.00449872 0.00540848 0.00636914 0.00736292 0.00826433 0.00899139 0.00948555 0.00960579 0.00929642 0.00847697 0.00718946 0.00548604 0.00345281 0.00125233 -0.000946992 -0.00304197 -0.00487728 -0.00633795 -0.00737487 -0.00793081 -0.00804392 -0.00771023 -0.00703814 -0.00611411 -0.00500566 -0.0038006 -0.00259043 -0.00138983 -0.000229679 0.00085483 0.00187775 0.0028502 0.00377927 0.00465937 0.00555376 0.00644663 0.00736352 0.00833153 0.00936038 0.0104436 0.0116183 0.0128662 0.0142062 0.0156292 0.0171197 0.018674 0.0202585 0.0218495 0.0234419 0.0249939 0.0264757 0.0278789 0.029141 0.03025 0.0311755 0.0318774 0.0323297 0.0325032 0.0323411 0.0318658 0.0310412 0.0298582 0.0283473 0.0265033 0.0243006 0.0218315 0.0191121 0.0161368 0.012949 0.00961873 0.00617892 0.00269402 -0.000832054 -0.00433046 -0.00771463 -0.0109685 -0.0141007 -0.0170199 -0.0197143 -0.0221707 -0.0243569 -0.0262598 -0.027889 -0.0292047 -0.0302334 -0.0309663 -0.0314151 -0.0316174 -0.0315864 -0.0313163 -0.0308685 -0.0302358 -0.0294351 -0.0285158 -0.0274815 -0.0263406 -0.0251382 -0.0238833 -0.0225976 -0.0213197 -0.0200595 -0.0188502 -0.0176889 -0.0166067 -0.0156154 -0.0147263 -0.0139483 -0.013325 -0.0128324 -0.0125026 -0.0123397 -0.0123551 -0.0125256 -0.0128589 -0.0133415 -0.0139026 -0.0144995 -0.0150803 -0.0155262 -0.0157414 -0.0156817 -0.015222 -0.0143509 -0.0130395 -0.0113372 -0.00930606 -0.00702674 -0.00465601 -0.00233872 -0.000187931 0.00163384 0.00300374 0.00390716 0.00430929 0.00429592 0.00391691 0.00331514 0.00259688 0.00181472 0.00107811 0.000446685 -2.89432e-05 -0.000371443 -0.000577635 -0.00068465 -0.000719194 -0.000726092 -0.000700114 -0.000638577 -0.000603287 -0.000597433 -0.000637981 -0.000674943 -0.000727852 -0.000815599 -0.000923383 -0.00104761 -0.00115909 -0.00127529 -0.00137741 -0.00146909 -0.00155087 -0.00162299 -0.00167722 -0.00170186 -0.00172029 -0.00173911 -0.00175828 -0.00175223 -0.00173856 
0 0.000112599 0.000200416 0.000262709 0.000352321 0.000440792 0.000505888 0.000532071 0.000546477 0.000577841 0.000583111 0.000557771 0.000505623 0.000466058 0.000445842 0.000416257 0.000397305 0.000396665 0.000433986 0.000514235 0.000635764 0.000817307 0.00103386 0.00129011 0.00162036 0.00203472 0.00254061 0.0031164 0.00380616 0.00465417 0.00564826 0.00677457 0.00797993 0.00919964 0.0103164 0.0112159 0.0117996 0.0119443 0.0115295 0.0105074 0.00890121 0.00677753 0.00426323 0.00154101 -0.00118717 -0.00376726 -0.00602514 -0.00782937 -0.00908455 -0.00977348 -0.0098951 -0.0094806 -0.00865018 -0.0074949 -0.00610784 -0.00459987 -0.00305995 -0.00152703 -5.65183e-05 0.00134585 0.00265394 0.00390219 0.00509845 0.00624237 0.00738173 0.00853661 0.00970023 0.0109176 0.012211 0.0135611 0.015006 0.0165392 0.0181551 0.0198376 0.0216005 0.0234082 0.0252462 0.0270936 0.0289353 0.0307031 0.0324035 0.0339946 0.0354223 0.0366678 0.0377053 0.038451 0.0389069 0.0390425 0.0388025 0.0381841 0.0371804 0.0357508 0.0339198 0.031703 0.0291015 0.026147 0.0228591 0.019276 0.0154723 0.0114746 0.00731541 0.00309338 -0.00113192 -0.00532306 -0.00941206 -0.0133496 -0.0170852 -0.0205636 -0.0237795 -0.0267063 -0.0292915 -0.0315504 -0.033472 -0.0350267 -0.0362465 -0.0371493 -0.0377063 -0.0379719 -0.0379644 -0.03769 -0.0371893 -0.0365028 -0.0356179 -0.0345873 -0.0334258 -0.0321593 -0.0308026 -0.0294023 -0.0279616 -0.0265064 -0.0250593 -0.0236597 -0.0222938 -0.0210153 -0.019845 -0.0187738 -0.017843 -0.0170829 -0.0164782 -0.0160658 -0.0158697 -0.0158668 -0.0160739 -0.0164668 -0.0170283 -0.0176923 -0.0184007 -0.0190748 -0.019602 -0.0198509 -0.0197453 -0.0191748 -0.018071 -0.0164388 -0.0143154 -0.0117796 -0.00894436 -0.00599749 -0.00310007 -0.000426786 0.00184756 0.00358019 0.00471235 0.0052525 0.00525102 0.00480946 0.0040839 0.00319775 0.00224365 0.00133898 0.000561061 -3.0002e-05 -0.000451885 -0.000719096 -0.000850324 -0.00091346 -0.000927396 -0.000906407 -0.00085903 -0.000819661 -0.000835351 -0.000878127 -0.000929011 -0.00099482 -0.00108481 -0.0012121 -0.00134072 -0.00147061 -0.00159808 -0.0017094 -0.00181553 -0.00190356 -0.00199033 -0.00205364 -0.00209133 -0.00212319 -0.00215198 -0.00218424 -0.00218459 -0.00217765 
0 0.000128422 0.000231257 0.000311948 0.000409798 0.000505888 0.000574521 0.000605755 0.000624022 0.000652435 0.000660165 0.000635016 0.000587248 0.000551026 0.000533842 0.00051618 0.00050924 0.00052641 0.00058493 0.000689586 0.000842417 0.00105312 0.00130742 0.00161295 0.00200175 0.00249259 0.00308861 0.00378204 0.00461315 0.00562436 0.00681274 0.00815361 0.009589 0.0110336 0.0123563 0.0134205 0.014099 0.0142472 0.0137339 0.0125018 0.010576 0.00804366 0.00505766 0.00183229 -0.00140229 -0.00445005 -0.00711582 -0.00924189 -0.010724 -0.0115289 -0.0116591 -0.0111627 -0.0101595 -0.00876604 -0.00709625 -0.00527334 -0.00339928 -0.0015317 0.000277275 0.00200383 0.00363113 0.00517996 0.00665875 0.0080775 0.00947896 0.0108866 0.01231 0.0137855 0.0153315 0.0169406 0.0186333 0.0204065 0.0222522 0.0241578 0.0261227 0.0281216 0.0301355 0.0321464 0.0341352 0.0360529 0.0378832 0.0395844 0.0411019 0.0424047 0.0434579 0.0442002 0.0446141 0.0446672 0.0443157 0.0435507 0.0423582 0.040711 0.0386179 0.0360819 0.0331055 0.0297264 0.0259744 0.0218848 0.0175236 0.0129451 0.00820433 0.0033838 -0.00145547 -0.00625081 -0.0109232 -0.0154176 -0.0196826 -0.0236556 -0.0273087 -0.0306133 -0.0335337 -0.0360753 -0.0382351 -0.0399988 -0.0413891 -0.0424206 -0.0430893 -0.0434343 -0.0434757 -0.0432262 -0.0427251 -0.0420078 -0.041087 -0.0400088 -0.038797 -0.0374731 -0.0360581 -0.0345838 -0.0330601 -0.0315098 -0.0299569 -0.0284299 -0.0269346 -0.0255137 -0.0241941 -0.0229866 -0.0219302 -0.0210574 -0.0203697 -0.0198967 -0.0196604 -0.0196516 -0.0198748 -0.0203155 -0.0209455 -0.021698 -0.0225016 -0.02326 -0.0238408 -0.0241029 -0.0239373 -0.0232255 -0.0218913 -0.0199305 -0.0173877 -0.014354 -0.0109714 -0.00744582 -0.00397903 -0.000778512 0.00194914 0.00404133 0.00542379 0.00610069 0.00613461 0.00564879 0.00481433 0.00377964 0.00266531 0.00159901 0.00067832 -3.77029e-05 -0.00055333 -0.000886363 -0.001067 -0.00115651 -0.00118599 -0.00116995 -0.00112458 -0.0010892 -0.00110321 -0.0011488 -0.00120535 -0.00127643 -0.00137415 -0.00150457 -0.00164276 -0.001783 -0.00191985 -0.00204447 -0.00216007 -0.00226306 -0.00236051 -0.00243486 -0.00248639 -0.00252944 -0.00257047 -0.00260864 -0.0026174 -0.00261474 
0 0.000130222 0.000234043 0.000331475 0.000428057 0.000532071 0.000605755 0.000646093 0.000680189 0.000707837 0.00073184 0.00071575 0.000684109 0.000662549 0.000646563 0.000649703 0.000651067 0.000687565 0.000766375 0.000887845 0.00107531 0.00130614 0.00160013 0.00195568 0.0024023 0.00297358 0.00365724 0.00447376 0.00545005 0.00662493 0.00800476 0.00955615 0.0112081 0.0128653 0.0143757 0.0155866 0.0163497 0.0164848 0.015877 0.0144416 0.0122116 0.00929385 0.00585822 0.00215199 -0.00157052 -0.00507185 -0.00813403 -0.0105663 -0.0122716 -0.0131761 -0.0133057 -0.012719 -0.0115299 -0.0098877 -0.00792496 -0.00577356 -0.00355364 -0.00134368 0.000818444 0.0028717 0.00483228 0.00669363 0.0084697 0.0101809 0.0118649 0.0135306 0.0152178 0.016943 0.0187159 0.0205545 0.0224563 0.02442 0.0264396 0.028513 0.0306095 0.0327339 0.0348533 0.0369532 0.0390025 0.0409883 0.0428509 0.0445693 0.0460899 0.0473741 0.0483674 0.0490525 0.0493762 0.0493107 0.0488252 0.0479087 0.0465235 0.0446688 0.0423384 0.0395267 0.0362304 0.0324988 0.0283688 0.023875 0.0190644 0.014023 0.00882466 0.00353346 -0.00179414 -0.00706571 -0.0121982 -0.0171316 -0.0218209 -0.0261904 -0.0301935 -0.0338016 -0.0370035 -0.0397744 -0.0421271 -0.0440649 -0.0456018 -0.046739 -0.0475173 -0.0479447 -0.0480487 -0.0478497 -0.0473954 -0.0466941 -0.0457992 -0.044736 -0.0435386 -0.0422174 -0.0408173 -0.0393357 -0.0378017 -0.0362322 -0.0346501 -0.0330666 -0.0315205 -0.0300292 -0.0286226 -0.0273406 -0.0262028 -0.0252479 -0.0245002 -0.0239821 -0.0237071 -0.0237035 -0.023941 -0.0244301 -0.0251247 -0.0259571 -0.0268412 -0.0276695 -0.0282804 -0.0285347 -0.0282896 -0.0274097 -0.0258336 -0.0235297 -0.0205621 -0.0170333 -0.0131147 -0.00902186 -0.00500529 -0.00128921 0.0018843 0.00433639 0.0059891 0.00681964 0.00692111 0.00642045 0.00550135 0.00433819 0.00307598 0.00185359 0.000790392 -5.83232e-05 -0.000678725 -0.00108438 -0.0013311 -0.00145061 -0.00150316 -0.00149561 -0.00144955 -0.00142207 -0.00142002 -0.0014625 -0.00151444 -0.00158125 -0.00168345 -0.00180463 -0.00195145 -0.0020967 -0.00224197 -0.00238323 -0.00250888 -0.00263358 -0.00274246 -0.00283072 -0.0028957 -0.00294655 -0.00299761 -0.00303459 -0.00304996 -0.00304792 
0 0.000125407 0.000242407 0.000340107 0.000449587 0.000546477 0.000624022 0.000680189 0.000713284 0.000759236 0.000779575 0.000785387 0.000776184 0.000760298 0.000773235 0.000778243 0.000814335 0.000869067 0.000966097 0.00112765 0.00132949 0.00160628 0.00193093 0.00234083 0.00285533 0.00349173 0.00427076 0.00520343 0.00632423 0.00766254 0.00923264 0.0109785 0.0128517 0.0146924 0.0163775 0.0177235 0.0185312 0.0186633 0.0179321 0.0163065 0.0137876 0.010496 0.00664351 0.00248501 -0.00170566 -0.00563088 -0.00905983 -0.0117951 -0.0136779 -0.0146859 -0.0147892 -0.014095 -0.0127172 -0.0108104 -0.00853577 -0.00605295 -0.00346897 -0.000890904 0.00161123 0.00402322 0.00631098 0.00849013 0.0105731 0.0125926 0.0145455 0.0164906 0.0184202 0.0203633 0.0223386 0.0243546 0.0264031 0.0285087 0.0306411 0.0327951 0.0349765 0.0371489 0.0393044 0.0414278 0.0434804 0.0454226 0.0472433 0.0488826 0.0503164 0.0514974 0.052396 0.0529504 0.0531401 0.0529298 0.0523017 0.0512013 0.0496371 0.0475766 0.0450051 0.0419346 0.0384115 0.0344077 0.0299664 0.0251579 0.0200587 0.0146968 0.00914816 0.00349262 -0.00215257 -0.00774185 -0.0132165 -0.0184902 -0.0234567 -0.0281035 -0.0323785 -0.0362398 -0.0396543 -0.042632 -0.0451477 -0.0472267 -0.0488761 -0.0501341 -0.0509987 -0.0515049 -0.0516815 -0.0515698 -0.0511757 -0.0505648 -0.0497488 -0.0487504 -0.0476115 -0.0463632 -0.0450045 -0.043582 -0.0421036 -0.0405709 -0.0390237 -0.0374705 -0.0359347 -0.034448 -0.0330436 -0.0317329 -0.0305762 -0.0295827 -0.0288024 -0.0282567 -0.027985 -0.0279779 -0.0282634 -0.0288059 -0.0295621 -0.0304749 -0.031435 -0.0323049 -0.0329404 -0.0331698 -0.0328121 -0.0317728 -0.0299228 -0.0272813 -0.0238885 -0.0198684 -0.015424 -0.0107884 -0.00622018 -0.0020104 0.00160555 0.00443982 0.00635548 0.00738868 0.0075719 0.00709166 0.00612135 0.00484425 0.00345755 0.00209295 0.000889453 -8.84635e-05 -0.000810765 -0.00130838 -0.00160837 -0.00178464 -0.00185674 -0.00186368 -0.00184191 -0.00180443 -0.00181325 -0.00183269 -0.00188359 -0.00194961 -0.00203468 -0.00216019 -0.00229043 -0.00244255 -0.00258623 -0.00272924 -0.00286971 -0.0029976 -0.00312148 -0.00321731 -0.00329466 -0.00335792 -0.0034122 -0.00345562 -0.00347584 -0.00348078 
0 0.000132803 0.000248998 0.000376429 0.000473851 0.000577841 0.000652435 0.000707837 0.000759236 0.000782045 0.000816477 0.000822748 0.000832978 0.000847754 0.00086403 0.000919556 0.000976468 0.00107449 0.00121085 0.00139438 0.00165128 0.00194713 0.00232263 0.00278482 0.00335377 0.00406757 0.00492426 0.005975 0.00723878 0.0087353 0.0104828 0.0124314 0.0144912 0.0165267 0.0183666 0.0198237 0.0206938 0.0207721 0.0199366 0.0181001 0.0152888 0.0116447 0.00738848 0.00280474 -0.00180225 -0.00611785 -0.00988015 -0.0128558 -0.0149276 -0.0159875 -0.0160646 -0.0152564 -0.0136668 -0.0114877 -0.00890208 -0.0060618 -0.00311322 -0.000174288 0.00271299 0.00546513 0.00811144 0.0106199 0.0130052 0.015307 0.0175353 0.0196973 0.0218518 0.0239901 0.0261114 0.0282584 0.0304077 0.0325684 0.0347411 0.0369418 0.0391193 0.0412903 0.0434217 0.0454878 0.0474413 0.0493075 0.0509946 0.05249 0.0537717 0.0547912 0.0554891 0.0558957 0.0559242 0.0555367 0.0547211 0.0534431 0.0516568 0.0493911 0.0466254 0.0433539 0.0395897 0.0353776 0.0307677 0.0257902 0.0204615 0.0148896 0.00917365 0.00334668 -0.0025268 -0.00832489 -0.0139681 -0.0193954 -0.0245635 -0.0294084 -0.0338579 -0.0378809 -0.0414866 -0.0446171 -0.0472816 -0.0495053 -0.0512761 -0.0525995 -0.0535673 -0.0541647 -0.0544324 -0.0544176 -0.0541482 -0.0536199 -0.0529181 -0.0520338 -0.0510056 -0.0498477 -0.0486062 -0.047264 -0.0458727 -0.0444426 -0.042994 -0.041521 -0.040084 -0.0386672 -0.0372998 -0.0360477 -0.0349161 -0.0339431 -0.0331953 -0.0326835 -0.0324252 -0.0324812 -0.0328067 -0.0334192 -0.0342555 -0.0352437 -0.0362721 -0.0371931 -0.0378238 -0.0380108 -0.03755 -0.0363077 -0.0342168 -0.0312281 -0.0274206 -0.0229269 -0.0179641 -0.0127768 -0.00767752 -0.00295544 0.0011093 0.00431279 0.00653952 0.0077562 0.0080681 0.00762815 0.00662542 0.00527629 0.0037798 0.00229532 0.000968905 -0.00013393 -0.000964472 -0.00153924 -0.00192545 -0.00213852 -0.00225064 -0.00228375 -0.00227211 -0.00226855 -0.00225824 -0.00228615 -0.00233041 -0.00238675 -0.0024775 -0.00257149 -0.00270301 -0.00283353 -0.00296374 -0.00310388 -0.00322882 -0.00336777 -0.00348163 -0.00358758 -0.00367762 -0.00374722 -0.00381858 -0.00386005 -0.0038995 -0.00391367 
0 0.000126963 0.000258065 0.000382266 0.000491858 0.000583111 0.000660165 0.00073184 0.000779575 0.000816477 0.000839974 0.0008682 0.000903326 0.000930999 0.000986404 0.00105614 0.00116471 0.00129851 0.00146969 0.00170823 0.00199398 0.00234772 0.00276352 0.00328115 0.00391436 0.00468391 0.00562413 0.00678257 0.00818274 0.00983779 0.0117656 0.0138959 0.01616 0.0183583 0.0203467 0.0219086 0.0227936 0.0228404 0.0218642 0.0198324 0.0167476 0.0127634 0.0081379 0.00316654 -0.00183456 -0.00649668 -0.0105445 -0.013749 -0.0159328 -0.0170448 -0.0170641 -0.016127 -0.0143422 -0.0118989 -0.00899535 -0.00581553 -0.002488 0.000844311 0.00409381 0.00722533 0.0102098 0.0130332 0.0157096 0.0182859 0.0207323 0.0231096 0.0254241 0.0276871 0.0299127 0.0321326 0.0343231 0.0365183 0.0386911 0.0408496 0.0429845 0.045072 0.0471049 0.0490604 0.0508891 0.0525768 0.0540915 0.0553857 0.0564627 0.0572696 0.0577786 0.0579574 0.057763 0.0571573 0.0561409 0.0546396 0.0526609 0.0501941 0.0472209 0.0437604 0.039881 0.0355435 0.0307956 0.0257084 0.0203424 0.0147227 0.00893218 0.00303129 -0.00285461 -0.00867848 -0.0143927 -0.0199098 -0.0251231 -0.0300411 -0.0345974 -0.0387481 -0.0424681 -0.0457403 -0.048527 -0.0508688 -0.0527524 -0.0542154 -0.0552862 -0.0559883 -0.0563602 -0.0564658 -0.0562991 -0.055916 -0.0553456 -0.0545846 -0.0536786 -0.0526623 -0.0515375 -0.0503411 -0.0490963 -0.0477973 -0.0464827 -0.0451473 -0.0438311 -0.0425402 -0.0413052 -0.0401536 -0.0391352 -0.0382527 -0.0375909 -0.0371627 -0.0370049 -0.0371357 -0.037571 -0.0382729 -0.0391894 -0.0402606 -0.041351 -0.0422977 -0.0429357 -0.0430782 -0.0424952 -0.0410872 -0.0387215 -0.0354016 -0.0311782 -0.0262078 -0.0207343 -0.0150175 -0.00937941 -0.00416776 0.000346213 0.00394904 0.00647051 0.0079318 0.00837664 0.00800911 0.00700762 0.00559379 0.00401819 0.0024301 0.000991742 -0.000219905 -0.00114683 -0.00181586 -0.00226554 -0.00254855 -0.00269536 -0.00276233 -0.00279394 -0.00279649 -0.00280798 -0.00281713 -0.00285878 -0.00290906 -0.00297047 -0.00305609 -0.00315175 -0.00326885 -0.00337756 -0.00349654 -0.00362042 -0.00374408 -0.00386062 -0.0039652 -0.00406525 -0.00414973 -0.00422156 -0.00427337 -0.0043178 -0.00434412 
0 0.000118201 0.000240449 0.000372966 0.000469445 0.000557771 0.000635016 0.00071575 0.000785387 0.000822748 0.0008682 0.000918775 0.000988749 0.00105797 0.00113858 0.00125673 0.00140126 0.00157897 0.00178825 0.00205404 0.00238089 0.00276153 0.00322118 0.0037887 0.00448064 0.00532352 0.00635392 0.00763321 0.00918192 0.0109995 0.0130966 0.0154125 0.0178436 0.0202062 0.02232 0.0239619 0.0248732 0.0248538 0.0237547 0.0215207 0.0181712 0.0138758 0.00890901 0.00358317 -0.00175344 -0.00672433 -0.0110232 -0.0144032 -0.0167034 -0.0178282 -0.0177873 -0.0167102 -0.0147099 -0.0119906 -0.00877371 -0.00524012 -0.00154874 0.00215303 0.00577861 0.00926022 0.0125852 0.0157155 0.0186572 0.0214541 0.0240908 0.0265998 0.0290269 0.031372 0.0336436 0.0358837 0.0380755 0.0402319 0.0423496 0.0444415 0.0464718 0.048434 0.050318 0.052091 0.0537141 0.0552063 0.0565043 0.0575765 0.0584251 0.0589918 0.0592344 0.0591658 0.0587199 0.0578569 0.0565827 0.0548502 0.0526453 0.0499913 0.0468722 0.0432915 0.0392896 0.0348815 0.0301223 0.025053 0.0196983 0.0141333 0.00844684 0.00266209 -0.00314708 -0.00889411 -0.0145207 -0.0199665 -0.0251698 -0.0300977 -0.0346734 -0.0388613 -0.0426578 -0.0460159 -0.04892 -0.0513987 -0.053423 -0.0550106 -0.0562283 -0.0570715 -0.0575772 -0.0578105 -0.057776 -0.057503 -0.0570609 -0.0564424 -0.0556825 -0.0548141 -0.0538512 -0.0528013 -0.0517063 -0.0505716 -0.0494168 -0.0482444 -0.0471006 -0.0459755 -0.0448982 -0.0439238 -0.0430689 -0.0423552 -0.0418626 -0.041596 -0.0415799 -0.041861 -0.0424246 -0.0432542 -0.0442944 -0.0454698 -0.0466458 -0.0476444 -0.048284 -0.0483757 -0.0476823 -0.0460785 -0.043466 -0.039811 -0.0351867 -0.0297623 -0.0237871 -0.0175449 -0.011387 -0.00567571 -0.000707872 0.00328774 0.00614721 0.00785093 0.0084807 0.00821601 0.00724566 0.00581498 0.00417509 0.00250446 0.000960323 -0.000365523 -0.00140481 -0.00217344 -0.00271677 -0.00306035 -0.00325299 -0.00335118 -0.00339961 -0.00342093 -0.00341711 -0.00341915 -0.00344456 -0.00347748 -0.00352589 -0.00357898 -0.00365867 -0.00374781 -0.00383783 -0.00394385 -0.00405017 -0.00417079 -0.00427342 -0.0043795 -0.00448619 -0.00457442 -0.00465089 -0.00469479 -0.00474345 -0.00476929 
0 9.97079e-05 0.00021059 0.000336538 0.000424629 0.000505623 0.000587248 0.000684109 0.000776184 0.000832978 0.000903326 0.000988749 0.00109957 0.00121063 0.00132507 0.00148211 0.00166718 0.00188582 0.00213313 0.00243234 0.00279616 0.00321367 0.00371914 0.00434009 0.00509653 0.0060154 0.00714281 0.00854674 0.0102446 0.0122276 0.0144928 0.0169814 0.0195693 0.0220701 0.0242833 0.0259757 0.0268816 0.0267875 0.0255604 0.0231424 0.0195649 0.0150031 0.00974476 0.00411663 -0.00151286 -0.00675033 -0.0112635 -0.0147929 -0.0171709 -0.0182897 -0.0181704 -0.0169382 -0.0147225 -0.0117317 -0.00820102 -0.0043245 -0.00027596 0.00378595 0.00775709 0.0115616 0.015179 0.0185651 0.021727 0.0247007 0.0274771 0.030081 0.0325629 0.0349264 0.0371882 0.0393918 0.0415323 0.0436151 0.0456387 0.04761 0.0494938 0.0512852 0.0529783 0.0545434 0.0559462 0.0572028 0.0582556 0.0590785 0.0596684 0.0599713 0.05994 0.0595803 0.0588346 0.0576797 0.0561272 0.054147 0.0517287 0.0488964 0.0456395 0.0419735 0.0379343 0.0335332 0.0288157 0.0238361 0.0186255 0.0132426 0.0077523 0.00218551 -0.0033957 -0.00892926 -0.014376 -0.0196717 -0.0247548 -0.0295911 -0.0341186 -0.0382985 -0.0421215 -0.0455403 -0.0485421 -0.0511462 -0.0533277 -0.0550907 -0.056483 -0.0574923 -0.0581543 -0.0585293 -0.0586324 -0.058495 -0.0581857 -0.0577027 -0.0570821 -0.0563594 -0.0555493 -0.0546577 -0.0537229 -0.0527516 -0.0517601 -0.0507629 -0.0498031 -0.0488772 -0.0480113 -0.0472568 -0.0466216 -0.0461309 -0.0458548 -0.0458045 -0.0459994 -0.0464876 -0.0472509 -0.0482655 -0.0494741 -0.0507933 -0.0520797 -0.0531484 -0.0538103 -0.0538614 -0.0530656 -0.051282 -0.0484217 -0.0444451 -0.0394354 -0.0335765 -0.0271285 -0.0203936 -0.0137435 -0.00755529 -0.00213944 0.00226107 0.0054771 0.00746833 0.00832241 0.00820357 0.00730647 0.0058884 0.00421169 0.00247487 0.000836999 -0.000592728 -0.00174108 -0.00261253 -0.00324696 -0.00365924 -0.00390008 -0.00403255 -0.00410331 -0.00413521 -0.00412281 -0.00411066 -0.00411667 -0.00413061 -0.00415561 -0.00418083 -0.00423417 -0.00429471 -0.00436366 -0.00445207 -0.00454405 -0.00464924 -0.00473638 -0.00483362 -0.0049379 -0.00502562 -0.00509492 -0.00513099 -0.00517374 -0.00519594 
0 8.42018e-05 0.000196218 0.000305321 0.000398983 0.000466058 0.000551026 0.000662549 0.000760298 0.000847754 0.000930999 0.00105797 0.00121063 0.00135824 0.00152386 0.00171247 0.00195577 0.00222012 0.00251148 0.00285863 0.00325252 0.00372095 0.00427125 0.00494954 0.00577719 0.00677449 0.00800732 0.00953819 0.0113828 0.0135287 0.0159584 0.0185991 0.021336 0.0239482 0.0262425 0.0279678 0.0288418 0.0286762 0.0273125 0.0247237 0.0209433 0.0161501 0.0106452 0.00477186 -0.00109763 -0.00654419 -0.01122 -0.0148707 -0.0172849 -0.0183902 -0.0181805 -0.0167848 -0.0143552 -0.0110986 -0.00725658 -0.00305933 0.00132144 0.00571543 0.00998075 0.0140719 0.0179248 0.0215109 0.0248341 0.0279266 0.0307713 0.0334252 0.0359072 0.0382415 0.0404553 0.0425772 0.0446112 0.046574 0.0484596 0.0502613 0.0519768 0.0535748 0.055057 0.0563972 0.0575779 0.0585738 0.0593735 0.0599276 0.0602288 0.0602243 0.0598985 0.0592125 0.0581514 0.0566955 0.0548624 0.0526196 0.0499985 0.0470026 0.0436348 0.0399116 0.0358918 0.0315649 0.0269711 0.0221634 0.0171969 0.0120881 0.00688543 0.00162347 -0.00362897 -0.008856 -0.0140249 -0.0190781 -0.023943 -0.0286142 -0.0330321 -0.037157 -0.0409584 -0.0444249 -0.0475161 -0.0502432 -0.0525802 -0.0545399 -0.0561131 -0.0573188 -0.0581725 -0.0587241 -0.0589781 -0.0590026 -0.0588243 -0.058473 -0.0579819 -0.0573943 -0.0567044 -0.0559545 -0.0551606 -0.0543357 -0.0535058 -0.0526925 -0.0519175 -0.0512001 -0.0505661 -0.0500384 -0.0496566 -0.0494275 -0.0494127 -0.0496304 -0.0501056 -0.0508499 -0.0518852 -0.0531454 -0.0545812 -0.0561034 -0.057546 -0.0587194 -0.0594362 -0.0594662 -0.0585825 -0.0566539 -0.0535602 -0.0493023 -0.0439436 -0.037685 -0.0307994 -0.0236034 -0.0164801 -0.00983287 -0.00397387 0.00084087 0.00441709 0.00673488 0.00783961 0.0079092 0.0071327 0.00576446 0.00409205 0.00231391 0.000602649 -0.000916963 -0.00216781 -0.00314567 -0.00386308 -0.00435283 -0.00464052 -0.00480832 -0.00490994 -0.00494138 -0.00493699 -0.00490489 -0.00489575 -0.00489546 -0.00488732 -0.00489625 -0.00490821 -0.00494052 -0.00497913 -0.00503567 -0.00511282 -0.00518242 -0.00525321 -0.00532867 -0.00542086 -0.00550537 -0.00555504 -0.00558813 -0.00561539 -0.00563361 
0 7.92545e-05 0.000173976 0.000293222 0.000370935 0.000445842 0.000533842 0.000646563 0.000773235 0.00086403 0.000986404 0.00113858 0.00132507 0.00152386 0.00171323 0.00196519 0.00224786 0.0025718 0.00292395 0.00330829 0.00376547 0.00427578 0.00489138 0.00563396 0.00653045 0.00761649 0.00895412 0.0106058 0.0125967 0.0149004 0.0174783 0.0202818 0.0231298 0.0258616 0.0282167 0.0299502 0.030808 0.030542 0.0290682 0.0263149 0.0223537 0.0173683 0.0116607 0.00557827 -0.000462941 -0.00607165 -0.0108708 -0.0145759 -0.0170242 -0.0180758 -0.0177807 -0.0162334 -0.0136058 -0.0101064 -0.00600496 -0.00150856 0.00315718 0.0078199 0.0123555 0.016658 0.0206946 0.0244242 0.0278491 0.0309807 0.0338646 0.0364895 0.0389344 0.0412086 0.0433346 0.0453389 0.0472539 0.0490509 0.0507635 0.052391 0.0539027 0.0553007 0.0565773 0.0576939 0.0586296 0.0593894 0.0599107 0.0601759 0.0601601 0.0598353 0.0591523 0.05814 0.0567618 0.0550129 0.0528901 0.0504266 0.0475984 0.0444547 0.0410113 0.0372963 0.0333028 0.0291035 0.0247266 0.0201983 0.0155089 0.0107373 0.00591237 0.00105427 -0.00384324 -0.00870175 -0.0134949 -0.0181946 -0.0228033 -0.0272435 -0.0314878 -0.0355034 -0.0392812 -0.042753 -0.045928 -0.0487725 -0.0512667 -0.0533877 -0.0551752 -0.0565954 -0.0576715 -0.0584261 -0.0588917 -0.0590737 -0.0590472 -0.0588342 -0.0584605 -0.0579695 -0.0573987 -0.056749 -0.0560657 -0.0553839 -0.0546934 -0.054042 -0.053451 -0.05293 -0.0525021 -0.0522294 -0.0520922 -0.0521549 -0.05244 -0.0529741 -0.0537641 -0.0548507 -0.0561919 -0.0577647 -0.0594932 -0.0612576 -0.0629096 -0.0642401 -0.0650441 -0.065093 -0.0641793 -0.0621184 -0.0588617 -0.0543461 -0.0486835 -0.0420717 -0.0347777 -0.0271531 -0.0195955 -0.0124998 -0.00621125 -0.0010028 0.00296729 0.00559835 0.00700213 0.00728556 0.0066605 0.00539999 0.00375253 0.00197454 0.000215997 -0.00137402 -0.00271455 -0.00378195 -0.00459193 -0.00514187 -0.00549181 -0.00570291 -0.00582451 -0.00588795 -0.00586819 -0.00584171 -0.00580685 -0.00577931 -0.00575566 -0.00571399 -0.00570365 -0.00568481 -0.00568898 -0.00571667 -0.00575132 -0.00580053 -0.00583005 -0.00588594 -0.00595707 -0.00601818 -0.00605818 -0.00606633 -0.0060876 -0.00609176 
0 6.29268e-05 0.00016329 0.00025382 0.000351023 0.000416257 0.00051618 0.000649703 0.000778243 0.000919556 0.00105614 0.00125673 0.00148211 0.00171247 0.00196519 0.00224174 0.00258639 0.00295472 0.00335511 0.00379816 0.00429199 0.0048721 0.00554963 0.00636522 0.00734505 0.0085256 0.00997646 0.011763 0.013895 0.0163571 0.0190974 0.0220286 0.025013 0.0278257 0.0302381 0.0319807 0.0327838 0.0324506 0.0308518 0.0279591 0.0238496 0.0187075 0.0128334 0.00660713 0.000418748 -0.00529764 -0.0101703 -0.0139292 -0.0163486 -0.0173611 -0.0169752 -0.0152892 -0.0125012 -0.0088204 -0.00449192 0.000218617 0.00511415 0.010004 0.0147202 0.0191984 0.0233507 0.0271564 0.0306248 0.0337676 0.0366075 0.0391985 0.0415582 0.0437261 0.0457406 0.0476166 0.049372 0.051021 0.0525681 0.0539915 0.0553124 0.0565081 0.0575612 0.0584573 0.0591815 0.0596607 0.0598992 0.0598575 0.0595012 0.0588188 0.0578204 0.0564563 0.0547489 0.0527093 0.050343 0.0476527 0.044679 0.041428 0.0379286 0.0342218 0.0303639 0.026358 0.0222126 0.0179683 0.0136735 0.00930962 0.00487803 0.000427941 -0.00399749 -0.00841608 -0.012816 -0.0171559 -0.0213992 -0.0255519 -0.0295933 -0.0334832 -0.0371731 -0.0406522 -0.0438706 -0.0468 -0.0494336 -0.0517625 -0.053736 -0.0553839 -0.0567038 -0.0576932 -0.0583703 -0.0587817 -0.0589164 -0.0588362 -0.0585797 -0.0581883 -0.0576913 -0.057146 -0.0565594 -0.0559654 -0.0553908 -0.0548679 -0.0544097 -0.0540603 -0.0538458 -0.05378 -0.0539131 -0.0542654 -0.0548595 -0.0557341 -0.0568989 -0.0583362 -0.0600603 -0.0619851 -0.0640396 -0.0661126 -0.0680138 -0.0695511 -0.0705107 -0.0706361 -0.0697309 -0.067629 -0.06422 -0.0595196 -0.0535987 -0.0466705 -0.0390299 -0.0310224 -0.0230648 -0.0155643 -0.00886689 -0.00325665 0.00107743 0.00407653 0.00577378 0.00630972 0.00588258 0.00474239 0.00317786 0.0014134 -0.000362163 -0.00200211 -0.00342152 -0.0045793 -0.00546346 -0.00609203 -0.00649588 -0.00674907 -0.00690887 -0.00696861 -0.006967 -0.00691272 -0.00685342 -0.00680061 -0.00672695 -0.00666969 -0.00659849 -0.00654826 -0.00651232 -0.00649203 -0.00650651 -0.00649886 -0.00650943 -0.0065254 -0.0065642 -0.00660642 -0.00660387 -0.00660599 -0.00659317 -0.00658475 
0 5.72325e-05 0.00013654 0.000230357 0.000315594 0.000397305 0.00050924 0.000651067 0.000814335 0.000976468 0.00116471 0.00140126 0.00166718 0.00195577 0.00224786 0.00258639 0.00297005 0.00338972 0.00384292 0.00432086 0.004868 0.00549521 0.00624038 0.00713182 0.00819854 0.00949271 0.0110835 0.0130167 0.0153157 0.0179463 0.0208374 0.0239154 0.0269888 0.0298885 0.0323326 0.0340574 0.0348237 0.034398 0.0327029 0.0296852 0.0254516 0.020192 0.0142056 0.00786499 0.00160165 -0.00418457 -0.00910789 -0.0128718 -0.0152923 -0.0162569 -0.0158097 -0.0140253 -0.0111143 -0.00728562 -0.00281245 0.00206911 0.00711347 0.0121297 0.0169763 0.0215404 0.0257532 0.0295961 0.0330676 0.0361585 0.0389495 0.0414386 0.0436932 0.0457467 0.0476341 0.0493633 0.0509791 0.0524558 0.053832 0.0550899 0.0562256 0.0572312 0.0580794 0.0587384 0.0591916 0.0593995 0.059332 0.0589724 0.0582783 0.0572599 0.0558981 0.0542091 0.0522055 0.0499025 0.0472875 0.0444258 0.0413151 0.0380015 0.0345239 0.0309224 0.0271828 0.0233839 0.0195379 0.0156549 0.0117144 0.00776642 0.00380589 -0.000151659 -0.0041389 -0.00810567 -0.0120462 -0.0159587 -0.0198727 -0.0237208 -0.0275064 -0.0312026 -0.0347869 -0.0382058 -0.0414572 -0.0444687 -0.0472301 -0.0497092 -0.0519002 -0.0537809 -0.0553514 -0.0565848 -0.0575115 -0.0581257 -0.0584563 -0.058552 -0.0584348 -0.0581452 -0.0577428 -0.0572556 -0.0567207 -0.0561994 -0.0556892 -0.0552505 -0.0548966 -0.0546694 -0.0546002 -0.0547402 -0.0550932 -0.055732 -0.0566393 -0.0578557 -0.0593827 -0.0612131 -0.0633116 -0.0656321 -0.0680713 -0.0704869 -0.0727082 -0.0745113 -0.0756689 -0.0759263 -0.0751 -0.0729862 -0.0695269 -0.0646914 -0.0585913 -0.0514303 -0.0434978 -0.0351754 -0.0268767 -0.0190054 -0.0119335 -0.00595537 -0.00123396 0.00210941 0.00414699 0.00495897 0.00475664 0.00379687 0.00232306 0.000611747 -0.0011687 -0.00285182 -0.00434301 -0.00558437 -0.00654878 -0.00723557 -0.00769522 -0.00798029 -0.00814786 -0.00822058 -0.00819907 -0.00813733 -0.00804208 -0.00795097 -0.00785365 -0.00774797 -0.00764939 -0.00754746 -0.00747196 -0.00741281 -0.0073719 -0.00733119 -0.00729057 -0.00727233 -0.00726964 -0.00726606 -0.00723756 -0.00719969 -0.00716581 -0.00712721 
0 5.31386e-05 0.000130222 0.00021006 0.000305387 0.000396665 0.00052641 0.000687565 0.000869067 0.00107449 0.00129851 0.00157897 0.00188582 0.00222012 0.0025718 0.00295472 0.00338972 0.00385601 0.00436021 0.00489231 0.00549082 0.006185 0.00700626 0.00798451 0.00915195 0.0105733 0.0123099 0.0144066 0.0168705 0.0196711 0.0227249 0.0259278 0.0291043 0.0320604 0.0345226 0.0362173 0.0369134 0.0364054 0.0346122 0.0314976 0.0271835 0.0218599 0.0158113 0.00942424 0.00311355 -0.00270558 -0.0076575 -0.011442 -0.0138534 -0.0148048 -0.0143287 -0.0124944 -0.00952267 -0.00563083 -0.0010734 0.00388706 0.00901212 0.0140969 0.0189907 0.0235817 0.0277891 0.0316011 0.0350266 0.0380553 0.0407615 0.0431664 0.0453109 0.0472363 0.0489883 0.0505801 0.0520445 0.0533853 0.0546211 0.0557187 0.0566841 0.0575043 0.0581288 0.0585465 0.058738 0.0586375 0.0582427 0.0575512 0.0565156 0.0551646 0.0535006 0.0515078 0.0492147 0.0466621 0.0438517 0.0408456 0.0376687 0.0343521 0.0309297 0.027448 0.023918 0.0203766 0.016817 0.013267 0.00973866 0.00623436 0.00272644 -0.000759819 -0.00424377 -0.00773548 -0.0112482 -0.0147641 -0.0182918 -0.0218073 -0.0253224 -0.0288055 -0.0322275 -0.0355611 -0.0387863 -0.0418388 -0.0447156 -0.0473685 -0.0497465 -0.0518443 -0.0536524 -0.0551267 -0.0563024 -0.0571735 -0.0577271 -0.0580166 -0.0580694 -0.0579061 -0.0575972 -0.0571845 -0.0566945 -0.0561942 -0.0557149 -0.055308 -0.0550046 -0.0548618 -0.0549122 -0.0551901 -0.0557317 -0.0565936 -0.0577622 -0.0592893 -0.0611732 -0.0633828 -0.0658885 -0.0686211 -0.0714593 -0.0742577 -0.0768206 -0.0789297 -0.0803373 -0.0807829 -0.0800865 -0.0780456 -0.0745831 -0.0697025 -0.0635038 -0.0561909 -0.0480717 -0.0395212 -0.0309633 -0.0227945 -0.0153973 -0.0090728 -0.00399385 -0.000282611 0.0020891 0.00320086 0.0032524 0.00248059 0.00113942 -0.000506432 -0.00226015 -0.00396027 -0.0055027 -0.00680728 -0.00783348 -0.00857744 -0.00908353 -0.00939631 -0.00957534 -0.00964135 -0.00961589 -0.0095301 -0.00940444 -0.00927945 -0.0091414 -0.0090064 -0.00886026 -0.00871912 -0.00859925 -0.0084877 -0.00839878 -0.0082979 -0.0082131 -0.00814109 -0.00808369 -0.00803187 -0.00795467 -0.00788664 -0.0078125 -0.00774319 
