0 0 0 0 0 0 0 0 0 0 0 0 0 0 0 0 0 0 0 0 0 0 0 0 0 0 0 0 0 0 0 0 0 0 0 0 0 0 0 0 0 0 0 0 0 0 0 0 0 0 0 0 0 0 0 0 0 0 0 0 0 0 0 0 0 0 0 0 0 0 0 0 0 0 0 0 0 0 0 0 0 0 0 0 0 0 0 0 0 0 0 0 0 0 0 0 0 0 0 0 0 0 0 0 0 0 0 0 0 0 0 0 0 0 0 0 0 0 0 0 0 0 0 0 0 0 0 0 0 0 0 0 0 0 0 0 0 0 0 0 0 0 0 0 0 0 0 0 0 0 0 0 0 0 0 0 0 0 0 0 0 0 0 0 0 0 0 0 0 0 0 0 0 0 0 0 0 0 0 0 0 0 0 0 0 0 0 0 0 0 0 0 0 0 0 0 0 0 0 0 
0 4.46266e-07 1.33161e-05 2.01949e-05 2.89998e-05 2.94721e-05 4.24767e-05 6.66059e-05 8.08123e-05 9.66187e-05 0.000106843 0.000129982 0.000150461 0.00015608 0.000168165 0.000175551 0.000189353 0.0001889 0.000177283 0.000173688 0.000160073 0.000153374 0.000141489 0.000130577 0.000123196 0.000110453 0.000114946 0.000126404 0.000139392 0.000161297 0.00019966 0.000258738 0.000336781 0.000425027 0.000545493 0.000689707 0.000860151 0.00107529 0.00131121 0.00156811 0.00181219 0.00203944 0.0022206 0.0023233 0.00232904 0.00222148 0.0019879 0.00162813 0.0011833 0.00066345 0.000114384 -0.00043179 -0.000933178 -0.00137197 -0.0017134 -0.00194804 -0.00206032 -0.00206036 -0.0019594 -0.00175546 -0.00149804 -0.00118677 -0.000840105 -0.000482023 -0.000124606 0.000251285 0.000606695 0.000970654 0.00134052 0.00172009 0.00212027 0.00255957 0.00303273 0.00355108 0.00411516 0.00471848 0.00535752 0.00602463 0.00671905 0.00741497 0.00811935 0.00880837 0.00947004 0.0100917 0.010671 0.0111594 0.0115684 0.0118606 0.0120149 0.01202 0.0118865 0.0115746 0.0111109 0.010482 0.00969307 0.00875064 0.00768814 0.00648057 0.00515462 0.00372788 0.00224664 0.000710922 -0.000850515 -0.00241053 -0.00390878 -0.00535564 -0.00671814 -0.00797476 -0.00910153 -0.0101004 -0.0109247 -0.0115951 -0.0120944 -0.0124174 -0.0125595 -0.0125498 -0.0123733 -0.0120715 -0.0116521 -0.0111406 -0.0105479 -0.00990304 -0.0092108 -0.0085032 -0.00778554 -0.00708274 -0.00640327 -0.00576158 -0.00517383 -0.00464411 -0.0041872 -0.00380875 -0.00350532 -0.00327696 -0.00313325 -0.00303947 -0.00302092 -0.00305214 -0.00311989 -0.00321594 -0.00333096 -0.00341584 -0.00347743 -0.00347741 -0.00339365 -0.00321707 -0.00294026 -0.00256446 -0.0020966 -0.00156916 -0.00100101 -0.000434291 0.00010536 0.000562919 0.00092472 0.0011664 0.00128224 0.00127776 0.00119167 0.00104028 0.000846743 0.000653697 0.000462177 0.000304057 0.00017263 8.64736e-05 3.93043e-05 5.8439e-06 -1.01987e-05 -1.50201e-05 -2.01308e-05 -2.37136e-05 -3.03687e-05 -4.54359e-05 -6.78729e-05 -0.000109787 -0.00013918 -0.000168716 -0.000203017 -0.000232569 -0.000265863 -0.000279576 -0.00029831 -0.000314262 -0.000323296 -0.000337747 -0.000340872 -0.000347069 -0.000345021 -0.000344688 -0.000354585 -0.000354761 -0.000354864 -0.000348863 -0.000349567 -0.000351852 -0.000340304 -0.000333089 -0.000327384 -0.000329906 
0 1.33161e-05 3.13683e-05 6.77815e-05 7.20015e-05 8.68814e-05 0.000107899 0.000143045 0.000179464 0.000184616 0.000215721 0.00024495 0.000282012 0.000301355 0.000308672 0.000343687 0.000358733 0.000370342 0.000355506 0.000343218 0.000332661 0.000307243 0.000288621 0.00026143 0.000240803 0.000217867 0.000227799 0.000251731 0.000289824 0.000338757 0.000418415 0.000550921 0.000691075 0.00088311 0.00110943 0.00139294 0.00173882 0.00214607 0.00262468 0.00312112 0.00360259 0.0040512 0.00440835 0.00460645 0.00463274 0.00441391 0.00395906 0.00325717 0.00235586 0.00133457 0.000222758 -0.000871156 -0.00187378 -0.00274709 -0.00342971 -0.00387173 -0.00409573 -0.00408203 -0.00386359 -0.00346818 -0.00294167 -0.00231998 -0.00163126 -0.000915484 -0.000188555 0.000542225 0.00127503 0.00200529 0.00275697 0.0035381 0.00436226 0.00523333 0.00619037 0.00721471 0.0083175 0.00951895 0.0107873 0.0120994 0.0134746 0.0148545 0.0162205 0.0175828 0.0188831 0.0200889 0.0211942 0.0221396 0.0228886 0.0234291 0.023713 0.0237147 0.0234117 0.0227884 0.0218494 0.0206008 0.0190437 0.0171994 0.0150618 0.0126712 0.01009 0.00732449 0.004383 0.0013672 -0.00166328 -0.00468751 -0.00765595 -0.0105015 -0.0131815 -0.0156477 -0.0178782 -0.0198361 -0.0214916 -0.0228293 -0.0238233 -0.0244637 -0.0247897 -0.0247922 -0.0244863 -0.0239365 -0.0231494 -0.0221489 -0.0210167 -0.0197633 -0.0184073 -0.0170248 -0.0156185 -0.014214 -0.0128725 -0.011611 -0.0104366 -0.00939911 -0.00849398 -0.00772758 -0.00710724 -0.00664751 -0.00632169 -0.0061354 -0.00608176 -0.00613196 -0.00626038 -0.00645639 -0.00666606 -0.00685199 -0.00697323 -0.00696972 -0.00681528 -0.00645163 -0.00589131 -0.00513502 -0.00419141 -0.00312591 -0.00201 -0.000866748 0.000184874 0.00109165 0.00181073 0.00228256 0.00252091 0.00252185 0.00235469 0.0020648 0.00169389 0.00130119 0.000942679 0.000612666 0.000359811 0.000188603 8.07781e-05 2.45487e-05 -2.14388e-05 -2.96241e-05 -4.26955e-05 -5.30711e-05 -6.68949e-05 -9.01978e-05 -0.000139105 -0.000208465 -0.000266332 -0.000327623 -0.00038477 -0.00046558 -0.000522094 -0.000570537 -0.000613799 -0.000642363 -0.000678556 -0.00068696 -0.000706208 -0.000704136 -0.000693979 -0.000695411 -0.000692292 -0.000701315 -0.000683422 -0.000675305 -0.0006782 -0.000676944 -0.000671838 -0.000649867 -0.000655425 -0.000663707 
0 2.01949e-05 6.77815e-05 0.000104265 0.000137555 0.000147795 0.000181021 0.000234552 0.000262712 0.000289077 0.000309136 0.000362238 0.000412744 0.0004303 0.000460597 0.000487093 0.000527131 0.000535952 0.000517683 0.000514861 0.000489343 0.000470998 0.000437463 0.000401509 0.000373388 0.000339097 0.000352268 0.000392072 0.000443507 0.000522886 0.000649777 0.000835496 0.00107078 0.00134114 0.00169421 0.00211714 0.00261855 0.00323822 0.003926 0.00466794 0.00538223 0.00604669 0.00657942 0.00688816 0.00691386 0.00660223 0.00591715 0.00485887 0.00353044 0.00198117 0.000334261 -0.00130178 -0.00280461 -0.00410837 -0.00511543 -0.00578973 -0.0060977 -0.00606567 -0.00573096 -0.00510792 -0.00432062 -0.00338589 -0.00235255 -0.00128148 -0.000199956 0.000932425 0.00203531 0.00316831 0.0043289 0.00552339 0.00677315 0.00811692 0.00954718 0.0110864 0.0127402 0.0145002 0.0163563 0.0182912 0.0203 0.0223144 0.0243348 0.0262992 0.028161 0.0298805 0.0314432 0.0327366 0.0337788 0.0344902 0.0348191 0.0347382 0.0342628 0.0333026 0.0319068 0.030046 0.027732 0.0249881 0.021894 0.0184146 0.0146238 0.0105726 0.00636791 0.00202556 -0.00238406 -0.00679388 -0.0110643 -0.0151981 -0.0191083 -0.0227292 -0.0259944 -0.0288908 -0.0313112 -0.0332939 -0.0348008 -0.0358193 -0.0363462 -0.0364423 -0.0360789 -0.0353495 -0.0342742 -0.0329107 -0.0312977 -0.0295057 -0.0275588 -0.025545 -0.0234911 -0.0214636 -0.0194988 -0.0176373 -0.0159199 -0.014365 -0.0130069 -0.0118599 -0.0109206 -0.0101944 -0.0097012 -0.00937269 -0.0092631 -0.00931491 -0.00949108 -0.00976476 -0.0100938 -0.0103526 -0.0105309 -0.010523 -0.0102619 -0.00971461 -0.00886375 -0.00771743 -0.00630406 -0.00471655 -0.00302411 -0.00133927 0.000248549 0.00159837 0.00266274 0.00337719 0.00372815 0.00373676 0.00350274 0.0030797 0.00253463 0.00197571 0.00142287 0.000949788 0.000556155 0.000286407 0.000125556 1.48735e-05 -4.43399e-05 -6.68066e-05 -8.3828e-05 -9.41532e-05 -0.000110369 -0.000146327 -0.000205736 -0.000310886 -0.00039121 -0.000475445 -0.000576508 -0.000677361 -0.000786242 -0.000852284 -0.000923267 -0.00098065 -0.00101611 -0.0010537 -0.00106259 -0.00107002 -0.00105478 -0.00104103 -0.0010471 -0.00103131 -0.00101348 -0.000989528 -0.000990138 -0.00100127 -0.000984759 -0.000976536 -0.000976903 -0.000999631 
0 2.89998e-05 7.20015e-05 0.000137555 0.000164455 0.000196239 0.000239163 0.000300151 0.000355896 0.000374653 0.000424902 0.000484358 0.000550514 0.00058653 0.000606708 0.000657845 0.000689089 0.000706622 0.000687541 0.000671244 0.000652416 0.000614373 0.00057736 0.000530171 0.000493311 0.00046123 0.000484707 0.000539574 0.000621104 0.000729323 0.000895772 0.00115041 0.00144107 0.00181731 0.00227247 0.00283582 0.00351906 0.00432767 0.00525878 0.00623311 0.00718141 0.00805586 0.00875033 0.00914162 0.00917675 0.00874369 0.00783433 0.00644376 0.00466461 0.00263038 0.000437497 -0.00172692 -0.00371492 -0.00543183 -0.00676463 -0.00762857 -0.00803807 -0.00798223 -0.00751757 -0.00670151 -0.00563061 -0.00437116 -0.00298235 -0.00153345 -5.33321e-05 0.0014512 0.00296882 0.00450377 0.00608664 0.0077287 0.00944889 0.0112556 0.0131923 0.015239 0.0174099 0.019726 0.022149 0.0246459 0.0272307 0.029816 0.0323644 0.0348589 0.037206 0.0393421 0.0412397 0.0428047 0.0439891 0.0447649 0.0450682 0.0448632 0.0441198 0.0428037 0.0409212 0.0384742 0.0354671 0.0319367 0.0279023 0.0234267 0.0186098 0.0134863 0.00809636 0.00257179 -0.00299772 -0.00856352 -0.0140353 -0.0193147 -0.0243173 -0.0289534 -0.0331674 -0.0368978 -0.0400852 -0.0427074 -0.0447278 -0.046133 -0.0469657 -0.0472222 -0.0469163 -0.0461335 -0.0448896 -0.0432301 -0.0412684 -0.0390452 -0.0366071 -0.0340748 -0.031476 -0.0288686 -0.0263443 -0.023943 -0.0216904 -0.0196586 -0.0178565 -0.0163039 -0.0150186 -0.0140258 -0.0133026 -0.0128497 -0.0126629 -0.0126951 -0.0128973 -0.0132348 -0.0136152 -0.0139471 -0.0141503 -0.0141114 -0.013761 -0.0130114 -0.0118685 -0.0103372 -0.00845192 -0.00632943 -0.00409744 -0.00184052 0.000249598 0.00205142 0.00347694 0.00443043 0.00491834 0.00495267 0.00465085 0.00410086 0.00339104 0.00263352 0.00191899 0.00126959 0.000755249 0.000394511 0.000161496 2.43828e-05 -7.18524e-05 -0.000105721 -0.000136457 -0.000160256 -0.000188042 -0.000233984 -0.000319533 -0.000439092 -0.000542873 -0.000650966 -0.000763438 -0.000907324 -0.00102576 -0.00112527 -0.00121314 -0.00127738 -0.0013402 -0.00136868 -0.00140153 -0.00140555 -0.00139391 -0.0013932 -0.0013891 -0.00139058 -0.00135794 -0.0013385 -0.00134167 -0.00134506 -0.00133796 -0.00131031 -0.00131544 -0.00132947 
0 2.94721e-05 8.68814e-05 0.000147795 0.000196239 0.000230943 0.000289182 0.000368516 0.000429563 0.000478175 0.000533983 0.000618305 0.000696968 0.000736775 0.000771838 0.00081177 0.000852502 0.000861004 0.00083674 0.00081874 0.000787801 0.000754037 0.000711571 0.000667556 0.000635612 0.000613239 0.000646831 0.000720339 0.000816612 0.000952451 0.00115906 0.00145744 0.00183207 0.00228883 0.00286619 0.00357204 0.004422 0.00544183 0.00658928 0.00780416 0.0089857 0.0100646 0.010915 0.0113967 0.0114092 0.010861 0.0097094 0.00796975 0.00577019 0.00323643 0.000538816 -0.00212967 -0.00458522 -0.00669929 -0.00833444 -0.0094127 -0.00990183 -0.00982386 -0.00923415 -0.0081921 -0.00683776 -0.00524024 -0.00347634 -0.0016317 0.000253622 0.00219264 0.00413251 0.00611088 0.00814322 0.0102419 0.0124299 0.0147386 0.0171739 0.0197407 0.0224415 0.0252696 0.0281991 0.0312051 0.0342732 0.0373242 0.0403267 0.0432128 0.0458998 0.0483216 0.050433 0.0521199 0.053361 0.054089 0.054244 0.053798 0.0527484 0.0510303 0.0486697 0.0456535 0.041996 0.037737 0.0329485 0.0276485 0.0219294 0.0158649 0.0095594 0.00308033 -0.00348339 -0.010044 -0.0164633 -0.0226847 -0.0286029 -0.0341206 -0.0391542 -0.0436513 -0.0475148 -0.0507483 -0.0533119 -0.0551834 -0.0563672 -0.0568943 -0.0567531 -0.0560255 -0.0547436 -0.0529703 -0.0507845 -0.0482688 -0.0454839 -0.0425445 -0.0395074 -0.036452 -0.0334496 -0.0305575 -0.0278295 -0.0253183 -0.0230714 -0.0211217 -0.0194901 -0.0181999 -0.0172617 -0.0166356 -0.0163456 -0.0163306 -0.0165298 -0.0168901 -0.0173199 -0.0176744 -0.017877 -0.0177887 -0.0173041 -0.0163548 -0.0149167 -0.0130005 -0.010659 -0.00802252 -0.00522559 -0.00242607 0.000197182 0.00245615 0.00424177 0.00545627 0.00607701 0.0061441 0.0057868 0.00511227 0.00423836 0.00331002 0.0024068 0.00160852 0.000957032 0.000494041 0.000197208 3.51292e-06 -0.000113182 -0.000171547 -0.000213657 -0.000246205 -0.000284287 -0.00034541 -0.000445233 -0.000587436 -0.000711275 -0.000835736 -0.000975621 -0.00112643 -0.0012714 -0.00137871 -0.00147806 -0.00155962 -0.00162301 -0.00167807 -0.00171375 -0.00173589 -0.00173608 -0.00173807 -0.00175135 -0.00174506 -0.00172213 -0.00169822 -0.00169947 -0.00170582 -0.00168388 -0.00165903 -0.00164971 -0.00166061 
0 4.24767e-05 0.000107899 0.000181021 0.000239163 0.000289182 0.000358747 0.000445863 0.000520535 0.000579589 0.000648654 0.000738952 0.000821363 0.000869185 0.000905518 0.000949769 0.000990118 0.00100023 0.00097919 0.000955434 0.000925008 0.000888606 0.000847491 0.00080835 0.000782743 0.000778523 0.000828321 0.000922416 0.00104673 0.00121621 0.00146552 0.00181689 0.00225959 0.00280753 0.00349269 0.00433536 0.00535529 0.0065666 0.0079311 0.00936819 0.0107704 0.0120384 0.0130283 0.0135811 0.0135736 0.0129008 0.0115172 0.0094511 0.00683385 0.00382996 0.000636126 -0.00251929 -0.00542325 -0.00791082 -0.00983135 -0.0110867 -0.0116458 -0.0115284 -0.0107958 -0.00953372 -0.00787725 -0.00592418 -0.00376791 -0.00150021 0.000829661 0.00321075 0.00561382 0.00805771 0.0105643 0.0131493 0.0158325 0.0186358 0.0215703 0.0246319 0.0278194 0.0311233 0.0345102 0.0379459 0.0414024 0.0448056 0.0481057 0.0512393 0.0541191 0.0566702 0.0588315 0.060507 0.0616505 0.0622074 0.0621237 0.0613691 0.0599292 0.0577718 0.0549143 0.0513638 0.0471394 0.0422814 0.0368464 0.0308846 0.024484 0.0177169 0.0106721 0.00344759 -0.00385687 -0.0111497 -0.0183146 -0.0252633 -0.0318913 -0.0381002 -0.0438103 -0.0489548 -0.0534537 -0.0572766 -0.0603801 -0.0627379 -0.0643516 -0.0652298 -0.0653751 -0.0648466 -0.0636804 -0.0619385 -0.0597092 -0.0570731 -0.0541055 -0.0509169 -0.0475777 -0.0441706 -0.0407815 -0.0374792 -0.0343259 -0.0313913 -0.0287295 -0.0263857 -0.0243979 -0.0228 -0.0216016 -0.020788 -0.0203588 -0.0202586 -0.0204187 -0.0207675 -0.0211933 -0.0215509 -0.0217225 -0.0215599 -0.0209379 -0.0197701 -0.0180271 -0.0157205 -0.0129187 -0.00976517 -0.00642507 -0.00308251 4.59034e-05 0.0027551 0.00490095 0.00637483 0.00714775 0.00726941 0.00687355 0.0060947 0.00507716 0.00397794 0.00290836 0.00195332 0.00117509 0.000610401 0.000235533 -8.6436e-06 -0.000162122 -0.000249273 -0.000310004 -0.000358023 -0.000407745 -0.000479822 -0.000593184 -0.000741967 -0.000882708 -0.00102309 -0.00117877 -0.00134818 -0.00150684 -0.00163528 -0.001748 -0.00184345 -0.00192301 -0.00198923 -0.00203874 -0.0020668 -0.00207393 -0.00208093 -0.0020934 -0.00209065 -0.00206758 -0.00204605 -0.00204653 -0.00204937 -0.00202842 -0.0020005 -0.00199064 -0.00199714 
0 6.66059e-05 0.000143045 0.000234552 0.000300151 0.000368516 0.000445863 0.00053387 0.000620053 0.000680586 0.000759948 0.000844881 0.000924019 0.000979905 0.00101448 0.00106688 0.00110389 0.00112039 0.00110925 0.00108375 0.00106312 0.00102854 0.000996456 0.000966387 0.000949356 0.000966184 0.00103178 0.00114505 0.00130036 0.00150747 0.00180291 0.00221194 0.00272278 0.00336874 0.00416087 0.00513866 0.00632562 0.00771472 0.00928356 0.0109242 0.0125322 0.0139743 0.0150911 0.0157059 0.0156765 0.0148779 0.0132684 0.0108899 0.0078663 0.0044122 0.000739387 -0.00288315 -0.00621718 -0.00905831 -0.0112458 -0.0126548 -0.013264 -0.0130834 -0.0121824 -0.0106833 -0.00870381 -0.00637923 -0.00381572 -0.0011057 0.00169839 0.00455049 0.00745903 0.0104065 0.0134206 0.016515 0.0197056 0.0229974 0.0264142 0.0299379 0.0335626 0.0372784 0.0410431 0.0448137 0.0485478 0.0521791 0.0556298 0.0588488 0.0617462 0.0642487 0.0662848 0.0677954 0.0686998 0.0689658 0.0685431 0.0674066 0.0655255 0.0629154 0.0595723 0.0555304 0.0508142 0.0454768 0.0395451 0.0331023 0.0262185 0.0189709 0.011422 0.00370039 -0.00409849 -0.0118749 -0.0195442 -0.0269824 -0.0341083 -0.0408256 -0.0470642 -0.0527334 -0.0577852 -0.0621459 -0.0657747 -0.068635 -0.0707292 -0.0720314 -0.0725717 -0.0723784 -0.0714935 -0.0699646 -0.0678852 -0.0653147 -0.062342 -0.0590655 -0.0555717 -0.051942 -0.0482815 -0.0446679 -0.04117 -0.0378793 -0.0348526 -0.032147 -0.0298172 -0.0279087 -0.0264232 -0.0253897 -0.0247753 -0.0245443 -0.0246241 -0.0249262 -0.0253117 -0.0256467 -0.0257562 -0.025489 -0.0247041 -0.0232924 -0.0212257 -0.0185169 -0.0152507 -0.0115797 -0.00770526 -0.00382646 -0.000207301 0.00294494 0.00544663 0.00718093 0.0081184 0.00831502 0.00790356 0.00704636 0.00591118 0.00465669 0.00343498 0.00232279 0.00141481 0.000736226 0.000265521 -3.9808e-05 -0.000241677 -0.000362702 -0.000443116 -0.000504612 -0.000562166 -0.000638916 -0.000759594 -0.000903952 -0.00105673 -0.00121063 -0.00137679 -0.00156596 -0.00173468 -0.00188967 -0.00201854 -0.00212936 -0.0022313 -0.00230566 -0.00237168 -0.00240183 -0.00241369 -0.00242383 -0.00242653 -0.00242683 -0.00239964 -0.00238041 -0.00237636 -0.00237131 -0.00235803 -0.00233191 -0.00233237 -0.0023411 
0 8.08123e-05 0.000179464 0.000262712 0.000355896 0.000429563 0.000520535 0.000620053 0.000701758 0.000790801 0.00086253 0.00095548 0.00103157 0.00108653 0.00113978 0.00117572 0.00122118 0.00123175 0.00122668 0.00120976 0.00118647 0.00116928 0.00114431 0.00112966 0.0011285 0.00117053 0.00125303 0.00139497 0.00157654 0.00182754 0.00217499 0.00262471 0.00322418 0.00394833 0.00486197 0.00597742 0.00732073 0.00890295 0.0106539 0.0124961 0.0142976 0.0158978 0.0171231 0.0177961 0.0177174 0.0168 0.0149613 0.012269 0.00887344 0.00497043 0.000855431 -0.00320827 -0.00694746 -0.0101195 -0.0125373 -0.0140981 -0.0147229 -0.0144624 -0.0133834 -0.0116116 -0.00929632 -0.00657793 -0.00357716 -0.000394618 0.00290086 0.00628353 0.00971406 0.0132051 0.0167547 0.0203701 0.0240566 0.0278431 0.0316982 0.0356412 0.0396527 0.0436909 0.0477267 0.051727 0.0556021 0.0593066 0.0627719 0.0659007 0.0686347 0.0709165 0.0726682 0.0738357 0.0743803 0.0742408 0.0733832 0.0717895 0.069464 0.0663993 0.0626182 0.0581477 0.0530295 0.0473048 0.0410528 0.0343082 0.0271212 0.019585 0.0118141 0.00385654 -0.00419728 -0.0122296 -0.0201319 -0.0278405 -0.0352612 -0.0423148 -0.0489159 -0.0549954 -0.0604708 -0.0652924 -0.0694109 -0.0727823 -0.075364 -0.07717 -0.0782011 -0.0784642 -0.0780113 -0.0768904 -0.0751289 -0.0728132 -0.0700284 -0.0668333 -0.0633464 -0.0596639 -0.0558649 -0.0520524 -0.0483312 -0.0447568 -0.0414338 -0.0384237 -0.0357859 -0.033564 -0.0318093 -0.0305138 -0.0296867 -0.0292865 -0.0292413 -0.0294433 -0.0297616 -0.0300138 -0.0300248 -0.0296216 -0.0286258 -0.0269569 -0.0245455 -0.021422 -0.01769 -0.0135108 -0.00908634 -0.0046988 -0.000574254 0.00301621 0.00587218 0.0078882 0.00899867 0.00929229 0.00889106 0.00797427 0.00673443 0.00535304 0.0039647 0.00271724 0.00166522 0.000861325 0.000296522 -9.81724e-05 -0.000341084 -0.000511151 -0.000614159 -0.000690233 -0.000760597 -0.000846965 -0.000966649 -0.00110948 -0.00126479 -0.00142018 -0.00159965 -0.00177746 -0.00196528 -0.00212566 -0.00226721 -0.00239912 -0.00250172 -0.00260653 -0.0026701 -0.00271877 -0.00274339 -0.00275336 -0.00277132 -0.00275946 -0.00275108 -0.00273127 -0.00272236 -0.00271937 -0.00269556 -0.00268646 -0.0026773 -0.00268646 
0 9.66187e-05 0.000184616 0.000289077 0.000374653 0.000478175 0.000579589 0.000680586 0.000790801 0.000878938 0.000981053 0.00106569 0.00114302 0.00121483 0.00125743 0.00130538 0.0013274 0.00134017 0.00134076 0.00131699 0.00130938 0.00129408 0.00128867 0.00129319 0.0013133 0.00138837 0.00150365 0.00166986 0.00189839 0.00219268 0.00258412 0.00309493 0.0037427 0.00457141 0.0055836 0.00683491 0.00835265 0.0101041 0.012058 0.0140882 0.016073 0.0178186 0.0191365 0.0198256 0.0197046 0.018633 0.0165703 0.0135899 0.00981465 0.0055195 0.000979795 -0.00348811 -0.00759023 -0.0110507 -0.013684 -0.0153355 -0.0159778 -0.0156169 -0.0143334 -0.0122978 -0.00961372 -0.00646491 -0.00299336 0.000706639 0.00456034 0.00847131 0.0124734 0.0165093 0.0205916 0.0247253 0.0289134 0.0331354 0.037407 0.0417039 0.0460034 0.050278 0.0544835 0.058559 0.0624286 0.066052 0.0693256 0.0722056 0.0746296 0.0765324 0.0778374 0.0785517 0.0785801 0.0779251 0.0765733 0.0745132 0.0717056 0.0682228 0.064047 0.0592381 0.0538292 0.0478777 0.0413925 0.0344912 0.0272215 0.0196566 0.0118253 0.00385662 -0.00417621 -0.0121889 -0.0201509 -0.0279228 -0.0354482 -0.0426438 -0.0494498 -0.055766 -0.0615789 -0.0667679 -0.0712968 -0.0751275 -0.0782421 -0.08058 -0.0821862 -0.083025 -0.083129 -0.082522 -0.0812609 -0.0793749 -0.0769532 -0.0740475 -0.0707595 -0.0671732 -0.0634008 -0.059544 -0.0556958 -0.0519651 -0.0484281 -0.045167 -0.0422635 -0.0397809 -0.0377403 -0.0362195 -0.0351612 -0.0345605 -0.0343493 -0.0344047 -0.034567 -0.034701 -0.0345536 -0.0339609 -0.0327505 -0.0307833 -0.02802 -0.0244797 -0.0202761 -0.0155793 -0.0106371 -0.00571017 -0.00110769 0.00293421 0.00616765 0.008465 0.00978725 0.0101967 0.00982099 0.00886418 0.0075376 0.00601587 0.00449973 0.00309493 0.00192058 0.000997819 0.000317145 -0.000142524 -0.000459625 -0.000673195 -0.000812176 -0.000917133 -0.00100599 -0.00110639 -0.00123422 -0.00136339 -0.00151963 -0.00167499 -0.00183667 -0.00201819 -0.00218417 -0.00235796 -0.00250079 -0.00263095 -0.00275883 -0.00285463 -0.00294656 -0.00300156 -0.00304767 -0.00308731 -0.00310209 -0.00312076 -0.0031121 -0.0031094 -0.00310045 -0.00308084 -0.00307173 -0.00304586 -0.00304111 -0.00303015 
0 0.000106843 0.000215721 0.000309136 0.000424902 0.000533983 0.000648654 0.000759948 0.00086253 0.000981053 0.00107467 0.00116685 0.00124154 0.00131034 0.00137144 0.00139761 0.00142195 0.00142658 0.0014322 0.00142264 0.0014175 0.00142864 0.00144639 0.00148235 0.00153794 0.00165262 0.00179555 0.00199938 0.00225602 0.0025965 0.00303847 0.00358475 0.004318 0.00522027 0.00635382 0.0077407 0.00940794 0.011344 0.013465 0.0156775 0.0178311 0.019707 0.0210983 0.0218107 0.0216074 0.0203962 0.0181012 0.0148221 0.0107175 0.00603482 0.00112894 -0.00369287 -0.00811139 -0.0118252 -0.0146167 -0.0163673 -0.0169808 -0.0165013 -0.015004 -0.0126478 -0.009572 -0.00596335 -0.00197461 0.00227972 0.00669877 0.0112118 0.0157784 0.020377 0.0249865 0.0296039 0.0342225 0.0388589 0.0434605 0.048041 0.052556 0.0569391 0.0611536 0.0651622 0.0688515 0.0722092 0.0751616 0.0776235 0.0795637 0.080946 0.0816971 0.0818175 0.0812763 0.0800486 0.0781378 0.0755532 0.0723132 0.0684472 0.0639636 0.0588995 0.0533012 0.047211 0.0407006 0.033821 0.0266058 0.0191441 0.0115239 0.00376625 -0.00407585 -0.0119118 -0.0196782 -0.0273186 -0.0347616 -0.0419433 -0.0487856 -0.055217 -0.0611851 -0.0666296 -0.0715122 -0.0757836 -0.0793807 -0.0822879 -0.0844982 -0.0859603 -0.0867118 -0.086767 -0.0861129 -0.0848079 -0.0829257 -0.0804724 -0.0775703 -0.0742985 -0.0707261 -0.0669693 -0.063157 -0.0593551 -0.0557049 -0.0522926 -0.0492043 -0.0465017 -0.0442577 -0.0424941 -0.0412135 -0.0403973 -0.0399819 -0.0398394 -0.0398247 -0.0397571 -0.0394048 -0.0385822 -0.0370869 -0.0348159 -0.0316786 -0.0277159 -0.0230472 -0.0178471 -0.0123601 -0.00692616 -0.00181014 0.00268092 0.00629034 0.00890014 0.0104322 0.0109807 0.010658 0.00968265 0.00828625 0.00666795 0.00500698 0.00348467 0.00217154 0.00112056 0.00033771 -0.000227191 -0.000598146 -0.000873369 -0.00104506 -0.0011712 -0.00128145 -0.0013937 -0.00151971 -0.00164554 -0.0017966 -0.00194594 -0.00210648 -0.00225915 -0.00242801 -0.00258926 -0.00273469 -0.00287773 -0.00300019 -0.00312453 -0.00321203 -0.00329285 -0.00336003 -0.0034069 -0.00344584 -0.00345629 -0.00347274 -0.00347041 -0.0034574 -0.0034427 -0.00342298 -0.00341734 -0.0033976 -0.00338266 
0 0.000129982 0.00024495 0.000362238 0.000484358 0.000618305 0.000738952 0.000844881 0.00095548 0.00106569 0.00116685 0.00124202 0.00130753 0.00137952 0.00143486 0.00146804 0.00148392 0.00150143 0.00152544 0.00153143 0.00154871 0.00157999 0.00162796 0.00169634 0.00178722 0.00193693 0.0021184 0.0023502 0.00265463 0.00304413 0.00353658 0.0041472 0.00493908 0.00594166 0.00717927 0.00869711 0.01052 0.0126119 0.0149011 0.0172719 0.0195661 0.0215463 0.0229899 0.0236836 0.0234122 0.0220457 0.0195444 0.0160091 0.0115908 0.00658127 0.00133495 -0.00380673 -0.00850008 -0.0124211 -0.0153458 -0.0171206 -0.0176817 -0.0170414 -0.0152871 -0.012596 -0.00909331 -0.00498408 -0.000449938 0.00438976 0.00941568 0.0145084 0.0196518 0.0247875 0.0298927 0.0349607 0.0399825 0.0449353 0.0497915 0.054533 0.0591107 0.0634649 0.067556 0.0713247 0.0746827 0.0776208 0.0800631 0.0819652 0.0833098 0.0840558 0.0841481 0.0836204 0.0824282 0.0805876 0.0781305 0.0750698 0.0714025 0.0671988 0.0624626 0.0572433 0.0515803 0.0455164 0.039081 0.0323615 0.0253946 0.0182381 0.0109228 0.00351318 -0.00394737 -0.0114068 -0.0188489 -0.0261878 -0.0333763 -0.0403573 -0.0470757 -0.053464 -0.059505 -0.0651051 -0.0702311 -0.0748486 -0.0789053 -0.0823433 -0.0851648 -0.0872948 -0.0887389 -0.0894989 -0.0895702 -0.0889729 -0.0877646 -0.085945 -0.0835986 -0.0807927 -0.0776013 -0.0741324 -0.0705019 -0.0668098 -0.0631774 -0.0597148 -0.0565249 -0.0536866 -0.0512643 -0.0493247 -0.0478387 -0.0468069 -0.0461736 -0.0458023 -0.0455457 -0.0452452 -0.044636 -0.0435308 -0.0417365 -0.0391062 -0.0355721 -0.0311651 -0.0260111 -0.0202968 -0.014295 -0.0083404 -0.00274802 0.0021888 0.00618756 0.00910814 0.0108951 0.0116102 0.0113761 0.0104198 0.0089843 0.00727532 0.00550983 0.00385687 0.00242288 0.00124745 0.000340959 -0.000311718 -0.000770669 -0.00110103 -0.0013163 -0.00147143 -0.00159671 -0.00171741 -0.00183604 -0.00194635 -0.00208853 -0.00223408 -0.00238088 -0.0025296 -0.00268416 -0.00284991 -0.00299811 -0.00314174 -0.00328001 -0.00339798 -0.00349889 -0.00358321 -0.00366282 -0.00372412 -0.00375528 -0.00378198 -0.00380111 -0.00381356 -0.00380465 -0.00378575 -0.00378482 -0.00377874 -0.00376764 -0.00374346 
0 0.000150461 0.000282012 0.000412744 0.000550514 0.000696968 0.000821363 0.000924019 0.00103157 0.00114302 0.00124154 0.00130753 0.00136469 0.00143414 0.0014929 0.00152668 0.00154503 0.00157555 0.00161877 0.00164885 0.00168811 0.00174766 0.0018312 0.00193692 0.00206847 0.00225264 0.00246671 0.00272963 0.00307206 0.00351095 0.00405796 0.00473222 0.00560315 0.00670662 0.00806616 0.00972256 0.0116945 0.0139398 0.0163761 0.0188844 0.0212947 0.0233557 0.0248306 0.0254989 0.025143 0.0236309 0.020933 0.0171542 0.0124611 0.00715618 0.00161502 -0.00379881 -0.00872291 -0.012814 -0.0158266 -0.0176011 -0.0180617 -0.0172164 -0.0151617 -0.0120762 -0.00810657 -0.00347177 0.001629 0.00705629 0.012674 0.0183543 0.0240545 0.0297102 0.0352813 0.0407457 0.0460857 0.0512711 0.0562603 0.0610307 0.0655278 0.0696876 0.0734767 0.076847 0.0797233 0.0821026 0.0839271 0.0851568 0.0857885 0.0858057 0.0851796 0.0839546 0.0821162 0.0796854 0.0766989 0.0731843 0.0691604 0.0646912 0.0597892 0.0545013 0.048871 0.0429419 0.0367435 0.0303312 0.0237259 0.0169777 0.0101173 0.00318262 -0.00379737 -0.0107758 -0.017734 -0.0246185 -0.0314029 -0.0380498 -0.0445143 -0.0507412 -0.0567116 -0.0623552 -0.0676395 -0.0725218 -0.0769436 -0.0808526 -0.0842335 -0.0870093 -0.0891695 -0.0906932 -0.0915484 -0.0917403 -0.0913038 -0.0902269 -0.0885785 -0.0864116 -0.0837798 -0.0807801 -0.0775233 -0.0741045 -0.0706539 -0.0672913 -0.064125 -0.0612456 -0.0587337 -0.0566562 -0.0550044 -0.0537831 -0.0529395 -0.0523405 -0.051838 -0.0512632 -0.0503559 -0.0489181 -0.0467593 -0.0437306 -0.0397609 -0.034887 -0.0292371 -0.0230051 -0.0164799 -0.0100124 -0.00393119 0.0014517 0.00584579 0.0091002 0.0111589 0.0120742 0.0119687 0.0110713 0.00963192 0.00786758 0.00600719 0.00423743 0.0026708 0.00135681 0.000319425 -0.000445469 -0.000992727 -0.00138546 -0.00164307 -0.00182225 -0.00196283 -0.00208682 -0.00219461 -0.0022914 -0.00241953 -0.00255701 -0.00269129 -0.00282466 -0.00296692 -0.00312247 -0.00326786 -0.00341165 -0.00355338 -0.0036756 -0.0037807 -0.00387511 -0.00396708 -0.00403645 -0.00407068 -0.00410146 -0.00413141 -0.00415251 -0.00414636 -0.00413072 -0.00413829 -0.00414434 -0.00413734 -0.00411359 
0 0.00015608 0.000301355 0.0004303 0.00058653 0.000736775 0.000869185 0.000979905 0.00108653 0.00121483 0.00131034 0.00137952 0.00143414 0.00149973 0.0015686 0.00159704 0.0016236 0.00166246 0.00172027 0.001775 0.00183046 0.00191803 0.00203422 0.00217765 0.00235343 0.00257704 0.00283045 0.00314073 0.0035288 0.00402619 0.00463507 0.00537098 0.00632767 0.0075224 0.00900663 0.010801 0.0129159 0.0153156 0.0178897 0.0205254 0.0230321 0.0251514 0.0266313 0.0272564 0.0267957 0.0251414 0.02226 0.0182588 0.0133349 0.00777594 0.00199103 -0.00364272 -0.00874204 -0.0129501 -0.0159896 -0.0177156 -0.0180193 -0.0169249 -0.014536 -0.0110184 -0.00655903 -0.00138125 0.00430039 0.0103171 0.0165064 0.0227548 0.028964 0.0350874 0.0410602 0.0468453 0.0524026 0.0577075 0.0626847 0.0673228 0.0715713 0.075371 0.0786982 0.0815265 0.0837892 0.0854836 0.086588 0.0870615 0.0869192 0.0861691 0.0848125 0.082882 0.0804172 0.0774344 0.0739793 0.0700799 0.0657851 0.0611273 0.056152 0.050895 0.0454076 0.0397084 0.0338472 0.0278364 0.0216954 0.0154465 0.00913612 0.00276192 -0.00364066 -0.0100445 -0.0164187 -0.0227601 -0.0290356 -0.0352374 -0.0413297 -0.0472923 -0.0530792 -0.0586587 -0.0639862 -0.0690225 -0.0737019 -0.0780026 -0.0818702 -0.0852404 -0.088083 -0.0903623 -0.0920127 -0.0930387 -0.0934396 -0.0931908 -0.092346 -0.0909468 -0.0890247 -0.086666 -0.0839742 -0.0810141 -0.0779264 -0.0748247 -0.0718216 -0.0690175 -0.0665276 -0.0643922 -0.0626508 -0.0612926 -0.0602668 -0.0594478 -0.0586951 -0.0578145 -0.056579 -0.0547732 -0.052205 -0.0487459 -0.0443066 -0.0389414 -0.0327786 -0.026023 -0.0189683 -0.0119939 -0.00541481 0.000418395 0.0052238 0.00884179 0.011199 0.0123501 0.012409 0.011603 0.0101856 0.00839474 0.00645459 0.00458978 0.00289779 0.00145244 0.000292093 -0.000594859 -0.00123117 -0.00169807 -0.00200878 -0.0022237 -0.00239257 -0.00252684 -0.00262763 -0.00271377 -0.00282057 -0.00293951 -0.00305544 -0.00315886 -0.00328439 -0.00341321 -0.00354547 -0.0036826 -0.00381186 -0.0039411 -0.00404193 -0.0041516 -0.00425707 -0.00433387 -0.00438754 -0.00442404 -0.00448106 -0.00451512 -0.00451715 -0.00451183 -0.00451571 -0.00453392 -0.00451658 -0.00448859 
0 0.000168165 0.000308672 0.000460597 0.000606708 0.000771838 0.000905518 0.00101448 0.00113978 0.00125743 0.00137144 0.00143486 0.0014929 0.0015686 0.00163007 0.00167569 0.0016991 0.00175415 0.00182959 0.00190513 0.0019898 0.00210387 0.00225648 0.00244305 0.00266763 0.00292907 0.0032397 0.00358837 0.00404006 0.00459257 0.00525557 0.00607686 0.00709324 0.00840234 0.00999723 0.0119256 0.0141875 0.0167175 0.0194288 0.0221774 0.024762 0.0269242 0.0284043 0.0289529 0.0284016 0.0265872 0.0235363 0.0193451 0.0142088 0.00846274 0.00248901 -0.00329809 -0.00849875 -0.0127429 -0.0157644 -0.0173568 -0.0174693 -0.0160832 -0.01332 -0.00935876 -0.00439795 0.0013328 0.00758197 0.0141679 0.0209218 0.0276733 0.0343519 0.0408612 0.0471322 0.0531118 0.0587661 0.0640106 0.0688334 0.0731783 0.0770117 0.0803024 0.0830423 0.0851812 0.0867197 0.0876426 0.0879342 0.0876026 0.0866773 0.0851619 0.0830914 0.0805221 0.0774749 0.0739968 0.0701499 0.0659704 0.0614779 0.0567401 0.0517917 0.0466699 0.0414056 0.0360343 0.0305527 0.0249977 0.0193845 0.0137222 0.00799941 0.00225828 -0.00349056 -0.00924234 -0.0150019 -0.0207345 -0.0264495 -0.0321339 -0.0377762 -0.04336 -0.0488815 -0.0542807 -0.059529 -0.064602 -0.069454 -0.0740231 -0.0782786 -0.0821597 -0.0856006 -0.0885596 -0.0909892 -0.0928415 -0.0940915 -0.0947391 -0.0947717 -0.0942281 -0.093143 -0.0915737 -0.0895793 -0.0872689 -0.0847115 -0.0820432 -0.0793732 -0.0768148 -0.0744599 -0.0724087 -0.0706613 -0.0692363 -0.0680833 -0.0670757 -0.0660721 -0.0648956 -0.0633094 -0.061104 -0.05812 -0.0541844 -0.0492669 -0.043393 -0.0367025 -0.0294099 -0.0218344 -0.0143194 -0.00725056 -0.000945959 0.00429745 0.00828437 0.0109826 0.0123874 0.0126441 0.0119642 0.0106023 0.00880441 0.00683194 0.00487325 0.00308361 0.00152004 0.000226223 -0.000759391 -0.00151227 -0.00204114 -0.00241523 -0.00267602 -0.00286936 -0.00302283 -0.00311881 -0.0031942 -0.00327938 -0.00337665 -0.00346022 -0.00354533 -0.00363182 -0.00374062 -0.00385204 -0.00396781 -0.00409924 -0.00420564 -0.00432366 -0.00443525 -0.00455355 -0.00465077 -0.00470127 -0.00476832 -0.00482673 -0.00488091 -0.00489258 -0.00488304 -0.00490528 -0.00491123 -0.00490705 -0.00487257 
0 0.000175551 0.000343687 0.000487093 0.000657845 0.00081177 0.000949769 0.00106688 0.00117572 0.00130538 0.00139761 0.00146804 0.00152668 0.00159704 0.00167569 0.00172021 0.00176909 0.00184188 0.00194258 0.00205795 0.00217567 0.00232795 0.00252375 0.00275368 0.00302776 0.00333649 0.00368282 0.00409361 0.00458522 0.00519649 0.00592618 0.00680968 0.00793092 0.00932899 0.0110569 0.0131212 0.0155097 0.0181733 0.0209964 0.0238358 0.0264811 0.0286657 0.0301165 0.0306101 0.0299334 0.0279954 0.0247924 0.0204287 0.0151489 0.00925542 0.0031636 -0.00269754 -0.0079241 -0.0121424 -0.0150458 -0.0164805 -0.0163269 -0.0146143 -0.0114653 -0.00703536 -0.00157364 0.00467664 0.0114768 0.0185956 0.0258331 0.0330572 0.0401031 0.046896 0.0533405 0.0593682 0.0649174 0.0699624 0.0744419 0.0783393 0.0816321 0.0842925 0.0863034 0.0876735 0.0883956 0.0884669 0.087931 0.0867908 0.0850777 0.0828432 0.0801398 0.0769834 0.0734615 0.0696026 0.0654509 0.061054 0.056495 0.0517807 0.0469609 0.04205 0.0370862 0.0320667 0.0270374 0.0219817 0.016916 0.0118383 0.00678352 0.00171179 -0.00336585 -0.00845768 -0.0135432 -0.0186563 -0.0237742 -0.028913 -0.034056 -0.0392109 -0.044338 -0.0494647 -0.054554 -0.059565 -0.0644458 -0.0691861 -0.0736981 -0.0779485 -0.0818844 -0.085443 -0.0885502 -0.0911822 -0.0932775 -0.0948082 -0.0957676 -0.0961559 -0.0959801 -0.095286 -0.0941368 -0.0925836 -0.0907343 -0.0886841 -0.0865322 -0.0843837 -0.0823589 -0.0804954 -0.0788744 -0.0774815 -0.0762648 -0.0751298 -0.0739309 -0.0724605 -0.0705413 -0.0679454 -0.0645026 -0.060107 -0.0546782 -0.0482836 -0.0410575 -0.0332219 -0.0250988 -0.0170652 -0.00947236 -0.00269817 0.00298592 0.00738863 0.010427 0.0121376 0.0126299 0.0121163 0.0108499 0.00909394 0.00709544 0.00508796 0.00319748 0.00152118 0.000120462 -0.000997997 -0.00183325 -0.00244603 -0.00287477 -0.0031715 -0.0033975 -0.00355291 -0.00364846 -0.00371489 -0.0037769 -0.00385128 -0.00391681 -0.00397006 -0.00404221 -0.00411853 -0.00421416 -0.00432237 -0.00442583 -0.00453785 -0.00463311 -0.00475329 -0.00487285 -0.00496145 -0.00503599 -0.00509032 -0.00517415 -0.00522863 -0.00524779 -0.00526046 -0.00527067 -0.00530413 -0.00529115 -0.00527111 
0 0.000189353 0.000358733 0.000527131 0.000689089 0.000852502 0.000990118 0.00110389 0.00122118 0.0013274 0.00142195 0.00148392 0.00154503 0.0016236 0.0016991 0.00176909 0.00183592 0.00193969 0.0020756 0.00223146 0.00239547 0.00259057 0.00282534 0.00310226 0.00342263 0.00376349 0.0041634 0.00460917 0.00516434 0.00583095 0.00662412 0.0076114 0.00881468 0.0103423 0.0121941 0.0143958 0.0169222 0.0196981 0.0226266 0.0255411 0.0282139 0.0303913 0.0318038 0.0321954 0.0314256 0.0293577 0.0260427 0.0215738 0.0161911 0.0102341 0.00409242 -0.00178295 -0.00696708 -0.0110762 -0.013829 -0.0150073 -0.0145577 -0.0124826 -0.00891954 -0.0040381 0.00189541 0.008646 0.0159345 0.0235188 0.0311894 0.0387488 0.0460553 0.0529853 0.0594386 0.065344 0.07066 0.0753085 0.0793101 0.082613 0.085218 0.0871301 0.0883569 0.0888739 0.0887469 0.0879662 0.0865852 0.0846567 0.0822385 0.0793614 0.0760991 0.0724859 0.0685803 0.064431 0.0601092 0.0556571 0.051107 0.0464972 0.0418726 0.0372432 0.0326231 0.0280259 0.0234517 0.0189116 0.0144183 0.00996393 0.00553188 0.00112243 -0.00327676 -0.00769174 -0.0121372 -0.0166133 -0.0211323 -0.0256959 -0.030305 -0.0349782 -0.0397135 -0.0444937 -0.0493029 -0.0541355 -0.0589559 -0.0637182 -0.0683658 -0.0728693 -0.0771462 -0.0811567 -0.0848545 -0.0881744 -0.0910377 -0.0934407 -0.0952977 -0.0966122 -0.0973927 -0.0976544 -0.0974175 -0.0967812 -0.0957663 -0.0944851 -0.0930219 -0.0914715 -0.0899178 -0.0884463 -0.0870842 -0.0858464 -0.0846842 -0.0835005 -0.0821613 -0.0804715 -0.0782497 -0.0752785 -0.071416 -0.066522 -0.0605889 -0.0536522 -0.0458731 -0.0374899 -0.0288386 -0.0202648 -0.0121783 -0.00491824 0.0012355 0.00605955 0.00950761 0.0115538 0.0123382 0.0120426 0.0109146 0.00922856 0.00725482 0.00519611 0.00323585 0.00146088 -6.21403e-05 -0.00127831 -0.00223193 -0.00290839 -0.00340171 -0.00374297 -0.00398191 -0.00414854 -0.00423312 -0.00429019 -0.00433275 -0.00438659 -0.00443183 -0.00447367 -0.00451539 -0.00457374 -0.0046468 -0.0047291 -0.00482062 -0.00489782 -0.00499049 -0.00509053 -0.00520104 -0.00529395 -0.00535962 -0.00543655 -0.00551285 -0.00558203 -0.00561528 -0.00563282 -0.00566576 -0.00568983 -0.00569622 -0.0056785 
0 0.0001889 0.000370342 0.000535952 0.000706622 0.000861004 0.00100023 0.00112039 0.00123175 0.00134017 0.00142658 0.00150143 0.00157555 0.00166246 0.00175415 0.00184188 0.00193969 0.00207018 0.00223447 0.00242637 0.00263223 0.00286542 0.00314444 0.00346641 0.00383426 0.00422208 0.00465953 0.00516409 0.00576751 0.00649605 0.00736703 0.00844565 0.00977087 0.0114204 0.0134196 0.0157697 0.0184286 0.0213181 0.0243359 0.0272981 0.0299812 0.03213 0.0334778 0.0337898 0.0329083 0.0307487 0.0273482 0.0228069 0.0173893 0.0114281 0.00531409 -0.000484771 -0.00554614 -0.00948555 -0.0120063 -0.0129163 -0.0121302 -0.00968251 -0.00571186 -0.000386648 0.00599901 0.0131822 0.0208917 0.0288423 0.036801 0.0445774 0.0519848 0.0588915 0.0651947 0.0708188 0.0757123 0.0798418 0.0832183 0.0858123 0.0876417 0.0887287 0.0890789 0.0887238 0.0877387 0.0861331 0.0839906 0.08137 0.0783137 0.0748887 0.0711775 0.0672051 0.0630551 0.0587722 0.0543927 0.0499608 0.0455333 0.0411208 0.0367508 0.0324338 0.0281915 0.0240229 0.0199413 0.0159387 0.0120093 0.0081385 0.00432362 0.000534641 -0.00323895 -0.00701935 -0.0108233 -0.0146779 -0.0185932 -0.0225928 -0.0266809 -0.0308665 -0.0351415 -0.0395312 -0.0440207 -0.0485869 -0.0532112 -0.0578766 -0.0625189 -0.0671256 -0.0716328 -0.0759775 -0.0801124 -0.0839821 -0.0875009 -0.0906522 -0.0933589 -0.0955852 -0.0973219 -0.0985617 -0.0993136 -0.0996434 -0.0995831 -0.0992068 -0.0985831 -0.0977889 -0.0968958 -0.0959581 -0.0950301 -0.094107 -0.0931337 -0.0920379 -0.0906691 -0.0888289 -0.0863658 -0.0830647 -0.0787838 -0.0734359 -0.0669974 -0.0595347 -0.0512162 -0.042289 -0.0330981 -0.0239967 -0.0153896 -0.00763738 -0.00100565 0.00428491 0.00815107 0.0105924 0.0117146 0.0116901 0.0107582 0.00919446 0.00726983 0.00519952 0.00317343 0.00130678 -0.000318108 -0.00165385 -0.00269616 -0.00345411 -0.00400578 -0.00438753 -0.004654 -0.00482165 -0.00491018 -0.00495852 -0.00498249 -0.00501343 -0.00503677 -0.00505135 -0.00506335 -0.00508599 -0.00513059 -0.00518848 -0.00524701 -0.00530961 -0.00537999 -0.00546994 -0.00556845 -0.00565136 -0.00572959 -0.00580058 -0.00588366 -0.00595023 -0.0059924 -0.00602898 -0.00605934 -0.00609691 -0.00610242 -0.00609683 
