0 0 0 0 0 0 0 0 0 0 0 0 0 0 0 0 0 0 0 0 0 0 0 0 0 0 0 0 0 0 0 0 0 0 0 0 0 0 0 0 0 0 0 0 0 0 0 0 0 0 0 0 0 0 0 0 0 0 0 0 0 0 0 0 0 0 0 0 0 0 0 0 0 0 0 0 0 0 0 0 0 0 0 0 0 0 0 0 0 0 0 0 0 0 0 0 0 0 0 0 0 0 0 0 0 0 0 0 0 0 0 0 0 0 0 0 0 0 0 0 0 0 0 0 0 0 0 0 0 0 0 0 0 0 0 0 0 0 0 0 0 0 0 0 0 0 0 0 0 0 0 0 0 0 0 0 0 0 0 0 0 0 0 0 0 0 0 0 0 0 0 0 0 0 0 0 0 0 0 0 0 0 0 0 0 0 0 0 0 0 0 0 0 0 0 0 0 0 0 0 
0 -5.06293e-06 -3.60348e-06 6.64571e-06 3.52332e-06 5.34025e-06 1.33546e-05 2.28245e-05 3.00617e-05 3.01619e-05 4.66635e-05 5.95002e-05 6.47871e-05 6.713e-05 6.76067e-05 7.9845e-05 7.87279e-05 8.15168e-05 8.5688e-05 8.55228e-05 9.26034e-05 9.03913e-05 9.95238e-05 0.000104077 0.000113643 0.000133893 0.000142312 0.000151152 0.000158832 0.000175693 0.000191595 0.000198226 0.000206764 0.000220427 0.000226891 0.000241129 0.000254765 0.000268259 0.000294662 0.000328006 0.000387545 0.000446729 0.000529734 0.000641678 0.000784123 0.000968535 0.00120297 0.00149035 0.00183558 0.00226433 0.00277194 0.00336808 0.00403287 0.00476316 0.00551843 0.00627479 0.00699032 0.00762858 0.00813432 0.00848684 0.00866555 0.0086427 0.00844724 0.00807591 0.0075427 0.00687554 0.00610218 0.00522898 0.00431867 0.00337557 0.00244002 0.00152812 0.000652372 -0.000191019 -0.000989691 -0.00175578 -0.00247311 -0.00313653 -0.00372871 -0.00423601 -0.00464773 -0.00495229 -0.00515751 -0.00526392 -0.00528115 -0.00522067 -0.00509434 -0.00490249 -0.00467215 -0.00437942 -0.0040426 -0.00368941 -0.00332894 -0.00295085 -0.00259862 -0.00225915 -0.00193944 -0.00162972 -0.00132831 -0.00102308 -0.000733229 -0.000431853 -0.000137658 0.000158216 0.000451674 0.000747569 0.00104539 0.00138087 0.00172308 0.00208187 0.00246124 0.00284693 0.00320261 0.00353312 0.00381265 0.00404109 0.00419769 0.00427095 0.00424336 0.00409806 0.0038112 0.00337618 0.00277793 0.00202412 0.00113385 0.000123781 -0.000957683 -0.00207823 -0.00318894 -0.00424797 -0.00521236 -0.00605289 -0.00672041 -0.00721814 -0.00750718 -0.00760459 -0.00752337 -0.00728874 -0.00693361 -0.00652108 -0.00606604 -0.00561741 -0.00519632 -0.00479855 -0.00442626 -0.00407195 -0.00372561 -0.00337403 -0.00303467 -0.00269117 -0.00235608 -0.00202485 -0.00171416 -0.00142122 -0.00116316 -0.000942896 -0.000765255 -0.000614385 -0.000497477 -0.000418102 -0.000350549 -0.000316658 -0.000289022 -0.000269281 -0.000251766 -0.000241248 -0.000242848 -0.000240392 -0.000234791 -0.000234914 -0.000231396 -0.000229635 -0.000236549 -0.000233671 -0.00023406 -0.000226257 -0.00023066 -0.000233807 -0.000221756 -0.000219744 -0.000213327 -0.000214794 -0.000207559 -0.000199746 -0.000202352 -0.000199764 -0.000205424 -0.000206862 -0.000208895 -0.000211891 -0.000213777 -0.000223492 -0.000225066 -0.000225582 -0.000226969 -0.000226905 -0.000224466 -0.00021378 -0.000211898 -0.000213303 
0 -3.60348e-06 1.7196e-05 2.84547e-05 3.8766e-05 3.21885e-05 4.95494e-05 6.72713e-05 6.39933e-05 7.11721e-05 7.80156e-05 0.000106987 0.000108242 0.000107465 0.000122084 0.000131037 0.000149655 0.000146899 0.000164968 0.000176565 0.000185907 0.000203059 0.000210595 0.000228632 0.000243362 0.000275636 0.000294312 0.000304922 0.00031953 0.000353367 0.000382445 0.000396145 0.00042244 0.00044019 0.000471155 0.00048985 0.000519922 0.000550481 0.000584621 0.000662728 0.000765193 0.000891371 0.00106456 0.00129701 0.0015966 0.00198716 0.00246047 0.00305443 0.00375195 0.00460252 0.00563153 0.00680045 0.00812925 0.00957111 0.0110597 0.0125497 0.0139636 0.0152035 0.0162062 0.0168858 0.017214 0.0171553 0.0167214 0.015947 0.0148535 0.0134973 0.0119422 0.0102321 0.00842808 0.00659783 0.00476872 0.00297778 0.00125405 -0.0003927 -0.00197319 -0.00345221 -0.00483529 -0.00611919 -0.00725457 -0.0082286 -0.00904498 -0.00965152 -0.0100695 -0.0103186 -0.010376 -0.0102832 -0.0100641 -0.00969149 -0.0092094 -0.00865823 -0.00803197 -0.00735482 -0.00664952 -0.00594271 -0.00525481 -0.00457212 -0.00390624 -0.00328134 -0.0026677 -0.00206358 -0.00147396 -0.000879107 -0.00028988 0.000286958 0.000886815 0.0015042 0.00213574 0.0027943 0.00348013 0.00420073 0.00493493 0.00563878 0.00633217 0.00698915 0.00753575 0.00797489 0.0082814 0.0083911 0.00830528 0.00798902 0.00737987 0.00649187 0.00530533 0.00380947 0.00205811 9.87363e-05 -0.00202715 -0.00421858 -0.00639718 -0.00848392 -0.0103873 -0.0120139 -0.0133248 -0.0142644 -0.0148041 -0.0149749 -0.0148043 -0.0143319 -0.0136578 -0.0128476 -0.0119685 -0.0111061 -0.0102773 -0.00951181 -0.00879099 -0.0081012 -0.00743131 -0.00675533 -0.00607618 -0.00541858 -0.00474305 -0.00409336 -0.00348212 -0.00289822 -0.00239304 -0.00195844 -0.00159728 -0.00129507 -0.00105347 -0.000870589 -0.000739525 -0.000642548 -0.000592812 -0.000547259 -0.000509413 -0.000501156 -0.000496413 -0.000498174 -0.000483716 -0.000477836 -0.000465026 -0.000458169 -0.000456917 -0.000456527 -0.000444013 -0.000431403 -0.000443585 -0.000440092 -0.000438461 -0.000424019 -0.000432129 -0.000438691 -0.000427996 -0.000430677 -0.000422479 -0.000432487 -0.00043028 -0.000432389 -0.000433776 -0.000423468 -0.000430106 -0.000428944 -0.000431669 -0.000424745 -0.000424212 -0.00043296 -0.000426142 -0.000421629 -0.000419038 -0.000429911 
0 6.64571e-06 2.84547e-05 6.28047e-05 6.09077e-05 6.57596e-05 8.53796e-05 0.000105723 0.000112707 9.98806e-05 0.000122845 0.000142703 0.000148594 0.000153394 0.000162181 0.000198975 0.000207723 0.000223764 0.000247776 0.000265613 0.000298316 0.000308296 0.000334931 0.000346756 0.000366009 0.00041026 0.000430419 0.000453228 0.00047954 0.000530886 0.000580611 0.000607334 0.000639152 0.00068289 0.000712392 0.000756976 0.000800218 0.000843433 0.000918443 0.00102213 0.0011966 0.0013888 0.0016568 0.00201918 0.00248373 0.00307834 0.00382217 0.00472383 0.00579409 0.00709491 0.00861908 0.01038 0.0123315 0.0144525 0.0166383 0.0188167 0.0208708 0.0226887 0.0241175 0.0250807 0.0255119 0.0253394 0.0246316 0.0234029 0.0217112 0.0196552 0.0173308 0.0147792 0.0121543 0.00947617 0.00682996 0.00425062 0.00176815 -0.000618643 -0.00287311 -0.00500668 -0.00698036 -0.00878602 -0.0103928 -0.0117859 -0.0129529 -0.0138659 -0.0145349 -0.0149455 -0.0150974 -0.0150084 -0.0147055 -0.0141985 -0.0135669 -0.0127797 -0.0118859 -0.0109495 -0.00998237 -0.00895238 -0.0079475 -0.00693961 -0.00595236 -0.00498304 -0.00404235 -0.00311485 -0.00224123 -0.00135304 -0.000475346 0.000424333 0.00134571 0.00229209 0.00324998 0.00428028 0.00530142 0.00632893 0.00737585 0.00841734 0.00938655 0.0102937 0.0110682 0.0116905 0.0120902 0.0122151 0.0120177 0.0114611 0.0105007 0.00913939 0.00735601 0.0051703 0.0026267 -0.000237915 -0.00331371 -0.0065082 -0.00968323 -0.0127078 -0.0154459 -0.0177977 -0.0196389 -0.020969 -0.0217113 -0.0219215 -0.0216489 -0.0209671 -0.0199727 -0.0188209 -0.0175623 -0.0163219 -0.0151556 -0.0140589 -0.0130347 -0.01206 -0.0111047 -0.0101327 -0.00917781 -0.00820599 -0.00724115 -0.00628175 -0.00537049 -0.00450706 -0.00373827 -0.00307474 -0.00252473 -0.00205226 -0.00167306 -0.0013949 -0.00116393 -0.00102577 -0.00092182 -0.000847634 -0.000789497 -0.000757751 -0.000757857 -0.000749503 -0.000731192 -0.000723225 -0.000704814 -0.000690618 -0.000695256 -0.000678777 -0.00066722 -0.000641659 -0.000649843 -0.000658269 -0.000637398 -0.000641465 -0.000643312 -0.000663206 -0.00066067 -0.00065275 -0.000661008 -0.000653902 -0.00065971 -0.00065455 -0.00064856 -0.000642905 -0.000635099 -0.000643466 -0.000634427 -0.000626381 -0.000628864 -0.000635675 -0.000639381 -0.000625989 -0.000632441 -0.00064522 
0 3.52332e-06 3.8766e-05 6.09077e-05 7.34852e-05 6.90444e-05 0.000100061 0.000134147 0.000136888 0.000145609 0.000159898 0.000201284 0.000209199 0.000215315 0.000243796 0.000268867 0.000296819 0.000298417 0.000327317 0.00035334 0.000380275 0.000412935 0.000434227 0.000463435 0.000491318 0.000545148 0.000581532 0.000609535 0.000645518 0.000710503 0.000768055 0.000801619 0.00085227 0.000899393 0.000965683 0.00102362 0.00109921 0.00118196 0.00128451 0.00146086 0.00169583 0.00198409 0.00236659 0.00287086 0.00351481 0.00433819 0.00534045 0.00657219 0.00802059 0.00975644 0.0118081 0.0141218 0.0166983 0.0194578 0.022282 0.0250747 0.0276956 0.0299701 0.0317598 0.0329141 0.0333614 0.0330383 0.031977 0.0302475 0.0279262 0.0251439 0.0220391 0.0187142 0.0152904 0.0118697 0.00850137 0.00523491 0.00210874 -0.000861957 -0.00368318 -0.00630941 -0.0087444 -0.0109886 -0.0129898 -0.0147387 -0.0162435 -0.0174341 -0.018326 -0.0189251 -0.0191918 -0.0191678 -0.0188861 -0.018324 -0.0175572 -0.0166432 -0.01559 -0.0144355 -0.0132082 -0.0119341 -0.0106464 -0.00932976 -0.0080126 -0.00673578 -0.00547603 -0.00423637 -0.00302875 -0.00181651 -0.000607578 0.000600565 0.0018536 0.00314383 0.00445466 0.00579433 0.0071424 0.00850153 0.00984311 0.011113 0.0123265 0.0134494 0.0143726 0.0150772 0.0155002 0.0155396 0.0151764 0.0143609 0.013018 0.0111773 0.00882302 0.00595586 0.00265348 -0.00101184 -0.00496001 -0.00902628 -0.0130592 -0.0168961 -0.0203601 -0.0232865 -0.0255898 -0.0271965 -0.0280761 -0.0282934 -0.0279149 -0.0270255 -0.0257841 -0.0243167 -0.0227364 -0.021185 -0.0197094 -0.0183519 -0.0170887 -0.0158923 -0.0147275 -0.0135453 -0.0123415 -0.011133 -0.00987487 -0.00862574 -0.00741789 -0.00625502 -0.00522054 -0.00431843 -0.00355637 -0.00291154 -0.0023877 -0.00198121 -0.00167502 -0.0014504 -0.00130953 -0.00119261 -0.00109963 -0.00105745 -0.0010328 -0.00101971 -0.000988256 -0.000970312 -0.000945152 -0.000929984 -0.000926177 -0.000918934 -0.000895729 -0.000873131 -0.00088723 -0.000883723 -0.000875237 -0.000855291 -0.000865295 -0.000877143 -0.000866138 -0.000868204 -0.000858963 -0.000868084 -0.000864315 -0.000865762 -0.000866572 -0.000854985 -0.00086323 -0.0008623 -0.000860268 -0.000846383 -0.000846663 -0.000862278 -0.000856501 -0.000848007 -0.000844505 -0.000858219 
0 5.34025e-06 3.21885e-05 6.57596e-05 6.90444e-05 7.69267e-05 0.000110652 0.00015087 0.000171736 0.000178203 0.00021447 0.000254316 0.000273704 0.000288332 0.000313503 0.000356558 0.000374816 0.000388087 0.000413534 0.000439609 0.000477573 0.000503817 0.000539327 0.000569343 0.000609197 0.000675414 0.000722386 0.000765838 0.000817368 0.000894397 0.000967127 0.00101483 0.00107172 0.00114533 0.00122189 0.00131659 0.00142458 0.00154894 0.00172165 0.00196265 0.00229783 0.00269377 0.00320576 0.00386944 0.00470843 0.00576224 0.0070595 0.00862383 0.0104719 0.0126686 0.0152141 0.0180884 0.0212333 0.0245775 0.0279782 0.0313078 0.0343945 0.0370529 0.0390752 0.0403189 0.0406822 0.040091 0.0386175 0.0363328 0.0333533 0.0298506 0.0259932 0.0219009 0.0177605 0.0136528 0.0096709 0.00586364 0.00226088 -0.00114221 -0.00433332 -0.0073214 -0.0100925 -0.0126471 -0.0149541 -0.0169991 -0.0187658 -0.0202105 -0.0213326 -0.0221152 -0.0225434 -0.022639 -0.0224278 -0.0219171 -0.0211785 -0.0202058 -0.0190399 -0.0177457 -0.0163461 -0.0148375 -0.0133012 -0.0117293 -0.0101471 -0.00856556 -0.00699003 -0.00541465 -0.00387015 -0.00230819 -0.000749081 0.000825739 0.00242217 0.0040361 0.00565801 0.00732778 0.0089777 0.0106058 0.0122042 0.0137251 0.0151064 0.016328 0.0173041 0.0179985 0.0183332 0.0182302 0.0176361 0.0165008 0.0147703 0.0124504 0.00953219 0.00604455 0.00206041 -0.0023431 -0.00702731 -0.0118343 -0.0165696 -0.0210379 -0.0250401 -0.0284145 -0.0310219 -0.0328279 -0.0337817 -0.0339598 -0.0334519 -0.0323728 -0.0308794 -0.0291586 -0.0273211 -0.0255253 -0.0238505 -0.0223097 -0.0208947 -0.0195646 -0.0182631 -0.0169319 -0.0155731 -0.0141549 -0.0126793 -0.0111677 -0.0096751 -0.0082306 -0.00691125 -0.00575126 -0.0047632 -0.00392043 -0.00323367 -0.00270203 -0.00228041 -0.00198594 -0.00176806 -0.00159687 -0.00145963 -0.00137022 -0.00132434 -0.00128514 -0.00124418 -0.00121949 -0.00119226 -0.00117615 -0.00117743 -0.00116239 -0.00114194 -0.0011158 -0.00112455 -0.00112803 -0.00110285 -0.00108861 -0.00108254 -0.00109042 -0.00107975 -0.0010689 -0.00107042 -0.00106699 -0.00107164 -0.00107191 -0.00107217 -0.00107326 -0.00107866 -0.00109281 -0.00108818 -0.001078 -0.00108038 -0.00109057 -0.00109 -0.00106979 -0.00106552 -0.00107027 
0 1.33546e-05 4.95494e-05 8.53796e-05 0.000100061 0.000110652 0.000146043 0.000187115 0.000206684 0.00022096 0.000254441 0.000297467 0.000319128 0.000335373 0.000368318 0.000411579 0.000442675 0.000462497 0.000495262 0.000532772 0.000575584 0.000616158 0.00065753 0.000700464 0.00075248 0.00082386 0.000882093 0.000933181 0.000994785 0.0010807 0.00116331 0.00122777 0.00130481 0.00139966 0.00151261 0.00164244 0.00179547 0.00197669 0.0022141 0.00254422 0.00297839 0.0035084 0.00417934 0.00503429 0.00610481 0.00743205 0.0090416 0.0109645 0.0132177 0.0158558 0.0188867 0.0222685 0.0259425 0.029807 0.0337066 0.0374818 0.0409365 0.0438456 0.0459907 0.0471965 0.0473538 0.0464095 0.0444325 0.0415352 0.0378705 0.0336402 0.0290472 0.0242613 0.0194668 0.0147895 0.0103194 0.00611059 0.00218585 -0.00146675 -0.0048695 -0.0080363 -0.0109847 -0.0137236 -0.0162259 -0.0184728 -0.0204465 -0.022097 -0.0234184 -0.0244006 -0.0250254 -0.02531 -0.0252692 -0.0248961 -0.0242374 -0.0233127 -0.0221468 -0.0207865 -0.019268 -0.0176202 -0.0158974 -0.0141063 -0.0122734 -0.0104205 -0.00854366 -0.00664367 -0.00473887 -0.00281123 -0.00088019 0.00105189 0.00299567 0.0049445 0.006887 0.00883492 0.0107542 0.0126309 0.014431 0.0160954 0.0175789 0.0188348 0.019774 0.0203536 0.0205077 0.0201611 0.0192697 0.0177815 0.0156395 0.0128472 0.00940211 0.00533814 0.000745308 -0.00426807 -0.00955715 -0.014931 -0.020185 -0.0251077 -0.0294866 -0.0331386 -0.0359356 -0.0378141 -0.0387524 -0.0388291 -0.0381548 -0.0368707 -0.0351651 -0.0332283 -0.0312098 -0.0292663 -0.0274771 -0.0258624 -0.0243952 -0.0230222 -0.0216718 -0.0202773 -0.0188152 -0.0172629 -0.015606 -0.0138809 -0.0121419 -0.010437 -0.00885429 -0.00743955 -0.00621055 -0.00515471 -0.00427908 -0.00357929 -0.00302856 -0.00261818 -0.00231413 -0.00207101 -0.00187733 -0.00174539 -0.00166023 -0.00159538 -0.00153482 -0.00149101 -0.00145164 -0.00142589 -0.00141436 -0.00139426 -0.00136429 -0.00133928 -0.00134556 -0.00134713 -0.00132942 -0.0013112 -0.00130873 -0.00131356 -0.00130554 -0.00130004 -0.00129898 -0.00130125 -0.00130233 -0.00130157 -0.00129795 -0.00129287 -0.001298 -0.0013052 -0.00130077 -0.00128859 -0.00128809 -0.00129751 -0.00129476 -0.00128109 -0.00127919 -0.00128882 
0 2.28245e-05 6.72713e-05 0.000105723 0.000134147 0.00015087 0.000187115 0.000226049 0.000243657 0.000265065 0.000293908 0.000336913 0.000360952 0.000379784 0.00041975 0.000462801 0.000508299 0.000539028 0.000581832 0.000633262 0.000682187 0.000737038 0.000782541 0.000835633 0.000896443 0.000967945 0.00103609 0.00109643 0.00117246 0.00127025 0.00136806 0.0014574 0.0015612 0.00168476 0.00184146 0.00201731 0.00222766 0.00248156 0.00280244 0.00324 0.00379283 0.00448174 0.00533894 0.00641423 0.00774647 0.00937424 0.0113193 0.0136126 0.0162735 0.0193374 0.0228188 0.0266582 0.0307958 0.0351012 0.0394109 0.0435308 0.0472396 0.0502759 0.0524126 0.053451 0.0532801 0.0518808 0.0493231 0.0457652 0.0413975 0.0364514 0.0311596 0.0257443 0.020386 0.0152538 0.010433 0.00597859 0.00189625 -0.00184047 -0.0052899 -0.00847812 -0.0114508 -0.0142251 -0.0167872 -0.0191229 -0.0212168 -0.023027 -0.0245369 -0.0257352 -0.0265931 -0.0271129 -0.0272943 -0.0271286 -0.0266297 -0.0258343 -0.024756 -0.02343 -0.0218927 -0.0201905 -0.018347 -0.0163897 -0.0143407 -0.0122311 -0.0100598 -0.00784688 -0.005599 -0.00332692 -0.00103638 0.00125209 0.00354445 0.00582342 0.0080784 0.0102846 0.0124299 0.0144845 0.0164058 0.0181316 0.0196275 0.0208229 0.0216425 0.0220315 0.0219335 0.0212761 0.0200235 0.0181295 0.0155519 0.0122928 0.00836437 0.00380587 -0.00128564 -0.00677855 -0.0125226 -0.0183021 -0.0239033 -0.0291023 -0.0336825 -0.0374499 -0.0402926 -0.0421247 -0.0429571 -0.0428656 -0.0419833 -0.040479 -0.0385727 -0.0364591 -0.0343288 -0.032327 -0.0305284 -0.0289491 -0.0275367 -0.0262195 -0.0249091 -0.0235328 -0.0220422 -0.0204244 -0.0186522 -0.0167725 -0.0148339 -0.0129049 -0.0110761 -0.00940778 -0.00792465 -0.00663424 -0.0055422 -0.00464357 -0.0039337 -0.00337891 -0.00296204 -0.00262662 -0.00236158 -0.0021732 -0.00203818 -0.00193879 -0.00185334 -0.00178466 -0.00172939 -0.00169107 -0.00166286 -0.00163567 -0.00159482 -0.00156907 -0.0015672 -0.0015635 -0.0015538 -0.00153495 -0.00153907 -0.00154342 -0.00154078 -0.00154022 -0.00153515 -0.00154064 -0.00153691 -0.00153377 -0.00152504 -0.00151285 -0.00151513 -0.00151387 -0.0015098 -0.00149878 -0.00149811 -0.00150708 -0.00150282 -0.00149639 -0.00149658 -0.00150899 
0 3.00617e-05 6.39933e-05 0.000112707 0.000136888 0.000171736 0.000206684 0.000243657 0.000278911 0.00030012 0.000347977 0.000384839 0.000423137 0.00045485 0.000489796 0.000545864 0.000582956 0.000630957 0.0006727 0.000726879 0.00078796 0.000839831 0.000900212 0.000956581 0.00102996 0.00110695 0.00118561 0.00126293 0.00135925 0.00146808 0.00158612 0.00170715 0.00183442 0.00200685 0.00220066 0.00244763 0.00273045 0.00307454 0.00352109 0.00408167 0.00479678 0.00567445 0.00675087 0.00807697 0.00969537 0.011629 0.0139241 0.0165725 0.0196255 0.0230973 0.0269739 0.0312345 0.0357604 0.0404249 0.0450446 0.0493908 0.0532092 0.0562433 0.0582181 0.0589646 0.0583631 0.0564153 0.0532302 0.048981 0.0439028 0.0382646 0.0323287 0.0263413 0.0205358 0.0150591 0.010026 0.00547743 0.0013954 -0.00228242 -0.0056049 -0.00866814 -0.0115132 -0.0141675 -0.0166569 -0.0189787 -0.0210977 -0.0230163 -0.0246952 -0.0260945 -0.0272005 -0.0279796 -0.028405 -0.0284945 -0.0282454 -0.0276457 -0.0267321 -0.0255435 -0.0240963 -0.0224028 -0.0205077 -0.0184473 -0.0162388 -0.0138973 -0.0114664 -0.00896457 -0.00641014 -0.00382049 -0.00120802 0.00142551 0.00404443 0.00662372 0.00914632 0.0115938 0.0139139 0.0160627 0.0180168 0.0197385 0.0211421 0.0221764 0.0228012 0.0229357 0.0225187 0.0215126 0.0198566 0.0175212 0.0145105 0.0108038 0.00643688 0.00147603 -0.00399642 -0.00984935 -0.0158863 -0.0219205 -0.027708 -0.0330142 -0.0376232 -0.0413633 -0.0440902 -0.0457668 -0.0463992 -0.0460737 -0.0449477 -0.0432221 -0.0411126 -0.0388635 -0.0366681 -0.0346653 -0.0329493 -0.0314903 -0.0302366 -0.0290834 -0.0279165 -0.0266511 -0.0252359 -0.0236135 -0.0218094 -0.0198271 -0.0177321 -0.0156207 -0.01356 -0.0116451 -0.00990661 -0.00836549 -0.00703702 -0.00592652 -0.00501694 -0.00430852 -0.00373862 -0.00329093 -0.00293769 -0.0026623 -0.00247158 -0.00231586 -0.0021994 -0.00209992 -0.00202562 -0.00197316 -0.00193628 -0.00189744 -0.00185899 -0.00183077 -0.00181386 -0.00181021 -0.00178643 -0.00177758 -0.00176821 -0.00176928 -0.00177001 -0.00175592 -0.00175905 -0.00175032 -0.00175584 -0.00175207 -0.00174315 -0.00174249 -0.00173587 -0.00174385 -0.00173541 -0.00173123 -0.00173226 -0.00173088 -0.00173178 -0.0017189 -0.00172258 -0.00172688 
0 3.01619e-05 7.11721e-05 9.98806e-05 0.000145609 0.000178203 0.00022096 0.000265065 0.00030012 0.000352123 0.000389789 0.000444053 0.000490326 0.000530845 0.00058332 0.000620593 0.00067684 0.000717955 0.000763666 0.0008241 0.000876819 0.0009485 0.00100574 0.00108166 0.00117018 0.00125438 0.00135306 0.00144891 0.00156223 0.00168872 0.00182283 0.00197546 0.00214865 0.00235278 0.00262238 0.00293419 0.00331418 0.00378291 0.00436037 0.00510073 0.00599539 0.00710568 0.0084406 0.0100468 0.0119673 0.014232 0.016851 0.0198533 0.0232689 0.0270947 0.0313465 0.0359443 0.0408004 0.0457323 0.050546 0.0549843 0.0587843 0.0616436 0.0633447 0.0636782 0.0625494 0.060013 0.0561511 0.0511963 0.045423 0.0391192 0.0325837 0.0261359 0.0199583 0.0142724 0.00915083 0.00462903 0.000668692 -0.00279104 -0.00587099 -0.00864131 -0.0112066 -0.01362 -0.0159226 -0.0181205 -0.0202093 -0.0221666 -0.0239436 -0.0255135 -0.0268338 -0.0278656 -0.0285791 -0.0289616 -0.0289699 -0.0286591 -0.0280138 -0.0270176 -0.0256986 -0.0241225 -0.0222513 -0.0201402 -0.0178198 -0.0153399 -0.0127112 -0.00998152 -0.0071488 -0.0042758 -0.00136088 0.00154182 0.00442468 0.00725928 0.0100151 0.0125962 0.0150219 0.0172321 0.0191562 0.0207439 0.0219896 0.0228046 0.0231503 0.0229568 0.0221836 0.0207804 0.0187197 0.0159729 0.0125407 0.0084332 0.00369958 -0.00159712 -0.00735589 -0.0134163 -0.0196255 -0.0257488 -0.0315633 -0.0368299 -0.0413325 -0.044877 -0.0473862 -0.0487683 -0.0491061 -0.0484846 -0.0470769 -0.0451061 -0.0428264 -0.040445 -0.038219 -0.0362706 -0.0346686 -0.0334174 -0.0324071 -0.0315154 -0.0306052 -0.0295688 -0.0283043 -0.0267958 -0.0250098 -0.0229995 -0.02081 -0.0185485 -0.0163044 -0.0141624 -0.0121742 -0.0103869 -0.00881184 -0.00745455 -0.00634614 -0.00542506 -0.00469469 -0.00409963 -0.00362436 -0.00325821 -0.0029693 -0.00275534 -0.00258601 -0.00244423 -0.00234453 -0.00227375 -0.00221592 -0.00217826 -0.0021313 -0.00210786 -0.00208218 -0.00205793 -0.00204579 -0.00201491 -0.00200914 -0.00199568 -0.0019883 -0.00198241 -0.00196438 -0.00197147 -0.00196725 -0.00197179 -0.00197267 -0.00196737 -0.0019758 -0.00196864 -0.00197257 -0.00196943 -0.00196721 -0.00196911 -0.00195662 -0.00195656 -0.00194696 -0.00194614 
0 4.66635e-05 7.80156e-05 0.000122845 0.000159898 0.00021447 0.000254441 0.000293908 0.000347977 0.000389789 0.000444032 0.000481717 0.000538672 0.00059348 0.000637003 0.000692991 0.000740446 0.000807802 0.000859405 0.000924551 0.000996198 0.00106482 0.00114201 0.00122295 0.00132453 0.00141784 0.00152785 0.00164263 0.00178154 0.00192295 0.00208972 0.00229126 0.00250559 0.00278414 0.00310749 0.00352111 0.00400845 0.00461052 0.0053722 0.00629462 0.00742253 0.00878966 0.0104091 0.0123187 0.0145608 0.0171406 0.0201044 0.0234298 0.0271845 0.0313454 0.0358834 0.0407671 0.0458368 0.0509194 0.0558022 0.060208 0.0638445 0.0664479 0.0677483 0.0675914 0.0658777 0.0626759 0.0581213 0.0524596 0.0460058 0.0390953 0.0320532 0.0251977 0.0187792 0.0129637 0.00785648 0.00347681 -0.000235713 -0.003389 -0.00607516 -0.00846168 -0.0106446 -0.0126973 -0.0147072 -0.0167029 -0.0186449 -0.0205645 -0.0223901 -0.024062 -0.0255584 -0.0268171 -0.0277824 -0.0284754 -0.0288339 -0.0288231 -0.0284505 -0.0277207 -0.0266252 -0.0251753 -0.0233926 -0.0213401 -0.0190229 -0.0164566 -0.0137055 -0.0108082 -0.00778224 -0.00469518 -0.00156645 0.00157625 0.00466236 0.00764349 0.0105004 0.0131799 0.0156326 0.0177838 0.0196026 0.0210578 0.0220639 0.0225683 0.0225836 0.0220261 0.020863 0.0190824 0.0166256 0.0134796 0.00969456 0.00524508 0.000212031 -0.00531084 -0.0112387 -0.0174223 -0.0236508 -0.0297493 -0.0354597 -0.0405447 -0.0447964 -0.0480539 -0.0501948 -0.0512101 -0.051163 -0.0501665 -0.048426 -0.0461907 -0.0437028 -0.0412238 -0.0389904 -0.0371208 -0.0357089 -0.0347004 -0.0340033 -0.0334511 -0.0328793 -0.0321544 -0.0311681 -0.0298393 -0.0281983 -0.0262367 -0.0240252 -0.0216947 -0.0193011 -0.0169702 -0.0147558 -0.0127204 -0.01089 -0.00928729 -0.00792333 -0.00679263 -0.00584118 -0.00507444 -0.00445688 -0.00395107 -0.00356952 -0.00326159 -0.00303542 -0.00284256 -0.00270466 -0.00260344 -0.00252071 -0.00245689 -0.00240663 -0.00237295 -0.00233022 -0.00230829 -0.00228159 -0.00226926 -0.00224873 -0.00223697 -0.00223589 -0.00221703 -0.00221485 -0.00220211 -0.00220688 -0.00220326 -0.00219965 -0.00220699 -0.00219793 -0.00219945 -0.00219261 -0.00219686 -0.00219693 -0.00218724 -0.00218847 -0.00218215 -0.00218045 -0.00216913 
0 5.95002e-05 0.000106987 0.000142703 0.000201284 0.000254316 0.000297467 0.000336913 0.000384839 0.000444053 0.000481717 0.000523616 0.00057929 0.000639577 0.000696744 0.000743575 0.000814115 0.000888596 0.000956404 0.00103445 0.00111093 0.00120152 0.00128605 0.00138557 0.00149966 0.00160093 0.00172358 0.00185759 0.002012 0.00217919 0.0023774 0.00263159 0.00292146 0.00326741 0.00369965 0.00422167 0.00485275 0.00562844 0.00657878 0.00773193 0.00910275 0.0107534 0.0126827 0.0149139 0.0174804 0.0203968 0.0236692 0.0273094 0.0313562 0.0357734 0.0405441 0.0455907 0.0507728 0.0558841 0.0607021 0.0649422 0.0683158 0.0705306 0.0713716 0.0706558 0.06831 0.0644409 0.0591819 0.0528266 0.0457386 0.0382732 0.0307895 0.0236502 0.0170661 0.0112409 0.0062475 0.00209289 -0.00129986 -0.00403848 -0.0062784 -0.00817533 -0.00988155 -0.0115015 -0.0131371 -0.0148205 -0.0165477 -0.0183258 -0.0200886 -0.0217949 -0.0234094 -0.0248607 -0.0260879 -0.0270656 -0.0277056 -0.0280158 -0.0279631 -0.0275013 -0.0266421 -0.0254325 -0.0238277 -0.0218814 -0.0196239 -0.0170943 -0.0143224 -0.0113617 -0.00822984 -0.00501786 -0.00175413 0.00148594 0.00465464 0.00771072 0.0106059 0.0132343 0.0156043 0.0176473 0.019289 0.0204913 0.0212302 0.0214318 0.0210942 0.0201566 0.0186036 0.0164308 0.0136144 0.0101454 0.00605963 0.00136215 -0.00387031 -0.00954354 -0.0155535 -0.0217287 -0.0278935 -0.0338383 -0.0393338 -0.0441448 -0.0480664 -0.0509256 -0.052646 -0.0531876 -0.0526744 -0.0512389 -0.0491089 -0.046567 -0.0438822 -0.041293 -0.0390671 -0.0373084 -0.0360804 -0.03536 -0.0350056 -0.0348422 -0.0346827 -0.03436 -0.0337202 -0.0326968 -0.0312665 -0.0294532 -0.027312 -0.0249717 -0.0225116 -0.0200363 -0.0176282 -0.0153646 -0.0132771 -0.0113997 -0.009779 -0.00837972 -0.0072031 -0.00623379 -0.00544562 -0.00480557 -0.00429028 -0.00388926 -0.00357529 -0.0033124 -0.00311958 -0.00296911 -0.00284266 -0.00275273 -0.00268232 -0.00263974 -0.00258662 -0.00255067 -0.00253717 -0.00251622 -0.00250251 -0.00248557 -0.00248218 -0.00247639 -0.00246337 -0.00246373 -0.00245539 -0.00244816 -0.0024433 -0.00243937 -0.00243671 -0.00241884 -0.00241659 -0.00241709 -0.00241109 -0.00240472 -0.00239968 -0.00241281 -0.00240745 -0.00239897 
0 6.47871e-05 0.000108242 0.000148594 0.000209199 0.000273704 0.000319128 0.000360952 0.000423137 0.000490326 0.000538672 0.00057929 0.000642702 0.000714599 0.000773239 0.000827552 0.000900678 0.000987854 0.00106278 0.00114297 0.00122902 0.00132533 0.00142262 0.00153177 0.00165553 0.00177138 0.00191374 0.00207858 0.00227049 0.0024761 0.00272763 0.00305087 0.00342017 0.00386414 0.00440377 0.00506788 0.00586827 0.00684557 0.0080344 0.00944332 0.0110992 0.0130525 0.015298 0.0178456 0.0207232 0.023936 0.0274976 0.0314039 0.0356916 0.0403105 0.0452152 0.0503325 0.0555009 0.060514 0.0651459 0.0691129 0.0721169 0.0738845 0.0741899 0.0728733 0.0698771 0.0653251 0.0593934 0.0524032 0.0447484 0.036818 0.0289891 0.0216238 0.0149625 0.00918728 0.00437777 0.000528073 -0.0024614 -0.00473514 -0.0064582 -0.00783484 -0.00902579 -0.0101511 -0.0113323 -0.0126228 -0.0140218 -0.0155653 -0.0171958 -0.0188629 -0.0205259 -0.0221002 -0.0235064 -0.0247164 -0.0256307 -0.0262154 -0.0264434 -0.026282 -0.0257159 -0.0247578 -0.023387 -0.0216516 -0.0195596 -0.0171365 -0.0144388 -0.0115262 -0.0084305 -0.00524175 -0.00199607 0.00124005 0.00438639 0.00737722 0.0101675 0.012673 0.0148667 0.0166783 0.0180646 0.0189976 0.0194272 0.019295 0.0186136 0.0173257 0.0154236 0.0129165 0.00978553 0.00604132 0.00174094 -0.00311711 -0.00844893 -0.0141576 -0.0201456 -0.0262449 -0.0322556 -0.0379834 -0.0431849 -0.0476308 -0.0511296 -0.0535281 -0.0547451 -0.0547815 -0.0537597 -0.0518405 -0.0492825 -0.0463933 -0.0434591 -0.0407461 -0.0385109 -0.0368544 -0.0358335 -0.0353988 -0.0354081 -0.035662 -0.0359569 -0.0360971 -0.0359036 -0.0352705 -0.0341716 -0.0326005 -0.0306161 -0.0283479 -0.0258702 -0.0233027 -0.0207407 -0.0182752 -0.0159518 -0.0138183 -0.011922 -0.0102537 -0.00881132 -0.0076085 -0.00661713 -0.00579548 -0.00513198 -0.00460279 -0.00418944 -0.0038483 -0.00359271 -0.00339186 -0.00322265 -0.00309873 -0.00301046 -0.00294852 -0.00287753 -0.00283024 -0.00280711 -0.00278667 -0.0027614 -0.00273828 -0.00272988 -0.00271824 -0.00270848 -0.00270138 -0.00269199 -0.00267869 -0.00267215 -0.0026736 -0.00266811 -0.00265569 -0.00265499 -0.002662 -0.00265629 -0.00264307 -0.00264148 -0.00265299 -0.00264736 -0.0026297 
0 6.713e-05 0.000107465 0.000153394 0.000215315 0.000288332 0.000335373 0.000379784 0.00045485 0.000530845 0.00059348 0.000639577 0.000714599 0.000800329 0.000863506 0.000926237 0.000999307 0.0010932 0.0011711 0.00124991 0.00134433 0.00144701 0.0015605 0.00168293 0.00182157 0.00196232 0.00213396 0.00234007 0.00257652 0.00283054 0.00314318 0.00354255 0.00400539 0.00456485 0.00523728 0.00607148 0.00707526 0.00828887 0.00974786 0.011443 0.0134098 0.01568 0.0182477 0.0211064 0.0242755 0.0277538 0.0315568 0.0356713 0.0401221 0.044854 0.0497961 0.0548799 0.0599302 0.0647455 0.0690921 0.0726908 0.0752371 0.0764779 0.0761887 0.074239 0.0705979 0.0654008 0.0588646 0.0513235 0.0431911 0.034878 0.0267807 0.019258 0.0125815 0.00691359 0.00233957 -0.0011658 -0.00371912 -0.00549639 -0.0066748 -0.00749284 -0.00812335 -0.00870862 -0.00938408 -0.0102222 -0.0112345 -0.0124663 -0.0138736 -0.0154038 -0.0170164 -0.0186202 -0.0201227 -0.021477 -0.0225931 -0.0234132 -0.0239061 -0.0240307 -0.0237636 -0.0230928 -0.0220074 -0.0205324 -0.0186829 -0.0164823 -0.0139953 -0.0112685 -0.00834973 -0.00532287 -0.00224927 0.000811312 0.00377186 0.00656621 0.00913158 0.011398 0.0133179 0.0148328 0.0159034 0.016511 0.0166033 0.016147 0.0151452 0.0135496 0.011356 0.00858679 0.00522951 0.00130777 -0.0031189 -0.00804668 -0.0133937 -0.0190621 -0.0249522 -0.0308992 -0.0366879 -0.0421304 -0.0469755 -0.0510004 -0.0540221 -0.0559096 -0.0565823 -0.0560811 -0.0545246 -0.0521034 -0.0490948 -0.0458277 -0.0426037 -0.0397206 -0.0374248 -0.0358292 -0.0349833 -0.0348199 -0.0351936 -0.0358836 -0.0366691 -0.0373231 -0.0376425 -0.0374809 -0.0367994 -0.0355612 -0.0338261 -0.0317119 -0.0292956 -0.0267039 -0.0240469 -0.0214263 -0.0189022 -0.0165362 -0.0143722 -0.0124299 -0.0107077 -0.00924615 -0.00801973 -0.00698551 -0.00614048 -0.00545359 -0.0049121 -0.00447196 -0.00413595 -0.00387066 -0.00365149 -0.00348717 -0.00337661 -0.0032899 -0.00319818 -0.00313346 -0.00309208 -0.00306438 -0.00302296 -0.00299066 -0.00297378 -0.00295565 -0.00294962 -0.00293794 -0.00293065 -0.00291706 -0.00291439 -0.00292283 -0.00291434 -0.00290493 -0.00290283 -0.00291207 -0.00290379 -0.00288227 -0.00288179 -0.00289095 -0.0028874 -0.00286573 
0 6.76067e-05 0.000122084 0.000162181 0.000243796 0.000313503 0.000368318 0.00041975 0.000489796 0.00058332 0.000637003 0.000696744 0.000773239 0.000863506 0.000943346 0.00100171 0.00109365 0.00118866 0.00128127 0.00137152 0.00147341 0.00159761 0.00172375 0.00186511 0.00201918 0.00218747 0.00239145 0.00264664 0.00292737 0.00324863 0.00363455 0.0041225 0.00471218 0.00539615 0.0062466 0.00726845 0.00850888 0.00999338 0.0117342 0.0137449 0.0160268 0.0186137 0.0214924 0.0246428 0.0280663 0.0317834 0.0357642 0.0400353 0.0445713 0.0493168 0.0542107 0.0591448 0.0639792 0.0685022 0.0724767 0.0756252 0.077664 0.0783153 0.0774177 0.074832 0.0705729 0.0647951 0.0577305 0.0497259 0.0412136 0.0326027 0.0243046 0.0167031 0.0100466 0.00452892 0.000214039 -0.00293671 -0.00505787 -0.00631926 -0.00696293 -0.00719769 -0.00723956 -0.00725686 -0.00739433 -0.00772691 -0.00832 -0.00917979 -0.0102815 -0.0115828 -0.0130301 -0.0145349 -0.016031 -0.017437 -0.0186655 -0.0196746 -0.020404 -0.0207771 -0.0207813 -0.0204201 -0.0196511 -0.0184844 -0.0169591 -0.0151063 -0.0129516 -0.010554 -0.00797174 -0.00527513 -0.00252698 0.000179875 0.00278121 0.00522862 0.00744487 0.00934051 0.0108966 0.0120672 0.0127842 0.0130225 0.0127736 0.0120036 0.0107 0.00885544 0.00645971 0.00352231 4.9975e-05 -0.00393766 -0.00841383 -0.0133246 -0.0186116 -0.024177 -0.0299046 -0.0356208 -0.0411464 -0.046242 -0.05069 -0.0542615 -0.0567803 -0.0581186 -0.0582444 -0.0571776 -0.0550781 -0.0521466 -0.0486664 -0.0449867 -0.0414377 -0.038321 -0.0359059 -0.0343232 -0.033593 -0.0336789 -0.0343876 -0.035505 -0.0367859 -0.0379777 -0.0388415 -0.039233 -0.0390384 -0.0382386 -0.0368604 -0.0349891 -0.0327351 -0.0301912 -0.0275057 -0.0247843 -0.0221031 -0.0195314 -0.0171328 -0.0149097 -0.0129173 -0.0111746 -0.00968143 -0.0084164 -0.00734286 -0.00648011 -0.00577474 -0.00521352 -0.00477625 -0.00442274 -0.00413453 -0.00391531 -0.00376186 -0.00364146 -0.0035271 -0.0034348 -0.00338762 -0.00334068 -0.0033009 -0.00326122 -0.00323527 -0.00322434 -0.00320415 -0.00320264 -0.00318129 -0.00316834 -0.00316861 -0.00316705 -0.00316678 -0.00314301 -0.00315014 -0.00315777 -0.00314751 -0.00313144 -0.00311989 -0.00313902 -0.0031274 -0.00310829 
0 7.9845e-05 0.000131037 0.000198975 0.000268867 0.000356558 0.000411579 0.000462801 0.000545864 0.000620593 0.000692991 0.000743575 0.000827552 0.000926237 0.00100171 0.00108407 0.00117121 0.00128807 0.00139557 0.00149856 0.00162582 0.00176157 0.00191577 0.00207672 0.00225026 0.00245172 0.00269443 0.00299136 0.00333647 0.00372364 0.00420823 0.00481421 0.00553973 0.00641423 0.00745155 0.00871862 0.0102248 0.0119953 0.0140488 0.016361 0.0189578 0.0218414 0.024999 0.028404 0.0320558 0.0359373 0.0400627 0.0444017 0.0489362 0.0536157 0.0583404 0.0630425 0.0675604 0.0717 0.0752272 0.0778716 0.0793353 0.0794111 0.0778945 0.0747193 0.0699167 0.0636232 0.0561165 0.0477438 0.03892 0.0300941 0.0216876 0.0140468 0.00748605 0.0021411 -0.0019085 -0.00471201 -0.00640307 -0.00719584 -0.00729006 -0.00696018 -0.00641542 -0.00584866 -0.0054172 -0.00523769 -0.00534344 -0.00577055 -0.00650307 -0.00748242 -0.00865869 -0.00996917 -0.0113333 -0.0126887 -0.0139709 -0.0150696 -0.0159388 -0.0165423 -0.0168229 -0.0167257 -0.0162899 -0.0155192 -0.0144088 -0.012968 -0.011272 -0.00934958 -0.00726009 -0.00506583 -0.00284579 -0.00063291 0.00147668 0.00340542 0.00510412 0.00655864 0.00767454 0.00840078 0.00872154 0.00861554 0.00802299 0.00695545 0.0054118 0.00338113 0.000865083 -0.00213317 -0.00563064 -0.00960397 -0.0140162 -0.0188441 -0.0240041 -0.0293945 -0.0348964 -0.0403533 -0.0455419 -0.050277 -0.054306 -0.0574148 -0.0594301 -0.0602476 -0.0598 -0.0581883 -0.0555298 -0.0520666 -0.0481082 -0.0439977 -0.0400812 -0.0367086 -0.0341165 -0.0324705 -0.0318165 -0.032063 -0.0330674 -0.0345724 -0.0363214 -0.0380422 -0.0394849 -0.0404446 -0.0408262 -0.0405387 -0.0396119 -0.0381047 -0.0360908 -0.0336979 -0.0310531 -0.028286 -0.0254945 -0.0227618 -0.0201362 -0.0176777 -0.0154064 -0.013391 -0.0116294 -0.010094 -0.00879605 -0.00770469 -0.00681933 -0.00610565 -0.00553332 -0.00507204 -0.00469008 -0.00439341 -0.00418559 -0.0040163 -0.00387185 -0.00376361 -0.00368794 -0.0036455 -0.00359032 -0.00355129 -0.00352335 -0.00349597 -0.00348867 -0.00346403 -0.00345025 -0.00342973 -0.0034233 -0.00343023 -0.00340655 -0.00339596 -0.00338793 -0.00339978 -0.00339448 -0.00336817 -0.00337338 -0.00337521 -0.00337806 -0.00335603 
0 7.87279e-05 0.000149655 0.000207723 0.000296819 0.000374816 0.000442675 0.000508299 0.000582956 0.00067684 0.000740446 0.000814115 0.000900678 0.000999307 0.00109365 0.00117121 0.00127998 0.00139627 0.00151897 0.00163661 0.00176946 0.00192708 0.00210152 0.00229138 0.00249759 0.00274502 0.00303664 0.003404 0.00381142 0.00430417 0.00490275 0.00564292 0.00655711 0.00762011 0.00891513 0.0104385 0.0122434 0.0143295 0.0166801 0.0193027 0.0221882 0.0253374 0.0287397 0.0323591 0.036167 0.0401769 0.044336 0.0486716 0.0531079 0.0576059 0.0620966 0.0664691 0.0706023 0.0743005 0.0773245 0.0794083 0.0803055 0.0797742 0.0776981 0.0739887 0.0687118 0.0620052 0.0541473 0.0454785 0.0364433 0.0274757 0.0190109 0.0114238 0.00497471 -0.000165653 -0.00394189 -0.00641655 -0.00772706 -0.00804831 -0.00766033 -0.00677742 -0.005658 -0.00452186 -0.00353108 -0.00278205 -0.00238425 -0.00231386 -0.00258286 -0.00315972 -0.00399829 -0.00502636 -0.00619913 -0.00740587 -0.00859525 -0.00970343 -0.0106656 -0.0113982 -0.0118929 -0.0121281 -0.0120676 -0.0116811 -0.0110283 -0.0101336 -0.00900621 -0.00768367 -0.00623761 -0.00469305 -0.00312122 -0.00159822 -0.000166397 0.00115429 0.00227277 0.00312748 0.00369044 0.00395158 0.00384383 0.00334649 0.00245711 0.00117149 -0.000554108 -0.00269252 -0.0052676 -0.00827746 -0.0117152 -0.0155724 -0.0198681 -0.024513 -0.0294742 -0.0346447 -0.0398803 -0.0450119 -0.0498725 -0.0542032 -0.057816 -0.0604817 -0.06202 -0.062318 -0.0613531 -0.0591759 -0.0559666 -0.0519774 -0.0475215 -0.0429724 -0.0386884 -0.0350106 -0.0321957 -0.0304309 -0.0297389 -0.030093 -0.0312998 -0.0331383 -0.0353202 -0.037552 -0.039553 -0.0411248 -0.0420887 -0.0423855 -0.0419941 -0.0409217 -0.0392751 -0.0371136 -0.0346041 -0.0318673 -0.0290237 -0.0261684 -0.0233743 -0.020683 -0.0181795 -0.0158917 -0.0138502 -0.0120588 -0.0104812 -0.0091623 -0.0080484 -0.00715532 -0.00642852 -0.00582958 -0.00534658 -0.0049621 -0.00468251 -0.00445875 -0.00427759 -0.00413076 -0.00403717 -0.00396227 -0.00390397 -0.00384901 -0.00380577 -0.00378376 -0.00375471 -0.00374131 -0.00371005 -0.00369353 -0.00368924 -0.00368032 -0.00367008 -0.00364176 -0.00364404 -0.00364775 -0.00364025 -0.00362779 -0.00361839 -0.00363268 -0.0036239 -0.00361005 
0 8.15168e-05 0.000146899 0.000223764 0.000298417 0.000388087 0.000462497 0.000539028 0.000630957 0.000717955 0.000807802 0.000888596 0.000987854 0.0010932 0.00118866 0.00128807 0.00139627 0.0015245 0.00165583 0.00178319 0.00192966 0.00209906 0.00229923 0.00252195 0.00276627 0.00306943 0.00343367 0.00387624 0.00439338 0.00500592 0.00575978 0.00667401 0.00778213 0.00909255 0.0106365 0.0124506 0.0145569 0.016949 0.0196057 0.0225164 0.0256763 0.0290698 0.0326715 0.0364433 0.0403523 0.0443719 0.0484973 0.0527139 0.0569634 0.0612177 0.0653901 0.0693889 0.0730857 0.07629 0.0787799 0.0803028 0.080617 0.0795483 0.0769442 0.0727697 0.0670949 0.0600398 0.0519063 0.0430489 0.0338817 0.0248676 0.0164335 0.0089163 0.00261033 -0.00234083 -0.00587314 -0.00804123 -0.00897455 -0.00888488 -0.00802266 -0.00664487 -0.00500267 -0.00332063 -0.00175505 -0.00044155 0.000534043 0.00115287 0.00137995 0.0012508 0.000822406 0.000139544 -0.000734344 -0.00171144 -0.00275517 -0.00377065 -0.00471641 -0.00556516 -0.00626199 -0.00674531 -0.00704903 -0.00715168 -0.00704024 -0.00671904 -0.00624434 -0.00563717 -0.00494527 -0.00419369 -0.00343476 -0.00267971 -0.00199507 -0.00144419 -0.00106505 -0.000849637 -0.000877157 -0.00117034 -0.0017308 -0.00257553 -0.00374361 -0.00522597 -0.00706364 -0.00925262 -0.0118085 -0.0147537 -0.018091 -0.0218021 -0.0258918 -0.030308 -0.0350016 -0.0398841 -0.044814 -0.0496319 -0.0541326 -0.058089 -0.0612807 -0.0634962 -0.0645625 -0.0643789 -0.0629022 -0.0602246 -0.0564916 -0.051982 -0.0470377 -0.0420239 -0.0373306 -0.0333221 -0.0302331 -0.0282751 -0.0274989 -0.0278427 -0.0291795 -0.0312653 -0.0338098 -0.0365102 -0.0390631 -0.0412241 -0.0428127 -0.0437175 -0.0439073 -0.0433623 -0.0421439 -0.0403341 -0.0380541 -0.0354446 -0.0326386 -0.0297368 -0.0268148 -0.0239534 -0.0212222 -0.0186795 -0.0163639 -0.0142819 -0.0124394 -0.0108436 -0.00949615 -0.00839474 -0.0074828 -0.00673686 -0.00612657 -0.00564104 -0.00527276 -0.00497506 -0.00473953 -0.00454958 -0.00440884 -0.00431209 -0.00422743 -0.0041574 -0.00410126 -0.00406093 -0.00403857 -0.00400668 -0.00398151 -0.00396081 -0.00394974 -0.00394754 -0.00392419 -0.00391407 -0.0039053 -0.00390882 -0.00390502 -0.00388673 -0.00389038 -0.00388459 -0.0038844 -0.00386706 
