0 0 0 0 0 0 0 0 0 0 0 0 0 0 0 0 0 0 0 0 0 0 0 0 0 0 0 0 0 0 0 0 0 0 0 0 0 0 0 0 0 0 0 0 0 0 0 0 0 0 0 0 0 0 0 0 0 0 0 0 0 0 0 0 0 0 0 0 0 0 0 0 0 0 0 0 0 0 0 0 0 0 0 0 0 0 0 0 0 0 0 0 0 0 0 0 0 0 0 0 0 0 0 0 0 0 0 0 0 0 0 0 0 0 0 0 0 0 0 0 0 0 0 0 0 0 0 0 0 0 0 0 0 0 0 0 0 0 0 0 0 0 0 0 0 0 0 0 0 0 0 0 0 0 0 0 0 0 0 0 0 0 0 0 0 0 0 0 0 0 0 0 0 0 0 0 0 0 0 0 0 0 0 0 0 0 0 0 0 0 0 0 0 0 0 0 0 0 0 0 
0 0.000380028 0.000766074 0.00117276 0.00160808 0.00208429 0.0025827 0.00308122 0.00354891 0.00396386 0.00430724 0.00455263 0.00467929 0.00466429 0.00452673 0.00428219 0.00397252 0.00363029 0.00328418 0.00299154 0.00276521 0.00264058 0.00261045 0.00267283 0.00283334 0.00305575 0.00332007 0.00358156 0.00382086 0.00401436 0.0041418 0.00417495 0.00411333 0.00396014 0.00369714 0.0033426 0.0028748 0.00232669 0.00170459 0.000997265 0.000239465 -0.000562837 -0.00139452 -0.00224019 -0.00309273 -0.00393239 -0.00472864 -0.00550018 -0.00621674 -0.00685982 -0.00744208 -0.00794556 -0.0083707 -0.00870827 -0.00895669 -0.0091193 -0.00919791 -0.00918264 -0.00909178 -0.00893171 -0.00869803 -0.00839589 -0.00804528 -0.00765407 -0.00721392 -0.00675828 -0.00629696 -0.00581667 -0.00533746 -0.00488095 -0.0044288 -0.00399953 -0.00360731 -0.00323544 -0.0028867 -0.00257149 -0.00228646 -0.00202788 -0.00179802 -0.00159468 -0.00141284 -0.0012432 -0.00110693 -0.00099855 -0.000890088 -0.000791794 -0.000728451 -0.000671505 -0.000616256 -0.000578073 -0.000548132 -0.000519792 -0.000505319 -0.000490466 -0.0004748 -0.000470297 -0.000466614 -0.000456869 -0.000456553 -0.000456539 -0.000450402 -0.000450993 -0.000453633 -0.000447607 -0.000447998 -0.000451032 -0.000446349 -0.000444283 -0.000444741 -0.000435892 -0.000433532 -0.000429962 -0.000409087 -0.000390798 -0.000383453 -0.000352868 -0.000308102 -0.000267344 -0.000219724 -0.000153507 -7.49692e-05 2.05243e-05 0.000126871 0.000250549 0.000393129 0.000554026 0.000742397 0.000957836 0.00118874 0.00145122 0.00174716 0.00206366 0.00241971 0.0028091 0.00321496 0.00364728 0.0041104 0.00458059 0.00506259 0.00555448 0.00604117 0.00650516 0.00695175 0.00737791 0.00775664 0.00809265 0.00838446 0.0086129 0.00877208 0.00886714 0.00888115 0.00882881 0.00868883 0.00846157 0.00816848 0.00778243 0.0073108 0.00677044 0.00615743 0.00547313 0.00473221 0.0039261 0.00308573 0.00219844 0.00126482 0.000316769 -0.000656494 -0.00163772 -0.00263159 -0.00362039 -0.00459245 -0.00553751 -0.00645019 -0.00730409 -0.00806368 -0.00871854 -0.0092295 -0.00959193 -0.00977111 -0.00976303 -0.00958766 -0.00925335 -0.00879784 -0.0082406 -0.00763467 -0.00703039 -0.00647805 -0.00601153 -0.0056543 -0.00542294 -0.0053102 -0.0053107 -0.00538213 -0.00551002 -0.00566459 -0.00582277 -0.00597192 -0.0060703 -0.00612515 -0.00612359 
0 0.000766074 0.00154417 0.00236255 0.00324037 0.00419929 0.00520276 0.00620512 0.00715009 0.00798041 0.00867174 0.00915859 0.00939937 0.00936877 0.00906727 0.00857252 0.00793158 0.00722045 0.00652544 0.00589698 0.00543815 0.00515412 0.00505738 0.00516931 0.00543447 0.00586526 0.00635709 0.00685198 0.00732108 0.00768241 0.00792778 0.00798623 0.00785588 0.00754234 0.00703598 0.00632397 0.00542848 0.0043685 0.00315337 0.00181158 0.000330859 -0.00121063 -0.00281457 -0.00445134 -0.0060987 -0.00770887 -0.00926329 -0.0107612 -0.0121497 -0.013438 -0.0145683 -0.0155707 -0.0164146 -0.0170827 -0.0175733 -0.0179263 -0.0180892 -0.0180802 -0.0179378 -0.017623 -0.0171841 -0.0166158 -0.0159524 -0.0151954 -0.0143802 -0.013484 -0.0125839 -0.0116532 -0.0107251 -0.00981825 -0.00894892 -0.00810159 -0.00729731 -0.00655654 -0.00587218 -0.00523961 -0.00465803 -0.00415306 -0.00366816 -0.00324701 -0.00288845 -0.00257741 -0.00227015 -0.00203303 -0.00181809 -0.00164993 -0.00149716 -0.0013719 -0.00125435 -0.00119455 -0.00111983 -0.00106263 -0.00102187 -0.00100235 -0.000962226 -0.000956722 -0.000939569 -0.000928824 -0.00091948 -0.000925651 -0.000906711 -0.000914223 -0.000910313 -0.000907505 -0.000901799 -0.000912899 -0.000892164 -0.000897296 -0.00089488 -0.000883493 -0.000855914 -0.000855662 -0.000821643 -0.00079353 -0.000739137 -0.000679952 -0.000606918 -0.000539382 -0.00040069 -0.000264042 -0.000115775 6.43086e-05 0.000302438 0.000543685 0.000841094 0.00117911 0.00155789 0.0019701 0.0024518 0.00299679 0.00358146 0.00422351 0.00493518 0.00569714 0.00649249 0.00737347 0.00826826 0.0091938 0.0101328 0.0110844 0.0120082 0.0129285 0.0137829 0.0146005 0.0153388 0.0159682 0.0165139 0.0169483 0.0172451 0.0174016 0.0174383 0.0172977 0.0170099 0.0165503 0.0159508 0.0151835 0.014263 0.0131963 0.0119971 0.0106763 0.00920802 0.00765958 0.00601485 0.00428959 0.00249054 0.000642392 -0.00124458 -0.0031537 -0.00509655 -0.00703838 -0.00893365 -0.0108096 -0.0125898 -0.0142716 -0.0157761 -0.017044 -0.0180739 -0.0187734 -0.0191364 -0.0191342 -0.0187832 -0.0181468 -0.0172476 -0.0161621 -0.0149805 -0.0137993 -0.0127284 -0.0118283 -0.0111457 -0.0107158 -0.010524 -0.0105462 -0.0107224 -0.0109932 -0.0113228 -0.011658 -0.0119578 -0.0121774 -0.012286 -0.0122938 
0 0.00117276 0.00236255 0.00361345 0.00495139 0.00640114 0.00791394 0.00942165 0.0108346 0.0120827 0.0131051 0.0138225 0.0141711 0.0140931 0.0136321 0.0128459 0.0118486 0.0107431 0.00962637 0.00864838 0.00787219 0.00738388 0.00717902 0.00725591 0.00761479 0.00817222 0.00885525 0.00954707 0.0101856 0.0106983 0.011028 0.011099 0.0109044 0.0104511 0.00970278 0.00869538 0.00739434 0.00587425 0.00415534 0.00222315 0.000149749 -0.00203742 -0.00430376 -0.00661452 -0.00894726 -0.0112524 -0.0134619 -0.0156072 -0.017617 -0.0194469 -0.0211087 -0.0225664 -0.023811 -0.0248155 -0.0255761 -0.0261007 -0.0263871 -0.0264177 -0.0262358 -0.0258528 -0.0252677 -0.0244923 -0.0235748 -0.0225347 -0.0213611 -0.0201234 -0.0188528 -0.0175242 -0.016183 -0.0148812 -0.0135879 -0.0123427 -0.0111799 -0.0100751 -0.00903332 -0.00807852 -0.00720737 -0.00641653 -0.00570326 -0.00506976 -0.00450459 -0.00398588 -0.00355127 -0.00319621 -0.00285731 -0.00255567 -0.00233775 -0.00214652 -0.00196943 -0.00184023 -0.00173412 -0.00163961 -0.00158096 -0.00152824 -0.00147664 -0.00145387 -0.00143526 -0.00140705 -0.00140012 -0.00139621 -0.00137944 -0.00137875 -0.00138194 -0.0013676 -0.00136627 -0.00137075 -0.00135635 -0.00134789 -0.0013426 -0.00131533 -0.00129694 -0.00127456 -0.00121073 -0.00114825 -0.00109963 -0.000996733 -0.000857596 -0.000720087 -0.000552525 -0.000337611 -8.66053e-05 0.00021373 0.000556241 0.00094733 0.00139842 0.00190908 0.00249779 0.00316177 0.00388461 0.00469528 0.00559431 0.00655618 0.00761914 0.00876308 0.0099506 0.011204 0.0125215 0.0138521 0.0152023 0.0165648 0.0178997 0.0191724 0.020384 0.0215271 0.0225393 0.0234233 0.0241742 0.0247486 0.0251259 0.0253153 0.0252854 0.0250565 0.0245894 0.0238861 0.0229936 0.0218573 0.0204968 0.0189503 0.0172167 0.0153004 0.01323 0.0109998 0.00867 0.00621557 0.0036385 0.001006 -0.00170131 -0.00444813 -0.00724312 -0.0100412 -0.0128061 -0.0155126 -0.0181296 -0.0205862 -0.0227839 -0.0246751 -0.0261656 -0.0272191 -0.0277529 -0.0277531 -0.027267 -0.0263321 -0.0250443 -0.023475 -0.0217719 -0.0200818 -0.0185493 -0.0172748 -0.0163263 -0.0157481 -0.0155216 -0.0156174 -0.0159263 -0.0163894 -0.016925 -0.0174641 -0.0179569 -0.0183064 -0.0185132 -0.0185489 
0 0.00160808 0.00324037 0.00495139 0.00677101 0.00872582 0.0107548 0.0127645 0.0146459 0.0162896 0.0176256 0.0185392 0.0189459 0.0187966 0.0181092 0.0170059 0.0156016 0.0140449 0.0124939 0.0110823 0.009968 0.00920194 0.00881013 0.00881176 0.00914761 0.0097855 0.0105758 0.0113987 0.012176 0.0127877 0.0131805 0.0132542 0.0129923 0.0124006 0.0114654 0.0101811 0.00857326 0.00668583 0.00454349 0.0021772 -0.000398149 -0.00309299 -0.00588828 -0.00874496 -0.0116273 -0.0144664 -0.0172248 -0.0198965 -0.0224095 -0.0247477 -0.0268498 -0.028727 -0.0303403 -0.0316563 -0.0326703 -0.0334188 -0.0338483 -0.0339721 -0.0338372 -0.0334158 -0.0327534 -0.0318572 -0.0307751 -0.0295199 -0.0281266 -0.0265975 -0.0250166 -0.0233644 -0.0216873 -0.0200225 -0.0183878 -0.0167823 -0.01524 -0.0137857 -0.0124201 -0.0111459 -0.00996854 -0.00891205 -0.00792442 -0.00704783 -0.00628208 -0.00560283 -0.00497503 -0.00445696 -0.00399339 -0.00360644 -0.0032735 -0.00298994 -0.0027371 -0.00256479 -0.00239869 -0.00226255 -0.00216166 -0.00209143 -0.00201148 -0.00197535 -0.00193605 -0.00190488 -0.00188372 -0.00187959 -0.00185254 -0.00185379 -0.00184672 -0.00183679 -0.00182709 -0.00183178 -0.0018023 -0.00179524 -0.00177893 -0.00174358 -0.0016904 -0.0016554 -0.0015739 -0.00148639 -0.00136679 -0.00122035 -0.00104271 -0.000852663 -0.000571856 -0.000264297 7.92675e-05 0.000488384 0.000987269 0.00152773 0.00216348 0.00288422 0.00369039 0.00457828 0.00558053 0.00669341 0.00789056 0.00918231 0.0105827 0.0120632 0.0135976 0.0152321 0.0168934 0.0185776 0.0202663 0.02195 0.0235777 0.0251555 0.0266224 0.0279937 0.0292096 0.0302348 0.0310887 0.0317298 0.0321215 0.0322625 0.0321638 0.0317732 0.03111 0.0301597 0.0289623 0.0274876 0.0257543 0.0237863 0.021602 0.0192117 0.0166029 0.0138424 0.0109301 0.00787354 0.0046813 0.0013906 -0.00198719 -0.00543417 -0.00895717 -0.0125036 -0.016012 -0.0194844 -0.0228257 -0.0259836 -0.0288286 -0.031259 -0.0332209 -0.0345887 -0.0353135 -0.0353586 -0.0347574 -0.0336032 -0.0319682 -0.0299867 -0.0278329 -0.0256953 -0.0237711 -0.0221852 -0.0210313 -0.0203649 -0.0201652 -0.0203781 -0.0208863 -0.0215836 -0.0223806 -0.023182 -0.0239012 -0.0244495 -0.0247864 -0.0249069 
0 0.00208429 0.00419929 0.00640114 0.00872582 0.0111907 0.0137282 0.0162219 0.0185363 0.0205462 0.0221445 0.0232065 0.0236284 0.0233488 0.0224097 0.0209311 0.0190769 0.0170261 0.0149624 0.0130818 0.0115373 0.0104285 0.00978571 0.00961497 0.00988298 0.0105035 0.0113371 0.0122318 0.0130761 0.0137537 0.0141752 0.0142442 0.0139341 0.0132462 0.0121611 0.0106919 0.00884605 0.0066861 0.00424623 0.00154353 -0.00136904 -0.00442989 -0.00759934 -0.0108398 -0.0141116 -0.0173521 -0.0205053 -0.0235665 -0.0264695 -0.0291689 -0.0316375 -0.0338535 -0.0357864 -0.0373985 -0.0386819 -0.0396437 -0.0402619 -0.0405314 -0.040489 -0.0401379 -0.0394939 -0.0385727 -0.0374215 -0.0360639 -0.0345146 -0.0328212 -0.031034 -0.0291485 -0.0272079 -0.0252632 -0.0233181 -0.0214019 -0.0195515 -0.0177765 -0.0160844 -0.014496 -0.0130216 -0.0116701 -0.0104266 -0.00930697 -0.00830496 -0.00740142 -0.00660442 -0.0059244 -0.00531162 -0.0047773 -0.00433631 -0.00395642 -0.00362301 -0.00336032 -0.00313598 -0.00294683 -0.00280411 -0.00268816 -0.00258513 -0.00251852 -0.0024642 -0.00241479 -0.00238512 -0.00236548 -0.00233857 -0.00232807 -0.0023191 -0.0023006 -0.00228842 -0.00227962 -0.00225036 -0.00222423 -0.00219178 -0.00213586 -0.00207052 -0.00199501 -0.00187506 -0.00173928 -0.00158404 -0.00137373 -0.00111553 -0.000829957 -0.000477054 -6.1111e-05 0.000417011 0.000976668 0.00162523 0.00235284 0.00318441 0.00412281 0.00517536 0.00633754 0.00761388 0.00901111 0.0105175 0.0121214 0.0138385 0.0156391 0.0174918 0.0194111 0.0213668 0.0233215 0.0252657 0.0271828 0.0290261 0.0307692 0.0323881 0.0338706 0.0351596 0.0362362 0.0370951 0.0376973 0.0380114 0.0380404 0.0377753 0.0372056 0.0363199 0.0351248 0.0336547 0.0318824 0.0298269 0.0275225 0.0249838 0.0222168 0.019235 0.0160656 0.0127373 0.00923946 0.00557824 0.00179843 -0.00209808 -0.00609326 -0.010186 -0.0143255 -0.0184581 -0.0225507 -0.0265302 -0.0302976 -0.0337132 -0.0366643 -0.0390394 -0.0407302 -0.0416433 -0.041747 -0.0410857 -0.0397433 -0.0378367 -0.0355133 -0.0329872 -0.0304907 -0.0282486 -0.0264255 -0.0251355 -0.0244408 -0.0243234 -0.0247122 -0.0254677 -0.0264653 -0.0275814 -0.0287037 -0.0297236 -0.030526 -0.031071 -0.031338 
0 0.0025827 0.00520276 0.00791394 0.0107548 0.0137282 0.0167583 0.0197078 0.0224209 0.0247503 0.0265568 0.0277048 0.0280749 0.0276067 0.0263543 0.0244493 0.0220917 0.019494 0.0168734 0.014465 0.0124367 0.0109171 0.00995094 0.00953824 0.009654 0.0101827 0.0109845 0.0118884 0.0127528 0.0134594 0.0138896 0.0139555 0.0136169 0.0128692 0.011699 0.0101209 0.00814661 0.00583441 0.00322515 0.000335721 -0.00276895 -0.00604134 -0.00942753 -0.0128919 -0.0163885 -0.0198613 -0.0232569 -0.0265562 -0.0297111 -0.0326615 -0.0353923 -0.0378654 -0.0400539 -0.0419206 -0.0434558 -0.0446477 -0.0454876 -0.0459621 -0.0460882 -0.0458845 -0.0453499 -0.0445103 -0.0434009 -0.0420515 -0.0404701 -0.0387158 -0.0368176 -0.0347971 -0.0326897 -0.030546 -0.0283751 -0.0262124 -0.0240939 -0.0220359 -0.0200552 -0.0181747 -0.0164121 -0.014768 -0.0132531 -0.0118712 -0.010624 -0.00949242 -0.00849358 -0.00761497 -0.0068369 -0.00615149 -0.00557449 -0.0050714 -0.00464006 -0.00427819 -0.00397829 -0.00372179 -0.00352015 -0.00335117 -0.00321509 -0.00310915 -0.00302894 -0.0029587 -0.00291243 -0.00287385 -0.00284215 -0.00281721 -0.00279948 -0.00277284 -0.00275213 -0.00272461 -0.00268764 -0.00263987 -0.00258348 -0.00249933 -0.00240322 -0.00227911 -0.00211767 -0.00192086 -0.00169612 -0.0014084 -0.00106708 -0.000669987 -0.000205782 0.000344699 0.000973869 0.00170213 0.00253122 0.00347255 0.00452869 0.00571094 0.00702011 0.00845655 0.0100156 0.0117002 0.0134985 0.0153925 0.0173855 0.0194504 0.0215632 0.0237101 0.0258786 0.0280182 0.0301192 0.0321567 0.0340963 0.035895 0.0375455 0.0390142 0.0402578 0.0412608 0.0420072 0.0424693 0.0426231 0.0424709 0.0419995 0.0412156 0.0400992 0.0386732 0.0369574 0.0349443 0.0326473 0.0301001 0.0273163 0.0242977 0.0210678 0.0176357 0.0140348 0.0102504 0.0062894 0.0021834 -0.002063 -0.006443 -0.0109462 -0.0155281 -0.0201421 -0.0247288 -0.0292232 -0.0334946 -0.0373967 -0.0407963 -0.0435452 -0.0455301 -0.0466327 -0.0468189 -0.046132 -0.044657 -0.0425369 -0.0399444 -0.0371237 -0.0343457 -0.0318628 -0.029875 -0.0285188 -0.0278609 -0.0278881 -0.0285102 -0.0295749 -0.0309345 -0.0324349 -0.0339428 -0.0353252 -0.0364528 -0.0372717 -0.0377541 
0 0.00308122 0.00620512 0.00942165 0.0127645 0.0162219 0.0197078 0.0230674 0.0261336 0.028722 0.030679 0.0318473 0.0320962 0.031389 0.0297581 0.0273834 0.0244685 0.0212656 0.0180502 0.0150423 0.0124857 0.0104889 0.00913193 0.00843094 0.00831633 0.0087071 0.00941799 0.0102845 0.0111438 0.0118537 0.0122901 0.0123692 0.0120355 0.0112732 0.0100976 0.00848201 0.00649265 0.00414568 0.00148468 -0.00143379 -0.00459319 -0.00791491 -0.0113575 -0.0148854 -0.0184481 -0.0219846 -0.0254793 -0.0288695 -0.0321288 -0.0352243 -0.0380966 -0.0407411 -0.043115 -0.045188 -0.0469407 -0.0483731 -0.0494459 -0.0501674 -0.0505368 -0.0505488 -0.0502186 -0.0495687 -0.0486143 -0.0473752 -0.0458983 -0.0441868 -0.0422879 -0.0402413 -0.0380747 -0.0358122 -0.033513 -0.0311831 -0.0288516 -0.0265662 -0.0243483 -0.0222062 -0.0201688 -0.0182556 -0.0164618 -0.0148049 -0.0132974 -0.0119396 -0.0107007 -0.00959354 -0.00862487 -0.00778285 -0.00703104 -0.00638184 -0.00582719 -0.00535906 -0.00495536 -0.00461905 -0.00433567 -0.00410876 -0.00391997 -0.0037688 -0.00364547 -0.00355337 -0.00347563 -0.00341749 -0.00336879 -0.00332999 -0.00329045 -0.00325751 -0.00321633 -0.00316955 -0.00310881 -0.00303861 -0.00294486 -0.00282974 -0.0026772 -0.0024983 -0.00228307 -0.00201876 -0.00168557 -0.00130771 -0.000869053 -0.000346951 0.000276472 0.00098169 0.00178484 0.00270398 0.00375492 0.00492394 0.0062281 0.00767498 0.00924814 0.0109471 0.0127881 0.0147468 0.0167956 0.0189464 0.0211656 0.0234297 0.025727 0.0280404 0.0303175 0.0325522 0.0347073 0.0367539 0.038662 0.0404116 0.0419617 0.0432904 0.0443795 0.0451891 0.0457201 0.0459567 0.0458798 0.0454814 0.0447857 0.0437564 0.0424211 0.0407928 0.0388677 0.0366768 0.0342215 0.0315189 0.0285939 0.0254531 0.0220875 0.0185488 0.0148119 0.010891 0.00679546 0.00251117 -0.00192601 -0.00653775 -0.0113025 -0.0161864 -0.0211377 -0.0261056 -0.0309869 -0.0356602 -0.0399671 -0.0437257 -0.0468089 -0.0490334 -0.050309 -0.0505808 -0.0498726 -0.0483073 -0.0460098 -0.0432117 -0.0401682 -0.0371813 -0.0345378 -0.0324589 -0.0311083 -0.0305538 -0.0307869 -0.0316951 -0.033128 -0.0349005 -0.0368436 -0.0387947 -0.0405877 -0.0421049 -0.0432481 -0.0440052 
0 0.00354891 0.00715009 0.0108346 0.0146459 0.0185363 0.0224209 0.0261336 0.0294731 0.0322609 0.0342856 0.0354019 0.0354723 0.0344464 0.03241 0.0295002 0.0259891 0.0221496 0.0182658 0.0146481 0.0114868 0.00897701 0.00719624 0.00613957 0.00579316 0.00598933 0.00659474 0.00741351 0.00824916 0.0089763 0.00943521 0.00955504 0.00927501 0.00857047 0.00743604 0.00589703 0.00396543 0.00168624 -0.000890671 -0.00374505 -0.00679572 -0.0100292 -0.0133809 -0.0168175 -0.020288 -0.0237681 -0.0272049 -0.030557 -0.0338147 -0.0369014 -0.0398347 -0.0425512 -0.045033 -0.0472588 -0.0492117 -0.0508334 -0.052154 -0.0531421 -0.0537704 -0.0540812 -0.0540355 -0.0536591 -0.0529546 -0.0519529 -0.0506487 -0.0491182 -0.0473405 -0.0453771 -0.0432439 -0.0409875 -0.038623 -0.036207 -0.0337719 -0.031331 -0.0289123 -0.0265575 -0.0242934 -0.0221083 -0.0200722 -0.0181608 -0.016378 -0.0147304 -0.0132699 -0.0119329 -0.0107454 -0.00967219 -0.00874635 -0.00793404 -0.00724122 -0.00661187 -0.00610001 -0.00565938 -0.00529125 -0.00496952 -0.00472583 -0.0045052 -0.00434063 -0.00419996 -0.00409379 -0.00399396 -0.00393193 -0.00385853 -0.00380357 -0.00374081 -0.00368168 -0.00359566 -0.00351981 -0.0033989 -0.00326112 -0.0030911 -0.00289954 -0.00263204 -0.00233534 -0.00197029 -0.00155893 -0.00105414 -0.000466345 0.00022955 0.000983365 0.00188043 0.00290803 0.00406133 0.00532803 0.00676464 0.0083218 0.0100227 0.0118668 0.0138454 0.015923 0.0181015 0.0203789 0.0227177 0.0251001 0.0275052 0.0299163 0.0322631 0.0345779 0.0367919 0.0388898 0.0408354 0.0426161 0.0441635 0.0455089 0.0465888 0.0473983 0.0479441 0.0481825 0.0481192 0.0477581 0.0470966 0.0461194 0.0448775 0.0433327 0.0415311 0.0394629 0.0371508 0.0346043 0.0318426 0.028876 0.0257048 0.0223633 0.0188158 0.015096 0.0111806 0.00706864 0.00276083 -0.00174592 -0.00645884 -0.0113545 -0.0164124 -0.021601 -0.0268154 -0.0320002 -0.0369743 -0.0415837 -0.0456564 -0.0489696 -0.0514053 -0.0528051 -0.053129 -0.0524176 -0.0507468 -0.0483195 -0.0453528 -0.0421401 -0.0390167 -0.0362681 -0.034166 -0.0328776 -0.0324771 -0.0329593 -0.0341984 -0.0360319 -0.038261 -0.0406823 -0.0431106 -0.0453628 -0.0472974 -0.0488192 -0.0498884 
0 0.00396386 0.00798041 0.0120827 0.0162896 0.0205462 0.0247503 0.028722 0.0322609 0.0351427 0.0371592 0.0381349 0.037934 0.0365441 0.0340145 0.0305469 0.0263971 0.0218789 0.0173423 0.0130592 0.0093152 0.00626795 0.00403608 0.00264369 0.00201317 0.00203561 0.00252477 0.00329941 0.00415137 0.00491982 0.00544614 0.00566256 0.00548938 0.00488859 0.00389088 0.00246819 0.000704718 -0.00140758 -0.00382076 -0.0064636 -0.00932241 -0.012343 -0.0154843 -0.0187104 -0.0219758 -0.0252431 -0.0285179 -0.0317135 -0.0348368 -0.0378612 -0.0407398 -0.043455 -0.045972 -0.0482814 -0.0503521 -0.0521652 -0.0536945 -0.0549442 -0.0558737 -0.0564799 -0.0567524 -0.0567147 -0.0563414 -0.0556409 -0.05466 -0.0533821 -0.0518198 -0.0500432 -0.0480676 -0.0458948 -0.0436045 -0.0412024 -0.0387134 -0.0361879 -0.0336688 -0.0311653 -0.0287127 -0.0263285 -0.0240499 -0.0218778 -0.0198418 -0.0179681 -0.0162287 -0.0146149 -0.0131882 -0.0119217 -0.0107654 -0.00974905 -0.00887533 -0.00810403 -0.00744051 -0.00687747 -0.00638546 -0.0059771 -0.00564294 -0.00535225 -0.00511301 -0.00492782 -0.00476407 -0.00462826 -0.00452222 -0.00441974 -0.00432039 -0.00423453 -0.00413095 -0.00400868 -0.00387874 -0.00371726 -0.00351559 -0.00328505 -0.00299579 -0.00264903 -0.00226244 -0.00178728 -0.00120705 -0.000566698 0.000164347 0.00103901 0.00203139 0.00314267 0.00439349 0.00578588 0.00732408 0.0090171 0.0108438 0.0128108 0.0148908 0.0170845 0.0193859 0.0217632 0.0241846 0.0266593 0.0291215 0.0315626 0.0339781 0.0363109 0.0385223 0.0406157 0.0425376 0.0442543 0.0457668 0.0470466 0.0480705 0.0488094 0.0492855 0.0494681 0.0493574 0.0489636 0.0482991 0.0473481 0.0461411 0.0446639 0.0429492 0.0410158 0.0388364 0.0364774 0.0339271 0.0311864 0.0282729 0.0251945 0.0219357 0.0185208 0.0149034 0.0110997 0.00710672 0.00286479 -0.00159051 -0.0063018 -0.0112362 -0.0163824 -0.0217002 -0.0271002 -0.0324708 -0.0376604 -0.0424993 -0.046765 -0.0502791 -0.0528353 -0.0543302 -0.0546951 -0.0539429 -0.0522022 -0.049636 -0.0465337 -0.0431875 -0.0399488 -0.0371424 -0.0350409 -0.0338434 -0.0336195 -0.0343627 -0.0359405 -0.0381901 -0.0408808 -0.0437954 -0.046719 -0.0494405 -0.0518287 -0.0537473 -0.0551638 
0 0.00430724 0.00867174 0.0131051 0.0176256 0.0221445 0.0265568 0.030679 0.0342856 0.0371592 0.0390469 0.039783 0.0392402 0.0374017 0.0343604 0.0302896 0.0254922 0.020303 0.0150856 0.0101751 0.00582972 0.00226735 -0.000389623 -0.002122 -0.00298255 -0.00312618 -0.00271388 -0.00194443 -0.00104503 -0.000185327 0.000466757 0.000834308 0.00083931 0.000432139 -0.000378648 -0.00157808 -0.00312355 -0.00500006 -0.00715828 -0.00954326 -0.0121059 -0.0148268 -0.0176644 -0.0205812 -0.0235356 -0.0265244 -0.0295244 -0.0324759 -0.0353876 -0.0382204 -0.0409724 -0.0436 -0.0460801 -0.0484145 -0.0505723 -0.0524971 -0.0542065 -0.0556813 -0.0568721 -0.0577931 -0.0584119 -0.0587354 -0.058733 -0.0584102 -0.0577805 -0.0568618 -0.0556298 -0.0541455 -0.0524156 -0.050455 -0.0483067 -0.046012 -0.0435996 -0.0410925 -0.0385275 -0.0359463 -0.0333774 -0.0308284 -0.0283747 -0.0260015 -0.0237205 -0.0215736 -0.0195908 -0.0177316 -0.016046 -0.0145078 -0.0131198 -0.0118906 -0.0108179 -0.00984364 -0.00901386 -0.00830059 -0.00767872 -0.00714181 -0.00670574 -0.00631764 -0.00600086 -0.00573805 -0.00551322 -0.005314 -0.00515947 -0.00500188 -0.00485766 -0.00471687 -0.00456467 -0.00438344 -0.00419995 -0.00396206 -0.00368347 -0.0033668 -0.00299213 -0.00252287 -0.002003 -0.00138511 -0.000666789 0.000158585 0.00110455 0.00220132 0.00339681 0.00475356 0.00627688 0.00793748 0.00972636 0.011684 0.0137554 0.0159472 0.0182521 0.0206486 0.0230978 0.0255874 0.0281045 0.0306194 0.0330844 0.0354869 0.0378098 0.0399769 0.0419994 0.0438497 0.0454893 0.0468895 0.0480555 0.0489479 0.0495822 0.0499221 0.0499967 0.049811 0.049335 0.048596 0.0476221 0.0464001 0.0449421 0.0432875 0.0414337 0.0394091 0.0371943 0.0348355 0.032337 0.0296905 0.0269026 0.0239804 0.0209228 0.0176963 0.0142838 0.0106756 0.00685313 0.00276923 -0.0015801 -0.00621468 -0.011111 -0.016268 -0.0216492 -0.0271414 -0.0326429 -0.0379757 -0.0429643 -0.0473874 -0.0510073 -0.0536534 -0.055186 -0.0555427 -0.0547464 -0.0528946 -0.050208 -0.0469678 -0.0434964 -0.0401636 -0.0372944 -0.0352009 -0.0340795 -0.0340128 -0.0349906 -0.0368769 -0.0395097 -0.0426401 -0.0460268 -0.0494295 -0.0526217 -0.0554561 -0.057788 -0.05956 
0 0.00455263 0.00915859 0.0138225 0.0185392 0.0232065 0.0277048 0.0318473 0.0354019 0.0381349 0.039783 0.0401747 0.0391989 0.0368527 0.0332436 0.0285573 0.0231104 0.0172663 0.0114136 0.00590749 0.00102204 -0.00300908 -0.00604998 -0.00807266 -0.00913825 -0.00940312 -0.0090303 -0.00822433 -0.00721985 -0.0062103 -0.00536701 -0.004778 -0.00452837 -0.00467622 -0.00521897 -0.00613255 -0.00737757 -0.00893964 -0.0107744 -0.0128222 -0.0150363 -0.0174015 -0.0198811 -0.0224341 -0.0250242 -0.0276568 -0.0303169 -0.0329556 -0.0355812 -0.0381737 -0.0407292 -0.0432053 -0.0455845 -0.047873 -0.0500411 -0.0520381 -0.053875 -0.0555329 -0.0569604 -0.0581548 -0.0590908 -0.0597694 -0.0601515 -0.0602321 -0.060019 -0.0595072 -0.058668 -0.0575532 -0.0561672 -0.0545127 -0.0526272 -0.0505437 -0.0482858 -0.0458808 -0.0433741 -0.0408034 -0.0381925 -0.035558 -0.0329709 -0.0304288 -0.0279564 -0.0255973 -0.0233683 -0.0212482 -0.0193013 -0.0175115 -0.0158688 -0.0143896 -0.0130816 -0.0118988 -0.0108714 -0.0099769 -0.00919145 -0.00851196 -0.00794429 -0.00744227 -0.00701998 -0.00666401 -0.00635388 -0.00607883 -0.00584839 -0.00562256 -0.00540951 -0.00520074 -0.00497617 -0.00472144 -0.00445407 -0.00413071 -0.00375499 -0.00332659 -0.00282412 -0.00222281 -0.00155016 -0.000756087 0.000162033 0.00119435 0.00236127 0.00369945 0.00516105 0.00678103 0.00856351 0.0104825 0.0125277 0.0147261 0.0170224 0.0194085 0.0218734 0.0243971 0.0269403 0.0294834 0.0320051 0.0344715 0.0368335 0.0390821 0.0412012 0.0431199 0.0448413 0.0463495 0.0476089 0.0485996 0.0493404 0.0498072 0.0500084 0.0499251 0.049591 0.0490142 0.048177 0.0471139 0.0458585 0.0444004 0.0427506 0.0409508 0.0390076 0.0369396 0.0347361 0.0324409 0.0300561 0.0275619 0.0249571 0.0222451 0.019415 0.0164224 0.0132425 0.00986302 0.00625442 0.00235967 -0.00183883 -0.00635601 -0.0111771 -0.0163032 -0.021695 -0.0272328 -0.0327965 -0.0382091 -0.0432825 -0.0477836 -0.0514611 -0.0541355 -0.0556672 -0.0559875 -0.0551121 -0.0531418 -0.0503112 -0.0469196 -0.0433076 -0.0398524 -0.036899 -0.0347735 -0.0336835 -0.0337209 -0.034871 -0.0370046 -0.039954 -0.0434616 -0.0472624 -0.0510926 -0.0547138 -0.0579622 -0.0606835 -0.0627939 
0 0.00467929 0.00939937 0.0141711 0.0189459 0.0236284 0.0280749 0.0320962 0.0354723 0.037934 0.0392402 0.0391989 0.0377183 0.0348274 0.0306186 0.025325 0.0192458 0.0127755 0.00633916 0.000274272 -0.00508717 -0.00953251 -0.0129021 -0.0151481 -0.0163693 -0.0166876 -0.0162977 -0.0154001 -0.0142305 -0.0130125 -0.011914 -0.0110348 -0.0104696 -0.0102876 -0.0104782 -0.0110441 -0.0119202 -0.0131092 -0.0145744 -0.0162308 -0.0180616 -0.0200298 -0.0221138 -0.0242688 -0.0264725 -0.0287132 -0.0310063 -0.0332977 -0.0355859 -0.0378953 -0.040189 -0.0424573 -0.0446804 -0.0468675 -0.0489785 -0.0509979 -0.0528952 -0.054673 -0.056291 -0.0577124 -0.0589335 -0.0599418 -0.0606939 -0.0611636 -0.0613847 -0.0613005 -0.0609063 -0.0602219 -0.0592558 -0.0579787 -0.0564474 -0.0546707 -0.0526654 -0.0504621 -0.0481099 -0.0456316 -0.0430535 -0.0404208 -0.0377709 -0.0351226 -0.032505 -0.0299792 -0.0275304 -0.0251821 -0.0229799 -0.0209409 -0.0190285 -0.0172907 -0.0157206 -0.0143103 -0.0130481 -0.0119468 -0.0109654 -0.0101207 -0.00938546 -0.00874897 -0.0081913 -0.0077217 -0.00729715 -0.00692831 -0.00659241 -0.00628122 -0.00597154 -0.00567566 -0.00535168 -0.0050079 -0.00462557 -0.00419689 -0.00369552 -0.00313505 -0.00246949 -0.00171048 -0.000846116 0.000146647 0.00129781 0.00256359 0.0039843 0.00557317 0.00731647 0.00919382 0.0112302 0.013393 0.0156756 0.0180632 0.020536 0.0230646 0.025628 0.0282042 0.030762 0.0332664 0.0356864 0.038009 0.0401681 0.0421614 0.0439663 0.045546 0.0468656 0.047959 0.0487776 0.0493156 0.0495916 0.0496166 0.0493657 0.0488617 0.0481412 0.0471929 0.0460349 0.0446908 0.0431956 0.0415424 0.039764 0.0378653 0.0358964 0.0338423 0.0316995 0.0295147 0.0272757 0.0249588 0.0225589 0.02008 0.0174803 0.0147415 0.0117957 0.0086466 0.00525524 0.00154299 -0.0024954 -0.00688561 -0.0116162 -0.0166891 -0.0220562 -0.0276112 -0.0331936 -0.0386474 -0.0437645 -0.0482833 -0.0519781 -0.0546185 -0.0560985 -0.056334 -0.0553226 -0.0532029 -0.0501849 -0.0466103 -0.0428246 -0.0392032 -0.0361265 -0.0339102 -0.0327855 -0.0328463 -0.0340768 -0.0363648 -0.0395309 -0.043317 -0.0474365 -0.0516037 -0.0555715 -0.0591596 -0.0622031 -0.0645942 
0 0.00466429 0.00936877 0.0140931 0.0187966 0.0233488 0.0276067 0.031389 0.0344464 0.0365441 0.0374017 0.0368527 0.0348274 0.0313364 0.0265473 0.0206398 0.0139663 0.00693092 -6.30546e-05 -0.00659312 -0.0123917 -0.0171773 -0.0208021 -0.0232343 -0.0245252 -0.0248524 -0.0243781 -0.0233243 -0.0219333 -0.0204435 -0.0190166 -0.0177921 -0.0168498 -0.0162588 -0.0160643 -0.0161938 -0.0166687 -0.0174394 -0.0184745 -0.0197307 -0.021138 -0.0226943 -0.0243701 -0.0261222 -0.0279179 -0.029789 -0.031688 -0.033624 -0.03558 -0.0375566 -0.0395704 -0.0415863 -0.043602 -0.0456217 -0.0476378 -0.0495852 -0.0514938 -0.0533275 -0.0550541 -0.0566514 -0.0581107 -0.0593879 -0.0604623 -0.0613165 -0.0619159 -0.0622665 -0.0623315 -0.0621056 -0.0615804 -0.0607685 -0.0596404 -0.0582454 -0.0565942 -0.0546985 -0.0525752 -0.050287 -0.0478448 -0.0452818 -0.0426527 -0.0399888 -0.0372981 -0.0346238 -0.0320217 -0.0295017 -0.0270789 -0.0247696 -0.0226138 -0.0206175 -0.0187854 -0.0171023 -0.0155962 -0.0142513 -0.0130599 -0.0119996 -0.0110791 -0.0102651 -0.00955772 -0.00892925 -0.00837644 -0.00787165 -0.00741688 -0.00697911 -0.0065612 -0.00613483 -0.00569736 -0.00522429 -0.00471624 -0.00413486 -0.00348572 -0.00274893 -0.00191345 -0.000944217 0.000148486 0.00138077 0.00275224 0.00429317 0.0059977 0.00784959 0.00983034 0.0119701 0.014249 0.0166224 0.0190805 0.0216232 0.0242058 0.0267932 0.0293903 0.0319434 0.0344065 0.0367612 0.0390019 0.041053 0.0429135 0.0445599 0.0459663 0.0470981 0.0479847 0.0485962 0.0489369 0.0490099 0.0488224 0.0483869 0.0477166 0.0468244 0.0457307 0.0444785 0.0430409 0.0414706 0.0397943 0.0380227 0.0361516 0.0342454 0.032293 0.0302949 0.0282728 0.0262132 0.0241402 0.022014 0.0198205 0.0175516 0.0151945 0.0126598 0.00994459 0.00700493 0.00378479 0.000257281 -0.00365831 -0.0079315 -0.012583 -0.0176093 -0.0229538 -0.0284982 -0.0340926 -0.0395513 -0.0446584 -0.0491709 -0.0527965 -0.055374 -0.0567352 -0.0568195 -0.0556441 -0.0532977 -0.0500713 -0.0462571 -0.0422452 -0.0384175 -0.0351382 -0.0327697 -0.0315161 -0.0314981 -0.0326989 -0.0350135 -0.0382692 -0.0421985 -0.0465031 -0.0508791 -0.0550748 -0.0588892 -0.0621564 -0.0647374 
0 0.00452673 0.00906727 0.0136321 0.0181092 0.0224097 0.0263543 0.0297581 0.03241 0.0340145 0.0343604 0.0332436 0.0306186 0.0265473 0.0211435 0.0146751 0.00744305 -0.000119927 -0.00757237 -0.0145443 -0.0206781 -0.0257468 -0.0295742 -0.0321068 -0.0334404 -0.0337011 -0.0330918 -0.031831 -0.0301597 -0.0283326 -0.0265317 -0.0248922 -0.0235226 -0.0224998 -0.0218404 -0.0215406 -0.0215621 -0.0218874 -0.0224924 -0.0233044 -0.0242969 -0.0254404 -0.0267067 -0.0280573 -0.0294815 -0.0309532 -0.0324897 -0.0340718 -0.0356742 -0.037347 -0.0390514 -0.0407899 -0.0425664 -0.0443758 -0.0461984 -0.048049 -0.0498809 -0.0516965 -0.0534807 -0.0551724 -0.0567788 -0.0582682 -0.0596104 -0.0607669 -0.0617457 -0.0624808 -0.0629699 -0.0631873 -0.063138 -0.0627805 -0.0621345 -0.0611928 -0.0599453 -0.0584164 -0.0566461 -0.0546391 -0.0524161 -0.0500414 -0.0475138 -0.0448848 -0.0422004 -0.0395089 -0.0367943 -0.0341207 -0.031512 -0.0290243 -0.0266321 -0.0243752 -0.0222624 -0.0203368 -0.0185563 -0.0169502 -0.0154981 -0.0142154 -0.0130608 -0.0120494 -0.0111381 -0.0103366 -0.00960505 -0.00894956 -0.00832622 -0.00774699 -0.00717039 -0.00660249 -0.00600299 -0.00538053 -0.00468973 -0.00394544 -0.00310308 -0.00216083 -0.00108403 9.86366e-05 0.00144039 0.00293518 0.00460176 0.00639743 0.00835321 0.0104556 0.0127188 0.0150701 0.0175215 0.020058 0.0226613 0.0252715 0.0278986 0.0304838 0.0329921 0.0354069 0.0377002 0.0398215 0.041745 0.0434556 0.0449136 0.0461211 0.0470603 0.0477386 0.0481186 0.048244 0.0480989 0.0476968 0.0470563 0.0462189 0.0451526 0.0439146 0.0425284 0.0409901 0.0393499 0.0376238 0.0358318 0.0339949 0.0321285 0.0302274 0.0283457 0.0264431 0.0245362 0.0226387 0.0207271 0.0187811 0.0167811 0.014711 0.012529 0.0101991 0.00765663 0.00488471 0.0018256 -0.00158872 -0.0053891 -0.00959009 -0.0141975 -0.0191965 -0.0245253 -0.0300709 -0.0356478 -0.0410895 -0.0461605 -0.0505869 -0.0541336 -0.0565645 -0.0577658 -0.0576588 -0.0562344 -0.0536533 -0.0501375 -0.0460464 -0.041757 -0.0376399 -0.0341111 -0.0314788 -0.03 -0.0297797 -0.0308047 -0.0330082 -0.0361866 -0.0401023 -0.0444308 -0.0488603 -0.0531424 -0.0570465 -0.060415 -0.063076 
0 0.00428219 0.00857252 0.0128459 0.0170059 0.0209311 0.0244493 0.0273834 0.0295002 0.0305469 0.0302896 0.0285573 0.025325 0.0206398 0.0146751 0.00766074 -6.5881e-05 -0.00807594 -0.0159526 -0.0232653 -0.0296992 -0.0349819 -0.0389451 -0.0415495 -0.042853 -0.043013 -0.0422208 -0.040708 -0.0387224 -0.0365295 -0.0343045 -0.0322282 -0.0303984 -0.0288924 -0.0277738 -0.0269908 -0.0265715 -0.026457 -0.0266208 -0.0270224 -0.0276013 -0.0283396 -0.0292068 -0.030172 -0.0312137 -0.0323394 -0.0335108 -0.0347545 -0.0360357 -0.0373756 -0.0387699 -0.0402182 -0.0417303 -0.0432929 -0.0449196 -0.0465832 -0.0482883 -0.0500124 -0.0517516 -0.0534667 -0.0551664 -0.056782 -0.0583105 -0.059724 -0.0609721 -0.0620463 -0.0629308 -0.0635724 -0.0639546 -0.0640786 -0.0638937 -0.0634215 -0.0626477 -0.0615812 -0.0602089 -0.0585649 -0.0566611 -0.0545469 -0.0522232 -0.0497578 -0.0471638 -0.0444698 -0.0417331 -0.0390156 -0.0362931 -0.0336145 -0.0310327 -0.0285627 -0.0262105 -0.0240078 -0.0219567 -0.0200712 -0.0183571 -0.0167986 -0.0153898 -0.0141292 -0.0129949 -0.0119649 -0.0110315 -0.0101699 -0.00935993 -0.00858666 -0.00783101 -0.00706546 -0.00628152 -0.0054579 -0.00456598 -0.00359191 -0.00252324 -0.00133479 -1.53539e-05 0.00144745 0.00307285 0.00483828 0.006749 0.00883063 0.0110598 0.0133823 0.0158242 0.0183636 0.0209672 0.0236014 0.0262516 0.0288617 0.0314293 0.0338982 0.0362528 0.0384396 0.040433 0.0422012 0.0437473 0.0450146 0.0460255 0.0467568 0.0471918 0.0473524 0.047254 0.0468842 0.0462769 0.0454511 0.0443999 0.0431766 0.0417835 0.0402648 0.0386307 0.0369205 0.0351378 0.0333208 0.0314724 0.0296263 0.0277773 0.0259508 0.0241509 0.0223552 0.0205926 0.0188236 0.0170608 0.0152722 0.0134357 0.0115235 0.00951096 0.00731896 0.00492685 0.00227638 -0.000698953 -0.00402017 -0.00777451 -0.0119327 -0.0165225 -0.0215186 -0.0268411 -0.0323773 -0.0379427 -0.0433435 -0.0483388 -0.0526666 -0.0560555 -0.0583188 -0.0592965 -0.058933 -0.0572396 -0.0543422 -0.0505213 -0.0460916 -0.0414611 -0.0370078 -0.0331242 -0.0301505 -0.0283155 -0.0277538 -0.0284605 -0.030375 -0.0333159 -0.0370347 -0.0412149 -0.0455364 -0.0497432 -0.0535988 -0.0569302 -0.0595553 
0 0.00397252 0.00793158 0.0118486 0.0156016 0.0190769 0.0220917 0.0244685 0.0259891 0.0263971 0.0254922 0.0231104 0.0192458 0.0139663 0.00744305 -6.5881e-05 -0.00823592 -0.0166368 -0.0248489 -0.0324482 -0.0390985 -0.0445359 -0.0485898 -0.0512209 -0.0524821 -0.0525227 -0.0515384 -0.0497672 -0.0474599 -0.0448792 -0.0422253 -0.0396884 -0.0373891 -0.0354078 -0.0338079 -0.0325634 -0.0316935 -0.0311408 -0.030877 -0.0308675 -0.031056 -0.0314213 -0.031919 -0.0325277 -0.03323 -0.0340096 -0.0348446 -0.0357597 -0.0367263 -0.0377645 -0.0388632 -0.0400259 -0.0412719 -0.0425734 -0.0439515 -0.045408 -0.0469337 -0.0485121 -0.0501482 -0.0518068 -0.0534906 -0.0551476 -0.0567773 -0.0583547 -0.0598231 -0.0611641 -0.0623594 -0.0633572 -0.0641378 -0.0646925 -0.0649761 -0.0649839 -0.0646818 -0.0640829 -0.0631793 -0.0619699 -0.0604661 -0.0587092 -0.0566771 -0.0544365 -0.0520296 -0.0494696 -0.0467922 -0.0440645 -0.0412891 -0.0385242 -0.0358085 -0.0331482 -0.0305739 -0.0281357 -0.0258254 -0.0236573 -0.0216528 -0.0198066 -0.0181113 -0.0165698 -0.0151622 -0.0138711 -0.0126863 -0.0115832 -0.0105371 -0.00953329 -0.00854787 -0.0075526 -0.00653238 -0.00546396 -0.00431837 -0.00308615 -0.00174584 -0.000269701 0.00133925 0.0030814 0.00498849 0.00704117 0.00922399 0.0115429 0.0139783 0.0164956 0.0191099 0.0217629 0.0244178 0.0270723 0.0296937 0.0322086 0.0346234 0.0368805 0.038944 0.040793 0.042414 0.0437633 0.0448432 0.0456254 0.0461314 0.0463497 0.0462815 0.0459565 0.0453799 0.0445491 0.0435123 0.0422915 0.0408914 0.0393647 0.0377168 0.0359901 0.0341926 0.0323548 0.0305034 0.0286588 0.0268115 0.0250036 0.0232211 0.0214706 0.0197621 0.0180773 0.0164363 0.0148042 0.0131733 0.0115234 0.0098244 0.00803248 0.00612499 0.00403239 0.00172568 -0.000858994 -0.00378479 -0.00707829 -0.0108122 -0.0149753 -0.0195843 -0.0245966 -0.029927 -0.0354517 -0.0409837 -0.0463147 -0.0511976 -0.0553699 -0.0585738 -0.0606136 -0.0613327 -0.0606779 -0.0586608 -0.055426 -0.0512379 -0.0464258 -0.041395 -0.0365236 -0.0322159 -0.0287902 -0.0264906 -0.0254548 -0.0256924 -0.0271654 -0.029691 -0.0330409 -0.0368966 -0.0409419 -0.0449207 -0.0485799 -0.0517453 -0.0542186 
0 0.00363029 0.00722045 0.0107431 0.0140449 0.0170261 0.019494 0.0212656 0.0221496 0.0218789 0.020303 0.0172663 0.0127755 0.00693092 -0.000119927 -0.00807594 -0.0166368 -0.025376 -0.0338634 -0.0417073 -0.0485283 -0.0540863 -0.0582052 -0.0608395 -0.0620494 -0.0619622 -0.0607877 -0.0587659 -0.0561548 -0.0532046 -0.0501464 -0.0471668 -0.044413 -0.0419744 -0.039896 -0.0382082 -0.0368991 -0.0359325 -0.0352721 -0.034879 -0.0347109 -0.034731 -0.0348888 -0.0351665 -0.0355636 -0.0360271 -0.0365646 -0.0371786 -0.0378521 -0.0386034 -0.0394118 -0.0402967 -0.0412796 -0.0423319 -0.0434575 -0.0446951 -0.0460059 -0.0473921 -0.0488639 -0.050404 -0.0520032 -0.053628 -0.055274 -0.0569149 -0.0585097 -0.060027 -0.0614602 -0.0627473 -0.0638682 -0.064787 -0.0654865 -0.0659337 -0.0660973 -0.0659754 -0.0655603 -0.0648136 -0.0637571 -0.0624212 -0.0607727 -0.0588588 -0.0567224 -0.0543724 -0.0518429 -0.0492067 -0.0464627 -0.0436719 -0.0408723 -0.0380882 -0.0353439 -0.0326999 -0.0301439 -0.0277097 -0.0254133 -0.0232682 -0.0212587 -0.0194062 -0.0176849 -0.0160939 -0.0146074 -0.0132173 -0.0118852 -0.010605 -0.00933578 -0.0080639 -0.00675538 -0.00539753 -0.00394878 -0.00241435 -0.000761649 0.00102002 0.00293923 0.00497882 0.00717051 0.00948011 0.0119044 0.0144326 0.0170422 0.0196892 0.0223912 0.0250788 0.0277163 0.0303 0.0327823 0.035088 0.0372356 0.0391798 0.0408641 0.0422917 0.0434526 0.0443145 0.0448776 0.0451569 0.0451494 0.0448605 0.044296 0.0435057 0.042481 0.0412487 0.0398502 0.0383095 0.0366353 0.0348777 0.0330504 0.0311921 0.0293142 0.0274221 0.0255688 0.0237392 0.0219284 0.020177 0.0184814 0.0168176 0.0152116 0.0136419 0.0121087 0.0105947 0.00906335 0.00751869 0.0059189 0.00421405 0.00236921 0.00034142 -0.0019284 -0.00449692 -0.00741656 -0.0107316 -0.0144731 -0.0186689 -0.0233089 -0.0283409 -0.0336777 -0.039186 -0.0446747 -0.0499207 -0.0546703 -0.0586523 -0.0616392 -0.0634053 -0.0638191 -0.0628226 -0.0604292 -0.0568169 -0.0522084 -0.0469675 -0.0414821 -0.0361297 -0.031328 -0.0273601 -0.0244966 -0.0228698 -0.0225113 -0.0234043 -0.0253657 -0.0281933 -0.03157 -0.0351903 -0.0387972 -0.0421239 -0.0449951 -0.0472045 
0 0.00328418 0.00652544 0.00962637 0.0124939 0.0149624 0.0168734 0.0180502 0.0182658 0.0173423 0.0150856 0.0114136 0.00633916 -6.30546e-05 -0.00757237 -0.0159526 -0.0248489 -0.0338634 -0.0426005 -0.0506217 -0.0575992 -0.0632503 -0.0674207 -0.0700746 -0.071241 -0.071057 -0.0697243 -0.0674864 -0.0646024 -0.0613349 -0.0578946 -0.0545238 -0.0513581 -0.048486 -0.0459958 -0.0438756 -0.0421708 -0.0408209 -0.0397819 -0.0390422 -0.0385502 -0.0382575 -0.038121 -0.0381224 -0.0382315 -0.0384454 -0.0387067 -0.0390521 -0.0394782 -0.0399616 -0.0405097 -0.0411435 -0.0418708 -0.0426647 -0.0435616 -0.0445448 -0.0456385 -0.0468161 -0.0480844 -0.049451 -0.0509153 -0.0524231 -0.0539954 -0.0556312 -0.0572456 -0.0588497 -0.0604262 -0.0619184 -0.0632741 -0.0645109 -0.0655545 -0.0663853 -0.0669717 -0.0673147 -0.067356 -0.0670897 -0.0665202 -0.0656422 -0.0644281 -0.0629278 -0.0611556 -0.0590922 -0.0568085 -0.0543604 -0.0517445 -0.0489915 -0.0461902 -0.0433486 -0.0405025 -0.0376807 -0.0349266 -0.0322459 -0.0296816 -0.0272232 -0.0249005 -0.0227037 -0.0206487 -0.0187049 -0.0168822 -0.0151417 -0.0134821 -0.0118574 -0.0102607 -0.00864358 -0.00700355 -0.00529432 -0.00351247 -0.00162383 0.000363634 0.00247776 0.00469626 0.00704446 0.00950166 0.0120463 0.0146545 0.0173559 0.0200818 0.0227895 0.0254806 0.0281279 0.0306551 0.0330499 0.0352812 0.0372917 0.0390698 0.0405923 0.0418356 0.0427738 0.043421 0.0437629 0.0438145 0.0435604 0.0430577 0.0422838 0.0412639 0.0400416 0.0386517 0.0370692 0.035379 0.0336052 0.0317364 0.0298247 0.0279088 0.02599 0.0240702 0.0221991 0.0203636 0.0185846 0.0168444 0.0151742 0.0135638 0.0120128 0.0104953 0.00902921 0.00761132 0.00617697 0.00474168 0.00327482 0.00173971 8.32376e-05 -0.00172383 -0.0037416 -0.00599582 -0.00857566 -0.0115298 -0.0148604 -0.0186508 -0.0228832 -0.0275645 -0.0326294 -0.0379644 -0.0434477 -0.0488771 -0.0540077 -0.0585828 -0.0623499 -0.0650555 -0.0665215 -0.0665782 -0.0651879 -0.0624016 -0.0583454 -0.0533041 -0.0475824 -0.0415933 -0.0357321 -0.0303556 -0.0258039 -0.0222885 -0.0199827 -0.0189402 -0.019121 -0.0204091 -0.0225684 -0.025334 -0.0284065 -0.0315091 -0.0344073 -0.0368753 -0.0387438 
