0 0 0 0 0 0 0 0 0 0 0 0 0 0 0 0 0 0 0 0 0 0 0 0 0 0 0 0 0 0 0 0 0 0 0 0 0 0 0 0 0 0 0 0 0 0 0 0 0 0 0 0 0 0 0 0 0 0 0 0 0 0 0 0 0 0 0 0 0 0 0 0 0 0 0 0 0 0 0 0 0 0 0 0 0 0 0 0 0 0 0 0 0 0 0 0 0 0 0 0 0 0 0 0 0 0 0 0 0 0 0 0 0 0 0 0 0 0 0 0 0 0 0 0 0 0 0 0 0 0 0 0 0 0 0 0 0 0 0 0 0 0 0 0 0 0 0 0 0 0 0 0 0 0 0 0 0 0 0 0 0 0 0 0 0 0 0 0 0 0 0 0 0 0 0 0 0 0 0 0 0 0 0 0 0 0 0 0 0 0 0 0 0 0 0 0 0 0 0 0 
0 3.79151e-06 6.86255e-06 1.63134e-05 1.46368e-05 1.81041e-05 2.74787e-05 3.89872e-05 5.38229e-05 5.93932e-05 7.17833e-05 8.11219e-05 9.07664e-05 0.000104446 0.000113563 0.0001251 0.000130876 0.000141178 0.000150431 0.000153482 0.000156939 0.000169898 0.000183992 0.000189884 0.000188946 0.000186904 0.000195047 0.000185802 0.000181678 0.000171556 0.000159788 0.000156244 0.000145066 0.000154608 0.000152287 0.00016516 0.000200409 0.000251224 0.000322877 0.000413625 0.000532705 0.000681441 0.000862491 0.00107525 0.00132125 0.00155906 0.00180494 0.00202225 0.00219149 0.00229245 0.00230167 0.00220597 0.00199395 0.0016898 0.00130704 0.000886769 0.000454822 7.00741e-05 -0.000250776 -0.000463734 -0.000545447 -0.000472036 -0.000253857 0.000126221 0.000646033 0.00126863 0.00198807 0.00275896 0.003546 0.00433346 0.005098 0.0058006 0.00645652 0.0070248 0.00750336 0.00787603 0.00813474 0.00825327 0.00824272 0.00807853 0.00777125 0.00731912 0.00674808 0.00606455 0.00530332 0.0044887 0.00364041 0.00277509 0.00193043 0.00111111 0.000350918 -0.000310439 -0.000875604 -0.00132883 -0.00162793 -0.00178723 -0.00182591 -0.00173776 -0.00154587 -0.00127632 -0.000951891 -0.000595453 -0.000216608 0.000154984 0.000476219 0.000747351 0.00094186 0.00100703 0.000944592 0.000758792 0.000430086 -3.03047e-05 -0.000600243 -0.00127282 -0.00201624 -0.00281272 -0.00363997 -0.00448015 -0.00530215 -0.00608668 -0.00679948 -0.00742888 -0.00794077 -0.00834488 -0.00862474 -0.00879271 -0.00885471 -0.00883165 -0.00872006 -0.00856346 -0.00834952 -0.00810471 -0.00783867 -0.0075507 -0.00723729 -0.00691403 -0.00655181 -0.00615046 -0.00570799 -0.00519924 -0.0046277 -0.0039954 -0.00331364 -0.00258492 -0.00185786 -0.00114191 -0.000478008 0.000106354 0.000574054 0.000922954 0.00113152 0.00121781 0.00119467 0.00109509 0.000951421 0.000768906 0.000599674 0.00043831 0.000302578 0.000204572 0.000145162 0.000104826 8.60764e-05 6.91694e-05 6.1492e-05 4.93644e-05 2.7959e-05 1.59169e-05 -2.5467e-05 -6.50958e-05 -0.000109498 -0.000146771 -0.000179591 -0.000218119 -0.000243668 -0.000267998 -0.000284961 -0.000293881 -0.000294529 -0.000298987 -0.000299574 -0.000295297 -0.000282979 -0.000277401 -0.000283561 -0.000279245 -0.000276542 -0.000270565 -0.00027552 -0.000279283 -0.000273402 -0.000274908 -0.000273463 -0.000278186 -0.000275497 -0.000270409 -0.000272289 -0.000269368 -0.000271867 -0.000267238 
0 6.86255e-06 3.1101e-05 3.90299e-05 5.64722e-05 5.4061e-05 7.32347e-05 9.55708e-05 0.000105228 0.000123851 0.000128306 0.000150084 0.000164111 0.000183511 0.000210033 0.000225663 0.000250111 0.000275383 0.000302515 0.000319374 0.000332127 0.00035897 0.000390467 0.000396826 0.000393137 0.000390936 0.000390362 0.000382264 0.00035365 0.000334722 0.000308361 0.000286256 0.000282465 0.00028723 0.000301872 0.000333411 0.000407307 0.000518882 0.000659535 0.000834685 0.0010703 0.00135644 0.00170795 0.00214396 0.00261928 0.00312068 0.00361322 0.00405681 0.00441065 0.00460782 0.00462752 0.00443653 0.00400586 0.00339473 0.00264314 0.00178899 0.000950464 0.000180613 -0.000449963 -0.000857721 -0.00100676 -0.000855747 -0.000398852 0.000352133 0.00137407 0.00261165 0.00400878 0.00552838 0.0070832 0.0086369 0.010141 0.011545 0.0128113 0.0139264 0.0148512 0.015561 0.0160414 0.0162703 0.0162131 0.0158805 0.0152804 0.0143995 0.0132921 0.0119892 0.0105073 0.0089115 0.00726019 0.00556812 0.00392175 0.00235523 0.000895506 -0.000405776 -0.00148972 -0.00234152 -0.00293553 -0.00329424 -0.00338699 -0.00324028 -0.00291827 -0.00244429 -0.00181713 -0.00114276 -0.000451682 0.000229996 0.000842578 0.00131679 0.00162709 0.00172577 0.00160754 0.00121804 0.000562091 -0.000319255 -0.0014149 -0.00272021 -0.00415375 -0.0057077 -0.00733789 -0.00896658 -0.010559 -0.0120833 -0.013459 -0.0146682 -0.0156874 -0.0164767 -0.0170363 -0.0173858 -0.0175326 -0.0174946 -0.0173219 -0.0170275 -0.0166278 -0.0161624 -0.0156488 -0.0150724 -0.0144769 -0.0138353 -0.0131277 -0.0123504 -0.0114691 -0.0104573 -0.00932107 -0.00804763 -0.00667431 -0.00522611 -0.00374709 -0.00232399 -0.000984252 0.000191647 0.00113049 0.00182752 0.00225519 0.0024135 0.00237276 0.00217433 0.00187527 0.00153257 0.00118578 0.000878447 0.000613442 0.000418402 0.000297758 0.000217689 0.000162208 0.000128889 0.000101497 6.53776e-05 3.5804e-05 -6.45107e-06 -6.56184e-05 -0.00014583 -0.000224291 -0.000283472 -0.00035264 -0.000415139 -0.000469221 -0.000515811 -0.000549254 -0.000568609 -0.000576388 -0.000583157 -0.000596989 -0.000589759 -0.000571763 -0.000572046 -0.000572725 -0.000579276 -0.000558854 -0.00055179 -0.000559658 -0.000553697 -0.000556442 -0.000539046 -0.00054897 -0.000549821 -0.000542362 -0.000545066 -0.000532812 -0.000546031 -0.000536885 -0.000536904 
0 1.63134e-05 3.90299e-05 7.39871e-05 8.35308e-05 9.73907e-05 0.000120772 0.000144749 0.000170981 0.000178679 0.000201709 0.000222657 0.000243682 0.000273541 0.00029624 0.000327114 0.000354475 0.000398552 0.000445167 0.000476712 0.000505434 0.000552301 0.00059577 0.000612036 0.000605575 0.000593534 0.00059976 0.000563353 0.000531924 0.000488815 0.000446258 0.000429306 0.00040843 0.000441344 0.000457796 0.000514433 0.000630173 0.00078895 0.0009997 0.00126318 0.00160677 0.00203906 0.00257232 0.00320909 0.00394388 0.00467799 0.00542929 0.00610137 0.00662846 0.00694236 0.00697665 0.00668946 0.00605493 0.00514154 0.00400204 0.00275326 0.00148978 0.000368832 -0.000543915 -0.00113089 -0.00132705 -0.00107446 -0.000398248 0.000729769 0.00224856 0.00405974 0.00613215 0.00835212 0.0106217 0.0128908 0.0150905 0.0171165 0.0189814 0.020583 0.0219012 0.0228945 0.0235463 0.0238054 0.023702 0.023196 0.022316 0.0210591 0.0194848 0.0176068 0.0155015 0.0132351 0.010868 0.00845649 0.00611039 0.00386011 0.00178976 -9.82513e-06 -0.00154643 -0.00279406 -0.00366579 -0.00419495 -0.00441488 -0.00430426 -0.00390989 -0.00328979 -0.00250201 -0.00162037 -0.000688613 0.00020643 0.000953202 0.00154275 0.00191901 0.00197096 0.00170787 0.00113506 0.000204954 -0.00106372 -0.00263169 -0.00448787 -0.00655204 -0.00877325 -0.0110841 -0.0134207 -0.0156982 -0.0178633 -0.0198311 -0.0215742 -0.0230199 -0.0241845 -0.0250308 -0.0255828 -0.0258487 -0.0258707 -0.0256464 -0.0252723 -0.0247295 -0.0240857 -0.0233698 -0.0225823 -0.0217211 -0.0208139 -0.0197888 -0.0186368 -0.0173414 -0.0158378 -0.0141312 -0.012228 -0.010163 -0.0079604 -0.00574825 -0.00357821 -0.00156461 0.000203119 0.00162085 0.00267234 0.00330786 0.00357155 0.00351345 0.00322712 0.00280452 0.0022805 0.00178334 0.001315 0.000919695 0.000629408 0.000444507 0.000315444 0.000239976 0.000173906 0.000129453 7.7059e-05 1.07052e-05 -3.22594e-05 -0.000135409 -0.000233883 -0.000338086 -0.000423994 -0.000503691 -0.000600001 -0.000672291 -0.000744176 -0.000799973 -0.000835374 -0.000852068 -0.000877219 -0.000894798 -0.000895976 -0.000874385 -0.000866196 -0.000879257 -0.00086599 -0.000849543 -0.000828422 -0.000834727 -0.000838503 -0.000822207 -0.000819775 -0.000815279 -0.00082416 -0.000817878 -0.000808306 -0.000813881 -0.000810216 -0.000813606 -0.000806161 
0 1.46368e-05 5.64722e-05 8.35308e-05 0.000116918 0.000126444 0.000158906 0.000194005 0.000213599 0.000242031 0.000261407 0.000302669 0.000334538 0.000370817 0.000412261 0.000444449 0.000489927 0.000543814 0.000601019 0.000640145 0.000671529 0.000719307 0.000770161 0.000782517 0.000775563 0.000770475 0.000767994 0.000747326 0.000697766 0.000656715 0.000610915 0.000579579 0.000578118 0.000602051 0.000643108 0.000720519 0.000871917 0.00109102 0.00137052 0.00171976 0.00218166 0.0027521 0.00345533 0.00431393 0.00526482 0.00626319 0.00724936 0.0081403 0.00884716 0.00925473 0.00930239 0.0089305 0.00809986 0.00690522 0.00543237 0.00378324 0.00215591 0.000683732 -0.000497785 -0.00124109 -0.00146634 -0.00110991 -0.000169213 0.00132961 0.00332667 0.00571238 0.00838757 0.0112609 0.0141924 0.0171059 0.0199125 0.0225163 0.0248515 0.0268686 0.0285034 0.0297114 0.0304717 0.0307592 0.0305475 0.0298596 0.0287202 0.0271244 0.0251474 0.0228336 0.0202171 0.0173966 0.0144656 0.0114775 0.00857098 0.00581496 0.0032654 0.00100312 -0.00090769 -0.00244882 -0.003587 -0.00435079 -0.00470738 -0.00467852 -0.00434529 -0.00374287 -0.00289219 -0.00194604 -0.000974482 -3.97841e-05 0.000754314 0.00131724 0.00160693 0.00155779 0.00116272 0.000358971 -0.000862911 -0.00245884 -0.00441835 -0.0067315 -0.00928715 -0.012049 -0.0149355 -0.0178217 -0.0206384 -0.0233254 -0.0257719 -0.0279475 -0.0298129 -0.0313156 -0.0324455 -0.0332185 -0.0336383 -0.0337296 -0.0335542 -0.0331477 -0.0325403 -0.0317987 -0.030955 -0.0299977 -0.0289706 -0.0278372 -0.0265471 -0.0250784 -0.0233728 -0.0213826 -0.0191118 -0.0165599 -0.0137904 -0.0108659 -0.00789026 -0.00500983 -0.00231237 5.62718e-05 0.00196531 0.00338614 0.00427217 0.00463932 0.00459851 0.00424407 0.00368587 0.00302854 0.00236113 0.00175593 0.00123568 0.000846577 0.000593754 0.000421954 0.000304319 0.000223546 0.000157551 8.28514e-05 1.59455e-05 -6.34096e-05 -0.000174389 -0.000313591 -0.00045011 -0.000560935 -0.000683382 -0.000800836 -0.000905776 -0.000997542 -0.00106708 -0.00111019 -0.00113316 -0.00115684 -0.00118515 -0.0011821 -0.00115841 -0.00115706 -0.00115967 -0.0011612 -0.00112881 -0.00111277 -0.00112118 -0.00111449 -0.00111209 -0.00108857 -0.00109725 -0.00109845 -0.00108879 -0.00108925 -0.00107742 -0.00109318 -0.00108076 -0.00107885 
0 1.81041e-05 5.4061e-05 9.73907e-05 0.000126444 0.000151026 0.000188323 0.000229952 0.000268637 0.000299626 0.000342258 0.000391995 0.000438374 0.000487506 0.00053089 0.000575728 0.000623763 0.000685328 0.000747222 0.000788637 0.000823414 0.0008765 0.000927395 0.000946739 0.000941226 0.000934741 0.000940761 0.000910377 0.000869998 0.000822792 0.000778957 0.000760714 0.000756756 0.000800086 0.000847188 0.000945575 0.00112979 0.00139379 0.0017428 0.00218835 0.00276691 0.00349287 0.00438424 0.005445 0.00663927 0.00786644 0.00909001 0.0101924 0.0110606 0.0115774 0.0116457 0.0111949 0.0101974 0.00874352 0.0069377 0.00494587 0.00295443 0.00117668 -0.000237585 -0.00111815 -0.00135551 -0.000876789 0.000301086 0.00216815 0.00462908 0.00753979 0.0108003 0.0142588 0.017767 0.0212308 0.0245466 0.0275909 0.0303257 0.0326491 0.0345095 0.0358563 0.0366684 0.0369092 0.0366013 0.035741 0.034367 0.0324966 0.0302046 0.0275305 0.0245533 0.0213656 0.0180516 0.0146891 0.011409 0.00827467 0.00537689 0.00281235 0.00059963 -0.00123218 -0.00261404 -0.00357459 -0.00413544 -0.00429277 -0.00410503 -0.00363593 -0.00295049 -0.00214991 -0.00130193 -0.000504344 0.00012258 0.000535727 0.000670951 0.000425648 -0.0002061 -0.00124 -0.00271589 -0.00461271 -0.00689858 -0.00955222 -0.0124787 -0.0156118 -0.0188661 -0.022144 -0.0253499 -0.0284128 -0.0312337 -0.0337691 -0.0359508 -0.0377619 -0.0391646 -0.0401687 -0.0407758 -0.0410197 -0.0409252 -0.0405771 -0.0399899 -0.0392393 -0.0383621 -0.0373549 -0.0362171 -0.0349381 -0.0334324 -0.0316624 -0.0295819 -0.0271226 -0.0242895 -0.0211057 -0.0176368 -0.0139619 -0.0102452 -0.00661749 -0.00323881 -0.000266012 0.00215103 0.00395801 0.00510085 0.00562152 0.00561599 0.0052185 0.00456543 0.00375916 0.00294884 0.00218889 0.00153951 0.00104997 0.000722009 0.000499524 0.000356895 0.000250459 0.000170535 8.62521e-05 -4.77064e-06 -9.12322e-05 -0.000236099 -0.000396966 -0.000562082 -0.000707747 -0.00084986 -0.000999009 -0.00112383 -0.00123612 -0.00132252 -0.00137705 -0.0014091 -0.00144477 -0.00147352 -0.00147445 -0.00144911 -0.0014399 -0.00144869 -0.00143874 -0.00141495 -0.00139492 -0.00140177 -0.00140314 -0.00138815 -0.00137654 -0.00137401 -0.0013791 -0.00137239 -0.00136318 -0.00136208 -0.00136327 -0.00135988 -0.00135243 
0 2.74787e-05 7.32347e-05 0.000120772 0.000158906 0.000188323 0.000230798 0.000280148 0.00032308 0.000363146 0.000410123 0.000467345 0.000523336 0.000580661 0.000636771 0.000693226 0.000755926 0.000828342 0.000897764 0.000946815 0.000988639 0.00104326 0.00109551 0.00111543 0.00111036 0.00110462 0.00110269 0.00107539 0.00102993 0.000982802 0.000943229 0.000928029 0.000940393 0.000991158 0.0010634 0.0011915 0.00141367 0.00173288 0.00215308 0.00269117 0.00338657 0.00425853 0.00532845 0.00659926 0.00801873 0.00949653 0.0109558 0.0122742 0.0133136 0.0139348 0.0140248 0.0135042 0.0123507 0.0106589 0.0085632 0.00625001 0.0039503 0.00189593 0.000282416 -0.000702793 -0.000929721 -0.000327571 0.00109773 0.00330377 0.00618094 0.00957053 0.0133308 0.0172961 0.0213003 0.025219 0.0289325 0.0323195 0.0353098 0.0378223 0.0397991 0.0411971 0.0419965 0.0421784 0.0417514 0.0407365 0.0391732 0.0370969 0.0345838 0.0316962 0.0285074 0.0251156 0.0216087 0.0180674 0.0146037 0.0112888 0.00819589 0.005411 0.00297876 0.000935521 -0.000678616 -0.00187799 -0.00267458 -0.0030884 -0.00318766 -0.00302673 -0.0026632 -0.00219569 -0.0016955 -0.00123694 -0.000920624 -0.000812877 -0.000980219 -0.00149976 -0.00239922 -0.00370952 -0.00545302 -0.00760069 -0.0101253 -0.0129955 -0.0161307 -0.019468 -0.0229298 -0.0264156 -0.0298423 -0.033134 -0.0361974 -0.0389773 -0.0414156 -0.0434706 -0.0451131 -0.0463431 -0.0471629 -0.0475985 -0.0476883 -0.047489 -0.0470322 -0.0463794 -0.0455615 -0.0445755 -0.0434172 -0.0420508 -0.0403934 -0.0383871 -0.0359662 -0.0330708 -0.0296995 -0.0258889 -0.0217208 -0.0173101 -0.0128316 -0.00846304 -0.00438592 -0.000791618 0.00215279 0.00436574 0.00579599 0.00648199 0.00653933 0.00611983 0.00537913 0.00446055 0.00351058 0.00261864 0.00185082 0.00126106 0.000852495 0.000573092 0.000385017 0.000249406 0.000143503 4.13516e-05 -5.89104e-05 -0.000166342 -0.000319307 -0.00049955 -0.000682494 -0.000849359 -0.00101489 -0.00117925 -0.00132521 -0.00145234 -0.0015522 -0.00161953 -0.00166569 -0.0017124 -0.00175077 -0.00175757 -0.00173886 -0.00173247 -0.00173926 -0.00173349 -0.00170984 -0.0016925 -0.00169493 -0.00169184 -0.00167672 -0.00166015 -0.00165791 -0.00165875 -0.00165267 -0.0016451 -0.00163972 -0.00164194 -0.00163612 -0.00163028 
0 3.89872e-05 9.55708e-05 0.000144749 0.000194005 0.000229952 0.000280148 0.000338581 0.000385094 0.000435852 0.00048332 0.000544776 0.000606876 0.000668477 0.000735687 0.000800427 0.000877039 0.000958964 0.00103663 0.00109829 0.00115314 0.00121285 0.00126786 0.00128918 0.00128508 0.00127843 0.00126236 0.00123685 0.0011834 0.00113656 0.00110332 0.00109345 0.00113057 0.00119355 0.00130238 0.00146914 0.0017337 0.00211028 0.00260105 0.00323132 0.00404177 0.00505851 0.00630543 0.00778548 0.00942597 0.011157 0.0128525 0.0143893 0.0156051 0.0163368 0.0164574 0.0158779 0.0145859 0.0126767 0.0103201 0.00771941 0.00515535 0.00286802 0.00109934 4.48119e-05 -0.000151961 0.000572037 0.00222533 0.00472988 0.00796606 0.0117693 0.0159497 0.020334 0.0247366 0.0290032 0.0329978 0.0366119 0.0397383 0.0423287 0.0443193 0.0456834 0.0464064 0.0464976 0.0459521 0.0448186 0.0431313 0.040943 0.0383236 0.0353591 0.0321152 0.0286902 0.02517 0.0216304 0.0181538 0.0148194 0.0116824 0.00880401 0.00624594 0.00404461 0.00221133 0.000746105 -0.000352215 -0.00112481 -0.00163378 -0.0019253 -0.00204609 -0.00208196 -0.00210025 -0.00215545 -0.00231696 -0.00266772 -0.00326791 -0.00416502 -0.00540113 -0.00701495 -0.00900612 -0.0113503 -0.01403 -0.0170047 -0.0202126 -0.0236006 -0.0271061 -0.030637 -0.0341287 -0.0375024 -0.0406755 -0.0435801 -0.0461758 -0.0483995 -0.0502394 -0.0516862 -0.0527451 -0.053426 -0.0537806 -0.0538228 -0.0536019 -0.0531524 -0.0524955 -0.0516231 -0.0505289 -0.0491454 -0.0474028 -0.0452207 -0.0425136 -0.0392323 -0.0353644 -0.0309551 -0.0261016 -0.0209586 -0.0157073 -0.0105845 -0.00579185 -0.00156019 0.00193015 0.00456669 0.00630827 0.00718613 0.00733752 0.00692632 0.00612506 0.00512092 0.00404788 0.0030375 0.00215903 0.00147068 0.000976843 0.000635748 0.000393839 0.000222824 8.31585e-05 -4.24523e-05 -0.000153322 -0.000284589 -0.000436665 -0.000625739 -0.000812598 -0.000987517 -0.00116583 -0.0013353 -0.00149907 -0.00164091 -0.00175752 -0.00184407 -0.00191217 -0.00197427 -0.00202676 -0.00204331 -0.00203665 -0.00203522 -0.00203657 -0.00203461 -0.0020083 -0.00199291 -0.00198798 -0.00197864 -0.00196672 -0.00194517 -0.00194603 -0.00194233 -0.00193641 -0.00193174 -0.00192061 -0.00192496 -0.00191547 -0.0019119 
0 5.38229e-05 0.000105228 0.000170981 0.000213599 0.000268637 0.00032308 0.000385094 0.000450963 0.000502427 0.000569108 0.000631157 0.000705051 0.000778427 0.000848706 0.000927417 0.00100694 0.00109345 0.00117196 0.00123893 0.00129912 0.00136133 0.00140615 0.00143182 0.00143055 0.00142029 0.0014111 0.00137833 0.00134492 0.00130062 0.00128037 0.00129655 0.00134498 0.00144189 0.00157948 0.00179021 0.0021005 0.002529 0.00309078 0.00382095 0.00474259 0.00591156 0.0073443 0.00901723 0.0108962 0.012856 0.0147895 0.0165378 0.0179162 0.0187644 0.0189228 0.0182952 0.0168985 0.0148117 0.0122235 0.00940367 0.00660374 0.00413458 0.00224548 0.00113944 0.000975764 0.00182106 0.00365973 0.00642704 0.00997008 0.0141035 0.0186351 0.0233389 0.0280275 0.0325266 0.0366892 0.0403909 0.0435628 0.0461246 0.048045 0.049312 0.0499231 0.0498827 0.0492445 0.0480293 0.0462838 0.0440868 0.0414959 0.0385787 0.0354383 0.0321433 0.0287576 0.0253705 0.0220326 0.0188 0.0157418 0.0129082 0.0103103 0.00798008 0.00594321 0.00420575 0.00271958 0.00147513 0.00045987 -0.000387032 -0.00114515 -0.0018229 -0.00247383 -0.00317592 -0.00398728 -0.00493035 -0.00606488 -0.00744287 -0.00909833 -0.0110198 -0.0132274 -0.0157285 -0.018489 -0.02147 -0.0246536 -0.027971 -0.0313716 -0.0348182 -0.0382293 -0.0415333 -0.0446831 -0.047604 -0.0502376 -0.05257 -0.0545631 -0.0562074 -0.0575116 -0.0584893 -0.0591424 -0.0595149 -0.0596194 -0.0594716 -0.0590795 -0.058437 -0.0574843 -0.0561795 -0.0544274 -0.0521253 -0.0492018 -0.0455868 -0.041265 -0.0363016 -0.0307968 -0.0249267 -0.0189336 -0.0130394 -0.00753279 -0.00265106 0.00141068 0.00450001 0.00657885 0.00770072 0.00797818 0.00761077 0.00679539 0.00571249 0.00455352 0.00342745 0.00244826 0.0016676 0.00108628 0.000679607 0.000392756 0.000178531 1.0561e-05 -0.000130116 -0.000267162 -0.000401967 -0.000571784 -0.000756334 -0.000946817 -0.00113784 -0.0013151 -0.00150162 -0.00167494 -0.00183405 -0.00196741 -0.00207104 -0.00215752 -0.00223473 -0.00229081 -0.00232092 -0.00232904 -0.00232794 -0.00233737 -0.00232454 -0.00231119 -0.00229141 -0.00227807 -0.00227538 -0.00225122 -0.00224534 -0.00223151 -0.00223029 -0.0022266 -0.00221158 -0.00221494 -0.002201 -0.00220483 -0.00219657 
0 5.93932e-05 0.000123851 0.000178679 0.000242031 0.000299626 0.000363146 0.000435852 0.000502427 0.000578479 0.000645901 0.000723848 0.000810632 0.000892386 0.000980365 0.00106266 0.00115212 0.00123841 0.00131179 0.00137796 0.00143831 0.00148437 0.00152246 0.00153776 0.00154088 0.00154252 0.00152408 0.00152524 0.00149889 0.00148511 0.00149207 0.00152041 0.00161167 0.00171497 0.00189693 0.00214752 0.00249874 0.0029868 0.00362591 0.00445334 0.00550738 0.00682984 0.0084437 0.0103374 0.0124199 0.0146338 0.0167855 0.0187327 0.0202764 0.0212263 0.0214236 0.0207775 0.0193001 0.0170808 0.0143424 0.0113272 0.0083705 0.00574057 0.00374368 0.00259212 0.00245178 0.00337407 0.00538821 0.00835937 0.0121393 0.0165474 0.021315 0.0262352 0.0311027 0.0357126 0.039912 0.0436221 0.046707 0.0491688 0.050961 0.0520929 0.0525643 0.0524334 0.0516991 0.0504483 0.0487212 0.0466056 0.0441439 0.041438 0.0385293 0.0354821 0.0323639 0.0292466 0.0261494 0.0231536 0.0202757 0.017517 0.0149372 0.0125533 0.0103096 0.00823432 0.0063466 0.00459584 0.00295891 0.00143156 -8.1706e-06 -0.00140816 -0.00283517 -0.00430378 -0.00581859 -0.00746 -0.00925319 -0.0111621 -0.0132364 -0.0155082 -0.0179493 -0.0205608 -0.0233521 -0.0262809 -0.0293465 -0.03251 -0.0357329 -0.0389586 -0.0421609 -0.0452749 -0.0482731 -0.051088 -0.0537123 -0.056072 -0.0581744 -0.0599913 -0.0615329 -0.0627874 -0.063805 -0.0645394 -0.0650445 -0.0652913 -0.0652615 -0.0649285 -0.0642448 -0.0630937 -0.0614146 -0.0590819 -0.0559833 -0.0520903 -0.0473694 -0.041888 -0.0357726 -0.0292408 -0.022505 -0.0158894 -0.009659 -0.00411078 0.000542999 0.00412432 0.0065971 0.00798925 0.00844906 0.00816576 0.00734819 0.00624478 0.00499196 0.00378355 0.00271106 0.00183617 0.0011713 0.000700548 0.000355784 0.000113707 -8.28252e-05 -0.000241936 -0.000375705 -0.000544272 -0.000700984 -0.000900428 -0.00109756 -0.00129433 -0.00149506 -0.00167697 -0.00186989 -0.00203563 -0.00217668 -0.00229419 -0.00239287 -0.0024739 -0.00253859 -0.00257649 -0.00260417 -0.00261908 -0.00262247 -0.00262713 -0.00260924 -0.00259875 -0.00258091 -0.00256738 -0.00256009 -0.00253821 -0.00253221 -0.00251865 -0.00251101 -0.00250598 -0.00249356 -0.00249545 -0.00248741 -0.00248662 
0 7.17833e-05 0.000128306 0.000201709 0.000261407 0.000342258 0.000410123 0.00048332 0.000569108 0.000645901 0.000735837 0.000817042 0.000915296 0.00100927 0.0010989 0.00119144 0.00128086 0.00136666 0.00143734 0.00150596 0.00156581 0.00161473 0.00163859 0.0016606 0.00166981 0.00166719 0.00166284 0.00165672 0.00166467 0.00166623 0.00169822 0.00176726 0.00187407 0.00202071 0.00223296 0.00252967 0.0029293 0.0034731 0.00419064 0.00513637 0.00632026 0.00781661 0.0096345 0.011728 0.014055 0.0164861 0.0188658 0.0210086 0.0227041 0.0237704 0.0240286 0.0233774 0.0218643 0.0195574 0.0166827 0.0135483 0.0104382 0.00769127 0.00560676 0.00440636 0.00426271 0.00524671 0.00734779 0.0104647 0.0144104 0.0189782 0.0239057 0.0289333 0.033851 0.0384577 0.042602 0.046191 0.0491585 0.0514629 0.0530944 0.0540764 0.054425 0.0541809 0.0534258 0.0522033 0.0505697 0.0486266 0.0464066 0.0439668 0.0413957 0.0387167 0.0359666 0.0332128 0.0304516 0.0277202 0.0250598 0.0224608 0.0199165 0.0174311 0.014995 0.0126264 0.0102862 0.00797132 0.00572679 0.00351215 0.00126991 -0.000948795 -0.00316722 -0.00544151 -0.00776665 -0.0101364 -0.0125671 -0.0150538 -0.0176159 -0.0202249 -0.0228795 -0.0256201 -0.0284287 -0.0312782 -0.0341985 -0.0371396 -0.0400774 -0.0430282 -0.0459392 -0.0487726 -0.05154 -0.054184 -0.0566765 -0.0590213 -0.061183 -0.0631403 -0.0649021 -0.0664603 -0.0678058 -0.068948 -0.0698879 -0.0705839 -0.0710006 -0.0710902 -0.0707375 -0.0698469 -0.0683161 -0.0659995 -0.0628144 -0.0587005 -0.0536393 -0.0477097 -0.0410428 -0.0338637 -0.0264526 -0.0191002 -0.0121689 -0.00595196 -0.000683257 0.00341683 0.00631096 0.00804089 0.00871942 0.0085643 0.00780881 0.00667753 0.00538493 0.00408619 0.00292967 0.00196946 0.00121528 0.00067625 0.000283932 -2.71577e-06 -0.000223093 -0.000392692 -0.00055249 -0.000715884 -0.000889981 -0.00107418 -0.0012683 -0.00147318 -0.00165852 -0.00185034 -0.00203632 -0.00221066 -0.00236168 -0.00249359 -0.00261241 -0.00270682 -0.00277676 -0.0028321 -0.00287963 -0.00290075 -0.00291722 -0.0029151 -0.00291677 -0.00290496 -0.00288299 -0.00287775 -0.00285806 -0.00285531 -0.00283101 -0.00281912 -0.00281204 -0.00279455 -0.00279874 -0.00278003 -0.00278579 -0.00277765 
0 8.11219e-05 0.000150084 0.000222657 0.000302669 0.000391995 0.000467345 0.000544776 0.000631157 0.000723848 0.000817042 0.0009061 0.00100905 0.00110854 0.00120842 0.00130664 0.00140287 0.00149186 0.00156208 0.00163288 0.00169776 0.00173782 0.00176187 0.00178 0.00179643 0.00180159 0.0017899 0.00180565 0.00182437 0.00185612 0.00191623 0.00200776 0.00215534 0.00232963 0.00259446 0.00294956 0.00341152 0.00403037 0.00484458 0.00590263 0.00723248 0.00889183 0.0108964 0.0132081 0.0157473 0.0184226 0.0210259 0.0233692 0.0252339 0.0264193 0.0267442 0.0261219 0.0245891 0.0222287 0.0192813 0.0160358 0.0128278 0.00997222 0.00779916 0.00654582 0.00638591 0.00737957 0.00954226 0.0127219 0.0167305 0.0213594 0.0263045 0.031319 0.036193 0.0407113 0.0447259 0.0481728 0.0509525 0.0530729 0.0545296 0.0553635 0.0556018 0.0553248 0.0545804 0.0534488 0.0519843 0.0502815 0.0483591 0.0462913 0.0441156 0.0418451 0.0395144 0.0371689 0.034774 0.032366 0.0299369 0.0274465 0.0249229 0.0223689 0.0197248 0.017026 0.0142815 0.0114534 0.00855957 0.00561413 0.00261662 -0.000409868 -0.00348512 -0.00658884 -0.00967094 -0.0127614 -0.0158557 -0.0188907 -0.0218977 -0.0248769 -0.0277909 -0.0306596 -0.0334888 -0.0362513 -0.0389932 -0.041698 -0.0443558 -0.0469749 -0.0495521 -0.0520624 -0.0545356 -0.0569366 -0.0592754 -0.0615274 -0.0636944 -0.0657491 -0.0676994 -0.0695245 -0.0712351 -0.0727825 -0.0741819 -0.0753611 -0.0762568 -0.0768009 -0.0768694 -0.0763085 -0.0750182 -0.0728305 -0.0696268 -0.0653749 -0.0600447 -0.0537199 -0.0465582 -0.0388081 -0.0307406 -0.0227178 -0.0150932 -0.00820728 -0.0023217 0.00232751 0.00568429 0.0077752 0.00872596 0.00874516 0.00807887 0.00699243 0.00567392 0.00433728 0.00311731 0.00207717 0.00124276 0.000626736 0.000168647 -0.000162444 -0.000416072 -0.000604976 -0.000766651 -0.000944902 -0.00110082 -0.00127723 -0.00146057 -0.0016538 -0.00184235 -0.00201974 -0.00220907 -0.00238083 -0.00253533 -0.00268321 -0.00281706 -0.00292406 -0.00300588 -0.00307651 -0.0031448 -0.00318118 -0.00319822 -0.00321045 -0.00321695 -0.00321511 -0.00319455 -0.00318297 -0.00317349 -0.00316285 -0.0031451 -0.00312739 -0.00311818 -0.00310679 -0.00309899 -0.00308767 -0.00308131 -0.00307321 
0 9.07664e-05 0.000164111 0.000243682 0.000334538 0.000438374 0.000523336 0.000606876 0.000705051 0.000810632 0.000915296 0.00100905 0.00111457 0.00121892 0.00132055 0.00141918 0.00151343 0.00159745 0.00166446 0.00173533 0.00180087 0.00184259 0.00186573 0.00189194 0.00192038 0.00193255 0.00193138 0.001957 0.00200212 0.00206229 0.00215311 0.00228217 0.00246456 0.00268717 0.00300493 0.00342357 0.00395479 0.00465161 0.00556444 0.00674868 0.00822871 0.0100652 0.0122692 0.0147922 0.0175591 0.0204591 0.0232853 0.0258271 0.0278613 0.0291806 0.0296006 0.0290313 0.0275132 0.0251301 0.0221213 0.0187957 0.0154905 0.0125423 0.0102877 0.0089741 0.00876909 0.00973796 0.0118749 0.0150302 0.0190019 0.0235709 0.0284358 0.0333429 0.0380798 0.0424426 0.0462864 0.0495463 0.0521474 0.0540917 0.0553922 0.0561051 0.0562766 0.0559928 0.0553305 0.0543574 0.0531272 0.0517209 0.0501509 0.0484669 0.0467109 0.0448779 0.0429811 0.0410369 0.0389966 0.036866 0.0346366 0.0322597 0.029742 0.0270792 0.0242379 0.0212407 0.0180838 0.0147484 0.0112756 0.0076667 0.00392707 0.000122492 -0.00372196 -0.0075851 -0.0114028 -0.0151663 -0.0188546 -0.0224209 -0.0258747 -0.0291978 -0.0323544 -0.0353707 -0.0382418 -0.040951 -0.0435451 -0.0460234 -0.0483961 -0.0507059 -0.0529555 -0.0551429 -0.0573108 -0.0594454 -0.0615656 -0.0636861 -0.0658113 -0.0679263 -0.0700381 -0.0721198 -0.0741571 -0.0761068 -0.0779552 -0.0796186 -0.0810184 -0.082059 -0.0825868 -0.0824293 -0.0814534 -0.0794703 -0.0763529 -0.0720502 -0.066539 -0.0599023 -0.0523151 -0.0440392 -0.0353783 -0.0267123 -0.0184347 -0.0109037 -0.00440783 0.000798527 0.00464464 0.00714875 0.00842331 0.00867554 0.00816272 0.0071497 0.00585394 0.00449472 0.00322804 0.00212325 0.0012156 0.000530975 1.71595e-05 -0.000358605 -0.000639875 -0.000845991 -0.00102229 -0.00120026 -0.00135125 -0.00150651 -0.00167213 -0.00185109 -0.00202468 -0.00219597 -0.00237759 -0.00254978 -0.0027106 -0.00287312 -0.00302594 -0.00314651 -0.00324017 -0.00332713 -0.00341114 -0.00345736 -0.00347901 -0.00349679 -0.00351582 -0.00352018 -0.00350292 -0.00349217 -0.00348177 -0.00347383 -0.00345424 -0.00343719 -0.00342745 -0.00341418 -0.0034063 -0.00339135 -0.00338456 -0.00337427 
0 0.000104446 0.000183511 0.000273541 0.000370817 0.000487506 0.000580661 0.000668477 0.000778427 0.000892386 0.00100927 0.00110854 0.00121892 0.00133185 0.00143673 0.00153857 0.00163055 0.00170891 0.00177172 0.00183672 0.00189258 0.00192844 0.00194197 0.0019729 0.00201301 0.00203746 0.00206411 0.00210956 0.00219862 0.00229888 0.00242934 0.00260508 0.00282137 0.00310012 0.00346961 0.00395381 0.00456016 0.00534273 0.006364 0.00768614 0.00932826 0.0113524 0.0137644 0.0165015 0.019505 0.0226265 0.0256771 0.0284173 0.0306205 0.0320764 0.0326014 0.0321025 0.0306219 0.0282484 0.0252066 0.0218306 0.0184401 0.0154031 0.0130511 0.0116451 0.0113454 0.0122299 0.0142596 0.0173013 0.0211403 0.0255451 0.0302381 0.034959 0.0394978 0.0436632 0.0473166 0.0503752 0.0528055 0.0545917 0.0557768 0.0564232 0.0565989 0.0563734 0.0558515 0.0550768 0.0541118 0.0530207 0.0518233 0.0505331 0.0491908 0.0477677 0.0462573 0.0446538 0.0429125 0.0410056 0.0389228 0.0366212 0.0340886 0.0313108 0.0282745 0.0249909 0.0214479 0.0176482 0.0136474 0.00945539 0.00508856 0.000630498 -0.00387075 -0.00838697 -0.0128477 -0.0172061 -0.021427 -0.0254719 -0.0293265 -0.0329616 -0.0363537 -0.0395233 -0.0424531 -0.0451455 -0.0476433 -0.0499559 -0.0521019 -0.0541488 -0.0561009 -0.0579896 -0.0598676 -0.0617504 -0.063653 -0.0656316 -0.0676816 -0.0698133 -0.0720342 -0.0743301 -0.076655 -0.0789869 -0.0812653 -0.0834033 -0.0853048 -0.0868523 -0.0878617 -0.0881571 -0.087556 -0.085851 -0.0829051 -0.0786336 -0.0730257 -0.0661629 -0.0582361 -0.0495138 -0.0403414 -0.0310948 -0.0222155 -0.0140664 -0.00696929 -0.00119129 0.00317232 0.00613137 0.00777592 0.00831175 0.00800419 0.00710524 0.00587713 0.00452643 0.00323855 0.00208825 0.00112242 0.000378053 -0.000181169 -0.000594416 -0.000893279 -0.00110918 -0.00129898 -0.00146877 -0.00162206 -0.00175836 -0.00191204 -0.00208233 -0.00224185 -0.00241207 -0.00258009 -0.00274649 -0.00290427 -0.00306841 -0.00322821 -0.00335464 -0.00345635 -0.00356046 -0.00366101 -0.00372178 -0.00375686 -0.00378232 -0.00381943 -0.00383067 -0.00381807 -0.00380844 -0.00379117 -0.00378602 -0.00376042 -0.00374496 -0.0037339 -0.00371651 -0.00371305 -0.0036938 -0.00369246 -0.00368208 
0 0.000113563 0.000210033 0.00029624 0.000412261 0.00053089 0.000636771 0.000735687 0.000848706 0.000980365 0.0010989 0.00120842 0.00132055 0.00143673 0.0015458 0.00164712 0.00173476 0.00181063 0.00187279 0.00193208 0.00198851 0.00200927 0.0020302 0.00205921 0.00211104 0.00216022 0.00219784 0.00228643 0.0023999 0.00255113 0.00272793 0.00294169 0.00321419 0.00354168 0.00397498 0.00452777 0.00521512 0.0060937 0.00724564 0.00871003 0.0105472 0.0127749 0.0154031 0.0183872 0.0216145 0.024979 0.0282472 0.0311848 0.0335627 0.0351578 0.0357865 0.0353809 0.0339417 0.0315877 0.0285444 0.0251076 0.0216527 0.0185156 0.0160418 0.0144987 0.0140478 0.0147459 0.0165886 0.0194103 0.0230214 0.0271955 0.0316486 0.036134 0.0404476 0.0443904 0.0478303 0.0507138 0.0529813 0.0546607 0.0557976 0.0564535 0.0566926 0.0566153 0.0562672 0.0557246 0.0550428 0.0542652 0.0534021 0.0524898 0.0515043 0.0504207 0.049222 0.0478803 0.0463404 0.0445934 0.0425989 0.0403116 0.0377322 0.0348491 0.0316136 0.0280425 0.0241716 0.0199978 0.0155383 0.0108621 0.00603491 0.0010877 -0.00394433 -0.00897174 -0.013917 -0.0187577 -0.0234384 -0.0278775 -0.0320613 -0.0359783 -0.0395924 -0.0429011 -0.0459211 -0.048644 -0.0511006 -0.0533208 -0.0553326 -0.0571705 -0.0589014 -0.06056 -0.0622011 -0.0638678 -0.0656095 -0.0674416 -0.0694154 -0.0715387 -0.0738248 -0.0762669 -0.0788499 -0.081504 -0.084187 -0.086789 -0.0891835 -0.0912314 -0.0927439 -0.0934964 -0.0932956 -0.0919251 -0.0891973 -0.0850452 -0.0794312 -0.0724364 -0.064264 -0.0551987 -0.0455744 -0.0358385 -0.0263999 -0.0176704 -0.0100005 -0.00364387 0.00125848 0.0046985 0.00676662 0.00763956 0.00757468 0.00685749 0.00571457 0.0044195 0.00312952 0.00194737 0.000946255 0.000147421 -0.000451867 -0.000891549 -0.00120664 -0.00143516 -0.00162195 -0.00180081 -0.00193492 -0.00206441 -0.00220041 -0.00234496 -0.00250172 -0.0026443 -0.00280486 -0.00295123 -0.00309981 -0.00326447 -0.00342007 -0.00355281 -0.00366209 -0.00378086 -0.00389685 -0.00397822 -0.00402249 -0.00406774 -0.00411126 -0.00413779 -0.00413636 -0.0041224 -0.0041183 -0.00409982 -0.00408546 -0.00406393 -0.00404682 -0.00403642 -0.00401652 -0.00401328 -0.00399963 -0.00399553 
0 0.0001251 0.000225663 0.000327114 0.000444449 0.000575728 0.000693226 0.000800427 0.000927417 0.00106266 0.00119144 0.00130664 0.00141918 0.00153857 0.00164712 0.00174215 0.00182616 0.00189266 0.00195786 0.00201941 0.00206642 0.00210155 0.00211843 0.00216916 0.00223674 0.00229783 0.0023777 0.00247197 0.0026325 0.00281619 0.0030329 0.0033034 0.00361265 0.00401655 0.00451602 0.0051504 0.00593918 0.00693865 0.00822772 0.00987418 0.0119042 0.0143556 0.0172221 0.0204326 0.0239232 0.0275096 0.0310072 0.0341502 0.0367016 0.0384371 0.0391903 0.0388625 0.0374785 0.0351517 0.0320804 0.0286103 0.0250583 0.0218092 0.0191869 0.0174575 0.0167727 0.0172332 0.0187704 0.0212962 0.0246132 0.0284783 0.0326573 0.0368885 0.0409471 0.0446668 0.0479259 0.0506335 0.0528135 0.054448 0.0556039 0.0563335 0.0567196 0.0567991 0.0566801 0.0563875 0.0559822 0.0554847 0.0549325 0.0542871 0.053566 0.0527319 0.0517463 0.0505576 0.0491515 0.047463 0.0454795 0.0431785 0.0405172 0.0374665 0.0340579 0.0302757 0.0261127 0.0216247 0.0168839 0.0119007 0.00670648 0.00139434 -0.00394855 -0.00930173 -0.0146141 -0.0197874 -0.0247571 -0.0295067 -0.0339702 -0.0381038 -0.0419038 -0.0453725 -0.0484888 -0.0512863 -0.0537672 -0.0559588 -0.0578974 -0.0596558 -0.0612544 -0.0627752 -0.0642674 -0.0657983 -0.0673927 -0.0691405 -0.0710439 -0.0731525 -0.0754806 -0.078048 -0.0808037 -0.0837556 -0.0867915 -0.089816 -0.0926898 -0.0952296 -0.0972133 -0.0984383 -0.0986456 -0.0976173 -0.0951869 -0.0912085 -0.0856798 -0.0786582 -0.0703397 -0.0610068 -0.0510502 -0.04087 -0.0309579 -0.0217043 -0.0134893 -0.00658601 -0.00114376 0.00280713 0.00532697 0.00658784 0.00684023 0.00632849 0.00535648 0.00413626 0.00288238 0.00170114 0.000667755 -0.000168091 -0.000804157 -0.0012752 -0.00160145 -0.00183507 -0.0020319 -0.0021807 -0.00231622 -0.00241118 -0.00252235 -0.00264962 -0.00277015 -0.00291189 -0.00303859 -0.00317432 -0.00331563 -0.00346903 -0.00362905 -0.00375763 -0.00387336 -0.00400098 -0.00412323 -0.0042182 -0.0042803 -0.00433151 -0.00439196 -0.00442639 -0.00444025 -0.00444198 -0.00443757 -0.0044378 -0.00441969 -0.00440562 -0.00438696 -0.00436559 -0.00435425 -0.00433433 -0.00432543 -0.00431089 
0 0.000130876 0.000250111 0.000354475 0.000489927 0.000623763 0.000755926 0.000877039 0.00100694 0.00115212 0.00128086 0.00140287 0.00151343 0.00163055 0.00173476 0.00182616 0.00189885 0.00196394 0.00202995 0.00208698 0.0021436 0.00217196 0.00221661 0.00227793 0.00236509 0.00246232 0.0025592 0.00270413 0.00288619 0.00311981 0.00338483 0.00369418 0.00406637 0.00453346 0.00511539 0.00584614 0.00675396 0.00789275 0.00935994 0.0111821 0.013441 0.0161176 0.019212 0.0226815 0.026403 0.0302405 0.0339624 0.0373125 0.0400449 0.0419258 0.0427794 0.0425464 0.0411976 0.0388836 0.0358069 0.0322616 0.0286151 0.025216 0.0223922 0.0204122 0.019448 0.0195723 0.0207777 0.0229436 0.0259087 0.0294369 0.0332959 0.0372338 0.0410523 0.0445701 0.0476767 0.0503106 0.0524485 0.0541059 0.055345 0.0562011 0.0567437 0.0570499 0.057145 0.0570907 0.056934 0.056672 0.056321 0.0558888 0.05532 0.0546008 0.053699 0.0525713 0.0511836 0.0495023 0.0474701 0.0450697 0.0422784 0.0390957 0.0355082 0.0315333 0.0272159 0.0225817 0.0176216 0.0124325 0.00709865 0.00163188 -0.00392653 -0.00946044 -0.0149163 -0.0202485 -0.0254043 -0.0303167 -0.0349446 -0.0392569 -0.0432319 -0.0468275 -0.0500626 -0.0529452 -0.055487 -0.0577331 -0.0597224 -0.061467 -0.0630555 -0.0645426 -0.0659727 -0.0674348 -0.0689896 -0.0706667 -0.0725439 -0.0746577 -0.0770272 -0.0796888 -0.0826291 -0.0858052 -0.0891476 -0.0925455 -0.0958304 -0.0988167 -0.101271 -0.102946 -0.103575 -0.102937 -0.10081 -0.0970812 -0.0917019 -0.0847355 -0.0763692 -0.0668921 -0.0566732 -0.0461786 -0.0358533 -0.026143 -0.0174493 -0.0100193 -0.0040584 0.000397217 0.00340197 0.00509403 0.00569927 0.00549012 0.00471363 0.0036479 0.00246469 0.00130584 0.00027799 -0.000594548 -0.0012557 -0.00174456 -0.00207852 -0.00231244 -0.00248749 -0.00262427 -0.00272116 -0.002799 -0.00288067 -0.00297402 -0.00309138 -0.00319879 -0.00331811 -0.00342832 -0.00355774 -0.00370657 -0.00385116 -0.00398473 -0.00409913 -0.00423034 -0.00435456 -0.00446043 -0.00453258 -0.00460002 -0.00466254 -0.00471036 -0.00474031 -0.00474699 -0.0047639 -0.00476063 -0.00476055 -0.0047446 -0.00472244 -0.00470939 -0.00468235 -0.00467557 -0.00464972 -0.00463555 
0 0.000141178 0.000275383 0.000398552 0.000543814 0.000685328 0.000828342 0.000958964 0.00109345 0.00123841 0.00136666 0.00149186 0.00159745 0.00170891 0.00181063 0.00189266 0.00196394 0.00201888 0.00208589 0.00214611 0.00219994 0.0022507 0.00230974 0.00240206 0.00251213 0.00263492 0.00277906 0.00295055 0.00317963 0.00345578 0.00377207 0.0041419 0.00457352 0.00512572 0.00579993 0.00663451 0.00767164 0.00896776 0.0106076 0.0126436 0.0151318 0.0180644 0.0214234 0.0251508 0.0291438 0.0332199 0.0371637 0.0407117 0.0436064 0.0456101 0.0465704 0.0464009 0.0450901 0.0427798 0.0396561 0.0360298 0.0322353 0.0286408 0.0255706 0.0232879 0.0219722 0.0217336 0.0225306 0.0242999 0.0268849 0.0300434 0.0335761 0.0372412 0.0408252 0.0441791 0.0471996 0.0497997 0.0519849 0.0537411 0.0551146 0.0561288 0.056861 0.0573498 0.0576522 0.0578061 0.0578443 0.0577412 0.0575285 0.0571669 0.0566349 0.055933 0.0550199 0.0538357 0.0523812 0.0505929 0.0484363 0.0459157 0.0429925 0.0396602 0.0359649 0.0318966 0.0274697 0.0227535 0.0177802 0.0125767 0.00718884 0.00168194 -0.00385552 -0.00937636 -0.0148573 -0.0202085 -0.0253734 -0.0303405 -0.0350401 -0.039428 -0.0435002 -0.0472142 -0.0505612 -0.0535734 -0.056232 -0.0585799 -0.060669 -0.0625261 -0.0641978 -0.0657568 -0.0672304 -0.0687139 -0.0702667 -0.0719647 -0.0738658 -0.0760338 -0.0784859 -0.0812634 -0.0843434 -0.0877252 -0.0913152 -0.0950216 -0.0986802 -0.102071 -0.104949 -0.107063 -0.108101 -0.107839 -0.106066 -0.10261 -0.0974495 -0.0906235 -0.082299 -0.0727651 -0.0624109 -0.0516743 -0.041045 -0.0309615 -0.0218383 -0.0139411 -0.00747591 -0.00251166 0.000989563 0.00314597 0.00415762 0.00427042 0.00376285 0.0028731 0.00180691 0.000718582 -0.000283494 -0.00114657 -0.00181357 -0.00230333 -0.00263247 -0.00285969 -0.00302217 -0.00312519 -0.00320351 -0.00324597 -0.00329299 -0.00335843 -0.00344009 -0.00353413 -0.00361985 -0.00371365 -0.00383085 -0.00396122 -0.0041018 -0.00422729 -0.00434679 -0.00447643 -0.00459889 -0.00471491 -0.00479905 -0.0048768 -0.00494704 -0.00500175 -0.00504326 -0.00505851 -0.00507671 -0.00508112 -0.00507996 -0.0050665 -0.00504402 -0.00502924 -0.00501069 -0.00500171 -0.00498377 -0.00497128 
