0 0 0 0 0 0 0 0 0 0 0 0 0 0 0 0 0 0 0 0 0 0 0 0 0 0 0 0 0 0 0 0 0 0 0 0 0 0 0 0 0 0 0 0 0 0 0 0 0 0 0 0 0 0 0 0 0 0 0 0 0 0 0 0 0 0 0 0 0 0 0 0 0 0 0 0 0 0 0 0 0 0 0 0 0 0 0 0 0 0 0 0 0 0 0 0 0 0 0 0 0 0 0 0 0 0 0 0 0 0 0 0 0 0 0 0 0 0 0 0 0 0 0 0 0 0 0 0 0 0 0 0 0 0 0 0 0 0 0 0 0 0 0 0 0 0 0 0 0 0 0 0 0 0 0 0 0 0 0 0 0 0 0 0 0 0 0 0 0 0 0 0 0 0 0 0 0 0 0 0 0 0 0 0 0 0 0 0 0 0 0 0 0 0 0 0 0 0 0 0 
0 2.6568e-05 5.02947e-05 6.25705e-05 8.69321e-05 0.000107065 0.00012143 0.000129245 0.000129043 0.000136626 0.000133741 0.000125404 0.00011459 9.84949e-05 8.79973e-05 7.39178e-05 6.64252e-05 6.60845e-05 6.30723e-05 7.28776e-05 9.46974e-05 0.000129994 0.000172413 0.000212518 0.000272695 0.000350013 0.000437027 0.000540781 0.000659834 0.000811373 0.000991971 0.00119988 0.00144629 0.00169972 0.00194483 0.00216143 0.00232682 0.00241655 0.00239492 0.00225591 0.00199201 0.0016099 0.00112572 0.00059012 2.94945e-05 -0.000522175 -0.00101743 -0.00143512 -0.00174918 -0.00195337 -0.00203902 -0.00201383 -0.00189472 -0.00171073 -0.00145652 -0.00117951 -0.000889681 -0.000584314 -0.00029672 -2.47387e-05 0.000232951 0.000468306 0.000681943 0.000889544 0.00108045 0.00128073 0.00147727 0.00169256 0.00192759 0.00218827 0.00247683 0.00280653 0.00316147 0.00354813 0.00396401 0.00440318 0.0048646 0.0053465 0.00585045 0.00635661 0.00686739 0.0073719 0.00785786 0.00830622 0.00872432 0.00907014 0.00934197 0.00952458 0.00961277 0.00958576 0.00945417 0.00919143 0.00881267 0.00830303 0.0076818 0.00695051 0.0061165 0.00517344 0.00417502 0.00310931 0.00199233 0.000852902 -0.000279963 -0.00142176 -0.00252673 -0.00358799 -0.00458211 -0.00550805 -0.00634622 -0.00709658 -0.00773055 -0.00826989 -0.00869265 -0.00900827 -0.00922201 -0.00934169 -0.00934845 -0.00927994 -0.00913074 -0.00891268 -0.00863685 -0.00832289 -0.00796285 -0.00757777 -0.00717742 -0.00676869 -0.00635047 -0.00593901 -0.0055354 -0.00513135 -0.00475199 -0.00439475 -0.00406067 -0.00376171 -0.00350706 -0.00327902 -0.00310527 -0.00296753 -0.00287919 -0.00283452 -0.00283297 -0.00287435 -0.00295909 -0.00306616 -0.00321208 -0.0033744 -0.00352745 -0.00367728 -0.0037821 -0.00381901 -0.00376993 -0.00362195 -0.00335444 -0.00298104 -0.00250887 -0.00196787 -0.00137818 -0.000778589 -0.000215842 0.000282984 0.000685198 0.000964181 0.00110736 0.00114139 0.00107132 0.000929666 0.000746294 0.000546488 0.000359401 0.000185226 5.23545e-05 -3.30527e-05 -8.9516e-05 -0.000118555 -0.00013231 -0.000134055 -0.000126897 -0.000124186 -0.000114318 -0.000109846 -0.000123478 -0.000141694 -0.000166563 -0.000186397 -0.000213881 -0.000254354 -0.000283642 -0.00031142 -0.000331306 -0.000354535 -0.000382318 -0.000394645 -0.000409477 -0.000413721 -0.000418411 -0.00042327 -0.000418809 -0.000425663 -0.000424502 -0.000429148 
0 5.02947e-05 7.75436e-05 0.000114162 0.000142992 0.000192235 0.000221324 0.000234304 0.000253631 0.000260182 0.000273772 0.00025873 0.00024236 0.000223022 0.000196344 0.000177872 0.000156615 0.000151164 0.00014015 0.000149975 0.000182734 0.000248575 0.000321561 0.00040147 0.000525606 0.000672363 0.000869278 0.00107101 0.00132877 0.00164199 0.0019969 0.00243279 0.00290351 0.00341465 0.00389493 0.00431671 0.00464881 0.004824 0.00478004 0.00451039 0.00398553 0.00321791 0.00227 0.00118143 7.5837e-05 -0.00103091 -0.00202985 -0.00285878 -0.0035001 -0.00391437 -0.00408559 -0.00403653 -0.00380172 -0.00340497 -0.00290651 -0.00233125 -0.00174803 -0.0011477 -0.000574037 -3.10879e-05 0.000471804 0.000953316 0.00139484 0.00180438 0.00221567 0.00261871 0.0030237 0.00346984 0.0039603 0.00447038 0.00506525 0.00570544 0.00639635 0.00716002 0.00798997 0.00884847 0.00977673 0.0107305 0.0117037 0.0126955 0.0136982 0.0146708 0.0156095 0.0164867 0.0172677 0.0179222 0.0184513 0.0188112 0.0189582 0.0189052 0.0186285 0.0180965 0.0173403 0.0163598 0.0151171 0.0136615 0.0120195 0.0101914 0.00820725 0.00610736 0.00391562 0.00168489 -0.000574627 -0.0028119 -0.00496991 -0.007049 -0.0090328 -0.0108426 -0.0124846 -0.0139565 -0.015216 -0.016266 -0.0171199 -0.0177481 -0.0181599 -0.0183833 -0.0184241 -0.0182951 -0.0180129 -0.0176072 -0.0170804 -0.0164636 -0.0157836 -0.015052 -0.0142656 -0.0134769 -0.0126578 -0.0118392 -0.0110449 -0.0102744 -0.00952061 -0.00883974 -0.00818919 -0.00759962 -0.00708997 -0.00665487 -0.00628837 -0.00602283 -0.00584089 -0.00573432 -0.00572437 -0.00580353 -0.00595871 -0.00618142 -0.00648374 -0.00679616 -0.00712252 -0.00740472 -0.00760689 -0.00767166 -0.00756331 -0.00725056 -0.00672607 -0.00596579 -0.00502676 -0.00395416 -0.00276184 -0.00158193 -0.000448841 0.00054396 0.00134472 0.00190424 0.0022018 0.00226758 0.00214932 0.00187277 0.00150994 0.0011298 0.000733745 0.000396281 0.000109156 -7.65678e-05 -0.00019442 -0.000272892 -0.000295811 -0.000303993 -0.000286418 -0.000273578 -0.000247674 -0.000236593 -0.000249831 -0.000286511 -0.000326191 -0.000358478 -0.000420151 -0.00048391 -0.000558989 -0.000607079 -0.000653616 -0.000711783 -0.000754585 -0.000802159 -0.000817945 -0.000839234 -0.000851484 -0.000850708 -0.000858714 -0.000847965 -0.000856707 -0.000854942 
0 6.25705e-05 0.000114162 0.000144641 0.000204227 0.000261695 0.000307398 0.000338021 0.000354693 0.000387439 0.000398242 0.000391414 0.000375234 0.000345102 0.000320872 0.000285451 0.000258016 0.000243261 0.000221942 0.000232482 0.000280517 0.000369764 0.000484661 0.000605751 0.000786427 0.00102166 0.00129602 0.00162055 0.00199864 0.00246832 0.00302045 0.00365318 0.00437999 0.00512713 0.00584308 0.00647168 0.00695089 0.00720562 0.00714165 0.00673242 0.0059559 0.00482856 0.00340181 0.00180643 0.000133097 -0.00151942 -0.00301495 -0.00427765 -0.00523422 -0.00585391 -0.00611334 -0.00603305 -0.00566485 -0.00508686 -0.00431231 -0.00346143 -0.00257749 -0.0016647 -0.000802011 1.10043e-05 0.000780679 0.00149568 0.00216073 0.0028125 0.00343649 0.00408362 0.00472765 0.00541675 0.00615233 0.00694448 0.0078073 0.00876827 0.00979943 0.0109199 0.0121253 0.0133992 0.014738 0.0161286 0.0175652 0.0189987 0.0204261 0.0218176 0.0231426 0.0243588 0.0254744 0.026396 0.0271131 0.027584 0.0277847 0.0276679 0.0272458 0.0264579 0.0253372 0.0238549 0.0220493 0.0199348 0.0175313 0.0148314 0.0119555 0.00889232 0.00568574 0.00241393 -0.000851337 -0.00412422 -0.00729267 -0.0103315 -0.0131851 -0.015836 -0.0182402 -0.0203917 -0.0222237 -0.0237768 -0.0250064 -0.0259275 -0.0265561 -0.0269139 -0.0269694 -0.0268087 -0.0264302 -0.0258644 -0.0251399 -0.0243003 -0.0233328 -0.0222834 -0.0211764 -0.020034 -0.0188593 -0.0176952 -0.0165531 -0.0154211 -0.0143544 -0.0133542 -0.0124177 -0.0115716 -0.0108357 -0.0101735 -0.00964362 -0.00921794 -0.00892682 -0.00876431 -0.00873549 -0.00884254 -0.00908139 -0.00940468 -0.00983878 -0.0103183 -0.0107753 -0.0112024 -0.0114917 -0.0115738 -0.0113972 -0.0109227 -0.0101051 -0.00897311 -0.00755903 -0.00594323 -0.00418837 -0.00241014 -0.000734781 0.000751496 0.00195505 0.00280009 0.003255 0.00338057 0.0032039 0.00280762 0.0022787 0.00169262 0.00112345 0.000591847 0.000169114 -0.00011955 -0.000314888 -0.000424602 -0.000476706 -0.000485051 -0.000462613 -0.000442906 -0.000404283 -0.000380665 -0.000401548 -0.000439662 -0.00049334 -0.000540419 -0.000614654 -0.000725467 -0.000820218 -0.000909811 -0.000982505 -0.00106088 -0.00114335 -0.001189 -0.00123263 -0.00125296 -0.00127151 -0.00128678 -0.00127929 -0.00128776 -0.00127834 -0.00128137 
0 8.69321e-05 0.000142992 0.000204227 0.000264929 0.000347967 0.000404936 0.000436361 0.000470244 0.000493074 0.000515888 0.000500718 0.000477629 0.000448506 0.000411805 0.000380878 0.000349363 0.000336925 0.000322196 0.000343123 0.000409102 0.00053176 0.000676181 0.000841683 0.0010821 0.00137943 0.0017595 0.0021768 0.00269287 0.00331942 0.00404232 0.00490129 0.005841 0.00683659 0.00777902 0.00860315 0.00923778 0.00956525 0.00947241 0.00892729 0.00788874 0.00638057 0.00450608 0.00237156 0.000171422 -0.00201127 -0.00399106 -0.00564581 -0.00691492 -0.00773312 -0.00807142 -0.00796487 -0.00748065 -0.00668122 -0.00566475 -0.00450847 -0.00331878 -0.0021068 -0.000943823 0.000158622 0.00119121 0.00217653 0.00309959 0.00397895 0.00485695 0.00573279 0.00661674 0.00756178 0.00857337 0.00962641 0.0107973 0.0120503 0.0133894 0.0148442 0.016409 0.018037 0.0197665 0.0215414 0.0233429 0.0251521 0.0269512 0.0286803 0.0303199 0.031827 0.0331553 0.0342495 0.0351017 0.0356479 0.035824 0.0356286 0.0350286 0.0339745 0.0325017 0.0306069 0.0282551 0.0255097 0.0224113 0.0189723 0.015256 0.011321 0.00721672 0.00303339 -0.00118716 -0.00536989 -0.00941781 -0.0133091 -0.0170015 -0.0203907 -0.0234673 -0.0262187 -0.028583 -0.0305658 -0.0321754 -0.0333809 -0.0342007 -0.0346766 -0.0348176 -0.0346587 -0.0342281 -0.0335681 -0.0326939 -0.0316536 -0.0304802 -0.0291989 -0.0278189 -0.0264063 -0.02494 -0.0234699 -0.0220308 -0.0206262 -0.0192621 -0.018003 -0.0168032 -0.0157039 -0.0147328 -0.0138821 -0.0131598 -0.0126061 -0.0122108 -0.0119713 -0.0119172 -0.0120413 -0.0123257 -0.012749 -0.0133141 -0.0139184 -0.0145313 -0.0150622 -0.0154262 -0.0155186 -0.0152692 -0.0146202 -0.013546 -0.0120303 -0.0101583 -0.00801736 -0.00567077 -0.00332399 -0.00108359 0.000891519 0.00249119 0.00362133 0.00424589 0.00441689 0.00421189 0.00370127 0.00301209 0.0022627 0.00149334 0.000810275 0.000236999 -0.000157774 -0.000418018 -0.000583678 -0.00064929 -0.000669923 -0.000645813 -0.000619558 -0.00057556 -0.000554024 -0.000575784 -0.000632186 -0.000694781 -0.000751877 -0.000852487 -0.000972407 -0.00110589 -0.00120828 -0.00130441 -0.0014109 -0.00149785 -0.00157727 -0.001618 -0.00165922 -0.0016891 -0.0017023 -0.00171749 -0.00170962 -0.00171353 -0.00170676 
0 0.000107065 0.000192235 0.000261695 0.000347967 0.000437051 0.00050367 0.000542299 0.000568113 0.000597786 0.000609438 0.000593394 0.000563679 0.000525529 0.000490521 0.000455943 0.000432241 0.000428212 0.000430909 0.00047467 0.00057429 0.000729524 0.000918641 0.00113176 0.00142279 0.00179498 0.00224258 0.00276667 0.00339394 0.00416249 0.00506982 0.00612315 0.00730371 0.00853143 0.00970565 0.0107312 0.0115052 0.0118956 0.0117714 0.0110734 0.00977341 0.00790328 0.00556652 0.0029394 0.00020044 -0.00248983 -0.00493062 -0.00697921 -0.00853395 -0.0095312 -0.00994371 -0.0098037 -0.00919262 -0.00821046 -0.00693432 -0.00550002 -0.00399753 -0.00246294 -0.000980056 0.000430049 0.00176699 0.00302778 0.00421661 0.00536563 0.00649051 0.00762582 0.00877099 0.00997409 0.0112446 0.0125868 0.0140315 0.0155875 0.0172383 0.0190001 0.0208657 0.0228117 0.0248375 0.026918 0.0290323 0.031135 0.0332019 0.0351868 0.0370453 0.0387282 0.0402086 0.0414036 0.0422862 0.0428063 0.0429188 0.0425873 0.0417954 0.0404884 0.0386845 0.0363664 0.0335497 0.0302709 0.0265617 0.022443 0.0180245 0.0133437 0.00846396 0.00348655 -0.001509 -0.00648049 -0.0113088 -0.0159396 -0.0203059 -0.0243458 -0.0280137 -0.0312854 -0.0341002 -0.0364772 -0.0383975 -0.0398647 -0.0409034 -0.0415403 -0.0417699 -0.0416598 -0.0412315 -0.0405213 -0.0395679 -0.0384199 -0.0370936 -0.0356356 -0.0340799 -0.0324637 -0.030797 -0.0291239 -0.0274663 -0.0258245 -0.0242409 -0.0227392 -0.0213151 -0.0200039 -0.0188327 -0.0177889 -0.0169154 -0.0162194 -0.0157206 -0.0154224 -0.0153383 -0.01547 -0.0158017 -0.0162956 -0.0169494 -0.017675 -0.0183897 -0.0190268 -0.0194522 -0.0195467 -0.0192212 -0.0184036 -0.0170446 -0.0151612 -0.0128244 -0.0101463 -0.00724379 -0.00430918 -0.00152742 0.000938785 0.00294028 0.00436066 0.00516011 0.00540049 0.00515732 0.00454585 0.00370969 0.00277796 0.00184913 0.000998299 0.000305052 -0.000187205 -0.000519062 -0.000719218 -0.000818977 -0.000850667 -0.000838576 -0.000817193 -0.000778489 -0.000762 -0.000795394 -0.000858984 -0.000932603 -0.00100383 -0.00111077 -0.00125499 -0.00139653 -0.00152218 -0.00163364 -0.00174877 -0.00185782 -0.00193615 -0.00199733 -0.00204273 -0.00208246 -0.00211239 -0.00212486 -0.00213654 -0.00213553 -0.00213681 
0 0.00012143 0.000221324 0.000307398 0.000404936 0.00050367 0.000578163 0.000621943 0.000652601 0.00068297 0.000696287 0.000682572 0.000651658 0.00061463 0.000580726 0.000552365 0.000538959 0.000545887 0.000570051 0.000636183 0.000762147 0.000945541 0.00116705 0.00142699 0.00176959 0.00220881 0.00274034 0.00336827 0.00412234 0.00503898 0.00612493 0.00738284 0.00878343 0.0102388 0.0116328 0.0128466 0.0137528 0.0141963 0.014032 0.0131815 0.0116174 0.00938271 0.00660472 0.00348327 0.000231294 -0.00294772 -0.0058338 -0.00825236 -0.0100841 -0.0112539 -0.011733 -0.0115592 -0.0108232 -0.00963587 -0.00810646 -0.00637565 -0.00454968 -0.00269135 -0.000876382 0.000861313 0.00251531 0.00408387 0.00557085 0.0070017 0.00840217 0.00980062 0.011213 0.0126822 0.0142231 0.0158423 0.0175651 0.0193946 0.0213194 0.0233489 0.0254739 0.0276722 0.0299362 0.0322416 0.0345609 0.0368572 0.0390987 0.0412348 0.043214 0.0449843 0.0464997 0.0476933 0.0485306 0.0489617 0.0489383 0.0484288 0.0474079 0.0458352 0.0437158 0.0410386 0.0378089 0.034064 0.0298444 0.0251889 0.020187 0.0148998 0.00940179 0.00379191 -0.00184598 -0.00744019 -0.0128832 -0.0181078 -0.0230402 -0.027604 -0.03175 -0.0354466 -0.0386479 -0.0413589 -0.0435732 -0.0452918 -0.0465378 -0.0473395 -0.0477079 -0.0476902 -0.0473167 -0.0466232 -0.0456519 -0.044454 -0.0430633 -0.0415231 -0.0398722 -0.0381459 -0.0363613 -0.0345557 -0.0327536 -0.0309625 -0.029216 -0.02754 -0.025941 -0.0244533 -0.0231091 -0.021914 -0.0209024 -0.0200949 -0.0195068 -0.0191467 -0.01903 -0.0191589 -0.0195166 -0.0200744 -0.0208067 -0.0216275 -0.0224419 -0.0231533 -0.0236183 -0.0236969 -0.0232788 -0.0222782 -0.0206418 -0.0183852 -0.0155909 -0.0123842 -0.00891934 -0.0054128 -0.00208384 0.000869694 0.00327124 0.00498925 0.00598031 0.00630187 0.00604952 0.00535807 0.00439241 0.00330324 0.0022088 0.00120482 0.000379416 -0.000223981 -0.000635211 -0.000891257 -0.00102813 -0.0010822 -0.00108577 -0.0010672 -0.00103381 -0.00102097 -0.0010556 -0.00112317 -0.00119937 -0.00127932 -0.00139244 -0.00154126 -0.00169202 -0.00182738 -0.00195192 -0.00207869 -0.00219917 -0.00229387 -0.0023685 -0.00242817 -0.00248023 -0.00252073 -0.0025445 -0.00256074 -0.00256465 -0.00256598 
0 0.000129245 0.000234304 0.000338021 0.000436361 0.000542299 0.000621943 0.000671365 0.000715315 0.000746575 0.000771926 0.000767872 0.000745246 0.000719993 0.000691743 0.000677254 0.000675714 0.000693702 0.000738772 0.000824931 0.000971806 0.0011796 0.0014287 0.00173676 0.00213269 0.00263503 0.00325704 0.00398852 0.00487799 0.00594782 0.0072123 0.00868007 0.0102888 0.0119629 0.0135606 0.0149439 0.0159639 0.0164433 0.0162289 0.0152272 0.0134078 0.0108235 0.00763301 0.00403462 0.000293869 -0.00335702 -0.00667683 -0.00945296 -0.0115549 -0.0128886 -0.0134244 -0.0132082 -0.0123403 -0.0109309 -0.00914357 -0.00710002 -0.00493558 -0.00274136 -0.000579271 0.00150164 0.00348297 0.00537432 0.00717764 0.0089056 0.0106076 0.0122866 0.0139818 0.0157218 0.0175285 0.0194021 0.0213795 0.0234433 0.0255983 0.0278445 0.030172 0.0325529 0.0349852 0.0374368 0.0398697 0.0422626 0.0445717 0.046742 0.0487261 0.0504792 0.0519264 0.05303 0.0537427 0.0540169 0.0537967 0.0530699 0.0517906 0.0499422 0.0475124 0.044514 0.0409318 0.0368107 0.0321914 0.0271366 0.0216924 0.0159564 0.0100051 0.00393486 -0.0021802 -0.00822314 -0.0141149 -0.0197708 -0.0251236 -0.0300763 -0.0345934 -0.0386286 -0.0421566 -0.0451511 -0.0476332 -0.0495902 -0.0510432 -0.0520178 -0.0525522 -0.0526578 -0.0523861 -0.0517745 -0.0508617 -0.0496927 -0.0483244 -0.0467863 -0.0451173 -0.0433617 -0.0415375 -0.0396739 -0.0378 -0.0359371 -0.0340943 -0.0323177 -0.0306121 -0.0290109 -0.0275445 -0.0262452 -0.0251198 -0.0242228 -0.023557 -0.0231407 -0.0229972 -0.0231262 -0.0235064 -0.0241257 -0.0249278 -0.0258248 -0.0267276 -0.0274872 -0.0279688 -0.028009 -0.027476 -0.0262709 -0.0243485 -0.0217101 -0.0184619 -0.014737 -0.0107195 -0.00666106 -0.00279259 0.000641249 0.00344459 0.0054734 0.00667972 0.00710614 0.00687523 0.0061289 0.00505292 0.00382373 0.0025642 0.00141387 0.000448176 -0.00027758 -0.000777788 -0.00110419 -0.00128415 -0.0013691 -0.00139157 -0.00137554 -0.00134658 -0.00133443 -0.0013604 -0.00142427 -0.00149484 -0.0015783 -0.00169586 -0.00183862 -0.00199846 -0.00213778 -0.00227428 -0.00241309 -0.00253823 -0.00265563 -0.00273903 -0.00281483 -0.00287584 -0.00291993 -0.00296 -0.0029755 -0.00299281 -0.00299526 
0 0.000129043 0.000253631 0.000354693 0.000470244 0.000568113 0.000652601 0.000715315 0.000755583 0.000801237 0.000823075 0.000835431 0.000826464 0.000811347 0.000804895 0.000805044 0.00082606 0.000862184 0.000933504 0.00104473 0.00122274 0.00144983 0.00173866 0.00209535 0.00253817 0.00311633 0.00380145 0.00465398 0.00566498 0.00688325 0.00833923 0.00998891 0.0118183 0.0136853 0.0154735 0.017014 0.0181237 0.0186217 0.0183529 0.01719 0.0151234 0.0122177 0.0086174 0.00459595 0.000376685 -0.00371371 -0.00743467 -0.0105584 -0.012906 -0.0143836 -0.0149683 -0.0146973 -0.0136735 -0.0120556 -0.00997474 -0.00762082 -0.00510273 -0.00254957 -2.68347e-05 0.00240256 0.00473774 0.00695129 0.00907084 0.0111249 0.0131175 0.015093 0.0170772 0.0190789 0.021118 0.0232391 0.0254052 0.0276628 0.0299982 0.0323983 0.0348484 0.0373602 0.0398699 0.0423835 0.0448594 0.0472537 0.0495138 0.0516164 0.0534952 0.0551045 0.0564033 0.0573415 0.0578465 0.0578882 0.0574425 0.0564498 0.0548919 0.0527664 0.0500458 0.0467282 0.0428674 0.0384705 0.0335686 0.0282212 0.0225058 0.0164851 0.0102506 0.0038853 -0.00249645 -0.00882125 -0.0149993 -0.0209253 -0.0265162 -0.0317454 -0.0365321 -0.040825 -0.0446108 -0.0478676 -0.0505712 -0.0527508 -0.0544211 -0.0555871 -0.0562819 -0.0565497 -0.0564292 -0.0559486 -0.0551692 -0.0541223 -0.0528426 -0.0513729 -0.0497746 -0.048045 -0.0462505 -0.0444059 -0.0425306 -0.0406459 -0.0388032 -0.0369808 -0.0352441 -0.0336015 -0.0320773 -0.0307027 -0.0295244 -0.0285489 -0.0278261 -0.0273825 -0.0272194 -0.0273568 -0.0277765 -0.0284504 -0.0293079 -0.0302893 -0.0312387 -0.0320437 -0.0325154 -0.0324933 -0.0318274 -0.0304107 -0.0281783 -0.0251731 -0.0214715 -0.0172303 -0.0126966 -0.00807834 -0.00369688 0.000216355 0.0034261 0.00577478 0.00721216 0.00777815 0.0075831 0.00681481 0.00565861 0.00429033 0.00290667 0.00159753 0.000509968 -0.000339813 -0.000944714 -0.00133073 -0.00157492 -0.00168815 -0.00173675 -0.00173056 -0.00170988 -0.00170067 -0.00172367 -0.00177456 -0.00184092 -0.00192834 -0.00203487 -0.00218142 -0.00232552 -0.0024753 -0.0026148 -0.00274949 -0.00289137 -0.00300242 -0.00311249 -0.00319211 -0.00326157 -0.00332335 -0.0033579 -0.00339863 -0.00341108 -0.00342503 
0 0.000136626 0.000260182 0.000387439 0.000493074 0.000597786 0.00068297 0.000746575 0.000801237 0.000833561 0.000864705 0.000880652 0.000883198 0.000889131 0.000898257 0.000929309 0.000979153 0.00104484 0.00115445 0.0013066 0.00151504 0.00178329 0.00210341 0.00251368 0.00301263 0.00363512 0.00441176 0.00534913 0.00649538 0.00786182 0.00947953 0.0113347 0.0133419 0.0154054 0.0173676 0.0190462 0.0202398 0.0207499 0.0204064 0.0190914 0.0167755 0.0135378 0.00957559 0.00511605 0.000477964 -0.00402055 -0.0081102 -0.0115258 -0.0140919 -0.0156957 -0.0163016 -0.0159679 -0.014799 -0.0129284 -0.0105796 -0.00788264 -0.00500112 -0.0020878 0.000805731 0.0036107 0.00629043 0.0088555 0.0113128 0.0136665 0.0159661 0.0182071 0.0204452 0.0226823 0.0249445 0.0272419 0.0295894 0.0319742 0.0344158 0.0369032 0.0394282 0.0419688 0.0445051 0.0470021 0.0494051 0.0517033 0.053842 0.0557713 0.0574554 0.058859 0.0598965 0.0605684 0.0608139 0.0605903 0.0598486 0.0585742 0.0567188 0.0543051 0.0513045 0.0477585 0.0436629 0.0390476 0.0339604 0.0284884 0.0226252 0.0164833 0.0101463 0.0036848 -0.00282114 -0.00922587 -0.0154956 -0.0215336 -0.0272732 -0.0326341 -0.0375792 -0.0420491 -0.0460429 -0.0494955 -0.0524269 -0.054821 -0.0566818 -0.0580341 -0.0589476 -0.0594033 -0.0594692 -0.0591852 -0.0585801 -0.0576881 -0.0565775 -0.0552578 -0.0537689 -0.0521512 -0.0504409 -0.0486597 -0.0468443 -0.0450343 -0.0432235 -0.0414489 -0.039736 -0.0380999 -0.0365667 -0.035199 -0.0339911 -0.0330136 -0.0322809 -0.0318262 -0.031679 -0.0318401 -0.0322946 -0.0330362 -0.033961 -0.0349908 -0.0360118 -0.0368182 -0.0372676 -0.0371721 -0.0363588 -0.034718 -0.0322006 -0.0288135 -0.0246724 -0.0199364 -0.0148588 -0.00971996 -0.00480475 -0.000422974 0.0031884 0.00586812 0.00755135 0.00826387 0.00814679 0.00737776 0.00616222 0.00470869 0.0031869 0.00177109 0.000550563 -0.000419515 -0.00111458 -0.00159064 -0.00188094 -0.00204404 -0.00212047 -0.0021299 -0.00213 -0.00213261 -0.00215245 -0.00220007 -0.00225765 -0.00234028 -0.00244297 -0.00255903 -0.00270009 -0.00283292 -0.00296995 -0.00310718 -0.00323381 -0.0033685 -0.00347233 -0.00357172 -0.00365201 -0.00371285 -0.00377509 -0.00380444 -0.00383987 -0.00385092 
0 0.000133741 0.000273772 0.000398242 0.000515888 0.000609438 0.000696287 0.000771926 0.000823075 0.000864705 0.000890552 0.000920754 0.000942914 0.000967268 0.00100646 0.00106567 0.00114841 0.00124917 0.00139862 0.00159137 0.00184721 0.00214691 0.00252052 0.00298457 0.00353323 0.00422504 0.00505464 0.00610172 0.00735844 0.00886298 0.0106572 0.0126801 0.0148893 0.0171281 0.0192586 0.0210704 0.022329 0.02283 0.022411 0.0209248 0.0183668 0.014831 0.0104987 0.00566946 0.000620581 -0.00424944 -0.00866501 -0.0123545 -0.0151023 -0.0167914 -0.0174029 -0.0169843 -0.015641 -0.0135556 -0.0109076 -0.0078922 -0.00464717 -0.00135002 0.00193263 0.00511481 0.00817761 0.0110831 0.0138599 0.0165304 0.0190939 0.0215889 0.0240578 0.0264862 0.0288989 0.0313533 0.0337963 0.0362756 0.0387895 0.041312 0.0438223 0.0463399 0.0487895 0.0511745 0.0534473 0.0555747 0.0574909 0.0591828 0.0605976 0.0616962 0.0624358 0.0628009 0.0627054 0.062132 0.0610761 0.0594813 0.057331 0.0546582 0.0514228 0.047644 0.0433913 0.0386663 0.0335029 0.027974 0.022119 0.0160104 0.00973616 0.00334495 -0.00306303 -0.00940716 -0.0156372 -0.0216443 -0.0273566 -0.0327658 -0.0377863 -0.0423546 -0.046477 -0.0500974 -0.0531895 -0.0557834 -0.0578738 -0.0594523 -0.0605737 -0.0612563 -0.0615455 -0.0614733 -0.0610922 -0.0604174 -0.059494 -0.0583503 -0.0570457 -0.0555757 -0.0540199 -0.0523808 -0.0506834 -0.0489649 -0.0472652 -0.0455587 -0.043931 -0.0423751 -0.0409084 -0.0395885 -0.0384489 -0.0375049 -0.0368197 -0.0364283 -0.036331 -0.0365541 -0.0370803 -0.0378848 -0.0388652 -0.0399659 -0.041013 -0.0418464 -0.0422651 -0.0420884 -0.0411283 -0.0392624 -0.0364311 -0.0326765 -0.0280865 -0.0228485 -0.0172676 -0.0115844 -0.00616861 -0.00131169 0.00271356 0.00573376 0.00768268 0.00857784 0.00854858 0.00780982 0.00656406 0.0050203 0.00341679 0.00187879 0.000559239 -0.000521787 -0.00132331 -0.00186829 -0.0022392 -0.00244849 -0.00256699 -0.00260594 -0.00262672 -0.00264409 -0.00266251 -0.00269471 -0.00274303 -0.00281738 -0.00289703 -0.0029981 -0.00310758 -0.0032352 -0.00336059 -0.00348125 -0.0036115 -0.00373025 -0.00385039 -0.00394777 -0.00403503 -0.0041136 -0.00417093 -0.00422444 -0.00425474 -0.00427671 
0 0.000125404 0.00025873 0.000391414 0.000500718 0.000593394 0.000682572 0.000767872 0.000835431 0.000880652 0.000920754 0.000969419 0.0010192 0.00107409 0.00114369 0.00123792 0.00135711 0.00149489 0.00168257 0.00191708 0.00220217 0.002539 0.00294713 0.00346168 0.00407024 0.00481707 0.00573866 0.00688625 0.00828159 0.00993995 0.0118969 0.0141052 0.0164817 0.018887 0.02116 0.0230757 0.0243809 0.0248637 0.0243475 0.0227015 0.0199078 0.0160766 0.0114231 0.00622824 0.000829682 -0.0043732 -0.00907549 -0.012987 -0.015884 -0.0176429 -0.0182335 -0.0177192 -0.0162048 -0.0138657 -0.0109297 -0.00757093 -0.00396015 -0.000287215 0.00337307 0.00693805 0.0103577 0.0136118 0.0167087 0.0196566 0.022468 0.0251663 0.0278019 0.0303713 0.0329042 0.0354394 0.0379548 0.040464 0.042976 0.045467 0.047919 0.0503245 0.0526394 0.0548407 0.0568837 0.0587547 0.0604022 0.0617918 0.0628915 0.0636573 0.0640291 0.0640099 0.0635423 0.0626033 0.0611854 0.0592608 0.0568155 0.0538874 0.0504505 0.0465389 0.0421896 0.0374095 0.0322538 0.0268072 0.0210746 0.0151365 0.00907019 0.00290564 -0.00328152 -0.00939749 -0.0154274 -0.021286 -0.0269015 -0.0322364 -0.0372269 -0.0418156 -0.0460055 -0.0497337 -0.0529886 -0.0557744 -0.0580715 -0.0598863 -0.061271 -0.0622092 -0.0627453 -0.0629209 -0.0627654 -0.0623108 -0.0616176 -0.0607011 -0.0596009 -0.0583401 -0.0569675 -0.0554949 -0.0539557 -0.052393 -0.0508199 -0.0492482 -0.0477398 -0.0462987 -0.04495 -0.0437579 -0.0427352 -0.0419175 -0.0413489 -0.0410609 -0.041071 -0.0413909 -0.0420153 -0.0429197 -0.0439936 -0.0451633 -0.0462734 -0.0471126 -0.0474998 -0.0472376 -0.0461216 -0.0440307 -0.0409084 -0.0367835 -0.0317625 -0.0260466 -0.0199457 -0.0137531 -0.00782314 -0.00250007 0.00194 0.00532104 0.00755806 0.00866503 0.0087765 0.00810474 0.00686153 0.00527674 0.00358391 0.0019569 0.000519382 -0.000679639 -0.00158725 -0.00223503 -0.00267569 -0.00295005 -0.00310632 -0.00317197 -0.00321415 -0.00323846 -0.00325058 -0.00326715 -0.00330065 -0.00335923 -0.00341897 -0.00348453 -0.00357008 -0.00367371 -0.00378406 -0.00389268 -0.00400401 -0.00412496 -0.00423824 -0.00434437 -0.00443998 -0.00452255 -0.00459487 -0.00464294 -0.00468154 -0.0046987 
0 0.00011459 0.00024236 0.000375234 0.000477629 0.000563679 0.000651658 0.000745246 0.000826464 0.000883198 0.000942914 0.0010192 0.00110555 0.00119778 0.00130467 0.00143872 0.00159757 0.00177826 0.00200528 0.00227941 0.00259687 0.00296694 0.00341571 0.0039796 0.00464965 0.00546094 0.00646999 0.00772592 0.00925673 0.0110704 0.0131925 0.0155761 0.018117 0.0206739 0.0230681 0.0250625 0.026388 0.0268274 0.0262048 0.0243974 0.0213905 0.0173046 0.0123695 0.00686908 0.00116862 -0.00432369 -0.00927248 -0.013376 -0.0163956 -0.0181966 -0.0187498 -0.0181206 -0.0164208 -0.013834 -0.0106017 -0.00690584 -0.00293597 0.00111394 0.00514507 0.00907134 0.0128278 0.0163888 0.0197584 0.0229447 0.0259582 0.0288235 0.0315885 0.0342512 0.0368448 0.039406 0.041925 0.0444083 0.0468661 0.0492679 0.0515928 0.0538265 0.0559358 0.0578939 0.0596677 0.06124 0.0625626 0.063602 0.064333 0.0647124 0.0646914 0.0642691 0.0633959 0.06206 0.0602713 0.0580163 0.0552931 0.0521412 0.0485419 0.0445312 0.0401522 0.0354183 0.0303754 0.0250983 0.0195964 0.013942 0.00819667 0.00237839 -0.00346066 -0.00924897 -0.0149757 -0.0205655 -0.0259605 -0.0311306 -0.0360157 -0.0405583 -0.0447559 -0.0485501 -0.0519271 -0.0548888 -0.0574075 -0.0594733 -0.0611201 -0.0623295 -0.0631347 -0.0635772 -0.063681 -0.0634773 -0.0630227 -0.0623402 -0.0614643 -0.0604263 -0.0592639 -0.0579898 -0.0566332 -0.055241 -0.0538267 -0.0524172 -0.0510697 -0.0497955 -0.0486164 -0.0475946 -0.0467424 -0.0460949 -0.0456969 -0.0455796 -0.045758 -0.0462406 -0.0470224 -0.0480664 -0.0492672 -0.0505362 -0.0517161 -0.0525814 -0.0529443 -0.0525969 -0.0513293 -0.0490143 -0.0456024 -0.0411217 -0.0356875 -0.0295192 -0.0229328 -0.0162493 -0.00982986 -0.0040443 0.000821783 0.00458216 0.00713865 0.00849505 0.00878331 0.00821387 0.00700419 0.00539964 0.00364452 0.00193615 0.000393735 -0.000915125 -0.00193139 -0.00267736 -0.00319642 -0.00353446 -0.00373059 -0.00382608 -0.00388456 -0.00391312 -0.00391445 -0.00391206 -0.00392998 -0.00397177 -0.00401172 -0.00404813 -0.00410675 -0.00418633 -0.00427694 -0.00436722 -0.00445795 -0.00456379 -0.00466303 -0.00476243 -0.00485598 -0.00493915 -0.00501488 -0.00506348 -0.00510563 -0.00512376 
0 9.84949e-05 0.000223022 0.000345102 0.000448506 0.000525529 0.00061463 0.000719993 0.000811347 0.000889131 0.000967268 0.00107409 0.00119778 0.00132743 0.00147516 0.00165211 0.00185617 0.00208954 0.00236405 0.00268047 0.00304166 0.00344377 0.00394295 0.00455553 0.00528502 0.00617385 0.00726165 0.00863826 0.0103001 0.0122688 0.0145573 0.0170956 0.019793 0.0224774 0.0249695 0.0270193 0.0283483 0.0287298 0.0280037 0.0260381 0.0228381 0.0185349 0.0133455 0.00760039 0.00164718 -0.0040769 -0.00921474 -0.0134643 -0.0165696 -0.0183841 -0.0188908 -0.01814 -0.0162471 -0.0134269 -0.00988897 -0.00586809 -0.00155413 0.00285375 0.00722717 0.0114686 0.0155249 0.0193407 0.0229267 0.0263025 0.0294549 0.0324333 0.0352749 0.0379844 0.0405872 0.0431374 0.0455974 0.0479966 0.0503332 0.0525818 0.0547143 0.0567385 0.0585983 0.0602775 0.0617533 0.0629943 0.0639524 0.0646131 0.0649416 0.0648914 0.0644489 0.0636035 0.0623169 0.0605902 0.0584542 0.0558846 0.0529058 0.0495568 0.0458438 0.0417826 0.0374422 0.0328326 0.0279958 0.0229737 0.0178049 0.0125205 0.00717376 0.00177244 -0.00363006 -0.00901127 -0.0143411 -0.0195705 -0.0246501 -0.0295781 -0.0342793 -0.0387149 -0.042871 -0.0467063 -0.0501734 -0.0532846 -0.056006 -0.0583133 -0.0602152 -0.0617162 -0.062816 -0.0635433 -0.0639322 -0.064004 -0.0637991 -0.0633579 -0.0627166 -0.0618897 -0.0609358 -0.0598635 -0.0587026 -0.0574936 -0.0562751 -0.0550456 -0.0538837 -0.0527976 -0.0518135 -0.0509827 -0.0503461 -0.0499057 -0.0497279 -0.0498396 -0.0502378 -0.0509448 -0.0519467 -0.0531838 -0.054562 -0.0559807 -0.0572465 -0.0581693 -0.0585187 -0.0580959 -0.0566955 -0.0541793 -0.0505005 -0.0457005 -0.0398837 -0.0332921 -0.0262568 -0.0190939 -0.012214 -0.00597294 -0.000681289 0.00346254 0.00635744 0.00799451 0.0084949 0.00807105 0.00693973 0.00534798 0.00357415 0.0017956 0.000169286 -0.00123992 -0.00236761 -0.00320199 -0.00380887 -0.00420327 -0.00444219 -0.00457157 -0.00464512 -0.00468176 -0.00467454 -0.00465459 -0.00465682 -0.00467892 -0.00469247 -0.00470331 -0.00472436 -0.00477717 -0.00483876 -0.00490092 -0.00497623 -0.00505361 -0.00514593 -0.00523074 -0.00531792 -0.00540214 -0.00546187 -0.00551387 -0.00554003 -0.00555418 
0 8.79973e-05 0.000196344 0.000320872 0.000411805 0.000490521 0.000580726 0.000691743 0.000804895 0.000898257 0.00100646 0.00114369 0.00130467 0.00147516 0.00166298 0.00187983 0.00213438 0.00241947 0.00274334 0.0031156 0.00351191 0.00397641 0.00452151 0.0051936 0.00599991 0.00694797 0.00814816 0.00961855 0.0114218 0.0135453 0.0159755 0.0186791 0.0215017 0.0243089 0.0268832 0.0289704 0.0302906 0.0306216 0.029777 0.0276768 0.0243046 0.0197975 0.0144183 0.00844402 0.0023067 -0.00360207 -0.0088861 -0.01323 -0.0163785 -0.0181924 -0.0186252 -0.017747 -0.0156872 -0.0126224 -0.00882799 -0.00449925 0.000124762 0.00484949 0.00951629 0.0140467 0.0183298 0.0223586 0.0261166 0.0296051 0.032856 0.0358942 0.0387515 0.0414587 0.0440462 0.0465092 0.0488884 0.0511503 0.0533103 0.0553507 0.05727 0.05902 0.0606162 0.0619986 0.0631459 0.0640238 0.0646156 0.0648605 0.0647567 0.0642741 0.06339 0.0620969 0.0604152 0.0583351 0.0558614 0.05302 0.0498342 0.0463258 0.0425317 0.038505 0.0342638 0.029835 0.0252615 0.0205865 0.0158088 0.0109603 0.00606286 0.00113712 -0.00379591 -0.00869319 -0.0135565 -0.0183662 -0.0230891 -0.0276852 -0.0321433 -0.0364286 -0.0404998 -0.0443185 -0.0478622 -0.0510887 -0.0539644 -0.056493 -0.0586592 -0.0604418 -0.0618437 -0.0628925 -0.0635743 -0.0639327 -0.0640009 -0.0638112 -0.0633771 -0.0627771 -0.0620119 -0.0611314 -0.0601673 -0.0591642 -0.0581173 -0.0571021 -0.0561231 -0.0552278 -0.0544529 -0.0538447 -0.0534251 -0.053247 -0.0533308 -0.0537045 -0.0543949 -0.0553757 -0.0566492 -0.0581405 -0.0597544 -0.0613483 -0.0627735 -0.0637695 -0.0641537 -0.0636938 -0.0621874 -0.0595055 -0.0556015 -0.050501 -0.0443408 -0.037369 -0.0298904 -0.0223075 -0.0149689 -0.00829936 -0.0025929 0.00194509 0.00518457 0.00712451 0.00787734 0.00763052 0.00661367 0.00509388 0.00331084 0.00151818 -0.000187346 -0.00167953 -0.00289615 -0.00384249 -0.00451298 -0.00498441 -0.00526439 -0.00542983 -0.00553037 -0.00556808 -0.0055576 -0.00551888 -0.0054971 -0.00549028 -0.00547591 -0.00544661 -0.00543973 -0.00545291 -0.00548545 -0.00552473 -0.0055652 -0.00563049 -0.00568984 -0.00576386 -0.00583598 -0.00589756 -0.00595403 -0.00597704 -0.00600174 -0.00599869 
0 7.39178e-05 0.000177872 0.000285451 0.000380878 0.000455943 0.000552365 0.000677254 0.000805044 0.000929309 0.00106567 0.00123792 0.00143872 0.00165211 0.00187983 0.00214366 0.00243876 0.00277757 0.00315094 0.00356154 0.00401853 0.00452386 0.0051427 0.00587724 0.00675467 0.00780777 0.00909383 0.0107006 0.012634 0.01491 0.0174994 0.0203343 0.0232919 0.0262019 0.028843 0.0309543 0.0322604 0.0325156 0.0315772 0.0293324 0.0258113 0.0211551 0.0155912 0.00947167 0.00317797 -0.00286549 -0.00824799 -0.0126545 -0.0158259 -0.0175978 -0.0179622 -0.0169546 -0.0147177 -0.0114744 -0.00743379 -0.00286284 0.00201135 0.00699858 0.0119172 0.016654 0.0211418 0.025317 0.0291821 0.032755 0.0360434 0.0390941 0.0419376 0.0445978 0.0470946 0.0494594 0.0516842 0.0537792 0.0557461 0.0575676 0.0592208 0.0607102 0.0619944 0.0630468 0.0638573 0.0643711 0.0645481 0.0643805 0.063837 0.0628975 0.0615889 0.0598986 0.0578282 0.0553978 0.052641 0.04957 0.046223 0.0426316 0.038844 0.0348748 0.0307812 0.0266065 0.0223647 0.0180453 0.0136938 0.00931108 0.0049102 0.00050237 -0.00390271 -0.00831768 -0.0126964 -0.0170351 -0.0213355 -0.0255949 -0.0297716 -0.0338465 -0.0377806 -0.0415477 -0.0450921 -0.0483964 -0.0514318 -0.0541563 -0.0565413 -0.0586047 -0.0603131 -0.0616609 -0.0626698 -0.0633354 -0.0636681 -0.0637255 -0.0635355 -0.0631308 -0.0625707 -0.0618817 -0.0610958 -0.0602543 -0.0593982 -0.0585489 -0.0577589 -0.0570638 -0.0564989 -0.0561069 -0.055944 -0.0560241 -0.0563976 -0.057091 -0.0580897 -0.059403 -0.0609954 -0.062779 -0.0646703 -0.0665179 -0.0681176 -0.0692785 -0.0697411 -0.0692895 -0.0677384 -0.0649289 -0.060832 -0.0554866 -0.049021 -0.0417029 -0.0338583 -0.0258579 -0.0181287 -0.0110405 -0.00492442 -5.84248e-06 0.00360345 0.00586878 0.00689947 0.00687097 0.00601194 0.00458253 0.00285733 0.00104429 -0.000696384 -0.00225777 -0.00357569 -0.00460035 -0.0053713 -0.00589681 -0.00623143 -0.00643851 -0.00655099 -0.00660069 -0.00657597 -0.00651969 -0.00646954 -0.00642795 -0.00637798 -0.00631767 -0.006266 -0.00624405 -0.00623826 -0.00623861 -0.00625607 -0.00627514 -0.00631629 -0.00635715 -0.00640422 -0.00645091 -0.00646953 -0.00648964 -0.00648493 -0.00647399 
0 6.64252e-05 0.000156615 0.000258016 0.000349363 0.000432241 0.000538959 0.000675714 0.00082606 0.000979153 0.00114841 0.00135711 0.00159757 0.00185617 0.00213438 0.00243876 0.00278658 0.0031732 0.00359424 0.00405752 0.00455103 0.00512432 0.00579524 0.00659697 0.00756206 0.00870314 0.0101272 0.0118593 0.0139548 0.0164009 0.0191405 0.0221251 0.0251928 0.0281925 0.0308806 0.0329913 0.0342579 0.0344497 0.0333966 0.0310401 0.0273963 0.0226076 0.0169337 0.0106868 0.00430541 -0.00182145 -0.00726364 -0.0116945 -0.0148543 -0.0166012 -0.0168915 -0.0157787 -0.0134212 -0.0100066 -0.00579253 -0.00102251 0.00404474 0.00921887 0.0143002 0.0191972 0.0237934 0.0280744 0.0320167 0.0356154 0.0389133 0.0419389 0.0447063 0.0472731 0.0496665 0.0518684 0.0539372 0.0558401 0.0575838 0.05916 0.0605716 0.0617652 0.0627497 0.0634659 0.0638997 0.0639982 0.0637713 0.0631753 0.0622049 0.0608583 0.0591485 0.0570549 0.054646 0.0519345 0.0489271 0.0456815 0.0422447 0.0386219 0.0348868 0.0310807 0.0272042 0.0232926 0.0193708 0.0154482 0.0115472 0.00765392 0.00375084 -0.000135009 -0.00401196 -0.00789133 -0.0117682 -0.0156622 -0.0195633 -0.023432 -0.0272863 -0.0311172 -0.0348621 -0.0385168 -0.0420474 -0.045386 -0.048509 -0.0514081 -0.0540175 -0.056331 -0.0583187 -0.0599694 -0.0612663 -0.0622364 -0.0628712 -0.0632108 -0.0632593 -0.0630898 -0.0627096 -0.0621895 -0.0615667 -0.0608855 -0.0601637 -0.0594865 -0.0588466 -0.0583193 -0.0579569 -0.0577863 -0.0578574 -0.0582229 -0.058888 -0.059883 -0.0612261 -0.0628764 -0.0648187 -0.0669495 -0.0691739 -0.0713056 -0.0731659 -0.0745079 -0.0751088 -0.0747222 -0.0731684 -0.0703043 -0.0660857 -0.0605522 -0.0538566 -0.0462647 -0.0380864 -0.029758 -0.0216562 -0.0141989 -0.00770206 -0.00239734 0.00157503 0.00419363 0.00553921 0.00576245 0.0050976 0.00380963 0.0021421 0.000355805 -0.00142395 -0.00304187 -0.0044331 -0.00555829 -0.00638869 -0.00698373 -0.00735797 -0.0075947 -0.0077279 -0.00777046 -0.0077445 -0.00766924 -0.00758994 -0.00751286 -0.0074262 -0.00732881 -0.00723821 -0.00716721 -0.00711774 -0.00707696 -0.00704709 -0.00702985 -0.00702463 -0.00703441 -0.00704816 -0.00705842 -0.0070556 -0.00704245 -0.00702417 -0.00699198 
0 6.60845e-05 0.000151164 0.000243261 0.000336925 0.000428212 0.000545887 0.000693702 0.000862184 0.00104484 0.00124917 0.00149489 0.00177826 0.00208954 0.00241947 0.00277757 0.0031732 0.00361412 0.0040882 0.00459582 0.00514666 0.00577489 0.00651678 0.0073906 0.0084423 0.00970234 0.0112524 0.0131348 0.0153866 0.0179999 0.0209011 0.0240224 0.0272062 0.0302897 0.033014 0.0351125 0.0363329 0.0364387 0.0352884 0.0328203 0.0290827 0.0242174 0.0184673 0.0121703 0.00574484 -0.00041961 -0.00588984 -0.0103312 -0.0134896 -0.01521 -0.0154625 -0.0142819 -0.0118389 -0.00833514 -0.00400488 0.000883649 0.00606794 0.0113603 0.0165549 0.0215336 0.0262001 0.0305192 0.0344739 0.0380617 0.0413289 0.0442981 0.0469862 0.049442 0.0516906 0.053727 0.0556022 0.0573018 0.0588322 0.0601767 0.0613227 0.0622319 0.0628839 0.0632384 0.0632912 0.0629893 0.0623365 0.0613249 0.059939 0.0581958 0.056127 0.0537162 0.0510148 0.0480573 0.0448662 0.0415133 0.0380446 0.0344746 0.0308671 0.0272404 0.0235986 0.0200004 0.0164446 0.012911 0.00943556 0.00601388 0.00261871 -0.000737367 -0.00409763 -0.00748999 -0.0108874 -0.0143135 -0.017793 -0.0212913 -0.0248169 -0.0283637 -0.0318846 -0.0353816 -0.0388278 -0.0421625 -0.0453656 -0.0483901 -0.051165 -0.0536929 -0.0559337 -0.0578535 -0.0594553 -0.0607318 -0.0616611 -0.0622862 -0.0626105 -0.0626736 -0.0625051 -0.0621608 -0.0616799 -0.0611194 -0.0605241 -0.0599699 -0.0594702 -0.0590999 -0.0589069 -0.0589218 -0.0592037 -0.0598075 -0.0607442 -0.0620497 -0.0637258 -0.065741 -0.0680494 -0.0705454 -0.0731246 -0.0755846 -0.0777232 -0.0793121 -0.0800931 -0.0798212 -0.0783313 -0.0754655 -0.0711914 -0.0655526 -0.058708 -0.0509233 -0.0425149 -0.033912 -0.0255193 -0.0177293 -0.0108774 -0.00521384 -0.000872577 0.00209758 0.00376619 0.00426002 0.00381155 0.00268064 0.00111301 -0.000638691 -0.00241793 -0.00406958 -0.0055239 -0.00671351 -0.00761366 -0.00825389 -0.00866988 -0.00893139 -0.0090657 -0.00910353 -0.0090609 -0.00896906 -0.00885979 -0.00874664 -0.00862648 -0.00849691 -0.00836763 -0.00825275 -0.00815773 -0.00806941 -0.00799209 -0.00791841 -0.00786386 -0.00782275 -0.00778897 -0.00775766 -0.00771311 -0.00767334 -0.00762472 -0.00757112 
0 6.30723e-05 0.00014015 0.000221942 0.000322196 0.000430909 0.000570051 0.000738772 0.000933504 0.00115445 0.00139862 0.00168257 0.00200528 0.00236405 0.00274334 0.00315094 0.00359424 0.0040882 0.00461829 0.00517674 0.00579114 0.0064847 0.00730563 0.00826466 0.00941635 0.0108123 0.0125072 0.0145566 0.0169782 0.0197664 0.0228332 0.0260854 0.0293744 0.0325209 0.0352633 0.0373338 0.0384989 0.0385248 0.0372894 0.0347331 0.0309264 0.0260125 0.0202188 0.0139047 0.00746789 0.00130311 -0.0041687 -0.00860542 -0.0117629 -0.0134841 -0.0137411 -0.0125567 -0.0100994 -0.00657711 -0.00220347 0.00273316 0.00797045 0.0133092 0.0185491 0.0235491 0.0282293 0.0325446 0.0364793 0.0400271 0.0432341 0.0461208 0.0487038 0.0510373 0.0531436 0.0550269 0.0567213 0.0582249 0.0595299 0.0606259 0.061492 0.062103 0.0624168 0.0624095 0.0620714 0.0613647 0.0603005 0.0588957 0.0571295 0.0550336 0.0526416 0.0499505 0.047022 0.0439045 0.0406173 0.0372336 0.0337972 0.0303229 0.0268779 0.0234767 0.0201127 0.0168322 0.0136337 0.0104982 0.00745978 0.00449156 0.00155649 -0.00133132 -0.0042102 -0.00712451 -0.0100607 -0.0130529 -0.0161226 -0.0192395 -0.022421 -0.0256731 -0.0289543 -0.0322713 -0.0355968 -0.0388691 -0.0420772 -0.0451716 -0.0480773 -0.0507859 -0.0532494 -0.0554147 -0.0572939 -0.0588648 -0.0600985 -0.0610202 -0.0616304 -0.0619381 -0.0619882 -0.0618272 -0.0615031 -0.0610704 -0.0605954 -0.0601407 -0.0597435 -0.0594806 -0.0594122 -0.0595705 -0.0600258 -0.0608325 -0.0620051 -0.0635831 -0.0655653 -0.0679254 -0.070594 -0.0734665 -0.0764134 -0.079221 -0.0816625 -0.0835223 -0.0845174 -0.0844114 -0.0830446 -0.080256 -0.0760109 -0.0703569 -0.0634556 -0.0555644 -0.0470117 -0.038217 -0.0296083 -0.0215551 -0.0144091 -0.00842993 -0.00375018 -0.000436426 0.00156104 0.00234755 0.00214695 0.00120419 -0.000233881 -0.00192831 -0.00368748 -0.00535974 -0.0068635 -0.00810777 -0.00906839 -0.00974911 -0.0102042 -0.0104851 -0.0106169 -0.0106429 -0.0105796 -0.0104639 -0.0103176 -0.0101623 -0.0100002 -0.009831 -0.00965447 -0.00949023 -0.00934644 -0.00921096 -0.00908884 -0.00896354 -0.00886328 -0.00877171 -0.00868682 -0.0086058 -0.00850924 -0.00842595 -0.0083268 -0.00822928 
