0 0 0 0 0 0 0 0 0 0 0 0 0 0 0 0 0 0 0 0 0 0 0 0 0 0 0 0 0 0 0 0 0 0 0 0 0 0 0 0 0 0 0 0 0 0 0 0 0 0 0 0 0 0 0 0 0 0 0 0 0 0 0 0 0 0 0 0 0 0 0 0 0 0 0 0 0 0 0 0 0 0 0 0 0 0 0 0 0 0 0 0 0 0 0 0 0 0 0 0 0 0 0 0 0 0 0 0 0 0 0 0 0 0 0 0 0 0 0 0 0 0 0 0 0 0 0 0 0 0 0 0 0 0 0 0 0 0 0 0 0 0 0 0 0 0 0 0 0 0 0 0 0 0 0 0 0 0 0 0 0 0 0 0 0 0 0 0 0 0 0 0 0 0 0 0 0 0 0 0 0 0 0 0 0 0 0 0 0 0 0 0 0 0 0 0 0 0 0 0 
0 -2.41883e-05 -3.14161e-05 -3.62556e-05 -2.03415e-05 -1.05428e-05 2.0847e-05 7.39684e-05 0.000135553 0.00021504 0.000282711 0.000374777 0.000482505 0.000604536 0.000745737 0.000887988 0.00107046 0.00127861 0.00151596 0.00177461 0.00203177 0.00228575 0.00249269 0.00263296 0.00268514 0.00262793 0.002445 0.00212976 0.00170289 0.00120014 0.000657718 0.0001061 -0.000400312 -0.000826725 -0.00114785 -0.00134273 -0.00140354 -0.00131934 -0.00110854 -0.000799041 -0.000401136 6.12282e-05 0.000551287 0.00106062 0.00157334 0.00207752 0.00257248 0.00303577 0.00348709 0.00391884 0.00430909 0.00468015 0.00501987 0.00531054 0.0055563 0.00574663 0.00586707 0.00592066 0.00588642 0.00577578 0.00557947 0.00528354 0.00490106 0.00443015 0.00386308 0.00321086 0.00249095 0.00169489 0.000837951 -6.28132e-05 -0.000989376 -0.0019444 -0.00288074 -0.00378626 -0.00465757 -0.00546565 -0.00618408 -0.00683058 -0.00737271 -0.00779564 -0.00812166 -0.00834423 -0.0084505 -0.00845932 -0.00837599 -0.0081903 -0.00792304 -0.00758964 -0.00719725 -0.00673898 -0.00623947 -0.00571667 -0.00518197 -0.00462834 -0.00407767 -0.0035328 -0.00300741 -0.00249213 -0.00199098 -0.00150034 -0.00103097 -0.000561435 -9.55417e-05 0.000375532 0.000847322 0.00133193 0.00182979 0.00235444 0.00288459 0.00342477 0.00397931 0.00455043 0.00510867 0.00564931 0.00617245 0.00667436 0.00712481 0.0075263 0.00787499 0.0081439 0.00833228 0.00845135 0.00847128 0.00838257 0.00820429 0.0079117 0.00750794 0.00701024 0.00641664 0.0057204 0.00495567 0.00412456 0.00324295 0.00232746 0.00140862 0.000482218 -0.000433097 -0.00131239 -0.00215217 -0.00295204 -0.00368005 -0.00434151 -0.00494229 -0.00545789 -0.00590186 -0.00626858 -0.00655886 -0.00678186 -0.00693554 -0.00703196 -0.00709713 -0.00711643 -0.00711539 -0.00711619 -0.00710524 -0.00710222 -0.00711188 -0.00713342 -0.00716236 -0.00718363 -0.00718832 -0.00716001 -0.00706345 -0.00688019 -0.00660553 -0.00621828 -0.00571875 -0.00512024 -0.00444512 -0.00372127 -0.00297323 -0.00224347 -0.0015788 -0.00101168 -0.00055974 -0.000251073 -7.92879e-05 -3.18651e-05 -8.01688e-05 -0.000186694 -0.000351546 -0.000526131 -0.000695593 -0.000837904 -0.000937601 -0.00101664 -0.00104911 -0.00106109 -0.0010496 -0.00101726 -0.000976772 -0.000907074 -0.000839644 -0.000766993 -0.000695506 -0.00062244 -0.00053548 -0.000464212 -0.000401365 -0.000356435 
0 -3.14161e-05 -4.7339e-05 -3.01496e-05 -1.1138e-05 1.99323e-05 7.894e-05 0.000167609 0.000299816 0.000429277 0.000573655 0.000745567 0.000950361 0.00120857 0.00146944 0.00177732 0.00213473 0.00255428 0.00304443 0.00354604 0.00407946 0.00457509 0.00499004 0.00527416 0.0053687 0.00525832 0.00489039 0.00426053 0.00341263 0.00241951 0.00133444 0.000261284 -0.000746833 -0.00158183 -0.00220076 -0.00260079 -0.00269878 -0.00254679 -0.00212922 -0.00151217 -0.000729978 0.000188071 0.00116844 0.00217466 0.00319131 0.00420244 0.00515936 0.00609436 0.00697263 0.00781577 0.0085836 0.0092917 0.00992925 0.0104789 0.0109264 0.0112612 0.0114958 0.0115643 0.0114931 0.0112642 0.0108617 0.0102617 0.00951889 0.00857603 0.00746711 0.00620092 0.00477594 0.00321599 0.00154792 -0.000208434 -0.00201507 -0.0038386 -0.00566781 -0.00742952 -0.00912539 -0.0106948 -0.0121196 -0.0133638 -0.0144373 -0.015295 -0.0159624 -0.0163975 -0.0166341 -0.0166637 -0.0165077 -0.0161663 -0.0156821 -0.015027 -0.0142467 -0.0133723 -0.0124297 -0.0114045 -0.010337 -0.00925558 -0.00818495 -0.00710673 -0.00604661 -0.00501617 -0.00401546 -0.00303293 -0.00207448 -0.00112001 -0.000179027 0.000762569 0.00172472 0.00271634 0.00371478 0.00474043 0.00580002 0.00689788 0.00799244 0.00908453 0.0101728 0.0112539 0.0122715 0.013233 0.0141044 0.0148845 0.0155371 0.0160651 0.0164277 0.0166329 0.0166294 0.0164558 0.0160779 0.015493 0.0146958 0.0137223 0.0125318 0.0111915 0.00970765 0.00809743 0.00639469 0.00463333 0.00282998 0.00103171 -0.000741046 -0.0024678 -0.00409659 -0.00565611 -0.00709048 -0.00839711 -0.00956423 -0.0106034 -0.0114632 -0.0121929 -0.012781 -0.0132371 -0.0135635 -0.0138014 -0.0139569 -0.0140301 -0.0140777 -0.01409 -0.0141144 -0.0141304 -0.0141724 -0.0142381 -0.0143137 -0.0143563 -0.0143832 -0.0143258 -0.0141319 -0.0137925 -0.0132336 -0.0124888 -0.0114967 -0.0103068 -0.00897093 -0.00751722 -0.00602218 -0.0045615 -0.00322628 -0.00208507 -0.0011884 -0.000553864 -0.000220809 -0.000115482 -0.000204305 -0.00043061 -0.000736833 -0.00110537 -0.00143262 -0.00171956 -0.00193187 -0.0020712 -0.00215296 -0.00215773 -0.00213212 -0.00206245 -0.00195994 -0.00182685 -0.00167334 -0.0015318 -0.00138844 -0.00124077 -0.00108581 -0.000943754 -0.000836897 -0.000753836 
0 -3.62556e-05 -3.01496e-05 -1.72656e-05 3.48193e-05 7.50184e-05 0.000163624 0.000306752 0.000477539 0.000688231 0.000881373 0.00113591 0.00144119 0.0017971 0.00220925 0.00264915 0.00320134 0.00384002 0.00456683 0.00534928 0.006131 0.00688498 0.00750015 0.00791338 0.00805983 0.00788404 0.00733755 0.00640818 0.00515542 0.00368123 0.00209257 0.000488283 -0.000984897 -0.00222008 -0.00314304 -0.00369923 -0.00385818 -0.0036032 -0.00297935 -0.00206303 -0.000893505 0.000464018 0.00190969 0.00340993 0.00491977 0.00640363 0.00784479 0.00919318 0.0104804 0.0116874 0.0127629 0.0137516 0.0146312 0.015363 0.0159562 0.0163909 0.0166401 0.0167008 0.0165328 0.0161548 0.0155416 0.01466 0.0135389 0.01217 0.0105415 0.00868233 0.00663396 0.00439061 0.00199105 -0.000517608 -0.00308983 -0.00572181 -0.00831177 -0.0108218 -0.0132428 -0.0155038 -0.0175428 -0.0193854 -0.0209585 -0.022219 -0.0232074 -0.0239029 -0.0242782 -0.0243706 -0.0241941 -0.023733 -0.0230365 -0.0221414 -0.021071 -0.0198193 -0.0184419 -0.016981 -0.0154654 -0.0138886 -0.0122994 -0.0107073 -0.00914538 -0.00760106 -0.00608218 -0.00458511 -0.0031324 -0.0016797 -0.000233976 0.001221 0.00268034 0.0041672 0.00568048 0.00724569 0.00881897 0.0104055 0.0120107 0.013634 0.015213 0.0167347 0.0181928 0.0195741 0.020811 0.0219017 0.0228292 0.0235317 0.024001 0.0242553 0.024227 0.0239009 0.0233155 0.0224235 0.0212372 0.0198021 0.0181137 0.0161704 0.0140464 0.0117512 0.00932133 0.00680074 0.00425443 0.00168438 -0.000863324 -0.00332699 -0.00568854 -0.00794004 -0.0100055 -0.0118894 -0.013601 -0.0150909 -0.0163813 -0.0174698 -0.0183605 -0.0190759 -0.0196149 -0.0200123 -0.0203214 -0.0205151 -0.0206522 -0.0207797 -0.0208739 -0.0209747 -0.0210971 -0.0212393 -0.0213885 -0.0215041 -0.0215642 -0.0215149 -0.0212645 -0.0207597 -0.0199721 -0.0188513 -0.0173891 -0.0156233 -0.0136192 -0.0114565 -0.00921682 -0.00702795 -0.00502543 -0.00331047 -0.00194511 -0.00100004 -0.000469109 -0.00030743 -0.000435323 -0.000752292 -0.00123292 -0.00175625 -0.00226068 -0.0026852 -0.00298739 -0.00320775 -0.00329645 -0.00330935 -0.00325123 -0.00313309 -0.00298424 -0.00276734 -0.00255361 -0.00233576 -0.00212718 -0.00191857 -0.00168709 -0.00149742 -0.00133713 -0.00122518 
0 -2.03415e-05 -1.1138e-05 3.48193e-05 9.12378e-05 0.000163031 0.000279962 0.000454409 0.000692657 0.000944354 0.00121852 0.00154732 0.0019449 0.00243171 0.00295919 0.0035729 0.00430026 0.0051546 0.00613468 0.00715981 0.00821641 0.00920265 0.0100199 0.0105717 0.0107581 0.0105278 0.00980392 0.00857869 0.0069332 0.00500111 0.0029067 0.000826483 -0.00110323 -0.00270472 -0.00388568 -0.00460983 -0.00477729 -0.00443596 -0.00359864 -0.00237034 -0.000822783 0.000970323 0.00288542 0.00484934 0.00681887 0.00875392 0.0105857 0.0123273 0.0139448 0.015447 0.0167815 0.0179689 0.018995 0.0198358 0.0204776 0.0209097 0.0211405 0.0210994 0.020804 0.0202386 0.019376 0.018185 0.0167252 0.0149394 0.012861 0.0105121 0.00790712 0.00507967 0.00207592 -0.00106105 -0.00427404 -0.0075176 -0.0107519 -0.0138873 -0.0169133 -0.0197451 -0.0223415 -0.0246591 -0.0266824 -0.0283473 -0.0296736 -0.0306064 -0.0311693 -0.0313589 -0.0312008 -0.030699 -0.02991 -0.0288207 -0.0274899 -0.0259599 -0.0242752 -0.0224349 -0.0204902 -0.0184801 -0.0164448 -0.0143724 -0.0123 -0.010246 -0.00821524 -0.00620007 -0.00421227 -0.00222665 -0.00025533 0.00171666 0.00371035 0.00573428 0.00776131 0.00981423 0.0118912 0.0139894 0.0160627 0.018107 0.0201072 0.022051 0.0238732 0.0255692 0.0270865 0.0284132 0.0295005 0.0303313 0.0308551 0.0310758 0.0309302 0.0304554 0.0296279 0.0284421 0.0269036 0.0250644 0.0228924 0.0204638 0.0178066 0.0149468 0.0119311 0.00881077 0.005623 0.00242599 -0.000739632 -0.00382874 -0.00677584 -0.00959712 -0.0122136 -0.0146141 -0.016787 -0.0187308 -0.0203967 -0.0218389 -0.0230511 -0.0240486 -0.0248412 -0.0254822 -0.0259911 -0.0263693 -0.026689 -0.0269578 -0.0272215 -0.0274701 -0.027745 -0.0280425 -0.0283355 -0.0285637 -0.0287218 -0.0287063 -0.0284184 -0.0278108 -0.0267849 -0.0253473 -0.0234322 -0.0211093 -0.0184716 -0.0155986 -0.0126303 -0.00972403 -0.00705552 -0.00476328 -0.00294579 -0.00165828 -0.000939782 -0.000689014 -0.000823261 -0.00123316 -0.00182154 -0.00251126 -0.00315178 -0.00370432 -0.00411452 -0.00438356 -0.00452087 -0.00452324 -0.00444852 -0.00429493 -0.00408069 -0.00381093 -0.00351588 -0.00323666 -0.00296306 -0.00268452 -0.00239952 -0.00214513 -0.00194773 -0.00179759 
0 -1.05428e-05 1.99323e-05 7.50184e-05 0.000163031 0.000260254 0.000413549 0.000642628 0.000929097 0.00125637 0.0015977 0.00201057 0.0025083 0.00309613 0.00376561 0.0045247 0.00543917 0.00650924 0.00772172 0.00901405 0.0103185 0.0115472 0.0125609 0.0132425 0.0134814 0.013194 0.0123055 0.0108093 0.00879747 0.00642688 0.00387128 0.00131636 -0.0010308 -0.00298593 -0.00442493 -0.00526962 -0.00545737 -0.00499285 -0.00393443 -0.00239402 -0.000464392 0.00174694 0.00409734 0.00650242 0.00889281 0.0112115 0.0134075 0.0154445 0.017324 0.0190291 0.0205166 0.0218105 0.0228991 0.0237494 0.0243604 0.0247193 0.0248122 0.0246135 0.0241077 0.0232999 0.0221657 0.0206808 0.0188749 0.016735 0.0142654 0.011499 0.00847222 0.00520613 0.00174451 -0.00185437 -0.00553682 -0.00926884 -0.0129668 -0.0165671 -0.0200459 -0.0233253 -0.0263429 -0.0290831 -0.0314846 -0.033491 -0.0351129 -0.0363177 -0.0370856 -0.0374321 -0.03737 -0.0368988 -0.0360644 -0.0349001 -0.0334423 -0.0317132 -0.0297654 -0.027641 -0.025377 -0.0229952 -0.0205388 -0.0180248 -0.0154879 -0.0129379 -0.0103825 -0.00782957 -0.00529698 -0.00276116 -0.00022868 0.00230373 0.00483937 0.00738617 0.00993589 0.0124985 0.0150466 0.0175719 0.0200646 0.0225105 0.0248635 0.0271002 0.0291945 0.0311201 0.0328176 0.0342665 0.0354324 0.036265 0.0367428 0.0368677 0.0365863 0.0359008 0.0348311 0.0333572 0.0314988 0.0293059 0.0267779 0.0239465 0.0208729 0.017584 0.0141232 0.0105491 0.0069183 0.0032643 -0.000361834 -0.00389612 -0.00730093 -0.010558 -0.0135969 -0.0164054 -0.0189819 -0.021295 -0.0233394 -0.0251307 -0.026673 -0.0279835 -0.0290716 -0.0299837 -0.0307587 -0.0313966 -0.0319586 -0.0324863 -0.0329855 -0.0334811 -0.0339969 -0.0345266 -0.0350389 -0.0354729 -0.0357846 -0.0358723 -0.0356123 -0.0349182 -0.0337176 -0.0319605 -0.029625 -0.0267734 -0.0235125 -0.0199678 -0.0162937 -0.0126941 -0.00937896 -0.00651942 -0.00423515 -0.00261378 -0.00166749 -0.00131382 -0.00143507 -0.00189511 -0.00259705 -0.00339922 -0.00417311 -0.00483292 -0.00532329 -0.00565468 -0.00580774 -0.00582067 -0.00572481 -0.00553921 -0.00528625 -0.00495933 -0.00461624 -0.00427587 -0.00394591 -0.00361002 -0.00326095 -0.0029544 -0.00269952 -0.0025032 
0 2.0847e-05 7.894e-05 0.000163624 0.000279962 0.000413549 0.000605466 0.000880246 0.00121726 0.0016029 0.00201813 0.00251065 0.00310518 0.0038028 0.00460711 0.00552808 0.00662687 0.00791245 0.00935989 0.0109084 0.0124664 0.0139293 0.0151407 0.0159571 0.0162503 0.0159135 0.0148716 0.0131217 0.0107691 0.00799247 0.00500294 0.0020197 -0.000713574 -0.00298893 -0.00465568 -0.00561204 -0.00580291 -0.00522436 -0.00395555 -0.0021153 0.000173356 0.00277268 0.0055272 0.00832306 0.0110746 0.0137105 0.0161777 0.0184337 0.0204795 0.022292 0.0238453 0.0251487 0.0261966 0.0269646 0.0274488 0.0276444 0.0275358 0.0271091 0.026349 0.0252625 0.0238316 0.0220493 0.0199325 0.0174876 0.0147165 0.0116509 0.00832427 0.00476091 0.00100323 -0.00289186 -0.00687358 -0.0109022 -0.0149009 -0.0188133 -0.0225963 -0.0261825 -0.0295076 -0.0325465 -0.0352398 -0.0375416 -0.0394357 -0.0408953 -0.041893 -0.0424376 -0.042533 -0.0421849 -0.0414197 -0.0402716 -0.0387721 -0.0369548 -0.0348645 -0.0325427 -0.0300245 -0.0273442 -0.0245395 -0.0216342 -0.0186576 -0.01563 -0.0125644 -0.00947551 -0.00637954 -0.00327356 -0.000167177 0.0029337 0.0060273 0.00910864 0.0121668 0.0152 0.0181897 0.0211176 0.0239689 0.0267223 0.0293422 0.0317981 0.0340624 0.036097 0.0378564 0.0393127 0.0404368 0.0411838 0.0415385 0.0414909 0.0410153 0.0401114 0.038801 0.0370746 0.0349566 0.0324841 0.0296771 0.0265651 0.0232077 0.0196379 0.0158987 0.0120461 0.00813615 0.00420525 0.000304598 -0.00350667 -0.00719848 -0.0107405 -0.0140828 -0.0172039 -0.020099 -0.0227363 -0.0251133 -0.0272346 -0.0291103 -0.0307503 -0.0321715 -0.0334127 -0.0345089 -0.0354757 -0.0363624 -0.0372171 -0.0380472 -0.03888 -0.0397299 -0.0405868 -0.0414052 -0.0421209 -0.0426589 -0.0429056 -0.0427244 -0.0420031 -0.0406653 -0.038644 -0.0359326 -0.0325958 -0.0287571 -0.024572 -0.020228 -0.0159637 -0.0120216 -0.00860615 -0.00586424 -0.00389833 -0.00271494 -0.00223336 -0.00231381 -0.00280554 -0.00358195 -0.00447869 -0.00535765 -0.00610874 -0.0066762 -0.00705464 -0.0072327 -0.00724989 -0.00713577 -0.00691995 -0.00662024 -0.00624554 -0.0058489 -0.00545271 -0.00506743 -0.0046759 -0.00427826 -0.00392241 -0.00362323 -0.00338333 
0 7.39684e-05 0.000167609 0.000306752 0.000454409 0.000642628 0.000880246 0.00119153 0.00158066 0.00200353 0.00249359 0.0030554 0.00373628 0.00454884 0.00547772 0.00657874 0.00786449 0.00937293 0.0110685 0.01287 0.0146945 0.0163864 0.0177959 0.0187485 0.0190938 0.0187136 0.0175296 0.0155473 0.0128854 0.00974267 0.00635092 0.0029884 -0.00010072 -0.00266593 -0.00453347 -0.00559925 -0.00578127 -0.00510807 -0.00365254 -0.00154532 0.00105463 0.00398568 0.00708767 0.0102062 0.0132488 0.0161348 0.0187827 0.0211849 0.0233008 0.0251232 0.0266475 0.0278597 0.0287646 0.0293615 0.0296315 0.0295806 0.0292144 0.0284986 0.0274545 0.0260726 0.0243478 0.0222874 0.0199122 0.0172181 0.0142324 0.0109795 0.00747383 0.00375621 -0.000135816 -0.00416218 -0.00827965 -0.0124212 -0.0165577 -0.0206196 -0.0245512 -0.0282972 -0.0318157 -0.0350336 -0.037929 -0.0404594 -0.0425839 -0.0442686 -0.0455103 -0.0462847 -0.0465889 -0.0464357 -0.0458392 -0.0448045 -0.0433623 -0.0415649 -0.0394416 -0.0370147 -0.034324 -0.0314241 -0.0283399 -0.0250971 -0.02172 -0.0182463 -0.0146935 -0.0110833 -0.0074268 -0.00375191 -7.26599e-05 0.00359132 0.00723754 0.010844 0.0143902 0.0178562 0.0212451 0.0245297 0.0276726 0.0306474 0.0334443 0.0360264 0.0383457 0.0403707 0.0420785 0.043434 0.0444024 0.0449787 0.0451382 0.0448635 0.044157 0.0430395 0.0414957 0.0395557 0.0372394 0.0345724 0.0315766 0.0283136 0.0248049 0.0211011 0.0172464 0.0132911 0.00926941 0.00524122 0.00124307 -0.00268982 -0.00651097 -0.010197 -0.0137198 -0.0170473 -0.0201596 -0.0230592 -0.0257066 -0.028125 -0.0303194 -0.0322883 -0.0340601 -0.0356708 -0.037133 -0.0384923 -0.0397865 -0.0410374 -0.0422934 -0.0435465 -0.0448146 -0.0460818 -0.047286 -0.0483554 -0.0491974 -0.0496697 -0.0496321 -0.04896 -0.0475373 -0.0453236 -0.0422939 -0.038529 -0.0341714 -0.0293902 -0.0244241 -0.0195326 -0.0149906 -0.0110348 -0.00784704 -0.0055263 -0.00409975 -0.0034693 -0.0034887 -0.00400337 -0.00482497 -0.00580961 -0.00677107 -0.0076007 -0.00823929 -0.00864275 -0.00884624 -0.00884954 -0.00871045 -0.00845707 -0.00809714 -0.00768073 -0.00722395 -0.00678034 -0.0063452 -0.00590566 -0.00548047 -0.00508222 -0.00475436 -0.00447528 
0 0.000135553 0.000299816 0.000477539 0.000692657 0.000929097 0.00121726 0.00158066 0.00199327 0.00248192 0.00302305 0.00366269 0.00443842 0.00534267 0.0064322 0.00769517 0.009194 0.0109367 0.0128724 0.0149577 0.0170296 0.0189632 0.0205646 0.0216431 0.0220459 0.0216197 0.0203024 0.0181136 0.0151731 0.0116914 0.00795575 0.00422759 0.000834348 -0.00199784 -0.00406496 -0.00520661 -0.0054137 -0.00464991 -0.00304707 -0.000729492 0.0021238 0.00531642 0.00867453 0.0120451 0.0153 0.0183351 0.0211138 0.0235516 0.0256628 0.0274061 0.0287972 0.0298264 0.0305093 0.0308379 0.0308253 0.030482 0.0297783 0.0287647 0.0274106 0.0257352 0.0237446 0.0214663 0.0188659 0.0160151 0.0128944 0.00953544 0.00597789 0.0022391 -0.001656 -0.00565885 -0.00974051 -0.0138689 -0.0179651 -0.0220134 -0.025941 -0.0297192 -0.0332771 -0.0365987 -0.0396047 -0.0422778 -0.0445611 -0.046466 -0.0479244 -0.0489446 -0.0495005 -0.0495942 -0.0492012 -0.0483802 -0.047119 -0.045433 -0.0433401 -0.040911 -0.0381626 -0.0351202 -0.0318049 -0.0282836 -0.0245729 -0.0206981 -0.0166868 -0.0125819 -0.0084034 -0.00419263 3.95941e-05 0.00425517 0.00841749 0.0124997 0.0165053 0.0203881 0.0241176 0.0276615 0.0310278 0.0341718 0.037051 0.0396204 0.0418952 0.0438158 0.0453668 0.0465164 0.0472703 0.0475832 0.0474877 0.0469626 0.0460365 0.0446779 0.0429407 0.0408243 0.0383676 0.0355799 0.0325329 0.0292131 0.025688 0.0219983 0.0181745 0.0142607 0.0103101 0.00633401 0.00237533 -0.00151599 -0.00534951 -0.00905173 -0.0126257 -0.0160406 -0.019289 -0.0223311 -0.0252041 -0.0278606 -0.0303294 -0.0326149 -0.0347375 -0.0367165 -0.0385874 -0.0403873 -0.0421258 -0.0438674 -0.0455919 -0.0473456 -0.049103 -0.050843 -0.0525028 -0.0540095 -0.0552156 -0.0559963 -0.0561899 -0.0556216 -0.0542234 -0.0518702 -0.0486107 -0.0444988 -0.0396789 -0.0343826 -0.0288471 -0.0233805 -0.0182811 -0.0138149 -0.0101868 -0.00753154 -0.00583588 -0.00505028 -0.00499616 -0.00549468 -0.00637122 -0.00739557 -0.00844045 -0.0093329 -0.0100145 -0.0104596 -0.0106513 -0.0106567 -0.0104798 -0.0101795 -0.00977851 -0.00930102 -0.00880917 -0.00830936 -0.00782872 -0.00735693 -0.00689676 -0.00648365 -0.00611869 -0.00581098 
0 0.00021504 0.000429277 0.000688231 0.000944354 0.00125637 0.0016029 0.00200353 0.00248192 0.00300374 0.00363444 0.00435466 0.00522483 0.00626695 0.00749196 0.00896667 0.0106724 0.0126524 0.0148512 0.0171856 0.0195271 0.0216786 0.0234671 0.0246755 0.0251268 0.0246638 0.0232288 0.0208453 0.0176502 0.013872 0.00979414 0.00576483 0.00207075 -0.00100276 -0.00323826 -0.00449681 -0.00471302 -0.00392042 -0.00221969 0.000250655 0.00327994 0.00665083 0.0101996 0.0137205 0.0170922 0.0202063 0.0229773 0.0253938 0.0273968 0.0289797 0.0301749 0.030953 0.0313306 0.0313471 0.0309919 0.0302951 0.0292726 0.027928 0.0262919 0.0243549 0.0221346 0.0196626 0.0169382 0.0139798 0.010821 0.00747639 0.00395186 0.000285524 -0.00348578 -0.0073504 -0.0112814 -0.0152097 -0.0191432 -0.0230463 -0.0268396 -0.0305068 -0.034023 -0.0372968 -0.0403214 -0.04308 -0.0454941 -0.0475372 -0.0492033 -0.0504486 -0.0512487 -0.0516117 -0.051517 -0.0509417 -0.0498869 -0.0483991 -0.0464785 -0.044123 -0.0413641 -0.0382575 -0.0348188 -0.0310883 -0.0270861 -0.0228632 -0.0184663 -0.0139296 -0.0092721 -0.00456849 0.000150325 0.0048473 0.00948668 0.0140212 0.0184158 0.0226191 0.0266336 0.0304172 0.0339113 0.0370866 0.0399523 0.0424666 0.0445895 0.0463018 0.0476154 0.0485039 0.0489583 0.049007 0.0486406 0.0478393 0.0466596 0.0451207 0.0432049 0.0409743 0.0384527 0.035637 0.0325871 0.0293532 0.0259321 0.0223786 0.0187277 0.0149962 0.0112081 0.00741416 0.00363461 -0.000122171 -0.00381799 -0.00742281 -0.0109484 -0.0143566 -0.0176188 -0.0207551 -0.0237359 -0.0265665 -0.0292639 -0.0318189 -0.0342717 -0.0366308 -0.0389011 -0.0411478 -0.0433758 -0.045593 -0.0478574 -0.0501447 -0.0524454 -0.0547304 -0.0569113 -0.0589078 -0.0605611 -0.0617096 -0.0621943 -0.061842 -0.0605117 -0.0581453 -0.0547349 -0.0503612 -0.0451879 -0.0394377 -0.0334225 -0.0274483 -0.0218492 -0.0169206 -0.0128991 -0.00990619 -0.00796448 -0.00699745 -0.00684002 -0.00731748 -0.00817939 -0.00925268 -0.0103341 -0.0112794 -0.0120176 -0.0124709 -0.0126952 -0.0126808 -0.0124867 -0.0121541 -0.0116971 -0.0111983 -0.0106504 -0.0101163 -0.00959009 -0.00907488 -0.00860347 -0.00815049 -0.00776553 -0.00741563 
0 0.000282711 0.000573655 0.000881373 0.00121852 0.0015977 0.00201813 0.00249359 0.00302305 0.00363444 0.0043465 0.00517619 0.00616489 0.0073281 0.00873414 0.0103978 0.0123376 0.0145626 0.0170105 0.0196188 0.022202 0.0245783 0.0265424 0.0278673 0.0283692 0.0278745 0.0263305 0.0237827 0.0203626 0.0163046 0.0119358 0.00758848 0.00361779 0.000289368 -0.00215395 -0.00353076 -0.00382581 -0.00303497 -0.0012949 0.00125233 0.00438097 0.00785187 0.0114784 0.0150696 0.0184693 0.021552 0.0242699 0.0265527 0.0283822 0.0297359 0.0306569 0.0311298 0.0311854 0.0308517 0.0301559 0.0291271 0.0277582 0.0261212 0.0242141 0.0220482 0.0196556 0.0170777 0.0142708 0.0113051 0.00817722 0.00490593 0.00151665 -0.00196869 -0.00553095 -0.00915071 -0.0128145 -0.0164869 -0.0201371 -0.0237686 -0.0273107 -0.0307694 -0.0341041 -0.0372795 -0.0402436 -0.0429884 -0.0454379 -0.0476006 -0.0494162 -0.0508651 -0.0519055 -0.0525286 -0.0526866 -0.0524025 -0.05164 -0.0503966 -0.0486534 -0.0464505 -0.0437983 -0.0407106 -0.0371941 -0.0333286 -0.0291345 -0.0246498 -0.0199297 -0.0150329 -0.00999218 -0.00488841 0.000250136 0.00536516 0.0103878 0.015269 0.0199931 0.0244764 0.0286802 0.0325646 0.0361161 0.0392869 0.0420539 0.0443805 0.0462921 0.047756 0.0487876 0.0493722 0.0495343 0.0492692 0.0486208 0.047578 0.0462023 0.0444782 0.0424496 0.040152 0.0376243 0.0348614 0.0319441 0.0288601 0.0256385 0.0223206 0.0189238 0.0154623 0.011967 0.00844695 0.00492424 0.00141969 -0.00207242 -0.00548577 -0.00885372 -0.0121497 -0.0153553 -0.0184656 -0.0215127 -0.024448 -0.0273034 -0.0300837 -0.03281 -0.0354868 -0.038138 -0.0408142 -0.0435044 -0.0462435 -0.0490332 -0.0518913 -0.0547691 -0.0576268 -0.0603818 -0.0629324 -0.0650833 -0.0666762 -0.0675301 -0.0674353 -0.0662789 -0.0639446 -0.0604774 -0.0559383 -0.0504901 -0.0444099 -0.0380034 -0.031619 -0.0256046 -0.0202795 -0.0159019 -0.0126139 -0.0104191 -0.00927736 -0.00901248 -0.00942988 -0.0102928 -0.0113652 -0.012488 -0.0134734 -0.0142408 -0.0147332 -0.0149565 -0.0149557 -0.0147449 -0.014385 -0.0139125 -0.0133791 -0.0128178 -0.0122433 -0.0116792 -0.0111357 -0.0106274 -0.0101542 -0.00971839 -0.00932375 
0 0.000374777 0.000745567 0.00113591 0.00154732 0.00201057 0.00251065 0.0030554 0.00366269 0.00435466 0.00517619 0.00612598 0.00724432 0.00856757 0.0101566 0.0120471 0.0142305 0.0167089 0.0194206 0.0222832 0.0251125 0.027698 0.0298278 0.0312651 0.0318095 0.0312827 0.0296382 0.0269273 0.0232916 0.0189748 0.0143098 0.00967125 0.00540978 0.00181847 -0.000847486 -0.00240766 -0.00282583 -0.00212525 -0.000431054 0.00210414 0.00523999 0.00871904 0.0123483 0.0159143 0.019252 0.0222302 0.0247876 0.0268789 0.0284675 0.0295495 0.0301738 0.0303329 0.030054 0.0293896 0.0283677 0.0270264 0.0253803 0.0234922 0.0213795 0.0190496 0.0165407 0.0138942 0.0110895 0.00817072 0.00515506 0.00204992 -0.00113571 -0.00438174 -0.00766105 -0.010975 -0.0143096 -0.0176273 -0.0209312 -0.0242285 -0.027454 -0.0306207 -0.0337105 -0.0366744 -0.039491 -0.0421573 -0.0445972 -0.0467929 -0.0487071 -0.0503013 -0.051533 -0.0523866 -0.0528168 -0.0527973 -0.0522953 -0.0513139 -0.0498255 -0.0478194 -0.0453052 -0.0423008 -0.0388172 -0.0349098 -0.0306047 -0.0259508 -0.0210233 -0.015875 -0.0105501 -0.00514265 0.000295909 0.00571082 0.0110225 0.0161674 0.0210979 0.0257348 0.0300428 0.0339764 0.0374848 0.0405398 0.0431445 0.0452731 0.0469275 0.0481066 0.048837 0.0491203 0.0489837 0.0484545 0.0475583 0.0462989 0.04475 0.0429223 0.04084 0.0385573 0.0361033 0.0334682 0.0307248 0.0278784 0.0249305 0.0219156 0.0188502 0.0157258 0.0125662 0.00938862 0.00620348 0.00301083 -0.000179383 -0.00333311 -0.00648263 -0.00960609 -0.0126811 -0.0157209 -0.0187404 -0.0217108 -0.024659 -0.0275915 -0.0305341 -0.0334822 -0.036458 -0.039513 -0.042638 -0.0458477 -0.0491672 -0.0525869 -0.0560533 -0.0595128 -0.0628652 -0.0659901 -0.0686749 -0.070741 -0.0719979 -0.0722301 -0.0712917 -0.0690898 -0.0656483 -0.0610379 -0.0554317 -0.0491137 -0.0424281 -0.03573 -0.0293904 -0.0237503 -0.0190845 -0.0155385 -0.0131305 -0.0118206 -0.0114468 -0.0118073 -0.0126421 -0.0137251 -0.0148721 -0.0159028 -0.016718 -0.0172465 -0.0175062 -0.0175167 -0.0173081 -0.016934 -0.01644 -0.015893 -0.0153039 -0.0146985 -0.014095 -0.0135172 -0.0129874 -0.0124841 -0.0120152 -0.0115774 
0 0.000482505 0.000950361 0.00144119 0.0019449 0.0025083 0.00310518 0.00373628 0.00443842 0.00522483 0.00616489 0.00724432 0.00850407 0.0100038 0.0117907 0.0139255 0.0163714 0.0191196 0.0221099 0.0252307 0.0283066 0.0310937 0.033374 0.0349041 0.0354671 0.0348909 0.0331323 0.0302506 0.0263971 0.0218233 0.0168613 0.0119219 0.00734809 0.00346154 0.000528805 -0.00127502 -0.00188319 -0.00135114 0.000214343 0.00264353 0.00568864 0.00908101 0.0126178 0.0160744 0.0192766 0.0220937 0.0244443 0.0263071 0.0276259 0.0284186 0.0287338 0.0285831 0.0279931 0.0270343 0.0257383 0.0241411 0.0222812 0.0202026 0.0179476 0.0155205 0.0129675 0.0103195 0.00758269 0.00476877 0.00191611 -0.000974293 -0.00390177 -0.00684862 -0.00979158 -0.0127489 -0.0157134 -0.0186455 -0.02157 -0.0244841 -0.0273472 -0.0301682 -0.0329566 -0.035653 -0.0382582 -0.0407593 -0.0431045 -0.0452562 -0.0471998 -0.0488758 -0.0502413 -0.0512618 -0.0519048 -0.052115 -0.0518607 -0.051124 -0.0498754 -0.0480837 -0.0457589 -0.0429023 -0.0395246 -0.035667 -0.0313654 -0.0266665 -0.0216516 -0.0163766 -0.0109024 -0.00532406 0.000288372 0.00587111 0.0113321 0.0166035 0.021619 0.0262984 0.0305942 0.0344685 0.0378627 0.0407593 0.0431597 0.0450548 0.0464403 0.0473465 0.0477966 0.0478085 0.0474072 0.0466507 0.0455561 0.0441548 0.0425075 0.0406472 0.0385802 0.0363779 0.0340565 0.0316169 0.0291038 0.0265384 0.0238985 0.0212187 0.0185141 0.0157681 0.0129904 0.0102001 0.00739239 0.00455056 0.001702 -0.00115152 -0.00402998 -0.00692445 -0.0098105 -0.0127217 -0.0156493 -0.0185906 -0.0215572 -0.0245642 -0.0276384 -0.0307784 -0.0340096 -0.0373808 -0.0408909 -0.0445308 -0.0483449 -0.0522923 -0.056322 -0.0603625 -0.0643043 -0.0680013 -0.0712343 -0.0737987 -0.0754904 -0.0760935 -0.0754253 -0.0734227 -0.0700814 -0.0654875 -0.0598228 -0.0533732 -0.0465141 -0.0396043 -0.0330328 -0.0271585 -0.0222699 -0.0185146 -0.015936 -0.014489 -0.0140329 -0.0143582 -0.0151839 -0.0162978 -0.0174825 -0.0185727 -0.0194471 -0.0200246 -0.0203333 -0.0203644 -0.0201675 -0.0197877 -0.019282 -0.0187302 -0.0181232 -0.0174977 -0.0168655 -0.0162628 -0.0157175 -0.0151894 -0.0146919 -0.0142157 
0 0.000604536 0.00120857 0.0017971 0.00243171 0.00309613 0.0038028 0.00454884 0.00534267 0.00626695 0.0073281 0.00856757 0.0100038 0.01169 0.0137213 0.0161021 0.0188364 0.0218653 0.025126 0.0285099 0.0318041 0.0347776 0.0371787 0.0387658 0.0393108 0.0386555 0.0367455 0.0336699 0.0295763 0.0247156 0.01946 0.0141794 0.00928309 0.00506967 0.00181857 -0.000265818 -0.00114921 -0.000855716 0.000492418 0.00271788 0.00557408 0.00879989 0.0121477 0.015431 0.018441 0.0210388 0.0231765 0.0247788 0.0258384 0.0263617 0.026392 0.0259619 0.0251187 0.0239037 0.0223928 0.0206164 0.0185981 0.0164199 0.0140961 0.011647 0.00911803 0.0065469 0.00391494 0.00127335 -0.00137287 -0.0040185 -0.00665254 -0.00926421 -0.0118605 -0.0144376 -0.0169969 -0.0195443 -0.0220671 -0.0245778 -0.0270631 -0.0295291 -0.0319591 -0.0343599 -0.0366995 -0.0389675 -0.0411297 -0.0431767 -0.0450503 -0.0467215 -0.048141 -0.0492637 -0.0500258 -0.0504059 -0.0503548 -0.0498247 -0.0487704 -0.0471943 -0.0450849 -0.0424228 -0.0392109 -0.0355001 -0.031321 -0.0267133 -0.0217448 -0.0164905 -0.0110235 -0.00543512 0.000199901 0.00579387 0.0112457 0.0164795 0.0214402 0.0260403 0.0302119 0.0339188 0.0371442 0.0398522 0.0420276 0.0436729 0.0448245 0.0454895 0.0456986 0.0454856 0.0449042 0.0439769 0.0427655 0.0413096 0.0396567 0.0378209 0.0358624 0.0338004 0.0316594 0.029453 0.0272173 0.0249358 0.0226296 0.0203079 0.0179683 0.0156095 0.0132344 0.0108345 0.00840664 0.00594936 0.00344406 0.000917144 -0.0016606 -0.00428875 -0.00695658 -0.00966563 -0.0124566 -0.0152949 -0.0182025 -0.0212203 -0.0243473 -0.0276016 -0.031022 -0.0346352 -0.0384421 -0.0424652 -0.0466849 -0.0511071 -0.0556454 -0.0602112 -0.0647068 -0.0689432 -0.0726991 -0.0757602 -0.0779003 -0.078884 -0.0785527 -0.0767902 -0.0736306 -0.0691396 -0.0634956 -0.0570285 -0.0500816 -0.0430632 -0.0363552 -0.0303332 -0.0252947 -0.0213992 -0.0186941 -0.0171552 -0.0166505 -0.016951 -0.0178088 -0.0189555 -0.0202119 -0.0213826 -0.0223308 -0.0230081 -0.0233744 -0.0234759 -0.0233128 -0.0229494 -0.0224698 -0.0219074 -0.0213135 -0.0206661 -0.0200166 -0.0194063 -0.0188345 -0.0183067 -0.0177736 -0.0172749 
0 0.000745737 0.00146944 0.00220925 0.00295919 0.00376561 0.00460711 0.00547772 0.0064322 0.00749196 0.00873414 0.0101566 0.0117907 0.0137213 0.0159895 0.0186602 0.0216753 0.0249807 0.0285127 0.0321139 0.0356061 0.0387162 0.0411901 0.0427855 0.0432641 0.0424761 0.0403901 0.0370738 0.0327054 0.0275472 0.0219365 0.0163167 0.011037 0.00645838 0.00285952 0.00040913 -0.000790994 -0.000820625 0.000232086 0.00217518 0.00476787 0.00773776 0.0108593 0.0139028 0.0166792 0.0190642 0.0209488 0.0223275 0.0231464 0.0234389 0.0232407 0.0226039 0.0215493 0.0201691 0.0185072 0.0166004 0.014529 0.0123054 0.00999067 0.00759986 0.00516855 0.00270556 0.000268051 -0.00218014 -0.00458184 -0.00694205 -0.00926983 -0.011559 -0.0137917 -0.0159976 -0.0181759 -0.0203091 -0.0224386 -0.0245561 -0.0266645 -0.0287488 -0.0308426 -0.0328925 -0.0349217 -0.0369118 -0.0388574 -0.040686 -0.0424188 -0.0439855 -0.0453523 -0.0464622 -0.0472976 -0.0477521 -0.0477999 -0.0474031 -0.0465482 -0.045163 -0.0432457 -0.0407941 -0.0378362 -0.0343571 -0.0303989 -0.026005 -0.0212497 -0.0161818 -0.010891 -0.00545909 1.23369e-06 0.00541708 0.0106944 0.0157513 0.0204845 0.0248557 0.0288108 0.0323126 0.0352905 0.0377561 0.0397114 0.0411697 0.0420997 0.0425731 0.0426129 0.0422675 0.0415658 0.0406007 0.0393667 0.0379357 0.0363427 0.0346475 0.0328363 0.0309769 0.0290631 0.0271192 0.025147 0.0231913 0.0212179 0.019242 0.017274 0.0152881 0.0132768 0.0112568 0.00920687 0.00709378 0.00496022 0.00275214 0.000483521 -0.00185449 -0.00425332 -0.00675076 -0.00931989 -0.0120097 -0.0148112 -0.0177583 -0.0208825 -0.0241868 -0.0277096 -0.0314804 -0.0355176 -0.0398011 -0.044375 -0.0491696 -0.0541376 -0.0591726 -0.0641447 -0.0688649 -0.073107 -0.0766273 -0.0791908 -0.0805786 -0.0805677 -0.0791122 -0.0761684 -0.0718374 -0.0663155 -0.0598898 -0.0529688 -0.0459286 -0.0391791 -0.0331041 -0.0279938 -0.0240165 -0.0212508 -0.0196542 -0.0191275 -0.0194461 -0.0203322 -0.0215701 -0.0229079 -0.0241952 -0.0252755 -0.0260644 -0.0265721 -0.0267614 -0.0266906 -0.0263963 -0.025956 -0.0254498 -0.0248627 -0.0242376 -0.0235883 -0.022968 -0.0224052 -0.0218488 -0.0213095 -0.0207802 
0 0.000887988 0.00177732 0.00264915 0.0035729 0.0045247 0.00552808 0.00657874 0.00769517 0.00896667 0.0103978 0.0120471 0.0139255 0.0161021 0.0186602 0.0215972 0.0248999 0.0284701 0.0322323 0.0360308 0.039657 0.042851 0.0453354 0.0468701 0.0472132 0.0462497 0.0439222 0.0403371 0.0356603 0.03015 0.0241887 0.0181515 0.0124662 0.00746541 0.0034389 0.000586123 -0.00102428 -0.00143077 -0.000733766 0.000866471 0.00313417 0.00582577 0.00865771 0.0114554 0.0139958 0.0161502 0.0178458 0.0190118 0.0196483 0.0197721 0.0194094 0.0186204 0.0174655 0.0159821 0.014261 0.0123307 0.0102503 0.00806671 0.00581899 0.00353673 0.001254 -0.00100954 -0.00324573 -0.00543645 -0.00757464 -0.00965916 -0.0116829 -0.0136307 -0.0155373 -0.017386 -0.0191874 -0.0209715 -0.0227304 -0.0244539 -0.0261871 -0.0279114 -0.0296231 -0.0313445 -0.0330556 -0.034725 -0.0363596 -0.0379426 -0.039437 -0.0408103 -0.0420283 -0.0430369 -0.0437742 -0.0442127 -0.0443135 -0.0439989 -0.0432265 -0.0420021 -0.0403002 -0.0380987 -0.0353985 -0.0322175 -0.0285899 -0.0245536 -0.0201388 -0.0154278 -0.0105079 -0.00544654 -0.000335342 0.00471467 0.00962359 0.01431 0.0187089 0.022757 0.0263837 0.0295587 0.0322888 0.0345334 0.0362653 0.037514 0.0383127 0.0386765 0.0386407 0.0382561 0.0375721 0.0366265 0.0354784 0.0341857 0.0327569 0.0312251 0.0296424 0.0280127 0.02635 0.0247007 0.0230428 0.0213811 0.0197367 0.0180988 0.0164526 0.0148166 0.0131595 0.0114751 0.00975289 0.00798887 0.00616655 0.00428581 0.002338 0.000305876 -0.00182065 -0.00404882 -0.00640507 -0.00890231 -0.0115437 -0.0143882 -0.0174297 -0.0207121 -0.0242725 -0.0281246 -0.0322908 -0.0367912 -0.0415925 -0.0466891 -0.0519991 -0.0574009 -0.0627852 -0.0679119 -0.0725704 -0.0765001 -0.0794447 -0.0811732 -0.0814984 -0.0803111 -0.0776161 -0.0734904 -0.0681238 -0.061847 -0.0550078 -0.0480442 -0.0413403 -0.0352851 -0.0301756 -0.0261815 -0.0233972 -0.0217945 -0.0212838 -0.0216361 -0.0226139 -0.0239495 -0.0254318 -0.0268765 -0.0281218 -0.0291137 -0.0297821 -0.0301521 -0.0302205 -0.0300452 -0.0297229 -0.0292775 -0.0287686 -0.0281752 -0.027557 -0.0269648 -0.0263943 -0.0258562 -0.0252948 -0.0247603 
0 0.00107046 0.00213473 0.00320134 0.00430026 0.00543917 0.00662687 0.00786449 0.009194 0.0106724 0.0123376 0.0142305 0.0163714 0.0188364 0.0216753 0.0248999 0.0284719 0.0322861 0.0362505 0.0401843 0.0438849 0.0470866 0.0495033 0.0508994 0.0510422 0.0498241 0.047214 0.0432954 0.0382581 0.0323678 0.0259873 0.0195232 0.0133751 0.00791349 0.0034277 0.000101961 -0.00196376 -0.00281135 -0.00253047 -0.00131846 0.000600708 0.00297947 0.0055511 0.00810461 0.0104317 0.0124091 0.0139291 0.0149482 0.0154596 0.0154835 0.0150428 0.014206 0.0130151 0.0115355 0.00983075 0.00793872 0.00594874 0.00387104 0.00175715 -0.000352048 -0.00244076 -0.00450445 -0.00649213 -0.00842719 -0.0102867 -0.0120748 -0.0137962 -0.0154481 -0.0170456 -0.0185831 -0.020063 -0.0215045 -0.0229191 -0.0242977 -0.0256842 -0.0270511 -0.0284153 -0.0297727 -0.0311282 -0.0324611 -0.0337841 -0.0350427 -0.0362382 -0.0373261 -0.0382854 -0.0390723 -0.0396564 -0.0399693 -0.0399859 -0.0396537 -0.0389639 -0.0378718 -0.0363405 -0.0343725 -0.0319955 -0.0291773 -0.0259537 -0.0223701 -0.0184575 -0.0142738 -0.00990547 -0.00540022 -0.000861226 0.00362737 0.00800807 0.0121946 0.0160944 0.0196944 0.0229385 0.0257777 0.0281877 0.0301694 0.0317136 0.0328471 0.0335573 0.03389 0.0338792 0.0335718 0.0329985 0.0322216 0.0312516 0.0301535 0.0289429 0.0276699 0.0263487 0.0250023 0.0236307 0.0222773 0.020913 0.0195681 0.0182391 0.0169087 0.0155724 0.0142347 0.0128707 0.0114884 0.0100745 0.00861239 0.00711056 0.00552457 0.00387057 0.00212935 0.000276755 -0.00169916 -0.00379856 -0.00608357 -0.00854514 -0.0112299 -0.0141623 -0.0173721 -0.0208989 -0.0247603 -0.0289899 -0.0335981 -0.0385747 -0.0438779 -0.0494466 -0.0551462 -0.060833 -0.0662774 -0.0712573 -0.0754995 -0.0787422 -0.0807628 -0.0813571 -0.080438 -0.0779751 -0.0740629 -0.0689026 -0.0627914 -0.0561089 -0.0492726 -0.0426802 -0.0367171 -0.0316636 -0.0277094 -0.0249583 -0.0233856 -0.0229198 -0.023347 -0.0244328 -0.0259292 -0.0275949 -0.0292586 -0.0307514 -0.0319928 -0.0329233 -0.0335209 -0.0338061 -0.0338205 -0.0336487 -0.0333394 -0.0329208 -0.0324149 -0.0318624 -0.0313167 -0.030793 -0.0302738 -0.0297455 -0.0292274 
0 0.00127861 0.00255428 0.00384002 0.0051546 0.00650924 0.00791245 0.00937293 0.0109367 0.0126524 0.0145626 0.0167089 0.0191196 0.0218653 0.0249807 0.0284701 0.0322861 0.0363124 0.040433 0.0444524 0.0481615 0.0512947 0.0535646 0.054735 0.0545904 0.0530419 0.050071 0.0457619 0.0403125 0.0339955 0.027171 0.0202391 0.0136013 0.00764233 0.00265524 -0.00117287 -0.00373104 -0.00504349 -0.00519399 -0.00437925 -0.00281364 -0.000736146 0.00158342 0.00392566 0.00608561 0.00793875 0.00936462 0.0103116 0.0107759 0.010776 0.0103292 0.00950739 0.00836381 0.00696115 0.00535588 0.00358952 0.00174985 -0.00016277 -0.00209531 -0.00400064 -0.00586535 -0.00768979 -0.00942623 -0.0110972 -0.0126896 -0.0142091 -0.0156516 -0.0170152 -0.0183275 -0.019575 -0.020763 -0.0219166 -0.0230341 -0.0240944 -0.0251519 -0.0261796 -0.0271941 -0.0282012 -0.0292045 -0.0301724 -0.0311226 -0.0320173 -0.0328562 -0.033596 -0.0342242 -0.0347017 -0.0350026 -0.035094 -0.0349664 -0.0345549 -0.0338509 -0.0328362 -0.0314747 -0.029761 -0.027711 -0.0252961 -0.0225582 -0.0195394 -0.0162476 -0.0127416 -0.00909719 -0.00533499 -0.00153591 0.00222012 0.00590021 0.0094357 0.0127467 0.0158165 0.0185869 0.0210201 0.0231176 0.0248647 0.0262378 0.0272778 0.0279849 0.0283852 0.0285029 0.0283731 0.0280103 0.0274688 0.0267656 0.0259544 0.0250358 0.0240588 0.0230401 0.021997 0.0209335 0.0198941 0.0188322 0.0177747 0.0167264 0.0156681 0.014596 0.0135298 0.0124363 0.0113176 0.010168 0.00897367 0.00773709 0.00642013 0.00503921 0.00356734 0.00197228 0.000244737 -0.00161496 -0.00367675 -0.00593249 -0.00842649 -0.0111952 -0.0142816 -0.0177246 -0.0215439 -0.0257801 -0.0304435 -0.0355128 -0.040944 -0.0466782 -0.0525721 -0.0584673 -0.0641318 -0.0693402 -0.0738083 -0.0772652 -0.079495 -0.0802985 -0.0795842 -0.0773205 -0.0736076 -0.0686496 -0.0627313 -0.0562274 -0.0495558 -0.0431126 -0.0372728 -0.0323132 -0.0284346 -0.0257532 -0.024253 -0.0238705 -0.0244129 -0.0256564 -0.0273551 -0.0292612 -0.0311986 -0.0329969 -0.0345577 -0.0358067 -0.0367059 -0.0372743 -0.0375486 -0.0376022 -0.0374859 -0.0372283 -0.036865 -0.0364352 -0.0359889 -0.0355467 -0.0350944 -0.0346311 -0.0341699 
0 0.00151596 0.00304443 0.00456683 0.00613468 0.00772172 0.00935989 0.0110685 0.0128724 0.0148512 0.0170105 0.0194206 0.0221099 0.025126 0.0285127 0.0322323 0.0362505 0.040433 0.0446379 0.048667 0.0522937 0.0552641 0.057297 0.0581546 0.057639 0.055693 0.0522884 0.0475369 0.0416282 0.034839 0.0275558 0.0201291 0.0130024 0.00654397 0.00105231 -0.00326739 -0.00632223 -0.00809722 -0.0086788 -0.00825364 -0.00703309 -0.00522557 -0.00313066 -0.000949234 0.00110163 0.00288183 0.00429 0.0052324 0.00572947 0.00578815 0.00542482 0.00469242 0.00368006 0.00241247 0.000963728 -0.000615902 -0.00226218 -0.00395279 -0.00565519 -0.00732191 -0.00894825 -0.0105167 -0.0120221 -0.0134346 -0.0147747 -0.0160421 -0.0172313 -0.0183305 -0.0193956 -0.0203854 -0.021304 -0.0221955 -0.0230389 -0.0238148 -0.0245756 -0.0253046 -0.0259789 -0.0266403 -0.0272759 -0.0278673 -0.0284122 -0.0289175 -0.0293416 -0.0296725 -0.029899 -0.0300152 -0.0299648 -0.0297672 -0.0294095 -0.0288536 -0.0280782 -0.027105 -0.0258804 -0.0244144 -0.0227052 -0.0207475 -0.0185619 -0.0161961 -0.0136305 -0.0109304 -0.0081389 -0.00526638 -0.00235028 0.000534312 0.00338788 0.00614525 0.00876375 0.0112177 0.0134668 0.0154616 0.0172374 0.018754 0.0200001 0.0210021 0.0217818 0.0223104 0.0226298 0.0227525 0.0226955 0.0224622 0.0221033 0.0216339 0.0210657 0.0204265 0.0197616 0.0190426 0.0182951 0.0175542 0.0167816 0.0159859 0.0152027 0.0143974 0.0135571 0.0127281 0.0118677 0.0109738 0.0100505 0.00909978 0.00807777 0.00699632 0.00584266 0.0046 0.00323191 0.00174796 0.000112242 -0.00171723 -0.00375962 -0.00606225 -0.00864923 -0.0115943 -0.0149203 -0.0186537 -0.022837 -0.0275015 -0.0325827 -0.0380756 -0.0438917 -0.0498846 -0.0558943 -0.0616711 -0.0670013 -0.0715916 -0.07517 -0.0775186 -0.0784693 -0.0778878 -0.0757792 -0.0722299 -0.0674396 -0.0617123 -0.0553776 -0.048888 -0.0426156 -0.0369217 -0.0320883 -0.0283139 -0.0257268 -0.0243233 -0.0240413 -0.0247128 -0.0261411 -0.0280593 -0.0302475 -0.0325038 -0.034661 -0.0366177 -0.0382466 -0.0395366 -0.0404652 -0.0410789 -0.0414449 -0.0415826 -0.0415689 -0.0414082 -0.0411666 -0.0408847 -0.040567 -0.0402469 -0.0398905 -0.0395416 
