0 0 0 0 0 0 0 0 0 0 0 0 0 0 0 0 0 0 0 0 0 0 0 0 0 0 0 0 0 0 0 0 0 0 0 0 0 0 0 0 0 0 0 0 0 0 0 0 0 0 0 0 0 0 0 0 0 0 0 0 0 0 0 0 0 0 0 0 0 0 0 0 0 0 0 0 0 0 0 0 0 0 0 0 0 0 0 0 0 0 0 0 0 0 0 0 0 0 0 0 0 0 0 0 0 0 0 0 0 0 0 0 0 0 0 0 0 0 0 0 0 0 0 0 0 0 0 0 0 0 0 0 0 0 0 0 0 0 0 0 0 0 0 0 0 0 0 0 0 0 0 0 0 0 0 0 0 0 0 0 0 0 0 0 0 0 0 0 0 0 0 0 0 0 0 0 0 0 0 0 0 0 0 0 0 0 0 0 0 0 0 0 0 0 0 0 0 0 0 0 
0 1.22552e-05 2.21715e-05 2.28614e-05 3.43136e-05 4.33285e-05 4.57174e-05 4.77217e-05 4.91896e-05 6.15589e-05 6.21779e-05 5.9768e-05 6.65399e-05 7.77078e-05 9.42578e-05 9.70184e-05 0.000107231 0.00012461 0.000137238 0.00014883 0.000155587 0.0001708 0.000184738 0.00019198 0.000199677 0.000201342 0.000196515 0.00019823 0.000195996 0.000193145 0.000179451 0.000163447 0.000164856 0.000153151 0.000153268 0.000154937 0.000168092 0.000198117 0.000239305 0.000310757 0.00039393 0.000502439 0.000646991 0.000834295 0.00104811 0.00129845 0.0015599 0.00181867 0.00205466 0.00224839 0.00238024 0.00241644 0.00235855 0.00219434 0.00194264 0.00161268 0.00126293 0.000906614 0.000592708 0.000366343 0.000251774 0.000270154 0.000453841 0.000790139 0.001269 0.00188535 0.00258533 0.0033519 0.00413484 0.00490557 0.00562674 0.00628278 0.00684025 0.00730584 0.00764217 0.0078569 0.00792641 0.00784456 0.00760318 0.00721301 0.0066719 0.00600995 0.0052403 0.00439436 0.00349976 0.00258184 0.00167232 0.000791216 -4.28299e-05 -0.000801383 -0.00146965 -0.00204117 -0.00247141 -0.00275319 -0.00289501 -0.00290033 -0.00276138 -0.00250555 -0.00214628 -0.00171533 -0.00122743 -0.000708089 -0.000169652 0.000361128 0.000869991 0.0013104 0.00166716 0.00192726 0.00206607 0.00204842 0.00188725 0.00158337 0.00114449 0.000583688 -8.17043e-05 -0.000836918 -0.00166398 -0.00254523 -0.003452 -0.00435927 -0.00524764 -0.00607273 -0.00682487 -0.00747827 -0.00801547 -0.00843336 -0.00874849 -0.00894482 -0.00906197 -0.00909217 -0.00905179 -0.00894055 -0.00876819 -0.00852072 -0.00821531 -0.00782825 -0.00737725 -0.00684699 -0.00623748 -0.00556184 -0.00482064 -0.00402614 -0.00320942 -0.00239211 -0.00159102 -0.000861009 -0.000213253 0.00031648 0.000714897 0.000961562 0.00108653 0.00109161 0.00101222 0.000880001 0.000720655 0.00055974 0.000406715 0.000287822 0.000202526 0.000146511 0.000112207 0.00010216 7.98563e-05 6.65841e-05 5.05147e-05 3.02733e-05 7.04511e-06 -3.45951e-05 -6.64038e-05 -0.000108825 -0.000146278 -0.000173329 -0.000202161 -0.000230822 -0.000254743 -0.000266819 -0.000268432 -0.000275739 -0.000282515 -0.000280541 -0.000284463 -0.000282419 -0.000286411 -0.000286668 -0.000285163 -0.00028709 -0.000275873 -0.000274529 -0.000273751 -0.000272578 -0.000265599 -0.000250985 -0.000251911 -0.000250613 -0.000247711 -0.000245178 -0.000247983 -0.000261508 -0.000260416 -0.000257753 
0 2.21715e-05 2.17287e-05 3.58526e-05 3.963e-05 6.93691e-05 7.40215e-05 7.78002e-05 0.000100365 0.000115789 0.00013926 0.000131309 0.000148785 0.000175167 0.00019369 0.000207314 0.000214918 0.000250884 0.000274748 0.00029419 0.000311147 0.000340201 0.000367247 0.000386183 0.000401769 0.000402535 0.000401723 0.000389226 0.000393411 0.000374814 0.000343081 0.000319891 0.000303583 0.000299911 0.000289609 0.000301768 0.000337168 0.000397048 0.000493251 0.000641834 0.00081099 0.001034 0.00132406 0.00168202 0.00211982 0.002596 0.00312544 0.00364369 0.0041134 0.00451882 0.00478473 0.00486246 0.00475241 0.0044233 0.003908 0.00326492 0.00254756 0.00185127 0.00123068 0.000781036 0.0005638 0.000613106 0.000973164 0.00165272 0.00260414 0.00380428 0.00519138 0.0066782 0.00820507 0.00971545 0.0111369 0.0124173 0.0135402 0.0144422 0.0150939 0.0154974 0.0156097 0.0154125 0.0149428 0.0141681 0.0131098 0.0118326 0.0103459 0.00869948 0.00697955 0.00520143 0.00341724 0.00170252 7.66113e-05 -0.00141723 -0.00270922 -0.00377445 -0.00460559 -0.00517883 -0.00547054 -0.00547708 -0.00523548 -0.00477674 -0.00411903 -0.00330012 -0.00236965 -0.00136064 -0.000326779 0.000676629 0.00161403 0.00245079 0.00313 0.00359456 0.00380854 0.00377645 0.00348165 0.002892 0.002039 0.000958708 -0.000352917 -0.00183957 -0.00344439 -0.00516408 -0.00693024 -0.00868046 -0.0103983 -0.0120098 -0.0134542 -0.0147355 -0.0158041 -0.0166472 -0.0172909 -0.0177298 -0.0179692 -0.0180531 -0.0179844 -0.0177721 -0.0174374 -0.0169849 -0.016389 -0.0156574 -0.0147884 -0.0137432 -0.0125445 -0.0112043 -0.009715 -0.00812712 -0.00649179 -0.00483191 -0.00323872 -0.00175833 -0.000462487 0.000595119 0.00138958 0.00188789 0.00212569 0.00215483 0.00200048 0.00174664 0.00145532 0.00112986 0.000843238 0.000600489 0.000423297 0.000303158 0.00022673 0.000187885 0.000149867 0.000111097 8.17766e-05 5.11268e-05 -7.75254e-06 -6.80996e-05 -0.000144743 -0.000218665 -0.000290691 -0.000350225 -0.000398573 -0.000461912 -0.000508179 -0.000534907 -0.000543469 -0.000562228 -0.000571112 -0.0005747 -0.000568726 -0.000564223 -0.000565269 -0.00055176 -0.00055875 -0.00054387 -0.00053656 -0.000529037 -0.000530295 -0.000545872 -0.000525123 -0.000525625 -0.000521761 -0.000531785 -0.000530104 -0.000510909 -0.000526615 -0.000526549 -0.000531082 -0.000511932 
0 2.28614e-05 3.58526e-05 3.62947e-05 6.44429e-05 9.22607e-05 0.000104762 0.000117319 0.000135267 0.000178955 0.000198147 0.000204924 0.000230741 0.000264376 0.000303877 0.000311264 0.000334974 0.000380556 0.000415635 0.000445943 0.000465896 0.000506519 0.000547453 0.000573903 0.000600594 0.000609756 0.000599016 0.000595139 0.00057815 0.000552806 0.000501268 0.000450686 0.000446365 0.000424435 0.000434026 0.000457773 0.000517187 0.000623832 0.0007683 0.000991052 0.00125102 0.00158128 0.00201195 0.00256091 0.00319486 0.00392968 0.00470783 0.00548363 0.00619852 0.00679424 0.00720256 0.00733074 0.0071693 0.0066884 0.00593808 0.00496259 0.00391822 0.00287152 0.00196011 0.00131513 0.00101052 0.00110235 0.00166425 0.00266133 0.00405482 0.00581683 0.00781316 0.00998467 0.0122074 0.0144012 0.0164645 0.0183404 0.0199374 0.0212441 0.0221654 0.0227115 0.0228315 0.0225214 0.021783 0.020651 0.0191341 0.0173065 0.0151962 0.0128728 0.0104038 0.00785244 0.00530707 0.00283864 0.00051051 -0.00159513 -0.00343208 -0.00498379 -0.00616119 -0.00695569 -0.00739208 -0.00747879 -0.00719663 -0.00659839 -0.00571034 -0.00460274 -0.00332054 -0.00194008 -0.000515679 0.000870795 0.00216866 0.00326809 0.00413345 0.00473924 0.00503405 0.0049428 0.00448459 0.00364771 0.00243877 0.000881742 -0.000985268 -0.00311391 -0.00544123 -0.0079067 -0.0104247 -0.0129248 -0.0153612 -0.0176364 -0.0197288 -0.0215854 -0.0231595 -0.0244332 -0.02543 -0.0261031 -0.026529 -0.0266955 -0.0266424 -0.0263801 -0.0259399 -0.0252978 -0.0244852 -0.0234452 -0.0222018 -0.020706 -0.0189503 -0.0169629 -0.0147504 -0.0123599 -0.00988626 -0.00740309 -0.00498249 -0.0027719 -0.000822337 0.000770505 0.00196651 0.00272161 0.00311063 0.0031574 0.00295575 0.00259818 0.0021594 0.00170415 0.00126814 0.000915686 0.000650973 0.000465278 0.000342139 0.000282318 0.000203756 0.000150004 9.81017e-05 4.11326e-05 -2.46048e-05 -0.000130664 -0.000219531 -0.000332361 -0.000435003 -0.000513704 -0.0005972 -0.000683629 -0.000758525 -0.000802671 -0.000819533 -0.000846248 -0.000864636 -0.000856799 -0.000853383 -0.000834854 -0.000830144 -0.000820618 -0.000814727 -0.000817227 -0.000794541 -0.000795025 -0.000801777 -0.000811116 -0.000806247 -0.000788676 -0.000804158 -0.000811519 -0.000804334 -0.000789446 -0.000785878 -0.000803912 -0.000791305 -0.000770386 
0 3.43136e-05 3.963e-05 6.44429e-05 8.42988e-05 0.00013205 0.000147134 0.000158453 0.000195823 0.000232453 0.000273423 0.000275829 0.000309629 0.00035654 0.000392395 0.000415652 0.000438452 0.000501856 0.000551623 0.000591139 0.000623805 0.000674168 0.000722214 0.000757974 0.000787415 0.000793946 0.000792219 0.000773961 0.000769554 0.000732663 0.000673926 0.000629756 0.000607672 0.000604845 0.000603735 0.000638663 0.000717704 0.000847686 0.0010452 0.00133704 0.00168334 0.00213213 0.00271258 0.00343224 0.00429872 0.00525891 0.00630881 0.00734717 0.00829909 0.00910965 0.00965318 0.00983215 0.00962915 0.00900448 0.00801621 0.00677201 0.00539863 0.00406311 0.00289521 0.00206615 0.00168726 0.00182698 0.00255047 0.0038571 0.00566735 0.00792391 0.0105079 0.0132778 0.0161149 0.0189126 0.0215412 0.0239005 0.0259326 0.0275378 0.0286549 0.0292829 0.0293722 0.0289122 0.0279653 0.026514 0.0245982 0.0223109 0.019677 0.0167697 0.0137121 0.010549 0.00737705 0.00431828 0.00143201 -0.00120201 -0.0034828 -0.00537511 -0.0068614 -0.00791822 -0.00852117 -0.00866959 -0.00840313 -0.00776322 -0.00677475 -0.00550001 -0.0040176 -0.00239901 -0.000738756 0.00086025 0.0023286 0.0035981 0.00459044 0.00522969 0.00546872 0.00530047 0.00470159 0.00362371 0.00209673 0.000159397 -0.00218091 -0.00483972 -0.00772126 -0.0107887 -0.0139251 -0.0170318 -0.0200691 -0.0229328 -0.0255459 -0.027904 -0.0299343 -0.0316102 -0.0329502 -0.0339291 -0.0345533 -0.0348726 -0.0348974 -0.0346482 -0.0341616 -0.0334396 -0.0324511 -0.0311857 -0.0296252 -0.0277026 -0.0254333 -0.0228338 -0.0199107 -0.016753 -0.0134702 -0.010141 -0.00692683 -0.00394715 -0.00133321 0.000809864 0.00242475 0.00346432 0.00399188 0.00409361 0.00384387 0.00338655 0.00283454 0.00222505 0.0016689 0.00119647 0.000841634 0.000593549 0.000431128 0.000337986 0.000252254 0.000174454 0.000112697 4.90793e-05 -5.22291e-05 -0.000165687 -0.000300793 -0.000437931 -0.000570694 -0.000682254 -0.000780495 -0.000896964 -0.000987922 -0.00104569 -0.00107464 -0.00111487 -0.00114009 -0.00114861 -0.00114063 -0.00112842 -0.00112308 -0.00110387 -0.0011105 -0.00109349 -0.0010788 -0.00106623 -0.00106716 -0.0010839 -0.00105787 -0.00105694 -0.0010605 -0.00107785 -0.00107139 -0.00104127 -0.00105465 -0.00105703 -0.00106121 -0.00103383 
0 4.33285e-05 6.93691e-05 9.22607e-05 0.00013205 0.000176703 0.000199314 0.000215148 0.000244427 0.000292818 0.000324871 0.000339752 0.000378925 0.00043366 0.000487311 0.00051522 0.000556826 0.000629631 0.000693585 0.000745107 0.000785544 0.000841597 0.000896362 0.000932867 0.000962969 0.000972273 0.000963427 0.000955411 0.000939992 0.00090661 0.000846157 0.000794423 0.000786509 0.000779544 0.000797726 0.000845028 0.000943906 0.00111028 0.00135213 0.00170466 0.00214133 0.00270229 0.00343119 0.00434786 0.00542665 0.00665135 0.00795824 0.00925779 0.0104545 0.0114534 0.0121323 0.0123691 0.0121272 0.0113818 0.0102012 0.00869159 0.00705187 0.0054383 0.00404394 0.00306293 0.00262084 0.0028049 0.00369461 0.00526014 0.0074328 0.010139 0.0132134 0.0165222 0.0198979 0.0232021 0.0262842 0.0290358 0.0313495 0.0331674 0.0344027 0.0350565 0.0350909 0.0345109 0.0333467 0.0316333 0.0294051 0.0267505 0.023718 0.020397 0.0168901 0.0132837 0.00969166 0.00621913 0.00294819 -2.76842e-05 -0.00264049 -0.0048557 -0.00659827 -0.00784825 -0.00861675 -0.00891025 -0.00872901 -0.00812682 -0.00714778 -0.00587103 -0.00436722 -0.00272898 -0.00104064 0.000596973 0.00210355 0.00336377 0.00431371 0.00490313 0.00507041 0.0047531 0.00395249 0.00265253 0.000865891 -0.00137755 -0.00404136 -0.00706049 -0.0103525 -0.013842 -0.0174179 -0.0209826 -0.0244685 -0.0277664 -0.0308256 -0.0335954 -0.0360156 -0.0380588 -0.0397337 -0.0409978 -0.0418954 -0.0424295 -0.0426258 -0.0424979 -0.0420723 -0.0413297 -0.0402694 -0.0388371 -0.0370205 -0.0347537 -0.032023 -0.0288539 -0.0252706 -0.0213627 -0.0172733 -0.0131327 -0.00909791 -0.0053682 -0.002075 0.000640909 0.00269791 0.00404826 0.00476786 0.00493129 0.00466802 0.0041311 0.00344996 0.00272068 0.00202945 0.00145497 0.00101957 0.000713978 0.000515398 0.000399661 0.000286804 0.000195261 0.000112626 2.41399e-05 -8.69074e-05 -0.000235024 -0.000384243 -0.00055213 -0.000709964 -0.000840696 -0.000969305 -0.00110115 -0.00121232 -0.0012823 -0.00132115 -0.00136856 -0.00140554 -0.00141762 -0.0014215 -0.00141145 -0.00140833 -0.00139999 -0.00139987 -0.00139586 -0.00137122 -0.00135946 -0.00135715 -0.00135628 -0.00133354 -0.00131082 -0.00131886 -0.00132821 -0.0013161 -0.0012941 -0.00129654 -0.00131723 -0.00131853 -0.001304 
0 4.57174e-05 7.40215e-05 0.000104762 0.000147134 0.000199314 0.000232063 0.000256825 0.000298349 0.000351147 0.00039335 0.000419646 0.00046744 0.000533002 0.000592163 0.000631893 0.000680797 0.000758633 0.000832601 0.00089228 0.00094357 0.00100522 0.00106321 0.00110336 0.00113037 0.00113696 0.00112933 0.00111795 0.00110361 0.00106754 0.00100938 0.000964375 0.000955895 0.000964016 0.000993538 0.00106132 0.00118847 0.00139274 0.00169238 0.00211369 0.00264668 0.00333124 0.0042141 0.00531468 0.00661743 0.0080854 0.00965492 0.0112173 0.0126586 0.0138621 0.0146816 0.0149859 0.0147212 0.0138717 0.012512 0.0107843 0.00889435 0.0070472 0.00545623 0.00433477 0.00383354 0.00405652 0.00507417 0.0068681 0.00935599 0.0124335 0.0159297 0.0196677 0.0234631 0.027151 0.0305656 0.0335779 0.036087 0.0380136 0.039294 0.0399225 0.0398787 0.0391718 0.0378455 0.0359293 0.0334735 0.0305666 0.0272759 0.0236963 0.0199438 0.016107 0.0122932 0.00860687 0.00512769 0.00193921 -0.000880195 -0.00328602 -0.00522803 -0.00667898 -0.00762681 -0.00807712 -0.00805409 -0.00761048 -0.00679538 -0.00568389 -0.00435296 -0.00288817 -0.00137726 8.2415e-05 0.00141 0.00251055 0.003304 0.00371681 0.00369027 0.00318412 0.00218537 0.000676387 -0.00132203 -0.00377667 -0.00665178 -0.00988183 -0.0133891 -0.0171078 -0.020934 -0.0247725 -0.0285469 -0.0321534 -0.0355211 -0.038604 -0.0413416 -0.0437062 -0.045696 -0.0472833 -0.048481 -0.0493011 -0.0497507 -0.0498364 -0.0495701 -0.04893 -0.0478865 -0.0463906 -0.0444012 -0.041851 -0.0387241 -0.035038 -0.0308323 -0.0262154 -0.0213476 -0.0163928 -0.011555 -0.00705212 -0.00306792 0.000236782 0.00275621 0.00444542 0.00537143 0.00563729 0.00538791 0.00480118 0.00403179 0.00319183 0.00239303 0.00171559 0.00119464 0.000824235 0.000580101 0.000424483 0.000291646 0.000178351 7.94149e-05 -2.33858e-05 -0.000152817 -0.000311508 -0.000484529 -0.000669779 -0.000847059 -0.0010015 -0.00114969 -0.001301 -0.0014279 -0.00151249 -0.001567 -0.00162361 -0.00166994 -0.00169399 -0.00170198 -0.00169735 -0.00169171 -0.00168195 -0.00167965 -0.00166878 -0.00164641 -0.00163204 -0.00163102 -0.00163038 -0.00160758 -0.00159009 -0.00159499 -0.00160631 -0.00159568 -0.00157444 -0.00157785 -0.00159064 -0.00158979 -0.00157115 
0 4.77217e-05 7.78002e-05 0.000117319 0.000158453 0.000215148 0.000256825 0.000293007 0.000350447 0.000407306 0.000463665 0.000504911 0.000563259 0.000640027 0.000703678 0.000758362 0.000813718 0.000892566 0.000971858 0.00103537 0.00109509 0.00115866 0.00121834 0.00126395 0.00129018 0.00129693 0.00129369 0.00127798 0.00126302 0.00122109 0.00116522 0.00112904 0.00111953 0.00114956 0.00119788 0.00129692 0.00146273 0.00171356 0.00207946 0.0025734 0.00320805 0.00402124 0.00506152 0.0063455 0.00787304 0.00958116 0.0114103 0.0132332 0.0149186 0.0163301 0.0172978 0.0176872 0.0174233 0.0165003 0.0149936 0.013083 0.0109699 0.008914 0.00714562 0.0058943 0.00533659 0.00559106 0.00671205 0.00869176 0.0114339 0.0147987 0.0186174 0.0226677 0.0267574 0.0306954 0.0343117 0.0374611 0.0400604 0.0420105 0.0432793 0.0438472 0.0437128 0.0428874 0.04143 0.0393712 0.0367849 0.0337576 0.030373 0.0267216 0.0229191 0.0190498 0.0152057 0.0114869 0.00796759 0.00471678 0.00181293 -0.000686632 -0.00275672 -0.00436653 -0.00549854 -0.0061594 -0.00639022 -0.0062279 -0.00572566 -0.0049474 -0.00397492 -0.00287734 -0.00174171 -0.000652976 0.000302692 0.00105776 0.00152955 0.00164217 0.00133952 0.000599877 -0.000609191 -0.00230086 -0.00445087 -0.00702605 -0.00999611 -0.0132968 -0.0168595 -0.020628 -0.0245138 -0.0284329 -0.0323107 -0.0360645 -0.0396085 -0.0429029 -0.0458857 -0.0485258 -0.0508053 -0.0527186 -0.0542427 -0.0554021 -0.0561805 -0.0565743 -0.0565695 -0.0561412 -0.0552203 -0.0537658 -0.0516994 -0.0489549 -0.0455104 -0.0413726 -0.0365969 -0.0313127 -0.0256956 -0.0199465 -0.0143209 -0.00904898 -0.0043724 -0.000467767 0.00253434 0.00459449 0.00576236 0.00617181 0.00597624 0.00537592 0.00454883 0.00362199 0.00273443 0.00196315 0.00135917 0.000920836 0.000624799 0.000419234 0.000262706 0.00012402 8.25298e-06 -0.000106087 -0.000249346 -0.000408444 -0.000598071 -0.000790641 -0.00097971 -0.0011546 -0.00131987 -0.00148969 -0.00163369 -0.0017374 -0.00181285 -0.00187959 -0.00193292 -0.00196739 -0.00197533 -0.00197483 -0.00196557 -0.0019544 -0.00195154 -0.00193362 -0.00191858 -0.00190447 -0.00190767 -0.00191142 -0.001892 -0.00188488 -0.00188419 -0.00189497 -0.00188552 -0.00186452 -0.00186829 -0.00186822 -0.00186407 -0.00184041 
0 4.91896e-05 0.000100365 0.000135267 0.000195823 0.000244427 0.000298349 0.000350447 0.000405125 0.000476294 0.00052683 0.00058892 0.000651681 0.000729657 0.000806538 0.000868675 0.000943228 0.00102174 0.00110738 0.00117762 0.00124388 0.00130525 0.00136759 0.0014132 0.0014392 0.00145194 0.0014425 0.00144112 0.00141315 0.0013802 0.00133688 0.00130575 0.00132026 0.00135755 0.00144197 0.00157021 0.00177142 0.00207411 0.00250148 0.0030654 0.00380937 0.00475336 0.00595429 0.00744215 0.00918138 0.0111548 0.0132357 0.0153213 0.0172605 0.0188728 0.0199982 0.02049 0.0202456 0.0192807 0.0176779 0.0156055 0.0133259 0.011078 0.00915048 0.0077779 0.00715261 0.00740695 0.00860448 0.0107037 0.013623 0.0171966 0.0212135 0.0254627 0.0297198 0.0337739 0.0374597 0.0406495 0.0432201 0.0451308 0.0463362 0.046813 0.0465795 0.0456739 0.0441143 0.0419978 0.0393962 0.0363831 0.0330618 0.0295283 0.0258435 0.022114 0.0184205 0.0148256 0.0114116 0.00825562 0.00539136 0.00286542 0.000735555 -0.000980664 -0.00230679 -0.00325322 -0.00382146 -0.00405006 -0.00399795 -0.00371575 -0.00325851 -0.00270545 -0.00212861 -0.00158809 -0.00115866 -0.000928133 -0.000948959 -0.00125161 -0.00189057 -0.00292583 -0.00436884 -0.00620556 -0.00844508 -0.0110673 -0.0140182 -0.0172609 -0.0207539 -0.02441 -0.028183 -0.0320143 -0.0358224 -0.0395481 -0.0431486 -0.0465347 -0.0496758 -0.0525349 -0.0550765 -0.0572851 -0.0591697 -0.0606963 -0.061865 -0.0626508 -0.0630084 -0.0628787 -0.0622033 -0.0608824 -0.0588321 -0.0559927 -0.0523053 -0.0477891 -0.0425198 -0.0366259 -0.0303063 -0.0238226 -0.0174192 -0.0114084 -0.00603386 -0.00151276 0.00199792 0.00446139 0.00592347 0.00650339 0.00640606 0.00582661 0.00495173 0.00397662 0.00300065 0.00215435 0.00147506 0.000971841 0.000626092 0.00037988 0.000192848 4.32444e-05 -8.85401e-05 -0.000219019 -0.000355358 -0.000531765 -0.00071541 -0.000919494 -0.00111454 -0.00129653 -0.0014839 -0.00165548 -0.00181706 -0.00193843 -0.00203617 -0.00211528 -0.00218298 -0.00222569 -0.00224825 -0.00225409 -0.00224916 -0.00225214 -0.0022388 -0.00223262 -0.00220914 -0.00219818 -0.00219924 -0.00218706 -0.00218299 -0.00216074 -0.00216535 -0.00216363 -0.00215289 -0.00214861 -0.0021368 -0.00214857 -0.00213189 -0.00211893 
0 6.15589e-05 0.000115789 0.000178955 0.000232453 0.000292818 0.000351147 0.000407306 0.000476294 0.000534422 0.000602454 0.000668922 0.00073705 0.00082005 0.000893325 0.000979341 0.0010631 0.00114833 0.00124148 0.00131785 0.0013918 0.00145423 0.00150808 0.00155754 0.00157741 0.00158275 0.00158508 0.0015711 0.00156176 0.00153295 0.00151378 0.00152022 0.00153865 0.00161871 0.00172161 0.00188544 0.00212567 0.00246993 0.00296193 0.0036044 0.00445334 0.00554478 0.00692331 0.00860199 0.0105939 0.012808 0.015164 0.0175176 0.0197021 0.0215336 0.0228194 0.023416 0.0232182 0.0222366 0.0205515 0.0183879 0.0159475 0.0135563 0.0114862 0.00998173 0.00926538 0.00948786 0.0106768 0.0128351 0.0158474 0.0195096 0.0236392 0.0279576 0.032255 0.036313 0.0399708 0.0430816 0.0455834 0.0473755 0.0484722 0.0488395 0.0485207 0.0475472 0.0459959 0.0439191 0.0414173 0.0385588 0.0354453 0.0321433 0.0287405 0.0253068 0.0218953 0.0185768 0.0154123 0.0124377 0.00971275 0.00728936 0.0051386 0.00327815 0.00173559 0.000504721 -0.000471881 -0.00119972 -0.00171087 -0.00203912 -0.00225399 -0.00238626 -0.00250498 -0.00267006 -0.00294843 -0.00334806 -0.00393368 -0.00476757 -0.00587448 -0.00723655 -0.00890392 -0.0108895 -0.0131814 -0.0157658 -0.0186236 -0.0217105 -0.0249871 -0.0284155 -0.0319503 -0.0355487 -0.0391533 -0.0427385 -0.0462276 -0.0495935 -0.0527931 -0.0557923 -0.0585422 -0.0610621 -0.0632796 -0.0652138 -0.0668161 -0.0680493 -0.0688401 -0.0691258 -0.0687644 -0.0676868 -0.0657481 -0.0628801 -0.0590455 -0.0542361 -0.0485468 -0.0421337 -0.0351958 -0.0280106 -0.0209037 -0.0141483 -0.00808465 -0.00293552 0.00111787 0.00402629 0.00580636 0.00661986 0.00664803 0.00611782 0.00524708 0.00421543 0.00319446 0.00227243 0.00152722 0.000971083 0.000580632 0.000292209 9.7895e-05 -7.07091e-05 -0.000210468 -0.000343338 -0.000499788 -0.000660482 -0.000866136 -0.00106293 -0.00125866 -0.00145554 -0.001637 -0.001818 -0.00197886 -0.00211566 -0.00223609 -0.00232916 -0.00241115 -0.00247844 -0.00251164 -0.00253917 -0.00254647 -0.00255455 -0.00255486 -0.00253375 -0.00252344 -0.00250065 -0.00249004 -0.00247714 -0.00245603 -0.00244953 -0.00243154 -0.00242701 -0.00241927 -0.00241081 -0.00241586 -0.00240851 -0.00241085 -0.00240373 
0 6.21779e-05 0.00013926 0.000198147 0.000273423 0.000324871 0.00039335 0.000463665 0.00052683 0.000602454 0.000666638 0.000755752 0.000831978 0.000915179 0.00100407 0.00109974 0.00120278 0.00128724 0.00138012 0.00145925 0.00153567 0.00158806 0.00164014 0.00168123 0.00169791 0.00170787 0.00170002 0.00170717 0.00168904 0.00168322 0.00169196 0.00171544 0.00177483 0.00187023 0.00202494 0.0022333 0.00252346 0.00293365 0.00349905 0.00422351 0.00519656 0.00643507 0.00799159 0.00989527 0.012111 0.014607 0.017223 0.0198434 0.0222831 0.0243182 0.0257695 0.0264916 0.0263528 0.0253821 0.0236686 0.0214025 0.0188537 0.0163056 0.0140872 0.0124462 0.0116159 0.0117488 0.0128969 0.0150126 0.0180052 0.021662 0.0257563 0.0300436 0.0342916 0.0382639 0.0418074 0.0448032 0.0471358 0.0487865 0.0497545 0.0500182 0.0496414 0.048695 0.0471963 0.0452679 0.0429876 0.0404009 0.0376068 0.0346833 0.0316504 0.028607 0.0256009 0.0226633 0.0198444 0.0171843 0.0146674 0.0123214 0.0101726 0.00823136 0.00646026 0.00485946 0.00343525 0.0021744 0.00102646 -2.06386e-05 -0.00099541 -0.00193662 -0.00288726 -0.00385537 -0.00488845 -0.00603373 -0.00731642 -0.00872464 -0.0102916 -0.0120507 -0.0140091 -0.0161337 -0.0184525 -0.0209635 -0.0236403 -0.0264827 -0.0294917 -0.0325946 -0.035797 -0.0390726 -0.0423623 -0.0456632 -0.0489657 -0.0521918 -0.0553526 -0.0584148 -0.0613237 -0.06408 -0.0666588 -0.0689953 -0.0710633 -0.0727936 -0.0740748 -0.0748061 -0.0748607 -0.0740915 -0.0723565 -0.0695848 -0.0656888 -0.0606842 -0.0546725 -0.0478081 -0.0403129 -0.0325197 -0.0247268 -0.0172998 -0.0105603 -0.00478168 -0.000170111 0.00321702 0.0053839 0.00646288 0.00668002 0.00624916 0.00539369 0.00437044 0.00329979 0.00233797 0.00154155 0.000935589 0.000504102 0.000181336 -4.25258e-05 -0.000219183 -0.000376202 -0.000526114 -0.000670369 -0.000847039 -0.00103185 -0.00123044 -0.00142138 -0.00161433 -0.00181245 -0.00198292 -0.0021552 -0.00230269 -0.0024384 -0.00254152 -0.00263378 -0.00270944 -0.00276078 -0.00279826 -0.00281768 -0.00284365 -0.00283787 -0.00283622 -0.00282174 -0.00280764 -0.00279284 -0.00276321 -0.00276049 -0.00273799 -0.00272845 -0.00270873 -0.00269773 -0.00270443 -0.00268795 -0.00269323 -0.00268355 -0.00269259 
0 5.9768e-05 0.000131309 0.000204924 0.000275829 0.000339752 0.000419646 0.000504911 0.00058892 0.000668922 0.000755752 0.000860426 0.000951265 0.00103988 0.00112879 0.00123569 0.00133899 0.00141673 0.00150219 0.00158068 0.00165639 0.00170889 0.00175083 0.00179418 0.00180983 0.00181784 0.00182443 0.00182924 0.00183369 0.0018429 0.00188222 0.00194397 0.00202061 0.00215713 0.00234716 0.00260703 0.00295769 0.00343856 0.00409183 0.0049292 0.00603491 0.00744671 0.00920042 0.0113116 0.0137789 0.0165212 0.0194095 0.0222993 0.0249926 0.0272591 0.028899 0.0297571 0.0297091 0.0287656 0.027018 0.0246883 0.0220097 0.0193213 0.016946 0.0151397 0.0141528 0.0141509 0.0151584 0.0171581 0.0200351 0.0235629 0.0275328 0.0316742 0.0357626 0.0395718 0.0429489 0.0457661 0.0479484 0.0494458 0.0502944 0.0504865 0.0501056 0.0492213 0.0478937 0.0462023 0.044227 0.0420053 0.0396244 0.037135 0.0345814 0.0320267 0.0294935 0.0270042 0.0245834 0.0222307 0.0199498 0.0177577 0.0156179 0.0135354 0.0115251 0.00958863 0.00768991 0.00583402 0.00400921 0.0022085 0.000402334 -0.00139928 -0.00321592 -0.00505848 -0.00694594 -0.00885901 -0.0108247 -0.0128634 -0.0149752 -0.0171329 -0.0193589 -0.0216468 -0.0240015 -0.0264284 -0.0289271 -0.0315015 -0.0341632 -0.0368952 -0.0397044 -0.042583 -0.0454966 -0.0484623 -0.0514577 -0.0544675 -0.0575045 -0.0605516 -0.0635596 -0.0665407 -0.0694166 -0.0721459 -0.074663 -0.0768804 -0.0786689 -0.0799095 -0.0804183 -0.0800478 -0.0786092 -0.0760046 -0.0721558 -0.0670495 -0.060801 -0.0535814 -0.0456199 -0.0372652 -0.0288764 -0.0208007 -0.0134291 -0.0070475 -0.00187571 0.00200163 0.00457356 0.00598322 0.00643582 0.00615967 0.00539837 0.00439725 0.00333193 0.00233031 0.00148545 0.000830595 0.00034787 -1.29008e-05 -0.000250944 -0.000437758 -0.000595731 -0.000740045 -0.00088647 -0.00104141 -0.00122554 -0.00140568 -0.00158796 -0.00178733 -0.00197872 -0.00215658 -0.00232738 -0.00248963 -0.00264213 -0.0027555 -0.00285882 -0.00294825 -0.00300927 -0.00305895 -0.00308642 -0.00311155 -0.00311138 -0.00310374 -0.00310473 -0.00309441 -0.00307875 -0.00305799 -0.00305548 -0.00305424 -0.00303828 -0.00302148 -0.00301535 -0.00301647 -0.00300287 -0.002983 -0.00297595 -0.00297979 
0 6.65399e-05 0.000148785 0.000230741 0.000309629 0.000378925 0.00046744 0.000563259 0.000651681 0.00073705 0.000831978 0.000951265 0.00105465 0.00114734 0.00124464 0.00135987 0.00146704 0.00154133 0.00161902 0.00169732 0.00177216 0.00181891 0.0018561 0.0018963 0.00191731 0.00193423 0.00195025 0.00197066 0.001988 0.00202078 0.00209036 0.00218196 0.00229353 0.00246463 0.00270665 0.00302774 0.00344901 0.00401423 0.00476524 0.00572234 0.0069766 0.00856794 0.0105272 0.0128698 0.0155845 0.0185961 0.0217579 0.0249199 0.0278725 0.0303695 0.0322034 0.033214 0.0332686 0.03237 0.0306133 0.0282091 0.0254109 0.0225599 0.0199992 0.0179987 0.0168147 0.0166112 0.0174196 0.019206 0.0218599 0.0251624 0.0288965 0.0328089 0.0366751 0.0402677 0.0434374 0.0460688 0.0480822 0.0494583 0.0502381 0.050429 0.0501177 0.0493827 0.0482704 0.0468713 0.0452583 0.0434634 0.0415583 0.0395865 0.0375607 0.0355275 0.0334941 0.0314613 0.0294331 0.0274 0.0253362 0.0232459 0.0211116 0.0189301 0.0166836 0.014374 0.0119933 0.00955107 0.00703914 0.00447193 0.0018476 -0.000813975 -0.00351088 -0.00621934 -0.00893631 -0.0116426 -0.0143335 -0.0169859 -0.0195984 -0.0221615 -0.0246822 -0.0271406 -0.0295496 -0.0319167 -0.0342495 -0.0365695 -0.0389042 -0.0412464 -0.0436318 -0.046073 -0.048561 -0.0511337 -0.0537998 -0.0565471 -0.0594097 -0.0623799 -0.0654192 -0.0685366 -0.0716654 -0.0747353 -0.0776724 -0.080364 -0.0826545 -0.0843993 -0.0854001 -0.0854674 -0.0843963 -0.08206 -0.0783497 -0.073248 -0.0668634 -0.0593741 -0.0510316 -0.0422109 -0.0332895 -0.0246519 -0.0167005 -0.00974986 -0.00403219 0.000347595 0.00336349 0.00514127 0.00588333 0.00581268 0.00518088 0.00425486 0.00321431 0.00220735 0.00133458 0.000640938 0.000117166 -0.000273686 -0.000529847 -0.000718489 -0.000874859 -0.00101221 -0.00114214 -0.00128231 -0.00144176 -0.00160234 -0.0017701 -0.00196199 -0.00215264 -0.00232528 -0.00249814 -0.0026698 -0.00283274 -0.00295693 -0.00306821 -0.00316794 -0.00324353 -0.00330628 -0.00334946 -0.00338396 -0.00338992 -0.00339328 -0.00340436 -0.0034043 -0.00338765 -0.00336442 -0.0033654 -0.00336239 -0.0033425 -0.00331786 -0.00331123 -0.00331486 -0.00329543 -0.00327173 -0.00326391 -0.00327441 
0 7.77078e-05 0.000175167 0.000264376 0.00035654 0.00043366 0.000533002 0.000640027 0.000729657 0.00082005 0.000915179 0.00103988 0.00114734 0.00123868 0.00134222 0.00145993 0.00157103 0.00164712 0.00172303 0.00180735 0.00188543 0.00192976 0.00196502 0.00199996 0.00202648 0.00205239 0.00207419 0.00211299 0.00214464 0.00221013 0.00231876 0.0024492 0.00261199 0.00282416 0.00312593 0.00351103 0.00400581 0.0046594 0.00551373 0.00660333 0.00802118 0.00980795 0.0119885 0.0145821 0.0175556 0.0208525 0.0243013 0.0277481 0.0309702 0.0337034 0.0357328 0.0368898 0.037038 0.0361733 0.0344027 0.0319152 0.0289987 0.0259769 0.0232095 0.0209763 0.0195332 0.0190418 0.019557 0.0210319 0.0233688 0.0263678 0.029795 0.0334218 0.0370169 0.0403619 0.0433103 0.0457699 0.0476494 0.0489648 0.0497421 0.0500076 0.0498369 0.04932 0.0484844 0.047432 0.0462213 0.0448861 0.0434791 0.0420416 0.040555 0.0390438 0.0374956 0.0358856 0.0342009 0.0324371 0.0305579 0.0285485 0.0263989 0.0240956 0.0216091 0.01894 0.0160988 0.0130917 0.00992671 0.00663496 0.00324449 -0.000221006 -0.00373873 -0.0072652 -0.0107651 -0.0142144 -0.0175818 -0.0208221 -0.0239221 -0.0268789 -0.0296823 -0.0323179 -0.0348109 -0.0371653 -0.0393841 -0.0414969 -0.0435403 -0.0455187 -0.0474983 -0.0495134 -0.0515849 -0.0537623 -0.0560878 -0.0585493 -0.061203 -0.0640478 -0.0670649 -0.0702492 -0.0735637 -0.0769066 -0.0802089 -0.083333 -0.0861042 -0.0883417 -0.0898406 -0.090359 -0.0896885 -0.0876721 -0.0841733 -0.0791736 -0.0727643 -0.0651204 -0.0565095 -0.0473237 -0.0379476 -0.0288175 -0.0203334 -0.0128481 -0.00660364 -0.00172765 0.0017458 0.00391616 0.00498486 0.0051632 0.00470521 0.00389755 0.00291401 0.00193262 0.00105404 0.000338662 -0.000211852 -0.000616767 -0.000882163 -0.00106144 -0.00120791 -0.00133398 -0.00144279 -0.00157111 -0.00170034 -0.00184026 -0.00198795 -0.0021596 -0.00233816 -0.00249113 -0.00265559 -0.00282767 -0.00299671 -0.00313633 -0.00326263 -0.00337895 -0.00347843 -0.00356034 -0.00362582 -0.00367394 -0.00368633 -0.00370284 -0.00371645 -0.00372145 -0.00369869 -0.00366702 -0.00366893 -0.00365715 -0.00363574 -0.00360374 -0.00359792 -0.00360846 -0.00358508 -0.00356621 -0.00355677 -0.0035746 
0 9.42578e-05 0.00019369 0.000303877 0.000392395 0.000487311 0.000592163 0.000703678 0.000806538 0.000893325 0.00100407 0.00112879 0.00124464 0.00134222 0.0014471 0.00156925 0.00167938 0.00175684 0.00182924 0.00191543 0.00198558 0.00203356 0.00205537 0.00209208 0.00212561 0.00215456 0.00220259 0.00224124 0.00231121 0.00240508 0.00255462 0.00274301 0.00294902 0.00323108 0.00359508 0.0040616 0.00464945 0.0054063 0.00637586 0.00762436 0.00921057 0.0112112 0.0136346 0.0164794 0.0197513 0.0233288 0.0270883 0.0308264 0.034309 0.037272 0.0394846 0.0407569 0.0409846 0.0401381 0.0383239 0.0357601 0.0326924 0.0294874 0.026478 0.0239608 0.0221876 0.0213427 0.0214606 0.0225484 0.0244924 0.0271101 0.0301932 0.0335038 0.0368095 0.0399188 0.0426824 0.0449932 0.0468188 0.0481346 0.0489812 0.0493955 0.049445 0.0491832 0.048696 0.0480264 0.0472414 0.0463768 0.0454705 0.0445154 0.0435268 0.0424772 0.0413412 0.0400896 0.0387043 0.0371383 0.0353876 0.0334325 0.03123 0.0287537 0.0260259 0.0230356 0.0197656 0.0162402 0.0125102 0.00859114 0.00451057 0.000332085 -0.00388713 -0.00812427 -0.0123251 -0.0164155 -0.0203545 -0.0241322 -0.0277005 -0.0310221 -0.0340981 -0.0369417 -0.039539 -0.0419093 -0.044068 -0.0460389 -0.0478463 -0.0495537 -0.0511986 -0.0528451 -0.0545489 -0.0563772 -0.0583547 -0.0605466 -0.0629739 -0.0656594 -0.0686048 -0.071816 -0.0752288 -0.0787956 -0.0824006 -0.0858986 -0.0891063 -0.0918108 -0.0937659 -0.094735 -0.0944774 -0.0928006 -0.0895872 -0.0847698 -0.0784372 -0.0707556 -0.0619978 -0.0525384 -0.0428247 -0.0332631 -0.0243174 -0.0163431 -0.00959314 -0.00423387 -0.000301878 0.00229191 0.00371088 0.00417478 0.00395097 0.00328362 0.00242029 0.0014916 0.000642432 -6.46965e-05 -0.000627872 -0.00103337 -0.00129771 -0.00147288 -0.00160473 -0.00171129 -0.0018132 -0.00190398 -0.00201786 -0.00212074 -0.00224566 -0.00240262 -0.00254851 -0.00269605 -0.00283588 -0.00300611 -0.00317467 -0.0033212 -0.00345913 -0.00358482 -0.00369842 -0.00379682 -0.00388143 -0.00393747 -0.00397017 -0.00399065 -0.00402259 -0.00403015 -0.00400669 -0.00398476 -0.00397356 -0.00397429 -0.00393749 -0.00390656 -0.00390198 -0.00390288 -0.00389507 -0.00386039 -0.00386323 -0.00387586 
0 9.70184e-05 0.000207314 0.000311264 0.000415652 0.00051522 0.000631893 0.000758362 0.000868675 0.000979341 0.00109974 0.00123569 0.00135987 0.00145993 0.00156925 0.0016878 0.00179153 0.00186791 0.00192904 0.0020055 0.00207152 0.00210481 0.00213443 0.00216275 0.00221092 0.00226524 0.00232131 0.00240327 0.00249191 0.00263641 0.00283083 0.00305826 0.00333499 0.00366785 0.00411324 0.00467083 0.00536641 0.0062481 0.00736614 0.00878268 0.0105811 0.0128098 0.0154871 0.0186287 0.0221793 0.0260745 0.0301345 0.0341576 0.0378955 0.0410674 0.0434321 0.0448145 0.0450868 0.0442367 0.042382 0.0396847 0.036461 0.0330176 0.0297065 0.0268437 0.0246821 0.02339 0.0230762 0.023704 0.0251985 0.0274102 0.0301046 0.0330848 0.0361231 0.0390249 0.041645 0.0439069 0.0457253 0.0471288 0.04812 0.0487479 0.0490571 0.0491329 0.0489996 0.0487396 0.0483901 0.0479776 0.0475037 0.0469901 0.0463909 0.0456911 0.0448723 0.0438921 0.0427101 0.0413082 0.0396279 0.03763 0.0353278 0.0327066 0.029729 0.0264012 0.0227728 0.0188464 0.0146305 0.0101807 0.00557275 0.000831038 -0.00398433 -0.00878435 -0.0135005 -0.0181143 -0.0225628 -0.0267706 -0.0307109 -0.034388 -0.0377573 -0.0407946 -0.0435219 -0.0459439 -0.0480784 -0.0499731 -0.0516661 -0.0531847 -0.0546113 -0.0559989 -0.0574173 -0.0589382 -0.0606479 -0.062572 -0.0647842 -0.0673066 -0.0701621 -0.0733345 -0.0768271 -0.0805315 -0.0843685 -0.0881756 -0.0917483 -0.0948478 -0.0972407 -0.0986215 -0.0987679 -0.0974671 -0.0945501 -0.0899836 -0.0838067 -0.0761758 -0.0673743 -0.0577768 -0.0478 -0.0379373 -0.0285992 -0.020196 -0.0129972 -0.00717259 -0.0027814 0.000234999 0.00204137 0.0028337 0.00286771 0.0024192 0.00168563 0.000866168 7.15083e-05 -0.000615701 -0.00116521 -0.00156387 -0.00182403 -0.00197814 -0.0020879 -0.00217139 -0.00223148 -0.0023042 -0.00236285 -0.00244136 -0.00254183 -0.00266683 -0.0028098 -0.00292868 -0.00306483 -0.00322051 -0.00337875 -0.0035317 -0.00366436 -0.00379184 -0.00391124 -0.00401485 -0.00411225 -0.00417977 -0.00422086 -0.00426453 -0.00430024 -0.00432332 -0.00431016 -0.00429266 -0.00430087 -0.00429339 -0.00427187 -0.00423605 -0.00422732 -0.00423372 -0.00420897 -0.00418652 -0.00417031 -0.00417959 
0 0.000107231 0.000214918 0.000334974 0.000438452 0.000556826 0.000680797 0.000813718 0.000943228 0.0010631 0.00120278 0.00133899 0.00146704 0.00157103 0.00167938 0.00179153 0.00188721 0.00195558 0.00200915 0.00208079 0.00213369 0.00218129 0.00220567 0.00224875 0.00231433 0.00238322 0.00248293 0.00257705 0.0027223 0.00290684 0.00314592 0.00343506 0.00376056 0.00417242 0.0046912 0.00534566 0.0061613 0.00718294 0.00845814 0.0100914 0.0121144 0.014613 0.0175859 0.0210207 0.0249011 0.0290879 0.033455 0.0377508 0.0417165 0.0450748 0.0475827 0.0490307 0.0493363 0.0484598 0.0465068 0.0436717 0.0402182 0.0364928 0.0328225 0.0295468 0.0269191 0.0251524 0.0243263 0.0244774 0.0255093 0.0272855 0.0296056 0.0322709 0.0350479 0.0377892 0.0403423 0.0425971 0.0445258 0.0460906 0.047291 0.0481861 0.0488158 0.0492158 0.0494837 0.0496244 0.0496707 0.0496424 0.0495387 0.0493242 0.0490198 0.0485736 0.0479615 0.0471353 0.0460696 0.0446955 0.043009 0.0409704 0.0385465 0.0357071 0.032509 0.028937 0.024995 0.0207117 0.0161603 0.0113497 0.00633589 0.00118792 -0.00399438 -0.00918756 -0.0143159 -0.0192974 -0.0240691 -0.0286343 -0.0329136 -0.0368638 -0.040456 -0.043703 -0.0465727 -0.0490957 -0.0512859 -0.0531846 -0.0548193 -0.0562827 -0.0575982 -0.0588432 -0.0600969 -0.0614318 -0.0629056 -0.0646409 -0.0666661 -0.0690412 -0.0718086 -0.0749531 -0.0784433 -0.0822437 -0.0862259 -0.0902434 -0.0941102 -0.0975539 -0.10031 -0.102084 -0.102612 -0.101648 -0.0990607 -0.0947559 -0.0887875 -0.0812933 -0.072552 -0.0629036 -0.0528139 -0.0427249 -0.033108 -0.0243595 -0.0167618 -0.0105241 -0.00569682 -0.00224554 -4.49033e-05 0.00110373 0.00145656 0.00122897 0.000695038 -8.1034e-06 -0.000720689 -0.00135801 -0.00188718 -0.00225311 -0.00248773 -0.00261075 -0.00267501 -0.00271085 -0.00273914 -0.00274991 -0.00277722 -0.00280522 -0.00287442 -0.00297742 -0.00308045 -0.00319828 -0.00330433 -0.00345021 -0.0035971 -0.00374364 -0.00388026 -0.00400243 -0.00412796 -0.00423888 -0.00434489 -0.00441818 -0.00447849 -0.00452862 -0.0045822 -0.00461184 -0.00461004 -0.00461304 -0.00461588 -0.00462659 -0.00459963 -0.00457225 -0.00456219 -0.00455248 -0.00454021 -0.00450183 -0.00449301 -0.00448848 
0 0.00012461 0.000250884 0.000380556 0.000501856 0.000629631 0.000758633 0.000892566 0.00102174 0.00114833 0.00128724 0.00141673 0.00154133 0.00164712 0.00175684 0.00186791 0.00195558 0.0020305 0.00208539 0.00215369 0.00221288 0.0022609 0.00230525 0.00235229 0.00243668 0.00253522 0.0026548 0.00279315 0.00297116 0.00320907 0.00349657 0.00383709 0.00424009 0.00473109 0.0053473 0.0061186 0.00707343 0.0082533 0.00972115 0.0115713 0.0138599 0.0166414 0.019924 0.023699 0.0279014 0.0324143 0.0370775 0.0416264 0.0457916 0.0492949 0.0518835 0.0533714 0.0536542 0.0527113 0.0506401 0.0475956 0.0438772 0.039802 0.0357074 0.0319652 0.0288446 0.0265519 0.025225 0.0248757 0.0254343 0.0267893 0.0287454 0.0311263 0.03372 0.0363693 0.0389203 0.0412651 0.0433413 0.0451258 0.0465998 0.0478161 0.0487917 0.0495672 0.0501885 0.0506725 0.0510388 0.0513026 0.0514462 0.0514628 0.0513314 0.0510085 0.0504768 0.0496918 0.0486165 0.04721 0.0454354 0.0432583 0.0406877 0.0377065 0.0343129 0.030507 0.0263459 0.0218509 0.0170494 0.0120014 0.00679546 0.00144875 -0.00396675 -0.00937233 -0.0147 -0.0199121 -0.0249321 -0.0297034 -0.0341713 -0.0383266 -0.042124 -0.0455424 -0.0485741 -0.0512311 -0.0535293 -0.0555165 -0.0572211 -0.0587027 -0.0600183 -0.0612327 -0.0624287 -0.0636799 -0.0650707 -0.0666918 -0.0686045 -0.0708738 -0.0735586 -0.0766461 -0.0801431 -0.0839865 -0.0880675 -0.0922405 -0.0963093 -0.100004 -0.103062 -0.105159 -0.106027 -0.105404 -0.103119 -0.0991038 -0.0933721 -0.0860637 -0.0774598 -0.0678821 -0.0577699 -0.0476004 -0.0377981 -0.0287848 -0.020864 -0.0142417 -0.0090051 -0.00514124 -0.00254338 -0.00102989 -0.000359745 -0.000309308 -0.000635262 -0.00115943 -0.00174965 -0.00230756 -0.00277055 -0.00309324 -0.00328834 -0.00336851 -0.00338321 -0.00336861 -0.0033393 -0.00330204 -0.00326402 -0.00324772 -0.00327422 -0.00332817 -0.00340607 -0.00348762 -0.00357702 -0.00369518 -0.00382156 -0.00396373 -0.00408839 -0.00421252 -0.00434242 -0.00446588 -0.00458547 -0.0046719 -0.00474892 -0.00481593 -0.00487516 -0.00491492 -0.00492455 -0.00493222 -0.00493902 -0.00493986 -0.00492092 -0.00489312 -0.00487728 -0.00486614 -0.00484743 -0.00482421 -0.00481156 -0.00480913 
