0 0 0 0 0 0 0 0 0 0 0 0 0 0 0 0 0 0 0 0 0 0 0 0 0 0 0 0 0 0 0 0 0 0 0 0 0 0 0 0 0 0 0 0 0 0 0 0 0 0 0 0 0 0 0 0 0 0 0 0 0 0 0 0 0 0 0 0 0 0 0 0 0 0 0 0 0 0 0 0 0 0 0 0 0 0 0 0 0 0 0 0 0 0 0 0 0 0 0 0 0 0 0 0 0 0 0 0 0 0 0 0 0 0 0 0 0 0 0 0 0 0 0 0 0 0 0 0 0 0 0 0 0 0 0 0 0 0 0 0 0 0 0 0 0 0 0 0 0 0 0 0 0 0 0 0 0 0 0 0 0 0 0 0 0 0 0 0 0 0 0 0 0 0 0 0 0 0 0 0 0 0 0 0 0 0 0 0 0 0 0 0 0 0 0 0 0 0 0 0 
0 -7.0066e-06 -6.69189e-06 -1.71998e-05 -1.47482e-05 -2.49864e-05 -2.89523e-05 -3.19992e-05 -4.0773e-05 -3.11599e-05 -2.53924e-05 -3.57694e-06 2.0693e-05 5.28267e-05 0.000108297 0.000163557 0.000228129 0.000292447 0.000371489 0.000475442 0.000586107 0.000711609 0.00085782 0.00103454 0.00124597 0.00147886 0.00173073 0.00198948 0.00222117 0.00240602 0.00252137 0.00254074 0.00244261 0.00220577 0.0018469 0.00138819 0.000849349 0.000276795 -0.000285227 -0.000800481 -0.00124254 -0.00158175 -0.00180161 -0.00189299 -0.00187017 -0.00174261 -0.00151314 -0.00123123 -0.000903451 -0.000545809 -0.000183239 0.000179738 0.000538589 0.000888938 0.00123895 0.00157655 0.00190803 0.00225019 0.00257155 0.00289881 0.00323192 0.00355829 0.00388216 0.00421465 0.00452984 0.00483201 0.00511505 0.00536601 0.00557238 0.00572463 0.00581509 0.0058171 0.00573479 0.00555754 0.00528114 0.00490377 0.00444115 0.0038717 0.00322366 0.00249681 0.00170377 0.00085877 -8.91641e-06 -0.000904679 -0.00179032 -0.00264616 -0.00344425 -0.00416888 -0.00478644 -0.00528741 -0.00565923 -0.00588933 -0.00594957 -0.0058589 -0.00562764 -0.00524119 -0.00470302 -0.00404662 -0.0032793 -0.0024195 -0.00148888 -0.000511725 0.000475783 0.00144705 0.0023976 0.00328348 0.0040714 0.00476086 0.00534343 0.00578588 0.00608299 0.00622898 0.00622918 0.00607516 0.00577739 0.00534228 0.00478521 0.00411115 0.00336151 0.00254176 0.00167673 0.000783485 -0.00011151 -0.00100317 -0.00185518 -0.00267018 -0.00342321 -0.00411206 -0.00472262 -0.00525198 -0.00568465 -0.00602882 -0.00627702 -0.00643962 -0.0065194 -0.00652815 -0.00647867 -0.00636709 -0.00622097 -0.00604684 -0.00584432 -0.00563499 -0.00543728 -0.00522722 -0.00504395 -0.00488484 -0.00474682 -0.00464796 -0.00459207 -0.00457556 -0.0046008 -0.00465536 -0.00473284 -0.00481698 -0.0048684 -0.0048856 -0.0048334 -0.00468474 -0.00443151 -0.00407293 -0.00360769 -0.00304959 -0.00243063 -0.001781 -0.0011394 -0.000535669 -1.85055e-05 0.000379273 0.0006546 0.00079703 0.000816034 0.000739824 0.000596663 0.000418578 0.000221677 2.59955e-05 -0.000133657 -0.000257482 -0.000344395 -0.000393832 -0.000421342 -0.00041924 -0.000411626 -0.000393521 -0.00035742 -0.00032915 -0.000299323 -0.000291224 -0.000283173 -0.000271224 -0.00027867 -0.00028906 -0.00032154 -0.000343801 -0.000364443 -0.000395798 -0.000423017 -0.000461492 -0.000477349 -0.000488921 
0 -6.69189e-06 -1.92405e-05 -1.71042e-05 -3.14339e-05 -3.9307e-05 -4.91032e-05 -6.61712e-05 -6.58611e-05 -6.9627e-05 -4.36139e-05 -1.05213e-05 3.24213e-05 0.000109235 0.000201702 0.000330559 0.00045234 0.000586682 0.000754425 0.000953831 0.00118689 0.00143551 0.00173241 0.00209065 0.00251562 0.00297834 0.00348682 0.00398845 0.00444458 0.00480709 0.00501064 0.00505888 0.00484021 0.0043779 0.00367105 0.00275247 0.0017026 0.000558227 -0.000554867 -0.00158004 -0.00246246 -0.00314568 -0.00357132 -0.00376597 -0.00370924 -0.00344474 -0.0029987 -0.00241148 -0.00176198 -0.00103552 -0.000295876 0.000443418 0.00116304 0.00188554 0.00257004 0.00324015 0.00390287 0.00455922 0.00520483 0.00585359 0.00650805 0.00714707 0.00779254 0.00841078 0.00902907 0.00960152 0.0101297 0.0105962 0.0109787 0.0112242 0.0113714 0.011356 0.0111636 0.0108126 0.0102707 0.00951618 0.00859082 0.00748974 0.00620652 0.00479224 0.00325318 0.00161141 -0.000103104 -0.00182086 -0.00352829 -0.00517499 -0.00671821 -0.00809828 -0.00931406 -0.0102824 -0.0109859 -0.011412 -0.0115637 -0.0113946 -0.010929 -0.010157 -0.00913676 -0.00786622 -0.00636828 -0.00468516 -0.00290471 -0.00101668 0.000906205 0.00280696 0.00462238 0.00633326 0.00787984 0.00924523 0.0103473 0.0111948 0.0117782 0.0120792 0.0120583 0.0117668 0.0111865 0.010344 0.00926331 0.00799773 0.00654302 0.00495392 0.00327832 0.00156033 -0.000193505 -0.00190811 -0.00356632 -0.00516624 -0.0066441 -0.00797499 -0.00917785 -0.0102086 -0.0110471 -0.0117449 -0.0122531 -0.0125906 -0.0127775 -0.0128307 -0.0127392 -0.0125655 -0.0122989 -0.0119788 -0.011602 -0.0112124 -0.0108128 -0.0104237 -0.0100659 -0.00975859 -0.0095168 -0.00933149 -0.00923632 -0.00921849 -0.00927195 -0.00937044 -0.00953928 -0.00968135 -0.00979223 -0.00982047 -0.00970313 -0.00941143 -0.00889867 -0.00817892 -0.00725485 -0.00614596 -0.00490608 -0.00363199 -0.00233624 -0.00114388 -0.000106895 0.000706582 0.0012518 0.00156386 0.00160592 0.00146607 0.00118999 0.00083509 0.000441603 5.52949e-05 -0.000271682 -0.000519488 -0.000689824 -0.000801617 -0.000839753 -0.000851361 -0.000828029 -0.000790488 -0.000734289 -0.000661063 -0.000624777 -0.000594966 -0.0005839 -0.000568417 -0.000567206 -0.000607709 -0.000653394 -0.000707455 -0.000747908 -0.000797881 -0.000864768 -0.000916759 -0.000957295 -0.000970928 
0 -1.71998e-05 -1.71042e-05 -4.00303e-05 -3.99015e-05 -6.46811e-05 -7.55703e-05 -8.25595e-05 -9.72837e-05 -7.27666e-05 -5.13016e-05 5.29802e-06 7.1423e-05 0.000164577 0.000317371 0.000483872 0.000676618 0.000878867 0.00112714 0.0014426 0.00178823 0.00217749 0.00263059 0.00317245 0.00380939 0.00450692 0.00525006 0.00599898 0.00666453 0.00718632 0.00749895 0.00753363 0.00722315 0.00651915 0.00546037 0.00410773 0.00252878 0.000845872 -0.000808426 -0.00232923 -0.0036348 -0.00463875 -0.00528837 -0.00555973 -0.00548313 -0.00508683 -0.00439155 -0.00351855 -0.00250717 -0.00140328 -0.000279268 0.000841292 0.00194045 0.00300655 0.00405112 0.00505131 0.00602587 0.00701125 0.00794675 0.00888894 0.00984017 0.0107686 0.0116804 0.01259 0.0134407 0.0142297 0.0149418 0.0155481 0.016018 0.01633 0.016472 0.0163829 0.0160673 0.015505 0.0146781 0.0135796 0.0122426 0.0106241 0.00878321 0.00673363 0.00451047 0.00215732 -0.000252168 -0.00271078 -0.00513159 -0.00746054 -0.0096289 -0.0115926 -0.0132761 -0.0146429 -0.0156582 -0.0162864 -0.0164609 -0.0162124 -0.0155647 -0.0144884 -0.0130016 -0.0111832 -0.00906073 -0.00668801 -0.00412906 -0.00144396 0.00127495 0.0039561 0.00657338 0.00901993 0.0112081 0.013124 0.014731 0.0159511 0.0167686 0.0171691 0.0171612 0.0167381 0.0159254 0.0147442 0.0132341 0.0114166 0.00938011 0.00714714 0.00477855 0.00232232 -0.000157908 -0.00263141 -0.00501156 -0.00729169 -0.00940712 -0.0113429 -0.0130711 -0.0145785 -0.0158329 -0.0168571 -0.0176337 -0.0181838 -0.0185167 -0.0186559 -0.018624 -0.0184193 -0.0180995 -0.017684 -0.0171783 -0.0166407 -0.0161165 -0.0155685 -0.0150866 -0.0146753 -0.0143316 -0.0140954 -0.0139771 -0.0139666 -0.0140622 -0.0142315 -0.0144565 -0.0146828 -0.014818 -0.0148413 -0.0146609 -0.0142035 -0.0134415 -0.0123694 -0.0109872 -0.00933284 -0.00749392 -0.00556387 -0.00364643 -0.00184287 -0.000285891 0.000928885 0.00177912 0.00224142 0.00233785 0.00214697 0.00175083 0.00123765 0.000659651 8.18937e-05 -0.000404606 -0.000785868 -0.00105669 -0.00121744 -0.00130094 -0.00130356 -0.00127933 -0.00122443 -0.00112578 -0.00104158 -0.0009633 -0.000936028 -0.000913394 -0.000884595 -0.000902202 -0.000937684 -0.0010239 -0.00108942 -0.00114835 -0.0012285 -0.00130131 -0.00139026 -0.00142379 -0.00144556 
0 -1.47482e-05 -3.14339e-05 -3.99015e-05 -6.2135e-05 -8.00279e-05 -9.48513e-05 -0.000110424 -0.000103695 -8.84407e-05 -3.71764e-05 3.25926e-05 0.000121761 0.000262984 0.000447134 0.000685152 0.000931168 0.00120325 0.00153686 0.0019374 0.00239965 0.00291022 0.00351374 0.00423801 0.00508707 0.00601596 0.0070144 0.00799787 0.00888186 0.00957336 0.00996515 0.0100189 0.00958248 0.00865836 0.00726193 0.00546305 0.00339423 0.00116483 -0.00101865 -0.00302777 -0.00475015 -0.00607693 -0.00691287 -0.00727246 -0.00714564 -0.00659479 -0.00567573 -0.004481 -0.00312969 -0.0016424 -0.000119624 0.00139872 0.00287711 0.00433091 0.0057138 0.00704508 0.00834092 0.00960956 0.0108396 0.0120571 0.0132648 0.0144318 0.0155762 0.0166594 0.0176932 0.0186207 0.0194346 0.0201077 0.0206059 0.0208689 0.020934 0.0207233 0.0202194 0.0194369 0.0183355 0.0168887 0.0151452 0.0130988 0.0107572 0.00818737 0.00541668 0.00249096 -0.000529544 -0.00354937 -0.00652404 -0.00937735 -0.0120381 -0.0144226 -0.0165048 -0.0181754 -0.0193963 -0.0201378 -0.0203826 -0.0200798 -0.0192554 -0.017899 -0.0160861 -0.0138409 -0.0112069 -0.00825828 -0.00511951 -0.00180884 0.00156114 0.00489459 0.00809892 0.0111153 0.013844 0.0162426 0.0182001 0.0197005 0.0207245 0.0212455 0.0212239 0.0207198 0.0197257 0.0182822 0.016433 0.014247 0.0117423 0.00899462 0.00607779 0.00306031 -2.28653e-05 -0.0030694 -0.00603283 -0.00889246 -0.011557 -0.0139876 -0.0161939 -0.0181217 -0.0197447 -0.02112 -0.0221926 -0.0229832 -0.023516 -0.0238106 -0.0238594 -0.0237315 -0.0234295 -0.0230038 -0.0224624 -0.0218721 -0.0212563 -0.0206431 -0.0200815 -0.0196053 -0.019235 -0.0189738 -0.0188633 -0.018886 -0.0190288 -0.0192538 -0.0195681 -0.0198411 -0.0200277 -0.0200434 -0.0197788 -0.0191637 -0.0181293 -0.0166845 -0.0148364 -0.0126304 -0.0101722 -0.00761893 -0.00504921 -0.00266092 -0.000582818 0.00105856 0.00219106 0.00284034 0.00298372 0.00275284 0.00224705 0.00157354 0.000815726 6.36587e-05 -0.000584495 -0.00108771 -0.00144285 -0.00166946 -0.00176541 -0.00178937 -0.00175273 -0.00168208 -0.00157512 -0.00145232 -0.00137681 -0.00132554 -0.00129763 -0.00126681 -0.00126613 -0.00132517 -0.00140667 -0.00149467 -0.00156666 -0.00165134 -0.00175528 -0.00184131 -0.00189434 -0.00191152 
0 -2.49864e-05 -3.9307e-05 -6.46811e-05 -8.00279e-05 -0.000105936 -0.000119216 -0.000120715 -0.000110854 -6.61058e-05 -1.81273e-06 9.66344e-05 0.00021875 0.000388215 0.000624405 0.000901829 0.0012091 0.00154581 0.00195303 0.00244959 0.00301545 0.00365649 0.00441069 0.00531319 0.00636664 0.00752985 0.00876401 0.00999097 0.0110882 0.0119432 0.0124422 0.0124832 0.0119487 0.0107906 0.00905073 0.00682468 0.00424963 0.00150413 -0.00119348 -0.00366932 -0.00578028 -0.00739269 -0.0084161 -0.00882547 -0.0086481 -0.00793736 -0.00676127 -0.00525972 -0.00353627 -0.00166394 0.000255116 0.0021659 0.00403397 0.00584544 0.00758883 0.00925135 0.010852 0.0124098 0.0138916 0.015333 0.0167395 0.0180811 0.0193607 0.0205721 0.0216781 0.0226511 0.0234729 0.0241135 0.024534 0.0247042 0.0246173 0.0242157 0.0234912 0.0224388 0.0210353 0.0192756 0.0171922 0.0147697 0.0120499 0.0090757 0.00589104 0.00255557 -0.000851525 -0.00427419 -0.00762869 -0.0108357 -0.0138112 -0.0164843 -0.0187829 -0.0206366 -0.0219987 -0.0228243 -0.0230567 -0.0226964 -0.0217645 -0.0202458 -0.0181794 -0.0156371 -0.0126691 -0.00935348 -0.00578829 -0.00204852 0.00174962 0.00550496 0.00914507 0.0125561 0.0156306 0.0183229 0.0205613 0.0222749 0.0234374 0.024028 0.0240404 0.0234914 0.0224022 0.0208061 0.0187517 0.0162897 0.0134933 0.0104194 0.00714242 0.00373198 0.000255987 -0.00321444 -0.00659923 -0.00986528 -0.0129389 -0.0157839 -0.0183786 -0.0206877 -0.0226808 -0.0243772 -0.0257536 -0.0268204 -0.0275947 -0.0280954 -0.028336 -0.0283411 -0.0281547 -0.0278092 -0.0273246 -0.0267685 -0.0261842 -0.0255769 -0.0250233 -0.0245538 -0.0241816 -0.0239444 -0.0238668 -0.0239419 -0.0241567 -0.024474 -0.0248603 -0.0252155 -0.0254338 -0.0254345 -0.025091 -0.024297 -0.0229967 -0.0211786 -0.0188567 -0.0160955 -0.0130285 -0.00981879 -0.00662208 -0.00362993 -0.00103294 0.00101964 0.00246288 0.00327951 0.00349923 0.00324269 0.00264401 0.00183558 0.000918453 5.46234e-06 -0.000787188 -0.0014127 -0.00186213 -0.00214383 -0.00228514 -0.00231711 -0.00228641 -0.00220634 -0.00207658 -0.00194737 -0.00184485 -0.00178935 -0.00174671 -0.00170348 -0.00170403 -0.00174899 -0.00184098 -0.00192598 -0.00200507 -0.00210091 -0.00220208 -0.00230395 -0.00235198 -0.00237335 
0 -2.89523e-05 -4.91032e-05 -7.55703e-05 -9.48513e-05 -0.000119216 -0.000130151 -0.000122647 -9.75453e-05 -3.56285e-05 5.35388e-05 0.000178772 0.000337312 0.00054774 0.000827406 0.00115407 0.00151715 0.00192075 0.00240367 0.0029866 0.00365741 0.00442622 0.00533125 0.0064116 0.00766751 0.00905968 0.0105309 0.0119874 0.0132908 0.0143017 0.0148871 0.0149156 0.0142673 0.0128855 0.0108173 0.00817663 0.00512803 0.00188863 -0.00129771 -0.00421645 -0.00669261 -0.00857116 -0.00974975 -0.0101952 -0.00993999 -0.00904739 -0.00761335 -0.00578688 -0.00369248 -0.00143219 0.000889695 0.00319876 0.00545392 0.00763105 0.00971419 0.0116901 0.0135734 0.0153733 0.0170712 0.018687 0.0202231 0.0216583 0.0229877 0.024207 0.0252854 0.026199 0.0269261 0.0274393 0.0276991 0.02768 0.0273667 0.0267212 0.0257318 0.0243968 0.022702 0.0206498 0.0182684 0.0155648 0.0125763 0.00934692 0.00592362 0.00236246 -0.00126081 -0.00487877 -0.00840913 -0.0117726 -0.0148831 -0.0176677 -0.0200505 -0.0219608 -0.0233464 -0.0241691 -0.0243842 -0.0239845 -0.022978 -0.0213684 -0.0191941 -0.0165173 -0.0133907 -0.00989941 -0.0061408 -0.00220262 0.00180355 0.00576523 0.0095941 0.0131822 0.0164308 0.0192729 0.0216369 0.0234602 0.0247153 0.0253759 0.0254323 0.0248958 0.0237901 0.0221474 0.0200199 0.0174608 0.014538 0.0113159 0.00787321 0.00428019 0.000607424 -0.00307498 -0.00669805 -0.0102174 -0.0135667 -0.016704 -0.0196002 -0.0222178 -0.0245297 -0.026537 -0.0282218 -0.0295831 -0.0306358 -0.031394 -0.0318743 -0.0321017 -0.0321182 -0.0319519 -0.0316323 -0.0312156 -0.0307453 -0.0302441 -0.029778 -0.0293876 -0.0290955 -0.0289404 -0.0289483 -0.029119 -0.0294346 -0.0298619 -0.0303463 -0.0307843 -0.0310535 -0.031044 -0.0306165 -0.0296484 -0.0280741 -0.0258768 -0.0230807 -0.0197681 -0.0160947 -0.0122463 -0.00842094 -0.00483796 -0.00172024 0.000761374 0.00252275 0.00353813 0.00385443 0.00359831 0.00292999 0.00200141 0.000942255 -0.00011373 -0.00104219 -0.00178138 -0.00231806 -0.00266063 -0.0028411 -0.00289599 -0.00287306 -0.00278886 -0.00265366 -0.00251453 -0.00240262 -0.00233511 -0.00228057 -0.00223103 -0.00221998 -0.00225638 -0.00233618 -0.00241348 -0.00248966 -0.00257993 -0.00267748 -0.0027706 -0.00281579 -0.00283129 
0 -3.19992e-05 -6.61712e-05 -8.25595e-05 -0.000110424 -0.000120715 -0.000122647 -0.000105437 -5.24652e-05 2.09925e-05 0.000144603 0.000294378 0.00048833 0.000743312 0.00105362 0.00143033 0.00184133 0.00231316 0.00287602 0.00354438 0.0043293 0.00523316 0.00629822 0.00756112 0.00901958 0.0106331 0.0123348 0.0140008 0.0154928 0.0166436 0.0172911 0.0173007 0.0165246 0.0149281 0.0125488 0.00951372 0.00603083 0.00233348 -0.00130042 -0.00462343 -0.00742856 -0.00954608 -0.0108507 -0.0113218 -0.0109725 -0.00988526 -0.00819215 -0.00602508 -0.00355574 -0.000901184 0.00182573 0.00453042 0.00715799 0.00968864 0.0120783 0.0143331 0.0164575 0.0184368 0.0202898 0.0220072 0.0235902 0.0250314 0.0263268 0.0274492 0.028405 0.0291551 0.0296834 0.0299695 0.0299848 0.0296961 0.0290984 0.0281709 0.026891 0.025274 0.0233144 0.0210178 0.0184082 0.0155282 0.0123861 0.00904475 0.00554736 0.00194684 -0.00170461 -0.00530857 -0.00881282 -0.0121333 -0.0151937 -0.0179074 -0.020226 -0.0220662 -0.0233787 -0.0241263 -0.0243027 -0.0238725 -0.0228388 -0.0212226 -0.0190739 -0.0164203 -0.0133253 -0.00986831 -0.00615325 -0.00225962 0.00170721 0.00563848 0.00941646 0.0129653 0.0161967 0.0190297 0.0213808 0.0232216 0.0245125 0.0252259 0.0253352 0.0248689 0.0238314 0.0222576 0.0201919 0.0177059 0.0148314 0.0116553 0.00824766 0.00467785 0.000997367 -0.00270309 -0.00638843 -0.00999938 -0.0134794 -0.0167784 -0.0198761 -0.0227189 -0.0252857 -0.0275686 -0.0295437 -0.0312032 -0.0325618 -0.0336265 -0.0343998 -0.0349292 -0.0352241 -0.0353207 -0.0352556 -0.0350726 -0.0348017 -0.0345076 -0.0342178 -0.0339906 -0.0338671 -0.0338664 -0.0340284 -0.0343549 -0.0348197 -0.0353907 -0.0360047 -0.0365316 -0.0368653 -0.0368472 -0.036334 -0.035202 -0.0333608 -0.0307971 -0.0275438 -0.0236986 -0.0194319 -0.0149643 -0.0105127 -0.00634888 -0.00270655 0.000221681 0.0023152 0.00356445 0.00400751 0.00378899 0.00308441 0.00206133 0.000882997 -0.000298078 -0.00135584 -0.00220687 -0.00283132 -0.00324482 -0.00346423 -0.00355437 -0.00353965 -0.00345282 -0.0033217 -0.00316739 -0.0030559 -0.00296885 -0.00290469 -0.00285489 -0.00282608 -0.0028597 -0.00291266 -0.00297959 -0.00304268 -0.00311025 -0.00319743 -0.00325797 -0.00329567 -0.00329263 
0 -4.0773e-05 -6.58611e-05 -9.72837e-05 -0.000103695 -0.000110854 -9.75453e-05 -5.24652e-05 9.84437e-06 0.000127502 0.000267925 0.000454456 0.000690021 0.00097137 0.00133045 0.00173109 0.00219749 0.00273344 0.00336664 0.00412943 0.00502008 0.00606797 0.00730037 0.00874941 0.0104095 0.0122514 0.0141627 0.0160399 0.0177017 0.0189697 0.0196883 0.0196422 0.0187615 0.0169482 0.0142727 0.0108863 0.00698625 0.00288288 -0.00115862 -0.0048471 -0.00794452 -0.0102572 -0.0116848 -0.0121465 -0.0117053 -0.0104279 -0.00845533 -0.0059717 -0.00311381 -7.03239e-05 0.00305027 0.00613274 0.009126 0.011954 0.0146277 0.0171093 0.0194009 0.0215081 0.0234275 0.0251579 0.0267049 0.0280697 0.0292229 0.0301936 0.0309212 0.0314218 0.0316682 0.0316444 0.0313235 0.0307305 0.0298014 0.0285606 0.0270053 0.0251222 0.0229302 0.0204677 0.0177349 0.0147615 0.0116039 0.00828274 0.00485311 0.00137047 -0.00209216 -0.00551208 -0.00879792 -0.0118853 -0.0147008 -0.0172014 -0.0192815 -0.0209313 -0.0220981 -0.022747 -0.0228265 -0.022373 -0.0213741 -0.0198633 -0.017828 -0.0153464 -0.0124746 -0.00928544 -0.00581734 -0.00221196 0.00145782 0.00509528 0.00863009 0.0119367 0.0149524 0.0175936 0.0198465 0.0216177 0.0228728 0.0235908 0.0237907 0.0234243 0.0225404 0.0211514 0.0192977 0.0170081 0.0143777 0.0114389 0.00825352 0.00487659 0.00138965 -0.00218193 -0.00576608 -0.00929932 -0.0127607 -0.0161058 -0.0192728 -0.022247 -0.0250077 -0.0274894 -0.0297225 -0.0316764 -0.0333482 -0.0347389 -0.0358789 -0.0367387 -0.037384 -0.0378116 -0.0380714 -0.0381938 -0.0382313 -0.0382154 -0.0382053 -0.0382435 -0.0383608 -0.0386169 -0.0390098 -0.0395605 -0.0402388 -0.0410144 -0.0417704 -0.0424381 -0.0428348 -0.0428212 -0.0422448 -0.0409476 -0.0388662 -0.035955 -0.0322617 -0.0279039 -0.0230729 -0.0179785 -0.0129355 -0.00818055 -0.00401397 -0.00064402 0.00182261 0.00330839 0.00392567 0.0037763 0.00306439 0.00198178 0.000705796 -0.000585897 -0.00175829 -0.00272116 -0.00343959 -0.00391327 -0.00419579 -0.00430559 -0.00431199 -0.00422743 -0.00408728 -0.0039467 -0.00380812 -0.00371861 -0.00363604 -0.0035748 -0.00354753 -0.00354337 -0.00358478 -0.00361832 -0.00365931 -0.00370691 -0.00374804 -0.00379105 -0.00379247 -0.00377477 
0 -3.11599e-05 -6.9627e-05 -7.27666e-05 -8.84407e-05 -6.61058e-05 -3.56285e-05 2.09925e-05 0.000127502 0.000252237 0.000437898 0.000649565 0.000921362 0.00125472 0.00163625 0.00209093 0.00259979 0.00320216 0.00391122 0.00474801 0.00574647 0.00692829 0.00832373 0.00995867 0.0118263 0.0138814 0.0160238 0.0180904 0.0199236 0.0213161 0.0220684 0.0220048 0.0209895 0.0189899 0.0160487 0.0123222 0.00806537 0.00357972 -0.000830624 -0.00484716 -0.00820335 -0.0107004 -0.0121948 -0.0126571 -0.0120948 -0.0106137 -0.00839522 -0.00558041 -0.00237661 0.00103166 0.00452117 0.00795791 0.01126 0.0143788 0.017256 0.0199023 0.0223031 0.0244343 0.0263488 0.0280185 0.0294393 0.0306331 0.0315874 0.0322765 0.0327204 0.0329003 0.0328012 0.0324155 0.031745 0.0307772 0.0295054 0.0279634 0.0261371 0.0240425 0.0217057 0.0191401 0.0163548 0.0134242 0.0103501 0.00718671 0.00398213 0.000777384 -0.00239376 -0.00544152 -0.00833368 -0.0110134 -0.0134382 -0.0155451 -0.0173046 -0.0186707 -0.0195976 -0.0200607 -0.0200914 -0.0196495 -0.0187148 -0.0173436 -0.0155763 -0.0134149 -0.0109239 -0.00816292 -0.00519786 -0.00210533 0.00105758 0.00421139 0.00724127 0.0101132 0.0127775 0.0151293 0.0171094 0.0187141 0.0198943 0.0206223 0.0208774 0.0206676 0.0199951 0.0188824 0.0173526 0.0154559 0.0131955 0.0106384 0.00783383 0.00482768 0.00166159 -0.00159391 -0.00492683 -0.00826576 -0.0115775 -0.0148179 -0.0179531 -0.0209444 -0.0237826 -0.0264264 -0.0288644 -0.0310743 -0.033046 -0.0347707 -0.0362456 -0.0374975 -0.0385172 -0.0393302 -0.0399836 -0.0404894 -0.0408807 -0.041249 -0.0415929 -0.0419751 -0.0424565 -0.0430386 -0.0437545 -0.044609 -0.0455647 -0.0465866 -0.0475699 -0.0483894 -0.0489165 -0.0489425 -0.0483144 -0.0468988 -0.0445794 -0.0413397 -0.0372289 -0.0323793 -0.0269914 -0.021322 -0.0156742 -0.0103654 -0.00567786 -0.00184164 0.00097754 0.00275623 0.00355202 0.00350833 0.00282377 0.00169975 0.000358334 -0.00102006 -0.00229401 -0.00335295 -0.00415111 -0.00470037 -0.00502185 -0.0051809 -0.00520064 -0.00512357 -0.00500571 -0.00485047 -0.00472303 -0.00459877 -0.00449877 -0.00442848 -0.00436196 -0.00434587 -0.00432679 -0.00433557 -0.00434382 -0.00434352 -0.00436391 -0.00434792 -0.00434033 -0.00429516 
0 -2.53924e-05 -4.36139e-05 -5.13016e-05 -3.71764e-05 -1.81273e-06 5.35388e-05 0.000144603 0.000267925 0.000437898 0.000644312 0.000894952 0.00120744 0.00156989 0.0019983 0.00248105 0.00304573 0.00371336 0.00449276 0.00541875 0.00652269 0.00784616 0.00941244 0.0112327 0.0132972 0.0155701 0.0179087 0.020172 0.0221596 0.0236596 0.0244744 0.0243626 0.0232541 0.0210691 0.0178778 0.0138568 0.00925684 0.00443832 -0.000294532 -0.00459543 -0.00816846 -0.0107934 -0.0123568 -0.0127758 -0.0121033 -0.0104354 -0.00795643 -0.00485796 -0.00132142 0.00241504 0.00621636 0.00993739 0.0134996 0.0168005 0.0198353 0.0225741 0.0249972 0.0271023 0.0289178 0.0304264 0.0316378 0.0325795 0.0332276 0.0336104 0.0336903 0.033498 0.0330165 0.0322444 0.0311875 0.0298908 0.0283006 0.0264823 0.0244465 0.0221892 0.0197518 0.0171828 0.0144725 0.0116662 0.00880924 0.00591968 0.00304656 0.000238392 -0.00245068 -0.00501293 -0.00738966 -0.00954242 -0.011442 -0.0130767 -0.0143767 -0.0153722 -0.0160312 -0.0163299 -0.0162489 -0.0158194 -0.0150224 -0.0139137 -0.0124699 -0.0107425 -0.00878893 -0.00665156 -0.00432605 -0.00193025 0.000518305 0.00297417 0.00538304 0.00766508 0.00979752 0.0116966 0.0133674 0.0147388 0.0157692 0.0164479 0.0167965 0.0167539 0.0163583 0.0156045 0.0144966 0.013042 0.0112965 0.00926091 0.00696536 0.00444313 0.00175161 -0.00109624 -0.00404841 -0.00704081 -0.0100771 -0.013118 -0.0161024 -0.0190276 -0.0218795 -0.024572 -0.0271428 -0.02955 -0.0317674 -0.0337836 -0.0356146 -0.0372159 -0.0386299 -0.039848 -0.0409199 -0.0418533 -0.0426918 -0.0434884 -0.0442705 -0.0450786 -0.0459611 -0.0469588 -0.0480607 -0.0492908 -0.0506078 -0.0519641 -0.053217 -0.054284 -0.0549679 -0.0550812 -0.0544609 -0.0529452 -0.0504466 -0.0469166 -0.0424244 -0.0371197 -0.0312184 -0.0249791 -0.0187826 -0.0129224 -0.00773275 -0.00345848 -0.0002519 0.00180494 0.00282948 0.00292452 0.00230416 0.00119435 -0.000180066 -0.00161371 -0.00296337 -0.00411086 -0.00499266 -0.00560751 -0.00599873 -0.00619154 -0.00624295 -0.00618188 -0.00606822 -0.00593272 -0.00577947 -0.00564165 -0.0055104 -0.00540882 -0.00532313 -0.00524782 -0.00519207 -0.00514551 -0.00511145 -0.00507402 -0.00503287 -0.00498891 -0.00493848 -0.00487677 
0 -3.57694e-06 -1.05213e-05 5.29802e-06 3.25926e-05 9.66344e-05 0.000178772 0.000294378 0.000454456 0.000649565 0.000894952 0.0011793 0.00152916 0.00193736 0.00240186 0.00293404 0.0035529 0.00428949 0.00514652 0.00615725 0.00737076 0.00883643 0.0105719 0.0125793 0.014846 0.0173207 0.0198669 0.0223056 0.0244409 0.0260442 0.0268881 0.0267502 0.0255319 0.02319 0.0197864 0.0155042 0.0106258 0.00551759 0.00050778 -0.00403555 -0.00779343 -0.0105373 -0.0121307 -0.0125167 -0.0117237 -0.00987609 -0.00717933 -0.00382204 -1.93521e-05 0.00398277 0.00803164 0.0119741 0.0157079 0.0191409 0.0222343 0.024979 0.0273464 0.0293292 0.0309712 0.0322574 0.0331886 0.0338047 0.0340995 0.0340842 0.0337651 0.0331717 0.0322991 0.0311524 0.029759 0.0281424 0.0262869 0.0242588 0.0220738 0.0197389 0.0173043 0.014801 0.0122345 0.00966307 0.00711591 0.0046161 0.00220539 -8.74406e-05 -0.00223092 -0.00419824 -0.00595894 -0.00749607 -0.0088071 -0.0098847 -0.0107063 -0.0112955 -0.0116314 -0.0117109 -0.0115649 -0.0111916 -0.0105657 -0.00974936 -0.00874868 -0.00757164 -0.00626243 -0.00484567 -0.00332133 -0.0017521 -0.000135018 0.00150546 0.00311474 0.00467775 0.00618786 0.00756065 0.00878647 0.00984986 0.0107093 0.0113455 0.0117584 0.0119082 0.0118042 0.0114398 0.0108036 0.00989288 0.00871224 0.0072642 0.00556864 0.0036423 0.0015179 -0.000787624 -0.00325162 -0.00582202 -0.00848944 -0.0112235 -0.0139733 -0.0167313 -0.0194837 -0.0221642 -0.0247794 -0.0272982 -0.0296848 -0.0319259 -0.0340259 -0.0359631 -0.0377427 -0.0393684 -0.0408769 -0.0422603 -0.0435567 -0.04483 -0.0460873 -0.0473708 -0.0487409 -0.0502082 -0.0517762 -0.0534542 -0.0551992 -0.0569492 -0.0585636 -0.0599273 -0.0608536 -0.0611205 -0.0605557 -0.0590096 -0.0563664 -0.0525978 -0.0477777 -0.0420711 -0.0357057 -0.0289708 -0.0222544 -0.0158942 -0.0102219 -0.00550176 -0.00191978 0.000462625 0.00172832 0.00199863 0.00147844 0.000405475 -0.000966175 -0.00243117 -0.00383365 -0.00504712 -0.00599587 -0.00667702 -0.00712057 -0.00736053 -0.00743679 -0.00739442 -0.00730066 -0.00716675 -0.00701123 -0.00684302 -0.00668594 -0.00655717 -0.00642876 -0.00631255 -0.00619384 -0.00609854 -0.00601389 -0.00591943 -0.00582783 -0.00572274 -0.00563544 -0.00553717 
0 2.0693e-05 3.24213e-05 7.1423e-05 0.000121761 0.00021875 0.000337312 0.00048833 0.000690021 0.000921362 0.00120744 0.00152916 0.00191495 0.0023632 0.00286046 0.00343532 0.00410556 0.00490895 0.00584823 0.00695566 0.00829491 0.00991793 0.0118381 0.0140434 0.0165156 0.0191895 0.0219298 0.0245336 0.0268 0.0284907 0.0293551 0.0291862 0.0278671 0.0253832 0.0217951 0.0172926 0.0121828 0.00683488 0.00160409 -0.00313276 -0.00703708 -0.00987466 -0.0114971 -0.0118605 -0.0109816 -0.00900152 -0.00613542 -0.00257937 0.00142521 0.00562754 0.00984572 0.0139251 0.0177428 0.0212129 0.024281 0.0269468 0.0291774 0.0309666 0.0323597 0.0333503 0.0339449 0.0341879 0.0340963 0.033674 0.0329535 0.0319636 0.0307179 0.029229 0.0275445 0.0256811 0.023646 0.0214937 0.0192471 0.0169198 0.0145666 0.0122207 0.00989695 0.00764872 0.00549915 0.00347318 0.00160042 -9.459e-05 -0.00160292 -0.00290988 -0.00401287 -0.0049049 -0.00560473 -0.00610987 -0.00643133 -0.00660096 -0.00662633 -0.00650861 -0.00629707 -0.00599237 -0.00559274 -0.00514067 -0.00464222 -0.00408371 -0.00350063 -0.00288722 -0.00223421 -0.00156553 -0.000867796 -0.000129065 0.000613931 0.00137544 0.00215982 0.00292482 0.00366423 0.00437963 0.00502397 0.00558684 0.0060549 0.00639464 0.00658673 0.0066179 0.00645541 0.00609267 0.00551171 0.00470541 0.00366682 0.00239941 0.00090999 -0.000788608 -0.00268716 -0.00474887 -0.00696735 -0.00931769 -0.0117565 -0.0142704 -0.0168373 -0.0194057 -0.0219667 -0.0245024 -0.0269725 -0.029366 -0.031674 -0.0338834 -0.0359768 -0.0379691 -0.0398801 -0.0417021 -0.0434644 -0.0452262 -0.0469856 -0.0487812 -0.0506743 -0.0526633 -0.0547561 -0.056947 -0.0591916 -0.0614021 -0.063441 -0.0651628 -0.0663828 -0.0668613 -0.0664179 -0.0649072 -0.0621991 -0.0582733 -0.0532071 -0.0471765 -0.0404175 -0.0332512 -0.0260705 -0.0192517 -0.0131281 -0.00798254 -0.00402388 -0.00130483 0.000228257 0.000705918 0.000320976 -0.000677096 -0.00201802 -0.00349096 -0.00492956 -0.00619848 -0.00721037 -0.00795677 -0.0084534 -0.00873653 -0.00883376 -0.00880524 -0.00872044 -0.00858302 -0.00841628 -0.00821699 -0.00803261 -0.00787418 -0.00770657 -0.00754396 -0.00736501 -0.00721414 -0.00707172 -0.00691581 -0.00676157 -0.0065916 -0.00645208 -0.00630775 
0 5.28267e-05 0.000109235 0.000164577 0.000262984 0.000388215 0.00054774 0.000743312 0.00097137 0.00125472 0.00156989 0.00193736 0.0023632 0.00284321 0.00338583 0.00399688 0.00472673 0.0055978 0.00662197 0.00783683 0.00931027 0.0110973 0.0132125 0.0156266 0.0183082 0.0211967 0.0241199 0.0268975 0.0292858 0.0310471 0.0319376 0.0317194 0.0303213 0.0277066 0.0239608 0.0192843 0.0139801 0.00843506 0.00302257 -0.00187998 -0.00591836 -0.00883715 -0.010517 -0.0108711 -0.00995785 -0.00791072 -0.00493499 -0.00127171 0.0028524 0.00717085 0.0114747 0.0156061 0.019442 0.0228559 0.0258326 0.0283371 0.030347 0.0318811 0.0329636 0.0336077 0.0338402 0.0337001 0.0332066 0.0324078 0.0313073 0.0299645 0.0284018 0.0266432 0.0247244 0.0227016 0.0205658 0.0183716 0.0161612 0.0139431 0.0117589 0.00966379 0.00767454 0.0058149 0.00414049 0.00265576 0.00137415 0.000310953 -0.000516949 -0.00115318 -0.00158832 -0.00183849 -0.00192979 -0.00190212 -0.00174659 -0.00152717 -0.00127092 -0.00100789 -0.000752788 -0.000553841 -0.000419314 -0.000380707 -0.000406868 -0.00050795 -0.000683016 -0.000913089 -0.00114702 -0.00140666 -0.00165334 -0.00185863 -0.0019982 -0.00207499 -0.00205545 -0.00194396 -0.00170959 -0.00138557 -0.000989236 -0.000533953 -2.69323e-05 0.000457779 0.000917429 0.0013159 0.00161276 0.00176833 0.00179173 0.00162675 0.00125367 0.000663748 -0.000144884 -0.0012068 -0.00249126 -0.00398568 -0.0056983 -0.00759845 -0.00963968 -0.0118258 -0.0141269 -0.0164837 -0.0189108 -0.0213749 -0.0238384 -0.0262907 -0.0287344 -0.0311184 -0.0334624 -0.0357558 -0.0380084 -0.0402227 -0.0424285 -0.0446494 -0.0469168 -0.0492494 -0.0516828 -0.054247 -0.0569052 -0.0596574 -0.062451 -0.0651755 -0.0676811 -0.0698322 -0.0713935 -0.0721512 -0.0719083 -0.0704934 -0.0678096 -0.0638052 -0.0585784 -0.0523089 -0.0452428 -0.037715 -0.0301504 -0.0229194 -0.0163882 -0.0108544 -0.00651553 -0.0034746 -0.00165209 -0.000954981 -0.00118637 -0.00208058 -0.0033783 -0.00483988 -0.00629994 -0.00761184 -0.00868034 -0.00948166 -0.0100361 -0.0103508 -0.0104722 -0.0104571 -0.0103655 -0.0102312 -0.0100299 -0.00980535 -0.00958074 -0.00937517 -0.00917324 -0.00893767 -0.00870967 -0.00848693 -0.00828149 -0.00807181 -0.0078383 -0.00762299 -0.00741427 -0.00722829 
0 0.000108297 0.000201702 0.000317371 0.000447134 0.000624405 0.000827406 0.00105362 0.00133045 0.00163625 0.0019983 0.00240186 0.00286046 0.00338583 0.00396049 0.00463152 0.00542467 0.00637517 0.00750301 0.00883984 0.0104616 0.0124299 0.0147416 0.0173709 0.0202763 0.0233563 0.0264834 0.0294076 0.0319166 0.0337533 0.0346382 0.0344095 0.0329184 0.0302018 0.0263278 0.0214947 0.0160379 0.0103205 0.00474327 -0.000306145 -0.00446967 -0.00750522 -0.00923753 -0.00965076 -0.00874963 -0.00669761 -0.00371317 -1.3146e-05 0.00412813 0.0084629 0.0127623 0.0168679 0.0206103 0.0239253 0.0267189 0.0289971 0.030742 0.0319606 0.0326944 0.0329827 0.0328403 0.032318 0.0314794 0.0303143 0.0289091 0.0272853 0.0254841 0.0235319 0.0214988 0.0193746 0.017233 0.0150962 0.0130035 0.0109829 0.00908633 0.00732326 0.00573315 0.00435675 0.00320441 0.00229463 0.0016376 0.0012299 0.00103192 0.00105822 0.00126573 0.00162152 0.0020739 0.00261519 0.003161 0.0036944 0.004169 0.00455477 0.00475982 0.00479507 0.00463508 0.00428239 0.0036976 0.00293942 0.00202008 0.000990571 -0.000145222 -0.00130558 -0.00246691 -0.00357364 -0.00461626 -0.00550301 -0.00621816 -0.00673394 -0.00706412 -0.00714783 -0.00702072 -0.00670224 -0.00624343 -0.00564271 -0.00497861 -0.00427033 -0.0035677 -0.00290151 -0.00234718 -0.00191247 -0.00164388 -0.00157134 -0.00173071 -0.00212407 -0.00277767 -0.0036908 -0.00483943 -0.00621926 -0.00781074 -0.0095911 -0.0115306 -0.0136317 -0.0158309 -0.0181384 -0.0205126 -0.0229403 -0.0253936 -0.0278927 -0.0303765 -0.032886 -0.0354105 -0.0379488 -0.0405279 -0.0431864 -0.0459231 -0.0487696 -0.0517662 -0.0548829 -0.0581365 -0.0614704 -0.0648371 -0.0681051 -0.0711427 -0.0737443 -0.0757235 -0.0768196 -0.0768292 -0.075608 -0.0730047 -0.0690188 -0.0637226 -0.0573047 -0.0500212 -0.0422424 -0.0343575 -0.026808 -0.0199325 -0.014046 -0.00939157 -0.00601295 -0.00392891 -0.00299502 -0.00304556 -0.00382616 -0.0050426 -0.00648248 -0.00794737 -0.00929063 -0.0104131 -0.0112785 -0.0118812 -0.0122469 -0.012388 -0.012387 -0.0123 -0.0121335 -0.0119151 -0.0116335 -0.0113621 -0.0111024 -0.010825 -0.0105371 -0.0102202 -0.00993539 -0.00966002 -0.00937836 -0.00910047 -0.00881366 -0.00856992 -0.00833646 
0 0.000163557 0.000330559 0.000483872 0.000685152 0.000901829 0.00115407 0.00143033 0.00173109 0.00209093 0.00248105 0.00293404 0.00343532 0.00399688 0.00463152 0.00535988 0.00623598 0.00728072 0.0085269 0.0100068 0.0118033 0.0139586 0.016486 0.0193387 0.0224529 0.025745 0.0290277 0.0321071 0.0347135 0.0365962 0.0375037 0.0372294 0.0356879 0.0328736 0.0288849 0.0239296 0.0183302 0.0124534 0.0067295 0.00152968 -0.00277913 -0.00592844 -0.00779348 -0.00828741 -0.00748259 -0.00551619 -0.00258646 0.0010424 0.00511339 0.00937764 0.0135761 0.017547 0.0211401 0.0242363 0.0268092 0.0288129 0.0302504 0.0311522 0.0315412 0.0314606 0.0309721 0.0301141 0.0289445 0.0275177 0.0258723 0.0240505 0.0221015 0.0200663 0.0179755 0.0158875 0.0138368 0.0118457 0.00996959 0.00824228 0.00668057 0.00534124 0.0042468 0.00339263 0.00281132 0.00250204 0.00244523 0.00264403 0.00308144 0.00370402 0.0044747 0.00535302 0.00629133 0.00722524 0.0081069 0.00888307 0.00947779 0.00984044 0.00996993 0.00981649 0.00933098 0.0085325 0.00744826 0.0060818 0.00447252 0.00267092 0.000736383 -0.00126824 -0.00328689 -0.00524531 -0.00706065 -0.00870571 -0.010135 -0.011269 -0.0120837 -0.0125998 -0.0128031 -0.0126962 -0.0123104 -0.0116901 -0.0108775 -0.00992521 -0.00889309 -0.00783772 -0.00679032 -0.00581934 -0.004987 -0.00431723 -0.00385119 -0.00363277 -0.00365507 -0.00394007 -0.00450851 -0.00533744 -0.00642075 -0.00775152 -0.00929446 -0.0110298 -0.0129463 -0.0150133 -0.0172088 -0.0195162 -0.0219186 -0.0243916 -0.0269391 -0.0295644 -0.032258 -0.0350472 -0.0379436 -0.0409527 -0.0441106 -0.0474288 -0.0509072 -0.0545768 -0.0583865 -0.0623016 -0.066255 -0.0700924 -0.073668 -0.0767844 -0.0791954 -0.0806808 -0.0810199 -0.0800242 -0.077608 -0.0737119 -0.068441 -0.0619779 -0.0545857 -0.0466473 -0.0385709 -0.030781 -0.0236526 -0.0175063 -0.0125535 -0.00891152 -0.00655112 -0.00539062 -0.00525354 -0.00587993 -0.00701776 -0.00840762 -0.00987277 -0.0112454 -0.0124233 -0.0133518 -0.0140179 -0.0144222 -0.0145954 -0.0146099 -0.0145077 -0.0143312 -0.0140572 -0.0137368 -0.0134019 -0.0130653 -0.0127324 -0.0123489 -0.0119753 -0.0116029 -0.0112541 -0.0109188 -0.0105625 -0.0102458 -0.00993617 -0.00966944 
0 0.000228129 0.00045234 0.000676618 0.000931168 0.0012091 0.00151715 0.00184133 0.00219749 0.00259979 0.00304573 0.0035529 0.00410556 0.00472673 0.00542467 0.00623598 0.00721003 0.00836536 0.00974665 0.0113892 0.0133662 0.0157297 0.0184699 0.02155 0.0248892 0.0283662 0.0318256 0.0350259 0.0377204 0.0396418 0.0405265 0.0402217 0.0386004 0.035696 0.0316048 0.0265339 0.0208112 0.0147907 0.00890641 0.00354477 -0.000934931 -0.0042731 -0.00629783 -0.00696702 -0.00632228 -0.00451278 -0.00174217 0.0017352 0.0056401 0.00972806 0.0137433 0.0175164 0.0208684 0.0237307 0.0260246 0.0277267 0.0288554 0.0294371 0.0295005 0.0291176 0.0283352 0.0272023 0.0258008 0.0241534 0.022353 0.0204246 0.0184241 0.0163977 0.0143917 0.0124121 0.0105476 0.00880368 0.00722966 0.00587003 0.00475271 0.00388698 0.00330439 0.00301312 0.00300973 0.00328565 0.00382574 0.00460556 0.00556455 0.00669964 0.0079527 0.00925884 0.0105582 0.0118026 0.0128778 0.0137642 0.0143907 0.0147047 0.0146528 0.0142316 0.013407 0.0122252 0.0106521 0.00872726 0.00650857 0.0040595 0.00140425 -0.00131922 -0.00406287 -0.00674479 -0.0092802 -0.0115733 -0.0136013 -0.0152843 -0.0166241 -0.0175653 -0.018096 -0.0182319 -0.0180205 -0.0174433 -0.016589 -0.0154987 -0.014227 -0.0128447 -0.0114437 -0.0100484 -0.00873038 -0.00753616 -0.00651476 -0.00569746 -0.00512532 -0.00482815 -0.004802 -0.00505913 -0.00561229 -0.00644121 -0.00752048 -0.00887203 -0.0104239 -0.0121767 -0.0141118 -0.0162071 -0.0184376 -0.0208301 -0.0233377 -0.0259936 -0.0287806 -0.0317169 -0.0348222 -0.0381059 -0.0415909 -0.0453003 -0.04923 -0.0533713 -0.0577137 -0.062173 -0.0666806 -0.0710763 -0.0752058 -0.0788277 -0.081716 -0.0836207 -0.0843123 -0.0836175 -0.0814192 -0.0777007 -0.0725422 -0.0661319 -0.0587474 -0.050777 -0.0426078 -0.0346958 -0.0274033 -0.0210568 -0.0158928 -0.0120007 -0.00942361 -0.00805281 -0.0077344 -0.00823279 -0.00927491 -0.0106287 -0.0120856 -0.013483 -0.014717 -0.015708 -0.0164295 -0.016881 -0.0170812 -0.0171091 -0.0170011 -0.0167921 -0.0164867 -0.0161103 -0.0157173 -0.0153125 -0.0149008 -0.0144575 -0.014004 -0.0135643 -0.0131413 -0.0127321 -0.0123235 -0.0119376 -0.0115802 -0.0112574 
0 0.000292447 0.000586682 0.000878867 0.00120325 0.00154581 0.00192075 0.00231316 0.00273344 0.00320216 0.00371336 0.00428949 0.00490895 0.0055978 0.00637517 0.00728072 0.00836536 0.00964634 0.0111788 0.013004 0.0151924 0.01778 0.0207564 0.0240756 0.0276356 0.031304 0.0349073 0.0382151 0.0409664 0.04289 0.0437382 0.0433624 0.0416519 0.0386358 0.034423 0.029227 0.0233673 0.0171887 0.0111357 0.00559056 0.000907148 -0.0026501 -0.00491273 -0.00582147 -0.00543342 -0.00388365 -0.00136315 0.00186737 0.00552491 0.0093705 0.0131397 0.0166527 0.0197344 0.0223125 0.024323 0.0257327 0.0265744 0.0268809 0.0266806 0.0260441 0.0250417 0.0237213 0.0221651 0.0204156 0.0185614 0.0166219 0.0146619 0.0127393 0.0108871 0.00913302 0.00755749 0.00615719 0.00497403 0.00405558 0.00341147 0.00306203 0.00302622 0.0032955 0.00385142 0.00467778 0.00574334 0.0070239 0.008455 0.0100146 0.011626 0.0132234 0.0147514 0.016149 0.0173061 0.018201 0.0187449 0.0188874 0.0186194 0.0179275 0.016758 0.015172 0.0131648 0.0107672 0.00804297 0.00505587 0.00184423 -0.00145206 -0.00477478 -0.00803072 -0.0111168 -0.0139606 -0.0165265 -0.0186987 -0.0204738 -0.0218247 -0.0227162 -0.023143 -0.0231449 -0.0227027 -0.0218985 -0.0207831 -0.0194112 -0.0178498 -0.0161872 -0.0144617 -0.0127617 -0.0111348 -0.00963717 -0.00830644 -0.00718843 -0.00632348 -0.00573394 -0.00543308 -0.00544866 -0.00576 -0.00634661 -0.00723276 -0.00836538 -0.00973715 -0.0113463 -0.0131677 -0.0151719 -0.0173855 -0.0197756 -0.0223654 -0.0251445 -0.0281441 -0.0313711 -0.0348326 -0.0385593 -0.0425723 -0.0468526 -0.0514072 -0.0562084 -0.0611637 -0.0661853 -0.0711018 -0.0757437 -0.079853 -0.0831918 -0.0855167 -0.0865893 -0.0862223 -0.0843178 -0.0808453 -0.0758855 -0.0696238 -0.0623446 -0.0544388 -0.0462872 -0.0383463 -0.0309882 -0.024536 -0.0192204 -0.0151567 -0.012396 -0.0108534 -0.0103804 -0.010758 -0.0117318 -0.0130563 -0.0145237 -0.0159633 -0.0172654 -0.0183326 -0.0191197 -0.0196215 -0.0198583 -0.0199015 -0.0197829 -0.019549 -0.0192056 -0.0187861 -0.0183348 -0.0178601 -0.0173803 -0.0168678 -0.0163494 -0.0158356 -0.0153375 -0.014859 -0.014384 -0.0139411 -0.0135232 -0.0131469 
