0 0 0 0 0 0 0 0 0 0 0 0 0 0 0 0 0 0 0 0 0 0 0 0 0 0 0 0 0 0 0 0 0 0 0 0 0 0 0 0 0 0 0 0 0 0 0 0 0 0 0 0 0 0 0 0 0 0 0 0 0 0 0 0 0 0 0 0 0 0 0 0 0 0 0 0 0 0 0 0 0 0 0 0 0 0 0 0 0 0 0 0 0 0 0 0 0 0 0 0 0 0 0 0 0 0 0 0 0 0 0 0 0 0 0 0 0 0 0 0 0 0 0 0 0 0 0 0 0 0 0 0 0 0 0 0 0 0 0 0 0 0 0 0 0 0 0 0 0 0 0 0 0 0 0 0 0 0 0 0 0 0 0 0 0 0 0 0 0 0 0 0 0 0 0 0 0 0 0 0 0 0 0 0 0 0 0 0 0 0 0 0 0 0 0 0 0 0 0 0 
0 1.52264e-05 2.05186e-05 2.67728e-05 3.56377e-05 5.02468e-05 5.06214e-05 4.71438e-05 5.12403e-05 5.61464e-05 6.07926e-05 5.45291e-05 5.9656e-05 7.12459e-05 7.87616e-05 8.91464e-05 9.59499e-05 0.000115255 0.000130716 0.00014328 0.000162403 0.000169926 0.0001849 0.000194505 0.000204258 0.000210115 0.000199057 0.00020353 0.00020169 0.000195843 0.000183445 0.000167717 0.00016229 0.000151902 0.000148376 0.000152432 0.0001596 0.000175697 0.000216657 0.000269875 0.000343331 0.000435463 0.000562188 0.000728761 0.000926998 0.00117184 0.00143649 0.00170989 0.00197106 0.00221256 0.00239051 0.00249764 0.00251415 0.00242544 0.00224287 0.00198214 0.00167673 0.00135685 0.0010668 0.000842456 0.000728145 0.000728659 0.000894452 0.00120509 0.00165673 0.00224072 0.00291867 0.00364406 0.00440458 0.00514221 0.00582483 0.00644073 0.00694893 0.00733866 0.00759789 0.00771603 0.00767264 0.00748109 0.00712661 0.00662453 0.00598337 0.00524152 0.00439726 0.00350314 0.00257573 0.00163805 0.000714948 -0.000144657 -0.000952005 -0.00166009 -0.00226033 -0.00274465 -0.00309481 -0.00328625 -0.0033576 -0.003286 -0.00307777 -0.00275784 -0.0023571 -0.00187015 -0.0013224 -0.000731327 -0.00014732 0.000433522 0.00099537 0.00149832 0.00190864 0.00224237 0.00244846 0.00251859 0.00245047 0.00224007 0.00187814 0.00140058 0.000787562 6.91896e-05 -0.0007371 -0.00160667 -0.00253237 -0.00346768 -0.00440716 -0.00530903 -0.0061579 -0.00691564 -0.00758227 -0.00813406 -0.00857609 -0.0089109 -0.00914975 -0.00928348 -0.00933816 -0.00930318 -0.00917306 -0.00896744 -0.00866493 -0.00826355 -0.00777471 -0.00718884 -0.00650069 -0.00574991 -0.00492275 -0.00405862 -0.00317964 -0.00231942 -0.00149912 -0.000764026 -0.000134645 0.00036113 0.000715596 0.000924362 0.00100206 0.000985301 0.000890889 0.00075605 0.000603722 0.000463359 0.000328765 0.00023437 0.000171133 0.000129792 0.000108124 9.116e-05 7.70175e-05 5.66222e-05 3.51315e-05 1.38718e-05 -1.6929e-05 -6.17209e-05 -9.42062e-05 -0.000131467 -0.000160639 -0.000186267 -0.000213767 -0.000231057 -0.000256575 -0.000260604 -0.000261789 -0.000269464 -0.000272946 -0.000278379 -0.000272994 -0.000277527 -0.000285804 -0.000285012 -0.000284029 -0.000277353 -0.000274432 -0.000271501 -0.000267284 -0.000266518 -0.000258163 -0.000251086 -0.000246994 -0.000245378 -0.000244662 -0.000242299 -0.000248161 -0.000255117 -0.000256219 -0.000254289 
0 2.05186e-05 2.53491e-05 2.69695e-05 4.4951e-05 6.91702e-05 7.52917e-05 7.75651e-05 9.02255e-05 0.000117714 0.000128847 0.000131896 0.000144993 0.000165554 0.00018849 0.000191372 0.000212528 0.000233197 0.000258331 0.000283771 0.000301833 0.000333583 0.000347478 0.000379487 0.000402324 0.000408805 0.000404468 0.000399043 0.000404274 0.000387517 0.000360324 0.000331977 0.00031963 0.000296528 0.000295944 0.000299763 0.000315194 0.000361129 0.00043204 0.000564241 0.000706584 0.000902642 0.0011654 0.0014871 0.00188704 0.00236304 0.0028801 0.00342144 0.00394519 0.00441851 0.00479993 0.00500767 0.00505575 0.00488635 0.00451381 0.00399894 0.00338719 0.00274429 0.00217326 0.00173618 0.00149886 0.00152416 0.00184034 0.00246017 0.00335614 0.00450591 0.00583 0.00726743 0.00873931 0.0101811 0.0115225 0.0127181 0.013718 0.014491 0.014988 0.0152031 0.0151146 0.0147049 0.0140057 0.0130265 0.0117796 0.0103302 0.0087126 0.00695996 0.00515848 0.00334364 0.001563 -0.00012554 -0.00168725 -0.0030798 -0.00424582 -0.00517841 -0.00584899 -0.00625502 -0.00638916 -0.00625129 -0.00588159 -0.00531145 -0.00451286 -0.00356724 -0.00254755 -0.00144144 -0.000281486 0.000834609 0.00188565 0.0028331 0.00363301 0.00424009 0.00461743 0.00474584 0.00461945 0.0041976 0.00350467 0.00255412 0.00135474 -4.20359e-05 -0.00160085 -0.00331531 -0.00510241 -0.00692265 -0.00874774 -0.0104972 -0.0121304 -0.0136302 -0.0149398 -0.0160435 -0.0169466 -0.0176303 -0.0181091 -0.0183992 -0.0185165 -0.0184559 -0.0182361 -0.0178466 -0.0172763 -0.0165131 -0.0155657 -0.0144091 -0.0130721 -0.011565 -0.00992615 -0.00819735 -0.00642999 -0.00470047 -0.00306197 -0.00157595 -0.000326684 0.000661313 0.00137878 0.00178295 0.00195943 0.00193329 0.00176123 0.00151017 0.00122348 0.000939999 0.000688154 0.000483461 0.000352447 0.000267779 0.000202512 0.000179582 0.000138068 0.000103991 6.55288e-05 2.42235e-05 -3.37458e-05 -0.000115064 -0.000187323 -0.000256004 -0.000317456 -0.000378737 -0.000421937 -0.000478024 -0.000515751 -0.00053664 -0.000544078 -0.000550733 -0.000571772 -0.000562014 -0.000555579 -0.000549428 -0.00055378 -0.000551724 -0.000538232 -0.000532537 -0.000525327 -0.00052534 -0.000524148 -0.000528094 -0.000521434 -0.000516785 -0.000515431 -0.000517717 -0.000516665 -0.000507183 -0.000515607 -0.000519268 -0.000518643 -0.000505743 
0 2.67728e-05 2.69695e-05 3.3198e-05 5.25012e-05 9.04797e-05 9.99546e-05 0.000104822 0.000133176 0.00016737 0.000198336 0.00020099 0.000226806 0.000264794 0.000289349 0.000313386 0.000328093 0.000368492 0.000398967 0.000422233 0.000459791 0.000477652 0.00051503 0.000547832 0.00058294 0.000606082 0.000589166 0.000601398 0.000598086 0.00057818 0.000539024 0.000492973 0.000472404 0.00044484 0.000437896 0.000454669 0.000487331 0.000553072 0.000688118 0.00086803 0.00110272 0.00139372 0.00177894 0.00227127 0.00285814 0.00357043 0.00434679 0.00515376 0.00593517 0.00665927 0.007211 0.00754986 0.00762043 0.00737753 0.00684799 0.00608431 0.00518269 0.00424135 0.00339193 0.00274474 0.00241956 0.00244591 0.00293785 0.00384904 0.00515693 0.00682742 0.00875482 0.0108173 0.0129661 0.0150556 0.0169935 0.0187331 0.0201666 0.0212517 0.0219496 0.0222332 0.0220596 0.0214634 0.0204289 0.0189991 0.0172047 0.0151402 0.0128104 0.010335 0.00776558 0.00516274 0.0025985 0.000197688 -0.00204644 -0.00401953 -0.00568992 -0.00703776 -0.00802143 -0.00859058 -0.00882843 -0.0086873 -0.008184 -0.00737684 -0.00633164 -0.0050486 -0.00359625 -0.00202495 -0.000460346 0.00108313 0.00255832 0.00386622 0.00492542 0.00576297 0.00626548 0.00641102 0.00619058 0.00558512 0.00457258 0.0032272 0.00150852 -0.00050736 -0.0027652 -0.00519784 -0.00776671 -0.0103583 -0.0129527 -0.0154525 -0.0178192 -0.0199703 -0.0218938 -0.0235282 -0.0248732 -0.0259214 -0.0266887 -0.0271563 -0.0273828 -0.0273508 -0.0270557 -0.0265401 -0.0257523 -0.0246779 -0.0233303 -0.0216748 -0.0196987 -0.0174908 -0.0150381 -0.0124488 -0.00980318 -0.00720686 -0.00473875 -0.00252467 -0.000635607 0.000855978 0.00192857 0.00257316 0.00284021 0.00282667 0.0025889 0.00222769 0.00181015 0.00140999 0.00102626 0.000739525 0.000537211 0.000396721 0.00031015 0.000246254 0.000194084 0.000135303 7.97088e-05 2.64754e-05 -5.30066e-05 -0.000169815 -0.000266136 -0.000375994 -0.000471277 -0.000559353 -0.000648316 -0.000714758 -0.000791688 -0.000815019 -0.000825402 -0.000846363 -0.000853673 -0.000853909 -0.000824117 -0.000814045 -0.000816137 -0.00080348 -0.000796553 -0.000783684 -0.000783068 -0.000784325 -0.000784067 -0.00079316 -0.000786421 -0.000785049 -0.000789451 -0.000794812 -0.000792234 -0.000777883 -0.000779945 -0.000784983 -0.000778795 -0.000759998 
0 3.56377e-05 4.4951e-05 5.25012e-05 8.42564e-05 0.000126354 0.000142755 0.000153098 0.000182524 0.000232433 0.000259835 0.000271612 0.000299729 0.000341116 0.000382459 0.000398104 0.000434417 0.000476549 0.000522737 0.000567267 0.000604008 0.000654008 0.000687223 0.000740988 0.000783576 0.00079979 0.000793545 0.000788054 0.000790476 0.000760369 0.000710751 0.000660632 0.000637203 0.000605752 0.000608138 0.000625829 0.000668352 0.000765574 0.000922267 0.00117905 0.00147947 0.00187873 0.00240538 0.00305828 0.00385955 0.00480822 0.00584509 0.00692761 0.00798106 0.00893639 0.00970031 0.010144 0.0102539 0.00994796 0.0092529 0.00827037 0.00710498 0.00588901 0.00480593 0.00398699 0.00355596 0.0036149 0.00422358 0.00538886 0.00706338 0.00919581 0.0116493 0.0143041 0.0170251 0.0196819 0.0221439 0.0243202 0.0261114 0.0274561 0.0282818 0.0285778 0.0283202 0.0275057 0.0261841 0.0243851 0.0221403 0.0195482 0.0166625 0.0135529 0.010346 0.00711311 0.00394346 0.000940534 -0.00183605 -0.00430815 -0.00639485 -0.00808077 -0.00932211 -0.0101082 -0.0104398 -0.0103132 -0.00977847 -0.00888545 -0.00761862 -0.00608777 -0.0044016 -0.00257114 -0.000668093 0.00116979 0.00289131 0.00441996 0.00568157 0.00661523 0.00715705 0.00727508 0.00695883 0.00615407 0.0048829 0.00316831 0.00102028 -0.00148467 -0.00428316 -0.00733994 -0.0105309 -0.0137753 -0.0170196 -0.0201468 -0.0230966 -0.0258336 -0.0282825 -0.0304072 -0.0322014 -0.0336277 -0.0346934 -0.0354079 -0.0357939 -0.0358434 -0.0355792 -0.0349912 -0.0340534 -0.0327366 -0.0310393 -0.0289152 -0.0263908 -0.0234968 -0.0202957 -0.0168804 -0.0133665 -0.00990288 -0.00661066 -0.00362675 -0.0010966 0.000914248 0.00237769 0.00324697 0.00364671 0.0036484 0.00335899 0.00290167 0.0023666 0.00183022 0.00134357 0.000949397 0.000681374 0.000501277 0.000370806 0.000304507 0.000224213 0.000154825 8.38211e-05 9.15966e-06 -9.4454e-05 -0.000236976 -0.000370098 -0.000501488 -0.000622424 -0.000739076 -0.000832855 -0.000935442 -0.00101257 -0.00105632 -0.00107866 -0.00110263 -0.00113857 -0.00113024 -0.00111437 -0.00109911 -0.00109924 -0.00109197 -0.0010742 -0.00106658 -0.0010582 -0.00105673 -0.00105261 -0.00105483 -0.00104509 -0.0010414 -0.0010463 -0.0010536 -0.00104882 -0.00103017 -0.00103427 -0.00103806 -0.00103849 -0.00102054 
0 5.02468e-05 6.91702e-05 9.04797e-05 0.000126354 0.000177336 0.000197509 0.000207455 0.000240762 0.000283566 0.000316415 0.000324934 0.000358965 0.000412285 0.000457448 0.000495731 0.000535214 0.000599869 0.000661266 0.000716422 0.000775807 0.000821557 0.000872428 0.000921224 0.000964146 0.000983868 0.000968046 0.00097041 0.000965383 0.000935016 0.00088161 0.00082699 0.000801381 0.000779624 0.000785316 0.00082092 0.000884878 0.00100377 0.0012132 0.00151077 0.00189487 0.0023906 0.00304504 0.00387659 0.00488646 0.00608428 0.00739847 0.00876117 0.0100847 0.0112884 0.0122267 0.0128006 0.0129387 0.0125812 0.0117644 0.0105873 0.00919374 0.0077484 0.00644848 0.00546618 0.00495973 0.0050149 0.00574212 0.00711699 0.00909608 0.0116134 0.0145194 0.0176467 0.0208684 0.023994 0.0268708 0.0293954 0.0314382 0.0329296 0.0338213 0.0340941 0.0337239 0.0327458 0.0311793 0.0290718 0.0264736 0.0234893 0.0201619 0.0166159 0.0129505 0.00925384 0.00563106 0.00221752 -0.000951605 -0.00376667 -0.0061714 -0.00813833 -0.00961847 -0.0105704 -0.0110446 -0.0110111 -0.0104976 -0.00957072 -0.00829022 -0.00670036 -0.00489132 -0.00293065 -0.000945822 0.000996607 0.00282791 0.00443452 0.0057207 0.00666737 0.00716995 0.00719402 0.00672687 0.00574096 0.00423074 0.00225231 -0.000211891 -0.00308564 -0.00629741 -0.00977447 -0.0134338 -0.017153 -0.0208761 -0.0244889 -0.0279267 -0.0311148 -0.0340134 -0.0365642 -0.0387543 -0.0405604 -0.0419778 -0.0429872 -0.0436189 -0.0438504 -0.043676 -0.0431124 -0.0421051 -0.0406229 -0.0386577 -0.0361606 -0.0331267 -0.0296325 -0.0257136 -0.0215077 -0.0171615 -0.0128485 -0.00872903 -0.00499342 -0.00179091 0.00076744 0.00263196 0.00378798 0.00432436 0.00437116 0.00404545 0.00349886 0.00285153 0.00220602 0.00160825 0.00114082 0.000811093 0.000586768 0.000440896 0.00034073 0.000250666 0.00015784 6.7611e-05 -2.45911e-05 -0.000150987 -0.000316957 -0.000471167 -0.000629521 -0.000773223 -0.000906145 -0.00103047 -0.00113945 -0.00124076 -0.00128961 -0.00131934 -0.0013595 -0.00139266 -0.00140424 -0.00138676 -0.00138112 -0.00138729 -0.00137962 -0.00137075 -0.00135689 -0.00134928 -0.00134095 -0.00132995 -0.00132482 -0.00130628 -0.0012971 -0.00129858 -0.00130379 -0.00129592 -0.00127826 -0.00128277 -0.00129256 -0.00129666 -0.00128509 
0 5.06214e-05 7.52917e-05 9.99546e-05 0.000142755 0.000197509 0.000228371 0.000248832 0.000289472 0.000341999 0.000381359 0.000404585 0.000447635 0.00050918 0.000564727 0.000607113 0.000655515 0.000722715 0.00079295 0.000859565 0.000923963 0.00098189 0.00103577 0.00108931 0.00113241 0.00114886 0.00113917 0.0011368 0.00113168 0.00109988 0.00104523 0.000993489 0.000969153 0.000958231 0.00097772 0.00102911 0.0011178 0.00127295 0.00152516 0.00188749 0.00235495 0.00296368 0.00376065 0.00476764 0.00599398 0.00743277 0.00901371 0.0106533 0.0122503 0.0136936 0.0148337 0.0155388 0.0157282 0.0153424 0.0144184 0.0130762 0.0114809 0.00982618 0.00833539 0.00720627 0.0066078 0.00666048 0.00745754 0.008996 0.0112238 0.0140522 0.0173149 0.0208279 0.0244153 0.0278795 0.0310475 0.0337913 0.035989 0.037565 0.0384695 0.0386891 0.0382165 0.0370807 0.0353238 0.0329963 0.0301587 0.0269104 0.0233229 0.0195061 0.0155763 0.0116295 0.00777086 0.00411314 0.000719415 -0.00231909 -0.00493462 -0.00709371 -0.00875176 -0.00988185 -0.0105005 -0.010603 -0.0102233 -0.00941619 -0.00822488 -0.00672619 -0.00501502 -0.00315474 -0.00124606 0.000611648 0.00233962 0.00383907 0.00502316 0.00583772 0.0062025 0.0060776 0.00544519 0.00427624 0.0025766 0.000382366 -0.00229378 -0.00538659 -0.0088297 -0.0125599 -0.0164825 -0.0204944 -0.0245216 -0.0284567 -0.032225 -0.0357634 -0.0390156 -0.0419328 -0.0444938 -0.0466682 -0.0484413 -0.0497968 -0.0507369 -0.0512346 -0.0512747 -0.050839 -0.0498734 -0.0483315 -0.0461851 -0.0433861 -0.0399354 -0.0358904 -0.0313225 -0.0263734 -0.0212226 -0.0160774 -0.0111432 -0.00664187 -0.00276538 0.000354613 0.00264971 0.00410627 0.00482698 0.00495062 0.00462837 0.00403001 0.00330055 0.0025547 0.00186831 0.00131701 0.00092232 0.000653215 0.000473665 0.00035218 0.000242679 0.000135892 3.18091e-05 -7.81102e-05 -0.000221879 -0.000401786 -0.000579627 -0.000755358 -0.000919609 -0.00107277 -0.0012143 -0.00134691 -0.00145964 -0.00152743 -0.00157182 -0.00162035 -0.00166418 -0.00167859 -0.00166884 -0.00166274 -0.0016653 -0.00165795 -0.00164391 -0.00162871 -0.00161708 -0.00160789 -0.00159957 -0.00159337 -0.00157813 -0.00156884 -0.00157047 -0.00157593 -0.00156702 -0.0015508 -0.00155362 -0.00156123 -0.00156176 -0.00154816 
0 4.71438e-05 7.75651e-05 0.000104822 0.000153098 0.000207455 0.000248832 0.000283083 0.000332969 0.000397825 0.000446985 0.000491492 0.000546373 0.000616589 0.000684624 0.000732402 0.00079163 0.000857196 0.000931094 0.00100291 0.00106339 0.0011288 0.00118047 0.00123805 0.00128168 0.00129732 0.00130068 0.00129554 0.00129302 0.00126225 0.00121029 0.00116488 0.00114246 0.00114488 0.00118131 0.00125287 0.00137369 0.00157538 0.00187821 0.0023145 0.00287377 0.00360436 0.0045498 0.00573462 0.00717947 0.00885648 0.0107015 0.012616 0.0144873 0.0161712 0.0175222 0.018374 0.0186382 0.0182557 0.0172598 0.015787 0.0140167 0.0121706 0.0104953 0.00921592 0.00851137 0.00854325 0.00937709 0.0110341 0.0134475 0.0165002 0.0200107 0.0237846 0.027599 0.0312616 0.0345889 0.0374333 0.0396907 0.0412823 0.0421605 0.0423137 0.0417528 0.040494 0.0386037 0.0361365 0.0331726 0.029802 0.026131 0.0222416 0.0182551 0.0142614 0.0103607 0.0066346 0.00317827 5.31006e-05 -0.00266434 -0.00493521 -0.00671871 -0.00801092 -0.00879359 -0.00908978 -0.00893339 -0.00837152 -0.00742975 -0.00620186 -0.00477079 -0.00320654 -0.00158205 -1.75364e-05 0.00141073 0.00262157 0.00354486 0.00409592 0.00422962 0.00389587 0.00307115 0.00172701 -0.000116687 -0.00245345 -0.00523783 -0.00842157 -0.0119393 -0.0157402 -0.0197245 -0.0238271 -0.0279637 -0.0320507 -0.0360049 -0.0397769 -0.0432884 -0.0465018 -0.0493836 -0.0519018 -0.0540312 -0.0557633 -0.0570667 -0.0579106 -0.0582653 -0.0580685 -0.0572624 -0.055778 -0.0535576 -0.0505522 -0.0467696 -0.0422414 -0.0370854 -0.0314448 -0.0255343 -0.0195934 -0.0138736 -0.00862168 -0.00407352 -0.000379079 0.00237179 0.00416472 0.00511199 0.00535332 0.00507482 0.00445956 0.00367707 0.00285188 0.0020945 0.00146617 0.00100682 0.000689322 0.000469733 0.000322573 0.000192052 7.54056e-05 -3.61254e-05 -0.00015585 -0.000306954 -0.000489095 -0.000684824 -0.000873714 -0.0010581 -0.00123385 -0.00139407 -0.00155404 -0.00167807 -0.00176872 -0.00183008 -0.00188415 -0.00193559 -0.00194809 -0.00194509 -0.0019358 -0.00193226 -0.00192609 -0.00190762 -0.00189379 -0.00188047 -0.00187379 -0.00187222 -0.00186807 -0.00186012 -0.00185285 -0.00185373 -0.00185786 -0.0018492 -0.00183618 -0.00183575 -0.00183772 -0.00183091 -0.00181266 
0 5.12403e-05 9.02255e-05 0.000133176 0.000182524 0.000240762 0.000289472 0.000332969 0.000393043 0.000451867 0.000514824 0.000566525 0.00062911 0.000706936 0.000773913 0.000847755 0.000908173 0.000989322 0.00106985 0.00114248 0.00121831 0.00127198 0.00134013 0.00139042 0.00143209 0.00145315 0.00145235 0.00145492 0.0014431 0.00141778 0.00137575 0.00134177 0.00132591 0.00135365 0.00140356 0.00150512 0.00166377 0.00190367 0.00227819 0.0027698 0.0034392 0.00429453 0.00539082 0.00677263 0.00843876 0.0103648 0.0124859 0.0146814 0.0168289 0.0187739 0.0203234 0.0213516 0.021701 0.0213444 0.0203163 0.0187397 0.01682 0.0148095 0.0129534 0.0115121 0.010699 0.0106573 0.0114935 0.0132006 0.0157137 0.0188866 0.0225367 0.0264229 0.0303441 0.0340718 0.0374306 0.0402803 0.042514 0.0440497 0.0448725 0.0449541 0.0443079 0.0429889 0.0410358 0.0385259 0.0355636 0.032233 0.0286255 0.0248591 0.0210009 0.0171398 0.0133618 0.00975342 0.00637669 0.00331051 0.000597885 -0.00170852 -0.00358544 -0.00500402 -0.00598942 -0.00654754 -0.00669064 -0.00645886 -0.00594657 -0.00516873 -0.00417518 -0.00307384 -0.00196885 -0.000891165 7.02929e-05 0.000831408 0.0013204 0.00150056 0.0013056 0.000697629 -0.000357463 -0.00185781 -0.00381906 -0.00620717 -0.00899843 -0.0121536 -0.0156148 -0.0193046 -0.0231942 -0.0272043 -0.0312678 -0.0353371 -0.0393395 -0.0431947 -0.0468675 -0.0502962 -0.0534326 -0.0562658 -0.058755 -0.0608715 -0.0625853 -0.0638496 -0.0645864 -0.0647381 -0.0641951 -0.0628728 -0.0606835 -0.057581 -0.0535388 -0.0486313 -0.0429541 -0.0366949 -0.0300927 -0.0234071 -0.0169334 -0.0109635 -0.00573662 -0.00145272 0.00176982 0.00395501 0.00515367 0.00555996 0.00536004 0.00475563 0.00394122 0.00306539 0.00223838 0.00155645 0.00103484 0.000665973 0.000425158 0.000235251 0.000101399 -2.84993e-05 -0.000145152 -0.000268238 -0.000423794 -0.000603637 -0.000803857 -0.00100395 -0.00119871 -0.00138113 -0.00156603 -0.00172543 -0.00187148 -0.00197407 -0.00205393 -0.0021287 -0.00217575 -0.00221374 -0.00221356 -0.00221663 -0.00221613 -0.0022091 -0.0022014 -0.00218036 -0.00217043 -0.00215926 -0.00215601 -0.00214919 -0.00213879 -0.00213128 -0.00212668 -0.00212524 -0.00211659 -0.00210945 -0.00210673 -0.00210858 -0.0020989 -0.00208491 
0 5.61464e-05 0.000117714 0.00016737 0.000232433 0.000283566 0.000341999 0.000397825 0.000451867 0.000520464 0.000575367 0.000646009 0.00070813 0.000780287 0.000864093 0.000936105 0.00102722 0.00110654 0.00119965 0.00128963 0.00135743 0.00143616 0.00149313 0.00155301 0.00158906 0.00159711 0.00160838 0.00159269 0.00158212 0.00155994 0.00153279 0.00152167 0.00152788 0.00157844 0.00166711 0.00179569 0.00199402 0.00229424 0.0027094 0.00329039 0.00405107 0.00504551 0.0063134 0.00789024 0.00980039 0.0119878 0.014387 0.0168774 0.0193182 0.0215079 0.0232986 0.0244852 0.0249454 0.0246347 0.0235788 0.0219255 0.0198816 0.0177098 0.0156922 0.0140951 0.0131249 0.0129969 0.0137451 0.0154165 0.0179287 0.02111 0.0247618 0.0286723 0.0325614 0.0362492 0.0395552 0.0423165 0.0444591 0.0459126 0.046641 0.0466383 0.0459539 0.044606 0.0426869 0.0402703 0.0374538 0.0342951 0.0309337 0.0274076 0.0238166 0.0202458 0.0167674 0.0133986 0.0102594 0.00735734 0.00475058 0.00248024 0.000565215 -0.00101774 -0.00220512 -0.00305675 -0.00360028 -0.00385107 -0.00381776 -0.00360277 -0.00325783 -0.00283933 -0.00235507 -0.00192214 -0.00161127 -0.00145612 -0.0014889 -0.00181917 -0.00243308 -0.00337843 -0.00468255 -0.00635489 -0.00837312 -0.0107756 -0.0134796 -0.0164799 -0.0197415 -0.0232302 -0.0268719 -0.0306635 -0.0345189 -0.0384149 -0.042287 -0.0461105 -0.0498076 -0.0533577 -0.0567047 -0.0598125 -0.0626376 -0.0651655 -0.0673132 -0.0690322 -0.070244 -0.0708004 -0.0706109 -0.0695468 -0.0674824 -0.0643663 -0.0601993 -0.054985 -0.0489058 -0.0421196 -0.0348932 -0.0275275 -0.020351 -0.0136686 -0.00778548 -0.0029056 0.000831219 0.00341124 0.0049295 0.0055296 0.00544981 0.00489593 0.00407909 0.00316146 0.00230288 0.00156012 0.000993078 0.000593795 0.000313407 0.00012033 -3.60757e-05 -0.000164097 -0.000286171 -0.000422633 -0.000578498 -0.000752928 -0.000959182 -0.00115252 -0.0013468 -0.00153452 -0.00170885 -0.00188747 -0.00202291 -0.00215165 -0.00225555 -0.0023371 -0.00241627 -0.00245722 -0.00249246 -0.0025041 -0.00250765 -0.00251647 -0.0025011 -0.00249108 -0.00247103 -0.002457 -0.00244901 -0.00242848 -0.00241866 -0.002403 -0.00239551 -0.00238716 -0.00237783 -0.00237728 -0.00237267 -0.00237514 -0.00236858 -0.00236464 
0 6.07926e-05 0.000128847 0.000198336 0.000259835 0.000316415 0.000381359 0.000446985 0.000514824 0.000575367 0.000649612 0.000726343 0.000799193 0.000879799 0.000959969 0.00106381 0.00115284 0.00124781 0.00134222 0.00142644 0.00150836 0.00156536 0.00163389 0.00167792 0.00170568 0.00171893 0.00172421 0.00172233 0.0017092 0.00170232 0.00170027 0.00171478 0.00174078 0.00183156 0.00194788 0.00212695 0.00238304 0.0027376 0.00324348 0.00389011 0.00477535 0.00590901 0.00734387 0.00913575 0.011285 0.0137399 0.016434 0.0192222 0.0219506 0.0244175 0.0264142 0.0277949 0.0283651 0.0281109 0.0270617 0.0253448 0.0231813 0.0208656 0.0186659 0.0168777 0.0157468 0.0154471 0.0160671 0.0176147 0.0200145 0.0230807 0.0266326 0.0304142 0.0342018 0.0377703 0.0409493 0.0435868 0.0455994 0.0469131 0.0475458 0.0474836 0.0467826 0.0455136 0.0437266 0.0415029 0.0389496 0.0361112 0.0330849 0.0299579 0.0267671 0.0235919 0.0204919 0.0175066 0.0146895 0.0120639 0.00963555 0.00744962 0.00549942 0.0038013 0.00235611 0.00114784 0.000175277 -0.00057966 -0.00121233 -0.00170637 -0.00206767 -0.00239303 -0.00274084 -0.00309556 -0.00352465 -0.00406871 -0.00477101 -0.00566515 -0.00677205 -0.00810931 -0.00970752 -0.0115375 -0.0136168 -0.0159433 -0.0184951 -0.0212816 -0.0242808 -0.0274345 -0.030755 -0.0342056 -0.0377282 -0.0413351 -0.0449802 -0.0486152 -0.052236 -0.0558054 -0.059265 -0.0626095 -0.0657677 -0.0686896 -0.0712939 -0.0735039 -0.0751854 -0.0762166 -0.0764384 -0.0757125 -0.0738799 -0.0708788 -0.0666614 -0.0612821 -0.0548751 -0.0476538 -0.0398991 -0.031926 -0.0241049 -0.0167785 -0.0102501 -0.00477797 -0.000530212 0.00251134 0.00436031 0.005218 0.00530188 0.00483676 0.0040555 0.00314564 0.0022616 0.00150187 0.00089697 0.000461767 0.000173248 -5.74606e-05 -0.000206802 -0.000343853 -0.000468058 -0.000602498 -0.00075779 -0.000920346 -0.00111739 -0.00131033 -0.00150234 -0.00168824 -0.00188175 -0.00205025 -0.0022072 -0.00234314 -0.00246352 -0.00256456 -0.00263409 -0.00270624 -0.00274516 -0.00277568 -0.00278734 -0.00279521 -0.00279707 -0.00277961 -0.00276883 -0.0027509 -0.00273812 -0.0027172 -0.00270279 -0.00269128 -0.00267946 -0.00266791 -0.00265954 -0.002661 -0.00265269 -0.00264989 -0.00264415 -0.00264743 
0 5.45291e-05 0.000131896 0.00020099 0.000271612 0.000324934 0.000404585 0.000491492 0.000566525 0.000646009 0.000726343 0.000831039 0.00091714 0.000999759 0.00109393 0.00119346 0.00129591 0.00137709 0.00146629 0.00155159 0.00162066 0.00168684 0.00174192 0.00178853 0.00181302 0.00182543 0.00184666 0.00184688 0.00184485 0.00185491 0.00188023 0.00192447 0.00198375 0.00210199 0.00226644 0.00248845 0.0028027 0.00323695 0.00381505 0.00457691 0.00558927 0.00689312 0.00852786 0.0105404 0.0129417 0.0156687 0.0186431 0.0217301 0.0247556 0.0274854 0.0297361 0.0313024 0.0320119 0.0318293 0.0307784 0.0289972 0.0267139 0.0242244 0.0218332 0.0198339 0.018472 0.0179617 0.0183507 0.0196767 0.021863 0.0247184 0.0280554 0.0316504 0.0352327 0.03861 0.0416108 0.0440762 0.0459384 0.0471494 0.0477099 0.0476327 0.0469983 0.045858 0.0442867 0.0423655 0.0401759 0.0377435 0.0351815 0.0325221 0.0298159 0.0271396 0.0245291 0.0219702 0.0195392 0.0172149 0.0150025 0.0129301 0.0109854 0.00914794 0.00746461 0.00588644 0.00440379 0.00303101 0.0017487 0.000511664 -0.00069098 -0.00189305 -0.00307504 -0.00428004 -0.00555713 -0.00689949 -0.00830929 -0.0098491 -0.011486 -0.0132386 -0.0151279 -0.0171328 -0.0192532 -0.0215309 -0.0239116 -0.0264279 -0.0290917 -0.0318819 -0.0347904 -0.0378338 -0.040954 -0.0441752 -0.0474789 -0.0508592 -0.054303 -0.0578099 -0.0613292 -0.0648334 -0.0682582 -0.0715453 -0.0745779 -0.0772647 -0.0794631 -0.0809827 -0.0816718 -0.0813476 -0.0798203 -0.0770104 -0.0728721 -0.0674084 -0.0607999 -0.053244 -0.0450391 -0.0365435 -0.0281487 -0.0202208 -0.0131069 -0.00707503 -0.00230604 0.00118002 0.00342433 0.00457913 0.00488903 0.00457682 0.00387825 0.00300208 0.00212814 0.00134165 0.000706318 0.000244943 -7.57928e-05 -0.000305449 -0.000462298 -0.000582972 -0.000697071 -0.000827375 -0.000965758 -0.00111386 -0.0012983 -0.00147877 -0.00166423 -0.00185256 -0.00204194 -0.00222401 -0.00237998 -0.00253831 -0.00267868 -0.00278308 -0.00287086 -0.00294205 -0.0030042 -0.00303896 -0.0030523 -0.00306943 -0.00306583 -0.00306109 -0.00304923 -0.00303849 -0.00302794 -0.00300538 -0.00300224 -0.00299122 -0.00298257 -0.00296698 -0.00295824 -0.00296167 -0.00294423 -0.0029347 -0.00292514 -0.00293239 
0 5.9656e-05 0.000144993 0.000226806 0.000299729 0.000358965 0.000447635 0.000546373 0.00062911 0.00070813 0.000799193 0.00091714 0.0010174 0.00110734 0.00120729 0.00131967 0.0014253 0.00150788 0.00159347 0.00167592 0.00174503 0.00180242 0.00185206 0.00189035 0.00191145 0.00193125 0.00196204 0.00197709 0.00198836 0.00201996 0.00207753 0.00215447 0.00224706 0.00240263 0.00261116 0.00289072 0.00327555 0.00379349 0.00447401 0.00535378 0.00651681 0.00800176 0.00984554 0.0120962 0.0147595 0.0177708 0.0210462 0.0244422 0.0277673 0.0307774 0.0332644 0.0350243 0.0358691 0.0357567 0.0347128 0.0328685 0.0304541 0.0277799 0.025157 0.0228912 0.0212493 0.0204388 0.0205267 0.0215455 0.0234226 0.0259737 0.0290179 0.0323283 0.0356536 0.0387935 0.0415817 0.0438713 0.0455973 0.0467239 0.0472715 0.0472588 0.0467645 0.0458478 0.0445676 0.0430005 0.0412258 0.0392693 0.0372228 0.0351193 0.0329776 0.0308452 0.0287384 0.0266422 0.0245994 0.0225859 0.0205896 0.0186291 0.0166792 0.0147199 0.0127734 0.0108093 0.0088282 0.00684196 0.00482741 0.00279618 0.000767954 -0.00129421 -0.00338264 -0.00548821 -0.00762804 -0.00978264 -0.0119426 -0.0141299 -0.01631 -0.0184873 -0.0206806 -0.0228667 -0.0250543 -0.0272753 -0.029503 -0.0317736 -0.0341044 -0.0364858 -0.0389483 -0.0415221 -0.0441845 -0.0469818 -0.0499135 -0.0529791 -0.0561926 -0.0595602 -0.063045 -0.0666336 -0.0702589 -0.0738446 -0.0772658 -0.0804032 -0.0830829 -0.085103 -0.0862741 -0.0863889 -0.0852326 -0.0826972 -0.0787109 -0.0732765 -0.0665574 -0.0587716 -0.0502284 -0.0413084 -0.0324308 -0.0239849 -0.0163353 -0.00977737 -0.0045047 -0.000552081 0.00209655 0.00359129 0.00416469 0.0040441 0.00347208 0.00267347 0.00183508 0.001057 0.000407627 -7.4976e-05 -0.000411893 -0.000651826 -0.000800225 -0.000904555 -0.000999429 -0.00110727 -0.00122054 -0.00134206 -0.00150172 -0.00166691 -0.00184134 -0.00202611 -0.00221611 -0.00239371 -0.00255492 -0.00272138 -0.00287396 -0.00298745 -0.00307861 -0.0031646 -0.0032406 -0.00329089 -0.00331685 -0.00334182 -0.00335034 -0.0033517 -0.00334836 -0.00334207 -0.00332959 -0.00330732 -0.00330391 -0.00329512 -0.00328129 -0.00326104 -0.00325282 -0.00325631 -0.00323682 -0.00321996 -0.00321111 -0.0032216 
0 7.12459e-05 0.000165554 0.000264794 0.000341116 0.000412285 0.00050918 0.000616589 0.000706936 0.000780287 0.000879799 0.000999759 0.00110734 0.00120051 0.00129911 0.00142296 0.00152729 0.00161693 0.00170305 0.00178788 0.00186805 0.00192139 0.001975 0.00200788 0.00202869 0.00205553 0.00208683 0.00211231 0.0021316 0.00218362 0.00227571 0.00239319 0.00253205 0.00273877 0.00300376 0.00335459 0.00382087 0.00442878 0.00522379 0.00623183 0.00756095 0.00924342 0.0113166 0.0138279 0.0167726 0.0200885 0.0236826 0.0274007 0.0310305 0.0343256 0.0370397 0.0389797 0.0399401 0.0398731 0.038812 0.0368812 0.0343152 0.031434 0.028549 0.025972 0.0239908 0.0227952 0.0224928 0.0231093 0.0245884 0.026762 0.0294572 0.0324353 0.0354726 0.0383551 0.0409272 0.0430635 0.0447005 0.0458114 0.0464245 0.0465578 0.0462735 0.045644 0.0447122 0.0435557 0.0422442 0.0408112 0.0393082 0.0377778 0.0362083 0.0346261 0.0330196 0.0313778 0.0296967 0.0279663 0.0261579 0.0242827 0.0223024 0.0202123 0.0179992 0.0156526 0.0131761 0.0105969 0.0078872 0.00509202 0.00223851 -0.000678399 -0.00364871 -0.00661902 -0.00959385 -0.0125355 -0.0154235 -0.0182332 -0.0209466 -0.0235458 -0.0260488 -0.0284315 -0.0307193 -0.0329166 -0.0350278 -0.0370788 -0.0391009 -0.0410955 -0.0431327 -0.0452413 -0.0474446 -0.0498013 -0.0523397 -0.0550629 -0.0580155 -0.0611985 -0.0645913 -0.0681902 -0.0719352 -0.0757394 -0.0794842 -0.0830232 -0.0861486 -0.0886509 -0.0902923 -0.0908466 -0.0900836 -0.0878702 -0.0841066 -0.0788063 -0.0720901 -0.0641951 -0.0554285 -0.0461855 -0.0369089 -0.0280167 -0.0198867 -0.0128455 -0.00709572 -0.00268588 0.000371617 0.00223192 0.00310108 0.00321184 0.00280751 0.00212621 0.00135367 0.000613795 -2.59252e-05 -0.000511934 -0.000848485 -0.00108835 -0.00121839 -0.0013039 -0.00137726 -0.00145987 -0.00154657 -0.00163869 -0.00176338 -0.00190221 -0.00205129 -0.00221509 -0.00239064 -0.0025461 -0.00270575 -0.00287299 -0.00303757 -0.00316982 -0.00327158 -0.00338407 -0.00347708 -0.00354908 -0.00359298 -0.00362551 -0.00364953 -0.00365445 -0.00365886 -0.00365281 -0.00363539 -0.00361329 -0.0036047 -0.00359662 -0.00357411 -0.0035485 -0.00354101 -0.00354462 -0.00352816 -0.00350701 -0.00350181 -0.00351549 
0 7.87616e-05 0.00018849 0.000289349 0.000382459 0.000457448 0.000564727 0.000684624 0.000773913 0.000864093 0.000959969 0.00109393 0.00120729 0.00129911 0.00141225 0.00152387 0.00164399 0.00172529 0.0018085 0.0018981 0.00196489 0.00203068 0.00206791 0.00210455 0.0021289 0.00215948 0.00220652 0.00224123 0.00228266 0.00236385 0.00249569 0.00265825 0.00286153 0.00311587 0.00346383 0.00389469 0.00445639 0.00518542 0.0060905 0.00726508 0.00876165 0.010658 0.0129811 0.0157646 0.0190087 0.0226527 0.0265737 0.0306235 0.0345631 0.0381124 0.0410522 0.0431233 0.0441735 0.0441231 0.0430103 0.0409644 0.0382279 0.0350931 0.0319061 0.0289715 0.0265697 0.0249356 0.0241622 0.0243072 0.0253238 0.0270705 0.0293555 0.0319951 0.0347252 0.037372 0.0397772 0.0418201 0.0434337 0.0446205 0.0453635 0.0457045 0.045704 0.0454048 0.0448689 0.0441724 0.0433546 0.0424461 0.0415011 0.040506 0.0394629 0.0383789 0.0372332 0.0359762 0.0346223 0.0331272 0.0314679 0.0296266 0.0275911 0.0253239 0.0228509 0.0201446 0.0172066 0.0140577 0.0107468 0.00726063 0.00363024 -9.67886e-05 -0.00384224 -0.00760468 -0.0113412 -0.0149978 -0.0185244 -0.0219208 -0.0251289 -0.0281474 -0.0309642 -0.0335708 -0.0359641 -0.0381859 -0.040217 -0.0420953 -0.0438646 -0.0455623 -0.0472231 -0.0489288 -0.0507198 -0.0526549 -0.0547971 -0.0571874 -0.0598489 -0.0628159 -0.0660891 -0.0696366 -0.0734354 -0.0773927 -0.0813794 -0.0852352 -0.0887577 -0.0916708 -0.0937556 -0.0947329 -0.0943696 -0.0925011 -0.0890329 -0.0839267 -0.0773276 -0.0694337 -0.0605552 -0.0511102 -0.0415358 -0.0322764 -0.0237431 -0.0162697 -0.0100646 -0.00523864 -0.00175553 0.000468019 0.00165793 0.00203597 0.0018377 0.00131379 0.00065816 -1.50575e-05 -0.000606984 -0.00106452 -0.0013998 -0.00160303 -0.00172589 -0.0017761 -0.00182213 -0.00187853 -0.0019238 -0.00198554 -0.00206737 -0.00217129 -0.00229317 -0.00243819 -0.00258566 -0.00273421 -0.00287425 -0.00304657 -0.00321719 -0.00335259 -0.00348124 -0.00359233 -0.0037136 -0.00379399 -0.00385185 -0.00390173 -0.00392551 -0.00395356 -0.00395689 -0.00395795 -0.00394018 -0.00391525 -0.00391351 -0.00389946 -0.00387777 -0.00384728 -0.0038401 -0.00384682 -0.00382867 -0.00380792 -0.00379938 -0.00381201 
0 8.91464e-05 0.000191372 0.000313386 0.000398104 0.000495731 0.000607113 0.000732402 0.000847755 0.000936105 0.00106381 0.00119346 0.00131967 0.00142296 0.00152387 0.00165414 0.00175424 0.00184373 0.00191351 0.00198539 0.00205835 0.00210073 0.00214475 0.00217144 0.00220379 0.00225562 0.00231466 0.00238209 0.00245829 0.00257898 0.00275883 0.00297665 0.0032328 0.00356244 0.00397521 0.00450811 0.00518265 0.0060266 0.00709569 0.0084337 0.0101442 0.0122794 0.0148741 0.0179609 0.0215259 0.025497 0.0297626 0.0341302 0.0383463 0.0421515 0.0452492 0.0474401 0.0485374 0.0484666 0.0472758 0.0450839 0.0421166 0.0386958 0.0351341 0.0317631 0.0289013 0.0267419 0.0254602 0.025095 0.0256097 0.0268906 0.0287745 0.0310368 0.0334999 0.0359552 0.0382517 0.0402842 0.0419761 0.0432912 0.0442446 0.0448629 0.0451781 0.0452678 0.0451719 0.0449392 0.0446103 0.0442247 0.0437612 0.0432535 0.0426732 0.0419956 0.0411929 0.040269 0.0391509 0.0378262 0.0362535 0.0344131 0.0322679 0.0298322 0.0270737 0.0240235 0.0206897 0.0170828 0.013187 0.0090896 0.00484301 0.000483071 -0.0039709 -0.00840669 -0.0127696 -0.0170133 -0.0211134 -0.0250011 -0.0286708 -0.0320727 -0.0351958 -0.038024 -0.0405729 -0.0428201 -0.0448298 -0.0466219 -0.0482314 -0.0496975 -0.0511081 -0.052493 -0.0539453 -0.0555347 -0.0573329 -0.059389 -0.061781 -0.0645239 -0.0676363 -0.0711166 -0.0749173 -0.0789471 -0.083098 -0.0871908 -0.0909927 -0.094275 -0.0967348 -0.0981033 -0.0981328 -0.0966238 -0.093449 -0.0886158 -0.0821804 -0.0743811 -0.0655143 -0.0559711 -0.0462186 -0.0367061 -0.0278458 -0.0200068 -0.0134098 -0.00816346 -0.00429822 -0.00168369 -0.000160675 0.000505261 0.000555768 0.000226236 -0.000289858 -0.000850982 -0.00137485 -0.0017928 -0.00208307 -0.00226703 -0.00233672 -0.00235391 -0.00235537 -0.00235735 -0.00236495 -0.00237626 -0.00241224 -0.00248051 -0.00257363 -0.00269524 -0.002831 -0.00295168 -0.00309348 -0.00325018 -0.00341479 -0.0035625 -0.00367821 -0.00381242 -0.00392585 -0.00402368 -0.00409783 -0.00414547 -0.00419761 -0.00422321 -0.00425156 -0.00425611 -0.00424019 -0.00423185 -0.00422107 -0.00422124 -0.00419022 -0.00416212 -0.00415606 -0.00415318 -0.00414371 -0.00411122 -0.00410691 -0.00411144 
0 9.59499e-05 0.000212528 0.000328093 0.000434417 0.000535214 0.000655515 0.00079163 0.000908173 0.00102722 0.00115284 0.00129591 0.0014253 0.00152729 0.00164399 0.00175424 0.00186551 0.00194053 0.0020017 0.00207219 0.00212655 0.00218339 0.00221482 0.00225067 0.00229773 0.00236469 0.00245171 0.00254734 0.00266348 0.00283127 0.00305856 0.00332865 0.00366377 0.00405047 0.00456289 0.00519293 0.00598523 0.00698084 0.00819935 0.00975979 0.0117011 0.0141163 0.0170295 0.0204509 0.0243557 0.028679 0.0332653 0.0379317 0.0424042 0.0463933 0.0496455 0.0518924 0.0530066 0.0528824 0.0515629 0.0491628 0.0459269 0.0421316 0.03814 0.0342878 0.0308839 0.028181 0.0263423 0.0254343 0.0254358 0.026264 0.0277332 0.0296929 0.031915 0.0342374 0.0364999 0.0385911 0.0404152 0.0419662 0.0431907 0.0441404 0.0448423 0.0453359 0.0456748 0.0459092 0.0460362 0.0460889 0.0460592 0.0459266 0.0456883 0.045322 0.0447955 0.044063 0.0430903 0.0418412 0.0402841 0.0383744 0.03612 0.0334953 0.0305038 0.0271431 0.0234299 0.0193889 0.0150993 0.0105537 0.00579012 0.000901411 -0.00401455 -0.00894025 -0.0137994 -0.0185359 -0.0230802 -0.0273905 -0.031419 -0.0351527 -0.0385464 -0.041598 -0.0442974 -0.0466641 -0.0487127 -0.0504753 -0.0520071 -0.0533772 -0.0546209 -0.0558163 -0.0570516 -0.0583778 -0.059904 -0.0617136 -0.0638586 -0.0663956 -0.0693673 -0.0727287 -0.0764836 -0.0805328 -0.0847639 -0.089 -0.093034 -0.0965707 -0.0993521 -0.101051 -0.101423 -0.100242 -0.0973849 -0.0928119 -0.0866123 -0.0789735 -0.0701952 -0.0606788 -0.0508549 -0.041196 -0.0321232 -0.0240003 -0.0170552 -0.0114605 -0.00719294 -0.00421254 -0.00233957 -0.00136097 -0.00105095 -0.00116411 -0.00151033 -0.00195121 -0.0023768 -0.00272272 -0.00297187 -0.00307821 -0.00310956 -0.00305857 -0.00300031 -0.00294817 -0.00288875 -0.00285523 -0.0028305 -0.00285106 -0.00290725 -0.00299686 -0.00309647 -0.00320472 -0.00331986 -0.00346926 -0.00362259 -0.00375956 -0.0038913 -0.00400829 -0.00414167 -0.00424272 -0.0043304 -0.00439924 -0.00445037 -0.00450587 -0.00453657 -0.00455757 -0.00455167 -0.00454556 -0.0045475 -0.00453842 -0.0045153 -0.0044842 -0.00447381 -0.00446935 -0.00445147 -0.00442552 -0.00441481 -0.00441739 
0 0.000115255 0.000233197 0.000368492 0.000476549 0.000599869 0.000722715 0.000857196 0.000989322 0.00110654 0.00124781 0.00137709 0.00150788 0.00161693 0.00172529 0.00184373 0.00194053 0.00202572 0.00208567 0.0021509 0.0022147 0.00226723 0.00230908 0.00234697 0.00240916 0.00249833 0.00260692 0.00273538 0.00289813 0.00311276 0.00339269 0.0037291 0.00413361 0.00461517 0.0052179 0.00597464 0.00691103 0.00806427 0.00948875 0.011278 0.0134928 0.0162118 0.0194605 0.0232365 0.0275025 0.0321666 0.0370845 0.0420257 0.0467093 0.0508613 0.0541831 0.0564445 0.0575069 0.0572653 0.055761 0.0531057 0.0495241 0.0453206 0.0408375 0.0364476 0.0324879 0.0292008 0.0268012 0.0253595 0.0248583 0.0252451 0.0263647 0.0280433 0.0301094 0.0323795 0.0346834 0.0369048 0.0389464 0.0407589 0.0423145 0.0436491 0.0447603 0.0456852 0.0464616 0.0470946 0.0475916 0.0479973 0.0482704 0.0484195 0.0484353 0.0482565 0.0478528 0.0472174 0.046273 0.045002 0.0433863 0.0413834 0.0389789 0.0361715 0.0329425 0.0293272 0.0253468 0.0210102 0.0163649 0.0114858 0.00643347 0.00126079 -0.00399796 -0.0092647 -0.0144473 -0.0194959 -0.0243605 -0.0289667 -0.0332867 -0.037273 -0.0408887 -0.0441429 -0.047025 -0.0495163 -0.0516779 -0.0535225 -0.055078 -0.0564245 -0.0576244 -0.0587319 -0.0598653 -0.0610786 -0.0624594 -0.0641012 -0.0660759 -0.0684383 -0.071254 -0.0745129 -0.0781979 -0.0822275 -0.0864922 -0.0908073 -0.0949573 -0.0986849 -0.101683 -0.103643 -0.104307 -0.103419 -0.100841 -0.0965518 -0.09059 -0.0831633 -0.074565 -0.0651573 -0.0553835 -0.045693 -0.0365007 -0.028178 -0.020966 -0.015045 -0.0104425 -0.00710071 -0.00489665 -0.0036141 -0.00302107 -0.00289999 -0.00304916 -0.00332407 -0.00362176 -0.00387307 -0.00403608 -0.00407886 -0.00403235 -0.00391942 -0.00378729 -0.0036536 -0.00353102 -0.0034232 -0.00333513 -0.00329715 -0.00330511 -0.00335031 -0.00341196 -0.00348445 -0.00358035 -0.00370233 -0.00383551 -0.00397097 -0.00409069 -0.00421805 -0.00434753 -0.00446691 -0.00457278 -0.00464654 -0.00472239 -0.00477835 -0.00482828 -0.00485469 -0.00485653 -0.00486691 -0.00486161 -0.00486316 -0.00483736 -0.00481412 -0.00480346 -0.00478657 -0.00477455 -0.00474169 -0.00473524 -0.0047292 
