0 0 0 0 0 0 0 0 0 0 0 0 0 0 0 0 0 0 0 0 0 0 0 0 0 0 0 0 0 0 0 0 0 0 0 0 0 0 0 0 0 0 0 0 0 0 0 0 0 0 0 0 0 0 0 0 0 0 0 0 0 0 0 0 0 0 0 0 0 0 0 0 0 0 0 0 0 0 0 0 0 0 0 0 0 0 0 0 0 0 0 0 0 0 0 0 0 0 0 0 0 0 0 0 0 0 0 0 0 0 0 0 0 0 0 0 0 0 0 0 0 0 0 0 0 0 0 0 0 0 0 0 0 0 0 0 0 0 0 0 0 0 0 0 0 0 0 0 0 0 0 0 0 0 0 0 0 0 0 0 0 0 0 0 0 0 0 0 0 0 0 0 0 0 0 0 0 0 0 0 0 0 0 0 0 0 0 0 0 0 0 0 0 0 0 0 0 0 0 0 
0 4.91751e-05 9.57863e-05 0.000128121 0.000177062 0.00023009 0.000287148 0.000343849 0.0003919 0.000463486 0.000545827 0.000645971 0.000764347 0.000897604 0.00107843 0.00128796 0.0015326 0.00180299 0.00207355 0.0023415 0.00255415 0.00270037 0.00275937 0.00270144 0.0025224 0.00220595 0.00178418 0.00129354 0.000763081 0.000236673 -0.000236487 -0.000625988 -0.000896308 -0.00104315 -0.00105301 -0.000910836 -0.00065712 -0.000293045 0.000147513 0.000649984 0.00118489 0.00172606 0.00227011 0.00280238 0.00331564 0.00378851 0.00424359 0.00465359 0.00501673 0.00532674 0.00558203 0.00576808 0.00588294 0.00592007 0.00587742 0.00575959 0.00553379 0.00523718 0.00484523 0.00435668 0.00378427 0.0031422 0.00240687 0.00161473 0.000765038 -0.000135551 -0.00106153 -0.00200069 -0.00292778 -0.00383301 -0.00468997 -0.0054927 -0.00621479 -0.0068602 -0.00739551 -0.00783976 -0.00817 -0.00840272 -0.00852965 -0.00856186 -0.00848454 -0.0083305 -0.00808785 -0.00777675 -0.00740554 -0.00698757 -0.00651947 -0.00602937 -0.00553114 -0.00503622 -0.00453639 -0.00404802 -0.00359373 -0.00316454 -0.00275038 -0.00236743 -0.00201338 -0.00167412 -0.00135917 -0.0010583 -0.000764899 -0.000483444 -0.000205645 7.9253e-05 0.000358325 0.000649029 0.00096367 0.00128784 0.00162561 0.00199816 0.00240396 0.0028326 0.0032844 0.00375985 0.00426716 0.00478355 0.00530162 0.0058137 0.0063165 0.00678468 0.00722801 0.00761799 0.00795539 0.00821741 0.00841376 0.00852355 0.00855369 0.00847561 0.00831092 0.00803225 0.00765488 0.00717641 0.00660714 0.00594204 0.00520581 0.00439537 0.00353764 0.00264719 0.00172656 0.000815387 -9.17681e-05 -0.000982817 -0.001836 -0.00263577 -0.00340391 -0.00409344 -0.00472338 -0.0052868 -0.0057838 -0.00620776 -0.00656708 -0.0068668 -0.0071088 -0.00730189 -0.00744797 -0.007577 -0.00767602 -0.00776287 -0.00784129 -0.00792486 -0.00798893 -0.00804035 -0.00806884 -0.00804613 -0.00796397 -0.00778001 -0.00750377 -0.00711138 -0.00659334 -0.0059711 -0.00526394 -0.00449722 -0.00370746 -0.00292953 -0.0022165 -0.00161036 -0.00111736 -0.000776722 -0.000574434 -0.000502304 -0.000534664 -0.00062467 -0.000776157 -0.000942977 -0.00110481 -0.00123894 -0.00132217 -0.00137695 -0.0013869 -0.00136481 -0.00131713 -0.00124215 -0.00116248 -0.0010649 -0.000965817 -0.000871088 -0.00077813 -0.000699893 -0.000619918 -0.000555548 
0 9.57863e-05 0.000165377 0.000246551 0.000322748 0.000439668 0.000557263 0.000663988 0.000789046 0.000919359 0.0011086 0.00131303 0.00154999 0.00184144 0.0021852 0.00262261 0.00310097 0.00363289 0.00417771 0.00468749 0.00511614 0.00539411 0.00550591 0.00539234 0.00503465 0.00441063 0.00358534 0.00261507 0.00156831 0.000539715 -0.000413523 -0.00116736 -0.00171619 -0.00200799 -0.0020125 -0.00174759 -0.00122209 -0.000503188 0.000375659 0.00137904 0.00244226 0.00351017 0.00459886 0.00564449 0.00664713 0.00758688 0.0084414 0.0092372 0.00991535 0.0104884 0.0109634 0.0113088 0.011502 0.0115657 0.011465 0.0111972 0.0107572 0.0101463 0.00936901 0.00840914 0.00728748 0.00600636 0.00458201 0.00301807 0.0013564 -0.000378676 -0.00217108 -0.00399414 -0.00578149 -0.007537 -0.00922346 -0.0107669 -0.0121768 -0.0134425 -0.0145036 -0.0153737 -0.0160655 -0.0165269 -0.0167804 -0.0168534 -0.0167395 -0.0164396 -0.0159908 -0.0154001 -0.0146781 -0.0138531 -0.0129767 -0.0120421 -0.0110551 -0.0100656 -0.00910397 -0.00815696 -0.00724509 -0.00637396 -0.00555157 -0.00478963 -0.00406984 -0.00337831 -0.00274079 -0.00213251 -0.00153265 -0.000959771 -0.000399464 0.000178787 0.000758987 0.00135278 0.00197595 0.00263136 0.00333737 0.00409724 0.00488321 0.00572832 0.00664766 0.00760249 0.00857094 0.00957358 0.0105893 0.0115887 0.0125505 0.013474 0.0143149 0.015051 0.0156927 0.0162157 0.016563 0.0167623 0.0167948 0.0166161 0.0162558 0.0157184 0.0149576 0.0140065 0.0128908 0.0115895 0.0101436 0.00858725 0.00693445 0.00519755 0.00343077 0.00165277 -0.000115155 -0.00184584 -0.00349443 -0.00507149 -0.00654729 -0.00790762 -0.00914802 -0.0102494 -0.0112316 -0.0120739 -0.0127773 -0.0133793 -0.0138842 -0.0142706 -0.014613 -0.0148911 -0.015125 -0.0153377 -0.0155228 -0.015715 -0.0158791 -0.0160019 -0.0160783 -0.0160675 -0.0158972 -0.0155635 -0.015011 -0.0142352 -0.0132233 -0.0119812 -0.0105936 -0.00907484 -0.00751045 -0.00596844 -0.0045526 -0.00333049 -0.00234964 -0.00164979 -0.0012298 -0.00108139 -0.00111192 -0.00129998 -0.00157705 -0.00190423 -0.00223035 -0.00247645 -0.00266545 -0.00276074 -0.00279468 -0.00276239 -0.00266292 -0.00254059 -0.00237155 -0.00219305 -0.00199657 -0.00179971 -0.00162522 -0.00144743 -0.00129503 -0.00115621 
0 0.000128121 0.000246551 0.000341192 0.000478372 0.000639056 0.000817046 0.000998361 0.00117172 0.00140481 0.00167963 0.00200468 0.00238046 0.00280661 0.00335153 0.00398381 0.00470728 0.00549796 0.0062925 0.00706394 0.00768589 0.00810906 0.00827515 0.00810461 0.00757548 0.00665569 0.00542849 0.00399797 0.00245547 0.000927359 -0.00045143 -0.00158126 -0.00237115 -0.00279451 -0.00281219 -0.00239595 -0.00163473 -0.000555127 0.000756434 0.00224649 0.00382667 0.0054204 0.00700573 0.00853645 0.00998643 0.0113059 0.0125362 0.0136264 0.014565 0.0153444 0.0159648 0.0163938 0.0166253 0.0166474 0.016452 0.016043 0.0153523 0.0144523 0.0132951 0.0118756 0.010227 0.00838371 0.00630633 0.00407455 0.00170021 -0.000794602 -0.00335287 -0.00593983 -0.00849411 -0.0109927 -0.0133744 -0.0156128 -0.0176518 -0.0194888 -0.0210433 -0.0223464 -0.0233484 -0.0240707 -0.0244976 -0.0246526 -0.0245075 -0.0241312 -0.0235101 -0.0226907 -0.0216966 -0.0205625 -0.0192923 -0.0179454 -0.016556 -0.0151569 -0.0137368 -0.0123317 -0.0109956 -0.00971519 -0.0084734 -0.00730854 -0.00621619 -0.00516791 -0.00418581 -0.00324555 -0.00232861 -0.00144439 -0.000570596 0.000321022 0.00120596 0.00212365 0.00310311 0.00411453 0.00516884 0.00630945 0.00752716 0.00880027 0.0101292 0.0115081 0.0129476 0.0144013 0.015848 0.0172664 0.0186441 0.0199265 0.0211223 0.0221668 0.0230549 0.0237332 0.024209 0.0244403 0.0244351 0.024132 0.0235778 0.0227237 0.0215988 0.0202089 0.0185828 0.0167133 0.0146571 0.012418 0.0100534 0.00759684 0.00506443 0.00254183 2.47133e-05 -0.00245351 -0.00483554 -0.00708669 -0.00924026 -0.0111954 -0.0129852 -0.0145957 -0.0160273 -0.0172677 -0.0183368 -0.0192542 -0.0200277 -0.0206754 -0.0212151 -0.0217074 -0.0221289 -0.0225174 -0.0228816 -0.0232462 -0.0235532 -0.0238056 -0.0239732 -0.0239822 -0.0237918 -0.0233061 -0.0225286 -0.0214051 -0.0199134 -0.018106 -0.0160439 -0.0137988 -0.0114745 -0.00917791 -0.00705882 -0.00523482 -0.00374754 -0.00269234 -0.00204735 -0.00178616 -0.00183011 -0.00206545 -0.00247366 -0.00294129 -0.00340162 -0.00378646 -0.00404346 -0.00421155 -0.00426116 -0.00421692 -0.00409437 -0.00389653 -0.00366969 -0.00339345 -0.00310451 -0.00282234 -0.00254655 -0.00230101 -0.00205745 -0.00185607 
0 0.000177062 0.000322748 0.000478372 0.000646961 0.000873665 0.00111389 0.00134752 0.00160687 0.00190053 0.00228443 0.0027177 0.00321661 0.00381208 0.00452226 0.00538536 0.00634447 0.00739278 0.00846089 0.00946506 0.0103018 0.0108584 0.011077 0.0108596 0.0101644 0.00896671 0.00737312 0.00550211 0.00348968 0.00150733 -0.000307804 -0.0017642 -0.00280482 -0.00334971 -0.00334761 -0.00281326 -0.00178869 -0.000376434 0.0013429 0.0032876 0.00533974 0.00739679 0.00944639 0.0113981 0.0132285 0.0149004 0.016394 0.017725 0.0188302 0.0197228 0.0204125 0.0208641 0.0210505 0.0209938 0.0206576 0.0200335 0.0191051 0.0178861 0.0163731 0.01455 0.0124501 0.0100877 0.00748305 0.00466199 0.00168336 -0.0014134 -0.00459271 -0.00781142 -0.0109811 -0.014094 -0.017092 -0.0198828 -0.0224567 -0.0247905 -0.026798 -0.0284841 -0.0298452 -0.0308215 -0.0314281 -0.0316954 -0.0316173 -0.031207 -0.0305096 -0.0295477 -0.0283461 -0.0269479 -0.0254196 -0.023769 -0.0220161 -0.020225 -0.0184353 -0.0166455 -0.0148939 -0.0131895 -0.0115471 -0.0099908 -0.00850528 -0.00707235 -0.00572499 -0.0044308 -0.00316274 -0.00193621 -0.000727905 0.000506009 0.00174808 0.00302185 0.0043514 0.00573776 0.00719898 0.008744 0.0103376 0.0120087 0.0137668 0.0155644 0.0173733 0.0192054 0.0210268 0.0227984 0.0244885 0.0260793 0.0275144 0.0287549 0.0297985 0.0306019 0.031099 0.031307 0.0312023 0.0307318 0.0299367 0.0288193 0.0273421 0.0255501 0.0234829 0.0211252 0.0185373 0.0157636 0.0128331 0.00977082 0.00664549 0.0034972 0.000358445 -0.00272738 -0.00569272 -0.0085337 -0.0112174 -0.0137053 -0.015991 -0.0180547 -0.0199149 -0.0215487 -0.0229679 -0.0242198 -0.0253151 -0.0262408 -0.0270834 -0.0278375 -0.028522 -0.0291668 -0.0297707 -0.0303663 -0.0308973 -0.0313367 -0.0316552 -0.0317722 -0.031577 -0.0310247 -0.0300403 -0.0285972 -0.0266765 -0.0243091 -0.0216197 -0.0186716 -0.0156139 -0.0125911 -0.00979265 -0.00736007 -0.00538882 -0.00396053 -0.00307911 -0.00271252 -0.00272282 -0.00303163 -0.00353165 -0.00412988 -0.00472464 -0.00519841 -0.00554967 -0.00574537 -0.00581482 -0.00575918 -0.00558726 -0.00535035 -0.00503893 -0.00469334 -0.00431886 -0.00394657 -0.00360549 -0.0032729 -0.00297234 -0.00270502 
0 0.00023009 0.000439668 0.000639056 0.000873665 0.00115178 0.00145169 0.00175291 0.00206799 0.00244854 0.00291278 0.003457 0.00408799 0.00483051 0.00573669 0.00680822 0.00802032 0.00933498 0.0106698 0.0119338 0.0129796 0.0136903 0.0139703 0.0137116 0.0128597 0.0114013 0.00944746 0.00715794 0.00469952 0.00227287 7.71912e-05 -0.00170545 -0.00295536 -0.00360104 -0.00358864 -0.00291511 -0.00166547 6.53378e-05 0.00216138 0.00451326 0.00698403 0.00945824 0.0118811 0.0141801 0.0163076 0.0182169 0.019915 0.0213771 0.022572 0.0235002 0.0241655 0.0245405 0.0246142 0.0243877 0.0238516 0.0229992 0.0217965 0.0202821 0.0184367 0.016253 0.0137676 0.0110107 0.00797992 0.00473254 0.00130959 -0.00225153 -0.00589793 -0.009577 -0.0132173 -0.0167867 -0.0202224 -0.0234647 -0.0264694 -0.0292059 -0.0315958 -0.0336361 -0.035292 -0.0365438 -0.0373832 -0.0378233 -0.0378518 -0.0375087 -0.0368129 -0.0358043 -0.0345156 -0.0329889 -0.0312602 -0.0293753 -0.0273748 -0.0253057 -0.0231829 -0.0210373 -0.0189226 -0.0168447 -0.0148068 -0.0128448 -0.0109586 -0.00913329 -0.00738924 -0.00570386 -0.00405472 -0.00244614 -0.000851884 0.000761354 0.00238437 0.00404988 0.00578413 0.00757075 0.0094207 0.0113586 0.0133645 0.0154255 0.017538 0.0196799 0.0218386 0.0239848 0.0260848 0.0281057 0.0300198 0.0317829 0.0333658 0.0347131 0.0358037 0.0365888 0.0370427 0.0371462 0.0368888 0.0362286 0.0351996 0.0337891 0.0320061 0.0298806 0.0274479 0.0247131 0.0217304 0.0185327 0.0151682 0.0116752 0.00809976 0.00451001 0.000927029 -0.00260526 -0.00602127 -0.0092935 -0.0124153 -0.015318 -0.0180057 -0.0204699 -0.0227112 -0.0247192 -0.0265117 -0.0281199 -0.0295564 -0.0308336 -0.0319978 -0.0330872 -0.0341018 -0.0350711 -0.0360074 -0.0369198 -0.0377501 -0.0384659 -0.0390131 -0.039289 -0.0391885 -0.0386105 -0.0375 -0.0358 -0.0334898 -0.0306307 -0.0273339 -0.0237183 -0.0199518 -0.0162241 -0.0127616 -0.00974525 -0.00729111 -0.00550493 -0.00439 -0.00389335 -0.00388369 -0.00422491 -0.00481722 -0.00552294 -0.00621843 -0.00679287 -0.00719611 -0.00743283 -0.00750132 -0.00741982 -0.00721154 -0.00690451 -0.0065312 -0.00610348 -0.00565388 -0.00521392 -0.00479984 -0.00441892 -0.00406155 -0.0037547 
0 0.000287148 0.000557263 0.000817046 0.00111389 0.00145169 0.0018145 0.00218363 0.00257244 0.00303625 0.00359219 0.00424991 0.00501663 0.00592401 0.00702536 0.00832103 0.00979011 0.0113744 0.0129824 0.0144961 0.0157524 0.0166123 0.0169516 0.0166571 0.0156599 0.0139636 0.0116836 0.00900554 0.00613392 0.00329884 0.000740307 -0.0013413 -0.00279357 -0.00353172 -0.00350174 -0.00270791 -0.00124653 0.000766355 0.00319142 0.00588918 0.00870612 0.011515 0.0142321 0.0167877 0.0191193 0.0211833 0.0229784 0.0244772 0.0256606 0.026526 0.0270771 0.0272981 0.0271825 0.0267302 0.0259433 0.0248152 0.0233312 0.0215214 0.0193786 0.0169038 0.0141262 0.0110747 0.00775588 0.00421948 0.000507117 -0.00334166 -0.0072777 -0.0112458 -0.015186 -0.0190538 -0.0227882 -0.0263323 -0.0296374 -0.0326652 -0.0353545 -0.0376839 -0.0396175 -0.0411328 -0.0422146 -0.042867 -0.043084 -0.0428907 -0.042304 -0.0413577 -0.0400849 -0.0385286 -0.0367267 -0.0347224 -0.0325569 -0.0302761 -0.0279067 -0.0254837 -0.0230503 -0.0206236 -0.0182191 -0.0158677 -0.0135759 -0.0113399 -0.00917279 -0.00706144 -0.00498936 -0.00295238 -0.000928047 0.00111008 0.00316391 0.00525656 0.00740805 0.00961205 0.0118724 0.0141984 0.0165745 0.0189865 0.0214243 0.0238632 0.0262824 0.0286519 0.0309398 0.0331101 0.0351301 0.0369545 0.0385493 0.0398697 0.0408887 0.0415647 0.0418762 0.0418035 0.0413371 0.0404577 0.0391875 0.0375246 0.0354838 0.0330921 0.0303822 0.027375 0.0241167 0.0206469 0.0170106 0.0132485 0.0094064 0.00554497 0.00169256 -0.00210657 -0.00579878 -0.00935431 -0.0127621 -0.0159705 -0.0189723 -0.0217644 -0.0243398 -0.0266928 -0.0288408 -0.0308091 -0.0326119 -0.0342708 -0.03582 -0.0373002 -0.0387156 -0.0400872 -0.0414314 -0.0427391 -0.0439572 -0.0450348 -0.0458963 -0.0464222 -0.0464883 -0.0459716 -0.0448002 -0.0429075 -0.0402776 -0.0369822 -0.0331413 -0.0289127 -0.02449 -0.0201072 -0.0160197 -0.0124421 -0.00952545 -0.00738053 -0.00602302 -0.00538303 -0.00532416 -0.00568638 -0.00634187 -0.00713376 -0.00791342 -0.00856393 -0.00901805 -0.00927838 -0.00934377 -0.00923676 -0.00898859 -0.00862747 -0.0081931 -0.0077005 -0.00718883 -0.00669078 -0.00622122 -0.00579022 -0.00538728 -0.00503961 
0 0.000343849 0.000663988 0.000998361 0.00134752 0.00175291 0.00218363 0.00262506 0.00311612 0.00366779 0.00434118 0.00512652 0.00604323 0.00714357 0.0084422 0.00998101 0.0117069 0.0135592 0.0154415 0.0171882 0.018653 0.019653 0.0200484 0.0197219 0.0185902 0.0166765 0.0141034 0.0110671 0.00781524 0.00461149 0.00170751 -0.000644054 -0.00229773 -0.0031321 -0.0030936 -0.00222085 -0.000581411 0.00165804 0.00435233 0.00732874 0.0104184 0.0134767 0.0164073 0.0191215 0.0215537 0.023681 0.0254567 0.0268964 0.0279672 0.0286748 0.0290266 0.0290218 0.0286479 0.0279284 0.0268614 0.0254355 0.0236886 0.0216016 0.0192067 0.0165093 0.0135316 0.0102841 0.0068175 0.00313225 -0.00071404 -0.00467923 -0.00873319 -0.0128213 -0.016887 -0.0208852 -0.0247717 -0.0284662 -0.0319455 -0.0351531 -0.0380526 -0.0405902 -0.0427672 -0.0445216 -0.0458518 -0.0467468 -0.0472191 -0.0472431 -0.0468641 -0.0460888 -0.0449453 -0.0434642 -0.0417095 -0.0396971 -0.0374641 -0.0350552 -0.0325283 -0.0299042 -0.0272087 -0.0244766 -0.021745 -0.0190269 -0.0163332 -0.0136778 -0.0110672 -0.00849797 -0.00596078 -0.00344784 -0.000947015 0.00155928 0.00408737 0.00664008 0.00922243 0.0118497 0.0145212 0.0172194 0.0199254 0.0226435 0.0253563 0.0280285 0.0306175 0.033121 0.035497 0.0377044 0.0397007 0.0414715 0.0429481 0.0441184 0.0449513 0.0454301 0.0455064 0.0452025 0.0444898 0.0433793 0.0418691 0.0399965 0.0377452 0.0351603 0.0322702 0.0291037 0.0256927 0.0220992 0.0183472 0.014473 0.0105459 0.00658183 0.00263272 -0.00126382 -0.00506929 -0.00877297 -0.0123204 -0.0157227 -0.0189381 -0.0219677 -0.0248118 -0.0274632 -0.0299317 -0.0322469 -0.0344233 -0.0364718 -0.0384509 -0.040359 -0.0422343 -0.0440797 -0.0459036 -0.047684 -0.0493745 -0.0508922 -0.0521449 -0.0530062 -0.0533056 -0.0529422 -0.0517849 -0.0497824 -0.0469257 -0.0432721 -0.0389758 -0.0342091 -0.0292016 -0.0242278 -0.0195665 -0.0154594 -0.0121073 -0.00960629 -0.00799653 -0.00719925 -0.00705542 -0.00742366 -0.00810789 -0.00896309 -0.00981423 -0.01052 -0.0110355 -0.0113113 -0.0113836 -0.0112619 -0.0109757 -0.0105831 -0.0100888 -0.00954938 -0.00898373 -0.00842903 -0.00791702 -0.007428 -0.00698975 -0.00659786 
0 0.0003919 0.000789046 0.00117172 0.00160687 0.00206799 0.00257244 0.00311612 0.00369438 0.00438152 0.0051664 0.00610414 0.00720307 0.00849249 0.0100354 0.0118053 0.0138054 0.0159308 0.0180684 0.0200603 0.0217118 0.0228542 0.0233051 0.0229466 0.0216909 0.0195855 0.0167349 0.0133761 0.00977662 0.00621343 0.00301259 0.000371672 -0.00147122 -0.00242023 -0.0024288 -0.00150364 0.00022599 0.0026287 0.00551526 0.0086867 0.0119623 0.015201 0.0182392 0.021028 0.0234739 0.0255409 0.0272326 0.0285002 0.0293791 0.0298577 0.0299417 0.0296428 0.0289894 0.0279641 0.0266079 0.0249232 0.0229193 0.0206184 0.0180295 0.0151759 0.0120719 0.00875656 0.00522938 0.00154357 -0.00228735 -0.00623412 -0.0102544 -0.0142895 -0.0183336 -0.0223077 -0.0261668 -0.0298978 -0.0334307 -0.0367093 -0.0397226 -0.0424204 -0.04475 -0.0467245 -0.0483082 -0.0494719 -0.0502049 -0.0505261 -0.0504168 -0.0498969 -0.04899 -0.0477258 -0.0460947 -0.0441625 -0.0419824 -0.0395756 -0.0369552 -0.0341898 -0.0313088 -0.0283496 -0.0253255 -0.0222613 -0.0191841 -0.0161202 -0.0130498 -0.00999644 -0.00696447 -0.00393869 -0.000912314 0.00209753 0.00511886 0.00815084 0.0111961 0.0142434 0.0172856 0.0203164 0.0233498 0.0263261 0.0292187 0.0320284 0.0347378 0.0372744 0.0396201 0.0417436 0.0436157 0.0451855 0.0464515 0.0473799 0.0479362 0.0481067 0.0479191 0.047333 0.0463568 0.0450191 0.0433059 0.0412254 0.0388363 0.0361423 0.0331593 0.0299529 0.0265321 0.0229345 0.0192069 0.0153961 0.0115134 0.00761883 0.00372783 -0.000124578 -0.00392106 -0.00761804 -0.0112147 -0.0146794 -0.0179982 -0.0211834 -0.0242069 -0.0270908 -0.0298447 -0.0324739 -0.034995 -0.0374624 -0.0398533 -0.0422368 -0.0446104 -0.0469728 -0.0493446 -0.0516603 -0.0538798 -0.0559094 -0.0576206 -0.0588629 -0.0594968 -0.0593334 -0.0582896 -0.0562683 -0.053263 -0.0493712 -0.044697 -0.0394922 -0.0339869 -0.0284968 -0.0233251 -0.0187471 -0.0149825 -0.0121531 -0.0102954 -0.00931694 -0.00909823 -0.00942652 -0.0101404 -0.0110368 -0.0119336 -0.0127169 -0.013263 -0.0135856 -0.0136598 -0.0135259 -0.0132305 -0.0127854 -0.0122675 -0.0116758 -0.0110707 -0.0104807 -0.00990906 -0.00939122 -0.00889886 -0.00847259 
0 0.000463486 0.000919359 0.00140481 0.00190053 0.00244854 0.00303625 0.00366779 0.00438152 0.00517419 0.00611038 0.00720301 0.00848618 0.0100132 0.0117822 0.01383 0.0161027 0.0185077 0.0209223 0.0231385 0.0249902 0.0262622 0.0267639 0.0263736 0.0250033 0.0227082 0.0196162 0.015948 0.0120153 0.00813006 0.00459613 0.00169159 -0.000388936 -0.00149405 -0.0015777 -0.000695136 0.00107606 0.003548 0.00653166 0.00980262 0.0131714 0.0164691 0.0195497 0.0223152 0.0246869 0.0266547 0.0281536 0.0292074 0.0298248 0.0300134 0.0297914 0.0291934 0.0282272 0.0269264 0.0253043 0.0233612 0.0211726 0.0186951 0.0159818 0.0130618 0.00993769 0.00661283 0.00315662 -0.000450562 -0.00416565 -0.00795385 -0.0117986 -0.0156637 -0.0195309 -0.0233464 -0.0270896 -0.030706 -0.0341701 -0.0374234 -0.0404703 -0.043231 -0.0457123 -0.0478552 -0.049646 -0.0510555 -0.0520998 -0.0527208 -0.0529459 -0.0527517 -0.0521477 -0.051142 -0.0497777 -0.0480585 -0.0460088 -0.0436511 -0.0410615 -0.0382677 -0.0352658 -0.0321095 -0.0288559 -0.0254991 -0.0220644 -0.0185907 -0.0150683 -0.0115241 -0.00797707 -0.00441488 -0.000854165 0.0026857 0.00623061 0.00974962 0.0132216 0.0166786 0.0201013 0.0234394 0.0266918 0.0298581 0.0329003 0.0357868 0.0384659 0.0409328 0.0431556 0.0450981 0.0467212 0.0480309 0.0489703 0.0495613 0.0497829 0.049647 0.0491261 0.0482531 0.0470085 0.0454454 0.0435407 0.0413493 0.03887 0.0361367 0.0331678 0.030016 0.0266875 0.0232377 0.0196766 0.0160316 0.0123526 0.00862555 0.00490707 0.00122183 -0.00243051 -0.00603524 -0.00953172 -0.0129766 -0.0163132 -0.0195472 -0.0226838 -0.0257282 -0.0286901 -0.0315881 -0.034441 -0.0372762 -0.0401212 -0.0429651 -0.045856 -0.0487706 -0.051699 -0.054586 -0.0573818 -0.0599619 -0.0621827 -0.0638891 -0.0648837 -0.0650244 -0.064144 -0.0621793 -0.0591341 -0.0550661 -0.0501392 -0.0445851 -0.038683 -0.0327733 -0.0271711 -0.0221813 -0.018066 -0.0149342 -0.0128463 -0.0117167 -0.0113972 -0.0117199 -0.0124368 -0.0133729 -0.0143276 -0.0151487 -0.0157649 -0.016102 -0.0161968 -0.0160654 -0.0157424 -0.0152923 -0.0147251 -0.014116 -0.013481 -0.0128508 -0.0122593 -0.0116854 -0.0111734 -0.0107048 
0 0.000545827 0.0011086 0.00167963 0.00228443 0.00291278 0.00359219 0.00434118 0.0051664 0.00611038 0.00718497 0.00845441 0.00995249 0.0117096 0.0137546 0.0160699 0.0186363 0.0213328 0.0240136 0.0264763 0.0285167 0.0299222 0.0304753 0.030046 0.0285526 0.0260713 0.022716 0.0187418 0.0144722 0.0102348 0.00638873 0.00317036 0.000843718 -0.000457634 -0.000694081 0.000102162 0.00180868 0.00426589 0.00725379 0.0105291 0.0138909 0.0171766 0.0201886 0.0228552 0.0250843 0.0268528 0.0281399 0.0289238 0.0292622 0.0291571 0.0286273 0.0277132 0.026467 0.0248914 0.0230332 0.0209124 0.0185733 0.0160063 0.0132435 0.010321 0.00723748 0.00402209 0.000694258 -0.00271784 -0.00621038 -0.00976306 -0.0133502 -0.0169313 -0.0205321 -0.0240803 -0.0275606 -0.0309807 -0.0342892 -0.0374297 -0.0404212 -0.0431991 -0.0457227 -0.047995 -0.0499804 -0.0516321 -0.0529348 -0.0538778 -0.0544337 -0.0545891 -0.0543465 -0.0537086 -0.0526409 -0.0511858 -0.0493787 -0.0472182 -0.0447212 -0.0419508 -0.0389129 -0.0356626 -0.0322239 -0.0286061 -0.0248487 -0.0210039 -0.0170438 -0.0130207 -0.00896528 -0.00487308 -0.00076863 0.00329228 0.00733851 0.0113336 0.0152509 0.0190833 0.0228121 0.0264023 0.029873 0.0331594 0.036224 0.039072 0.0416801 0.0439804 0.0459709 0.0476312 0.0489417 0.0498869 0.0504772 0.0507066 0.0505588 0.0500531 0.0492257 0.0480596 0.0465733 0.0448241 0.0427847 0.0404897 0.0379989 0.0353125 0.0324365 0.0294449 0.0263179 0.0230847 0.0197727 0.0164124 0.0129999 0.00956218 0.00611524 0.00268005 -0.000755091 -0.00415395 -0.00750025 -0.0108118 -0.0140668 -0.0172779 -0.020434 -0.0235709 -0.0266917 -0.0298003 -0.0329194 -0.0361031 -0.0393198 -0.0426132 -0.0459955 -0.0494424 -0.0529445 -0.0564124 -0.0597968 -0.062958 -0.0657213 -0.0679108 -0.0693488 -0.0698228 -0.0691986 -0.0673768 -0.0643603 -0.0602354 -0.0551261 -0.0493267 -0.0431216 -0.0368773 -0.0309339 -0.0256185 -0.0212106 -0.0178416 -0.015565 -0.0142984 -0.013922 -0.0142189 -0.0149654 -0.015939 -0.0169414 -0.0178379 -0.0184982 -0.0188931 -0.0190088 -0.0188859 -0.018571 -0.0180929 -0.0175188 -0.0168811 -0.0162293 -0.015584 -0.0149556 -0.0143698 -0.0138259 -0.0133397 
0 0.000645971 0.00131303 0.00200468 0.0027177 0.003457 0.00424991 0.00512652 0.00610414 0.00720301 0.00845441 0.00992115 0.011652 0.013676 0.0160005 0.018612 0.0214729 0.02446 0.0274067 0.0300941 0.0323073 0.0338178 0.034396 0.0339044 0.0322768 0.0295895 0.0259762 0.0216871 0.0170683 0.0124744 0.00826507 0.00471252 0.00207776 0.000519092 7.57238e-05 0.000700979 0.00227672 0.00463104 0.00752818 0.010713 0.0139777 0.0171445 0.0200252 0.0225218 0.0245567 0.0261084 0.0271432 0.0276581 0.0277126 0.0273195 0.0265068 0.0253278 0.023834 0.0220494 0.0200095 0.0177475 0.0153199 0.0127139 0.00996558 0.00711814 0.0041619 0.00111102 -0.00200258 -0.0051677 -0.00837935 -0.0116184 -0.0148661 -0.0181055 -0.0213578 -0.0245733 -0.0277451 -0.0308793 -0.0339392 -0.0368894 -0.0397485 -0.0424606 -0.0449948 -0.0473341 -0.049441 -0.0512772 -0.0528263 -0.0540564 -0.0549402 -0.0554474 -0.0555662 -0.0552895 -0.0545929 -0.0534871 -0.0519758 -0.0500507 -0.0477474 -0.0451041 -0.0421063 -0.0388058 -0.0352471 -0.0314337 -0.0274058 -0.0232182 -0.018863 -0.0143971 -0.00986682 -0.00527787 -0.000673226 0.0038874 0.00841153 0.0128458 0.0171486 0.0213226 0.0253328 0.0291208 0.0326961 0.036023 0.0390598 0.0417954 0.0442035 0.0462509 0.0479435 0.0492667 0.0502078 0.0507714 0.0509652 0.0508042 0.0502937 0.0494579 0.048323 0.0468953 0.0452002 0.0432963 0.0411726 0.0388663 0.0364217 0.0338391 0.0311281 0.0283457 0.0254777 0.0225409 0.01955 0.0165212 0.0134523 0.0103486 0.00723456 0.00412263 0.000989208 -0.00213825 -0.00524299 -0.00836289 -0.0114776 -0.0145898 -0.017708 -0.0208609 -0.0240563 -0.0273024 -0.030627 -0.0340768 -0.0376309 -0.0413107 -0.0451374 -0.0490824 -0.0531108 -0.0571417 -0.0611045 -0.0648439 -0.0681637 -0.0708711 -0.072766 -0.0736292 -0.073297 -0.0716747 -0.0687681 -0.0646503 -0.0594707 -0.0535227 -0.0471255 -0.0406573 -0.0344714 -0.0289205 -0.0242967 -0.0207449 -0.0183212 -0.0169585 -0.0165357 -0.0168397 -0.0176203 -0.0186472 -0.0197199 -0.020689 -0.0214309 -0.0218892 -0.0220605 -0.0219786 -0.0216856 -0.0212266 -0.020655 -0.0200261 -0.0193766 -0.0187237 -0.0180847 -0.0174753 -0.0169167 -0.0164063 
0 0.000764347 0.00154999 0.00238046 0.00321661 0.00408799 0.00501663 0.00604323 0.00720307 0.00848618 0.00995249 0.011652 0.013647 0.0159672 0.018589 0.0215091 0.0246607 0.0279245 0.0311145 0.0339955 0.0363458 0.0379194 0.0384845 0.0378938 0.0361018 0.0331778 0.0292816 0.0246553 0.0196623 0.0146872 0.0100788 0.00615737 0.00316562 0.00128851 0.000567576 0.000939047 0.0022992 0.00445991 0.00718133 0.0101995 0.0133009 0.0162864 0.0189863 0.0212697 0.0230773 0.0243919 0.0251679 0.0254315 0.0252294 0.0245915 0.0235471 0.0221605 0.0204763 0.0185455 0.0163919 0.0140598 0.0116125 0.00903321 0.00636133 0.00363887 0.000863254 -0.00196837 -0.00480818 -0.00766895 -0.010545 -0.013427 -0.0162997 -0.0191664 -0.0220319 -0.0248726 -0.027692 -0.0304933 -0.03326 -0.0359696 -0.0386338 -0.0412072 -0.0436779 -0.046014 -0.0481876 -0.0501543 -0.0518956 -0.05336 -0.0545292 -0.0553597 -0.0558333 -0.0559176 -0.0555955 -0.0548526 -0.0536823 -0.0520587 -0.0500114 -0.0475503 -0.044665 -0.0413936 -0.0377833 -0.0338353 -0.029599 -0.0251294 -0.0204441 -0.0155987 -0.0106539 -0.00563036 -0.000589231 0.00440932 0.00934701 0.0141653 0.0188023 0.0232511 0.0274642 0.0313846 0.0349998 0.0382879 0.0412057 0.0437495 0.0458974 0.0476439 0.0489896 0.0499387 0.0504869 0.0506654 0.0504753 0.0499473 0.0490957 0.04796 0.0465583 0.0449273 0.0430899 0.0410975 0.0389499 0.0366897 0.0343426 0.0319175 0.0294237 0.0268914 0.0243146 0.0216985 0.0190526 0.016382 0.0136929 0.0109637 0.00822547 0.00547196 0.00267965 -0.000138968 -0.00296024 -0.00583831 -0.00875558 -0.011709 -0.014729 -0.0178335 -0.0210354 -0.0243454 -0.0277993 -0.0314267 -0.035237 -0.0392245 -0.0434256 -0.0478084 -0.0523107 -0.0568621 -0.061363 -0.0656443 -0.0694931 -0.0727046 -0.0750512 -0.0763216 -0.0763147 -0.074946 -0.072218 -0.0681835 -0.0630262 -0.0570235 -0.0505342 -0.0439396 -0.0376081 -0.0319113 -0.0271478 -0.0234754 -0.0209512 -0.01953 -0.0190845 -0.0194182 -0.020253 -0.02136 -0.0225362 -0.0236119 -0.0244794 -0.0250442 -0.0253202 -0.0253264 -0.0250955 -0.0246929 -0.0241502 -0.0235535 -0.0229228 -0.0222751 -0.0216403 -0.021019 -0.0204604 -0.0199382 
0 0.000897604 0.00184144 0.00280661 0.00381208 0.00483051 0.00592401 0.00714357 0.00849249 0.0100132 0.0117096 0.013676 0.0159672 0.0185876 0.0215396 0.0247588 0.0282003 0.0317217 0.0351146 0.0381532 0.0405825 0.0421606 0.0426565 0.0419172 0.039911 0.0367247 0.0325019 0.0275197 0.0221295 0.0167243 0.0116991 0.00733843 0.00394352 0.00167907 0.000590337 0.000641451 0.00169285 0.00357982 0.00605083 0.00884033 0.0117181 0.0145025 0.0169847 0.0190586 0.0206573 0.0217357 0.0223036 0.0223469 0.0219372 0.0211129 0.0199079 0.0183727 0.0165941 0.0145836 0.0123907 0.0100779 0.00766032 0.00517541 0.00263933 8.77875e-05 -0.00247808 -0.00503223 -0.00759118 -0.0101155 -0.0126309 -0.0151401 -0.0176305 -0.0200988 -0.0225774 -0.0250427 -0.0274852 -0.0299472 -0.0323996 -0.0348314 -0.0372481 -0.0396489 -0.0419721 -0.0442375 -0.0464061 -0.0484386 -0.0502793 -0.0519314 -0.0533215 -0.0544208 -0.0551979 -0.0556341 -0.055652 -0.0552556 -0.0544299 -0.0531503 -0.0513808 -0.0491408 -0.0464273 -0.0432668 -0.0396681 -0.0356624 -0.0312987 -0.0266366 -0.0217032 -0.0165698 -0.0112981 -0.00593613 -0.000543131 0.00480149 0.0100594 0.0151682 0.020069 0.0247018 0.0290231 0.0329895 0.0365886 0.0397591 0.0424855 0.0447793 0.0466501 0.0480566 0.0490387 0.0496114 0.0497928 0.0495848 0.0490569 0.048206 0.0470664 0.0456762 0.0441005 0.0423259 0.0404197 0.0384114 0.0363137 0.0341389 0.0319484 0.0297185 0.0274574 0.0252001 0.0229318 0.0206399 0.0183476 0.0160596 0.0137351 0.0114045 0.0090479 0.00666009 0.00422099 0.00174806 -0.000788238 -0.00338046 -0.00605997 -0.0088241 -0.0116808 -0.0146799 -0.0178249 -0.0211273 -0.0246318 -0.0283821 -0.0323523 -0.0365927 -0.0410902 -0.0458265 -0.0507408 -0.0557339 -0.0607033 -0.065465 -0.0697892 -0.07345 -0.0762332 -0.0778721 -0.0782039 -0.0771108 -0.0745851 -0.070711 -0.0656313 -0.0596692 -0.0531766 -0.0465418 -0.0401592 -0.0343984 -0.0295633 -0.0258334 -0.0232599 -0.0218159 -0.0213993 -0.0217802 -0.0227195 -0.0239468 -0.0252633 -0.0265148 -0.0275357 -0.0282809 -0.0287055 -0.0288465 -0.0287448 -0.0284214 -0.0279749 -0.0274333 -0.0268552 -0.026251 -0.0256222 -0.0250323 -0.0244696 -0.0239575 
0 0.00107843 0.0021852 0.00335153 0.00452226 0.00573669 0.00702536 0.0084422 0.0100354 0.0117822 0.0137546 0.0160005 0.018589 0.0215396 0.0247953 0.0283273 0.032033 0.0357787 0.0393445 0.0424816 0.0449353 0.0464545 0.0468131 0.0458614 0.0435976 0.0400745 0.0355002 0.0301097 0.0242776 0.0184292 0.0129045 0.00809186 0.00422023 0.00150226 -3.92524e-06 -0.00036421 0.00032639 0.00187463 0.00403719 0.00655372 0.00919873 0.0117393 0.0140369 0.015914 0.0173304 0.0182521 0.0186416 0.0185467 0.017997 0.0170527 0.0157508 0.0141714 0.0123446 0.0103517 0.00820387 0.00595771 0.00365603 0.00131738 -0.00103821 -0.00337409 -0.00567686 -0.00797154 -0.0102064 -0.0124121 -0.0145833 -0.0167227 -0.0188225 -0.0209301 -0.0230136 -0.0251079 -0.0272153 -0.0293292 -0.0314508 -0.0335977 -0.0357519 -0.0379083 -0.0400709 -0.0422002 -0.0442748 -0.0462681 -0.0481648 -0.0498966 -0.0514404 -0.0527444 -0.0537686 -0.0544475 -0.0547879 -0.0547257 -0.0542149 -0.0532148 -0.0517483 -0.0497697 -0.0472732 -0.0442478 -0.0407453 -0.0367774 -0.0323943 -0.0276289 -0.0225684 -0.0172568 -0.0117778 -0.00618863 -0.000578015 0.00500747 0.010472 0.015755 0.0207739 0.025498 0.0298499 0.0337817 0.0372396 0.0402502 0.0427774 0.044809 0.0463406 0.0474318 0.0480736 0.0483013 0.0481348 0.047627 0.0467862 0.0456754 0.0443337 0.0428043 0.0410998 0.039284 0.0373828 0.0354143 0.033417 0.0314091 0.0293871 0.0273679 0.0253738 0.0233784 0.0214169 0.0194649 0.0175222 0.0155755 0.0136356 0.011654 0.00966433 0.00763337 0.00554657 0.00339616 0.00118358 -0.00112928 -0.00354999 -0.00606981 -0.0087451 -0.0115777 -0.0146066 -0.017849 -0.0213567 -0.0251366 -0.029238 -0.0336323 -0.0383514 -0.0433692 -0.048585 -0.0539464 -0.0592939 -0.0644474 -0.0691709 -0.0732291 -0.0763615 -0.078356 -0.0789794 -0.078152 -0.0758604 -0.0721402 -0.067217 -0.0613362 -0.0549088 -0.0483126 -0.0419411 -0.0361921 -0.0313518 -0.0276183 -0.0250508 -0.0236443 -0.0232814 -0.0237763 -0.0248456 -0.026248 -0.0277715 -0.0292244 -0.0304951 -0.0314552 -0.0321098 -0.032456 -0.0325177 -0.032367 -0.0320322 -0.0316147 -0.0311252 -0.0305837 -0.030028 -0.0294651 -0.028958 -0.0284695 
0 0.00128796 0.00262261 0.00398381 0.00538536 0.00680822 0.00832103 0.00998101 0.0118053 0.01383 0.0160699 0.018612 0.0215091 0.0247588 0.0283273 0.0321292 0.036071 0.0399944 0.0436684 0.0468458 0.049256 0.0506424 0.0507987 0.0495774 0.0469775 0.0430852 0.0380763 0.0322396 0.0259274 0.0195624 0.0135381 0.00819851 0.00383169 0.000621914 -0.00136362 -0.00215911 -0.00188016 -0.000708924 0.0011235 0.00335941 0.00575228 0.00809923 0.0102063 0.0119388 0.0132332 0.0140256 0.0143327 0.0141655 0.013559 0.012584 0.01128 0.00970155 0.00793008 0.00599576 0.00395076 0.00185958 -0.000282323 -0.00241649 -0.00453562 -0.00663105 -0.00868052 -0.01067 -0.0126167 -0.014499 -0.0163336 -0.0181334 -0.0199023 -0.0216536 -0.0233915 -0.0251409 -0.0268946 -0.0286789 -0.0304976 -0.0323532 -0.0342268 -0.0361465 -0.0380675 -0.0400035 -0.0419393 -0.043845 -0.0456705 -0.0474116 -0.0490025 -0.0504119 -0.051592 -0.0524947 -0.053052 -0.0532208 -0.0529692 -0.0522735 -0.0510632 -0.0493102 -0.0470383 -0.0442351 -0.0408884 -0.0370414 -0.0327354 -0.0280107 -0.0229471 -0.0176031 -0.0120496 -0.00638265 -0.000681623 0.00497936 0.0104981 0.0158135 0.0208536 0.0255196 0.0297665 0.0335787 0.0368987 0.039688 0.0419576 0.0437188 0.0449923 0.0457805 0.0461155 0.0460449 0.0456131 0.044844 0.043816 0.0425468 0.0410806 0.0394683 0.0377633 0.0359697 0.0341463 0.0322918 0.0304371 0.0285894 0.0267779 0.0249952 0.0232551 0.0215462 0.0198763 0.018223 0.0165947 0.0149824 0.0133548 0.0117223 0.0100586 0.00834146 0.00657475 0.00474585 0.00281763 0.000812503 -0.00132568 -0.00360613 -0.00604694 -0.00869929 -0.0115816 -0.0147179 -0.0181647 -0.0219376 -0.0260587 -0.0305577 -0.0354117 -0.0406076 -0.0460657 -0.0516831 -0.0573188 -0.0627709 -0.0678003 -0.0721579 -0.0755902 -0.0778468 -0.0787359 -0.0781438 -0.0760434 -0.0725125 -0.0677237 -0.0619752 -0.055649 -0.0491315 -0.0428443 -0.0371574 -0.0323727 -0.0286917 -0.0261805 -0.0248477 -0.0245941 -0.0252164 -0.0264721 -0.0280923 -0.0298626 -0.0316059 -0.033154 -0.0344309 -0.035375 -0.0359933 -0.0363185 -0.0363716 -0.0362527 -0.0359942 -0.0356512 -0.0352412 -0.0347716 -0.0343194 -0.0338738 -0.0334597 
0 0.0015326 0.00310097 0.00470728 0.00634447 0.00802032 0.00979011 0.0117069 0.0138054 0.0161027 0.0186363 0.0214729 0.0246607 0.0282003 0.032033 0.036071 0.0401895 0.0442203 0.0479307 0.0510648 0.0533437 0.0545177 0.0543863 0.0528207 0.0498366 0.0455046 0.0400407 0.0337171 0.0268961 0.0200094 0.0134307 0.0075578 0.00265307 -0.00108004 -0.00355721 -0.00481381 -0.00494699 -0.00414731 -0.00264293 -0.000680326 0.00149437 0.0036478 0.00562288 0.0072556 0.00848407 0.00924378 0.00953107 0.00937732 0.00879679 0.00786333 0.00662337 0.00514899 0.00348411 0.00169363 -0.00018252 -0.00209318 -0.00403101 -0.00593673 -0.00780813 -0.00963697 -0.0113994 -0.0131105 -0.0147573 -0.0163542 -0.0178991 -0.0193941 -0.0208468 -0.0222975 -0.0237118 -0.0251481 -0.0266066 -0.0280816 -0.0295873 -0.0311525 -0.0327461 -0.0343921 -0.0360823 -0.0377994 -0.0395247 -0.0412466 -0.0429523 -0.0445997 -0.0461494 -0.0475692 -0.0488001 -0.0497711 -0.050474 -0.0508259 -0.0507595 -0.0502444 -0.0492559 -0.047737 -0.0457032 -0.0431127 -0.0399825 -0.0363505 -0.0322449 -0.0276768 -0.0227593 -0.0175328 -0.0120787 -0.00650062 -0.000892768 0.00468909 0.0101003 0.0152819 0.020164 0.0246715 0.0287375 0.0323432 0.035418 0.0379851 0.0400374 0.0415538 0.0425534 0.0431076 0.0432167 0.0429373 0.0423235 0.0414177 0.0402661 0.038933 0.0374607 0.0358839 0.0342289 0.0325354 0.0308355 0.029125 0.0274552 0.0258243 0.0242241 0.0226726 0.02119 0.0197284 0.0183294 0.016962 0.015613 0.0142694 0.0129307 0.0115691 0.0101908 0.00876477 0.00729481 0.00575597 0.00411668 0.00238222 0.000508483 -0.00151982 -0.00374044 -0.00617715 -0.00887951 -0.0118764 -0.0152222 -0.0189227 -0.0230343 -0.027552 -0.0324685 -0.0377677 -0.0433573 -0.049153 -0.0549774 -0.0606337 -0.0658801 -0.0704517 -0.0740753 -0.0765255 -0.0775874 -0.077163 -0.0752219 -0.0718286 -0.0671966 -0.0615821 -0.0553876 -0.0489968 -0.0428238 -0.0372494 -0.0325556 -0.0289596 -0.0265412 -0.0253167 -0.0251915 -0.0259825 -0.0274437 -0.0293205 -0.0313879 -0.0334532 -0.0353624 -0.0370036 -0.0383229 -0.0392984 -0.039952 -0.0403212 -0.0404749 -0.0404705 -0.0403427 -0.0401171 -0.0398184 -0.0394999 -0.0391829 -0.0388706 
0 0.00180299 0.00363289 0.00549796 0.00739278 0.00933498 0.0113744 0.0135592 0.0159308 0.0185077 0.0213328 0.02446 0.0279245 0.0317217 0.0357787 0.0399944 0.0442203 0.0482766 0.0519322 0.0549269 0.0569836 0.0578549 0.0573571 0.0553822 0.0519519 0.0471426 0.0411814 0.0343489 0.0270073 0.0195855 0.012462 0.00605323 0.000622588 -0.00362386 -0.0065893 -0.00829776 -0.00883473 -0.00839484 -0.00719286 -0.00546771 -0.00346919 -0.00144315 0.000451508 0.00204962 0.00327425 0.00405802 0.00439562 0.0043266 0.00385154 0.00304386 0.001951 0.000643847 -0.000844676 -0.00244561 -0.0041096 -0.00579557 -0.00749492 -0.00915242 -0.0107624 -0.0123316 -0.0138295 -0.0152709 -0.0166401 -0.0179647 -0.0192363 -0.0204612 -0.021654 -0.0228455 -0.0239931 -0.0251551 -0.0263372 -0.0275287 -0.0287576 -0.0300468 -0.0313687 -0.0327387 -0.034163 -0.0356247 -0.0371183 -0.038624 -0.0401367 -0.0416076 -0.0430138 -0.0443293 -0.0455034 -0.0464564 -0.0471783 -0.0475779 -0.0476045 -0.0472294 -0.0464061 -0.0450677 -0.0432502 -0.0409099 -0.0380471 -0.0346953 -0.030879 -0.0266046 -0.0219835 -0.0170474 -0.0118725 -0.00657306 -0.00124594 0.00405267 0.00917625 0.0140714 0.0186666 0.0228775 0.0266531 0.0299947 0.0328171 0.035134 0.0369507 0.0382593 0.0390756 0.0394706 0.0394383 0.0390495 0.0383653 0.0374337 0.0362913 0.0350055 0.0336036 0.0321287 0.0306046 0.0290745 0.0275528 0.0260377 0.0245717 0.0231595 0.0217838 0.0204711 0.0192305 0.0180058 0.0168363 0.0157 0.0145798 0.013466 0.0123693 0.0112514 0.010117 0.0089347 0.0077161 0.00642465 0.00503582 0.00355077 0.00192544 0.000127875 -0.00187509 -0.00410629 -0.00662359 -0.00945952 -0.0126659 -0.0162508 -0.0202886 -0.02477 -0.0296875 -0.0350207 -0.0406805 -0.0465669 -0.0524899 -0.0582491 -0.0636033 -0.0682808 -0.0719993 -0.074548 -0.075711 -0.0753902 -0.0735517 -0.0702664 -0.0657563 -0.0602688 -0.0542026 -0.0479449 -0.0419076 -0.0364599 -0.0318781 -0.0283824 -0.02607 -0.0249636 -0.0249761 -0.0259446 -0.0276328 -0.0297947 -0.0321963 -0.0346387 -0.0369664 -0.0390491 -0.0408186 -0.0422301 -0.0432957 -0.0440527 -0.0445591 -0.0448746 -0.045031 -0.0450616 -0.0449986 -0.0448888 -0.0447593 -0.0446119 
0 0.00207355 0.00417771 0.0062925 0.00846089 0.0106698 0.0129824 0.0154415 0.0180684 0.0209223 0.0240136 0.0274067 0.0311145 0.0351146 0.0393445 0.0436684 0.0479307 0.0519322 0.0554444 0.0582066 0.0599531 0.0604314 0.0594897 0.0570459 0.0531118 0.0478104 0.0413294 0.0339964 0.0261551 0.0182082 0.010582 0.00364765 -0.00227812 -0.00701187 -0.0104448 -0.0125712 -0.0134802 -0.0133628 -0.0124195 -0.0108812 -0.00901748 -0.00704327 -0.00517372 -0.00353011 -0.00222419 -0.00134102 -0.000865161 -0.000781009 -0.00108322 -0.00170671 -0.00258677 -0.00368395 -0.00492723 -0.00629571 -0.00771267 -0.00914734 -0.0106024 -0.0120187 -0.0133759 -0.0146956 -0.0159574 -0.0171387 -0.0182741 -0.0193594 -0.0203972 -0.0213847 -0.0223601 -0.0233115 -0.0242401 -0.025176 -0.0261235 -0.0270728 -0.0280558 -0.0290773 -0.0301281 -0.0312341 -0.0323808 -0.0335712 -0.0347962 -0.0360458 -0.0372958 -0.0385358 -0.0397189 -0.0408344 -0.0418208 -0.0426435 -0.0432582 -0.0436016 -0.043614 -0.0432959 -0.0425624 -0.0413772 -0.0397572 -0.037679 -0.0351072 -0.0320993 -0.0286564 -0.0248025 -0.0206129 -0.0161413 -0.0114362 -0.00662407 -0.00177037 0.00304499 0.00770714 0.0121493 0.0163298 0.0201367 0.0235482 0.0265533 0.0290961 0.0311532 0.0327639 0.0339072 0.0346168 0.0349267 0.0348715 0.0344962 0.0338695 0.0330089 0.0319859 0.0308357 0.0295931 0.028291 0.0269703 0.0256391 0.0243306 0.0230469 0.0218107 0.0206252 0.0194808 0.0183903 0.0173511 0.0163436 0.0153696 0.0144347 0.0135111 0.0126004 0.0116892 0.0107859 0.00984879 0.00887567 0.00787309 0.0067966 0.00561269 0.00434437 0.00293306 0.00133276 -0.000453156 -0.00249125 -0.00481694 -0.00748546 -0.0105386 -0.0140063 -0.0179379 -0.0223622 -0.0272356 -0.0325411 -0.0382169 -0.0441077 -0.0500542 -0.0558302 -0.0612009 -0.065885 -0.0696103 -0.0721518 -0.0733346 -0.0730369 -0.0712255 -0.0680129 -0.0635695 -0.0581931 -0.0522323 -0.0460902 -0.0401849 -0.0348451 -0.0303705 -0.0269666 -0.0247557 -0.0237642 -0.0239185 -0.0250638 -0.0269964 -0.0294619 -0.0322208 -0.0350831 -0.0378583 -0.0404428 -0.042714 -0.0446257 -0.0461863 -0.0473968 -0.0483507 -0.0490559 -0.0495761 -0.0499449 -0.0501771 -0.0503559 -0.0504592 -0.0505336 
