0 0 0 0 0 0 0 0 0 0 0 0 0 0 0 0 0 0 0 0 0 0 0 0 0 0 0 0 0 0 0 0 0 0 0 0 0 0 0 0 0 0 0 0 0 0 0 0 0 0 0 0 0 0 0 0 0 0 0 0 0 0 0 0 0 0 0 0 0 0 0 0 0 0 0 0 0 0 0 0 0 0 0 0 0 0 0 0 0 0 0 0 0 0 0 0 0 0 0 0 0 0 0 0 0 0 0 0 0 0 0 0 0 0 0 0 0 0 0 0 0 0 0 0 0 0 0 0 0 0 0 0 0 0 0 0 0 0 0 0 0 0 0 0 0 0 0 0 0 0 0 0 0 0 0 0 0 0 0 0 0 0 0 0 0 0 0 0 0 0 0 0 0 0 0 0 0 0 0 0 0 0 0 0 0 0 0 0 0 0 0 0 0 0 0 0 0 0 0 0 
0 0.000800613 0.00159622 0.00235778 0.00307628 0.00371869 0.00425782 0.00468335 0.00496635 0.00510922 0.00510233 0.00495064 0.00469538 0.00436353 0.00401099 0.00366652 0.00334744 0.00308692 0.00289038 0.00276989 0.00271449 0.00269207 0.00268822 0.00267983 0.00263212 0.00253105 0.00234057 0.0020618 0.00170623 0.00124748 0.000714325 9.44327e-05 -0.000585264 -0.00130414 -0.00207483 -0.00286157 -0.00365709 -0.00443442 -0.00519396 -0.00591698 -0.00659662 -0.00721192 -0.00776349 -0.00825856 -0.00866792 -0.00900062 -0.00924927 -0.00942702 -0.00951236 -0.00952696 -0.00945797 -0.00932461 -0.00912745 -0.0088498 -0.00853162 -0.00816767 -0.00775924 -0.00731888 -0.00687838 -0.00640598 -0.00594122 -0.0054744 -0.00502094 -0.00458629 -0.00417219 -0.0037796 -0.0034169 -0.00307882 -0.00275863 -0.00247986 -0.00222185 -0.00199501 -0.00177909 -0.00159895 -0.00143151 -0.00128843 -0.00116015 -0.00106619 -0.000963466 -0.000880755 -0.000818966 -0.000772406 -0.000721983 -0.000687676 -0.000653925 -0.000634458 -0.000622477 -0.000603997 -0.000587817 -0.000587395 -0.000581719 -0.000570413 -0.000571625 -0.000568959 -0.000563579 -0.000563526 -0.000565019 -0.000557702 -0.000561061 -0.000560672 -0.000557387 -0.000556632 -0.000560955 -0.000554669 -0.000557222 -0.00055895 -0.00055558 -0.000555223 -0.000562099 -0.000555822 -0.000553911 -0.000561342 -0.000560238 -0.000555302 -0.000555213 -0.000553763 -0.000551788 -0.00055252 -0.00053253 -0.000521353 -0.000516506 -0.00049927 -0.000458398 -0.000432944 -0.000390278 -0.000340505 -0.000274733 -0.000209735 -0.000114246 -1.11498e-05 0.000108623 0.000232757 0.000395947 0.000570912 0.000765585 0.000990892 0.00124112 0.00150836 0.00180948 0.0021427 0.00249641 0.00289061 0.00329131 0.00372604 0.00417726 0.00463851 0.00510259 0.00558879 0.00605224 0.00650346 0.00694049 0.00734613 0.00771908 0.00804352 0.00833097 0.00855924 0.00873451 0.00883227 0.00887422 0.00884728 0.0087419 0.00856101 0.00831042 0.00798527 0.00757436 0.0070906 0.00651758 0.00588735 0.00517013 0.00437667 0.0035279 0.00260879 0.00164595 0.000625221 -0.000432862 -0.00150027 -0.00256943 -0.0036168 -0.00461043 -0.00552234 -0.00631008 -0.00695653 -0.00745741 -0.00778696 -0.00796208 -0.00798413 -0.00788556 -0.00771449 -0.00748968 -0.00726962 -0.00708406 -0.0069735 -0.00697064 -0.00705775 -0.00723284 -0.0074617 -0.00772155 -0.00800001 -0.00825277 -0.00846651 
0 0.00159622 0.00315602 0.00468278 0.00608615 0.00736066 0.00842478 0.00924261 0.00980443 0.0100515 0.0100194 0.00969244 0.00914717 0.00846902 0.00773043 0.00702081 0.00636297 0.00582063 0.00541007 0.00515635 0.0050241 0.00496995 0.00495873 0.0049256 0.00485398 0.00464892 0.00429759 0.00378035 0.00308498 0.00223388 0.0011953 1.06278e-05 -0.00128916 -0.00268198 -0.00415533 -0.00566769 -0.00720256 -0.00870621 -0.0101688 -0.0115989 -0.0129102 -0.0141275 -0.01522 -0.0161769 -0.0170024 -0.0176589 -0.018161 -0.0185289 -0.0187279 -0.0187559 -0.0186565 -0.0184038 -0.0180231 -0.0175176 -0.0169098 -0.0162191 -0.0154444 -0.0146031 -0.0137242 -0.0128295 -0.011914 -0.0110029 -0.0101225 -0.00926995 -0.0084255 -0.00764719 -0.0069285 -0.00623665 -0.00561026 -0.00505172 -0.0045182 -0.00403655 -0.00362605 -0.00325085 -0.00291529 -0.00262306 -0.00236862 -0.00214089 -0.00194915 -0.0018006 -0.00167224 -0.00153721 -0.00144281 -0.00139073 -0.00132441 -0.00126026 -0.00123268 -0.00120585 -0.00117575 -0.00116477 -0.00114897 -0.00113241 -0.00113264 -0.00112745 -0.00111308 -0.00111639 -0.00111562 -0.00110577 -0.0011072 -0.00111025 -0.00110033 -0.00110324 -0.00110679 -0.00109875 -0.00109911 -0.00110711 -0.00109894 -0.00109861 -0.00110556 -0.00110065 -0.00110108 -0.00110878 -0.00109582 -0.00109389 -0.00111031 -0.00109543 -0.00106898 -0.00107168 -0.00106588 -0.00102974 -0.000992003 -0.00095001 -0.000899186 -0.000830772 -0.000742356 -0.000635533 -0.000505109 -0.000347242 -0.000182033 2.42305e-05 0.000276301 0.000545694 0.000857722 0.0012252 0.00161413 0.00205119 0.00256421 0.00311527 0.00371358 0.00437426 0.00509293 0.00584456 0.00664851 0.00750773 0.00839448 0.00928956 0.0102106 0.0111291 0.0120262 0.0129066 0.0137338 0.0145267 0.0152432 0.0158589 0.0163966 0.0168389 0.0171398 0.0173328 0.017398 0.0173206 0.017115 0.0167329 0.0162259 0.0155732 0.0147564 0.0137905 0.0126838 0.0114348 0.0100415 0.0085031 0.00682635 0.00505584 0.0031579 0.00116998 -0.000890436 -0.00298696 -0.00506751 -0.00712067 -0.00906662 -0.010852 -0.0123946 -0.0136688 -0.0146372 -0.015285 -0.0156179 -0.0156403 -0.0154513 -0.0150844 -0.0146488 -0.0142105 -0.0138395 -0.0136523 -0.0136395 -0.0138498 -0.0142133 -0.0146845 -0.0152448 -0.015799 -0.0163466 -0.016785 
0 0.00235778 0.00468278 0.00691148 0.00899482 0.0108459 0.0123839 0.0135658 0.0143246 0.0146501 0.0145295 0.0139827 0.0131206 0.0120408 0.0108917 0.00976993 0.00873386 0.0078724 0.00721323 0.00678514 0.00655899 0.00645283 0.00641887 0.0063883 0.00627252 0.00601476 0.00552879 0.00480797 0.00386927 0.00266421 0.00124214 -0.000409814 -0.00222959 -0.0041698 -0.00624685 -0.00838411 -0.0105537 -0.0126916 -0.0147915 -0.0168118 -0.0187207 -0.0204721 -0.0220583 -0.0234861 -0.0246935 -0.0256851 -0.0264493 -0.0270105 -0.0273225 -0.0274263 -0.0273054 -0.0269972 -0.0265063 -0.0258041 -0.0249738 -0.0240131 -0.0229243 -0.0217392 -0.0205259 -0.0192305 -0.017929 -0.0166127 -0.0153194 -0.0140626 -0.0128479 -0.0116892 -0.0106052 -0.00958375 -0.00862084 -0.00776337 -0.0069695 -0.00626044 -0.00560074 -0.00503284 -0.00451315 -0.00406181 -0.00366139 -0.00334462 -0.00302826 -0.00276722 -0.00256159 -0.00239464 -0.00223446 -0.00211758 -0.00200728 -0.00193195 -0.0018815 -0.00182232 -0.00177095 -0.00175643 -0.00173392 -0.00170235 -0.00169855 -0.00168843 -0.00167275 -0.00167049 -0.00167108 -0.00165438 -0.00165966 -0.0016585 -0.00165013 -0.00164868 -0.00165689 -0.00164377 -0.00164852 -0.00165284 -0.00164525 -0.00164494 -0.00165889 -0.00164575 -0.00164164 -0.0016565 -0.00165094 -0.00163784 -0.00163549 -0.00162537 -0.00161034 -0.00160032 -0.00154579 -0.00150108 -0.00146489 -0.00139728 -0.00127645 -0.00117694 -0.00103526 -0.000867666 -0.000658252 -0.00043576 -0.000141499 0.000185703 0.000562698 0.000966821 0.00146789 0.00201675 0.00262385 0.00331484 0.00408126 0.00490238 0.0058104 0.00680343 0.00785603 0.00899835 0.0101664 0.0114099 0.0126886 0.0139823 0.0152796 0.0166094 0.0178789 0.019105 0.0202793 0.0213661 0.022354 0.0232074 0.0239478 0.0245288 0.0249493 0.0251656 0.0252159 0.0250713 0.0247115 0.0241386 0.0233709 0.0223978 0.0211952 0.01979 0.018158 0.0163586 0.0143348 0.0121061 0.00971569 0.00714177 0.00442997 0.00156003 -0.00141939 -0.00443755 -0.00746214 -0.0104289 -0.0132467 -0.0158285 -0.0180594 -0.0198873 -0.0212862 -0.0222008 -0.0226633 -0.0226902 -0.0223783 -0.0218518 -0.0211929 -0.0205529 -0.0200325 -0.0197509 -0.0197864 -0.0201112 -0.0206986 -0.0214593 -0.0223226 -0.0232315 -0.0240767 -0.0247924 
0 0.00307628 0.00608615 0.00899482 0.0116715 0.014052 0.0160121 0.0174752 0.0183973 0.0187114 0.0184468 0.0176184 0.0163606 0.0148344 0.0132002 0.0116128 0.0101509 0.00892304 0.00797631 0.00734832 0.00698931 0.00681914 0.00676469 0.0067203 0.00661799 0.00632246 0.00577734 0.00494928 0.00382299 0.00240739 0.000681317 -0.00131054 -0.00351369 -0.00588715 -0.00841263 -0.0110264 -0.0136902 -0.0163297 -0.0189236 -0.0214615 -0.0238419 -0.0260635 -0.0280881 -0.0298976 -0.0314721 -0.0327683 -0.0337952 -0.0345716 -0.0350553 -0.0352469 -0.03519 -0.034872 -0.0343181 -0.0335316 -0.0325575 -0.0314185 -0.030118 -0.0286856 -0.0271679 -0.0255855 -0.0239508 -0.0222965 -0.0206623 -0.0190548 -0.0174617 -0.0159515 -0.0145278 -0.0131627 -0.011896 -0.0107438 -0.00965964 -0.00867246 -0.00779809 -0.00700986 -0.00630066 -0.00567475 -0.0051259 -0.00464365 -0.00422206 -0.00387553 -0.00358015 -0.00330128 -0.00308164 -0.00292621 -0.00277296 -0.0026377 -0.00255368 -0.00247775 -0.00240899 -0.00237 -0.00233137 -0.002294 -0.00228206 -0.00226581 -0.00224273 -0.00223951 -0.00223524 -0.00221958 -0.0022197 -0.00222007 -0.00220834 -0.00220944 -0.00221367 -0.0022029 -0.00220427 -0.00221191 -0.00220297 -0.00220192 -0.00221091 -0.00220271 -0.00220126 -0.00220735 -0.00218988 -0.00217931 -0.00218578 -0.00215478 -0.00210889 -0.0020867 -0.00204234 -0.00195983 -0.00187014 -0.00176025 -0.00162106 -0.00145508 -0.00124919 -0.00100152 -0.000706663 -0.000364386 2.05825e-05 0.000477288 0.00101243 0.00159888 0.00227526 0.00304441 0.0038767 0.00480379 0.00585131 0.00697371 0.00818426 0.00949436 0.0108902 0.012346 0.0138681 0.0154604 0.017083 0.0187068 0.0203415 0.0219609 0.0235221 0.0250256 0.0264338 0.0277507 0.0289237 0.0299211 0.030763 0.0314197 0.0318405 0.0320462 0.0320248 0.0317543 0.0312391 0.0304368 0.0294029 0.028116 0.0265543 0.0247381 0.0226767 0.0203788 0.0178293 0.0150292 0.0119969 0.00877236 0.00533155 0.001711 -0.00205023 -0.00588336 -0.00970968 -0.0134772 -0.0170546 -0.0203278 -0.023157 -0.0254751 -0.0272225 -0.0283637 -0.0289112 -0.0288982 -0.0284739 -0.0277485 -0.0268963 -0.0260671 -0.0254088 -0.0250999 -0.0251787 -0.0256829 -0.0265173 -0.0275886 -0.028821 -0.0300735 -0.0312782 -0.0322814 
0 0.00371869 0.00736066 0.0108459 0.014052 0.0168646 0.019154 0.0208222 0.0217969 0.0220308 0.0215321 0.0203513 0.018643 0.0165996 0.0144301 0.0123133 0.0103695 0.00872318 0.00744568 0.00657197 0.00606094 0.0058139 0.00573836 0.00572054 0.00564392 0.00538445 0.00484468 0.00398779 0.00280294 0.00127131 -0.000598522 -0.00278099 -0.00521432 -0.00784939 -0.0106671 -0.0136024 -0.0165997 -0.019591 -0.0225484 -0.025435 -0.0281839 -0.0307554 -0.0331233 -0.0352703 -0.0371509 -0.0387354 -0.0400211 -0.0410149 -0.0416823 -0.0420336 -0.042083 -0.0418456 -0.0413306 -0.040536 -0.0395175 -0.0382949 -0.0368745 -0.0352934 -0.0336036 -0.0318051 -0.0299352 -0.0280196 -0.0260984 -0.0241896 -0.0223027 -0.0204775 -0.0187316 -0.0170574 -0.0154769 -0.0140192 -0.0126612 -0.0114162 -0.0102816 -0.00926269 -0.00834197 -0.00752353 -0.00680255 -0.0061783 -0.0056146 -0.0051333 -0.00472888 -0.00437626 -0.0040742 -0.00383276 -0.00361848 -0.00344503 -0.00331625 -0.00319981 -0.00310157 -0.0030397 -0.00298413 -0.0029322 -0.00290506 -0.00287984 -0.0028535 -0.00284215 -0.0028333 -0.00281649 -0.00281394 -0.00281071 -0.00280085 -0.00279919 -0.00280194 -0.00279279 -0.00279411 -0.0027977 -0.00279086 -0.00279025 -0.00279676 -0.00278591 -0.00277988 -0.00278247 -0.00276537 -0.00274254 -0.00272518 -0.0026873 -0.00263521 -0.00258079 -0.00249046 -0.00237939 -0.00225751 -0.00209626 -0.00188404 -0.00164926 -0.00136399 -0.00102403 -0.000623888 -0.000167277 0.000369369 0.000985514 0.00168573 0.00246271 0.00335631 0.00435168 0.0054402 0.00664397 0.00796462 0.00937524 0.0108883 0.0125047 0.0142033 0.0159732 0.0177894 0.0196617 0.0215533 0.0234336 0.0252992 0.0271391 0.0288928 0.0305528 0.0321006 0.0335118 0.0347514 0.0357907 0.0366367 0.037257 0.0376205 0.0377175 0.0375578 0.0371221 0.0363966 0.035374 0.0340819 0.0325096 0.030638 0.0284812 0.0260445 0.0233469 0.0203603 0.0170893 0.0135618 0.0097881 0.00577642 0.00154016 -0.00286705 -0.00736048 -0.0118645 -0.0162871 -0.0204894 -0.0243241 -0.0276349 -0.0303303 -0.0323454 -0.033635 -0.0342168 -0.0341485 -0.033581 -0.0326815 -0.0316335 -0.0306363 -0.0298769 -0.0295368 -0.0297048 -0.0303826 -0.0314867 -0.0328974 -0.0344947 -0.0361408 -0.0377001 -0.0390253 
0 0.00425782 0.00842478 0.0123839 0.0160121 0.019154 0.0216696 0.0234386 0.0243702 0.0244264 0.023605 0.021992 0.0197579 0.0171312 0.0143608 0.011654 0.00917779 0.00706892 0.00542511 0.00427902 0.00359535 0.00326901 0.00318488 0.00321951 0.00321998 0.00306093 0.00261897 0.00184387 0.000717978 -0.000790606 -0.00266319 -0.0048811 -0.00738317 -0.0101179 -0.0130549 -0.0161367 -0.0192951 -0.0224725 -0.0256327 -0.0287235 -0.0317009 -0.034503 -0.0371098 -0.039499 -0.0416196 -0.0434497 -0.0449778 -0.0461972 -0.0470834 -0.0476399 -0.0478649 -0.0477825 -0.0473909 -0.0466956 -0.0457413 -0.0445466 -0.0431223 -0.0415033 -0.0397367 -0.0378283 -0.0358193 -0.0337368 -0.0316162 -0.0294795 -0.0273527 -0.0252617 -0.0232336 -0.0212796 -0.0194125 -0.0176597 -0.0160207 -0.0145019 -0.0131025 -0.0118371 -0.010688 -0.00965613 -0.00873844 -0.00793548 -0.00721677 -0.00659245 -0.00605658 -0.00559514 -0.00519538 -0.00486128 -0.00457577 -0.00434096 -0.00415066 -0.00398871 -0.0038561 -0.00375759 -0.00367595 -0.00360666 -0.00355927 -0.0035206 -0.00348802 -0.00346593 -0.00345006 -0.00343274 -0.00342487 -0.00341738 -0.0034095 -0.00340517 -0.00340439 -0.00339809 -0.003398 -0.00339738 -0.00339273 -0.00339013 -0.00339009 -0.00337898 -0.0033677 -0.00335677 -0.00333298 -0.00329873 -0.00325688 -0.00319768 -0.00312143 -0.00302741 -0.00289656 -0.00274036 -0.00255734 -0.00232812 -0.00204211 -0.00171861 -0.00133295 -0.000877037 -0.000347098 0.000253547 0.000954386 0.00175078 0.00264615 0.00364624 0.00477417 0.00601343 0.00736677 0.008845 0.0104389 0.0121344 0.0139303 0.0158196 0.0177797 0.0198011 0.0218536 0.0239372 0.0260189 0.0280688 0.0300709 0.0320153 0.0338491 0.0355531 0.0371199 0.0385112 0.0397008 0.040666 0.0414017 0.0418819 0.0420911 0.042009 0.0416523 0.0410088 0.0400555 0.0388075 0.0372702 0.035443 0.0333122 0.0308824 0.0281593 0.0251546 0.0218402 0.0182176 0.0143124 0.0101212 0.0056673 0.000956586 -0.00394825 -0.00895676 -0.0139871 -0.0189175 -0.023602 -0.027863 -0.0315359 -0.0345031 -0.0366902 -0.0380512 -0.0386031 -0.0384324 -0.0376926 -0.0365958 -0.0353475 -0.034184 -0.0333312 -0.0329734 -0.0332321 -0.0340899 -0.0354641 -0.0372137 -0.0391793 -0.0412115 -0.0431236 -0.0447663 
0 0.00468335 0.00924261 0.0135658 0.0174752 0.0208222 0.0234386 0.025178 0.0259646 0.0257262 0.0244931 0.022368 0.0195341 0.0162713 0.0128414 0.00949825 0.0064501 0.00384691 0.00181049 0.000381024 -0.000488223 -0.000884922 -0.00095154 -0.000840899 -0.000694375 -0.000695909 -0.000943382 -0.00151962 -0.00247824 -0.00380662 -0.00554421 -0.00763303 -0.0100337 -0.0127072 -0.0155901 -0.0186454 -0.0218 -0.0250031 -0.0281988 -0.0313622 -0.0344139 -0.0373295 -0.0400724 -0.0425976 -0.0448958 -0.0469164 -0.0486555 -0.0500913 -0.0512199 -0.052 -0.0524696 -0.0526059 -0.0524122 -0.0519235 -0.0511312 -0.0500695 -0.0487564 -0.0472188 -0.0454663 -0.0435726 -0.0415194 -0.0393664 -0.0371405 -0.0348654 -0.0325583 -0.030271 -0.0280197 -0.0258163 -0.0237029 -0.0216803 -0.0197668 -0.0179617 -0.0163105 -0.0147762 -0.0133819 -0.0121152 -0.0109883 -0.00995843 -0.00906943 -0.00828772 -0.00760094 -0.00698626 -0.00647507 -0.00603804 -0.00566721 -0.00534121 -0.00507524 -0.00486026 -0.00468338 -0.00453191 -0.00441353 -0.00432271 -0.00424723 -0.00418966 -0.00414418 -0.00411034 -0.00408218 -0.00406503 -0.00404698 -0.00403685 -0.00402738 -0.00402273 -0.00401472 -0.00401347 -0.004008 -0.00400532 -0.00400062 -0.00399478 -0.00398179 -0.00397141 -0.00395395 -0.003921 -0.00387892 -0.0038298 -0.00376573 -0.00366901 -0.00354762 -0.00340241 -0.00323875 -0.00301274 -0.00274051 -0.00242426 -0.0020661 -0.00161655 -0.00110897 -0.000512347 0.000168491 0.000959464 0.00183275 0.00283747 0.00395802 0.00520911 0.00657177 0.00807531 0.00969386 0.0114277 0.0132846 0.0152424 0.0172782 0.019389 0.0215665 0.0237527 0.0259774 0.0281874 0.0303646 0.0324793 0.0345242 0.0364429 0.0382426 0.0398789 0.0413279 0.0425877 0.0436085 0.0443873 0.0449075 0.0451684 0.0451306 0.0448246 0.0442247 0.043338 0.0421635 0.040689 0.0389358 0.0368951 0.0345616 0.0319226 0.0290053 0.0257705 0.0222316 0.0183717 0.0141856 0.00971523 0.00492936 -0.000119056 -0.00537999 -0.010776 -0.0161841 -0.0214881 -0.0265168 -0.0310725 -0.0349869 -0.03812 -0.0403741 -0.0417253 -0.0421757 -0.0418384 -0.0408938 -0.0395491 -0.0380829 -0.0367295 -0.0357557 -0.0353746 -0.035678 -0.0366972 -0.0383037 -0.0403539 -0.0426745 -0.0450475 -0.0473066 -0.0492439 
0 0.00496635 0.00980443 0.0143246 0.0183973 0.0217969 0.0243702 0.0259646 0.0264558 0.025827 0.0240756 0.0213571 0.0178734 0.013916 0.00979758 0.00578816 0.00214579 -0.000964005 -0.00339277 -0.00511752 -0.00615115 -0.00660451 -0.00663304 -0.0063787 -0.00606556 -0.00581401 -0.00579318 -0.00608677 -0.00673316 -0.00779154 -0.00922815 -0.0110428 -0.0131933 -0.015633 -0.0183079 -0.0211839 -0.0241742 -0.0272494 -0.030357 -0.033416 -0.0364405 -0.039336 -0.0420982 -0.0446948 -0.0470759 -0.0492345 -0.0511434 -0.0527662 -0.0541023 -0.0551492 -0.0558634 -0.0562781 -0.0563654 -0.0561389 -0.0556017 -0.0547717 -0.0536629 -0.0523021 -0.0507167 -0.0489125 -0.0469365 -0.0448149 -0.0425684 -0.0402281 -0.0378615 -0.0354464 -0.0330271 -0.0306518 -0.0283197 -0.0260497 -0.0239002 -0.0218579 -0.0199209 -0.0181251 -0.0164693 -0.0149526 -0.0135756 -0.0123463 -0.0112408 -0.0102462 -0.00937156 -0.00863628 -0.00797828 -0.00738889 -0.00689946 -0.00649826 -0.00613867 -0.00584073 -0.00559609 -0.00539211 -0.00522814 -0.00509944 -0.00498553 -0.00490268 -0.00484145 -0.00478722 -0.00474517 -0.00472091 -0.00469511 -0.00467657 -0.0046674 -0.00465657 -0.0046449 -0.00464406 -0.00463611 -0.00462459 -0.00461856 -0.00460856 -0.00458488 -0.00456255 -0.00452536 -0.00447603 -0.00441963 -0.00433558 -0.00421147 -0.00408822 -0.00393462 -0.0037158 -0.00345143 -0.00316503 -0.00281377 -0.00239042 -0.00188796 -0.0013145 -0.000652647 0.000109151 0.000977339 0.00195447 0.00307316 0.00431035 0.00566058 0.00716001 0.00878971 0.010534 0.0124132 0.0144071 0.0164725 0.0186373 0.0208688 0.0231447 0.025444 0.027761 0.030045 0.0322814 0.034451 0.0365284 0.0384784 0.0402874 0.0419292 0.0433613 0.0446004 0.0455895 0.0463396 0.0468429 0.0470739 0.0470284 0.0467258 0.0461288 0.0452628 0.0441374 0.0427165 0.0410583 0.0391139 0.0369025 0.0344213 0.0316471 0.0285819 0.0252168 0.0215303 0.0175161 0.0131851 0.00850535 0.00353081 -0.00174804 -0.00725609 -0.0128994 -0.0185859 -0.02413 -0.0293827 -0.0341174 -0.0381601 -0.0413485 -0.0435839 -0.0448293 -0.0451041 -0.0445465 -0.0433152 -0.0416947 -0.0399378 -0.038347 -0.037212 -0.0367183 -0.0370359 -0.0381203 -0.0399003 -0.0421981 -0.044783 -0.0474772 -0.050002 -0.0522081 
0 0.00510922 0.0100515 0.0146501 0.0187114 0.0220308 0.0244264 0.0257262 0.025827 0.0246832 0.0223375 0.0189556 0.0147599 0.0100801 0.00524166 0.000555751 -0.00368029 -0.00728246 -0.0100958 -0.0120767 -0.013266 -0.0137434 -0.0136885 -0.0132823 -0.0127139 -0.01218 -0.0118049 -0.0117125 -0.0119856 -0.0126321 -0.0136863 -0.0151073 -0.0168783 -0.0189672 -0.0212971 -0.0238405 -0.0265322 -0.029342 -0.032202 -0.0350767 -0.0379221 -0.0407061 -0.0433973 -0.0459399 -0.0483343 -0.05055 -0.0525619 -0.0543324 -0.055875 -0.0571362 -0.0581295 -0.0588217 -0.0592012 -0.0593085 -0.0590927 -0.0585717 -0.057771 -0.0566957 -0.055329 -0.053751 -0.0519427 -0.0499579 -0.047808 -0.0455236 -0.0431425 -0.0406915 -0.0381964 -0.0356985 -0.0332302 -0.0307871 -0.0284201 -0.0261282 -0.0239676 -0.0219112 -0.0199975 -0.018222 -0.0165966 -0.0150858 -0.01376 -0.0125665 -0.0114914 -0.010535 -0.00971223 -0.00898429 -0.00836999 -0.00782674 -0.00735323 -0.0069702 -0.00665311 -0.00636648 -0.00613889 -0.00596409 -0.00580717 -0.00568706 -0.00559701 -0.00551969 -0.00545785 -0.00542279 -0.00538273 -0.00535647 -0.00534095 -0.00532617 -0.00530655 -0.00530397 -0.00528848 -0.0052718 -0.0052592 -0.00523579 -0.00519349 -0.00516088 -0.00510579 -0.00501566 -0.00492068 -0.00480522 -0.00464451 -0.00444812 -0.00421281 -0.00392032 -0.00359992 -0.00319593 -0.00270391 -0.00214963 -0.0015334 -0.000778185 6.56684e-05 0.00102749 0.00210965 0.00333476 0.00466564 0.00614953 0.00776526 0.00953052 0.0113933 0.0133835 0.0154834 0.0176657 0.0199224 0.0222514 0.0246044 0.0269634 0.029324 0.0316291 0.0339016 0.0360696 0.038125 0.0400502 0.0418146 0.0433633 0.044738 0.045883 0.0467842 0.0474475 0.0478469 0.0479975 0.0478739 0.0474939 0.0468549 0.045979 0.0448387 0.0434591 0.0418407 0.0399854 0.0378829 0.0355337 0.032943 0.0300806 0.0269551 0.0235126 0.0197704 0.0157009 0.0112754 0.00651767 0.00141227 -0.00398909 -0.009632 -0.015444 -0.0212765 -0.0269713 -0.0323394 -0.0371522 -0.0412318 -0.04439 -0.0465119 -0.0475752 -0.0475942 -0.0467231 -0.0451529 -0.0431524 -0.041051 -0.0391472 -0.0377569 -0.0371014 -0.0373033 -0.0383838 -0.040225 -0.0426533 -0.0454353 -0.0483115 -0.0510484 -0.0534299 
0 0.00510233 0.0100194 0.0145295 0.0184468 0.0215321 0.023605 0.0244931 0.0240756 0.0223375 0.0193223 0.0152272 0.0103024 0.00488652 -0.000664859 -0.00601266 -0.0108299 -0.0149066 -0.0180763 -0.0203048 -0.0216099 -0.0220879 -0.0219232 -0.0213024 -0.0204644 -0.019576 -0.0188039 -0.0182804 -0.0180878 -0.0182767 -0.0188434 -0.0197804 -0.0210775 -0.022702 -0.0245852 -0.0267013 -0.0289861 -0.0314223 -0.0339481 -0.036499 -0.0390836 -0.0416434 -0.0441604 -0.0465886 -0.0489091 -0.0511124 -0.0531629 -0.0550161 -0.0566831 -0.0581441 -0.0593626 -0.0603316 -0.0610264 -0.0614645 -0.0615982 -0.0614341 -0.0609875 -0.0602608 -0.059244 -0.057962 -0.0564324 -0.054683 -0.0527187 -0.0505735 -0.0483147 -0.0459221 -0.0434338 -0.0409083 -0.0383588 -0.0357917 -0.0332815 -0.0308251 -0.0284433 -0.0261536 -0.0239895 -0.0219589 -0.0200665 -0.0183165 -0.0167313 -0.015277 -0.0139625 -0.0128196 -0.0117983 -0.0108731 -0.0100859 -0.0094131 -0.00880952 -0.0083048 -0.00787934 -0.0075087 -0.00720496 -0.00696342 -0.00674635 -0.00657979 -0.00645142 -0.00634158 -0.00625267 -0.00619705 -0.00614088 -0.00610141 -0.00607567 -0.00605141 -0.00602417 -0.00601441 -0.00598967 -0.00596116 -0.00593567 -0.00589825 -0.00583476 -0.00577381 -0.00568316 -0.00556184 -0.00542491 -0.00524802 -0.00501009 -0.00475542 -0.00444685 -0.00404668 -0.00359183 -0.00307819 -0.00245721 -0.00174156 -0.000928715 1.32718e-05 0.00107056 0.00225317 0.00357311 0.00503963 0.00664444 0.00838235 0.0102394 0.0122402 0.0143348 0.0165263 0.0188174 0.021166 0.0235307 0.025941 0.0283442 0.0307091 0.0330244 0.0352644 0.0373957 0.0393788 0.0412079 0.0428686 0.0443234 0.0455447 0.0465547 0.0473104 0.0478183 0.0480614 0.0480605 0.0478232 0.0473253 0.046585 0.0456306 0.0444486 0.0430394 0.0414288 0.0396059 0.0376037 0.0353733 0.0329292 0.0302761 0.0273763 0.0242178 0.0207642 0.0170114 0.0129359 0.00850926 0.00371223 -0.00142433 -0.00688222 -0.0125956 -0.0184796 -0.0243975 -0.0301438 -0.035536 -0.0403337 -0.0443459 -0.0473754 -0.0492983 -0.0500882 -0.0497783 -0.0485305 -0.0465384 -0.0441093 -0.0415737 -0.0392784 -0.0375488 -0.0365996 -0.036589 -0.0375096 -0.039278 -0.0417031 -0.0445199 -0.047476 -0.0502821 -0.0527487 
0 0.00495064 0.00969244 0.0139827 0.0176184 0.0203513 0.021992 0.022368 0.0213571 0.0189556 0.0152272 0.0103907 0.00472395 -0.00142609 -0.00767842 -0.0136671 -0.0190402 -0.0235601 -0.0270612 -0.0295026 -0.0309023 -0.0313576 -0.0310567 -0.030206 -0.0290566 -0.0277856 -0.0265722 -0.0255667 -0.0248676 -0.0245404 -0.024578 -0.0249843 -0.0257551 -0.0268594 -0.0282346 -0.0298464 -0.0316518 -0.0336334 -0.0357376 -0.0379013 -0.0401375 -0.0423983 -0.0446606 -0.0468828 -0.0490479 -0.0511579 -0.0531707 -0.055048 -0.0567915 -0.0583888 -0.0597929 -0.0609907 -0.0619631 -0.0627172 -0.0632052 -0.0634158 -0.0633612 -0.0630274 -0.0624006 -0.0614887 -0.0603167 -0.058894 -0.0572207 -0.0553227 -0.0532601 -0.0510166 -0.0486296 -0.0461597 -0.0436186 -0.0410165 -0.0384144 -0.035832 -0.0332882 -0.0308109 -0.0284287 -0.0261626 -0.0240103 -0.021996 -0.0201461 -0.0184397 -0.0168725 -0.0154813 -0.0142292 -0.013102 -0.0121245 -0.011273 -0.0105102 -0.00986623 -0.00931811 -0.00883787 -0.0084361 -0.00810929 -0.00782327 -0.0075942 -0.00741299 -0.00725974 -0.00713673 -0.00704945 -0.00697134 -0.00691187 -0.00686998 -0.00683092 -0.00679271 -0.0067671 -0.0067293 -0.00668463 -0.00663852 -0.00657421 -0.00648359 -0.00638652 -0.00625223 -0.00607775 -0.00587986 -0.00563586 -0.00532033 -0.00496715 -0.00454682 -0.00403271 -0.00344578 -0.00277448 -0.0019745 -0.00107168 -5.59147e-05 0.00110422 0.0024025 0.00383154 0.00540815 0.00712603 0.00897775 0.0109521 0.0130449 0.0152544 0.0175352 0.0198799 0.0222911 0.0247225 0.0271365 0.0295517 0.0319131 0.034184 0.0363508 0.0383998 0.0402887 0.0419887 0.0434916 0.0447915 0.0458473 0.0466495 0.0472226 0.0475421 0.0476106 0.0474214 0.0470049 0.046365 0.0454881 0.044394 0.0431246 0.0416626 0.0400117 0.038194 0.0362084 0.0340763 0.0317497 0.0292423 0.0265569 0.0236577 0.0205109 0.0170858 0.0133674 0.0093278 0.0049291 0.000143492 -0.0049901 -0.010452 -0.0161763 -0.0220734 -0.0279938 -0.0337192 -0.0390514 -0.0437515 -0.0476145 -0.0504322 -0.0520757 -0.0525132 -0.0517974 -0.0500911 -0.0476035 -0.0446606 -0.0416116 -0.0388337 -0.0366589 -0.0353095 -0.0349481 -0.035574 -0.0371135 -0.0393702 -0.0420661 -0.044931 -0.0476654 -0.0500802 
0 0.00469538 0.00914717 0.0131206 0.0163606 0.018643 0.0197579 0.0195341 0.0178734 0.0147599 0.0103024 0.00472395 -0.00167301 -0.00853042 -0.0154512 -0.022046 -0.0279444 -0.0328784 -0.0366966 -0.0393258 -0.0408121 -0.0412326 -0.0407782 -0.0396977 -0.0382058 -0.0365466 -0.0348718 -0.0333587 -0.032142 -0.0312589 -0.0307483 -0.0305945 -0.0308083 -0.0313657 -0.0322103 -0.0332909 -0.0345963 -0.036095 -0.0377287 -0.0394771 -0.0412989 -0.0432069 -0.0451552 -0.0471025 -0.0490537 -0.0510003 -0.0529014 -0.0547278 -0.0564838 -0.0581314 -0.0596677 -0.0610343 -0.0622308 -0.0632572 -0.0640616 -0.064618 -0.064945 -0.0650184 -0.0647965 -0.0643105 -0.0635454 -0.0625116 -0.0612018 -0.0596465 -0.0578591 -0.055866 -0.0536797 -0.0513459 -0.048895 -0.0463449 -0.0437302 -0.0410866 -0.0384548 -0.0358363 -0.0332785 -0.0308071 -0.0284355 -0.0261637 -0.024053 -0.0220843 -0.020261 -0.0185919 -0.0170908 -0.0157336 -0.0145372 -0.0134691 -0.0125269 -0.0117143 -0.0110172 -0.0104009 -0.00988216 -0.00944801 -0.00907683 -0.00876676 -0.00851734 -0.00830761 -0.00813897 -0.00800743 -0.00789823 -0.0078103 -0.00774313 -0.00768197 -0.00762629 -0.00757602 -0.00751744 -0.00744885 -0.00737343 -0.00727148 -0.00714382 -0.00699573 -0.00680846 -0.00656683 -0.00629013 -0.00595627 -0.00555277 -0.00507553 -0.00451875 -0.0038615 -0.00312104 -0.00225305 -0.00125216 -0.000132712 0.00110774 0.00252158 0.00406806 0.00574998 0.00757648 0.00954818 0.0116197 0.013807 0.0160965 0.0184606 0.0208625 0.0233058 0.0257642 0.0281888 0.0305712 0.0328862 0.0350987 0.0371704 0.0390951 0.0408336 0.0423856 0.0436996 0.0447827 0.0456383 0.0462366 0.0465639 0.0466636 0.0465248 0.0461241 0.0455073 0.044675 0.043647 0.0424164 0.0410091 0.0394478 0.0377507 0.0358949 0.0339036 0.0318114 0.0295805 0.0272104 0.0246838 0.0220015 0.0191307 0.0160242 0.0126404 0.00897503 0.00498957 0.00062339 -0.00411296 -0.00923049 -0.0146608 -0.0203563 -0.0262307 -0.0320867 -0.037736 -0.0429326 -0.0474562 -0.051087 -0.0536071 -0.0548895 -0.0549001 -0.0537078 -0.0514698 -0.0484261 -0.0448906 -0.0412577 -0.0379062 -0.035173 -0.0333091 -0.0324402 -0.0326231 -0.0337616 -0.0356715 -0.0380879 -0.0406868 -0.0432182 -0.0454522 
0 0.00436353 0.00846902 0.0120408 0.0148344 0.0165996 0.0171312 0.0162713 0.013916 0.0100801 0.00488652 -0.00142609 -0.00853042 -0.016061 -0.0236127 -0.0307651 -0.0371513 -0.0424742 -0.0465693 -0.0493907 -0.0509355 -0.0513258 -0.0507354 -0.0494031 -0.0476096 -0.0455415 -0.0434217 -0.0414206 -0.0396647 -0.0382557 -0.0371854 -0.0364818 -0.0361503 -0.0361655 -0.0364804 -0.0370546 -0.0378588 -0.0388705 -0.0400564 -0.0413451 -0.042763 -0.0442783 -0.0458637 -0.0475068 -0.0491836 -0.0509004 -0.0526307 -0.0543412 -0.0560116 -0.0576689 -0.0592346 -0.0607059 -0.0620718 -0.0632945 -0.0643538 -0.065222 -0.0658841 -0.0663218 -0.0665293 -0.0664487 -0.0661205 -0.0655142 -0.0646211 -0.063448 -0.0620407 -0.0603712 -0.0584641 -0.0563696 -0.0540955 -0.0516655 -0.0491283 -0.0465304 -0.0438547 -0.0411692 -0.0384967 -0.0358723 -0.0332958 -0.0308392 -0.0284795 -0.0262415 -0.0241413 -0.0222298 -0.0204573 -0.0188349 -0.017373 -0.0160887 -0.0149362 -0.0139204 -0.0130321 -0.0122677 -0.0116059 -0.0110413 -0.0105579 -0.0101529 -0.00981631 -0.00953525 -0.00930384 -0.00911564 -0.00896225 -0.00883498 -0.00873035 -0.00863672 -0.00855239 -0.00846868 -0.00837775 -0.00827386 -0.0081541 -0.00800833 -0.00782987 -0.00761348 -0.00734808 -0.00703773 -0.00666511 -0.00621403 -0.0056773 -0.00507567 -0.00436476 -0.00352886 -0.00256622 -0.0015049 -0.000290424 0.00107342 0.00259223 0.00423476 0.00604051 0.00796936 0.010031 0.0122032 0.0144948 0.0168411 0.0192548 0.0217084 0.0241757 0.0266181 0.029036 0.0313795 0.0336019 0.0357122 0.0376723 0.0394409 0.0409987 0.0423653 0.0434645 0.0443194 0.0449272 0.0452857 0.045378 0.0452327 0.0448412 0.044228 0.0434008 0.0423498 0.0411421 0.0397647 0.038223 0.0365417 0.0347622 0.0328595 0.0308594 0.0287655 0.026586 0.0243312 0.0219447 0.019436 0.0167903 0.0139678 0.0109085 0.00759321 0.00398287 4.79207e-05 -0.00425098 -0.00896009 -0.0140165 -0.0194042 -0.0250526 -0.0308396 -0.0366109 -0.0421102 -0.0471193 -0.0514071 -0.0547298 -0.0568912 -0.0577467 -0.057265 -0.0555339 -0.0527051 -0.0490257 -0.0448411 -0.0405316 -0.0365164 -0.0331284 -0.0306077 -0.0291237 -0.028698 -0.029288 -0.0307014 -0.0326565 -0.0348718 -0.0370426 -0.0389957 
0 0.00401099 0.00773043 0.0108917 0.0132002 0.0144301 0.0143608 0.0128414 0.00979758 0.00524166 -0.000664859 -0.00767842 -0.0154512 -0.0236127 -0.0317394 -0.039411 -0.0462388 -0.0519073 -0.0562754 -0.0592433 -0.0608652 -0.0612261 -0.0605041 -0.0589848 -0.0568789 -0.0544698 -0.0519329 -0.049465 -0.0472363 -0.0453041 -0.0437291 -0.0425146 -0.0416731 -0.041185 -0.0410188 -0.0411016 -0.041447 -0.0420043 -0.0427306 -0.0436234 -0.0446165 -0.0457527 -0.0469758 -0.0482729 -0.049644 -0.0510886 -0.0525794 -0.0541064 -0.0556603 -0.0572106 -0.058761 -0.0602505 -0.0616896 -0.063042 -0.0642972 -0.0653992 -0.0663536 -0.0671275 -0.0676767 -0.068005 -0.0680924 -0.0679159 -0.0674649 -0.066752 -0.0657319 -0.0644581 -0.0629183 -0.0611332 -0.0591273 -0.0569392 -0.0545582 -0.052048 -0.0494419 -0.0467659 -0.0440499 -0.0413303 -0.0386362 -0.035983 -0.0334156 -0.0309652 -0.0286399 -0.0264212 -0.0243712 -0.0224953 -0.0207825 -0.0192123 -0.0178184 -0.0165755 -0.0154888 -0.0145261 -0.0136938 -0.0129697 -0.0123613 -0.0118308 -0.0113892 -0.0110131 -0.0107066 -0.0104416 -0.0102303 -0.0100447 -0.00989221 -0.0097493 -0.00962463 -0.00948932 -0.00935626 -0.00920139 -0.00902821 -0.00881258 -0.00857156 -0.00827363 -0.00792475 -0.00749938 -0.00700788 -0.00642852 -0.00576363 -0.00496381 -0.0040544 -0.00303171 -0.00187548 -0.000542462 0.000925469 0.00253339 0.0042842 0.00619192 0.00822928 0.0103851 0.012648 0.0150002 0.0174051 0.0198584 0.022352 0.0248157 0.0272433 0.0296088 0.0318745 0.0340009 0.0359995 0.0377955 0.0393932 0.0407594 0.0418846 0.0427535 0.0433781 0.0437301 0.0438247 0.0436749 0.0432675 0.0426283 0.0417716 0.0407317 0.039481 0.0380825 0.0365322 0.0348541 0.0330605 0.0311755 0.0292135 0.027197 0.0251109 0.0229539 0.0207742 0.0184957 0.0161449 0.0136791 0.0110814 0.0083273 0.00534097 0.00209296 -0.00144336 -0.00531115 -0.00956655 -0.0141944 -0.0192089 -0.0245191 -0.0300787 -0.0357719 -0.0413783 -0.0467082 -0.0514735 -0.0554695 -0.0584447 -0.0601829 -0.0605629 -0.0595383 -0.057211 -0.0537321 -0.0493729 -0.0444663 -0.0394317 -0.0346757 -0.030535 -0.0272802 -0.0250399 -0.0239041 -0.0238031 -0.0245702 -0.0259542 -0.0276267 -0.0293565 -0.0309259 
0 0.00366652 0.00702081 0.00976993 0.0116128 0.0123133 0.011654 0.00949825 0.00578816 0.000555751 -0.00601266 -0.0136671 -0.022046 -0.0307651 -0.039411 -0.0475315 -0.0547531 -0.0607471 -0.0653505 -0.0684904 -0.0701784 -0.0705382 -0.0697345 -0.0680387 -0.0657066 -0.0629857 -0.0601044 -0.0572523 -0.054596 -0.0522295 -0.0502016 -0.048536 -0.0472437 -0.046309 -0.0456995 -0.0453696 -0.0452998 -0.0454483 -0.0457881 -0.0462832 -0.0469088 -0.0476741 -0.0485379 -0.0495088 -0.050573 -0.0517189 -0.0529491 -0.0542459 -0.0555911 -0.056999 -0.0584327 -0.0598762 -0.0613299 -0.0627329 -0.0640898 -0.0653636 -0.0665226 -0.0675493 -0.0684252 -0.0691015 -0.0695749 -0.069807 -0.0697868 -0.0695061 -0.0689442 -0.0681105 -0.0669915 -0.0655963 -0.0639367 -0.0620401 -0.0599211 -0.0576309 -0.0551604 -0.052571 -0.0498904 -0.0471477 -0.0443798 -0.0416428 -0.0389192 -0.0362601 -0.0337034 -0.0312656 -0.0289595 -0.026802 -0.0247911 -0.0229593 -0.0213082 -0.019806 -0.018465 -0.0172899 -0.0162573 -0.0153498 -0.0145729 -0.0138993 -0.0133257 -0.0128368 -0.0124255 -0.0120702 -0.0117759 -0.0115181 -0.0112945 -0.0110885 -0.0109002 -0.010704 -0.0105051 -0.0102838 -0.0100353 -0.00974557 -0.00941449 -0.00901228 -0.008548 -0.0080109 -0.00737245 -0.00662088 -0.00577061 -0.00479311 -0.00367231 -0.00240833 -0.000987007 0.00057442 0.00227609 0.00414296 0.00615977 0.00827477 0.0105154 0.0128514 0.0152561 0.017714 0.0202137 0.0226901 0.0251434 0.0275281 0.0298302 0.0320057 0.034028 0.0358628 0.0374936 0.038884 0.0400401 0.0409388 0.0415659 0.0419366 0.0420262 0.0418574 0.0414449 0.0407895 0.0399081 0.0388365 0.0375549 0.0361183 0.0345298 0.032808 0.0309956 0.029096 0.0271247 0.0251092 0.0230523 0.020961 0.0188472 0.0166941 0.0145227 0.012297 0.00999998 0.0076073 0.00508781 0.00240494 -0.000501527 -0.00366428 -0.00712342 -0.0109187 -0.0150887 -0.0196476 -0.0245697 -0.0297938 -0.0352517 -0.0407938 -0.0462323 -0.0513252 -0.05581 -0.0594648 -0.0620236 -0.0632991 -0.06315 -0.0615474 -0.0585918 -0.0544361 -0.0493657 -0.043722 -0.0379235 -0.0323871 -0.0274473 -0.0233714 -0.0203148 -0.018357 -0.0174654 -0.0174832 -0.0181648 -0.0192214 -0.0204036 -0.0215342 
0 0.00334744 0.00636297 0.00873386 0.0101509 0.0103695 0.00917779 0.0064501 0.00214579 -0.00368029 -0.0108299 -0.0190402 -0.0279444 -0.0371513 -0.0462388 -0.0547531 -0.062318 -0.0686026 -0.0734338 -0.076732 -0.0785125 -0.0789005 -0.0780617 -0.076264 -0.0737605 -0.0708114 -0.0676574 -0.0644936 -0.0614962 -0.0587678 -0.0563748 -0.054349 -0.0526933 -0.051394 -0.0504233 -0.049738 -0.0493164 -0.0491118 -0.0491041 -0.0492688 -0.0495711 -0.0500141 -0.0505616 -0.0512245 -0.05199 -0.0528442 -0.0537984 -0.054849 -0.0559789 -0.0571925 -0.0584677 -0.0597974 -0.0611782 -0.0625555 -0.0639455 -0.0653098 -0.0666112 -0.0678258 -0.0689321 -0.069893 -0.0706924 -0.0712874 -0.0716735 -0.0718265 -0.0716974 -0.0713066 -0.0706372 -0.0696764 -0.0684303 -0.0669207 -0.0651382 -0.0631245 -0.0608866 -0.0584839 -0.0559304 -0.0532523 -0.0504972 -0.0477117 -0.0448937 -0.0421143 -0.0393982 -0.036739 -0.0341884 -0.031786 -0.029514 -0.0273957 -0.0254595 -0.0236839 -0.0220829 -0.0206571 -0.0193894 -0.0182663 -0.0172972 -0.0164483 -0.0157163 -0.0150844 -0.0145465 -0.014076 -0.0136762 -0.0133203 -0.0130068 -0.0127136 -0.0124404 -0.01216 -0.011877 -0.0115666 -0.0112231 -0.0108299 -0.0103883 -0.00986303 -0.00925938 -0.00856148 -0.00774953 -0.00681391 -0.00575777 -0.00454072 -0.00317712 -0.0016804 -1.37924e-05 0.0018145 0.00376548 0.00585571 0.00807767 0.0103798 0.0127782 0.0152434 0.0177315 0.020219 0.0226972 0.0251106 0.0274476 0.0296531 0.0317166 0.0335942 0.035257 0.0366921 0.0378948 0.0388127 0.0394659 0.0398498 0.0399491 0.0397867 0.0393643 0.0387006 0.0378077 0.0366931 0.0353835 0.0339196 0.0322849 0.0305372 0.028688 0.0267523 0.024758 0.0227154 0.0206462 0.0185695 0.01648 0.01439 0.012306 0.0102024 0.0080895 0.00592991 0.0037153 0.00141391 -0.00101378 -0.00359937 -0.0064012 -0.0094589 -0.0128184 -0.0165239 -0.0206027 -0.0250641 -0.0298856 -0.0349957 -0.0403139 -0.0456771 -0.0508902 -0.0557124 -0.0598729 -0.0631418 -0.0652552 -0.0660282 -0.0653276 -0.0631265 -0.0595245 -0.0546843 -0.0488984 -0.0425169 -0.0359577 -0.0296342 -0.023881 -0.0189654 -0.0150518 -0.012229 -0.010481 -0.00967209 -0.00957839 -0.00993608 -0.0105144 -0.0111542 
0 0.00308692 0.00582063 0.0078724 0.00892304 0.00872318 0.00706892 0.00384691 -0.000964005 -0.00728246 -0.0149066 -0.0235601 -0.0328784 -0.0424742 -0.0519073 -0.0607471 -0.0686026 -0.0751473 -0.0802082 -0.0836723 -0.0855842 -0.0860426 -0.0852217 -0.083393 -0.0807777 -0.0776814 -0.0743315 -0.0709389 -0.0676925 -0.0646847 -0.0620146 -0.0597119 -0.057777 -0.0561943 -0.0549521 -0.0539952 -0.0533125 -0.0528448 -0.0525608 -0.0524718 -0.0525057 -0.0526806 -0.0529634 -0.0533638 -0.053873 -0.0544748 -0.0551731 -0.0559775 -0.0568881 -0.0578732 -0.0589613 -0.0601336 -0.0613875 -0.0626774 -0.0640243 -0.0653879 -0.0667444 -0.0680703 -0.0693278 -0.070514 -0.0715725 -0.0724693 -0.0731968 -0.0737422 -0.0740182 -0.0740673 -0.0738555 -0.0733483 -0.0725436 -0.0714684 -0.0700972 -0.0684462 -0.0665395 -0.064408 -0.0620688 -0.0595412 -0.0569005 -0.0541544 -0.0513267 -0.04848 -0.0456628 -0.0428444 -0.0401098 -0.0374841 -0.0349696 -0.0325775 -0.0303683 -0.0283103 -0.0264313 -0.0247267 -0.0232022 -0.0218339 -0.020639 -0.01958 -0.0186607 -0.0178543 -0.0171603 -0.0165458 -0.016013 -0.0155313 -0.0151022 -0.0146951 -0.0143114 -0.0139214 -0.0135283 -0.0131011 -0.0126392 -0.0121151 -0.0115316 -0.0108501 -0.0100811 -0.00919112 -0.00817372 -0.00701485 -0.00572942 -0.00426055 -0.0026464 -0.000892414 0.00101654 0.00308933 0.00525356 0.00754312 0.0099314 0.0123795 0.0148625 0.0173803 0.0198699 0.022314 0.0246795 0.0269342 0.0290413 0.0309578 0.0326821 0.0341766 0.0354043 0.0363653 0.0370782 0.0374722 0.0375988 0.037462 0.0370522 0.036371 0.0354718 0.0343448 0.0330168 0.0315086 0.0298507 0.0280747 0.0261773 0.0242073 0.022174 0.0201184 0.0180238 0.015929 0.0138477 0.0117845 0.0097228 0.00769116 0.00567985 0.00366563 0.00166127 -0.000394777 -0.00247672 -0.00464958 -0.00695471 -0.00941643 -0.0120941 -0.0150313 -0.0182745 -0.0218692 -0.0258412 -0.0301746 -0.0348798 -0.0398519 -0.0450028 -0.0501672 -0.0551141 -0.0596358 -0.0634305 -0.0662697 -0.0679057 -0.0681442 -0.0668816 -0.0640819 -0.0598467 -0.0543505 -0.0478865 -0.0408088 -0.0335309 -0.0264504 -0.0199019 -0.0141562 -0.00937467 -0.0056709 -0.00303203 -0.00135334 -0.000446661 -6.32553e-05 -1.8716e-05 -0.000154004 
0 0.00289038 0.00541007 0.00721323 0.00797631 0.00744568 0.00542511 0.00181049 -0.00339277 -0.0100958 -0.0180763 -0.0270612 -0.0366966 -0.0465693 -0.0562754 -0.0653505 -0.0734338 -0.0802082 -0.0854531 -0.0891139 -0.0911569 -0.0917288 -0.0909964 -0.0891736 -0.0865525 -0.0833644 -0.0799024 -0.0763721 -0.0729419 -0.0697521 -0.0668865 -0.0643937 -0.0622707 -0.0605078 -0.0590641 -0.0579465 -0.0570787 -0.056425 -0.0559742 -0.0556797 -0.0555443 -0.0555167 -0.055595 -0.0557901 -0.0560981 -0.0564768 -0.0569654 -0.0575637 -0.0582511 -0.059051 -0.0599289 -0.0609252 -0.062019 -0.0631812 -0.0644097 -0.0657269 -0.0670633 -0.068406 -0.0697588 -0.071072 -0.0723128 -0.0734452 -0.0744652 -0.0753135 -0.0759768 -0.076418 -0.0766317 -0.0765736 -0.0762406 -0.0756075 -0.0746937 -0.0734845 -0.0719716 -0.0701952 -0.0681723 -0.0659056 -0.0634457 -0.0608523 -0.0581103 -0.055282 -0.0524098 -0.0495345 -0.0466731 -0.0438751 -0.0411387 -0.0385317 -0.0360604 -0.0337359 -0.0315613 -0.0295835 -0.0277747 -0.0261455 -0.0246817 -0.0233918 -0.0222431 -0.021237 -0.0203433 -0.0195609 -0.0188548 -0.0182246 -0.0176404 -0.017097 -0.0165641 -0.0160432 -0.0155001 -0.0149315 -0.0143085 -0.0136315 -0.012861 -0.0119937 -0.0110091 -0.00991021 -0.00864906 -0.00724429 -0.00568675 -0.00398238 -0.00211126 -0.000104053 0.00205391 0.00430753 0.00665954 0.00910701 0.0116187 0.0141177 0.0166337 0.019123 0.021522 0.0238143 0.0259891 0.027973 0.0297403 0.0312938 0.0325936 0.0336188 0.0343543 0.0348199 0.0349849 0.0348683 0.0344723 0.0338285 0.0329256 0.031798 0.0304523 0.0289405 0.0272664 0.0254381 0.0235261 0.0215388 0.019473 0.017371 0.0152817 0.0131683 0.0110801 0.00900953 0.00697874 0.00499334 0.00302805 0.00109916 -0.000783047 -0.00264645 -0.00452975 -0.0064104 -0.00834763 -0.0103579 -0.0124999 -0.0148214 -0.0173411 -0.0201317 -0.0232412 -0.0267084 -0.030536 -0.0347456 -0.0392844 -0.0441009 -0.0490589 -0.0539643 -0.0586449 -0.0628098 -0.0662288 -0.0686273 -0.0697646 -0.069495 -0.0676752 -0.0643138 -0.0594857 -0.053378 -0.046293 -0.0385775 -0.0306361 -0.0228526 -0.0155589 -0.00901505 -0.003408 0.00116607 0.00468367 0.00722858 0.00896537 0.0100757 0.0107512 0.0110986 
